#Ack,ack_ewma(ms),send_ewma(ms),rtt_ratio,cwnd (Bytes),Last Router Ocupation Ack Arriaval(Packets),Last Router Ocupation Packet Sent(Packets),Network Situation,AckArrival(ms),TSInsideAck(ms),RTTAck(ms)
4381,4,0,467,16060,1,0.89,2,80923,80456,467
134321,10,7,494,81760,0,1,1,82838,82344,494
137241,10,6.2,498,83220,0,1,1,82848,82350,498
140161,9.2,1.24,507,84680,0,1,1,82857,82350,507
143081,10.64,5.048,512,86140,0.04,1,1,82868,82356,512
146001,8.528,7.4096,512,87600,0.016,1,1,82876,82364,512
148921,5.7056,1.48192,517,89060,0.0272,1,1,82881,82364,517
151841,8.34112,5.89638,519,90520,0.01344,1,1,82890,82371,519
154761,10.4682,9.17928,520,91980,0.042688,1,1,82901,82381,520
157681,10.8936,1.83586,531,93440,0.0485376,1,1,82912,82381,531
159141,8.57873,6.76717,531,94900,0.00970752,1,1,82920,82389,531
256961,344.116,431.753,421,44880,0.601941,0.79,1,83348,82927,421
259881,87.2231,99.9507,427,46036,0.512388,0.02,1,83371,82944,427
262801,27.8446,30.3901,427,46082,0.334478,0,1,83384,82957,427
265721,15.1689,15.678,427,46128,0.138896,0.01,1,83396,82969,427
268641,60.6338,11.9356,488,46174,0.0277791,0.01,1,83468,82980,488
271561,28.9268,63.9871,432,46220,0.00555582,0.01,1,83489,83057,432
274481,21.7854,29.5974,431,46266,0.00111116,0.52,1,83509,83078,431
277401,146.757,138.719,443,46312,0.000222233,0.34,1,83687,83244,443
280321,30.9514,39.7439,430,46358,4.44466e-05,0.17,1,83689,83259,430
283241,41.3903,16.7488,463,46403,0.0400089,0.83,1,83733,83270,463
286161,9.87806,11.3498,455,46448,0.0480018,0.55,1,83735,83280,455
288081,2.77561,15.87,439,46493,0.0656004,0.3,1,83736,83297,439
290161,3.75512,15.174,428,46538,0.0691201,0.63,1,83740,83312,428
293081,48.751,39.0348,443,46583,0.021824,0.63,1,83800,83357,443
296001,11.3502,7.80696,445,46628,0.0123648,0.63,1,83802,83357,445
298921,3.87004,1.56139,447,46673,0.010473,0.63,1,83804,83357,447
301841,2.37401,0.312278,449,46718,0.0100946,0.49,1,83806,83357,449
304761,2.0748,11.2625,437,46763,0.0100189,0.29,1,83808,83371,437
307681,2.01496,12.6525,426,46808,0.00200378,0.09,1,83810,83384,426
310601,6.80299,12.1305,422,46853,0.0244008,0,1,83818,83396,422
313521,58.9606,60.0261,422,46898,0.00488015,0,1,83890,83468,422
316441,28.5921,28.8052,422,46943,0.00097603,0,1,83911,83489,422
319361,21.7184,21.761,422,46988,0.000195206,0,1,83931,83509,422
322281,146.744,146.752,422,47033,3.90412e-05,0,1,84109,83687,422
325201,30.9487,29.3504,424,47078,7.80824e-06,0,1,84111,83687,424
328121,42.1897,7.47009,467,47123,0.00800156,0.05,1,84156,83689,467
331041,10.0379,36.694,425,47168,0.00960031,0.05,1,84158,83733,425
333961,3.60759,8.9388,425,47213,0.00992006,0.07,1,84160,83735,425
336881,49.5215,5.78776,481,47258,0.041984,0.01,1,84221,83740,481
339801,11.5043,49.1576,423,47303,0.0483968,0.01,1,84223,83800,423
342721,3.90086,11.4315,423,47348,0.0496794,0.01,1,84225,83802,423
345641,2.38017,3.8863,423,47393,0.0499359,0.01,1,84227,83804,423
348561,2.07603,2.37726,423,47437,0.0179872,0.01,1,84229,83806,423
351481,2.01521,2.07545,423,47481,0.00359743,0,1,84231,83808,423
354401,2.00304,2.01509,423,47525,0.00871949,0.03,1,84233,83810,423
357321,6.00061,6.80302,422,47569,0.0257439,0,1,84240,83818,422
360241,58.8001,58.9606,422,47613,0.00514878,0,1,84312,83890,422
363161,28.56,28.5921,422,47657,0.00102976,0,1,84333,83911,422
366081,21.712,21.7184,422,47701,0.000205951,0,1,84353,83931,422
369001,146.742,146.744,422,47745,4.11902e-05,0,1,84531,84109,422
371921,30.9485,30.9487,422,47789,8.23805e-06,0.01,1,84533,84111,422
374841,42.1897,42.1897,422,47833,0.0240016,0.01,1,84578,84156,422
377761,10.0379,10.0379,422,47877,0.0288003,0.01,1,84580,84158,422
380681,3.60759,3.60759,422,47921,0.0297601,0.05,1,84582,84160,422
383601,49.5215,49.5215,422,47965,0.029952,0.05,1,84643,84221,422
386521,11.5043,11.5043,422,48009,0.0299904,0.05,1,84645,84223,422
389441,3.90086,3.90086,422,48053,0.0299981,0.05,1,84647,84225,422
392361,2.38017,2.38017,422,48097,0.0299996,0.01,1,84649,84227,422
395281,2.07603,2.07603,422,48141,0.00599992,0,1,84651,84229,422
398201,2.01521,2.01521,422,48185,0.00119998,0.01,1,84653,84231,422
401121,2.00304,2.00304,422,48229,0.00824,0.03,1,84655,84233,422
404041,6.00061,6.00061,422,48273,0.041648,0,1,84662,84240,422
406961,58.8001,58.8001,422,48317,0.0083296,0,1,84734,84312,422
409881,28.56,28.56,422,48361,0.00166592,0,1,84755,84333,422
412801,21.712,21.712,422,48405,0.000333184,0,1,84775,84353,422
415721,146.742,146.742,422,48449,6.66368e-05,0,1,84953,84531,422
418641,30.9485,30.9485,422,48492,1.33274e-05,0.03,1,84955,84533,422
421561,42.9897,42.1897,423,48535,0.00800267,0.03,1,85001,84578,423
424481,10.1979,10.0379,423,48578,0.00960053,0.03,1,85003,84580,423
427401,3.63959,3.60759,423,48621,0.00992011,0.03,1,85005,84582,423
430321,48.7279,49.5215,422,48664,0.041984,0.03,1,85065,84643,422
433241,11.3456,11.5043,422,48707,0.0483968,0.03,1,85067,84645,422
436161,3.86912,3.90086,422,48750,0.0496794,0.03,1,85069,84647,422
439081,2.37382,2.38017,422,48793,0.0499359,0,1,85071,84649,422
442001,2.07476,2.07603,422,48836,0.0179872,0,1,85073,84651,422
444921,2.01495,0.415207,424,48879,0.00359743,0,1,85075,84651,424
447841,2.00299,1.68304,424,48922,0.00871949,0.01,1,85077,84653,424
450761,5.2006,1.93661,428,48965,0.0097439,0.05,1,85083,84655,428
453681,58.6401,5.98732,493,49008,0.00194878,0,1,85155,84662,493
456601,28.528,58.7975,442,49051,0.000389756,0,1,85176,84734,442
459521,21.7056,28.5595,441,49094,7.79512e-05,0,1,85196,84755,441
462441,146.741,21.7119,599,49137,1.55902e-05,0,1,85374,84775,599
465361,30.9482,146.742,423,49180,3.11805e-06,0,1,85376,84953,423
468281,42.9896,30.9485,467,49223,0.0240006,0.01,1,85422,84955,467
471201,10.1979,42.9897,423,49266,0.0448001,0.01,1,85424,85001,423
474121,3.63959,10.1979,423,49309,0.04896,0.01,1,85426,85003,423
477041,48.7279,3.63959,481,49352,0.033792,0.05,1,85486,85005,481
479961,11.3456,48.7279,423,49395,0.0307584,0.05,1,85488,85065,423
482881,3.86912,11.3456,423,49438,0.0301517,0.05,1,85490,85067,423
485801,2.37382,3.86912,423,49481,0.0300303,0.05,1,85492,85069,423
488721,2.07476,2.37382,423,49524,0.0300061,0.01,1,85494,85071,423
491641,2.01495,2.07476,423,49567,0.00600121,0,1,85496,85073,423
494561,2.00299,2.01495,423,49610,0.00920024,0.01,1,85498,85075,423
497481,5.2006,2.00299,427,49652,0.00984005,0.01,1,85504,85077,427
500401,58.6401,5.2006,493,49694,0.00196801,0,1,85576,85083,493
503321,28.528,58.6401,442,49736,0.000393602,0,1,85597,85155,442
506241,21.7056,28.528,441,49778,7.87204e-05,0,1,85617,85176,441
509161,146.741,21.7056,599,49820,1.57441e-05,0,1,85795,85196,599
512081,30.9482,146.741,423,49862,3.14881e-06,0,1,85797,85374,423
515001,44.5896,30.9482,469,49904,0.00800063,0.03,1,85845,85376,469
517921,10.5179,42.9896,425,49946,0.00960013,0.05,1,85847,85422,425
520841,3.70359,10.1979,425,49988,0.00992003,0.05,1,85849,85424,425
523761,47.1407,3.63959,481,50030,0.041984,0.03,1,85907,85426,481
526681,11.0281,48.7279,423,50072,0.0483968,0.03,1,85909,85486,423
529601,3.80563,11.3456,423,50114,0.0496794,0.03,1,85911,85488,423
532521,2.36113,3.86912,423,50156,0.0499359,0.03,1,85913,85490,423
535441,2.07223,2.37382,423,50198,0.0499872,0.03,1,85915,85492,423
538361,2.01445,2.07476,423,50240,0.0499974,0,1,85917,85494,423
541281,2.80289,2.01495,424,50282,0.0659995,0.01,1,85920,85496,424
544201,2.16058,2.00299,424,50324,0.0691999,0.01,1,85922,85498,424
547121,3.63212,5.2006,422,50366,0.06984,0,1,85926,85504,422
550041,58.3264,58.6401,422,50408,0.013968,0,1,85998,85576,422
552961,28.4653,28.528,422,50450,0.0027936,0,1,86019,85597,422
555881,21.6931,21.7056,422,50492,0.00055872,0,1,86039,85617,422
558801,146.739,146.741,422,50534,0.000111744,0,1,86217,85795,422
561721,30.9477,30.9482,422,50576,2.23488e-05,0.01,1,86219,85797,422
564641,44.5895,44.5896,422,50618,0.00800447,0.01,1,86267,85845,422
567561,10.5179,10.5179,422,50660,0.00960089,0.01,1,86269,85847,422
570481,3.70358,3.70359,422,50702,0.0259202,0.05,1,86271,85849,422
573401,48.7407,47.1407,424,50744,0.029184,0.05,1,86331,85907,424
576321,11.3481,11.0281,424,50786,0.0298368,0.05,1,86333,85909,424
579241,3.86963,3.80563,424,50827,0.0299674,0.05,1,86335,85911,424
582161,2.37393,2.36113,424,50868,0.0299935,0.05,1,86337,85913,424
585081,2.07479,2.07223,424,50909,0.0299987,0.05,1,86339,85915,424
588001,2.01496,2.01445,424,50950,0.00599974,0.07,1,86341,85917,424
590921,2.00299,2.80289,423,50991,0.00919995,0.07,1,86343,85920,423
593841,2.0006,2.16058,423,51032,0.00983999,0.07,1,86345,85922,423
596761,2.80012,3.63212,422,51073,0.025968,0,1,86348,85926,422
599681,58.16,58.3264,422,51114,0.0051936,0,1,86420,85998,422
602601,28.432,28.4653,422,51155,0.00103872,0,1,86441,86019,422
605521,21.6864,21.6931,422,51196,0.000207744,0,1,86461,86039,422
608441,146.737,146.739,422,51237,0.00804155,0,1,86639,86217,422
611361,30.9475,30.9477,422,51278,0.00160831,0.01,1,86641,86219,422
614281,45.3895,44.5895,423,51319,0.00832166,0.01,1,86690,86267,423
617201,10.6779,10.5179,423,51360,0.00966433,0.03,1,86692,86269,423
620121,3.73558,3.70358,423,51401,0.00993287,0.03,1,86694,86271,423
623041,47.9471,48.7407,422,51442,0.0419866,0.03,1,86753,86331,422
625961,11.1894,11.3481,422,51483,0.0483973,0.03,1,86755,86333,422
628881,3.83788,3.86963,422,51524,0.0496795,0.03,1,86757,86335,422
631801,2.36758,2.37393,422,51565,0.0499359,0.03,1,86759,86337,422
634721,2.07352,2.07479,422,51606,0.0499872,0,1,86761,86339,422
637641,2.0147,2.01496,422,51647,0.0179974,0.01,1,86763,86341,422
640561,2.00294,2.00299,422,51688,0.0115995,0.01,1,86765,86343,422
643481,2.00059,2.0006,422,51729,0.0103199,0.03,1,86767,86345,422
646401,2.80012,2.80012,422,51770,0.026064,0.03,1,86770,86348,422
649321,57.36,0.560024,493,51811,0.0052128,0,1,86841,86348,493
652241,28.272,57.712,442,51852,0.00104256,0,1,86862,86420,442
655161,21.6544,28.3424,441,51893,0.000208512,0,1,86882,86441,441
658081,146.731,21.6685,599,51934,0.0080417,0.01,1,87060,86461,599
661001,30.9462,146.734,423,51975,0.00160834,0,1,87062,86639,423
663921,45.3892,30.9467,470,52016,0.0243217,0.01,1,87111,86641,470
666841,10.6778,45.3893,423,52056,0.0288643,0.01,1,87113,86690,423
669761,3.73557,10.6779,423,52096,0.0297729,0.01,1,87115,86692,423
672681,47.9471,3.73557,480,52136,0.0299546,0.05,1,87174,86694,480
675601,11.1894,47.9471,423,52176,0.0299909,0.05,1,87176,86753,423
678521,3.83788,11.1894,423,52216,0.0299982,0.05,1,87178,86755,423
681441,2.36758,3.83788,423,52256,0.0299996,0.05,1,87180,86757,423
684361,2.07352,2.36758,423,52296,0.0299999,0.05,1,87182,86759,423
687281,2.0147,2.07352,423,52336,0.03,0.01,1,87184,86761,423
690201,2.00294,2.0147,423,52376,0.03,0.01,1,87186,86763,423
693121,2.00059,2.00294,423,52416,0.03,0.01,1,87188,86765,423
696041,2.80012,2.00059,424,52456,0.046,0.03,1,87191,86767,424
698961,57.36,2.80012,492,52496,0.0092,0,1,87262,86770,492
701881,28.272,57.36,442,52536,0.00184,0,1,87283,86841,442
704801,21.6544,28.272,441,52576,0.000368,0,1,87303,86862,441
707721,146.731,21.6544,599,52616,0.0240736,0.01,1,87481,86882,599
710641,30.9462,146.731,423,52656,0.00481472,0,1,87483,87060,423
713561,46.9892,30.9462,472,52696,0.00896294,0.03,1,87534,87062,472
716481,10.9978,45.3892,425,52736,0.00979259,0.03,1,87536,87111,425
719401,3.79957,10.6778,425,52776,0.00995852,0.03,1,87538,87113,425
722321,47.1599,3.73557,481,52816,0.0579917,0.03,1,87596,87115,481
725241,11.032,47.9471,424,52856,0.0675983,0.03,1,87598,87174,424
728161,3.8064,11.1894,424,52896,0.0695197,0.03,1,87600,87176,424
731081,2.36128,3.83788,424,52936,0.0699039,0.03,1,87602,87178,424
734001,2.07226,2.36758,424,52976,0.0699808,0.03,1,87604,87180,424
736921,2.01445,2.07352,424,53016,0.0699962,0.03,1,87606,87182,424
739841,2.00289,2.0147,424,53056,0.0699992,0.03,1,87608,87184,424
742761,2.00058,2.00294,424,53096,0.0699998,0.03,1,87610,87186,424
745681,2.80012,2.00059,425,53136,0.086,0.05,1,87613,87188,425
748601,56.56,2.80012,492,53176,0.0172,0,1,87683,87191,492
751521,28.112,57.36,442,53216,0.00344,0,1,87704,87262,442
754441,7.2224,28.272,423,53256,0.000688,0,1,87706,87283,423
757361,16.6445,21.6544,422,53296,0.0001376,0.03,1,87725,87303,422
760281,145.729,146.731,422,53335,0.0240275,0,1,87903,87481,422
763201,30.7458,30.9462,422,53374,0.0048055,0.01,1,87905,87483,422
766121,46.9492,46.9892,422,53413,0.0089611,0.01,1,87956,87534,422
769041,10.9898,10.9978,422,53452,0.00979222,0.01,1,87958,87536,422
771961,3.79797,3.79957,422,53491,0.00995844,0.07,1,87960,87538,422
774881,49.5596,47.1599,425,53530,0.0259917,0.07,1,88021,87596,425
777801,11.5119,11.032,425,53569,0.0291983,0.07,1,88023,87598,425
780721,3.90238,3.8064,425,53608,0.0298397,0.07,1,88025,87600,425
783641,2.38048,2.36128,425,53647,0.0299679,0.07,1,88027,87602,425
786561,2.0761,2.07226,425,53686,0.0299936,0.07,1,88029,87604,425
789481,2.01522,2.01445,425,53725,0.00599872,0.07,1,88031,87606,425
792401,2.00304,2.00289,425,53764,0.00919974,0.07,1,88033,87608,425
795321,2.00061,2.00058,425,53803,0.00983995,0.09,1,88035,87610,425
798241,2.00012,2.80012,424,53842,0.00996799,0,1,88037,87613,424
801161,54.8,56.56,422,53881,0.0019936,0,1,88105,87683,422
804081,27.76,28.112,422,53920,0.00039872,0,1,88126,87704,422
807001,7.152,7.2224,422,53959,7.97439e-05,0,1,88128,87706,422
809921,16.6304,16.6445,422,53998,1.59488e-05,0.03,1,88147,87725,422
812841,145.726,145.729,422,54037,0.0240032,0,1,88325,87903,422
815761,30.7452,30.7458,422,54076,0.00480064,0.01,1,88327,87905,422
818681,47.749,46.9492,423,54115,0.00896013,0.01,1,88379,87956,423
821601,11.1498,10.9898,423,54154,0.00979203,0.01,1,88381,87958,423
824521,3.82996,3.79797,423,54193,0.00995841,0.03,1,88383,87960,423
827441,48.766,49.5596,422,54232,0.0419917,0.03,1,88443,88021,422
830361,11.3532,11.5119,422,54271,0.0483983,0.03,1,88445,88023,422
833281,3.87064,3.90238,422,54310,0.0496797,0.03,1,88447,88025,422
836201,2.37413,2.38048,422,54349,0.0499359,0.03,1,88449,88027,422
839121,2.07483,2.0761,422,54388,0.0499872,0,1,88451,88029,422
842041,2.01497,2.01522,422,54427,0.0179974,0.01,1,88453,88031,422
844961,2.00299,2.00304,422,54466,0.0115995,0.01,1,88455,88033,422
847881,2.0006,2.00061,422,54505,0.0103199,0.01,1,88457,88035,422
850801,2.00012,2.00012,422,54544,0.010064,0,1,88459,88037,422
853721,54.8,54.8,422,54583,0.0020128,0,1,88527,88105,422
856641,27.76,27.76,422,54622,0.000402559,0,1,88548,88126,422
859561,7.152,7.152,422,54661,8.05118e-05,0,1,88550,88128,422
862481,16.6304,16.6304,422,54699,1.61024e-05,0,1,88569,88147,422
865401,144.926,3.32608,599,54737,0.00800322,0.03,1,88746,88147,599
868321,30.5852,143.065,423,54775,0.00960064,0,1,88748,88325,423
871241,47.717,30.213,473,54813,0.0259201,0.01,1,88800,88327,473
874161,11.1434,47.6426,423,54851,0.029184,0.01,1,88802,88379,423
877081,3.82868,11.1285,423,54889,0.0298368,0.01,1,88804,88381,423
880001,48.7657,3.8257,481,54927,0.0299674,0.05,1,88864,88383,481
882921,11.3531,48.7651,423,54965,0.0299935,0.05,1,88866,88443,423
885841,3.87063,11.353,423,55003,0.0299987,0.05,1,88868,88445,423
888761,2.37413,3.87061,423,55041,0.0299997,0.05,1,88870,88447,423
891681,2.07483,2.37412,423,55079,0.0299999,0.05,1,88872,88449,423
894601,2.01497,2.07482,423,55117,0.03,0.01,1,88874,88451,423
897521,2.00299,2.01496,423,55155,0.03,0.01,1,88876,88453,423
900441,2.0006,2.00299,423,55193,0.03,0.01,1,88878,88455,423
903361,2.00012,2.0006,423,55231,0.03,0.01,1,88880,88457,423
906281,54.8,2.00012,489,55269,0.006,0,1,88948,88459,489
909201,27.76,54.8,442,55307,0.0012,0,1,88969,88527,442
912121,7.152,27.76,423,55345,0.00024,0,1,88971,88548,423
915041,16.6304,7.152,440,55383,4.8e-05,0,1,88990,88550,440
917961,144.926,16.6304,598,55421,0.0080096,0.01,1,89167,88569,598
920881,30.5852,144.926,423,55459,0.00960192,0.01,1,89169,88746,423
923801,48.517,30.5852,474,55497,0.0419204,0.03,1,89222,88748,474
926721,11.3034,47.717,424,55535,0.0483841,0.03,1,89224,88800,424
929641,3.86068,11.1434,424,55573,0.0496768,0.03,1,89226,88802,424
932561,48.7721,3.82868,482,55611,0.0499354,0.03,1,89286,88804,482
935481,11.3544,48.7657,424,55649,0.0499871,0.03,1,89288,88864,424
938401,3.87089,11.3531,424,55687,0.0499974,0.03,1,89290,88866,424
941321,2.37418,3.87063,424,55725,0.0659995,0.03,1,89292,88868,424
944241,2.07484,2.37413,424,55763,0.0691999,0.03,1,89294,88870,424
947161,2.01497,2.07483,424,55801,0.06984,0.03,1,89296,88872,424
950081,2.00299,2.01497,424,55839,0.069968,0.03,1,89298,88874,424
953001,2.0006,2.00299,424,55877,0.0699936,0.03,1,89300,88876,424
955921,2.80012,2.0006,425,55915,0.0859987,0.03,1,89303,88878,425
958841,53.36,2.00012,489,55953,0.0171997,0,1,89369,88880,489
961761,27.472,54.8,442,55991,0.00343995,0,1,89390,88948,442
964681,7.0944,27.76,423,56029,0.00068799,0,1,89392,88969,423
967601,16.6189,7.152,440,56067,0.000137598,0,1,89411,88971,440
970521,144.924,16.6304,598,56105,0.0240275,0.01,1,89588,88990,598
973441,30.5848,144.926,423,56142,0.0288055,0.01,1,89590,89167,423
976361,7.71695,30.5852,423,56179,0.0057611,0.05,1,89592,89169,423
979281,44.7434,48.517,424,56216,0.0251522,0.05,1,89646,89222,424
982201,10.5487,11.3034,424,56253,0.0290304,0.05,1,89648,89224,424
985121,3.70974,3.86068,424,56290,0.0298061,0.05,1,89650,89226,424
988041,49.5419,48.7721,425,56327,0.0299612,0.05,1,89711,89286,425
990961,11.5084,11.3544,425,56364,0.0299922,0.05,1,89713,89288,425
993881,3.90168,3.87089,425,56401,0.0299984,0.07,1,89715,89290,425
996801,2.38034,2.37418,425,56438,0.0299997,0.07,1,89717,89292,425
999721,2.07607,2.07484,425,56475,0.0299999,0.07,1,89719,89294,425
1002641,2.01521,2.01497,425,56512,0.00599999,0.07,1,89721,89296,425
1005561,2.00304,2.00299,425,56549,0.0092,0.07,1,89723,89298,425
1008481,2.00061,2.0006,425,56586,0.00984,0.09,1,89725,89300,425
1011401,2.00012,2.80012,424,56623,0.009968,0,1,89727,89303,424
1014321,51.6,53.36,422,56660,0.0019936,0,1,89791,89369,422
1017241,27.12,27.472,422,56697,0.00039872,0,1,89812,89390,422
1020161,7.024,7.0944,422,56734,7.9744e-05,0,1,89814,89392,422
1023081,16.6048,16.6189,422,56771,1.59488e-05,0.03,1,89833,89411,422
1026001,144.921,144.924,422,56808,0.0320032,0.03,1,90010,89588,422
1028921,30.5842,30.5848,422,56845,0.0304006,0,1,90012,89590,422
1031841,7.71684,7.71695,422,56882,0.00608013,0.03,1,90014,89592,422
1034761,44.7434,44.7434,422,56919,0.041216,0.03,1,90068,89646,422
1037681,10.5487,10.5487,422,56956,0.0482432,0.03,1,90070,89648,422
1040601,3.70973,3.70974,422,56993,0.0496486,0.03,1,90072,89650,422
1043521,49.5419,49.5419,422,57030,0.0339297,0.03,1,90133,89711,422
1046441,11.5084,11.5084,422,57067,0.0307859,0.03,1,90135,89713,422
1049361,3.90168,3.90168,422,57104,0.0301572,0.03,1,90137,89715,422
1052281,2.38034,2.38034,422,57141,0.0460314,0.03,1,90139,89717,422
1055201,2.07607,2.07607,422,57178,0.0492063,0,1,90141,89719,422
1058121,2.01521,2.01521,422,57215,0.0178413,0.01,1,90143,89721,422
1061041,2.00304,2.00304,422,57252,0.0115683,0.01,1,90145,89723,422
1063961,2.00061,2.00061,422,57289,0.0103137,0.01,1,90147,89725,422
1066881,2.00012,2.00012,422,57326,0.0100627,0,1,90149,89727,422
1069801,51.6,51.6,422,57363,0.00201255,0,1,90213,89791,422
1072721,27.12,27.12,422,57400,0.000402509,0,1,90234,89812,422
1075641,7.024,7.024,422,57437,8.05018e-05,0,1,90236,89814,422
1078561,16.6048,16.6048,422,57474,1.61004e-05,0.04,1,90255,89833,422
1081481,144.921,144.921,422,57511,0.208003,0.03,1,90432,90010,422
1084401,30.5842,30.5842,422,57548,0.241601,0,1,90434,90012,422
1087321,7.71684,7.71684,422,57585,0.21632,0.05,1,90436,90014,422
1090241,44.7434,44.7434,422,57622,0.083264,0.05,1,90490,90068,422
1093161,10.5487,8.94867,424,57658,0.0566528,0.05,1,90492,90068,424
1096081,3.70973,3.38973,424,57694,0.0513306,0.05,1,90494,90070,424
1099001,48.7419,2.27795,482,57730,0.0342661,0.03,1,90554,90072,482
1101921,11.3484,49.2556,423,57766,0.0308532,0.03,1,90556,90133,423
1104841,3.86968,11.4511,423,57802,0.0301706,0.03,1,90558,90135,423
1107761,2.37394,3.89022,423,57838,0.0300341,0.05,1,90560,90137,423
1110681,2.07479,2.37804,423,57874,0.0300068,0.05,1,90562,90139,423
1113601,2.01496,2.07561,423,57910,0.0300014,0.01,1,90564,90141,423
1116521,2.00299,2.01512,423,57946,0.0300003,0.01,1,90566,90143,423
1119441,2.0006,2.00302,423,57982,0.0300001,0.01,1,90568,90145,423
1122361,2.00012,2.0006,423,58018,0.03,0.01,1,90570,90147,423
1125281,51.6,2.00012,485,58054,0.006,0,1,90634,90149,485
1128201,27.12,51.6,442,58090,0.0012,0,1,90655,90213,442
1131121,7.024,27.12,423,58126,0.00024,0,1,90657,90234,423
1134041,16.6048,7.024,440,58162,4.8e-05,0,1,90676,90236,440
1136961,148.121,16.6048,602,58198,0.0080096,0.26,1,90857,90255,602
1139881,31.2242,144.921,427,58234,0.0256019,0.25,1,90859,90432,427
1142801,7.84484,30.5842,427,58270,0.0451204,0.21,1,90861,90434,427
1145721,43.169,7.71684,477,58306,0.0970241,0.05,1,90913,90436,477
1148641,10.2338,44.7434,425,58342,0.107405,0.05,1,90915,90490,425
1151561,3.64676,10.5487,425,58378,0.109481,0.05,1,90917,90492,425
1154481,47.9294,3.70973,482,58414,0.0458962,0.03,1,90976,90494,482
1157401,11.1859,48.7419,424,58450,0.0331792,0.03,1,90978,90554,424
1160321,3.83717,11.3484,424,58486,0.0306358,0.03,1,90980,90556,424
1163241,2.36743,3.86968,424,58522,0.0301272,0.03,1,90982,90558,424
1166161,2.07349,2.37394,424,58558,0.0300254,0.03,1,90984,90560,424
1169081,2.0147,2.07479,424,58594,0.0300051,0.03,1,90986,90562,424
1172001,2.00294,2.01496,424,58630,0.030001,0.03,1,90988,90564,424
1174921,2.00059,2.00299,424,58666,0.0300002,0.03,1,90990,90566,424
1177841,2.00012,2.0006,424,58702,0.03,0.03,1,90992,90568,424
1180761,50.8,2.00012,485,58738,0.00600001,0,1,91055,90570,485
1183681,26.96,51.6,442,58774,0.0012,0,1,91076,90634,442
1186601,6.992,27.12,423,58810,0.00024,0,1,91078,90655,423
1189521,16.5984,7.024,440,58846,4.80001e-05,0,1,91097,90657,440
1192441,151.32,16.6048,606,58882,0.0720096,0.01,1,91282,90676,606
1195361,31.8639,148.121,427,58918,0.102402,0.03,1,91284,90857,427
1198281,7.97279,31.2242,427,58954,0.12448,0.05,1,91286,90859,427
1201201,43.9946,7.84484,478,58990,0.144896,0.11,1,91339,90861,478
1204121,10.3989,43.169,428,59026,0.148979,0.11,1,91341,90913,428
1207041,3.67978,10.2338,428,59062,0.149796,0.11,1,91343,90915,428
1209961,2.33596,3.64676,428,59098,0.149959,0.03,1,91345,90917,428
1212881,43.6672,47.9294,423,59134,0.149992,0.03,1,91399,90976,423
1215801,10.3334,11.1859,423,59170,0.149998,0.03,1,91401,90978,423
1218721,3.66669,3.83717,423,59206,0.15,0.03,1,91403,90980,423
1221641,2.33334,2.36743,423,59242,0.15,0.03,1,91405,90982,423
1224561,2.06667,2.07349,423,59277,0.15,0.03,1,91407,90984,423
1227481,2.01333,2.0147,423,59312,0.15,0.03,1,91409,90986,423
1230401,2.00267,2.00294,423,59347,0.15,0.03,1,91411,90988,423
1233321,2.00053,2.00059,423,59382,0.15,0.03,1,91413,90990,423
1236241,2.00011,2.00012,423,59417,0.15,0,1,91415,90992,423
1239161,50.8,50.8,423,59452,0.03,0,1,91478,91055,423
1242081,26.16,26.96,422,59487,0.006,0,1,91498,91076,422
1245001,6.832,6.992,422,59522,0.0012,0,1,91500,91078,422
1247921,16.5664,16.5984,422,59557,0.00024,0.09,1,91519,91097,422
1250841,157.713,151.32,430,59592,0.136048,0.11,1,91712,91282,430
1253761,33.1427,31.8639,430,59627,0.17921,0.13,1,91714,91284,430
1256681,8.22853,7.97279,430,59662,0.203842,0.15,1,91716,91286,430
1259601,43.2457,43.9946,429,59697,0.208768,0.15,1,91768,91339,429
1262521,10.2491,10.3989,429,59732,0.209754,0.15,1,91770,91341,429
1265441,3.64983,3.67978,429,59767,0.209951,0.15,1,91772,91343,429
1268361,2.32997,2.33596,429,59802,0.20999,0.15,1,91774,91345,429
1271281,43.666,43.6672,429,59837,0.209998,0.15,1,91828,91399,429
1274201,10.3332,10.3334,429,59872,0.21,0.15,1,91830,91401,429
1277121,3.66664,3.66669,429,59907,0.21,0.15,1,91832,91403,429
1280041,2.33333,2.33334,429,59942,0.21,0.15,1,91834,91405,429
1282961,2.06667,2.06667,429,59977,0.21,0.15,1,91836,91407,429
1285881,2.01333,2.01333,429,60012,0.178,0.15,1,91838,91409,429
1288801,2.00267,2.00267,429,60047,0.1876,0.15,1,91840,91411,429
1291721,2.00053,2.00053,429,60082,0.18952,0.15,1,91842,91413,429
1294641,2.00011,2.00011,429,60117,0.189904,0,1,91844,91415,429
1297561,46,50.8,423,60152,0.0379808,0,1,91901,91478,423
1300481,24.4,26.16,422,60187,0.00759616,0,1,91920,91498,422
1303401,6.48,6.832,422,60222,0.00151923,0,1,91922,91500,422
1306321,16.496,16.5664,422,60257,0.000303846,0.17,1,91941,91519,422
1309241,164.899,157.713,431,60292,0.200061,0.19,1,92143,91712,431
1312161,34.5798,33.1427,431,60327,0.256012,0.21,1,92145,91714,431
1315081,8.51597,8.22853,431,60362,0.283202,0.21,1,92147,91716,431
1318001,44.1032,43.2457,432,60397,0.33664,0.21,1,92200,91768,432
1320921,10.4206,10.2491,432,60432,0.347328,0.21,1,92202,91770,432
1323841,3.68413,3.64983,432,60467,0.349466,0.21,1,92204,91772,432
1326761,2.33683,2.32997,432,60502,0.349893,0.21,1,92206,91774,432
1329681,42.0674,43.666,430,60537,0.365979,0.21,1,92258,91828,430
1332601,10.0135,8.7332,432,60572,0.369196,0.21,1,92260,91828,432
1335521,3.60269,3.34664,432,60607,0.369839,0.21,1,92262,91830,432
1338441,2.32054,2.26933,432,60642,0.369968,0.21,1,92264,91832,432
1341361,2.06411,2.05387,432,60677,0.369994,0.21,1,92266,91834,432
1344281,2.01282,2.01077,432,60712,0.369999,0.17,1,92268,91836,432
1347201,2.00256,2.00215,432,60747,0.37,0.19,1,92270,91838,432
1350121,2.00051,2.00043,432,60782,0.386,0.19,1,92272,91840,432
1353041,2.0001,2.00009,432,60817,0.3892,0.19,1,92274,91842,432
1355961,40.4,2.00002,480,60852,0.07784,0,1,92324,91844,480
1358881,21.68,46,440,60887,0.015568,0,1,92341,91901,440
1361801,5.936,24.4,423,60922,0.0031136,0,1,92343,91920,423
1364721,16.3872,6.48,440,60956,0.00062272,0,1,92362,91922,440
1366181,164.077,16.496,622,60990,0.184125,0.25,1,92563,91941,622
1369101,47.2155,164.899,438,61024,0.380825,0.27,1,92581,92143,438
1372021,11.0431,34.5798,438,61058,0.436165,0.29,1,92583,92145,438
1374941,3.80862,8.51597,438,61092,0.463233,0.35,1,92585,92147,438
1377861,43.9617,44.1032,439,61126,0.468647,0.35,1,92639,92200,439
1380781,10.3923,10.4206,439,61160,0.469729,0.35,1,92641,92202,439
1383701,3.67847,3.68413,439,61194,0.469946,0.35,1,92643,92204,439
1386621,2.33569,2.33683,439,61228,0.469989,0.37,1,92645,92206,439
1389541,42.8671,42.0674,440,61262,0.485998,0.37,1,92698,92258,440
1392461,10.1734,10.0135,440,61296,0.4892,0.37,1,92700,92260,440
1395381,4.43469,3.60269,441,61330,0.50584,0.37,1,92703,92262,441
1398301,2.48694,2.32054,441,61364,0.509168,0.37,1,92705,92264,441
1401221,2.09739,2.06411,441,61398,0.509834,0.37,1,92707,92266,441
1404141,2.01948,2.01282,441,61432,0.509967,0.37,1,92709,92268,441
1407061,2.0039,2.00256,441,61466,0.525993,0.39,1,92711,92270,441
1409981,2.00078,2.00051,441,61500,0.497199,0.39,1,92713,92272,441
1412901,2.00016,2.0001,441,61534,0.49144,0,1,92715,92274,441
1415821,28.4,40.4,426,61568,0.154288,0,1,92750,92324,426
1418741,16.08,21.68,422,61602,0.126858,0,1,92763,92341,422
1421661,4.816,5.936,422,61636,0.105372,0,1,92765,92343,422
1424581,16.1632,16.3872,422,61670,0.0210743,0.23,1,92784,92362,422
1427501,195.233,164.077,461,61704,0.236215,0.43,1,93024,92563,461
1430421,40.6465,47.2155,445,61738,0.247243,0.45,1,93026,92581,445
1433341,9.7293,11.0431,445,61772,0.217449,0.47,1,93028,92583,445
1436261,45.9459,3.80862,498,61806,0.32349,0.47,1,93083,92585,498
1439181,10.7892,43.9617,446,61840,0.344698,0.47,1,93085,92639,446
1442101,3.75783,10.3923,446,61874,0.34894,0.47,1,93087,92641,446
1445021,2.35157,3.67847,446,61908,0.349788,0.47,1,93089,92643,446
1447941,43.6703,2.33569,498,61942,0.365958,0.49,1,93143,92645,498
1450861,10.3341,42.8671,447,61976,0.369192,0.49,1,93145,92698,447
1453781,3.66681,10.1734,447,62010,0.369838,0.51,1,93147,92700,447
1456701,2.33336,4.43469,446,62044,0.369968,0.51,1,93149,92703,446
1459621,2.06667,2.48694,446,62078,0.369994,0.51,1,93151,92705,446
1462541,2.01333,2.09739,446,62112,0.369999,0.51,1,93153,92707,446
1465461,2.00267,2.01948,446,62146,0.37,0.53,1,93155,92709,446
1468381,2.00053,2.0039,446,62180,0.37,0.49,1,93157,92711,446
1471301,2.00011,2.00078,446,62214,0.37,0.49,1,93159,92713,446
1474221,2.00002,2.00016,446,62248,0.37,0.07,1,93161,92715,446
1477141,14.8,28.4,429,62282,0.306,0.12,1,93179,92750,429
1480061,7.76,16.08,422,62316,0.1972,0.1,1,93185,92763,422
1482981,3.152,4.816,422,62350,0.34344,0,1,93187,92765,422
1485901,15.8304,16.1632,422,62384,0.180688,0.29,1,93206,92784,422
1488821,205.566,195.233,435,62418,0.124138,0.25,1,93459,93024,435
1491741,42.7132,40.6465,435,62452,0.0808275,0.21,1,93461,93026,435
1494661,10.1426,9.7293,435,62486,0.0401655,0.35,1,93463,93028,435
1497581,49.2285,45.9459,439,62520,0.208033,0.35,1,93522,93083,439
1500501,11.4457,10.7892,439,62554,0.241607,0.35,1,93524,93085,439
1503421,3.88914,3.75783,439,62588,0.248321,0.35,1,93526,93087,439
1506341,2.37783,2.35157,439,62622,0.249664,0.37,1,93528,93089,439
1509261,44.4756,43.6703,440,62656,0.265933,0.37,1,93583,93143,440
1512181,10.4951,10.3341,440,62690,0.269187,0.37,1,93585,93145,440
1515101,3.69902,3.66681,440,62724,0.269837,0.37,1,93587,93147,440
1518021,2.3398,2.33336,440,62757,0.269967,0.37,1,93589,93149,440
1520941,2.06796,2.06667,440,62790,0.269993,0.37,1,93591,93151,440
1523861,2.01359,2.01333,440,62823,0.237999,0.37,1,93593,93153,440
1526781,2.00272,2.00267,440,62856,0.2316,0.37,1,93595,93155,440
1529701,2.00054,2.00053,440,62889,0.23032,0.37,1,93597,93157,440
1532621,2.00011,2.00011,440,62922,0.230064,0.37,1,93599,93159,440
1535541,2.00002,2.00002,440,62955,0.246013,0.29,1,93601,93161,440
1538461,13.2,14.8,438,62988,0.217203,0.17,1,93617,93179,438
1541381,4.24,7.76,434,63021,0.179441,0.38,1,93619,93185,434
1544301,4.048,3.152,436,63054,0.107888,0.14,1,93623,93187,436
1547221,4.8096,15.8304,422,63087,0.197578,0.11,1,93628,93206,422
1550141,211.362,205.566,432,63120,0.0875155,0.07,1,93891,93459,432
1553061,43.8724,42.7132,432,63153,0.0335031,0.03,1,93893,93461,432
1555981,10.3745,10.1426,432,63186,0.00670062,0.25,1,93895,93463,432
1558901,50.8749,49.2285,434,63219,0.24934,0.25,1,93956,93522,434
1561821,11.775,11.4457,434,63252,0.297868,0.25,1,93958,93524,434
1564741,3.955,3.88914,434,63285,0.307574,0.25,1,93960,93526,434
1567661,2.391,2.37783,434,63318,0.309515,0.27,1,93962,93528,434
1570581,43.6782,44.4756,433,63351,0.325903,0.27,1,94016,93583,433
1573501,10.3356,10.4951,433,63384,0.329181,0.27,1,94018,93585,433
1576421,3.66713,3.69902,433,63417,0.329836,0.27,1,94020,93587,433
1579341,2.33343,2.3398,433,63450,0.329967,0.27,1,94022,93589,433
1582261,2.06669,0.467961,435,63483,0.329993,0.27,1,94024,93589,435
1585181,2.01334,1.69359,435,63516,0.329999,0.23,1,94026,93591,435
1588101,2.00267,1.93872,435,63549,0.33,0.23,1,94028,93593,435
1591021,2.00053,1.98774,435,63582,0.33,0.23,1,94030,93595,435
1593941,2.00011,1.99755,435,63615,0.33,0.23,1,94032,93597,435
1596861,2.00002,1.99951,435,63648,0.33,0.25,1,94034,93599,435
1599781,10.8,1.9999,446,63681,0.314,0.21,1,94047,93601,446
1602701,3.76,13.2,432,63714,0.3108,0.17,1,94049,93617,432
1605621,2.352,4.24,432,63747,0.27816,0.09,1,94051,93619,432
1608541,6.0704,4.048,435,63780,0.191632,0.22,1,94058,93623,435
1610001,162.014,4.8096,631,63813,0.0383264,0.06,1,94259,93628,631
1612921,86.0028,211.362,435,63846,0.00766528,0.02,1,94326,93891,435
1615841,18.8006,43.8724,435,63879,0.0655331,0,1,94328,93893,435
1618761,5.36011,10.3745,435,63912,0.0451066,0.31,1,94330,93895,435
1621681,51.472,50.8749,437,63945,0.161021,0.31,1,94393,93956,437
1624601,11.8944,11.775,437,63978,0.184204,0.31,1,94395,93958,437
1627521,3.97888,3.955,437,64011,0.188841,0.31,1,94397,93960,437
1630441,2.39578,2.391,437,64044,0.189768,0.33,1,94399,93962,437
1633361,44.4792,43.6782,438,64077,0.205954,0.33,1,94454,94016,438
1636281,10.4958,10.3356,438,64110,0.209191,0.33,1,94456,94018,438
1639201,3.69917,3.66713,438,64143,0.209838,0.33,1,94458,94020,438
1642121,2.33983,2.33343,438,64176,0.209968,0.33,1,94460,94022,438
1645041,2.06797,2.06669,438,64209,0.209994,0.33,1,94462,94024,438
1647961,2.01359,2.01334,438,64242,0.209999,0.33,1,94464,94026,438
1650881,2.00272,2.00267,438,64275,0.21,0.33,1,94466,94028,438
1653801,2.00054,2.00053,438,64308,0.21,0.33,1,94468,94030,438
1656721,2.00011,2.00011,438,64341,0.21,0.33,1,94470,94032,438
1659641,2.00002,2.00002,438,64374,0.21,0.31,1,94472,94034,438
1662561,3.6,10.8,429,64407,0.226,0.31,1,94476,94047,429
1665481,3.92,3.76,431,64440,0.2292,0.27,1,94480,94049,431
1668401,7.984,2.352,438,64473,0.21384,0.17,1,94489,94051,438
1671321,3.1968,6.0704,433,64506,0.210768,0,1,94491,94058,433
1674241,205.439,162.014,488,64539,0.234154,0,1,94747,94259,488
1677161,49.0879,86.0028,431,64572,0.246831,0.08,1,94757,94326,431
1680081,11.4176,18.8006,431,64605,0.265366,0.04,1,94759,94328,431
1683001,53.4835,5.36011,493,64637,0.253073,0.19,1,94823,94330,493
1685921,12.2967,51.472,432,64669,0.250615,0.19,1,94825,94393,432
1688841,4.05934,11.8944,432,64701,0.250123,0.19,1,94827,94395,432
1691761,2.41187,3.97888,432,64733,0.250025,0.19,1,94829,94397,432
1694681,45.2824,2.39578,486,64765,0.266005,0.21,1,94885,94399,486
1697601,10.6565,44.4792,433,64797,0.269201,0.21,1,94887,94454,433
1700521,3.73129,10.4958,433,64829,0.26984,0.21,1,94889,94456,433
1703441,2.34626,3.69917,433,64861,0.269968,0.21,1,94891,94458,433
1706361,2.06925,2.33983,433,64893,0.269994,0.21,1,94893,94460,433
1709281,2.01385,2.06797,433,64925,0.269999,0.21,1,94895,94462,433
1712201,2.00277,2.01359,433,64957,0.27,0.21,1,94897,94464,433
1715121,2.00055,2.00272,433,64989,0.27,0.21,1,94899,94466,433
1718041,2.00011,2.00054,433,65021,0.27,0.21,1,94901,94468,433
1720961,2.00002,2.00011,433,65053,0.27,0.21,1,94903,94470,433
1723881,2,2.00002,433,65085,0.27,0.23,1,94905,94472,433
1726801,3.6,3.6,433,65117,0.27,0.23,1,94909,94476,433
1729721,2.32,3.92,431,65149,0.27,0.21,1,94911,94480,431
1732641,3.664,7.984,426,65181,0.27,0.21,1,94915,94489,426
1735561,7.9328,3.1968,433,65213,0.254,0.24,1,94924,94491,433
1738481,207.187,205.439,434,65245,0.1148,0.25,1,95181,94747,434
1741401,48.6373,49.0879,433,65277,0.10296,0.27,1,95190,94757,433
1744321,11.3275,11.4176,433,65309,0.188592,0.25,1,95192,94759,433
1747241,54.2655,53.4835,434,65341,0.221718,0.25,1,95257,94823,434
1750161,12.4531,12.2967,434,65373,0.228344,0.25,1,95259,94825,434
1753081,4.09062,4.05934,434,65405,0.229669,0.25,1,95261,94827,434
1756001,2.41812,2.41187,434,65437,0.229934,0.27,1,95263,94829,434
1758921,46.0836,45.2824,435,65469,0.245987,0.27,1,95320,94885,435
1761841,10.8167,10.6565,435,65501,0.249197,0.27,1,95322,94887,435
1764761,3.76334,3.73129,435,65533,0.249839,0.27,1,95324,94889,435
1767681,2.35267,2.34626,435,65565,0.249968,0.27,1,95326,94891,435
1770601,2.07053,2.06925,435,65597,0.249994,0.27,1,95328,94893,435
1773521,2.01411,2.01385,435,65629,0.217999,0.27,1,95330,94895,435
1776441,2.00282,2.00277,435,65661,0.2116,0.27,1,95332,94897,435
1779361,2.00056,2.00055,435,65693,0.21032,0.27,1,95334,94899,435
1782281,2.00011,2.00011,435,65725,0.210064,0.27,1,95336,94901,435
1785201,2.00002,2.00002,435,65757,0.210013,0.27,1,95338,94903,435
1788121,2,2,435,65789,0.210003,0.27,1,95340,94905,435
1791041,3.6,3.6,435,65821,0.210001,0.27,1,95344,94909,435
1793961,2.32,2.32,435,65853,0.226,0.27,1,95346,94911,435
1796881,2.064,3.664,433,65885,0.2292,0.25,1,95348,94915,433
1799801,8.4128,7.9328,434,65917,0.22984,0.08,1,95358,94924,434
1802721,202.483,207.187,428,65949,0.189968,0.1,1,95609,95181,428
1805641,50.8965,48.6373,432,65981,0.117994,0.21,1,95622,95190,432
1808561,11.7793,11.3275,432,66013,0.0635987,0.23,1,95624,95192,432
1811481,55.1559,54.2655,433,66045,0.19672,0.23,1,95690,95257,433
1814401,12.6312,12.4531,433,66077,0.223344,0.23,1,95692,95259,433
1817321,4.12623,4.09062,433,66109,0.228669,0.23,1,95694,95261,433
1820241,2.42525,2.41812,433,66141,0.229734,0.25,1,95696,95263,433
1823161,45.285,46.0836,432,66173,0.245947,0.25,1,95752,95320,432
1826081,10.657,10.8167,432,66205,0.249189,0.25,1,95754,95322,432
1829001,3.7314,3.76334,432,66237,0.249838,0.25,1,95756,95324,432
1831921,2.34628,2.35267,432,66269,0.249968,0.25,1,95758,95326,432
1834841,2.06926,2.07053,432,66301,0.249994,0.21,1,95760,95328,432
1837761,2.01385,2.01411,432,66333,0.249999,0.21,1,95762,95330,432
1840681,2.00277,2.00282,432,66365,0.25,0.21,1,95764,95332,432
1843601,2.00055,2.00056,432,66397,0.25,0.21,1,95766,95334,432
1846521,2.00011,0.400113,434,66429,0.25,0.21,1,95768,95334,434
1849441,2.00002,1.68002,434,66461,0.25,0.21,1,95770,95336,434
1852361,2,1.936,434,66493,0.25,0.21,1,95772,95338,434
1855281,3.6,1.9872,436,66525,0.25,0.21,1,95776,95340,436
1858201,2.32,3.59744,434,66557,0.25,0.23,1,95778,95344,434
1861121,2.064,2.31949,434,66589,0.25,0.23,1,95780,95346,434
1864041,2.0128,2.0639,434,66621,0.25,0.23,1,95782,95348,434
1865501,161.203,8.41278,625,66652,0.05,0.18,1,95983,95358,625
1868421,74.6405,202.483,427,66683,0.186,0.1,1,96036,95609,427
1871341,26.1281,50.8965,428,66714,0.2132,0.05,1,96050,95622,428
1874261,10.0256,11.7793,432,66745,0.12264,0.23,1,96056,95624,432
1877181,55.6051,55.1559,433,66776,0.224528,0.23,1,96123,95690,433
1880101,12.721,12.6312,433,66807,0.244906,0.23,1,96125,95692,433
1883021,4.1442,4.12623,433,66838,0.248981,0.23,1,96127,95694,433
1885941,2.42884,2.42525,433,66869,0.249796,0.25,1,96129,95696,433
1888861,46.0858,45.285,434,66900,0.265959,0.25,1,96186,95752,434
1891781,10.8172,10.657,434,66931,0.269192,0.25,1,96188,95754,434
1894701,3.76343,3.7314,434,66962,0.269838,0.25,1,96190,95756,434
1897621,2.35269,2.34628,434,66993,0.269968,0.25,1,96192,95758,434
1900541,2.07054,2.06926,434,67024,0.269994,0.25,1,96194,95760,434
1903461,2.01411,2.01385,434,67055,0.269999,0.25,1,96196,95762,434
1906381,2.00282,2.00277,434,67086,0.27,0.25,1,96198,95764,434
1909301,2.00056,2.00055,434,67117,0.27,0.25,1,96200,95766,434
1912221,2.00011,2.00011,434,67148,0.27,0.25,1,96202,95768,434
1915141,2.00002,2.00002,434,67179,0.27,0.25,1,96204,95770,434
1918061,2,2,434,67210,0.27,0.25,1,96206,95772,434
1920981,3.6,3.6,434,67241,0.27,0.25,1,96210,95776,434
1923901,2.32,2.32,434,67272,0.27,0.25,1,96212,95778,434
1926821,2.064,2.064,434,67303,0.286,0.25,1,96214,95780,434
1929741,2.0128,2.0128,434,67334,0.2892,0,1,96216,95782,434
1932661,195.603,161.203,477,67365,0.08984,0.22,1,96460,95983,477
1935581,55.9205,74.6405,445,67396,0.097968,0.22,1,96481,96036,445
1938501,12.7841,26.1281,433,67427,0.0675936,0.1,1,96483,96050,433
1941421,60.9568,10.0256,500,67458,0.133519,0.25,1,96556,96056,500
1944341,13.7914,55.6051,435,67489,0.146704,0.25,1,96558,96123,435
1947261,4.35827,12.721,435,67520,0.149341,0.25,1,96560,96125,435
1950181,2.47165,4.1442,435,67551,0.149868,0.25,1,96562,96127,435
1953101,46.8943,2.42884,491,67582,0.165974,0.27,1,96620,96129,491
1956021,10.9789,46.0858,436,67613,0.169195,0.27,1,96622,96186,436
1958941,3.79577,10.8172,436,67644,0.169839,0.27,1,96624,96188,436
1961861,2.35915,3.76343,436,67675,0.169968,0.27,1,96626,96190,436
1964781,2.07183,2.35269,436,67706,0.169994,0.27,1,96628,96192,436
1967701,2.01437,2.07054,436,67737,0.169999,0.27,1,96630,96194,436
1970621,2.00287,2.01411,436,67768,0.17,0.27,1,96632,96196,436
1973541,2.00057,2.00282,436,67799,0.17,0.27,1,96634,96198,436
1976461,2.00011,2.00056,436,67830,0.17,0.27,1,96636,96200,436
1979381,2.00002,2.00011,436,67861,0.17,0.27,1,96638,96202,436
1982301,2,2.00002,436,67892,0.17,0.27,1,96640,96204,436
1985221,2,2,436,67923,0.17,0.27,1,96642,96206,436
1988141,3.6,3.6,436,67954,0.17,0.27,1,96646,96210,436
1991061,2.32,2.32,436,67985,0.17,0.29,1,96648,96212,436
1993981,2.064,2.064,436,68016,0.17,0.29,1,96650,96214,436
1996901,2.0128,2.0128,436,68047,0.17,0.04,1,96652,96216,436
1999821,189.203,195.603,428,68078,0.202,0.1,1,96888,96460,428
2002741,50.6405,55.9205,423,68109,0.1044,0.06,1,96904,96481,423
2005661,11.7281,12.7841,423,68140,0.06088,0.15,1,96906,96483,423
2008581,65.5456,60.9568,429,68171,0.164176,0.15,1,96985,96556,429
2011501,14.7091,13.7914,429,68202,0.184835,0.15,1,96987,96558,429
2014421,4.54182,4.35827,429,68233,0.188967,0.15,1,96989,96560,429
2017341,2.50836,2.47165,429,68264,0.189793,0.17,1,96991,96562,429
2020261,47.7017,46.8943,430,68295,0.205959,0.17,1,97050,96620,430
2023181,11.1403,10.9789,430,68326,0.209192,0.17,1,97052,96622,430
2026101,3.82807,3.79577,430,68357,0.209838,0.17,1,97054,96624,430
2029021,2.36561,2.35915,430,68388,0.209968,0.17,1,97056,96626,430
2031941,2.07312,2.07183,430,68419,0.209994,0.17,1,97058,96628,430
2034861,2.01462,2.01437,430,68450,0.177999,0.17,1,97060,96630,430
2037781,2.00292,2.00287,430,68481,0.1716,0.17,1,97062,96632,430
2040701,2.00058,2.00057,430,68512,0.17032,0.17,1,97064,96634,430
2043621,2.00012,2.00011,430,68543,0.170064,0.17,1,97066,96636,430
2046541,2.00002,2.00002,430,68574,0.170013,0.17,1,97068,96638,430
2049461,2,2,430,68605,0.170003,0.17,1,97070,96640,430
2052381,2,2,430,68636,0.170001,0.17,1,97072,96642,430
2055301,3.6,3.6,430,68667,0.17,0.17,1,97076,96646,430
2058221,2.32,2.32,430,68698,0.17,0.17,1,97078,96648,430
2061141,2.064,2.064,430,68729,0.17,0.17,1,97080,96650,430
2064061,2.0128,2.0128,430,68760,0.186,0.21,1,97082,96652,430
2066981,189.203,189.203,430,68791,0.1972,0.08,1,97318,96888,430
2069901,46.6405,50.6405,425,68821,0.21544,0.05,1,97329,96904,425
2072821,10.9281,11.7281,425,68851,0.187088,0.19,1,97331,96906,425
2075741,70.1856,65.5456,431,68881,0.189418,0.19,1,97416,96985,431
2078661,15.6371,14.7091,431,68911,0.189884,0.19,1,97418,96987,431
2081581,4.72742,4.54182,431,68941,0.189977,0.19,1,97420,96989,431
2084501,2.54548,2.50836,431,68971,0.189995,0.21,1,97422,96991,431
2087421,46.9091,47.7017,430,69001,0.205999,0.21,1,97480,97050,430
2090341,10.9818,11.1403,430,69031,0.2092,0.21,1,97482,97052,430
2093261,3.79636,3.82807,430,69061,0.20984,0.21,1,97484,97054,430
2096181,2.35927,2.36561,430,69091,0.209968,0.21,1,97486,97056,430
2099101,2.07185,2.07312,430,69121,0.209994,0.17,1,97488,97058,430
2102021,2.01437,2.01462,430,69151,0.209999,0.17,1,97490,97060,430
2104941,2.00287,2.00292,430,69181,0.21,0.17,1,97492,97062,430
2107861,2.00057,2.00058,430,69211,0.21,0.17,1,97494,97064,430
2110781,2.00011,2.00012,430,69241,0.21,0.17,1,97496,97066,430
2113701,2.00002,2.00002,430,69271,0.21,0.17,1,97498,97068,430
2116621,2,2,430,69301,0.21,0.17,1,97500,97070,430
2119541,2,0.400001,432,69331,0.21,0.17,1,97502,97070,432
2122461,3.6,1.68,434,69361,0.21,0.17,1,97506,97072,434
2125381,2.32,3.536,432,69391,0.21,0.17,1,97508,97076,432
2128301,2.064,2.3072,432,69421,0.21,0.17,1,97510,97078,432
2131221,2.0128,2.06144,432,69451,0.21,0.19,1,97512,97080,432
2132681,161.203,2.01229,631,69481,0.114,0.2,1,97713,97082,631
2135601,61.8405,189.202,432,69511,0.0468,0.22,1,97750,97318,432
2138521,17.1681,46.6405,427,69541,0.07336,0.18,1,97756,97329,427
2141441,9.03362,10.9281,432,69571,0.126672,0.19,1,97763,97331,432
2144361,69.0067,70.1856,431,69601,0.201334,0.19,1,97847,97416,431
2147281,15.4013,15.6371,431,69631,0.216267,0.19,1,97849,97418,431
2150201,4.68027,4.72742,431,69661,0.219253,0.19,1,97851,97420,431
2153121,2.53605,2.54548,431,69691,0.219851,0.21,1,97853,97422,431
2156041,47.7072,46.9091,432,69721,0.25997,0.21,1,97912,97480,432
2158961,11.1414,10.9818,432,69751,0.267994,0.21,1,97914,97482,432
2161881,3.82829,3.79636,432,69781,0.269599,0.21,1,97916,97484,432
2164801,2.36566,2.35927,432,69811,0.26992,0.21,1,97918,97486,432
2167721,2.07313,2.07185,432,69841,0.269984,0.21,1,97920,97488,432
2170641,2.01463,2.01437,432,69871,0.269997,0.21,1,97922,97490,432
2173561,2.00293,2.00287,432,69901,0.269999,0.21,1,97924,97492,432
2176481,2.00059,2.00057,432,69931,0.27,0.21,1,97926,97494,432
2179401,2.00012,2.00011,432,69961,0.27,0.21,1,97928,97496,432
2182321,2.00002,2.00002,432,69991,0.27,0.21,1,97930,97498,432
2185241,2,2,432,70021,0.27,0.21,1,97932,97500,432
2188161,2,2,432,70051,0.27,0.21,1,97934,97502,432
2191081,3.6,3.6,432,70081,0.27,0.21,1,97938,97506,432
2194001,2.32,2.32,432,70111,0.27,0.21,1,97940,97508,432
2196921,2.064,2.064,432,70141,0.27,0.21,1,97942,97510,432
2199841,2.0128,2.0128,432,70171,0.27,0.09,1,97944,97512,432
2202761,182.003,161.203,458,70201,0.19,0.03,1,98171,97713,458
2205681,46.8005,61.8405,434,70231,0.118,0.08,1,98184,97750,434
2208601,12.5601,17.1681,432,70261,0.1676,0.14,1,98188,97756,432
2211521,76.112,9.03362,517,70291,0.19352,0.22,1,98280,97763,517
2214441,16.8224,69.0067,435,70321,0.198704,0.22,1,98282,97847,435
2217361,4.96448,15.4013,435,70351,0.207741,0.22,1,98284,97849,435
2220281,2.5929,4.68027,435,70381,0.209548,0.22,1,98286,97851,435
2223201,48.5186,2.53605,493,70411,0.19391,0.27,1,98346,97853,493
2226121,11.3037,47.7072,436,70441,0.190782,0.27,1,98348,97912,436
2229041,3.86074,11.1414,436,70471,0.190156,0.27,1,98350,97914,436
2231961,2.37215,3.82829,436,70501,0.190031,0.27,1,98352,97916,436
2234881,2.07443,2.36566,436,70531,0.190006,0.27,1,98354,97918,436
2237801,2.01489,2.07313,436,70561,0.190001,0.27,1,98356,97920,436
2240721,2.00298,2.01463,436,70591,0.19,0.27,1,98358,97922,436
2243641,2.0006,2.00293,436,70621,0.19,0.27,1,98360,97924,436
2246561,2.00012,2.00059,436,70651,0.19,0.27,1,98362,97926,436
2249481,2.00002,2.00012,436,70681,0.19,0.27,1,98364,97928,436
2252401,2,2.00002,436,70711,0.19,0.27,1,98366,97930,436
2255321,2,2,436,70741,0.19,0.27,1,98368,97932,436
2258241,2,2,436,70771,0.19,0.27,1,98370,97934,436
2261161,3.6,3.6,436,70801,0.206,0.27,1,98374,97938,436
2264081,2.32,2.32,436,70831,0.2092,0.27,1,98376,97940,436
2267001,2.064,2.064,436,70861,0.20984,0.27,1,98378,97942,436
2269921,2.0128,2.0128,436,70891,0.209968,0.17,1,98380,97944,436
2272841,175.603,182.003,428,70921,0.153994,0.1,1,98599,98171,428
2275761,42.3205,46.8005,424,70951,0.158799,0.18,1,98608,98184,424
2278681,17.2641,12.5601,431,70981,0.19976,0.2,1,98619,98188,431
2281601,76.2528,76.112,430,71011,0.215952,0.2,1,98710,98280,430
2284521,16.8506,16.8224,430,71041,0.21919,0.21,1,98712,98282,430
2287441,4.97011,4.96448,430,71071,0.219838,0.21,1,98714,98284,430
2290361,2.59402,2.5929,430,71100,0.219968,0.19,1,98716,98286,430
2293281,49.3188,48.5186,431,71129,0.243994,0.19,1,98777,98346,431
2296201,11.4638,11.3037,431,71158,0.248799,0.19,1,98779,98348,431
2299121,3.89275,3.86074,431,71187,0.24976,0.19,1,98781,98350,431
2302041,2.37855,2.37215,431,71216,0.249952,0.19,1,98783,98352,431
2304961,2.07571,2.07443,431,71245,0.24999,0.19,1,98785,98354,431
2307881,2.01514,2.01489,431,71274,0.217998,0.19,1,98787,98356,431
2310801,2.00303,2.00298,431,71303,0.2116,0.19,1,98789,98358,431
2313721,2.00061,2.0006,431,71332,0.21032,0.19,1,98791,98360,431
2316641,2.80012,2.00012,432,71361,0.226064,0.19,1,98794,98362,432
2319561,2.16002,2.00002,432,71390,0.229213,0.19,1,98796,98364,432
2322481,2.032,2,432,71419,0.229843,0.19,1,98798,98366,432
2325401,2.0064,2,432,71448,0.229969,0.19,1,98800,98368,432
2328321,2.00128,2,432,71477,0.245994,0.21,1,98802,98370,432
2331241,3.60026,3.6,432,71506,0.217199,0.21,1,98806,98374,432
2334161,2.32005,2.32,432,71535,0.21144,0.21,1,98808,98376,432
2337081,2.06401,2.064,432,71564,0.210288,0.21,1,98810,98378,432
2340001,2.0128,2.0128,432,71593,0.210058,0.14,1,98812,98380,432
2342921,173.203,175.603,429,71622,0.290012,0.16,1,99028,98599,429
2345841,43.4405,42.3205,431,71651,0.170002,0.21,1,99039,98608,431
2348761,10.2881,17.2641,422,71680,0.234,0.22,1,99041,98619,422
2351681,83.6576,76.2528,433,71709,0.2068,0.22,1,99143,98710,433
2354601,18.3315,16.8506,433,71738,0.20136,0.22,1,99145,98712,433
2357521,5.2663,4.97011,433,71767,0.200272,0.22,1,99147,98714,433
2360441,2.65326,2.59402,433,71796,0.200054,0.25,1,99149,98716,433
2363361,48.5307,49.3188,432,71825,0.288011,0.25,1,99209,98777,432
2366281,11.3061,11.4638,432,71854,0.305602,0.25,1,99211,98779,432
2369201,3.86123,3.89275,432,71883,0.30912,0.25,1,99213,98781,432
2372121,2.37225,2.37855,432,71912,0.309824,0.25,1,99215,98783,432
2375041,2.07445,2.07571,432,71941,0.309965,0.21,1,99217,98785,432
2377961,2.01489,2.01514,432,71970,0.309993,0.21,1,99219,98787,432
2380881,2.00298,2.00303,432,71999,0.309999,0.21,1,99221,98789,432
2383801,2.8006,2.00061,433,72028,0.326,0.23,1,99224,98791,433
2386721,2.16012,2.80012,432,72057,0.3292,0.23,1,99226,98794,432
2389641,2.03202,2.16002,432,72086,0.32984,0.23,1,99228,98796,432
2392561,2.0064,2.032,432,72115,0.345968,0.23,1,99230,98798,432
2395481,2.00128,2.0064,432,72144,0.349194,0.25,1,99232,98800,432
2398401,2.00026,2.00128,432,72173,0.317839,0.21,1,99234,98802,432
2401321,3.60005,3.60026,432,72202,0.311568,0.21,1,99238,98806,432
2404241,2.32001,2.32005,432,72231,0.310314,0.21,1,99240,98808,432
2407161,2.064,0.46401,434,72260,0.310063,0.21,1,99242,98808,434
2410081,2.0128,1.6928,434,72289,0.310013,0.21,1,99244,98810,434
2411541,161.203,1.93856,633,72318,0.326003,0.31,1,99445,98812,633
2414461,41.0405,173.188,428,72347,0.3532,0.14,1,99456,99028,428
2417381,16.2081,43.4375,427,72376,0.28664,0.25,1,99466,99039,427
2420301,4.84162,10.2875,427,72405,0.273328,0.2,1,99468,99041,427
2423221,89.7683,83.6575,436,72434,0.334666,0.2,1,99579,99143,436
2426141,19.5537,18.3315,436,72463,0.354933,0.2,1,99581,99145,436
2429061,5.51073,5.2663,436,72492,0.358987,0.2,1,99583,99147,436
2431981,2.70215,2.65326,436,72521,0.327797,0.31,1,99585,99149,436
2434901,49.3404,48.5307,437,72550,0.377559,0.31,1,99646,99209,437
2437821,11.4681,11.3061,437,72579,0.387512,0.31,1,99648,99211,437
2440741,3.89362,3.86123,437,72608,0.389502,0.31,1,99650,99213,437
2443661,2.37872,2.37225,437,72637,0.3899,0.31,1,99652,99215,437
2446581,2.07574,2.07445,437,72666,0.38998,0.31,1,99654,99217,437
2449501,2.81515,2.01489,438,72695,0.421996,0.31,1,99657,99219,438
2452421,2.16303,2.00298,438,72724,0.428399,0.33,1,99659,99221,438
2455341,2.03261,2.8006,437,72753,0.42968,0.33,1,99661,99224,437
2458261,2.00652,2.16012,437,72782,0.429936,0.33,1,99663,99226,437
2461181,2.0013,2.03202,437,72811,0.429987,0.35,1,99665,99228,437
2464101,2.00026,2.0064,437,72840,0.397997,0.35,1,99667,99230,437
2467021,2.00005,2.00128,437,72869,0.3916,0.31,1,99669,99232,437
2469941,2.00001,2.00026,437,72898,0.39032,0.31,1,99671,99234,437
2472861,4.4,3.60005,438,72927,0.406064,0.31,1,99676,99238,438
2475781,2.48,2.32001,438,72956,0.409213,0.31,1,99678,99240,438
2478701,2.096,2.064,438,72985,0.409843,0.31,1,99680,99242,438
2481621,2.0192,2.0128,438,73014,0.409968,0.33,1,99682,99244,438
2484541,166.804,161.203,445,73043,0.345994,0.36,1,99890,99445,445
2487461,42.9608,41.0405,446,73072,0.293199,0.27,1,99902,99456,446
2490381,10.1922,16.2081,438,73101,0.37064,0.27,1,99904,99466,438
2493301,89.2384,4.84162,545,73130,0.370128,0.35,1,100013,99468,545
2496221,23.4477,89.7683,441,73159,0.442026,0.36,1,100020,99579,441
2499141,6.28954,19.5537,441,73188,0.456405,0.36,1,100022,99581,441
2502061,2.85791,5.51073,441,73217,0.459281,0.32,1,100024,99583,441
2504981,50.9716,2.70215,502,73246,0.435856,0.39,1,100087,99585,502
2507901,11.7943,49.3404,443,73275,0.431171,0.39,1,100089,99646,443
2510821,3.95886,11.4681,443,73304,0.430234,0.39,1,100091,99648,443
2513741,2.39177,3.89362,443,73333,0.430047,0.39,1,100093,99650,443
2516661,2.07835,2.37872,443,73362,0.430009,0.39,1,100095,99652,443
2519581,2.01567,2.07574,443,73391,0.430002,0.43,1,100097,99654,443
2522501,2.00313,2.81515,442,73420,0.43,0.43,1,100099,99657,442
2525421,2.00063,2.16303,442,73449,0.43,0.43,1,100101,99659,442
2528341,2.00013,2.03261,442,73478,0.43,0.43,1,100103,99661,442
2531261,2.00003,2.00652,442,73507,0.43,0.43,1,100105,99663,442
2534181,2.00001,2.0013,442,73535,0.43,0.39,1,100107,99665,442
2537101,2,2.00026,442,73563,0.43,0.39,1,100109,99667,442
2540021,2,2.00005,442,73591,0.43,0.39,1,100111,99669,442
2542941,5.2,2.00001,446,73619,0.43,0.41,1,100117,99671,446
2545861,2.64,4.4,443,73647,0.43,0.41,1,100119,99676,443
2548781,2.128,2.48,443,73675,0.43,0.41,1,100121,99678,443
2551701,2.0256,2.096,443,73703,0.43,0.41,1,100123,99680,443
2554621,2.00512,2.0192,443,73731,0.43,0.33,1,100125,99682,443
2557541,160.401,166.804,435,73759,0.51,0.28,1,100325,99890,435
2560461,40.0802,42.9608,433,73787,0.398,0.39,1,100335,99902,433
2563381,16.816,10.1922,442,73815,0.3996,0.37,1,100346,99904,442
2566301,92.1632,89.2384,444,73843,0.63192,0.46,1,100457,100013,444
2569221,20.0326,23.4477,439,73871,0.694384,0.46,1,100459,100020,439
2572141,5.60653,6.28954,439,73899,0.666877,0.46,1,100461,100022,439
2575061,5.92131,2.85791,443,73927,0.629375,0.43,1,100467,100024,443
2577981,51.5843,50.9716,443,73955,0.709875,0.43,1,100530,100087,443
2580901,11.9169,11.7943,443,73983,0.725975,0.43,1,100532,100089,443
2583821,3.98337,3.95886,443,74011,0.729195,0.43,1,100534,100091,443
2586741,2.39667,2.39177,443,74039,0.729839,0.43,1,100536,100093,443
2589661,2.07933,2.07835,443,74067,0.729968,0.43,1,100538,100095,443
2592581,2.01587,2.01567,443,74095,0.697994,0.43,1,100540,100097,443
2595501,2.00317,2.00313,443,74123,0.691599,0.43,1,100542,100099,443
2598421,2.00063,2.00063,443,74151,0.69032,0.43,1,100544,100101,443
2601341,2.00013,2.00013,443,74179,0.690064,0.43,1,100546,100103,443
2604261,2.00003,2.00003,443,74207,0.690013,0.43,1,100548,100105,443
2607181,2.00001,2.00001,443,74235,0.690003,0.43,1,100550,100107,443
2610101,2,2,443,74263,0.690001,0.43,1,100552,100109,443
2613021,2,2,443,74291,0.69,0.43,1,100554,100111,443
2615941,5.2,5.2,443,74319,0.69,0.43,1,100560,100117,443
2618861,2.64,2.64,443,74347,0.69,0.43,1,100562,100119,443
2621781,2.128,2.128,443,74375,0.69,0.43,1,100564,100121,443
2624701,2.0256,2.0256,443,74403,0.69,0.43,1,100566,100123,443
2627621,2.00512,2.00512,443,74431,0.69,0.53,1,100568,100125,443
2630541,158.001,160.401,440,74459,0.722,0.37,1,100765,100325,440
2633461,40.4002,40.0802,441,74487,0.7284,0.4,1,100776,100335,441
2636381,17.68,16.816,442,74515,0.68968,0.69,1,100788,100346,442
2639301,100.336,92.1632,452,74543,0.753936,0.71,2,100909,100457,452
2642221,21.6672,20.0326,452,74571,0.766787,0.66,2,100911,100459,452
2645141,5.93344,5.60653,452,74599,0.769357,0.62,2,100913,100461,452
2648061,5.98669,5.92131,452,74627,0.793871,0.73,2,100919,100467,452
2650981,54.7973,51.5843,456,74655,0.830774,0.73,2,100986,100530,456
2653901,12.5595,11.9169,456,74683,0.846155,0.73,2,100988,100532,456
2656821,4.11189,3.98337,456,74711,0.849231,0.73,2,100990,100534,456
2659741,2.42238,2.39667,456,74739,0.841846,0.73,2,100992,100536,456
2662661,2.08448,2.07933,456,74767,0.848369,0.69,2,100994,100538,456
2665581,2.0169,2.01587,456,74795,0.849674,0.69,2,100996,100540,456
2668501,2.00338,2.00317,456,74823,0.849935,0.69,2,100998,100542,456
2671421,2.00068,2.00063,456,74851,0.849987,0.69,2,101000,100544,456
2674341,2.00014,2.00013,456,74879,0.849997,0.69,2,101002,100546,456
2677261,2.00003,2.00003,456,74907,0.849999,0.69,2,101004,100548,456
2680181,2.00001,2.00001,456,74935,0.85,0.69,2,101006,100550,456
2683101,2,2,456,74963,0.85,0.69,2,101008,100552,456
2686021,2,2,456,74991,0.85,0.69,2,101010,100554,456
2688941,5.2,5.2,456,75019,0.858,0.69,2,101016,100560,456
2691861,2.64,2.64,456,75047,0.8516,0.69,2,101018,100562,456
2694781,2.128,2.128,456,75075,0.85032,0.69,2,101020,100564,456
2697701,2.0256,2.0256,456,75103,0.882064,0.69,2,101022,100566,456
2700621,2.00512,2.00512,456,75131,0.888413,0.73,2,101024,100568,456
2703541,158.001,158.001,456,75159,0.921683,0.73,2,101221,100765,456
2706461,39.6002,31.6002,466,75187,0.896336,0.73,2,101231,100765,466
2709381,10.32,15.12,458,75215,0.875267,0.68,2,101234,100776,458
3007221,6,18,489,78002,0.95,1,2,103121,102632,489
3010141,9.2,9.2,492,78029,0.942,1,2,103131,102639,492
3013061,107.44,130.64,463,78056,0.7724,1,2,103263,102800,463
3015981,32.688,26.128,477,78083,0.71448,1,1,103277,102800,477
3018901,27.3376,13.2256,493,78110,0.598896,1,1,103303,102810,493
3021821,15.0675,12.2451,493,78137,0.551779,1,1,103315,102822,493
3024741,24.6135,10.449,510,78164,0.398356,1,1,103342,102832,510
3027661,12.1227,44.4898,466,78191,0.271671,1,1,103351,102885,466
3030581,12.0245,13.698,472,78218,0.190334,1,1,103363,102891,472
3033501,13.6049,7.53959,480,78245,0.0780668,1,1,103377,102897,480
3036421,13.121,9.50792,483,78272,0.0236134,1,1,103390,102907,483
3039341,11.4242,7.50158,487,78299,0.0287227,1,1,103401,102914,487
3042261,13.4848,6.30032,495,78326,0.00574453,1,1,103415,102920,495
3045181,9.89697,6.06006,498,78353,0.00114891,1,1,103424,102926,498
3048101,9.17939,6.01201,501,78380,0.00822978,1,1,103433,102932,501
3051021,8.23588,6.0024,503,78407,0.00164596,1,1,103441,102938,503
3053941,8.04718,6.00048,505,78434,0.000329191,1,1,103449,102944,505
3056861,8.00944,6.0001,507,78461,0.00806584,1,1,103457,102950,507
3059781,8.80189,6.00002,510,78488,0.00961317,1,1,103466,102956,510
3062701,8.16038,6,512,78515,0.0419226,1,1,103474,102962,512
3065621,8.03208,6,514,78542,0.0323845,1,1,103482,102968,514
3068541,10.4064,6,519,78569,0.0304769,1,1,103493,102974,519
3071461,10.8813,6,524,78596,0.0300954,1,1,103504,102980,524
3074381,10.9763,6,529,78623,0.0300191,1,1,103515,102986,529
3077301,50.1953,6,583,78650,0.0620038,0.91,1,103575,102992,583
3080221,16.439,89.2,481,78677,0.0364008,0.94,1,103583,103102,481
3083141,7.28781,28.24,473,78704,0.0152802,0.95,1,103588,103115,473
3086061,5.45756,10.448,472,78731,0.011056,0.94,1,103593,103121,472
3088981,99.4915,10.0896,585,78758,0.0102112,0.73,1,103716,103131,585
3091901,31.0983,107.618,467,78785,0.0260422,0.7,1,103730,103263,467
3094821,19.8197,32.7236,470,78812,0.00520845,0.57,1,103747,103277,470
3097741,13.5639,27.3447,456,78839,0.00904169,0.54,1,103759,103303,456
3100661,14.7128,15.0689,459,78866,0.0258083,0.36,1,103774,103315,459
3103581,6.94256,24.6138,437,78893,0.165162,0.24,1,103779,103342,437
3106501,6.98851,12.1228,435,78920,0.225032,0.17,1,103786,103351,435
3118181,14,11,435,79026,0.55,0,1,103836,103401,435
3121101,10,13.4,430,79052,0.374,0,1,103845,103415,430
3124021,9.2,9.88,430,79078,0.3228,0.01,1,103854,103424,430
3126941,8.24,9.176,429,79104,0.23256,0,1,103862,103433,429
3129861,8.048,8.2352,429,79130,0.262512,0,1,103870,103441,429
3132781,8.0096,8.04704,429,79156,0.172502,0.01,1,103878,103449,429
3135701,10.4019,8.00941,432,79182,0.0745005,0.01,1,103889,103457,432
3138621,7.68038,8.80188,430,79208,0.0149001,0.05,1,103896,103466,430
3141541,7.13608,8.16038,429,79234,0.20298,0.03,1,103903,103474,429
3144461,10.2272,8.03208,432,79260,0.224596,0.03,1,103914,103482,432
3147381,10.8454,10.4064,432,79286,0.180919,0.03,1,103925,103493,432
3150301,13.3691,10.8813,435,79312,0.0361838,0.03,1,103939,103504,435
3153221,48.2738,10.9763,481,79338,0.0152368,0.07,1,103996,103515,481
3156141,16.0548,50.1953,429,79364,0.0430474,0.03,1,104004,103575,429
3159061,12.811,16.439,433,79390,0.0326095,0.01,1,104016,103583,433
3161981,4.96219,7.28781,431,79416,0.0145219,0.01,1,104019,103588,431
3164901,96.1924,5.45756,545,79442,0.00290438,0.01,1,104138,103593,545
3167821,29.6385,99.4915,435,79468,0.000580876,0.03,1,104151,103716,435
3170741,19.5277,31.0983,438,79494,0.00811618,0,1,104168,103730,438
3173661,13.5055,19.8197,433,79520,0.00962324,0.01,1,104180,103747,433
3176581,4.30111,13.5639,423,79546,0.00192465,0.03,1,104182,103759,423
3179501,17.6602,14.7128,429,79572,0.00838493,0.2,1,104203,103774,429
3182421,9.13204,6.94256,431,79598,0.00967699,0.24,1,104210,103779,431
3185341,38.6264,6.98851,470,79624,0.105935,1,1,104256,103786,470
3188261,13.3253,10.9977,465,79650,0.109187,0.89,1,104263,103798,465
3191181,8.26506,12.5995,459,79676,0.125837,0.77,1,104270,103811,459
3194101,4.05301,11.3199,451,79702,0.113167,0.55,1,104273,103822,451
3197021,3.2106,13.464,440,79728,0.126633,0.33,1,104276,103836,440
3199941,4.64212,9.8928,436,79754,0.113327,0.31,1,104281,103845,436
3202861,3.32842,9.17856,430,79780,0.126665,0.21,1,104284,103854,430
3205781,9.46568,8.23571,433,79806,0.113333,0.27,1,104295,103862,433
3208701,3.49314,8.04714,427,79832,0.110667,0.15,1,104297,103870,427
3211621,3.89863,8.00943,423,79858,0.110133,0.05,1,104301,103878,423
3214541,19.9797,10.4019,436,79884,0.0620267,0,1,104325,103889,436
3217461,8.79595,7.68038,435,79910,0.0524053,0.25,1,104331,103896,435
3220381,4.95919,7.13608,432,79936,0.0184811,0.23,1,104335,103903,432
3223301,7.39184,10.2272,429,79962,0.0116962,0.17,1,104343,103914,429
3226221,4.67837,10.8454,422,79988,0.0103392,0,1,104347,103925,422
3229141,12.1357,13.3691,422,80014,0.00206785,0.01,1,104361,103939,422
3232061,48.0271,48.2738,422,80040,0.00841357,0.05,1,104418,103996,422
3234981,16.8054,16.0548,423,80066,0.0256827,0.03,1,104427,104004,423
3237901,12.1611,12.811,422,80092,0.0291365,0.01,1,104438,104016,422
3240821,6.43222,4.96219,424,80118,0.0138273,0,1,104443,104019,424
3243741,94.8864,96.1924,422,80144,0.0267655,0,1,104560,104138,422
3246661,29.3773,29.6385,422,80170,0.00535309,0.01,1,104573,104151,422
3249581,19.4755,19.5277,422,80196,0.0410706,0.01,1,104590,104168,422
3252501,13.4951,13.5055,422,80222,0.0162141,0,1,104602,104180,422
3255421,4.29902,4.30111,422,80248,0.00324282,0.01,1,104604,104182,422
3258341,19.2598,17.6602,424,80274,0.0246486,0.01,1,104627,104203,424
3261261,10.252,9.13204,425,80300,0.00492971,0.13,1,104635,104210,425
3264181,39.6504,38.6264,426,80326,0.0569859,0.11,1,104682,104256,426
3267101,14.3301,13.3253,427,80352,0.0673972,0.13,1,104690,104263,427
3270021,7.66602,8.26506,426,80378,0.0694794,0.11,1,104696,104270,426
3272941,4.7332,4.05301,427,80404,0.0378959,0.13,1,104700,104273,427
3275861,2.54664,3.2106,426,80430,0.0635792,0.11,1,104702,104276,426
3278781,5.30933,4.64212,427,80456,0.0367158,0.13,1,104708,104281,427
3281701,2.66187,3.32842,426,80482,0.0313432,0.11,1,104710,104284,426
3284621,10.9324,9.46568,428,80508,0.0462686,0.11,1,104723,104295,428
3287541,3.78647,3.49314,428,80534,0.0492537,0.11,1,104725,104297,428
3290461,3.95729,3.89863,428,80560,0.0498507,0.05,1,104729,104301,428
3293381,15.1915,19.9797,422,80586,0.0499701,0.05,1,104747,104325,422
3296301,7.83829,8.79595,422,80612,0.049994,0.01,1,104753,104331,422
3299221,4.76766,4.95919,422,80638,0.0179988,0.01,1,104757,104335,422
3302141,7.35353,7.39184,422,80664,0.0435998,0.01,1,104765,104343,422
3305061,4.67071,4.67837,422,80690,0.04872,0,1,104769,104347,422
3307981,12.1341,12.1357,422,80716,0.00974399,0.01,1,104783,104361,422
3310901,48.0268,48.0271,422,80742,0.0099488,0.03,1,104840,104418,422
3313821,16.8054,16.8054,422,80768,0.0259898,0.03,1,104849,104427,422
3316741,12.9611,12.1611,423,80794,0.013198,0.01,1,104861,104438,423
3319661,7.39221,6.43222,424,80820,0.0426396,0.03,1,104867,104443,424
3322581,93.4784,94.8864,422,80846,0.0165279,0,1,104982,104560,422
3325501,29.0957,29.3773,422,80872,0.00330558,0.05,1,104995,104573,422
3328421,19.4191,19.4755,422,80898,0.0406611,0.01,1,105012,104590,422
3331341,13.4838,13.4951,422,80924,0.0161322,0,1,105024,104602,422
3334261,4.29677,4.29902,422,80950,0.00322644,0.03,1,105026,104604,422
3337181,19.2594,19.2598,422,80976,0.00864529,0.03,1,105049,104627,422
3340101,11.0519,3.85196,431,81002,0.00972906,0,1,105058,104627,431
3343021,39.0104,7.17039,469,81028,0.0899458,0.07,1,105104,104635,469
3345941,14.2021,39.0341,430,81054,0.105989,0.07,1,105112,104682,430
3348861,7.64041,14.2068,428,81080,0.109198,0.07,1,105118,104690,428
3351781,4.72808,7.64136,426,81106,0.10984,0.03,1,105122,104696,426
3354701,2.54562,4.72827,424,81132,0.109968,0.07,1,105124,104700,424
3357621,5.30912,2.54565,428,81158,0.109994,0.03,1,105130,104702,428
3360541,2.66182,5.30913,424,81184,0.109999,0.03,1,105132,104708,424
3363461,10.1324,2.66183,434,81210,0.11,0.05,1,105144,104710,434
3366381,3.62647,10.9324,423,81236,0.11,0.05,1,105146,104723,423
3369301,3.92529,3.78647,425,81262,0.11,0.05,1,105150,104725,425
3372221,15.1851,3.95729,439,81288,0.11,0.05,1,105168,104729,439
3375141,7.83701,15.1915,427,81314,0.11,0.05,1,105174,104747,427
3378061,4.7674,7.83829,425,81340,0.11,0.01,1,105178,104753,425
3380981,7.35348,4.76766,429,81366,0.126,0.05,1,105186,104757,429
3383901,4.6707,7.35353,425,81392,0.1292,0.05,1,105190,104765,425
3386821,12.1341,4.67071,435,81418,0.09784,0,1,105204,104769,435
3389741,48.0268,12.1341,478,81444,0.043568,0.01,1,105261,104783,478
3392661,16.8054,48.0268,430,81470,0.0167136,0.03,1,105270,104840,430
3395581,12.9611,16.8054,433,81496,0.0113427,0.01,1,105282,104849,433
3398501,7.39221,12.9611,427,81522,0.0262685,0.05,1,105288,104861,427
3401421,93.4784,7.39221,536,81548,0.0292537,0.01,1,105403,104867,536
3404341,29.0957,93.4784,434,81574,0.00585074,0,1,105416,104982,434
3407261,19.4191,29.0957,438,81600,0.00917015,0.05,1,105433,104995,438
3410181,13.4838,19.4191,433,81626,0.00983403,0.01,1,105445,105012,433
3413101,5.09677,13.4838,424,81652,0.00196681,0,1,105448,105024,424
3416021,18.6194,4.29677,444,81678,0.0243934,0.01,1,105470,105026,444
3418941,11.7239,19.2594,431,81704,0.0128787,0.01,1,105480,105049,431
3421861,42.3448,11.0519,472,81730,0.0265757,0.11,1,105530,105058,472
3424781,14.869,39.0104,434,81756,0.0293151,0.11,1,105538,105104,434
3427701,7.77379,14.2021,432,81782,0.029863,0.11,1,105544,105112,432
3430621,4.75476,7.64041,430,81808,0.0299726,0.11,1,105548,105118,430
3433541,2.55095,4.72808,428,81834,0.0459945,0.11,1,105550,105122,428
3436461,5.31019,2.54562,432,81860,0.0491989,0.11,1,105556,105124,432
3439381,2.66204,5.30912,428,81886,0.0498398,0.11,1,105558,105130,428
3442301,10.1324,2.66182,438,81912,0.049968,0.11,1,105570,105132,438
3445221,3.62648,10.1324,428,81938,0.0499936,0.11,1,105572,105144,428
3448141,3.9253,3.62647,430,81964,0.0499987,0.11,1,105576,105146,430
3451061,15.1851,3.92529,444,81990,0.0499997,0.11,1,105594,105150,444
3453981,8.63701,15.1851,433,82015,0.0339999,0.11,1,105601,105168,433
3456901,4.9274,7.83701,431,82040,0.0628,0.11,1,105605,105174,431
3459821,7.38548,4.7674,435,82065,0.06856,0.13,1,105613,105178,435
3462741,4.6771,7.35348,431,82090,0.069712,0.13,1,105617,105186,431
3465661,7.33542,4.6707,435,82115,0.0699424,0.09,1,105625,105190,435
3468581,47.8671,12.1341,479,82140,0.0379885,0.03,1,105683,105204,479
3471501,15.9734,48.0268,430,82165,0.0315977,0.01,1,105691,105261,430
3474421,13.5947,16.8054,434,82190,0.00631954,0.01,1,105704,105270,434
3477341,7.51894,12.9611,428,82215,0.00926391,0.03,1,105710,105282,428
3480261,92.7038,7.39221,536,82240,0.00185278,0.03,1,105824,105288,536
3483181,28.9408,93.4784,434,82265,0.000370556,0,1,105837,105403,434
3486101,19.3882,29.0957,438,82290,0.0240741,0.01,1,105854,105416,438
3489021,13.4776,19.4191,433,82315,0.0128148,0.01,1,105866,105433,433
3491941,5.09553,13.4838,424,82340,0.00256296,0,1,105869,105445,424
3494861,18.6191,5.09677,443,82365,0.00851259,0.03,1,105891,105448,443
3497781,12.5238,18.6194,432,82390,0.0417025,0.01,1,105902,105470,432
3500701,42.5048,11.7239,472,82415,0.0483405,0.03,1,105952,105480,472
3503621,14.901,42.3448,430,82440,0.0656681,0.03,1,105960,105530,430
3506541,4.58019,14.869,424,82465,0.0691336,0.03,1,105962,105538,424
3509461,5.71604,7.77379,424,82490,0.0698267,0.03,1,105968,105544,424
3512381,4.34321,4.75476,424,82515,0.0699653,0.05,1,105972,105548,424
3515301,2.46864,2.55095,424,82540,0.101993,0.05,1,105974,105550,424
3518221,5.29373,5.31019,424,82565,0.0763986,0.05,1,105980,105556,424
3521141,2.65875,2.66204,424,82590,0.0712797,0.05,1,105982,105558,424
3524061,10.1317,10.1324,424,82615,0.0702559,0.05,1,105994,105570,424
3526981,3.62635,3.62648,424,82640,0.0700512,0.05,1,105996,105572,424
3529901,3.92527,3.9253,424,82665,0.0700102,0.05,1,106000,105576,424
3532821,15.1851,15.1851,424,82690,0.070002,0.03,1,106018,105594,424
3535741,9.43701,8.63701,425,82715,0.0700004,0.07,1,106026,105601,425
3538661,5.0874,4.9274,425,82740,0.0700001,0.07,1,106030,105605,425
3541581,7.41748,7.38548,425,82765,0.07,0.07,1,106038,105613,425
3544501,4.6835,4.6771,425,82790,0.086,0.07,1,106042,105617,425
3547421,4.9367,7.33542,422,82815,0.1212,0.03,1,106047,105625,422
3550341,48.1873,47.8671,423,82840,0.03224,0.03,1,106106,105683,423
3553261,15.2375,15.9734,422,82865,0.030448,0,1,106113,105691,422
3556181,14.2475,13.5947,423,82890,0.0300896,0.01,1,106127,105704,423
3559101,7.6495,7.51894,423,82915,0.0300179,0,1,106133,105710,423
3562021,91.9299,92.7038,422,82940,0.0300036,0,1,106246,105824,422
3564941,28.786,28.9408,422,82965,0.00600072,0.03,1,106259,105837,422
3567861,19.3572,19.3882,422,82990,0.0252001,0.01,1,106276,105854,422
3570781,13.4714,13.4776,422,83015,0.01304,0,1,106288,105866,422
3573701,5.09429,5.09553,422,83040,0.00260801,0.01,1,106291,105869,422
3576621,19.4189,18.6191,423,83065,0.0085216,0.05,1,106314,105891,423
3579541,12.6838,12.5238,423,83090,0.0257043,0.05,1,106325,105902,423
3582461,44.1368,42.5048,425,83115,0.0131409,0.07,1,106377,105952,425
3585381,15.2274,14.901,425,83140,0.0266282,0.07,1,106385,105960,425
3588301,4.64547,4.58019,425,83165,0.00532563,0.07,1,106387,105962,425
3591221,5.72909,5.71604,425,83190,0.0410651,0.07,1,106393,105968,425
3594141,4.34582,4.34321,425,83215,0.016213,0.11,1,106397,105972,425
3597061,2.46916,2.46864,425,83240,0.0432426,0.07,1,106399,105974,425
3599981,5.29383,5.29373,425,83265,0.0166485,0.07,1,106405,105980,425
3602901,2.65877,2.65875,425,83290,0.0113297,0.07,1,106407,105982,425
3605821,10.1318,10.1317,425,83315,0.0262659,0.07,1,106419,105994,425
3608741,3.62635,3.62635,425,83340,0.0292532,0.07,1,106421,105996,425
3611661,3.92527,3.92527,425,83365,0.0298506,0.07,1,106425,106000,425
3614581,15.1851,15.1851,425,83390,0.0619701,0.07,1,106443,106018,425
3617501,9.43701,9.43701,425,83415,0.068394,0.07,1,106451,106026,425
3620421,5.8874,5.0874,426,83440,0.0536788,0.07,1,106456,106030,426
3623341,8.37748,7.41748,427,83465,0.0347358,0.09,1,106465,106038,427
3626261,4.8755,4.6835,427,83490,0.0309472,0.13,1,106469,106042,427
3629181,4.1751,4.9367,426,83515,0.0301894,0.01,1,106473,106047,426
3632101,44.835,48.1873,422,83540,0.0140379,0.03,1,106528,106106,422
3635021,14.567,15.2375,422,83565,0.0268076,0.03,1,106535,106113,422
3637941,14.1134,14.2475,422,83590,0.0293615,0.03,1,106549,106127,422
3640861,7.62268,7.6495,422,83615,0.0458723,0.03,1,106555,106133,422
3643781,91.9245,91.9299,422,83640,0.0171745,0,1,106668,106246,422
3646701,28.7849,28.786,422,83665,0.00343489,0.03,1,106681,106259,422
3649621,19.357,19.3572,422,83690,0.024687,0.01,1,106698,106276,422
3652541,13.4714,13.4714,422,83715,0.0129374,0,1,106710,106288,422
3655461,5.09428,5.09429,422,83740,0.00258748,0.01,1,106713,106291,422
3658381,19.4189,19.4189,422,83765,0.0085175,0.03,1,106736,106314,422
3661301,12.6838,12.6838,422,83790,0.0257035,0.01,1,106747,106325,422
3664221,44.1368,44.1368,422,83815,0.0291407,0.03,1,106799,106377,422
3667141,15.2274,15.2274,422,83840,0.0298281,0,1,106807,106385,422
3670061,4.64547,4.64547,422,83865,0.00596563,0.05,1,106809,106387,422
3672981,5.72909,5.72909,422,83890,0.00919313,0.01,1,106815,106393,422
3675901,4.34582,4.34582,422,83915,0.00983862,0.01,1,106819,106397,422
3678821,2.46916,0.869164,424,83940,0.0419677,0.05,1,106821,106397,424
3681741,5.29383,1.77383,428,83965,0.0163935,0.01,1,106827,106399,428
3684661,2.65877,5.15477,424,83990,0.0112787,0.01,1,106829,106405,424
3687581,10.1318,2.63095,434,84015,0.0262557,0.03,1,106841,106407,434
3690501,3.62635,10.1262,424,84040,0.0292511,0.03,1,106843,106419,424
3693421,3.92527,3.62524,426,84065,0.0298502,0.03,1,106847,106421,426
3696341,15.1851,3.92505,440,84090,0.02997,0.07,1,106865,106425,440
3699261,9.43701,15.185,430,84115,0.029994,0.07,1,106873,106443,430
3702181,5.0874,9.437,426,84140,0.0299988,0.05,1,106877,106451,426
3705101,9.01748,5.8874,431,84165,0.0299998,0.03,1,106887,106456,431
3708021,5.0035,8.37748,426,84190,0.046,0.03,1,106891,106465,426
3710941,4.2007,4.8755,426,84215,0.0492,0.03,1,106895,106469,426
3713861,44.0401,4.1751,476,84240,0.04984,0.01,1,106949,106473,476
3716781,14.408,44.835,428,84265,0.081968,0.03,1,106956,106528,428
3719701,14.0816,14.567,435,84290,0.0243936,0.03,1,106970,106535,435
3722621,7.61632,14.1134,427,84315,0.0448787,0.05,1,106976,106549,427
3725541,91.9233,7.62268,534,84340,0.0169757,0.01,1,107089,106555,534
3728461,28.7847,91.9245,434,84365,0.00339515,0,1,107102,106668,434
3731381,19.3569,28.7849,438,84390,0.024679,0.03,1,107119,106681,438
3734301,13.4714,19.357,433,84415,0.0129358,0.01,1,107131,106698,433
3737221,5.09428,13.4714,424,84440,0.00258716,0,1,107134,106710,424
3740141,19.4189,5.09428,444,84465,0.0245174,0.01,1,107157,106713,444
3743061,12.6838,19.4189,432,84490,0.0289035,0.03,1,107168,106736,432
3745981,44.1368,12.6838,473,84515,0.0297807,0.03,1,107220,106747,473
3748901,15.2274,44.1368,429,84540,0.0299561,0.03,1,107228,106799,429
3751821,4.64547,15.2274,423,84565,0.0299912,0,1,107230,106807,423
3754741,5.72909,4.64547,427,84590,0.0299982,0.01,1,107236,106809,427
3757661,4.34582,5.72909,425,84615,0.0299996,0.01,1,107240,106815,425
3760581,2.46916,4.34582,423,84640,0.0299999,0.05,1,107242,106819,423
3763501,6.09383,2.46916,428,84665,0.046,0.01,1,107249,106821,428
3766421,2.81877,5.29383,424,84690,0.0492,0.01,1,107251,106827,424
3769341,10.1638,2.65877,434,84715,0.03384,0.03,1,107263,106829,434
3772261,3.63275,10.1318,424,84740,0.030768,0.03,1,107265,106841,424
3775181,3.92655,3.62635,426,84765,0.0301536,0.03,1,107269,106843,426
3778101,15.1853,3.92527,440,84790,0.0300307,0.03,1,107287,106847,440
3781021,9.43706,15.1851,430,84815,0.0300061,0.03,1,107295,106865,430
3783941,5.08741,9.43701,426,84840,0.0300012,0.03,1,107299,106873,426
3786861,9.81748,5.0874,433,84865,0.0460002,0.03,1,107310,106877,433
3789781,5.1635,9.01748,427,84890,0.0492,0.05,1,107314,106887,427
3792701,4.2327,5.0035,427,84915,0.04984,0.05,1,107318,106891,427
3795621,44.8465,4.2007,478,84940,0.049968,0.05,1,107373,106895,478
3798541,13.7693,44.0401,430,84965,0.0499936,0.09,1,107379,106949,430
3801461,13.9539,14.408,437,84990,0.0499987,0.01,1,107393,106956,437
3804381,7.59077,14.0816,429,85015,0.0499997,0.05,1,107399,106970,429
3807301,90.3182,7.61632,534,85040,0.0339999,0.01,1,107510,106976,534
3810221,28.4636,91.9233,434,85065,0.00679999,0,1,107523,107089,434
3813141,19.2927,28.7847,438,85090,0.00136,0.03,1,107540,107102,438
3816061,13.4585,19.3569,433,85115,0.008272,0.01,1,107552,107119,433
3818981,5.09171,13.4714,424,85140,0.0016544,0,1,107555,107131,424
3821901,19.4183,5.09428,444,85165,0.0243309,0.03,1,107578,107134,444
3824821,12.6837,19.4189,432,85190,0.0288662,0.03,1,107589,107157,432
3827741,44.9367,12.6838,474,85215,0.0457732,0.03,1,107642,107168,474
3830661,15.3873,44.1368,430,85240,0.0491547,0.03,1,107650,107220,430
3833581,4.67747,15.2274,424,85265,0.0498309,0.03,1,107652,107228,424
3836501,5.73549,4.64547,428,85289,0.0499662,0.03,1,107658,107230,428
3839421,4.3471,5.72909,426,85313,0.0499932,0.03,1,107662,107236,426
3842341,2.46942,4.34582,424,85337,0.0499986,0.03,1,107664,107240,424
3845261,5.29388,2.46916,428,85361,0.0499997,0.05,1,107670,107242,428
3848181,2.65878,6.09383,423,85385,0.0499999,0.05,1,107672,107249,423
3851101,2.13176,2.81877,423,85409,0.05,0.03,1,107674,107251,423
3854021,10.0264,10.1638,423,85433,0.05,0.03,1,107686,107263,423
3856941,3.60527,3.63275,423,85457,0.05,0.03,1,107688,107265,423
3859861,3.92105,3.92655,423,85481,0.05,0.03,1,107692,107269,423
3862781,15.1842,15.1853,423,85505,0.05,0.03,1,107710,107287,423
3865701,9.43684,9.43706,423,85529,0.05,0.03,1,107718,107295,423
3868621,5.08737,5.08741,423,85553,0.05,0.05,1,107722,107299,423
3871541,10.6175,9.81748,424,85577,0.05,0.05,1,107734,107310,424
3874461,5.32349,5.1635,424,85601,0.05,0.05,1,107738,107314,424
3877381,4.2647,4.2327,424,85625,0.05,0.05,1,107742,107318,424
3880301,44.8529,44.8465,424,85649,0.034,0.05,1,107797,107373,424
3883221,13.7706,13.7693,424,85673,0.0308,0.05,1,107803,107379,424
3886141,13.9541,13.9539,424,85697,0.04616,0.05,1,107817,107393,424
3889061,7.59082,7.59077,424,85721,0.049232,0.03,1,107823,107399,424
3891981,88.7182,90.3182,422,85745,0.0338464,0,1,107932,107510,422
3894901,28.1436,28.4636,422,85769,0.00676928,0,1,107945,107523,422
3897821,19.2287,19.2927,422,85793,0.00135386,0.01,1,107962,107540,422
3900741,13.4457,13.4585,422,85817,0.00827077,0,1,107974,107552,422
3903661,5.08915,5.09171,422,85841,0.00165415,0.03,1,107977,107555,422
3906581,19.4178,19.4183,422,85865,0.00833083,0.03,1,108000,107578,422
3909501,13.4836,12.6837,423,85889,0.00966617,0.05,1,108012,107589,423
3912421,45.8967,44.9367,424,85913,0.0259332,0.05,1,108066,107642,424
3915341,15.5793,15.3873,424,85937,0.0451867,0.05,1,108074,107650,424
3918261,4.71587,4.67747,424,85961,0.0170373,0.05,1,108076,107652,424
3921181,5.74317,5.73549,424,85985,0.0434075,0.05,1,108082,107658,424
3924101,4.34863,4.3471,424,86009,0.0166815,0.05,1,108086,107662,424
3927021,2.46973,2.46942,424,86033,0.0433363,0.05,1,108088,107664,424
3929941,5.29395,5.29388,424,86057,0.0166673,0.05,1,108094,107670,424
3932861,2.65879,2.65878,424,86081,0.0113335,0.05,1,108096,107672,424
3935781,2.13176,2.13176,424,86105,0.0102667,0.05,1,108098,107674,424
3938701,10.0264,10.0264,424,86129,0.0100533,0.05,1,108110,107686,424
3941621,3.60527,3.60527,424,86153,0.0100107,0.05,1,108112,107688,424
3944541,3.92105,3.92105,424,86177,0.0100021,0.05,1,108116,107692,424
3947461,15.1842,15.1842,424,86201,0.0580004,0.05,1,108134,107710,424
3950381,9.43684,9.43684,424,86225,0.0676001,0.05,1,108142,107718,424
3953301,5.08737,5.08737,424,86249,0.03752,0.05,1,108146,107722,424
3956221,10.6175,10.6175,424,86273,0.031504,0.05,1,108158,107734,424
3959141,6.12349,5.32349,425,86297,0.0463008,0.05,1,108163,107738,425
3962061,4.4247,4.2647,425,86321,0.0492602,0.03,1,108167,107742,425
3964981,43.2849,44.8529,423,86345,0.017852,0.03,1,108220,107797,423
3967901,14.257,13.7706,424,86369,0.0275704,0.05,1,108227,107803,424
3970821,14.0514,13.9541,424,86393,0.0135141,0.05,1,108241,107817,424
3973741,7.61028,7.59082,424,86417,0.0427028,0.03,1,108247,107823,424
3976661,87.1221,88.7182,422,86441,0.0165406,0,1,108354,107932,422
3979581,27.8244,28.1436,422,86465,0.00330811,0,1,108367,107945,422
3982501,19.1649,19.2287,422,86489,0.000661622,0.01,1,108384,107962,422
3985421,13.433,13.4457,422,86513,0.00813232,0,1,108396,107974,422
3988341,5.0866,5.08915,422,86537,0.00162646,0.01,1,108399,107977,422
3991261,19.4173,19.4178,422,86561,0.0563253,0.01,1,108422,108000,422
3994181,13.4835,13.4836,422,86585,0.0192651,0.03,1,108434,108012,422
3997101,45.8967,45.8967,422,86609,0.043853,0.05,1,108488,108066,422
4000021,15.5793,15.5793,422,86633,0.0167706,0.01,1,108496,108074,422
4002941,4.71587,4.71587,422,86657,0.0113541,0.05,1,108498,108076,422
4005861,5.74317,5.74317,422,86681,0.0102708,0.01,1,108504,108082,422
4008781,4.34863,4.34863,422,86705,0.0100542,0.05,1,108508,108086,422
4011701,2.46973,2.46973,422,86729,0.0420108,0.01,1,108510,108088,422
4014621,5.29395,5.29395,422,86753,0.0164022,0.01,1,108516,108094,422
4017541,2.65879,2.65879,422,86777,0.0112804,0.01,1,108518,108096,422
4020461,2.13176,2.13176,422,86801,0.0102561,0.01,1,108520,108098,422
4023381,10.0264,10.0264,422,86825,0.0100512,0.01,1,108532,108110,422
4026301,3.60527,2.00527,424,86849,0.0100102,0.01,1,108534,108110,424
4029221,3.92105,2.00105,426,86873,0.010002,0.01,1,108538,108112,426
4032141,15.1842,3.60021,440,86897,0.0260004,0.07,1,108556,108116,440
4035061,9.43684,15.12,430,86921,0.0292001,0.07,1,108564,108134,430
4037981,5.08737,9.42401,426,86945,0.02984,0.03,1,108568,108142,426
4040901,10.6175,5.0848,434,86969,0.029968,0.03,1,108580,108146,434
4043821,5.32349,10.617,426,86993,0.0299936,0.05,1,108584,108158,426
4046741,4.2647,6.12339,425,87017,0.0299987,0.05,1,108588,108163,425
4049661,43.2529,4.42468,474,87041,0.0299997,0.01,1,108641,108167,474
4052581,14.2506,43.2849,428,87065,0.0459999,0.03,1,108648,108220,428
4055501,14.0501,14.257,435,87089,0.0332,0.01,1,108662,108227,435
4058421,7.61002,14.0514,427,87113,0.03064,0.05,1,108668,108241,427
4061341,87.122,7.61028,528,87137,0.014128,0.01,1,108775,108247,528
4064261,27.8244,87.1221,434,87161,0.0028256,0,1,108788,108354,434
4067181,19.1649,27.8244,438,87185,0.00056512,0,1,108805,108367,438
4070101,13.433,19.1649,433,87209,0.00811302,0.01,1,108817,108384,433
4073021,5.0866,13.433,424,87233,0.0016226,0,1,108820,108396,424
4075941,19.4173,5.0866,444,87257,0.00832452,0.07,1,108843,108399,444
4078861,13.4835,19.4173,433,87281,0.0096649,0.01,1,108855,108422,433
4081781,45.8967,13.4835,475,87305,0.025933,0.05,1,108909,108434,475
4084701,15.5793,45.8967,429,87329,0.0291866,0.01,1,108917,108488,429
4087621,4.71587,15.5793,423,87353,0.0298373,0.01,1,108919,108496,423
4090541,5.74317,4.71587,427,87377,0.0299675,0.01,1,108925,108498,427
4093461,4.34863,5.74317,425,87401,0.0299935,0.01,1,108929,108504,425
4096381,2.46973,4.34863,423,87425,0.0299987,0.05,1,108931,108508,423
4099301,5.29395,2.46973,427,87449,0.0459997,0.01,1,108937,108510,427
4102221,2.65879,5.29395,423,87473,0.0491999,0.01,1,108939,108516,423
4105141,2.13176,2.65879,423,87497,0.04984,0.01,1,108941,108518,423
4108061,10.0264,2.13176,433,87521,0.049968,0.01,1,108953,108520,433
4110981,3.60527,10.0264,423,87545,0.0499936,0.01,1,108955,108532,423
4113901,4.72105,3.60527,426,87569,0.0659987,0.01,1,108960,108534,426
4116821,15.3442,3.92105,440,87593,0.0371997,0.03,1,108978,108538,440
4119741,9.46884,15.1842,430,87617,0.0314399,0.03,1,108986,108556,430
4122661,5.09377,9.43684,426,87641,0.046288,0.03,1,108990,108564,426
4125581,10.6188,5.08737,434,87665,0.0492576,0.03,1,109002,108568,434
4128501,6.12375,10.6175,427,87689,0.0658515,0.03,1,109007,108580,427
4131421,4.42475,5.32349,427,87713,0.0371703,0.03,1,109011,108584,427
4134341,42.485,4.2647,475,87737,0.0314341,0.03,1,109063,108588,475
4137261,13.297,43.2529,428,87761,0.0302868,0.05,1,109069,108641,428
4140181,14.6594,14.2506,436,87785,0.0140574,0.03,1,109084,108648,436
4143101,8.53188,14.0501,429,87809,0.0108115,0.03,1,109091,108662,429
4146021,85.7064,7.61002,528,87833,0.0261623,0.01,1,109196,108668,528
4148941,27.5413,87.122,434,87857,0.00523246,0,1,109209,108775,434
4151861,19.1083,27.8244,438,87881,0.00104649,0,1,109226,108788,438
4154781,13.4217,19.1649,433,87905,0.0082093,0.01,1,109238,108805,433
4157701,5.08433,13.433,424,87929,0.00164186,0,1,109241,108817,424
4160621,19.4169,5.0866,444,87953,0.0243284,0.01,1,109264,108820,444
4163541,13.4834,19.4173,433,87977,0.0128657,0.01,1,109276,108843,433
4166461,46.6967,13.4835,476,88001,0.0425731,0.03,1,109331,108855,476
4169381,15.7393,45.8967,430,88025,0.0485146,0.03,1,109339,108909,430
4172301,4.74787,15.5793,424,88049,0.0497029,0.03,1,109341,108917,424
4175221,6.54957,4.71587,429,88073,0.0339406,0.03,1,109348,108919,429
4178141,4.50991,5.74317,427,88097,0.0627881,0.03,1,109352,108925,427
4181061,2.50198,4.34863,425,88121,0.0365576,0.03,1,109354,108929,425
4183981,5.3004,2.46973,429,88145,0.0313115,0.05,1,109360,108931,429
4186901,2.66008,5.29395,425,88169,0.0302623,0.05,1,109362,108937,425
4189821,2.13202,2.65879,425,88193,0.0300525,0.05,1,109364,108939,425
4192741,10.0264,2.13176,435,88217,0.0300105,0.05,1,109376,108941,435
4195661,3.60528,10.0264,425,88241,0.0300021,0.05,1,109378,108953,425
4198581,3.92106,3.60527,427,88265,0.0300004,0.07,1,109382,108955,427
4201501,15.1842,4.72105,440,88289,0.0300001,0.03,1,109400,108960,440
4204421,4.63684,15.3442,424,88313,0.03,0.03,1,109402,108978,424
4207341,7.32737,9.46884,424,88337,0.03,0.05,1,109410,108986,424
4210261,4.66547,5.09377,424,88361,0.03,0.05,1,109414,108990,424
4213181,10.5331,10.6188,424,88385,0.03,0.07,1,109426,109002,424
4216101,6.90662,6.12375,425,88409,0.03,0.03,1,109432,109007,425
4219021,4.58132,4.42475,425,88433,0.03,0.03,1,109436,109011,425
4221941,40.9163,42.485,423,88457,0.062,0.03,1,109486,109063,423
4224861,12.9833,13.297,423,88481,0.0684,0.01,1,109492,109069,423
4227781,14.5967,14.6594,423,88505,0.08568,0.01,1,109507,109084,423
4230701,9.31933,8.53188,424,88529,0.057136,0.03,1,109515,109091,424
4233621,84.2639,85.7064,422,88553,0.0354272,0,1,109618,109196,422
4236541,27.2528,27.5413,422,88577,0.00708544,0,1,109631,109209,422
4239461,19.0506,19.1083,422,88601,0.00141709,0.01,1,109648,109226,422
4242381,13.4101,13.4217,422,88625,0.00828342,0,1,109660,109238,422
4245301,5.08202,5.08433,422,88649,0.00165668,0.03,1,109663,109241,422
4248221,19.4164,19.4169,422,88673,0.0403313,0.01,1,109686,109264,422
4251141,14.2833,13.4834,423,88697,0.00806627,0.05,1,109699,109276,423
4254061,47.6567,46.6967,424,88721,0.0256133,0.05,1,109755,109331,424
4256981,15.9313,15.7393,424,88745,0.0451227,0.05,1,109763,109339,424
4259901,4.78627,4.74787,424,88769,0.0170245,0.03,1,109765,109341,424
4262821,5.75725,6.54957,423,88793,0.0434049,0.07,1,109771,109348,423
4265741,4.35145,4.50991,423,88817,0.016681,0.03,1,109775,109352,423
4268661,2.47029,2.50198,423,88840,0.0433362,0.03,1,109777,109354,423
4271581,5.29406,5.3004,423,88863,0.0166672,0.03,1,109783,109360,423
4274501,2.65881,2.66008,423,88886,0.0113334,0.03,1,109785,109362,423
4277421,2.13176,2.13202,423,88909,0.0102667,0.03,1,109787,109364,423
4280341,10.0264,10.0264,423,88932,0.0260533,0.03,1,109799,109376,423
4283261,3.60527,3.60528,423,88955,0.0292107,0.03,1,109801,109378,423
4286181,3.92105,3.92106,423,88978,0.0298421,0.03,1,109805,109382,423
4289101,15.1842,15.1842,423,89001,0.0619684,0.03,1,109823,109400,423
4292021,4.63684,4.63684,423,89024,0.0683937,0.03,1,109825,109402,423
4294941,7.32737,7.32737,423,89047,0.0376787,0.03,1,109833,109410,423
4297861,4.66547,4.66547,423,89070,0.0315357,0.03,1,109837,109414,423
4300781,10.5331,10.5331,423,89093,0.0463072,0.03,1,109849,109426,423
4303701,6.90662,6.90662,423,89116,0.0812614,0.03,1,109855,109432,423
4306621,5.38132,4.58132,424,89139,0.0722523,0.07,1,109860,109436,424
4309541,41.8763,40.9163,425,89162,0.0544505,0.07,1,109911,109486,425
4312461,13.1753,12.9833,425,89185,0.0508901,0.09,1,109917,109492,425
4315381,13.8351,14.5967,424,89208,0.050178,0.05,1,109931,109507,424
4318301,9.96701,9.31933,425,89231,0.0660356,0.03,1,109940,109515,425
4321221,81.9934,84.2639,422,89254,0.0212071,0,1,110040,109618,422
4324141,26.7987,27.2528,422,89277,0.00424142,0,1,110053,109631,422
4327061,18.9597,19.0506,422,89300,0.000848285,0.01,1,110070,109648,422
4329981,13.3919,13.4101,422,89323,0.00816966,0,1,110082,109660,422
4332901,5.07839,5.08202,422,89346,0.00163393,0.05,1,110085,109663,422
4335821,19.4157,19.4164,422,89369,0.0403268,0,1,110108,109686,422
4338741,14.2831,14.2833,422,89392,0.0320654,0.03,1,110121,109699,422
4341661,47.6566,47.6567,422,89415,0.0304131,0.05,1,110177,109755,422
4344581,15.9313,15.9313,422,89438,0.0140826,0.01,1,110185,109763,422
4347501,4.78626,4.78627,422,89461,0.0108165,0.05,1,110187,109765,422
4350421,5.75725,5.75725,422,89484,0.0101633,0.01,1,110193,109771,422
4353341,4.35145,4.35145,422,89507,0.0100327,0.05,1,110197,109775,422
4356261,2.47029,2.47029,422,89530,0.0420065,0.01,1,110199,109777,422
4359181,6.09406,5.29406,423,89553,0.0324013,0.01,1,110206,109783,423
4362101,2.81881,2.65881,423,89576,0.0304803,0.01,1,110208,109785,423
4365021,2.16376,2.13176,423,89599,0.0300961,0.03,1,110210,109787,423
4367941,10.0328,10.0264,423,89622,0.0140192,0.03,1,110222,109799,423
4370861,3.60655,3.60527,423,89645,0.0108038,0.03,1,110224,109801,423
4373781,3.92131,3.92105,423,89668,0.0101608,0.07,1,110228,109805,423
4376701,15.1843,15.1842,423,89691,0.0580322,0.07,1,110246,109823,423
4379621,4.63685,4.63684,423,89714,0.0676064,0.03,1,110248,109825,423
4382541,7.32737,7.32737,423,89737,0.0375213,0.03,1,110256,109833,423
4385461,4.66547,1.46547,427,89760,0.0315043,0.03,1,110260,109833,427
4388381,10.5331,3.49309,435,89783,0.0303009,0.05,1,110272,109837,435
4391301,6.90662,10.2986,429,89806,0.0300602,0.09,1,110278,109849,429
4394221,4.58132,6.85972,427,89829,0.030012,0.07,1,110282,109855,427
4397141,42.5163,5.37194,474,89852,0.0460024,0.05,1,110334,109860,474
4400061,13.3033,41.8744,429,89875,0.0492005,0.05,1,110340,109911,429
4402981,13.8607,13.1749,437,89898,0.0498401,0.05,1,110354,109917,437
4405901,9.17213,13.835,431,89921,0.049968,0.07,1,110362,109931,431
4408821,81.0344,9.967,521,89944,0.0179936,0.01,1,110461,109940,521
4411741,26.6069,81.9934,434,89967,0.00359872,0,1,110474,110040,434
4414661,18.9214,26.7987,438,89990,0.000719744,0,1,110491,110053,438
4417581,13.3843,18.9597,433,90013,0.00814395,0.01,1,110503,110070,433
4420501,5.07686,13.3919,424,90036,0.00162879,0,1,110506,110082,424
4423421,19.4154,5.07839,444,90059,0.00832576,0.05,1,110529,110085,444
4426341,14.2831,19.4157,434,90082,0.00966515,0.03,1,110542,110108,434
4429261,47.6566,14.2831,477,90105,0.041933,0.03,1,110598,110121,477
4432181,15.9313,47.6566,429,90128,0.0483866,0.01,1,110606,110177,429
4435101,4.78626,15.9313,423,90151,0.0496773,0.01,1,110608,110185,423
4438021,5.75725,4.78626,427,90174,0.0499355,0.01,1,110614,110187,427
4440941,4.35145,5.75725,425,90197,0.0499871,0.01,1,110618,110193,425
4443861,2.47029,4.35145,423,90220,0.0499974,0.05,1,110620,110197,423
4446781,6.09406,2.47029,428,90243,0.0659995,0.03,1,110627,110199,428
4449701,2.81881,6.09406,423,90266,0.0691999,0.03,1,110629,110206,423
4452621,2.16376,2.81881,423,90289,0.06984,0.03,1,110631,110208,423
4455541,10.0328,2.16376,433,90312,0.037968,0.01,1,110643,110210,433
4458461,3.60655,10.0328,423,90335,0.0315936,0.01,1,110645,110222,423
4461381,3.92131,3.60655,425,90358,0.0303187,0.01,1,110649,110224,425
4464301,15.9843,3.92131,440,90381,0.0620637,0.07,1,110668,110228,440
4467221,4.79685,15.1843,424,90404,0.0684128,0.07,1,110670,110246,424
4470141,7.35937,4.63685,430,90427,0.0696825,0.03,1,110678,110248,430
4473061,4.67187,7.32737,426,90450,0.0699365,0.03,1,110682,110256,426
4475981,10.5344,4.66547,434,90473,0.0699873,0.03,1,110694,110260,434
4478901,6.90688,10.5331,428,90496,0.0699975,0.03,1,110700,110272,428
4481821,4.58137,6.90662,426,90519,0.0699995,0.03,1,110704,110278,426
4484741,43.3163,4.58132,475,90542,0.0699999,0.05,1,110757,110282,475
4487661,13.4633,42.5163,429,90565,0.07,0.05,1,110763,110334,429
4490581,13.8927,13.3033,437,90588,0.07,0.05,1,110777,110340,437
4493501,9.17853,13.8607,431,90611,0.07,0.05,1,110785,110354,431
4496421,79.4357,9.17213,520,90634,0.054,0.01,1,110882,110362,520
4499341,26.2871,81.0344,434,90657,0.0108,0,1,110895,110461,434
4502261,18.8574,26.6069,438,90680,0.00216,0,1,110912,110474,438
4505181,13.3715,18.9214,433,90703,0.008432,0.01,1,110924,110491,433
4508101,5.0743,13.3843,424,90726,0.0016864,0,1,110927,110503,424
4511021,20.2149,5.07686,445,90749,0.00833728,0.01,1,110951,110506,445
4513941,13.643,19.4154,434,90772,0.0256675,0.01,1,110963,110529,434
4516861,49.1286,14.2831,479,90795,0.0291335,0.05,1,111021,110542,479
4519781,16.2257,47.6566,431,90818,0.0458267,0.05,1,111029,110598,431
4522701,4.84514,15.9313,425,90841,0.0491653,0.05,1,111031,110606,425
4525621,5.76903,4.78626,429,90864,0.0498331,0.05,1,111037,110608,429
4528541,4.35381,5.75725,427,90887,0.0499666,0.05,1,111041,110614,427
4531461,2.47076,4.35145,425,90910,0.0499933,0.05,1,111043,110618,425
4534381,5.29415,2.47029,429,90933,0.0499987,0.07,1,111049,110620,429
4537301,2.65883,6.09406,424,90956,0.0499997,0.07,1,111051,110627,424
4540221,2.13177,2.81881,424,90979,0.0499999,0.07,1,111053,110629,424
4543141,10.0264,2.16376,434,91002,0.082,0.03,1,111065,110631,434
4546061,3.60527,10.0328,424,91025,0.0884,0.03,1,111067,110643,424
4548981,4.72105,3.60655,427,91048,0.10568,0.03,1,111072,110645,427
4551901,16.9442,3.92131,443,91071,0.125136,0.07,1,111092,110649,443
4554821,4.98884,15.9843,426,91094,0.129027,0.07,1,111094,110668,426
4557741,7.39777,4.79685,432,91117,0.129805,0.07,1,111102,110670,432
4560661,4.67955,7.35937,428,91140,0.129961,0.07,1,111106,110678,428
4563581,10.5359,4.67187,436,91163,0.129992,0.07,1,111118,110682,436
4566501,6.90718,10.5344,430,91186,0.129998,0.07,1,111124,110694,430
4569421,4.58144,6.90688,428,91209,0.13,0.07,1,111128,110700,428
4572341,2.51629,4.58137,426,91232,0.13,0.07,1,111130,110704,426
4575261,42.1033,43.3163,425,91255,0.178,0.07,1,111182,110757,425
4578181,13.2207,13.4633,425,91278,0.1556,0.07,1,111188,110763,425
4581101,13.8441,13.8927,425,91301,0.18312,0.07,1,111202,110777,425
4584021,9.16883,9.17853,425,91324,0.188624,0.05,1,111210,110785,425
4586941,77.0338,79.4357,422,91347,0.0777248,0,1,111304,110882,422
4589861,25.8068,26.2871,422,91370,0.015545,0,1,111317,110895,422
4592781,18.7614,18.8574,422,91393,0.00310899,0.01,1,111334,110912,422
4595701,13.3523,13.3715,422,91416,0.0086218,0,1,111346,110924,422
4598621,5.07045,5.0743,422,91439,0.00172436,0.01,1,111349,110927,422
4601541,21.0141,20.2149,423,91462,0.0243449,0.03,1,111374,110951,423
4604461,13.0028,13.643,422,91485,0.028869,0.03,1,111385,110963,422
4607381,50.6006,49.1286,424,91508,0.0297738,0.05,1,111445,111021,424
4610301,16.5201,16.2257,424,91531,0.0459548,0.05,1,111453,111029,424
4613221,4.90402,4.84514,424,91554,0.017191,0.05,1,111455,111031,424
4616141,5.7808,5.76903,424,91577,0.0434382,0.05,1,111461,111037,424
4619061,4.35616,4.35381,424,91600,0.0166876,0.05,1,111465,111041,424
4621981,2.47123,2.47076,424,91623,0.0433375,0.05,1,111467,111043,424
4624901,5.29425,5.29415,424,91646,0.0166675,0.05,1,111473,111049,424
4627821,4.25885,2.65883,426,91669,0.0113335,0.05,1,111477,111051,426
4630741,2.45177,2.13177,426,91692,0.0102667,0.09,1,111479,111053,426
4633661,10.0904,10.0264,426,91715,0.0260533,0.09,1,111491,111065,426
4636581,3.61807,3.60527,426,91738,0.0292107,0.11,1,111493,111067,426
4639501,5.52361,4.72105,427,91761,0.0298421,0.13,1,111499,111072,427
4642421,17.9047,16.9442,428,91784,0.0459684,0.13,1,111520,111092,428
4645341,5.18094,4.98884,428,91807,0.0491937,0.13,1,111522,111094,428
4648261,7.43619,7.39777,428,91830,0.0178387,0.13,1,111530,111102,428
4651181,4.68724,4.67955,428,91853,0.0115677,0.13,1,111534,111106,428
4654101,10.5374,10.5359,428,91876,0.0263136,0.13,1,111546,111118,428
4657021,6.90749,6.90718,428,91899,0.0612627,0.13,1,111552,111124,428
4659941,4.5815,4.58144,428,91922,0.0362525,0.13,1,111556,111128,428
4662861,2.5163,2.51629,428,91945,0.0312505,0.19,1,111558,111130,428
4665781,42.9033,42.1033,429,91968,0.0462501,0.15,1,111611,111182,429
4668701,13.3807,13.2207,429,91991,0.04925,0.19,1,111617,111188,429
4671621,13.8761,13.8441,429,92014,0.06585,0.19,1,111631,111202,429
4674541,9.17523,9.16883,429,92037,0.06917,0.05,1,111639,111210,429
4677461,71.435,77.0338,422,92060,0.197834,0,1,111726,111304,422
4680381,24.687,25.8068,422,92083,0.143567,0,1,111739,111317,422
4683301,18.5374,18.7614,422,92106,0.0287134,0.01,1,111756,111334,422
4686221,13.3075,13.3523,422,92129,0.0137427,0,1,111768,111346,422
4689141,5.0615,5.07045,422,92152,0.00274853,0.03,1,111771,111349,422
4692061,21.0123,21.0141,422,92175,0.00854971,0.03,1,111796,111374,422
4694981,13.0025,13.0028,422,92198,0.0257099,0.03,1,111807,111385,422
4697901,50.6005,50.6006,422,92221,0.029142,0.05,1,111867,111445,422
4700821,16.5201,16.5201,422,92244,0.0058284,0.01,1,111875,111453,422
4703741,4.90402,4.90402,422,92267,0.0251657,0.05,1,111877,111455,422
4706661,5.7808,5.7808,422,92290,0.0290331,0.01,1,111883,111461,422
4709581,4.35616,4.35616,422,92313,0.0298066,0.05,1,111887,111465,422
4712501,2.47123,2.47123,422,92336,0.0619613,0.01,1,111889,111467,422
4715421,5.29425,5.29425,422,92359,0.0683923,0.01,1,111895,111473,422
4718341,5.05885,4.25885,423,92382,0.0536784,0.01,1,111900,111477,423
4721261,2.61177,2.45177,423,92405,0.0507357,0.03,1,111902,111479,423
4724181,10.1224,10.0904,423,92428,0.114147,0.03,1,111914,111491,423
4727101,3.62447,3.61807,423,92451,0.126829,0.03,1,111916,111493,423
4730021,5.52489,5.52361,423,92474,0.0973659,0.05,1,111922,111499,423
4732941,17.105,17.9047,422,92497,0.139473,0.05,1,111942,111520,422
4735861,5.021,5.18094,422,92520,0.147895,0.01,1,111944,111522,422
4738781,8.2042,7.43619,423,92543,0.133579,0.01,1,111953,111530,423
4741701,4.84084,4.68724,423,92566,0.130716,0.03,1,111957,111534,423
4744621,10.5682,10.5374,423,92589,0.130143,0.07,1,111969,111546,423
4747541,6.91363,6.90749,423,92612,0.0980286,0.03,1,111975,111552,423
4750461,4.58273,4.5815,423,92635,0.0916057,0.03,1,111979,111556,423
4753381,2.51655,2.5163,423,92658,0.122321,0.05,1,111981,111558,423
4756301,43.7033,42.9033,424,92681,0.0964642,0.05,1,112035,111611,424
4759221,13.5407,8.58065,430,92703,0.139293,0.05,1,112041,111611,430
4762141,13.9081,6.51613,438,92725,0.115859,0.07,1,112055,111617,438
4765061,9.18163,12.5032,432,92747,0.111172,0.07,1,112063,111631,432
4767981,74.6363,8.90065,515,92769,0.286234,0.23,1,112154,111639,515
4770901,22.9273,71.3801,438,92791,0.321247,0.13,1,112164,111726,438
4773821,14.9855,24.676,438,92813,0.312249,0,1,112177,111739,438
4776741,12.5971,18.5352,433,92835,0.31045,0.01,1,112189,111756,433
4779661,4.91942,13.307,424,92857,0.26209,0,1,112192,111768,424
4782581,20.9839,5.06141,446,92879,0.076418,0.01,1,112217,111771,446
4785501,12.9968,21.0123,432,92901,0.0392836,0.03,1,112228,111796,432
4788421,51.3994,13.0025,482,92923,0.0158567,0.03,1,112289,111807,482
4791341,16.6799,50.6005,430,92945,0.0271713,0,1,112297,111867,430
4794261,4.93597,16.5201,424,92967,0.0294343,0.03,1,112299,111875,424
4797181,5.78719,4.90402,428,92989,0.0458869,0.03,1,112305,111877,428
4800101,4.35744,5.7808,426,93011,0.0491774,0.03,1,112309,111883,426
4803021,2.47149,4.35616,424,93033,0.0498355,0.07,1,112311,111887,424
4805941,5.2943,2.47123,428,93055,0.0499671,0.07,1,112317,111889,428
4808861,7.45886,5.29425,430,93077,0.0499934,0.05,1,112325,111895,430
4811781,3.09177,5.05885,427,93099,0.0499987,0.05,1,112327,111900,427
4814701,10.2184,2.61177,437,93121,0.0979997,0.13,1,112339,111902,437
4817621,3.64367,10.1224,427,93143,0.1076,0.13,1,112341,111914,427
4820541,5.52873,3.62447,431,93165,0.10952,0.09,1,112347,111916,431
4823461,17.9057,5.52489,446,93187,0.125904,0.15,1,112368,111922,446
4826381,5.18115,17.105,428,93209,0.129181,0.15,1,112370,111942,428
4829301,7.43623,5.021,434,93231,0.129836,0.13,1,112378,111944,434
4832221,4.68725,8.2042,429,93253,0.129967,0.13,1,112382,111953,429
4835141,10.5374,4.84084,437,93275,0.129993,0.13,1,112394,111957,437
4838061,6.90749,10.5682,431,93297,0.129999,0.09,1,112400,111969,431
4840981,4.5815,6.91363,429,93319,0.13,0.09,1,112404,111975,429
4843901,2.5163,4.58273,427,93341,0.13,0.13,1,112406,111979,427
4846821,44.5033,2.51655,480,93363,0.13,0.09,1,112461,111981,480
4849741,13.7007,43.7033,432,93385,0.13,0.15,1,112467,112035,432
4852661,13.9401,13.5407,440,93407,0.13,0.11,1,112481,112041,440
4855581,9.18803,13.9081,434,93429,0.13,0.11,1,112489,112055,434
4858501,83.4376,9.18163,528,93451,0.386,0.33,1,112591,112063,528
4861421,24.6875,74.6363,447,93473,0.4372,0.33,1,112601,112154,447
4864341,14.5375,22.9273,449,93495,0.44744,0.31,1,112613,112164,449
4867261,4.5075,14.9855,438,93517,0.465488,0.31,1,112615,112177,438
4870181,2.5015,12.5971,428,93539,0.469098,0.25,1,112617,112189,428
4873101,17.3003,4.91942,446,93561,0.45382,0.03,1,112638,112192,446
4876021,12.2601,20.9839,432,93583,0.482764,0.03,1,112649,112217,432
4878941,52.052,12.9968,483,93605,0.360553,0.01,1,112711,112228,483
4881861,17.6104,51.3994,431,93627,0.320111,0.03,1,112720,112289,431
4884781,5.12208,16.6799,425,93649,0.344022,0.03,1,112722,112297,425
4887701,5.82442,4.93597,429,93671,0.316804,0.05,1,112728,112299,429
4890621,4.36488,5.78719,427,93693,0.327361,0.05,1,112732,112305,427
4893541,2.47298,4.35744,425,93715,0.329472,0.05,1,112734,112309,425
4896461,5.2946,2.47149,429,93737,0.329894,0.05,1,112740,112311,429
4899381,9.85892,5.2943,434,93759,0.345979,0.05,1,112751,112317,434
4902301,3.57178,7.45886,428,93781,0.365196,0.05,1,112753,112325,428
4905221,10.3144,3.09177,438,93803,0.433039,0.11,1,112765,112327,438
4908141,3.66287,10.2184,428,93825,0.446608,0.11,1,112767,112339,428
4911061,5.53257,3.64367,432,93847,0.449322,0.11,1,112773,112341,432
4913981,18.7065,5.52873,448,93869,0.449864,0.13,1,112795,112347,448
4916901,5.3413,17.9057,429,93891,0.449973,0.13,1,112797,112368,429
4919821,7.46826,5.18115,435,93913,0.465995,0.13,1,112805,112370,435
4922741,4.69365,7.43623,431,93935,0.469199,0.13,1,112809,112378,431
4925661,10.5387,4.68725,439,93957,0.46984,0.13,1,112821,112382,439
4928581,6.90775,10.5374,433,93979,0.469968,0.13,1,112827,112394,433
4931501,4.58155,6.90749,431,94001,0.469994,0.13,1,112831,112400,431
4934421,2.51631,4.5815,429,94023,0.469999,0.13,1,112833,112404,429
4937341,44.5033,2.5163,482,94045,0.486,0.13,1,112888,112406,482
4940261,13.7007,44.5033,433,94067,0.4892,0.13,1,112894,112461,433
4943181,13.9401,13.7007,441,94089,0.50584,0.13,1,112908,112467,441
4946101,9.18803,13.9401,435,94111,0.509168,0.13,1,112916,112481,435
4949021,3.43761,9.18803,429,94133,0.509834,0.45,1,112918,112489,429
4951941,94.2875,83.4376,444,94155,0.661967,0.45,1,113035,112591,444
4954861,26.8575,24.6875,444,94177,0.700393,0.45,1,113045,112601,444
4957781,15.7715,14.5375,445,94199,0.716079,0.47,1,113058,112613,445
4960701,4.7543,4.5075,445,94221,0.719216,0.47,1,113060,112615,445
4963621,2.55086,2.5015,445,94243,0.679843,0.45,1,113062,112617,445
4966541,17.3102,17.3003,445,94265,0.687969,0.49,1,113083,112638,445
4969461,11.462,12.2601,444,94287,0.657594,0.33,1,113093,112649,444
4972381,47.0924,52.052,438,94309,0.651519,0.31,1,113149,112711,438
4975301,16.6185,17.6104,438,94331,0.666304,0.35,1,113158,112720,438
4978221,4.9237,5.12208,438,94353,0.669261,0.31,1,113160,112722,438
4981141,5.78474,5.82442,438,94375,0.669852,0.33,1,113166,112728,438
4984061,4.35695,4.36488,438,94397,0.63797,0.33,1,113170,112732,438
4986981,2.47139,2.47298,438,94419,0.663594,0.33,1,113172,112734,438
4989901,5.29428,5.2946,438,94441,0.684719,0.35,1,113178,112740,438
4992821,14.6589,9.85892,444,94463,0.576944,0.37,1,113195,112751,444
4995741,4.53177,3.57178,444,94485,0.523389,0.45,1,113197,112753,444
4998661,10.5064,10.3144,444,94507,0.632678,0.45,1,113209,112765,444
5001581,3.70127,3.66287,444,94529,0.654536,0.45,1,113211,112767,444
5004501,5.54025,5.53257,444,94551,0.626907,0.45,1,113217,112773,444
5007421,19.5081,18.7065,445,94573,0.645381,0.45,1,113240,112795,445
5010341,5.50161,5.3413,445,94595,0.649076,0.47,1,113242,112797,445
5013261,7.50032,7.46826,445,94617,0.617815,0.47,1,113250,112805,445
5016181,4.70006,4.69365,445,94639,0.643563,0.47,1,113254,112809,445
5019101,10.54,10.5387,445,94661,0.648713,0.47,1,113266,112821,445
5022021,6.908,6.90775,445,94683,0.649742,0.47,1,113272,112827,445
5024941,4.5816,4.58155,445,94705,0.617948,0.47,1,113276,112831,445
5027861,2.51632,2.51631,445,94727,0.64359,0.49,1,113278,112833,445
5030781,45.3033,44.5033,446,94749,0.664718,0.49,1,113334,112888,446
5033701,14.6607,13.7007,447,94771,0.652944,0.51,1,113341,112894,447
5036621,14.1321,13.9401,447,94793,0.650589,0.51,1,113355,112908,447
5039541,9.22643,9.18803,447,94815,0.650118,0.51,1,113363,112916,447
5042461,3.44529,3.43761,447,94837,0.650024,0.7,1,113365,112918,447
5045381,101.489,94.2875,456,94859,0.730005,0.71,1,113491,113035,456
5048301,28.2978,26.8575,456,94881,0.722001,0.72,1,113501,113045,456
5051221,15.2596,15.7715,455,94903,0.7524,0.72,2,113513,113058,455
5054141,4.65191,4.7543,455,94925,0.75848,0.67,2,113515,113060,455
5057061,2.53038,2.55086,455,94947,0.759696,0.69,2,113517,113062,455
5059981,16.5061,17.3102,454,94969,0.767939,0.65,2,113537,113083,454
5062901,11.3012,11.462,454,94991,0.737588,0.65,1,113547,113093,454
5065821,47.0602,47.0924,454,95013,0.747518,0.67,1,113603,113149,454
5068741,15.812,16.6185,453,95035,0.749503,0.67,1,113611,113158,453
5071661,4.76241,4.9237,453,95057,0.749901,0.67,1,113613,113160,453
5074581,5.75248,5.78474,453,95079,0.74998,0.63,1,113619,113166,453
5077501,5.1505,4.35695,454,95101,0.765996,0.67,2,113624,113170,454
5080421,2.6301,2.47139,454,95123,0.769199,0.69,2,113626,113172,454
5083341,5.32602,5.29428,454,95145,0.76984,0.55,2,113632,113178,454
5086261,4.2652,14.6589,441,95167,0.769968,0.51,2,113636,113195,441
5089181,12.053,4.53177,453,95189,0.705994,0.66,1,113650,113197,453
5092101,12.0106,10.5064,453,95211,0.653199,0.66,1,113662,113209,453
5095021,4.00212,3.70127,453,95233,0.73064,0.62,1,113664,113211,453
5097941,5.60042,5.54025,453,95255,0.746128,0.65,1,113670,113217,453
5100861,18.7201,19.5081,452,95277,0.781226,0.65,2,113692,113240,452
5103781,5.34402,5.50161,452,95299,0.796245,0.61,2,113694,113242,452
5106701,7.4688,7.50032,452,95321,0.783249,0.65,2,113702,113250,452
5109621,4.69376,4.70006,452,95343,0.78865,0.65,2,113706,113254,452
5112541,10.5388,10.54,452,95365,0.78973,0.65,2,113718,113266,452
5115461,6.90775,6.908,452,95387,0.789946,0.61,2,113724,113272,452
5118381,4.58155,4.5816,452,95409,0.789989,0.65,2,113728,113276,452
5121301,2.51631,2.51632,452,95431,0.789998,0.67,2,113730,113278,452
5124221,46.1033,45.3033,453,95453,0.774,0.65,2,113787,113334,453
5127141,15.6207,14.6607,454,95475,0.7708,0.65,2,113795,113341,454
5130061,14.3241,14.1321,454,95497,0.78616,0.65,2,113809,113355,454
5132981,10.0648,9.22643,455,95519,0.805232,0.65,2,113818,113363,455
5135901,3.61297,3.44529,455,95541,0.809046,0.75,2,113820,113365,455
5138821,103.123,101.489,457,95563,0.777809,0.72,2,113948,113491,457
5141741,28.6245,28.2978,457,95585,0.747562,0.72,1,113958,113501,457
5144661,15.3249,5.65956,469,95607,0.757512,0.76,2,113970,113501,469
5147581,4.66498,10.7319,459,95629,0.767503,0.76,2,113972,113513,459
5150501,2.533,3.74638,459,95651,0.7695,0.76,2,113974,113515,459
5153421,16.5066,2.34928,477,95673,0.8019,0.77,2,113994,113517,477
5156341,12.1013,16.4699,468,95695,0.82438,0.73,2,114005,113537,468
5159261,47.2203,11.294,514,95717,0.844876,0.75,2,114061,113547,514
5162181,15.8441,47.0588,466,95739,0.848975,0.75,2,114069,113603,466
5165101,4.76881,15.8118,460,95761,0.849795,0.75,2,114071,113611,460
5168021,5.75376,4.76235,464,95783,0.849959,0.75,2,114077,113613,464
5170941,5.95075,5.75247,464,95805,0.849992,0.77,2,114083,113619,464
5173861,2.79015,5.15049,461,95827,0.849998,0.77,2,114085,113624,461
5176781,5.35803,2.6301,465,95849,0.85,0.77,2,114091,113626,465
5179701,2.67161,5.32602,461,95871,0.85,0.77,2,114093,113632,461
5182621,8.53432,4.2652,467,95893,0.85,0.69,2,114103,113636,467
5185541,16.1069,12.053,471,95915,0.794,0.64,2,114121,113650,471
5188461,4.82137,12.0106,461,95937,0.7508,0.75,2,114123,113662,461
5191381,5.76427,4.00212,465,95959,0.83016,0.75,2,114129,113664,465
5194301,19.5529,5.60042,482,95981,0.862032,0.79,2,114152,113670,482
5197221,5.51057,18.7201,462,96003,0.868406,0.8,2,114154,113692,462
5200141,7.50211,5.34402,468,96025,0.877681,0.78,2,114162,113694,468
5203061,4.70042,7.4688,464,96047,0.879536,0.79,2,114166,113702,464
5205981,10.5401,4.69376,472,96069,0.887907,0.79,2,114178,113706,472
5208901,6.90802,10.5388,466,96091,0.889582,0.79,2,114184,113718,466
5211821,4.5816,6.90775,464,96113,0.889916,0.79,2,114188,113724,464
5214741,2.51632,4.58155,462,96135,0.889983,0.79,2,114190,113728,462
5217661,45.3033,2.51631,516,96157,0.905997,0.77,2,114246,113730,516
5220581,15.4607,46.1033,467,96179,0.909199,0.77,2,114254,113787,467
5223501,15.0921,15.6207,474,96201,0.89384,0.79,2,114269,113795,474
5226421,9.41843,14.3241,468,96223,0.890768,0.81,2,114277,113809,468
5229341,3.48369,10.0648,461,96245,0.906154,0.81,2,114279,113818,461
5232261,103.097,3.61297,587,96267,0.837231,0.77,2,114407,113820,587
5235181,29.4193,103.123,470,96289,0.887446,0.74,2,114418,113948,470
5238101,16.2839,28.6245,473,96311,0.897489,0.76,2,114431,113958,473
5241021,4.85677,15.3249,463,96333,0.899498,0.77,2,114433,113970,463
5243941,2.57135,4.66498,463,96355,0.8999,0.77,2,114435,113972,463
5246861,16.5143,2.533,481,96377,0.93198,0.81,2,114455,113974,481
5284821,6,2,470,96663,0.85,0.85,2,114593,114123,470
5287741,20.4,5.2,488,96685,0.922,0.87,2,114617,114129,488
5290661,5.68,19.44,467,96707,0.9364,0.87,2,114619,114152,467
5293581,7.536,5.488,473,96729,0.94728,0.88,2,114627,114154,473
5886341,9,21,482,48268,0.35,1,1,117561,117079,482
5889261,15.4,21.8,477,48312,0.302,1,1,117578,117101,477
5892181,106.28,24.36,581,48356,0.3564,1,1,117707,117126,581
5895101,54.056,113.672,486,48400,0.31128,0.91,1,117748,117262,486
5898021,33.2112,45.9344,485,48444,0.286256,0.87,1,117776,117291,485
5900941,14.6422,24.3869,476,48488,0.305251,0.89,1,117786,117310,476
5903861,37.3284,25.6774,493,48531,0.36505,0.91,1,117829,117336,493
5906781,43.4657,49.1355,483,48574,0.38501,0.79,1,117874,117391,483
5909281,15.0931,34.6271,460,48617,0.389002,0.29,1,117882,117422,460
5912201,76.6186,103.725,431,48660,0.2618,0.29,1,117974,117543,431
5915121,16.9237,20.7451,433,48703,0.23636,0.29,1,117976,117543,433
5918041,4.98474,4.14902,435,48746,0.199272,0.29,1,117978,117543,435
5920961,2.59695,0.829803,437,48789,0.191854,0.29,1,117980,117543,437
5923881,2.11939,0.165961,439,48832,0.222371,0.29,1,117982,117543,439
5926801,2.02388,0.0331921,441,48875,0.196474,0.21,1,117984,117543,441
5929721,5.20478,7.20664,438,48918,0.191295,0.21,1,117990,117552,438
5932641,6.64095,1.44133,445,48961,0.238259,0.35,1,117997,117552,445
5935561,13.3282,7.48827,451,49004,0.231652,0.29,1,118012,117561,451
5938481,108.266,15.0977,566,49047,0.17433,0.37,1,118144,117578,566
5941401,53.6531,106.22,477,49090,0.154866,0.3,1,118184,117707,477
5944321,33.1306,54.0439,464,49133,0.0549732,0.28,1,118212,117748,464
5947241,15.4261,33.2088,447,49176,0.0829946,0.31,1,118223,117776,447
5950161,40.6852,14.6418,484,49219,0.168599,0.38,1,118270,117786,484
5953081,43.337,37.3284,485,49262,0.21772,0.39,1,118314,117829,485
5956001,15.0674,43.4657,448,49305,0.227544,0.39,1,118322,117874,448
5958921,68.6135,15.0931,522,49348,0.237509,0.23,1,118404,117882,522
5961841,15.3227,76.6186,432,49391,0.239502,0.23,1,118406,117974,432
5964761,4.66454,16.9237,432,49434,0.2399,0.19,1,118408,117976,432
5967681,2.53291,4.98474,432,49477,0.23998,0.19,1,118410,117978,432
5970601,2.10658,2.59695,432,49520,0.239996,0.23,1,118412,117980,432
5973521,2.02132,2.11939,432,49563,0.239999,0.19,1,118414,117982,432
5976441,5.20426,2.02388,436,49606,0.232,0.19,1,118420,117984,436
5979361,7.44085,5.20478,438,49648,0.2304,0.25,1,118428,117990,438
5982281,13.4882,6.64095,446,49690,0.26208,0.23,1,118443,117997,446
5985201,106.698,13.3282,561,49732,0.212416,0.16,1,118573,118012,561
5988121,53.3395,108.266,469,49774,0.218483,0.15,1,118613,118144,469
5991041,29.0679,53.6531,452,49816,0.195697,0.03,1,118636,118184,452
5993961,16.2136,33.1306,437,49858,0.231139,0.09,1,118649,118212,437
5996881,45.6427,15.4261,479,49900,0.246228,0.19,1,118702,118223,479
5999801,44.3285,40.6852,476,49942,0.265246,0.23,1,118746,118270,476
6002721,15.2657,43.337,440,49984,0.269049,0.23,1,118754,118314,440
6005641,68.6531,15.0674,514,50026,0.22981,0.24,1,118836,118322,514
6008561,15.3306,68.6135,434,50068,0.221962,0.24,1,118838,118404,434
6011481,4.66613,15.3227,434,50110,0.220392,0.24,1,118840,118406,434
6014401,2.53323,4.66454,434,50152,0.228078,0.24,1,118842,118408,434
6017321,2.10664,2.53291,434,50194,0.285616,0.24,1,118844,118410,434
6020241,2.02133,2.10658,434,50236,0.297123,0.24,1,118846,118412,434
6023161,5.20427,2.02132,438,50278,0.299425,0.23,1,118852,118414,438
6026081,2.64085,5.20426,434,50320,0.299885,0.23,1,118854,118420,434
6029001,6.92817,7.44085,434,50362,0.307977,0.27,1,118862,118428,434
6031921,14.1856,13.4882,435,50404,0.309595,0.2,1,118878,118443,435
6034841,106.037,106.698,434,50446,0.221919,0.22,1,119007,118573,434
6037761,54.0074,53.3395,435,50488,0.204384,0.19,1,119048,118613,435
6040681,28.4015,29.0679,434,50530,0.168877,0.24,1,119070,118636,434
6043601,16.8803,16.2136,435,50572,0.169775,0.25,1,119084,118649,435
6046521,44.1761,45.6427,433,50614,0.241955,0.27,1,119135,118702,433
6049441,45.6352,44.3285,435,50656,0.264391,0.27,1,119181,118746,435
6052361,15.527,15.2657,435,50698,0.236878,0.22,1,119189,118754,435
6055281,70.3054,68.6531,437,50740,0.175376,0.22,1,119273,118836,437
6058201,15.6611,15.3306,437,50782,0.171075,0.22,1,119275,118838,437
6061121,4.73222,4.66613,437,50823,0.170215,0.23,1,119277,118840,437
6064041,2.54644,2.53323,437,50864,0.138043,0.3,1,119279,118842,437
6066961,2.10929,2.10664,437,50905,0.131609,0.3,1,119281,118844,437
6069881,2.02186,2.02133,437,50946,0.0983217,0.3,1,119283,118846,437
6072801,5.20437,5.20427,437,50987,0.163664,0.3,1,119289,118852,437
6075721,2.64087,2.64085,437,51028,0.176733,0.31,1,119291,118854,437
6078641,6.92817,6.92817,437,51069,0.171347,0.31,1,119299,118862,437
6081561,14.1856,14.1856,437,51110,0.186269,0.2,1,119315,118878,437
6084481,98.8371,106.037,428,51151,0.101254,0.2,1,119435,119007,428
6087401,55.7674,54.0074,432,51192,0.116251,0.16,1,119480,119048,432
6090321,23.9535,28.4015,426,51233,0.14325,0.17,1,119496,119070,426
6093241,19.9907,16.8803,431,51274,0.02865,0.26,1,119515,119084,431
6096161,46.3981,44.1761,433,51315,0.16573,0.27,1,119568,119135,433
6099081,46.0796,45.6352,433,51356,0.217146,0.23,1,119614,119181,433
6102001,15.6159,15.527,433,51397,0.259429,0.16,1,119622,119189,433
6104921,64.7232,70.3054,426,51438,0.243886,0.17,1,119699,119273,426
6107841,14.5446,15.6611,426,51479,0.248777,0.17,1,119701,119275,426
6110761,6.10893,4.73222,428,51520,0.273755,0.13,1,119705,119277,428
6113681,4.42179,2.54644,430,51561,0.262751,0.13,1,119709,119279,430
6116601,2.48436,2.10929,430,51602,0.26055,0.09,1,119711,119281,430
6119521,2.09687,2.02186,430,51643,0.26011,0.18,1,119713,119283,430
6122441,5.21937,5.20437,430,51684,0.204022,0.18,1,119719,119289,430
6125361,2.64387,2.64087,430,51725,0.192804,0.17,1,119721,119291,430
6128281,6.92878,6.92817,430,51766,0.246561,0.17,1,119729,119299,430
6131201,14.1858,1.38563,446,51807,0.265312,0.19,1,119745,119299,446
6134121,96.4371,13.0771,547,51848,0.237062,0.08,1,119862,119315,547
6137041,54.4874,98.6154,471,51889,0.215412,0.12,1,119906,119435,471
6139961,20.4975,55.7231,438,51930,0.243083,0.15,1,119918,119480,438
6142881,23.2995,23.9446,446,51971,0.144616,0,1,119942,119496,446
6145801,50.2599,19.9889,484,52012,0.148923,0.2,1,119999,119515,484
6148721,47.652,46.3978,478,52052,0.221785,0.23,1,120046,119568,478
6151641,15.9304,46.0796,440,52092,0.244357,0.27,1,120054,119614,440
6154561,66.3861,15.6159,511,52132,0.256871,0.24,1,120133,119622,511
6157481,14.8772,64.7232,436,52172,0.259374,0.25,1,120135,119699,436
6160401,4.57544,14.5446,436,52212,0.259875,0.28,1,120137,119701,436
6163321,2.51509,6.10893,434,52252,0.227975,0.26,1,120139,119705,434
6166241,2.10302,4.42179,432,52292,0.253595,0.26,1,120141,119709,432
6169161,2.0206,2.48436,432,52332,0.250719,0.26,1,120143,119711,432
6172081,8.40412,2.09687,440,52372,0.274144,0.19,1,120153,119713,440
6175001,3.28082,5.21937,436,52412,0.278829,0.19,1,120155,119719,436
6177921,7.05616,2.64387,442,52452,0.223766,0.26,1,120163,119721,442
6180841,14.2112,6.92878,450,52492,0.268753,0.27,1,120179,119729,450
6183761,92.4422,14.1858,546,52532,0.245751,0.23,1,120291,119745,546
6186681,55.2884,96.4371,475,52572,0.20115,0.21,1,120337,119862,475
6189601,22.2577,54.4874,445,52612,0.27223,0.25,1,120351,119906,445
6192521,22.0515,20.4975,455,52652,0.270446,0.12,1,120373,119918,455
6195441,50.8103,23.2995,489,52692,0.302089,0.15,1,120431,119942,489
6198361,48.5621,50.2599,480,52732,0.508418,0.24,1,120479,119999,480
6201281,16.1124,47.652,441,52772,0.549684,0.25,1,120487,120046,441
6204201,66.4225,15.9304,512,52812,0.549937,0.26,1,120566,120054,512
6207121,14.8845,66.3861,435,52852,0.549987,0.26,1,120568,120133,435
6210041,5.3769,14.8772,436,52892,0.557997,0.26,1,120571,120135,436
6212961,3.47538,4.57544,437,52932,0.575599,0.22,1,120574,120137,437
6215881,2.29508,2.51509,437,52972,0.57912,0.26,1,120576,120139,437
6218801,2.05902,2.10302,437,53012,0.579824,0.25,1,120578,120141,437
6221721,5.2118,2.0206,441,53052,0.555965,0.28,1,120584,120143,441
6224641,2.64236,8.40412,433,53092,0.583193,0.28,1,120586,120153,433
6227561,10.1285,3.28082,443,53132,0.604639,0.21,1,120598,120155,443
6230481,14.8257,7.05616,451,53172,0.608928,0.28,1,120614,120163,451
6233401,89.3651,14.2112,543,53212,0.489786,0.24,1,120722,120179,543
6236321,19.473,92.4422,433,53252,0.617957,0.19,1,120724,120291,433
6239241,41.4946,55.2884,434,53292,0.611591,0.29,1,120771,120337,434
6242161,22.6989,22.2577,438,53331,0.562318,0.27,1,120789,120351,438
6245081,21.3398,22.0515,437,53370,0.512464,0.31,1,120810,120373,437
6248001,52.268,50.8103,439,53409,0.614493,0.56,1,120870,120431,439
6250921,57.6536,48.5621,450,53448,0.690899,0.56,1,120929,120479,450
6253841,17.9307,16.1124,450,53487,0.69818,0.55,1,120937,120487,450
6256761,68.3861,66.4225,452,53526,0.651636,0.55,1,121018,120566,452
6259681,15.2772,14.8845,452,53565,0.642327,0.56,1,121020,120568,452
6262601,4.65545,5.3769,451,53604,0.640465,0.58,1,121022,120571,451
6265521,2.53109,3.47538,450,53643,0.664093,0.58,1,121024,120574,450
6268441,3.70622,2.29508,452,53682,0.668819,0.58,1,121028,120576,452
6271361,2.34124,2.05902,452,53721,0.669764,0.55,1,121030,120578,452
6274281,6.06825,5.2118,453,53760,0.653953,0.59,1,121037,120584,453
6277201,2.81365,2.64236,453,53799,0.650791,0.61,1,121039,120586,453
6280121,6.96273,10.1285,449,53838,0.650158,0.61,1,121047,120598,449
6283041,17.3925,14.8257,453,53877,0.594032,0.46,1,121067,120614,453
6285961,87.4785,89.3651,450,53916,0.558806,0.65,1,121172,120722,450
6288881,19.0957,19.473,450,53955,0.639761,0.61,1,121174,120724,450
6291801,42.2191,41.4946,451,53994,0.639952,0.55,1,121222,120771,451
6294721,23.6438,22.6989,452,54033,0.68799,0.5,1,121241,120789,452
6297641,21.5288,21.3398,452,54072,0.673598,0.64,1,121262,120810,452
6300561,53.9058,52.268,454,54111,0.69472,0.71,1,121324,120870,454
6303481,60.3812,57.6536,457,54150,0.850944,0.7,2,121386,120929,457
6306401,18.4762,17.9307,457,54189,0.882189,0.64,2,121394,120937,457
6309321,67.6952,68.3861,456,54228,0.944438,0.64,2,121474,121018,456
6312241,15.139,15.2772,456,54267,0.924888,0.64,2,121476,121020,456
6315161,4.62781,4.65545,456,54306,0.888978,0.67,2,121478,121022,456
6318081,2.52556,2.53109,456,54345,0.881796,0.67,2,121480,121024,456
6321001,2.10511,3.70622,454,54384,0.880359,0.67,2,121482,121028,454
6323921,2.02102,2.34124,454,54423,0.904072,0.65,2,121484,121030,454
6326841,6.8042,6.06825,455,54462,0.908814,0.65,2,121492,121037,455
6329761,2.96084,2.81365,455,54501,0.909763,0.65,2,121494,121039,455
6332681,6.99217,6.96273,455,54540,0.877953,0.58,2,121502,121047,455
6335601,17.3984,17.3925,455,54579,0.903591,0.55,2,121522,121067,455
6338521,85.8797,87.4785,453,54618,0.892718,0.66,2,121625,121172,453
6350201,17,19,470,54771,0.89,0.67,2,121711,121241,470
6353121,59.4,20.6,519,54809,0.93,0.7,2,121781,121262,519
6556061,28,44,464,26441,0.05,0.45,1,123589,123125,464
6558981,90.4,57.6,509,26521,0.01,0,1,123695,123186,509
6561901,94.88,93.92,502,26601,0.37,0,1,123791,123289,502
6564821,46.976,96.384,440,26681,0.114,0.05,1,123826,123386,440
6567741,38.9952,50.4768,438,26760,0.0628,0.01,1,123863,123425,438
6570661,34.199,44.4954,428,26839,0.02056,0.01,1,123896,123468,428
6573581,18.0398,23.2991,424,26918,0.004112,0.01,1,123910,123486,424
6576501,34.808,11.0598,455,26997,0.0248224,0.03,1,123949,123494,455
6579421,34.9616,55.812,423,27075,0.0129645,0.05,1,123984,123561,423
6582341,29.3923,33.5624,423,27153,0.0105929,0,1,124012,123589,423
6585261,89.8785,91.5125,422,27231,0.00211858,0.46,1,124117,123695,422
6588181,105.976,95.1025,436,27309,0.0244237,0.05,1,124227,123791,436
6591101,38.7951,47.0205,423,27387,0.0448847,0.05,1,124249,123826,423
6594021,37.359,39.0041,423,27464,0.0329769,0.01,1,124286,123863,423
6596941,33.8718,34.2008,423,27541,0.00659539,0,1,124319,123896,423
6599861,17.1744,18.0402,422,27618,0.00131908,0.03,1,124332,123910,422
6602781,34.6349,34.808,422,27695,0.0242638,0.01,1,124371,123949,422
6605701,34.927,34.9616,422,27771,0.0288528,0.01,1,124406,123984,422
6608621,29.3854,29.3923,422,27847,0.0137706,0,1,124434,124012,422
6611541,89.8771,89.8785,422,27923,0.00275411,0.03,1,124539,124117,422
6614461,107.575,105.976,424,27999,0.0405508,0.05,1,124651,124227,424
6617381,37.5151,38.7951,422,28075,0.0481102,0.03,1,124671,124249,422
6620301,37.103,37.359,422,28150,0.049622,0,1,124708,124286,422
6623221,33.8206,33.8718,422,28225,0.00992441,0,1,124741,124319,422
6626141,17.1641,17.1744,422,28300,0.00198488,0.03,1,124754,124332,422
6629061,34.6328,34.6349,422,28375,0.024397,0.03,1,124793,124371,422
6631981,34.1266,6.92697,456,28450,0.0608794,0.03,1,124827,124371,456
6634901,29.2253,29.3854,449,28524,0.0201759,0.01,1,124855,124406,449
6637821,89.8451,28.2771,526,28598,0.00403518,0,1,124960,124434,526
6640741,109.169,89.6554,535,28672,0.00880704,0.05,1,125074,124539,535
6643661,36.2338,107.531,441,28746,0.0417614,0.05,1,125092,124651,441
6646581,36.8468,37.5062,458,28820,0.0163523,0.05,1,125129,124671,458
6649501,33.7694,37.1012,454,28893,0.00327046,0,1,125162,124708,454
6652421,17.1539,33.8202,434,28966,0.00865409,0,1,125175,124741,434
6655341,34.6308,17.164,460,29039,0.0257308,0.03,1,125214,124754,460
6658261,34.1262,34.6328,455,29112,0.0451462,0.07,1,125248,124793,455
6661181,29.2252,34.1266,449,29185,0.0170292,0.01,1,125276,124827,449
6664101,89.845,29.2253,526,29258,0.00340585,0,1,125381,124855,526
6667021,109.969,89.8451,536,29330,0.0246812,0.01,1,125496,124960,536
6669941,37.1938,109.169,441,29402,0.0129362,0.05,1,125515,125074,441
6672861,36.2388,36.2338,459,29474,0.00258725,0.01,1,125551,125092,459
6675781,33.6478,36.8468,455,29546,0.00851745,0,1,125584,125129,455
6678701,16.3296,33.7694,434,29618,0.00970349,0.01,1,125596,125162,434
6681621,34.4659,17.1539,460,29689,0.0259407,0.03,1,125635,125175,460
6684541,34.0932,34.6308,455,29760,0.0451881,0.05,1,125669,125214,455
6687461,29.2186,34.1262,449,29831,0.0330376,0.01,1,125697,125248,449
6690381,7.44373,29.2252,423,29902,0.0306075,0,1,125699,125276,423
6693301,84.6887,89.845,422,29973,0.00612151,0.03,1,125803,125381,422
6696221,109.738,109.969,423,30044,0.0092243,0.01,1,125919,125496,423
6699141,37.1475,37.1938,423,30114,0.0898449,0,1,125938,125515,423
6702061,36.2295,36.2388,423,30184,0.025969,0.01,1,125974,125551,423
6704981,32.8459,33.6478,422,30254,0.0131938,0.01,1,126006,125584,422
6707901,16.1692,16.3296,422,30324,0.0106388,0.03,1,126018,125596,422
6710821,35.2338,34.4659,423,30394,0.00212775,0.05,1,126058,125635,423
6713741,33.4468,34.0932,422,30464,0.0244256,0.03,1,126091,125669,422
6716661,29.0894,29.2186,422,30533,0.0288851,0.03,1,126119,125697,422
6719581,7.41787,7.44373,422,30602,0.029777,0,1,126121,125699,422
6722501,84.6836,84.6887,422,30671,0.0059554,0.01,1,126225,125803,422
6725421,110.537,109.738,423,30740,0.0251911,0.11,1,126342,125919,423
6728341,38.9073,37.1475,425,30809,0.0610382,0.01,1,126363,125938,425
6731261,34.1815,36.2295,422,30878,0.0202076,0.01,1,126396,125974,422
6734181,32.4363,32.8459,422,30947,0.0120415,0.01,1,126428,126006,422
6737101,16.0873,16.1692,422,31015,0.0104083,0,1,126440,126018,422
6740021,35.2175,35.2338,422,31083,0.00208166,0.03,1,126480,126058,422
6742941,33.4435,33.4468,422,31151,0.0244163,0.03,1,126513,126091,422
6745861,29.0887,29.0894,422,31219,0.0128833,0.03,1,126541,126119,422
6748781,7.41774,7.41787,422,31287,0.0265767,0.03,1,126543,126121,422
6751701,83.8835,1.48357,525,31355,0.00531533,0,1,126646,126121,525
6754621,111.977,83.4967,540,31422,0.0410631,0.03,1,126765,126225,540
6757541,39.9953,110.299,445,31489,0.0802126,0.07,1,126787,126342,445
6760461,31.9991,38.8599,454,31556,0.120043,0.01,1,126817,126363,454
6763381,31.9998,34.172,453,31623,0.0320085,0.01,1,126849,126396,453
6766301,16,32.4344,433,31690,0.0304017,0.01,1,126861,126428,433
6769221,35.2,16.0869,461,31757,0.00608034,0,1,126901,126440,461
6772141,33.44,35.2174,454,31824,0.00921607,0.03,1,126934,126480,454
6775061,29.088,33.4435,449,31890,0.0258432,0.01,1,126962,126513,449
6777981,7.4176,29.0887,423,31956,0.0291686,0.03,1,126964,126541,423
6780901,83.8835,7.41774,524,32022,0.00583373,0,1,127067,126543,524
6783821,113.577,83.8835,542,32088,0.0251667,0.05,1,127188,126646,542
6786741,43.5153,111.977,449,32154,0.0930334,0.09,1,127214,126765,449
6789661,31.1031,39.9953,455,32220,0.106607,0.13,1,127242,126787,455
6792581,29.4206,31.9991,454,32286,0.0293213,0.01,1,127271,126817,454
6795501,14.6841,31.9998,433,32352,0.0298643,0.03,1,127282,126849,433
6798421,34.9368,16,461,32417,0.0139729,0,1,127322,126861,461
6801341,33.3874,35.2,454,32482,0.0107946,0.01,1,127355,126901,454
6804261,29.0775,33.44,449,32547,0.0101589,0.03,1,127383,126934,449
6807181,7.41549,29.088,423,32612,0.0420318,0.03,1,127385,126962,423
6810101,83.8831,7.4176,524,32677,0.00840636,0,1,127488,126964,524
6813021,115.177,83.8835,544,32742,0.0416813,0.03,1,127611,127067,544
6815941,24.6353,113.577,425,32807,0.0163363,0.11,1,127613,127188,425
6818861,27.3271,43.5153,427,32871,0.0432673,0.11,1,127641,127214,427
6821781,27.8654,31.1031,427,32935,0.0486534,0.01,1,127669,127242,427
6824701,24.7731,29.4206,422,32999,0.0497307,0.03,1,127693,127271,422
6827621,13.7546,14.6841,422,33063,0.0339461,0.01,1,127704,127282,422
6830541,34.7509,34.9368,422,33127,0.0147892,0.01,1,127744,127322,422
6833461,33.3502,33.3874,422,33191,0.0269578,0.01,1,127777,127355,422
6836381,29.07,29.0775,422,33255,0.0133916,0.05,1,127805,127383,422
6839301,7.41401,7.41549,422,33319,0.0426783,0,1,127807,127385,422
6842221,83.8828,83.8831,422,33382,0.00853566,0.05,1,127910,127488,422
6845141,115.177,115.177,422,33445,0.0417071,0.01,1,128033,127611,422
6848061,24.6353,24.6353,422,33508,0.0163414,0.05,1,128035,127613,422
6850981,27.3271,27.3271,422,33571,0.0272683,0.05,1,128063,127641,422
6853901,29.4654,27.8654,424,33634,0.0454537,0.05,1,128093,127669,424
6856821,23.4931,24.7731,422,33697,0.0490907,0.03,1,128115,127693,422
6859741,13.4986,13.7546,422,33760,0.0338181,0.01,1,128126,127704,422
6862661,34.6997,34.7509,422,33823,0.0147636,0.03,1,128166,127744,422
6865581,33.3399,33.3502,422,33886,0.0269527,0.01,1,128199,127777,422
6868501,29.068,29.07,422,33948,0.0293905,0.05,1,128227,127805,422
6871421,7.4136,7.41401,422,34010,0.00587811,0,1,128229,127807,422
6874341,83.8827,83.8828,422,34072,0.00117562,0.05,1,128332,127910,422
6877261,115.177,115.177,422,34134,0.0402351,0.01,1,128455,128033,422
6880181,24.6353,24.6353,422,34196,0.048047,0.03,1,128457,128035,422
6883101,28.1271,27.3271,423,34258,0.0496094,0.03,1,128486,128063,423
6886021,29.6254,5.46541,453,34320,0.0499219,0.05,1,128516,128063,453
6888941,21.9251,25.0931,443,34382,0.0499844,0.05,1,128536,128093,443
6891861,13.185,22.6186,432,34443,0.0659969,0.03,1,128547,128115,432
6894781,34.637,13.3237,461,34504,0.0211994,0.01,1,128587,128126,461
6897701,33.3274,34.6647,454,34565,0.0122399,0.03,1,128620,128166,454
6900621,29.0655,33.3329,449,34626,0.026448,0.03,1,128648,128199,449
6903541,7.4131,29.0666,423,34687,0.0052896,0,1,128650,128227,423
6906461,83.8826,7.41332,524,34748,0.00105792,0,1,128753,128229,524
6909381,115.177,83.8827,544,34809,0.0242116,0.05,1,128876,128332,544
6912301,24.6353,115.177,423,34870,0.0288423,0.05,1,128878,128455,423
6915221,29.7271,24.6353,452,34931,0.0297685,0.05,1,128909,128457,452
6918141,29.9454,28.1271,453,34992,0.0299537,0.05,1,128939,128486,453
6921061,21.9891,29.6254,443,35052,0.0459907,0.05,1,128959,128516,443
6923981,11.5978,21.9251,432,35112,0.0651981,0.07,1,128968,128536,432
6926901,34.3196,13.185,461,35172,0.0370396,0.01,1,129008,128547,461
6929821,33.2639,34.637,454,35232,0.0154079,0.01,1,129041,128587,454
6932741,29.0528,33.3274,449,35292,0.0110816,0.03,1,129069,128620,449
6935661,7.41056,29.0655,423,35352,0.0102163,0,1,129071,128648,423
6938581,83.8821,7.4131,524,35412,0.00204326,0,1,129174,128650,524
6941501,115.976,83.8826,545,35472,0.0404087,0.03,1,129298,128753,545
6944421,24.7953,115.177,424,35532,0.0480817,0.03,1,129300,128876,424
6947341,29.7591,24.6353,453,35591,0.0336163,0.03,1,129331,128878,453
6950261,29.9518,29.7271,452,35650,0.0467233,0.03,1,129361,128909,452
6953181,7.59036,29.9454,424,35709,0.0493447,0.05,1,129363,128939,424
6956101,17.5181,21.9891,424,35768,0.0498689,0.07,1,129383,128959,424
6959021,9.90361,11.5978,423,35827,0.0819738,0.03,1,129391,128968,423
6961941,33.1807,34.3196,422,35886,0.0563948,0.01,1,129430,129008,422
6964861,33.0361,33.2639,422,35945,0.035279,0.01,1,129463,129041,422
6967781,29.0072,29.0528,422,36004,0.0150558,0.01,1,129491,129069,422
6970701,7.40145,7.41056,422,36063,0.0430112,0,1,129493,129071,422
6973621,83.8803,83.8821,422,36122,0.00860223,0.05,1,129596,129174,422
6976541,117.576,115.976,424,36181,0.0417204,0.05,1,129722,129298,424
6979461,25.1152,24.7953,424,36239,0.0163441,0.03,1,129724,129300,424
6982381,29.023,29.7591,423,36297,0.0112688,0.05,1,129754,129331,423
6985301,30.6046,29.9518,424,36355,0.0262538,0.05,1,129785,129361,424
6988221,7.72092,7.59036,424,36413,0.0292508,0.05,1,129787,129363,424
6991141,17.5442,17.5181,424,36471,0.0298502,0.09,1,129807,129383,424
6994061,9.90884,9.90361,424,36529,0.02997,0.05,1,129815,129391,424
6996981,31.5818,33.1807,422,36587,0.029994,0.03,1,129852,129430,422
6999901,32.7164,33.0361,422,36645,0.0299988,0.01,1,129885,129463,422
7002821,28.9433,29.0072,422,36703,0.0299998,0.05,1,129913,129491,422
7005741,7.38865,7.40145,422,36761,0.00599995,0,1,129915,129493,422
7008661,83.8777,83.8803,422,36818,0.00119999,0.05,1,130018,129596,422
7011581,117.576,117.576,422,36875,0.04024,0.01,1,130144,129722,422
7014501,25.1151,25.1152,422,36932,0.048048,0.01,1,130146,129724,422
7017421,29.023,29.023,422,36989,0.0336096,0.03,1,130176,129754,422
7020341,31.4046,30.6046,423,37046,0.0787219,0.03,1,130208,129785,423
7023261,7.88092,7.72092,423,37103,0.0877444,0.03,1,130210,129787,423
7026181,17.5762,17.5442,423,37160,0.0895489,0.03,1,130230,129807,423
7029101,9.91524,3.50884,431,37217,0.0579098,0.03,1,130238,129807,431
7032021,29.983,7.10177,458,37274,0.083582,0.03,1,130273,129815,458
7034941,32.3966,31.0204,454,37331,0.0247164,0.03,1,130306,129852,454
7037861,28.8793,32.6041,449,37388,0.0289433,0.03,1,130334,129885,449
7040781,7.37586,28.9208,423,37445,0.00578866,0,1,130336,129913,423
7043701,83.8752,7.38416,524,37501,0.0571577,0,1,130439,129915,524
7046621,117.575,83.8768,547,37557,0.0514315,0.05,1,130565,130018,547
7049541,25.115,117.575,423,37613,0.0502863,0.05,1,130567,130144,423
7052461,29.823,25.1151,452,37669,0.0820573,0.03,1,130598,130146,452
7055381,32.3646,29.023,455,37725,0.0724114,0.09,1,130631,130176,455
7058301,8.07292,31.4046,425,37781,0.0704823,0.09,1,130633,130208,425
7061221,17.6146,7.88092,443,37837,0.0700965,0.09,1,130653,130210,443
7064141,9.92292,17.5762,431,37893,0.0700193,0.05,1,130661,130230,431
7067061,30.7846,9.91524,459,37949,0.0700039,0.09,1,130697,130238,459
7069981,30.1569,29.983,454,38005,0.0540008,0.01,1,130727,130273,454
7072901,28.4314,32.3966,449,38061,0.0188002,0.03,1,130755,130306,449
7075821,7.28628,28.8793,423,38117,0.01176,0,1,130757,130334,423
7078741,83.8573,7.37586,524,38172,0.090352,0.07,1,130860,130336,524
7081661,119.971,83.8752,550,38227,0.0900704,0.05,1,130989,130439,550
7084581,25.5943,117.575,426,38282,0.0900141,0.05,1,130991,130565,426
7087501,30.7189,25.115,456,38337,0.106003,0.09,1,131023,130567,456
7090421,31.7438,29.823,457,38392,0.125201,0.07,1,131055,130598,457
7093341,7.94875,32.3646,426,38447,0.12904,0.07,1,131057,130631,426
7096261,17.5898,8.07292,444,38502,0.161808,0.07,1,131077,130633,444
7099181,9.91795,17.6146,432,38557,0.168362,0.07,1,131085,130653,432
7102101,30.7836,9.92292,460,38612,0.185672,0.07,1,131121,130661,460
7105021,7.75672,30.7846,426,38667,0.205134,0.05,1,131123,130697,426
7107941,22.3513,30.1569,422,38722,0.257027,0.01,1,131149,130727,422
7110861,26.8703,28.4314,422,38777,0.171405,0.01,1,131177,130755,422
7113781,6.97405,7.28628,422,38831,0.186281,0.11,1,131179,130757,422
7116701,83.7948,83.8573,422,38885,0.141256,0.09,1,131282,130860,422
7119621,123.959,119.971,427,38939,0.0682512,0.09,1,131416,130989,427
7122541,26.3918,25.5943,427,38993,0.0536502,0.11,1,131418,130991,427
7125461,30.8784,30.7189,427,39047,0.06673,0.13,1,131450,131023,427
7128381,34.1757,31.7438,430,39101,0.053346,0.13,1,131485,131055,430
7131301,8.43513,7.94875,430,39155,0.0506692,0.17,1,131487,131057,430
7134221,18.487,17.5898,431,39209,0.0821338,0.17,1,131508,131077,431
7137141,10.0974,9.91795,431,39263,0.0884268,0.19,1,131516,131085,431
7140061,31.6195,30.7836,432,39317,0.105685,0.21,1,131553,131121,432
7142981,7.9239,7.75672,432,39371,0.109137,0.27,1,131555,131123,432
7145901,23.1848,22.3513,433,39425,0.109827,0.15,1,131582,131149,433
7148821,22.237,26.8703,427,39479,0.141965,0.19,1,131604,131177,427
7151741,6.04739,6.97405,427,39532,0.148393,0.13,1,131606,131179,427
7154661,84.4095,83.7948,428,39585,0.181679,0.05,1,131710,131282,428
7157581,121.682,123.959,425,39638,0.0603357,0.05,1,131841,131416,425
7160501,25.9364,26.3918,425,39691,0.0360671,0.07,1,131843,131418,425
7163421,30.7873,30.8784,425,39744,0.0312134,0.05,1,131875,131450,425
7166341,34.1575,34.1757,425,39797,0.0622427,0.05,1,131910,131485,425
7169261,8.43149,8.43513,425,39850,0.0684485,0.09,1,131912,131487,425
7172181,19.2863,18.487,426,39903,0.14969,0.09,1,131934,131508,426
7175101,10.2573,10.0974,426,39956,0.133938,0.11,1,131942,131516,426
7178021,32.4515,31.6195,427,40009,0.178788,0.11,1,131980,131553,427
7180941,8.09029,7.9239,427,40062,0.187758,0.11,1,131982,131555,427
7183861,22.4181,1.58478,453,40115,0.173551,0.11,1,132008,131555,453
7186781,22.0836,21.917,448,40168,0.20271,0.15,1,132030,131582,448
7189701,6.01672,21.9834,428,40221,0.208542,0.15,1,132032,131604,428
7192621,87.6033,5.99668,534,40273,0.257708,0.19,1,132140,131606,534
7195541,115.921,84.3993,553,40325,0.155542,0.03,1,132263,131710,553
7198461,24.7841,121.68,424,40377,0.135108,0.03,1,132265,131841,424
7201381,31.3568,25.936,455,40429,0.115022,0.03,1,132298,131843,455
7204301,36.6714,30.7872,461,40481,0.143004,0.07,1,132336,131875,461
7207221,8.93427,34.1574,428,40533,0.164601,0.07,1,132338,131910,428
7210141,20.1869,8.43149,449,40585,0.21692,0.17,1,132361,131912,449
7213061,10.4374,19.2863,435,40637,0.227384,0.13,1,132369,131934,435
7215981,34.0875,10.2573,467,40689,0.197477,0.19,1,132409,131942,467
7218901,8.41749,32.4515,431,40741,0.223495,0.19,1,132411,131980,431
7221821,23.2835,8.09029,456,40793,0.212699,0.17,1,132438,131982,456
7224741,23.0567,22.4181,453,40845,0.21054,0.21,1,132461,132008,453
7227661,6.21134,22.0836,433,40897,0.210108,0.21,1,132463,132030,433
7230581,92.4423,6.01672,545,40949,0.354022,0.27,1,132577,132032,545
7233501,108.888,87.6033,550,41001,0.446804,0.13,1,132690,132140,550
7236421,23.3777,115.921,429,41052,0.465361,0.13,1,132692,132263,429
7239341,31.0755,24.7841,460,41103,0.501072,0.11,1,132725,132265,460
7242261,39.8151,31.3568,469,41154,0.588214,0.15,1,132767,132298,469
7245181,9.56302,36.6714,433,41205,0.621643,0.17,1,132769,132336,433
7248101,21.1126,8.93427,455,41256,0.652329,0.23,1,132793,132338,455
7251021,10.6225,20.1869,440,41307,0.658466,0.23,1,132801,132361,440
7253941,32.5245,10.4374,470,41358,0.683693,0.19,1,132839,132369,470
7256861,8.1049,34.0875,432,41409,0.688739,0.23,1,132841,132409,432
7259781,24.821,8.41749,459,41460,0.737748,0.21,1,132870,132411,459
7262701,22.5642,23.2835,454,41511,0.76355,0.21,2,132892,132438,454
7265621,6.11284,23.0567,433,41562,0.76871,0.21,2,132894,132461,433
7268541,2.82257,6.21134,433,41613,0.769742,0.39,2,132896,132463,433
7271461,100.565,92.4423,444,41664,0.617948,0.47,1,133021,132577,444
7274381,112.113,108.888,446,41715,0.78759,0.47,2,133136,132690,446
7277301,24.0226,23.3777,446,41766,0.821518,0.51,2,133138,132692,446
7280221,32.0045,31.0755,447,41817,0.796304,0.61,2,133172,132725,447
7283141,46.4009,39.8151,455,41867,0.695261,0.63,1,133222,132767,455
7286061,10.8802,9.56302,455,41917,0.643052,0.66,1,133224,132769,455
7288981,21.376,21.1126,455,41967,0.79261,0.66,2,133248,132793,455
7291901,10.6752,10.6225,455,42017,0.854522,0.69,2,133256,132801,455
7294821,33.335,32.5245,456,42067,0.818904,0.69,2,133295,132839,456
7297741,8.26701,8.1049,456,42117,0.811781,0.75,2,133297,132841,456
7300661,28.0534,24.821,460,42167,0.842356,0.77,2,133330,132870,460
7303581,23.2107,22.5642,460,42217,0.848471,0.77,2,133352,132892,460
7306501,6.24214,6.11284,460,42267,0.849694,0.77,2,133354,132894,460
7309421,2.84843,2.82257,460,42317,0.849939,0.58,2,133356,132896,460
7312341,100.57,100.565,460,42367,0.673988,0.83,1,133481,133021,460
7315261,112.914,112.113,461,42417,0.878798,0.83,2,133597,133136,461
7318181,24.1828,24.0226,461,42467,0.91976,0.79,2,133599,133138,461
7548861,16,16,491,46228,0.86,1,2,136110,135619,491
7551781,13.6,19.2,484,46274,0.844,1,2,136123,135639,484
7554701,25.92,11.84,503,46320,0.7608,1,2,136152,135649,503
7557621,31.584,28.768,503,46366,0.66416,1,1,136185,135682,503
7560541,17.5168,24.9536,493,46411,0.580832,1,1,136199,135706,493
7563461,17.9034,16.9907,496,46456,0.540166,1,1,136217,135721,496
7566381,69.1807,20.1981,557,46501,0.388033,0.83,1,136299,135742,557
7569301,115.436,75.2396,595,46546,0.133607,1,1,136426,135831,595
7572221,41.4872,115.048,493,46591,0.0267213,1,1,136449,135956,493
7575141,21.0974,40.6096,487,46636,0.00534427,1,1,136465,135978,487
7578061,16.2195,21.7219,485,46681,0.00906885,1,1,136480,135995,485
7580981,24.8439,15.5444,498,46726,0.00981377,1,1,136507,136009,498
7583901,15.3688,25.5089,483,46771,0.00996275,0.99,1,136520,136037,483
7586821,19.0738,19.5018,485,46816,0.0259925,0.9,1,136540,136055,485
7589741,19.8148,22.3004,482,46861,0.00519851,0.93,1,136560,136078,482
7592661,15.1629,17.2601,480,46906,0.0810397,0.86,1,136574,136094,480
7595581,12.6326,16.252,476,46951,0.0882079,0.84,1,136586,136110,476
7598501,19.3265,13.6504,484,46996,0.0656416,0.74,1,136607,136123,484
7601421,26.2653,25.9301,483,47041,0.0691283,0.64,1,136635,136152,483
7604341,14.8531,31.586,462,47086,0.0378257,0.56,1,136647,136185,462
7607261,14.9706,17.5172,463,47131,0.0315651,0.53,1,136662,136199,463
7610181,70.1941,17.9034,529,47176,0.00631303,0.35,1,136746,136217,529
7613101,95.6388,69.1807,549,47221,0.185263,0.07,1,136848,136299,549
7616021,36.7278,115.436,444,47266,0.173053,0,1,136870,136426,444
7618941,20.9456,41.4872,438,47311,0.122611,0,1,136887,136449,438
7621861,16.1891,21.0974,437,47356,0.0325221,0.01,1,136902,136465,437
7624781,4.83782,16.2195,424,47401,0.0145044,0.01,1,136904,136480,424
7627701,21.7676,24.8439,423,47445,0.0589009,0.01,1,136930,136507,423
7630621,13.9535,15.3688,422,47489,0.0517802,0.03,1,136942,136520,422
7633541,18.7907,19.0738,422,47533,0.034356,0,1,136962,136540,422
7636461,24.5581,19.8148,428,47577,0.0308712,0.1,1,136988,136560,428
7639381,14.5116,15.1629,426,47621,0.134174,0.09,1,137000,136574,426
7642301,10.9023,12.6326,424,47665,0.122835,0.06,1,137010,136586,424
7645221,20.5805,19.3265,426,47709,0.136567,0.07,1,137033,136607,426
7648141,24.1161,26.2653,423,47753,0.163313,0.03,1,137058,136635,423
7651061,15.2232,14.8531,424,47797,0.152663,0.03,1,137071,136647,424
7653981,21.4446,14.9706,432,47841,0.166533,0,1,137094,136662,432
7656901,65.8889,70.1941,425,47885,0.121307,0.23,1,137171,136746,425
7659821,101.978,95.6388,434,47929,0.184261,0.17,1,137282,136848,434
7662741,34.7956,36.7278,430,47973,0.220852,0.11,1,137300,136870,430
7665661,14.9591,20.9456,423,48017,0.19617,0.01,1,137310,136887,423
7668581,14.9918,16.1891,423,48061,0.175234,0.01,1,137325,136902,423
7671501,4.59836,4.83782,423,48105,0.171047,0.07,1,137327,136904,423
7674421,20.9197,21.7676,422,48149,0.154209,0.05,1,137352,136930,422
7677341,13.7839,13.9535,422,48193,0.166842,0.03,1,137364,136942,422
7680261,19.5568,18.7907,423,48237,0.0733684,0.03,1,137385,136962,423
7683181,23.9114,24.5581,422,48281,0.0226737,0.16,1,137410,136988,422
7686101,19.1823,14.5116,428,48325,0.00453473,0.12,1,137428,137000,428
7689021,13.4365,10.9023,430,48369,0.0969069,0.14,1,137440,137010,430
7691941,20.2873,20.5805,429,48413,0.155381,0.17,1,137462,137033,429
7694861,24.8575,24.1161,430,48457,0.199076,0.15,1,137488,137058,430
7697781,14.5715,15.2232,429,48500,0.207815,0.17,1,137500,137071,429
7700701,20.5143,21.4446,428,48543,0.209563,0.11,1,137522,137094,428
7703621,66.5029,65.8889,429,48586,0.145913,0.2,1,137600,137171,429
7706541,103.701,101.978,431,48629,0.349183,0.23,1,137713,137282,431
7709461,35.1401,34.7956,431,48672,0.357836,0.19,1,137731,137300,431
7712381,13.428,14.9591,429,48715,0.383567,0.17,1,137739,137310,429
7715301,13.8856,14.9918,428,48758,0.388713,0.17,1,137753,137325,428
7718221,4.37712,4.59836,428,48801,0.389743,0.15,1,137755,137327,428
7721141,20.0754,20.9197,427,48844,0.389949,0.15,1,137779,137352,427
7724061,13.6151,4.18393,439,48887,0.35799,0.17,1,137791,137352,439
7726981,14.723,10.4368,442,48930,0.367598,0.05,1,137806,137364,442
7729901,22.9446,18.8874,446,48973,0.25752,0.01,1,137831,137385,446
7732821,22.1889,23.7775,443,49016,0.0515039,0,1,137853,137410,443
7735741,17.2378,19.1555,441,49059,0.0343008,0.12,1,137869,137428,441
7738661,20.2476,13.4311,450,49102,0.11086,0.17,1,137890,137440,450
7741581,25.6495,20.2862,455,49145,0.142172,0.21,1,137917,137462,455
7744501,14.7299,24.8572,441,49188,0.148434,0.21,1,137929,137488,441
7747421,20.546,14.5714,451,49231,0.165687,0.21,1,137951,137500,451
7750341,64.1092,20.5143,504,49274,0.193137,0.13,1,138026,137522,504
7753261,112.822,66.5029,551,49317,0.158627,0.4,1,138151,137600,551
7756181,36.9644,103.701,456,49360,0.183725,0.36,1,138169,137713,456
7759101,13.7929,35.1401,446,49403,0.188745,0.39,1,138177,137731,446
7762021,13.9586,13.428,452,49446,0.189749,0.39,1,138191,137739,452
7764941,4.39171,13.8856,440,49489,0.18995,0.39,1,138193,137753,440
7767861,20.0783,4.37712,462,49532,0.18999,0.39,1,138217,137755,462
7770781,13.6157,20.0754,450,49575,0.189998,0.35,1,138229,137779,450
7773701,13.9231,13.6151,452,49617,0.19,0.37,1,138243,137791,452
7776621,13.9846,14.723,451,49659,0.222,0.23,1,138257,137806,451
7779541,16.3969,22.9446,443,49701,0.1804,0,1,138274,137831,443
7782461,18.4794,22.1889,440,49743,0.12408,0.03,1,138293,137853,440
7785381,19.6959,17.2378,444,49785,0.104816,0.13,1,138313,137869,444
7788301,29.5392,20.2476,455,49827,0.124963,0.15,1,138345,137890,455
7791221,16.3078,25.6495,441,49869,0.112993,0.15,1,138358,137917,441
7794141,20.8616,14.7299,451,49911,0.110599,0.17,1,138380,137929,451
7797061,60.9723,20.546,500,49953,0.0621197,0.2,1,138451,137951,500
7799981,116.194,64.1092,555,49995,0.132424,0.15,1,138581,138026,555
7802901,37.6389,112.822,448,50037,0.170485,0.19,1,138599,138151,448
7805821,13.9278,36.9644,438,50079,0.186097,0.19,1,138607,138169,438
7808741,13.9856,13.7929,444,50121,0.189219,0.19,1,138621,138177,444
7811661,4.39711,13.9586,432,50163,0.189844,0.19,1,138623,138191,432
7814581,20.0794,4.39171,454,50205,0.205969,0.19,1,138647,138193,454
7817501,13.6159,20.0783,442,50247,0.209194,0.19,1,138659,138217,442
7820421,14.7232,13.6157,445,50289,0.193839,0.19,1,138674,138229,445
7823341,4.54464,13.9231,433,50331,0.190768,0.23,1,138676,138243,433
7826261,10.5089,13.9846,431,50373,0.222154,0.17,1,138688,138257,431
7829181,13.3018,16.3969,428,50415,0.196431,0.11,1,138702,138274,428
7832101,17.0604,18.4794,427,50457,0.199286,0.1,1,138720,138293,427
7835021,19.4121,19.6959,427,50499,0.175857,0.13,1,138740,138313,427
7837941,30.2824,29.5392,428,50541,0.147171,0.11,1,138773,138345,428
7840861,15.6565,16.3078,427,50583,0.149434,0.11,1,138785,138358,427
7843781,20.7313,20.8616,427,50625,0.181887,0.05,1,138807,138380,427
7846701,56.9463,60.9723,422,50667,0.0363774,0.15,1,138873,138451,422
7849621,118.589,116.194,426,50709,0.183275,0.18,1,139007,138581,426
7852541,42.1178,37.6389,431,50751,0.196655,0.19,1,139030,138599,431
7855461,14.8236,13.9278,431,50793,0.207331,0.19,1,139038,138607,431
7858381,14.1647,13.9856,431,50834,0.209466,0.19,1,139052,138621,431
7861301,4.43294,4.39711,431,50875,0.209893,0.21,1,139054,138623,431
7864221,20.8866,20.0794,432,50916,0.225979,0.21,1,139079,138647,432
7867141,13.7773,13.6159,432,50957,0.229196,0.19,1,139091,138659,432
7870061,13.9555,14.7232,431,50998,0.229839,0.19,1,139105,138674,431
7872981,4.39109,4.54464,431,51039,0.229968,0.23,1,139107,138676,431
7875901,10.4782,10.5089,431,51080,0.197994,0.19,1,139119,138688,431
7878821,10.0956,13.3018,427,51121,0.191599,0.2,1,139129,138702,427
7881741,18.8191,17.0604,430,51162,0.23032,0.17,1,139150,138720,430
7884661,18.1638,19.4121,428,51203,0.190064,0.14,1,139168,138740,428
7887581,30.8328,30.2824,429,51244,0.182013,0.15,1,139202,138773,429
7890501,15.7666,15.6565,429,51285,0.244403,0.19,1,139214,138785,429
7893421,20.7533,20.7313,429,51326,0.280881,0,1,139236,138807,429
7896341,56.1507,56.9463,428,51367,0.0561761,0.22,1,139301,138873,428
7899261,120.83,118.589,431,51408,0.203235,0.2,1,139438,139007,431
7902181,41.766,42.1178,430,51449,0.200647,0.21,1,139460,139030,430
7905101,14.7532,14.8236,430,51490,0.248129,0.21,1,139468,139038,430
7908021,14.1506,14.1647,430,51531,0.265626,0.21,1,139482,139052,430
7910941,4.43013,4.43294,430,51572,0.269125,0.23,1,139484,139054,430
7913861,21.686,20.8866,431,51613,0.269825,0.23,1,139510,139079,431
7916781,13.9372,13.7773,431,51654,0.269965,0.23,1,139522,139091,431
7919701,13.9874,13.9555,431,51695,0.301993,0.23,1,139536,139105,431
7922621,4.39749,4.39109,431,51736,0.308399,0.19,1,139538,139107,431
7925541,10.4795,10.4782,431,51777,0.27768,0.19,1,139550,139119,431
7928461,10.0959,2.09564,441,51818,0.271536,0.19,1,139560,139119,441
7931381,18.0192,8.41913,451,51859,0.238307,0.24,1,139580,139129,451
7934301,18.0038,18.4838,448,51900,0.279661,0.18,1,139598,139150,448
7937221,32.4008,18.0968,466,51941,0.239932,0.18,1,139634,139168,466
7940141,16.8802,30.8194,445,51982,0.271986,0.26,1,139647,139202,445
7943061,20.976,15.7639,455,52023,0.270397,0.29,1,139669,139214,455
7945981,51.3952,20.7528,492,52063,0.110079,0,1,139728,139236,492
7948901,123.079,56.1506,568,52103,0.118016,0.24,1,139869,139301,568
7951821,43.0158,120.83,454,52143,0.127603,0.2,1,139892,139438,454
7954741,15.0032,41.766,440,52183,0.161521,0.26,1,139900,139460,440
7957661,14.2006,14.7532,446,52223,0.232304,0.27,1,139914,139468,446
7960581,4.44013,14.1506,434,52263,0.246461,0.27,1,139916,139482,434
7963501,23.288,4.43013,460,52303,0.249292,0.27,1,139944,139484,460
7966421,14.2576,21.686,446,52343,0.249858,0.27,1,139956,139510,446
7969341,14.0515,13.9372,448,52383,0.249972,0.31,1,139970,139522,448
7972261,4.4103,13.9874,436,52423,0.249994,0.31,1,139972,139536,436
7975181,10.4821,4.39749,446,52463,0.249999,0.27,1,139984,139538,446
7978101,10.0964,10.4795,444,52503,0.25,0.27,1,139994,139550,444
7981021,16.4193,10.0959,452,52543,0.258,0.23,1,140012,139560,452
7983941,17.6839,18.0192,450,52583,0.2276,0.29,1,140030,139580,450
7986861,33.1368,18.0038,469,52623,0.18952,0.23,1,140067,139598,469
7989781,17.8274,32.4008,447,52663,0.253904,0.28,1,140081,139634,447
7992701,21.1655,16.8802,456,52703,0.282781,0.27,1,140103,139647,456
7995621,41.0331,20.976,480,52743,0.304556,0.07,1,140149,139669,480
7998541,129.007,51.3952,572,52783,0.204911,0.12,1,140300,139728,572
8001461,45.8013,123.079,456,52823,0.240982,0.13,1,140325,139869,456
8004381,15.5603,43.0158,441,52863,0.184196,0.17,1,140333,139892,441
8007301,14.3121,15.0032,447,52903,0.244839,0.25,1,140347,139900,447
8010221,4.46241,14.2006,435,52943,0.256968,0.25,1,140349,139914,435
8013141,23.2925,4.44013,461,52983,0.267394,0.25,1,140377,139916,461
8016061,14.2585,23.288,445,53023,0.269479,0.25,1,140389,139944,445
8018981,14.0517,14.2576,447,53063,0.285896,0.25,1,140403,139956,447
8021901,4.41034,14.0515,435,53103,0.289179,0.25,1,140405,139970,435
8024821,10.4821,4.4103,445,53143,0.305836,0.25,1,140417,139972,445
8027741,10.0964,10.4821,443,53183,0.309167,0.25,1,140427,139984,443
8030661,13.2193,10.0964,447,53223,0.309833,0.26,1,140441,139994,447
8033581,4.24386,16.4193,431,53263,0.477967,0.22,1,140443,140012,431
8036501,19.2488,17.6839,436,53303,0.455593,0.18,1,140466,140030,436
8039421,31.8498,33.1368,434,53342,0.451119,0.27,1,140501,140067,434
8042341,19.17,17.8274,436,53381,0.482224,0.29,1,140517,140081,436
8045261,21.434,21.1655,436,53420,0.544445,0.31,1,140539,140103,436
8048181,35.4868,41.0331,429,53459,0.532889,0.18,1,140578,140149,429
8051101,131.097,129.007,433,53498,0.290578,0.25,1,140733,140300,433
8054021,43.8195,45.8013,430,53537,0.402116,0.17,1,140755,140325,430
8056941,19.1639,15.5603,435,53576,0.440423,0.26,1,140768,140333,435
8059861,15.0328,14.3121,435,53615,0.440085,0.26,1,140782,140347,435
8062781,4.60656,4.46241,435,53654,0.408017,0.27,1,140784,140349,435
8065701,23.3213,23.2925,435,53693,0.489603,0.27,1,140812,140377,435
8068621,15.0643,14.2585,436,53732,0.489921,0.29,1,140825,140389,436
8071541,15.0129,14.0517,437,53771,0.473984,0.29,1,140840,140403,437
8074461,4.60257,4.41034,437,53810,0.470797,0.31,1,140842,140405,437
8077381,10.5205,10.4821,437,53849,0.470159,0.31,1,140854,140417,437
8080301,10.1041,10.0964,437,53888,0.470032,0.31,1,140864,140427,437
8083221,21.2208,13.2193,447,53927,0.566006,0.52,1,140888,140441,447
8086141,5.84416,4.24386,447,53966,0.585201,0.45,1,140890,140443,447
8089061,17.1688,19.2488,444,54005,0.58904,0.45,1,140910,140466,444
8091981,33.8338,31.8498,447,54044,0.525808,0.49,1,140948,140501,447
8094901,19.5668,19.17,447,54083,0.545162,0.56,1,140964,140517,447
8097821,21.5134,21.434,447,54122,0.573032,0.53,1,140986,140539,447
8100741,34.7027,35.4868,446,54161,0.602606,0.23,1,141024,140578,446
8103661,126.141,131.097,440,54200,0.592521,0.43,1,141173,140733,440
8106581,45.2281,43.8195,443,54239,0.670504,0.45,1,141198,140755,443
8109501,17.0456,19.1639,440,54278,0.662101,0.44,1,141208,140768,440
8112421,17.0091,15.0328,443,54317,0.66842,0.4,1,141225,140782,443
8115341,5.00182,4.60656,443,54356,0.669684,0.51,1,141227,140784,443
8118261,25.0004,23.3213,445,54395,0.757937,0.49,2,141257,140812,445
8121181,14.6001,15.0643,444,54434,0.751587,0.47,2,141269,140825,444
8124101,15.72,15.0129,445,54473,0.782318,0.47,2,141285,140840,445
8127021,4.744,4.60257,445,54512,0.756463,0.47,2,141287,140842,445
8129941,10.5488,10.5205,445,54551,0.751293,0.47,2,141299,140854,445
8132861,10.1098,10.1041,445,54590,0.766259,0.59,2,141309,140864,445
8135781,24.422,21.2208,449,54629,0.881252,0.59,2,141337,140888,449
8138701,6.48439,5.84416,449,54668,0.92025,0.59,2,141339,140890,449
8150381,22,16,470,54820,0.91,0.58,2,141434,140964,470
8153301,35.6,20.8,487,54858,0.926,0.61,2,141473,140986,487
8156221,128.72,34.56,601,54896,0.7932,0.59,2,141625,141024,601
8159141,47.344,126.112,479,54934,0.83064,0.69,2,141652,141173,479
8162061,15.8688,45.2224,462,54972,0.902128,0.66,2,141660,141198,462
8164981,19.1738,17.0445,472,55010,0.860426,0.67,2,141680,141208,472
8167901,5.43475,17.0089,457,55048,0.852085,0.67,2,141682,141225,457
8170821,27.4869,5.00178,488,55086,0.938417,0.78,2,141715,141227,488
8325581,19,14,499,57074,0.75,1,2,143105,142606,499
8328501,17.4,18,497,57111,0.702,1,1,143122,142625,497
8331421,13.08,13.2,497,57148,0.6604,1,1,143134,142637,497
8334341,26.616,28.24,495,57185,0.57208,1,1,143164,142669,495
8337261,21.3232,16.048,502,57222,0.554416,1,1,143184,142682,502
8340181,20.2646,17.6096,504,57259,0.486883,1,1,143204,142700,504
8343101,18.4529,17.1219,505,57296,0.425377,1,1,143222,142717,505
8346021,18.0906,12.2244,512,57333,0.381075,1,1,143240,142728,512
8348941,15.6181,13.6449,513,57370,0.316215,1,1,143255,142742,513
8350401,11.9236,12.329,512,57407,0.359243,1,1,143266,142754,512
8410261,361.585,425.666,432,26280,0.559849,0.07,1,143715,143283,432
8413181,109.917,109.133,449,27088,0.48797,0.01,1,143762,143313,449
8416101,56.3834,61.8266,442,27166,0.137594,0.03,1,143805,143363,442
8419021,140.877,142.765,441,27244,0.0675188,0.01,1,143967,143526,441
8421941,50.5753,56.5531,434,27322,0.0535038,0.01,1,143995,143561,434
8424861,40.5151,28.1106,451,27400,0.0187008,0.03,1,144033,143582,451
8427781,34.503,42.4221,438,27477,0.0117402,0.05,1,144066,143628,438
8430701,70.9006,47.6844,469,27554,0.042348,0.63,1,144146,143677,469
8433621,21.3801,29.5369,453,27631,0.0484696,0.63,1,144155,143702,453
8436541,13.076,12.3074,456,27708,0.0976939,0.47,1,144166,143710,456
8439461,35.4152,44.0615,445,27784,0.0915388,0.05,1,144207,143762,445
8442381,23.883,43.2123,423,27860,0.106308,0.05,1,144228,143805,423
8445301,135.177,138.242,424,27936,0.0452616,0.05,1,144391,143967,424
8448221,48.6353,50.0485,423,28012,0.0330523,0.01,1,144418,143995,423
8451141,39.3271,40.4097,422,28088,0.0306105,0.01,1,144455,144033,422
8454061,34.2654,34.4819,422,28163,0.0301221,0.05,1,144488,144066,422
8456981,73.2531,70.8964,425,28238,0.0300244,0.05,1,144571,144146,425
8459901,22.6506,21.3793,426,28313,0.0140049,0.11,1,144581,144155,426
8462821,13.3301,13.0759,426,28388,0.026801,0.11,1,144592,144166,426
8465741,34.666,2.61517,466,28463,0.0453602,0.09,1,144632,144166,466
8468661,22.9332,33.323,445,28537,0.065072,0.11,1,144652,144207,445
8471581,132.587,23.4646,584,28611,0.0130144,0.03,1,144812,144228,584
8474501,48.1173,135.093,448,28685,0.0266029,0.03,1,144839,144391,448
8477421,39.2235,48.6186,458,28759,0.0293206,0.03,1,144876,144418,458
8480341,34.2447,39.3237,454,28833,0.0298641,0.03,1,144909,144455,454
8483261,73.2489,34.2647,504,28906,0.0299728,0.03,1,144992,144488,504
8486181,22.6498,73.2529,431,28979,0.0619946,0.01,1,145002,144571,431
8489101,14.13,22.6506,433,29052,0.0683989,0.03,1,145014,144581,433
8492021,35.626,13.3301,463,29125,0.11768,0.05,1,145055,144592,463
8494941,23.9252,34.666,444,29198,0.111536,0.07,1,145076,144632,444
8497861,130.385,22.9332,581,29271,0.0223072,0,1,145233,144652,581
8500781,47.677,132.587,448,29343,0.0284614,0.03,1,145260,144812,448
8503701,39.9354,48.1173,459,29415,0.0296923,0.03,1,145298,144839,459
8506621,34.3871,39.2235,455,29487,0.0299385,0.03,1,145331,144876,455
8509541,74.8774,34.2447,507,29559,0.0459877,0.03,1,145416,144909,507
8512461,22.9755,73.2489,434,29631,0.0491975,0.07,1,145426,144992,434
8515381,14.9951,22.6498,437,29702,0.0338395,0.07,1,145439,145002,437
8518301,37.399,14.13,468,29773,0.0627679,0.13,1,145482,145014,468
8521221,23.4798,35.626,447,29844,0.0845536,0.11,1,145502,145055,447
8524141,6.29596,23.9252,428,29915,0.0889107,0,1,145504,145076,428
8527061,122.859,130.385,423,29986,0.0417821,0.03,1,145656,145233,423
8529981,47.7718,47.677,425,30057,0.0483564,0.03,1,145685,145260,425
8532901,38.3544,39.9354,423,30127,0.0176713,0.03,1,145721,145298,423
8535821,34.0709,34.3871,423,30197,0.0115343,0.05,1,145754,145331,423
8538741,75.6142,74.8774,424,30267,0.0263069,0.05,1,145840,145416,424
8541661,23.1228,22.9755,424,30337,0.0292614,0.03,1,145850,145426,424
8544581,15.8246,14.9951,425,30407,0.0298523,0.07,1,145864,145439,425
8547501,38.3649,37.399,426,30477,0.0459705,0.09,1,145908,145482,426
8550421,23.673,23.4798,426,30546,0.0171941,0.09,1,145928,145502,426
8553341,6.3346,6.29596,426,30615,0.0594388,0.03,1,145930,145504,426
8556261,119.667,122.859,422,30684,0.0198878,0.05,1,146078,145656,422
8559181,47.9334,47.7718,423,30753,0.0279776,0.01,1,146108,145685,423
8562101,37.5867,38.3544,422,30822,0.0295955,0.01,1,146143,145721,422
8565021,33.9173,34.0709,422,30891,0.0059191,0.03,1,146176,145754,422
8567941,76.3835,75.6142,423,30960,0.0411838,0.03,1,146263,145840,423
8570861,23.2767,23.1228,423,31028,0.0162368,0.03,1,146273,145850,423
8573781,15.8553,15.8246,423,31096,0.0112474,0.05,1,146287,145864,423
8576701,37.5711,38.3649,422,31164,0.0422495,0.01,1,146330,145908,422
8579621,24.3142,23.673,423,31232,0.0324499,0.07,1,146351,145928,423
8582541,6.46284,6.3346,423,31300,0.03049,0.07,1,146353,145930,423
8585461,118.093,1.26692,569,31368,0.030098,0.01,1,146499,145930,569
8588381,47.6185,118.653,451,31435,0.0060196,0.03,1,146529,146078,451
8591301,37.5237,47.7307,456,31502,0.0252039,0.03,1,146564,146108,456
8594221,33.9047,37.5461,454,31569,0.00504078,0,1,146597,146143,454
8597141,76.3809,33.9092,508,31636,0.0250082,0.05,1,146684,146176,508
8600061,23.2762,76.3818,431,31703,0.0450016,0.01,1,146694,146263,431
8602981,15.8552,23.2764,435,31770,0.0490003,0.01,1,146708,146273,435
8605901,37.571,15.8553,464,31837,0.0338001,0.05,1,146751,146287,464
8608821,25.1142,37.5711,443,31903,0.04676,0.03,1,146773,146330,443
8611741,6.62284,24.3142,424,31969,0.049352,0.03,1,146775,146351,424
8614661,117.325,6.46284,567,32035,0.0098704,0.03,1,146920,146353,567
8617581,47.4649,118.093,451,32101,0.00997408,0,1,146950,146499,451
8620501,37.493,47.6185,456,32167,0.00999482,0.03,1,146985,146529,456
8623421,33.8986,37.5237,454,32233,0.00999896,0,1,147018,146564,454
8626341,77.9797,33.9047,510,32299,0.00999979,0.03,1,147107,146597,510
8629261,23.5959,76.3809,433,32364,0.042,0.05,1,147117,146684,433
8632181,15.9192,23.2762,437,32429,0.0484,0.05,1,147131,146694,437
8635101,36.7838,15.8552,465,32494,0.04968,0.03,1,147173,146708,465
8638021,26.5568,37.571,446,32559,0.065936,0.05,1,147197,146751,446
8640941,6.91135,25.1142,426,32624,0.0691872,0.05,1,147199,146773,426
8643861,114.982,6.62284,566,32689,0.0378374,0,1,147341,146775,566
8646781,46.9965,117.325,451,32754,0.0315675,0.01,1,147371,146920,451
8649701,10.9993,47.4649,423,32819,0.0303135,0.01,1,147373,146950,423
8652621,29.3999,37.493,422,32883,0.0140627,0.01,1,147407,146985,422
8655541,32.28,33.8986,422,32947,0.0268125,0.01,1,147440,147018,422
8658461,79.256,77.9797,424,33011,0.0133625,0.05,1,147531,147107,424
8661381,23.8512,23.5959,424,33075,0.0106725,0.05,1,147541,147117,424
8664301,15.9702,15.9192,424,33139,0.0101345,0.05,1,147555,147131,424
8667221,36.794,36.7838,424,33203,0.0100269,0.07,1,147597,147173,424
8670141,27.3588,26.5568,425,33267,0.0580054,0.07,1,147622,147197,425
8673061,7.07176,6.91135,425,33331,0.0676011,0.03,1,147624,147199,425
8675981,113.414,114.982,423,33394,0.0855202,0.03,1,147764,147341,423
8678901,46.6829,46.9965,423,33457,0.025104,0.03,1,147794,147371,423
8681821,10.9366,10.9993,423,33520,0.0130208,0.01,1,147796,147373,423
8684741,28.5873,29.3999,422,33583,0.0266042,0.03,1,147829,147407,422
8687661,32.9175,32.28,423,33646,0.00532083,0.01,1,147863,147440,423
8690581,78.5835,79.256,422,33709,0.0570642,0.01,1,147953,147531,422
8693501,23.7167,23.8512,422,33772,0.0354128,0.01,1,147963,147541,422
8696421,15.9433,15.9702,422,33835,0.0310826,0.01,1,147977,147555,422
8699341,36.7887,36.794,422,33897,0.0622165,0.07,1,148019,147597,422
8702261,28.1577,27.3588,423,33959,0.0684433,0.07,1,148045,147622,423
8705181,7.23155,7.07176,423,34021,0.0696887,0.09,1,148047,147624,423
8708101,114.246,113.414,424,34083,0.0859377,0.01,1,148188,147764,424
8711021,45.2493,46.6829,422,34145,0.105188,0.01,1,148216,147794,422
8713941,10.6499,10.9366,422,34207,0.141038,0.01,1,148218,147796,422
8716861,27.73,2.18731,454,34269,0.116208,0.03,1,148250,147796,454
8719781,32.746,26.8375,455,34331,0.0232415,0,1,148284,147829,455
8722701,79.3492,32.5675,512,34393,0.0286483,0.07,1,148375,147863,512
8725621,23.8698,78.5135,432,34454,0.0297297,0.03,1,148385,147953,432
8728541,15.974,23.7027,436,34515,0.0299459,0.03,1,148399,147963,436
8731461,36.7948,15.9405,464,34576,0.0459892,0.07,1,148441,147977,464
8734381,28.159,36.7881,448,34637,0.0491978,0.07,1,148467,148019,448
8737301,7.23179,28.1576,424,34698,0.0498396,0.07,1,148469,148045,424
8740221,116.646,7.23152,566,34759,0.0819679,0.09,1,148613,148047,566
8743141,46.5293,114.246,454,34820,0.104394,0.11,1,148642,148188,454
8746061,10.9059,45.2493,428,34881,0.108879,0.15,1,148644,148216,428
8748981,24.5812,10.6499,454,34942,0.109776,0.11,1,148672,148218,454
8751901,32.1162,27.73,456,35003,0.0939552,0,1,148706,148250,456
8754821,79.2232,32.746,513,35063,0.042791,0.03,1,148797,148284,513
8757741,23.8446,79.3492,432,35123,0.0325582,0.03,1,148807,148375,432
8760661,15.9689,23.8698,436,35183,0.0305116,0.03,1,148821,148385,436
8763581,37.5938,15.974,465,35243,0.0621023,0.05,1,148864,148399,465
8766501,28.3188,36.7948,449,35303,0.0684205,0.05,1,148890,148441,449
8769421,7.26375,28.159,425,35363,0.0696841,0.05,1,148892,148467,425
8772341,118.253,7.23179,569,35423,0.133937,0.09,1,149038,148469,569
8775261,47.6505,116.646,455,35483,0.178787,0.11,1,149068,148613,455
8778181,11.1301,46.5293,428,35543,0.187757,0.11,1,149070,148642,428
8781101,25.426,10.9059,455,35602,0.173551,0.11,1,149099,148644,455
8784021,29.0852,24.5812,457,35661,0.18671,0.09,1,149129,148672,457
8786941,7.41704,32.1162,425,35720,0.189342,0.03,1,149131,148706,425
8789861,72.6834,79.2232,423,35779,0.109868,0.03,1,149220,148797,423
8792781,22.5367,23.8446,423,35838,0.0939737,0.03,1,149230,148807,423
8795701,15.7073,15.9689,423,35897,0.0907947,0.07,1,149244,148821,423
8798621,39.1415,37.5938,425,35956,0.106159,0.07,1,149289,148864,425
8801541,28.6283,28.3188,425,36015,0.157232,0.07,1,149315,148890,425
8804461,7.32566,7.26375,425,36074,0.167446,0.15,1,149317,148892,425
8807381,123.065,118.253,431,36133,0.201489,0.19,1,149469,149038,431
8810301,48.613,47.6505,431,36191,0.176298,0.19,1,149499,149068,431
8813221,11.3226,11.1301,431,36249,0.17126,0.17,1,149501,149070,431
8816141,25.4645,25.426,431,36307,0.186252,0.19,1,149530,149099,431
8819061,29.0929,29.0852,431,36365,0.15725,0.19,1,149560,149129,431
8821981,7.41858,7.41704,431,36423,0.15145,0.09,1,149562,149131,431
8824901,68.6837,72.6834,426,36481,0.21429,0.09,1,149646,149220,426
8827821,21.7367,22.5367,426,36539,0.194858,0.09,1,149656,149230,426
8830741,15.5473,15.7073,426,36597,0.206972,0.11,1,149670,149244,426
8833661,40.7095,39.1415,428,36655,0.241394,0.17,1,149717,149289,428
8836581,28.9419,28.6283,428,36713,0.248279,0.17,1,149743,149315,428
8839501,7.38838,7.32566,428,36771,0.249656,0.21,1,149745,149317,428
8842421,124.678,123.065,430,36828,0.249931,0.17,1,149899,149469,430
8845341,48.9355,48.613,430,36885,0.217986,0.17,1,149929,149499,430
8848261,11.3871,11.3226,430,36942,0.243597,0.19,1,149931,149501,430
8851181,24.6774,25.4645,429,36999,0.264719,0.15,1,149959,149530,429
8854101,28.9355,29.0929,429,37056,0.284944,0.15,1,149989,149560,429
8857021,7.3871,7.41858,429,37113,0.256989,0.23,1,149991,149562,429
8859941,70.2774,68.6837,431,37170,0.283398,0.23,1,150077,149646,431
8862861,22.0555,13.7367,441,37227,0.27268,0.19,1,150087,149646,441
8865781,15.6111,10.7473,445,37284,0.270536,0.21,1,150101,149656,445
8868701,40.7222,13.3495,478,37341,0.254107,0.25,1,150148,149670,478
8871621,28.9444,40.2699,457,37398,0.250821,0.25,1,150174,149717,457
8874541,7.38889,28.854,433,37454,0.250164,0.25,1,150176,149743,433
8877461,124.678,7.3708,585,37510,0.250033,0.25,1,150330,149745,585
8880381,48.9356,124.674,461,37566,0.266007,0.21,1,150360,149899,461
8883301,11.3871,48.9348,433,37622,0.269201,0.25,1,150362,149929,433
8886221,26.2774,11.387,461,37678,0.26984,0.27,1,150392,149931,461
8889141,29.2555,24.6774,463,37734,0.301968,0.29,1,150422,149959,463
8892061,7.4511,28.9355,435,37790,0.308394,0.25,1,150424,149989,435
8894981,71.0902,7.3871,520,37846,0.485679,0.29,1,150511,149991,520
8897901,22.218,70.2774,444,37902,0.553136,0.27,1,150521,150077,444
8900821,15.6436,22.0555,448,37958,0.566627,0.27,1,150535,150087,448
8903741,39.9287,15.6111,480,38014,0.601325,0.25,1,150581,150101,480
8906661,28.7857,40.7222,459,38070,0.608265,0.25,1,150607,150148,459
8909581,7.35715,28.9444,435,38125,0.609653,0.25,1,150609,150174,435
8912501,125.471,7.38889,588,38180,0.641931,0.25,1,150764,150176,588
8915421,49.0943,124.678,464,38235,0.680386,0.27,1,150794,150330,464
8918341,11.4189,48.9356,436,38290,0.704077,0.27,1,150796,150360,436
8921261,27.8838,11.3871,466,38345,0.708815,0.27,1,150828,150362,466
8924181,29.5768,26.2774,466,38400,0.741763,0.31,1,150858,150392,466
8927101,7.51535,29.2555,438,38455,0.748353,0.31,1,150860,150422,438
8930021,81.5031,7.4511,536,38510,0.813671,0.53,2,150960,150424,536
8932941,24.3006,71.0902,459,38565,0.842734,0.57,2,150970,150511,459
8935861,16.0601,22.218,463,38620,0.848547,0.57,2,150984,150521,463
8938781,4.81202,15.6436,451,38675,0.849709,0.61,2,150986,150535,451
8941701,38.5624,39.9287,452,38730,0.865942,0.61,2,151033,150581,452
8944621,28.5125,28.7857,452,38785,0.901188,0.61,2,151059,150607,452
8947541,7.3025,7.35715,452,38839,0.908238,0.65,2,151061,150609,452
9090621,26,14,509,41417,0.67,1,1,152912,152403,509
9093541,20.4,15.6,512,41468,0.59,1,1,152931,152419,512
9096461,20.08,24.72,505,41519,0.526,1,1,152951,152446,505
9099381,23.216,26.544,502,41570,0.4492,1,1,152975,152473,502
9102301,20.6432,18.9088,505,41621,0.40184,1,1,152995,152490,505
9105221,97.7286,106.182,494,41672,0.088368,1,1,153112,152618,494
9108141,52.3457,73.2364,470,41723,0.0176736,1,1,153153,152683,470
9111061,18.4691,21.8473,471,41774,0.0275347,1,1,153163,152692,471
9113981,21.2938,18.7695,475,41825,0.0135069,0.95,1,153185,152710,475
9116901,19.4588,20.5539,473,41875,0.0107014,0.91,1,153204,152731,473
9119821,20.6918,20.1108,474,41925,0.0101403,1,1,153225,152751,474
9122741,65.7384,65.6222,474,41975,0.0260281,0.92,1,153302,152828,474
9125661,32.3477,34.7244,471,42025,0.0132056,0.85,1,153326,152855,471
9128581,20.0695,31.7449,457,42075,0.0106411,0.67,1,153343,152886,457
9131501,20.0139,27.149,451,42125,0.00212822,0.57,1,153363,152912,451
9134421,15.2028,20.6298,446,42175,0.0244256,0.51,1,153377,152931,446
9137341,17.4406,20.126,444,42225,0.0128851,0.43,1,153395,152951,444
9140261,19.4881,23.2252,440,42275,0.026577,0.39,1,153415,152975,440
9143181,15.8976,20.645,435,42325,0.0293154,0.01,1,153430,152995,435
9146101,87.1795,97.729,423,42375,0.00586308,0,1,153535,153112,423
9149021,50.2359,52.3458,423,42425,0.0411726,0.03,1,153576,153153,423
9151941,17.2472,18.4692,422,42475,0.0162345,0.01,1,153585,153163,422
9154861,21.0494,21.2938,422,42525,0.0272469,0.01,1,153607,153185,422
9157781,19.4099,19.4588,422,42575,0.0294494,0.01,1,153626,153204,422
9160701,20.682,20.6918,422,42625,0.00588988,0.03,1,153647,153225,422
9163621,65.7364,65.7384,422,42675,0.00917798,0.01,1,153724,153302,422
9166541,32.3473,32.3477,422,42724,0.0418356,0.01,1,153748,153326,422
9169461,20.0695,20.0695,422,42773,0.0323671,0,1,153765,153343,422
9172381,20.0139,20.0139,422,42822,0.0464734,0.03,1,153785,153363,422
9175301,15.2028,15.2028,422,42871,0.0332947,0.01,1,153799,153377,422
9178221,17.4406,17.4406,422,42920,0.0306589,0.03,1,153817,153395,422
9181141,19.4881,19.4881,422,42969,0.0301318,0.03,1,153837,153415,422
9184061,15.8976,15.8976,422,43018,0.0300264,0.03,1,153852,153430,422
9186981,86.3795,3.17952,526,43067,0.00600527,0,1,153956,153430,526
9189901,50.0759,84.6359,462,43116,0.00920105,0.05,1,153997,153535,462
9192821,17.2152,49.7272,430,43165,0.0258402,0.01,1,154006,153576,430
9195741,21.043,17.1454,443,43214,0.029168,0.03,1,154028,153585,443
9198661,19.4086,21.0291,440,43263,0.0458336,0.03,1,154047,153607,440
9201581,20.6817,19.4058,442,43312,0.0171667,0,1,154068,153626,442
9204501,65.7363,20.6812,498,43361,0.0274333,0.01,1,154145,153647,498
9207421,32.3473,65.7362,445,43410,0.0614867,0.05,1,154169,153724,445
9210341,20.0695,32.3472,438,43459,0.0362973,0.03,1,154186,153748,438
9213261,20.8139,20.0694,442,43508,0.0152595,0.05,1,154207,153765,442
9216181,14.5628,20.0139,435,43556,0.00305189,0.03,1,154220,153785,435
9219101,18.1126,15.2028,440,43604,0.0246104,0.03,1,154239,153799,440
9222021,18.8225,17.4406,441,43652,0.0289221,0.03,1,154258,153817,441
9224941,15.7645,19.4881,436,43700,0.0297844,0.03,1,154273,153837,436
9227861,86.3529,15.8976,525,43748,0.0139569,0,1,154377,153852,525
9230781,50.0706,86.3795,462,43796,0.0107914,0.01,1,154418,153956,462
9233701,17.2141,50.0759,430,43844,0.00215828,0.03,1,154427,153997,430
9236621,21.0428,17.2152,443,43892,0.0244317,0.03,1,154449,154006,443
9239541,19.4086,21.043,440,43940,0.0288863,0.05,1,154468,154028,440
9242461,20.6817,19.4086,442,43988,0.0297773,0.01,1,154489,154047,442
9245381,65.7363,20.6817,498,44036,0.00595545,0.03,1,154566,154068,498
9248301,32.3473,65.7363,445,44084,0.00919109,0.07,1,154590,154145,445
9251221,20.0695,32.3473,438,44132,0.0258382,0.03,1,154607,154169,438
9254141,20.8139,20.0695,442,44180,0.0291676,0.01,1,154628,154186,442
9257061,14.5628,20.8139,434,44228,0.0138335,0,1,154641,154207,434
9259981,18.1126,14.5628,440,44276,0.0427667,0.03,1,154660,154220,440
9262901,18.8225,18.1126,440,44324,0.0165533,0.03,1,154679,154239,440
9265821,15.7645,18.8225,436,44372,0.0113107,0.03,1,154694,154258,436
9268741,87.1529,15.7645,526,44420,0.0422621,0.01,1,154799,154273,526
9271661,51.0306,86.3529,464,44467,0.00845243,0.01,1,154841,154377,464
9274581,11.8061,50.0706,425,44514,0.00969048,0,1,154843,154418,425
9277501,7.16122,17.2141,422,44561,0.0019381,0.03,1,154849,154427,422
9280421,19.8322,21.0428,423,44608,0.00838762,0.03,1,154872,154449,423
9283341,19.1664,19.4086,423,44655,0.00967752,0.03,1,154891,154468,423
9286261,19.8333,20.6817,422,44702,0.0259355,0,1,154911,154489,422
9289181,65.5667,65.7363,422,44749,0.0291871,0.01,1,154988,154566,422
9292101,32.3133,32.3473,422,44796,0.0138374,0.03,1,155012,154590,422
9295021,20.0627,20.0695,422,44843,0.0267675,0.03,1,155029,154607,422
9297941,21.6125,20.8139,423,44890,0.0293535,0.01,1,155051,154628,423
9300861,14.7225,14.5628,423,44937,0.0298707,0.05,1,155064,154641,423
9303781,18.1445,18.1126,423,44984,0.0299741,0.01,1,155083,154660,423
9306701,18.8289,18.8225,423,45031,0.0299948,0.01,1,155102,154679,423
9309621,15.7658,15.7645,423,45078,0.045999,0.05,1,155117,154694,423
9312541,86.3532,87.1529,422,45125,0.0491998,0,1,155221,154799,422
9315461,50.8706,51.0306,422,45172,0.03384,0.01,1,155263,154841,422
9318381,11.7741,11.8061,422,45219,0.00676799,0,1,155265,154843,422
9321301,7.15483,7.16122,422,45266,0.0253536,0.01,1,155271,154849,422
9324221,19.831,19.8322,422,45313,0.0130707,0.01,1,155294,154872,422
9327141,19.9662,19.1664,423,45360,0.0106141,0.03,1,155314,154891,423
9330061,19.1932,19.8333,422,45406,0.0261228,0.03,1,155333,154911,422
9332981,65.4386,65.5667,422,45452,0.0132246,0.01,1,155410,154988,422
9335901,32.2877,32.3133,422,45498,0.0266449,0.03,1,155434,155012,422
9338821,20.0575,20.0627,422,45544,0.029329,0.03,1,155451,155029,422
9341741,21.6115,21.6125,422,45590,0.0298658,0.03,1,155473,155051,422
9344661,14.7223,14.7225,422,45636,0.0299732,0.03,1,155486,155064,422
9347581,18.1445,18.1445,422,45682,0.0299946,0.03,1,155505,155083,422
9350501,18.8289,18.8289,422,45728,0.0299989,0.05,1,155524,155102,422
9353421,15.7658,15.7658,422,45774,0.0299998,0.05,1,155539,155117,422
9356341,87.1532,86.3532,423,45820,0.078,0.03,1,155644,155221,423
9359261,50.2306,50.8706,422,45866,0.0236,0,1,155685,155263,422
9362181,11.6461,11.7741,422,45912,0.02872,0,1,155687,155265,422
9365101,6.32922,2.35483,427,45958,0.029744,0.03,1,155692,155265,427
9368021,19.6658,5.27097,444,46004,0.0139488,0.01,1,155715,155271,444
9370941,19.9332,19.4542,441,46050,0.0267898,0.01,1,155735,155294,441
9373861,19.1866,19.8908,440,46096,0.045358,0.03,1,155754,155314,440
9376781,65.4373,19.1782,498,46142,0.0330716,0.01,1,155831,155333,498
9379701,32.2875,65.4356,445,46188,0.0306143,0.03,1,155855,155410,445
9382621,20.0575,32.2871,438,46234,0.0301229,0.03,1,155872,155434,438
9385541,21.6115,20.0574,443,46280,0.0140246,0.03,1,155894,155451,443
9388461,14.7223,21.6115,434,46326,0.0108049,0.03,1,155907,155473,434
9391381,18.1445,14.7223,440,46372,0.026161,0.03,1,155926,155486,440
9394301,18.8289,18.1445,440,46417,0.0612322,0.03,1,155945,155505,440
9397221,15.7658,18.8289,436,46462,0.0522464,0.03,1,155960,155524,436
9400141,88.7532,15.7658,528,46507,0.0984493,0.09,1,156067,155539,528
9403061,48.9506,87.1532,462,46552,0.0596899,0.01,1,156106,155644,462
9405981,11.3901,50.2306,423,46597,0.067938,0.03,1,156108,155685,423
9408901,6.27802,11.6461,426,46642,0.0215876,0.03,1,156113,155687,426
9411821,19.6556,6.32922,444,46687,0.0123175,0.01,1,156136,155692,444
9414741,19.9311,19.6658,441,46732,0.0104635,0.03,1,156156,155715,441
9417661,19.1862,19.9332,440,46777,0.0260927,0.05,1,156175,155735,440
9420581,65.4372,19.1866,498,46822,0.00521854,0.03,1,156252,155754,498
9423501,32.2874,65.4373,445,46867,0.00904371,0.03,1,156276,155831,445
9426421,20.8575,32.2875,439,46912,0.00980874,0.03,1,156294,155855,439
9429341,21.7715,20.0575,444,46957,0.0419617,0.01,1,156316,155872,444
9432261,14.7543,21.6115,435,47002,0.0163923,0.01,1,156329,155894,435
9435181,17.3509,14.7223,440,47047,0.0432785,0.03,1,156347,155907,440
9438101,19.4702,18.1445,441,47092,0.0326557,0.07,1,156367,155926,441
9441021,15.094,18.8289,436,47137,0.0465311,0.05,1,156381,155945,436
9443941,92.6188,15.7658,533,47182,0.0653062,0.11,1,156493,155960,533
9446861,45.7238,88.7532,460,47227,0.0690612,0.05,1,156527,156067,460
9449781,10.7448,48.9506,423,47272,0.0698122,0.07,1,156529,156106,423
9452701,6.14895,11.3901,426,47317,0.0859624,0.01,1,156534,156108,426
9455621,19.6298,6.27802,444,47362,0.0731925,0.01,1,156557,156113,444
9458541,5.52596,19.6556,423,47407,0.0706385,0.01,1,156559,156136,423
9461461,17.1052,19.9311,423,47451,0.0381277,0.03,1,156579,156156,423
9464381,17.821,19.1862,422,47495,0.0316255,0,1,156597,156175,422
9467301,65.1642,65.4372,422,47539,0.0303251,0.01,1,156674,156252,422
9470221,33.0328,32.2874,423,47583,0.030065,0.01,1,156699,156276,423
9473141,20.2066,20.8575,422,47627,0.014013,0.05,1,156716,156294,422
9476061,22.4413,21.7715,423,47671,0.0428026,0.01,1,156739,156316,423
9478981,15.6883,14.7543,424,47715,0.0165605,0.05,1,156753,156329,424
9481901,16.7377,17.3509,423,47759,0.0273121,0.03,1,156770,156347,423
9484821,20.1475,19.4702,424,47803,0.0294624,0.05,1,156791,156367,424
9487741,15.2295,15.094,424,47847,0.0298925,0.07,1,156805,156381,424
9490661,93.4459,92.6188,425,47891,0.0459785,0.07,1,156918,156493,425
9493581,45.8892,45.7238,425,47935,0.0651957,0.07,1,156952,156527,425
9496501,10.7778,10.7448,425,47979,0.0370391,0.09,1,156954,156529,425
9499421,5.35557,6.14895,424,48023,0.0474078,0.07,1,156958,156534,424
9502341,18.6711,19.6298,423,48067,0.0494816,0.07,1,156980,156557,423
9505261,5.33422,5.52596,423,48111,0.0498963,0.03,1,156982,156559,423
9508181,16.2668,17.1052,422,48155,0.0819793,0.03,1,157001,156579,422
9511101,17.6534,17.821,422,48199,0.0883959,0.03,1,157019,156597,422
9514021,65.1307,65.1642,422,48243,0.0416792,0.03,1,157096,156674,422
9516941,33.0261,33.0328,422,48287,0.0163358,0.01,1,157121,156699,422
9519861,20.2052,20.2066,422,48331,0.0112672,0.05,1,157138,156716,422
9522781,22.441,22.4413,422,48375,0.00225343,0.01,1,157161,156739,422
9525701,15.6882,15.6883,422,48419,0.00845069,0.03,1,157175,156753,422
9528621,16.7376,16.7377,422,48463,0.0256901,0.03,1,157192,156770,422
9531541,20.9475,20.1475,423,48506,0.045138,0.03,1,157214,156791,423
9534461,15.3895,15.2295,423,48549,0.0490276,0.05,1,157228,156805,423
9537381,92.6779,93.4459,422,48592,0.0658055,0.07,1,157340,156918,422
9540301,47.3356,45.8892,424,48635,0.0691611,0.03,1,157376,156952,424
9543221,11.0671,10.7778,424,48678,0.0698322,0.05,1,157378,156954,424
9546141,5.41342,5.35557,424,48721,0.0379664,0.05,1,157382,156958,424
9549061,18.6827,18.6711,424,48764,0.0635933,0.05,1,157404,156980,424
9551981,5.33654,5.33422,424,48807,0.0687187,0.09,1,157406,156982,424
9554901,17.0673,16.2668,425,48850,0.0377437,0.09,1,157426,157001,425
9557821,14.6135,3.25337,439,48893,0.0315487,0.09,1,157440,157001,439
9560741,64.5227,15.0507,498,48936,0.0143097,0.03,1,157517,157019,498
9563661,32.9045,64.6101,446,48979,0.026862,0.01,1,157542,157096,446
9566581,20.1809,32.922,438,49022,0.0133724,0.01,1,157559,157121,438
9569501,22.4362,20.1844,444,49065,0.0106745,0,1,157582,157138,444
9572421,15.6872,22.4369,435,49108,0.0261349,0.01,1,157596,157161,435
9575341,16.7374,15.6874,438,49151,0.045227,0.03,1,157613,157175,438
9578261,20.9475,16.7375,443,49194,0.0330454,0.05,1,157635,157192,443
9581181,15.3895,20.9475,435,49237,0.0306091,0.05,1,157649,157214,435
9584101,93.4779,15.3895,534,49280,0.0621218,0.07,1,157762,157228,534
9587021,47.4956,92.6779,458,49323,0.0844244,0.07,1,157798,157340,458
9589941,11.0991,47.3356,424,49366,0.0888849,0.07,1,157800,157376,424
9592861,5.41982,11.0671,426,49409,0.089777,0.03,1,157804,157378,426
9595781,18.684,5.41342,444,49452,0.0899554,0.07,1,157826,157382,444
9598701,5.33679,18.6827,424,49495,0.0899911,0.07,1,157828,157404,424
9601621,16.2674,5.33654,441,49538,0.0739982,0.03,1,157847,157406,441
9604541,14.4535,17.0673,435,49581,0.1188,0.03,1,157861,157426,435
9607461,64.4907,14.6135,498,49623,0.0477599,0.01,1,157938,157440,498
9610381,32.8981,64.5227,446,49665,0.017552,0.03,1,157963,157517,446
9613301,20.1796,32.9045,438,49707,0.0115104,0.01,1,157980,157542,438
9616221,23.2359,20.1809,445,49749,0.0103021,0.01,1,158004,157559,445
9619141,15.0472,22.4362,435,49791,0.0100604,0.03,1,158017,157582,435
9622061,16.6094,15.6872,438,49833,0.0260121,0.05,1,158034,157596,438
9624981,21.7219,16.7374,444,49875,0.0132024,0.03,1,158057,157613,444
9627901,16.3444,20.9475,437,49917,0.0426405,0.03,1,158072,157635,437
9630821,95.2689,15.3895,538,49959,0.0645281,0.07,1,158187,157649,538
9633741,47.8538,93.4779,461,50001,0.132906,0.09,1,158223,157762,461
9636661,11.1708,47.4956,427,50043,0.146581,0.09,1,158225,157798,427
9639581,5.43415,11.0991,429,50085,0.149316,0.09,1,158229,157800,429
9642501,18.6868,5.41982,447,50127,0.149863,0.09,1,158251,157804,447
9645421,5.33737,18.684,427,50169,0.149973,0.09,1,158253,157826,427
9648341,17.8675,5.33679,446,50211,0.133995,0.07,1,158274,157828,446
9651261,13.1735,16.2674,439,50253,0.130799,0.13,1,158286,157847,439
9654181,61.0347,14.4535,498,50295,0.0661598,0.03,1,158359,157861,498
9657101,13.8069,64.4907,423,50337,0.053232,0.01,1,158361,157938,423
9660021,22.7614,32.8981,423,50379,0.0346464,0.01,1,158386,157963,423
9662941,17.3523,20.1796,422,50421,0.0149293,0.01,1,158402,157980,422
9665861,23.4705,23.2359,423,50463,0.0269859,0.01,1,158427,158004,423
9668781,14.2941,15.0472,422,50505,0.0453972,0.03,1,158439,158017,422
9671701,16.4588,16.6094,422,50547,0.0170794,0.01,1,158456,158034,422
9674621,22.4918,21.7219,423,50589,0.0274159,0.05,1,158480,158057,423
9677541,17.2984,16.3444,424,50631,0.0134832,0.07,1,158496,158072,424
9680461,98.6597,95.2689,428,50673,0.0426966,0.15,1,158615,158187,428
9683381,49.3319,47.8538,429,50715,0.0645393,0.15,1,158652,158223,429
9686301,11.4664,11.1708,429,50757,0.0369079,0.15,1,158654,158225,429
9689221,5.49328,5.43415,429,50798,0.0313816,0.15,1,158658,158229,429
9692141,18.6987,18.6868,429,50839,0.0302763,0.15,1,158680,158251,429
9695061,5.33973,5.33737,429,50880,0.0300553,0.13,1,158682,158253,429
9697981,17.0679,17.8675,428,50921,0.0300111,0.13,1,158702,158274,428
9700901,13.0136,13.1735,428,50962,0.0300022,0.05,1,158714,158286,428
9703821,56.2027,61.0347,422,51003,0.0780004,0.05,1,158781,158359,422
9706741,12.8405,13.8069,422,51044,0.1036,0.03,1,158783,158361,422
9709661,22.5681,22.7614,422,51085,0.09272,0.01,1,158808,158386,422
9712581,17.3136,17.3523,422,51126,0.074544,0.03,1,158824,158402,422
9715501,23.4627,23.4705,422,51167,0.0389088,0.05,1,158849,158427,422
9718421,14.2925,14.2941,422,51208,0.0477818,0.01,1,158861,158439,422
9721341,16.4585,16.4588,422,51249,0.00955635,0.03,1,158878,158456,422
9724261,22.4917,22.4918,422,51290,0.0259113,0.01,1,158902,158480,422
9727181,18.0983,17.2984,423,51331,0.0291823,0.05,1,158919,158496,423
9730101,98.0197,98.6597,422,51372,0.0778365,0.07,1,159037,158615,422
9733021,50.0039,49.3319,423,51413,0.0715673,0.03,1,159075,158652,423
9735941,11.6008,11.4664,423,51454,0.0383135,0.03,1,159077,158654,423
9738861,5.52016,5.49328,423,51495,0.0316627,0.03,1,159081,158658,423
9741781,18.704,18.6987,423,51536,0.0783325,0.03,1,159103,158680,423
9744701,5.34081,5.33973,423,51577,0.0876665,0.03,1,159105,158682,423
9747621,17.0682,17.0679,423,51618,0.0895333,0.03,1,159125,158702,423
9750541,13.0136,13.0136,423,51659,0.0579067,0.09,1,159137,158714,423
9753461,57.8027,56.2027,425,51700,0.0355813,0.11,1,159206,158781,425
9756381,13.1605,12.8405,425,51741,0.0311163,0.09,1,159208,158783,425
9759301,21.8321,22.5681,424,51782,0.0622233,0.09,1,159232,158808,424
9762221,14.7664,4.51362,437,51823,0.0524446,0.07,1,159245,158808,437
9765141,22.9533,13.7027,446,51864,0.0184889,0.03,1,159270,158824,446
9768061,14.1907,22.7405,433,51905,0.0276978,0.05,1,159282,158849,433
9770981,16.4381,14.1481,438,51946,0.0135396,0,1,159299,158861,438
9773901,22.4876,16.4296,445,51987,0.00270791,0.03,1,159323,158878,445
9776821,18.0975,22.4859,438,52028,0.0405416,0.03,1,159340,158902,438
9779741,99.6195,18.0972,541,52068,0.0481083,0.09,1,159460,158919,541
9782661,49.5239,98.0194,460,52108,0.0656217,0.07,1,159497,159037,460
9785581,11.5048,50.0039,424,52148,0.0691243,0.03,1,159499,159075,424
9788501,6.30096,11.6008,427,52188,0.0858249,0.03,1,159504,159077,427
9791421,18.8602,5.52016,445,52228,0.105165,0.09,1,159526,159081,445
9794341,5.37204,18.704,425,52268,0.109033,0.09,1,159528,159103,425
9797261,17.0744,5.34081,443,52308,0.109807,0.09,1,159548,159105,443
9800181,13.0149,17.0682,435,52348,0.109961,0.05,1,159560,159125,435
9803101,57.003,13.0136,491,52388,0.109992,0.03,1,159628,159137,491
9806021,13.0006,57.8027,424,52428,0.109998,0.03,1,159630,159206,424
9808941,21.8001,13.1605,446,52468,0.126,0.07,1,159654,159208,446
9811861,14.76,21.8321,435,52508,0.1612,0.05,1,159667,159232,435
9814781,22.952,14.7664,447,52548,0.16824,0.01,1,159692,159245,447
9817701,14.1904,22.9533,434,52588,0.185648,0.03,1,159704,159270,434
9820621,16.4381,14.1907,439,52628,0.17313,0.01,1,159721,159282,439
9823541,22.4876,16.4381,446,52668,0.106626,0,1,159745,159299,446
9826461,17.2975,22.4876,438,52708,0.0933252,0.05,1,159761,159323,438
9829381,101.06,18.0975,543,52748,0.122665,0.05,1,159883,159340,543
9832301,50.6119,99.6195,461,52788,0.144533,0.07,1,159921,159460,461
9835221,11.7224,49.5239,426,52828,0.148907,0.07,1,159923,159497,426
9838141,7.14448,11.5048,430,52868,0.149781,0.09,1,159929,159499,430
9841061,19.8289,6.30096,448,52908,0.165956,0.11,1,159952,159504,448
9843981,5.56578,18.8602,428,52948,0.169191,0.11,1,159954,159526,428
9846901,17.1132,5.37204,446,52988,0.201838,0.11,1,159974,159528,446
9849821,13.0226,17.0744,438,53028,0.208368,0.11,1,159986,159548,438
9852741,57.0045,13.0149,494,53068,0.209674,0.11,1,160054,159560,494
9855661,13.0009,57.003,428,53108,0.209935,0.11,1,160056,159628,428
9858581,22.6002,13.0006,451,53148,0.193987,0.13,1,160081,159630,451
9861501,15.72,21.8001,441,53188,0.190797,0.17,1,160095,159654,441
9864421,23.944,14.76,454,53228,0.222159,0.17,1,160121,159667,454
9867341,6.3888,22.952,431,53268,0.244432,0.19,1,160123,159692,431
9870261,10.8778,14.1904,431,53308,0.280886,0.17,1,160135,159704,431
9873181,13.3756,16.4381,428,53347,0.288177,0.09,1,160149,159721,428
9876101,20.2751,22.4876,426,53386,0.305635,0.09,1,160171,159745,426
9879021,16.855,17.2975,426,53425,0.277127,0.13,1,160187,159761,426
9881941,102.571,101.06,428,53464,0.287425,0.15,1,160311,159883,428
9884861,51.7142,50.6119,429,53503,0.305485,0.15,1,160350,159921,429
9887781,11.9428,11.7224,429,53542,0.309097,0.15,1,160352,159923,429
9890701,7.18857,7.14448,429,53581,0.341819,0.17,1,160358,159929,429
9893621,20.6377,19.8289,430,53620,0.316364,0.17,1,160382,159952,430
9896541,5.72754,5.56578,430,53659,0.327273,0.21,1,160384,159954,430
9899461,18.7455,17.1132,432,53698,0.297455,0.21,1,160406,159974,432
9902381,13.3491,13.0226,432,53737,0.291491,0.21,1,160418,159986,432
9905301,57.0698,57.0045,432,53776,0.482298,0.21,1,160486,160054,432
9908221,13.014,13.0009,432,53815,0.52046,0.19,1,160488,160056,432
9911141,21.8028,22.6002,431,53854,0.528092,0.19,1,160512,160081,431
9914061,17.1606,15.72,433,53893,0.497618,0.23,1,160528,160095,433
9916981,25.0321,23.944,434,53932,0.539524,0.25,1,160555,160121,434
9919901,6.60642,6.3888,434,53971,0.547905,0.29,1,160557,160123,434
9922821,10.9213,10.8778,434,54010,0.581581,0.29,1,160569,160135,434
9925741,14.1843,13.3756,435,54049,0.588316,0.31,1,160584,160149,435
9928661,20.4369,20.2751,435,54088,0.605663,0.27,1,160606,160171,435
9931581,16.8874,16.855,435,54127,0.577133,0.29,1,160622,160187,435
9934501,103.377,102.571,436,54166,0.603427,0.31,1,160747,160311,436
9937421,52.6755,51.7142,437,54205,0.624685,0.31,1,160787,160350,437
9940341,12.1351,11.9428,437,54244,0.596937,0.35,1,160789,160352,437
9943261,7.22702,7.18857,437,54283,0.623387,0.31,1,160795,160358,437
9946181,21.4454,20.6377,438,54322,0.612677,0.33,1,160820,160382,438
9949101,5.88908,5.72754,438,54361,0.610535,0.29,1,160822,160384,438
9952021,17.1778,18.7455,436,54400,0.626107,0.29,1,160842,160406,436
9954941,13.0356,13.3491,436,54439,0.597221,0.53,1,160854,160418,436
9957861,65.0071,57.0698,446,54478,0.719444,0.53,1,160932,160486,446
9960781,14.6014,13.014,446,54517,0.743889,0.53,1,160934,160488,446
9963701,22.1203,21.8028,446,54556,0.748778,0.49,1,160958,160512,446
9966621,18.0241,17.1606,447,54595,0.733756,0.55,1,160975,160528,447
9969541,26.8048,25.0321,449,54634,0.714751,0.55,1,161004,160555,449
9972461,6.96096,6.60642,449,54673,0.74295,0.59,1,161006,160557,449
9975381,10.9922,10.9213,449,54711,0.71659,0.59,1,161018,160569,449
9978301,14.1984,2.18426,464,54749,0.695318,0.59,1,161033,160569,464
9981221,20.4397,12.4369,471,54787,0.707064,0.61,1,161055,160584,471
9984141,16.8879,20.0874,465,54825,0.709413,0.57,1,161071,160606,465
9987061,103.378,16.8175,574,54863,0.741883,0.61,1,161196,160622,574
9989981,53.4755,103.363,490,54901,0.764377,0.63,2,161237,160747,490
9992901,12.2951,52.6727,452,54939,0.768875,0.59,2,161239,160787,452
9995821,7.25902,12.1345,456,54977,0.769775,0.63,2,161245,160789,456
9998741,20.6518,7.22691,474,55015,0.769955,0.61,2,161269,160795,474
10001661,5.73036,21.4454,451,55053,0.769991,0.61,2,161271,160820,451
10004581,17.9461,5.88908,470,55091,0.769998,0.63,2,161292,160822,470
10007501,13.1892,17.1778,462,55129,0.786,0.59,2,161304,160842,462
10176861,13,8,480,57301,0.53,1,1,162827,162347,480
10179781,21,19.2,481,57338,0.45,1,1,162850,162369,481
10182701,20.2,18.24,483,57375,0.354,1,1,162870,162387,483
10185621,20.84,18.048,486,57412,0.2548,1,1,162891,162405,486
10188541,20.168,14.8096,492,57449,0.13896,1,1,162911,162419,492
10191461,21.6336,17.3619,496,57486,0.067792,1,1,162933,162437,496
10194381,19.5267,13.0724,503,57523,0.0215584,1,1,162952,162449,503
10197301,16.7053,19.4145,498,57560,0.0283117,1,1,162968,162470,498
10200221,20.9411,20.6829,499,57597,0.00566234,1,1,162990,162491,499
10203141,25.7882,23.3366,502,57634,0.00113247,1,1,163017,162515,502
10206061,61.1576,4.66732,572,57670,0.0242265,1,1,163087,162515,572
10208981,37.0315,75.3335,510,57706,0.0048453,1,1,163118,162608,510
10211901,21.8063,45.4667,490,57742,0.00896906,1,1,163136,162646,490
10214821,14.7613,18.6933,491,57778,0.0417938,1,1,163149,162658,491
10217741,18.9523,15.7387,496,57814,0.00835876,1,1,163169,162673,496
10220661,22.9905,15.1477,505,57850,0.00967175,0.99,1,163193,162688,505
10223581,16.5981,24.6295,493,57886,0.00993435,0.9,1,163208,162715,493
10226501,16.1196,20.9259,489,57922,0.0259869,0.85,1,163224,162735,489
10229421,33.6239,20.1852,507,57958,0.0131974,0.63,1,163262,162755,507
10232341,13.9248,51.237,457,57994,0.0426395,0.53,1,163271,162814,457
10235261,15.585,20.6474,460,58030,0.0325279,0.43,1,163287,162827,460
10238181,15.117,22.5295,452,58066,0.0625056,0.33,1,163302,162850,452
10241101,15.8234,20.5059,448,58102,0.0525011,0.23,1,163318,162870,448
10244021,15.1647,20.9012,442,58138,0.0825002,0.11,1,163333,162891,442
10246941,19.8329,20.1802,443,58174,0.0405,0.05,1,163354,162911,443
10249861,19.1666,21.636,440,58210,0.0161,0.01,1,163373,162933,440
10252781,16.6333,19.5272,437,58246,0.02722,0.03,1,163389,162952,437
10255701,20.9267,16.7054,443,58282,0.005444,0,1,163411,162968,443
10258621,25.7853,20.9411,448,58318,0.0010888,0,1,163438,162990,448
10261541,61.9571,25.7882,492,58354,0.0722178,0.03,1,163509,163017,492
10264461,37.1914,61.1576,453,58390,0.0144436,0,1,163540,163087,453
10267381,21.0383,37.0315,439,58426,0.0748887,0.01,1,163557,163118,439
10270301,14.6077,21.8063,434,58462,0.0389777,0.05,1,163570,163136,434
10273221,18.9215,14.7613,441,58498,0.0317956,0,1,163590,163149,441
10276141,22.9843,18.9523,445,58534,0.0303591,0.01,1,163614,163169,445
10279061,16.5969,22.9905,436,58570,0.0460718,0.01,1,163629,163193,436
10281981,16.1194,16.5981,437,58606,0.0492144,0.03,1,163645,163208,437
10284901,34.4239,16.1196,460,58642,0.0498429,0.01,1,163684,163224,460
10287821,13.2848,33.6239,430,58678,0.0499686,0.05,1,163692,163262,430
10290741,17.057,13.9248,439,58714,0.0499937,0.03,1,163710,163271,439
10293661,14.6114,15.585,437,58750,0.0659987,0.07,1,163724,163287,437
10296581,17.3223,15.117,440,58786,0.0131997,0.05,1,163742,163302,440
10299501,13.0645,15.8234,436,58822,0.05864,0.09,1,163754,163318,436
10302421,19.4129,15.1647,442,58858,0.019728,0.03,1,163775,163333,442
10305341,19.8826,19.8329,441,58894,0.0039456,0.01,1,163795,163354,441
10308261,15.9765,19.1666,437,58930,0.0247891,0.03,1,163810,163373,437
10311181,20.7953,16.6333,443,58966,0.00495782,0,1,163832,163389,443
10314101,25.7591,20.9267,448,59002,0.00899157,0,1,163859,163411,448
10317021,62.7518,25.7853,493,59038,0.0417983,0.09,1,163931,163438,493
10319941,38.9504,61.9571,455,59074,0.0323597,0,1,163964,163509,455
10322861,9.39007,37.1914,426,59110,0.0304719,0.09,1,163966,163540,426
10325781,12.278,21.0383,422,59146,0.0460944,0.03,1,163979,163557,422
10328701,13.6556,14.6077,423,59182,0.0172189,0.03,1,163993,163570,423
10331621,19.5311,18.9215,424,59218,0.0434438,0.03,1,164014,163590,424
10334541,21.5062,22.9843,422,59253,0.0326888,0.05,1,164036,163614,422
10337461,17.1012,16.5969,423,59288,0.0305378,0.05,1,164052,163629,423
10340381,16.2202,16.1194,423,59323,0.0461075,0.05,1,164068,163645,423
10343301,35.244,34.4239,424,59358,0.0172215,0.05,1,164108,163684,424
10346221,12.6488,13.2848,423,59393,0.0274443,0.05,1,164115,163692,423
10349141,18.5298,17.057,425,59428,0.0294889,0.07,1,164135,163710,425
10352061,13.306,14.6114,423,59463,0.0138978,0,1,164147,163724,423
10354981,18.6612,17.3223,425,59498,0.00277955,0.07,1,164167,163742,425
10357901,13.3322,13.0645,425,59533,0.0245559,0.01,1,164179,163754,425
10360821,17.8664,19.4129,423,59568,0.0449112,0,1,164198,163775,423
10363741,20.3733,19.8826,424,59603,0.00898224,0.03,1,164219,163795,424
10366661,14.4747,15.9765,422,59638,0.0257964,0,1,164232,163810,422
10369581,21.2949,20.7953,423,59673,0.00515929,0.01,1,164255,163832,423
10372501,25.059,25.7591,422,59708,0.00903186,0.05,1,164281,163859,422
10375421,65.0118,62.7518,425,59743,0.0418064,0.03,1,164356,163931,425
10378341,37.8024,38.9504,423,59778,0.00836127,0.03,1,164387,163964,423
10381261,9.16047,9.39007,423,59813,0.00967226,0.05,1,164389,163966,423
10384181,11.4321,12.278,422,59848,0.0419345,0.01,1,164401,163979,422
10387101,14.2864,13.6556,423,59883,0.0163869,0.05,1,164416,163993,423
10390021,18.8573,19.5311,422,59918,0.0112774,0.03,1,164436,164014,422
10392941,21.3715,21.5062,422,59953,0.0262555,0.03,1,164458,164036,422
10395861,18.6743,17.1012,424,59988,0.0452511,0.05,1,164476,164052,424
10398781,14.9349,16.2202,422,60023,0.0330502,0.01,1,164490,164068,422
10401701,34.987,35.244,422,60058,0.04661,0.03,1,164530,164108,422
10404621,12.5974,12.6488,422,60093,0.033322,0.03,1,164537,164115,422
10407541,18.5195,18.5298,422,60128,0.0146644,0.01,1,164557,164135,422
10410461,13.3039,13.306,422,60163,0.0109329,0,1,164569,164147,422
10413381,19.4608,18.6612,423,60198,0.0261866,0.03,1,164590,164167,423
10416301,13.4922,13.3322,423,60233,0.0452373,0.05,1,164602,164179,423
10419221,17.0984,17.8664,422,60268,0.0490475,0,1,164620,164198,422
10422141,20.2197,20.3733,422,60303,0.00980949,0.03,1,164641,164219,422
10425061,14.4439,14.4747,422,60338,0.0259619,0,1,164654,164232,422
10427981,22.0888,21.2949,423,60373,0.00519238,0.01,1,164678,164255,423
10430901,24.4178,25.059,422,60408,0.00103848,0.05,1,164703,164281,422
10433821,64.8836,65.0118,422,60443,0.0082077,0,1,164778,164356,422
10436741,37.7767,37.8024,422,60478,0.00164154,0.01,1,164809,164387,422
10439661,9.15534,9.16047,422,60513,0.0403283,0.05,1,164811,164389,422
10442581,11.4311,11.4321,422,60548,0.0640657,0.05,1,164823,164401,422
10445501,13.4862,2.28642,436,60583,0.0368131,0.01,1,164837,164401,436
10448421,19.4972,12.4573,442,60618,0.0153626,0.01,1,164858,164416,442
10451341,20.6994,18.4915,443,60653,0.0270725,0.03,1,164879,164436,443
10454261,19.3399,21.2983,440,60688,0.0294145,0.05,1,164898,164458,440
10457181,15.068,18.6597,436,60723,0.0138829,0.03,1,164912,164476,436
10460101,34.2136,14.9319,461,60758,0.0587766,0.05,1,164951,164490,461
10463021,12.4427,34.9864,428,60793,0.0517553,0.03,1,164958,164530,428
10465941,18.4885,12.5973,441,60828,0.0503511,0.01,1,164978,164537,441
10468861,14.0977,18.5195,434,60863,0.0340702,0.01,1,164991,164557,434
10471781,18.8195,13.3039,442,60898,0.062814,0.03,1,165011,164569,442
10474701,13.3639,19.4608,433,60933,0.0365628,0.05,1,165023,164590,433
10477621,17.0728,13.4922,439,60967,0.0313126,0.05,1,165041,164602,439
10480541,20.2146,17.0984,442,61001,0.00626251,0,1,165062,164620,442
10483461,14.4429,20.2197,434,61035,0.0412525,0.03,1,165075,164641,434
10486381,22.0886,14.4439,445,61069,0.0082505,0,1,165099,164654,445
10489301,24.4177,22.0888,446,61103,0.0016501,0,1,165124,164678,446
10492221,64.8835,24.4178,496,61137,0.02433,0.01,1,165199,164703,496
10495141,37.7767,64.8836,452,61171,0.004866,0,1,165230,164778,452
10498061,9.15534,37.7767,423,61205,0.0089732,0.05,1,165232,164809,423
10500981,12.2311,9.15534,434,61239,0.0257946,0.07,1,165245,164811,434
10503901,13.6462,11.4311,436,61273,0.0451589,0.03,1,165259,164823,436
10506821,18.7292,13.4862,442,61307,0.0330318,0.01,1,165279,164837,442
10509741,20.5458,19.4972,442,61341,0.0786064,0.03,1,165300,164858,442
10512661,19.3092,20.6994,440,61375,0.0397213,0.03,1,165319,164879,440
10515581,15.8618,19.3399,436,61409,0.0479443,0.01,1,165334,164898,436
10518501,35.9724,15.068,463,61443,0.0815888,0.07,1,165375,164912,463
10521421,11.9945,34.2136,430,61477,0.0883178,0.05,1,165381,164951,430
10524341,16.7989,12.4427,441,61511,0.0896636,0.05,1,165399,164958,441
10527261,14.5598,18.4885,435,61545,0.0899327,0.03,1,165413,164978,435
10530181,18.912,14.0977,442,61579,0.0899865,0.07,1,165433,164991,442
10533101,13.3824,18.8195,434,61613,0.0899973,0.03,1,165445,165011,434
10536021,16.2765,13.3639,439,61647,0.121999,0.03,1,165462,165023,439
10538941,20.8553,17.0728,443,61681,0.0483999,0,1,165484,165041,443
10541861,13.7711,20.2146,434,61715,0.08168,0.05,1,165496,165062,434
10544781,22.7542,14.4429,446,61749,0.040336,0,1,165521,165075,446
10547701,23.7508,22.0886,446,61783,0.0160672,0,1,165545,165099,446
10550621,65.5502,24.4177,497,61817,0.0432134,0.03,1,165621,165124,497
10553541,37.11,64.8835,452,61851,0.0166427,0,1,165651,165199,452
10556461,9.02201,37.7767,423,61885,0.0113285,0.01,1,165653,165230,423
10559381,13.0044,9.15534,435,61919,0.0262657,0.03,1,165667,165232,435
10562301,13.0009,12.2311,435,61953,0.0452531,0.05,1,165680,165245,435
10565221,20.2002,13.6462,443,61987,0.0490506,0.03,1,165702,165259,443
10568141,5.64004,18.7292,425,62021,0.0178101,0.09,1,165704,165279,425
10571061,16.328,20.5458,423,62055,0.075562,0.03,1,165723,165300,423
10573981,17.6656,19.3092,422,62089,0.0871124,0.05,1,165741,165319,422
10576901,16.3331,15.8618,423,62123,0.0574225,0.09,1,165757,165334,423
10579821,38.4666,35.9724,426,62157,0.0354845,0.09,1,165801,165375,426
10582741,12.4933,11.9945,426,62191,0.0630969,0.09,1,165807,165381,426
10585661,16.8987,16.7989,426,62225,0.0686194,0.09,1,165825,165399,426
10588581,14.5797,14.5598,426,62259,0.0537239,0.09,1,165839,165413,426
10591501,18.9159,18.912,426,62293,0.0507448,0.09,1,165859,165433,426
10594421,14.1832,13.3824,427,62327,0.066149,0.13,1,165872,165445,427
10597341,15.6366,16.2765,426,62361,0.10123,0.03,1,165888,165462,426
10600261,20.7273,20.8553,426,62395,0.076246,0.09,1,165910,165484,426
10603181,12.1455,13.7711,424,62429,0.0392492,0.03,1,165920,165496,424
10606101,20.8291,22.7542,422,62463,0.0318498,0.01,1,165943,165521,422
10609021,23.3658,23.7508,422,62497,0.01437,0.05,1,165967,165545,422
10611941,67.0732,65.5502,424,62531,0.00287399,0.01,1,166045,165621,424
10614861,35.8146,37.11,422,62565,0.000574799,0.01,1,166073,165651,422
10617781,8.76293,9.02201,422,62599,0.00811496,0.03,1,166075,165653,422
10620701,13.7526,13.0044,423,62633,0.00962299,0.05,1,166090,165667,423
10623621,13.9505,13.0009,424,62667,0.0099246,0.05,1,166104,165680,424
10626541,21.1901,20.2002,425,62701,0.0419849,0.01,1,166127,165702,425
10629461,5.83802,5.64004,425,62734,0.048397,0.09,1,166129,165704,425
10632381,17.1676,16.328,426,62767,0.0336794,0.09,1,166149,165723,426
10635301,16.2335,17.6656,424,62800,0.0467359,0.05,1,166165,165741,424
10638221,15.2467,16.3331,423,62833,0.0813472,0.03,1,166180,165757,423
10641141,38.2493,38.4666,423,62866,0.120269,0.07,1,166224,165801,423
10644061,12.4499,12.4933,423,62899,0.0960539,0.07,1,166230,165807,423
10646981,17.69,16.8987,424,62932,0.139211,0.05,1,166249,165825,424
10649901,14.738,14.5797,424,62965,0.115842,0.05,1,166263,165839,424
10652821,18.9476,18.9159,424,62998,0.143168,0.07,1,166283,165859,424
10655741,14.9895,14.1832,425,63031,0.116634,0.11,1,166297,165872,425
10658661,15.7979,15.6366,425,63064,0.127327,0.07,1,166313,165888,425
10661581,19.1596,20.7273,423,63097,0.161465,0.03,1,166333,165910,423
10664501,11.8319,12.1455,423,63130,0.136293,0.03,1,166343,165920,423
10667421,19.9664,20.8291,422,63163,0.0992586,0.01,1,166365,165943,422
10670341,23.1933,23.3658,422,63196,0.0438517,0,1,166389,165967,422
10673261,67.0387,67.0732,422,63229,0.0167703,0,1,166467,166045,422
10676181,35.8077,35.8146,422,63262,0.00335407,0.01,1,166495,166073,422
10679101,8.76155,8.76293,422,63295,0.00867081,0.01,1,166497,166075,422
10682021,13.7523,13.7526,422,63328,0.0257342,0.01,1,166512,166090,422
10684941,13.9505,13.9505,422,63361,0.0131468,0.05,1,166526,166104,422
10687861,21.9901,21.1901,423,63394,0.0266294,0.05,1,166550,166127,423
10690781,5.99802,5.83802,423,63427,0.0293259,0.03,1,166552,166129,423
10693701,17.1996,17.1676,423,63460,0.0458652,0.03,1,166572,166149,423
10696621,16.2399,3.43352,439,63493,0.033173,0.05,1,166588,166149,439
10699541,16.848,13.4867,440,63526,0.0306346,0.09,1,166605,166165,440
10702461,38.5696,14.6973,469,63559,0.0461269,0.13,1,166649,166180,469
10705381,12.5139,38.1395,431,63592,0.0492254,0.09,1,166655,166224,431
10708301,18.5028,12.4279,445,63625,0.0498451,0.15,1,166675,166230,445
10711221,14.9006,17.6856,440,63658,0.049969,0.11,1,166689,166249,440
10714141,18.9801,14.7371,446,63691,0.0499938,0.15,1,166709,166263,446
10717061,15.796,18.9474,441,63724,0.0339988,0.11,1,166724,166283,441
10719981,15.9592,14.9895,443,63757,0.0307998,0.13,1,166740,166297,443
10722901,19.1918,15.7979,447,63790,0.0461599,0.17,1,166760,166313,447
10725821,11.8384,19.1596,437,63823,0.049232,0.13,1,166770,166333,437
10728741,16.7677,11.8319,445,63856,0.0498464,0.09,1,166788,166343,445
10731661,20.9535,19.9664,445,63889,0.0819693,0.03,1,166810,166365,445
10734581,66.5907,23.1933,499,63922,0.0403939,0.01,1,166888,166389,499
10737501,35.7181,67.0387,449,63955,0.00807877,0,1,166916,166467,449
10740421,8.74363,35.8077,423,63988,0.00961575,0.01,1,166918,166495,423
10743341,13.7487,8.76155,436,64021,0.0259232,0.03,1,166933,166497,436
10746261,13.9497,13.7523,435,64054,0.0131846,0.01,1,166947,166512,435
10749181,21.9899,13.9505,445,64087,0.0586369,0.03,1,166971,166526,445
10752101,5.99799,21.9901,423,64120,0.0357274,0.03,1,166973,166550,423
10755021,17.1996,5.99802,441,64153,0.0311455,0.05,1,166993,166552,441
10757941,17.0399,17.1996,438,64186,0.0142291,0.03,1,167010,166572,438
10760861,17.008,16.2399,439,64219,0.0588458,0.03,1,167027,166588,439
10763781,39.4016,16.848,467,64252,0.0677692,0.05,1,167072,166605,467
10766701,12.6803,38.5696,429,64285,0.0695538,0.05,1,167078,166649,429
10769621,18.5361,12.5139,443,64318,0.0699108,0.05,1,167098,166655,443
10772541,14.9072,18.5028,437,64351,0.0859822,0.05,1,167112,166675,437
10775461,18.9814,14.9006,443,64384,0.121196,0.05,1,167132,166689,443
10778381,14.9963,18.9801,437,64417,0.128239,0.03,1,167146,166709,437
10781301,15.7993,15.796,438,64450,0.129648,0.03,1,167162,166724,438
10784221,19.9599,15.9592,443,64483,0.16193,0.05,1,167183,166740,443
10787141,11.992,19.1918,433,64516,0.168386,0.05,1,167193,166760,433
10790061,16.7984,11.8384,441,64549,0.169677,0.05,1,167211,166770,441
10792981,19.3597,16.7677,443,64582,0.185935,0.09,1,167231,166788,443
10795901,67.0719,20.9535,500,64615,0.0771871,0.03,1,167310,166810,500
10798821,35.0144,66.5907,449,64647,0.0234374,0,1,167337,166888,449
10801741,8.60288,35.7181,423,64679,0.0126875,0.01,1,167339,166916,423
10804661,13.7206,8.74363,436,64711,0.0105375,0.03,1,167354,166918,436
10807581,14.7441,13.7487,436,64743,0.0421075,0.01,1,167369,166933,436
10810501,22.1488,13.9497,446,64775,0.0484215,0.07,1,167393,166947,446
10813421,6.02976,21.9899,424,64807,0.0496843,0.03,1,167395,166971,424
10816341,17.206,5.99799,442,64839,0.0499369,0.03,1,167415,166973,442
10819261,17.8412,17.1996,440,64871,0.0499874,0.01,1,167433,166993,440
10822181,17.9682,17.0399,441,64903,0.0499975,0.07,1,167451,167010,441
10825101,5.19365,17.008,426,64935,0.0499995,0.07,1,167453,167027,426
10828021,36.2387,39.4016,425,64967,0.0499999,0.07,1,167497,167072,425
10830941,12.0477,12.6803,425,64999,0.082,0.07,1,167503,167078,425
10833861,19.2096,18.5361,426,65031,0.0884,0.09,1,167524,167098,426
10836781,15.8419,14.9072,427,65063,0.10568,0.13,1,167539,167112,427
10839701,19.9684,18.9814,428,65095,0.125136,0.13,1,167560,167132,428
10842621,15.1937,14.9963,428,65127,0.177027,0.13,1,167574,167146,428
10845541,16.6387,15.7993,429,65159,0.171405,0.17,1,167591,167162,429
10848461,20.9277,19.9599,430,65191,0.154281,0.17,1,167613,167183,430
10851381,12.1855,11.992,430,65223,0.150856,0.17,1,167623,167193,430
10854301,17.6371,16.7984,431,65255,0.166171,0.19,1,167642,167211,431
10857221,16.3274,19.3597,427,65287,0.169234,0.05,1,167658,167231,427
10860141,64.0655,67.0719,424,65319,0.121847,0.01,1,167734,167310,424
10863061,32.8131,35.0144,422,65351,0.0963694,0.01,1,167759,167337,422
10865981,8.16262,8.60288,422,65383,0.0912739,0.01,1,167761,167339,422
10868901,14.4325,13.7206,423,65415,0.0582548,0.05,1,167777,167354,423
10871821,14.8865,14.7441,423,65447,0.035651,0.05,1,167792,167369,423
10874741,22.9773,22.1488,424,65479,0.0151302,0.05,1,167817,167393,424
10877661,6.19546,6.02976,424,65511,0.043026,0.05,1,167819,167395,424
10880581,17.2391,17.206,424,65543,0.0166052,0.05,1,167839,167415,424
10883501,17.8478,17.8412,424,65575,0.011321,0.05,1,167857,167433,424
10886421,17.9696,17.9682,424,65607,0.0422642,0.05,1,167875,167451,424
10889341,5.19391,5.19365,424,65639,0.0484528,0.05,1,167877,167453,424
10892261,36.2388,36.2387,424,65671,0.0656906,0.09,1,167921,167497,424
10895181,12.0478,12.0477,424,65703,0.0691381,0.09,1,167927,167503,424
10898101,20.8096,19.2096,426,65735,0.0698276,0.11,1,167950,167524,426
10901021,16.9619,15.8419,427,65767,0.0699655,0.13,1,167966,167539,427
10903941,21.7924,19.9684,429,65799,0.0859931,0.19,1,167989,167560,429
10906861,15.5585,15.1937,429,65831,0.0891986,0.17,1,168003,167574,429
10909781,15.9117,16.6387,428,65863,0.10584,0.15,1,168019,167591,428
10912701,21.5823,20.9277,429,65895,0.125168,0.15,1,168042,167613,429
10915621,12.3165,12.1855,429,65927,0.0970336,0.17,1,168052,167623,429
10918541,18.4633,17.6371,430,65959,0.123407,0.17,1,168072,167642,430
10921461,16.4927,16.3274,430,65991,0.0966813,0.11,1,168088,167658,430
10924381,61.6985,64.0655,427,66023,0.107336,0.09,1,168161,167734,427
10927301,29.9397,32.8131,424,66055,0.157467,0.09,1,168183,167759,424
10930221,7.58794,8.16262,424,66087,0.135493,0.05,1,168185,167761,424
10933141,12.7176,14.4325,422,66119,0.163099,0.03,1,168199,167777,422
10936061,14.5435,14.8865,422,66151,0.15262,0.01,1,168214,167792,422
10938981,22.9087,22.9773,422,66183,0.150524,0.05,1,168239,167817,422
10941901,6.18174,6.19546,422,66215,0.150105,0.01,1,168241,167819,422
10944821,17.2363,17.2391,422,66247,0.150021,0.01,1,168261,167839,422
10947741,17.8473,17.8478,422,66279,0.150004,0.05,1,168279,167857,422
10950661,18.7695,17.9696,423,66311,0.134001,0.05,1,168298,167875,423
10953581,5.35389,5.19391,423,66343,0.1308,0.07,1,168300,167877,423
10956501,36.2708,36.2388,423,66375,0.14616,0.07,1,168344,167921,423
10959421,12.0542,7.24776,429,66407,0.117232,0.07,1,168350,167921,429
10962341,21.6108,6.24955,447,66439,0.127446,0.07,1,168374,167927,447
10965261,17.1222,19.6499,440,66471,0.129489,0.07,1,168390,167950,440
10968181,22.6244,16.73,448,66503,0.129898,0.09,1,168414,167966,448
10971101,15.7249,21.746,439,66535,0.0979796,0.09,1,168428,167989,439
10974021,16.745,15.5492,442,66567,0.0755959,0.11,1,168445,168003,442
10976941,20.949,15.9098,448,66599,0.0871192,0.13,1,168467,168019,448
10979861,12.1898,21.582,435,66631,0.0894238,0.09,1,168477,168042,435
10982781,18.438,12.3164,445,66662,0.0898848,0.13,1,168497,168052,445
10985701,16.4876,18.4633,441,66693,0.089977,0.09,1,168513,168072,441
10988621,63.2975,16.4927,500,66724,0.137995,0.11,1,168588,168088,500
10991541,30.2595,61.6985,449,66755,0.147599,0.17,1,168610,168161,449
10994461,7.6519,29.9397,429,66786,0.14952,0.13,1,168612,168183,429
10997381,12.7304,7.58794,441,66817,0.149904,0.17,1,168626,168185,441
11000301,14.5461,12.7176,442,66848,0.165981,0.15,1,168641,168199,442
11003221,22.1092,14.5435,451,66879,0.169196,0.15,1,168665,168214,451
11006141,6.02184,22.9087,428,66910,0.169839,0.15,1,168667,168239,428
11009061,17.2044,6.18174,446,66941,0.169968,0.15,1,168687,168241,446
11011981,17.8409,17.2363,444,66972,0.169994,0.15,1,168705,168261,444
11014901,17.9682,17.8473,444,67003,0.169999,0.13,1,168723,168279,444
11017821,5.19363,18.7695,427,67034,0.17,0.13,1,168725,168298,427
11020741,37.0387,5.35389,470,67065,0.186,0.15,1,168770,168300,470
11023661,12.2077,36.2708,432,67096,0.1892,0.11,1,168776,168344,432
11026581,22.4415,12.0542,451,67127,0.18984,0.13,1,168801,168350,451
11029501,17.2883,21.6108,443,67158,0.189968,0.13,1,168817,168374,443
11032421,21.0577,17.1222,449,67189,0.205994,0.13,1,168839,168390,449
11035341,15.4115,22.6244,439,67220,0.209199,0.09,1,168853,168414,439
11038261,16.6823,15.7249,442,67251,0.22584,0.07,1,168870,168428,442
11041181,20.9365,16.745,447,67282,0.229168,0.09,1,168892,168445,447
11044101,12.1873,20.949,435,67313,0.229834,0.09,1,168902,168467,435
11047021,18.4375,12.1898,445,67344,0.261967,0.09,1,168922,168477,445
11049941,17.2875,18.438,442,67375,0.300393,0.09,1,168939,168497,442
11052861,65.0575,16.4876,503,67406,0.340079,0.15,1,169016,168513,503
11055781,30.6115,63.2975,450,67437,0.364016,0.15,1,169038,168588,450
11058701,7.7223,30.2595,430,67468,0.368803,0.15,1,169040,168610,430
11061621,12.7445,7.6519,442,67499,0.369761,0.15,1,169054,168612,442
11064541,15.3489,12.7304,444,67530,0.385952,0.17,1,169070,168626,444
11067461,22.2698,14.5461,453,67561,0.40519,0.17,1,169094,168641,453
11070381,6.05396,22.1092,431,67592,0.409038,0.17,1,169096,168665,431
11073301,17.2108,6.02184,449,67623,0.409808,0.17,1,169116,168667,449
11076221,17.8422,17.2044,447,67654,0.409962,0.17,1,169134,168687,447
11079141,17.9684,17.8409,447,67685,0.409992,0.17,1,169152,168705,447
11082061,5.19369,17.9682,431,67716,0.409998,0.17,1,169154,168723,431
11084981,38.6387,5.19363,476,67747,0.41,0.19,1,169201,168725,476
11087901,12.5277,37.0387,437,67778,0.442,0.19,1,169207,168770,437
11090821,21.7056,12.2077,455,67809,0.4484,0.19,1,169231,168776,455
11093741,17.1411,22.4415,446,67840,0.44968,0.19,1,169247,168801,446
11096661,5.02822,17.2883,432,67871,0.449936,0.21,1,169249,168817,432
11099581,18.6056,21.0577,432,67902,0.449987,0.21,1,169271,168839,432
11102501,14.9211,15.4115,432,67933,0.481997,0.23,1,169285,168853,432
11105421,17.3842,16.6823,433,67964,0.4724,0.23,1,169303,168870,433
11108341,21.0768,20.9365,433,67995,0.47048,0.23,1,169325,168892,433
11111261,13.8154,12.1873,435,68026,0.470096,0.27,1,169337,168902,435
11114181,18.7631,18.4375,435,68057,0.518019,0.31,1,169357,168922,435
11117101,18.9526,17.2875,437,68088,0.543604,0.35,1,169376,168939,437
11120021,67.7905,65.0575,440,68119,0.548721,0.37,1,169456,169016,440
11122941,31.1581,30.6115,440,68150,0.581744,0.37,1,169478,169038,440
11125861,7.83162,7.7223,440,68181,0.556349,0.37,1,169480,169040,440
11128781,13.5663,12.7445,441,68212,0.56727,0.39,1,169495,169054,441
11131701,16.3133,15.3489,442,68243,0.569454,0.41,1,169512,169070,442
11134621,22.4627,22.2698,442,68274,0.537891,0.41,1,169536,169094,442
11137541,6.09253,6.05396,442,68305,0.563578,0.41,1,169538,169096,442
11140461,17.2185,17.2108,442,68336,0.536716,0.41,1,169558,169116,442
11143381,17.8437,17.8422,442,68367,0.547343,0.41,1,169576,169134,442
11146301,17.9687,17.9684,442,68398,0.581469,0.41,1,169594,169152,442
11149221,5.19375,5.19369,442,68429,0.588294,0.41,1,169596,169154,442
11152141,40.2388,38.6387,444,68460,0.573659,0.45,1,169645,169201,444
11155061,12.8477,12.5277,444,68491,0.538732,0.45,1,169651,169207,444
11157981,21.7696,21.7056,444,68522,0.531746,0.45,1,169675,169231,444
11160901,17.1539,17.1411,444,68553,0.530349,0.45,1,169691,169247,444
11163821,5.03078,5.02822,444,68584,0.53007,0.45,1,169693,169249,444
11166741,18.6062,18.6056,444,68615,0.546014,0.49,1,169715,169271,444
11169661,14.9212,14.9211,444,68646,0.597203,0.47,1,169729,169285,444
11172581,18.1842,17.3842,445,68677,0.591441,0.47,1,169748,169303,445
11175501,21.2368,21.0768,445,68708,0.622288,0.47,1,169770,169325,445
11178421,15.4474,13.8154,447,68739,0.596458,0.53,1,169784,169337,447
11181341,19.8895,18.7631,448,68770,0.591292,0.55,1,169805,169357,448
11184261,19.9779,18.9526,449,68800,0.622258,0.55,1,169825,169376,449
11187181,67.9956,67.7905,449,68830,0.628452,0.59,1,169905,169456,449
11190101,31.1991,31.1581,449,68860,0.67769,0.55,1,169927,169478,449
11193021,7.83982,7.83162,449,68890,0.655538,0.57,1,169929,169480,449
11195941,13.568,13.5663,449,68920,0.667108,0.57,1,169944,169495,449
11198861,15.5136,16.3133,448,68950,0.669422,0.53,1,169960,169512,448
11201781,22.3027,22.4627,448,68980,0.701884,0.57,1,169984,169536,448
11204701,6.06054,6.09253,448,69010,0.708377,0.53,1,169986,169538,448
11207621,18.0121,17.2185,449,69040,0.693675,0.55,1,170007,169558,449
11210541,18.0024,17.8437,449,69070,0.698735,0.59,1,170025,169576,449
11213461,18.0005,17.9687,449,69100,0.667747,0.59,1,170043,169594,449
11216381,5.2001,5.19375,449,69130,0.653549,0.57,1,170045,169596,449
11219301,39.44,40.2388,448,69160,0.68271,0.53,1,170093,169645,448
11222221,12.688,12.8477,448,69190,0.656542,0.53,1,170099,169651,448
11225141,21.7376,21.7696,448,69220,0.651308,0.53,1,170123,169675,448
11228061,17.1475,17.1539,448,69250,0.650262,0.53,1,170139,169691,448
11230981,5.0295,5.03078,448,69280,0.650052,0.55,1,170141,169693,448
11233901,19.4059,18.6062,449,69310,0.68201,0.55,1,170164,169715,449
11236821,15.0812,3.72123,463,69340,0.656402,0.61,1,170178,169715,463
11239741,19.0162,11.9442,469,69370,0.65128,0.59,1,170198,169729,469
11242661,21.4032,17.5888,472,69400,0.682256,0.63,1,170220,169748,472
11245581,16.2806,21.1178,465,69430,0.672451,0.59,1,170235,169770,465
11248501,19.2561,15.4236,471,69460,0.67049,0.59,1,170255,169784,471
11251421,19.8512,19.8847,470,69490,0.670098,0.63,1,170275,169805,470
11254341,69.5702,19.9769,532,69520,0.65402,0.63,1,170357,169825,532
11257261,32.314,67.9954,475,69550,0.634804,0.69,1,170380,169905,475
11260181,8.06281,31.1991,455,69580,0.630961,0.65,1,170382,169927,455
11263101,12.8126,7.83982,467,69610,0.630192,0.67,1,170396,169929,467
11266021,15.3625,13.568,468,69640,0.630038,0.67,1,170412,169944,468
11268941,23.8725,15.5136,478,69670,0.662008,0.71,1,170438,169960,478
11271861,6.3745,22.3027,456,69700,0.668402,0.71,1,170440,169984,456
11274781,17.2749,6.06054,474,69730,0.66968,0.69,1,170460,169986,474
11277701,17.855,18.0121,471,69760,0.853936,0.7,2,170478,170007,471
11280621,17.971,18.0024,471,69790,0.890787,0.66,2,170496,170025,471
11283541,5.1942,18.0005,455,69820,0.890157,0.65,2,170498,170043,455
11286461,39.4388,5.2001,501,69850,0.890032,0.69,2,170546,170045,501
11289381,12.6878,39.44,459,69880,0.890006,0.65,2,170552,170093,459
11292301,21.7376,12.688,477,69910,0.890001,0.65,2,170576,170099,477
11295221,17.1475,21.7376,469,69940,0.906,0.65,2,170592,170123,469
11298141,5.0295,17.1475,455,69970,0.9092,0.65,2,170594,170139,455
11301061,19.4059,5.0295,476,70000,0.92584,0.69,2,170617,170141,476
11303981,15.0812,19.4059,467,70030,0.929168,0.65,2,170631,170164,467
11306901,19.0162,15.0812,473,70060,0.929834,0.65,2,170651,170178,473
11309821,23.0032,19.0162,477,70090,0.945967,0.69,2,170675,170198,477
11559481,38,40,504,34434,0.05,0.98,1,172498,171994,504
11562401,46.8,54.4,495,34495,0.034,0.87,1,172547,172052,495
11565321,21.36,45.28,467,34556,0.0788,0.75,1,172562,172095,467
11568241,28.272,28.256,473,34617,0.10376,0.55,1,172592,172119,473
11571161,49.6544,51.2512,471,34678,0.124752,0.45,1,172647,172176,471
11574081,37.9309,43.8502,464,34739,0.0969504,0.23,1,172682,172218,464
11577001,40.3862,51.17,452,34800,0.13939,0.03,1,172723,172271,452
11579921,40.0772,51.834,440,34861,0.035878,0.03,1,172763,172323,440
11582841,48.8154,55.1668,435,34922,0.0311756,0.03,1,172814,172379,435
11585761,28.1631,30.2334,434,34983,0.0462351,0.01,1,172837,172403,434
11588681,41.6326,24.4467,456,35043,0.065247,0.03,1,172882,172426,456
11591601,39.5265,32.0893,461,35103,0.0370494,0.05,1,172921,172460,461
11594521,47.9053,36.8179,473,35163,0.0314099,0.03,1,172971,172498,473
11597441,23.1811,46.5636,441,35223,0.046282,0.09,1,172988,172547,441
11600361,28.6362,21.3127,456,35283,0.0492564,0.11,1,173018,172562,456
11603281,48.9272,28.2625,480,35343,0.0658513,0.13,1,173072,172592,480
11606201,37.7854,49.6525,460,35403,0.0851703,0.09,1,173107,172647,460
11609121,41.1571,37.9305,467,35463,0.105034,0.15,1,173149,172682,467
11612041,36.2314,40.3861,461,35523,0.125007,0.01,1,173184,172723,461
11614961,49.6463,40.0772,474,35583,0.0810014,0.03,1,173237,172763,474
11617881,28.3293,48.8154,446,35642,0.0402003,0.05,1,173260,172814,446
11620801,7.26585,28.1631,425,35701,0.0320401,0.07,1,173262,172837,425
11623721,35.0532,41.6326,422,35760,0.046408,0.03,1,173304,172882,422
11626641,39.8106,39.5265,424,35819,0.0492816,0.03,1,173345,172921,424
11629561,47.1621,47.9053,423,35878,0.0658563,0.05,1,173394,172971,423
11632481,23.8324,23.1811,424,35937,0.0691713,0.05,1,173412,172988,424
11635401,28.7665,28.6362,424,35996,0.0858343,0.07,1,173442,173018,424
11638321,49.7533,48.9272,425,36055,0.0731668,0.09,1,173497,173072,425
11641241,38.7507,37.7854,426,36114,0.102633,0.11,1,173533,173107,426
11644161,42.1501,41.1571,427,36173,0.108527,0.13,1,173576,173149,427
11647081,35.63,36.2314,426,36231,0.0937053,0.07,1,173610,173184,426
11650001,47.126,49.6463,423,36289,0.0907411,0.03,1,173660,173237,423
11652921,27.0252,28.3293,422,36347,0.106148,0.03,1,173682,173260,422
11655841,7.00504,7.26585,422,36405,0.10923,0.05,1,173684,173262,422
11658761,36.601,35.0532,424,36463,0.0298459,0.05,1,173728,173304,424
11661681,40.1202,39.8106,424,36521,0.0139692,0.07,1,173769,173345,424
11664601,48.024,47.1621,425,36579,0.0107938,0.07,1,173819,173394,425
11667521,24.8048,23.8324,426,36637,0.0901588,0.09,1,173838,173412,426
11670441,28.961,28.7665,426,36695,0.0740318,0.07,1,173868,173442,426
11673361,48.9922,49.7533,425,36753,0.102806,0.11,1,173922,173497,425
11676281,39.3984,38.7507,426,36810,0.108561,0.11,1,173959,173533,426
11679201,41.4797,42.1501,425,36867,0.109712,0.09,1,174001,173576,425
11682121,36.2959,35.63,426,36924,0.109942,0.09,1,174036,173610,426
11685041,47.2592,47.126,426,36981,0.0939885,0.11,1,174086,173660,426
11687961,26.2518,27.0252,425,37038,0.106798,0.11,1,174107,173682,425
11690881,6.85037,7.00504,425,37095,0.0773595,0.01,1,174109,173684,425
11693801,34.1701,36.601,422,37152,0.103472,0.01,1,174150,173728,422
11696721,38.834,7.3202,462,37209,0.108694,0.01,1,174190,173728,462
11699641,50.1668,34.264,474,37266,0.109739,0.01,1,174243,173769,474
11702561,25.2334,46.8528,443,37323,0.0939478,0.11,1,174262,173819,443
11705481,29.0467,24.5706,454,37380,0.0907896,0.07,1,174292,173838,454
11708401,49.0093,28.9141,478,37437,0.106158,0.11,1,174346,173868,478
11711321,39.4019,48.9828,461,37493,0.125232,0.11,1,174383,173922,461
11714241,41.4804,39.3966,466,37549,0.129046,0.11,1,174425,173959,466
11717161,37.0961,41.4793,460,37605,0.177809,0.11,1,174461,174001,460
11720081,47.4192,36.2959,475,37661,0.155562,0.09,1,174511,174036,475
11723001,26.2838,47.2592,446,37717,0.183112,0.11,1,174532,174086,446
11725921,6.85677,26.2518,427,37773,0.156622,0.07,1,174534,174107,427
11728841,34.9714,6.85037,467,37829,0.151324,0.11,1,174576,174109,467
11731761,38.9943,34.1701,466,37885,0.182265,0.11,1,174616,174150,466
11734681,48.5989,38.834,477,37941,0.204453,0.11,1,174667,174190,477
11737601,25.7198,50.1668,444,37997,0.240891,0.09,1,174687,174243,444
11740521,29.944,25.2334,456,38053,0.280178,0.09,1,174718,174262,456
11743441,49.1888,29.0467,480,38109,0.304036,0.11,1,174772,174292,480
11746361,40.2378,49.0093,464,38164,0.340807,0.13,1,174810,174346,464
11749281,42.4476,39.4019,470,38219,0.332161,0.13,1,174853,174383,470
11752201,37.2895,41.4804,464,38274,0.394432,0.19,1,174889,174425,464
11755121,47.4579,37.0961,478,38329,0.422886,0.15,1,174939,174461,478
11758041,26.2916,47.4192,449,38384,0.444577,0.19,1,174960,174511,449
11760961,6.85832,26.2838,430,38439,0.448915,0.15,1,174962,174532,430
11763881,35.7717,6.85677,471,38494,0.481783,0.15,1,175005,174534,471
11766801,39.9543,34.9714,470,38549,0.472357,0.19,1,175046,174576,470
11769721,49.5909,38.9943,482,38604,0.470471,0.21,1,175098,174616,482
11772641,11.5182,48.5989,433,38659,0.470094,0.25,1,175100,174667,433
11775561,19.1036,25.7198,434,38714,0.454019,0.29,1,175121,174687,434
11778481,30.2207,29.944,436,38769,0.482804,0.31,1,175154,174718,436
11781401,50.0441,49.1888,437,38823,0.520561,0.35,1,175209,174772,437
11784321,42.0088,40.2378,439,38877,0.560112,0.33,1,175249,174810,439
11787241,44.4018,42.4476,441,38931,0.552022,0.41,1,175294,174853,441
11790161,38.4804,37.2895,442,38985,0.518404,0.43,1,175331,174889,442
11793081,48.4961,47.4579,443,39039,0.559681,0.45,1,175382,174939,443
11796001,27.2992,26.2916,444,39093,0.535936,0.45,1,175404,174960,444
11798921,7.05984,6.85832,444,39147,0.563187,0.49,1,175406,174962,444
11801841,37.412,35.7717,446,39201,0.552637,0.47,1,175451,175005,446
11804761,39.4824,39.9543,445,39255,0.582528,0.47,1,175491,175046,445
11807681,49.4965,49.5909,445,39309,0.604505,0.47,1,175543,175098,445
11810601,11.4993,11.5182,445,39363,0.608901,0.45,1,175545,175100,445
11813521,18.2999,19.1036,444,39417,0.64178,0.49,1,175565,175121,444
11816441,31.66,30.2207,446,39471,0.616356,0.53,1,175600,175154,446
11819361,51.932,50.0441,448,39525,0.659271,0.57,1,175657,175209,448
11822281,42.3864,42.0088,448,39578,0.699854,0.55,1,175697,175249,448
11825201,43.6773,44.4018,447,39631,0.723971,0.51,1,175741,175294,447
11828121,38.3355,38.4804,447,39684,0.712794,0.57,1,175778,175331,447
11831041,49.2671,48.4961,448,39737,0.694559,0.53,1,175830,175382,448
11833961,27.4534,27.2992,448,39790,0.706912,0.57,1,175852,175404,448
11836881,7.09068,7.05984,448,39843,0.709382,0.55,1,175854,175406,448
11839801,38.2181,37.412,449,39896,0.741876,0.59,1,175900,175451,449
11842721,42.0436,39.4824,452,39949,0.716375,0.61,1,175943,175491,452
11845641,50.0087,49.4965,452,40002,0.711275,0.61,1,175995,175543,452
11848561,11.6017,11.4993,452,40055,0.742255,0.65,1,175997,175545,452
11851481,18.3203,18.2999,452,40108,0.748451,0.65,1,176017,175565,452
11854401,30.8641,3.65997,486,40161,0.71769,0.61,1,176051,175565,486
11857321,52.5728,28.732,509,40214,0.727538,0.67,1,176109,175600,509
11860241,44.1146,51.3464,494,40267,0.713508,0.71,1,176151,175657,494
11863161,44.8229,42.2693,499,40319,0.726701,0.73,1,176196,175697,499
11866081,37.7646,43.6539,491,40371,0.72934,0.71,1,176232,175741,491
11869001,49.9529,38.3308,507,40423,0.729868,0.69,1,176285,175778,507
11871921,28.3906,49.2662,478,40475,0.745974,0.71,1,176308,175830,478
11874841,7.27812,27.4532,458,40527,0.749195,0.71,1,176310,175852,458
11877761,38.2556,7.09065,502,40579,0.749839,0.75,1,176356,175854,502
11880681,42.0511,38.2181,499,40631,0.733968,0.71,1,176399,175900,499
11883601,50.0102,42.0436,508,40683,0.778794,0.71,2,176451,175943,508
11886521,11.602,50.0087,458,40735,0.787759,0.75,2,176453,175995,458
11889441,18.3204,11.6017,476,40787,0.789552,0.75,2,176473,175997,476
11892361,30.8641,18.3203,490,40839,0.78991,0.71,2,176507,176017,490
11895281,53.3728,30.8641,515,40891,0.837982,0.73,2,176566,176051,515
11898201,43.4746,52.5728,498,40943,0.879596,0.71,2,176607,176109,498
11901121,45.4949,44.1146,502,40995,0.903919,0.73,2,176653,176151,502
12260281,75,21,560,46901,0.57,1,1,180731,180171,560
12263201,34.2,69.8,502,46946,0.458,1,1,180755,180253,502
12266121,29.24,29.96,510,46991,0.4036,1,1,180783,180273,510
12269041,21.848,20.392,512,47036,0.39272,1,1,180803,180291,512
12271961,19.5696,24.8784,505,47081,0.342544,1,1,180822,180317,505
12274881,28.7139,24.9757,511,47126,0.396509,1,1,180853,180342,511
12277801,24.1428,30.5951,502,47171,0.407302,1,1,180876,180374,502
12280721,23.2286,30.119,495,47216,0.37746,0.97,1,180899,180404,495
12283641,23.0457,25.2238,494,47261,0.387492,0.95,1,180922,180428,494
12286561,43.0091,25.0448,517,47306,0.421498,1,1,180970,180453,517
12289481,33.4018,48.209,494,47351,0.4443,1,1,181001,180507,494
12292401,15.4804,24.0418,487,47396,0.46486,0.97,1,181012,180525,487
12295321,15.8961,27.2084,475,47440,0.468972,1,1,181028,180553,475
12298241,26.3792,31.0417,472,47484,0.485794,0.87,1,181057,180585,472
12301161,34.8758,42.2083,464,47528,0.489159,0.81,1,181094,180630,464
12304081,25.3752,29.2417,461,47572,0.473832,0.57,1,181117,180656,461
12307001,56.275,65.8483,450,47616,0.486766,0.43,1,181181,180731,450
12309921,28.055,32.3697,447,47660,0.537353,0.39,1,181202,180755,447
12312841,25.611,28.8739,444,47704,0.563471,0.39,1,181227,180783,444
12315761,18.7222,21.7748,441,47748,0.552694,0.33,1,181244,180803,441
12318681,18.9444,19.555,441,47792,0.534539,0.41,1,181263,180822,441
12321601,27.7889,28.711,440,47836,0.514908,0.41,1,181293,180853,440
12324521,23.1578,24.1422,439,47880,0.558982,0.37,1,181315,180876,439
12327441,23.8316,23.2284,440,47924,0.567796,0.39,1,181339,180899,440
12330361,23.9663,23.0457,441,47968,0.569559,0.43,1,181363,180922,441
12333281,46.3933,43.0091,445,48012,0.665912,0.45,1,181415,180970,445
12336201,33.2787,33.4018,444,48056,0.733182,0.47,1,181445,181001,444
12339121,14.6557,15.4804,443,48100,0.762636,0.47,2,181455,181012,443
12342041,17.3311,15.8961,445,48144,0.768527,0.49,2,181473,181028,445
12344961,24.2662,26.3792,442,48188,0.801705,0.49,2,181499,181057,442
12347881,36.0532,34.8758,444,48232,0.792341,0.47,2,181538,181094,444
12350801,28.0107,25.3752,447,48276,0.822468,0.49,2,181564,181117,447
12353721,56.0021,56.275,446,48320,0.844494,0.55,2,181627,181181,446
12356641,30.4004,28.055,449,48364,0.880899,0.57,2,181651,181202,449
12359561,25.2801,25.611,448,48408,0.88818,0.55,2,181675,181227,448
12362481,19.456,18.7222,449,48452,0.889636,0.53,2,181693,181244,449
12365401,20.6912,18.9444,451,48495,0.873927,0.51,2,181714,181263,451
12368321,27.3382,27.7889,450,48538,0.886786,0.57,2,181743,181293,450
12371241,21.4676,23.1578,448,48581,0.921357,0.57,2,181763,181315,448
12374161,24.2935,23.8316,449,48624,0.928271,0.57,2,181788,181339,449
12377081,24.8587,23.9663,450,48667,0.945654,0.69,2,181813,181363,450
12578561,70,32,459,23451,0.07,0.03,1,184050,183591,459
12581481,46,62.4,429,23541,0.022,0.07,1,184090,183661,429
12584401,24.4,30.08,426,23631,0.0604,0.01,1,184109,183683,426
12587321,17.68,13.216,433,23721,0.05208,0.07,1,184125,183692,433
12590241,59.536,50.6432,443,23810,0.050416,0,1,184195,183752,443
12593161,85.5072,66.1286,465,23899,0.0180832,0.03,1,184287,183822,465
12596081,56.3014,63.6257,451,23988,0.0276166,0.05,1,184336,183885,451
12599001,63.2603,56.7251,461,24076,0.0135233,0.07,1,184401,183940,461
12601921,70.2521,99.345,423,24164,0.0107047,0.01,1,184473,184050,423
12604841,45.2504,51.869,422,24252,0.0101409,0.07,1,184512,184090,422
12607761,25.8501,25.5738,424,24339,0.0260282,0.05,1,184533,184109,424
12610681,19.57,17.9148,426,24426,0.0292056,0.05,1,184551,184125,426
12613601,59.914,59.583,426,24513,0.0458411,0.01,1,184621,184195,426
12616521,83.9828,85.5166,424,24599,0.0171682,0.03,1,184711,184287,424
12619441,55.1966,56.3033,423,24685,0.0114336,0.01,1,184759,184336,423
12622361,62.2393,63.2607,422,24771,0.0422867,0.01,1,184823,184401,422
12625281,70.8479,70.2521,423,24857,0.0324573,0.01,1,184896,184473,423
12628201,44.5696,45.2504,422,24942,0.0464915,0.03,1,184934,184512,422
12631121,25.7139,25.8501,422,25027,0.0332983,0.03,1,184955,184533,422
12634041,20.3428,19.57,423,25112,0.0626597,0.05,1,184974,184551,423
12636961,60.0686,59.914,423,25196,0.0525319,0.01,1,185044,184621,423
12639881,83.2137,83.9828,422,25280,0.0505064,0.01,1,185133,184711,422
12642801,55.0427,55.1966,422,25364,0.0341013,0.05,1,185181,184759,422
12645721,62.2085,62.2393,422,25448,0.0308203,0.05,1,185245,184823,422
12648641,70.0417,12.4479,494,25531,0.0301641,0.03,1,185317,184823,494
12651561,44.4083,60.8896,459,25614,0.0300328,0.05,1,185355,184896,459
12654481,25.6817,42.5779,442,25697,0.0460066,0.03,1,185376,184934,442
12657401,21.1363,25.3156,441,25779,0.0332013,0.07,1,185396,184955,441
12660321,59.4273,20.2631,491,25861,0.0626403,0.05,1,185465,184974,491
12663241,83.0855,60.0526,510,25943,0.068528,0.05,1,185554,185044,510
12666161,55.0171,83.2105,469,26025,0.0377056,0.03,1,185602,185133,469
12669081,62.2034,55.0421,485,26106,0.0155411,0.03,1,185666,185181,485
12672001,70.0407,62.2084,493,26187,0.0431082,0.03,1,185738,185245,493
12674921,44.4081,70.0417,459,26268,0.0326216,0.03,1,185776,185317,459
12677841,25.6816,44.4083,442,26349,0.0465243,0.05,1,185797,185355,442
12680761,21.9363,25.6817,442,26429,0.0333049,0.03,1,185818,185376,442
12683681,61.1873,21.1363,493,26509,0.046661,0.07,1,185889,185396,493
12686601,81.8375,59.4273,511,26589,0.0493322,0.07,1,185976,185465,511
12689521,53.9675,83.0855,469,26669,0.0338664,0.03,1,186023,185554,469
12692441,61.9935,55.0171,485,26748,0.0307733,0.01,1,186087,185602,485
12695361,69.9987,62.2034,493,26827,0.0301547,0.05,1,186159,185666,493
12698281,45.9997,70.0407,461,26906,0.00603093,0.03,1,186199,185738,461
12701201,10.7999,44.4081,425,26985,0.0252062,0.05,1,186201,185776,425
12704121,18.16,25.6816,424,27063,0.0290412,0.03,1,186221,185797,424
12707041,19.632,21.9363,423,27141,0.0458082,0.05,1,186241,185818,423
12709961,61.5264,61.1873,424,27219,0.0491617,0.05,1,186313,185889,424
12712881,81.9053,81.8375,424,27297,0.0338323,0.03,1,186400,185976,424
12715801,52.3811,53.9675,422,27375,0.0307665,0.03,1,186445,186023,422
12718721,63.2762,61.9935,424,27452,0.0621533,0.03,1,186511,186087,424
12721641,69.4552,69.9987,423,27529,0.0124307,0,1,186582,186159,423
12724561,45.891,45.9997,423,27606,0.0264861,0.03,1,186622,186199,423
12727481,10.7782,10.7999,423,27683,0.00529723,0.03,1,186624,186201,423
12730401,18.9556,18.16,424,27760,0.0410594,0.05,1,186645,186221,424
12733321,20.5911,19.632,425,27836,0.0322119,0.05,1,186666,186241,425
12736241,60.9182,61.5264,424,27912,0.0624424,0.03,1,186737,186313,424
12739161,80.9836,81.9053,423,27988,0.0684885,0.03,1,186823,186400,423
12742081,52.1967,52.3811,423,28064,0.0376977,0.07,1,186868,186445,423
12745001,63.2393,63.2762,423,28139,0.0955395,0,1,186934,186511,423
12747921,69.4479,69.4552,423,28214,0.0431079,0.03,1,187005,186582,423
12750841,45.0896,45.891,422,28289,0.0166216,0,1,187044,186622,422
12753761,10.6179,10.7782,422,28364,0.0273243,0,1,187046,186624,422
12756681,18.1236,2.15564,442,28439,0.0294649,0.05,1,187066,186624,442
12759601,20.4247,17.2311,442,28513,0.045893,0.03,1,187087,186645,442
12762521,61.6849,20.2462,493,28587,0.0651786,0.07,1,187159,186666,493
12765441,81.137,60.8492,508,28661,0.0530357,0.07,1,187245,186737,508
12768361,51.4274,80.9699,466,28735,0.0346071,0.03,1,187289,186823,466
12771281,65.4855,52.194,490,28809,0.0789214,0.11,1,187358,186868,490
12774201,67.4971,63.2388,492,28882,0.0877843,0.03,1,187426,186934,492
12777121,44.6994,69.4478,460,28955,0.0415569,0.01,1,187465,187005,460
12780041,10.5399,45.0896,423,29028,0.0323114,0.03,1,187467,187044,423
12782961,18.908,10.6179,442,29101,0.0304623,0.03,1,187488,187046,442
12785881,20.5816,18.1236,443,29174,0.0460925,0.05,1,187509,187066,443
12788801,63.3163,20.4247,496,29247,0.113219,0.07,1,187583,187087,496
12791721,80.6633,61.6849,509,29319,0.110644,0.05,1,187668,187159,509
12794641,49.7327,81.137,465,29391,0.110129,0.03,1,187710,187245,465
12797561,69.1465,51.4274,495,29463,0.0940257,0.09,1,187784,187289,495
12800481,65.8293,65.4855,491,29535,0.138805,0.09,1,187849,187358,491
12803401,42.7659,67.4971,460,29607,0.147761,0.03,1,187886,187426,460
12806321,10.1532,44.6994,423,29678,0.149552,0.03,1,187888,187465,423
12809241,19.6306,10.5399,443,29749,0.11791,0.03,1,187910,187467,443
12812161,21.5261,18.908,444,29820,0.111582,0.05,1,187932,187488,444
12815081,5.90523,20.5816,425,29891,0.110316,0.13,1,187934,187509,425
12818001,62.781,63.3163,428,29962,0.158063,0.11,1,188011,187583,428
12820921,79.7562,80.6633,427,30033,0.183613,0.11,1,188095,187668,427
12823841,46.3512,49.7327,423,30103,0.204723,0.09,1,188133,187710,423
12826761,72.4702,69.1465,428,30173,0.176945,0.15,1,188212,187784,428
12829681,67.294,65.8293,429,30243,0.219389,0.15,1,188278,187849,429
12832601,43.0588,42.7659,429,30313,0.243878,0.15,1,188315,187886,429
12835521,10.2118,10.1532,429,30383,0.216776,0.11,1,188317,187888,429
12838441,18.0424,19.6306,427,30453,0.259355,0.11,1,188337,187910,427
12841361,21.2085,21.5261,427,30522,0.235871,0.11,1,188359,187932,427
12844281,5.84169,5.90523,427,30591,0.231174,0.17,1,188361,187934,427
12847201,65.1683,62.781,430,30660,0.262235,0.19,1,188441,188011,430
12850121,81.8337,79.7562,432,30729,0.236447,0.21,1,188527,188095,432
12853041,46.7667,46.3512,432,30798,0.231289,0.17,1,188565,188133,432
12855961,70.9533,72.4702,430,30867,0.230258,0.23,1,188642,188212,430
12858881,69.3907,67.294,433,30936,0.246052,0.25,1,188711,188278,433
12861801,42.6781,43.0588,432,31004,0.29721,0.21,1,188747,188315,432
12864721,10.1356,10.2118,432,31072,0.307442,0.27,1,188749,188317,432
12867641,18.8271,18.0424,433,31140,0.293488,0.23,1,188770,188337,433
12870561,21.3654,21.2085,433,31208,0.290698,0.23,1,188792,188359,433
12873481,5.87308,5.84169,433,31276,0.29014,0.23,1,188794,188361,433
12876401,64.3746,1.16834,512,31344,0.242028,0.27,1,188873,188361,512
12879321,81.6749,64.2337,518,31412,0.280406,0.23,1,188959,188441,518
12882241,46.735,81.6467,470,31479,0.320081,0.23,1,188997,188527,470
12885161,70.947,46.7293,509,31546,0.344016,0.23,1,189074,188565,509
12888081,70.1894,70.9459,502,31613,0.396803,0.25,1,189144,188642,502
12891001,43.6379,69.3892,470,31680,0.439361,0.31,1,189181,188711,470
12893921,10.3276,42.6778,436,31747,0.447872,0.31,1,189183,188747,436
12896841,18.0655,10.1356,454,31814,0.449574,0.29,1,189203,188749,454
12899761,21.2131,18.8271,455,31881,0.465915,0.29,1,189225,188770,455
12902681,5.84262,21.3654,435,31947,0.469183,0.29,1,189227,188792,435
12905601,63.5685,5.87308,511,32013,0.485837,0.23,1,189305,188794,511
12908521,83.9137,64.3746,521,32079,0.537167,0.29,1,189394,188873,521
12911441,48.7827,81.6749,475,32145,0.563433,0.33,1,189434,188959,475
12914361,72.1565,46.735,515,32211,0.568687,0.35,1,189512,188997,515
12917281,73.6313,70.947,512,32277,0.633737,0.41,1,189586,189074,512
12920201,45.1263,70.1894,480,32343,0.678747,0.45,1,189624,189144,480
12923121,10.6253,43.6379,445,32408,0.68775,0.45,1,189626,189181,445
12926041,18.1251,10.3276,463,32473,0.68955,0.45,1,189646,189183,463
12928961,22.025,18.0655,466,32538,0.70591,0.47,1,189669,189203,466
12931881,6.005,21.2131,446,32603,0.709182,0.47,1,189671,189225,446
12934801,64.401,5.84262,523,32668,0.725836,0.49,1,189750,189227,523
12937721,86.4802,63.5685,537,32733,0.777167,0.55,2,189842,189305,537
12940641,18.896,83.9137,450,32798,0.787433,0.57,2,189844,189394,450
12943561,35.7792,48.7827,450,32862,0.805487,0.57,2,189884,189434,450
12946481,69.5558,72.1565,450,32926,0.825097,0.65,2,189962,189512,450
12949401,76.3112,73.6313,454,32990,0.821019,0.69,2,190040,189586,454
12952321,47.2622,45.1263,456,33054,0.876204,0.69,2,190080,189624,456
12955241,11.0524,10.6253,456,33118,0.855241,0.69,2,190082,189626,456
12958161,18.2105,18.1251,456,33182,0.883048,0.71,2,190102,189646,456
12961081,22.8421,22.025,457,33246,0.85661,0.71,2,190126,189669,457
12964001,6.16842,6.005,457,33310,0.851322,0.73,2,190128,189671,457
12966921,65.2337,64.401,458,33373,0.914264,0.79,2,190208,189750,458
12969841,89.0467,86.4802,461,33436,0.878853,0.79,2,190303,189842,461
12972761,19.4093,18.896,461,33499,0.871771,0.81,2,190305,189844,461
12975681,36.6819,35.7792,462,33562,0.838354,0.83,2,190346,189884,462
12978601,70.5364,69.5558,463,33625,0.863671,0.82,2,190425,189962,463
13095401,29,26,507,36056,0.65,1,1,192080,191573,507
13098321,29,46,485,36115,0.586,1,1,192109,191624,485
13101241,85,87.6,486,36174,0.3012,1,1,192208,191722,486
13104161,37.8,31.92,494,36232,0.16424,1,1,192234,191740,494
13107081,26.76,27.984,491,36290,0.056848,1,1,192258,191767,491
13110001,58.952,63.1968,486,36348,0.0193696,1,1,192325,191839,486
13112921,34.1904,35.0394,486,36406,0.0118739,1,1,192353,191867,486
13115841,38.0381,51.8079,469,36464,0.0103748,1,1,192392,191923,469
13118761,44.4076,45.5616,471,36522,0.026075,0.97,1,192438,191967,471
13121681,28.8815,32.3123,467,36580,0.013215,0.85,1,192463,191996,467
13124601,21.7763,28.0625,460,36638,0.026643,0.71,1,192483,192023,460
13127521,23.5553,28.0125,456,36696,0.0133286,0.65,1,192507,192051,456
13130441,24.7111,28.8025,452,36754,0.0586657,0.57,1,192532,192080,452
13133361,25.7422,28.9605,449,36811,0.0517331,0.23,1,192558,192109,449
13136281,69.1484,84.9921,430,36868,0.0343466,0.13,1,192638,192208,430
13139201,29.0297,37.7984,423,36925,0.0468693,0.03,1,192657,192234,423
13142121,25.0059,26.7597,423,36982,0.0653739,0.01,1,192681,192258,423
13145041,58.6012,58.9519,423,37039,0.0130748,0.01,1,192748,192325,423
13147961,33.3202,34.1904,422,37096,0.010615,0.01,1,192775,192353,422
13150881,37.864,38.0381,422,37153,0.00212299,0.01,1,192814,192392,422
13153801,43.5728,7.60762,467,37210,0.0244246,0.03,1,192859,192392,467
13156721,28.7146,38.3215,446,37267,0.0128849,0.01,1,192884,192438,446
13159641,21.7429,27.6643,441,37324,0.058577,0.03,1,192904,192463,441
13162561,23.5486,21.5329,445,37381,0.0357154,0.01,1,192928,192483,445
13165481,24.7097,23.5066,446,37438,0.0311431,0.07,1,192953,192507,446
13168401,25.7419,24.7013,447,37494,0.0462286,0.05,1,192979,192532,447
13171321,69.9484,25.7403,502,37550,0.0812457,0.03,1,193060,192558,502
13174241,29.1897,69.1481,441,37606,0.0722491,0.05,1,193079,192638,441
13177161,24.2379,29.0296,445,37662,0.0544498,0.07,1,193102,192657,445
13180081,58.4476,25.0059,488,37718,0.01889,0,1,193169,192681,488
13183001,34.0895,58.6012,449,37774,0.027778,0.01,1,193197,192748,449
13185921,37.2179,33.3202,460,37830,0.0055556,0,1,193235,192775,460
13188841,43.4436,37.864,466,37886,0.00911112,0.03,1,193280,192814,466
13191761,28.6887,43.5728,446,37942,0.0418222,0.01,1,193305,192859,446
13194681,22.5377,28.7146,442,37998,0.0643644,0.07,1,193326,192884,442
13197601,22.9075,21.7429,445,38054,0.100873,0.03,1,193349,192904,445
13200521,24.5815,23.5486,446,38110,0.0441746,0.03,1,193374,192928,446
13203441,25.7163,24.7097,447,38165,0.0328349,0.05,1,193400,192953,447
13206361,73.1433,25.7419,506,38220,0.030567,0.09,1,193485,192979,506
13209281,29.0287,69.9484,443,38275,0.0461134,0.07,1,193503,193060,443
13212201,21.8057,29.1897,444,38330,0.0812227,0.05,1,193523,193079,444
13215121,57.9611,24.2379,488,38385,0.0562445,0.01,1,193590,193102,488
13218041,34.7922,58.4476,450,38440,0.0352489,0.03,1,193619,193169,450
13220961,36.5584,34.0895,459,38495,0.00704978,0,1,193656,193197,459
13223881,43.3117,37.2179,466,38550,0.02541,0.01,1,193701,193235,466
13226801,28.6623,43.4436,446,38605,0.029082,0.05,1,193726,193280,446
13229721,7.33247,28.6887,423,38660,0.0298164,0.07,1,193728,193305,423
13232641,20.6665,22.5377,426,38715,0.0459633,0.11,1,193752,193326,426
13235561,20.1333,22.9075,423,38770,0.0171927,0.03,1,193772,193349,423
13238481,24.0267,24.5815,423,38824,0.0434385,0.03,1,193797,193374,423
13241401,25.6053,25.7163,423,38878,0.0486877,0.03,1,193823,193400,423
13244321,73.9211,73.1433,424,38932,0.0337375,0.05,1,193909,193485,424
13247241,29.9842,29.0287,425,38986,0.0307475,0.09,1,193928,193503,425
13250161,22.7968,21.8057,426,39040,0.0781495,0.05,1,193949,193523,426
13253081,54.9594,57.9611,422,39094,0.0396299,0.03,1,194012,193590,422
13256001,34.9919,34.7922,423,39148,0.047926,0,1,194042,193619,423
13258921,36.5984,36.5584,423,39202,0.0095852,0.03,1,194079,193656,423
13261841,42.5197,43.3117,422,39256,0.025917,0.03,1,194123,193701,422
13264761,28.5039,28.6623,422,39310,0.0291834,0.03,1,194148,193726,422
13267681,7.30079,7.33247,422,39364,0.0298367,0.05,1,194150,193728,422
13270601,20.6602,20.6665,422,39418,0.0619673,0.01,1,194174,193752,422
13273521,20.132,20.1333,422,39472,0.0843935,0.05,1,194194,193772,422
13276441,25.6264,24.0267,424,39526,0.0728787,0.05,1,194221,193797,424
13279361,24.3253,25.6053,422,39579,0.0385757,0.03,1,194245,193823,422
13282281,73.6651,73.9211,422,39632,0.0477151,0.03,1,194331,193909,422
13285201,30.733,29.9842,423,39685,0.049543,0.09,1,194351,193928,423
13288121,23.7466,22.7968,424,39738,0.0819086,0.03,1,194373,193949,424
13291041,53.5493,54.9594,422,39791,0.152382,0.05,1,194434,194012,422
13293961,34.7099,34.9919,422,39844,0.0864763,0,1,194464,194042,422
13296881,37.342,36.5984,423,39897,0.0412953,0.03,1,194502,194079,423
13299801,41.8684,42.5197,422,39950,0.0162591,0.03,1,194545,194123,422
13302721,28.3737,28.5039,422,40003,0.0112518,0.03,1,194570,194148,422
13305641,7.27474,7.30079,422,40056,0.0102504,0.07,1,194572,194150,422
13308561,21.4549,20.6602,423,40109,0.0260501,0.07,1,194597,194174,423
13311481,20.291,4.13203,443,40162,0.01321,0.09,1,194617,194174,443
13314401,24.8582,16.8264,449,40215,0.026642,0.07,1,194643,194194,449
13317321,24.1716,24.9653,446,40268,0.0453284,0.03,1,194667,194221,446
13320241,72.8343,24.1931,507,40320,0.0650657,0.05,1,194752,194245,507
13323161,30.5669,73.6386,441,40372,0.0690131,0.05,1,194772,194331,441
13326081,25.3134,30.7277,445,40424,0.101803,0.09,1,194796,194351,445
13329001,55.4627,23.7455,486,40476,0.0763605,0.17,1,194859,194373,486
13331921,33.4925,53.5491,453,40528,0.0712721,0.07,1,194887,194434,453
13334841,35.4985,34.7098,459,40580,0.0382544,0.03,1,194923,194464,459
13337761,41.4997,37.342,464,40632,0.0316509,0.01,1,194966,194502,464
13340681,28.2999,41.8684,446,40684,0.0143302,0.01,1,194991,194545,446
13343601,7.25999,28.3737,423,40736,0.026866,0.01,1,194993,194570,423
13346521,21.452,7.27474,446,40788,0.0133732,0.03,1,195018,194572,446
13349441,21.0904,21.4549,442,40840,0.0106746,0.01,1,195039,194597,442
13352361,25.0181,20.291,448,40892,0.0421349,0.03,1,195065,194617,448
13355281,25.0036,24.8582,447,40944,0.080427,0.05,1,195090,194643,447
13358201,73.8007,24.1716,509,40996,0.152085,0.07,1,195176,194667,509
13361121,30.7601,72.8343,444,41047,0.166417,0.07,1,195196,194752,444
13364041,26.952,30.5669,450,41098,0.185283,0.11,1,195222,194772,450
13366961,54.9904,25.3134,488,41149,0.173057,0.07,1,195284,194796,488
13369881,34.1981,55.4627,454,41200,0.210611,0.07,1,195313,194859,454
13372801,31.6396,33.4925,457,41251,0.242122,0.03,1,195344,194887,457
13375721,40.7279,35.4985,464,41302,0.216424,0.03,1,195387,194923,464
13378641,28.1456,41.4997,446,41353,0.131285,0.01,1,195412,194966,446
13381561,7.22912,28.2999,423,41404,0.082257,0.03,1,195414,194991,423
13384481,22.2458,7.25999,447,41455,0.0404514,0.01,1,195440,194993,447
13387401,21.2492,21.452,443,41506,0.0160903,0.01,1,195461,195018,443
13390321,5.84983,21.0904,424,41557,0.0432181,0.05,1,195463,195039,424
13393241,21.97,25.0181,424,41608,0.0166436,0.09,1,195489,195065,424
13396161,25.994,25.0036,426,41659,0.0273287,0.17,1,195516,195090,426
13399081,77.1988,73.8007,430,41710,0.0134657,0.17,1,195606,195176,430
13402001,31.4398,30.7601,430,41761,0.0106931,0.19,1,195626,195196,430
13404921,27.888,26.952,431,41812,0.0101386,0.17,1,195653,195222,431
13407841,55.1776,54.9904,431,41862,0.0420277,0.22,1,195715,195284,431
13410761,35.0355,34.1981,432,41912,0.0484055,0.25,1,195745,195313,432
13413681,32.6071,31.6396,433,41962,0.0656811,0.21,1,195777,195344,433
13416601,40.1214,40.7279,432,42012,0.0691362,0.11,1,195819,195387,432
13419521,22.4243,28.1456,425,42062,0.0698272,0.07,1,195837,195412,425
13422441,6.08486,7.22912,425,42112,0.101965,0.03,1,195839,195414,425
13425361,20.417,22.2458,423,42162,0.108393,0.01,1,195863,195440,423
13428281,20.0834,21.2492,422,42212,0.125679,0.05,1,195883,195461,422
13431201,5.61668,5.84983,422,42262,0.0971357,0.01,1,195885,195463,422
13434121,21.9233,21.97,422,42312,0.123427,0.03,1,195911,195489,422
13437041,26.7847,25.994,423,42362,0.112685,0.01,1,195939,195516,423
13439961,76.5569,77.1988,422,42412,0.142537,0.01,1,196028,195606,422
13442881,31.3114,31.4398,422,42462,0.148507,0.01,1,196048,195626,422
13445801,27.8623,27.888,422,42512,0.165701,0.05,1,196075,195653,422
13448721,55.1725,55.1776,422,42562,0.16914,0.05,1,196137,195715,422
13451641,35.0345,35.0355,422,42612,0.217828,0.07,1,196167,195745,422
13454561,34.2069,32.6071,424,42662,0.291566,0.07,1,196201,195777,424
13457481,41.2414,40.1214,425,42711,0.306313,0.07,1,196244,195819,425
13460401,22.6483,22.4243,425,42760,0.357263,0.11,1,196262,195837,425
13463321,6.12966,6.08486,425,42809,0.367453,0.11,1,196264,195839,425
13466241,20.4259,20.417,425,42858,0.369491,0.13,1,196288,195863,425
13469161,20.8852,20.0834,426,42907,0.353898,0.09,1,196309,195883,426
13472081,5.77704,5.61668,426,42956,0.31878,0.13,1,196311,195885,426
13475001,21.9554,21.9233,426,43005,0.343756,0.13,1,196337,195911,426
13477921,26.7911,4.38467,454,43054,0.316751,0.11,1,196365,195911,454
13480841,76.5582,23.2769,515,43103,0.29535,0.15,1,196454,195939,515
13483761,32.1116,75.8554,447,43152,0.32307,0.15,1,196475,196028,447
13486681,28.0223,31.1711,454,43201,0.312614,0.17,1,196502,196048,454
13489601,55.2045,27.8342,489,43250,0.310523,0.17,1,196564,196075,489
13492521,38.2409,55.1668,461,43299,0.358105,0.23,1,196598,196137,461
13495441,38.8482,35.0334,470,43348,0.319621,0.31,1,196637,196167,470
13498361,42.9696,34.2067,480,43397,0.375924,0.31,1,196681,196201,480
13501281,22.9939,41.2413,455,43446,0.387185,0.37,1,196699,196244,455
13504201,6.19879,22.6483,439,43495,0.405437,0.37,1,196701,196262,439
13507121,20.4398,6.12965,461,43544,0.409087,0.37,1,196725,196264,461
13510041,20.088,20.4259,457,43592,0.409817,0.35,1,196745,196288,457
13512961,5.61759,20.8852,438,43640,0.409963,0.31,1,196747,196309,438
13515881,21.9235,5.77704,462,43688,0.409993,0.35,1,196773,196311,462
13518801,26.7847,21.9554,464,43736,0.425999,0.31,1,196801,196337,464
13521721,75.7569,26.7911,524,43784,0.4452,0.29,1,196889,196365,524
13524641,31.9514,76.5582,456,43832,0.48104,0.33,1,196910,196454,456
13527561,28.7903,32.1116,463,43880,0.488208,0.31,1,196938,196475,463
13530481,55.3581,28.0223,498,43928,0.505642,0.31,1,197000,196502,498
13533401,39.0716,55.2045,471,43976,0.541128,0.37,1,197035,196564,471
13536321,39.8143,38.2409,477,44024,0.548226,0.31,1,197075,196598,477
13539241,44.7629,38.8482,484,44072,0.581645,0.39,1,197121,196637,484
13542161,24.1526,42.9696,459,44120,0.604329,0.39,1,197140,196681,459
13545081,6.43051,22.9939,443,44168,0.608866,0.41,1,197142,196699,443
13548001,20.4861,6.19879,465,44216,0.625773,0.41,1,197166,196701,465
13550921,20.0972,20.4398,461,44264,0.645155,0.41,1,197186,196725,461
13553841,5.61944,20.088,443,44312,0.649031,0.41,1,197188,196745,443
13556761,21.9239,5.61759,467,44360,0.665806,0.41,1,197214,196747,467
13559681,27.5848,21.9235,470,44408,0.685161,0.43,1,197243,196773,470
13562601,76.717,26.7847,531,44456,0.705032,0.45,1,197332,196801,531
13565521,16.9434,75.7569,445,44503,0.709006,0.49,1,197334,196889,445
13568441,20.9887,31.9514,446,44550,0.709801,0.49,1,197356,196910,446
13571361,26.5977,28.7903,446,44597,0.70996,0.51,1,197384,196938,446
13574281,56.5195,55.3581,448,44644,0.757992,0.55,2,197448,197000,448
13577201,40.1039,39.0716,449,44691,0.703598,0.55,1,197484,197035,449
13580121,38.4208,39.8143,447,44738,0.69272,0.59,1,197522,197075,447
13583041,47.6842,44.7629,451,44785,0.706544,0.61,1,197572,197121,451
13585961,26.3368,24.1526,453,44832,0.693309,0.61,1,197593,197140,453
13588881,6.86737,6.43051,453,44879,0.690662,0.63,1,197595,197142,453
13591801,21.3735,20.4861,454,44926,0.690132,0.65,1,197620,197166,454
13594721,21.0747,20.0972,455,44973,0.706026,0.65,1,197641,197186,455
13597641,5.81494,5.61944,455,45020,0.709205,0.67,1,197643,197188,455
13600561,21.963,21.9239,455,45067,0.741841,0.69,1,197669,197214,455
13603481,28.3926,27.5848,456,45114,0.732368,0.71,1,197699,197243,456
13606401,77.6785,76.717,457,45161,0.778474,0.71,2,197789,197332,457
13609321,17.1357,16.9434,457,45208,0.787695,0.71,2,197791,197334,457
13612241,21.0271,20.9887,457,45255,0.757539,0.71,2,197813,197356,457
13615161,27.4054,26.5977,458,45302,0.783508,0.77,2,197842,197384,458
13618081,56.6811,56.5195,458,45349,0.804702,0.69,2,197906,197448,458
13621001,38.5362,40.1039,456,45396,0.84094,0.69,2,197940,197484,456
13623921,38.1072,38.4208,456,45442,0.864188,0.71,2,197978,197522,456
13626841,46.8214,47.6842,455,45488,0.900838,0.69,2,198027,197572,455
13629761,25.3643,26.3368,454,45534,0.892168,0.69,2,198047,197593,454
13632681,6.67286,6.86737,454,45580,0.938434,0.69,2,198049,197595,454
13635601,22.9346,21.3735,456,45626,0.947687,0.71,2,198076,197620,456
13810801,22,20,488,48321,0.87,1,2,199946,199458,488
13813721,22.8,17.6,494,48365,0.838,1,2,199969,199475,494
13816641,22.96,21.92,494,48409,0.7036,1,1,199992,199498,494
13819561,10.192,24.384,476,48453,0.69272,1,1,199999,199523,476
13822481,26.8384,24.8768,482,48496,0.570544,1,1,200030,199548,482
13825401,26.9677,23.3754,486,48539,0.538109,1,1,200057,199571,486
13828321,22.9935,20.6751,488,48582,0.451622,1,1,200079,199591,488
13831241,65.3987,64.935,488,48625,0.242324,1,1,200155,199667,488
13834161,35.4797,33.787,490,48668,0.120465,1,1,200183,199693,490
13837081,22.2959,22.7574,489,48711,0.096093,1,1,200202,199713,489
13840001,22.8592,23.7515,488,48754,0.0592186,1,1,200225,199737,488
13842921,28.5718,24.7503,493,48797,0.0358437,1,1,200255,199762,493
13845841,31.3144,38.5501,483,48840,0.00716874,1,1,200287,199804,483
13848761,28.6629,7.71001,511,48883,0.0254338,1,1,200315,199804,511
13851681,28.9326,30.342,504,48926,0.0290868,0.96,1,200344,199840,504
13854601,42.5865,30.0684,520,48969,0.0298174,0.91,1,200390,199870,520
13857521,23.7173,49.2137,485,49012,0.0619635,0.87,1,200409,199924,485
13860441,18.3435,27.4427,480,49055,0.0523927,0.83,1,200426,199946,480
13863361,20.4687,23.8885,478,49098,0.0984785,0.67,1,200447,199969,478
13866281,9.69374,23.1777,462,49141,0.0756957,0.69,1,200454,199992,462
13869201,21.9387,10.2355,480,49184,0.215139,0.54,1,200479,199999,480
13872121,21.9877,26.8471,471,49227,0.275028,0.53,1,200501,200030,471
13875041,21.1976,26.9694,465,49270,0.271006,0.43,1,200522,200057,465
13877961,54.6395,22.9939,506,49313,0.270201,0.19,1,200585,200079,506
13880881,28.5279,65.3988,452,49356,0.30204,0.09,1,200607,200155,452
13883801,20.1056,35.4798,442,49399,0.292408,0.09,1,200625,200183,442
13886721,21.6211,22.296,445,49442,0.290482,0.05,1,200647,200202,445
13889641,27.5242,22.8592,451,49485,0.258096,0.03,1,200676,200225,451
13892561,32.7048,28.5718,455,49528,0.187619,0,1,200710,200255,455
13895481,28.941,31.3144,451,49571,0.189524,0.03,1,200738,200287,451
13898401,28.9882,28.6629,452,49614,0.109905,0.03,1,200767,200315,452
13901321,42.5976,28.9326,469,49656,0.045981,0.03,1,200813,200344,469
13904241,24.5195,42.5865,443,49698,0.0811962,0.07,1,200833,200390,443
13907161,18.5039,23.7173,441,49740,0.0722392,0.05,1,200850,200409,441
13910081,19.7008,18.3435,444,49782,0.102448,0.11,1,200870,200426,444
13913001,8.74016,20.4687,429,49824,0.0764896,0.07,1,200876,200447,429
13915921,30.548,9.69374,458,49866,0.151298,0.25,1,200912,200454,458
13918841,23.7096,21.9387,455,49908,0.16626,0.29,1,200934,200479,455
13921761,22.3419,21.9877,455,49950,0.169252,0.27,1,200956,200501,455
13924681,54.8684,21.1976,497,49992,0.23385,0.27,1,201019,200522,497
13927601,27.7737,54.6395,455,50034,0.26277,0.31,1,201040,200585,455
13930521,19.9547,28.5279,451,50076,0.268554,0.29,1,201058,200607,451
13933441,18.3909,20.1056,451,50118,0.269711,0.29,1,201076,200625,451
13936361,27.6782,21.6211,459,50160,0.349942,0.25,1,201106,200647,459
13939281,31.9356,27.5242,463,50202,0.349988,0.17,1,201139,200676,463
13942201,27.9871,32.7048,456,50244,0.365998,0.19,1,201166,200710,456
13945121,26.3974,28.941,454,50286,0.3692,0.09,1,201192,200738,454
13948041,6.87948,28.9882,427,50328,0.36984,0.03,1,201194,200767,427
13950961,36.5759,42.5976,425,50370,0.369968,0.09,1,201238,200813,425
13953881,24.1152,24.5195,426,50412,0.385994,0.07,1,201259,200833,426
13956801,17.623,18.5039,425,50454,0.389199,0.11,1,201275,200850,425
13959721,19.5246,19.7008,425,50496,0.38984,0.07,1,201295,200870,425
13962641,8.70492,8.74016,425,50538,0.389968,0.17,1,201301,200876,425
13965561,34.541,30.548,430,50580,0.517994,0.17,1,201342,200912,430
13968481,24.5082,23.7096,430,50622,0.511599,0.17,1,201364,200934,430
13971401,23.3016,22.3419,431,50664,0.54232,0.25,1,201387,200956,431
13974321,57.4603,54.8684,434,50706,0.564464,0.27,1,201453,201019,434
13977241,28.2921,27.7737,434,50748,0.552893,0.27,1,201474,201040,434
13980161,20.8584,19.9547,435,50790,0.534579,0.27,1,201493,201058,435
13983081,19.3717,18.3909,436,50831,0.546916,0.37,1,201512,201076,436
13986001,31.0743,27.6782,440,50872,0.581383,0.35,1,201546,201106,440
13988921,31.8149,31.9356,439,50913,0.588277,0.37,1,201578,201139,439
13991841,28.763,27.9871,440,50954,0.605655,0.37,1,201606,201166,440
13994761,26.5526,26.3974,440,50995,0.657131,0.37,1,201632,201192,440
13997681,6.91052,6.87948,440,51036,0.667426,0.37,1,201634,201194,440
14000601,36.5821,36.5759,440,51077,0.669485,0.39,1,201678,201238,440
14003521,23.3164,24.1152,439,51118,0.669897,0.39,1,201698,201259,439
14006441,17.4633,17.623,439,51159,0.701979,0.39,1,201714,201275,439
14009361,19.4927,19.5246,439,51200,0.676396,0.39,1,201734,201295,439
14012281,8.69853,8.70492,439,51241,0.671279,0.55,1,201740,201301,439
14015201,40.9397,34.541,447,51282,0.846256,0.51,2,201789,201342,447
14018121,25.7879,24.5082,447,51323,0.881251,0.55,2,201811,201364,447
14021041,23.5576,23.3016,447,51364,0.92025,0.57,2,201834,201387,447
14199161,28,21,506,53807,0.59,1,1,203572,203066,506
14202081,29.6,26.6,508,53846,0.462,1,1,203602,203094,508
14203541,29.92,24.52,514,53885,0.2924,1,1,203632,203118,514
14219601,366.784,438.504,423,24820,0.06648,0.07,1,204083,203660,423
14263401,196.557,211.701,422,24820,0.021296,0.01,1,204237,203815,422
14266321,88.1114,66.3402,453,24905,0.0282592,0.03,1,204298,203845,453
14269241,61.6223,58.068,452,24990,0.0296518,0,1,204353,203901,452
14272161,44.3245,52.4136,441,25075,0.0139304,0.01,1,204393,203952,441
14275081,60.8649,47.2827,460,25160,0.0427861,0.03,1,204458,203998,460
14278001,29.773,40.6565,443,25244,0.0325572,0.03,1,204480,204037,443
14280921,17.9546,25.7313,436,25328,0.0465114,0.01,1,204495,204059,436
14283841,31.5909,24.3463,447,25412,0.0333023,0.03,1,204530,204083,447
14286761,40.7182,44.0693,441,25495,0.0146605,0.01,1,204573,204132,441
14289681,125.744,92.8139,483,25578,0.0269321,0.03,1,204720,204237,483
14292601,70.7487,67.3628,479,25661,0.0293864,0.03,1,204777,204298,479
14295521,44.5497,57.4726,462,25744,0.0138773,0.01,1,204815,204353,462
14298441,60.9099,43.4945,487,25826,0.0587755,0.05,1,204880,204393,487
14301361,29.782,60.6989,444,25908,0.0197551,0.03,1,204902,204458,444
14304281,17.9564,29.7398,437,25990,0.059951,0.05,1,204917,204480,437
14307201,30.7913,17.948,456,26072,0.0679902,0.03,1,204951,204495,456
14310121,41.3583,31.5896,465,26153,0.013598,0.01,1,204995,204530,465
14313041,125.872,40.7179,569,26234,0.0267196,0.03,1,205142,204573,569
14315961,70.7743,125.744,479,26315,0.0133439,0.03,1,205199,204720,479
14318881,44.5549,70.7487,460,26396,0.0106688,0.01,1,205237,204777,460
14321801,60.111,44.5497,486,26476,0.0421338,0.07,1,205301,204815,486
14324721,29.6222,60.9099,443,26556,0.0324268,0.01,1,205323,204880,443
14327641,18.7244,29.782,437,26636,0.0464853,0.07,1,205339,204902,437
14330561,30.1449,17.9564,455,26716,0.0332971,0.07,1,205372,204917,455
14333481,42.029,30.7913,466,26795,0.00665941,0,1,205417,204951,466
14336401,126.006,41.3583,569,26874,0.0253319,0.03,1,205564,204995,569
14339321,26.8012,125.872,424,26953,0.0290664,0.01,1,205566,205142,424
14342241,50.1602,70.7743,423,27032,0.0298133,0.01,1,205622,205199,423
14345161,40.432,44.5549,423,27110,0.0139627,0.05,1,205660,205237,423
14348081,58.4864,60.111,422,27188,0.0427925,0.03,1,205723,205301,422
14351001,29.2973,29.6222,422,27266,0.0325585,0.05,1,205745,205323,422
14353921,20.2595,18.7244,424,27344,0.0145117,0.03,1,205763,205339,424
14356841,29.6519,30.1449,423,27421,0.0429023,0,1,205795,205372,423
14359761,41.9304,42.029,423,27498,0.00858047,0.03,1,205840,205417,423
14362681,125.986,126.006,423,27575,0.00971609,0.03,1,205987,205564,423
14365601,26.7972,26.8012,423,27652,0.00994322,0.03,1,205989,205566,423
14368521,49.3594,50.1602,422,27729,0.0419886,0.01,1,206044,205622,422
14371441,40.2719,40.432,422,27805,0.00839773,0.05,1,206082,205660,422
14374361,58.4544,58.4864,422,27881,0.0416795,0.03,1,206145,205723,422
14377281,29.2909,29.2973,422,27957,0.0323359,0.01,1,206167,205745,422
14380201,20.2582,20.2595,422,28033,0.0144672,0.05,1,206185,205763,422
14383121,29.6516,29.6519,422,28109,0.0428934,0,1,206217,205795,422
14386041,42.7303,41.9304,423,28184,0.0325787,0.01,1,206263,205840,423
14388961,125.346,125.986,422,28259,0.0305157,0.01,1,206409,205987,422
14391881,26.6692,26.7972,422,28334,0.00610315,0.05,1,206411,205989,422
14394801,49.3338,49.3594,422,28409,0.00922063,0.05,1,206466,206044,422
14397721,39.4668,9.87189,459,28484,0.00984413,0,1,206503,206044,459
14400641,60.6934,32.3744,487,28558,0.0419688,0.05,1,206569,206082,487
14403561,27.3387,56.8749,443,28632,0.0803938,0.03,1,206588,206145,443
14406481,19.8677,28.975,439,28706,0.0240788,0.01,1,206606,206167,439
14409401,29.5735,20.195,453,28780,0.0288158,0.05,1,206638,206185,453
14412321,42.7147,29.639,467,28854,0.0297632,0.03,1,206684,206217,467
14415241,125.343,42.7278,567,28927,0.0459526,0.03,1,206830,206263,567
14418161,26.6686,125.346,423,29000,0.0171905,0,1,206832,206409,423
14421081,49.3337,26.6691,476,29073,0.0274381,0.01,1,206887,206411,476
14424001,39.4667,49.3338,458,29146,0.0294876,0.01,1,206924,206466,458
14426921,63.0933,39.4668,490,29219,0.0458975,0.05,1,206993,206503,490
14429841,27.0187,60.6934,442,29291,0.0331795,0.09,1,207011,206569,442
14432761,19.0037,27.3387,440,29363,0.0626359,0.01,1,207028,206588,440
14435681,28.6007,19.8677,453,29435,0.0205272,0.03,1,207059,206606,453
14438601,43.3202,29.5735,468,29507,0.0121054,0.03,1,207106,206638,468
14441521,124.664,42.7147,567,29579,0.0264211,0.05,1,207251,206684,567
14444441,26.5328,125.343,423,29651,0.0292842,0.01,1,207253,206830,423
14447361,50.1066,26.6686,477,29722,0.0138568,0.03,1,207309,206832,477
14450281,39.6213,49.3337,459,29793,0.0107714,0.03,1,207346,206887,459
14453201,9.52426,39.4667,424,29864,0.0261543,0.05,1,207348,206924,424
14456121,55.5049,63.0933,422,29935,0.0612309,0.03,1,207415,206993,422
14459041,27.101,27.0187,424,30006,0.0522462,0.07,1,207435,207011,424
14461961,18.2202,19.0037,423,30077,0.0664492,0.01,1,207451,207028,423
14464881,27.644,28.6007,422,30147,0.10129,0.01,1,207481,207059,422
14467801,43.1288,43.3202,422,30217,0.028258,0.03,1,207528,207106,422
14470721,124.626,124.664,422,30287,0.0456516,0.03,1,207673,207251,422
14473641,26.5252,26.5328,422,30357,0.0491303,0.01,1,207675,207253,422
14476561,50.905,50.1066,423,30427,0.0818261,0.01,1,207732,207309,423
14479481,38.981,39.6213,422,30497,0.0243652,0.03,1,207768,207346,422
14482401,9.3962,9.52426,422,30566,0.028873,0.07,1,207770,207348,422
14485321,56.2792,55.5049,423,30635,0.0137746,0.05,1,207838,207415,423
14488241,28.8558,27.101,425,30704,0.0587549,0.07,1,207860,207435,425
14491161,18.5712,18.2202,425,30773,0.067751,0.11,1,207876,207451,425
14494081,27.7142,27.644,425,30842,0.10155,0.01,1,207906,207481,425
14497001,40.7428,43.1288,422,30911,0.02831,0.05,1,207950,207528,422
14499921,124.949,124.626,423,30979,0.013662,0.05,1,208096,207673,423
14502841,26.5897,26.5252,423,31047,0.0107324,0.09,1,208098,207675,423
14505761,51.7179,50.905,424,31115,0.0741465,0.01,1,208156,207732,424
14508681,37.5436,38.981,422,31183,0.102829,0.03,1,208190,207768,422
14511601,9.10872,9.3962,422,31251,0.108566,0.01,1,208192,207770,422
14514521,56.2217,56.2792,422,31319,0.0617132,0.01,1,208260,207838,422
14517441,30.4443,11.2558,446,31387,0.0523426,0.07,1,208284,207838,446
14520361,18.8889,19.8512,440,31454,0.0504685,0.07,1,208300,207860,440
14523281,27.7778,16.7702,454,31521,0.0820937,0.11,1,208330,207876,454
14526201,38.3556,27.354,465,31588,0.0564187,0.01,1,208371,207906,465
14529121,124.471,40.6708,567,31655,0.0192837,0.01,1,208517,207950,567
14532041,26.4942,124.934,423,31722,0.0118567,0.01,1,208519,208096,423
14534961,54.8988,26.5868,483,31789,0.0743714,0.09,1,208581,208098,483
14537881,37.3798,51.7174,458,31856,0.166874,0.11,1,208614,208156,458
14540801,9.07595,37.5435,426,31922,0.185375,0.11,1,208616,208190,426
14543721,55.4152,9.10869,491,31988,0.205075,0.05,1,208683,208192,491
14546641,30.283,56.2217,447,32054,0.209015,0.05,1,208707,208260,447
14549561,19.6566,30.4443,440,32120,0.241803,0.05,1,208724,208284,440
14552481,28.7313,18.8889,455,32186,0.200361,0.09,1,208755,208300,455
14555401,35.3463,27.7778,462,32252,0.144072,0.05,1,208792,208330,462
14558321,123.869,38.3556,567,32318,0.0368144,0.01,1,208938,208371,567
14561241,26.3738,124.471,423,32383,0.0313629,0.01,1,208940,208517,423
14564161,59.6748,26.4942,489,32448,0.0302726,0.09,1,209008,208519,489
14567081,40.735,54.8988,463,32513,0.0620545,0.19,1,209044,208581,463
14570001,9.74699,37.3798,432,32578,0.0684109,0.19,1,209046,208614,432
14572921,56.3494,9.07595,498,32643,0.101682,0.21,1,209114,208616,498
14575841,30.4699,55.4152,455,32708,0.108336,0.21,1,209138,208683,455
14578761,7.69398,30.283,433,32773,0.109667,0.25,1,209140,208707,433
14581681,14.3388,19.6566,432,32838,0.109933,0.19,1,209156,208724,432
14584601,26.8678,28.7313,431,32902,0.157987,0.13,1,209186,208755,431
14587521,32.5736,35.3463,428,32966,0.135597,0.01,1,209220,208792,428
14590441,119.315,123.869,423,33030,0.115119,0.03,1,209361,208938,423
14593361,25.4629,26.3738,423,33094,0.111024,0.03,1,209363,208940,423
14596281,59.4926,59.6748,423,33158,0.0222048,0.07,1,209431,209008,423
14599201,42.2985,40.735,425,33222,0.044441,0.07,1,209469,209044,425
14602121,10.0597,9.74699,425,33286,0.0168882,0.11,1,209471,209046,425
14605041,58.0119,56.3494,427,33350,0.0913776,0.11,1,209541,209114,427
14607961,30.8024,30.4699,427,33413,0.138276,0.11,1,209565,209138,427
14610881,7.76048,7.69398,427,33476,0.147655,0.11,1,209567,209140,427
14613801,14.3521,14.3388,427,33539,0.117531,0.17,1,209583,209156,427
14616721,27.6704,26.8678,428,33602,0.175506,0.13,1,209614,209186,428
14619641,32.7341,32.5736,428,33665,0.155101,0.11,1,209648,209220,428
14622561,116.947,119.315,425,33728,0.19902,0.11,1,209786,209361,425
14625481,24.9894,25.4629,425,33791,0.239804,0,1,209788,209363,425
14628401,57.7979,59.4926,423,33854,0.215961,0.05,1,209854,209431,423
14631321,41.9596,42.2985,423,33916,0.211192,0.01,1,209892,209469,423
14634241,9.99191,10.0597,423,33978,0.210238,0.11,1,209894,209471,423
14637161,61.1984,58.0119,427,34040,0.258048,0.15,1,209968,209541,427
14640081,31.4397,30.8024,427,34102,0.29961,0.15,1,209992,209565,427
14643001,7.88793,7.76048,427,34164,0.307922,0.11,1,209994,209567,427
14645921,14.3776,14.3521,427,34226,0.349584,0.11,1,210010,209583,427
14648841,28.4755,2.87042,459,34288,0.317917,0.19,1,210042,209583,459
14651761,33.6951,25.3741,463,34350,0.311583,0.15,1,210077,209614,463
14654681,118.739,32.2748,569,34412,0.310317,0.21,1,210217,209648,569
14657601,25.3478,116.855,433,34473,0.310063,0.25,1,210219,209786,433
14660521,56.2696,24.971,495,34534,0.326013,0.21,1,210283,209788,495
14663441,43.2539,57.7942,469,34595,0.329203,0.21,1,210323,209854,469
14666361,10.2508,41.9588,433,34656,0.329841,0.21,1,210325,209892,433
14669281,64.4502,9.99177,509,34717,0.409968,0.27,1,210403,209894,509
14672201,32.89,61.1984,460,34778,0.441994,0.31,1,210428,209968,460
14675121,8.17801,31.4397,438,34839,0.448399,0.31,1,210430,209992,438
14678041,14.4356,7.88793,452,34900,0.46568,0.36,1,210446,209994,452
14680961,29.2871,14.3776,469,34961,0.629136,0.31,1,210479,210010,469
14683881,33.0574,28.4755,471,35021,0.677827,0.31,1,210513,210042,471
14686801,118.611,33.6951,576,35081,0.735565,0.31,1,210653,210077,576
14689721,25.3223,118.739,438,35141,0.747113,0.31,1,210655,210217,438
14692641,57.0645,25.3478,501,35201,0.749423,0.33,1,210720,210219,501
14695561,43.4129,56.2696,477,35261,0.749884,0.33,1,210760,210283,477
14698481,10.2826,43.2539,439,35321,0.749977,0.33,1,210762,210323,439
14701401,68.4565,10.2508,520,35381,0.685995,0.43,1,210845,210325,520
14704321,34.4913,64.4502,468,35441,0.673199,0.45,1,210871,210403,468
14707241,8.49826,32.89,445,35501,0.67064,0.45,1,210873,210428,445
14710161,23.2997,8.17801,470,35561,0.734128,0.47,1,210900,210430,470
14713081,31.0599,14.4356,487,35620,0.810826,0.67,2,210933,210446,487
14716001,35.012,29.2871,490,35679,0.826165,0.69,2,210969,210479,490
14718921,8.6024,33.0574,458,35738,0.829233,0.75,2,210971,210513,458
14721841,115.32,118.611,460,35797,0.925847,0.75,2,211113,210653,460
14724761,24.6641,25.3223,460,35856,0.961169,0.75,2,211115,210655,460
14847401,29,24,512,38253,0.79,1,2,212775,212263,512
14850321,26.6,20.8,518,38308,0.726,1,1,212801,212283,518
14853241,25.32,18.56,525,38363,0.6812,1,1,212826,212301,525
14856161,26.664,33.312,515,38418,0.62424,1,1,212853,212338,515
14859081,25.3328,53.0624,482,38473,0.596848,1,1,212878,212396,482
14862001,95.4666,24.2125,578,38528,0.46337,1,1,212991,212413,578
14864921,56.6933,99.2425,507,38583,0.420674,1,1,213038,212531,507
14867841,12.9387,42.2485,481,38638,0.380135,1,1,213040,212559,481
14870761,41.7877,47.6497,481,38693,0.436027,1,1,213089,212608,481
14873681,24.3575,32.7299,472,38748,0.463205,0.95,1,213109,212637,472
14876601,25.6715,31.346,467,38803,0.484641,0.87,1,213135,212668,467
14879521,43.5343,45.4692,466,38857,0.520928,0.81,1,213183,212717,466
14882441,32.7069,32.2938,467,38911,0.512186,0.79,1,213213,212746,467
14885361,28.1414,29.6588,465,38965,0.462437,0.71,1,213240,212775,465
14888281,21.6283,26.7318,459,39019,0.500487,0.67,1,213260,212801,459
14891201,20.3257,25.3464,454,39073,0.460097,0.61,1,213280,212826,454
14894121,23.2651,26.6693,451,39127,0.46802,0.59,1,213304,212853,451
14897041,23.853,25.3339,450,39181,0.453604,0.43,1,213328,212878,450
14899961,91.1706,95.4668,445,39235,0.530721,0.41,1,213436,212991,445
14902881,54.2341,56.6934,443,39289,0.546144,0.37,1,213481,213038,443
14905801,12.4468,12.9387,443,39343,0.549229,0.45,1,213483,213040,443
14908721,43.2894,41.7877,445,39397,0.501846,0.47,1,213534,213089,445
14911641,23.0579,24.3575,443,39451,0.524369,0.49,1,213552,213109,443
14914561,26.2116,25.6715,444,39505,0.512874,0.53,1,213579,213135,444
14917481,46.0423,43.5343,447,39558,0.478575,0.51,1,213630,213183,447
14920401,32.4085,32.7069,446,39611,0.471715,0.45,1,213659,213213,446
14923321,26.4817,28.1414,444,39664,0.486343,0.51,1,213684,213240,444
14926241,22.0963,21.6283,445,39717,0.473269,0.45,1,213705,213260,445
14929161,18.8193,20.3257,443,39770,0.470654,0.47,1,213723,213280,443
14932081,23.7639,23.2651,444,39823,0.486131,0.45,1,213748,213304,444
14935001,23.9528,23.853,444,39876,0.457226,0.55,1,213772,213328,444
14937921,94.3906,91.1706,448,39929,0.547445,0.55,1,213884,213436,448
14940841,54.0781,54.2341,447,39982,0.581489,0.55,1,213928,213481,447
14943761,12.4156,12.4468,447,40035,0.588298,0.49,1,213930,213483,447
14946681,41.6831,43.2894,445,40088,0.57366,0.49,1,213979,213534,445
14949601,22.7366,8.65787,463,40141,0.570732,0.53,1,213997,213534,463
14952521,25.3473,16.1316,471,40194,0.570146,0.51,1,214023,213552,471
14955441,45.8695,24.8263,495,40247,0.618029,0.47,1,214074,213579,495
14958361,30.7739,45.7653,471,40299,0.611606,0.47,1,214101,213630,471
14961281,28.5548,32.3531,470,40351,0.610321,0.49,1,214129,213659,470
14964201,21.711,26.4706,465,40403,0.610064,0.47,1,214149,213684,465
14967121,17.1422,22.0941,460,40455,0.610013,0.47,1,214165,213705,460
14970041,24.2284,18.8188,468,40507,0.626003,0.49,1,214191,213723,468
14972961,25.6457,23.7638,469,40559,0.629201,0.45,1,214217,213748,469
14975881,96.3291,23.9528,559,40611,0.70984,0.57,1,214331,213772,559
14978801,55.2658,94.3905,492,40663,0.789968,0.59,2,214376,213884,492
14981721,12.6532,54.0781,450,40715,0.805994,0.59,2,214378,213928,450
14984641,42.5306,12.4156,498,40767,0.825199,0.57,2,214428,213930,498
14987561,22.9061,41.6831,467,40819,0.84504,0.57,2,214446,213979,467
14990481,25.3812,22.7366,475,40871,0.849008,0.57,2,214472,213997,475
14993401,48.2762,25.3473,503,40923,0.865802,0.63,2,214526,214023,503
14996321,30.4552,45.8695,478,40975,0.86916,0.61,2,214552,214074,478
14999241,28.491,30.7739,479,41027,0.885832,0.61,2,214580,214101,479
15002161,21.6982,28.5548,471,41078,0.889166,0.61,2,214600,214129,471
15005081,17.9396,21.711,468,41129,0.873833,0.61,2,214617,214149,468
15008001,24.3879,17.1422,478,41180,0.870767,0.63,2,214643,214165,478
15010921,25.6776,24.2284,478,41231,0.870153,0.63,2,214669,214191,478
15013841,101.136,25.6457,572,41282,0.806031,0.73,2,214789,214217,572
15016761,59.4271,96.3291,507,41333,0.793206,0.81,2,214838,214331,507
15019681,13.4854,55.2658,464,41384,0.822641,0.81,2,214840,214376,464
15022601,43.4971,12.6532,513,41435,0.860528,0.83,2,214891,214378,513
15025521,23.0994,42.5306,481,41486,0.868106,0.85,2,214909,214428,481
15028441,25.4199,22.9061,489,41537,0.885621,0.85,2,214935,214446,489
15031361,6.68398,25.3812,465,41588,0.889124,0.87,2,214937,214472,465
15034281,44.5368,48.2762,465,41639,0.921825,0.87,2,214991,214526,465
15037201,30.5074,30.4552,466,41690,0.928365,0.89,2,215018,214552,466
15260581,75,112,459,20647,0.07,0.01,1,217697,217238,459
15263501,67,74.4,459,20750,0.014,0.03,1,217762,217303,459
15266421,79.8,84.48,455,20852,0.0268,0.03,1,217845,217390,455
15269341,61.56,59.296,459,20954,0.00536,0.07,1,217902,217443,459
15272261,37.912,50.2592,443,21055,0.057072,0.11,1,217934,217491,443
15275181,19.5824,31.6518,431,21156,0.0994144,0.01,1,217949,217518,431
15278101,82.3165,89.5304,425,21256,0.0918829,0.07,1,218047,217622,425
15281021,76.4633,77.9061,425,21356,0.0423766,0,1,218122,217697,425
15283941,65.6927,67.5812,423,21455,0.00847531,0.03,1,218185,217762,423
15286861,83.5385,79.9162,428,21554,0.0256951,0,1,218273,217845,428
15289781,57.5077,61.5833,422,21652,0.00513901,0.07,1,218324,217902,422
15292701,40.3015,37.9166,426,21750,0.0250278,0.11,1,218360,217934,426
15295621,19.2603,19.5833,425,21848,0.0450056,0.09,1,218374,217949,425
15298541,83.0521,82.3167,426,21945,0.0970011,0.03,1,218473,218047,426
15301461,75.0104,76.4633,424,22042,0.0434002,0,1,218546,218122,424
15304381,63.8021,65.6927,422,22138,0.00868004,0.03,1,218607,218185,422
15307301,83.1604,83.5385,422,22234,0.025736,0,1,218695,218273,422
15310221,57.4321,57.5077,422,22329,0.0051472,0.03,1,218746,218324,422
15313141,40.2864,40.3015,422,22424,0.0730294,0.05,1,218782,218360,422
15316061,20.0573,19.2603,423,22519,0.0706059,0.05,1,218797,218374,423
15318981,85.6115,3.85206,525,22613,0.118121,0.11,1,218899,218374,525
15321901,71.5223,79.9704,494,22707,0.159624,0.03,1,218967,218473,494
15324821,63.1045,74.3941,482,22800,0.0319248,0,1,219028,218546,482
15327741,83.0209,63.6788,509,22893,0.030385,0.03,1,219116,218607,509
15330661,57.4042,83.1358,472,22986,0.00607699,0,1,219167,218695,472
15333581,41.8808,57.4272,459,23078,0.0572154,0.09,1,219205,218746,459
15336501,19.5762,40.2854,437,23170,0.0674431,0.07,1,219219,218782,437
15339421,89.5152,20.0571,529,23261,0.133489,0.13,1,219326,218797,529
15342341,72.303,85.6114,495,23352,0.194698,0.17,1,219394,218899,495
15345261,58.4606,71.5223,482,23443,0.0389395,0,1,219449,218967,482
15348181,82.0921,63.1045,509,23533,0.0317879,0.03,1,219537,219028,509
15351101,57.2184,83.0209,472,23623,0.0143576,0,1,219588,219116,472
15354021,44.2437,57.4042,462,23713,0.0268715,0.07,1,219629,219167,462
15356941,20.0487,41.8808,438,23802,0.0293743,0.07,1,219643,219205,438
15359861,93.6097,19.5762,536,23891,0.0938749,0.15,1,219755,219219,536
15362781,74.7219,89.5152,499,23980,0.138775,0.21,1,219825,219326,499
15365701,16.5444,72.303,433,24068,0.147755,0,1,219827,219394,433
15368621,39.3089,58.4606,423,24156,0.085551,0.03,1,219872,219449,423
15371541,78.2618,82.0921,423,24244,0.0411102,0.01,1,219960,219537,423
15374461,56.4524,57.2184,423,24331,0.072222,0.03,1,220011,219588,423
15377381,44.0905,44.2437,423,24418,0.0384444,0.03,1,220052,219629,423
15380301,20.0181,20.0487,423,24505,0.0796889,0.11,1,220066,219643,423
15383221,96.8036,93.6097,427,24591,0.0239378,0.15,1,220182,219755,427
15386141,76.9607,74.7219,429,24677,0.0767876,0.15,1,220254,219825,429
15389061,16.9921,16.5444,429,24763,0.0873575,0.07,1,220256,219827,429
15391981,33.7984,39.3089,422,24849,0.0734715,0.03,1,220294,219872,422
15394901,77.9597,78.2618,423,24934,0.0226943,0.08,1,220383,219960,423
15397821,56.3919,56.4524,423,25019,0.0445389,0.03,1,220434,220011,423
15400741,44.8784,44.0905,424,25104,0.208908,0.09,1,220476,220052,424
15403661,20.1757,20.0181,424,25188,0.273782,0.01,1,220490,220066,424
15406581,96.0351,96.8036,423,25272,0.318756,0.09,1,220605,220182,423
15409501,77.607,76.9607,424,25356,0.375751,0.09,1,220678,220254,424
15412421,17.1214,16.9921,424,25440,0.38715,0.09,1,220680,220256,424
15415341,32.2243,3.39843,460,25523,0.38943,0.07,1,220716,220256,460
15418261,76.8449,31.0797,510,25606,0.293886,0.01,1,220804,220294,510
15421181,64.169,77.4159,482,25689,0.306777,0.05,1,220865,220383,482
15424101,48.0338,56.2832,475,25771,0.341355,0.25,1,220909,220434,475
15427021,20.8068,44.8566,447,25853,0.380271,0.29,1,220923,220476,447
15429941,97.7613,20.1713,550,25935,0.420054,0.33,1,221040,220490,550
15432861,81.1523,96.0343,512,26017,0.492011,0.39,1,221117,220605,512
15435781,17.8305,77.6069,441,26098,0.538402,0.39,1,221119,220678,441
15438701,33.9661,17.1214,477,26179,0.57968,0.39,1,221157,220680,477
15441621,71.5932,32.2243,522,26260,0.603936,0.27,1,221238,220716,522
15444541,66.3186,76.8449,499,26341,0.736787,0.31,1,221303,220804,499
15447461,49.2637,64.169,483,26421,0.795357,0.35,2,221348,220865,483
15450381,21.8527,48.0338,454,26501,0.823072,0.39,2,221363,220909,454
15453301,99.5706,20.8068,559,26581,0.828614,0.43,2,221482,220923,559
15456221,84.7141,97.7613,523,26661,0.829723,0.51,2,221563,221040,523
15459141,18.5428,81.1523,448,26740,0.845945,0.55,2,221565,221117,448
15462061,37.3086,17.8305,488,26819,0.881189,0.59,2,221607,221119,488
15464981,73.0617,33.9661,532,26898,0.920238,0.61,2,221689,221157,532
15467901,16.2123,71.5932,453,26977,0.928048,0.77,2,221691,221238,453
15540901,30,24,511,28876,0.69,1,1,223049,222538,511
15543821,58,30.4,544,28949,0.61,1,1,223114,222570,544
15546741,38,63.68,505,29022,0.562,1,1,223147,222642,505
15549661,34,34.336,511,29095,0.5524,1,1,223180,222669,511
15552581,37.2,38.8672,509,29168,0.42248,1,1,223218,222709,509
15555501,30.64,45.3734,491,29241,0.364496,1,1,223247,222756,491
15558421,102.928,26.6747,590,29313,0.224899,1,1,223368,222778,590
15561341,87.7856,100.535,555,29385,0.0689798,0.83,1,223452,222897,555
15564261,36.7571,93.707,487,29457,0.053796,0.81,1,223476,222989,487
15567181,29.7514,42.7414,485,29529,0.0347592,0.69,1,223504,223019,485
15570101,53.1503,32.5483,514,29601,0.00695184,0.59,1,223563,223049,514
15573021,39.4301,58.5097,485,29673,0.0573904,0.55,1,223599,223114,485
15575941,28.686,38.1019,478,29744,0.0674781,0.55,1,223625,223147,478
15578861,31.3372,34.0204,477,29815,0.0854956,0.39,1,223657,223180,477
15581781,7.86744,37.2041,441,29886,0.0730991,0.35,1,223659,223218,441
15584701,21.5735,30.6408,437,29957,0.0866198,0.19,1,223684,223247,437
15587621,90.7147,102.928,424,30028,0.137324,0.03,1,223792,223368,424
15590541,83.7429,87.7856,422,30098,0.131465,0.05,1,223874,223452,422
15593461,36.7486,36.7571,423,30168,0.162293,0.03,1,223899,223476,423
15596381,29.7497,29.7514,423,30238,0.104459,0,1,223927,223504,423
15599301,55.5499,53.1503,426,30308,0.0288917,0.07,1,223989,223563,426
15602221,39.91,39.4301,426,30378,0.0457783,0.07,1,224025,223599,426
15605141,28.782,28.686,426,30448,0.0491557,0.09,1,224051,223625,426
15608061,31.3564,31.3372,426,30518,0.129831,0.07,1,224083,223657,426
15610981,7.87128,7.86744,426,30587,0.145966,0.09,1,224085,223659,426
15613901,19.9743,21.5735,424,30656,0.149193,0.15,1,224108,223684,424
15616821,92.7949,90.7147,427,30725,0.149839,0.13,1,224219,223792,427
15619741,83.359,83.7429,426,30794,0.165968,0.17,1,224300,223874,426
15622661,38.2718,36.7486,428,30863,0.121194,0.09,1,224327,223899,428
15625581,26.8544,29.7497,424,30932,0.144239,0.01,1,224351,223927,424
15628501,54.1709,55.5499,423,31000,0.132848,0.05,1,224412,223989,423
15631421,40.4342,39.91,424,31068,0.11457,0.05,1,224449,224025,424
15634341,28.8868,28.782,424,31136,0.110914,0.15,1,224475,224051,424
15637261,34.5774,31.3564,428,31204,0.190183,0.15,1,224511,224083,428
15640181,8.51547,7.87128,428,31272,0.206037,0.15,1,224513,224085,428
15643101,19.3031,19.9743,427,31340,0.209207,0.15,1,224535,224108,427
15646021,91.8606,3.99485,537,31408,0.241841,0.15,1,224645,224108,537
15648941,83.9721,89.599,508,31475,0.312368,0.17,1,224727,224219,508
15651861,37.5944,82.7198,453,31542,0.326474,0.11,1,224753,224300,453
15654781,26.7189,38.144,450,31609,0.329295,0.15,1,224777,224327,450
15657701,51.7438,26.8288,484,31676,0.361859,0.13,1,224835,224351,484
15660621,40.7488,54.1658,461,31743,0.368372,0.11,1,224873,224412,461
15663541,30.5498,40.4332,452,31810,0.369674,0.11,1,224901,224449,452
15666461,38.1099,28.8866,466,31877,0.449935,0.21,1,224941,224475,466
15669381,9.22199,34.5773,432,31943,0.465987,0.21,1,224943,224511,432
15672301,20.2444,8.51547,453,32009,0.501197,0.21,1,224966,224513,453
15675221,93.6489,19.3031,543,32075,0.57224,0.25,1,225078,224535,543
15678141,87.5298,91.8606,519,32141,0.666448,0.33,1,225164,224645,519
15681061,38.306,83.9721,463,32207,0.68529,0.33,1,225190,224727,463
15683981,26.8612,37.5944,461,32273,0.689058,0.33,1,225214,224753,461
15686901,53.3722,26.7189,497,32339,0.689812,0.37,1,225274,224777,497
15689821,41.0744,51.7438,477,32404,0.689962,0.37,1,225312,224835,477
15692741,30.6149,40.7488,467,32469,0.689992,0.37,1,225340,224873,467
15695661,42.123,30.5498,484,32534,0.641999,0.47,1,225385,224901,484
15698581,10.0246,38.1099,446,32599,0.6324,0.47,1,225387,224941,446
15701501,22.8049,9.22199,470,32664,0.66248,0.51,1,225413,224943,470
15704421,96.561,20.2444,562,32729,0.652496,0.59,1,225528,224966,562
15707341,20.9122,93.6489,452,32794,0.650499,0.69,1,225530,225078,452
15710261,76.1824,87.5298,456,32858,0.7461,0.69,1,225620,225164,456
15713181,36.0365,38.306,456,32922,0.78122,0.69,2,225646,225190,456
15716101,26.4073,26.8612,456,32986,0.756244,0.69,2,225670,225214,456
15719021,53.2815,53.3722,456,33050,0.783249,0.69,2,225730,225274,456
15721941,41.0563,41.0744,456,33114,0.82065,0.69,2,225768,225312,456
15724861,30.6113,30.6149,456,33178,0.82813,0.63,2,225796,225340,456
15727781,39.7223,42.123,453,33242,0.797626,0.63,2,225838,225385,453
15730701,9.54445,10.0246,453,33306,0.791525,0.67,2,225840,225387,453
15733621,25.1089,22.8049,456,33370,0.774305,0.65,2,225869,225413,456
15736541,96.2218,96.561,455,33433,0.818861,0.65,2,225983,225528,455
15739461,20.8444,20.9122,455,33496,0.827772,0.77,2,225985,225530,455
15742381,78.5689,76.1824,458,33559,0.861554,0.79,2,226078,225620,458
15745301,37.3138,36.0365,459,33622,0.836311,0.75,2,226105,225646,459
15748221,26.6628,26.4073,459,33685,0.863262,0.79,2,226129,225670,459
15751141,54.9326,53.2815,461,33748,0.868652,0.83,2,226191,225730,461
15754061,41.3865,41.0563,461,33811,0.86973,0.83,2,226229,225768,461
15756981,30.6773,30.6113,461,33874,0.869946,0.79,2,226257,225796,461
15759901,39.7355,39.7223,461,33936,0.869989,0.79,2,226299,225838,461
15762821,9.54709,9.54445,461,33998,0.869998,0.77,2,226301,225840,461
15765741,22.7094,25.1089,458,34060,0.87,0.83,2,226327,225869,458
15873781,67,66,495,36287,0.63,1,1,227971,227476,495
15876701,43.8,43.6,495,36345,0.646,1,1,228009,227514,495
15879621,37.56,29.52,505,36403,0.6012,1,1,228045,227540,505
15882541,29.112,40.304,489,36461,0.48024,1,1,228072,227583,489
15885461,28.2224,32.8608,486,36519,0.440048,1,1,228100,227614,486
15888381,36.0445,39.3722,483,36577,0.48001,1,1,228138,227655,483
15891301,35.2089,35.8744,483,36635,0.440002,0.9,1,228173,227690,483
15894221,24.6418,28.7749,478,36693,0.352,0.92,1,228195,227717,478
15897141,18.5284,24.955,471,36751,0.3504,0.99,1,228212,227741,471
15900061,21.3057,23.391,470,36809,0.38208,0.81,1,228234,227764,470
15902981,84.2611,92.6782,460,36866,0.404416,0.81,1,228334,227874,460
15905901,37.6522,42.5356,456,36923,0.376883,0.63,1,228360,227904,456
15908821,54.7304,62.1071,448,36980,0.403377,0.65,1,228419,227971,448
15911741,39.7461,42.8214,446,37037,0.424675,0.59,1,228455,228009,446
15914661,37.5492,37.3643,447,37094,0.492935,0.45,1,228492,228045,447
15917581,27.5098,29.0729,445,37151,0.554587,0.45,1,228517,228072,445
15920501,26.302,5.81457,471,37208,0.566917,0.43,1,228543,228072,471
15923421,34.0604,23.5629,479,37265,0.585383,0.49,1,228579,228100,479
15926341,31.6121,35.1126,472,37322,0.589077,0.43,1,228610,228138,472
15929261,23.1224,35.0225,458,37379,0.573815,0.33,1,228631,228173,458
15932181,19.8245,24.6045,455,37436,0.586763,0.35,1,228650,228195,455
15935101,22.3649,18.5209,461,37492,0.589353,0.39,1,228673,228212,461
15938021,84.473,21.3042,539,37548,0.637871,0.41,1,228773,228234,539
15940941,37.6946,84.2608,465,37604,0.679574,0.37,1,228799,228334,465
15943861,56.3389,37.6522,500,37660,0.703915,0.41,1,228860,228360,500
15946781,41.6678,54.7304,479,37716,0.724783,0.43,1,228898,228419,479
15949701,40.3336,39.7461,483,37772,0.808957,0.51,2,228938,228455,483
15952621,28.8667,37.5492,472,37828,0.841791,0.57,2,228964,228492,472
15955541,28.9733,27.5098,476,37884,0.832358,0.57,2,228993,228517,476
15958461,32.9947,26.302,484,37940,0.846472,0.59,2,229027,228543,484
15961381,32.9989,34.0604,481,37996,0.881294,0.59,2,229060,228579,481
15964301,24.1998,31.6121,472,38052,0.888259,0.57,2,229082,228610,472
15967221,19.24,23.1224,469,38108,0.905652,0.59,2,229100,228631,469
15970141,23.848,19.8245,475,38163,0.92513,0.59,2,229125,228650,475
15973061,85.5696,22.3649,553,38218,0.929026,0.65,2,229226,228673,553
15975981,39.5139,84.473,481,38273,0.897805,0.69,2,229254,228773,481
15978901,58.3028,37.6946,518,38328,0.875561,0.71,2,229317,228799,518
15981821,44.4606,56.3389,498,38383,0.887112,0.73,2,229358,228860,498
15984741,43.2921,41.6678,503,38438,0.889422,0.83,2,229401,228898,503
15987661,29.4584,40.3336,489,38493,0.889885,0.85,2,229427,228938,489
15990581,28.2917,28.8667,491,38548,0.921977,0.83,2,229455,228964,491
15993501,33.6583,28.9733,497,38603,0.912395,0.85,2,229490,228993,497
15996421,8.33167,32.9947,465,38658,0.910479,0.89,2,229492,229027,465
15999341,28.8663,32.9989,466,38713,0.942096,0.89,2,229526,229060,466
16168701,87,106,511,19203,0.39,1,1,231805,231294,511
16171621,84.6,78,524,19314,0.31,1,1,231889,231365,524
16174541,58.52,82,493,19424,0.198,0.95,1,231941,231448,493
16177461,62.104,79.6,477,19533,0.2236,0.84,1,232004,231527,477
16180381,30.8208,35.92,475,19642,0.24472,0.87,1,232027,231552,475
16183301,114.964,36.784,574,19750,0.232944,0.55,1,232163,231589,574
16186221,89.3928,110.557,528,19857,0.230589,0.39,1,232246,231718,528
16189141,77.0786,91.7114,515,19964,0.310118,0.29,1,232320,231805,515
16192061,56.2157,85.5423,482,20070,0.310024,0.17,1,232371,231889,482
16194981,61.6431,58.7085,493,20176,0.374005,0.23,1,232434,231941,493
16197901,31.5286,62.1417,454,20281,0.418801,0.25,1,232458,232004,454
16200821,114.306,30.8283,566,20386,0.45976,0.23,1,232593,232027,566
16203741,92.4611,114.966,517,20490,0.531952,0.23,1,232680,232163,517
16206661,80.0922,89.3931,511,20594,0.61039,0.33,1,232757,232246,511
16209581,56.8184,77.0786,488,20697,0.658078,0.31,1,232808,232320,488
16212501,64.1637,56.2157,503,20799,0.667616,0.39,1,232874,232371,503
16215421,33.6327,61.6431,466,20901,0.669523,0.43,1,232900,232434,466
16218341,117.127,31.5286,580,21002,0.749905,0.47,1,233038,232458,580
16221261,25.0253,114.306,447,21103,0.765981,0.55,2,233040,232593,447
16224181,76.2051,92.4611,449,21204,0.785196,0.63,2,233129,232680,449
16227101,80.041,80.0922,453,21304,0.789039,0.67,2,233210,232757,453
16230021,58.4082,56.8184,455,21404,0.853808,0.67,2,233263,232808,455
16232941,64.4816,64.1637,455,21503,0.898762,0.67,2,233329,232874,455
16235861,33.6963,33.6327,455,21602,0.875752,0.77,2,233355,232900,455
16238781,121.139,117.127,460,21700,0.87115,0.77,2,233498,233038,460
16241701,25.8279,25.0253,460,21798,0.87023,0.79,2,233500,233040,460
16244621,75.5656,76.2051,459,21895,0.902046,0.79,2,233588,233129,459
16247541,82.3131,80.041,462,21992,0.892409,0.87,2,233672,233210,462
16250461,59.6626,58.4082,463,22088,0.906482,0.91,2,233726,233263,463
16253381,66.3325,64.4816,465,22184,0.909296,0.87,2,233794,233329,465
16256301,34.0665,33.6963,465,22280,0.909859,0.87,2,233820,233355,465
16329301,83,81,487,24549,0.33,1,1,235480,234993,487
16332221,80.6,84.2,482,24635,0.122,1,1,235560,235078,482
16335141,40.12,36.84,487,24721,0.0324,1,1,235590,235103,487
16338061,41.624,39.368,489,24807,0.03048,1,1,235632,235143,489
16340981,63.5248,64.6736,487,24892,0.030096,1,1,235701,235214,487
16343901,33.505,34.5347,486,24977,0.0300192,0.67,1,235727,235241,486
16346821,95.501,122.107,453,25062,0.0300038,0.67,1,235838,235385,453
16349741,27.1002,34.0214,451,25147,0.00600077,0.33,1,235848,235397,451
16352661,59.82,73.2043,436,25231,0.0732002,0.07,1,235916,235480,436
16355581,67.164,78.6409,425,25315,0.07064,0.01,1,235985,235560,425
16358501,35.0328,39.7282,422,25399,0.102128,0.03,1,236012,235590,422
16361421,42.2066,41.5456,424,25482,0.0444256,0.03,1,236056,235632,424
16364341,61.2413,8.30913,490,25565,0.0488851,0.03,1,236122,235632,490
16367261,33.8483,56.8618,448,25648,0.049777,0.03,1,236149,235701,448
16370181,94.7697,32.1724,532,25731,0.0179554,0.03,1,236259,235727,532
16373101,26.9539,95.2345,431,25813,0.0595911,0,1,236269,235838,431
16376021,62.1908,27.0469,492,25895,0.115918,0.09,1,236340,235848,492
16378941,66.8382,59.8094,492,25977,0.111184,0.07,1,236408,235916,492
16381861,35.7676,67.1619,451,26059,0.190237,0.11,1,236436,235985,451
16384781,42.3535,35.0324,468,26140,0.0780474,0.03,1,236480,236012,468
16387701,58.8707,42.2065,487,26221,0.0236095,0.05,1,236543,236056,487
16390621,33.3741,61.2413,448,26302,0.0287219,0.05,1,236570,236122,448
16393541,97.0748,33.8483,534,26383,0.0777444,0.01,1,236683,236149,534
16396461,25.815,94.7697,432,26463,0.0875489,0.07,1,236691,236259,432
16399381,64.363,26.9539,496,26543,0.0895098,0.13,1,236765,236269,496
16402301,70.4726,62.1908,497,26623,0.153902,0.11,1,236837,236340,497
16405221,36.4945,66.8382,457,26703,0.16678,0.21,1,236865,236408,457
16408141,37.6989,35.7676,467,26782,0.169356,0.05,1,236903,236436,467
16411061,57.1398,42.3535,485,26861,0.0738712,0.01,1,236965,236480,485
16413981,13.028,58.8707,424,26940,0.0547742,0.03,1,236967,236543,424
16416901,24.2056,33.3741,424,27019,0.0829549,0.09,1,236994,236570,424
16419821,96.8411,97.0748,426,27097,0.072591,0.09,1,237109,236683,426
16422741,25.7682,25.815,426,27175,0.0705182,0.09,1,237117,236691,426
16425661,65.1536,64.363,427,27253,0.118104,0.17,1,237192,236765,427
16428581,73.0307,70.4726,430,27331,0.0956207,0.17,1,237267,236837,430
16431501,37.0061,36.4945,430,27408,0.0591241,0.17,1,237295,236865,430
16434421,37.8012,37.6989,430,27485,0.0998248,0.05,1,237333,236903,430
16437341,53.1602,57.1398,425,27562,0.123965,0.05,1,237390,236965,425
16440261,12.232,13.028,425,27639,0.128793,0.09,1,237392,236967,425
16443181,24.0464,24.2056,425,27716,0.145759,0.07,1,237419,236994,425
16446101,96.8093,96.8411,425,27792,0.197152,0.07,1,237534,237109,425
16449021,25.7619,25.7682,425,27868,0.20743,0.13,1,237542,237117,425
16451941,65.9524,65.1536,426,27944,0.257486,0.09,1,237618,237192,426
16454861,71.5905,73.0307,424,28020,0.251497,0.05,1,237691,237267,424
16457781,37.5181,37.0061,425,28096,0.282299,0.11,1,237720,237295,425
16460701,38.7036,37.8012,426,28171,0.27246,0.13,1,237759,237333,426
16463621,54.9407,53.1602,428,28246,0.270492,0.13,1,237818,237390,428
16466541,12.5881,12.232,428,28321,0.270098,0.15,1,237820,237392,428
16469461,24.9176,24.0464,429,28396,0.27002,0.15,1,237848,237419,429
16472381,96.9835,4.80928,544,28471,0.286004,0.21,1,237963,237419,544
16475301,25.7967,92.9619,437,28545,0.289201,0.21,1,237971,237534,437
16478221,68.3593,24.9924,508,28619,0.35384,0.27,1,238050,237542,508
16481141,72.8719,65.7985,506,28693,0.430768,0.25,1,238124,237618,506
16484061,37.7744,71.5597,462,28767,0.462154,0.29,1,238153,237691,462
16486981,39.5549,37.5119,473,28841,0.484431,0.27,1,238193,237720,473
16489901,55.111,38.7024,493,28914,0.536886,0.27,1,238252,237759,493
16492821,12.6222,54.9405,436,28987,0.547377,0.27,1,238254,237818,436
16495741,24.9244,12.5881,462,29060,0.549475,0.27,1,238282,237820,462
16498661,97.7849,24.9176,550,29133,0.533895,0.29,1,238398,237848,550
16501581,26.757,96.9835,444,29206,0.530779,0.29,1,238407,237963,444
16504501,71.7514,25.7967,519,29278,0.578156,0.37,1,238490,237971,519
16507421,75.9503,68.3593,517,29350,0.635631,0.45,1,238567,238050,517
16510341,39.1901,72.8719,473,29422,0.647126,0.47,1,238597,238124,473
16513261,41.438,37.7744,486,29494,0.697425,0.49,1,238639,238153,486
16516181,57.0876,39.5549,507,29566,0.723485,0.55,1,238700,238193,507
16519101,13.0175,55.111,450,29638,0.728697,0.55,1,238702,238252,450
16522021,25.0035,12.6222,476,29709,0.745739,0.55,1,238730,238254,476
16524941,97.8007,24.9244,564,29780,0.781148,0.53,2,238846,238282,564
16527861,21.1601,97.7849,450,29851,0.78823,0.53,2,238848,238398,450
16530781,10.632,26.757,449,29922,0.821646,0.59,2,238856,238407,449
16533701,70.9264,71.7514,452,29993,0.860329,0.65,2,238942,238490,452
16536621,77.3853,75.9503,454,30064,0.916066,0.65,2,239021,238567,454
16539541,41.0771,39.1901,456,30134,0.911213,0.71,2,239053,238597,456
16542461,42.6154,41.438,457,30204,0.910243,0.73,2,239096,238639,457
16545381,58.1231,57.0876,458,30274,0.926049,0.73,2,239158,238700,458
16548301,13.2246,13.0175,458,30344,0.92921,0.75,2,239160,238702,458
16551221,25.8449,25.0035,459,30414,0.913842,0.79,2,239189,238730,459
16554141,101.169,97.8007,463,30484,0.926768,0.79,2,239309,238846,463
16557061,21.8338,21.1601,463,30553,0.929354,0.83,2,239311,238848,463
16670941,26,25,494,33145,0.71,1,1,241107,240613,494
16673861,92.4,92.2,494,33209,0.502,1,1,241216,240722,494
16676781,44.08,32.84,508,33273,0.4124,1,1,241248,240740,508
16679701,29.616,23.368,513,33337,0.25048,1,1,241274,240761,513
16682621,16.3232,44.6736,476,33400,0.234096,1,1,241287,240811,476
16685541,72.0646,75.3347,479,33463,0.0868192,1,1,241373,240894,479
16688461,42.4129,41.4669,481,33526,0.0893638,1,1,241408,240927,481
16691381,22.8826,29.8934,472,33589,0.0738728,1,1,241426,240954,472
16694301,34.1765,37.9787,469,33652,0.0547746,0.91,1,241463,240994,469
16697221,46.8353,53.1957,462,33715,0.0509549,0.79,1,241513,241051,462
16700141,29.3671,34.6391,457,33778,0.034191,0.71,1,241538,241081,457
16703061,25.8734,27.7278,456,33841,0.0468382,0.45,1,241563,241107,456
16705981,77.9747,92.7456,438,33903,0.0493676,0.39,1,241654,241216,438
16708901,39.5949,44.1491,436,33965,0.0818735,0.21,1,241684,241248,436
16711821,27.119,29.6298,434,34027,0.0883747,0.23,1,241708,241274,434
16714741,12.6238,16.326,430,34089,0.0736749,0.05,1,241717,241287,430
16717661,66.5248,72.0652,424,34151,0.086735,0.09,1,241797,241373,424
16720581,39.705,42.413,422,34213,0.041347,0.09,1,241830,241408,422
16723501,22.341,8.48261,440,34275,0.0642694,0.07,1,241848,241408,440
16726421,34.0682,16.0965,459,34337,0.0528539,0.05,1,241885,241426,459
16729341,48.4136,32.8193,474,34399,0.146571,0.05,1,241937,241463,474
16732261,27.2827,46.5639,446,34460,0.0853141,0.03,1,241959,241513,446
16735181,27.8565,29.3128,449,34521,0.0730628,0.05,1,241987,241538,449
16738101,77.5713,25.8626,514,34582,0.0546126,0.05,1,242077,241563,514
16741021,41.1143,77.9725,455,34643,0.0669225,0.09,1,242109,241654,455
16743941,25.8229,39.5945,447,34704,0.0693845,0.09,1,242131,241684,447
16746861,11.5646,27.1189,431,34765,0.0858769,0.07,1,242139,241708,431
16749781,70.3129,12.6238,507,34826,0.0891754,0.09,1,242224,241717,507
16752701,35.6626,66.5248,454,34887,0.0738351,0.03,1,242251,241797,454
16755621,25.5325,39.7049,444,34948,0.022767,0.07,1,242274,241830,444
16758541,30.7065,22.341,458,35008,0.0285534,0.05,1,242306,241848,458
16761461,50.9413,34.0682,477,35068,0.0777107,0.17,1,242362,241885,477
16764381,26.9883,48.4136,446,35128,0.103542,0.07,1,242383,241937,446
16767301,30.1977,27.2827,455,35188,0.108708,0.07,1,242414,241959,455
16770221,74.8395,27.8565,513,35248,0.189742,0.05,1,242500,241987,513
16773141,41.3679,77.5713,456,35308,0.221948,0.07,1,242533,242077,456
16776061,26.6736,41.1143,447,35368,0.26039,0.07,1,242556,242109,447
16778981,11.7347,25.8229,433,35428,0.268078,0.09,1,242564,242131,433
16781901,70.3469,11.5646,510,35488,0.253616,0.09,1,242649,242139,510
16784821,35.6694,70.3129,452,35548,0.282723,0.07,1,242676,242224,452
16787741,23.1339,35.6626,445,35607,0.256545,0.01,1,242696,242251,445
16790661,30.2268,25.5325,454,35666,0.251309,0.03,1,242728,242274,454
16793581,7.64535,30.7065,424,35725,0.250262,0.09,1,242730,242306,424
16796501,47.9291,50.9413,426,35784,0.250052,0.11,1,242788,242362,426
16799421,27.9858,26.9883,428,35843,0.28201,0.11,1,242811,242383,428
16802341,31.1972,30.1977,429,35902,0.336402,0.21,1,242843,242414,429
16805261,77.4394,74.8395,432,35961,0.34728,0.23,1,242932,242500,432
16808181,43.4879,41.3679,434,36020,0.381456,0.27,1,242967,242533,434
16811101,27.8976,26.6736,435,36079,0.388291,0.27,1,242991,242556,435
16814021,11.9795,11.7347,435,36138,0.421658,0.25,1,242999,242564,435
16816941,70.3959,70.3469,435,36196,0.444332,0.29,1,243084,242649,435
16819861,36.4792,35.6694,436,36254,0.480866,0.25,1,243112,242676,436
16822781,21.6958,23.1339,434,36312,0.456173,0.25,1,243130,242696,434
16825701,29.9392,30.2268,434,36370,0.499235,0.25,1,243162,242728,434
16828621,7.58783,7.64535,434,36428,0.475847,0.25,1,243164,242730,434
16831541,47.9176,47.9291,434,36486,0.535169,0.29,1,243222,242788,434
16834461,28.7835,27.9858,435,36544,0.563034,0.35,1,243246,242811,435
16837381,33.7567,31.1972,438,36602,0.616607,0.35,1,243281,242843,438
16840301,78.7513,77.4394,439,36660,0.659321,0.39,1,243371,242932,439
16843221,45.3503,43.4879,441,36718,0.651864,0.39,1,243408,242967,441
16846141,28.2701,27.8976,441,36776,0.650373,0.43,1,243432,242991,441
16849061,12.054,11.9795,441,36833,0.650075,0.45,1,243440,242999,441
16851981,72.8108,70.3959,444,36890,0.634015,0.49,1,243528,243084,444
16854901,36.9622,36.4792,444,36947,0.662803,0.45,1,243556,243112,444
16857821,22.5924,21.6958,445,37004,0.652561,0.51,1,243575,243130,445
16860741,30.1185,29.9392,445,37061,0.682512,0.47,1,243607,243162,445
16863661,7.6237,7.58783,445,37118,0.656502,0.55,1,243609,243164,445
16866581,49.5247,47.9176,447,37175,0.6673,0.55,1,243669,243222,447
16869501,30.7049,9.58351,473,37232,0.65346,0.57,1,243695,243222,473
16872421,34.941,21.1167,485,37289,0.650692,0.63,1,243731,243246,485
16875341,81.3882,32.2233,543,37346,0.730138,0.67,1,243824,243281,543
16878261,45.8776,78.4447,490,37403,0.730028,0.65,1,243861,243371,490
16881181,28.3755,45.2889,477,37459,0.730006,0.65,1,243885,243408,477
16884101,12.0751,28.2578,461,37515,0.730001,0.65,1,243893,243432,461
16887021,72.015,12.0516,540,37571,0.746,0.63,1,243980,243440,540
16889941,36.803,72.8103,480,37627,0.7492,0.67,1,244008,243528,480
16892861,23.3606,36.9621,472,37683,0.74984,0.65,1,244028,243556,472
16895781,31.0721,22.5924,486,37739,0.749968,0.69,1,244061,243575,486
16898701,7.81442,30.1185,456,37795,0.781994,0.65,2,244063,243607,456
16901621,47.9629,7.6237,512,37851,0.756399,0.67,2,244121,243609,512
16904541,31.1926,49.5247,479,37907,0.76728,0.65,2,244148,243669,479
16907461,35.0385,30.7049,489,37963,0.801456,0.65,2,244184,243695,489
16910381,83.8077,34.941,549,38019,0.824291,0.75,2,244280,243731,549
16913301,47.1615,81.3882,494,38075,0.860858,0.73,2,244318,243824,494
16916221,28.6323,45.8776,481,38130,0.900172,0.73,2,244342,243861,481
16919141,12.1265,28.3755,465,38185,0.908034,0.73,2,244350,243885,465
17062221,36,33,526,40806,0.93,1,2,246151,245625,526
17065141,58.4,60.2,523,40858,0.866,1,2,246215,245692,523
17068061,44.48,45.64,522,40910,0.8212,1,2,246256,245734,522
17070981,40.896,41.128,522,40962,0.86024,1,2,246296,245774,522
17073901,58.5792,30.6256,557,41014,0.884048,0.94,2,246359,245802,557
17076821,26.9158,68.5251,498,41065,0.90481,1,2,246378,245880,498
17307501,65,83,484,20647,0.07,0.61,1,249157,248673,484
17310421,59.4,68.6,477,20750,0.086,0.25,1,249215,248738,477
17313341,66.28,81.72,460,20852,0.0892,0.05,1,249283,248823,460
17316261,72.456,73.944,462,20954,0.01784,0.03,1,249357,248895,462
17319181,43.2912,61.1888,440,21055,0.059568,0.03,1,249393,248953,440
17322101,32.6582,38.6378,437,21156,0.0839136,0.03,1,249423,248986,437
17325021,80.9316,92.5276,424,21256,0.0407827,0.07,1,249516,249092,424
17327941,69.7863,70.5055,426,21356,0.0321565,0.09,1,249583,249157,426
17330861,61.1573,60.5011,427,21455,0.0304313,0.09,1,249642,249215,427
17333781,66.6315,66.5002,427,21554,0.0620863,0,1,249710,249283,427
17336701,69.3263,72.5,423,21652,0.0524172,0.07,1,249780,249357,423
17339621,42.6653,43.3,423,21750,0.0504835,0.09,1,249816,249393,423
17342541,33.3331,32.66,424,21848,0.0820967,0.03,1,249847,249423,424
17345461,79.4666,80.932,422,21945,0.0564193,0.03,1,249938,249516,422
17348381,71.0933,69.7864,424,22042,0.0512839,0.03,1,250007,249583,424
17351301,60.6187,61.1573,423,22138,0.0342568,0.07,1,250065,249642,423
17354221,68.1237,66.6315,425,22234,0.0468514,0.05,1,250135,249710,425
17357141,67.2247,69.3263,422,22329,0.0493703,0.05,1,250202,249780,422
17360061,42.2449,42.6653,422,22424,0.0978741,0.09,1,250238,249816,422
17362981,34.849,33.3331,424,22519,0.107575,0.09,1,250271,249847,424
17365901,77.3698,6.66661,512,22613,0.125515,0.05,1,250359,249847,512
17368821,70.674,74.1333,490,22707,0.177103,0.05,1,250428,249938,490
17371741,61.3348,70.0267,480,22800,0.203421,0.03,1,250487,250007,480
17374661,68.267,60.4053,492,22893,0.256684,0.05,1,250557,250065,492
17377581,69.6534,68.0811,492,22986,0.251337,0.05,1,250627,250135,492
17380501,42.7307,67.2162,461,23078,0.250267,0.11,1,250663,250202,461
17383421,34.1461,42.2432,457,23170,0.266053,0.11,1,250695,250238,457
17386341,79.6292,34.8486,515,23261,0.285211,0.13,1,250786,250271,515
17389261,73.5258,77.3697,499,23352,0.321042,0.19,1,250858,250359,499
17392181,62.7052,70.6739,490,23443,0.360208,0.21,1,250918,250428,490
17395101,69.341,61.3348,502,23533,0.432042,0.27,1,250989,250487,502
17398021,72.2682,68.267,505,23623,0.478408,0.25,1,251062,250557,505
17400941,41.6536,69.6534,469,23713,0.487682,0.25,1,251096,250627,469
17403861,34.7307,42.7307,466,23802,0.489536,0.27,1,251129,250663,466
17406781,80.5461,34.1461,526,23891,0.569907,0.29,1,251221,250695,526
17409701,75.3092,79.6292,509,23980,0.569981,0.33,1,251295,250786,509
17412621,16.6618,73.5258,439,24068,0.569996,0.37,1,251297,250858,439
17415541,52.1324,62.7052,440,24156,0.617999,0.45,1,251358,250918,440
17418461,70.4265,69.341,444,24244,0.5796,0.49,1,251433,250989,444
17421381,74.0853,72.2682,446,24331,0.61992,0.49,1,251508,251062,446
17424301,42.8171,41.6536,447,24418,0.643984,0.49,1,251543,251096,447
17427221,34.9634,34.7307,447,24505,0.632797,0.59,1,251576,251129,447
17430141,83.7927,80.5461,451,24591,0.646559,0.57,1,251672,251221,451
17433061,75.1585,75.3092,450,24677,0.633312,0.57,1,251745,251295,450
17435981,16.6317,16.6618,450,24763,0.662662,0.63,1,251747,251297,450
17438901,52.9263,52.1324,451,24849,0.668532,0.57,1,251809,251358,451
17441821,69.7853,70.4265,450,24934,0.749707,0.63,1,251883,251433,450
17444741,76.3571,74.0853,453,25019,0.765941,0.65,2,251961,251508,453
17447661,42.4714,42.8171,452,25104,0.785188,0.63,2,251995,251543,452
17450581,34.0943,34.9634,451,25188,0.789038,0.65,2,252027,251576,451
17453501,84.4189,83.7927,452,25272,0.869808,0.63,2,252124,251672,452
17456421,76.0838,75.1585,453,25356,0.869962,0.67,2,252198,251745,453
17459341,16.8168,16.6317,453,25440,0.917992,0.67,2,252200,251747,453
17462261,53.7634,3.32634,516,25523,0.911599,0.67,2,252263,251747,516
17625781,40,47,507,29815,0.67,1,1,255318,254811,507
17628701,25.6,37.4,494,29886,0.558,1,1,255340,254846,494
17631621,25.92,33.88,487,29957,0.5036,1,1,255366,254879,487
17634541,45.984,53.976,479,30028,0.38072,1,1,255417,254938,479
17637461,102.797,102.795,481,30098,0.292144,1,1,255534,255053,481
17640381,43.7594,51.759,471,30168,0.242429,1,1,255563,255092,471
17643301,41.5519,44.7518,469,30238,0.168486,0.9,1,255604,255135,469
17646221,47.5104,48.1504,469,30308,0.185697,0.81,1,255653,255184,469
17649141,51.1021,58.4301,460,30378,0.205139,0.79,1,255705,255245,460
17652061,32.6204,38.086,455,30448,0.193028,0.67,1,255733,255278,455
17654981,33.7241,39.6172,449,30518,0.190606,0.53,1,255767,255318,449
17657901,21.1448,25.5234,445,30587,0.190121,0.49,1,255785,255340,445
17660821,25.029,25.9047,445,30656,0.238024,0.35,1,255811,255366,445
17663741,44.2058,45.9809,443,30725,0.295605,0.27,1,255860,255417,443
17666661,93.6412,102.796,432,30794,0.291121,0.23,1,255966,255534,432
17669581,43.5282,43.7592,434,30863,0.274224,0.15,1,255997,255563,434
17672501,37.5056,41.5518,429,30932,0.286845,0.19,1,256033,255604,429
17675421,48.3011,47.5104,431,31000,0.353369,0.21,1,256084,255653,431
17678341,50.4602,51.1021,430,31068,0.414674,0.19,1,256135,255705,430
17681261,33.292,32.6204,431,31136,0.410935,0.19,1,256164,255733,431
17684181,33.8584,33.7241,431,31204,0.426187,0.19,1,256198,255767,431
17687101,21.9717,21.1448,432,31272,0.461237,0.25,1,256217,255785,432
17690021,25.1943,25.029,432,31340,0.468248,0.25,1,256243,255811,432
17692941,47.4389,5.00579,485,31408,0.469649,0.31,1,256296,255811,485
17695861,91.8878,40.2012,539,31475,0.50193,0.29,1,256399,255860,539
17698781,43.1776,92.8402,464,31542,0.492386,0.27,1,256430,255966,464
17701701,37.4355,43.368,469,31609,0.522477,0.29,1,256466,255997,469
17704621,51.4871,37.4736,488,31676,0.528495,0.37,1,256521,256033,488
17707541,53.4974,48.2947,491,31743,0.529699,0.43,1,256575,256084,491
17710461,34.6995,50.4589,470,31810,0.54594,0.41,1,256605,256135,470
17713381,35.7399,33.2918,477,31877,0.549188,0.43,1,256641,256164,477
17716301,23.148,33.8584,463,31943,0.581838,0.47,1,256661,256198,463
17719221,25.4296,21.9717,470,32009,0.588368,0.47,1,256687,256217,470
17722141,48.2859,25.1943,498,32075,0.589674,0.47,1,256741,256243,498
17725061,92.8572,47.4389,549,32141,0.637935,0.51,1,256845,256296,549
17727981,42.5714,91.8878,476,32207,0.663587,0.49,1,256875,256399,476
17730901,38.9143,43.1776,483,32273,0.700717,0.53,1,256913,256430,483
17733821,51.7829,37.4355,502,32339,0.724143,0.53,1,256968,256466,502
17736741,54.3566,51.4871,502,32404,0.744829,0.53,1,257023,256521,502
17739661,34.8713,53.4974,478,32469,0.780966,0.55,2,257053,256575,478
17742581,37.3743,34.6995,486,32534,0.836193,0.55,2,257091,256605,486
17745501,23.4749,35.7399,470,32599,0.847239,0.59,2,257111,256641,470
17748421,25.495,23.148,476,32664,0.865448,0.59,2,257137,256661,476
17751341,48.299,25.4296,504,32729,0.869089,0.59,2,257191,256687,504
17754261,11.2598,48.2859,452,32794,0.869818,0.65,2,257193,256741,452
17757181,87.852,92.8572,455,32858,0.901964,0.67,2,257300,256845,455
17760101,41.5704,42.5714,455,32922,0.924393,0.71,2,257330,256875,455
17763021,40.3141,38.9143,457,32986,0.896879,0.73,2,257370,256913,457
17765941,53.6628,51.7829,459,33050,0.923376,0.75,2,257427,256968,459
17888581,37,91,512,35640,0.92,1,2,259222,258710,512
17891501,25,49.4,495,35699,0.88,1,2,259244,258749,495
17894421,32.2,32.28,501,35758,0.84,1,2,259278,258777,501
17897341,46.44,57.656,487,35817,0.8,1,2,259328,258841,487
17900261,46.888,53.1312,482,35876,0.552,1,1,259375,258893,482
17903181,34.1776,37.0262,480,35935,0.4224,1,1,259406,258926,480
17906101,50.8355,41.8052,492,35994,0.28448,1,1,259461,258969,492
17909021,35.7671,29.961,497,36053,0.176896,1,1,259493,258996,497
17911941,30.3534,28.3922,498,36112,0.171379,1,1,259522,259024,498
17914861,31.6707,44.0784,482,36171,0.106276,0.93,1,259554,259072,482
17917781,36.7341,28.8157,495,36229,0.0292552,0.88,1,259592,259097,495
17920701,60.1468,76.1631,473,36287,0.061851,0.92,1,259658,259185,473
17923621,38.4294,44.8326,469,36345,0.0363702,0.87,1,259691,259222,469
17926541,19.6859,26.5665,462,36403,0.031274,0.83,1,259706,259244,462
17929461,29.5372,32.5133,460,36461,0.0782548,0.79,1,259738,259278,460
17932381,39.5074,46.5027,452,36519,0.055651,0.49,1,259780,259328,452
17935301,41.5015,46.9005,447,36577,0.0991302,0.39,1,259822,259375,447
17938221,30.7003,34.1801,444,36635,0.123826,0.25,1,259850,259406,444
17941141,38.1401,50.836,429,36693,0.112765,0.15,1,259890,259461,429
17944061,32.428,35.7672,428,36751,0.142553,0.17,1,259921,259493,428
17946981,29.6856,30.3534,428,36809,0.132511,0.09,1,259950,259522,428
17949901,29.9371,31.6707,426,36866,0.162502,0.01,1,259980,259554,426
17952821,33.1874,36.7341,422,36923,0.1525,0.07,1,260014,259592,422
17955741,60.2375,60.1468,423,36980,0.1345,0.03,1,260081,259658,423
17958661,37.6475,38.4294,422,37037,0.1629,0.03,1,260113,259691,422
17961581,19.5295,19.6859,422,37094,0.15258,0.09,1,260128,259706,422
17964501,31.9059,29.5372,425,37151,0.102516,0.09,1,260163,259738,425
17967421,39.1812,5.90743,466,37208,0.108503,0.05,1,260204,259738,466
17970341,42.2362,34.7815,467,37265,0.141701,0.11,1,260247,259780,467
17973261,32.4472,40.5563,455,37322,0.14834,0.13,1,260277,259822,455
17976181,37.6894,30.5113,466,37379,0.165668,0.11,1,260316,259850,466
17979101,35.5379,38.1023,461,37436,0.185134,0.15,1,260351,259890,461
17982021,27.9076,32.4205,456,37492,0.205027,0.13,1,260377,259921,456
17984941,30.3815,29.6841,458,37548,0.241005,0.17,1,260408,259950,458
17987861,34.0763,29.9368,463,37604,0.216201,0.15,1,260443,259980,463
17990781,60.4153,33.1874,496,37660,0.25924,0.13,1,260510,260014,496
17993701,36.0831,60.2375,459,37716,0.283848,0.17,1,260540,260081,459
17996621,16.8166,37.6475,439,37772,0.28877,0.15,1,260552,260113,439
17999541,32.1633,19.5295,460,37828,0.305754,0.09,1,260588,260128,460
18002461,38.4327,31.9059,465,37884,0.309151,0.11,1,260628,260163,465
18005381,45.2865,39.1812,471,37940,0.26183,0.15,1,260675,260204,471
18008301,33.0573,42.2362,458,37996,0.300366,0.15,1,260705,260247,458
18011221,38.6115,32.4472,468,38052,0.308073,0.17,1,260745,260277,468
18014141,36.5223,37.6894,465,38108,0.341615,0.19,1,260781,260316,465
18017061,28.9045,35.5379,457,38163,0.364323,0.21,1,260808,260351,457
18019981,30.5809,27.9076,462,38218,0.400865,0.25,1,260839,260377,462
18022901,35.7162,30.3815,468,38273,0.392173,0.21,1,260876,260408,468
18025821,61.5432,34.0763,501,38328,0.438435,0.27,1,260944,260443,501
18028741,37.1086,60.4153,465,38383,0.479687,0.29,1,260975,260510,465
18031661,17.8217,36.0831,448,38438,0.471937,0.29,1,260988,260540,448
18034581,32.3643,16.8166,472,38493,0.502387,0.31,1,261024,260552,472
18037501,38.4729,32.1633,476,38548,0.508477,0.31,1,261064,260588,476
18040421,43.6946,38.4327,481,38603,0.525696,0.25,1,261109,260628,481
18043341,10.3389,45.2865,436,38658,0.497139,0.31,1,261111,260675,436
18046261,26.8678,33.0573,437,38713,0.507428,0.31,1,261142,260705,437
18049181,37.3736,38.6115,437,38768,0.509486,0.35,1,261182,260745,437
18052101,37.8747,36.5223,439,38822,0.557897,0.37,1,261220,260781,439
18055021,30.7749,28.9045,441,38876,0.551579,0.41,1,261249,260808,441
18057941,31.755,30.5809,442,38930,0.550316,0.39,1,261281,260839,442
18060861,35.151,35.7162,441,38984,0.598063,0.45,1,261317,260876,441
18063781,63.8302,61.5432,444,39038,0.607613,0.49,1,261388,260944,444
18066701,39.166,37.1086,446,39092,0.625523,0.47,1,261421,260975,446
18069621,17.4332,17.8217,445,39146,0.629104,0.51,1,261433,260988,445
18072541,33.8866,32.3643,447,39200,0.629821,0.51,1,261471,261024,447
18075461,38.7773,38.4729,447,39254,0.597964,0.53,1,261511,261064,447
18078381,42.9555,43.6946,446,39308,0.623593,0.49,1,261555,261109,446
18081301,10.1911,10.3389,446,39362,0.628719,0.51,1,261557,261111,446
18084221,27.6382,26.8678,447,39416,0.613744,0.51,1,261589,261142,447
18087141,38.3276,37.3736,448,39470,0.658749,0.57,1,261630,261182,448
18090061,38.0655,37.8747,448,39524,0.69975,0.55,1,261668,261220,448
18092981,31.6131,30.7749,449,39577,0.72395,0.55,1,261698,261249,449
18095901,32.7226,31.755,450,39630,0.76079,0.61,2,261731,261281,450
18098821,35.3445,35.151,450,39683,0.784158,0.61,2,261767,261317,450
18101741,63.8689,63.8302,450,39736,0.772832,0.63,2,261838,261388,450
18104661,39.9738,39.166,451,39789,0.802566,0.63,2,261872,261421,451
18107581,17.5948,17.4332,451,39842,0.808513,0.63,2,261884,261433,451
18110501,33.919,33.8866,451,39895,0.857703,0.59,2,261922,261471,451
18113421,38.7838,38.7773,451,39948,0.883541,0.63,2,261962,261511,451
18116341,42.9568,42.9555,451,40001,0.856708,0.63,2,262006,261555,451
18119261,10.1914,10.1911,451,40054,0.883342,0.61,2,262008,261557,451
18122181,28.4383,27.6382,452,40107,0.904668,0.61,2,262041,261589,452
18125101,40.0877,5.52764,495,40160,0.876934,0.67,2,262084,261589,495
18128021,40.0175,33.9055,494,40213,0.887387,0.71,2,262124,261630,494
18130941,32.8035,37.1811,487,40266,0.921477,0.73,2,262155,261668,487
18271101,31,35,489,42709,0.79,1,2,263864,263375,489
18274021,39.8,44.6,484,42758,0.71,1,1,263906,263422,484
18276941,42.36,24.92,507,42807,0.598,1,1,263949,263442,507
18279861,34.072,32.984,504,42856,0.5116,1,1,263981,263477,504
18282781,26.0144,26.5968,503,42905,0.38232,1,1,264005,263502,503
18285701,18.0029,28.5194,490,42954,0.340464,1,1,264021,263531,490
18288621,25.2006,26.5039,491,43003,0.236093,1,1,264048,263557,491
18291541,30.6401,5.30077,523,43052,0.135219,1,1,264080,263557,523
18294461,28.528,29.0602,516,43101,0.0990437,1,1,264108,263592,516
18297381,29.7056,28.212,518,43150,0.0438087,0.95,1,264138,263620,518
18300301,55.5411,37.6424,540,43199,0.00876175,1,1,264200,263660,540
18303221,44.7082,63.5285,512,43248,0.105752,1,1,264242,263730,512
18306141,24.9416,43.1057,494,43297,0.0611505,0.88,1,264262,263768,494
18309061,35.3883,29.4211,506,43346,0.0122301,0.89,1,264300,263794,506
18311981,26.2777,37.0842,491,43395,0.058446,0.79,1,264324,263833,491
18314901,31.6555,32.2168,493,43444,0.0676892,0.69,1,264357,263864,493
18317821,35.1311,40.0434,487,43493,0.0375378,0.57,1,264393,263906,487
18320741,29.4262,42.4087,472,43542,0.0955076,0.49,1,264421,263949,472
18323661,21.0852,34.0817,459,43590,0.0591015,0.35,1,264440,263981,459
18326581,16.217,26.0163,450,43638,0.0358203,0.33,1,264455,264005,450
18329501,23.2434,18.0033,459,43686,0.0791641,0.21,1,264480,264021,459
18332421,24.6487,25.2007,457,43734,0.0718328,0.11,1,264505,264048,457
18335341,26.5297,30.6401,452,43782,0.134367,0.09,1,264532,264080,452
18338261,27.7059,28.528,452,43830,0.0828733,0.03,1,264560,264108,452
18341181,59.9412,29.7056,490,43878,0.0405747,0,1,264628,264138,490
18344101,43.1882,55.5411,467,43926,0.0321149,0.13,1,264667,264200,467
18347021,23.0376,44.7082,443,43974,0.078423,0.05,1,264685,264242,443
18349941,35.8075,24.9416,462,44022,0.0396846,0,1,264724,264262,462
18352861,26.3615,35.3883,448,44070,0.0639369,0.07,1,264748,264300,448
18355781,33.2723,26.2777,459,44118,0.0687874,0.07,1,264783,264324,459
18358701,32.2545,31.6555,458,44166,0.0857575,0.03,1,264815,264357,458
18361621,30.4509,35.1311,452,44214,0.105152,0.11,1,264845,264393,452
18364541,20.4902,29.4262,442,44262,0.10903,0.05,1,264863,264421,442
18367461,16.898,21.0852,439,44310,0.109806,0.03,1,264879,264440,439
18370381,22.5796,16.217,448,44358,0.125961,0.09,1,264903,264455,448
18373301,25.3159,23.2434,449,44406,0.145192,0.07,1,264929,264480,449
18376221,28.2632,24.6487,453,44454,0.133038,0.15,1,264958,264505,453
18379141,7.25264,26.5297,428,44501,0.130608,0.07,1,264960,264532,428
18382061,21.4505,27.7059,425,44548,0.146122,0.03,1,264985,264560,425
18384981,58.6901,59.9412,425,44595,0.0532243,0.03,1,265053,264628,425
18387901,43.738,43.1882,426,44642,0.0506449,0.09,1,265093,264667,426
18390821,23.1476,23.0376,426,44689,0.018129,0.03,1,265111,264685,426
18393741,33.4295,35.8075,423,44736,0.0276258,0.07,1,265147,264724,423
18396661,27.4859,26.3615,425,44783,0.0615252,0.07,1,265173,264748,425
18399581,34.2972,33.2723,426,44830,0.116305,0.09,1,265209,264783,426
18402501,32.4594,32.2545,426,44877,0.159261,0.11,1,265241,264815,426
18405421,31.2919,30.4509,427,44924,0.151852,0.11,1,265272,264845,427
18408341,20.6584,20.4902,427,44971,0.15037,0.11,1,265290,264863,427
18411261,16.9317,16.898,427,45018,0.150074,0.13,1,265306,264879,427
18414181,24.1863,22.5796,429,45065,0.150015,0.15,1,265332,264903,429
18417101,25.6373,25.3159,429,45112,0.150003,0.13,1,265358,264929,429
18420021,27.5275,28.2632,428,45159,0.150001,0.13,1,265386,264958,428
18422941,7.10549,7.25264,428,45206,0.15,0.15,1,265388,264960,428
18425861,22.2211,21.4505,429,45253,0.166,0.03,1,265414,264985,429
18428781,53.2442,58.6901,422,45300,0.1852,0.05,1,265475,265053,422
18431701,42.6488,43.738,422,45347,0.22104,0.01,1,265515,265093,422
18434621,23.7298,23.1476,423,45394,0.212208,0.03,1,265534,265111,423
18437541,33.546,33.4295,423,45440,0.194442,0.07,1,265570,265147,423
18440461,29.1092,27.4859,425,45486,0.254888,0.13,1,265598,265173,425
18443381,36.2218,34.2972,427,45532,0.250978,0.17,1,265636,265209,427
18446301,33.6444,32.4594,428,45578,0.314196,0.15,1,265669,265241,428
18449221,30.7289,31.2919,427,45624,0.294839,0.15,1,265699,265272,427
18452141,20.5458,20.6584,427,45670,0.290968,0.15,1,265717,265290,427
18455061,16.9092,16.9317,427,45716,0.322194,0.15,1,265733,265306,427
18457981,24.1818,24.1863,427,45762,0.344439,0.15,1,265759,265332,427
18460901,25.6364,25.6373,427,45808,0.348888,0.15,1,265785,265358,427
18463821,27.5273,27.5275,427,45854,0.381778,0.15,1,265813,265386,427
18466741,7.10545,7.10549,427,45900,0.388356,0.17,1,265815,265388,427
18469661,23.0211,22.2211,428,45946,0.421671,0.17,1,265842,265414,428
18472581,53.4042,4.44422,489,45992,0.380334,0.19,1,265903,265414,489
18475501,44.2808,49.6888,470,46038,0.372067,0.23,1,265945,265475,470
18478421,23.2562,41.9378,448,46084,0.386413,0.21,1,265963,265515,448
18481341,35.0512,23.5876,467,46130,0.437283,0.19,1,266001,265534,467
18484261,30.2102,33.5175,460,46176,0.447457,0.27,1,266030,265570,460
18487181,37.242,29.1035,471,46222,0.465491,0.25,1,266069,265598,471
18490101,35.4484,36.2207,468,46268,0.485098,0.33,1,266104,265636,468
18493021,31.0897,33.6441,465,46314,0.53702,0.29,1,266134,265669,465
18495941,20.6179,30.7288,453,46360,0.563404,0.29,1,266152,265699,453
18498861,16.9236,20.5458,451,46405,0.584681,0.33,1,266168,265717,451
18501781,25.7847,16.9092,463,46450,0.588936,0.35,1,266196,265733,463
18504701,26.7569,24.1818,464,46495,0.573787,0.35,1,266223,265759,464
18507621,28.5514,25.6364,467,46540,0.554757,0.39,1,266252,265785,467
18510541,7.31028,27.5273,441,46585,0.550951,0.39,1,266254,265813,441
18513461,23.8621,7.10545,467,46630,0.58219,0.43,1,266282,265815,467
18516381,52.7724,23.0211,500,46675,0.604438,0.37,1,266342,265842,500
18519301,44.1545,53.4042,481,46720,0.640888,0.37,1,266384,265903,481
18522221,24.0309,44.2808,458,46765,0.632178,0.39,1,266403,265945,458
18525141,38.4062,23.2562,482,46810,0.598436,0.45,1,266445,265963,482
18528061,30.0812,35.0512,472,46855,0.591687,0.45,1,266473,266001,472
18530981,38.0162,30.2102,483,46900,0.622337,0.47,1,266513,266030,483
18533901,38.0032,37.242,482,46945,0.644467,0.49,1,266551,266069,482
18536821,33.2006,35.4484,479,46990,0.680893,0.55,1,266583,266104,479
18539741,21.8401,31.0897,468,47035,0.704179,0.57,1,266602,266134,468
18542661,17.168,20.6179,466,47080,0.676836,0.59,1,266618,266152,466
18545581,25.8336,16.9236,478,47125,0.671367,0.59,1,266646,266168,478
18548501,25.9667,25.7847,476,47170,0.686273,0.57,1,266672,266196,476
18551421,29.1933,26.7569,479,47215,0.689255,0.55,1,266702,266223,479
18554341,7.43867,28.5514,452,47260,0.689851,0.55,1,266704,266252,452
18557261,23.8877,7.31028,478,47305,0.70597,0.59,1,266732,266254,478
18560181,53.5775,23.8621,511,47350,0.725194,0.61,1,266793,266282,511
18563101,12.3155,52.7724,453,47395,0.729039,0.65,1,266795,266342,453
18566021,36.8631,44.1545,454,47439,0.745808,0.63,1,266838,266384,454
18568941,21.7726,24.0309,453,47483,0.749162,0.59,1,266856,266403,453
18571861,36.3545,38.4062,451,47527,0.797832,0.59,2,266896,266445,451
18574781,29.6709,30.0812,451,47571,0.807566,0.63,2,266924,266473,451
18577701,40.3342,38.0162,454,47615,0.777513,0.65,2,266967,266513,454
18580621,38.4668,38.0032,454,47659,0.787503,0.69,2,267005,266551,454
18583541,34.8934,33.2006,456,47703,0.805501,0.71,2,267039,266583,456
18586461,21.3787,21.8401,455,47747,0.8251,0.67,2,267057,266602,455
18589381,17.0757,17.168,455,47791,0.82902,0.67,2,267073,266618,455
18592301,26.6151,25.8336,456,47835,0.829804,0.69,2,267102,266646,456
18595221,26.123,25.9667,456,47879,0.845961,0.69,2,267128,266672,456
18598141,29.2246,29.1933,456,47923,0.865192,0.69,2,267158,266702,456
18601061,7.44492,7.43867,456,47967,0.837038,0.71,2,267160,266704,456
18603981,25.489,23.8877,458,48011,0.863408,0.73,2,267190,266732,458
18606901,53.8978,53.5775,458,48055,0.884682,0.73,2,267251,266793,458
18609821,12.3796,12.3155,458,48099,0.856936,0.75,2,267253,266795,458
18612741,37.6759,36.8631,459,48143,0.915387,0.75,2,267297,266838,459
18615661,21.9352,21.7726,459,48187,0.943077,0.81,2,267315,266856,459
18836121,65,30,465,23451,0.15,0.21,1,269884,269419,465
18839041,50.6,54.8,451,23541,0.182,0.15,1,269931,269480,451
18841961,62.92,39.76,481,23631,0.1884,0.11,1,269997,269516,481
18844881,59.784,72.752,459,23721,0.30168,0.13,1,270056,269597,459
18847801,65.5568,59.3504,470,23810,0.388336,0.13,1,270123,269653,470
18850721,30.7114,53.4701,440,23899,0.341667,0.11,1,270145,269705,440
18853641,65.3423,32.294,487,23988,0.396333,0.13,1,270219,269732,487
18856561,35.4685,76.0588,428,24076,0.439267,0.15,1,270247,269819,428
18859481,62.2937,67.2118,432,24164,0.447853,0.19,1,270316,269884,432
18862401,49.2587,51.0424,431,24252,0.417571,0.19,1,270362,269931,431
18865321,65.0517,63.0085,434,24339,0.459514,0.33,1,270431,269997,434
18868241,64.2103,59.8017,439,24426,0.499903,0.41,1,270495,270056,439
18871161,67.2421,65.5603,440,24513,0.475981,0.33,1,270563,270123,440
18874081,31.0484,30.7121,440,24599,0.519196,0.41,1,270585,270145,440
18877001,67.0097,65.3424,442,24685,0.559839,0.45,1,270661,270219,442
18879921,35.8019,35.4685,442,24771,0.551968,0.45,1,270689,270247,442
18882841,62.3604,62.2937,442,24857,0.614394,0.41,1,270758,270316,442
18885761,49.2721,49.2587,442,24942,0.642879,0.47,1,270804,270362,442
18888681,67.4544,65.0517,445,25027,0.632576,0.51,1,270876,270431,445
18891601,64.6909,64.2103,445,25112,0.662515,0.47,1,270940,270495,445
18894521,67.3382,67.2421,445,25196,0.684503,0.53,1,271008,270563,445
18897441,31.8676,31.0484,446,25280,0.720901,0.57,1,271031,270585,446
18900361,68.7735,67.0097,448,25364,0.72818,0.55,1,271109,270661,448
18903281,36.9547,35.8019,449,25448,0.681636,0.55,1,271138,270689,449
18906201,63.3909,7.16039,519,25531,0.640327,0.63,1,271208,270689,519
18909121,51.0782,56.6321,498,25614,0.680065,0.65,1,271256,270758,498
18912041,67.8156,48.1264,524,25697,0.656013,0.63,1,271328,270804,524
18914961,64.7631,67.2253,516,25779,0.683203,0.67,1,271392,270876,516
18917881,69.7526,64.6451,523,25861,0.720641,0.69,1,271463,270940,523
18920801,32.3505,67.329,478,25943,0.744128,0.73,1,271486,271008,478
18923721,68.8701,31.8658,533,26025,0.796826,0.73,2,271564,271031,533
18926641,36.174,68.7732,483,26106,0.807365,0.67,2,271592,271109,483
18929561,61.6348,36.9546,522,26187,0.825473,0.63,2,271660,271138,522
18932481,51.527,63.3909,501,26268,0.877095,0.69,2,271709,271208,501
18935401,67.9054,51.0782,525,26349,0.935419,0.65,2,271781,271256,525
19043441,36,30,515,29174,0.85,1,2,273727,273212,515
19046361,88.8,45.2,568,29247,0.818,1,2,273829,273261,568
19049281,44.96,86.64,505,29319,0.7636,1,2,273863,273358,505
19052201,69.792,43.728,548,29391,0.75272,1,2,273939,273391,548
19055121,37.9584,71.1456,500,29463,0.766544,1,2,273969,273469,500
19058041,57.1917,39.0291,531,29535,0.833309,0.84,2,274031,273500,531
19060961,47.4383,58.2058,513,29607,0.814662,1,2,274076,273563,513
19063881,52.6877,46.8412,523,29678,0.874932,0.86,2,274130,273607,523
19066801,30.5375,55.7682,490,29749,0.870986,0.83,2,274155,273665,490
19069721,33.3075,31.9536,498,29820,0.838197,0.85,2,274189,273691,498
19072641,8.2615,35.1907,464,29891,0.863639,0.81,2,274191,273727,464
19075561,78.4523,88.6381,458,29962,0.916728,0.75,2,274287,273829,458
19078481,44.4905,44.9276,460,30033,0.943346,0.75,2,274323,273863,460
19218641,36,35,497,33246,0.63,1,1,276596,276099,497
19221561,33.6,25.4,507,33310,0.63,1,1,276629,276122,507
19224481,36.32,37.88,503,33373,0.534,1,1,276666,276163,503
19227401,35.264,38.776,499,33436,0.3868,1,1,276701,276202,499
19230321,35.0528,32.5552,503,33499,0.27736,1,1,276736,276233,503
19233241,36.6106,52.911,482,33562,0.095472,1,1,276773,276291,482
19236161,41.7221,37.7822,491,33625,0.0190944,1,1,276816,276325,491
19239081,67.5444,73.9564,482,33688,0.0118189,0.97,1,276890,276408,482
19242001,39.9089,42.7913,480,33751,0.0423638,0.87,1,276923,276443,480
19244921,55.9818,72.5583,460,33814,0.0644727,0.83,1,276983,276523,460
19247841,36.7964,44.1117,455,33877,0.0528945,0.63,1,277015,276560,455
19250761,34.5593,37.6223,453,33939,0.0185789,0.63,1,277049,276596,453
19253681,32.5119,33.9245,452,34001,0.0437158,0.51,1,277081,276629,452
19256601,31.3024,36.3849,446,34063,0.00874316,0.35,1,277112,276666,446
19259521,26.2605,35.277,436,34125,0.0257486,0.25,1,277137,276701,436
19262441,30.0521,35.0554,432,34187,0.0771497,0.05,1,277168,276736,432
19265361,27.6104,36.6111,422,34249,0.0874299,0.05,1,277195,276773,422
19268281,40.7221,7.32222,466,34311,0.017486,0,1,277239,276773,466
19271201,66.5444,35.8644,496,34373,0.0034972,0.01,1,277312,276816,496
19274121,41.3089,66.3729,457,34435,0.0566994,0.05,1,277347,276890,457
19277041,53.8618,39.6746,481,34496,0.0193399,0.07,1,277404,276923,481
19279961,36.3724,55.9349,453,34557,0.011868,0.05,1,277436,276983,453
19282881,34.4745,36.787,455,34618,0.0263736,0.01,1,277470,277015,455
19285801,34.0949,34.5574,455,34679,0.0292747,0.05,1,277504,277049,455
19288721,30.019,32.5115,452,34740,0.0938549,0,1,277533,277081,452
19291641,26.8038,31.3023,447,34801,0.058771,0.03,1,277559,277112,447
19294561,31.7608,26.2605,455,34862,0.0837542,0.09,1,277592,277137,455
19297481,25.5522,30.0521,448,34923,0.0727508,0.09,1,277616,277168,448
19300401,41.1104,27.6104,466,34984,0.0145502,0,1,277661,277195,466
19303321,68.2221,40.7221,497,35044,0.01091,0,1,277736,277239,497
19306241,39.2444,66.5444,456,35104,0.010182,0.07,1,277768,277312,456
19309161,54.2489,41.3089,479,35164,0.0100364,0.01,1,277826,277347,479
19312081,35.6498,53.8618,453,35224,0.0100073,0.01,1,277857,277404,453
19315001,34.33,36.3724,455,35284,0.0420015,0.03,1,277891,277436,455
19317921,38.066,34.4745,460,35344,0.0484003,0.03,1,277930,277470,460
19320841,29.2132,34.0949,453,35404,0.0336801,0.11,1,277957,277504,453
19323761,25.8426,30.019,449,35464,0.062736,0.05,1,277982,277533,449
19326681,33.9685,26.8038,459,35524,0.0845472,0.09,1,278018,277559,459
19329601,25.1937,31.7608,449,35584,0.136909,0.07,1,278041,277592,449
19332521,38.6387,25.5522,467,35643,0.0833819,0,1,278083,277616,467
19335441,9.32775,41.1104,424,35702,0.0406764,0.01,1,278085,277661,424
19338361,61.0656,68.2221,423,35761,0.0161353,0.01,1,278159,277736,423
19341281,37.0131,39.2444,422,35820,0.0112271,0.01,1,278190,277768,422
19344201,53.8026,54.2489,422,35879,0.0102454,0.01,1,278248,277826,422
19347121,35.5605,35.6498,422,35938,0.0100491,0.05,1,278279,277857,422
19350041,35.1121,34.33,423,35997,0.0100098,0.05,1,278314,277891,423
19352961,39.0224,38.066,424,36056,0.010002,0.03,1,278354,277930,424
19355881,28.6045,29.2132,423,36115,0.0420004,0.07,1,278380,277957,423
19358801,27.3209,25.8426,425,36174,0.0644001,0.09,1,278407,277982,425
19361721,36.6642,33.9685,428,36232,0.10088,0.15,1,278446,278018,428
19364641,24.9328,25.1937,427,36290,0.140176,0.07,1,278468,278041,427
19367561,34.5866,38.6387,422,36348,0.164035,0.03,1,278505,278083,422
19370481,8.51731,9.32775,422,36406,0.168807,0.01,1,278507,278085,422
19373401,60.9035,61.0656,422,36464,0.121761,0.01,1,278581,278159,422
19376321,36.9807,37.0131,422,36522,0.144352,0.01,1,278612,278190,422
19379241,53.7961,53.8026,422,36580,0.0528705,0.01,1,278670,278248,422
19382161,35.5592,35.5605,422,36638,0.0185741,0.01,1,278701,278279,422
19385081,35.1118,35.1121,422,36696,0.0117148,0.01,1,278736,278314,422
19388001,39.0224,39.0224,422,36754,0.042343,0.05,1,278776,278354,422
19390921,28.6045,28.6045,422,36811,0.0964686,0.07,1,278802,278380,422
19393841,28.1209,27.3209,423,36868,0.107294,0.11,1,278830,278407,423
19396761,39.2242,36.6642,426,36925,0.141459,0.15,1,278872,278446,426
19399681,26.2448,24.9328,427,36982,0.100292,0.17,1,278895,278468,427
19402601,35.649,34.5866,428,37039,0.0920584,0.17,1,278933,278505,428
19405521,8.72979,8.51731,428,37096,0.0904117,0.11,1,278935,278507,428
19408441,59.346,60.9035,426,37153,0.106082,0.11,1,279007,278581,426
19411361,36.6692,12.1807,457,37210,0.0612165,0.15,1,279038,278581,457
19414281,49.7338,27.2361,479,37267,0.0362433,0.03,1,279091,278612,479
19417201,34.7468,51.8472,452,37324,0.0312487,0.01,1,279122,278670,452
19420121,34.9494,35.1694,456,37381,0.0462497,0.01,1,279157,278701,456
19423041,40.5899,35.0339,463,37438,0.0332499,0.05,1,279199,278736,463
19425961,29.718,39.0068,450,37494,0.03065,0.11,1,279226,278776,450
19428881,29.1436,28.6014,453,37550,0.01413,0.11,1,279255,278802,453
19431801,40.2287,28.1203,468,37606,0.026826,0.15,1,279298,278830,468
19434721,25.6457,39.2241,448,37662,0.0293652,0.09,1,279320,278872,448
19437641,35.5291,26.2448,463,37718,0.045873,0.09,1,279358,278895,463
19440561,8.70583,35.649,427,37774,0.0491746,0.09,1,279360,278933,427
19443481,58.5412,8.72979,496,37830,0.0818349,0.11,1,279431,278935,496
19446401,36.5082,59.346,455,37886,0.088367,0.05,1,279462,279007,455
19449321,48.1016,36.6692,475,37942,0.121673,0.03,1,279513,279038,475
19452241,33.6203,49.7338,452,37998,0.128335,0.03,1,279543,279091,452
19455161,36.3241,34.7468,458,38054,0.0336669,0.05,1,279580,279122,458
19458081,40.0648,34.9494,464,38110,0.0307334,0.03,1,279621,279157,464
19461001,29.613,40.5899,449,38165,0.0461467,0.03,1,279648,279199,449
19463921,29.9226,29.718,452,38220,0.0812293,0.01,1,279678,279226,452
19466841,39.5845,29.1436,465,38275,0.120246,0.03,1,279720,279255,465
19469761,25.5169,40.2287,444,38330,0.128049,0.03,1,279742,279298,444
19472681,37.9034,25.6457,463,38385,0.12961,0.05,1,279783,279320,463
19475601,9.18068,35.5291,427,38440,0.129922,0.05,1,279785,279358,427
19478521,58.6361,8.70583,496,38495,0.145984,0.09,1,279856,279360,496
19481441,36.5272,58.5412,456,38550,0.181197,0.09,1,279887,279431,456
19484361,48.1054,36.5082,476,38605,0.236239,0.13,1,279938,279462,476
19487281,11.2211,48.1016,427,38660,0.247248,0.13,1,279940,279513,427
19490201,23.8442,33.6203,424,38715,0.26545,0.01,1,279967,279543,424
19493121,33.5688,36.3241,423,38770,0.26909,0.03,1,280003,279580,423
19496041,40.3138,40.0648,424,38824,0.237818,0.05,1,280045,279621,424
19498961,30.4628,29.613,425,38878,0.215564,0.09,1,280073,279648,425
19501881,31.6926,29.9226,427,38932,0.211113,0.13,1,280105,279678,427
19504801,40.7385,39.5845,428,38986,0.226223,0.13,1,280148,279720,428
19507721,25.7477,25.5169,428,39040,0.229245,0.13,1,280170,279742,428
19510641,39.5495,37.9034,430,39094,0.213849,0.13,1,280213,279783,430
19513561,9.50991,9.18068,430,39148,0.21077,0.15,1,280215,279785,430
19516481,58.702,58.6361,430,39202,0.274154,0.19,1,280286,279856,430
19519401,37.3404,36.5272,431,39256,0.334831,0.25,1,280318,279887,431
19522321,50.6681,48.1054,434,39310,0.346966,0.25,1,280372,279938,434
19525241,11.7336,11.2211,434,39364,0.349393,0.27,1,280374,279940,434
19528161,24.7467,23.8442,435,39418,0.349879,0.27,1,280402,279967,435
19531081,32.1493,33.5688,433,39472,0.397976,0.23,1,280436,280003,433
19534001,38.4299,40.3138,431,39526,0.407595,0.21,1,280476,280045,431
19536921,29.286,30.4628,430,39579,0.457519,0.21,1,280503,280073,430
19539841,31.4572,31.6926,430,39632,0.451504,0.23,1,280535,280105,430
19542761,41.4914,40.7385,431,39685,0.530301,0.23,1,280579,280148,431
19545681,25.8983,25.7477,431,39738,0.51406,0.21,1,280601,280170,431
19548601,40.3797,39.5495,432,39791,0.558812,0.21,1,280645,280213,432
19551521,9.67593,9.50991,432,39844,0.567762,0.29,1,280647,280215,432
19554441,61.9352,58.702,436,39897,0.553552,0.35,1,280722,280286,436
19557361,38.787,37.3404,437,39950,0.59871,0.35,1,280755,280318,437
19560281,50.9574,50.6681,437,40003,0.623742,0.35,1,280809,280372,437
19563201,11.7915,11.7336,437,40056,0.596748,0.35,1,280811,280374,437
19566121,27.1583,24.7467,440,40109,0.57535,0.35,1,280842,280402,440
19569041,33.4317,4.94934,475,40162,0.53907,0.41,1,280877,280402,475
19571961,38.6863,28.1899,481,40215,0.531814,0.41,1,280917,280436,481
19574881,30.9373,37.638,470,40268,0.546363,0.47,1,280946,280476,470
19577801,31.7875,29.1276,475,40320,0.581273,0.45,1,280978,280503,475
19580721,43.9575,31.4255,490,40372,0.572255,0.55,1,281025,280535,490
19583641,27.1915,41.4851,469,40424,0.554451,0.51,1,281048,280579,469
19586561,42.2383,25.897,493,40476,0.58289,0.57,1,281094,280601,493
19589481,10.0477,40.3794,451,40528,0.588578,0.57,1,281096,280645,451
19592401,61.2095,9.67588,523,40580,0.605716,0.55,1,281170,280647,523
19595321,39.4419,61.9352,482,40632,0.665143,0.61,1,281204,280722,482
19598241,51.8884,38.787,504,40684,0.653029,0.63,1,281259,280755,504
19601161,11.9777,50.9574,452,40736,0.650606,0.59,1,281261,280809,452
19604081,24.7955,11.7915,478,40788,0.666121,0.57,1,281289,280811,478
19607001,32.9591,27.1583,482,40840,0.653224,0.53,1,281324,280842,482
19609921,39.3918,33.4317,488,40892,0.714645,0.53,1,281365,280877,488
19612841,32.6784,38.6863,479,40944,0.742929,0.55,1,281396,280917,479
19615761,32.1357,30.9373,482,40996,0.748586,0.59,1,281428,280946,482
19618681,43.2271,31.7875,496,41047,0.781717,0.57,2,281474,280978,496
19621601,27.8454,43.9575,473,41098,0.788343,0.55,2,281498,281025,473
19624521,42.3691,27.1915,496,41149,0.805669,0.59,2,281544,281048,496
19627441,10.0738,42.2383,452,41200,0.809134,0.59,2,281546,281094,452
19630361,62.8148,10.0477,526,41251,0.857827,0.61,2,281622,281096,526
19633281,41.363,61.2095,488,41302,0.867565,0.68,2,281658,281170,488
19636201,52.2726,39.4419,509,41353,0.885513,0.65,2,281713,281204,509
19639121,12.0545,51.8884,456,41404,0.889103,0.65,2,281715,281259,456
19642041,24.8109,11.9777,482,41455,0.889821,0.67,2,281743,281261,482
19644961,32.1622,24.7955,488,41506,0.889964,0.65,2,281777,281289,488
19647881,8.03244,32.9591,455,41557,0.889993,0.73,2,281779,281324,455
19811401,23,25,506,44312,0.95,1,2,283706,283200,506
19814321,27,26.6,507,44360,0.918,1,2,283734,283227,507
20170561,51,32,474,22724,0.05,0.33,1,287781,287307,474
20173481,46.2,61.6,450,22817,0.018,0.25,1,287826,287376,450
20176401,27.64,41.12,437,22910,0.0436,0.03,1,287849,287412,437
20179321,39.128,29.824,452,23003,0.03272,0,1,287891,287439,452
20182241,77.4256,53.9648,479,23095,0.030544,0.05,1,287978,287499,479
20185161,75.4851,85.993,460,23187,0.0621088,0.03,1,288053,287593,460
20188081,67.897,71.5986,458,23278,0.0124218,0.05,1,288119,287661,458
20191001,80.7794,69.5197,473,23369,0.0264844,0.05,1,288203,287730,473
20193921,52.9559,54.7039,468,23460,0.109297,0.01,1,288249,287781,468
20196841,28.9912,46.9408,446,23550,0.125859,0.05,1,288272,287826,446
20199761,37.7982,27.7882,463,23640,0.129172,0.03,1,288312,287849,463
20202681,77.1596,39.1576,508,23730,0.0658344,0.03,1,288399,287891,508
20205601,76.2319,77.4315,497,23819,0.0371669,0.07,1,288475,287978,497
20208521,68.0464,75.4863,488,23908,0.0314334,0,1,288541,288053,488
20211441,15.2093,67.8973,424,23997,0.0622867,0.03,1,288543,288119,424
20214361,69.4419,80.7795,423,24085,0.0204573,0.13,1,288626,288203,423
20217281,54.6884,52.9559,428,24173,0.0760915,0.13,1,288677,288249,428
20220201,29.3377,28.9912,428,24261,0.0872183,0.13,1,288700,288272,428
20223121,36.2675,37.7982,426,24348,0.0894437,0.05,1,288738,288312,426
20226041,74.4535,77.1596,423,24435,0.0578887,0.03,1,288822,288399,423
20228961,74.8907,76.2319,422,24522,0.0355777,0.03,1,288897,288475,422
20231881,67.7781,68.0464,422,24608,0.0951155,0.07,1,288963,288541,422
20234801,15.1556,15.2093,422,24694,0.107023,0.01,1,288965,288543,422
20237721,69.4311,69.4419,422,24780,0.0614046,0.09,1,289048,288626,422
20240641,58.6862,54.6884,427,24866,0.0522809,0.09,1,289104,288677,427
20243561,29.3372,29.3377,426,24951,0.0664562,0.09,1,289126,288700,426
20246481,37.0674,36.2675,427,25036,0.0852912,0.05,1,289165,288738,427
20249401,70.6135,74.4535,422,25121,0.0890583,0.03,1,289244,288822,422
20252321,74.1227,74.8907,422,25205,0.0258116,0.11,1,289319,288897,422
20255241,70.0245,67.7781,425,25289,0.0611623,0.11,1,289388,288963,425
20258161,15.6049,15.1556,425,25373,0.0682325,0.05,1,289390,288965,425
20261081,68.721,69.4311,424,25457,0.0856465,0.05,1,289472,289048,424
20264001,58.5442,13.8862,480,25540,0.0891293,0.05,1,289528,289048,480
20266921,29.3088,47.5772,446,25623,0.105826,0.07,1,289550,289104,446
20269841,36.2618,27.1154,462,25706,0.125165,0.09,1,289588,289126,462
20272761,72.0524,36.6231,504,25788,0.145033,0.09,1,289669,289165,504
20275681,71.2105,70.5246,496,25870,0.165007,0.01,1,289740,289244,496
20278601,70.2421,74.1049,491,25952,0.0570013,0.07,1,289810,289319,491
20281521,15.6484,70.021,424,26034,0.0354003,0.07,1,289812,289388,424
20284441,69.5297,15.6042,505,26115,0.0630801,0.09,1,289895,289390,505
20287361,61.1059,68.7208,482,26196,0.084616,0.09,1,289954,289472,482
20290281,30.6212,58.5442,449,26277,0.104923,0.11,1,289977,289528,449
20293201,36.5242,29.3088,465,26358,0.140985,0.13,1,290015,289550,465
20296121,72.9048,36.2618,509,26438,0.148197,0.15,1,290097,289588,509
20299041,71.381,72.0524,499,26518,0.149639,0.17,1,290168,289669,499
20301961,65.4762,71.2105,492,26598,0.133928,0.03,1,290232,289740,492
20304881,14.6952,70.2421,424,26678,0.130786,0.03,1,290234,289810,424
20307801,70.939,15.6484,507,26757,0.162157,0.07,1,290319,289812,507
20310721,62.1878,69.5297,484,26836,0.216431,0.09,1,290379,289895,484
20313641,31.6376,61.1059,449,26915,0.227286,0.11,1,290403,289954,449
20316561,7.92751,30.6212,428,26994,0.229457,0.15,1,290405,289977,428
20319481,32.7855,36.5242,429,27072,0.261891,0.15,1,290444,290015,429
20322401,72.1571,72.9048,429,27150,0.316378,0.15,1,290526,290097,429
20325321,72.8314,71.381,431,27228,0.327276,0.13,1,290599,290168,431
20328241,63.3663,65.4762,428,27306,0.361455,0.13,1,290660,290232,428
20331161,14.2733,14.6952,428,27384,0.400291,0.17,1,290662,290234,428
20334081,73.2547,70.939,431,27461,0.424058,0.23,1,290750,290319,431
20337001,64.2509,62.1878,433,27538,0.460812,0.23,1,290812,290379,433
20339921,32.0502,31.6376,433,27615,0.468162,0.23,1,290836,290403,433
20342841,8.01004,7.92751,433,27692,0.469633,0.27,1,290838,290405,433
20345761,35.202,32.7855,436,27768,0.517927,0.33,1,290880,290444,436
20348681,74.2404,72.1571,438,27844,0.495585,0.33,1,290964,290526,438
20351601,73.2481,72.8314,438,27920,0.523117,0.37,1,291037,290599,438
20354521,65.0496,63.3663,440,27996,0.624623,0.41,1,291100,290660,440
20357441,14.6099,14.2733,440,28072,0.660925,0.43,1,291102,290662,440
20360361,75.722,73.2547,443,28147,0.636185,0.47,1,291193,290750,443
20363281,66.3444,64.2509,445,28222,0.647237,0.47,1,291257,290812,445
20366201,32.4689,32.0502,445,28297,0.649447,0.47,1,291281,290836,445
20369121,8.09378,8.01004,445,28372,0.649889,0.47,1,291283,290838,445
20372041,35.2188,1.60201,487,28447,0.585978,0.53,1,291325,290838,487
20374961,75.0438,33.9204,530,28521,0.621196,0.49,1,291410,290880,530
20377881,74.2088,73.9841,520,28595,0.628239,0.53,1,291484,290964,520
20380801,69.2418,73.1968,515,28669,0.693648,0.65,1,291552,291037,515
20383721,15.4483,65.0394,454,28743,0.70673,0.67,1,291554,291100,454
20386641,75.8897,14.6079,543,28817,0.725346,0.63,1,291645,291102,543
20389561,65.5779,75.7216,515,28890,0.729069,0.65,1,291708,291193,515
20392481,32.3156,66.3443,475,28963,0.729814,0.65,1,291732,291257,475
20395401,8.06312,32.4689,453,29036,0.729963,0.65,1,291734,291281,453
20398321,33.6126,8.09377,491,29109,0.761993,0.57,2,291774,291283,491
20401241,75.5225,35.2188,535,29182,0.800399,0.63,2,291860,291325,535
20404161,75.9045,75.0438,526,29255,0.87208,0.63,2,291936,291410,526
20407081,73.5809,74.2088,525,29327,0.838416,0.71,2,292009,291484,525
20410001,16.3162,69.2418,459,29399,0.831683,0.71,2,292011,291552,459
20412921,76.0632,15.4483,548,29471,0.910337,0.73,2,292102,291554,548
20415841,65.6126,75.8897,520,29543,0.910067,0.73,2,292165,291645,520
20418761,32.3225,65.5779,481,29615,0.910013,0.73,2,292189,291708,481
20421681,8.06451,32.3156,459,29686,0.910003,0.73,2,292191,291732,459
20518041,23,88,503,31953,0.61,1,1,293776,293273,503
20520961,33.4,39.2,512,32019,0.562,1,1,293812,293300,512
20523881,71.48,50.24,540,32085,0.2644,1,1,293893,293353,540
20526801,40.696,63.648,506,32151,0.09288,1,1,293926,293420,506
20529721,71.3392,33.5296,559,32217,0.026576,1,1,294005,293446,559
20532641,47.8678,72.3059,519,32283,0.0453152,1,1,294047,293528,519
20535561,45.5736,57.6612,510,32349,0.033063,1,1,294092,293582,510
20538481,22.7147,36.3322,496,32414,0.0786126,0.99,1,294109,293613,496
20541401,20.5429,24.0664,495,32479,0.0157225,0.96,1,294129,293634,495
20544321,64.1086,25.6133,544,32544,0.0751445,0.67,1,294204,293660,544
20547241,30.4217,79.5227,473,32609,0.0710289,0.61,1,294226,293753,473
20550161,31.6843,34.3045,482,32674,0.0702058,0.55,1,294258,293776,482
20553081,55.9369,35.6609,508,32739,0.118041,0.19,1,294320,293812,508
20556001,12.7874,71.9322,429,32804,0.143608,0.05,1,294322,293893,429
20558921,25.7575,40.7864,425,32868,0.148722,0.01,1,294351,293926,425
20561841,67.5515,71.3573,424,32932,0.0537443,0.05,1,294429,294005,424
20564761,46.3103,47.8715,423,32996,0.0187489,0.03,1,294470,294047,423
20567681,47.6621,45.5743,426,33060,0.0117498,0.09,1,294518,294092,426
20570601,20.7324,22.7149,423,33124,0.09035,0,1,294532,294109,423
20573521,19.3465,20.543,422,33188,0.05807,0.09,1,294551,294129,422
20576441,67.8693,64.1086,427,33252,0.051614,0.07,1,294631,294204,427
20579361,31.1739,30.4217,427,33316,0.0663228,0.07,1,294653,294226,427
20582281,32.6348,31.6843,428,33379,0.101265,0.13,1,294686,294258,428
20585201,56.927,55.9369,429,33442,0.172253,0.15,1,294749,294320,429
20588121,12.9854,12.7874,429,33505,0.218451,0.15,1,294751,294322,429
20591041,25.7971,25.7575,429,33568,0.17969,0.03,1,294780,294351,429
20593961,62.7594,67.5515,423,33631,0.139938,0.01,1,294852,294429,423
20596881,46.1519,46.3103,424,33694,0.0999876,0.01,1,294894,294470,424
20599801,47.6304,47.6621,424,33757,0.0919975,0.11,1,294942,294518,424
20602721,21.5261,20.7324,425,33820,0.0583995,0.05,1,294957,294532,425
20605641,17.1052,19.3465,422,33883,0.0516799,0.05,1,294973,294551,422
20608561,69.021,67.8693,424,33945,0.082336,0.07,1,295055,294631,424
20611481,32.2042,31.1739,425,34007,0.120467,0.11,1,295078,294653,425
20614401,35.2408,32.6348,428,34069,0.0960934,0.19,1,295114,294686,428
20617321,59.8482,56.927,431,34131,0.0432187,0.23,1,295180,294749,431
20620241,13.5696,12.9854,431,34193,0.0646437,0.17,1,295182,294751,431
20623161,25.1139,25.7971,430,34255,0.0369287,0.17,1,295210,294780,430
20626081,60.2228,5.15942,499,34317,0.0793857,0.13,1,295279,294780,499
20629001,44.0446,58.6319,467,34379,0.0878771,0.09,1,295319,294852,467
20631921,46.4089,45.3264,472,34441,0.0895754,0.09,1,295366,294894,472
20634841,20.4818,47.4653,438,34502,0.0899151,0.05,1,295380,294942,438
20637761,16.8964,21.4931,439,34563,0.105983,0.05,1,295396,294957,439
20640681,71.3793,17.0986,508,34624,0.189197,0.09,1,295481,294973,508
20643601,31.8759,69.0197,448,34685,0.173839,0.13,1,295503,295055,448
20646521,34.3752,32.2039,460,34746,0.202768,0.09,1,295538,295078,460
20649441,58.075,35.2408,488,34807,0.192554,0.03,1,295602,295114,488
20652361,13.215,59.8482,424,34868,0.190511,0.07,1,295604,295180,424
20655281,25.843,13.5696,451,34929,0.222102,0.03,1,295633,295182,451
20658201,61.9686,25.1139,494,34990,0.22842,0.09,1,295704,295210,494
20661121,44.3937,60.2228,465,35050,0.245684,0.09,1,295744,295279,465
20664041,46.4787,44.0446,472,35110,0.313137,0.09,1,295791,295319,472
20666961,21.2957,46.4089,440,35170,0.310627,0.09,1,295806,295366,440
20669881,17.0591,20.4818,442,35230,0.310125,0.11,1,295822,295380,442
20672801,73.8118,16.8964,514,35290,0.390025,0.21,1,295910,295396,514
20675721,33.1624,71.3793,452,35350,0.390005,0.17,1,295933,295481,452
20678641,33.8325,31.8759,464,35410,0.406001,0.21,1,295967,295503,464
20681561,58.7665,34.3752,494,35470,0.4252,0.19,1,296032,295538,494
20684481,13.3533,58.075,432,35530,0.42904,0.19,1,296034,295602,432
20687401,25.8707,13.215,459,35589,0.461808,0.23,1,296063,295604,459
20690321,63.5741,25.843,503,35648,0.532362,0.23,1,296136,295633,503
20693241,14.3148,61.9686,434,35707,0.546472,0.25,1,296138,295704,434
20696161,34.863,44.3937,434,35766,0.581294,0.33,1,296178,295744,434
20699081,47.7726,46.4787,438,35825,0.572259,0.31,1,296229,295791,438
20702001,20.7545,21.2957,437,35884,0.570452,0.31,1,296243,295806,437
20704921,16.9509,17.0591,437,35943,0.55409,0.41,1,296259,295822,437
20707841,77.7902,73.8118,442,36002,0.566818,0.39,1,296352,295910,442
20710761,33.158,33.1624,441,36061,0.569364,0.41,1,296374,295933,441
20713681,34.6316,33.8325,442,36120,0.601873,0.43,1,296409,295967,442
20716601,60.5263,58.7665,444,36179,0.640375,0.43,1,296476,296032,444
20719521,13.7053,13.3533,444,36237,0.648075,0.47,1,296478,296034,444
20722441,26.7411,25.8707,445,36295,0.665615,0.55,1,296508,296063,445
20725361,66.9482,63.5741,449,36353,0.717123,0.55,1,296585,296136,449
20728281,14.9896,14.3148,449,36411,0.727425,0.59,1,296587,296138,449
20731201,34.9979,34.863,449,36469,0.745485,0.57,1,296627,296178,449
20734121,46.9996,47.7726,448,36527,0.797097,0.57,2,296677,296229,448
20737041,21.3999,20.7545,449,36585,0.823419,0.55,2,296692,296243,449
20739961,17.08,16.9509,449,36643,0.796684,0.57,2,296708,296259,449
20742881,78.616,77.7902,450,36701,0.791337,0.57,2,296802,296352,450
20745801,33.3232,33.158,450,36759,0.822267,0.61,2,296824,296374,450
20748721,37.0646,34.6316,453,36816,0.828453,0.65,2,296862,296409,453
20751641,61.8129,60.5263,454,36873,0.877691,0.65,2,296930,296476,454
20754561,13.9626,13.7053,454,36930,0.887538,0.67,2,296932,296478,454
20757481,29.1925,26.7411,457,36987,0.889508,0.73,2,296965,296508,457
20760401,69.0385,66.9482,459,37044,0.889902,0.73,2,297044,296585,459
20763321,15.4077,14.9896,459,37101,0.88998,0.75,2,297046,296587,459
20766241,35.0815,34.9979,459,37158,0.873996,0.75,2,297086,296627,459
20769161,48.6163,6.99959,511,37215,0.886799,0.81,2,297138,296627,511
20772081,20.9233,41.3999,475,37272,0.88936,0.83,2,297152,296677,475
20775001,16.9847,20.28,476,37329,0.889872,0.79,2,297168,296692,476
21245121,49,37,498,45536,0.81,1,2,302934,302436,498
21248041,37,41,490,45582,0.762,1,2,302968,302478,490
21250961,29.8,33.8,486,45628,0.7364,0.99,1,302996,302510,486
21253881,30.76,26.76,492,45674,0.76328,1,2,303027,302535,492
21256801,38.952,39.752,490,45720,0.640656,1,1,303068,302578,490
21259721,33.3904,33.5504,490,45766,0.664131,1,1,303100,302610,490
21262641,27.4781,28.3101,489,45812,0.732826,0.93,1,303126,302637,489
21265561,19.8956,25.662,482,45858,0.682565,1,1,303144,302662,482
21268481,27.9791,27.5324,484,45904,0.640513,1,1,303174,302690,484
21271401,32.7958,32.7065,484,45950,0.680103,1,1,303208,302724,484
21274321,24.1592,6.5413,506,45996,0.688021,0.96,1,303230,302724,506
21277241,27.2318,24.5083,505,46042,0.689604,0.93,1,303258,302753,505
21280161,27.0464,29.7017,501,46088,0.673921,1,1,303285,302784,501
21283081,30.2093,31.5403,500,46134,0.718784,0.91,1,303316,302816,500
21286001,31.6419,31.9081,500,46180,0.695757,0.91,1,303348,302848,500
21288921,40.7284,35.9816,506,46226,0.739151,0.81,1,303391,302885,506
21291841,36.1457,46.3963,492,46272,0.73183,0.75,1,303426,302934,492
21294761,28.8291,36.4793,485,46318,0.746366,0.73,1,303453,302968,485
21297681,29.7658,29.6959,487,46364,0.765273,0.77,2,303483,302996,487
21300601,35.5532,30.7392,493,46409,0.801055,0.61,2,303520,303027,493
21303521,34.3106,38.9478,486,46454,0.744211,0.67,1,303554,303068,486
21306441,27.6621,33.3896,480,46499,0.748842,0.75,1,303580,303100,480
21309361,19.9324,27.4779,472,46544,0.749768,0.67,1,303598,303126,472
21312281,28.7865,19.8956,485,46589,0.733954,0.63,1,303629,303144,485
21315201,32.9573,27.9791,489,46634,0.746791,0.69,1,303663,303174,489
21318121,24.1915,32.7958,477,46679,0.765358,0.69,2,303685,303208,477
21321041,28.8383,24.1592,485,46724,0.801072,0.69,2,303715,303230,485
21323961,23.3677,27.2318,479,46769,0.824214,0.67,2,303737,303258,479
21326881,33.4735,27.0464,488,46814,0.844843,0.73,2,303773,303285,488
21329801,30.6947,30.2093,487,46859,0.864969,0.69,2,303803,303316,487
21332721,42.9389,31.6419,501,46904,0.884994,0.75,2,303849,303348,501
21335641,35.7878,40.7284,492,46949,0.888999,0.73,2,303883,303391,492
21338561,29.5576,36.1457,485,46994,0.8898,0.75,2,303911,303426,485
21341481,30.7115,28.8291,489,47039,0.90596,0.77,2,303942,303453,489
21344401,37.3423,29.7658,498,47084,0.925192,0.81,2,303981,303483,498
21347321,31.4685,35.5532,491,47129,0.929038,0.73,2,304011,303520,491
21623261,61,72,493,23541,0.29,0.75,1,306918,306425,493
21626181,66.6,73.6,487,23631,0.322,0.63,1,306986,306499,487
21629101,62.92,52.32,502,23721,0.3284,0.49,1,307048,306546,502
21632021,54.984,80.064,468,23810,0.36168,0.37,1,307101,306633,468
21634941,60.5968,56.0128,480,23899,0.384336,0.31,1,307163,306683,480
21637861,37.7194,60.8026,450,23988,0.420867,0.31,1,307195,306745,450
21640781,19.5439,28.9605,444,24076,0.476173,0.37,1,307210,306766,444
21643701,73.5088,78.5921,440,24164,0.535235,0.29,1,307297,306857,440
21646621,61.9018,64.5184,438,24252,0.499047,0.33,1,307356,306918,438
21649541,65.1803,67.3037,436,24339,0.555809,0.33,1,307422,306986,436
21652461,64.2361,63.0607,438,24426,0.535162,0.37,1,307486,307048,438
21655381,57.6472,55.0121,441,24513,0.563032,0.39,1,307542,307101,441
21658301,61.9294,60.6024,442,24599,0.552606,0.43,1,307605,307163,442
21661221,39.5859,37.7205,444,24685,0.550521,0.49,1,307639,307195,444
21664141,21.5172,19.5441,446,24771,0.566104,0.55,1,307656,307210,446
21667061,74.7034,73.5088,447,24857,0.665221,0.49,1,307744,307297,447
21669981,61.3407,61.9018,446,24942,0.669044,0.57,1,307802,307356,446
21672901,66.6681,65.1804,448,25027,0.717809,0.53,1,307870,307422,448
21675821,65.3336,64.2361,449,25112,0.743562,0.57,1,307935,307486,449
21678741,57.0667,57.6472,448,25196,0.764712,0.55,2,307990,307542,448
21681661,61.0133,61.9294,447,25280,0.736942,0.55,1,308052,307605,447
21684581,41.0027,39.5859,449,25364,0.795388,0.57,2,308088,307639,449
21687501,21.0005,21.5172,448,25448,0.839078,0.57,2,308104,307656,448
21690421,78.6001,4.30344,541,25531,0.847816,0.69,2,308197,307656,541
21693341,62.92,71.2607,512,25614,0.849563,0.67,2,308256,307744,512
21696261,67.784,60.6521,523,25697,0.865913,0.73,2,308325,307802,523
21699181,67.9568,66.5304,523,25779,0.901183,0.75,2,308393,307870,523
21702101,56.7914,65.3061,512,25861,0.924237,0.77,2,308447,307935,512
21842261,35,28,527,29535,0.83,1,2,311037,310510,527
21845181,55.8,40,545,29607,0.67,1,1,311098,310553,545
21848101,54.36,74.4,516,29678,0.494,1,1,311152,310636,516
21851021,45.272,46.08,520,29749,0.4108,1,1,311195,310675,520
21853941,35.4544,38.016,517,29820,0.29816,1,1,311228,310711,517
21856861,24.6909,49.2032,487,29891,0.307632,1,1,311250,310763,487
21859781,33.7382,45.8406,478,29962,0.245526,1,1,311286,310808,478
21862701,61.1476,65.9681,475,30033,0.217105,0.87,1,311354,310879,475
21865621,75.4295,83.5936,466,30103,0.0834211,0.85,1,311433,310967,466
21868541,37.4859,44.7187,459,30173,0.0246842,0.83,1,311461,311002,459
21871461,34.6972,36.9437,458,30243,0.0609368,0.63,1,311495,311037,458
21874381,49.3394,56.1887,450,30313,0.0521874,0.45,1,311548,311098,450
21877301,45.0679,54.4377,440,30383,0.0184375,0.39,1,311592,311152,440
21880221,43.4136,45.2876,440,30453,0.0436875,0.27,1,311635,311195,440
21883141,33.4827,35.4575,438,30522,0.128737,0.31,1,311666,311228,438
21886061,21.0965,24.6915,434,30591,0.113747,0.23,1,311684,311250,434
21888981,32.2193,33.7383,433,30660,0.14275,0.21,1,311719,311286,433
21891901,56.8439,61.1477,428,30729,0.19655,0.05,1,311782,311354,428
21894821,70.5688,75.4295,423,30798,0.19131,0.01,1,311856,311433,423
21897741,35.7138,37.4859,422,30867,0.238262,0.07,1,311883,311461,422
21900661,35.1428,34.6972,423,30936,0.199652,0.05,1,311918,311495,423
21903581,49.4286,49.3394,423,31004,0.17593,0.01,1,311971,311548,423
21906501,45.0857,45.0679,423,31072,0.155186,0.05,1,312015,311592,423
21909421,44.2171,43.4136,424,31140,0.103037,0.15,1,312059,311635,424
21912341,36.0434,33.4827,427,31208,0.140607,0.11,1,312093,311666,427
21915261,20.0087,21.0965,425,31276,0.116121,0.11,1,312109,311684,425
21918181,34.4017,4.21931,463,31344,0.111224,0.15,1,312147,311684,463
21921101,58.0803,28.8439,492,31412,0.158245,0.21,1,312211,311719,492
21924021,71.6161,56.1688,504,31479,0.215649,0.19,1,312286,311782,504
21926941,36.7232,70.4338,458,31546,0.22713,0.25,1,312314,311856,458
21929861,36.1446,35.6868,467,31613,0.245426,0.19,1,312350,311883,467
21932781,49.6289,35.1373,485,31680,0.249085,0.17,1,312403,311918,485
21935701,41.9258,49.4275,472,31747,0.249817,0.15,1,312443,311971,472
21938621,41.1852,45.0855,469,31814,0.281963,0.09,1,312484,312015,469
21941541,36.237,44.2171,460,31881,0.336393,0.15,1,312519,312059,460
21944461,21.6474,36.0434,444,31947,0.347279,0.11,1,312537,312093,444
21947381,33.1295,20.0087,464,32013,0.365456,0.11,1,312573,312109,464
21950301,60.2259,34.4017,493,32079,0.369091,0.17,1,312640,312147,493
21953221,74.4452,58.0803,507,32145,0.465818,0.23,1,312718,312211,507
21956141,38.089,71.6161,461,32211,0.501164,0.23,1,312747,312286,461
21959061,36.4178,36.7232,469,32277,0.492233,0.25,1,312783,312314,469
21961981,49.6836,36.1446,486,32343,0.474447,0.25,1,312836,312350,486
21964901,41.9367,49.6289,473,32408,0.470889,0.25,1,312876,312403,473
21967821,42.7873,41.9258,476,32473,0.486178,0.29,1,312919,312443,476
21970741,38.9575,41.1852,473,32538,0.553236,0.35,1,312957,312484,473
21973661,22.1915,36.237,456,32603,0.566647,0.35,1,312975,312519,456
21976581,34.0383,21.6474,475,32668,0.569329,0.37,1,313012,312537,475
21979501,62.0077,33.1295,508,32733,0.585866,0.37,1,313081,312573,508
21982421,14.0015,60.2259,443,32798,0.589173,0.49,1,313083,312640,443
21985341,67.6003,74.4452,446,32862,0.637835,0.51,1,313164,312718,446
21988261,35.9201,38.089,445,32926,0.679567,0.49,1,313192,312747,445
21991181,36.784,36.4178,446,32990,0.655913,0.47,1,313229,312783,446
21994101,48.9568,49.6836,445,33054,0.715183,0.47,1,313281,312836,445
21997021,41.7914,41.9367,445,33118,0.695037,0.49,1,313321,312876,445
21999941,44.3583,42.7873,447,33182,0.707007,0.57,1,313366,312919,447
22002861,41.6717,38.9575,450,33246,0.741401,0.57,1,313407,312957,450
22005781,22.7343,22.1915,450,33310,0.71628,0.57,1,313425,312975,450
22008701,34.1469,34.0383,450,33373,0.711256,0.59,1,313462,313012,450
22011621,64.4294,62.0077,453,33436,0.726251,0.59,1,313534,313081,453
22014541,14.4859,14.0015,453,33499,0.72925,0.65,1,313536,313083,453
22017461,68.4972,67.6003,454,33562,0.79385,0.69,2,313618,313164,454
22020381,36.8994,35.9201,455,33625,0.83877,0.65,2,313647,313192,455
22023301,36.9799,36.784,455,33688,0.847754,0.73,2,313684,313229,455
22026221,49.796,48.9568,456,33751,0.865551,0.69,2,313737,313281,456
22029141,41.9592,41.7914,456,33814,0.86911,0.71,2,313777,313321,456
22032061,45.1918,44.3583,457,33877,0.885822,0.75,2,313823,313366,457
22034981,41.8384,41.6717,457,33939,0.905164,0.71,2,313864,313407,457
22037901,22.7677,22.7343,457,34001,0.909033,0.71,2,313882,313425,457
22040821,34.1535,34.1469,457,34063,0.893807,0.73,2,313919,313462,457
22043741,66.0307,64.4294,459,34125,0.906761,0.73,2,313993,313534,459
22046661,14.8061,14.4859,459,34187,0.909352,0.81,2,313995,313536,459
22172221,26,18,494,36754,0.73,1,1,315796,315302,494
22175141,36.4,37.2,491,36811,0.746,1,1,315835,315344,491
22178061,58.48,62.64,486,36868,0.6692,1,1,315899,315413,486
22180981,33.296,33.328,487,36925,0.63784,1,1,315926,315439,487
22183901,45.8592,54.6656,476,36982,0.583568,1,1,315975,315499,476
22186821,34.7718,35.7331,477,37039,0.476714,1,1,316007,315530,477
22189741,43.7544,38.3466,484,37096,0.407343,1,1,316053,315569,484
22192661,25.5509,27.6693,480,37153,0.441469,1,1,316074,315594,480
22195581,31.5102,5.53386,513,37210,0.384294,1,1,316107,315594,513
22198501,41.502,29.9068,521,37267,0.404859,1,1,316151,315630,521
22201421,37.1004,47.5814,505,37324,0.408972,0.87,1,316187,315682,505
22204341,40.2201,47.1163,499,37381,0.377794,0.71,1,316228,315729,499
22207261,31.244,42.2233,487,37438,0.387559,0.73,1,316257,315770,487
22210181,31.8488,29.2447,493,37494,0.421512,0.75,1,316289,315796,493
22213101,50.3698,37.0489,509,37550,0.412302,0.65,1,316344,315835,509
22216021,34.074,58.6098,475,37606,0.41046,0.63,1,316374,315899,475
22218941,42.0148,33.322,492,37662,0.410092,0.57,1,316418,315926,492
22221861,30.803,45.8644,471,37718,0.474018,0.45,1,316446,315975,471
22224781,45.3606,34.7729,488,37774,0.470804,0.39,1,316495,316007,488
22227701,25.0721,43.7546,462,37830,0.486161,0.45,1,316515,316053,462
22230621,30.6144,25.5509,473,37886,0.505232,0.37,1,316547,316074,473
22233541,41.3229,31.5102,484,37942,0.541046,0.41,1,316591,316107,484
22236461,37.8646,41.502,477,37998,0.596209,0.41,1,316628,316151,477
22239381,38.7729,37.1004,480,38054,0.623242,0.37,1,316667,316187,480
22242301,33.3546,40.2201,471,38110,0.644648,0.39,1,316699,316228,471
22245221,31.4709,31.244,473,38165,0.64893,0.43,1,316730,316257,473
22248141,50.2942,31.8488,496,38220,0.665786,0.41,1,316785,316289,496
22251061,35.6588,50.3698,473,38275,0.685157,0.41,1,316817,316344,473
22253981,42.3318,34.074,487,38330,0.689031,0.41,1,316861,316374,487
22256901,32.4664,42.0148,473,38385,0.737806,0.49,1,316891,316418,473
22259821,44.8933,30.803,493,38440,0.763561,0.47,2,316939,316446,493
22262741,27.3787,45.3606,467,38495,0.784712,0.49,2,316962,316495,467
22265661,33.4757,25.0721,482,38550,0.788942,0.51,2,316997,316515,482
22268581,40.2951,30.6144,492,38605,0.821788,0.55,2,317039,316547,492
22271501,9.65903,41.3229,450,38660,0.844358,0.61,2,317041,316591,450
22274421,33.1318,37.8646,452,38715,0.896872,0.63,2,317080,316628,452
22277341,37.0264,38.7729,451,38770,0.907374,0.65,2,317118,316667,451
22280261,36.2053,33.3546,455,38824,0.909475,0.65,2,317154,316699,455
22283181,31.2411,31.4709,454,38878,0.893895,0.67,2,317184,316730,454
22286101,51.0482,50.2942,455,38932,0.922779,0.69,2,317240,316785,455
22289021,36.6096,35.6588,456,38986,0.912556,0.69,2,317273,316817,456
22291941,42.5219,42.3318,456,39040,0.910511,0.75,2,317317,316861,456
22294861,35.7044,32.4664,460,39094,0.910102,0.77,2,317351,316891,460
22481741,115,117,502,19203,0.23,0.98,1,319800,319298,502
22484661,99,73.8,534,19314,0.086,1,1,319895,319361,534
22487581,78.2,100.36,500,19424,0.0252,0.99,1,319968,319468,500
22490501,62.04,77.672,486,19533,0.07704,0.88,1,320026,319540,486
22493421,35.608,45.1344,478,19642,0.071408,0.87,1,320055,319577,478
22496341,69.5216,33.0269,526,19750,0.102282,0.61,1,320133,319607,526
22499261,95.5043,69.0054,550,19857,0.204456,0.23,1,320235,319685,550
22502181,83.9009,105.801,516,19964,0.208891,0.05,1,320316,319800,516
22505101,75.9802,97.1602,495,20070,0.0657782,0.01,1,320390,319895,495
22508021,63.996,77.832,483,20176,0.0851557,0.09,1,320451,319968,483
22510941,34.3992,61.9664,452,20281,0.0890311,0.07,1,320478,320026,452
22513861,70.8798,35.5933,503,20386,0.137806,0.11,1,320558,320055,503
22516781,99.776,69.5187,532,20490,0.179561,0.23,1,320665,320133,532
22519701,83.9552,95.5037,510,20594,0.203912,0.21,1,320745,320235,510
22522621,71.191,83.9007,497,20697,0.256782,0.03,1,320813,320316,497
22525541,63.0382,75.9801,484,20799,0.171356,0.09,1,320874,320390,484
22528461,35.8076,63.996,452,20901,0.202271,0.09,1,320903,320451,452
22531381,71.9615,34.3992,506,21002,0.224454,0.15,1,320984,320478,506
22534301,15.9923,70.8798,428,21103,0.228891,0.19,1,320986,320558,428
22537221,91.1985,99.776,431,21204,0.325778,0.21,1,321096,320665,431
22540141,83.0397,83.9552,432,21304,0.393156,0.27,1,321177,320745,432
22543061,73.4079,71.191,435,21404,0.390631,0.15,1,321248,320813,435
22545981,59.4816,63.0382,430,21503,0.454126,0.21,1,321304,320874,430
22548901,36.6963,35.8076,432,21602,0.450825,0.23,1,321335,320903,432
22551821,72.9393,71.9615,433,21700,0.450165,0.23,1,321417,320984,433
22554741,16.1879,15.9923,433,21798,0.450033,0.35,1,321419,320986,433
22557661,96.0376,91.1985,439,21895,0.450007,0.41,1,321535,321096,439
22560581,86.4075,83.0397,442,21992,0.498001,0.39,1,321619,321177,442
22563501,73.2815,73.4079,441,22088,0.5236,0.47,1,321689,321248,441
22566421,62.6563,59.4816,445,22184,0.48072,0.45,1,321749,321304,445
22569341,36.5313,36.6963,444,22280,0.472144,0.45,1,321779,321335,444
22572261,73.7063,72.9393,445,22375,0.518429,0.45,1,321862,321417,445
22575181,16.3412,16.1879,445,22470,0.527686,0.45,1,321864,321419,445
22578101,95.2682,96.0376,444,22564,0.609537,0.45,1,321979,321535,444
22581021,86.2537,19.2075,528,22658,0.641907,0.51,1,322063,321535,528
22583941,74.8507,71.0415,516,22752,0.712382,0.53,1,322135,321619,516
22586861,61.3701,70.2083,504,22845,0.726476,0.47,1,322193,321689,504
22589781,37.874,62.0417,476,22938,0.729295,0.47,1,322225,321749,476
22592701,73.1748,36.4083,528,23030,0.729859,0.53,1,322307,321779,528
22595621,16.235,73.6817,447,23122,0.729972,0.53,1,322309,321862,447
22598541,100.047,16.3363,566,23214,0.777994,0.63,2,322430,321864,566
22601461,88.8094,95.2673,537,23305,0.755599,0.65,2,322516,321979,537
22604381,78.5619,86.2535,529,23396,0.84712,0.73,2,322592,322063,529
22607301,62.1124,74.8507,515,23487,0.881424,0.73,2,322650,322135,515
22610221,36.4225,61.3701,487,23577,0.888285,0.73,2,322680,322193,487
22732861,71,90,488,27097,0.71,1,1,325167,324679,488
22735781,43.8,49.2,486,27175,0.662,1,1,325204,324718,486
22738701,67.96,71.44,483,27253,0.5724,1,1,325278,324795,483
22741621,88.792,97.488,473,27331,0.47448,1,1,325372,324899,473
22744541,47.3584,49.8976,472,27408,0.390896,0.97,1,325409,324937,472
22747461,35.8717,38.7795,469,27485,0.294179,1,1,325442,324973,469
22750381,47.9743,50.9559,466,27562,0.274836,0.87,1,325493,325027,466
22753301,37.5949,41.3912,462,27639,0.302967,0.83,1,325528,325066,462
22756221,30.719,32.2782,461,27716,0.292593,0.71,1,325557,325096,461
22759141,59.7438,63.2556,457,27792,0.226519,0.65,1,325624,325167,457
22762061,39.9488,42.2511,455,27868,0.245304,0.55,1,325659,325204,455
22764981,60.7898,67.6502,447,27944,0.281061,0.45,1,325725,325278,447
22767901,83.358,88.73,442,28020,0.176212,0.37,1,325814,325372,442
22770821,46.2716,47.346,442,28096,0.251242,0.27,1,325851,325409,442
22773741,30.0543,35.8692,435,28171,0.298248,0.27,1,325877,325442,435
22776661,46.0109,47.9738,434,28246,0.30765,0.31,1,325927,325493,434
22779581,38.0022,37.5948,435,28321,0.29353,0.29,1,325963,325528,435
22782501,28.4004,30.719,432,28396,0.354706,0.29,1,325989,325557,432
22785421,58.4801,6.14379,498,28471,0.334941,0.21,1,326055,325557,498
22788341,41.296,54.8288,468,28545,0.378988,0.25,1,326092,325624,468
22791261,59.4592,38.9658,497,28619,0.419798,0.29,1,326156,325659,497
22794181,80.6918,60.5931,517,28693,0.45996,0.15,1,326242,325725,517
22797101,49.7384,83.3186,470,28767,0.467992,0.27,1,326284,325814,470
22800021,32.3477,46.2637,461,28841,0.469598,0.31,1,326312,325851,461
22802941,46.4695,30.0527,485,28914,0.51792,0.31,1,326362,325877,485
22805861,39.6939,46.0105,473,28987,0.495584,0.29,1,326400,325927,473
22808781,28.7388,38.0021,463,29060,0.491117,0.37,1,326426,325963,463
22811701,58.5478,28.4004,503,29133,0.490223,0.33,1,326492,325989,503
22814621,43.7096,58.4801,477,29206,0.554045,0.39,1,326532,326055,477
22817541,61.5419,41.296,506,29278,0.598809,0.43,1,326598,326092,506
22820461,82.7084,59.4592,530,29350,0.655762,0.47,1,326686,326156,530
22823381,48.5417,80.6918,484,29422,0.667152,0.47,1,326726,326242,484
22826301,33.7083,49.7384,472,29494,0.66943,0.47,1,326756,326284,472
22829221,47.5417,32.3477,495,29566,0.717886,0.53,1,326807,326312,495
22832141,39.9083,46.4695,483,29638,0.743577,0.49,1,326845,326362,483
22835061,28.7817,39.6939,471,29709,0.764715,0.49,2,326871,326400,471
22837981,59.3563,28.7388,512,29780,0.800943,0.49,2,326938,326426,512
22840901,13.4713,58.5478,448,29851,0.808189,0.57,2,326940,326492,448
22843821,36.2943,43.7096,450,29922,0.857638,0.61,2,326982,326532,450
23004421,43,33,495,33589,0.61,1,1,329619,329124,495
23007341,37.4,24.2,509,33652,0.514,1,1,329655,329146,509
23010261,33.88,30.44,510,33715,0.4468,1,1,329688,329178,510
23013181,24.376,35.688,495,33778,0.30536,1,1,329710,329215,495
23016101,32.8752,34.3376,496,33841,0.245072,1,1,329745,329249,496
23019021,50.575,57.2675,488,33903,0.0490144,0.99,1,329800,329312,488
23021941,45.315,43.4535,492,33965,0.0178029,1,1,329844,329352,492
23024861,32.263,34.2907,489,34027,0.0915606,1,1,329873,329384,489
23027781,38.4526,46.0581,480,34089,0.0263121,0.79,1,329913,329433,480
23030701,75.6905,94.8116,458,34151,0.0132624,0.75,1,329998,329540,458
23033621,42.3381,47.7623,456,34213,0.0106525,0.75,1,330032,329576,456
23036541,36.4676,9.55246,491,34275,0.0581305,0.61,1,330067,329576,491
23039461,32.0935,36.3105,479,34337,0.0356261,0.49,1,330098,329619,479
23042381,31.2187,36.0621,474,34399,0.0951252,0.43,1,330129,329655,474
23045301,14.2437,33.6124,451,34460,0.091025,0.27,1,330139,329688,451
23048221,28.4487,24.3225,461,34521,0.074205,0.23,1,330171,329710,461
23051141,46.4897,32.8645,477,34582,0.070841,0,1,330222,329745,477
23054061,44.4979,50.5729,466,34643,0.0541682,0.01,1,330266,329800,466
23056981,33.6996,45.3146,453,34704,0.0508336,0.11,1,330297,329844,453
23059901,37.1399,32.2629,462,34765,0.0501667,0.01,1,330335,329873,462
23062821,74.628,38.4526,506,34826,0.0100333,0.01,1,330419,329913,506
23065741,42.1256,75.6905,455,34887,0.0900067,0.01,1,330453,329998,455
23068661,38.8251,42.3381,459,34948,0.0580013,0.07,1,330491,330032,459
23071581,30.965,36.4676,453,35008,0.1316,0.03,1,330520,330067,453
23074501,33.393,32.0935,456,35068,0.14632,0.11,1,330554,330098,456
23077421,13.8786,31.2187,434,35128,0.197264,0.09,1,330563,330129,434
23080341,27.5757,14.2437,455,35188,0.191453,0.07,1,330594,330139,455
23083261,45.5151,28.4487,473,35248,0.190291,0.07,1,330644,330171,473
23086181,43.503,46.4897,465,35308,0.174058,0.05,1,330687,330222,465
23089101,39.1006,44.4979,459,35368,0.0748116,0.05,1,330725,330266,459
23092021,32.6201,33.6996,459,35428,0.0709623,0.05,1,330756,330297,459
23094941,74.524,37.1399,506,35488,0.0381925,0,1,330841,330335,506
23097861,42.1048,74.628,456,35548,0.0476385,0.11,1,330875,330419,456
23100781,41.221,42.1256,463,35607,0.0335277,0.05,1,330916,330453,463
23103701,32.2442,38.8251,455,35666,0.0787055,0.15,1,330946,330491,455
23106621,8.04884,30.965,428,35725,0.0877411,0.15,1,330948,330520,428
23109541,31.2098,33.393,431,35784,0.121548,0.21,1,330985,330554,431
23112461,14.242,13.8786,432,35843,0.12831,0.19,1,330995,330563,432
23115381,26.8484,27.5757,431,35902,0.161662,0.19,1,331025,330594,431
23118301,45.3697,45.5151,431,35961,0.152332,0.17,1,331075,330644,431
23121221,37.8739,43.503,424,36020,0.118466,0.05,1,331111,330687,424
23124141,37.9748,39.1006,424,36079,0.0956933,0.07,1,331149,330725,424
23127061,34.795,32.6201,427,36138,0.0911387,0.03,1,331183,330756,427
23129981,71.759,74.524,423,36196,0.138228,0.05,1,331264,330841,423
23132901,43.1518,42.1048,425,36254,0.115646,0.03,1,331300,330875,425
23135821,40.6304,41.221,424,36312,0.0791291,0.09,1,331340,330916,424
23138741,33.7261,32.2442,426,36370,0.0398258,0.09,1,331372,330946,426
23141661,8.34521,8.04884,426,36428,0.0319652,0.13,1,331374,330948,426
23144581,32.869,31.2098,428,36486,0.030393,0.13,1,331413,330985,428
23147501,14.5738,14.242,428,36544,0.0300786,0.17,1,331423,330995,428
23150421,26.9148,26.8484,428,36602,0.0620157,0.15,1,331453,331025,428
23153341,46.183,45.3697,429,36660,0.0684031,0.11,1,331504,331075,429
23156261,37.2366,37.8739,428,36718,0.0856806,0.09,1,331539,331111,428
23159181,36.2473,37.9748,426,36776,0.105136,0.09,1,331575,331149,426
23162101,34.4495,34.795,426,36833,0.125027,0.15,1,331609,331183,426
23165021,72.4899,71.759,427,36890,0.129005,0.11,1,331691,331264,427
23167941,43.298,43.1518,427,36947,0.161801,0.07,1,331727,331300,427
23170861,37.4596,40.6304,423,37004,0.18436,0.03,1,331763,331340,423
23173781,33.0919,33.7261,423,37061,0.204872,0.03,1,331795,331372,423
23176701,8.21838,8.34521,423,37118,0.176974,0.03,1,331797,331374,423
23179621,32.8437,32.869,423,37175,0.203395,0.03,1,331836,331413,423
23182541,14.5687,6.57381,433,37232,0.176679,0.03,1,331846,331413,433
23185461,27.7137,9.31476,454,37289,0.203336,0.07,1,331877,331423,454
23188381,46.3427,25.863,475,37346,0.224667,0.07,1,331928,331453,475
23191301,36.4685,45.9726,458,37403,0.244933,0.09,1,331962,331504,458
23194221,37.6937,37.1945,461,37459,0.280987,0.11,1,332000,331539,461
23197141,34.7387,36.2389,459,37515,0.288197,0.13,1,332034,331575,459
23200061,74.1478,34.4478,509,37571,0.257639,0.13,1,332118,331609,509
23202981,43.6296,72.4896,463,37627,0.267528,0.17,1,332154,331691,463
23205901,38.3259,43.2979,464,37683,0.253506,0.19,1,332191,331727,464
23208821,34.0652,37.4596,461,37739,0.266701,0.21,1,332224,331763,461
23211741,8.41304,33.0919,431,37795,0.28534,0.17,1,332226,331795,431
23214661,32.8826,8.21838,468,37851,0.321068,0.21,1,332265,331797,468
23217581,14.5765,32.8437,439,37907,0.328214,0.17,1,332275,331836,439
23220501,29.3153,14.5687,462,37963,0.361643,0.21,1,332308,331846,462
23223421,48.2631,27.7137,484,38019,0.400329,0.23,1,332361,331877,484
23226341,36.8526,46.3427,467,38075,0.424066,0.25,1,332395,331928,467
23229261,39.3705,36.4685,473,38130,0.428813,0.29,1,332435,331962,473
23232181,35.0741,37.6937,469,38185,0.461763,0.29,1,332469,332000,469
23235101,72.6148,34.7387,517,38240,0.516353,0.25,1,332551,332034,517
23238021,44.123,74.1478,470,38295,0.559271,0.27,1,332588,332118,470
23240941,37.6246,43.6296,470,38350,0.583854,0.25,1,332624,332154,470
23243861,35.5249,38.3259,468,38405,0.604771,0.27,1,332659,332191,468
23246781,8.70498,34.0652,437,38460,0.608954,0.29,1,332661,332224,437
23249701,34.541,8.41304,476,38515,0.657791,0.33,1,332702,332226,476
23252621,14.9082,32.8826,447,38570,0.667558,0.33,1,332712,332265,447
23255541,4.58164,14.5765,439,38625,0.669512,0.37,1,332714,332275,439
23258461,28.1163,29.3153,440,38680,0.717902,0.41,1,332748,332308,440
23261381,50.4233,48.2631,443,38735,0.72758,0.43,1,332804,332361,443
23264301,37.2847,36.8526,443,38790,0.729516,0.43,1,332838,332395,443
23267221,39.4569,39.3705,443,38844,0.745903,0.47,1,332878,332435,443
23270141,36.6914,35.0741,445,38898,0.765181,0.53,2,332914,332469,445
23273061,75.3383,72.6148,448,38952,0.785036,0.57,2,332999,332551,448
23275981,47.0677,44.123,451,39006,0.805007,0.59,2,333039,332588,451
23278901,38.2135,37.6246,451,39060,0.809001,0.61,2,333075,332624,451
23281821,37.2427,35.5249,453,39114,0.8258,0.61,2,333112,332659,453
23284741,9.04854,8.70498,453,39168,0.82916,0.67,2,333114,332661,453
23287661,36.2097,34.541,455,39222,0.829832,0.67,2,333157,332702,455
23290581,15.2419,14.9082,455,39276,0.845966,0.67,2,333167,332712,455
23293501,4.64839,4.58164,455,39330,0.849193,0.73,2,333169,332714,455
23296421,28.9297,28.1163,456,39384,0.833839,0.73,2,333204,332748,456
23299341,52.1859,50.4233,458,39438,0.814768,0.73,2,333262,332804,458
23302261,38.4372,37.2847,459,39492,0.826954,0.75,2,333297,332838,459
23305181,40.4874,39.4569,460,39545,0.845391,0.77,2,333338,332878,460
23308101,36.8975,36.6914,460,39598,0.897078,0.79,2,333374,332914,460
23311021,74.5795,75.3383,459,39651,0.875416,0.81,2,333458,332999,459
23313941,49.3159,47.0677,462,39704,0.919083,0.81,2,333501,333039,462
23496441,117,83,534,19203,0.03,0.57,1,335818,335284,534
23499361,97.8,119,499,19314,0.03,0.25,1,335911,335412,499
23502281,66.76,103,459,19424,0.046,0,1,335970,335511,459
23505201,57.352,83.8,435,19533,0.0332,0.03,1,336025,335590,435
23508121,16.2704,28.76,426,19642,0.06264,0.05,1,336031,335605,426
23511041,77.6541,18.552,503,19750,0.084528,0.09,1,336124,335621,503
23513961,109.131,67.7104,540,19857,0.120906,0.03,1,336241,335701,540
23516881,96.2262,107.142,516,19964,0.112181,0.03,1,336334,335818,516
23519801,68.0452,95.8284,484,20070,0.126436,0.05,1,336395,335911,484
23522721,56.809,66.3657,479,20176,0.0492872,0.03,1,336449,335970,479
23525641,16.1618,57.2731,430,20281,0.0338574,0.07,1,336455,336025,430
23528561,76.8324,16.2546,516,20386,0.0307715,0.09,1,336547,336031,516
23531481,112.966,77.6509,545,20490,0.0461543,0.13,1,336669,336124,545
23534401,96.1933,109.13,520,20594,0.0492309,0.11,1,336761,336241,520
23537321,68.8387,96.226,489,20697,0.0658462,0.13,1,336823,336334,489
23540241,52.9677,68.0452,477,20799,0.0371692,0.03,1,336872,336395,477
23543161,16.1935,56.809,430,20901,0.0314338,0.03,1,336879,336449,430
23546081,76.0387,16.1618,515,21002,0.0142868,0.03,1,336970,336455,515
23549001,16.8077,76.8324,425,21103,0.0428574,0.05,1,336972,336547,425
23551921,98.5616,112.966,422,21204,0.0165715,0.05,1,337091,336669,422
23554841,94.9123,96.1933,424,21304,0.0593143,0.07,1,337185,336761,424
23557761,69.3825,68.8387,425,21404,0.131863,0.03,1,337248,336823,425
23560681,52.2765,52.9677,424,21503,0.0823726,0.03,1,337296,336872,424
23563601,16.8553,16.1935,425,21602,0.0724745,0.01,1,337304,336879,425
23566521,75.3711,76.0387,424,21700,0.0384949,0.05,1,337394,336970,424
23569441,16.6742,16.8077,424,21798,0.031699,0.01,1,337396,336972,424
23572361,96.9348,98.5616,422,21895,0.0143398,0.07,1,337513,337091,422
23575281,96.987,94.9123,425,21992,0.058868,0.15,1,337610,337185,425
23578201,72.9974,69.3825,429,22088,0.0997736,0.07,1,337677,337248,429
23581121,49.7995,52.2765,425,22184,0.107955,0.07,1,337721,337296,425
23584041,17.1599,16.8553,426,22280,0.0935909,0.03,1,337730,337304,426
23586961,73.032,75.3711,423,22375,0.0907182,0.03,1,337817,337394,423
23589881,16.2064,16.6742,423,22470,0.0901436,0.01,1,337819,337396,423
23592801,96.0413,96.9348,422,22564,0.122029,0.01,1,337935,337513,422
23595721,98.4083,19.387,521,22658,0.128406,0.07,1,338034,337513,521
23598641,73.2817,81.4774,491,22752,0.161681,0.11,1,338101,337610,491
23601561,49.8563,69.8955,468,22845,0.200336,0.11,1,338145,337677,468
23604481,16.3713,49.1791,432,22938,0.224067,0.09,1,338153,337721,432
23607401,74.4743,17.0358,512,23030,0.292813,0.09,1,338242,337730,512
23610321,16.4949,73.0072,427,23122,0.306563,0.09,1,338244,337817,427
23613241,96.899,16.2014,542,23214,0.389313,0.13,1,338361,337819,542
23616161,100.18,96.0403,527,23305,0.421863,0.13,1,338462,337935,527
23619081,75.236,98.4081,497,23396,0.396372,0.17,1,338531,338034,497
23622001,52.6472,73.2816,477,23487,0.375275,0.21,1,338578,338101,477
23624921,16.9294,49.8563,441,23577,0.403055,0.23,1,338586,338145,441
23627841,76.9859,16.3713,525,23667,0.392611,0.31,1,338678,338153,525
23630761,16.9972,74.4743,438,23757,0.406522,0.31,1,338680,338242,438
23633681,99.3994,16.4949,556,23846,0.473304,0.41,1,338800,338244,556
23636601,101.48,96.899,541,23935,0.470661,0.43,1,338902,338361,541
23639521,21.896,100.18,442,24024,0.470132,0.39,1,338904,338462,442
23642441,58.7792,75.236,441,24112,0.486026,0.37,1,338972,338531,441
23645361,50.1558,52.6472,442,24200,0.505205,0.41,1,339020,338578,442
23648281,16.4312,16.9294,442,24288,0.509041,0.39,1,339028,338586,442
23651201,76.8862,76.9859,442,24375,0.621808,0.41,1,339120,338678,442
23654121,16.9772,16.9972,442,24462,0.644362,0.49,1,339122,338680,442
23657041,102.595,99.3994,446,24549,0.712872,0.47,1,339246,338800,446
23659961,101.319,101.48,445,24635,0.758574,0.47,2,339347,338902,445
23662881,21.8638,21.896,445,24721,0.767715,0.49,2,339349,338904,445
23665801,59.5728,58.7792,446,24807,0.785543,0.51,2,339418,338972,446
23668721,51.1146,50.1558,447,24892,0.789109,0.51,2,339467,339020,447
23671641,16.6229,16.4312,447,24977,0.789822,0.65,2,339475,339028,447
23674561,82.5246,76.8862,454,25062,0.805964,0.65,2,339574,339120,454
23677481,18.1049,16.9772,454,25147,0.825193,0.73,2,339576,339122,454
23680401,106.021,102.595,458,25231,0.893039,0.77,2,339704,339246,458
23683321,103.604,101.319,460,25315,0.938608,0.77,2,339807,339347,460
23686241,22.3208,21.8638,460,25399,0.947722,0.79,2,339809,339349,460
23800121,49,0,539,28471,0.57,1,1,341944,341405,539
23803041,35.4,49.6,509,28545,0.458,1,1,341976,341467,509
23805961,92.68,33.92,586,28619,0.0996,1,1,342083,341497,586
23808881,102.536,90.784,586,28693,0.02792,1,1,342188,341602,586
23811801,34.9072,98.9568,503,28767,0.061584,1,1,342206,341703,503
23814721,55.7814,43.7914,534,28841,0.116317,1,1,342267,341733,534
23817641,39.1563,57.5583,508,28914,0.0632634,0.99,1,342302,341794,508
23820561,27.0313,40.3117,496,28987,0.0126527,0.88,1,342326,341830,496
23823481,24.6063,32.8623,489,29060,0.0425305,0.75,1,342350,341861,489
23826401,36.9213,33.7725,495,29133,0.0485061,0.57,1,342390,341895,495
23829321,24.9842,45.9545,468,29206,0.113701,0.43,1,342412,341944,468
23832241,78.5968,34.7909,528,29278,0.0307402,0.01,1,342504,341976,528
23835161,101.319,92.5582,528,29350,0.00614805,0.01,1,342611,342083,528
23838081,33.0639,102.512,439,29422,0.0412296,0.07,1,342627,342188,439
23841001,58.6128,34.9023,486,29494,0.0482459,0.13,1,342692,342206,486
23843921,37.3226,55.7805,457,29566,0.0816492,0.05,1,342724,342267,457
23846841,25.8645,39.1561,445,29638,0.0403298,0,1,342747,342302,445
23849761,24.3729,27.0312,445,29709,0.00806597,0.05,1,342771,342326,445
23852681,40.0746,24.6062,465,29780,0.0416132,0.05,1,342815,342350,465
23855601,9.61492,36.9212,427,29851,0.0483226,0.13,1,342817,342390,427
23858521,18.723,24.9842,426,29922,0.0496645,0.01,1,342838,342412,426
23861441,74.9446,78.5968,423,29993,0.0099329,0,1,342927,342504,423
23864361,101.389,101.319,424,30064,0.00198658,0.05,1,343035,342611,424
23867281,31.4778,33.0639,422,30134,0.0563973,0.05,1,343049,342627,422
23870201,58.2956,58.6128,422,30204,0.0192795,0.09,1,343114,342692,422
23873121,42.0591,37.3226,428,30274,0.0598559,0.03,1,343152,342724,428
23876041,24.4118,25.8645,425,30344,0.0359712,0,1,343172,342747,425
23878961,21.6824,24.3729,422,30414,0.0151942,0.05,1,343193,342771,422
23881881,40.3365,40.0746,423,30484,0.0590388,0.05,1,343238,342815,423
23884801,9.66729,9.61492,423,30553,0.0678078,0.05,1,343240,342817,423
23887721,17.9335,18.723,422,30622,0.0695616,0,1,343260,342838,422
23890641,74.7867,74.9446,422,30691,0.0139123,0,1,343349,342927,422
23893561,101.357,101.389,422,30760,0.00278246,0.07,1,343457,343035,422
23896481,31.4715,31.4778,422,30829,0.0405565,0.01,1,343471,343049,422
23899401,59.0943,58.2956,423,30898,0.0321113,0.07,1,343537,343114,423
23902321,42.2189,42.0591,423,30966,0.0464223,0.03,1,343575,343152,423
23905241,24.4438,24.4118,423,31034,0.0492845,0.01,1,343595,343172,423
23908161,20.8888,21.6824,422,31102,0.0498569,0.07,1,343615,343193,422
23911081,40.9777,40.3365,423,31170,0.0499714,0.07,1,343661,343238,423
23914001,9.79555,9.66729,423,31238,0.0819943,0.07,1,343663,343240,423
23916921,17.9591,17.9335,423,31306,0.0563989,0.07,1,343683,343260,423
23919841,73.1918,3.58669,510,31374,0.0192798,0,1,343770,343260,510
23922761,101.038,71.9173,529,31441,0.00385595,0,1,343878,343349,529
23925681,31.4077,100.783,435,31508,0.0407712,0.05,1,343892,343457,435
23928601,59.0815,31.3567,487,31575,0.0481542,0.03,1,343958,343471,487
23931521,43.8163,59.0713,461,31642,0.0496308,0.05,1,343998,343537,461
23934441,24.7633,42.2143,443,31709,0.0819262,0.05,1,344018,343575,443
23937361,19.3527,24.4429,441,31776,0.104385,0.05,1,344036,343595,441
23940281,42.2705,20.8886,469,31843,0.076877,0.05,1,344084,343615,469
23943201,10.0541,40.9777,425,31909,0.0713754,0.09,1,344086,343661,425
23946121,18.0108,9.79554,443,31975,0.0702751,0.05,1,344106,343663,443
23949041,71.6022,17.9591,508,32041,0.102055,0.01,1,344191,343683,508
23951961,101.52,73.1918,530,32107,0.028411,0,1,344300,343770,530
23954881,33.9041,101.038,439,32173,0.0296822,0.05,1,344317,343878,439
23957801,57.1808,31.4077,488,32239,0.0459364,0.05,1,344380,343892,488
23960721,45.8362,59.0815,465,32305,0.0331873,0.05,1,344423,343958,465
23963641,25.1672,43.8163,445,32370,0.0306375,0.09,1,344443,343998,445
23966561,20.2334,24.7633,444,32435,0.0781275,0.11,1,344462,344018,444
23969481,40.8467,19.3527,472,32500,0.0876255,0.07,1,344508,344036,472
23972401,9.76934,42.2705,426,32565,0.0895251,0.07,1,344510,344084,426
23975321,17.9539,10.0541,444,32630,0.105905,0.07,1,344530,344086,444
23978241,71.5908,18.0108,509,32695,0.093181,0.11,1,344615,344106,509
23981161,99.1182,71.6022,530,32760,0.0266362,0.01,1,344721,344191,530
23984081,21.4236,101.52,423,32825,0.0293272,0.03,1,344723,344300,423
23987001,18.6847,33.9041,424,32889,0.0138654,0.05,1,344741,344317,424
23989921,53.3369,57.1808,423,32953,0.0267731,0.03,1,344803,344380,423
23992841,45.0674,45.8362,423,33017,0.00535462,0.03,1,344846,344423,423
23995761,25.8135,25.1672,424,33081,0.0410709,0.09,1,344867,344443,424
23998681,21.9627,20.2334,426,33145,0.0802142,0.09,1,344888,344462,426
24001601,41.1925,40.8467,426,33209,0.136043,0.09,1,344934,344508,426
24004521,9.83851,9.76934,426,33273,0.115209,0.11,1,344936,344510,426
24007441,18.7677,17.9539,427,33337,0.159042,0.09,1,344957,344530,427
24010361,70.9535,71.5908,426,33400,0.151808,0.01,1,345041,344615,426
24013281,95.7907,99.1182,422,33463,0.150362,0.03,1,345143,344721,422
24016201,20.7581,21.4236,422,33526,0.150072,0.01,1,345145,344723,422
24019121,18.5516,18.6847,422,33589,0.166014,0.03,1,345163,344741,422
24022041,53.3103,53.3369,422,33652,0.153203,0,1,345225,344803,422
24024961,45.0621,45.0674,422,33715,0.118641,0.05,1,345268,344846,422
24027881,27.4124,25.8135,424,33778,0.0957281,0.09,1,345291,344867,424
24030801,23.8825,21.9627,426,33841,0.139146,0.15,1,345314,344888,426
24033721,42.3765,41.1925,427,33903,0.147829,0.11,1,345361,344934,427
24036641,10.0753,9.83851,427,33965,0.149566,0.17,1,345363,344936,427
24039561,19.6151,18.7677,428,34027,0.149913,0.15,1,345385,344957,428
24042481,71.923,70.9535,429,34089,0.165983,0.15,1,345470,345041,429
24045401,95.9846,95.7907,429,34151,0.185197,0.15,1,345572,345143,429
24048321,20.7969,20.7581,429,34213,0.189039,0.15,1,345574,345145,429
24051241,16.9594,4.15163,445,34275,0.189808,0.17,1,345590,345145,445
24054161,52.1919,15.2303,488,34337,0.205962,0.15,1,345651,345163,488
24057081,44.8384,52.6461,469,34399,0.241192,0.11,1,345694,345225,469
24060001,26.5677,44.9292,448,34460,0.264238,0.09,1,345716,345268,448
24062921,24.5135,27.3858,449,34521,0.284848,0.15,1,345740,345291,449
24065841,43.3027,23.8772,474,34582,0.28897,0.15,1,345788,345314,474
24068761,10.2605,42.3754,429,34643,0.321794,0.15,1,345790,345361,429
24071681,20.4521,10.0751,450,34704,0.296359,0.15,1,345813,345363,450
24074601,72.8904,19.615,514,34765,0.307272,0.17,1,345899,345385,514
24077521,96.9781,71.923,532,34826,0.357454,0.19,1,346002,345470,532
24080441,20.9956,95.9846,432,34887,0.367491,0.19,1,346004,345572,432
24083361,16.9991,20.7969,446,34948,0.369498,0.19,1,346020,345574,446
24086281,52.9998,16.9594,492,35008,0.4019,0.21,1,346082,345590,492
24089201,46.6,52.1919,476,35068,0.44038,0.25,1,346127,345651,476
24092121,28.52,44.8384,457,35128,0.448076,0.27,1,346151,345694,457
24095041,24.904,26.5677,459,35188,0.433615,0.29,1,346175,345716,459
24097961,44.1808,24.5135,484,35248,0.430723,0.29,1,346224,345740,484
24100881,10.4362,43.3027,438,35308,0.430145,0.33,1,346226,345788,438
24103801,19.6872,10.2605,458,35368,0.462029,0.29,1,346248,345790,458
24106721,73.5374,20.4521,522,35428,0.484406,0.31,1,346335,345813,522
24109641,99.5075,72.8904,542,35488,0.504881,0.37,1,346441,345899,542
24112561,21.5015,96.9781,441,35548,0.508976,0.37,1,346443,346002,441
24115481,17.1003,20.9956,455,35607,0.509795,0.37,1,346459,346004,455
24118401,54.6201,16.9991,503,35666,0.525959,0.41,1,346523,346020,503
24121321,12.524,52.9998,443,35725,0.529192,0.45,1,346525,346082,443
24124241,39.3048,46.6,444,35784,0.561838,0.45,1,346571,346127,444
24127161,26.261,28.52,443,35843,0.584368,0.43,1,346594,346151,443
24130081,24.4522,24.904,443,35902,0.556874,0.43,1,346618,346175,443
24133001,45.6904,44.1808,445,35961,0.599375,0.43,1,346669,346224,445
24135921,10.7381,10.4362,445,36020,0.639875,0.47,1,346671,346226,445
24138841,20.5476,19.6872,446,36079,0.663975,0.49,1,346694,346248,446
24141761,73.7095,73.5374,446,36138,0.716795,0.51,1,346781,346335,446
24144681,100.342,99.5075,447,36196,0.791359,0.51,2,346888,346441,447
24147601,21.6684,21.5015,447,36254,0.806272,0.51,2,346890,346443,447
24150521,17.9337,17.1003,448,36312,0.793254,0.53,2,346907,346459,448
24153441,54.7867,54.6201,448,36370,0.790651,0.53,2,346971,346523,448
24156361,12.5573,12.524,448,36428,0.79013,0.57,2,346973,346525,448
24159281,40.9115,39.3048,450,36486,0.790026,0.59,2,347021,346571,450
24162201,25.7823,26.261,449,36544,0.806005,0.55,2,347043,346594,449
24165121,24.3565,24.4522,449,36602,0.841201,0.61,2,347067,346618,449
24168041,48.0713,45.6904,452,36660,0.91224,0.65,2,347121,346669,452
24170961,11.2143,10.7381,452,36718,0.926448,0.67,2,347123,346671,452
24173881,23.8429,20.5476,456,36776,0.91329,0.73,2,347150,346694,456
24176801,76.7686,73.7095,459,36833,0.942658,0.81,2,347240,346781,459
24331561,28,22,494,39757,0.69,1,1,349301,348807,494
24334481,28.8,36.4,483,39810,0.642,1,1,349330,348847,483
24337401,25.76,22.48,489,39863,0.6004,1,1,349355,348866,489
24340321,37.952,40.496,485,39916,0.48008,1,1,349396,348911,485
24343241,30.7904,25.6992,492,39969,0.344016,1,1,349425,348933,492
24346161,21.3581,25.9398,485,40022,0.364803,1,1,349444,348959,485
24349081,27.4716,25.988,488,40075,0.352961,1,1,349473,348985,488
24352001,23.8943,5.19759,511,40128,0.318592,1,1,349496,348985,511
24354921,29.5789,32.2395,503,40181,0.279718,1,1,349527,349024,503
24357841,29.1158,30.4479,502,40234,0.159944,0.96,1,349556,349054,502
24360761,48.2232,32.4896,522,40286,0.119989,1,1,349609,349087,522
24363681,95.2446,48.0979,577,40338,0.0639977,0.65,1,349716,349139,577
24366601,28.6489,105.62,469,40390,0.0367996,0.71,1,349728,349259,469
24369521,24.1298,32.3239,478,40442,0.0793599,0.69,1,349751,349273,478
24372441,27.226,28.8648,478,40494,0.071872,0.63,1,349779,349301,478
24375361,23.8452,28.973,472,40546,0.0383744,0.59,1,349802,349330,472
24378281,31.969,25.7946,481,40598,0.0476749,0.45,1,349836,349355,481
24381201,25.5938,37.9589,464,40650,0.017535,0.31,1,349860,349396,464
24384121,21.9188,30.7918,456,40702,0.011507,0.37,1,349881,349425,456
24387041,24.3838,21.3584,462,40754,0.0103014,0.35,1,349906,349444,462
24389961,24.0768,27.4717,457,40806,0.0900603,0.31,1,349930,349473,457
24392881,28.0154,23.8943,463,40858,0.0900121,0.27,1,349959,349496,463
24395801,24.8031,29.5789,456,40910,0.106002,0.13,1,349983,349527,456
24398721,45.7606,29.1158,478,40962,0.0932005,0.11,1,350034,349556,478
24401641,92.3521,48.2232,529,41014,0.0426401,0.05,1,350138,349609,529
24404561,28.8704,95.2446,435,41065,0.048528,0.03,1,350151,349716,435
24407481,24.9741,28.6489,447,41116,0.0977056,0.09,1,350175,349728,447
24410401,24.9948,24.1298,449,41167,0.107541,0.07,1,350200,349751,449
24413321,24.199,27.226,445,41218,0.0775082,0.03,1,350224,349779,445
24416241,33.6398,23.8452,458,41269,0.0235016,0.05,1,350260,349802,458
24419161,24.328,31.969,446,41320,0.0447003,0.01,1,350282,349836,446
24422081,22.4656,25.5938,444,41371,0.0649401,0.01,1,350304,349860,444
24425001,24.4931,21.9188,448,41422,0.100988,0.01,1,350329,349881,448
24427921,25.6986,24.3838,449,41473,0.124198,0.11,1,350355,349906,449
24430841,28.3397,24.0768,454,41524,0.11284,0.09,1,350384,349930,454
24433761,7.26794,28.0154,427,41575,0.110568,0.11,1,350386,349959,427
24436681,20.6536,24.8031,427,41626,0.142114,0.09,1,350410,349983,427
24439601,44.1307,45.7606,426,41677,0.116423,0.03,1,350460,350034,426
24442521,89.6261,92.3521,423,41728,0.159285,0.05,1,350561,350138,423
24445441,29.9252,28.8704,425,41779,0.151857,0.11,1,350576,350151,425
24448361,27.585,24.9741,428,41830,0.166371,0.11,1,350603,350175,428
24451281,23.117,24.9948,425,41880,0.233274,0.07,1,350625,350200,425
24454201,23.8234,24.199,425,41930,0.246655,0.01,1,350649,350224,425
24457121,32.7647,33.6398,424,41980,0.233331,0.05,1,350684,350260,424
24460041,24.9529,24.328,425,42030,0.214666,0.07,1,350707,350282,425
24462961,24.9906,22.4656,428,42080,0.242933,0.11,1,350732,350304,428
24465881,24.9981,24.4931,428,42130,0.232587,0.13,1,350757,350329,428
24468801,25.7996,25.6986,428,42180,0.246517,0.11,1,350783,350355,428
24471721,27.5599,28.3397,427,42230,0.249303,0.11,1,350811,350384,427
24474641,7.11198,7.26794,427,42280,0.217861,0.15,1,350813,350386,427
24477561,20.6224,20.6536,427,42330,0.259572,0.11,1,350837,350410,427
24480481,44.1245,44.1307,427,42380,0.331914,0.17,1,350887,350460,427
24483401,90.4249,89.6261,428,42430,0.346383,0.15,1,350989,350561,428
24486321,30.885,29.9252,429,42480,0.349277,0.17,1,351005,350576,429
24489241,28.577,27.585,430,42530,0.349855,0.25,1,351033,350603,430
24492161,24.9154,23.117,432,42580,0.349971,0.25,1,351057,350625,432
24495081,24.1831,23.8234,432,42630,0.381994,0.23,1,351081,350649,432
24498001,32.0366,32.7647,431,42680,0.404399,0.21,1,351115,350684,431
24500921,26.4073,24.9529,433,42729,0.42488,0.25,1,351140,350707,433
24503841,24.4815,24.9906,432,42778,0.412976,0.23,1,351164,350732,432
24506761,24.0963,24.9981,431,42827,0.458595,0.25,1,351188,350757,431
24509681,26.4193,25.7996,432,42876,0.483719,0.25,1,351215,350783,432
24512601,27.6839,27.5599,432,42925,0.488744,0.21,1,351243,350811,432
24515521,7.13677,7.11198,432,42974,0.489749,0.27,1,351245,350813,432
24518441,22.2274,20.6224,434,43023,0.50595,0.27,1,351271,350837,434
24521361,46.0455,4.12448,486,43072,0.47719,0.35,1,351323,350837,486
24524281,92.4091,40.8249,540,43121,0.519438,0.35,1,351427,350887,540
24527201,31.2818,89.765,454,43170,0.543888,0.35,1,351443,350989,454
24530121,28.6564,30.753,466,43219,0.548778,0.35,1,351471,351005,466
24533041,25.7313,28.5506,463,43268,0.533755,0.35,1,351496,351033,463
24535961,25.9463,24.9101,465,43317,0.546751,0.39,1,351522,351057,465
24538881,32.3893,24.182,475,43366,0.58135,0.41,1,351556,351081,475
24541801,25.6779,32.0364,465,43415,0.58827,0.43,1,351580,351115,465
24544721,25.9356,26.4073,466,43464,0.589654,0.41,1,351606,351140,466
24547641,24.3871,24.4815,466,43513,0.557931,0.47,1,351630,351164,466
24550561,27.2774,24.0963,470,43561,0.551586,0.49,1,351658,351188,470
24553481,27.8555,26.4193,471,43609,0.550317,0.49,1,351686,351215,471
24556401,7.1711,27.6839,445,43657,0.550063,0.49,1,351688,351243,445
24559321,24.6342,7.13677,472,43705,0.566013,0.51,1,351717,351245,472
24562241,44.9268,22.2274,496,43753,0.633203,0.47,1,351767,351271,496
24565161,94.5854,46.0455,551,43801,0.71064,0.53,1,351874,351323,551
24568081,32.5171,92.4091,464,43849,0.710128,0.55,1,351891,351427,464
24571001,28.9034,31.2818,476,43897,0.710026,0.55,1,351919,351443,476
24573921,24.9807,28.6564,472,43945,0.710005,0.53,1,351943,351471,472
24576841,26.5961,25.7313,474,43993,0.710001,0.55,1,351970,351496,474
24579761,34.1192,25.9463,484,44041,0.758,0.59,2,352006,351522,484
24582681,26.0238,32.3893,474,44089,0.7836,0.59,2,352030,351556,474
24585601,24.4048,25.6779,474,44137,0.78872,0.59,2,352054,351580,474
24588521,24.081,25.9356,472,44185,0.789744,0.55,2,352078,351606,472
24591441,27.2162,24.3871,476,44233,0.789949,0.55,2,352106,351630,476
24594361,27.8432,27.2774,476,44281,0.80599,0.55,2,352134,351658,476
24597281,7.16865,27.8555,450,44329,0.809198,0.55,2,352136,351686,450
24600201,25.4337,7.1711,478,44377,0.82584,0.57,2,352166,351688,478
24603121,48.2867,24.6342,503,44425,0.829168,0.65,2,352220,351717,503
24606041,11.2573,44.9268,455,44472,0.829834,0.73,2,352222,351767,455
24608961,90.2515,94.5854,458,44519,0.829967,0.71,2,352332,351874,458
24611881,30.8503,32.5171,457,44566,0.877993,0.71,2,352348,351891,457
24614801,28.5701,28.9034,457,44613,0.887599,0.71,2,352376,351919,457
24617721,24.914,24.9807,457,44660,0.90552,0.71,2,352400,351943,457
24620641,26.5828,26.5961,457,44707,0.893104,0.77,2,352427,351970,457
24623561,36.5166,34.1192,460,44754,0.906621,0.79,2,352466,352006,460
24790001,39,22,517,47367,0.63,1,1,354285,353768,517
24792921,25.4,30.8,506,47412,0.662,1,1,354307,353801,506
24795841,29.88,28.56,509,47456,0.6524,1,1,354338,353829,509
24798761,29.176,25.712,513,47500,0.55448,1,1,354367,353854,513
24801681,20.2352,26.7424,504,47544,0.486896,1,1,354385,353881,504
24804601,20.047,31.7485,491,47588,0.489379,1,1,354405,353914,491
24807521,22.4094,25.5497,490,47632,0.457876,1,1,354428,353938,490
24810441,26.8819,21.9099,497,47676,0.467575,1,1,354456,353959,497
24813361,26.1764,22.782,500,47720,0.485515,1,1,354482,353982,500
24816281,11.6353,27.7564,479,47764,0.441103,1,1,354490,354011,479
24819201,22.3271,27.1513,477,47808,0.448221,0.97,1,354515,354038,477
24822121,22.8654,27.0303,473,47852,0.433644,1,1,354538,354065,473
24825041,26.9731,31.0061,469,47896,0.446729,0.95,1,354566,354097,469
24827961,24.5946,27.0012,467,47940,0.465346,0.71,1,354590,354123,467
24830881,70.5189,79.0002,457,47984,0.501069,0.69,1,354672,354215,457
24833801,36.5038,40.6,454,48028,0.476214,0.63,1,354700,354246,454
24836721,36.1008,39.32,451,48072,0.455243,0.67,1,354736,354285,451
24839641,21.6202,25.464,447,48116,0.499049,0.65,1,354754,354307,447
24842561,29.124,29.8928,447,48160,0.53981,0.53,1,354785,354338,447
24845481,29.0248,29.1786,447,48204,0.595962,0.47,1,354814,354367,447
24848401,18.605,20.2357,445,48248,0.607192,0.49,1,354830,354385,445
24851321,19.721,20.0471,445,48292,0.609438,0.45,1,354850,354405,445
24854241,22.3442,22.4094,445,48336,0.609888,0.47,1,354873,354428,445
24857161,26.8688,26.8819,445,48380,0.609978,0.49,1,354901,354456,445
24860081,24.5738,26.1764,443,48424,0.641995,0.43,1,354925,354482,443
24863001,10.5148,11.6353,442,48468,0.680399,0.45,1,354932,354490,442
24865921,22.903,22.3271,443,48511,0.68808,0.43,1,354958,354515,443
24868841,22.1806,22.8654,442,48554,0.689616,0.45,1,354980,354538,442
24871761,26.8361,26.9731,442,48597,0.705923,0.47,1,355008,354566,442
24874681,25.3672,24.5946,443,48640,0.725185,0.51,1,355033,354590,443
24877601,72.2734,70.5189,445,48683,0.761037,0.47,2,355117,354672,445
24880521,36.0547,36.5038,444,48726,0.752207,0.45,2,355144,354700,444
24883441,36.0109,36.1008,444,48769,0.766442,0.51,2,355180,354736,444
24886361,23.2022,21.6202,446,48812,0.801288,0.55,2,355200,354754,446
24889281,30.2404,29.124,447,48855,0.824258,0.55,2,355232,354785,447
24892201,30.8481,5.82481,478,48898,0.812852,0.61,2,355263,354785,478
24895121,18.9696,24.365,465,48941,0.84257,0.61,2,355279,354814,465
24898041,19.7939,17.673,469,48984,0.848514,0.61,2,355299,354830,469
24900961,23.9588,19.5346,474,49027,0.833703,0.61,2,355324,354850,474
24903881,27.1918,22.3069,479,49070,0.846741,0.61,2,355352,354873,479
24906801,27.8384,26.8614,479,49113,0.849348,0.65,2,355380,354901,479
24909721,10.3677,24.5723,461,49156,0.84987,0.69,2,355386,354925,461
24912641,23.6735,10.5145,481,49199,0.833974,0.69,2,355413,354932,481
24915561,23.1347,22.9029,478,49242,0.862795,0.69,2,355436,354958,478
24918481,27.0269,22.1806,484,49285,0.836559,0.71,2,355464,354980,484
24921401,26.2054,26.8361,482,49328,0.831312,0.73,2,355490,355008,482
24924321,72.4411,25.3672,541,49371,0.798262,0.77,2,355574,355033,541
24927241,37.6882,72.2734,486,49414,0.791652,0.75,2,355603,355117,486
24930161,36.3376,36.0547,495,49457,0.806331,0.77,2,355639,355144,495
24933081,23.2675,36.0109,479,49500,0.809266,0.81,2,355659,355180,479
24936001,31.0535,23.2022,492,49543,0.809853,0.83,2,355692,355200,492
24938921,32.6107,30.2404,493,49586,0.825971,0.81,2,355725,355232,493
24941841,20.1221,30.8481,479,49628,0.845194,0.85,2,355742,355263,479
24944761,20.0244,18.9696,483,49670,0.881039,0.85,2,355762,355279,483
24947681,23.2049,19.7939,487,49712,0.888208,0.83,2,355786,355299,487
24950601,27.841,23.9588,491,49754,0.873641,0.85,2,355815,355324,491
24953521,27.9682,27.1918,491,49796,0.870728,0.85,2,355843,355352,491
24956441,10.3936,27.8384,469,49838,0.870146,0.85,2,355849,355380,469
24959361,23.6787,10.3677,490,49880,0.870029,0.83,2,355876,355386,490
24962281,22.3357,23.6735,485,49922,0.886006,0.87,2,355898,355413,485
24965201,26.8671,23.1347,490,49964,0.921201,0.83,2,355926,355436,490
25173981,67,64,514,24266,0.61,0.83,1,358113,357599,514
25176901,63,71.2,503,24353,0.674,0.85,1,358175,357672,503
25179821,63,72.64,493,24440,0.7188,0.73,1,358238,357745,493
25182741,22.2,51.328,459,24527,0.72776,0.69,1,358250,357791,459
25185661,64.44,23.8656,517,24613,0.697552,0.61,1,358325,357808,517
25188581,30.488,66.3731,462,24699,0.72351,0.65,1,358347,357885,462
25191501,46.0976,28.4746,493,24785,0.728702,0.63,1,358397,357904,493
25194421,90.8195,119.295,453,24871,0.85774,0.61,2,358499,358046,453
25197341,73.3639,77.459,455,24956,0.883548,0.69,2,358568,358113,455
25200261,65.0728,65.0918,456,25041,0.90471,0.73,2,358631,358175,456
25203181,65.0146,63.4184,458,25126,0.940942,0.73,2,358696,358238,458
25206101,21.0029,22.2837,456,25210,0.916188,0.69,2,358706,358250,456
25384221,36,34,506,29903,0.77,1,2,362034,361528,506
25387141,48.8,63.6,487,29974,0.658,1,1,362086,361599,487
25390061,36.16,39.12,487,30045,0.5076,1,1,362119,361632,487
25392981,35.232,33.424,490,30115,0.34952,1,1,362154,361664,490
25395901,44.6464,53.0848,479,30185,0.221904,1,1,362201,361722,479
25398821,86.5293,85.017,483,30255,0.0523808,1,1,362298,361815,483
25401741,46.9059,45.8034,484,30325,0.0344762,1,1,362335,361851,484
25404661,37.3812,45.1607,474,30395,0.0148952,0.92,1,362370,361896,474
25407581,53.0762,61.0321,466,30465,0.042979,0.87,1,362427,361961,466
25410501,37.8152,41.8064,463,30534,0.0325958,0.77,1,362461,361998,463
25413421,32.3631,37.1613,458,30603,0.0305192,0.63,1,362492,362034,458
25416341,41.6726,49.0323,450,30672,0.0781038,0.47,1,362536,362086,450
25419261,30.7345,36.2065,445,30741,0.0716208,0.31,1,362564,362119,445
25422181,23.7469,35.2413,432,30810,0.0223242,0.19,1,362586,362154,432
25425101,34.3494,44.6483,422,30879,0.124465,0.01,1,362623,362201,422
25428021,85.2699,86.5296,423,30948,0.048893,0.03,1,362721,362298,423
25430941,45.854,46.9059,422,31016,0.0657786,0.01,1,362757,362335,422
25433861,37.1708,37.3812,422,31084,0.0211557,0.05,1,362792,362370,422
25436781,53.0342,53.0762,422,31152,0.0282311,0.03,1,362849,362427,422
25439701,37.8068,37.8152,422,31220,0.0616462,0.03,1,362883,362461,422
25442621,32.3614,32.3631,422,31288,0.0523292,0.03,1,362914,362492,422
25445541,43.2723,6.47261,468,31356,0.0824658,0.09,1,362960,362492,468
25448461,29.4545,36.4945,450,31423,0.0564932,0.07,1,362986,362536,450
25451381,25.0909,29.6989,446,31490,0.0512986,0.01,1,363010,362564,446
25454301,36.2182,23.5398,463,31557,0.0342597,0.15,1,363049,362586,463
25457221,82.4436,34.308,520,31624,0.0308519,0.03,1,363143,362623,520
25460141,44.4887,85.2616,457,31691,0.0621704,0.07,1,363178,362721,457
25463061,36.8977,45.8523,456,31758,0.0364341,0.01,1,363213,362757,456
25465981,52.9796,37.1705,478,31825,0.0472868,0.03,1,363270,362792,478
25468901,39.3959,53.0341,457,31891,0.0654574,0.07,1,363306,362849,457
25471821,33.4792,37.8068,455,31957,0.0530915,0.05,1,363338,362883,455
25474741,44.2958,32.3614,471,32023,0.0986183,0.09,1,363385,362914,471
25477661,28.0592,43.2723,449,32089,0.123724,0.05,1,363409,362960,449
25480581,24.8118,29.4545,447,32155,0.160745,0.05,1,363433,362986,447
25483501,35.3624,25.0909,461,32221,0.168149,0.03,1,363471,363010,461
25486421,82.2725,36.2182,516,32287,0.0576298,0.03,1,363565,363049,516
25489341,43.6545,82.4436,456,32353,0.051526,0.07,1,363599,363143,456
25492261,36.7309,44.4887,456,32418,0.0823052,0.03,1,363634,363178,456
25495181,54.5462,36.8977,480,32483,0.040461,0.05,1,363693,363213,480
25498101,38.9092,52.9796,458,32548,0.0480922,0.07,1,363728,363270,458
25501021,34.1818,39.3959,455,32613,0.0336184,0.05,1,363761,363306,455
25503941,46.8364,33.4792,473,32678,0.0307237,0.11,1,363811,363338,473
25506861,29.3673,44.2958,451,32743,0.0941447,0.13,1,363836,363385,451
25509781,7.47345,28.0592,429,32808,0.106829,0.17,1,363838,363409,429
25512701,21.4947,24.8118,430,32872,0.125366,0.17,1,363863,363433,430
25515621,35.4989,35.3624,431,32936,0.177073,0.03,1,363902,363471,431
25518541,75.8998,82.2725,423,33000,0.203415,0.05,1,363988,363565,423
25521461,41.58,43.6545,422,33064,0.160683,0.09,1,364021,363599,422
25524381,37.916,36.7309,424,33128,0.0881366,0.03,1,364058,363634,424
25527301,53.9832,54.5462,423,33192,0.0736273,0.05,1,364116,363693,423
25530221,39.5966,38.9092,424,33256,0.0547255,0.03,1,364152,363728,424
25533141,33.5193,34.1818,423,33320,0.0669451,0.03,1,364184,363761,423
25536061,47.5039,46.8364,424,33383,0.101389,0.11,1,364235,363811,424
25538981,31.9008,29.3673,427,33446,0.108278,0.11,1,364263,363836,427
25541901,7.98015,7.47345,427,33509,0.141656,0.13,1,364265,363838,427
25544821,22.396,21.4947,428,33572,0.148331,0.19,1,364291,363863,428
25547741,37.2792,35.4989,430,33635,0.165666,0.21,1,364332,363902,430
25550661,76.2558,75.8998,430,33698,0.185133,0.15,1,364418,363988,430
25553581,40.8512,41.58,429,33761,0.189027,0.07,1,364450,364021,429
25556501,34.5702,37.916,425,33824,0.189805,0.07,1,364483,364058,425
25559421,51.714,53.9832,423,33887,0.221961,0.05,1,364539,364116,423
25562341,39.9428,39.5966,424,33949,0.196392,0.07,1,364576,364152,424
25565261,34.3886,33.5193,425,34011,0.223278,0.11,1,364609,364184,425
25568181,49.2777,47.5039,427,34073,0.244656,0.11,1,364662,364235,427
25571101,32.2555,31.9008,427,34135,0.248931,0.15,1,364690,364263,427
25574021,8.05111,7.98015,427,34197,0.249786,0.15,1,364692,364265,427
25576941,22.4102,22.396,427,34259,0.313957,0.15,1,364718,364291,427
25579861,37.282,4.47921,468,34321,0.294791,0.17,1,364759,364291,468
25582781,78.6564,33.6958,516,34383,0.306958,0.19,1,364848,364332,516
25585701,42.1313,75.5392,463,34444,0.325392,0.19,1,364881,364418,463
25588621,34.0263,40.7078,463,34505,0.345078,0.19,1,364913,364450,463
25591541,51.6053,34.5416,486,34566,0.365016,0.23,1,364969,364483,486
25594461,39.921,51.7083,467,34627,0.353003,0.19,1,365006,364539,467
25597381,35.9842,39.9417,465,34688,0.366601,0.23,1,365041,364576,465
25600301,50.3968,34.3883,486,34749,0.41732,0.25,1,365095,364609,486
25603221,32.4794,49.2777,461,34810,0.427464,0.25,1,365123,364662,461
25606141,8.09587,32.2555,435,34871,0.429493,0.25,1,365125,364690,435
25609061,24.0192,8.05111,461,34932,0.429899,0.33,1,365153,364692,461
25611981,37.6038,22.4102,476,34993,0.41398,0.29,1,365194,364718,476
25614901,79.5208,37.282,525,35053,0.490796,0.31,1,365284,364759,525
25617821,43.9042,78.6564,471,35113,0.522159,0.33,1,365319,364848,471
25620741,34.3808,42.1313,470,35173,0.528432,0.35,1,365351,364881,470
25623661,52.4762,34.0263,495,35233,0.561686,0.37,1,365408,364913,495
25626581,39.2952,51.6053,475,35293,0.568337,0.35,1,365444,364969,475
25629501,36.659,39.921,474,35353,0.585667,0.37,1,365480,365006,474
25632421,52.9318,35.9842,496,35413,0.589134,0.43,1,365537,365041,496
25635341,32.9864,50.3968,470,35473,0.589827,0.43,1,365565,365095,470
25638261,8.19727,32.4794,444,35533,0.589965,0.43,1,365567,365123,444
25641181,24.0395,8.09587,470,35592,0.589993,0.43,1,365595,365125,470
25644101,36.8079,24.0192,482,35651,0.605999,0.41,1,365635,365153,482
25647021,8.96158,37.6038,443,35710,0.6092,0.51,1,365637,365194,443
25649941,76.9923,79.5208,447,35769,0.68984,0.53,1,365731,365284,447
25652861,43.3985,43.9042,447,35828,0.689968,0.53,1,365766,365319,447
25655781,35.0797,34.3808,448,35887,0.721994,0.57,1,365799,365351,448
25658701,54.2159,52.4762,450,35946,0.776399,0.57,2,365858,365408,450
25661621,40.4432,39.2952,451,36005,0.81928,0.59,2,365895,365444,451
25664541,36.8886,36.659,451,36064,0.827856,0.59,2,365931,365480,451
25667461,52.9777,52.9318,451,36123,0.829571,0.59,2,365988,365537,451
25670381,32.9955,32.9864,451,36182,0.845914,0.59,2,366016,365565,451
25673301,8.19911,8.19727,451,36240,0.881183,0.59,2,366018,365567,451
25676221,24.0398,24.0395,451,36298,0.888237,0.61,2,366046,365595,451
25679141,37.608,36.8079,452,36356,0.889647,0.61,2,366087,365635,452
25682061,9.12159,8.96158,452,36414,0.88993,0.71,2,366089,365637,452
25684981,79.4243,76.9923,455,36472,0.889986,0.69,2,366186,365731,455
25687901,44.6849,43.3985,456,36530,0.921997,0.73,2,366222,365766,456
25690821,36.937,35.0797,458,36588,0.928399,0.79,2,366257,365799,458
25839741,32,54,476,39426,0.94,1,2,368217,367741,476
25842661,56.8,44.4,497,39480,0.924,1,2,368280,367783,497
25845581,40.96,52.88,479,39533,0.8328,1,2,368317,367838,479
25848501,36.192,39.376,478,39586,0.79856,1,2,368352,367874,478
25851421,40.8384,31.8752,490,39639,0.791712,1,2,368394,367904,490
25854341,34.5677,20.775,505,39692,0.694342,1,1,368427,367922,505
25857261,28.5135,24.155,507,39745,0.674868,1,1,368454,367947,507
25860181,23.3027,28.031,500,39798,0.734974,1,1,368476,367976,500
25863101,13.4605,27.2062,484,39851,0.762995,1,2,368487,368003,484
25866021,63.4921,66.2412,484,39904,0.704599,0.97,1,368563,368079,484
25868941,31.0984,41.2482,472,39957,0.74092,0.94,1,368586,368114,472
25871861,33.4197,36.2496,471,40010,0.748184,0.9,1,368620,368149,471
25874781,35.4839,36.0499,471,40063,0.733637,0.9,1,368656,368185,471
25877701,30.2968,7.20999,500,40116,0.714727,0.94,1,368685,368185,500
25880621,53.2594,27.042,527,40169,0.742945,0.92,1,368744,368217,527
25883541,37.8519,55.8084,498,40222,0.748589,0.81,1,368778,368280,498
25886461,36.3704,40.7617,497,40274,0.701718,0.79,1,368814,368317,497
25889381,38.4741,36.1523,501,40326,0.740344,0.79,1,368853,368352,501
25892301,31.6948,40.8305,489,40378,0.748069,0.67,1,368883,368394,489
25895221,29.539,34.5661,485,40430,0.781614,0.67,2,368912,368427,485
25898141,23.5078,28.5132,480,40482,0.756323,0.75,2,368934,368454,480
25901061,13.5016,23.3026,469,40534,0.767265,0.77,2,368945,368476,469
25903981,61.1003,13.4605,531,40586,0.849453,0.69,2,369018,368487,531
25906901,31.4201,63.4921,479,40638,0.881891,0.75,2,369042,368563,479
25909821,34.284,31.0984,491,40690,0.904378,0.75,2,369077,368586,491
25912741,34.0568,33.4197,491,40742,0.908876,0.73,2,369111,368620,491
25915661,32.4114,35.4839,487,40794,0.909775,0.71,2,369143,368656,487
25918581,53.6823,30.2968,517,40846,0.893955,0.75,2,369202,368685,517
25921501,37.9365,53.2594,492,40898,0.906791,0.75,2,369236,368744,492
25924421,35.5873,37.8519,493,40950,0.925358,0.69,2,369271,368778,493
26285041,54,63,503,21370,0.73,1,1,373484,372981,503
26287961,86.8,73.4,522,21469,0.586,1,1,373579,373057,522
26290881,88.56,85.08,523,21568,0.4292,1,1,373668,373145,523
26293801,96.912,80.216,543,21666,0.39784,1,1,373767,373224,543
26296721,33.7824,82.4432,478,21764,0.391568,0.99,1,373785,373307,478
26299641,26.7565,33.2886,482,21861,0.374314,0.79,1,373810,373328,482
26302561,67.7513,88.2577,458,21958,0.434863,0.73,1,373888,373430,458
26305481,53.5503,60.8515,454,22055,0.510973,0.55,1,373938,373484,454
26308401,81.1101,88.1703,447,22151,0.558195,0.39,1,374026,373579,447
26311321,82.622,88.8341,441,22247,0.599639,0.39,1,374109,373668,441
26314241,98.9244,96.9668,445,22342,0.671928,0.39,1,374212,373767,445
26317161,30.9849,33.7934,441,22437,0.718386,0.37,1,374226,373785,441
26320081,25.397,26.7587,440,22532,0.743677,0.37,1,374250,373810,440
26323001,70.6794,5.35173,522,22626,0.716735,0.45,1,374332,373810,522
26325921,54.9359,63.4703,495,22720,0.727347,0.53,1,374383,373888,495
26328841,82.9872,52.6941,535,22813,0.777469,0.57,2,374473,373938,535
26331761,86.1974,80.9388,534,22906,0.819494,0.61,2,374560,374026,534
26334681,102.839,82.5878,558,22999,0.859899,0.69,2,374667,374109,558
26337601,32.5679,98.9176,470,23091,0.88398,0.73,2,374682,374212,470
26340521,25.7136,30.9835,480,23183,0.856796,0.75,2,374706,374226,480
26343441,70.7427,25.3967,538,23274,0.851359,0.71,2,374788,374250,538
26346361,56.5485,70.6793,509,23365,0.882272,0.73,2,374841,374332,509
26349281,84.9097,54.9359,550,23456,0.904454,0.79,2,374933,374383,550
26454401,58,36,526,26514,0.67,1,1,377101,376575,526
26457321,40.4,46.4,513,26594,0.638,1,1,377137,376624,513
26460241,46.48,48.48,512,26674,0.6316,1,1,377185,376673,512
26463161,37.296,40.896,508,26753,0.53432,1,1,377220,376712,508
26466081,86.6592,36.1792,572,26832,0.482864,1,1,377319,376747,572
26469001,54.1318,84.8358,521,26911,0.520573,0.99,1,377365,376844,521
26471921,12.4264,57.7672,472,26990,0.528115,0.79,1,377367,376895,472
26474841,80.0853,95.5534,464,27068,0.545623,0.75,1,377464,377000,464
26477761,49.6171,53.5107,463,27146,0.517125,0.67,1,377506,377043,463
26480681,53.9234,57.1021,460,27224,0.463425,0.63,1,377561,377101,460
26483601,33.9847,40.2204,453,27302,0.436685,0.63,1,377590,377137,453
26486521,45.1969,46.4441,453,27380,0.447337,0.51,1,377638,377185,453
26489441,32.2394,37.2888,447,27457,0.433467,0.47,1,377667,377220,447
26492361,84.8479,86.6578,446,27534,0.494693,0.53,1,377765,377319,446
26495281,55.3696,54.1316,448,27611,0.490939,0.53,1,377813,377365,448
26498201,12.6739,12.4263,448,27688,0.522188,0.55,1,377815,377367,448
26501121,79.3348,80.0853,447,27764,0.592438,0.51,1,377911,377464,447
26504041,49.467,49.6171,447,27840,0.622488,0.45,1,377953,377506,447
26506961,49.8934,53.9234,442,27916,0.676498,0.43,1,378003,377561,442
26509881,34.7787,33.9847,444,27992,0.687299,0.45,1,378034,377590,444
26512801,45.3557,45.1969,444,28068,0.75346,0.43,2,378082,377638,444
26515721,32.2711,32.2394,444,28143,0.750692,0.51,2,378111,377667,444
26518641,85.6542,84.8479,445,28218,0.830138,0.49,2,378210,377765,445
26521561,57.1308,55.3696,447,28293,0.830028,0.53,2,378260,377813,447
26524481,13.0262,12.6739,447,28368,0.830006,0.53,2,378262,377815,447
26527401,83.4052,2.53478,548,28443,0.846001,0.61,2,378363,377815,548
26530321,50.281,77.307,494,28517,0.8172,0.63,2,378405,377911,494
26533241,50.8562,49.0614,503,28591,0.82744,0.69,2,378456,377953,503
26536161,35.7712,49.8123,485,28665,0.861488,0.69,2,378488,378003,485
26539081,47.9542,34.7625,505,28739,0.916298,0.77,2,378539,378034,505
26542001,33.5908,45.3525,487,28813,0.92726,0.75,2,378569,378082,487
26737641,48,37,500,33375,0.55,1,1,381850,381350,500
26740561,38.4,31.4,506,33438,0.454,1,1,381886,381380,506
26743481,29.28,31.88,501,33501,0.4348,1,1,381913,381412,501
26746401,25.056,29.576,496,33564,0.39896,1,1,381937,381441,496
26749321,30.6112,27.5152,501,33627,0.359792,1,1,381969,381468,501
26752241,42.1222,60.703,477,33690,0.319958,0.99,1,382014,381537,477
26755161,59.6244,56.1406,486,33753,0.0719917,1,1,382078,381592,486
26758081,43.1249,52.8281,473,33816,0.0143983,0.85,1,382117,381644,473
26761001,43.025,46.5656,471,33879,0.00287967,0.81,1,382160,381689,471
26763921,56.605,62.1131,465,33941,0.0405759,0.79,1,382220,381755,465
26766841,42.521,50.0226,457,34003,0.0481152,0.55,1,382259,381802,457
26769761,41.3042,48.4045,450,34065,0.033623,0.43,1,382300,381850,450
26772681,33.0608,38.4809,445,34127,0.0307246,0.43,1,382331,381886,445
26775601,25.0122,29.2962,441,34189,0.0141449,0.39,1,382354,381913,441
26778521,24.2024,25.0592,441,34251,0.074829,0.39,1,382378,381937,441
26781441,28.0405,5.01185,470,34313,0.0709658,0.35,1,382407,381937,470
26784361,35.2081,26.6024,475,34375,0.0381932,0.31,1,382444,381969,475
26787281,54.2416,41.3205,489,34437,0.0316386,0.01,1,382503,382014,489
26790201,40.4483,59.4641,462,34498,0.0143277,0,1,382540,382078,462
26793121,40.8897,43.0928,464,34559,0.0428655,0,1,382581,382117,464
26796041,56.1779,43.0186,481,34620,0.0325731,0.05,1,382641,382160,481
26798961,42.4356,56.6037,460,34681,0.0305146,0.05,1,382680,382220,460
26801881,42.8871,42.5207,464,34742,0.00610292,0.03,1,382723,382259,464
26804801,33.3774,41.3041,454,34803,0.0412206,0.03,1,382754,382300,454
26807721,23.4755,33.0608,444,34864,0.0322441,0.01,1,382775,382331,444
26810641,27.0951,25.0122,449,34925,0.0624488,0.09,1,382803,382354,449
26813561,27.819,24.2024,453,34986,0.10049,0.07,1,382831,382378,453
26816481,33.5638,28.0405,459,35046,0.156098,0.03,1,382866,382407,459
26819401,54.7128,35.2081,482,35106,0.15122,0.03,1,382926,382444,482
26822321,40.5426,54.2416,460,35166,0.198244,0.01,1,382963,382503,460
26825241,41.7085,40.4483,465,35226,0.111649,0.05,1,383005,382540,465
26828161,53.9417,40.8897,481,35286,0.0943298,0.03,1,383062,382581,481
26831081,45.1883,56.1779,464,35346,0.074866,0.03,1,383105,382641,464
26834001,40.2377,42.4356,464,35406,0.0389732,0,1,383144,382680,464
26836921,32.8475,42.8871,452,35466,0.0317946,0.05,1,383175,382723,452
26839841,24.1695,33.3774,443,35526,0.0303589,0.03,1,383197,382754,443
26842761,30.4339,23.4755,454,35586,0.0460718,0.07,1,383229,382775,454
26845681,29.2868,27.0951,455,35645,0.0332144,0.11,1,383258,382803,455
26848601,7.45736,27.819,429,35704,0.0306429,0.17,1,383260,382831,429
26851521,31.0915,33.5638,431,35763,0.110129,0.15,1,383297,382866,431
26854441,53.4183,54.7128,430,35822,0.126026,0.21,1,383356,382926,430
26857361,41.8837,40.5426,432,35881,0.145205,0.09,1,383395,382963,432
26860281,37.1767,41.7085,426,35940,0.149041,0.09,1,383431,383005,426
26863201,53.0353,53.9417,426,35999,0.165808,0.07,1,383488,383062,426
26866121,42.6071,45.1883,423,36058,0.185162,0.03,1,383528,383105,423
26869041,39.7214,40.2377,423,36117,0.205032,0.03,1,383567,383144,423
26871961,32.7443,32.8475,423,36176,0.161006,0.03,1,383598,383175,423
26874881,24.9489,24.1695,424,36234,0.136201,0.05,1,383621,383197,424
26877801,30.5898,30.4339,424,36292,0.17924,0.03,1,383653,383229,424
26880721,28.518,29.2868,423,36350,0.187848,0.03,1,383681,383258,423
26883641,7.30359,7.45736,423,36408,0.18957,0.13,1,383683,383260,423
26886561,34.2607,31.0915,427,36466,0.205914,0.13,1,383724,383297,427
26889481,54.8521,53.4183,428,36524,0.273183,0.15,1,383784,383356,428
26892401,41.3704,41.8837,427,36582,0.270637,0.15,1,383822,383395,427
26895321,37.0741,37.1767,427,36640,0.302127,0.17,1,383858,383431,427
26898241,53.8148,53.0353,428,36698,0.308425,0.19,1,383916,383488,428
26901161,43.563,42.6071,429,36756,0.293685,0.21,1,383957,383528,429
26904081,40.7126,39.7214,430,36813,0.322737,0.15,1,383997,383567,430
26907001,32.1425,32.7443,429,36870,0.296547,0.13,1,384027,383598,429
26909921,24.0285,24.9489,428,36927,0.291309,0.19,1,384049,383621,428
26912841,31.2057,30.5898,429,36984,0.370262,0.19,1,384082,383653,429
26915761,29.4411,28.518,430,37041,0.370052,0.19,1,384111,383681,430
26918681,7.48823,7.30359,430,37098,0.37001,0.21,1,384113,383683,430
26921601,34.2976,34.2607,430,37155,0.370002,0.21,1,384154,383724,430
26924521,58.0595,6.85214,494,37212,0.434,0.29,1,384218,383724,494
26927441,42.0119,49.3704,472,37269,0.4148,0.27,1,384256,383784,472
26930361,37.2024,40.2741,470,37326,0.42696,0.31,1,384292,383822,470
26933281,54.6405,36.8548,493,37383,0.429392,0.31,1,384351,383858,493
26936201,43.7281,53.771,476,37440,0.477878,0.29,1,384392,383916,476
26939121,40.7456,43.5542,475,37496,0.503576,0.33,1,384432,383957,475
26942041,32.1491,40.7108,465,37552,0.540715,0.29,1,384462,383997,465
26944961,24.8298,32.1422,458,37608,0.564143,0.29,1,384485,384027,458
26947881,32.966,24.0284,471,37664,0.536829,0.39,1,384520,384049,471
26950801,28.9932,31.2057,466,37720,0.531366,0.37,1,384548,384082,466
26953721,7.39864,29.4411,439,37776,0.530273,0.37,1,384550,384111,439
26956641,35.8797,7.48823,480,37832,0.530055,0.37,1,384593,384113,480
26959561,59.9759,34.2976,505,37888,0.578011,0.45,1,384659,384154,505
26962481,42.3952,58.0595,479,37944,0.603602,0.41,1,384697,384218,479
26965401,38.079,42.0119,478,38000,0.65672,0.43,1,384734,384256,478
26968321,56.4158,37.2024,503,38056,0.699344,0.43,1,384795,384292,503
26971241,45.6832,54.6405,487,38112,0.739869,0.49,1,384838,384351,487
26974161,41.1366,43.7281,486,38167,0.763974,0.51,2,384878,384392,486
26977081,33.8273,40.7456,478,38222,0.768795,0.55,2,384910,384432,478
26980001,24.3655,32.1491,470,38277,0.769759,0.57,2,384932,384462,470
26982921,32.8731,24.8298,482,38332,0.753952,0.53,2,384967,384485,482
26985841,28.9746,32.966,475,38387,0.75079,0.53,2,384995,384520,475
26988761,7.39492,28.9932,449,38442,0.750158,0.53,2,384997,384548,449
26991681,36.679,7.39864,491,38497,0.766032,0.53,2,385041,384550,491
26994601,61.7358,35.8797,516,38552,0.769206,0.59,2,385109,384593,516
26997521,43.5472,59.9759,489,38607,0.753841,0.61,2,385148,384659,489
27000441,10.3094,42.3952,453,38662,0.766768,0.67,2,385150,384697,453
27003361,33.2619,38.079,455,38717,0.849354,0.71,2,385189,384734,455
27006281,57.8524,56.4158,458,38772,0.881871,0.75,2,385253,384795,458
27009201,46.7705,45.6832,459,38826,0.856374,0.77,2,385297,384838,459
27012121,42.1541,41.1366,460,38880,0.867275,0.77,2,385338,384878,460
27015041,34.0308,33.8273,460,38934,0.853455,0.77,2,385370,384910,460
27017961,24.4062,24.3655,460,38988,0.850691,0.75,2,385392,384932,460
27020881,32.0812,32.8731,459,39042,0.882138,0.75,2,385426,384967,459
27023801,28.8162,28.9746,459,39096,0.904428,0.75,2,385454,384995,459
27026721,7.36325,7.39492,459,39150,0.908886,0.77,2,385456,384997,459
27029641,37.4726,36.679,460,39204,0.941777,0.77,2,385501,385041,460
27169801,35,30,495,41712,0.91,1,2,387269,386774,495
27172721,27.8,29.2,492,41763,0.774,1,2,387295,386803,492
27175641,39.16,39.44,492,41814,0.6908,1,1,387337,386845,492
27178561,35.832,25.488,505,41864,0.59416,1,1,387372,386867,505
27181481,31.1664,29.0976,505,41914,0.574832,1,1,387402,386897,505
27184401,21.4333,29.0195,495,41964,0.474966,1,1,387421,386926,495
27187321,46.6867,53.0039,489,42014,0.342993,1,1,387474,386985,489
27190241,35.7373,37.0008,489,42064,0.252599,1,1,387507,387018,489
27193161,33.5475,32.2002,491,42114,0.26652,1,1,387540,387049,491
27196081,16.3095,24.04,481,42164,0.301304,1,1,387552,387071,481
27199001,47.2619,45.608,485,42214,0.244261,1,1,387607,387122,485
27201921,33.4524,40.3216,476,42264,0.184852,0.91,1,387637,387161,476
27204841,33.0905,37.6643,472,42314,0.15697,0.95,1,387670,387198,472
27207761,36.2181,36.3329,473,42364,0.135394,0.91,1,387707,387234,473
27210681,28.8436,35.2666,465,42414,0.131079,0.74,1,387734,387269,465
27213601,24.9687,27.8533,463,42464,0.130216,0.67,1,387758,387295,463
27216521,31.3937,39.1707,454,42514,0.0820431,0.57,1,387791,387337,454
27219441,30.2787,35.8341,449,42564,0.0884086,0.57,1,387821,387372,449
27222361,23.6557,31.1668,441,42614,0.0736817,0.45,1,387843,387402,441
27225281,20.7311,21.4334,442,42664,0.0867363,0.31,1,387863,387421,442
27228201,40.1462,46.6867,434,42713,0.0573473,0.23,1,387908,387474,434
27231121,33.6292,35.7373,433,42762,0.0994695,0.27,1,387940,387507,433
27234041,36.3258,33.5475,437,42811,0.123894,0.31,1,387977,387540,437
27236961,15.2652,16.3095,435,42860,0.0967788,0.23,1,387987,387552,435
27239881,42.253,47.2619,429,42909,0.155356,0.17,1,388036,387607,429
27242801,34.0506,33.4524,431,42958,0.183071,0.15,1,388068,387637,431
27245721,30.0101,33.0905,427,43007,0.204614,0.15,1,388097,387670,427
27248641,33.202,6.61809,461,43056,0.176923,0.13,1,388131,387670,461
27251561,29.0404,30.9236,452,43105,0.171385,0.13,1,388159,387707,452
27254481,25.0081,27.7847,449,43154,0.154277,0.13,1,388183,387734,449
27257401,29.8016,24.7569,456,43203,0.182855,0.07,1,388214,387758,456
27260321,30.7603,31.3514,454,43252,0.220571,0.09,1,388245,387791,454
27263241,22.9521,30.2703,445,43301,0.228114,0.07,1,388266,387821,445
27266161,21.3904,23.6541,444,43350,0.293623,0.09,1,388287,387843,444
27269081,39.4781,20.7308,468,43399,0.290725,0.05,1,388331,387863,468
27272001,35.8956,40.1462,458,43448,0.306145,0.11,1,388366,387908,458
27274921,35.9791,33.6292,462,43497,0.293229,0.13,1,388402,387940,462
27277841,15.1958,36.3258,435,43546,0.290646,0.09,1,388412,387977,435
27280761,43.8392,15.2652,476,43594,0.306129,0.17,1,388463,387987,476
27283681,35.1678,42.253,460,43642,0.325226,0.19,1,388496,388036,460
27286601,31.0336,34.0506,458,43690,0.329045,0.21,1,388526,388068,458
27289521,33.4067,30.0101,463,43738,0.329809,0.17,1,388560,388097,463
27292441,29.8813,33.202,458,43786,0.361962,0.17,1,388589,388131,458
27295361,23.5763,29.0404,452,43834,0.384392,0.15,1,388611,388159,452
27298281,31.9153,25.0081,462,43882,0.388878,0.19,1,388645,388183,462
27301201,32.7831,29.8016,464,43930,0.421776,0.23,1,388678,388214,464
27304121,24.1566,30.7603,455,43978,0.428355,0.23,1,388700,388245,455
27307041,21.6313,22.9521,455,44026,0.445671,0.31,1,388721,388266,455
27309961,40.3263,21.3904,479,44074,0.481134,0.29,1,388766,388287,479
27312881,37.6653,39.4781,472,44122,0.488227,0.31,1,388803,388331,472
27315801,34.7331,35.8956,471,44170,0.489645,0.29,1,388837,388366,471
27318721,14.9466,35.9791,445,44218,0.489929,0.29,1,388847,388402,445
27321641,44.5893,15.1958,487,44266,0.489986,0.31,1,388899,388412,487
27324561,36.1179,43.8392,470,44314,0.537997,0.33,1,388933,388463,470
27327481,31.2236,35.1678,467,44362,0.547599,0.33,1,388963,388496,467
27330401,33.4447,31.0336,471,44410,0.54952,0.33,1,388997,388526,471
27333321,31.4889,33.4067,468,44457,0.549904,0.37,1,389028,388560,468
27336241,7.89779,29.8813,441,44504,0.565981,0.39,1,389030,388589,441
27339161,19.1796,23.5763,441,44551,0.569196,0.39,1,389052,388611,441
27342081,31.0359,31.9153,441,44598,0.601839,0.43,1,389086,388645,441
27345001,34.2072,32.7831,443,44645,0.608368,0.43,1,389121,388678,443
27347921,24.4414,24.1566,443,44692,0.657674,0.45,1,389143,388700,443
27350841,22.4883,21.6313,444,44739,0.635535,0.49,1,389165,388721,444
27353761,42.0977,40.3263,446,44786,0.663107,0.49,1,389212,388766,446
27356681,38.0195,37.6653,446,44833,0.668621,0.49,1,389249,388803,446
27359601,34.8039,34.7331,446,44880,0.685724,0.49,1,389283,388837,446
27362521,14.9608,14.9466,446,44927,0.657145,0.49,1,389293,388847,446
27365441,45.3922,44.5893,447,44974,0.683429,0.55,1,389346,388899,447
27368361,37.8784,36.1179,449,45021,0.736686,0.55,1,389382,388933,449
27371281,31.5757,31.2236,449,45068,0.795337,0.55,2,389412,388963,449
27374201,33.5151,33.4447,449,45115,0.823067,0.55,2,389446,388997,449
27377121,32.303,31.4889,450,45162,0.844613,0.57,2,389478,389028,450
27380041,8.06061,7.89779,450,45209,0.816923,0.57,2,389480,389030,450
27382961,19.2121,19.1796,450,45256,0.843385,0.61,2,389502,389052,450
27385881,31.0424,31.0359,450,45303,0.864677,0.61,2,389536,389086,450
27388801,36.6085,34.2072,453,45350,0.852935,0.67,2,389574,389121,453
27391721,24.9217,24.4414,453,45397,0.818587,0.63,2,389596,389143,453
27394641,23.3843,22.4883,454,45443,0.827717,0.67,2,389619,389165,454
27397561,41.4769,42.0977,453,45489,0.893543,0.67,2,389665,389212,453
27400481,37.8954,38.0195,453,45535,0.890709,0.69,2,389702,389249,453
27403401,35.5791,34.8039,454,45581,0.858142,0.65,2,389737,389283,454
27406321,15.1158,14.9608,454,45627,0.851628,0.69,2,389747,389293,454
27409241,47.8232,45.3922,457,45673,0.850326,0.75,2,389803,389346,457
27412161,39.9646,37.8784,459,45719,0.882065,0.81,2,389841,389382,459
27415081,33.5929,31.5757,461,45765,0.872413,0.83,2,389873,389412,461
27418001,33.9186,33.5151,461,45811,0.902483,0.85,2,389907,389446,461
27628241,85,77,490,22817,0.17,0.53,1,392199,391709,490
27631161,72.2,81,477,22910,0.202,0.33,1,392268,391791,477
27634081,53.64,77,450,23003,0.1764,0.27,1,392317,391867,450
27637001,59.528,51.4,466,23095,0.20328,0.17,1,392378,391912,466
27639921,48.7056,66.28,442,23187,0.224656,0.07,1,392424,391982,442
27642841,26.5411,38.056,432,23278,0.212931,0.01,1,392445,392013,432
27645761,79.7082,29.2112,498,23369,0.226586,0.03,1,392538,392040,498
27648681,86.3416,65.0422,512,23460,0.261317,0.17,1,392626,392114,512
27651601,76.4683,81.0084,501,23550,0.252263,0.21,1,392700,392199,501
27654521,52.8937,71.4017,479,23640,0.266453,0.17,1,392747,392268,479
27657441,60.1787,53.4803,492,23730,0.285291,0.21,1,392809,392317,492
27660361,48.0357,59.4961,476,23819,0.289058,0.23,1,392854,392378,476
27663281,25.6071,48.6992,450,23908,0.289812,0.21,1,392874,392424,450
27666201,6.72143,26.5398,431,23997,0.289962,0.23,1,392876,392445,431
27669121,77.3443,79.708,433,24085,0.305992,0.27,1,392971,392538,433
27672041,87.4689,86.3416,435,24173,0.341199,0.25,1,393061,392626,435
27674961,77.4938,76.4683,436,24261,0.34824,0.27,1,393136,392700,436
27677881,52.2988,52.8937,435,24348,0.413648,0.29,1,393182,392747,435
27680801,60.8598,60.1787,436,24435,0.42673,0.29,1,393245,392809,436
27683721,48.1719,48.0357,436,24522,0.525346,0.29,1,393290,392854,436
27686641,25.6344,25.6071,436,24608,0.561069,0.29,1,393310,392874,436
27689561,6.72688,6.72143,436,24694,0.568214,0.31,1,393312,392876,436
27692481,78.1454,77.3443,437,24780,0.601643,0.35,1,393408,392971,437
27695401,89.2291,87.4689,439,24866,0.640329,0.35,1,393500,393061,439
27698321,77.8458,77.4938,439,24951,0.648066,0.43,1,393575,393136,439
27701241,54.7692,52.2988,442,25036,0.681613,0.43,1,393624,393182,442
27704161,62.1538,60.8598,443,25121,0.688323,0.55,1,393688,393245,443
27707081,51.6308,48.1719,447,25205,0.737664,0.57,1,393737,393290,447
27710001,27.1262,25.6344,448,25289,0.731533,0.57,1,393758,393310,448
27712921,7.02523,6.72688,448,25373,0.762307,0.61,2,393760,393312,448
27715841,81.405,78.1454,452,25457,0.784461,0.61,2,393860,393408,452
27718761,90.681,15.6291,545,25540,0.788892,0.65,2,393953,393408,545
27721681,78.1362,76.7258,528,25623,0.837778,0.65,2,394028,393500,528
27724601,54.8272,75.3452,502,25706,0.863556,0.69,2,394077,393575,502
27727521,62.9654,54.269,518,25788,0.932711,0.69,2,394142,393624,518
27730441,53.3931,62.0538,505,25870,0.930542,0.75,2,394193,393688,505
27844321,103,79,582,28890,0.65,1,1,396345,395763,582
27847241,57.4,94.2,530,28963,0.634,1,1,396391,395861,530
27850161,48.28,70.84,511,29036,0.5508,1,1,396437,395926,511
27853081,34.456,37.368,513,29109,0.48616,1,1,396468,395955,513
27856001,41.2912,34.6736,522,29182,0.409232,1,1,396511,395989,522
27858921,46.6582,51.7347,514,29255,0.393846,0.88,1,396559,396045,514
27861841,34.1316,39.1469,509,29327,0.406769,0.99,1,396590,396081,509
27864761,38.0263,39.0294,509,29399,0.425354,0.91,1,396629,396120,509
27867681,67.6053,39.8059,544,29471,0.381071,0.77,1,396704,396160,544
27870601,87.1211,73.5612,554,29543,0.404214,0.65,1,396796,396242,554
27873521,51.8242,97.1122,494,29615,0.424843,0.63,1,396839,396345,494
27876441,43.9648,56.2224,490,29686,0.428969,0.53,1,396881,396391,490
27879361,32.793,48.0445,474,29757,0.429794,0.47,1,396911,396437,474
27882281,39.3586,34.4089,484,29828,0.445959,0.39,1,396952,396468,484
27885201,9.47172,41.2818,443,29899,0.449192,0.39,1,396954,396511,443
27888121,38.6943,46.6564,441,29970,0.417838,0.41,1,397000,396559,441
27891041,31.7389,34.1313,440,30041,0.411568,0.43,1,397030,396590,440
27893961,39.9478,38.0263,443,30111,0.410314,0.37,1,397072,396629,443
27896881,63.9896,67.6053,438,30181,0.458063,0.41,1,397142,396704,438
27899801,89.5979,87.121,442,30251,0.547613,0.43,1,397238,396796,442
27902721,53.1196,51.8242,443,30321,0.613523,0.43,1,397282,396839,443
27905641,42.6239,43.9648,441,30391,0.642704,0.43,1,397322,396881,441
27908561,33.3248,32.793,442,30461,0.632541,0.45,1,397353,396911,442
27911481,39.465,39.3586,442,30530,0.694508,0.45,1,397394,396952,442
27914401,9.49299,9.47172,442,30599,0.738902,0.41,1,397396,396954,442
27917321,37.0986,38.6943,440,30668,0.73178,0.41,1,397440,397000,440
27920241,34.6197,31.7389,444,30737,0.746356,0.41,1,397474,397030,444
27923161,39.7239,39.9478,443,30806,0.765271,0.47,2,397515,397072,443
27926081,64.7448,63.9896,444,30875,0.785054,0.57,2,397586,397142,444
27929001,92.949,89.5979,448,30944,0.805011,0.63,2,397686,397238,448
27931921,56.1898,53.1196,451,31012,0.841002,0.65,2,397733,397282,451
27934841,44.038,42.6239,452,31080,0.8642,0.63,2,397774,397322,452
27937761,34.4076,33.3248,453,31148,0.86884,0.71,2,397806,397353,453
27940681,42.8815,39.465,457,31216,0.821768,0.75,2,397851,397394,457
27943601,10.1763,9.49299,457,31284,0.844354,0.75,2,397853,397396,457
27946521,37.2353,1.8986,501,31352,0.816871,0.73,2,397897,397396,501
27949441,35.4471,35.5797,492,31419,0.843374,0.75,2,397932,397440,492
27952361,39.0894,34.3159,498,31486,0.848675,0.77,2,397972,397474,498
27955281,65.4179,39.6632,529,31553,0.897735,0.79,2,398044,397515,529
28089601,41,78,501,34502,0.55,1,1,400147,399646,501
28092521,37.8,39.6,508,34563,0.502,1,1,400184,399676,508
28095441,40.36,34.32,516,34624,0.3644,1,1,400225,399709,516
28098361,37.672,45.264,505,34685,0.25688,1,1,400262,399757,505
28101281,40.3344,37.0528,511,34746,0.107376,1,1,400303,399792,511
28104201,22.4669,32.2106,498,34807,0.0454752,1,1,400321,399823,498
28107121,32.4934,24.8421,510,34868,0.017095,1,1,400356,399846,510
28110041,34.4987,34.5684,508,34929,0.011419,1,1,400391,399883,508
28112961,33.2997,33.3137,508,34990,0.0022838,1,1,400424,399916,508
28115881,71.4599,34.6627,554,35050,0.00845676,0.89,1,400505,399951,554
28118801,55.892,81.3325,513,35110,0.0256914,0.69,1,400557,400044,513
28121721,39.1784,65.8665,486,35170,0.0291383,0.55,1,400592,400106,486
28124641,35.0357,45.9733,479,35230,0.0298277,0.49,1,400626,400147,479
28127561,33.4071,38.7947,475,35290,0.0779655,0.33,1,400659,400184,475
28130481,33.0814,40.5589,467,35350,0.0555931,0.23,1,400692,400225,467
28133401,34.6163,37.7118,465,35410,0.0111186,0.07,1,400727,400262,465
28136321,18.9233,40.3424,439,35470,0.0262237,0.03,1,400742,400303,439
28139241,32.5847,22.4685,457,35530,0.0292447,0.01,1,400778,400321,457
28142161,36.1169,32.4937,459,35589,0.0618489,0.01,1,400815,400356,459
28145081,34.4234,34.4987,458,35648,0.0363698,0,1,400849,400391,458
28148001,8.48468,33.2997,427,35707,0.031274,0.01,1,400851,400424,427
28150921,63.2969,71.46,423,35766,0.0302548,0.03,1,400928,400505,423
28153841,54.2594,55.892,423,35825,0.062051,0.03,1,400980,400557,423
28156761,38.8519,39.1784,423,35884,0.0364102,0.03,1,401015,400592,423
28159681,34.9704,35.0357,423,35943,0.063282,0.09,1,401049,400626,423
28162601,34.1941,33.4071,424,36002,0.0526564,0.05,1,401083,400659,424
28165521,32.4388,33.0814,423,36061,0.0985313,0,1,401115,400692,423
28168441,35.2878,34.6163,424,36120,0.0917063,0.03,1,401151,400727,424
28171361,19.8576,18.9233,425,36179,0.0903413,0.03,1,401167,400742,425
28174281,30.3715,32.5847,422,36237,0.0900683,0.07,1,401200,400778,422
28177201,36.4743,36.1169,423,36295,0.0740137,0.03,1,401238,400815,423
28180121,33.6949,34.4234,422,36353,0.0388027,0.03,1,401271,400849,422
28183041,8.33897,8.48468,422,36411,0.0317605,0.03,1,401273,400851,422
28185961,64.0678,63.2969,423,36469,0.0143521,0.07,1,401351,400928,423
28188881,54.4136,54.2594,423,36527,0.0588704,0.03,1,401403,400980,423
28191801,38.8827,38.8519,423,36585,0.0197741,0.07,1,401438,401015,423
28194721,35.7765,34.9704,424,36643,0.0599548,0.05,1,401473,401049,424
28197641,32.7553,34.1941,422,36701,0.035991,0.11,1,401505,401083,422
28200561,34.5511,32.4388,425,36759,0.0631982,0.09,1,401540,401115,425
28203481,34.9102,35.2878,424,36816,0.0846396,0.09,1,401575,401151,424
28206401,19.782,19.8576,424,36873,0.104928,0.09,1,401591,401167,424
28209321,30.3564,30.3715,424,36930,0.108986,0.07,1,401624,401200,424
28212241,35.6713,36.4743,423,36987,0.0617971,0.03,1,401661,401238,423
28215161,32.7343,33.6949,422,37044,0.0363594,0.03,1,401693,401271,422
28218081,8.14685,8.33897,422,37101,0.0312719,0.01,1,401695,401273,422
28221001,64.0294,64.0678,422,37158,0.0142544,0.01,1,401773,401351,422
28223921,54.4059,12.8136,474,37215,0.0588509,0.07,1,401825,401351,474
28226841,38.0812,44.1627,456,37272,0.0677702,0.01,1,401859,401403,456
28229761,36.4162,36.8325,457,37329,0.101554,0.07,1,401895,401438,457
28232681,32.8832,35.3665,454,37386,0.124311,0.03,1,401927,401473,454
28235601,34.5766,32.6733,457,37443,0.144862,0.07,1,401962,401505,457
28238521,35.7153,34.5347,458,37499,0.164972,0.09,1,401998,401540,458
28241441,20.7431,34.9069,440,37555,0.184994,0.11,1,402015,401575,440
28244361,30.5486,19.7814,457,37611,0.188999,0.11,1,402048,401591,457
28247281,34.9097,30.3563,460,37667,0.2058,0.05,1,402084,401624,460
28250201,30.9819,35.6713,453,37723,0.19316,0.03,1,402114,401661,453
28253121,7.79639,32.7343,423,37779,0.190632,0.03,1,402116,401693,423
28256041,63.9593,8.14685,499,37835,0.174126,0.01,1,402194,401695,499
28258961,56.7919,64.0294,476,37891,0.170825,0.07,1,402249,401773,476
28261881,38.5584,54.4059,458,37947,0.186165,0.07,1,402283,401825,458
28264801,38.1117,38.0812,462,38003,0.173233,0.11,1,402321,401859,462
28267721,34.8223,36.4162,460,38059,0.218647,0.13,1,402355,401895,460
28270641,34.9645,32.8832,463,38115,0.211729,0.15,1,402390,401927,463
28273561,36.5929,34.5766,465,38170,0.226346,0.17,1,402427,401962,465
28276481,22.5186,35.7153,448,38225,0.213269,0.19,1,402446,401998,448
28279401,30.9037,20.7431,464,38280,0.226654,0.19,1,402479,402015,464
28282321,34.9807,30.5486,467,38335,0.229331,0.21,1,402515,402048,467
28285241,30.1961,34.9097,460,38390,0.293866,0.19,1,402544,402084,460
28288161,7.63923,30.9819,432,38445,0.306773,0.19,1,402546,402114,432
28291081,63.1278,7.79639,507,38500,0.293355,0.17,1,402623,402116,507
28294001,56.6256,63.9593,484,38555,0.290671,0.17,1,402678,402194,484
28296921,39.3251,56.7919,464,38610,0.290134,0.19,1,402713,402249,464
28299841,9.46502,38.5584,432,38665,0.290027,0.17,1,402715,402283,432
28302761,31.493,38.1117,431,38720,0.306005,0.23,1,402752,402321,431
28305681,35.0986,34.8223,433,38775,0.325201,0.21,1,402788,402355,433
28308601,34.2197,34.9645,432,38829,0.36104,0.23,1,402822,402390,432
28311521,37.2439,36.5929,433,38883,0.432208,0.21,1,402860,402427,433
28314441,21.8488,22.5186,432,38937,0.430442,0.23,1,402878,402446,432
28317361,31.5698,30.9037,433,38991,0.430088,0.23,1,402912,402479,433
28320281,35.914,34.9807,434,39045,0.478018,0.31,1,402949,402515,434
28323201,32.7828,30.1961,437,39099,0.519604,0.31,1,402981,402544,437
28326121,8.15656,7.63923,437,39153,0.527921,0.29,1,402983,402546,437
28329041,63.2313,63.1278,437,39207,0.545584,0.29,1,403060,402623,437
28331961,55.8463,56.6256,436,39261,0.565117,0.29,1,403114,402678,436
28334881,39.1693,39.3251,436,39315,0.569023,0.29,1,403149,402713,436
28337801,9.43385,9.46502,436,39369,0.569805,0.31,1,403151,402715,436
28340721,32.2868,31.493,437,39423,0.585961,0.33,1,403189,402752,437
28343641,36.8574,35.0986,439,39477,0.605192,0.37,1,403227,402788,439
28346561,36.1715,34.2197,441,39530,0.593038,0.45,1,403263,402822,441
28349481,39.2343,37.2439,443,39583,0.622608,0.43,1,403303,402860,443
28352401,22.2469,21.8488,443,39636,0.628522,0.43,1,403321,402878,443
28355321,32.4494,31.5698,444,39689,0.613704,0.49,1,403356,402912,444
28358241,36.0899,35.914,444,39742,0.626741,0.53,1,403393,402949,444
28361161,34.418,32.7828,446,39795,0.677348,0.53,1,403427,402981,446
28364081,8.48359,8.15656,446,39848,0.65547,0.55,1,403429,402983,446
28367001,64.0967,63.2313,447,39901,0.651094,0.57,1,403507,403060,447
28369921,56.8193,55.8463,448,39954,0.698219,0.57,1,403562,403114,448
28372841,40.9639,39.1693,450,40007,0.739644,0.57,1,403599,403149,450
28375761,9.79277,9.43385,450,40060,0.747929,0.57,1,403601,403151,450
28378681,33.1586,1.88677,489,40113,0.733586,0.59,1,403640,403151,489
28381601,35.4317,30.7774,487,40166,0.714717,0.61,1,403676,403189,487
28384521,36.6863,36.5555,486,40219,0.726943,0.59,1,403713,403227,486
28387441,39.3373,36.1111,490,40271,0.761389,0.63,2,403753,403263,490
28390361,22.2675,39.2222,468,40323,0.768278,0.63,2,403771,403303,468
28393281,33.2535,22.2444,486,40375,0.801656,0.61,2,403807,403321,486
28396201,37.0507,32.4489,489,40427,0.824331,0.63,2,403845,403356,489
28399121,35.4101,36.0898,487,40479,0.828866,0.69,2,403880,403393,487
28402041,8.68203,34.418,455,40531,0.829773,0.65,2,403882,403427,455
28404961,64.1364,8.48359,531,40583,0.861955,0.65,2,403960,403429,531
28407881,57.6273,64.0967,509,40635,0.884391,0.71,2,404016,403507,509
28410801,42.7255,56.8193,493,40687,0.920878,0.75,2,404055,403562,493
28413721,10.1451,40.9639,458,40739,0.928176,0.75,2,404057,403599,458
28416641,32.429,9.79277,494,40791,0.945635,0.73,2,404095,403601,494
28419561,36.0858,33.1586,492,40843,0.949127,0.71,2,404132,403640,492
28599141,119,95,528,19925,0.83,0.95,2,406395,405867,528
28602061,99.8,99,523,20031,0.846,0.91,2,406490,405967,523
28604981,64.76,87.8,494,20137,0.8972,0.73,2,406546,406052,494
28607901,67.352,60.76,508,20242,0.87544,0.81,2,406614,406106,508
28610821,30.2704,60.152,469,20347,0.887088,0.77,2,406635,406166,469
28613741,84.4541,22.4304,554,20451,0.889418,0.77,2,406733,406179,554
28695501,70,29,549,23180,0.69,0.99,1,408654,408105,549
28698421,99.6,56.2,593,23271,0.434,1,1,408761,408168,593
28701341,108.72,95.24,599,23362,0.3348,1,1,408872,408273,599
28704261,54.544,108.648,528,23453,0.20296,1,1,408913,408385,528
28707181,74.1088,65.7296,552,23543,0.192592,0.98,1,408992,408440,552
28710101,33.2218,78.7459,493,23633,0.174518,0.93,1,409015,408522,493
28713021,30.6444,38.1492,495,23723,0.170904,0.88,1,409045,408550,495
28715941,54.1289,34.8298,521,23812,0.106181,0.69,1,409105,408584,521
28718861,87.6258,62.966,547,23901,0.0612361,0.37,1,409201,408654,547
28721781,19.1252,98.1932,442,23990,0.0522472,0.31,1,409203,408761,442
28724701,85.425,108.439,433,24078,0.0984494,0.17,1,409305,408872,433
28727621,50.685,54.4877,434,24166,0.12369,0.19,1,409347,408913,434
28730541,70.137,74.0975,430,24254,0.144738,0.17,1,409422,408992,430
28733461,32.4274,33.2195,430,24341,0.100948,0.17,1,409445,409015,430
28736381,30.4855,30.6439,430,24428,0.12419,0.09,1,409475,409045,430
28739301,52.4971,54.1288,428,24515,0.128838,0.05,1,409533,409105,428
28742221,84.0994,87.6258,424,24601,0.113768,0.05,1,409625,409201,424
28745141,18.4199,19.1252,424,24687,0.0787535,0.11,1,409627,409203,424
28748061,88.484,85.425,428,24773,0.151751,0.13,1,409733,409305,428
28750981,51.2968,50.685,428,24859,0.24635,0.15,1,409775,409347,428
28753901,69.4594,70.137,427,24944,0.31327,0.09,1,409849,409422,427
28756821,29.8919,32.4274,424,25029,0.342654,0.13,1,409869,409445,424
28759741,31.5784,30.4855,426,25114,0.348531,0.13,1,409901,409475,426
28762661,52.7157,52.4971,426,25198,0.413706,0.11,1,409959,409533,426
28765581,83.3431,84.0994,425,25282,0.458741,0.07,1,410050,409625,425
28768501,18.2686,18.4199,425,25366,0.435748,0.17,1,410052,409627,425
28771421,92.4537,88.484,430,25450,0.39915,0.17,1,410163,409733,430
28774341,53.6907,17.6968,474,25533,0.39183,0.27,1,410207,409733,474
28777261,73.1381,37.1394,510,25616,0.454366,0.33,1,410285,409775,510
28780181,30.6276,66.6279,456,25699,0.466873,0.35,1,410305,409849,456
28783101,32.5255,29.3256,469,25781,0.453375,0.35,1,410338,409869,469
28786021,55.3051,31.4651,498,25863,0.578675,0.43,1,410399,409901,498
28788941,85.461,52.693,533,25945,0.603735,0.47,1,410492,409959,533
28791861,18.6922,83.3386,444,26027,0.608747,0.43,1,410494,410050,444
28794781,90.9384,18.2677,551,26108,0.625749,0.39,1,410603,410052,551
28797701,53.3877,92.4535,484,26189,0.67715,0.39,1,410647,410163,484
28800621,76.2775,53.6907,522,26270,0.68743,0.47,1,410729,410207,522
28803541,31.2555,73.1381,464,26351,0.737486,0.47,1,410749,410285,464
28806461,33.4511,30.6276,478,26431,0.747497,0.45,1,410783,410305,478
28809381,60.2902,32.5255,512,26511,0.765499,0.61,2,410850,410338,512
28812301,86.458,55.3051,544,26591,0.8011,0.61,2,410943,410399,544
28815221,18.8916,85.461,453,26671,0.80822,0.61,2,410945,410492,453
28818141,92.5783,18.6922,562,26750,0.825644,0.63,2,411056,410494,562
28821061,55.3157,90.9384,499,26829,0.877129,0.69,2,411102,410603,499
28823981,77.4631,53.3877,538,26908,0.871426,0.69,2,411185,410647,538
28826901,17.0926,76.2775,458,26987,0.870285,0.75,2,411187,410729,458
28829821,20.2185,31.2555,459,27065,0.886057,0.75,2,411208,410749,459
28832741,32.0437,33.4511,460,27143,0.889211,0.77,2,411243,410783,460
28835661,60.8087,60.2902,461,27221,0.873842,0.81,2,411311,410850,461
28838581,87.3618,86.458,462,27299,0.918768,0.81,2,411405,410943,462
28841501,19.0723,18.8916,462,27377,0.895754,0.83,2,411407,410945,462
28844421,93.4145,92.5783,463,27454,0.907151,0.89,2,411519,411056,463
28847341,57.8829,55.3157,466,27531,0.92543,0.87,2,411568,411102,466
28940781,35,24,518,29892,0.87,1,2,413187,412669,518
28943701,34.2,41.6,506,29963,0.806,1,2,413221,412715,506
28946621,63.64,83.52,483,30034,0.6012,1,1,413292,412809,483
28949541,43.928,43.104,489,30104,0.56024,1,1,413331,412842,489
28952461,79.9856,76.6208,493,30174,0.424048,1,1,413420,412927,493
28955381,42.3971,51.3242,481,30244,0.34881,1,1,413453,412972,481
28958301,80.4794,79.0648,485,30314,0.253762,1,1,413543,413058,485
28961221,34.4959,38.213,480,30384,0.154752,0.84,1,413566,413086,480
28964141,29.2992,38.8426,469,30454,0.15095,0.81,1,413594,413125,469
28967061,25.8598,29.3685,467,30523,0.10219,0.87,1,413619,413152,467
28969981,29.172,33.8737,462,30592,0.108438,0.79,1,413649,413187,462
28972901,29.0344,33.9747,457,30661,0.109688,0.55,1,413678,413221,457
28975821,57.0069,63.5949,450,30730,0.141938,0.55,1,413742,413292,450
28978741,42.6014,43.919,450,30799,0.180387,0.39,1,413781,413331,450
28981661,73.3203,79.9838,442,30868,0.204078,0.33,1,413862,413420,442
28984581,37.8641,42.3968,438,30937,0.256816,0.23,1,413891,413453,438
28987501,74.7728,80.4794,432,31005,0.251363,0.13,1,413975,413543,432
28990421,32.5546,34.4959,431,31073,0.250273,0.15,1,413997,413566,431
28993341,25.7109,29.2992,427,31141,0.234055,0.09,1,414021,413594,427
28996261,23.5422,25.8598,425,31209,0.246811,0.11,1,414044,413619,425
28999181,29.5084,29.172,426,31277,0.233362,0.11,1,414075,413649,426
29002101,27.5017,5.83439,453,31345,0.214672,0.11,1,414102,413649,453
29005021,58.3003,24.3669,490,31413,0.210935,0.15,1,414168,413678,490
29007941,44.4601,56.0734,467,31480,0.258187,0.19,1,414209,413742,467
29010861,74.492,42.4147,510,31547,0.379637,0.21,1,414291,413781,510
29013781,40.4984,73.2829,461,31614,0.419927,0.27,1,414323,413862,461
29016701,74.4997,37.8566,515,31681,0.443985,0.25,1,414406,413891,515
29019621,32.4999,74.7713,453,31748,0.448797,0.25,1,414428,413975,453
29022541,26.5,32.5543,456,31815,0.465759,0.23,1,414453,413997,456
29025461,24.5,25.7109,456,31881,0.469152,0.25,1,414477,414021,456
29028381,27.3,23.5422,461,31947,0.48583,0.23,1,414505,414044,461
29031301,29.46,29.5084,460,32013,0.489166,0.21,1,414535,414075,460
29034221,57.092,27.5017,497,32079,0.521833,0.21,1,414599,414102,497
29037141,46.6184,58.3003,475,32145,0.592367,0.27,1,414643,414168,475
29040061,80.5237,44.4601,523,32211,0.638473,0.41,1,414732,414209,523
29042981,42.5047,74.492,474,32277,0.647695,0.43,1,414765,414291,474
29045901,75.701,40.4984,526,32343,0.665539,0.45,1,414849,414323,526
29048821,32.7402,74.4997,465,32408,0.669108,0.45,1,414871,414406,465
29051741,27.348,32.4999,469,32473,0.669822,0.47,1,414897,414428,469
29054661,24.6696,26.5,468,32538,0.685964,0.47,1,414921,414453,468
29057581,28.1339,24.5,473,32603,0.721193,0.49,1,414950,414477,473
29060501,30.4268,27.3,476,32668,0.712239,0.49,1,414981,414505,476
29063421,58.0854,29.46,511,32733,0.726448,0.53,1,415046,414535,511
29066341,13.2171,57.092,449,32798,0.72929,0.61,1,415048,414599,449
29069261,41.0434,46.6184,453,32862,0.697858,0.65,1,415096,414643,453
29072181,80.2087,80.5237,454,32926,0.707572,0.65,1,415186,414732,454
29075101,43.2417,42.5047,455,32990,0.709514,0.67,1,415220,414765,455
29078021,75.8484,75.701,455,33054,0.757903,0.67,2,415304,414849,455
29080941,32.7697,32.7402,455,33118,0.767581,0.67,2,415326,414871,455
29083861,27.3539,27.348,455,33182,0.769516,0.69,2,415352,414897,455
29086781,25.4708,24.6696,456,33246,0.753903,0.73,2,415377,414921,456
29089701,29.8942,28.1339,458,33310,0.734781,0.71,1,415408,414950,458
29092621,29.9788,30.4268,457,33373,0.746956,0.73,1,415438,414981,457
29095541,58.7958,58.0854,458,33436,0.765391,0.73,2,415504,415046,458
29098461,13.3592,13.2171,458,33499,0.769078,0.69,2,415506,415048,458
29101381,39.4718,41.0434,456,33562,0.769816,0.71,2,415552,415096,456
29104301,80.6944,80.2087,457,33625,0.881963,0.71,2,415643,415186,457
29107221,41.7389,43.2417,455,33688,0.904393,0.77,2,415675,415220,455
29241541,22,32,489,36464,0.89,1,2,417592,417103,489
29244461,66,76,479,36522,0.906,1,2,417669,417190,479
29247381,42.8,43.2,481,36580,0.8132,1,2,417706,417225,481
29250301,34.16,29.44,487,36638,0.85864,1,2,417738,417251,487
29253221,29.232,27.488,488,36696,0.787728,1,2,417766,417278,488
29256141,33.8464,33.4976,488,36754,0.725546,1,1,417801,417313,488
29259061,26.7693,32.2995,481,36811,0.745109,1,1,417826,417345,481
29261981,24.5539,32.8599,472,36868,0.685022,0.99,1,417850,417378,472
29264901,36.1108,38.572,471,36925,0.721004,1,1,417889,417418,471
29267821,32.0222,34.9144,468,36982,0.744201,0.91,1,417920,417452,468
29270741,72.8044,74.9829,466,37039,0.70084,0.85,1,418003,417537,466
29273661,37.7609,41.3966,462,37096,0.708168,0.89,1,418032,417570,462
29276581,22.7522,25.8793,459,37153,0.693634,0.89,1,418051,417592,459
29279501,68.5504,5.17586,539,37210,0.754727,0.91,2,418131,417592,539
29282421,41.7101,62.6352,497,37267,0.782945,0.79,2,418166,417669,497
29285341,30.742,42.127,488,37324,0.852589,0.87,2,418194,417706,488
29288261,29.3484,34.0254,485,37381,0.834518,0.77,2,418223,417738,485
29291181,34.6697,29.2051,493,37438,0.894904,0.71,2,418259,417766,493
29294101,26.1339,33.841,482,37494,0.890981,0.75,2,418283,417801,482
29570041,84,106,507,19203,0.13,0.98,1,421914,421407,507
29572961,104,91.6,528,19314,0.098,0.89,1,422023,421495,528
29575881,64.8,87.92,496,19424,0.1076,0.73,1,422078,421582,496
29578801,57.76,84.784,468,19533,0.09352,0.61,1,422134,421666,468
29581721,21.952,40.9568,451,19642,0.154704,0.45,1,422147,421696,451
29584641,97.1904,23.3914,548,19750,0.150941,0.23,1,422263,421715,548
29587561,78.6381,96.6783,507,19857,0.182188,0.13,1,422337,421830,507
29590481,105.328,86.5357,535,19964,0.268438,0.09,1,422449,421914,535
29593401,65.0655,104.507,481,20070,0.301688,0.11,1,422504,422023,481
29596321,59.4131,64.9014,484,20176,0.356338,0.09,1,422562,422078,484
29599241,21.4826,57.7803,440,20281,0.367267,0.17,1,422574,422134,440
29602161,99.4965,21.9561,546,20386,0.401453,0.15,1,422693,422147,546
29605081,80.6993,97.1912,506,20490,0.440291,0.19,1,422769,422263,506
29608001,108.14,78.6382,547,20594,0.448058,0.29,1,422884,422337,547
29610921,66.428,105.328,491,20697,0.465612,0.31,1,422940,422449,491
29613841,62.0856,65.0655,497,20799,0.453122,0.37,1,423001,422504,497
29616761,22.0171,59.4131,451,20901,0.450624,0.37,1,423013,422562,451
29619681,102.003,21.4826,561,21002,0.466125,0.41,1,423135,422574,561
29622601,22.0007,99.4965,444,21103,0.501225,0.45,1,423137,422693,444
29625521,65.2001,80.6993,444,21204,0.476245,0.45,1,423213,422769,444
29628441,105.04,108.14,444,21304,0.519249,0.47,1,423328,422884,444
29631361,66.608,66.428,445,21404,0.54385,0.45,1,423385,422940,445
29634281,61.3216,62.0856,444,21503,0.56477,0.45,1,423445,423001,444
29637201,21.8643,22.0171,444,21602,0.568954,0.47,1,423457,423013,444
29640121,102.773,102.003,445,21700,0.681791,0.51,1,423580,423135,445
29643041,22.1546,22.0007,445,21798,0.704358,0.47,1,423582,423137,445
29645961,64.4309,65.2001,444,21895,0.692872,0.53,1,423657,423213,444
29648881,106.486,105.04,446,21992,0.770574,0.55,2,423774,423328,446
29651801,68.4972,66.608,448,22088,0.818115,0.57,2,423833,423385,448
29654721,61.6994,61.3216,448,22184,0.859623,0.57,2,423893,423445,448
29657641,21.9399,21.8643,448,22280,0.835925,0.71,2,423905,423457,448
29759841,48,35,491,25399,0.51,1,1,426194,425703,491
29762761,36.8,32.6,493,25482,0.43,1,1,426228,425735,493
29765681,49.76,6.52,546,25565,0.302,1,1,426281,425735,546
29768601,32.352,55.704,506,25648,0.2764,1,1,426309,425803,506
29771521,88.0704,36.7408,576,25731,0.12728,1,1,426411,425835,576
29774441,44.8141,89.7482,507,25813,0.081456,0.99,1,426445,425938,507
29777361,49.7628,48.3496,520,25895,0.0402912,0.91,1,426496,425976,520
29780281,91.5526,54.4699,566,25977,0.0320582,0.67,1,426598,426032,566
29783201,51.9105,102.094,494,26059,0.0304116,0.51,1,426640,426146,494
29786121,31.9821,58.8188,473,26140,0.0300823,0.41,1,426667,426194,473
29789041,45.5964,38.9638,488,26221,0.0620165,0.27,1,426716,426228,488
29791961,30.7193,50.1928,462,26302,0.132403,0.27,1,426743,426281,462
29794881,78.9439,32.4385,525,26383,0.0824807,0.09,1,426834,426309,525
29797801,41.3888,88.0877,455,26463,0.0404961,0.07,1,426866,426411,455
29800721,49.8778,44.8175,473,26543,0.0640992,0.03,1,426918,426445,473
29803641,91.5755,49.7635,524,26623,0.10082,0.03,1,427020,426496,524
29806561,52.7151,91.5527,465,26703,0.140164,0.03,1,427063,426598,465
29809481,30.543,51.9105,448,26782,0.100033,0.03,1,427088,426640,448
29812401,49.3086,31.9821,475,26861,0.0760066,0.07,1,427142,426667,475
29815321,11.4617,45.5964,428,26940,0.0712013,0.15,1,427144,426716,428
29818241,23.0923,30.7193,427,27019,0.0702403,0.07,1,427170,426743,427
29821161,77.4185,78.9439,427,27097,0.118048,0.03,1,427261,426834,427
29824081,37.8837,41.3888,423,27175,0.11161,0.07,1,427289,426866,423
29827001,52.3767,49.8778,427,27253,0.0943219,0.11,1,427345,426918,427
29829921,90.4753,91.5755,425,27331,0.0748644,0.15,1,427445,427020,425
29832841,54.0951,52.7151,427,27408,0.118973,0.09,1,427490,427063,427
29835761,30.019,30.543,426,27485,0.159795,0.07,1,427514,427088,426
29838681,48.4038,49.3086,425,27562,0.183959,0.07,1,427567,427142,425
29841601,11.2808,11.4617,425,27639,0.188792,0.07,1,427569,427144,425
29844521,23.0562,23.0923,425,27716,0.205758,0.13,1,427595,427170,425
29847441,79.0112,77.4185,427,27792,0.241152,0.11,1,427688,427261,427
29850361,38.2022,37.8837,427,27868,0.24823,0.09,1,427716,427289,427
29853281,50.0405,52.3767,424,27944,0.265646,0.07,1,427769,427345,424
29856201,91.6081,90.4753,426,28020,0.269129,0.13,1,427871,427445,426
29859121,55.9216,54.0951,428,28096,0.285826,0.17,1,427918,427490,428
29862041,30.3843,30.019,428,28171,0.353165,0.19,1,427942,427514,428
29864961,49.2769,48.4038,429,28246,0.382633,0.19,1,427996,427567,429
29867881,11.4554,11.2808,429,28321,0.356527,0.21,1,427998,427569,429
29870801,23.8911,23.0562,430,28396,0.415305,0.21,1,428025,427595,430
29873721,79.9782,4.61123,524,28471,0.459061,0.25,1,428119,427595,524
29876641,38.3956,75.3222,459,28545,0.483812,0.25,1,428147,427688,459
29879561,50.8791,37.4644,485,28619,0.504762,0.27,1,428201,427716,485
29882481,93.3758,49.8929,536,28693,0.524953,0.27,1,428305,427769,536
29885401,57.8752,91.5786,483,28767,0.560991,0.29,1,428354,427871,483
29888321,31.575,55.9157,461,28841,0.600198,0.37,1,428379,427918,461
29891241,51.115,30.3831,493,28914,0.62404,0.39,1,428435,427942,493
29894161,11.823,49.2766,441,28987,0.628808,0.35,1,428437,427996,441
29897081,24.7646,11.4553,467,29060,0.629762,0.43,1,428465,427998,467
29900001,84.1529,23.8911,539,29133,0.677952,0.47,1,428564,428025,539
29902921,39.2306,79.9782,473,29206,0.68759,0.49,1,428592,428119,473
29905841,51.8461,38.3956,500,29278,0.673518,0.51,1,428647,428147,500
29908761,95.1692,50.8791,552,29350,0.702704,0.53,1,428753,428201,552
29911681,59.8338,93.3758,499,29422,0.724541,0.57,1,428804,428305,499
29914601,32.7668,57.8752,476,29494,0.728908,0.61,1,428830,428354,476
29917521,52.1534,31.575,508,29566,0.729782,0.63,1,428887,428379,508
29920441,12.0307,51.115,454,29638,0.745956,0.63,1,428889,428435,454
29923361,24.8061,11.823,480,29709,0.749191,0.63,1,428917,428437,480
29926281,84.9612,24.7646,552,29780,0.733838,0.69,1,429017,428465,552
29929201,18.5922,84.1529,455,29851,0.746768,0.69,1,429019,428564,455
29932121,26.9184,39.2306,456,29922,0.749353,0.67,1,429048,428592,456
29935041,48.5837,51.8461,455,29993,0.797871,0.71,2,429102,428647,455
29937961,96.1167,95.1692,457,30064,0.855574,0.73,2,429210,428753,457
29940881,60.8233,59.8338,458,30134,0.867115,0.73,2,429262,428804,458
29943801,32.9647,32.7668,458,30204,0.853423,0.73,2,429288,428830,458
29946721,52.9929,52.1534,459,30274,0.930685,0.75,2,429346,428887,459
29949641,12.1986,12.0307,459,30344,0.946137,0.75,2,429348,428889,459
29952561,24.8397,24.8061,459,30414,0.949227,0.73,2,429376,428917,459
30066441,48,48,490,33017,0.73,1,1,431237,430747,490
30069361,35.2,32,494,33081,0.65,1,1,431269,430775,494
30072281,28.64,24.8,498,33145,0.682,1,1,431296,430798,498
30075201,60.128,79.36,473,33209,0.5124,1,1,431364,430891,473
30078121,45.6256,39.872,485,33273,0.49448,1,1,431406,430921,485
30081041,41.9251,31.1744,497,33337,0.330896,1,1,431447,430950,497
30083961,37.185,31.0349,502,33400,0.298179,1,1,431483,430981,502
30086881,76.237,91.807,481,33463,0.275636,1,1,431569,431088,481
30089801,38.4474,47.1614,474,33526,0.287127,0.92,1,431598,431124,474
30092721,33.2895,38.2323,470,33589,0.337425,0.79,1,431630,431160,470
30095641,25.0579,30.8465,464,33652,0.379485,0.73,1,431653,431189,464
30098561,39.4116,44.5693,459,33715,0.387897,0.63,1,431696,431237,459
30101481,28.6823,34.5139,453,33778,0.389579,0.69,1,431722,431269,453
30104401,23.3365,28.5028,448,33841,0.357916,0.47,1,431744,431296,448
30107321,59.0673,60.1006,448,33903,0.383583,0.49,1,431812,431364,448
30110241,40.6135,45.6201,442,33965,0.356717,0.29,1,431848,431406,442
30113161,40.1227,41.924,441,34027,0.383343,0.29,1,431888,431447,441
30116081,35.2245,37.1848,439,34089,0.404669,0.27,1,431922,431483,439
30119001,72.6449,76.237,435,34151,0.440934,0.29,1,432004,431569,435
30121921,38.529,38.4474,436,34213,0.464187,0.29,1,432034,431598,436
30124841,34.1058,7.68948,469,34275,0.516837,0.35,1,432067,431598,469
30127761,27.6212,27.1379,463,34337,0.543367,0.39,1,432093,431630,463
30130681,38.3242,23.8276,481,34399,0.548673,0.39,1,432134,431653,481
30133601,28.4648,39.1655,464,34460,0.549735,0.39,1,432160,431696,464
30136521,23.293,28.6331,460,34521,0.549947,0.35,1,432182,431722,460
30139441,60.6586,23.3266,508,34582,0.613989,0.39,1,432252,431744,508
30142361,39.3317,59.0653,474,34643,0.626798,0.35,1,432286,431812,474
30145281,41.4663,40.6131,480,34704,0.64536,0.39,1,432328,431848,480
30148201,37.0933,40.1226,476,34765,0.681072,0.41,1,432364,431888,476
30151121,73.8187,35.2245,525,34826,0.736214,0.45,1,432447,431922,525
30154041,40.3637,72.6449,475,34887,0.715243,0.47,1,432479,432004,475
30156961,36.0727,38.529,480,34948,0.759049,0.53,2,432514,432034,480
30159881,28.8145,34.1058,474,35008,0.75181,0.55,2,432541,432067,474
30162801,38.5629,27.6212,489,35068,0.766362,0.55,2,432582,432093,489
30165721,28.5126,38.3242,474,35128,0.769272,0.55,2,432608,432134,474
30168641,23.3025,28.4648,470,35188,0.785855,0.55,2,432630,432160,470
30171561,63.8605,23.293,522,35248,0.805171,0.63,2,432704,432182,522
30174481,39.9721,60.6586,486,35308,0.809034,0.63,2,432738,432252,486
30177401,42.3944,39.3317,495,35368,0.841807,0.65,2,432781,432286,495
30180321,40.4789,41.4663,493,35428,0.848361,0.69,2,432821,432328,493
30183241,75.2958,37.0933,541,35488,0.865672,0.75,2,432905,432364,541
30186161,40.6592,73.8187,490,35548,0.901134,0.71,2,432937,432447,490
30392021,92,143,489,17761,0.03,0.45,1,435801,435312,489
30394941,79.2,86.2,493,17881,0.078,0.03,1,435877,435384,493
30397861,74.24,93.24,471,18000,0.0876,0.03,1,435950,435479,471
30400781,42.048,75.448,434,18118,0.07352,0,1,435984,435550,434
30403701,35.6096,38.2896,439,18235,0.038704,0.03,1,436018,435579,439
30406621,98.3219,111.658,423,18351,0.0477408,0.03,1,436132,435709,423
30409541,93.2644,95.9316,423,18467,0.0975482,0.09,1,436224,435801,423
30412461,80.2529,79.9863,424,18582,0.18751,0.09,1,436301,435877,424
30415381,75.2506,74.3973,425,18696,0.237502,0.07,1,436375,435950,425
30418301,42.2501,42.0795,425,18810,0.2475,0.03,1,436409,435984,425
30421221,34.05,35.6159,423,18923,0.2655,0.05,1,436441,436018,423
30424141,98.81,98.3232,424,19035,0.3331,0.11,1,436556,436132,424
30427061,96.562,93.2646,428,19146,0.31462,0.21,1,436652,436224,428
30429981,82.5124,80.2529,430,19257,0.342924,0.25,1,436731,436301,430
30432901,78.9025,75.2506,434,19367,0.348585,0.25,1,436809,436375,434
30435821,42.9805,42.2501,434,19477,0.333717,0.27,1,436843,436409,434
30438741,34.9961,34.05,435,19586,0.410743,0.27,1,436876,436441,435
30441661,99.7992,6.81,551,19694,0.490149,0.35,1,436992,436441,551
30444581,96.7598,93.362,532,19802,0.55403,0.31,1,437088,436556,532
30447501,84.152,95.4724,517,19909,0.566806,0.35,1,437169,436652,517
30450421,77.6304,82.2945,514,20016,0.601361,0.35,1,437245,436731,514
30453341,44.3261,78.8589,472,20122,0.608272,0.33,1,437281,436809,472
30456261,37.6652,42.9718,474,20227,0.593654,0.43,1,437317,436843,474
30459181,105.133,34.9944,563,20332,0.622731,0.51,1,437439,436876,563
30462101,99.4266,99.7989,545,20436,0.660546,0.57,1,437537,436992,545
30465021,85.4853,96.7598,531,20540,0.684109,0.57,1,437619,437088,531
30467941,78.6971,84.152,527,20643,0.672822,0.61,1,437696,437169,527
30470861,42.9394,77.6304,485,20746,0.670564,0.61,1,437730,437245,485
30473781,36.5879,44.3261,484,20848,0.702113,0.59,1,437765,437281,484
30476701,108.118,37.6652,574,20950,0.756423,0.63,2,437891,437317,574
30479621,101.624,105.133,552,21051,0.815284,0.67,2,437991,437439,552
30482541,21.9247,99.4266,456,21152,0.827057,0.69,2,437993,437537,456
30485461,68.3849,85.4853,454,21252,0.909411,0.67,2,438073,437619,454
30692781,41,62,478,27442,0.83,1,2,442460,441982,478
30695701,39.4,40.4,482,27519,0.766,1,2,442499,442017,482
30698621,56.68,32.88,512,27596,0.7692,1,2,442560,442048,512
30701541,42.536,32.976,518,27673,0.68984,1,1,442599,442081,518
30704461,34.1072,55.3952,489,27750,0.673968,1,1,442631,442142,489
30707381,84.4214,95.079,481,27826,0.702794,1,1,442728,442247,481
30710301,50.4843,56.6158,476,27902,0.660559,0.95,1,442770,442294,476
30713221,52.4969,55.3232,474,27978,0.652112,0.87,1,442823,442349,474
30716141,59.2994,67.0646,465,28054,0.650422,0.83,1,442884,442419,465
30719061,41.4599,46.2129,461,28129,0.602084,0.75,1,442921,442460,461
30721981,38.692,40.4426,460,28204,0.640417,0.77,1,442959,442499,460
30724901,53.3384,56.8885,456,28279,0.664083,0.67,1,443016,442560,456
30727821,40.2677,42.5777,454,28354,0.716817,0.67,1,443053,442599,454
30730741,32.0535,8.51554,484,28429,0.695363,0.67,1,443083,442599,484
30733661,85.6107,27.3031,551,28503,0.739073,0.71,1,443182,442631,551
30736581,49.1221,83.0606,494,28577,0.747815,0.65,1,443222,442728,494
30739501,53.0244,50.2121,506,28651,0.749563,0.65,1,443276,442770,506
30742421,57.8049,52.4424,512,28725,0.733913,0.65,1,443335,442823,512
30745341,41.961,59.2885,489,28799,0.730783,0.59,1,443373,442884,489
30748261,39.5922,41.4577,491,28873,0.714157,0.65,1,443412,442921,491
30751181,55.9184,38.6915,513,28946,0.694831,0.67,1,443472,442959,513
30754101,39.9837,53.3383,492,29019,0.706966,0.73,1,443508,443016,492
30757021,31.9967,40.2677,485,29092,0.725393,0.69,1,443538,443053,485
30759941,87.9993,32.0535,557,29165,0.761079,0.75,2,443640,443083,557
30762861,49.5999,85.6107,498,29238,0.800216,0.75,2,443680,443182,498
30765781,53.12,49.1221,512,29310,0.824043,0.75,2,443734,443222,512
30768701,57.024,53.0244,516,29382,0.844809,0.73,2,443792,443276,516
30771621,41.8048,57.8049,495,29454,0.880962,0.73,2,443830,443335,495
30774541,38.761,41.961,495,29526,0.920192,0.71,2,443868,443373,495
30777461,54.9522,39.5922,515,29598,0.928038,0.69,2,443927,443412,515
30780381,41.3904,55.9184,493,29670,0.929608,0.71,2,443965,443472,493
30908861,44,32,521,32661,0.77,1,2,446086,445565,521
30911781,27.2,30.4,514,32726,0.786,1,2,446109,445595,514
30914701,27.04,31.68,509,32791,0.7732,1,2,446136,445627,509
30917621,32.608,51.936,486,32856,0.80264,0.99,2,446170,445684,486
30920541,38.5216,50.3872,476,32920,0.872528,1,2,446210,445734,476
30923461,46.9043,45.2774,481,32984,0.886506,1,2,446259,445778,481
30926381,33.3809,36.2555,477,33048,0.857301,0.96,2,446289,445812,477
30929301,46.6762,54.4511,468,33112,0.85146,0.93,2,446339,445871,468
30932221,36.5352,37.2902,469,33176,0.850292,0.79,2,446373,445904,469
30935141,78.5071,86.658,459,33240,0.866058,0.75,2,446462,446003,459
30938061,45.3014,48.5316,457,33304,0.901212,0.77,2,446499,446042,457
30940981,46.6603,44.9063,460,33368,0.924242,0.79,2,446546,446086,460
31142461,34,37,524,37490,0.85,1,2,449410,448886,524
31145381,31.6,36.2,519,37546,0.802,1,2,449441,448922,519
31148301,31.12,38.44,511,37602,0.7764,1,2,449472,448961,511
31151221,29.424,38.888,501,37658,0.78728,1,2,449501,449000,501
31154141,35.4848,32.5776,507,37714,0.741456,1,1,449538,449031,507
31157061,34.297,28.1155,514,37770,0.860291,0.98,2,449572,449058,514
31159981,30.8594,36.0231,506,37826,0.820058,1,2,449602,449096,506
31162901,29.3719,34.4046,501,37882,0.828012,0.98,2,449631,449130,501
31165821,40.2744,29.2809,516,37938,0.861602,1,2,449674,449158,516
31168741,38.4549,45.0562,505,37994,0.900321,0.91,2,449712,449207,505
31294301,32,38,509,40316,0.53,1,1,451340,450831,509
31297221,36,35.6,511,40368,0.466,1,1,451377,450866,511
31300141,34.4,36.72,508,40420,0.3732,1,1,451411,450903,508
31303061,31.68,31.344,509,40472,0.22664,1,1,451442,450933,509
31305981,35.136,34.2688,510,40524,0.133328,1,1,451478,450968,510
31308901,34.2272,37.2538,506,40576,0.0346656,1,1,451512,451006,506
31311821,30.8454,34.6508,502,40628,0.00693312,1,1,451542,451040,502
31314741,40.5691,26.9302,520,40680,0.00138662,0.97,1,451585,451065,520
31317661,31.3138,38.186,508,40732,0.0562773,1,1,451614,451106,508
31320581,31.8628,31.6372,510,40784,0.0672555,1,1,451646,451136,510
31323501,46.3726,35.9274,523,40836,0.0534511,0.9,1,451696,451173,523
31326421,34.0745,54.3855,495,40888,0.0506902,0.78,1,451727,451232,495
31329341,33.2149,40.4771,491,40940,0.034138,0.59,1,451760,451269,491
31332261,27.443,39.2954,478,40992,0.0468276,0.53,1,451786,451308,478
31335181,31.8886,33.4591,479,41044,0.0653655,0.45,1,451819,451340,479
31338101,29.5777,36.2918,471,41095,0.0850731,0.35,1,451848,451377,471
31341021,27.5155,34.4584,464,41146,0.0890146,0.19,1,451875,451411,464
31343941,26.3031,31.6917,459,41197,0.105803,0.11,1,451901,451442,459
31346861,33.2606,35.1383,458,41248,0.0291606,0.01,1,451936,451478,458
31349781,28.2521,34.2277,451,41299,0.00583212,0,1,451963,451512,451
31352701,42.4504,30.8455,467,41350,0.00916642,0,1,452009,451542,467
31355621,29.2901,40.5691,450,41401,0.0258333,0.07,1,452035,451585,450
31358541,31.458,31.3138,453,41452,0.0611667,0.07,1,452067,451614,453
31361461,48.6916,31.8628,474,41503,0.132233,0.05,1,452120,451646,474
31364381,11.3383,46.3726,426,41554,0.114447,0.05,1,452122,451696,426
31367301,23.8677,34.0745,422,41605,0.158889,0.03,1,452149,451727,422
31370221,31.1735,33.2149,422,41656,0.151778,0.05,1,452182,451760,422
31373141,27.8347,27.443,423,41707,0.166356,0.07,1,452209,451786,423
31376061,32.7669,31.8886,424,41758,0.201271,0.09,1,452243,451819,424
31378981,30.5534,29.5777,425,41809,0.208254,0.09,1,452273,451848,425
31381901,28.5107,27.5155,426,41859,0.257651,0.11,1,452301,451875,426
31384821,27.3021,26.3031,427,41909,0.29953,0.01,1,452328,451901,427
31387741,30.2604,33.2606,423,41959,0.323906,0,1,452359,451936,423
31390661,28.4521,28.2521,424,42009,0.200781,0.01,1,452387,451963,424
31393581,43.2904,42.4504,425,42059,0.0641562,0.03,1,452434,452009,425
31396501,27.0581,29.2901,422,42109,0.0688313,0.07,1,452457,452035,422
31399421,31.8116,31.458,423,42159,0.0137662,0.15,1,452490,452067,423
31402341,51.9623,48.6916,427,42209,0.0907532,0.11,1,452547,452120,427
31405261,11.9925,11.3383,427,42259,0.0741507,0.17,1,452549,452122,427
31408181,24.7985,23.8677,428,42309,0.0708301,0.15,1,452577,452149,428
31411101,32.1597,31.1735,429,42359,0.134166,0.17,1,452611,452182,429
31414021,27.2319,27.8347,428,42409,0.130833,0.21,1,452637,452209,428
31416941,35.8464,32.7669,432,42459,0.0981666,0.21,1,452675,452243,432
31419861,31.9693,30.5534,433,42509,0.123633,0.27,1,452706,452273,433
31422781,31.1939,28.5107,436,42559,0.112727,0.31,1,452737,452301,436
31425701,28.6388,27.3021,437,42609,0.126545,0.33,1,452765,452328,437
31428621,29.7278,30.2604,436,42659,0.161309,0.17,1,452795,452359,436
31431541,21.9456,28.4521,428,42708,0.136262,0.03,1,452815,452387,428
31434461,37.9891,43.2904,423,42757,0.0672524,0.07,1,452857,452434,423
31437381,25.9978,27.0581,423,42806,0.0534505,0,1,452880,452457,423
31440301,30.7996,31.8116,422,42855,0.0106901,0.11,1,452912,452490,422
31443221,54.1599,51.9623,425,42904,0.026138,0.07,1,452972,452547,425
31446141,12.432,11.9925,425,42953,0.0612276,0.07,1,452974,452549,425
31449061,24.8864,24.7985,425,43002,0.0362455,0.07,1,453002,452577,425
31451981,33.7773,4.9597,461,43051,0.0152491,0.15,1,453038,452577,461
31454901,27.5555,28.1919,453,43100,0.0270498,0.13,1,453064,452611,453
31457821,35.1111,26.4384,464,43149,0.06141,0.09,1,453101,452637,464
31460741,31.0222,35.6877,456,43198,0.036282,0.13,1,453131,452675,456
31463661,30.2044,31.9375,455,43247,0.0472564,0.11,1,453161,452706,455
31466581,30.8409,31.1875,455,43296,0.0334513,0.13,1,453192,452737,455
31469501,30.1682,28.6375,457,43345,0.0626903,0.17,1,453222,452765,457
31472421,22.0336,29.7275,447,43394,0.068538,0.13,1,453242,452795,447
31475341,33.2067,21.9455,463,43443,0.0697076,0.05,1,453278,452815,463
31478261,25.0413,37.9891,444,43492,0.0699415,0.05,1,453301,452857,444
31481181,30.6083,25.9978,453,43541,0.0219883,0,1,453333,452880,453
31484101,54.9217,30.7996,482,43589,0.0443977,0.03,1,453394,452912,482
31487021,12.5843,54.1599,424,43637,0.0488795,0.07,1,453396,452972,424
31489941,24.9169,12.432,450,43685,0.0497759,0.03,1,453424,452974,450
31492861,32.9834,24.8864,457,43733,0.0499552,0.01,1,453459,453002,457
31495781,28.1967,33.7773,448,43781,0.081991,0.03,1,453486,453038,448
31498701,35.2393,27.5555,459,43829,0.0883982,0.07,1,453523,453064,459
31501621,31.0479,35.1111,452,43877,0.12168,0.03,1,453553,453101,452
31504541,31.0096,31.0222,453,43925,0.160336,0.05,1,453584,453131,453
31507461,29.4019,30.2044,452,43973,0.152067,0.03,1,453613,453161,452
31510381,32.2804,30.8409,454,44021,0.182413,0.07,1,453646,453192,454
31513301,22.4561,30.1682,444,44069,0.220483,0.07,1,453666,453222,444
31516221,34.0912,22.0336,461,44117,0.228097,0.07,1,453703,453242,461
31519141,24.4182,33.2067,447,44165,0.261619,0.07,1,453725,453278,447
31522061,28.0836,25.0413,453,44213,0.284324,0.01,1,453754,453301,453
31524981,56.0167,30.6083,484,44261,0.256865,0.05,1,453817,453333,484
31527901,12.8033,54.9217,425,44309,0.251373,0.05,1,453819,453394,425
31530821,24.9607,12.5843,451,44357,0.266275,0.05,1,453847,453396,451
31533741,33.7921,24.9169,459,44405,0.301255,0.05,1,453883,453424,459
31536661,29.1584,32.9834,452,44453,0.308251,0.09,1,453911,453459,452
31539581,7.43168,28.1967,427,44500,0.30965,0.09,1,453913,453486,427
31542501,30.2863,35.2393,426,44547,0.30993,0.13,1,453949,453523,426
31545421,31.6573,31.0479,428,44594,0.357986,0.17,1,453981,453553,428
31548341,32.7315,31.0096,430,44641,0.383597,0.15,1,454014,453584,430
31551261,28.9463,29.4019,429,44688,0.388719,0.19,1,454042,453613,429
31554181,35.3893,32.2804,433,44735,0.469744,0.23,1,454079,453646,433
31557101,23.0779,22.4561,433,44782,0.501949,0.23,1,454099,453666,433
31560021,35.8156,34.0912,435,44829,0.54039,0.27,1,454138,453703,435
31562941,24.7631,24.4182,435,44876,0.596078,0.29,1,454160,453725,435
31565861,28.9526,28.0836,436,44923,0.575216,0.25,1,454190,453754,436
31568781,55.3905,56.0167,435,44970,0.571043,0.25,1,454252,453817,435
31571701,12.6781,12.8033,435,45017,0.570209,0.27,1,454254,453819,435
31574621,24.9356,24.9607,435,45064,0.554042,0.31,1,454282,453847,435
31577541,35.3871,33.7921,437,45111,0.582808,0.31,1,454320,453883,437
31580461,29.4774,29.1584,437,45158,0.604562,0.31,1,454348,453911,437
31583381,7.49548,7.43168,437,45205,0.608912,0.31,1,454350,453913,437
31586301,30.2991,30.2863,437,45252,0.609782,0.37,1,454386,453949,437
31589221,34.0598,31.6573,440,45299,0.657957,0.39,1,454421,453981,440
31592141,34.012,32.7315,441,45346,0.683591,0.39,1,454455,454014,441
31595061,29.2024,28.9463,441,45393,0.688718,0.49,1,454483,454042,441
31597981,40.2405,35.3893,447,45439,0.689744,0.51,1,454526,454079,447
31600901,24.0481,23.0779,447,45485,0.657949,0.55,1,454546,454099,447
31603821,38.4096,35.8156,450,45531,0.65159,0.61,1,454588,454138,450
31606741,25.2819,24.7631,450,45577,0.698318,0.57,1,454610,454160,450
31609661,29.0564,28.9526,450,45623,0.675664,0.57,1,454640,454190,450
31612581,54.6113,55.3905,449,45669,0.703133,0.57,1,454701,454252,449
31615501,12.5223,12.6781,449,45715,0.708627,0.55,1,454703,454254,449
31618421,25.7045,24.9356,450,45761,0.693725,0.59,1,454732,454282,450
31621341,37.1409,35.3871,452,45807,0.706745,0.61,1,454772,454320,452
31624261,29.8282,29.4774,452,45853,0.709349,0.61,1,454800,454348,452
31627181,7.56564,7.49548,452,45899,0.67787,0.61,1,454802,454350,452
31630101,30.3131,30.2991,452,45945,0.719574,0.61,1,454838,454386,452
31633021,34.0626,6.05982,487,45991,0.679915,0.67,1,454873,454386,487
31635941,34.8125,29.212,487,46037,0.655983,0.69,1,454908,454421,487
31638861,29.3625,33.0424,481,46083,0.651197,0.69,1,454936,454455,481
31641781,40.2725,29.0085,496,46129,0.634239,0.69,1,454979,454483,496
31644701,24.0545,40.2017,473,46175,0.630848,0.65,1,454999,454526,473
31647621,36.8109,24.0403,493,46221,0.64617,0.65,1,455039,454546,493
31650541,27.3622,38.4081,476,46267,0.601234,0.71,1,455064,454588,476
31653461,30.2724,25.2816,485,46313,0.624247,0.67,1,455095,454610,485
31656381,54.0545,29.0563,515,46359,0.628849,0.71,1,455155,454640,515
31659301,12.4109,54.6113,456,46404,0.62977,0.71,1,455157,454701,456
31662221,26.4822,12.5223,484,46449,0.645954,0.69,1,455187,454703,484
31665141,36.4964,25.7045,494,46494,0.681191,0.71,1,455226,454732,494
31668061,30.4993,37.1409,483,46539,0.736238,0.71,1,455255,454772,483
31670981,7.69986,29.8282,457,46584,0.747248,0.67,1,455257,454800,457
31673901,30.34,7.56564,491,46629,0.74945,0.73,1,455293,454802,491
31676821,33.268,30.3131,489,46674,0.74989,0.67,1,455327,454838,489
31679741,33.8536,34.0626,488,46719,0.749978,0.65,1,455361,454873,488
31682661,29.1707,34.8125,481,46764,0.797996,0.65,2,455389,454908,481
31685581,39.4341,29.3625,495,46809,0.823599,0.63,2,455431,454936,495
31688501,23.8868,40.2725,472,46854,0.82872,0.63,2,455451,454979,472
31691421,37.5774,24.0545,493,46899,0.861744,0.65,2,455492,454999,493
31694341,25.9155,36.8109,476,46944,0.852349,0.59,2,455515,455039,476
31697261,29.9831,27.3622,482,46989,0.89847,0.63,2,455546,455064,482
31849101,33,21,528,49267,0.87,1,2,457132,456604,528
31852021,25,33,515,49310,0.79,1,2,457155,456640,515
31854941,25.8,31.4,510,49353,0.79,1,2,457181,456671,510
31857861,30.76,31.08,511,49396,0.726,1,1,457213,456702,511
31860781,29.352,26.216,515,49439,0.6492,1,1,457242,456727,515
31863701,25.0704,26.0432,513,49482,0.50584,1,1,457266,456753,513
31866621,23.4141,26.8086,509,49525,0.413168,1,1,457289,456780,509
31869541,23.8828,23.7617,510,49568,0.330634,1,1,457313,456803,510
31872461,33.5766,27.1523,518,49611,0.298127,1,1,457349,456831,518
31875381,27.5153,34.2305,508,49653,0.259625,1,1,457375,456867,508
31878301,21.5031,31.6461,497,49695,0.251925,0.85,1,457395,456898,497
31881221,24.3006,21.5292,503,49737,0.186385,0.89,1,457420,456917,503
31884141,23.2601,25.1058,500,49779,0.205277,0.99,1,457443,456943,500
31887061,46.252,29.0212,522,49821,0.177055,0.94,1,457495,456973,522
31889981,37.2504,49.8042,502,49863,0.203411,0.85,1,457530,457028,502
31892901,34.6501,40.3608,498,49905,0.176682,0.89,1,457564,457066,498
31895821,30.93,34.4722,495,49947,0.171336,0.87,1,457594,457099,495
31898741,17.386,33.2944,476,49989,0.170267,0.77,1,457608,457132,476
31901661,27.4772,25.0589,483,50031,0.0900535,0.79,1,457638,457155,483
31904581,30.2954,25.8118,488,50073,0.0580107,0.71,1,457669,457181,488
31907501,24.4591,30.7624,479,50115,0.0836021,0.63,1,457692,457213,479
31910421,19.2918,29.3525,468,50157,0.0887204,0.47,1,457710,457242,468
31913341,18.2584,25.0705,462,50199,0.0897441,0.39,1,457728,457266,462
31916261,25.2517,23.4141,466,50241,0.137949,0.31,1,457755,457289,466
31919181,31.4503,23.8828,475,50283,0.16359,0.29,1,457788,457313,475
31922101,7.89007,33.5766,441,50325,0.168718,0.25,1,457790,457349,441
31925021,20.778,27.5153,439,50367,0.185744,0.25,1,457814,457375,439
31927941,15.3556,21.5031,433,50409,0.221149,0.17,1,457828,457395,433
31930861,21.4711,24.3006,431,50451,0.21223,0.21,1,457851,457420,431
31933781,24.2942,23.2601,433,50493,0.226446,0.17,1,457876,457443,433
31936701,44.0588,46.252,430,50535,0.277289,0.21,1,457925,457495,430
31939621,36.8118,37.2504,430,50577,0.303458,0.17,1,457960,457530,430
31942541,35.3624,34.6501,431,50619,0.340692,0.17,1,457995,457564,431
31945461,30.2725,30.93,430,50661,0.348138,0.17,1,458024,457594,430
31948381,15.6545,17.386,428,50703,0.349628,0.07,1,458036,457608,428
31951301,25.5309,27.4772,426,50745,0.397926,0.05,1,458064,457638,426
31954221,29.9062,30.2954,426,50787,0.407585,0.09,1,458095,457669,426
31957141,25.9812,24.4591,428,50828,0.473517,0.09,1,458120,457692,428
31960061,19.5962,19.2918,428,50869,0.486703,0.09,1,458138,457710,428
31962981,16.7192,18.2584,426,50910,0.457341,0.15,1,458154,457728,426
31965901,25.7438,25.2517,427,50951,0.451468,0.17,1,458182,457755,427
31968821,33.9488,31.4503,430,50992,0.450294,0.17,1,458218,457788,430
31971741,8.38975,7.89007,430,51033,0.450059,0.19,1,458220,457790,430
31974661,21.678,20.778,431,51074,0.450012,0.23,1,458245,457814,431
31977581,15.5356,15.3556,431,51115,0.498002,0.21,1,458259,457828,431
31980501,22.3071,21.4711,432,51156,0.5076,0.23,1,458283,457851,432
31983421,23.6614,24.2942,431,51197,0.50952,0.29,1,458307,457876,431
31986341,46.3323,44.0588,434,51238,0.525904,0.31,1,458359,457925,434
31989261,38.0665,36.8118,435,51279,0.545181,0.35,1,458395,457960,435
31992181,38.8133,35.3624,439,51320,0.501036,0.35,1,458434,457995,439
31995101,30.9627,30.2725,439,51361,0.492207,0.35,1,458463,458024,439
31998021,17.3925,15.6545,441,51402,0.538441,0.41,1,458477,458036,441
32000941,26.6785,25.5309,442,51443,0.531688,0.41,1,458506,458064,442
32003861,31.7357,29.9062,444,51484,0.546338,0.49,1,458539,458095,444
32006781,27.9471,25.9812,446,51525,0.501268,0.49,1,458566,458120,446
32009701,18.3894,19.5962,444,51566,0.492253,0.45,1,458582,458138,444
32012621,16.4779,16.7192,444,51607,0.490451,0.45,1,458598,458154,444
32015541,25.6956,25.7438,444,51648,0.45809,0.45,1,458626,458182,444
32018461,33.9391,33.9488,444,51689,0.515618,0.45,1,458662,458218,444
32021381,8.38782,8.38975,444,51730,0.527124,0.45,1,458664,458220,444
32024301,21.6776,21.678,444,51771,0.513425,0.45,1,458689,458245,444
32027221,16.3355,4.33559,459,51812,0.494685,0.51,1,458704,458245,459
32030141,23.2671,12.0671,470,51853,0.442937,0.51,1,458729,458259,470
32033061,23.8534,21.6134,470,51894,0.448587,0.51,1,458753,458283,470
32035981,45.5707,23.5227,497,51935,0.433717,0.53,1,458804,458307,497
32038901,38.7141,46.3045,482,51976,0.414744,0.55,1,458841,458359,482
32041821,38.1428,38.0609,484,52017,0.426949,0.49,1,458879,458395,484
32044741,31.6286,38.8122,475,52057,0.42939,0.49,1,458909,458434,475
32047661,17.5257,30.9624,460,52097,0.413878,0.55,1,458923,458463,460
32050581,25.9051,17.3925,474,52137,0.426776,0.53,1,458951,458477,474
32053501,30.781,26.6785,477,52177,0.461355,0.55,1,458983,458506,477
32056421,26.9562,31.7357,470,52217,0.468271,0.49,1,459009,458539,470
32059341,18.1912,27.9471,459,52257,0.485654,0.49,1,459025,458566,459
32062261,16.4382,18.3894,459,52297,0.489131,0.49,1,459041,458582,459
32065181,26.4877,16.4779,472,52337,0.521826,0.45,1,459070,458598,472
32068101,34.8975,25.6956,481,52377,0.576365,0.53,1,459107,458626,481
32071021,8.57951,33.9391,447,52417,0.587273,0.53,1,459109,458662,447
32073941,20.9159,8.38782,469,52457,0.589455,0.51,1,459133,458664,469
32076861,15.3832,21.6776,458,52497,0.589891,0.49,1,459147,458689,458
32079781,23.0766,16.3355,468,52537,0.605978,0.43,1,459172,458704,468
32082701,23.8153,23.2671,467,52577,0.625196,0.45,1,459196,458729,467
32085621,44.7631,23.8534,493,52617,0.661039,0.43,1,459246,458753,493
32088541,37.7526,45.5707,478,52657,0.684208,0.41,1,459282,458804,478
32091461,38.7505,38.7141,480,52697,0.704842,0.43,1,459321,458841,480
32094381,30.9501,38.1428,471,52737,0.756968,0.43,2,459350,458879,471
32097301,17.39,31.6286,455,52777,0.767394,0.41,2,459364,458909,455
32100221,27.478,17.5257,471,52817,0.785479,0.43,2,459394,458923,471
32103141,31.8956,25.9051,476,52857,0.805096,0.47,2,459427,458951,476
32106061,27.9791,30.781,471,52897,0.825019,0.47,2,459454,458983,471
32108981,18.3958,26.9562,461,52937,0.829004,0.49,2,459470,459009,461
32111901,16.4792,18.1912,461,52977,0.845801,0.49,2,459486,459025,461
32114821,28.0958,16.4382,476,53017,0.86516,0.53,2,459517,459041,476
32117741,37.6192,26.4877,487,53057,0.901032,0.59,2,459557,459070,487
32120661,9.12383,34.8975,452,53097,0.908206,0.59,2,459559,459107,452
32123581,21.0248,8.57951,474,53137,0.941641,0.59,2,459583,459109,474
32126501,15.405,20.9159,464,53177,0.948328,0.59,2,459597,459133,464
32129421,23.881,15.3832,476,53217,0.949666,0.61,2,459623,459147,476
32132341,6.3762,23.0766,453,53257,0.949933,0.63,2,459625,459172,453
32297321,83,87,508,25716,0.65,0.96,1,461277,460769,508
32300241,56.6,72.6,489,25798,0.666,0.96,1,461327,460838,489
32303161,64.12,48.12,513,25880,0.7652,0.79,2,461393,460880,513
32306081,52.024,72.024,484,25962,0.76904,0.65,2,461442,460958,484
32309001,49.6048,50.4048,488,26044,0.801808,0.75,2,461491,461003,488
32311921,50.721,78.881,453,26125,0.808362,0.61,2,461542,461089,453
32314841,17.3442,21.3762,455,26206,0.825672,0.53,2,461551,461096,455
32317761,79.4688,19.4752,531,26287,0.829134,0.61,2,461646,461115,531
32475441,42,40,499,30331,0.71,1,1,464493,463994,499
32478361,32.4,42.4,486,30401,0.694,1,1,464523,464037,486
32481281,38.48,42.08,484,30471,0.5948,1,1,464563,464079,484
32484201,93.296,88.416,491,30540,0.31896,1,1,464670,464179,491
32487121,35.4592,48.0832,474,30609,0.167792,1,1,464691,464217,474
32490041,35.8918,37.6166,475,30678,0.0895584,1,1,464727,464252,475
32492961,55.1784,55.5233,475,30747,0.0739117,1,1,464787,464312,475
32495881,39.8357,41.5047,473,30816,0.0867823,0.93,1,464823,464350,473
32498801,49.5671,59.5009,461,30885,0.0173565,0.75,1,464875,464414,461
32501721,34.7134,41.5002,455,30954,0.0274713,0.71,1,464906,464451,455
32504641,41.3427,41.9,456,31022,0.00549426,0.69,1,464949,464493,456
32507561,31.4685,32.38,455,31090,0.0410989,0.57,1,464978,464523,455
32510481,31.8937,38.476,447,31158,0.0962198,0.25,1,465010,464563,447
32513401,79.9787,93.2952,432,31226,0.0752439,0.13,1,465102,464670,432
32516321,31.1957,35.459,430,31294,0.0710488,0.13,1,465121,464691,430
32519241,29.4391,7.09181,459,31362,0.0542098,0.07,1,465150,464691,459
32522161,52.2878,30.2184,481,31429,0.0508419,0.07,1,465208,464727,481
32525081,39.2576,54.0437,457,31496,0.0661684,0.09,1,465244,464787,457
32528001,49.4515,39.6087,473,31563,0.0212337,0,1,465296,464823,473
32530921,34.6903,49.5217,452,31630,0.0442467,0.03,1,465327,464875,452
32533841,41.3381,34.7044,464,31697,0.0648493,0,1,465370,464906,464
32536761,32.2676,41.3409,451,31764,0.0529699,0.05,1,465400,464949,451
32539681,32.8535,31.4682,455,31831,0.066594,0.11,1,465433,464978,455
32542601,80.1707,31.8936,515,31897,0.149319,0.07,1,465525,465010,515
32545521,30.4341,79.9787,441,31963,0.165864,0.07,1,465543,465102,441
32548441,32.4868,31.1957,455,32029,0.185173,0.05,1,465576,465121,455
32551361,49.6974,29.4391,480,32095,0.141035,0.05,1,465630,465150,480
32554281,40.3395,52.2878,460,32161,0.148207,0.07,1,465668,465208,460
32557201,48.0679,39.2576,474,32227,0.101641,0.01,1,465718,465244,474
32560121,34.4136,49.4515,453,32293,0.0203283,0.05,1,465749,465296,453
32563041,40.4827,34.6903,464,32359,0.0120657,0.07,1,465791,465327,464
32565961,33.6965,41.3381,453,32424,0.0424131,0.05,1,465823,465370,453
32568881,39.5393,32.2676,464,32489,0.0164826,0.07,1,465864,465400,464
32571801,79.9079,32.8535,521,32554,0.0432965,0.17,1,465954,465433,521
32574721,30.3816,80.1707,447,32619,0.0646593,0.17,1,465972,465525,447
32577641,31.6763,30.4341,461,32684,0.0689319,0.19,1,466004,465543,461
32580561,48.7353,32.4868,481,32749,0.117786,0.13,1,466057,465576,481
32583481,11.3471,49.6974,429,32814,0.127557,0.15,1,466059,465630,429
32586401,32.6694,40.3395,429,32878,0.177511,0.09,1,466097,465668,429
32589321,44.1339,48.0679,426,32942,0.251502,0,1,466144,465718,426
32592241,30.4268,34.4136,422,33006,0.1863,0.01,1,466171,465749,422
32595161,39.6854,40.4827,422,33070,0.14126,0.05,1,466213,465791,422
32598081,35.1371,33.6965,424,33134,0.084252,0.01,1,466247,465823,424
32601001,39.0274,39.5393,423,33198,0.0408504,0.05,1,466287,465864,423
32603921,81.4055,79.9079,425,33262,0.0961701,0.07,1,466379,465954,425
32606841,30.6811,30.3816,425,33326,0.107234,0.07,1,466397,465972,425
32609761,32.5362,31.6763,426,33389,0.125447,0.13,1,466430,466004,426
32612681,50.5072,48.7353,428,33452,0.0810894,0.13,1,466485,466057,428
32615601,11.7014,11.3471,428,33515,0.104218,0.19,1,466487,466059,428
32618521,35.1403,32.6694,431,33578,0.124844,0.27,1,466528,466097,431
32621441,46.2281,44.1339,433,33641,0.0809687,0.17,1,466577,466144,433
32624361,28.4456,30.4268,430,33704,0.120194,0.13,1,466601,466171,430
32627281,34.4891,39.6854,424,33767,0.0960388,0.07,1,466637,466213,424
32630201,33.2978,35.1371,423,33830,0.107208,0.03,1,466670,466247,423
32633121,37.8596,39.0274,422,33893,0.0934416,0.11,1,466709,466287,422
32636041,85.1719,81.4055,427,33955,0.138688,0.11,1,466806,466379,427
32638961,31.4344,30.6811,427,34017,0.179738,0.13,1,466824,466397,427
32641881,31.8869,32.5362,426,34079,0.187948,0.07,1,466856,466430,426
32644801,49.5774,50.5072,425,34141,0.20559,0.11,1,466910,466485,425
32647721,11.5155,11.7014,425,34203,0.225118,0.13,1,466912,466487,425
32650641,35.9031,35.1403,426,34265,0.245024,0.13,1,466954,466528,426
32653561,44.7806,7.02806,473,34327,0.201005,0.07,1,467001,466528,473
32656481,28.9561,40.6056,449,34389,0.224201,0.13,1,467026,466577,449
32659401,34.5912,27.3211,461,34450,0.29284,0.09,1,467062,466601,461
32662321,32.5182,34.2642,457,34511,0.322568,0.11,1,467094,466637,457
32665241,36.1036,33.2528,461,34572,0.312514,0.09,1,467131,466670,461
32668161,89.6207,37.8506,525,34633,0.390503,0.15,1,467234,466709,525
32671081,32.3241,85.1701,446,34694,0.406101,0.19,1,467252,466806,446
32674001,32.0648,31.434,460,34755,0.44122,0.19,1,467284,466824,460
32676921,51.213,31.8868,484,34816,0.480244,0.21,1,467340,466856,484
32679841,11.8426,49.5774,432,34877,0.488049,0.23,1,467342,466910,432
32682761,36.7685,11.5155,473,34938,0.47361,0.25,1,467385,466912,473
32685681,44.9537,35.9031,478,34999,0.486722,0.19,1,467432,466954,478
32688601,30.5907,44.7806,458,35059,0.505344,0.23,1,467459,467001,458
32691521,37.3181,28.9561,472,35119,0.573069,0.31,1,467498,467026,472
32694441,33.8636,34.5912,469,35179,0.602614,0.33,1,467531,467062,469
32697361,37.9727,32.5182,476,35239,0.592523,0.31,1,467570,467094,476
32700281,91.5945,36.1036,544,35299,0.622505,0.41,1,467675,467131,544
32703201,33.5189,89.6207,460,35359,0.628501,0.41,1,467694,467234,460
32706121,33.9038,32.3241,476,35419,0.5977,0.45,1,467728,467252,476
32709041,52.3808,32.0648,501,35479,0.57554,0.49,1,467785,467284,501
32711961,12.0762,51.213,447,35539,0.571108,0.49,1,467787,467340,447
32714881,36.0152,11.8426,487,35598,0.586222,0.47,1,467829,467342,487
32717801,45.603,36.7685,492,35657,0.605244,0.49,1,467877,467385,492
32720721,10.7206,44.9537,447,35716,0.609049,0.51,1,467879,467432,447
32723641,24.5441,30.5907,448,35775,0.64181,0.59,1,467907,467459,448
32726561,38.5088,37.3181,451,35834,0.680362,0.61,1,467949,467498,451
32729481,34.9018,33.8636,452,35893,0.704072,0.59,1,467983,467531,452
32732401,38.9804,37.9727,453,35952,0.724814,0.63,1,468023,467570,453
32735321,92.5961,91.5945,454,36011,0.760963,0.63,2,468129,467675,454
32738241,32.9192,33.5189,453,36070,0.736193,0.59,1,468147,467694,453
32741161,32.1838,33.9038,451,36129,0.731239,0.57,1,468179,467728,451
32744081,52.0368,52.3808,451,36187,0.762248,0.57,2,468236,467785,451
32747001,12.0074,12.0762,451,36245,0.76845,0.59,2,468238,467787,451
32749921,36.8015,36.0152,452,36303,0.78569,0.61,2,468281,467829,452
32752841,46.5603,45.603,453,36361,0.821138,0.61,2,468330,467877,453
32755761,10.9121,10.7206,453,36419,0.828228,0.65,2,468332,467879,453
32758681,25.3824,24.5441,454,36477,0.845646,0.69,2,468361,467907,454
32761601,38.6765,38.5088,454,36535,0.865129,0.71,2,468403,467949,454
32764521,35.7353,34.9018,455,36593,0.885026,0.73,2,468438,467983,455
32767441,39.9471,38.9804,456,36651,0.873005,0.77,2,468479,468023,456
32770361,94.3894,92.5961,458,36709,0.822601,0.73,2,468587,468129,458
32773281,33.2779,32.9192,458,36767,0.86052,0.73,2,468605,468147,458
32776201,32.2556,32.1838,458,36824,0.868104,0.77,2,468637,468179,458
32779121,53.6511,52.0368,460,36881,0.901621,0.77,2,468696,468236,460
32782041,12.3302,12.0074,460,36938,0.908324,0.79,2,468698,468238,460
32784961,36.066,36.8015,459,36995,0.909665,0.83,2,468740,468281,459
32907601,31,29,500,39322,0.93,1,2,470338,469838,500
32910521,29.4,25,505,39376,0.882,1,2,470367,469862,505
32913441,27.48,32.2,498,39430,0.7444,1,1,470394,469896,498
32916361,87.096,93.64,491,39484,0.71688,1,1,470496,470005,491
32919281,47.8192,41.128,501,39537,0.711376,1,1,470534,470033,501
32922201,35.9638,37.0256,498,39590,0.742275,1,1,470567,470069,498
32925121,23.1928,35.4051,483,39643,0.668455,0.98,1,470587,470104,483
32928041,29.4386,31.081,484,39696,0.637691,1,1,470618,470134,484
32930961,39.4877,38.2162,486,39749,0.647538,1,1,470660,470174,486
32933881,30.2975,37.2432,477,39802,0.649508,0.96,1,470688,470211,477
32936801,25.2595,30.6486,472,39855,0.633902,0.91,1,470712,470240,472
32939721,19.4519,25.3297,466,39908,0.63078,0.93,1,470730,470264,466
32942641,39.8904,39.4659,468,39961,0.630156,0.93,1,470775,470307,468
32945561,31.1781,32.6932,466,40014,0.678031,0.87,1,470804,470338,466
32948481,28.6356,29.7386,465,40067,0.719606,0.87,1,470832,470367,465
32951401,23.3271,5.94773,487,40120,0.663921,0.71,1,470854,470367,487
32954321,81.4654,22.7895,556,40173,0.716784,0.71,1,470950,470394,556
32957241,51.4931,86.1579,498,40226,0.743357,0.71,1,470994,470496,498
32960161,33.4986,47.6316,489,40278,0.828671,0.75,2,471023,470534,489
32963081,20.2997,35.9263,473,40330,0.829734,0.65,2,471040,470567,473
32966001,26.4599,23.1853,481,40382,0.845947,0.63,2,471068,470587,481
32968921,42.092,29.4371,496,40434,0.849189,0.65,2,471114,470618,496
32971841,30.8184,39.4874,482,40486,0.881838,0.65,2,471142,470660,482
32974761,23.7637,30.2975,476,40538,0.904368,0.63,2,471164,470688,476
32977681,17.5527,25.2595,468,40590,0.908873,0.63,2,471180,470712,468
32980601,41.1105,19.4519,497,40642,0.909775,0.63,2,471227,470730,497
32983521,33.8221,39.8904,484,40694,0.941955,0.69,2,471259,470775,484
33167481,38,24,527,43841,0.79,1,2,473482,472955,527
33170401,30,32,521,43889,0.838,1,2,473510,472989,521
33173321,38,30.4,531,43937,0.7516,1,2,473550,473019,531
33176241,29.2,42.88,512,43985,0.68632,1,1,473577,473065,512
33179161,34.64,30.176,521,44033,0.593264,1,1,473613,473092,521
33182081,24.528,33.2352,509,44081,0.606653,1,1,473635,473126,509
33185001,26.5056,33.847,502,44129,0.577331,0.93,1,473662,473160,502
33187921,22.9011,26.7694,499,44177,0.491466,1,1,473684,473185,499
33190841,27.7802,22.9539,506,44225,0.538293,1,1,473713,473207,506
33193761,63.956,34.1908,542,44273,0.499659,1,1,473786,473244,542
33196681,36.7912,64.4382,500,44321,0.395932,0.98,1,473816,473316,500
33199601,35.3582,38.4876,503,44369,0.375186,1,1,473851,473348,503
33202521,28.6716,35.6975,495,44417,0.307037,0.91,1,473878,473383,495
33205441,28.1343,31.9395,492,44464,0.325407,0.91,1,473906,473414,492
33208361,7.22687,30.3879,464,44511,0.329082,0.79,1,473908,473444,464
33211281,31.0454,36.4776,463,44558,0.345816,0.85,1,473945,473482,463
33214201,27.0091,29.6955,461,44605,0.349163,0.73,1,473971,473510,461
33217121,37.4018,37.9391,461,44652,0.381833,0.67,1,474011,473550,461
33220041,26.6804,29.1878,458,44699,0.436367,0.57,1,474035,473577,458
33222961,33.3361,34.6376,457,44746,0.463273,0.61,1,474070,473613,457
33225881,17.8672,24.5275,449,44793,0.468655,0.57,1,474084,473635,449
33228801,26.7734,26.5055,451,44840,0.453731,0.47,1,474113,473662,451
33231721,22.1547,22.9011,450,44887,0.466746,0.55,1,474134,473684,450
33234641,23.6309,27.7802,445,44934,0.469349,0.49,1,474158,473713,445
33237561,60.7262,63.956,442,44981,0.45387,0.37,1,474228,473786,442
33240481,33.7452,36.7912,439,45028,0.482774,0.37,1,474255,473816,439
33243401,33.949,35.3582,438,45075,0.520555,0.29,1,474289,473851,438
33246321,26.7898,28.6716,436,45122,0.544111,0.33,1,474314,473878,436
33249241,29.358,28.1343,438,45169,0.548822,0.33,1,474344,473906,438
33252161,7.47159,7.22687,438,45216,0.549764,0.35,1,474346,473908,438
33255081,30.2943,31.0454,437,45263,0.565953,0.35,1,474382,473945,437
33258001,28.4589,27.0091,439,45310,0.585191,0.39,1,474410,473971,439
33260921,39.2918,37.4018,441,45357,0.605038,0.45,1,474452,474011,441
33263841,27.8584,26.6804,442,45403,0.657008,0.47,1,474477,474035,442
33266761,35.9717,33.3361,445,45449,0.651402,0.47,1,474515,474070,445
33269681,16.7943,17.8672,443,45495,0.65028,0.45,1,474527,474084,443
33272601,27.3589,26.7734,444,45541,0.682056,0.47,1,474557,474113,444
33275521,21.4718,22.1547,443,45587,0.688411,0.47,1,474577,474134,443
33278441,23.4944,23.6309,443,45633,0.657682,0.45,1,474601,474158,443
33281361,61.4989,60.7262,444,45679,0.715536,0.49,1,474672,474228,444
33284281,33.8998,33.7452,444,45725,0.711107,0.53,1,474699,474255,444
33287201,38.78,33.949,450,45771,0.774221,0.55,2,474739,474289,450
33290121,26.956,26.7898,449,45817,0.786844,0.55,2,474763,474314,449
33293041,29.3912,29.358,449,45863,0.789369,0.55,2,474793,474344,449
33295961,7.47824,7.47159,449,45909,0.821874,0.55,2,474795,474346,449
33298881,31.0956,1.49432,486,45955,0.796375,0.57,2,474832,474346,486
33301801,28.6191,29.0989,478,46001,0.823275,0.59,2,474860,474382,478
33304721,38.5238,28.2198,491,46047,0.828655,0.61,2,474901,474410,491
33307641,30.1048,39.244,477,46093,0.813731,0.67,2,474929,474452,477
33310561,37.221,27.8488,491,46139,0.890746,0.65,2,474968,474477,491
33313481,17.0442,35.9698,465,46185,0.906149,0.65,2,474980,474515,465
33316401,27.4088,16.794,483,46231,0.90923,0.69,2,475010,474527,483
33319321,21.4818,27.3588,473,46277,0.909846,0.69,2,475030,474557,473
33322241,23.4964,21.4718,477,46323,0.909969,0.65,2,475054,474577,477
33325161,63.0993,23.4944,526,46369,0.941994,0.73,2,475127,474601,526
33328081,35.0199,61.4989,483,46414,0.964399,0.71,2,475155,474672,483
33585041,66,55,471,22724,0.05,0.13,1,477864,477393,471
33587961,66.8,79,453,22817,0.01,0.03,1,477931,477478,453
33590881,66.96,67,456,22910,0.002,0.05,1,477998,477542,456
33593801,71.792,72.6,455,23003,0.0244,0.01,1,478071,477616,455
33596721,51.1584,54.52,451,23095,0.04488,0.03,1,478117,477666,451
33599641,70.2317,66.104,457,23187,0.064976,0.07,1,478192,477735,457
33602561,22.0463,42.0208,431,23278,0.0689952,0.05,1,478202,477771,431
33605481,71.6093,30.0042,488,23369,0.053799,0.05,1,478286,477798,488
33608401,67.9219,58.8008,489,23460,0.0107598,0,1,478353,477864,489
33611321,66.3844,65.3602,488,23550,0.00215196,0,1,478419,477931,488
33614241,74.0769,66.672,497,23640,0.0244304,0.03,1,478495,477998,497
33617161,49.2154,71.7344,467,23730,0.0288861,0.05,1,478538,478071,467
33620081,72.2431,51.1469,499,23819,0.0457772,0.07,1,478616,478117,499
33623001,22.4486,70.2294,434,23908,0.0491554,0.07,1,478626,478192,434
33625921,6.08972,22.0459,426,23997,0.0498311,0.05,1,478628,478202,426
33628841,66.0179,71.6092,423,24085,0.129966,0,1,478709,478286,423
33631761,66.0036,67.9218,422,24173,0.0819932,0,1,478775,478353,422
33634681,66.0007,66.3844,422,24261,0.0163986,0.03,1,478841,478419,422
33637601,74.8001,74.0769,423,24348,0.0752797,0.03,1,478918,478495,423
33640521,48.56,49.2154,422,24435,0.0390559,0.05,1,478960,478538,422
33643441,73.712,72.2431,424,24522,0.0158112,0.05,1,479040,478616,424
33646361,22.7424,22.4486,424,24608,0.0111622,0.05,1,479050,478626,424
33649281,6.14848,6.08972,424,24694,0.0422324,0.15,1,479052,478628,424
33652201,68.4297,66.0179,427,24780,0.0484465,0.07,1,479136,478709,427
33655121,62.4859,66.0036,422,24866,0.113689,0,1,479197,478775,422
33658041,65.2972,66.0007,422,24951,0.0227379,0.09,1,479263,478841,422
33660961,76.2594,74.8001,424,25036,0.0605476,0.03,1,479342,478918,424
33663881,47.2519,48.56,422,25121,0.0521095,0.01,1,479382,478960,422
33666801,73.4504,73.712,422,25205,0.0664219,0.01,1,479462,479040,422
33669721,22.6901,22.7424,422,25289,0.0372844,0.05,1,479472,479050,422
33672641,6.13801,6.14848,422,25373,0.0314569,0.05,1,479474,479052,422
33675561,70.8276,68.4297,425,25457,0.0462914,0.05,1,479561,479136,425
33678481,61.3655,13.6859,484,25540,0.0492583,0.13,1,479620,479136,484
33681401,63.4731,51.5372,487,25623,0.0658517,0,1,479684,479197,487
33684321,78.2946,63.1074,503,25706,0.0851703,0.07,1,479766,479263,503
33687241,45.2589,75.8215,461,25788,0.0730341,0.05,1,479803,479342,461
33690161,73.8518,47.1643,502,25870,0.0386068,0.07,1,479884,479382,502
33693081,23.5704,73.4329,433,25952,0.0477214,0.03,1,479895,479462,433
33696001,6.31407,22.6866,425,26034,0.0175443,0.03,1,479897,479472,425
33698921,69.2628,6.13731,508,26115,0.0275089,0.05,1,479982,479474,508
33701841,62.6526,70.8275,482,26196,0.0615018,0.05,1,480043,479561,482
33704761,62.9305,61.3655,486,26277,0.0843004,0.07,1,480106,479620,486
33707681,81.3861,63.4731,508,26358,0.0568601,0.09,1,480192,479684,508
33710601,44.2772,78.2946,461,26438,0.067372,0.07,1,480227,479766,461
33713521,72.0554,45.2589,503,26518,0.0374744,0.03,1,480306,479803,503
33716441,23.2111,73.8518,433,26598,0.0634949,0.05,1,480317,479884,433
33719361,6.24222,23.5704,424,26678,0.068699,0.01,1,480319,479895,424
33722281,69.2484,6.31407,507,26757,0.0697398,0.03,1,480404,479897,507
33725201,64.2497,69.2628,485,26836,0.101948,0.07,1,480467,479982,485
33728121,64.8499,62.6526,489,26915,0.12439,0.09,1,480532,480043,489
33731041,14.57,62.9305,428,26994,0.160878,0.05,1,480534,480106,428
33733961,68.514,81.3861,424,27072,0.184176,0.07,1,480616,480192,424
33736881,43.3028,44.2772,426,27150,0.204835,0.03,1,480653,480227,426
33739801,70.2606,72.0554,424,27228,0.144967,0.07,1,480730,480306,424
33742721,22.0521,23.2111,423,27306,0.148993,0.07,1,480740,480317,423
33745641,6.01042,6.24222,423,27384,0.181799,0.07,1,480742,480319,423
33748561,70.8021,69.2484,425,27461,0.18836,0.11,1,480829,480404,425
33751481,66.1604,64.2497,427,27538,0.237672,0.13,1,480894,480467,427
33754401,67.6321,64.8499,430,27615,0.263534,0.17,1,480962,480532,430
33757321,15.1264,14.57,430,27692,0.268707,0.19,1,480964,480534,430
33760241,67.8253,68.514,429,27768,0.317741,0.21,1,481045,480616,429
33763161,43.9651,43.3028,430,27844,0.295548,0.13,1,481083,480653,430
33766081,69.593,70.2606,429,27920,0.37111,0.15,1,481159,480730,429
33769001,21.9186,22.0521,429,27996,0.402222,0.19,1,481169,480740,429
33771921,5.98372,6.01042,429,28072,0.408444,0.19,1,481171,480742,429
33774841,72.3967,70.8021,431,28147,0.425689,0.25,1,481260,480829,431
33777761,67.2793,66.1604,432,28222,0.461138,0.27,1,481326,480894,432
33780681,70.2559,67.6321,435,28297,0.436228,0.27,1,481397,480962,435
33783601,15.6512,15.1264,435,28372,0.463246,0.27,1,481399,480964,435
33786521,67.9302,3.02528,516,28447,0.436649,0.33,1,481480,480964,516
33789441,43.986,65.4051,473,28521,0.44733,0.29,1,481518,481045,473
33792361,74.3972,43.481,517,28595,0.577466,0.39,1,481600,481083,517
33795281,22.8794,69.4962,451,28669,0.571493,0.41,1,481610,481159,451
33798201,6.17589,21.8992,443,28743,0.570299,0.41,1,481612,481169,443
33801121,73.2352,5.97985,531,28817,0.60206,0.43,1,481702,481171,531
33804041,69.047,72.396,510,28890,0.576412,0.47,1,481770,481260,510
33806961,69.0094,67.2792,513,28963,0.587282,0.43,1,481839,481326,513
33809881,15.4019,70.2558,444,29036,0.589456,0.47,1,481841,481397,444
33812801,68.6804,15.6512,524,29109,0.573891,0.43,1,481923,481399,524
33815721,44.1361,67.9302,481,29182,0.618778,0.45,1,481961,481480,481
33818641,79.2272,43.986,531,29255,0.707756,0.61,1,482049,481518,531
33821561,23.8454,74.3972,459,29327,0.725551,0.57,1,482059,481600,459
33824481,6.36909,22.8794,451,29399,0.72911,0.57,1,482061,481610,451
33827401,74.8738,6.17589,541,29471,0.713822,0.61,1,482153,481612,541
33830321,67.7748,73.2352,517,29543,0.726764,0.57,1,482219,481702,517
33833241,69.555,69.047,519,29615,0.777353,0.59,2,482289,481770,519
33836161,15.511,69.0094,452,29686,0.787471,0.59,2,482291,481839,452
33839081,69.5022,15.4019,533,29757,0.821494,0.57,2,482374,481841,533
33842001,45.1004,68.6804,490,29828,0.860299,0.63,2,482413,481923,490
33844921,10.6201,44.1361,454,29899,0.86806,0.73,2,482415,481961,454
33847841,75.724,79.2272,458,29970,0.837612,0.73,2,482507,482049,458
33850761,23.1448,23.8454,458,30041,0.831522,0.73,2,482517,482059,458
33853681,6.22896,6.36909,458,30111,0.862304,0.71,2,482519,482061,458
33856601,74.0458,74.8738,457,30181,0.900461,0.73,2,482610,482153,457
33970481,30,31,502,32804,0.73,1,1,484449,483947,502
33973401,20.4,30.2,490,32868,0.73,1,1,484467,483977,490
33976321,38.48,41.24,489,32932,0.634,1,1,484510,484021,489
33979241,65.296,62.648,493,32996,0.5188,1,1,484582,484089,493
33982161,59.4592,70.1296,479,33060,0.43176,1,1,484640,484161,479
33985081,39.8918,36.4259,486,33124,0.318352,1,1,484675,484189,486
33988001,59.9784,62.4852,482,33188,0.21567,1,1,484740,484258,482
33990921,31.9957,37.297,476,33252,0.195134,1,1,484765,484289,476
33993841,28.7991,30.6594,475,33316,0.0950268,0.97,1,484793,484318,475
33996761,52.1598,57.3319,469,33379,0.139005,0.91,1,484851,484382,469
33999681,36.032,41.0664,464,33442,0.131801,0.73,1,484883,484419,464
34002601,25.6064,32.2133,457,33505,0.0823602,0.73,1,484906,484449,457
34005521,16.3213,20.8427,453,33568,0.104472,0.61,1,484920,484467,453
34008441,36.8643,38.5685,452,33631,0.0928944,0.49,1,484962,484510,452
34011361,55.3729,65.3137,440,33694,0.218579,0.41,1,485022,484582,440
34014281,58.2746,59.4627,441,33757,0.243716,0.29,1,485081,484640,441
34017201,30.0549,39.8925,429,33820,0.280743,0.19,1,485104,484675,429
34020121,54.811,59.9785,425,33883,0.320149,0.19,1,485165,484740,425
34023041,31.7622,31.9957,426,33945,0.32803,0.07,1,485191,484765,426
34025961,30.3524,28.7991,428,34007,0.329606,0.15,1,485221,484793,428
34028881,52.4705,52.1598,428,34069,0.361921,0.13,1,485279,484851,428
34031801,34.4941,36.032,426,34131,0.400384,0.07,1,485309,484883,426
34034721,24.4988,25.6064,425,34193,0.376077,0.11,1,485331,484906,425
34037641,17.6998,16.3213,427,34255,0.371215,0.11,1,485347,484920,427
34040561,35.54,3.26426,467,34317,0.386243,0.09,1,485387,484920,467
34043481,59.908,34.2529,491,34379,0.437249,0.25,1,485453,484962,491
34046401,60.7816,54.8506,492,34441,0.47945,0.25,1,485514,485022,492
34049321,30.5563,58.1701,456,34502,0.48789,0.29,1,485537,485081,456
34052241,56.5113,30.034,496,34563,0.489578,0.33,1,485600,485104,496
34055161,33.7023,54.8068,463,34624,0.505916,0.33,1,485628,485165,463
34058081,30.7404,31.7614,467,34685,0.509183,0.33,1,485658,485191,467
34061001,54.1481,30.3523,497,34746,0.509837,0.37,1,485718,485221,497
34063921,34.8296,52.4705,469,34807,0.525967,0.41,1,485748,485279,469
34066841,24.5659,34.4941,461,34868,0.545193,0.37,1,485770,485309,461
34069761,17.7132,24.4988,455,34929,0.549039,0.37,1,485786,485331,455
34072681,37.1426,17.6998,481,34990,0.549808,0.39,1,485828,485347,481
34075601,61.8285,35.54,509,35050,0.549962,0.45,1,485896,485387,509
34078521,63.5657,59.908,507,35110,0.533992,0.49,1,485960,485453,507
34081441,30.3131,60.7816,468,35170,0.546798,0.49,1,485982,485514,468
34084361,57.2626,30.5563,509,35230,0.51736,0.49,1,486046,485537,509
34087281,33.8525,56.5113,474,35290,0.511472,0.51,1,486074,485600,474
34090201,31.5705,33.7023,477,35350,0.542294,0.51,1,486105,485628,477
34093121,54.3141,30.7404,507,35410,0.484459,0.51,1,486165,485658,507
34096041,34.8628,54.1481,477,35470,0.488892,0.53,1,486195,485718,477
34098961,25.3726,34.8296,470,35530,0.505778,0.55,1,486218,485748,470
34101881,17.8745,24.5659,464,35589,0.509156,0.55,1,486234,485770,464
34104801,37.1749,17.7132,490,35648,0.541831,0.55,1,486276,485786,490
34107721,9.03498,37.1426,450,35707,0.548366,0.55,1,486278,485828,450
34110641,56.207,61.8285,450,35766,0.581673,0.53,1,486346,485896,450
34113561,61.6414,63.5657,449,35825,0.620335,0.55,1,486409,485960,449
34116481,29.9283,30.3131,449,35884,0.644067,0.51,1,486431,485982,449
34119401,55.5857,57.2626,447,35943,0.664813,0.51,1,486493,486046,447
34122321,34.3171,33.8525,448,36002,0.668963,0.55,1,486522,486074,448
34125241,30.8634,31.5705,447,36061,0.669793,0.47,1,486552,486105,447
34128161,53.3727,54.3141,446,36120,0.717959,0.49,1,486611,486165,446
34131081,34.6745,34.8628,446,36179,0.743592,0.51,1,486641,486195,446
34134001,26.1349,25.3726,447,36237,0.780718,0.51,2,486665,486218,447
34136921,18.027,17.8745,447,36295,0.804144,0.55,2,486681,486234,447
34139841,38.8054,37.1749,449,36353,0.808829,0.55,2,486725,486276,449
34142761,9.36108,9.03498,449,36411,0.809766,0.59,2,486727,486278,449
34145681,57.8722,56.207,451,36469,0.873953,0.63,2,486797,486346,451
34417241,28,32,505,41509,0.91,1,2,490339,489834,505
34420161,18.4,29.6,492,41560,0.862,1,2,490355,489863,492
34423081,19.68,24.32,489,41611,0.8204,1,2,490375,489886,489
34426001,39.136,48.064,479,41662,0.84408,1,2,490419,489940,479
34428921,29.4272,36.0128,473,41713,0.896816,1,2,490446,489973,473
34431841,25.0854,28.0026,471,41764,0.891363,1,2,490470,489999,471
34434761,38.6171,40.8005,469,41815,0.938273,1,2,490512,490043,469
34446441,36,38,469,42015,0.93,0.97,2,490653,490184,469
34589521,35,19,529,44411,0.87,1,2,492344,491815,529
34592441,27.8,21.4,533,44458,0.742,1,1,492370,491837,533
34593901,33.56,29.88,536,44505,0.6204,1,1,492405,491869,536
34640621,388.312,459.576,446,20440,0.18008,0.41,1,492882,492436,446
34643541,127.262,132.715,457,20544,0.044016,0.05,1,492944,492487,457
34646461,85.4525,91.343,451,20647,0.0488032,0.11,1,493019,492568,451
34649381,94.6905,98.2686,448,20750,0.0657606,0.09,1,493116,492668,448
34652301,82.1381,79.6537,452,20852,0.0851521,0.03,1,493195,492743,452
34655221,60.4276,63.9307,447,20954,0.0570304,0.05,1,493250,492803,447
34658141,37.6855,56.7861,424,21055,0.0514061,0.07,1,493282,492858,424
34661061,26.7371,21.7572,435,21156,0.0662812,0.01,1,493306,492871,435
34663981,53.3474,62.7514,422,21256,0.0692562,0.05,1,493366,492944,422
34666901,73.0695,72.5503,425,21356,0.0378512,0.07,1,493444,493019,425
34669821,92.2139,92.1101,425,21455,0.0475702,0.09,1,493541,493116,425
34672741,82.4428,81.622,426,21554,0.0655141,0.05,1,493621,493195,426
34675661,58.8886,60.3244,424,21652,0.0531028,0.05,1,493674,493250,424
34678581,37.3777,37.6649,424,21750,0.0506206,0.07,1,493706,493282,424
34681501,27.4755,26.733,425,21848,0.0821241,0.07,1,493731,493306,425
34684421,53.4951,53.3466,425,21945,0.0884248,0.03,1,493791,493366,425
34687341,71.499,73.0693,423,22042,0.105685,0.05,1,493867,493444,423
34690261,92.6998,92.2139,424,22138,0.141137,0.07,1,493965,493541,424
34693181,83.34,82.4428,425,22234,0.100227,0.05,1,494046,493621,425
34696101,58.268,58.8886,424,22329,0.140045,0.05,1,494098,493674,424
34699021,37.2536,37.3777,424,22424,0.164009,0.09,1,494130,493706,424
34701941,29.8507,27.4755,427,22519,0.168802,0.09,1,494158,493731,427
34704861,53.1701,5.49511,486,22613,0.13776,0.09,1,494217,493731,486
34707781,69.834,49.099,500,22707,0.163552,0.11,1,494291,493791,500
34710701,93.9668,70.6198,524,22800,0.16871,0.15,1,494391,493867,524
34713621,81.1934,92.524,504,22893,0.201742,0.09,1,494469,493965,504
34716541,60.2387,83.3048,478,22986,0.240348,0.15,1,494524,494046,478
34719461,38.4477,58.261,459,23078,0.28007,0.17,1,494557,494098,459
34722381,30.0895,37.2522,455,23170,0.288014,0.17,1,494585,494130,455
34725301,53.2179,29.8504,486,23261,0.305603,0.13,1,494644,494158,486
34728221,71.4436,53.1701,503,23352,0.373121,0.17,1,494720,494217,503
34731141,94.2887,69.834,529,23443,0.434624,0.17,1,494820,494291,529
34734061,82.8577,93.9668,509,23533,0.494925,0.21,1,494900,494391,509
34736981,62.9715,81.1934,489,23623,0.554985,0.25,1,494958,494469,489
34739901,39.7943,60.2387,468,23713,0.582997,0.29,1,494992,494524,468
34742821,31.1589,38.4477,464,23802,0.604599,0.29,1,495021,494557,464
34745741,53.4318,30.0895,495,23891,0.64092,0.31,1,495080,494585,495
34748661,74.6864,53.2179,516,23980,0.712184,0.39,1,495160,494644,516
34751581,16.5373,71.4436,442,24068,0.726437,0.45,1,495162,494720,442
34754501,85.7075,94.2887,445,24156,0.713287,0.51,1,495265,494820,445
34757421,82.7415,82.8577,447,24244,0.742657,0.57,1,495347,494900,447
34760341,65.3483,62.9715,450,24331,0.780531,0.59,2,495408,494958,450
34763261,41.8697,39.7943,452,24418,0.820106,0.61,2,495444,494992,452
34766181,33.1739,31.1589,454,24505,0.780021,0.65,2,495475,495021,454
34769101,53.8348,53.4318,454,24591,0.804004,0.73,2,495534,495080,454
34772021,77.967,74.6864,458,24677,0.888801,0.73,2,495618,495160,458
34774941,17.1934,16.5373,458,24763,0.87376,0.71,2,495620,495162,458
34777861,85.8387,85.7075,458,24849,0.902752,0.75,2,495723,495265,458
34780781,83.5677,82.7415,459,24934,0.92455,0.79,2,495806,495347,459
34783701,67.1135,65.3483,461,25019,0.91291,0.83,2,495869,495408,461
34786621,42.2227,41.8697,461,25104,0.910582,0.77,2,495905,495444,461
34789541,32.4445,33.1739,460,25188,0.878116,0.81,2,495935,495475,460
34882981,43,53,486,27753,0.77,1,2,497771,497285,486
34885901,43,45,486,27829,0.594,1,1,497814,497328,486
34888821,39,32.2,495,27905,0.4308,0.96,1,497852,497357,495
34891741,55.8,49.64,501,27981,0.15816,0.99,1,497912,497411,501
34894661,76.76,85.928,488,28057,0.055632,0.98,1,497994,497506,488
34897581,28.952,32.3856,486,28132,0.0351264,1,1,498011,497525,486
34900501,58.5904,72.0771,470,28207,0.0790253,0.93,1,498077,497607,470
34903421,79.7181,84.8154,467,28282,0.0238051,0.81,1,498162,497695,467
34906341,37.5436,43.3631,461,28357,0.044761,0.81,1,498189,497728,461
34909261,33.9087,8.67262,494,28432,0.0169522,0.77,1,498222,497728,494
34912181,37.1817,36.1345,489,28506,0.0273904,0.55,1,498260,497771,489
34915101,32.2363,41.6269,477,28580,0.0454781,0.39,1,498291,497814,477
34918021,45.6473,38.7254,488,28654,0.0650956,0.09,1,498340,497852,488
34920941,69.9295,55.7451,504,28728,0.0370191,0.03,1,498416,497912,504
34923861,28.3859,76.749,440,28802,0.0314038,0.03,1,498434,497994,440
34926781,56.8772,28.9498,487,28876,0.0302808,0.09,1,498498,498011,487
34929701,79.3754,58.59,506,28949,0.0460562,0.01,1,498583,498077,506
34932621,37.4751,79.718,448,29022,0.0652112,0.05,1,498610,498162,448
34935541,35.495,37.5436,456,29095,0.0370422,0.01,1,498645,498189,456
34938461,36.699,33.9087,460,29168,0.0794085,0.03,1,498682,498222,460
34941381,34.5398,37.1817,456,29241,0.103882,0.05,1,498716,498260,456
34944301,46.108,32.2363,474,29313,0.172776,0.07,1,498765,498291,474
34947221,66.8216,45.6473,497,29385,0.154555,0.03,1,498837,498340,497
34950141,28.5643,69.9295,440,29457,0.150911,0.03,1,498856,498416,440
34953061,58.5129,28.3859,488,29529,0.0701822,0.03,1,498922,498434,488
34955981,78.9026,56.8772,508,29601,0.0540364,0.05,1,499006,498498,508
34958901,35.7805,79.3754,448,29673,0.0188073,0.07,1,499031,498583,448
34961821,39.1561,37.4751,461,29744,0.0437615,0.03,1,499071,498610,461
34964741,35.0312,35.495,460,29815,0.0487523,0.09,1,499105,498645,460
34967661,8.60624,36.699,425,29886,0.0497505,0.11,1,499107,498682,425
34970581,31.3212,34.5398,428,29957,0.0339501,0.19,1,499144,498716,428
34973501,47.8643,46.108,431,30028,0.06279,0.15,1,499196,498765,431
34976421,66.3728,66.8216,430,30098,0.116558,0.15,1,499267,498837,430
34979341,28.4746,28.5643,430,30168,0.143312,0.05,1,499286,498856,430
34982261,53.6949,58.5129,424,30238,0.100662,0.05,1,499346,498922,424
34985181,77.139,78.9026,423,30308,0.124132,0.01,1,499429,499006,423
34988101,35.4278,35.7805,423,30378,0.128826,0.05,1,499454,499031,423
34991021,39.8856,39.1561,424,30448,0.161765,0.05,1,499495,499071,424
34993941,35.1771,35.0312,424,30518,0.168353,0.05,1,499529,499105,424
34996861,8.63542,8.60624,424,30587,0.169671,0.03,1,499531,499107,424
34999781,31.3271,31.3212,424,30656,0.169934,0.07,1,499568,499144,424
35002701,48.6654,47.8643,425,30725,0.169987,0.13,1,499621,499196,425
35005621,68.9331,66.3728,428,30794,0.185997,0.15,1,499695,499267,428
35008541,28.1866,28.4746,427,30863,0.221199,0.09,1,499713,499286,427
35011461,52.8373,53.6949,426,30932,0.22824,0.13,1,499772,499346,426
35014381,76.9675,77.139,426,31000,0.293648,0.13,1,499855,499429,426
35017301,37.7935,35.4278,429,31068,0.27473,0.17,1,499883,499454,429
35020221,39.5587,39.8856,428,31136,0.286946,0.17,1,499923,499495,428
35023141,35.1117,35.1771,428,31204,0.289389,0.17,1,499957,499529,428
35026061,8.62235,8.63542,428,31272,0.289878,0.17,1,499959,499531,428
35028981,32.1245,31.3271,429,31340,0.273976,0.17,1,499997,499568,429
35031901,48.8249,6.26542,482,31408,0.254795,0.17,1,500050,499568,482
35034821,69.765,43.6531,504,31475,0.282959,0.19,1,500125,499621,504
35037741,29.153,67.9306,449,31542,0.320592,0.23,1,500144,499695,449
35040661,53.8306,27.9861,491,31609,0.296118,0.23,1,500204,499713,491
35043581,78.7661,52.7972,517,31676,0.323224,0.31,1,500289,499772,517
35046501,36.5532,76.9594,460,31743,0.360645,0.27,1,500315,499855,460
35049421,40.1106,37.7919,473,31810,0.400129,0.29,1,500356,499883,473
35052341,36.0221,39.5584,468,31877,0.424026,0.29,1,500391,499923,468
35055261,8.80443,35.1117,436,31943,0.428805,0.29,1,500393,499957,436
35058181,32.1609,8.62233,472,32009,0.429761,0.27,1,500431,499959,472
35061101,48.0322,32.1245,486,32075,0.461952,0.25,1,500483,499997,486
35064021,72.0064,48.8249,511,32141,0.54839,0.29,1,500561,500050,511
35066941,28.8013,69.765,454,32207,0.565678,0.33,1,500579,500125,454
35069861,53.7603,29.153,495,32273,0.633136,0.29,1,500639,500144,495
35072781,81.1521,53.8306,523,32339,0.662627,0.33,1,500727,500204,523
35075701,37.8304,78.7661,465,32404,0.684525,0.37,1,500754,500289,465
35078621,41.9661,36.5532,482,32469,0.704905,0.41,1,500797,500315,482
35081541,37.1932,40.1106,477,32534,0.708981,0.43,1,500833,500356,477
35084461,9.03864,36.0221,444,32599,0.709796,0.43,1,500835,500391,444
35087381,32.2077,8.80443,480,32664,0.709959,0.43,1,500873,500393,480
35090301,49.6415,32.1609,496,32729,0.709992,0.47,1,500927,500431,496
35093221,11.5283,48.0322,446,32794,0.709998,0.57,1,500929,500483,446
35096141,67.9057,72.0064,450,32858,0.774,0.57,2,501011,500561,450
35099061,27.9811,28.8013,450,32922,0.7708,0.65,2,501029,500579,450
35101981,56.7962,53.7603,454,32986,0.78616,0.67,2,501093,500639,454
35104901,82.5592,81.1521,455,33050,0.821232,0.69,2,501182,500727,455
35107821,38.9118,37.8304,456,33114,0.796246,0.71,2,501210,500754,456
35110741,42.9824,41.9661,457,33178,0.823249,0.71,2,501254,500797,457
35113661,37.3965,37.1932,457,33242,0.86065,0.71,2,501290,500833,457
35116581,9.07929,9.03864,457,33306,0.86813,0.71,2,501292,500835,457
35119501,32.2159,32.2077,457,33370,0.933626,0.71,2,501330,500873,457
35122421,49.6432,49.6415,457,33433,0.930725,0.71,2,501384,500927,457
35125341,11.5286,11.5283,457,33496,0.930145,0.79,2,501386,500929,457
35277181,48,30,497,36635,0.49,1,1,503637,503140,497
35280101,37.6,42,487,36693,0.442,1,1,503672,503185,487
35283021,31.52,34.8,484,36751,0.3844,1,1,503702,503218,484
35285941,31.904,30.96,486,36809,0.38888,1,1,503734,503248,486
35288861,38.3808,36.592,488,36866,0.421776,1,1,503774,503286,488
35291781,34.0762,36.1184,485,36923,0.284355,1,1,503807,503322,485
35294701,26.8152,34.4237,476,36980,0.272871,0.92,1,503832,503356,476
35297621,34.163,35.6847,476,37037,0.206574,1,1,503868,503392,476
35300541,30.0326,28.7369,478,37094,0.129315,1,1,503897,503419,478
35303461,36.4065,40.9474,472,37151,0.113863,1,1,503935,503463,472
35306381,67.2813,8.18948,547,37208,0.0947726,0.75,1,504010,503463,547
35309301,37.4563,75.2379,485,37265,0.0589545,0.67,1,504040,503555,485
35312221,41.8913,42.2476,494,37322,0.0517909,0.49,1,504083,503589,494
35315141,33.9783,46.8495,478,37379,0.0503582,0.43,1,504115,503637,478
35318061,31.5957,37.3699,474,37436,0.130072,0.37,1,504146,503672,474
35320981,27.1191,31.474,470,37492,0.0820143,0.39,1,504172,503702,470
35323901,36.6238,31.8948,477,37548,0.104403,0.43,1,504211,503734,477
35326821,32.1248,38.379,468,37604,0.108881,0.25,1,504242,503774,468
35329741,24.025,34.0758,457,37660,0.157776,0.27,1,504264,503807,457
35332661,29.605,26.8152,463,37716,0.167555,0.19,1,504295,503832,463
35335581,29.921,34.163,457,37772,0.201511,0.11,1,504325,503868,457
35338501,35.5842,30.0326,465,37828,0.272302,0.11,1,504362,503897,465
35341421,63.9168,36.4065,498,37884,0.30246,0.09,1,504433,503935,498
35344341,38.3834,67.2813,455,37940,0.308492,0.05,1,504465,504010,455
35347261,40.4767,37.4563,466,37996,0.389698,0.05,1,504506,504040,466
35350181,32.8953,41.8913,454,38052,0.38994,0.05,1,504537,504083,454
35353101,34.5791,33.9783,457,38108,0.421988,0.15,1,504572,504115,457
35356021,26.9158,31.5957,451,38163,0.460398,0.07,1,504597,504146,451
35358941,35.7832,27.1191,463,38218,0.46808,0.11,1,504635,504172,463
35361861,35.1566,36.6238,459,38273,0.485616,0.11,1,504670,504211,459
35364781,26.2313,32.1248,452,38328,0.473123,0.17,1,504694,504242,452
35367701,30.0463,24.025,461,38383,0.486625,0.17,1,504725,504264,461
35370621,31.6093,29.605,462,38438,0.489325,0.21,1,504757,504295,462
35373541,36.7218,29.921,470,38493,0.473865,0.29,1,504795,504325,470
35376461,66.5444,35.5842,507,38548,0.438773,0.31,1,504869,504362,507
35379381,38.9089,63.9168,468,38603,0.447755,0.31,1,504901,504433,468
35382301,9.38177,38.3834,438,38658,0.449551,0.41,1,504903,504465,438
35385221,37.8764,40.4767,442,38713,0.49791,0.39,1,504948,504506,442
35388141,31.5753,32.8953,441,38768,0.507582,0.43,1,504978,504537,441
35391061,36.7151,34.5791,444,38822,0.525516,0.47,1,505016,504572,444
35393981,28.143,26.9158,445,38876,0.529103,0.47,1,505042,504597,445
35396901,36.0286,35.7832,445,38930,0.561821,0.49,1,505080,504635,445
35399821,36.8057,35.1566,447,38984,0.600364,0.47,1,505117,504670,447
35402741,24.9611,26.2313,445,39038,0.608073,0.49,1,505139,504694,445
35405661,30.5922,30.0463,446,39092,0.641615,0.49,1,505171,504725,446
35408581,30.1184,31.6093,444,39146,0.664323,0.47,1,505201,504757,444
35411501,37.2237,36.7218,445,39200,0.652865,0.43,1,505240,504795,445
35414421,65.0447,66.5444,443,39254,0.698573,0.45,1,505312,504869,443
35417341,39.4089,38.9089,444,39308,0.723715,0.45,1,505345,504901,444
35420261,9.48179,9.38177,444,39362,0.696743,0.51,1,505347,504903,444
35423181,38.6964,37.8764,445,39416,0.787349,0.51,2,505393,504948,445
35426101,31.7393,31.5753,445,39470,0.83747,0.53,2,505423,504978,445
35429021,39.1479,36.7151,448,39524,0.815494,0.53,2,505464,505016,448
35431941,29.4296,28.143,449,39577,0.827099,0.57,2,505491,505042,449
35434861,37.8859,36.0286,451,39630,0.81342,0.61,2,505531,505080,451
35437781,36.3772,36.8057,450,39683,0.810684,0.61,2,505567,505117,450
35440701,25.6754,24.9611,451,39736,0.794137,0.65,2,505590,505139,451
35443621,31.5351,30.5922,452,39789,0.806827,0.67,2,505623,505171,452
35446541,31.907,30.1184,454,39842,0.809365,0.65,2,505655,505201,454
35449461,37.5814,37.2237,454,39895,0.793873,0.71,2,505694,505240,454
35452381,65.9163,65.0447,455,39948,0.822775,0.73,2,505767,505312,455
35455301,41.1833,39.4089,457,40001,0.844555,0.69,2,505802,505345,457
35458221,9.83665,9.48179,457,40054,0.848911,0.81,2,505804,505347,457
35461141,41.1673,38.6964,460,40107,0.881782,0.81,2,505853,505393,460
35464061,33.0335,7.73927,491,40160,0.872356,0.85,2,505884,505393,491
35466981,39.4067,25.5479,502,40213,0.870471,0.81,2,505925,505423,502
35469901,29.4813,37.9096,488,40266,0.886094,0.83,2,505952,505464,488
35472821,36.2963,29.1819,499,40318,0.873219,0.81,2,505990,505491,499
35475741,36.0593,37.8364,495,40370,0.886644,0.81,2,506026,505531,495
35478661,24.8119,36.3673,481,40422,0.889329,0.79,2,506048,505567,481
35481581,32.1624,25.6735,492,40474,0.889866,0.81,2,506082,505590,492
35484501,32.0325,31.5347,491,40526,0.905973,0.81,2,506114,505623,491
35636341,31,31,526,43150,0.69,1,1,507947,507421,526
35681601,404.6,467.8,447,18980,0.162,0.33,1,508445,507998,447
35684521,180.12,144.76,507,19818,0.0564,0,1,508569,508062,507
35687441,96.824,137.752,447,19925,0.05128,0.05,1,508645,508198,447
35690361,83.3648,73.1504,470,20031,0.034256,0.03,1,508725,508255,470
35693281,53.473,65.8301,452,20137,0.110851,0.01,1,508771,508319,452
35696201,57.8946,63.566,448,20242,0.0781702,0.01,1,508830,508382,448
35699121,34.7789,37.5132,446,20347,0.039634,0.03,1,508859,508413,446
35702041,113.356,33.1026,547,20451,0.0799268,0.03,1,508992,508445,547
35704961,82.6712,105.821,498,20555,0.0399854,0.05,1,509067,508569,498
35707881,81.3342,81.9641,503,20658,0.0479971,0.03,1,509148,508645,503
35710801,54.6668,80.3928,471,20761,0.0655994,0.13,1,509196,508725,471
35713721,55.7334,52.8786,481,20863,0.0531199,0.07,1,509252,508771,481
35716641,33.5467,57.7757,450,20965,0.082624,0.03,1,509280,508830,450
35719561,8.30933,34.7551,423,21066,0.0885248,0.09,1,509282,508859,423
35722481,110.462,113.351,426,21167,0.041705,0.03,1,509418,508992,426
35725401,78.8924,82.6702,422,21267,0.032341,0.05,1,509489,509067,422
35728321,82.1785,81.334,424,21367,0.0464682,0.07,1,509572,509148,424
35731241,55.6357,54.6668,425,21466,0.0172936,0.05,1,509621,509196,425
35734161,55.9271,55.7334,425,21565,0.0274587,0.09,1,509677,509252,425
35737081,32.7854,33.5467,424,21663,0.0294917,0.09,1,509704,509280,424
35740001,8.15709,8.30933,424,21761,0.0298984,0.03,1,509706,509282,424
35742921,110.431,110.462,424,21858,0.0299797,0.03,1,509842,509418,424
35745841,77.2863,78.8924,422,21955,0.0299959,0.05,1,509911,509489,422
35748761,84.2573,82.1785,425,22052,0.0459992,0.01,1,509997,509572,425
35751681,53.6514,55.6357,422,22148,0.0491998,0.03,1,510043,509621,422
35754601,56.3303,55.9271,423,22244,0.09784,0.03,1,510100,509677,423
35757521,32.8661,32.7854,423,22339,0.059568,0.03,1,510127,509704,423
35760441,8.17321,8.15709,423,22434,0.0519136,0.03,1,510129,509706,423
35763361,109.635,110.431,422,22529,0.0823827,0.03,1,510264,509842,422
35766281,76.3269,22.0863,490,22623,0.0244765,0.03,1,510332,509842,490
35769201,85.6654,59.6173,509,22717,0.0288953,0.05,1,510420,509911,509
35772121,53.9331,80.7235,469,22810,0.0617791,0.05,1,510466,509997,469
35775041,57.1866,52.9447,481,22903,0.0843558,0.11,1,510524,510043,481
35777961,33.0373,56.1889,451,22996,0.104871,0.05,1,510551,510100,451
35780881,8.20746,32.8378,426,23088,0.108974,0.05,1,510553,510127,426
35783801,108.841,8.16756,558,23180,0.0937949,0.09,1,510687,510129,558
35786721,75.3683,109.634,490,23271,0.106759,0.01,1,510754,510264,490
35789641,85.4737,76.3267,510,23362,0.0453518,0.03,1,510842,510332,510
35792561,56.2947,85.6653,471,23453,0.0650704,0.07,1,510891,510420,471
35795481,57.6589,53.9331,483,23543,0.133014,0.09,1,510949,510466,483
35798401,32.3318,57.1866,451,23633,0.146603,0.11,1,510975,510524,451
35801321,8.06636,33.0373,426,23723,0.149321,0.11,1,510977,510551,426
35804241,110.413,8.20746,560,23812,0.213864,0.09,1,511113,510553,560
35807161,75.6827,108.841,493,23901,0.258773,0.11,1,511180,510687,493
35810081,16.7365,75.3683,428,23990,0.267755,0.03,1,511182,510754,428
35813001,69.7473,85.4737,423,24078,0.269551,0.07,1,511265,510842,423
35815921,54.7495,56.2947,425,24166,0.26991,0.15,1,511316,510891,425
35818841,60.5499,57.6589,429,24254,0.333982,0.15,1,511378,510949,429
35821761,33.71,32.3318,430,24341,0.330796,0.15,1,511405,510975,430
35824681,8.342,8.06636,430,24428,0.330159,0.23,1,511407,510977,430
35827601,112.868,110.413,433,24515,0.362032,0.27,1,511546,511113,433
35830521,77.7737,75.6827,435,24601,0.416406,0.27,1,511615,511180,435
35833441,17.1547,16.7365,435,24687,0.395281,0.27,1,511617,511182,435
35836361,69.8309,69.7473,435,24773,0.423056,0.27,1,511700,511265,435
35839281,55.5662,54.7495,436,24859,0.476611,0.35,1,511752,511316,436
35842201,61.5132,60.5499,437,24944,0.519322,0.33,1,511815,511378,437
35845121,34.7026,33.71,438,25029,0.495864,0.33,1,511843,511405,438
35848041,8.54053,8.342,438,25114,0.491173,0.37,1,511845,511407,438
35850961,115.308,112.868,441,25198,0.602235,0.43,1,511987,511546,441
35853881,78.2616,77.7737,441,25282,0.608447,0.39,1,512056,511615,441
35856801,17.2523,17.1547,441,25366,0.609689,0.43,1,512058,511617,441
35859721,69.8505,69.8309,441,25450,0.657938,0.43,1,512141,511700,441
35862641,57.1701,13.9662,495,25533,0.635588,0.49,1,512195,511700,495
35865561,63.434,44.3932,508,25616,0.631118,0.53,1,512260,511752,508
35868481,35.8868,59.2786,474,25699,0.646224,0.49,1,512289,511815,474
35871401,8.77736,34.2557,448,25781,0.617245,0.49,1,512291,511843,448
35874321,118.555,8.45115,592,25863,0.643449,0.63,1,512437,511845,592
35877241,79.7111,115.29,520,25945,0.66469,0.61,1,512507,511987,520
35880161,17.5422,78.258,453,26027,0.668938,0.61,1,512509,512056,453
35883081,70.7084,17.2516,535,26108,0.733788,0.67,1,512593,512058,535
35886001,57.3417,69.8503,506,26189,0.762758,0.63,2,512647,512141,506
35888921,63.4683,57.1701,517,26270,0.768551,0.63,2,512712,512195,517
35891841,35.0937,63.434,480,26351,0.78571,0.65,2,512740,512260,480
35894761,8.61873,35.8868,453,26431,0.789142,0.61,2,512742,512289,453
35897681,120.924,8.77736,600,26511,0.917828,0.65,2,512891,512291,600
35900601,80.1847,118.555,524,26591,0.911566,0.67,2,512961,512437,524
35903521,17.6369,79.7111,456,26671,0.910313,0.67,2,512963,512507,456
36008641,33,61,509,29392,0.41,1,1,514883,514374,509
36011561,58.6,37.8,542,29464,0.314,1,1,514948,514406,542
36014481,58.12,63.56,530,29536,0.1668,1,1,515006,514476,530
36017401,62.024,57.512,537,29608,0.05736,1,1,515069,514532,537
36020321,34.0048,63.5024,499,29679,0.051472,1,1,515096,514597,499
36023241,37.201,32.7005,512,29750,0.0342944,1,1,515134,514622,512
36026161,25.0402,35.3401,498,29821,0.0948589,1,1,515156,514658,498
36029081,13.808,28.668,482,29892,0.0909718,0.8,1,515167,514685,482
36032001,61.1616,80.1336,462,29963,0.122194,0.47,1,515240,514778,462
36034921,56.2323,73.6267,445,30034,0.144439,0.41,1,515295,514850,445
36037841,32.8465,41.1253,439,30104,0.116888,0.29,1,515322,514883,439
36040761,53.7693,60.2251,433,30174,0.143378,0.13,1,515381,514948,433
36043681,53.1539,58.445,428,30244,0.132676,0.03,1,515434,515006,428
36046601,58.6308,62.089,425,30314,0.130535,0.05,1,515494,515069,425
36049521,31.7262,34.0178,423,30384,0.146107,0.03,1,515519,515096,423
36052441,38.3452,37.2036,425,30454,0.0692214,0.11,1,515559,515134,425
36055361,25.269,25.0407,425,30523,0.0538443,0.09,1,515581,515156,425
36058281,11.4538,13.8081,422,30592,0.0987689,0.13,1,515589,515167,422
36061201,63.8908,61.1616,426,30661,0.0917538,0.15,1,515666,515240,426
36064121,57.5782,56.2323,427,30730,0.122351,0.11,1,515722,515295,427
36067041,33.9156,32.8465,428,30799,0.16047,0.15,1,515750,515322,428
36069961,54.7831,53.7693,429,30868,0.200094,0.13,1,515810,515381,429
36072881,52.5566,53.1539,428,30937,0.192019,0.13,1,515862,515434,428
36075801,58.5113,58.6308,428,31005,0.222404,0.15,1,515922,515494,428
36078721,33.3023,31.7262,430,31073,0.244481,0.05,1,515949,515519,430
36081641,32.2605,38.3452,422,31141,0.248896,0.05,1,515981,515559,422
36084561,26.4521,25.269,425,31209,0.217779,0.11,1,516006,515581,425
36087481,11.6904,11.4538,425,31277,0.195556,0.11,1,516014,515589,425
36090401,63.1381,2.29076,501,31345,0.207111,0.09,1,516090,515589,501
36093321,58.2276,62.0582,481,31413,0.209422,0.13,1,516147,515666,481
36096241,37.2455,57.2116,457,31480,0.177884,0.17,1,516179,515722,457
36099161,55.4491,33.8423,489,31547,0.187577,0.21,1,516239,515750,489
36102081,53.4898,54.7685,482,31614,0.221515,0.19,1,516292,515810,482
36105001,60.298,52.5537,492,31681,0.228303,0.23,1,516354,515862,492
36107921,32.8596,58.5107,458,31748,0.261661,0.25,1,516380,515922,458
36110841,31.3719,33.3021,462,31815,0.252332,0.25,1,516411,515949,462
36113761,26.2744,32.2604,455,31881,0.298466,0.21,1,516436,515981,455
36116681,11.6549,26.4521,438,31947,0.323693,0.19,1,516444,516006,438
36119601,63.931,11.6904,507,32013,0.376739,0.21,1,516521,516014,507
36122521,58.3862,63.1381,488,32079,0.371348,0.21,1,516578,516090,488
36125441,35.6772,58.2276,461,32145,0.41827,0.17,1,516608,516147,461
36128361,55.9354,37.2455,490,32211,0.459654,0.19,1,516669,516179,490
36131281,55.1871,55.4491,485,32277,0.483931,0.23,1,516724,516239,485
36134201,60.6374,53.4898,494,32343,0.504786,0.23,1,516786,516292,494
36137121,34.5275,60.298,460,32408,0.508957,0.27,1,516814,516354,460
36140041,32.5055,32.8596,466,32473,0.509791,0.25,1,516846,516380,466
36142961,28.1011,31.3719,462,32538,0.541958,0.31,1,516873,516411,462
36145881,12.0202,26.2744,445,32603,0.548392,0.33,1,516881,516436,445
36148801,66.404,11.6549,517,32668,0.629678,0.39,1,516961,516444,517
36151721,59.6808,63.931,498,32733,0.661936,0.37,1,517019,516521,498
36154641,13.5362,58.3862,443,32798,0.636387,0.43,1,517021,516578,443
36157561,26.7072,35.6772,443,32862,0.663277,0.47,1,517051,516608,443
36160481,55.7414,55.9354,445,32926,0.732655,0.49,1,517114,516669,445
36163401,55.9483,55.1871,446,32990,0.762531,0.51,2,517170,516724,446
36166321,61.5897,60.6374,447,33054,0.768506,0.51,2,517233,516786,447
36169241,34.7179,34.5275,447,33118,0.801701,0.51,2,517261,516814,447
36172161,32.5436,32.5055,447,33182,0.77634,0.55,2,517293,516846,447
36175081,29.7087,28.1011,449,33246,0.771268,0.55,2,517322,516873,449
36178001,12.3417,12.0202,449,33310,0.802254,0.65,2,517330,516881,449
36180921,70.4683,66.404,454,33373,0.824451,0.67,2,517415,516961,454
36183841,61.2937,59.6808,455,33436,0.81289,0.63,2,517474,517019,455
36186761,13.8587,13.5362,455,33499,0.810578,0.67,2,517476,517021,455
36189681,26.7717,26.7072,455,33562,0.842116,0.75,2,517506,517051,455
36192601,58.9544,55.7414,459,33625,0.928423,0.77,2,517573,517114,459
36338601,31,27,501,36638,0.63,1,1,519688,519187,501
36341521,27,20.6,508,36696,0.502,1,1,519714,519206,508
36344441,23,12.12,520,36754,0.4124,1,1,519736,519216,520
36347361,51.8,69.624,495,36811,0.26648,1,1,519795,519300,495
36350281,40.76,60.3248,475,36868,0.173296,1,1,519833,519358,475
36353201,42.552,35.265,489,36925,0.122659,1,1,519876,519387,489
36356121,36.5104,31.853,493,36982,0.0485318,1,1,519911,519418,493
36359041,28.1021,41.5706,475,37039,0.0337064,1,1,519937,519462,475
36361961,33.6204,31.5141,481,37096,0.0787413,0.98,1,519972,519491,481
36364881,39.5241,46.3028,472,37153,0.0397483,0.98,1,520013,519541,472
36367801,64.7048,9.26056,543,37210,0.0639497,0.91,1,520084,519541,543
36370721,38.541,65.0521,496,37267,0.0687899,0.69,1,520116,519620,496
36373641,25.3082,42.6104,481,37324,0.053758,0.63,1,520138,519657,481
36376561,19.4616,33.3221,468,37381,0.0507516,0.47,1,520156,519688,468
36379481,15.0923,27.4644,456,37438,0.0501503,0.39,1,520170,519714,456
36382401,44.6185,23.0929,486,37494,0.0980301,0.23,1,520222,519736,486
36385321,36.1237,51.8186,461,37550,0.139606,0.15,1,520256,519795,461
36388241,40.0247,40.7637,464,37606,0.0679212,0.11,1,520297,519833,464
36391161,36.8049,42.5527,457,37662,0.0375842,0.03,1,520333,519876,457
36394081,28.961,36.5105,449,37718,0.00751685,0.03,1,520360,519911,449
36397001,32.1922,28.1021,456,37774,0.0735034,0.09,1,520393,519937,456
36399921,40.0384,33.6204,463,37830,0.0547007,0.03,1,520435,519972,463
36402841,64.8077,39.5241,493,37886,0.0349401,0.07,1,520506,520013,493
36405761,40.1615,64.7048,456,37942,0.078988,0.07,1,520540,520084,456
36408681,24.8323,38.541,445,37998,0.151798,0.05,1,520561,520116,445
36411601,19.3665,25.3082,441,38054,0.18236,0.05,1,520579,520138,441
36414521,15.0733,19.4616,437,38110,0.188472,0.05,1,520593,520156,437
36417441,48.6147,15.0923,480,38165,0.157694,0.11,1,520650,520170,480
36420361,36.9229,44.6185,462,38220,0.151539,0.15,1,520684,520222,462
36423281,37.7846,36.1237,466,38275,0.166308,0.05,1,520722,520256,466
36426201,34.7569,40.0247,459,38330,0.137262,0.03,1,520756,520297,459
36429121,27.7514,36.8049,449,38385,0.115452,0,1,520782,520333,449
36432041,32.7503,28.961,456,38440,0.11109,0.09,1,520816,520360,456
36434961,40.1501,32.1922,465,38495,0.126218,0.05,1,520858,520393,465
36437881,66.43,40.0384,496,38550,0.0492436,0.03,1,520931,520435,496
36440801,42.086,64.8077,461,38605,0.0498487,0.09,1,520967,520506,461
36443721,10.0172,40.1615,429,38660,0.0499697,0.17,1,520969,520540,429
36446641,20.4034,24.8323,431,38715,0.081994,0.19,1,520992,520561,431
36449561,18.4807,19.3665,431,38770,0.136399,0.19,1,521010,520579,431
36452481,14.8961,15.0733,431,38824,0.13128,0.15,1,521024,520593,431
36455401,46.9792,48.6147,429,38878,0.146256,0.15,1,521079,520650,429
36458321,36.5958,36.9229,429,38932,0.149251,0.17,1,521113,520684,429
36461241,38.5192,37.7846,430,38986,0.18185,0.13,1,521152,520722,430
36464161,33.3038,34.7569,428,39040,0.18837,0.11,1,521184,520756,428
36467081,26.6608,27.7514,427,39094,0.189674,0.11,1,521209,520782,427
36470001,32.5322,32.7503,427,39148,0.157935,0.13,1,521243,520816,427
36472921,40.9064,40.1501,428,39202,0.167587,0.03,1,521286,520858,428
36475841,62.5813,66.43,423,39256,0.201517,0.05,1,521354,520931,423
36478761,42.9163,42.086,425,39310,0.176303,0.05,1,521392,520967,425
36481681,10.1833,10.0172,425,39364,0.171261,0.09,1,521394,520969,425
36484601,21.2367,20.4034,426,39418,0.218252,0.15,1,521418,520992,426
36487521,20.2473,18.4807,428,39472,0.25965,0.13,1,521438,521010,428
36490441,15.2495,14.8961,428,39526,0.25193,0.15,1,521452,521024,428
36493361,46.2499,46.9792,427,39579,0.298386,0.15,1,521506,521079,427
36496281,37.25,36.5958,428,39632,0.307677,0.19,1,521541,521113,428
36499201,39.45,38.5192,429,39685,0.357535,0.19,1,521581,521152,429
36502121,33.49,33.3038,429,39738,0.367507,0.19,1,521613,521184,429
36505041,26.698,26.6608,429,39791,0.321501,0.15,1,521638,521209,429
36507961,32.5396,32.5322,429,39844,0.3443,0.17,1,521672,521243,429
36510881,41.7079,40.9064,430,39897,0.34886,0.21,1,521716,521286,430
36513801,62.7416,62.5813,430,39950,0.397772,0.17,1,521784,521354,430
36516721,43.7483,42.9163,431,40003,0.407554,0.17,1,521823,521392,431
36519641,10.3497,10.1833,431,40056,0.409511,0.23,1,521825,521394,431
36522561,22.0699,21.2367,432,40109,0.393902,0.23,1,521850,521418,432
36525481,21.214,4.24733,453,40162,0.35878,0.27,1,521871,521418,453
36528401,15.4428,16.8495,447,40215,0.399756,0.25,1,521885,521438,447
36531321,47.0886,14.5699,488,40268,0.439951,0.31,1,521940,521452,488
36534241,39.0177,46.114,471,40320,0.49599,0.31,1,521977,521506,471
36537161,40.6035,37.2228,477,40372,0.491198,0.37,1,522018,521541,477
36540081,33.7207,39.4446,469,40424,0.49024,0.37,1,522050,521581,469
36543001,25.9441,33.4889,461,40476,0.506048,0.31,1,522074,521613,461
36545921,32.3888,26.6978,470,40528,0.50921,0.35,1,522108,521638,470
36548841,41.6778,32.5396,480,40580,0.525842,0.35,1,522152,521672,480
36551761,65.1356,41.7079,507,40632,0.577168,0.41,1,522223,521716,507
36554681,44.2271,62.7416,478,40684,0.571434,0.41,1,522262,521784,478
36557601,10.4454,43.7483,441,40736,0.570287,0.41,1,522264,521823,441
36560521,22.0891,10.3497,464,40788,0.554057,0.39,1,522289,521825,464
36563441,22.8178,22.0699,462,40840,0.534811,0.35,1,522312,521850,462
36566361,15.7636,21.214,455,40892,0.578962,0.41,1,522326,521871,455
36569281,49.5527,15.4428,499,40944,0.619792,0.45,1,522384,521885,499
36572201,41.1105,47.0886,483,40996,0.659958,0.51,1,522423,521940,483
36575121,40.2221,39.0177,486,41047,0.683992,0.49,1,522463,521977,486
36578041,33.6444,40.6035,477,41098,0.704798,0.49,1,522495,522018,477
36580961,26.7289,33.7207,470,41149,0.70896,0.51,1,522520,522050,470
36583881,32.5458,25.9441,480,41200,0.709792,0.51,1,522554,522074,480
36586801,42.5092,32.3888,491,41251,0.725958,0.53,1,522599,522108,491
36589721,67.7018,41.6778,521,41302,0.761192,0.59,2,522673,522152,521
36592641,43.9404,65.1356,488,41353,0.768238,0.57,2,522711,522223,488
36595561,10.3881,44.2271,451,41404,0.769648,0.57,2,522713,522262,451
36598481,21.2776,10.4454,473,41455,0.76993,0.55,2,522737,522264,473
36601401,23.4555,22.0891,472,41506,0.769986,0.53,2,522761,522289,472
36604321,6.2911,22.8178,451,41557,0.769997,0.59,2,522763,522312,451
36607241,13.2582,15.7636,452,41608,0.801999,0.63,2,522778,522326,452
36610161,49.8516,49.5527,453,41659,0.8724,0.67,2,522837,522384,453
36613081,42.7703,41.1105,455,41710,0.93448,0.69,2,522878,522423,455
36616001,41.3541,40.2221,456,41761,0.930896,0.71,2,522919,522463,456
36618921,34.6708,33.6444,457,41812,0.930179,0.71,2,522952,522495,457
36621841,26.9342,26.7289,457,41862,0.946036,0.71,2,522977,522520,457
36624761,32.5868,32.5458,457,41912,0.917207,0.73,2,523011,522554,457
36627681,43.3174,42.5092,458,41962,0.911441,0.77,2,523057,522599,458
36630601,69.4635,67.7018,460,42012,0.926288,0.77,2,523133,522673,460
36648121,17,15,463,42312,0.93,0.89,2,523241,522778,463
36823321,113,85,525,20647,0.33,1,1,525424,524899,525
36826241,109.8,96.2,535,20750,0.234,0.97,1,525533,524998,535
36829161,75.56,109.64,489,20852,0.1668,0.83,1,525600,525111,489
36832081,54.312,57.928,493,20954,0.15336,0.61,1,525649,525156,493
36835001,34.8624,61.9856,460,21055,0.182672,0.55,1,525679,525219,460
36837921,30.9725,35.5971,461,21156,0.156534,0.43,1,525709,525248,461
36840841,42.1945,57.5194,443,21256,0.263307,0.33,1,525754,525311,443
36843761,95.6389,101.904,439,21356,0.332661,0.21,1,525863,525424,439
36846681,99.1278,107.581,430,21455,0.346532,0.15,1,525963,525533,430
36849601,72.6256,75.1162,429,21554,0.317306,0.15,1,526029,525600,429
36852521,53.7251,54.2232,429,21652,0.375461,0.19,1,526078,525649,429
36855441,36.345,34.8446,431,21750,0.387092,0.15,1,526110,525679,431
36858361,31.269,30.9689,431,21848,0.437418,0.29,1,526140,525709,431
36861281,44.6538,42.1938,434,21945,0.479484,0.35,1,526188,525754,434
36864201,99.3308,95.6388,438,22042,0.471897,0.35,1,526301,525863,438
36867121,100.666,99.1278,439,22138,0.502379,0.31,1,526402,525963,439
36870041,72.1332,72.6255,438,22234,0.540476,0.39,1,526467,526029,438
36872961,56.0266,53.7251,441,22329,0.548095,0.39,1,526519,526078,441
36875881,39.2053,36.345,444,22424,0.533619,0.45,1,526554,526110,444
36878801,31.8411,31.269,444,22519,0.530724,0.45,1,526584,526140,444
36881721,43.9682,6.2538,491,22613,0.530145,0.49,1,526631,526140,491
36884641,99.9936,39.6508,557,22707,0.610029,0.47,1,526745,526188,557
36887561,102.399,98.3302,547,22800,0.626006,0.51,1,526848,526301,547
36890481,74.0797,100.466,513,22893,0.661201,0.55,1,526915,526402,513
36893401,54.8159,72.0932,498,22986,0.66824,0.55,1,526965,526467,498
36896321,39.7632,56.0186,482,23078,0.685648,0.53,1,527001,526519,482
36899241,32.7526,39.2037,478,23170,0.68913,0.53,1,527032,526554,478
36902161,43.3505,31.8407,494,23261,0.705826,0.53,1,527078,526584,494
36905081,103.87,43.9682,566,23352,0.805165,0.63,2,527197,526631,566
36908001,103.174,99.9936,555,23443,0.841033,0.63,2,527300,526745,555
36910921,75.8348,102.399,521,23533,0.896207,0.67,2,527369,526848,521
36913841,55.167,74.0797,504,23623,0.907241,0.67,2,527419,526915,504
36916761,40.6334,54.8159,491,23713,0.909448,0.69,2,527456,526965,491
37018961,105,45,580,26661,0.71,1,1,529540,528960,580
37021881,57.8,105.8,505,26740,0.566,1,1,529586,529081,505
37024801,65.96,47.56,540,26819,0.3612,1,1,529654,529114,540
37027721,83.592,70.312,552,26898,0.22424,0.97,1,529742,529190,552
37030641,39.9184,68.4624,513,26977,0.116848,1,1,529771,529258,513
37033561,32.7837,53.6925,494,27056,0.0633696,1,1,529802,529308,494
37036481,26.5567,41.1385,481,27134,0.0526739,0.88,1,529827,529346,481
37039401,43.7113,52.2277,474,27212,0.0985348,0.91,1,529875,529401,474
37042321,31.9423,37.6455,469,27290,0.091707,0.71,1,529904,529435,469
37045241,77.5885,91.5291,453,27368,0.122341,0.53,1,529993,529540,453
37048161,50.7177,55.1058,451,27445,0.144468,0.31,1,530037,529586,451
37051081,51.7435,65.4212,435,27522,0.116894,0.19,1,530089,529654,435
37054001,78.3487,83.4842,432,27599,0.207379,0.09,1,530174,529742,432
37056921,34.0697,39.8968,426,27676,0.161476,0.05,1,530197,529771,426
37059841,33.2139,32.7794,428,27753,0.152295,0.05,1,530230,529802,428
37062761,25.8428,26.5559,427,27829,0.182459,0.11,1,530254,529827,427
37065681,42.7686,43.7112,426,27905,0.204492,0.09,1,530301,529875,426
37068601,32.5537,31.9422,427,27981,0.240898,0.13,1,530331,529904,427
37071521,78.5107,77.5885,428,28057,0.21618,0.15,1,530421,529993,428
37074441,51.7021,50.7177,429,28132,0.275236,0.11,1,530466,530037,429
37077361,51.9404,51.7435,429,28207,0.255047,0.23,1,530518,530089,429
37080281,80.7881,78.3487,432,28282,0.219009,0.15,1,530606,530174,432
37083201,32.1576,34.0697,429,28357,0.243802,0.15,1,530626,530197,429
37086121,30.4315,6.81395,459,28432,0.24876,0.15,1,530656,530197,459
37089041,25.2863,27.7628,450,28506,0.249752,0.19,1,530680,530230,450
37091961,46.6573,24.7526,478,28580,0.29795,0.21,1,530732,530254,478
37094881,33.3315,42.5505,461,28654,0.30759,0.25,1,530762,530301,461
37097801,80.2663,32.5101,523,28728,0.357518,0.21,1,530854,530331,523
37100721,52.0533,78.502,478,28802,0.367504,0.29,1,530899,530421,478
37103641,52.0107,51.7004,485,28876,0.369501,0.25,1,530951,530466,485
37106561,79.2021,51.9401,519,28949,0.3859,0.21,1,531037,530518,519
37109481,31.8404,80.788,451,29022,0.40518,0.25,1,531057,530606,451
37112401,31.9681,32.1576,463,29095,0.457036,0.25,1,531089,530626,463
37115321,25.5936,30.4315,457,29168,0.499407,0.25,1,531113,530656,457
37118241,49.1187,25.2863,488,29241,0.539881,0.31,1,531168,530680,488
37121161,34.6237,46.6573,467,29313,0.579976,0.31,1,531199,530732,467
37124081,82.9247,33.3315,532,29385,0.619995,0.37,1,531294,530762,532
37127001,51.7849,80.2663,484,29457,0.643999,0.37,1,531338,530854,484
37129921,51.957,52.0533,491,29529,0.6648,0.37,1,531390,530899,491
37132841,80.7914,52.0107,527,29601,0.68496,0.39,1,531478,530951,527
37135761,32.9583,79.2021,462,29673,0.704992,0.41,1,531499,531037,462
37138681,35.3917,31.8404,478,29744,0.724998,0.47,1,531535,531057,478
37141601,26.2783,31.9681,470,29815,0.761,0.51,2,531559,531089,470
37144521,6.85567,25.5936,448,29886,0.7682,0.55,2,531561,531113,448
37147441,46.9711,49.1187,450,29957,0.81764,0.59,2,531618,531168,450
37150361,34.9942,34.6237,451,30028,0.795528,0.63,2,531650,531199,451
37153281,84.5988,82.9247,453,30098,0.855106,0.65,2,531747,531294,453
37156201,52.9198,51.7849,454,30168,0.819021,0.67,2,531792,531338,454
37159121,52.984,51.957,455,30238,0.875804,0.69,2,531845,531390,455
37162041,81.7968,80.7914,456,30308,0.887161,0.71,2,531934,531478,456
37164961,33.9594,32.9583,457,30378,0.889432,0.73,2,531956,531499,457
37167881,37.9919,35.3917,460,30448,0.873886,0.77,2,531995,531535,460
37170801,26.7984,26.2783,460,30518,0.918777,0.77,2,532019,531559,460
37293441,21,10,498,33306,0.87,1,2,533943,533445,498
37296361,32.2,31.6,496,33370,0.726,1,1,533978,533482,496
37299281,33.64,33.52,496,33433,0.5692,1,1,534012,533516,496
37302201,29.928,29.904,496,33496,0.45784,1,1,534041,533545,496
37305121,59.5856,72.3808,480,33559,0.243568,1,1,534108,533628,480
37308041,62.3171,54.4762,493,33622,0.0887136,1,1,534171,533678,493
37310961,46.8634,57.2952,478,33685,0.0417427,1,1,534214,533736,478
37313881,83.7727,85.859,478,33748,0.0483485,0.97,1,534307,533829,478
37316801,32.7545,37.9718,472,33811,0.0336697,0.84,1,534327,533855,472
37319721,32.1509,37.1944,467,33874,0.0627339,0.87,1,534359,533892,467
37322641,27.2302,31.4389,463,33936,0.0525468,0.87,1,534385,533922,463
37325561,23.846,23.0878,465,33998,0.0505094,0.69,1,534408,533943,465
37328481,21.5692,32.6176,451,34060,0.0181019,0.53,1,534429,533978,451
37331401,27.5138,33.7235,446,34122,0.00362037,0.43,1,534458,534012,446
37334321,23.9028,29.9447,440,34184,0.0407241,0.19,1,534481,534041,440
37337241,51.9806,59.5889,432,34246,0.0481448,0.19,1,534540,534108,432
37340161,53.5961,11.9178,486,34308,0.033629,0.05,1,534594,534108,486
37343081,45.9192,52.7836,467,34370,0.00672579,0.03,1,534638,534171,467
37346001,81.1838,44.9567,514,34432,0.0253452,0.05,1,534728,534214,514
37348921,32.2368,83.3913,441,34493,0.029069,0.03,1,534748,534307,441
37351841,32.0474,32.6783,453,34554,0.0298138,0.07,1,534780,534327,453
37354761,27.2095,32.1357,447,34615,0.0139628,0.05,1,534806,534359,447
37357681,23.8419,27.2271,444,34676,0.0907926,0.05,1,534829,534385,444
37360601,21.5684,23.8454,442,34737,0.0581585,0.01,1,534850,534408,442
37363521,27.5137,21.5691,450,34798,0.0676317,0,1,534879,534429,450
37366441,24.7027,27.5138,445,34859,0.0375263,0.05,1,534903,534458,445
37369361,52.9405,23.9028,482,34920,0.0475053,0.05,1,534963,534481,482
37372281,52.1881,51.9806,475,34981,0.0335011,0.03,1,535015,534540,475
37375201,47.2376,53.5961,467,35041,0.0307002,0,1,535061,534594,467
37378121,80.6475,45.9192,512,35101,0.06214,0.03,1,535150,534638,512
37381041,31.3295,81.1838,441,35161,0.020428,0.03,1,535169,534728,441
37383961,32.6659,32.2368,454,35221,0.0280856,0.03,1,535202,534748,454
37386881,28.1332,32.0474,449,35281,0.00561712,0.01,1,535229,534780,449
37389801,26.4266,27.2095,449,35341,0.0251234,0.11,1,535255,534806,449
37392721,18.0853,23.8419,442,35401,0.0290247,0.05,1,535271,534829,442
37395641,29.2171,21.5684,453,35461,0.0298049,0.07,1,535303,534850,453
37398561,23.4434,27.5137,446,35521,0.045961,0.03,1,535325,534879,446
37401481,54.2887,24.7027,484,35581,0.0331922,0.05,1,535387,534903,484
37404401,51.6577,52.9405,475,35640,0.0146384,0.03,1,535438,534963,475
37407321,11.9315,52.1881,425,35699,0.0109277,0.03,1,535440,535015,425
37410241,38.3863,47.2376,424,35758,0.0741855,0.07,1,535485,535061,424
37413161,77.2773,80.6475,422,35817,0.0708371,0.01,1,535572,535150,422
37416081,30.6555,31.3295,422,35876,0.0861674,0.03,1,535591,535169,422
37419001,34.1311,32.6659,424,35935,0.0412335,0,1,535626,535202,424
37421921,27.6262,28.1332,423,35994,0.0162467,0.03,1,535652,535229,423
37424841,26.3252,26.4266,423,36053,0.0592493,0.03,1,535678,535255,423
37427761,18.865,18.0853,424,36112,0.0518499,0.03,1,535695,535271,424
37430681,29.373,29.2171,424,36171,0.03437,0.05,1,535727,535303,424
37433601,22.6746,23.4434,423,36229,0.046874,0.03,1,535748,535325,423
37436521,55.7349,54.2887,425,36287,0.0173748,0.01,1,535812,535387,425
37439441,51.147,51.6577,424,36345,0.043475,0.01,1,535862,535438,424
37442361,11.8294,11.9315,424,36403,0.016695,0.09,1,535864,535440,424
37445281,38.3659,38.3863,424,36461,0.075339,0.07,1,535909,535485,424
37448201,76.4732,77.2773,423,36519,0.0550678,0.09,1,535995,535572,423
37451121,31.2946,30.6555,424,36577,0.0990136,0.03,1,536015,535591,424
37454041,32.6589,34.1311,422,36635,0.123803,0.01,1,536048,535626,422
37456961,27.3318,27.6262,422,36693,0.0647605,0.07,1,536074,535652,422
37459881,27.0664,26.3252,423,36751,0.0689521,0.05,1,536101,535678,423
37462801,18.2133,18.865,422,36809,0.0857904,0.03,1,536117,535695,422
37465721,30.0427,29.373,423,36866,0.105158,0.05,1,536150,535727,423
37468641,22.0085,22.6746,422,36923,0.109032,0.01,1,536170,535748,422
37471561,55.6017,55.7349,422,36980,0.0618063,0.05,1,536234,535812,422
37474481,51.9203,51.147,423,37037,0.0523613,0.01,1,536285,535862,423
37477401,11.9841,11.8294,423,37094,0.0504722,0.09,1,536287,535864,423
37480321,39.1968,38.3659,424,37151,0.0500945,0.09,1,536333,535909,424
37483241,76.6394,7.67318,510,37208,0.0500189,0.05,1,536419,535909,510
37486161,31.3279,70.3346,444,37265,0.0980038,0.11,1,536439,535995,444
37489081,33.4656,30.0669,458,37322,0.123601,0.13,1,536473,536015,458
37492001,24.2931,32.4134,447,37379,0.12872,0.05,1,536495,536048,447
37494921,28.0586,27.2827,450,37436,0.113744,0.07,1,536524,536074,450
37497841,19.2117,27.0565,440,37492,0.158749,0.09,1,536541,536101,440
37500761,30.2423,18.2113,457,37548,0.13575,0.11,1,536574,536117,457
37503681,22.0485,30.0423,444,37604,0.13115,0.11,1,536594,536150,444
37506601,54.8097,22.0085,487,37660,0.11423,0.05,1,536657,536170,487
37509521,50.1619,55.6017,472,37716,0.142846,0.05,1,536706,536234,472
37512441,11.6324,51.9203,423,37772,0.148569,0.05,1,536708,536285,423
37515361,39.1265,11.9841,467,37828,0.117714,0.05,1,536754,536287,467
37518281,80.6253,39.1968,512,37884,0.143543,0.05,1,536845,536333,512
37521201,32.9251,76.6394,447,37940,0.164709,0.11,1,536866,536419,447
37524121,33.785,31.3279,461,37996,0.264942,0.13,1,536900,536439,461
37527041,24.357,33.4656,449,38052,0.284988,0.13,1,536922,536473,449
37529961,28.8714,24.2931,457,38108,0.336998,0.11,1,536952,536495,457
37532881,18.5743,28.0586,444,38163,0.3634,0.17,1,536968,536524,444
37535801,30.1149,19.2117,460,38218,0.35268,0.13,1,537001,536541,460
37538721,22.023,30.2423,447,38273,0.350536,0.13,1,537021,536574,447
37541641,54.0046,22.0485,489,38328,0.382107,0.11,1,537083,536594,489
37544561,51.6009,54.8097,477,38383,0.388421,0.15,1,537134,536657,477
37547481,11.9202,50.1619,430,38438,0.389684,0.15,1,537136,536706,430
37550401,37.584,11.6324,472,38493,0.389937,0.11,1,537180,536708,472
37553321,83.5168,39.1265,521,38548,0.421987,0.15,1,537275,536754,521
37556241,35.9034,80.6253,454,38603,0.444397,0.17,1,537299,536845,454
37559161,8.78067,32.9251,435,38658,0.448879,0.29,1,537301,536866,435
37562081,29.7561,33.785,436,38713,0.449776,0.29,1,537336,536900,436
37565001,24.3512,24.357,437,38768,0.481955,0.35,1,537359,536922,437
37567921,31.2702,28.8714,440,38822,0.472391,0.37,1,537392,536952,440
37570841,19.054,18.5743,440,38876,0.438478,0.35,1,537408,536968,440
37573761,29.4108,30.1149,439,38930,0.431696,0.35,1,537440,537001,439
37576681,21.8822,22.023,439,38984,0.430339,0.39,1,537460,537021,439
37579601,55.5764,54.0046,441,39038,0.462068,0.39,1,537524,537083,441
37582521,51.9153,51.6009,441,39092,0.484414,0.39,1,537575,537134,441
37585441,11.9831,11.9202,441,39146,0.456883,0.39,1,537577,537136,441
37588361,37.5966,37.584,441,39200,0.499377,0.43,1,537621,537180,441
37591281,85.9193,83.5168,444,39254,0.555875,0.45,1,537719,537275,444
37594201,36.3839,35.9034,444,39308,0.583175,0.45,1,537743,537299,444
37597121,8.87677,8.78067,444,39362,0.556635,0.45,1,537745,537301,444
37600041,30.5754,29.7561,445,39416,0.551327,0.49,1,537781,537336,445
37602961,23.7151,24.3512,444,39470,0.566265,0.47,1,537803,537359,444
37605881,30.343,31.2702,443,39524,0.585253,0.43,1,537835,537392,443
37608801,18.8686,19.054,443,39577,0.621051,0.43,1,537851,537408,443
37611721,29.3737,29.4108,443,39630,0.62821,0.43,1,537883,537440,443
37614641,21.8747,21.8822,443,39683,0.661642,0.47,1,537903,537460,443
37617561,57.1749,55.5764,445,39736,0.652328,0.49,1,537969,537524,445
37620481,51.435,51.9153,444,39789,0.730466,0.45,1,538019,537575,444
37623401,11.887,11.9831,444,39842,0.746093,0.51,1,538021,537577,444
37626321,38.3774,37.5966,445,39895,0.781219,0.57,2,538066,537621,445
37629241,88.4755,85.9193,448,39948,0.772244,0.59,2,538167,537719,448
37632161,37.6951,36.3839,449,40001,0.802449,0.55,2,538192,537743,449
37635081,9.13902,8.87677,449,40054,0.77649,0.55,2,538194,537745,449
37638001,29.0278,30.5754,447,40107,0.803298,0.55,2,538228,537781,447
37640921,24.2056,6.11507,470,40160,0.80866,0.57,2,538251,537781,470
37643841,32.0411,18.823,482,40213,0.777732,0.59,2,538285,537803,482
37646761,19.2082,29.3646,466,40266,0.771546,0.63,2,538301,537835,466
37649681,29.4416,18.6729,482,40318,0.770309,0.63,2,538333,537851,482
37652601,23.4883,29.3346,472,40370,0.834062,0.67,2,538355,537883,472
37655521,59.0977,21.8669,520,40422,0.846812,0.65,2,538423,537903,520
37658441,53.4195,57.1734,506,40474,0.849362,0.75,2,538475,537969,506
37661361,12.2839,51.4347,458,40526,0.849873,0.75,2,538477,538019,458
37664281,40.0568,11.8869,503,40578,0.865974,0.79,2,538524,538021,503
37667201,88.8114,38.3774,559,40630,0.885195,0.77,2,538625,538066,559
37670121,38.5623,88.4755,484,40682,0.889039,0.81,2,538651,538167,484
37673041,9.31245,37.6951,461,40734,0.889808,0.77,2,538653,538192,461
37675961,29.0625,9.13902,493,40786,0.921962,0.81,2,538687,538194,493
37857001,135,98,566,19925,0.49,0.97,1,541011,540445,566
37859921,84.6,126,505,20031,0.458,0.85,1,541083,540578,505
37862841,56.92,74,494,20137,0.4836,0.85,1,541133,540639,494
37865761,57.784,69.2,484,20242,0.52072,0.77,1,541191,540707,484
37868681,22.7568,41.84,463,20347,0.528144,0.65,1,541205,540742,463
37871601,97.3514,26.768,556,20451,0.545629,0.57,1,541321,540765,556
37874521,126.67,94.1536,579,20555,0.565126,0.49,1,541455,540876,579
37877441,82.1341,126.831,515,20658,0.553025,0.45,1,541526,541011,515
37880361,58.0268,82.9661,495,20761,0.550605,0.49,1,541578,541083,495
37883281,59.6054,56.5932,505,20863,0.582121,0.53,1,541638,541133,505
37886201,21.5211,57.7186,459,20965,0.604424,0.53,1,541650,541191,459
37889121,5.90421,22.7437,447,21066,0.608885,0.55,1,541652,541205,447
37892041,95.5808,97.3487,449,21167,0.609777,0.57,1,541770,541321,449
37894961,125.516,126.67,448,21267,0.705955,0.55,1,541903,541455,448
37897881,82.7032,82.1339,449,21367,0.773191,0.55,2,541975,541526,449
37900801,58.9406,58.0268,450,21466,0.802638,0.59,2,542028,541578,450
37903721,61.3881,59.6054,452,21565,0.840528,0.61,2,542090,541638,452
37906641,21.8776,21.5211,452,21663,0.816106,0.61,2,542102,541650,452
37909561,5.97552,5.90421,452,21761,0.843221,0.61,2,542104,541652,452
37912481,97.1951,95.5808,454,21858,0.848644,0.73,2,542224,541770,454
37915401,129.039,125.516,458,21955,0.897729,0.79,2,542361,541903,458
38020521,37,67,490,25198,0.67,1,1,544594,544104,490
38023441,118.6,123,492,25282,0.43,1,1,544733,544241,492
38026361,62.92,66.2,489,25366,0.318,1,1,544782,544293,489
38029281,50.184,51.64,488,25450,0.3916,1,1,544829,544341,488
38032201,49.2368,10.328,537,25533,0.48632,0.99,1,544878,544341,537
38035121,59.4474,54.0656,534,25616,0.521264,0.97,1,544940,544406,534
38038041,41.4895,64.4131,504,25699,0.528253,0.75,1,544977,544473,504
38040961,36.2979,49.6826,493,25781,0.481651,0.69,1,545012,544519,493
38043881,33.6596,40.3365,488,25863,0.48833,0.67,1,545045,544557,488
38046801,113.132,37.6673,584,25945,0.409666,0.37,1,545178,544594,584
38049721,59.4264,118.733,491,26027,0.393933,0.29,1,545224,544733,491
38052641,47.0853,62.9467,486,26108,0.358787,0.41,1,545268,544782,486
38055561,54.2171,50.1893,495,26189,0.255757,0.51,1,545324,544829,495
38058481,60.4434,49.2379,508,26270,0.187151,0.53,1,545386,544878,508
38061401,42.4887,59.4476,484,26351,0.0934303,0.53,1,545424,544940,484
38064321,34.0977,41.4895,479,26431,0.0746861,0.47,1,545456,544977,479
38067241,34.0195,36.2979,478,26511,0.0549372,0.49,1,545490,545012,478
38070161,109.204,33.6596,573,26591,0.0349874,0.39,1,545618,545045,573
38073081,57.0408,113.132,484,26671,0.0469975,0.39,1,545662,545178,484
38076001,45.0082,59.4264,480,26750,0.0653995,0.35,1,545704,545224,480
38078921,50.6016,47.0853,488,26829,0.0850799,0.23,1,545756,545268,488
38081841,57.3203,54.2171,491,26908,0.153016,0.17,1,545815,545324,491
38084761,13.0641,60.4434,431,26987,0.166603,0.07,1,545817,545386,431
38087681,28.2128,42.4887,425,27065,0.217321,0.07,1,545849,545424,425
38090601,32.0426,34.0977,426,27143,0.227464,0.05,1,545882,545456,426
38093521,31.2085,34.0195,423,27221,0.261493,0.03,1,545913,545490,423
38096441,109.442,109.204,424,27299,0.300299,0.05,1,546042,545618,424
38099361,57.0883,57.0408,424,27377,0.30806,0.07,1,546086,545662,424
38102281,45.8177,45.0082,425,27454,0.357612,0.09,1,546129,545704,425
38105201,52.3635,50.6016,427,27531,0.431522,0.17,1,546183,545756,427
38108121,60.8727,57.3203,431,27608,0.462305,0.17,1,546246,545815,431
38111041,13.7745,13.0641,431,27685,0.468461,0.23,1,546248,545817,431
38113961,28.3549,28.2128,431,27761,0.485692,0.23,1,546280,545849,431
38116881,33.671,32.0426,433,27837,0.473138,0.27,1,546315,545882,433
38119801,31.5342,31.2085,433,27913,0.550628,0.31,1,546346,545913,433
38122721,112.707,109.442,437,27989,0.566126,0.31,1,546479,546042,437
38125641,57.7414,57.0883,437,28065,0.617225,0.37,1,546523,546086,437
38128561,49.9483,45.8177,442,28140,0.611445,0.45,1,546571,546129,442
38131481,54.7897,52.3635,444,28215,0.674289,0.47,1,546627,546183,444
38134401,60.5579,60.8727,443,28290,0.702858,0.47,1,546689,546246,443
38137321,13.7116,13.7745,443,28365,0.708572,0.47,1,546691,546248,443
38140241,28.3423,2.75491,475,28440,0.709714,0.49,1,546723,546248,475
38143161,35.2685,26.151,480,28514,0.725943,0.47,1,546760,546280,480
38146081,33.4537,33.2302,478,28588,0.697189,0.57,1,546793,546315,478
38149001,115.491,31.446,583,28662,0.739438,0.57,1,546929,546346,583
38151921,58.2981,112.689,494,28736,0.763888,0.63,2,546973,546479,494
38154841,51.6596,57.7378,500,28810,0.768778,0.61,2,547023,546523,500
38157761,55.9319,49.9476,509,28883,0.817756,0.69,2,547080,546571,509
38160681,63.1864,54.7895,518,28956,0.779551,0.71,2,547145,546627,518
38163601,14.2373,60.5579,458,29029,0.77191,0.71,2,547147,546689,458
38166521,28.4475,13.7116,488,29102,0.770382,0.71,2,547179,546691,488
38169441,35.2895,28.3423,493,29175,0.818076,0.73,2,547216,546723,493
38172361,33.4579,35.2685,489,29248,0.859615,0.69,2,547249,546760,489
38175281,117.092,33.4537,594,29320,0.915923,0.75,2,547387,546793,594
38178201,59.4183,115.491,503,29392,0.911185,0.77,2,547432,546929,503
38181121,53.4837,58.2981,511,29464,0.910237,0.77,2,547484,546973,511
38184041,57.0967,51.6596,519,29536,0.926047,0.83,2,547542,547023,519
38186961,61.0193,55.9319,524,29608,0.94521,0.77,2,547604,547080,524
38300841,68,36,544,32277,0.55,1,1,549446,548902,544
38303761,43.2,55.2,521,32343,0.47,1,1,549483,548962,521
38306681,78.24,59.84,547,32408,0.166,1,1,549570,549023,547
38309601,46.048,62.368,522,32473,0.0572,1,1,549608,549086,522
38312521,31.6096,38.0736,518,32538,0.01144,1,1,549636,549118,518
38315441,24.7219,34.8147,507,32603,0.002288,1,1,549659,549152,507
38318361,16.9444,29.3629,494,32668,0.0244576,0.97,1,549674,549180,494
38321281,44.1889,20.2726,527,32733,0.0448915,1,1,549725,549198,527
38324201,25.6378,52.8545,487,32798,0.0489783,0.8,1,549746,549259,487
38327121,49.1276,73.7709,463,32862,0.0337957,0.75,1,549801,549338,463
38330041,37.0255,46.7542,457,32926,0.0307591,0.55,1,549835,549378,457
38332961,53.8051,63.7508,447,32990,0.0781518,0.45,1,549893,549446,447
38335881,35.561,42.3502,441,33054,0.0876304,0.09,1,549924,549483,441
38338801,64.7122,78.07,426,33118,0.105526,0.03,1,549996,549570,426
38341721,42.5424,46.014,425,33182,0.0931052,0,1,550033,549608,425
38344641,30.9085,31.6028,425,33246,0.058621,0,1,550061,549636,425
38347561,22.9817,24.7206,423,33310,0.0197242,0.03,1,550082,549659,423
38350481,16.5963,16.9441,423,33373,0.0439448,0.05,1,550097,549674,423
38353401,47.3193,44.1888,427,33436,0.032789,0.05,1,550152,549725,427
38356321,22.2639,25.6378,422,33499,0.110558,0.03,1,550168,549746,422
38359241,48.4528,49.1276,422,33562,0.0461116,0.03,1,550223,549801,422
38362161,38.4906,37.0255,424,33625,0.0972223,0.09,1,550259,549835,424
38365081,53.2981,53.8051,423,33688,0.0914445,0.09,1,550316,549893,423
38368001,36.2596,35.561,424,33751,0.0902889,0.11,1,550348,549924,424
38370921,65.6519,64.7122,425,33814,0.0900578,0.09,1,550421,549996,425
38373841,40.3304,42.5424,422,33877,0.122012,0.05,1,550455,550033,422
38376761,30.4661,30.9085,422,33939,0.0964023,0.01,1,550483,550061,422
38379681,23.6932,22.9817,423,34001,0.0592805,0.05,1,550505,550082,423
38382601,15.9386,16.5963,422,34063,0.0678561,0.03,1,550519,550097,422
38385521,47.9877,47.3193,423,34125,0.0215712,0.13,1,550575,550152,423
38388441,25.5975,22.2639,427,34187,0.0443142,0.03,1,550595,550168,427
38391361,45.1195,48.4528,422,34249,0.0648628,0.03,1,550645,550223,422
38394281,41.0239,9.69055,462,34311,0.0369726,0.11,1,550685,550223,462
38397201,51.4048,30.7381,480,34373,0.0313945,0.09,1,550739,550259,480
38400121,35.881,51.7476,455,34435,0.0302789,0.09,1,550771,550316,455
38403041,67.1762,35.9495,498,34496,0.0300558,0.09,1,550846,550348,498
38405961,42.2352,65.5899,461,34557,0.0780112,0.13,1,550882,550421,461
38408881,29.247,40.318,453,34618,0.103602,0.09,1,550908,550455,453
38411801,21.0494,30.4636,444,34679,0.12472,0.05,1,550927,550483,444
38414721,16.2099,23.6927,437,34740,0.0809441,0.07,1,550942,550505,437
38417641,46.442,15.9385,477,34801,0.0401888,0.01,1,550996,550519,477
38420561,26.8884,47.9877,443,34862,0.0320378,0.05,1,551018,550575,443
38423481,44.5777,25.5975,472,34923,0.0304076,0.07,1,551067,550595,472
38426401,40.9155,45.1195,462,34984,0.0620815,0.03,1,551107,550645,462
38429321,51.3831,41.0239,476,35044,0.0844163,0.03,1,551161,550685,476
38432241,36.6766,51.4048,455,35104,0.120883,0.03,1,551194,550739,455
38435161,66.5353,35.881,497,35164,0.112177,0.03,1,551268,550771,497
38438081,44.5071,67.1762,461,35224,0.0944353,0.09,1,551307,550846,461
38441001,30.5014,42.2352,452,35284,0.122887,0.11,1,551334,550882,452
38443921,20.5003,29.247,444,35344,0.128577,0.13,1,551352,550908,444
38446841,16.9001,21.0494,441,35404,0.161715,0.07,1,551368,550927,441
38449761,43.38,16.2099,476,35464,0.168343,0.03,1,551418,550942,476
38452681,26.276,46.442,444,35524,0.185669,0.03,1,551440,550996,444
38455601,44.4552,26.8884,471,35584,0.173134,0.03,1,551489,551018,471
38458521,42.491,44.5777,464,35643,0.186627,0.07,1,551531,551067,464
38461441,10.0982,40.9155,426,35702,0.189325,0.09,1,551533,551107,426
38464361,45.2196,51.3831,426,35761,0.253865,0.13,1,551587,551161,426
38467281,35.4439,36.6766,426,35820,0.282773,0.11,1,551620,551194,426
38470201,67.0888,66.5353,427,35879,0.304555,0.09,1,551695,551268,427
38473121,43.8178,44.5071,426,35938,0.308911,0.13,1,551733,551307,426
38476041,31.9636,30.5014,428,35997,0.325782,0.13,1,551762,551334,428
38478961,21.5927,20.5003,429,36056,0.313156,0.17,1,551781,551352,429
38481881,17.9185,16.9001,430,36115,0.326631,0.17,1,551798,551368,430
38484801,43.5837,43.38,430,36174,0.377326,0.19,1,551848,551418,430
38487721,27.1167,26.276,431,36232,0.387465,0.17,1,551871,551440,431
38490641,44.6233,44.4552,431,36290,0.389493,0.19,1,551920,551489,431
38493561,42.5247,42.491,431,36348,0.421899,0.19,1,551962,551531,431
38496481,10.1049,10.0982,431,36406,0.42838,0.27,1,551964,551533,431
38499401,46.821,45.2196,433,36464,0.429676,0.29,1,552020,551587,433
38502321,36.5642,35.4439,434,36522,0.413935,0.31,1,552054,551620,434
38505241,68.1128,67.0888,435,36580,0.506787,0.31,1,552130,551695,435
38508161,44.0226,43.8178,435,36638,0.493357,0.33,1,552168,551733,435
38511081,32.8045,31.9636,436,36696,0.490672,0.31,1,552198,551762,436
38514001,24.1609,21.5927,439,36754,0.506134,0.33,1,552220,551781,439
38516921,17.6322,17.9185,438,36811,0.589227,0.39,1,552236,551798,438
38519841,45.1264,43.5837,440,36868,0.589845,0.39,1,552288,551848,440
38522761,26.6253,27.1167,439,36925,0.621969,0.39,1,552310,551871,439
38525681,46.1251,44.6233,441,36982,0.580394,0.43,1,552361,551920,441
38528601,42.825,42.5247,441,37039,0.604079,0.43,1,552403,551962,441
38531521,10.165,10.1049,441,37096,0.608816,0.43,1,552405,551964,441
38534441,46.833,46.821,441,37153,0.657763,0.43,1,552461,552020,441
38537361,36.5666,9.3642,475,37210,0.683553,0.41,1,552495,552020,475
38540281,71.3133,29.0728,521,37267,0.704711,0.53,1,552575,552054,521
38543201,44.6627,66.6146,483,37324,0.708942,0.49,1,552613,552130,483
38546121,32.9325,43.7229,475,37381,0.709788,0.49,1,552643,552168,475
38549041,27.3865,32.7446,471,37438,0.677958,0.51,1,552669,552198,471
38551961,18.2773,24.1489,465,37494,0.703592,0.61,1,552685,552220,465
38554881,46.0555,17.6298,502,37550,0.724718,0.59,1,552738,552236,502
38557801,26.8111,45.126,472,37606,0.728944,0.63,1,552760,552288,472
38560721,46.1622,26.6252,501,37662,0.729789,0.57,1,552811,552310,501
38563641,44.4324,46.125,494,37718,0.745958,0.61,1,552855,552361,494
38566561,10.4865,42.825,454,37774,0.749192,0.61,1,552857,552403,454
38569481,48.4973,10.165,510,37830,0.749838,0.67,1,552915,552405,510
38572401,37.6995,46.833,489,37886,0.733968,0.69,1,552950,552461,489
38575321,72.3399,36.5666,536,37942,0.794794,0.71,2,553031,552495,536
38578241,44.868,71.3133,494,37998,0.854959,0.71,2,553069,552575,494
38581161,32.9736,44.6627,486,38054,0.882992,0.71,2,553099,552613,486
38584081,27.3947,32.9325,482,38110,0.888598,0.67,2,553125,552643,482
38587001,18.2789,27.3865,472,38165,0.85772,0.71,2,553141,552669,472
38589921,46.8558,18.2773,510,38220,0.867544,0.73,2,553195,552685,510
38592841,26.9712,46.0555,479,38275,0.869509,0.73,2,553217,552738,479
38595761,48.5942,26.8111,511,38330,0.885902,0.73,2,553271,552760,511
38598681,43.3188,46.1622,502,38385,0.92118,0.75,2,553313,552811,502
38601601,10.2638,44.4324,460,38440,0.928236,0.75,2,553315,552855,460
38738841,29,26,521,40944,0.89,1,2,555076,554555,521
38741761,34.6,29.2,527,40996,0.842,1,2,555112,554585,527
38744681,30.12,30.64,525,41047,0.7204,1,1,555141,554616,525
38747601,30.024,26.928,529,41098,0.66408,1,1,555171,554642,529
38750521,34.8048,38.9856,523,41149,0.556816,1,1,555207,554684,523
38753441,34.161,47.7971,507,41200,0.455363,1,1,555241,554734,507
38756361,42.0322,34.3594,520,41251,0.323073,1,1,555285,554765,520
38759281,32.4064,33.2719,517,41302,0.248615,1,1,555315,554798,517
38762201,80.0813,41.0544,566,41353,0.233723,1,1,555407,554841,566
38765121,32.8163,79.4109,498,41404,0.246745,0.93,1,555428,554930,498
38768041,28.1633,35.0822,501,41455,0.201349,0.95,1,555455,554954,501
38770961,28.8327,31.8164,499,41506,0.19227,0.91,1,555484,554985,499
38773881,7.36653,32.7633,468,41557,0.190454,0.9,1,555486,555018,468
38776801,20.6733,29.7527,463,41608,0.158091,0.89,1,555510,555047,463
38779721,23.3347,29.1505,458,41659,0.103618,0.83,1,555534,555076,458
38782641,32.6669,34.6301,457,41710,0.156724,0.69,1,555569,555112,457
38785561,25.7334,30.126,452,41761,0.151345,0.65,1,555593,555141,452
38788481,29.9467,30.0252,453,41812,0.118269,0.53,1,555624,555171,453
38791401,29.9893,34.805,447,41862,0.159654,0.43,1,555654,555207,447
38794321,27.5979,34.161,440,41912,0.151931,0.29,1,555681,555241,440
38797241,36.7196,42.0322,435,41962,0.182386,0.23,1,555720,555285,435
38800161,31.3439,32.4064,435,42012,0.188477,0.23,1,555750,555315,435
38803081,79.0688,80.0813,434,42062,0.269695,0.25,1,555841,555407,434
38806001,31.8138,32.8163,433,42112,0.285939,0.19,1,555861,555428,433
38808921,27.9628,28.1633,433,42162,0.241188,0.19,1,555888,555455,433
38811841,27.1926,28.8327,431,42212,0.312238,0.19,1,555915,555484,431
38814761,7.03851,7.36653,431,42262,0.326447,0.15,1,555917,555486,431
38817681,18.2077,20.6733,428,42312,0.281289,0.09,1,555938,555510,428
38820601,21.2415,23.3347,426,42362,0.288258,0.17,1,555960,555534,426
38823521,33.8483,32.6669,428,42412,0.273652,0.15,1,555997,555569,428
38826441,25.9697,25.7334,428,42462,0.35073,0.11,1,556021,555593,428
38829361,29.1939,29.9467,427,42512,0.414146,0.17,1,556051,555624,427
38832281,32.2388,29.9893,430,42562,0.458829,0.15,1,556084,555654,430
38835201,25.6478,27.5979,427,42612,0.435766,0.19,1,556108,555681,427
38838121,38.7296,36.7196,430,42662,0.463153,0.19,1,556150,555720,430
38841041,32.5459,31.3439,431,42711,0.484631,0.29,1,556181,555750,431
38843961,83.3092,79.0688,436,42760,0.456926,0.29,1,556277,555841,436
38846881,31.0618,31.8138,434,42809,0.515385,0.23,1,556295,555861,434
38849801,28.6124,27.9628,435,42858,0.495077,0.33,1,556323,555888,435
38852721,26.5225,27.1926,434,42907,0.523015,0.33,1,556349,555915,434
38855641,6.90449,7.03851,434,42956,0.528603,0.27,1,556351,555917,434
38858561,18.9809,18.2077,435,43005,0.545721,0.27,1,556373,555938,435
38861481,21.3962,3.64154,457,43054,0.517144,0.29,1,556395,555938,457
38864401,33.0792,18.3283,471,43103,0.543429,0.27,1,556431,555960,471
38867321,29.8158,33.2657,463,43152,0.548686,0.37,1,556460,555997,463
38870241,30.7632,25.8531,470,43201,0.549737,0.43,1,556491,556021,470
38873161,34.1526,29.1706,475,43250,0.533947,0.47,1,556526,556051,475
38876081,26.0305,32.2341,466,43299,0.530789,0.43,1,556550,556084,466
38879001,40.4061,25.6468,486,43348,0.530158,0.47,1,556594,556108,486
38881921,32.8812,38.7294,475,43397,0.562032,0.49,1,556625,556150,475
38884841,83.3762,32.5459,540,43446,0.568406,0.45,1,556721,556181,540
38887761,31.8752,83.3092,463,43495,0.553681,0.53,1,556740,556277,463
38890681,28.775,31.0618,473,43544,0.566736,0.49,1,556768,556295,473
38893601,27.355,28.6124,472,43592,0.569347,0.53,1,556795,556323,472
38896521,7.071,26.5225,448,43640,0.569869,0.53,1,556797,556349,448
38899441,19.0142,6.90449,468,43688,0.601974,0.55,1,556819,556351,468
38902361,21.4028,18.9809,468,43736,0.608395,0.51,1,556841,556373,468
38905281,34.6806,21.3962,484,43784,0.641679,0.55,1,556879,556395,484
38908201,30.9361,33.0792,478,43832,0.680336,0.55,1,556909,556431,478
38911121,30.1872,29.8158,479,43880,0.720067,0.55,1,556939,556460,479
38914041,33.2374,30.7632,482,43928,0.760013,0.53,2,556973,556491,482
38916961,25.8475,34.1526,471,43976,0.784003,0.53,2,556997,556526,471
38919881,40.3695,26.0305,491,44024,0.7888,0.53,2,557041,556550,491
38922801,33.6739,40.4061,479,44072,0.75776,0.57,2,557073,556594,479
38925721,84.3348,32.8812,545,44120,0.735552,0.57,1,557170,556625,545
38928641,31.267,83.3762,467,44168,0.74711,0.55,1,557188,556721,467
38931561,30.2534,31.8752,478,44216,0.813422,0.57,2,557218,556740,478
38934481,28.4507,28.775,478,44264,0.826684,0.57,2,557246,556768,478
38937401,7.29014,27.355,453,44312,0.829337,0.57,2,557248,556795,453
38940321,19.058,7.071,473,44360,0.845867,0.61,2,557270,556797,473
38943241,22.2116,19.0142,474,44408,0.865173,0.61,2,557293,556819,474
38946161,35.6423,21.4028,491,44456,0.869035,0.65,2,557332,556841,491
38949081,8.72846,34.6806,455,44503,0.869807,0.69,2,557334,556879,455
38952001,26.5457,30.9361,456,44550,0.885961,0.73,2,557365,556909,456
38954921,30.9091,30.1872,458,44597,0.873192,0.77,2,557397,556939,458
38957841,34.9818,33.2374,460,44644,0.934638,0.79,2,557433,556973,460
39149101,30,18,462,21270,0.39,0.67,1,559800,559338,462
39152021,34,12.4,486,21370,0.342,0.59,1,559835,559349,486
39154941,115.6,59.28,551,21469,0.3964,0.45,1,559971,559420,551
39157861,62.32,121.456,463,21568,0.42328,0.43,1,560020,559557,463
39160781,78.064,66.6912,492,21666,0.476656,0.37,1,560102,559610,492
39163701,47.6128,71.7382,459,21764,0.519331,0.37,1,560142,559683,459
39166621,61.5226,71.9476,452,21861,0.543866,0.39,1,560207,559755,452
39169541,38.7045,50.3895,440,21958,0.580773,0.33,1,560240,559800,440
39172461,34.1409,38.0779,438,22055,0.604155,0.41,1,560273,559835,438
39175381,120.428,116.416,444,22151,0.656831,0.43,1,560415,559971,444
39178301,64.0856,62.4831,445,22247,0.667366,0.49,1,560465,560020,445
39181221,80.0171,78.0966,447,22342,0.701473,0.53,1,560549,560102,447
39184141,48.8034,47.6193,448,22437,0.724295,0.55,1,560590,560142,448
39187061,62.5607,61.5239,449,22532,0.664859,0.55,1,560656,560207,449
39189981,38.1121,12.3048,481,22626,0.668972,0.59,1,560688,560207,481
39192901,34.8224,28.861,482,22720,0.685794,0.61,1,560722,560240,482
39195821,124.564,32.1722,596,22813,0.801159,0.67,2,560869,560273,596
39198741,64.9129,120.034,504,22906,0.856232,0.67,2,560919,560415,504
39201661,80.1826,64.0069,538,22999,0.851246,0.71,2,561003,560465,538
39204581,49.6365,80.0014,496,23091,0.866249,0.73,2,561045,560549,496
39207501,61.9273,48.8003,520,23183,0.85325,0.65,2,561110,560590,520
39210421,37.9855,62.5601,486,23274,0.91465,0.67,2,561142,560656,486
39306781,29,31,512,26111,0.81,1,2,563106,562594,512
39309701,87.4,29.4,585,26192,0.794,1,2,563208,562623,585
39312621,79.88,98.68,547,26273,0.7588,1,2,563286,562739,547
39315541,75.176,78.936,547,26354,0.68776,0.95,1,563360,562813,547
39318461,48.6352,77.3872,512,26434,0.609552,1,1,563402,562890,512
39321381,57.727,53.0774,525,26514,0.62591,0.93,1,563462,562937,525
39324301,42.7454,59.4155,503,26594,0.629182,0.85,1,563501,562998,503
39327221,35.7491,47.0831,493,26674,0.597836,0.79,1,563535,563042,493
39330141,29.5498,37.4166,486,26753,0.591567,0.81,1,563563,563077,486
39333061,85.91,30.6833,557,26832,0.654314,0.79,1,563663,563106,557
39335981,81.982,87.7367,536,26911,0.698863,0.75,1,563744,563208,536
39338901,17.9964,79.9473,460,26990,0.707772,0.67,1,563746,563286,460
39341821,57.9993,75.1895,454,27068,0.709554,0.59,1,563814,563360,454
39344741,43.5999,48.6379,452,27146,0.725911,0.63,1,563854,563402,452
39347661,55.92,57.7276,451,27224,0.841182,0.63,2,563913,563462,451
39350581,43.984,42.7455,453,27302,0.864236,0.59,2,563954,563501,453
39353501,34.3968,35.7491,451,27380,0.884847,0.59,2,563986,563535,451
39356421,30.8794,29.5498,453,27457,0.920969,0.67,2,564016,563563,453
39502421,45,35,490,31076,0.55,1,1,566640,566150,490
39505341,33,26.2,496,31144,0.518,1,1,566670,566174,496
39508261,53,55.64,491,31212,0.2716,1,1,566728,566237,491
39511181,29.8,39.928,479,31280,0.20632,1,1,566752,566273,479
39514101,32.36,7.9856,512,31348,0.209264,1,1,566785,566273,512
39517021,37.672,24.7971,522,31415,0.0658528,1,1,566824,566302,522
39519941,33.9344,41.7594,509,31482,0.0531706,1,1,566857,566348,509
39522861,31.5869,37.9519,503,31549,0.0186341,0.98,1,566888,566385,503
39525781,60.7174,33.1904,539,31616,0.0117268,0.92,1,566956,566417,539
39528701,87.3435,63.4381,562,31683,0.0263454,0.75,1,567050,566488,562
39531621,47.0687,98.2876,492,31750,0.0452691,0.55,1,567087,566595,492
39534541,31.0137,55.6575,474,31817,0.0490538,0.51,1,567114,566640,474
39537461,43.0027,35.1315,490,31883,0.0338108,0.21,1,567160,566670,490
39540381,25.4005,53.4263,453,31949,0.0787622,0.19,1,567181,566728,453
39543301,30.6801,29.8853,461,32015,0.0877524,0.21,1,567213,566752,461
39546221,32.536,32.3771,461,32081,0.0735505,0.03,1,567246,566785,461
39549141,32.1072,37.6754,454,32147,0.0387101,0.05,1,567278,566824,454
39552061,31.2214,33.9351,452,32213,0.031742,0.01,1,567309,566857,452
39554981,60.6443,31.587,489,32279,0.0463484,0.01,1,567377,566888,489
39557901,88.1289,60.7174,516,32345,0.0812697,0.03,1,567472,566956,516
39560821,46.4258,87.3435,458,32410,0.0722539,0.05,1,567508,567050,458
39563741,32.4852,47.0687,450,32475,0.0384508,0.05,1,567537,567087,450
39566661,44.097,31.0137,470,32540,0.0796902,0.03,1,567584,567114,470
39569581,28.0194,43.0027,448,32605,0.119938,0.09,1,567608,567160,448
39572501,29.6039,25.4005,457,32670,0.143988,0.09,1,567638,567181,457
39575421,32.3208,30.6801,458,32735,0.180798,0.07,1,567671,567213,458
39578341,8.06415,32.536,427,32800,0.15616,0.03,1,567673,567246,427
39581261,24.0128,32.1072,423,32864,0.135232,0.03,1,567701,567278,423
39584181,29.6026,31.2214,423,32928,0.115046,0.05,1,567732,567309,423
39587101,62.7205,60.6443,426,32992,0.0470093,0.09,1,567803,567377,426
39590021,86.1441,88.1289,423,33056,0.0494019,0.07,1,567895,567472,423
39592941,46.0288,46.4258,423,33120,0.0658804,0.03,1,567931,567508,423
39595861,34.8058,32.4852,426,33184,0.0531761,0.09,1,567963,567537,426
39598781,46.1612,44.097,428,33248,0.0826352,0.13,1,568012,567584,428
39601701,28.4322,28.0194,428,33312,0.104527,0.15,1,568036,567608,428
39604621,30.4864,29.6039,429,33375,0.0609054,0.19,1,568067,567638,429
39607541,33.2973,32.3208,430,33438,0.0521811,0.15,1,568101,567671,430
39610461,8.25946,8.06415,430,33501,0.0504362,0.13,1,568103,567673,430
39613381,23.2519,24.0128,429,33564,0.0340872,0.11,1,568130,567701,429
39616301,27.8504,29.6026,427,33627,0.0468175,0.03,1,568159,567732,427
39619221,59.9701,62.7205,424,33690,0.0333635,0.05,1,568227,567803,424
39622141,83.994,86.1441,422,33753,0.0466727,0.07,1,568317,567895,422
39625061,46.3988,46.0288,423,33816,0.0493345,0.05,1,568354,567931,423
39627981,35.6798,34.8058,424,33879,0.0658669,0.09,1,568387,567963,424
39630901,47.136,46.1612,425,33941,0.0691734,0.11,1,568437,568012,425
39633821,28.6272,28.4322,425,34003,0.101835,0.05,1,568461,568036,425
39636741,29.7254,30.4864,424,34065,0.140367,0.05,1,568491,568067,424
39639661,31.5451,33.2973,422,34127,0.132073,0.05,1,568523,568101,422
39642581,7.90902,8.25946,422,34189,0.162415,0.03,1,568525,568103,422
39645501,23.1818,23.2519,422,34251,0.168483,0.03,1,568552,568130,422
39648421,28.6364,4.65038,452,34313,0.153697,0.05,1,568582,568130,452
39651341,58.5273,24.1301,489,34375,0.134739,0.03,1,568648,568159,489
39654261,85.3055,59.226,513,34437,0.130948,0.05,1,568740,568227,513
39657181,46.6611,83.8452,460,34498,0.11419,0.05,1,568777,568317,460
39660101,36.5322,46.369,457,34559,0.110838,0.07,1,568811,568354,457
39663021,46.5064,35.6738,473,34620,0.0941676,0.07,1,568860,568387,473
39665941,30.1013,47.1348,449,34681,0.122834,0.11,1,568886,568437,449
39668861,30.8203,28.627,456,34742,0.160567,0.15,1,568917,568461,456
39671781,32.5641,29.7254,459,34803,0.168113,0.13,1,568950,568491,459
39674701,8.11281,31.5451,429,34864,0.169623,0.17,1,568952,568523,429
39677621,23.2226,7.90902,454,34925,0.185925,0.17,1,568979,568525,454
39680541,29.4445,23.1818,458,34986,0.205185,0.15,1,569010,568552,458
39683461,56.2889,28.6364,491,35046,0.209037,0.13,1,569073,568582,491
39686381,86.4578,58.5273,519,35106,0.257807,0.13,1,569167,568648,519
39689301,46.0916,85.3055,463,35166,0.283561,0.11,1,569203,568740,463
39692221,36.4183,46.6611,460,35226,0.288712,0.11,1,569237,568777,460
39695141,46.4837,36.5322,475,35286,0.273742,0.09,1,569286,568811,475
39698061,32.4967,46.5064,455,35346,0.318749,0.13,1,569315,568860,455
39700981,31.2993,30.1013,460,35406,0.35975,0.17,1,569346,568886,460
39703901,32.6599,30.8203,462,35466,0.41595,0.17,1,569379,568917,462
39706821,8.13197,32.5641,431,35526,0.42719,0.17,1,569381,568950,431
39709741,24.0264,8.11281,457,35586,0.445438,0.19,1,569409,568952,457
39712661,30.4053,23.2226,462,35645,0.481088,0.21,1,569441,568979,462
39715581,7.68106,29.4445,433,35704,0.488218,0.21,1,569443,569010,433
39718501,51.1362,56.2889,432,35763,0.521644,0.27,1,569505,569073,432
39721421,87.8272,86.4578,435,35822,0.592329,0.29,1,569602,569167,435
39724341,47.1654,46.0916,436,35881,0.638466,0.29,1,569639,569203,436
39727261,36.6331,36.4183,436,35940,0.647693,0.27,1,569673,569237,436
39730181,45.7266,46.4837,435,35999,0.649539,0.33,1,569721,569286,435
39733101,34.7453,32.4967,438,36058,0.633908,0.37,1,569753,569315,438
39736021,33.3491,31.2993,440,36117,0.630782,0.43,1,569786,569346,440
39738941,35.4698,32.6599,443,36176,0.646156,0.43,1,569822,569379,443
39741861,8.69396,8.13197,443,36234,0.681231,0.45,1,569824,569381,443
39744781,24.9388,24.0264,444,36292,0.672246,0.49,1,569853,569409,444
39747701,32.9878,30.4053,447,36350,0.654449,0.49,1,569888,569441,447
39750621,8.19755,7.68106,447,36408,0.65089,0.53,1,569890,569443,447
39753541,52.0395,51.1362,448,36466,0.666178,0.61,1,569953,569505,448
39756461,89.6079,87.8272,450,36524,0.685236,0.65,1,570052,569602,450
39759381,49.1216,47.1654,452,36582,0.673047,0.65,1,570091,569639,452
39762301,37.0243,36.6331,452,36640,0.686609,0.65,1,570125,569673,452
39765221,45.8049,45.7266,452,36698,0.721322,0.63,1,570173,569721,452
39768141,35.561,34.7453,453,36756,0.712264,0.63,1,570206,569753,453
39771061,34.3122,33.3491,454,36813,0.694453,0.65,1,570240,569786,454
39773981,35.6624,35.4698,454,36870,0.706891,0.69,1,570276,569822,454
39776901,8.73249,8.69396,454,36927,0.741378,0.67,1,570278,569824,454
39779821,25.7465,24.9388,455,36984,0.716276,0.65,1,570308,569853,455
39782741,32.3493,32.9878,454,37041,0.695255,0.65,1,570342,569888,454
39785661,8.06986,8.19755,454,37098,0.723051,0.67,1,570344,569890,454
39788581,52.814,52.0395,455,37155,0.79261,0.67,2,570408,569953,455
39791501,89.7628,10.4079,554,37212,0.822522,0.69,2,570507,569953,554
39794421,49.1526,81.2816,494,37269,0.844504,0.67,2,570546,570052,494
39797341,37.0305,47.4563,489,37326,0.848901,0.69,2,570580,570091,489
39800261,45.8061,36.6913,503,37383,0.86578,0.73,2,570628,570125,503
39803181,34.7612,45.7383,487,37440,0.885156,0.71,2,570660,570173,487
39806101,35.7522,35.5476,490,37496,0.889031,0.69,2,570696,570206,490
39809021,35.9504,34.3095,492,37552,0.873806,0.71,2,570732,570240,492
39811941,8.79009,35.6619,458,37608,0.870761,0.75,2,570734,570276,458
39814861,24.958,8.73238,485,37664,0.902152,0.71,2,570763,570278,485
39943341,38,33,487,40058,0.55,1,1,572482,571995,487
39946261,28.4,6.6,513,40111,0.486,1,1,572508,571995,513
39949181,31.28,26.92,513,40164,0.3772,1,1,572540,572027,513
39952101,31.856,32.584,511,40217,0.22744,1,1,572572,572061,511
39955021,35.9712,33.7168,514,40270,0.069488,1,1,572609,572095,514
39957941,33.5942,31.5434,516,40322,0.0218976,0.97,1,572642,572126,516
39960861,29.9188,36.7087,507,40374,0.0283795,1,1,572671,572164,507
39963781,30.7838,32.9417,506,40426,0.0136759,1,1,572702,572196,506
39966701,25.3568,28.1883,503,40478,0.0107352,0.85,1,572726,572223,503
39969621,20.2714,28.8377,493,40530,0.010147,0.94,1,572745,572252,493
39972541,29.6543,25.7675,500,40582,0.0260294,0.97,1,572777,572277,500
39975461,85.9309,30.7535,568,40634,0.0452059,0.85,1,572877,572309,568
39978381,39.5862,89.3507,492,40686,0.0650412,0.75,1,572905,572413,492
39981301,28.7172,42.6701,487,40738,0.0530082,0.55,1,572931,572444,487
39984221,19.3434,38.934,466,40790,0.0506016,0.47,1,572948,572482,466
39987141,27.8687,28.5868,470,40842,0.0341203,0.35,1,572978,572508,470
39990061,23.1737,31.3174,460,40894,0.0468241,0.19,1,573000,572540,460
39992981,28.6347,31.8635,458,40946,0.0653648,0.03,1,573030,572572,458
39995901,32.9269,35.9727,455,40998,0.037073,0.01,1,573064,572609,455
39998821,28.9854,33.5945,450,41049,0.0314146,0.03,1,573092,572642,450
40001741,32.1971,29.9189,454,41100,0.0782829,0.01,1,573125,572671,454
40004661,24.8394,30.7838,446,41151,0.0156566,0.01,1,573148,572702,446
40007581,20.1679,25.3568,441,41202,0.0431313,0.01,1,573167,572726,441
40010501,28.8336,20.2714,453,41253,0.0486263,0.03,1,573198,572745,453
40013421,86.5667,29.6543,522,41304,0.0817253,0.05,1,573299,572777,522
40016341,40.5133,85.9309,451,41355,0.120345,0.07,1,573328,572877,451
40019261,28.9027,39.5862,449,41406,0.064069,0.05,1,573354,572905,449
40022181,19.3805,28.7172,440,41457,0.0688138,0.05,1,573371,572931,440
40025101,27.0761,19.3434,452,41508,0.0537628,0.03,1,573400,572948,452
40028021,7.01522,27.8687,424,41559,0.0507526,0.05,1,573402,572978,424
40030941,18.203,23.1737,423,41610,0.0821505,0.07,1,573423,573000,423
40033861,28.4406,28.6347,424,41661,0.12043,0.03,1,573454,573030,424
40036781,31.2881,32.9269,422,41712,0.096086,0.03,1,573486,573064,422
40039701,28.6576,28.9854,422,41763,0.0432172,0.09,1,573514,573092,422
40042621,32.9315,32.1971,423,41814,0.0486434,0,1,573548,573125,423
40045541,24.9863,24.8394,423,41864,0.0177287,0.05,1,573571,573148,423
40048461,20.9973,20.1679,424,41914,0.0275457,0.05,1,573591,573167,424
40051381,28.1995,28.8336,423,41964,0.0295091,0.09,1,573621,573198,423
40054301,87.2399,86.5667,424,42014,0.0459018,0.13,1,573723,573299,424
40057221,42.248,40.5133,426,42064,0.0491804,0.05,1,573754,573328,426
40060141,29.2496,28.9027,426,42114,0.0818361,0.07,1,573780,573354,426
40063061,18.6499,19.3805,425,42164,0.120367,0.05,1,573796,573371,425
40065981,26.13,27.0761,424,42214,0.160073,0.05,1,573824,573400,424
40068901,6.826,7.01522,424,42264,0.168015,0.09,1,573826,573402,424
40071821,20.5652,18.203,427,42314,0.201603,0.13,1,573850,573423,427
40074741,28.113,28.4406,426,42364,0.192321,0.09,1,573880,573454,426
40077661,28.8226,31.2881,423,42414,0.206464,0.03,1,573909,573486,423
40080581,27.3645,28.6576,422,42464,0.193293,0.05,1,573936,573514,422
40083501,32.6729,32.9315,422,42514,0.126659,0.01,1,573970,573548,422
40086421,24.9346,24.9863,422,42564,0.0333317,0.03,1,573993,573571,422
40089341,20.9869,20.9973,422,42614,0.0146663,0.03,1,574013,573591,422
40092261,28.1974,28.1995,422,42664,0.0269333,0.05,1,574043,573621,422
40095181,87.2395,87.2399,422,42713,0.0453867,0.05,1,574145,573723,422
40098101,44.6479,42.248,425,42762,0.0330773,0.09,1,574179,573754,425
40101021,32.1296,29.2496,428,42811,0.0146155,0.13,1,574208,573780,428
40103941,20.0259,18.6499,429,42860,0.0269231,0.17,1,574225,573796,429
40106861,27.2052,26.13,430,42909,0.125385,0.17,1,574254,573824,430
40109781,7.04104,6.826,430,42958,0.145077,0.21,1,574256,573826,430
40112701,20.6082,20.5652,430,43007,0.165015,0.21,1,574280,573850,430
40115621,28.1216,4.11304,460,43056,0.137003,0.19,1,574310,573850,460
40118541,28.0243,24.8226,458,43105,0.147401,0.21,1,574338,573880,458
40121461,24.8049,28.1645,453,43154,0.16548,0.19,1,574362,573909,453
40124381,30.561,27.2329,458,43203,0.185096,0.11,1,574394,573936,458
40127301,22.1122,32.6466,444,43252,0.189019,0.01,1,574414,573970,444
40130221,20.4224,24.9293,441,43301,0.157804,0.01,1,574434,573993,441
40133141,28.0845,20.9859,451,43350,0.0715608,0.03,1,574464,574013,451
40136061,87.2169,28.1972,523,43399,0.0223122,0.05,1,574566,574043,523
40138981,45.4434,87.2394,456,43448,0.0604624,0.03,1,574601,574145,456
40141901,31.4887,44.6479,450,43497,0.0840925,0.01,1,574629,574179,450
40144821,20.6977,32.1296,439,43546,0.104818,0.03,1,574647,574208,439
40147741,31.3395,20.0259,456,43594,0.0929637,0.15,1,574681,574225,456
40150661,7.86791,27.2052,429,43642,0.0905927,0.15,1,574683,574254,429
40153581,20.7736,7.04104,451,43690,0.106119,0.17,1,574707,574256,451
40156501,28.9547,20.6082,458,43738,0.125224,0.13,1,574738,574280,458
40159421,28.9909,28.1216,457,43786,0.129045,0.15,1,574767,574310,457
40162341,25.7982,28.0243,454,43834,0.193809,0.17,1,574792,574338,454
40165261,30.7596,24.8049,462,43882,0.206762,0.19,1,574824,574362,462
40168181,20.5519,30.561,448,43930,0.209352,0.19,1,574842,574394,448
40171101,18.5104,22.1122,446,43978,0.20987,0.15,1,574860,574414,446
40174021,25.3021,20.4224,453,44026,0.225974,0.05,1,574887,574434,453
40176941,86.6604,28.0845,525,44074,0.117195,0.01,1,574989,574464,525
40179861,46.9321,87.2169,460,44122,0.095439,0.07,1,575026,574566,460
40182781,31.7864,45.4434,453,44170,0.107088,0.09,1,575054,574601,453
40185701,21.5573,31.4887,444,44218,0.141418,0.11,1,575073,574629,444
40188621,30.7115,20.6977,459,44266,0.164283,0.09,1,575106,574647,459
40191541,7.74229,31.3395,427,44314,0.168857,0.09,1,575108,574681,427
40194461,21.5485,7.86791,450,44362,0.153771,0.11,1,575133,574683,450
40197381,29.9097,20.7736,458,44410,0.166754,0.13,1,575165,574707,458
40200301,30.7819,28.9547,458,44457,0.185351,0.13,1,575196,574738,458
40203221,7.75639,28.9909,431,44504,0.18907,0.21,1,575198,574767,431
40206141,22.3513,25.7982,432,44551,0.253814,0.21,1,575224,574792,432
40209061,30.0703,30.7596,432,44598,0.282763,0.21,1,575256,574824,432
40211981,20.4141,20.5519,432,44645,0.288553,0.21,1,575274,574842,432
40214901,18.4828,18.5104,432,44692,0.305711,0.23,1,575292,574860,432
40217821,26.0966,25.3021,433,44739,0.325142,0.09,1,575320,574887,433
40220741,81.2193,86.6604,426,44786,0.345028,0.09,1,575415,574989,426
40223661,45.8439,46.9321,426,44833,0.333006,0.11,1,575452,575026,426
40226581,33.1688,31.7864,428,44880,0.330601,0.15,1,575482,575054,428
40229501,22.6338,21.5573,429,44927,0.34612,0.17,1,575502,575073,429
40232421,31.7268,30.7115,430,44974,0.333224,0.17,1,575536,575106,430
40235341,7.94535,7.74229,430,45021,0.330645,0.15,1,575538,575108,430
40238261,21.5891,21.5485,430,45068,0.346129,0.17,1,575563,575133,430
40241181,29.9178,29.9097,430,45115,0.397226,0.19,1,575595,575165,430
40244101,31.5836,30.7819,431,45162,0.423445,0.19,1,575627,575196,431
40247021,7.91671,7.75639,431,45209,0.428689,0.27,1,575629,575198,431
40249941,23.9833,22.3513,433,45256,0.477738,0.29,1,575657,575224,433
40252861,31.1967,30.0703,434,45303,0.519548,0.29,1,575690,575256,434
40255781,20.6393,20.4141,434,45350,0.49591,0.31,1,575708,575274,434
40258701,19.3279,18.4828,435,45397,0.507182,0.33,1,575727,575292,435
40261621,27.0656,26.0966,436,45443,0.461436,0.35,1,575756,575320,436
40264541,82.2131,81.2193,437,45489,0.500287,0.33,1,575852,575415,437
40267461,45.2426,45.8439,436,45535,0.508057,0.33,1,575888,575452,436
40270381,33.0485,33.1688,436,45581,0.477612,0.35,1,575918,575482,436
40273301,23.4097,22.6338,437,45627,0.487522,0.33,1,575939,575502,437
40276221,32.6819,31.7268,438,45673,0.521504,0.33,1,575974,575536,438
40279141,8.13639,7.94535,438,45719,0.496301,0.35,1,575976,575538,438
40282061,21.6273,21.5891,438,45765,0.50726,0.41,1,576001,575563,438
40284981,31.5255,29.9178,440,45811,0.525452,0.43,1,576035,575595,440
40287901,34.3051,31.5836,443,45857,0.57709,0.43,1,576070,575627,443
40290821,8.46102,7.91671,443,45903,0.587418,0.49,1,576072,575629,443
40293741,26.4922,23.9833,446,45949,0.589484,0.49,1,576103,575657,446
40296661,30.8984,4.79667,478,45995,0.637897,0.53,1,576135,575657,478
40299581,20.5797,27.3593,463,46041,0.647579,0.49,1,576153,575690,463
40302501,18.5159,19.8719,463,46087,0.649516,0.51,1,576171,575708,463
40305421,26.1032,19.1744,472,46133,0.649903,0.45,1,576199,575727,472
40308341,82.8206,27.0349,540,46179,0.681981,0.51,1,576296,575756,540
40311261,45.3641,82.207,480,46225,0.688396,0.51,1,576332,575852,480
40314181,33.0728,45.2414,474,46271,0.689679,0.47,1,576362,575888,474
40317101,23.4146,33.0483,465,46317,0.673936,0.49,1,576383,575918,465
40320021,33.4829,23.4097,480,46363,0.670787,0.53,1,576419,575939,480
40322941,8.29658,32.6819,447,46408,0.670157,0.49,1,576421,575974,447
40325861,20.8593,8.13639,469,46453,0.686032,0.51,1,576445,575976,469
40328781,33.7719,21.6273,481,46498,0.737206,0.53,1,576482,576001,481
40331701,36.3544,31.5255,484,46543,0.763441,0.59,2,576519,576035,484
40334621,8.87087,34.3051,451,46588,0.768688,0.59,2,576521,576070,451
40337541,28.1742,8.46102,482,46633,0.785738,0.59,2,576554,576072,482
40340461,32.8348,26.4922,485,46678,0.757148,0.65,2,576588,576103,485
40343381,20.967,30.8984,471,46723,0.78343,0.65,2,576606,576135,471
40346301,18.5934,20.5797,471,46768,0.788686,0.65,2,576624,576153,471
40349221,26.1187,18.5159,481,46813,0.821737,0.65,2,576652,576171,481
40352141,84.4237,26.1032,552,46858,0.876347,0.69,2,576751,576199,552
40355061,45.6847,82.8206,491,46903,0.887269,0.69,2,576787,576296,491
40357981,33.1369,45.3641,485,46948,0.889454,0.69,2,576817,576332,485
40360901,22.6274,33.0728,475,46993,0.889891,0.67,2,576837,576362,475
40363821,33.3255,23.4146,490,47038,0.889978,0.67,2,576873,576383,490
40366741,8.2651,33.4829,456,47083,0.889996,0.67,2,576875,576419,456
40369661,21.653,8.29658,479,47128,0.921999,0.69,2,576900,576421,479
40372581,36.3306,20.8593,495,47173,0.9284,0.75,2,576940,576445,495
40375501,38.4661,33.7719,497,47218,0.92968,0.77,2,576979,576482,497
40378421,9.29322,36.3544,462,47263,0.929936,0.77,2,576981,576519,462
40553621,30,34,511,49867,0.85,1,2,578802,578291,511
40556541,25.2,25.2,512,49909,0.802,1,2,578826,578314,512
40559461,18.64,25.04,504,49951,0.8084,1,2,578843,578339,504
40562381,27.728,21.808,513,49993,0.72968,1,1,578873,578360,513
40565301,29.5456,37.1616,502,50035,0.745936,1,1,578903,578401,502
40568221,32.3091,28.2323,509,50077,0.749187,1,1,578936,578427,509
40571141,24.8618,30.4465,501,50119,0.781837,0.96,2,578959,578458,501
40574061,16.1724,25.2893,491,50161,0.772367,1,2,578973,578482,491
40576981,27.2345,17.0579,506,50203,0.738474,1,1,579003,578497,506
40579901,31.0469,23.4116,513,50245,0.699695,1,1,579035,578522,513
40582821,27.8094,38.2823,498,50287,0.723939,0.94,1,579062,578564,498
40585741,22.3619,26.0565,496,50329,0.744788,1,1,579083,578587,496
40588661,30.0724,44.4113,479,50371,0.748958,1,1,579115,578636,479
40591581,33.2145,36.8823,478,50413,0.733792,0.97,1,579149,578671,478
40594501,29.0429,34.5765,472,50455,0.730758,0.93,1,579177,578705,472
40597421,32.2086,35.7153,469,50497,0.762152,0.89,2,579210,578741,469
40600341,28.8417,31.9431,466,50539,0.75243,0.85,2,579238,578772,466
40603261,28.1683,30.3886,464,50581,0.782486,0.79,2,579266,578802,464
40606181,24.8337,25.2777,464,50623,0.772497,0.81,2,579290,578826,464
40609101,16.1667,18.6555,461,50665,0.770499,0.71,2,579304,578843,461
40612021,27.2333,27.7311,461,50707,0.7701,0.75,2,579334,578873,461
40614941,28.6467,29.5462,460,50749,0.78602,0.75,2,579363,578903,460
40617861,29.7293,32.3092,457,50791,0.789204,0.79,2,579393,578936,457
40620781,25.9459,24.8618,459,50832,0.773841,0.77,2,579418,578959,459
40623701,16.3892,16.1724,459,50873,0.802768,0.73,2,579432,578973,459
40626621,27.2778,27.2345,459,50914,0.792554,0.69,2,579462,579003,459
40629541,31.0556,31.0469,459,50955,0.838511,0.73,2,579494,579035,459
40632461,26.2111,27.8094,457,50996,0.847702,0.75,2,579519,579062,457
40635381,19.6422,22.3619,454,51037,0.81754,0.75,2,579537,579083,454
40638301,31.1284,30.0724,456,51078,0.843508,0.73,2,579571,579115,456
40641221,34.2257,33.2145,457,51119,0.864702,0.73,2,579606,579149,457
40644141,29.2451,29.0429,457,51160,0.93294,0.77,2,579634,579177,457
40647061,31.449,32.2086,456,51201,0.962588,0.75,2,579666,579210,456
40905481,40,28,470,24905,0.33,0.55,1,582342,581872,470
40908401,57.6,62.4,461,24990,0.298,0.51,1,582404,581943,461
40911321,33.92,39.68,455,25075,0.3236,0.43,1,582432,581977,455
40914241,26.784,28.736,454,25160,0.37672,0.35,1,582457,582003,454
40917161,32.5568,28.9472,459,25244,0.355344,0.41,1,582491,582032,459
40920081,72.1114,66.5894,465,25328,0.367069,0.21,1,582573,582108,465
40923001,74.4223,53.3179,490,25412,0.385414,0.31,1,582648,582158,490
40925921,60.4845,72.2636,470,25495,0.421083,0.35,1,582705,582235,470
40928841,71.2969,68.0527,477,25578,0.460217,0.33,1,582779,582302,477
40931761,62.2594,45.6105,497,25661,0.468043,0.29,1,582839,582342,497
40934681,38.0519,58.7221,467,25744,0.485609,0.33,1,582871,582404,467
40937601,26.8104,34.1444,463,25826,0.489122,0.39,1,582895,582432,463
40940521,32.5621,26.8289,472,25908,0.505824,0.35,1,582929,582457,472
40943441,72.9124,32.5658,521,25990,0.541165,0.37,1,583012,582491,521
40946361,76.1825,72.1132,516,26072,0.596233,0.39,1,583089,582573,516
40949281,62.4365,74.4226,500,26153,0.623247,0.43,1,583148,582648,500
40952201,72.4873,60.4845,518,26234,0.676649,0.47,1,583223,582705,518
40955121,62.4975,71.2969,504,26315,0.70333,0.47,1,583283,582779,504
40958041,38.8995,62.2594,477,26396,0.724666,0.49,1,583316,582839,477
40960961,26.9799,38.0519,469,26476,0.744933,0.49,1,583340,582871,469
40963881,34.996,26.8104,482,26556,0.732987,0.51,1,583377,582895,482
40966801,74.1992,32.5621,532,26636,0.666597,0.55,1,583461,582929,532
40969721,78.0398,72.9124,528,26716,0.685319,0.61,1,583540,583012,528
40972641,66.008,76.1825,514,26795,0.753064,0.63,2,583603,583089,514
40975561,73.2016,62.4365,530,26874,0.766613,0.69,2,583678,583148,530
40978481,16.2403,72.4873,457,26953,0.769323,0.71,2,583680,583223,457
40981401,51.2481,62.4975,457,27032,0.801865,0.73,2,583740,583283,457
40984321,37.4496,38.8995,458,27110,0.808373,0.75,2,583774,583316,458
40987241,27.4899,26.9799,459,27188,0.793675,0.73,2,583799,583340,459
40990161,32.698,34.996,456,27266,0.854735,0.65,2,583833,583377,456
40993081,73.7396,74.1992,456,27344,0.882947,0.69,2,583917,583461,456
40996001,77.9479,78.0398,456,27421,0.920589,0.77,2,583996,583540,456
41115721,33,38,481,30427,0.73,1,1,586112,585631,481
41118641,33,35.6,479,30497,0.826,0.95,2,586145,585666,479
41121561,29,28.72,480,30566,0.8292,1,2,586173,585693,480
41124481,35.4,21.744,497,30635,0.82984,1,2,586210,585713,497
41127401,26.28,34.7488,483,30704,0.845968,0.98,2,586234,585751,483
41130321,57.256,58.9498,483,30773,0.865194,1,2,586299,585816,483
41133241,49.8512,60.59,470,30842,0.869039,0.97,2,586347,585877,470
41136161,81.1702,85.718,467,30911,0.885808,0.91,2,586436,585969,467
41139081,70.634,73.1436,465,30979,0.921162,0.85,2,586504,586039,465
41142001,46.9268,46.6287,466,31047,0.912232,0.73,2,586545,586079,466
41144921,34.9854,35.7257,465,31115,0.910446,0.85,2,586577,586112,465
41296761,32,78,516,34473,0.73,1,1,588916,588400,516
41299681,33.6,46,512,34534,0.762,1,2,588950,588438,512
41302601,46.72,47.6,514,34595,0.7204,0.99,1,589000,588486,514
41305521,34.144,37.52,510,34656,0.71208,1,1,589031,588521,510
41308441,32.4288,30.704,513,34717,0.678416,1,1,589063,588550,513
41311361,36.0858,38.9408,509,34778,0.639683,1,1,589100,588591,509
41314281,29.6172,34.1882,504,34839,0.679937,0.94,1,589128,588624,504
41317201,29.9234,28.4376,507,34900,0.655987,0.95,1,589158,588651,507
41320121,33.1847,35.2875,504,34961,0.683197,0.97,1,589192,588688,504
41323041,61.0369,35.0575,537,35021,0.704639,0.83,1,589260,588723,537
41325961,77.0074,68.6115,541,35081,0.772928,0.83,2,589341,588800,541
41328881,39.4015,80.9223,487,35141,0.770586,0.73,2,589371,588884,487
41331801,35.8803,41.7845,490,35201,0.738117,0.77,1,589406,588916,490
41334721,46.3761,35.5569,505,35261,0.763623,0.71,2,589455,588950,505
41337641,31.6752,47.1114,483,35321,0.816725,0.71,2,589483,589000,483
41340561,33.535,34.2223,486,35381,0.811345,0.67,2,589517,589031,486
41343481,37.107,32.4445,492,35441,0.826269,0.63,2,589555,589063,492
41346401,29.8214,36.0889,483,35501,0.813254,0.69,2,589583,589100,483
41349321,27.5643,29.6178,482,35561,0.842651,0.65,2,589610,589128,482
41352241,35.1129,29.9236,489,35620,0.84853,0.69,2,589647,589158,489
41355161,62.2226,33.1847,524,35679,0.833706,0.71,2,589716,589192,524
41358081,14.0445,61.0369,458,35738,0.830741,0.79,2,589718,589260,458
41521601,32,37,489,38911,0.69,1,1,591935,591446,489
41524521,35.2,29.8,497,38965,0.594,1,1,591971,591474,497
41527441,36.64,37.16,495,39019,0.4788,1,1,592008,591513,495
41530361,32.128,41.032,484,39073,0.39176,1,1,592039,591555,484
41533281,35.2256,34.6064,487,39127,0.310352,1,1,592075,591588,487
41536201,42.2451,37.3213,493,39181,0.19807,1,1,592119,591626,493
41539121,61.249,62.6643,490,39235,0.0796141,1,1,592185,591695,490
41542041,39.4498,42.9329,486,39289,0.0399228,0.96,1,592219,591733,486
41544961,25.49,34.1866,476,39343,0.0799846,0.9,1,592241,591765,476
41547881,29.898,35.6373,471,39397,0.0559969,1,1,592272,591801,471
41550801,33.9796,35.9275,470,39451,0.0671994,0.85,1,592307,591837,470
41553721,25.9959,31.1855,464,39505,0.0694399,0.83,1,592331,591867,464
41556641,30.7992,35.0371,460,39558,0.037888,0.69,1,592363,591903,460
41559561,26.1598,32.6074,453,39611,0.0475776,0.57,1,592388,591935,453
41562481,30.832,35.3215,449,39664,0.0815155,0.45,1,592420,591971,449
41565401,28.5664,36.6643,440,39717,0.0243031,0.37,1,592448,592008,440
41568321,26.5133,32.1329,435,39770,0.0608606,0.29,1,592474,592039,435
41571241,34.9027,35.2266,436,39823,0.0201721,0.17,1,592511,592075,436
41574161,35.7805,42.2453,428,39876,0.108034,0.05,1,592547,592119,428
41577081,55.1561,61.2491,422,39929,0.109607,0.03,1,592607,592185,422
41580001,41.4312,39.4498,426,39982,0.0299214,0.09,1,592645,592219,426
41582921,25.0862,25.49,425,40035,0.0779843,0.05,1,592666,592241,425
41585841,29.0172,29.898,424,40088,0.103597,0.05,1,592696,592272,424
41588761,33.8034,5.9796,459,40141,0.124719,0.07,1,592731,592272,459
41591681,24.3607,29.1959,446,40194,0.128944,0.07,1,592753,592307,446
41594601,30.4721,25.0392,454,40247,0.145789,0.03,1,592785,592331,454
41597521,26.8944,30.6078,448,40299,0.0851578,0.05,1,592811,592363,448
41600441,30.9789,26.1216,455,40351,0.0730316,0.09,1,592843,592388,455
41603361,26.9958,30.8243,449,40403,0.0386063,0.01,1,592869,592420,449
41606281,26.1992,28.5649,447,40455,0.0477213,0.07,1,592895,592448,447
41609201,34.8398,26.513,458,40507,0.0335443,0.01,1,592932,592474,458
41612121,35.768,34.9026,457,40559,0.0787089,0.13,1,592968,592511,457
41615041,55.9536,35.7805,482,40611,0.0717418,0.11,1,593029,592547,482
41617961,42.3907,55.1561,461,40663,0.0383484,0.01,1,593068,592607,461
41620881,26.8781,41.4312,446,40715,0.0316697,0.09,1,593091,592645,446
41623801,30.1756,25.0862,456,40767,0.0623339,0.11,1,593122,592666,456
41626721,33.2351,29.0172,460,40819,0.0844668,0.13,1,593156,592696,460
41629641,25.847,33.8034,449,40871,0.120893,0.13,1,593180,592731,449
41632561,31.5694,24.3607,460,40923,0.176179,0.15,1,593213,592753,460
41635481,23.9139,30.4721,450,40975,0.203236,0.07,1,593235,592785,450
41638401,30.3828,26.8944,456,41027,0.224647,0.07,1,593267,592811,456
41641321,26.0766,30.9789,449,41078,0.244929,0.03,1,593292,592843,449
41644241,26.0153,26.9958,449,41129,0.232986,0.05,1,593318,592869,449
41647161,33.2031,26.1992,458,41180,0.262597,0.03,1,593353,592895,458
41650081,38.6406,34.8398,461,41231,0.220519,0.09,1,593393,592932,461
41653001,55.7281,35.768,485,41282,0.212104,0.07,1,593453,592968,485
41655921,40.7456,55.9536,461,41333,0.242421,0.03,1,593490,593029,461
41658841,26.5491,42.3907,445,41384,0.232484,0.03,1,593513,593068,445
41661761,32.5098,26.8781,456,41435,0.262497,0.07,1,593547,593091,456
41664681,34.502,30.1756,460,41486,0.220499,0.09,1,593582,593122,460
41667601,28.5004,33.2351,453,41537,0.2281,0.13,1,593609,593156,453
41670521,7.30008,25.847,431,41588,0.22962,0.19,1,593611,593180,431
41673441,27.86,31.5694,431,41639,0.229924,0.21,1,593644,593213,431
41676361,23.972,23.9139,432,41690,0.245985,0.23,1,593667,593235,432
41679281,31.1944,30.3828,433,41741,0.249197,0.25,1,593700,593267,433
41682201,25.4389,26.0766,432,41792,0.249839,0.23,1,593724,593292,432
41685121,26.6878,26.0153,433,41843,0.297968,0.27,1,593751,593318,433
41688041,34.1376,33.2031,434,41893,0.275594,0.21,1,593787,593353,434
41690961,37.2275,38.6406,432,41943,0.271119,0.21,1,593825,593393,432
41693881,56.2455,55.7281,433,41993,0.270224,0.25,1,593886,593453,433
41696801,41.6491,40.7456,434,42043,0.286045,0.23,1,593924,593490,434
41699721,25.9298,26.5491,433,42093,0.289209,0.27,1,593946,593513,433
41702641,32.386,32.5098,433,42143,0.257842,0.21,1,593980,593547,433
41705561,35.2772,34.502,434,42193,0.251568,0.23,1,594016,593582,434
41708481,26.2554,28.5004,431,42243,0.298314,0.23,1,594040,593609,431
41711401,6.85109,7.30008,431,42293,0.275663,0.23,1,594042,593611,431
41714321,27.7702,27.86,431,42343,0.303133,0.25,1,594075,593644,431
41717241,24.754,23.972,432,42393,0.372627,0.25,1,594099,593667,432
41720161,32.9508,31.1944,434,42443,0.402525,0.25,1,594134,593700,434
41723081,25.7902,25.4389,434,42493,0.424505,0.31,1,594158,593724,434
41726001,27.558,26.6878,435,42543,0.476901,0.27,1,594186,593751,435
41728921,32.7116,34.1376,433,42593,0.48738,0.27,1,594220,593787,433
41731841,36.9423,37.2275,433,42643,0.521476,0.27,1,594258,593825,433
41734761,56.1885,56.2455,433,42692,0.576295,0.29,1,594319,593886,433
41737681,42.4377,41.6491,434,42741,0.587259,0.29,1,594358,593924,434
41740601,26.0875,25.9298,434,42790,0.605452,0.25,1,594380,593946,434
41743521,32.4175,32.386,434,42839,0.57709,0.25,1,594414,593980,434
41746441,35.2835,35.2772,434,42888,0.587418,0.31,1,594450,594016,434
41749361,27.0567,26.2554,435,42937,0.653484,0.27,1,594475,594040,435
41752281,7.01134,6.85109,435,42986,0.634697,0.27,1,594477,594042,435
41755201,29.4023,1.37022,470,43035,0.614939,0.31,1,594512,594042,470
41758121,25.8805,26.674,462,43084,0.626988,0.39,1,594537,594075,462
41761041,35.5761,24.5348,476,43133,0.645398,0.41,1,594575,594099,476
41763961,28.7152,32.907,468,43182,0.68108,0.43,1,594602,594134,468
41766881,28.943,25.7814,473,43231,0.704216,0.49,1,594631,594158,473
41769801,33.7886,27.5563,480,43280,0.692843,0.49,1,594666,594186,480
41772721,37.9577,32.7113,485,43329,0.706569,0.53,1,594705,594220,485
41775641,57.1915,36.9423,509,43378,0.709314,0.59,1,594767,594258,509
41778561,42.6383,56.1884,487,43427,0.725863,0.59,1,594806,594319,487
41781481,26.9277,42.4377,471,43476,0.761173,0.61,2,594829,594358,471
41784401,32.5855,26.0875,483,43525,0.784235,0.57,2,594863,594380,483
41787321,36.1171,32.4175,486,43573,0.772847,0.59,2,594900,594414,486
41790241,28.8234,35.2835,477,43621,0.802569,0.67,2,594927,594450,477
41793161,7.36468,27.0567,454,43669,0.808514,0.63,2,594929,594475,454
41796081,28.6729,7.01134,486,43717,0.809703,0.61,2,594963,594477,486
41799001,26.5346,29.4023,477,43765,0.809941,0.63,2,594989,594512,477
41801921,36.5069,25.8805,491,43813,0.825988,0.65,2,595028,594537,491
41804841,30.5014,35.5761,482,43861,0.845198,0.69,2,595057,594575,482
41807761,30.1003,28.7152,485,43909,0.89704,0.71,2,595087,594602,485
41810681,33.2201,28.943,490,43957,0.939408,0.69,2,595121,594631,490
42035521,68,87,464,21370,0.09,0.29,1,597695,597231,464
42038441,48.8,62.2,452,21469,0.09,0.11,1,597739,597287,452
42041361,54.56,63.64,444,21568,0.106,0.05,1,597795,597351,444
42044281,75.712,49.528,479,21666,0.0452,0.05,1,597876,597397,479
42047201,34.3424,70.7056,427,21764,0.01704,0.09,1,597900,597473,427
42050121,30.8685,26.1411,442,21861,0.043408,0.09,1,597930,597488,442
42053041,104.574,116.428,426,21958,0.160682,0.09,1,598053,597627,426
42055961,75.3147,77.6856,426,22055,0.152136,0.09,1,598121,597695,426
42058881,50.2629,50.7371,426,22151,0.150427,0.11,1,598165,597739,426
42061801,55.6526,54.9474,427,22247,0.214085,0.03,1,598222,597795,427
42064721,71.9305,75.7895,422,22342,0.242817,0.01,1,598298,597876,422
42067641,34.3861,34.3579,423,22437,0.168563,0.05,1,598323,597900,423
42070561,33.2772,30.8716,426,22532,0.105713,0.05,1,598356,597930,426
42073481,106.655,6.17432,551,22626,0.173143,0.19,1,598481,597930,551
42076401,75.7311,99.6349,496,22720,0.218628,0.15,1,598549,598053,496
42079321,50.3462,74.327,472,22813,0.243726,0.15,1,598593,598121,472
42082241,57.2692,50.0654,487,22906,0.280745,0.23,1,598652,598165,487
42085161,69.8538,55.6131,503,22999,0.304149,0.25,1,598725,598222,503
42088081,33.1708,71.9226,451,23091,0.32483,0.15,1,598749,598298,451
42091001,32.2342,34.3845,458,23183,0.344966,0.09,1,598781,598323,458
42093921,110.447,33.2769,555,23274,0.380993,0.19,1,598911,598356,555
42096841,78.8894,106.655,501,23365,0.484199,0.23,1,598982,598481,501
42099761,50.9779,75.7311,477,23456,0.52084,0.25,1,599026,598549,477
42102681,58.9956,50.3462,494,23546,0.544168,0.29,1,599087,598593,494
42105601,71.7991,57.2692,510,23636,0.548834,0.31,1,599162,598652,510
42108521,33.5598,69.8538,461,23726,0.581767,0.33,1,599186,598725,461
42111441,33.112,33.1708,470,23815,0.572353,0.35,1,599219,598749,470
42114361,112.222,32.2342,570,23904,0.554471,0.39,1,599351,598781,570
42117281,24.0445,110.447,442,23993,0.550894,0.51,1,599353,598911,442
42120201,65.6089,78.8894,447,24081,0.550179,0.53,1,599429,598982,447
42123121,49.1218,50.9779,448,24169,0.534036,0.55,1,599474,599026,448
42126041,59.4244,58.9956,449,24257,0.578807,0.55,1,599536,599087,449
42128961,71.8849,71.7991,449,24344,0.587761,0.59,1,599611,599162,449
42131881,35.177,33.5598,451,24431,0.557552,0.57,1,599637,599186,451
42134801,32.6354,33.112,450,24518,0.51951,0.55,1,599669,599219,450
42137721,111.327,112.222,449,24604,0.607902,0.55,1,599800,599351,449
42140641,23.8654,24.0445,449,24690,0.64158,0.55,1,599802,599353,449
42143561,65.5731,65.6089,449,24776,0.680316,0.53,1,599878,599429,449
42146481,48.3146,49.1218,448,24862,0.784063,0.59,2,599922,599474,448
42149401,60.0629,59.4244,449,24947,0.820813,0.59,2,599985,599536,449
42152321,72.0126,71.8849,449,25032,0.812163,0.55,2,600060,599611,449
42155241,33.6025,35.177,447,25117,0.810432,0.51,2,600084,599637,447
42158161,32.3205,32.6354,447,25201,0.810086,0.63,2,600116,599669,447
42161081,115.264,111.327,452,25285,0.874017,0.65,2,600252,599800,452
42164001,24.6528,23.8654,452,25369,0.886804,0.69,2,600254,599802,452
42166921,68.9306,65.5731,456,25453,0.937361,0.69,2,600334,599878,456
42383001,39,38,486,31008,0.75,1,2,604260,603774,486
42385921,73.4,66,495,31076,0.67,1,1,604342,603847,495
42388841,38.68,41.2,490,31144,0.606,1,1,604372,603882,490
42391761,25.336,32.24,482,31212,0.6252,0.98,1,604394,603912,482
42394681,26.6672,18.448,494,31280,0.59704,0.98,1,604421,603927,494
42397601,20.5334,3.6896,513,31348,0.559408,1,1,604440,603927,513
42400521,88.1067,29.5379,582,31415,0.647882,0.96,1,604545,603963,582
42403441,48.0213,89.1076,516,31482,0.585576,1,1,604583,604067,516
42406361,36.8043,54.6215,504,31549,0.637115,0.94,1,604617,604113,504
42409281,56.1609,41.3243,527,31616,0.679423,0.79,1,604678,604151,527
42412201,40.8322,64.2649,494,31683,0.703885,0.75,1,604715,604221,494
42415121,72.9664,44.053,536,31750,0.724777,0.65,1,604796,604260,536
42418041,36.1933,74.4106,481,31817,0.712955,0.59,1,604823,604342,481
42420961,22.4387,38.8821,470,31883,0.758591,0.63,2,604842,604372,470
42423881,31.6877,25.3764,482,31949,0.751718,0.59,2,604876,604394,482
42426801,19.9375,26.6753,472,32015,0.750344,0.55,2,604893,604421,472
42429721,87.9875,20.5351,558,32081,0.846069,0.67,2,604998,604440,558
42432641,47.1975,88.107,490,32147,0.913214,0.57,2,605035,604545,490
42435561,37.4395,48.0214,487,32213,0.878643,0.65,2,605070,604583,487
42438481,57.8879,36.8043,516,32279,0.903729,0.69,2,605133,604617,516
42464761,36,37,466,32864,0.93,0.87,2,605501,605035,466
42467681,35.2,35.4,466,32928,0.914,0.91,2,605536,605070,466
42470601,58.24,57.48,467,32992,0.9428,0.97,2,605600,605133,467
42473521,44.448,41.896,470,33056,0.93256,0.93,2,605641,605171,470
42476441,73.6896,73.9792,469,33120,0.946512,0.95,2,605722,605253,469
42593241,24,30,503,35586,0.41,1,1,607405,606902,503
42596161,31.2,31.6,504,35645,0.282,1,1,607438,606934,504
42599081,33.44,27.92,511,35704,0.2244,1,1,607472,606961,511
42602001,26.688,43.184,489,35763,0.18088,1,1,607497,607008,489
42604921,42.9376,44.6368,491,35822,0.060176,1,1,607544,607053,491
42607841,65.3875,66.5274,490,35881,0.0360352,1,1,607615,607125,490
42610761,33.8775,40.5055,482,35940,0.015207,1,1,607641,607159,482
42613681,32.3755,32.1011,484,35999,0.0110414,1,1,607673,607189,484
42616601,25.6751,34.4202,473,36058,0.0502083,0.95,1,607697,607224,473
42619521,24.335,29.284,469,36117,0.0820417,0.57,1,607721,607252,469
42622441,70.467,86.6568,450,36176,0.0564083,0.41,1,607803,607353,450
42625361,31.6934,39.7314,444,36234,0.0192817,0.41,1,607825,607381,444
42628281,19.9387,27.1463,437,36292,0.0438563,0.25,1,607842,607405,437
42631201,24.7877,31.8293,430,36350,0.0647713,0.21,1,607868,607438,430
42634121,30.5575,33.5659,428,36408,0.0529543,0.17,1,607900,607472,428
42637041,22.1115,26.7132,423,36466,0.146591,0.03,1,607920,607497,423
42639961,45.2223,42.9426,427,36524,0.0853182,0.03,1,607971,607544,427
42642881,63.4445,65.3885,424,36582,0.0170636,0.01,1,608039,607615,424
42645801,31.8889,33.8777,422,36640,0.0914127,0.01,1,608063,607641,422
42648721,32.7778,32.3755,423,36698,0.0582825,0.06,1,608096,607673,423
42651641,26.5556,25.6751,424,36756,0.0356565,0.09,1,608121,607697,424
42654561,25.3111,24.335,425,36813,0.0791313,0.05,1,608146,607721,425
42657481,69.0622,70.467,423,36870,0.103826,0.01,1,608226,607803,423
42660401,31.4124,31.6934,423,36927,0.108765,0.05,1,608248,607825,423
42663321,21.4825,19.9387,425,36984,0.125753,0.07,1,608267,607842,425
42666241,22.6965,24.7877,422,37041,0.113151,0.05,1,608290,607868,422
42669161,33.3393,30.5575,426,37098,0.11063,0.17,1,608326,607900,426
42672081,24.2679,22.1115,428,37155,0.174126,0.17,1,608348,607920,428
42675001,40.8536,4.4223,473,37212,0.218825,0.07,1,608393,607920,473
42677921,64.1707,41.6845,492,37269,0.163765,0,1,608463,607971,492
42680841,29.6341,62.7369,445,37326,0.104753,0.11,1,608484,608039,445
42683761,33.9268,31.7474,456,37383,0.0769506,0.05,1,608519,608063,456
42686681,25.1854,32.7495,446,37440,0.0233901,0.03,1,608542,608096,446
42689601,28.2371,26.5499,450,37496,0.028678,0.09,1,608571,608121,450
42692521,68.8474,25.31,504,37552,0.0297356,0.11,1,608650,608146,504
42695441,31.3695,69.062,446,37608,0.0299471,0.11,1,608672,608226,446
42698361,22.2739,31.4124,444,37664,0.0459894,0.13,1,608692,608248,444
42701281,22.0548,21.4825,447,37720,0.0491979,0.11,1,608714,608267,447
42704201,34.811,22.6965,462,37776,0.11384,0.11,1,608752,608290,462
42707121,26.1622,33.3393,450,37832,0.126768,0.19,1,608776,608326,450
42710041,44.4324,24.2679,477,37888,0.161354,0.23,1,608825,608348,477
42712961,60.0865,40.8536,496,37944,0.168271,0.15,1,608889,608393,496
42715881,28.0173,64.1707,446,38000,0.185654,0.09,1,608909,608463,446
42718801,32.8035,29.6341,459,38056,0.205131,0.07,1,608943,608484,459
42721721,23.3607,33.9268,445,38112,0.225026,0.01,1,608964,608519,445
42724641,28.6721,25.1854,452,38167,0.165005,0.03,1,608994,608542,452
42727561,68.1344,28.2371,501,38222,0.217001,0.03,1,609072,608571,501
42730481,31.2269,68.8474,444,38277,0.2434,0.03,1,609094,608650,444
42733401,23.0454,31.3695,443,38332,0.23268,0.05,1,609115,608672,443
42736321,22.2091,22.2739,445,38387,0.246536,0.05,1,609137,608692,445
42739241,38.0418,22.0548,465,38442,0.297307,0.13,1,609179,608714,465
42742161,27.6084,34.811,452,38497,0.291461,0.13,1,609204,608752,452
42745081,46.3217,26.1622,479,38552,0.258292,0.17,1,609255,608776,479
42748001,59.6643,44.4324,493,38607,0.251658,0.17,1,609318,608825,493
42750921,13.5329,60.0865,431,38662,0.250332,0.19,1,609320,608889,431
42753841,18.7066,28.0173,431,38717,0.282066,0.21,1,609340,608909,431
42756761,31.7413,32.8035,432,38772,0.272413,0.23,1,609375,608943,432
42759681,22.3483,23.3607,431,38826,0.270483,0.15,1,609395,608964,431
42762601,29.2697,28.6721,432,38880,0.254097,0.23,1,609426,608994,432
42765521,69.8539,68.1344,434,38934,0.330819,0.25,1,609506,609072,434
42768441,31.5708,31.2269,434,38988,0.314164,0.23,1,609528,609094,434
42771361,23.1142,23.0454,434,39042,0.326833,0.25,1,609549,609115,434
42774281,22.2228,22.2091,434,39096,0.361367,0.31,1,609571,609137,434
42777201,40.4446,38.0418,437,39150,0.336273,0.29,1,609616,609179,437
42780121,27.2889,27.6084,436,39204,0.363255,0.25,1,609640,609204,436
42783041,44.6578,46.3217,434,39258,0.368651,0.25,1,609689,609255,434
42785961,59.3316,59.6643,434,39312,0.43373,0.25,1,609752,609318,434
42788881,13.4663,13.5329,434,39366,0.478746,0.29,1,609754,609320,434
42791801,18.6933,18.7066,434,39420,0.487749,0.27,1,609774,609340,434
42794721,30.9387,31.7413,433,39474,0.52155,0.27,1,609808,609375,433
42797641,22.1877,22.3483,433,39528,0.49631,0.25,1,609828,609395,433
42800561,30.8375,29.2697,435,39581,0.507262,0.35,1,609861,609426,435
42803481,71.7675,69.8539,437,39634,0.541452,0.31,1,609943,609506,437
42806401,31.9535,31.5708,437,39687,0.58029,0.33,1,609965,609528,437
42809321,23.9907,23.1142,438,39740,0.556058,0.37,1,609987,609549,438
42812241,22.3981,22.2228,438,39793,0.599212,0.33,1,610009,609571,438
42815161,40.4796,40.4446,438,39846,0.559842,0.37,1,610054,609616,438
42818081,27.2959,27.2889,438,39899,0.599968,0.37,1,610078,609640,438
42821001,45.4592,44.6578,439,39952,0.607994,0.45,1,610128,609689,439
42823921,63.4918,59.3316,444,40005,0.737599,0.49,1,610196,609752,444
42826841,14.2984,13.4663,444,40058,0.73152,0.49,1,610198,609754,444
42829761,19.6597,2.69326,465,40111,0.746304,0.49,1,610219,609754,465
42832681,31.1319,16.5387,479,40164,0.749261,0.53,1,610253,609774,479
42835601,22.2264,30.5077,465,40217,0.749852,0.49,1,610273,609808,465
42838521,30.0453,22.1015,477,40270,0.74997,0.51,1,610305,609828,477
42841441,74.8091,30.8203,530,40322,0.797994,0.55,2,610391,609861,530
42844361,32.5618,71.7641,470,40374,0.807599,0.59,2,610413,609943,470
42847281,24.9124,31.9528,471,40426,0.79352,0.55,2,610436,609965,471
42850201,22.5825,23.9906,471,40478,0.790704,0.61,2,610458,609987,471
42853121,40.5165,22.3981,494,40530,0.774141,0.55,2,610503,610009,494
42856041,28.1033,40.4796,474,40582,0.754828,0.61,2,610528,610054,474
42858961,46.4207,27.2959,501,40634,0.798966,0.61,2,610579,610078,501
42861881,68.4841,45.4592,525,40686,0.839793,0.77,2,610653,610128,525
42864801,15.2968,63.4918,459,40738,0.847959,0.73,2,610655,610196,459
42867721,20.6594,14.2984,479,40790,0.913592,0.75,2,610677,610198,479
43057521,27,24,529,44026,0.82,1,2,612917,612388,529
43060441,28.6,22.4,536,44074,0.796,1,2,612946,612410,536
43063361,39.32,42.88,530,44122,0.7752,1,2,612988,612458,530
43066281,61.464,69.376,521,44170,0.64304,1,1,613055,612534,521
43069201,25.8928,39.4752,506,44218,0.584608,1,1,613072,612566,506
43072121,31.5786,30.295,511,44266,0.572922,1,1,613105,612594,511
43075041,31.9157,27.659,516,44314,0.522584,1,1,613137,612621,516
43077961,33.5831,30.3318,519,44362,0.512517,0.98,1,613171,612652,519
43080881,29.1166,31.6664,515,44410,0.494503,1,1,613199,612684,515
43083801,31.4233,31.9333,515,44457,0.554901,1,1,613231,612716,515
43086721,29.4847,31.9867,512,44504,0.51898,1,1,613260,612748,512
43089641,16.2969,31.9973,493,44551,0.495796,0.96,1,613273,612780,493
43092561,16.8594,38.3995,470,44598,0.443159,0.88,1,613290,612820,470
43095481,29.7719,34.0799,470,44645,0.448632,0.95,1,613323,612853,470
43098401,32.3544,36.416,466,44692,0.481726,0.82,1,613356,612890,466
43101321,28.0709,28.8832,466,44739,0.488345,0.79,1,613383,612917,466
43104241,25.6142,28.9766,462,44786,0.489669,0.77,1,613408,612946,462
43107161,35.5228,39.3953,458,44833,0.537934,0.61,1,613446,612988,458
43110081,55.1046,61.4791,451,44880,0.547587,0.57,1,613506,613055,451
43113001,21.4209,25.8958,447,44927,0.533517,0.57,1,613519,613072,447
43115921,29.0842,31.5792,445,44974,0.546703,0.51,1,613550,613105,445
43118841,33.0168,31.9158,447,45021,0.581341,0.51,1,613584,613137,447
43121761,34.6034,33.5832,448,45068,0.588268,0.49,1,613619,613171,448
43124681,29.3207,29.1166,448,45115,0.605654,0.57,1,613647,613199,448
43127601,29.8641,31.4233,446,45162,0.641131,0.51,1,613677,613231,446
43130521,28.3728,29.4847,445,45209,0.648226,0.49,1,613705,613260,445
43133441,13.6746,16.2969,442,45256,0.649645,0.43,1,613715,613273,442
43136361,18.7349,16.8594,445,45303,0.713929,0.45,1,613735,613290,445
43139281,29.347,29.7719,444,45350,0.710786,0.49,1,613767,613323,444
43142201,33.8694,32.3544,446,45397,0.726157,0.49,1,613802,613356,446
43145121,26.7739,28.0709,444,45443,0.713231,0.49,1,613827,613383,444
43148041,26.9548,25.6142,446,45489,0.694646,0.55,1,613854,613408,446
43150961,36.591,35.5228,447,45535,0.738929,0.55,1,613893,613446,447
43153881,55.3182,55.1046,447,45581,0.763786,0.53,2,613953,613506,447
43156801,22.2636,21.4209,448,45627,0.736757,0.55,1,613967,613519,448
43159721,30.0527,29.0842,449,45673,0.779351,0.59,2,613999,613550,449
43162641,33.2105,33.0168,449,45719,0.80387,0.59,2,614033,613584,449
43165561,34.6421,34.6034,449,45765,0.808774,0.61,2,614068,613619,449
43168481,32.5284,29.3207,453,45811,0.841755,0.65,2,614100,613647,453
43171401,31.3057,29.8641,454,45857,0.880351,0.65,2,614131,613677,454
43174321,28.6611,28.3728,454,45903,0.87207,0.65,2,614159,613705,454
43177241,14.5322,13.6746,455,45949,0.886414,0.65,2,614170,613715,455
43180161,18.9064,2.73491,475,45995,0.889283,0.73,2,614190,613715,475
43183081,30.1813,16.547,488,46041,0.921857,0.71,2,614223,613735,488
43186001,33.2363,28.9094,490,46087,0.944371,0.73,2,614257,613767,490
43375801,20,31,529,48970,0.63,1,1,616251,615722,529
43378721,20.8,31,519,49013,0.582,1,1,616272,615753,519
43381641,39.36,35,527,49056,0.4284,1,1,616316,615789,527
43384561,43.072,54.2,512,49099,0.31768,1,1,616360,615848,512
43387481,38.2144,35.64,518,49142,0.247536,1,1,616397,615879,518
43390401,31.6429,34.328,514,49185,0.201507,1,1,616427,615913,514
43393321,29.5286,30.0656,514,49228,0.144301,1,1,616456,615942,514
43396241,23.5057,28.4131,508,49271,0.0528603,1,1,616478,615970,508
43399161,28.7011,28.8826,509,49314,0.0505721,0.97,1,616508,615999,509
43402081,20.9402,30.5765,497,49357,0.0101144,1,1,616527,616030,497
43405001,26.588,30.1153,495,49400,0.00202288,1,1,616555,616060,495
43407921,35.7176,28.4231,505,49443,0.000404576,0.94,1,616593,616088,505
43410841,27.9435,32.0846,498,49486,0.0720809,0.85,1,616619,616121,498
43413761,21.5887,27.2169,492,49529,0.0144162,1,1,616639,616147,492
43416681,26.7177,25.4434,495,49572,0.0108832,0.91,1,616667,616172,495
43419601,21.3435,29.0887,485,49615,0.0101766,0.69,1,616687,616202,485
43422521,15.4687,29.0177,470,49657,0.0260353,0.63,1,616701,616231,470
43425441,17.4937,21.8035,468,49699,0.0932071,0.57,1,616719,616251,468
43428361,33.0987,21.1607,484,49741,0.0906414,0.39,1,616756,616272,484
43431281,36.2197,39.4321,477,49783,0.0901283,0.29,1,616793,616316,477
43434201,36.044,43.0864,469,49825,0.106026,0.23,1,616829,616360,469
43437121,28.8088,38.2173,459,49867,0.109205,0.19,1,616856,616397,459
43440041,26.5618,31.6435,455,49909,0.109841,0.13,1,616882,616427,455
43442961,21.3124,29.5287,446,49951,0.109968,0.03,1,616902,616456,446
43445881,26.6625,23.5057,452,49993,0.0939936,0.05,1,616930,616478,452
43448801,21.3325,28.7011,442,50035,0.0907987,0,1,616950,616508,442
43451721,26.6665,20.9402,451,50077,0.0421597,0,1,616978,616527,451
43454641,34.9333,26.588,460,50119,0.00843195,0,1,617015,616555,460
43457561,26.9867,35.7176,447,50161,0.0576864,0.09,1,617040,616593,447
43460481,22.1973,27.9435,442,50203,0.0515373,0,1,617061,616619,442
43463401,28.4395,21.5887,452,50245,0.0663075,0.01,1,617091,616639,452
43466321,19.2879,26.7177,441,50287,0.0852615,0.01,1,617108,616667,441
43469241,5.45758,21.3435,423,50329,0.0570523,0.03,1,617110,616687,423
43472161,13.0915,15.4687,424,50371,0.0674105,0.11,1,617125,616701,424
43475081,17.8183,17.4937,425,50413,0.0214821,0.09,1,617144,616719,425
43478001,33.1637,33.0987,425,50455,0.0282964,0.09,1,617181,616756,425
43480921,35.4327,36.2197,424,50497,0.0616593,0.11,1,617217,616793,424
43483841,39.0865,36.044,428,50539,0.0363319,0.11,1,617257,616829,428
43486761,28.6173,28.8088,427,50581,0.0792664,0.11,1,617283,616856,427
43489681,26.5235,26.5618,427,50623,0.0878533,0.11,1,617309,616882,427
43492601,19.7047,21.3124,425,50665,0.0575707,0.09,1,617327,616902,425
43495521,27.1409,26.6625,426,50707,0.131514,0.09,1,617356,616930,426
43498441,19.8282,21.3325,424,50749,0.146303,0.03,1,617374,616950,424
43501361,26.3656,26.6665,424,50791,0.0852606,0,1,617402,616978,424
43504281,34.0731,34.9333,423,50832,0.0890521,0.07,1,617438,617015,423
43507201,30.0146,26.9867,427,50873,0.0738104,0.05,1,617467,617040,427
43510121,20.4029,22.1973,424,50914,0.0707621,0.07,1,617485,617061,424
43513041,30.4806,28.4395,427,50955,0.118152,0.09,1,617518,617091,427
43515961,17.2961,19.2879,424,50996,0.0956305,0.05,1,617532,617108,424
43518881,5.05922,5.45758,424,51037,0.139126,0.07,1,617534,617110,424
43521801,12.2118,13.0915,423,51078,0.115825,0.01,1,617548,617125,423
43524721,16.8424,17.8183,422,51119,0.143165,0.03,1,617566,617144,422
43527641,33.7685,33.1637,423,51160,0.196633,0.07,1,617604,617181,423
43530561,35.5537,35.4327,423,51201,0.223327,0.03,1,617640,617217,423
43533481,39.1107,39.0865,423,51242,0.244665,0.09,1,617680,617257,423
43536401,29.4221,28.6173,424,51283,0.200933,0.09,1,617707,617283,424
43539321,26.6844,26.5235,424,51324,0.192187,0.05,1,617733,617309,424
43542241,19.7369,19.7047,424,51365,0.190437,0.15,1,617751,617327,424
43545161,29.5474,27.1409,427,51406,0.222087,0.15,1,617783,617356,427
43548081,20.3095,19.8282,427,51447,0.276417,0.07,1,617801,617374,427
43551001,24.8619,26.3656,425,51488,0.303284,0.09,1,617827,617402,425
43553921,32.9724,34.0731,424,51529,0.292657,0.07,1,617862,617438,424
43556841,30.5945,30.0146,425,51570,0.290531,0.07,1,617892,617467,425
43559761,21.3189,20.4029,426,51611,0.306106,0.13,1,617911,617485,426
43562681,30.6638,30.4806,426,51652,0.325221,0.09,1,617944,617518,426
43565601,18.1328,17.2961,427,51693,0.313044,0.15,1,617959,617532,427
43568521,5.22655,5.05922,427,51734,0.310609,0.11,1,617961,617534,427
43571441,12.2453,12.2118,427,51775,0.310122,0.11,1,617975,617548,427
43574361,17.6491,2.44237,446,51816,0.326024,0.15,1,617994,617548,446
43577281,35.5298,14.8885,468,51857,0.393205,0.21,1,618034,617566,468
43580201,35.906,33.3777,466,51898,0.390641,0.23,1,618070,617604,466
43583121,39.9812,35.4755,471,51939,0.406128,0.25,1,618111,617640,471
43586041,28.7962,39.0951,457,51980,0.409226,0.19,1,618137,617680,457
43588961,26.5592,29.419,456,52021,0.425845,0.19,1,618163,617707,456
43591881,19.7118,26.6838,448,52061,0.429169,0.19,1,618181,617733,448
43594801,31.1424,19.7368,464,52101,0.429834,0.23,1,618215,617751,464
43597721,22.2285,29.5474,452,52141,0.397967,0.29,1,618235,617783,452
43600641,25.2457,20.3095,460,52181,0.407593,0.31,1,618261,617801,460
43603561,32.2491,24.8619,468,52221,0.409519,0.29,1,618295,617827,468
43606481,32.0498,32.9724,465,52261,0.393904,0.29,1,618327,617862,465
43609401,21.61,30.5945,454,52301,0.406781,0.31,1,618346,617892,454
43612321,30.722,21.3189,468,52341,0.425356,0.33,1,618379,617911,468
43615241,18.9444,30.6638,451,52381,0.445071,0.31,1,618395,617944,451
43618161,5.38888,18.1328,438,52421,0.449014,0.31,1,618397,617959,438
43621081,12.2778,5.22655,450,52461,0.449803,0.31,1,618411,617961,450
43624001,18.4556,12.2453,456,52501,0.465961,0.33,1,618431,617975,456
43626921,38.0911,17.6491,480,52541,0.501192,0.41,1,618474,617994,480
43629841,36.4182,35.5298,476,52581,0.556238,0.39,1,618510,618034,476
43632761,40.8836,35.906,482,52621,0.567248,0.41,1,618552,618070,482
43635681,28.9767,39.9812,467,52661,0.56945,0.41,1,618578,618111,467
43638601,27.3953,28.7962,468,52701,0.58589,0.43,1,618605,618137,468
43641521,19.8791,26.5592,460,52741,0.589178,0.43,1,618623,618163,460
43644441,31.1758,19.7118,476,52781,0.589836,0.43,1,618657,618181,476
43647361,20.6352,31.1424,460,52821,0.605967,0.39,1,618675,618215,460
43650281,25.727,22.2285,467,52861,0.593193,0.41,1,618702,618235,467
43653201,33.1454,25.2457,476,52901,0.574639,0.41,1,618737,618261,476
43656121,30.6291,32.2491,472,52941,0.570928,0.39,1,618767,618295,472
43659041,22.1258,32.0498,460,52981,0.570186,0.41,1,618787,618327,460
43661961,31.6252,21.61,475,53021,0.618037,0.43,1,618821,618346,475
43664881,19.925,30.722,459,53061,0.659607,0.45,1,618838,618379,459
43667801,5.58501,18.9444,445,53101,0.667922,0.45,1,618840,618395,445
43670721,13.117,5.38888,458,53141,0.685584,0.45,1,618855,618397,458
43673641,19.4234,12.2778,465,53181,0.641117,0.47,1,618876,618411,465
43676561,39.0847,18.4556,489,53221,0.680223,0.51,1,618920,618431,489
43679481,9.41694,38.0911,448,53261,0.704045,0.57,1,618922,618474,448
43682401,32.2834,36.4182,450,53301,0.740809,0.57,1,618960,618510,450
43685321,40.0567,40.8836,450,53340,0.780162,0.57,2,619002,618552,450
43688241,28.8113,28.9767,450,53379,0.788032,0.59,2,619028,618578,450
43691161,28.1623,27.3953,451,53418,0.789606,0.59,2,619056,618605,451
43694081,20.0325,19.8791,451,53457,0.757921,0.59,2,619074,618623,451
43697001,32.0065,31.1758,452,53496,0.767584,0.61,2,619109,618657,452
43699921,20.8013,20.6352,452,53535,0.801517,0.59,2,619127,618675,452
43702841,24.9603,25.727,451,53574,0.776303,0.57,2,619153,618702,451
43705761,32.1921,33.1454,450,53613,0.771261,0.57,2,619187,618737,450
43708681,30.4384,30.6291,450,53652,0.802252,0.57,2,619217,618767,450
43711601,22.0877,22.1258,450,53691,0.84045,0.63,2,619237,618787,450
43714521,34.8175,31.6252,454,53730,0.83209,0.67,2,619275,618821,454
43717441,21.3635,19.925,455,53769,0.862418,0.67,2,619293,618838,455
43720361,5.8727,5.58501,455,53808,0.868484,0.69,2,619295,618840,455
43723281,12.3745,13.117,454,53847,0.837697,0.63,2,619309,618855,454
43726201,20.0749,19.4234,455,53886,0.831539,0.69,2,619331,618876,455
43729121,41.615,39.0847,458,53925,0.878308,0.71,2,619378,618920,458
43732041,9.923,9.41694,458,53964,0.887662,0.75,2,619380,618922,458
43999221,56,41,476,26361,0.09,0.37,1,621936,621460,476
44002141,36,58.6,444,26441,0.17,0.31,1,621967,621523,444
44005061,54.4,36.52,472,26521,0.154,0.21,1,622026,621554,472
44007981,39.68,57.704,445,26601,0.1668,0.01,1,622062,621617,445
44010901,52.736,56.3408,445,26681,0.10536,0.03,1,622118,621673,445
44013821,44.1472,40.8682,450,26760,0.061072,0.07,1,622160,621710,450
44016741,16.0294,30.5736,431,26839,0.0362144,0.03,1,622169,621738,431
44019661,59.2059,27.7147,474,26918,0.0312429,0.05,1,622239,621765,474
44022581,63.8412,74.3429,453,26997,0.0302486,0.09,1,622304,621851,453
44025501,59.9682,82.8686,427,27075,0.0460497,0.19,1,622363,621936,427
44028421,38.3936,41.3737,429,27153,0.11321,0.15,1,622396,621967,429
44031341,54.8787,55.4747,429,27231,0.110642,0.17,1,622455,622026,429
44034261,38.9757,39.8949,428,27309,0.126128,0.09,1,622490,622062,428
44037181,50.9951,52.779,426,27387,0.145226,0.05,1,622544,622118,426
44040101,42.199,44.1558,424,27464,0.117045,0.03,1,622584,622160,424
44043021,16.4398,16.0312,425,27541,0.111409,0.03,1,622594,622169,425
44045941,57.688,59.2062,423,27618,0.0942818,0.03,1,622662,622239,423
44048861,64.3376,63.8412,424,27695,0.0908564,0.05,1,622728,622304,424
44051781,60.0675,59.9682,424,27771,0.186171,0.13,1,622787,622363,424
44054701,40.0135,38.3936,426,27847,0.157234,0.11,1,622822,622396,426
44057621,56.0027,54.8787,427,27923,0.231447,0.13,1,622882,622455,427
44060541,38.4005,38.9757,426,27999,0.230289,0.15,1,622916,622490,426
44063461,51.6801,50.9951,427,28075,0.262058,0.11,1,622971,622544,427
44066381,42.336,42.199,427,28150,0.316412,0.11,1,623011,622584,427
44069301,16.4672,16.4398,427,28225,0.295282,0.09,1,623021,622594,427
44072221,56.0934,57.688,425,28300,0.307056,0.09,1,623087,622662,425
44075141,64.8187,64.3376,426,28375,0.325411,0.09,1,623154,622728,426
44078061,62.5637,12.8675,488,28450,0.409082,0.21,1,623216,622728,488
44080981,40.5127,49.7735,464,28524,0.457816,0.15,1,623251,622787,464
44083901,57.7026,37.9547,491,28598,0.483563,0.25,1,623313,622822,491
44086821,39.5405,55.5909,466,28672,0.472713,0.23,1,623348,622882,466
44089741,53.5081,38.3182,489,28746,0.486543,0.27,1,623405,622916,489
44092661,43.5016,51.6636,475,28820,0.521309,0.33,1,623446,622971,475
44095581,16.7003,42.3327,445,28893,0.528262,0.29,1,623456,623011,445
44098501,56.9401,16.4665,502,28966,0.529652,0.31,1,623523,623021,502
44101421,65.788,56.0933,504,29039,0.56193,0.33,1,623591,623087,504
44104341,67.5576,64.8187,505,29112,0.552386,0.43,1,623659,623154,505
44107261,43.9115,62.5637,481,29185,0.598477,0.47,1,623697,623216,481
44110181,57.5823,40.5127,507,29258,0.623695,0.49,1,623758,623251,507
44113101,38.7165,57.7026,479,29330,0.644739,0.47,1,623792,623313,479
44116021,54.1433,39.5405,502,29402,0.680948,0.49,1,623850,623348,502
44118941,45.2287,53.5081,488,29474,0.67219,0.53,1,623893,623405,488
44121861,17.0457,43.5016,457,29546,0.670438,0.53,1,623903,623446,457
44124781,57.0091,16.7003,514,29618,0.718088,0.53,1,623970,623456,514
44127701,67.4018,56.9401,517,29689,0.711618,0.57,1,624040,623523,517
44130621,67.0804,65.788,516,29760,0.710324,0.55,1,624107,623591,516
44133541,46.2161,67.5576,489,29831,0.710065,0.61,1,624148,623659,489
44136461,10.8432,43.9115,453,29902,0.710013,0.63,1,624150,623697,453
44139381,50.9686,57.5823,453,29973,0.742003,0.65,1,624211,623758,453
44142301,38.1937,38.7165,454,30044,0.812401,0.69,2,624246,623792,454
44145221,55.6387,54.1433,456,30114,0.85848,0.67,2,624306,623850,456
44148141,44.7278,45.2287,455,30184,0.835696,0.67,2,624348,623893,455
44151061,16.9455,17.0457,455,30254,0.831139,0.73,2,624358,623903,455
44153981,59.3891,57.0091,458,30324,0.830228,0.71,2,624428,623970,458
44156901,67.0778,67.4018,457,30394,0.846046,0.71,2,624497,624040,457
44159821,67.0156,67.0804,457,30464,0.897209,0.71,2,624564,624107,457
44162741,46.2031,46.2161,457,30533,0.939442,0.71,2,624605,624148,457
44165661,10.8406,10.8432,457,30602,0.947888,0.75,2,624607,624150,457
44279541,63,62,491,33191,0.43,1,1,626456,625965,491
44282461,44.6,47.6,487,33255,0.222,1,1,626496,626009,487
44285381,31.32,28.72,491,33319,0.1324,1,1,626524,626033,491
44288301,37.464,40.144,487,33382,0.03448,1,1,626563,626076,487
44291221,39.4928,41.6288,485,33445,0.006896,1,1,626603,626118,485
44294141,35.8986,28.3258,495,33508,0.0093792,1,1,626638,626143,495
44297061,40.7797,48.8652,483,33571,0.0898758,1,1,626680,626197,483
44299981,40.1559,45.773,478,33634,0.121975,0.99,1,626720,626242,478
44302901,26.4312,32.3546,472,33697,0.080395,0.91,1,626743,626271,472
44305821,41.2862,48.0709,465,33760,0.072079,0.69,1,626788,626323,465
44308741,55.4572,65.6142,454,33823,0.0864158,0.43,1,626847,626393,454
44311661,46.2914,63.5228,435,33886,0.105283,0.17,1,626891,626456,435
44314581,38.0583,44.7046,431,33948,0.0930566,0.11,1,626927,626496,431
44317501,22.8117,31.3409,422,34010,0.0746113,0.01,1,626946,626524,422
44320421,36.5623,37.4682,423,34072,0.0149223,0,1,626986,626563,423
44323341,38.5125,39.4936,422,34134,0.00298445,0.01,1,627025,626603,422
44326261,35.7025,35.8987,422,34196,0.0885969,0.11,1,627060,626638,422
44329181,40.7405,40.7797,422,34258,0.0737194,0.11,1,627102,626680,422
44332101,40.9481,8.15595,463,34320,0.102744,0.13,1,627143,626680,463
44335021,28.1896,33.6312,448,34382,0.0925488,0.07,1,627168,626720,448
44337941,41.6379,25.1262,470,34443,0.0425098,0.07,1,627213,626743,470
44340861,55.5276,41.0252,484,34504,0.080502,0.09,1,627272,626788,484
44343781,43.9055,55.405,466,34565,0.1041,0.11,1,627313,626847,466
44346701,38.3811,46.281,459,34626,0.12482,0.09,1,627350,626891,459
44349621,22.0762,38.0562,441,34687,0.128964,0.07,1,627368,626927,441
44352541,35.6152,22.8112,461,34748,0.113793,0,1,627407,626946,461
44355461,39.123,36.5622,461,34809,0.0467586,0,1,627447,626986,461
44358381,35.0246,38.5124,456,34870,0.0653517,0.11,1,627481,627025,456
44361301,41.4049,35.7025,464,34931,0.0370703,0.07,1,627524,627060,464
44364221,44.281,40.7405,467,34992,0.0634141,0.11,1,627569,627102,467
44367141,28.0562,40.9481,450,35052,0.0846828,0.09,1,627593,627143,450
44370061,40.0112,28.1896,468,35112,0.0889366,0.03,1,627636,627168,468
44372981,56.8022,41.6379,484,35172,0.169787,0.09,1,627697,627213,484
44375901,44.9605,55.5276,467,35232,0.217957,0.11,1,627739,627272,467
44378821,39.3921,43.9055,464,35292,0.227591,0.13,1,627777,627313,464
44381741,22.2784,38.3811,445,35352,0.229518,0.13,1,627795,627350,445
44384661,31.6557,22.0762,461,35412,0.245904,0.11,1,627829,627368,461
44387581,39.1311,35.6152,463,35472,0.169181,0.03,1,627870,627407,463
44390501,33.4262,39.123,455,35532,0.153836,0.07,1,627902,627447,455
44393421,41.8852,35.0246,465,35591,0.102767,0.03,1,627946,627481,465
44396341,45.9771,41.4049,469,35650,0.124553,0.07,1,627993,627524,469
44399261,10.7954,44.281,426,35709,0.144911,0.09,1,627995,627569,426
44402181,21.3591,28.0562,426,35768,0.180982,0.09,1,628019,627593,426
44405101,38.6718,40.0112,426,35827,0.204196,0.19,1,628062,627636,426
44408021,60.5344,56.8022,431,35886,0.272839,0.23,1,628128,627697,431
44410941,47.3069,44.9605,433,35945,0.270568,0.23,1,628172,627739,433
44413861,39.8614,39.3921,433,36004,0.270114,0.23,1,628210,627777,433
44416781,22.3723,22.2784,433,36063,0.270023,0.25,1,628228,627795,433
44419701,32.4745,31.6557,434,36122,0.302005,0.15,1,628263,627829,434
44422621,34.4949,39.1311,428,36181,0.292401,0.15,1,628298,627870,428
44425541,31.699,33.4262,427,36239,0.30648,0.09,1,628329,627902,427
44428461,40.7398,41.8852,426,36297,0.341296,0.13,1,628372,627946,426
44431381,48.148,45.9771,429,36355,0.332259,0.15,1,628422,627993,429
44434301,11.2296,10.7954,429,36413,0.330452,0.19,1,628424,627995,429
44437221,22.2459,21.3591,430,36471,0.31409,0.21,1,628449,628019,430
44440141,38.8492,38.6718,430,36529,0.342818,0.29,1,628492,628062,430
44443061,63.7698,60.5344,434,36587,0.380564,0.27,1,628562,628128,434
44445981,48.754,47.3069,435,36645,0.404113,0.27,1,628607,628172,435
44448901,40.1508,39.8614,435,36703,0.408823,0.27,1,628645,628210,435
44451821,22.4302,22.3723,435,36761,0.393764,0.31,1,628663,628228,435
44454741,32.486,32.4745,435,36818,0.390753,0.29,1,628698,628263,435
44457661,33.6972,34.4949,434,36875,0.390151,0.31,1,628732,628298,434
44460581,32.3394,31.699,435,36932,0.42203,0.35,1,628764,628329,435
44463501,42.4679,40.7398,437,36989,0.412406,0.33,1,628809,628372,437
44466421,47.6936,48.148,436,37046,0.458481,0.33,1,628858,628422,436
44469341,11.1387,11.2296,436,37103,0.435696,0.31,1,628860,628424,436
44472261,21.4277,22.2459,435,37160,0.463139,0.31,1,628884,628449,435
44475181,40.2855,4.44918,480,37217,0.468628,0.35,1,628929,628449,480
44478101,66.4571,35.2898,510,37274,0.469726,0.39,1,629002,628492,510
44481021,48.4914,63.058,484,37331,0.501945,0.41,1,629046,628562,484
44483941,40.8983,48.6116,478,37388,0.556389,0.41,1,629085,628607,478
44486861,22.5797,40.1223,458,37445,0.535278,0.39,1,629103,628645,458
44489781,32.5159,22.4245,475,37501,0.547056,0.39,1,629138,628663,475
44492701,33.7032,32.4849,474,37557,0.565411,0.39,1,629172,628698,474
44495621,32.3406,33.697,472,37613,0.569082,0.43,1,629204,628732,472
44498541,41.6681,32.3394,484,37669,0.569816,0.41,1,629248,628764,484
44501461,49.9336,42.4679,491,37725,0.585963,0.47,1,629300,628809,491
44504381,11.5867,47.6936,444,37781,0.589193,0.43,1,629302,628858,444
44507301,23.9173,11.1387,469,37837,0.637839,0.47,1,629329,628860,469
44510221,39.9835,21.4277,489,37893,0.663568,0.47,1,629373,628884,489
44513141,67.1967,40.2855,518,37949,0.652714,0.47,1,629447,628929,518
44516061,49.4393,66.4571,490,38005,0.714543,0.51,1,629492,629002,490
44518981,41.8879,48.4914,486,38061,0.758909,0.57,2,629532,629046,486
44521901,22.7776,40.8983,465,38117,0.783782,0.53,2,629550,629085,465
44524821,33.3555,22.5797,483,38172,0.804756,0.55,2,629586,629103,483
44527741,34.6711,32.5159,483,38227,0.840951,0.57,2,629621,629138,483
44530661,32.5342,33.7032,481,38282,0.84819,0.57,2,629653,629172,481
44533581,41.7068,32.3406,493,38337,0.865638,0.57,2,629697,629204,493
44536501,50.7414,41.6681,502,38392,0.853128,0.59,2,629750,629248,502
44539421,11.7483,49.9336,452,38447,0.850626,0.59,2,629752,629300,452
44542341,27.1497,11.5867,481,38502,0.866125,0.65,2,629783,629302,481
44545261,40.6299,23.9173,498,38557,0.917225,0.67,2,629827,629329,498
44548181,67.326,39.9835,528,38612,0.927445,0.65,2,629901,629373,528
44551101,15.0652,67.1967,456,38667,0.929489,0.73,2,629903,629447,456
44708781,47,27,530,41511,0.73,1,1,631894,631364,530
44711701,38.2,40.6,522,41562,0.666,1,1,631930,631408,522
44714621,33.24,28.92,528,41613,0.6212,1,1,631962,631434,528
44717541,23.448,28.984,520,41664,0.54824,1,1,631983,631463,520
44720461,23.8896,36.1968,506,41715,0.581648,1,1,632007,631501,506
44723381,30.3779,33.6394,505,41766,0.55633,1,1,632039,631534,505
44726301,30.8756,38.7279,496,41817,0.535266,1,1,632070,631574,496
44729221,64.5751,67.7456,494,41867,0.435053,1,1,632143,631649,494
44732141,36.915,39.9491,491,41917,0.383011,1,1,632173,631682,491
44735061,20.983,34.3898,475,41967,0.452602,0.96,1,632190,631715,475
44737981,23.3966,26.078,475,42017,0.49852,1,1,632214,631739,475
44740901,31.8793,38.8156,467,42067,0.539704,0.87,1,632248,631781,467
44743821,30.3759,35.7631,462,42117,0.547941,0.89,1,632278,631816,462
44746741,28.4752,31.9526,459,42167,0.517588,0.73,1,632306,631847,459
44749661,39.295,43.9905,454,42217,0.495518,0.65,1,632348,631894,454
44752581,34.259,37.5981,451,42267,0.475104,0.61,1,632381,631930,451
44755501,30.0518,33.1196,448,42317,0.487021,0.53,1,632410,631962,448
44758421,22.8104,23.4239,448,42367,0.457404,0.59,1,632431,631983,448
44761341,21.3621,23.8848,445,42417,0.467481,0.55,1,632452,632007,445
44764261,28.2724,30.377,443,42467,0.533496,0.53,1,632482,632039,443
44767181,32.0545,30.8754,445,42517,0.514699,0.41,1,632515,632070,445
44770101,60.8109,64.5751,440,42567,0.52694,0.37,1,632583,632143,440
44773021,36.1622,36.915,440,42617,0.529388,0.47,1,632613,632173,440
44775941,24.8324,20.983,445,42667,0.529878,0.51,1,632635,632190,445
44778861,24.1665,23.3966,445,42716,0.529976,0.55,1,632659,632214,445
44781781,32.0333,31.8793,445,42765,0.497995,0.55,1,632693,632248,445
44784701,32.0067,30.3759,447,42814,0.507599,0.51,1,632725,632278,447
44787621,27.2013,28.4752,445,42863,0.54152,0.49,1,632751,632306,445
44790541,39.8403,39.295,446,42912,0.596304,0.47,1,632794,632348,446
44793461,31.9681,34.259,443,42961,0.607261,0.49,1,632824,632381,443
44796381,30.3936,30.0518,444,43010,0.625452,0.49,1,632854,632410,444
44799301,22.8787,6.01036,465,43059,0.62909,0.45,1,632875,632410,465
44802221,21.3757,18.0021,465,43108,0.613818,0.47,1,632896,632431,465
44805141,30.6751,20.4004,477,43157,0.610764,0.55,1,632929,632452,477
44808061,31.735,28.0801,479,43206,0.642153,0.51,1,632961,632482,479
44810981,61.547,32.016,515,43255,0.696431,0.53,1,633030,632515,515
44813901,36.3094,60.8032,477,43304,0.707286,0.53,1,633060,632583,477
44816821,24.8619,36.1606,469,43353,0.725457,0.53,1,633082,632613,469
44819741,24.1724,24.8321,471,43402,0.729091,0.53,1,633106,632635,471
44822661,30.4345,24.1664,479,43451,0.761818,0.49,2,633138,632659,479
44825581,32.4869,32.0333,478,43500,0.752364,0.51,2,633171,632693,478
44828501,27.2974,32.0067,472,43549,0.750473,0.55,2,633197,632725,472
44831421,42.2595,27.2013,492,43597,0.798095,0.61,2,633243,632751,492
44834341,32.4519,39.8403,479,43645,0.807619,0.61,2,633273,632794,479
44837261,32.0904,31.9681,481,43693,0.825524,0.63,2,633305,632824,481
44840181,22.4181,30.3936,471,43741,0.861105,0.63,2,633325,632854,471
44843101,22.0836,22.8787,472,43789,0.868221,0.61,2,633347,632875,472
44846021,30.8167,21.3757,484,43837,0.869644,0.61,2,633380,632896,484
44848941,33.3633,30.6751,485,43885,0.885929,0.65,2,633414,632929,485
44851861,64.2727,31.735,525,43933,0.921186,0.71,2,633486,632961,525
45142401,84,84,502,22093,0.01,0.75,1,636753,636251,502
45145321,56.8,68.8,487,22189,0.042,0.51,1,636803,636316,487
45148241,56.96,65.76,479,22285,0.0484,0.29,1,636860,636381,479
45151161,49.792,65.152,462,22380,0.08168,0.05,1,636908,636446,462
45154081,53.9584,80.2304,433,22475,0.056336,0.03,1,636963,636530,433
45157001,32.3917,35.2461,436,22569,0.0352672,0.01,1,636990,636554,436
45159921,88.0783,23.8492,517,22663,0.0630534,0.05,1,637092,636575,517
45162841,84.0157,79.9698,506,22757,0.0366107,0.01,1,637175,636669,506
45165761,56.8031,83.194,472,22850,0.0473221,0.05,1,637225,636753,472
45168681,57.7606,56.6388,480,22943,0.0974644,0.05,1,637283,636803,480
45171601,50.7521,56.9278,472,23035,0.139493,0.09,1,637332,636860,472
45174521,51.7504,49.7856,476,23127,0.131899,0.05,1,637384,636908,476
45177441,31.9501,53.9571,448,23219,0.0823797,0.03,1,637411,636963,448
45180361,89.59,32.3914,525,23310,0.0244759,0.07,1,637515,636990,525
45183281,85.918,88.0783,508,23401,0.0128952,0.03,1,637600,637092,508
45186201,57.1836,84.0157,475,23492,0.026579,0.05,1,637650,637175,475
45189121,58.6367,56.8031,484,23582,0.0933158,0.11,1,637709,637225,484
45192041,50.9273,57.7606,475,23672,0.106663,0.15,1,637758,637283,475
45194961,50.9855,50.7521,477,23762,0.125333,0.13,1,637809,637332,477
45197881,32.5971,51.7504,453,23851,0.129067,0.07,1,637837,637384,453
45200801,88.1194,31.9501,528,23940,0.0338133,0.01,1,637939,637411,528
45203721,19.2239,89.59,426,24029,0.0147627,0.01,1,637941,637515,426
45206641,70.2448,85.918,424,24117,0.0429525,0.03,1,638024,637600,424
45209561,53.249,57.1836,423,24205,0.0165905,0.11,1,638073,637650,423
45212481,61.0498,58.6367,427,24293,0.0273181,0.11,1,638136,637709,427
45215401,51.41,50.9273,427,24380,0.0134636,0.13,1,638185,637758,427
45218321,51.882,50.9855,428,24467,0.0266927,0.13,1,638237,637809,428
45221241,33.5764,32.5971,429,24554,0.0453385,0.01,1,638266,637837,429
45224161,82.7153,88.1194,422,24640,0.0650677,0.01,1,638361,637939,422
45227081,18.1431,19.2239,422,24726,0.101014,0.05,1,638363,637941,422
45230001,70.0286,70.2448,422,24812,0.124203,0.01,1,638446,638024,422
45232921,53.2057,53.249,422,24897,0.0968405,0.03,1,638495,638073,422
45235841,61.8411,61.0498,423,24982,0.0753681,0.01,1,638559,638136,423
45238761,50.7682,51.41,422,25067,0.103074,0.03,1,638607,638185,422
45241681,52.5536,51.882,423,25152,0.140615,0.05,1,638660,638237,423
45244601,33.7107,33.5764,423,25236,0.148123,0.07,1,638689,638266,423
45247521,82.7421,82.7153,423,25320,0.229625,0.11,1,638784,638361,423
45250441,18.1484,18.1431,423,25404,0.245925,0.13,1,638786,638363,423
45253361,72.4297,70.0286,426,25487,0.297185,0.13,1,638872,638446,426
45256281,53.6859,14.0057,475,25570,0.291437,0.09,1,638921,638446,475
45259201,60.3372,42.0011,488,25653,0.290287,0.07,1,638983,638495,488
45262121,50.4674,59.6002,472,25736,0.338057,0.11,1,639031,638559,472
45265041,54.8935,50.32,480,25818,0.427612,0.15,1,639087,638607,480
45267961,34.9787,52.464,457,25900,0.445522,0.15,1,639117,638660,457
45270881,85.3957,33.6928,526,25982,0.465104,0.25,1,639215,638689,526
45273801,18.6791,82.7386,433,26064,0.469021,0.25,1,639217,638784,433
45276721,74.9358,18.1477,520,26145,0.485804,0.31,1,639306,638786,520
45279641,54.9872,72.4295,484,26226,0.505161,0.29,1,639356,638872,484
45282561,61.3974,53.6859,498,26307,0.573032,0.29,1,639419,638921,498
45285481,53.0795,60.3372,487,26388,0.602606,0.35,1,639470,638983,487
45288401,58.6159,50.4674,499,26468,0.656521,0.45,1,639530,639031,499
45291321,35.7232,54.8935,473,26548,0.683304,0.45,1,639560,639087,473
45294241,87.1446,34.9787,543,26628,0.704661,0.47,1,639660,639117,543
45297161,19.0289,85.3957,447,26708,0.708932,0.47,1,639662,639215,447
45300081,75.0058,18.6791,534,26787,0.725786,0.49,1,639751,639217,534
45303001,56.6012,74.9358,497,26866,0.745157,0.51,1,639803,639306,497
45305921,12.9202,54.9872,449,26945,0.749031,0.59,1,639805,639356,449
45308841,54.584,61.3974,451,27024,0.765806,0.61,2,639870,639419,451
45311761,52.5168,53.0795,452,27102,0.753161,0.67,2,639922,639470,452
45314681,61.7034,58.6159,456,27180,0.750632,0.69,2,639986,639530,456
45317601,36.3407,35.7232,456,27258,0.734126,0.71,1,640016,639560,456
45320521,88.0681,87.1446,457,27336,0.778825,0.71,2,640117,639660,457
45323441,19.2136,19.0289,457,27413,0.755765,0.73,2,640119,639662,457
45326361,76.6427,75.0058,459,27490,0.815153,0.75,2,640210,639751,459
45329281,55.3285,56.6012,457,27567,0.811031,0.75,2,640260,639803,457
45332201,12.6657,12.9202,457,27644,0.858206,0.77,2,640262,639805,457
45335121,56.1331,54.584,459,27721,0.867641,0.75,2,640329,639870,459
45338041,52.8266,52.5168,459,27797,0.853528,0.75,2,640381,639922,459
45340961,60.1653,61.7034,457,27873,0.898706,0.73,2,640443,639986,457
45343881,36.8331,36.3407,458,27949,0.891741,0.79,2,640474,640016,458
45346801,88.9666,88.0681,459,28025,0.938348,0.75,2,640576,640117,459
45349721,19.3933,19.2136,459,28101,0.94767,0.83,2,640578,640119,459
45446081,60,40,500,30489,0.67,1,1,642282,641782,500
45449001,39.2,28.8,508,30558,0.542,1,1,642316,641808,508
45451921,33.44,50.56,484,30627,0.5484,1,1,642348,641864,484
45454841,41.888,34.112,498,30696,0.42168,1,1,642392,641894,498
45457761,79.5776,86.0224,488,30765,0.268336,1,1,642481,641993,488
45460681,43.9155,40.4045,494,30834,0.189667,1,1,642516,642022,494
45463601,59.1831,70.4809,479,30903,0.125933,0.94,1,642579,642100,479
45466521,39.0366,46.0962,473,30971,0.0651867,0.97,1,642613,642140,473
45469441,41.4073,46.0192,469,31039,0.0850373,0.87,1,642655,642186,469
45472361,33.0815,38.0038,464,31107,0.0890075,0.67,1,642686,642222,464
45475281,45.8163,55.6008,453,31175,0.137801,0.51,1,642735,642282,453
45478201,32.3633,38.3202,448,31243,0.11556,0.55,1,642764,642316,448
45481121,30.4727,33.264,446,31311,0.143112,0.55,1,642794,642348,446
45484041,39.6945,6.65281,488,31379,0.116622,0.39,1,642836,642348,488
45486961,67.9389,36.5306,519,31446,0.175324,0.23,1,642911,642392,519
45489881,40.7878,78.5061,464,31513,0.235065,0.17,1,642945,642481,464
45492801,53.7576,43.7012,486,31580,0.295013,0.11,1,643002,642516,486
45495721,37.1515,59.1402,456,31647,0.275003,0.05,1,643035,642579,456
45498641,41.8303,39.028,465,31714,0.287001,0.09,1,643078,642613,465
45501561,34.7661,41.4056,456,31781,0.2734,0.09,1,643111,642655,456
45504481,47.7532,33.0811,476,31848,0.28668,0.15,1,643162,642686,476
45507401,31.9506,45.8162,455,31914,0.321336,0.11,1,643190,642735,455
45510321,30.3901,32.3632,456,31980,0.328267,0.15,1,643220,642764,456
45513241,39.678,30.4726,468,32046,0.329653,0.11,1,643262,642794,468
45516161,69.5356,39.6945,503,32112,0.345931,0.19,1,643339,642836,503
45519081,45.1071,67.9389,467,32178,0.349186,0.25,1,643378,642911,467
45522001,57.8214,40.7878,494,32244,0.381837,0.31,1,643439,642945,494
45524921,37.1643,53.7576,469,32310,0.404367,0.27,1,643471,643002,469
45527841,41.0329,37.1515,478,32375,0.408873,0.29,1,643513,643035,478
45530761,34.6066,41.8303,468,32440,0.409775,0.27,1,643546,643078,468
45533681,49.3213,34.7661,488,32505,0.425955,0.29,1,643599,643111,488
45536601,32.2643,47.7532,465,32570,0.445191,0.33,1,643627,643162,465
45539521,30.4529,31.9506,467,32635,0.481038,0.33,1,643657,643190,467
45542441,39.6906,30.3901,479,32700,0.488208,0.33,1,643699,643220,479
45545361,70.3381,39.678,515,32765,0.489642,0.35,1,643777,643262,515
45548281,15.6676,69.5356,440,32830,0.489928,0.35,1,643779,643339,440
45551201,33.5335,45.1071,439,32894,0.553986,0.39,1,643817,643378,439
45554121,57.9067,57.8214,442,32958,0.582797,0.41,1,643881,643439,442
45557041,37.1813,37.1643,442,33022,0.588559,0.41,1,643913,643471,442
45559961,41.0363,41.0329,442,33086,0.621712,0.41,1,643955,643513,442
45562881,35.4073,34.6066,443,33150,0.596342,0.43,1,643989,643546,443
45565801,50.2815,49.3213,444,33214,0.623268,0.45,1,644043,643599,444
45568721,33.2563,32.2643,445,33278,0.628654,0.49,1,644072,643627,445
45571641,31.4513,30.4529,446,33342,0.645731,0.49,1,644103,643657,446
45574561,39.8903,39.6906,446,33405,0.649146,0.49,1,644145,643699,446
45577481,70.3781,70.3381,446,33468,0.665829,0.49,1,644223,643777,446
45580401,15.6756,15.6676,446,33531,0.685166,0.57,1,644225,643779,446
45583321,35.1351,33.5335,448,33594,0.721033,0.59,1,644265,643817,448
45586241,59.027,57.9067,449,33657,0.712207,0.59,1,644330,643881,449
45589161,39.0054,37.1813,451,33720,0.742441,0.63,1,644364,643913,451
45592081,41.4011,41.0363,451,33783,0.764488,0.59,2,644406,643955,451
45595001,35.4802,35.4073,451,33846,0.752898,0.63,2,644440,643989,451
45597921,50.296,50.2815,451,33908,0.76658,0.63,2,644494,644043,451
45600841,34.8592,33.2563,453,33970,0.801316,0.65,2,644525,644072,453
45603761,30.9718,31.4513,452,34032,0.856263,0.65,2,644555,644103,452
45606681,40.5944,39.8903,453,34094,0.867253,0.67,2,644598,644145,453
45609601,71.3189,70.3781,454,34156,0.901451,0.69,2,644677,644223,454
45612521,15.8638,15.6756,454,34218,0.90829,0.69,2,644679,644225,454
45615441,37.5728,3.13512,497,34280,0.909658,0.73,2,644722,644225,497
45618361,57.1146,32.627,519,34342,0.925932,0.71,2,644784,644265,519
45621281,41.0229,58.5254,491,34404,0.945186,0.75,2,644821,644330,491
45752681,41,50,483,37066,0.73,1,1,646689,646206,483
45755601,38.6,30,496,37123,0.666,1,1,646727,646231,496
45758521,30.92,31.6,493,37180,0.6532,1,1,646756,646263,493
45761441,26.184,6.32,518,37237,0.60264,1,1,646781,646263,518
45764361,34.8368,20.464,531,37294,0.592528,1,1,646818,646287,531
45767281,51.7674,39.2928,543,37351,0.494506,0.93,1,646874,646331,543
45770201,35.9535,59.8586,510,37408,0.410901,1,1,646906,646396,510
45773121,31.1907,41.5717,503,37464,0.37818,1,1,646936,646433,503
45776041,33.4381,36.3143,502,37520,0.419636,0.99,1,646970,646468,502
45778961,69.0876,31.2629,550,37576,0.331927,0.97,1,647048,646498,550
45781881,41.8175,75.8526,498,37632,0.298385,0.87,1,647083,646585,498
45784801,28.3635,44.7705,486,37688,0.291677,0.79,1,647108,646622,486
45787721,32.8727,29.7541,494,37744,0.242335,0.73,1,647142,646648,494
45790641,35.3745,38.7508,489,37800,0.184467,0.65,1,647178,646689,489
45793561,29.4749,38.1502,479,37856,0.204893,0.65,1,647206,646727,479
45796481,22.695,30.83,471,37912,0.176979,0.59,1,647227,646756,471
45799401,34.139,26.166,483,37968,0.187396,0.59,1,647264,646781,483
45802321,49.2278,34.8332,499,38024,0.237479,0.47,1,647317,646818,499
45805241,33.0456,51.7666,472,38080,0.263496,0.39,1,647346,646874,472
45808161,31.4091,35.9533,471,38135,0.220699,0.37,1,647377,646906,471
45811081,34.2818,31.1907,476,38190,0.22814,0.43,1,647412,646936,476
45814001,63.6564,33.4381,513,38245,0.245628,0.31,1,647483,646970,513
45816921,40.7313,69.0876,470,38300,0.281126,0.29,1,647518,647048,470
45819841,26.5463,41.8175,458,38355,0.272225,0.29,1,647541,647083,458
45822761,30.9093,28.3635,465,38410,0.286445,0.23,1,647573,647108,465
45825681,34.9819,32.8727,467,38465,0.289289,0.17,1,647609,647142,467
45828601,28.5964,35.3745,458,38520,0.273858,0.21,1,647636,647178,458
45831521,21.7193,29.4749,450,38575,0.334772,0.17,1,647656,647206,450
45834441,5.94385,22.695,431,38630,0.346954,0.19,1,647658,647227,431
45837361,32.3888,34.139,433,38685,0.333391,0.25,1,647697,647264,433
45840281,49.6778,49.2278,434,38740,0.394678,0.27,1,647751,647317,434
45843201,33.9356,33.0456,435,38795,0.422936,0.21,1,647781,647346,435
45846121,29.1871,31.4091,432,38849,0.396587,0.23,1,647809,647377,432
45849041,35.4374,34.2818,434,38903,0.407317,0.25,1,647846,647412,434
45851961,63.8875,63.6564,434,38957,0.393463,0.29,1,647917,647483,434
45854881,42.3775,40.7313,436,39011,0.438693,0.27,1,647954,647518,436
45857801,25.2755,26.5463,434,39065,0.463739,0.29,1,647975,647541,434
45860721,32.2551,30.9093,436,39119,0.468748,0.29,1,648009,647573,436
45863641,34.451,34.9819,435,39173,0.45375,0.27,1,648044,647609,435
45866561,30.0902,28.5964,437,39227,0.46675,0.35,1,648073,647636,437
45869481,22.018,21.7193,437,39281,0.48535,0.35,1,648093,647656,437
45872401,6.00361,5.94385,437,39335,0.45707,0.33,1,648095,647658,437
45875321,30.8007,32.3888,435,39389,0.467414,0.41,1,648132,647697,435
45878241,54.1601,49.6778,441,39443,0.517483,0.43,1,648192,647751,441
45881161,34.832,33.9356,441,39497,0.543497,0.39,1,648222,647781,441
45884081,29.3664,29.1871,441,39550,0.548699,0.41,1,648250,647809,441
45887001,34.6733,35.4374,440,39603,0.54974,0.39,1,648286,647846,440
45889921,64.5347,63.8875,441,39656,0.565948,0.45,1,648358,647917,441
45892841,44.9069,42.3775,444,39709,0.60119,0.47,1,648398,647954,444
45895761,24.9814,25.2755,443,39762,0.576238,0.47,1,648418,647975,443
45898681,32.1963,32.2551,443,39815,0.603248,0.45,1,648452,648009,443
45901601,35.2393,34.451,444,39868,0.65665,0.47,1,648488,648044,444
45904521,30.2479,30.0902,444,39921,0.65133,0.49,1,648517,648073,444
45907441,22.0496,22.018,444,39974,0.650266,0.45,1,648537,648093,444
45910361,6.00991,6.00361,444,40027,0.650053,0.47,1,648539,648095,444
45913281,30.002,30.8007,443,40080,0.698011,0.47,1,648575,648132,443
45916201,55.6004,6.16014,505,40133,0.659602,0.53,1,648637,648132,505
45919121,35.9201,49.232,476,40186,0.66792,0.55,1,648668,648192,476
45922041,29.584,33.8464,474,40239,0.685584,0.55,1,648696,648222,474
45924961,34.7168,29.1693,482,40291,0.705117,0.55,1,648732,648250,482
45927881,65.3434,34.6339,519,40343,0.757023,0.57,2,648805,648286,519
45930801,46.6687,64.5268,489,40395,0.799405,0.61,2,648847,648358,489
45933721,26.1337,44.9054,470,40447,0.807881,0.57,2,648868,648398,470
45936641,33.2267,24.9811,485,40499,0.825576,0.61,2,648903,648418,485
45939561,36.2453,32.1962,488,40551,0.845115,0.67,2,648940,648452,488
45942481,31.2491,35.2392,482,40603,0.849023,0.65,2,648970,648488,482
45945401,23.0498,30.2478,474,40655,0.833805,0.65,2,648991,648517,474
45948321,6.20996,22.0496,456,40707,0.830761,0.65,2,648993,648537,456
45951241,30.042,6.00991,490,40759,0.846152,0.71,2,649029,648539,490
45954161,54.8084,30.002,515,40811,0.86523,0.65,2,649090,648575,515
45957081,37.3617,55.6004,486,40863,0.885046,0.67,2,649123,648637,486
46114761,33,23,515,43565,0.89,1,2,650994,650479,515
46117681,35.4,29.4,520,43613,0.85,1,2,651030,650510,520
46120601,42.28,41.88,519,43661,0.802,1,2,651074,650555,519
46123521,36.456,37.976,517,43709,0.7604,1,2,651109,650592,517
46126441,36.8912,30.7952,525,43757,0.67208,1,1,651146,650621,525
46129361,36.1782,31.759,529,43805,0.558416,1,1,651182,650653,529
46132281,32.0356,43.9518,513,43853,0.487683,1,1,651213,650700,513
46135201,35.2071,44.7904,504,43901,0.441537,1,1,651249,650745,504
46138121,43.0414,36.1581,515,43949,0.416307,0.96,1,651294,650779,515
46141041,33.4083,32.0316,515,43997,0.395261,1,1,651325,650810,515
46143961,33.0817,39.2063,507,44045,0.423052,1,1,651358,650851,507
46146881,33.8163,34.2413,508,44093,0.38061,1,1,651392,650884,508
46149801,23.5633,34.8483,494,44141,0.404122,0.87,1,651413,650919,494
46152721,22.3127,24.5697,494,44189,0.408824,0.93,1,651435,650941,494
46155641,26.8625,20.9139,502,44237,0.457765,0.89,1,651463,650961,502
46158561,29.3725,30.5828,499,44285,0.467553,0.84,1,651493,650994,499
46161481,37.8745,34.9166,503,44333,0.421511,0.79,1,651533,651030,503
46164401,34.7749,42.1833,493,44381,0.428302,0.75,1,651567,651074,493
46167321,32.555,36.4367,490,44429,0.46166,0.65,1,651599,651109,490
46170241,8.111,36.8873,455,44476,0.468332,0.53,1,651601,651146,455
46173161,24.8222,36.1775,448,44523,0.549666,0.47,1,651630,651182,448
46176081,26.5644,32.0355,444,44570,0.549933,0.43,1,651657,651213,444
46179001,34.1129,35.2071,444,44617,0.533987,0.41,1,651693,651249,444
46181921,38.8226,43.0414,439,44664,0.578797,0.39,1,651733,651294,439
46184841,29.3645,33.4083,435,44711,0.61976,0.43,1,651760,651325,435
46187761,33.8729,33.0817,437,44758,0.627952,0.37,1,651795,651358,437
46190681,38.7746,33.8163,443,44805,0.69359,0.41,1,651835,651392,443
46193601,22.9549,23.5633,441,44852,0.690718,0.41,1,651854,651413,441
46196521,22.991,22.3127,442,44899,0.642144,0.47,1,651877,651435,442
46199441,29.3982,26.8625,445,44946,0.648429,0.47,1,651908,651463,445
46202361,29.8796,29.3725,445,44993,0.681686,0.41,1,651938,651493,445
46205281,36.3759,37.8745,443,45040,0.688337,0.43,1,651976,651533,443
46208201,36.0752,34.7749,445,45087,0.705667,0.47,1,652012,651567,445
46211121,33.615,32.555,446,45134,0.725134,0.47,1,652045,651599,446
46214041,8.32301,8.111,446,45181,0.729027,0.57,1,652047,651601,446
46216961,26.4646,24.8222,448,45228,0.681805,0.55,1,652078,651630,448
46219881,26.8929,26.5644,448,45275,0.736361,0.53,1,652105,651657,448
46222801,34.1786,34.1129,448,45322,0.715272,0.59,1,652141,651693,448
46225721,41.2357,38.8226,451,45369,0.727054,0.63,1,652184,651733,451
46228641,29.0471,29.3645,450,45415,0.729411,0.63,1,652210,651760,450
46231561,36.2094,33.8729,453,45461,0.793882,0.71,2,652248,651795,453
46234481,40.8419,38.7746,455,45507,0.806776,0.69,2,652290,651835,455
46237401,22.5684,22.9549,454,45553,0.809355,0.63,2,652308,651854,454
46240321,22.1137,22.991,453,45599,0.825871,0.65,2,652330,651877,453
46243241,30.0227,29.3982,454,45645,0.829174,0.69,2,652362,651908,454
46246161,30.0045,29.8796,454,45691,0.813835,0.69,2,652392,651938,454
46249081,36.4009,36.3759,454,45737,0.842767,0.71,2,652430,651976,454
46252001,38.4802,36.0752,457,45783,0.848553,0.73,2,652469,652012,457
46254921,33.296,33.615,456,45829,0.849711,0.73,2,652501,652045,456
46257841,8.25921,8.32301,456,45875,0.849942,0.67,2,652503,652047,456
46260761,26.4518,26.4646,456,45921,0.865988,0.67,2,652534,652078,456
46263681,26.8904,5.29292,483,45967,0.837198,0.75,2,652561,652078,483
46266601,34.1781,22.6586,492,46013,0.84744,0.71,2,652597,652105,492
46269521,42.0356,33.3317,500,46059,0.865488,0.73,2,652641,652141,500
46272441,29.2071,41.0663,483,46105,0.869098,0.73,2,652667,652184,483
46275361,37.8414,29.0133,497,46151,0.853819,0.81,2,652707,652210,497
46278281,41.1683,36.2027,501,46197,0.866764,0.81,2,652749,652248,501
46281201,22.6337,40.8405,477,46243,0.869353,0.81,2,652767,652290,477
46284121,22.9267,22.5681,482,46289,0.917871,0.83,2,652790,652308,482
46462241,32,28,521,48987,0.81,1,2,654654,654133,521
46465161,29.6,40,507,49030,0.762,1,2,654683,654176,507
46468081,21.92,27.2,503,49073,0.7044,0.98,1,654703,654200,503
46471001,23.584,22.24,506,49116,0.62888,1,1,654727,654221,506
46473921,35.9168,38.048,503,49159,0.597776,1,1,654766,654263,503
46476841,35.9834,34.0096,506,49202,0.543555,0.91,1,654802,654296,506
46479761,45.5967,29.2019,526,49245,0.564711,1,1,654850,654324,526
46482681,36.3193,50.6404,504,49288,0.568942,1,1,654884,654380,504
46485601,24.8639,37.3281,492,49331,0.553788,0.99,1,654906,654414,492
46488521,15.3728,24.2656,484,49374,0.534758,0.95,1,654919,654435,484
46491441,19.8746,15.2531,492,49417,0.578952,1,1,654940,654448,492
46494361,31.1749,21.4506,503,49460,0.55579,0.87,1,654974,654471,503
46497281,30.235,33.0901,497,49503,0.567158,0.84,1,655004,654507,497
46500201,23.647,33.818,485,49546,0.537432,0.97,1,655026,654541,485
46503121,26.3294,22.7636,492,49589,0.547486,0.93,1,655053,654561,492
46506041,34.0659,26.1527,501,49631,0.565497,0.87,1,655089,654588,501
46508961,28.4132,32.4305,494,49673,0.633099,0.81,1,655116,654622,494
46511881,24.8826,32.0861,486,49715,0.58262,0.75,1,655140,654654,486
46514801,18.5765,29.6172,474,49757,0.604524,0.69,1,655157,654683,474
46517721,21.3153,21.9234,476,49799,0.592905,0.61,1,655179,654703,476
46520641,34.6631,23.5847,490,49841,0.654581,0.59,1,655217,654727,490
46523561,33.3326,35.9169,484,49883,0.618916,0.53,1,655250,654766,484
46526481,45.0665,35.9834,496,49925,0.659783,0.57,1,655298,654802,496
46529401,37.8133,45.5967,484,49967,0.763957,0.57,2,655334,654850,484
46532321,23.5627,36.3193,470,50009,0.784791,0.55,2,655354,654884,470
46535241,14.3125,24.8639,460,50051,0.788958,0.53,2,655366,654906,460
46538161,20.4625,15.3728,469,50093,0.789792,0.59,2,655388,654919,469
46541081,31.2925,19.8746,482,50135,0.805958,0.55,2,655422,654940,482
46544001,31.0585,31.1749,479,50177,0.809192,0.57,2,655453,654974,479
46546921,22.2117,30.235,469,50219,0.809838,0.53,2,655473,655004,469
46549841,27.6423,23.647,476,50261,0.793968,0.55,2,655502,655026,476
46552761,34.3285,26.3294,485,50303,0.854793,0.57,2,655538,655053,485
46555681,8.46569,34.0659,451,50345,0.866959,0.65,2,655540,655089,451
46558601,24.0931,28.4132,452,50387,0.901392,0.57,2,655568,655116,452
46561521,24.0186,24.8826,452,50429,0.908278,0.61,2,655592,655140,452
46564441,18.4037,18.5765,452,50471,0.893656,0.59,2,655609,655157,452
46567361,22.0807,21.3153,453,50513,0.906731,0.67,2,655632,655179,453
46570281,34.8161,34.6631,453,50555,0.877346,0.61,2,655670,655217,453
46573201,34.9632,33.3326,455,50597,0.887469,0.67,2,655705,655250,455
46576121,48.5926,45.0665,459,50639,0.905494,0.79,2,655757,655298,459
46849141,33,71,492,25412,0.73,1,1,658627,658135,492
46852061,33,41.4,491,25495,0.73,1,1,658660,658169,491
46854981,62.6,39.48,522,25578,0.682,1,1,658730,658208,522
46857901,70.92,52.696,539,25661,0.5444,0.97,1,658803,658264,539
46860821,52.584,64.1392,520,25744,0.58088,1,1,658851,658331,520
46863741,80.1168,52.8278,557,25826,0.524176,0.99,1,658938,658381,557
46866661,40.0234,80.9656,499,25908,0.512835,0.95,1,658968,658469,499
46869581,76.8047,42.5931,552,25990,0.526567,0.79,1,659054,658502,552
46872501,37.7609,82.1186,488,26072,0.497313,0.73,1,659082,658594,488
46875421,32.3522,42.8237,486,26153,0.507463,0.73,1,659113,658627,486
46878341,60.8704,34.9647,521,26234,0.541493,0.67,1,659181,658660,521
46881261,64.9741,62.9929,517,26315,0.548298,0.51,1,659247,658730,517
46884181,55.3948,70.9986,497,26396,0.61366,0.59,1,659300,658803,497
46887101,79.079,52.5997,534,26476,0.706732,0.51,1,659385,658851,534
46890021,39.0158,80.1199,476,26556,0.725346,0.51,1,659414,658938,476
46892941,77.4032,40.024,533,26636,0.745069,0.53,1,659501,658968,533
46895861,37.8806,76.8048,475,26716,0.781014,0.49,2,659529,659054,475
46898781,32.3761,37.761,478,26795,0.772203,0.51,2,659560,659082,478
46901701,60.0752,32.3522,514,26874,0.786441,0.55,2,659627,659113,514
46904621,13.615,60.8704,448,26953,0.789288,0.55,2,659629,659181,448
46907541,56.323,64.9741,449,27032,0.837858,0.63,2,659696,659247,449
46910461,57.6646,55.3948,454,27110,0.847571,0.73,2,659754,659300,454
46913381,81.1329,79.079,456,27188,0.865514,0.73,2,659841,659385,456
47050621,74,66,500,30635,0.78,1,2,662245,661745,500
47053541,44.4,37.2,507,30704,0.772,1,2,662282,661775,507
47056461,79.28,91.44,490,30773,0.5624,1,1,662370,661880,490
47059381,42.256,48.688,485,30842,0.53648,1,1,662403,661918,485
47062301,46.0512,36.9376,498,30911,0.259296,1,1,662450,661952,498
47065221,54.0102,60.1875,488,30979,0.0918592,0.96,1,662506,662018,488
47068141,46.002,41.6375,495,31047,0.0183718,1,1,662550,662055,495
47071061,30.0004,28.3275,496,31115,0.0276744,0.94,1,662576,662080,496
47073981,31.6001,51.2655,471,31183,0.0135349,0.81,1,662608,662137,471
47076901,32.72,37.4531,470,31251,0.010707,0.78,1,662641,662171,470
47079821,59.344,66.6906,462,31319,0.00214139,0.78,1,662707,662245,462
47082741,38.2688,13.3381,495,31387,0.0404283,0.77,1,662740,662245,495
47085661,66.0538,32.2676,531,31454,0.0160857,0.51,1,662813,662282,531
47088581,40.4108,76.8535,477,31521,0.0432171,0.53,1,662847,662370,477
47091501,32.8822,41.7707,475,31588,0.0966434,0.19,1,662878,662403,475
47094421,48.1764,45.9541,480,31655,0.0273287,0.05,1,662930,662450,480
47097341,43.2353,53.9908,466,31722,0.00546574,0,1,662972,662506,466
47100261,29.4471,45.9982,448,31789,0.0250931,0.03,1,662998,662550,448
47103181,30.6894,29.9996,453,31856,0.0130186,0.01,1,663029,662576,453
47106101,33.3379,31.5999,455,31922,0.00260373,0.01,1,663063,662608,455
47109021,58.6676,32.72,487,31988,0.00852074,0,1,663128,662641,487
47111941,38.1335,59.344,454,32054,0.0257042,0.05,1,663161,662707,454
47114861,66.0267,38.2688,494,32120,0.0291408,0.01,1,663234,662740,494
47117781,42.8053,66.0538,458,32186,0.125828,0.05,1,663271,662813,458
47120701,33.3611,40.4108,455,32252,0.129166,0.11,1,663302,662847,455
47123621,46.6722,32.8822,474,32318,0.0338331,0.01,1,663352,662878,474
47126541,42.1344,48.1764,463,32383,0.00676663,0,1,663393,662930,463
47129461,30.8269,43.2353,449,32448,0.0573533,0.03,1,663421,662972,449
47132381,30.1654,29.4471,453,32513,0.0514707,0.01,1,663451,662998,453
47135301,33.2331,30.6894,456,32578,0.0102941,0,1,663485,663029,456
47138221,57.8466,33.3379,486,32643,0.0260588,0.01,1,663549,663063,486
47141141,40.3693,58.6676,457,32708,0.0292118,0.03,1,663585,663128,457
47144061,9.67386,38.1335,426,32773,0.0618424,0.03,1,663587,663161,426
47146981,58.7348,66.0267,424,32838,0.0123685,0.15,1,663658,663234,424
47149901,42.147,42.8053,425,32902,0.0744737,0.13,1,663696,663271,425
47152821,37.2294,33.3611,430,32966,0.118895,0.01,1,663732,663302,430
47155741,41.8459,46.6722,423,33030,0.143779,0,1,663775,663352,423
47158661,41.1692,42.1344,423,33094,0.0527558,0.07,1,663816,663393,423
47161581,30.6338,30.8269,423,33158,0.0345512,0.05,1,663844,663421,423
47164501,30.1268,30.1654,423,33222,0.0309102,0,1,663874,663451,423
47167421,33.2254,33.2331,423,33286,0.00618205,0.03,1,663908,663485,423
47170341,57.0451,57.8466,422,33350,0.0252364,0.03,1,663971,663549,422
47173261,41.009,40.3693,423,33413,0.0130473,0.07,1,664008,663585,423
47176181,9.8018,9.67386,423,33476,0.0106095,0,1,664010,663587,423
47179101,57.9604,58.7348,422,33539,0.0261219,0.09,1,664080,663658,422
47182021,44.3921,42.147,425,33602,0.0292244,0.13,1,664121,663696,425
47184941,38.4784,37.2294,426,33665,0.0298449,0.15,1,664158,663732,426
47187861,41.2957,41.8459,425,33728,0.045969,0.03,1,664200,663775,425
47190781,38.6591,41.1692,422,33791,0.129194,0.03,1,664238,663816,422
47193701,30.9318,30.6338,423,33854,0.0658388,0.03,1,664267,663844,423
47196621,29.3864,30.1268,422,33916,0.0371678,0,1,664296,663874,422
47199541,33.0773,33.2254,422,33978,0.00743355,0.03,1,664330,663908,422
47202461,57.0155,57.0451,422,34040,0.0254867,0.01,1,664393,663971,422
47205381,41.0031,41.009,422,34102,0.0130973,0.01,1,664430,664008,422
47208301,9.80062,9.8018,422,34164,0.0106195,0.03,1,664432,664010,422
47211221,57.9601,57.9604,422,34226,0.0101239,0.03,1,664502,664080,422
47214141,43.592,11.5921,462,34288,0.0100248,0.03,1,664542,664080,462
47217061,39.1184,35.1184,459,34350,0.042005,0.03,1,664580,664121,459
47219981,43.0237,36.6237,466,34412,0.064401,0.05,1,664624,664158,466
47222901,40.6047,40.9247,464,34473,0.0688802,0.15,1,664664,664200,464
47225821,28.9209,38.5849,452,34534,0.101776,0.05,1,664690,664238,452
47228741,27.3842,30.917,450,34595,0.0923552,0.03,1,664717,664267,450
47231661,32.6768,29.3834,455,34656,0.026471,0,1,664751,664296,455
47234581,56.9354,33.0767,484,34717,0.0292942,0.03,1,664814,664330,484
47237501,40.9871,57.0153,458,34778,0.0458588,0.01,1,664851,664393,458
47240421,9.79741,41.0031,423,34839,0.0491718,0.01,1,664853,664430,423
47243341,57.9595,9.80061,491,34900,0.0338344,0.01,1,664923,664432,491
47246261,43.5919,57.9601,461,34961,0.0307669,0.01,1,664963,664502,461
47249181,40.7184,43.592,461,35021,0.0301534,0.05,1,665003,664542,461
47252101,44.1437,39.1184,468,35081,0.0620307,0.07,1,665048,664580,468
47255021,42.4287,43.0237,466,35141,0.132406,0.07,1,665090,664624,466
47257941,29.2857,40.6047,452,35201,0.178481,0.11,1,665116,664664,452
47260861,25.0572,28.9209,450,35261,0.203696,0.09,1,665140,664690,450
47263781,31.4114,27.3842,456,35321,0.224739,0.01,1,665173,664717,456
47266701,55.8823,32.6768,484,35381,0.212948,0.03,1,665235,664751,484
47269621,43.9765,56.9354,462,35441,0.0665896,0.05,1,665276,664814,462
47272541,10.3953,40.9871,427,35501,0.0373179,0.05,1,665278,664851,427
47275461,55.6791,9.79741,492,35561,0.0314636,0.03,1,665345,664853,492
47278381,43.9358,57.9595,463,35620,0.0462927,0.03,1,665386,664923,463
47281301,39.9872,43.5919,462,35679,0.0332585,0.03,1,665425,664963,462
47284221,9.59743,40.7184,424,35738,0.0306517,0.07,1,665427,665003,424
47287141,38.7195,44.1437,425,35797,0.0301303,0.15,1,665473,665048,425
47290061,46.1439,42.4287,431,35856,0.0460261,0.19,1,665521,665090,431
47292981,30.0288,29.2857,431,35915,0.0652052,0.21,1,665547,665116,431
47295901,27.6058,25.0572,434,35974,0.133041,0.23,1,665574,665140,434
47298821,31.9212,31.4114,434,36033,0.146608,0.21,1,665607,665173,434
47301741,51.1842,55.8823,428,36092,0.149322,0.03,1,665663,665235,428
47304661,41.4368,43.9765,426,36151,0.149864,0.03,1,665702,665276,426
47307581,9.88737,10.3953,426,36209,0.149973,0.03,1,665704,665278,426
47310501,53.1775,55.6791,423,36267,0.0539946,0.05,1,665768,665345,423
47313421,44.2355,43.9358,424,36325,0.0187989,0.03,1,665810,665386,424
47316341,39.2471,39.9872,423,36383,0.0437598,0.03,1,665848,665425,423
47319261,9.44942,9.59743,423,36441,0.048752,0.03,1,665850,665427,423
47322181,38.6899,38.7195,423,36499,0.0817504,0.05,1,665896,665473,423
47325101,47.738,46.1439,425,36557,0.0563501,0.07,1,665946,665521,425
47328021,31.1476,30.0288,426,36615,0.05127,0.15,1,665973,665547,426
47330941,28.6295,27.6058,427,36673,0.050254,0.15,1,666001,665574,427
47333861,32.1259,31.9212,427,36731,0.0660508,0.15,1,666034,665607,427
47336781,51.2252,51.1842,427,36789,0.11721,0.15,1,666090,665663,427
47339701,43.045,41.4368,429,36846,0.079442,0.15,1,666131,665702,429
47342621,10.209,9.88737,429,36903,0.0718884,0.03,1,666133,665704,429
47345541,47.6418,53.1775,422,36960,0.150378,0.01,1,666190,665768,422
47348461,43.1284,44.2355,422,37017,0.134076,0.05,1,666232,665810,422
47351381,40.6257,39.2471,424,37074,0.130815,0.05,1,666272,665848,424
47354301,9.72513,9.44942,424,37131,0.130163,0.09,1,666274,665850,424
47357221,38.745,38.6899,424,37188,0.162033,0.09,1,666320,665896,424
47360141,45.349,7.73798,471,37245,0.120407,0.05,1,666367,665896,471
47363061,31.4698,41.5476,449,37302,0.112081,0.05,1,666395,665946,449
47365981,29.494,29.9095,451,37359,0.126416,0.05,1,666424,665973,451
47368901,31.4988,28.3819,455,37416,0.145283,0.07,1,666456,666001,455
47371821,53.4998,32.0764,481,37472,0.181057,0.13,1,666515,666034,481
47374741,43.5,51.2153,466,37528,0.204211,0.07,1,666556,666090,466
47377661,10.3,43.0431,427,37584,0.176842,0.07,1,666558,666131,427
47380581,49.26,10.2086,484,37640,0.235368,0.17,1,666617,666133,484
47383501,43.452,47.6417,469,37696,0.263074,0.13,1,666659,666190,469
47386421,40.6904,43.1283,467,37752,0.284615,0.13,1,666699,666232,467
47389341,9.73808,40.6257,429,37808,0.288923,0.13,1,666701,666272,429
47392261,38.7476,9.72513,473,37864,0.289785,0.17,1,666747,666274,473
47395181,44.5495,38.745,473,37920,0.321957,0.11,1,666793,666320,473
47398101,31.3099,45.349,454,37976,0.344391,0.11,1,666821,666367,454
47401021,30.262,31.4698,456,38032,0.396878,0.13,1,666851,666395,456
47403941,32.4524,29.494,460,38088,0.455376,0.15,1,666884,666424,460
47406861,55.2905,31.4988,489,38143,0.515075,0.19,1,666945,666456,489
47409781,43.0581,53.4998,470,38198,0.543015,0.21,1,666985,666515,470
47412701,10.2116,43.5,431,38253,0.548603,0.17,1,666987,666556,431
47415621,53.2423,10.3,493,38308,0.581721,0.25,1,667051,666558,493
47418541,44.2485,49.26,476,38363,0.604344,0.27,1,667093,666617,476
47421461,41.6497,43.452,475,38418,0.592869,0.29,1,667134,666659,475
47424381,9.92994,40.6904,437,38473,0.590574,0.29,1,667136,666699,437
47427301,39.586,9.73808,482,38528,0.574115,0.29,1,667183,666701,482
47430221,45.5172,38.7476,483,38583,0.586823,0.33,1,667230,666747,483
47433141,10.7034,44.5495,439,38638,0.589365,0.35,1,667232,666793,439
47436061,25.3407,31.3099,440,38693,0.605873,0.41,1,667261,666821,440
47438981,31.4681,30.262,443,38748,0.593175,0.47,1,667294,666851,443
47441901,34.2936,32.4524,445,38803,0.654635,0.53,1,667329,666884,445
47444821,58.0587,55.2905,448,38857,0.650927,0.55,1,667393,666945,448
47447741,45.2117,43.0581,450,38911,0.698185,0.55,1,667435,666985,450
47450661,10.6423,10.2116,450,38965,0.707637,0.59,1,667437,666987,450
47453581,54.9285,53.2423,452,39019,0.693527,0.61,1,667503,667051,452
47456501,44.5857,44.2485,452,39073,0.706705,0.59,1,667545,667093,452
47459421,40.9171,41.6497,451,39127,0.741341,0.59,1,667585,667134,451
47462341,9.78343,9.92994,451,39181,0.748268,0.57,1,667587,667136,451
47465261,40.3567,39.586,452,39235,0.781654,0.59,2,667635,667183,452
47468181,44.8713,45.5172,451,39289,0.788331,0.59,2,667681,667230,451
47471101,10.5743,10.7034,451,39343,0.797666,0.61,2,667683,667232,451
47474021,24.5149,25.3407,450,39397,0.839533,0.59,2,667711,667261,450
47476941,32.103,31.4681,451,39451,0.863907,0.67,2,667745,667294,451
47479861,36.0206,34.2936,453,39505,0.868781,0.65,2,667782,667329,453
47482781,59.2041,58.0587,454,39558,0.853756,0.71,2,667847,667393,454
47485701,46.2408,45.2117,455,39611,0.818751,0.71,2,667890,667435,455
47488621,10.8482,10.6423,455,39664,0.84375,0.69,2,667892,667437,455
47491541,55.7696,54.9285,456,39717,0.86475,0.71,2,667959,667503,456
47494461,45.5539,44.5857,457,39770,0.86895,0.75,2,668002,667545,457
47497381,42.7108,40.9171,459,39823,0.86979,0.75,2,668044,667585,459
47500301,10.1422,9.78343,459,39876,0.869958,0.79,2,668046,667587,459
47503221,42.0284,40.3567,461,39929,0.885992,0.79,2,668096,667635,461
47506141,45.2057,44.8713,461,39982,0.921198,0.8,2,668142,667681,461
47509061,10.6411,10.5743,461,40035,0.93624,0.85,2,668144,667683,461
47511981,25.3282,24.5149,462,40088,0.915248,0.85,2,668173,667711,462
47514901,32.2656,4.90297,496,40141,0.91105,0.87,2,668207,667711,496
47517821,36.8531,28.1806,500,40194,0.87821,0.87,2,668245,667745,500
47520741,57.7706,35.2361,526,40247,0.903642,0.85,2,668308,667782,526
47657981,34,31,494,42643,0.81,1,2,669987,669493,494
47660901,32.4,28.6,498,42692,0.714,1,1,670019,669521,498
47663821,33.68,38.52,491,42741,0.6308,1,1,670053,669562,491
47666741,30.736,28.504,495,42790,0.59816,1,1,670083,669588,495
47669661,26.1472,28.1008,492,42839,0.543632,1,1,670108,669616,492
47672581,24.4294,29.6202,486,42888,0.468726,1,1,670132,669646,486
47675501,27.2859,25.124,490,42937,0.421745,1,1,670160,669670,490
47678421,32.6572,31.4248,491,42986,0.380349,1,1,670194,669703,491
47681341,26.5314,6.28496,516,43035,0.38807,1,1,670219,669703,516
47684261,38.1063,26.057,526,43084,0.325614,1,1,670260,669734,526
47687181,33.2213,45.2114,508,43133,0.281123,1,1,670292,669784,508
47690101,35.4443,33.0423,514,43182,0.272225,1,1,670328,669814,514
47693021,43.8888,36.2085,523,43231,0.238445,0.9,1,670374,669851,523
47695941,41.5778,53.6417,506,43280,0.327689,0.81,1,670415,669909,506
47698861,32.3156,45.9283,492,43329,0.265538,0.81,1,670445,669953,492
47701781,27.2631,36.3857,484,43378,0.285108,0.69,1,670471,669987,484
47704701,31.8526,32.8771,485,43427,0.289022,0.61,1,670504,670019,485
47707621,27.9705,33.7754,478,43476,0.257804,0.59,1,670531,670053,478
47710541,23.9941,30.7551,471,43525,0.299561,0.53,1,670554,670083,471
47713461,19.9988,26.151,465,43573,0.291912,0.45,1,670573,670108,465
47716381,27.9998,24.4302,471,43621,0.306382,0.41,1,670603,670132,471
47719301,31.2,27.286,475,43669,0.277276,0.37,1,670635,670160,475
47722221,27.04,32.6572,467,43717,0.367455,0.39,1,670661,670194,467
47725141,33.408,26.5314,477,43765,0.385491,0.31,1,670696,670219,477
47728061,29.0816,38.1063,464,43813,0.405098,0.27,1,670724,670260,464
47730981,35.4163,33.2213,469,43861,0.44102,0.27,1,670761,670292,469
47733901,43.8833,35.4443,479,43909,0.464204,0.23,1,670807,670328,479
47736821,42.3767,43.8888,475,43957,0.500841,0.35,1,670849,670374,475
47739741,32.4753,41.5778,464,44005,0.540168,0.25,1,670879,670415,464
47742661,28.0951,32.3156,461,44053,0.548034,0.29,1,670906,670445,461
47745581,30.419,27.2631,466,44101,0.533607,0.29,1,670937,670471,466
47748501,30.0838,31.8526,463,44149,0.610721,0.25,1,670967,670504,463
47751421,24.4168,27.9705,459,44197,0.626144,0.31,1,670990,670531,459
47754341,19.2834,23.9941,454,44245,0.629229,0.29,1,671008,670554,454
47757261,30.2567,19.9988,468,44293,0.645846,0.31,1,671041,670573,468
47760181,30.8513,27.9998,469,44341,0.633169,0.27,1,671072,670603,469
47763101,29.3703,31.2,466,44389,0.614634,0.39,1,671101,670635,466
47766021,33.8741,27.04,475,44437,0.626927,0.39,1,671136,670661,475
47768941,8.37481,33.408,442,44484,0.629385,0.41,1,671138,670696,442
47771861,24.075,29.0816,442,44531,0.661877,0.45,1,671166,670724,442
47774781,36.815,35.4163,445,44578,0.636375,0.47,1,671206,670761,445
47777701,44.963,43.8833,446,44625,0.631275,0.51,1,671253,670807,446
47780621,43.3926,42.3767,447,44672,0.630255,0.55,1,671296,670849,447
47783541,34.2785,32.4753,449,44719,0.630051,0.55,1,671328,670879,449
47786461,28.4557,28.0951,449,44766,0.64601,0.53,1,671355,670906,449
47789381,32.8911,30.419,452,44813,0.633202,0.63,1,671389,670937,452
47792301,32.1782,30.0838,454,44860,0.66264,0.63,1,671421,670967,454
47795221,24.0356,24.4168,453,44907,0.700528,0.63,1,671443,670990,453
47798141,19.2071,19.2834,453,44954,0.692106,0.65,1,671461,671008,453
47801061,31.0414,30.2567,454,45001,0.738421,0.63,1,671495,671041,454
47803981,30.2083,30.8513,453,45048,0.763684,0.61,2,671525,671072,453
47806901,28.4417,29.3703,452,45095,0.736737,0.63,1,671553,671101,452
47809821,34.4883,33.8741,453,45142,0.795347,0.63,2,671589,671136,453
47812741,8.49767,8.37481,453,45189,0.775069,0.67,2,671591,671138,453
47815661,24.0995,24.075,453,45236,0.819014,0.63,2,671619,671166,453
47818581,35.2199,36.815,451,45283,0.843803,0.63,2,671657,671206,451
47821501,46.244,44.963,453,45330,0.864761,0.63,2,671706,671253,453
47824421,43.6488,43.3926,453,45377,0.916952,0.63,2,671749,671296,453
47827341,34.3298,34.2785,453,45423,0.91139,0.65,2,671781,671328,453
47830261,27.666,28.4557,452,45469,0.910278,0.63,2,671807,671355,452
47833181,35.1332,32.8911,455,45515,0.894056,0.67,2,671844,671389,455
47836101,32.6266,32.1782,455,45561,0.890811,0.71,2,671876,671421,455
47839021,24.9253,24.0356,456,45607,0.922162,0.69,2,671899,671443,456
48037581,29,24,502,48650,0.83,1,2,674014,673512,502
48040501,33,30.4,504,48693,0.766,1,2,674048,673544,504
48043421,29,22.08,512,48736,0.6732,1,1,674076,673564,512
48046341,21.8,30.816,499,48779,0.59064,1,1,674096,673597,499
48049261,15.56,26.9632,487,48822,0.590128,1,1,674110,673623,487
48052181,41.512,44.5926,486,48865,0.510026,1,1,674158,673672,486
48055101,36.3024,8.91853,521,48908,0.398005,1,1,674193,673672,521
48058021,24.8605,29.7837,508,48951,0.311601,0.97,1,674215,673707,508
48060941,14.5721,30.7567,489,48994,0.31032,1,1,674227,673738,489
48063861,27.7144,16.5513,507,49037,0.166064,1,1,674258,673751,507
48066781,31.9429,35.3103,500,49080,0.0892128,1,1,674291,673791,500
48069701,31.1886,33.4621,498,49123,0.0898426,1,1,674322,673824,498
48072621,32.6377,30.6924,501,49166,0.0419685,0.83,1,674355,673854,501
48075541,33.7275,33.3385,501,49209,0.0163937,0.91,1,674389,673888,501
48078461,31.5455,34.6677,497,49252,0.0592787,0.93,1,674420,673923,497
48081381,28.7091,31.7335,494,49295,0.0838558,0.87,1,674448,673954,494
48084301,24.1418,31.1467,486,49338,0.0167711,0.83,1,674471,673985,486
48087221,29.6284,29.4293,488,49381,0.0753542,0.75,1,674502,674014,488
48090141,26.7257,33.0859,480,49424,0.0390708,0.65,1,674528,674048,480
48093061,18.1451,29.0172,468,49467,0.0638142,0.57,1,674544,674076,468
48095981,14.029,21.8034,461,49510,0.0687628,0.59,1,674557,674096,461
48098901,35.6058,15.5607,488,49553,0.101753,0.49,1,674598,674110,488
48101821,33.5212,41.5121,473,49596,0.0923505,0.37,1,674631,674158,473
48104741,22.7042,36.3024,458,49638,0.0904701,0.29,1,674651,674193,458
48107661,10.1408,24.8605,443,49680,0.154094,0.31,1,674658,674215,443
48110581,19.6282,14.5721,453,49722,0.118819,0.13,1,674680,674227,453
48113501,31.1256,27.7144,456,49764,0.127764,0.07,1,674714,674258,456
48116421,31.8251,31.9429,455,49806,0.0655527,0.09,1,674746,674291,455
48119341,30.365,31.1886,454,49848,0.117111,0.03,1,674776,674322,454
48122261,33.273,32.6377,455,49890,0.0634221,0.01,1,674810,674355,455
48125181,33.0546,33.7275,454,49932,0.0526844,0.07,1,674843,674389,454
48128101,28.2109,31.5455,450,49974,0.0505369,0.09,1,674870,674420,450
48131021,24.8422,28.7091,446,50016,0.0661074,0,1,674894,674448,446
48133941,30.5684,24.1418,455,50058,0.101221,0.09,1,674926,674471,455
48136861,26.1137,29.6284,449,50100,0.108244,0.03,1,674951,674502,449
48139781,19.6227,26.7257,441,50142,0.141649,0.07,1,674969,674528,441
48142701,14.3245,18.1451,438,50184,0.10033,0.07,1,674982,674544,438
48145621,36.4649,14.029,467,50226,0.092066,0.11,1,675024,674557,467
48148541,31.293,35.6058,456,50268,0.106413,0.09,1,675054,674598,456
48151461,26.2586,33.5212,448,50310,0.109283,0.09,1,675079,674631,448
48154381,6.85172,22.7042,430,50352,0.109857,0.17,1,675081,674651,430
48157301,6.17034,10.1408,429,50394,0.109971,0.11,1,675087,674658,429
48160221,15.6341,19.6282,425,50436,0.141994,0.13,1,675105,674680,425
48163141,32.7268,31.1256,428,50478,0.164399,0.05,1,675142,674714,428
48166061,29.7454,31.8251,425,50520,0.15288,0.13,1,675171,674746,425
48168981,30.7491,30.365,426,50562,0.182576,0.05,1,675202,674776,426
48171901,32.5498,33.273,425,50604,0.172515,0.05,1,675235,674810,425
48174821,30.51,33.0546,422,50646,0.170503,0.05,1,675265,674843,422
48177741,31.702,28.2109,427,50688,0.138101,0.07,1,675297,674870,427
48180661,24.7404,24.8422,426,50730,0.11562,0.11,1,675320,674894,426
48183581,31.3481,30.5684,427,50772,0.143124,0.11,1,675353,674926,427
48186501,26.2696,26.1137,427,50813,0.180625,0.15,1,675378,674951,427
48189421,19.6539,19.6227,427,50854,0.172125,0.09,1,675396,674969,427
48192341,13.5308,14.3245,426,50895,0.202425,0.09,1,675408,674982,426
48195261,36.3062,36.4649,426,50936,0.208485,0.11,1,675450,675024,426
48198181,32.0612,31.293,427,50977,0.225697,0.11,1,675481,675054,427
48201101,26.4122,26.2586,427,51018,0.277139,0.11,1,675506,675079,427
48204021,6.88245,6.85172,427,51059,0.255428,0.11,1,675508,675081,427
48206941,6.17649,6.17034,427,51100,0.283086,0.15,1,675514,675087,427
48209861,15.6353,15.6341,427,51141,0.304617,0.17,1,675532,675105,427
48212781,33.5271,32.7268,428,51182,0.308923,0.15,1,675570,675142,428
48215701,29.9054,29.7454,428,51223,0.293785,0.19,1,675599,675171,428
48218621,31.5811,30.7491,429,51264,0.306757,0.17,1,675631,675202,429
48221541,33.5162,32.5498,430,51305,0.357351,0.17,1,675665,675235,430
48224461,29.1032,30.51,428,51346,0.35147,0.13,1,675693,675265,428
48227381,29.8206,31.702,426,51387,0.398294,0.11,1,675723,675297,426
48230301,23.5641,24.7404,425,51428,0.439659,0.15,1,675745,675320,425
48233221,32.7128,31.3481,427,51469,0.447932,0.19,1,675780,675353,427
48236141,28.1426,26.2696,429,51510,0.465586,0.17,1,675807,675378,429
48239061,20.8285,19.6539,430,51551,0.421117,0.21,1,675826,675396,430
48241981,13.7657,13.5308,430,51592,0.460223,0.21,1,675838,675408,430
48244901,36.3531,36.3062,430,51633,0.500045,0.23,1,675880,675450,430
48247821,34.4706,32.0612,433,51674,0.508009,0.29,1,675914,675481,433
48250741,27.6941,26.4122,434,51715,0.541602,0.25,1,675940,675506,434
48253661,7.13882,6.88245,434,51756,0.54832,0.25,1,675942,675508,434
48256581,6.22777,1.37649,440,51797,0.581664,0.29,1,675948,675508,440
48259501,15.6456,5.0753,452,51838,0.572333,0.31,1,675966,675514,452
48262421,33.5291,15.4151,472,51879,0.570467,0.31,1,676004,675532,472
48265341,30.7058,33.483,464,51920,0.570093,0.29,1,676034,675570,464
48268261,32.5412,29.8966,468,51961,0.586019,0.31,1,676067,675599,468
48271181,34.5082,31.5793,471,52002,0.589204,0.37,1,676102,675631,471
48274101,30.1016,33.5159,466,52042,0.573841,0.35,1,676131,675665,466
48277021,30.8203,29.1032,469,52082,0.586768,0.41,1,676162,675693,469
48279941,25.3641,29.8206,463,52122,0.589354,0.45,1,676186,675723,463
48282861,33.0728,23.5641,476,52162,0.573871,0.45,1,676221,675745,476
48285781,29.0146,32.7128,469,52202,0.586774,0.47,1,676249,675780,469
48288701,21.0029,28.1426,461,52242,0.573355,0.41,1,676268,675807,461
48291621,13.8006,20.8285,454,52282,0.570671,0.47,1,676280,675826,454
48294541,37.9601,13.7657,486,52322,0.634134,0.51,1,676324,675838,486
48297461,36.392,36.3531,480,52362,0.662827,0.51,1,676360,675880,480
48300381,29.6784,34.4706,474,52402,0.652565,0.55,1,676388,675914,474
48303301,7.53568,27.6941,450,52442,0.650513,0.55,1,676390,675940,450
48306221,6.30714,7.13882,454,52482,0.650103,0.59,1,676396,675942,454
48309141,16.4614,6.22777,467,52522,0.634021,0.57,1,676415,675948,467
48312061,33.6923,15.6456,487,52562,0.646804,0.57,1,676453,675966,487
48314981,30.7385,33.5291,479,52602,0.649361,0.57,1,676483,676004,479
48317901,34.1477,30.7058,484,52642,0.681872,0.59,1,676518,676034,484
48320821,34.0295,32.5412,485,52682,0.656374,0.59,1,676552,676067,485
48323741,29.2059,34.5082,478,52722,0.667275,0.57,1,676580,676102,478
48326661,31.4412,30.1016,481,52762,0.669455,0.59,1,676612,676131,481
48329581,25.4882,30.8203,474,52802,0.669891,0.59,1,676636,676162,474
48332501,32.2976,25.3641,484,52842,0.701978,0.57,1,676670,676186,484
48335421,29.6595,33.0728,478,52882,0.708396,0.59,1,676699,676221,478
48338341,20.3319,29.0146,468,52922,0.725679,0.57,1,676717,676249,468
48341261,13.6664,21.0029,461,52962,0.729136,0.57,1,676729,676268,461
48344181,41.1333,13.8006,497,53002,0.793827,0.65,2,676777,676280,497
48347101,37.8267,37.9601,490,53042,0.806765,0.67,2,676814,676324,490
48350021,29.1653,36.392,481,53082,0.809353,0.65,2,676841,676360,481
48352941,7.43307,29.6784,455,53122,0.809871,0.65,2,676843,676388,455
48355861,6.28661,7.53568,459,53162,0.809974,0.65,2,676849,676390,459
48358781,15.6573,6.30714,471,53202,0.809995,0.63,2,676867,676396,471
48361701,4.73146,16.4614,454,53242,0.809999,0.65,2,676869,676415,454
48364621,31.3463,33.6923,454,53282,0.874,0.65,2,676907,676453,454
48367541,30.2693,30.7385,454,53322,0.8868,0.69,2,676937,676483,454
48370461,34.0539,34.1477,454,53361,0.88936,0.65,2,676972,676518,454
48373381,34.0108,34.0295,454,53400,0.857872,0.67,2,677006,676552,454
48376301,30.0022,29.2059,455,53439,0.899574,0.67,2,677035,676580,455
48379221,31.6004,31.4412,455,53478,0.875915,0.67,2,677067,676612,455
48382141,26.3201,25.4882,456,53517,0.887183,0.71,2,677092,676636,456
48385061,34.064,32.2976,458,53556,0.889437,0.71,2,677128,676670,458
48387981,29.2128,29.6595,457,53595,0.889887,0.73,2,677156,676699,457
48390901,21.0426,20.3319,458,53634,0.921977,0.73,2,677175,676717,458
48393821,13.8085,13.6664,458,53673,0.928395,0.81,2,677187,676729,458
48585081,72,57,520,25716,0.71,1,1,679018,678498,520
48588001,73.6,80.2,508,25798,0.678,0.99,1,679092,678584,508
48590921,61.92,56.04,517,25880,0.6236,1,1,679151,678634,517
48593841,67.584,79.208,501,25962,0.61272,0.86,1,679220,678719,501
48596761,62.3168,60.6416,506,26044,0.578544,0.81,1,679281,678775,506
48599681,33.2634,69.7283,460,26125,0.635709,0.85,1,679307,678847,460
48602601,21.0527,15.5457,476,26206,0.631142,0.77,1,679325,678849,476
48605521,63.4105,24.7091,523,26287,0.646228,0.67,1,679399,678876,523
48608441,75.8821,60.9418,532,26368,0.713246,0.71,1,679478,678946,532
48611361,67.9764,69.7884,526,26448,0.742649,0.67,1,679544,679018,526
48614281,57.5953,73.1577,507,26528,0.74853,0.61,1,679599,679092,507
48617201,67.5191,61.8315,518,26608,0.845706,0.61,2,679669,679151,518
48620121,62.3038,67.5663,510,26688,0.913141,0.57,2,679730,679220,510
48623041,35.6608,62.3133,478,26767,0.942628,0.65,2,679759,679281,478
48625961,21.5322,33.2627,470,26846,0.916526,0.63,2,679777,679307,470
48628881,5.90643,21.0525,454,26925,0.911305,0.65,2,679779,679325,454
48748601,31,38,497,29980,0.71,1,1,681962,681465,497
48751521,71,82.8,484,30051,0.646,1,1,682043,681559,484
48754441,51,53.36,484,30121,0.5692,1,1,682089,681605,484
48757361,55.8,53.872,487,30191,0.40984,1,1,682146,681659,487
48760281,38.36,37.1744,488,30261,0.377968,1,1,682180,681692,488
48763201,26.072,33.0349,479,30331,0.435594,0.86,1,682203,681724,479
48766121,35.6144,37.807,478,30401,0.415119,0.95,1,682241,681763,478
48769041,35.1229,36.3614,477,30471,0.411024,0.65,1,682276,681799,477
48771961,65.4246,84.8723,453,30540,0.426205,0.67,1,682349,681896,453
48774881,37.8849,44.9745,449,30609,0.413241,0.71,1,682380,681931,449
48777801,37.977,33.7949,456,30678,0.394648,0.63,1,682418,681962,456
48780721,66.7954,71.559,449,30747,0.47093,0.55,1,682492,682043,449
48783641,49.3591,51.1118,448,30816,0.486186,0.37,1,682537,682089,448
48786561,54.6718,55.8224,447,30885,0.505237,0.37,1,682593,682146,447
48789481,34.1344,38.3645,442,30954,0.477047,0.45,1,682622,682180,442
48792401,26.8269,26.0729,444,31022,0.535409,0.41,1,682647,682203,444
48795321,33.3654,35.6146,441,31090,0.547082,0.41,1,682682,682241,441
48798241,35.4731,35.1229,442,31158,0.581416,0.43,1,682718,682276,442
48801161,66.2946,65.4246,443,31226,0.636283,0.41,1,682792,682349,443
48804081,38.8589,37.8849,444,31294,0.631257,0.41,1,682824,682380,444
48807001,38.1718,7.57698,482,31362,0.630251,0.39,1,682862,682380,482
48809921,66.0344,31.9154,517,31429,0.61405,0.49,1,682935,682418,517
48812841,50.0069,65.5831,489,31496,0.65881,0.49,1,682981,682492,489
48815761,55.6014,49.1166,501,31563,0.683762,0.51,1,683038,682537,501
48818681,35.1203,54.6233,475,31630,0.656752,0.47,1,683068,682593,475
48821601,27.8241,34.1247,472,31697,0.68335,0.55,1,683094,682622,472
48824521,34.3648,26.8249,483,31764,0.67267,0.55,1,683130,682647,483
48827441,35.673,33.365,484,31831,0.686534,0.59,1,683166,682682,484
48830361,68.7346,35.473,525,31897,0.705307,0.65,1,683243,682718,525
48833281,40.1469,66.2946,484,31963,0.725061,0.63,1,683276,682792,484
48836201,36.8294,38.8589,488,32029,0.729012,0.63,1,683312,682824,488
48839121,67.3659,38.1718,525,32095,0.761802,0.61,2,683387,682862,525
48842041,51.8732,66.0344,500,32161,0.83236,0.67,2,683435,682935,500
48844961,55.1746,50.0069,510,32227,0.862472,0.69,2,683491,682981,510
48847881,35.0349,55.6014,483,32293,0.900494,0.65,2,683521,683038,483
48850801,28.607,35.1203,480,32359,0.892099,0.69,2,683548,683068,480
48853721,34.5214,27.8241,490,32424,0.92242,0.67,2,683584,683094,490
48856641,36.5043,34.3648,491,32489,0.944484,0.69,2,683621,683130,491
48859561,69.7009,35.673,533,32554,0.932897,0.71,2,683699,683166,533
48862481,41.1402,68.7346,490,32619,0.930579,0.73,2,683733,683243,490
48988041,76,39,554,35299,0.75,1,2,685602,685048,554
48990961,43.2,67.8,514,35359,0.75,1,1,685637,685123,514
48993881,36.64,46.36,508,35419,0.734,1,1,685672,685164,508
48996801,68.128,33.272,554,35479,0.6828,1,1,685748,685194,554
48999721,38.4256,72.2544,503,35539,0.70456,1,1,685779,685276,503
49002641,29.2851,40.8509,497,35598,0.692912,1,1,685806,685309,497
49005561,44.257,31.3702,516,35657,0.706582,0.88,1,685854,685338,516
49008481,10.4514,46.274,468,35716,0.709316,0.89,1,685856,685388,468
49011401,26.0903,34.8548,466,35775,0.693863,0.8,1,685886,685420,466
49014321,30.0181,34.971,462,35834,0.738773,0.93,1,685917,685455,462
49017241,34.8036,34.9942,463,35893,0.795755,0.81,2,685953,685490,463
49020161,37.3607,35.7988,465,35952,0.807151,0.75,2,685991,685526,465
49023081,63.4721,67.9598,459,36011,0.85743,0.75,2,686061,685602,459
49026001,40.6944,41.592,459,36070,0.851486,0.73,2,686096,685637,459
49028921,33.7389,36.3184,456,36129,0.818297,0.67,2,686128,685672,456
49031841,66.7478,68.0637,455,36187,0.875659,0.71,2,686203,685748,455
49034761,41.3496,38.4127,459,36245,0.919132,0.69,2,686238,685779,459
49037681,28.2699,29.2825,457,36303,0.927826,0.71,2,686263,685806,457
49040601,44.854,44.2565,458,36361,0.913565,0.71,2,686312,685854,458
49043521,10.5708,10.4513,458,36419,0.910713,0.69,2,686314,685856,458
49046441,25.3142,26.0903,457,36477,0.894143,0.75,2,686343,685886,457
49230401,26,5,523,39961,0.61,1,1,688797,688274,523
49233321,13.2,36.2,489,40014,0.626,0.99,1,688807,688318,489
49236241,26.64,30.44,490,40067,0.5172,0.99,1,688837,688347,490
49239161,35.728,6.088,528,40120,0.39944,1,1,688875,688347,528
49242081,38.3456,26.8176,535,40173,0.311888,1,1,688914,688379,535
49245001,35.6691,51.7635,512,40226,0.214378,1,1,688949,688437,512
49247921,43.1338,37.5527,523,40278,0.130876,1,1,688994,688471,523
49250841,58.2268,51.5105,530,40330,0.0821751,1,1,689056,688526,530
49253761,44.4454,52.7021,518,40382,0.104435,1,1,689097,688579,518
49256681,30.4891,47.3404,499,40434,0.124887,1,1,689124,688625,499
49259601,34.0978,32.6681,505,40486,0.0809774,0.95,1,689159,688654,505
49262521,37.2196,37.7336,504,40538,0.104195,0.79,1,689197,688693,504
49265441,28.2439,43.5467,485,40590,0.108839,0.67,1,689223,688738,485
49268361,26.4488,35.1093,478,40642,0.0777678,0.61,1,689249,688771,478
49271281,10.0898,27.8219,458,40694,0.0715536,0.63,1,689255,688797,458
49274201,21.218,13.5644,472,40746,0.102311,0.49,1,689279,688807,472
49277121,30.6436,26.7129,475,40798,0.108462,0.37,1,689312,688837,475
49280041,33.3287,35.7426,471,40850,0.157692,0.29,1,689346,688875,471
49282961,32.2657,38.3485,464,40902,0.135538,0.19,1,689378,688914,464
49285881,36.8531,35.6697,467,40954,0.131108,0.11,1,689416,688949,467
49288801,58.5706,43.1339,486,41006,0.114222,0.07,1,689480,688994,486
49291721,44.5141,58.2268,465,41057,0.0628443,0.11,1,689521,689056,465
49294641,30.5028,44.4454,451,41108,0.0845689,0.13,1,689548,689097,451
49297561,35.7006,30.4891,461,41159,0.0729138,0.07,1,689585,689124,461
49300481,37.5401,34.0978,464,41210,0.0865828,0.11,1,689623,689159,464
49303401,27.508,37.2196,451,41261,0.0733166,0.11,1,689648,689197,451
49306321,25.5016,28.2439,450,41312,0.0546633,0.07,1,689673,689223,450
49309241,11.5003,26.4488,432,41363,0.0669327,0.07,1,689681,689249,432
49312161,19.9001,10.0898,448,41414,0.0693865,0.11,1,689703,689255,448
49315081,33.58,21.218,461,41465,0.101877,0.11,1,689740,689279,461
49318001,33.116,30.6436,461,41516,0.108375,0.17,1,689773,689312,461
49320921,8.2232,33.3287,429,41567,0.109675,0.13,1,689775,689346,429
49323841,28.0446,32.2657,430,41618,0.125935,0.13,1,689808,689378,430
49326761,36.0089,36.8531,430,41669,0.145187,0.11,1,689846,689416,430
49329681,57.6018,58.5706,429,41720,0.213037,0.05,1,689909,689480,429
49332601,41.1204,44.5141,425,41771,0.242607,0.09,1,689946,689521,425
49335521,30.6241,30.5028,426,41822,0.248522,0.07,1,689974,689548,426
49338441,35.7248,35.7006,426,41872,0.265704,0.09,1,690011,689585,426
49341361,37.545,37.5401,426,41922,0.269141,0.07,1,690049,689623,426
49344281,26.709,27.508,425,41972,0.269828,0.05,1,690073,689648,425
49347201,25.3418,25.5016,425,42022,0.253966,0.07,1,690098,689673,425
49350121,11.4684,11.5003,425,42072,0.282793,0.07,1,690106,689681,425
49353041,19.8937,19.9001,425,42122,0.256559,0.11,1,690128,689703,425
49355961,35.1787,33.58,427,42172,0.331312,0.11,1,690167,689740,427
49358881,33.4357,33.116,427,42222,0.330262,0.11,1,690200,689773,427
49361801,8.28715,8.2232,427,42272,0.298052,0.13,1,690202,689775,427
49364721,27.2574,28.0446,426,42322,0.35561,0.15,1,690234,689808,426
49367641,36.6515,36.0089,427,42372,0.367122,0.23,1,690273,689846,427
49370561,62.5303,57.6018,433,42422,0.369424,0.25,1,690342,689909,433
49373481,42.9061,41.1204,434,42472,0.385885,0.25,1,690380,689946,434
49376401,30.9812,30.6241,434,42522,0.421177,0.27,1,690408,689974,434
49379321,34.9962,35.7248,433,42572,0.428235,0.27,1,690444,690011,433
49382241,37.3992,37.545,433,42622,0.445647,0.27,1,690482,690049,433
49385161,26.6798,26.709,433,42672,0.513129,0.25,1,690506,690073,433
49388081,26.136,25.3418,434,42721,0.510626,0.29,1,690532,690098,434
49391001,11.6272,11.4684,434,42770,0.542125,0.25,1,690540,690106,434
49393921,20.7254,19.8937,435,42819,0.548425,0.35,1,690563,690128,435
49396841,36.9451,35.1787,437,42868,0.533685,0.33,1,690604,690167,437
49399761,34.589,33.4357,438,42917,0.530737,0.29,1,690638,690200,438
49402681,8.5178,8.28715,438,42966,0.562147,0.37,1,690640,690202,438
49405601,27.3036,27.2574,438,43015,0.568429,0.37,1,690672,690234,438
49408521,37.4607,5.45149,478,43064,0.601686,0.37,1,690712,690234,478
49411441,62.6921,32.2903,508,43113,0.672337,0.37,1,690781,690273,508
49414361,43.7384,61.6581,478,43162,0.686467,0.39,1,690820,690342,478
49417281,31.1477,42.7316,468,43211,0.689294,0.43,1,690848,690380,468
49420201,35.8295,30.9463,477,43260,0.705859,0.43,1,690885,690408,477
49423121,39.9659,34.9893,482,43309,0.661172,0.45,1,690926,690444,482
49426041,27.9932,37.3979,469,43358,0.668234,0.53,1,690951,690482,469
49428961,27.1986,26.6796,472,43407,0.653647,0.51,1,690978,690506,472
49431881,11.8397,26.1359,454,43456,0.650729,0.55,1,690986,690532,454
49434801,22.3679,11.6272,471,43505,0.634146,0.55,1,691011,690540,471
49437721,36.4736,20.7254,488,43553,0.630829,0.53,1,691051,690563,488
49440641,36.0947,36.9451,483,43601,0.646166,0.53,1,691087,690604,483
49443561,8.81894,34.589,451,43649,0.649233,0.57,1,691089,690638,451
49446481,28.1638,8.5178,482,43697,0.649847,0.57,1,691122,690640,482
49449401,38.4328,27.3036,491,43745,0.665969,0.61,1,691163,690672,491
49452321,66.0866,37.4607,524,43793,0.685194,0.69,1,691236,690712,524
49455241,44.4173,62.6921,494,43841,0.721039,0.69,1,691275,690781,494
49458161,31.2835,43.7384,483,43889,0.728208,0.69,1,691303,690820,483
49461081,35.0567,31.1477,491,43937,0.761642,0.71,2,691339,690848,491
49464001,40.6113,35.8295,496,43985,0.768328,0.65,2,691381,690885,496
49466921,27.3223,39.9659,479,44033,0.801666,0.67,2,691405,690926,479
49469841,26.2645,27.9932,480,44081,0.824333,0.65,2,691431,690951,480
49472761,11.6529,27.1986,461,44129,0.828867,0.65,2,691439,690978,461
49475681,21.5306,11.8397,477,44177,0.829773,0.63,2,691463,690986,477
49478601,37.1061,22.3679,493,44225,0.861955,0.63,2,691504,691011,493
49481521,37.0212,36.4736,490,44273,0.868391,0.65,2,691541,691051,490
49484441,9.00424,36.0947,456,44321,0.869678,0.65,2,691543,691087,456
49487361,27.4008,8.81894,486,44369,0.869936,0.65,2,691575,691089,486
49490281,39.8802,28.1638,496,44417,0.901987,0.67,2,691618,691122,496
49493201,66.376,38.4328,528,44464,0.908397,0.69,2,691691,691163,528
49496121,14.8752,66.0866,457,44511,0.909679,0.73,2,691693,691236,457
49499041,34.975,44.4173,458,44558,0.957936,0.73,2,691733,691275,458
49656721,28,38,525,47044,0.93,1,2,693436,692911,525
49659641,35.2,38,524,47089,0.93,1,2,693473,692949,524
49662561,30.24,34.8,519,47134,0.706,1,1,693502,692983,519
49665481,21.248,30.96,508,47179,0.6452,1,1,693521,693013,508
49668401,35.4496,26.992,521,47224,0.60104,1,1,693560,693039,521
49671321,37.4899,54.1984,498,47269,0.480208,1,1,693598,693100,498
49674241,45.898,36.4397,514,47314,0.296042,1,1,693646,693132,514
49677161,33.1796,36.0879,508,47359,0.179208,1,1,693676,693168,508
49680081,31.4359,27.2176,514,47404,0.0758417,1,1,693707,693193,514
49683001,21.4872,28.6435,504,47448,0.0711683,1,1,693726,693222,504
49685921,17.0974,28.9287,491,47492,0.0542337,0.89,1,693742,693251,491
49688841,35.4195,38.5857,490,47536,0.0108467,1,1,693782,693292,490
49691761,29.4839,29.3171,491,47580,0.00216935,1,1,693810,693319,491
49694681,17.0968,32.2634,472,47624,0.0404339,0.95,1,693824,693352,472
49697601,25.0194,28.8527,471,47668,0.0160868,0.9,1,693851,693380,471
49700521,25.8039,28.1705,469,47712,0.0432174,0.93,1,693877,693408,469
49703441,26.7608,28.0341,468,47756,0.0486435,0.93,1,693904,693436,468
49706361,29.3522,35.2068,461,47800,0.0337287,0.65,1,693934,693473,461
49709281,25.0704,30.2414,456,47844,0.0787457,0.63,1,693958,693502,456
49712201,14.6141,21.2483,449,47888,0.103749,0.59,1,693970,693521,449
49715121,30.9228,35.4497,445,47932,0.17275,0.45,1,694005,693560,445
49718041,30.9846,37.4899,438,47976,0.17055,0.25,1,694036,693598,438
49720961,39.7969,45.898,432,48020,0.17011,0.15,1,694078,693646,432
49723881,28.7594,33.1796,428,48064,0.202022,0.05,1,694104,693676,428
49726801,27.3519,31.4359,424,48108,0.176404,0.07,1,694131,693707,424
49729721,20.6704,21.4872,424,48152,0.155281,0.05,1,694150,693726,424
49732641,16.9341,17.0974,424,48196,0.183056,0,1,694166,693742,424
49735561,36.1868,35.4195,425,48240,0.124611,0,1,694207,693782,425
49738481,27.2374,29.4839,422,48284,0.0969222,0.05,1,694232,693810,422
49741401,17.4475,17.0968,423,48328,0.0433844,0.01,1,694247,693824,423
49744321,24.2895,25.0194,422,48372,0.0966769,0.05,1,694273,693851,422
49747241,25.6579,25.8039,422,48416,0.0593354,0.05,1,694299,693877,422
49750161,27.5316,26.7608,423,48460,0.0518671,0.03,1,694327,693904,423
49753081,28.7063,29.3522,422,48503,0.0343734,0.09,1,694356,693934,422
49756001,28.1413,25.0704,426,48546,0.0148747,0.11,1,694384,693958,426
49758921,13.6283,14.6141,424,48589,0.0109749,0.19,1,694394,693970,424
49761841,34.7257,30.9228,429,48632,0.106195,0.17,1,694434,694005,429
49764761,29.3451,30.9846,426,48675,0.157239,0.17,1,694462,694036,426
49767681,41.069,39.7969,428,48718,0.151448,0.21,1,694506,694078,428
49770601,30.6138,28.7594,430,48761,0.15029,0.17,1,694534,694104,430
49773521,26.1228,27.3519,428,48804,0.198058,0.15,1,694559,694131,428
49776441,22.0246,20.6704,430,48847,0.207612,0.15,1,694580,694150,430
49779361,15.6049,4.13407,444,48890,0.177522,0.19,1,694594,694150,444
49782281,34.321,13.6268,467,48933,0.219504,0.11,1,694633,694166,467
49785201,22.8642,35.5254,446,48976,0.243901,0.09,1,694653,694207,446
49788121,16.5728,27.1051,436,49019,0.26478,0.03,1,694668,694232,436
49791041,24.9146,17.421,448,49062,0.252956,0.11,1,694695,694247,448
49793961,24.9829,24.2842,447,49105,0.202591,0.05,1,694720,694273,447
49796881,28.9966,25.6568,451,49148,0.192518,0.05,1,694750,694299,451
49799801,27.3993,27.5314,450,49191,0.206504,0.03,1,694777,694327,450
49802721,27.8799,28.7063,449,49234,0.177301,0.01,1,694805,694356,449
49805641,16.776,28.1413,435,49277,0.17146,0.01,1,694819,694384,435
49808561,36.9552,13.6283,467,49320,0.138292,0.13,1,694861,694394,467
49811481,29.791,34.7256,455,49363,0.131658,0.17,1,694889,694434,455
49814401,41.9582,29.3451,472,49406,0.114332,0.15,1,694934,694462,472
49817321,30.7916,41.069,456,49449,0.110866,0.15,1,694962,694506,456
49820241,27.7583,30.6138,455,49492,0.142173,0.21,1,694989,694534,455
49823161,21.5517,26.1228,450,49535,0.132435,0.21,1,695009,694559,450
49826081,16.3103,22.0246,444,49578,0.146487,0.17,1,695024,694580,444
49829001,36.8621,15.6049,472,49620,0.149297,0.23,1,695066,694594,472
49831921,23.3724,34.321,453,49662,0.165859,0.25,1,695086,694633,453
49834841,17.4745,22.8642,449,49704,0.185172,0.27,1,695102,694653,449
49837761,24.2949,16.5728,460,49746,0.189034,0.25,1,695128,694668,460
49840681,22.459,24.9146,455,49788,0.205807,0.19,1,695150,694695,455
49843601,28.4918,24.9829,460,49830,0.209161,0.19,1,695180,694720,460
49846521,26.4984,28.9966,456,49872,0.225832,0.21,1,695206,694750,456
49849441,27.6997,27.3993,457,49914,0.245166,0.17,1,695234,694777,457
49852361,18.3399,27.8799,445,49956,0.249033,0.17,1,695250,694805,445
49855281,34.068,16.776,469,49998,0.249807,0.13,1,695288,694819,469
49858201,29.2136,36.9552,455,50040,0.265961,0.13,1,695316,694861,455
49861121,41.0427,29.791,471,50082,0.301192,0.11,1,695360,694889,471
49864041,30.6085,41.9582,454,50124,0.340238,0.11,1,695388,694934,454
49866961,27.7217,30.7916,453,50166,0.364048,0.15,1,695415,694962,453
49869881,22.3443,27.7583,447,50208,0.35281,0.13,1,695436,694989,447
49872801,17.2689,21.5517,443,50250,0.350562,0.15,1,695452,695009,443
49875721,37.0538,16.3103,470,50292,0.398112,0.15,1,695494,695024,470
49878641,9.01075,36.8621,430,50334,0.407622,0.17,1,695496,695066,430
49881561,18.6022,23.3724,431,50376,0.425525,0.19,1,695517,695086,431
49884481,16.5204,17.4745,431,50418,0.429105,0.19,1,695533,695102,431
49887401,24.1041,24.2949,431,50460,0.429821,0.21,1,695559,695128,431
49890321,23.2208,22.459,432,50502,0.461964,0.21,1,695582,695150,432
49893241,28.6442,28.4918,432,50544,0.500393,0.23,1,695612,695180,432
49896161,28.1288,26.4984,434,50586,0.492079,0.25,1,695640,695206,434
49899081,28.0258,27.6997,434,50628,0.490416,0.25,1,695668,695234,434
49902001,18.4052,18.3399,434,50670,0.506083,0.25,1,695684,695250,434
49904921,34.881,34.068,435,50712,0.525217,0.27,1,695723,695288,435
49907841,29.3762,29.2136,435,50754,0.497043,0.31,1,695751,695316,435
49910761,44.2752,41.0427,439,50795,0.523409,0.35,1,695799,695360,439
49913681,31.255,30.6085,439,50836,0.528682,0.37,1,695827,695388,439
49916601,28.651,27.7217,440,50877,0.529736,0.35,1,695855,695415,440
49919521,21.7302,22.3443,439,50918,0.529947,0.35,1,695875,695436,439
49922441,17.946,17.2689,440,50959,0.545989,0.41,1,695892,695452,440
49925361,38.7892,37.0538,442,51000,0.629198,0.41,1,695936,695494,442
49928281,9.35784,9.01075,442,51041,0.66184,0.43,1,695938,695496,442
49931201,18.6716,18.6022,442,51082,0.652368,0.43,1,695959,695517,442
49934121,17.3343,16.5204,443,51123,0.650474,0.43,1,695976,695533,443
49937041,25.0669,24.1041,444,51164,0.666095,0.47,1,696003,695559,444
49939961,24.2134,23.2208,445,51205,0.685219,0.51,1,696027,695582,445
49942881,29.6427,28.6442,446,51246,0.673044,0.49,1,696058,695612,446
49945801,28.3285,28.1288,446,51287,0.638609,0.49,1,696086,695640,446
49948721,28.8657,28.0258,447,51328,0.679722,0.51,1,696115,695668,447
49951641,18.5731,18.4052,447,51369,0.719944,0.53,1,696131,695684,447
49954561,34.1146,34.881,446,51410,0.695989,0.49,1,696169,695723,446
49957481,29.2229,29.3762,446,51451,0.739198,0.53,1,696197,695751,446
49960401,45.8446,44.2752,448,51492,0.73184,0.53,1,696247,695799,448
49963321,31.5689,31.255,448,51533,0.746368,0.53,1,696275,695827,448
49966241,28.7138,28.651,448,51574,0.813274,0.53,2,696303,695855,448
49969161,21.7428,21.7302,448,51615,0.794655,0.55,2,696323,695875,448
49972081,19.5486,17.946,450,51656,0.806931,0.65,2,696342,695892,450
49975001,41.5097,38.7892,453,51697,0.841386,0.67,2,696389,695936,453
49977921,9.90194,9.35784,453,51738,0.848277,0.65,2,696391,695938,453
49980841,19.5804,18.6716,454,51779,0.849655,0.65,2,696413,695959,454
49983761,16.7161,3.73431,470,51820,0.849931,0.65,2,696429,695959,470
49986681,24.9432,14.3469,480,51861,0.897986,0.67,2,696456,695976,480
49989601,24.1886,24.4694,477,51902,0.907597,0.69,2,696480,696003,477
49992521,28.8377,24.0939,483,51943,0.925519,0.67,2,696510,696027,483
49995441,28.1675,29.6188,480,51984,0.945104,0.63,2,696538,696058,480
49998361,31.2335,28.3238,484,52025,0.917021,0.69,2,696570,696086,484
50001281,19.0467,28.8648,471,52065,0.943404,0.73,2,696586,696115,471
50004201,34.2093,18.573,493,52105,0.948681,0.69,2,696624,696131,493
50021721,18,20,478,52345,0.93,0.81,2,696801,696323,478
50024641,44.4,19.2,510,52385,0.914,0.85,2,696852,696342,510
50027561,10.48,41.44,465,52425,0.9108,0.85,2,696854,696389,465
50030481,19.696,9.888,485,52465,0.92616,0.85,2,696876,696391,485
50033401,16.7392,19.5776,479,52505,0.929232,0.85,2,696892,696413,479
50036321,27.3478,16.7155,493,52545,0.897846,0.91,2,696922,696429,493
50252401,73,82,459,24820,0.09,0.69,1,699074,698615,459
50255321,57.8,42.8,480,25633,0.074,0.45,1,699128,698648,480
50258241,61.96,70.96,465,25716,0.0708,0.23,1,699191,698726,465
50261161,54.792,62.992,457,25798,0.07016,0.11,1,699244,698787,457
50264081,49.3584,63.7984,441,25880,0.118032,0.09,1,699292,698851,441
50267001,29.8717,37.5597,435,25962,0.143606,0.03,1,699317,698882,435
50269921,10.7743,22.7119,422,26044,0.148721,0.03,1,699323,698901,422
50272841,62.9549,31.7424,464,26125,0.0377443,0.05,1,699399,698935,464
50275761,62.191,59.1485,460,26206,0.0315489,0.09,1,699461,699001,460
50278681,84.4382,70.2297,477,26287,0.0463098,0.07,1,699551,699074,477
50281601,68.8876,57.2459,488,26368,0.097262,0.07,1,699616,699128,488
50284521,55.3775,61.8492,477,26448,0.0754524,0.07,1,699668,699191,477
50287441,51.8755,54.7698,475,26528,0.0870905,0.13,1,699719,699244,475
50290361,31.1751,49.354,453,26608,0.121418,0.15,1,699745,699292,453
50293281,9.43502,29.8708,432,26688,0.128284,0.15,1,699749,699317,432
50296201,59.487,10.7742,498,26767,0.113657,0.01,1,699821,699323,498
50299121,61.4974,62.9548,484,26846,0.0467313,0.03,1,699883,699399,484
50302041,13.8995,62.191,424,26925,0.0333463,0.05,1,699885,699461,424
50304961,74.7799,84.4382,424,27004,0.0786693,0.11,1,699975,699551,424
50307881,67.756,68.8876,425,27082,0.0397338,0.07,1,700041,699616,425
50310801,55.1512,55.3775,425,27160,0.0799468,0.09,1,700093,699668,425
50313721,52.6302,51.8755,426,27238,0.0879894,0.13,1,700145,699719,426
50316641,32.926,31.1751,428,27316,0.185598,0.13,1,700173,699745,428
50319561,9.78521,9.43502,428,27394,0.17312,0.11,1,700177,699749,428
50322481,58.757,59.487,427,27471,0.218624,0.03,1,700248,699821,427
50325401,58.1514,61.4974,423,27548,0.243725,0.03,1,700306,699883,423
50328321,13.2303,13.8995,423,27625,0.280745,0.09,1,700308,699885,423
50331241,75.4461,74.7799,424,27702,0.288149,0.03,1,700399,699975,424
50334161,67.0892,67.756,423,27778,0.28963,0.09,1,700464,700041,423
50337081,56.6178,55.1512,425,27854,0.337926,0.09,1,700518,700093,425
50340001,53.7236,52.6302,426,27930,0.347585,0.21,1,700571,700145,426
50342921,36.3447,32.926,430,28006,0.317517,0.17,1,700603,700173,430
50345841,10.4689,9.78521,430,28082,0.311503,0.23,1,700607,700177,430
50348761,59.6938,58.757,431,28157,0.342301,0.25,1,700679,700248,431
50351681,60.7388,58.1514,434,28232,0.33246,0.29,1,700740,700306,434
50354601,13.7478,13.2303,434,28307,0.346492,0.29,1,700742,700308,434
50357521,75.5496,75.4461,434,28382,0.365298,0.29,1,700833,700399,434
50360441,67.9099,15.0892,500,28457,0.40106,0.29,1,700899,700399,500
50363361,59.182,55.0178,492,28531,0.408212,0.35,1,700956,700464,492
50366281,54.2364,54.2036,491,28605,0.457642,0.35,1,701009,700518,491
50369201,34.8473,53.2407,468,28679,0.467528,0.31,1,701039,700571,468
50372121,10.1695,36.2481,440,28753,0.469506,0.31,1,701043,700603,440
50375041,59.6339,10.4496,508,28827,0.501901,0.35,1,701115,700607,508
50377961,63.1268,59.6899,500,28900,0.57238,0.33,1,701179,700679,500
50380881,14.2254,60.738,441,28973,0.554476,0.35,1,701181,700740,441
50383801,75.6451,13.7476,530,29046,0.534895,0.37,1,701272,700742,530
50386721,69.529,75.5495,507,29119,0.578979,0.41,1,701340,700833,507
50389641,61.1058,67.9099,500,29192,0.587796,0.41,1,701399,700899,500
50392561,55.4212,59.182,497,29265,0.605559,0.47,1,701453,700956,497
50395481,35.0842,54.2364,474,29337,0.609112,0.47,1,701483,701009,474
50398401,10.2168,34.8473,448,29409,0.609822,0.47,1,701487,701039,448
50401321,62.0434,10.1695,519,29481,0.609964,0.51,1,701562,701043,519
50404241,64.4087,59.6339,512,29553,0.689993,0.59,1,701627,701115,512
50407161,14.4817,63.1268,450,29625,0.705999,0.55,1,701629,701179,450
50410081,74.8963,14.2254,538,29696,0.7892,0.53,2,701719,701181,538
50413001,71.7793,75.6451,518,29767,0.78984,0.59,2,701790,701272,518
50415921,61.5559,69.529,509,29838,0.805968,0.59,2,701849,701340,509
50418841,13.9112,61.1058,452,29909,0.825194,0.61,2,701851,701399,452
50421761,45.9822,55.4212,452,29980,0.829039,0.61,2,701905,701453,452
50424681,33.1964,35.0842,452,30051,0.861808,0.61,2,701935,701483,452
50427601,9.83929,10.2168,452,30121,0.852362,0.61,2,701939,701487,452
50430521,63.5679,62.0434,454,30191,0.866472,0.71,2,702016,701562,454
50596961,76,80,492,33955,0.65,1,1,704732,704240,492
50599881,46.4,43.2,497,34017,0.522,1,1,704771,704274,497
50602801,34.88,35.84,495,34079,0.5124,1,1,704803,704308,495
50605721,30.976,33.568,492,34141,0.41448,1,1,704833,704341,492
50608641,38.1952,37.1136,494,34203,0.234896,1,1,704873,704379,494
50611561,36.439,29.8227,502,34265,0.0869792,1,1,704909,704407,502
50614481,24.8878,5.96454,524,34327,0.0733958,1,1,704931,704407,524
50617401,24.9776,28.3929,515,34389,0.0386792,1,1,704956,704441,515
50620321,45.7955,37.6786,526,34450,0.0317358,0.96,1,705007,704481,526
50623241,54.7591,53.9357,525,34511,0.0143472,0.87,1,705064,704539,525
50626161,49.3518,61.9871,509,34572,0.0268694,0.73,1,705112,704603,509
50629081,67.4704,54.7974,528,34633,0.0133739,0.65,1,705184,704656,528
50632001,41.4941,71.7595,487,34694,0.0266748,0.49,1,705219,704732,487
50634921,30.6988,45.5519,476,34755,0.029335,0.51,1,705247,704771,476
50637841,23.7398,34.7104,466,34816,0.077867,0.39,1,705269,704803,466
50640761,31.148,30.9421,469,34877,0.0875734,0.19,1,705302,704833,469
50643681,29.4296,38.1884,458,34938,0.0735147,0.05,1,705331,704873,458
50646601,23.4859,36.4377,444,34999,0.102703,0.07,1,705353,704909,444
50649521,23.8972,24.8875,446,35059,0.108541,0.03,1,705377,704931,446
50652441,45.5794,24.9775,472,35119,0.0457081,0.03,1,705428,704956,472
50655361,54.7159,45.7955,478,35179,0.0491416,0.01,1,705485,705007,478
50658281,51.7432,54.7591,472,35239,0.0658283,0.03,1,705536,705064,472
50661201,66.3486,49.3518,494,35299,0.117166,0.01,1,705606,705112,494
50664121,41.2697,67.4704,457,35359,0.0474331,0.03,1,705641,705184,457
50667041,32.2539,41.4941,452,35419,0.0174866,0.03,1,705671,705219,452
50669961,26.4508,30.6988,449,35479,0.0434973,0.09,1,705696,705247,449
50672881,28.4902,23.7398,456,35539,0.112699,0.09,1,705725,705269,456
50675801,32.898,31.148,457,35598,0.14254,0.07,1,705759,705302,457
50678721,20.9796,29.4296,446,35657,0.148508,0.11,1,705777,705331,446
50681641,5.79592,23.4859,426,35716,0.149702,0.11,1,705779,705353,426
50684561,19.5592,23.8972,425,35775,0.16594,0.03,1,705802,705377,425
50687481,42.3118,45.5794,422,35834,0.105188,0.05,1,705850,705428,422
50690401,54.8624,54.7159,423,35893,0.0610376,0.07,1,705908,705485,423
50693321,51.7725,51.7432,423,35952,0.0362075,0.13,1,705959,705536,423
50696241,68.7545,66.3486,426,36011,0.0952415,0.03,1,706032,705606,426
50699161,38.5509,41.2697,422,36070,0.107048,0.01,1,706063,705641,422
50702081,31.7102,32.2539,422,36129,0.0294097,0.05,1,706093,705671,422
50705001,28.742,26.4508,425,36187,0.0298819,0.13,1,706121,705696,425
50707921,32.1484,28.4902,429,36245,0.0459764,0.15,1,706154,705725,429
50710841,33.6297,32.898,429,36303,0.0651953,0.15,1,706188,705759,429
50713761,21.1259,20.9796,429,36361,0.0690391,0.15,1,706206,705777,429
50716681,5.82519,5.79592,429,36419,0.0698078,0.17,1,706208,705779,429
50719601,18.765,19.5592,428,36477,0.0699616,0.09,1,706230,705802,428
50722521,39.753,42.3118,425,36535,0.101992,0.05,1,706275,705850,425
50725441,52.7506,54.8624,423,36593,0.0763985,0.03,1,706331,705908,423
50728361,51.3501,51.7725,423,36651,0.0392797,0.11,1,706382,705959,423
50731281,70.27,68.7545,425,36709,0.0478559,0.11,1,706457,706032,425
50734201,38.854,38.5509,425,36767,0.0655712,0.01,1,706488,706063,425
50737121,29.3708,31.7102,422,36824,0.0211142,0.03,1,706515,706093,422
50740041,29.0742,28.742,423,36881,0.0762229,0.05,1,706544,706121,423
50742961,33.0148,32.1484,424,36938,0.0552446,0.07,1,706578,706154,424
50745881,34.603,33.6297,425,36995,0.115049,0.07,1,706613,706188,425
50748801,21.3206,21.1259,425,37052,0.14301,0.07,1,706631,706206,425
50751721,5.86412,5.82519,425,37109,0.148602,0.07,1,706633,706208,425
50754641,18.7728,18.765,425,37166,0.11772,0.07,1,706655,706230,425
50757561,39.7546,3.75301,470,37223,0.0955441,0.11,1,706700,706230,470
50760481,50.3509,36.7506,478,37280,0.123109,0.07,1,706753,706275,478
50763401,50.0702,52.1501,472,37337,0.0806218,0.03,1,706803,706331,472
50766321,71.614,51.23,498,37394,0.104124,0.05,1,706880,706382,498
50769241,38.3228,70.246,453,37451,0.124825,0.07,1,706910,706457,453
50772161,30.0646,38.8492,450,37507,0.144965,0.01,1,706938,706488,450
50775081,29.2129,29.3698,452,37563,0.148993,0.09,1,706967,706515,452
50778001,34.6426,29.074,459,37619,0.149799,0.05,1,707003,706544,459
50780921,35.7285,33.0148,461,37675,0.11796,0.13,1,707039,706578,461
50783841,21.5457,34.603,444,37731,0.111592,0.15,1,707057,706613,444
50786761,5.90914,21.3206,428,37787,0.110318,0.15,1,707059,706631,428
50789681,18.7818,5.86412,448,37843,0.110064,0.11,1,707081,706633,448
50792601,40.5564,18.7728,472,37899,0.110013,0.09,1,707127,706655,472
50795521,50.5113,39.7546,480,37955,0.158003,0.13,1,707180,706700,480
50798441,46.9023,50.3509,473,38011,0.199601,0.07,1,707226,706753,473
50801361,74.1805,50.0702,504,38067,0.22392,0.11,1,707307,706803,504
50804281,38.8361,71.614,457,38122,0.228784,0.13,1,707337,706880,457
50807201,29.3672,38.3228,454,38177,0.261757,0.15,1,707364,706910,454
50810121,30.6734,30.0646,457,38232,0.284351,0.15,1,707395,706938,457
50813041,33.3347,29.2129,462,38287,0.28887,0.15,1,707429,706967,462
50815961,35.4669,34.6426,462,38342,0.305774,0.11,1,707465,707003,462
50818881,21.4934,35.7285,444,38397,0.341155,0.11,1,707483,707039,444
50821801,5.89868,21.5457,428,38452,0.348231,0.11,1,707485,707057,428
50824721,18.7797,5.90914,448,38507,0.365646,0.11,1,707507,707059,448
50827641,40.5559,18.7818,472,38562,0.401129,0.11,1,707553,707081,472
50830561,52.9112,40.5564,482,38617,0.424226,0.17,1,707609,707127,482
50833481,12.1822,50.5113,431,38672,0.428845,0.21,1,707611,707180,431
50836401,40.0364,46.9023,432,38727,0.493769,0.23,1,707658,707226,432
50839321,73.6073,74.1805,433,38782,0.554754,0.23,1,707740,707307,433
50842241,39.5215,38.8361,434,38836,0.566951,0.27,1,707771,707337,434
50845161,30.3043,29.3672,435,38890,0.58539,0.29,1,707799,707364,435
50848081,31.6609,30.6734,436,38944,0.589078,0.29,1,707831,707395,436
50851001,33.5322,33.3347,436,38998,0.621816,0.31,1,707865,707429,436
50853921,37.1064,35.4669,438,39052,0.628363,0.35,1,707903,707465,438
50856841,22.6213,21.4934,439,39106,0.613673,0.35,1,707922,707483,439
50859761,6.12426,5.89868,439,39160,0.610735,0.37,1,707924,707485,439
50862681,20.4249,18.7797,441,39214,0.642147,0.41,1,707948,707507,441
50865601,41.685,40.5559,442,39268,0.664429,0.43,1,707995,707553,442
50868521,53.937,52.9112,443,39322,0.652886,0.43,1,708052,707609,443
50871441,12.3874,12.1822,443,39376,0.650577,0.51,1,708054,707611,443
50874361,42.4775,40.0364,446,39430,0.698115,0.57,1,708104,707658,446
50877281,75.6955,73.6073,448,39484,0.723623,0.57,1,708188,707740,448
50880201,39.9391,39.5215,448,39537,0.712725,0.59,1,708219,707771,448
50883121,31.1878,30.3043,449,39590,0.694545,0.59,1,708248,707799,449
50886041,33.4376,31.6609,451,39643,0.706909,0.63,1,708282,707831,451
50888961,33.8875,33.5322,451,39696,0.677382,0.63,1,708316,707865,451
50891881,37.1775,37.1064,451,39749,0.671476,0.61,1,708354,707903,451
50894801,23.4355,22.6213,452,39802,0.702295,0.61,1,708374,707922,452
50897721,6.2871,6.12426,452,39855,0.708459,0.65,1,708376,707924,452
50900641,22.0574,20.4249,454,39908,0.693692,0.67,1,708402,707948,454
50903561,41.2115,41.685,453,39961,0.770738,0.65,2,708448,707995,453
50906481,55.4423,53.937,455,40014,0.802148,0.65,2,708507,708052,455
50909401,12.6885,12.3874,455,40067,0.80843,0.65,2,708509,708054,455
50912321,41.7377,2.47748,504,40120,0.793686,0.71,2,708558,708054,504
50915241,76.3475,40.4955,539,40173,0.806737,0.73,2,708643,708104,539
50918161,39.2695,75.2991,485,40226,0.841347,0.71,2,708673,708188,485
50921081,31.8539,39.8598,484,40278,0.84827,0.69,2,708703,708219,484
50924001,32.7708,31.172,488,40330,0.897654,0.71,2,708736,708248,488
50926921,33.7542,33.4344,488,40382,0.923531,0.67,2,708770,708282,488
50944441,62,46,520,40694,0.89,0.81,2,708968,708448,520
50947361,14,56.4,463,40746,0.89,0.81,2,708970,708507,463
50950281,41.2,12.88,509,40798,0.906,0.79,2,709018,708509,509
50953201,77.04,41.776,546,40850,0.9412,0.81,2,709104,708558,546
51084601,24,21,532,43113,0.79,1,2,710657,710125,532
51087521,25.6,31.4,524,43162,0.742,1,1,710683,710159,524
51090441,29.12,31.08,523,43211,0.6844,1,1,710713,710190,523
51093361,33.024,43.816,510,43260,0.64088,1,1,710747,710237,510
51096281,31.4048,31.1632,513,43309,0.504176,1,1,710778,710265,513
51099201,27.881,31.8326,508,43358,0.428835,1,1,710805,710297,508
51102121,21.5762,28.7665,500,43407,0.445767,1,1,710825,710325,500
51105041,33.9152,27.3533,510,43456,0.385153,1,1,710862,710352,510
51107961,32.383,39.8707,499,43505,0.341031,1,1,710894,710395,499
51110881,32.8766,31.1741,503,43553,0.316206,1,1,710927,710424,503
51113801,64.1753,28.6348,547,43601,0.295241,1,1,710999,710452,547
51116721,36.8351,68.127,499,43649,0.259048,0.98,1,711029,710530,499
51119641,40.967,38.4254,510,43697,0.28381,0.88,1,711071,710561,510
51122561,28.1934,40.4851,494,43745,0.272762,0.83,1,711096,710602,494
51125481,17.6387,32.897,478,43793,0.286552,0.79,1,711111,710633,478
51128401,24.3277,25.7794,480,43841,0.27331,0.73,1,711137,710657,480
51131321,28.0655,25.9559,483,43889,0.350662,0.67,1,711166,710683,483
51134241,33.6131,29.1912,488,43937,0.318132,0.63,1,711201,710713,488
51137161,27.5226,33.0382,480,43985,0.343626,0.47,1,711227,710747,480
51140081,22.3045,31.4076,470,44033,0.332725,0.41,1,711248,710778,470
51143001,19.6609,27.8815,462,44081,0.362545,0.45,1,711267,710805,462
51145921,31.1322,21.5763,476,44129,0.400509,0.37,1,711301,710825,476
51148841,31.0264,33.9153,470,44177,0.424102,0.33,1,711332,710862,470
51151761,30.2053,32.3831,468,44225,0.39682,0.31,1,711362,710894,468
51154681,66.0411,32.8766,510,44273,0.487364,0.29,1,711437,710927,510
51157601,33.2082,64.1753,463,44321,0.569473,0.25,1,711462,710999,463
51160521,40.2416,36.8351,475,44369,0.601895,0.29,1,711504,711029,475
51163441,28.8483,40.967,459,44417,0.608379,0.27,1,711530,711071,459
51166361,16.9697,28.1934,448,44464,0.609676,0.29,1,711544,711096,448
51169281,4.99393,17.6387,435,44511,0.609935,0.27,1,711546,711111,435
51172201,21.7988,24.3277,435,44558,0.609987,0.37,1,711572,711137,435
51175121,31.5598,28.0655,440,44605,0.625997,0.31,1,711606,711166,440
51178041,31.912,33.6131,437,44652,0.6612,0.35,1,711638,711201,437
51180961,28.7824,27.5226,439,44699,0.71624,0.33,1,711666,711227,439
51183881,24.1565,22.3045,441,44746,0.711248,0.37,1,711689,711248,441
51186801,20.8313,19.6609,442,44793,0.67825,0.41,1,711709,711267,442
51189721,31.3663,31.1322,442,44840,0.73565,0.43,1,711743,711301,442
51192641,30.2733,31.0264,441,44887,0.74713,0.39,1,711773,711332,441
51195561,30.0546,30.2053,441,44934,0.749426,0.51,1,711803,711362,441
51198481,71.6109,66.0411,448,44981,0.749885,0.59,1,711885,711437,448
51201401,36.7222,33.2082,451,45028,0.813977,0.61,2,711913,711462,451
51204321,41.7444,40.2416,452,45075,0.778795,0.61,2,711956,711504,452
51207241,29.1489,28.8483,452,45122,0.787759,0.61,2,711982,711530,452
51210161,17.0298,16.9697,452,45169,0.805552,0.61,2,711996,711544,452
51213081,5.00596,4.99393,452,45216,0.80911,0.61,2,711998,711546,452
51216001,21.8012,21.7988,452,45263,0.841822,0.63,2,712024,711572,452
51218921,33.1602,31.5598,454,45310,0.848364,0.67,2,712060,711606,454
51221841,33.832,31.912,456,45357,0.817673,0.73,2,712094,711638,456
51224761,29.1664,28.7824,456,45403,0.811535,0.71,2,712122,711666,456
51227681,23.4333,24.1565,455,45449,0.842307,0.67,2,712144,711689,455
51230601,20.6867,20.8313,455,45495,0.848461,0.75,2,712164,711709,455
51233521,32.9373,31.3663,457,45541,0.785692,0.75,2,712200,711743,457
51236441,30.5875,30.2733,457,45587,0.773139,0.75,2,712230,711773,457
51239361,30.1175,30.0546,457,45633,0.786628,0.75,2,712260,711803,457
51242281,73.2235,71.6109,459,45679,0.821326,0.83,2,712344,711885,459
51245201,38.6447,36.7222,461,45725,0.892265,0.77,2,712374,711913,461
51248121,42.1289,41.7444,461,45771,0.906453,0.79,2,712417,711956,461
51251041,30.0258,29.1489,462,45817,0.925291,0.81,2,712444,711982,462
51253961,17.2052,17.0298,462,45863,0.913058,0.81,2,712458,711996,462
51256881,5.04103,5.00596,462,45909,0.910612,0.81,2,712460,711998,462
51259801,22.6082,1.00119,489,45955,0.926122,0.85,2,712487,711998,489
51262721,31.7216,21.0002,497,46001,0.929224,0.85,2,712521,712024,497
51453981,78,79,497,22093,0.49,0.95,1,714634,714137,497
51456901,106.8,91.8,516,22189,0.49,0.77,1,714748,714232,516
51459821,84.56,107.16,484,22285,0.49,0.59,1,714827,714343,484
51462741,64.112,70.232,482,22380,0.426,0.57,1,714886,714404,482
51465661,61.6224,79.6464,461,22475,0.3972,0.57,1,714947,714486,461
51468581,25.9245,34.3293,455,22569,0.35944,0.53,1,714964,714509,455
51471501,32.3849,16.4659,477,22663,0.319888,0.49,1,714998,714521,477
51474421,70.477,31.2932,522,22757,0.391978,0.49,1,715078,714556,522
51477341,106.095,68.6586,559,22850,0.470396,0.49,1,715193,714634,559
51480261,81.2191,104.932,520,22943,0.502079,0.49,1,715268,714748,520
51483181,62.6438,84.1863,499,23035,0.508416,0.41,1,715326,714827,499
51486101,58.9288,64.0373,498,23127,0.541683,0.39,1,715384,714886,498
51489021,24.5858,61.6075,453,23219,0.548337,0.35,1,715400,714947,453
51491941,33.7172,25.9215,472,23310,0.581667,0.31,1,715436,714964,472
51494861,71.5434,32.3843,519,23401,0.636333,0.41,1,715517,714998,519
51497781,111.109,70.4769,560,23492,0.695267,0.49,1,715638,715078,560
51500701,83.0217,106.095,521,23582,0.739053,0.51,1,715714,715193,521
51503621,64.6043,81.2191,506,23672,0.763811,0.51,2,715774,715268,506
51506541,59.3209,62.6438,506,23762,0.800762,0.55,2,715832,715326,506
51509461,26.2642,58.9288,466,23851,0.808152,0.55,2,715850,715384,466
51512381,34.8528,24.5858,487,23940,0.82563,0.59,2,715887,715400,487
51515301,8.57057,33.7172,453,24029,0.829126,0.65,2,715889,715436,453
51518221,67.3141,71.5434,454,24117,0.893825,0.71,2,715971,715517,454
51521141,112.663,111.109,457,24205,0.906765,0.75,2,716095,715638,457
51524061,84.9326,83.0217,459,24293,0.861353,0.77,2,716173,715714,459
51526981,65.7865,64.6043,460,24380,0.868271,0.81,2,716234,715774,460
51529901,61.1573,59.3209,462,24467,0.869654,0.81,2,716294,715832,462
51532821,28.2315,26.2642,464,24554,0.901931,0.83,2,716314,715850,464
51535741,34.4463,34.8528,463,24640,0.908386,0.83,2,716350,715887,463
51538661,8.48926,8.57057,463,24726,0.941677,0.91,2,716352,715889,463
51643781,38,21,510,27644,0.37,1,1,718519,718009,510
51646701,30.8,44.2,489,27721,0.402,1,1,718548,718059,489
51649621,60.56,72.84,477,27797,0.3764,0.96,1,718616,718139,477
51652541,44.912,45.768,479,27873,0.37128,0.89,1,718657,718178,479
51655461,36.9824,38.7536,477,27949,0.354256,0.98,1,718692,718215,477
51658381,36.9965,45.3507,467,28025,0.350851,0.96,1,718729,718262,467
51661301,33.7993,35.4701,467,28101,0.33417,0.85,1,718762,718295,467
51664221,48.3599,54.294,460,28176,0.266834,0.51,1,718814,718354,460
51667141,102.472,112.459,449,28251,0.253367,0.37,1,718930,718481,449
51670061,46.0944,52.8918,443,28326,0.250673,0.41,1,718962,718519,443
51672981,29.2189,33.7784,439,28401,0.234135,0.41,1,718987,718548,439
51675901,57.0438,6.75567,503,28476,0.230827,0.37,1,719051,718548,503
51678821,46.6088,55.7511,479,28550,0.262165,0.37,1,719095,718616,479
51681741,36.5218,43.9502,472,28624,0.268433,0.35,1,719129,718657,472
51684661,36.1044,36.79,473,28698,0.269687,0.35,1,719165,718692,473
51687581,34.4209,36.958,470,28772,0.301937,0.33,1,719199,718729,470
51690501,46.0842,33.7916,486,28846,0.292387,0.25,1,719248,718762,486
51693421,99.6168,48.3583,547,28919,0.370477,0.25,1,719361,718814,547
51696341,46.3234,102.472,464,28992,0.338095,0.25,1,719394,718930,464
51699261,29.2647,46.0943,457,29065,0.379619,0.23,1,719419,718962,457
51702181,57.0529,29.2189,496,29138,0.467924,0.23,1,719483,718987,496
51705101,46.6106,57.0438,476,29211,0.533585,0.27,1,719527,719051,476
51708021,39.7221,46.6088,470,29283,0.562717,0.27,1,719565,719095,470
51710941,35.1444,36.5218,470,29355,0.600543,0.27,1,719599,719129,470
51713861,35.8289,36.1044,470,29427,0.608109,0.31,1,719635,719165,470
51716781,45.5658,34.4209,484,29499,0.609622,0.29,1,719683,719199,484
51719701,103.513,46.0842,553,29571,0.609924,0.39,1,719801,719248,553
51722621,46.3026,99.6168,472,29643,0.609985,0.33,1,719833,719361,472
51725541,30.0605,46.3234,465,29714,0.657997,0.39,1,719859,719394,465
51728461,61.2121,29.2647,509,29785,0.667599,0.49,1,719928,719419,509
51731381,13.8424,57.0529,447,29856,0.66952,0.55,1,719930,719483,447
51734301,40.3685,46.6106,450,29927,0.733904,0.57,1,719977,719527,450
51737221,38.4737,39.7221,450,29998,0.746781,0.61,1,720015,719565,450
51740141,36.4947,35.1444,452,30069,0.749356,0.61,1,720051,719599,452
51743061,36.0989,35.8289,452,30139,0.749871,0.61,1,720087,719635,452
51745981,45.6198,45.5658,452,30209,0.749974,0.61,1,720135,719683,452
51748901,103.524,103.513,452,30279,0.781995,0.61,2,720253,719801,452
51751821,47.9048,46.3026,454,30349,0.788399,0.67,2,720287,719833,454
51754741,31.181,30.0605,455,30419,0.80568,0.67,2,720314,719859,455
51757661,62.2362,61.2121,456,30489,0.841136,0.67,2,720384,719928,456
51760581,14.0472,13.8424,456,30558,0.848227,0.75,2,720386,719930,456
51763501,42.8094,40.3685,459,30627,0.913646,0.75,2,720436,719977,459
51766421,38.9619,38.4737,459,30696,0.942729,0.75,2,720474,720015,459
51769341,34.9924,36.4947,457,30765,0.948546,0.75,2,720508,720051,457
52151861,35,47,494,38740,0.71,1,1,726144,725650,494
52154781,36.6,40.6,492,38795,0.662,1,1,726181,725689,492
52157701,37.72,37.72,493,38849,0.5724,1,1,726219,725726,493
52160621,35.544,37.944,490,38903,0.44248,1,1,726254,725764,490
52163541,38.3088,39.5888,489,38957,0.288496,1,1,726293,725804,489
52166461,36.4618,43.9178,480,39011,0.161699,0.92,1,726329,725849,480
52169381,36.0924,32.7836,486,39065,0.0563398,1,1,726365,725879,486
52172301,36.0185,37.7567,483,39119,0.019268,0.97,1,726401,725918,483
52175221,34.4037,37.9513,479,39173,0.0118536,1,1,726435,725956,479
52178141,37.2807,46.7903,468,39227,0.0423707,1,1,726473,726005,468
52181061,37.8561,41.3581,466,39281,0.0804741,0.91,1,726511,726045,466
52183981,31.5712,34.6716,463,39335,0.0160948,0.85,1,726541,726078,463
52186901,29.5142,31.7343,461,39389,0.00321897,0.71,1,726570,726109,461
52189821,32.3028,34.3469,459,39443,0.00864379,0.65,1,726603,726144,459
52192741,30.4606,36.4694,452,39497,0.00972876,0.55,1,726633,726181,452
52195661,33.2921,37.6939,448,39550,0.0259458,0.41,1,726667,726219,448
52198581,29.0584,35.5388,441,39603,0.0291892,0.25,1,726695,726254,441
52201501,33.0117,38.3078,436,39656,0.0138378,0.13,1,726729,726293,436
52204421,26.6023,36.4616,425,39709,0.0107676,0.03,1,726754,726329,425
52207341,31.7205,36.0923,422,39762,0.0101535,0.01,1,726787,726365,422
52210261,35.1441,36.0185,422,39815,0.0580307,0.01,1,726823,726401,422
52213181,34.2288,34.4037,422,39868,0.0116061,0.05,1,726857,726435,422
52216101,37.2458,37.2807,422,39921,0.00232123,0.09,1,726895,726473,422
52219021,39.4492,37.8561,424,39974,0.00846425,0,1,726935,726511,424
52221941,30.2898,31.5712,422,40027,0.00169285,0,1,726963,726541,422
52224861,29.258,29.5142,422,40080,0.0243386,0,1,726992,726570,422
52227781,31.4516,5.90285,454,40133,0.0288677,0.01,1,727024,726570,454
52230701,31.0903,27.5806,452,40186,0.0137735,0.01,1,727055,726603,452
52233621,32.6181,29.5161,455,40239,0.0107547,0.03,1,727088,726633,455
52236541,28.9236,33.1032,449,40291,0.0901509,0.03,1,727116,726667,449
52239461,34.5847,29.0206,457,40343,0.12203,0.01,1,727152,726695,457
52242381,25.3169,33.0041,446,40395,0.176406,0.01,1,727175,726729,446
52245301,31.4634,26.6008,454,40447,0.235281,0.01,1,727208,726754,454
52248221,35.0927,31.7202,457,40499,0.0550562,0.07,1,727244,726787,457
52251141,34.2185,35.144,455,40551,0.0190112,0,1,727278,726823,455
52254061,38.8437,34.2288,461,40603,0.0278023,0,1,727318,726857,461
52256981,38.9687,37.2458,462,40655,0.0135604,0.01,1,727357,726895,462
52259901,30.1937,39.4492,450,40707,0.00271209,0,1,727385,726935,450
52262821,29.2387,30.2898,451,40759,0.0245424,0.03,1,727414,726963,451
52265741,32.2477,29.258,455,40811,0.0289085,0.03,1,727447,726992,455
52268661,29.6496,31.4516,452,40863,0.0297817,0.01,1,727476,727024,452
52271581,33.1299,31.0903,455,40915,0.0139563,0.01,1,727510,727055,455
52274501,34.626,32.6181,457,40967,0.122791,0.11,1,727545,727088,457
52277421,34.9252,28.9236,464,41019,0.144558,0.13,1,727580,727116,464
52280341,27.785,34.5847,454,41070,0.116912,0.19,1,727606,727152,454
52283261,28.757,25.3169,460,41121,0.127382,0.25,1,727635,727175,460
52286181,29.7514,31.4634,457,41172,0.129476,0.01,1,727665,727208,457
52289101,33.1503,35.0927,455,41223,0.0338953,0.01,1,727699,727244,455
52292021,39.4301,34.2185,462,41274,0.0147791,0.03,1,727740,727278,462
52294941,39.086,38.8437,461,41325,0.0109558,0.01,1,727779,727318,461
52297861,30.2172,38.9687,450,41376,0.0261912,0,1,727807,727357,450
52300781,29.2434,30.1937,451,41427,0.0292382,0.03,1,727836,727385,451
52303701,33.0487,29.2387,456,41478,0.0138476,0.03,1,727870,727414,456
52306621,28.2097,32.2477,450,41529,0.0427695,0.03,1,727897,727447,450
52309541,7.24195,29.6496,423,41580,0.0485539,0.01,1,727899,727476,423
52312461,29.4484,33.1299,424,41631,0.0177108,0.15,1,727934,727510,424
52315381,37.0897,34.626,428,41682,0.0275422,0.15,1,727973,727545,428
52318301,36.2179,34.9252,429,41733,0.0775084,0.11,1,728009,727580,429
52321221,28.0436,27.785,429,41784,0.119502,0.13,1,728035,727606,429
52324141,28.0087,28.757,428,41835,0.1919,0.13,1,728063,727635,428
52327061,28.0017,29.7514,426,41885,0.17438,0.01,1,728091,727665,426
52329981,29.6003,33.1503,422,41935,0.202876,0.01,1,728121,727699,422
52332901,39.5201,39.4301,423,41985,0.0405752,0.01,1,728163,727740,423
52335821,38.304,39.086,422,42035,0.00811504,0.03,1,728201,727779,422
52338741,31.6608,30.2172,424,42085,0.00162301,0.03,1,728231,727807,424
52341661,28.7322,29.2434,423,42135,0.0403246,0.01,1,728259,727836,423
52344581,32.1464,33.0487,422,42185,0.0320649,0.05,1,728292,727870,422
52347501,28.0293,28.2097,422,42235,0.062413,0.05,1,728319,727897,422
52350421,7.20586,7.24195,422,42285,0.0684826,0.01,1,728321,727899,422
52353341,29.4412,29.4484,422,42335,0.0136965,0.03,1,728356,727934,422
52356261,37.8882,37.0897,423,42385,0.0587393,0.09,1,728396,727973,423
52359181,38.7776,36.2179,426,42435,0.0197479,0.13,1,728435,728009,426
52362101,30.1555,28.0436,428,42485,0.00394957,0.21,1,728463,728035,428
52365021,30.0311,28.0087,430,42535,0.0407899,0.17,1,728493,728063,430
52367941,29.2062,28.0017,431,42585,0.064158,0.21,1,728522,728091,431
52370861,27.4412,29.6003,428,42635,0.116832,0,1,728549,728121,428
52373781,35.0882,39.5201,423,42684,0.111366,0,1,728586,728163,423
52376701,36.6176,38.304,422,42733,0.0622733,0,1,728623,728201,422
52379621,31.3235,31.6608,422,42782,0.0364547,0.05,1,728653,728231,422
52382541,28.6647,28.7322,422,42831,0.0472909,0.03,1,728681,728259,422
52385461,32.1329,32.1464,422,42880,0.0334582,0.07,1,728714,728292,422
52388381,28.8266,28.0293,423,42929,0.0466916,0.07,1,728742,728319,423
52391301,7.36532,7.20586,423,42978,0.0493383,0,1,728744,728321,423
52394221,28.6731,29.4412,422,43027,0.0338677,0,1,728778,728356,422
52397141,37.7346,5.88823,462,43076,0.0307735,0.07,1,728818,728356,462
52400061,38.7469,33.1776,461,43125,0.0461547,0.01,1,728857,728396,461
52402981,29.3494,37.8355,449,43174,0.0172309,0,1,728884,728435,449
52405901,31.4699,29.9671,453,43223,0.0274462,0.05,1,728916,728463,453
52408821,31.894,29.9934,455,43272,0.0774892,0.07,1,728948,728493,455
52411741,28.7788,29.1987,454,43321,0.119498,0.13,1,728976,728522,454
52414661,32.9558,27.4397,461,43370,0.1759,0.11,1,729010,728549,461
52417581,33.7912,35.0879,458,43419,0.18718,0.05,1,729044,728586,458
52420501,30.7582,36.6176,451,43468,0.173436,0.03,1,729074,728623,451
52423421,28.5516,31.3235,449,43517,0.122687,0.05,1,729102,728653,449
52426341,32.1103,28.6647,454,43565,0.0965374,0.03,1,729135,728681,454
52429261,30.4221,32.1329,451,43613,0.0753075,0.05,1,729165,728714,451
52432181,7.68441,28.8266,425,43661,0.0710615,0.05,1,729167,728742,425
52435101,27.1369,7.36532,455,43709,0.118212,0.03,1,729199,728744,455
52438021,38.2274,28.6731,462,43757,0.0956425,0.03,1,729240,728778,462
52440941,38.0455,37.7346,460,43805,0.107128,0.05,1,729278,728818,460
52443861,31.6091,38.7469,451,43853,0.0774257,0.01,1,729308,728857,451
52446781,30.3218,29.3494,454,43901,0.0714851,0.03,1,729338,728884,454
52449701,35.6644,31.4699,459,43949,0.166297,0.09,1,729375,728916,459
52452621,30.3329,31.894,456,43997,0.185259,0.13,1,729404,728948,456
52455541,34.8666,28.7788,464,44045,0.189052,0.19,1,729440,728976,464
52458461,34.1733,32.9558,464,44093,0.18981,0.19,1,729474,729010,464
52461381,26.8347,33.7912,455,44141,0.173962,0.17,1,729499,729044,455
52464301,28.5669,30.7582,454,44189,0.154792,0.11,1,729528,729074,454
52467221,31.3134,28.5516,458,44237,0.150958,0.09,1,729560,729102,458
52470141,30.2627,32.1103,455,44285,0.150192,0.07,1,729590,729135,455
52473061,7.65254,30.4221,427,44333,0.182038,0.07,1,729592,729165,427
52475981,27.1305,7.68441,457,44381,0.188408,0.13,1,729624,729167,457
52478901,38.2261,27.1369,466,44429,0.205682,0.09,1,729665,729199,466
52481821,9.24522,38.2274,427,44476,0.209136,0.11,1,729667,729240,427
52484741,32.249,38.0455,427,44523,0.209827,0.07,1,729705,729278,427
52487661,28.8498,31.6091,425,44570,0.241965,0.07,1,729733,729308,425
52490581,29.77,30.3218,425,44617,0.264393,0.19,1,729763,729338,425
52493501,41.154,35.6644,432,44664,0.268879,0.19,1,729807,729375,432
52496421,30.6308,30.3329,431,44711,0.301776,0.19,1,729835,729404,431
52499341,34.9262,34.8666,431,44758,0.308355,0.19,1,729871,729440,431
52502261,34.1852,34.1733,431,44805,0.325671,0.17,1,729905,729474,431
52505181,26.037,26.8347,430,44852,0.377134,0.15,1,729929,729499,430
52508101,27.6074,28.5669,429,44899,0.355427,0.15,1,729957,729528,429
52511021,31.1215,31.3134,429,44946,0.399085,0.15,1,729989,729560,429
52513941,31.8243,30.2627,431,44993,0.439817,0.19,1,730021,729590,431
52516861,7.96486,7.65254,431,45040,0.415963,0.19,1,730023,729592,431
52519781,27.193,27.1305,431,45087,0.427193,0.21,1,730055,729624,431
52522701,39.0386,38.2261,432,45134,0.477439,0.21,1,730097,729665,432
52525621,9.40772,9.24522,432,45181,0.455488,0.21,1,730099,729667,432
52528541,32.2815,32.249,432,45228,0.467098,0.25,1,730137,729705,432
52531461,29.6563,28.8498,433,45275,0.501419,0.27,1,730166,729733,433
52534381,29.9313,29.77,433,45322,0.508284,0.27,1,730196,729763,433
52537301,41.1863,41.154,433,45369,0.509657,0.31,1,730240,729807,433
52540221,33.0373,30.6308,436,45415,0.477931,0.31,1,730271,729835,436
52543141,37.0074,34.9262,438,45461,0.487586,0.33,1,730309,729871,438
52546061,35.4015,34.1852,439,45507,0.489517,0.39,1,730344,729905,439
52548981,26.2803,26.037,439,45553,0.489903,0.35,1,730368,729929,439
52551901,27.6561,27.6074,439,45599,0.537981,0.41,1,730396,729957,439
52554821,31.9312,31.1215,440,45645,0.563596,0.45,1,730429,729989,440
52557741,33.5862,31.8243,442,45691,0.536719,0.41,1,730463,730021,442
52560661,8.31725,7.96486,442,45737,0.531344,0.43,1,730465,730023,442
52563581,28.8635,27.193,444,45783,0.562269,0.49,1,730499,730055,444
52566501,39.3727,39.0386,444,45829,0.536454,0.45,1,730541,730097,444
52569421,9.47454,9.40772,444,45875,0.563291,0.47,1,730543,730099,444
52572341,33.0949,32.2815,445,45921,0.616658,0.47,1,730582,730137,445
52575261,29.019,6.45631,473,45967,0.595332,0.51,1,730610,730137,473
52578181,29.8038,24.4913,474,46013,0.591066,0.51,1,730640,730166,474
52581101,41.1608,28.8983,488,46059,0.590213,0.51,1,730684,730196,488
52584021,33.0322,40.9797,475,46105,0.590043,0.47,1,730715,730240,475
52586941,36.2064,32.9959,481,46151,0.590009,0.49,1,730752,730271,481
52589861,36.8413,36.9992,480,46197,0.606002,0.49,1,730789,730309,480
52592781,26.5683,35.3998,469,46243,0.6572,0.49,1,730813,730344,469
52595701,28.5137,26.28,474,46289,0.68344,0.55,1,730842,730368,474
52598621,32.9027,27.656,480,46335,0.736688,0.57,1,730876,730396,480
52601541,33.7805,31.9312,481,46381,0.763338,0.53,2,730910,730429,481
52604461,8.35611,33.5862,449,46426,0.768668,0.53,2,730912,730463,449
52607381,28.8712,8.31725,481,46471,0.769733,0.57,2,730946,730465,481
52610301,39.3742,28.8635,489,46516,0.801947,0.53,2,730988,730499,489
52613221,9.47485,39.3727,449,46561,0.808389,0.57,2,730990,730541,449
52616141,35.495,9.47454,489,46606,0.825678,0.63,2,731032,730543,489
52619061,29.499,33.0949,478,46651,0.829136,0.59,2,731060,730582,478
52621981,29.8998,29.019,480,46696,0.845827,0.59,2,731090,730610,480
52624901,41.18,29.8038,494,46741,0.865165,0.59,2,731134,730640,494
52627821,33.836,41.1608,482,46786,0.901033,0.59,2,731166,730684,482
52630741,35.5672,33.0322,487,46831,0.876207,0.59,2,731202,730715,487
52633661,38.3134,36.2064,489,46876,0.887241,0.61,2,731241,730752,489
52636581,28.4627,36.8413,478,46921,0.937448,0.67,2,731267,730789,478
52639501,30.4925,26.5683,485,46966,0.94749,0.69,2,731298,730813,485
52884781,124,131,451,23360,0.07,0.45,1,734313,733862,451
52909601,40.8,51,440,23360,0.054,0.35,1,734333,733893,440
52912521,35.36,23.8,457,23451,0.0108,0.39,1,734367,733910,457
52915441,24.672,29.56,448,23541,0.04216,0.23,1,734389,733941,448
52918361,28.9344,32.312,445,23631,0.064432,0.21,1,734419,733974,445
52921281,54.5869,45.6624,457,23721,0.0848864,0.11,1,734480,734023,457
52924201,70.1174,63.5325,463,23810,0.0569773,0.01,1,734554,734091,463
52927121,58.8235,63.9065,455,23899,0.0353955,0.03,1,734610,734155,455
52930041,83.7647,63.1813,482,23988,0.0150791,0.07,1,734700,734218,482
52932961,61.5529,88.6363,443,24076,0.0430158,0,1,734756,734313,443
52935881,39.5106,60.9273,423,24164,0.144603,0.05,1,734790,734367,423
52938801,26.3021,29.7854,424,24252,0.164921,0.07,1,734813,734389,424
52941721,30.0604,29.9571,425,24339,0.232984,0.09,1,734844,734419,425
52944641,56.4121,54.7914,427,24426,0.246597,0.05,1,734907,734480,427
52947561,66.4824,70.1583,422,24513,0.297319,0.03,1,734976,734554,422
52950481,58.8965,58.8317,423,24599,0.307464,0.01,1,735033,734610,423
52953401,84.5793,83.7663,424,24685,0.165493,0.05,1,735124,734700,424
52956321,62.5159,61.5533,425,24771,0.105099,0.17,1,735181,734756,425
52959241,42.1032,39.5107,428,24857,0.14102,0.17,1,735218,734790,428
52962161,28.4206,26.3021,430,24942,0.196204,0.25,1,735243,734813,430
52965081,32.0841,30.0604,432,25027,0.191241,0.25,1,735276,734844,432
52968001,60.0168,56.4121,436,25112,0.190248,0.31,1,735343,734907,436
52970921,68.0034,66.4824,437,25196,0.12605,0.31,1,735413,734976,437
52973841,57.6007,58.8965,435,25280,0.11321,0.13,1,735468,735033,435
52976761,78.7201,84.5793,428,25364,0.110642,0.09,1,735552,735124,428
52979681,59.744,62.5159,426,25448,0.0941284,0.09,1,735607,735181,426
52982601,43.9488,12.5032,466,25531,0.0748257,0.15,1,735647,735181,466
52985521,28.7898,32.1006,454,25614,0.102965,0.21,1,735672,735218,454
52988441,32.958,26.4201,463,25697,0.140593,0.19,1,735706,735243,463
52991361,58.5916,31.684,495,25779,0.196119,0.19,1,735771,735276,495
52994281,66.1183,59.9368,496,25861,0.223224,0.11,1,735839,735343,496
52997201,57.2237,67.9874,481,25943,0.276645,0.11,1,735894,735413,481
53000121,78.6447,57.5975,510,26025,0.319329,0.11,1,735978,735468,510
53003041,58.9289,78.7195,480,26106,0.327866,0.09,1,736032,735552,480
53005961,45.3858,59.7439,467,26187,0.297573,0.07,1,736074,735607,467
53008881,29.0772,43.9488,452,26268,0.307515,0.11,1,736099,735647,452
53011801,34.6154,28.7898,463,26349,0.341503,0.15,1,736135,735672,463
53014721,60.5231,32.958,496,26429,0.412301,0.21,1,736202,735706,496
53017641,67.3046,58.5916,500,26509,0.45846,0.23,1,736271,735771,500
53020561,59.8609,66.1183,490,26589,0.499692,0.29,1,736329,735839,490
53023481,80.7722,57.2237,521,26669,0.555938,0.33,1,736415,735894,521
53026401,59.3544,78.6447,491,26748,0.567188,0.33,1,736469,735978,491
53029321,43.8709,58.9289,477,26827,0.569438,0.29,1,736509,736032,477
53032241,29.5742,45.3858,461,26906,0.569888,0.31,1,736535,736074,461
53035161,7.51484,29.0772,438,26985,0.585977,0.35,1,736537,736099,438
53038081,31.903,34.6154,440,27063,0.621196,0.43,1,736575,736135,440
53041001,62.3806,60.5231,443,27141,0.676239,0.47,1,736645,736202,443
53043921,69.2761,67.3046,445,27219,0.767248,0.51,2,736716,736271,445
53046841,61.8552,59.8609,447,27297,0.84945,0.57,2,736776,736329,447
53049761,83.571,80.7722,450,27375,0.84989,0.57,2,736865,736415,450
53052681,59.9142,59.3544,450,27452,0.897978,0.57,2,736919,736469,450
53055601,43.9828,43.8709,450,27529,0.875596,0.57,2,736959,736509,450
53058521,31.1966,29.5742,452,27606,0.871119,0.59,2,736987,736535,452
53061441,7.83931,7.51484,452,27683,0.870224,0.63,2,736989,736537,452
53064361,32.7679,31.903,453,27760,0.934045,0.69,2,737028,736575,453
53081881,40,40,465,28214,0.95,0.87,2,737424,736959,465
53084801,30.4,30.4,465,28289,0.918,0.87,2,737452,736987,465
53087721,7.68,7.68,465,28364,0.9116,0.87,2,737454,736989,465
53090641,34.336,1.536,506,28439,0.89432,0.95,2,737495,736989,506
53192841,66,35,505,30936,0.81,1,2,739346,738841,505
53195761,42.8,31,512,31004,0.746,1,1,739383,738871,512
53198681,28.56,23,516,31072,0.6532,1,1,739408,738892,516
53201601,24.912,30.2,508,31140,0.57064,1,1,739432,738924,508
53204521,37.7824,61.24,480,31208,0.458128,1,1,739473,738993,480
53207441,37.9565,43.448,479,31276,0.371626,1,1,739511,739032,479
53210361,47.5913,8.6896,529,31344,0.274325,1,1,739561,739032,529
53213281,55.1183,45.7379,531,31412,0.286865,1,1,739618,739087,531
53216201,83.8237,53.9476,566,31479,0.145373,0.9,1,739709,739143,566
53219121,43.9647,90.7895,500,31546,0.117075,0.85,1,739743,739243,500
53222041,54.3929,47.7579,520,31613,0.0794149,0.81,1,739800,739280,520
53224961,38.0786,62.3516,488,31680,0.087883,0.73,1,739834,739346,488
53227881,25.2157,42.0703,473,31747,0.121577,0.63,1,739856,739383,473
53230801,21.0431,28.4141,468,31814,0.112315,0.55,1,739876,739408,468
53233721,35.4086,24.8828,483,31881,0.142463,0.43,1,739915,739432,483
53236641,35.8817,37.7766,478,31947,0.132493,0.35,1,739951,739473,478
53239561,43.1763,37.9553,485,32013,0.130499,0.25,1,739996,739511,485
53242481,52.6353,47.5911,490,32079,0.1621,0.29,1,740051,739561,490
53245401,77.7271,55.1182,517,32145,0.18442,0.11,1,740135,739618,517
53248321,41.1454,83.8236,458,32211,0.236884,0.11,1,740167,739709,458
53251241,53.0291,43.9647,480,32277,0.247377,0.07,1,740223,739743,480
53254161,41.0058,54.3929,461,32343,0.313475,0.09,1,740261,739800,461
53257081,25.8012,38.0786,449,32408,0.326695,0.13,1,740283,739834,449
53260001,21.1602,25.2157,447,32473,0.297339,0.11,1,740303,739856,447
53262921,36.232,21.0431,467,32538,0.355468,0.15,1,740343,739876,467
53265841,35.2464,35.4086,463,32603,0.351094,0.13,1,740378,739915,463
53268761,43.8493,35.8817,473,32668,0.350219,0.13,1,740424,739951,473
53271681,53.5699,43.1763,484,32733,0.382044,0.17,1,740480,739996,484
53274601,12.314,52.6353,431,32798,0.388409,0.19,1,740482,740051,431
53277521,70.4628,77.7271,432,32862,0.485682,0.25,1,740567,740135,432
53280441,41.2926,41.1454,434,32926,0.569136,0.25,1,740601,740167,434
53283361,53.8585,53.0291,435,32990,0.585827,0.33,1,740658,740223,435
53286281,43.5717,41.0058,438,33054,0.589165,0.33,1,740699,740261,438
53289201,26.3143,25.8012,438,33118,0.621833,0.29,1,740721,740283,438
53292121,22.0629,21.1602,439,33182,0.580367,0.37,1,740742,740303,439
53295041,37.2126,36.232,440,33246,0.588073,0.35,1,740783,740343,440
53297961,34.6425,35.2464,439,33310,0.589615,0.35,1,740817,740378,439
53300881,44.5285,43.8493,440,33373,0.605923,0.39,1,740864,740424,440
53303801,55.3057,53.5699,442,33436,0.593185,0.39,1,740922,740480,442
53306721,12.6611,12.314,442,33499,0.590637,0.51,1,740924,740482,442
53309641,74.5322,70.4628,447,33562,0.654127,0.59,1,741014,740567,447
53312561,43.7064,41.2926,449,33625,0.682825,0.59,1,741050,740601,449
53315481,54.3413,53.8585,449,33688,0.720565,0.59,1,741107,740658,449
53318401,45.2683,43.5717,451,33751,0.744113,0.63,1,741150,740699,451
53321321,26.6537,26.3143,451,33814,0.748823,0.57,1,741172,740721,451
53324241,22.1307,22.0629,451,33877,0.733764,0.59,1,741193,740742,451
53327161,37.2261,37.2126,451,33939,0.778753,0.59,2,741234,740783,451
53330081,34.6452,34.6425,451,34001,0.771751,0.61,2,741268,740817,451
53333001,43.729,44.5285,450,34063,0.80235,0.59,2,741314,740864,450
53335921,55.9458,55.3057,451,34125,0.85647,0.59,2,741373,740922,451
53338841,12.7892,12.6611,451,34187,0.867294,0.67,2,741375,740924,451
53341761,77.7578,74.5322,455,34249,0.869459,0.67,2,741469,741014,455
53344681,44.3516,14.9064,491,34311,0.853892,0.69,2,741505,741014,491
53347601,56.0703,31.7813,514,34373,0.818778,0.73,2,741564,741050,514
53350521,44.8141,51.9563,499,34435,0.811756,0.75,2,741606,741107,499
53353441,26.5628,44.7913,478,34496,0.810351,0.75,2,741628,741150,478
53356361,22.1126,26.5583,477,34557,0.82607,0.73,2,741649,741172,477
53359281,38.8225,22.1117,499,34618,0.845214,0.79,2,741692,741193,499
53362201,35.7645,37.2223,493,34679,0.865043,0.77,2,741727,741234,493
53365121,43.9529,34.6445,505,34740,0.901009,0.81,2,741773,741268,505
53499441,37,33,520,37438,0.83,1,2,743647,743127,520
53502361,29.8,30.6,518,37494,0.798,1,2,743675,743157,518
53505281,56.36,35.72,544,37550,0.7756,1,2,743738,743194,544
53508201,40.072,63.144,510,37606,0.75512,1,2,743774,743264,510
53511121,65.6144,38.2288,550,37662,0.703024,1,1,743846,743296,550
53514041,39.5229,66.8458,509,37718,0.708605,1,1,743879,743370,509
53516961,45.5046,48.5692,512,37774,0.757721,0.92,2,743926,743414,512
53519881,29.9009,40.1138,500,37830,0.735544,0.99,1,743952,743452,500
53522801,32.3802,30.4228,505,37886,0.779109,1,2,743985,743480,505
53525721,36.076,35.6846,505,37942,0.771822,1,2,744022,743517,505
53528641,31.2152,35.1369,500,37998,0.786364,0.92,2,744052,743552,500
53531561,25.443,34.2274,490,38054,0.773273,0.85,2,744076,743586,490
53534481,34.6886,26.0455,503,38110,0.802655,0.83,2,744113,743610,503
53537401,25.3377,34.8091,489,38165,0.872531,0.79,2,744136,743647,489
53540321,56.2675,29.3618,525,38220,0.854506,0.77,2,744200,743675,525
53543241,36.8535,56.2724,494,38275,0.850901,0.75,2,744232,743738,494
53546161,65.7707,40.0545,531,38330,0.83418,0.69,2,744305,743774,531
53549081,37.1541,65.6109,489,38385,0.878836,0.71,2,744335,743846,489
53552001,45.8308,39.5222,504,38440,0.935767,0.77,2,744383,743879,504
53778301,69,125,465,19203,0.13,0.39,1,747306,746841,465
53781221,73.8,61,495,19314,0.162,0.13,1,747381,746886,495
53784141,55.56,89,450,19424,0.1204,0.03,1,747432,746982,450
53787061,48.712,60.2,444,19533,0.04808,0.03,1,747479,747035,444
53789981,29.7424,44.04,429,19642,0.097616,0.01,1,747504,747075,429
53792901,129.948,33.608,553,19750,0.0915232,0.03,1,747659,747106,553
53795821,83.5897,111.522,494,19857,0.122305,0.13,1,747731,747237,494
53798741,79.9179,77.5043,504,19964,0.160461,0.17,1,747810,747306,504
53801661,53.5836,75.5009,476,20070,0.200092,0.11,1,747857,747381,476
53804581,48.3167,55.9002,472,20176,0.160018,0.03,1,747904,747432,472
53807501,27.2633,48.78,447,20281,0.184004,0.11,1,747926,747479,447
53810421,131.853,29.756,580,20386,0.204801,0.09,1,748084,747504,580
53813341,85.5705,129.951,499,20490,0.25696,0.13,1,748158,747659,499
53816261,82.7141,83.5902,509,20594,0.299392,0.17,1,748240,747731,509
53819181,54.9428,79.918,478,20697,0.307878,0.21,1,748288,747810,478
53822101,47.7886,53.5836,477,20799,0.325576,0.15,1,748334,747857,477
53825021,27.1577,48.3167,452,20901,0.329115,0.19,1,748356,747904,452
53827941,132.632,27.2633,589,21002,0.441823,0.21,1,748515,747926,589
53830861,28.1263,131.853,433,21103,0.464365,0.27,1,748517,748084,433
53833781,66.4253,85.5705,435,21204,0.516873,0.31,1,748593,748158,435
53836701,79.6851,82.7141,436,21304,0.543375,0.31,1,748676,748240,436
53839621,55.137,54.9428,437,21404,0.532675,0.33,1,748725,748288,437
53842541,48.6274,47.7886,438,21503,0.546535,0.33,1,748772,748334,438
53845461,27.3255,27.1577,438,21602,0.517307,0.47,1,748794,748356,438
53848381,138.265,132.632,445,21700,0.591461,0.47,1,748960,748515,445
53851301,29.253,28.1263,445,21798,0.638292,0.53,1,748962,748517,445
53854221,69.0506,66.4253,448,21895,0.631658,0.55,1,749041,748593,448
53857141,80.2101,79.6851,448,21992,0.662332,0.53,1,749124,748676,448
53860061,55.242,55.137,448,22088,0.732466,0.55,1,749173,748725,448
53862981,47.8484,48.6274,447,22184,0.762493,0.51,2,749219,748772,447
53865901,27.1697,27.3255,447,22280,0.800499,0.61,2,749241,748794,447
53868821,142.234,138.265,452,22375,0.7601,0.65,2,749412,748960,452
53871741,30.0468,29.253,452,22470,0.75202,0.63,2,749414,748962,452
53874661,68.4094,69.0506,451,22564,0.766404,0.63,2,749492,749041,451
53877581,82.4819,13.8101,537,22658,0.785281,0.67,2,749578,749041,537
53880501,57.2964,69.162,505,22752,0.773056,0.75,2,749629,749124,505
53883421,49.8593,53.0324,504,22845,0.802611,0.77,2,749677,749173,504
53886341,28.3719,47.4065,481,22938,0.856522,0.81,2,749700,749219,481
53889261,140.074,27.0813,627,23030,0.899304,0.75,2,749868,749241,627
53892181,29.6149,142.216,458,23122,0.923861,0.75,2,749870,749412,458
53985621,60,25,531,25895,0.57,1,1,751843,751312,531
53988541,102.4,57,579,25977,0.266,1,1,751956,751377,579
53991461,56.48,101,512,26059,0.0772,1,1,752001,751489,512
53994381,36.096,49.8,506,26140,0.02344,0.98,1,752032,751526,506
53997301,25.6192,31.56,502,26221,0.012688,1,1,752055,751553,502
54000221,29.9238,31.912,501,26302,0.0265376,1,1,752086,751585,501
54003141,113.985,30.3824,606,26383,0.0453075,0.94,1,752221,751615,606
54006061,42.797,117.276,492,26463,0.0650615,0.91,1,752246,751754,492
54008981,43.7594,46.6553,507,26543,0.0370123,0.57,1,752290,751783,507
54011901,80.7519,57.3311,537,26623,0.0474025,0.19,1,752380,751843,537
54014821,49.7504,101.866,466,26703,0.0974805,0.03,1,752422,751956,466
54017741,34.7501,56.3732,452,26782,0.0434961,0.01,1,752453,752001,452
54020661,25.35,36.0746,444,26861,0.0326992,0.01,1,752476,752032,444
54023581,6.67,25.6149,423,26940,0.0305398,0.03,1,752478,752055,423
54026501,25.334,29.923,422,27019,0.030108,0.05,1,752508,752086,422
54029421,115.467,113.985,425,27097,0.0460216,0.07,1,752646,752221,425
54032341,40.6934,42.7969,422,27175,0.0812043,0.03,1,752668,752246,422
54035261,44.1387,43.7594,423,27253,0.0402409,0.05,1,752713,752290,423
54038181,81.6277,80.7519,424,27331,0.0640482,0.11,1,752804,752380,424
54041101,51.5255,49.7504,426,27408,0.10081,0.03,1,752848,752422,426
54044021,31.9051,34.7501,422,27485,0.124162,0.03,1,752875,752453,422
54046941,24.781,25.35,422,27562,0.0488324,0.03,1,752898,752476,422
54049861,6.5562,6.67,422,27639,0.0337665,0.03,1,752900,752478,422
54052781,25.3112,25.334,422,27716,0.0307533,0.05,1,752930,752508,422
54055701,115.462,115.467,422,27792,0.0141507,0.09,1,753068,752646,422
54058621,43.8924,40.6934,426,27868,0.0428301,0.03,1,753094,752668,426
54061541,43.1785,44.1387,424,27944,0.048566,0.07,1,753137,752713,424
54064461,82.2357,81.6277,425,28020,0.0817132,0.11,1,753229,752804,425
54067381,53.2471,51.5255,427,28096,0.104343,0.13,1,753275,752848,427
54070301,29.8494,31.9051,424,28171,0.0768685,0.03,1,753299,752875,424
54073221,22.7699,24.781,422,28246,0.103374,0.03,1,753320,752898,422
54076141,6.15398,6.5562,422,28321,0.108675,0.03,1,753322,752900,422
54079061,25.2308,25.3112,422,28396,0.0777349,0.03,1,753352,752930,422
54081981,114.646,5.06225,559,28471,0.039547,0.01,1,753489,752930,559
54084901,43.7292,111.412,447,28545,0.0319094,0.05,1,753515,753068,447
54087821,44.7458,43.0825,466,28619,0.0783819,0.05,1,753560,753094,466
54090741,82.5492,43.0165,515,28693,0.119676,0.09,1,753652,753137,515
54093661,54.1098,82.2033,470,28767,0.159935,0.11,1,753699,753229,470
54096581,30.822,53.2407,449,28841,0.199987,0.07,1,753724,753275,449
54099501,22.1644,29.8481,445,28914,0.223997,0.11,1,753744,753299,445
54102421,6.03288,22.7696,426,28987,0.228799,0.11,1,753746,753320,426
54105341,22.8066,6.15393,451,29060,0.26176,0.07,1,753773,753322,451
54108261,114.161,25.2308,558,29133,0.052352,0.03,1,753910,753352,558
54111181,45.2323,114.646,449,29206,0.0184704,0.03,1,753938,753489,449
54114101,46.6465,43.7292,470,29278,0.0436941,0.09,1,753985,753515,470
54117021,85.3293,44.7458,520,29350,0.0487388,0.13,1,754080,753560,520
54119941,55.4659,82.5492,476,29422,0.113748,0.17,1,754128,753652,476
54122861,33.4932,54.1098,457,29494,0.17475,0.21,1,754156,753699,457
54125781,23.4986,30.822,453,29566,0.20295,0.23,1,754177,753724,453
54128701,6.29973,22.1644,435,29638,0.20859,0.23,1,754179,753744,435
54131621,20.4599,6.03288,457,29709,0.225718,0.27,1,754203,753746,457
54134541,106.492,22.8066,558,29780,0.181144,0,1,754331,753773,558
54137461,22.8984,114.161,423,29851,0.172229,0.01,1,754333,753910,423
54140381,26.1797,45.2323,422,29922,0.170446,0.05,1,754360,753938,422
54143301,44.4359,46.6465,424,29993,0.202089,0.05,1,754409,753985,424
54146221,86.4872,85.3293,426,30064,0.208418,0.13,1,754506,754080,426
54149141,57.2974,55.4659,428,30134,0.225684,0.19,1,754556,754128,428
54152061,36.2595,33.4932,431,30204,0.245137,0.21,1,754587,754156,431
54154981,25.6519,23.4986,433,30274,0.281027,0.21,1,754610,754177,433
54157901,6.73038,6.29973,433,30344,0.288205,0.23,1,754612,754179,433
54160821,20.5461,20.4599,433,30414,0.289641,0.17,1,754636,754203,433
54163741,104.909,106.492,431,30484,0.289928,0.17,1,754762,754331,431
54166661,22.5818,22.8984,431,30553,0.289986,0.17,1,754764,754333,431
54169581,25.3164,26.1797,430,30622,0.321997,0.21,1,754790,754360,430
54172501,45.8633,44.4359,432,30691,0.344399,0.21,1,754841,754409,432
54175421,86.7727,86.4872,432,30760,0.39688,0.23,1,754938,754506,432
54178341,58.1545,57.2974,433,30829,0.423376,0.25,1,754989,754556,433
54181261,37.2309,36.2595,434,30898,0.444675,0.29,1,755021,754587,434
54184181,25.8462,25.6519,434,30966,0.432935,0.29,1,755044,754610,434
54187101,6.76924,6.73038,434,31034,0.462587,0.29,1,755046,754612,434
54190021,20.5538,20.5461,434,31102,0.452517,0.29,1,755070,754636,434
54192941,106.511,104.909,436,31170,0.466504,0.29,1,755198,754762,436
54195861,22.9022,22.5818,436,31238,0.469301,0.33,1,755200,754764,436
54198781,25.3804,25.3164,436,31306,0.51786,0.33,1,755226,754790,436
54201701,48.2761,5.06327,490,31374,0.479572,0.35,1,755280,754790,490
54204621,88.8552,41.8127,538,31441,0.519914,0.41,1,755379,754841,538
54207541,59.371,85.9625,493,31508,0.543983,0.43,1,755431,754938,493
54210461,38.2742,57.9925,475,31575,0.532797,0.45,1,755464,754989,475
54213381,26.0548,37.1985,466,31642,0.546559,0.43,1,755487,755021,466
54216301,6.81097,25.8397,445,31709,0.549312,0.47,1,755489,755044,445
54219221,20.5622,6.76794,467,31776,0.549862,0.45,1,755513,755046,467
54222141,108.112,20.5536,573,31843,0.629972,0.47,1,755643,755070,573
54225061,23.2225,106.511,447,31909,0.645994,0.47,1,755645,755198,447
54227981,26.2445,22.9021,472,31975,0.633199,0.53,1,755672,755200,472
54230901,46.8489,25.3804,498,32041,0.66264,0.47,1,755724,755226,498
54233821,90.9698,48.2761,546,32107,0.652528,0.53,1,755826,755280,546
54236741,60.594,88.8552,500,32173,0.698506,0.55,1,755879,755379,500
54239661,37.7188,59.371,480,32239,0.707701,0.53,1,755911,755431,480
54242581,26.7438,38.2742,471,32305,0.70954,0.55,1,755935,755464,471
54245501,6.94875,26.0548,450,32370,0.709908,0.55,1,755937,755487,450
54248421,21.3898,6.81097,473,32435,0.725982,0.55,1,755962,755489,473
54251341,111.478,20.5622,583,32500,0.841196,0.65,2,756096,755513,583
54254261,23.8956,108.112,455,32565,0.864239,0.65,2,756098,755643,455
54257181,27.1791,23.2225,481,32630,0.884848,0.63,2,756126,755645,481
54260101,47.0358,26.2445,506,32695,0.93697,0.67,2,756178,755672,506
54263021,91.0072,46.8489,556,32760,0.915394,0.65,2,756280,755724,556
54265941,19.8014,90.9698,456,32825,0.911079,0.71,2,756282,755826,456
54563781,34,33,491,38844,0.88,1,2,760465,759974,491
54566701,39.6,32.2,500,38898,0.856,1,2,760506,760006,500
54569621,36.72,47.24,485,38952,0.8832,1,2,760542,760057,485
54572541,34.544,37.448,484,39006,0.85664,1,2,760576,760092,484
54575461,66.1088,62.6896,489,39060,0.803328,1,2,760650,760161,489
54578381,41.2218,41.3379,488,39114,0.840666,0.98,2,760685,760197,488
54581301,27.4444,36.2676,477,39168,0.816133,0.9,2,760709,760232,477
54584221,41.4889,36.8535,485,39222,0.763227,1,2,760754,760269,485
54587141,31.4978,36.1707,478,39276,0.832645,0.97,2,760783,760305,478
54590061,31.0996,36.8341,472,39330,0.830529,0.95,2,760814,760342,472
54592981,27.8199,30.5668,470,39384,0.814106,0.86,2,760841,760371,470
54595901,13.564,14.1134,470,39438,0.778821,0.91,2,760851,760381,470
54598821,41.9128,42.8227,469,39492,0.867764,0.88,2,760900,760431,469
54601741,36.3826,35.7645,470,39545,0.933553,0.85,2,760935,760465,470
54604661,35.2765,39.9529,464,39598,0.930711,0.89,2,760970,760506,464
54607581,36.6553,36.7906,465,39651,0.946142,0.85,2,761007,760542,465
54803221,23,0,541,43072,0.83,1,2,763400,762859,541
54848481,406.2,468,458,18980,0.254,0.47,1,763902,763444,458
54851401,178.04,179.2,472,19818,0.1068,0.37,1,764023,763551,472
54854321,88.408,94.24,465,19925,0.09336,0.25,1,764089,763624,465
54857241,90.4816,70.048,492,20031,0.122672,0.05,1,764180,763688,492
54860161,60.4963,85.2096,456,20137,0.0965344,0.03,1,764233,763777,456
54863081,48.0993,68.2419,437,20242,0.139307,0.03,1,764278,763841,437
54866001,31.2199,38.4484,433,20347,0.131861,0.11,1,764305,763872,433
54868921,118.244,31.6897,543,20451,0.178372,0.07,1,764445,763902,543
54871841,78.0488,103.138,490,20555,0.219674,0.09,1,764513,764023,490
54874761,90.8098,73.4276,518,20658,0.227935,0.13,1,764607,764089,518
54877681,58.962,87.4855,478,20761,0.245587,0.09,1,764658,764180,478
54880601,49.3924,59.8971,472,20863,0.249117,0.15,1,764705,764233,472
54883521,33.0785,47.9794,456,20965,0.233823,0.13,1,764734,764278,456
54886441,8.2157,31.1959,431,21066,0.230765,0.19,1,764736,764305,431
54889361,113.643,118.239,431,21167,0.278153,0.23,1,764876,764445,431
54892281,78.7286,78.0478,433,21267,0.351631,0.23,1,764946,764513,433
54895201,90.9457,90.8096,433,21367,0.430326,0.25,1,765040,764607,433
54898121,59.7891,58.9619,434,21466,0.446065,0.25,1,765092,764658,434
54901041,49.5578,49.3924,434,21565,0.465213,0.23,1,765139,764705,434
54903961,32.3116,33.0785,433,21663,0.469043,0.23,1,765167,764734,433
54906881,8.06231,8.2157,433,21761,0.469809,0.29,1,765169,764736,433
54909801,116.012,113.643,436,21858,0.501962,0.37,1,765312,764876,436
54912721,80.8025,78.7286,438,21955,0.588392,0.45,1,765384,764946,438
54915641,95.3605,90.9457,443,22052,0.589678,0.45,1,765483,765040,443
54918561,61.4721,59.7891,444,22148,0.621936,0.47,1,765536,765092,444
54921481,50.6944,49.5578,445,22244,0.660387,0.47,1,765584,765139,445
54924401,33.3389,32.3116,446,22339,0.684077,0.47,1,765613,765167,446
54927321,8.26778,8.06231,446,22434,0.688815,0.51,1,765615,765169,446
54930241,116.854,116.012,447,22529,0.769763,0.51,2,765759,765312,447
54933161,82.5707,23.2025,521,22623,0.721953,0.61,1,765833,765312,521
54936081,96.5141,62.2405,549,22717,0.74439,0.59,1,765933,765384,549
54939001,64.1028,91.6481,506,22810,0.812878,0.63,2,765989,765483,506
54941921,52.0206,60.7296,502,22903,0.810576,0.67,2,766038,765536,502
54944841,32.8041,50.5459,482,22996,0.810115,0.69,2,766066,765584,482
54947761,8.16082,33.3092,455,23088,0.810023,0.69,2,766068,765613,455
54950681,120.832,8.26184,602,23180,0.922005,0.79,2,766217,765615,602
55058721,33,37,507,26351,0.88,1,2,768429,767922,507
55061641,32.2,32.2,508,26431,0.904,0.98,2,768461,767953,508
55064561,117.64,28.04,620,26511,0.8128,1,2,768600,767980,620
55067481,62.728,122.408,523,26591,0.74656,0.97,1,768649,768126,523
55070401,58.1456,66.8816,527,26671,0.717312,0.97,1,768706,768179,527
55073321,62.8291,55.7763,538,26750,0.743462,1,1,768770,768232,538
55076241,56.5658,65.5553,525,26829,0.732692,0.81,1,768825,768300,525
55079161,39.3132,61.9111,499,26908,0.746538,0.83,1,768860,768361,499
55082081,9.46263,40.3822,466,26987,0.749308,0.88,1,768862,768396,466
55085001,28.2925,34.4764,466,27065,0.733862,0.91,1,768895,768429,466
55087921,27.2585,32.4953,461,27143,0.746772,0.79,1,768922,768461,461
55090841,116.652,117.699,461,27221,0.797355,0.73,2,769061,768600,461
55093761,60.1303,62.7398,458,27299,0.839471,0.71,2,769107,768649,458
55096681,58.4261,58.148,459,27377,0.895894,0.75,2,769165,768706,459
55099601,62.8852,62.8296,459,27454,0.907179,0.73,2,769229,768770,459
55102521,55.777,56.5659,458,27531,0.925436,0.75,2,769283,768825,458
55105441,39.9554,39.3132,459,27608,0.929087,0.75,2,769319,768860,459
55292321,66,34,546,32145,0.53,1,1,772497,771951,546
55295241,43.6,65.2,511,32211,0.514,1,1,772535,772024,511
55298161,85.52,44.24,568,32277,0.2868,1,1,772631,772063,568
55301081,44.304,86.448,505,32343,0.24136,1,1,772665,772160,505
55304001,42.4608,45.2896,512,32408,0.200272,0.97,1,772707,772195,512
55306921,29.2922,37.8579,502,32473,0.128054,1,1,772733,772231,502
55309841,29.0584,30.7716,502,32538,0.0656109,1,1,772762,772260,502
55312761,37.8117,30.1543,512,32603,0.133122,1,1,772802,772290,512
55315681,52.3623,36.4309,530,32668,0.0986244,0.86,1,772858,772328,530
55318601,35.2725,59.2862,496,32733,0.0757249,0.79,1,772889,772393,496
55321521,8.65449,42.2572,460,32798,0.071145,0.53,1,772891,772431,460
55324441,45.7309,61.2514,449,32862,0.102229,0.51,1,772946,772497,449
55327361,36.3462,42.6503,445,32926,0.0924458,0.23,1,772980,772535,445
55330281,76.0692,85.3301,435,32990,0.0744892,0.23,1,773066,772631,435
55333201,40.0138,44.266,432,33054,0.102898,0.19,1,773097,772665,432
55336121,40.0028,42.4532,430,33118,0.14058,0.11,1,773137,772707,430
55339041,27.2006,29.2906,428,33182,0.132116,0.05,1,773161,772733,428
55341961,31.8401,29.0581,432,33246,0.194423,0.15,1,773194,772762,432
55344881,32.768,37.8116,425,33310,0.158885,0.09,1,773227,772802,425
55347801,52.1536,52.3623,426,33373,0.263777,0.07,1,773284,772858,426
55350721,33.6307,35.2725,424,33436,0.300755,0.07,1,773313,772889,424
55353641,8.32614,8.65449,424,33499,0.308151,0.11,1,773315,772891,424
55356561,47.2652,45.7309,426,33562,0.29363,0.09,1,773372,772946,426
55359481,35.853,36.3462,425,33625,0.338726,0.07,1,773405,772980,425
55362401,75.9706,76.0692,425,33688,0.347745,0.11,1,773491,773066,425
55365321,43.1941,40.0138,429,33751,0.349549,0.15,1,773526,773097,429
55368241,39.0388,40.0028,427,33814,0.38191,0.13,1,773564,773137,427
55371161,28.6078,27.2006,429,33877,0.388382,0.21,1,773590,773161,429
55374081,34.5216,31.8401,432,33939,0.405676,0.15,1,773626,773194,432
55377001,30.9043,32.768,429,34001,0.409135,0.29,1,773656,773227,429
55379921,57.3809,52.1536,436,34063,0.521827,0.31,1,773720,773284,436
55382841,33.8762,33.6307,435,34125,0.512365,0.31,1,773748,773313,435
55385761,8.37523,8.32614,435,34187,0.510473,0.29,1,773750,773315,435
55388681,46.475,47.2652,434,34249,0.542095,0.29,1,773806,773372,434
55391601,38.895,9.45305,471,34311,0.500419,0.35,1,773843,773372,471
55394521,76.579,28.2906,524,34373,0.524084,0.35,1,773929,773405,524
55397441,44.9158,74.4581,475,34435,0.544817,0.35,1,773966,773491,475
55400361,39.3832,42.8916,478,34496,0.532963,0.39,1,774004,773526,478
55403281,27.0766,38.9783,464,34557,0.530593,0.39,1,774028,773564,464
55406201,36.6153,28.5957,477,34618,0.514119,0.41,1,774067,773590,477
55409121,31.3231,34.5191,471,34679,0.526824,0.41,1,774097,773626,471
55412041,61.4646,30.9038,510,34740,0.577365,0.55,1,774166,773656,510
55414961,34.6929,57.3808,474,34801,0.587473,0.51,1,774194,773720,474
55417881,8.53858,33.8762,448,34862,0.605495,0.51,1,774196,773748,448
55420801,46.5077,8.37523,502,34923,0.641099,0.55,1,774252,773750,502
55423721,38.1015,46.475,482,34984,0.64822,0.49,1,774288,773806,482
55426641,78.0203,38.895,533,35044,0.681644,0.53,1,774376,773843,533
55429561,44.4041,76.579,483,35104,0.720329,0.55,1,774412,773929,483
55432481,40.0808,44.9158,485,35164,0.744066,0.53,1,774451,773966,485
55435401,27.2162,39.3832,471,35224,0.748813,0.53,1,774475,774004,471
55438321,36.6432,27.0766,486,35284,0.813763,0.51,2,774514,774028,486
55441241,32.1286,36.6153,478,35344,0.858752,0.53,2,774545,774067,478
55444161,63.2257,31.3231,519,35404,0.883751,0.59,2,774616,774097,519
55447081,36.6451,61.4646,480,35464,0.88875,0.59,2,774646,774166,480
55450001,8.92903,34.6929,454,35524,0.85775,0.61,2,774648,774194,454
55452921,47.3858,8.53858,509,35584,0.89955,0.65,2,774705,774196,509
55455841,38.2772,46.5077,489,35643,0.92391,0.65,2,774741,774252,489
55458761,9.25543,38.1015,455,35702,0.928782,0.69,2,774743,774288,455
55470441,25,24,460,35938,0.95,0.83,2,774935,774475,460
55642721,40,38,486,39256,0.81,1,2,777267,776781,486
55645641,41.6,34,495,39310,0.65,1,1,777309,776814,495
55648561,36.32,18.8,515,39364,0.554,1,1,777344,776829,515
55651481,36.064,32.56,515,39418,0.3748,1,1,777380,776865,515
55654401,22.4128,36.112,497,39472,0.33896,1,1,777399,776902,497
55657321,39.6826,34.4224,507,39526,0.187792,1,1,777443,776936,507
55660241,34.3365,54.0845,481,39579,0.0775584,1,1,777476,776995,481
55663161,47.6673,39.6169,496,39632,0.0555117,1,1,777527,777031,496
55666081,35.1335,30.3234,500,39685,0.0111023,1,1,777559,777059,500
55669001,31.0267,31.6647,498,39738,0.0102205,0.98,1,777589,777091,498
55671921,30.2053,37.5329,489,39791,0.106044,0.89,1,777619,777130,489
55674841,22.0411,33.9066,476,39844,0.0292088,0.91,1,777639,777163,476
55677761,47.6082,57.9813,466,39897,0.0298418,0.81,1,777693,777227,466
55680681,37.5216,43.5963,461,39950,0.0939684,0.61,1,777728,777267,461
55683601,36.3043,42.3193,455,40003,0.0427937,0.53,1,777764,777309,455
55686521,32.8609,36.4639,452,40056,0.0325587,0.33,1,777796,777344,452
55689441,27.3722,36.0928,442,40109,0.0625117,0.33,1,777822,777380,442
55692361,16.6744,7.21855,456,40162,0.0525023,0.33,1,777836,777380,456
55695281,29.7349,16.6437,470,40215,0.0185005,0.15,1,777869,777399,470
55698201,28.347,38.5287,454,40268,0.0437001,0.05,1,777897,777443,454
55701121,48.0694,34.1057,474,40320,0.03274,0.05,1,777950,777476,474
55704041,37.6139,47.6211,458,40372,0.046548,0,1,777985,777527,458
55706961,29.9228,35.1242,454,40424,0.0333096,0.01,1,778013,777559,454
55709881,29.9846,31.0248,454,40476,0.0786619,0.13,1,778043,777589,454
55712801,19.5969,30.205,441,40528,0.103732,0.01,1,778060,777619,441
55715721,47.9194,22.041,476,40580,0.0767465,0.03,1,778115,777639,476
55718641,39.1839,47.6082,459,40632,0.103349,0.11,1,778152,777693,459
55721561,34.2368,37.5216,457,40684,0.10867,0.03,1,778185,777728,457
55724481,32.4474,36.3043,453,40736,0.141734,0.03,1,778217,777764,453
55727401,28.8895,32.8609,449,40788,0.100347,0.07,1,778245,777796,449
55730321,16.9779,27.3722,437,40840,0.124069,0.05,1,778259,777822,437
55733241,29.7956,16.6744,456,40892,0.128814,0.01,1,778292,777836,456
55736161,29.9591,29.7349,453,40944,0.0977628,0.05,1,778322,777869,453
55739081,46.7918,28.347,476,40996,0.0915526,0.03,1,778373,777897,476
55742001,37.3584,48.0694,458,41047,0.0423105,0.05,1,778408,777950,458
55744921,29.0717,37.6139,450,41098,0.0484621,0.03,1,778435,777985,450
55747841,32.2143,29.9228,455,41149,0.0336924,0.09,1,778468,778013,455
55750761,20.0429,29.9846,442,41200,0.0627385,0.11,1,778485,778043,442
55753681,48.8086,19.5969,481,41251,0.0845477,0.07,1,778541,778060,481
55756601,40.1617,47.9194,464,41302,0.0889095,0.11,1,778579,778115,464
55759521,35.2323,39.1839,461,41353,0.105782,0.11,1,778613,778152,461
55762441,31.0465,34.2368,458,41404,0.141156,0.15,1,778643,778185,458
55765361,29.4093,32.4474,455,41455,0.196231,0.09,1,778672,778217,455
55768281,17.0819,28.8895,441,41506,0.207246,0.13,1,778686,778245,441
55771201,5.01637,16.9779,429,41557,0.209449,0.13,1,778688,778259,429
55774121,25.0033,29.7956,426,41608,0.24189,0.09,1,778718,778292,426
55777041,29.0007,29.9591,426,41659,0.216378,0.09,1,778748,778322,426
55779961,45.8001,46.7918,425,41710,0.179276,0.03,1,778798,778373,425
55782881,35.56,37.3584,423,41761,0.0918551,0.05,1,778831,778408,423
55785801,29.512,29.0717,424,41812,0.090371,0.03,1,778859,778435,424
55788721,32.3024,32.2143,424,41862,0.0740742,0.07,1,778892,778468,424
55791641,20.8605,20.0429,425,41912,0.0708148,0.09,1,778910,778485,425
55794561,51.3721,48.8086,428,41962,0.070163,0.09,1,778969,778541,428
55797481,39.0744,40.1617,426,42012,0.0860326,0.11,1,779005,778579,426
55800401,36.6149,35.2323,428,42062,0.0892065,0.15,1,779041,778613,428
55803321,32.923,31.0465,430,42112,0.105841,0.21,1,779073,778643,430
55806241,31.3846,29.4093,432,42162,0.125168,0.21,1,779104,778672,432
55809161,17.4769,17.0819,432,42212,0.129034,0.21,1,779118,778686,432
55812081,5.09538,5.01637,432,42262,0.161807,0.25,1,779120,778688,432
55815001,25.0191,25.0033,432,42312,0.152361,0.21,1,779150,778718,432
55817921,29.0038,29.0007,432,42362,0.166472,0.17,1,779180,778748,432
55820841,42.6008,45.8001,428,42412,0.169294,0.07,1,779226,778798,428
55823761,32.5202,35.56,425,42462,0.201859,0.09,1,779256,778831,425
55826681,29.704,29.512,426,42512,0.208372,0.07,1,779285,778859,426
55829601,31.5408,32.3024,425,42562,0.209674,0.07,1,779317,778892,425
55832521,20.7082,20.8605,425,42612,0.193935,0.07,1,779335,778910,425
55835441,51.3416,51.3721,425,42662,0.222787,0.09,1,779394,778969,425
55838361,39.8683,39.0744,426,42711,0.244557,0.09,1,779431,779005,426
55841281,36.7737,36.6149,426,42760,0.232911,0.11,1,779467,779041,426
55844201,34.5547,32.923,428,42809,0.262582,0.13,1,779501,779073,428
55847121,31.7109,31.3846,428,42858,0.284516,0.13,1,779532,779104,428
55850041,17.5422,17.4769,428,42907,0.320903,0.17,1,779546,779118,428
55852961,5.10844,5.09538,428,42956,0.328181,0.15,1,779548,779120,428
55855881,25.8217,25.0191,429,43005,0.313636,0.15,1,779579,779150,429
55858801,29.1643,5.00382,459,43054,0.326727,0.17,1,779609,779150,459
55861721,42.6329,25.0008,475,43103,0.329345,0.17,1,779655,779180,475
55864641,32.5266,41.8002,459,43152,0.329869,0.21,1,779685,779226,459
55867561,29.7053,32.36,458,43201,0.361974,0.21,1,779714,779256,458
55870481,32.3411,29.672,462,43250,0.384395,0.21,1,779747,779285,462
55873401,21.6682,31.5344,449,43299,0.420879,0.19,1,779766,779317,449
55876321,51.5336,20.7069,490,43348,0.412176,0.23,1,779825,779335,490
55879241,39.9067,51.3414,468,43397,0.394435,0.25,1,779862,779394,468
55882161,37.5813,39.8683,468,43446,0.422887,0.23,1,779899,779431,468
55885081,37.1163,36.7737,469,43495,0.412577,0.27,1,779936,779467,469
55888001,32.2233,34.5547,466,43544,0.410515,0.29,1,779967,779501,466
55890921,18.4447,31.7109,450,43592,0.442103,0.33,1,779982,779532,450
55893841,5.28893,17.5422,438,43640,0.448421,0.33,1,779984,779546,438
55896761,25.8578,5.10844,467,43688,0.465684,0.31,1,780015,779548,467
55899681,29.9716,25.8217,467,43736,0.517137,0.33,1,780046,779579,467
55902601,42.7943,29.1643,483,43784,0.543427,0.33,1,780092,779609,483
55905521,32.5589,42.6329,467,43832,0.564685,0.33,1,780122,779655,467
55908441,31.3118,32.5266,468,43880,0.584937,0.37,1,780153,779685,468
55911361,34.2624,29.7053,474,43928,0.620987,0.39,1,780188,779714,474
55914281,21.2525,32.3411,459,43976,0.628197,0.43,1,780206,779747,459
55917201,50.6505,21.6682,498,44024,0.645639,0.41,1,780264,779766,498
55920121,40.5301,51.5336,477,44072,0.665128,0.39,1,780302,779825,477
55923041,39.306,39.9067,479,44120,0.717026,0.43,1,780341,779862,479
55925961,36.6612,37.5813,478,44168,0.743405,0.41,1,780377,779899,478
55928881,32.1322,37.1163,472,44216,0.732681,0.41,1,780408,779936,472
55931801,20.0264,32.2233,458,44264,0.762536,0.45,2,780425,779967,458
55934721,5.60529,18.4447,445,44312,0.768507,0.45,2,780427,779982,445
55937641,26.7211,5.28893,475,44360,0.801701,0.47,2,780459,779984,475
55940561,33.3442,25.8578,479,44408,0.82434,0.53,2,780494,780015,479
55943481,43.4688,29.9716,494,44456,0.860868,0.55,2,780540,780046,494
55946401,10.2938,42.7943,450,44503,0.868174,0.57,2,780542,780092,450
55949321,26.0588,32.5589,450,44550,0.869635,0.59,2,780572,780122,450
55952241,30.8118,31.3118,451,44597,0.885927,0.63,2,780604,780153,451
55955161,35.7624,34.2624,453,44644,0.873185,0.63,2,780641,780188,453
55958081,22.3525,21.2525,454,44691,0.886637,0.65,2,780660,780206,454
55961001,50.8705,50.6505,454,44738,0.873327,0.67,2,780718,780264,454
55963921,41.3741,40.5301,455,44785,0.886666,0.73,2,780757,780302,455
55966841,41.8748,39.306,458,44832,0.905333,0.75,2,780799,780341,458
55969761,37.975,36.6612,459,44879,0.925067,0.73,2,780836,780377,459
55972681,32.395,32.1322,459,44926,0.913013,0.77,2,780867,780408,459
55975601,21.679,20.0264,461,44973,0.942603,0.77,2,780886,780425,461
55978521,5.9358,5.60529,461,45020,0.94852,0.81,2,780888,780427,461
55981441,27.5872,26.7211,462,45067,0.933704,0.83,2,780921,780459,462
55984361,35.9174,33.3442,465,45114,0.914741,0.87,2,780959,780494,465
56184381,92,97,512,22093,0.15,1,1,783240,782728,512
56187301,48,68.2,488,22189,0.086,0.89,1,783277,782789,488
56190221,74.4,72.84,495,22285,0.1052,0.77,1,783358,782863,495
56193141,62.08,63.368,493,22380,0.10904,0.53,1,783417,782924,493
56196061,60.416,80.6736,468,22475,0.061808,0.57,1,783477,783009,468
56198981,36.0832,42.5347,465,22569,0.116362,0.51,1,783507,783042,465
56201901,67.2166,36.5069,505,22663,0.159272,0.21,1,783582,783077,505
56204821,80.6433,64.1014,518,22757,0.199854,0.15,1,783666,783148,518
56207741,44.9287,86.4203,462,22850,0.223971,0.07,1,783702,783240,462
56210661,73.7857,46.8841,506,22943,0.212794,0.11,1,783783,783277,506
56213581,63.5571,74.1768,486,23035,0.258559,0.11,1,783844,783358,486
56216501,58.3114,62.0354,484,23127,0.283712,0.05,1,783901,783417,484
56219421,40.4623,60.4071,460,23219,0.336742,0.13,1,783937,783477,460
56222341,67.2925,36.0814,504,23310,0.379348,0.17,1,784011,783507,504
56225261,82.2585,67.2163,515,23401,0.45187,0.21,1,784097,783582,515
56228181,46.0517,80.6433,468,23492,0.482374,0.23,1,784134,783666,468
56231101,73.2103,44.9287,512,23582,0.504475,0.21,1,784214,783702,512
56234021,66.6421,73.7857,496,23672,0.524895,0.27,1,784279,783783,496
56236941,58.9284,63.5571,492,23762,0.592979,0.29,1,784336,783844,492
56239861,42.9857,58.3114,474,23851,0.606596,0.35,1,784375,783901,474
56242781,69.3971,40.4623,514,23940,0.689319,0.39,1,784451,783937,514
56245701,15.4794,67.2925,442,24029,0.705864,0.47,1,784453,784011,442
56248621,74.2959,82.2585,445,24117,0.725173,0.49,1,784542,784097,445
56251541,45.2592,46.0517,446,24205,0.745035,0.51,1,784580,784134,446
56254461,73.8518,73.2103,447,24293,0.797007,0.53,2,784661,784214,447
56257381,68.3704,66.6421,449,24380,0.759401,0.61,2,784728,784279,449
56260301,61.6741,58.9284,452,24467,0.79988,0.61,2,784788,784336,452
56263221,45.1348,42.9857,454,24554,0.839976,0.71,2,784829,784375,454
56266141,72.227,69.3971,457,24640,0.783995,0.71,2,784908,784451,457
56269061,16.0454,15.4794,457,24726,0.772799,0.73,2,784910,784453,457
56271981,73.6091,74.2959,456,24812,0.83456,0.75,2,784998,784542,456
56274901,45.9218,45.2592,457,24897,0.862912,0.81,2,785037,784580,457
56277821,76.3844,73.8518,460,24982,0.804582,0.75,2,785121,784661,460
56280741,66.4769,68.3704,457,25067,0.840916,0.81,2,785185,784728,457
56283661,63.6954,61.6741,460,25152,0.848183,0.85,2,785248,784788,460
56286581,45.5391,45.1348,460,25236,0.897637,0.77,2,785289,784829,460
56388781,89,91,480,28025,0.51,1,1,787283,786803,480
56391701,48.2,45.4,484,28101,0.478,1,1,787321,786837,484
56394621,44.84,41.88,487,28176,0.3756,0.98,1,787365,786878,487
56397541,44.968,48.376,482,28251,0.30712,0.95,1,787410,786928,482
56400461,28.9936,34.4752,476,28326,0.277424,1,1,787435,786959,476
56403381,53.7987,52.495,479,28401,0.207485,1,1,787495,787016,479
56406301,54.7597,10.499,534,28476,0.097497,0.96,1,787550,787016,534
56409221,65.3519,52.4998,539,28550,0.0594994,0.85,1,787618,787079,539
56412141,40.2704,72.1,496,28624,0.0518999,0.73,1,787652,787156,496
56415061,68.0541,44.82,533,28698,0.01838,0.51,1,787727,787194,533
56417981,44.0108,80.164,482,28772,0.027676,0.47,1,787765,787283,482
56420901,42.4022,46.4328,486,28846,0.0295352,0.35,1,787807,787321,486
56423821,38.8804,44.4866,480,28919,0.125907,0.29,1,787845,787365,480
56426741,25.3761,44.8973,457,28992,0.129181,0.27,1,787867,787410,457
56429661,49.8752,28.9795,488,29065,0.177836,0.19,1,787923,787435,488
56432581,49.175,53.7959,477,29138,0.203567,0.07,1,787972,787495,477
56435501,64.235,54.7592,490,29211,0.208713,0.05,1,788040,787550,490
56438421,40.847,65.3518,457,29283,0.241743,0.05,1,788075,787618,457
56441341,68.1694,40.2704,498,29355,0.248349,0.01,1,788150,787652,498
56444261,43.2339,68.0541,460,29427,0.26567,0.03,1,788187,787727,460
56447181,43.8468,44.0108,466,29499,0.269134,0.03,1,788231,787765,466
56450101,41.5694,42.4022,465,29571,0.301827,0.15,1,788272,787807,465
56453021,29.1139,38.8804,453,29643,0.340365,0.13,1,788298,787845,453
56455941,51.4228,25.3761,488,29714,0.380073,0.19,1,788355,787867,488
56458861,49.4846,49.8752,481,29785,0.420015,0.21,1,788404,787923,481
56461781,11.4969,49.175,434,29856,0.396003,0.21,1,788406,787972,434
56464701,55.0994,64.235,432,29927,0.439201,0.25,1,788472,788040,432
56467621,40.6199,40.847,434,29998,0.51184,0.25,1,788509,788075,434
56470541,68.124,68.1694,434,30069,0.526368,0.27,1,788584,788150,434
56473461,44.0248,43.2339,435,30139,0.561274,0.27,1,788622,788187,435
56476381,44.805,43.8468,436,30209,0.616255,0.31,1,788667,788231,436
56479301,42.561,41.5694,437,30279,0.595251,0.35,1,788709,788272,437
56482221,32.5122,29.1139,441,30349,0.57505,0.39,1,788739,788298,441
56485141,52.1024,51.4228,441,30419,0.57101,0.43,1,788796,788355,441
56488061,51.2205,49.4846,443,30489,0.602202,0.39,1,788847,788404,443
56490981,11.8441,11.4969,443,30558,0.57644,0.45,1,788849,788406,443
56493901,55.9688,55.0994,444,30627,0.619288,0.53,1,788916,788472,444
56496821,42.3938,40.6199,446,30696,0.595858,0.53,1,788955,788509,446
56499741,70.0788,68.124,448,30765,0.655172,0.57,1,789032,788584,448
56502661,46.0158,44.0248,450,30834,0.619034,0.63,1,789072,788622,450
56505581,46.0031,44.805,451,30903,0.643807,0.59,1,789118,788667,451
56508501,43.6006,42.561,452,30971,0.664761,0.57,1,789161,788709,452
56511421,31.1201,32.5122,450,31039,0.668952,0.57,1,789189,788739,450
56514341,51.824,52.1024,450,31107,0.68579,0.61,1,789246,788796,450
56517261,51.1648,51.2205,450,31175,0.753158,0.57,2,789297,788847,450
56520181,11.833,11.8441,450,31243,0.766632,0.63,2,789299,788849,450
56523101,56.7666,55.9688,451,31311,0.737326,0.63,1,789367,788916,451
56526021,41.7533,11.1938,489,31379,0.699465,0.59,1,789405,788916,489
56528941,72.3507,33.4388,530,31446,0.707893,0.67,1,789485,788955,530
56531861,44.8701,68.2878,491,31513,0.709579,0.61,1,789523,789032,491
56534781,45.774,45.6575,497,31580,0.725916,0.65,1,789569,789072,497
56537701,44.3548,45.9315,495,31647,0.697183,0.67,1,789613,789118,495
56540621,31.271,43.5863,480,31714,0.691437,0.67,1,789641,789161,480
56543541,53.4542,31.1173,511,31781,0.770287,0.69,2,789700,789189,511
56546461,53.8908,51.8235,508,31848,0.850057,0.77,2,789754,789246,508
56549381,12.3782,51.1647,459,31914,0.866011,0.77,2,789756,789297,459
56552301,55.2756,11.8329,523,31980,0.869202,0.73,2,789822,789299,523
56555221,41.4551,56.7666,493,32046,0.88584,0.69,2,789860,789367,493
56558141,71.491,41.7533,534,32112,0.921168,0.71,2,789939,789405,534
56663261,28,41,511,34404,0.89,1,2,791490,790979,511
56666181,36,39.4,510,34465,0.746,1,1,791528,791018,510
56669101,56.8,39.08,533,34526,0.6532,1,1,791590,791057,533
56672021,66.56,58.216,539,34587,0.50664,1,1,791659,791120,539
56674941,36.512,66.8432,499,34648,0.285328,1,1,791688,791189,499
56677861,36.9024,34.9686,509,34709,0.225066,1,1,791725,791216,509
56680781,44.9805,42.9937,511,34770,0.0690131,1,1,791772,791261,511
56683701,64.9961,41.3987,540,34831,0.0378026,0.99,1,791842,791302,540
56686621,40.9992,64.2797,505,34892,0.0315605,0.96,1,791877,791372,505
56689541,32.1998,40.8559,500,34953,0.0303121,0.89,1,791907,791407,500
56692461,17.64,35.3712,480,35013,0.0460624,0.84,1,791921,791441,480
56695381,25.128,23.8742,486,35073,0.0812125,0.89,1,791948,791462,486
56698301,36.2256,27.1748,497,35133,0.0562425,0.71,1,791987,791490,497
56701221,49.6451,35.835,512,35193,0.0512485,0.63,1,792040,791528,512
56704141,56.329,56.767,508,35253,0.0502497,0.47,1,792098,791590,508
56707061,30.4658,66.5534,463,35313,0.0500499,0.23,1,792122,791659,463
56709981,29.2932,36.5107,463,35373,0.08201,0.21,1,792151,791688,463
56712901,45.0586,36.9021,475,35433,0.056402,0.03,1,792200,791725,475
56715821,61.0117,44.9804,493,35493,0.0672804,0.03,1,792265,791772,493
56718741,39.4023,64.9961,457,35553,0.0374561,0.03,1,792299,791842,457
56721661,32.6805,40.9992,453,35612,0.0314912,0.03,1,792330,791877,453
56724581,18.5361,32.1998,438,35671,0.0782982,0.05,1,792345,791907,438
56727501,5.30722,17.64,426,35730,0.0876597,0.09,1,792347,791921,426
56730421,21.8614,25.128,425,35789,0.153532,0.05,1,792373,791948,425
56733341,33.9723,36.2256,423,35848,0.182706,0.05,1,792410,791987,423
56736261,48.3945,49.6451,422,35907,0.0605413,0.05,1,792462,792040,422
56739181,58.4789,56.329,425,35966,0.0841083,0.05,1,792523,792098,425
56742101,28.4958,30.4658,422,36025,0.104822,0.09,1,792544,792122,422
56745021,32.0992,29.2932,426,36084,0.0929643,0.05,1,792577,792151,426
56747941,44.0198,45.0586,424,36143,0.122593,0.07,1,792624,792200,424
56750861,61.604,61.0117,425,36201,0.112519,0.03,1,792690,792265,425
56753781,37.9208,39.4023,423,36259,0.126504,0.03,1,792722,792299,423
56756701,33.1842,32.6805,424,36317,0.0253007,0.09,1,792754,792330,424
56759621,21.8368,18.5361,428,36375,0.0450601,0.09,1,792773,792345,428
56762541,5.96737,5.30722,428,36433,0.049012,0.17,1,792775,792347,428
56765461,23.5935,21.8614,430,36491,0.0178024,0.19,1,792803,792373,430
56768381,35.1187,33.9723,431,36549,0.0275605,0.03,1,792841,792410,431
56771301,43.8237,48.3945,425,36607,0.0295121,0.09,1,792887,792462,425
56774221,58.3647,58.4789,426,36665,0.0779024,0.11,1,792949,792523,426
56777141,28.473,28.4958,426,36723,0.0875805,0.09,1,792970,792544,426
56780061,32.0946,32.0992,426,36781,0.169516,0.13,1,793003,792577,426
56782981,46.4189,44.0198,429,36838,0.153903,0.11,1,793053,792624,429
56785901,60.4838,61.604,427,36895,0.182781,0.13,1,793117,792690,427
56788821,38.4968,37.9208,428,36952,0.204556,0,1,793150,792722,428
56791741,29.2994,33.1842,423,37009,0.192911,0.05,1,793177,792754,423
56794661,20.2599,21.8368,422,37066,0.158582,0.05,1,793195,792773,422
56797581,5.65197,5.96737,422,37123,0.183716,0.01,1,793197,792775,422
56800501,23.5304,23.5935,422,37180,0.188743,0.01,1,793225,792803,422
56803421,35.1061,4.71869,460,37237,0.125749,0.03,1,793263,792803,460
56806341,43.8212,31.3437,468,37294,0.12915,0.03,1,793309,792841,468
56809261,59.1642,43.0687,485,37351,0.14583,0.09,1,793372,792887,485
56812181,30.2328,58.2138,446,37408,0.133166,0.09,1,793395,792949,446
56815101,34.8466,28.4428,461,37464,0.178633,0.19,1,793431,792970,461
56818021,45.3693,32.0885,476,37520,0.235727,0.15,1,793479,793003,476
56820941,63.4739,46.4177,494,37576,0.295145,0.19,1,793547,793053,494
56823861,39.8948,60.4835,464,37632,0.323029,0.21,1,793581,793117,464
56826781,27.179,38.4967,455,37688,0.344606,0.19,1,793605,793150,455
56829701,19.8358,29.2993,446,37744,0.348921,0.15,1,793623,793177,446
56832621,5.56716,20.2599,430,37800,0.349784,0.19,1,793625,793195,430
56835541,21.9134,5.65197,454,37856,0.349957,0.19,1,793651,793197,454
56838461,34.7827,23.5304,464,37912,0.349991,0.11,1,793689,793225,464
56841381,44.5565,35.1061,473,37968,0.397998,0.13,1,793736,793263,473
56844301,60.1113,43.8212,491,38024,0.4396,0.15,1,793800,793309,491
56847221,29.6223,59.1642,450,38080,0.44792,0.13,1,793822,793372,450
56850141,38.7245,30.2328,468,38135,0.449584,0.19,1,793863,793395,468
56853061,47.7449,34.8466,482,38190,0.497917,0.25,1,793913,793431,482
56855981,66.349,45.3693,505,38245,0.555583,0.31,1,793984,793479,505
56858901,40.4698,63.4739,471,38300,0.599117,0.33,1,794018,793547,471
56861821,28.094,39.8948,462,38355,0.591823,0.35,1,794043,793581,462
56864741,20.0188,27.179,456,38410,0.590365,0.35,1,794061,793605,456
56867661,5.60376,19.8358,440,38465,0.590073,0.35,1,794063,793623,440
56870581,21.9208,5.56716,464,38520,0.590015,0.35,1,794089,793625,464
56873501,35.5842,21.9134,477,38575,0.606003,0.35,1,794128,793651,477
56876421,8.71683,34.7827,441,38630,0.609201,0.41,1,794130,793689,441
56879341,40.1434,44.5565,442,38685,0.60984,0.45,1,794178,793736,442
56882261,60.8287,60.1113,444,38740,0.641968,0.45,1,794244,793800,444
56885181,29.7657,29.6223,444,38795,0.648394,0.45,1,794266,793822,444
56888101,38.7531,38.7245,444,38849,0.697679,0.51,1,794307,793863,444
56891021,49.3506,47.7449,446,38903,0.723536,0.57,1,794359,793913,446
56893941,69.8701,66.349,450,38957,0.728707,0.61,1,794434,793984,450
56896861,42.774,40.4698,452,39011,0.745741,0.59,1,794470,794018,452
56899781,27.7548,28.094,451,39065,0.749148,0.59,1,794494,794043,451
56902701,19.951,20.0188,451,39119,0.79783,0.59,2,794512,794061,451
56905621,5.59019,5.60376,451,39173,0.807566,0.59,2,794514,794063,451
56908541,21.918,21.9208,451,39227,0.777513,0.61,2,794540,794089,451
56911461,36.3836,35.5842,452,39281,0.803503,0.61,2,794580,794128,452
56914381,8.87672,8.71683,452,39335,0.808701,0.61,2,794582,794130,452
56917301,40.1753,40.1434,452,39389,0.79374,0.65,2,794630,794178,452
56920221,62.4351,60.8287,454,39443,0.806748,0.65,2,794698,794244,454
56923141,30.087,29.7657,454,39497,0.80935,0.71,2,794720,794266,454
56926061,40.4174,38.7531,456,39550,0.80987,0.73,2,794763,794307,456
56928981,51.2835,49.3506,458,39603,0.809974,0.73,2,794817,794359,458
56931901,71.0567,69.8701,459,39656,0.841995,0.75,2,794893,794434,459
56934821,43.0113,42.774,459,39709,0.848399,0.75,2,794929,794470,459
56937741,27.8023,27.7548,459,39762,0.89768,0.81,2,794953,794494,459
56940661,20.7605,19.951,460,39815,0.891536,0.81,2,794972,794512,460
56943581,5.75209,5.59019,460,39868,0.922307,0.77,2,794974,794514,460
57098341,37,23,508,42585,0.93,1,2,796900,796392,508
57101261,36.2,22.2,522,42635,0.866,1,2,796936,796414,522
57104181,24.04,30.04,511,42684,0.7732,1,2,796957,796446,511
57107101,30.408,30.808,512,42733,0.70664,1,1,796989,796477,512
57110021,32.4816,23.7616,523,42782,0.725328,1,1,797022,796499,523
57112941,23.2963,26.3523,517,42831,0.681066,1,1,797043,796526,517
57115861,20.6593,43.6705,489,42880,0.608213,1,1,797063,796574,489
57118781,32.1319,29.5341,498,42929,0.561643,1,1,797098,796600,498
57121701,28.8264,27.5068,499,42978,0.488329,1,1,797126,796627,499
57124621,30.5653,36.7014,491,43027,0.409666,1,1,797157,796666,491
57127541,29.3131,7.34027,520,43076,0.313933,0.96,1,797186,796666,520
57130461,67.4626,28.6681,563,43125,0.230787,1,1,797263,796700,563
57133381,39.8925,78.5336,505,43174,0.182157,0.9,1,797296,796791,505
57136301,35.1785,42.9067,505,43223,0.156431,0.89,1,797330,796825,505
57139221,32.6357,38.9813,499,43272,0.183286,0.93,1,797362,796863,499
57142141,33.7271,37.3963,496,43321,0.140657,0.85,1,797396,796900,496
57145061,20.3454,36.2793,477,43370,0.148131,0.75,1,797413,796936,477
57147981,30.4691,24.0559,489,43419,0.165626,0.69,1,797446,796957,489
57150901,31.6938,30.4112,489,43468,0.217125,0.73,1,797478,796989,489
57153821,18.3388,32.4822,471,43517,0.275425,0.67,1,797493,797022,471
57156741,17.2678,23.2964,467,43565,0.255085,0.59,1,797510,797043,467
57159661,27.4536,20.6593,477,43613,0.219017,0.55,1,797540,797063,477
57162581,27.8907,32.1319,470,43661,0.243803,0.47,1,797568,797098,470
57165501,27.1781,28.8264,469,43709,0.264761,0.39,1,797595,797126,469
57168421,25.4356,30.5653,463,43757,0.300952,0.29,1,797620,797157,463
57171341,65.0871,29.3131,509,43805,0.32419,0.21,1,797695,797186,509
57174261,37.8174,67.4626,463,43853,0.328838,0.17,1,797726,797263,463
57177181,35.5635,39.8925,465,43901,0.313768,0.15,1,797761,797296,465
57180101,30.3127,35.1785,460,43949,0.358754,0.19,1,797790,797330,460
57183021,34.0625,32.6357,463,43997,0.367751,0.13,1,797825,797362,463
57185941,18.0125,33.7271,443,44045,0.36955,0.15,1,797839,797396,443
57188861,31.6025,20.3454,461,44093,0.38591,0.17,1,797874,797413,461
57191781,36.7205,30.4691,466,44141,0.453182,0.23,1,797912,797446,466
57194701,18.5441,31.6938,448,44189,0.498636,0.29,1,797926,797478,448
57197621,17.3088,18.3388,450,44237,0.491727,0.25,1,797943,797493,450
57200541,25.8618,17.2678,461,44285,0.490345,0.21,1,797971,797510,461
57203461,29.1724,27.4536,461,44333,0.490069,0.25,1,798001,797540,461
57206381,28.2345,27.8907,461,44381,0.490014,0.27,1,798029,797568,461
57209301,28.0469,27.1781,462,44429,0.506003,0.31,1,798057,797595,462
57212221,7.20938,25.4356,439,44476,0.509201,0.33,1,798059,797620,439
57215141,60.6419,65.0871,438,44523,0.54184,0.33,1,798133,797695,438
57218061,38.5284,37.8174,440,44570,0.548368,0.31,1,798166,797726,440
57220981,34.9057,35.5635,439,44617,0.549674,0.37,1,798200,797761,439
57223901,31.7811,30.3127,441,44664,0.581935,0.37,1,798231,797790,441
57226821,33.5562,34.0625,440,44711,0.572387,0.37,1,798265,797825,440
57229741,17.9112,18.0125,440,44758,0.570477,0.39,1,798279,797839,440
57232661,34.7822,31.6025,444,44805,0.586095,0.47,1,798318,797874,444
57235581,38.9564,36.7205,446,44852,0.573219,0.51,1,798358,797912,446
57238501,19.7913,18.5441,447,44899,0.522644,0.49,1,798373,797926,447
57241421,16.7583,17.3088,446,44946,0.512529,0.49,1,798389,797943,446
57244341,25.7517,25.8618,446,44993,0.590506,0.49,1,798417,797971,446
57247261,29.1503,29.1724,446,45040,0.622101,0.49,1,798447,798001,446
57250181,28.2301,28.2345,446,45087,0.62842,0.51,1,798475,798029,446
57253101,28.846,28.0469,447,45134,0.581684,0.51,1,798504,798057,447
57256021,7.3692,7.20938,447,45181,0.588337,0.55,1,798506,798059,447
57258941,60.6738,60.6419,447,45228,0.637667,0.55,1,798580,798133,447
57261861,40.1348,38.5284,449,45275,0.647533,0.55,1,798615,798166,449
57264781,36.027,34.9057,450,45322,0.665507,0.59,1,798650,798200,450
57267701,31.2054,31.7811,449,45369,0.669101,0.57,1,798680,798231,449
57270621,34.2411,33.5562,450,45415,0.68582,0.57,1,798715,798265,450
57273541,18.0482,17.9112,450,45461,0.657164,0.59,1,798729,798279,450
57276461,34.0096,34.7822,449,45507,0.715433,0.57,1,798767,798318,449
57279381,38.0019,38.9564,448,45553,0.711087,0.51,1,798806,798358,448
57282301,18.8004,19.7913,447,45599,0.726217,0.51,1,798820,798373,447
57285221,17.3601,16.7583,448,45645,0.713243,0.61,1,798837,798389,448
57288141,28.272,25.7517,451,45691,0.758649,0.63,2,798868,798417,451
57291061,29.6544,29.1503,451,45737,0.81573,0.63,2,798898,798447,451
57293981,28.3309,28.2301,451,45783,0.811146,0.57,2,798926,798475,451
57296901,28.8662,28.846,451,45829,0.794229,0.59,2,798955,798504,451
57299821,7.37323,7.3692,451,45875,0.790846,0.65,2,798957,798506,451
57302741,61.4746,60.6738,452,45921,0.806169,0.65,2,799032,798580,452
57305661,39.4949,12.1348,486,45967,0.809234,0.65,2,799066,798580,486
57308581,36.699,30.427,487,46013,0.793847,0.67,2,799102,798615,487
57311501,31.3398,34.0854,482,46059,0.806769,0.67,2,799132,798650,482
57314421,35.068,30.8171,488,46105,0.809354,0.69,2,799168,798680,488
57317341,18.2136,34.1634,467,46151,0.809871,0.65,2,799182,798715,467
57320261,35.6427,18.0327,493,46197,0.825974,0.73,2,799222,798729,493
57323181,38.3285,34.0065,494,46243,0.845195,0.71,2,799261,798767,494
57326101,18.8657,38.0013,469,46289,0.849039,0.73,2,799275,798806,469
57329021,18.9731,18.8003,474,46335,0.881808,0.71,2,799294,798820,474
57489621,36,32,506,48772,0.86,1,2,801020,800514,506
57492541,28.8,32.8,500,48815,0.876,1,2,801047,800547,500
57495461,19.36,27.36,491,48858,0.8232,1,2,801064,800573,491
57498381,31.072,5.472,525,48901,0.73264,1,1,801098,800573,525
57501301,28.6144,23.4944,525,48944,0.714528,1,1,801126,800601,525
57504221,29.7229,24.6989,530,48987,0.726906,1,1,801156,800626,530
57507141,21.9446,31.3398,517,49030,0.633381,1,1,801176,800659,517
57510061,25.9889,33.468,510,49073,0.518676,1,1,801203,800693,510
57512981,25.9978,22.6936,516,49116,0.447735,1,1,801229,800713,516
57515901,26.7996,22.1387,521,49159,0.401547,1,1,801256,800735,521
57518821,30.1599,33.2277,516,49202,0.344309,1,1,801287,800771,516
57521741,29.232,29.8455,516,49245,0.300862,1,1,801316,800800,516
57524661,25.8464,31.5691,509,49288,0.308172,1,1,801341,800832,509
57527581,25.1693,22.3138,514,49331,0.293634,1,1,801366,800852,514
57530501,45.0339,32.4628,529,49374,0.290727,0.87,1,801416,800887,529
57533421,39.4068,48.8926,514,49417,0.338145,0.92,1,801454,800940,514
57536341,33.4814,44.9785,502,49460,0.331629,0.86,1,801486,800984,502
57539261,24.2963,37.7957,488,49503,0.346326,0.88,1,801508,801020,488
57542181,15.2593,29.1591,474,49546,0.333265,0.81,1,801521,801047,474
57545101,27.8519,19.4318,488,49589,0.330653,0.71,1,801552,801064,488
57548021,23.1704,31.0864,476,49631,0.362131,0.71,1,801574,801098,476
57550941,33.4341,28.6173,484,49673,0.400426,0.73,1,801610,801126,484
57553861,21.8868,29.7235,473,49715,0.408085,0.61,1,801629,801156,473
57556781,22.7774,21.9447,476,49757,0.441617,0.49,1,801652,801176,476
57559701,22.1555,25.9889,471,49799,0.432323,0.43,1,801674,801203,471
57562621,20.4311,25.9978,465,49841,0.414465,0.39,1,801694,801229,465
57565541,29.6862,26.7996,470,49883,0.442893,0.33,1,801726,801256,470
57568461,29.9372,30.1599,469,49925,0.464579,0.29,1,801756,801287,469
57571381,21.9874,29.232,460,49967,0.484916,0.31,1,801776,801316,460
57574301,22.7975,25.8464,458,50009,0.536983,0.29,1,801799,801341,458
57577221,45.3595,25.1693,484,50051,0.515397,0.29,1,801850,801366,484
57580141,42.6719,45.0339,476,50093,0.559079,0.35,1,801892,801416,476
57583061,33.3344,39.4068,469,50135,0.599816,0.33,1,801923,801454,469
57585981,25.0669,33.4814,460,50177,0.591963,0.35,1,801946,801486,460
57588901,15.4134,24.2963,451,50219,0.606393,0.33,1,801959,801508,451
57591821,27.8827,15.2593,469,50261,0.593279,0.33,1,801990,801521,469
57594741,23.9765,27.8519,461,50303,0.590656,0.37,1,802013,801552,461
57597661,6.39531,23.1704,441,50345,0.590131,0.41,1,802015,801574,441
57600581,32.4791,33.4341,444,50387,0.622026,0.41,1,802054,801610,444
57603501,20.0958,21.8868,442,50429,0.612405,0.45,1,802071,801629,442
57606421,24.0192,22.7774,444,50471,0.674481,0.43,1,802096,801652,444
57609341,21.6038,22.1555,443,50513,0.670896,0.41,1,802117,801674,443
57612261,19.5208,20.4311,442,50555,0.686179,0.45,1,802136,801694,442
57615181,31.1042,29.6862,444,50597,0.689236,0.47,1,802170,801726,444
57618101,31.8208,29.9372,446,50639,0.689847,0.49,1,802202,801756,446
57621021,24.7642,21.9874,449,50681,0.705969,0.55,1,802225,801776,449
57623941,23.3528,22.7975,449,50723,0.725194,0.51,1,802248,801799,449
57626861,45.4706,45.3595,449,50765,0.761039,0.57,2,802299,801850,449
57629781,43.4941,42.6719,450,50806,0.752208,0.61,2,802342,801892,450
57632701,35.0988,33.3344,452,50847,0.750441,0.59,2,802375,801923,452
57635621,24.6198,25.0669,451,50888,0.782088,0.61,2,802397,801946,451
57638541,16.124,15.4134,452,50929,0.788418,0.59,2,802411,801959,452
57641461,28.0248,27.8827,452,50970,0.773684,0.59,2,802442,801990,452
57644381,23.205,23.9765,451,51011,0.770737,0.59,2,802464,802013,451
57647301,6.24099,6.39531,451,51052,0.770147,0.63,2,802466,802015,451
57650221,34.0482,32.4791,453,51093,0.754029,0.61,2,802507,802054,453
57653141,20.4096,20.0958,453,51134,0.750806,0.69,2,802524,802071,453
57656061,24.8819,24.0192,454,51175,0.750161,0.67,2,802550,802096,454
57658981,20.9764,21.6038,453,51216,0.750032,0.69,2,802570,802117,453
57661901,20.1953,19.5208,454,51257,0.766006,0.69,2,802590,802136,454
57664821,31.2391,31.1042,454,51298,0.785201,0.69,2,802624,802170,454
57667741,32.6478,31.8208,455,51339,0.77304,0.71,2,802657,802202,455
57670661,24.9296,24.7642,455,51380,0.754608,0.73,2,802680,802225,455
57673581,24.1859,23.3528,456,51421,0.814922,0.77,2,802704,802248,456
57676501,48.0372,45.4706,459,51462,0.826984,0.75,2,802758,802299,459
57679421,44.0074,43.4941,459,51503,0.845397,0.75,2,802801,802342,459
57682341,35.2015,35.0988,459,51544,0.865079,0.79,2,802834,802375,459
57685261,24.6403,24.6198,459,51585,0.885016,0.79,2,802856,802397,459
57688181,16.1281,16.124,459,51626,0.857003,0.77,2,802870,802411,459
57691101,27.2256,28.0248,458,51667,0.883401,0.77,2,802900,802442,458
57694021,23.0451,23.205,458,51708,0.85668,0.77,2,802922,802464,458
57696941,6.20902,6.24099,458,51749,0.899336,0.75,2,802924,802466,458
57699861,33.2418,34.0482,457,51790,0.907867,0.75,2,802964,802507,457
57702781,19.4484,6.80964,473,51831,0.893573,0.75,2,802980,802507,473
57705701,24.6897,14.9619,482,51872,0.890715,0.75,2,803006,802524,482
57708621,20.9379,23.7924,476,51913,0.906143,0.75,2,803026,802550,476
57711541,21.7876,20.7585,478,51954,0.877229,0.77,2,803048,802570,478
57714461,31.5575,20.1517,492,51995,0.919446,0.79,2,803082,802590,492
57717381,33.5115,31.2303,492,52035,0.927889,0.77,2,803116,802624,492
57720301,25.1023,32.6461,482,52075,0.945578,0.75,2,803139,802657,482
57723221,26.6205,24.9292,486,52115,0.933116,0.83,2,803166,802680,486
57726141,47.7241,24.1858,515,52155,0.914623,0.83,2,803219,802704,515
57914481,71,53,510,24990,0.59,0.95,1,805066,804556,510
57917401,61.4,49,521,25075,0.59,0.93,1,805125,804604,521
57920321,96.28,89,527,25160,0.606,0.79,1,805230,804703,527
57923241,61.656,101.8,475,25244,0.6412,0.57,1,805283,804808,475
57926161,72.3312,52.36,510,25328,0.74424,0.63,1,805358,804848,510
57929081,33.6662,68.872,461,25412,0.812848,0.57,2,805382,804921,461
57932001,17.9332,29.7744,455,25495,0.82657,0.55,2,805396,804941,455
57934921,44.3866,17.9549,491,25578,0.813314,0.59,2,805447,804956,491
57937841,64.0773,34.791,521,25661,0.826663,0.59,2,805516,804995,521
57940761,60.8155,63.7582,510,25744,0.845333,0.59,2,805576,805066,510
58080921,30,80,518,29435,0.33,1,1,808250,807732,518
58083841,33.2,42.4,519,29507,0.25,1,1,808284,807765,519
58086761,25.04,37.28,506,29579,0.266,1,1,808307,807801,506
58089681,33.808,30.656,513,29651,0.1892,1,1,808343,807830,513
58092601,29.9616,34.1312,507,29722,0.12584,1,1,808372,807865,507
58095521,33.9923,32.4262,510,29793,0.161168,1,1,808407,807897,510
58098441,19.5985,36.8852,488,29864,0.104234,1,1,808423,807935,488
58101361,67.9197,79.377,478,29935,0.0768467,0.71,1,808503,808025,478
58104281,67.9839,89.4754,454,30006,0.0393693,0.47,1,808571,808117,454
58107201,88.7968,100.295,445,30077,0.0958739,0.33,1,808665,808220,445
58110121,39.3594,44.059,442,30147,0.0751748,0.23,1,808692,808250,442
58113041,31.8719,36.0118,438,30217,0.071035,0.27,1,808722,808284,438
58115961,16.7744,25.6024,428,30287,0.086207,0.17,1,808735,808307,428
58118881,29.7549,33.9205,425,30357,0.0572414,0.11,1,808768,808343,425
58121801,26.751,29.9841,422,30427,0.0834483,0.17,1,808794,808372,422
58124721,38.1502,33.9968,428,30497,0.0726897,0.09,1,808835,808407,428
58127641,18.83,19.5994,426,30566,0.0145379,0.07,1,808849,808423,426
58130561,67.766,67.9199,426,30635,0.0269076,0.03,1,808929,808503,426
58133481,65.5532,67.984,423,30704,0.0933815,0.11,1,808994,808571,423
58136401,90.7106,88.7968,426,30773,0.0586763,0.07,1,809091,808665,426
58139321,37.3421,39.3594,423,30842,0.0997353,0.07,1,809115,808692,423
58142241,33.0684,31.8719,425,30911,0.123947,0.09,1,809147,808722,425
58145161,14.6137,16.7744,422,30979,0.0967894,0.05,1,809157,808735,422
58148081,30.9227,29.7549,424,31047,0.155358,0.09,1,809192,808768,424
58151001,28.5845,26.751,426,31115,0.167072,0.07,1,809220,808794,426
58153921,35.3169,38.1502,422,31183,0.105414,0,1,809257,808835,422
58156841,18.2634,18.83,422,31251,0.0610829,0.03,1,809271,808849,422
58159761,69.2527,67.766,424,31319,0.100217,0.03,1,809353,808929,424
58162681,65.8505,13.5532,489,31387,0.124043,0.11,1,809418,808929,489
58165601,90.7701,54.7106,521,31454,0.160809,0.05,1,809515,808994,521
58168521,37.354,88.5421,448,31521,0.168162,0.11,1,809539,809091,448
58171441,33.8708,36.9084,457,31588,0.217632,0.13,1,809572,809115,457
58174361,14.7742,32.9817,435,31655,0.243526,0.09,1,809582,809147,435
58177281,32.5548,14.5963,462,31722,0.264705,0.17,1,809619,809157,462
58180201,28.911,30.9193,455,31789,0.268941,0.17,1,809647,809192,455
58183121,32.1822,28.5839,460,31856,0.269788,0.09,1,809680,809220,460
58186041,16.8364,35.3168,436,31922,0.285958,0.05,1,809693,809257,436
58188961,72.1673,18.2634,508,31988,0.337192,0.11,1,809779,809271,508
58191881,67.2335,69.2527,492,32054,0.411438,0.13,1,809845,809353,492
58194801,92.6467,65.8505,526,32120,0.458288,0.17,1,809944,809418,526
58197721,38.5293,90.7701,454,32186,0.467658,0.17,1,809969,809515,454
58200641,36.5059,37.354,466,32252,0.517532,0.23,1,810005,809539,466
58203561,15.3012,33.8708,443,32318,0.559506,0.25,1,810015,809572,443
58206481,33.4602,14.7742,471,32383,0.567901,0.27,1,810053,809582,471
58209401,29.892,32.5548,463,32448,0.56958,0.27,1,810082,809619,463
58212321,31.5784,28.911,467,32513,0.601916,0.27,1,810114,809647,467
58215241,17.5157,32.1822,448,32578,0.608383,0.29,1,810128,809680,448
58218161,75.5031,16.8364,525,32643,0.625677,0.35,1,810218,809693,525
58221081,70.3006,72.1673,508,32708,0.629135,0.43,1,810287,809779,508
58224001,15.6601,67.2335,444,32773,0.629827,0.47,1,810289,809845,444
58226921,83.932,92.6467,446,32838,0.661965,0.47,1,810390,809944,446
58229841,38.3864,38.5293,448,32902,0.620393,0.53,1,810417,809969,448
58232761,38.0773,36.5059,450,32966,0.612079,0.57,1,810455,810005,450
58235681,15.6155,15.3012,450,33030,0.610416,0.57,1,810465,810015,450
58238601,33.5231,33.4602,450,33094,0.642083,0.57,1,810503,810053,450
58241521,30.7046,29.892,451,33158,0.696417,0.61,1,810533,810082,451
58244441,32.5409,31.5784,452,33222,0.659283,0.61,1,810566,810114,452
58247361,17.7082,17.5157,452,33286,0.651857,0.63,1,810580,810128,452
58250281,76.3416,75.5031,453,33350,0.682371,0.63,1,810671,810218,453
58253201,70.4683,70.3006,453,33413,0.704474,0.63,1,810740,810287,453
58256121,15.6937,15.6601,453,33476,0.676895,0.67,1,810742,810289,453
58259041,83.9387,83.932,453,33539,0.735379,0.61,1,810843,810390,453
58261961,37.5877,38.3864,452,33602,0.731076,0.61,1,810869,810417,452
58264881,37.9175,38.0773,452,33665,0.778215,0.61,2,810907,810455,452
58267801,15.5835,15.6155,452,33728,0.755643,0.65,2,810917,810465,452
58270721,35.9167,33.5231,455,33791,0.735129,0.71,1,810958,810503,455
58273641,31.1833,30.7046,455,33854,0.731026,0.65,1,810988,810533,455
58276561,31.8367,32.5409,454,33916,0.746205,0.65,1,811020,810566,454
58279481,17.5673,17.7082,454,33978,0.749241,0.69,1,811034,810580,454
58282401,76.3135,76.3416,454,34040,0.829848,0.71,2,811125,810671,454
58285321,72.0627,70.4683,456,34102,0.87797,0.67,2,811196,810740,456
58288241,16.0125,15.6937,456,34164,0.887594,0.75,2,811198,810742,456
58431321,32,39,491,37074,0.81,1,2,813290,812799,491
58434241,24.8,34.2,481,37131,0.842,1,2,813313,812832,481
58437161,22.56,27.64,477,37188,0.8644,1,2,813335,812858,477
58440081,19.712,5.528,496,37245,0.78888,0.99,2,813354,812858,496
58443001,27.1424,17.1056,505,37302,0.789776,1,2,813383,812878,505
58445921,26.2285,21.8211,508,37359,0.805955,1,2,813409,812901,508
58448841,26.8457,33.1642,499,37416,0.825191,0.86,2,813436,812937,499
58451761,54.1691,29.8328,531,37472,0.797038,0.99,2,813497,812966,531
58454681,64.4338,58.7666,532,37528,0.823408,0.87,2,813564,813032,532
58457601,45.6868,62.1533,510,37584,0.860682,1,2,813605,813095,510
58460521,53.1374,49.2307,519,37640,0.868136,0.77,2,813660,813141,519
58635721,34,3,548,40871,0.73,1,1,815890,815342,548
58638641,24.4,5.4,564,40923,0.762,1,2,815912,815348,564
58641561,38.48,34.68,564,40975,0.6084,1,1,815954,815390,564
58644481,36.496,77.336,512,41027,0.49768,1,1,815990,815478,512
58647401,64.0992,45.0672,546,41078,0.283536,1,1,816061,815515,546
58650321,41.6198,61.8134,516,41129,0.224707,1,1,816097,815581,516
58653241,43.524,51.5627,511,41180,0.0849414,1,1,816141,815630,511
58656161,40.7048,37.5125,517,41231,0.0409883,0.99,1,816181,815664,517
58659081,31.341,43.5025,501,41282,0.0801977,1,1,816210,815709,501
58662001,35.0682,34.3005,505,41333,0.0560395,1,1,816246,815741,505
58664921,27.0136,34.8601,495,41384,0.0352079,0.94,1,816271,815776,495
58667841,21.4027,30.172,486,41435,0.0310416,0.85,1,816291,815805,486
58670761,25.8805,24.4344,490,41486,0.0622083,0.79,1,816318,815828,490
58673681,30.7761,27.2869,494,41537,0.0844417,0.73,1,816350,815856,494
58676601,7.75522,32.6574,462,41588,0.120888,0.77,1,816352,815890,462
58679521,15.951,24.1315,458,41639,0.0801777,0.57,1,816370,815912,458
58682441,30.3902,38.4263,450,41690,0.104036,0.47,1,816404,815954,450
58685361,34.078,36.4853,449,41741,0.124807,0.23,1,816439,815990,449
58688281,50.8156,64.0971,433,41792,0.0969614,0.21,1,816494,816061,433
58691201,36.5631,41.6194,430,41843,0.171392,0.05,1,816527,816097,430
58694121,40.9126,43.5239,428,41893,0.122278,0.03,1,816569,816141,428
58697041,36.9825,40.7048,424,41943,0.0804557,0.09,1,816605,816181,424
58699961,30.5965,31.341,424,41993,0.0880911,0.05,1,816634,816210,424
58702881,34.9193,35.0682,424,42043,0.0416182,0.03,1,816670,816246,424
58705801,25.3839,27.0136,422,42093,0.0803237,0.03,1,816693,816271,422
58708721,21.0768,21.4027,422,42143,0.104065,0.07,1,816713,816291,422
58711641,28.2154,25.8805,425,42193,0.0448129,0.09,1,816743,816318,425
58714561,32.8431,30.7761,427,42243,0.0809626,0.13,1,816777,816350,427
58717481,8.16861,7.75522,427,42293,0.0881925,0.07,1,816779,816352,427
58720401,14.4337,15.951,425,42343,0.0736385,0.11,1,816795,816370,425
58723321,30.8867,30.3902,426,42393,0.118728,0.13,1,816830,816404,426
58726241,35.7773,34.078,428,42443,0.111746,0.09,1,816867,816439,428
58729161,51.1555,50.8156,428,42493,0.0943491,0.19,1,816922,816494,428
58732081,35.8311,36.5631,427,42543,0.12287,0.11,1,816954,816527,427
58735001,40.7662,40.9126,427,42593,0.128574,0.07,1,816996,816569,427
58737921,33.7532,36.9825,423,42643,0.129715,0.09,1,817028,816605,423
58740841,30.7506,30.5965,424,42692,0.145943,0.03,1,817058,816634,424
58743761,35.7501,34.9193,425,42741,0.165189,0.09,1,817095,816670,425
58746681,27.15,25.3839,427,42790,0.153038,0.11,1,817120,816693,427
58749601,19.83,21.0768,425,42839,0.182608,0.03,1,817138,816713,425
58752521,27.966,28.2154,425,42888,0.204522,0.09,1,817168,816743,425
58755441,31.9932,32.8431,424,42937,0.272904,0.09,1,817201,816777,424
58758361,7.99864,8.16861,424,42986,0.254581,0.09,1,817203,816779,424
58761281,14.3997,1.63372,440,43035,0.250916,0.07,1,817219,816779,440
58764201,31.6799,13.1267,460,43084,0.250183,0.13,1,817255,816795,460
58767121,35.136,30.6253,461,43133,0.250037,0.11,1,817291,816830,461
58770041,50.2272,35.7251,478,43182,0.266007,0.09,1,817345,816867,478
58772961,37.2454,51.145,457,43231,0.285201,0.13,1,817379,816922,457
58775881,41.0491,35.829,467,43280,0.28904,0.13,1,817421,816954,467
58778801,33.8098,40.7658,457,43329,0.289808,0.13,1,817453,816996,457
58781721,32.362,33.7532,457,43378,0.289962,0.15,1,817485,817028,457
58784641,36.0724,30.7506,464,43427,0.321992,0.17,1,817522,817058,464
58787561,28.0145,35.7501,453,43476,0.328398,0.15,1,817548,817095,453
58790481,20.0029,27.15,446,43525,0.32968,0.19,1,817566,817120,446
58793401,30.4006,19.83,461,43573,0.377936,0.21,1,817599,817138,461
58796321,34.0801,27.966,466,43621,0.419587,0.29,1,817634,817168,466
58799241,8.41602,31.9932,435,43669,0.427917,0.25,1,817636,817201,435
58802161,14.4832,7.99864,449,43717,0.445583,0.25,1,817652,817203,449
58805081,31.6966,14.3997,469,43765,0.465117,0.25,1,817688,817219,469
58808001,35.1393,31.6799,469,43813,0.533023,0.25,1,817724,817255,469
58810921,51.8279,35.136,489,43861,0.562605,0.27,1,817780,817291,489
58813841,37.5656,50.2272,469,43909,0.600521,0.29,1,817814,817345,469
58816761,41.1131,37.2454,477,43957,0.624104,0.29,1,817856,817379,477
58819681,33.8226,41.0491,467,44005,0.628821,0.29,1,817888,817421,467
58822601,33.9645,33.8098,469,44053,0.645764,0.29,1,817922,817453,469
58825521,36.3929,32.362,474,44101,0.633153,0.33,1,817959,817485,474
58828441,28.0786,36.0724,463,44149,0.646631,0.33,1,817985,817522,463
58831361,20.8157,28.0145,456,44197,0.649326,0.33,1,818004,817548,456
58834281,32.9631,20.0029,474,44245,0.665865,0.39,1,818040,817566,474
58837201,35.3926,30.4006,477,44293,0.669173,0.43,1,818076,817599,477
58840121,8.67853,34.0801,444,44341,0.669835,0.43,1,818078,817634,444
58843041,16.1357,8.41602,460,44389,0.637967,0.45,1,818096,817636,460
58845961,33.6271,14.4832,482,44437,0.679593,0.47,1,818134,817652,482
58848881,8.32543,31.6966,448,44484,0.687919,0.55,1,818136,817688,448
58851801,32.0651,35.1393,450,44531,0.689584,0.57,1,818174,817724,450
58854721,52.813,51.8279,452,44578,0.705917,0.61,1,818232,817780,452
58857641,38.5626,37.5656,453,44625,0.725183,0.63,1,818267,817814,453
58860561,41.3125,41.1131,453,44672,0.713037,0.63,1,818309,817856,453
58863481,33.8625,33.8226,453,44719,0.742607,0.65,1,818341,817888,453
58866401,34.7725,33.9645,454,44766,0.732521,0.63,1,818376,817922,454
58869321,36.5545,36.3929,454,44813,0.746504,0.65,1,818413,817959,454
58872241,28.1109,28.0786,454,44860,0.749301,0.65,1,818439,817985,454
58875161,20.8222,20.8157,454,44907,0.70186,0.67,1,818458,818004,454
58878081,33.7644,32.9631,455,44954,0.740372,0.67,1,818495,818040,455
58881001,35.5529,35.3926,455,45001,0.780074,0.67,2,818531,818076,455
58883921,8.71058,8.67853,455,45048,0.756015,0.63,2,818533,818078,455
58886841,15.3421,16.1357,454,45095,0.815203,0.69,2,818550,818096,454
58889761,35.0684,33.6271,456,45142,0.803041,0.69,2,818590,818134,456
58892681,8.61368,8.32543,456,45189,0.792608,0.69,2,818592,818136,456
58895601,32.1227,32.0651,456,45236,0.806522,0.71,2,818630,818174,456
58898521,53.6245,52.813,457,45283,0.809304,0.73,2,818689,818232,457
58901441,38.7249,38.5626,457,45330,0.841861,0.71,2,818724,818267,457
58904361,41.345,41.3125,457,45377,0.864372,0.75,2,818766,818309,457
58907281,33.869,33.8625,457,45423,0.868874,0.73,2,818798,818341,457
58910201,35.5738,34.7725,458,45469,0.885775,0.75,2,818834,818376,458
58913121,35.9148,36.5545,457,45515,0.873155,0.75,2,818870,818413,457
58916041,27.983,28.1109,457,45561,0.902631,0.69,2,818896,818439,457
58918961,19.9966,20.8222,456,45607,0.908526,0.75,2,818914,818458,456
58921881,35.1993,33.7644,458,45653,0.909705,0.79,2,818953,818495,458
59085401,33,30,486,48170,0.73,1,1,820672,820186,486
59088321,35.4,30,492,48214,0.794,1,2,820708,820216,492
59091241,32.68,35.6,487,48258,0.7748,1,2,820740,820253,487
59094161,43.336,36.72,496,48302,0.77096,1,2,820786,820290,496
59097081,33.4672,28.944,500,48346,0.738192,1,1,820817,820317,500
59100001,29.0934,26.5888,502,48390,0.731638,1,1,820845,820343,502
59102921,13.8187,32.5178,478,48434,0.762328,0.97,2,820855,820377,478
59105841,40.3637,36.1036,488,48478,0.720466,1,1,820902,820414,488
59108761,24.8727,25.6207,486,48521,0.680093,1,1,820923,820437,486
59111681,24.1746,30.7241,478,48564,0.672019,0.96,1,820947,820469,478
59114601,21.6349,28.5448,471,48607,0.686404,1,1,820968,820497,471
59117521,27.527,29.709,470,48650,0.737281,0.99,1,820997,820527,470
59120441,29.5054,25.9418,475,48693,0.731456,0.99,1,821027,820552,475
59123361,26.7011,32.3884,467,48736,0.698291,0.92,1,821053,820586,467
59126281,29.3402,32.0777,465,48779,0.723658,0.77,1,821083,820618,465
59129201,21.068,23.2155,463,48822,0.696732,0.73,1,821102,820639,463
59132121,31.4136,31.0431,464,48865,0.739346,0.73,1,821136,820672,464
59135041,35.0827,6.20862,500,48908,0.699869,0.81,1,821172,820672,500
59137961,28.6165,30.0417,491,48951,0.691974,0.77,1,821199,820708,491
59140881,43.3233,31.6083,506,48994,0.690395,0.77,1,821246,820740,506
59143801,32.6647,43.1217,490,49037,0.722079,0.73,1,821276,820786,490
59146721,28.9329,33.4243,487,49080,0.728416,0.73,1,821304,820817,487
59149641,10.5866,29.0849,465,49123,0.697683,0.77,1,821310,820845,465
59152561,43.7173,13.817,507,49166,0.723537,0.71,1,821362,820855,507
59155481,24.7435,40.3634,480,49209,0.728707,0.67,1,821382,820902,480
59158401,19.3487,24.8727,477,49252,0.729741,0.67,1,821400,820923,477
59161321,22.2697,24.1745,476,49295,0.713948,0.69,1,821423,820947,476
59164241,26.8539,21.6349,483,49338,0.77479,0.75,2,821451,820968,483
59167161,27.7708,27.527,482,49381,0.786958,0.73,2,821479,820997,482
59170081,27.9542,29.5054,480,49424,0.757392,0.69,2,821507,821027,480
59173001,31.1908,26.7011,486,49467,0.751478,0.73,2,821539,821053,486
59175921,21.4382,29.3402,475,49510,0.782296,0.69,2,821558,821083,475
59178841,29.8876,21.068,488,49553,0.788459,0.75,2,821590,821102,488
59181761,35.5775,31.4136,491,49596,0.821692,0.69,2,821627,821136,491
59184681,28.7155,35.0827,482,49638,0.860338,0.69,2,821654,821172,482
59457701,53,49,456,24905,0.15,0.33,1,824396,823940,456
59460621,63.4,41.8,482,24990,0.134,0.19,1,824462,823980,482
59463541,66.28,85.16,453,25075,0.1628,0.19,1,824529,824076,453
59466461,60.456,62.632,455,25160,0.12056,0.15,1,824588,824133,455
59469381,44.8912,65.3264,430,25244,0.128112,0.15,1,824629,824199,430
59472301,22.5782,28.2653,428,25328,0.145622,0.13,1,824646,824218,428
59475221,27.7156,15.2531,445,25412,0.181124,0.15,1,824675,824230,445
59478141,55.9431,53.4506,445,25495,0.204225,0.19,1,824738,824293,445
59481061,78.3886,50.6901,479,25578,0.224845,0.15,1,824822,824343,479
59483981,69.2777,52.538,493,25661,0.276969,0.13,1,824889,824396,493
59486901,67.4555,63.3076,494,25744,0.303394,0.17,1,824956,824462,494
59489821,59.8911,66.2615,485,25826,0.308679,0.11,1,825014,824529,485
59492741,45.5782,60.4523,468,25908,0.293736,0.13,1,825056,824588,468
59495661,23.5156,44.8905,445,25990,0.306747,0.15,1,825074,824629,445
59498581,27.9031,22.5781,457,26072,0.357349,0.19,1,825103,824646,457
59501501,58.3806,27.7156,494,26153,0.38347,0.21,1,825169,824675,494
59504421,79.6761,55.9431,516,26234,0.404694,0.23,1,825254,824738,516
59507341,71.9352,78.3886,502,26315,0.424939,0.29,1,825324,824822,502
59510261,68.787,69.2777,503,26396,0.444988,0.31,1,825392,824889,503
59513181,60.9574,67.4555,495,26476,0.480998,0.31,1,825451,824956,495
59516101,44.9915,59.8911,478,26556,0.5042,0.29,1,825492,825014,478
59519021,23.3983,45.5782,454,26636,0.50884,0.31,1,825510,825056,454
59521941,30.2797,23.5156,468,26716,0.541768,0.37,1,825542,825074,468
59524861,59.6559,27.9031,506,26795,0.564354,0.39,1,825609,825103,506
59527781,80.7312,58.3806,526,26874,0.616871,0.41,1,825695,825169,526
59530701,17.7462,79.6761,443,26953,0.627374,0.43,1,825697,825254,443
59533621,59.5492,71.9352,443,27032,0.661475,0.45,1,825767,825324,443
59536541,67.1098,68.787,444,27110,0.684295,0.49,1,825836,825392,444
59539461,62.222,60.9574,446,27188,0.736859,0.51,1,825897,825451,446
59542381,46.0444,44.9915,447,27266,0.747372,0.51,1,825939,825492,447
59545301,24.4089,23.3983,448,27344,0.765474,0.55,2,825958,825510,448
59548221,31.2818,30.2797,449,27421,0.785095,0.57,2,825991,825542,449
59551141,61.4564,59.6559,451,27498,0.821019,0.63,2,826060,825609,451
59554061,82.6913,80.7312,453,27575,0.876204,0.63,2,826148,825695,453
59556981,18.1383,17.7462,453,27652,0.887241,0.67,2,826150,825697,453
59559901,60.4276,59.5492,454,27729,0.889448,0.69,2,826221,825767,454
59562821,67.2855,67.1098,454,27805,0.93789,0.75,2,826290,825836,454
59565741,65.4571,62.222,458,27881,0.947578,0.75,2,826355,825897,458
59688381,64,54,495,30911,0.75,1,2,828426,827931,495
59691301,91.2,89.2,495,30979,0.51,1,1,828524,828029,495
59694221,47.04,41.84,501,31047,0.382,1,1,828560,828059,501
59697141,47.808,52.368,494,31115,0.3084,1,1,828608,828114,494
59700061,48.7616,62.4736,478,31183,0.19768,1,1,828657,828179,478
59702981,40.9523,42.0947,480,31251,0.175536,0.91,1,828696,828216,480
59705901,48.1905,41.2189,489,31319,0.155107,0.91,1,828746,828257,489
59708821,36.0381,8.24379,522,31387,0.103021,1,1,828779,828257,522
59711741,28.8076,40.0488,501,31454,0.0926043,0.96,1,828806,828305,501
59714661,23.3615,32.0098,493,31521,0.0425209,0.88,1,828828,828335,493
59717581,49.4723,28.002,522,31588,0.0805042,0.75,1,828884,828362,522
59720501,76.2945,56.8004,541,31655,0.0721008,0.45,1,828967,828426,541
59723421,41.6589,89.7601,476,31722,0.0864202,0.35,1,829000,828524,476
59726341,41.9318,46.752,482,31789,0.073284,0.29,1,829042,828560,482
59729261,47.5864,47.7504,483,31856,0.118657,0.17,1,829091,828608,483
59732181,35.9173,48.7501,467,31922,0.127731,0.17,1,829124,828657,467
59735101,45.5835,40.95,476,31988,0.161546,0.15,1,829172,828696,476
59738021,35.5167,48.19,459,32054,0.184309,0.09,1,829205,828746,459
59740941,27.9033,36.038,452,32120,0.204862,0.09,1,829231,828779,452
59743861,20.7807,28.8076,444,32186,0.192972,0.03,1,829250,828806,444
59746781,49.7561,23.3615,479,32252,0.222594,0.09,1,829307,828828,479
59749701,78.7512,49.4723,509,32318,0.244519,0.07,1,829393,828884,509
59752621,39.7502,76.2945,456,32383,0.248904,0.09,1,829423,828967,456
59755541,42.3501,41.6589,466,32448,0.233781,0.07,1,829466,829000,466
59758461,50.07,41.9318,476,32513,0.262756,0.13,1,829518,829042,476
59761381,38.814,47.5864,463,32578,0.316551,0.13,1,829554,829091,463
59764301,46.1628,35.9173,478,32643,0.34331,0.17,1,829602,829124,478
59767221,35.6326,45.5835,463,32708,0.364662,0.19,1,829635,829172,463
59770141,8.72651,35.5167,432,32773,0.368932,0.21,1,829637,829205,432
59773061,22.5453,27.9033,432,32838,0.401786,0.19,1,829663,829231,432
59775981,18.9091,20.7807,431,32902,0.392357,0.23,1,829681,829250,431
59778901,50.9818,49.7561,433,32966,0.422471,0.25,1,829740,829307,433
59781821,79.7964,78.7512,434,33030,0.444494,0.25,1,829827,829393,434
59784741,39.9593,39.7502,434,33094,0.464899,0.23,1,829857,829423,434
59787661,41.5919,42.3501,433,33158,0.46898,0.27,1,829899,829466,433
59790581,52.3184,50.07,436,33222,0.533796,0.33,1,829954,829518,436
59793501,40.8637,38.814,438,33286,0.546759,0.35,1,829992,829554,438
59796421,48.9727,46.1628,441,33350,0.581352,0.37,1,830043,829602,441
59799341,35.3945,35.6326,440,33413,0.62027,0.37,1,830075,829635,440
59802261,8.67891,8.72651,440,33476,0.628054,0.41,1,830077,829637,440
59805181,22.5358,22.5453,440,33539,0.645611,0.39,1,830103,829663,440
59808101,19.7072,18.9091,441,33602,0.649122,0.43,1,830122,829681,441
59811021,51.1414,50.9818,441,33665,0.681824,0.45,1,830181,829740,441
59813941,83.0283,79.7964,445,33728,0.720365,0.47,1,830272,829827,445
59816861,40.6057,39.9593,445,33791,0.744073,0.47,1,830302,829857,445
59819781,41.7211,41.5919,445,33854,0.780815,0.55,2,830344,829899,445
59822701,55.5442,52.3184,449,33916,0.740163,0.55,1,830403,829954,449
59825621,41.5088,40.8637,449,33978,0.764033,0.59,2,830441,829992,449
59828541,50.7018,48.9727,451,34040,0.800807,0.63,2,830494,830043,451
59831461,35.7404,35.3945,451,34102,0.808161,0.63,2,830526,830075,451
59834381,8.74807,8.67891,451,34164,0.777632,0.65,2,830528,830077,451
59837301,23.3496,22.5358,452,34226,0.771527,0.65,2,830555,830103,452
59840221,20.6699,4.50716,472,34288,0.770305,0.65,2,830575,830103,472
59843141,52.934,16.1014,514,34350,0.802061,0.69,2,830636,830122,514
59846061,84.9868,50.4203,548,34412,0.840412,0.73,2,830729,830181,548
59848981,41.7974,82.8841,488,34473,0.832082,0.75,2,830760,830272,488
59851901,41.9595,40.5768,500,34534,0.862416,0.79,2,830802,830302,500
59854821,54.7919,41.7154,516,34595,0.884483,0.73,2,830860,830344,516
59857741,42.1584,55.5431,496,34656,0.936897,0.77,2,830899,830403,496
59860661,51.6317,41.5086,512,34717,0.915379,0.81,2,830953,830441,512
59863581,36.7263,50.7017,492,34778,0.895076,0.81,2,830986,830494,492
59866501,8.94527,35.7403,462,34839,0.891015,0.77,2,830988,830526,462
59869421,22.5891,8.74807,486,34900,0.906203,0.77,2,831014,830528,486
59872341,20.5178,23.3496,479,34961,0.909241,0.77,2,831034,830555,479
59875261,54.5036,20.6699,522,35021,0.925848,0.81,2,831097,830575,522
60012501,36,25,519,37752,0.85,1,2,833030,832511,519
60015421,30.4,23.4,525,37808,0.818,1,2,833059,832534,525
60018341,46.08,27.08,547,37864,0.7156,1,1,833109,832562,547
60021261,35.616,63.816,507,37920,0.67912,1,1,833142,832635,507
60024181,39.1232,35.9632,518,37976,0.623824,1,1,833182,832664,518
60027101,46.2246,39.1926,526,38032,0.628765,1,1,833230,832704,526
60030021,42.0449,52.6385,511,38088,0.597753,1,1,833271,832760,511
60032941,56.409,41.7277,532,38143,0.495551,1,1,833331,832799,532
60035861,30.4818,52.3455,501,38198,0.47511,1,1,833355,832854,501
60038781,35.6964,37.6691,504,38253,0.455022,0.99,1,833392,832888,504
60041701,35.1393,33.1338,507,38308,0.467004,0.93,1,833427,832920,507
60044621,28.6279,43.4268,488,38363,0.469401,0.89,1,833454,832966,488
60047541,32.1256,31.0854,493,38418,0.46988,0.85,1,833487,832994,493
60050461,28.8251,35.0171,485,38473,0.453976,0.81,1,833515,833030,485
60053381,44.965,30.2034,505,38528,0.498795,0.69,1,833564,833059,505
60056301,34.593,46.0407,487,38583,0.523759,0.67,1,833596,833109,487
60059221,8.5186,35.6081,456,38638,0.496752,0.61,1,833598,833142,456
60062141,34.5037,39.1216,457,38693,0.50735,0.63,1,833639,833182,457
60065061,42.1007,46.2243,453,38748,0.54147,0.59,1,833683,833230,453
60067981,39.6201,42.0449,451,38803,0.548294,0.47,1,833722,833271,451
60070901,50.324,56.409,444,38857,0.533659,0.47,1,833775,833331,444
60073821,32.4648,30.4818,448,38911,0.594732,0.45,1,833803,833355,448
60076741,32.893,35.6964,444,38965,0.590946,0.47,1,833836,833392,444
60079661,36.1786,35.1393,446,39019,0.606189,0.47,1,833873,833427,446
60082581,28.8357,28.6279,446,39073,0.625238,0.47,1,833900,833454,446
60085501,31.3671,32.1256,445,39127,0.661048,0.45,1,833932,833487,445
60088421,28.6734,28.8251,445,39181,0.68421,0.51,1,833960,833515,445
60091341,46.5347,44.965,447,39235,0.688842,0.53,1,834011,833564,447
60094261,34.1069,34.593,446,39289,0.721768,0.49,1,834042,833596,446
60097181,8.42139,8.5186,446,39343,0.728354,0.51,1,834044,833598,446
60100101,33.6843,34.5037,445,39397,0.777671,0.55,2,834084,833639,445
60103021,41.9369,42.1007,445,39451,0.771534,0.55,2,834128,833683,445
60105941,41.1874,39.6201,447,39505,0.850307,0.53,2,834169,833722,447
60108861,49.8375,50.324,446,39558,0.850061,0.61,2,834221,833775,446
60111781,35.5675,32.4648,450,39611,0.866012,0.59,2,834253,833803,450
60114701,34.3135,32.893,451,39664,0.917202,0.61,2,834287,833836,451
60330781,33,28,526,43427,0.89,1,2,836892,836366,526
60333701,51.4,48.8,528,43476,0.794,1,2,836948,836420,528
60336621,31.88,40.96,516,43525,0.7908,1,2,836975,836459,516
60339541,31.976,35.392,514,43573,0.74216,1,1,837007,836493,514
60342461,31.9952,29.4784,518,43621,0.732432,1,1,837039,836521,518
60345381,28.799,37.0957,507,43669,0.682486,1,1,837067,836560,507
60348301,26.5598,30.6191,504,43717,0.640497,1,1,837093,836589,504
60351221,27.712,23.7238,510,43765,0.696099,1,1,837121,836611,510
60354141,35.1424,33.5448,511,43813,0.70722,0.96,1,837158,836647,511
60357061,33.4285,37.109,506,43861,0.693444,1,1,837191,836685,506
60359981,36.2857,36.2218,507,43909,0.738689,1,1,837228,836721,507
60362901,30.4571,37.6444,498,43957,0.715738,0.97,1,837257,836759,498
60365821,35.6914,33.1289,503,44005,0.647148,0.95,1,837294,836791,503
60368741,27.9383,36.2258,492,44053,0.63343,0.87,1,837320,836828,492
60371661,32.7877,32.0452,495,44101,0.614686,0.89,1,837354,836859,495
60374581,52.1575,32.809,519,44149,0.610937,0.77,1,837411,836892,519
60377501,29.6315,51.3618,487,44197,0.610187,0.79,1,837435,836948,487
60380421,30.7263,31.8724,491,44245,0.642038,0.73,1,837466,836975,491
60383341,30.1453,31.9745,489,44293,0.648408,0.73,1,837496,837007,489
60386261,28.4291,31.9949,485,44341,0.617681,0.67,1,837524,837039,485
60389181,24.0858,28.799,480,44389,0.659536,0.63,1,837547,837067,480
60392101,28.8172,26.5598,484,44437,0.683907,0.71,1,837577,837093,484
60395021,7.36343,27.712,458,44484,0.688781,0.71,1,837579,837121,458
60397941,30.2727,35.1424,457,44531,0.753756,0.69,2,837615,837158,457
60400861,33.2545,33.4285,458,44578,0.734751,0.75,1,837649,837191,458
60403781,35.4509,36.2857,457,44625,0.76295,0.71,2,837685,837228,457
60406701,29.4902,30.4571,456,44672,0.73659,0.63,1,837713,837257,456
60409621,33.898,35.6914,454,44719,0.715318,0.63,1,837748,837294,454
60412541,26.7796,27.9383,453,44766,0.775064,0.61,2,837773,837320,453
60415461,32.5559,32.7877,453,44813,0.755013,0.61,2,837807,837354,453
60418381,51.3112,52.1575,452,44860,0.831002,0.61,2,837863,837411,452
60421301,30.2622,29.6315,453,44907,0.878201,0.65,2,837888,837435,453
60424221,31.6524,30.7263,454,44954,0.88764,0.65,2,837920,837466,454
60427141,30.3305,30.1453,454,45001,0.937528,0.61,2,837950,837496,454
60430061,28.4661,28.4291,454,45048,0.915506,0.67,2,837978,837524,454
60432981,25.6932,24.0858,456,45095,0.927101,0.69,2,838003,837547,456
60738121,85,70,494,24982,0.41,1,1,842453,841959,494
60741041,47.4,58.8,476,25067,0.362,1,1,842491,842015,476
60743961,95.88,95.76,479,25152,0.1924,1,1,842599,842120,479
60746881,45.576,48.752,475,25236,0.20648,0.97,1,842632,842157,475
60749801,61.9152,65.7504,471,25320,0.129296,0.95,1,842698,842227,471
60752721,42.783,43.5501,471,25404,0.0978592,0.75,1,842736,842265,471
60755641,37.3566,50.31,455,25487,0.0915718,0.75,1,842772,842317,455
60758561,44.2713,10.062,501,25570,0.0583144,0.57,1,842818,842317,501
60761481,68.8543,42.8124,525,25653,0.115663,0.41,1,842893,842368,525
60764401,42.5709,76.5625,476,25736,0.143133,0.35,1,842929,842453,476
60767321,89.3142,45.7125,539,25818,0.196627,0.15,1,843030,842491,539
60770241,39.4628,95.5425,458,25900,0.191325,0.21,1,843057,842599,458
60773161,59.8926,45.5085,490,25982,0.238265,0.11,1,843122,842632,490
60776081,43.1785,61.9017,463,26064,0.247653,0.09,1,843161,842698,463
60779001,35.8357,42.7803,459,26145,0.281531,0.09,1,843195,842736,459
60781921,44.7671,37.3561,470,26226,0.320306,0.05,1,843242,842772,470
60784841,70.5534,44.2712,501,26307,0.312061,0.13,1,843319,842818,501
60787761,44.5107,68.8542,464,26388,0.326412,0.15,1,843357,842893,464
60790681,90.5021,42.5708,530,26468,0.345282,0.21,1,843459,842929,530
60793601,42.1004,89.3142,459,26548,0.349056,0.19,1,843489,843030,459
60796521,62.8201,39.4628,500,26628,0.397811,0.25,1,843557,843057,500
60799441,43.764,59.8926,474,26708,0.439562,0.25,1,843596,843122,474
60802361,36.7528,43.1785,470,26787,0.463912,0.29,1,843631,843161,470
60805281,45.7506,35.8357,484,26866,0.484782,0.33,1,843679,843195,484
60808201,10.7501,44.7671,439,26945,0.488956,0.31,1,843681,843242,439
60811121,62.15,70.5534,437,27024,0.505791,0.33,1,843756,843319,437
60814041,43.63,44.5107,438,27102,0.541158,0.35,1,843795,843357,438
60816961,91.126,90.5021,439,27180,0.564232,0.35,1,843898,843459,439
60819881,42.2252,42.1004,439,27258,0.632846,0.41,1,843928,843489,439
60822801,65.245,62.8201,442,27336,0.662569,0.45,1,843999,843557,442
60825721,47.449,43.764,446,27413,0.652514,0.47,1,844042,843596,446
60828641,36.6898,36.7528,445,27490,0.650503,0.49,1,844076,843631,445
60831561,46.538,45.7506,446,27567,0.650101,0.49,1,844125,843679,446
60834481,10.9076,10.7501,446,27644,0.65002,0.51,1,844127,843681,446
60837401,62.9815,62.15,447,27721,0.714004,0.55,1,844203,843756,447
60840321,44.5963,43.63,448,27797,0.710801,0.57,1,844243,843795,448
60843241,93.7193,91.126,451,27873,0.74216,0.65,1,844349,843898,451
60846161,43.5439,42.2252,452,27949,0.780432,0.67,2,844380,843928,452
60849081,67.9088,65.245,455,28025,0.740086,0.65,1,844454,843999,455
60852001,45.5818,47.449,452,28101,0.748017,0.65,1,844494,844042,452
60854921,36.3164,36.6898,452,28176,0.813603,0.65,2,844528,844076,452
60857841,48.0633,46.538,454,28251,0.810721,0.65,2,844579,844125,454
60860761,11.2127,10.9076,454,28326,0.810144,0.73,2,844581,844127,454
60863681,64.6425,62.9815,456,28401,0.842029,0.73,2,844659,844203,456
60866601,44.9285,12.5963,496,28476,0.816406,0.71,2,844699,844203,496
60869521,95.3857,34.5193,564,28550,0.859281,0.75,2,844807,844243,564
60872441,43.8771,91.7039,489,28624,0.899856,0.79,2,844838,844349,489
61003841,39,48,509,31781,0.63,1,1,847029,846520,509
61006761,56.6,36,537,31848,0.518,1,1,847090,846553,537
61009681,34.52,54.4,507,31914,0.5276,1,1,847119,846612,507
61012601,71.704,39.68,552,31980,0.44952,0.95,1,847200,846648,552
61015521,30.3408,67.136,498,32046,0.449904,1,1,847220,846722,498
61018441,59.6682,35.0272,538,32112,0.417981,0.97,1,847287,846749,538
61021361,48.7336,57.4054,521,32178,0.459596,0.85,1,847333,846812,521
61024281,34.5467,52.2811,501,32244,0.483919,0.97,1,847364,846863,501
61027201,50.1093,39.2562,519,32310,0.488784,0.77,1,847418,846899,519
61030121,34.8219,53.4512,493,32375,0.473757,0.75,1,847449,846956,493
61033041,33.3644,37.8902,492,32440,0.518751,0.63,1,847482,846990,492
61035961,53.0729,38.7781,511,32505,0.52775,0.49,1,847540,847029,511
61038881,32.2146,56.5556,477,32570,0.60955,0.53,1,847567,847090,477
61041801,66.4429,34.5111,523,32635,0.59391,0.43,1,847642,847119,523
61044721,30.8886,71.7022,464,32700,0.574782,0.45,1,847664,847200,464
61047641,58.1777,30.3404,509,32765,0.618956,0.41,1,847729,847220,509
61050561,13.2355,59.6681,444,32830,0.627791,0.47,1,847731,847287,444
61053481,40.2471,48.7336,445,32894,0.629558,0.49,1,847778,847333,445
61056401,33.6494,34.5467,446,32958,0.629912,0.49,1,847810,847364,446
61059321,49.9299,50.1093,446,33022,0.629982,0.47,1,847864,847418,446
61062241,36.386,34.8219,448,33086,0.725996,0.53,1,847897,847449,448
61065161,34.4772,33.3644,449,33150,0.729199,0.53,1,847931,847482,449
61068081,54.0954,53.0729,450,33214,0.74584,0.63,1,847990,847540,450
61071001,33.2191,32.2146,451,33278,0.717168,0.59,1,848018,847567,451
61073921,66.6438,66.4429,451,33342,0.759434,0.57,2,848093,847642,451
61076841,31.7288,30.8886,452,33405,0.783887,0.63,2,848116,847664,452
61079761,59.1458,58.1777,453,33468,0.804777,0.63,2,848182,847729,453
61082681,13.4291,13.2355,453,33531,0.808955,0.63,2,848184,847731,453
61085601,40.2858,40.2471,453,33594,0.841791,0.63,2,848231,847778,453
61088521,34.4572,33.6494,454,33657,0.832358,0.63,2,848264,847810,454
61091441,49.2914,49.9299,453,33720,0.830472,0.75,2,848317,847864,453
61094361,39.4583,36.386,457,33783,0.846094,0.73,2,848354,847897,457
61097281,34.2917,34.4772,456,33846,0.849219,0.75,2,848387,847931,456
61100201,54.8583,54.0954,457,33908,0.833844,0.71,2,848447,847990,457
61103121,33.3717,33.2191,457,33970,0.830769,0.77,2,848475,848018,457
61106041,67.4743,66.6438,458,34032,0.846154,0.79,2,848551,848093,458
61108961,32.6949,31.7288,459,34094,0.865231,0.81,2,848575,848116,459
61111881,60.139,59.1458,460,34156,0.917046,0.81,2,848642,848182,460
61114801,13.6278,13.4291,460,34218,0.927409,0.81,2,848644,848184,460
61117721,41.1256,2.68583,508,34280,0.897482,0.85,2,848692,848184,508
61120641,33.8251,38.1372,493,34342,0.907496,0.83,2,848724,848231,493
61123561,49.165,34.0274,513,34404,0.925499,0.83,2,848777,848264,513
61272481,35,54,512,37408,0.79,1,2,850872,850360,512
61275401,61.4,37.2,547,37464,0.886,1,2,850940,850393,547
61278321,37.08,58.64,514,37520,0.9372,1,2,850971,850457,514
61281241,51.416,46.128,526,37576,0.94744,1,2,851026,850500,526
61284161,48.6832,50.8256,522,37632,0.933488,1,2,851074,850552,522
61287081,31.3366,47.7651,502,37688,0.914698,1,2,851101,850599,502
61290001,39.0673,36.753,509,37744,0.93494,1,2,851142,850633,509
61292921,24.6135,36.1506,494,37800,0.906988,0.97,2,851163,850669,494
61637481,37,43,516,43901,0.73,1,1,855424,854908,516
61640401,34.6,37.4,514,43949,0.65,1,1,855458,854944,514
61643321,39.72,35.48,520,43997,0.506,1,1,855499,854979,520
61646241,39.144,38.296,520,44045,0.3972,1,1,855538,855018,520
61649161,38.2288,34.8592,524,44093,0.35944,1,1,855576,855052,524
61652081,42.8458,36.5718,531,44141,0.303888,1,1,855620,855089,531
61655001,39.7692,41.7144,527,44189,0.228778,1,1,855659,855132,527
61657921,35.9538,29.9429,535,44237,0.181756,1,1,855694,855159,535
61660841,24.7908,35.5886,520,44285,0.108351,1,1,855716,855196,520
61663761,19.3582,38.3177,499,44333,0.0936702,1,1,855734,855235,499
61666681,23.0716,22.8635,504,44381,0.106734,1,1,855758,855254,504
61669601,31.8143,30.9727,505,44429,0.0453468,1,1,855792,855287,505
61672521,7.96286,36.5945,469,44476,0.0650694,0.93,1,855794,855325,469
61675441,25.5926,31.3189,469,44523,0.181014,0.83,1,855824,855355,469
61678361,22.7185,31.8638,459,44570,0.188203,0.73,1,855846,855387,459
61681281,30.9437,35.9728,455,44617,0.189641,0.63,1,855879,855424,455
61684201,30.1887,34.3946,451,44664,0.173928,0.47,1,855909,855458,451
61687121,31.6377,39.6789,442,44711,0.170786,0.37,1,855941,855499,442
61690041,35.9275,39.1358,440,44758,0.186157,0.35,1,855978,855538,440
61692961,37.5855,38.2272,440,44805,0.189231,0.29,1,856016,855576,440
61695881,39.5171,42.8454,436,44852,0.237846,0.21,1,856056,855620,436
61698801,37.5034,39.7691,434,44899,0.231569,0.17,1,856093,855659,434
61701721,34.7007,35.9538,433,44946,0.230314,0.09,1,856127,855694,433
61704641,19.7401,24.7908,427,44993,0.230063,0.09,1,856143,855716,427
61707561,19.948,19.3582,429,45040,0.246013,0.11,1,856163,855734,429
61710481,26.3896,23.0716,433,45087,0.249203,0.03,1,856191,855758,433
61713401,27.6779,31.8143,427,45134,0.217841,0.07,1,856219,855792,427
61716321,7.13558,7.96286,427,45181,0.243568,0.21,1,856221,855794,427
61719241,28.6271,25.5926,431,45228,0.248714,0.19,1,856255,855824,431
61722161,22.5254,22.7185,430,45275,0.249743,0.19,1,856276,855846,430
61725081,30.1051,30.9437,429,45322,0.281949,0.17,1,856308,855879,429
61728001,31.621,30.1887,431,45369,0.25639,0.17,1,856340,855909,431
61730921,30.3242,31.6377,429,45415,0.299278,0.19,1,856370,855941,429
61733841,35.6648,35.9275,429,45461,0.323856,0.19,1,856407,855978,429
61736761,39.933,37.5855,432,45507,0.280771,0.25,1,856448,856016,432
61739681,39.9866,39.5171,432,45553,0.288154,0.23,1,856488,856056,432
61742601,39.1973,37.5034,434,45599,0.305631,0.23,1,856527,856093,434
61745521,34.2395,34.7007,433,45645,0.293126,0.23,1,856560,856127,433
61748441,19.6479,19.7401,433,45691,0.338625,0.25,1,856576,856143,433
61751361,20.7296,19.948,434,45737,0.363725,0.25,1,856597,856163,434
61754281,24.9459,26.3896,432,45783,0.384745,0.21,1,856623,856191,432
61757201,27.3892,27.6779,432,45829,0.372949,0.25,1,856651,856219,432
61760121,7.07784,7.13558,432,45875,0.37059,0.25,1,856653,856221,432
61763041,28.6156,28.6271,432,45921,0.370118,0.25,1,856687,856255,432
61765961,23.3231,5.72542,454,45967,0.402024,0.25,1,856709,856255,454
61768881,30.2646,17.9451,465,46013,0.408405,0.29,1,856741,856276,465
61771801,31.6529,29.189,465,46059,0.425681,0.25,1,856773,856308,465
61774721,31.1306,31.4378,464,46105,0.461136,0.31,1,856804,856340,464
61777641,36.6261,30.2876,472,46151,0.468227,0.33,1,856842,856370,472
61780561,38.5252,35.6575,474,46197,0.485645,0.27,1,856881,856407,474
61783481,40.505,39.9315,474,46243,0.537129,0.29,1,856922,856448,474
61786401,39.301,39.9863,473,46289,0.547426,0.31,1,856961,856488,473
61789321,35.8602,39.1973,469,46335,0.549485,0.29,1,856996,856527,469
61792241,19.972,34.2395,452,46381,0.597897,0.35,1,857012,856560,452
61795161,22.3944,19.6479,459,46426,0.623579,0.37,1,857035,856576,459
61798081,25.2789,20.7296,464,46471,0.644716,0.39,1,857061,856597,464
61801001,28.2558,24.9459,467,46516,0.680943,0.37,1,857090,856623,467
61803921,7.25116,27.3892,441,46561,0.688189,0.37,1,857092,856651,441
61806841,28.6502,7.07784,473,46606,0.689638,0.37,1,857126,856653,473
61809761,24.93,28.6156,463,46651,0.705927,0.41,1,857150,856687,463
61812681,31.386,23.3231,474,46696,0.725186,0.41,1,857183,856709,474
61815601,32.6772,30.2646,475,46741,0.729037,0.43,1,857216,856741,475
61818521,32.1354,31.6529,475,46786,0.729807,0.47,1,857248,856773,475
61821441,36.8271,31.1306,482,46831,0.745961,0.47,1,857286,856804,482
61824361,39.3654,36.6261,484,46876,0.749192,0.49,1,857326,856842,484
61827281,43.0731,38.5252,489,46921,0.765838,0.55,2,857370,856881,489
61830201,39.8146,40.505,487,46966,0.785168,0.55,2,857409,856922,487
61833121,38.3629,39.301,486,47011,0.837034,0.55,2,857447,856961,486
61836041,20.4726,35.8602,467,47056,0.863407,0.61,2,857463,856996,467
61838961,23.2945,19.972,475,47101,0.868681,0.63,2,857487,857012,475
61841881,27.0589,22.3944,480,47146,0.869736,0.65,2,857515,857035,480
61844801,29.4118,25.2789,484,47191,0.885947,0.69,2,857545,857061,484
61847721,7.48236,28.2558,457,47236,0.88919,0.69,2,857547,857090,457
61850641,29.4965,7.25116,490,47281,0.937838,0.69,2,857582,857092,490
61853561,25.0993,28.6502,480,47326,0.915568,0.71,2,857606,857126,480
61856481,32.2199,24.93,490,47371,0.927113,0.73,2,857640,857150,490
61859401,8.04397,31.386,459,47415,0.929423,0.73,2,857642,857183,459
62060881,24,39,524,50387,0.93,1,2,859722,859198,524
62113441,409.6,466.2,457,23360,0.226,0.77,1,860228,859771,457
62116361,146.72,136.44,484,23451,0.1012,0.47,1,860309,859825,484
62119281,86.944,84.088,485,23541,0.07624,0.21,1,860381,859896,485
62122201,48.5888,76.8176,449,23631,0.071248,0.11,1,860420,859971,449
62125121,57.7178,60.1635,453,23721,0.0222496,0.09,1,860480,860027,453
62128041,38.7436,50.4327,439,23810,0.0124499,0.07,1,860514,860075,439
62130961,78.1487,52.4865,474,23899,0.01049,0.05,1,860602,860128,474
62133881,34.8297,52.8973,445,23988,0.026098,0.05,1,860626,860181,445
62136801,26.1659,40.9795,431,24076,0.0132196,0.07,1,860650,860219,431
62139721,70.8332,80.1959,423,24164,0.0586439,0.07,1,860732,860309,423
62142641,71.7666,73.6392,423,24252,0.0997288,0.07,1,860804,860381,423
62145561,45.5533,45.9278,423,24339,0.171946,0.01,1,860843,860420,423
62148481,57.9107,57.1856,424,24426,0.0903891,0.01,1,860904,860480,424
62151401,37.9821,38.6371,423,24513,0.0420778,0.01,1,860937,860514,423
62154321,77.9964,78.1274,423,24599,0.0644156,0.03,1,861025,860602,423
62157241,33.9993,34.8255,422,24685,0.0848831,0.01,1,861048,860626,422
62160161,26.7999,26.1651,423,24771,0.0409766,0.07,1,861073,860650,423
62163081,72.56,70.833,425,24857,0.0481953,0.11,1,861157,860732,425
62166001,74.512,71.7666,428,24942,0.0336391,0.19,1,861232,860804,428
62168921,45.3024,45.5533,427,25027,0.0467278,0.07,1,861270,860843,427
62171841,54.6605,57.9107,423,25112,0.0493456,0.03,1,861327,860904,423
62174761,36.5321,37.9821,422,25196,0.0498691,0.07,1,861359,860937,422
62177681,80.1064,77.9964,425,25280,0.0979738,0.09,1,861450,861025,425
62180601,33.6213,33.9993,424,25364,0.107595,0.03,1,861472,861048,424
62183521,25.1243,26.7999,422,25448,0.109519,0.03,1,861495,861073,422
62186441,73.0249,5.35997,507,25531,0.109904,0.05,1,861580,861073,507
62189361,73.005,68.272,496,25614,0.125981,0.03,1,861653,861157,496
62192281,45.001,73.6544,459,25697,0.177196,0.05,1,861691,861232,459
62195201,56.2002,45.1309,480,25779,0.171439,0.05,1,861750,861270,480
62198121,35.24,54.6262,453,25861,0.186288,0.05,1,861780,861327,453
62201041,82.248,36.5252,515,25943,0.141258,0.11,1,861874,861359,515
62203961,34.8496,80.105,447,26025,0.148252,0.11,1,861897,861450,447
62206881,24.5699,33.621,447,26106,0.11765,0.11,1,861919,861472,447
62209801,75.314,25.1242,512,26187,0.15953,0.11,1,862007,861495,512
62212721,74.2628,73.0248,501,26268,0.199906,0.13,1,862081,861580,501
62215641,46.8526,73.005,468,26349,0.255981,0.19,1,862121,861653,468
62218561,56.5705,45.001,489,26429,0.315196,0.17,1,862180,861691,489
62221481,35.3141,56.2002,460,26509,0.295039,0.19,1,862210,861750,460
62224401,79.8628,35.24,521,26589,0.291008,0.13,1,862301,861780,521
62227321,33.5726,82.248,449,26669,0.306202,0.15,1,862323,861874,449
62230241,25.9145,34.8496,450,26748,0.32524,0.11,1,862347,861897,450
62233161,76.3829,24.5699,517,26827,0.345048,0.17,1,862436,861919,517
62236081,76.0766,75.314,505,26906,0.42901,0.21,1,862512,862007,505
62239001,16.8153,74.2628,433,26985,0.445802,0.27,1,862514,862081,433
62241921,36.9631,46.8526,435,27063,0.46516,0.33,1,862556,862121,435
62244841,55.3926,56.5705,436,27141,0.565032,0.29,1,862616,862180,436
62247761,35.0785,35.3141,436,27219,0.585006,0.29,1,862646,862210,436
62250681,79.8157,79.8628,436,27297,0.573001,0.31,1,862737,862301,436
62253601,35.1631,33.5726,438,27375,0.6026,0.33,1,862761,862323,438
62256521,26.2326,25.9145,438,27452,0.62452,0.35,1,862785,862347,438
62259441,78.8465,76.3829,441,27529,0.692904,0.45,1,862877,862436,441
62262361,78.9693,76.0766,444,27606,0.706581,0.45,1,862956,862512,444
62265281,17.3939,16.8153,444,27683,0.709316,0.47,1,862958,862514,444
62268201,39.4788,36.9631,447,27760,0.709863,0.59,1,863003,862556,447
62271121,57.4958,55.3926,449,27836,0.693973,0.59,1,863065,862616,449
62274041,35.4992,35.0785,449,27912,0.690795,0.57,1,863095,862646,449
62276961,80.6998,79.8157,450,27988,0.754159,0.61,2,863187,862737,450
62279881,37.74,35.1631,453,28064,0.750832,0.63,2,863214,862761,453
62282801,26.748,26.2326,453,28139,0.750166,0.71,2,863238,862785,453
62285721,80.5496,78.8465,455,28214,0.750033,0.71,2,863332,862877,455
62288641,80.9099,78.9693,457,28289,0.830007,0.71,2,863413,862956,457
62291561,17.782,17.3939,457,28364,0.814001,0.71,2,863415,862958,457
62294481,37.1564,3.47877,499,28439,0.8268,0.71,2,863457,862958,499
62297401,57.8313,36.6958,517,28513,0.86136,0.69,2,863520,863003,517
62300321,35.5663,56.9392,485,28587,0.868272,0.69,2,863550,863065,485
62303241,82.3133,35.3878,549,28661,0.917654,0.77,2,863644,863095,549
62306161,38.8626,80.6776,485,28735,0.927531,0.75,2,863672,863187,485
62417121,65,19,564,31412,0.67,1,1,865539,864975,564
62420041,35.4,75,503,31479,0.574,1,1,865567,865064,503
62422961,34.28,43,502,31546,0.4748,1,1,865601,865099,502
62425881,80.456,31.8,565,31613,0.29496,1,1,865693,865128,565
62428801,87.2912,86.36,554,31680,0.098992,0.94,1,865782,865228,554
62431721,34.2582,77.272,500,31747,0.0437984,0.93,1,865803,865303,500
62434641,29.2516,36.2544,502,31814,0.0327597,1,1,865831,865329,502
62437561,54.6503,32.8509,531,31881,0.0465519,0.94,1,865892,865361,531
62440481,28.5301,53.7702,494,31947,0.0333104,0.9,1,865914,865420,494
62443401,28.106,29.954,498,32013,0.0306621,0.83,1,865942,865444,498
62446321,46.4212,29.9908,519,32079,0.0941324,0.67,1,865993,865474,519
62449241,29.2842,57.9982,479,32145,0.0748265,0.55,1,866018,865539,479
62452161,26.6568,33.9996,477,32211,0.134965,0.45,1,866044,865567,477
62455081,70.1314,33.9999,524,32277,0.146993,0.25,1,866125,865601,524
62458001,77.2263,80.4,511,32343,0.0853986,0.05,1,866204,865693,511
62460921,32.2453,87.28,443,32408,0.12108,0.03,1,866225,865782,443
62463841,28.8491,34.256,450,32473,0.0482159,0.03,1,866253,865803,450
62466761,53.7698,29.2512,482,32538,0.0176432,0.05,1,866313,865831,482
62469681,28.354,54.6502,443,32603,0.0275286,0.03,1,866335,865892,443
62472601,29.6708,28.53,451,32668,0.0455057,0.03,1,866365,865914,451
62475521,45.9342,28.106,473,32733,0.0491011,0.11,1,866415,865942,473
62478441,10.7868,46.4212,424,32798,0.0498202,0.07,1,866417,865993,424
62481361,22.9574,29.2842,425,32862,0.065964,0.15,1,866443,866018,425
62484281,28.5915,26.6568,429,32926,0.133193,0.15,1,866473,866044,429
62487201,68.9183,70.1314,427,32990,0.146639,0.07,1,866552,866125,427
62490121,76.9837,77.2263,427,33054,0.197328,0.13,1,866631,866204,427
62493041,31.3967,32.2453,426,33118,0.223466,0.03,1,866651,866225,426
62495961,28.6793,28.8491,426,33182,0.196693,0.01,1,866679,866253,426
62498881,51.3359,53.7698,423,33246,0.191339,0.03,1,866736,866313,423
62501801,27.8672,28.354,423,33310,0.206268,0.05,1,866758,866335,423
62504721,31.1734,29.6708,425,33373,0.273254,0.05,1,866790,866365,425
62507641,46.2347,45.9342,425,33436,0.286651,0.05,1,866840,866415,425
62510561,10.8469,10.7868,425,33499,0.28933,0.07,1,866842,866417,425
62513481,22.9694,22.9574,425,33562,0.257866,0.15,1,866868,866443,425
62516401,30.1939,28.5915,427,33625,0.283573,0.15,1,866900,866473,427
62519321,70.8388,68.9183,429,33688,0.240715,0.21,1,866981,866552,429
62522241,78.9678,76.9837,431,33751,0.264143,0.23,1,867062,866631,431
62525161,31.7936,31.3967,431,33814,0.236829,0.19,1,867082,866651,431
62528081,27.1587,28.6793,429,33877,0.247366,0.19,1,867108,866679,429
62531001,52.6317,51.3359,431,33939,0.265473,0.21,1,867167,866736,431
62533921,29.7263,27.8672,433,34001,0.285095,0.29,1,867191,866758,433
62536841,32.3453,31.1734,434,34063,0.289019,0.29,1,867224,866790,434
62539761,46.4691,46.2347,434,34125,0.337804,0.29,1,867274,866840,434
62542681,10.8938,10.8469,434,34187,0.347561,0.25,1,867276,866842,434
62545601,23.7788,22.9694,435,34249,0.333512,0.25,1,867303,866868,435
62548521,28.7558,4.59388,465,34311,0.362702,0.29,1,867333,866868,465
62551441,70.5512,26.5188,514,34373,0.40054,0.23,1,867414,866900,514
62554361,78.1102,70.1038,513,34435,0.440108,0.27,1,867494,866981,513
62557281,32.422,78.8208,453,34496,0.432022,0.23,1,867515,867062,453
62560201,27.2844,31.7641,459,34557,0.478404,0.25,1,867541,867082,459
62563121,53.4569,27.1528,493,34618,0.487681,0.27,1,867601,867108,493
62566041,29.8914,52.6306,458,34679,0.489536,0.29,1,867625,867167,458
62568961,33.1783,29.7261,468,34740,0.457907,0.29,1,867659,867191,468
62571881,47.4357,32.3452,486,34801,0.499581,0.35,1,867710,867224,486
62574801,11.0871,46.469,438,34862,0.507916,0.35,1,867712,867274,438
62577721,25.4174,10.8938,465,34923,0.557583,0.33,1,867741,867276,465
62580641,30.6835,23.7788,470,34984,0.535517,0.37,1,867773,867303,470
62583561,72.5367,28.7558,523,35044,0.595103,0.41,1,867856,867333,523
62586481,79.3073,70.5512,523,35104,0.607021,0.45,1,867937,867414,523
62589401,34.2615,78.1102,466,35164,0.593404,0.43,1,867960,867494,466
62592321,27.6523,32.422,471,35224,0.622681,0.49,1,867986,867515,471
62595241,53.5305,27.2844,505,35284,0.644536,0.49,1,868046,867541,505
62598161,28.3061,53.4569,467,35344,0.648907,0.49,1,868068,867601,467
62601081,32.8612,29.8914,477,35404,0.649781,0.45,1,868102,867625,477
62604001,49.7722,33.1783,497,35464,0.665956,0.51,1,868156,867659,497
62606921,11.5544,47.4357,448,35524,0.669191,0.51,1,868158,867710,448
62609841,27.9109,11.0871,478,35584,0.669838,0.57,1,868190,867712,478
62612761,29.5822,25.4174,479,35643,0.701968,0.53,1,868220,867741,479
62615681,7.51644,30.6835,449,35702,0.708393,0.61,1,868222,867773,449
62618601,70.3033,72.5367,452,35761,0.789679,0.61,2,868308,867856,452
62621521,78.8607,79.3073,452,35820,0.885936,0.59,2,868389,867937,452
62624441,34.9721,34.2615,453,35879,0.873187,0.63,2,868413,867960,453
62627361,28.5944,27.6523,454,35938,0.918637,0.65,2,868440,867986,454
62630281,53.7189,53.5305,454,35997,0.943727,0.65,2,868500,868046,454
62633201,28.3438,28.3061,454,36056,0.916746,0.65,2,868522,868068,454
62636121,32.8688,32.8612,454,36115,0.943349,0.67,2,868556,868102,454
62853661,502,567,458,17520,0.01,0.55,1,871416,870958,458
62856581,159.6,159,475,18366,0.058,0.11,1,871490,871015,475
62859501,103.92,126.2,447,18482,0.0676,0.03,1,871580,871133,447
62862421,131.984,74.84,524,18597,0.03752,0.07,1,871719,871195,524
62865341,73.5968,118.168,454,18711,0.063504,0.05,1,871778,871324,454
62868261,41.1194,70.0336,429,18824,0.0527008,0.05,1,871811,871382,429
62871181,31.4239,31.6067,436,18937,0.0105402,0.07,1,871840,871404,436
62874101,66.2848,75.1213,425,19049,0.090108,0.07,1,871915,871490,425
62877021,85.257,87.0243,425,19160,0.0900216,0.03,1,872005,871580,425
62879941,128.251,128.605,425,19271,0.154004,0.07,1,872144,871719,425
62882861,71.2503,72.921,423,19381,0.166801,0.05,1,872201,871778,423
62885781,39.8501,40.9842,422,19490,0.20136,0,1,872233,871811,422
62888701,33.57,31.3968,425,19599,0.208272,0,1,872265,871840,425
62891621,65.914,6.27937,499,19707,0.241654,0.11,1,872339,871840,499
62894541,85.9828,61.2559,515,19815,0.264331,0.09,1,872430,871915,515
62897461,129.997,84.2512,566,19922,0.380866,0.17,1,872571,872005,566
62900381,73.1993,128.05,486,20028,0.420173,0.17,1,872630,872144,486
62903301,41.0399,71.21,462,20134,0.412035,0.21,1,872663,872201,462
62906221,34.608,39.842,463,20239,0.426407,0.21,1,872696,872233,463
62909141,67.7216,33.5684,507,20344,0.445281,0.25,1,872772,872265,507
62912061,87.1443,65.9137,525,20448,0.481056,0.27,1,872864,872339,525
62914981,135.829,85.9827,582,20552,0.456211,0.41,1,873012,872430,582
62917901,75.1658,129.997,501,20655,0.515242,0.43,1,873072,872571,501
62920821,42.2332,73.1993,476,20758,0.527048,0.41,1,873106,872630,476
62923741,34.0466,41.0399,475,20860,0.57741,0.43,1,873138,872663,475
62926661,68.4093,34.608,519,20962,0.603482,0.45,1,873215,872696,519
62929581,15.2819,67.7216,445,21063,0.608696,0.49,1,873217,872772,445
62932501,77.4564,87.1443,446,21164,0.657739,0.45,1,873310,872864,446
62935421,132.291,135.829,444,21264,0.651548,0.53,1,873456,873012,444
62938341,77.6583,75.1658,448,21364,0.66631,0.53,1,873520,873072,448
62941261,43.5316,42.2332,449,21463,0.685262,0.59,1,873555,873106,449
62944181,36.7063,34.0466,452,21562,0.673052,0.61,1,873590,873138,452
62947101,68.9413,68.4093,452,21660,0.68661,0.61,1,873667,873215,452
62950021,15.3883,15.2819,452,21758,0.657322,0.67,1,873669,873217,452
62952941,78.2777,77.4564,453,21855,0.699464,0.65,1,873763,873310,453
62955861,131.656,132.291,452,21952,0.787893,0.67,2,873908,873456,452
62958781,79.1311,77.6583,454,22049,0.837579,0.69,2,873974,873520,454
62961701,43.8262,43.5316,454,22145,0.863516,0.67,2,874009,873555,454
62964621,37.5652,36.7063,455,22241,0.884703,0.69,2,874045,873590,455
63066821,35,47,492,25363,0.57,1,1,876338,875846,492
63069741,31.8,40.6,484,25447,0.554,1,1,876369,875885,484
63072661,25.56,8.12,508,25530,0.5348,1,1,876393,875885,508
63075581,28.312,23.224,510,25613,0.51496,1,1,876422,875912,510
63078501,80.8624,41.4448,558,25696,0.494992,1,1,876516,875958,558
63081421,42.5725,73.889,509,25778,0.570998,1,1,876549,876040,509
63084341,48.5145,46.7778,519,25860,0.6022,0.83,1,876599,876080,519
63087261,136.903,49.3556,628,25942,0.62444,0.65,1,876758,876130,628
63090181,52.1806,148.271,486,26024,0.612888,0.57,1,876789,876303,486
63093101,30.4361,57.6542,476,26105,0.594578,0.55,1,876814,876338,476
63096021,25.2872,36.3308,469,26186,0.622916,0.53,1,876838,876369,469
63098941,25.0574,26.4662,470,26267,0.612583,0.51,1,876863,876393,470
63101861,85.0115,28.4932,541,26348,0.658517,0.49,1,876963,876422,541
63104781,44.2023,80.8987,481,26428,0.683703,0.59,1,876997,876516,481
63107701,51.2405,42.5797,501,26508,0.688741,0.61,1,877050,876549,501
63110621,138.248,48.5159,611,26588,0.769748,0.63,2,877210,876599,611
63113541,51.6496,136.903,482,26668,0.80195,0.61,2,877240,876758,482
63116461,31.1299,52.1806,477,26747,0.80839,0.59,2,877266,876789,477
63119381,25.426,30.4361,476,26826,0.809678,0.63,2,877290,876814,476
63122301,25.8852,25.2872,478,26905,0.809936,0.61,2,877316,876838,478
63125221,6.77704,25.0574,455,26984,0.825987,0.67,2,877318,876863,455
63128141,79.7554,85.0115,453,27062,0.829197,0.69,2,877416,876963,453
63131061,46.3511,44.2023,457,27140,0.845839,0.69,2,877454,876997,457
63133981,50.8702,51.2405,456,27218,0.865168,0.79,2,877506,877050,456
63136901,142.174,138.248,461,27296,0.885034,0.81,2,877671,877210,461
63139821,53.2348,51.6496,462,27374,0.921007,0.81,2,877702,877240,462
63142741,31.447,31.1299,462,27451,0.928201,0.81,2,877728,877266,462
63277061,77,79,483,30797,0.49,1,1,880105,879622,483
63279981,54.6,44.6,496,30866,0.362,1,1,880154,879658,496
63282901,26.12,29.72,489,30935,0.2884,1,1,880173,879684,489
63285821,30.024,29.944,490,31003,0.24168,1,1,880204,879714,490
63288741,30.8048,34.7888,485,31071,0.120336,1,1,880235,879750,485
63291661,31.761,33.3578,484,31139,0.0800672,0.92,1,880267,879783,484
63294581,33.5522,40.2716,476,31207,0.0400134,0.99,1,880301,879825,476
63297501,29.1104,36.0543,469,31275,0.00800269,0.91,1,880329,879860,469
63300421,33.8221,37.6109,466,31343,0.00960054,0.91,1,880364,879898,466
63303341,98.7644,7.52217,581,31411,0.0259201,0.69,1,880479,879898,581
63306261,77.3529,105.504,523,31478,0.077184,0.49,1,880551,880028,523
63309181,47.4706,82.7009,486,31545,0.0714368,0.33,1,880591,880105,486
63312101,22.2941,55.7402,453,31612,0.118287,0.27,1,880607,880154,453
63315021,25.2588,26.348,460,31679,0.159657,0.23,1,880633,880173,460
63317941,25.8518,30.0696,455,31746,0.0719315,0.09,1,880659,880204,455
63320861,29.1704,30.8139,454,31813,0.118386,0.07,1,880689,880235,454
63323781,32.2341,31.7628,455,31880,0.127677,0.03,1,880722,880267,455
63326701,29.6468,33.5526,450,31946,0.0815355,0,1,880751,880301,450
63329621,33.1294,29.1105,456,32012,0.0163071,0.01,1,880785,880329,456
63332541,99.4259,33.8221,537,32078,0.0592614,0.03,1,880901,880364,537
63335461,79.8852,98.7644,497,32144,0.0678523,0.09,1,880976,880479,497
63338381,49.577,77.3529,467,32210,0.0855705,0.07,1,881018,880551,467
63341301,22.7154,47.4706,443,32276,0.137114,0.13,1,881034,880591,443
63344221,25.3431,22.2941,453,32342,0.147423,0.17,1,881060,880607,453
63347141,24.2686,25.2588,451,32407,0.165485,0.05,1,881084,880633,451
63350061,31.2537,25.8518,458,32472,0.185097,0.13,1,881117,880659,458
63352981,30.2507,29.1704,458,32537,0.157019,0.13,1,881147,880689,458
63355901,28.4501,32.2341,453,32602,0.167404,0.07,1,881175,880722,453
63358821,30.49,29.6468,455,32667,0.169481,0,1,881206,880751,455
63361741,101.298,33.1294,540,32732,0.0898962,0.07,1,881325,880785,540
63364661,21.8596,99.4259,426,32797,0.0739792,0.07,1,881327,880901,426
63367581,65.1719,79.8852,427,32861,0.0867958,0.09,1,881403,880976,427
63370501,48.2344,49.577,429,32925,0.121359,0.15,1,881447,881018,429
63373421,22.4469,22.7154,429,32989,0.112272,0.15,1,881463,881034,429
63376341,25.2894,25.3431,429,33053,0.126454,0.17,1,881489,881060,429
63379261,25.0579,24.2686,430,33117,0.177291,0.19,1,881514,881084,430
63382181,30.6116,31.2537,429,33181,0.203458,0.15,1,881546,881117,429
63385101,30.9223,30.2507,430,33245,0.192692,0.17,1,881577,881147,430
63388021,29.3845,28.4501,431,33309,0.190538,0.17,1,881606,881175,431
63390941,28.2769,30.49,428,33372,0.238108,0.07,1,881634,881206,428
63393861,99.2554,101.298,426,33435,0.135622,0.07,1,881751,881325,426
63396781,21.4511,21.8596,426,33498,0.115124,0.09,1,881753,881327,426
63399701,65.0902,65.1719,426,33561,0.143025,0.13,1,881829,881403,426
63402621,49.018,48.2344,427,33624,0.164605,0.11,1,881874,881447,427
63405541,23.4036,22.4469,428,33687,0.152921,0.13,1,881891,881463,428
63408461,25.4807,25.2894,428,33750,0.198584,0.19,1,881917,881489,428
63411381,25.8961,25.0579,429,33813,0.175717,0.21,1,881943,881514,429
63414301,31.5792,30.6116,430,33876,0.219143,0.19,1,881976,881546,430
63417221,31.1158,30.9223,430,33938,0.259829,0.19,1,882007,881577,430
63420141,30.2232,29.3845,431,34000,0.267966,0.25,1,882037,881606,431
63423061,29.2446,28.2769,432,34062,0.301593,0.11,1,882066,881634,432
63425981,95.4489,99.2554,427,34124,0.292319,0.11,1,882178,881751,427
63428901,20.6898,21.4511,427,34186,0.290464,0.15,1,882180,881753,427
63431821,64.938,65.0902,427,34248,0.338093,0.15,1,882256,881829,427
63434741,48.9876,13.018,472,34310,0.331619,0.17,1,882301,881829,472
63437661,24.1975,38.6036,445,34372,0.330324,0.15,1,882319,881874,445
63440581,26.4395,21.3207,455,34434,0.346065,0.21,1,882346,881891,455
63443501,26.0879,25.0641,455,34495,0.381213,0.17,1,882372,881917,455
63446421,34.0176,25.8128,465,34556,0.436243,0.23,1,882408,881943,465
63449341,33.2035,31.5626,465,34617,0.479248,0.27,1,882441,881976,465
63452261,30.6407,31.1125,464,34678,0.50385,0.27,1,882471,882007,464
63455181,30.1281,30.2225,464,34739,0.52477,0.31,1,882501,882037,464
63458101,95.6256,29.2445,547,34800,0.544954,0.29,1,882613,882066,547
63461021,20.7251,95.4489,437,34861,0.548991,0.29,1,882615,882178,437
63463941,65.745,20.6898,512,34922,0.549798,0.35,1,882692,882180,512
63466861,49.949,64.938,482,34983,0.54996,0.33,1,882738,882256,482
63469781,24.3898,48.9876,455,35043,0.581992,0.33,1,882756,882301,455
63472701,28.878,24.1975,467,35103,0.588398,0.35,1,882786,882319,467
63475621,26.5756,26.4395,466,35163,0.63768,0.39,1,882812,882346,466
63478541,37.3151,26.0879,480,35223,0.647536,0.45,1,882852,882372,480
63481461,34.663,34.0176,478,35283,0.681507,0.49,1,882886,882408,478
63484381,32.5326,33.2035,477,35343,0.656301,0.51,1,882918,882441,477
63487301,30.5065,30.6407,477,35403,0.65126,0.53,1,882948,882471,477
63490221,96.5013,30.1281,560,35463,0.698252,0.55,1,883061,882501,560
63493141,20.9003,95.6256,450,35523,0.70765,0.55,1,883063,882613,450
63496061,65.7801,20.7251,525,35583,0.72553,0.55,1,883140,882615,525
63498981,49.956,65.745,494,35642,0.745106,0.55,1,883186,882692,494
63501901,11.5912,49.949,450,35701,0.749021,0.59,1,883188,882738,450
63504821,17.5182,24.3898,451,35760,0.813804,0.59,2,883207,882756,451
63507741,29.1036,28.878,453,35819,0.794761,0.65,2,883239,882786,453
63510661,27.4207,26.5756,454,35878,0.822952,0.65,2,883266,882812,454
63513581,37.4841,37.3151,454,35937,0.82859,0.69,2,883306,882852,454
63516501,36.2968,34.663,456,35996,0.797718,0.65,2,883342,882886,456
63519421,31.2594,32.5326,454,36055,0.807544,0.65,2,883372,882918,454
63522341,30.2519,30.5065,454,36114,0.777509,0.71,2,883402,882948,454
63525261,98.8504,96.5013,457,36173,0.851502,0.71,2,883518,883061,457
63528181,21.3701,20.9003,457,36231,0.8663,0.73,2,883520,883063,457
63531101,66.674,65.7801,458,36289,0.90126,0.75,2,883598,883140,458
63534021,51.7348,49.956,460,36347,0.876252,0.75,2,883646,883186,460
63536941,11.947,11.5912,460,36405,0.87125,0.83,2,883648,883188,460
63539861,18.3894,17.5182,461,36463,0.90225,0.79,2,883668,883207,461
63542781,29.2779,29.1036,461,36521,0.94045,0.83,2,883700,883239,461
63668341,98,118,474,38931,0.59,1,1,885394,884920,474
63671261,50.8,46.8,484,38985,0.542,1,1,885433,884949,484
63674181,49.36,46.96,486,39039,0.4204,1,1,885482,884996,486
63677101,56.272,54.192,488,39093,0.36408,0.95,1,885540,885052,488
63680021,34.4544,30.0384,493,39147,0.320816,1,1,885569,885076,493
63682941,26.0909,25.2077,493,39201,0.248163,1,1,885593,885100,493
63685861,21.2182,22.6415,491,39255,0.265633,1,1,885613,885122,491
63688781,13.0436,21.3283,481,39309,0.301127,1,1,885624,885143,481
63691701,25.8087,27.4657,481,39363,0.292225,0.94,1,885653,885172,481
63694621,25.1617,28.6931,477,39417,0.290445,1,1,885678,885201,477
63697541,14.6323,24.1386,466,39471,0.386089,0.93,1,885690,885224,466
63700461,29.3265,33.6277,463,39525,0.389218,0.83,1,885723,885260,463
63703381,32.2653,35.5255,460,39578,0.357844,0.59,1,885756,885296,460
63706301,76.8531,85.5051,450,39631,0.399569,0.53,1,885844,885394,450
63709221,43.3706,48.301,446,39684,0.407914,0.39,1,885879,885433,446
63712141,41.4741,48.8602,438,39737,0.441583,0.35,1,885920,885482,438
63715061,53.8948,56.172,437,39790,0.512317,0.31,1,885977,885540,437
63717981,33.979,34.4344,437,39843,0.494463,0.23,1,886006,885569,437
63720901,25.1958,26.0869,436,39896,0.506893,0.27,1,886029,885593,436
63723821,21.0392,21.2174,436,39949,0.509378,0.31,1,886049,885613,436
63726741,12.2078,13.0435,435,40002,0.477876,0.29,1,886059,885624,435
63729661,24.8416,25.8087,434,40055,0.471575,0.29,1,886087,885653,434
63732581,28.9683,25.1617,439,40108,0.486315,0.29,1,886117,885678,439
63735501,13.7937,5.03235,449,40161,0.457263,0.41,1,886127,885678,449
63738421,30.7587,10.6065,472,40214,0.467453,0.39,1,886162,885690,472
63741341,32.5517,28.5213,472,40267,0.469491,0.35,1,886195,885723,472
63744261,77.7104,32.1043,528,40319,0.517898,0.41,1,886284,885756,528
63747181,44.3421,76.8209,476,40371,0.57558,0.41,1,886320,885844,476
63750101,42.4684,43.3642,483,40423,0.619116,0.45,1,886362,885879,483
63753021,55.6937,41.4728,501,40475,0.627823,0.53,1,886421,885920,501
63755941,35.1387,53.8946,474,40527,0.645565,0.49,1,886451,885977,474
63758861,24.6277,33.9789,467,40579,0.649113,0.51,1,886473,886006,467
63761781,20.9255,25.1958,464,40631,0.665823,0.51,1,886493,886029,464
63764701,12.1851,21.0392,454,40683,0.669164,0.47,1,886503,886049,454
63767621,25.637,12.2078,473,40735,0.653833,0.47,1,886532,886059,473
63770541,27.5274,24.8416,473,40787,0.650767,0.49,1,886560,886087,473
63773461,13.5055,28.9683,453,40839,0.650153,0.45,1,886570,886117,453
63776381,29.9011,13.7937,477,40891,0.666031,0.47,1,886604,886127,477
63779301,35.5802,30.7587,479,40943,0.669206,0.47,1,886641,886162,479
63782221,80.716,32.5517,538,40995,0.765841,0.53,2,886733,886195,538
63785141,45.7432,77.7104,486,41046,0.769168,0.59,2,886770,886284,486
63788061,44.3486,44.3421,494,41097,0.801834,0.63,2,886814,886320,494
63790981,56.8697,42.4684,512,41148,0.824367,0.63,2,886874,886362,512
63793901,35.3739,55.6937,483,41199,0.844873,0.65,2,886904,886421,483
63796821,25.4748,35.1387,476,41250,0.832975,0.65,2,886927,886451,476
63799741,21.095,24.6277,474,41301,0.878595,0.67,2,886947,886473,474
63802661,12.219,20.9255,464,41352,0.887719,0.67,2,886957,886493,464
63805581,24.8438,12.1851,482,41403,0.889544,0.65,2,886985,886503,482
63808501,27.3688,25.637,481,41454,0.889909,0.65,2,887013,886532,481
63811421,13.4738,27.5274,463,41505,0.905982,0.65,2,887023,886560,463
63814341,4.29475,13.5055,455,41556,0.909196,0.67,2,887025,886570,455
63817261,28.059,29.9011,455,41607,0.909839,0.67,2,887059,886604,455
64066921,485,543,454,20440,0.05,0.41,1,889973,889519,454
64069841,160.2,160.6,468,20544,0.018,0.17,1,890052,889584,468
64072761,107.24,111.32,463,20647,0.0596,0.03,1,890146,889683,463
64075681,90.248,86.264,469,20750,0.03592,0.03,1,890232,889763,469
64078601,74.0496,85.2528,454,20852,0.015184,0.13,1,890302,889848,454
64081521,53.2099,65.0506,442,20954,0.139037,0.03,1,890350,889908,442
64084441,27.442,45.0101,423,21055,0.0838074,0.07,1,890371,889948,423
64087361,24.6884,20.202,433,21156,0.104761,0.01,1,890395,889962,433
64090281,68.9377,76.0404,423,21256,0.0609523,0.07,1,890475,890052,423
64093201,88.1875,90.4081,422,21356,0.0681905,0.03,1,890568,890146,422
64096121,86.4375,86.8816,422,21455,0.0536381,0.01,1,890654,890232,422
64099041,74.0875,73.3763,423,21554,0.0107276,0.17,1,890725,890302,423
64101961,55.6175,53.0753,426,21652,0.0101455,0.07,1,890776,890350,426
64104881,27.1235,27.4151,425,21750,0.0260291,0.11,1,890796,890371,425
64107801,25.4247,24.683,426,21848,0.0452058,0.05,1,890821,890395,426
64110721,69.8849,68.9366,427,21945,0.0810412,0.07,1,890902,890475,427
64113641,85.177,88.1873,423,22042,0.104208,0.05,1,890991,890568,423
64116561,85.0354,86.4375,422,22138,0.0608416,0,1,891076,890654,422
64119481,73.8071,74.0875,422,22234,0.0121683,0.01,1,891147,890725,422
64122401,55.5614,55.6175,422,22329,0.0424337,0.03,1,891198,890776,422
64125321,27.9123,27.1235,423,22424,0.0484867,0.05,1,891219,890796,423
64128241,24.7825,25.4247,422,22519,0.0336973,0.05,1,891243,890821,422
64131161,70.5565,5.08494,504,22613,0.0467395,0.09,1,891325,890821,504
64134081,86.1113,65.817,513,22707,0.0813479,0.11,1,891415,890902,513
64137001,83.6223,84.3634,507,22800,0.0402696,0.05,1,891498,890991,507
64139921,72.7245,84.8727,492,22893,0.0480539,0,1,891568,891076,492
64142841,55.3449,73.7745,472,22986,0.0336108,0.05,1,891619,891147,472
64145761,27.869,55.5549,442,23078,0.0467222,0.05,1,891640,891198,442
64148681,25.5738,27.911,446,23170,0.0653444,0.03,1,891665,891219,446
64151601,71.5148,24.7822,505,23261,0.133069,0.05,1,891748,891243,505
64154521,87.9029,70.5564,515,23352,0.162614,0.09,1,891840,891325,515
64157441,80.7806,86.1113,504,23443,0.200523,0.03,1,891919,891415,504
64160361,72.1561,83.6223,491,23533,0.160105,0.05,1,891989,891498,491
64163281,56.0312,72.7245,473,23623,0.0720209,0.03,1,892041,891568,473
64166201,28.8062,55.3449,444,23713,0.0704042,0.05,1,892063,891619,444
64169121,26.5612,27.869,449,23802,0.0860808,0.07,1,892089,891640,449
64172041,74.9122,25.5738,511,23891,0.153216,0.15,1,892176,891665,511
64174961,90.1825,71.5148,522,23980,0.230643,0.17,1,892270,891748,522
64177881,19.6365,87.9029,432,24068,0.278129,0.21,1,892272,891840,432
64180801,63.9273,80.7806,428,24156,0.287626,0.15,1,892347,891919,428
64183721,67.9855,72.1561,427,24244,0.321525,0.05,1,892416,891989,427
64186641,53.5971,56.0312,425,24331,0.360305,0.07,1,892466,892041,425
64189561,28.3194,28.8062,425,24418,0.368061,0.09,1,892488,892063,425
64192481,27.2639,26.5612,426,24505,0.353612,0.17,1,892515,892089,426
64195401,78.2528,74.9122,430,24591,0.382722,0.25,1,892606,892176,430
64198321,95.6506,90.1825,436,24677,0.372544,0.29,1,892706,892270,436
64201241,20.7301,19.6365,436,24763,0.370509,0.29,1,892708,892272,436
64204161,64.146,63.9273,436,24849,0.418102,0.33,1,892783,892347,436
64207081,68.0292,67.9855,436,24934,0.45962,0.37,1,892852,892416,436
64210001,56.8058,53.5971,440,25019,0.419924,0.37,1,892906,892466,440
64212921,28.9612,28.3194,440,25104,0.443985,0.35,1,892928,892488,440
64215841,26.5922,27.2639,439,25188,0.432797,0.39,1,892954,892515,439
64218761,79.7184,78.2528,441,25272,0.414559,0.37,1,893047,892606,441
64221681,95.1437,95.6506,440,25356,0.442912,0.37,1,893146,892706,440
64224601,20.6287,20.7301,440,25440,0.448582,0.37,1,893148,892708,440
64227521,65.7257,4.14602,517,25523,0.465716,0.43,1,893225,892708,517
64230441,68.3451,60.8292,511,25606,0.501143,0.47,1,893294,892783,511
64233361,56.069,67.3658,495,25689,0.508229,0.41,1,893347,892852,495
64236281,28.8138,56.6732,463,25771,0.509646,0.45,1,893369,892906,463
64239201,27.3628,28.9346,468,25853,0.509929,0.43,1,893396,892928,468
64242121,79.0726,26.5869,534,25935,0.557986,0.41,1,893488,892954,534
64245041,96.6145,79.7174,542,26017,0.599597,0.45,1,893589,893047,542
64247961,20.9229,95.1435,445,26098,0.607919,0.45,1,893591,893146,445
64250881,66.5846,20.6287,521,26179,0.673584,0.47,1,893669,893148,521
64253801,70.1169,65.7257,515,26260,0.718717,0.51,1,893740,893225,515
64256721,56.4234,68.3451,499,26341,0.759743,0.51,2,893793,893294,499
64259641,29.6847,56.069,469,26421,0.751949,0.51,2,893816,893347,469
64262561,26.7369,28.8138,473,26501,0.78239,0.51,2,893842,893369,473
64265481,81.3474,27.3628,541,26581,0.852478,0.57,2,893937,893396,541
64268401,98.6695,79.0726,552,26661,0.914496,0.61,2,894040,893488,552
64271321,21.3339,96.6145,453,26740,0.926899,0.61,2,894042,893589,453
64472801,61,54,530,31743,0.41,1,1,897583,897053,530
64475721,42.6,54,514,31810,0.378,1,1,897621,897107,514
64478641,51.72,50,519,31877,0.2916,1,1,897675,897156,519
64481561,25.544,36.4,505,31943,0.24232,0.94,1,897694,897189,505
64484481,34.7088,24.88,520,32009,0.184464,1,1,897731,897211,520
64487401,33.3418,35.376,515,32075,0.140893,1,1,897764,897249,515
64490321,61.0684,36.6752,546,32141,0.0281786,0.99,1,897832,897286,546
64493241,43.4137,68.935,508,32207,0.00563571,0.97,1,897871,897363,508
64496161,61.4827,44.187,536,32273,0.0251271,0.77,1,897937,897401,536
64499081,45.0965,67.2374,504,32339,0.0610254,0.75,1,897978,897474,504
64502001,45.8193,51.8475,502,32404,0.0362051,0.41,1,898024,897522,502
64504921,38.7639,59.1695,478,32469,0.063241,0.37,1,898061,897583,478
64507841,45.3528,42.2339,487,32534,0.100648,0.27,1,898108,897621,487
64510761,22.6706,51.6468,450,32599,0.15613,0.23,1,898125,897675,450
64513681,29.3341,25.5294,462,32664,0.135226,0.17,1,898156,897694,462
64516601,30.6668,34.7059,456,32729,0.163045,0.13,1,898187,897731,456
64519521,7.73336,33.3412,425,32794,0.168609,0,1,898189,897764,425
64522441,53.5467,61.0682,422,32858,0.137722,0,1,898254,897832,422
64525361,44.3093,43.4136,425,32922,0.147544,0.03,1,898296,897871,425
64528281,59.2619,61.4827,422,32986,0.101509,0.07,1,898359,897937,422
64531201,47.0524,45.0965,425,33050,0.0443018,0.03,1,898403,897978,425
64534121,44.6105,45.8193,423,33114,0.0488604,0.07,1,898447,898024,423
64537041,38.5221,38.7639,423,33178,0.0337721,0.11,1,898484,898061,423
64539961,50.1044,45.3528,429,33242,0.0147544,0.17,1,898537,898108,429
64542881,23.6209,22.6706,429,33306,0.0269509,0.13,1,898554,898125,429
64545801,30.3242,29.3341,430,33370,0.0293902,0.17,1,898586,898156,430
64548721,32.4648,30.6668,432,33433,0.093878,0.17,1,898619,898187,432
64551641,8.09297,7.73336,432,33496,0.0747756,0.13,1,898621,898189,432
64554561,50.4186,53.5467,428,33559,0.102955,0.15,1,898682,898254,428
64557481,41.2837,44.3093,425,33622,0.140591,0.09,1,898721,898296,425
64560401,56.2567,59.2619,422,33685,0.148118,0.03,1,898781,898359,422
64563321,49.6513,47.0524,426,33748,0.117624,0.05,1,898829,898403,426
64566241,43.5303,44.6105,424,33811,0.127525,0.03,1,898871,898447,424
64569161,38.3061,38.5221,424,33874,0.177505,0.01,1,898908,898484,424
64572081,48.4612,50.1044,422,33936,0.203501,0.03,1,898959,898537,422
64575001,23.2922,23.6209,422,33998,0.1607,0.03,1,898976,898554,422
64577921,31.0584,30.3242,423,34060,0.10414,0.11,1,899009,898586,423
64580841,34.2117,32.4648,425,34122,0.140828,0.07,1,899044,898619,425
64583761,8.44234,8.09297,425,34184,0.116166,0.11,1,899046,898621,425
64586681,52.0885,50.4186,427,34246,0.159233,0.11,1,899109,898682,427
64589601,40.8177,10.0837,465,34308,0.151847,0.15,1,899147,898682,465
64592521,56.1635,33.2167,486,34370,0.150369,0.15,1,899207,898721,486
64595441,49.6327,54.6433,474,34432,0.134074,0.11,1,899255,898781,474
64598361,44.3265,49.3287,469,34493,0.146815,0.13,1,899298,898829,469
64601281,40.8653,43.4657,467,34554,0.165363,0.19,1,899338,898871,467
64604201,46.5731,38.2931,478,34615,0.169073,0.21,1,899386,898908,478
64607121,22.1146,48.4586,443,34676,0.185815,0.15,1,899402,898959,443
64610041,30.8229,23.2917,459,34737,0.205163,0.09,1,899435,898976,459
64612961,34.9646,31.0583,462,34798,0.241033,0.15,1,899471,899009,462
64615881,8.59292,34.2117,429,34859,0.280207,0.11,1,899473,899044,429
64618801,52.1186,8.44233,490,34920,0.272041,0.17,1,899536,899046,490
64621721,41.6237,52.0885,466,34981,0.302408,0.15,1,899575,899109,466
64624641,56.3247,40.8177,488,35041,0.372482,0.15,1,899635,899147,488
64627561,48.865,56.1635,475,35101,0.402496,0.13,1,899682,899207,475
64630481,44.973,49.6327,471,35161,0.408499,0.15,1,899726,899255,471
64633401,41.7946,44.3265,469,35221,0.4097,0.17,1,899767,899298,469
64636321,47.5589,40.8653,478,35281,0.45794,0.17,1,899816,899338,478
64639241,22.3118,46.5731,446,35341,0.467588,0.19,1,899832,899386,446
64642161,32.4624,22.1146,465,35401,0.469518,0.21,1,899867,899402,465
64645081,37.6925,30.8229,471,35461,0.501903,0.25,1,899906,899435,471
64648001,9.13849,34.9646,437,35521,0.508381,0.29,1,899908,899471,437
64650921,52.2277,8.59292,498,35581,0.589676,0.27,1,899971,899473,498
64653841,44.0455,52.1186,477,35640,0.605935,0.31,1,900013,899536,477
64656761,10.4091,41.6237,440,35699,0.609187,0.39,1,900015,899575,440
64659681,50.8818,56.3247,441,35758,0.641837,0.41,1,900076,899635,441
64662601,48.5764,48.865,442,35817,0.648367,0.41,1,900124,899682,442
64665521,44.9153,44.973,442,35876,0.665673,0.41,1,900168,899726,442
64668441,42.5831,41.7946,443,35935,0.669135,0.47,1,900210,899767,443
64671361,49.3166,47.5589,445,35994,0.653827,0.47,1,900261,899816,445
64674281,22.6633,22.3118,445,36053,0.666765,0.47,1,900277,899832,445
64677201,33.3327,32.4624,446,36112,0.701353,0.51,1,900313,899867,446
64680121,39.4665,37.6925,448,36171,0.692271,0.51,1,900354,899906,448
64683041,9.49331,9.13849,448,36229,0.690454,0.61,1,900356,899908,448
64685961,55.4987,52.2277,452,36287,0.706091,0.61,1,900423,899971,452
64688881,44.6997,44.0455,452,36345,0.741218,0.61,1,900465,900013,452
64691801,10.5399,10.4091,452,36403,0.748244,0.65,1,900467,900015,452
64694721,52.508,50.8818,454,36461,0.797649,0.65,2,900530,900076,454
64697641,48.9016,48.5764,454,36519,0.80753,0.67,2,900578,900124,454
64700561,45.7803,44.9153,455,36577,0.793506,0.67,2,900623,900168,455
64703481,42.7561,42.5831,455,36635,0.822701,0.65,2,900665,900210,455
64706401,48.5512,49.3166,454,36693,0.81254,0.67,2,900715,900261,454
64709321,23.3102,22.6633,455,36751,0.842508,0.71,2,900732,900277,455
64712241,33.462,33.3327,455,36809,0.896502,0.69,2,900768,900313,455
64715161,38.6924,39.4665,454,36866,0.8753,0.69,2,900808,900354,454
64718081,9.33848,9.49331,454,36923,0.90306,0.71,2,900810,900356,454
64721001,57.8677,55.4987,457,36980,0.876612,0.75,2,900880,900423,457
64732681,49,0,509,37208,0.95,0.81,2,901039,900530,509
64869921,34,41,476,39789,0.69,1,1,902817,902341,476
64872841,36.4,27.4,489,39842,0.466,1,1,902854,902365,489
64875761,36.88,38.28,485,39895,0.3732,1,1,902891,902406,485
64878681,54.576,57.256,482,39948,0.27464,1,1,902950,902468,482
64881601,46.1152,40.2512,490,40001,0.142928,1,1,902994,902504,490
64884521,38.023,35.2502,492,40054,0.0685856,1,1,903030,902538,492
64887441,34.0046,34.25,491,40107,0.0537171,1,1,903063,902572,491
64890361,22.8009,6.85001,511,40160,0.0827434,1,1,903083,902572,511
64893281,21.3602,25.37,502,40213,0.0165487,1,1,903104,902602,502
64896201,38.672,25.074,520,40266,0.0593097,1,1,903147,902627,520
64899121,27.7344,43.4148,497,40318,0.0678619,0.99,1,903172,902675,497
64902041,27.1469,32.683,494,40370,0.0535724,0.87,1,903199,902705,494
64904961,36.6294,28.9366,505,40422,0.0187145,0.75,1,903238,902733,505
64907881,31.3259,45.7873,485,40474,0.0437429,0.69,1,903268,902783,485
64910801,27.8652,36.3575,478,40526,0.0327486,0.41,1,903295,902817,478
64913721,29.573,36.8715,471,40578,0.0785497,0.35,1,903325,902854,471
64916641,48.3146,36.9743,487,40630,0.11971,0.25,1,903378,902891,487
64919561,40.8629,54.5949,467,40682,0.063942,0.11,1,903417,902950,467
64922481,35.3726,46.119,457,40734,0.0687884,0.05,1,903451,902994,457
64925401,35.0745,38.0238,456,40786,0.0377577,0.05,1,903486,903030,456
64928321,21.4149,34.0048,441,40838,0.0315515,0.09,1,903504,903063,441
64931241,21.083,22.801,442,40890,0.0143103,0,1,903525,903083,442
64934161,41.8166,21.3602,468,40942,0.0588621,0.07,1,903572,903104,468
64937081,25.1633,38.672,446,40994,0.0837724,0.07,1,903593,903147,446
64940001,28.2327,27.7344,450,41045,0.0247545,0.05,1,903622,903172,450
64942921,36.0465,27.1469,461,41096,0.0449509,0.01,1,903660,903199,461
64945841,31.2093,36.6294,452,41147,0.0649902,0.05,1,903690,903238,452
64948761,28.6419,31.3259,450,41198,0.068998,0.03,1,903718,903268,450
64951681,29.7284,27.8652,453,41249,0.0377996,0.09,1,903748,903295,453
64954601,51.5457,29.573,480,41300,0.0315599,0.13,1,903805,903325,480
64957521,39.1091,48.3146,463,41351,0.046312,0.05,1,903841,903378,463
64960441,35.0218,40.8629,458,41402,0.0812624,0.07,1,903875,903417,458
64963361,32.6044,35.3726,456,41453,0.104252,0.03,1,903907,903451,456
64966281,24.1209,35.0745,443,41504,0.14085,0.03,1,903929,903486,443
64969201,6.42417,21.4149,427,41555,0.11617,0.01,1,903931,903504,427
64972121,14.0848,21.083,422,41606,0.111234,0.07,1,903947,903525,422
64975041,42.817,41.8166,425,41657,0.0942468,0.09,1,903997,903572,425
64977961,26.1634,25.1633,426,41708,0.0908494,0.01,1,904019,903593,426
64980881,26.0327,28.2327,423,41759,0.0581699,0.05,1,904045,903622,423
64983801,38.8065,36.0465,427,41810,0.035634,0.07,1,904087,903660,427
64986721,30.1613,31.2093,425,41860,0.0631268,0.07,1,904115,903690,425
64989641,26.8323,28.6419,423,41910,0.0366254,0.03,1,904141,903718,423
64992561,29.3665,29.7284,423,41960,0.0313251,0.03,1,904171,903748,423
64995481,51.4733,51.5457,423,42010,0.062265,0.05,1,904228,903805,423
64998401,41.4947,39.1091,426,42060,0.084453,0.09,1,904267,903841,426
65001321,36.2989,35.0218,427,42110,0.136891,0.11,1,904302,903875,427
65004241,34.4598,32.6044,429,42160,0.163378,0.15,1,904336,903907,429
65007161,22.892,24.1209,427,42210,0.216676,0.11,1,904356,903929,427
65010081,6.17839,6.42417,427,42260,0.227335,0.11,1,904358,903931,427
65013001,12.4357,14.0848,425,42310,0.229467,0.09,1,904372,903947,425
65015921,41.6871,42.817,424,42360,0.229893,0.09,1,904421,903997,424
65018841,25.9374,26.1634,424,42410,0.197979,0.05,1,904443,904019,424
65021761,24.3875,26.0327,422,42460,0.207596,0.03,1,904467,904045,422
65024681,39.2775,38.8065,423,42510,0.225519,0.07,1,904510,904087,423
65027601,30.2555,30.1613,423,42560,0.293104,0.03,1,904538,904115,423
65030521,26.8511,26.8323,423,42610,0.290621,0.03,1,904564,904141,423
65033441,29.3702,29.3665,423,42660,0.306124,0.07,1,904594,904171,423
65036361,53.074,51.4733,425,42709,0.357225,0.09,1,904653,904228,425
65039281,42.6148,41.4947,426,42758,0.431445,0.15,1,904693,904267,426
65042201,37.323,36.2989,427,42807,0.414289,0.17,1,904729,904302,427
65045121,37.8646,34.4598,431,42856,0.426858,0.23,1,904767,904336,431
65048041,23.5729,22.892,431,42905,0.397372,0.23,1,904787,904356,431
65050961,6.31458,6.17839,431,42954,0.423474,0.23,1,904789,904358,431
65053881,12.4629,12.4357,431,43003,0.444695,0.23,1,904803,904372,431
65056801,40.8926,2.48714,479,43052,0.432939,0.23,1,904851,904372,479
65059721,26.5785,39.6974,453,43101,0.414588,0.19,1,904874,904421,453
65062641,25.3157,25.5395,456,43150,0.426918,0.21,1,904899,904443,456
65065561,39.4631,24.3079,475,43199,0.413383,0.23,1,904942,904467,475
65068481,31.8926,39.2616,462,43248,0.378677,0.31,1,904972,904510,462
65071401,27.9785,30.2523,461,43297,0.387735,0.29,1,904999,904538,461
65074321,30.3957,26.8505,466,43346,0.373547,0.31,1,905030,904564,466
65077241,55.6791,29.3701,498,43395,0.370709,0.37,1,905092,904594,498
65080161,44.7358,53.074,481,43444,0.386142,0.45,1,905134,904653,481
65083081,36.1472,42.6148,475,43493,0.405228,0.41,1,905168,904693,475
65086001,38.4294,37.323,478,43542,0.409046,0.43,1,905207,904729,478
65088921,23.6859,37.8646,460,43590,0.441809,0.39,1,905227,904767,460
65091841,6.33718,23.5729,442,43638,0.448362,0.43,1,905229,904787,442
65094761,13.2674,6.31458,455,43686,0.465672,0.45,1,905244,904789,455
65097681,41.8535,12.4629,490,43734,0.469134,0.43,1,905293,904803,490
65100601,25.9707,40.8926,464,43782,0.469827,0.41,1,905315,904851,464
65103521,25.9941,26.5785,467,43830,0.501965,0.43,1,905341,904874,467
65106441,38.7988,25.3157,484,43878,0.540393,0.41,1,905383,904899,484
65109361,30.1598,39.4631,469,43926,0.548079,0.37,1,905411,904942,469
65112281,28.432,31.8926,467,43974,0.549616,0.39,1,905439,904972,467
65115201,29.6864,27.9785,470,44022,0.581923,0.37,1,905469,904999,470
65118121,55.5373,30.3957,501,44070,0.620385,0.37,1,905531,905030,501
65121041,45.5075,55.6791,482,44118,0.612077,0.39,1,905574,905092,482
65123961,37.9015,44.7358,476,44166,0.610415,0.41,1,905610,905134,476
65126881,38.7803,36.1472,481,44214,0.626083,0.41,1,905649,905168,481
65129801,24.5561,38.4294,463,44262,0.613217,0.45,1,905670,905207,463
65132721,6.51121,23.6859,445,44310,0.610643,0.45,1,905672,905227,445
65135641,14.1022,6.33718,459,44358,0.610129,0.47,1,905688,905229,459
65138561,42.0204,13.2674,493,44406,0.658026,0.47,1,905737,905244,493
65141481,26.0041,41.8535,466,44454,0.667605,0.47,1,905759,905293,466
65144401,6.80082,25.9707,446,44501,0.685521,0.51,1,905761,905315,446
65147321,22.9602,25.9941,447,44548,0.705104,0.55,1,905788,905341,447
65150241,39.792,38.7988,449,44595,0.757021,0.55,2,905832,905383,449
65153161,30.3584,30.1598,449,44642,0.767404,0.55,2,905860,905411,449
65156081,29.2717,28.432,450,44689,0.753481,0.59,2,905889,905439,450
65159001,31.4543,29.6864,452,44736,0.750696,0.63,2,905921,905469,452
65161921,56.6909,55.5373,453,44783,0.766139,0.61,2,905984,905531,453
65164841,44.9382,45.5075,452,44830,0.769228,0.61,2,906026,905574,452
65167761,37.7876,37.9015,452,44877,0.785846,0.63,2,906062,905610,452
65170681,39.5575,38.7803,453,44924,0.789169,0.61,2,906102,905649,453
65173601,23.9115,24.5561,452,44971,0.821834,0.61,2,906122,905670,452
65176521,6.3823,6.51121,452,45018,0.828367,0.61,2,906124,905672,452
65179441,14.0765,14.1022,452,45065,0.813673,0.67,2,906140,905688,452
65182361,44.4153,42.0204,455,45112,0.890735,0.67,2,906192,905737,455
65185281,27.2831,26.0041,456,45159,0.890147,0.69,2,906215,905759,456
65188201,7.05661,6.80082,456,45206,0.890029,0.71,2,906217,905761,456
65191121,23.8113,22.9602,457,45253,0.938006,0.77,2,906245,905788,457
65415961,508,560,456,21900,0.01,0.61,1,908670,908214,456
65418881,163.2,159.2,474,21997,0.026,0.43,1,908747,908273,474
65421801,97.44,95.04,476,22093,0.0612,0.29,1,908828,908352,476
65424721,76.288,83.808,466,22189,0.05224,0.13,1,908899,908433,466
65427641,48.8576,69.5616,442,22285,0.010448,0.07,1,908941,908499,442
65430561,60.1715,55.5123,453,22380,0.0100896,0.05,1,909004,908551,453
65433481,50.4343,72.7025,424,22475,0.0420179,0.05,1,909052,908628,424
65436401,30.8869,22.5405,440,22569,0.0324036,0.01,1,909078,908638,440
65439321,78.9774,30.1081,499,22663,0.110481,0.03,1,909169,908670,499
65442241,82.1955,67.6216,505,22757,0.158096,0.07,1,909252,908747,505
65445161,72.4391,78.3243,494,22850,0.199619,0.05,1,909322,908828,494
65448081,46.4878,72.4649,463,22943,0.175924,0,1,909362,908899,463
65451001,59.6976,48.093,484,23035,0.171185,0.01,1,909425,908941,484
65453921,50.3395,60.0186,469,23127,0.186237,0.05,1,909473,909004,469
65456841,32.4679,50.4037,449,23219,0.205247,0.03,1,909501,909052,449
65459761,82.4936,30.8807,518,23310,0.145049,0.13,1,909596,909078,518
65462681,85.2987,78.9762,513,23401,0.22901,0.17,1,909682,909169,513
65465601,73.8597,82.1952,501,23492,0.277802,0.21,1,909753,909252,501
65468521,45.1719,72.439,469,23582,0.28756,0.17,1,909791,909322,469
65471441,59.4344,46.4878,492,23672,0.305512,0.17,1,909854,909362,492
65474361,51.0869,59.6976,478,23762,0.325102,0.19,1,909903,909425,478
65477281,34.2174,50.3395,460,23851,0.29702,0.21,1,909933,909473,460
65480201,78.8435,32.4679,522,23940,0.355404,0.13,1,910023,909501,522
65483121,17.3687,82.4936,429,24029,0.367081,0.25,1,910025,909596,429
65486041,77.8737,85.2987,436,24117,0.481416,0.29,1,910118,909682,436
65488961,72.3747,73.8597,436,24205,0.616283,0.29,1,910189,909753,436
65491881,44.8749,45.1719,436,24293,0.611257,0.31,1,910227,909791,436
65494801,60.175,59.4344,437,24380,0.626251,0.33,1,910291,909854,437
65497721,52.035,51.0869,438,24467,0.62925,0.29,1,910341,909903,438
65500641,34.407,34.2174,438,24554,0.62985,0.37,1,910371,909933,438
65503561,80.4814,78.8435,440,24640,0.67797,0.37,1,910463,910023,440
65506481,17.6963,17.3687,440,24726,0.687594,0.51,1,910465,910025,440
65509401,83.5393,77.8737,447,24812,0.753519,0.65,2,910565,910118,447
65512321,77.5078,72.3747,452,24897,0.766704,0.61,2,910641,910189,452
65515241,45.9016,44.8749,452,24982,0.769341,0.63,2,910679,910227,452
65518161,61.1803,60.175,453,25067,0.753868,0.63,2,910744,910291,453
65521081,52.2361,52.035,453,25152,0.782774,0.63,2,910794,910341,453
65524001,36.0472,34.407,455,25236,0.756555,0.69,2,910826,910371,455
65526921,81.6094,80.4814,456,25320,0.767311,0.69,2,910919,910463,456
65529841,17.9219,17.6963,456,25404,0.769462,0.77,2,910921,910465,456
65532761,86.7844,83.5393,460,25487,0.865892,0.77,2,911025,910565,460
65535681,77.3569,16.7079,535,25570,0.837178,0.77,2,911100,910565,535
65538601,45.8714,64.1416,497,25653,0.879436,0.77,2,911138,910641,497
65541521,60.3743,43.2283,523,25736,0.903887,0.75,2,911202,910679,523
65544441,52.0749,60.6457,508,25818,0.924777,0.79,2,911252,910744,508
65637881,51,30,496,28326,0.41,1,1,913045,912549,496
65640801,37.4,25.2,506,28401,0.346,1,1,913079,912573,506
65643721,33.88,5.04,539,28476,0.2372,1,1,913112,912573,539
65646641,45.976,49.008,528,28550,0.16744,1,1,913161,912633,528
65649561,33.1952,48.2016,510,28624,0.089488,1,1,913191,912681,510
65652481,83.439,36.0403,573,28698,0.0738976,1,1,913287,912714,573
65655401,35.0878,89.6081,493,28772,0.0707795,0.98,1,913310,912817,493
65658321,63.8176,39.5216,537,28846,0.0381559,0.75,1,913381,912844,537
65661241,59.1635,70.3043,517,28919,0.0956312,0.57,1,913439,912922,517
65664161,47.0327,71.6609,489,28992,0.0751262,0.41,1,913483,912994,489
65667081,32.6065,55.1322,467,29065,0.0710252,0.33,1,913512,913045,467
65670001,32.1213,38.2264,465,29138,0.054205,0.21,1,913544,913079,465
65672921,38.4243,34.0453,472,29211,0.050841,0.15,1,913584,913112,472
65675841,31.6849,46.0091,453,29283,0.0981682,0.07,1,913614,913161,453
65678761,81.537,33.2018,517,29355,0.0916336,0.07,1,913708,913191,517
65681681,36.3074,83.4404,446,29427,0.0743267,0.07,1,913733,913287,446
65684601,64.8615,35.0881,495,29499,0.0388653,0.03,1,913805,913310,495
65687521,60.9723,63.8176,484,29571,0.0797731,0.11,1,913865,913381,484
65690441,45.7945,59.1635,468,29643,0.0879546,0.07,1,913907,913439,468
65693361,32.3589,47.0327,453,29714,0.153591,0.07,1,913936,913483,453
65696281,31.2718,32.6065,455,29785,0.198718,0.05,1,913967,913512,455
65699201,7.85436,32.1213,425,29856,0.207744,0.05,1,913969,913544,425
65702121,32.7709,38.4243,424,29927,0.257549,0.11,1,914008,913584,424
65705041,34.5542,31.6849,429,29998,0.29951,0.09,1,914043,913614,429
65707961,78.1108,81.537,424,30069,0.323902,0.07,1,914132,913708,424
65710881,34.8222,36.3074,423,30139,0.36078,0.03,1,914156,913733,423
65713801,64.5644,64.8615,423,30209,0.336156,0.09,1,914228,913805,423
65716721,63.3129,60.9723,426,30279,0.331231,0.09,1,914291,913865,426
65719641,47.8626,45.7945,428,30349,0.330246,0.17,1,914335,913907,428
65722561,35.1725,32.3589,431,30419,0.378049,0.21,1,914367,913936,431
65725481,32.6345,31.2718,432,30489,0.38761,0.21,1,914399,913967,432
65728401,8.1269,7.85436,432,30558,0.389522,0.27,1,914401,913969,432
65731321,33.6254,32.7709,433,30627,0.453904,0.31,1,914441,914008,433
65734241,36.3251,34.5542,435,30696,0.498781,0.33,1,914478,914043,435
65737161,80.865,78.1108,438,30765,0.491756,0.37,1,914570,914132,438
65740081,35.373,34.8222,438,30834,0.506351,0.33,1,914594,914156,438
65743001,63.0746,64.5644,436,30903,0.55727,0.33,1,914664,914228,436
65745921,63.0149,63.3129,436,30971,0.519454,0.33,1,914727,914291,436
65748841,49.403,47.8626,438,31039,0.527891,0.39,1,914773,914335,438
65751761,37.8806,35.1725,441,31107,0.513578,0.39,1,914808,914367,441
65754681,33.1761,32.6345,441,31175,0.558716,0.39,1,914840,914399,441
65757601,8.23522,8.1269,441,31243,0.599743,0.47,1,914842,914401,441
65760521,35.247,33.6254,443,31311,0.559949,0.47,1,914884,914441,443
65763441,37.4494,6.72508,481,31379,0.56799,0.51,1,914922,914441,481
65766361,82.6899,30.945,538,31446,0.617598,0.49,1,915016,914478,538
65769281,36.538,79.789,471,31513,0.57952,0.51,1,915041,914570,471
65772201,63.3076,35.1578,517,31580,0.619904,0.57,1,915111,914594,517
65775121,62.2615,63.0316,509,31647,0.627981,0.51,1,915173,914664,509
65778041,50.0523,63.0063,493,31714,0.661596,0.53,1,915220,914727,493
65780961,38.0105,49.4013,482,31781,0.668319,0.51,1,915255,914773,482
65783881,35.6021,37.8803,482,31848,0.653664,0.57,1,915290,914808,482
65786801,8.72042,33.1761,452,31914,0.666733,0.61,1,915292,914840,452
65789721,33.7441,8.23521,490,31980,0.685347,0.55,1,915332,914842,490
65792641,37.9488,35.247,487,32046,0.673069,0.57,1,915371,914884,487
65795561,83.5898,37.4494,544,32112,0.702614,0.63,1,915466,914922,544
65798481,37.518,82.6899,476,32178,0.724523,0.57,1,915492,915016,476
65801401,64.3036,36.538,522,32244,0.744905,0.63,1,915563,915041,522
65804321,62.4607,63.3076,514,32310,0.780981,0.63,2,915625,915111,514
65807241,51.6921,62.2615,501,32375,0.804196,0.67,2,915674,915173,501
65810161,38.3384,50.0523,489,32440,0.824839,0.67,2,915709,915220,489
65813081,35.6677,38.0105,489,32505,0.844968,0.65,2,915744,915255,489
65816001,8.73354,35.6021,456,32570,0.848994,0.67,2,915746,915290,456
65818921,34.5467,8.72042,495,32635,0.865799,0.69,2,915787,915292,495
65821841,37.3093,33.7441,493,32700,0.90116,0.67,2,915825,915332,493
66172241,35,42,486,39709,0.79,1,2,920730,920244,486
66175161,53.4,53.2,488,39762,0.598,1,1,920788,920300,488
66178081,41.88,39.44,491,39815,0.3676,1,1,920827,920336,491
66181001,37.176,30.288,499,39868,0.19352,1,1,920863,920364,499
66183921,37.8352,37.2576,498,39921,0.062704,1,1,920901,920403,498
66186841,41.167,34.6515,506,39974,0.0525408,1,1,920943,920437,506
66189761,29.0334,46.1303,483,40027,0.0105082,1,1,920969,920486,483
66192681,44.2067,34.0261,500,40080,0.0101016,1,1,921017,920517,500
66195601,36.0413,6.80521,534,40133,0.0260203,1,1,921051,920517,534
66198521,20.0083,24.561,521,40186,0.0132041,1,1,921067,920546,521
66201441,25.6017,34.5122,511,40239,0.00264081,1,1,921094,920583,511
66204361,20.3203,33.3024,497,40291,0.0565282,0.95,1,921113,920616,497
66207281,37.6641,25.8605,515,40343,0.0353056,0.85,1,921155,920640,515
66210201,33.1328,49.1721,492,40395,0.0790611,0.79,1,921187,920695,492
66213121,40.2266,37.8344,499,40447,0.119812,0.55,1,921229,920730,499
66216041,32.0453,53.9669,471,40499,0.0799624,0.31,1,921259,920788,471
66218961,30.4091,41.9934,462,40551,0.0719925,0.15,1,921289,920827,462
66221881,32.4818,37.1987,459,40603,0.118399,0.03,1,921322,920863,459
66224801,40.0964,37.8397,463,40655,0.0796797,0.05,1,921364,920901,463
66227721,28.8193,41.1679,447,40707,0.0239359,0,1,921390,920943,447
66230641,44.9639,29.0336,470,40759,0.00478719,0.01,1,921439,920969,470
66233561,36.1928,44.2067,456,40811,0.0569574,0.03,1,921473,921017,456
66236481,20.0386,36.0413,438,40863,0.0353915,0.01,1,921489,921051,438
66239401,25.6077,20.0083,449,40915,0.0070783,0,1,921516,921067,449
66242321,21.9215,25.6017,443,40967,0.0414157,0.07,1,921537,921094,443
66245241,37.1843,20.3203,465,41019,0.0322831,0.03,1,921578,921113,465
66248161,35.4369,37.6641,458,41070,0.0464566,0.09,1,921613,921155,458
66251081,39.8874,33.1328,467,41121,0.0972913,0.13,1,921654,921187,467
66254001,29.5775,40.2266,452,41172,0.123458,0.07,1,921681,921229,452
66256921,33.1155,32.0453,456,41223,0.144692,0.07,1,921715,921259,456
66259841,30.6231,30.4091,456,41274,0.164938,0.13,1,921745,921289,456
66262761,38.9246,32.4818,464,41325,0.136988,0.07,1,921786,921322,464
66265681,27.7849,40.0964,447,41376,0.115398,0.01,1,921811,921364,447
66268601,46.357,28.8193,472,41427,0.0630795,0,1,921862,921390,472
66271521,35.6714,44.9639,456,41478,0.100616,0.07,1,921895,921439,456
66274441,19.9343,36.1928,438,41529,0.108123,0.03,1,921911,921473,438
66277361,5.58686,20.0386,424,41580,0.109625,0,1,921913,921489,424
66280281,21.1174,25.6077,422,41631,0.0939249,0.05,1,921938,921516,422
66283201,21.0235,21.9215,422,41682,0.042785,0.03,1,921959,921537,422
66286121,37.8047,37.1843,423,41733,0.032557,0.05,1,922001,921578,423
66289041,36.3609,35.4369,424,41784,0.0305114,0.11,1,922037,921613,424
66291961,42.4722,39.8874,427,41835,0.0141023,0.13,1,922081,921654,427
66294881,30.8944,29.5775,428,41885,0.0428205,0.15,1,922109,921681,428
66297801,34.1789,33.1155,429,41935,0.0325641,0.17,1,922144,921715,429
66300721,31.6358,30.6231,430,41985,0.0305128,0.13,1,922175,921745,430
66303641,37.5272,38.9246,428,42035,0.0621026,0.11,1,922214,921786,428
66306561,22.7054,27.7849,422,42085,0.0524205,0.05,1,922233,921811,422
66309481,47.7411,46.357,425,42135,0.0344841,0.11,1,922287,921862,425
66312401,37.5482,35.6714,427,42185,0.0788968,0.11,1,922322,921895,427
66315321,18.7096,19.9343,425,42235,0.103779,0.11,1,922336,921911,425
66318241,5.34193,5.58686,425,42285,0.0767559,0.09,1,922338,921913,425
66321161,20.2684,21.1174,424,42335,0.135351,0.03,1,922362,921938,424
66324081,20.8537,21.0235,424,42385,0.14707,0.03,1,922383,921959,424
66327001,36.9707,37.8047,423,42435,0.181414,0.03,1,922424,922001,423
66329921,35.3941,36.3609,422,42485,0.172283,0.01,1,922459,922037,422
66332841,42.2788,42.4722,422,42535,0.106457,0.05,1,922503,922081,422
66335761,30.8558,30.8944,422,42585,0.109291,0.03,1,922531,922109,422
66338681,34.9712,34.1789,423,42635,0.157858,0.03,1,922567,922144,423
66341601,31.7942,31.6358,423,42684,0.119572,0.07,1,922598,922175,423
66344521,37.5588,37.5272,423,42733,0.159914,0.05,1,922637,922214,423
66347441,21.9118,22.7054,422,42782,0.167983,0.03,1,922655,922233,422
66350361,49.1824,47.7411,424,42831,0.137597,0.09,1,922711,922287,424
66353281,38.6365,37.5482,425,42880,0.0995193,0.11,1,922747,922322,425
66356201,18.9273,18.7096,425,42929,0.0919039,0.07,1,922761,922336,425
66359121,5.38546,5.34193,425,42978,0.0583808,0.15,1,922763,922338,425
66362041,21.8771,20.2684,427,43027,0.115676,0.15,1,922789,922362,427
66364961,22.7754,4.05368,450,43076,0.0951352,0.15,1,922812,922362,450
66367881,36.5551,17.6107,469,43125,0.107027,0.19,1,922852,922383,469
66370801,34.511,36.3221,462,43174,0.141405,0.17,1,922886,922424,462
66373721,41.3022,35.2644,470,43223,0.164281,0.09,1,922929,922459,470
66376641,30.6604,42.2529,454,43272,0.168856,0.11,1,922957,922503,454
66379561,35.7321,30.8506,463,43321,0.185771,0.17,1,922994,922531,463
66382481,31.9464,34.9701,458,43370,0.205154,0.11,1,923025,922567,458
66385401,39.1893,31.794,468,43419,0.209031,0.17,1,923066,922598,468
66388321,22.2379,37.5588,447,43468,0.225806,0.17,1,923084,922637,447
66391241,46.0476,21.9118,481,43517,0.277161,0.13,1,923136,922655,481
66394161,36.4095,49.1824,459,43565,0.287432,0.09,1,923170,922711,459
66397081,19.2819,38.6365,438,43613,0.289486,0.09,1,923185,922747,438
66400001,5.45638,18.9273,426,43661,0.321897,0.05,1,923187,922761,426
66402921,22.6913,5.38546,451,43709,0.312379,0.13,1,923214,922763,451
66405841,22.9383,21.8771,448,43757,0.294476,0.09,1,923237,922789,448
66408761,38.1877,22.7754,467,43805,0.338895,0.11,1,923279,922812,467
66411681,35.6375,36.5551,462,43853,0.331779,0.15,1,923314,922852,462
66414601,42.3275,34.511,472,43901,0.346356,0.17,1,923358,922886,472
66417521,30.8655,41.3022,457,43949,0.349271,0.17,1,923386,922929,457
66420441,36.5731,30.6604,467,43997,0.365854,0.19,1,923424,922957,467
66423361,32.9146,35.7321,462,44045,0.369171,0.21,1,923456,922994,462
66426281,40.1829,31.9464,473,44093,0.417834,0.21,1,923498,923025,473
66429201,23.2366,39.1893,451,44141,0.459567,0.23,1,923517,923066,451
66432121,47.8473,22.2379,487,44189,0.467913,0.29,1,923571,923084,487
66435041,36.7695,46.0476,469,44237,0.469583,0.29,1,923605,923136,469
66437961,20.9539,36.4095,452,44285,0.501917,0.29,1,923622,923170,452
66440881,5.79078,19.2819,439,44333,0.508383,0.33,1,923624,923185,439
66443801,21.9582,5.45638,463,44381,0.509677,0.31,1,923650,923187,463
66446721,21.9916,22.6913,458,44429,0.509935,0.29,1,923672,923214,458
66449641,5.99833,22.9383,437,44476,0.509987,0.35,1,923674,923237,437
66452561,36.3997,38.1877,439,44523,0.557997,0.33,1,923718,923279,439
66455481,34.4799,35.6375,438,44570,0.615599,0.35,1,923752,923314,438
66458401,42.896,42.3275,439,44617,0.67512,0.35,1,923797,923358,439
66461321,30.9792,30.8655,439,44664,0.719024,0.37,1,923825,923386,439
66464241,37.3958,36.5731,440,44711,0.679805,0.37,1,923864,923424,440
66467161,33.8792,32.9146,441,44758,0.687961,0.43,1,923897,923456,441
66470081,41.9758,40.1829,443,44805,0.657592,0.47,1,923941,923498,443
66473001,23.5952,23.2366,443,44852,0.699518,0.47,1,923960,923517,443
66475921,49.519,47.8473,445,44899,0.675904,0.47,1,924016,923571,445
66478841,37.1038,36.7695,445,44946,0.703181,0.51,1,924050,923605,445
66481761,22.6208,20.9539,447,44993,0.676636,0.51,1,924069,923622,447
66484681,6.12415,5.79078,447,45040,0.671327,0.51,1,924071,923624,447
66487601,22.0248,21.9582,447,45087,0.702265,0.51,1,924097,923650,447
66490521,22.005,21.9916,447,45134,0.708453,0.51,1,924119,923672,447
66493441,6.00099,5.99833,447,45181,0.709691,0.57,1,924121,923674,447
66496361,41.2002,36.3997,453,45228,0.709938,0.63,1,924171,923718,453
66499281,35.44,34.4799,453,45275,0.741988,0.69,1,924205,923752,453
66502201,45.488,42.896,456,45322,0.828398,0.73,2,924253,923797,456
66505121,31.4976,30.9792,456,45369,0.81368,0.67,2,924281,923825,456
66508041,36.6995,37.3958,455,45415,0.810736,0.69,2,924319,923864,455
66510961,32.9399,33.8792,454,45461,0.842147,0.65,2,924351,923897,454
66513881,42.588,41.9758,455,45507,0.832429,0.71,2,924396,923941,455
66516801,23.7176,23.5952,455,45553,0.782486,0.67,2,924415,923960,455
66519721,49.5435,49.519,455,45599,0.788497,0.71,2,924471,924016,455
66522641,37.9087,37.1038,456,45645,0.837699,0.67,2,924506,924050,456
66525561,21.9817,22.6208,455,45691,0.84754,0.67,2,924524,924069,455
66528481,5.99635,6.12415,455,45737,0.881508,0.71,2,924526,924071,455
66531401,21.9993,22.0248,455,45783,0.904302,0.71,2,924552,924097,455
66534321,21.9999,22.005,455,45829,0.89286,0.71,2,924574,924119,455
66537241,5.99997,6.00099,455,45875,0.890572,0.71,2,924576,924121,455
66540161,41.2,41.2002,455,45921,0.938114,0.71,2,924626,924171,455
66543081,37.84,8.24004,492,45967,0.883623,0.75,2,924663,924171,492
66546001,48.368,28.848,509,46013,0.904725,0.85,2,924714,924205,509
66548921,32.0736,44.1696,489,46059,0.908945,0.81,2,924742,924253,489
66551841,36.8147,31.2339,499,46105,0.925789,0.81,2,924780,924281,499
66727041,94,79,522,22093,0.03,1,1,926757,926235,522
66729961,69.2,70.2,517,22189,0.062,0.83,1,926820,926303,517
66732881,61.84,92.44,479,22285,0.0364,0.67,1,926880,926401,479
66735801,53.168,60.088,478,22380,0.01528,0.37,1,926931,926453,478
66738721,41.0336,71.2176,442,22475,0.059056,0.35,1,926969,926527,442
66741641,22.6067,23.8435,448,22569,0.0838112,0.23,1,926987,926539,448
66744561,82.9213,32.7687,511,22663,0.0247622,0,1,927085,926574,511
66747481,92.5843,77.7537,517,22757,0.0769524,0.03,1,927180,926663,517
66750401,68.1169,90.7508,485,22850,0.0553905,0.07,1,927242,926757,485
66753321,61.6234,68.5502,482,22943,0.0670781,0.03,1,927302,926820,482
66756241,54.7247,61.71,475,23035,0.0374156,0.01,1,927355,926880,475
66759161,41.3449,53.142,462,23127,0.0474831,0.07,1,927393,926931,462
66762081,21.869,41.0284,441,23219,0.0654966,0.09,1,927410,926969,441
66765001,81.9738,22.6057,520,23310,0.133099,0.01,1,927507,926987,520
66767921,93.1948,82.9211,518,23401,0.0826199,0.09,1,927603,927085,518
66770841,68.239,92.5842,485,23492,0.120524,0.05,1,927665,927180,485
66773761,63.2478,68.1168,485,23582,0.112105,0.07,1,927727,927242,485
66776681,52.6496,61.6234,475,23672,0.158421,0.03,1,927777,927302,475
66779601,41.7299,54.7247,461,23762,0.151684,0.05,1,927816,927355,461
66782521,22.746,41.3449,441,23851,0.166337,0.07,1,927834,927393,441
66785441,85.3492,21.869,525,23940,0.121267,0.15,1,927935,927410,525
66788361,18.6698,81.9738,430,24029,0.112253,0.07,1,927937,927507,430
66791281,77.334,93.1948,426,24117,0.126451,0.13,1,928029,927603,426
66794201,67.4668,68.239,429,24205,0.16129,0.11,1,928094,927665,429
66797121,63.0934,63.2478,429,24293,0.200258,0.17,1,928156,927727,429
66800041,53.4187,52.6496,430,24380,0.224052,0.15,1,928207,927777,430
66802961,41.0837,41.7299,429,24467,0.24481,0.17,1,928245,927816,429
66805881,23.4167,22.746,430,24554,0.232962,0.11,1,928264,927834,430
66808801,83.0834,85.3492,427,24640,0.310592,0.11,1,928362,927935,427
66811721,18.2167,18.6698,427,24726,0.294118,0.13,1,928364,927937,427
66814641,78.0433,77.334,428,24812,0.370824,0.17,1,928457,928029,428
66817561,69.2087,67.4668,430,24897,0.402165,0.21,1,928524,928094,430
66820481,65.0417,63.0934,432,24982,0.424433,0.23,1,928588,928156,432
66823401,55.4083,53.4187,434,25067,0.476887,0.25,1,928641,928207,434
66826321,41.4817,41.0837,434,25152,0.487377,0.23,1,928679,928245,434
66829241,22.6963,23.4167,433,25236,0.521475,0.33,1,928697,928264,433
66832161,86.1393,83.0834,437,25320,0.496295,0.29,1,928799,928362,437
66835081,18.8279,18.2167,437,25404,0.491259,0.39,1,928801,928364,437
66838001,79.7656,78.0433,439,25487,0.538252,0.39,1,928896,928457,439
66840921,70.3531,15.6087,507,25570,0.57965,0.41,1,928964,928457,507
66843841,67.6706,56.7217,507,25653,0.58793,0.43,1,929031,928524,507
66846761,57.5341,62.5443,498,25736,0.589586,0.49,1,929086,928588,498
66849681,41.9068,54.9089,483,25818,0.605917,0.49,1,929124,928641,483
66852601,22.7814,41.3818,463,25900,0.625183,0.53,1,929142,928679,463
66855521,86.1563,22.6764,547,25982,0.645037,0.49,1,929244,928697,547
66858441,18.8313,86.1353,447,26064,0.649007,0.49,1,929246,928799,447
66861361,82.1663,18.8271,543,26145,0.697801,0.55,1,929344,928801,543
66864281,73.2332,79.7654,519,26226,0.78756,0.59,2,929415,928896,519
66867201,67.4466,70.3531,517,26307,0.853512,0.59,2,929481,928964,517
66870121,57.4893,67.6706,505,26388,0.930702,0.59,2,929536,929031,505
66881801,2,102,455,26708,0.93,0.65,2,929699,929244,455
66995681,39,75,504,29643,0.55,1,1,931802,931298,504
66998601,46.2,40.6,520,29714,0.534,0.96,1,931850,931330,520
67001521,34.84,39.32,513,29785,0.5308,1,1,931882,931369,513
67004441,25.368,45.464,489,29856,0.54616,1,1,931905,931416,489
67007361,33.0736,43.4928,481,29927,0.501232,1,1,931940,931459,481
67010281,27.4147,31.8986,478,29998,0.444246,0.93,1,931966,931488,478
67013201,85.4829,87.1797,477,30069,0.432849,0.98,1,932066,931589,477
67016121,35.4966,40.6359,471,30139,0.41457,0.85,1,932089,931618,471
67019041,59.0993,70.5272,458,30209,0.394914,0.61,1,932154,931696,458
67021961,59.0199,67.7054,450,30279,0.470983,0.55,1,932213,931763,450
67024881,39.804,44.7411,446,30349,0.486197,0.53,1,932248,931802,446
67027801,44.7608,47.3482,444,30419,0.505239,0.53,1,932294,931850,444
67030721,35.3522,35.0696,445,30489,0.493048,0.55,1,932327,931882,445
67033641,25.4704,25.4139,445,30558,0.50661,0.49,1,932350,931905,445
67036561,30.6941,33.0828,442,30627,0.509322,0.43,1,932382,931940,442
67039481,27.7388,27.4166,443,30696,0.525864,0.43,1,932409,931966,443
67042401,85.5478,85.4833,443,30765,0.593173,0.41,1,932509,932066,443
67045321,34.7096,35.4967,442,30834,0.606635,0.39,1,932531,932089,442
67048241,58.9419,59.0993,442,30903,0.625327,0.49,1,932596,932154,442
67051161,60.5884,59.0199,444,30971,0.661065,0.49,1,932657,932213,444
67054081,40.1177,39.804,444,31039,0.716213,0.51,1,932692,932248,444
67057001,45.6235,44.7608,445,31107,0.727243,0.49,1,932739,932294,445
67059921,36.3247,35.3522,446,31175,0.697448,0.51,1,932773,932327,446
67062841,24.8649,25.4704,445,31243,0.72349,0.51,1,932795,932350,445
67065761,30.573,30.6941,445,31311,0.760698,0.51,2,932827,932382,445
67068681,29.3146,6.13882,474,31379,0.76814,0.53,2,932856,932382,474
67071601,87.4629,22.8278,549,31446,0.801628,0.61,2,932958,932409,549
67074521,35.0926,84.5656,471,31513,0.808326,0.61,2,932980,932509,471
67077441,61.4185,34.5131,517,31580,0.825665,0.63,2,933048,932531,517
67080361,62.6837,58.9026,515,31647,0.829133,0.67,2,933111,932596,515
67083281,41.3367,60.5805,490,31714,0.845827,0.73,2,933147,932657,490
67086201,45.8674,40.1161,502,31781,0.849165,0.73,2,933194,932692,502
67089121,36.3735,45.6232,489,31848,0.865833,0.69,2,933228,932739,489
67092041,24.8747,36.3246,477,31914,0.869167,0.73,2,933250,932773,477
67094961,32.1749,24.8649,489,31980,0.869833,0.77,2,933284,932795,489
67097881,31.235,30.573,488,32046,0.917967,0.77,2,933315,932827,488
67232201,26,26,513,34953,0.79,1,2,935382,934869,513
67235121,29.2,27.6,515,35013,0.758,1,2,935412,934897,515
67238041,53.04,32.72,540,35073,0.6556,1,1,935471,934931,540
67240961,47.408,68.144,509,35133,0.60312,1,1,935517,935008,509
67243881,43.8816,40.0288,519,35193,0.496624,1,1,935560,935041,519
67246801,39.1763,51.2058,503,35253,0.475325,1,1,935598,935095,503
67249721,40.6353,39.0412,508,35313,0.519065,0.98,1,935639,935131,508
67252641,28.1271,33.4082,501,35373,0.495813,1,1,935664,935163,501
67255561,25.6254,28.2816,499,35433,0.443163,1,1,935689,935190,499
67258481,81.9251,28.8563,566,35493,0.448633,0.87,1,935785,935219,566
67261401,40.385,91.3713,489,35553,0.417726,0.79,1,935815,935326,489
67264321,27.277,42.2743,483,35612,0.459545,0.79,1,935839,935356,483
67267241,28.6554,29.2549,486,35671,0.483909,0.75,1,935868,935382,486
67270161,7.33108,29.851,458,35730,0.456782,0.63,1,935870,935412,458
67273081,47.0662,53.1702,456,35789,0.515356,0.59,1,935927,935471,456
67276001,42.2132,47.434,451,35848,0.559071,0.47,1,935968,935517,451
67278921,39.6426,43.8868,447,35907,0.551814,0.47,1,936007,935560,447
67281841,39.1285,39.1774,448,35966,0.566363,0.53,1,936046,935598,448
67284761,39.0257,40.6355,446,36025,0.585273,0.49,1,936085,935639,446
67287681,27.8051,28.1271,446,36084,0.605054,0.43,1,936110,935664,446
67290601,24.761,25.6254,445,36143,0.609011,0.45,1,936134,935689,445
67293521,79.3522,81.9251,442,36201,0.673802,0.41,1,936227,935785,442
67296441,42.2704,40.385,445,36259,0.68676,0.47,1,936260,935815,445
67299361,27.6541,27.277,445,36317,0.657352,0.49,1,936284,935839,445
67302281,28.7308,28.6554,445,36375,0.69947,0.45,1,936313,935868,445
67305201,7.34616,7.33108,445,36433,0.707894,0.53,1,936315,935870,445
67308121,49.4692,47.0662,448,36491,0.709579,0.57,1,936375,935927,448
67311041,42.6938,42.2132,448,36549,0.741916,0.55,1,936416,935968,448
67313961,40.5388,39.6426,449,36607,0.732383,0.57,1,936456,936007,449
67316881,40.1078,39.1285,450,36665,0.730477,0.59,1,936496,936046,450
67319801,40.0216,39.0257,451,36723,0.778095,0.61,2,936536,936085,451
67322721,27.2043,27.8051,450,36781,0.819619,0.61,2,936560,936110,450
67325641,25.4409,24.761,451,36838,0.811924,0.69,2,936585,936134,451
67328561,81.8882,79.3522,454,36895,0.874385,0.69,2,936681,936227,454
67331481,42.7776,42.2704,454,36952,0.902877,0.65,2,936714,936260,454
67334401,27.7555,27.6541,454,37009,0.940575,0.71,2,936738,936284,454
67337321,29.5511,28.7308,455,37066,0.916115,0.71,2,936768,936313,455
67340241,7.51022,7.34616,455,37123,0.943223,0.71,2,936770,936315,455
67503761,42,47,527,40186,0.91,1,2,938918,938391,527
67506681,33.2,45.4,513,40239,0.926,1,2,938949,938436,513
67509601,24.24,36.28,501,40291,0.9292,1,2,938971,938470,501
67512521,79.248,32.856,562,40343,0.92984,0.87,2,939064,938502,562
67515441,40.6496,76.9712,505,40395,0.945968,1,2,939095,938590,505
67673121,30,28,533,43125,0.87,1,2,940967,940434,533
67676041,38.8,51.2,517,43174,0.854,1,2,941008,940491,517
67678961,38.96,47.04,510,43223,0.6908,1,1,941047,940537,510
67681881,32.592,35.008,509,43272,0.61016,1,1,941078,940569,509
67684801,30.5184,28.6016,512,43321,0.610032,1,1,941108,940596,512
67687721,33.3037,29.7203,516,43370,0.514006,1,1,941142,940626,516
67690641,26.6607,36.3441,503,43419,0.350801,1,1,941167,940664,503
67693561,32.5321,33.6688,504,43468,0.28616,1,1,941201,940697,504
67696481,44.1064,33.9338,517,43517,0.177232,0.97,1,941248,940731,517
67699401,33.6213,38.7868,508,43565,0.107446,1,1,941279,940771,508
67702321,20.3243,33.3574,493,43613,0.0454893,1,1,941296,940803,493
67705241,43.2649,29.0715,514,43661,0.0170979,1,1,941345,940831,514
67708161,35.853,41.0143,504,43709,0.0114196,0.92,1,941379,940875,504
67711081,27.9706,37.0029,494,43757,0.00228391,0.95,1,941405,940911,494
67714001,28.7941,28.2006,497,43805,0.00845678,0.87,1,941434,940937,497
67716921,29.7588,29.6401,497,43853,0.00969136,0.85,1,941464,940967,497
67719841,29.9518,38.728,486,43901,0.0419383,0.65,1,941494,941008,486
67722761,31.5904,38.9456,479,43949,0.0163877,0.59,1,941526,941047,479
67725681,27.1181,32.5891,474,43997,0.0272775,0.61,1,941552,941078,474
67728601,29.4236,30.5178,474,44045,0.0454555,0.49,1,941582,941108,474
67731521,24.2847,33.3036,463,44093,0.0330911,0.31,1,941605,941142,463
67734441,28.8569,26.6607,468,44141,0.0626182,0.27,1,941635,941167,468
67737361,37.7714,32.5321,474,44189,0.100524,0.15,1,941675,941201,474
67740281,29.9543,44.1064,455,44237,0.0761047,0.09,1,941703,941248,455
67743201,17.9909,33.6213,439,44285,0.103221,0.03,1,941718,941279,439
67746121,42.7982,20.3243,471,44333,0.0446442,0.01,1,941767,941296,471
67749041,34.9596,43.2649,455,44381,0.0649288,0.01,1,941800,941345,455
67751961,28.5919,35.853,448,44429,0.0129858,0,1,941827,941379,448
67754881,7.31839,27.9706,424,44476,0.0105972,0.01,1,941829,941405,424
67757801,23.0637,28.7941,422,44523,0.0741194,0.01,1,941856,941434,422
67760721,28.6127,29.7588,422,44570,0.0548239,0.05,1,941886,941464,422
67763641,30.5225,29.9518,423,44617,0.0829648,0.01,1,941917,941494,423
67766561,31.7045,31.5904,423,44664,0.136593,0.03,1,941949,941526,423
67769481,28.7409,27.1181,425,44711,0.163319,0.05,1,941977,941552,425
67772401,28.1482,29.4236,423,44758,0.168664,0.03,1,942005,941582,423
67775321,25.6296,24.2847,425,44805,0.185733,0.07,1,942030,941605,425
67778241,27.5259,28.8569,423,44852,0.189147,0.11,1,942058,941635,423
67781161,40.7052,37.7714,427,44899,0.205829,0.07,1,942102,941675,427
67784081,29.741,29.9543,426,44946,0.225166,0.11,1,942129,941703,426
67787001,17.1482,17.9909,425,44993,0.229033,0.03,1,942143,941718,425
67789921,41.0296,42.7982,423,45040,0.213807,0.07,1,942190,941767,423
67792841,34.6059,34.9596,423,45087,0.194761,0,1,942223,941800,423
67795761,27.7212,28.5919,422,45134,0.158952,0.01,1,942249,941827,422
67798681,7.14424,7.31839,422,45181,0.15179,0.09,1,942251,941829,422
67801601,26.2288,23.0637,426,45228,0.118358,0.05,1,942282,941856,426
67804521,26.0458,28.6127,422,45275,0.159672,0.09,1,942308,941886,422
67807441,33.2092,30.5225,426,45322,0.119934,0.15,1,942343,941917,426
67810361,33.0418,31.7045,427,45369,0.0959869,0.17,1,942376,941949,427
67813281,31.4084,28.7409,430,45415,0.123197,0.17,1,942407,941977,430
67816201,28.6817,28.1482,430,45461,0.144639,0.19,1,942435,942005,430
67819121,26.5363,25.6296,431,45507,0.148928,0.19,1,942461,942030,431
67822041,27.7073,27.5259,431,45553,0.149786,0.21,1,942489,942058,431
67824961,41.5415,40.7052,432,45599,0.213957,0.23,1,942534,942102,432
67827881,30.7083,29.741,433,45645,0.242791,0.23,1,942562,942129,433
67830801,17.3417,17.1482,433,45691,0.248558,0.21,1,942576,942143,433
67833721,40.2683,41.0296,432,45737,0.281712,0.19,1,942622,942190,432
67836641,32.0537,34.6059,429,45783,0.304342,0.15,1,942652,942223,429
67839561,25.6107,27.7212,427,45829,0.308868,0.15,1,942676,942249,427
67842481,6.72215,7.14424,427,45875,0.309774,0.11,1,942678,942251,427
67845401,26.1444,26.2288,427,45921,0.293955,0.11,1,942709,942282,427
67848321,24.4289,5.24577,451,45967,0.306791,0.17,1,942733,942282,451
67851241,33.6858,21.8492,461,46013,0.325358,0.11,1,942769,942308,461
67854161,32.3372,32.3698,458,46059,0.329072,0.09,1,942801,942343,458
67857081,31.2674,32.874,456,46105,0.313814,0.13,1,942832,942376,456
67860001,29.4535,31.3748,454,46151,0.326763,0.15,1,942861,942407,454
67862921,27.4907,28.675,453,46197,0.361353,0.15,1,942888,942435,453
67865841,28.6981,26.535,456,46243,0.352271,0.15,1,942917,942461,456
67868761,43.3396,27.707,475,46289,0.350454,0.23,1,942964,942489,475
67871681,31.8679,41.5414,459,46335,0.350091,0.25,1,942993,942534,459
67874601,17.5736,30.7083,445,46381,0.350018,0.25,1,943007,942562,445
67877521,42.7147,17.3417,480,46426,0.366004,0.29,1,943056,942576,480
67880441,32.5429,40.2683,464,46471,0.369201,0.31,1,943086,942622,464
67883361,25.7086,32.0537,458,46516,0.36984,0.31,1,943110,942652,458
67886281,6.74172,25.6107,436,46561,0.369968,0.31,1,943112,942676,436
67889201,27.7483,6.72215,467,46606,0.353994,0.29,1,943145,942678,467
67892121,24.7497,26.1444,460,46651,0.350799,0.31,1,943169,942709,460
67895041,34.5499,24.4289,473,46696,0.38216,0.33,1,943206,942733,473
67897961,32.51,33.6858,469,46741,0.420432,0.33,1,943238,942769,469
67900881,32.102,32.3372,469,46786,0.428086,0.31,1,943270,942801,469
67903801,28.8204,31.2674,466,46831,0.477617,0.33,1,943298,942832,466
67906721,27.3641,29.4535,464,46876,0.503523,0.37,1,943325,942861,464
67909641,30.2728,27.4907,468,46921,0.540705,0.35,1,943356,942888,468
67912561,42.8546,28.6981,485,46966,0.580141,0.35,1,943402,942917,485
67915481,31.7709,43.3396,467,47011,0.588028,0.35,1,943431,942964,467
67918401,17.5542,31.8679,452,47056,0.589606,0.35,1,943445,942993,452
67921321,43.5108,17.5736,488,47101,0.605921,0.37,1,943495,943007,488
67924241,32.7022,42.7147,469,47146,0.641184,0.37,1,943525,943056,469
67927161,25.7404,32.5429,463,47191,0.680237,0.37,1,943549,943086,463
67930081,6.74809,25.7086,441,47236,0.688047,0.37,1,943551,943110,441
67933001,26.9496,6.74172,471,47281,0.689609,0.35,1,943583,943112,471
67935921,25.3899,27.7483,463,47326,0.705922,0.35,1,943608,943145,463
67938841,36.278,24.7497,478,47371,0.709184,0.39,1,943647,943169,478
67941761,8.8556,34.5499,443,47415,0.677837,0.43,1,943649,943206,443
67944681,27.3711,32.51,443,47459,0.703567,0.43,1,943681,943238,443
67947601,32.6742,32.102,445,47503,0.708713,0.49,1,943715,943270,445
67950521,29.7348,28.8204,446,47547,0.741743,0.51,1,943744,943298,446
67953441,28.347,27.3641,447,47591,0.716348,0.55,1,943772,943325,447
67956361,32.0694,30.2728,449,47635,0.75927,0.59,2,943805,943356,449
67959281,44.8139,42.8546,451,47679,0.783854,0.59,2,943853,943402,451
67962201,32.1628,31.7709,451,47723,0.852771,0.59,2,943882,943431,451
67965121,18.4326,17.5542,452,47767,0.850554,0.61,2,943897,943445,452
67968041,44.4865,43.5108,453,47811,0.866111,0.65,2,943948,943495,453
67970961,34.4973,32.7022,455,47855,0.885222,0.69,2,943980,943525,455
67973881,26.8995,25.7404,456,47899,0.905044,0.69,2,944005,943549,456
67976801,6.97989,6.74809,456,47943,0.877009,0.69,2,944007,943551,456
67979721,26.996,26.9496,456,47987,0.903402,0.71,2,944039,943583,456
67982641,24.5992,25.3899,455,48031,0.90868,0.71,2,944063,943608,455
67985561,36.1198,36.278,455,48075,0.861736,0.67,2,944102,943647,455
67988481,8.82397,8.8556,455,48119,0.884347,0.71,2,944104,943649,455
67991401,27.3648,27.3711,455,48163,0.904869,0.71,2,944136,943681,455
67994321,33.473,32.6742,456,48207,0.924974,0.75,2,944171,943715,456
68006001,50,48,462,48383,0.91,0.87,2,944315,943853,462
68232301,55,35,488,23451,0.07,0.63,1,946699,946211,488
68235221,56.6,57.4,482,23541,0.038,0.41,1,946756,946274,482
68238141,69.72,79.48,470,23631,0.0316,0.19,1,946829,946359,470
68241061,73.944,72.696,474,23721,0.04632,0.03,1,946904,946430,474
68243981,41.1888,70.5392,437,23810,0.017264,0.03,1,946937,946500,437
68246901,27.4378,33.3078,437,23899,0.0034528,0.11,1,946961,946524,437
68249821,44.6876,27.4616,460,23988,0.0566906,0.07,1,947010,946550,460
68252741,54.5375,58.2923,451,24076,0.0833381,0.07,1,947067,946616,451
68255661,54.9075,78.0585,423,24164,0.120668,0.03,1,947122,946699,423
68258581,57.3815,61.2117,424,24252,0.112134,0.03,1,947180,946756,424
68261501,69.8763,70.6423,424,24339,0.110427,0.05,1,947253,946829,424
68264421,73.9753,74.1285,424,24426,0.174085,0.01,1,947328,946904,424
68267341,39.5951,41.2257,422,24513,0.170817,0,1,947359,946937,422
68270261,27.919,27.4451,423,24599,0.106163,0.07,1,947384,946961,423
68273181,46.3838,44.689,425,24685,0.0932327,0.09,1,947435,947010,425
68276101,58.0768,54.5378,429,24771,0.106647,0.13,1,947496,947067,429
68279021,53.2154,54.9076,426,24857,0.109329,0.11,1,947548,947122,426
68281941,56.2431,57.3815,425,24942,0.141866,0.11,1,947605,947180,425
68284861,69.6486,69.8763,425,25027,0.164373,0.19,1,947678,947253,425
68287781,80.3297,73.9753,433,25112,0.232875,0.17,1,947761,947328,433
68290701,37.6659,39.5951,429,25196,0.262575,0.09,1,947788,947359,429
68293621,23.5332,27.919,424,25280,0.300515,0.09,1,947808,947384,424
68296541,47.1066,46.3838,426,25364,0.292103,0.11,1,947861,947435,426
68299461,58.2213,58.0768,426,25448,0.274421,0.11,1,947922,947496,426
68302381,53.2443,11.6154,478,25531,0.286884,0.11,1,947974,947496,478
68305301,56.2489,43.9231,483,25614,0.337377,0.15,1,948031,947548,483
68308221,70.4498,54.3846,500,25697,0.347475,0.17,1,948105,947605,500
68311141,85.29,69.2769,516,25779,0.285495,0.25,1,948194,947678,516
68314061,39.458,80.2554,461,25861,0.273099,0.27,1,948222,947761,461
68316981,23.8916,37.6511,454,25943,0.30262,0.31,1,948242,947788,454
68319901,47.9783,23.5302,488,26025,0.356524,0.29,1,948296,947808,488
68322821,57.5957,47.106,495,26106,0.383305,0.27,1,948356,947861,495
68325741,53.9191,58.2212,487,26187,0.452661,0.29,1,948409,947922,487
68328661,58.7838,53.2442,495,26268,0.514532,0.35,1,948469,947974,495
68331581,70.9568,56.2489,512,26349,0.542906,0.35,1,948543,948031,512
68334501,82.1914,70.4498,523,26429,0.580581,0.27,1,948628,948105,523
68337421,40.4383,85.29,464,26509,0.588116,0.27,1,948658,948194,464
68340341,24.8877,39.458,457,26589,0.541623,0.31,1,948679,948222,457
68343261,50.5775,23.8916,494,26669,0.596325,0.37,1,948736,948242,494
68346181,58.1155,47.9783,500,26748,0.591265,0.39,1,948796,948296,500
68349101,57.2231,57.5957,497,26827,0.606253,0.47,1,948853,948356,497
68352021,61.8446,53.9191,507,26906,0.609251,0.53,1,948916,948409,507
68354941,13.9689,58.7838,449,26985,0.60985,0.55,1,948918,948469,449
68357861,61.9938,70.9568,449,27063,0.67397,0.59,1,948992,948543,449
68360781,81.9988,82.1914,451,27141,0.718794,0.59,1,949079,948628,451
68363701,38.7997,40.4383,449,27219,0.695759,0.53,1,949107,948658,449
68366621,26.1599,24.8877,451,27297,0.707152,0.61,1,949130,948679,451
68369541,50.032,50.5775,450,27375,0.74143,0.59,1,949186,948736,450
68372461,58.8064,58.1155,451,27452,0.892286,0.61,2,949247,948796,451
68375381,58.1613,57.2231,452,27529,0.906457,0.61,2,949305,948853,452
68392901,24,23,457,27988,0.91,0.75,2,949587,949130,457
68492181,50,53,483,30453,0.91,1,2,951333,950850,483
68495101,84.4,79.4,490,30522,0.702,1,1,951426,950936,490
68498021,42.48,32.68,501,30591,0.6124,1,1,951458,950957,501
68500941,30.096,30.536,498,30660,0.56248,1,1,951485,950987,498
68503861,23.6192,31.7072,488,30729,0.456496,1,1,951507,951019,488
68506781,46.3238,52.7414,482,30798,0.371299,0.92,1,951559,951077,482
68509701,60.4648,60.9483,483,30867,0.25826,1,1,951623,951140,483
68512621,51.293,56.9897,476,30936,0.139652,0.89,1,951672,951196,476
68515541,61.4586,66.5979,471,31004,0.21193,0.93,1,951736,951265,471
68518461,23.4917,27.7196,467,31072,0.194386,0.91,1,951750,951283,467
68521381,43.0983,45.5439,465,31140,0.222877,0.65,1,951798,951333,465
68524301,74.2197,83.5088,454,31208,0.228575,0.59,1,951880,951426,454
68527221,37.2439,42.3018,450,31276,0.261715,0.59,1,951908,951458,450
68530141,23.4488,8.46035,470,31344,0.204343,0.55,1,951928,951458,470
68533061,20.6898,23.2921,463,31412,0.224869,0.43,1,951948,951485,463
68535981,40.138,22.2584,486,31479,0.276974,0.35,1,951993,951507,486
68538901,59.2276,46.0517,498,31546,0.239395,0.23,1,952057,951559,498
68541821,45.4455,60.4103,476,31613,0.231879,0.11,1,952099,951623,476
68544741,62.6891,51.2821,494,31680,0.246376,0.23,1,952166,951672,494
68547661,22.1378,61.4564,442,31747,0.281275,0.19,1,952178,951736,442
68550581,46.0276,23.4913,480,31814,0.304255,0.23,1,952230,951750,480
68553501,73.2055,43.0983,512,31881,0.340851,0.23,1,952310,951798,512
68556421,38.6411,74.2196,460,31947,0.36417,0.27,1,952340,951880,460
68559341,22.9282,37.2439,451,32013,0.352834,0.19,1,952359,951908,451
68562261,21.3856,23.4488,452,32079,0.398567,0.23,1,952380,951928,452
68565181,43.4771,20.6898,481,32145,0.471713,0.29,1,952429,951948,481
68568101,56.6954,40.138,496,32211,0.486343,0.23,1,952489,951993,496
68571021,44.9391,59.2276,474,32277,0.489269,0.23,1,952531,952057,474
68573941,64.9878,45.4455,502,32343,0.521854,0.25,1,952601,952099,502
68576861,22.5976,62.6891,447,32408,0.528371,0.29,1,952613,952166,447
68579781,46.9195,22.1378,488,32473,0.545674,0.31,1,952666,952178,488
68582701,75.7839,46.0276,519,32538,0.533135,0.35,1,952749,952230,519
68585621,39.1568,73.2055,469,32603,0.530627,0.37,1,952779,952310,469
68588541,23.8314,38.6411,459,32668,0.530125,0.35,1,952799,952340,459
68591461,22.3663,22.9282,462,32733,0.530025,0.41,1,952821,952359,462
68594381,6.07325,21.3856,443,32798,0.530005,0.49,1,952823,952380,443
68597301,42.8147,43.4771,446,32862,0.594001,0.49,1,952875,952429,446
68600221,56.5629,56.6954,446,32926,0.6228,0.49,1,952935,952489,446
68603141,44.9126,44.9391,446,32990,0.62856,0.53,1,952977,952531,446
68606061,66.5825,64.9878,448,33054,0.677712,0.53,1,953049,952601,448
68608981,23.7165,22.5976,449,33118,0.687542,0.55,1,953062,952613,449
68611901,47.1433,46.9195,449,33182,0.753509,0.53,2,953115,952666,449
68614821,75.0287,75.7839,448,33246,0.782702,0.53,2,953197,952749,448
68617741,39.0057,39.1568,448,33310,0.78854,0.53,2,953227,952779,448
68620661,23.8011,23.8314,448,33373,0.789708,0.53,2,953247,952799,448
68623581,22.3602,22.3663,448,33436,0.789942,0.53,2,953269,952821,448
68626501,6.07205,6.07325,448,33499,0.821988,0.61,2,953271,952823,448
68629421,45.2144,42.8147,451,33562,0.812398,0.63,2,953326,952875,451
68632341,57.0429,56.5629,451,33625,0.82648,0.63,2,953386,952935,451
68635261,45.0086,44.9126,451,33688,0.813296,0.69,2,953428,952977,451
68638181,69.8017,66.5825,455,33751,0.858659,0.69,2,953504,953049,455
68641101,25.1603,23.7165,456,33814,0.835732,0.77,2,953518,953062,456
68644021,49.0321,47.1433,458,33877,0.927146,0.79,2,953573,953115,458
68953541,45,58,480,39950,0.91,1,2,957799,957319,480
68956461,45.8,42.8,487,40003,0.782,1,2,957845,957358,487
68959381,34.76,30.16,492,40056,0.6284,1,1,957877,957385,492
68962301,36.552,30.832,498,40109,0.61368,1,1,957914,957416,498
68965221,34.5104,6.1664,532,40162,0.546736,1,1,957948,957416,532
68968141,29.3021,44.4333,506,40215,0.421347,1,1,957976,957470,506
68971061,45.8604,33.6867,525,40268,0.300269,1,1,958026,957501,525
68973981,53.9721,58.7373,516,40320,0.212054,1,1,958082,957566,516
68976901,34.7944,40.5475,510,40372,0.130411,0.99,1,958112,957602,510
68979821,24.5589,37.7095,495,40424,0.0660821,1,1,958134,957639,495
68982741,41.7118,31.5419,511,40476,0.133216,1,1,958180,957669,511
68985661,22.7424,35.1084,493,40528,0.0506433,0.92,1,958198,957705,493
68988581,24.5485,25.4217,495,40580,0.0661287,0.83,1,958223,957728,495
68991501,38.5097,25.8843,511,40632,0.0852257,0.91,1,958265,957754,511
68994421,38.9019,41.1769,505,40684,0.121045,0.75,1,958304,957799,505
68997341,28.5804,45.0354,485,40736,0.096209,0.59,1,958330,957845,485
69000261,34.5161,34.6071,489,40788,0.123242,0.61,1,958366,957877,489
69003181,26.1032,36.5214,476,40840,0.0966484,0.53,1,958390,957914,476
69006101,24.4206,34.5043,466,40892,0.17133,0.39,1,958414,957948,466
69009021,42.4841,29.3009,485,40944,0.202266,0.27,1,958461,957976,485
69011941,48.4968,45.8602,485,40996,0.224453,0.19,1,958511,958026,485
69014861,30.4994,53.972,455,41047,0.260891,0.11,1,958537,958082,455
69017781,24.4999,34.7944,448,41098,0.300178,0.05,1,958560,958112,448
69020701,40.1,24.5589,470,41149,0.308036,0.15,1,958604,958134,470
69023621,21.62,41.7118,441,41200,0.325607,0.03,1,958621,958180,441
69026541,23.524,22.7424,447,41251,0.313121,0.07,1,958645,958198,447
69029461,40.7048,24.5485,467,41302,0.358624,0.09,1,958690,958223,467
69032381,39.341,38.5097,464,41353,0.351725,0.13,1,958729,958265,464
69035301,30.2682,38.9019,453,41404,0.350345,0.09,1,958757,958304,453
69038221,33.2536,28.5804,461,41455,0.366069,0.13,1,958791,958330,461
69041141,29.0507,34.5161,453,41506,0.385214,0.09,1,958819,958366,453
69044061,7.41015,26.1032,431,41557,0.389043,0.19,1,958821,958390,431
69046981,19.082,24.4206,429,41608,0.389809,0.21,1,958843,958414,429
69049901,44.6164,42.4841,433,41659,0.437962,0.23,1,958894,958461,433
69052821,50.5233,48.4968,435,41710,0.431592,0.27,1,958946,958511,435
69055741,29.3047,30.4994,433,41761,0.430318,0.31,1,958970,958537,433
69058661,27.4609,24.4999,437,41812,0.446064,0.31,1,958997,958560,437
69061581,40.6922,40.1,437,41862,0.545213,0.33,1,959041,958604,437
69064501,21.7384,21.62,437,41912,0.549043,0.31,1,959058,958621,437
69067421,23.5477,23.524,437,41962,0.581809,0.37,1,959082,958645,437
69070341,43.1095,40.7048,440,42012,0.604362,0.35,1,959130,958690,440
69073261,39.0219,39.341,439,42062,0.592872,0.35,1,959168,958729,439
69076181,30.2044,30.2682,439,42112,0.606574,0.37,1,959196,958757,439
69079101,34.0409,33.2536,440,42162,0.593315,0.39,1,959231,958791,440
69082021,30.0082,29.0507,441,42212,0.574663,0.39,1,959260,958819,441
69084941,7.60163,7.41015,441,42262,0.570933,0.39,1,959262,958821,441
69087861,19.1203,19.082,441,42312,0.570187,0.45,1,959284,958843,441
69090781,45.4241,44.6164,442,42362,0.586037,0.43,1,959336,958894,442
69093701,51.4848,50.5233,443,42412,0.573207,0.43,1,959389,958946,443
69096621,29.497,29.3047,443,42462,0.570642,0.45,1,959413,958970,443
69099541,29.0994,27.4609,445,42512,0.554128,0.57,1,959442,958997,445
69102461,43.4199,40.6922,448,42562,0.598826,0.55,1,959489,959041,448
69105381,23.084,21.7384,449,42612,0.591765,0.59,1,959507,959058,449
69108301,24.6168,23.5477,450,42662,0.622353,0.61,1,959532,959082,450
69111221,43.3234,43.1095,450,42711,0.676471,0.59,1,959580,959130,450
69114141,40.6647,39.0219,452,42760,0.703294,0.61,1,959620,959168,452
69117061,30.5329,30.2044,452,42809,0.756659,0.59,2,959648,959196,452
69119981,33.3066,34.0409,451,42858,0.767332,0.57,2,959682,959231,451
69122901,29.0613,30.0082,450,42907,0.737466,0.57,1,959710,959260,450
69125821,7.41226,7.60163,450,42956,0.731493,0.57,1,959712,959262,450
69128741,19.0825,19.1203,450,43005,0.762299,0.57,2,959734,959284,450
69131661,43.8165,3.82407,500,43054,0.76846,0.59,2,959784,959284,500
69134581,50.3633,42.3648,500,43103,0.785692,0.57,2,959836,959336,500
69137501,29.2727,50.873,471,43152,0.805138,0.57,2,959860,959389,471
69140421,29.0545,29.3746,476,43201,0.825028,0.55,2,959889,959413,476
69143341,45.0109,29.0749,496,43250,0.813006,0.61,2,959938,959442,496
69146261,24.2022,43.415,468,43299,0.794601,0.59,2,959957,959489,468
69149181,26.4404,23.083,477,43348,0.82292,0.63,2,959984,959507,477
69152101,46.0881,24.6166,503,43397,0.812584,0.69,2,960035,959532,503
69155021,42.8176,43.3233,497,43446,0.826517,0.71,2,960077,959580,497
69157941,30.9635,40.6647,485,43495,0.845303,0.77,2,960105,959620,485
69160861,33.3927,30.5329,491,43544,0.865061,0.77,2,960139,959648,491
69163781,29.0785,33.3066,485,43592,0.869012,0.73,2,960167,959682,485
69166701,7.41571,29.0613,459,43640,0.869802,0.73,2,960169,959710,459
69169621,19.0831,7.41226,479,43688,0.86996,0.77,2,960191,959712,479
69172541,45.4166,19.0825,509,43736,0.901992,0.77,2,960243,959734,509
69175461,51.4833,43.8165,512,43784,0.924398,0.79,2,960296,959784,512
69525861,34,30,520,49227,0.89,1,2,964052,963532,520
69528781,43.6,43.6,519,49270,0.81,1,2,964098,963579,519
69531701,35.92,38.32,516,49313,0.81,1,2,964132,963616,516
69534621,29.584,39.664,504,49356,0.762,1,2,964160,963656,504
69537541,40.3168,34.3328,514,49399,0.6884,1,1,964203,963689,514
69540461,31.2634,33.2666,510,49442,0.70568,1,1,964232,963722,510
69543381,31.8527,32.2533,510,49485,0.661136,1,1,964264,963754,510
69546301,27.1705,22.4507,516,49528,0.652227,1,1,964290,963774,516
69549221,23.8341,34.0901,502,49571,0.634445,0.94,1,964313,963811,502
69552141,15.9668,26.018,492,49614,0.646889,1,1,964327,963835,492
69555061,19.9934,22.8036,491,49656,0.713378,1,1,964348,963857,491
69557981,21.5987,13.3607,502,49698,0.630676,1,1,964370,963868,502
69560901,25.9197,21.0721,506,49740,0.694135,0.93,1,964397,963891,506
69563821,21.9839,33.0144,491,49782,0.722827,0.88,1,964418,963927,491
69566741,28.3968,28.2029,494,49824,0.728565,0.91,1,964448,963954,494
69569661,28.8794,31.2406,491,49866,0.745713,0.91,1,964477,963986,491
69572581,32.9759,31.8481,493,49908,0.717143,0.89,1,964511,964018,493
69575501,44.1952,33.5696,506,49950,0.759429,0.79,2,964558,964052,506
69578421,35.239,43.5139,493,49992,0.799886,0.81,2,964591,964098,493
69581341,27.8478,35.9028,485,50034,0.775977,0.75,2,964617,964132,485
69584261,44.7696,29.5806,506,50076,0.787195,0.67,2,964666,964160,506
69587181,27.3539,40.3161,486,50118,0.805439,0.71,2,964689,964203,486
69590101,27.8708,31.2632,485,50160,0.873088,0.65,2,964717,964232,485
69593021,25.5742,31.8526,478,50202,0.886618,0.65,2,964742,964264,478
69595941,24.3148,27.1705,476,50244,0.921324,0.63,2,964766,964290,476
69598861,19.263,23.8341,471,50286,0.912265,0.65,2,964784,964313,471
69601781,5.45259,15.9668,459,50328,0.910453,0.73,2,964786,964327,459
69604701,17.0905,19.9934,458,50370,0.910091,0.61,2,964806,964348,458
69607621,19.4181,21.5987,456,50412,0.910018,0.71,2,964826,964370,456
69915681,50,57,482,27076,0.57,1,1,968915,968433,482
69918601,88.4,83.4,490,27154,0.314,0.94,1,969013,968523,490
69921521,77.68,81.48,484,27232,0.2308,1,1,969088,968604,484
69924441,61.136,68.296,476,27310,0.15016,0.94,1,969145,968669,476
69927361,42.6272,45.6592,474,27388,0.150032,0.97,1,969183,968709,474
69930281,40.5254,37.9318,478,27465,0.118006,0.99,1,969223,968745,478
69933201,32.1051,36.3864,472,27542,0.111601,0.9,1,969253,968781,472
69936121,32.821,37.6773,467,27619,0.0943203,0.69,1,969286,968819,467
69939041,32.1642,44.3355,453,27696,0.058864,0.57,1,969318,968865,453
69941961,44.8328,48.8671,451,27772,0.0677728,0.25,1,969366,968915,451
69944881,74.5666,88.1734,435,27848,0.0695546,0.21,1,969448,969013,435
69947801,70.9133,77.6347,430,27924,0.133911,0.13,1,969518,969088,430
69950721,62.1827,61.1269,433,28000,0.114782,0.15,1,969578,969145,433
69953641,37.2365,42.6254,426,28076,0.174956,0.11,1,969609,969183,426
69956561,40.2473,40.5251,427,28151,0.234991,0.11,1,969650,969223,427
69959481,31.2495,32.105,426,28226,0.230998,0.09,1,969679,969253,426
69962401,32.6499,32.821,426,28301,0.2622,0.05,1,969712,969286,426
69965321,30.53,32.1642,424,28376,0.30044,0.05,1,969742,969318,424
69968241,44.506,6.43284,472,28451,0.308088,0.07,1,969790,969318,472
69971161,74.5012,39.6866,506,28525,0.341618,0.07,1,969872,969366,506
69974081,72.5002,73.5373,496,28599,0.396324,0.15,1,969944,969448,496
69977001,63.3,70.7075,487,28673,0.423265,0.11,1,970005,969518,487
69979921,38.26,62.1415,459,28747,0.460653,0.19,1,970037,969578,459
69982841,42.852,37.2283,472,28821,0.468131,0.25,1,970081,969609,472
69985761,31.7704,40.2457,460,28894,0.453626,0.23,1,970110,969650,460
69988681,35.1541,31.2491,467,28967,0.450725,0.27,1,970146,969679,467
69991601,31.8308,32.6498,465,29040,0.434145,0.31,1,970177,969712,465
69994521,45.5662,30.53,484,29113,0.446829,0.31,1,970226,969742,484
69997441,76.3132,44.506,520,29186,0.481366,0.35,1,970310,969790,520
70000361,75.2626,74.5012,513,29259,0.504273,0.41,1,970385,969872,513
70003281,66.2525,72.5002,505,29331,0.508855,0.43,1,970449,969944,505
70006201,39.6505,63.3,477,29403,0.493771,0.47,1,970482,970005,477
70009121,42.3301,38.26,488,29475,0.538754,0.47,1,970525,970037,488
70012041,30.866,42.852,472,29547,0.563751,0.45,1,970553,970081,472
70014961,34.9732,31.7704,479,29619,0.60075,0.45,1,970589,970110,479
70017881,32.5946,35.1541,475,29690,0.64015,0.43,1,970621,970146,475
70020801,44.9189,31.8308,492,29761,0.68003,0.45,1,970669,970177,492
70023721,77.7838,45.5662,529,29832,0.720006,0.49,1,970755,970226,529
70026641,17.1568,76.3132,447,29903,0.728001,0.51,1,970757,970310,447
70029561,63.4314,75.2626,447,29974,0.7456,0.51,1,970832,970385,447
70032481,63.8863,66.2525,447,30045,0.76512,0.49,2,970896,970449,447
70035401,39.1773,39.6505,447,30115,0.785024,0.55,2,970929,970482,447
70038321,44.6354,42.3301,450,30185,0.773005,0.57,2,970975,970525,450
70041241,31.3271,30.866,450,30255,0.802601,0.61,2,971003,970553,450
70044161,37.4654,34.9732,453,30325,0.84052,0.65,2,971042,970589,453
70047081,33.8931,32.5946,454,30395,0.832104,0.69,2,971075,970621,454
70050001,47.5786,44.9189,457,30465,0.846421,0.73,2,971126,970669,457
70052921,79.1157,77.7838,458,30534,0.865284,0.73,2,971213,970755,458
70055841,17.4231,17.1568,458,30603,0.869057,0.75,2,971215,970757,458
70058761,63.4846,63.4314,458,30672,0.869811,0.77,2,971290,970832,458
70061681,65.4969,63.8863,460,30741,0.869962,0.79,2,971356,970896,460
70064601,38.6994,39.1773,459,30810,0.885993,0.77,2,971388,970929,459
70067521,43.7399,44.6354,458,30879,0.905199,0.81,2,971433,970975,458
70070441,33.548,31.3271,461,30948,0.90904,0.85,2,971464,971003,461
70073361,40.3096,37.4654,464,31016,0.909808,0.83,2,971506,971042,464
70190161,33,34,494,33635,0.87,1,2,973361,972867,494
70193081,30.6,30,495,33698,0.726,1,1,973391,972896,495
70196001,36.52,30.8,502,33761,0.6652,1,1,973429,972927,502
70198921,34.504,34.16,501,33824,0.49304,1,1,973463,972962,501
70201841,54.1008,54.032,501,33887,0.346608,1,1,973522,973021,501
70204761,69.2202,82.8064,484,33949,0.173322,1,1,973595,973111,484
70207681,48.244,42.9613,494,34011,0.154664,1,1,973638,973144,494
70210601,40.0488,42.1923,490,34073,0.118933,1,1,973676,973186,490
70213521,53.6098,61.2385,481,34135,0.0637866,0.84,1,973733,973252,481
70216441,37.122,45.0477,473,34197,0.0367573,0.83,1,973766,973293,473
70219361,29.8244,37.0095,466,34259,0.0313515,0.83,1,973794,973328,466
70222281,28.3649,7.40191,494,34321,0.0462703,0.87,1,973822,973328,494
70225201,25.673,27.8804,486,34383,0.0172541,0.69,1,973847,973361,486
70228121,31.5346,29.5761,489,34444,0.0274508,0.65,1,973880,973391,489
70231041,27.9069,36.3152,478,34505,0.0134902,0.45,1,973907,973429,478
70233961,47.1814,34.463,496,34566,0.074698,0.31,1,973959,973463,496
70236881,60.6363,54.0926,501,34627,0.0389396,0.13,1,974023,973522,501
70239801,44.9273,69.2185,469,34688,0.0797879,0.15,1,974064,973595,469
70242721,35.3854,48.2437,459,34749,0.0239576,0.11,1,974097,973638,459
70245641,53.4771,40.0487,479,34810,0.0287915,0.05,1,974155,973676,479
70248561,36.2954,53.6097,454,34871,0.0137583,0.03,1,974187,973733,454
70251481,29.6591,37.1219,449,34932,0.106752,0.03,1,974215,973766,449
70254401,29.9318,29.8244,451,34993,0.0613503,0.05,1,974245,973794,451
70257321,25.1864,28.3649,447,35053,0.10027,0.01,1,974269,973822,447
70260241,32.2373,25.673,456,35113,0.076054,0.03,1,974303,973847,456
70263161,27.2475,31.5346,449,35173,0.0712108,0.01,1,974329,973880,449
70266081,49.4495,27.9069,477,35233,0.0222422,0.09,1,974384,973907,477
70269001,59.4899,47.1814,487,35293,0.108448,0.03,1,974446,973959,487
70271921,46.298,60.6363,466,35353,0.0776897,0.09,1,974489,974023,466
70274841,34.0596,44.9273,456,35413,0.0875379,0.01,1,974520,974064,456
70277761,54.0119,35.3854,482,35473,0.0415076,0.03,1,974579,974097,482
70280681,35.6024,53.4771,455,35533,0.0483015,0.01,1,974610,974155,455
70283601,31.1205,36.2954,453,35592,0.0336603,0.13,1,974640,974187,453
70286521,27.8241,29.6591,452,35651,0.0307321,0.05,1,974667,974215,452
70289441,7.16482,29.9318,424,35710,0.0301464,0.11,1,974669,974245,424
70292361,23.033,25.1864,427,35769,0.0460293,0.07,1,974696,974269,427
70295281,30.2066,32.2373,425,35828,0.0492059,0.07,1,974728,974303,425
70298201,25.2413,27.2475,423,35887,0.0498412,0.01,1,974752,974329,423
70301121,49.0483,49.4495,423,35946,0.0339682,0.13,1,974807,974384,423
70304041,61.8097,59.4899,426,36005,0.0627936,0.07,1,974872,974446,426
70306961,48.3619,46.298,428,36064,0.0365587,0.09,1,974917,974489,428
70309881,32.8724,34.0596,426,36123,0.0473117,0.03,1,974946,974520,426
70312801,51.3745,54.0119,423,36182,0.0654623,0.05,1,975002,974579,423
70315721,34.2749,35.6024,422,36240,0.0370925,0.03,1,975032,974610,422
70318641,31.655,31.1205,423,36298,0.0314185,0.03,1,975063,974640,423
70321561,27.131,27.8241,422,36356,0.0622837,0.03,1,975089,974667,422
70324481,7.0262,7.16482,422,36414,0.0684567,0.05,1,975091,974669,422
70327401,23.0052,23.033,422,36472,0.0376913,0.05,1,975118,974696,422
70330321,30.201,30.2066,422,36530,0.111538,0.05,1,975150,974728,422
70333241,25.2402,25.2413,422,36588,0.0943077,0.03,1,975174,974752,422
70336161,49.048,49.0483,422,36646,0.0748615,0.07,1,975229,974807,422
70339081,63.4096,61.8097,424,36704,0.0549723,0.03,1,975296,974872,424
70342001,47.8819,48.3619,423,36762,0.0509945,0.05,1,975340,974917,423
70344921,34.3764,32.8724,425,36819,0.114199,0.07,1,975371,974946,425
70347841,50.0753,51.3745,423,36876,0.17484,0.03,1,975425,975002,423
70350761,33.2151,34.2749,422,36933,0.170968,0.03,1,975454,975032,422
70353681,32.243,31.655,423,36990,0.138194,0.07,1,975486,975063,423
70356601,26.4486,27.131,422,37047,0.131639,0.07,1,975511,975089,422
70359521,6.88972,7.0262,422,37104,0.130328,0.03,1,975513,975091,422
70362441,24.5779,23.0052,424,37161,0.146066,0.03,1,975542,975118,424
70365361,31.3156,4.60105,457,37218,0.181213,0.13,1,975575,975118,457
70368281,25.4631,26.5202,449,37275,0.204243,0.09,1,975599,975150,449
70371201,46.6926,24.504,477,37332,0.208849,0.07,1,975651,975174,477
70374121,63.7385,48.9008,490,37389,0.25777,0.05,1,975719,975229,490
70377041,47.9477,63.3802,467,37446,0.283554,0.05,1,975763,975296,467
70379961,37.5895,47.876,458,37502,0.272711,0.13,1,975798,975340,458
70382881,53.1179,34.3752,484,37558,0.302542,0.19,1,975855,975371,484
70385801,31.4236,50.075,456,37614,0.324508,0.17,1,975881,975425,456
70388721,30.2847,33.215,457,37670,0.328902,0.13,1,975911,975454,457
70391641,27.6569,32.243,452,37726,0.31378,0.13,1,975938,975486,452
70394561,7.13139,26.4486,429,37782,0.310756,0.13,1,975940,975511,429
70397481,25.4263,6.88972,457,37838,0.310151,0.15,1,975970,975513,457
70400401,33.0853,24.5779,463,37894,0.32603,0.19,1,976005,975542,463
70403321,26.6171,31.3156,455,37950,0.329206,0.21,1,976030,975575,455
70406241,46.9234,25.4631,483,38006,0.393841,0.21,1,976082,975599,483
70409161,66.1847,46.6926,502,38062,0.422768,0.27,1,976153,975651,502
70412081,49.2369,63.7385,479,38118,0.444554,0.29,1,976198,975719,479
70415001,37.0474,47.9477,469,38173,0.464911,0.27,1,976232,975763,469
70417921,55.4095,37.5895,494,38228,0.484982,0.31,1,976292,975798,494
70420841,31.8819,53.1179,463,38283,0.504996,0.33,1,976318,975855,463
70423761,30.3764,31.4236,467,38338,0.540999,0.33,1,976348,975881,467
70426681,26.8753,30.2847,463,38393,0.5642,0.31,1,976374,975911,463
70429601,6.97506,27.6569,438,38448,0.56884,0.31,1,976376,975938,438
70432521,25.395,7.13139,466,38503,0.569768,0.31,1,976406,975940,466
70435441,34.679,25.4263,473,38558,0.553954,0.33,1,976443,975970,473
70438361,26.9358,33.0853,463,38613,0.582791,0.33,1,976468,976005,463
70441281,6.98716,26.6171,440,38668,0.588558,0.41,1,976470,976030,440
70444201,44.5974,46.9234,442,38723,0.589712,0.43,1,976524,976082,442
70447121,66.5195,66.1847,443,38778,0.621942,0.45,1,976596,976153,443
70450041,50.1039,49.2369,444,38832,0.580388,0.47,1,976642,976198,444
70452961,38.0208,37.0474,445,38886,0.556078,0.49,1,976677,976232,445
70455881,57.2042,55.4095,447,38940,0.615216,0.51,1,976739,976292,447
70458801,33.8408,31.8819,449,38994,0.627043,0.55,1,976767,976318,449
70461721,31.5682,30.3764,450,39048,0.629409,0.57,1,976798,976348,450
70464641,27.1136,26.8753,450,39102,0.661882,0.57,1,976824,976374,450
70467561,7.02273,6.97506,450,39156,0.636376,0.57,1,976826,976376,450
70470481,25.4045,25.395,450,39210,0.631275,0.55,1,976856,976406,450
70473401,33.8809,34.679,449,39264,0.662255,0.59,1,976892,976443,449
70476321,28.3762,26.9358,451,39318,0.620451,0.59,1,976919,976468,451
70479241,7.27524,6.98716,451,39372,0.64409,0.59,1,976921,976470,451
70482161,44.655,44.5974,451,39426,0.680818,0.63,1,976975,976524,451
70485081,67.331,66.5195,452,39480,0.736164,0.57,1,977048,976596,452
70488001,48.6662,50.1039,450,39533,0.715233,0.55,1,977092,976642,450
70490921,36.9332,38.0208,449,39586,0.743047,0.63,1,977126,976677,449
70493841,60.1866,57.2042,453,39639,0.796609,0.63,2,977192,976739,453
70496761,32.8373,33.8408,451,39692,0.823322,0.63,2,977218,976767,451
70499681,32.9675,31.5682,453,39745,0.860664,0.67,2,977251,976798,453
70502601,27.3935,27.1136,453,39798,0.884133,0.63,2,977277,976824,453
70505521,7.0787,7.02273,453,39851,0.888827,0.63,2,977279,976826,453
70508441,25.4157,25.4045,453,39904,0.889765,0.67,2,977309,976856,453
70511361,33.8831,33.8809,453,39957,0.937953,0.61,2,977345,976892,453
70514281,28.3766,28.3762,453,40010,0.931591,0.65,2,977372,976919,453
70517201,7.27533,7.27524,453,40063,0.930318,0.65,2,977374,976921,453
70520121,46.2551,1.45505,509,40116,0.914064,0.69,2,977430,976921,509
70683641,37,38,489,42962,0.79,1,2,979457,978968,489
70686561,29.8,32.4,486,43011,0.822,1,2,979485,978999,486
70689481,30.76,6.48,517,43060,0.7164,1,1,979516,978999,517
70692401,44.552,28.496,531,43109,0.71128,1,1,979564,979033,531
70695321,36.9104,53.6992,506,43158,0.710256,1,1,979599,979093,506
70698241,35.3821,39.5398,505,43207,0.662051,1,1,979634,979129,505
70701161,27.0764,31.908,500,43256,0.62041,1,1,979659,979159,500
70704081,26.2153,28.7816,498,43305,0.532082,1,1,979685,979187,498
70707001,34.0431,29.7563,504,43354,0.498416,1,1,979721,979217,504
70709921,35.6086,32.3513,507,43403,0.507683,0.98,1,979757,979250,507
70712841,23.9217,32.0703,496,43452,0.509537,1,1,979778,979282,496
70715761,21.5843,26.4141,492,43501,0.509907,1,1,979799,979307,492
70718681,33.1169,22.8828,506,43550,0.525981,0.95,1,979835,979329,506
70721601,45.0234,34.1766,517,43598,0.545196,0.81,1,979883,979366,517
70724521,37.8047,50.0353,499,43646,0.565039,0.79,1,979919,979420,499
70727441,28.3609,39.6071,488,43694,0.569008,0.83,1,979945,979457,488
70730361,28.8722,30.3214,489,43742,0.569802,0.69,1,979974,979485,489
70733281,43.3744,30.8643,505,43790,0.58596,0.71,1,980021,979516,505
70736201,33.4749,44.5729,488,43838,0.637192,0.71,1,980052,979564,488
70739121,33.895,36.9146,487,43886,0.647438,0.65,1,980086,979599,487
70742041,25.179,35.3829,475,43934,0.649488,0.61,1,980109,979634,475
70744961,23.4358,27.0766,473,43982,0.665898,0.51,1,980132,979659,473
70747881,32.6872,26.2153,482,44030,0.653179,0.49,1,980167,979685,482
70750801,36.9374,34.0431,484,44078,0.650636,0.51,1,980205,979721,484
70753721,23.3875,35.6086,468,44126,0.682127,0.51,1,980225,979757,468
70756641,21.4775,23.9217,468,44174,0.688425,0.51,1,980246,979778,468
70759561,33.8955,21.5843,484,44222,0.721685,0.53,1,980283,979799,484
70762481,45.1791,33.1169,496,44270,0.696337,0.55,1,980331,979835,496
70765401,38.6358,45.0234,485,44318,0.691267,0.57,1,980368,979883,485
70768321,28.5272,37.8047,475,44366,0.706253,0.57,1,980394,979919,475
70771241,29.7054,28.3609,479,44414,0.677251,0.57,1,980424,979945,479
70774161,45.1411,28.8722,499,44461,0.68745,0.59,1,980473,979974,499
70777081,10.6282,43.3744,454,44508,0.68949,0.65,1,980475,980021,454
70780001,26.9256,33.4749,454,44555,0.753898,0.65,2,980506,980052,454
70782921,34.9851,33.895,457,44602,0.75078,0.65,2,980543,980086,457
70785841,22.997,25.179,454,44649,0.750156,0.67,2,980563,980109,454
70788761,23.7994,23.4358,455,44696,0.750031,0.65,2,980587,980132,455
70791681,31.9599,32.6872,454,44743,0.750006,0.65,2,980621,980167,454
70794601,36.792,36.9374,454,44790,0.734001,0.69,1,980659,980205,454
70797521,24.1584,23.3875,455,44837,0.7468,0.69,1,980680,980225,455
70800441,21.6317,21.4775,455,44884,0.74936,0.73,1,980701,980246,455
70803361,34.7263,33.8955,456,44931,0.749872,0.69,1,980739,980283,456
70806281,45.3453,45.1791,456,44978,0.781974,0.69,2,980787,980331,456
70809201,39.4691,38.6358,457,45025,0.772395,0.71,2,980825,980368,457
70812121,28.6938,28.5272,457,45072,0.786479,0.67,2,980851,980394,457
70815041,28.1388,29.7054,455,45119,0.821296,0.69,2,980879,980424,455
70817961,46.4278,45.1411,457,45166,0.812259,0.69,2,980930,980473,457
70820881,10.8855,10.6282,457,45213,0.810452,0.77,2,980932,980475,457
70823801,27.7771,26.9256,458,45260,0.87409,0.75,2,980964,980506,458
70826721,34.3554,34.9851,457,45307,0.918818,0.75,2,981000,980543,457
70829641,22.8711,22.997,457,45354,0.927764,0.75,2,981020,980563,457
70832561,23.7742,23.7994,457,45400,0.945553,0.75,2,981044,980587,457
71073461,80,49,492,22724,0.55,0.61,1,983672,983180,492
71076381,82.4,81,486,22817,0.598,0.59,1,983755,983269,486
71079301,60.48,62.6,483,22910,0.6716,0.49,1,983810,983327,483
71082221,52.896,75.72,455,23003,0.73432,0.55,1,983861,983406,455
71085141,68.1792,48.744,485,23095,0.698864,0.41,1,983933,983448,485
71088061,55.2358,84.1488,444,23187,0.707773,0.47,1,983985,983541,444
71090981,43.8472,32.0298,466,23278,0.757555,0.53,2,984026,983560,466
71093901,83.9694,32.006,528,23369,0.767511,0.55,2,984120,983592,528
71096821,85.5939,70.4012,534,23460,0.737502,0.61,1,984206,983672,534
71099741,65.9188,80.4802,512,23550,0.7315,0.69,1,984267,983755,512
71102661,53.1838,60.096,507,23640,0.7303,0.75,1,984317,983810,507
71105581,67.4367,52.8192,527,23730,0.73006,0.69,1,984388,983861,527
71108501,56.6873,68.1638,509,23819,0.762012,0.71,2,984442,983933,509
71111421,45.7375,55.2328,500,23908,0.752402,0.77,2,984485,983985,500
71114341,10.7475,43.8466,461,23997,0.75048,0.77,2,984487,984026,461
71117261,76.5495,83.9693,460,24085,0.782096,0.73,2,984580,984120,460
71120181,82.5099,85.5939,458,24173,0.788419,0.73,2,984664,984206,458
71123101,65.302,65.9188,458,24261,0.805684,0.73,2,984725,984267,458
71126021,53.0604,53.1838,458,24348,0.921137,0.73,2,984775,984317,458
71213621,77,73,546,26836,0.73,1,1,986539,985993,546
71216541,65,65,545,26915,0.698,1,1,986601,986056,545
71219461,36.2,74.6,497,26994,0.6276,1,1,986630,986133,497
71222381,40.04,51.72,492,27072,0.53352,1,1,986671,986179,492
71225301,49.608,62.344,479,27150,0.370704,0.93,1,986723,986244,479
71228221,80.3216,78.8688,484,27228,0.258141,1,1,986811,986327,484
71231141,40.0643,42.1738,481,27306,0.331628,0.92,1,986841,986360,481
71234061,30.4129,35.6348,475,27384,0.266326,0.89,1,986869,986394,475
71236981,54.8826,61.527,468,27461,0.157265,0.73,1,986930,986462,468
71239901,63.7765,73.9054,457,27538,0.135453,0.69,1,986996,986539,457
71242821,56.7553,64.3811,450,27615,0.0990906,0.61,1,987051,986601,450
71245741,33.7511,36.0762,449,27692,0.107818,0.51,1,987079,986630,449
71248661,38.7502,40.0152,448,27768,0.125564,0.33,1,987119,986671,448
71251581,43.75,49.6031,441,27844,0.113113,0.23,1,987164,986723,441
71254501,75.95,80.3206,437,27920,0.158623,0.35,1,987248,986811,437
71257421,38.39,40.0641,436,27996,0.183724,0.25,1,987277,986841,436
71260341,30.078,30.4128,436,28072,0.220745,0.13,1,987305,986869,436
71263261,48.4156,54.8826,428,28147,0.244149,0.13,1,987358,986930,428
71266181,60.8831,63.7765,426,28222,0.28083,0.09,1,987422,986996,426
71269101,55.3766,56.7553,425,28297,0.304166,0.11,1,987476,987051,425
71272021,33.4753,33.7511,425,28372,0.324833,0.11,1,987504,987079,425
71274941,40.2951,6.75021,467,28447,0.344967,0.13,1,987546,987079,467
71277861,43.259,33.35,471,28521,0.348993,0.11,1,987590,987119,471
71280781,79.8518,42.67,515,28595,0.413799,0.17,1,987679,987164,515
71283701,38.3704,75.734,459,28669,0.47476,0.19,1,987707,987248,459
71286621,31.6741,38.3468,460,28743,0.518952,0.23,1,987737,987277,460
71289541,49.5348,30.0694,486,28817,0.51179,0.25,1,987791,987305,486
71292461,61.907,48.4139,498,28890,0.526358,0.29,1,987856,987358,498
71295381,57.9814,60.8828,491,28963,0.545272,0.31,1,987913,987422,491
71298301,33.9963,55.3766,465,29036,0.517054,0.33,1,987941,987476,465
71301221,41.1993,33.4753,480,29109,0.495411,0.35,1,987984,987504,480
71304141,43.4399,40.2951,482,29182,0.491082,0.35,1,988028,987546,482
71307061,83.088,43.259,531,29255,0.474216,0.43,1,988121,987590,531
71309981,42.2176,79.8518,474,29327,0.470843,0.49,1,988153,987679,474
71312901,33.2435,38.3704,477,29399,0.486169,0.53,1,988184,987707,477
71315821,49.0487,31.6741,500,29471,0.473234,0.51,1,988237,987737,500
71318741,61.8097,49.5348,511,29543,0.518647,0.53,1,988302,987791,511
71321661,57.9619,61.907,503,29615,0.511729,0.55,1,988359,987856,503
71324581,33.9924,57.9814,474,29686,0.526346,0.51,1,988387,987913,474
71327501,40.3985,33.9963,488,29757,0.561269,0.49,1,988429,987941,488
71330421,43.2797,41.1993,489,29828,0.584254,0.49,1,988473,987984,489
71333341,10.2559,43.4399,447,29899,0.588851,0.47,1,988475,988028,447
71336261,74.8512,83.088,445,29970,0.62177,0.47,1,988566,988121,445
71339181,40.5702,42.2176,445,30041,0.644354,0.49,1,988598,988153,445
71342101,33.714,33.2435,446,30111,0.664871,0.47,1,988630,988184,446
71345021,49.1428,49.0487,446,30181,0.716974,0.53,1,988683,988237,446
71347941,63.4286,61.8097,448,30251,0.823395,0.51,2,988750,988302,448
71350861,58.2857,57.9619,448,30321,0.844679,0.53,2,988807,988359,448
71353781,34.8571,33.9924,449,30391,0.864936,0.57,2,988836,988387,449
71356701,41.3714,40.3985,450,30461,0.868987,0.59,2,988879,988429,450
71359621,44.2743,43.2797,451,30530,0.917797,0.59,2,988924,988473,451
71362541,10.4549,10.2559,451,30599,0.927559,0.63,2,988926,988475,451
71482261,27,23,484,33316,0.77,1,2,990838,990354,484
71485181,58.2,66.2,473,33379,0.69,1,1,990904,990431,473
71488101,38.04,34.84,479,33442,0.658,0.98,1,990937,990458,479
71491021,30.808,28.568,481,33505,0.6196,0.97,1,990966,990485,481
71493941,31.7616,27.3136,486,33568,0.59592,1,1,990998,990512,486
71496861,35.1523,43.8627,474,33631,0.591184,0.97,1,991034,990560,474
71499781,74.2305,75.1725,475,33694,0.670237,0.97,1,991118,990643,475
71502701,51.6461,55.8345,470,33757,0.686047,0.96,1,991164,990694,470
71505621,39.1292,40.7669,469,33820,0.689209,0.85,1,991200,990731,469
71508541,35.8258,40.1534,464,33883,0.737842,0.75,1,991235,990771,464
71511461,35.9652,40.0307,460,33945,0.715568,0.77,1,991271,990811,460
71514381,26.393,29.6061,457,34007,0.711114,0.67,1,991295,990838,457
71517301,58.0786,58.7212,457,34069,0.694223,0.65,1,991361,990904,457
71520221,34.0157,38.1442,452,34131,0.770845,0.61,2,991389,990937,452
71523141,28.4031,30.8288,450,34193,0.802169,0.59,2,991416,990966,450
71526061,32.8806,31.7658,452,34255,0.776434,0.59,2,991450,990998,452
71528981,35.3761,6.35315,488,34317,0.771287,0.59,2,991486,990998,488
71531901,75.0752,30.0706,537,34379,0.850257,0.69,2,991571,991034,537
71534821,53.415,73.2141,501,34441,0.914051,0.69,2,991619,991118,501
71537741,37.883,51.4428,489,34502,0.94281,0.69,2,991653,991164,489
71540661,37.9766,39.0886,491,34563,0.932562,0.75,2,991691,991200,491
71558181,34,27,493,34929,0.95,0.77,2,991909,991416,493
71569861,35,48,503,35170,0.93,0.95,2,992122,991619,503
71572781,37.4,36.8,507,35230,0.898,0.93,2,992160,991653,507
71680821,44,49,512,37386,0.83,1,2,993627,993115,512
71683741,30.4,35.4,507,37443,0.766,1,2,993654,993147,507
71686661,58.08,27.08,547,37499,0.5132,1,1,993719,993172,547
71689581,31.616,64.616,498,37555,0.49464,1,1,993744,993246,498
71692501,29.5232,31.3232,504,37611,0.426928,1,1,993773,993269,504
71695421,38.7046,33.4646,511,37667,0.317386,1,1,993814,993303,511
71698341,32.5409,37.0929,504,37723,0.263477,1,1,993845,993341,504
71701261,24.9082,29.8186,499,37779,0.220695,1,1,993868,993369,499
71704181,62.5816,25.9637,546,37835,0.0841391,1,1,993940,993394,546
71707101,37.3163,62.7927,505,37891,0.0408278,1,1,993971,993466,505
71710021,36.2633,40.5585,506,37947,0.0161656,0.95,1,994007,993501,506
71712941,36.8527,40.9117,502,38003,0.0432331,0.83,1,994044,993542,502
71715861,41.7705,40.9823,504,38059,0.0326466,0.83,1,994087,993583,504
71718781,26.7541,43.3965,483,38115,0.0145293,0.75,1,994110,993627,483
71721701,46.9508,30.2793,508,38170,0.0589059,0.45,1,994162,993654,508
71724621,27.7902,58.0559,466,38225,0.0997812,0.49,1,994185,993719,466
71727541,26.358,31.6112,467,38280,0.0759562,0.41,1,994211,993744,467
71730461,34.0716,29.5222,474,38335,0.119191,0.29,1,994247,993773,474
71733381,33.2143,38.7044,466,38390,0.111838,0.25,1,994280,993814,466
71736301,22.6429,32.5409,455,38445,0.158368,0.21,1,994300,993845,455
71739221,54.9286,24.9082,495,38500,0.215674,0.05,1,994363,993868,495
71742141,35.7857,62.5816,454,38555,0.227135,0.03,1,994394,993940,454
71745061,35.1571,37.3163,458,38610,0.245427,0.01,1,994429,993971,458
71747981,8.63143,36.2633,424,38665,0.249085,0.05,1,994431,994007,424
71750901,32.1263,36.8527,425,38720,0.233817,0.03,1,994469,994044,425
71753821,39.2253,41.7705,423,38775,0.214763,0.01,1,994510,994087,423
71756741,26.2451,26.7541,423,38829,0.194953,0.07,1,994533,994110,423
71759661,48.449,46.9508,425,38883,0.206991,0.11,1,994587,994162,425
71762581,29.6898,27.7902,427,38937,0.273398,0.07,1,994612,994185,427
71765501,27.538,26.358,428,38991,0.28668,0.13,1,994639,994211,428
71768421,32.7076,34.0716,426,39045,0.337336,0.11,1,994673,994247,426
71771341,33.7415,33.2143,427,39099,0.315467,0.17,1,994707,994280,427
71774261,23.5483,22.6429,428,39153,0.359093,0.23,1,994728,994300,428
71777181,57.5097,54.9286,431,39207,0.367819,0.23,1,994794,994363,431
71780101,37.9019,35.7857,433,39261,0.321564,0.25,1,994827,994394,433
71783021,34.7804,35.1571,432,39315,0.360313,0.25,1,994861,994429,432
71785941,8.55608,8.63143,432,39369,0.336063,0.23,1,994863,994431,432
71788861,31.3112,32.1263,431,39423,0.363212,0.21,1,994900,994469,431
71791781,38.2622,39.2253,430,39477,0.384642,0.19,1,994940,994510,430
71794701,25.2524,26.2451,429,39530,0.420929,0.21,1,994962,994533,429
71797621,50.6505,48.449,432,39583,0.412186,0.29,1,995019,994587,432
71800541,32.5301,29.6898,435,39636,0.490437,0.29,1,995047,994612,435
71803461,29.706,27.538,437,39689,0.506087,0.35,1,995076,994639,437
71806381,33.1412,32.7076,437,39742,0.477217,0.31,1,995110,994673,437
71809301,33.8282,33.7415,437,39795,0.519444,0.37,1,995144,994707,437
71812221,24.3656,23.5483,438,39848,0.495889,0.37,1,995166,994728,438
71815141,57.6731,57.5097,438,39901,0.523178,0.31,1,995232,994794,438
71818061,37.1346,37.9019,437,39954,0.512636,0.37,1,995264,994827,437
71820981,35.4269,34.7804,438,40007,0.558527,0.33,1,995299,994861,438
71823901,8.68538,8.55608,438,40060,0.567705,0.33,1,995301,994863,438
71826821,32.1371,1.71122,476,40113,0.585541,0.37,1,995339,994863,476
71829741,39.2274,29.9422,480,40166,0.605108,0.39,1,995380,994900,480
71832661,25.4455,37.9884,462,40219,0.625022,0.43,1,995402,994940,462
71835581,53.8891,25.1977,501,40271,0.629004,0.41,1,995463,994962,501
71838501,33.1778,50.6395,472,40323,0.677801,0.51,1,995491,995019,472
71841421,29.8356,32.5279,473,40375,0.71956,0.51,1,995520,995047,473
71844341,33.1671,29.7056,478,40427,0.743912,0.47,1,995554,995076,478
71847261,34.6334,33.1411,479,40479,0.748782,0.53,1,995589,995110,479
71850181,24.5267,33.8282,467,40531,0.749756,0.49,1,995611,995144,467
71853101,57.7053,24.3656,511,40583,0.749951,0.53,1,995677,995166,511
71856021,39.5411,57.6731,480,40635,0.73399,0.51,1,995712,995232,480
71858941,36.7082,37.1346,484,40687,0.698798,0.57,1,995748,995264,484
71861861,8.94164,35.4269,451,40739,0.69176,0.57,1,995750,995299,451
71864781,33.7883,8.68538,489,40791,0.690352,0.59,1,995790,995301,489
71867701,40.3577,32.1371,493,40843,0.72207,0.61,1,995832,995339,493
71870621,25.6715,39.2274,474,40895,0.744414,0.63,1,995854,995380,474
71873541,56.3343,25.4455,516,40947,0.716883,0.63,1,995918,995402,516
71876461,34.4669,53.8891,484,40999,0.727377,0.69,1,995947,995463,484
71879381,30.8934,33.1778,486,41050,0.697475,0.73,1,995977,995491,486
71882301,34.1787,29.8356,492,41101,0.707495,0.75,1,996012,995520,492
71885221,34.8357,33.1671,493,41152,0.757499,0.75,2,996047,995554,493
71888141,24.5671,34.6334,480,41203,0.7675,0.75,2,996069,995589,480
71891061,57.7134,24.5267,524,41254,0.7695,0.75,2,996135,995611,524
71893981,37.1427,57.7053,490,41305,0.7699,0.73,2,996167,995677,490
71896901,36.2285,39.5411,491,41356,0.78598,0.69,2,996203,995712,491
71899821,8.84571,36.7082,457,41407,0.789196,0.69,2,996205,995748,457
71902741,33.7691,8.94164,495,41458,0.805839,0.69,2,996245,995750,495
71905661,41.9538,33.7883,499,41509,0.873168,0.73,2,996289,995790,499
71908581,9.99077,40.3577,459,41560,0.886634,0.75,2,996291,995832,459
71911501,19.5982,25.6715,459,41611,0.921327,0.71,2,996313,995854,459
72060421,44,30,515,44123,0.71,1,1,998093,997578,515
72063341,35.2,37.2,509,44171,0.662,1,1,998126,997617,509
72066261,34.24,27.44,518,44219,0.6204,1,1,998160,997642,518
72069181,27.648,16.688,530,44267,0.50008,1,1,998186,997656,530
72072101,28.7296,30.5376,525,44315,0.348016,1,1,998215,997690,525
72075021,18.5459,30.1075,511,44363,0.269603,1,1,998231,997720,511
72077941,21.3092,27.6215,506,44411,0.221921,1,1,998253,997747,506
72080861,30.6618,35.1243,502,44458,0.100384,1,1,998286,997784,502
72083781,20.5324,31.0249,490,44505,0.0440768,1,1,998304,997814,490
72086701,24.9065,30.205,486,44552,0.0968154,1,1,998330,997844,486
72089621,30.5813,35.641,481,44599,0.0433631,0.99,1,998362,997881,481
72092541,35.7163,34.3282,484,44646,0.00867261,1,1,998399,997915,484
72095461,28.7433,34.8656,476,44693,0.0577345,0.87,1,998426,997950,476
72098381,52.1487,58.9731,469,44740,0.0195469,0.89,1,998484,998015,469
72101301,31.2297,38.9946,461,44787,0.0759094,0.71,1,998510,998049,461
72104221,35.8459,42.9989,454,44834,0.0711819,0.65,1,998547,998093,454
72107141,31.9692,34.9998,452,44881,0.0382364,0.61,1,998578,998126,452
72110061,29.5938,34.2,447,44928,0.0636473,0.47,1,998607,998160,447
72112981,21.9188,27.64,441,44975,0.0367295,0.31,1,998627,998186,441
72115901,25.1838,28.728,438,45022,0.0633459,0.25,1,998653,998215,438
72118821,12.2368,18.5456,431,45069,0.0526692,0.21,1,998662,998231,431
72121741,21.6474,21.3091,433,45116,0.0665338,0.07,1,998686,998253,433
72124661,25.1295,30.6618,426,45163,0.0853068,0.03,1,998712,998286,426
72127581,17.0259,20.5324,423,45210,0.0730614,0.11,1,998727,998304,423
72130501,23.4052,24.9065,422,45257,0.0706123,0.03,1,998752,998330,422
72133421,31.881,30.5813,424,45304,0.0381225,0,1,998786,998362,424
72136341,36.7762,35.7163,425,45351,0.0316245,0.07,1,998824,998399,425
72139261,27.3552,28.7433,423,45398,0.0143249,0.01,1,998849,998426,423
72142181,51.0711,52.1487,422,45444,0.042865,0.09,1,998906,998484,422
72145101,33.4142,31.2297,425,45490,0.032573,0.07,1,998935,998510,425
72148021,33.8828,35.8459,422,45536,0.0785146,0.03,1,998969,998547,422
72150941,32.3766,31.9692,423,45582,0.103703,0.07,1,999001,998578,423
72153861,29.6753,29.5938,423,45628,0.108741,0.03,1,999030,998607,423
72156781,23.5351,21.9188,425,45674,0.157748,0.07,1,999052,998627,425
72159701,23.907,25.1838,423,45720,0.13555,0.05,1,999076,998653,423
72162621,11.9814,12.2368,423,45766,0.16311,0.07,1,999085,998662,423
72165541,24.7963,21.6474,427,45812,0.136622,0.09,1,999113,998686,427
72168461,23.3593,25.1295,424,45858,0.211324,0.07,1,999136,998712,424
72171381,15.0719,17.0259,422,45904,0.226265,0.07,1,999149,998727,422
72174301,27.0144,23.4052,427,45950,0.197253,0.07,1,999179,998752,427
72177221,27.8029,4.68104,455,45996,0.143451,0.03,1,999207,998752,455
72180141,35.9606,28.1362,459,46042,0.0846901,0.03,1,999245,998786,459
72183061,27.9921,36.0272,447,46088,0.024938,0.01,1,999271,998824,447
72185981,50.3984,27.2054,478,46134,0.0289876,0.05,1,999327,998849,478
72188901,34.8797,51.0411,452,46180,0.0137975,0.03,1,999358,998906,452
72191821,34.1759,33.4082,457,46226,0.0267595,0.09,1,999392,998935,457
72194741,33.2352,33.8816,456,46272,0.0453519,0.11,1,999425,998969,456
72197661,32.247,32.3763,456,46318,0.0490704,0.11,1,999457,999001,456
72200581,24.0494,29.6753,449,46364,0.0658141,0.17,1,999479,999030,449
72203501,24.8099,23.5351,452,46409,0.0531628,0.13,1,999504,999052,452
72206421,11.362,23.907,436,46454,0.0506326,0.17,1,999512,999076,436
72209341,24.6724,11.9814,455,46499,0.0501265,0.13,1,999540,999085,455
72212261,26.5345,24.7963,454,46544,0.0500253,0.23,1,999567,999113,454
72215181,14.9069,23.3593,443,46589,0.0340051,0.23,1,999579,999136,443
72218101,26.9814,15.0719,460,46634,0.014801,0.19,1,999609,999149,460
72221021,25.3963,27.0144,455,46679,0.0429602,0.13,1,999634,999179,455
72223941,33.0793,27.8029,462,46724,0.048592,0.07,1,999669,999207,462
72226861,25.8159,35.9606,448,46769,0.0497184,0.01,1,999693,999245,448
72229781,49.1632,27.9921,477,46814,0.0659437,0.03,1,999748,999271,477
72232701,35.4326,50.3984,453,46859,0.0691887,0.01,1,999780,999327,453
72235621,35.0865,34.8797,457,46904,0.0538377,0.03,1,999815,999358,457
72238541,33.4173,34.1759,456,46949,0.0347675,0.05,1,999848,999392,456
72241461,32.2835,33.2352,455,46994,0.0469535,0.05,1,999880,999425,455
72244381,24.8567,32.247,446,47039,0.0813907,0.07,1,999903,999457,446
72247301,24.1713,24.0494,448,47084,0.104278,0.05,1,999927,999479,448
72250221,11.2343,24.8099,431,47129,0.108856,0.05,1,999935,999504,431
72253141,24.6469,11.362,451,47174,0.109771,0.05,1,999963,999512,451
72256061,25.7294,24.6724,449,47219,0.0939542,0.05,1,999989,999540,449
72258981,14.7459,26.5345,434,47264,0.106791,0.03,1,1000001,999567,434
72261901,26.9492,14.9069,452,47309,0.0933582,0.01,1,1000031,999579,452
72264821,26.1898,26.9814,448,47354,0.106672,0.05,1,1000057,999609,448
72267741,6.83797,25.3963,425,47399,0.125334,0.05,1,1000059,999634,425
72270661,28.5676,33.0793,424,47443,0.193067,0.05,1,1000093,999669,424
72273581,24.1135,25.8159,423,47487,0.206613,0.07,1,1000116,999693,423
72276501,48.8227,49.1632,423,47531,0.161323,0.07,1,1000171,999748,423
72279421,35.3645,35.4326,423,47575,0.152265,0.05,1,1000203,999780,423
72282341,35.0729,35.0865,423,47619,0.150453,0.03,1,1000238,999815,423
72285261,33.4146,33.4173,423,47663,0.102091,0.05,1,1000271,999848,423
72288181,33.8829,32.2835,425,47707,0.124418,0.09,1,1000305,999880,425
72291101,26.7766,24.8567,427,47751,0.160884,0.11,1,1000330,999903,427
72294021,24.5553,24.1713,427,47795,0.216177,0.11,1,1000354,999927,427
72296941,11.3111,11.2343,427,47839,0.227235,0.11,1,1000362,999935,427
72299861,25.4622,24.6469,428,47883,0.213447,0.09,1,1000391,999963,428
72302781,25.0924,25.7294,427,47927,0.194689,0.11,1,1000416,999989,427
72305701,14.6185,14.7459,427,47971,0.222938,0.09,1,1000428,1000001,427
72308621,26.9237,26.9492,427,48015,0.228588,0.11,1,1000458,1000031,427
72311541,26.9847,26.1898,428,48059,0.261717,0.13,1,1000485,1000057,428
72314461,6.99695,6.83797,428,48103,0.300344,0.21,1,1000487,1000059,428
72317381,30.1994,28.5676,430,48147,0.276069,0.21,1,1000523,1000093,430
72320301,24.4399,24.1135,430,48191,0.303214,0.15,1,1000546,1000116,430
72323221,46.488,48.8227,427,48235,0.324643,0.15,1,1000598,1000171,427
72326141,34.8976,35.3645,427,48279,0.328929,0.15,1,1000630,1000203,427
72329061,34.9795,35.0729,427,48323,0.345786,0.09,1,1000665,1000238,427
72331981,34.1959,33.4146,428,48367,0.349157,0.13,1,1000699,1000271,428
72334901,34.8392,33.8829,429,48411,0.365831,0.17,1,1000734,1000305,429
72337821,27.7678,26.7766,430,48455,0.369166,0.23,1,1000760,1000330,430
72340741,25.5536,24.5553,431,48498,0.369833,0.23,1,1000785,1000354,431
72343661,11.5107,11.3111,431,48541,0.369967,0.21,1,1000793,1000362,431
72346581,24.7021,25.4622,430,48584,0.385993,0.19,1,1000821,1000391,430
72349501,25.7404,25.0924,431,48627,0.389199,0.23,1,1000847,1000416,431
72352421,14.7481,14.6185,431,48670,0.43784,0.23,1,1000859,1000428,431
72355341,28.5496,26.9237,433,48713,0.415568,0.27,1,1000891,1000458,433
72358261,28.9099,26.9847,435,48756,0.427114,0.31,1,1000920,1000485,435
72361181,7.38198,6.99695,435,48799,0.477423,0.27,1,1000922,1000487,435
72364101,30.2764,30.1994,435,48842,0.471485,0.27,1,1000958,1000523,435
72367021,25.2553,6.03988,459,48885,0.470297,0.31,1,1000982,1000523,459
72369941,47.4511,19.608,489,48928,0.566059,0.33,1,1001035,1000546,489
72372861,35.0902,45.5216,469,48971,0.601212,0.33,1,1001067,1000598,469
72375781,35.818,34.7043,473,49014,0.608242,0.35,1,1001103,1000630,473
72378701,34.3636,34.9409,472,49057,0.609648,0.35,1,1001137,1000665,472
72381621,35.6727,34.1882,474,49100,0.60993,0.37,1,1001173,1000699,474
72384541,28.7345,34.8376,466,49143,0.609986,0.37,1,1001200,1000734,466
72387461,24.9469,27.7675,464,49186,0.625997,0.37,1,1001224,1000760,464
72390381,11.3894,25.5535,447,49229,0.645199,0.37,1,1001232,1000785,447
72393301,25.4779,11.5107,468,49272,0.64904,0.39,1,1001261,1000793,468
72396221,25.8956,24.7021,466,49315,0.665808,0.39,1,1001287,1000821,466
72399141,15.5791,25.7404,453,49358,0.685162,0.45,1,1001300,1000847,453
72402061,28.7158,14.7481,473,49401,0.689032,0.41,1,1001332,1000859,473
72404981,30.5432,28.5496,472,49444,0.641806,0.43,1,1001363,1000891,472
72407901,7.70863,28.9099,445,49487,0.632361,0.49,1,1001365,1000920,445
72410821,31.1417,7.38198,480,49530,0.646472,0.47,1,1001402,1000922,480
72413741,26.2283,30.2764,469,49573,0.633294,0.47,1,1001427,1000958,469
72416661,51.6457,25.2553,503,49615,0.598659,0.59,1,1001485,1000982,503
72419581,36.7291,47.4511,483,49657,0.623732,0.61,1,1001518,1001035,483
72422501,36.1458,35.0902,487,49699,0.644746,0.61,1,1001554,1001067,487
72425421,34.4292,35.818,485,49741,0.648949,0.61,1,1001588,1001103,485
72428341,36.4858,34.3636,488,49783,0.66579,0.61,1,1001625,1001137,488
72431261,28.8972,35.6727,479,49825,0.653158,0.61,1,1001652,1001173,479
72434181,25.7794,28.7345,477,49867,0.666632,0.63,1,1001677,1001200,477
72437101,12.3559,24.9469,462,49909,0.653326,0.65,1,1001686,1001224,462
72440021,25.6712,11.3894,483,49951,0.682665,0.65,1,1001715,1001232,483
72442941,25.9342,25.4779,480,49993,0.656533,0.67,1,1001741,1001261,480
72445861,16.3868,25.8956,468,50035,0.651307,0.69,1,1001755,1001287,468
72448781,28.8774,15.5791,487,50077,0.650261,0.69,1,1001787,1001300,487
72451701,28.1755,28.7158,483,50119,0.650052,0.63,1,1001815,1001332,483
72454621,7.23509,30.5432,454,50161,0.65001,0.63,1,1001817,1001363,454
72457541,31.847,7.70863,490,50203,0.698002,0.65,1,1001855,1001365,490
72460461,25.5694,31.1417,477,50245,0.7236,0.63,1,1001879,1001402,477
72463381,49.9139,26.2283,508,50287,0.77672,0.59,2,1001935,1001427,508
72466301,11.5828,51.6457,452,50329,0.787344,0.63,2,1001937,1001485,452
72469221,29.5166,36.7291,453,50371,0.837469,0.65,2,1001971,1001518,453
72472141,35.5033,36.1458,454,50413,0.879494,0.65,2,1002008,1001554,454
72475061,34.3007,34.4292,454,50455,0.903899,0.67,2,1002042,1001588,454
72477981,35.6601,36.4858,453,50497,0.92478,0.65,2,1002078,1001625,453
72480901,29.532,28.8972,454,50539,0.928956,0.67,2,1002106,1001652,454
72483821,25.1064,25.7794,453,50581,0.929791,0.65,2,1002130,1001677,453
72486741,13.0213,12.3559,454,50623,0.897958,0.69,2,1002140,1001686,454
72708661,49,62,487,24990,0.05,0.77,1,1004338,1003851,487
72711581,57,58,489,25075,0.066,0.67,1,1004397,1003908,489
72714501,70.6,68.4,492,25160,0.1012,0.41,1,1004471,1003979,492
72717421,58.12,74.48,471,25244,0.12424,0.37,1,1004526,1004055,471
72720341,62.024,53.296,486,25328,0.176848,0.23,1,1004589,1004103,486
72723261,37.2048,69.0592,444,25412,0.12337,0.15,1,1004620,1004176,444
72726181,17.841,34.6118,431,25495,0.128674,0.09,1,1004633,1004202,431
72729101,69.1682,17.3224,500,25578,0.177735,0.07,1,1004715,1004215,500
72732021,50.6336,62.6645,472,25661,0.203547,0.05,1,1004761,1004289,472
72734941,58.1267,51.7329,483,25744,0.256709,0.07,1,1004821,1004338,483
72737861,72.4253,57.5466,500,25826,0.315342,0.11,1,1004897,1004397,500
72740781,59.2851,70.7093,482,25908,0.359068,0.13,1,1004953,1004471,482
72743701,63.057,58.1419,491,25990,0.415814,0.19,1,1005017,1004526,491
72746621,35.8114,62.0284,457,26072,0.443163,0.11,1,1005046,1004589,457
72749541,18.3623,37.2057,440,26153,0.448633,0.13,1,1005060,1004620,440
72752461,71.6725,17.8411,512,26234,0.481726,0.19,1,1005145,1004633,512
72755381,51.9345,69.1682,477,26315,0.520345,0.21,1,1005192,1004715,477
72758301,61.5869,50.6336,495,26396,0.496069,0.27,1,1005256,1004761,495
72761221,75.5174,58.1267,514,26476,0.475214,0.33,1,1005335,1004821,514
72764141,61.5035,72.4253,496,26556,0.471043,0.37,1,1005393,1004897,496
72767061,65.1007,59.2851,506,26636,0.438209,0.43,1,1005459,1004953,506
72769981,37.0201,63.057,472,26716,0.447642,0.45,1,1005489,1005017,472
72772901,18.604,35.8114,457,26795,0.449528,0.45,1,1005503,1005046,457
72775821,73.3208,18.3623,530,26874,0.433906,0.49,1,1005590,1005060,530
72778741,16.2642,71.6725,447,26953,0.430781,0.53,1,1005592,1005145,447
72781661,41.6528,51.9345,448,27032,0.494156,0.49,1,1005640,1005192,448
72784581,57.9306,61.5869,446,27110,0.586831,0.47,1,1005702,1005256,446
72787501,73.9861,75.5174,445,27188,0.653366,0.47,1,1005780,1005335,445
72790421,61.1972,61.5035,445,27266,0.698673,0.43,1,1005838,1005393,445
72793341,63.4394,65.1007,443,27344,0.723735,0.45,1,1005902,1005459,443
72796261,37.4879,37.0201,444,27421,0.712747,0.45,1,1005933,1005489,444
72799181,18.6976,18.604,444,27498,0.710549,0.43,1,1005947,1005503,444
72802101,72.5395,73.3208,443,27575,0.71011,0.43,1,1006033,1005590,443
72805021,16.1079,16.2642,443,27652,0.742022,0.51,1,1006035,1005592,443
72807941,44.8216,41.6528,447,27729,0.732404,0.61,1,1006087,1005640,447
72810861,60.9643,57.9306,450,27805,0.826481,0.67,2,1006152,1005702,450
72813781,77.7929,73.9861,454,27881,0.861296,0.71,2,1006234,1005780,454
72816701,63.5586,61.1972,456,27957,0.900259,0.73,2,1006294,1005838,456
72819621,65.5117,63.4394,458,28033,0.940052,0.71,2,1006360,1005902,458
72822541,37.1023,37.4879,457,28109,0.94801,0.71,2,1006390,1005933,457
72825461,18.6205,18.6976,457,28184,0.949602,0.71,2,1006404,1005947,457
73243021,37,37,518,37416,0.87,1,2,1012859,1012341,518
73245941,40.2,43.4,514,37472,0.886,1,2,1012900,1012386,514
73248861,63.24,50.28,531,37528,0.8572,1,2,1012969,1012438,531
73251781,49.448,49.256,528,37584,0.86744,1,2,1013015,1012487,528
73254701,49.8896,63.4512,511,37640,0.933488,0.99,2,1013065,1012554,511
73470781,32,39,533,41588,0.71,1,1,1015821,1015288,533
73514581,411.2,477.4,452,18980,0.166,0.35,1,1016327,1015875,452
73517501,163.84,158.68,475,19092,0.1052,0.03,1,1016429,1015954,475
73520421,107.968,116.536,463,19203,0.02904,0.01,1,1016523,1016060,463
73523341,73.5936,80.9072,456,19314,0.005808,0.03,1,1016588,1016132,456
73526261,56.3187,56.9814,457,19424,0.0411616,0.03,1,1016640,1016183,457
73529181,57.6637,84.9963,423,19533,0.00823232,0.05,1,1016698,1016275,423
73532101,35.5327,32.1993,434,19642,0.0416465,0.03,1,1016728,1016294,434
73535021,106.307,32.8399,525,19750,0.0803293,0.09,1,1016852,1016327,525
73537941,94.8613,88.168,515,19857,0.0400659,0.01,1,1016944,1016429,515
73540861,73.3723,92.8336,489,19964,0.0160132,0,1,1017012,1016523,489
73543781,55.4745,70.5667,475,20070,0.0272026,0.05,1,1017063,1016588,475
73546701,55.8949,55.7133,479,20176,0.0134405,0,1,1017119,1016640,479
73549621,36.779,57.5427,453,20281,0.0266881,0.05,1,1017151,1016698,453
73552541,108.156,35.5085,549,20386,0.0933376,0.09,1,1017277,1016728,549
73555461,92.0312,106.302,513,20490,0.0586675,0.03,1,1017365,1016852,513
73558381,73.6062,94.8603,490,20594,0.0517335,0.01,1,1017434,1016944,490
73561301,54.7212,73.3721,472,20697,0.0663467,0.03,1,1017484,1017012,472
73564221,55.7442,55.4744,477,20799,0.0372693,0.01,1,1017540,1017063,477
73567141,37.5488,55.8949,454,20901,0.0314539,0.03,1,1017573,1017119,454
73570061,111.51,36.779,552,21002,0.0622908,0.11,1,1017703,1017151,552
73572981,23.902,108.156,428,21103,0.0684582,0.05,1,1017705,1017277,428
73575901,71.1804,92.0312,423,21204,0.165692,0.05,1,1017788,1017365,423
73578821,69.4361,73.6062,423,21304,0.121138,0.07,1,1017857,1017434,423
73581741,55.4872,54.7212,425,21404,0.0962277,0.03,1,1017909,1017484,425
73584661,53.4974,55.7442,422,21503,0.0592455,0.03,1,1017962,1017540,422
73587581,37.8995,37.5488,423,21602,0.0198491,0.07,1,1017996,1017573,423
73590501,113.18,111.51,425,21700,0.0439698,0.07,1,1018128,1017703,425
73593421,24.236,23.902,425,21798,0.048794,0.19,1,1018130,1017705,425
73596341,74.4472,71.1804,429,21895,0.0337588,0.11,1,1018217,1017788,429
73599261,66.8894,69.4361,425,21992,0.0307518,0.09,1,1018282,1017857,425
73602181,54.1779,55.4872,424,22088,0.11015,0.05,1,1018333,1017909,424
73605101,52.4356,53.4974,423,22184,0.14203,0.01,1,1018385,1017962,423
73608021,36.8871,37.8995,422,22280,0.148406,0.05,1,1018418,1017996,422
73610941,112.977,113.18,422,22375,0.0376812,0.05,1,1018550,1018128,422
73613861,24.1955,24.236,422,22470,0.0155362,0.03,1,1018552,1018130,422
73616781,74.4391,74.4472,422,22564,0.0591072,0.03,1,1018639,1018217,422
73619701,66.8878,14.8894,487,22658,0.0678214,0.03,1,1018704,1018217,487
73622621,56.5776,54.9779,476,22752,0.117564,0.13,1,1018758,1018282,476
73625541,53.7155,51.7956,478,22845,0.207513,0.15,1,1018811,1018333,478
73628461,37.1431,51.9591,459,22938,0.209503,0.15,1,1018844,1018385,459
73631381,109.029,36.7918,553,23030,0.225901,0.01,1,1018971,1018418,553
73634301,23.4057,112.958,423,23122,0.22918,0.01,1,1018973,1018550,423
73637221,75.8811,24.1917,510,23214,0.229836,0.07,1,1019062,1018552,510
73640141,67.9762,74.4383,489,23305,0.277967,0.07,1,1019128,1018639,489
73643061,59.1952,66.8877,481,23396,0.327593,0.13,1,1019185,1018704,481
73645981,58.2391,56.5775,485,23487,0.377519,0.23,1,1019243,1018758,485
73648901,37.2478,53.7155,464,23577,0.387504,0.21,1,1019275,1018811,464
73651821,109.85,37.1431,559,23667,0.421501,0.23,1,1019403,1018844,559
73654741,23.5699,109.029,434,23757,0.4283,0.23,1,1019405,1018971,434
73657661,75.914,23.4057,521,23846,0.44566,0.23,1,1019494,1018973,521
73660581,70.3828,75.8811,501,23935,0.545132,0.29,1,1019563,1019062,501
73663501,15.6766,67.9762,437,24024,0.565026,0.34,1,1019565,1019128,437
73666421,49.5353,59.1952,438,24112,0.585005,0.39,1,1019623,1019185,438
73669341,58.7071,58.2391,441,24200,0.541001,0.39,1,1019684,1019243,441
73672261,37.3414,37.2478,441,24288,0.5482,0.43,1,1019716,1019275,441
73675181,111.468,109.85,443,24375,0.67764,0.43,1,1019846,1019403,443
73678101,23.8937,23.5699,443,24462,0.703528,0.45,1,1019848,1019405,443
73681021,77.5787,75.914,445,24549,0.708706,0.57,1,1019939,1019494,445
73683941,74.7157,70.3828,450,24635,0.645741,0.57,1,1020013,1019563,450
73686861,16.5431,15.6766,450,24721,0.681148,0.59,1,1020015,1019565,450
73689781,50.5086,49.5353,451,24807,0.68823,0.53,1,1020074,1019623,451
73692701,56.5017,58.7071,448,24892,0.721646,0.55,1,1020132,1019684,448
73695621,37.7003,37.3414,449,24977,0.680329,0.71,1,1020165,1019716,449
73698541,116.34,111.468,455,25062,0.736066,0.71,1,1020301,1019846,455
73701461,24.868,23.8937,455,25147,0.747213,0.71,1,1020303,1019848,455
73704381,77.7736,77.5787,455,25231,0.749443,0.63,1,1020394,1019939,455
73707301,73.9547,74.7157,454,25315,0.765889,0.69,2,1020467,1020013,454
73710221,16.3909,16.5431,454,25399,0.769178,0.69,2,1020469,1020015,454
73713141,50.4782,50.5086,454,25482,0.801836,0.69,2,1020528,1020074,454
73716061,57.2956,10.1017,513,25565,0.824367,0.73,2,1020587,1020074,513
73718981,37.0591,48.4203,487,25648,0.828873,0.67,2,1020619,1020132,487
73721901,120.212,36.0841,595,25731,0.877775,0.75,2,1020760,1020165,595
73724821,25.6424,116.017,461,25813,0.887555,0.75,2,1020762,1020301,461
73832861,65,68,530,28693,0.79,1,2,1022824,1022294,530
73835781,49.8,59.2,519,28767,0.742,1,1,1022870,1022351,519
73838701,40.36,43.84,517,28841,0.7644,1,2,1022908,1022391,517
73841621,60.072,37.568,546,28914,0.68888,0.94,1,1022973,1022427,546
73844541,29.6144,60.3136,502,28987,0.721776,1,1,1022995,1022493,502
73847461,30.7229,37.6627,501,29060,0.712355,1,1,1023026,1022525,501
73850381,76.5446,34.7325,555,29133,0.726471,1,1,1023114,1022559,555
73853301,59.3089,78.9465,520,29206,0.745294,0.81,1,1023169,1022649,520
73856221,51.8618,64.5893,509,29278,0.797059,0.79,2,1023219,1022710,509
73859141,61.5724,52.1179,524,29350,0.807412,0.79,2,1023283,1022759,524
73862061,49.1145,62.4236,505,29422,0.825482,0.73,2,1023329,1022824,505
73864981,41.0229,49.2847,498,29494,0.861096,0.77,2,1023368,1022870,498
73867901,55.4046,40.2569,519,29566,0.900219,0.67,2,1023427,1022908,519
73870821,32.6809,60.0514,481,29638,0.924044,0.73,2,1023454,1022973,481
73873741,31.3362,29.6103,490,29709,0.944809,0.71,2,1023485,1022995,490
74028501,59,37,506,33273,0.65,1,1,1025988,1025482,506
74031421,39.8,57.8,478,33337,0.522,1,1,1026023,1025545,478
74034341,51.96,41.16,496,33400,0.4164,1,1,1026078,1025582,496
74037261,50.392,67.432,472,33463,0.20328,1,1,1026128,1025656,472
74040181,69.2784,43.8864,508,33526,0.064656,1,1,1026202,1025694,508
74043101,41.0557,33.5773,511,33589,0.0129312,1,1,1026236,1025725,511
74046021,33.8111,29.1155,515,33652,0.0105862,1,1,1026268,1025753,515
74048941,29.1622,44.2231,495,33715,0.0421172,0.98,1,1026296,1025801,495
74051861,33.8324,53.6446,474,33778,0.0484234,0.81,1,1026331,1025857,474
74054781,33.9665,41.1289,470,33841,0.00968469,0.8,1,1026365,1025895,470
74057701,30.7933,35.4258,466,33903,0.0259369,0.65,1,1026395,1025929,466
74060621,42.1587,54.2852,452,33965,0.0291874,0.49,1,1026440,1025988,452
74063541,33.2317,38.857,448,34027,0.00583748,0.39,1,1026471,1026023,448
74066461,41.8463,51.7714,437,34089,0.0251675,0.15,1,1026515,1026078,437
74069381,37.1693,50.3543,423,34151,0.0290335,0.03,1,1026551,1026128,423
74072301,66.6339,69.2709,423,34213,0.0618067,0.03,1,1026625,1026202,423
74075221,40.5268,13.8542,457,34275,0.0363613,0,1,1026659,1026202,457
74078141,32.9054,29.9708,454,34337,0.0472723,0.01,1,1026690,1026236,454
74081061,28.9811,31.5942,450,34399,0.0174545,0.05,1,1026718,1026268,450
74083981,32.9962,28.7188,456,34460,0.0274909,0.05,1,1026752,1026296,456
74086901,33.7992,33.7438,455,34521,0.0294982,0,1,1026786,1026331,455
74089821,30.7598,33.9488,451,34582,0.0298996,0.03,1,1026816,1026365,451
74092741,42.152,30.7898,466,34643,0.00597993,0.03,1,1026861,1026395,466
74095661,33.2304,42.1579,452,34704,0.00919599,0,1,1026892,1026440,452
74098581,41.8461,33.2316,465,34765,0.0098392,0.03,1,1026936,1026471,465
74101501,37.1692,41.8463,457,34826,0.0259678,0.03,1,1026972,1026515,457
74104421,67.4338,37.1693,496,34887,0.0291936,0.07,1,1027047,1026551,496
74107341,42.2868,66.6339,458,34948,0.0298387,0.03,1,1027083,1026625,458
74110261,32.4574,40.5268,454,35008,0.0139677,0.05,1,1027113,1026659,454
74113181,30.4915,32.9054,453,35068,0.0267935,0.01,1,1027143,1026690,453
74116101,30.0983,28.9811,455,35128,0.0613587,0.03,1,1027173,1026718,455
74119021,34.0197,32.9962,456,35188,0.0522717,0.03,1,1027208,1026752,456
74121941,30.0039,33.7992,451,35248,0.0664544,0.03,1,1027237,1026786,451
74124861,42.8008,30.7598,467,35308,0.0372909,0,1,1027283,1026816,467
74127781,32.5602,42.152,452,35368,0.0314582,0.01,1,1027313,1026861,452
74130701,41.712,33.2304,465,35428,0.0462916,0.01,1,1027357,1026892,465
74133621,38.7424,41.8461,459,35488,0.0172583,0.03,1,1027395,1026936,459
74136541,66.9485,37.1692,497,35548,0.0434517,0.03,1,1027469,1026972,497
74139461,42.9897,67.4338,459,35607,0.0166903,0.03,1,1027506,1027047,459
74142381,32.5979,42.2868,453,35666,0.0433381,0.01,1,1027536,1027083,453
74145301,8.11959,32.4574,425,35725,0.0166676,0.03,1,1027538,1027113,425
74148221,25.6239,30.4915,425,35784,0.0273335,0.07,1,1027568,1027143,425
74151141,27.5248,30.0983,423,35843,0.0454667,0.05,1,1027596,1027173,423
74154061,34.305,34.0197,424,35902,0.0170933,0.07,1,1027632,1027208,424
74156981,29.261,30.0039,423,35961,0.0594187,0.03,1,1027660,1027237,423
74159901,43.4522,42.8008,424,36020,0.0518837,0.03,1,1027707,1027283,424
74162821,31.0904,32.5602,422,36079,0.0503767,0.05,1,1027735,1027313,422
74165741,41.4181,41.712,422,36138,0.0340753,0.01,1,1027779,1027357,422
74168661,39.4836,38.7424,423,36196,0.0468151,0.05,1,1027818,1027395,423
74171581,67.8967,66.9485,424,36254,0.033363,0.01,1,1027893,1027469,424
74174501,41.5793,42.9897,422,36312,0.0306726,0.05,1,1027928,1027506,422
74177421,33.1159,32.5979,423,36370,0.0461345,0.01,1,1027959,1027536,423
74180341,8.22317,8.11959,423,36428,0.0492269,0.03,1,1027961,1027538,423
74183261,26.4446,25.6239,424,36486,0.0338454,0.05,1,1027992,1027568,424
74186181,27.6889,27.5248,424,36544,0.0627691,0.01,1,1028020,1027596,424
74189101,32.7378,34.305,422,36602,0.0525538,0.07,1,1028054,1027632,422
74192021,29.7476,29.261,423,36660,0.0345108,0.05,1,1028083,1027660,423
74194941,43.5495,43.4522,423,36718,0.0469021,0.05,1,1028130,1027707,423
74197861,30.3099,31.0904,422,36776,0.0493804,0.03,1,1028157,1027735,422
74200781,42.062,41.4181,423,36833,0.0658761,0.05,1,1028202,1027779,423
74203701,38.8124,39.4836,422,36890,0.0211752,0.03,1,1028240,1027818,422
74206621,68.5625,67.8967,423,36947,0.00423504,0.03,1,1028316,1027893,423
74209541,40.9125,41.5793,422,37004,0.00884701,0.05,1,1028350,1027928,422
74212461,32.9825,33.1159,422,37061,0.0097694,0.05,1,1028381,1027959,422
74215381,8.1965,8.22317,422,37118,0.0419539,0.03,1,1028383,1027961,422
74218301,27.2393,26.4446,423,37175,0.0483908,0.03,1,1028415,1027992,423
74221221,28.6479,5.28893,452,37232,0.0336782,0.07,1,1028444,1027992,452
74224141,32.9296,23.4578,458,37289,0.142736,0.05,1,1028478,1028020,458
74227061,28.1859,31.8916,451,37346,0.148547,0.03,1,1028505,1028054,451
74229981,42.4372,29.5783,468,37403,0.0857094,0.05,1,1028551,1028083,468
74232901,30.0874,43.5157,448,37459,0.0571419,0.05,1,1028578,1028130,448
74235821,42.8175,30.3031,467,37515,0.0514284,0.07,1,1028624,1028157,467
74238741,38.9635,42.0606,460,37571,0.0102857,0.01,1,1028662,1028202,460
74241661,68.5927,38.8121,498,37627,0.00205713,0,1,1028738,1028240,498
74244581,40.1185,68.5624,455,37683,0.0244114,0.01,1,1028771,1028316,455
74247501,32.8237,40.9125,452,37739,0.0288823,0.01,1,1028802,1028350,452
74250421,8.16474,32.9825,423,37795,0.0297765,0.05,1,1028804,1028381,423
74253341,27.2329,8.1965,453,37851,0.0299553,0.05,1,1028836,1028383,453
74256261,30.2466,27.2393,452,37907,0.0459911,0.03,1,1028867,1028415,452
74259181,36.4493,28.6479,461,37963,0.0491982,0.17,1,1028905,1028444,461
74262101,29.6899,32.9296,455,38019,0.0658396,0.15,1,1028933,1028478,455
74265021,39.538,28.1859,470,38075,0.133168,0.07,1,1028975,1028505,470
74267941,27.1076,42.4372,448,38130,0.146634,0.05,1,1028999,1028551,448
74270861,43.8215,30.0874,469,38185,0.149327,0.05,1,1029047,1028578,469
74273781,38.3643,42.8175,460,38240,0.181865,0,1,1029084,1028624,460
74276701,67.6729,38.9635,497,38295,0.0443731,0,1,1029159,1028662,497
74279621,39.9346,68.5927,454,38350,0.0168746,0.03,1,1029192,1028738,454
74282541,32.7869,40.1185,452,38405,0.0433749,0.03,1,1029223,1028771,452
74285461,8.15738,32.8237,423,38460,0.048675,0.03,1,1029225,1028802,423
74288381,28.0315,8.16474,454,38515,0.033735,0.03,1,1029258,1028804,454
74291301,29.6063,27.2329,452,38570,0.030747,0.05,1,1029288,1028836,452
74294221,7.52126,30.2466,423,38625,0.0301494,0.05,1,1029290,1028867,423
74297141,33.5043,36.4493,425,38680,0.0460299,0.07,1,1029330,1028905,425
74300061,29.1008,29.6899,425,38735,0.065206,0.15,1,1029358,1028933,425
74302981,42.6202,39.538,429,38790,0.0530412,0.15,1,1029404,1028975,429
74305901,28.524,27.1076,430,38844,0.0506082,0.15,1,1029429,1028999,430
74308821,44.1048,43.8215,430,38898,0.0501216,0.19,1,1029477,1029047,430
74311741,37.621,38.3643,429,38952,0.0980243,0.01,1,1029513,1029084,429
74314661,63.5242,67.6729,424,39006,0.139605,0.01,1,1029583,1029159,424
74317581,37.5048,39.9346,422,39060,0.099921,0.05,1,1029614,1029192,422
74320501,32.301,32.7869,422,39114,0.0599842,0.05,1,1029645,1029223,422
74323421,8.06019,8.15738,422,39168,0.0519968,0.03,1,1029647,1029225,422
74326341,28.812,28.0315,423,39222,0.0183994,0.03,1,1029681,1029258,423
74329261,29.7624,29.6063,423,39276,0.00367987,0.03,1,1029711,1029288,423
74332181,7.55248,7.52126,423,39330,0.00873597,0.05,1,1029713,1029290,423
74335101,32.7105,33.5043,422,39384,0.00174719,0.07,1,1029752,1029330,422
74338021,29.7421,29.1008,423,39438,0.0403494,0.05,1,1029781,1029358,423
74340941,42.7484,42.6202,423,39492,0.0640699,0.05,1,1029827,1029404,423
74343861,29.3497,28.524,424,39545,0.116814,0.05,1,1029853,1029429,424
74346781,44.2699,44.1048,424,39598,0.159363,0.11,1,1029901,1029477,424
74349701,38.454,37.621,425,39651,0.167873,0.15,1,1029938,1029513,425
74352621,65.2908,63.5242,427,39704,0.137575,0.09,1,1030010,1029583,427
74355541,35.4582,37.5048,424,39757,0.179515,0.05,1,1030038,1029614,424
74358461,30.2916,32.301,422,39810,0.187903,0.05,1,1030067,1029645,422
74361381,7.65833,8.06019,422,39863,0.189581,0.01,1,1030069,1029647,422
74364301,28.7317,28.812,422,39916,0.237916,0,1,1030103,1029681,422
74367221,29.7463,29.7624,422,39969,0.183583,0.01,1,1030133,1029711,422
74370141,7.54927,7.55248,422,40022,0.204717,0,1,1030135,1029713,422
74373061,32.7099,32.7105,422,40075,0.192943,0,1,1030174,1029752,422
74375981,30.542,6.5421,452,40128,0.158589,0.05,1,1030204,1029752,452
74378901,44.5084,24.5084,471,40181,0.215718,0.07,1,1030252,1029781,471
74381821,29.7017,41.7017,451,40234,0.243144,0.13,1,1030278,1029827,451
74384741,47.5403,29.1403,477,40286,0.216629,0.17,1,1030330,1029853,477
74387661,39.1081,44.2281,466,40338,0.227326,0.17,1,1030367,1029901,466
74390581,64.6216,38.4456,500,40390,0.229465,0.13,1,1030438,1029938,500
74393501,35.3243,65.2891,456,40442,0.261893,0.19,1,1030466,1030010,456
74396421,31.8649,35.4578,459,40494,0.252379,0.19,1,1030497,1030038,459
74399341,7.97297,30.2916,432,40546,0.250476,0.19,1,1030499,1030067,432
74402261,29.5946,7.65831,465,40598,0.298095,0.25,1,1030534,1030069,465
74405181,28.3189,28.7317,459,40650,0.307619,0.17,1,1030562,1030103,459
74408101,7.26378,29.7463,431,40702,0.309524,0.21,1,1030564,1030133,431
74411021,31.8528,7.54927,467,40754,0.325905,0.19,1,1030602,1030135,467
74413941,30.3706,32.7099,458,40806,0.329181,0.15,1,1030632,1030174,458
74416861,48.4741,30.542,481,40858,0.313836,0.23,1,1030685,1030204,481
74419781,30.4948,44.5084,459,40910,0.342767,0.25,1,1030711,1030252,459
74422701,47.699,29.7017,485,40962,0.364553,0.21,1,1030763,1030278,485
74425621,38.3398,47.5403,469,41014,0.416911,0.23,1,1030799,1030330,469
74428541,66.068,39.1081,505,41065,0.475382,0.23,1,1030872,1030367,505
74431461,35.6136,64.6216,462,41116,0.503076,0.27,1,1030900,1030438,462
74434381,31.1227,35.3243,464,41167,0.524615,0.25,1,1030930,1030466,464
74437301,7.82454,31.8649,435,41218,0.528923,0.25,1,1030932,1030497,435
74440221,31.9649,7.97297,471,41269,0.593785,0.31,1,1030970,1030499,471
74443141,29.593,29.5946,465,41320,0.622757,0.31,1,1030999,1030534,465
74446061,7.5186,28.3189,439,41371,0.628551,0.31,1,1031001,1030562,439
74448981,31.9037,7.26378,475,41422,0.64571,0.33,1,1031039,1030564,475
74451901,30.3807,31.8528,467,41473,0.649142,0.33,1,1031069,1030602,467
74454821,47.6762,30.3706,489,41524,0.649828,0.31,1,1031121,1030632,489
74457741,11.1352,48.4741,438,41575,0.649966,0.35,1,1031123,1030685,438
74460661,24.627,30.4948,440,41626,0.681993,0.37,1,1031151,1030711,440
74463581,48.1254,47.699,442,41677,0.656399,0.43,1,1031205,1030763,442
74466501,39.2251,38.3398,443,41728,0.66728,0.49,1,1031242,1030799,443
74469421,69.445,66.068,447,41779,0.717456,0.51,1,1031319,1030872,447
74472341,36.289,35.6136,447,41830,0.727491,0.53,1,1031347,1030900,447
74475261,32.0578,31.1227,448,41880,0.713498,0.53,1,1031378,1030930,448
74478181,8.01156,7.82454,448,41930,0.7107,0.61,1,1031380,1030932,448
74481101,35.2023,31.9649,452,41980,0.74214,0.63,1,1031422,1030970,452
74484021,31.0405,29.593,453,42030,0.748428,0.63,1,1031452,1030999,453
74486941,7.80809,7.5186,453,42080,0.749686,0.65,1,1031454,1031001,453
74489861,32.7616,31.9037,454,42130,0.733937,0.65,1,1031493,1031039,454
74492781,30.5523,30.3807,454,42180,0.778787,0.65,2,1031523,1031069,454
74495701,47.7105,47.6762,454,42230,0.787758,0.65,2,1031575,1031121,454
74498621,11.1421,11.1352,454,42280,0.757551,0.69,2,1031577,1031123,454
74501541,24.6284,24.627,454,42330,0.78351,0.65,2,1031605,1031151,454
74504461,46.5257,48.1254,452,42380,0.836702,0.67,2,1031657,1031205,452
74507381,39.7051,39.2251,453,42430,0.81534,0.73,2,1031695,1031242,453
74510301,71.941,69.445,456,42480,0.891068,0.73,2,1031775,1031319,456
74513221,36.7882,36.289,456,42530,0.938214,0.71,2,1031803,1031347,456
74516141,31.3576,32.0578,455,42580,0.931643,0.71,2,1031833,1031378,455
74519061,7.87153,8.01156,455,42630,0.930329,0.75,2,1031835,1031380,455
74521981,38.3743,35.2023,459,42680,0.930066,0.75,2,1031881,1031422,459
74524901,31.6749,31.0405,459,42729,0.930013,0.75,2,1031911,1031452,459
74527821,7.93497,7.80809,459,42778,0.930003,0.73,2,1031913,1031454,459
74752661,69,64,485,21370,0.33,0.67,1,1034554,1034069,485
74755581,82.6,89.6,475,21469,0.298,0.53,1,1034640,1034165,475
74758501,54.12,69.12,458,21568,0.2436,0.55,1,1034687,1034229,458
74761421,82.824,47.424,506,21666,0.28072,0.41,1,1034777,1034271,506
74764341,37.3648,82.2848,441,21764,0.320144,0.39,1,1034803,1034362,441
74767261,31.473,26.057,459,21861,0.344029,0.37,1,1034833,1034374,459
74770181,78.2946,94.0114,438,21958,0.412806,0.33,1,1034923,1034485,438
74773101,70.0589,74.0023,437,22055,0.522561,0.29,1,1034991,1034554,437
74776021,82.0118,83.6005,436,22151,0.576512,0.23,1,1035076,1034640,436
74778941,51.6024,54.3201,433,22247,0.571302,0.29,1,1035120,1034687,433
74781861,84.7205,82.864,436,22342,0.618261,0.33,1,1035213,1034777,436
74784781,37.7441,37.3728,436,22437,0.595652,0.35,1,1035239,1034803,436
74787701,34.7488,31.4746,440,22532,0.63913,0.35,1,1035273,1034833,440
74790621,80.5498,6.29491,532,22626,0.631826,0.43,1,1035365,1034833,532
74793541,73.71,73.259,514,22720,0.646365,0.55,1,1035437,1034923,514
74796461,84.342,69.0518,533,22813,0.729273,0.59,1,1035524,1034991,533
74799381,52.8684,81.8104,493,22906,0.729855,0.57,1,1035569,1035076,493
74802301,85.7737,51.5621,543,22999,0.777971,0.63,2,1035663,1035120,543
74805221,37.9547,84.7124,476,23091,0.787594,0.59,2,1035689,1035213,476
74808141,37.1909,37.7425,487,23183,0.805519,0.65,2,1035726,1035239,487
74811061,81.0382,34.7485,545,23274,0.873104,0.63,2,1035818,1035273,545
74813981,73.8076,80.5497,525,23365,0.902621,0.65,2,1035890,1035365,525
74816901,88.3615,73.7099,545,23456,0.876524,0.75,2,1035982,1035437,545
74819821,52.8723,84.342,502,23546,0.887305,0.73,2,1036026,1035524,502
74822741,88.1745,52.8684,554,23636,0.889461,0.79,2,1036123,1035569,554
74825661,40.0349,85.7737,488,23726,0.905892,0.79,2,1036151,1035663,488
74922021,33,38,508,26514,0.63,1,1,1038078,1037570,508
74924941,79.4,39.6,559,26594,0.454,1,1,1038169,1037610,559
74927861,43.08,85.52,496,26674,0.4188,1,1,1038203,1037707,496
74930781,57.416,37.904,531,26753,0.37976,1,1,1038264,1037733,531
74933701,70.6832,51.5808,550,26832,0.339952,0.9,1,1038338,1037788,550
74936621,54.9366,70.3162,526,26911,0.31599,0.95,1,1038389,1037863,526
74939541,12.5873,62.0632,468,26990,0.311198,0.83,1,1038391,1037923,468
74942461,71.3175,89.2126,458,27068,0.37424,0.75,1,1038477,1038019,458
74945381,34.2635,38.6425,457,27146,0.338848,0.63,1,1038502,1038045,457
74948301,31.6527,34.1285,455,27224,0.39577,0.41,1,1038533,1038078,455
74951221,73.5305,79.6257,448,27302,0.343154,0.41,1,1038617,1038169,448
74954141,39.5061,43.1251,445,27380,0.412631,0.37,1,1038648,1038203,445
74957061,50.3012,57.425,437,27457,0.442526,0.33,1,1038701,1038264,437
74959981,70.0602,70.685,438,27534,0.448505,0.31,1,1038776,1038338,438
74962901,54.812,54.937,438,27611,0.481701,0.31,1,1038827,1038389,438
74965821,12.5624,12.5874,438,27688,0.48834,0.39,1,1038829,1038391,438
74968741,71.3125,71.3175,438,27764,0.585668,0.33,1,1038915,1038477,438
74971661,35.0625,34.2635,439,27840,0.621134,0.41,1,1038941,1038502,439
74974581,32.6125,31.6527,440,27916,0.644227,0.33,1,1038973,1038533,440
74977501,72.9225,73.5305,439,27992,0.632845,0.43,1,1039056,1038617,439
74980421,40.9845,39.5061,441,28068,0.678569,0.45,1,1039089,1038648,441
74983341,51.3969,50.3012,442,28143,0.655714,0.45,1,1039143,1038701,442
74986261,71.8794,70.0602,444,28218,0.699143,0.49,1,1039220,1038776,444
74989181,57.5759,54.812,447,28293,0.739829,0.49,1,1039274,1038827,447
74992101,13.1152,12.5624,447,28368,0.747966,0.49,1,1039276,1038829,447
74995021,73.023,2.51248,535,28443,0.717593,0.61,1,1039364,1038829,535
74997941,36.2046,69.3025,476,28517,0.759519,0.63,2,1039391,1038915,476
75000861,33.6409,34.6605,483,28591,0.751904,0.65,2,1039424,1038941,483
75003781,73.9282,32.5321,535,28665,0.766381,0.63,2,1039508,1038973,535
75006701,42.7856,72.9064,487,28739,0.785276,0.69,2,1039543,1039056,487
75009621,50.9571,40.9813,507,28813,0.837055,0.65,2,1039596,1039089,507
75012541,74.1914,51.3963,533,28886,0.911411,0.71,2,1039676,1039143,533
75135181,39,34,513,31817,0.69,1,1,1041709,1041196,513
75138101,38.2,47.6,500,31883,0.594,1,1,1041747,1041247,500
75141021,34.04,35.92,500,31949,0.4788,1,1,1041780,1041280,500
75143941,26.008,32.784,492,32015,0.42376,1,1,1041804,1041312,492
75146861,60.4016,18.5568,546,32081,0.284752,1,1,1041873,1041327,546
75149781,42.4803,57.3114,517,32147,0.22495,1,1,1041911,1041394,517
75152701,48.4961,43.4623,527,32213,0.16499,1,1,1041961,1041434,527
75155621,68.8992,50.2925,549,32279,0.056998,1,1,1042035,1041486,549
75158541,65.7798,74.0585,534,32345,0.0513996,0.86,1,1042100,1041566,534
75161461,37.956,68.4117,498,32410,0.0182799,0.83,1,1042131,1041633,498
75164381,35.5912,43.2823,496,32475,0.027656,0.69,1,1042166,1041670,496
75167301,30.3182,39.8565,486,32540,0.0135312,0.57,1,1042195,1041709,486
75170221,27.6636,38.3713,475,32605,0.0427062,0.45,1,1042222,1041747,475
75173141,22.3327,34.0743,463,32670,0.0485412,0.41,1,1042243,1041780,463
75176061,54.8665,26.0149,502,32735,0.0657082,0.25,1,1042306,1041804,502
75178981,12.5733,60.403,435,32800,0.0691416,0.21,1,1042308,1041873,435
75181901,32.1147,42.4806,434,32864,0.0858283,0.15,1,1042345,1041911,434
75184821,40.8229,48.4961,427,32928,0.105166,0.03,1,1042388,1041961,427
75187741,64.9646,68.8992,424,32992,0.0930331,0.05,1,1042459,1042035,424
75190661,64.9929,65.7798,424,33056,0.0586066,0.01,1,1042524,1042100,424
75193581,36.9986,37.956,423,33120,0.0197213,0.03,1,1042554,1042131,423
75196501,35.3997,35.5912,423,33184,0.0759443,0.01,1,1042589,1042166,423
75199421,30.2799,30.3182,423,33248,0.0711889,0.05,1,1042618,1042195,423
75202341,26.856,27.6636,422,33312,0.0382378,0.05,1,1042644,1042222,422
75205261,22.1712,22.3327,422,33375,0.0476476,0.07,1,1042665,1042243,422
75208181,55.6342,54.8665,423,33438,0.11353,0.07,1,1042729,1042306,423
75211101,12.7268,12.5733,423,33501,0.126706,0.09,1,1042731,1042308,423
75214021,32.9454,32.1147,424,33564,0.145341,0.11,1,1042769,1042345,424
75216941,43.3891,40.8229,427,33627,0.165068,0.09,1,1042815,1042388,427
75219861,64.6778,64.9646,426,33690,0.169014,0.05,1,1042885,1042459,426
75222781,64.1356,64.9929,425,33753,0.185803,0.01,1,1042949,1042524,425
75225701,35.2271,36.9986,423,33816,0.157161,0.09,1,1042977,1042554,423
75228621,36.6454,35.3997,425,33879,0.103432,0.07,1,1043014,1042589,425
75231541,28.9291,30.2799,423,33941,0.108686,0.03,1,1043041,1042618,423
75234461,25.7858,26.856,422,34003,0.109737,0.05,1,1043066,1042644,422
75237381,21.9572,22.1712,422,34065,0.0939475,0.13,1,1043087,1042665,422
75240301,58.7914,55.6342,426,34127,0.0907895,0.13,1,1043155,1042729,426
75243221,13.3583,12.7268,426,34189,0.0901579,0.15,1,1043157,1042731,426
75246141,33.8717,32.9454,427,34251,0.0740316,0.15,1,1043196,1042769,427
75249061,45.1743,6.58907,475,34313,0.102806,0.17,1,1043244,1042769,475
75251981,65.8349,38.1178,500,34375,0.140561,0.17,1,1043315,1042815,500
75254901,62.767,63.6236,492,34437,0.116112,0.19,1,1043377,1042885,492
75257821,31.7534,63.9247,452,34498,0.127222,0.15,1,1043401,1042949,452
75260741,35.1507,35.1849,460,34559,0.145444,0.09,1,1043437,1042977,460
75263661,29.4301,36.637,451,34620,0.197089,0.11,1,1043465,1043014,451
75266581,25.886,28.9274,449,34681,0.191418,0.11,1,1043490,1043041,449
75269501,23.5772,25.7855,447,34742,0.190284,0.09,1,1043513,1043066,447
75272421,58.3154,21.9571,493,34803,0.270057,0.09,1,1043580,1043087,493
75275341,13.2631,58.7914,427,34864,0.286011,0.09,1,1043582,1043155,427
75278261,33.0526,13.3583,463,34925,0.305202,0.07,1,1043620,1043157,463
75281181,46.6105,33.8717,474,34986,0.32504,0.11,1,1043670,1043196,474
75284101,66.1221,45.1743,497,35046,0.345008,0.15,1,1043741,1043244,497
75287021,62.8244,65.8349,488,35106,0.365002,0.11,1,1043803,1043315,488
75289941,32.5649,62.767,451,35166,0.385,0.13,1,1043828,1043377,451
75292861,37.713,31.7534,466,35226,0.389,0.15,1,1043867,1043401,466
75295781,30.7426,35.1507,459,35286,0.4378,0.21,1,1043896,1043437,459
75298701,25.3485,29.4301,455,35346,0.44756,0.19,1,1043920,1043465,455
75301621,25.0697,25.886,455,35406,0.433512,0.19,1,1043945,1043490,455
75304541,61.0139,23.5772,502,35466,0.462702,0.29,1,1044015,1043513,502
75307461,13.8028,58.3154,437,35526,0.46854,0.29,1,1044017,1043580,437
75310381,33.9606,13.2631,474,35586,0.485708,0.31,1,1044056,1043582,474
75313301,47.5921,33.0526,487,35645,0.505142,0.33,1,1044107,1043620,487
75316221,11.1184,46.6105,439,35704,0.509028,0.35,1,1044109,1043670,439
75319141,59.0237,66.1221,439,35763,0.493806,0.37,1,1044180,1043741,439
75322061,62.2047,62.8244,440,35822,0.538761,0.39,1,1044243,1043803,440
75324981,33.2409,32.5649,441,35881,0.547752,0.39,1,1044269,1043828,441
75327901,39.4482,37.713,443,35940,0.58155,0.45,1,1044310,1043867,443
75330821,31.8896,30.7426,444,35999,0.60431,0.45,1,1044340,1043896,444
75333741,25.5779,25.3485,444,36058,0.656862,0.43,1,1044364,1043920,444
75336661,24.3156,25.0697,443,36117,0.651372,0.47,1,1044388,1043945,443
75339581,62.4631,61.0139,445,36176,0.666274,0.47,1,1044460,1044015,445
75342501,14.0926,13.8028,445,36234,0.685255,0.49,1,1044462,1044017,445
75345421,35.6185,33.9606,447,36292,0.705051,0.51,1,1044503,1044056,447
75348341,47.9237,47.5921,447,36350,0.70901,0.51,1,1044554,1044107,447
75351261,11.1847,11.1184,447,36408,0.741802,0.49,1,1044556,1044109,447
75354181,58.2369,59.0237,446,36466,0.74836,0.55,1,1044626,1044180,446
75357101,64.4474,62.2047,449,36524,0.813672,0.55,2,1044692,1044243,449
75360021,33.6895,33.2409,449,36582,0.858734,0.59,2,1044718,1044269,449
75362941,41.1379,39.4482,451,36640,0.835747,0.61,2,1044761,1044310,451
75365861,33.8276,31.8896,453,36698,0.831149,0.67,2,1044793,1044340,453
75368781,25.9655,25.5779,453,36756,0.79823,0.65,2,1044817,1044364,453
75371701,25.1931,24.3156,454,36813,0.839646,0.67,2,1044842,1044388,454
75374621,64.2386,62.4631,456,36870,0.831929,0.69,2,1044916,1044460,456
75377541,14.4477,14.0926,456,36927,0.862386,0.71,2,1044918,1044462,456
75380461,34.8895,35.6185,455,36984,0.836477,0.71,2,1044958,1044503,455
75383381,49.3779,47.9237,457,37041,0.879296,0.75,2,1045011,1044554,457
75386301,11.4756,11.1847,457,37098,0.887859,0.75,2,1045013,1044556,457
75389221,59.8951,58.2369,459,37155,0.937572,0.75,2,1045085,1044626,459
75392141,67.179,11.6474,528,37212,0.915514,0.83,2,1045154,1044626,528
75395061,34.2358,55.1295,488,37269,0.927103,0.87,2,1045180,1044692,488
75397981,41.2472,31.8259,505,37326,0.913421,0.83,2,1045223,1044718,505
75400901,32.2494,40.7652,492,37383,0.910684,0.83,2,1045253,1044761,492
75403821,25.6499,33.753,484,37440,0.926137,0.79,2,1045277,1044793,484
75406741,25.93,25.9506,486,37496,0.929227,0.85,2,1045303,1044817,486
75552741,25,31,533,40217,0.67,1,1,1047226,1046693,533
75595081,412.2,476.6,454,17520,0.286,0.49,1,1047735,1047281,454
75598001,154.44,153.72,471,18366,0.2092,0.31,1,1047825,1047354,471
75600921,101.288,82.744,494,18482,0.22584,0.25,1,1047913,1047419,494
75603841,119.458,106.949,505,18597,0.309168,0.29,1,1048037,1047532,505
75606761,63.8915,102.19,454,18711,0.325834,0.21,1,1048087,1047633,454
75609681,47.9783,62.038,446,18824,0.361167,0.15,1,1048131,1047685,446
75612601,35.1957,40.4076,443,18937,0.368233,0.19,1,1048163,1047720,443
75615521,81.4391,92.0815,431,19049,0.481647,0.23,1,1048256,1047825,431
75618441,89.8878,88.8163,435,19160,0.488329,0.33,1,1048348,1047913,435
75621361,119.578,116.963,438,19271,0.521666,0.33,1,1048475,1048037,438
75624281,63.9155,63.3927,438,19381,0.512333,0.37,1,1048525,1048087,438
75627201,49.5831,47.8785,440,19490,0.574467,0.37,1,1048571,1048131,440
75630121,35.5166,35.1757,440,19599,0.634893,0.37,1,1048603,1048163,440
75633041,84.7033,7.03514,537,19707,0.630979,0.51,1,1048700,1048163,537
75635961,89.7407,75.807,535,19815,0.678196,0.49,1,1048791,1048256,535
75638881,121.948,88.7614,573,19922,0.687639,0.53,1,1048921,1048348,573
75641801,64.3896,119.352,496,20028,0.673528,0.51,1,1048971,1048475,496
75644721,53.6779,63.8705,497,20134,0.734706,0.59,1,1049022,1048525,497
75647641,36.3356,49.5741,483,20239,0.778941,0.65,2,1049054,1048571,483
75650561,85.6671,35.5148,549,20344,0.771788,0.63,2,1049152,1048603,549
75653481,92.3334,84.703,546,20448,0.802358,0.69,2,1049246,1048700,546
75656401,120.867,89.7406,583,20552,0.824472,0.69,2,1049374,1048791,583
75659321,64.9733,121.948,504,20655,0.860894,0.67,2,1049425,1048921,504
75662241,56.9947,64.3896,509,20758,0.916179,0.75,2,1049480,1048971,509
75665161,38.5989,53.6779,492,20860,0.895236,0.79,2,1049514,1049022,492
75767361,71,74,496,24163,0.43,1,1,1051885,1051389,496
75770281,44.6,43.6,498,24251,0.35,1,1,1051923,1051425,498
75773201,75.32,90.32,479,24338,0.19,1,1,1052006,1051527,479
75776121,55.864,46.864,494,24425,0.11,1,1,1052057,1051563,494
75779041,40.7728,38.1728,495,24512,0.094,0.98,1,1052094,1051599,495
75781961,88.1546,106.835,471,24598,0.0588,0.89,1,1052194,1051723,471
75784881,51.2309,62.9669,461,24684,0.03576,0.75,1,1052236,1051775,461
75787801,35.8462,43.7934,454,24770,0.031152,0.43,1,1052268,1051814,454
75790721,57.5692,65.5587,446,24856,0.0302304,0.33,1,1052331,1051885,446
75793641,37.1138,43.5117,440,24941,0.0300461,0.15,1,1052363,1051923,440
75796561,64.2228,75.1023,428,25026,0.110009,0.09,1,1052434,1052006,428
75799481,48.8446,55.8205,422,25111,0.0940018,0.09,1,1052479,1052057,422
75802401,40.9689,40.7641,424,25195,0.1228,0.05,1,1052518,1052094,424
75805321,86.5938,88.1528,422,25279,0.0965601,0.03,1,1052616,1052194,422
75808241,51.7188,51.2306,423,25363,0.059312,0.03,1,1052659,1052236,423
75811161,35.9438,35.8461,423,25447,0.131862,0.03,1,1052691,1052268,423
75814081,55.9887,7.16922,484,25530,0.0983725,0.03,1,1052752,1052268,484
75817001,38.3977,51.8338,455,25613,0.107674,0.03,1,1052786,1052331,455
75819921,63.6795,35.9668,493,25696,0.0935349,0.13,1,1052856,1052363,493
75822841,50.3359,63.9934,469,25778,0.106707,0.09,1,1052903,1052434,469
75825761,40.4672,48.7987,462,25860,0.125341,0.13,1,1052941,1052479,462
75828681,84.8934,40.9597,519,25942,0.177068,0.09,1,1053037,1052518,519
75831601,53.7787,86.5919,467,26024,0.139414,0.05,1,1053083,1052616,467
75834521,37.9557,51.7184,458,26105,0.195883,0.15,1,1053117,1052659,458
75837441,55.5911,35.9437,486,26186,0.175177,0.09,1,1053177,1052691,486
75840361,39.1182,55.9887,460,26267,0.187035,0.11,1,1053212,1052752,460
75843281,61.4236,38.3977,493,26348,0.237407,0.09,1,1053279,1052786,493
75846201,53.0847,63.6795,474,26428,0.295481,0.11,1,1053330,1052856,474
75849121,41.0169,50.3359,465,26508,0.307096,0.13,1,1053368,1052903,465
75852041,87.4034,40.4672,526,26588,0.325419,0.19,1,1053467,1052941,526
75854961,53.4807,84.8934,475,26668,0.345084,0.13,1,1053512,1053037,475
75857881,39.4961,53.7787,465,26747,0.365017,0.21,1,1053548,1053083,465
75860801,54.2992,37.9557,489,26826,0.385003,0.17,1,1053606,1053117,489
75863721,39.6598,55.5911,465,26905,0.437001,0.19,1,1053642,1053177,465
75866641,9.53197,39.1182,432,26984,0.4474,0.25,1,1053644,1053212,432
75869561,57.1064,61.4236,434,27062,0.52948,0.31,1,1053713,1053279,434
75872481,53.8213,53.0847,436,27140,0.561896,0.31,1,1053766,1053330,436
75875401,41.9643,41.0169,437,27218,0.584379,0.33,1,1053805,1053368,437
75878321,88.3929,87.4034,438,27296,0.604876,0.35,1,1053905,1053467,438
75881241,55.2786,53.4807,440,27374,0.640975,0.37,1,1053952,1053512,440
75884161,39.8557,39.4961,440,27451,0.616195,0.39,1,1053988,1053548,440
75887081,55.9711,54.2992,442,27528,0.627239,0.45,1,1054048,1053606,442
75890001,42.3942,39.6598,445,27605,0.613448,0.45,1,1054087,1053642,445
75892921,10.0788,9.53197,445,27682,0.61069,0.55,1,1054089,1053644,445
75895841,60.4158,57.1064,449,27759,0.610138,0.57,1,1054162,1053713,449
75898761,54.4832,53.8213,449,27835,0.610028,0.59,1,1054215,1053766,449
75901681,44.4966,41.9643,452,27911,0.578006,0.61,1,1054257,1053805,452
75904601,88.8993,88.3929,452,27987,0.667601,0.65,1,1054357,1053905,452
75907521,55.3799,55.2786,452,28063,0.70152,0.61,1,1054404,1053952,452
75910441,39.876,39.8557,452,28138,0.708304,0.63,1,1054440,1053988,452
75913361,55.1752,55.9711,451,28213,0.677661,0.61,1,1054499,1054048,451
75916281,41.435,42.3942,450,28288,0.687532,0.61,1,1054537,1054087,450
75919201,9.88701,10.0788,450,28363,0.689506,0.61,1,1054539,1054089,450
75922121,59.5774,2.01577,522,28438,0.721901,0.61,1,1054611,1054089,522
75925041,54.3155,58.8032,502,28512,0.77638,0.61,2,1054664,1054162,502
75927961,44.4631,54.1606,491,28586,0.819276,0.57,2,1054706,1054215,491
75930881,92.0926,44.4321,553,28660,0.859855,0.69,2,1054810,1054257,553
75933801,56.8185,88.8864,501,28734,0.867971,0.71,2,1054858,1054357,501
75936721,40.1637,55.3773,490,28808,0.885594,0.71,2,1054894,1054404,490
75939641,55.2327,39.8755,513,28881,0.905119,0.67,2,1054953,1054440,513
75942561,42.2465,55.1751,493,28954,0.941024,0.69,2,1054992,1054499,493
75945481,10.0493,41.435,457,29027,0.948205,0.69,2,1054994,1054537,457
75948401,61.2099,9.887,529,29100,0.917641,0.73,2,1055068,1054539,529
76038921,35,31,486,31275,0.73,1,1,1056593,1056107,486
76041841,31,26.2,491,31343,0.73,1,1,1056623,1056132,491
76044761,67,5.24,567,31411,0.618,1,1,1056699,1056132,567
76047681,75.8,83.448,542,31478,0.4356,1,1,1056777,1056235,542
76050601,41.56,68.6896,510,31545,0.39912,1,1,1056810,1056300,510
76053521,44.312,39.3379,523,31612,0.375824,1,1,1056855,1056332,523
76056441,45.6624,45.4676,522,31679,0.307165,0.96,1,1056901,1056379,522
76059361,33.9325,48.2935,504,31746,0.293433,1,1,1056932,1056428,504
76062281,37.1865,39.2587,505,31813,0.338687,0.9,1,1056970,1056465,505
76065201,43.4373,35.8517,515,31880,0.331737,0.83,1,1057015,1056500,515
76068121,35.0875,53.5703,490,31946,0.314347,0.73,1,1057048,1056558,490
76071041,29.4175,38.7141,483,32012,0.342869,0.73,1,1057076,1056593,483
76073961,62.6835,31.7428,524,32078,0.396574,0.59,1,1057147,1056623,524
76076881,72.5367,67.1486,523,32144,0.471315,0.39,1,1057222,1056699,523
76079801,41.7073,75.8297,479,32210,0.454263,0.39,1,1057256,1056777,479
76082721,37.1415,41.5659,482,32276,0.514853,0.37,1,1057292,1056810,482
76085641,44.2283,44.3132,483,32342,0.51097,0.29,1,1057338,1056855,483
76088561,36.0457,45.6626,471,32407,0.510194,0.29,1,1057372,1056901,471
76091481,36.0091,33.9325,476,32472,0.542039,0.35,1,1057408,1056932,476
76094401,44.0018,37.1865,484,32537,0.564408,0.33,1,1057454,1056970,484
76097321,32.8004,43.4373,469,32602,0.568882,0.31,1,1057484,1057015,469
76100241,30.5601,35.0875,466,32667,0.585776,0.35,1,1057514,1057048,466
76103161,67.712,29.4175,515,32732,0.669155,0.41,1,1057591,1057076,515
76106081,15.1424,62.6835,446,32797,0.685831,0.49,1,1057593,1057147,446
76109001,63.0285,72.5367,446,32861,0.753166,0.45,2,1057668,1057222,446
76111921,38.2057,41.7073,444,32925,0.782633,0.53,2,1057700,1057256,444
76114841,38.0411,37.1415,446,32989,0.788527,0.51,2,1057738,1057292,446
76117761,45.2082,44.2283,447,33053,0.773705,0.51,2,1057785,1057338,447
76120681,36.2416,36.0457,447,33117,0.786741,0.55,2,1057819,1057372,447
76123601,38.4483,36.0091,450,33181,0.837348,0.57,2,1057858,1057408,450
76126521,44.4897,44.0018,450,33245,0.81547,0.57,2,1057904,1057454,450
76129441,33.6979,32.8004,451,33309,0.843094,0.59,2,1057935,1057484,451
76132361,30.7396,30.5601,451,33372,0.816619,0.69,2,1057965,1057514,451
76135281,71.7479,67.712,456,33435,0.747324,0.69,1,1058047,1057591,456
76138201,15.9496,15.1424,456,33498,0.765465,0.77,2,1058049,1057593,456
76141121,67.1899,63.0285,461,33561,0.785093,0.79,2,1058129,1057668,461
76144041,39.038,38.2057,461,33624,0.821019,0.79,2,1058161,1057700,461
76146961,38.2076,38.0411,461,33687,0.828204,0.77,2,1058199,1057738,461
76149881,44.4415,45.2082,460,33750,0.829641,0.79,2,1058245,1057785,460
76152801,36.8883,36.2416,461,33813,0.877928,0.85,2,1058280,1057819,461
76155721,39.3777,38.4483,462,33876,0.903586,0.81,2,1058320,1057858,462
76158641,45.4755,44.4897,463,33938,0.892717,0.85,2,1058367,1057904,463
76161561,33.0951,33.6979,462,34000,0.858543,0.81,2,1058397,1057935,462
76164481,30.619,30.7396,462,34062,0.851709,0.73,2,1058427,1057965,462
76167401,68.5238,71.7479,458,34124,0.882342,0.77,2,1058505,1058047,458
76170321,15.3048,15.9496,458,34186,0.936468,0.79,2,1058507,1058049,458
76319241,40,0,542,37209,0.65,1,1,1060661,1060119,542
76322161,28.8,35.2,524,37266,0.57,1,1,1060687,1060163,524
76325081,30.56,37.44,517,37323,0.362,1,1,1060718,1060201,517
76328001,34.912,33.888,520,37380,0.2884,1,1,1060754,1060234,520
76330921,35.7824,41.1776,513,37437,0.11368,1,1,1060790,1060277,513
76333841,39.1565,36.2355,518,37493,0.022736,1,1,1060830,1060312,518
76336761,48.6313,32.0471,538,37549,0.0445472,1,1,1060881,1060343,538
76339681,60.9263,66.4094,527,37605,0.0649094,1,1,1060945,1060418,527
76342601,41.7853,44.4819,525,37661,0.0529819,1,1,1060982,1060457,525
76345521,45.157,56.8964,511,37717,0.0505964,1,1,1061028,1060517,511
76348441,25.8314,41.7793,494,37773,0.0501193,0.7,1,1061049,1060555,494
76351361,29.1663,33.1559,493,37829,0.0500239,0.75,1,1061079,1060586,493
76354281,32.2333,34.6312,491,37885,0.0980048,0.65,1,1061112,1060621,491
76357201,21.6467,38.9262,470,37941,0.123601,0.55,1,1061131,1060661,470
76360121,22.7293,28.5852,467,37997,0.12872,0.31,1,1061154,1060687,467
76363041,26.9459,30.5171,464,38053,0.097744,0.27,1,1061182,1060718,464
76365961,29.3892,34.9034,458,38109,0.139549,0.07,1,1061212,1060754,458
76368881,39.4778,35.7807,464,38164,0.0279098,0,1,1061254,1060790,464
76371801,46.2956,39.1561,472,38219,0.061582,0.05,1,1061302,1060830,472
76374721,64.4591,48.6312,490,38274,0.0683164,0.07,1,1061371,1060881,490
76377641,40.0918,60.9262,460,38329,0.0376633,0.05,1,1061405,1060945,460
76380561,46.4184,41.7852,471,38384,0.00753265,0.05,1,1061453,1060982,471
76383481,25.2837,45.157,445,38439,0.0575065,0.05,1,1061473,1061028,445
76386401,29.0567,25.8314,454,38494,0.0835013,0.05,1,1061503,1061049,454
76389321,33.8113,29.1663,459,38549,0.1847,0.11,1,1061538,1061079,459
76392241,21.1623,32.2333,444,38604,0.20494,0.13,1,1061556,1061112,444
76395161,5.83245,21.6467,427,38659,0.208988,0.13,1,1061558,1061131,427
76398081,20.3665,22.7293,428,38714,0.225798,0.09,1,1061582,1061154,428
76401001,24.8733,26.9459,426,38769,0.26116,0.15,1,1061608,1061182,426
76403921,30.5747,29.3892,428,38823,0.236232,0,1,1061640,1061212,428
76406841,35.7149,39.4778,423,38877,0.119246,0.07,1,1061677,1061254,423
76409761,45.543,46.2956,423,38931,0.0318493,0.07,1,1061725,1061302,423
76412681,65.9086,64.4591,425,38985,0.0143699,0.03,1,1061796,1061371,425
76415601,40.3817,40.0918,425,39039,0.010874,0,1,1061830,1061405,425
76418521,46.4763,46.4184,425,39093,0.00217479,0.07,1,1061878,1061453,425
76421441,27.6953,25.2837,428,39147,0.024435,0.09,1,1061901,1061473,428
76424361,30.3391,29.0567,429,39201,0.060887,0.21,1,1061932,1061503,429
76427281,36.4678,33.8113,432,39255,0.0681774,0.21,1,1061970,1061538,432
76430201,22.4936,21.1623,433,39309,0.0536355,0.21,1,1061989,1061556,433
76433121,6.09871,5.83245,433,39363,0.0507271,0.23,1,1061991,1061558,433
76436041,20.4197,20.3665,433,39417,0.0821454,0.27,1,1062015,1061582,433
76438961,24.8839,24.8733,433,39471,0.0724291,0.23,1,1062041,1061608,433
76441881,30.5768,30.5747,433,39525,0.0704858,0.09,1,1062073,1061640,433
76444801,28.5154,35.7149,424,39578,0.134097,0.01,1,1062101,1061677,424
76447721,42.5031,45.543,422,39631,0.130819,0.01,1,1062147,1061725,422
76450641,65.3006,65.9086,422,39684,0.0661639,0.01,1,1062218,1061796,422
76453561,40.2601,40.3817,422,39737,0.0692328,0,1,1062252,1061830,422
76456481,46.452,46.4763,422,39790,0.101847,0.03,1,1062300,1061878,422
76459401,28.4904,27.6953,423,39843,0.0763693,0.07,1,1062324,1061901,423
76462321,31.2981,30.3391,424,39896,0.0712739,0.07,1,1062356,1061932,424
76465241,35.8596,36.4678,423,39949,0.0702548,0.05,1,1062393,1061970,423
76468161,23.1719,22.4936,424,40002,0.054051,0.05,1,1062413,1061989,424
76471081,6.23438,6.09871,424,40055,0.0508102,0.09,1,1062415,1061991,424
76474001,20.4469,20.4197,424,40108,0.114162,0.09,1,1062439,1062015,424
76476921,24.8894,4.08395,450,40161,0.0948324,0.07,1,1062465,1062015,450
76479841,31.3779,21.6168,457,40214,0.0749665,0.07,1,1062498,1062041,457
76482761,30.2756,29.9234,455,40267,0.0869933,0.15,1,1062528,1062073,455
76485681,41.2551,28.3847,471,40319,0.105399,0.13,1,1062572,1062101,471
76488601,61.851,42.4769,492,40371,0.0930797,0.05,1,1062639,1062147,492
76491521,41.1702,65.2954,457,40423,0.090616,0.07,1,1062675,1062218,457
76494441,45.834,40.2591,470,40475,0.106123,0.11,1,1062722,1062252,470
76497361,29.9668,46.4518,448,40527,0.125225,0.07,1,1062748,1062300,448
76500281,29.9934,28.4904,454,40579,0.145045,0.07,1,1062778,1062324,454
76503201,35.5987,31.2981,459,40631,0.165009,0.07,1,1062815,1062356,459
76506121,24.7197,35.8596,444,40683,0.153002,0.05,1,1062837,1062393,444
76509041,6.54395,23.1719,426,40735,0.1506,0.05,1,1062839,1062413,426
76511961,21.3088,6.23438,449,40787,0.16612,0.13,1,1062864,1062415,449
76514881,25.0618,20.4469,451,40839,0.185224,0.09,1,1062890,1062439,451
76517801,31.4124,24.8894,458,40891,0.237045,0.07,1,1062923,1062465,458
76520721,30.2825,31.3779,455,40943,0.247409,0.09,1,1062953,1062498,455
76523641,42.0565,30.2756,470,40995,0.297482,0.11,1,1062998,1062528,470
76526561,61.2113,41.2551,492,41046,0.323496,0.09,1,1063064,1062572,492
76529481,41.0423,61.851,461,41097,0.328699,0.09,1,1063100,1062639,461
76532401,47.4085,41.1702,474,41148,0.32974,0.11,1,1063149,1062675,474
76535321,30.2817,45.834,453,41199,0.329948,0.13,1,1063175,1062722,453
76538241,30.8563,29.9668,458,41250,0.32999,0.15,1,1063206,1062748,458
76541161,36.5713,29.9934,466,41301,0.377998,0.17,1,1063244,1062778,466
76544081,24.1143,35.5987,450,41352,0.4036,0.15,1,1063265,1062815,450
76547001,6.42285,24.7197,430,41403,0.40872,0.15,1,1063267,1062837,430
76549921,22.8846,6.54395,455,41454,0.393744,0.17,1,1063294,1062839,455
76552841,25.3769,21.3088,456,41505,0.454749,0.19,1,1063320,1062864,456
76555761,6.67538,25.0618,432,41556,0.46695,0.25,1,1063322,1062890,432
76558681,29.3351,31.4124,434,41607,0.53339,0.25,1,1063357,1062923,434
76561601,29.867,30.2825,434,41658,0.530678,0.31,1,1063387,1062953,434
76564521,45.1734,42.0565,438,41709,0.562136,0.33,1,1063436,1062998,438
76567441,61.8347,61.2113,438,41760,0.568427,0.33,1,1063502,1063064,438
76570361,41.1669,41.0423,438,41811,0.585685,0.33,1,1063538,1063100,438
76573281,47.4334,47.4085,438,41861,0.605137,0.33,1,1063587,1063149,438
76576201,31.0867,30.2817,439,41911,0.593027,0.33,1,1063614,1063175,439
76579121,31.0173,30.8563,439,41961,0.574605,0.39,1,1063645,1063206,439
76582041,38.2035,36.5713,441,42011,0.618921,0.41,1,1063685,1063244,441
76584961,25.2407,24.1143,442,42061,0.627784,0.41,1,1063707,1063265,442
76587881,6.64814,6.42285,442,42111,0.629557,0.39,1,1063709,1063267,442
76590801,23.7296,22.8846,443,42161,0.645911,0.47,1,1063737,1063294,443
76593721,27.9459,25.3769,446,42211,0.633182,0.47,1,1063766,1063320,446
76596641,7.18918,6.67538,446,42261,0.630636,0.55,1,1063768,1063322,446
76599561,31.0378,29.3351,448,42311,0.662127,0.53,1,1063805,1063357,448
76602481,31.0076,29.867,449,42361,0.668425,0.57,1,1063836,1063387,449
76605401,46.2015,45.1734,450,42411,0.701685,0.57,1,1063886,1063436,450
76608321,62.0403,61.8347,450,42461,0.740337,0.59,1,1063952,1063502,450
76611241,42.0081,41.1669,451,42511,0.748067,0.61,1,1063989,1063538,451
76614161,46.8016,47.4334,450,42561,0.749614,0.59,1,1064037,1063587,450
76617081,30.1603,31.0867,449,42611,0.717923,0.57,1,1064063,1063614,449
76620001,30.0321,31.0173,448,42661,0.759585,0.63,2,1064093,1063645,448
76622921,40.4064,38.2035,451,42710,0.799917,0.63,2,1064136,1063685,451
76625841,26.4813,25.2407,452,42759,0.791983,0.63,2,1064159,1063707,452
76628761,6.89626,6.64814,452,42808,0.790397,0.65,2,1064161,1063709,452
76631681,24.5793,23.7296,453,42857,0.854079,0.63,2,1064190,1063737,453
76634601,28.1159,27.9459,453,42906,0.818816,0.63,2,1064219,1063766,453
76637521,7.22317,7.18918,453,42955,0.811763,0.67,2,1064221,1063768,453
76640441,31.0446,31.0378,453,43004,0.810353,0.67,2,1064258,1063805,453
76643361,31.8089,6.20757,485,43053,0.842071,0.67,2,1064290,1063805,485
76646281,46.3618,26.0415,504,43102,0.880414,0.71,2,1064340,1063836,504
76649201,64.4724,45.2083,523,43151,0.904083,0.75,2,1064409,1063886,523
76652121,41.6945,61.8417,493,43200,0.876817,0.75,2,1064445,1063952,493
76655041,46.7389,41.9683,504,43249,0.887363,0.75,2,1064493,1063989,504
76657961,30.1478,46.7937,482,43298,0.889473,0.71,2,1064519,1064037,482
76660881,30.8296,30.1587,487,43347,0.905895,0.77,2,1064550,1064063,487
76663801,42.1659,30.0317,502,43396,0.893179,0.81,2,1064595,1064093,502
76666721,27.6332,40.4064,483,43445,0.890636,0.79,2,1064619,1064136,483
76669641,7.12664,26.4813,462,43494,0.890127,0.79,2,1064621,1064159,462
76672561,26.2253,6.89625,491,43543,0.922025,0.87,2,1064652,1064161,491
76675481,27.6451,24.5793,490,43591,0.928405,0.81,2,1064680,1064190,490
76678401,7.12901,28.1159,463,43639,0.929681,0.81,2,1064682,1064219,463
76857981,75,78,499,21370,0.33,0.67,1,1066824,1066325,499
76860901,77.4,78.8,498,21469,0.378,0.45,1,1066902,1066404,498
76863821,82.68,94.16,484,21568,0.3876,0.35,1,1066986,1066502,484
76866741,72.536,69.232,491,21666,0.46952,0.35,1,1067056,1066565,491
76869661,27.3072,66.6464,441,21764,0.453904,0.31,1,1067072,1066631,441
76872581,27.0614,22.9293,456,21861,0.434781,0.33,1,1067099,1066643,456
76875501,75.8123,89.3859,438,21958,0.494956,0.33,1,1067187,1066749,438
76878421,75.1625,77.8772,438,22055,0.602991,0.39,1,1067262,1066824,438
76881341,81.4325,77.9754,443,22151,0.640598,0.39,1,1067345,1066902,443
76884261,82.6865,82.7951,442,22247,0.66412,0.49,1,1067428,1066986,442
76887181,74.1373,72.559,444,22342,0.668824,0.45,1,1067500,1067056,444
76890101,27.6275,27.3118,444,22437,0.701765,0.43,1,1067516,1067072,444
76893021,27.9255,27.0624,445,22532,0.676353,0.43,1,1067544,1067099,445
76895941,77.5851,5.41247,535,22626,0.671271,0.51,1,1067634,1067099,535
76898861,77.917,71.4825,525,22720,0.734254,0.63,1,1067712,1067187,525
76901781,84.3834,74.2965,536,22813,0.746851,0.65,1,1067798,1067262,536
76904701,84.0767,81.2593,537,22906,0.78137,0.67,2,1067882,1067345,537
76907621,74.4153,82.6519,526,22999,0.820274,0.67,2,1067954,1067428,526
76910541,27.6831,74.1304,470,23091,0.828055,0.71,2,1067970,1067500,470
76913461,28.7366,27.6261,483,23183,0.829611,0.67,2,1067999,1067516,483
76916381,76.9473,27.9252,544,23274,0.845922,0.67,2,1068088,1067544,544
77012741,61,15,555,26111,0.57,1,1,1070077,1069522,555
77015661,75.4,67,554,26192,0.394,1,1,1070156,1069602,554
77018581,88.68,71.8,573,26273,0.0868,1,1,1070248,1069675,573
77021501,82.536,86.36,564,26354,0.04136,1,1,1070329,1069765,564
77024421,36.5072,85.272,504,26434,0.064272,0.9,1,1070354,1069850,504
77027341,32.9014,39.4544,508,26514,0.0368544,1,1,1070386,1069878,508
77030261,58.5803,36.6909,537,26594,0.0633709,0.87,1,1070451,1069914,537
77033181,31.7161,62.5382,493,26674,0.0526742,0.81,1,1070476,1069983,493
77036101,47.1432,38.9076,511,26753,0.0105348,0.57,1,1070527,1070016,511
77039021,60.6286,56.5815,514,26832,0.074107,0.35,1,1070591,1070077,514
77041941,77.7257,74.5163,517,26911,0.0228214,0.01,1,1070673,1070156,517
77044861,17.1451,88.5033,427,26990,0.0285643,0.03,1,1070675,1070248,427
77047781,64.229,82.5007,422,27068,0.0777129,0.07,1,1070751,1070329,422
77050701,34.4458,36.5001,424,27146,0.0395426,0.03,1,1070778,1070354,424
77053621,31.6892,32.9,423,27224,0.0479085,0.07,1,1070809,1070386,423
77056541,57.5378,58.58,422,27302,0.0975817,0.05,1,1070873,1070451,422
77059461,33.1076,31.716,424,27380,0.0915163,0,1,1070900,1070476,424
77062381,45.8215,47.1432,422,27457,0.0423033,0.09,1,1070949,1070527,422
77065301,63.5643,60.6286,426,27534,0.0644607,0.01,1,1071017,1070591,426
77068221,76.7129,77.7257,424,27611,0.0208921,0.03,1,1071097,1070673,424
77071141,16.9426,17.1451,424,27688,0.0281784,0.09,1,1071099,1070675,424
77074061,62.5885,64.229,422,27764,0.0296357,0.03,1,1071173,1070751,422
77076981,34.9177,34.4458,423,27840,0.0299271,0.05,1,1071201,1070778,423
77079901,30.9835,31.6892,422,27916,0.0619854,0.11,1,1071231,1070809,422
77082821,59.7967,57.5378,425,27992,0.0843971,0.09,1,1071298,1070873,425
77085741,32.7593,33.1076,424,28068,0.120879,0.03,1,1071324,1070900,424
77088661,44.1519,45.8215,422,28143,0.0481759,0.07,1,1071371,1070949,422
77091581,65.6304,63.5643,425,28218,0.0496352,0.01,1,1071442,1071017,425
77094501,74.7261,76.7129,422,28293,0.065927,0.03,1,1071519,1071097,422
77097421,16.5452,16.9426,422,28368,0.0691854,0.03,1,1071521,1071099,422
77100341,61.709,3.38851,495,28443,0.0218371,0.03,1,1071594,1071099,495
77103261,35.5418,59.8777,450,28517,0.0283674,0.03,1,1071623,1071173,450
77106181,30.3084,34.3755,451,28591,0.0616735,0.07,1,1071652,1071201,451
77109101,61.2617,30.8751,490,28665,0.0363347,0.09,1,1071721,1071231,490
77112021,34.6523,59.775,451,28739,0.0632669,0.13,1,1071749,1071298,451
77114941,41.3305,32.755,468,28813,0.0526534,0.03,1,1071792,1071324,468
77117861,65.0661,44.151,492,28886,0.0345307,0.05,1,1071863,1071371,492
77120781,75.4132,65.6302,499,28959,0.142906,0.07,1,1071941,1071442,499
77123701,16.6826,74.726,424,29032,0.164581,0.07,1,1071943,1071519,424
77126621,60.9365,16.5452,494,29105,0.184916,0.01,1,1072015,1071521,494
77129541,38.5873,61.709,454,29178,0.0609832,0.03,1,1072048,1071594,454
77132461,30.1175,35.5418,453,29251,0.0841967,0.07,1,1072076,1071623,453
77135381,59.6235,30.3084,491,29323,0.0408393,0.03,1,1072143,1071652,491
77138301,35.9247,61.2617,452,29395,0.0321679,0.07,1,1072173,1071721,452
77141221,40.7849,34.6523,466,29467,0.0304336,0.05,1,1072215,1071749,466
77144141,64.157,41.3305,493,29539,0.0780867,0.03,1,1072285,1071792,493
77147061,80.8314,65.0661,507,29611,0.0876174,0.17,1,1072370,1071863,507
77149981,17.7663,75.4132,431,29682,0.0895235,0.17,1,1072372,1071941,431
77152901,61.9533,16.6826,502,29753,0.121905,0.19,1,1072445,1071943,502
77155821,33.9907,60.9365,457,29824,0.0803809,0.03,1,1072472,1072015,457
77158741,8.39813,38.5873,426,29895,0.0720762,0.09,1,1072474,1072048,426
77161661,24.8796,30.1175,427,29966,0.118415,0.03,1,1072503,1072076,427
77164581,55.3759,59.6235,423,30037,0.063683,0.03,1,1072566,1072143,423
77167501,35.0752,35.9247,423,30107,0.0207366,0.03,1,1072596,1072173,423
77170421,40.615,40.7849,423,30177,0.0601473,0.09,1,1072638,1072215,423
77173341,66.523,64.157,426,30247,0.0200295,0.09,1,1072711,1072285,426
77176261,82.1046,80.8314,427,30317,0.0760059,0.09,1,1072797,1072370,427
77179181,18.0209,17.7663,427,30387,0.0872012,0.13,1,1072799,1072372,427
77182101,62.8042,61.9533,428,30457,0.10544,0.07,1,1072873,1072445,428
77185021,33.3608,33.9907,427,30526,0.141088,0.07,1,1072899,1072472,427
77187941,8.27217,8.39813,427,30595,0.116218,0.13,1,1072901,1072474,427
77190861,24.0544,24.8796,426,30664,0.127244,0.05,1,1072929,1072503,426
77193781,52.0109,55.3759,422,30733,0.177449,0.01,1,1072988,1072566,422
77196701,34.4022,35.0752,422,30802,0.18749,0.07,1,1073018,1072596,422
77199621,41.2804,40.615,423,30871,0.221498,0.01,1,1073061,1072638,423
77202541,66.6561,66.523,423,30940,0.2283,0.09,1,1073134,1072711,423
77205461,82.9312,82.1046,424,31008,0.27766,0.09,1,1073221,1072797,424
77208381,18.1862,18.0209,424,31076,0.255532,0.11,1,1073223,1072799,424
77211301,65.2373,62.8042,427,31144,0.283106,0.15,1,1073300,1072873,427
77214221,33.8475,33.3608,427,31212,0.304621,0.11,1,1073326,1072899,427
77217141,8.36949,8.27217,427,31280,0.276924,0.11,1,1073328,1072901,427
77220061,24.0739,1.65443,455,31348,0.303385,0.13,1,1073356,1072901,455
77222981,52.8148,22.7309,487,31415,0.340677,0.19,1,1073416,1072929,487
77225901,35.363,51.7462,459,31482,0.364135,0.19,1,1073447,1072988,459
77228821,42.2726,34.3492,473,31549,0.352827,0.23,1,1073491,1073018,473
77231741,66.8545,41.2698,503,31616,0.350565,0.23,1,1073564,1073061,503
77234661,85.3709,66.654,520,31683,0.398113,0.29,1,1073654,1073134,520
77237581,18.6742,82.9308,435,31750,0.407623,0.25,1,1073656,1073221,435
77240501,65.3348,18.1862,510,31817,0.457525,0.29,1,1073733,1073223,510
77243421,34.667,65.2372,460,31883,0.483505,0.31,1,1073760,1073300,460
77246341,8.53339,33.8474,436,31949,0.488701,0.27,1,1073762,1073326,436
77249261,25.7067,8.36949,464,32015,0.52174,0.31,1,1073792,1073328,464
77252181,54.7413,24.0739,498,32081,0.560348,0.35,1,1073854,1073356,498
77255101,34.9483,52.8148,468,32147,0.61607,0.37,1,1073884,1073416,468
77258021,42.9897,35.363,482,32213,0.611214,0.35,1,1073929,1073447,482
77260941,66.9979,42.2726,511,32279,0.642243,0.35,1,1074002,1073491,511
77263861,87.7996,66.8545,531,32345,0.680449,0.41,1,1074095,1073564,531
77266781,19.1599,85.3709,443,32410,0.68809,0.41,1,1074097,1073654,443
77269701,67.832,18.6742,521,32475,0.689618,0.47,1,1074177,1073656,521
77272621,35.9664,65.3348,472,32540,0.705924,0.49,1,1074205,1073733,472
77275541,8.79328,34.667,447,32605,0.709185,0.49,1,1074207,1073760,447
77278461,27.3587,8.53339,477,32670,0.725837,0.53,1,1074239,1073762,477
77281381,57.4717,25.7067,512,32735,0.777167,0.57,2,1074304,1073792,512
77284301,13.0943,54.7413,452,32800,0.755433,0.63,2,1074306,1073854,452
77287221,27.4189,34.9483,453,32864,0.767087,0.61,2,1074337,1073884,453
77290141,40.6838,42.9897,452,32928,0.801417,0.65,2,1074381,1073929,452
77293061,68.1368,66.9979,454,32992,0.808283,0.69,2,1074456,1074002,454
77295981,90.4274,87.7996,457,33056,0.857657,0.69,2,1074552,1074095,457
77298901,19.6855,19.1599,457,33120,0.867531,0.69,2,1074554,1074097,457
77301821,67.1371,67.832,456,33184,0.837506,0.71,2,1074633,1074177,456
77304741,36.6274,35.9664,457,33248,0.847501,0.71,2,1074662,1074205,457
77307661,8.92548,8.79328,457,33312,0.8175,0.73,2,1074664,1074207,457
77310581,28.1851,27.3587,458,33375,0.8115,0.79,2,1074697,1074239,458
77313501,60.037,57.4717,461,33438,0.8583,0.75,2,1074765,1074304,461
77316421,13.6074,13.0943,461,33501,0.86766,0.77,2,1074767,1074306,461
77319341,26.7215,27.4189,460,33564,0.933532,0.81,2,1074797,1074337,460
77444901,50,65,482,36176,0.77,1,2,1076656,1076174,482
77447821,30.8,28.2,489,36234,0.69,1,1,1076682,1076193,489
77450741,34.16,32.04,491,36292,0.562,1,1,1076717,1076226,491
77453661,37.232,33.608,495,36350,0.4884,1,1,1076755,1076260,495
77456581,33.0464,32.3216,495,36408,0.47368,1,1,1076787,1076292,495
77459501,52.2093,51.2643,496,36466,0.326736,1,1,1076844,1076348,496
77462421,76.8419,87.0529,483,36524,0.121347,1,1,1076927,1076444,483
77465341,45.7684,43.8106,488,36582,0.0482694,1,1,1076965,1076477,488
77468261,37.1537,47.9621,474,36640,0.0336539,0.78,1,1077000,1076526,474
77471181,27.4307,34.3924,468,36698,0.00673078,0.9,1,1077025,1076557,468
77474101,26.2861,30.0785,465,36756,0.0413462,0.93,1,1077051,1076586,465
77477021,21.2572,22.0157,465,36813,0.0162692,0.77,1,1077071,1076606,465
77479941,37.0514,44.4031,456,36870,0.0272538,0.67,1,1077112,1076656,456
77482861,21.8103,29.6806,448,36927,0.0294508,0.53,1,1077130,1076682,448
77485781,33.1621,33.9361,449,36984,0.0458902,0.47,1,1077166,1076717,449
77488701,32.2324,37.1872,443,37041,0.033178,0.47,1,1077198,1076755,443
77491621,27.2465,33.0374,437,37098,0.0146356,0.29,1,1077224,1076787,437
77494541,47.8493,52.2075,433,37155,0.0589271,0.29,1,1077277,1076844,433
77497461,67.1699,10.4415,505,37212,0.0837854,0.07,1,1077349,1076844,505
77500381,43.034,68.4883,459,37269,0.0727571,0.03,1,1077386,1076927,459
77503301,36.6068,44.0977,456,37326,0.0545514,0.03,1,1077421,1076965,456
77506221,27.3214,36.8195,446,37383,0.0349103,0,1,1077446,1077000,446
77509141,26.2643,27.3639,447,37440,0.0309821,0.05,1,1077472,1077025,447
77512061,21.2529,26.2728,441,37496,0.0621964,0.01,1,1077492,1077051,441
77514981,37.0506,21.2546,462,37552,0.0204393,0.03,1,1077533,1077071,462
77517901,21.8101,37.0509,439,37608,0.0280879,0.03,1,1077551,1077112,439
77520821,35.562,21.8102,460,37664,0.0456176,0.05,1,1077590,1077130,460
77523741,31.9124,33.162,455,37720,0.145124,0.03,1,1077621,1077166,455
77526661,25.5825,32.2324,447,37776,0.133025,0.01,1,1077645,1077198,447
77529581,49.1165,27.2465,476,37832,0.0666049,0.07,1,1077700,1077224,476
77532501,67.4233,47.8493,495,37888,0.117321,0.09,1,1077772,1077277,495
77535421,43.0847,67.1699,460,37944,0.0954642,0.07,1,1077809,1077349,460
77538341,35.8169,43.034,457,38000,0.0750928,0.05,1,1077843,1077386,457
77541261,27.1634,36.6068,447,38056,0.0550186,0.03,1,1077868,1077421,447
77544181,26.2327,27.3214,448,38112,0.0350037,0.03,1,1077894,1077446,448
77547101,20.4465,26.2643,441,38167,0.0310007,0.07,1,1077913,1077472,441
77550021,39.2893,21.2529,465,38222,0.0142001,0.01,1,1077957,1077492,465
77552941,19.8579,37.0506,439,38277,0.04284,0.03,1,1077972,1077533,439
77555861,39.1716,21.8101,465,38332,0.016568,0.05,1,1078016,1077551,465
77558781,35.0343,35.562,460,38387,0.0273136,0.17,1,1078050,1077590,460
77561701,21.4069,31.9124,447,38442,0.0614627,0.13,1,1078068,1077621,447
77564621,49.0814,25.5825,479,38497,0.0202925,0.05,1,1078124,1077645,479
77567541,69.8163,49.1165,499,38552,0.0600585,0.13,1,1078199,1077700,499
77570461,40.3633,67.4233,460,38607,0.0520117,0.09,1,1078232,1077772,460
77573381,9.67265,43.0847,425,38662,0.0504023,0.07,1,1078234,1077809,425
77576301,26.7345,35.8169,422,38717,0.0820805,0.05,1,1078265,1077843,422
77579221,25.3469,27.1634,422,38772,0.0884161,0.03,1,1078290,1077868,422
77582141,26.6694,26.2327,423,38826,0.0576832,0.03,1,1078317,1077894,423
77585061,19.7339,20.4465,422,38880,0.0355366,0.01,1,1078335,1077913,422
77587981,39.9468,39.2893,423,38934,0.0151073,0.05,1,1078380,1077957,423
77590901,19.1894,19.8579,422,38988,0.0110215,0.01,1,1078394,1077972,422
77593821,39.8379,39.1716,423,39042,0.0262043,0.03,1,1078439,1078016,423
77596741,36.7676,35.0343,425,39096,0.0452409,0.07,1,1078475,1078050,425
77599661,22.5535,21.4069,426,39150,0.0330482,0.01,1,1078494,1078068,426
77602581,47.7107,49.0814,424,39204,0.0466096,0.07,1,1078548,1078124,424
77605501,70.3421,69.8163,425,39258,0.0973219,0.05,1,1078624,1078199,425
77608421,40.4684,40.3633,425,39312,0.203464,0.05,1,1078657,1078232,425
77611341,9.69368,9.67265,425,39366,0.224693,0.09,1,1078659,1078234,425
77614261,25.9387,26.7345,424,39420,0.292939,0.09,1,1078689,1078265,424
77617181,25.1877,25.3469,424,39474,0.322588,0.05,1,1078714,1078290,424
77620101,25.0375,26.6694,422,39528,0.312518,0.03,1,1078739,1078317,422
77623021,19.4075,19.7339,422,39581,0.294504,0.01,1,1078757,1078335,422
77625941,39.8815,39.9468,422,39634,0.146901,0.01,1,1078802,1078380,422
77628861,19.1763,19.1894,422,39687,0.0853801,0.03,1,1078816,1078394,422
77631781,39.8353,39.8379,422,39740,0.025076,0.05,1,1078861,1078439,422
77634701,36.7671,36.7676,422,39793,0.0130152,0.03,1,1078897,1078475,422
77637621,22.5534,22.5535,422,39846,0.026603,0.05,1,1078916,1078494,422
77640541,49.3107,47.7107,424,39899,0.0933206,0.11,1,1078972,1078548,424
77643461,75.4621,70.3421,430,39952,0.0746641,0.23,1,1079054,1078624,430
77646381,43.8924,40.4684,433,40005,0.102933,0.23,1,1079090,1078657,433
77649301,10.3785,9.69368,433,40058,0.0765866,0.23,1,1079092,1078659,433
77652221,26.8757,1.93874,464,40111,0.0873173,0.31,1,1079123,1078659,464
77655141,26.1751,24.3877,460,40164,0.0894635,0.33,1,1079149,1078689,460
77658061,25.235,24.8775,460,40217,0.0898927,0.31,1,1079174,1078714,460
77660981,17.847,24.9755,451,40270,0.0899785,0.29,1,1079190,1078739,451
77663901,32.3694,19.3951,469,40322,0.121996,0.11,1,1079226,1078757,469
77666821,15.2739,39.879,435,40374,0.144399,0.07,1,1079237,1078802,435
77669741,39.0548,19.1758,466,40426,0.0688798,0.01,1,1079282,1078816,466
77672661,36.611,39.8352,457,40478,0.037776,0.01,1,1079318,1078861,457
77675581,22.5222,36.767,440,40530,0.0475552,0.03,1,1079337,1078897,440
77678501,51.7044,22.5534,480,40582,0.049511,0.11,1,1079396,1078916,480
77681421,77.5409,49.3107,508,40634,0.0819022,0.07,1,1079480,1078972,508
77684341,42.7082,75.4621,460,40686,0.12038,0.11,1,1079514,1079054,460
77687261,10.1416,43.8924,426,40738,0.128076,0.07,1,1079516,1079090,426
77690181,27.6283,10.3785,456,40790,0.161615,0.09,1,1079548,1079092,456
77693101,26.3257,26.8757,451,40842,0.184323,0.09,1,1079574,1079123,451
77696021,25.2651,26.1751,450,40894,0.188865,0.09,1,1079599,1079149,450
77698941,17.853,25.235,441,40946,0.221773,0.09,1,1079615,1079174,441
77701861,33.9706,17.847,463,40998,0.244355,0.13,1,1079653,1079190,463
77704781,14.7941,32.3694,437,41049,0.248871,0.15,1,1079663,1079226,437
77707701,35.7588,15.2739,467,41100,0.265774,0.05,1,1079704,1079237,467
77710621,35.9518,39.0548,458,41151,0.269155,0.03,1,1079740,1079282,458
77713541,21.5904,36.611,440,41202,0.269831,0.05,1,1079758,1079318,440
77716461,53.1181,22.5222,482,41253,0.221966,0.05,1,1079819,1079337,482
77719381,79.4236,51.7044,509,41304,0.244393,0.09,1,1079905,1079396,509
77722301,44.6847,77.5409,461,41355,0.216879,0.13,1,1079941,1079480,461
77725221,10.5369,42.7082,429,41406,0.211376,0.13,1,1079943,1079514,429
77728141,30.1074,10.1416,462,41457,0.226275,0.17,1,1079978,1079516,462
77731061,26.8215,27.6283,456,41508,0.261255,0.19,1,1080004,1079548,456
77733981,6.9643,26.3257,432,41559,0.268251,0.19,1,1080006,1079574,432
77736901,21.3929,25.2651,432,41610,0.28565,0.23,1,1080031,1079599,432
77739821,17.8786,17.853,433,41661,0.27313,0.25,1,1080048,1079615,433
77742741,34.7757,33.9706,434,41712,0.334626,0.25,1,1080087,1079653,434
77745661,14.9551,14.7941,434,41763,0.314925,0.27,1,1080097,1079663,434
77748581,36.591,35.7588,435,41814,0.342985,0.27,1,1080139,1079704,435
77751501,36.1182,35.9518,435,41864,0.380597,0.27,1,1080175,1079740,435
77754421,21.6236,21.5904,435,41914,0.356119,0.21,1,1080193,1079758,435
77757341,51.5247,53.1181,433,41964,0.367224,0.25,1,1080252,1079819,433
77760261,79.9049,79.4236,434,42014,0.385445,0.21,1,1080339,1079905,434
77763181,43.181,44.6847,432,42064,0.389089,0.21,1,1080373,1079941,432
77766101,10.2362,10.5369,432,42114,0.389818,0.23,1,1080375,1079943,432
77769021,32.4472,30.1074,435,42164,0.405964,0.27,1,1080413,1079978,435
77771941,27.2894,26.8215,435,42214,0.473193,0.27,1,1080439,1080004,435
77774861,7.05789,6.9643,435,42264,0.454639,0.29,1,1080441,1080006,435
77777781,20.6116,21.3929,434,42314,0.498928,0.27,1,1080465,1080031,434
77780701,18.5223,17.8786,435,42364,0.507786,0.35,1,1080483,1080048,435
77783621,36.5045,34.7757,437,42414,0.525557,0.31,1,1080524,1080087,437
77786541,15.3009,14.9551,437,42464,0.529111,0.35,1,1080534,1080097,437
77789461,37.4602,36.591,438,42514,0.545822,0.39,1,1080577,1080139,438
77792381,37.092,36.1182,439,42564,0.597164,0.35,1,1080614,1080175,439
77795301,21.8184,21.6236,439,42614,0.607433,0.37,1,1080632,1080193,439
77798221,52.3637,51.5247,440,42664,0.609487,0.39,1,1080692,1080252,440
77801141,79.2727,79.9049,439,42713,0.673897,0.39,1,1080778,1080339,439
77804061,43.0545,43.181,439,42762,0.718779,0.39,1,1080812,1080373,439
77806981,10.2109,10.2362,439,42811,0.695756,0.41,1,1080814,1080375,439
77809901,35.6422,32.4472,443,42860,0.739151,0.49,1,1080856,1080413,443
77812821,28.7284,27.2894,444,42909,0.73183,0.45,1,1080883,1080439,444
77815741,7.34569,7.05789,444,42958,0.730366,0.51,1,1080885,1080441,444
77818661,21.4691,20.6116,445,43007,0.714073,0.51,1,1080910,1080465,445
77821581,20.2938,4.12232,465,43056,0.710815,0.51,1,1080930,1080465,465
77824501,36.8588,15.2245,488,43105,0.694163,0.53,1,1080971,1080483,488
77827421,15.3718,35.8449,457,43154,0.690833,0.53,1,1080981,1080524,457
77830341,38.2744,15.169,491,43203,0.690167,0.55,1,1081025,1080534,491
77833261,39.6549,37.4338,488,43252,0.722033,0.61,1,1081065,1080577,488
77836181,22.331,37.0868,469,43301,0.728407,0.61,1,1081083,1080614,469
77839101,52.4662,21.8174,511,43350,0.745681,0.61,1,1081143,1080632,511
77842021,80.8932,52.3635,539,43399,0.749136,0.69,1,1081231,1080692,539
77844941,44.9786,79.2727,489,43448,0.749827,0.73,1,1081267,1080778,489
77847861,10.5957,43.0545,457,43497,0.749965,0.69,1,1081269,1080812,457
77850781,36.5191,10.2109,498,43546,0.765993,0.75,2,1081312,1080814,498
77853701,29.7038,35.6422,484,43594,0.769199,0.73,2,1081340,1080856,484
77856621,7.54077,28.7284,459,43642,0.78584,0.73,2,1081342,1080883,459
77859541,20.7082,7.34569,481,43690,0.789168,0.71,2,1081366,1080885,481
77862461,20.1416,21.4691,476,43738,0.805834,0.71,2,1081386,1080910,476
77865381,36.0283,20.2938,496,43786,0.857167,0.69,2,1081426,1080930,496
77868301,15.2057,36.8588,465,43834,0.883433,0.69,2,1081436,1080971,465
77871221,39.0411,15.3718,500,43882,0.904687,0.69,2,1081481,1080981,500
77874141,40.6082,38.2744,497,43930,0.924937,0.73,2,1081522,1081025,497
78046421,32,29,521,46678,0.88,1,2,1083423,1082902,521
78104821,81,83,472,22093,0.13,0.35,1,1084173,1083701,472
78107741,40.2,57.4,451,22189,0.194,0.17,1,1084203,1083752,451
78110661,45.64,53.08,446,22285,0.1908,0.19,1,1084250,1083804,446
78113581,61.128,51.416,460,22380,0.22216,0.13,1,1084315,1083855,460
78116501,25.0256,50.2832,426,22475,0.244432,0.11,1,1084331,1083905,426
78119421,30.6051,26.8566,437,22569,0.216886,0.13,1,1084363,1083926,437
78122341,132.521,34.9713,558,22663,0.323377,0.17,1,1084521,1083963,558
78125261,91.3042,110.194,510,22757,0.392675,0.13,1,1084602,1084092,510
78128181,43.8608,86.8389,461,22850,0.422535,0.21,1,1084634,1084173,461
78131101,45.5722,41.3678,477,22943,0.428507,0.19,1,1084680,1084203,477
78134021,61.1144,45.8736,495,23035,0.477701,0.23,1,1084745,1084250,495
78136941,25.8229,61.1747,447,23127,0.51954,0.25,1,1084762,1084315,447
78139861,30.7646,25.0349,463,23219,0.543908,0.21,1,1084794,1084331,463
78142781,138.953,30.607,597,23310,0.484782,0.35,1,1084960,1084363,597
78145701,94.1906,132.521,522,23401,0.536956,0.41,1,1085043,1084521,522
78148621,45.2381,91.3043,474,23492,0.531391,0.43,1,1085076,1084602,474
78151541,45.8476,43.8609,488,23582,0.546278,0.43,1,1085122,1084634,488
78154461,64.3695,45.5722,511,23672,0.565256,0.49,1,1085191,1084680,511
78157381,27.2739,61.1144,464,23762,0.569051,0.53,1,1085209,1084745,464
78160301,31.8548,25.8229,480,23851,0.61781,0.55,1,1085242,1084762,480
78163221,135.971,30.7646,610,23940,0.707562,0.47,1,1085404,1084794,610
78166141,28.7942,138.953,446,24029,0.725512,0.55,1,1085406,1084960,446
78169061,74.5588,94.1906,449,24117,0.761102,0.53,2,1085492,1085043,449
78171981,40.5118,45.2381,448,24205,0.768221,0.55,2,1085524,1085076,448
78174901,45.7024,45.8476,449,24293,0.753644,0.57,2,1085571,1085122,449
78177821,65.1405,64.3695,450,24380,0.782729,0.57,2,1085641,1085191,450
78180741,27.4281,27.2739,450,24467,0.772546,0.63,2,1085659,1085209,450
78183661,34.2856,31.8548,453,24554,0.834509,0.73,2,1085695,1085242,453
78186581,140.457,135.971,458,24640,0.926902,0.73,2,1085862,1085404,458
78189501,29.6914,28.7942,458,24726,0.91338,0.77,2,1085864,1085406,458
78291701,35,29,486,27567,0.81,1,2,1087875,1087389,486
78294621,29.4,26.6,488,27644,0.762,1,2,1087903,1087415,488
78297541,33.08,34.12,486,27721,0.7044,1,1,1087937,1087451,486
78300461,69.816,66.024,491,27797,0.61288,1,1,1088016,1087525,491
78303381,34.7632,34.0048,491,27873,0.530576,1,1,1088042,1087551,491
78306301,26.9526,27.601,490,27949,0.514115,1,1,1088067,1087577,490
78309221,130.991,145.52,472,28025,0.430823,0.92,1,1088224,1087752,472
78312141,55.7981,63.504,466,28101,0.366165,0.89,1,1088261,1087795,466
78315061,43.9596,48.7008,462,28176,0.385233,0.81,1,1088302,1087840,462
78317981,35.1919,37.7402,460,28251,0.389047,0.75,1,1088335,1087875,460
78320901,28.6384,29.948,459,28326,0.405809,0.69,1,1088362,1087903,459
78323821,30.5277,33.1896,456,28401,0.425162,0.69,1,1088393,1087937,456
78326741,65.3055,6.63792,530,28476,0.477032,0.59,1,1088467,1087937,530
78329661,29.8611,64.5276,472,28550,0.487406,0.51,1,1088488,1088016,472
78332581,25.9722,33.7055,471,28624,0.473481,0.51,1,1088513,1088042,471
78335501,124.394,26.7411,595,28698,0.518696,0.41,1,1088662,1088067,595
78338421,54.4789,130.948,475,28772,0.639739,0.35,1,1088699,1088224,475
78341341,43.6958,55.7896,479,28846,0.663948,0.39,1,1088740,1088261,479
78344261,36.7392,43.9579,473,28919,0.66879,0.39,1,1088775,1088302,473
78347181,28.9478,35.1916,467,28992,0.685758,0.41,1,1088802,1088335,467
78350101,32.1896,28.6383,473,29065,0.673152,0.43,1,1088835,1088362,473
78353021,67.2379,30.5277,518,29138,0.68663,0.49,1,1088911,1088393,518
78355941,32.6476,65.3055,468,29211,0.705326,0.49,1,1088935,1088467,468
78358861,24.1295,29.8611,469,29283,0.709065,0.47,1,1088957,1088488,469
78361781,128.826,25.9722,599,29355,0.693813,0.53,1,1089112,1088513,599
78364701,59.3652,124.394,492,29427,0.722763,0.67,1,1089154,1088662,492
78367621,43.873,54.4789,495,29499,0.760553,0.67,2,1089194,1088699,495
78370541,36.7746,43.6958,489,29571,0.768111,0.67,2,1089229,1088740,489
78373461,28.1549,36.7392,480,29643,0.769622,0.69,2,1089255,1088775,480
78376381,32.831,28.9478,487,29714,0.785924,0.67,2,1089289,1088802,487
78379301,68.1662,32.1896,531,29785,0.837185,0.69,2,1089366,1088835,531
78382221,15.2332,67.2379,457,29856,0.847437,0.71,2,1089368,1088911,457
78385141,22.2466,32.6476,457,29927,0.881487,0.71,2,1089392,1088935,457
78388061,22.0493,24.1295,457,29998,0.888297,0.69,2,1089414,1088957,457
78390981,127.61,128.826,456,30069,0.90566,0.73,2,1089568,1089112,456
78393901,62.322,59.3652,460,30139,0.941132,0.77,2,1089614,1089154,460
78513621,30,37,506,32894,0.77,1,2,1091521,1091015,506
78516541,27.6,45.8,485,32958,0.674,1,1,1091548,1091063,485
78519461,44.72,45.96,488,33022,0.5748,1,1,1091597,1091109,488
78522381,37.744,37.992,488,33086,0.50696,1,1,1091633,1091145,488
78525301,33.9488,33.9984,488,33150,0.429392,1,1,1091666,1091178,488
78528221,45.9898,53.9997,478,33214,0.461878,1,1,1091715,1091237,478
78531141,37.998,34.7999,484,33278,0.292376,1,1,1091751,1091267,484
78534061,31.5996,31.76,483,33342,0.274475,1,1,1091781,1091298,483
78536981,31.9199,30.352,485,33405,0.158895,0.82,1,1091813,1091328,485
78539901,91.984,111.67,460,33468,0.135779,0.79,1,1091920,1091460,460
78542821,39.9968,47.1341,456,33531,0.163156,0.77,1,1091947,1091491,456
78545741,32.7994,33.4268,457,33594,0.168631,0.65,1,1091978,1091521,457
78548661,24.9599,28.2854,453,33657,0.185726,0.55,1,1092001,1091548,453
78551581,36.992,44.8571,444,33720,0.189145,0.49,1,1092041,1091597,444
78554501,34.5984,37.7714,442,33783,0.173829,0.41,1,1092075,1091633,442
78557421,31.7197,33.9543,440,33846,0.202766,0.47,1,1092106,1091666,440
78560341,42.3439,45.9909,436,33908,0.192553,0.25,1,1092151,1091715,436
78563261,34.0688,37.9982,432,33970,0.206511,0.27,1,1092183,1091751,432
78566181,31.6138,31.5996,433,34032,0.193302,0.13,1,1092214,1091781,433
78569101,30.3228,31.9199,431,34094,0.23866,0.13,1,1092244,1091813,431
78572021,89.2646,91.984,428,34156,0.343732,0.17,1,1092348,1091920,428
78574941,39.4529,39.9968,428,34218,0.380746,0.17,1,1092375,1091947,428
78577861,33.4906,7.99936,460,34280,0.388149,0.17,1,1092407,1091947,460
78580781,25.8981,26.3999,453,34342,0.38963,0.19,1,1092431,1091978,453
78583701,35.5796,23.68,468,34404,0.389926,0.19,1,1092469,1092001,468
78586621,36.7159,36.736,465,34465,0.405985,0.17,1,1092506,1092041,465
78589541,28.9432,34.5472,458,34526,0.393197,0.21,1,1092533,1092075,458
78592461,44.9886,31.7094,476,34587,0.438639,0.19,1,1092582,1092106,476
78595381,32.9977,42.3419,461,34648,0.479728,0.21,1,1092612,1092151,461
78598301,32.1995,34.0684,461,34709,0.519946,0.19,1,1092644,1092183,461
78601221,32.8399,31.6137,463,34770,0.527989,0.25,1,1092677,1092214,463
78604141,92.968,30.3227,541,34831,0.529598,0.37,1,1092785,1092244,541
78607061,40.9936,89.2646,465,34892,0.52992,0.39,1,1092813,1092348,465
78609981,35.3987,39.4529,472,34953,0.593984,0.39,1,1092847,1092375,472
78612901,26.2797,33.4906,464,35013,0.606797,0.39,1,1092871,1092407,464
78615821,35.6559,25.8981,478,35073,0.625359,0.39,1,1092909,1092431,478
78618741,37.5312,35.5796,478,35133,0.629072,0.41,1,1092947,1092469,478
78621661,28.3062,36.7159,467,35193,0.629814,0.39,1,1092973,1092506,467
78624581,48.0612,28.9432,493,35253,0.629963,0.45,1,1093026,1092533,493
78627501,35.2122,44.9886,476,35313,0.709993,0.49,1,1093058,1092582,476
78630421,33.4424,32.9977,479,35373,0.709998,0.53,1,1093091,1092612,479
78633341,33.0885,32.1995,480,35433,0.71,0.53,1,1093124,1092644,480
78636261,93.0177,32.8399,555,35493,0.71,0.53,1,1093232,1092677,555
78639181,41.8035,92.968,476,35553,0.71,0.53,1,1093261,1092785,476
78642101,37.9607,40.9936,485,35612,0.71,0.61,1,1093298,1092813,485
78645021,26.7921,35.3987,475,35671,0.71,0.61,1,1093322,1092847,475
78647941,6.95843,26.2797,453,35730,0.726,0.63,1,1093324,1092871,453
78650861,31.7917,35.6559,453,35789,0.7612,0.63,2,1093362,1092909,453
78653781,36.7583,37.5312,453,35848,0.76824,0.63,2,1093400,1092947,453
78656701,28.1517,28.3062,453,35907,0.737648,0.63,1,1093426,1092973,453
78659621,50.4303,48.0612,456,35966,0.73153,0.73,1,1093482,1093026,456
78662541,37.2861,35.2122,458,36025,0.730306,0.71,1,1093516,1093058,458
78665461,33.0572,33.4424,457,36084,0.810061,0.71,2,1093548,1093091,457
78668381,33.0114,33.0885,457,36143,0.842012,0.71,2,1093581,1093124,457
78671301,93.8023,93.0177,458,36201,0.864402,0.71,2,1093690,1093232,458
78674221,41.1605,41.8035,457,36259,0.93288,0.71,2,1093718,1093261,457
78677141,37.8321,37.9607,457,36317,0.898576,0.71,2,1093755,1093298,457
78680061,27.5664,26.7921,458,36375,0.923715,0.73,2,1093780,1093322,458
78682981,7.11328,6.95843,458,36433,0.896743,0.77,2,1093782,1093324,458
78817301,42,30,492,39011,0.55,1,1,1095613,1095121,492
78820221,36.4,36.4,489,39065,0.486,1,1,1095648,1095159,489
78823141,28.88,33.68,483,39119,0.3772,1,1,1095675,1095192,483
78826061,27.376,21.136,492,39173,0.30744,1,1,1095702,1095210,492
78828981,22.2752,29.0272,482,39227,0.325488,1,1,1095723,1095241,482
78831901,42.855,34.6054,494,39281,0.265098,1,1,1095771,1095277,494
78834821,31.771,26.9211,498,39335,0.17302,1,1,1095800,1095302,498
78837741,24.7542,34.1842,485,39389,0.0746039,1,1,1095823,1095338,485
78840661,28.9508,33.2368,482,39443,0.118921,1,1,1095853,1095371,482
78843581,32.1902,37.8474,476,39497,0.0637842,1,1,1095886,1095410,476
78846501,32.838,37.1695,472,39550,0.100757,0.94,1,1095919,1095447,472
78849421,25.7676,29.8339,468,39603,0.0601514,0.71,1,1095943,1095475,468
78852341,69.1535,82.7668,452,39656,0.0360303,0.55,1,1096023,1095571,452
78855261,42.6307,50.1534,446,39709,0.0472061,0.47,1,1096059,1095613,446
78858181,31.7261,38.0307,440,39762,0.0494412,0.35,1,1096088,1095648,440
78861101,25.5452,29.2061,437,39815,0.0658882,0.29,1,1096112,1095675,437
78864021,24.309,27.4412,434,39868,0.117178,0.33,1,1096136,1095702,434
78866941,20.8618,22.2882,433,39921,0.111436,0.25,1,1096156,1095723,433
78869861,41.7724,42.8577,432,39974,0.110287,0.15,1,1096203,1095771,432
78872781,30.7545,31.7715,431,40027,0.142057,0.05,1,1096231,1095800,431
78875701,20.5509,24.7543,426,40080,0.116411,0.05,1,1096249,1095823,426
78878621,26.5102,4.95086,454,40133,0.143282,0.13,1,1096277,1095823,454
78881541,29.302,24.9902,454,40186,0.180656,0.05,1,1096307,1095853,454
78884461,32.2604,31.398,454,40239,0.172131,0.11,1,1096340,1095886,454
78887381,25.6521,32.6796,445,40291,0.186426,0.05,1,1096364,1095919,445
78890301,69.9304,25.7359,502,40343,0.141285,0.03,1,1096445,1095943,502
78893221,42.7861,69.1472,458,40395,0.180257,0.05,1,1096481,1096023,458
78896141,30.9572,42.6294,450,40447,0.204051,0.05,1,1096509,1096059,450
78899061,26.1914,31.7259,446,40499,0.19281,0.07,1,1096534,1096088,446
78901981,25.2383,25.5452,447,40551,0.174562,0.13,1,1096559,1096112,447
78904901,23.4477,24.309,446,40603,0.154912,0.11,1,1096582,1096136,446
78907821,43.8895,20.8618,475,40655,0.182982,0.11,1,1096631,1096156,475
78910741,31.1779,41.7724,456,40707,0.204597,0.15,1,1096659,1096203,456
78913661,18.2356,30.7545,443,40759,0.224919,0.11,1,1096674,1096231,443
78916581,30.8471,20.5509,459,40811,0.244984,0.15,1,1096708,1096249,459
78919501,26.1694,26.5102,456,40863,0.264997,0.19,1,1096733,1096277,456
78922421,34.0339,29.302,462,40915,0.300999,0.17,1,1096769,1096307,462
78925341,25.2068,32.2604,452,40967,0.3242,0.19,1,1096792,1096340,452
78928261,69.0414,25.6521,508,41019,0.34484,0.13,1,1096872,1096364,508
78931181,45.0083,69.9304,466,41070,0.396968,0.19,1,1096911,1096445,466
78934101,32.2017,42.7861,459,41121,0.439394,0.21,1,1096940,1096481,459
78937021,25.6403,30.9572,455,41172,0.463879,0.19,1,1096964,1096509,455
78939941,24.3281,26.1914,454,41223,0.468776,0.17,1,1096988,1096534,454
78942861,22.4656,25.2383,451,41274,0.469755,0.15,1,1097010,1096559,451
78945781,46.0931,23.4477,480,41325,0.469951,0.19,1,1097062,1096582,480
78948701,31.6186,43.8895,459,41376,0.48599,0.21,1,1097090,1096631,459
78951621,17.5237,31.1779,445,41427,0.489198,0.23,1,1097104,1096659,445
78954541,33.1047,18.2356,467,41478,0.47384,0.25,1,1097141,1096674,467
78957461,27.4209,30.8471,459,41529,0.486768,0.27,1,1097167,1096708,459
78960381,7.08419,26.1694,436,41580,0.489354,0.31,1,1097169,1096733,436
78963301,31.0168,34.0339,437,41631,0.521871,0.33,1,1097206,1096769,437
78966221,25.4034,25.2068,438,41682,0.544374,0.35,1,1097230,1096792,438
78969141,69.8807,69.0414,439,41733,0.548875,0.41,1,1097311,1096872,439
78972061,48.3761,45.0083,443,41784,0.581775,0.45,1,1097354,1096911,443
78974981,34.4752,32.2017,445,41835,0.572355,0.47,1,1097385,1096940,445
78977901,26.095,25.6403,445,41885,0.586471,0.47,1,1097409,1096964,445
78980821,24.419,24.3281,445,41935,0.573294,0.47,1,1097433,1096988,445
78983741,22.4838,22.4656,445,41985,0.570659,0.47,1,1097455,1097010,445
78986661,46.0968,46.0931,445,42035,0.570132,0.49,1,1097507,1097062,445
78989581,32.4194,31.6186,446,42085,0.602026,0.49,1,1097536,1097090,446
78992501,17.6839,17.5237,446,42135,0.624405,0.47,1,1097550,1097104,446
78995421,32.3368,33.1047,445,42185,0.628881,0.49,1,1097586,1097141,445
78998341,28.0674,27.4209,446,42235,0.613776,0.49,1,1097613,1097167,446
79001261,7.21347,7.08419,446,42285,0.642755,0.53,1,1097615,1097169,446
79004181,31.8427,31.0168,447,42335,0.632551,0.55,1,1097653,1097206,447
79007101,25.5685,25.4034,447,42385,0.64651,0.55,1,1097677,1097230,447
79010021,69.9137,69.8807,447,42435,0.649302,0.59,1,1097758,1097311,447
79012941,49.9827,48.3761,449,42485,0.64986,0.57,1,1097803,1097354,449
79015861,33.9965,34.4752,448,42535,0.681972,0.59,1,1097833,1097385,448
79018781,26.7993,26.095,449,42585,0.688394,0.57,1,1097858,1097409,449
79021701,25.3599,24.419,450,42635,0.705679,0.57,1,1097883,1097433,450
79024621,22.672,22.4838,450,42684,0.709136,0.57,1,1097905,1097455,450
79027541,46.1344,46.0968,450,42733,0.725827,0.61,1,1097957,1097507,450
79030461,34.8269,32.4194,453,42782,0.745165,0.63,1,1097989,1097536,453
79033381,18.1654,17.6839,453,42831,0.781033,0.63,2,1098003,1097550,453
79036301,32.4331,32.3368,453,42880,0.804207,0.61,2,1098039,1097586,453
79039221,27.2866,28.0674,452,42929,0.808841,0.65,2,1098065,1097613,452
79042141,7.05732,7.21347,452,42978,0.809768,0.63,2,1098067,1097615,452
79045061,32.6115,31.8427,453,43027,0.809954,0.63,2,1098106,1097653,453
79047981,25.7223,6.36854,477,43076,0.809991,0.65,2,1098130,1097653,477
79050901,69.9445,20.4737,534,43125,0.873998,0.65,2,1098211,1097677,534
79053821,49.9889,68.8947,498,43174,0.9028,0.65,2,1098256,1097758,498
79056741,33.9978,49.7789,483,43223,0.92456,0.69,2,1098286,1097803,483
79059661,28.3996,33.9558,480,43272,0.928912,0.69,2,1098313,1097833,480
79062581,24.8799,26.7912,479,43321,0.961782,0.71,2,1098337,1097858,479
79205661,25,26,486,45645,0.87,1,2,1099936,1099450,486
79208581,25.8,25.2,487,45691,0.79,1,2,1099962,1099475,487
79211501,29.16,22.64,495,45737,0.694,1,1,1099992,1099497,495
79214421,29.032,36.528,484,45783,0.6268,0.97,1,1100021,1099537,484
79217341,21.8064,23.3056,484,45829,0.67736,0.97,1,1100041,1099557,484
79220261,21.9613,9.46112,500,45875,0.655472,1,1,1100063,1099563,500
79223181,45.1923,58.6922,480,45921,0.539094,1,1,1100114,1099634,480
79226101,50.6385,11.7384,532,45967,0.387819,1,1,1100166,1099634,532
79229021,36.5277,46.3477,510,46013,0.325564,1,1,1100199,1099689,510
79231941,28.9055,40.4695,498,46059,0.233113,1,1,1100226,1099728,498
79234861,29.7811,29.6939,501,46105,0.198623,0.97,1,1100256,1099755,501
79237781,32.3562,25.9388,509,46151,0.127724,0.94,1,1100289,1099780,509
79240701,33.6712,32.3878,509,46197,0.0815449,0.97,1,1100323,1099814,509
79243621,35.5342,36.8776,507,46243,0.024309,0.9,1,1100359,1099852,507
79246541,20.7068,36.9755,487,46289,0.0288618,0.91,1,1100376,1099889,487
79249461,20.1414,24.9951,485,46335,0.0617724,0.87,1,1100396,1099911,485
79252381,23.2283,24.999,484,46381,0.0363545,0.77,1,1100420,1099936,484
79255301,23.8457,25.7998,482,46426,0.0312709,0.67,1,1100444,1099962,482
79258221,27.9691,29.16,481,46471,0.0302542,0.61,1,1100473,1099992,481
79261141,23.1938,29.032,474,46516,0.0620508,0.69,1,1100495,1100021,474
79264061,18.2388,21.8064,471,46561,0.0844102,0.65,1,1100512,1100041,471
79266981,42.8478,21.9613,498,46606,0.104882,0.51,1,1100561,1100063,498
79269901,41.3695,45.1923,488,46651,0.0609764,0.35,1,1100602,1100114,488
79272821,32.2739,50.6385,466,46696,0.116195,0.31,1,1100632,1100166,466
79275741,26.4548,36.5277,458,46741,0.127239,0.21,1,1100657,1100199,458
79278661,25.291,28.9055,456,46786,0.161448,0.19,1,1100682,1100226,456
79281581,29.8582,29.7811,457,46831,0.16829,0.11,1,1100713,1100256,457
79284501,33.1716,32.3562,458,46876,0.185658,0.07,1,1100747,1100289,458
79287421,33.8343,33.6712,458,46921,0.221132,0.01,1,1100781,1100323,458
79290341,21.1669,35.5342,440,46966,0.260226,0.03,1,1100799,1100359,440
79293261,21.0334,20.7068,444,47011,0.284045,0.07,1,1100820,1100376,444
79296181,21.8067,20.1414,446,47056,0.320809,0.03,1,1100842,1100396,446
79299101,24.3613,23.2283,447,47101,0.312162,0.03,1,1100867,1100420,447
79302021,27.2723,23.8457,451,47146,0.342432,0.03,1,1100895,1100444,451
79304941,24.6545,27.9691,446,47191,0.332486,0.07,1,1100919,1100473,446
79307861,19.3309,23.1938,442,47236,0.330497,0.09,1,1100937,1100495,442
79310781,43.8662,18.2388,475,47281,0.378099,0.11,1,1100987,1100512,475
79313701,39.1732,42.8478,464,47326,0.40362,0.05,1,1101025,1100561,464
79316621,35.0346,41.3695,457,47371,0.408724,0.13,1,1101059,1100602,457
79319541,8.60693,32.2739,429,47415,0.409745,0.13,1,1101061,1100632,429
79322461,19.3214,26.4548,426,47459,0.441949,0.17,1,1101083,1100657,426
79325381,27.8643,25.291,431,47503,0.44839,0.17,1,1101113,1100682,431
79328301,30.3729,29.8582,431,47547,0.449678,0.19,1,1101144,1100713,431
79331221,34.0746,33.1716,432,47591,0.433936,0.23,1,1101179,1100747,432
79334141,35.6149,33.8343,434,47635,0.462787,0.27,1,1101215,1100781,434
79337061,22.323,21.1669,435,47679,0.420557,0.29,1,1101234,1100799,435
79339981,23.6646,21.0334,438,47723,0.412111,0.33,1,1101258,1100820,438
79342901,22.3329,21.8067,438,47767,0.442422,0.31,1,1101280,1100842,438
79345821,25.2666,24.3613,439,47811,0.416484,0.35,1,1101306,1100867,439
79348741,28.2533,27.2723,440,47855,0.475297,0.33,1,1101335,1100895,440
79351661,23.2507,24.6545,438,47899,0.455059,0.33,1,1101357,1100919,438
79354581,19.0501,19.3309,438,47943,0.483012,0.39,1,1101375,1100937,438
79357501,46.21,43.8662,441,47987,0.488602,0.41,1,1101428,1100987,441
79360421,40.442,39.1732,442,48031,0.50572,0.41,1,1101467,1101025,442
79363341,36.0884,35.0346,443,48075,0.493144,0.41,1,1101502,1101059,443
79366261,8.81768,8.60693,443,48119,0.490629,0.45,1,1101504,1101061,443
79369181,20.1635,19.3214,444,48163,0.474126,0.45,1,1101527,1101083,444
79372101,26.4327,27.8643,442,48207,0.518825,0.45,1,1101555,1101113,442
79375021,30.0865,30.3729,442,48251,0.479765,0.43,1,1101586,1101144,442
79377941,34.8173,34.0746,443,48295,0.503953,0.47,1,1101622,1101179,443
79380861,35.7635,35.6149,443,48339,0.508791,0.41,1,1101658,1101215,443
79383781,21.5527,22.323,442,48383,0.509758,0.41,1,1101676,1101234,442
79386701,23.5105,23.6646,442,48427,0.541952,0.45,1,1101700,1101258,442
79389621,22.3021,22.3329,442,48471,0.58039,0.41,1,1101722,1101280,442
79392541,26.0604,25.2666,443,48514,0.588078,0.49,1,1101749,1101306,443
79395461,29.2121,28.2533,444,48557,0.589616,0.45,1,1101779,1101335,444
79398381,23.4424,23.2507,444,48600,0.589923,0.49,1,1101801,1101357,444
79401301,19.0885,19.0501,444,48643,0.637985,0.49,1,1101819,1101375,444
79404221,47.8177,46.21,446,48686,0.679597,0.51,1,1101874,1101428,446
79407141,39.9635,40.442,445,48729,0.703919,0.49,1,1101912,1101467,445
79410061,36.7927,36.0884,446,48772,0.708784,0.49,1,1101948,1101502,446
79412981,8.95854,8.81768,446,48815,0.709757,0.47,1,1101950,1101504,446
79415901,19.3917,20.1635,445,48858,0.757951,0.47,2,1101972,1101527,445
79418821,26.2783,4.03271,473,48901,0.73559,0.53,1,1102000,1101527,473
79421741,30.0557,23.2065,476,48944,0.715118,0.47,1,1102031,1101555,476
79424661,35.6111,29.4413,482,48987,0.759024,0.51,2,1102068,1101586,482
79427581,35.9222,34.6883,482,49030,0.783805,0.51,2,1102104,1101622,482
79430501,21.5844,35.7377,464,49073,0.788761,0.51,2,1102122,1101658,464
79433421,24.3169,21.5475,471,49116,0.821752,0.55,2,1102147,1101676,471
79436341,23.2634,23.5095,470,49159,0.78035,0.59,2,1102170,1101700,470
79439261,26.2527,22.3019,475,49202,0.78807,0.59,2,1102197,1101722,475
79442181,30.8505,26.0604,480,49245,0.805614,0.59,2,1102229,1101749,480
79445101,23.7701,29.2121,472,49288,0.809123,0.59,2,1102251,1101779,472
79448021,19.954,23.4424,469,49331,0.841825,0.65,2,1102270,1101801,469
79450941,49.5908,19.0885,508,49374,0.832365,0.69,2,1102327,1101819,508
79453861,41.1182,47.8177,492,49417,0.830473,0.71,2,1102366,1101874,492
79456781,39.4236,39.9635,493,49460,0.894095,0.71,2,1102405,1101912,493
79459701,9.48473,36.7927,459,49503,0.874819,0.71,2,1102407,1101948,459
79462621,19.4969,8.95854,479,49546,0.870964,0.77,2,1102429,1101950,479
79465541,26.2994,19.3917,485,49589,0.870193,0.73,2,1102457,1101972,485
79468461,30.8599,26.2783,489,49631,0.870039,0.71,2,1102489,1102000,489
79471381,37.372,30.0557,497,49673,0.902008,0.77,2,1102528,1102031,497
79474301,36.2744,35.6111,496,49715,0.924402,0.79,2,1102564,1102068,496
79710821,85,101,439,23360,0.03,0.29,1,1105104,1104665,439
79713741,40.2,33,452,24178,0.006,0.29,1,1105133,1104681,452
79716661,29.64,33.8,445,24266,0.0732,0.05,1,1105160,1104715,445
79719581,68.328,72.36,441,24353,0.11864,0.03,1,1105238,1104797,441
79722501,85.6656,58.472,476,24440,0.079728,0,1,1105328,1104852,476
79725421,65.1331,70.8944,462,24527,0.0719456,0.03,1,1105388,1104926,462
79728341,55.4266,61.3789,456,24613,0.0543891,0.03,1,1105441,1104985,456
79731261,55.8853,64.2758,447,24699,0.0348778,0.01,1,1105497,1105050,447
79734181,35.1771,47.2552,434,24785,0.0469756,0,1,1105527,1105093,434
79737101,30.2354,41.451,423,24871,0.0173951,0.09,1,1105556,1105133,423
79740021,28.4471,29.8902,424,24956,0.011479,0.13,1,1105584,1105160,424
79742941,69.6894,68.378,426,25041,0.106296,0.07,1,1105664,1105238,426
79745861,85.1379,85.6756,425,25126,0.0612592,0.07,1,1105753,1105328,425
79748781,65.0276,65.1351,425,25210,0.0522518,0.05,1,1105813,1105388,425
79751701,53.0055,55.427,422,25294,0.0184504,0.03,1,1105863,1105441,422
79754621,57.8011,55.8854,425,25378,0.0116901,0.05,1,1105922,1105497,425
79757541,33.1602,35.1771,422,25461,0.026338,0.05,1,1105949,1105527,422
79760461,29.032,7.03542,450,25544,0.0452676,0.01,1,1105977,1105527,450
79763381,28.2064,24.6071,449,25627,0.0490535,0.01,1,1106005,1105556,449
79766301,73.6413,27.3214,506,25710,0.0658107,0.13,1,1106090,1105584,506
79769221,83.5283,69.4643,512,25792,0.0531621,0.05,1,1106176,1105664,512
79772141,63.1057,85.0929,481,25874,0.0506324,0.05,1,1106234,1105753,481
79775061,53.4211,65.0186,472,25956,0.0341265,0.01,1,1106285,1105813,472
79777981,57.0842,53.0037,480,26038,0.0468253,0.01,1,1106343,1105863,480
79780901,34.6168,57.8007,450,26119,0.0333651,0.03,1,1106372,1105922,450
79783821,27.7234,33.1601,449,26200,0.046673,0.05,1,1106398,1105949,449
79786741,29.5447,29.032,451,26281,0.0653346,0.05,1,1106428,1105977,451
79789661,73.1089,28.2064,507,26362,0.101067,0.07,1,1106512,1106005,507
79792581,84.2218,73.6413,509,26442,0.108213,0.05,1,1106599,1106090,509
79795501,63.2444,83.5283,481,26522,0.141643,0.05,1,1106657,1106176,481
79798421,54.2489,63.1057,475,26602,0.180329,0.03,1,1106709,1106234,475
79801341,56.4498,53.4211,481,26682,0.220066,0.05,1,1106766,1106285,481
79804261,33.69,57.0842,451,26761,0.244013,0.03,1,1106794,1106343,451
79807181,28.338,34.6168,449,26840,0.232803,0.05,1,1106821,1106372,449
79810101,7.2676,27.7234,425,26919,0.230561,0.07,1,1106823,1106398,425
79813021,25.4535,29.5447,425,26998,0.262112,0.11,1,1106853,1106428,425
79815941,74.6907,73.1089,428,27076,0.316422,0.11,1,1106940,1106512,428
79818861,83.7381,84.2218,427,27154,0.327284,0.15,1,1107026,1106599,427
79821781,64.7476,63.2444,429,27232,0.329457,0.19,1,1107086,1106657,429
79824701,56.1495,54.2489,431,27310,0.409891,0.23,1,1107140,1106709,431
79827621,58.4299,56.4498,433,27388,0.377978,0.25,1,1107199,1106766,433
79830541,34.886,33.69,434,27465,0.435596,0.23,1,1107228,1106794,434
79833461,27.7772,28.338,433,27542,0.447119,0.23,1,1107254,1106821,433
79836381,7.15544,7.2676,433,27619,0.449424,0.27,1,1107256,1106823,433
79839301,25.4311,25.4535,433,27696,0.433885,0.33,1,1107286,1106853,433
79842221,78.6862,74.6907,438,27772,0.430777,0.33,1,1107378,1106940,438
79845141,84.5372,83.7381,438,27848,0.462155,0.33,1,1107464,1107026,438
79848061,64.9074,64.7476,438,27924,0.532431,0.43,1,1107524,1107086,438
79850981,58.5815,56.1495,441,28000,0.562486,0.37,1,1107581,1107140,441
79853901,58.9163,58.4299,441,28076,0.568497,0.45,1,1107640,1107199,441
79856821,35.7833,34.886,442,28151,0.553699,0.45,1,1107670,1107228,442
79859741,28.7567,27.7772,443,28226,0.58274,0.45,1,1107697,1107254,443
79862661,7.35133,7.15544,443,28301,0.588548,0.43,1,1107699,1107256,443
79865581,25.4703,25.4311,443,28376,0.55771,0.43,1,1107729,1107286,443
79868501,77.8941,5.08622,534,28451,0.599542,0.43,1,1107820,1107286,534
79871421,85.9788,74.6172,530,28525,0.607908,0.47,1,1107908,1107378,530
79874341,66.7958,83.7235,506,28599,0.609582,0.55,1,1107970,1107464,506
79877261,59.7592,64.7447,504,28673,0.609916,0.57,1,1108028,1107524,504
79880181,59.1518,58.5489,506,28747,0.657983,0.57,1,1108087,1107581,506
79883101,36.6304,58.9098,478,28821,0.683597,0.55,1,1108118,1107640,478
79886021,28.9261,35.782,475,28894,0.672719,0.59,1,1108145,1107670,475
79888941,7.38521,28.7564,450,28967,0.670544,0.59,1,1108147,1107697,450
79891861,25.477,7.35128,478,29040,0.686109,0.55,1,1108177,1107699,478
79894781,80.2954,25.4703,542,29113,0.721222,0.61,1,1108271,1107729,542
79897701,86.4591,77.8941,539,29186,0.776244,0.61,2,1108359,1107820,539
79900621,66.8918,85.9788,513,29259,0.819249,0.61,2,1108421,1107908,513
79903541,60.5784,66.7958,510,29331,0.85985,0.61,2,1108480,1107970,510
79906461,60.9157,59.7592,513,29403,0.89997,0.67,2,1108541,1108028,513
79909381,37.7831,59.1518,486,29475,0.923994,0.69,2,1108573,1108087,486
79912301,28.3566,36.6304,481,29547,0.944799,0.67,2,1108599,1108118,481
79915221,7.27133,28.9261,456,29619,0.94896,0.67,2,1108601,1108145,456
80180941,39,33,523,35533,0.81,1,2,1112809,1112286,523
80183861,36.6,37,521,35592,0.81,1,2,1112845,1112324,521
80186781,40.12,45,515,35651,0.842,1,2,1112886,1112371,515
80189701,36.824,40.2,512,35710,0.8324,1,2,1112922,1112410,512
80192621,28.1648,37.64,501,35769,0.79848,0.99,2,1112948,1112447,501
80195541,23.233,41.928,480,35828,0.839696,0.9,2,1112970,1112490,480
80198461,23.8466,34.7856,471,35887,0.911939,0.97,2,1112994,1112523,471
80201381,35.1693,38.1571,470,35946,0.894388,0.99,2,1113032,1112562,470
80204301,84.6339,81.2314,475,36005,0.922878,0.99,2,1113129,1112654,475
80207221,42.5268,45.0463,471,36064,0.928576,0.87,2,1113161,1112690,471
80210141,40.5054,44.2093,467,36123,0.929715,0.87,2,1113201,1112734,467
80213061,38.5011,37.6419,469,36182,0.913943,0.81,2,1113239,1112770,469
80215981,36.5002,38.7284,466,36240,0.942789,0.81,2,1113275,1112809,466
80420381,109,101,504,17761,0.45,0.59,1,1116121,1115617,504
80423301,89.8,91.4,500,17881,0.45,0.51,1,1116206,1115706,500
80426221,92.36,92.68,500,18000,0.45,0.47,1,1116299,1115799,500
80429141,43.272,78.536,456,18118,0.466,0.35,1,1116330,1115874,456
80432061,21.4544,30.9072,453,18235,0.4692,0.45,1,1116346,1115893,453
80434981,93.0909,101.381,445,18351,0.54984,0.45,1,1116457,1116012,445
80437901,105.018,107.476,444,18467,0.565968,0.45,1,1116565,1116121,444
80440821,89.0036,89.4953,444,18582,0.681194,0.45,1,1116650,1116206,444
80443741,93.8007,92.2991,446,18696,0.784239,0.47,2,1116745,1116299,446
80446661,42.7601,43.2598,445,18810,0.804848,0.47,2,1116775,1116330,445
80449581,19.752,21.452,443,18923,0.80897,0.57,2,1116789,1116346,443
80452501,98.3504,93.0904,450,19035,0.873794,0.57,2,1116907,1116457,450
80753261,35,33,515,28279,0.73,1,1,1123562,1123047,515
80756181,36.6,38.6,512,28354,0.618,1,1,1123599,1123087,512
80759101,36.92,7.72,549,28429,0.5636,1,1,1123636,1123087,549
80762021,31.384,28.744,545,28503,0.42472,1,1,1123666,1123121,545
80764941,78.2768,58.5488,569,28577,0.124944,1,1,1123756,1123187,569
80767861,46.8554,86.9098,514,28651,0.0249888,1,1,1123795,1123281,514
80770781,83.7711,46.982,570,28725,0.0289978,0.96,1,1123888,1123318,570
80773701,69.5542,84.5964,542,28799,0.0137996,0.84,1,1123954,1123412,542
80776621,38.7108,78.5193,496,28873,0.0267599,0.73,1,1123985,1123489,496
80779541,33.3422,46.1039,490,28946,0.00535198,0.73,1,1124017,1123527,490
80782461,32.2684,37.2208,487,29019,0.0570704,0.59,1,1124049,1123562,487
80785381,32.0537,37.0442,482,29092,0.0674141,0.55,1,1124081,1123599,482
80788301,27.2107,37.0088,471,29165,0.0694828,0.39,1,1124107,1123636,471
80791221,61.4421,31.4018,511,29238,0.0698966,0.05,1,1124177,1123666,511
80794141,46.6884,78.2804,464,29310,0.0219793,0,1,1124220,1123756,464
80797061,80.5377,46.8561,514,29382,0.0123959,0.03,1,1124309,1123795,514
80799981,70.5075,83.7712,489,29454,0.0584792,0.01,1,1124377,1123888,489
80802901,38.1015,69.5542,453,29526,0.0356958,0.03,1,1124407,1123954,453
80805821,34.0203,38.7108,455,29598,0.0151392,0,1,1124440,1123985,455
80808741,33.2041,33.3422,456,29670,0.0270278,0.07,1,1124473,1124017,456
80811661,32.2408,32.2684,456,29741,0.0614056,0.07,1,1124505,1124049,456
80814581,27.2482,32.0537,450,29812,0.132281,0.07,1,1124531,1124081,450
80817501,7.04963,27.2107,426,29883,0.146456,0.07,1,1124533,1124107,426
80820421,55.0099,61.4421,423,29954,0.165291,0.01,1,1124600,1124177,423
80823341,44.602,46.6884,422,30025,0.0730582,0.01,1,1124642,1124220,422
80826261,84.1204,80.5377,427,30095,0.0386117,0.07,1,1124736,1124309,427
80829181,71.2241,70.5075,427,30165,0.0157223,0.03,1,1124804,1124377,427
80832101,35.0448,38.1015,423,30235,0.0271445,0.01,1,1124830,1124407,423
80835021,32.609,34.0203,422,30305,0.0134289,0.03,1,1124862,1124440,422
80837941,32.9218,33.2041,422,30375,0.0266858,0.07,1,1124895,1124473,422
80840861,36.9844,32.2408,428,30445,0.0293372,0.15,1,1124933,1124505,428
80843781,28.9969,27.2482,429,30515,0.0458674,0.15,1,1124960,1124531,429
80846701,7.39937,7.04963,429,30584,0.0171735,0.17,1,1124962,1124533,429
80849621,55.8799,55.0099,430,30653,0.0594347,0.05,1,1125030,1124600,430
80852541,39.976,44.602,424,30722,0.0998869,0.03,1,1125066,1124642,424
80855461,83.9952,84.1204,425,30791,0.0279774,0.01,1,1125161,1124736,425
80858381,69.599,71.2241,423,30860,0.0295955,0.03,1,1125227,1124804,423
80861301,33.9198,35.0448,422,30929,0.0459191,0.01,1,1125252,1124830,422
80864221,32.384,32.609,422,30997,0.0171838,0.03,1,1125284,1124862,422
80867141,32.8768,32.9218,422,31065,0.0274368,0.03,1,1125317,1124895,422
80870061,37.7754,36.9844,423,31133,0.0134874,0.05,1,1125356,1124933,423
80872981,28.3551,28.9969,422,31201,0.0106975,0.01,1,1125382,1124960,422
80875901,7.27101,7.39937,422,31269,0.0101395,0.07,1,1125384,1124962,422
80878821,59.0542,55.8799,426,31337,0.0740279,0.07,1,1125456,1125030,426
80881741,40.6108,11.176,462,31405,0.134806,0.11,1,1125492,1125030,462
80884661,80.9222,31.0352,517,31472,0.146961,0.01,1,1125583,1125066,517
80887581,68.1844,82.207,487,31539,0.117392,0.03,1,1125648,1125161,487
80890501,33.6369,69.2414,446,31606,0.0634784,0.05,1,1125673,1125227,446
80893421,32.3274,33.8483,453,31673,0.0526957,0.01,1,1125705,1125252,453
80896341,33.6655,32.3697,455,31740,0.0185391,0.03,1,1125739,1125284,455
80899261,37.1331,32.8739,460,31807,0.0277078,0.01,1,1125777,1125317,460
80902181,28.2266,37.7748,447,31874,0.0455416,0.01,1,1125803,1125356,447
80905101,7.24532,28.355,423,31940,0.0491083,0.01,1,1125805,1125382,423
80908021,62.2491,7.27099,497,32006,0.0978217,0.09,1,1125881,1125384,497
80910941,43.6498,59.0542,464,32072,0.0915643,0.15,1,1125920,1125456,464
80913861,81.53,40.6108,519,32138,0.0743129,0.15,1,1126011,1125492,519
80916781,65.106,80.9222,489,32204,0.0868626,0.11,1,1126072,1125583,489
80919701,32.2212,68.1844,448,32270,0.0893725,0.05,1,1126096,1125648,448
80922621,30.4442,33.6369,453,32336,0.105875,0.05,1,1126126,1125673,453
80925541,34.0888,32.3274,456,32401,0.0611749,0.01,1,1126161,1125705,456
80928461,38.0178,33.6655,461,32466,0.068235,0.03,1,1126200,1125739,461
80931381,29.2036,37.1331,450,32531,0.069647,0.05,1,1126227,1125777,450
80934301,7.44071,28.2266,426,32596,0.0699294,0.05,1,1126229,1125803,426
80937221,63.8881,7.24532,502,32661,0.101986,0.11,1,1126307,1125805,502
80940141,43.1776,62.2491,464,32726,0.124397,0.09,1,1126345,1125881,464
80943061,10.2355,43.6498,427,32791,0.128879,0.07,1,1126347,1125920,427
80945981,73.2471,81.53,425,32856,0.209776,0.09,1,1126436,1126011,425
80948901,64.2494,65.106,426,32920,0.289955,0.09,1,1126498,1126072,426
80951821,32.0499,32.2212,426,32984,0.321991,0.11,1,1126522,1126096,426
80954741,31.21,30.4442,427,33048,0.344398,0.05,1,1126553,1126126,427
80957661,31.842,34.0888,424,33112,0.34888,0.07,1,1126585,1126161,424
80960581,36.7684,38.0178,423,33176,0.349776,0.07,1,1126623,1126200,423
80963501,30.5537,29.2036,425,33240,0.333955,0.07,1,1126652,1126227,425
80966421,7.71074,7.44071,425,33304,0.330791,0.11,1,1126654,1126229,425
80969341,65.5421,63.8881,427,33368,0.362158,0.13,1,1126734,1126307,427
80972261,45.1084,43.1776,429,33431,0.368432,0.13,1,1126774,1126345,429
80975181,10.6217,10.2355,429,33494,0.369686,0.23,1,1126776,1126347,429
80978101,75.7243,73.2471,432,33557,0.433937,0.31,1,1126868,1126436,432
80981021,67.1449,64.2494,435,33620,0.478787,0.33,1,1126933,1126498,435
80983941,33.429,32.0499,436,33683,0.519758,0.35,1,1126958,1126522,436
80986861,32.2858,31.21,437,33746,0.527951,0.35,1,1126990,1126553,437
80989781,32.0572,31.842,437,33809,0.52959,0.35,1,1127022,1126585,437
80992701,36.8114,36.7684,437,33872,0.545918,0.33,1,1127060,1126623,437
80995621,31.3623,30.5537,438,33934,0.549184,0.33,1,1127090,1126652,438
80998541,7.87246,7.71074,438,33996,0.581837,0.37,1,1127092,1126654,438
81001461,67.1745,65.5421,440,34058,0.620367,0.37,1,1127174,1126734,440
81004381,45.4349,45.1084,440,34120,0.628073,0.37,1,1127214,1126774,440
81007301,10.687,10.6217,440,34182,0.629615,0.45,1,1127216,1126776,440
81010221,78.9374,75.7243,444,34244,0.661923,0.45,1,1127312,1126868,444
81013141,69.3875,15.1449,511,34306,0.732385,0.49,1,1127379,1126868,511
81016061,34.6775,55.029,472,34368,0.794477,0.53,2,1127405,1126933,472
81018981,32.5355,31.0058,479,34430,0.822895,0.53,2,1127437,1126958,479
81021901,32.9071,31.8012,480,34491,0.812579,0.53,2,1127470,1126990,480
81024821,36.9814,31.9602,486,34552,0.810516,0.55,2,1127508,1127022,486
81027741,31.3963,36.792,478,34613,0.810103,0.55,2,1127538,1127060,478
81030661,7.87926,31.3584,450,34674,0.810021,0.59,2,1127540,1127090,450
81033581,68.7759,7.87168,532,34735,0.778004,0.63,2,1127624,1127092,532
81036501,45.7552,67.1743,490,34796,0.803601,0.63,2,1127664,1127174,490
81039421,10.751,45.4349,452,34857,0.80872,0.63,2,1127666,1127214,452
81042341,82.1502,10.687,550,34918,0.809744,0.67,2,1127766,1127216,550
81045261,74.83,78.9374,527,34979,0.793949,0.75,2,1127839,1127312,527
81048181,36.566,69.3875,487,35039,0.77479,0.81,2,1127866,1127379,487
81051101,33.7132,34.6775,494,35099,0.818958,0.83,2,1127899,1127405,494
81054021,32.3426,32.5355,494,35159,0.827792,0.81,2,1127931,1127437,494
81056941,36.8685,32.9071,499,35219,0.829558,0.81,2,1127969,1127470,499
81059861,31.3737,36.9814,491,35279,0.845912,0.81,2,1127999,1127508,491
81062781,7.87474,31.3963,463,35339,0.849182,0.81,2,1128001,1127538,463
81065701,68.775,7.87926,545,35399,0.849836,0.77,2,1128085,1127540,545
81068621,45.755,68.7759,501,35459,0.865967,0.81,2,1128125,1127624,501
81071541,10.751,45.7552,463,35519,0.869193,0.81,2,1128127,1127664,463
81074461,82.1502,10.751,561,35579,0.917839,0.81,2,1128227,1127666,561
81211701,67,66,515,17291,0.49,1,1,1130362,1129847,515
81214621,43.8,63.6,490,17414,0.506,1,1,1130400,1129910,490
81217541,82.36,42.32,545,17536,0.4772,1,1,1130492,1129947,545
81220461,150.072,70.064,635,17657,0.47144,0.63,1,1130659,1130024,635
81223381,95.6144,161.213,533,17777,0.438288,0.49,1,1130741,1130208,533
81226301,71.1229,101.843,511,17896,0.479658,0.49,1,1130806,1130295,511
81229221,47.0246,73.9685,485,18015,0.471932,0.51,1,1130847,1130362,485
81232141,11.0049,45.1937,449,18133,0.470386,0.47,1,1130849,1130400,449
81235061,72.601,82.6387,445,18250,0.550077,0.47,1,1130937,1130492,445
81237981,146.52,150.128,443,18366,0.646015,0.43,1,1131102,1130659,443
81240901,96.504,95.6255,445,18482,0.729203,0.49,1,1131186,1130741,445
81243821,72.1008,71.1251,446,18597,0.761841,0.47,2,1131252,1130806,446
81246741,48.8202,47.025,448,18711,0.768368,0.47,2,1131295,1130847,448
81249661,11.364,11.005,448,18824,0.769674,0.57,2,1131297,1130849,448
81252581,75.8728,72.601,452,18937,0.849935,0.67,2,1131389,1130937,452
81255501,149.575,146.52,455,19049,0.865987,0.75,2,1131557,1131102,455
81343101,30,27,493,22145,0.79,1,2,1133692,1133199,493
81346021,69.2,70.2,491,22241,0.566,1,1,1133771,1133280,491
81348941,133.84,144.44,478,22336,0.3452,0.95,1,1133921,1133443,478
81351861,60.368,52.888,490,22431,0.28504,1,1,1133963,1133473,490
81354781,64.8736,66.5776,486,22526,0.225008,1,1,1134029,1133543,486
81357701,60.1747,13.3155,545,22620,0.229002,0.81,1,1134088,1133543,545
81360621,37.6349,69.0631,494,22714,0.2618,0.91,1,1134120,1133626,494
81363541,27.527,42.6126,483,22807,0.25236,0.79,1,1134145,1133662,483
81366461,62.3054,32.5225,524,22900,0.282472,0.51,1,1134216,1133692,524
81369381,126.061,69.7045,587,22993,0.368494,0.29,1,1134358,1133771,587
81372301,56.4122,133.941,476,23085,0.385699,0.27,1,1134397,1133921,476
81375221,61.6824,60.3882,497,23177,0.40514,0.21,1,1134460,1133963,497
81378141,61.9365,64.8776,493,23268,0.409028,0.23,1,1134522,1134029,493
81381061,36.3873,60.1755,464,23359,0.409806,0.27,1,1134552,1134088,464
81383981,27.2775,37.6351,457,23450,0.441961,0.25,1,1134577,1134120,457
81386901,64.6555,27.527,506,23540,0.448392,0.29,1,1134651,1134145,506
81389821,130.531,62.3054,582,23630,0.513678,0.39,1,1134798,1134216,582
81392741,57.3062,126.061,479,23720,0.574736,0.39,1,1134837,1134358,479
81395661,62.6612,56.4122,504,23809,0.602947,0.41,1,1134901,1134397,504
81398581,62.1323,61.6824,503,23898,0.608589,0.41,1,1134963,1134460,503
81401501,36.4264,61.9365,471,23987,0.641718,0.41,1,1134993,1134522,471
81404421,8.88529,36.3873,443,24075,0.648344,0.45,1,1134995,1134552,443
81407341,20.9771,27.2775,442,24163,0.649669,0.45,1,1135019,1134577,442
81410261,64.9954,64.6555,444,24251,0.729934,0.53,1,1135095,1134651,444
81413181,133.799,130.531,448,24338,0.777987,0.59,2,1135246,1134798,448
81416101,60.3598,57.3062,451,24425,0.851597,0.61,2,1135288,1134837,451
81419021,64.072,62.6612,452,24512,0.866319,0.61,2,1135353,1134901,452
81421941,63.2144,62.1323,453,24598,0.885264,0.65,2,1135416,1134963,453
81424861,37.4429,36.4264,454,24684,0.873053,0.65,2,1135447,1134993,454
81427781,9.08858,8.88529,454,24770,0.902611,0.65,2,1135449,1134995,454
81430701,21.0177,20.9771,454,24856,0.892522,0.75,2,1135473,1135019,454
81553341,35,22,517,28213,0.79,1,2,1137920,1137403,517
81556261,36.6,39.6,510,28288,0.758,1,2,1137957,1137447,510
81586921,453.72,504.72,447,11680,0.1916,0.23,1,1138515,1138068,447
81589841,231.544,194.544,506,12581,0.09432,0.05,1,1138691,1138185,506
81592761,139.109,149.309,484,12750,0.106864,0.03,1,1138807,1138323,484
81595681,60.6218,106.662,429,12917,0.109373,0.01,1,1138848,1138419,429
81598601,82.5244,31.7324,504,13082,0.109875,0.07,1,1138936,1138432,504
81601521,161.305,213.546,426,13244,0.237975,0.11,1,1139117,1138691,426
81604441,125.861,135.509,427,13404,0.279595,0.11,1,1139234,1138807,427
81607361,57.9722,59.9019,427,13563,0.271919,0.11,1,1139275,1138848,427
81610281,81.9944,82.3804,427,13720,0.302384,0.11,1,1139363,1138936,427
81613201,165.199,16.4761,613,13875,0.340477,0.27,1,1139549,1138936,613
81616121,129.04,148.095,552,14028,0.380095,0.29,1,1139669,1139117,552
81619041,57.808,123.219,475,14179,0.404019,0.27,1,1139709,1139234,475
81621961,83.5616,57.4438,524,14329,0.424804,0.31,1,1139799,1139275,524
81624881,167.112,81.8888,624,14477,0.508961,0.35,1,1139987,1139363,624
81627801,131.022,165.178,560,14624,0.557792,0.39,1,1140109,1139549,560
81630721,59.0045,129.036,481,14769,0.583558,0.41,1,1140150,1139669,481
81633641,85.4009,57.8071,533,14913,0.620712,0.43,1,1140242,1139709,533
81636561,170.68,83.5614,635,15055,0.660142,0.53,1,1140434,1139799,635
81639481,35.736,167.112,449,15196,0.668028,0.57,1,1140436,1139987,449
81642401,105.547,131.022,450,15336,0.701606,0.59,1,1140559,1140109,450
81645321,54.7094,59.0045,451,15474,0.724321,0.63,1,1140601,1140150,451
81648241,86.1419,85.4009,453,15611,0.808864,0.67,2,1140695,1140242,453
81651161,172.428,170.68,455,15747,0.905773,0.67,2,1140889,1140434,455
81654081,36.0857,35.736,455,15882,0.925155,0.71,2,1140891,1140436,455
81741681,37,26,493,19493,0.53,1,1,1143509,1143016,493
81744601,49.8,58.8,479,19602,0.434,1,1,1143562,1143083,479
81747521,129.96,11.76,629,19710,0.1428,1,1,1143712,1143083,629
81750441,80.392,124.752,544,19818,0.06856,1,1,1143780,1143236,544
81753361,109.678,84.9504,586,19925,0.069712,0.75,1,1143897,1143311,586
81756281,43.5357,118.59,486,20031,0.133942,0.65,1,1143924,1143438,486
81759201,34.3071,50.918,484,20137,0.114788,0.53,1,1143956,1143472,484
81762121,40.4614,39.7836,489,20242,0.142958,0.41,1,1143998,1143509,489
81765041,117.692,50.3567,573,20347,0.0685915,0.07,1,1144135,1143562,573
81767961,81.1385,130.071,495,20451,0.0537183,0.05,1,1144207,1143712,495
81770881,108.228,80.4143,542,20555,0.0667437,0.07,1,1144322,1143780,542
81773801,42.4455,109.683,451,20658,0.0853487,0.15,1,1144348,1143897,451
81776721,34.0891,43.5366,456,20761,0.0890697,0.11,1,1144380,1143924,456
81779641,42.0178,34.3073,468,20863,0.0898139,0.15,1,1144424,1143956,468
81782561,116.404,40.4615,561,20965,0.137963,0.05,1,1144559,1143998,561
81785481,24.8807,117.692,426,21066,0.147593,0.05,1,1144561,1144135,426
81788401,61.7761,81.1385,425,21167,0.149519,0.07,1,1144632,1144207,425
81791321,104.355,108.228,425,21267,0.197904,0.09,1,1144747,1144322,425
81794241,42.471,42.4455,426,21367,0.287581,0.09,1,1144774,1144348,426
81797161,34.0942,34.0891,426,21466,0.321516,0.09,1,1144806,1144380,426
81800081,42.8188,42.0178,427,21565,0.376303,0.15,1,1144851,1144424,427
81803001,116.564,116.404,427,21663,0.403261,0.15,1,1144986,1144559,427
81805921,24.9128,24.8807,427,21761,0.408652,0.15,1,1144988,1144561,427
81808841,63.3826,61.7761,429,21858,0.37773,0.21,1,1145061,1144632,429
81811761,109.477,104.355,435,21955,0.403546,0.31,1,1145182,1144747,435
81814681,45.8953,42.471,438,22052,0.456709,0.33,1,1145212,1144774,438
81817601,35.5791,34.0942,439,22148,0.515342,0.39,1,1145245,1144806,439
81820521,44.7158,42.8188,441,22244,0.527068,0.41,1,1145292,1144851,441
81823441,116.143,116.564,440,22339,0.545414,0.41,1,1145426,1144986,440
81826361,24.8286,24.9128,440,22434,0.549083,0.37,1,1145428,1144988,440
81829281,64.1657,63.3826,441,22529,0.597817,0.37,1,1145502,1145061,441
81832201,109.633,12.6765,562,22623,0.575563,0.41,1,1145623,1145061,562
81835121,48.3266,99.3353,474,22717,0.587113,0.47,1,1145656,1145182,474
81838041,36.8653,43.8671,478,22810,0.605422,0.53,1,1145690,1145212,478
81840961,46.5731,35.1734,494,22903,0.641084,0.53,1,1145739,1145245,494
81843881,117.315,44.6347,582,22996,0.680217,0.55,1,1145874,1145292,582
81846801,25.0629,116.127,450,23088,0.688043,0.55,1,1145876,1145426,450
81849721,65.8126,24.8254,524,23180,0.721609,0.61,1,1145952,1145428,524
81852641,109.163,64.1651,570,23271,0.776322,0.57,2,1146072,1145502,570
81855561,50.6325,109.633,485,23362,0.803264,0.59,2,1146108,1145623,485
81858481,36.5265,48.3266,485,23453,0.792653,0.61,2,1146141,1145656,485
81861401,48.1053,36.8653,502,23543,0.790531,0.65,2,1146192,1145690,502
81864321,119.221,46.5731,590,23633,0.870106,0.69,2,1146329,1145739,590
81867241,25.4442,117.315,457,23723,0.886021,0.69,2,1146331,1145874,457
81870161,67.4888,25.0629,533,23812,0.905204,0.73,2,1146409,1145876,533
81975281,31,20,519,26829,0.78,1,2,1148531,1148012,519
81978201,30.2,29.6,517,26908,0.724,1,1,1148561,1148044,517
81981121,22.04,29.92,507,26987,0.6808,1,1,1148581,1148074,507
81984041,115.608,137.184,482,27065,0.35216,1,1,1148720,1148238,482
81986961,56.7216,57.0368,487,27143,0.254432,0.99,1,1148762,1148275,487
81989881,44.9443,39.4074,494,27221,0.250886,1,1,1148804,1148310,494
81992801,79.3889,95.8815,472,27299,0.282177,0.83,1,1148892,1148420,472
81995721,55.8778,55.9763,476,27377,0.240435,0.8,1,1148942,1148466,476
81998641,32.7756,38.3953,469,27454,0.216087,0.78,1,1148969,1148500,469
82001561,28.1551,32.4791,465,27531,0.179217,0.71,1,1148996,1148531,465
82004481,21.631,30.4958,455,27608,0.219843,0.67,1,1149016,1148561,455
82007401,19.5262,22.0992,454,27685,0.227969,0.27,1,1149035,1148581,454
82010321,102.305,115.62,438,27761,0.245594,0.23,1,1149158,1148720,438
82013241,51.661,56.724,435,27837,0.297119,0.25,1,1149197,1148762,435
82016161,41.5322,44.9448,432,27913,0.355424,0.29,1,1149236,1148804,432
82019081,78.7064,79.389,432,27989,0.383085,0.23,1,1149324,1148892,432
82022001,55.7413,55.8778,432,28065,0.420617,0.21,1,1149374,1148942,432
82024921,31.9483,32.7756,431,28140,0.428123,0.17,1,1149400,1148969,431
82027841,27.1897,28.1551,430,28215,0.429625,0.23,1,1149426,1148996,430
82030761,23.0379,21.631,432,28290,0.461925,0.23,1,1149448,1149016,432
82033681,20.6076,19.5262,433,28365,0.468385,0.23,1,1149468,1149035,433
82036601,102.522,3.90524,556,28440,0.421677,0.25,1,1149591,1149035,556
82039521,50.9043,99.181,471,28514,0.428335,0.31,1,1149629,1149158,471
82042441,46.9809,51.0362,478,28588,0.445667,0.37,1,1149675,1149197,478
82045361,80.5962,41.4072,528,28662,0.481133,0.39,1,1149764,1149236,528
82048281,57.7192,78.6814,492,28736,0.488227,0.43,1,1149816,1149324,492
82051201,32.3438,55.7363,468,28810,0.537645,0.43,1,1149842,1149374,468
82054121,27.2688,31.9473,468,28883,0.563529,0.43,1,1149868,1149400,468
82057041,23.0538,27.1895,464,28956,0.568706,0.47,1,1149890,1149426,464
82059961,20.6108,23.0379,462,29029,0.569741,0.47,1,1149910,1149448,462
82062881,101.722,20.6076,564,29102,0.601948,0.41,1,1150032,1149468,564
82065801,53.1444,102.522,482,29175,0.60839,0.43,1,1150073,1149591,482
82068721,46.6289,50.9043,489,29248,0.641678,0.45,1,1150118,1149629,489
82071641,82.1258,46.9809,534,29320,0.712336,0.49,1,1150209,1149675,534
82074561,59.6252,80.5962,499,29392,0.726467,0.49,1,1150263,1149764,499
82077481,34.325,57.7192,475,29464,0.665293,0.55,1,1150291,1149816,475
82080401,27.665,32.3438,475,29536,0.653059,0.57,1,1150317,1149842,475
82083321,23.133,27.2688,471,29608,0.650612,0.57,1,1150339,1149868,471
82086241,22.2266,23.0538,471,29679,0.650122,0.57,1,1150361,1149890,471
82089161,102.045,20.6108,573,29750,0.650024,0.61,1,1150483,1149910,573
82092081,53.2091,101.722,492,29821,0.666005,0.61,1,1150524,1150032,492
82095001,12.2418,53.1444,453,29892,0.669201,0.65,1,1150526,1150073,453
82097921,39.2484,46.6289,454,29963,0.71784,0.73,1,1150572,1150118,454
82100841,83.8497,82.1258,458,30034,0.839568,0.73,2,1150667,1150209,458
82103761,58.3699,59.6252,456,30104,0.847914,0.65,2,1150719,1150263,456
82106681,32.474,34.325,454,30174,0.913583,0.65,2,1150745,1150291,454
82109601,27.2948,27.665,454,30244,0.926717,0.65,2,1150771,1150317,454
82112521,23.059,23.133,454,30314,0.929343,0.65,2,1150793,1150339,454
82115441,22.2118,22.2266,454,30384,0.945869,0.65,2,1150815,1150361,454
82252681,35,36,489,33499,0.59,1,1,1153084,1152595,489
82255601,39,34.4,495,33562,0.398,1,1,1153124,1152629,495
82258521,41.4,22.08,518,33625,0.3116,1,1,1153166,1152648,518
82261441,35.48,30.816,519,33688,0.27832,1,1,1153200,1152681,519
82264361,31.096,31.7632,517,33751,0.127664,1,1,1153230,1152713,517
82267281,33.4192,31.1526,520,33814,0.0815328,1,1,1153264,1152744,520
82270201,41.0838,71.8305,481,33877,0.0723066,0.93,1,1153307,1152826,481
82273121,65.8168,81.5661,469,33939,0.0544613,0.97,1,1153379,1152910,469
82276041,39.5634,46.7132,464,34001,0.0508923,0.81,1,1153412,1152948,464
82278961,31.1127,37.3426,458,34063,0.0181785,0.67,1,1153441,1152983,458
82281881,54.2225,60.2685,452,34125,0.0276357,0.59,1,1153501,1153049,452
82284801,34.0445,40.0537,446,34187,0.0295271,0.35,1,1153530,1153084,446
82287721,30.8089,40.0107,436,34249,0.0139054,0.35,1,1153560,1153124,436
82290641,36.5618,8.00215,474,34311,0.0427811,0.29,1,1153598,1153124,474
82293561,33.7124,35.2004,465,34373,0.0165562,0.27,1,1153631,1153166,465
82296481,25.9425,34.2401,455,34435,0.0273112,0.09,1,1153655,1153200,455
82299401,31.5885,30.848,458,34496,0.0454623,0.07,1,1153688,1153230,458
82302321,40.7177,33.3696,467,34557,0.0490924,0.07,1,1153731,1153264,467
82305241,63.3435,41.0739,493,34618,0.0818185,0.05,1,1153800,1153307,493
82308161,39.8687,65.8148,455,34679,0.0723637,0.05,1,1153834,1153379,455
82311081,30.3737,39.563,450,34740,0.0864727,0.01,1,1153862,1153412,450
82314001,54.0747,31.1126,481,34801,0.105295,0.03,1,1153922,1153441,481
82316921,34.8149,54.2225,451,34862,0.0450589,0.03,1,1153952,1153501,451
82319841,30.163,34.0445,451,34923,0.0970118,0.01,1,1153981,1153530,451
82322761,38.0326,30.8089,461,34984,0.0594024,0.05,1,1154021,1153560,461
82325681,34.0065,36.5618,456,35044,0.13188,0.01,1,1154054,1153598,456
82328601,26.0013,33.7124,447,35104,0.0663761,0.03,1,1154078,1153631,447
82331521,30.8003,25.9425,455,35164,0.0852752,0.05,1,1154110,1153655,455
82334441,40.5601,31.5885,465,35224,0.025055,0.05,1,1154153,1153688,465
82337361,64.112,40.7177,492,35284,0.029011,0.09,1,1154223,1153731,492
82340281,43.2224,63.3435,461,35344,0.0138022,0.07,1,1154261,1153800,461
82343201,27.8445,39.8687,451,35404,0.0267604,0.09,1,1154285,1153834,451
82346121,51.9689,30.3737,481,35464,0.0453521,0.11,1,1154343,1153862,481
82349041,36.7938,54.0747,454,35524,0.0330704,0.03,1,1154376,1153922,454
82351961,28.9588,34.8149,451,35584,0.0626141,0.11,1,1154403,1153952,451
82354881,38.5918,30.163,463,35643,0.0365228,0.05,1,1154444,1153981,463
82357801,9.31835,38.0326,425,35702,0.0313046,0.15,1,1154446,1154021,425
82360721,30.6637,34.0065,428,35761,0.0462609,0.05,1,1154482,1154054,428
82363641,25.3327,26.0013,428,35820,0.0492522,0.09,1,1154506,1154078,428
82366561,29.0665,30.8003,426,35879,0.0658504,0.01,1,1154536,1154110,426
82369481,38.6133,40.5601,424,35938,0.0851701,0.03,1,1154577,1154153,424
82372401,62.9227,64.112,423,35997,0.057034,0.01,1,1154646,1154223,423
82375321,42.9845,43.2224,423,36056,0.0834068,0.03,1,1154684,1154261,423
82378241,27.7969,27.8445,423,36115,0.104681,0.05,1,1154708,1154285,423
82381161,51.1594,51.9689,422,36174,0.108936,0.03,1,1154765,1154343,422
82384081,37.4319,36.7938,423,36232,0.0937873,0.07,1,1154799,1154376,423
82387001,30.6864,28.9588,425,36290,0.0907575,0.03,1,1154828,1154403,425
82389921,37.3373,38.5918,423,36348,0.0901515,0.03,1,1154867,1154444,423
82392841,9.06745,9.31835,423,36406,0.12203,0.05,1,1154869,1154446,423
82395761,31.4135,30.6637,424,36464,0.0804061,0.05,1,1154906,1154482,424
82398681,26.2827,25.3327,425,36522,0.104081,0.07,1,1154931,1154506,425
82401601,29.2565,29.0665,425,36580,0.108816,0.09,1,1154961,1154536,425
82404521,40.2513,38.6133,427,36638,0.141763,0.05,1,1155004,1154577,427
82407441,61.6503,62.9227,425,36696,0.164353,0.09,1,1155071,1154646,425
82410361,43.5301,42.9845,426,36754,0.168871,0.11,1,1155110,1154684,426
82413281,28.706,27.7969,427,36811,0.233774,0.11,1,1155135,1154708,427
82416201,52.1412,51.1594,428,36868,0.246755,0.09,1,1155193,1154765,428
82419121,36.0282,37.4319,426,36925,0.281351,0.09,1,1155225,1154799,426
82422041,31.2056,30.6864,427,36982,0.28827,0.09,1,1155255,1154828,427
82424961,36.6411,37.3373,426,37039,0.289654,0.13,1,1155293,1154867,426
82427881,8.92823,9.06745,426,37096,0.289931,0.07,1,1155295,1154869,426
82430801,30.5856,31.4135,425,37153,0.289986,0.07,1,1155331,1154906,425
82433721,25.3171,6.2827,449,37210,0.257997,0.11,1,1155355,1154906,449
82436641,31.4634,21.2565,457,37267,0.283599,0.11,1,1155388,1154931,457
82439561,39.8927,28.2513,469,37324,0.27272,0.15,1,1155430,1154961,469
82442481,62.3785,40.0503,494,37381,0.334544,0.17,1,1155498,1155004,494
82445401,46.0757,61.6101,469,37438,0.362909,0.17,1,1155540,1155071,469
82448321,30.0151,43.522,456,37494,0.384582,0.25,1,1155566,1155110,456
82451241,54.003,28.7044,491,37550,0.420916,0.25,1,1155626,1155135,491
82454161,36.4006,52.1409,465,37606,0.460183,0.29,1,1155658,1155193,465
82457081,31.2801,36.0282,463,37662,0.484037,0.29,1,1155688,1155225,463
82460001,36.656,31.2056,471,37718,0.488807,0.29,1,1155726,1155255,471
82462921,8.9312,36.6411,435,37774,0.489761,0.29,1,1155728,1155293,435
82465841,30.5862,8.92822,469,37830,0.489952,0.29,1,1155764,1155295,469
82468761,25.3172,30.5856,457,37886,0.50599,0.25,1,1155788,1155331,457
82471681,32.2635,25.3171,467,37942,0.541198,0.29,1,1155822,1155355,467
82474601,40.0527,31.4634,476,37998,0.58024,0.27,1,1155864,1155388,476
82477521,66.4105,39.8927,507,38054,0.636048,0.35,1,1155937,1155430,507
82480441,46.8821,62.3785,481,38110,0.63121,0.37,1,1155979,1155498,481
82483361,30.9764,46.0757,466,38165,0.614242,0.39,1,1156006,1155540,466
82486281,55.7953,30.0151,502,38220,0.610848,0.43,1,1156068,1155566,502
82489201,38.3591,54.003,476,38275,0.61017,0.47,1,1156102,1155626,476
82492121,32.4718,36.4006,475,38330,0.594034,0.49,1,1156133,1155658,475
82495041,36.8944,31.2801,483,38385,0.590807,0.49,1,1156171,1155688,483
82497961,8.97887,36.656,447,38440,0.590161,0.49,1,1156173,1155726,447
82500881,31.3958,8.9312,482,38495,0.606032,0.49,1,1156210,1155728,482
82503801,25.4792,30.5862,470,38550,0.609206,0.51,1,1156234,1155764,470
82506721,33.8958,25.3172,482,38605,0.609841,0.55,1,1156270,1155788,482
82509641,8.37917,32.2635,450,38660,0.609968,0.59,1,1156272,1155822,450
82512561,36.8758,40.0527,452,38715,0.625994,0.65,1,1156316,1155864,452
82515481,65.7752,66.4105,452,38770,0.677199,0.63,1,1156389,1155937,452
82518401,47.555,46.8821,453,38824,0.71944,0.61,1,1156432,1155979,453
82521321,30.311,30.9764,452,38878,0.711888,0.61,1,1156458,1156006,452
82524241,56.4622,55.7953,453,38932,0.758378,0.61,2,1156521,1156068,453
82527161,37.6924,38.3591,452,38986,0.767676,0.59,2,1156554,1156102,452
82530081,31.5385,32.4718,451,39040,0.785535,0.59,2,1156584,1156133,451
82533001,36.7077,36.8944,451,39094,0.821107,0.59,2,1156622,1156171,451
82535921,8.94154,8.97887,451,39148,0.860221,0.61,2,1156624,1156173,451
82538841,32.1883,31.3958,452,39202,0.852044,0.61,2,1156662,1156210,452
82541761,25.6377,25.4792,452,39256,0.882409,0.61,2,1156686,1156234,452
82544681,33.9275,33.8958,452,39310,0.920482,0.61,2,1156722,1156270,452
82547601,8.38551,8.37917,452,39364,0.896096,0.63,2,1156724,1156272,452
82550521,37.6771,36.8758,453,39418,0.875219,0.69,2,1156769,1156316,453
82553441,68.3354,65.7752,456,39472,0.887044,0.73,2,1156845,1156389,456
82556361,48.8671,47.555,457,39526,0.905409,0.71,2,1156889,1156432,457
82559281,31.3734,30.311,458,39579,0.925082,0.77,2,1156916,1156458,458
82562201,58.2747,56.4622,460,39632,0.945016,0.77,2,1156981,1156521,460
82746161,83,84,483,19203,0.15,0.37,1,1159311,1158828,483
82749081,75,89.6,465,19314,0.198,0.25,1,1159384,1158919,465
82752001,85.4,81.12,474,19424,0.2716,0.19,1,1159472,1158998,474
82754921,54.68,81.824,439,19533,0.30232,0.11,1,1159519,1159080,439
82757841,32.536,37.1648,440,19642,0.324464,0.17,1,1159546,1159106,440
82760761,94.5072,22.633,531,19750,0.392893,0.15,1,1159656,1159125,531
82763681,85.3014,86.9266,511,19857,0.422579,0.15,1,1159739,1159228,511
82766601,77.8603,83.7853,504,19964,0.460516,0.21,1,1159815,1159311,504
82769521,90.7721,75.1571,525,20070,0.452103,0.29,1,1159909,1159384,525
82772441,56.5544,85.4314,485,20176,0.466421,0.31,1,1159957,1159472,485
82775361,32.1109,54.6863,464,20281,0.437284,0.33,1,1159983,1159519,464
82778281,97.6222,32.5373,551,20386,0.431457,0.41,1,1160097,1159546,551
82781201,86.7244,94.5075,525,20490,0.446291,0.43,1,1160181,1159656,525
82784121,79.7449,85.3015,520,20594,0.513258,0.47,1,1160259,1159739,520
82787041,90.349,77.8603,537,20697,0.558652,0.45,1,1160352,1159815,537
82789961,55.6698,90.7721,490,20799,0.56773,0.47,1,1160399,1159909,490
82792881,31.934,56.5544,468,20901,0.585546,0.43,1,1160425,1159957,468
82795801,97.5868,32.1109,556,21002,0.749109,0.43,1,1160539,1159983,556
82798721,21.1174,97.6222,444,21103,0.781822,0.45,2,1160541,1160097,444
82801641,72.2235,86.7244,445,21204,0.804364,0.53,2,1160626,1160181,445
82804561,79.2447,79.7449,448,21304,0.824873,0.57,2,1160707,1160259,448
82807481,91.8489,90.349,450,21404,0.860975,0.57,2,1160802,1160352,450
82810401,55.9698,55.6698,450,21503,0.884195,0.59,2,1160849,1160399,450
82813321,33.594,31.934,452,21602,0.888839,0.79,2,1160877,1160425,452
82898001,41,30,490,24288,0.87,1,2,1162775,1162285,490
82900921,100.2,106.8,479,24375,0.726,1,1,1162890,1162411,479
82903841,41.64,45.36,476,24462,0.7452,1,1,1162917,1162441,476
82906761,65.928,65.872,477,24549,0.74904,0.93,1,1162989,1162512,477
82909681,61.1856,63.5744,474,24635,0.701808,1,1,1163049,1162575,474
82912601,29.0371,32.7149,470,24721,0.740362,0.85,1,1163070,1162600,470
82915521,73.0074,78.543,464,24807,0.668072,0.81,1,1163154,1162690,464
82918441,45.8015,50.9086,459,24892,0.685614,0.87,1,1163193,1162734,459
82921361,43.5603,42.9817,461,24977,0.673123,0.69,1,1163236,1162775,461
82924281,96.7121,100.596,456,25062,0.670625,0.75,1,1163346,1162890,456
82927201,43.3424,41.7193,459,25147,0.750125,0.75,2,1163376,1162917,459
82930121,66.2685,65.9439,459,25231,0.750025,0.69,2,1163448,1162989,459
82933041,62.0537,61.1888,460,25315,0.814005,0.75,2,1163509,1163049,460
82935961,28.4107,29.0378,459,25399,0.810801,0.65,2,1163529,1163070,459
82938881,68.8821,73.0076,454,25482,0.89016,0.65,2,1163608,1163154,454
82941801,44.1764,14.6015,492,25565,0.890032,0.69,2,1163646,1163154,492
82944721,42.4353,34.1203,495,25648,0.906006,0.67,2,1163688,1163193,495
82947641,98.8871,41.2241,565,25731,0.877201,0.67,2,1163801,1163236,565
82950561,46.1774,96.2448,488,25813,0.90344,0.77,2,1163834,1163346,488
82953481,66.8355,43.249,530,25895,0.892688,0.75,2,1163906,1163376,530
82956401,64.5671,66.2498,522,25977,0.906538,0.83,2,1163970,1163448,522
82959321,28.9134,62.05,481,26059,0.877308,0.81,2,1163990,1163509,481
82962241,71.3827,28.41,543,26140,0.855461,0.91,2,1164072,1163529,543
82965161,45.4765,68.882,503,26221,0.835092,0.89,2,1164111,1163608,503
82968081,43.4953,44.1764,508,26302,0.863018,0.91,2,1164154,1163646,508
82971001,97.4991,42.4353,577,26383,0.852604,0.87,2,1164265,1163688,577
82973921,45.8998,98.8871,497,26463,0.866521,0.91,2,1164298,1163801,497
82976841,67.58,46.1774,537,26543,0.917304,0.89,2,1164371,1163834,537
83058601,73,79,545,28693,0.55,1,1,1165870,1165325,545
83061521,37,68.6,507,28767,0.55,1,1,1165898,1165391,507
83064441,73,36.12,561,28841,0.406,1,1,1165980,1165419,561
83067361,38.6,72.824,509,28914,0.3772,1,1,1166010,1165501,509
83070281,30.12,41.7648,503,28987,0.32344,1,1,1166038,1165535,503
83073201,25.224,21.953,510,29060,0.296688,0.99,1,1166062,1165552,510
83076121,81.0448,31.5906,571,29133,0.291338,1,1,1166157,1165586,571
83079041,40.209,87.1181,500,29206,0.274268,0.95,1,1166187,1165687,500
83081961,64.0418,44.6236,536,29278,0.254853,0.79,1,1166257,1165721,536
83084881,63.2084,69.7247,523,29350,0.266971,0.55,1,1166320,1165797,523
83087801,31.8417,72.3449,474,29422,0.301394,0.55,1,1166344,1165870,474
83090721,64.7683,36.869,519,29494,0.372279,0.37,1,1166417,1165898,519
83093641,36.9537,72.9738,467,29566,0.386456,0.37,1,1166447,1165980,467
83096561,29.7907,38.5948,465,29638,0.421291,0.31,1,1166475,1166010,465
83099481,26.7581,30.119,463,29709,0.428258,0.29,1,1166501,1166038,463
83102401,77.3516,25.2238,529,29780,0.461652,0.29,1,1166591,1166062,529
83105321,17.0703,81.0448,436,29851,0.50033,0.27,1,1166593,1166157,436
83108241,25.0141,40.209,433,29922,0.524066,0.25,1,1166620,1166187,433
83111161,61.8028,64.0418,434,29993,0.512813,0.27,1,1166691,1166257,434
83114081,63.5606,63.2084,435,30064,0.638563,0.31,1,1166755,1166320,435
83117001,32.7121,31.8417,436,30134,0.631713,0.39,1,1166780,1166344,436
83119921,66.5424,64.7683,438,30204,0.694342,0.39,1,1166855,1166417,438
83122841,38.1085,36.9537,439,30274,0.706869,0.43,1,1166886,1166447,439
83125761,31.6217,29.7907,441,30344,0.725374,0.43,1,1166916,1166475,441
83128681,30.3243,26.7581,445,30414,0.697075,0.47,1,1166946,1166501,445
83131601,78.0649,77.3516,445,30484,0.771415,0.51,2,1167036,1166591,445
83134521,17.213,17.0703,445,30553,0.754283,0.53,2,1167038,1166593,445
83137441,25.8426,25.0141,446,30622,0.782857,0.51,2,1167066,1166620,446
83140361,62.7685,61.8028,447,30691,0.772571,0.67,2,1167138,1166691,447
83143281,68.5537,63.5606,453,30760,0.834514,0.63,2,1167208,1166755,453
83146201,33.7107,32.7121,453,30829,0.862903,0.71,2,1167233,1166780,453
83149121,70.7421,66.5424,458,30898,0.948581,0.71,2,1167313,1166855,458
83152041,38.1484,38.1085,457,30966,0.933716,0.73,2,1167343,1166886,457
83154961,32.4297,31.6217,458,31034,0.914743,0.69,2,1167374,1166916,458
83157881,30.4859,30.3243,458,31102,0.942949,0.79,2,1167404,1166946,458
83289281,35,26,505,34027,0.79,1,2,1169471,1168966,505
83292201,36.6,47.6,489,34089,0.774,1,2,1169508,1169019,489
83295121,63.32,71.92,481,34151,0.6588,1,1,1169578,1169097,481
83298041,46.264,39.184,492,34213,0.50776,1,1,1169620,1169128,492
83300961,35.6528,7.8368,525,34275,0.381552,1,1,1169653,1169128,525
83303881,36.7306,27.1674,530,34337,0.32431,1,1,1169690,1169160,530
83306801,44.1461,53.4335,516,34399,0.264862,1,1,1169736,1169220,516
83309721,22.4292,39.4867,497,34460,0.252972,1,1,1169753,1169256,497
83312641,26.8858,31.0973,496,34521,0.266594,1,1,1169781,1169285,496
83315561,67.7772,26.2195,549,34582,0.205319,0.92,1,1169859,1169310,549
83318481,47.1554,68.4439,512,34643,0.177064,0.85,1,1169901,1169389,512
83321401,32.6311,51.2888,494,34704,0.155413,0.79,1,1169930,1169436,494
83324321,38.5262,38.2578,499,34765,0.135083,0.77,1,1169970,1169471,499
83327241,53.3052,37.2516,519,34826,0.115017,0.63,1,1170027,1169508,519
83330161,37.061,63.4503,482,34887,0.111003,0.47,1,1170060,1169578,482
83333081,30.6122,46.2901,469,34948,0.0942007,0.35,1,1170089,1169620,469
83336001,33.3224,35.658,470,35008,0.10684,0.31,1,1170123,1169653,470
83338921,45.0645,36.7316,481,35068,0.141368,0.25,1,1170171,1169690,481
83341841,21.0129,44.1463,450,35128,0.100274,0.25,1,1170186,1169736,450
83344761,28.2026,22.4293,463,35188,0.0600547,0.27,1,1170216,1169753,463
83347681,62.4405,26.8859,506,35248,0.0840109,0.19,1,1170287,1169781,506
83350601,46.8881,67.7772,471,35308,0.136802,0.17,1,1170330,1169859,471
83353521,30.1776,47.1554,455,35368,0.14736,0.15,1,1170356,1169901,455
83356441,38.0355,32.6311,466,35428,0.181472,0.13,1,1170396,1169930,466
83359361,54.0071,38.5262,484,35488,0.204294,0.11,1,1170454,1169970,484
83362281,34.8014,53.3052,457,35548,0.240859,0.11,1,1170484,1170027,457
83365201,30.9603,37.061,454,35607,0.248172,0.09,1,1170514,1170060,454
83368121,32.5921,30.6122,458,35666,0.265634,0.11,1,1170547,1170089,458
83371041,8.11841,33.3224,426,35725,0.269127,0.15,1,1170549,1170123,426
83373961,40.8237,45.0645,427,35784,0.333825,0.09,1,1170598,1170171,427
83376881,19.3647,21.0129,426,35843,0.330765,0.05,1,1170612,1170186,426
83379801,27.8729,28.2026,426,35902,0.346153,0.09,1,1170642,1170216,426
83382721,62.3746,62.4405,426,35961,0.413231,0.15,1,1170713,1170287,426
83385641,49.2749,46.8881,429,36020,0.474646,0.15,1,1170759,1170330,429
83388561,31.455,30.1776,430,36079,0.470929,0.19,1,1170786,1170356,430
83391481,39.091,38.0355,431,36138,0.470186,0.21,1,1170827,1170396,431
83394401,55.8182,54.0071,433,36196,0.518037,0.25,1,1170887,1170454,433
83397321,35.9636,34.8014,434,36254,0.511607,0.25,1,1170918,1170484,434
83400241,31.1927,30.9603,434,36312,0.510321,0.27,1,1170948,1170514,434
83403161,33.4385,32.5921,435,36370,0.558064,0.27,1,1170982,1170547,435
83406081,8.28771,8.11841,435,36428,0.535613,0.35,1,1170984,1170549,435
83409001,43.2575,40.8237,438,36486,0.563123,0.33,1,1171036,1170598,438
83411921,19.8515,19.3647,438,36544,0.584625,0.35,1,1171050,1170612,438
83414841,28.7703,27.8729,439,36602,0.636925,0.43,1,1171081,1170642,439
83417761,64.1541,62.3746,441,36660,0.647385,0.49,1,1171154,1170713,441
83420681,52.0308,49.2749,444,36718,0.633477,0.47,1,1171203,1170759,444
83423601,33.6062,31.455,446,36776,0.646695,0.47,1,1171232,1170786,446
83426521,38.7212,39.091,445,36833,0.665339,0.53,1,1171272,1170827,445
83429441,58.1442,55.8182,448,36890,0.653068,0.51,1,1171335,1170887,448
83432361,35.6288,35.9636,447,36947,0.666614,0.51,1,1171365,1170918,447
83435281,31.1258,31.1927,447,37004,0.717323,0.57,1,1171395,1170948,447
83438201,34.2252,33.4385,448,37061,0.695465,0.53,1,1171430,1170982,448
83441121,8.44503,8.28771,448,37118,0.691093,0.57,1,1171432,1170984,448
83444041,44.889,43.2575,450,37175,0.722219,0.57,1,1171486,1171036,450
83446961,20.1778,8.65151,464,37232,0.728444,0.59,1,1171500,1171036,464
83449881,29.6356,12.9303,482,37289,0.761689,0.65,2,1171532,1171050,482
83452801,65.9271,27.3861,526,37346,0.784338,0.65,2,1171607,1171081,526
83455721,51.5854,63.8772,501,37403,0.756868,0.63,2,1171655,1171154,501
83458641,34.3171,51.9754,482,37459,0.751374,0.65,2,1171685,1171203,482
83461561,39.6634,33.5951,494,37515,0.798275,0.67,2,1171726,1171232,494
83464481,57.5327,38.719,516,37571,0.823655,0.65,2,1171788,1171272,516
83467401,36.3065,58.1438,484,37627,0.828731,0.67,2,1171819,1171335,484
83470321,32.0613,35.6288,485,37683,0.845746,0.73,2,1171850,1171365,485
83473241,35.2123,31.1258,491,37739,0.865149,0.69,2,1171886,1171395,491
83476161,8.64245,34.2251,458,37795,0.86903,0.69,2,1171888,1171430,458
83479081,45.7285,8.44503,511,37851,0.853806,0.73,2,1171943,1171432,511
83482001,20.3457,44.889,471,37907,0.850761,0.73,2,1171957,1171486,471
83484921,31.2691,20.1778,491,37963,0.850152,0.77,2,1171991,1171500,491
83487841,67.0538,29.6356,535,38019,0.81803,0.79,2,1172067,1171532,535
83490761,50.2108,65.9271,506,38075,0.811606,0.75,2,1172113,1171607,506
83493681,34.8422,51.5854,489,38130,0.842321,0.75,2,1172144,1171655,489
83496601,41.3684,34.3171,502,38185,0.848464,0.81,2,1172187,1171685,502
83499521,59.4737,39.6634,525,38240,0.913693,0.83,2,1172251,1171726,525
83502441,35.8947,57.5327,493,38295,0.926739,0.83,2,1172281,1171788,493
83505361,33.5789,36.3065,495,38350,0.913348,0.85,2,1172314,1171819,495
83630921,27,27,504,40650,0.88,1,2,1173870,1173366,504
83633841,32.6,29.4,508,40702,0.816,1,2,1173904,1173396,508
83636761,28.12,31.48,503,40754,0.7632,1,2,1173931,1173428,503
83639681,33.624,23.896,516,40806,0.70464,1,1,1173966,1173450,516
83642601,31.5248,31.9792,513,40858,0.660928,1,1,1173997,1173484,513
83645521,38.305,35.1958,517,40910,0.556186,1,1,1174037,1173520,517
83648441,34.861,39.8392,510,40962,0.503237,1,1,1174071,1173561,510
83651361,70.9722,39.9678,550,41014,0.332647,1,1,1174151,1173601,550
83654281,32.5944,63.9936,503,41065,0.346529,1,1,1174174,1173671,503
83657201,32.9189,41.5987,500,41116,0.285306,1,1,1174207,1173707,500
83660121,40.9838,31.5197,514,41167,0.225061,0.98,1,1174250,1173736,514
83663041,32.1968,39.904,502,41218,0.181012,0.94,1,1174280,1173778,502
83665961,32.8394,33.5808,503,41269,0.188202,0.91,1,1174313,1173810,503
83668881,22.5679,33.1162,490,41320,0.18964,0.88,1,1174333,1173843,490
83671801,28.5136,28.2232,493,41371,0.205928,0.8,1,1174363,1173870,493
83674721,24.1027,32.8446,482,41422,0.209186,0.75,1,1174386,1173904,482
83677641,28.8205,28.1689,485,41473,0.241837,0.69,1,1174416,1173931,485
83680561,28.9641,33.6338,479,41524,0.264367,0.65,1,1174445,1173966,479
83683481,7.39282,31.5268,450,41575,0.236873,0.53,1,1174447,1173997,450
83686401,27.8786,38.3054,443,41626,0.279375,0.49,1,1174480,1174037,443
83689321,32.7757,34.8611,443,41677,0.303875,0.29,1,1174514,1174071,443
83692241,66.5551,70.9722,438,41728,0.372775,0.35,1,1174589,1174151,438
83695161,35.711,32.5944,443,41779,0.370555,0.27,1,1174617,1174174,443
83698081,29.5422,32.9189,438,41830,0.450111,0.21,1,1174645,1174207,438
83701001,33.1084,40.9838,429,41880,0.450022,0.17,1,1174679,1174250,429
83703921,33.0217,32.1968,432,41930,0.498004,0.19,1,1174712,1174280,432
83706841,32.2043,32.8394,431,41980,0.507601,0.19,1,1174744,1174313,431
83709761,23.2409,22.5679,432,42030,0.52552,0.21,1,1174765,1174333,432
83712681,29.4482,28.5136,433,42080,0.561104,0.21,1,1174796,1174363,433
83715601,23.4896,24.1027,432,42130,0.536221,0.25,1,1174818,1174386,432
83718521,30.2979,28.8205,434,42180,0.563244,0.27,1,1174850,1174416,434
83721441,28.4596,28.9641,433,42230,0.568649,0.23,1,1174878,1174445,433
83724361,7.29192,7.39282,433,42280,0.53773,0.29,1,1174880,1174447,433
83727281,31.0584,27.8786,437,42330,0.547546,0.31,1,1174917,1174480,437
83730201,33.4117,32.7757,437,42380,0.581509,0.39,1,1174951,1174514,437
83733121,69.8823,66.5551,441,42430,0.636302,0.37,1,1175030,1174589,441
83736041,35.5765,35.711,440,42480,0.69526,0.47,1,1175057,1174617,440
83738961,31.9153,29.5422,443,42530,0.691052,0.45,1,1175088,1174645,443
83741881,35.1831,33.1084,445,42580,0.69021,0.51,1,1175124,1174679,445
83744801,35.0366,33.0217,447,42630,0.674042,0.51,1,1175159,1174712,447
83747721,32.6073,32.2043,447,42680,0.686808,0.53,1,1175191,1174744,447
83750641,24.1215,23.2409,448,42729,0.689362,0.57,1,1175213,1174765,448
83753561,29.6243,29.4482,448,42778,0.689872,0.53,1,1175244,1174796,448
83756481,23.5249,23.4896,448,42827,0.737974,0.57,1,1175266,1174818,448
83759401,30.305,30.2979,448,42876,0.715595,0.57,1,1175298,1174850,448
83762321,28.461,28.4596,448,42925,0.727119,0.53,1,1175326,1174878,448
83765241,7.2922,7.29192,448,42974,0.761424,0.55,2,1175328,1174880,448
83768161,31.8584,31.0584,449,43023,0.736285,0.55,1,1175366,1174917,449
83771081,34.3717,6.21168,484,43072,0.731257,0.59,1,1175401,1174917,484
83774001,72.4743,28.4423,532,43121,0.778251,0.65,2,1175483,1174951,532
83776921,36.8949,68.8885,481,43170,0.81965,0.71,2,1175511,1175030,481
83779841,31.379,35.3777,484,43219,0.84393,0.69,2,1175541,1175057,484
83782761,35.0758,31.8755,489,43268,0.848786,0.69,2,1175577,1175088,489
83785681,35.8152,35.1751,489,43317,0.865757,0.67,2,1175613,1175124,489
83788601,33.563,35.035,487,43366,0.869151,0.69,2,1175646,1175159,487
83791521,24.3126,32.607,477,43415,0.88583,0.69,2,1175668,1175191,477
83794441,30.4625,24.1214,487,43464,0.889166,0.69,2,1175700,1175213,487
83797361,23.6925,29.6243,478,43513,0.921833,0.75,2,1175722,1175244,478
83823641,36,30,499,43945,0.93,0.85,2,1176040,1175541,499
83975481,30,31,510,46377,0.87,1,2,1177696,1177186,510
83978401,33.2,21.4,525,46422,0.886,1,2,1177730,1177205,525
83981321,28.24,22.68,529,46467,0.7292,1,1,1177757,1177228,529
83984241,24.848,30.936,520,46512,0.69784,1,1,1177781,1177261,520
83987161,30.5696,32.5872,519,46557,0.643568,1,1,1177813,1177294,519
83990081,37.3139,24.9174,535,46602,0.552714,1,1,1177852,1177317,535
83993001,33.0628,48.9835,512,46647,0.614543,0.99,1,1177884,1177372,512
83995921,35.4126,36.9967,514,46692,0.562909,1,1,1177920,1177406,514
83998841,27.8825,29.7993,512,46737,0.488582,1,1,1177946,1177434,512
84001761,43.9765,28.3599,532,46782,0.473716,0.92,1,1177994,1177462,532
84004681,28.7953,49.672,502,46827,0.470743,1,1,1178019,1177517,502
84007601,30.5591,36.3344,500,46872,0.518149,1,1,1178050,1177550,500
84010521,31.7118,32.8669,500,46917,0.41563,1,1,1178082,1177582,500
84013441,27.9424,32.9734,494,46962,0.411126,0.94,1,1178109,1177615,494
84016361,22.3885,28.1947,488,47007,0.378225,0.95,1,1178130,1177642,488
84019281,28.4777,24.8389,494,47052,0.371645,0.87,1,1178160,1177666,494
84022201,33.6955,28.9678,499,47097,0.354329,0.89,1,1178195,1177696,499
84025121,24.3391,32.9936,487,47142,0.366866,0.69,1,1178217,1177730,487
84028041,16.8678,28.1987,475,47187,0.385373,0.69,1,1178232,1177757,475
84030961,27.3736,24.8397,481,47232,0.389075,0.63,1,1178262,1177781,481
84033881,39.8747,30.5679,492,47277,0.405815,0.53,1,1178305,1177813,492
84036801,31.1749,37.3136,482,47322,0.377163,0.63,1,1178334,1177852,482
84039721,31.835,33.0627,482,47367,0.371433,0.55,1,1178366,1177884,482
84042641,7.967,35.4125,448,47412,0.370287,0.47,1,1178368,1177920,448
84045561,21.5934,27.8825,447,47456,0.386057,0.47,1,1178393,1177946,447
84048481,38.7187,43.9765,442,47500,0.437211,0.47,1,1178436,1177994,442
84051401,29.3437,28.7953,444,47544,0.495442,0.53,1,1178463,1178019,444
84054321,29.0687,30.5591,442,47588,0.539088,0.39,1,1178492,1178050,442
84057241,29.8137,31.7118,440,47632,0.531818,0.41,1,1178522,1178082,440
84060161,26.7628,27.9424,439,47676,0.562364,0.37,1,1178548,1178109,439
84063081,21.3525,22.3885,438,47720,0.536473,0.37,1,1178568,1178130,438
84066001,30.6705,28.4777,441,47764,0.563295,0.35,1,1178601,1178160,441
84068921,31.7341,33.6955,438,47808,0.600659,0.37,1,1178633,1178195,438
84071841,24.7468,24.3391,439,47852,0.640132,0.39,1,1178656,1178217,439
84074761,16.9494,16.8678,439,47896,0.632026,0.39,1,1178671,1178232,439
84077681,28.9899,27.3736,441,47940,0.630405,0.41,1,1178703,1178262,441
84080601,40.198,39.8747,441,47984,0.678081,0.37,1,1178746,1178305,441
84083521,30.4396,31.1749,440,48028,0.703616,0.37,1,1178774,1178334,440
84086441,31.6879,31.835,440,48072,0.708723,0.37,1,1178806,1178366,440
84089361,7.93758,7.967,440,48116,0.709745,0.39,1,1178808,1178368,440
84092281,20.7875,21.5934,439,48160,0.709949,0.45,1,1178832,1178393,439
84095201,40.9575,38.7187,442,48204,0.72599,0.51,1,1178878,1178436,442
84098121,33.7915,29.3437,447,48248,0.777198,0.55,2,1178910,1178463,447
84101041,29.9583,29.0687,447,48292,0.80344,0.53,2,1178939,1178492,447
84103961,30.7917,29.8137,448,48336,0.824688,0.57,2,1178970,1178522,448
84106881,26.9583,26.7628,448,48380,0.828938,0.53,2,1178996,1178548,448
84109801,22.1917,21.3525,449,48424,0.845788,0.57,2,1179017,1178568,449
84112721,32.4383,30.6705,451,48468,0.833157,0.61,2,1179052,1178601,451
84115641,32.8877,31.7341,452,48511,0.782632,0.65,2,1179085,1178633,452
84118561,24.9775,24.7468,452,48554,0.788526,0.63,2,1179108,1178656,452
84121481,16.1955,16.9494,451,48597,0.821705,0.63,2,1179122,1178671,451
84124401,31.2391,28.9899,454,48640,0.812341,0.69,2,1179157,1178703,454
84127321,40.6478,40.198,454,48683,0.874468,0.71,2,1179200,1178746,454
84130241,31.3296,30.4396,455,48726,0.870894,0.71,2,1179229,1178774,455
84133161,31.8659,31.6879,455,48769,0.902179,0.71,2,1179261,1178806,455
84136081,7.97318,7.93758,455,48812,0.908436,0.71,2,1179263,1178808,455
84139001,21.5946,20.7875,456,48855,0.925687,0.71,2,1179288,1178832,456
84141921,41.9189,4.1575,503,48898,0.929137,0.73,2,1179335,1178832,503
84144841,36.3838,37.6315,492,48941,0.913828,0.79,2,1179370,1178878,492
84147761,31.2768,33.1263,490,48984,0.942765,0.81,2,1179400,1178910,490
84403261,32,41,464,24090,0.17,0.75,1,1182057,1181593,464
84406181,60.8,37.8,495,24178,0.154,0.65,1,1182125,1181630,495
84409101,56.96,57.16,489,24266,0.1508,0.55,1,1182181,1181692,489
84412021,68.192,69.832,487,24353,0.16616,0.39,1,1182252,1181765,487
84414941,48.8384,77.9664,451,24440,0.169232,0.33,1,1182296,1181845,451
84417861,28.9677,37.9933,447,24527,0.137846,0.33,1,1182320,1181873,447
84420781,20.9935,23.5987,446,24613,0.147569,0.19,1,1182339,1181893,446
84423701,64.9987,53.5197,461,24699,0.213514,0.21,1,1182415,1181954,461
84426621,69.7997,67.5039,461,24785,0.274703,0.15,1,1182486,1182025,461
84429541,68.3599,93.5008,429,24871,0.318941,0.15,1,1182554,1182125,429
84432461,58.472,63.5002,429,24956,0.359788,0.17,1,1182610,1182181,429
84435381,69.2944,69.5,430,25041,0.415958,0.17,1,1182682,1182252,430
84438301,47.4589,49.1,428,25126,0.427192,0.13,1,1182724,1182296,428
84441221,28.6918,29.02,428,25210,0.397438,0.15,1,1182748,1182320,428
84444141,22.5384,21.004,430,25294,0.407488,0.23,1,1182769,1182339,430
84447061,67.7077,65.0008,433,25378,0.537498,0.29,1,1182848,1182415,433
84449981,72.7415,69.8002,436,25461,0.5955,0.29,1,1182922,1182486,436
84452901,69.7483,13.96,505,25544,0.5591,0.33,1,1182991,1182486,505
84455821,61.1497,57.192,496,25627,0.56782,0.37,1,1183050,1182554,496
84458741,69.8299,56.2384,512,25710,0.537564,0.43,1,1183122,1182610,512
84461661,47.566,68.8477,482,25792,0.563513,0.43,1,1183164,1182682,482
84464581,28.7132,47.3695,464,25874,0.568703,0.39,1,1183188,1182724,464
84467501,21.7426,28.6739,460,25956,0.569741,0.41,1,1183208,1182748,460
84470421,73.9485,22.5348,526,26038,0.649948,0.57,1,1183295,1182769,526
84473341,75.5897,67.707,523,26119,0.69799,0.61,1,1183371,1182848,523
84476261,69.5179,72.7414,517,26200,0.723598,0.55,1,1183439,1182922,517
84479181,60.3036,69.7483,506,26281,0.77672,0.57,2,1183497,1182991,506
84482101,69.6607,61.1497,519,26362,0.835344,0.53,2,1183569,1183050,519
84485021,49.1321,69.8299,491,26442,0.847069,0.57,2,1183613,1183122,491
84487941,29.0264,47.566,473,26522,0.849414,0.57,2,1183637,1183164,473
84490861,21.8053,28.7132,469,26602,0.849883,0.57,2,1183657,1183188,469
84493781,77.9611,21.7426,541,26682,0.881977,0.67,2,1183749,1183208,541
84496701,77.9922,73.9485,532,26761,0.888395,0.71,2,1183827,1183295,532
84607661,37,66,505,29619,0.55,1,1,1185807,1185302,505
84610581,42.6,37.2,519,29690,0.534,1,1,1185851,1185332,519
84613501,58.12,49.04,529,29761,0.3708,1,1,1185913,1185384,529
84616421,46.024,58.608,511,29832,0.32216,1,1,1185956,1185445,511
84619341,34.0048,47.7216,497,29903,0.328432,1,1,1185987,1185490,497
84622261,24.401,36.7443,485,29974,0.265686,1,1,1186009,1185524,485
84625181,23.2802,31.3489,478,30045,0.285137,0.99,1,1186032,1185554,478
84628101,59.056,69.4698,467,30115,0.225027,0.81,1,1186100,1185633,467
84631021,63.0112,73.094,457,30185,0.133005,0.69,1,1186164,1185707,457
84633941,62.2022,65.0188,456,30255,0.0826011,0.55,1,1186226,1185770,456
84636861,38.8404,42.6038,452,30325,0.0885202,0.53,1,1186259,1185807,452
84639781,37.3681,43.7208,445,30395,0.121704,0.33,1,1186296,1185851,445
84642701,52.2736,58.3442,439,30465,0.176341,0.31,1,1186352,1185913,439
84645621,40.8547,46.0688,434,30534,0.123268,0.33,1,1186390,1185956,434
84648541,36.1709,34.0138,438,30603,0.144654,0.25,1,1186425,1185987,438
84651461,21.6342,24.4028,434,30672,0.164931,0.29,1,1186443,1186009,434
84654381,21.1268,23.2805,432,30741,0.248986,0.21,1,1186464,1186032,432
84657301,57.8254,59.0561,431,30810,0.249797,0.11,1,1186531,1186100,431
84660221,59.5651,63.0112,427,30879,0.281959,0.07,1,1186591,1186164,427
84663141,60.713,62.2022,426,30948,0.272392,0.09,1,1186652,1186226,426
84666061,38.5426,38.8404,426,31016,0.302478,0.13,1,1186685,1186259,426
84668981,37.3085,37.3681,426,31084,0.340496,0.19,1,1186722,1186296,426
84671901,53.0617,52.2736,427,31152,0.396099,0.11,1,1186779,1186352,427
84674821,42.6123,40.8547,429,31220,0.40722,0.15,1,1186819,1186390,429
84677741,36.5225,36.1709,429,31288,0.425444,0.15,1,1186854,1186425,429
84680661,22.5045,7.23419,448,31356,0.445089,0.17,1,1186873,1186425,448
84683581,22.9009,15.8468,453,31423,0.433018,0.27,1,1186896,1186443,453
84686501,58.9802,19.9694,500,31490,0.430604,0.25,1,1186964,1186464,500
84689421,59.796,57.5939,493,31557,0.462121,0.29,1,1187024,1186531,493
84692341,59.9592,59.5188,493,31624,0.484424,0.27,1,1187084,1186591,493
84695261,41.5918,60.7038,469,31691,0.472885,0.31,1,1187121,1186652,469
84698181,41.1184,38.5407,477,31758,0.502577,0.35,1,1187162,1186685,477
84701101,54.6237,37.3081,498,31825,0.524515,0.41,1,1187220,1186722,498
84704021,42.9247,53.0616,481,31891,0.544903,0.41,1,1187260,1186779,481
84706941,37.3849,42.6123,477,31957,0.548981,0.43,1,1187296,1186819,477
84709861,21.877,36.5225,460,32023,0.549796,0.45,1,1187314,1186854,460
84712781,23.5754,22.5045,465,32089,0.549959,0.43,1,1187338,1186873,465
84715701,59.9151,22.9009,511,32155,0.629992,0.43,1,1187407,1186896,511
84718621,60.783,58.9802,504,32221,0.661998,0.47,1,1187468,1186964,504
84721541,60.9566,59.796,505,32287,0.6524,0.49,1,1187529,1187024,505
84724461,40.9913,59.9592,481,32353,0.65048,0.47,1,1187565,1187084,481
84727381,42.5983,41.5918,487,32418,0.666096,0.51,1,1187608,1187121,487
84730301,55.7197,41.1184,505,32483,0.733219,0.53,1,1187667,1187162,505
84733221,43.9439,54.6237,488,32548,0.730644,0.55,1,1187708,1187220,488
84736141,37.5888,42.9247,484,32613,0.746129,0.55,1,1187744,1187260,484
84739061,21.9178,37.3849,466,32678,0.749226,0.55,1,1187762,1187296,466
84741981,23.5836,21.877,472,32743,0.749845,0.55,1,1187786,1187314,472
84744901,6.31671,23.5754,450,32808,0.749969,0.65,1,1187788,1187338,450
84747821,58.0633,59.9151,452,32872,0.829994,0.67,2,1187859,1187407,452
84750741,62.8127,60.783,455,32936,0.813999,0.65,2,1187923,1187468,455
84753661,60.5625,60.9566,454,33000,0.8268,0.65,2,1187983,1187529,454
84756581,40.9125,40.9913,454,33064,0.82936,0.67,2,1188019,1187565,454
84759501,43.3825,42.5983,455,33128,0.893872,0.75,2,1188063,1187608,455
84762421,59.0765,55.7197,459,33192,0.906774,0.73,2,1188126,1187667,459
84765341,44.6153,43.9439,459,33256,0.909355,0.75,2,1188167,1187708,459
84768261,37.7231,37.5888,459,33320,0.925871,0.75,2,1188203,1187744,459
84771181,21.9446,21.9178,459,33383,0.929174,0.75,2,1188221,1187762,459
84885061,34,62,484,35769,0.77,1,2,1189872,1189388,484
84887981,46,41.2,497,35828,0.722,1,1,1189921,1189424,497
84890901,33.2,43.44,483,35887,0.6324,1,1,1189951,1189468,483
84893821,58.64,62.288,481,35946,0.59848,1,1,1190016,1189535,481
84896741,46.928,41.2576,489,36005,0.655696,1,1,1190060,1189571,489
84899661,41.3856,43.4515,485,36064,0.619139,1,1,1190100,1189615,485
84902581,29.8771,31.8903,483,36123,0.611828,0.94,1,1190127,1189644,483
84905501,24.3754,31.9781,474,36182,0.562366,0.97,1,1190150,1189676,474
84908421,32.8751,31.9956,477,36240,0.584473,0.97,1,1190185,1189708,477
84911341,29.775,30.3991,476,36298,0.636895,0.82,1,1190214,1189738,476
84914261,44.355,55.6798,462,36356,0.631379,0.83,1,1190262,1189800,462
84917181,37.671,41.536,460,36414,0.598276,0.77,1,1190298,1189838,460
84920101,33.1342,35.5072,458,36472,0.623655,0.71,1,1190330,1189872,458
84923021,43.4268,46.3014,455,36530,0.676731,0.61,1,1190376,1189921,455
84925941,32.6854,33.2603,455,36588,0.687346,0.59,1,1190406,1189951,455
84928861,56.9371,58.6521,453,36646,0.689469,0.67,1,1190469,1190016,453
84931781,44.1874,46.9304,450,36704,0.721894,0.61,1,1190510,1190060,450
84934701,40.8375,41.3861,450,36762,0.728379,0.61,1,1190550,1190100,450
84937621,29.7675,29.8772,450,36819,0.761676,0.55,2,1190577,1190127,450
84940541,22.7535,24.3754,448,36876,0.752335,0.59,2,1190598,1190150,448
84943461,36.5507,32.8751,453,36933,0.782467,0.65,2,1190638,1190185,453
84946381,29.7101,29.775,452,36990,0.804493,0.63,2,1190666,1190214,452
84949301,43.542,44.355,451,37047,0.872899,0.59,2,1190713,1190262,451
84952221,37.5084,37.671,451,37104,0.85458,0.63,2,1190749,1190298,451
84955141,35.5017,33.1342,454,37161,0.898916,0.63,2,1190784,1190330,454
84958061,43.1003,6.62684,499,37218,0.907783,0.69,2,1190829,1190330,499
84960981,32.6201,38.1254,483,37275,0.909557,0.69,2,1190859,1190376,483
84963901,56.924,31.6251,516,37332,0.909911,0.69,2,1190922,1190406,516
85115741,35,48,517,40169,0.83,1,2,1192874,1192357,517
85118661,48.6,40,531,40222,0.75,1,2,1192926,1192395,531
85121581,31.32,52,503,40274,0.718,1,1,1192953,1192450,503
85124501,31.864,34.4,505,40326,0.6476,1,1,1192985,1192480,505
85127421,27.9728,33.28,499,40378,0.60152,1,1,1193012,1192513,499
85130341,27.9946,25.856,503,40430,0.512304,1,1,1193040,1192537,503
85133261,31.9989,29.9712,505,40482,0.398461,1,1,1193073,1192568,505
85136181,48.7998,37.1942,519,40534,0.199692,1,1,1193126,1192607,519
85139101,37.76,37.0388,517,40586,0.0479384,1,1,1193161,1192644,517
85142021,41.952,44.2078,514,40638,0.0335877,1,1,1193204,1192690,514
85144941,37.9904,41.6416,510,40690,0.0467175,0.94,1,1193241,1192731,510
85147861,36.3981,37.1283,510,40742,0.0333435,0.96,1,1193277,1192767,510
85150781,32.8796,38.6257,503,40794,0.0306687,0.95,1,1193309,1192806,503
85153701,28.1759,34.1251,497,40846,0.0461337,0.83,1,1193336,1192839,497
85156621,40.0352,34.825,505,40898,0.0652267,0.73,1,1193379,1192874,505
85159541,29.607,48.565,480,40950,0.0530453,0.71,1,1193406,1192926,480
85162461,28.3214,31.313,481,41002,0.0186091,0.63,1,1193434,1192953,481
85165381,24.8643,31.8626,473,41053,0.0437218,0.59,1,1193458,1192985,473
85168301,23.3729,27.9725,469,41104,0.0807444,0.49,1,1193481,1193012,469
85171221,26.2746,27.9945,468,41155,0.0721489,0.37,1,1193508,1193040,468
85174141,41.2549,31.9989,480,41206,0.0544298,0.15,1,1193553,1193073,480
85177061,33.051,48.7998,458,41257,0.082886,0.01,1,1193584,1193126,458
85179981,41.0102,37.76,466,41308,0.0725772,0.03,1,1193627,1193161,466
85182901,38.602,41.952,461,41359,0.0705154,0.05,1,1193665,1193204,461
85185821,34.1204,37.9904,457,41410,0.0701031,0.03,1,1193698,1193241,457
85188741,33.2241,36.3981,454,41461,0.0380206,0.03,1,1193731,1193277,454
85191661,29.8448,32.8796,451,41512,0.00760412,0.05,1,1193760,1193309,451
85194581,7.56896,28.1759,426,41563,0.00952082,0.07,1,1193762,1193336,426
85197501,34.3138,40.0352,424,41614,0.0419042,0.05,1,1193803,1193379,424
85200421,26.8628,29.607,422,41665,0.0323808,0.01,1,1193828,1193406,422
85203341,28.5726,28.3214,423,41716,0.0464762,0.05,1,1193857,1193434,423
85206261,27.3145,24.8643,426,41767,0.0172952,0.09,1,1193884,1193458,426
85209181,23.8629,23.3729,426,41818,0.027459,0.07,1,1193907,1193481,426
85212101,24.7726,26.2746,424,41868,0.109492,0.05,1,1193932,1193508,424
85215021,43.3545,41.2549,427,41918,0.141898,0.09,1,1193980,1193553,427
85217941,32.6709,33.051,426,41968,0.14838,0.07,1,1194010,1193584,426
85220861,39.3342,41.0102,424,42018,0.133676,0.07,1,1194051,1193627,424
85223781,39.8668,38.602,426,42068,0.0987352,0.07,1,1194091,1193665,426
85226701,31.9734,34.1204,423,42118,0.123747,0.03,1,1194121,1193698,423
85229621,35.1947,33.2241,426,42168,0.0647494,0,1,1194157,1193731,426
85232541,27.8389,29.8448,423,42218,0.0529499,0.01,1,1194183,1193760,423
85235461,7.16779,7.56896,423,42268,0.05059,0.05,1,1194185,1193762,423
85238381,35.0336,34.3138,424,42318,0.098118,0.03,1,1194227,1193803,424
85241301,26.2067,26.8628,423,42368,0.107624,0.05,1,1194251,1193828,423
85244221,27.6413,28.5726,422,42418,0.141525,0.01,1,1194279,1193857,422
85247141,28.7283,27.3145,424,42468,0.116305,0.03,1,1194308,1193884,424
85250061,24.1457,23.8629,424,42518,0.143261,0.13,1,1194331,1193907,424
85252981,28.8291,24.7726,429,42568,0.164652,0.15,1,1194361,1193932,429
85255901,42.5658,43.3545,427,42618,0.18493,0.15,1,1194407,1193980,427
85258821,32.5132,32.6709,427,42668,0.172986,0.13,1,1194437,1194010,427
85261741,38.5026,39.3342,426,42717,0.186597,0.09,1,1194477,1194051,426
85264661,39.7005,39.8668,426,42766,0.237319,0.13,1,1194517,1194091,426
85267581,31.9401,31.9734,426,42815,0.279464,0.05,1,1194547,1194121,426
85270501,33.588,35.1947,424,42864,0.255893,0.05,1,1194581,1194157,424
85273421,25.9176,27.8389,422,42913,0.283179,0.05,1,1194605,1194183,422
85276341,6.78352,7.16779,422,42962,0.288636,0.11,1,1194607,1194185,422
85279261,37.3567,35.0336,425,43011,0.241727,0.11,1,1194652,1194227,425
85282181,27.4713,7.00671,450,43060,0.248345,0.11,1,1194677,1194227,450
85285101,28.6943,20.6013,455,43109,0.265669,0.15,1,1194706,1194251,455
85288021,28.1389,26.5203,455,43158,0.285134,0.11,1,1194734,1194279,455
85290941,26.4278,28.5041,452,43207,0.289027,0.15,1,1194760,1194308,452
85293861,28.4856,24.1008,458,43256,0.289805,0.17,1,1194789,1194331,458
85296781,42.4971,28.8202,474,43305,0.305961,0.19,1,1194835,1194361,474
85299701,33.2994,42.564,459,43354,0.373192,0.17,1,1194866,1194407,459
85302621,39.4599,32.5128,470,43403,0.402638,0.19,1,1194907,1194437,470
85305541,41.492,38.5026,472,43452,0.376528,0.25,1,1194949,1194477,472
85308461,33.0984,39.7005,463,43501,0.387306,0.29,1,1194980,1194517,463
85311381,33.8197,31.9401,467,43550,0.389461,0.25,1,1195014,1194547,467
85314301,25.9639,33.588,457,43598,0.389892,0.29,1,1195038,1194581,457
85317221,6.79279,25.9176,435,43646,0.389978,0.29,1,1195040,1194605,435
85320141,36.5586,6.78352,477,43694,0.389996,0.23,1,1195084,1194607,477
85323061,28.1117,37.3567,458,43742,0.389999,0.25,1,1195110,1194652,458
85325981,29.6223,27.4713,463,43790,0.406,0.27,1,1195140,1194677,463
85328901,29.1245,28.6943,463,43838,0.4252,0.29,1,1195169,1194706,463
85331821,25.0249,28.1389,459,43886,0.46104,0.29,1,1195193,1194734,459
85334741,29.805,26.4278,464,43934,0.468208,0.29,1,1195224,1194760,464
85337661,45.161,28.4856,484,43982,0.469642,0.31,1,1195273,1194789,484
85340581,35.4322,42.4971,471,44030,0.517928,0.39,1,1195306,1194835,471
85343501,40.6864,33.2994,482,44078,0.575586,0.41,1,1195348,1194866,482
85346421,41.7373,39.4599,483,44126,0.603117,0.37,1,1195390,1194907,483
85349341,32.3475,41.492,471,44174,0.624623,0.39,1,1195420,1194949,471
85352261,33.6695,33.0984,474,44222,0.628925,0.39,1,1195454,1194980,474
85355181,25.9339,33.8197,464,44270,0.645785,0.39,1,1195478,1195014,464
85358101,6.78678,25.9639,442,44318,0.649157,0.39,1,1195480,1195038,442
85361021,36.5574,6.79279,484,44366,0.665831,0.39,1,1195524,1195040,484
85363941,28.1115,36.5586,466,44414,0.669166,0.39,1,1195550,1195084,466
85366861,31.2223,28.1117,472,44461,0.669833,0.41,1,1195582,1195110,472
85369781,7.84446,29.6223,444,44508,0.669967,0.43,1,1195584,1195140,444
85372701,24.7689,29.1245,444,44555,0.685993,0.47,1,1195613,1195169,444
85375621,24.9538,25.0249,445,44602,0.673199,0.47,1,1195638,1195193,445
85378541,29.7908,29.805,445,44649,0.68664,0.47,1,1195669,1195224,445
85381461,46.7582,45.161,447,44696,0.737328,0.53,1,1195720,1195273,447
85384381,36.5516,35.4322,448,44743,0.747466,0.59,1,1195754,1195306,448
85387301,43.3103,40.6864,451,44790,0.749493,0.61,1,1195799,1195348,451
85390221,43.0621,41.7373,452,44837,0.749899,0.63,1,1195842,1195390,452
85393141,33.4124,32.3475,453,44884,0.76598,0.63,2,1195873,1195420,453
85396061,33.8825,33.6695,453,44931,0.737196,0.65,1,1195907,1195454,453
85398981,27.5765,25.9339,455,44978,0.763439,0.65,2,1195933,1195478,455
85401901,7.1153,6.78678,455,45025,0.768688,0.67,2,1195935,1195480,455
85404821,36.6231,36.5574,455,45072,0.801738,0.67,2,1195979,1195524,455
85407741,28.1246,28.1115,455,45119,0.776348,0.67,2,1196005,1195550,455
85410661,31.2249,31.2223,455,45166,0.77127,0.67,2,1196037,1195582,455
85413581,7.84498,7.84446,455,45213,0.802254,0.69,2,1196039,1195584,455
85416501,25.569,24.7689,456,45260,0.808451,0.67,2,1196069,1195613,456
85419421,24.3138,24.9538,455,45307,0.85769,0.69,2,1196093,1195638,455
85422341,28.8628,29.7908,454,45354,0.883538,0.75,2,1196123,1195669,454
85425261,48.9726,46.7582,457,45400,0.904708,0.75,2,1196177,1195720,457
85428181,37.7945,36.5516,458,45446,0.892942,0.75,2,1196212,1195754,458
85431101,44.3589,43.3103,459,45492,0.890588,0.75,2,1196258,1195799,459
85434021,43.2718,43.0621,459,45538,0.922118,0.77,2,1196301,1195842,459
85641341,36,16,514,48715,0.75,1,2,1198512,1197998,514
85644261,27.2,6.4,535,48758,0.718,1,1,1198537,1198002,535
85647181,11.84,21.28,518,48801,0.7276,1,1,1198545,1198027,518
85650101,3.968,30.656,487,48844,0.69752,1,1,1198547,1198060,487
85653021,19.1936,6.1312,510,48887,0.627504,1,1,1198570,1198060,510
85655941,30.2387,27.6262,510,48930,0.597501,1,1,1198603,1198093,510
85658861,34.0477,25.5252,520,48973,0.5115,1,1,1198638,1198118,520
85661781,45.2095,42.7051,521,49016,0.3983,1,1,1198686,1198165,521
85664701,34.6419,37.341,517,49059,0.34366,1,1,1198718,1198201,517
85667621,35.7284,42.6682,509,49102,0.332732,1,1,1198754,1198245,509
85670541,45.5457,39.7336,518,49145,0.330546,1,1,1198802,1198284,518
85673461,37.9091,43.9467,509,49188,0.218109,1,1,1198838,1198329,509
85676381,34.7818,37.5893,507,49231,0.243622,1,1,1198872,1198365,507
85679301,26.9564,36.3179,496,49274,0.248724,0.98,1,1198897,1198401,496
85682221,18.9913,29.6636,485,49317,0.217745,0.89,1,1198914,1198429,485
85685141,21.3983,21.9327,487,49360,0.179549,0.77,1,1198936,1198449,487
85688061,29.8797,25.9865,492,49403,0.13991,0.75,1,1198968,1198476,492
85690981,25.1759,33.9973,480,49446,0.163982,0.71,1,1198992,1198512,480
85693901,9.83519,26.7995,461,49489,0.168796,0.73,1,1198998,1198537,461
85696821,3.56704,11.7599,455,49532,0.169759,0.69,1,1199000,1198545,455
85699741,19.9134,3.95198,477,49575,0.201952,0.61,1,1199024,1198547,477
85702661,27.9827,19.1904,484,49617,0.17639,0.59,1,1199054,1198570,484
85705581,30.3965,30.2381,482,49659,0.203278,0.49,1,1199085,1198603,482
85708501,40.4793,34.0476,490,49701,0.240656,0.37,1,1199128,1198638,490
85711421,32.8959,45.2095,473,49743,0.200131,0.33,1,1199159,1198686,473
85714341,32.1792,34.6419,473,49785,0.224026,0.33,1,1199191,1198718,473
85717261,42.4358,35.7284,482,49827,0.196805,0.33,1,1199236,1198754,482
85720181,34.0872,45.5457,466,49869,0.271361,0.19,1,1199268,1198802,466
85723101,34.8174,37.9091,465,49911,0.286272,0.25,1,1199303,1198838,465
85726021,26.1635,34.7818,455,49953,0.337254,0.25,1,1199327,1198872,455
85728941,19.6327,26.9564,448,49995,0.315451,0.21,1,1199345,1198897,448
85731861,19.1265,18.9913,450,50037,0.32709,0.17,1,1199364,1198914,450
85734781,30.2253,21.3983,461,50079,0.329418,0.13,1,1199397,1198936,461
85737701,25.2451,29.8797,453,50121,0.345884,0.17,1,1199421,1198968,453
85740621,9.84901,25.1759,435,50163,0.349177,0.17,1,1199427,1198992,435
85743541,3.5698,9.83519,431,50205,0.349835,0.17,1,1199429,1198998,431
85746461,19.914,3.56704,453,50247,0.365967,0.21,1,1199453,1199000,453
85749381,26.3828,19.9134,457,50289,0.385193,0.17,1,1199481,1199024,457
85752301,6.87656,27.9827,429,50331,0.389039,0.21,1,1199483,1199054,429
85755221,29.3753,30.3965,433,50373,0.405808,0.25,1,1199518,1199085,433
85758141,41.0751,40.4793,434,50415,0.441162,0.19,1,1199562,1199128,434
85761061,30.615,32.8959,431,50457,0.448232,0.23,1,1199590,1199159,431
85763981,31.723,32.1792,431,50499,0.417646,0.19,1,1199622,1199191,431
85766901,44.7446,42.4358,434,50541,0.459529,0.29,1,1199670,1199236,434
85769821,36.1489,34.0872,436,50583,0.435906,0.29,1,1199704,1199268,436
85772741,36.8298,34.8174,438,50625,0.511181,0.35,1,1199741,1199303,438
85775661,25.766,26.1635,437,50667,0.558236,0.31,1,1199764,1199327,437
85778581,19.5532,19.6327,437,50709,0.567647,0.33,1,1199782,1199345,437
85781501,20.7106,19.1265,439,50751,0.553529,0.33,1,1199803,1199364,439
85784421,29.7421,30.2253,438,50793,0.614706,0.35,1,1199835,1199397,438
85787341,25.9484,25.2451,439,50834,0.642941,0.35,1,1199860,1199421,439
85790261,9.98968,9.84901,439,50875,0.648588,0.35,1,1199866,1199427,439
85793181,3.59794,3.5698,439,50916,0.617718,0.37,1,1199868,1199429,439
85796101,21.5196,19.914,441,50957,0.611543,0.39,1,1199894,1199453,441
85799021,26.7039,26.3828,441,50998,0.610309,0.39,1,1199922,1199481,441
85801941,6.94078,6.87656,441,51039,0.610062,0.41,1,1199924,1199483,441
85804861,30.1882,29.3753,442,51080,0.610012,0.45,1,1199960,1199518,442
85807781,41.2376,41.0751,442,51121,0.674002,0.45,1,1200004,1199562,442
85810701,30.6475,30.615,442,51162,0.6708,0.41,1,1200032,1199590,442
85813621,31.7295,31.723,442,51203,0.67016,0.47,1,1200064,1199622,442
85816541,45.5459,44.7446,443,51244,0.734032,0.43,1,1200113,1199670,443
85819461,36.3092,36.1489,443,51285,0.746806,0.53,1,1200147,1199704,443
85822381,40.0618,36.8298,447,51326,0.749361,0.57,1,1200188,1199741,447
85825301,27.2124,25.766,448,51367,0.749872,0.57,1,1200212,1199764,448
85828221,19.8425,19.5532,448,51408,0.749974,0.55,1,1200230,1199782,448
85831141,21.5685,20.7106,449,51449,0.765995,0.63,2,1200252,1199803,449
85834061,31.5137,29.7421,451,51490,0.833199,0.65,2,1200286,1199835,451
85836981,27.1027,25.9484,452,51531,0.83064,0.65,2,1200312,1199860,452
85839901,10.2205,9.98968,452,51572,0.830128,0.61,2,1200318,1199866,452
85842821,3.64411,3.59794,452,51613,0.830026,0.61,2,1200320,1199868,452
85845741,21.5288,21.5196,452,51654,0.830005,0.61,2,1200346,1199894,452
85848661,26.7058,26.7039,452,51695,0.878001,0.61,2,1200374,1199922,452
85851581,6.94115,6.94078,452,51736,0.8556,0.61,2,1200376,1199924,452
85854501,30.1882,30.1882,452,51777,0.88312,0.61,2,1200412,1199960,452
85857421,42.0376,6.03763,497,51818,0.872624,0.69,2,1200457,1199960,497
85860341,31.6075,36.4075,482,51859,0.854525,0.67,2,1200486,1200004,482
85863261,31.9215,29.6815,486,51900,0.850905,0.67,2,1200518,1200032,486
85866181,48.7843,31.5363,507,51941,0.882181,0.75,2,1200571,1200064,507
85869101,36.9569,45.5073,492,51982,0.904436,0.75,2,1200605,1200113,492
85872021,39.3914,36.3015,498,52023,0.924887,0.75,2,1200645,1200147,498
86130441,393,445,422,24820,0.01,0.11,1,1203302,1202880,422
86133361,105.8,112.2,427,25633,0.042,0.09,1,1203336,1202909,427
86136281,67.56,49.64,451,25716,0.0324,0.11,1,1203394,1202943,451
86139201,63.912,54.728,458,25798,0.04648,0.07,1,1203457,1202999,458
86142121,57.5824,61.3456,451,25880,0.017296,0.05,1,1203513,1203062,451
86145041,58.7165,61.0691,449,25962,0.0434592,0.07,1,1203572,1203123,449
86147961,61.3433,61.0138,450,26044,0.144692,0.03,1,1203634,1203184,450
86150881,30.6687,43.4028,434,26125,0.148938,0.11,1,1203657,1203223,434
86153801,34.1337,18.2806,457,26206,0.101788,0.01,1,1203692,1203235,457
86156721,59.6267,57.2561,456,26287,0.0603575,0.05,1,1203758,1203302,456
86159641,59.1253,38.6512,481,26368,0.100072,0.03,1,1203817,1203336,481
86162561,62.2251,54.1302,486,26448,0.156014,0.05,1,1203880,1203394,486
86165481,56.445,61.226,478,26528,0.199203,0.01,1,1203935,1203457,478
86168401,59.289,57.0452,482,26608,0.127841,0.05,1,1203995,1203513,482
86171321,64.6578,58.609,489,26688,0.113568,0.17,1,1204061,1203572,489
86174241,30.5316,61.3218,449,26767,0.110714,0.15,1,1204083,1203634,449
86177161,33.3063,30.6644,460,26846,0.126143,0.09,1,1204117,1203657,460
86180081,8.26126,34.1329,427,26925,0.129229,0.05,1,1204119,1203692,427
86183001,53.6523,59.6266,426,27004,0.193846,0.11,1,1204184,1203758,426
86185921,59.5304,59.1253,428,27082,0.254769,0.17,1,1204245,1203817,428
86188841,63.9061,62.2251,430,27160,0.330954,0.21,1,1204310,1203880,430
86191761,56.7812,56.445,430,27238,0.330191,0.11,1,1204365,1203935,430
86194681,56.9562,59.289,427,27316,0.330038,0.11,1,1204422,1203995,427
86197601,64.1912,64.6578,427,27394,0.330008,0.11,1,1204488,1204061,427
86200521,30.4382,30.5316,427,27471,0.378002,0.13,1,1204510,1204083,427
86203441,34.0876,33.3063,428,27548,0.4516,0.13,1,1204545,1204117,428
86206361,8.41753,8.26126,428,27625,0.46632,0.21,1,1204547,1204119,428
86209281,57.6835,53.6523,433,27702,0.533264,0.27,1,1204617,1204184,433
86212201,61.9367,59.5304,435,27778,0.514653,0.35,1,1204680,1204245,435
86215121,65.9873,63.9061,437,27854,0.574931,0.33,1,1204747,1204310,437
86218041,56.3975,56.7812,436,27930,0.554986,0.33,1,1204801,1204365,436
86220961,58.4795,56.9562,438,28006,0.534997,0.33,1,1204860,1204422,438
86223881,66.0959,64.1912,440,28082,0.562999,0.39,1,1204928,1204488,440
86226801,32.4192,30.4382,442,28157,0.5686,0.47,1,1204952,1204510,442
86229721,36.8838,34.0876,445,28232,0.60172,0.47,1,1204990,1204545,445
86232641,8.97677,8.41753,445,28307,0.608344,0.55,1,1204992,1204547,445
86235561,59.3954,57.6835,447,28382,0.641669,0.55,1,1205064,1204617,447
86238481,61.4791,11.5367,509,28457,0.632334,0.51,1,1205126,1204617,509
86241401,67.4958,52.7073,515,28531,0.630467,0.59,1,1205195,1204680,515
86244321,56.6992,64.1415,502,28605,0.646093,0.55,1,1205249,1204747,502
86247241,58.5398,56.0283,507,28679,0.665219,0.53,1,1205308,1204801,507
86250161,65.308,58.4057,515,28753,0.653044,0.57,1,1205375,1204860,515
86253081,32.2616,66.0811,471,28827,0.666609,0.57,1,1205399,1204928,471
86256001,38.4523,32.4162,487,28900,0.685322,0.61,1,1205439,1204952,487
86258921,9.29046,36.8832,451,28973,0.689064,0.61,1,1205441,1204990,451
86261841,61.0581,8.97665,523,29046,0.705813,0.65,1,1205515,1204992,523
86264761,62.6116,59.3953,514,29119,0.725163,0.63,1,1205578,1205064,514
86267681,67.7223,61.4791,521,29192,0.745032,0.63,1,1205647,1205126,521
86270601,57.5445,67.4958,507,29265,0.829006,0.65,2,1205702,1205195,507
86273521,59.5089,56.6992,513,29337,0.845801,0.67,2,1205762,1205249,513
86276441,64.7018,58.5398,520,29409,0.88116,0.65,2,1205828,1205308,520
86279361,32.9404,65.308,478,29481,0.904232,0.67,2,1205853,1205375,478
86282281,40.9881,32.2616,497,29553,0.924846,0.69,2,1205896,1205399,497
86285201,9.79761,38.4523,459,29625,0.928969,0.69,2,1205898,1205439,459
86288121,61.1595,9.29046,531,29696,0.897794,0.71,2,1205972,1205441,531
86428281,32,33,491,32942,0.81,0.98,2,1208237,1207746,491
86431201,40.8,47.4,483,33006,0.906,0.99,2,1208280,1207797,483
86434121,41.76,34.28,494,33070,0.8932,1,2,1208322,1207828,494
86437041,34.752,36.456,490,33134,0.87464,1,2,1208355,1207865,490
86439961,69.3504,73.6912,485,33198,0.886928,1,2,1208433,1207948,485
86442881,37.0701,45.1382,476,33262,0.937386,0.99,2,1208462,1207986,476
86585961,28,38,480,36245,0.67,1,1,1210512,1210032,480
86588881,42.4,40.4,485,36303,0.494,1,1,1210558,1210073,485
86591801,38.88,37.68,486,36361,0.5068,1,1,1210596,1210110,486
86594721,26.176,26.736,485,36419,0.42936,1,1,1210619,1210134,485
86597641,36.4352,33.3472,489,36477,0.285872,1,1,1210658,1210169,489
86600561,23.287,33.0694,476,36535,0.321174,1,1,1210678,1210202,476
86603481,26.2574,29.0139,475,36593,0.264235,0.92,1,1210705,1210230,475
86606401,91.6515,92.2028,475,36651,0.108847,0.86,1,1210813,1210338,475
86609321,48.7303,52.8406,470,36709,0.0937694,0.87,1,1210851,1210381,470
86612241,29.7461,34.5681,465,36767,0.0907539,0.87,1,1210876,1210411,465
86615161,30.7492,30.1136,467,36824,0.0901508,0.75,1,1210907,1210440,467
86618081,33.3498,41.2227,457,36881,0.12203,0.67,1,1210941,1210484,457
86621001,27.47,30.6445,455,36938,0.064406,0.45,1,1210967,1210512,455
86623921,38.294,42.9289,450,36995,0.100881,0.51,1,1211008,1210558,450
86626841,34.8588,38.9858,446,37052,0.108176,0.41,1,1211042,1210596,446
86629761,21.3718,26.1972,441,37109,0.125635,0.25,1,1211060,1210619,441
86632681,33.0744,36.4394,438,37166,0.0971271,0.25,1,1211096,1210658,438
86635601,20.2149,7.28789,455,37223,0.107425,0.33,1,1211113,1210658,455
86638521,23.243,17.4576,459,37280,0.157485,0.25,1,1211137,1210678,459
86641441,82.2486,25.0915,529,37337,0.183497,0.07,1,1211234,1210705,529
86644361,48.4497,91.4183,461,37394,0.188699,0.09,1,1211274,1210813,461
86647281,30.4899,48.6837,449,37451,0.17374,0.09,1,1211300,1210851,449
86650201,31.698,29.7367,456,37507,0.218748,0.09,1,1211332,1210876,456
86653121,31.9396,30.7473,457,37563,0.22775,0.13,1,1211364,1210907,457
86656041,27.1879,33.3495,449,37619,0.24555,0.05,1,1211390,1210941,449
86658961,39.0376,27.4699,465,37675,0.23311,0.11,1,1211432,1210967,465
86661881,37.4075,38.294,461,37731,0.262622,0.11,1,1211469,1211008,461
86664801,21.8815,34.8588,445,37787,0.236524,0.13,1,1211487,1211042,445
86667721,31.5763,21.3718,461,37843,0.247305,0.09,1,1211521,1211060,461
86670641,22.3153,33.0744,445,37899,0.249461,0.11,1,1211541,1211096,445
86673561,22.8631,20.2149,451,37955,0.265892,0.17,1,1211564,1211113,451
86676481,86.1726,23.243,529,38011,0.285178,0.19,1,1211666,1211137,529
86679401,48.4345,82.2486,471,38067,0.273036,0.19,1,1211705,1211234,471
86682321,31.2869,48.4497,458,38122,0.302607,0.17,1,1211732,1211274,458
86685241,31.8574,30.4899,464,38177,0.308521,0.23,1,1211764,1211300,464
86688161,32.7715,31.698,465,38232,0.325704,0.23,1,1211797,1211332,465
86691081,27.3543,31.9396,459,38287,0.329141,0.25,1,1211823,1211364,459
86694001,38.2709,27.1879,474,38342,0.345828,0.23,1,1211864,1211390,474
86696921,37.2542,39.0376,469,38397,0.365166,0.27,1,1211901,1211432,469
86699841,21.8508,37.4075,450,38452,0.385033,0.23,1,1211919,1211469,450
86702761,32.3702,21.8815,467,38507,0.373007,0.25,1,1211954,1211487,467
86705681,22.474,31.5763,453,38562,0.402601,0.25,1,1211974,1211521,453
86708601,23.6948,22.3153,457,38617,0.40852,0.27,1,1211998,1211541,457
86711521,6.33896,22.8631,436,38672,0.409704,0.29,1,1212000,1211564,436
86714441,82.8678,86.1726,436,38727,0.441941,0.27,1,1212102,1211666,436
86717361,47.7736,48.4345,436,38782,0.432388,0.31,1,1212141,1211705,436
86720281,31.9547,31.2869,437,38836,0.494478,0.31,1,1212169,1211732,437
86723201,31.9909,31.8574,437,38890,0.554896,0.33,1,1212201,1211764,437
86726121,33.5982,32.7715,438,38944,0.534979,0.33,1,1212235,1211797,438
86729041,27.5196,27.3543,438,38998,0.578996,0.35,1,1212261,1211823,438
86731961,39.1039,38.2709,439,39052,0.635799,0.37,1,1212303,1211864,439
86734881,39.0208,37.2542,441,39106,0.63116,0.39,1,1212342,1211901,441
86737801,22.2042,21.8508,441,39160,0.678232,0.37,1,1212360,1211919,441
86740721,32.4408,32.3702,441,39214,0.671646,0.41,1,1212395,1211954,441
86743641,23.2882,22.474,442,39268,0.718329,0.41,1,1212416,1211974,442
86746561,23.8576,23.6948,442,39322,0.695666,0.41,1,1212440,1211998,442
86749481,6.37153,6.33896,442,39376,0.691133,0.45,1,1212442,1212000,442
86752401,82.8743,82.8678,442,39430,0.722227,0.43,1,1212544,1212102,442
86755321,48.5749,47.7736,443,39484,0.776445,0.51,2,1212584,1212141,443
86758241,33.715,31.9547,445,39537,0.787289,0.57,2,1212614,1212169,445
86761161,34.743,31.9909,448,39590,0.821458,0.53,2,1212649,1212201,448
86764081,34.9486,33.5982,449,39643,0.844292,0.59,2,1212684,1212235,449
86767001,28.5897,27.5196,450,39696,0.832858,0.65,2,1212711,1212261,450
86769921,40.9179,39.1039,452,39749,0.878572,0.63,2,1212755,1212303,452
86772841,40.1836,39.0208,453,39802,0.855714,0.69,2,1212795,1212342,453
86775761,23.2367,22.2042,454,39855,0.867143,0.67,2,1212814,1212360,454
86778681,33.4473,32.4408,455,39908,0.853429,0.73,2,1212850,1212395,455
86781601,24.2895,23.2882,456,39961,0.866686,0.69,2,1212872,1212416,456
86784521,24.0579,23.8576,456,40014,0.869337,0.69,2,1212896,1212440,456
86787441,6.41158,6.37153,456,40067,0.869867,0.69,2,1212898,1212442,456
86790361,83.6823,1.27431,559,40120,0.917973,0.73,2,1213001,1212442,559
86991841,39,74,507,43601,0.91,0.85,2,1215424,1214917,507
86994761,27,41.2,498,43649,0.862,1,2,1215448,1214950,498
86997681,19.8,28.24,491,43697,0.8044,1,2,1215466,1214975,491
87000601,23.96,25.648,491,43745,0.79288,0.95,2,1215491,1215000,491
87003521,25.592,21.1296,497,43793,0.790576,1,2,1215517,1215020,497
87006441,45.1184,25.8259,520,43841,0.790115,0.97,2,1215567,1215047,520
87009361,40.2237,46.7652,507,43889,0.774023,1,2,1215606,1215099,507
87012281,35.2447,38.953,504,43937,0.770805,0.89,2,1215640,1215136,504
87015201,28.6489,34.9906,497,43985,0.770161,0.89,2,1215667,1215170,497
87018121,31.3298,28.5981,502,44033,0.738032,1,1,1215699,1215197,502
87021041,23.066,31.3196,491,44081,0.747606,0.97,1,1215720,1215229,491
87023961,24.6132,22.2639,496,44129,0.733521,0.98,1,1215745,1215249,496
87026881,36.9226,27.6528,507,44177,0.762704,0.95,2,1215785,1215278,507
87029801,61.7845,36.7306,536,44225,0.816541,0.89,2,1215853,1215317,536
87032721,39.5569,61.7461,502,44273,0.827308,0.91,2,1215887,1215385,502
87035641,26.3114,43.5492,486,44321,0.845462,0.85,2,1215910,1215424,486
87038561,20.4623,27.9098,481,44369,0.833092,0.79,2,1215929,1215448,481
87041481,21.6925,19.982,485,44417,0.830618,0.79,2,1215951,1215466,485
87044401,24.3385,23.9964,485,44464,0.814124,0.79,2,1215976,1215491,485
87047321,6.4677,25.5993,461,44511,0.778825,0.79,2,1215978,1215517,461
87050241,36.4935,45.1199,455,44558,0.835765,0.77,2,1216022,1215567,455
87053161,42.4987,40.224,460,44605,0.831153,0.77,2,1216066,1215606,460
87056081,35.6997,35.2448,460,44652,0.878231,0.77,2,1216100,1215640,460
87059001,28.7399,28.649,460,44699,0.935646,0.73,2,1216127,1215667,460
87061921,31.348,31.3298,460,44746,0.963129,0.75,2,1216159,1215699,460
87064841,22.2696,23.066,459,44793,0.936626,0.73,2,1216179,1215720,459
87288221,111,85,530,22093,0.05,0.87,1,1218744,1218214,530
87291141,68.6,100.2,484,22189,0.098,0.45,1,1218802,1218318,484
87294061,70.52,88.84,469,22285,0.0916,0.31,1,1218873,1218404,469
87296981,34.904,53.768,450,22380,0.05832,0.03,1,1218899,1218449,450
87299901,43.7808,56.3536,439,22475,0.035664,0.05,1,1218945,1218506,439
87302821,37.5562,40.0707,439,22569,0.0151328,0.01,1,1218981,1218542,439
87305741,66.7112,33.6141,481,22663,0.0270266,0.03,1,1219055,1218574,481
87308661,102.142,53.9228,533,22757,0.0934053,0.05,1,1219166,1218633,533
87311581,69.2284,99.5846,483,22850,0.154681,0.11,1,1219227,1218744,483
87314501,69.0457,66.3169,494,22943,0.198936,0.09,1,1219296,1218802,494
87317421,34.6091,70.0634,449,23035,0.223787,0.05,1,1219322,1218873,449
87320341,42.1218,34.8127,467,23127,0.196757,0.03,1,1219366,1218899,467
87323261,38.8244,43.7625,459,23219,0.0793515,0.01,1,1219404,1218945,459
87326181,66.1649,37.5525,496,23310,0.0238703,0.03,1,1219477,1218981,496
87329101,104.433,66.7105,536,23401,0.0767741,0.11,1,1219591,1219055,536
87332021,71.2866,102.142,488,23492,0.103355,0.17,1,1219654,1219166,488
87334941,72.6573,69.2284,500,23582,0.140671,0.21,1,1219727,1219227,500
87337861,36.1315,69.0457,458,23672,0.164134,0.23,1,1219754,1219296,458
87340781,38.4263,34.6091,471,23762,0.152827,0.19,1,1219793,1219322,471
87343701,34.8853,42.1218,461,23851,0.182565,0.05,1,1219827,1219366,461
87346621,64.5771,38.8244,495,23940,0.0445131,0.01,1,1219899,1219404,495
87349541,14.5154,66.1649,424,24029,0.0169026,0.09,1,1219901,1219477,424
87352461,97.3031,104.433,428,24117,0.0433805,0.11,1,1220019,1219591,428
87355381,69.8606,71.2866,428,24205,0.112676,0.15,1,1220082,1219654,428
87358301,73.1721,72.6573,429,24293,0.158535,0.17,1,1220156,1219727,429
87361221,37.0344,36.1315,430,24380,0.167707,0.15,1,1220184,1219754,430
87364141,39.4069,38.4263,431,24467,0.201541,0.19,1,1220224,1219793,431
87367061,35.0814,34.8853,431,24554,0.208308,0.01,1,1220258,1219827,431
87369981,58.2163,64.5771,423,24640,0.225662,0.01,1,1220322,1219899,423
87372901,13.2433,14.5154,423,24726,0.229132,0.05,1,1220324,1219901,423
87375821,99.4487,97.3031,426,24812,0.181826,0.13,1,1220445,1220019,426
87378741,71.8897,69.8606,428,24897,0.220365,0.17,1,1220510,1220082,428
87381661,73.5779,73.1721,428,24982,0.340073,0.17,1,1220584,1220156,428
87384581,37.1156,37.0344,428,25067,0.332015,0.21,1,1220612,1220184,428
87387501,42.6231,39.4069,432,25152,0.378403,0.21,1,1220656,1220224,432
87390421,36.5246,35.0814,433,25236,0.371681,0.23,1,1220691,1220258,433
87393341,56.9049,58.2163,431,25320,0.354336,0.23,1,1220753,1220322,431
87396261,12.981,13.2433,431,25404,0.350867,0.17,1,1220755,1220324,431
87399181,98.5962,99.4487,430,25487,0.350173,0.17,1,1220875,1220445,430
87402101,73.3192,19.8897,497,25570,0.350035,0.23,1,1220942,1220445,497
87405021,77.8638,55.9779,511,25653,0.446007,0.37,1,1221021,1220510,511
87407941,37.9728,70.3956,465,25736,0.465201,0.33,1,1221049,1220584,465
87410861,43.5946,36.4791,482,25818,0.51704,0.39,1,1221094,1220612,482
87413781,35.9189,42.4958,472,25900,0.527408,0.37,1,1221128,1220656,472
87416701,57.5838,36.4992,500,25982,0.545482,0.35,1,1221191,1220691,500
87419621,13.1168,56.8998,440,26064,0.549096,0.35,1,1221193,1220753,440
87422541,98.6234,12.98,558,26145,0.565819,0.35,1,1221313,1220755,558
87425461,74.1247,98.596,506,26226,0.585164,0.35,1,1221381,1220875,506
87428381,82.0249,73.3192,523,26307,0.653033,0.47,1,1221465,1220942,523
87431301,38.805,77.8638,472,26388,0.682607,0.47,1,1221493,1221021,472
87434221,46.161,37.9728,492,26468,0.688521,0.53,1,1221541,1221049,492
87437141,37.2322,43.5946,482,26548,0.705704,0.53,1,1221576,1221094,482
87440061,57.8464,35.9189,511,26628,0.725141,0.55,1,1221639,1221128,511
87442981,13.1693,57.5838,450,26708,0.729028,0.55,1,1221641,1221191,450
87445901,99.4339,13.1168,569,26787,0.761806,0.57,2,1221762,1221193,569
87448821,75.0868,98.6234,518,26866,0.752361,0.59,2,1221831,1221313,518
87451741,16.6174,74.1247,452,26945,0.750472,0.67,2,1221833,1221381,452
87454661,73.7235,82.0249,456,27024,0.830094,0.69,2,1221921,1221465,456
87457581,37.9447,38.805,457,27102,0.894019,0.69,2,1221950,1221493,457
87460501,45.1889,46.161,456,27180,0.874804,0.71,2,1221997,1221541,456
87463421,37.8378,37.2322,457,27258,0.870961,0.73,2,1222033,1221576,457
87588981,39,63,470,30419,0.75,1,2,1224256,1223786,470
87591901,60.6,47.8,492,30489,0.686,1,1,1224322,1223830,492
87594821,29.72,25.56,494,30558,0.6092,1,1,1224344,1223850,494
87597741,35.544,39.512,488,30627,0.49784,1,1,1224381,1223893,488
87600661,32.7088,36.7024,484,30696,0.475568,1,1,1224413,1223929,484
87603581,64.9418,67.3405,482,30765,0.455114,1,1,1224486,1224004,482
87606501,36.1884,42.2681,475,30834,0.435023,1,1,1224515,1224040,475
87609421,68.8377,77.2536,466,30903,0.415005,0.95,1,1224592,1224126,466
87612341,66.5675,69.8507,464,30971,0.299001,0.87,1,1224658,1224194,464
87615261,30.9135,32.3701,463,31039,0.2918,0.75,1,1224680,1224217,463
87618181,33.3827,37.674,458,31107,0.22636,0.67,1,1224714,1224256,458
87621101,55.4765,60.3348,453,31175,0.245272,0.59,1,1224775,1224322,453
87624021,27.0953,29.667,451,31243,0.249054,0.47,1,1224795,1224344,451
87626941,32.6191,35.5334,448,31311,0.249811,0.47,1,1224829,1224381,448
87629861,29.7238,7.10668,477,31379,0.201962,0.47,1,1224858,1224381,477
87632781,64.3448,27.0213,518,31446,0.192392,0.45,1,1224931,1224413,518
87635701,32.869,63.8043,470,31513,0.238478,0.43,1,1224956,1224486,470
87638621,64.9738,35.9609,514,31580,0.327696,0.41,1,1225029,1224515,514
87641541,62.5948,68.7922,499,31647,0.345539,0.27,1,1225091,1224592,499
87644461,28.519,66.5584,453,31714,0.381108,0.29,1,1225111,1224658,453
87647381,32.1038,30.9117,464,31781,0.372222,0.21,1,1225144,1224680,464
87650301,56.0208,33.3823,492,31848,0.402444,0.25,1,1225206,1224714,492
87653221,27.2042,55.4765,451,31914,0.408489,0.25,1,1225226,1224775,451
87656141,34.2408,27.0953,467,31980,0.409698,0.25,1,1225262,1224795,467
87659061,26.0482,32.6191,457,32046,0.40994,0.19,1,1225286,1224829,457
87661981,65.2096,29.7238,503,32112,0.425988,0.19,1,1225361,1224858,503
87664901,33.8419,64.3448,456,32178,0.461198,0.25,1,1225387,1224931,456
87667821,69.1684,32.869,509,32244,0.53224,0.35,1,1225465,1224956,509
87670741,65.0337,64.9738,500,32310,0.562448,0.35,1,1225529,1225029,500
87673661,29.0067,62.5948,458,32375,0.56849,0.39,1,1225549,1225091,458
87676581,34.6013,28.519,474,32440,0.585698,0.37,1,1225585,1225111,474
87679501,56.5203,32.1038,503,32505,0.65314,0.41,1,1225647,1225144,503
87682421,27.3041,56.0208,461,32570,0.666628,0.41,1,1225667,1225206,461
87685341,34.2608,27.2042,477,32635,0.685326,0.41,1,1225703,1225226,477
87688261,26.0522,34.2408,465,32700,0.689065,0.41,1,1225727,1225262,465
87691181,66.0104,26.0482,517,32765,0.705813,0.43,1,1225803,1225286,517
87694101,14.8021,65.2096,444,32830,0.709163,0.47,1,1225805,1225361,444
87697021,24.5604,33.8419,445,32894,0.725833,0.55,1,1225832,1225387,445
87699941,70.5121,69.1684,449,32958,0.761167,0.57,2,1225914,1225465,449
87702861,66.1024,65.0337,450,33022,0.816233,0.57,2,1225979,1225529,450
87705781,30.0205,29.0067,451,33086,0.827247,0.59,2,1226000,1225549,451
87708701,36.4041,34.6013,453,33150,0.861449,0.67,2,1226038,1225585,453
87711621,58.4808,56.5203,455,33214,0.83629,0.67,2,1226102,1225647,455
87714541,27.6962,27.3041,455,33278,0.863258,0.69,2,1226122,1225667,455
87717461,35.1392,34.2608,456,33342,0.932652,0.69,2,1226159,1225703,456
87720381,26.2278,26.0522,456,33405,0.94653,0.71,2,1226183,1225727,456
87723301,66.8456,66.0104,457,33468,0.901306,0.71,2,1226260,1225803,457
87726221,14.9691,14.8021,457,33531,0.892261,0.73,2,1226262,1225805,457
87872221,34,29,496,36549,0.45,1,1,1228395,1227899,496
87875141,32.4,25,504,36607,0.354,1,1,1228427,1227923,504
87878061,49.68,62.6,486,36665,0.2388,1,1,1228481,1227995,486
87880981,38.736,39.72,488,36723,0.21576,1,1,1228517,1228029,488
87883901,30.1472,31.144,487,36781,0.099152,1,1,1228545,1228058,487
87886821,28.4294,28.6288,487,36838,0.0198304,0.85,1,1228573,1228086,487
87889741,47.2859,58.5258,473,36895,0.0119661,0.91,1,1228625,1228152,473
87892661,37.4572,41.3052,471,36952,0.0263932,0.95,1,1228660,1228189,471
87895581,29.8914,32.261,469,37009,0.0452786,0.9,1,1228688,1228219,469
87898501,36.3783,40.8522,464,37066,0.0490557,0.79,1,1228726,1228262,464
87901421,28.8757,33.7704,459,37123,0.0178111,0.57,1,1228753,1228294,459
87904341,51.3751,60.3541,449,37180,0.0115622,0.57,1,1228810,1228361,449
87907261,29.475,12.0708,473,37237,0.0263124,0.45,1,1228834,1228361,473
87910181,28.295,29.6142,467,37294,0.0132625,0.33,1,1228862,1228395,467
87913101,45.659,31.5228,485,37351,0.0426525,0.21,1,1228912,1228427,485
87916021,33.9318,49.5046,462,37408,0.112531,0.21,1,1228943,1228481,462
87918941,26.7864,38.7009,451,37464,0.158506,0.07,1,1228968,1228517,451
87921861,26.9573,30.1402,450,37520,0.119701,0,1,1228995,1228545,450
87924781,46.1915,28.428,473,37576,0.0479402,0.01,1,1229046,1228573,473
87927701,37.2383,47.2856,456,37632,0.049588,0.03,1,1229081,1228625,456
87930621,29.8477,37.4571,449,37688,0.0819176,0.05,1,1229109,1228660,449
87933541,36.3695,29.8914,459,37744,0.0403835,0.05,1,1229147,1228688,459
87936461,28.8739,36.3783,448,37800,0.0800767,0.01,1,1229174,1228726,448
87939381,51.3748,28.8757,478,37856,0.0720153,0.01,1,1229231,1228753,478
87942301,29.475,51.3751,445,37912,0.0544031,0.03,1,1229255,1228810,445
87945221,30.695,29.475,452,37968,0.0508806,0.01,1,1229286,1228834,452
87948141,45.339,28.295,473,38024,0.114176,0.05,1,1229335,1228862,473
87951061,35.4678,45.659,456,38080,0.126835,0.13,1,1229368,1228912,456
87953981,28.6936,33.9318,452,38135,0.129367,0.17,1,1229395,1228943,452
87956901,28.1387,26.7864,455,38190,0.161873,0.11,1,1229423,1228968,455
87959821,41.6277,26.9573,473,38245,0.184375,0.03,1,1229468,1228995,473
87962741,37.1255,46.1915,458,38300,0.0928749,0.05,1,1229504,1229046,458
87965661,29.8251,37.2383,451,38355,0.074575,0.09,1,1229532,1229081,451
87968581,35.565,29.8477,460,38410,0.070915,0.03,1,1229569,1229109,460
87971501,29.513,36.3695,450,38465,0.070183,0.09,1,1229597,1229147,450
87974421,50.7026,28.8739,479,38520,0.0860366,0.07,1,1229653,1229174,479
87977341,30.1405,51.3748,447,38575,0.0732073,0.05,1,1229678,1229231,447
87980261,7.6281,29.475,425,38630,0.0706415,0.05,1,1229680,1229255,425
87983181,25.5256,30.695,424,38685,0.102128,0.13,1,1229710,1229286,424
87986101,47.5051,45.339,428,38740,0.172426,0.13,1,1229763,1229335,428
87989021,35.901,35.4678,428,38795,0.170485,0.13,1,1229796,1229368,428
87991941,28.7802,28.6936,428,38849,0.186097,0.17,1,1229823,1229395,428
87994861,29.756,28.1387,430,38903,0.237219,0.19,1,1229853,1229423,430
87997781,42.7512,41.6277,431,38957,0.295444,0.07,1,1229899,1229468,431
88000701,32.5502,37.1255,425,39011,0.291089,0.07,1,1229929,1229504,425
88003621,28.91,29.8251,425,39065,0.290218,0.07,1,1229957,1229532,425
88006541,35.382,35.565,425,39119,0.306044,0.07,1,1229994,1229569,425
88009461,29.4764,29.513,425,39173,0.309209,0.09,1,1230022,1229597,425
88012381,51.4953,50.7026,426,39227,0.293842,0.07,1,1230079,1229653,426
88015301,29.4991,30.1405,425,39281,0.322768,0.07,1,1230103,1229678,425
88018221,7.49981,7.6281,425,39335,0.328554,0.11,1,1230105,1229680,425
88021141,27.1,25.5256,427,39389,0.345711,0.19,1,1230137,1229710,427
88024061,51.02,47.5051,431,39443,0.349142,0.17,1,1230194,1229763,431
88026981,35.804,35.901,430,39497,0.349828,0.19,1,1230226,1229796,430
88029901,29.5608,28.7802,431,39550,0.349966,0.25,1,1230254,1229823,431
88032821,30.7122,29.756,432,39603,0.397993,0.31,1,1230285,1229853,432
88035741,45.3424,42.7512,435,39656,0.423599,0.29,1,1230334,1229899,435
88038661,33.8685,32.5502,436,39709,0.44472,0.29,1,1230365,1229929,436
88041581,29.1737,28.91,436,39762,0.448944,0.31,1,1230393,1229957,436
88044501,34.6347,35.382,435,39815,0.449789,0.31,1,1230429,1229994,435
88047421,29.3269,29.4764,435,39868,0.417958,0.29,1,1230457,1230022,435
88050341,51.4654,51.4953,435,39921,0.443592,0.33,1,1230514,1230079,435
88053261,30.2931,29.4991,436,39974,0.432718,0.33,1,1230539,1230103,436
88056181,7.65862,7.49981,436,40027,0.430544,0.35,1,1230541,1230105,436
88059101,27.9317,27.1,437,40080,0.414109,0.35,1,1230574,1230137,437
88062021,51.9863,5.41999,495,40133,0.346822,0.35,1,1230632,1230137,495
88064941,35.9973,46.684,470,40186,0.349364,0.35,1,1230664,1230194,470
88067861,30.3995,34.9368,467,40239,0.365873,0.35,1,1230693,1230226,467
88070781,32.4799,29.3874,472,40291,0.337175,0.41,1,1230726,1230254,472
88073701,46.496,30.6775,491,40343,0.363435,0.43,1,1230776,1230285,491
88076621,33.2992,45.3355,472,40395,0.400687,0.45,1,1230806,1230334,472
88079541,29.0598,33.8671,469,40447,0.440137,0.45,1,1230834,1230365,469
88082461,34.612,29.1734,477,40499,0.464027,0.45,1,1230870,1230393,477
88085381,29.3224,34.6347,469,40551,0.500805,0.41,1,1230898,1230429,469
88088301,51.4645,29.3269,498,40603,0.524161,0.45,1,1230955,1230457,498
88091221,29.4929,51.4654,465,40655,0.528832,0.43,1,1230979,1230514,465
88094141,7.49858,30.2931,442,40707,0.529766,0.43,1,1230981,1230539,442
88097061,27.0997,7.65862,472,40759,0.529953,0.41,1,1231013,1230541,472
88099981,50.2199,27.9317,495,40811,0.561991,0.33,1,1231069,1230574,495
88102901,36.444,51.9863,470,40863,0.600398,0.35,1,1231102,1230632,470
88105821,29.6888,35.9973,466,40915,0.62408,0.37,1,1231130,1230664,466
88108741,32.3378,30.3995,470,40967,0.676816,0.33,1,1231163,1230693,470
88111661,49.6676,32.4799,491,41019,0.687363,0.37,1,1231217,1230726,491
88114581,33.9335,46.496,471,41070,0.721473,0.41,1,1231247,1230776,471
88117501,30.7867,33.2992,471,41121,0.760295,0.45,2,1231277,1230806,471
88120421,36.5573,29.0598,481,41172,0.736059,0.47,1,1231315,1230834,481
88123341,30.5115,34.612,474,41223,0.779212,0.51,2,1231344,1230870,474
88126261,52.5023,29.3224,504,41274,0.787842,0.53,2,1231402,1230898,504
88129181,29.7005,51.4645,471,41325,0.789568,0.53,2,1231426,1230955,471
88132101,7.54009,29.4929,449,41376,0.789914,0.53,2,1231428,1230979,449
88135021,27.108,7.49858,479,41427,0.805983,0.53,2,1231460,1230981,479
88137941,52.6216,27.0997,506,41478,0.857197,0.57,2,1231519,1231013,506
88140861,37.7243,50.2199,484,41529,0.883439,0.61,2,1231553,1231069,484
88143781,9.14486,36.444,453,41580,0.888688,0.63,2,1231555,1231102,453
88146701,25.829,29.6888,455,41631,0.921738,0.69,2,1231585,1231130,455
88367161,127,118,512,20647,0.61,1,1,1234300,1233788,512
88370081,68.6,81.2,494,20750,0.546,1,1,1234354,1233860,494
88373001,84.12,81.04,501,20852,0.5172,0.98,1,1234442,1233941,501
88375921,84.824,69.008,520,20954,0.35144,0.77,1,1234527,1234007,520
88378841,39.3648,73.0016,474,21055,0.302288,0.79,1,1234555,1234081,474
88381761,28.673,36.2003,473,21156,0.228458,0.79,1,1234581,1234108,473
88384681,45.7346,59.2401,458,21256,0.245692,0.61,1,1234631,1234173,458
88387601,110.747,113.448,458,21356,0.265138,0.53,1,1234758,1234300,458
88390521,56.5494,65.8896,447,21455,0.253028,0.51,1,1234801,1234354,447
88393441,80.1099,83.5779,445,21554,0.346606,0.31,1,1234887,1234442,445
88396361,78.422,84.7156,438,21652,0.365321,0.29,1,1234965,1234527,438
88399281,34.8844,39.3431,434,21750,0.401064,0.21,1,1234989,1234555,434
88402201,26.1769,28.6686,432,21848,0.344213,0.25,1,1235013,1234581,432
88405121,44.4354,45.7337,431,21945,0.444843,0.27,1,1235062,1234631,431
88408041,112.087,110.747,433,22042,0.576968,0.25,1,1235191,1234758,433
88410961,57.6174,56.5493,434,22138,0.619394,0.37,1,1235235,1234801,434
88413881,83.5235,80.1099,438,22234,0.627879,0.37,1,1235325,1234887,438
88416801,80.7047,78.422,440,22329,0.597576,0.41,1,1235405,1234965,440
88419721,33.7409,34.8844,438,22424,0.607515,0.33,1,1235427,1234989,438
88422641,27.5482,26.1769,440,22519,0.609503,0.33,1,1235453,1235013,440
88425561,46.3096,5.23538,491,22613,0.657901,0.47,1,1235504,1235013,491
88428481,118.862,40.2471,579,22707,0.68358,0.61,1,1235641,1235062,579
88431401,58.9724,111.249,494,22800,0.720716,0.63,1,1235685,1235191,494
88434321,83.7945,57.4499,540,22893,0.776143,0.63,2,1235775,1235235,540
88437241,81.5589,83.49,531,22986,0.819229,0.59,2,1235856,1235325,531
88440161,33.9118,80.698,473,23078,0.827846,0.61,2,1235878,1235405,473
88443081,27.5824,33.7396,477,23170,0.829569,0.61,2,1235904,1235427,477
88446001,48.7165,27.5479,505,23261,0.845914,0.67,2,1235958,1235453,505
88448921,121.743,46.3096,594,23352,0.817183,0.69,2,1236098,1235504,594
88451841,60.3487,118.862,502,23443,0.891437,0.73,2,1236143,1235641,502
88454761,85.6697,58.9724,550,23533,0.906287,0.79,2,1236235,1235685,550
88457681,83.5339,83.7945,543,23623,0.925258,0.83,2,1236318,1235775,543
88460601,34.3068,81.5589,484,23713,0.929052,0.83,2,1236340,1235856,484
88463521,27.6614,33.9118,488,23802,0.92981,0.83,2,1236366,1235878,488
88466441,49.5323,27.5824,517,23891,0.913962,0.85,2,1236421,1235904,517
88469361,121.106,48.7165,602,23980,0.894792,0.81,2,1236560,1235958,602
88472281,25.8213,121.743,464,24068,0.890959,0.91,2,1236562,1236098,464
88673761,31,33,512,29529,0.81,1,2,1240419,1239907,512
88676681,51,33.8,534,29601,0.858,0.99,2,1240475,1239941,534
88679601,36.6,52.36,510,29673,0.8356,0.92,2,1240508,1239998,510
88682521,61.72,40.872,540,29744,0.73512,0.98,1,1240576,1240036,540
88685441,41.944,62.5744,509,29815,0.667024,0.92,1,1240613,1240104,509
88688361,16.3888,42.1149,482,29886,0.685405,1,1,1240623,1240141,482
88691281,38.4778,46.023,479,29957,0.753081,1,2,1240667,1240188,479
88694201,31.6956,35.6046,476,30028,0.718616,0.87,1,1240697,1240221,476
88697121,103.139,112.721,465,30098,0.759723,0.91,2,1240818,1240353,465
88700041,47.0278,50.5442,463,30168,0.783945,0.81,2,1240851,1240388,463
88702961,35.8056,34.9088,465,30238,0.804789,0.87,2,1240884,1240419,465
88705881,50.3611,51.7818,463,30308,0.824958,0.83,2,1240938,1240475,463
88708801,36.4722,36.7564,463,30378,0.844992,0.71,2,1240971,1240508,463
88711721,56.8944,61.7513,457,30448,0.880998,0.65,2,1241033,1240576,457
88714641,40.1789,41.9503,456,30518,0.9042,0.69,2,1241069,1240613,456
88717561,17.6358,16.3901,458,30587,0.90884,0.77,2,1241081,1240623,458
88720481,36.3272,38.478,455,30656,0.893768,0.71,2,1241122,1240667,455
88723401,31.2654,31.6956,455,30725,0.922754,0.77,2,1241152,1240697,455
88851881,33,35,483,33622,0.57,1,1,1243224,1242741,483
88854801,60.2,47.8,499,33685,0.458,1,1,1243291,1242792,499
88857721,38.44,39.96,494,33748,0.3556,1,1,1243324,1242830,494
88860641,26.888,32.792,487,33811,0.27112,1,1,1243348,1242861,487
88863561,54.9776,58.5584,484,33874,0.062224,1,1,1243410,1242926,484
88866481,42.1955,42.1117,485,33936,0.0364448,0.89,1,1243449,1242964,485
88869401,33.2391,34.8223,483,33998,0.031289,0.95,1,1243480,1242997,483
88872321,33.0478,36.5645,479,34060,0.0462578,1,1,1243513,1243034,479
88875241,29.8096,36.9129,471,34122,0.0972516,0.92,1,1243542,1243071,471
88878161,30.7619,35.3826,467,34184,0.0594503,0.67,1,1243573,1243106,467
88881081,62.1524,75.0765,452,34246,0.0518901,0.67,1,1243643,1243191,452
88884001,35.6305,15.0153,481,34308,0.034378,0.57,1,1243672,1243191,481
88886921,53.5261,29.4031,506,34370,0.126876,0.43,1,1243730,1243224,506
88889841,33.9052,59.4806,468,34432,0.161375,0.33,1,1243759,1243291,468
88892761,21.981,38.2961,454,34493,0.152275,0.25,1,1243778,1243324,454
88895681,49.9962,26.8592,487,34554,0.118455,0.01,1,1243835,1243348,487
88898601,37.9992,54.9718,460,34615,0.175691,0.03,1,1243870,1243410,460
88901521,32.3998,42.1944,452,34676,0.107138,0.03,1,1243901,1243449,452
88904441,33.68,33.2389,455,34737,0.0614276,0.05,1,1243935,1243480,455
88907361,30.736,33.0478,452,34798,0.0522855,0.11,1,1243965,1243513,452
88910281,30.1472,29.8096,453,34859,0.0504571,0.05,1,1243995,1243542,453
88913201,61.2294,30.7619,491,34920,0.0500914,0.05,1,1244064,1243573,491
88916121,37.8459,62.1524,453,34981,0.0660183,0.03,1,1244096,1243643,453
88919041,57.9692,35.6305,487,35041,0.0532037,0.15,1,1244159,1243672,487
88921961,34.7938,53.5261,458,35101,0.0666407,0.17,1,1244188,1243730,458
88924881,22.9588,33.9052,449,35161,0.0853281,0.15,1,1244208,1243759,449
88927801,48.5918,21.981,485,35221,0.121066,0.11,1,1244263,1243778,485
88930721,39.3184,49.9962,465,35281,0.112213,0.19,1,1244300,1243835,465
88933641,28.6637,37.9992,456,35341,0.158443,0.09,1,1244326,1243870,456
88936561,31.3327,32.3998,457,35401,0.167689,0.05,1,1244358,1243901,457
88939481,31.8665,33.68,455,35461,0.185538,0.05,1,1244390,1243935,455
88942401,28.7733,30.736,453,35521,0.189108,0.05,1,1244418,1243965,453
88945321,60.9547,30.1472,492,35581,0.237822,0.05,1,1244487,1243995,492
88948241,38.5909,61.2294,456,35640,0.263564,0.07,1,1244520,1244064,456
88951161,9.31819,37.8459,426,35699,0.268713,0.05,1,1244522,1244096,426
88954081,52.2636,57.9692,426,35758,0.253743,0.07,1,1244585,1244159,426
88957001,33.6527,34.7938,426,35817,0.298749,0.09,1,1244614,1244188,426
88959921,22.7305,22.9588,426,35876,0.29175,0.13,1,1244634,1244208,426
88962841,50.1461,48.5918,428,35935,0.32235,0.11,1,1244691,1244263,428
88965761,40.4292,39.3184,429,35994,0.31247,0.17,1,1244729,1244300,429
88968681,29.6858,28.6637,430,36053,0.342494,0.17,1,1244756,1244326,430
88971601,31.5372,31.3327,430,36112,0.348499,0.19,1,1244788,1244358,430
88974521,32.7074,31.8665,431,36171,0.3497,0.19,1,1244821,1244390,431
88977441,28.9415,28.7733,431,36229,0.34994,0.25,1,1244849,1244418,431
88980361,63.3883,60.9547,434,36287,0.413988,0.27,1,1244921,1244487,434
88983281,39.8777,38.5909,435,36345,0.394798,0.27,1,1244955,1244520,435
88986201,9.57553,9.31819,435,36403,0.39096,0.25,1,1244957,1244522,435
88989121,52.3151,52.2636,435,36461,0.438192,0.31,1,1245020,1244585,435
88992041,33.663,33.6527,435,36519,0.479638,0.29,1,1245049,1244614,435
88994961,23.5326,22.7305,436,36577,0.471928,0.33,1,1245070,1244634,436
88997881,51.1065,50.1461,437,36635,0.518386,0.31,1,1245128,1244691,437
89000801,40.6213,40.4292,437,36693,0.495677,0.35,1,1245166,1244729,437
89003721,29.7243,29.6858,437,36751,0.475135,0.35,1,1245193,1244756,437
89006641,31.5449,31.5372,437,36809,0.503027,0.35,1,1245225,1244788,437
89009561,32.709,32.7074,437,36866,0.508605,0.35,1,1245258,1244821,437
89012481,28.9418,28.9415,437,36923,0.509721,0.43,1,1245286,1244849,437
89015401,66.5884,63.3883,441,36980,0.557944,0.39,1,1245362,1244921,441
89018321,40.5177,39.8777,441,37037,0.615589,0.39,1,1245396,1244955,441
89021241,9.70353,9.57553,441,37094,0.627118,0.45,1,1245398,1244957,441
89024161,53.1407,52.3151,442,37151,0.645424,0.45,1,1245462,1245020,442
89027081,34.6281,10.463,472,37208,0.633085,0.49,1,1245492,1245020,472
89030001,24.5256,25.2926,465,37265,0.630617,0.47,1,1245514,1245049,465
89032921,52.1051,21.8585,503,37322,0.710123,0.53,1,1245573,1245070,503
89035841,40.821,50.7717,483,37379,0.742025,0.49,1,1245611,1245128,483
89038761,28.9642,40.5543,471,37436,0.748405,0.47,1,1245637,1245166,471
89041681,32.1928,29.7109,477,37492,0.749681,0.51,1,1245670,1245193,477
89044601,32.0386,31.5422,477,37548,0.781936,0.51,2,1245702,1245225,477
89047521,28.8077,32.7084,472,37604,0.788387,0.51,2,1245730,1245258,472
89050441,69.7615,28.9417,524,37660,0.789677,0.57,2,1245810,1245286,524
89053361,42.7523,66.5883,484,37716,0.805936,0.63,2,1245846,1245362,484
89056281,10.1505,40.5177,452,37772,0.809187,0.63,2,1245848,1245396,452
89059201,54.0301,9.70353,515,37828,0.825837,0.65,2,1245913,1245398,515
89062121,35.606,53.1407,482,37884,0.845167,0.63,2,1245944,1245462,482
89065041,25.5212,34.6281,475,37940,0.897034,0.63,2,1245967,1245492,475
89067961,55.5042,24.5256,516,37996,0.875407,0.73,2,1246030,1245514,516
89070881,42.3008,52.1051,496,38052,0.903081,0.75,2,1246069,1245573,496
89073801,29.2602,40.821,484,38108,0.908616,0.75,2,1246095,1245611,484
89076721,33.852,28.9642,493,38163,0.925723,0.75,2,1246130,1245637,493
89079641,32.3704,32.1928,492,38218,0.945145,0.79,2,1246162,1245670,492
89254841,20,31,508,41402,0.85,0.93,2,1248376,1247868,508
89257761,32,26.2,518,41453,0.77,1,2,1248411,1247893,518
89260681,32.8,34.04,515,41504,0.77,1,2,1248444,1247929,515
89263601,16.96,35.608,492,41555,0.706,0.93,1,1248457,1247965,492
89266521,24.192,33.5216,485,41606,0.7572,1,2,1248483,1247998,485
89269441,29.6384,33.1043,483,41657,0.73544,1,1,1248514,1248031,483
89272361,32.3277,36.2209,479,41708,0.635088,0.89,1,1248547,1248068,479
89275281,36.0655,34.4442,482,41759,0.647018,1,1,1248584,1248102,482
89278201,56.0131,52.4888,486,41810,0.569403,1,1,1248645,1248159,486
89281121,33.6026,41.6978,475,41860,0.601881,0.99,1,1248673,1248198,475
89284041,28.3205,30.7396,474,41910,0.560376,0.87,1,1248700,1248226,474
89286961,42.4641,48.5479,467,41960,0.552075,0.77,1,1248746,1248279,467
89289881,34.0928,38.5096,463,42010,0.550415,0.75,1,1248778,1248315,463
89292801,39.6186,40.5019,463,42060,0.518083,0.85,1,1248819,1248356,463
89295721,19.1237,24.1004,457,42110,0.511617,0.75,1,1248833,1248376,457
89298641,31.8247,32.8201,457,42160,0.558323,0.77,1,1248868,1248411,457
89301561,32.7649,32.964,457,42210,0.567665,0.69,1,1248901,1248444,457
89304481,18.553,16.9928,459,42260,0.585533,0.77,1,1248916,1248457,459
89307401,22.9106,24.1986,457,42310,0.589107,0.73,1,1248940,1248483,457
89310321,26.9821,29.6397,454,42360,0.573821,0.61,1,1248968,1248514,454
89313241,32.5964,32.3279,455,42410,0.634764,0.65,1,1249002,1248547,455
89316161,33.7193,36.0656,452,42460,0.614953,0.55,1,1249036,1248584,452
89319081,52.3439,56.0131,448,42510,0.594991,0.61,1,1249093,1248645,448
89322001,34.4688,33.6026,450,42560,0.622998,0.55,1,1249123,1248673,450
89324921,27.6938,28.3205,449,42610,0.7086,0.55,1,1249149,1248700,449
89327841,42.3387,42.4641,449,42660,0.69372,0.55,1,1249195,1248746,449
89330761,32.4677,34.0928,447,42709,0.706744,0.51,1,1249225,1248778,447
89333681,39.2935,39.6186,447,42758,0.725349,0.51,1,1249266,1248819,447
89336601,19.0587,19.1237,447,42807,0.69707,0.57,1,1249280,1248833,447
89339521,32.6117,31.8247,448,42856,0.723414,0.57,1,1249316,1248868,448
89342441,34.5223,32.7649,450,42905,0.792683,0.59,2,1249351,1248901,450
89345361,18.1045,18.553,449,42954,0.774537,0.59,2,1249365,1248916,449
89348281,22.8209,22.9106,449,43003,0.802907,0.59,2,1249389,1248940,449
89351201,26.9642,4.58212,477,43052,0.808581,0.57,2,1249417,1248940,477
89354121,34.1928,23.3164,485,43101,0.825716,0.65,2,1249453,1248968,485
89357041,32.4386,31.8633,483,43150,0.845143,0.61,2,1249485,1249002,483
89359961,52.8877,33.5727,507,43199,0.865029,0.59,2,1249543,1249036,507
89362881,34.5775,52.3145,480,43248,0.885006,0.63,2,1249573,1249093,480
89365801,31.7155,34.4629,481,43297,0.889001,0.73,2,1249604,1249123,481
89368721,43.1431,27.6926,501,43346,0.8898,0.69,2,1249650,1249149,501
89371641,33.4286,42.3385,486,43395,0.90596,0.71,2,1249681,1249195,486
89374561,38.6857,32.4677,496,43444,0.925192,0.73,2,1249721,1249225,496
89377481,18.9371,39.2935,469,43493,0.929038,0.69,2,1249735,1249266,469
89380401,32.5874,19.0587,491,43542,0.929808,0.73,2,1249771,1249280,491
89552681,37,30,517,46314,0.63,1,1,1251702,1251185,517
89555601,36.2,26.8,527,46360,0.566,1,1,1251738,1251211,527
89558521,28.04,33.36,518,46405,0.5052,1,1,1251764,1251246,518
89561441,24.808,29.872,513,46450,0.39704,1,1,1251788,1251275,513
89564361,33.7616,27.5744,522,46495,0.359408,1,1,1251824,1251302,522
89567281,33.1523,22.3149,534,46540,0.271882,1,1,1251857,1251323,534
89570201,21.8305,33.263,517,46585,0.222376,1,1,1251876,1251359,517
89573121,26.7661,33.8526,511,46630,0.148475,1,1,1251904,1251393,511
89576041,34.1532,30.7705,517,46675,0.0696951,1,1,1251940,1251423,517
89578961,31.6306,30.1541,518,46720,0.117939,1,1,1251971,1251453,518
89581881,30.3261,34.8308,512,46765,0.0795878,1,1,1252001,1251489,512
89584801,38.8652,28.5662,526,46810,0.0239176,0.94,1,1252042,1251516,526
89587721,26.973,44.9132,501,46855,0.0447835,1,1,1252066,1251565,501
89590641,30.1946,35.3826,499,46900,0.0969567,0.93,1,1252097,1251598,499
89593561,25.2389,33.4765,490,46945,0.123391,0.69,1,1252121,1251631,490
89596481,28.2478,33.8953,485,46990,0.112678,0.63,1,1252150,1251665,485
89599401,32.8496,36.3791,482,47035,0.142536,0.55,1,1252184,1251702,482
89602321,24.9699,36.0758,469,47080,0.148507,0.49,1,1252207,1251738,469
89605241,20.194,28.0152,462,47125,0.101701,0.37,1,1252226,1251764,462
89608161,29.6388,24.803,470,47170,0.15634,0.35,1,1252258,1251788,470
89611081,30.7278,33.7606,465,47215,0.183268,0.25,1,1252289,1251824,465
89614001,19.7456,33.1521,449,47260,0.140654,0.21,1,1252306,1251857,449
89616921,21.5491,21.8304,452,47305,0.196131,0.13,1,1252328,1251876,452
89619841,34.7098,26.7661,462,47350,0.159226,0.05,1,1252366,1251904,462
89622761,8.54196,34.1532,428,47395,0.151845,0.13,1,1252368,1251940,428
89625681,27.3084,31.6306,429,47439,0.166369,0.07,1,1252400,1251971,429
89628601,26.2617,30.3261,425,47483,0.153274,0.01,1,1252426,1252001,425
89631521,36.4523,38.8652,423,47527,0.214655,0.05,1,1252465,1252042,423
89634441,25.6905,26.973,422,47571,0.258931,0.11,1,1252488,1252066,422
89637361,32.3381,30.1946,425,47615,0.219786,0.13,1,1252522,1252097,425
89640281,29.6676,25.2389,430,47659,0.195957,0.11,1,1252551,1252121,430
89643201,26.7335,28.2478,427,47703,0.223191,0.15,1,1252577,1252150,427
89646121,34.9467,32.8496,430,47747,0.212638,0.15,1,1252614,1252184,430
89649041,24.5893,24.9699,429,47791,0.210528,0.09,1,1252636,1252207,429
89651961,19.3179,20.194,428,47835,0.178106,0.17,1,1252654,1252226,428
89654881,31.0636,29.6388,430,47879,0.219621,0.19,1,1252688,1252258,430
89657801,30.2127,30.7278,429,47923,0.243924,0.13,1,1252718,1252289,429
89660721,22.0425,19.7456,432,47967,0.216785,0.21,1,1252738,1252306,432
89663641,22.8085,21.5491,433,48011,0.275357,0.15,1,1252761,1252328,433
89666561,31.7617,34.7098,429,48055,0.255071,0.15,1,1252795,1252366,429
89669481,7.95234,8.54196,429,48099,0.251014,0.17,1,1252797,1252368,429
89672401,27.9905,27.3084,430,48143,0.266203,0.15,1,1252830,1252400,430
89675321,29.5981,26.2617,434,48187,0.253241,0.23,1,1252860,1252426,434
89678241,36.3196,36.4523,433,48231,0.314648,0.27,1,1252898,1252465,433
89681161,24.0639,25.6905,431,48275,0.34293,0.21,1,1252919,1252488,431
89684081,32.8128,32.3381,432,48319,0.332586,0.19,1,1252954,1252522,432
89687001,28.9626,29.6676,431,48363,0.314517,0.23,1,1252982,1252551,431
89689921,26.5925,26.7335,431,48407,0.342903,0.21,1,1253008,1252577,431
89692841,34.1185,34.9467,430,48451,0.348581,0.21,1,1253044,1252614,430
89695761,24.4237,24.5893,430,48494,0.349716,0.17,1,1253066,1252636,430
89698681,20.0847,19.3179,431,48537,0.333943,0.23,1,1253085,1252654,431
89701601,31.2169,31.0636,431,48580,0.298789,0.25,1,1253119,1252688,431
89704521,31.0434,30.2127,432,48623,0.291758,0.21,1,1253150,1252718,432
89707441,22.2087,22.0425,432,48666,0.290352,0.29,1,1253170,1252738,432
89710361,24.4417,22.8085,434,48709,0.37007,0.25,1,1253195,1252761,434
89713281,32.0883,31.7617,434,48752,0.354014,0.25,1,1253229,1252795,434
89716201,8.01767,7.95234,434,48795,0.398803,0.27,1,1253231,1252797,434
89719121,28.8035,27.9905,435,48838,0.423761,0.27,1,1253265,1252830,435
89722041,28.9607,5.59809,464,48881,0.412752,0.25,1,1253294,1252830,464
89724961,36.9921,25.1196,473,48924,0.44255,0.33,1,1253333,1252860,473
89727881,24.9984,35.4239,457,48967,0.48051,0.35,1,1253355,1252898,457
89730801,32.1997,23.8848,470,49010,0.504102,0.33,1,1253389,1252919,470
89733721,29.6399,32.777,464,49053,0.52482,0.31,1,1253418,1252954,464
89736641,26.728,28.9554,462,49096,0.544964,0.35,1,1253444,1252982,462
89739561,34.1456,26.5911,472,49139,0.564993,0.35,1,1253480,1253008,472
89742481,24.4291,34.1182,458,49182,0.568999,0.35,1,1253502,1253044,458
89745401,19.2858,24.4236,454,49225,0.5698,0.33,1,1253520,1253066,454
89748321,31.8572,20.0847,470,49268,0.55396,0.29,1,1253555,1253085,470
89751241,30.3714,31.2169,466,49311,0.582792,0.29,1,1253585,1253119,466
89754161,22.0743,31.0434,455,49354,0.588558,0.29,1,1253605,1253150,455
89757081,26.8149,22.2087,463,49397,0.573712,0.39,1,1253633,1253170,463
89760001,34.163,24.4417,474,49440,0.586742,0.35,1,1253669,1253195,474
89762921,8.43259,32.0883,442,49483,0.589348,0.41,1,1253671,1253229,442
89765841,29.6865,8.01767,475,49526,0.60587,0.43,1,1253706,1253231,475
89768761,29.1373,28.8035,470,49569,0.609174,0.41,1,1253735,1253265,470
89771681,39.4275,28.9607,483,49612,0.609835,0.45,1,1253777,1253294,483
89774601,26.2855,36.9921,467,49654,0.641967,0.49,1,1253800,1253333,467
89777521,33.2571,24.9984,480,49696,0.680393,0.51,1,1253835,1253355,480
89780441,31.4514,32.1997,477,49738,0.704079,0.53,1,1253866,1253389,477
89783361,27.0903,29.6399,474,49780,0.708816,0.55,1,1253892,1253418,474
89786281,35.0181,26.728,485,49822,0.709763,0.57,1,1253929,1253444,485
89789201,24.6036,34.1456,471,49864,0.725953,0.57,1,1253951,1253480,471
89792121,19.3207,24.4291,467,49906,0.729191,0.57,1,1253969,1253502,467
89795041,32.6641,19.2858,485,49948,0.729838,0.55,1,1254005,1253520,485
89797961,30.5328,31.8572,480,49990,0.729968,0.59,1,1254035,1253555,480
89800881,22.1066,30.3714,470,50032,0.745993,0.59,1,1254055,1253585,470
89803801,26.8213,22.0743,478,50074,0.717199,0.57,1,1254083,1253605,478
89806721,34.1643,26.8149,486,50116,0.74344,0.59,1,1254119,1253633,486
89809641,8.43285,34.163,452,50158,0.748688,0.59,1,1254121,1253669,452
89812561,31.2866,8.43259,487,50200,0.781738,0.61,2,1254158,1253671,487
89815481,28.6573,29.6865,480,50242,0.836348,0.61,2,1254186,1253706,480
89818401,40.9315,29.1373,495,50284,0.86327,0.61,2,1254230,1253735,495
89821321,9.78629,39.4275,455,50326,0.868654,0.65,2,1254232,1253777,455
89824241,20.3573,26.2855,455,50368,0.885731,0.69,2,1254255,1253800,455
89827161,32.8715,33.2571,456,50410,0.889146,0.71,2,1254291,1253835,456
90031561,30,25,521,53258,0.79,1,2,1256263,1255742,521
90034481,25.2,22.6,523,53298,0.838,1,2,1256287,1255764,523
90035941,23.44,30.12,514,53337,0.7036,1,1,1256310,1255796,514
90091421,396.688,446.024,454,24820,0.21272,0.55,1,1256800,1256346,454
90094341,143.338,132.405,480,24905,0.098544,0.57,1,1256880,1256400,480
90097261,71.8675,76.081,472,24990,0.123709,0.41,1,1256934,1256462,472
90100181,56.7735,60.0162,469,25075,0.112742,0.39,1,1256987,1256518,469
90103101,60.1547,53.6032,478,25160,0.126548,0.23,1,1257048,1256570,478
90106021,54.4309,65.9206,462,25244,0.0813097,0.19,1,1257101,1256639,462
90108941,70.0862,61.1841,476,25328,0.136262,0.17,1,1257175,1256699,476
90111861,29.2172,51.4368,446,25412,0.163252,0.17,1,1257194,1256748,446
90114781,20.2434,25.4874,445,25495,0.20065,0.09,1,1257212,1256767,445
90117701,80.0487,31.4975,507,25578,0.25613,0.07,1,1257307,1256800,507
90120621,57.6097,70.2995,479,25661,0.267226,0.13,1,1257359,1256880,479
90123541,54.7219,57.2599,479,25744,0.285445,0.11,1,1257413,1256934,479
90126461,58.9444,53.852,486,25826,0.305089,0.13,1,1257473,1256987,486
90129381,53.3889,59.5704,477,25908,0.325018,0.07,1,1257525,1257048,477
90132301,73.0778,54.3141,502,25990,0.377004,0.15,1,1257603,1257101,502
90135221,32.2156,70.0628,450,26072,0.387401,0.17,1,1257625,1257175,450
90138141,20.8431,29.2126,449,26153,0.37348,0.21,1,1257643,1257194,449
90141061,82.5686,20.2425,529,26234,0.418696,0.27,1,1257741,1257212,529
90143981,58.9137,80.0485,487,26315,0.459739,0.27,1,1257794,1257307,487
90146901,55.7827,57.6097,490,26396,0.467948,0.29,1,1257849,1257359,490
90149821,59.1565,54.7219,496,26476,0.46959,0.31,1,1257909,1257413,496
90152741,54.2313,58.9444,489,26556,0.485918,0.33,1,1257962,1257473,489
90155661,75.6463,53.3889,518,26636,0.505184,0.39,1,1258043,1257525,518
90158581,31.1293,73.0778,460,26716,0.525037,0.39,1,1258063,1257603,460
90161501,21.4258,32.2156,457,26795,0.545007,0.37,1,1258082,1257625,457
90164421,85.0852,20.8431,540,26874,0.645001,0.43,1,1258183,1257643,540
90167341,18.617,82.5686,444,26953,0.665,0.47,1,1258185,1257741,444
90170261,46.9234,58.9137,445,27032,0.685,0.47,1,1258239,1257794,445
90173181,53.3847,55.7827,445,27110,0.737,0.47,1,1258294,1257849,445
90176101,58.6769,59.1565,445,27188,0.7794,0.49,2,1258354,1257909,445
90179021,54.9354,54.2313,446,27266,0.80388,0.51,2,1258408,1257962,446
90181941,77.3871,75.6463,448,27344,0.824776,0.53,2,1258491,1258043,448
90184861,31.4774,31.1293,448,27421,0.844955,0.55,2,1258511,1258063,448
90187781,23.8955,21.4258,451,27498,0.816991,0.67,2,1258533,1258082,451
90190701,88.7791,85.0852,455,27575,0.875398,0.67,2,1258638,1258183,455
90193621,19.3558,18.617,455,27652,0.91908,0.69,2,1258640,1258185,455
90196541,47.8712,46.9234,456,27729,0.911816,0.75,2,1258695,1258239,456
90199461,55.9742,53.3847,459,27805,0.926363,0.79,2,1258753,1258294,459
90202381,59.1948,58.6769,459,27881,0.913273,0.81,2,1258813,1258354,459
90205301,55.839,54.9354,460,27957,0.926655,0.83,2,1258868,1258408,460
90208221,78.3678,77.3871,461,28033,0.897331,0.85,2,1258952,1258491,461
90211141,32.4736,31.4774,462,28109,0.907466,0.81,2,1258973,1258511,462
90214061,25.6947,23.8955,464,28184,0.909493,0.89,2,1258997,1258533,464
90339621,35,35,488,31251,0.71,1,1,1261177,1260689,488
90342541,34.2,31.8,491,31319,0.614,1,1,1261211,1260720,491
90345461,46.84,6.36,541,31387,0.3228,1,1,1261261,1260720,541
90348381,62.968,54.872,541,31454,0.12056,1,1,1261328,1260787,541
90351301,62.9936,77.3744,521,31521,0.080112,1,1,1261391,1260870,521
90354221,42.1987,46.6749,519,31588,0.0560224,1,1,1261428,1260909,519
90357141,66.0397,38.935,554,31655,0.0512045,1,1,1261500,1260946,554
90360061,46.808,67.787,521,31722,0.0822409,1,1,1261542,1261021,521
90362981,38.1616,55.1574,505,31789,0.0404482,0.89,1,1261578,1261073,505
90365901,29.2323,39.0315,497,31856,0.0160896,0.84,1,1261605,1261108,497
90368821,25.8465,35.0063,488,31922,0.0112179,0.71,1,1261630,1261142,488
90371741,26.7693,35.0013,480,31988,0.0262436,0.59,1,1261657,1261177,480
90374661,34.9539,34.2003,483,32054,0.0132487,0.25,1,1261694,1261211,483
90377581,50.9908,46.8401,488,32120,0.0266497,0.07,1,1261749,1261261,488
90380501,63.7982,62.968,488,32186,0.0453299,0.07,1,1261816,1261328,488
90383421,40.7596,62.9936,460,32252,0.033066,0.05,1,1261851,1261391,460
90386341,68.9519,42.1987,499,32318,0.0786132,0.05,1,1261927,1261428,499
90389261,45.7904,66.0397,467,32383,0.119723,0.09,1,1261967,1261500,467
90392181,35.5581,46.808,458,32448,0.127945,0.03,1,1262000,1261542,458
90395101,27.9116,38.1616,448,32513,0.129589,0.01,1,1262026,1261578,448
90398021,26.3823,29.2323,447,32578,0.0659178,0.01,1,1262052,1261605,447
90400941,26.0765,25.8465,448,32643,0.0851836,0.03,1,1262078,1261630,448
90403861,35.6153,26.7693,459,32708,0.105037,0.01,1,1262116,1261657,459
90406781,8.72306,34.9539,424,32773,0.109007,0.03,1,1262118,1261694,424
90409701,46.5446,50.9908,425,32838,0.109801,0.05,1,1262174,1261749,425
90412621,62.1089,63.7982,424,32902,0.0299603,0.03,1,1262240,1261816,424
90415541,41.2218,40.7596,425,32966,0.0139921,0.09,1,1262276,1261851,425
90418461,68.2444,68.9519,424,33030,0.0107984,0.13,1,1262351,1261927,424
90421381,47.2489,45.7904,426,33094,0.0261597,0.13,1,1262393,1261967,426
90424301,35.8498,35.5581,426,33158,0.0772319,0.13,1,1262426,1262000,426
90427221,27.97,27.9116,426,33222,0.119446,0.05,1,1262452,1262026,426
90430141,27.994,26.3823,428,33286,0.143889,0.09,1,1262480,1262052,428
90433061,25.5988,26.0765,427,33350,0.164778,0.11,1,1262505,1262078,427
90435981,35.5198,35.6153,427,33413,0.152956,0.11,1,1262543,1262116,427
90438901,8.70395,8.72306,427,33476,0.150591,0.11,1,1262545,1262118,427
90441821,45.7408,46.5446,426,33539,0.166118,0.01,1,1262600,1262174,426
90444741,58.7482,62.1089,422,33602,0.121224,0.01,1,1262662,1262240,422
90447661,41.3496,41.2218,423,33665,0.0482447,0.01,1,1262699,1262276,423
90450581,67.4699,68.2444,422,33728,0.0176489,0.03,1,1262773,1262351,422
90453501,48.694,47.2489,424,33791,0.0435298,0.09,1,1262817,1262393,424
90456421,37.7388,35.8498,426,33854,0.048706,0.13,1,1262852,1262426,426
90459341,28.3478,27.97,426,33916,0.0177412,0.15,1,1262878,1262452,426
90462261,30.4696,27.994,429,33978,0.0275482,0.17,1,1262909,1262480,429
90465181,25.2939,25.5988,428,34040,0.0615096,0.15,1,1262933,1262505,428
90468101,36.2588,35.5198,429,34102,0.0843019,0.15,1,1262972,1262543,429
90471021,8.85176,8.70395,429,34164,0.0888604,0.17,1,1262974,1262545,429
90473941,44.9704,45.7408,428,34226,0.137772,0.17,1,1263028,1262600,428
90476861,56.9941,9.14816,488,34288,0.163554,0.11,1,1263088,1262600,488
90479781,36.9988,51.4296,458,34350,0.168711,0.03,1,1263120,1262662,458
90482701,66.5998,39.8859,495,34412,0.0577422,0.01,1,1263194,1262699,495
90485621,48.52,67.1772,465,34473,0.0515484,0.05,1,1263238,1262773,465
90488541,37.704,48.6354,456,34534,0.0343097,0.05,1,1263273,1262817,456
90491461,28.3408,37.7271,447,34595,0.0468619,0.01,1,1263299,1262852,447
90494381,31.2682,28.3454,453,34656,0.0653724,0.03,1,1263331,1262878,453
90497301,26.2536,30.4691,447,34717,0.0850745,0.07,1,1263356,1262909,447
90500221,38.0507,25.2938,464,34778,0.0730149,0.09,1,1263397,1262933,464
90503141,9.21014,36.2588,427,34839,0.070603,0.09,1,1263399,1262972,427
90506061,48.242,8.85175,483,34900,0.102121,0.15,1,1263457,1262974,483
90508981,57.6484,44.9704,489,34961,0.0924241,0.17,1,1263517,1263028,489
90511901,35.5297,56.9941,459,35021,0.106485,0.17,1,1263547,1263088,459
90514821,62.3059,36.9988,496,35081,0.045297,0.03,1,1263616,1263120,496
90517741,48.4612,66.5998,467,35141,0.0490594,0.05,1,1263661,1263194,467
90520661,37.6922,48.52,458,35201,0.0338119,0.03,1,1263696,1263238,458
90523581,28.3384,37.704,449,35261,0.0787624,0.05,1,1263722,1263273,449
90526501,32.0677,28.3408,456,35321,0.103752,0.07,1,1263755,1263299,456
90529421,26.4135,31.2682,449,35381,0.0927505,0.09,1,1263780,1263331,449
90532341,39.6827,26.2536,467,35441,0.10655,0.07,1,1263823,1263356,467
90535261,9.53654,38.0507,428,35501,0.10931,0.07,1,1263825,1263397,428
90538181,46.7073,9.21014,482,35561,0.157862,0.11,1,1263881,1263399,482
90541101,58.1415,48.242,485,35620,0.247572,0.09,1,1263942,1263457,485
90544021,36.4283,57.6484,456,35679,0.249514,0.11,1,1263973,1263517,456
90546941,8.88566,35.5297,428,35738,0.249903,0.03,1,1263975,1263547,428
90549861,53.7771,62.3059,424,35797,0.297981,0.05,1,1264040,1263616,424
90552781,46.7554,48.4612,424,35856,0.323596,0.03,1,1264085,1263661,424
90555701,38.1511,37.6922,425,35915,0.328719,0.09,1,1264121,1263696,425
90558621,29.2302,28.3384,426,35974,0.377744,0.11,1,1264148,1263722,426
90561541,33.046,32.0677,427,36033,0.387549,0.09,1,1264182,1263755,427
90564461,27.4092,26.4135,428,36092,0.37351,0.11,1,1264208,1263780,428
90567381,39.0818,39.6827,427,36151,0.386702,0.11,1,1264250,1263823,427
90570301,9.41637,9.53654,427,36209,0.38934,0.17,1,1264252,1263825,427
90573221,49.0833,46.7073,430,36267,0.437868,0.27,1,1264311,1263881,430
90576141,62.6167,58.1415,435,36325,0.447574,0.25,1,1264377,1263942,435
90579061,36.5233,36.4283,434,36383,0.449515,0.25,1,1264407,1263973,434
90581981,8.90467,8.88566,434,36441,0.449903,0.31,1,1264409,1263975,434
90584901,56.1809,53.7771,437,36499,0.465981,0.33,1,1264477,1264040,437
90587821,46.4362,46.7554,436,36557,0.501196,0.33,1,1264521,1264085,436
90590741,38.8872,38.1511,437,36615,0.540239,0.39,1,1264558,1264121,437
90593661,30.9774,29.2302,439,36673,0.548048,0.39,1,1264587,1264148,439
90596581,33.3955,33.046,439,36731,0.54961,0.37,1,1264621,1264182,439
90599501,28.2791,27.4092,440,36789,0.533922,0.39,1,1264648,1264208,440
90602421,40.0558,39.0818,441,36846,0.546784,0.39,1,1264691,1264250,441
90605341,9.61116,9.41637,441,36903,0.549357,0.45,1,1264693,1264252,441
90608261,50.7222,49.0833,443,36960,0.549871,0.45,1,1264754,1264311,443
90611181,63.7444,62.6167,444,37017,0.629974,0.45,1,1264821,1264377,444
90614101,36.7489,36.5233,444,37074,0.661995,0.45,1,1264851,1264407,444
90617021,8.94978,8.90467,444,37131,0.636399,0.47,1,1264853,1264409,444
90619941,56.99,56.1809,445,37188,0.67928,0.47,1,1264922,1264477,445
90622861,48.198,11.2362,491,37245,0.687856,0.51,1,1264968,1264477,491
90625781,38.4396,37.4472,483,37302,0.705571,0.55,1,1265004,1264521,483
90628701,32.4879,37.0894,477,37359,0.693114,0.55,1,1265035,1264558,477
90631621,33.6976,30.6179,482,37416,0.706623,0.55,1,1265069,1264587,482
90634541,27.5395,33.3236,474,37472,0.709325,0.53,1,1265095,1264621,474
90637461,39.1079,28.2647,489,37528,0.725865,0.55,1,1265137,1264648,489
90640381,9.42158,40.0529,448,37584,0.729173,0.55,1,1265139,1264691,448
90643301,52.2843,9.61059,509,37640,0.729835,0.55,1,1265202,1264693,509
90646221,67.2569,50.7221,519,37696,0.713967,0.65,1,1265273,1264754,519
90649141,37.4514,63.7444,482,37752,0.726793,0.67,1,1265303,1264821,482
90652061,9.09027,36.7489,454,37808,0.729359,0.63,1,1265305,1264851,454
90654981,59.4181,8.94978,524,37864,0.777872,0.69,2,1265377,1264853,524
90657901,48.6836,56.99,501,37920,0.787574,0.69,2,1265423,1264922,501
90660821,39.3367,48.198,492,37976,0.837515,0.71,2,1265460,1264968,492
90663741,31.8673,38.4396,486,38032,0.863503,0.69,2,1265490,1265004,486
90666661,34.3735,32.4879,490,38088,0.852701,0.71,2,1265525,1265035,490
90669581,27.6747,33.6976,482,38143,0.85054,0.71,2,1265551,1265069,482
90672501,39.9349,27.5395,499,38198,0.866108,0.73,2,1265594,1265095,499
90675421,9.58699,39.1079,459,38253,0.869222,0.73,2,1265596,1265137,459
90678341,52.3174,9.42158,520,38308,0.901844,0.73,2,1265659,1265139,520
90681261,67.2635,52.2843,528,38363,0.924369,0.71,2,1265730,1265202,528
90821421,34,30,523,40923,0.89,1,2,1267475,1266952,523
90824341,27.6,25.2,525,40975,0.874,1,2,1267501,1266976,525
90868141,409.52,461.84,459,18980,0.1988,0.47,1,1268006,1267547,459
90871061,181.904,186.768,466,19092,0.11176,0.17,1,1268131,1267665,466
90873981,105.981,114.154,457,19203,0.078352,0.09,1,1268218,1267761,457
90876901,85.9962,70.8307,478,19314,0.0236704,0.05,1,1268299,1267821,478
90879821,41.9992,82.9661,423,19424,0.0447341,0.07,1,1268330,1267907,423
90882741,52.3998,60.5932,423,19533,0.0329468,0.03,1,1268385,1267962,423
90885661,32.88,28.1186,431,19642,0.0305894,0.03,1,1268413,1267982,431
90888581,120.976,24.8237,550,19750,0.0621179,0.09,1,1268556,1268006,550
90891501,96.9952,104.965,516,19857,0.100424,0.07,1,1268647,1268131,516
90894421,79.399,90.5929,504,19964,0.0920847,0.01,1,1268722,1268218,504
90897341,40.6798,82.9186,454,20070,0.106417,0.05,1,1268753,1268299,454
90900261,50.536,41.3837,476,20176,0.0212834,0.03,1,1268806,1268330,476
90903181,33.3072,52.2767,450,20281,0.0282567,0.03,1,1268835,1268385,450
90906101,123.461,32.8553,568,20386,0.0616513,0.07,1,1268981,1268413,568
90909021,98.2923,120.971,517,20490,0.0683303,0.11,1,1269073,1268556,517
90911941,78.8585,96.9942,500,20594,0.101666,0.09,1,1269147,1268647,500
90914861,41.3717,79.3988,457,20697,0.124333,0.11,1,1269179,1268722,457
90917781,48.2743,40.6798,476,20799,0.112867,0,1,1269229,1268753,476
90920701,32.0549,50.536,451,20901,0.0785733,0.03,1,1269257,1268806,451
90923621,124.811,33.3072,570,21002,0.135715,0.07,1,1269405,1268835,570
90926541,26.5622,123.461,426,21103,0.147143,0.07,1,1269407,1268981,426
90929461,78.1124,98.2923,425,21204,0.181429,0.11,1,1269498,1269073,425
90932381,77.2225,78.8585,428,21304,0.268286,0.13,1,1269575,1269147,428
90935301,41.0445,41.3717,428,21404,0.317657,0.11,1,1269607,1269179,428
90938221,45.8089,48.2743,425,21503,0.311531,0.07,1,1269654,1269229,425
90941141,29.9618,32.0549,423,21602,0.310306,0.15,1,1269680,1269257,423
90944061,129.992,124.811,430,21700,0.326061,0.15,1,1269835,1269405,430
90946981,27.5985,26.5622,430,21798,0.329212,0.19,1,1269837,1269407,430
90949901,79.1197,78.1124,431,21895,0.329842,0.29,1,1269929,1269498,431
90952821,81.4239,77.2225,436,21992,0.425968,0.33,1,1270011,1269575,436
90955741,41.8848,41.0445,436,22088,0.445194,0.31,1,1270043,1269607,436
90958661,45.177,45.8089,435,22184,0.497039,0.31,1,1270089,1269654,435
90961581,30.6354,29.9618,436,22280,0.491408,0.33,1,1270116,1269680,436
90964501,130.127,129.992,436,22375,0.554282,0.33,1,1270271,1269835,436
90967421,27.6254,27.5985,436,22470,0.566856,0.33,1,1270273,1269837,436
90970341,79.1251,79.1197,436,22564,0.601371,0.33,1,1270365,1269929,436
90973261,87.025,15.8239,525,22658,0.576274,0.45,1,1270454,1269929,525
90976181,43.005,68.7648,475,22752,0.619255,0.45,1,1270486,1270011,475
90979101,46.201,39.353,490,22845,0.611851,0.51,1,1270533,1270043,490
90982021,30.0402,44.6706,470,22938,0.61037,0.49,1,1270559,1270089,470
90984941,133.208,30.5341,602,23030,0.706074,0.57,1,1270718,1270116,602
90987861,28.2416,130.107,449,23122,0.725215,0.57,1,1270720,1270271,449
90990781,80.8483,27.6214,541,23214,0.729043,0.61,1,1270814,1270273,541
90993701,88.9697,79.1243,540,23305,0.745809,0.57,1,1270905,1270365,540
90996621,44.1939,87.0249,484,23396,0.717162,0.63,1,1270938,1270454,484
90999541,45.6388,43.005,498,23487,0.727432,0.61,1,1270984,1270486,498
91002461,30.7278,46.201,478,23577,0.761487,0.61,2,1271011,1270533,478
91005381,137.346,30.0402,616,23667,0.848297,0.73,2,1271175,1270559,616
91008301,29.0691,133.208,459,23757,0.865659,0.73,2,1271177,1270718,459
91011221,81.0138,28.2416,551,23846,0.885132,0.73,2,1271271,1270720,551
91014141,88.2028,80.8483,547,23935,0.905026,0.75,2,1271361,1270814,547
91017061,19.2406,88.9697,458,24024,0.909005,0.71,2,1271363,1270905,458
91107581,103,72,574,26623,0.63,1,1,1273261,1272687,574
91110501,45.4,92,508,26703,0.582,1,1,1273292,1272784,508
91113421,31.48,42.4,506,26782,0.5084,1,1,1273320,1272814,506
91116341,24.696,30.08,502,26861,0.41368,1,1,1273343,1272841,502
91119261,18.5392,30.016,489,26940,0.394736,1,1,1273360,1272871,489
91122181,29.3078,23.6032,499,27019,0.262947,1,1,1273392,1272893,499
91125101,121.062,136.721,478,27097,0.0525894,0.94,1,1273536,1273058,478
91128021,44.2123,55.3441,468,27175,0.0665179,0.91,1,1273561,1273093,468
91130941,56.8425,63.0688,463,27253,0.0133036,0.63,1,1273621,1273158,463
91133861,87.3685,95.0138,455,27331,0.0426607,0.57,1,1273716,1273261,455
91136781,37.4737,43.8028,449,27408,0.0485321,0.49,1,1273741,1273292,449
91139701,26.6947,31.1605,445,27485,0.0337064,0.39,1,1273765,1273320,445
91142621,20.5389,24.6321,441,27562,0.0627413,0.39,1,1273784,1273343,441
91145541,16.9078,18.5264,440,27639,0.0685483,0.23,1,1273800,1273360,440
91148461,25.7816,29.3053,436,27716,0.0697097,0,1,1273828,1273392,436
91151381,112.356,121.061,426,27792,0.0859419,0.07,1,1273962,1273536,426
91154301,39.2713,44.2122,422,27868,0.0731884,0,1,1273983,1273561,422
91157221,55.8543,56.8424,422,27944,0.0706377,0.05,1,1274043,1273621,422
91160141,88.7708,87.3685,424,28020,0.0541275,0.05,1,1274140,1273716,424
91163061,36.9542,37.4737,423,28096,0.0508255,0.03,1,1274164,1273741,423
91165981,25.7908,26.6947,422,28171,0.0341651,0.07,1,1274187,1273765,422
91168901,22.7582,20.5389,425,28246,0.014833,0.07,1,1274209,1273784,425
91171821,17.3516,16.9078,425,28321,0.0429666,0.07,1,1274225,1273800,425
91174741,24.2703,25.7816,423,28396,0.0485933,0.07,1,1274251,1273828,423
91177661,112.054,5.15631,557,28471,0.0817187,0.09,1,1274385,1273828,557
91180581,40.0108,108.231,445,28545,0.0883437,0.07,1,1274407,1273962,445
91183501,54.4022,38.4463,482,28619,0.0576687,0.07,1,1274465,1273983,482
91186421,87.6804,55.6893,518,28693,0.115534,0.05,1,1274561,1274043,518
91189341,38.3361,88.7378,447,28767,0.111107,0.05,1,1274587,1274140,447
91192261,24.4672,36.9476,444,28841,0.0942214,0.03,1,1274608,1274164,444
91195181,22.4934,25.7895,443,28914,0.106844,0.01,1,1274630,1274187,443
91198101,17.2987,22.7579,437,28987,0.109369,0.05,1,1274646,1274209,437
91201021,24.2597,17.3516,447,29060,0.109874,0.05,1,1274672,1274225,447
91203941,115.252,24.2703,559,29133,0.109975,0.09,1,1274810,1274251,559
91206861,40.6504,112.054,447,29206,0.141995,0.09,1,1274832,1274385,447
91209781,52.9301,40.0108,481,29278,0.164399,0.05,1,1274888,1274407,481
91212701,91.386,54.4022,524,29350,0.18488,0.13,1,1274989,1274465,524
91215621,37.4772,87.6804,452,29422,0.204976,0.11,1,1275013,1274561,452
91218541,23.4954,38.3361,446,29494,0.208995,0.09,1,1275033,1274587,446
91221461,23.0991,24.4672,448,29566,0.241799,0.11,1,1275056,1274608,448
91224381,17.4198,22.4934,442,29638,0.26436,0.11,1,1275072,1274630,442
91227301,25.084,17.2987,453,29709,0.268872,0.11,1,1275099,1274646,453
91230221,115.417,24.2597,565,29780,0.333774,0.11,1,1275237,1274672,565
91233141,24.6834,115.252,429,29851,0.346755,0.15,1,1275239,1274810,429
91236061,22.5367,40.6504,429,29922,0.381351,0.17,1,1275261,1274832,429
91238981,50.1073,52.9301,430,29993,0.37227,0.19,1,1275318,1274888,430
91241901,92.4215,91.386,432,30064,0.386454,0.21,1,1275421,1274989,432
91244821,37.6843,37.4772,432,30134,0.357291,0.21,1,1275445,1275013,432
91247741,23.5369,23.4954,432,30204,0.415458,0.25,1,1275465,1275033,432
91250661,25.5074,23.0991,435,30274,0.395092,0.27,1,1275491,1275056,435
91253581,17.9015,17.4198,435,30344,0.423018,0.27,1,1275507,1275072,435
91256501,26.7803,25.084,437,30414,0.412604,0.35,1,1275536,1275099,437
91259421,118.956,115.417,441,30484,0.474521,0.35,1,1275678,1275237,441
91262341,25.3912,24.6834,441,30553,0.486904,0.39,1,1275680,1275239,441
91265261,22.6782,22.5367,441,30622,0.505381,0.37,1,1275702,1275261,441
91268181,49.3356,50.1073,440,30691,0.573076,0.39,1,1275758,1275318,440
91271101,91.4671,92.4215,439,30760,0.602615,0.35,1,1275860,1275421,439
91274021,37.4934,37.6843,439,30829,0.624523,0.43,1,1275884,1275445,439
91276941,25.0987,23.5369,441,30898,0.644905,0.39,1,1275906,1275465,441
91279861,25.8197,25.5074,441,30966,0.664981,0.43,1,1275932,1275491,441
91282781,17.9639,17.9015,441,31034,0.700996,0.41,1,1275948,1275507,441
91285701,25.9928,26.7803,440,31102,0.708199,0.49,1,1275976,1275536,440
91288621,123.599,118.956,446,31170,0.70964,0.49,1,1276124,1275678,446
91291541,26.3197,25.3912,446,31238,0.709928,0.51,1,1276126,1275680,446
91294461,23.6639,22.6782,447,31306,0.725986,0.51,1,1276149,1275702,447
91297381,50.3328,4.53565,504,31374,0.681197,0.59,1,1276206,1275702,504
91300301,93.2666,45.7071,552,31441,0.720239,0.61,1,1276310,1275758,552
91303221,37.8533,90.7414,474,31508,0.744048,0.63,1,1276334,1275860,474
91306141,28.3707,37.3483,476,31575,0.74881,0.65,1,1276360,1275884,476
91309061,26.4741,25.0697,480,31642,0.829762,0.67,2,1276386,1275906,480
91311981,18.0948,25.8139,470,31709,0.845952,0.71,2,1276402,1275932,470
91314901,26.019,17.9628,482,31776,0.84919,0.71,2,1276430,1275948,482
91317821,123.604,25.9926,602,31843,0.881838,0.71,2,1276578,1275976,602
91320741,26.3208,123.599,456,31909,0.888368,0.71,2,1276580,1276124,456
91323661,24.4642,26.3197,478,31975,0.889674,0.73,2,1276604,1276126,478
91326581,50.4928,23.6639,512,32041,0.905935,0.67,2,1276661,1276149,512
91329501,94.8986,50.3328,561,32107,0.941187,0.73,2,1276767,1276206,561
91481341,30,37,513,35368,0.69,1,1,1279025,1278512,513
91484261,30,33.8,510,35428,0.722,1,1,1279055,1278545,510
91487181,81.2,26.76,579,35488,0.6804,1,1,1279149,1278570,579
91490101,42.64,94.952,500,35548,0.65608,1,1,1279182,1278682,500
91493021,36.528,44.5904,503,35607,0.715216,0.93,1,1279217,1278714,503
91495941,34.5056,33.7181,506,35666,0.727043,1,1,1279251,1278745,506
91498861,11.7011,35.5436,476,35725,0.729409,1,1,1279257,1278781,476
91501781,8.74022,18.3087,470,35784,0.729882,0.93,1,1279265,1278795,470
91504701,25.748,30.0617,467,35843,0.729976,0.9,1,1279295,1278828,467
91507621,27.5496,30.8123,464,35902,0.761995,0.79,2,1279323,1278859,464
91510541,63.1099,65.3625,462,35961,0.752399,0.67,2,1279395,1278933,462
91513461,57.422,62.6725,456,36020,0.71848,0.69,1,1279451,1278995,456
91516381,32.2844,36.5345,452,36079,0.727696,0.73,1,1279477,1279025,452
91519301,32.0569,31.3069,454,36138,0.713539,0.67,1,1279509,1279055,454
91522221,84.0114,81.4614,457,36196,0.774708,0.65,2,1279606,1279149,457
91525141,40.8023,42.6923,454,36254,0.786942,0.73,2,1279636,1279182,454
91528061,39.3605,36.5385,458,36312,0.741388,0.73,1,1279675,1279217,458
91530981,33.4721,34.5077,456,36370,0.796278,0.73,2,1279707,1279251,456
91533901,13.0944,11.7015,458,36428,0.807256,0.73,2,1279715,1279257,458
91536821,9.01888,8.74031,458,36486,0.809451,0.73,2,1279723,1279265,458
91539741,25.8038,25.7481,458,36544,0.82589,0.77,2,1279753,1279295,458
91542661,25.9608,27.5496,456,36602,0.829178,0.75,2,1279779,1279323,456
91545581,63.5922,63.1099,457,36660,0.829836,0.71,2,1279852,1279395,457
91548501,55.9184,57.422,455,36718,0.893967,0.73,2,1279906,1279451,455
91551421,32.7837,32.2844,456,36776,0.890793,0.71,2,1279933,1279477,456
91817141,38,30,552,41677,0.79,1,2,1283383,1282831,552
91860941,406,482,455,18980,0.23,0.33,1,1283881,1283426,455
91863861,202.8,186,495,19092,0.15,0.15,1,1284033,1283538,495
91866781,86.96,122.8,446,19203,0.15,0,1,1284091,1283645,446
91869701,68.592,67.76,456,19314,0.07,0.09,1,1284155,1283699,456
91872621,56.1184,62.352,448,19424,0.102,0.01,1,1284208,1283760,448
91875541,55.2237,76.4704,423,19533,0.0604,0.09,1,1284263,1283840,423
91878461,36.6447,33.6941,432,19642,0.05208,0.09,1,1284295,1283863,432
91881381,139.329,21.1388,579,19750,0.130416,0.13,1,1284460,1283881,579
91884301,73.4658,125.828,484,19857,0.162083,0.15,1,1284517,1284033,484
91887221,65.0932,71.5656,489,19964,0.168417,0.05,1,1284580,1284091,489
91890141,56.2186,65.5131,479,20070,0.201683,0.11,1,1284634,1284155,479
91893061,51.2437,55.5026,476,20176,0.224337,0.05,1,1284684,1284208,476
91895981,37.4487,55.1005,455,20281,0.196867,0.05,1,1284718,1284263,455
91898901,143.49,36.6201,593,20386,0.239373,0.15,1,1284888,1284295,593
91901821,75.8979,139.324,487,20490,0.263875,0.17,1,1284947,1284460,487
91904741,64.7796,73.4648,492,20594,0.300775,0.17,1,1285009,1284517,492
91907661,57.7559,65.093,485,20697,0.308155,0.21,1,1285065,1284580,485
91910581,52.3512,56.2186,482,20799,0.293631,0.23,1,1285116,1284634,482
91913501,36.0702,51.2437,464,20901,0.338726,0.19,1,1285148,1284684,464
91916421,145.614,37.4487,603,21002,0.379745,0.25,1,1285321,1284718,603
91919341,30.7228,143.49,435,21103,0.387949,0.27,1,1285323,1284888,435
91922261,54.1446,75.8979,436,21204,0.40559,0.31,1,1285383,1284947,436
91925181,61.2289,64.7796,437,21304,0.441118,0.31,1,1285446,1285009,437
91928101,57.0458,57.7559,437,21404,0.480224,0.29,1,1285502,1285065,437
91931021,51.4092,52.3512,436,21503,0.472045,0.35,1,1285552,1285116,436
91933941,38.2818,36.0702,439,21602,0.454409,0.39,1,1285587,1285148,439
91936861,148.456,145.614,442,21700,0.530882,0.39,1,1285763,1285321,442
91939781,31.2913,30.7228,442,21798,0.546176,0.41,1,1285765,1285323,442
91942701,54.2583,54.1446,442,21895,0.581235,0.45,1,1285825,1285383,442
91945621,61.2517,61.2289,442,21992,0.588247,0.49,1,1285888,1285446,442
91948541,58.6503,57.0458,444,22088,0.637649,0.47,1,1285946,1285502,444
91951461,52.5301,51.4092,445,22184,0.66353,0.45,1,1285997,1285552,445
91954381,37.706,38.2818,444,22280,0.668706,0.55,1,1286031,1285587,444
91957301,152.341,148.456,449,22375,0.765741,0.55,2,1286212,1285763,449
91960221,32.0682,31.2913,449,22470,0.785148,0.59,2,1286214,1285765,449
91963141,54.4136,54.2583,449,22564,0.82103,0.59,2,1286274,1285825,449
91966061,62.0827,10.8517,513,22658,0.828206,0.59,2,1286338,1285825,513
91968981,59.6165,52.5703,509,22752,0.877641,0.65,2,1286397,1285888,509
91971901,53.5233,56.9141,503,22845,0.903528,0.67,2,1286449,1285946,503
91974821,37.9047,52.1828,486,22938,0.908706,0.67,2,1286483,1285997,486
92074101,31,34,511,25895,0.51,1,1,1288643,1288132,511
92077021,62.2,32.4,549,25977,0.318,1,1,1288713,1288164,549
92079941,41.24,63.28,514,26059,0.1356,1,1,1288749,1288235,514
92082861,44.248,39.056,526,26140,0.05112,1,1,1288794,1288268,526
92085781,34.4496,45.4112,511,26221,0.018224,0.98,1,1288826,1288315,511
92088701,35.6899,37.8822,511,26302,0.0276448,1,1,1288862,1288351,511
92091621,141.538,41.1765,637,26383,0.061529,0.73,1,1289030,1288393,637
92094541,53.1076,155.435,484,26463,0.0363058,0.63,1,1289061,1288577,484
92097461,30.6215,59.0871,474,26543,0.0312612,0.51,1,1289086,1288612,474
92100381,54.1243,36.6174,503,26623,0.0942522,0.27,1,1289146,1288643,503
92103301,34.0249,63.3235,462,26703,0.0748504,0.09,1,1289175,1288713,462
92106221,38.805,41.4647,466,26782,0.0709701,0.03,1,1289215,1288749,466
92109141,34.161,44.2929,454,26861,0.022194,0.01,1,1289248,1288794,454
92112061,8.4322,34.4586,424,26940,0.0284388,0.03,1,1289250,1288826,424
92114981,28.8864,35.6917,422,27019,0.0136878,0.07,1,1289284,1288862,422
92117901,142.577,141.538,425,27097,0.0267376,0.03,1,1289455,1289030,425
92120821,51.7155,53.1077,423,27175,0.0453475,0.03,1,1289484,1289061,423
92123741,31.9431,30.6215,425,27253,0.0170695,0.11,1,1289511,1289086,425
92126661,55.1886,54.1243,426,27331,0.0434139,0.07,1,1289572,1289146,426
92129581,34.2377,34.0249,426,27408,0.0966828,0.07,1,1289601,1289175,426
92132501,38.8475,38.805,426,27485,0.139337,0.01,1,1289641,1289215,426
92135421,31.7695,34.161,423,27562,0.0838673,0.03,1,1289671,1289248,423
92138341,7.9539,8.4322,423,27639,0.0727735,0.01,1,1289673,1289250,423
92141261,27.9908,28.8864,422,27716,0.0145547,0.03,1,1289706,1289284,422
92144181,143.198,142.577,423,27792,0.0429109,0.05,1,1289878,1289455,423
92147101,51.0396,51.7155,422,27868,0.0485822,0.01,1,1289906,1289484,422
92150021,31.8079,31.9431,422,27944,0.0497164,0.05,1,1289933,1289511,422
92152941,56.7616,55.1886,424,28020,0.0979433,0.11,1,1289996,1289572,424
92155861,36.9523,34.2377,427,28096,0.155589,0.15,1,1290028,1289601,427
92158781,39.3905,38.8475,427,28171,0.183118,0.07,1,1290068,1289641,427
92161701,28.6781,31.7695,423,28246,0.204624,0.07,1,1290094,1289671,423
92164621,7.33562,7.9539,423,28321,0.208925,0,1,1290096,1289673,423
92167541,27.0671,27.9908,422,28396,0.145785,0,1,1290128,1289706,422
92170461,142.213,5.59816,593,28471,0.053157,0.05,1,1290299,1289706,593
92173381,50.8427,138.72,449,28545,0.0666314,0.05,1,1290327,1289878,449
92176301,31.7685,50.1439,448,28619,0.0533263,0.05,1,1290354,1289906,448
92179221,59.1537,31.6288,487,28693,0.0826653,0.11,1,1290420,1289933,487
92182141,40.6307,56.7258,460,28767,0.152533,0.17,1,1290456,1289996,460
92185061,40.9261,36.9452,469,28841,0.182507,0.19,1,1290497,1290028,469
92187981,28.9852,39.389,455,28914,0.188501,0.21,1,1290523,1290068,455
92190901,7.39705,28.6778,431,28987,0.1897,0.21,1,1290525,1290094,431
92193821,24.6794,7.33556,458,29060,0.18994,0.13,1,1290554,1290096,458
92196741,139.336,27.0671,594,29133,0.221988,0.03,1,1290722,1290128,594
92199661,51.0672,142.213,452,29206,0.260398,0.07,1,1290751,1290299,452
92202581,31.0134,50.8427,450,29278,0.28408,0.05,1,1290777,1290327,450
92205501,60.6027,31.7685,491,29350,0.288816,0.09,1,1290845,1290354,491
92208421,44.1205,59.1537,465,29422,0.273763,0.17,1,1290885,1290420,465
92211341,42.4241,40.6307,471,29494,0.254753,0.19,1,1290927,1290456,471
92214261,30.0848,40.9261,457,29566,0.266951,0.19,1,1290954,1290497,457
92217181,7.61696,28.9852,433,29638,0.26939,0.19,1,1290956,1290523,433
92220101,25.5234,7.39705,461,29709,0.285878,0.19,1,1290986,1290525,461
92223021,139.505,24.6794,600,29780,0.369176,0.23,1,1291154,1290554,600
92225941,29.5009,139.336,434,29851,0.385835,0.27,1,1291156,1290722,434
92228861,29.9002,51.0672,435,29922,0.437167,0.29,1,1291186,1290751,435
92231781,27.58,31.0134,436,29993,0.447433,0.29,1,1291213,1290777,436
92234701,59.916,60.6027,436,30064,0.465487,0.27,1,1291281,1290845,436
92237621,41.5832,44.1205,433,30134,0.453097,0.25,1,1291318,1290885,433
92240541,44.3166,42.4241,436,30204,0.450619,0.27,1,1291363,1290927,436
92243461,29.6633,30.0848,435,30274,0.482124,0.27,1,1291389,1290954,435
92246381,7.53267,7.61696,435,30344,0.488425,0.29,1,1291391,1290956,435
92249301,26.3065,25.5234,436,30414,0.473685,0.39,1,1291422,1290986,436
92252221,144.461,139.505,442,30484,0.550737,0.39,1,1291596,1291154,442
92255141,30.4923,29.5009,442,30553,0.566147,0.45,1,1291598,1291156,442
92258061,30.0985,29.9002,442,30622,0.601229,0.45,1,1291628,1291186,442
92260981,30.0197,27.58,445,30691,0.608246,0.47,1,1291658,1291213,445
92263901,60.4039,59.916,445,30760,0.625649,0.45,1,1291726,1291281,445
92266821,40.8808,41.5832,444,30829,0.62913,0.45,1,1291762,1291318,444
92269741,42.5762,44.3166,442,30898,0.645826,0.49,1,1291805,1291363,442
92272661,30.9152,29.6633,444,30966,0.697165,0.49,1,1291833,1291389,444
92275581,7.78305,7.53267,444,31034,0.723433,0.47,1,1291835,1291391,444
92278501,27.1566,26.3065,445,31102,0.744687,0.57,1,1291867,1291422,445
92281421,148.631,144.461,450,31170,0.812937,0.57,2,1292046,1291596,450
92284341,31.3263,30.4923,450,31238,0.826587,0.61,2,1292048,1291598,450
92287261,30.2653,30.0985,450,31306,0.813317,0.61,2,1292078,1291628,450
92290181,29.2531,6.01969,479,31374,0.826663,0.61,2,1292107,1291628,479
92293101,61.0506,25.2039,518,31441,0.829333,0.63,2,1292176,1291658,518
92296021,41.0101,59.4408,486,31508,0.829867,0.63,2,1292212,1291726,486
92298941,43.402,40.6882,494,31575,0.829973,0.65,2,1292256,1291762,494
92301861,35.0804,42.5376,484,31642,0.877995,0.71,2,1292289,1291805,484
92304781,8.61608,30.9075,458,31709,0.887599,0.73,2,1292291,1291833,458
92442021,37,31,511,34704,0.79,1,2,1294487,1293976,511
92444941,35.4,22.2,526,34765,0.694,1,1,1294522,1293996,526
92447861,33.48,29.24,528,34826,0.6108,1,1,1294555,1294027,528
92450781,31.496,38.648,518,34887,0.57816,1,1,1294586,1294068,518
92453701,18.2992,33.3296,501,34948,0.603632,1,1,1294601,1294100,501
92456621,28.4598,22.6659,512,35008,0.592726,1,1,1294632,1294120,512
92459541,28.892,30.9332,508,35068,0.606545,1,1,1294661,1294153,508
92462461,34.5784,34.9866,508,35128,0.593309,1,1,1294697,1294189,508
92465381,26.1157,30.9973,502,35188,0.542662,1,1,1294721,1294219,502
92468301,122.023,32.5995,615,35248,0.452532,0.77,1,1294867,1294252,615
92471221,58.0046,125.72,508,35308,0.418506,0.85,1,1294909,1294401,508
92474141,42.8009,64.344,498,35368,0.475701,0.79,1,1294948,1294450,498
92477061,34.1602,42.4688,493,35428,0.48714,0.67,1,1294980,1294487,493
92479981,28.432,36.4938,485,35488,0.505428,0.59,1,1295007,1294522,485
92482901,30.4864,33.6988,483,35548,0.493086,0.57,1,1295038,1294555,483
92485821,16.4973,31.5398,465,35607,0.474617,0.61,1,1295051,1294586,465
92488741,26.4995,18.3079,479,35666,0.502923,0.59,1,1295080,1294601,479
92491661,6.89989,28.4616,450,35725,0.508585,0.61,1,1295082,1294632,450
92494581,25.38,28.8923,451,35784,0.557717,0.59,1,1295112,1294661,451
92497501,31.476,34.5785,448,35843,0.567543,0.53,1,1295145,1294697,448
92500421,26.2952,26.1157,449,35902,0.585509,0.43,1,1295170,1294721,449
92503341,118.859,122.023,445,35961,0.637102,0.41,1,1295312,1294867,445
92506261,53.3718,58.0046,440,36020,0.63142,0.49,1,1295349,1294909,440
92509181,45.8744,42.8009,445,36079,0.598284,0.49,1,1295393,1294948,445
92512101,35.5749,34.1602,446,36138,0.639657,0.51,1,1295426,1294980,446
92515021,29.515,28.432,447,36196,0.647931,0.49,1,1295454,1295007,447
92517941,29.903,30.4864,446,36254,0.649586,0.47,1,1295484,1295038,446
92520861,15.5806,16.4973,445,36312,0.649917,0.51,1,1295496,1295051,445
92523781,28.7161,26.4995,448,36370,0.649983,0.51,1,1295528,1295080,448
92526701,7.34322,6.89989,448,36428,0.649997,0.57,1,1295530,1295082,448
92529621,25.4686,25.38,448,36486,0.649999,0.57,1,1295560,1295112,448
92532541,31.4937,31.476,448,36544,0.714,0.59,1,1295593,1295145,448
92535461,27.0987,26.2952,449,36602,0.6948,0.65,1,1295619,1295170,449
92538381,119.82,118.859,450,36660,0.77096,0.63,2,1295762,1295312,450
92541301,54.3639,53.3718,451,36718,0.834192,0.59,2,1295800,1295349,451
92544221,45.2728,45.8744,450,36776,0.830838,0.65,2,1295843,1295393,450
92547141,37.0546,35.5749,452,36833,0.910168,0.65,2,1295878,1295426,452
92761761,99,121,456,18482,0,0.11,1,1298739,1298283,456
92764681,73.4,65,472,18597,0.024,0.05,1,1298806,1298334,472
92767601,61.88,73.8,455,18711,0.0128,0.09,1,1298865,1298410,455
92770521,47.576,54.76,449,18824,0.10656,0.05,1,1298909,1298460,449
92773441,22.3152,36.552,433,18937,0.093312,0.03,1,1298925,1298492,433
92776361,114.863,125.71,423,19049,0.0586624,0,1,1299063,1298640,423
92779281,102.173,104.342,423,19160,0.0117325,0.03,1,1299162,1298739,423
92782201,74.0345,74.4684,423,19271,0.0103465,0.01,1,1299229,1298806,423
92785121,62.8069,62.0937,424,19381,0.0260693,0.13,1,1299289,1298865,424
92788041,50.9614,47.6187,428,19490,0.0612139,0.09,1,1299337,1298909,428
92790961,18.9923,22.3237,423,19599,0.0842428,0.09,1,1299348,1298925,423
92793881,112.598,4.46475,559,19707,0.104849,0.05,1,1299484,1298925,559
92796801,102.52,111.293,521,19815,0.14097,0,1,1299584,1299063,521
92799721,73.3039,101.459,488,19922,0.132194,0.01,1,1299650,1299162,488
92802641,62.6608,73.8917,481,20028,0.0504388,0.03,1,1299710,1299229,481
92805561,53.3322,62.7783,472,20134,0.0660878,0.07,1,1299761,1299289,472
92808481,18.6664,50.9557,434,20239,0.0852176,0.09,1,1299771,1299337,434
92811401,114.933,18.9911,562,20344,0.153044,0.11,1,1299910,1299348,562
92814321,105.387,112.598,529,20448,0.230609,0.15,1,1300013,1299484,529
92817241,72.2773,102.52,493,20552,0.214122,0.13,1,1300077,1299584,493
92820161,57.6555,73.3039,481,20655,0.242824,0.03,1,1300131,1299650,481
92823081,55.5311,62.6608,476,20758,0.232565,0.07,1,1300186,1299710,476
92826001,19.1062,53.3322,435,20860,0.230513,0.09,1,1300196,1299761,435
92828921,119.021,18.6664,569,20962,0.230103,0.17,1,1300340,1299771,569
92831841,25.4042,114.933,432,21063,0.230021,0.25,1,1300342,1299910,432
92834761,87.4809,105.387,432,21164,0.246004,0.21,1,1300445,1300013,432
92837681,68.6962,72.2773,432,21264,0.281201,0.25,1,1300509,1300077,432
92840601,56.9392,57.6555,432,21364,0.33624,0.23,1,1300563,1300131,432
92843521,56.1878,55.5311,433,21463,0.379248,0.23,1,1300619,1300186,433
92846441,19.2376,19.1062,433,21562,0.40385,0.23,1,1300629,1300196,433
92849361,120.648,119.021,435,21660,0.44077,0.23,1,1300775,1300340,435
92852281,25.7295,25.4042,435,21758,0.448154,0.25,1,1300777,1300342,435
92855201,86.7459,87.4809,434,21855,0.481631,0.29,1,1300879,1300445,434
92858121,70.9492,68.6962,437,21952,0.536326,0.35,1,1300946,1300509,437
92861041,58.9898,56.9392,439,22049,0.547265,0.39,1,1301002,1300563,439
92863961,58.998,56.1878,442,22145,0.533453,0.41,1,1301061,1300619,442
92866881,20.5996,19.2376,443,22241,0.546691,0.45,1,1301072,1300629,443
92869801,122.52,120.648,445,22336,0.597338,0.45,1,1301220,1300775,445
92872721,26.104,25.7295,445,22431,0.607468,0.49,1,1301222,1300777,445
92875641,87.6208,86.7459,446,22526,0.641494,0.49,1,1301325,1300879,446
92878561,72.7242,17.3492,515,22620,0.648299,0.55,1,1301394,1300879,515
92881481,59.3448,57.0698,504,22714,0.69766,0.55,1,1301450,1300946,504
92884401,58.269,56.214,506,22807,0.755532,0.53,2,1301508,1301002,506
92887321,19.6538,58.4428,457,22900,0.767106,0.55,2,1301518,1301061,457
92890241,124.731,20.4886,597,22993,0.849421,0.61,2,1301669,1301072,597
92893161,26.5462,122.498,451,23085,0.881884,0.61,2,1301671,1301220,451
93004121,131,25,614,26348,0.53,1,1,1304036,1303422,614
93007041,51.8,115.4,508,26428,0.45,1,1,1304068,1303560,508
93009961,76.76,51.88,555,26508,0.274,1,1,1304151,1303596,555
93012881,60.952,68.776,539,26588,0.1748,1,1,1304208,1303669,539
93015801,72.1904,70.5552,543,26668,0.04296,0.97,1,1304283,1303740,543
93018721,39.2381,71.711,502,26747,0.048592,0.95,1,1304314,1303812,502
93021641,29.4476,39.9422,497,26826,0.0177184,0.92,1,1304341,1303844,497
93024561,29.8895,31.9884,497,26905,0.0435437,0.9,1,1304371,1303874,497
93027481,7.5779,31.1977,468,26984,0.0487087,0.53,1,1304373,1303905,468
93030401,87.9156,111.04,445,27062,0.0657417,0.43,1,1304481,1304036,445
93033321,40.7831,47.8079,442,27140,0.165148,0.23,1,1304510,1304068,442
93036241,66.5566,75.9616,432,27218,0.18503,0.15,1,1304583,1304151,432
93039161,55.7113,60.7923,428,27296,0.237006,0.01,1,1304636,1304208,428
93042081,67.1423,72.1585,423,27374,0.199401,0.05,1,1304706,1304283,423
93045001,38.2285,39.2317,423,27451,0.14388,0.01,1,1304737,1304314,423
93047921,29.2457,29.4463,423,27528,0.148776,0.05,1,1304764,1304341,423
93050841,30.6491,29.8893,424,27605,0.197755,0.05,1,1304795,1304371,424
93053761,7.72983,7.57785,424,27682,0.207551,0.07,1,1304797,1304373,424
93056681,88.746,87.9156,425,27759,0.27351,0.19,1,1304906,1304481,425
93059601,44.1492,40.7831,429,27835,0.238702,0.19,1,1304939,1304510,429
93062521,67.2298,66.5566,429,27911,0.24774,0.25,1,1305012,1304583,429
93065441,58.246,55.7113,432,27987,0.361548,0.19,1,1305068,1304636,432
93068361,65.2492,67.1423,429,28063,0.40031,0.13,1,1305135,1304706,429
93071281,37.0498,38.2285,428,28138,0.376062,0.15,1,1305165,1304737,428
93074201,29.01,29.2457,428,28213,0.403212,0.21,1,1305192,1304764,428
93077121,32.202,30.6491,430,28288,0.440642,0.21,1,1305225,1304795,430
93080041,8.0404,7.72983,430,28363,0.448128,0.21,1,1305227,1304797,430
93082961,91.2081,1.54597,542,28438,0.497626,0.29,1,1305339,1304797,542
93085881,43.8416,87.5092,465,28512,0.507525,0.23,1,1305371,1304906,465
93088801,68.7683,43.9018,507,28586,0.541505,0.25,1,1305446,1304939,507
93091721,61.7537,67.1804,494,28660,0.548301,0.39,1,1305506,1305012,494
93094641,66.7507,58.2361,506,28734,0.58166,0.41,1,1305574,1305068,506
93097561,38.1501,65.2472,470,28808,0.572332,0.37,1,1305605,1305135,470
93100481,30.03,37.0494,468,28881,0.618466,0.41,1,1305633,1305165,468
93103401,34.006,29.0099,476,28954,0.627693,0.45,1,1305668,1305192,476
93106321,8.4012,32.202,445,29027,0.629539,0.45,1,1305670,1305225,445
93109241,93.6802,8.0404,558,29100,0.677908,0.51,1,1305785,1305227,558
93112161,44.336,91.2081,478,29173,0.687582,0.51,1,1305817,1305339,478
93115081,72.0672,43.8416,525,29246,0.721516,0.55,1,1305896,1305371,525
93118001,62.4134,68.7683,510,29318,0.744303,0.55,1,1305956,1305446,510
93120921,66.8827,61.7537,518,29390,0.716861,0.59,1,1306024,1305506,518
93123841,38.9765,66.7507,482,29462,0.727372,0.57,1,1306056,1305574,482
93126761,30.9953,38.1501,480,29534,0.713474,0.63,1,1306085,1305605,480
93129681,34.9991,30.03,488,29606,0.726695,0.63,1,1306121,1305633,488
93132601,8.59981,34.006,455,29677,0.729339,0.63,1,1306123,1305668,455
93135521,95.32,8.4012,570,29748,0.713868,0.69,1,1306240,1305670,570
93138441,44.664,93.6802,487,29819,0.726774,0.69,1,1306272,1305785,487
93141361,10.5328,44.336,457,29890,0.729355,0.73,1,1306274,1305817,457
93144281,66.9066,72.0672,459,29961,0.809871,0.75,2,1306355,1305896,459
93147201,59.7813,62.4134,457,30032,0.841974,0.71,2,1306413,1305956,457
93150121,66.3563,66.8827,457,30102,0.864395,0.73,2,1306481,1306024,457
93153041,39.6713,38.9765,458,30172,0.900879,0.71,2,1306514,1306056,458
93155961,31.1343,30.9953,458,30242,0.892176,0.73,2,1306543,1306085,458
93158881,33.4269,34.9991,456,30312,0.890435,0.73,2,1306577,1306121,456
93161801,8.28537,8.59981,456,30382,0.890087,0.71,2,1306579,1306123,456
93281521,33,23,515,33117,0.73,1,1,1308524,1308009,515
93284441,80.2,95,494,33181,0.602,1,1,1308616,1308122,494
93287361,40.84,47.8,489,33245,0.4964,1,1,1308647,1308158,489
93290281,26.568,39.96,474,33309,0.50728,0.93,1,1308670,1308196,474
93293201,49.3136,43.192,485,33372,0.557456,1,1,1308725,1308240,485
93296121,36.2627,39.8384,479,33435,0.471491,0.83,1,1308758,1308279,479
93299041,26.4525,33.5677,471,33498,0.470298,1,1,1308782,1308311,471
93301961,58.8905,60.3135,471,33561,0.42206,0.97,1,1308849,1308378,471
93304881,34.9781,38.4627,467,33624,0.428412,0.73,1,1308878,1308411,467
93307801,36.5956,42.8925,460,33687,0.397682,0.79,1,1308915,1308455,460
93310721,34.5191,37.3785,458,33750,0.423536,0.73,1,1308949,1308491,458
93313641,30.9038,33.8757,455,33813,0.396707,0.57,1,1308979,1308524,455
93316561,75.7808,80.3751,450,33876,0.439341,0.47,1,1309066,1308616,450
93319481,38.3562,40.875,448,33938,0.447868,0.51,1,1309095,1308647,448
93322401,23.6712,26.575,445,34000,0.481574,0.57,1,1309115,1308670,445
93325321,52.7342,49.315,450,34062,0.488315,0.45,1,1309175,1308725,450
93328241,36.9468,36.263,450,34124,0.521663,0.47,1,1309208,1308758,450
93331161,22.5894,26.4526,445,34186,0.608333,0.41,1,1309227,1308782,445
93334081,55.7179,58.8905,442,34248,0.593667,0.41,1,1309291,1308849,442
93337001,35.1436,11.7781,472,34310,0.590733,0.43,1,1309321,1308849,472
93339921,34.2287,25.5556,477,34372,0.622147,0.39,1,1309355,1308878,477
93342841,35.6457,34.7111,476,34434,0.644429,0.43,1,1309391,1308915,476
93345761,30.3291,34.1422,471,34495,0.632886,0.39,1,1309420,1308949,471
93348681,77.2658,30.8284,530,34556,0.678577,0.45,1,1309509,1308979,530
93351601,38.6532,75.7657,472,34617,0.671715,0.45,1,1309538,1309066,472
93354521,23.7306,38.3531,463,34678,0.670343,0.49,1,1309558,1309095,463
93357441,54.3461,23.6706,505,34739,0.686069,0.49,1,1309620,1309115,505
93360361,40.4692,52.7341,482,34800,0.769214,0.53,2,1309657,1309175,482
93363281,24.0938,36.9468,469,34861,0.753843,0.63,2,1309677,1309208,469
93366201,56.0188,22.5894,514,34922,0.750768,0.59,2,1309741,1309227,514
93369121,36.8038,55.7179,482,34983,0.766154,0.59,2,1309773,1309291,482
93372041,34.5608,35.1436,486,35043,0.817231,0.63,2,1309807,1309321,486
93374961,36.5122,34.2287,489,35103,0.843446,0.65,2,1309844,1309355,489
93377881,31.3024,35.6457,483,35163,0.848689,0.63,2,1309874,1309391,483
93380801,78.2605,30.3291,544,35223,0.865738,0.69,2,1309964,1309420,544
93383721,38.0521,77.2658,483,35283,0.869148,0.67,2,1309992,1309509,483
93386641,23.6104,38.6532,474,35343,0.88583,0.67,2,1310012,1309538,474
93389561,56.7221,23.7306,519,35403,0.873166,0.69,2,1310077,1309558,519
93392481,41.7444,54.3461,495,35463,0.854633,0.79,2,1310115,1309620,495
93395401,24.3489,40.4692,478,35523,0.850927,0.75,2,1310135,1309657,478
93398321,56.8698,24.0938,523,35583,0.882185,0.75,2,1310200,1309677,523
93401241,37.774,56.0188,492,35642,0.888437,0.77,2,1310233,1309741,492
93404161,9.15479,36.8038,462,35701,0.889687,0.83,2,1310235,1309773,462
93407081,29.831,34.5608,463,35760,0.937937,0.85,2,1310270,1309807,463
93410001,36.3662,36.5122,464,35819,0.947587,0.85,2,1310308,1309844,464
93579361,37,36,491,39093,0.55,1,1,1312617,1312126,491
93582281,33,41.6,480,39147,0.502,1,1,1312649,1312169,480
93585201,28.2,30.72,479,39201,0.4284,1,1,1312676,1312197,479
93588121,42.44,36.544,487,39255,0.28568,1,1,1312722,1312235,487
93591041,33.288,32.9088,486,39309,0.177136,1,1,1312753,1312267,486
93593961,25.0576,18.5818,494,39363,0.187427,1,1,1312776,1312282,494
93596881,41.0115,42.1164,491,39417,0.0774854,1,1,1312821,1312330,491
93599801,25.8023,34.0233,481,39471,0.0714971,0.95,1,1312843,1312362,481
93602721,34.7605,43.6047,472,39525,0.0382994,1,1,1312880,1312408,472
93605641,44.5521,35.9209,485,39578,0.0796599,1,1,1312927,1312442,485
93608561,32.1104,40.7842,472,39631,0.087932,0.88,1,1312956,1312484,472
93611481,24.8221,32.9568,464,39684,0.0895864,0.65,1,1312979,1312515,464
93614401,44.9644,58.5914,449,39737,0.121917,0.55,1,1313029,1312580,449
93617321,32.9929,41.3183,442,39790,0.0803834,0.49,1,1313059,1312617,442
93620241,30.5986,33.8637,440,39843,0.120077,0.41,1,1313089,1312649,440
93623161,25.3197,28.3727,437,39896,0.0800153,0.25,1,1313113,1312676,437
93626081,40.2639,42.4745,435,39949,0.184003,0.15,1,1313157,1312722,435
93629001,26.4528,33.2949,427,40002,0.188801,0.19,1,1313180,1312753,427
93631921,24.4906,25.059,428,40055,0.18976,0.05,1,1313204,1312776,428
93634841,36.0981,41.0118,422,40108,0.205952,0.05,1,1313243,1312821,422
93637761,24.0196,8.20236,443,40161,0.16119,0.07,1,1313264,1312821,443
93640681,36.8039,19.2405,461,40214,0.0882381,0.03,1,1313304,1312843,461
93643601,48.1608,33.4481,475,40267,0.0576476,0.09,1,1313355,1312880,475
93646521,29.6322,44.2896,453,40319,0.0995295,0.09,1,1313380,1312927,453
93649441,24.3264,32.0579,447,40371,0.107906,0.09,1,1313403,1312956,447
93652361,45.6653,24.8116,475,40423,0.157581,0.13,1,1313454,1312979,475
93655281,32.3331,44.9623,454,40475,0.151516,0.07,1,1313483,1313029,454
93658201,32.0666,32.9925,456,40527,0.150303,0.13,1,1313515,1313059,456
93661121,24.8133,30.5985,449,40579,0.150061,0.07,1,1313538,1313089,449
93664041,41.7627,25.3197,471,40631,0.150012,0.21,1,1313584,1313113,471
93666961,27.5525,40.2639,451,40683,0.150002,0.19,1,1313608,1313157,451
93669881,26.3105,26.4528,454,40735,0.166,0.19,1,1313634,1313180,454
93672801,35.6621,24.4906,468,40787,0.1692,0.21,1,1313672,1313204,468
93675721,23.9324,36.0981,450,40839,0.15384,0.15,1,1313693,1313243,450
93678641,32.7865,24.0196,464,40891,0.166768,0.07,1,1313728,1313264,464
93681561,47.3573,36.8039,475,40943,0.169354,0.05,1,1313779,1313304,475
93684481,31.0715,48.1608,451,40995,0.217871,0.11,1,1313806,1313355,451
93687401,26.2143,29.6322,451,41046,0.243574,0.11,1,1313831,1313380,451
93690321,46.8429,24.3264,480,41097,0.248715,0.17,1,1313883,1313403,480
93693241,31.7686,45.6653,457,41148,0.265743,0.15,1,1313911,1313454,457
93696161,31.9537,32.3331,460,41199,0.285149,0.15,1,1313943,1313483,460
93699081,24.7907,32.0666,451,41250,0.27303,0.15,1,1313966,1313515,451
93702001,41.7581,24.8133,474,41301,0.286606,0.15,1,1314012,1313538,474
93704921,27.5516,41.7627,452,41352,0.305321,0.15,1,1314036,1313584,452
93707841,27.1103,27.5525,455,41403,0.293064,0.17,1,1314063,1313608,455
93710761,35.8221,26.3105,467,41454,0.306613,0.17,1,1314101,1313634,467
93713681,23.9644,35.6621,450,41505,0.325323,0.15,1,1314122,1313672,450
93716601,6.39288,23.9324,431,41556,0.329065,0.17,1,1314124,1313693,431
93719521,29.2786,32.7865,431,41607,0.313813,0.17,1,1314159,1313728,431
93722441,47.4557,47.3573,432,41658,0.310763,0.23,1,1314211,1313779,432
93725361,31.8911,31.0715,433,41709,0.358153,0.25,1,1314239,1313806,433
93728281,27.1782,26.2143,434,41760,0.367631,0.25,1,1314265,1313831,434
93731201,47.8356,46.8429,435,41811,0.385526,0.27,1,1314318,1313883,435
93734121,31.9671,31.7686,435,41861,0.421105,0.29,1,1314346,1313911,435
93737041,32.7934,31.9537,436,41911,0.460221,0.27,1,1314379,1313943,436
93739961,24.1587,24.7907,435,41961,0.468044,0.29,1,1314401,1313966,435
93742881,43.2317,41.7581,437,42011,0.437609,0.31,1,1314449,1314012,437
93745801,27.8463,27.5516,437,42061,0.463522,0.29,1,1314473,1314036,437
93748721,26.3693,27.1103,436,42111,0.468704,0.31,1,1314499,1314063,436
93751641,36.4739,35.8221,437,42161,0.501741,0.33,1,1314538,1314101,437
93754561,23.2948,23.9644,436,42211,0.508348,0.33,1,1314558,1314122,436
93757481,6.25895,6.39288,436,42261,0.47767,0.31,1,1314560,1314124,436
93760401,28.4518,29.2786,435,42311,0.487534,0.31,1,1314594,1314159,435
93763321,49.6904,47.4557,438,42361,0.569507,0.37,1,1314649,1314211,438
93766241,32.3381,31.8911,438,42411,0.585901,0.37,1,1314677,1314239,438
93769161,27.2676,27.1782,438,42461,0.58918,0.39,1,1314703,1314265,438
93772081,50.2535,47.8356,441,42511,0.653836,0.43,1,1314759,1314318,441
93775001,34.8507,31.9671,444,42561,0.650767,0.47,1,1314790,1314346,444
93777921,32.5701,32.7934,443,42611,0.666153,0.47,1,1314822,1314379,443
93780841,24.114,24.1587,443,42661,0.637231,0.43,1,1314844,1314401,443
93783761,43.2228,43.2317,443,42710,0.647446,0.47,1,1314892,1314449,443
93786681,27.8446,27.8463,443,42759,0.681489,0.47,1,1314916,1314473,443
93789601,27.1689,26.3693,444,42808,0.704298,0.51,1,1314943,1314499,444
93792521,37.4338,36.4739,445,42857,0.75686,0.51,2,1314983,1314538,445
93795441,23.4868,23.2948,445,42906,0.735372,0.47,1,1315003,1314558,445
93798361,6.29735,6.25895,445,42955,0.731074,0.49,1,1315005,1314560,445
93801281,29.2595,28.4518,446,43004,0.762215,0.49,2,1315040,1314594,446
93804201,53.0519,5.69036,505,43053,0.800443,0.59,2,1315099,1314594,505
93807121,33.0104,45.1381,478,43102,0.824089,0.59,2,1315127,1314649,478
93810041,27.4021,31.4276,476,43151,0.828818,0.59,2,1315153,1314677,476
93812961,51.8804,27.0855,508,43200,0.845764,0.67,2,1315211,1314703,508
93815881,35.1761,50.2171,483,43249,0.865153,0.65,2,1315242,1314759,483
93818801,32.6352,34.8434,484,43298,0.885031,0.67,2,1315274,1314790,484
93821721,24.127,32.5687,474,43347,0.905006,0.63,2,1315296,1314822,474
93824641,44.0254,24.1137,501,43396,0.941001,0.65,2,1315345,1314844,501
93827561,28.8051,43.2227,478,43445,0.9322,0.69,2,1315370,1314892,478
93830481,29.761,27.8445,484,43494,0.93044,0.71,2,1315400,1314916,484
94040721,35,34,531,46856,0.75,1,2,1317734,1317203,531
94043641,35,54,507,46901,0.67,1,1,1317769,1317262,507
94046561,43,34.8,522,46946,0.494,1,1,1317814,1317292,522
94049481,37.4,36.56,521,46991,0.3628,1,1,1317850,1317329,521
94052401,33.08,33.712,520,47036,0.27256,1,1,1317882,1317362,520
94055321,31.416,25.9424,527,47081,0.222512,1,1,1317913,1317386,527
94058241,30.2832,35.5885,519,47126,0.132502,1,1,1317943,1317424,519
94061161,33.2566,33.5177,520,47171,0.0665005,1,1,1317977,1317457,520
94064081,26.6513,29.9035,516,47216,0.0853001,1,1,1318002,1317486,516
94067001,29.3303,28.3807,518,47261,0.05706,0.97,1,1318032,1317514,518
94069921,25.0661,36.8761,503,47306,0.051412,0.95,1,1318056,1317553,503
94072841,22.6132,31.3752,495,47351,0.0342824,1,1,1318078,1317583,495
94075761,7.72264,26.275,474,47396,0.0308565,1,1,1318082,1317608,474
94078681,22.3445,31.655,467,47440,0.0461713,0.89,1,1318108,1317641,467
94081601,29.2689,33.531,464,47484,0.00923426,0.77,1,1318139,1317675,464
94084521,22.6538,25.9062,461,47528,0.0418469,0.75,1,1318160,1317699,461
94087441,27.7308,33.1812,455,47572,0.00836937,0.65,1,1318189,1317734,455
94090361,31.9462,34.6362,453,47616,0.0576739,0.45,1,1318222,1317769,453
94093281,36.7892,42.9272,446,47660,0.0515348,0.33,1,1318260,1317814,446
94096201,31.3578,37.3855,440,47704,0.050307,0.25,1,1318290,1317850,440
94099121,27.0716,33.0771,434,47748,0.0820614,0.21,1,1318316,1317882,434
94102041,27.0143,31.4154,430,47792,0.0884123,0.11,1,1318343,1317913,430
94104961,28.6029,30.2831,429,47836,0.105682,0.05,1,1318372,1317943,429
94107881,30.5206,33.2566,426,47880,0.109136,0.09,1,1318403,1317977,426
94110801,25.3041,26.6513,425,47924,0.109827,0.05,1,1318427,1318002,425
94113721,26.6608,29.3303,422,47968,0.125965,0.05,1,1318454,1318032,422
94116641,24.5322,25.0661,422,48012,0.0651931,0.03,1,1318478,1318056,422
94119561,22.5064,22.6132,422,48056,0.0530386,0.03,1,1318500,1318078,422
94122481,7.70129,7.72264,422,48100,0.0506077,0.05,1,1318504,1318082,422
94125401,22.3403,22.3445,422,48144,0.0501215,0,1,1318530,1318108,422
94128321,30.0681,29.2689,423,48188,0.0180243,0.05,1,1318562,1318139,423
94131241,24.4136,22.6538,425,48232,0.0276049,0,1,1318585,1318160,425
94134161,25.6827,27.7308,422,48276,0.029521,0.07,1,1318611,1318189,422
94137081,33.1365,31.9462,424,48320,0.0779042,0.05,1,1318646,1318222,424
94140001,37.8273,36.7892,425,48364,0.119581,0.05,1,1318685,1318260,425
94142921,29.1655,31.3578,422,48408,0.143916,0.09,1,1318712,1318290,422
94145841,30.6331,27.0716,427,48452,0.132783,0.09,1,1318743,1318316,427
94148761,25.3266,27.0143,424,48495,0.130557,0.11,1,1318767,1318343,424
94151681,30.6653,28.6029,427,48538,0.162111,0.11,1,1318799,1318372,427
94154601,30.9331,30.5206,427,48581,0.216422,0.11,1,1318830,1318403,427
94157521,25.3866,25.3041,427,48624,0.243284,0.13,1,1318854,1318427,427
94160441,27.4773,26.6608,428,48667,0.232657,0.05,1,1318882,1318454,428
94163361,21.4955,24.5322,424,48710,0.230531,0.05,1,1318902,1318478,424
94166281,20.2991,22.5064,422,48753,0.262106,0.05,1,1318922,1318500,422
94169201,7.25982,7.70129,422,48796,0.236421,0.05,1,1318926,1318504,422
94172121,23.852,22.3403,424,48839,0.199284,0.05,1,1318954,1318530,424
94175041,27.9704,4.46805,453,48882,0.175857,0.01,1,1318983,1318530,453
94177961,24.7941,26.4936,445,48925,0.171171,0.03,1,1319007,1318562,445
94180881,26.5588,23.6987,449,48968,0.202234,0.03,1,1319034,1318585,449
94183801,33.3118,25.5397,458,49011,0.240447,0.09,1,1319069,1318611,458
94186721,39.4624,33.1079,464,49054,0.232089,0.13,1,1319110,1318646,464
94189641,30.2925,37.8216,453,49097,0.246418,0.15,1,1319138,1318685,453
94192561,30.0585,29.1643,456,49140,0.281284,0.13,1,1319168,1318712,456
94195481,25.2117,30.6329,449,49183,0.288257,0.13,1,1319192,1318743,449
94198401,32.2423,25.3266,459,49226,0.273651,0.17,1,1319226,1318767,459
94201321,33.6485,30.6653,461,49269,0.31873,0.23,1,1319260,1318799,461
94204241,26.7297,30.9331,455,49312,0.311746,0.25,1,1319285,1318830,455
94207161,28.5459,25.3866,460,49355,0.326349,0.23,1,1319314,1318854,460
94210081,21.7092,27.4773,452,49398,0.32927,0.23,1,1319334,1318882,452
94213001,18.7418,21.4955,450,49441,0.329854,0.27,1,1319352,1318902,450
94215921,6.94837,20.2991,434,49484,0.329971,0.23,1,1319356,1318922,434
94218841,23.7897,7.25982,458,49527,0.329994,0.19,1,1319384,1318926,458
94221761,27.1579,23.852,458,49570,0.329999,0.17,1,1319412,1318954,458
94224681,25.4316,27.9704,454,49613,0.314,0.17,1,1319437,1318983,454
94227601,27.4863,24.7941,458,49655,0.3268,0.21,1,1319465,1319007,458
94230521,35.0973,26.5588,468,49697,0.31336,0.25,1,1319502,1319034,468
94233441,39.0195,33.3118,473,49739,0.342672,0.23,1,1319542,1319069,473
94236361,32.6039,39.4624,463,49781,0.364534,0.25,1,1319573,1319110,463
94239281,30.5208,30.2925,465,49823,0.432907,0.29,1,1319603,1319138,465
94242201,26.1042,30.0585,460,49865,0.430581,0.29,1,1319628,1319168,460
94245121,30.8208,25.2117,468,49907,0.462116,0.27,1,1319660,1319192,468
94248041,35.7642,32.2423,471,49949,0.452423,0.33,1,1319697,1319226,471
94250961,26.3528,33.6485,461,49991,0.466485,0.31,1,1319721,1319260,461
94253881,29.2706,26.7297,466,50033,0.485297,0.33,1,1319751,1319285,466
94256801,21.8541,28.5459,457,50075,0.489059,0.33,1,1319771,1319314,457
94259721,18.7708,21.7092,455,50117,0.505812,0.33,1,1319789,1319334,455
94262641,6.95416,18.7418,441,50159,0.525162,0.33,1,1319793,1319352,441
94265561,23.7908,6.94837,465,50201,0.545032,0.33,1,1319821,1319356,465
94268481,27.1582,23.7897,465,50243,0.549007,0.33,1,1319849,1319384,465
94271401,24.6316,27.1579,461,50285,0.565801,0.31,1,1319873,1319412,461
94274321,6.52633,25.4316,438,50327,0.56916,0.33,1,1319875,1319437,438
94277241,23.7053,27.4863,438,50369,0.569832,0.31,1,1319903,1319465,438
94280161,35.1411,35.0973,439,50411,0.601966,0.35,1,1319941,1319502,439
94283081,39.8282,39.0195,440,50453,0.592393,0.37,1,1319982,1319542,440
94286001,34.3656,32.6039,442,50495,0.574479,0.45,1,1320015,1319573,442
94288921,32.4731,30.5208,444,50537,0.586896,0.43,1,1320047,1319603,444
94291841,27.2946,26.1042,445,50579,0.637379,0.47,1,1320073,1319628,445
94294761,31.0589,30.8208,445,50621,0.663476,0.45,1,1320105,1319660,445
94297681,35.0118,35.7642,444,50663,0.668695,0.47,1,1320141,1319697,444
94300601,27.0024,26.3528,445,50705,0.653739,0.49,1,1320166,1319721,445
94303521,30.2005,29.2706,446,50747,0.682748,0.49,1,1320197,1319751,446
94306441,22.8401,21.8541,447,50789,0.68855,0.51,1,1320218,1319771,447
94309361,19.768,18.7708,448,50830,0.70571,0.53,1,1320237,1319789,448
94312281,7.1536,6.95416,448,50871,0.709142,0.55,1,1320241,1319793,448
94315201,24.6307,23.7908,449,50912,0.693828,0.55,1,1320270,1319821,449
94318121,28.1261,27.1582,450,50953,0.706766,0.57,1,1320299,1319849,450
94321041,24.8252,24.6316,450,50994,0.741353,0.57,1,1320323,1319873,450
94323961,6.56505,6.52633,450,51035,0.748271,0.57,1,1320325,1319875,450
94326881,23.713,23.7053,450,51076,0.749654,0.61,1,1320353,1319903,450
94329801,35.1426,35.1411,450,51117,0.733931,0.59,1,1320391,1319941,450
94332721,40.6285,39.8282,451,51158,0.730786,0.57,1,1320433,1319982,451
94335641,34.5257,34.3656,451,51199,0.762157,0.59,2,1320466,1320015,451
94338561,33.3051,32.4731,452,51240,0.768431,0.65,2,1320499,1320047,452
94341481,27.461,27.2946,452,51281,0.769686,0.67,2,1320525,1320073,452
94344401,33.4922,31.0589,455,51322,0.849937,0.67,2,1320560,1320105,455
94347321,35.4984,35.0118,455,51363,0.881987,0.65,2,1320596,1320141,455
94350241,27.0997,27.0024,455,51404,0.888398,0.69,2,1320621,1320166,455
94353161,30.2199,30.2005,455,51445,0.87368,0.69,2,1320652,1320197,455
94356081,23.644,22.8401,456,51486,0.886736,0.71,2,1320674,1320218,456
94359001,19.1288,19.768,455,51527,0.889347,0.71,2,1320692,1320237,455
94361921,7.02576,7.1536,455,51568,0.889869,0.69,2,1320696,1320241,455
94364841,25.4052,24.6307,456,51609,0.921974,0.71,2,1320726,1320270,456
94604281,70,69,509,25716,0.13,0.99,1,1323091,1322582,509
94607201,64.4,73.8,497,25798,0.098,0.95,1,1323154,1322657,497
94610121,32.88,54.76,472,25880,0.1236,0.74,1,1323179,1322707,472
94613041,50.576,38.152,493,25962,0.17672,0.61,1,1323234,1322741,493
94615961,46.1152,58.0304,475,26044,0.139344,0.27,1,1323279,1322804,475
94618881,64.423,90.0061,446,26125,0.115869,0.27,1,1323348,1322902,446
94621801,28.0846,35.6012,443,26206,0.143174,0.13,1,1323367,1322924,443
94624721,70.4169,34.3202,490,26287,0.244635,0.11,1,1323448,1322958,490
94627641,69.2834,57.264,496,26368,0.264927,0.13,1,1323517,1323021,496
94630561,64.2567,67.4528,489,26448,0.268985,0.09,1,1323580,1323091,489
94633481,33.6513,63.8906,452,26528,0.269797,0.13,1,1323606,1323154,452
94636401,53.1303,32.7781,485,26608,0.301959,0.19,1,1323664,1323179,485
94639321,44.2261,50.5556,472,26688,0.308392,0.13,1,1323706,1323234,472
94642241,65.6452,46.1111,498,26767,0.341678,0.11,1,1323777,1323279,498
94645161,29.129,64.4222,449,26846,0.332336,0.15,1,1323797,1323348,449
94648081,7.42581,28.0844,432,26925,0.330467,0.27,1,1323799,1323367,432
94651001,67.0852,70.4169,433,27004,0.330093,0.27,1,1323881,1323448,433
94653921,68.617,69.2834,433,27082,0.314019,0.27,1,1323950,1323517,433
94656841,65.7234,64.2567,435,27160,0.342804,0.27,1,1324015,1323580,435
94659761,33.9447,33.6513,435,27238,0.364561,0.31,1,1324041,1323606,435
94662681,54.7889,53.1303,437,27316,0.384912,0.31,1,1324101,1323664,437
94665601,44.5578,44.2261,437,27394,0.404982,0.35,1,1324143,1323706,437
94668521,66.5116,65.6452,438,27471,0.408996,0.33,1,1324215,1323777,438
94671441,29.3023,29.129,438,27548,0.441799,0.33,1,1324235,1323797,438
94674361,7.46046,7.42581,438,27625,0.44836,0.33,1,1324237,1323799,438
94677281,65.4921,67.0852,436,27702,0.449672,0.31,1,1324317,1323881,436
94680201,67.4984,68.617,435,27778,0.481934,0.35,1,1324385,1323950,435
94683121,67.8997,65.7234,438,27854,0.584387,0.37,1,1324453,1324015,438
94686041,34.3799,33.9447,438,27930,0.620877,0.39,1,1324479,1324041,438
94688961,55.676,54.7889,439,28006,0.692175,0.41,1,1324540,1324101,439
94691881,45.5352,44.5578,440,28082,0.690435,0.41,1,1324583,1324143,440
94694801,68.307,66.5116,442,28157,0.722087,0.45,1,1324657,1324215,442
94697721,29.6614,29.3023,442,28232,0.744417,0.45,1,1324677,1324235,442
94700641,7.53228,7.46046,442,28307,0.780883,0.45,2,1324679,1324237,442
94703561,67.1065,65.4921,444,28382,0.804177,0.45,2,1324761,1324317,444
94706481,69.4213,13.0984,514,28457,0.808835,0.49,2,1324831,1324317,514
94709401,72.2843,57.0197,519,28531,0.841767,0.61,2,1324904,1324385,519
94712321,36.0569,65.8039,478,28605,0.832353,0.63,2,1324931,1324453,478
94715241,57.6114,33.9608,515,28679,0.878471,0.71,2,1324994,1324479,515
94718161,47.5223,55.5922,499,28753,0.903694,0.69,2,1325039,1324540,499
94861241,38,63,508,32161,0.95,1,2,1327414,1326906,508
94864161,74.8,35.8,563,32227,0.854,1,2,1327498,1326935,563
94867081,44.56,79.16,510,32293,0.7868,1,2,1327535,1327025,510
94870001,44.112,44.632,518,32359,0.54936,1,1,1327579,1327061,518
94872921,40.0224,35.3264,524,32424,0.373872,1,1,1327618,1327094,524
94875841,60.8045,35.8653,554,32489,0.0827744,1,1,1327684,1327130,554
94878761,48.1609,64.7731,527,32554,0.0245549,1,1,1327729,1327202,527
94881681,41.6322,64.9546,502,32619,0.00491098,1,1,1327769,1327267,502
94884601,40.3264,38.5909,510,32684,0.000982195,0.92,1,1327809,1327299,510
94887521,37.6653,34.1182,514,32749,0.000196439,0.92,1,1327846,1327332,514
94890441,19.5331,42.0236,485,32814,0.0560393,0.95,1,1327861,1327376,485
94893361,20.7066,38.8047,468,32878,0.0352079,0.83,1,1327882,1327414,468
94896281,62.5413,74.9609,457,32942,0.0310416,0.77,1,1327955,1327498,457
94899201,42.9083,44.5922,458,33006,0.0302083,0.49,1,1327993,1327535,458
94902121,30.9817,44.1184,442,33070,0.0300417,0.33,1,1328021,1327579,442
94905041,32.5963,40.0237,436,33134,0.0620083,0.01,1,1328054,1327618,436
94907961,48.1193,60.8047,422,33198,0.0844017,0.01,1,1328106,1327684,422
94910881,48.0239,48.1609,425,33262,0.0408803,0,1,1328154,1327729,425
94913801,40.8048,41.6322,424,33326,0.00817607,0,1,1328193,1327769,424
94916721,40.161,40.3264,424,33389,0.00963521,0,1,1328233,1327809,424
94919641,37.6322,37.6653,424,33452,0.041927,0.07,1,1328270,1327846,424
94922561,19.5264,19.5331,424,33515,0.0643854,0.03,1,1328285,1327861,424
94925481,19.1053,20.7066,422,33578,0.0528771,0.03,1,1328304,1327882,422
94928401,62.2211,62.5413,422,33641,0.0505754,0.03,1,1328377,1327955,422
94931321,43.6442,42.9083,423,33704,0.0821151,0.03,1,1328416,1327993,423
94934241,30.3288,30.9817,422,33767,0.120423,0.07,1,1328443,1328021,422
94937161,34.0658,32.5963,424,33830,0.128085,0.09,1,1328478,1328054,424
94940081,46.8132,48.1193,422,33893,0.193617,0.03,1,1328528,1328106,422
94943001,47.7626,48.0239,422,33955,0.0947234,0,1,1328576,1328154,422
94945921,41.5525,40.8048,423,34017,0.0189447,0.01,1,1328616,1328193,423
94948841,39.5105,40.161,422,34079,0.00378894,0.05,1,1328655,1328233,422
94951761,39.1021,37.6322,424,34141,0.0407578,0.07,1,1328694,1328270,424
94954681,19.0204,19.5264,423,34203,0.0481516,0.05,1,1328708,1328285,423
94957601,18.2041,19.1053,422,34265,0.0176303,0.05,1,1328726,1328304,422
94960521,61.2408,3.82106,494,34327,0.0275261,0.05,1,1328798,1328304,494
94963441,49.8482,59.1642,468,34389,0.0455052,0.09,1,1328845,1328377,468
94966361,27.5696,43.0328,451,34450,0.049101,0.13,1,1328867,1328416,451
94969281,37.5139,30.2066,464,34511,0.0978202,0.13,1,1328907,1328443,464
94972201,45.9028,34.0413,477,34572,0.155564,0.21,1,1328955,1328478,477
94975121,43.5806,46.8083,470,34633,0.183113,0.07,1,1328998,1328528,470
94978041,39.9161,47.7617,461,34694,0.124623,0,1,1329037,1328576,461
94980961,39.1832,41.5523,460,34755,0.0649245,0,1,1329076,1328616,460
94983881,39.0366,39.5105,460,34816,0.0369849,0.05,1,1329115,1328655,460
94986801,19.0073,39.1021,435,34877,0.047397,0.05,1,1329129,1328694,435
94989721,18.2015,19.0204,439,34938,0.0494794,0.01,1,1329147,1328708,439
94992641,61.2403,18.2041,493,34999,0.0178959,0.03,1,1329219,1328726,493
94995561,51.4481,61.2408,470,35059,0.0435792,0.05,1,1329268,1328798,470
94998481,30.2896,49.8482,448,35119,0.0327158,0.05,1,1329293,1328845,448
95001401,39.6579,27.5696,468,35179,0.126543,0.11,1,1329335,1328867,468
95004321,47.1316,37.5139,477,35239,0.193309,0.17,1,1329384,1328907,477
95007241,45.4263,45.9028,474,35299,0.190662,0.19,1,1329429,1328955,474
95010161,34.6853,43.5806,463,35359,0.190132,0.11,1,1329461,1328998,463
95013081,36.5371,39.9161,461,35419,0.174026,0.05,1,1329498,1329037,461
95016001,38.5074,39.1832,461,35479,0.0908053,0.03,1,1329537,1329076,461
95018921,19.7015,39.0366,437,35539,0.0741611,0.05,1,1329552,1329115,437
95021841,18.3403,19.0073,441,35598,0.0868322,0.05,1,1329570,1329129,441
95024761,59.6681,18.2015,493,35657,0.0413664,0.01,1,1329640,1329147,493
95027681,13.5336,61.2403,423,35716,0.0322733,0.05,1,1329642,1329219,423
95030601,42.7067,51.4481,424,35775,0.0144547,0.03,1,1329692,1329268,424
95033521,30.1413,30.2896,426,35834,0.00289093,0.15,1,1329719,1329293,426
95036441,42.0283,39.6579,429,35893,0.000578186,0.21,1,1329764,1329335,429
95039361,50.0057,47.1316,432,35952,0.0881156,0.19,1,1329816,1329384,432
95042281,43.6011,45.4263,429,36011,0.137623,0.19,1,1329858,1329429,429
95045201,35.9202,34.6853,431,36070,0.147525,0.17,1,1329892,1329461,431
95048121,35.984,36.5371,430,36129,0.165505,0.07,1,1329928,1329498,430
95051041,35.1968,38.5074,426,36187,0.169101,0.07,1,1329963,1329537,426
95053961,19.0394,19.7015,426,36245,0.18582,0.09,1,1329978,1329552,426
95056881,19.0079,18.3403,427,36303,0.173164,0.03,1,1329997,1329570,427
95059801,55.8016,59.6681,422,36361,0.186633,0.03,1,1330062,1329640,422
95062721,12.7603,13.5336,422,36419,0.189327,0.01,1,1330064,1329642,422
95065641,42.5521,42.7067,422,36477,0.0938653,0,1,1330114,1329692,422
95068561,30.1104,30.1413,422,36535,0.122773,0,1,1330141,1329719,422
95071481,42.8221,42.0283,423,36593,0.112555,0.11,1,1330187,1329764,423
95074401,51.7644,50.0057,425,36651,0.174511,0.15,1,1330241,1329816,425
95077321,45.5529,43.6011,427,36709,0.186902,0.15,1,1330285,1329858,427
95080241,36.3106,35.9202,427,36767,0.18938,0.17,1,1330319,1329892,427
95083161,37.6621,35.984,429,36824,0.221876,0.17,1,1330357,1329928,429
95086081,36.3324,35.1968,430,36881,0.292375,0.19,1,1330393,1329963,430
95089001,18.4665,19.0394,429,36938,0.306475,0.17,1,1330407,1329978,429
95091921,19.6933,19.0079,430,36995,0.309295,0.19,1,1330427,1329997,430
95094841,55.1387,55.8016,429,37052,0.357859,0.19,1,1330491,1330062,429
95097761,12.6277,12.7603,429,37109,0.335572,0.07,1,1330493,1330064,429
95100681,40.1255,42.5521,426,37166,0.347114,0.07,1,1330540,1330114,426
95103601,28.8251,8.51041,452,37223,0.349423,0.13,1,1330566,1330114,452
95106521,41.765,23.3021,470,37280,0.365885,0.11,1,1330611,1330141,470
95109441,55.553,41.4604,483,37337,0.369177,0.19,1,1330670,1330187,483
95112361,47.1106,51.4921,474,37394,0.433835,0.19,1,1330715,1330241,474
95115281,36.6221,45.4984,464,37451,0.462767,0.19,1,1330749,1330285,464
95118201,39.3244,36.2997,470,37507,0.484553,0.23,1,1330789,1330319,470
95121121,38.2649,37.6599,470,37563,0.520911,0.31,1,1330827,1330357,470
95124041,18.853,36.332,448,37619,0.528182,0.31,1,1330841,1330393,448
95126961,19.7706,18.4664,454,37675,0.529636,0.31,1,1330861,1330407,454
95129881,57.5541,19.6933,501,37731,0.513927,0.37,1,1330928,1330427,501
95132801,13.1108,55.1387,439,37787,0.510785,0.33,1,1330930,1330491,439
95135721,41.0222,12.6277,485,37843,0.510157,0.35,1,1330978,1330493,485
95138641,29.0044,40.1255,464,37899,0.526031,0.35,1,1331004,1330540,464
95141561,42.6009,28.8251,484,37955,0.529206,0.37,1,1331050,1330566,484
95144481,57.3202,41.765,500,38011,0.545841,0.37,1,1331111,1330611,500
95147401,49.064,55.553,488,38067,0.613168,0.45,1,1331158,1330670,488
95150321,37.8128,47.1106,478,38122,0.642634,0.47,1,1331193,1330715,478
95153241,41.1626,36.6221,486,38177,0.664527,0.49,1,1331235,1330749,486
95156161,39.4325,39.3244,485,38232,0.652905,0.53,1,1331274,1330789,485
95159081,19.0865,38.2649,461,38287,0.650581,0.53,1,1331288,1330827,461
95162001,19.8173,18.853,467,38342,0.650116,0.53,1,1331308,1330841,467
95164921,56.7635,19.7706,513,38397,0.682023,0.51,1,1331374,1330861,513
95167841,12.9527,57.5541,448,38452,0.688405,0.51,1,1331376,1330928,448
95170761,41.7905,13.1108,495,38507,0.705681,0.51,1,1331425,1330930,495
95173681,29.1581,41.0222,473,38562,0.725136,0.53,1,1331451,1330978,473
95176601,42.6316,29.0044,493,38617,0.729027,0.53,1,1331497,1331004,493
95179521,10.1263,42.6009,449,38672,0.729805,0.55,1,1331499,1331050,449
95182441,50.8253,57.3202,449,38727,0.713961,0.63,1,1331560,1331111,449
95185361,51.7651,49.064,454,38782,0.758792,0.65,2,1331612,1331158,454
95188281,38.353,37.8128,454,38836,0.751758,0.67,2,1331647,1331193,454
95191201,40.4706,41.1626,453,38890,0.750352,0.65,2,1331688,1331235,453
95194121,40.0941,39.4325,454,38944,0.73407,0.65,1,1331728,1331274,454
95197041,19.2188,19.0865,454,38998,0.730814,0.65,1,1331742,1331288,454
95199961,19.8438,19.8173,454,39052,0.762163,0.69,2,1331762,1331308,454
95202881,59.1688,56.7635,457,39106,0.800433,0.69,2,1331831,1331374,457
95205801,13.4338,12.9527,457,39160,0.808087,0.71,2,1331833,1331376,457
95208721,42.6867,41.7905,458,39214,0.841617,0.73,2,1331883,1331425,458
95211641,29.3374,29.1581,458,39268,0.848323,0.73,2,1331909,1331451,458
95214561,42.6675,42.6316,458,39322,0.849665,0.73,2,1331955,1331497,458
95217481,10.1335,10.1263,458,39376,0.849933,0.71,2,1331957,1331499,458
95220401,50.0267,50.8253,457,39430,0.865987,0.77,2,1332017,1331560,457
95223321,52.4053,51.7651,458,39484,0.885197,0.75,2,1332070,1331612,458
95226241,38.4811,38.353,458,39537,0.937039,0.75,2,1332105,1331647,458
95395601,36,26,510,42522,0.71,1,1,1334183,1333673,510
95398521,26.4,38,493,42572,0.55,1,1,1334207,1333714,493
95401441,30.08,34,491,42622,0.438,1,1,1334238,1333747,491
95404361,34.816,41.2,484,42672,0.3676,1,1,1334274,1333790,484
95407281,38.9632,38.64,486,42721,0.22552,1,1,1334314,1333828,486
95410201,38.1926,32.528,493,42770,0.101104,1,1,1334352,1333859,493
95413121,35.6385,31.3056,497,42819,0.124221,1,1,1334387,1333890,497
95416041,37.5277,38.2611,495,42868,0.0968442,1,1,1334425,1333930,495
95418961,23.5055,34.0522,482,42917,0.0913688,0.85,1,1334445,1333963,482
95421881,23.9011,31.6104,475,42966,0.0742738,0.92,1,1334469,1333994,475
95424801,34.3802,28.7221,484,43015,0.0388548,0.92,1,1334506,1334022,484
95427721,22.076,5.74442,503,43064,0.0637709,1,1,1334525,1334022,503
95430641,40.4152,27.5489,515,43113,0.0367542,0.77,1,1334570,1334055,515
95433561,32.883,48.7098,492,43162,0.0473508,0.77,1,1334601,1334109,492
95436481,32.9766,40.142,487,43211,0.11347,0.71,1,1334634,1334147,487
95439401,21.7953,36.8284,470,43260,0.126694,0.51,1,1334653,1334183,470
95442321,19.5591,26.5657,465,43309,0.0813388,0.41,1,1334672,1334207,465
95445241,31.9118,30.1131,469,43358,0.120268,0.35,1,1334707,1334238,469
95448161,35.9824,34.8226,470,43407,0.160054,0.19,1,1334744,1334274,470
95451081,33.5965,38.9645,463,43456,0.168011,0.07,1,1334777,1334314,463
95454001,37.1193,38.1929,463,43505,0.121602,0.13,1,1334815,1334352,463
95456921,36.2239,35.6386,464,43553,0.12832,0.09,1,1334851,1334387,464
95459841,21.6448,37.5277,444,43601,0.0976641,0.09,1,1334869,1334425,444
95462761,21.129,23.5055,445,43649,0.107533,0.07,1,1334890,1334445,445
95465681,35.4258,23.9011,460,43697,0.0775066,0.03,1,1334929,1334469,460
95468601,21.4852,34.3802,441,43745,0.103501,0.07,1,1334947,1334506,441
95471521,40.297,22.076,467,43793,0.1567,0.03,1,1334992,1334525,467
95474441,34.4594,40.4152,455,43841,0.13534,0.05,1,1335025,1334570,455
95477361,36.4919,32.883,461,43889,0.131068,0.13,1,1335062,1334601,461
95480281,20.0984,32.9766,444,43937,0.178214,0.13,1,1335078,1334634,444
95483201,20.0197,21.7953,445,43985,0.203643,0.07,1,1335098,1334653,445
95486121,31.2039,19.5591,460,44033,0.208729,0.13,1,1335132,1334672,460
95489041,39.0408,31.9118,466,44081,0.241746,0.17,1,1335173,1334707,466
95491961,32.6082,35.9824,460,44129,0.232349,0.17,1,1335204,1334744,460
95494881,36.1216,33.5965,464,44177,0.26247,0.11,1,1335241,1334777,464
95497801,36.8243,37.1193,463,44225,0.268494,0.13,1,1335278,1334815,463
95500721,20.1649,36.2239,443,44273,0.269699,0.09,1,1335294,1334851,443
95503641,18.433,21.6448,443,44321,0.28594,0.11,1,1335312,1334869,443
95506561,39.6866,21.129,467,44369,0.273188,0.07,1,1335357,1334890,467
95509481,21.5373,35.4258,445,44417,0.286638,0.11,1,1335374,1334929,445
95512401,41.9075,21.4852,474,44464,0.257328,0.17,1,1335421,1334947,474
95515321,9.98149,40.297,431,44511,0.251465,0.13,1,1335423,1334992,431
95518241,25.9963,34.4594,428,44558,0.266293,0.13,1,1335453,1335025,428
95521161,36.3993,36.4919,430,44605,0.285259,0.19,1,1335492,1335062,430
95524081,21.6799,20.0984,432,44652,0.273052,0.21,1,1335510,1335078,432
95527001,20.336,20.0197,432,44699,0.27061,0.21,1,1335530,1335098,432
95529921,31.2672,31.2039,432,44746,0.238122,0.25,1,1335564,1335132,432
95532841,40.6534,39.0408,434,44793,0.231624,0.23,1,1335607,1335173,434
95535761,32.1307,32.6082,433,44840,0.230325,0.27,1,1335637,1335204,433
95538681,37.6261,36.1216,435,44887,0.246065,0.27,1,1335676,1335241,435
95541601,37.1252,36.8243,435,44934,0.297213,0.27,1,1335713,1335278,435
95544521,21.025,20.1649,436,44981,0.307443,0.29,1,1335730,1335294,436
95547441,19.405,18.433,437,45028,0.293489,0.27,1,1335749,1335312,437
95550361,38.281,39.6866,435,45075,0.306698,0.29,1,1335792,1335357,435
95553281,20.4562,21.5373,434,45122,0.30934,0.25,1,1335808,1335374,434
95556201,41.6912,41.9075,434,45169,0.325868,0.25,1,1335855,1335421,434
95559121,9.93825,9.98149,434,45216,0.329174,0.27,1,1335857,1335423,434
95562041,26.7877,25.9963,435,45263,0.361835,0.29,1,1335888,1335453,435
95564961,36.5575,36.3993,435,45310,0.352367,0.27,1,1335927,1335492,435
95567881,20.1115,21.6799,433,45357,0.334473,0.27,1,1335943,1335510,433
95570801,20.0223,20.336,433,45403,0.362895,0.23,1,1335963,1335530,433
95573721,31.2045,31.2672,433,45449,0.352579,0.23,1,1335997,1335564,433
95576641,40.6409,40.6534,433,45495,0.398516,0.23,1,1336040,1335607,433
95579561,32.1282,32.1307,433,45541,0.407703,0.25,1,1336070,1335637,433
95582481,36.8256,37.6261,432,45587,0.409541,0.31,1,1336108,1335676,432
95585401,39.3651,37.1252,435,45633,0.425908,0.31,1,1336148,1335713,435
95588321,21.473,21.025,435,45679,0.413182,0.29,1,1336165,1335730,435
95591241,20.2946,19.405,436,45725,0.410636,0.31,1,1336185,1335749,436
95594161,37.6589,38.281,435,45771,0.442127,0.31,1,1336227,1335792,435
95597081,20.3318,20.4562,435,45817,0.448425,0.33,1,1336243,1335808,435
95600001,42.4664,41.6912,436,45863,0.497685,0.33,1,1336291,1335855,436
95602921,10.0933,9.93825,436,45909,0.539537,0.33,1,1336293,1335857,436
95605841,27.6187,1.98765,468,45955,0.547907,0.37,1,1336325,1335857,468
95608761,36.7237,25.1975,476,46001,0.533581,0.35,1,1336364,1335888,476
95611681,20.1447,36.2395,453,46047,0.562716,0.33,1,1336380,1335927,453
95614601,20.0289,20.0479,457,46093,0.584543,0.37,1,1336400,1335943,457
95617521,32.0058,20.0096,472,46139,0.620909,0.35,1,1336435,1335963,472
95620441,41.6012,31.2019,482,46185,0.660182,0.41,1,1336479,1335997,482
95623361,32.3202,40.6404,469,46231,0.684036,0.41,1,1336509,1336040,469
95626281,36.864,32.1281,477,46277,0.704807,0.41,1,1336547,1336070,477
95629201,40.1728,36.8256,480,46323,0.724961,0.43,1,1336588,1336108,480
95632121,22.4346,39.3651,458,46369,0.728992,0.41,1,1336606,1336148,458
95635041,21.2869,21.473,462,46414,0.729798,0.41,1,1336627,1336165,462
95637961,38.6574,20.2946,485,46459,0.72996,0.45,1,1336670,1336185,485
95640881,20.5315,37.6589,459,46504,0.729992,0.45,1,1336686,1336227,459
95643801,45.7063,20.3318,495,46549,0.745998,0.51,1,1336738,1336243,495
95646721,10.7413,42.4664,449,46594,0.7652,0.55,2,1336740,1336291,449
95649641,28.5483,10.0933,480,46639,0.81704,0.55,2,1336773,1336293,480
95652561,37.7096,27.6187,488,46684,0.843408,0.53,2,1336813,1336325,488
95655481,20.3419,36.7237,465,46729,0.864682,0.57,2,1336829,1336364,465
95658401,21.6684,20.1447,471,46774,0.836936,0.59,2,1336851,1336380,471
95661321,33.1337,20.0289,487,46819,0.879387,0.63,2,1336887,1336400,487
95664241,44.2267,32.0058,499,46864,0.903877,0.67,2,1336934,1336435,499
95874481,31,20,524,49998,0.73,1,1,1339088,1338564,524
95877401,34.2,40.8,513,50040,0.682,1,1,1339123,1338610,513
95880321,25.24,30.56,508,50082,0.6244,1,1,1339146,1338638,508
95883241,36.248,26.912,521,50124,0.46888,1,1,1339185,1338664,521
95886161,33.6496,27.7824,526,50166,0.373776,1,1,1339218,1338692,526
95889081,21.1299,31.1565,512,50208,0.466755,1,1,1339236,1338724,512
95892001,17.026,27.0313,502,50250,0.421351,1,1,1339252,1338750,502
95894921,20.2052,19.0063,506,50292,0.33227,1,1,1339273,1338767,506
95897841,34.441,18.2013,526,50334,0.266454,1,1,1339311,1338785,526
95900761,30.0882,27.6403,525,50376,0.237291,1,1,1339340,1338815,525
95903681,12.4176,33.528,498,50418,0.183458,1,1,1339348,1338850,498
95906601,33.6835,49.1056,484,50460,0.0766916,1,1,1339387,1338903,484
95909521,35.5367,36.2211,487,50502,0.0873383,1,1,1339423,1338936,487
95912441,31.1073,34.4442,483,50544,0.105468,1,1,1339453,1338970,483
95915361,14.2215,24.4888,471,50586,0.141094,0.77,1,1339463,1338992,471
95918281,19.6443,29.6978,461,50628,0.148219,0.85,1,1339484,1339023,461
95921201,27.9289,33.1396,457,50670,0.133644,0.73,1,1339514,1339057,457
95924121,26.3858,31.4279,452,50712,0.114729,0.67,1,1339540,1339088,452
95927041,33.2772,34.2856,452,50754,0.142946,0.61,1,1339575,1339123,452
95929961,24.2554,25.2571,451,50795,0.132589,0.43,1,1339597,1339146,451
95932881,32.8511,36.2514,447,50836,0.194518,0.35,1,1339632,1339185,447
95935801,29.7702,33.6503,443,50877,0.190904,0.49,1,1339661,1339218,443
95938721,20.354,21.1301,443,50918,0.206181,0.41,1,1339679,1339236,443
95941641,14.4708,17.026,440,50959,0.225236,0.31,1,1339692,1339252,440
95944561,18.0942,20.2052,438,51000,0.181047,0.25,1,1339711,1339273,438
95947481,30.8188,34.441,434,51041,0.172209,0.23,1,1339745,1339311,434
95950401,27.7638,30.0882,432,51082,0.154442,0.17,1,1339772,1339340,432
95953321,10.3528,12.4176,430,51123,0.150888,0.05,1,1339778,1339348,430
95956241,29.2706,33.6835,425,51164,0.182178,0.09,1,1339812,1339387,425
95959161,37.8541,35.5367,429,51205,0.204436,0.11,1,1339852,1339423,429
95962081,31.5708,31.1073,429,51246,0.176887,0.15,1,1339882,1339453,429
95965001,13.5142,14.2215,428,51287,0.155377,0.15,1,1339891,1339463,428
95967921,17.9028,19.6443,426,51328,0.167075,0.13,1,1339910,1339484,426
95970841,29.1806,27.9289,428,51369,0.169415,0.11,1,1339942,1339514,428
95973761,25.8361,26.3858,427,51410,0.185883,0.15,1,1339967,1339540,427
95976681,33.1672,33.2772,427,51451,0.173177,0.13,1,1340002,1339575,427
95979601,25.0334,24.2554,428,51492,0.186635,0.21,1,1340025,1339597,428
95982521,34.6067,32.8511,430,51533,0.221327,0.19,1,1340062,1339632,430
95985441,30.9213,29.7702,431,51574,0.260265,0.21,1,1340092,1339661,431
95988361,19.7843,20.354,430,51615,0.252053,0.23,1,1340109,1339679,430
95991281,15.1569,14.4708,431,51656,0.250411,0.17,1,1340123,1339692,431
95994201,15.8314,18.0942,428,51697,0.218082,0.17,1,1340139,1339711,428
95997121,30.3663,30.8188,428,51738,0.243616,0.15,1,1340173,1339745,428
96000041,26.8733,27.7638,427,51779,0.232723,0.15,1,1340199,1339772,427
96002961,11.7747,5.55275,435,51820,0.278545,0.15,1,1340207,1339772,435
96005881,28.7549,5.91055,462,51861,0.271709,0.19,1,1340240,1339778,462
96008801,38.551,28.3821,469,51902,0.302342,0.21,1,1340281,1339812,469
96011721,30.1102,37.6764,457,51943,0.308468,0.17,1,1340309,1339852,457
96014641,14.022,31.5353,437,51984,0.325694,0.15,1,1340319,1339882,437
96017561,17.2044,13.5071,446,52025,0.345139,0.17,1,1340337,1339891,446
96020481,29.0409,17.9014,459,52065,0.397028,0.17,1,1340369,1339910,459
96023401,26.6082,29.1803,453,52105,0.439406,0.19,1,1340395,1339942,453
96026321,34.1216,25.8361,464,52145,0.447881,0.17,1,1340431,1339967,464
96029241,24.4243,33.1672,451,52185,0.449576,0.19,1,1340453,1340002,451
96032161,36.8849,25.0334,468,52225,0.481915,0.23,1,1340493,1340025,468
96035081,32.177,34.6067,462,52265,0.520383,0.27,1,1340524,1340062,462
96038001,19.2354,30.9213,448,52305,0.528077,0.25,1,1340540,1340092,448
96040921,15.0471,19.7843,445,52345,0.529615,0.25,1,1340554,1340109,445
96043841,15.8094,15.1569,447,52385,0.545923,0.21,1,1340570,1340123,447
96046761,31.1619,15.8314,466,52425,0.533185,0.25,1,1340605,1340139,466
96049681,27.8324,30.3663,459,52465,0.546637,0.23,1,1340632,1340173,459
96052601,11.9665,26.8733,441,52505,0.581327,0.29,1,1340640,1340199,441
96055521,29.5933,11.7747,467,52545,0.588265,0.27,1,1340674,1340207,467
96058441,40.3187,28.7549,477,52585,0.637653,0.31,1,1340717,1340240,477
96061361,31.2637,38.551,465,52625,0.631531,0.31,1,1340746,1340281,465
96064281,14.2527,30.1102,447,52665,0.630306,0.33,1,1340756,1340309,447
96067201,18.0505,14.022,456,52705,0.630061,0.35,1,1340775,1340319,456
96070121,32.4101,17.2044,474,52745,0.662012,0.41,1,1340811,1340337,474
96073041,28.082,29.0409,469,52785,0.684402,0.45,1,1340838,1340369,469
96075961,34.4164,26.6082,479,52825,0.68888,0.45,1,1340874,1340395,479
96078881,24.4833,34.1216,465,52865,0.689776,0.45,1,1340896,1340431,465
96081801,40.0967,24.4243,487,52905,0.689955,0.49,1,1340940,1340453,487
96084721,32.8193,36.8849,478,52945,0.689991,0.53,1,1340971,1340493,478
96087641,19.3639,32.177,463,52985,0.705998,0.53,1,1340987,1340524,463
96090561,15.8728,19.2354,462,53025,0.6932,0.53,1,1341002,1340540,462
96093481,15.9746,15.0471,464,53065,0.73864,0.55,1,1341018,1340554,464
96096401,31.9949,15.8094,484,53105,0.747728,0.53,1,1341054,1340570,484
96099321,28.799,31.1619,477,53145,0.749546,0.55,1,1341082,1340605,477
96102241,12.1598,27.8324,458,53185,0.765909,0.59,2,1341090,1340632,458
96105161,29.632,11.9665,484,53225,0.769182,0.59,2,1341124,1340640,484
96108081,7.52639,29.5933,452,53265,0.769836,0.65,2,1341126,1340674,452
96111001,37.5053,40.3187,454,53305,0.769967,0.63,2,1341171,1340717,454
96113921,29.9011,31.2637,453,53344,0.769993,0.63,2,1341199,1340746,453
96116841,13.9802,14.2527,453,53383,0.785999,0.63,2,1341209,1340756,453
96119761,17.996,18.0505,453,53422,0.7732,0.67,2,1341228,1340775,453
96122681,35.5992,32.4101,457,53461,0.80264,0.69,2,1341268,1340811,457
96125601,27.9198,28.082,456,53500,0.792528,0.69,2,1341294,1340838,456
96128521,34.384,34.4164,456,53539,0.854506,0.69,2,1341330,1340874,456
96131441,24.4768,24.4833,456,53578,0.882901,0.69,2,1341352,1340896,456
96134361,40.8954,40.0967,457,53617,0.88858,0.69,2,1341397,1340940,457
96137281,32.9791,32.8193,457,53656,0.889716,0.71,2,1341428,1340971,457
96140201,19.3958,19.3639,457,53695,0.873943,0.69,2,1341444,1340987,457
96143121,16.6792,15.8728,458,53734,0.870789,0.75,2,1341460,1341002,458
96146041,16.9358,15.9746,459,53773,0.934158,0.75,2,1341477,1341018,459
96398621,302,333,443,26280,0.09,0.45,1,1344022,1343579,443
96401541,80.4,78.6,453,26361,0.058,0.47,1,1344047,1343594,453
96404461,30.48,29.32,454,26441,0.0516,0.39,1,1344065,1343611,454
96407381,41.296,26.664,472,26521,0.06632,0.33,1,1344109,1343637,472
96410301,42.6592,45.3328,465,26601,0.053264,0.17,1,1344152,1343687,465
96413221,61.3318,68.2666,457,26681,0.0826528,0.05,1,1344218,1343761,457
96416141,45.8664,63.2533,437,26760,0.0725306,0.03,1,1344260,1343823,437
96419061,64.3733,43.8507,467,26839,0.0385061,0.05,1,1344329,1343862,467
96421981,59.2747,67.9701,451,26918,0.0957012,0.15,1,1344387,1343936,451
96424901,59.8549,59.994,453,26997,0.18714,0.05,1,1344447,1343994,453
96427821,31.171,54.3988,424,27075,0.253428,0.05,1,1344471,1344047,424
96430741,20.6342,25.2798,424,27153,0.234686,0.07,1,1344489,1344065,424
96433661,40.1268,40.256,425,27231,0.246937,0.05,1,1344534,1344109,425
96436581,41.6254,42.4512,424,27309,0.281387,0.09,1,1344576,1344152,424
96439501,62.7251,61.2902,426,27387,0.320277,0.07,1,1344644,1344218,426
96442421,46.945,45.858,427,27464,0.312055,0.03,1,1344687,1344260,427
96445341,60.589,64.3716,422,27541,0.310411,0.11,1,1344751,1344329,422
96448261,62.5178,59.2743,427,27618,0.230082,0.21,1,1344814,1344387,427
96451181,64.5036,59.8549,432,27695,0.182016,0.27,1,1344879,1344447,432
96454101,32.9007,31.171,433,27771,0.220403,0.23,1,1344904,1344471,433
96457021,20.9801,20.6342,433,27847,0.276081,0.25,1,1344922,1344489,433
96459941,41.796,40.1268,435,27923,0.271216,0.29,1,1344969,1344534,435
96462861,42.7592,41.6254,436,27999,0.302243,0.33,1,1345012,1344576,436
96465781,62.9518,62.7251,436,28075,0.340449,0.31,1,1345080,1344644,436
96468701,46.1904,46.945,435,28150,0.36409,0.31,1,1345122,1344687,435
96471621,58.8381,60.589,433,28225,0.400818,0.21,1,1345184,1344751,433
96474541,61.3676,62.5178,432,28300,0.440164,0.17,1,1345246,1344814,432
96477461,63.4735,64.5036,431,28375,0.576033,0.17,1,1345310,1344879,431
96480381,34.2947,12.9007,458,28450,0.571207,0.23,1,1345337,1344879,458
96483301,21.2589,22.5801,451,28524,0.602241,0.29,1,1345355,1344904,451
96486221,42.6518,18.916,481,28598,0.624448,0.27,1,1345403,1344922,481
96489141,44.5304,41.3832,479,28672,0.62889,0.31,1,1345448,1344969,479
96492061,64.9061,42.6766,506,28746,0.597778,0.35,1,1345518,1345012,506
96494981,47.3812,62.9353,481,28820,0.623556,0.37,1,1345561,1345080,481
96497901,61.4762,46.1871,504,28893,0.612711,0.41,1,1345626,1345122,504
96500821,62.6952,58.8374,505,28966,0.594542,0.45,1,1345689,1345184,505
96503741,68.539,61.3675,513,29039,0.622908,0.61,1,1345759,1345246,513
96506661,36.9078,63.4735,478,29112,0.644582,0.57,1,1345788,1345310,478
96509581,21.7816,34.2947,469,29185,0.648916,0.61,1,1345806,1345337,469
96512501,43.5563,21.2589,500,29258,0.665783,0.63,1,1345855,1345355,500
96515421,44.7113,42.6518,497,29330,0.669157,0.63,1,1345900,1345403,497
96518341,64.1423,44.5304,521,29402,0.701831,0.59,1,1345969,1345448,521
96521261,48.0285,64.9061,495,29474,0.676366,0.63,1,1346013,1345518,495
96524181,60.8057,47.3812,516,29546,0.687273,0.61,1,1346077,1345561,516
96527101,61.7611,61.4762,513,29618,0.721455,0.59,1,1346139,1345626,513
96530021,69.9522,62.6952,522,29689,0.824291,0.63,2,1346211,1345689,522
96532941,37.9904,68.539,482,29760,0.860858,0.65,2,1346241,1345759,482
96535861,21.9981,36.9078,471,29831,0.868172,0.65,2,1346259,1345788,471
96538781,5.99962,21.7816,455,29902,0.869634,0.67,2,1346261,1345806,455
96664341,25,38,498,32807,0.77,1,2,1348261,1347763,498
96667261,53,66.8,484,32871,0.786,1,2,1348321,1347837,484
96670181,41,43.76,484,32935,0.7732,1,2,1348359,1347875,484
96673101,66.6,71.952,478,32999,0.67464,0.96,1,1348432,1347954,478
96676021,58.92,55.9904,483,33063,0.542928,1,1,1348489,1348006,483
96678941,71.784,79.9981,472,33127,0.436586,0.96,1,1348564,1348092,472
96681861,39.9568,43.9996,469,33191,0.351317,0.97,1,1348596,1348127,469
96684781,27.1914,31.1999,465,33255,0.286263,0.97,1,1348620,1348155,465
96687701,28.6383,27.84,467,33319,0.273253,0.91,1,1348649,1348182,467
96690621,24.1277,26.368,464,33382,0.254651,0.83,1,1348672,1348208,464
96693541,27.2255,27.6736,464,33445,0.17093,0.77,1,1348700,1348236,464
96696461,23.0451,25.5347,461,33508,0.186186,0.79,1,1348722,1348261,461
96699381,47.809,53.1069,455,33571,0.141237,0.77,1,1348776,1348321,455
96702301,39.1618,41.0214,454,33634,0.100247,0.65,1,1348813,1348359,454
96705221,64.6324,66.6043,452,33697,0.0920495,0.51,1,1348884,1348432,452
96708141,56.1265,58.9209,449,33760,0.0424099,0.41,1,1348938,1348489,449
96711061,61.6253,71.7842,437,33823,0.080482,0.33,1,1349001,1348564,437
96713981,36.3251,39.9568,435,33886,0.136096,0.27,1,1349031,1348596,435
96716901,24.865,27.1914,433,33948,0.131219,0.27,1,1349053,1348620,433
96719821,27.373,28.6383,432,34010,0.130244,0.25,1,1349081,1348649,432
96722741,23.0746,24.1277,431,34072,0.178049,0.15,1,1349103,1348672,431
96725661,24.6149,27.2255,428,34134,0.21961,0.19,1,1349128,1348700,428
96728581,23.323,23.0451,429,34196,0.259922,0.13,1,1349151,1348722,429
96731501,43.8646,47.809,424,34258,0.235984,0.13,1,1349200,1348776,424
96734421,39.9729,9.5618,463,34320,0.263197,0.09,1,1349239,1348776,463
96737341,62.3946,31.5124,494,34382,0.316639,0.09,1,1349307,1348813,494
96740261,54.8789,63.1025,476,34443,0.327328,0.03,1,1349360,1348884,476
96743181,64.5758,55.8205,489,34504,0.345466,0.09,1,1349427,1348938,489
96746101,36.9152,61.5641,456,34565,0.333093,0.15,1,1349457,1349001,456
96749021,25.783,36.3128,449,34626,0.346619,0.13,1,1349480,1349031,449
96751941,27.5566,24.8626,455,34687,0.349324,0.13,1,1349508,1349053,455
96754861,25.5113,27.3725,452,34748,0.365865,0.19,1,1349533,1349081,452
96757781,27.5023,23.0745,458,34809,0.337173,0.23,1,1349561,1349103,458
96760701,23.1005,24.6149,455,34870,0.331435,0.27,1,1349583,1349128,455
96763621,44.6201,23.323,482,34931,0.330287,0.23,1,1349633,1349151,482
96766541,40.924,43.8646,473,34992,0.314057,0.27,1,1349673,1349200,473
96769461,65.7848,39.9729,506,35052,0.374811,0.33,1,1349745,1349239,506
96772381,54.757,62.3946,490,35112,0.418962,0.33,1,1349797,1349307,490
96775301,63.7514,54.8789,503,35172,0.459792,0.35,1,1349863,1349360,503
96778221,37.5503,64.5758,467,35232,0.451959,0.33,1,1349894,1349427,467
96781141,26.7101,36.9152,461,35292,0.450392,0.35,1,1349918,1349457,461
96784061,27.742,25.783,466,35352,0.466078,0.35,1,1349946,1349480,466
96786981,26.3484,27.5566,464,35412,0.469216,0.37,1,1349972,1349508,464
96789901,26.0697,25.5113,465,35472,0.485843,0.33,1,1349998,1349533,465
96792821,22.8139,27.5023,459,35532,0.505169,0.33,1,1350020,1349561,459
96795741,42.9628,23.1005,485,35591,0.525034,0.33,1,1350068,1349583,485
96798661,41.3926,44.6201,476,35650,0.609007,0.31,1,1350109,1349633,476
96801581,9.87851,40.924,438,35709,0.625801,0.39,1,1350111,1349673,438
96804501,62.7757,65.7848,442,35768,0.66116,0.43,1,1350187,1349745,442
96807421,54.9551,54.757,443,35827,0.716232,0.47,1,1350240,1349797,443
96810341,65.391,63.7514,445,35886,0.743246,0.45,1,1350308,1349863,445
96813261,37.0782,37.5503,444,35945,0.748649,0.45,1,1350338,1349894,444
96816181,26.6156,26.7101,444,36004,0.74973,0.47,1,1350362,1349918,444
96819101,28.5231,27.742,445,36063,0.765946,0.47,2,1350391,1349946,445
96822021,27.3046,26.3484,446,36122,0.785189,0.49,2,1350418,1349972,446
96824941,27.0609,26.0697,447,36181,0.789038,0.51,2,1350445,1349998,447
96827861,23.0122,22.8139,447,36239,0.757808,0.53,2,1350467,1350020,447
96830781,43.8024,42.9628,448,36297,0.767561,0.63,2,1350516,1350068,448
96833701,45.5605,41.3926,453,36355,0.769512,0.63,2,1350562,1350109,453
96836621,10.7121,9.87851,453,36413,0.801902,0.67,2,1350564,1350111,453
96839541,62.9424,62.7757,453,36471,0.792381,0.73,2,1350640,1350187,453
96842461,57.3885,54.9551,456,36529,0.790476,0.75,2,1350696,1350240,456
96845381,68.2777,65.391,459,36587,0.838095,0.75,2,1350767,1350308,459
96848301,37.6555,37.0782,459,36645,0.879619,0.75,2,1350797,1350338,459
96851221,26.7311,26.6156,459,36703,0.871924,0.77,2,1350821,1350362,459
96854141,29.3462,28.5231,460,36761,0.902385,0.79,2,1350851,1350391,460
96857061,26.6692,27.3046,459,36818,0.892477,0.79,2,1350877,1350418,459
96859981,26.9338,27.0609,459,36875,0.938495,0.75,2,1350904,1350445,459
96862901,22.9868,23.0122,459,36932,0.915699,0.77,2,1350926,1350467,459
97017661,43,31,497,39850,0.81,1,2,1352975,1352478,497
97020581,35,53.4,471,39903,0.794,1,2,1353008,1352537,471
97023501,51.8,38.68,492,39956,0.6468,1,1,1353064,1352572,492
97026421,75.16,76.536,487,40009,0.42536,1,1,1353145,1352658,487
97029341,46.232,41.7072,493,40062,0.301072,1,1,1353184,1352691,493
97032261,34.0464,8.34144,524,40115,0.244214,1,1,1353215,1352691,524
97035181,26.8093,32.0683,511,40168,0.168843,1,1,1353240,1352729,511
97038101,26.1619,32.0137,505,40221,0.137769,1,1,1353266,1352761,505
97041021,24.4324,28.0027,502,40273,0.0515537,1,1,1353290,1352788,502
97043941,24.8865,29.6005,497,40325,0.0823107,1,1,1353315,1352818,497
97046861,23.3773,21.9201,500,40377,0.0404622,1,1,1353338,1352838,500
97049781,28.6755,24.384,505,40429,0.0480924,0.96,1,1353368,1352863,505
97052701,33.7351,31.2768,507,40481,0.0496185,0.88,1,1353403,1352896,507
97055621,33.947,35.0554,505,40533,0.0659237,0.81,1,1353437,1352932,505
97058541,31.5894,41.4111,493,40585,0.0371847,0.79,1,1353468,1352975,493
97061461,43.1179,34.6822,506,40637,0.0634369,0.61,1,1353514,1353008,506
97064381,63.0236,51.7364,518,40689,0.0846874,0.37,1,1353582,1353064,518
97067301,44.6047,75.1473,477,40741,0.104937,0.27,1,1353622,1353145,477
97070221,28.9209,46.2295,463,40793,0.140987,0.23,1,1353647,1353184,463
97073141,21.7842,34.0459,452,40845,0.164198,0.15,1,1353667,1353215,452
97076061,22.7568,26.8092,450,40897,0.216839,0.13,1,1353690,1353240,450
97078981,24.5514,26.1618,449,40949,0.179368,0.03,1,1353715,1353266,449
97081901,22.5103,24.4324,447,41001,0.171874,0.09,1,1353737,1353290,447
97084821,22.1021,24.8865,444,41052,0.186375,0.03,1,1353759,1353315,444
97087741,29.2204,23.3773,452,41103,0.157275,0.05,1,1353790,1353338,452
97090661,34.6441,28.6755,458,41154,0.167455,0.05,1,1353826,1353368,458
97093581,34.1288,33.7351,457,41205,0.137491,0.07,1,1353860,1353403,457
97096501,31.6258,33.947,454,41256,0.147498,0.03,1,1353891,1353437,454
97099421,44.7252,31.5894,471,41307,0.1655,0.07,1,1353939,1353468,471
97102341,63.345,43.1179,493,41358,0.2171,0.09,1,1354007,1353514,493
97105261,46.269,63.0236,467,41409,0.22742,0.11,1,1354049,1353582,467
97108181,30.0538,44.6047,453,41460,0.309484,0.15,1,1354075,1353622,453
97111101,22.8108,28.9209,449,41511,0.325897,0.17,1,1354096,1353647,449
97114021,6.16215,21.7842,431,41562,0.329179,0.23,1,1354098,1353667,431
97116941,19.6324,22.7568,431,41613,0.377836,0.17,1,1354121,1353690,431
97119861,23.1265,24.5514,430,41664,0.355567,0.17,1,1354145,1353715,430
97122781,22.2253,22.5103,430,41715,0.383113,0.19,1,1354167,1353737,430
97125701,22.8451,22.1021,431,41766,0.372623,0.15,1,1354190,1353759,431
97128621,27.769,29.2204,429,41817,0.354525,0.17,1,1354219,1353790,429
97131541,35.1538,34.6441,430,41867,0.366905,0.13,1,1354256,1353826,430
97134461,32.6308,34.1288,428,41917,0.385381,0.15,1,1354288,1353860,428
97137381,32.1262,31.6258,429,41967,0.357076,0.17,1,1354320,1353891,429
97140301,45.6252,44.7252,430,42017,0.367415,0.23,1,1354369,1353939,430
97143221,64.325,63.345,431,42067,0.401483,0.23,1,1354438,1354007,431
97146141,49.665,46.269,435,42117,0.376297,0.33,1,1354484,1354049,435
97149061,32.333,30.0538,437,42167,0.387259,0.33,1,1354512,1354075,437
97151981,25.6666,22.8108,440,42217,0.405452,0.33,1,1354536,1354096,440
97154901,6.73332,6.16215,440,42267,0.40909,0.39,1,1354538,1354098,440
97157821,18.9467,19.6324,439,42317,0.377818,0.35,1,1354560,1354121,439
97160741,22.9893,23.1265,439,42367,0.435564,0.39,1,1354584,1354145,439
97163661,22.1979,22.2253,439,42417,0.463113,0.37,1,1354606,1354167,439
97166581,22.0396,22.8451,438,42467,0.468623,0.35,1,1354628,1354190,438
97169501,28.4079,27.769,439,42517,0.485725,0.37,1,1354658,1354219,439
97172421,34.4816,35.1538,438,42567,0.481145,0.39,1,1354694,1354256,438
97175341,33.2963,32.6308,439,42617,0.504229,0.35,1,1354727,1354288,439
97178261,32.2593,32.1262,439,42667,0.540846,0.37,1,1354759,1354320,439
97181181,47.2519,45.6252,441,42716,0.548169,0.41,1,1354810,1354369,441
97184101,63.8504,64.325,440,42765,0.597634,0.37,1,1354878,1354438,440
97187021,50.3701,49.665,441,42814,0.591527,0.39,1,1354925,1354484,441
97189941,30.874,32.333,439,42863,0.606305,0.41,1,1354951,1354512,439
97192861,26.1748,25.6666,440,42912,0.641261,0.41,1,1354976,1354536,440
97195781,6.83496,6.73332,440,42961,0.648252,0.37,1,1354978,1354538,440
97198701,18.967,18.9467,440,43010,0.61765,0.37,1,1355000,1354560,440
97201621,23.7934,3.78933,465,43059,0.64353,0.45,1,1355025,1354560,465
97204541,23.1587,19.9579,464,43108,0.648706,0.47,1,1355048,1354584,464
97207461,22.2317,21.5916,464,43157,0.665741,0.47,1,1355070,1354606,464
97210381,29.2463,21.9183,473,43206,0.701148,0.49,1,1355101,1354628,473
97213301,36.2493,28.3837,481,43255,0.67623,0.48,1,1355139,1354658,481
97216221,34.4499,34.4767,479,43304,0.687246,0.51,1,1355173,1354694,479
97219141,32.49,33.2953,478,43353,0.689449,0.55,1,1355205,1354727,478
97222061,48.898,32.2591,499,43402,0.72189,0.55,1,1355258,1354759,499
97224981,64.9796,47.2518,517,43451,0.728378,0.61,1,1355327,1354810,517
97227901,49.7959,63.8504,495,43500,0.729676,0.59,1,1355373,1354878,495
97230821,32.3592,50.3701,476,43549,0.761935,0.61,2,1355401,1354925,476
97233741,27.2718,30.874,476,43597,0.704387,0.65,1,1355427,1354951,476
97236661,7.05437,26.1748,453,43645,0.692877,0.65,1,1355429,1354976,453
97239581,19.8109,6.83496,474,43693,0.706575,0.61,1,1355452,1354978,474
97242501,25.5622,18.967,479,43741,0.709315,0.65,1,1355479,1355000,479
97245421,22.7124,23.7934,476,43789,0.757863,0.65,2,1355501,1355025,476
97248341,23.7425,23.1587,477,43837,0.799573,0.67,2,1355525,1355048,477
97251261,30.3485,22.2317,487,43885,0.839915,0.71,2,1355557,1355070,487
97254181,35.6697,29.2463,493,43933,0.911983,0.67,2,1355594,1355101,493
97257101,34.3339,36.2493,489,43981,0.894397,0.69,2,1355628,1355139,489
97260021,32.4668,34.4499,487,44029,0.890879,0.69,2,1355660,1355173,487
97262941,50.4934,32.49,510,44077,0.906176,0.73,2,1355715,1355205,510
97265861,65.2987,48.898,526,44125,0.893235,0.73,2,1355784,1355258,526
97268781,49.8597,64.9796,503,44173,0.890647,0.73,2,1355830,1355327,503
97271701,32.3719,49.7959,485,44221,0.922129,0.77,2,1355858,1355373,485
97274621,25.6744,32.3592,481,44269,0.928426,0.69,2,1355882,1355401,481
97277541,6.73488,27.2718,457,44317,0.929685,0.69,2,1355884,1355427,457
97280461,20.547,7.05437,479,44365,0.945937,0.71,2,1355908,1355429,479
97461501,35,17,548,47221,0.77,1,2,1357918,1357370,548
97464421,25.4,27.4,541,47266,0.802,1,2,1357941,1357400,541
97514061,415.48,487.08,452,21900,0.2324,0.47,1,1358454,1358002,452
97516981,106.296,128.616,442,21997,0.10248,0.29,1,1358483,1358041,442
97519901,84.4592,69.7232,466,22093,0.044496,0.17,1,1358562,1358096,466
97522821,109.692,98.7446,476,22189,0.0488992,0.07,1,1358678,1358202,476
97525741,53.9384,82.1489,438,22285,0.0977798,0.05,1,1358718,1358280,438
97528661,49.1877,45.2298,450,22380,0.107556,0.07,1,1358766,1358316,450
97531581,53.8375,73.846,424,22475,0.0775112,0.01,1,1358821,1358397,424
97534501,37.9675,34.7692,433,22569,0.0235022,0.09,1,1358855,1358422,433
97537421,46.7935,32.5538,450,22663,0.0127004,0.07,1,1358904,1358454,450
97540341,75.7587,29.7108,504,22757,0.0425401,0.03,1,1358987,1358483,504
97543261,107.152,69.1422,540,22850,0.080508,0.05,1,1359102,1358562,540
97546181,53.4303,106.628,464,22943,0.0881016,0.11,1,1359142,1358678,464
97549101,49.0861,53.3257,472,23035,0.12162,0.11,1,1359190,1358718,472
97552021,53.8172,49.0651,479,23127,0.176324,0.07,1,1359245,1358766,479
97554941,36.3634,53.813,456,23219,0.219265,0.01,1,1359277,1358821,456
97557861,45.6727,37.9626,470,23310,0.195853,0.01,1,1359325,1358855,470
97560781,76.3345,46.7925,505,23401,0.191171,0.05,1,1359409,1358904,505
97563701,109.667,75.7585,540,23492,0.270234,0.09,1,1359527,1358987,540
97566621,54.7334,107.152,466,23582,0.270047,0.09,1,1359568,1359102,466
97569541,50.1467,53.4303,475,23672,0.318009,0.13,1,1359617,1359142,475
97572461,56.4293,49.0861,485,23762,0.295602,0.19,1,1359675,1359190,485
97575381,36.8859,53.8172,462,23851,0.32312,0.23,1,1359707,1359245,462
97578301,44.1772,36.3634,476,23940,0.344624,0.19,1,1359753,1359277,476
97581221,10.4354,45.6727,430,24029,0.348925,0.19,1,1359755,1359325,430
97584141,70.0871,76.3345,431,24117,0.381785,0.29,1,1359840,1359409,431
97587061,112.417,109.667,436,24205,0.516357,0.27,1,1359963,1359527,436
97589981,56.0835,54.7334,437,24293,0.511271,0.33,1,1360005,1359568,437
97592901,51.2167,50.1467,438,24380,0.510254,0.29,1,1360055,1359617,438
97595821,55.0433,56.4293,436,24467,0.526051,0.33,1,1360111,1359675,436
97598741,38.2087,36.8859,438,24554,0.51321,0.35,1,1360145,1359707,438
97601661,45.2417,44.1772,439,24640,0.510642,0.35,1,1360192,1359753,439
97604581,10.6483,10.4354,439,24726,0.542128,0.39,1,1360194,1359755,439
97607501,72.5297,70.0871,442,24812,0.532426,0.55,1,1360282,1359840,442
97610421,116.906,112.417,447,24897,0.546485,0.51,1,1360410,1359963,447
97613341,56.9812,56.0835,447,24982,0.581297,0.51,1,1360452,1360005,447
97616261,51.3962,51.2167,447,25067,0.604259,0.53,1,1360502,1360055,447
97619181,55.8792,55.0433,448,25152,0.592852,0.51,1,1360559,1360111,448
97622101,38.3758,38.2087,448,25236,0.59057,0.51,1,1360593,1360145,448
97625021,44.4752,45.2417,447,25320,0.670114,0.55,1,1360639,1360192,447
97627941,10.495,10.6483,447,25404,0.654023,0.53,1,1360641,1360194,447
97630861,72.499,72.5297,447,25487,0.666805,0.53,1,1360729,1360282,447
97633781,117.7,14.5059,576,25570,0.701361,0.55,1,1360858,1360282,576
97636701,57.14,105.301,490,25653,0.740272,0.59,1,1360900,1360410,490
97639621,52.228,54.6602,499,25736,0.732054,0.61,1,1360951,1360452,499
97642541,55.2456,50.932,505,25818,0.730411,0.59,1,1361007,1360502,505
97645461,40.6491,55.7864,485,25900,0.714082,0.59,1,1361044,1360559,485
97648381,46.5298,38.3573,499,25982,0.806816,0.69,2,1361092,1360593,499
97651301,10.906,44.4715,455,26064,0.825363,0.65,2,1361094,1360639,455
97654221,71.7812,10.4943,540,26145,0.845073,0.67,2,1361181,1360641,540
97765181,32,28,511,29065,0.57,1,1,1363294,1362783,511
97768101,32,28,515,29138,0.602,1,1,1363326,1362811,515
97771021,32,39.2,505,29211,0.5764,1,1,1363358,1362853,505
97773941,57.6,34.24,536,29283,0.52328,0.97,1,1363422,1362886,536
97776861,31.52,54.848,501,29355,0.544656,1,1,1363447,1362946,501
97779781,45.504,38.1696,516,29427,0.436931,1,1,1363496,1362980,516
97782701,53.1008,42.0339,528,29499,0.415386,0.98,1,1363551,1363023,528
97785621,112.22,54.8068,597,29571,0.363077,0.75,1,1363678,1363081,597
97788541,52.044,125.361,491,29643,0.368615,0.61,1,1363715,1363224,491
97791461,33.6088,55.4723,482,29714,0.369723,0.57,1,1363744,1363262,482
97794381,29.9218,36.6945,479,29785,0.369945,0.61,1,1363773,1363294,479
97797301,7.58435,32.9389,449,29856,0.369989,0.57,1,1363775,1363326,449
97800221,27.1169,32.1878,449,29927,0.401998,0.51,1,1363807,1363358,449
97803141,56.6234,57.6376,449,29998,0.4564,0.55,1,1363871,1363422,449
97806061,26.5247,31.5275,443,30069,0.45128,0.41,1,1363890,1363447,443
97808981,46.9049,45.5055,446,30139,0.498256,0.41,1,1363942,1363496,446
97811901,50.181,53.1011,442,30209,0.491651,0.35,1,1363993,1363551,442
97814821,109.236,112.22,439,30279,0.52233,0.37,1,1364117,1363678,439
97817741,51.4472,52.044,439,30349,0.544466,0.37,1,1364154,1363715,439
97820661,34.2894,33.6088,440,30419,0.596893,0.37,1,1364184,1363744,440
97823581,30.8579,29.9218,441,30489,0.575379,0.37,1,1364214,1363773,441
97826501,7.77158,7.58435,441,30558,0.571076,0.41,1,1364216,1363775,441
97829421,28.7543,27.1169,443,30627,0.554215,0.47,1,1364250,1363807,443
97832341,56.9509,56.6234,443,30696,0.582843,0.45,1,1364314,1363871,443
97835261,25.7902,26.5247,442,30765,0.588569,0.51,1,1364332,1363890,442
97838181,49.158,46.9049,445,30834,0.573714,0.49,1,1364387,1363942,445
97841101,51.4316,50.181,446,30903,0.554743,0.53,1,1364439,1363993,446
97844021,111.086,109.236,448,30971,0.646949,0.55,1,1364565,1364117,448
97846941,51.0173,51.4472,447,31039,0.66539,0.61,1,1364601,1364154,447
97849861,35.0035,34.2894,448,31107,0.701078,0.57,1,1364632,1364184,448
97852781,31.0007,30.8579,448,31175,0.740216,0.57,1,1364662,1364214,448
97855701,7.80014,7.77158,448,31243,0.748043,0.55,1,1364664,1364216,448
97858621,28.76,28.7543,448,31311,0.733609,0.55,1,1364698,1364250,448
97861541,56.952,5.75086,512,31379,0.746722,0.59,1,1364762,1364250,512
97864461,25.7904,52.3502,466,31446,0.749344,0.59,1,1364780,1364314,466
97867381,48.3581,24.87,502,31513,0.781869,0.57,2,1364834,1364332,502
97870301,52.0716,48.974,500,31580,0.772374,0.55,2,1364887,1364387,500
97873221,116.014,51.3948,580,31647,0.834475,0.67,2,1365019,1364439,580
97876141,52.8029,111.079,491,31714,0.894895,0.67,2,1365056,1364565,491
97879061,36.1606,51.0158,487,31781,0.874979,0.71,2,1365088,1364601,487
97881981,32.0321,35.0032,487,31848,0.886996,0.75,2,1365119,1364632,487
97884901,8.00642,31.0006,459,31914,0.857399,0.75,2,1365121,1364662,459
97887821,28.8013,7.80013,491,31980,0.88348,0.73,2,1365155,1364664,491
98048421,30,29,517,35433,0.61,1,1,1367614,1367097,517
98051341,35.6,35.4,517,35493,0.546,1,1,1367651,1367134,517
98054261,31.12,34.28,513,35553,0.4372,1,1,1367681,1367168,513
98057181,34.224,33.256,515,35612,0.33544,0.92,1,1367716,1367201,515
98060101,23.6448,33.0512,503,35671,0.251088,1,1,1367737,1367234,503
98063021,34.329,33.0102,507,35730,0.122218,1,1,1367774,1367267,507
98065941,74.0658,96.202,479,35789,0.0244435,1,1,1367858,1367379,479
98068861,51.6132,51.2404,485,35848,0.0448887,0.89,1,1367904,1367419,485
98071781,51.1226,62.2481,471,35907,0.0489777,0.93,1,1367955,1367484,471
98074701,33.4245,39.6496,466,35966,0.0337955,0.87,1,1367984,1367518,466
98077621,29.0849,35.1299,460,36025,0.0147591,0.71,1,1368012,1367552,460
98080541,29.017,32.626,457,36084,0.0269518,0.61,1,1368041,1367584,457
98083461,24.2034,30.5252,450,36143,0.0133904,0.53,1,1368064,1367614,450
98086381,31.2407,35.705,446,36201,0.0586781,0.41,1,1368097,1367651,446
98089301,24.6481,31.141,439,36259,0.0517356,0.31,1,1368120,1367681,439
98092221,30.5296,34.2282,436,36317,0.0343471,0.23,1,1368152,1367716,436
98095141,16.5059,23.6456,428,36375,0.0628694,0.09,1,1368165,1367737,428
98098061,28.1012,34.3291,422,36433,0.116574,0,1,1368196,1367774,422
98100981,72.8202,74.0658,422,36491,0.0473148,0.05,1,1368280,1367858,422
98103901,51.364,51.6132,422,36549,0.033463,0.05,1,1368326,1367904,422
98106821,52.6728,51.1226,424,36607,0.0626926,0.03,1,1368379,1367955,424
98109741,32.9346,33.4245,423,36665,0.0365385,0.01,1,1368407,1367984,423
98112661,28.9869,29.0849,423,36723,0.0633077,0.03,1,1368435,1368012,423
98115581,28.1974,29.017,422,36781,0.0366615,0.01,1,1368463,1368041,422
98118501,25.6395,24.2034,424,36838,0.00733231,0.07,1,1368488,1368064,424
98121421,29.9279,31.2407,422,36895,0.0894665,0.05,1,1368519,1368097,422
98124341,24.3856,24.6481,422,36952,0.105893,0.03,1,1368542,1368120,422
98127261,32.0771,30.5296,424,37009,0.0931787,0.07,1,1368576,1368152,424
98130181,17.6154,16.5059,425,37066,0.0906357,0.13,1,1368590,1368165,425
98133101,27.5231,28.1012,424,37123,0.106127,0.03,1,1368620,1368196,424
98136021,71.1046,72.8202,422,37180,0.0772254,0.03,1,1368702,1368280,422
98138941,51.0209,14.564,468,37237,0.0554451,0.03,1,1368748,1368280,468
98141861,52.6042,39.7128,475,37294,0.035089,0.07,1,1368801,1368326,475
98144781,32.1208,50.3426,449,37351,0.0150178,0.03,1,1368828,1368379,449
98147701,29.6242,32.4685,450,37408,0.0590036,0.07,1,1368857,1368407,450
98150621,27.5248,28.8937,449,37464,0.0998007,0.03,1,1368884,1368435,449
98153541,25.505,28.1787,446,37520,0.0279601,0,1,1368909,1368463,446
98156461,30.701,25.6357,453,37576,0.061592,0.11,1,1368941,1368488,453
98159381,26.9402,29.9272,448,37632,0.0683184,0.11,1,1368967,1368519,448
98162301,30.988,24.3854,457,37688,0.117664,0.09,1,1368999,1368542,457
98165221,18.1976,32.0771,438,37744,0.143533,0.09,1,1369014,1368576,438
98168141,27.6395,17.6154,454,37800,0.116707,0.11,1,1369044,1368590,454
98171061,69.5279,27.5231,504,37856,0.143341,0.07,1,1369124,1368620,504
98173981,51.5056,71.1046,469,37912,0.132668,0.05,1,1369171,1368702,469
98176901,51.9011,51.0209,475,37968,0.130534,0.03,1,1369223,1368748,475
98179821,31.9802,52.6042,449,38024,0.114107,0.01,1,1369250,1368801,449
98182741,31.196,32.1208,453,38080,0.110821,0.07,1,1369281,1368828,453
98185661,26.2392,29.6242,449,38135,0.142164,0.11,1,1369306,1368857,449
98188581,25.2478,27.5248,447,38190,0.132433,0.01,1,1369331,1368884,447
98191501,33.0496,25.505,457,38245,0.0824866,0.07,1,1369366,1368909,457
98194421,29.0099,30.701,453,38300,0.104497,0.07,1,1369394,1368941,453
98197341,31.402,26.9402,459,38355,0.172899,0.13,1,1369426,1368967,459
98200261,17.4804,30.988,441,38410,0.18658,0.15,1,1369440,1368999,441
98203181,27.4961,18.1976,456,38465,0.205316,0.11,1,1369470,1369014,456
98206101,71.0992,27.6395,508,38520,0.225063,0.15,1,1369552,1369044,508
98209021,51.0198,69.5279,474,38575,0.261013,0.13,1,1369598,1369124,474
98211941,11.804,51.5056,429,38630,0.268203,0.13,1,1369600,1369171,429
98214861,43.1608,51.9011,428,38685,0.269641,0.11,1,1369651,1369223,428
98217781,29.4322,31.9802,427,38740,0.301928,0.11,1,1369677,1369250,427
98220701,30.6864,31.196,427,38795,0.260386,0.15,1,1369708,1369281,427
98223621,27.7373,26.2392,429,38849,0.268077,0.13,1,1369735,1369306,429
98226541,23.1475,25.2478,426,38903,0.269615,0.07,1,1369757,1369331,426
98229461,31.8295,33.0496,425,38957,0.253923,0.11,1,1369791,1369366,425
98232381,32.7659,29.0099,430,39011,0.266785,0.19,1,1369824,1369394,430
98235301,32.9532,31.402,431,39065,0.285357,0.19,1,1369857,1369426,431
98238221,17.7906,17.4804,431,39119,0.305071,0.21,1,1369871,1369440,431
98241141,28.3581,27.4961,432,39173,0.341014,0.23,1,1369902,1369470,432
98244061,72.0716,71.0992,433,39227,0.380203,0.27,1,1369985,1369552,433
98246981,52.8143,51.0198,435,39281,0.324041,0.27,1,1370033,1369598,435
98249901,12.1629,11.804,435,39335,0.312808,0.27,1,1370035,1369600,435
98252821,43.2326,43.1608,435,39389,0.310562,0.31,1,1370086,1369651,435
98255741,29.4465,29.4322,435,39443,0.374112,0.25,1,1370112,1369677,435
98258661,29.8893,30.6864,434,39497,0.386822,0.27,1,1370142,1369708,434
98261581,26.7779,27.7373,433,39550,0.389365,0.27,1,1370168,1369735,433
98264501,22.9556,23.1475,433,39603,0.405873,0.25,1,1370190,1369757,433
98267421,32.5911,31.8295,434,39656,0.393175,0.27,1,1370225,1369791,434
98270341,32.1182,32.7659,433,39709,0.422635,0.29,1,1370257,1369824,433
98273261,35.2236,32.9532,436,39762,0.444527,0.31,1,1370293,1369857,436
98276181,19.8447,17.7906,438,39815,0.464905,0.35,1,1370309,1369871,438
98279101,27.9689,28.3581,437,39868,0.484981,0.39,1,1370339,1369902,437
98282021,73.5938,72.0716,439,39921,0.488996,0.31,1,1370424,1369985,439
98284941,51.5188,52.8143,437,39974,0.473799,0.31,1,1370470,1370033,437
98287861,11.9038,12.1629,437,40027,0.47076,0.31,1,1370472,1370035,437
98290781,43.1807,43.2326,437,40080,0.534152,0.31,1,1370523,1370086,437
98293701,30.2361,8.64651,464,40133,0.56283,0.39,1,1370550,1370086,464
98296621,30.0472,22.5293,468,40186,0.568566,0.39,1,1370580,1370112,468
98299541,26.8094,28.5059,464,40239,0.569713,0.39,1,1370606,1370142,464
98302461,23.7619,26.5012,461,40291,0.585943,0.41,1,1370629,1370168,461
98305381,31.9524,22.9002,473,40343,0.589189,0.39,1,1370663,1370190,473
98308301,33.5905,32.58,472,40395,0.589838,0.43,1,1370697,1370225,472
98311221,38.7181,32.116,480,40447,0.637968,0.45,1,1370737,1370257,480
98314141,18.9436,35.2232,458,40499,0.615593,0.47,1,1370751,1370293,458
98317061,28.5887,19.8446,473,40551,0.659119,0.49,1,1370782,1370309,473
98319981,74.5177,27.9689,529,40603,0.699824,0.49,1,1370868,1370339,529
98322901,51.7035,73.5938,490,40655,0.707965,0.47,1,1370914,1370424,490
98325821,11.9407,51.5188,446,40707,0.709593,0.47,1,1370916,1370470,446
98328741,45.5881,11.9038,498,40759,0.757919,0.55,2,1370970,1370472,498
98331661,32.3176,43.1807,476,40811,0.799584,0.57,2,1370999,1370523,476
98334581,30.4635,30.2361,479,40863,0.807917,0.57,2,1371029,1370550,479
98337501,26.8927,30.0472,475,40915,0.841583,0.57,2,1371055,1370580,475
98340421,24.5785,26.8094,473,40967,0.848317,0.59,2,1371079,1370606,473
98343341,32.1157,23.7619,484,41019,0.865663,0.59,2,1371113,1370629,484
98346261,33.6231,31.9524,484,41070,0.885133,0.59,2,1371147,1370663,484
98349181,39.5246,33.5905,491,41121,0.873026,0.65,2,1371188,1370697,491
98352101,20.7049,38.7181,467,41172,0.886605,0.61,2,1371204,1370737,467
98355021,29.741,18.9436,485,41223,0.905321,0.67,2,1371236,1370751,485
98606141,87,99,481,20647,0.29,0.51,1,1374295,1373814,481
98609061,62.2,75.8,467,20750,0.322,0.35,1,1374351,1373884,467
98611981,62.84,63.16,470,20852,0.3604,0.29,1,1374414,1373944,470
98614901,58.168,61.432,466,20954,0.41608,0.27,1,1374471,1374005,466
98617821,29.2336,38.6864,455,21055,0.395216,0.29,1,1374493,1374038,455
98620741,32.2467,38.1373,450,21156,0.455043,0.27,1,1374526,1374076,450
98623661,100.849,113.227,436,21256,0.499009,0.29,1,1374644,1374208,436
98626581,90.5699,92.2455,437,21356,0.539802,0.33,1,1374732,1374295,437
98629501,63.714,63.2491,438,21455,0.59596,0.37,1,1374789,1374351,438
98632421,63.1428,63.0498,438,21554,0.623192,0.43,1,1374852,1374414,438
98635341,60.6286,58.21,441,21652,0.676638,0.39,1,1374912,1374471,441
98638261,29.7257,29.242,441,21750,0.655328,0.47,1,1374934,1374493,441
98641181,35.5451,32.2484,445,21848,0.667066,0.51,1,1374971,1374526,445
98644101,101.509,100.85,445,21945,0.701413,0.55,1,1375089,1374644,445
98647021,93.9018,90.5699,449,22042,0.724283,0.61,1,1375181,1374732,449
98649941,65.1804,63.714,450,22138,0.776857,0.63,2,1375239,1374789,450
98652861,64.2361,63.1428,451,22234,0.835371,0.69,2,1375303,1374852,451
98655781,63.2472,60.6286,454,22329,0.847074,0.65,2,1375366,1374912,454
98658701,30.2494,29.7257,454,22424,0.865415,0.67,2,1375388,1374934,454
98661621,35.6499,35.5451,454,22519,0.885083,0.67,2,1375425,1374971,454
98664541,103.13,7.10903,574,22613,0.841017,0.71,2,1375545,1374971,574
98667461,95.026,95.8218,549,22707,0.848203,0.73,2,1375638,1375089,549
98670381,67.8052,92.7644,518,22800,0.865641,0.79,2,1375699,1375181,518
98673301,67.161,64.9529,527,22893,0.917128,0.85,2,1375766,1375239,527
98676221,63.8322,64.1906,526,22986,0.927426,0.85,2,1375829,1375303,526
98760901,34,0,527,25523,0.71,1,1,1377608,1377081,527
98763821,66,44,546,25606,0.646,1,1,1377682,1377136,546
98766741,45.2,63.2,518,25689,0.5212,1,1,1377722,1377204,518
98769661,48.24,53.44,516,25771,0.52824,1,1,1377771,1377255,516
98772581,36.048,38.688,514,25853,0.433648,1,1,1377804,1377290,514
98775501,107.21,38.1376,601,25935,0.33473,1,1,1377929,1377328,601
98778421,81.4419,110.028,548,26017,0.298946,0.95,1,1378004,1377456,548
98781341,44.2884,87.6055,501,26098,0.291789,0.8,1,1378039,1377538,501
98784261,30.4577,46.3211,492,26179,0.306358,0.71,1,1378066,1377574,492
98787181,57.2915,36.4642,522,26260,0.325272,0.63,1,1378130,1377608,522
98790101,43.4583,66.4928,488,26341,0.409054,0.49,1,1378170,1377682,488
98793021,47.0917,45.2986,496,26421,0.457811,0.53,1,1378218,1377722,496
98795941,31.0183,48.2597,474,26501,0.451562,0.41,1,1378245,1377771,474
98798861,100.604,36.0519,559,26581,0.418312,0.31,1,1378363,1377804,559
98801781,80.9207,107.21,510,26661,0.459663,0.29,1,1378439,1377929,510
98804701,44.1841,81.4421,470,26740,0.467933,0.29,1,1378474,1378004,470
98807621,32.0368,44.2884,464,26819,0.517587,0.31,1,1378503,1378039,464
98810541,57.6074,30.4577,501,26898,0.527517,0.33,1,1378567,1378066,501
98813461,13.1215,57.2915,439,26977,0.529503,0.43,1,1378569,1378130,439
98816381,37.8243,43.4583,443,27056,0.593901,0.47,1,1378613,1378170,443
98819301,45.9649,47.0917,443,27134,0.57478,0.45,1,1378661,1378218,443
98822221,29.993,31.0183,442,27212,0.618956,0.41,1,1378687,1378245,442
98825141,100.399,100.604,442,27290,0.659791,0.47,1,1378805,1378363,442
98828061,83.2797,80.9207,445,27368,0.715958,0.47,1,1378884,1378439,445
98830981,44.6559,44.1841,445,27445,0.759192,0.53,2,1378919,1378474,445
98833901,34.5312,32.0368,448,27522,0.799838,0.53,2,1378951,1378503,448
98836821,59.7062,57.6074,450,27599,0.807968,0.53,2,1379017,1378567,450
98839741,13.5412,13.1215,450,27676,0.809594,0.61,2,1379019,1378569,450
98842661,37.9082,37.8243,450,27753,0.809919,0.57,2,1379063,1378613,450
98845581,46.7817,45.9649,451,27829,0.825984,0.63,2,1379112,1378661,451
98848501,30.1563,29.993,451,27905,0.845197,0.67,2,1379138,1378687,451
98851421,104.431,100.399,456,27981,0.913039,0.73,2,1379261,1378805,456
98854341,86.4863,83.2797,459,28057,0.894608,0.77,2,1379343,1378884,459
98857261,46.0973,44.6559,460,28132,0.922922,0.81,2,1379379,1378919,460
98860181,35.6194,34.5312,461,28207,0.912584,0.81,2,1379412,1378951,461
98863101,59.1239,59.7062,460,28282,0.894517,0.81,2,1379477,1379017,460
98866021,13.4248,13.5412,460,28357,0.890903,0.81,2,1379479,1379019,460
98868941,38.685,2.70825,505,28432,0.842181,0.81,2,1379524,1379019,505
98871861,46.137,35.7417,509,28506,0.832436,0.83,2,1379572,1379063,509
98874781,30.8274,46.3483,487,28580,0.878487,0.85,2,1379599,1379112,487
98979901,38,38,503,31136,0.59,1,1,1381454,1380951,503
98982821,28.4,35.6,494,31204,0.574,1,1,1381480,1380986,494
98985741,32.08,32.72,495,31272,0.4268,1,1,1381513,1381018,495
98988661,37.616,28.944,506,31340,0.33336,1,1,1381552,1381046,506
98991581,74.7232,5.7888,590,31408,0.218672,1,1,1381636,1381046,590
98994501,75.7446,94.7578,549,31475,0.147734,1,1,1381712,1381163,549
98997421,47.9489,74.1516,521,31542,0.101547,1,1,1381753,1381232,521
99000341,28.7898,55.6303,494,31609,0.0763094,1,1,1381777,1381283,494
99003261,56.158,30.3261,533,31676,0.0712619,0.87,1,1381840,1381307,533
99006181,37.6316,62.0652,496,31743,0.0542524,0.69,1,1381873,1381377,496
99009101,32.3263,43.613,488,31810,0.0668505,0.59,1,1381904,1381416,488
99012021,24.8653,39.1226,473,31877,0.0373701,0.57,1,1381927,1381454,473
99014941,27.3731,28.6245,475,31943,0.063474,0.39,1,1381955,1381480,475
99017861,31.8746,32.1249,475,32009,0.0686948,0.31,1,1381988,1381513,475
99020781,67.1749,37.625,512,32075,0.037739,0.19,1,1382064,1381552,512
99023701,73.435,74.725,503,32141,0.127548,0.13,1,1382139,1381636,503
99026621,44.287,75.745,464,32207,0.17751,0.09,1,1382176,1381712,464
99029541,28.0574,47.949,447,32273,0.187502,0.07,1,1382200,1381753,447
99032461,55.2115,28.7898,485,32339,0.1575,0.07,1,1382262,1381777,485
99035381,38.2423,56.158,456,32404,0.1355,0.05,1,1382296,1381840,456
99038301,33.2485,37.6316,455,32469,0.1471,0.07,1,1382328,1381873,455
99041221,23.4497,32.3263,445,32534,0.18142,0.03,1,1382349,1381904,445
99044141,29.4899,24.8653,453,32599,0.188284,0.07,1,1382380,1381927,453
99047061,31.498,27.3731,457,32664,0.221657,0.07,1,1382412,1381955,457
99049981,69.4996,31.8746,503,32729,0.244331,0.03,1,1382491,1381988,503
99052901,15.4999,67.1749,429,32794,0.248866,0.15,1,1382493,1382064,429
99055821,63.9,73.435,430,32858,0.377773,0.19,1,1382569,1382139,430
99058741,43.18,44.287,431,32922,0.403555,0.19,1,1382607,1382176,431
99061661,27.836,28.0574,431,32986,0.440711,0.15,1,1382631,1382200,431
99064581,53.5672,55.2115,429,33050,0.416142,0.13,1,1382691,1382262,429
99067501,37.1134,38.2423,428,33114,0.491228,0.15,1,1382724,1382296,428
99070421,34.6227,33.2485,430,33178,0.506246,0.19,1,1382758,1382328,430
99073341,24.5245,23.4497,431,33242,0.541249,0.19,1,1382780,1382349,431
99076261,29.7049,29.4899,431,33306,0.50025,0.23,1,1382811,1382380,431
99079181,33.141,31.498,433,33370,0.52405,0.25,1,1382845,1382412,433
99082101,72.2282,69.4996,436,33433,0.52881,0.25,1,1382927,1382491,436
99085021,16.0456,15.4999,436,33496,0.529762,0.41,1,1382929,1382493,436
99087941,67.2091,63.9,440,33559,0.561952,0.41,1,1383009,1382569,440
99090861,45.4418,43.18,442,33622,0.60039,0.45,1,1383049,1382607,442
99093781,28.2884,27.836,442,33685,0.672078,0.41,1,1383073,1382631,442
99096701,53.6577,53.5672,442,33748,0.654416,0.51,1,1383133,1382691,442
99099621,39.5315,37.1134,445,33811,0.682883,0.51,1,1383169,1382724,445
99102541,36.7063,34.6227,447,33874,0.688577,0.55,1,1383205,1382758,447
99105461,24.9413,24.5245,447,33936,0.705715,0.49,1,1383227,1382780,447
99108381,28.9883,29.7049,446,33998,0.725143,0.53,1,1383257,1382811,446
99111301,34.5977,33.141,448,34060,0.697029,0.53,1,1383293,1382845,448
99114221,72.5195,72.2282,448,34122,0.723406,0.53,1,1383375,1382927,448
99117141,16.1039,16.0456,448,34184,0.728681,0.57,1,1383377,1382929,448
99120061,67.2208,67.2091,448,34246,0.697736,0.57,1,1383457,1383009,448
99122981,47.8442,13.4418,491,34308,0.723547,0.61,1,1383500,1383009,491
99125901,30.3688,34.6884,477,34370,0.728709,0.69,1,1383526,1383049,477
99128821,54.0738,26.1377,513,34432,0.777742,0.65,2,1383586,1383073,513
99131741,41.2148,53.2275,491,34493,0.787548,0.69,2,1383624,1383133,491
99134661,37.043,39.4455,491,34554,0.80551,0.69,2,1383660,1383169,491
99137581,26.6086,36.6891,479,34615,0.793102,0.71,2,1383684,1383205,479
99140501,29.3217,24.9378,487,34676,0.79062,0.73,2,1383714,1383227,487
99143421,33.0643,28.9876,491,34737,0.790124,0.69,2,1383748,1383257,491
99146341,73.8129,34.5975,539,34798,0.806025,0.73,2,1383832,1383293,539
99149261,16.3626,72.5195,459,34859,0.809205,0.73,2,1383834,1383375,459
99152181,66.4725,16.1039,536,34920,0.825841,0.69,2,1383913,1383377,536
99155101,48.4945,67.2208,500,34981,0.861168,0.73,2,1383957,1383457,500
99158021,31.2989,47.8442,484,35041,0.884234,0.73,2,1383984,1383500,484
99160941,55.8598,30.3688,520,35101,0.888847,0.79,2,1384046,1383526,520
99163861,41.572,54.0738,498,35161,0.905769,0.79,2,1384084,1383586,498
99166781,38.7144,41.2148,498,35221,0.909154,0.81,2,1384122,1383624,498
99169701,25.3429,37.043,484,35281,0.909831,0.79,2,1384144,1383660,484
99172621,29.0686,26.6086,490,35341,0.909966,0.79,2,1384174,1383684,490
99175541,33.0137,29.3217,494,35401,0.925993,0.79,2,1384208,1383714,494
99283581,87,29,568,37548,0.93,1,2,1385728,1385160,568
99286501,34.2,73.8,504,37604,0.946,1,2,1385749,1385245,504
99289421,36.44,29.16,523,37660,0.8532,1,2,1385786,1385263,523
99292341,67.288,57.032,534,37716,0.78664,1,2,1385861,1385327,534
99295261,35.8576,54.6064,508,37772,0.805328,1,2,1385889,1385381,508
99298181,35.9715,35.7213,513,37828,0.809066,1,2,1385925,1385412,513
99301101,25.5943,34.3443,502,37884,0.777813,1,2,1385948,1385446,502
99304021,30.7189,27.6689,508,37940,0.691563,0.94,1,1385980,1385472,508
99306941,29.3438,29.5338,507,37996,0.738313,1,1,1386009,1385502,507
99309861,34.6688,36.3068,505,38052,0.651663,1,1,1386045,1385540,505
99312781,34.9338,36.8614,503,38108,0.650333,0.95,1,1386080,1385577,503
99315701,30.9867,33.7723,500,38163,0.650067,0.92,1,1386110,1385610,500
99318621,74.1973,31.5545,554,38218,0.682013,0.93,1,1386195,1385641,554
99321541,30.0395,75.9109,486,38273,0.720403,0.95,1,1386214,1385728,486
99324461,33.2079,31.9822,499,38328,0.728081,0.83,1,1386248,1385749,499
99327381,61.0416,35.9964,530,38383,0.729616,0.77,1,1386316,1385786,530
99330301,35.4083,67.1993,484,38438,0.761923,0.81,2,1386345,1385861,484
99333221,37.4817,35.8399,494,38493,0.800385,0.81,2,1386383,1385889,494
99336141,24.2963,35.968,479,38548,0.824077,0.77,2,1386404,1385925,479
99339061,28.0593,25.5936,485,38603,0.844815,0.67,2,1386433,1385948,485
99341981,7.21185,30.7187,455,38658,0.848963,0.75,2,1386435,1385980,455
99344901,28.6424,29.3437,460,38713,0.881793,0.63,2,1386469,1386009,460
99347821,30.5285,34.6687,455,38768,0.936359,0.65,2,1386500,1386045,455
99543461,28,33,502,42260,0.91,1,2,1388962,1388460,502
99546381,35.2,28.2,512,42310,0.814,1,2,1388999,1388487,512
99549301,31.84,32.04,510,42360,0.7948,1,2,1389030,1388520,510
99552221,27.168,34.408,501,42410,0.72696,1,1,1389056,1388555,501
99555141,32.6336,30.8816,505,42460,0.633392,1,1,1389090,1388585,505
99558061,33.7267,45.3763,490,42510,0.630678,1,1,1389124,1388634,490
99560981,37.9453,38.6753,492,42560,0.566136,1,1,1389163,1388671,492
99563901,35.5891,34.1351,494,42610,0.441227,1,1,1389198,1388704,494
99566821,47.9178,54.827,485,42660,0.288245,0.95,1,1389249,1388764,485
99569741,46.3836,43.7654,490,42709,0.0976491,1,1,1389295,1388805,490
99572661,38.0767,40.7531,486,42758,0.0195298,1,1,1389331,1388845,486
99575581,31.6153,34.5506,483,42807,0.027906,0.83,1,1389361,1388878,483
99578501,27.1231,36.5101,472,42856,0.00558119,0.86,1,1389387,1388915,472
99581421,16.6246,22.502,467,42905,0.00911624,0.91,1,1389401,1388934,467
99584341,24.1249,26.9004,465,42954,0.0258232,0.79,1,1389427,1388962,465
99587261,30.425,34.9801,460,43003,0.00516465,0.79,1,1389459,1388999,460
99590181,27.685,6.99602,487,43052,0.0730329,0.79,1,1389486,1388999,487
99593101,26.337,26.1992,482,43101,0.0706066,0.71,1,1389512,1389030,482
99596021,27.6674,26.0398,484,43150,0.0541213,0.61,1,1389540,1389056,484
99598941,30.3335,32.408,481,43199,0.0508243,0.63,1,1389571,1389090,481
99601861,36.4667,33.6816,485,43248,0.0501649,0.55,1,1389609,1389124,485
99604781,32.0933,37.9363,477,43297,0.066033,0.41,1,1389640,1389163,477
99607701,36.8187,35.5873,480,43346,0.0692066,0.25,1,1389678,1389198,480
99610621,40.9637,47.9175,471,43395,0.165841,0.05,1,1389720,1389249,471
99613541,35.3927,46.3835,459,43444,0.0891683,0,1,1389754,1389295,459
99616461,30.2785,38.0767,452,43493,0.0898336,0.03,1,1389783,1389331,452
99619381,26.0557,31.6153,447,43542,0.0579667,0,1,1389808,1389361,447
99622301,16.4111,27.1231,435,43590,0.0515933,0.01,1,1389822,1389387,435
99625221,24.0822,16.6246,447,43638,0.0503187,0.03,1,1389848,1389401,447
99628141,30.4164,24.1249,453,43686,0.0340637,0,1,1389880,1389427,453
99631061,28.4833,30.425,449,43734,0.0148127,0.09,1,1389908,1389459,449
99633981,25.6967,27.685,447,43782,0.0429626,0.07,1,1389933,1389486,447
99636901,27.5393,26.337,449,43830,0.0485925,0.05,1,1389961,1389512,449
99639821,31.1079,27.6674,453,43878,0.0097185,0.05,1,1389993,1389540,453
99642741,36.6216,30.3335,460,43926,0.0579437,0.05,1,1390031,1389571,460
99645661,32.9243,36.4667,454,43974,0.0835887,0.07,1,1390063,1389609,454
99648581,37.7849,32.0933,462,44022,0.0727177,0.07,1,1390102,1389640,462
99651501,44.357,36.8187,470,44070,0.0705435,0.19,1,1390148,1389678,470
99654421,34.4714,40.9637,460,44118,0.0701087,0.07,1,1390180,1389720,460
99657341,26.0943,35.3927,450,44166,0.0860218,0.09,1,1390204,1389754,450
99660261,26.8189,30.2785,448,44214,0.0732043,0.05,1,1390231,1389783,448
99663181,16.5638,26.0557,437,44262,0.0706409,0.05,1,1390245,1389808,437
99666101,23.3128,16.4111,448,44310,0.102128,0.05,1,1390270,1389822,448
99669021,30.2626,24.0822,454,44358,0.124426,0.03,1,1390302,1389848,454
99671941,27.6525,30.4164,449,44406,0.0488851,0.01,1,1390329,1389880,449
99674861,25.5305,28.4833,446,44454,0.033777,0.05,1,1390354,1389908,446
99677781,6.7061,25.6967,423,44501,0.0307554,0.05,1,1390356,1389933,423
99680701,23.7412,27.5393,423,44548,0.0461511,0,1,1390384,1389961,423
99683621,31.9482,31.1079,425,44595,0.0332302,0.07,1,1390418,1389993,425
99686541,37.5896,36.6216,426,44642,0.046646,0.09,1,1390457,1390031,426
99689461,33.1179,32.9243,426,44689,0.0653292,0.07,1,1390489,1390063,426
99692381,37.8236,37.7849,426,44736,0.101066,0.07,1,1390528,1390102,426
99695301,43.5647,44.357,425,44783,0.124213,0.07,1,1390573,1390148,425
99698221,35.1129,34.4714,426,44830,0.160843,0.09,1,1390606,1390180,426
99701141,26.2226,26.0943,426,44877,0.184169,0.07,1,1390630,1390204,426
99704061,26.0445,26.8189,425,44924,0.188834,0.07,1,1390656,1390231,425
99706981,16.4089,16.5638,425,44971,0.189767,0.11,1,1390670,1390245,425
99709901,24.8818,23.3128,427,45018,0.141953,0.13,1,1390697,1390270,427
99712821,29.7764,30.2626,426,45065,0.132391,0.03,1,1390728,1390302,426
99715741,25.1553,27.6525,423,45112,0.178478,0.03,1,1390752,1390329,423
99718661,25.0311,25.5305,423,45159,0.171696,0.03,1,1390777,1390354,423
99721581,6.60621,6.7061,423,45206,0.138339,0.05,1,1390779,1390356,423
99724501,22.9212,23.7412,422,45253,0.147668,0.03,1,1390806,1390384,422
99727421,31.7842,31.9482,422,45300,0.181534,0.05,1,1390840,1390418,422
99730341,39.1568,37.5896,424,45347,0.204307,0.07,1,1390881,1390457,424
99733261,35.0314,33.1179,426,45394,0.208861,0.11,1,1390915,1390489,426
99736181,37.4063,37.8236,425,45440,0.225772,0.13,1,1390953,1390528,425
99739101,46.6813,43.5647,429,45486,0.229154,0.17,1,1391002,1390573,429
99742021,34.9363,35.1129,428,45532,0.245831,0.19,1,1391034,1390606,428
99744941,26.9872,26.2226,429,45578,0.249166,0.19,1,1391059,1390630,429
99747861,26.1975,26.0445,429,45624,0.265833,0.19,1,1391085,1390656,429
99750781,16.4395,16.4089,429,45670,0.269167,0.13,1,1391099,1390670,429
99753701,24.0879,24.8818,428,45716,0.269833,0.13,1,1391125,1390697,428
99756621,30.4176,29.7764,429,45762,0.301967,0.19,1,1391157,1390728,429
99759541,25.2835,25.1553,429,45808,0.276393,0.17,1,1391181,1390752,429
99762461,24.2567,25.0311,428,45854,0.271279,0.13,1,1391205,1390777,428
99765381,6.45134,6.60621,428,45900,0.302256,0.15,1,1391207,1390779,428
99768301,22.8903,22.9212,428,45946,0.308451,0.15,1,1391234,1390806,428
99771221,31.7781,4.58425,462,45992,0.29369,0.19,1,1391268,1390806,462
99774141,39.9556,28.1169,470,46038,0.322738,0.21,1,1391310,1390840,470
99777061,35.1911,38.4234,463,46084,0.344548,0.21,1,1391344,1390881,463
99779981,38.2382,34.8847,468,46130,0.36491,0.23,1,1391383,1390915,468
99782901,46.8476,37.3769,479,46176,0.384982,0.23,1,1391432,1390953,479
99785821,36.5695,46.6754,464,46222,0.436996,0.25,1,1391466,1391002,464
99788741,28.9139,34.9351,459,46268,0.463399,0.25,1,1391493,1391034,459
99791661,26.5828,26.987,460,46314,0.48468,0.27,1,1391519,1391059,460
99794581,16.5166,26.1974,448,46360,0.488936,0.27,1,1391533,1391085,448
99797501,24.1033,16.4395,460,46405,0.505787,0.27,1,1391559,1391099,460
99800421,30.4207,24.0879,466,46450,0.509157,0.31,1,1391591,1391125,466
99803341,25.2841,30.4176,458,46495,0.525831,0.27,1,1391615,1391157,458
99806261,25.0568,25.2835,459,46540,0.513166,0.27,1,1391640,1391181,459
99809181,6.61136,24.2567,437,46585,0.558633,0.31,1,1391642,1391205,437
99812101,22.1223,6.45134,461,46630,0.567727,0.31,1,1391668,1391207,461
99815021,32.4245,22.8903,469,46675,0.585545,0.29,1,1391703,1391234,469
99817941,42.4849,31.7781,480,46720,0.557109,0.33,1,1391748,1391268,480
99820861,35.697,39.9556,472,46765,0.583422,0.35,1,1391782,1391310,472
99823781,39.1394,35.1911,478,46810,0.556684,0.37,1,1391822,1391344,478
99826701,47.8279,38.2382,489,46855,0.551337,0.39,1,1391872,1391383,489
99829621,39.1656,46.8476,477,46900,0.534267,0.45,1,1391909,1391432,477
99832541,30.2331,36.5695,471,46945,0.562854,0.47,1,1391937,1391466,471
99835461,27.6466,28.9139,471,46990,0.600571,0.49,1,1391964,1391493,471
99838381,16.7293,26.5828,459,47035,0.624114,0.49,1,1391978,1391519,459
99841301,24.9459,16.5166,472,47080,0.644823,0.51,1,1392005,1391533,472
99844221,30.5892,24.1033,478,47125,0.648965,0.51,1,1392037,1391559,478
99847141,26.1178,30.4207,471,47170,0.633793,0.53,1,1392062,1391591,471
99850061,26.8236,25.2841,474,47215,0.646759,0.51,1,1392089,1391615,474
99852981,6.96471,25.0568,451,47260,0.649352,0.57,1,1392091,1391640,451
99855901,22.1929,6.61136,475,47305,0.66587,0.57,1,1392117,1391642,475
99858821,33.2386,22.1223,485,47350,0.685174,0.59,1,1392153,1391668,485
99861741,8.24772,32.4245,452,47395,0.689035,0.55,1,1392155,1391703,452
99864661,36.8495,42.4849,451,47439,0.705807,0.59,1,1392199,1391748,451
99867581,34.5699,35.697,451,47483,0.709161,0.55,1,1392233,1391782,451
99870501,37.314,39.1394,449,47527,0.757832,0.55,2,1392271,1391822,449
99873421,47.4628,47.8279,449,47571,0.799567,0.53,2,1392321,1391872,449
99876341,38.2926,39.1656,448,47615,0.807913,0.57,2,1392357,1391909,448
99879261,33.2585,30.2331,452,47659,0.841583,0.61,2,1392389,1391937,452
99882181,29.0517,27.6466,453,47703,0.864316,0.63,2,1392417,1391964,453
99885101,17.0103,16.7293,453,47747,0.900863,0.65,2,1392431,1391978,453
99888021,25.8021,24.9459,454,47791,0.892173,0.65,2,1392459,1392005,454
99890941,30.7604,30.5892,454,47835,0.890435,0.63,2,1392491,1392037,454
99893861,25.3521,26.1178,453,47879,0.938087,0.65,2,1392515,1392062,453
99896781,28.2704,26.8236,455,47923,0.931617,0.65,2,1392544,1392089,455
99899701,7.25408,6.96471,455,47967,0.930323,0.67,2,1392546,1392091,455
99902621,22.2508,22.1929,455,48011,0.946065,0.69,2,1392572,1392117,455
99905541,34.0502,33.2386,456,48055,0.949213,0.69,2,1392609,1392153,456
99908461,8.41003,8.24772,456,48099,0.949843,0.71,2,1392611,1392155,456
99911381,37.682,36.8495,457,48143,0.901969,0.71,2,1392656,1392199,457
99914301,35.5364,34.5699,458,48187,0.924394,0.77,2,1392691,1392233,458
100112861,59,60,506,23541,0.59,1,1,1394817,1394311,506
100115781,68.6,66.4,509,23631,0.462,1,1,1394888,1394379,509
100118701,65.72,62.08,513,23721,0.3884,0.94,1,1394953,1394440,513
100121621,60.344,72.416,497,23810,0.32568,1,1,1395012,1394515,497
100124541,67.2688,57.6832,512,23899,0.201136,0.91,1,1395081,1394569,512
100127461,39.0538,65.1366,477,23988,0.112227,0.83,1,1395113,1394636,477
100130381,30.2108,37.0273,475,24076,0.0944454,0.69,1,1395141,1394666,475
100133301,66.0421,81.0055,458,24164,0.122889,0.59,1,1395216,1394758,458
100136221,52.4084,63.4011,448,24252,0.160578,0.43,1,1395265,1394817,448
100139141,63.2817,69.4802,443,24339,0.168116,0.37,1,1395331,1394888,443
100142061,60.6563,65.896,438,24426,0.169623,0.31,1,1395391,1394953,438
100144981,56.1313,60.3792,434,24513,0.185925,0.17,1,1395446,1395012,434
100147901,63.2263,67.2758,430,24599,0.189185,0.09,1,1395511,1395081,430
100150821,35.0452,39.0552,426,24685,0.221837,0.09,1,1395539,1395113,426
100153741,29.409,30.211,426,24771,0.228367,0.13,1,1395567,1395141,426
100156661,67.4818,66.0422,428,24857,0.341673,0.17,1,1395644,1395216,428
100159581,54.2964,52.4084,430,24942,0.348335,0.17,1,1395695,1395265,430
100162501,62.0593,63.2817,428,25027,0.365667,0.17,1,1395759,1395331,428
100165421,62.0119,60.6563,430,25112,0.385133,0.19,1,1395821,1395391,430
100168341,55.6024,56.1313,429,25196,0.437027,0.19,1,1395875,1395446,429
100171261,64.7205,63.2263,431,25280,0.495405,0.23,1,1395942,1395511,431
100174181,37.7441,35.0452,434,25364,0.491081,0.23,1,1395973,1395539,434
100177101,29.1488,29.409,433,25448,0.506216,0.23,1,1396000,1395567,433
100180021,70.6298,5.88181,514,25531,0.541243,0.37,1,1396081,1395567,514
100182941,54.126,62.7764,487,25614,0.564249,0.35,1,1396131,1395644,487
100185861,62.8252,53.3553,501,25697,0.63285,0.37,1,1396196,1395695,501
100188781,62.965,61.8711,500,25779,0.66257,0.39,1,1396259,1395759,500
100191701,58.193,61.9742,495,25861,0.668514,0.45,1,1396316,1395821,495
100194621,67.6386,55.5948,511,25943,0.685703,0.51,1,1396386,1395875,511
100197541,39.1277,64.719,476,26025,0.705141,0.49,1,1396418,1395942,476
100200461,28.6255,37.7438,471,26106,0.709028,0.51,1,1396444,1395973,471
100203381,73.7251,29.1488,529,26187,0.709806,0.55,1,1396529,1396000,529
100206301,56.345,70.6298,500,26268,0.693961,0.57,1,1396581,1396081,500
100209221,65.669,54.126,518,26349,0.770792,0.65,2,1396649,1396131,518
100212141,65.1338,62.8252,518,26429,0.786158,0.67,2,1396714,1396196,518
100215061,57.8268,62.965,511,26509,0.837232,0.67,2,1396770,1396259,511
100217981,68.3654,58.193,525,26589,0.863446,0.69,2,1396841,1396316,525
100220901,40.0731,67.6386,488,26669,0.852689,0.71,2,1396874,1396386,488
100223821,29.6146,39.1277,483,26748,0.834538,0.71,2,1396901,1396418,483
100226741,73.9229,28.6255,542,26827,0.830908,0.71,2,1396986,1396444,542
100229661,56.3846,73.7251,509,26906,0.862181,0.69,2,1397038,1396529,509
100232581,12.8769,56.345,459,26985,0.868436,0.79,2,1397040,1396581,459
100340621,39,29,519,29749,0.79,1,2,1399005,1398486,519
100343541,39.8,32.2,526,29820,0.726,1,1,1399045,1398519,526
100346461,34.36,61.64,490,29891,0.6652,1,1,1399078,1398588,490
100349381,58.872,61.128,494,29962,0.63704,1,1,1399143,1398649,494
100352301,54.1744,65.0256,481,30033,0.599408,0.92,1,1399196,1398715,481
100355221,44.4349,41.8051,487,30103,0.559882,1,1,1399238,1398751,487
100358141,39.287,38.761,487,30173,0.551976,1,1,1399276,1398789,487
100361061,65.4574,72.5522,478,30243,0.486395,0.89,1,1399348,1398870,478
100363981,53.0915,60.9104,470,30313,0.409279,0.87,1,1399398,1398928,470
100366901,37.0183,42.5821,465,30383,0.425856,0.79,1,1399431,1398966,465
100369821,33.8037,39.7164,459,30453,0.429171,0.71,1,1399464,1399005,459
100372741,34.7607,39.9433,454,30522,0.461834,0.65,1,1399499,1399045,454
100375661,32.5521,34.3887,453,30591,0.516367,0.63,1,1399531,1399078,453
100378581,58.5104,58.8777,453,30660,0.559273,0.59,1,1399596,1399143,453
100381501,53.3021,54.1755,452,30729,0.519855,0.55,1,1399648,1399196,452
100384421,41.0604,44.4351,448,30798,0.479971,0.55,1,1399686,1399238,448
100387341,35.4121,39.287,444,30867,0.503994,0.47,1,1399720,1399276,444
100390261,62.2824,65.4574,441,30936,0.508799,0.39,1,1399789,1399348,441
100393181,50.8565,53.0915,439,31004,0.55776,0.43,1,1399837,1399398,439
100396101,38.9713,37.0183,442,31072,0.567552,0.43,1,1399873,1399431,442
100399021,34.9943,33.8037,443,31140,0.60151,0.47,1,1399907,1399464,443
100401941,34.9989,34.7607,443,31208,0.640302,0.53,1,1399942,1399499,443
100404861,36.5998,32.5521,448,31276,0.61606,0.53,1,1399979,1399531,448
100407781,59.32,6.51043,513,31344,0.595212,0.57,1,1400044,1399531,513
100410701,51.864,53.3021,498,31412,0.655042,0.51,1,1400094,1399596,498
100413621,39.1728,52.2604,482,31479,0.699008,0.47,1,1400130,1399648,482
100416541,35.8346,40.8521,479,31546,0.707802,0.51,1,1400165,1399686,479
100419461,63.9669,35.3704,516,31613,0.77356,0.51,2,1400236,1399720,516
100422381,51.1934,62.2741,495,31680,0.818712,0.57,2,1400284,1399789,495
100425301,40.6387,50.8548,485,31747,0.843742,0.57,2,1400322,1399837,485
100428221,35.3277,38.971,483,31814,0.880749,0.61,2,1400356,1399873,483
100431141,37.4655,34.9942,487,31881,0.90415,0.65,2,1400394,1399907,487
100434061,36.2931,34.9988,488,31947,0.89283,0.61,2,1400430,1399942,488
100436981,60.0586,36.5998,517,32013,0.906566,0.59,2,1400496,1399979,517
100439901,53.6117,59.32,504,32079,0.909313,0.67,2,1400548,1400044,504
100547941,40,75,521,34435,0.83,1,2,1402174,1401653,521
100550861,47.2,56.6,518,34496,0.766,1,2,1402223,1401705,518
100553781,35.04,44.92,508,34557,0.7532,1,2,1402255,1401747,508
100556701,34.208,33.784,511,34618,0.75064,1,2,1402289,1401778,511
100559621,42.8416,41.1568,513,34679,0.686128,1,1,1402334,1401821,513
100562541,55.7683,38.6314,534,34740,0.593226,1,1,1402393,1401859,534
100565461,57.5537,66.1263,519,34801,0.558645,1,1,1402451,1401932,519
100568381,34.7107,49.2253,503,34862,0.567729,1,1,1402480,1401977,503
100571301,28.5421,34.6451,499,34923,0.553546,1,1,1402507,1402008,499
100574221,34.5084,30.129,506,34984,0.518709,0.95,1,1402543,1402037,506
100577141,50.1017,34.0258,525,35044,0.559742,0.86,1,1402597,1402072,525
100580061,43.6203,56.4052,505,35104,0.631948,0.83,1,1402639,1402134,505
100582981,43.9241,43.281,509,35164,0.64639,0.75,1,1402683,1402174,509
100585901,32.7848,47.8562,490,35224,0.633278,0.75,1,1402713,1402223,490
100588821,28.957,35.1712,486,35284,0.678656,0.75,1,1402741,1402255,486
100591741,42.5914,34.2342,498,35344,0.703731,0.67,1,1402787,1402289,498
100594661,51.7183,42.8468,507,35404,0.708746,0.57,1,1402841,1402334,507
100597581,55.9437,55.7694,505,35464,0.709749,0.55,1,1402898,1402393,505
100600501,35.9887,57.5539,478,35524,0.74195,0.57,1,1402929,1402451,478
100603421,24.7977,34.7108,471,35584,0.74839,0.55,1,1402951,1402480,471
100606341,35.3595,28.5422,482,35643,0.749678,0.51,1,1402989,1402507,482
100609261,8.67191,34.5084,448,35702,0.749936,0.57,1,1402991,1402543,448
100612181,45.7344,50.1017,449,35761,0.781987,0.65,2,1403046,1402597,449
100615101,45.1469,43.6203,452,35820,0.820397,0.65,2,1403091,1402639,452
100618021,45.8294,43.9241,454,35879,0.844079,0.63,2,1403137,1402683,454
100620941,32.3659,32.7848,453,35938,0.800816,0.69,2,1403166,1402713,453
100623861,31.2732,28.957,456,35997,0.808163,0.71,2,1403197,1402741,456
100626781,43.8546,42.5914,457,36056,0.761633,0.71,2,1403244,1402787,457
100629701,51.9709,51.7183,457,36115,0.816326,0.71,2,1403298,1402841,457
100632621,56.7942,55.9437,458,36174,0.843265,0.75,2,1403356,1402898,458
100635541,36.9588,35.9887,459,36232,0.896653,0.75,2,1403388,1402929,459
100638461,24.9918,24.7977,459,36290,0.875331,0.75,2,1403410,1402951,459
100641381,35.3984,35.3595,459,36348,0.919066,0.75,2,1403448,1402989,459
100644301,8.67967,8.67191,459,36406,0.895813,0.79,2,1403450,1402991,459
100647221,46.5359,45.7344,460,36464,0.923163,0.83,2,1403506,1403046,460
100650141,46.1072,45.1469,461,36522,0.912633,0.85,2,1403552,1403091,461
100653061,46.8214,45.8294,462,36580,0.894527,0.79,2,1403599,1403137,462
100655981,31.7643,32.3659,461,36638,0.906905,0.81,2,1403627,1403166,461
100793221,35,46,491,39256,0.84,1,2,1405451,1404960,491
100796141,33.4,47.6,476,39310,0.816,1,2,1405484,1405008,476
100799061,45.88,35.92,492,39364,0.7952,1,2,1405533,1405041,492
100801981,37.976,32.784,496,39418,0.75904,1,2,1405569,1405073,496
100804901,33.9952,25.7568,505,39472,0.671808,1,1,1405602,1405097,505
100807821,30.799,32.3514,501,39526,0.622362,1,1,1405632,1405131,501
100810741,43.7598,46.4703,498,39579,0.580472,1,1,1405679,1405181,498
100813661,51.952,62.0941,486,39632,0.476094,0.94,1,1405733,1405247,486
100816581,32.7904,36.4188,484,39685,0.455219,1,1,1405761,1405277,484
100819501,44.9581,44.8838,485,39738,0.387044,1,1,1405809,1405324,485
100822421,32.9916,37.7768,479,39791,0.421409,0.87,1,1405839,1405360,479
100825341,27.3983,31.5554,475,39844,0.348282,0.96,1,1405865,1405390,475
100828261,27.8797,27.1111,477,39897,0.317656,0.84,1,1405893,1405416,477
100831181,25.5759,33.4222,467,39950,0.327531,0.81,1,1405918,1405451,467
100834101,30.7152,33.0844,466,40003,0.313506,0.79,1,1405950,1405484,466
100837021,41.343,45.8169,461,40056,0.310701,0.75,1,1405994,1405533,461
100839941,33.8686,37.9634,457,40109,0.35814,0.75,1,1406026,1405569,457
100842861,30.7737,7.59268,487,40162,0.335628,0.65,1,1406056,1405569,487
100845781,26.9547,27.9185,480,40215,0.379126,0.61,1,1406082,1405602,480
100848701,41.3909,29.5837,495,40268,0.403825,0.57,1,1406127,1405632,495
100851621,47.4782,43.5167,497,40320,0.424765,0.45,1,1406176,1405679,497
100854541,28.6956,51.9033,467,40372,0.428953,0.45,1,1406200,1405733,467
100857461,44.1391,32.7807,487,40424,0.493791,0.37,1,1406248,1405761,487
100860381,30.4278,44.9561,466,40476,0.490758,0.43,1,1406275,1405809,466
100863301,26.8856,32.9912,462,40528,0.490152,0.33,1,1406301,1405839,462
100866221,29.3771,27.3982,466,40580,0.50603,0.31,1,1406331,1405865,466
100869141,23.4754,27.8796,460,40632,0.509206,0.33,1,1406353,1405893,460
100872061,31.0951,25.5759,468,40684,0.557841,0.31,1,1406386,1405918,468
100874981,42.219,30.7152,481,40736,0.535568,0.31,1,1406431,1405950,481
100877901,35.6438,41.343,471,40788,0.611114,0.37,1,1406465,1405994,471
100880821,29.5288,33.8686,467,40840,0.626223,0.33,1,1406493,1406026,467
100883741,29.9058,30.7737,467,40892,0.645245,0.39,1,1406523,1406056,467
100886661,41.9811,26.9547,486,40944,0.665049,0.41,1,1406568,1406082,486
100889581,48.3962,41.3909,491,40996,0.70101,0.43,1,1406618,1406127,491
100892501,29.6792,47.4782,467,41047,0.724202,0.43,1,1406643,1406176,467
100895421,46.7358,28.6956,494,41098,0.72884,0.51,1,1406694,1406200,494
100898341,30.1472,44.1391,472,41149,0.729768,0.49,1,1406720,1406248,472
100901261,28.4294,30.4278,473,41200,0.729954,0.49,1,1406748,1406275,473
100904181,28.8859,26.8856,476,41251,0.729991,0.51,1,1406777,1406301,476
100907101,23.3772,29.3771,468,41302,0.729998,0.51,1,1406799,1406331,468
100910021,33.4754,23.4754,482,41353,0.762,0.57,2,1406835,1406353,482
100912941,42.6951,31.0951,494,41404,0.8004,0.53,2,1406880,1406386,494
100915861,38.139,42.219,486,41455,0.80808,0.63,2,1406917,1406431,486
100918781,30.0278,35.6438,480,41506,0.825616,0.63,2,1406945,1406465,480
100921701,7.60556,29.5288,454,41557,0.829123,0.65,2,1406947,1406493,454
100924621,25.5211,29.9058,454,41608,0.829825,0.67,2,1406977,1406523,454
100927541,42.7042,41.9811,456,41659,0.861965,0.71,2,1407024,1406568,456
100930461,49.3408,48.3962,457,41710,0.852393,0.73,2,1407075,1406618,457
100933381,30.6682,29.6792,458,41761,0.850479,0.73,2,1407101,1406643,458
100936301,46.9336,46.7358,458,41812,0.866096,0.73,2,1407152,1406694,458
100939221,30.1867,30.1472,458,41862,0.853219,0.73,2,1407178,1406720,458
100942141,29.2373,28.4294,459,41912,0.882644,0.73,2,1407207,1406748,459
100945061,28.2475,28.8859,458,41962,0.856529,0.73,2,1407235,1406777,458
100947981,23.2495,23.3772,458,42012,0.899306,0.77,2,1407257,1406799,458
100950901,35.8499,33.4754,461,42062,0.907861,0.81,2,1407296,1406835,461
101120261,30,36,486,44879,0.71,1,1,1409231,1408745,486
101123181,48.4,46.4,490,44926,0.502,1,1,1409284,1408794,490
101126101,35.28,31.68,494,44973,0.3484,1,1,1409316,1408822,494
101129021,35.056,34.336,494,45020,0.28568,1,1,1409351,1408857,494
101131941,31.8112,28.4672,498,45067,0.177136,1,1,1409382,1408884,498
101134861,29.5622,28.0934,499,45114,0.123427,1,1,1409411,1408912,499
101137781,26.7124,36.8187,486,45161,0.0806854,0.95,1,1409437,1408951,486
101140701,32.5425,29.7637,492,45208,0.0161371,1,1,1409471,1408979,492
101143621,33.7085,32.3527,493,45255,0.0912274,1,1,1409505,1409012,493
101146541,29.9417,35.2706,486,45302,0.0742455,0.9,1,1409534,1409048,486
101149461,28.3883,33.4541,481,45349,0.0148491,0.86,1,1409562,1409081,481
101152381,19.2777,27.4908,472,45396,0.0429698,1,1,1409579,1409107,472
101155301,33.4555,31.0982,477,45442,0.032594,0.89,1,1409616,1409139,477
101158221,23.4911,31.0196,467,45488,0.0305188,0.68,1,1409637,1409170,467
101161141,22.2982,31.0039,458,45534,0.0461038,0.71,1,1409659,1409201,458
101164061,26.0596,30.2008,455,45580,0.0652208,0.45,1,1409686,1409231,455
101166981,36.4119,48.4402,441,45626,0.0690441,0.31,1,1409725,1409284,441
101169901,26.4824,35.288,433,45672,0.0538088,0.27,1,1409749,1409316,433
101172821,30.0965,35.0576,429,45718,0.0507618,0.15,1,1409780,1409351,429
101175741,29.2193,31.8115,427,45764,0.0661524,0.11,1,1409809,1409382,427
101178661,25.0439,29.5623,422,45810,0.0532305,0.07,1,1409833,1409411,422
101181581,25.8088,26.7125,422,45856,0.0346461,0,1,1409859,1409437,422
101184501,32.3618,32.5425,422,45902,0.0149292,0.11,1,1409893,1409471,422
101187421,33.6724,33.7085,422,45948,0.0269858,0.11,1,1409927,1409505,422
101190341,29.1345,6.7417,450,45994,0.0773972,0.07,1,1409955,1409505,450
101193261,28.2269,24.5483,449,46040,0.0234794,0,1,1409983,1409534,449
101196181,19.2454,27.3097,438,46086,0.00469589,0.05,1,1410000,1409562,438
101199101,35.0491,19.0619,460,46132,0.0409392,0.03,1,1410039,1409579,460
101202021,22.2098,33.4124,442,46178,0.0321878,0.03,1,1410058,1409616,442
101204941,22.842,23.4825,444,46224,0.0464376,0.05,1,1410081,1409637,444
101207861,25.3684,22.2965,448,46270,0.0492875,0.07,1,1410107,1409659,448
101210781,37.0737,26.0593,461,46316,0.0978575,0.07,1,1410147,1409686,461
101213701,27.4147,36.4119,447,46362,0.107571,0.05,1,1410172,1409725,447
101216621,30.2829,26.4824,454,46407,0.125514,0.05,1,1410203,1409749,454
101219541,27.6566,30.0965,450,46452,0.129103,0.07,1,1410230,1409780,450
101222461,24.7313,29.2193,445,46497,0.113821,0.05,1,1410254,1409809,445
101225381,25.7463,25.0439,447,46542,0.0467641,0.03,1,1410280,1409833,447
101228301,32.3493,25.8088,455,46587,0.0333528,0.01,1,1410314,1409859,455
101231221,33.6699,32.3618,455,46632,0.0146706,0.03,1,1410348,1409893,455
101234141,32.334,33.6724,453,46677,0.0429341,0.09,1,1410380,1409927,453
101237061,25.6668,29.1345,449,46722,0.0645868,0.01,1,1410404,1409955,449
101239981,18.7334,28.2269,438,46767,0.0369174,0,1,1410421,1409983,438
101242901,36.5467,19.2454,462,46812,0.0473835,0.05,1,1410462,1410000,462
101245821,23.3093,35.0491,443,46857,0.0654767,0.03,1,1410482,1410039,443
101248741,22.2619,22.2098,446,46902,0.0850953,0.05,1,1410504,1410058,446
101251661,25.2524,22.842,449,46947,0.105019,0.05,1,1410530,1410081,449
101254581,37.8505,25.3684,464,46992,0.109004,0.11,1,1410571,1410107,464
101257501,29.9701,37.0737,452,47037,0.109801,0.11,1,1410599,1410147,452
101260421,30.794,27.4147,458,47082,0.12596,0.13,1,1410630,1410172,458
101263341,26.1588,30.2829,452,47127,0.161192,0.13,1,1410655,1410203,452
101266261,25.2318,27.6566,450,47172,0.184238,0.11,1,1410680,1410230,450
101269181,22.6464,24.7313,448,47217,0.188848,0.03,1,1410702,1410254,448
101272101,30.9293,25.7463,455,47262,0.17377,0.03,1,1410735,1410280,455
101275021,34.9859,32.3493,457,47307,0.0587539,0.01,1,1410771,1410314,457
101277941,32.5972,33.6699,455,47352,0.0357508,0.05,1,1410803,1410348,455
101280861,8.11943,32.334,425,47397,0.0311502,0.07,1,1410805,1410380,425
101283781,20.0239,25.6668,424,47441,0.04623,0.03,1,1410828,1410404,424
101286701,16.8048,18.7334,423,47485,0.097246,0.05,1,1410844,1410421,423
101289621,37.761,36.5467,425,47529,0.0594492,0.07,1,1410887,1410462,425
101292541,23.5522,23.3093,425,47573,0.0358898,0.09,1,1410907,1410482,425
101295461,23.9104,22.2619,427,47617,0.079178,0.11,1,1410931,1410504,427
101298381,25.5821,25.2524,427,47661,0.0558356,0.11,1,1410957,1410530,427
101301301,37.9164,37.8505,427,47705,0.0831671,0.11,1,1410998,1410571,427
101304221,29.9833,29.9701,427,47749,0.0886334,0.13,1,1411026,1410599,427
101307141,32.3967,30.794,429,47793,0.0737267,0.17,1,1411059,1410630,429
101310061,27.2793,26.1588,430,47837,0.102745,0.19,1,1411085,1410655,430
101312981,26.2559,25.2318,431,47881,0.124549,0.19,1,1411111,1410680,431
101315901,22.8512,22.6464,431,47925,0.17691,0.17,1,1411133,1410702,431
101318821,26.9702,30.9293,426,47969,0.155382,0.03,1,1411161,1410735,426
101321741,31.794,34.9859,423,48013,0.151076,0.03,1,1411194,1410771,423
101324661,31.9588,32.5972,423,48057,0.198215,0.03,1,1411226,1410803,423
101327581,7.99176,8.11943,423,48101,0.175643,0.05,1,1411228,1410805,423
101330501,21.5984,20.0239,425,48145,0.203129,0.11,1,1411253,1410828,425
101333421,17.1197,16.8048,425,48189,0.240626,0.05,1,1411269,1410844,425
101336341,35.4239,37.761,422,48233,0.248125,0.03,1,1411309,1410887,422
101339261,23.8848,23.5522,423,48277,0.233625,0.09,1,1411330,1410907,423
101342181,24.777,23.9104,424,48321,0.246725,0.05,1,1411355,1410931,424
101345101,25.7554,25.5821,424,48365,0.265345,0.09,1,1411381,1410957,424
101348021,37.9511,37.9164,424,48409,0.333069,0.09,1,1411422,1410998,424
101350941,29.9902,29.9833,424,48453,0.346614,0.07,1,1411450,1411026,424
101353861,33.198,32.3967,425,48496,0.381323,0.11,1,1411484,1411059,425
101356781,28.2396,27.2793,426,48539,0.372265,0.13,1,1411511,1411085,426
101359701,28.0479,26.2559,428,48582,0.338453,0.19,1,1411539,1411111,428
101362621,24.0096,22.8512,429,48625,0.363691,0.15,1,1411562,1411133,429
101365541,28.0019,26.9702,430,48668,0.352738,0.15,1,1411591,1411161,430
101368461,32.0004,31.794,430,48711,0.334548,0.21,1,1411624,1411194,430
101371381,32.0001,31.9588,430,48754,0.330909,0.17,1,1411656,1411226,430
101374301,8.00001,7.99176,430,48797,0.298182,0.21,1,1411658,1411228,430
101377221,22.4,21.5984,431,48840,0.323636,0.21,1,1411684,1411253,431
101380141,17.28,4.31967,447,48883,0.296727,0.25,1,1411700,1411253,447
101383061,35.456,13.6639,471,48926,0.307345,0.25,1,1411740,1411269,471
101385981,24.6912,34.7328,453,48969,0.309469,0.23,1,1411762,1411309,453
101388901,24.9382,23.7466,457,49012,0.293894,0.25,1,1411787,1411330,457
101391821,25.7876,24.7493,458,49055,0.322779,0.27,1,1411813,1411355,458
101394741,41.1575,25.7499,477,49098,0.360556,0.35,1,1411858,1411381,477
101397661,31.4315,37.95,465,49141,0.368111,0.35,1,1411887,1411422,465
101400581,34.2863,29.99,472,49184,0.417622,0.39,1,1411922,1411450,472
101403501,29.2573,33.198,466,49227,0.427524,0.37,1,1411950,1411484,466
101406421,27.4515,28.2396,466,49270,0.445505,0.33,1,1411977,1411511,466
101409341,23.0903,28.0479,460,49313,0.433101,0.37,1,1411999,1411539,460
101412261,27.0181,24.0096,465,49356,0.46262,0.35,1,1412027,1411562,465
101415181,31.0036,28.0019,468,49399,0.484524,0.33,1,1412059,1411591,468
101418101,31.8007,32.0004,467,49442,0.488905,0.33,1,1412091,1411624,467
101421021,7.96014,32.0001,437,49485,0.489781,0.29,1,1412093,1411656,437
101423941,22.392,8.00001,461,49528,0.505956,0.33,1,1412119,1411658,461
101426861,17.2784,22.4,451,49571,0.509191,0.29,1,1412135,1411684,451
101429781,36.2557,17.28,476,49614,0.573838,0.31,1,1412176,1411700,476
101432701,24.8511,35.456,458,49656,0.602768,0.31,1,1412198,1411740,458
101435621,25.7702,24.6912,462,49698,0.624554,0.29,1,1412224,1411762,462
101438541,25.954,24.9382,463,49740,0.644911,0.33,1,1412250,1411787,463
101441461,43.5908,25.7876,485,49782,0.648982,0.37,1,1412298,1411813,485
101444381,32.7182,41.1575,470,49824,0.681796,0.37,1,1412328,1411858,470
101447301,35.3436,31.4315,477,49866,0.720359,0.43,1,1412364,1411887,477
101450221,29.4687,34.2863,470,49908,0.728072,0.43,1,1412392,1411922,470
101453141,27.4937,29.2573,469,49950,0.761614,0.45,2,1412419,1411950,469
101456061,23.0987,27.4515,464,49992,0.736323,0.43,1,1412441,1411977,464
101458981,28.6197,23.0903,472,50034,0.779265,0.47,2,1412471,1411999,472
101461901,32.1239,27.0181,477,50076,0.771853,0.49,2,1412504,1412027,477
101464821,32.8248,31.0036,478,50118,0.754371,0.49,2,1412537,1412059,478
101467741,8.16496,31.8007,448,50160,0.782874,0.49,2,1412539,1412091,448
101470661,22.433,7.96014,472,50202,0.788575,0.51,2,1412565,1412093,472
101473581,17.2866,22.392,462,50244,0.789715,0.51,2,1412581,1412119,462
101476501,39.4573,17.2784,491,50286,0.805943,0.59,2,1412626,1412135,491
101479421,9.49146,36.2557,452,50328,0.809189,0.61,2,1412628,1412176,452
101482341,20.2983,24.8511,453,50370,0.841838,0.63,2,1412651,1412198,453
101485261,25.6597,25.7702,454,50412,0.864368,0.65,2,1412678,1412224,454
101488181,25.9319,25.954,454,50454,0.836873,0.65,2,1412704,1412250,454
101491101,45.1864,43.5908,456,50496,0.831375,0.69,2,1412754,1412298,456
101494021,34.6373,32.7182,458,50538,0.814275,0.73,2,1412786,1412328,458
101496941,35.7275,35.3436,458,50580,0.810855,0.73,2,1412822,1412364,458
101499861,30.3455,29.4687,459,50622,0.826171,0.77,2,1412851,1412392,459
101502781,26.8691,27.4937,458,50664,0.797234,0.73,2,1412877,1412419,458
101505701,22.9738,23.0987,458,50706,0.823447,0.79,2,1412899,1412441,458
101508621,30.9948,28.6197,461,50748,0.844689,0.77,2,1412932,1412471,461
101511541,31.799,32.1239,460,50790,0.912938,0.75,2,1412964,1412504,460
101737841,56,44,496,24905,0.45,1,1,1415229,1414733,496
101740761,72.8,59.2,510,24990,0.386,1,1,1415306,1414796,510
101743681,72.16,68.64,511,25075,0.3732,0.88,1,1415378,1414867,511
101746601,54.432,70.528,490,25160,0.38664,0.71,1,1415428,1414938,490
101749521,63.6864,78.9056,475,25244,0.421328,0.73,1,1415494,1415019,475
101752441,30.3373,38.9811,468,25328,0.460266,0.77,1,1415516,1415048,468
101755361,24.4675,22.9962,472,25412,0.420053,0.71,1,1415539,1415067,472
101758281,32.8935,30.1992,475,25495,0.428011,0.55,1,1415574,1415099,475
101761201,83.3787,65.2398,497,25578,0.413602,0.45,1,1415670,1415173,497
101764121,77.4757,57.848,517,25661,0.44272,0.37,1,1415746,1415229,517
101767041,73.0951,73.1696,512,25744,0.464544,0.37,1,1415818,1415306,512
101769961,53.819,72.2339,489,25826,0.500909,0.39,1,1415867,1415378,489
101772881,67.5638,54.4468,510,25908,0.524182,0.43,1,1415938,1415428,510
101775801,29.5128,63.6894,464,25990,0.544836,0.47,1,1415958,1415494,464
101778721,23.5026,30.3379,464,26072,0.548967,0.41,1,1415980,1415516,464
101781641,31.9005,24.4676,475,26153,0.549793,0.43,1,1416014,1415539,475
101784561,85.5801,32.8935,539,26234,0.629959,0.41,1,1416113,1415574,539
101787481,76.316,83.3787,517,26315,0.677992,0.45,1,1416187,1415670,517
101790401,73.6632,77.4757,514,26396,0.719598,0.47,1,1416260,1415746,514
101793321,55.5326,73.0951,493,26476,0.75992,0.51,2,1416311,1415818,493
101796241,71.1065,53.819,519,26556,0.799984,0.53,2,1416386,1415867,519
101799161,30.2213,67.5638,468,26636,0.807997,0.55,2,1416406,1415938,468
101802081,23.6443,29.5128,470,26716,0.809599,0.55,2,1416428,1415958,470
101805001,31.9289,23.5026,482,26795,0.82592,0.55,2,1416462,1415980,482
101807921,89.5858,31.9005,552,26874,0.861184,0.65,2,1416566,1416014,552
101810841,19.5172,85.5801,455,26953,0.868237,0.69,2,1416568,1416113,455
101813761,63.9034,76.316,456,27032,0.869647,0.73,2,1416643,1416187,456
101816681,72.7807,73.6632,458,27110,0.853929,0.77,2,1416718,1416260,458
101819601,56.9561,55.5326,460,27188,0.834786,0.81,2,1416771,1416311,460
101822521,72.9912,71.1065,462,27266,0.846957,0.81,2,1416848,1416386,462
101825441,30.5982,30.2213,462,27344,0.881391,0.81,2,1416868,1416406,462
101828361,24.5196,23.6443,463,27421,0.872278,0.83,2,1416891,1416428,463
101831281,32.1039,31.9289,463,27498,0.934456,0.87,2,1416925,1416462,463
101951001,42,54,478,30497,0.79,1,2,1419062,1418584,478
101953921,55.6,39.6,501,30566,0.614,1,1,1419121,1418620,501
101956841,41.52,53.52,482,30635,0.5308,1,1,1419159,1418677,482
101959761,57.904,45.904,500,30704,0.46616,1,1,1419221,1418721,500
101962681,42.7808,57.1808,479,30773,0.389232,1,1,1419260,1418781,479
101965601,46.1562,42.6362,487,30842,0.357846,1,1,1419307,1418820,487
101968521,35.6312,35.7272,486,30911,0.303569,1,1,1419340,1418854,486
101971441,50.3262,60.7454,473,30979,0.292714,0.8,1,1419394,1418921,473
101974361,43.6653,49.7491,468,31047,0.242543,0.85,1,1419436,1418968,468
101977281,46.3331,51.5498,463,31115,0.248509,0.79,1,1419483,1419020,463
101980201,38.0666,43.91,457,31183,0.281702,0.57,1,1419519,1419062,457
101983121,50.0133,55.982,451,31251,0.24034,0.51,1,1419572,1419121,451
101986041,38.0027,41.5964,448,31319,0.280068,0.51,1,1419607,1419159,448
101988961,53.2005,8.31928,505,31387,0.240014,0.45,1,1419664,1419159,505
101991881,37.8401,51.2639,477,31454,0.232003,0.37,1,1419698,1419221,477
101994801,46.768,41.4528,487,31521,0.246401,0.35,1,1419747,1419260,487
101997721,30.9536,45.8906,467,31588,0.28128,0.29,1,1419774,1419307,467
102000641,46.9907,35.5781,485,31655,0.304256,0.29,1,1419825,1419340,485
102003561,43.7981,50.3156,474,31722,0.308851,0.23,1,1419868,1419394,474
102006481,47.1596,43.6631,480,31789,0.40577,0.25,1,1419916,1419436,480
102009401,38.2319,46.3326,469,31856,0.425154,0.29,1,1419952,1419483,469
102012321,47.6464,38.0665,483,31922,0.445031,0.23,1,1420002,1419519,483
102015241,39.9293,50.0133,468,31988,0.465006,0.29,1,1420040,1419572,468
102018161,54.3859,38.0027,491,32054,0.517001,0.23,1,1420098,1419607,491
102021081,38.0772,53.2005,468,32120,0.5594,0.23,1,1420132,1419664,468
102024001,46.0154,37.8401,482,32186,0.58388,0.25,1,1420180,1419698,482
102026921,34.0031,46.768,464,32252,0.572776,0.29,1,1420211,1419747,464
102029841,46.8006,30.9536,487,32318,0.602555,0.31,1,1420261,1419774,487
102032761,44.5601,46.9907,480,32383,0.592511,0.31,1,1420305,1419825,480
102035681,51.312,43.7981,490,32448,0.622502,0.43,1,1420358,1419868,490
102038601,39.0624,47.1596,478,32513,0.6445,0.43,1,1420394,1419916,478
102041521,48.6125,38.2319,493,32578,0.6489,0.45,1,1420445,1419952,493
102044441,40.9225,47.6464,482,32643,0.63378,0.47,1,1420484,1420002,482
102047361,56.9845,39.9293,505,32708,0.662756,0.53,1,1420545,1420040,505
102050281,12.9969,54.3859,449,32773,0.668551,0.57,1,1420547,1420098,449
102053201,30.5994,38.0772,450,32838,0.73371,0.59,1,1420582,1420132,450
102056121,45.3199,46.0154,451,32902,0.730742,0.57,1,1420631,1420180,451
102059041,33.864,34.0031,451,32966,0.714148,0.61,1,1420662,1420211,451
102061961,48.3728,46.8006,453,33030,0.67883,0.59,1,1420714,1420261,453
102064881,43.2746,44.5601,451,33094,0.671766,0.63,1,1420756,1420305,451
102067801,52.6549,51.312,453,33158,0.686353,0.65,1,1420811,1420358,453
102070721,40.931,39.0624,455,33222,0.785271,0.65,2,1420849,1420394,455
102073641,48.1862,48.6125,454,33286,0.773054,0.63,2,1420899,1420445,454
102076561,40.0372,40.9225,453,33350,0.818611,0.67,2,1420937,1420484,453
102079481,58.4074,56.9845,455,33413,0.827722,0.67,2,1421000,1420545,455
102082401,13.2815,12.9969,455,33476,0.829544,0.75,2,1421002,1420547,455
102085321,32.2563,30.5994,457,33539,0.829909,0.73,2,1421039,1420582,457
102088241,44.8513,45.3199,456,33602,0.829982,0.71,2,1421087,1420631,456
102091161,32.9703,33.864,455,33665,0.829996,0.67,2,1421117,1420662,455
102094081,48.1941,48.3728,455,33728,0.829999,0.67,2,1421169,1420714,455
102097001,43.2388,43.2746,455,33791,0.91,0.69,2,1421211,1420756,455
102210881,76,63,495,36151,0.85,1,2,1422896,1422401,495
102213801,41.6,31.8,504,36209,0.786,1,2,1422929,1422425,504
102216721,26.72,21.56,508,36267,0.7092,1,1,1422952,1422444,508
102219641,23.744,35.512,492,36325,0.61384,1,1,1422975,1422483,492
102222561,31.1488,37.5024,487,36383,0.578768,1,1,1423008,1422521,487
102225481,34.2298,27.5005,497,36441,0.539754,1,1,1423043,1422546,497
102228401,30.846,39.1001,485,36499,0.467951,1,1,1423073,1422588,485
102231321,44.5692,44.62,487,36557,0.42159,1,1,1423121,1422634,487
102234241,45.7138,54.524,476,36615,0.380318,0.92,1,1423167,1422691,476
102237161,48.3428,42.9048,485,36673,0.388064,0.95,1,1423216,1422731,485
102240081,44.0686,51.781,474,36731,0.325613,0.88,1,1423259,1422785,474
102243001,37.6137,38.3562,475,36789,0.393123,0.85,1,1423295,1422820,475
102245921,57.9227,68.4712,462,36846,0.406624,0.77,1,1423358,1422896,462
102248841,33.9845,40.0942,457,36903,0.409325,0.69,1,1423386,1422929,457
102251761,26.7969,26.4188,459,36960,0.441865,0.59,1,1423411,1422952,459
102254681,16.5594,23.6838,450,37017,0.448373,0.57,1,1423425,1422975,450
102257601,28.1119,31.1368,448,37074,0.465675,0.53,1,1423456,1423008,448
102260521,31.2224,34.2274,445,37131,0.469135,0.45,1,1423488,1423043,445
102263441,27.0445,30.8455,441,37188,0.437827,0.45,1,1423514,1423073,441
102266361,44.6089,6.16909,490,37245,0.479565,0.41,1,1423563,1423073,490
102269281,41.7218,39.6338,483,37302,0.519913,0.37,1,1423604,1423121,483
102272201,47.5444,44.7268,486,37359,0.575983,0.39,1,1423653,1423167,486
102275121,45.5089,48.1454,482,37416,0.587197,0.31,1,1423698,1423216,482
102278041,37.9018,44.0291,475,37472,0.557439,0.41,1,1423734,1423259,475
102280961,58.7804,37.6058,503,37528,0.599488,0.41,1,1423798,1423295,503
102283881,34.9561,57.9212,469,37584,0.623898,0.41,1,1423827,1423358,469
102286801,28.5912,33.9842,468,37640,0.62878,0.45,1,1423854,1423386,468
102289721,16.1182,26.7968,456,37696,0.677756,0.45,1,1423867,1423411,456
102292641,29.6236,16.5594,475,37752,0.671551,0.47,1,1423900,1423425,475
102295561,29.9247,28.1119,474,37808,0.67031,0.47,1,1423930,1423456,474
102298481,25.9849,31.2224,467,37864,0.686062,0.43,1,1423955,1423488,467
102301401,47.597,27.0445,494,37920,0.705212,0.49,1,1424008,1423514,494
102304321,43.9194,44.6089,488,37976,0.709042,0.53,1,1424051,1423563,488
102307241,50.3839,41.7218,499,38032,0.709809,0.59,1,1424103,1423604,499
102310161,44.4768,47.5444,493,38088,0.757962,0.59,2,1424146,1423653,493
102313081,37.6954,45.5089,484,38143,0.783592,0.55,2,1424182,1423698,484
102316001,61.1391,37.9018,515,38198,0.772718,0.61,2,1424249,1423734,515
102318921,37.0278,58.7804,482,38253,0.770544,0.63,2,1424280,1423798,482
102321841,29.8056,34.9561,481,38308,0.770109,0.63,2,1424308,1423827,481
102324761,17.1611,28.5912,468,38363,0.738022,0.69,1,1424322,1423854,468
102327681,30.6322,16.1182,489,38418,0.763604,0.67,2,1424356,1423867,489
102330601,30.1264,29.6236,486,38473,0.784721,0.67,2,1424386,1423900,486
102333521,26.0253,29.9247,481,38528,0.772944,0.69,2,1424411,1423930,481
102336441,47.6051,25.9849,509,38583,0.786589,0.71,2,1424464,1423955,509
102339361,11.121,47.597,458,38638,0.789318,0.71,2,1424466,1424008,458
102342281,35.8242,43.9194,457,38693,0.821864,0.71,2,1424508,1424051,457
102345201,50.3648,50.3839,459,38748,0.812373,0.77,2,1424562,1424103,459
102348121,46.073,44.4768,461,38803,0.842475,0.79,2,1424607,1424146,461
102351041,38.0146,37.6954,461,38857,0.880495,0.77,2,1424643,1424182,461
102353961,61.2029,61.1391,461,38911,0.888099,0.77,2,1424710,1424249,461
102356881,36.2406,37.0278,460,38965,0.90562,0.77,2,1424740,1424280,460
102508721,60,55,489,41690,0.47,1,1,1426601,1426112,489
102511641,39.2,37.4,490,41741,0.438,1,1,1426635,1426145,490
102514561,33.44,42.68,478,41792,0.3676,1,1,1426667,1426189,478
102517481,32.288,31.736,481,41843,0.24152,1,1,1426699,1426218,481
102520401,44.0576,35.1472,492,41893,0.072304,1,1,1426746,1426254,492
102523321,29.6115,28.6294,491,41943,0.0544608,1,1,1426772,1426281,491
102526241,27.5223,24.1259,495,41993,0.0348922,1,1,1426799,1426304,495
102529161,22.3045,29.6252,485,42043,0.0469784,1,1,1426820,1426335,485
102532081,34.0609,33.125,488,42093,0.0173957,1,1,1426857,1426369,488
102535001,25.2122,34.625,476,42143,0.123479,1,1,1426880,1426404,476
102537921,34.6424,34.125,479,42193,0.0806958,0.94,1,1426917,1426438,479
102540841,29.3285,38.025,468,42243,0.0401392,0.73,1,1426945,1426477,468
102543761,25.0657,30.005,464,42293,0.0320278,0.61,1,1426969,1426505,464
102546681,25.0131,34.801,453,42343,0.0464056,0.47,1,1426994,1426541,453
102549601,46.6026,54.9602,445,42393,0.113281,0.43,1,1427046,1426601,445
102552521,32.5205,38.192,440,42443,0.0786562,0.35,1,1427075,1426635,440
102555441,28.1041,33.2384,435,42493,0.0717312,0.21,1,1427102,1426667,435
102558361,24.8208,32.2477,427,42543,0.0863463,0.03,1,1427126,1426699,427
102561281,38.5642,44.0495,422,42593,0.153269,0.05,1,1427168,1426746,422
102564201,28.5128,29.6099,422,42643,0.0546538,0.03,1,1427194,1426772,422
102567121,29.7026,27.522,425,42692,0.0189308,0.05,1,1427224,1426799,425
102570041,20.3405,22.3044,422,42741,0.0437862,0.01,1,1427242,1426820,422
102572961,34.4681,34.0609,423,42790,0.0167572,0.15,1,1427280,1426857,423
102575881,25.2936,25.2122,423,42839,0.0753514,0.07,1,1427303,1426880,423
102578801,35.4587,34.6424,424,42888,0.0710703,0.03,1,1427341,1426917,424
102581721,27.8917,29.3285,422,42937,0.134214,0.03,1,1427367,1426945,422
102584641,25.5783,25.0657,423,42986,0.130843,0.03,1,1427392,1426969,423
102587561,24.3157,5.01314,447,43035,0.130169,0.05,1,1427416,1426969,447
102590481,48.0631,21.0026,476,43084,0.186034,0.13,1,1427470,1426994,476
102593401,32.0126,45.8005,452,43133,0.157207,0.07,1,1427498,1427046,452
102596321,28.8025,32.3601,451,43182,0.215441,0.07,1,1427526,1427075,451
102599241,25.7605,28.072,449,43231,0.227088,0.09,1,1427551,1427102,449
102602161,38.7521,24.8144,467,43280,0.261418,0.17,1,1427593,1427126,467
102605081,25.3504,38.5629,447,43329,0.236284,0.03,1,1427615,1427168,447
102608001,29.0701,28.5126,451,43378,0.183257,0.01,1,1427645,1427194,451
102610921,21.814,29.7025,441,43427,0.172651,0.05,1,1427665,1427224,441
102613841,33.9628,20.3405,460,43476,0.12253,0.01,1,1427702,1427242,460
102616761,25.9926,34.4681,446,43525,0.0485061,0.09,1,1427726,1427280,446
102619681,37.9985,25.2936,464,43573,0.0657012,0.07,1,1427767,1427303,464
102622601,28.3997,35.4587,452,43621,0.0691402,0.15,1,1427793,1427341,452
102625521,26.4799,27.8917,452,43669,0.069828,0.13,1,1427819,1427367,452
102628441,26.096,25.5783,453,43717,0.0859656,0.13,1,1427845,1427392,453
102631361,47.6192,24.3157,482,43765,0.137193,0.2,1,1427898,1427416,482
102634281,33.5238,48.0631,458,43813,0.163439,0.15,1,1427928,1427470,458
102637201,29.9048,32.0126,459,43861,0.152688,0.23,1,1427957,1427498,459
102640121,29.181,28.8025,460,43909,0.182538,0.23,1,1427986,1427526,460
102643041,38.6362,25.7605,476,43957,0.188507,0.27,1,1428027,1427551,476
102645961,24.5272,38.7521,455,44005,0.173701,0.23,1,1428048,1427593,455
102648881,25.7054,25.3504,459,44053,0.17074,0.17,1,1428074,1427615,459
102651801,17.9411,29.0701,445,44101,0.202148,0.17,1,1428090,1427645,445
102654721,30.7882,21.814,459,44149,0.20843,0.11,1,1428124,1427665,459
102657641,25.3576,33.9628,446,44197,0.209686,0.03,1,1428148,1427702,446
102660561,39.4715,25.9926,465,44245,0.193937,0.07,1,1428191,1427726,465
102663481,28.6943,37.9985,450,44293,0.206787,0.07,1,1428217,1427767,450
102666401,27.3389,28.3997,451,44341,0.241357,0.07,1,1428244,1427793,451
102669321,26.2678,26.4799,451,44389,0.232271,0.09,1,1428270,1427819,451
102672241,50.0536,26.096,481,44437,0.230454,0.15,1,1428326,1427845,481
102675161,11.6107,47.6192,430,44484,0.230091,0.17,1,1428328,1427898,430
102678081,26.3221,33.5238,430,44531,0.262018,0.15,1,1428358,1427928,430
102681001,28.4644,29.9048,430,44578,0.252404,0.19,1,1428387,1427957,430
102683921,29.6929,29.181,431,44625,0.250481,0.19,1,1428417,1427986,431
102686841,38.7386,38.6362,431,44672,0.250096,0.17,1,1428458,1428027,431
102689761,23.7477,24.5272,430,44719,0.298019,0.17,1,1428478,1428048,430
102692681,27.1495,25.7054,432,44766,0.339604,0.21,1,1428506,1428074,432
102695601,18.2299,17.9411,432,44813,0.331921,0.21,1,1428522,1428090,432
102698521,30.846,30.7882,432,44860,0.378384,0.21,1,1428556,1428124,432
102701441,25.3692,25.3576,432,44907,0.355677,0.19,1,1428580,1428148,432
102704361,38.6738,39.4715,431,44954,0.351135,0.21,1,1428622,1428191,431
102707281,29.3348,28.6943,432,45001,0.334227,0.25,1,1428649,1428217,432
102710201,27.467,27.3389,432,45048,0.346845,0.23,1,1428676,1428244,432
102713121,27.0934,26.2678,433,45095,0.349369,0.23,1,1428703,1428270,433
102716041,50.2187,50.0536,433,45142,0.397874,0.23,1,1428759,1428326,433
102718961,11.6437,11.6107,433,45189,0.407575,0.27,1,1428761,1428328,433
102721881,26.3287,26.3221,433,45236,0.425515,0.25,1,1428791,1428358,433
102724801,29.2657,28.4644,434,45283,0.429103,0.25,1,1428821,1428387,434
102727721,29.8531,29.6929,434,45330,0.445821,0.25,1,1428851,1428417,434
102730641,38.7706,38.7386,434,45377,0.513164,0.31,1,1428892,1428458,434
102733561,25.3541,23.7477,436,45423,0.510633,0.35,1,1428914,1428478,436
102736481,29.0708,27.1495,438,45469,0.526127,0.33,1,1428944,1428506,438
102739401,18.6142,18.2299,438,45515,0.529225,0.39,1,1428960,1428522,438
102742321,31.7228,30.846,439,45561,0.577845,0.35,1,1428995,1428556,439
102745241,25.5446,25.3692,439,45607,0.619569,0.35,1,1429019,1428580,439
102748161,38.7089,38.6738,439,45653,0.595914,0.33,1,1429061,1428622,439
102751081,28.5418,29.3348,438,45699,0.591183,0.35,1,1429087,1428649,438
102754001,28.1084,27.467,439,45745,0.606237,0.35,1,1429115,1428676,439
102756921,27.2217,27.0934,439,45791,0.625247,0.41,1,1429142,1428703,439
102759841,51.0443,50.2187,440,45837,0.629049,0.41,1,1429199,1428759,440
102762761,11.8089,11.6437,440,45883,0.62981,0.43,1,1429201,1428761,440
102765681,27.9618,26.3287,442,45929,0.661962,0.43,1,1429233,1428791,442
102768601,30.3924,5.26575,473,45975,0.636392,0.43,1,1429264,1428791,473
102771521,30.8785,25.0531,474,46021,0.679278,0.45,1,1429295,1428821,474
102774441,39.7757,29.0106,486,46067,0.703856,0.53,1,1429337,1428851,486
102777361,26.3551,38.6021,468,46113,0.708771,0.51,1,1429360,1428892,468
102780281,30.071,25.3204,477,46159,0.741754,0.53,1,1429391,1428914,477
102783201,19.6142,29.0641,464,46205,0.764351,0.53,2,1429408,1428944,464
102786121,33.5228,18.6128,485,46251,0.78487,0.59,2,1429445,1428960,485
102789041,25.9046,31.7226,474,46297,0.820974,0.63,2,1429469,1428995,474
102791961,38.7809,25.5445,492,46343,0.828195,0.59,2,1429511,1429019,492
102794881,28.5562,38.7089,476,46388,0.829639,0.59,2,1429537,1429061,476
102797801,28.9112,28.5418,479,46433,0.845928,0.61,2,1429566,1429087,479
102800721,28.1822,28.1084,479,46478,0.849186,0.63,2,1429594,1429115,479
102803641,51.2365,27.2217,509,46523,0.865837,0.63,2,1429651,1429142,509
102806561,11.8473,51.0443,454,46568,0.869167,0.63,2,1429653,1429199,454
102809481,28.7695,11.8089,485,46613,0.853833,0.67,2,1429686,1429201,485
102812401,31.3539,27.9618,485,46658,0.882767,0.63,2,1429718,1429233,485
102815321,32.6708,30.3924,487,46703,0.904553,0.69,2,1429751,1429264,487
102827001,16,31,474,46883,0.93,0.77,2,1429865,1429391,474
103066441,80,95,494,22817,0.03,0.77,1,1432451,1431957,494
103069361,62.4,72.6,485,22910,0.014,0.61,1,1432509,1432024,485
103072281,60.48,68.92,477,23003,0.0428,0.53,1,1432569,1432092,477
103075201,54.496,61.784,470,23095,0.04856,0.13,1,1432622,1432152,470
103078121,58.0992,86.7568,436,23187,0.065712,0.05,1,1432681,1432245,436
103081041,24.4198,30.1514,436,23278,0.0371424,0.03,1,1432697,1432261,436
103083961,82.484,30.0303,503,23369,0.0314285,0.03,1,1432794,1432291,503
103086881,80.4968,70.0061,503,23460,0.0462857,0.03,1,1432874,1432371,503
103089801,61.6994,78.0012,480,23550,0.0332571,0.01,1,1432931,1432451,480
103092721,61.1399,62.0002,483,23640,0.0306514,0.05,1,1432992,1432509,483
103095641,54.628,60.4,476,23730,0.0941303,0.05,1,1433045,1432569,476
103098561,57.3256,54.48,481,23819,0.122826,0.07,1,1433103,1432622,481
103101481,24.2651,58.096,438,23908,0.0965652,0.03,1,1433119,1432681,438
103104401,6.45302,24.4192,424,23997,0.091313,0.03,1,1433121,1432697,424
103107321,78.0906,82.4838,423,24085,0.0422626,0.05,1,1433217,1432794,423
103110241,80.4181,80.4968,424,24173,0.0164525,0.03,1,1433298,1432874,424
103113161,60.8836,61.6994,423,24261,0.0432905,0.03,1,1433354,1432931,423
103116081,60.1767,61.1399,422,24348,0.0326581,0.11,1,1433414,1432992,422
103119001,58.4353,54.628,427,24435,0.0465316,0.13,1,1433472,1433045,427
103121921,57.2871,57.3256,426,24522,0.0653063,0.09,1,1433529,1433103,426
103124841,25.0574,24.2651,427,24608,0.0530613,0.09,1,1433546,1433119,427
103127761,6.61148,6.45302,427,24694,0.0506123,0.03,1,1433548,1433121,427
103130681,75.7223,78.0906,424,24780,0.0101224,0.01,1,1433641,1433217,424
103133601,78.3445,80.4181,422,24866,0.0420245,0.05,1,1433720,1433298,422
103136521,61.2689,60.8836,423,24951,0.0484049,0.03,1,1433777,1433354,423
103139441,59.4538,60.1767,422,25036,0.049681,0.05,1,1433836,1433414,422
103142361,58.2908,58.4353,422,25121,0.0339362,0.07,1,1433894,1433472,422
103145281,58.0582,57.2871,423,25205,0.0307872,0.05,1,1433952,1433529,423
103148201,26.0116,25.0574,424,25289,0.0461574,0.05,1,1433970,1433546,424
103151121,6.80233,6.61148,424,25373,0.0492315,0,1,1433972,1433548,424
103154041,74.1605,75.7223,422,25457,0.0658463,0,1,1434063,1433641,422
103156961,77.2321,15.1445,500,25540,0.0851693,0.05,1,1434141,1433641,500
103159881,61.0464,66.2289,478,25623,0.0730339,0.05,1,1434198,1433720,478
103162801,59.4093,58.8458,480,25706,0.118607,0.05,1,1434257,1433777,480
103165721,59.0819,58.9692,480,25788,0.127721,0.03,1,1434316,1433836,480
103168641,59.0164,58.1938,481,25870,0.129544,0.03,1,1434375,1433894,481
103171561,26.2033,58.0388,441,25952,0.129909,0.05,1,1434393,1433952,441
103174481,6.84065,26.0078,425,26034,0.129982,0.05,1,1434395,1433970,425
103177401,73.3681,6.80155,513,26115,0.161996,0.07,1,1434485,1433972,513
103180321,79.4736,74.1603,503,26196,0.184399,0.09,1,1434566,1434063,503
103183241,61.4947,77.2321,482,26277,0.18888,0.07,1,1434623,1434141,482
103186161,61.8989,61.0464,487,26358,0.301776,0.13,1,1434685,1434198,487
103189081,59.5798,59.4093,487,26438,0.308355,0.13,1,1434744,1434257,487
103192001,58.316,59.0819,486,26518,0.325671,0.13,1,1434802,1434316,486
103194921,26.8632,59.0164,446,26598,0.345134,0.13,1,1434821,1434375,446
103197841,6.97264,26.2033,430,26678,0.349027,0.13,1,1434823,1434393,430
103200761,74.1945,6.84065,519,26757,0.381805,0.17,1,1434914,1434395,519
103203681,81.2389,73.3681,512,26836,0.388361,0.19,1,1434997,1434485,512
103206601,62.6478,79.4736,489,26915,0.453672,0.19,1,1435055,1434566,489
103209521,14.1296,61.4947,434,26994,0.466734,0.33,1,1435057,1434623,434
103212441,54.0259,61.8989,436,27072,0.517347,0.31,1,1435121,1434685,436
103215361,58.8052,59.5798,437,27150,0.527469,0.33,1,1435181,1434744,437
103218281,58.961,58.316,438,27228,0.609494,0.35,1,1435240,1434802,438
103221201,26.1922,26.8632,437,27306,0.625899,0.35,1,1435258,1434821,437
103224121,6.83844,6.97264,437,27384,0.62918,0.39,1,1435260,1434823,437
103227041,77.3677,74.1945,441,27461,0.613836,0.39,1,1435355,1434914,441
103229961,83.4735,81.2389,443,27538,0.594767,0.47,1,1435440,1434997,443
103232881,65.4947,62.6478,446,27615,0.686953,0.47,1,1435501,1435055,446
103235801,14.6989,14.1296,446,27692,0.705391,0.53,1,1435503,1435057,446
103238721,55.7398,54.0259,448,27768,0.693078,0.53,1,1435569,1435121,448
103241641,59.948,58.8052,449,27844,0.738616,0.63,1,1435630,1435181,449
103244561,60.7896,58.961,451,27920,0.747723,0.63,1,1435691,1435240,451
103247481,26.5579,26.1922,451,27996,0.749545,0.63,1,1435709,1435258,451
103250401,6.91158,6.83844,451,28072,0.749909,0.61,1,1435711,1435260,451
103253321,78.1823,77.3677,452,28147,0.781982,0.59,2,1435807,1435355,452
103256241,82.8365,83.4735,451,28222,0.804396,0.71,2,1435891,1435440,451
103259161,70.1673,65.4947,457,28297,0.824879,0.71,2,1435958,1435501,457
103262081,15.6335,14.6989,457,28372,0.828976,0.71,2,1435960,1435503,457
103265001,54.3267,2.93979,521,28447,0.829795,0.69,2,1436024,1435503,521
103267921,60.4653,53.388,517,28521,0.861959,0.75,2,1436086,1435569,517
103270841,62.4931,59.4776,519,28595,0.900392,0.75,2,1436149,1435630,519
103273761,26.8986,60.6955,476,28669,0.908078,0.75,2,1436167,1435691,476
103276681,6.97972,26.5391,460,28743,0.909616,0.75,2,1436169,1435709,460
103279601,78.1959,6.90782,554,28817,0.925923,0.79,2,1436265,1435711,554
103405161,48,36,519,31821,0.73,1,1,1438408,1437889,519
103408081,42.4,32.8,528,31887,0.746,1,1,1438449,1437921,528
103411001,46.88,60.96,508,31953,0.7172,1,1,1438497,1437989,508
103413921,42.976,39.392,516,32019,0.75944,1,2,1438539,1438023,516
103416841,34.9952,42.2784,506,32085,0.783888,1,2,1438572,1438066,506
103419761,35.799,33.2557,511,32151,0.756778,1,2,1438608,1438097,511
103422681,43.1598,37.0511,518,32217,0.767356,0.91,2,1438653,1438135,518
103425601,51.832,45.8102,524,32283,0.817471,0.97,2,1438707,1438183,524
103428521,71.1664,53.962,544,32349,0.859494,0.85,2,1438783,1438239,544
103431441,43.8333,79.5924,495,32414,0.851899,0.89,2,1438820,1438325,495
103434361,47.9667,43.9185,509,32479,0.85038,0.73,2,1438869,1438360,509
103437281,39.9933,47.1837,499,32544,0.882076,0.75,2,1438907,1438408,499
103440201,47.1987,42.2367,507,32609,0.904415,0.71,2,1438956,1438449,507
103443121,41.4397,46.8473,499,32674,0.908883,0.77,2,1438996,1438497,499
103580361,32,27,514,35589,0.67,1,1,1441001,1440487,514
103583281,31.2,29.4,515,35648,0.59,1,1,1441032,1440517,515
103586201,27.84,29.08,513,35707,0.446,1,1,1441059,1440546,513
103589121,31.968,41.816,501,35766,0.4172,1,1,1441092,1440591,501
103592041,62.3936,76.3632,486,35825,0.26744,1,1,1441162,1440676,486
103594961,54.8787,50.4726,495,35884,0.109488,1,1,1441215,1440720,495
103597881,37.3757,42.8945,487,35943,0.0938976,1,1,1441248,1440761,487
103600801,35.4751,38.9789,484,36002,0.0747795,1,1,1441283,1440799,484
103603721,46.295,58.9958,469,36061,0.102956,0.91,1,1441332,1440863,469
103606641,34.859,39.7992,466,36120,0.0925912,0.79,1,1441364,1440898,466
103609561,35.7718,39.9598,462,36179,0.0905182,0.75,1,1441400,1440938,462
103612481,29.5544,32.792,459,36237,0.106104,0.67,1,1441428,1440969,459
103615401,27.5109,32.1584,454,36295,0.109221,0.57,1,1441455,1441001,454
103618321,27.1022,31.2317,450,36353,0.125844,0.41,1,1441482,1441032,450
103621241,22.2204,27.8463,444,36411,0.193169,0.41,1,1441503,1441059,444
103624161,24.4441,31.9693,436,36469,0.126634,0.23,1,1441528,1441092,436
103627081,55.2888,62.3939,429,36527,0.145327,0.07,1,1441591,1441162,429
103630001,53.4578,54.8788,429,36585,0.197065,0.09,1,1441644,1441215,429
103632921,34.6916,37.3758,426,36643,0.223413,0.07,1,1441674,1441248,426
103635841,34.9383,35.4752,426,36701,0.212683,0.11,1,1441709,1441283,426
103638761,44.5877,46.295,424,36759,0.242537,0.09,1,1441756,1441332,424
103641681,34.5175,34.859,424,36816,0.248507,0.09,1,1441788,1441364,424
103644601,37.3035,35.7718,426,36873,0.217701,0.11,1,1441826,1441400,426
103647521,30.6607,29.5544,427,36930,0.21154,0.11,1,1441855,1441428,427
103650441,26.1321,27.5109,425,36987,0.258308,0.13,1,1441880,1441455,425
103653361,30.0264,27.1022,429,37044,0.267662,0.21,1,1441911,1441482,429
103656281,22.0053,22.2204,428,37101,0.301532,0.11,1,1441931,1441503,428
103659201,23.6011,24.4441,427,37158,0.292306,0.11,1,1441955,1441528,427
103662121,55.9202,4.88882,491,37215,0.322461,0.15,1,1442019,1441528,491
103665041,54.384,51.3778,482,37272,0.392492,0.21,1,1442073,1441591,482
103667961,35.6768,52.6756,460,37329,0.390498,0.23,1,1442104,1441644,460
103670881,35.9354,34.5351,466,37386,0.3901,0.21,1,1442140,1441674,466
103673801,44.7871,34.907,478,37443,0.37402,0.25,1,1442187,1441709,478
103676721,34.5574,44.5814,463,37499,0.370804,0.25,1,1442219,1441756,463
103679641,37.3115,34.5163,469,37555,0.402161,0.21,1,1442257,1441788,469
103682561,30.6623,37.3033,460,37611,0.424432,0.21,1,1442286,1441826,460
103685481,26.9325,30.6607,457,37667,0.460886,0.27,1,1442312,1441855,457
103688401,31.7865,26.1321,465,37723,0.500177,0.27,1,1442345,1441880,465
103691321,22.3573,30.0264,454,37779,0.508035,0.31,1,1442365,1441911,454
103694241,25.2715,22.0053,460,37835,0.493607,0.29,1,1442391,1441931,460
103697161,57.0543,23.6011,501,37891,0.506721,0.33,1,1442456,1441955,501
103700081,57.8109,55.9202,495,37947,0.509344,0.41,1,1442514,1442019,495
103703001,35.5622,54.384,471,38003,0.525869,0.39,1,1442544,1442073,471
103705921,35.9124,35.6768,476,38059,0.529174,0.39,1,1442580,1442104,476
103708841,43.9825,35.9354,486,38115,0.529835,0.37,1,1442626,1442140,486
103711761,35.1965,44.7871,472,38170,0.561967,0.37,1,1442659,1442187,472
103714681,38.2393,34.5574,479,38225,0.600393,0.41,1,1442698,1442219,479
103717601,31.6479,37.3115,471,38280,0.608079,0.43,1,1442728,1442257,471
103720521,28.7296,30.6623,470,38335,0.625616,0.47,1,1442756,1442286,470
103723441,33.7459,26.9325,479,38390,0.661123,0.51,1,1442791,1442312,479
103726361,22.7492,31.7865,466,38445,0.668225,0.51,1,1442811,1442345,466
103729281,24.5498,22.3573,471,38500,0.653645,0.49,1,1442836,1442365,471
103732201,57.71,25.2715,511,38555,0.666729,0.51,1,1442902,1442391,511
103735121,57.942,57.0543,504,38610,0.717346,0.51,1,1442960,1442456,504
103738041,13.1884,57.8109,448,38665,0.727469,0.53,1,1442962,1442514,448
103740961,26.6377,35.5622,448,38720,0.745494,0.53,1,1442992,1442544,448
103743881,34.1275,35.9124,448,38775,0.749099,0.53,1,1443028,1442580,448
103746801,43.6255,43.9825,448,38829,0.78182,0.57,2,1443074,1442626,448
103749721,36.7251,35.1965,450,38883,0.804364,0.61,2,1443109,1442659,450
103752641,40.145,38.2393,452,38937,0.872873,0.61,2,1443150,1442698,452
103755561,32.029,31.6479,452,38991,0.886575,0.63,2,1443180,1442728,452
103758481,29.6058,28.7296,453,39045,0.841315,0.67,2,1443209,1442756,453
103761401,35.5212,33.7459,455,39099,0.880263,0.67,2,1443246,1442791,455
103764321,23.1042,22.7492,455,39153,0.904053,0.65,2,1443266,1442811,455
103767241,23.8208,24.5498,454,39207,0.908811,0.67,2,1443290,1442836,454
103770161,59.9642,57.71,457,39261,0.925762,0.73,2,1443359,1442902,457
103773081,59.1928,57.942,458,39315,0.913152,0.73,2,1443418,1442960,458
103776001,13.4386,13.1884,458,39369,0.94263,0.75,2,1443420,1442962,458
103951201,24,35,500,42465,0.67,1,1,1445574,1445074,500
103954121,34.4,35.8,501,42515,0.558,1,1,1445611,1445110,501
103957041,38.08,34.36,506,42565,0.4396,1,1,1445650,1445144,506
103959961,28.416,30.072,503,42615,0.33592,1,1,1445676,1445173,503
103962881,17.6832,26.8144,492,42665,0.267184,1,1,1445691,1445199,492
103965801,45.1366,49.3629,489,42714,0.0934368,1,1,1445743,1445254,489
103968721,53.8273,54.6726,489,42763,0.0186874,1,1,1445799,1445310,489
103971641,49.9655,50.1345,489,42812,0.0757375,1,1,1445848,1445359,489
103974561,34.7931,34.8269,489,42861,0.0391475,1,1,1445879,1445390,489
103977481,22.1586,30.9654,478,42910,0.0798295,0.87,1,1445898,1445420,478
103980401,24.4317,28.5931,475,42959,0.0879659,1,1,1445923,1445448,475
103983321,26.4863,28.1186,474,43008,0.0255932,1,1,1445950,1445476,474
103986241,26.8973,5.62372,501,43057,0.0611186,0.89,1,1445977,1445476,501
103989161,27.7795,31.5247,491,43106,0.100224,0.75,1,1446005,1445514,491
103992081,21.5559,35.1049,475,43155,0.0920447,0.67,1,1446025,1445550,475
103995001,26.7112,26.221,479,43204,0.0744089,0.53,1,1446053,1445574,479
103997921,29.3422,34.8442,472,43253,0.134882,0.41,1,1446083,1445611,472
104000841,25.0684,38.1688,457,43302,0.130976,0.31,1,1446107,1445650,457
104003761,16.2137,28.4338,445,43351,0.0981953,0.25,1,1446121,1445676,445
104006681,38.4427,17.6868,474,43400,0.0756391,0.05,1,1446165,1445691,474
104009601,52.4885,45.1374,478,43449,0.0391278,0,1,1446221,1445743,478
104012521,55.2977,53.8275,478,43498,0.0318256,0.09,1,1446277,1445799,478
104015441,35.0595,49.9655,459,43547,0.0463651,0.03,1,1446307,1445848,459
104018361,17.4119,34.7931,441,43595,0.017273,0.09,1,1446320,1445879,441
104021281,22.6824,22.1586,446,43643,0.0434546,0.09,1,1446344,1445898,446
104024201,27.7365,24.4317,450,43691,0.0326909,0.01,1,1446373,1445923,450
104027121,27.9473,26.4863,451,43739,0.0625382,0.07,1,1446401,1445950,451
104030041,28.7895,26.8973,453,43787,0.0525076,0.11,1,1446430,1445977,453
104032961,22.5579,27.7795,446,43835,0.0505015,0.09,1,1446451,1446005,446
104035881,26.9116,21.5559,454,43883,0.0501003,0.07,1,1446479,1446025,454
104038801,30.1823,26.7112,457,43931,0.0660201,0.15,1,1446510,1446053,457
104041721,23.6365,29.3422,449,43979,0.037204,0.13,1,1446532,1446083,449
104044641,18.3273,25.0684,442,44027,0.0474408,0.09,1,1446549,1446107,442
104047561,35.6655,16.2137,468,44075,0.0494882,0.07,1,1446589,1446121,468
104050481,51.1331,38.4427,479,44123,0.0338976,0.03,1,1446644,1446165,479
104053401,54.2266,52.4885,478,44171,0.0307795,0.03,1,1446699,1446221,478
104056321,34.8453,55.2977,452,44219,0.0621559,0.05,1,1446729,1446277,452
104059241,18.1691,35.0595,436,44267,0.100431,0.01,1,1446743,1446307,436
104062161,21.2338,17.4119,445,44315,0.108086,0.05,1,1446765,1446320,445
104065081,27.4468,22.6824,450,44363,0.0776172,0.03,1,1446794,1446344,450
104068001,30.2894,27.7365,452,44411,0.0875235,0.07,1,1446825,1446373,452
104070921,28.4579,27.9473,452,44458,0.0895047,0.05,1,1446853,1446401,452
104073841,7.29157,28.7895,425,44505,0.0899009,0.05,1,1446855,1446430,425
104076761,17.4583,22.5579,424,44552,0.12198,0.05,1,1446875,1446451,424
104079681,25.8917,26.9116,424,44599,0.128396,0.07,1,1446903,1446479,424
104082601,29.1783,30.1823,423,44646,0.129679,0.03,1,1446933,1446510,423
104085521,23.4357,23.6365,423,44693,0.145936,0.05,1,1446955,1446532,423
104088441,19.0871,18.3273,424,44740,0.149187,0.05,1,1446973,1446549,424
104091361,35.8174,35.6655,424,44787,0.213837,0.03,1,1447013,1446589,424
104094281,50.3635,51.1331,423,44834,0.226767,0.03,1,1447067,1446644,423
104097201,54.0727,54.2266,423,44881,0.0853535,0.07,1,1447122,1446699,423
104100121,38.0145,34.8453,427,44928,0.0570707,0.11,1,1447156,1446729,427
104103041,18.8029,18.1691,427,44975,0.0994141,0.11,1,1447170,1446743,427
104105961,21.3606,21.2338,427,45022,0.107883,0.07,1,1447192,1446765,427
104108881,26.6721,27.4468,426,45069,0.157577,0.09,1,1447220,1446794,426
104111801,30.1344,30.2894,426,45116,0.183515,0.09,1,1447251,1446825,426
104114721,28.4269,28.4579,426,45163,0.220703,0.09,1,1447279,1446853,426
104117641,7.28538,7.29157,426,45210,0.228141,0.13,1,1447281,1446855,426
104120561,18.2571,17.4583,427,45257,0.213628,0.13,1,1447302,1446875,427
104123481,26.8514,25.8917,428,45304,0.210726,0.13,1,1447331,1446903,428
104126401,29.3703,29.1783,428,45351,0.226145,0.15,1,1447361,1446933,428
104129321,24.2741,23.4357,429,45398,0.277229,0.15,1,1447384,1446955,429
104132241,20.0548,19.0871,430,45444,0.271446,0.23,1,1447403,1446973,430
104135161,36.811,35.8174,431,45490,0.254289,0.23,1,1447444,1447013,431
104138081,50.5622,50.3635,431,45536,0.266858,0.05,1,1447498,1447067,431
104141001,48.5124,54.0727,424,45582,0.285372,0.05,1,1447546,1447122,424
104143921,37.7025,38.0145,425,45628,0.273074,0.11,1,1447581,1447156,425
104146841,19.5405,18.8029,426,45674,0.286615,0.11,1,1447596,1447170,426
104149761,23.1081,21.3606,428,45720,0.257323,0.17,1,1447620,1447192,428
104152681,27.8216,26.6721,429,45766,0.235465,0.19,1,1447649,1447220,429
104155601,31.9643,30.1344,431,45812,0.231093,0.23,1,1447682,1447251,431
104158521,28.7929,28.4269,431,45858,0.198219,0.23,1,1447710,1447279,431
104161441,7.35857,7.28538,431,45904,0.191644,0.21,1,1447712,1447281,431
104164361,19.0717,18.2571,432,45950,0.222329,0.21,1,1447734,1447302,432
104167281,27.0143,3.65142,461,45996,0.212466,0.21,1,1447763,1447302,461
104170201,29.4029,23.9303,462,46042,0.210493,0.23,1,1447793,1447331,462
104173121,25.0806,28.7861,456,46088,0.210099,0.29,1,1447817,1447361,456
104176041,21.0161,24.1572,453,46134,0.22602,0.27,1,1447837,1447384,453
104178961,36.2032,20.0314,474,46180,0.277204,0.25,1,1447877,1447403,474
104181881,51.2406,36.8063,488,46226,0.271441,0.27,1,1447932,1447444,488
104184801,47.8481,50.5613,481,46272,0.270288,0.29,1,1447979,1447498,481
104187721,38.3696,48.5123,469,46318,0.270058,0.27,1,1448015,1447546,469
104190641,18.8739,37.7024,448,46364,0.270012,0.29,1,1448029,1447581,448
104193561,21.3748,19.5405,455,46409,0.286002,0.25,1,1448051,1447596,455
104196481,26.675,23.1081,459,46454,0.3212,0.23,1,1448079,1447620,459
104199401,31.735,27.8216,463,46499,0.31224,0.23,1,1448112,1447649,463
104202321,28.747,31.9643,458,46544,0.326448,0.19,1,1448140,1447682,458
104205241,7.3494,28.7929,432,46589,0.32929,0.19,1,1448142,1447710,432
104208161,19.0699,7.35857,452,46634,0.345858,0.23,1,1448164,1447712,452
104211081,26.214,19.0717,458,46679,0.349172,0.21,1,1448192,1447734,458
104214001,30.8428,27.0143,461,46724,0.381834,0.21,1,1448224,1447763,461
104216921,26.1686,29.4029,456,46769,0.404367,0.21,1,1448249,1447793,456
104219841,21.2337,25.0806,452,46814,0.408873,0.23,1,1448269,1447817,452
104222761,38.6467,21.0161,475,46859,0.393775,0.29,1,1448312,1447837,475
104225681,50.9293,36.2032,489,46904,0.406755,0.27,1,1448366,1447877,489
104228601,47.7859,51.2406,481,46949,0.425351,0.27,1,1448413,1447932,481
104231521,38.3572,47.8481,470,46994,0.42907,0.27,1,1448449,1447979,470
104234441,18.8714,38.3696,448,47039,0.429814,0.27,1,1448463,1448015,448
104237361,22.1743,18.8739,457,47084,0.413963,0.29,1,1448486,1448029,457
104240281,28.4349,21.3748,465,47129,0.426793,0.33,1,1448516,1448051,465
104243201,32.087,26.675,470,47174,0.413359,0.31,1,1448549,1448079,470
104246121,28.8174,31.735,465,47219,0.474672,0.33,1,1448577,1448112,465
104249041,7.36348,28.747,439,47264,0.486934,0.33,1,1448579,1448140,439
104251961,19.8727,7.3494,460,47309,0.505387,0.35,1,1448602,1448142,460
104254881,27.9745,19.0699,468,47354,0.509077,0.35,1,1448632,1448164,468
104257801,7.19491,26.214,442,47399,0.541815,0.39,1,1448634,1448192,442
104260721,26.239,30.8428,441,47443,0.564363,0.41,1,1448665,1448224,441
104263641,26.0478,26.1686,442,47487,0.568873,0.41,1,1448691,1448249,442
104266561,21.2096,21.2337,442,47531,0.585775,0.39,1,1448711,1448269,442
104269481,37.8419,38.6467,441,47575,0.653155,0.41,1,1448753,1448312,441
104272401,51.5684,50.9293,442,47619,0.730631,0.43,1,1448808,1448366,442
104275321,48.7137,47.7859,443,47663,0.730126,0.43,1,1448856,1448413,443
104278241,38.5427,38.3572,443,47707,0.730025,0.43,1,1448892,1448449,443
104281161,18.9085,18.8714,443,47751,0.762005,0.41,2,1448906,1448463,443
104284081,22.1817,22.1743,443,47795,0.752401,0.43,2,1448929,1448486,443
104287001,28.4363,28.4349,443,47839,0.75048,0.41,2,1448959,1448516,443
104289921,33.6873,32.087,445,47883,0.782096,0.49,2,1448994,1448549,445
104292841,29.9375,28.8174,446,47927,0.868419,0.49,2,1449023,1448577,446
104295761,7.58749,7.36348,446,47971,0.885684,0.51,2,1449025,1448579,446
104298681,20.7175,19.8727,447,48015,0.873137,0.51,2,1449049,1448602,447
104301601,29.7435,27.9745,449,48059,0.918627,0.55,2,1449081,1448632,449
104304521,7.5487,7.19491,449,48103,0.895725,0.57,2,1449083,1448634,449
104307441,27.1097,26.239,450,48147,0.923145,0.57,2,1449115,1448665,450
104555641,169,207,439,23360,0.07,0,1,1452049,1451610,439
104579001,151.4,173.4,421,23360,0.038,0.03,1,1452196,1451775,421
104581921,100.68,48.28,492,23451,0.0636,0.01,1,1452284,1451792,492
104584841,35.336,80.056,423,23541,0.05272,0.03,1,1452303,1451880,423
104587761,51.0672,37.6112,451,23631,0.018544,0.05,1,1452358,1451907,451
104590681,66.2134,62.7222,452,23721,0.0277088,0.03,1,1452428,1451976,452
104593601,47.6427,58.9444,437,23810,0.0295418,0.03,1,1452471,1452034,437
104596521,36.7285,30.1889,448,23899,0.0459084,0.03,1,1452505,1452057,448
104599441,34.5457,34.8378,446,23988,0.0651817,0.05,1,1452539,1452093,446
104602361,70.1091,75.7676,439,24076,0.101036,0.07,1,1452618,1452179,439
104605281,86.8218,99.1535,425,24164,0.0922073,0.05,1,1452709,1452284,425
104608201,31.7644,35.0307,424,24252,0.106441,0.01,1,1452727,1452303,424
104611121,49.5529,51.0061,423,24339,0.0452883,0.03,1,1452781,1452358,423
104614041,68.3106,66.2012,426,24426,0.0490577,0.03,1,1452854,1452428,426
104616961,45.6621,47.6402,423,24513,0.0818115,0.05,1,1452894,1452471,423
104619881,37.1324,36.728,424,24599,0.136362,0.07,1,1452929,1452505,424
104622801,35.4265,34.5456,425,24685,0.179272,0.11,1,1452964,1452539,425
104625721,71.0853,70.1091,426,24771,0.251855,0.09,1,1453044,1452618,426
104628641,86.2171,86.8218,425,24857,0.186371,0.11,1,1453134,1452709,425
104631561,31.6434,31.7644,425,24942,0.189274,0.03,1,1453152,1452727,425
104634481,47.1287,49.5529,422,25027,0.205855,0.05,1,1453203,1452781,422
104637401,69.4257,68.3106,424,25112,0.161171,0.09,1,1453278,1452854,424
104640321,48.2851,45.6621,427,25196,0.136234,0.15,1,1453321,1452894,427
104643241,39.257,37.1324,429,25280,0.131247,0.19,1,1453358,1452929,429
104646161,38.2514,35.4265,432,25364,0.162249,0.27,1,1453396,1452964,432
104649081,72.4503,71.0853,433,25448,0.10445,0.27,1,1453477,1453044,433
104652001,83.2901,14.2171,519,25531,0.12489,0.17,1,1453563,1453044,519
104654921,31.858,74.8434,448,25614,0.128978,0.19,1,1453582,1453134,448
104657841,46.3716,29.3687,480,25697,0.161796,0.21,1,1453632,1453152,480
104660761,68.4743,46.6737,503,25779,0.136359,0.15,1,1453706,1453203,503
104663681,47.2949,69.3347,470,25861,0.131272,0.13,1,1453748,1453278,470
104666601,39.059,48.2669,464,25943,0.130254,0.13,1,1453785,1453321,464
104669521,38.2118,39.2534,465,26025,0.146051,0.17,1,1453823,1453358,465
104672441,70.8424,38.2507,506,26106,0.18121,0.09,1,1453902,1453396,506
104675361,85.3685,72.4501,514,26187,0.252242,0.13,1,1453991,1453477,514
104678281,32.2737,83.29,447,26268,0.250448,0.13,1,1454010,1453563,447
104681201,47.2547,31.858,479,26349,0.28209,0.17,1,1454061,1453582,479
104684121,67.0509,46.3716,501,26429,0.288418,0.13,1,1454133,1453632,501
104687041,47.0102,68.4743,469,26509,0.305684,0.13,1,1454175,1453706,469
104689961,39.002,47.2949,464,26589,0.293137,0.13,1,1454212,1453748,464
104692881,39.0004,39.059,466,26669,0.322627,0.15,1,1454251,1453785,466
104695801,74.2001,38.2118,511,26748,0.360525,0.19,1,1454334,1453823,511
104698721,86.04,70.8424,521,26827,0.432105,0.27,1,1454423,1453902,521
104701641,31.608,85.3685,450,26906,0.446421,0.25,1,1454441,1453991,450
104704561,7.9216,32.2737,433,26985,0.449284,0.29,1,1454443,1454010,433
104707481,44.7843,47.2547,436,27063,0.529857,0.29,1,1454497,1454061,436
104710401,66.5569,67.0509,436,27141,0.593971,0.31,1,1454569,1454133,436
104713321,47.7114,47.0102,437,27219,0.638794,0.29,1,1454612,1454175,437
104716241,39.1423,39.002,437,27297,0.631759,0.33,1,1454649,1454212,437
104719161,39.8285,39.0004,438,27375,0.630352,0.37,1,1454689,1454251,438
104722081,77.5657,74.2001,442,27452,0.69407,0.45,1,1454776,1454334,442
104725001,88.3131,86.04,444,27529,0.770814,0.45,2,1454867,1454423,444
104727921,32.0626,31.608,444,27606,0.802163,0.45,2,1454885,1454441,444
104730841,8.01253,7.9216,444,27683,0.808433,0.55,2,1454887,1454443,444
104733761,48.8025,44.7843,449,27760,0.825687,0.61,2,1454946,1454497,449
104736681,68.1605,66.5569,450,27836,0.861137,0.65,2,1455019,1454569,450
104739601,49.6321,47.7114,452,27912,0.932227,0.63,2,1455064,1454612,452
104742521,40.3264,39.1423,453,27988,0.914446,0.63,2,1455102,1454649,453
104745441,40.0653,39.8285,453,28064,0.942889,0.71,2,1455142,1454689,453
104879761,36,0,533,31344,0.73,1,1,1457475,1456942,533
104882681,29.6,24.8,530,31412,0.666,1,1,1457503,1456973,530
104885601,25.92,24.96,530,31479,0.6852,1,1,1457528,1456998,530
104888521,70.784,43.392,564,31546,0.51304,1,1,1457610,1457046,564
104891441,74.1568,77.4784,553,31613,0.350608,1,1,1457685,1457132,553
104894361,54.8314,89.0957,511,31680,0.0781216,1,1,1457735,1457224,511
104897281,36.5663,41.0191,514,31747,0.0396243,1,1,1457767,1457253,514
104900201,32.1133,37.0038,509,31814,0.0479249,1,1,1457798,1457289,509
104903121,60.0227,39.4008,536,31881,0.049585,0.91,1,1457865,1457329,536
104906041,42.4045,56.6802,513,31947,0.097917,0.89,1,1457903,1457390,513
104908961,33.2809,50.536,495,32013,0.0435834,0.73,1,1457934,1457439,495
104911881,27.4562,38.9072,485,32079,0.0487167,0.65,1,1457960,1457475,485
104914801,21.4912,30.1814,477,32145,0.0337433,0.69,1,1457980,1457503,477
104917721,63.4982,26.0363,526,32211,0.0307487,0.47,1,1458054,1457528,526
104920641,61.4996,70.8073,505,32277,0.0301497,0.31,1,1458115,1457610,505
104923561,45.0999,74.1615,471,32343,0.0300299,0.01,1,1458156,1457685,471
104926481,34.62,54.8323,453,32408,0.078006,0.03,1,1458188,1457735,453
104929401,31.724,36.5665,452,32473,0.0876012,0.05,1,1458219,1457767,452
104932321,60.7448,32.1133,489,32538,0.0575202,0.05,1,1458287,1457798,489
104935241,43.349,60.0227,461,32603,0.0835041,0.11,1,1458326,1457865,461
104938161,32.6698,42.4045,453,32668,0.104701,0.03,1,1458356,1457903,453
104941081,27.334,33.2809,448,32733,0.10894,0.05,1,1458382,1457934,448
104944001,7.06679,27.4562,424,32798,0.077788,0.03,1,1458384,1457960,424
104946921,18.2134,21.4912,425,32862,0.0555576,0.03,1,1458405,1457980,425
104949841,61.2427,63.4982,423,32926,0.163112,0.03,1,1458477,1458054,423
104952761,60.2485,61.4996,422,32990,0.152622,0.03,1,1458537,1458115,422
104955681,46.4497,45.0999,424,33054,0.118524,0.09,1,1458580,1458156,424
104958601,37.2899,34.62,427,33118,0.127705,0.09,1,1458615,1458188,427
104961521,29.858,31.724,424,33182,0.145541,0.05,1,1458643,1458219,424
104964441,61.9716,60.7448,426,33246,0.133108,0.09,1,1458713,1458287,426
104967361,45.9943,43.349,429,33310,0.114622,0.11,1,1458755,1458326,429
104970281,31.5989,32.6698,427,33373,0.0949243,0.11,1,1458783,1458356,427
104973201,25.5198,27.334,425,33436,0.122985,0.07,1,1458807,1458382,425
104976121,6.70395,7.06679,425,33499,0.096597,0.05,1,1458809,1458384,425
104979041,18.1408,18.2134,425,33562,0.107319,0.19,1,1458830,1458405,425
104981961,64.4282,61.2427,429,33625,0.141464,0.15,1,1458906,1458477,429
104984881,60.8856,60.2485,429,33688,0.148293,0.11,1,1458966,1458537,429
104987801,44.9771,46.4497,427,33751,0.165659,0.13,1,1459007,1458580,427
104990721,36.1954,37.2899,426,33814,0.153132,0.15,1,1459041,1458615,426
104993641,31.2391,29.858,428,33877,0.150626,0.13,1,1459071,1458643,428
104996561,60.6478,61.9716,426,33939,0.134125,0.11,1,1459139,1458713,426
104999481,44.9296,45.9943,425,34001,0.162825,0.09,1,1459180,1458755,425
105002401,32.1859,31.5989,426,34063,0.152565,0.13,1,1459209,1458783,426
105005321,25.6372,25.5198,426,34125,0.118513,0.09,1,1459233,1458807,426
105008241,6.72744,6.70395,426,34187,0.143703,0.11,1,1459235,1458809,426
105011161,17.3455,18.1408,425,34249,0.164741,0.11,1,1459255,1458830,425
105014081,66.6691,3.62816,504,34311,0.168948,0.15,1,1459334,1458830,504
105017001,61.3338,61.5256,488,34373,0.18579,0.15,1,1459394,1458906,488
105019921,45.0668,60.3051,469,34435,0.205158,0.17,1,1459435,1458966,469
105022841,36.2134,44.861,462,34496,0.193032,0.15,1,1459469,1459007,462
105025761,29.6427,36.1722,456,34557,0.206606,0.15,1,1459497,1459041,456
105028681,61.1285,31.2344,495,34618,0.257321,0.13,1,1459566,1459071,495
105031601,45.0257,60.6469,468,34679,0.315464,0.17,1,1459607,1459139,468
105034521,31.4051,44.9294,455,34740,0.359093,0.15,1,1459635,1459180,455
105037441,26.281,32.1859,451,34801,0.367819,0.11,1,1459660,1459209,451
105040361,6.85621,25.6372,429,34862,0.401564,0.15,1,1459662,1459233,429
105043281,17.3712,6.72743,447,34923,0.408313,0.17,1,1459682,1459235,447
105046201,68.2743,17.3455,508,34984,0.409663,0.17,1,1459763,1459255,508
105049121,62.4548,66.6691,490,35044,0.425932,0.19,1,1459824,1459334,490
105052041,44.491,61.3338,470,35104,0.429187,0.21,1,1459864,1459394,470
105054961,36.8982,45.0668,464,35164,0.445837,0.19,1,1459899,1459435,464
105057881,30.5796,36.2134,459,35224,0.465167,0.21,1,1459928,1459469,459
105060801,63.7159,29.6427,503,35284,0.469034,0.27,1,1460000,1459497,503
105063721,47.9432,61.1285,478,35344,0.469807,0.33,1,1460044,1459566,478
105066641,34.3886,45.0257,468,35404,0.533961,0.37,1,1460075,1459607,468
105069561,27.6777,31.4051,466,35464,0.578792,0.37,1,1460101,1459635,466
105072481,7.13555,26.281,443,35524,0.587758,0.41,1,1460103,1459660,443
105075401,17.4271,6.85621,461,35584,0.589552,0.41,1,1460123,1459662,461
105078321,69.0854,17.3712,523,35643,0.60591,0.41,1,1460205,1459682,523
105081241,15.4171,68.2743,444,35702,0.641182,0.43,1,1460207,1459763,444
105084161,51.0834,62.4548,443,35761,0.696236,0.43,1,1460267,1459824,443
105087081,42.2167,44.491,443,35820,0.723247,0.45,1,1460307,1459864,443
105090001,37.2433,36.8982,444,35879,0.744649,0.47,1,1460343,1459899,444
105092921,31.4487,30.5796,445,35938,0.79693,0.47,2,1460373,1459928,445
105095841,63.8897,63.7159,445,35997,0.807386,0.47,2,1460445,1460000,445
105098761,48.7779,47.9432,446,36056,0.825477,0.55,2,1460490,1460044,446
105101681,37.7556,34.3886,450,36115,0.861095,0.59,2,1460525,1460075,450
105104601,29.1511,27.6777,451,36174,0.836219,0.59,2,1460552,1460101,451
105107521,7.43022,7.13555,451,36232,0.847244,0.59,2,1460554,1460103,451
105110441,17.486,17.4271,451,36290,0.849449,0.61,2,1460574,1460123,451
105113361,72.2972,69.0854,455,36348,0.91389,0.65,2,1460660,1460205,455
105116281,16.0594,15.4171,455,36406,0.926778,0.71,2,1460662,1460207,455
105119201,52.8119,51.0834,457,36464,0.913356,0.73,2,1460724,1460267,457
105139641,28,27,464,36868,0.95,0.85,2,1461016,1460552,464
105142561,7.2,7,464,36925,0.95,0.85,2,1461018,1460554,464
105145481,18.24,17.4,465,36982,0.934,0.93,2,1461039,1460574,465
105148401,73.248,72.28,466,37039,0.8668,0.93,2,1461126,1460660,466
105151321,16.2496,16.056,466,37096,0.85336,0.91,2,1461128,1460662,466
105154241,53.6499,52.8112,467,37153,0.898672,0.91,2,1461191,1460724,467
105157161,44.33,10.5622,509,37210,0.907734,0.99,2,1461233,1460724,509
105160081,39.266,34.9124,506,37267,0.925547,0.97,2,1461271,1460765,506
105163001,31.8532,36.5825,499,37324,0.929109,0.99,2,1461301,1460802,499
105297321,39,27,499,39844,0.75,1,2,1463059,1462560,499
105300241,35.8,51.8,476,39897,0.686,1,1,1463094,1462618,476
105303161,44.76,35.16,492,39950,0.6252,1,1,1463141,1462649,492
105306081,42.552,41.432,491,40003,0.64504,1,1,1463183,1462692,491
105309001,36.5104,37.8864,489,40056,0.569008,1,1,1463218,1462729,489
105311921,36.9021,33.9773,493,40109,0.393802,1,1,1463255,1462762,493
105314841,31.3804,6.79546,523,40162,0.29476,1,1,1463285,1462762,523
105317761,40.6761,46.1591,510,40215,0.194952,1,1,1463328,1462818,510
105320681,35.3352,38.0318,508,40268,0.0789904,1,1,1463362,1462854,508
105323601,23.067,32.4064,497,40320,0.0397981,1,1,1463382,1462885,497
105326521,24.6134,32.0813,490,40372,0.0479596,1,1,1463407,1462917,490
105329441,44.9227,27.2163,514,40424,0.00959192,0.84,1,1463457,1462943,514
105332361,31.3845,39.0433,500,40476,0.00191838,0.87,1,1463485,1462985,500
105335281,31.8769,35.8087,497,40528,0.0403837,0.75,1,1463517,1463020,497
105338201,30.3754,38.3617,488,40580,0.0480767,0.67,1,1463547,1463059,488
105341121,42.0751,35.6723,498,40632,0.0336153,0.61,1,1463592,1463094,498
105344041,38.015,44.7345,488,40684,0.0947231,0.65,1,1463629,1463141,488
105346961,31.603,42.5469,476,40736,0.0749446,0.55,1,1463659,1463183,476
105349881,30.3206,36.5094,471,40788,0.0869889,0.35,1,1463689,1463218,471
105352801,29.2641,36.9019,463,40840,0.0893978,0.27,1,1463718,1463255,463
105355721,34.6528,31.3804,469,40892,0.12188,0.17,1,1463754,1463285,469
105358641,30.9306,40.6761,456,40944,0.0803759,0.05,1,1463784,1463328,456
105361561,22.9861,35.3352,443,40996,0.0400752,0.03,1,1463805,1463362,443
105364481,22.9972,23.067,446,41047,0.080015,0.05,1,1463828,1463382,446
105367401,46.1994,24.6134,473,41098,0.040003,0,1,1463880,1463407,473
105370321,30.8399,44.9227,450,41149,0.0320006,0,1,1463907,1463457,450
105373241,33.368,31.3845,456,41200,0.0144001,0.05,1,1463941,1463485,456
105376161,29.0736,31.8769,452,41251,0.04288,0.05,1,1463969,1463517,452
105379081,43.4147,30.3754,469,41302,0.048576,0.03,1,1464016,1463547,469
105382001,39.0829,42.0751,462,41353,0.0817152,0.11,1,1464054,1463592,462
105384921,30.2166,38.015,453,41404,0.136343,0.07,1,1464082,1463629,453
105387841,31.6433,31.603,455,41455,0.131269,0.09,1,1464114,1463659,455
105390761,27.9287,30.3206,452,41506,0.162254,0.09,1,1464141,1463689,452
105393681,7.18573,29.2641,425,41557,0.168451,0.13,1,1464143,1463718,425
105396601,30.2371,34.6528,425,41608,0.18569,0.07,1,1464179,1463754,425
105399521,27.6474,30.9306,422,41659,0.205138,0.03,1,1464206,1463784,422
105402441,23.1295,22.9861,423,41710,0.145028,0.09,1,1464228,1463805,423
105405361,25.4259,22.9972,426,41761,0.133006,0.03,1,1464254,1463828,426
105408281,44.2852,46.1994,423,41812,0.0266011,0.03,1,1464303,1463880,423
105411201,29.657,30.8399,422,41862,0.0293202,0.01,1,1464329,1463907,422
105414121,34.7314,33.368,424,41912,0.045864,0.05,1,1464365,1463941,424
105417041,30.1463,29.0736,425,41962,0.0331728,0.05,1,1464394,1463969,425
105419961,44.4293,43.4147,426,42012,0.0146346,0.09,1,1464442,1464016,426
105422881,39.2859,39.0829,426,42062,0.0109269,0.15,1,1464480,1464054,426
105425801,32.6572,30.2166,429,42112,0.0581854,0.13,1,1464511,1464082,429
105428721,31.3314,31.6433,428,42162,0.0836371,0.17,1,1464542,1464114,428
105431641,29.4663,27.9287,430,42212,0.0887274,0.17,1,1464571,1464141,430
105434561,7.49326,7.18573,430,42262,0.121745,0.19,1,1464573,1464143,430
105437481,31.0987,30.2371,431,42312,0.128349,0.21,1,1464610,1464179,431
105440401,25.4197,27.6474,428,42362,0.16167,0.13,1,1464634,1464206,428
105443321,20.2839,23.1295,425,42412,0.152334,0.13,1,1464653,1464228,425
105446241,25.6568,25.4259,426,42462,0.134467,0,1,1464680,1464254,426
105449161,41.1314,44.2852,422,42512,0.114893,0.03,1,1464725,1464303,422
105452081,29.0263,29.657,422,42562,0.110979,0.05,1,1464751,1464329,422
105455001,34.6053,34.7314,422,42612,0.0621957,0.03,1,1464787,1464365,422
105457921,30.1211,30.1463,422,42662,0.0364391,0.01,1,1464816,1464394,422
105460841,46.0242,44.4293,424,42711,0.0472878,0.01,1,1464866,1464442,424
105463761,38.8048,39.2859,423,42760,0.0654576,0.07,1,1464903,1464480,423
105466681,34.161,32.6572,425,42809,0.0530915,0.09,1,1464936,1464511,425
105469601,32.4322,31.3314,426,42858,0.0506183,0.09,1,1464968,1464542,426
105472521,29.6864,29.4663,426,42907,0.0821237,0.13,1,1464997,1464571,426
105475441,7.53729,7.49326,426,42956,0.0884247,0.13,1,1464999,1464573,426
105478361,31.9075,31.0987,427,43005,0.105685,0.13,1,1465037,1464610,427
105481281,25.5815,6.21973,451,43054,0.093137,0.17,1,1465061,1464610,451
105484201,21.1163,20.4439,447,43103,0.0906274,0.15,1,1465081,1464634,447
105487121,25.0233,19.2888,454,43152,0.0901255,0.13,1,1465107,1464653,454
105490041,40.2047,25.4578,471,43201,0.154025,0.11,1,1465151,1464680,471
105492961,25.6409,41.0916,448,43250,0.166805,0.11,1,1465173,1464725,448
105495881,33.1282,29.0183,457,43299,0.121361,0.05,1,1465208,1464751,457
105498801,31.4256,34.6037,452,43348,0.0962722,0.03,1,1465239,1464787,452
105501721,45.4851,30.1207,472,43397,0.107254,0.05,1,1465288,1464816,472
105504641,38.697,46.0241,459,43446,0.0774509,0.07,1,1465325,1464866,459
105507561,33.3394,38.8048,454,43495,0.0874902,0.05,1,1465357,1464903,454
105510481,33.0679,34.161,454,43544,0.137498,0.05,1,1465390,1464936,454
105513401,30.6136,32.4322,452,43592,0.1475,0.09,1,1465420,1464968,452
105516321,7.72271,29.6864,425,43640,0.1495,0.09,1,1465422,1464997,425
105519241,33.5445,7.53729,463,43688,0.1179,0.11,1,1465462,1464999,463
105522161,25.9089,31.9075,449,43736,0.14358,0.09,1,1465486,1465037,449
105525081,21.1818,25.5815,445,43784,0.148716,0.09,1,1465506,1465061,445
105528001,25.8364,21.1163,452,43832,0.213743,0.09,1,1465533,1465081,452
105530921,42.7673,25.0233,473,43880,0.258749,0.17,1,1465580,1465107,473
105533841,26.1535,40.2047,451,43928,0.26775,0.17,1,1465602,1465151,451
105536761,30.8307,25.6409,461,43976,0.26955,0.11,1,1465634,1465173,461
105539681,30.1661,33.1282,456,44024,0.26991,0.09,1,1465664,1465208,456
105542601,44.4332,31.4256,473,44072,0.269982,0.11,1,1465712,1465239,473
105545521,38.4866,45.4851,461,44120,0.269996,0.07,1,1465749,1465288,461
105548441,34.0973,38.697,457,44168,0.285999,0.09,1,1465782,1465325,457
105551361,35.6195,33.3394,461,44216,0.3212,0.15,1,1465818,1465357,461
105554281,31.1239,33.0679,458,44264,0.32824,0.15,1,1465848,1465390,458
105557201,7.82478,30.6136,430,44312,0.329648,0.15,1,1465850,1465420,430
105560121,33.565,7.72271,468,44360,0.36193,0.11,1,1465890,1465422,468
105563041,25.913,33.5445,452,44408,0.384386,0.15,1,1465914,1465462,452
105565961,21.1826,25.9089,448,44456,0.420877,0.15,1,1465934,1465486,448
105568881,5.83652,21.1818,430,44503,0.444175,0.23,1,1465936,1465506,430
105571801,25.1673,25.8364,433,44550,0.480835,0.27,1,1465966,1465533,433
105574721,44.2335,42.7673,435,44597,0.488167,0.27,1,1466015,1465580,435
105577641,26.4467,26.1535,435,44644,0.521633,0.27,1,1466037,1465602,435
105580561,30.8893,30.8307,435,44691,0.592327,0.27,1,1466069,1465634,435
105583481,30.1779,30.1661,435,44738,0.574465,0.27,1,1466099,1465664,435
105586401,44.4356,44.4332,435,44785,0.570893,0.27,1,1466147,1465712,435
105589321,38.4871,38.4866,435,44832,0.586179,0.29,1,1466184,1465749,435
105592241,34.8974,34.0973,436,44879,0.589236,0.33,1,1466218,1465782,436
105595161,37.3795,35.6195,438,44926,0.621847,0.33,1,1466256,1465818,438
105598081,32.2759,31.1239,439,44973,0.660369,0.33,1,1466287,1465848,439
105601001,8.05518,7.82478,439,45020,0.668074,0.37,1,1466289,1465850,439
105603921,35.211,33.565,441,45067,0.685615,0.39,1,1466331,1465890,441
105606841,27.8422,25.913,443,45114,0.657123,0.43,1,1466357,1465914,443
105609761,22.3684,21.1826,444,45161,0.635425,0.45,1,1466378,1465934,444
105612681,6.07369,5.83652,444,45208,0.631085,0.49,1,1466380,1465936,444
105615601,27.6147,25.1673,447,45255,0.678217,0.49,1,1466413,1465966,447
105618521,44.7229,44.2335,447,45302,0.735643,0.53,1,1466462,1466015,447
105621441,28.1446,26.4467,449,45349,0.747129,0.61,1,1466486,1466037,449
105624361,32.0289,30.8893,450,45396,0.733426,0.57,1,1466519,1466069,450
105627281,30.4058,30.1779,450,45442,0.730685,0.57,1,1466549,1466099,450
105630201,44.4812,44.4356,450,45488,0.698137,0.59,1,1466597,1466147,450
105633121,39.2962,38.4871,451,45534,0.723627,0.59,1,1466635,1466184,451
105636041,35.0592,34.8974,451,45580,0.728725,0.63,1,1466669,1466218,451
105638961,39.0118,37.3795,453,45626,0.745745,0.67,1,1466709,1466256,453
105641881,33.4024,32.2759,454,45672,0.717149,0.67,1,1466741,1466287,454
105644801,8.28047,8.05518,454,45718,0.71143,0.69,1,1466743,1466289,454
105647721,35.2561,35.211,454,45764,0.710286,0.65,1,1466785,1466331,454
105650641,26.2512,27.8422,452,45810,0.726057,0.63,1,1466809,1466357,452
105653561,22.8502,22.3684,453,45856,0.745211,0.63,1,1466831,1466378,453
105656481,6.17005,6.07369,453,45902,0.781042,0.69,2,1466833,1466380,453
105659401,30.034,27.6147,456,45948,0.756208,0.69,2,1466869,1466413,456
105662321,45.2068,5.52295,505,45994,0.767242,0.75,2,1466918,1466413,505
105665241,28.2414,40.3046,480,46040,0.785448,0.75,2,1466942,1466462,480
105668161,31.2483,27.2609,488,46086,0.83709,0.73,2,1466974,1466486,488
105671081,30.2497,31.8522,485,46132,0.847418,0.73,2,1467004,1466519,485
105674001,44.4499,30.3704,503,46178,0.849484,0.69,2,1467052,1466549,503
105676921,39.29,44.4741,493,46224,0.849897,0.73,2,1467090,1466597,493
105679841,35.858,39.2948,490,46270,0.897979,0.73,2,1467125,1466635,490
105682761,39.1716,35.059,496,46316,0.875596,0.75,2,1467165,1466669,496
105685681,32.6343,39.0118,487,46362,0.919119,0.71,2,1467196,1466709,487
105688601,8.12686,33.4024,457,46407,0.927824,0.71,2,1467198,1466741,457
105691521,36.0254,8.28047,498,46452,0.897565,0.71,2,1467241,1466743,498
105694441,28.0051,35.2561,482,46497,0.891513,0.73,2,1467267,1466785,482
105697361,23.201,26.2512,480,46542,0.922303,0.75,2,1467289,1466809,480
105700281,6.2402,22.8502,460,46587,0.928461,0.79,2,1467291,1466831,460
105703201,29.248,6.17005,493,46632,0.945692,0.75,2,1467326,1466833,493
105706121,47.4496,30.034,509,46677,0.949138,0.77,2,1467378,1466869,509
105893001,45,65,476,22817,0.13,0.45,1,1469401,1468925,476
105895921,55.4,63.4,471,22910,0.146,0.23,1,1469459,1468988,471
105898841,71.08,86.28,454,23003,0.1652,0.11,1,1469534,1469080,454
105901761,53.416,65.256,443,23095,0.20104,0,1,1469583,1469140,443
105904681,62.6832,62.6512,446,23187,0.048208,0.03,1,1469648,1469202,446
105907601,22.1366,34.9302,430,23278,0.0336416,0.03,1,1469660,1469230,430
105910521,100.427,30.186,521,23369,0.0307283,0.07,1,1469780,1469259,521
105913441,56.8855,83.6372,470,23460,0.0941457,0.13,1,1469826,1469356,470
105916361,59.3771,52.7274,485,23550,0.170829,0.15,1,1469886,1469401,485
105919281,73.4754,56.9455,504,23640,0.250166,0.17,1,1469963,1469459,504
105922201,53.8951,71.3891,478,23730,0.298033,0.21,1,1470012,1469534,478
105925121,57.179,53.4778,487,23819,0.243607,0.01,1,1470070,1469583,487
105928041,20.2358,62.6956,433,23908,0.216721,0.03,1,1470081,1469648,433
105930961,5.64716,22.1391,423,23997,0.179344,0.03,1,1470083,1469660,423
105933881,97.9294,100.428,424,24085,0.0598688,0.11,1,1470204,1469780,424
105936801,58.7859,56.8856,427,24173,0.0359738,0.19,1,1470253,1469826,427
105939721,62.9572,59.3771,431,24261,0.0471948,0.27,1,1470317,1469886,431
105942641,77.3914,73.4754,435,24348,0.129439,0.31,1,1470398,1469963,435
105945561,56.2783,53.8951,437,24435,0.129888,0.23,1,1470449,1470012,437
105948481,52.8557,57.179,431,24522,0.129978,0.21,1,1470501,1470070,431
105951401,18.5711,20.2358,430,24608,0.129996,0.17,1,1470511,1470081,430
105954321,5.31423,5.64716,430,24694,0.161999,0.03,1,1470513,1470083,430
105957241,91.4628,97.9294,422,24780,0.2004,0.03,1,1470626,1470204,422
105960161,58.2926,58.7859,423,24866,0.19208,0.05,1,1470676,1470253,423
105963081,64.4585,62.9572,425,24951,0.190416,0.15,1,1470742,1470317,425
105966001,80.0917,77.3914,428,25036,0.286083,0.13,1,1470826,1470398,428
105968921,56.8183,56.2783,428,25121,0.273217,0.13,1,1470877,1470449,428
105971841,52.9637,52.8557,428,25205,0.270643,0.13,1,1470929,1470501,428
105974761,18.5927,18.5711,428,25289,0.270129,0.17,1,1470939,1470511,428
105977681,5.31855,5.31423,428,25373,0.302026,0.21,1,1470941,1470513,428
105980601,93.0637,91.4628,430,25457,0.276405,0.21,1,1471056,1470626,430
105983521,57.8127,18.2926,479,25540,0.287281,0.19,1,1471105,1470626,479
105986441,64.3625,43.6585,495,25623,0.337456,0.19,1,1471171,1470676,495
105989361,84.0725,61.5317,518,25706,0.331491,0.31,1,1471260,1470742,518
105992281,57.6145,79.5063,485,25788,0.378298,0.27,1,1471311,1470826,485
105995201,53.1229,56.7013,486,25870,0.38766,0.27,1,1471363,1470877,486
105998121,18.6246,52.9403,444,25952,0.389532,0.27,1,1471373,1470929,444
106001041,5.32492,18.5881,436,26034,0.389906,0.31,1,1471375,1470939,436
106003961,93.065,5.31761,549,26115,0.437981,0.27,1,1471490,1470941,549
106006881,58.613,93.0635,484,26196,0.447596,0.29,1,1471540,1471056,484
106009801,65.3226,57.8127,502,26277,0.513519,0.35,1,1471607,1471105,502
106012721,85.0645,64.3625,526,26358,0.574704,0.33,1,1471697,1471171,526
106015641,60.2129,84.0725,491,26438,0.698941,0.39,1,1471751,1471260,491
106018561,53.6426,57.6145,492,26518,0.739788,0.39,1,1471803,1471311,492
106021481,18.7285,53.1229,450,26598,0.747958,0.39,1,1471813,1471363,450
106024401,5.3457,18.6246,442,26678,0.749592,0.39,1,1471815,1471373,442
106027321,95.4691,5.32492,558,26757,0.765918,0.45,2,1471933,1471375,558
106030241,59.0938,93.065,493,26836,0.769184,0.45,2,1471983,1471490,493
106033161,68.6188,58.613,514,26915,0.785837,0.53,2,1472054,1471540,514
106036081,15.3238,65.3226,449,26994,0.789167,0.59,2,1472056,1471607,449
106039001,76.6647,85.0645,451,27072,0.821833,0.73,2,1472148,1471697,451
106041921,64.1329,60.2129,458,27150,0.876367,0.75,2,1472209,1471751,458
106044841,55.2266,53.6426,459,27228,0.887273,0.75,2,1472262,1471803,459
106047761,19.0453,18.7285,459,27306,0.905455,0.75,2,1472272,1471813,459
106050681,5.40906,5.3457,459,27384,0.941091,0.77,2,1472274,1471815,459
106053601,96.2818,95.4691,460,27461,0.916218,0.77,2,1472393,1471933,460
106173321,63,75,491,30461,0.79,1,2,1474507,1474016,491
106176241,68.6,71.8,490,30530,0.566,1,1,1474577,1474087,490
106179161,32.92,35.16,488,30599,0.4732,1,1,1474601,1474113,488
106182081,36.184,34.232,491,30668,0.42264,1,1,1474638,1474147,491
106185001,32.0368,30.0464,493,30737,0.380528,1,1,1474669,1474176,493
106187921,28.8074,27.6093,494,30806,0.324106,1,1,1474697,1474203,494
106190841,68.9615,81.5219,478,30875,0.200821,1,1,1474776,1474298,478
106193761,49.7923,46.7044,485,30944,0.176164,0.94,1,1474821,1474336,485
106196681,58.7585,70.9409,469,31012,0.107233,0.89,1,1474882,1474413,469
106199601,33.3517,38.9882,465,31080,0.0614466,0.79,1,1474909,1474444,465
106202521,47.4703,58.1976,453,31148,0.0362893,0.51,1,1474960,1474507,453
106205441,54.2941,67.6395,439,31216,0.0472579,0.45,1,1475016,1474577,439
106208361,31.6588,32.7279,441,31284,0.0174516,0.45,1,1475042,1474601,441
106211281,32.7318,6.54558,474,31352,0.0274903,0.41,1,1475075,1474601,474
106214201,28.9464,30.9091,465,31419,0.0614981,0.37,1,1475103,1474638,465
106217121,29.7893,30.9818,464,31486,0.0202996,0.31,1,1475133,1474669,464
106220041,64.3579,28.5964,509,31553,0.0600599,0.17,1,1475206,1474697,509
106222961,48.8716,68.9193,475,31620,0.068012,0.17,1,1475251,1474776,475
106225881,52.9743,49.7839,484,31687,0.101602,0.09,1,1475305,1474821,484
106228801,31.3949,58.7568,449,31754,0.0603205,0.05,1,1475331,1474882,449
106231721,46.279,33.3514,472,31821,0.132064,0.03,1,1475381,1474909,472
106234641,54.0558,47.4703,477,31887,0.0984128,0.05,1,1475437,1474960,477
106237561,31.6112,54.2941,447,31953,0.155683,0.01,1,1475463,1475016,447
106240481,33.5222,31.6588,455,32019,0.135137,0.03,1,1475497,1475042,455
106243401,29.9044,32.7318,451,32085,0.131027,0.07,1,1475526,1475075,451
106246321,29.1809,28.9464,452,32151,0.146205,0.01,1,1475555,1475103,452
106249241,66.6362,29.7893,498,32217,0.213241,0.07,1,1475631,1475133,498
106252161,50.1272,64.3579,471,32283,0.242648,0.07,1,1475677,1475206,471
106255081,52.4254,48.8716,479,32349,0.26453,0.11,1,1475730,1475251,479
106258001,31.2851,52.9743,451,32414,0.268906,0.05,1,1475756,1475305,451
106260921,48.657,31.3949,478,32479,0.301781,0.15,1,1475809,1475331,478
106263841,55.3314,46.279,485,32544,0.340356,0.09,1,1475866,1475381,485
106266761,30.2663,54.0558,453,32609,0.348071,0.17,1,1475890,1475437,453
106269681,31.6533,31.6112,459,32674,0.349614,0.13,1,1475922,1475463,459
106272601,32.7307,33.5222,458,32739,0.365923,0.13,1,1475955,1475497,458
106275521,8.14613,29.9044,431,32804,0.369185,0.15,1,1475957,1475526,431
106278441,23.2292,29.1809,429,32868,0.353837,0.23,1,1475984,1475555,429
106281361,67.0458,66.6362,431,32932,0.366767,0.25,1,1476062,1475631,431
106284281,53.4092,50.1272,435,32996,0.385353,0.27,1,1476112,1475677,435
106287201,53.0818,52.4254,435,33060,0.469071,0.27,1,1476165,1475730,435
106290121,32.2164,31.2851,436,33124,0.469814,0.31,1,1476192,1475756,436
106293041,49.6433,48.657,437,33188,0.501963,0.35,1,1476246,1475809,437
106295961,57.1287,55.3314,439,33252,0.508393,0.35,1,1476305,1475866,439
106298881,30.6257,30.2663,439,33316,0.477679,0.35,1,1476329,1475890,439
106301801,31.7251,31.6533,439,33379,0.487536,0.37,1,1476361,1475922,439
106304721,33.545,32.7307,440,33442,0.505507,0.37,1,1476395,1475955,440
106307641,8.30901,8.14613,440,33505,0.509101,0.35,1,1476397,1475957,440
106310561,22.4618,23.2292,439,33568,0.50982,0.37,1,1476423,1475984,439
106313481,67.6924,67.0458,440,33631,0.557964,0.39,1,1476502,1476062,440
106316401,55.1385,53.4092,442,33694,0.647593,0.49,1,1476554,1476112,442
106319321,55.0277,53.0818,444,33757,0.729519,0.47,1,1476609,1476165,444
106322241,33.4055,32.2164,445,33820,0.713904,0.51,1,1476637,1476192,445
106325161,50.6811,49.6433,446,33883,0.742781,0.51,1,1476692,1476246,446
106328081,56.5362,57.1287,445,33945,0.732556,0.47,1,1476750,1476305,445
106331001,30.5072,30.6257,445,34007,0.730511,0.49,1,1476774,1476329,445
106333921,32.5014,31.7251,446,34069,0.762102,0.51,2,1476807,1476361,446
106336841,34.5003,33.545,447,34131,0.75242,0.51,2,1476842,1476395,447
106339761,8.50006,8.30901,447,34193,0.750484,0.51,2,1476844,1476397,447
106342681,22.5,22.4618,447,34255,0.782097,0.51,2,1476870,1476423,447
106345601,69.3,4.49236,528,34317,0.740419,0.57,1,1476951,1476423,528
106348521,57.86,64.0985,504,34379,0.764084,0.67,2,1477006,1476502,504
106351441,58.772,54.4197,511,34441,0.768817,0.75,2,1477065,1476554,511
106354361,34.1544,54.8839,484,34502,0.801763,0.71,2,1477093,1476609,484
106357281,50.8309,33.3768,511,34563,0.792353,0.75,2,1477148,1476637,511
106360201,57.3662,50.6754,515,34624,0.79047,0.73,2,1477207,1476692,515
106363121,30.6732,56.5351,481,34685,0.790094,0.73,2,1477231,1476750,481
106366041,34.1346,30.507,492,34746,0.806019,0.77,2,1477266,1476774,492
106368961,34.0269,32.5014,493,34807,0.825204,0.75,2,1477300,1476807,493
106371881,8.40539,34.5003,460,34868,0.829041,0.75,2,1477302,1476842,460
106374801,22.4811,8.50006,484,34929,0.829808,0.79,2,1477328,1476844,484
106377721,68.4962,22.5,538,34990,0.861962,0.73,2,1477408,1476870,538
106380641,59.2992,69.3,514,35050,0.932392,0.77,2,1477465,1476951,514
106517881,27,65,505,37779,0.79,1,2,1479338,1478833,505
106520801,31.8,33,513,37835,0.758,1,2,1479371,1478858,513
106523721,56.76,36.2,539,37891,0.6396,1,1,1479434,1478895,539
106526641,29.752,52.84,505,37947,0.55192,1,1,1479457,1478952,505
106529561,52.3504,35.368,532,38003,0.566384,1,1,1479515,1478983,532
106532481,60.8701,51.0736,540,38059,0.505277,1,1,1479578,1479038,540
106535401,48.174,69.4147,511,38115,0.445055,1,1,1479623,1479112,511
106538321,34.4348,42.6829,506,38170,0.465011,0.98,1,1479654,1479148,506
106541241,20.487,35.7366,489,38225,0.501002,0.99,1,1479671,1479182,489
106544161,24.8974,24.7473,493,38280,0.4922,0.97,1,1479697,1479204,493
106547081,28.1795,25.7495,496,38335,0.50644,0.86,1,1479726,1479230,496
106550001,44.8359,29.1499,515,38390,0.461288,0.85,1,1479775,1479260,515
106552921,26.5672,46.63,486,38445,0.484258,0.79,1,1479797,1479311,486
106555841,30.9134,30.926,491,38500,0.504852,0.75,1,1479829,1479338,491
106558761,50.9827,32.5852,514,38555,0.50897,0.61,1,1479885,1479371,514
106561681,27.7965,56.917,473,38610,0.541794,0.53,1,1479907,1479434,473
106564601,7.15931,29.7834,452,38665,0.516359,0.57,1,1479909,1479457,452
106567521,46.2319,52.3567,450,38720,0.591272,0.49,1,1479965,1479515,450
106570441,55.6464,60.8713,445,38775,0.622254,0.43,1,1480023,1479578,445
106573361,47.9293,48.1743,446,38829,0.644451,0.47,1,1480069,1479623,446
106576281,33.5859,34.4349,445,38883,0.66489,0.51,1,1480099,1479654,445
106579201,21.1172,20.487,446,38937,0.652978,0.49,1,1480117,1479671,446
106582121,25.0234,24.8974,446,38991,0.650596,0.51,1,1480143,1479697,446
106585041,29.0047,28.1795,447,39045,0.650119,0.45,1,1480173,1479726,447
106587961,45.8009,44.8359,448,39099,0.650024,0.49,1,1480223,1479775,448
106590881,25.9602,26.5672,447,39153,0.714005,0.51,1,1480244,1479797,447
106593801,32.392,30.9134,449,39207,0.726801,0.51,1,1480278,1479829,449
106596721,49.6784,50.9827,447,39261,0.74536,0.55,1,1480332,1479885,447
106599641,27.5357,27.7965,447,39315,0.717072,0.51,1,1480354,1479907,447
106602561,7.10714,7.15931,447,39369,0.711414,0.61,1,1480356,1479909,447
106605481,51.0214,46.2319,453,39423,0.774283,0.63,2,1480418,1479965,453
106608401,55.0043,55.6464,451,39477,0.786857,0.65,2,1480474,1480023,451
106611321,48.6009,47.9293,452,39530,0.805371,0.67,2,1480521,1480069,452
106614241,35.3202,33.5859,454,39583,0.825074,0.65,2,1480553,1480099,454
106617161,21.464,21.1172,454,39636,0.845015,0.65,2,1480571,1480117,454
106620081,25.0928,25.0234,454,39689,0.865003,0.65,2,1480597,1480143,454
106623001,29.0186,29.0047,454,39742,0.869001,0.65,2,1480627,1480173,454
106625921,47.4037,45.8009,456,39795,0.8858,0.73,2,1480679,1480223,456
106824481,34,31,509,43253,0.71,1,1,1483071,1482562,509
106827401,30.8,30.2,509,43302,0.662,1,1,1483101,1482592,509
106830321,32.56,22.04,522,43351,0.5724,1,1,1483134,1482612,522
106833241,30.512,33.208,516,43400,0.45848,1,1,1483164,1482648,516
106836161,35.7024,36.2416,516,43449,0.323696,1,1,1483201,1482685,516
106839081,34.3405,40.0483,509,43498,0.184739,1,1,1483235,1482726,509
106842001,34.8681,23.2097,525,43547,0.0929478,1,1,1483270,1482745,525
106844921,32.5736,37.4419,516,43595,0.0185896,1,1,1483302,1482786,516
106847841,44.1147,47.4884,513,43643,0.0277179,1,1,1483349,1482836,513
106850761,40.0229,41.4977,512,43691,0.0455436,0.96,1,1483388,1482876,512
106853681,31.2046,38.6995,503,43739,0.0171087,1,1,1483417,1482914,503
106856601,30.2409,34.9399,499,43787,0.0274217,0.97,1,1483447,1482948,499
106859521,29.2482,29.388,500,43835,0.0454843,0.87,1,1483476,1482976,500
106862441,26.6496,32.2776,493,43883,0.0170969,0.81,1,1483502,1483009,493
106865361,29.3299,28.8555,495,43931,0.0114194,0.71,1,1483532,1483037,495
106868281,25.866,32.9711,486,43979,0.0102839,0.65,1,1483557,1483071,486
106871201,29.1732,30.5942,486,44027,0.0260568,0.55,1,1483587,1483101,486
106874121,21.8346,32.5188,473,44075,0.0292114,0.43,1,1483607,1483134,473
106877041,29.1669,30.5038,474,44123,0.0778423,0.29,1,1483638,1483164,474
106879961,26.6334,35.7008,463,44171,0.0395685,0.15,1,1483664,1483201,463
106882881,30.1267,34.3402,460,44219,0.0319137,0.07,1,1483695,1483235,460
106885801,30.8253,34.868,456,44267,0.0143827,0,1,1483726,1483270,456
106888721,41.3651,32.5736,468,44315,0.0588765,0.03,1,1483770,1483302,468
106891641,39.473,44.1147,460,44363,0.0357753,0.05,1,1483809,1483349,460
106894561,31.8946,40.0229,451,44411,0.00715506,0.01,1,1483839,1483388,451
106897481,30.3789,31.2046,452,44458,0.041431,0.03,1,1483869,1483417,452
106900401,7.67578,30.2409,424,44505,0.0482862,0.05,1,1483871,1483447,424
106903321,23.1352,29.2482,422,44552,0.0336572,0.01,1,1483898,1483476,422
106906241,25.427,26.6496,422,44599,0.0307314,0.01,1,1483924,1483502,422
106909161,29.8854,29.3299,423,44646,0.0301463,0.01,1,1483955,1483532,423
106912081,25.9771,25.866,423,44693,0.0620293,0.03,1,1483980,1483557,423
106915001,28.3954,29.1732,422,44740,0.116406,0.03,1,1484009,1483587,422
106917921,23.2791,21.8346,424,44787,0.0312812,0.09,1,1484031,1483607,424
106920841,31.0558,29.1669,426,44834,0.0782562,0.03,1,1484064,1483638,426
106923761,27.0112,26.6334,426,44881,0.0236512,0.03,1,1484090,1483664,426
106926681,27.8022,30.1267,423,44928,0.0607302,0.01,1,1484118,1483695,423
106929601,31.9604,30.8253,425,44975,0.036146,0.07,1,1484151,1483726,425
106932521,39.1921,41.3651,422,45022,0.0312292,0.03,1,1484192,1483770,422
106935441,39.0384,39.473,422,45069,0.0302458,0,1,1484231,1483809,422
106938361,31.8077,31.8946,422,45116,0.00604917,0.05,1,1484261,1483839,422
106941281,31.9615,30.3789,424,45163,0.0572098,0.05,1,1484293,1483869,424
106944201,7.99231,7.67578,424,45210,0.035442,0.03,1,1484295,1483871,424
106947121,21.5985,23.1352,422,45257,0.0310884,0.03,1,1484320,1483898,422
106950041,25.9197,25.427,423,45304,0.0142177,0.03,1,1484347,1483924,423
106952961,29.9839,29.8854,423,45351,0.0268435,0.07,1,1484378,1483955,423
106955881,27.5968,25.9771,425,45398,0.0293687,0.13,1,1484405,1483980,425
106958801,29.5194,28.3954,426,45444,0.0618737,0.01,1,1484435,1484009,426
106961721,20.3039,23.2791,422,45490,0.100375,0.09,1,1484453,1484031,422
106964641,33.6608,31.0558,426,45536,0.0920749,0.01,1,1484490,1484064,426
106967561,24.3322,27.0112,422,45582,0.170415,0.07,1,1484512,1484090,422
106970481,29.6664,27.8022,425,45628,0.234083,0.03,1,1484543,1484118,425
106973401,29.9333,31.9604,422,45674,0.214817,0.03,1,1484573,1484151,422
106976321,38.7867,39.1921,422,45720,0.0829633,0.03,1,1484614,1484192,422
106979241,38.9573,39.0384,422,45766,0.0565927,0,1,1484653,1484231,422
106982161,31.7915,31.8077,422,45812,0.0513185,0.07,1,1484683,1484261,422
106985081,32.7583,31.9615,423,45858,0.0502637,0.03,1,1484716,1484293,423
106988001,8.15166,7.99231,423,45904,0.0500527,0.03,1,1484718,1484295,423
106990921,20.8303,21.5985,422,45950,0.0340105,0.03,1,1484742,1484320,422
106993841,24.9661,4.31969,448,45996,0.0308021,0.01,1,1484768,1484320,448
106996761,29.7932,22.4639,452,46042,0.0301604,0.03,1,1484799,1484347,452
106999681,28.3586,29.2928,449,46088,0.0300321,0.03,1,1484827,1484378,449
107002601,31.2717,27.4586,454,46134,0.0300064,0.07,1,1484859,1484405,454
107005521,20.6543,29.4917,442,46180,0.0300013,0.11,1,1484877,1484435,442
107008441,35.3309,20.2983,463,46226,0.0460003,0.09,1,1484916,1484453,463
107011361,27.0662,33.6597,451,46272,0.0652,0.19,1,1484941,1484490,451
107014281,31.8132,24.3319,462,46318,0.08504,0.25,1,1484974,1484512,462
107017201,28.7626,29.6664,459,46364,0.089008,0.21,1,1485002,1484543,459
107020121,32.1525,29.9333,462,46409,0.105802,0.05,1,1485035,1484573,462
107023041,39.2305,38.7867,462,46454,0.14116,0.05,1,1485076,1484614,462
107025961,30.2461,38.9573,451,46499,0.132232,0.05,1,1485104,1484653,451
107028881,32.4492,31.7915,454,46544,0.0344464,0.05,1,1485137,1484683,454
107031801,8.08984,32.7583,423,46589,0.0308893,0.05,1,1485139,1484716,423
107034721,20.818,8.15166,445,46634,0.0301779,0.03,1,1485163,1484718,445
107037641,25.7636,20.8303,448,46679,0.0300356,0.03,1,1485190,1484742,448
107040561,29.1527,24.9661,452,46724,0.0140071,0.03,1,1485220,1484768,452
107043481,29.0305,29.7932,450,46769,0.0268014,0.03,1,1485249,1484799,450
107046401,30.6061,28.3586,453,46814,0.0293603,0.03,1,1485280,1484827,453
107049321,21.3212,31.2717,440,46859,0.0138721,0.03,1,1485299,1484859,440
107052241,36.2642,20.6543,462,46904,0.0427744,0.05,1,1485339,1484877,462
107055161,28.8528,35.3309,450,46949,0.0325549,0.07,1,1485366,1484916,450
107058081,32.1706,27.0662,458,46994,0.046511,0.09,1,1485399,1484941,458
107061001,28.8341,31.8132,453,47039,0.0973022,0.09,1,1485427,1484974,453
107063921,33.7668,28.7626,460,47084,0.15546,0.11,1,1485462,1485002,460
107066841,41.1534,32.1525,470,47129,0.183092,0.15,1,1485505,1485035,470
107069761,27.4307,39.2305,453,47174,0.188618,0.13,1,1485529,1485076,453
107072681,29.4861,30.2461,455,47219,0.189724,0.01,1,1485559,1485104,455
107075601,7.49723,32.4492,424,47264,0.189945,0.03,1,1485561,1485137,424
107078521,20.6994,8.08984,446,47309,0.189989,0.03,1,1485585,1485139,446
107081441,25.7399,20.818,449,47354,0.0779978,0.03,1,1485612,1485163,449
107084361,6.74798,25.7636,424,47399,0.0555996,0.01,1,1485614,1485190,424
107087281,23.7496,29.1527,422,47443,0.0191199,0.03,1,1485642,1485220,422
107090201,29.5499,29.0305,424,47487,0.027824,0.03,1,1485673,1485249,424
107093121,29.91,30.6061,423,47531,0.0295648,0.01,1,1485703,1485280,423
107096041,21.182,21.3212,423,47575,0.013913,0.05,1,1485722,1485299,423
107098961,37.0364,36.2642,424,47619,0.0747826,0.03,1,1485763,1485339,424
107101881,29.8073,28.8528,425,47663,0.0869565,0.05,1,1485791,1485366,425
107104801,33.1615,32.1706,426,47707,0.0573913,0.11,1,1485825,1485399,426
107107721,30.6323,28.8341,428,47751,0.115478,0.17,1,1485855,1485427,428
107110641,34.9265,33.7668,429,47795,0.127096,0.19,1,1485891,1485462,429
107113561,42.1853,41.1534,430,47839,0.177419,0.19,1,1485935,1485505,430
107116481,28.4371,27.4307,431,47883,0.139484,0.19,1,1485960,1485529,431
107119401,29.6874,29.4861,431,47927,0.211897,0.19,1,1485990,1485559,431
107122321,7.53748,7.49723,431,47971,0.194379,0.19,1,1485992,1485561,431
107125241,19.1075,20.6994,429,48015,0.190876,0.05,1,1486014,1485585,429
107128161,21.4215,25.7399,424,48059,0.190175,0.05,1,1486036,1485612,424
107131081,5.8843,6.74798,424,48103,0.222035,0.01,1,1486038,1485614,424
107134001,21.9769,23.7496,422,48147,0.228407,0.03,1,1486064,1485642,422
107136921,29.9954,29.5499,423,48191,0.149681,0.03,1,1486096,1485673,423
107139841,29.9991,29.91,423,48235,0.165936,0.01,1,1486126,1485703,423
107142761,20.3998,21.182,422,48279,0.169187,0.09,1,1486144,1485722,422
107145681,38.48,37.0364,424,48323,0.121837,0.09,1,1486187,1485763,424
107148601,30.096,29.8073,424,48367,0.128367,0.05,1,1486215,1485791,424
107151521,33.2192,33.1615,424,48411,0.161674,0.13,1,1486249,1485825,424
107154441,33.8438,30.6323,428,48455,0.200335,0.13,1,1486283,1485855,428
107157361,36.3688,34.9265,429,48498,0.240067,0.19,1,1486320,1485891,429
107160281,42.4738,42.1853,429,48541,0.264013,0.13,1,1486364,1485935,429
107163201,28.4948,28.4371,429,48584,0.284803,0.23,1,1486389,1485960,429
107166121,31.299,29.6874,431,48627,0.336961,0.19,1,1486421,1485990,431
107169041,7.85979,7.53748,431,48670,0.347392,0.19,1,1486423,1485992,431
107171961,19.172,19.1075,431,48713,0.349478,0.19,1,1486445,1486014,431
107174881,21.4344,21.4215,431,48756,0.381896,0.23,1,1486467,1486036,431
107177801,5.88688,5.8843,431,48799,0.420379,0.23,1,1486469,1486038,431
107180721,20.3774,21.9769,429,48842,0.428076,0.23,1,1486493,1486064,429
107183641,27.2755,4.39537,458,48885,0.413615,0.13,1,1486522,1486064,458
107186561,30.2551,26.4791,457,48928,0.394723,0.17,1,1486553,1486096,457
107189481,20.451,29.2958,445,48971,0.390945,0.17,1,1486571,1486126,445
107192401,37.6902,20.2592,469,49014,0.390189,0.11,1,1486613,1486144,469
107195321,30.738,38.4518,455,49057,0.374038,0.13,1,1486642,1486187,455
107198241,34.1476,30.0904,462,49100,0.386808,0.17,1,1486677,1486215,462
107201161,36.4295,33.2181,465,49143,0.373361,0.21,1,1486714,1486249,465
107204081,37.6859,33.8436,469,49186,0.418672,0.25,1,1486752,1486283,469
107207001,44.3372,36.3687,478,49229,0.363734,0.27,1,1486798,1486320,478
107209921,30.4674,42.4737,461,49272,0.368747,0.29,1,1486825,1486364,461
107212841,32.4935,28.4947,469,49315,0.369749,0.35,1,1486858,1486389,469
107215761,8.0987,31.2989,439,49358,0.40195,0.35,1,1486860,1486421,439
107218681,21.6197,7.85979,462,49401,0.42439,0.35,1,1486885,1486423,462
107221601,21.9239,19.172,462,49444,0.396878,0.39,1,1486907,1486445,462
107224521,5.98479,21.4344,442,49487,0.391376,0.43,1,1486909,1486467,442
107227441,20.397,5.88688,464,49530,0.406275,0.43,1,1486933,1486469,464
107230361,26.4794,20.3774,468,49573,0.409255,0.41,1,1486961,1486493,468
107233281,30.8959,27.2755,471,49615,0.425851,0.39,1,1486993,1486522,471
107236201,20.5792,30.2551,458,49657,0.44517,0.39,1,1487011,1486553,458
107239121,37.7158,20.451,482,49699,0.449034,0.39,1,1487053,1486571,482
107242041,29.9432,37.6902,468,49741,0.449807,0.37,1,1487081,1486613,468
107244961,33.1886,30.738,473,49783,0.465961,0.39,1,1487115,1486642,473
107247881,37.8377,34.1476,477,49825,0.469192,0.37,1,1487154,1486677,477
107250801,37.9675,36.4295,478,49867,0.501838,0.43,1,1487192,1486714,478
107253721,42.7935,37.6859,484,49909,0.508368,0.35,1,1487236,1486752,484
107256641,31.7587,44.3372,467,49951,0.509674,0.37,1,1487265,1486798,467
107259561,33.5517,30.4674,474,49993,0.509935,0.37,1,1487299,1486825,474
107262481,8.31035,32.4935,443,50035,0.509987,0.41,1,1487301,1486858,443
107265401,20.8621,8.0987,465,50077,0.541997,0.43,1,1487325,1486860,465
107268321,21.7724,21.6197,462,50119,0.580399,0.39,1,1487347,1486885,462
107271241,5.95448,21.9239,442,50161,0.58808,0.39,1,1487349,1486907,442
107274161,21.1909,5.98479,465,50203,0.637616,0.41,1,1487374,1486909,465
107277081,26.6382,20.397,469,50245,0.679523,0.41,1,1487402,1486933,469
107280001,31.7276,26.4794,474,50287,0.671905,0.43,1,1487435,1486961,474
107282921,7.94553,30.8959,444,50329,0.670381,0.45,1,1487437,1486993,444
107285841,15.9891,20.5792,444,50371,0.670076,0.45,1,1487455,1487011,444
107288761,36.7978,37.7158,444,50413,0.702015,0.45,1,1487497,1487053,444
107291681,30.5596,29.9432,445,50455,0.692403,0.47,1,1487526,1487081,445
107294601,33.3119,33.1886,445,50497,0.690481,0.47,1,1487560,1487115,445
107297521,37.8624,37.8377,445,50539,0.706096,0.51,1,1487599,1487154,445
107300441,39.5725,37.9675,447,50581,0.725219,0.51,1,1487639,1487192,447
107303361,43.1145,42.7935,447,50623,0.745044,0.51,1,1487683,1487236,447
107306281,31.8229,31.7587,447,50665,0.765009,0.51,2,1487712,1487265,447
107309201,33.5646,33.5517,447,50707,0.785002,0.51,2,1487746,1487299,447
107312121,8.31292,8.31035,447,50749,0.789,0.55,2,1487748,1487301,447
107315041,23.2626,20.8621,450,50791,0.8058,0.59,2,1487775,1487325,450
107317961,24.6525,21.7724,453,50832,0.84116,0.59,2,1487800,1487347,453
107320881,6.5305,5.95448,453,50873,0.848232,0.65,2,1487802,1487349,453
107323801,22.1061,21.1909,454,50914,0.865646,0.69,2,1487828,1487374,454
107326721,28.4212,26.6382,456,50955,0.901129,0.67,2,1487858,1487402,456
107329641,31.2842,31.7276,455,50996,0.908226,0.67,2,1487890,1487435,455
107332561,7.85685,7.94553,455,51037,0.877645,0.67,2,1487892,1487437,455
107335481,15.9714,15.9891,455,51078,0.903529,0.71,2,1487910,1487455,455
107338401,36.7943,36.7978,455,51119,0.892706,0.69,2,1487952,1487497,455
107341321,31.3589,30.5596,456,51160,0.938541,0.69,2,1487982,1487526,456
107585141,40,24,529,54510,0.65,1,1,1490385,1489856,529
107642081,396,453.6,453,24820,0.186,0.61,1,1490870,1490417,453
107645001,89.6,104.32,449,25633,0.1092,0.35,1,1490883,1490434,449
107647921,73.12,54.464,476,25716,0.04584,0.11,1,1490952,1490476,476
107650841,52.224,69.2928,450,25798,0.033168,0.09,1,1490999,1490549,450
107653761,69.6448,61.8586,464,25880,0.0306336,0,1,1491073,1490609,464
107656681,55.529,65.9717,449,25962,0.0141267,0.03,1,1491125,1490676,449
107659601,51.9058,55.5943,447,26044,0.0268253,0.05,1,1491176,1490729,447
107662521,80.7812,75.1189,455,26125,0.0293651,0.05,1,1491264,1490809,455
107665441,27.3562,43.0238,434,26206,0.00587301,0.07,1,1491278,1490844,434
107668361,28.6712,29.4048,437,26287,0.0891746,0.09,1,1491307,1490870,437
107671281,58.5342,16.281,490,26368,0.105835,0.03,1,1491373,1490883,490
107674201,49.3069,58.4562,468,26448,0.045167,0.03,1,1491420,1490952,468
107677121,70.6614,49.2912,497,26528,0.0330334,0.03,1,1491496,1490999,497
107680041,54.9323,69.0582,474,26608,0.0306067,0.01,1,1491547,1491073,474
107682961,51.7865,55.4117,473,26688,0.0461213,0.03,1,1491598,1491125,473
107685881,79.9573,51.8823,509,26767,0.0332243,0.03,1,1491685,1491176,509
107688801,27.9915,80.7765,436,26846,0.00664485,0,1,1491700,1491264,436
107691721,7.19829,27.3553,424,26925,0.041329,0.11,1,1491702,1491278,424
107694641,26.2397,28.6711,426,27004,0.0642658,0.11,1,1491733,1491307,426
107697561,58.8479,58.5342,427,27082,0.116853,0.03,1,1491800,1491373,427
107700481,46.1696,49.3068,423,27160,0.0953706,0.03,1,1491843,1491420,423
107703401,70.8339,70.6614,424,27238,0.0590741,0.03,1,1491920,1491496,424
107706321,54.9668,54.9323,424,27316,0.0358148,0.05,1,1491971,1491547,424
107709241,51.7934,51.7865,424,27394,0.015163,0.03,1,1492022,1491598,424
107712161,79.1587,79.9573,423,27471,0.0430326,0,1,1492108,1491685,423
107715081,28.6317,27.9915,424,27548,0.0326065,0.05,1,1492124,1491700,424
107718001,7.32635,7.19829,424,27625,0.0065213,0.07,1,1492126,1491702,424
107720921,27.8653,26.2397,426,27702,0.0253043,0.13,1,1492159,1491733,426
107723841,60.7731,58.8479,428,27778,0.0930609,0.09,1,1492228,1491800,428
107726761,43.3546,46.1696,424,27854,0.170612,0.05,1,1492267,1491843,424
107729681,68.6709,70.8339,422,27930,0.138122,0.03,1,1492342,1491920,422
107732601,54.5342,54.9668,422,28006,0.0516245,0.01,1,1492393,1491971,422
107735521,51.7068,51.7934,422,28082,0.0183249,0.05,1,1492444,1492022,422
107738441,79.1414,79.1587,422,28157,0.011665,0.03,1,1492530,1492108,422
107741361,28.6283,28.6317,422,28232,0.026333,0,1,1492546,1492124,422
107744281,7.32565,7.32635,422,28307,0.0052666,0.03,1,1492548,1492126,422
107747201,28.6651,27.8653,423,28382,0.00905332,0.03,1,1492582,1492159,423
107750121,63.333,5.57305,495,28457,0.0258107,0.11,1,1492654,1492159,495
107753041,47.0666,56.3146,469,28531,0.0611621,0.19,1,1492697,1492228,469
107755961,67.0133,42.4629,502,28605,0.132232,0.13,1,1492769,1492267,502
107758881,49.4027,68.4926,472,28679,0.130446,0.03,1,1492814,1492342,472
107761801,50.6805,54.4985,472,28753,0.0500893,0.01,1,1492865,1492393,472
107764721,79.7361,51.6997,508,28827,0.0180179,0.01,1,1492952,1492444,508
107767641,27.9472,79.1399,437,28900,0.0116036,0.03,1,1492967,1492530,437
107770561,7.18944,28.628,423,28973,0.0103207,0,1,1492969,1492546,423
107773481,28.6379,7.3256,455,29046,0.0420641,0.01,1,1493003,1492548,455
107776401,64.9276,28.6651,495,29119,0.0644128,0.03,1,1493077,1492582,495
107779321,48.9855,63.333,468,29192,0.0688826,0.07,1,1493122,1492654,468
107782241,69.7971,47.0666,500,29265,0.0857765,0.15,1,1493197,1492697,500
107785161,44.3594,67.0133,466,29337,0.0891553,0.13,1,1493235,1492769,466
107788081,50.4719,49.4027,473,29409,0.0578311,0.03,1,1493287,1492814,473
107791001,78.8944,50.6805,508,29481,0.0355662,0.01,1,1493373,1492865,508
107793921,28.5789,79.7361,437,29553,0.0471132,0.01,1,1493389,1492952,437
107796841,7.31577,27.9472,424,29625,0.0494226,0.01,1,1493391,1492967,424
107799761,29.4632,7.18944,457,29696,0.0978845,0.05,1,1493426,1492969,457
107802681,64.2926,28.6379,496,29767,0.139577,0.07,1,1493499,1493003,496
107805601,49.6585,64.9276,468,29838,0.163915,0.07,1,1493545,1493077,468
107808521,11.5317,48.9855,425,29909,0.200783,0.09,1,1493547,1493122,425
107811441,63.1063,69.7971,426,29980,0.192157,0.09,1,1493623,1493197,426
107814361,43.0213,44.3594,426,30051,0.254431,0.05,1,1493661,1493235,426
107817281,48.6043,50.4719,424,30121,0.234886,0.03,1,1493711,1493287,424
107820201,77.7208,78.8944,423,30191,0.278977,0.05,1,1493796,1493373,423
107823121,29.1442,28.5789,424,30261,0.239795,0.05,1,1493813,1493389,424
107826041,7.42883,7.31577,424,30331,0.231959,0.11,1,1493815,1493391,424
107828961,31.8858,29.4632,427,30401,0.262392,0.15,1,1493853,1493426,427
107831881,66.3772,64.2926,429,30471,0.332478,0.17,1,1493928,1493499,429
107834801,52.4754,49.6585,432,30540,0.362496,0.21,1,1493977,1493545,432
107837721,12.0951,11.5317,432,30609,0.368499,0.19,1,1493979,1493547,432
107840641,62.419,63.1063,431,30678,0.4497,0.27,1,1494054,1493623,431
107843561,44.4838,43.0213,433,30747,0.48194,0.23,1,1494094,1493661,433
107846481,49.6968,48.6043,434,30816,0.520388,0.29,1,1494145,1493711,434
107849401,77.9394,77.7208,434,30885,0.544078,0.23,1,1494230,1493796,434
107852321,28.3879,29.1442,433,30954,0.548815,0.23,1,1494246,1493813,433
107855241,7.27757,7.42883,433,31022,0.549763,0.27,1,1494248,1493815,433
107858161,34.2555,31.8858,436,31090,0.597953,0.35,1,1494289,1493853,436
107861081,69.2511,66.3772,439,31158,0.559591,0.37,1,1494367,1493928,439
107864001,53.8502,52.4754,440,31226,0.583918,0.37,1,1494417,1493977,440
107866921,12.37,12.0951,440,31294,0.588784,0.37,1,1494419,1493979,440
107869841,65.674,2.41902,519,31362,0.557757,0.47,1,1494498,1493979,519
107872761,45.9348,60.4838,485,31429,0.599551,0.49,1,1494539,1494054,485
107875681,51.587,44.0968,498,31496,0.63991,0.53,1,1494592,1494094,498
107878601,79.1174,49.6194,533,31563,0.679982,0.55,1,1494678,1494145,533
107881521,28.6235,77.9239,464,31630,0.687996,0.55,1,1494694,1494230,464
107884441,7.3247,28.3848,450,31697,0.689599,0.55,1,1494696,1494246,450
107887361,35.0649,7.27695,490,31764,0.68992,0.61,1,1494738,1494248,490
107890281,69.413,34.2554,527,31831,0.705984,0.55,1,1494816,1494289,527
107893201,54.6826,69.2511,500,31897,0.677197,0.59,1,1494867,1494367,500
107896121,12.5365,53.8502,452,31963,0.671439,0.59,1,1494869,1494417,452
107899041,64.1073,12.37,527,32029,0.670288,0.55,1,1494946,1494419,527
107901961,48.0215,65.674,492,32095,0.734058,0.61,1,1494990,1494498,492
107904881,53.6043,45.9348,506,32161,0.762811,0.65,2,1495045,1494539,506
107907801,81.1209,51.587,541,32227,0.736562,0.69,1,1495133,1494592,541
107910721,29.0242,79.1174,471,32293,0.731313,0.69,1,1495149,1494678,471
107913641,7.40483,28.6235,457,32359,0.730263,0.69,1,1495151,1494694,457
107916561,35.081,7.3247,497,32424,0.730052,0.69,1,1495193,1494696,497
107919481,68.6162,35.0649,532,32489,0.77801,0.71,2,1495270,1494738,532
107922401,54.5232,69.413,505,32554,0.819602,0.67,2,1495321,1494816,505
107925321,12.5046,54.6826,456,32619,0.82792,0.67,2,1495323,1494867,456
107928241,64.9009,12.5365,532,32684,0.893584,0.67,2,1495401,1494869,532
107931161,50.5802,64.1073,502,32749,0.938717,0.75,2,1495448,1494946,502
108056721,37,23,521,35419,0.61,1,1,1497280,1496759,521
108059641,65.8,39.8,550,35479,0.53,1,1,1497353,1496803,550
108062561,30.76,65.56,500,35539,0.498,1,1,1497375,1496875,500
108065481,29.352,35.512,501,35598,0.3796,1,1,1497404,1496903,501
108068401,66.6704,33.5024,544,35657,0.30792,1,1,1497480,1496936,544
108071321,26.9341,63.5005,490,35716,0.213584,1,1,1497497,1497007,490
108074241,28.5868,37.5001,488,35775,0.146717,1,1,1497526,1497038,488
108077161,24.1174,33.1,479,35834,0.0533434,0.96,1,1497549,1497070,479
108080081,25.6235,31.42,474,35893,0.0506687,0.96,1,1497575,1497101,474
108083001,37.9247,36.684,477,35952,0.0501337,0.79,1,1497616,1497139,477
108085921,54.7849,68.1368,460,36011,0.0100267,0.79,1,1497675,1497215,460
108088841,30.157,36.0274,456,36070,0.0420053,0.61,1,1497699,1497243,456
108091761,31.6314,36.8055,451,36129,0.0484011,0.51,1,1497731,1497280,451
108094681,58.3263,65.7611,443,36187,0.0496802,0.49,1,1497796,1497353,443
108097601,30.8653,30.7522,445,36245,0.097936,0.35,1,1497820,1497375,445
108100521,26.1731,29.3504,441,36303,0.123587,0.29,1,1497845,1497404,441
108103441,56.4346,66.6701,429,36361,0.224717,0.19,1,1497909,1497480,429
108106361,25.6869,26.934,430,36419,0.212943,0.13,1,1497927,1497497,430
108109281,28.3374,28.5868,430,36477,0.210589,0.03,1,1497956,1497526,430
108112201,19.2675,24.1174,424,36535,0.210118,0.05,1,1497973,1497549,424
108115121,23.0535,25.6235,422,36593,0.178024,0.05,1,1497997,1497575,422
108118041,37.4107,37.9247,422,36651,0.203605,0,1,1498038,1497616,422
108120961,54.6821,54.7849,422,36709,0.160721,0.05,1,1498097,1497675,422
108123881,31.7364,30.157,424,36767,0.136144,0.05,1,1498123,1497699,424
108126801,30.3473,31.6314,422,36824,0.179229,0.05,1,1498153,1497731,422
108129721,59.6695,58.3263,424,36881,0.107846,0.11,1,1498220,1497796,424
108132641,33.5339,30.8653,427,36938,0.0775691,0.13,1,1498247,1497820,427
108135561,27.5068,26.1731,428,36995,0.0875138,0.25,1,1498273,1497845,428
108138481,59.9014,56.4346,432,37052,0.121503,0.21,1,1498341,1497909,432
108141401,24.7803,25.6869,430,37109,0.128301,0.21,1,1498357,1497927,430
108144321,28.1561,28.3374,430,37166,0.11366,0.21,1,1498386,1497956,430
108147241,18.4312,5.66748,446,37223,0.110732,0.21,1,1498402,1497956,446
108150161,21.2862,14.7335,451,37280,0.126146,0.17,1,1498424,1497973,451
108153081,40.2572,22.1467,472,37337,0.161229,0.21,1,1498469,1497997,472
108156001,53.6515,37.2293,488,37394,0.168246,0.15,1,1498526,1498038,488
108158921,29.9303,54.6459,453,37451,0.185649,0.13,1,1498550,1498097,453
108161841,30.7861,31.7292,458,37507,0.17313,0.19,1,1498581,1498123,458
108164761,57.3572,30.3458,492,37563,0.170626,0.09,1,1498645,1498153,492
108167681,32.2714,59.6692,451,37619,0.218125,0.07,1,1498671,1498220,451
108170601,28.0543,33.5338,451,37675,0.211625,0.09,1,1498698,1498247,451
108173521,60.0109,27.5068,493,37731,0.178325,0.13,1,1498766,1498273,493
108176441,24.8022,59.9014,441,37787,0.171665,0.13,1,1498782,1498341,441
108179361,28.9604,24.7803,455,37843,0.186333,0.11,1,1498812,1498357,455
108182281,19.3921,28.1561,443,37899,0.205267,0.11,1,1498829,1498386,443
108185201,21.4784,18.4312,449,37955,0.241053,0.13,1,1498851,1498402,449
108188121,41.8957,21.2862,474,38011,0.264211,0.17,1,1498898,1498424,474
108191041,53.9791,40.2572,486,38067,0.268842,0.17,1,1498955,1498469,486
108193961,30.7958,53.6515,454,38122,0.301768,0.19,1,1498980,1498526,454
108196881,30.1592,29.9303,460,38177,0.308354,0.17,1,1499010,1498550,460
108199801,58.8318,30.7861,495,38232,0.309671,0.17,1,1499076,1498581,495
108202721,33.3664,57.3572,458,38287,0.357934,0.23,1,1499103,1498645,458
108205641,27.4733,32.2714,458,38342,0.383587,0.21,1,1499129,1498671,458
108208561,58.2947,28.0543,497,38397,0.420717,0.17,1,1499195,1498698,497
108211481,25.2589,60.0109,446,38452,0.460144,0.17,1,1499212,1498766,446
108214401,29.8518,24.8022,461,38507,0.484029,0.19,1,1499243,1498782,461
108217321,21.1704,28.9604,450,38562,0.520806,0.21,1,1499262,1498812,450
108220241,22.6341,19.3921,456,38617,0.528161,0.25,1,1499285,1498829,456
108223161,6.12681,21.4784,436,38672,0.577632,0.27,1,1499287,1498851,436
108226081,38.0254,41.8957,435,38727,0.555526,0.27,1,1499333,1498898,435
108229001,54.0051,53.9791,436,38782,0.551105,0.31,1,1499391,1498955,436
108231921,31.601,30.7958,437,38836,0.598221,0.31,1,1499417,1498980,437
108234841,30.3202,30.1592,437,38890,0.575644,0.31,1,1499447,1499010,437
108237761,60.464,58.8318,439,38944,0.603129,0.37,1,1499515,1499076,439
108240681,34.4928,33.3664,440,38998,0.640626,0.39,1,1499543,1499103,440
108243601,28.4986,27.4733,441,39052,0.648125,0.43,1,1499570,1499129,441
108246521,60.0997,58.2947,443,39106,0.665625,0.47,1,1499638,1499195,443
108249441,27.2199,25.2589,445,39160,0.685125,0.49,1,1499657,1499212,445
108252361,31.844,29.8518,447,39214,0.705025,0.53,1,1499690,1499243,447
108255281,22.3688,21.1704,448,39268,0.725005,0.53,1,1499710,1499262,448
108258201,23.6738,22.6341,449,39322,0.793001,0.59,2,1499734,1499285,449
108261121,6.33475,6.12681,449,39376,0.7746,0.55,2,1499736,1499287,449
108264041,38.0669,38.0254,449,39430,0.78692,0.55,2,1499782,1499333,449
108266961,54.0134,54.0051,449,39484,0.837384,0.61,2,1499840,1499391,449
108269881,32.4027,31.601,450,39537,0.831477,0.57,2,1499867,1499417,450
108272801,30.4805,30.3202,450,39590,0.878295,0.61,2,1499897,1499447,450
108275721,62.0961,60.464,452,39643,0.871659,0.65,2,1499967,1499515,452
108278641,34.8192,34.4928,452,39696,0.870332,0.65,2,1499995,1499543,452
108281561,28.5638,28.4986,452,39749,0.854066,0.67,2,1500022,1499570,452
108284481,62.5128,60.0997,455,39802,0.850813,0.69,2,1500093,1499638,455
108287401,28.5026,27.2199,456,39855,0.850163,0.71,2,1500113,1499657,456
108290321,33.7005,31.844,458,39908,0.914033,0.73,2,1500148,1499690,458
108293241,22.7401,22.3688,458,39961,0.926807,0.81,2,1500168,1499710,458
108296161,25.348,23.6738,460,40014,0.897361,0.77,2,1500194,1499734,460
108299081,6.6696,6.33475,460,40067,0.859472,0.77,2,1500196,1499736,460
108302001,38.1339,1.26695,506,40120,0.851894,0.79,2,1500242,1499736,506
108304921,54.8268,37.0534,519,40173,0.882379,0.85,2,1500301,1499782,519
108307841,34.1654,53.8107,490,40226,0.872476,0.83,2,1500330,1499840,490
108310761,31.6331,32.3621,494,40278,0.902495,0.89,2,1500361,1499867,494
108313681,62.3266,30.4724,534,40330,0.924499,0.87,2,1500431,1499897,534
108316601,34.8653,62.0945,492,40382,0.9449,0.87,2,1500459,1499967,492
108459681,42,31,516,42868,0.79,1,2,1502183,1501667,516
108462601,27.6,47,489,42917,0.71,1,1,1502207,1501718,489
108465521,27.92,30.2,491,42966,0.614,1,1,1502235,1501744,491
108468441,33.584,29.24,497,43015,0.5308,1,1,1502270,1501773,497
108471361,33.1168,5.848,530,43064,0.48216,1,1,1502303,1501773,530
108474281,35.4234,20.3696,542,43113,0.376432,1,1,1502339,1501797,542
108477201,34.2847,50.4739,518,43162,0.307286,1,1,1502373,1501855,518
108480121,30.8569,45.2948,504,43211,0.245457,1,1,1502403,1501899,504
108483041,55.7714,30.659,539,43260,0.137091,0.99,1,1502465,1501926,539
108485961,30.3543,57.3318,499,43309,0.0514183,1,1,1502489,1501990,499
108488881,31.6709,30.6664,507,43358,0.0822837,1,1,1502521,1502014,507
108491801,27.1342,35.7333,496,43407,0.0404567,1,1,1502547,1502051,496
108494721,31.8268,29.5467,501,43456,0.0160913,0.87,1,1502580,1502079,501
108497641,27.9654,31.5093,496,43505,0.0432183,0.83,1,1502607,1502111,496
108500561,35.1931,30.3019,503,43553,0.0966437,0.79,1,1502644,1502141,503
108503481,23.8386,39.6604,482,43601,0.0593287,0.69,1,1502665,1502183,482
108506401,20.7677,27.1321,478,43649,0.0678657,0.59,1,1502685,1502207,478
108509321,28.9535,27.8264,481,43697,0.0375731,0.51,1,1502716,1502235,481
108512241,29.7907,33.5653,476,43745,0.0795146,0.47,1,1502746,1502270,476
108515161,30.7581,33.1131,474,43793,0.0559029,0.35,1,1502777,1502303,474
108518081,31.7516,35.4226,470,43841,0.0991806,0.29,1,1502809,1502339,470
108521001,28.7503,34.2845,464,43889,0.107836,0.23,1,1502837,1502373,464
108523921,45.7501,30.8569,484,43937,0.0615672,0.11,1,1502887,1502403,484
108526841,27.55,55.7714,445,43985,0.100313,0.03,1,1502910,1502465,445
108529761,34.31,30.3543,457,44033,0.0920627,0.09,1,1502946,1502489,457
108532681,26.862,31.6709,450,44081,0.0904125,0.03,1,1502971,1502521,450
108535601,29.3724,27.1342,454,44129,0.0740825,0.01,1,1503001,1502547,454
108538521,29.0745,31.8268,450,44177,0.0548165,0.05,1,1503030,1502580,450
108541441,36.2149,27.9654,461,44225,0.0509633,0.11,1,1503068,1502607,461
108544361,24.043,35.1931,445,44273,0.130193,0.05,1,1503089,1502644,445
108547281,20.8086,23.8386,444,44321,0.114039,0.07,1,1503109,1502665,444
108550201,28.1617,20.7677,454,44369,0.142808,0.03,1,1503139,1502685,454
108553121,32.0323,28.9535,456,44417,0.180562,0.09,1,1503172,1502716,456
108556041,30.4065,29.7907,456,44464,0.204112,0.05,1,1503202,1502746,456
108558961,7.68129,30.7581,427,44511,0.208822,0.11,1,1503204,1502777,427
108561881,25.5363,31.7516,425,44558,0.225764,0.11,1,1503234,1502809,425
108564801,29.1073,28.7503,427,44605,0.229153,0.05,1,1503264,1502837,427
108567721,45.0215,45.7501,426,44652,0.261831,0.11,1,1503313,1502887,426
108570641,26.6043,27.55,425,44699,0.236366,0.09,1,1503335,1502910,425
108573561,33.3209,34.31,424,44746,0.215273,0.09,1,1503370,1502946,424
108576481,28.2642,26.862,426,44793,0.227055,0.07,1,1503397,1502971,426
108579401,27.2528,29.3724,423,44840,0.277411,0.05,1,1503424,1503001,423
108582321,30.2506,29.0745,425,44887,0.271482,0.05,1,1503455,1503030,425
108585241,36.4501,36.2149,425,44934,0.302296,0.15,1,1503493,1503068,425
108588161,25.69,24.043,427,44981,0.324459,0.11,1,1503516,1503089,427
108591081,21.138,20.8086,427,45028,0.344892,0.15,1,1503536,1503109,427
108594001,29.8276,28.1617,429,45075,0.348978,0.19,1,1503568,1503139,429
108596921,34.7655,32.0323,432,45122,0.365796,0.21,1,1503604,1503172,432
108599841,30.9531,30.4065,432,45169,0.385159,0.21,1,1503634,1503202,432
108602761,7.79062,7.68129,432,45216,0.389032,0.23,1,1503636,1503204,432
108605681,26.3581,25.5363,433,45263,0.421806,0.23,1,1503667,1503234,433
108608601,29.2716,29.1073,433,45310,0.444361,0.27,1,1503697,1503264,433
108611521,45.0543,45.0215,433,45357,0.432872,0.23,1,1503746,1503313,433
108614441,26.6109,26.6043,433,45403,0.478574,0.21,1,1503768,1503335,433
108617361,32.5222,33.3209,432,45449,0.487715,0.23,1,1503802,1503370,432
108620281,28.1044,28.2642,432,45495,0.473543,0.29,1,1503829,1503397,432
108623201,28.8209,27.2528,434,45541,0.470709,0.27,1,1503858,1503424,434
108626121,31.3642,30.2506,435,45587,0.470142,0.31,1,1503890,1503455,435
108629041,38.2728,36.4501,437,45633,0.486028,0.33,1,1503930,1503493,437
108631961,25.2546,25.69,436,45679,0.505206,0.35,1,1503952,1503516,436
108634881,21.8509,21.138,437,45725,0.573041,0.35,1,1503973,1503536,437
108637801,29.9702,29.8276,437,45771,0.554608,0.37,1,1504005,1503568,437
108640721,37.994,34.7655,441,45817,0.566922,0.39,1,1504045,1503604,441
108643641,31.5988,30.9531,441,45863,0.601384,0.39,1,1504075,1503634,441
108646561,7.91976,7.79062,441,45909,0.608277,0.39,1,1504077,1503636,441
108649481,25.584,1.55812,471,45955,0.577655,0.43,1,1504107,1503636,471
108652401,29.9168,25.1116,471,46001,0.571531,0.45,1,1504138,1503667,471
108655321,46.7834,29.0223,492,46047,0.570306,0.43,1,1504189,1503697,492
108658241,26.9567,45.0045,465,46093,0.618061,0.49,1,1504211,1503746,465
108661161,32.5913,26.6009,477,46139,0.627612,0.49,1,1504245,1503768,477
108664081,28.9183,32.5202,471,46185,0.629523,0.47,1,1504273,1503802,471
108667001,28.9837,28.104,473,46231,0.613904,0.47,1,1504302,1503829,473
108669921,31.3967,28.8208,476,46277,0.626781,0.47,1,1504334,1503858,476
108672841,39.8793,31.3642,486,46323,0.629356,0.49,1,1504376,1503890,486
108675761,25.5759,38.2728,468,46369,0.629871,0.51,1,1504398,1503930,468
108678681,23.5152,25.2546,469,46414,0.661974,0.59,1,1504421,1503952,469
108681601,31.103,21.8509,481,46459,0.668395,0.55,1,1504454,1503973,481
108684521,36.6206,29.9702,487,46504,0.717679,0.57,1,1504492,1504005,487
108687441,32.9241,37.994,479,46549,0.711536,0.61,1,1504524,1504045,479
108690361,8.18482,31.5988,451,46594,0.710307,0.61,1,1504526,1504075,451
108693281,25.637,7.91976,479,46639,0.742061,0.57,1,1504556,1504077,479
108696201,30.7274,25.584,481,46684,0.716412,0.57,1,1504588,1504107,481
108699121,48.5455,29.9168,503,46729,0.743282,0.57,1,1504641,1504138,503
108702041,27.3091,46.7834,474,46774,0.764657,0.63,2,1504663,1504189,474
108704961,32.6618,26.9567,486,46819,0.768931,0.63,2,1504697,1504211,486
108707881,28.9324,32.5913,480,46864,0.785786,0.63,2,1504725,1504245,480
108710801,28.1865,28.9183,480,46909,0.789157,0.61,2,1504753,1504273,480
108713721,32.0373,28.9837,484,46954,0.773831,0.63,2,1504786,1504302,484
108716641,40.0075,31.3967,494,46999,0.770766,0.63,2,1504828,1504334,494
108719561,25.6015,39.8793,474,47044,0.786153,0.63,2,1504850,1504376,474
108722481,25.1203,25.5759,477,47089,0.821231,0.67,2,1504875,1504398,477
108725401,33.0241,23.5152,489,47134,0.844246,0.67,2,1504910,1504421,489
108728321,37.8048,31.103,495,47179,0.832849,0.73,2,1504949,1504454,495
108731241,33.161,36.6206,489,47224,0.84657,0.71,2,1504981,1504492,489
108734161,8.23219,32.9241,459,47269,0.849314,0.71,2,1504983,1504524,459
108737081,26.4464,8.18482,488,47314,0.897863,0.75,2,1505014,1504526,488
108985281,98,110,425,23360,0.15,0.09,1,1508013,1507588,425
109008641,39.6,43.6,423,23360,0.198,0.03,1,1508038,1507615,423
109011561,24.72,23.92,425,23451,0.1596,0.03,1,1508059,1507634,425
109014481,13.744,15.184,423,23541,0.16792,0.01,1,1508070,1507647,423
109017401,29.1488,15.8368,440,23631,0.137584,0.03,1,1508103,1507663,440
109020321,89.0298,75.9674,453,23721,0.115517,0.03,1,1508207,1507754,453
109023241,66.606,65.5935,451,23810,0.0791034,0.09,1,1508268,1507817,451
109026161,71.7212,66.7187,457,23899,0.0878207,0.07,1,1508341,1507884,457
109029081,67.1442,55.7437,470,23988,0.153564,0.15,1,1508407,1507937,470
109032001,62.2288,71.9487,455,24076,0.198713,0.15,1,1508468,1508013,455
109034921,28.4458,51.1897,429,24164,0.223743,0.17,1,1508488,1508059,429
109037841,16.0892,19.0379,431,24252,0.244749,0.13,1,1508501,1508070,431
109040761,25.6178,30.2076,426,24339,0.24895,0.11,1,1508529,1508103,426
109043681,89.9236,89.2415,428,24426,0.23379,0.07,1,1508635,1508207,428
109046601,65.1847,66.6483,426,24513,0.262758,0.09,1,1508694,1508268,426
109049521,71.4369,71.7297,426,24599,0.268552,0.17,1,1508767,1508341,426
109052441,70.2874,67.1459,430,24685,0.26971,0.21,1,1508837,1508407,430
109055361,65.2575,62.2292,433,24771,0.349942,0.23,1,1508901,1508468,433
109058281,29.0515,28.4458,433,24857,0.381988,0.25,1,1508921,1508488,433
109061201,15.4103,16.0892,432,24942,0.356398,0.25,1,1508933,1508501,432
109064121,25.4821,25.6178,432,25027,0.39928,0.23,1,1508961,1508529,432
109067041,90.6964,89.9236,433,25112,0.439856,0.27,1,1509068,1508635,433
109069961,65.3393,65.1847,433,25196,0.495971,0.27,1,1509127,1508694,433
109072881,73.8679,71.4369,436,25280,0.539194,0.27,1,1509203,1508767,436
109075801,71.5736,70.2874,437,25364,0.579839,0.37,1,1509274,1508837,437
109078721,66.3147,65.2575,438,25448,0.587968,0.37,1,1509339,1508901,438
109081641,29.2629,13.0515,458,25531,0.557594,0.39,1,1509359,1508901,458
109084561,15.4526,18.6103,450,25614,0.567519,0.35,1,1509371,1508921,450
109087481,27.0905,13.3221,468,25697,0.537504,0.41,1,1509401,1508933,468
109090401,93.4181,25.0644,550,25779,0.627501,0.45,1,1509511,1508961,550
109093321,66.6836,90.6129,503,25861,0.6615,0.51,1,1509571,1509068,503
109096241,77.3367,65.3226,524,25943,0.6843,0.55,1,1509651,1509127,524
109099161,72.2673,73.8645,519,26025,0.70486,0.59,1,1509722,1509203,519
109102081,66.4535,71.5729,513,26106,0.756972,0.59,2,1509787,1509274,513
109105001,30.0907,66.3146,469,26187,0.751394,0.55,2,1509808,1509339,469
109107921,15.6181,29.2629,461,26268,0.750279,0.57,2,1509820,1509359,461
109110841,27.1236,15.4526,479,26349,0.782056,0.53,2,1509850,1509371,479
109113761,96.6247,27.0905,563,26429,0.884411,0.65,2,1509964,1509401,563
109116681,68.9249,93.4181,515,26509,0.888882,0.67,2,1510026,1509511,515
109119601,78.585,66.6836,536,26589,0.889776,0.69,2,1510107,1509571,536
109122521,72.517,77.3367,527,26669,0.873955,0.71,2,1510178,1509651,527
109125441,68.9034,72.2673,524,26748,0.902791,0.77,2,1510246,1509722,524
109128361,29.7807,66.4535,479,26827,0.908558,0.75,2,1510266,1509787,479
109131281,15.5561,30.0907,470,26906,0.909712,0.75,2,1510278,1509808,470
109134201,4.71123,15.6181,460,26985,0.909942,0.79,2,1510280,1509820,460
109233481,55,67,519,29535,0.71,1,1,1512177,1511658,519
109236401,27,39.8,506,29607,0.63,1,1,1512197,1511691,506
109239321,34.2,27.96,517,29678,0.614,1,1,1512233,1511716,517
109242241,33.24,21.592,530,29749,0.5148,1,1,1512266,1511736,530
109245161,50.648,21.9184,563,29820,0.43096,1,1,1512321,1511758,563
109248081,34.9296,81.1837,498,29891,0.366192,1,1,1512352,1511854,498
109251001,26.9859,45.8367,486,29962,0.353238,1,1,1512377,1511891,486
109253921,75.7972,85.9673,478,30033,0.366648,0.83,1,1512465,1511987,478
109256841,74.3594,87.5935,464,30103,0.36933,0.73,1,1512539,1512075,464
109259761,50.0719,55.1187,461,30173,0.369866,0.71,1,1512583,1512122,461
109262681,47.6144,55.0237,453,30243,0.385973,0.61,1,1512630,1512177,453
109265601,24.7229,27.0047,452,30313,0.453195,0.61,1,1512649,1512197,452
109268521,33.7446,34.201,452,30383,0.434639,0.49,1,1512685,1512233,452
109271441,27.5489,33.2402,445,30453,0.446928,0.41,1,1512711,1512266,445
109274361,46.3098,50.648,441,30522,0.497386,0.35,1,1512762,1512321,441
109277281,30.862,34.9296,437,30591,0.491477,0.35,1,1512789,1512352,437
109280201,24.5724,26.9859,435,30660,0.522295,0.37,1,1512812,1512377,435
109283121,77.7145,75.7972,438,30729,0.560459,0.37,1,1512903,1512465,438
109286041,74.7429,74.3594,438,30798,0.600092,0.37,1,1512977,1512539,438
109288961,51.7486,50.0719,440,30867,0.624018,0.39,1,1513023,1512583,440
109291881,49.5497,47.6144,442,30936,0.644804,0.47,1,1513072,1512630,442
109294801,25.9099,24.7229,443,31004,0.648961,0.43,1,1513092,1512649,443
109297721,33.982,33.7446,443,31072,0.697792,0.45,1,1513128,1512685,443
109300641,29.1964,27.5489,445,31140,0.739558,0.51,1,1513156,1512711,445
109303561,46.6393,46.3098,445,31208,0.731912,0.49,1,1513207,1512762,445
109306481,31.7279,30.862,446,31276,0.698382,0.49,1,1513235,1512789,446
109309401,23.9456,6.17239,468,31344,0.691676,0.53,1,1513257,1512789,468
109312321,79.9891,19.6345,539,31412,0.658335,0.57,1,1513351,1512812,539
109315241,76.7978,76.7269,524,31479,0.683667,0.61,1,1513427,1512903,524
109318161,52.1596,74.5454,496,31546,0.720733,0.63,1,1513473,1512977,496
109321081,52.0319,51.7091,502,31613,0.744147,0.65,1,1513525,1513023,502
109324001,26.4064,49.5418,473,31680,0.764829,0.65,2,1513545,1513072,473
109326921,36.4813,25.9084,492,31747,0.752966,0.71,2,1513584,1513092,492
109329841,29.6963,33.9817,484,31814,0.766593,0.75,2,1513612,1513128,484
109332761,45.9393,29.1963,506,31881,0.785319,0.73,2,1513662,1513156,506
109335681,31.5878,46.6393,483,31947,0.789064,0.69,2,1513690,1513207,483
109338601,24.7176,31.7279,478,32013,0.837813,0.69,2,1513713,1513235,478
109341521,77.7435,23.9456,547,32079,0.879563,0.65,2,1513804,1513257,547
109470001,30,90,501,34862,0.83,1,2,1515732,1515231,501
109472921,70.8,46.8,546,34923,0.718,1,1,1515813,1515267,546
109475841,44.56,57.36,524,34984,0.7436,1,1,1515851,1515327,524
109478761,34.512,38.672,522,35044,0.74872,1,1,1515883,1515361,522
109481681,30.1024,39.7344,511,35104,0.669744,0.96,1,1515912,1515401,511
109484601,28.4205,30.3469,511,35164,0.621949,1,1,1515940,1515429,511
109487521,33.6841,42.0694,501,35224,0.64439,1,1,1515975,1515474,501
109490441,55.5368,35.6139,528,35284,0.696878,1,1,1516036,1515508,528
109493361,32.7074,50.3228,501,35344,0.659376,1,1,1516063,1515562,501
109496281,32.9415,34.8646,503,35404,0.683875,0.97,1,1516096,1515593,503
109499201,63.3883,34.9729,539,35464,0.672775,0.89,1,1516167,1515628,539
109502121,34.2777,66.1946,492,35524,0.654555,0.83,1,1516194,1515702,492
109505041,65.2555,37.2389,535,35584,0.682911,0.69,1,1516267,1515732,535
109507961,44.2511,72.2478,493,35643,0.720582,0.75,1,1516306,1515813,493
109510881,10.4502,44.8496,457,35702,0.728116,0.75,1,1516308,1515851,457
109513801,25.29,34.5699,454,35761,0.793623,0.65,2,1516337,1515883,454
109516721,30.658,30.114,457,35820,0.806725,0.61,2,1516369,1515912,457
109519641,27.7316,28.4228,456,35879,0.825345,0.65,2,1516396,1515940,456
109522561,31.9463,33.6846,454,35938,0.829069,0.71,2,1516429,1515975,454
109525481,56.7893,55.5369,456,35997,0.877814,0.65,2,1516492,1516036,456
109528401,32.9579,32.7074,456,36056,0.903563,0.69,2,1516519,1516063,456
109531321,32.9916,32.9415,456,36115,0.908713,0.67,2,1516552,1516096,456
109534241,62.5983,63.3883,455,36174,0.925743,0.65,2,1516622,1516167,455
109703601,106,111,507,17761,0.03,0.87,1,1519006,1518499,507
109706521,111.6,107.8,513,17881,0.062,0.75,1,1519119,1518606,513
109709441,82.32,95.96,495,18000,0.0844,0.57,1,1519194,1518699,495
109712361,42.864,73.592,460,18118,0.07288,0.45,1,1519227,1518767,460
109715281,27.7728,37.1184,456,18235,0.070576,0.03,1,1519251,1518795,456
109718201,64.7546,91.4237,425,18351,0.0221152,0.03,1,1519325,1518900,425
109721121,95.3509,103.085,422,18467,0.060423,0.07,1,1519428,1519006,422
109724041,109.47,111.017,422,18582,0.0520846,0.09,1,1519541,1519119,422
109726961,84.294,82.2034,425,18696,0.0664169,0.07,1,1519619,1519194,425
109729881,44.8588,42.8407,427,18810,0.0852834,0.07,1,1519654,1519227,427
109732801,27.3718,27.7681,426,18923,0.105057,0.01,1,1519677,1519251,426
109735721,61.4744,64.7536,422,19035,0.125011,0.07,1,1519747,1519325,422
109738641,96.2949,95.3507,424,19146,0.0810023,0.05,1,1519852,1519428,424
109741561,108.059,109.47,422,19257,0.0562005,0.07,1,1519963,1519541,422
109744481,88.0118,84.294,427,19367,0.0192401,0.09,1,1520046,1519619,427
109747401,44.8024,44.8588,426,19477,0.107848,0.11,1,1520080,1519654,426
109750321,28.9605,27.3718,428,19586,0.12557,0.11,1,1520105,1519677,428
109753241,58.5921,5.47435,494,19694,0.161114,0.13,1,1520171,1519677,494
109756161,94.9184,57.0949,528,19802,0.120223,0.07,1,1520275,1519747,528
109759081,106.184,95.419,532,19909,0.0480446,0.05,1,1520384,1519852,532
109762001,89.2367,107.884,506,20016,0.0336089,0.01,1,1520469,1519963,506
109764921,47.4473,87.9768,460,20122,0.0627218,0.13,1,1520506,1520046,460
109767841,30.2895,44.7954,452,20227,0.0845444,0.13,1,1520532,1520080,452
109770761,60.4579,28.9591,495,20332,0.104909,0.17,1,1520600,1520105,495
109773681,95.2916,58.5918,533,20436,0.140982,0.11,1,1520704,1520171,533
109776601,100.658,94.9184,531,20540,0.148196,0.03,1,1520806,1520275,531
109779521,88.9317,106.184,508,20643,0.0376393,0.03,1,1520892,1520384,508
109782441,48.1863,89.2367,461,20746,0.0475279,0.07,1,1520930,1520469,461
109785361,31.2373,47.4473,451,20848,0.0655056,0.09,1,1520957,1520506,451
109788281,61.4475,30.2895,494,20950,0.101101,0.11,1,1521026,1520532,494
109791201,97.8895,60.4579,533,21051,0.0602202,0.15,1,1521133,1520600,533
109794121,21.1779,95.2916,431,21152,0.020044,0.15,1,1521135,1520704,431
109797041,84.2356,100.658,429,21252,0.0600088,0.01,1,1521235,1520806,429
109799961,81.6471,88.9317,424,21352,0.100002,0.05,1,1521316,1520892,424
109802881,46.7294,48.1863,424,21451,0.0920004,0.07,1,1521354,1520930,424
109805801,32.5459,31.2373,426,21550,0.1064,0.11,1,1521383,1520957,426
109808721,62.5092,61.4475,427,21648,0.09328,0.05,1,1521453,1521026,427
109811641,95.7018,97.8895,424,21746,0.122656,0.01,1,1521557,1521133,424
109814561,20.7404,21.1779,424,21844,0.128531,0.07,1,1521559,1521135,424
109817481,84.9481,84.2356,425,21941,0.289706,0.11,1,1521660,1521235,425
109820401,81.7896,81.6471,425,22038,0.305941,0.09,1,1521741,1521316,425
109823321,47.5579,46.7294,426,22134,0.293188,0.11,1,1521780,1521354,426
109826241,31.9116,32.5459,425,22230,0.290638,0.09,1,1521808,1521383,425
109829161,63.1823,62.5092,426,22325,0.290128,0.13,1,1521879,1521453,426
109832081,97.4365,95.7018,428,22420,0.354025,0.13,1,1521985,1521557,428
109835001,21.0873,20.7404,428,22515,0.334805,0.13,1,1521987,1521559,428
109837921,90.6175,4.14807,536,22609,0.426961,0.33,1,1522095,1521559,536
109840841,82.1235,81.6296,515,22703,0.461392,0.31,1,1522175,1521660,515
109843761,46.8247,81.1259,472,22796,0.484278,0.29,1,1522213,1521741,472
109846681,31.7649,47.4252,461,22889,0.488856,0.29,1,1522241,1521780,461
109849601,63.153,31.885,504,22982,0.569771,0.29,1,1522312,1521808,504
109852521,100.631,63.177,543,23074,0.617954,0.37,1,1522422,1521879,543
109855441,21.7261,97.4354,439,23166,0.627591,0.33,1,1522424,1521985,439
109858361,95.5452,21.0871,551,23258,0.645518,0.45,1,1522538,1521987,551
109861281,83.909,90.6174,524,23349,0.681104,0.47,1,1522619,1522095,524
109864201,47.9818,82.1235,483,23440,0.720221,0.49,1,1522658,1522175,483
109867121,32.7964,46.8247,474,23530,0.712044,0.49,1,1522687,1522213,474
109870041,66.5593,31.7649,521,23620,0.790409,0.59,2,1522762,1522241,521
109872961,102.912,63.153,562,23710,0.822082,0.63,2,1522874,1522312,562
109875881,22.1824,100.631,454,23799,0.828416,0.63,2,1522876,1522422,454
109878801,97.2365,21.7261,568,23888,0.797683,0.65,2,1522992,1522424,568
109881721,85.0473,95.5452,536,23977,0.791537,0.69,2,1523074,1522538,536
109884641,18.6095,83.909,457,24065,0.790307,0.73,2,1523076,1522619,457
109887561,35.7219,47.9818,458,24153,0.822061,0.71,2,1523116,1522658,458
109890481,31.1444,32.7964,459,24241,0.828412,0.81,2,1523146,1522687,459
109893401,68.6289,66.5593,462,24328,0.877683,0.83,2,1523224,1522762,462
109896321,104.126,102.912,463,24415,0.903537,0.83,2,1523337,1522874,463
109899241,22.4252,22.1824,463,24502,0.908707,0.79,2,1523339,1522876,463
109995601,35,20,504,27209,0.45,1,1,1525272,1524768,504
109998521,67,81.6,482,27287,0.242,1,1,1525347,1524865,482
110001441,87,85.12,488,27365,0.1364,1,1,1525439,1524951,488
110004361,36.6,38.624,485,27442,0.08328,0.98,1,1525463,1524978,485
110007281,27.32,35.7248,475,27519,0.072656,0.89,1,1525488,1525013,475
110010201,27.864,33.545,470,27596,0.0385312,0.96,1,1525516,1525046,470
110013121,26.3728,32.309,464,27673,0.0157062,0.87,1,1525542,1525078,464
110016041,48.4746,50.4618,463,27750,0.0271412,0.59,1,1525596,1525133,463
110018961,84.0949,93.2924,452,27826,0.0294283,0.45,1,1525689,1525237,452
110021881,38.419,46.6585,444,27902,0.0298856,0.19,1,1525716,1525272,444
110024801,57.2838,69.3317,431,27978,0.0619771,0.11,1,1525778,1525347,431
110027721,81.0568,87.4663,426,28054,0.0523954,0.07,1,1525865,1525439,426
110030641,33.0114,36.6933,423,28129,0.0824791,0.07,1,1525886,1525463,423
110033561,26.6023,27.3387,423,28204,0.0724958,0.03,1,1525911,1525488,423
110036481,27.7205,27.8677,423,28279,0.118499,0.01,1,1525939,1525516,423
110039401,25.5441,26.3735,422,28354,0.1117,0.01,1,1525964,1525542,422
110042321,49.1088,5.27471,477,28429,0.07834,0.03,1,1526019,1525542,477
110045241,82.6218,44.2549,514,28503,0.103668,0.03,1,1526110,1525596,514
110048161,38.9244,83.251,449,28577,0.0767336,0.03,1,1526138,1525689,449
110051081,58.9849,38.2502,486,28651,0.0713467,0.07,1,1526202,1525716,486
110054001,81.397,57.25,511,28725,0.102269,0.05,1,1526289,1525778,511
110056921,33.8794,81.05,446,28799,0.0764539,0.09,1,1526311,1525865,446
110059841,25.9759,33.01,449,28873,0.0872908,0.07,1,1526335,1525886,449
110062761,28.3952,26.602,453,28946,0.0734582,0.13,1,1526364,1525911,453
110065681,26.479,27.7204,451,29019,0.0706916,0.11,1,1526390,1525939,451
110068601,49.2958,25.5441,481,29092,0.102138,0.07,1,1526445,1525964,481
110071521,82.6592,49.1088,517,29165,0.108428,0.11,1,1526536,1526019,517
110074441,37.3318,82.6218,452,29238,0.141686,0.07,1,1526562,1526110,452
110077361,58.6664,38.9244,488,29310,0.180337,0.07,1,1526626,1526138,488
110080281,81.3333,58.9849,511,29382,0.252067,0.11,1,1526713,1526202,511
110083201,34.6667,81.397,447,29454,0.282413,0.07,1,1526736,1526289,447
110086121,26.1333,33.8794,449,29526,0.256483,0.09,1,1526760,1526311,449
110089041,27.6267,25.9759,453,29598,0.267297,0.07,1,1526788,1526335,453
110091961,27.1253,28.3952,451,29670,0.253459,0.07,1,1526815,1526364,451
110094881,50.2251,26.479,481,29741,0.250692,0.11,1,1526871,1526390,481
110097801,83.645,49.2958,518,29812,0.282138,0.11,1,1526963,1526445,518
110100721,18.329,82.6592,429,29883,0.288428,0.15,1,1526965,1526536,429
110103641,24.4658,37.3318,429,29954,0.305686,0.19,1,1526991,1526562,429
110106561,57.6932,58.6664,431,30025,0.357137,0.27,1,1527057,1526626,431
110109481,84.3386,81.3333,435,30095,0.399427,0.29,1,1527148,1526713,435
110112401,34.4677,34.6667,434,30165,0.439885,0.25,1,1527170,1526736,434
110115321,26.8935,26.1333,435,30235,0.431977,0.27,1,1527195,1526760,435
110118241,27.7787,27.6267,435,30305,0.398395,0.25,1,1527223,1526788,435
110121161,26.3557,27.1253,434,30375,0.423679,0.25,1,1527249,1526815,434
110124081,50.0711,50.2251,434,30445,0.444736,0.29,1,1527305,1526871,434
110127001,85.2142,83.645,436,30515,0.528947,0.29,1,1527399,1526963,436
110129921,18.6428,18.329,436,30584,0.545789,0.31,1,1527401,1526965,436
110132841,25.3286,24.4658,437,30653,0.533158,0.37,1,1527428,1526991,437
110135761,58.6657,57.6932,438,30722,0.546632,0.41,1,1527495,1527057,438
110138681,87.7331,84.3386,442,30791,0.565326,0.45,1,1527590,1527148,442
110141601,35.1466,34.4677,442,30860,0.537065,0.43,1,1527612,1527170,442
110144521,26.2293,26.8935,441,30929,0.531413,0.39,1,1527636,1527195,441
110147441,27.6459,27.7787,441,30997,0.578283,0.43,1,1527664,1527223,441
110150361,27.1292,26.3557,442,31065,0.603657,0.45,1,1527691,1527249,442
110153281,52.6258,50.0711,445,31133,0.640731,0.55,1,1527750,1527305,445
110156201,88.9252,85.2142,449,31201,0.728146,0.55,1,1527848,1527399,449
110159121,19.385,18.6428,449,31269,0.745629,0.53,1,1527850,1527401,449
110162041,24.677,25.3286,448,31337,0.781126,0.53,2,1527876,1527428,448
110164961,58.5354,5.06571,515,31405,0.756225,0.55,2,1527943,1527428,515
110167881,86.9071,54.6131,542,31472,0.783245,0.57,2,1528037,1527495,542
110170801,34.9814,86.9226,469,31539,0.804649,0.53,2,1528059,1527590,469
110173721,26.1963,34.9845,471,31606,0.82493,0.53,2,1528083,1527612,471
110176641,29.2393,26.1969,477,31673,0.828986,0.59,2,1528113,1527636,477
110179561,29.0479,27.6394,478,31740,0.845797,0.61,2,1528142,1527664,478
110182481,54.6096,27.1279,512,31807,0.833159,0.65,2,1528203,1527691,512
110185401,93.3219,52.6256,556,31874,0.830632,0.75,2,1528306,1527750,556
110188321,20.2644,88.9251,460,31940,0.830126,0.75,2,1528308,1527848,460
110191241,24.8529,19.385,484,32006,0.846025,0.79,2,1528334,1527850,484
110194161,58.5706,24.677,525,32072,0.865205,0.75,2,1528401,1527876,525
110354761,36,33,515,35519,0.75,1,2,1530818,1530303,515
110357681,66.4,35.4,553,35579,0.542,1,1,1530892,1530339,553
110360601,42.88,74.28,506,35638,0.4364,1,1,1530929,1530423,506
110363521,49.376,44.456,520,35697,0.31928,1,1,1530980,1530460,520
110366441,11.4752,36.8912,487,35756,0.279856,1,1,1530982,1530495,487
110369361,30.295,29.7782,494,35815,0.239971,1,1,1531017,1530523,494
110372281,33.259,32.3556,495,35874,0.183994,1,1,1531051,1530556,495
110375201,26.6518,37.6711,481,35933,0.252799,1,1,1531076,1530595,481
110378121,58.9304,59.5342,483,35992,0.0505598,1,1,1531143,1530660,483
110381041,38.9861,41.5068,480,36051,0.010112,0.73,1,1531177,1530697,480
110383961,37.3972,50.7014,464,36110,0.0900224,0.89,1,1531214,1530750,464
110386881,31.4794,35.7403,462,36169,0.0740045,0.75,1,1531244,1530782,462
110389801,31.0959,35.9481,457,36227,0.0868009,0.49,1,1531275,1530818,457
110392721,59.8192,66.3896,450,36285,0.10536,0.41,1,1531342,1530892,450
110395641,36.7638,42.8779,444,36343,0.141072,0.29,1,1531373,1530929,444
110398561,41.7528,49.3756,436,36401,0.132214,0.27,1,1531416,1530980,436
110401481,9.95055,11.4751,436,36459,0.130443,0.23,1,1531418,1530982,436
110404401,29.1901,30.295,435,36517,0.0980886,0.17,1,1531452,1531017,435
110407321,32.238,33.259,434,36575,0.107618,0.27,1,1531485,1531051,434
110410241,24.0476,26.6518,431,36633,0.141524,0,1,1531507,1531076,431
110413161,53.6095,58.9304,425,36691,0.100305,0,1,1531568,1531143,425
110416081,39.5219,38.9861,427,36749,0.0440609,0.11,1,1531604,1531177,427
110419001,36.7044,37.3972,426,36807,0.0808122,0.07,1,1531640,1531214,426
110421921,28.1409,31.4794,422,36864,0.104162,0.09,1,1531666,1531244,422
110424841,32.0282,31.0959,424,36921,0.124832,0.11,1,1531699,1531275,424
110427761,61.6056,59.8192,426,36978,0.224966,0.15,1,1531768,1531342,426
110430681,37.9211,36.7638,427,37035,0.276993,0.13,1,1531800,1531373,427
110433601,39.5842,41.7528,424,37092,0.287399,0.13,1,1531840,1531416,424
110436521,9.51684,9.95055,424,37149,0.25748,0.13,1,1531842,1531418,424
110439441,31.5034,1.99011,461,37206,0.235496,0.09,1,1531879,1531418,461
110442361,30.3007,27.598,457,37263,0.231099,0.11,1,1531909,1531452,457
110445281,26.8601,31.9196,450,37320,0.23022,0.15,1,1531935,1531485,450
110448201,50.172,23.9839,484,37377,0.230044,0.09,1,1531991,1531507,484
110451121,37.2344,53.5968,457,37434,0.278009,0.03,1,1532025,1531568,457
110454041,40.2469,39.5194,462,37490,0.303602,0.09,1,1532066,1531604,462
110456961,27.2494,36.7039,450,37546,0.29272,0.11,1,1532090,1531640,450
110459881,35.0499,28.1408,461,37602,0.306544,0.13,1,1532127,1531666,461
110462801,65.41,32.0282,501,37658,0.373309,0.25,1,1532200,1531699,501
110465721,39.482,61.6056,465,37714,0.338662,0.29,1,1532233,1531768,465
110468641,39.8964,37.9211,473,37770,0.331732,0.29,1,1532273,1531800,473
110471561,9.57928,39.5842,435,37826,0.330346,0.25,1,1532275,1531840,435
110474481,30.7159,9.51684,469,37882,0.330069,0.23,1,1532311,1531842,469
110477401,30.9432,31.5034,463,37938,0.346014,0.23,1,1532342,1531879,463
110480321,26.1886,30.3007,458,37994,0.381203,0.23,1,1532367,1531909,458
110483241,50.8377,26.8601,489,38050,0.404241,0.23,1,1532424,1531935,489
110486161,37.3675,50.172,467,38106,0.424848,0.29,1,1532458,1531991,467
110489081,41.8735,37.2344,476,38161,0.44497,0.31,1,1532501,1532025,476
110492001,27.5747,40.2469,459,38216,0.496994,0.29,1,1532525,1532066,459
110494921,35.9149,27.2494,473,38271,0.507399,0.31,1,1532563,1532090,473
110497841,67.183,35.0499,511,38326,0.49348,0.39,1,1532638,1532127,511
110500761,39.0366,65.41,470,38381,0.490696,0.33,1,1532670,1532200,470
110503681,39.8073,39.482,477,38436,0.538139,0.33,1,1532710,1532233,477
110506601,9.56146,39.8964,439,38491,0.547628,0.33,1,1532712,1532273,439
110509521,30.7123,9.57928,473,38546,0.549526,0.33,1,1532748,1532275,473
110512441,31.7425,30.7159,469,38601,0.565905,0.35,1,1532780,1532311,469
110515361,7.94849,30.9432,440,38656,0.569181,0.39,1,1532782,1532342,440
110518281,22.3897,26.1886,441,38711,0.601836,0.41,1,1532808,1532367,441
110521201,51.6779,50.8377,443,38766,0.624367,0.43,1,1532867,1532424,443
110524121,38.3356,37.3675,444,38820,0.660873,0.45,1,1532902,1532458,444
110527041,43.6671,41.8735,446,38874,0.668175,0.51,1,1532947,1532501,446
110529961,28.7334,27.5747,447,38928,0.677635,0.51,1,1532972,1532525,447
110532881,36.9467,35.9149,448,38982,0.687527,0.49,1,1533011,1532563,448
110535801,65.7893,67.183,446,39036,0.705505,0.49,1,1533084,1532638,446
110538721,39.5579,39.0366,447,39090,0.725101,0.55,1,1533117,1532670,447
110541641,41.5116,39.8073,449,39144,0.77702,0.55,2,1533159,1532710,449
110544561,9.90231,9.56146,449,39198,0.755404,0.55,2,1533161,1532712,449
110547481,30.7805,30.7123,449,39252,0.783081,0.57,2,1533197,1532748,449
110550401,32.5561,31.7425,450,39306,0.788616,0.57,2,1533230,1532780,450
110553321,8.11122,7.94849,450,39360,0.821723,0.61,2,1533232,1532782,450
110556241,22.4222,22.3897,450,39414,0.796345,0.63,2,1533258,1532808,450
110559161,54.0845,51.6779,453,39468,0.807269,0.67,2,1533320,1532867,453
110562081,40.4169,38.3356,455,39522,0.793454,0.67,2,1533357,1532902,455
110565001,44.8834,43.6671,456,39575,0.790691,0.68,2,1533403,1532947,456
110567921,28.1767,28.7334,455,39628,0.790138,0.69,2,1533427,1532972,455
110570841,37.6353,36.9467,456,39681,0.806028,0.71,2,1533467,1533011,456
110573761,66.7271,65.7893,457,39734,0.889206,0.73,2,1533541,1533084,457
110576681,40.5454,39.5579,458,39787,0.889841,0.79,2,1533575,1533117,458
110579601,42.5091,41.5116,459,39840,0.937968,0.75,2,1533618,1533159,459
110582521,10.1018,9.90231,459,39893,0.915594,0.79,2,1533620,1533161,459
110737281,41,42,490,42609,0.53,1,1,1535527,1535037,490
110740201,30.6,28.4,493,42659,0.418,1,1,1535555,1535062,493
110743121,33.32,27.28,500,42708,0.3316,1,1,1535589,1535089,500
110746041,29.864,30.256,498,42757,0.23432,1,1,1535618,1535120,498
110748961,23.5728,25.2512,496,42806,0.214864,1,1,1535640,1535144,496
110751881,23.1146,21.8502,498,42855,0.146973,1,1,1535663,1535165,498
110754801,32.6229,37.9701,491,42904,0.0293946,1,1,1535698,1535207,491
110757721,29.7246,32.394,489,42953,0.0298789,1,1,1535727,1535238,489
110760641,31.5449,32.8788,488,43002,0.00597578,1,1,1535759,1535271,488
110763561,26.309,6.57576,513,43051,0.00919516,1,1,1535784,1535271,513
110766481,28.4618,32.5152,503,43100,0.025839,0.94,1,1535813,1535310,503
110769401,24.0924,31.303,495,43149,0.0291678,1,1,1535836,1535341,495
110772321,60.0185,28.6606,536,43198,0.0618336,0.81,1,1535905,1535369,536
110775241,35.2037,72.1321,482,43247,0.0523667,0.69,1,1535934,1535452,482
110778161,39.0407,41.6264,488,43296,0.0344733,0.53,1,1535974,1535486,488
110781081,25.4081,41.1253,469,43345,0.0628947,0.39,1,1535996,1535527,469
110784001,28.2816,30.6251,470,43394,0.0845789,0.31,1,1536025,1535555,470
110786921,25.6563,33.325,461,43443,0.0729158,0.21,1,1536050,1535589,461
110789841,21.1313,29.865,452,43492,0.118583,0.21,1,1536070,1535618,452
110792761,21.0263,23.573,451,43541,0.0797166,0.13,1,1536091,1535640,451
110795681,30.6053,23.1146,461,43589,0.0399433,0,1,1536124,1535663,461
110798601,25.3211,32.6229,450,43637,0.0319887,0.03,1,1536148,1535698,450
110801521,31.4642,29.7246,454,43685,0.0303977,0,1,1536181,1535727,454
110804441,28.6928,31.5449,450,43733,0.00607955,0.01,1,1536209,1535759,450
110807361,26.5386,26.309,451,43781,0.0412159,0.03,1,1536235,1535784,451
110810281,22.9077,28.4618,444,43829,0.0322432,0.03,1,1536257,1535813,444
110813201,62.1815,24.0924,493,43877,0.0304486,0.07,1,1536329,1535836,493
110816121,34.8363,60.0185,452,43925,0.0780897,0.05,1,1536357,1535905,452
110819041,38.1673,35.2037,462,43973,0.119618,0.03,1,1536396,1535934,462
110821961,27.6335,39.0407,447,44021,0.159924,0.07,1,1536421,1535974,447
110824881,29.5267,25.4081,455,44069,0.135985,0.09,1,1536451,1535996,455
110827801,25.9053,28.2816,451,44117,0.195197,0.07,1,1536476,1536025,451
110830721,21.1811,25.6563,446,44165,0.223039,0.13,1,1536496,1536050,446
110833641,21.8362,21.1313,448,44213,0.228608,0.07,1,1536518,1536070,448
110836561,26.7672,21.0263,455,44261,0.229722,0.03,1,1536546,1536091,455
110839481,24.5534,30.6053,446,44309,0.229944,0.03,1,1536570,1536124,446
110842401,32.1107,25.3211,456,44357,0.213989,0.03,1,1536604,1536148,456
110845321,28.0221,31.4642,450,44405,0.130798,0,1,1536631,1536181,450
110848241,27.2044,28.6928,449,44453,0.0661596,0.05,1,1536658,1536209,449
110851161,7.04089,26.5386,425,44500,0.0532319,0.03,1,1536660,1536235,425
110854081,17.4082,22.9077,423,44547,0.0666464,0.03,1,1536680,1536257,423
110857001,62.6816,62.1815,425,44594,0.0213293,0.09,1,1536754,1536329,425
110859921,36.5363,34.8363,427,44641,0.0282659,0.13,1,1536784,1536357,427
110862841,40.9073,38.1673,430,44688,0.0616532,0.17,1,1536826,1536396,430
110865761,28.1815,27.6335,430,44735,0.0523306,0.13,1,1536851,1536421,430
110868681,30.4363,29.5267,431,44782,0.0664661,0.21,1,1536882,1536451,431
110871601,26.8873,25.9053,432,44829,0.0852932,0.23,1,1536908,1536476,432
110874521,22.9775,21.1811,434,44876,0.0890586,0.23,1,1536930,1536496,434
110877441,21.3955,21.8362,433,44923,0.0898117,0.23,1,1536951,1536518,433
110880361,26.6791,26.7672,433,44970,0.0739623,0.23,1,1536979,1536546,433
110883281,22.9358,24.5534,431,45017,0.0707925,0.21,1,1537001,1536570,431
110886201,30.9872,32.1107,430,45064,0.102159,0.11,1,1537034,1536604,430
110889121,23.7974,28.0221,425,45111,0.108432,0.05,1,1537056,1536631,425
110892041,25.5595,27.2044,424,45158,0.109686,0.05,1,1537082,1536658,424
110894961,6.7119,7.04089,424,45205,0.109937,0.07,1,1537084,1536660,424
110897881,18.1424,17.4082,425,45252,0.125987,0.01,1,1537105,1536680,425
110900801,60.4285,62.6816,422,45299,0.193198,0.03,1,1537176,1536754,422
110903721,36.0857,36.5363,422,45346,0.17464,0.07,1,1537206,1536784,422
110906641,41.6171,40.9073,423,45393,0.186928,0.05,1,1537249,1536826,423
110909561,29.1234,28.1815,424,45439,0.205386,0.07,1,1537275,1536851,424
110912481,30.6247,30.4363,424,45485,0.225077,0.09,1,1537306,1536882,424
110915401,26.9249,26.8873,424,45531,0.245015,0.09,1,1537332,1536908,424
110918321,22.985,22.9775,424,45577,0.265003,0.09,1,1537354,1536930,424
110921241,21.397,21.3955,424,45623,0.285001,0.07,1,1537375,1536951,424
110924161,27.4794,26.6791,425,45669,0.321,0.07,1,1537404,1536979,425
110927081,23.0959,22.9358,425,45715,0.2962,0.11,1,1537426,1537001,425
110930001,31.0192,30.9872,425,45761,0.32324,0.11,1,1537459,1537034,425
110932921,23.8038,23.7974,425,45807,0.344648,0.11,1,1537481,1537056,425
110935841,25.5608,25.5595,425,45853,0.34893,0.11,1,1537507,1537082,425
110938761,6.71215,6.7119,425,45899,0.349786,0.13,1,1537509,1537084,425
110941681,19.7424,18.1424,427,45945,0.381957,0.13,1,1537532,1537105,427
110944601,62.3485,3.62848,500,45991,0.436391,0.21,1,1537605,1537105,500
110947521,34.8697,57.5257,457,46037,0.447278,0.17,1,1537633,1537176,457
110950441,42.1739,35.5051,471,46083,0.449456,0.19,1,1537677,1537206,471
110953361,30.8348,41.501,456,46129,0.481891,0.21,1,1537705,1537249,456
110956281,31.767,29.1002,462,46175,0.456378,0.23,1,1537737,1537275,462
110959201,27.9534,30.62,458,46221,0.467276,0.25,1,1537764,1537306,458
110962121,23.1907,26.924,454,46267,0.501455,0.27,1,1537786,1537332,454
110965041,22.2381,22.9848,454,46313,0.508291,0.29,1,1537808,1537354,454
110967961,29.2476,21.397,464,46359,0.493658,0.33,1,1537839,1537375,464
110970881,23.4495,27.4794,457,46404,0.506732,0.29,1,1537861,1537404,457
110973801,32.6899,23.0959,470,46449,0.541346,0.33,1,1537896,1537426,470
110976721,24.938,31.0192,460,46494,0.580269,0.35,1,1537919,1537459,460
110979641,26.5876,23.8038,465,46539,0.572054,0.35,1,1537946,1537481,465
110982561,6.91752,25.5608,441,46584,0.586411,0.35,1,1537948,1537507,441
110985481,20.5835,6.71215,463,46629,0.621282,0.39,1,1537972,1537509,463
110988401,64.9167,19.7424,516,46674,0.612256,0.45,1,1538048,1537532,516
110991321,35.3833,62.3485,471,46719,0.610451,0.45,1,1538076,1537605,471
110994241,42.2767,34.8697,487,46764,0.64209,0.45,1,1538120,1537633,487
110997161,32.4553,42.1739,473,46809,0.648418,0.49,1,1538150,1537677,473
111000081,32.0911,30.8348,477,46854,0.665684,0.45,1,1538182,1537705,477
111003001,28.8182,31.767,473,46899,0.701137,0.47,1,1538210,1537737,473
111005921,23.3636,27.9534,468,46944,0.724227,0.51,1,1538232,1537764,468
111008841,22.2727,23.1907,468,46989,0.744845,0.51,1,1538254,1537786,468
111011761,28.4545,22.2381,476,47034,0.764969,0.49,2,1538284,1537808,476
111014681,24.8909,29.2476,469,47079,0.784994,0.51,2,1538308,1537839,469
111017601,33.7782,23.4495,483,47124,0.804999,0.55,2,1538344,1537861,483
111020521,26.7556,32.6899,473,47169,0.809,0.59,2,1538369,1537896,473
111023441,28.5511,24.938,479,47214,0.7938,0.57,2,1538398,1537919,479
111026361,7.31023,26.5876,454,47259,0.79076,0.59,2,1538400,1537946,454
111029281,20.662,6.91752,476,47304,0.806152,0.63,2,1538424,1537948,476
111032201,64.1324,20.5835,527,47349,0.80923,0.61,2,1538499,1537972,527
111035121,36.0265,64.9167,480,47394,0.841846,0.61,2,1538528,1538048,480
111038041,8.8053,35.3833,454,47438,0.816369,0.65,2,1538530,1538076,454
111040961,36.9611,42.2767,454,47482,0.859274,0.65,2,1538574,1538120,454
111043881,31.3922,32.4553,454,47526,0.867855,0.67,2,1538604,1538150,454
111046801,33.4784,32.0911,456,47570,0.869571,0.71,2,1538638,1538182,456
111049721,29.8957,28.8182,457,47614,0.853914,0.73,2,1538667,1538210,457
111052641,25.1791,23.3636,459,47658,0.850783,0.75,2,1538691,1538232,459
111055561,23.4358,22.2727,460,47702,0.834157,0.77,2,1538714,1538254,460
111058481,28.6872,28.4545,460,47746,0.798831,0.79,2,1538744,1538284,460
111061401,25.7374,24.8909,461,47790,0.775766,0.81,2,1538769,1538308,461
111064321,34.7475,33.7782,462,47834,0.835153,0.81,2,1538806,1538344,462
111067241,26.9495,26.7556,462,47878,0.847031,0.79,2,1538831,1538369,462
111070161,28.5899,28.5511,462,47922,0.833406,0.79,2,1538860,1538398,462
111073081,7.31798,7.31023,462,47966,0.830681,0.81,2,1538862,1538400,462
111076001,20.6636,20.662,462,48010,0.830136,0.81,2,1538886,1538424,462
111078921,64.1327,64.1324,462,48054,0.862027,0.85,2,1538961,1538499,462
111081841,36.0265,36.0265,462,48098,0.852405,0.81,2,1538990,1538528,462
111084761,8.80531,8.8053,462,48142,0.882481,0.87,2,1538992,1538530,462
111087681,37.7611,36.9611,463,48186,0.920496,0.87,2,1539037,1538574,463
111090601,31.5522,31.3922,463,48230,0.928099,0.87,2,1539067,1538604,463
111093521,33.5104,33.4784,463,48274,0.92962,0.85,2,1539101,1538638,463
111257041,31,25,501,50661,0.87,1,2,1540736,1540235,501
111259961,30.2,28.2,502,50703,0.854,1,2,1540766,1540264,502
111262881,26.84,29.64,498,50745,0.7708,1,2,1540792,1540294,498
111265801,34.168,25.928,509,50787,0.80216,1,2,1540828,1540319,509
111268721,35.6336,37.1856,505,50828,0.744432,1,1,1540864,1540359,505
111271641,23.1267,33.0371,493,50869,0.716886,1,1,1540884,1540391,493
111274561,33.4253,30.6074,499,50910,0.663377,1,1,1540920,1540421,499
111277481,32.2851,31.7215,499,50951,0.684675,1,1,1540952,1540453,499
111280401,32.057,32.7443,498,50992,0.528935,1,1,1540984,1540486,498
111283321,29.6114,29.7489,498,51033,0.529787,1,1,1541013,1540515,498
111286241,20.3223,20.3498,498,51074,0.497957,1,1,1541031,1540533,498
111289161,20.8645,28.87,488,51115,0.523592,1,1,1541052,1540564,488
111292081,21.7729,31.374,478,51156,0.544718,1,1,1541074,1540596,478
111295001,25.1546,29.4748,475,51197,0.548944,0.97,1,1541100,1540625,475
111297921,21.0309,25.095,471,51238,0.485789,0.94,1,1541120,1540649,471
111300841,18.6062,21.819,468,51279,0.441158,0.92,1,1541138,1540670,468
111303761,30.9212,32.3638,467,51320,0.464232,0.87,1,1541172,1540705,467
111306681,28.5842,31.2728,464,51361,0.452846,0.85,1,1541200,1540736,464
111309601,26.5169,30.2546,460,51402,0.402569,0.75,1,1541226,1540766,460
111312521,26.9034,26.8509,461,51443,0.344514,0.81,1,1541253,1540792,461
111315441,34.1807,34.1702,461,51484,0.332903,0.73,1,1541289,1540828,461
111318361,31.6361,35.634,456,51525,0.330581,0.71,1,1541320,1540864,456
111321281,22.3272,23.1268,456,51566,0.330116,0.65,1,1541340,1540884,456
111324201,33.2654,33.4254,456,51607,0.282023,0.69,1,1541376,1540920,456
111327121,29.8531,32.2851,453,51648,0.288405,0.49,1,1541405,1540952,453
111330041,31.5706,32.057,453,51689,0.241681,0.53,1,1541437,1540984,453
111332961,26.3141,29.6114,449,51730,0.248336,0.49,1,1541462,1541013,449
111335881,19.6628,20.3223,449,51771,0.249667,0.49,1,1541480,1541031,449
111338801,20.7326,4.06446,470,51812,0.249933,0.53,1,1541501,1541031,470
111341721,20.1465,17.6129,469,51853,0.249987,0.55,1,1541521,1541052,469
111344641,24.0293,21.1226,472,51894,0.281997,0.55,1,1541546,1541074,472
111347561,18.4059,25.0245,463,51935,0.272399,0.47,1,1541563,1541100,463
111350481,16.4812,21.0049,459,51976,0.23848,0.43,1,1541579,1541120,459
111353401,31.2962,18.601,476,52017,0.295696,0.47,1,1541614,1541138,476
111356321,26.2592,30.9202,467,52057,0.291139,0.45,1,1541639,1541172,467
111359241,24.4518,28.584,463,52097,0.306228,0.39,1,1541663,1541200,463
111362161,26.4904,26.5168,464,52137,0.325246,0.33,1,1541690,1541226,464
111365081,34.8981,26.9034,474,52177,0.345049,0.33,1,1541727,1541253,474
111368001,29.3796,34.1807,466,52217,0.34901,0.33,1,1541755,1541289,466
111370921,21.0759,31.6361,454,52257,0.397802,0.33,1,1541774,1541320,454
111373841,33.0152,22.3272,470,52297,0.42356,0.27,1,1541810,1541340,470
111376761,30.603,33.2654,464,52337,0.428712,0.29,1,1541840,1541376,464
111379681,30.1206,29.8531,465,52377,0.445742,0.23,1,1541870,1541405,465
111382601,26.0241,31.5706,458,52417,0.481148,0.25,1,1541895,1541437,458
111385521,19.6048,26.3141,451,52457,0.45623,0.25,1,1541913,1541462,451
111388441,20.721,19.6628,454,52497,0.467246,0.25,1,1541934,1541480,454
111391361,21.7442,20.7326,455,52537,0.469449,0.25,1,1541956,1541501,455
111394281,24.3488,20.1465,460,52577,0.46989,0.29,1,1541981,1541521,460
111397201,17.6698,24.0293,451,52617,0.469978,0.27,1,1541997,1541546,451
111400121,16.334,18.4059,450,52657,0.469996,0.23,1,1542013,1541563,450
111403041,32.8668,16.4812,471,52697,0.453999,0.31,1,1542050,1541579,471
111405961,26.5734,31.2962,461,52737,0.4508,0.29,1,1542075,1541614,461
111408881,26.1147,26.2592,462,52777,0.46616,0.31,1,1542101,1541639,462
111411801,26.0229,24.4518,464,52817,0.469232,0.33,1,1542127,1541663,464
111414721,35.6046,26.4904,475,52857,0.501846,0.35,1,1542165,1541690,475
111417641,30.3209,34.8981,467,52897,0.540369,0.35,1,1542194,1541727,467
111420561,22.8642,29.3796,460,52937,0.548074,0.41,1,1542215,1541755,460
111423481,34.1728,21.0759,478,52977,0.581615,0.43,1,1542252,1541774,478
111426401,31.6346,33.0152,473,53017,0.604323,0.43,1,1542283,1541810,473
111429321,31.1269,30.603,474,53057,0.592865,0.45,1,1542314,1541840,474
111432241,27.0254,30.1206,470,53097,0.558573,0.49,1,1542340,1541870,470
111435161,18.2051,26.0241,461,53137,0.551715,0.45,1,1542356,1541895,461
111438081,21.241,19.6048,465,53177,0.566343,0.47,1,1542378,1541913,465
111441001,21.8482,20.721,466,53217,0.569269,0.47,1,1542400,1541934,466
111443921,5.96964,21.7442,446,53257,0.569854,0.47,1,1542402,1541956,446
111446841,20.3939,24.3488,445,53297,0.601971,0.47,1,1542426,1541981,445
111449761,16.8788,17.6698,445,53336,0.640394,0.47,1,1542442,1541997,445
111452681,16.1758,16.334,445,53375,0.616079,0.45,1,1542458,1542013,445
111455601,32.0352,32.8668,444,53414,0.643216,0.45,1,1542494,1542050,444
111458521,27.207,26.5734,445,53453,0.664643,0.47,1,1542520,1542075,445
111461441,26.2414,26.1147,445,53492,0.668929,0.47,1,1542546,1542101,445
111464361,26.8483,26.0229,446,53531,0.685786,0.51,1,1542573,1542127,446
111467281,37.3697,35.6046,448,53570,0.657157,0.55,1,1542613,1542165,448
111470201,29.8739,30.3209,447,53609,0.651431,0.55,1,1542641,1542194,447
111473121,24.3748,22.8642,449,53648,0.666286,0.59,1,1542664,1542215,449
111476041,36.075,34.1728,451,53687,0.685257,0.61,1,1542703,1542252,451
111478961,31.215,31.6346,450,53726,0.705051,0.59,1,1542733,1542283,450
111481881,30.243,31.1269,449,53765,0.70901,0.55,1,1542763,1542314,449
111484801,26.8486,27.0254,449,53804,0.709802,0.55,1,1542789,1542340,449
111487721,18.9697,18.2051,450,53843,0.69396,0.57,1,1542806,1542356,450
111490641,21.3939,21.241,450,53882,0.690792,0.57,1,1542828,1542378,450
111493561,21.8788,21.8482,450,53921,0.706158,0.57,1,1542850,1542400,450
111496481,5.97576,5.96964,450,53960,0.677232,0.61,1,1542852,1542402,450
111499401,21.9952,20.3939,452,53999,0.687446,0.65,1,1542878,1542426,452
111502321,17.199,16.8788,452,54038,0.737489,0.61,1,1542894,1542442,452
111505241,16.2398,16.1758,452,54077,0.747498,0.65,1,1542910,1542458,452
111508161,33.648,32.0352,454,54116,0.7975,0.67,2,1542948,1542494,454
111511081,28.3296,27.207,455,54155,0.8235,0.67,2,1542975,1542520,455
111514001,26.4659,26.2414,455,54194,0.8447,0.69,2,1543001,1542546,455
111516921,26.0932,26.8483,454,54233,0.81694,0.65,2,1543027,1542573,454
111519841,35.6186,37.3697,452,54272,0.843388,0.65,2,1543065,1542613,452
111522761,29.5237,29.8739,452,54311,0.832678,0.67,2,1543093,1542641,452
111525681,25.9047,24.3748,454,54350,0.846536,0.69,2,1543118,1542664,454
111528601,36.3809,36.075,454,54389,0.881307,0.71,2,1543157,1542703,454
111531521,32.0762,31.215,455,54428,0.872261,0.71,2,1543188,1542733,455
111534441,30.4152,30.243,455,54467,0.902452,0.71,2,1543218,1542763,455
111773881,46,33,484,26280,0.71,0.98,1,1545489,1545005,484
111776801,30.8,17.8,497,26361,0.742,1,1,1545516,1545019,497
111779721,75.76,57.16,517,26441,0.7964,0.95,2,1545603,1545086,517
111782641,74.352,81.832,503,26521,0.75928,0.95,2,1545677,1545174,503
111785561,53.2704,63.5664,492,26601,0.815856,0.83,2,1545725,1545233,492
111788481,51.4541,61.5133,482,26681,0.875171,0.77,2,1545776,1545294,482
111791401,27.8908,41.9027,467,26760,0.887034,0.75,2,1545798,1545331,467
111794321,16.7782,21.9805,464,26839,0.921407,0.75,2,1545812,1545348,464
111797241,40.1556,32.3961,475,26918,0.864281,0.73,2,1545858,1545383,475
111800161,79.2311,54.4792,504,26997,0.916856,0.75,2,1545947,1545443,504
111922801,72,57,488,30114,0.89,1,2,1548148,1547660,488
111925721,44,37,493,30184,0.874,1,2,1548185,1547692,493
111928641,35.2,29.8,498,30254,0.6948,1,1,1548218,1547720,498
111931561,23.04,25.16,494,30324,0.54696,1,1,1548238,1547744,494
111934481,50.208,60.232,482,30394,0.357392,1,1,1548295,1547813,482
111937401,54.0416,50.4464,489,30464,0.223478,1,1,1548350,1547861,489
111940321,62.0083,73.2893,474,30533,0.0526957,1,1,1548414,1547940,474
111943241,40.4017,40.2579,477,30602,0.0105391,0.88,1,1548449,1547972,477
111946161,52.8803,59.2516,469,30671,0.0261078,0.89,1,1548505,1548036,469
111949081,45.7761,43.8503,473,30740,0.00522157,0.89,1,1548549,1548076,473
111952001,57.9552,66.3701,462,30809,0.00104431,0.87,1,1548610,1548148,462
111954921,37.991,42.874,458,30878,0.0562089,0.65,1,1548643,1548185,458
111957841,27.5982,34.9748,450,30947,0.0352418,0.51,1,1548668,1548218,450
111960761,19.9196,22.995,448,31015,0.0470484,0.31,1,1548686,1548238,448
111963681,41.5839,50.199,438,31083,0.0654097,0.19,1,1548733,1548295,438
111966601,45.1168,54.0398,429,31151,0.0850819,0.01,1,1548779,1548350,429
111969521,54.6234,62.008,422,31219,0.0730164,0,1,1548836,1548414,422
111972441,40.5247,40.4016,424,31287,0.0386033,0,1,1548873,1548449,424
111975361,51.3049,8.08032,478,31355,0.0797207,0.03,1,1548927,1548449,478
111978281,45.461,46.4161,466,31422,0.0719441,0,1,1548971,1548505,466
111981201,57.8922,44.4832,483,31489,0.0223888,0,1,1549032,1548549,483
111984121,38.7784,57.6966,456,31556,0.0764778,0.07,1,1549066,1548610,456
111987041,26.1557,37.9393,446,31623,0.103296,0.03,1,1549089,1548643,446
111989961,19.6311,27.5879,439,31690,0.0766591,0.05,1,1549107,1548668,439
111992881,43.9262,19.9176,471,31757,0.0393318,0.07,1,1549157,1548686,471
111995801,44.7852,41.5835,469,31824,0.0318664,0.09,1,1549202,1548733,469
111998721,52.957,45.1167,478,31890,0.0943733,0.07,1,1549257,1548779,478
112001641,40.1914,54.6233,458,31956,0.0748747,0.03,1,1549294,1548836,458
112004561,54.4383,40.5247,479,32022,0.0389749,0.09,1,1549352,1548873,479
112007481,42.8877,51.3049,465,32088,0.031795,0.07,1,1549392,1548927,465
112010401,58.9775,45.461,484,32154,0.062359,0.01,1,1549455,1548971,484
112013321,39.7955,57.8922,458,32220,0.0684718,0.09,1,1549490,1549032,458
112016241,26.3591,38.7784,447,32286,0.117694,0.11,1,1549513,1549066,447
112019161,19.6718,26.1557,442,32352,0.127539,0.07,1,1549531,1549089,442
112022081,42.3344,19.6311,472,32417,0.161508,0.03,1,1549579,1549107,472
112025001,44.4669,43.9262,467,32482,0.184302,0.03,1,1549624,1549157,467
112027921,52.8934,44.7852,477,32547,0.22086,0.11,1,1549679,1549202,477
112030841,40.1787,52.957,459,32612,0.212172,0.07,1,1549716,1549257,459
112033761,54.4357,40.1914,480,32677,0.0984344,0.03,1,1549774,1549294,480
112036681,42.8871,54.4383,462,32742,0.0756869,0.03,1,1549814,1549352,462
112039601,10.1774,42.8877,424,32807,0.0711374,0.07,1,1549816,1549392,424
112042521,54.0355,58.9775,426,32871,0.0702275,0.07,1,1549881,1549455,426
112045441,39.6071,39.7955,427,32935,0.0700455,0.13,1,1549917,1549490,427
112048361,27.1214,26.3591,428,32999,0.0860091,0.13,1,1549941,1549513,428
112051281,19.8243,19.6718,428,33063,0.0892018,0.17,1,1549959,1549531,428
112054201,43.9649,42.3344,430,33127,0.12184,0.19,1,1550009,1549579,430
112057121,45.593,44.4669,431,33191,0.128368,0.23,1,1550055,1549624,431
112060041,54.7186,52.8934,433,33255,0.177674,0.21,1,1550112,1549679,433
112062961,39.7437,40.1787,432,33319,0.203535,0.07,1,1550148,1549716,432
112065881,48.7487,54.4357,425,33382,0.224707,0.07,1,1550199,1549774,425
112068801,41.7497,42.8871,425,33445,0.260941,0.07,1,1550239,1549814,425
112071721,9.94995,10.1774,425,33508,0.236188,0.07,1,1550241,1549816,425
112074641,52.39,54.0355,423,33571,0.231238,0.07,1,1550304,1549881,423
112077561,40.878,39.6071,425,33634,0.262248,0.09,1,1550342,1549917,425
112080481,28.1756,27.1214,426,33697,0.22045,0.09,1,1550367,1549941,426
112083401,20.0351,19.8243,426,33760,0.21209,0.13,1,1550385,1549959,426
112086321,44.007,43.9649,426,33823,0.258418,0.13,1,1550435,1550009,426
112089241,48.0014,45.593,429,33886,0.251684,0.19,1,1550484,1550055,429
112092161,57.6003,54.7186,432,33948,0.218337,0.21,1,1550544,1550112,432
112095081,41.1201,39.7437,433,34010,0.211667,0.23,1,1550581,1550148,433
112098001,49.024,48.7487,433,34072,0.178333,0.27,1,1550632,1550199,433
112100921,41.8048,41.7497,433,34134,0.203667,0.23,1,1550672,1550239,433
112103841,9.96096,9.94995,433,34196,0.208733,0.23,1,1550674,1550241,433
112106761,50.7922,52.39,431,34258,0.225747,0.23,1,1550735,1550304,431
112109681,41.3584,10.478,470,34320,0.213149,0.27,1,1550774,1550304,470
112112601,27.4717,32.4956,456,34382,0.21063,0.21,1,1550798,1550342,456
112115521,19.8943,26.4991,449,34443,0.242126,0.21,1,1550816,1550367,449
112118441,45.5789,19.6998,483,34504,0.296425,0.27,1,1550868,1550385,483
112121361,46.7158,43.94,480,34565,0.323285,0.25,1,1550915,1550435,480
112124281,55.7432,47.988,489,34626,0.344657,0.21,1,1550973,1550484,489
112127201,40.7486,57.5976,466,34687,0.348931,0.21,1,1551010,1550544,466
112130121,48.9497,41.1195,480,34748,0.429786,0.17,1,1551061,1550581,480
112133041,41.7899,49.0239,469,34809,0.461957,0.21,1,1551101,1550632,469
112135961,9.95799,41.8048,431,34870,0.468391,0.21,1,1551103,1550672,431
112138881,51.5916,9.96096,491,34931,0.485678,0.23,1,1551165,1550674,491
112141801,42.3183,50.7922,470,34992,0.489136,0.21,1,1551205,1550735,470
112144721,28.4637,41.3584,456,35052,0.521827,0.21,1,1551230,1550774,456
112147641,20.8927,27.4717,451,35112,0.544365,0.25,1,1551249,1550798,451
112150561,49.7785,19.8943,490,35172,0.580873,0.31,1,1551306,1550816,490
112153481,46.7557,45.5789,484,35232,0.604175,0.33,1,1551352,1550868,484
112156401,56.5511,46.7158,496,35292,0.656835,0.35,1,1551411,1550915,496
112159321,41.7102,55.7432,476,35352,0.715367,0.35,1,1551449,1550973,476
112162241,53.142,40.7486,495,35412,0.759073,0.45,2,1551505,1551010,495
112165161,42.6284,48.9497,484,35472,0.783815,0.47,2,1551545,1551061,484
112168081,10.1257,41.7899,446,35532,0.788763,0.47,2,1551547,1551101,446
112171001,52.4251,9.95799,507,35591,0.789753,0.49,2,1551610,1551103,507
112173921,42.485,51.5916,485,35650,0.78995,0.49,2,1551650,1551165,485
112176841,10.097,42.3183,447,35709,0.78999,0.53,2,1551652,1551205,447
112179761,22.8194,28.4637,448,35768,0.789998,0.55,2,1551678,1551230,448
112182681,20.5639,20.8927,449,35827,0.806,0.59,2,1551698,1551249,449
112185601,52.1128,49.7785,452,35886,0.8412,0.61,2,1551758,1551306,452
112188521,47.2226,46.7557,452,35945,0.83224,0.67,2,1551804,1551352,452
112191441,59.8445,56.5511,456,36004,0.878448,0.73,2,1551867,1551411,456
112194361,43.9689,41.7102,458,36063,0.87169,0.77,2,1551907,1551449,458
112360801,23,22,504,39263,0.85,1,2,1554094,1553590,504
112363721,38.2,33.2,510,39317,0.738,1,1,1554136,1553626,510
112366641,31.64,26.64,515,39371,0.6196,1,1,1554166,1553651,515
112369561,23.128,30.128,505,39425,0.56392,1,1,1554187,1553682,505
112372481,49.4256,69.2256,482,39479,0.392784,1,1,1554243,1553761,482
112375401,36.2851,40.2451,482,39532,0.358557,1,1,1554276,1553794,482
112378321,64.057,57.649,491,39585,0.239711,1,1,1554347,1553856,491
112381241,37.6114,43.5298,482,39638,0.215942,0.97,1,1554378,1553896,482
112384161,29.9223,32.706,480,39691,0.211188,0.88,1,1554406,1553926,480
112387081,30.7845,32.9412,478,39744,0.178238,0.97,1,1554437,1553959,478
112390001,39.7569,47.3882,469,39797,0.139648,0.87,1,1554479,1554010,469
112392921,32.7514,35.0776,468,39850,0.13193,0.85,1,1554510,1554042,468
112395841,25.7503,30.2155,463,39903,0.0663859,0.85,1,1554534,1554071,463
112398761,21.9501,24.4431,461,39956,0.101277,0.71,1,1554555,1554094,461
112401681,31.59,38.4886,453,40009,0.0602554,0.59,1,1554589,1554136,453
112404601,26.318,31.6977,448,40062,0.100051,0.59,1,1554614,1554166,448
112407521,19.6636,6.33954,466,40115,0.10801,0.55,1,1554632,1554166,466
112410441,41.5327,18.0679,492,40168,0.125602,0.35,1,1554679,1554187,492
112413361,32.3065,48.4136,466,40221,0.11312,0.35,1,1554709,1554243,466
112416281,59.2613,36.0827,499,40273,0.174624,0.21,1,1554775,1554276,499
112419201,39.8523,64.0165,463,40325,0.234925,0.21,1,1554810,1554347,463
112422121,27.9705,37.6033,457,40377,0.262985,0.21,1,1554835,1554378,457
112425041,30.3941,29.9207,460,40429,0.268597,0.17,1,1554866,1554406,460
112427961,36.4788,30.7841,467,40481,0.285719,0.13,1,1554904,1554437,467
112430881,30.4958,39.7568,454,40533,0.273144,0.13,1,1554933,1554479,454
112433801,26.8992,32.7514,449,40585,0.318629,0.05,1,1554959,1554510,449
112436721,22.9798,25.7503,447,40637,0.343726,0.11,1,1554981,1554534,447
112439641,29.396,21.9501,457,40689,0.332745,0.05,1,1555012,1554555,457
112442561,28.2792,31.59,451,40741,0.330549,0.11,1,1555040,1554589,451
112445481,16.8558,26.318,440,40793,0.33011,0.11,1,1555054,1554614,440
112448401,44.9712,19.6636,474,40845,0.362022,0.13,1,1555106,1554632,474
112451321,32.1942,41.5327,456,40897,0.400404,0.11,1,1555135,1554679,456
112454241,62.4388,32.3065,496,40949,0.376081,0.19,1,1555205,1554709,496
112457161,42.8878,59.2613,468,41001,0.387216,0.25,1,1555243,1554775,468
112460081,29.3776,39.8523,459,41052,0.437443,0.27,1,1555269,1554810,459
112463001,30.6755,27.9705,465,41103,0.463489,0.27,1,1555300,1554835,465
112465921,37.3351,30.3941,473,41154,0.500698,0.29,1,1555339,1554866,473
112468841,31.467,36.4788,465,41205,0.52414,0.27,1,1555369,1554904,465
112471761,27.8934,30.4958,463,41256,0.576828,0.33,1,1555396,1554933,463
112474681,23.9787,26.8992,460,41307,0.603366,0.35,1,1555419,1554959,460
112477601,28.7957,22.9798,468,41358,0.608673,0.33,1,1555449,1554981,468
112480521,28.1591,29.396,465,41409,0.641735,0.33,1,1555477,1555012,465
112483441,16.8318,28.2792,451,41460,0.648347,0.33,1,1555491,1555040,451
112486361,46.5664,16.8558,491,41511,0.617669,0.37,1,1555545,1555054,491
112489281,10.9133,44.9712,441,41562,0.611534,0.41,1,1555547,1555106,441
112492201,26.1827,32.1942,442,41613,0.610307,0.37,1,1555577,1555135,442
112495121,60.4365,62.4388,441,41664,0.626061,0.39,1,1555646,1555205,441
112498041,43.2873,42.8878,442,41715,0.661212,0.45,1,1555685,1555243,442
112500961,31.0575,29.3776,444,41766,0.684242,0.47,1,1555713,1555269,444
112503881,31.8115,30.6755,445,41817,0.656848,0.51,1,1555745,1555300,445
112506801,39.9623,37.3351,448,41867,0.66737,0.53,1,1555787,1555339,448
112509721,33.5925,31.467,450,41917,0.717474,0.59,1,1555819,1555369,450
112512641,29.1185,27.8934,451,41967,0.727495,0.61,1,1555847,1555396,451
112515561,25.0237,23.9787,452,42017,0.793499,0.61,2,1555871,1555419,452
112518481,29.0047,28.7957,452,42067,0.8227,0.65,2,1555901,1555449,452
112521401,29.8009,28.1591,454,42117,0.82854,0.65,2,1555931,1555477,454
112524321,17.1602,16.8318,454,42167,0.861708,0.61,2,1555945,1555491,454
112527241,45.032,46.5664,452,42217,0.868342,0.61,2,1555997,1555545,452
112530161,10.6064,10.9133,452,42267,0.869668,0.61,2,1555999,1555547,452
112533081,26.1213,26.1827,452,42317,0.837934,0.63,2,1556029,1555577,452
112536001,60.4243,60.4365,452,42367,0.863587,0.67,2,1556098,1555646,452
112538921,44.0849,43.2873,453,42417,0.916717,0.69,2,1556138,1555685,453
112541841,32.017,31.0575,454,42467,0.943343,0.65,2,1556167,1555713,454
112544761,32.0034,31.8115,454,42517,0.932669,0.67,2,1556199,1555745,454
112547681,40.8007,39.9623,455,42567,0.962534,0.73,2,1556242,1555787,455
112550601,34.5601,33.5925,456,42617,0.952507,0.73,2,1556275,1555819,456
112553521,32.512,29.1185,460,42667,0.934501,0.81,2,1556307,1555847,460
112556441,25.7024,25.0237,460,42716,0.8669,0.83,2,1556331,1555871,460
112559361,29.9405,29.0047,461,42765,0.83738,0.83,2,1556362,1555901,461
112562281,31.5881,29.8009,463,42814,0.863476,0.87,2,1556394,1555931,463
112565201,17.5176,17.1602,463,42863,0.868695,0.87,2,1556408,1555945,463
112568121,45.1035,45.032,463,42912,0.901739,0.87,2,1556460,1555997,463
112571041,10.6207,10.6064,463,42961,0.908348,0.83,2,1556462,1555999,463
112573961,26.1241,26.1213,463,43010,0.90967,0.83,2,1556492,1556029,463
112576881,59.6248,5.22426,531,43059,0.877934,0.87,2,1556560,1556029,531
112579801,47.125,56.2449,506,43108,0.903587,0.93,2,1556604,1556098,506
112582721,33.425,43.249,496,43157,0.908717,0.95,2,1556634,1556138,496
112787121,90,70,479,21270,0.05,0.37,1,1558969,1558490,479
112790041,69.2,74,468,21370,0.066,0.19,1,1559033,1558565,468
112792961,50.64,64.4,452,21469,0.1012,0.05,1,1559079,1558627,452
112795881,57.328,64.88,446,21568,0.07624,0,1,1559138,1558692,446
112798801,89.8656,56.976,489,21666,0.039248,0.05,1,1559236,1558747,489
112801721,42.7731,88.1952,424,21764,0.0958496,0.03,1,1559267,1558843,424
112804641,36.5546,37.639,434,21861,0.0591699,0.05,1,1559302,1558868,434
112807561,80.9109,88.3278,425,21958,0.259834,0.07,1,1559394,1558969,425
112810481,67.3822,68.8656,425,22055,0.315967,0.11,1,1559458,1559033,425
112813401,51.8764,50.5731,427,22151,0.263193,0.07,1,1559506,1559079,427
112816321,55.9753,57.3146,425,22247,0.236639,0.03,1,1559563,1559138,425
112819241,87.9951,89.8629,423,22342,0.0553277,0.11,1,1559659,1559236,423
112822161,45.599,42.7726,427,22437,0.0510655,0.05,1,1559694,1559267,427
112825081,37.9198,36.5545,428,22532,0.0662131,0.05,1,1559730,1559302,428
112828001,85.984,7.3109,526,22626,0.165243,0.31,1,1559828,1559302,526
112830921,69.1968,75.0622,499,22720,0.185049,0.33,1,1559893,1559394,499
112833841,50.6394,66.2124,481,22813,0.18901,0.25,1,1559939,1559458,481
112836761,55.7279,51.6425,490,22906,0.237802,0.23,1,1559996,1559506,490
112839681,78.3456,55.9285,517,22999,0.27956,0.01,1,1560080,1559563,517
112842601,45.2691,87.9857,458,23091,0.319912,0.05,1,1560117,1559659,458
112845521,39.4538,45.5971,461,23183,0.295982,0.07,1,1560155,1559694,461
112848441,90.2908,37.9194,528,23274,0.275196,0.19,1,1560258,1559730,528
112851361,70.0582,85.9839,495,23365,0.287039,0.19,1,1560323,1559828,495
112854281,50.8116,69.1968,476,23456,0.305408,0.19,1,1560369,1559893,476
112857201,58.1623,50.6394,490,23546,0.373082,0.25,1,1560429,1559939,490
112860121,80.4325,55.7279,519,23636,0.434616,0.29,1,1560515,1559996,519
112863041,47.2865,78.3456,474,23726,0.430923,0.33,1,1560554,1560080,474
112865961,38.2573,45.2691,473,23815,0.446185,0.29,1,1560590,1560117,473
112868881,89.2515,39.4538,537,23904,0.465237,0.27,1,1560692,1560155,537
112871801,19.4503,90.2908,436,23993,0.469047,0.29,1,1560694,1560258,436
112874721,56.6901,70.0582,437,24081,0.533809,0.31,1,1560760,1560323,437
112877641,49.738,50.8116,439,24169,0.562762,0.39,1,1560808,1560369,439
112880561,59.5476,58.1623,441,24257,0.600552,0.45,1,1560870,1560429,441
112883481,83.1095,80.4325,444,24344,0.62411,0.43,1,1560959,1560515,444
112886401,47.0219,47.2865,443,24431,0.612822,0.45,1,1560997,1560554,443
112889321,39.0044,38.2573,444,24518,0.642564,0.47,1,1561034,1560590,444
112892241,91.0009,89.2515,446,24604,0.680513,0.47,1,1561138,1560692,446
112895161,19.8002,19.4503,446,24690,0.688103,0.55,1,1561140,1560694,446
112898081,57.56,56.6901,447,24776,0.769621,0.57,2,1561207,1560760,447
112901001,52.312,49.738,450,24862,0.785924,0.61,2,1561258,1560808,450
112903921,60.0624,59.5476,450,24947,0.853185,0.63,2,1561320,1560870,450
112906841,84.8125,83.1095,452,25032,0.882637,0.61,2,1561411,1560959,452
112909761,47.3625,47.0219,452,25117,0.856527,0.65,2,1561449,1560997,452
112912681,39.0725,39.0044,452,25201,0.835305,0.69,2,1561486,1561034,452
112915601,94.2145,91.0009,456,25285,0.895061,0.69,2,1561594,1561138,456
112918521,20.4429,19.8002,456,25369,0.907012,0.79,2,1561596,1561140,456
113020721,45,52,492,28143,0.67,1,1,1563583,1563091,492
113023641,40.2,48,484,28218,0.558,1,1,1563622,1563138,484
113026561,64.04,64,486,28293,0.3596,1,1,1563692,1563206,486
113029481,36.808,28,497,28368,0.35192,1,1,1563722,1563225,497
113032401,52.1616,5.6,553,28443,0.222384,1,1,1563778,1563225,553
113035321,36.0323,58.72,513,28517,0.148477,1,1,1563810,1563297,513
113038241,53.6065,55.744,516,28591,0.0536954,1,1,1563868,1563352,516
113041161,89.9213,39.1488,580,28665,0.0187391,0.9,1,1563967,1563387,580
113044081,41.9843,101.43,493,28739,0.0437478,0.75,1,1563997,1563504,493
113047001,38.7969,47.486,497,28813,0.0327496,0.67,1,1564035,1563538,497
113049921,35.7594,45.4972,487,28886,0.0305499,0.53,1,1564070,1563583,487
113052841,56.7519,40.2994,510,28959,0.04611,0.31,1,1564132,1563622,510
113055761,32.9504,64.0599,467,29032,0.009222,0.35,1,1564159,1563692,467
113058681,48.1901,36.812,489,29105,0.0258444,0.19,1,1564211,1563722,489
113061601,30.438,52.1624,459,29178,0.0611689,0.13,1,1564237,1563778,459
113064521,50.0876,36.0325,482,29251,0.116234,0.03,1,1564292,1563810,482
113067441,86.8175,53.6065,520,29323,0.0472468,0.01,1,1564388,1563868,520
113070361,43.7635,89.9213,454,29395,0.00944935,0.05,1,1564421,1563967,454
113073281,36.7527,41.9843,459,29467,0.0418899,0.03,1,1564456,1563997,459
113076201,36.1505,38.7969,457,29539,0.032378,0.03,1,1564492,1564035,457
113079121,56.8301,35.7594,484,29611,0.0464756,0.05,1,1564554,1564070,484
113082041,32.966,56.7519,449,29682,0.0652951,0,1,1564581,1564132,449
113084961,49.7932,32.9504,476,29753,0.013059,0.03,1,1564635,1564159,476
113087881,32.3586,48.1901,452,29824,0.0746118,0.07,1,1564663,1564211,452
113090801,8.07173,30.438,428,29895,0.0869224,0.13,1,1564665,1564237,428
113093721,45.6143,50.0876,428,29966,0.0733845,0.03,1,1564720,1564292,428
113096641,81.1229,86.8175,422,30037,0.0546769,0,1,1564810,1564388,422
113099561,45.0246,43.7635,425,30107,0.0509354,0.05,1,1564846,1564421,425
113102481,37.0049,36.7527,425,30177,0.0501871,0.03,1,1564881,1564456,425
113105401,34.601,36.1505,423,30247,0.0660374,0.05,1,1564915,1564492,423
113108321,56.5202,56.8301,423,30317,0.0372075,0.07,1,1564977,1564554,423
113111241,33.704,32.966,424,30387,0.0474415,0,1,1565005,1564581,424
113114161,50.7408,49.7932,425,30457,0.0654883,0.09,1,1565060,1564635,425
113117081,33.3482,32.3586,426,30526,0.0690977,0.09,1,1565089,1564663,426
113120001,8.26963,8.07173,426,30595,0.10182,0.07,1,1565091,1564665,426
113122921,45.6539,45.6143,426,30664,0.140364,0.05,1,1565146,1564720,426
113125841,77.9308,81.1229,422,30733,0.244073,0.05,1,1565232,1564810,422
113128761,45.1862,45.0246,423,30802,0.216815,0.05,1,1565269,1564846,423
113131681,37.8372,37.0049,424,30871,0.179363,0.07,1,1565305,1564881,424
113134601,35.5674,34.601,425,30940,0.203873,0.03,1,1565340,1564915,425
113137521,54.3135,56.5202,422,31008,0.0967745,0.05,1,1565399,1564977,422
113140441,34.8627,33.704,424,31076,0.0433549,0.07,1,1565429,1565005,424
113143361,50.1725,50.7408,423,31144,0.080671,0.07,1,1565483,1565060,423
113146281,35.6345,33.3482,426,31212,0.120134,0.11,1,1565515,1565089,426
113149201,8.7269,8.26963,426,31280,0.128027,0.11,1,1565517,1565091,426
113152121,48.9454,1.65393,485,31348,0.145605,0.15,1,1565576,1565091,485
113155041,81.7891,44.3308,520,31415,0.181121,0.27,1,1565666,1565146,520
113157961,41.9578,77.6662,466,31482,0.204224,0.21,1,1565698,1565232,466
113160881,37.1916,45.1332,465,31549,0.208845,0.17,1,1565734,1565269,465
113163801,35.4383,37.8266,464,31616,0.257769,0.21,1,1565769,1565305,464
113166721,48.6877,35.5653,481,31683,0.283554,0.07,1,1565821,1565340,481
113169641,33.7375,54.3131,452,31750,0.288711,0.03,1,1565851,1565399,452
113172561,52.3475,34.8626,479,31817,0.241742,0.09,1,1565908,1565429,479
113175481,37.6695,50.1725,459,31883,0.200348,0.13,1,1565942,1565483,459
113178401,9.1339,35.6345,429,31949,0.19207,0.13,1,1565944,1565515,429
113181321,49.8268,8.7269,487,32015,0.206414,0.15,1,1566004,1565517,487
113184241,83.5654,48.9454,520,32081,0.241283,0.19,1,1566096,1565576,520
113187161,43.1131,81.7891,463,32147,0.312257,0.21,1,1566129,1565666,463
113190081,37.4226,41.9578,467,32213,0.326451,0.21,1,1566165,1565698,467
113193001,37.8845,37.1916,469,32279,0.36129,0.27,1,1566203,1565734,469
113195921,49.9769,35.4383,487,32345,0.448258,0.29,1,1566256,1565769,487
113198841,33.9954,48.6877,465,32410,0.465652,0.29,1,1566286,1565821,465
113201761,49.9991,33.7375,489,32475,0.48513,0.23,1,1566340,1565851,489
113204681,35.5998,52.3475,464,32540,0.505026,0.19,1,1566372,1565908,464
113207601,8.71996,37.6695,432,32605,0.509005,0.19,1,1566374,1565942,432
113210521,50.544,9.1339,491,32670,0.557801,0.21,1,1566435,1565944,491
113213441,85.3088,49.8268,525,32735,0.53556,0.25,1,1566529,1566004,525
113216361,18.6618,83.5654,435,32800,0.531112,0.33,1,1566531,1566096,435
113219281,32.5324,43.1131,438,32864,0.562222,0.33,1,1566567,1566129,438
113222201,35.3065,37.4226,438,32928,0.600444,0.37,1,1566603,1566165,438
113225121,39.0613,37.8845,440,32992,0.576089,0.47,1,1566643,1566203,440
113228041,54.2123,49.9769,445,33056,0.651218,0.47,1,1566701,1566256,445
113230961,34.8425,33.9954,445,33120,0.698244,0.49,1,1566731,1566286,445
113233881,50.9685,49.9991,446,33184,0.691649,0.51,1,1566786,1566340,446
113236801,36.5937,35.5998,447,33248,0.73833,0.51,1,1566819,1566372,447
113239721,8.91874,8.71996,447,33312,0.747666,0.57,1,1566821,1566374,447
113242641,52.9837,50.544,450,33375,0.797533,0.53,2,1566885,1566435,450
113245561,84.1967,85.3088,448,33438,0.839507,0.53,2,1566977,1566529,448
113248481,18.4393,18.6618,448,33501,0.879901,0.57,2,1566979,1566531,448
113251401,34.0879,32.5324,450,33564,0.87198,0.61,2,1567017,1566567,450
113254321,35.6176,35.3065,450,33627,0.918396,0.57,2,1567053,1566603,450
113266001,56,55,456,33879,0.91,0.75,2,1567242,1566786,456
113409081,31,37,491,36813,0.55,1,1,1569258,1568767,491
113412001,79,86.6,483,36870,0.342,1,1,1569349,1568866,483
113414921,41.4,38.92,488,36927,0.1724,1,1,1569381,1568893,488
113417841,33.88,34.184,487,36984,0.10648,1,1,1569413,1568926,487
113420761,27.576,26.0368,489,37041,0.109296,1,1,1569439,1568950,489
113423681,32.7152,26.8074,496,37098,0.0618592,1,1,1569473,1568977,496
113426601,33.743,18.9615,513,37155,0.0203718,1,1,1569507,1568994,513
113429521,24.3486,3.79229,535,37212,0.0760744,1,1,1569529,1568994,535
113432441,38.4697,49.5585,516,37269,0.0552149,0.94,1,1569571,1569055,516
113435361,38.0939,41.1117,515,37326,0.051043,0.96,1,1569609,1569094,515
113438281,33.2188,49.0223,496,37383,0.0662086,0.83,1,1569641,1569145,496
113441201,34.6438,38.6045,495,37440,0.0532417,0.61,1,1569676,1569181,495
113444121,27.7288,44.5209,475,37496,0.0506483,0.55,1,1569702,1569227,475
113447041,64.7458,33.7042,518,37552,0.0821297,0.29,1,1569776,1569258,518
113449961,36.1492,79.5408,456,37608,0.104426,0.13,1,1569805,1569349,456
113452881,30.4298,41.5082,453,37664,0.0928852,0.09,1,1569834,1569381,453
113455801,28.486,33.9016,449,37720,0.074577,0.11,1,1569862,1569413,449
113458721,37.6972,27.5803,463,37776,0.0549154,0.05,1,1569902,1569439,463
113461641,32.3394,32.7161,460,37832,0.0349831,0.01,1,1569933,1569473,460
113464561,22.4679,33.7432,446,37888,0.0469966,0.09,1,1569953,1569507,446
113467481,37.2936,24.3486,465,37944,0.0973993,0.05,1,1569994,1569529,465
113470401,38.6587,38.4697,462,38000,0.12348,0.05,1,1570033,1569571,462
113473321,32.5317,38.0939,455,38056,0.128696,0.07,1,1570064,1569609,455
113476241,35.3063,33.2188,459,38112,0.161739,0.05,1,1570100,1569641,459
113479161,27.0613,34.6438,449,38167,0.168348,0.05,1,1570125,1569676,449
113482081,67.0123,27.7288,500,38222,0.21767,0.09,1,1570202,1569702,500
113485001,35.8024,64.7458,454,38277,0.275534,0.11,1,1570230,1569776,454
113487921,27.9605,36.1492,451,38332,0.255107,0.09,1,1570256,1569805,451
113490841,27.1921,30.4298,449,38387,0.283021,0.07,1,1570283,1569834,449
113493761,39.0384,28.486,463,38442,0.224604,0.05,1,1570325,1569862,463
113496681,33.4077,37.6972,455,38497,0.228921,0.03,1,1570357,1569902,455
113499601,23.4815,32.3394,445,38552,0.245784,0.05,1,1570378,1569933,445
113502521,38.2963,22.4679,467,38607,0.217157,0.11,1,1570420,1569953,467
113505441,9.25926,37.2936,428,38662,0.211431,0.13,1,1570422,1569994,428
113508361,33.0519,38.6587,428,38717,0.258286,0.13,1,1570461,1570033,428
113511281,33.0104,32.5317,430,38772,0.251657,0.17,1,1570494,1570064,430
113514201,36.2021,35.3063,431,38826,0.266331,0.17,1,1570531,1570100,431
113517121,28.8404,27.0613,433,38880,0.317266,0.23,1,1570558,1570125,433
113520041,69.7681,67.0123,436,38934,0.343453,0.29,1,1570638,1570202,436
113522961,34.7536,35.8024,434,38988,0.396691,0.25,1,1570664,1570230,434
113525881,27.7507,27.9605,434,39042,0.375338,0.29,1,1570690,1570256,434
113528801,27.1501,27.1921,434,39096,0.387068,0.21,1,1570717,1570283,434
113531721,37.43,39.0384,432,39150,0.453414,0.23,1,1570757,1570325,432
113534641,33.886,33.4077,433,39204,0.482683,0.25,1,1570790,1570357,433
113537561,22.7772,23.4815,432,39258,0.488537,0.21,1,1570810,1570378,432
113540481,38.1554,38.2963,432,39312,0.457707,0.21,1,1570852,1570420,432
113543401,9.23109,9.25926,432,39366,0.451541,0.27,1,1570854,1570422,432
113546321,34.6462,33.0519,434,39420,0.498308,0.25,1,1570895,1570461,434
113549241,33.3292,33.0104,434,39474,0.571662,0.27,1,1570928,1570494,434
113552161,37.8658,36.2021,436,39528,0.570332,0.33,1,1570967,1570531,436
113555081,30.7732,28.8404,438,39581,0.554066,0.35,1,1570996,1570558,438
113558001,70.9546,69.7681,439,39634,0.566813,0.41,1,1571077,1570638,439
113560921,35.7909,34.7536,440,39687,0.601363,0.37,1,1571104,1570664,440
113563841,27.9582,27.7507,440,39740,0.608272,0.39,1,1571130,1570690,440
113566761,28.7916,27.1501,442,39793,0.657655,0.47,1,1571159,1570717,442
113569681,38.5583,37.43,443,39846,0.667531,0.49,1,1571200,1570757,443
113572601,34.9117,33.886,444,39899,0.685506,0.49,1,1571234,1570790,444
113575521,22.9823,22.7772,444,39952,0.673101,0.45,1,1571254,1570810,444
113578441,38.9965,38.1554,445,40005,0.68662,0.45,1,1571297,1570852,445
113581361,9.39929,9.23109,445,40058,0.689324,0.45,1,1571299,1570854,445
113584281,34.6799,1.84622,486,40111,0.641865,0.51,1,1571340,1570854,486
113587201,35.736,33.1692,481,40164,0.680373,0.59,1,1571376,1570895,481
113590121,37.5472,33.0338,486,40217,0.688075,0.57,1,1571414,1570928,486
113593041,31.5094,37.8068,477,40270,0.705615,0.55,1,1571444,1570967,477
113595961,71.9019,30.7614,530,40322,0.725123,0.57,1,1571526,1570996,530
113598881,37.5804,70.9523,478,40374,0.761025,0.61,2,1571555,1571077,478
113601801,28.3161,35.7905,477,40426,0.800205,0.61,2,1571581,1571104,477
113604721,29.6632,27.9581,481,40478,0.776041,0.67,2,1571611,1571130,481
113607641,39.5326,28.7916,494,40530,0.739208,0.67,1,1571653,1571159,494
113610561,35.1065,38.5583,487,40582,0.747842,0.69,1,1571687,1571200,487
113613481,23.8213,34.9117,474,40634,0.733568,0.67,1,1571708,1571234,474
113616401,38.3643,22.9823,496,40686,0.730714,0.69,1,1571750,1571254,496
113619321,9.27285,38.9965,455,40738,0.730143,0.69,1,1571752,1571297,455
113622241,35.4546,9.39929,495,40790,0.746029,0.63,1,1571794,1571299,495
113625161,36.6909,34.6799,491,40842,0.781206,0.69,2,1571831,1571340,491
113628081,37.7382,35.736,493,40894,0.820241,0.69,2,1571869,1571376,493
113631001,33.1476,37.5472,487,40946,0.828048,0.71,2,1571901,1571414,487
113633921,72.2295,31.5094,539,40998,0.84561,0.73,2,1571983,1571444,539
113636841,40.0459,71.9019,489,41049,0.897122,0.77,2,1572015,1571526,489
113639761,29.6092,37.5804,487,41100,0.891424,0.81,2,1572042,1571555,487
113642681,28.3218,28.3161,489,41151,0.890285,0.77,2,1572070,1571581,489
113645601,38.4644,29.6632,500,41202,0.890057,0.73,2,1572111,1571611,500
113648521,34.8929,39.5326,492,41253,0.938011,0.75,2,1572145,1571653,492
113817881,30,33,505,44122,0.87,1,2,1574115,1573610,505
113820801,36.4,33,510,44170,0.87,1,2,1574153,1573643,510
113823721,25.68,27.4,507,44218,0.838,1,2,1574176,1573669,507
113826641,29.936,27.08,511,44266,0.7836,1,2,1574207,1573696,511
113829561,29.9872,27.016,514,44314,0.77272,1,2,1574237,1573723,514
113832481,25.1974,31.0032,506,44362,0.818544,0.97,2,1574261,1573755,506
113835401,30.6395,29.4006,509,44410,0.859709,0.91,2,1574293,1573784,509
113838321,34.9279,34.6801,509,44457,0.835942,1,2,1574329,1573820,509
113841241,22.9856,38.936,489,44504,0.863188,1,2,1574349,1573860,489
113852921,22,27,469,44692,0.93,0.87,2,1574470,1574001,469
113855841,42.8,45.4,467,44739,0.898,0.93,2,1574518,1574051,467
113858761,37.36,36.28,469,44786,0.9396,0.87,2,1574554,1574085,469
114403341,60,69,496,24266,0.07,0.81,1,1580238,1579742,496
114406261,61.6,68.2,490,24353,0.118,0.71,1,1580300,1579810,490
114409181,47.52,54.44,483,24440,0.1276,0.47,1,1580344,1579861,483
114412101,52.704,73.288,459,24527,0.16152,0.33,1,1580398,1579939,459
114415021,70.5408,42.6576,499,24613,0.168304,0.15,1,1580473,1579974,499
114417941,38.1082,76.5315,444,24699,0.185661,0.13,1,1580503,1580059,444
114420861,20.4216,38.5063,431,24785,0.253132,0.11,1,1580519,1580088,431
114423781,73.6843,79.7013,428,24871,0.298626,0.07,1,1580606,1580178,428
114426701,60.3369,63.9403,425,24956,0.291725,0.13,1,1580663,1580238,425
114429621,64.8674,62.3881,429,25041,0.338345,0.13,1,1580729,1580300,429
114432541,47.3735,47.6776,428,25126,0.411669,0.17,1,1580772,1580344,428
114435461,52.6747,52.7355,428,25210,0.442334,0.17,1,1580826,1580398,428
114438381,72.1349,70.5471,430,25294,0.496467,0.19,1,1580903,1580473,430
114441301,39.227,38.1094,431,25378,0.523293,0.27,1,1580934,1580503,431
114444221,20.6454,20.4219,431,25461,0.528659,0.27,1,1580950,1580519,431
114447141,76.1291,4.08438,521,25544,0.529732,0.31,1,1581040,1580519,521
114450061,61.6258,70.4169,492,25627,0.561946,0.29,1,1581098,1580606,492
114452981,68.3252,59.6834,505,25710,0.504389,0.35,1,1581168,1580663,505
114455901,48.865,64.7367,483,25792,0.556878,0.43,1,1581212,1580729,483
114458821,53.773,47.3473,495,25874,0.583376,0.45,1,1581267,1580772,495
114461741,74.7546,52.6695,521,25956,0.588675,0.51,1,1581347,1580826,521
114464661,40.5509,72.1339,476,26038,0.589735,0.53,1,1581379,1580903,476
114467581,20.9102,39.2268,461,26119,0.589947,0.53,1,1581395,1580934,461
114470501,77.782,20.6454,537,26200,0.669989,0.53,1,1581487,1580950,537
114473421,63.5564,76.1291,507,26281,0.717998,0.57,1,1581547,1581040,507
114476341,67.9113,61.6258,518,26362,0.7116,0.49,1,1581616,1581098,518
114479261,49.5823,68.3252,493,26442,0.75832,0.57,2,1581661,1581168,493
114482181,54.7164,48.865,505,26522,0.799664,0.59,2,1581717,1581212,505
114485101,74.9433,53.773,530,26602,0.839933,0.59,2,1581797,1581267,530
114488021,40.5887,74.7546,482,26682,0.863986,0.59,2,1581829,1581347,482
114490941,21.7177,40.5509,467,26761,0.852797,0.59,2,1581846,1581379,467
114493861,81.1435,20.9102,547,26840,0.786559,0.69,2,1581942,1581395,547
114496781,17.8287,77.782,457,26919,0.773312,0.73,2,1581944,1581487,457
114499701,52.3657,63.5564,458,26998,0.818662,0.71,2,1582005,1581547,458
114502621,64.8731,67.9113,457,27076,0.795732,0.77,2,1582073,1581616,457
114505541,51.3746,49.5823,460,27154,0.855146,0.81,2,1582121,1581661,460
114508461,56.6749,54.7164,462,27232,0.915029,0.85,2,1582179,1581717,462
114639861,49,32,504,30534,0.79,1,2,1584501,1583997,504
114642781,34.6,36.8,497,30603,0.726,1,1,1584532,1584035,497
114645701,25.32,33.76,487,30672,0.7292,1,1,1584555,1584068,487
114648621,57.864,65.952,479,30741,0.53784,0.82,1,1584621,1584142,479
114651541,60.3728,61.9904,479,30810,0.515568,1,1,1584682,1584203,479
114654461,48.8746,44.3981,485,30879,0.511114,1,1,1584728,1584243,485
114657381,34.5749,39.2796,478,30948,0.494223,1,1,1584759,1584281,478
114660301,62.115,68.6559,471,31016,0.522845,0.95,1,1584828,1584357,471
114663221,40.423,44.9312,467,31084,0.560569,0.83,1,1584863,1584396,467
114666141,48.8846,53.7862,462,31152,0.584114,0.79,1,1584914,1584452,462
114669061,48.9769,49.9572,462,31220,0.604823,0.71,1,1584963,1584501,462
114671981,32.9954,34.7914,460,31288,0.592965,0.71,1,1584992,1584532,460
114674901,21.7991,6.95829,479,31356,0.574593,0.73,1,1585011,1584532,479
114677821,52.3598,19.7917,516,31423,0.570919,0.49,1,1585071,1584555,516
114680741,54.472,56.7583,505,31490,0.586184,0.51,1,1585126,1584621,505
114683661,48.4944,60.1517,491,31557,0.605237,0.51,1,1585173,1584682,491
114686581,36.8989,48.8303,479,31624,0.657047,0.49,1,1585207,1584728,479
114689501,60.9798,34.5661,515,31691,0.66741,0.53,1,1585274,1584759,515
114692421,40.996,62.1132,482,31758,0.685482,0.57,1,1585310,1584828,482
114695341,48.1992,40.4226,497,31825,0.705096,0.59,1,1585360,1584863,497
114698261,52.8398,48.8845,500,31891,0.741019,0.61,1,1585414,1584914,500
114701181,31.368,48.9769,477,31957,0.748204,0.59,1,1585440,1584963,477
114704101,22.2736,32.9954,468,32023,0.765641,0.57,2,1585460,1584992,468
114707021,54.0547,21.7991,511,32089,0.785128,0.57,2,1585522,1585011,511
114709941,54.0109,52.3598,505,32155,0.805026,0.59,2,1585576,1585071,505
114712861,49.2022,54.472,498,32221,0.841005,0.61,2,1585624,1585126,498
114715781,38.6404,48.4944,487,32287,0.864201,0.67,2,1585660,1585173,487
114718701,62.9281,36.8989,522,32353,0.85284,0.67,2,1585729,1585207,522
114721621,41.3856,60.9798,491,32418,0.898568,0.69,2,1585765,1585274,491
114724541,49.0771,40.996,506,32483,0.907714,0.71,2,1585816,1585310,506
114727461,54.6154,48.1992,512,32548,0.877543,0.75,2,1585872,1585360,512
114730381,32.5231,52.8398,485,32613,0.887509,0.75,2,1585899,1585414,485
114733301,22.5046,31.368,479,32678,0.889502,0.77,2,1585919,1585440,479
114736221,54.9009,22.2736,522,32743,0.8739,0.79,2,1585982,1585460,522
114739141,12.5802,54.0547,462,32808,0.87078,0.81,2,1585984,1585522,462
114742061,45.716,54.0109,462,32872,0.918156,0.85,2,1586038,1585576,462
114744981,49.9432,49.2022,465,32936,0.927631,0.87,2,1586089,1585624,465
114747901,38.7886,38.6404,465,33000,0.929526,0.85,2,1586125,1585660,465
114750821,63.7577,62.9281,466,33064,0.913905,0.91,2,1586195,1585729,466
114888061,79,70,495,35946,0.59,1,1,1588210,1587715,495
114890981,45.4,44.4,494,36005,0.526,1,1,1588247,1587753,494
114893901,39.48,46.48,485,36064,0.4652,1,1,1588285,1587800,485
114896821,36.696,28.496,497,36123,0.42104,1,1,1588321,1587824,497
114899741,37.7392,36.0992,497,36182,0.396208,1,1,1588359,1587862,497
114902661,30.7478,40.0198,485,36240,0.327242,0.96,1,1588388,1587903,485
114905581,32.5496,38.404,480,36298,0.265448,0.96,1,1588421,1587941,480
114908501,31.3099,34.0808,478,36356,0.28509,1,1,1588452,1587974,478
114911421,33.462,35.6162,476,36414,0.337018,0.95,1,1588486,1588010,476
114914341,23.4924,29.5232,469,36472,0.283404,0.89,1,1588507,1588038,469
114917261,47.0985,50.7046,466,36530,0.224681,0.85,1,1588560,1588094,466
114920181,35.0197,39.7409,461,36588,0.212936,0.59,1,1588592,1588131,461
114923101,62.2039,71.1482,451,36646,0.194587,0.51,1,1588661,1588210,451
114926021,38.8408,43.8296,447,36704,0.206917,0.45,1,1588694,1588247,447
114928941,34.1682,39.1659,442,36762,0.193383,0.41,1,1588727,1588285,442
114931861,38.0336,36.6332,445,36819,0.254677,0.39,1,1588766,1588321,445
114934781,35.6067,37.7266,442,36876,0.250935,0.31,1,1588801,1588359,442
114937701,27.9213,30.7453,439,36933,0.314187,0.25,1,1588827,1588388,439
114940621,31.1843,32.5491,438,36990,0.294837,0.29,1,1588859,1588421,438
114943541,27.8369,31.3098,434,37047,0.306967,0.35,1,1588886,1588452,434
114946461,34.3674,33.462,436,37104,0.309393,0.27,1,1588922,1588486,436
114949381,19.6735,23.4924,431,37161,0.325879,0.27,1,1588938,1588507,431
114952301,46.3347,4.69848,484,37218,0.361176,0.21,1,1588991,1588507,484
114955221,34.0669,43.3397,462,37275,0.384235,0.21,1,1589022,1588560,462
114958141,62.8134,34.2679,500,37332,0.356847,0.19,1,1589092,1588592,500
114961061,38.1627,62.0536,463,37389,0.383369,0.21,1,1589124,1588661,463
114963981,34.8325,38.8107,464,37446,0.356674,0.19,1,1589158,1588694,464
114966901,37.3665,34.1621,469,37502,0.399335,0.27,1,1589196,1588727,469
114969821,39.4733,38.0324,470,37558,0.455867,0.25,1,1589236,1588766,470
114972741,28.6947,35.6065,461,37614,0.499173,0.33,1,1589262,1588801,461
114975661,29.7389,27.9213,465,37670,0.507835,0.29,1,1589292,1588827,465
114978581,28.3478,31.1843,461,37726,0.509567,0.31,1,1589320,1588859,461
114981501,36.8696,27.8369,473,37782,0.525913,0.31,1,1589359,1588886,473
114984421,20.1739,34.3674,453,37838,0.529183,0.33,1,1589375,1588922,453
114987341,48.0348,19.6735,492,37894,0.593837,0.37,1,1589430,1588938,492
114990261,33.607,46.3347,469,37950,0.606767,0.39,1,1589460,1588991,469
114993181,64.3214,34.0669,510,38006,0.625353,0.35,1,1589532,1589022,510
114996101,36.8643,62.8134,470,38062,0.645071,0.39,1,1589562,1589092,470
114999021,36.1729,38.1627,474,38118,0.649014,0.35,1,1589598,1589124,474
115001941,39.2346,34.8325,480,38173,0.649803,0.41,1,1589638,1589158,480
115004861,42.2469,37.3665,485,38228,0.665961,0.47,1,1589681,1589196,485
115007781,30.0494,39.4733,472,38283,0.717192,0.51,1,1589708,1589236,472
115010701,30.0099,28.6947,476,38338,0.743438,0.51,1,1589738,1589262,476
115013621,28.402,29.7389,474,38393,0.748688,0.51,1,1589766,1589292,474
115016541,37.6804,28.3478,486,38448,0.749738,0.53,1,1589806,1589320,486
115019461,21.1361,36.8696,464,38503,0.765948,0.53,2,1589823,1589359,464
115022381,50.6272,20.1739,506,38558,0.721189,0.61,1,1589881,1589375,506
115025301,34.1254,48.0348,481,38613,0.712238,0.61,1,1589911,1589430,481
115028221,8.42509,33.607,453,38668,0.710448,0.63,1,1589913,1589460,453
115031141,60.085,64.3214,454,38723,0.72609,0.65,1,1589986,1589532,454
115034061,36.017,36.8643,454,38778,0.697218,0.65,1,1590016,1589562,454
115036981,36.0034,36.1729,454,38832,0.739444,0.65,1,1590052,1589598,454
115039901,39.2007,39.2346,454,38886,0.763889,0.67,2,1590092,1589638,454
115042821,44.6401,42.2469,457,38940,0.752778,0.73,2,1590138,1589681,457
115045741,32.128,30.0494,459,38994,0.766556,0.75,2,1590167,1589708,459
115048661,30.4256,30.0099,459,39048,0.801311,0.75,2,1590197,1589738,459
115051581,28.4851,28.402,459,39102,0.840262,0.75,2,1590225,1589766,459
115054501,37.697,37.6804,459,39156,0.848052,0.77,2,1590265,1589806,459
115057421,20.3394,21.1361,458,39210,0.84961,0.71,2,1590281,1589823,458
115060341,49.6679,50.6272,457,39264,0.849922,0.71,2,1590338,1589881,457
115063261,33.9336,34.1254,457,39318,0.913984,0.71,2,1590368,1589911,457
115066181,8.38671,8.42509,457,39372,0.942797,0.73,2,1590370,1589913,457
115215101,37,51,487,42018,0.83,1,2,1592232,1591745,487
115218021,37.8,39,489,42068,0.814,1,2,1592270,1591781,489
115220941,39.56,31.8,499,42118,0.7308,1,1,1592310,1591811,499
115223861,35.912,42.36,489,42168,0.68216,1,1,1592345,1591856,489
115226781,31.9824,34.072,488,42218,0.640432,1,1,1592376,1591888,488
115229701,29.5965,30.0144,488,42268,0.584086,1,1,1592405,1591917,488
115232621,32.3193,28.4029,493,42318,0.476817,1,1,1592438,1591945,493
115235541,32.8639,32.8806,492,42368,0.519363,1,1,1592471,1591979,492
115238461,31.3728,38.5761,483,42418,0.495873,0.98,1,1592502,1592019,483
115241381,29.4746,34.1152,479,42468,0.411175,1,1,1592531,1592052,479
115244301,41.0949,43.623,477,42518,0.362235,0.99,1,1592575,1592098,477
115247221,33.019,39.1246,470,42568,0.336447,0.85,1,1592606,1592136,470
115250141,29.8038,33.4249,467,42618,0.379289,0.93,1,1592635,1592168,467
115253061,29.9608,28.285,470,42668,0.339858,0.83,1,1592665,1592195,470
115255981,32.3922,35.257,466,42717,0.331972,0.81,1,1592698,1592232,466
115258901,32.8784,37.4514,461,42766,0.362394,0.71,1,1592731,1592270,461
115261821,36.1757,39.4903,458,42815,0.384479,0.67,1,1592768,1592310,458
115264741,29.6351,35.8981,451,42864,0.356896,0.63,1,1592796,1592345,451
115267661,30.727,31.9796,451,42913,0.399379,0.57,1,1592827,1592376,451
115270581,27.7454,29.5959,449,42962,0.359876,0.45,1,1592854,1592405,449
115273501,27.9491,32.3192,444,43011,0.383975,0.45,1,1592882,1592438,444
115276421,29.5898,6.46384,474,43060,0.404795,0.53,1,1592912,1592438,474
115279341,27.518,27.6928,468,43109,0.424959,0.49,1,1592939,1592471,468
115282261,29.5036,30.3386,467,43158,0.444992,0.39,1,1592969,1592502,467
115285181,39.5007,29.2677,480,43207,0.480998,0.35,1,1593011,1592531,480
115288101,33.5001,41.0535,468,43256,0.4882,0.33,1,1593043,1592575,468
115291021,29.9,33.0107,466,43305,0.48964,0.39,1,1593072,1592606,466
115293941,27.58,29.8021,464,43354,0.473928,0.33,1,1593099,1592635,464
115296861,35.916,29.9604,472,43403,0.534786,0.33,1,1593137,1592665,472
115299781,31.9832,32.3921,470,43452,0.626957,0.37,1,1593168,1592698,470
115302701,36.7966,32.8784,475,43501,0.661391,0.39,1,1593206,1592731,475
115305621,29.7593,36.1757,466,43550,0.668278,0.35,1,1593234,1592768,466
115308541,29.9519,29.6351,468,43598,0.669656,0.41,1,1593264,1592796,468
115311461,26.7904,30.727,463,43646,0.685931,0.35,1,1593290,1592827,463
115314381,30.9581,27.7454,468,43694,0.657186,0.39,1,1593322,1592854,468
115317301,32.5916,27.9491,473,43742,0.635437,0.41,1,1593355,1592882,473
115320221,28.1183,29.5898,470,43790,0.663087,0.43,1,1593382,1592912,470
115323141,29.6237,27.518,473,43838,0.652618,0.45,1,1593412,1592939,473
115326061,41.1247,29.5036,487,43886,0.650523,0.49,1,1593456,1592969,487
115328981,33.8249,39.5007,477,43934,0.682105,0.49,1,1593488,1593011,477
115331901,29.965,33.5001,474,43982,0.704421,0.49,1,1593517,1593043,474
115334821,28.393,29.9,473,44030,0.724884,0.47,1,1593545,1593072,473
115337741,39.2786,27.58,488,44078,0.728977,0.55,1,1593587,1593099,488
115340661,35.0557,35.916,484,44126,0.777795,0.65,2,1593621,1593137,484
115343581,38.2111,31.9832,492,44174,0.803559,0.67,2,1593660,1593168,492
115346501,30.0422,36.7966,482,44222,0.808712,0.67,2,1593688,1593206,482
115349421,30.0084,29.7593,484,44270,0.825742,0.67,2,1593718,1593234,484
115352341,27.6017,29.9519,481,44318,0.813148,0.69,2,1593745,1593264,481
115355261,29.5203,26.7904,485,44366,0.81063,0.65,2,1593775,1593290,485
115358181,31.5041,30.9581,485,44414,0.810126,0.63,2,1593807,1593322,485
115361101,27.9008,32.5916,479,44461,0.842025,0.67,2,1593834,1593355,479
115364021,7.18016,28.1183,454,44508,0.848405,0.65,2,1593836,1593382,454
115366941,25.436,29.6237,454,44555,0.865681,0.65,2,1593866,1593412,454
115369861,41.0872,41.1247,455,44602,0.917136,0.69,2,1593911,1593456,455
115372781,34.6174,33.8249,456,44649,0.879427,0.71,2,1593944,1593488,456
115375701,30.9235,29.965,457,44696,0.903885,0.73,2,1593974,1593517,457
115378621,29.3847,28.393,458,44743,0.940777,0.73,2,1594003,1593545,458
115381541,41.0769,39.2786,460,44790,0.932155,0.79,2,1594047,1593587,460
115384461,36.2154,35.0557,461,44837,0.882431,0.81,2,1594082,1593621,461
115387381,39.2431,38.2111,462,44884,0.920486,0.81,2,1594122,1593660,462
115600541,88,96,502,22093,0.05,0.65,1,1596505,1596003,502
115603461,61.6,76,486,22189,0.05,0.53,1,1596560,1596074,486
115606381,65.12,79.2,472,22285,0.05,0.35,1,1596626,1596154,472
115609301,57.024,74.24,454,22380,0.05,0.15,1,1596681,1596227,454
115612221,57.8048,70.048,443,22475,0.114,0.13,1,1596739,1596296,443
115615141,35.561,41.2096,439,22569,0.1588,0.11,1,1596769,1596330,439
115618061,63.1122,24.2419,489,22663,0.11976,0.05,1,1596839,1596350,489
115620981,84.6224,58.4484,512,22757,0.063952,0.05,1,1596929,1596417,512
115623901,59.3245,82.0897,477,22850,0.0527904,0.05,1,1596982,1596505,477
115626821,67.0649,60.4179,491,22943,0.162558,0.05,1,1597051,1596560,491
115629741,58.213,64.8836,481,23035,0.216512,0.05,1,1597107,1596626,481
115632661,58.8426,56.9767,485,23127,0.243302,0.13,1,1597166,1596681,485
115635581,37.3685,57.7953,459,23219,0.24866,0.17,1,1597198,1596739,459
115638501,59.4737,35.5591,494,23310,0.249732,0.11,1,1597263,1596769,494
115641421,84.6947,63.1118,515,23401,0.233946,0.05,1,1597354,1596839,515
115644341,59.3389,84.6224,478,23492,0.246789,0.05,1,1597407,1596929,478
115647261,71.8678,59.3245,500,23582,0.281358,0.19,1,1597482,1596982,500
115650181,59.9736,67.0649,488,23672,0.320272,0.23,1,1597539,1597051,488
115653101,59.9947,58.213,492,23762,0.376054,0.25,1,1597599,1597107,492
115656021,37.5989,58.8426,465,23851,0.387211,0.25,1,1597631,1597166,465
115658941,60.3198,37.3685,499,23940,0.373442,0.25,1,1597697,1597198,499
115661861,13.664,59.4737,436,24029,0.402688,0.23,1,1597699,1597263,436
115664781,73.1328,84.6947,433,24117,0.424538,0.25,1,1597787,1597354,433
115667701,59.4266,59.3389,436,24205,0.460908,0.29,1,1597843,1597407,436
115670621,71.8853,71.8678,436,24293,0.484182,0.33,1,1597918,1597482,436
115673541,62.3771,59.9736,439,24380,0.472836,0.39,1,1597978,1597539,439
115676461,62.0754,59.9947,441,24467,0.454567,0.39,1,1598040,1597599,441
115679381,38.0151,37.5989,441,24554,0.434913,0.37,1,1598072,1597631,441
115682301,61.203,60.3198,442,24640,0.478983,0.41,1,1598139,1597697,442
115685221,13.8406,13.664,442,24726,0.487797,0.43,1,1598141,1597699,442
115688141,73.9681,73.1328,443,24812,0.521559,0.47,1,1598230,1597787,443
115691061,59.5936,59.4266,443,24897,0.608312,0.49,1,1598286,1597843,443
115693981,72.7187,71.8853,444,24982,0.641662,0.47,1,1598362,1597918,444
115696901,61.7437,62.3771,443,25067,0.648332,0.45,1,1598421,1597978,443
115699821,61.1487,62.0754,442,25152,0.697666,0.43,1,1598482,1598040,442
115702741,39.4297,38.0151,444,25236,0.739533,0.49,1,1598516,1598072,444
115705661,63.8859,61.203,447,25320,0.763907,0.49,2,1598586,1598139,447
115708581,14.3772,13.8406,447,25404,0.768781,0.53,2,1598588,1598141,447
115711501,74.8754,73.9681,448,25487,0.801756,0.53,2,1598678,1598230,448
115714421,61.3751,14.7936,506,25570,0.808351,0.63,2,1598736,1598230,506
115717341,73.875,47.7587,527,25653,0.84167,0.65,2,1598813,1598286,527
115720261,61.975,70.3517,510,25736,0.880334,0.65,2,1598872,1598362,510
115842901,31,55,499,28992,0.83,1,2,1601128,1600629,499
115845821,54.2,38.2,525,29065,0.782,1,2,1601188,1600663,525
115848741,58.04,44.44,538,29138,0.5324,1,1,1601247,1600709,538
115851661,71.608,60.888,548,29211,0.40248,1,1,1601322,1600774,548
115854581,39.9216,72.1776,505,29283,0.296496,1,1,1601354,1600849,505
115857501,65.5843,36.8355,549,29355,0.115299,1,1,1601426,1600877,549
115860421,36.3169,62.5671,509,29427,0.0630598,1,1,1601455,1600946,509
115863341,67.2634,40.5134,549,29499,0.036612,0.88,1,1601530,1600981,549
115866261,41.4527,68.9027,508,29571,0.0633224,0.89,1,1601565,1601057,508
115869181,30.6905,45.7805,496,29643,0.0366645,0.83,1,1601593,1601097,496
115872101,45.3381,33.9561,514,29714,0.0633329,0.77,1,1601642,1601128,514
115875021,49.8676,54.7912,505,29785,0.100667,0.47,1,1601693,1601188,505
115877941,11.5735,58.1582,448,29856,0.108133,0.37,1,1601695,1601247,448
115880861,47.9147,71.6316,430,29927,0.125627,0.27,1,1601752,1601322,430
115883781,34.3829,39.9263,429,29998,0.193125,0.07,1,1601783,1601354,429
115886701,61.2766,65.5853,425,30069,0.206625,0.05,1,1601851,1601426,425
115889621,37.0553,36.3171,427,30139,0.193325,0.03,1,1601882,1601455,427
115892541,65.8111,67.2634,425,30209,0.222665,0.07,1,1601955,1601530,425
115895461,41.1622,41.4527,425,30279,0.180533,0.03,1,1601990,1601565,425
115898381,29.0324,30.6905,423,30349,0.220107,0.07,1,1602016,1601593,423
115901301,48.2065,45.3381,427,30419,0.244021,0.11,1,1602069,1601642,427
115904221,50.4413,49.8676,427,30489,0.264804,0.11,1,1602120,1601693,427
115907141,11.6883,11.5735,427,30558,0.268961,0.13,1,1602122,1601695,427
115910061,48.7377,47.9147,428,30627,0.301792,0.21,1,1602180,1601752,428
115912981,36.1475,34.3829,430,30696,0.340358,0.21,1,1602213,1601783,430
115915901,61.6295,61.2766,430,30765,0.332072,0.19,1,1602281,1601851,430
115918821,36.3259,37.0553,429,30834,0.394414,0.23,1,1602311,1601882,429
115921741,67.2652,65.8111,431,30903,0.486883,0.17,1,1602386,1601955,431
115924661,41.453,41.1622,431,30971,0.489377,0.23,1,1602421,1601990,431
115927581,29.0906,29.0324,431,31039,0.489875,0.25,1,1602447,1602016,431
115930501,49.0181,48.2065,432,31107,0.505975,0.27,1,1602501,1602069,432
115933421,51.4036,50.4413,433,31175,0.493195,0.27,1,1602553,1602120,433
115936341,11.8807,11.6883,433,31243,0.522639,0.31,1,1602555,1602122,433
115939261,50.3761,48.7377,435,31311,0.544528,0.31,1,1602615,1602180,435
115942181,37.2752,9.74753,469,31379,0.532906,0.35,1,1602649,1602180,469
115945101,62.655,28.3495,505,31446,0.562581,0.33,1,1602718,1602213,505
115948021,38.131,60.0699,469,31513,0.600516,0.41,1,1602750,1602281,469
115950941,71.6262,36.014,519,31580,0.640103,0.51,1,1602830,1602311,519
115953861,41.5252,67.2028,478,31647,0.648021,0.49,1,1602864,1602386,478
115956781,29.105,41.4406,469,31714,0.649604,0.49,1,1602890,1602421,469
115959701,49.821,29.0881,498,31781,0.681921,0.51,1,1602945,1602447,498
115962621,52.3642,49.0176,497,31848,0.688384,0.49,1,1602998,1602501,497
115965541,12.0728,51.4035,447,31914,0.689677,0.53,1,1603000,1602553,447
115968461,51.2146,11.8807,506,31980,0.689935,0.55,1,1603061,1602555,506
115971381,38.2429,50.3761,481,32046,0.705987,0.53,1,1603096,1602615,481
115974301,64.4486,37.2752,518,32112,0.661197,0.57,1,1603167,1602649,518
115977221,40.0897,62.655,483,32178,0.66824,0.61,1,1603201,1602718,483
115980141,73.6179,38.131,533,32244,0.701648,0.65,1,1603283,1602750,533
115983061,41.9236,71.6262,487,32310,0.74033,0.65,1,1603317,1602830,487
115985981,29.1847,41.5252,479,32375,0.764066,0.65,2,1603343,1602864,479
115988901,51.4369,29.105,510,32440,0.784813,0.69,2,1603400,1602890,510
115991821,52.6874,49.821,508,32505,0.820963,0.69,2,1603453,1602945,508
115994741,12.1375,52.3642,457,32570,0.828193,0.69,2,1603455,1602998,457
115997661,51.2275,12.0728,516,32635,0.861638,0.69,2,1603516,1603000,516
116000581,39.0455,51.2146,491,32700,0.868328,0.71,2,1603552,1603061,491
116003501,62.2091,38.2429,524,32765,0.885666,0.65,2,1603620,1603096,524
116006421,14.0418,64.4486,455,32830,0.889133,0.67,2,1603622,1603167,455
116009341,30.0084,40.0897,455,32894,0.905827,0.71,2,1603656,1603201,455
116131981,56,26,539,35493,0.81,1,2,1605496,1604957,539
116134901,37.6,67.6,494,35553,0.746,1,1,1605529,1605035,494
116137821,32.32,27.12,508,35612,0.6372,1,1,1605560,1605052,508
116140741,45.664,25.424,532,35671,0.56744,1,1,1605609,1605077,532
116143661,31.5328,57.8848,494,35730,0.457488,1,1,1605637,1605143,494
116146581,45.5066,58.777,484,35789,0.467498,1,1,1605686,1605202,484
116149501,32.3013,34.1554,485,35848,0.4535,1,1,1605715,1605230,485
116152421,35.2603,40.4311,479,35907,0.4827,1,1,1605751,1605272,479
116155341,52.6521,59.2862,472,35966,0.45654,1,1,1605808,1605336,472
116158261,30.5304,30.2572,474,36025,0.387308,0.95,1,1605833,1605359,474
116161181,27.7061,32.4514,468,36084,0.357462,0.91,1,1605860,1605392,468
116164101,41.5412,44.8903,465,36143,0.335492,0.81,1,1605905,1605440,465
116167021,48.3082,53.7781,459,36201,0.363098,0.73,1,1605955,1605496,459
116169941,34.4616,37.1556,457,36259,0.33662,0.61,1,1605986,1605529,457
116172861,30.0923,32.2311,455,36317,0.363324,0.55,1,1606015,1605560,455
116175781,37.2185,45.6462,445,36375,0.352665,0.43,1,1606054,1605609,445
116178701,30.6437,31.5292,446,36433,0.366533,0.47,1,1606083,1605637,446
116181621,43.7287,45.5058,444,36491,0.353307,0.45,1,1606130,1605686,444
116184541,32.7457,32.3012,445,36549,0.414661,0.49,1,1606160,1605715,445
116187461,33.7491,35.2602,443,36607,0.458932,0.45,1,1606194,1605751,443
116190381,51.5498,52.652,442,36665,0.483786,0.37,1,1606250,1605808,442
116193301,27.11,30.5304,438,36723,0.440757,0.35,1,1606271,1605833,438
116196221,27.022,27.7061,438,36781,0.480151,0.33,1,1606298,1605860,438
116199141,40.6044,41.5412,437,36838,0.52003,0.37,1,1606342,1605905,437
116202061,49.7209,48.3082,439,36895,0.544006,0.33,1,1606394,1605955,439
116204981,33.9442,34.4616,438,36952,0.596801,0.37,1,1606424,1605986,438
116207901,29.9888,30.0923,438,37009,0.59136,0.35,1,1606453,1606015,438
116210821,37.9978,37.2185,439,37066,0.622272,0.37,1,1606493,1606054,439
116213741,29.9996,30.6437,438,37123,0.596454,0.35,1,1606521,1606083,438
116216661,46.7999,43.7287,442,37180,0.623291,0.35,1,1606572,1606130,442
116219581,33.36,8.74575,472,37237,0.628658,0.43,1,1606602,1606130,472
116222501,33.872,25.7491,476,37294,0.709732,0.47,1,1606636,1606160,476
116225421,52.3744,32.3498,499,37351,0.709946,0.49,1,1606693,1606194,499
116228341,26.4749,51.27,463,37408,0.709989,0.43,1,1606713,1606250,463
116231261,29.295,27.054,472,37464,0.741998,0.49,1,1606743,1606271,472
116234181,41.059,27.0108,489,37520,0.7484,0.53,1,1606787,1606298,489
116237101,53.0118,40.6022,501,37576,0.76568,0.55,2,1606843,1606342,501
116240021,34.6024,49.7204,479,37632,0.801136,0.61,2,1606873,1606394,479
116242941,30.9205,33.9441,479,37688,0.824227,0.59,2,1606903,1606424,479
116245861,38.1841,29.9888,490,37744,0.828845,0.63,2,1606943,1606453,490
116248781,30.0368,37.9978,478,37800,0.845769,0.59,2,1606971,1606493,478
116251701,48.4074,29.9996,503,37856,0.833154,0.63,2,1607024,1606521,503
116254621,35.2815,46.7999,484,37912,0.830631,0.63,2,1607056,1606572,484
116257541,36.6563,33.36,491,37968,0.798126,0.73,2,1607093,1606602,491
116260461,52.1313,33.872,513,38024,0.807625,0.71,2,1607149,1606636,513
116263381,26.4263,52.3744,476,38080,0.809525,0.71,2,1607169,1606693,476
116266301,30.8853,26.4749,488,38135,0.809905,0.75,2,1607201,1606713,488
116269221,41.3771,29.295,502,38190,0.841981,0.75,2,1607245,1606743,502
116272141,53.8754,41.059,515,38245,0.880396,0.77,2,1607302,1606787,515
116275061,37.1751,53.0118,492,38300,0.888079,0.81,2,1607335,1606843,492
116277981,31.435,34.6024,492,38355,0.905616,0.83,2,1607365,1606873,492
116289661,30,53,492,38575,0.93,0.83,2,1607516,1607024,492
116292581,7.6,36.2,462,38630,0.93,0.79,2,1607518,1607056,462
116444421,36,36,517,41376,0.86,1,2,1609467,1608950,517
116447341,29.6,32,514,41427,0.828,1,2,1609495,1608981,514
116450261,28.32,28.8,514,41478,0.7976,1,2,1609523,1609009,514
116453181,32.864,27.36,521,41529,0.74352,1,1,1609557,1609036,521
116456101,23.3728,33.472,507,41580,0.684704,1,1,1609578,1609071,507
116459021,7.87456,29.8944,482,41631,0.688941,1,1,1609582,1609100,482
116461941,46.3749,36.3789,500,41682,0.497788,1,1,1609638,1609138,500
116464861,38.875,36.0758,501,41733,0.443558,1,1,1609675,1609174,501
116467781,28.575,37.6152,489,41784,0.432712,1,1,1609701,1609212,489
116470701,50.515,49.923,492,41835,0.478542,1,1,1609757,1609265,492
116473621,36.503,40.3846,487,41885,0.487708,1,1,1609790,1609303,487
116476541,22.5006,34.4769,473,41935,0.409542,0.96,1,1609809,1609336,473
116479461,55.7001,52.4954,480,41985,0.473908,0.88,1,1609873,1609393,480
116482381,33.54,40.8991,470,42035,0.454782,0.86,1,1609901,1609431,470
116485301,32.308,36.9798,466,42085,0.482956,0.82,1,1609933,1609467,466
116488221,27.2616,29.796,464,42135,0.504591,0.79,1,1609959,1609495,464
116491141,23.8523,28.3592,459,42185,0.540918,0.73,1,1609982,1609523,459
116494061,31.1705,32.8718,458,42235,0.532184,0.67,1,1610015,1609557,458
116496981,16.6341,23.3744,450,42285,0.514437,0.69,1,1610028,1609578,450
116499901,7.32682,7.87487,451,42335,0.526887,0.45,1,1610033,1609582,451
116502821,39.8654,46.375,443,42385,0.545377,0.43,1,1610081,1609638,443
116505741,36.7731,38.875,442,42435,0.597075,0.43,1,1610117,1609675,442
116508661,26.5546,28.575,440,42485,0.575415,0.49,1,1610141,1609701,440
116511581,53.3109,50.515,444,42535,0.683083,0.49,1,1610201,1609757,444
116514501,38.6622,36.503,446,42585,0.704617,0.39,1,1610236,1609790,446
116517421,22.1324,22.5006,445,42635,0.724923,0.49,1,1610254,1609809,445
116520341,56.4265,55.7001,446,42684,0.696985,0.45,1,1610319,1609873,446
116523261,33.6853,33.54,446,42733,0.755397,0.49,2,1610347,1609901,446
116526181,30.7371,32.308,444,42782,0.767079,0.51,2,1610377,1609933,444
116529101,29.3474,27.2616,447,42831,0.753416,0.55,2,1610406,1609959,447
116532021,24.2695,23.8523,447,42880,0.766683,0.53,2,1610429,1609982,447
116534941,30.4539,31.1705,446,42929,0.785337,0.51,2,1610461,1610015,446
116537861,17.2908,16.6341,447,42978,0.821067,0.53,2,1610475,1610028,447
116540781,8.25816,7.32682,448,43027,0.828214,0.53,2,1610481,1610033,448
116543701,39.2516,1.46536,495,43076,0.781643,0.55,2,1610528,1610033,495
116546621,36.6503,38.6931,483,43125,0.820329,0.61,2,1610564,1610081,483
116549541,27.3301,36.5386,472,43174,0.812066,0.57,2,1610589,1610117,472
116552461,58.266,26.5077,514,43223,0.826413,0.71,2,1610655,1610141,514
116555381,39.6532,53.3015,489,43272,0.861283,0.71,2,1610690,1610201,489
116558301,23.1306,38.6603,473,43321,0.884257,0.73,2,1610709,1610236,473
116561221,57.4261,22.1321,521,43370,0.904851,0.69,2,1610775,1610254,521
116564141,34.6852,56.4264,485,43419,0.94097,0.77,2,1610804,1610319,485
116771461,105,69,531,21270,0.35,0.87,1,1613156,1612625,531
116774381,85.8,108.2,494,21370,0.43,0.57,1,1613237,1612743,494
116777301,64.36,77.64,483,21469,0.494,0.55,1,1613296,1612813,483
116780221,56.872,66.728,474,21568,0.5868,0.49,1,1613351,1612877,474
116783141,74.5744,66.9456,486,21666,0.54136,0.39,1,1613430,1612944,486
116786061,32.5149,62.1891,447,21764,0.564272,0.41,1,1613452,1613005,447
116788981,35.303,37.2378,452,21861,0.536854,0.35,1,1613488,1613036,452
116791901,93.4606,103.448,440,21958,0.595371,0.45,1,1613596,1613156,440
116794821,87.4921,85.4895,445,22055,0.607074,0.51,1,1613682,1613237,445
116797741,66.2984,64.2979,447,22151,0.625415,0.61,1,1613743,1613296,447
116800661,59.6597,56.8596,450,22247,0.629083,0.53,1,1613801,1613351,450
116803581,75.1319,74.5719,450,22342,0.677817,0.57,1,1613880,1613430,450
116806501,32.6264,32.5144,450,22437,0.655563,0.53,1,1613902,1613452,450
116809421,35.3253,35.3029,450,22532,0.683113,0.53,1,1613938,1613488,450
116812341,92.6651,7.06058,557,22626,0.688623,0.61,1,1614045,1613488,557
116815261,87.333,87.8121,535,22720,0.705724,0.61,1,1614131,1613596,535
116818181,67.0666,86.3624,511,22813,0.757145,0.63,2,1614193,1613682,511
116821101,59.8133,66.0725,508,22906,0.847429,0.63,2,1614251,1613743,508
117078061,23,39,504,29966,0.91,1,2,1619198,1618694,504
117080981,58.2,75.8,486,30037,0.894,1,2,1619265,1618779,486
117224061,46,36,495,33312,0.89,1,2,1621577,1621082,495
117226981,39.6,33.6,500,33375,0.842,1,2,1621615,1621115,500
117229901,36.72,31.52,505,33438,0.7524,1,2,1621651,1621146,505
117232821,22.544,35.104,488,33501,0.75048,1,2,1621670,1621182,488
117235741,46.9088,45.4208,493,33564,0.606096,1,1,1621723,1621230,493
117238661,31.7818,40.2842,482,33627,0.673219,1,1,1621751,1621269,482
117241581,35.1564,35.2568,484,33690,0.590644,1,1,1621787,1621303,484
117244501,67.8313,67.8514,484,33753,0.446129,1,1,1621863,1621379,484
117247421,40.7663,43.1703,481,33816,0.417226,0.93,1,1621897,1621416,481
117250341,64.1533,71.0341,473,33879,0.347445,0.91,1,1621967,1621494,473
117253261,40.8306,43.8068,471,33941,0.381489,0.89,1,1622002,1621531,471
117256181,36.9661,45.5614,461,34003,0.324298,0.83,1,1622038,1621577,461
117259101,35.3932,39.5123,458,34065,0.29686,0.73,1,1622073,1621615,458
117262021,35.8786,36.7025,458,34127,0.275372,0.75,1,1622109,1621651,458
117264941,20.7757,22.5405,456,34189,0.271074,0.57,1,1622126,1621670,456
117267861,39.3551,46.9081,447,34251,0.254215,0.57,1,1622170,1621723,447
117270781,31.871,9.38162,477,34313,0.218843,0.69,1,1622200,1621723,477
117273701,33.5742,24.2763,483,34375,0.179769,0.57,1,1622234,1621751,483
117276621,64.3148,33.6553,519,34437,0.219954,0.41,1,1622306,1621787,519
117279541,39.263,67.5311,476,34498,0.275991,0.41,1,1622339,1621863,476
117282461,59.8526,40.7062,507,34559,0.239198,0.33,1,1622404,1621897,507
117285381,40.7705,64.1412,473,34620,0.26384,0.39,1,1622440,1621967,473
117288301,35.3541,40.8282,472,34681,0.300768,0.31,1,1622474,1622002,472
117291221,33.4708,36.9657,469,34742,0.324154,0.29,1,1622507,1622038,469
117294141,34.6942,35.3931,469,34803,0.360831,0.27,1,1622542,1622073,469
117297061,20.5388,35.8786,450,34864,0.352166,0.27,1,1622559,1622109,450
117299981,37.7078,20.7757,475,34925,0.350433,0.25,1,1622601,1622126,475
117302901,28.3416,39.3551,457,34986,0.350087,0.21,1,1622627,1622170,457
117305821,34.4683,31.871,463,35046,0.414017,0.17,1,1622663,1622200,463
117308741,65.2937,33.5742,502,35106,0.410803,0.23,1,1622736,1622234,502
117311661,41.8587,64.3148,466,35166,0.426161,0.29,1,1622772,1622306,466
117314581,60.3717,39.263,498,35226,0.413232,0.23,1,1622837,1622339,498
117317501,42.4743,59.8526,471,35286,0.426646,0.27,1,1622875,1622404,471
117320421,36.4949,40.7705,470,35346,0.445329,0.31,1,1622910,1622440,470
117323341,34.499,35.3541,470,35406,0.449066,0.33,1,1622944,1622474,470
117326261,34.8998,33.4708,472,35466,0.497813,0.37,1,1622979,1622507,472
117329181,21.38,34.6942,455,35526,0.507563,0.35,1,1622997,1622542,455
117332101,37.876,20.5388,480,35586,0.525513,0.35,1,1623039,1622559,480
117335021,28.3752,37.7078,464,35645,0.529103,0.35,1,1623065,1622601,464
117337941,7.27504,28.3416,440,35704,0.529821,0.43,1,1623067,1622627,440
117340861,32.655,34.4683,443,35763,0.577964,0.41,1,1623106,1622663,443
117343781,64.931,65.2937,443,35822,0.603593,0.43,1,1623179,1622736,443
117346701,41.7862,41.8587,443,35881,0.624719,0.41,1,1623215,1622772,443
117349621,59.5572,60.3717,442,35940,0.676944,0.43,1,1623279,1622837,442
117352541,43.1114,42.4743,443,35999,0.735389,0.45,1,1623318,1622875,443
117355461,37.4223,36.4949,444,36058,0.779078,0.45,2,1623354,1622910,444
117358381,34.6845,34.499,444,36117,0.819816,0.51,2,1623388,1622944,444
117361301,37.3369,34.8998,447,36176,0.811963,0.51,2,1623426,1622979,447
117364221,21.8674,21.38,447,36234,0.826393,0.53,2,1623444,1622997,447
117367141,38.7735,37.876,448,36292,0.861279,0.53,2,1623487,1623039,448
117370061,28.5547,28.3752,448,36350,0.836256,0.53,2,1623513,1623065,448
117372981,7.31094,7.27504,448,36408,0.831251,0.59,2,1623515,1623067,448
117375901,33.4622,32.655,449,36466,0.83025,0.61,2,1623555,1623106,449
117378821,67.4924,64.931,452,36524,0.86205,0.63,2,1623631,1623179,452
117381741,43.8985,41.7862,454,36582,0.85241,0.69,2,1623669,1623215,454
117384661,63.1797,59.5572,458,36640,0.882482,0.75,2,1623737,1623279,458
117387581,44.6359,43.1114,459,36698,0.920496,0.79,2,1623777,1623318,459
117390501,39.3272,37.4223,461,36756,0.928099,0.83,2,1623815,1623354,461
117393421,35.0654,34.6845,461,36813,0.91362,0.81,2,1623849,1623388,461
117396341,39.0131,37.3369,463,36870,0.942724,0.83,2,1623889,1623426,463
117399261,22.2026,21.8674,463,36927,0.948545,0.87,2,1623907,1623444,463
117402181,38.8405,38.7735,463,36984,0.917709,0.83,2,1623950,1623487,463
117545261,29,24,491,39687,0.67,1,1,1625823,1625332,491
117548181,38.6,35.2,494,39740,0.686,1,1,1625864,1625370,494
117551101,35.72,32.64,497,39793,0.6092,1,1,1625899,1625402,497
117554021,30.344,31.328,495,39846,0.54584,1,1,1625928,1625433,495
117556941,32.4688,29.4656,499,39899,0.485168,1,1,1625961,1625462,499
117559861,36.0938,49.0931,482,39952,0.489034,1,1,1625998,1625516,482
117562781,35.2188,43.4186,475,40005,0.457807,1,1,1626033,1625558,475
117565701,40.6438,35.0837,484,40058,0.371561,1,1,1626075,1625591,484
117568621,32.9288,7.01674,515,40111,0.354312,1,1,1626106,1625591,515
117571541,40.1858,37.4033,512,40164,0.382862,0.78,1,1626148,1625636,512
117574461,34.4371,41.8807,502,40217,0.324572,0.91,1,1626181,1625679,502
117577381,38.8874,39.5761,503,40270,0.344915,0.81,1,1626221,1625718,503
117580301,32.5775,39.9152,494,40322,0.364983,0.73,1,1626252,1625758,494
117583221,28.9155,36.783,486,40374,0.400997,0.67,1,1626280,1625794,486
117586141,31.3831,30.5566,489,40426,0.392199,0.69,1,1626312,1625823,489
117589061,33.4766,38.9113,482,40478,0.35844,0.59,1,1626346,1625864,482
117591981,27.4953,35.7823,473,40530,0.383688,0.53,1,1626372,1625899,473
117594901,32.6991,30.3565,478,40582,0.436738,0.47,1,1626406,1625928,478
117597821,35.3398,32.4713,481,40634,0.447348,0.49,1,1626442,1625961,481
117600741,32.668,36.0943,476,40686,0.417469,0.45,1,1626474,1625998,476
117603661,38.5336,35.2189,481,40738,0.443494,0.35,1,1626514,1626033,481
117606581,32.5067,40.6438,470,40790,0.400699,0.35,1,1626545,1626075,470
117609501,39.3013,32.9288,480,40842,0.44014,0.39,1,1626586,1626106,480
117612421,32.6603,40.1858,469,40894,0.448028,0.31,1,1626617,1626148,469
117615341,40.1321,34.4371,478,40946,0.513606,0.35,1,1626659,1626181,478
117618261,34.4264,38.8874,471,40998,0.542721,0.37,1,1626692,1626221,471
117621181,29.2853,32.5775,468,41049,0.516544,0.41,1,1626720,1626252,468
117624101,32.2571,28.9155,473,41100,0.479309,0.39,1,1626753,1626280,473
117627021,32.0514,31.3831,473,41151,0.535862,0.35,1,1626785,1626312,473
117629941,28.8103,33.4766,467,41202,0.515172,0.39,1,1626813,1626346,467
117632861,32.1621,27.4953,474,41253,0.495034,0.45,1,1626846,1626372,474
117635781,36.0324,32.6991,477,41304,0.539007,0.45,1,1626883,1626406,477
117638701,32.0065,35.3398,472,41355,0.547801,0.41,1,1626914,1626442,472
117641621,40.8013,32.668,483,41406,0.61356,0.45,1,1626957,1626474,483
117644541,32.1603,38.5336,473,41457,0.626712,0.39,1,1626987,1626514,473
117647461,40.0321,32.5067,484,41508,0.629342,0.45,1,1627029,1626545,484
117650381,9.60641,39.3013,445,41559,0.629869,0.45,1,1627031,1626586,445
117653301,28.3213,32.6603,447,41610,0.661974,0.53,1,1627064,1626617,447
117656221,38.4643,40.1321,446,41661,0.684395,0.55,1,1627105,1626659,446
117659141,33.2929,34.4264,445,41712,0.704879,0.51,1,1627137,1626692,445
117662061,29.0586,29.2853,445,41763,0.724976,0.47,1,1627165,1626720,445
117664981,33.0117,32.2571,446,41814,0.792995,0.55,2,1627199,1626753,446
117667901,33.0023,32.0514,447,41864,0.838599,0.51,2,1627232,1626785,447
117670821,27.4005,28.8103,445,41914,0.81572,0.49,2,1627258,1626813,445
117673741,32.6801,32.1621,446,41964,0.811144,0.55,2,1627292,1626846,446
117676661,38.536,36.0324,449,42014,0.842229,0.55,2,1627332,1626883,449
117679581,34.9072,32.0065,452,42064,0.896446,0.63,2,1627366,1626914,452
117682501,42.1814,40.8013,453,42114,0.907289,0.63,2,1627410,1626957,453
117685421,32.4363,32.1603,453,42164,0.925458,0.63,2,1627440,1626987,453
117688341,40.0873,40.0321,453,42214,0.929092,0.63,2,1627482,1627029,453
117691261,9.61745,9.60641,453,42264,0.897818,0.67,2,1627484,1627031,453
117694181,29.9235,28.3213,455,42314,0.875564,0.69,2,1627519,1627064,455
117697101,40.3847,38.4643,457,42364,0.903113,0.71,2,1627562,1627105,457
117700021,33.6769,33.2929,457,42414,0.892623,0.73,2,1627594,1627137,457
117702941,31.5354,29.0586,460,42464,0.922525,0.81,2,1627625,1627165,460
117913181,28,21,500,45903,0.61,1,1,1630043,1629543,500
117916101,28.8,17.8,512,45949,0.45,1,1,1630072,1629560,512
117919021,22.56,3.56,533,45995,0.322,1,1,1630093,1629560,533
117967201,379.712,465.512,421,20440,0.1364,0,1,1630562,1630141,421
117970121,159.942,147.502,458,21270,0.06728,0,1,1630667,1630209,458
117973041,107.988,99.1005,466,21370,0.021456,0.01,1,1630762,1630296,466
117975961,60.7977,73.4201,448,21469,0.0282912,0.05,1,1630811,1630363,448
117978881,74.5595,80.284,444,21568,0.0456582,0,1,1630889,1630445,444
117981801,61.3119,50.4568,459,21666,0.00913165,0,1,1630947,1630488,459
117984721,22.6624,40.4914,434,21764,0.00982633,0.09,1,1630960,1630526,434
117987641,22.9325,26.4983,434,21861,0.0899653,0.05,1,1630983,1630549,434
117990561,90.1865,99.6997,423,21958,0.0579931,0.01,1,1631090,1630667,423
117993481,94.0373,95.9399,423,22055,0.0195986,0.03,1,1631185,1630762,423
117996401,57.2075,58.388,422,22151,0.0439197,0.05,1,1631233,1630811,422
117999321,75.4415,74.0776,424,22247,0.0327839,0,1,1631313,1630889,424
118002241,60.6883,61.2155,423,22342,0.00655679,0.01,1,1631370,1630947,423
118005161,22.5377,22.6431,423,22437,0.00131136,0.11,1,1631383,1630960,423
118008081,24.5075,22.9286,425,22532,0.0402623,0.11,1,1631408,1630983,425
118011001,87.3015,4.58572,528,22626,0.0160525,0.05,1,1631511,1630983,528
118013921,93.4603,86.5171,516,22720,0.0272105,0.01,1,1631606,1631090,516
118016841,57.0921,93.3034,469,22813,0.0294421,0.05,1,1631654,1631185,469
118019761,76.2184,57.0607,502,22906,0.0298884,0.03,1,1631735,1631233,502
118022681,60.0437,75.4121,478,22999,0.00597768,0,1,1631791,1631313,478
118025601,22.4087,60.6824,434,23091,0.0251955,0,1,1631804,1631370,434
118028521,24.4817,22.5365,446,23183,0.0450391,0.05,1,1631829,1631383,446
118031441,88.8963,24.5073,526,23274,0.0330078,0.01,1,1631934,1631408,526
118034361,93.7793,87.3015,518,23365,0.0466016,0.03,1,1632029,1631511,518
118037281,56.3559,93.4603,470,23456,0.0333203,0.03,1,1632076,1631606,470
118040201,76.8712,57.0921,504,23546,0.0146641,0.03,1,1632158,1631654,504
118043121,60.1742,76.2184,479,23636,0.0109328,0,1,1632214,1631735,479
118046041,22.4348,60.0437,436,23726,0.0421866,0.03,1,1632227,1631791,436
118048961,25.287,22.4087,449,23815,0.0644373,0.05,1,1632253,1631804,449
118051881,86.6574,24.4817,526,23904,0.0128875,0.03,1,1632355,1631829,526
118054801,18.9315,88.8963,423,23993,0.0105775,0.05,1,1632357,1631934,423
118057721,79.7863,93.7793,423,24081,0.0261155,0.03,1,1632452,1632029,423
118060641,54.3573,56.3559,424,24169,0.0292231,0.01,1,1632500,1632076,424
118063561,75.6715,76.8712,423,24257,0.0298446,0.01,1,1632581,1632158,423
118066481,59.9343,60.1742,423,24344,0.0299689,0.05,1,1632637,1632214,423
118069401,23.1869,22.4348,424,24431,0.0619938,0.07,1,1632651,1632227,424
118072321,27.8374,25.287,427,24518,0.0123988,0,1,1632680,1632253,427
118075241,83.1675,86.6574,422,24604,0.0264798,0.01,1,1632777,1632355,422
118078161,18.2335,18.9315,422,24690,0.0292959,0.03,1,1632779,1632357,422
118081081,79.6467,79.7863,422,24776,0.0298592,0.03,1,1632874,1632452,422
118084001,55.1293,54.3573,423,24862,0.0299718,0.03,1,1632923,1632500,423
118086921,75.0259,75.6715,422,24947,0.0619944,0.03,1,1633003,1632581,422
118089841,60.6052,59.9343,423,25032,0.0363989,0.07,1,1633060,1632637,423
118092761,22.521,23.1869,422,25117,0.0472798,0,1,1633073,1632651,422
118095681,28.5042,27.8374,423,25201,0.017456,0.03,1,1633103,1632680,423
118098601,82.5008,83.1675,422,25285,0.0434912,0.03,1,1633199,1632777,422
118101521,18.1002,18.2335,422,25369,0.0486982,0.03,1,1633201,1632779,422
118104441,79.62,79.6467,422,25453,0.0497396,0.03,1,1633296,1632874,422
118107361,55.924,15.9293,472,25536,0.0499479,0.03,1,1633346,1632874,472
118110281,74.3848,42.3859,502,25619,0.0499896,0.07,1,1633425,1632923,502
118113201,60.477,72.4772,479,25702,0.0499979,0.03,1,1633482,1633003,479
118116121,21.6954,60.0954,434,25784,0.0659996,0.05,1,1633494,1633060,434
118119041,28.3391,22.4191,451,25866,0.0851999,0.01,1,1633524,1633073,451
118121961,82.4678,28.4838,517,25948,0.07304,0.05,1,1633620,1633103,517
118124881,18.0936,82.4968,423,26030,0.070608,0.05,1,1633622,1633199,423
118127801,79.6187,18.0994,516,26111,0.0541216,0.05,1,1633717,1633201,516
118130721,55.9237,79.6199,471,26192,0.0508243,0.05,1,1633767,1633296,471
118133641,75.9848,55.924,502,26273,0.0661649,0.05,1,1633848,1633346,502
118136561,61.597,74.3848,481,26354,0.117233,0.05,1,1633906,1633425,481
118139481,21.9194,60.477,436,26434,0.0954466,0.07,1,1633918,1633482,436
118142401,29.1839,21.6954,455,26514,0.107089,0.09,1,1633949,1633494,455
118145321,80.2368,28.3391,518,26594,0.0614179,0.07,1,1634042,1633524,518
118148241,17.6474,82.4678,424,26674,0.0522836,0.07,1,1634044,1633620,424
118151161,80.3295,18.0936,518,26753,0.0344567,0.05,1,1634140,1633622,518
118154081,56.0659,79.6187,473,26832,0.0308913,0.05,1,1634190,1633717,473
118157001,76.8132,55.9237,505,26911,0.0301783,0.07,1,1634272,1633767,505
118159921,16.9626,75.9848,426,26990,0.0300357,0.13,1,1634274,1633848,426
118162841,49.7925,61.597,426,27068,0.0620071,0.09,1,1634332,1633906,426
118165761,19.5585,21.9194,426,27146,0.100401,0.11,1,1634344,1633918,426
118168681,29.5117,29.1839,427,27224,0.12408,0.05,1,1634376,1633949,427
118171601,77.9023,80.2368,424,27302,0.0808161,0.05,1,1634466,1634042,424
118174521,17.1805,17.6474,424,27380,0.104163,0.03,1,1634468,1634044,424
118177441,79.4361,80.3295,423,27457,0.108833,0.03,1,1634563,1634140,423
118180361,55.8872,56.0659,423,27534,0.109767,0.03,1,1634613,1634190,423
118183281,76.7774,76.8132,423,27611,0.205953,0.03,1,1634695,1634272,423
118186201,16.9555,16.9626,423,27688,0.193191,0.07,1,1634697,1634274,423
118189121,51.3911,49.7925,425,27764,0.254638,0.11,1,1634757,1634332,425
118192041,19.8782,19.5585,425,27840,0.266928,0.13,1,1634769,1634344,425
118194961,30.3756,29.5117,426,27916,0.317386,0.07,1,1634802,1634376,426
118197881,77.2751,77.9023,425,27992,0.279477,0.11,1,1634891,1634466,425
118200801,17.055,17.1805,425,28068,0.303895,0.11,1,1634893,1634468,425
118203721,81.011,79.4361,427,28143,0.324779,0.11,1,1634990,1634563,427
118206641,56.2022,55.8872,427,28218,0.360956,0.23,1,1635040,1634613,427
118209561,80.0404,76.7774,431,28293,0.352191,0.19,1,1635126,1634695,431
118212481,17.6081,16.9555,431,28368,0.382438,0.19,1,1635128,1634697,431
118215401,53.9216,3.3911,494,28443,0.340488,0.27,1,1635191,1634697,494
118218321,20.3843,48.6782,446,28517,0.332098,0.27,1,1635203,1634757,446
118221241,31.2769,19.3356,468,28591,0.346419,0.33,1,1635237,1634769,468
118224161,76.6554,30.2671,523,28665,0.349284,0.27,1,1635325,1634802,523
118227081,16.9311,77.2534,436,28739,0.349857,0.31,1,1635327,1634891,436
118230001,83.3862,17.0507,534,28813,0.381971,0.33,1,1635427,1634893,534
118232921,56.6772,81.0101,487,28886,0.420394,0.37,1,1635477,1634990,487
118235841,80.9354,56.202,524,28959,0.460079,0.35,1,1635564,1635040,524
118238761,17.7871,80.0404,440,29032,0.484016,0.39,1,1635566,1635126,440
118241681,53.1574,17.6081,500,29105,0.536803,0.33,1,1635628,1635128,500
118244601,20.2315,53.9216,449,29178,0.547361,0.33,1,1635640,1635191,449
118247521,32.0463,20.3843,472,29251,0.565472,0.35,1,1635675,1635203,472
118250441,77.6093,31.2769,527,29323,0.601094,0.35,1,1635764,1635237,527
118253361,17.1219,76.6554,441,29395,0.576219,0.35,1,1635766,1635325,441
118256281,84.2244,16.9311,540,29467,0.619244,0.39,1,1635867,1635327,540
118259201,58.4449,83.3862,492,29539,0.643849,0.43,1,1635919,1635427,492
118262121,83.689,56.6772,532,29611,0.64877,0.47,1,1636009,1635477,532
118265041,18.3378,80.9354,447,29682,0.649754,0.49,1,1636011,1635564,447
118267961,55.6676,17.7871,510,29753,0.697951,0.55,1,1636076,1635566,510
118270881,20.7335,53.1574,460,29824,0.70759,0.55,1,1636088,1635628,460
118273801,5.7467,20.2315,450,29895,0.709518,0.57,1,1636090,1635640,450
118276721,29.1493,32.0463,450,29966,0.757904,0.61,2,1636125,1635675,450
118279641,78.6299,77.6093,452,30037,0.799581,0.57,2,1636216,1635764,452
118282561,17.326,17.1219,452,30107,0.807916,0.63,2,1636218,1635766,452
118285481,85.0652,84.2244,453,30177,0.793583,0.65,2,1636320,1635867,453
118288401,59.413,58.4449,454,30247,0.838717,0.65,2,1636373,1635919,454
118291321,85.4826,83.689,456,30317,0.895743,0.65,2,1636465,1636009,456
118294241,18.6965,18.3378,456,30387,0.939149,0.71,2,1636467,1636011,456
118297161,56.5393,55.6676,457,30457,0.93183,0.71,2,1636533,1636076,457
118300081,20.9079,20.7335,457,30526,0.930366,0.71,2,1636545,1636088,457
118443161,92,95,479,33753,0.53,1,1,1638832,1638353,479
118446081,47.2,43.8,484,33816,0.45,1,1,1638868,1638384,484
118449001,53.44,48.76,489,33879,0.242,1,1,1638923,1638434,489
118451921,34.688,36.152,486,33941,0.2164,0.94,1,1638953,1638467,486
118454841,33.3376,37.6304,481,34003,0.21128,0.96,1,1638986,1638505,481
118457761,25.8675,26.7261,481,34065,0.178256,1,1,1639010,1638529,481
118460681,49.9735,52.5452,478,34127,0.0756512,1,1,1639066,1638588,478
118463601,34.7947,39.309,473,34189,0.0391302,0.98,1,1639097,1638624,473
118466521,33.3589,37.4618,469,34251,0.031826,0.98,1,1639130,1638661,469
118469441,33.8718,7.49236,503,34313,0.0623652,0.93,1,1639164,1638661,503
118472361,33.1744,34.2985,495,34375,0.020473,0.83,1,1639197,1638702,495
118475281,68.2349,37.2597,534,34437,0.0120946,0.53,1,1639274,1638740,534
118478201,40.047,81.0519,475,34498,0.0584189,0.43,1,1639307,1638832,475
118481121,46.4094,45.0104,487,34559,0.0516838,0.19,1,1639355,1638868,487
118484041,30.8819,53.0021,459,34620,0.0343368,0.21,1,1639382,1638923,459
118486961,32.5764,34.6004,462,34681,0.0148674,0.21,1,1639415,1638953,462
118489881,23.3153,33.3201,450,34742,0.106973,0.17,1,1639436,1638986,450
118492801,45.4631,25.864,477,34803,0.141395,0.05,1,1639487,1639010,477
118495721,34.6926,49.9728,453,34864,0.0842789,0.03,1,1639519,1639066,453
118498641,32.5385,34.7946,454,34925,0.136856,0.03,1,1639551,1639097,454
118501561,33.7077,33.3589,455,34986,0.0673712,0.07,1,1639585,1639130,455
118504481,35.5415,33.8718,457,35046,0.101474,0.01,1,1639621,1639164,457
118507401,67.1083,33.1744,499,35106,0.0922948,0.01,1,1639696,1639197,499
118510321,39.8217,68.2349,455,35166,0.122459,0.07,1,1639729,1639274,455
118513241,47.1643,40.047,471,35226,0.128492,0.05,1,1639778,1639307,471
118516161,30.2329,46.4094,449,35286,0.129698,0.03,1,1639804,1639355,449
118519081,35.6466,30.8819,459,35346,0.11394,0.01,1,1639841,1639382,459
118522001,23.9293,32.5764,447,35406,0.126788,0.13,1,1639862,1639415,447
118524921,43.9859,23.3153,475,35466,0.177358,0.15,1,1639911,1639436,475
118527841,35.9972,45.4631,458,35526,0.203472,0.07,1,1639945,1639487,458
118530761,32.7994,34.6926,458,35586,0.208694,0.15,1,1639977,1639519,458
118533681,32.9599,32.5385,459,35645,0.193739,0.05,1,1640010,1639551,459
118536601,8.19198,33.7077,427,35704,0.190748,0.11,1,1640012,1639585,427
118539521,28.8384,35.5415,425,35763,0.19015,0.09,1,1640046,1639621,425
118542441,68.9677,67.1083,429,35822,0.28603,0.13,1,1640125,1639696,429
118545361,40.1935,39.8217,429,35881,0.289206,0.13,1,1640158,1639729,429
118548281,46.4387,47.1643,428,35940,0.321841,0.13,1,1640206,1639778,428
118551201,30.0877,30.2329,428,35999,0.360368,0.11,1,1640232,1639804,428
118554121,34.8175,35.6466,427,36058,0.384074,0.13,1,1640268,1639841,427
118557041,25.3635,23.9293,429,36117,0.372815,0.19,1,1640291,1639862,429
118559961,45.8727,43.9859,431,36176,0.386563,0.21,1,1640342,1639911,431
118562881,37.1745,35.9972,432,36234,0.421313,0.21,1,1640377,1639945,432
118565801,33.0349,32.7994,432,36292,0.396263,0.19,1,1640409,1639977,432
118568721,32.207,32.9599,431,36350,0.391253,0.19,1,1640441,1640010,431
118571641,8.0414,8.19198,431,36408,0.390251,0.19,1,1640443,1640012,431
118574561,29.6083,28.8384,432,36466,0.42205,0.31,1,1640478,1640046,432
118577481,71.5217,68.9677,435,36524,0.52441,0.29,1,1640560,1640125,435
118580401,41.5043,40.1935,436,36582,0.528882,0.33,1,1640594,1640158,436
118583321,47.5009,46.4387,437,36640,0.577776,0.37,1,1640643,1640206,437
118586241,31.1002,30.0877,438,36698,0.539555,0.39,1,1640670,1640232,438
118589161,35.82,34.8175,439,36756,0.579911,0.37,1,1640707,1640268,439
118592081,27.164,25.3635,441,36813,0.571982,0.39,1,1640732,1640291,441
118595001,46.2328,45.8727,441,36870,0.586396,0.43,1,1640783,1640342,441
118597921,37.2466,37.1745,441,36927,0.573279,0.39,1,1640818,1640377,441
118600841,33.0493,33.0349,441,36984,0.570656,0.39,1,1640850,1640409,441
118603761,32.2099,32.207,441,37041,0.634131,0.39,1,1640882,1640441,441
118606681,8.04197,8.0414,441,37098,0.614826,0.43,1,1640884,1640443,441
118609601,31.2084,29.6083,443,37155,0.626965,0.43,1,1640921,1640478,443
118612521,74.2417,5.92166,528,37212,0.629393,0.55,1,1641006,1640478,528
118615441,42.8483,66.7843,481,37269,0.629879,0.53,1,1641041,1640560,481
118618361,48.5697,40.5569,497,37326,0.629976,0.59,1,1641091,1640594,497
118621281,30.5139,47.3114,474,37383,0.645995,0.53,1,1641117,1640643,474
118624201,36.5028,31.0623,485,37440,0.665199,0.59,1,1641155,1640670,485
118627121,26.5006,35.8125,472,37496,0.66904,0.57,1,1641179,1640707,472
118630041,48.5001,27.1625,501,37552,0.701808,0.59,1,1641233,1640732,501
118632961,36.9,46.2325,484,37608,0.740362,0.57,1,1641267,1640783,484
118635881,32.98,37.2465,481,37664,0.748072,0.57,1,1641299,1640818,481
118638801,33.796,33.0493,483,37720,0.765614,0.65,2,1641333,1640850,483
118641721,8.3592,32.2099,453,37776,0.769123,0.61,2,1641335,1640882,453
118644641,32.0718,8.04197,489,37832,0.769825,0.63,2,1641373,1640884,489
118647561,75.2144,31.2084,538,37888,0.753965,0.63,2,1641459,1640921,538
118650481,42.2429,74.2417,487,37944,0.782793,0.63,2,1641493,1641006,487
118653401,48.4486,42.8483,502,38000,0.836559,0.63,2,1641543,1641041,502
118656321,31.2897,48.5697,479,38056,0.879312,0.65,2,1641570,1641091,479
118659241,37.4579,30.5139,492,38112,0.903862,0.67,2,1641609,1641117,492
118662161,27.4916,36.5028,479,38167,0.940772,0.67,2,1641634,1641155,479
118665081,49.4983,26.5006,510,38222,0.932154,0.71,2,1641689,1641179,510
118808161,19,37,505,40842,0.71,1,1,1643462,1642957,505
118811081,34.2,29,516,40894,0.758,1,2,1643500,1642984,516
118814001,30.84,40.2,503,40946,0.7036,1,1,1643530,1643027,503
118816921,49.368,28.84,531,40998,0.64472,1,1,1643584,1643053,531
118819841,34.6736,50.568,506,41049,0.648944,1,1,1643615,1643109,506
118822761,31.7347,43.7136,495,41100,0.617789,1,1,1643646,1643151,495
118825681,39.9469,31.9427,508,41151,0.627558,0.91,1,1643688,1643180,508
118828601,31.1894,32.7885,504,41202,0.629512,0.89,1,1643717,1643213,504
118831521,23.0379,32.9577,492,41253,0.629902,1,1,1643738,1643246,492
118834441,63.8076,24.1915,544,41304,0.661981,0.95,1,1643812,1643268,544
118837361,39.1615,68.0383,498,41355,0.700396,0.89,1,1643845,1643347,498
118840281,31.8323,40.0077,495,41406,0.708079,0.89,1,1643875,1643380,495
118843201,29.5665,33.6015,492,41457,0.677616,0.81,1,1643904,1643412,492
118846121,17.9133,31.5203,476,41508,0.703523,0.71,1,1643919,1643443,476
118849041,5.18266,21.5041,459,41559,0.676705,0.77,1,1643921,1643462,459
118851961,29.0365,34.7008,456,41610,0.719341,0.69,1,1643956,1643500,456
118854881,30.6073,30.9402,457,41661,0.711868,0.63,1,1643987,1643530,457
118857801,46.9215,49.388,454,41712,0.774374,0.65,2,1644038,1643584,454
118860721,34.1843,34.6776,454,41763,0.818875,0.61,2,1644069,1643615,454
118863641,27.6369,31.7355,449,41814,0.795775,0.63,2,1644095,1643646,449
118866561,43.1274,39.9471,454,41864,0.807155,0.63,2,1644142,1643688,454
118869481,31.0255,31.1894,453,41914,0.841431,0.63,2,1644170,1643717,453
118872401,21.4051,23.0379,451,41964,0.832286,0.67,2,1644189,1643738,451
118875321,68.281,63.8076,457,42014,0.926457,0.71,2,1644269,1643812,457
118878241,39.2562,39.1615,456,42064,0.929291,0.71,2,1644301,1643845,456
118881161,31.8512,31.8323,456,42114,0.929858,0.67,2,1644331,1643875,456
118884081,29.5702,29.5665,456,42164,0.913972,0.71,2,1644360,1643904,456
118887001,18.714,17.9133,457,42214,0.942794,0.67,2,1644376,1643919,457
118889921,5.34281,5.18266,457,42264,0.916559,0.73,2,1644378,1643921,457
119091401,35,47,484,45581,0.79,1,2,1646724,1646240,484
119094321,33.4,36.6,483,45627,0.79,1,2,1646757,1646274,483
119097241,37.88,34.52,488,45673,0.758,1,2,1646796,1646308,488
119100161,33.176,23.704,499,45719,0.7036,1,1,1646828,1646329,499
119103081,34.6352,28.7408,504,45765,0.70872,1,1,1646863,1646359,504
119106001,27.727,33.7482,495,45811,0.677744,1,1,1646889,1646394,495
119108921,17.5454,29.9496,481,45857,0.671549,0.96,1,1646904,1646423,481
119111841,15.5091,17.9899,481,45903,0.63831,0.98,1,1646919,1646438,481
119114761,32.7018,22.798,494,45949,0.647662,0.98,1,1646956,1646462,494
119117681,31.3404,4.5596,525,45995,0.617532,1,1,1646987,1646462,525
119120601,24.6681,31.3119,510,46041,0.531506,1,1,1647010,1646500,510
119123521,24.9336,31.8624,503,46087,0.514301,0.82,1,1647035,1646532,503
119126441,28.1867,29.5725,503,46133,0.51086,1,1,1647064,1646561,503
119129361,43.2373,32.3145,517,46179,0.510172,0.9,1,1647111,1646594,517
119132281,39.8475,47.2629,505,46225,0.494034,0.87,1,1647150,1646645,505
119135201,35.1695,44.6526,495,46271,0.490807,0.79,1,1647184,1646689,495
119138121,33.4339,36.9305,493,46317,0.506161,0.79,1,1647217,1646724,493
119141041,35.4868,33.7861,496,46363,0.477232,0.75,1,1647253,1646757,496
119143961,32.6974,37.9572,489,46408,0.519446,0.69,1,1647285,1646796,489
119146881,32.1395,33.1914,489,46453,0.591889,0.71,1,1647317,1646828,489
119149801,27.2279,34.6383,480,46498,0.622378,0.67,1,1647343,1646863,480
119152721,15.0456,27.7277,466,46543,0.596476,0.67,1,1647355,1646889,466
119155641,12.6091,17.5455,463,46588,0.591295,0.63,1,1647367,1646904,463
119158561,34.5218,15.5091,488,46633,0.590259,0.65,1,1647407,1646919,488
119161481,30.1044,32.7018,480,46678,0.590052,0.61,1,1647436,1646956,480
119164401,21.2209,31.3404,468,46723,0.67001,0.51,1,1647455,1646987,468
119167321,24.2442,24.6681,470,46768,0.670002,0.51,1,1647480,1647010,470
119170241,26.4488,24.9336,472,46813,0.654,0.51,1,1647507,1647035,472
119173161,45.2898,28.1867,493,46858,0.6508,0.51,1,1647557,1647064,493
119176081,38.658,43.2373,483,46903,0.66616,0.49,1,1647594,1647111,483
119179001,35.7316,39.8475,479,46948,0.685232,0.49,1,1647629,1647150,479
119181921,34.3463,35.1695,479,46993,0.705046,0.51,1,1647663,1647184,479
119184841,35.6693,33.4339,482,47038,0.709009,0.47,1,1647699,1647217,482
119187761,33.5339,35.4868,479,47083,0.741802,0.53,1,1647732,1647253,479
119190681,35.5068,32.6974,483,47128,0.74836,0.61,1,1647768,1647285,483
119193601,27.1014,32.1395,476,47173,0.781672,0.63,2,1647793,1647317,476
119196521,15.0203,27.2279,462,47218,0.788334,0.59,2,1647805,1647343,462
119199441,14.2041,15.0456,464,47263,0.789667,0.59,2,1647819,1647355,464
119202361,33.2408,12.6091,490,47308,0.805933,0.59,2,1647857,1647367,490
119205281,31.4482,34.5218,481,47353,0.825187,0.59,2,1647888,1647407,481
119208201,7.88963,30.1044,454,47398,0.829037,0.69,2,1647890,1647436,454
119211121,18.3779,21.2209,456,47442,0.813808,0.67,2,1647911,1647455,456
119214041,21.2756,24.2442,453,47486,0.810762,0.65,2,1647933,1647480,453
119216961,29.0551,26.4488,457,47530,0.826152,0.65,2,1647964,1647507,457
119219881,43.411,45.2898,454,47574,0.82923,0.67,2,1648011,1647557,454
119222801,40.6822,38.658,457,47618,0.893846,0.69,2,1648051,1647594,457
119225721,36.1364,35.7316,457,47662,0.906769,0.71,2,1648086,1647629,457
119430121,30,27,506,50665,0.83,1,2,1650172,1649666,506
119433041,26,26.2,505,50707,0.718,1,1,1650197,1649692,505
119435961,30,23.64,513,50749,0.6956,1,1,1650228,1649715,513
119438881,34.8,26.328,522,50791,0.61112,1,1,1650264,1649742,522
119440341,23.76,32.4656,509,50832,0.546224,1,1,1650285,1649776,509
119492901,375.952,429.693,444,23360,0.133245,0.35,1,1650749,1650305,444
119495821,132.79,126.739,465,23451,0.082649,0.19,1,1650821,1650356,465
119498741,47.3581,69.3477,436,23541,0.10453,0.05,1,1650847,1650411,436
119501661,69.4716,53.8695,461,23631,0.060906,0,1,1650922,1650461,461
119504581,101.894,63.5739,505,23721,0.0681812,0.03,1,1651032,1650527,505
119507501,58.7789,96.7148,448,23810,0.0376362,0.01,1,1651080,1650632,448
119510421,58.9558,60.143,456,23899,0.0155272,0.09,1,1651139,1650683,456
119513341,24.5912,50.4286,424,23988,0.0431054,0.05,1,1651155,1650731,424
119516261,19.3182,18.8857,431,24076,0.0646211,0.07,1,1651173,1650742,431
119519181,63.0636,66.9771,426,24164,0.164924,0.11,1,1651247,1650821,426
119522101,32.6127,34.1954,425,24252,0.184985,0.05,1,1651272,1650847,425
119525021,64.9225,66.8391,423,24339,0.108997,0.07,1,1651345,1650922,423
119527941,102.585,101.368,425,24426,0.0937994,0.03,1,1651457,1651032,425
119530861,58.9169,58.6736,425,24513,0.0427599,0.01,1,1651505,1651080,425
119533781,58.1834,58.9347,424,24599,0.064552,0.05,1,1651563,1651139,424
119536701,24.4367,24.5869,424,24685,0.10091,0.07,1,1651579,1651155,424
119539621,20.0873,19.3174,425,24771,0.0921821,0.19,1,1651598,1651173,425
119542541,66.4175,63.0635,429,24857,0.154436,0.19,1,1651676,1651247,429
119545461,33.2835,32.6127,429,24942,0.150887,0.09,1,1651701,1651272,429
119548381,61.0567,64.9225,424,25027,0.166177,0.09,1,1651769,1651345,424
119551301,101.811,102.585,424,25112,0.217235,0.03,1,1651881,1651457,424
119554221,57.9623,58.9169,423,25196,0.211447,0.07,1,1651928,1651505,423
119557141,59.5925,58.1834,425,25280,0.242289,0.11,1,1651988,1651563,425
119560061,24.7185,24.4367,425,25364,0.280458,0.09,1,1652004,1651579,425
119562981,19.3437,20.0873,424,25448,0.288092,0.09,1,1652022,1651598,424
119565901,68.6687,4.01747,505,25531,0.257618,0.17,1,1652103,1651598,505
119568821,34.5337,63.2035,453,25614,0.251524,0.15,1,1652129,1651676,453
119571741,62.1068,32.6407,497,25697,0.282305,0.17,1,1652198,1651701,497
119574661,103.621,60.9281,543,25779,0.320461,0.23,1,1652312,1651769,543
119577581,58.3243,101.786,478,25861,0.360092,0.21,1,1652359,1651881,478
119580501,61.2649,57.9571,493,25943,0.384018,0.25,1,1652421,1651928,493
119583421,25.053,59.5914,449,26025,0.388804,0.29,1,1652437,1651988,449
119586341,19.4106,24.7183,451,26106,0.389761,0.29,1,1652455,1652004,451
119589261,68.6821,19.3437,514,26187,0.421952,0.25,1,1652536,1652022,514
119592181,34.5364,68.6687,459,26268,0.44439,0.25,1,1652562,1652103,459
119595101,63.7073,34.5337,504,26349,0.480878,0.29,1,1652633,1652129,504
119598021,107.141,62.1067,553,26429,0.536176,0.33,1,1652751,1652198,553
119600941,59.8283,103.621,487,26509,0.595235,0.37,1,1652799,1652312,487
119603861,61.5657,58.3243,502,26589,0.639047,0.39,1,1652861,1652359,502
119606781,25.1131,61.2649,456,26669,0.647809,0.39,1,1652877,1652421,456
119609701,19.4226,25.053,458,26748,0.649562,0.39,1,1652895,1652437,458
119612621,71.0845,19.4106,524,26827,0.633912,0.43,1,1652979,1652455,524
119615541,35.0169,68.6821,469,26906,0.678783,0.45,1,1653005,1652536,469
119618461,8.60338,34.5364,445,26985,0.687756,0.49,1,1653007,1652562,445
119621381,59.3207,63.7073,446,27063,0.785551,0.55,2,1653079,1652633,446
119624301,108.664,107.141,449,27141,0.80511,0.61,2,1653200,1652751,449
119627221,60.9328,59.8283,450,27219,0.809022,0.65,2,1653249,1652799,450
119630141,64.9866,61.5657,454,27297,0.745804,0.65,1,1653315,1652861,454
119633061,25.7973,25.1131,454,27375,0.781161,0.65,2,1653331,1652877,454
119635981,19.5595,19.4226,454,27452,0.788232,0.63,2,1653349,1652895,454
119638901,71.9119,71.0845,455,27529,0.805646,0.69,2,1653434,1652979,455
119641821,35.9824,35.0169,456,27606,0.793129,0.69,2,1653461,1653005,456
119644741,8.79648,8.60338,456,27683,0.790626,0.81,2,1653463,1653007,456
119647661,62.5593,59.3207,460,27760,0.822125,0.81,2,1653539,1653079,460
119650581,109.312,108.664,460,27836,0.908425,0.81,2,1653660,1653200,460
119653501,61.0624,60.9328,460,27912,0.909685,0.73,2,1653709,1653249,460
119764461,37,35,489,30660,0.47,1,1,1655619,1655130,489
119767381,53.8,61.4,479,30729,0.374,1,1,1655677,1655198,479
119770301,43.56,36.28,490,30798,0.1788,1,1,1655718,1655228,490
119773221,27.112,24.056,492,30867,0.04376,1,1,1655741,1655249,492
119776141,59.8224,65.6112,484,30936,0.016752,1,1,1655809,1655325,484
119779061,41.5645,38.7222,489,31004,0.0033504,1,1,1655846,1655357,489
119781981,26.7129,29.3444,485,31072,0.0246701,1,1,1655869,1655384,485
119784901,42.1426,42.6689,485,31140,0.028934,0.65,1,1655915,1655430,485
119787821,78.8285,103.734,454,31208,0.0137868,0.55,1,1656003,1655549,454
119790741,35.7657,47.1468,446,31276,0.0267574,0.55,1,1656028,1655582,446
119793661,33.5531,9.42935,479,31344,0.0133515,0.47,1,1656061,1655582,479
119796581,43.5106,31.4859,488,31412,0.0266703,0.35,1,1656107,1655619,488
119799501,39.1021,52.6972,468,31479,0.0453341,0.13,1,1656145,1655677,468
119802421,21.4204,43.3394,444,31546,0.0650668,0.01,1,1656162,1655718,444
119805341,61.8841,27.0679,493,31613,0.0130134,0.01,1,1656234,1655741,493
119808261,39.5768,59.8136,459,31680,0.0426027,0,1,1656268,1655809,459
119811181,27.9154,41.5627,447,31747,0.0485205,0.03,1,1656293,1655846,447
119814101,40.7831,26.7125,468,31814,0.0337041,0.03,1,1656337,1655869,468
119817021,77.7566,42.1425,509,31881,0.0627408,0.01,1,1656424,1655915,509
119819941,36.3513,78.8285,447,31947,0.0365482,0.03,1,1656450,1656003,447
119822861,33.6703,35.7657,455,32013,0.0313096,0.01,1,1656483,1656028,455
119825781,43.5341,33.5531,468,32079,0.0142619,0.03,1,1656529,1656061,468
119828701,39.9068,43.5106,461,32145,0.0588524,0.05,1,1656568,1656107,461
119831621,19.9814,39.1021,438,32211,0.0837705,0.07,1,1656583,1656145,438
119834541,63.1963,21.4204,495,32277,0.0167541,0,1,1656657,1656162,495
119837461,38.2393,61.8841,455,32343,0.0273508,0.05,1,1656689,1656234,455
119840381,28.4479,39.5768,447,32408,0.0134702,0.05,1,1656715,1656268,447
119843301,40.8896,27.9154,466,32473,0.026694,0.03,1,1656759,1656293,466
119846221,79.3779,40.7831,511,32538,0.0293388,0.07,1,1656848,1656337,511
119849141,35.0756,77.7566,448,32603,0.0298678,0.03,1,1656872,1656424,448
119852061,33.4151,36.3513,455,32668,0.0459736,0.03,1,1656905,1656450,455
119854981,45.083,33.6703,470,32733,0.0331947,0.01,1,1656953,1656483,470
119857901,10.6166,43.5341,426,32798,0.0306389,0.07,1,1656955,1656529,426
119860821,32.5233,39.9068,425,32862,0.0621278,0.09,1,1656993,1656568,425
119863741,16.9047,19.9814,423,32926,0.0684256,0,1,1657006,1656583,423
119866661,63.3809,63.1963,424,32990,0.0136851,0.03,1,1657081,1656657,424
119869581,36.6762,38.2393,422,33054,0.026737,0.01,1,1657111,1656689,422
119872501,28.9352,28.4479,423,33118,0.0293474,0.03,1,1657138,1656715,423
119875421,40.987,40.8896,423,33182,0.00586948,0.03,1,1657182,1656759,423
119878341,79.3974,79.3779,423,33246,0.0891739,0.03,1,1657271,1656848,423
119881261,35.0795,35.0756,423,33310,0.105835,0.05,1,1657295,1656872,423
119884181,33.4159,33.4151,423,33373,0.109167,0.03,1,1657328,1656905,423
119887101,45.0832,45.083,423,33436,0.125833,0.03,1,1657376,1656953,423
119890021,10.6166,10.6166,423,33499,0.0971667,0.07,1,1657378,1656955,423
119892941,33.3233,32.5233,424,33562,0.107433,0.07,1,1657417,1656993,424
119895861,17.8647,16.9047,425,33625,0.173487,0,1,1657431,1657006,425
119898781,61.1729,63.3809,422,33688,0.0746973,0.03,1,1657503,1657081,422
119901701,36.2346,36.6762,422,33751,0.0549395,0.03,1,1657533,1657111,422
119904621,28.8469,28.9352,422,33814,0.0189879,0,1,1657560,1657138,422
119907541,40.9694,40.987,422,33877,0.0437976,0.11,1,1657604,1657182,422
119910461,81.7939,79.3974,425,33939,0.0807595,0.11,1,1657696,1657271,425
119913381,35.5588,35.0795,425,34001,0.0881519,0.11,1,1657720,1657295,425
119916301,35.9118,33.4159,428,34063,0.12163,0.13,1,1657756,1657328,428
119919221,43.9823,45.0832,426,34125,0.160326,0.09,1,1657802,1657376,426
119922141,10.3965,10.6166,426,34187,0.136065,0.11,1,1657804,1657378,426
119925061,34.8793,33.3233,428,34249,0.147213,0.11,1,1657845,1657417,428
119927981,19.7759,6.66467,444,34311,0.117443,0.19,1,1657861,1657417,444
119930901,55.9552,12.5329,495,34373,0.175489,0.05,1,1657926,1657431,495
119933821,33.591,60.1066,451,34435,0.203098,0.05,1,1657954,1657503,451
119936741,28.3182,36.0213,448,34496,0.22462,0.01,1,1657981,1657533,448
119939661,41.6636,28.8043,466,34557,0.164924,0.05,1,1658026,1657560,466
119942581,84.3327,40.9609,517,34618,0.184985,0.09,1,1658121,1657604,517
119945501,36.0665,81.7922,449,34679,0.204997,0.09,1,1658145,1657696,449
119948421,36.0133,35.5584,461,34740,0.208999,0.13,1,1658181,1657720,461
119951341,45.6027,35.9117,473,34801,0.2098,0.17,1,1658229,1657756,473
119954261,10.7205,43.9823,429,34862,0.20996,0.13,1,1658231,1657802,429
119957181,34.1441,10.3965,467,34923,0.225992,0.15,1,1658271,1657804,467
119960101,19.6288,34.8793,442,34984,0.229198,0.11,1,1658287,1657845,442
119963021,59.1258,19.7759,495,35044,0.21384,0.19,1,1658356,1657861,495
119965941,35.0252,55.9552,459,35104,0.194768,0.21,1,1658385,1657926,459
119968861,27.805,33.591,457,35164,0.190954,0.23,1,1658411,1657954,457
119971781,39.961,28.3182,473,35224,0.238191,0.15,1,1658454,1657981,473
119974701,86.3922,41.6636,526,35284,0.263638,0.19,1,1658552,1658026,526
119977621,36.4784,84.3327,455,35344,0.284728,0.21,1,1658576,1658121,455
119980541,36.0957,36.0665,467,35404,0.288946,0.21,1,1658612,1658145,467
119983461,45.6191,36.0133,479,35464,0.289789,0.21,1,1658660,1658181,479
119986381,10.7238,45.6027,433,35524,0.289958,0.21,1,1658662,1658229,433
119989301,34.9448,10.7205,472,35584,0.289992,0.23,1,1658703,1658231,472
119992221,19.789,34.1441,448,35643,0.289998,0.23,1,1658719,1658271,448
119995141,5.55779,19.6288,434,35702,0.29,0.21,1,1658721,1658287,434
119998061,54.7116,59.1258,432,35761,0.338,0.19,1,1658788,1658356,432
120000981,33.3423,35.0252,431,35820,0.3956,0.19,1,1658816,1658385,431
120003901,27.4685,27.805,431,35879,0.40712,0.25,1,1658842,1658411,431
120006821,42.2937,39.961,434,35938,0.393424,0.27,1,1658888,1658454,434
120009741,87.6587,86.3922,435,35997,0.406685,0.29,1,1658987,1658552,435
120012661,37.5317,36.4784,436,36056,0.393337,0.29,1,1659012,1658576,436
120015581,36.3064,36.0957,436,36115,0.406667,0.29,1,1659048,1658612,436
120018501,45.6613,45.6191,436,36174,0.425333,0.29,1,1659096,1658660,436
120021421,10.7323,10.7238,436,36232,0.397067,0.29,1,1659098,1658662,436
120024341,34.9464,34.9448,436,36290,0.455413,0.29,1,1659139,1658703,436
120027261,19.7893,19.789,436,36348,0.467083,0.29,1,1659155,1658719,436
120030181,5.55786,5.55779,436,36406,0.469417,0.35,1,1659157,1658721,436
120033101,57.1116,54.7116,439,36464,0.485883,0.41,1,1659227,1658788,439
120036021,34.6223,33.3423,440,36522,0.537177,0.41,1,1659256,1658816,440
120038941,27.7245,27.4685,440,36580,0.595435,0.39,1,1659282,1658842,440
120041861,41.5449,42.2937,439,36638,0.639087,0.41,1,1659327,1658888,439
120044781,88.309,87.6587,440,36696,0.679817,0.39,1,1659427,1658987,440
120047701,36.8618,37.5317,439,36754,0.655963,0.41,1,1659451,1659012,439
120050621,36.9724,36.3064,440,36811,0.683193,0.43,1,1659488,1659048,440
120053541,46.5945,45.6613,441,36868,0.768639,0.39,2,1659537,1659096,441
120056461,10.9189,10.7323,441,36925,0.753728,0.47,2,1659539,1659098,441
120059381,36.5838,34.9464,443,36982,0.766746,0.47,2,1659582,1659139,443
120062301,20.1168,19.7893,443,37039,0.737349,0.47,1,1659598,1659155,443
120065221,5.62335,5.55786,443,37096,0.73147,0.49,1,1659600,1659157,443
120068141,60.3247,57.1116,447,37153,0.778294,0.49,2,1659674,1659227,447
120071061,36.0649,11.4223,477,37210,0.771659,0.55,2,1659704,1659227,477
120073981,28.813,25.4845,475,37267,0.818332,0.61,2,1659731,1659256,475
120076901,43.3626,25.8969,496,37324,0.843666,0.65,2,1659778,1659282,496
120079821,90.2725,41.1794,553,37381,0.896733,0.69,2,1659880,1659327,553
120082741,37.2545,88.2359,477,37438,0.907347,0.65,2,1659904,1659427,477
120085661,38.6509,36.8472,492,37494,0.925469,0.69,2,1659943,1659451,492
120263781,36,26,516,40788,0.67,1,1,1662171,1661655,516
120266701,65.6,34,553,40840,0.542,1,1,1662244,1661691,553
120269621,40.32,69.2,509,40892,0.3564,1,1,1662278,1661769,509
120272541,36.864,37.84,515,40944,0.25528,1,1,1662314,1661799,515
120275461,57.7728,34.768,544,40996,0.219056,0.97,1,1662377,1661833,544
120278381,35.5546,54.1536,515,41047,0.195811,1,1,1662407,1661892,515
120281301,30.3109,37.2307,511,41098,0.159162,1,1,1662436,1661925,511
120284221,21.2622,31.4461,500,41149,0.151832,0.98,1,1662455,1661955,500
120287141,27.4524,25.4892,505,41200,0.118366,0.85,1,1662484,1661979,505
120290061,25.4905,29.8978,499,41251,0.0796733,1,1,1662509,1662010,499
120292981,25.8981,29.1796,496,41302,0.0879347,1,1,1662535,1662039,496
120295901,29.9796,30.6359,496,41353,0.0735869,0.92,1,1662566,1662070,496
120298821,31.5959,32.5272,495,41404,0.0867174,0.81,1,1662598,1662103,495
120301741,31.1192,32.1054,494,41455,0.0893435,0.67,1,1662629,1662135,494
120304661,48.6238,35.2211,511,41506,0.0898687,0.51,1,1662682,1662171,511
120307581,11.3248,65.4442,440,41557,0.0579737,0.31,1,1662684,1662244,440
120310501,25.465,40.2888,435,41608,0.0675947,0.23,1,1662713,1662278,435
120313421,30.693,36.8578,431,41659,0.0535189,0.21,1,1662745,1662314,431
120316341,54.1386,57.7716,428,41710,0.0667038,0.19,1,1662805,1662377,428
120319261,34.0277,35.5543,427,41761,0.0533408,0.15,1,1662834,1662407,427
120322181,29.2055,30.3109,426,41812,0.0986682,0.15,1,1662862,1662436,426
120325101,22.6411,21.2622,428,41862,0.0917336,0.11,1,1662883,1662455,428
120328021,26.9282,27.4524,427,41912,0.138347,0.07,1,1662911,1662484,427
120330941,22.1856,25.4905,423,41962,0.179669,0.09,1,1662932,1662509,423
120333861,27.6371,25.8981,426,42012,0.187934,0.07,1,1662961,1662535,426
120336781,30.3274,29.9796,426,42062,0.141587,0.09,1,1662992,1662566,426
120339701,30.0655,31.5959,424,42112,0.132317,0.09,1,1663022,1662598,424
120342621,32.4131,31.1192,426,42162,0.162463,0.09,1,1663055,1662629,426
120345541,48.8826,48.6238,426,42212,0.200493,0.05,1,1663108,1662682,426
120348461,11.3765,11.3248,426,42262,0.208099,0.07,1,1663110,1662684,426
120351381,24.6753,25.465,425,42312,0.22562,0.05,1,1663138,1662713,425
120354301,30.5351,30.693,425,42362,0.245124,0.07,1,1663170,1662745,425
120357221,53.307,54.1386,424,42412,0.281025,0.05,1,1663229,1662805,424
120360141,33.8614,34.0277,424,42462,0.320205,0.11,1,1663258,1662834,424
120363061,29.9723,29.2055,425,42512,0.376041,0.09,1,1663287,1662862,425
120365981,23.5945,22.6411,426,42562,0.371208,0.15,1,1663309,1662883,426
120368901,27.9189,26.9282,427,42612,0.386242,0.19,1,1663338,1662911,427
120371821,22.3838,22.1856,427,42662,0.373248,0.19,1,1663359,1662932,427
120374741,27.6768,27.6371,427,42711,0.40265,0.13,1,1663388,1662961,427
120377661,31.1354,30.3274,428,42760,0.37653,0.13,1,1663420,1662992,428
120380581,28.6271,30.0655,426,42809,0.387306,0.17,1,1663448,1663022,426
120383501,33.7254,32.4131,428,42858,0.405461,0.21,1,1663483,1663055,428
120386421,50.7451,48.8826,430,42907,0.409092,0.21,1,1663538,1663108,430
120389341,11.749,11.3765,430,42956,0.377818,0.23,1,1663540,1663110,430
120392261,27.1498,24.6753,433,43005,0.435564,0.23,1,1663571,1663138,433
120395181,31.03,4.93506,465,43054,0.431113,0.25,1,1663603,1663138,465
120398101,53.406,26.587,492,43103,0.446223,0.29,1,1663662,1663170,492
120401021,35.4812,52.5174,464,43152,0.465245,0.33,1,1663693,1663229,464
120403941,32.6962,33.7035,467,43201,0.469049,0.39,1,1663725,1663258,467
120406861,24.9392,29.9407,461,43250,0.51781,0.37,1,1663748,1663287,461
120409781,27.3878,23.5881,467,43299,0.575562,0.39,1,1663776,1663309,467
120412701,23.0776,27.9176,460,43348,0.587112,0.37,1,1663798,1663338,460
120415621,27.8155,22.3835,468,43397,0.621423,0.41,1,1663827,1663359,468
120418541,31.1631,27.6767,471,43446,0.628285,0.37,1,1663859,1663388,471
120421461,29.4326,31.1353,468,43495,0.661657,0.39,1,1663888,1663420,468
120424381,33.0865,28.6271,474,43544,0.684331,0.41,1,1663922,1663448,474
120427301,50.6173,33.7254,494,43592,0.704866,0.41,1,1663977,1663483,494
120430221,11.7235,50.7451,441,43640,0.708973,0.37,1,1663979,1663538,441
120433141,29.5447,11.749,473,43688,0.725795,0.45,1,1664013,1663540,473
120436061,31.5089,27.1498,474,43736,0.713159,0.43,1,1664045,1663571,474
120438981,54.3018,31.03,502,43784,0.726632,0.45,1,1664105,1663603,502
120441901,36.4604,53.406,475,43832,0.745326,0.47,1,1664137,1663662,475
120444821,33.6921,35.4812,477,43880,0.765065,0.47,2,1664170,1663693,477
120447741,27.5384,32.6962,471,43928,0.801013,0.53,2,1664196,1663725,471
120450661,29.5077,24.9392,478,43976,0.760203,0.59,2,1664226,1663748,478
120453581,23.5015,27.3878,472,44024,0.752041,0.59,2,1664248,1663776,472
120456501,29.5003,23.0776,481,44072,0.766408,0.63,2,1664279,1663798,481
120459421,32.3001,27.8155,485,44120,0.801282,0.63,2,1664312,1663827,485
120462341,30.46,31.1631,483,44168,0.776256,0.67,2,1664342,1663859,483
120465261,34.092,29.4326,489,44216,0.803251,0.69,2,1664377,1663888,489
120468181,52.4184,33.0865,512,44264,0.80865,0.71,2,1664434,1663922,512
120471101,12.0837,50.6173,459,44312,0.84173,0.71,2,1664436,1663977,459
120474021,28.0167,11.7235,489,44360,0.848346,0.73,2,1664468,1663979,489
120476941,32.0033,29.5447,488,44408,0.849669,0.71,2,1664501,1664013,488
120479861,55.2007,31.5089,517,44456,0.881934,0.73,2,1664562,1664045,517
120482781,12.6401,54.3018,459,44503,0.888387,0.75,2,1664564,1664105,459
120485701,28.928,36.4604,460,44550,0.905677,0.77,2,1664597,1664137,460
120488621,33.7856,33.6921,462,44597,0.861135,0.81,2,1664632,1664170,462
120491541,26.7571,27.5384,461,44644,0.868227,0.75,2,1664657,1664196,461
120494461,27.7514,29.5077,459,44691,0.885645,0.75,2,1664685,1664226,459
120497381,23.1503,23.5015,459,44738,0.937129,0.77,2,1664707,1664248,459
120500301,30.2301,29.5003,460,44785,0.947426,0.81,2,1664739,1664279,460
120503221,32.446,32.3001,460,44832,0.933485,0.77,2,1664772,1664312,460
120506141,30.4892,30.46,460,44879,0.930697,0.81,2,1664802,1664342,460
120671121,39,28,531,47485,0.61,1,1,1666623,1666092,531
120720761,397.4,460,450,21900,0.194,0.43,1,1667110,1666660,450
120723681,137.88,134.4,470,21997,0.1428,0.29,1,1667183,1666713,470
120726601,79.576,94.88,450,22093,0.18056,0.19,1,1667248,1666798,450
120729521,59.1152,56.576,457,22189,0.188112,0.17,1,1667302,1666845,457
120732441,88.623,90.5152,454,22285,0.205622,0.13,1,1667398,1666944,454
120735361,64.1246,66.903,451,22380,0.177124,0.09,1,1667456,1667005,451
120738281,51.2249,44.5806,460,22475,0.203425,0.11,1,1667504,1667044,460
120741201,19.845,36.9161,437,22569,0.240685,0.09,1,1667516,1667079,437
120744121,77.569,32.1832,498,22663,0.248137,0.13,1,1667608,1667110,498
120747041,71.5138,64.8366,495,22757,0.297627,0.19,1,1667678,1667183,495
120749961,57.5028,64.9673,484,22850,0.339525,0.19,1,1667732,1667248,484
120752881,89.9006,56.1935,528,22943,0.379905,0.21,1,1667830,1667302,528
120755801,64.3801,88.0387,490,23035,0.419981,0.17,1,1667888,1667398,490
120758721,52.076,64.0077,481,23127,0.459996,0.21,1,1667937,1667456,481
120761641,20.0152,51.2015,445,23219,0.483999,0.25,1,1667949,1667504,445
120764561,78.403,19.8403,526,23310,0.5528,0.25,1,1668042,1667516,526
120767481,73.2806,77.5681,506,23401,0.53456,0.31,1,1668114,1667608,506
120770401,60.2561,71.5136,493,23492,0.530912,0.35,1,1668171,1667678,493
120773321,92.8512,57.5027,540,23582,0.562182,0.39,1,1668272,1667732,540
120776241,64.9702,89.9005,500,23672,0.568437,0.43,1,1668330,1667830,500
120779161,54.5941,64.3801,494,23762,0.569687,0.47,1,1668382,1667888,494
120782081,21.3188,52.076,458,23851,0.553937,0.49,1,1668395,1667937,458
120785001,79.4638,20.0152,540,23940,0.646787,0.57,1,1668489,1667949,540
120787921,17.4928,78.403,449,24029,0.665358,0.53,1,1668491,1668042,449
120790841,60.2985,73.2806,448,24117,0.701072,0.53,1,1668562,1668114,448
120793761,57.6597,60.2561,448,24205,0.756214,0.57,2,1668619,1668171,448
120796681,93.9319,92.8512,450,24293,0.815243,0.57,2,1668722,1668272,450
120799601,65.1864,64.9702,450,24380,0.827049,0.57,2,1668780,1668330,450
120802521,54.6373,54.5941,450,24467,0.82941,0.55,2,1668832,1668382,450
120805441,22.9275,21.3188,452,24554,0.813882,0.67,2,1668847,1668395,452
120808361,82.1855,79.4638,455,24640,0.826776,0.67,2,1668944,1668489,455
120811281,18.0371,17.4928,455,24726,0.861355,0.71,2,1668946,1668491,455
120814201,60.4074,60.2985,455,24812,0.900271,0.77,2,1669017,1668562,455
120948521,38,0,530,28476,0.45,1,1,1671633,1671103,530
120951441,49.2,41.6,530,28550,0.45,1,1,1671685,1671155,530
120954361,47.44,47.52,528,28624,0.37,1,1,1671732,1671204,528
120957281,60.688,55.104,535,28698,0.322,1,1,1671796,1671261,535
120960201,44.9376,58.2208,517,28772,0.2324,0.95,1,1671837,1671320,517
120963121,37.7875,47.6442,508,28846,0.21448,1,1,1671873,1671365,508
120966041,38.7575,39.1288,510,28919,0.178896,0.94,1,1671912,1671402,510
120968961,46.1515,43.0258,514,28992,0.251779,0.83,1,1671960,1671446,514
120971881,76.4303,54.2052,541,29065,0.282356,0.59,1,1672044,1671503,541
120974801,44.8861,84.441,486,29138,0.272471,0.45,1,1672081,1671595,486
120977721,44.9772,47.2882,493,29211,0.238494,0.45,1,1672126,1671633,493
120980641,45.7954,51.0576,487,29283,0.231699,0.35,1,1672172,1671685,487
120983561,55.5591,47.8115,498,29355,0.23034,0.31,1,1672230,1671732,498
120986481,40.7118,60.7623,471,29427,0.246068,0.21,1,1672267,1671796,471
120989401,37.7424,44.9525,467,29499,0.249214,0.21,1,1672304,1671837,467
120992321,37.1485,37.7905,468,29571,0.265843,0.17,1,1672341,1671873,468
120995241,49.8297,38.7581,482,29643,0.349169,0.27,1,1672394,1671912,482
120998161,76.3659,46.1516,517,29714,0.381834,0.29,1,1672477,1671960,517
121001081,44.0732,76.4303,469,29785,0.404367,0.27,1,1672513,1672044,469
121004001,10.4146,44.8861,434,29856,0.408873,0.23,1,1672515,1672081,434
121006921,37.2829,44.9772,433,29927,0.441775,0.23,1,1672559,1672126,433
121009841,44.2566,45.7954,433,29998,0.480355,0.23,1,1672605,1672172,433
121012761,55.2513,55.5591,433,30069,0.552071,0.25,1,1672663,1672230,433
121015681,42.2503,40.7118,435,30139,0.566414,0.25,1,1672702,1672267,435
121018601,37.2501,37.7424,434,30209,0.569283,0.27,1,1672738,1672304,434
121021521,37.85,37.1485,435,30279,0.617857,0.37,1,1672776,1672341,435
121024441,54.77,49.8297,441,30349,0.595571,0.39,1,1672835,1672394,441
121027361,77.354,76.3659,441,30419,0.623114,0.41,1,1672918,1672477,441
121030281,45.0708,44.0732,442,30489,0.692623,0.41,1,1672955,1672513,442
121033201,10.6142,10.4146,442,30558,0.706525,0.45,1,1672957,1672515,442
121036121,38.9228,37.2829,444,30627,0.709305,0.49,1,1673003,1672559,444
121039041,46.1846,44.2566,446,30696,0.757861,0.57,2,1673051,1672605,446
121041961,58.0369,55.2513,449,30765,0.751572,0.57,2,1673112,1672663,449
121044881,43.6074,42.2503,450,30834,0.750314,0.57,2,1673152,1672702,450
121047801,37.5215,37.2501,450,30903,0.766063,0.63,2,1673188,1672738,450
121050721,38.7043,37.85,451,30971,0.753213,0.59,2,1673227,1672776,451
121053641,55.7409,54.77,452,31039,0.782643,0.63,2,1673287,1672835,452
121056561,78.3482,77.354,453,31107,0.804528,0.71,2,1673371,1672918,453
121059481,46.8696,45.0708,455,31175,0.792906,0.71,2,1673410,1672955,455
121062401,10.9739,10.6142,455,31243,0.790581,0.71,2,1673412,1672957,455
121065321,40.5948,38.9228,457,31311,0.838116,0.71,2,1673460,1673003,457
121068241,46.519,7.78457,505,31379,0.847623,0.77,2,1673508,1673003,505
121071161,58.9038,39.9569,519,31446,0.881525,0.75,2,1673570,1673051,519
121074081,44.5808,56.7914,499,31513,0.936305,0.75,2,1673611,1673112,499
121077001,37.7162,43.3583,495,31580,0.931261,0.77,2,1673647,1673152,495
121208401,48,31,537,34465,0.47,1,1,1675647,1675110,537
121211321,72.8,59,550,34526,0.198,1,1,1675726,1675176,550
121214241,60.96,82.2,520,34587,0.0476,1,1,1675784,1675264,520
121217161,36.992,48.44,511,34648,0.03352,1,1,1675815,1675304,511
121220081,30.5984,37.688,505,34709,0.014704,1,1,1675844,1675339,505
121223001,44.5197,24.3376,532,34770,0.0749408,1,1,1675892,1675360,532
121225921,51.3039,48.0675,531,34831,0.0149882,1,1,1675945,1675414,531
121228841,35.0608,60.8135,498,34892,0.0429976,1,1,1675976,1675478,498
121231761,31.8122,37.7627,497,34953,0.1286,0.83,1,1676007,1675510,497
121234681,23.9624,37.9525,481,35013,0.14572,0.75,1,1676029,1675548,481
121237601,17.5925,31.5905,467,35073,0.133144,0.61,1,1676045,1675578,467
121240521,37.9185,23.1181,489,35133,0.114629,0.47,1,1676088,1675599,489
121243441,58.7837,43.0236,505,35193,0.158926,0.13,1,1676152,1675647,505
121246361,54.1567,71.8047,479,35253,0.0557851,0.01,1,1676205,1675726,479
121249281,35.6313,60.7609,452,35313,0.035157,0.03,1,1676236,1675784,452
121252201,31.9263,36.9522,452,35373,0.00703141,0.01,1,1676267,1675815,452
121255121,46.3853,30.5904,473,35433,0.0254063,0.09,1,1676317,1675844,473
121258041,49.2771,44.5181,475,35493,0.141081,0,1,1676367,1675892,475
121260961,37.8554,51.3036,457,35553,0.0362162,0.05,1,1676402,1675945,457
121263881,33.9711,35.0607,459,35612,0.0632432,0.15,1,1676435,1675976,459
121266801,24.3942,31.8121,450,35671,0.0686487,0.15,1,1676457,1676007,450
121269721,6.47884,23.9624,430,35730,0.0697297,0.13,1,1676459,1676029,430
121272641,10.8958,17.5925,426,35789,0.101946,0.11,1,1676471,1676045,426
121275561,35.7792,37.9185,425,35848,0.108389,0.17,1,1676513,1676088,425
121278481,59.1558,58.7837,426,35907,0.141678,0.03,1,1676578,1676152,426
121281401,53.4312,54.1567,425,35966,0.132336,0.03,1,1676630,1676205,425
121284321,33.8862,35.6313,423,36025,0.0504671,0,1,1676659,1676236,423
121287241,31.5772,31.9263,423,36084,0.0100934,0.03,1,1676690,1676267,423
121290161,48.7155,46.3853,426,36143,0.0260187,0.17,1,1676743,1676317,426
121293081,49.7431,49.2771,426,36201,0.0452037,0.01,1,1676793,1676367,426
121296001,35.5486,37.8554,423,36259,0.0650407,0.07,1,1676825,1676402,423
121298921,35.1097,33.9711,425,36317,0.0690081,0.07,1,1676860,1676435,425
121301841,24.6219,24.3942,425,36375,0.0698016,0.07,1,1676882,1676457,425
121304761,6.52439,6.47884,425,36433,0.0699603,0.11,1,1676884,1676459,425
121307681,10.9049,10.8958,425,36491,0.0699921,0.11,1,1676896,1676471,425
121310601,35.781,35.7792,425,36549,0.101998,0.15,1,1676938,1676513,425
121313521,61.5562,59.1558,428,36607,0.1404,0.13,1,1677006,1676578,428
121316441,52.3112,53.4312,426,36665,0.18008,0.03,1,1677056,1676630,426
121319361,31.2622,33.8862,423,36723,0.188016,0,1,1677082,1676659,423
121322281,30.2524,31.5772,422,36781,0.0776032,0.03,1,1677112,1676690,422
121325201,48.4505,48.7155,422,36838,0.0395206,0.05,1,1677165,1676743,422
121328121,51.2901,49.7431,424,36895,0.0159041,0.07,1,1677217,1676793,424
121331041,35.058,35.5486,423,36952,0.0271808,0.07,1,1677248,1676825,423
121333961,35.0116,35.1097,423,37009,0.0774362,0.07,1,1677283,1676860,423
121336881,24.6023,24.6219,423,37066,0.103487,0.07,1,1677305,1676882,423
121339801,6.52046,6.52439,423,37123,0.0766974,0.07,1,1677307,1676884,423
121342721,10.9041,10.9049,423,37180,0.0713395,0.07,1,1677319,1676896,423
121345641,36.5808,2.18098,466,37237,0.0862679,0.11,1,1677362,1676896,466
121348561,64.9162,34.0362,496,37294,0.105254,0.15,1,1677434,1676938,496
121351481,52.9832,61.2072,478,37351,0.173051,0.19,1,1677484,1677006,478
121354401,32.1966,52.2414,455,37408,0.20261,0.19,1,1677511,1677056,455
121357321,25.6393,31.2483,453,37464,0.176522,0.05,1,1677535,1677082,453
121360241,45.9279,30.2497,474,37520,0.155304,0.03,1,1677586,1677112,474
121363161,50.7856,48.4499,473,37576,0.0870609,0.01,1,1677638,1677165,473
121366081,35.7571,51.29,453,37632,0.0894122,0.03,1,1677670,1677217,453
121369001,36.7514,35.058,459,37688,0.153882,0.09,1,1677707,1677248,459
121371921,24.9503,35.0116,446,37744,0.198776,0.11,1,1677729,1677283,446
121374841,6.59006,24.6023,426,37800,0.207755,0.07,1,1677731,1677305,426
121377761,10.918,6.52046,436,37856,0.225551,0.07,1,1677743,1677307,436
121380681,38.1836,10.9041,469,37912,0.21311,0.09,1,1677788,1677319,469
121383601,66.0367,36.5808,499,37968,0.274622,0.11,1,1677861,1677362,499
121386521,55.6073,64.9162,480,38024,0.238924,0.19,1,1677914,1677434,480
121389441,31.9215,52.9832,456,38080,0.231785,0.21,1,1677940,1677484,456
121392361,25.5843,32.1966,453,38135,0.230357,0.17,1,1677964,1677511,453
121395281,45.1169,25.6393,479,38190,0.246071,0.15,1,1678014,1677535,479
121398201,47.4234,45.9279,476,38245,0.265214,0.07,1,1678062,1677586,476
121401121,35.8847,50.7856,457,38300,0.269043,0.09,1,1678095,1677638,457
121404041,41.5769,35.7571,468,38355,0.333809,0.17,1,1678138,1677670,468
121406961,26.7154,36.7514,454,38410,0.330762,0.21,1,1678161,1677707,454
121409881,6.94308,24.9503,434,38465,0.362152,0.21,1,1678163,1677729,434
121412801,10.9886,6.59006,444,38520,0.36843,0.23,1,1678175,1677731,444
121415721,38.9977,10.918,478,38575,0.385686,0.21,1,1678221,1677743,478
121418641,9.39954,38.1836,435,38630,0.389137,0.29,1,1678223,1677788,435
121421561,61.0799,66.0367,436,38685,0.421827,0.23,1,1678297,1677861,436
121424481,52.216,55.6073,433,38740,0.444366,0.23,1,1678347,1677914,433
121427401,31.2432,31.9215,433,38795,0.432873,0.23,1,1678373,1677940,433
121430321,25.4486,25.5843,433,38849,0.462575,0.25,1,1678397,1677964,433
121433241,45.8897,45.1169,434,38903,0.500515,0.27,1,1678448,1678014,434
121436161,49.1779,47.4234,436,38957,0.508103,0.27,1,1678498,1678062,436
121439081,35.4356,35.8847,435,39011,0.541621,0.35,1,1678530,1678095,435
121442001,44.6871,41.5769,439,39065,0.500324,0.33,1,1678577,1678138,439
121444921,28.1374,26.7154,440,39119,0.556065,0.37,1,1678601,1678161,440
121447841,7.22748,6.94308,440,39173,0.583213,0.37,1,1678603,1678163,440
121450761,11.0455,10.9886,440,39227,0.620643,0.39,1,1678615,1678175,440
121453681,39.8091,38.9977,441,39281,0.612128,0.39,1,1678662,1678221,441
121456601,9.56182,9.39954,441,39335,0.578426,0.43,1,1678664,1678223,441
121459521,61.1124,61.0799,441,39389,0.619685,0.45,1,1678738,1678297,441
121462441,53.8225,52.216,443,39443,0.627937,0.43,1,1678790,1678347,443
121465361,31.5645,31.2432,443,39497,0.661587,0.47,1,1678816,1678373,443
121468281,27.1129,25.4486,445,39550,0.668317,0.51,1,1678842,1678397,445
121471201,46.2226,45.8897,445,39603,0.685664,0.51,1,1678893,1678448,445
121474121,50.8445,49.1779,447,39656,0.705133,0.55,1,1678945,1678498,447
121477041,35.7689,35.4356,447,39709,0.725027,0.49,1,1678977,1678530,447
121479961,43.9538,44.6871,446,39762,0.777005,0.57,2,1679023,1678577,446
121482881,31.1908,28.1374,450,39815,0.755401,0.59,2,1679051,1678601,450
121485801,7.83815,7.22748,450,39868,0.75108,0.63,2,1679053,1678603,450
121488721,11.9676,11.0455,451,39921,0.734216,0.61,1,1679066,1678615,451
121491641,39.1935,39.8091,450,39974,0.762843,0.57,2,1679112,1678662,450
121494561,9.4387,9.56182,450,40027,0.800569,0.63,2,1679114,1678664,450
121497481,61.8877,61.1124,451,40080,0.776114,0.63,2,1679189,1678738,451
121500401,54.7775,12.2225,504,40133,0.803223,0.63,2,1679242,1678738,504
121503321,31.7555,44.0445,478,40186,0.808645,0.67,2,1679268,1678790,478
121506241,28.7511,29.6089,480,40239,0.825729,0.67,2,1679296,1678816,480
121509161,47.3502,26.7218,506,40291,0.845146,0.69,2,1679348,1678842,506
121512081,51.87,46.1444,508,40343,0.897029,0.71,2,1679401,1678893,508
121515001,36.774,50.8289,489,40395,0.907406,0.73,2,1679434,1678945,489
121517921,44.9548,35.7658,504,40447,0.893481,0.79,2,1679481,1678977,504
121520841,29.791,43.9532,484,40499,0.890696,0.75,2,1679507,1679023,484
121523761,7.55819,31.1906,458,40551,0.890139,0.75,2,1679509,1679051,458
121526681,13.5116,7.83813,471,40603,0.874028,0.73,2,1679524,1679053,471
121529601,40.3023,11.9676,505,40655,0.950805,0.77,2,1679571,1679066,505
121696041,29,38,515,43517,0.79,1,2,1681562,1681047,515
121698961,36.2,40.4,512,43565,0.838,1,2,1681600,1681088,512
121701881,42.44,45.68,509,43613,0.7836,1,2,1681644,1681135,509
121704801,30.888,33.936,506,43661,0.75672,1,2,1681672,1681166,506
121707721,29.3776,29.9872,506,43709,0.783344,1,2,1681701,1681195,506
121710641,33.8755,28.3974,513,43757,0.740669,1,1,1681736,1681223,513
121713561,34.7751,34.4795,512,43805,0.700134,1,1,1681771,1681259,512
121716481,30.955,36.4959,505,43853,0.772027,1,2,1681801,1681296,505
121719401,38.991,39.2992,506,43901,0.706405,1,1,1681842,1681336,506
121722321,47.7982,36.6598,520,43949,0.725281,0.97,1,1681892,1681372,520
121725241,28.7596,46.532,495,43997,0.697056,1,1,1681916,1681421,495
121728161,28.9519,30.1064,498,44045,0.691411,0.97,1,1681945,1681447,498
121731081,24.9904,30.8213,491,44093,0.690282,0.93,1,1681969,1681478,491
121734001,24.9981,29.3643,487,44141,0.706056,0.81,1,1681994,1681507,487
121736921,29.7996,26.6729,492,44189,0.709211,0.79,1,1682025,1681533,492
121739841,33.9599,28.5346,498,44237,0.725842,0.85,1,1682060,1681562,498
121742761,39.592,36.1069,501,44285,0.729168,0.77,1,1682101,1681600,501
121745681,31.1184,42.4214,486,44333,0.729834,0.75,1,1682130,1681644,486
121748601,27.8237,30.8843,485,44381,0.777967,0.79,2,1682157,1681672,485
121751521,34.3647,29.3769,492,44429,0.755593,0.73,2,1682193,1681701,492
121754441,8.47295,33.8754,459,44476,0.767119,0.69,2,1682195,1681736,459
121757361,28.0946,34.7751,457,44523,0.833424,0.79,2,1682228,1681771,457
121760281,30.4189,30.955,458,44570,0.830685,0.69,2,1682259,1681801,458
121763201,39.6838,38.991,459,44617,0.830137,0.73,2,1682301,1681842,459
121766121,45.5368,47.7982,456,44664,0.894027,0.69,2,1682348,1681892,456
121769041,28.3074,28.7596,456,44711,0.922805,0.69,2,1682372,1681916,456
121771961,28.0615,28.9519,455,44758,0.896561,0.69,2,1682400,1681945,455
122278581,93,112,447,23360,0.05,0.43,1,1687958,1687511,447
122281501,53.8,39.2,470,24178,0.05,0.09,1,1688002,1687532,470
122284421,66.76,75.84,455,24266,0.01,0.01,1,1688072,1687617,455
122287341,65.352,68.768,453,24353,0.042,0.01,1,1688137,1687684,453
122290261,85.8704,84.9536,455,24440,0.1124,0.03,1,1688228,1687773,455
122293181,65.9741,66.5907,454,24527,0.04648,0.01,1,1688289,1687835,454
122296101,38.7948,37.3181,456,24613,0.017296,0.01,1,1688321,1687865,456
122299021,33.359,45.8636,440,24699,0.0034592,0.01,1,1688353,1687913,440
122301941,29.8718,33.1727,439,24785,0.0566918,0.05,1,1688382,1687943,439
122304861,41.1744,53.8345,424,24871,0.0993384,0,1,1688426,1688002,424
122307781,62.6349,66.7669,422,24956,0.0198677,0.05,1,1688494,1688072,422
122310701,64.527,65.3534,422,25041,0.0439735,0.13,1,1688559,1688137,422
122313621,87.3054,85.8707,424,25126,0.0327947,0.03,1,1688652,1688228,424
122316541,65.4611,65.9741,423,25210,0.0465589,0.01,1,1688712,1688289,423
122319461,39.4922,38.7948,424,25294,0.00931179,0,1,1688745,1688321,424
122322381,32.6984,33.359,423,25378,0.00986236,0.07,1,1688776,1688353,423
122325301,33.7397,29.8718,428,25461,0.0579725,0.07,1,1688810,1688382,428
122328221,38.7479,5.97436,468,25544,0.0515945,0.11,1,1688850,1688382,468
122331141,59.7496,36.3949,489,25627,0.0823189,0,1,1688915,1688426,489
122334061,63.9499,61.679,486,25710,0.0244638,0.05,1,1688980,1688494,486
122336981,87.99,64.3358,515,25792,0.0448928,0.03,1,1689074,1688559,515
122339901,64.798,87.2672,481,25874,0.0489786,0.05,1,1689133,1688652,481
122342821,39.3596,65.4534,454,25956,0.0177957,0,1,1689166,1688712,454
122345741,32.6719,39.4907,452,26038,0.0115591,0.01,1,1689197,1688745,452
122348661,34.5344,32.6981,456,26119,0.0423118,0.07,1,1689232,1688776,456
122351581,39.7069,33.7396,463,26200,0.0644624,0.05,1,1689273,1688810,463
122354501,58.3414,38.7479,486,26281,0.164892,0.09,1,1689336,1688850,486
122357421,63.6683,59.7496,486,26362,0.0409785,0.01,1,1689401,1688915,486
122360341,89.5337,63.9499,517,26442,0.0481957,0.05,1,1689497,1688980,517
122363261,65.9067,87.99,483,26522,0.0496391,0.05,1,1689557,1689074,483
122366181,37.9813,64.798,455,26602,0.0499278,0.01,1,1689588,1689133,455
122369101,32.3963,39.3596,453,26682,0.0179856,0.01,1,1689619,1689166,453
122372021,36.0793,32.6719,459,26761,0.0275971,0.05,1,1689656,1689197,459
122374941,40.0158,34.5344,465,26840,0.0615194,0.07,1,1689697,1689232,465
122377861,9.60317,39.7069,426,26919,0.0683039,0.19,1,1689699,1689273,426
122380781,54.7206,58.3414,429,26998,0.117661,0.01,1,1689765,1689336,429
122383701,57.3441,63.6683,422,27076,0.127532,0.05,1,1689823,1689401,422
122386621,89.8688,89.5337,424,27154,0.0815064,0.05,1,1689921,1689497,424
122389541,65.9738,65.9067,424,27232,0.0403013,0.05,1,1689981,1689557,424
122392461,37.9948,37.9813,424,27310,0.0960603,0.01,1,1690012,1689588,424
122395381,31.599,32.3963,423,27388,0.0592121,0.03,1,1690042,1689619,423
122398301,35.9198,36.0793,423,27465,0.0518424,0.07,1,1690079,1689656,423
122401221,42.384,40.0158,426,27542,0.0503685,0.07,1,1690123,1689697,426
122404141,10.0768,9.60317,426,27619,0.0500737,0.13,1,1690125,1689699,426
122407061,56.4154,54.7206,428,27696,0.0340147,0.13,1,1690193,1689765,428
122409981,56.8831,57.3441,427,27772,0.0468029,0.07,1,1690250,1689823,427
122412901,86.5766,89.8688,423,27848,0.0493606,0.03,1,1690344,1689921,423
122415821,65.3153,65.9738,423,27924,0.0178721,0.11,1,1690404,1689981,423
122418741,40.2631,37.9948,426,28000,0.0115744,0.05,1,1690438,1690012,426
122421661,29.6526,31.599,423,28076,0.0423149,0.05,1,1690465,1690042,423
122424581,36.3305,35.9198,424,28151,0.080463,0.05,1,1690503,1690079,424
122427501,40.8661,42.384,422,28226,0.120093,0.05,1,1690545,1690123,422
122430421,9.77322,10.0768,422,28301,0.128019,0.03,1,1690547,1690125,422
122433341,57.9546,56.4154,424,28376,0.145604,0.03,1,1690617,1690193,424
122436261,54.7909,11.2831,478,28451,0.149121,0.05,1,1690671,1690193,478
122439181,86.1582,47.8566,515,28525,0.101824,0.05,1,1690765,1690250,515
122442101,65.2316,84.7713,481,28599,0.108365,0.01,1,1690825,1690344,481
122445021,40.2463,64.9543,455,28673,0.125673,0.01,1,1690859,1690404,455
122447941,31.2493,40.1909,450,28747,0.113135,0.05,1,1690888,1690438,450
122450861,36.6499,29.6382,461,28821,0.126627,0.09,1,1690926,1690465,461
122453781,42.53,36.3276,467,28894,0.161325,0.13,1,1690970,1690503,467
122456701,10.106,40.8655,427,28967,0.168265,0.13,1,1690972,1690545,427
122459621,58.8212,9.77311,496,29040,0.185653,0.15,1,1691043,1690547,496
122462541,57.3642,57.9546,483,29113,0.237131,0.15,1,1691100,1690617,483
122465461,83.4728,54.7909,519,29186,0.327426,0.09,1,1691190,1690671,519
122468381,66.2946,86.1582,487,29259,0.393485,0.11,1,1691252,1690765,487
122471301,40.4589,65.2316,461,29331,0.422697,0.13,1,1691286,1690825,461
122474221,31.2918,40.2463,456,29403,0.412539,0.11,1,1691315,1690859,456
122477141,36.6584,31.2493,465,29475,0.426508,0.13,1,1691353,1690888,465
122480061,44.1317,36.6499,473,29547,0.429302,0.17,1,1691399,1690926,473
122482981,10.4263,42.53,431,29619,0.42986,0.17,1,1691401,1690970,431
122485901,59.6853,10.106,501,29690,0.461972,0.19,1,1691473,1690972,501
122488821,59.9371,58.8212,490,29761,0.484394,0.25,1,1691533,1691043,490
122491741,87.9874,57.3642,528,29832,0.520879,0.35,1,1691628,1691100,528
122494661,19.1975,83.4728,440,29903,0.528176,0.41,1,1691630,1691190,440
122497581,55.0395,66.2946,442,29974,0.577635,0.43,1,1691694,1691252,442
122500501,39.0079,40.4589,443,30045,0.619527,0.41,1,1691729,1691286,443
122503421,30.2016,31.2918,442,30115,0.595905,0.43,1,1691757,1691315,442
122506341,37.2403,36.6584,443,30185,0.607181,0.43,1,1691796,1691353,443
122509261,45.0481,44.1317,444,30255,0.625436,0.43,1,1691843,1691399,444
122512181,10.6096,10.4263,444,30325,0.629087,0.47,1,1691845,1691401,444
122515101,60.5219,59.6853,445,30395,0.661817,0.49,1,1691918,1691473,445
122518021,60.9044,59.9371,446,30465,0.668364,0.53,1,1691979,1691533,446
122520941,90.5809,87.9874,449,30534,0.669673,0.53,1,1692077,1691628,449
122523861,19.7162,19.1975,449,30603,0.669935,0.59,1,1692079,1691630,449
122526781,57.5432,55.0395,452,30672,0.685987,0.63,1,1692146,1691694,452
122529701,38.7086,39.0079,451,30741,0.689197,0.59,1,1692180,1691729,451
122532621,30.1417,30.2016,451,30810,0.689839,0.61,1,1692208,1691757,451
122535541,38.0283,37.2403,452,30879,0.689968,0.63,1,1692248,1691796,452
122538461,46.8057,45.0481,454,30948,0.705994,0.63,1,1692297,1691843,454
122541381,10.9611,10.6096,454,31016,0.709199,0.67,1,1692299,1691845,454
122544301,61.3922,60.5219,455,31084,0.72584,0.67,1,1692373,1691918,455
122547221,61.0784,60.9044,455,31152,0.761168,0.67,2,1692434,1691979,455
122550141,89.0157,90.5809,453,31220,0.768234,0.67,2,1692530,1692077,453
122553061,19.4031,19.7162,453,31288,0.769647,0.67,2,1692532,1692079,453
122555981,57.4806,3.94323,520,31356,0.833929,0.69,2,1692599,1692079,520
122558901,38.6961,54.3886,487,31423,0.862786,0.69,2,1692633,1692146,487
122561821,30.1392,38.0777,481,31490,0.884557,0.69,2,1692661,1692180,481
122564741,38.0278,30.0155,493,31557,0.888911,0.69,2,1692701,1692208,493
122567661,49.2056,38.0031,505,31624,0.889782,0.71,2,1692753,1692248,505
122570581,11.4411,46.8006,458,31691,0.889957,0.71,2,1692755,1692297,458
122573501,62.2882,10.9601,531,31758,0.921991,0.73,2,1692830,1692299,531
122704901,93,37,569,34627,0.61,1,1,1694882,1694313,569
122707821,45.8,90.6,499,34688,0.514,1,1,1694916,1694417,499
122710741,55.56,42.92,526,34749,0.3508,1,1,1694974,1694448,526
122713661,39.112,54.984,503,34810,0.23816,1,1,1695009,1694506,503
122716581,31.8224,38.9968,498,34871,0.167632,0.92,1,1695039,1694541,498
122719501,32.7645,30.9994,502,34932,0.137526,1,1,1695072,1694570,502
122722421,34.5529,33.3999,503,34993,0.0675053,1,1,1695107,1694604,503
122725341,30.1106,33.88,498,35053,0.101501,1,1,1695136,1694638,498
122728261,35.6221,31.576,504,35113,0.0763002,0.98,1,1695173,1694669,504
122731181,41.5244,32.7152,514,35173,0.05526,0.87,1,1695216,1694702,514
122734101,33.1049,48.943,492,35233,0.051052,0.79,1,1695247,1694755,492
122737021,75.421,36.9886,544,35293,0.0502104,0.61,1,1695333,1694789,544
122739941,36.6842,81.7977,478,35353,0.0660421,0.49,1,1695360,1694882,478
122742861,48.9368,43.5595,496,35413,0.0692084,0.31,1,1695412,1694916,496
122745781,31.3874,55.1119,465,35473,0.117842,0.21,1,1695439,1694974,465
122748701,28.6775,39.0224,458,35533,0.0635683,0.15,1,1695467,1695009,458
122751621,30.5355,31.8045,459,35592,0.116714,0.13,1,1695498,1695039,459
122754541,31.7071,32.7609,458,35651,0.0953427,0.05,1,1695530,1695072,458
122757461,7.94142,34.5522,425,35710,0.0910685,0.11,1,1695532,1695107,425
122760381,26.3883,30.1104,427,35769,0.170214,0.07,1,1695563,1695136,427
122763301,33.2777,35.6221,425,35828,0.218043,0.05,1,1695598,1695173,425
122766221,40.2555,41.5244,424,35887,0.291609,0.05,1,1695640,1695216,424
122769141,34.4511,33.1049,426,35946,0.290322,0.05,1,1695673,1695247,426
122772061,74.0902,75.421,424,36005,0.354064,0.07,1,1695757,1695333,424
122774981,37.218,36.6842,425,36064,0.366813,0.07,1,1695785,1695360,425
122777901,49.0436,48.9368,425,36123,0.369363,0.13,1,1695837,1695412,425
122780821,32.2087,31.3874,426,36182,0.369873,0.05,1,1695865,1695439,426
122783741,28.8417,28.6775,426,36240,0.369975,0.13,1,1695893,1695467,426
122786661,32.1683,30.5355,428,36298,0.369995,0.09,1,1695926,1695498,428
122789581,30.4337,31.7071,426,36356,0.369999,0.09,1,1695956,1695530,426
122792501,7.68673,7.94142,426,36414,0.37,0.19,1,1695958,1695532,426
122795421,30.3373,26.3883,431,36472,0.354,0.23,1,1695994,1695563,431
122798341,35.6675,33.2777,433,36530,0.3508,0.31,1,1696031,1695598,433
122801261,43.9335,40.2555,437,36588,0.36616,0.29,1,1696077,1695640,437
122804181,34.3867,34.4511,436,36646,0.337232,0.37,1,1696109,1695673,436
122807101,77.2773,74.0902,440,36704,0.379446,0.37,1,1696197,1695757,440
122810021,37.8555,37.218,440,36762,0.403889,0.37,1,1696225,1695785,440
122812941,49.1711,49.0436,440,36819,0.408778,0.37,1,1696277,1695837,440
122815861,32.2342,32.2087,440,36876,0.377756,0.37,1,1696305,1695865,440
122818781,29.6468,28.8417,441,36933,0.387551,0.37,1,1696334,1695893,441
122821701,31.5294,32.1683,440,36990,0.35751,0.37,1,1696366,1695926,440
122824621,31.1059,30.4337,441,37047,0.367502,0.37,1,1696397,1695956,441
122827541,7.82117,7.68673,441,37104,0.3695,0.35,1,1696399,1695958,441
122830461,29.5642,30.3373,440,37161,0.3699,0.35,1,1696434,1695994,440
122833381,33.9128,6.06747,475,37218,0.36998,0.35,1,1696469,1695994,475
122836301,42.7826,30.8135,483,37275,0.385996,0.37,1,1696514,1696031,483
122839221,34.9565,42.9627,470,37332,0.389199,0.33,1,1696547,1696077,470
122842141,77.3913,34.1925,526,37389,0.43784,0.39,1,1696635,1696109,526
122845061,38.6783,77.2385,467,37446,0.495568,0.41,1,1696664,1696197,467
122847981,49.3357,37.8477,491,37502,0.539114,0.41,1,1696716,1696225,491
122850901,32.2671,49.1695,467,37558,0.547823,0.37,1,1696744,1696277,467
122853821,28.8534,32.2339,467,37614,0.549565,0.39,1,1696772,1696305,467
122856741,31.3707,29.6468,470,37670,0.549913,0.35,1,1696804,1696334,470
122859661,30.2741,31.5294,468,37726,0.549983,0.37,1,1696834,1696366,468
122862581,7.65483,31.1059,439,37782,0.549996,0.37,1,1696836,1696397,439
122865501,29.531,7.82117,472,37838,0.581999,0.37,1,1696871,1696399,472
122868421,36.3062,29.5642,475,37894,0.6204,0.37,1,1696909,1696434,475
122871341,43.2612,33.9128,485,37950,0.66008,0.39,1,1696954,1696469,485
122874261,36.6522,42.7826,475,38006,0.732016,0.39,1,1696989,1696514,475
122877181,78.5305,34.9565,531,38062,0.826403,0.45,2,1697078,1696547,531
122880101,42.9061,77.3913,477,38118,0.861281,0.51,2,1697112,1696635,477
122883021,50.1812,38.6783,500,38173,0.884256,0.55,2,1697164,1696664,500
122885941,32.4362,49.3357,476,38228,0.888851,0.55,2,1697192,1696716,476
122888861,28.8872,32.2671,476,38283,0.88977,0.55,2,1697220,1696744,476
122891781,31.3774,28.8534,480,38338,0.889954,0.55,2,1697252,1696772,480
122894701,31.0755,31.3707,479,38393,0.873991,0.55,2,1697283,1696804,479
122897621,7.8151,30.2741,451,38448,0.870798,0.55,2,1697285,1696834,451
122900541,30.363,7.65483,485,38503,0.90216,0.59,2,1697321,1696836,485
122903461,38.0726,29.531,490,38558,0.908432,0.63,2,1697361,1696871,490
122906381,45.2145,36.3062,499,38613,0.925686,0.67,2,1697408,1696909,499
122909301,10.6429,43.2612,456,38668,0.929137,0.75,2,1697410,1696954,456
123090341,24,24,487,41918,0.71,1,1,1699697,1699210,487
123093261,24,22.4,489,41968,0.694,1,1,1699721,1699232,489
123096181,22.4,30.08,479,42018,0.5948,1,1,1699743,1699264,479
123099101,27.68,29.216,479,42068,0.43096,1,1,1699772,1699293,479
123102021,31.136,27.4432,484,42118,0.334192,1,1,1699804,1699320,484
123104941,28.6272,24.6886,488,42168,0.234838,1,1,1699832,1699344,488
123107861,74.5254,85.7377,473,42218,0.0549677,1,1,1699918,1699445,473
123110781,39.7051,41.1475,474,42268,0.0349935,1,1,1699949,1699475,474
123113701,31.941,33.0295,473,42318,0.0469987,0.93,1,1699979,1699506,473
123116621,28.7882,31.4059,470,42368,0.0493997,0.97,1,1700007,1699537,470
123119541,40.1576,35.8812,476,42418,0.0658799,0.97,1,1700050,1699574,476
123122461,28.8315,31.1762,472,42468,0.085176,0.89,1,1700076,1699604,472
123125381,31.3663,35.0352,468,42518,0.0570352,0.82,1,1700108,1699640,468
123128301,25.4733,33.407,459,42568,0.099407,0.71,1,1700132,1699673,459
123131221,21.0947,25.8814,455,42618,0.107881,0.69,1,1700152,1699697,455
123134141,19.4189,24.3763,450,42668,0.0935763,0.57,1,1700171,1699721,450
123137061,20.6838,22.4753,449,42717,0.0907153,0.39,1,1700192,1699743,449
123139981,22.5368,27.6951,443,42766,0.106143,0.31,1,1700215,1699772,443
123142901,25.3074,31.139,437,42815,0.109229,0.21,1,1700241,1699804,437
123145821,21.8615,28.6278,430,42864,0.0618457,0.01,1,1700262,1699832,430
123148741,66.7723,74.5256,422,42913,0.0523691,0.03,1,1700340,1699918,422
123151661,38.1545,39.7051,422,42962,0.0504738,0.05,1,1700371,1699949,422
123154581,31.6309,31.941,422,43011,0.0660948,0.05,1,1700401,1699979,422
123157501,27.9262,6.3882,449,43060,0.021219,0.05,1,1700428,1699979,449
123160421,41.5852,23.6776,466,43109,0.0282438,0.07,1,1700473,1700007,466
123163341,30.717,39.1355,451,43158,0.0136488,0.09,1,1700501,1700050,451
123166261,30.1434,28.6271,455,43207,0.0267298,0.05,1,1700531,1700076,455
123169181,26.0287,31.3254,448,43256,0.0613459,0.11,1,1700556,1700108,448
123172101,21.2057,25.4651,444,43305,0.0522692,0.11,1,1700576,1700132,444
123175021,18.6411,21.093,442,43354,0.114454,0.09,1,1700594,1700152,442
123177941,22.1282,19.4186,446,43403,0.158891,0.09,1,1700617,1700171,446
123180861,22.0256,20.6837,447,43452,0.167778,0.11,1,1700639,1700192,447
123183781,25.2051,22.5367,450,43501,0.169556,0.11,1,1700665,1700215,450
123186701,22.641,25.3073,446,43550,0.169911,0.05,1,1700687,1700241,446
123189621,63.7282,21.8615,499,43598,0.185982,0.05,1,1700761,1700262,499
123192541,37.5456,66.7723,452,43646,0.237196,0.05,1,1700792,1700340,452
123195461,32.3091,38.1545,452,43694,0.167439,0.07,1,1700823,1700371,452
123198381,28.0618,31.6309,449,43742,0.169488,0.01,1,1700850,1700401,449
123201301,42.4124,27.9262,468,43790,0.0898976,0.03,1,1700896,1700428,468
123204221,30.0825,41.5852,450,43838,0.0739795,0.01,1,1700923,1700473,450
123207141,30.0165,30.717,452,43886,0.118796,0.03,1,1700953,1700501,452
123210061,28.4033,30.1434,450,43934,0.159759,0.07,1,1700981,1700531,450
123212981,21.6807,26.0287,445,43982,0.135952,0.05,1,1701001,1700556,445
123215901,20.3361,21.2057,445,44030,0.17919,0.13,1,1701021,1700576,445
123218821,24.0672,18.6411,452,44078,0.187838,0.17,1,1701046,1700594,452
123221741,22.4134,22.1282,451,44126,0.205568,0.17,1,1701068,1700617,451
123224661,25.2827,22.0256,455,44174,0.209114,0.17,1,1701094,1700639,455
123227581,22.6565,25.2051,451,44222,0.209823,0.17,1,1701116,1700665,451
123230501,64.5313,22.641,504,44270,0.209965,0.19,1,1701191,1700687,504
123233421,36.9063,63.7282,460,44318,0.241993,0.25,1,1701221,1700761,460
123236341,31.3813,37.5456,459,44366,0.248399,0.15,1,1701251,1700792,459
123239261,27.0763,32.3091,454,44414,0.26568,0.17,1,1701277,1700823,454
123242181,39.8153,28.0618,470,44461,0.285136,0.07,1,1701320,1700850,470
123245101,9.56305,42.4124,426,44508,0.289027,0.07,1,1701322,1700896,426
123248021,23.5126,30.0825,426,44555,0.305805,0.13,1,1701349,1700923,426
123250941,30.3025,30.0165,428,44602,0.309161,0.17,1,1701381,1700953,428
123253861,28.4605,28.4033,428,44649,0.309832,0.13,1,1701409,1700981,428
123256781,23.2921,21.6807,430,44696,0.325966,0.19,1,1701431,1701001,430
123259701,21.4584,20.3361,431,44743,0.313193,0.19,1,1701452,1701021,431
123262621,25.0917,24.0672,432,44790,0.374639,0.21,1,1701478,1701046,432
123265541,22.6183,22.4134,432,44837,0.370928,0.21,1,1701500,1701068,432
123268461,25.3237,25.2827,432,44884,0.370186,0.21,1,1701526,1701094,432
123271381,22.6647,22.6565,432,44931,0.386037,0.21,1,1701548,1701116,432
123274301,64.5329,64.5313,432,44978,0.421207,0.25,1,1701623,1701191,432
123277221,38.5066,36.9063,434,45025,0.428241,0.25,1,1701655,1701221,434
123280141,32.5013,31.3813,435,45072,0.445648,0.27,1,1701686,1701251,435
123283061,27.3003,27.0763,435,45119,0.41713,0.29,1,1701712,1701277,435
123285981,40.6601,39.8153,436,45166,0.443426,0.29,1,1701756,1701320,436
123288901,9.73201,9.56305,436,45213,0.448685,0.31,1,1701758,1701322,436
123291821,24.3464,23.5126,437,45260,0.433737,0.31,1,1701786,1701349,437
123294741,30.4693,30.3025,437,45307,0.446747,0.31,1,1701818,1701381,437
123297661,28.4939,28.4605,437,45354,0.465349,0.33,1,1701846,1701409,437
123300581,24.0988,23.2921,438,45400,0.45307,0.31,1,1701869,1701431,438
123303501,20.8198,21.4584,437,45446,0.482614,0.39,1,1701889,1701452,437
123306421,26.564,25.0917,439,45492,0.424523,0.37,1,1701917,1701478,439
123309341,23.7128,22.6183,440,45538,0.460905,0.37,1,1701940,1701500,440
123312261,25.5426,25.3237,440,45584,0.500181,0.39,1,1701966,1701526,440
123315181,23.5085,22.6647,441,45630,0.508036,0.43,1,1701989,1701548,441
123318101,66.3017,64.5329,443,45676,0.605607,0.43,1,1702066,1701623,443
123321021,38.8603,38.5066,443,45722,0.625121,0.45,1,1702098,1701655,443
123323941,31.7721,32.5013,442,45768,0.629024,0.41,1,1702128,1701686,442
123326861,27.9544,27.3003,443,45814,0.613805,0.45,1,1702155,1701712,443
123329781,39.9909,40.6601,442,45860,0.610761,0.45,1,1702198,1701756,442
123332701,9.59818,9.73201,442,45906,0.610152,0.45,1,1702200,1701758,442
123335621,25.1196,1.9464,471,45952,0.59403,0.43,1,1702229,1701758,471
123338541,31.4239,22.7893,476,45998,0.606806,0.45,1,1702262,1701786,476
123341461,28.6848,30.1579,472,46044,0.609361,0.47,1,1702290,1701818,472
123344381,23.337,28.4316,466,46090,0.609872,0.45,1,1702312,1701846,466
123347301,20.6674,24.0863,463,46136,0.609974,0.49,1,1702332,1701869,463
123350221,24.9335,20.8173,469,46182,0.609995,0.41,1,1702358,1701889,469
123353141,24.9867,26.5635,466,46228,0.641999,0.47,1,1702383,1701917,466
123356061,26.5973,23.7127,470,46274,0.6644,0.51,1,1702410,1701940,470
123358981,26.1195,25.5425,470,46320,0.66888,0.51,1,1702436,1701966,470
123361901,69.2239,23.5085,527,46366,0.717776,0.63,1,1702516,1701989,527
123364821,39.4448,66.3017,482,46411,0.727555,0.63,1,1702548,1702066,482
123367741,31.889,38.8603,480,46456,0.729511,0.63,1,1702578,1702098,480
123370661,27.1778,31.7721,476,46501,0.729902,0.61,1,1702604,1702128,476
123373581,41.4356,27.9544,494,46546,0.74598,0.61,1,1702649,1702155,494
123376501,9.88711,39.9909,453,46591,0.749196,0.61,1,1702651,1702198,453
123379421,24.3774,9.59818,479,46636,0.749839,0.59,1,1702679,1702200,479
123382341,32.0755,25.1196,484,46681,0.813968,0.61,2,1702713,1702229,484
123385261,28.8151,31.4239,479,46726,0.842794,0.61,2,1702741,1702262,479
123388181,23.363,28.6848,473,46771,0.848559,0.61,2,1702763,1702290,473
123391101,20.6726,23.337,471,46816,0.865712,0.61,2,1702783,1702312,471
123394021,24.9345,20.6674,477,46861,0.885142,0.61,2,1702809,1702332,477
123396941,25.7869,24.9335,477,46906,0.889028,0.65,2,1702835,1702358,477
123399861,28.3574,24.9867,481,46951,0.905806,0.67,2,1702864,1702383,481
123402781,26.4715,26.5973,480,46996,0.925161,0.67,2,1702890,1702410,480
123405701,71.6943,26.1195,537,47041,0.961032,0.73,2,1702973,1702436,537
123604261,25,14,474,22724,0.01,0.79,1,1705243,1704769,474
123607181,17.8,22.8,465,22817,0.042,0.59,1,1705259,1704794,465
123610101,83.56,59.76,496,22910,0.0644,0.31,1,1705359,1704863,496
123613021,80.712,91.952,476,23003,0.06888,0.13,1,1705439,1704963,476
123615941,48.1424,81.5904,437,23095,0.069776,0.07,1,1705479,1705042,437
123618861,66.4285,66.7181,445,23187,0.0699552,0.01,1,1705550,1705105,445
123621781,58.8857,49.3436,457,23278,0.013991,0.03,1,1705607,1705150,457
123624701,58.1771,64.2687,447,23369,0.0427982,0.01,1,1705665,1705218,447
123627621,24.4354,32.8537,438,23460,0.0165596,0.05,1,1705681,1705243,438
123630541,88.0871,19.3707,526,23550,0.0273119,0.07,1,1705785,1705259,526
123633461,78.4174,83.8741,502,23640,0.0454624,0.07,1,1705861,1705359,502
123636381,50.8835,80.7748,466,23730,0.0810925,0.07,1,1705905,1705439,466
123639301,63.7767,48.155,493,23819,0.136218,0.07,1,1705972,1705479,493
123642221,59.1553,66.431,480,23908,0.0512437,0,1,1706030,1705550,480
123645141,13.4311,58.8862,425,23997,0.0102487,0.05,1,1706032,1705607,425
123648061,48.2862,58.1772,424,24085,0.10605,0.01,1,1706089,1705665,424
123650981,20.8572,24.4354,422,24173,0.12521,0.03,1,1706103,1705681,422
123653901,88.1714,88.0871,423,24261,0.049042,0.05,1,1706208,1705785,423
123656821,79.2343,78.4174,424,24348,0.0658084,0.09,1,1706285,1705861,424
123659741,53.4469,50.8835,427,24435,0.0851617,0.15,1,1706332,1705905,427
123662661,65.8894,63.7767,429,24522,0.137032,0.03,1,1706401,1705972,429
123665581,55.5779,59.1553,424,24608,0.131406,0,1,1706454,1706030,424
123668501,12.7156,13.4311,424,24694,0.130281,0.13,1,1706456,1706032,424
123671421,49.7431,48.2862,426,24780,0.0980563,0.13,1,1706515,1706089,426
123674341,21.1486,20.8572,426,24866,0.155611,0.03,1,1706529,1706103,426
123677261,85.8297,88.1714,423,24951,0.183122,0.07,1,1706631,1706208,423
123680181,80.3659,79.2343,425,25036,0.268624,0.09,1,1706710,1706285,425
123683101,52.8732,53.4469,424,25121,0.317725,0.15,1,1706756,1706332,424
123686021,68.1746,65.8894,427,25205,0.359545,0.13,1,1706828,1706401,427
123688941,55.2349,55.5779,426,25289,0.415909,0.13,1,1706880,1706454,426
123691861,12.647,12.7156,426,25373,0.427182,0.09,1,1706882,1706456,426
123694781,50.5294,49.7431,427,25457,0.413436,0.09,1,1706942,1706515,427
123697701,21.3059,9.94862,441,25540,0.378687,0.17,1,1706956,1706515,441
123700621,88.2612,13.1897,532,25623,0.403737,0.19,1,1707061,1706529,532
123703541,84.8522,84.2379,514,25706,0.472748,0.29,1,1707145,1706631,514
123706461,53.7704,80.0476,481,25788,0.486549,0.33,1,1707191,1706710,481
123709381,71.5541,52.8095,511,25870,0.48931,0.37,1,1707267,1706756,511
123712301,56.7108,68.1619,492,25952,0.521862,0.43,1,1707320,1706828,492
123715221,12.9422,55.2324,442,26034,0.528372,0.43,1,1707322,1706880,442
123718141,49.7884,12.6465,499,26115,0.545675,0.41,1,1707381,1706882,499
123721061,21.1577,50.5293,453,26196,0.549135,0.37,1,1707395,1706942,453
123723981,89.8315,21.3059,546,26277,0.613827,0.41,1,1707502,1706956,546
123726901,88.3663,88.2612,529,26358,0.642765,0.49,1,1707590,1707061,529
123729821,55.2733,84.8522,492,26438,0.648553,0.49,1,1707637,1707145,492
123732741,71.0547,53.7704,521,26518,0.665711,0.49,1,1707712,1707191,521
123735661,58.2109,71.5541,500,26598,0.717142,0.53,1,1707767,1707267,500
123738581,13.2422,56.7108,449,26678,0.727428,0.53,1,1707769,1707320,449
123741501,50.6484,12.9422,507,26757,0.745486,0.55,1,1707829,1707322,507
123744421,21.3297,49.7884,462,26836,0.749097,0.55,1,1707843,1707381,462
123747341,93.8659,21.1577,560,26915,0.829819,0.63,2,1707955,1707395,560
123750261,20.3732,89.8315,455,26994,0.813964,0.65,2,1707957,1707502,455
123753181,74.4746,88.3663,455,27072,0.842793,0.65,2,1708045,1707590,455
123756101,52.4949,55.2733,455,27150,0.832559,0.67,2,1708092,1707637,455
123759021,72.099,71.0547,457,27228,0.862512,0.73,2,1708169,1707712,457
123761941,59.2198,58.2109,458,27306,0.916502,0.73,2,1708225,1707767,458
123764861,13.444,13.2422,458,27384,0.927301,0.75,2,1708227,1707769,458
123767781,51.4888,50.6484,459,27461,0.88146,0.75,2,1708288,1707829,459
123770701,21.4978,21.3297,459,27538,0.920292,0.85,2,1708302,1707843,459
123887501,62,55,489,30461,0.45,1,1,1710403,1709914,489
123890421,60.4,54.2,495,30530,0.274,1,1,1710463,1709968,495
123893341,39.28,34.04,500,30599,0.1268,1,1,1710497,1709997,500
123896261,46.256,53.208,490,30668,0.04936,1,1,1710545,1710055,490
123899181,49.2512,56.2416,483,30737,0.065872,1,1,1710595,1710112,483
123902101,35.4502,36.0483,484,30806,0.0851744,1,1,1710627,1710143,484
123905021,33.49,33.6097,484,30875,0.0250349,0.97,1,1710660,1710176,484
123907941,28.298,39.5219,470,30944,0.061007,0.77,1,1710687,1710217,470
123910861,69.6596,79.9044,460,31012,0.0682014,0.61,1,1710767,1710307,460
123913781,34.7319,43.1809,452,31080,0.0536403,0.45,1,1710793,1710341,452
123916701,44.5464,58.2362,437,31148,0.0667281,0.23,1,1710840,1710403,437
123919621,52.9093,59.6472,432,31216,0.0853456,0.09,1,1710895,1710463,432
123922541,33.7819,39.1294,427,31284,0.105069,0.09,1,1710924,1710497,427
123925461,41.9564,7.82589,471,31352,0.0770138,0.03,1,1710968,1710497,471
123928381,48.3913,39.9652,473,31419,0.119403,0.07,1,1711018,1710545,473
123931301,34.4783,47.993,454,31486,0.0798806,0.09,1,1711049,1710595,454
123934221,34.8957,35.1986,457,31553,0.0559761,0.01,1,1711084,1710627,457
123937141,29.3791,33.4397,452,31620,0.0511952,0.07,1,1711112,1710660,452
123940061,69.0758,28.2879,504,31687,0.098239,0.07,1,1711191,1710687,504
123942981,32.2152,69.6576,447,31754,0.139648,0.05,1,1711214,1710767,447
123945901,46.443,34.7315,471,31821,0.13193,0.07,1,1711264,1710793,471
123948821,52.4886,44.5463,478,31887,0.178386,0.09,1,1711318,1710840,478
123951741,32.8977,52.9093,451,31953,0.203677,0.11,1,1711346,1710895,451
123954661,41.7795,33.7819,466,32019,0.208735,0.07,1,1711390,1710924,466
123957581,52.3559,41.9564,477,32085,0.193747,0.13,1,1711445,1710968,477
123960501,31.2712,48.3913,453,32151,0.222749,0.07,1,1711471,1711018,453
123963421,33.4542,34.4783,456,32217,0.19655,0.05,1,1711505,1711049,456
123966341,29.0908,34.8957,449,32283,0.15931,0.05,1,1711533,1711084,449
123969261,73.8182,29.3791,506,32349,0.167862,0.11,1,1711618,1711112,506
123972181,33.9636,69.0758,451,32414,0.137572,0.15,1,1711642,1711191,451
123975101,47.5927,32.2152,479,32479,0.147514,0.13,1,1711693,1711214,479
123978021,53.5185,46.443,484,32544,0.245503,0.19,1,1711748,1711264,484
123980941,33.9037,52.4886,459,32609,0.249101,0.21,1,1711777,1711318,459
123983861,41.9807,32.8977,475,32674,0.24982,0.21,1,1711821,1711346,475
123986781,52.3961,41.7795,486,32739,0.249964,0.19,1,1711876,1711390,486
123989701,12.0792,52.3559,433,32804,0.249993,0.23,1,1711878,1711445,433
123992621,23.2158,31.2712,433,32868,0.297999,0.19,1,1711904,1711471,433
123995541,30.2432,33.4542,431,32932,0.3076,0.15,1,1711936,1711505,431
123998461,25.2486,29.0908,427,32996,0.30952,0.17,1,1711960,1711533,427
124001381,73.8497,73.8182,428,33060,0.325904,0.13,1,1712046,1711618,428
124004301,33.9699,33.9636,428,33124,0.329181,0.15,1,1712070,1711642,428
124007221,49.194,47.5927,430,33188,0.393836,0.27,1,1712123,1711693,430
124010141,57.8388,53.5185,435,33252,0.422767,0.25,1,1712183,1711748,435
124013061,33.9678,33.9037,434,33316,0.412553,0.25,1,1712211,1711777,434
124015981,42.7936,41.9807,435,33379,0.426511,0.25,1,1712256,1711821,435
124018901,53.3587,52.3961,436,33442,0.477302,0.25,1,1712312,1711876,436
124021821,12.2717,12.0792,436,33505,0.45546,0.31,1,1712314,1711878,436
124024741,24.0543,23.2158,437,33568,0.467092,0.31,1,1712341,1711904,437
124027661,30.4109,30.2432,437,33631,0.485418,0.31,1,1712373,1711936,437
124030581,25.2822,25.2486,437,33694,0.473084,0.33,1,1712397,1711960,437
124033501,74.6564,73.8497,438,33757,0.470617,0.33,1,1712484,1712046,438
124036421,34.1313,33.9699,438,33820,0.502123,0.41,1,1712508,1712070,438
124039341,50.8263,49.194,440,33883,0.588425,0.43,1,1712563,1712123,440
124042261,58.9653,57.8388,441,33945,0.621685,0.41,1,1712624,1712183,441
124045181,34.9931,33.9678,442,34007,0.596337,0.43,1,1712653,1712211,442
124048101,43.7986,42.7936,443,34069,0.655267,0.49,1,1712699,1712256,443
124051021,54.3597,53.3587,444,34131,0.715053,0.45,1,1712756,1712312,444
124053941,12.4719,12.2717,444,34193,0.695011,0.47,1,1712758,1712314,444
124056861,23.2944,24.0543,443,34255,0.723002,0.47,1,1712784,1712341,443
124059781,31.0589,4.81087,476,34317,0.7286,0.49,1,1712817,1712341,476
124062701,25.4118,26.5622,468,34379,0.69772,0.47,1,1712841,1712373,468
124065621,74.6824,24.5124,531,34441,0.707544,0.47,1,1712928,1712397,531
124068541,34.9365,74.5025,469,34502,0.725509,0.51,1,1712953,1712484,469
124071461,54.1873,34.1005,504,34563,0.729102,0.61,1,1713012,1712508,504
124074381,60.4375,50.8201,511,34624,0.74582,0.63,1,1713074,1712563,511
124077301,36.0875,58.964,480,34685,0.797164,0.59,2,1713104,1712624,480
124080221,44.8175,34.9928,498,34746,0.791433,0.67,2,1713151,1712653,498
124083141,56.9635,43.7986,512,34807,0.790287,0.73,2,1713211,1712699,512
124086061,12.9927,54.3597,457,34868,0.790057,0.69,2,1713213,1712756,457
124088981,23.3985,12.4719,481,34929,0.822011,0.73,2,1713239,1712758,481
124091901,31.0797,23.2944,488,34990,0.844402,0.73,2,1713272,1712784,488
124094821,25.4159,31.0589,479,35050,0.86488,0.69,2,1713296,1712817,479
124097741,75.4832,25.4118,543,35110,0.900976,0.71,2,1713384,1712841,543
124100661,34.2966,74.6824,480,35170,0.908195,0.73,2,1713408,1712928,480
124103581,55.6593,34.9365,516,35230,0.909639,0.73,2,1713469,1712953,516
124106501,61.5319,54.1873,520,35290,0.909928,0.75,2,1713532,1713012,520
124243741,52,27,530,38003,0.49,1,1,1715365,1714835,530
124246661,56,49.4,532,38059,0.346,1,1,1715422,1714890,532
124249581,49.6,59.48,518,38115,0.1732,1,1,1715470,1714952,518
124252501,32.32,44.696,505,38170,0.03464,1,1,1715498,1714993,505
124255421,72.864,37.7392,552,38225,0.030928,1,1,1715581,1715029,552
124258341,38.5728,65.9478,509,38280,0.0621856,1,1,1715611,1715102,509
124261261,31.7146,42.7896,502,38335,0.0844371,1,1,1715641,1715139,502
124264181,31.1429,32.5579,503,38390,0.0568874,0.95,1,1715672,1715169,503
124267101,23.0286,32.1116,492,38445,0.0353775,0.9,1,1715693,1715201,492
124270021,21.4057,24.8223,490,38500,0.0310755,0.99,1,1715714,1715224,490
124272941,34.6811,22.5645,506,38555,0.0302151,0.87,1,1715752,1715246,506
124275861,18.1362,38.1129,478,38610,0.030043,0.76,1,1715766,1715288,478
124278781,5.22725,27.6226,455,38665,0.0460086,0.49,1,1715768,1715313,455
124281701,37.0454,47.1245,448,38720,0.0492017,0.31,1,1715813,1715365,448
124284621,42.6091,55.0249,435,38775,0.0978403,0.13,1,1715857,1715422,435
124287541,42.1218,49.405,429,38829,0.0755681,0,1,1715899,1715470,429
124290461,29.2244,32.281,427,38883,0.0391136,0.03,1,1715925,1715498,427
124293381,69.0449,72.8562,423,38937,0.0158227,0.07,1,1716004,1715581,423
124296301,37.009,38.5712,422,38991,0.0111645,0.09,1,1716033,1715611,422
124299221,32.2018,31.7142,423,39045,0.0102329,0.05,1,1716064,1715641,423
124302141,30.4404,31.1429,422,39099,0.0420466,0.03,1,1716094,1715672,422
124305061,24.4881,23.0286,424,39153,0.0324093,0.03,1,1716117,1715693,424
124307981,21.6976,21.4057,424,39207,0.0464819,0.03,1,1716138,1715714,424
124310901,33.9395,34.6811,423,39261,0.0492964,0.03,1,1716175,1715752,423
124313821,20.3879,18.1362,426,39315,0.0658593,0.05,1,1716192,1715766,426
124316741,5.67758,5.22725,426,39369,0.0691719,0.05,1,1716194,1715768,426
124319661,35.5355,37.0454,424,39423,0.0378344,0.11,1,1716237,1715813,424
124322581,43.1071,42.6091,425,39477,0.0315669,0.07,1,1716282,1715857,425
124325501,43.8214,42.1218,427,39530,0.0783134,0.03,1,1716326,1715899,427
124328421,26.3643,29.2244,423,39583,0.0876627,0.01,1,1716348,1715925,423
124331341,68.4729,69.0449,423,39636,0.105533,0.01,1,1716427,1716004,423
124334261,36.0946,37.009,422,39689,0.0931065,0.01,1,1716455,1716033,422
124337181,32.0189,32.2018,422,39742,0.0266213,0.05,1,1716486,1716064,422
124340101,30.4038,30.4404,422,39795,0.0293243,0.03,1,1716516,1716094,422
124343021,25.2808,24.4881,423,39848,0.0138649,0.05,1,1716540,1716117,423
124345941,21.0562,21.6976,422,39901,0.010773,0.05,1,1716560,1716138,422
124348861,35.4112,33.9395,424,39954,0.0581546,0.07,1,1716599,1716175,424
124351781,19.8822,20.3879,423,40007,0.0996309,0.07,1,1716615,1716192,423
124354701,5.57645,5.67758,423,40060,0.107926,0.07,1,1716617,1716194,423
124357621,34.7153,1.13552,465,40113,0.0775852,0.03,1,1716659,1716194,465
124360541,42.9431,34.6271,467,40166,0.0875171,0.03,1,1716704,1716237,467
124363461,44.5886,42.9254,467,40219,0.0735034,0.09,1,1716749,1716282,467
124366381,27.3177,43.7851,446,40271,0.102701,0.09,1,1716772,1716326,446
124369301,68.6635,26.357,503,40323,0.10854,0.11,1,1716851,1716348,503
124372221,36.1327,68.4714,452,40375,0.109708,0.09,1,1716879,1716427,452
124375141,29.6265,36.0943,452,40427,0.109942,0.01,1,1716907,1716455,452
124378061,31.5253,32.0189,453,40479,0.0619883,0.03,1,1716939,1716486,453
124380981,23.9051,30.4038,445,40531,0.100398,0.01,1,1716961,1716516,445
124383901,21.581,25.2808,442,40583,0.0920795,0.01,1,1716982,1716540,442
124386821,37.1162,21.0562,463,40635,0.0904159,0.07,1,1717023,1716560,463
124389741,20.2232,35.4112,440,40687,0.0900832,0.11,1,1717039,1716599,440
124392661,5.64465,19.8822,426,40739,0.0900166,0.11,1,1717041,1716615,426
124395581,35.5289,5.57645,467,40791,0.106003,0.07,1,1717084,1716617,467
124398501,43.1058,34.7153,470,40843,0.109201,0.09,1,1717129,1716659,470
124401421,44.6212,42.9431,470,40895,0.14184,0.07,1,1717174,1716704,470
124404341,26.5242,44.5886,447,40947,0.164368,0.11,1,1717196,1716749,447
124407261,70.1048,27.3177,505,40999,0.168874,0.11,1,1717277,1716772,505
124410181,36.421,68.6635,454,41050,0.185775,0.11,1,1717305,1716851,454
124413101,28.8842,36.1327,453,41101,0.189155,0.11,1,1717332,1716879,453
124416021,31.3768,29.6265,457,41152,0.237831,0.05,1,1717364,1716907,457
124418941,24.6754,31.5253,448,41203,0.247566,0.11,1,1717387,1716939,448
124421861,21.7351,23.9051,447,41254,0.265513,0.09,1,1717408,1716961,447
124424781,36.347,21.581,466,41305,0.285103,0.09,1,1717448,1716982,466
124427701,20.0694,37.1162,441,41356,0.289021,0.09,1,1717464,1717023,441
124430621,5.61388,20.2232,427,41407,0.289804,0.09,1,1717466,1717039,427
124433541,34.7228,5.64465,467,41458,0.321961,0.11,1,1717508,1717041,467
124436461,44.5446,35.5289,471,41509,0.344392,0.11,1,1717555,1717084,471
124439381,10.5089,43.1058,428,41560,0.348878,0.15,1,1717557,1717129,428
124442301,39.7018,44.6212,430,41611,0.381776,0.17,1,1717604,1717174,430
124445221,25.5404,26.5242,430,41662,0.404355,0.17,1,1717626,1717196,430
124448141,69.9081,70.1048,430,41713,0.440871,0.19,1,1717707,1717277,430
124451061,37.1816,36.421,431,41764,0.464174,0.19,1,1717736,1717305,431
124453981,31.4363,28.8842,434,41815,0.452835,0.25,1,1717766,1717332,434
124456901,32.6873,31.3768,435,41865,0.450567,0.25,1,1717799,1717364,435
124459821,24.1375,24.6754,434,41915,0.450113,0.27,1,1717821,1717387,434
124462741,22.4275,21.7351,435,41965,0.450023,0.29,1,1717843,1717408,435
124465661,37.2855,36.347,436,42015,0.450005,0.29,1,1717884,1717448,436
124468581,21.8571,20.0694,438,42065,0.482001,0.29,1,1717902,1717464,438
124471501,5.97142,5.61388,438,42115,0.4884,0.33,1,1717904,1717466,438
124474421,35.5943,34.7228,439,42165,0.52168,0.35,1,1717947,1717508,439
124477341,44.7189,44.5446,439,42215,0.544336,0.35,1,1717994,1717555,439
124480261,10.5438,10.5089,439,42265,0.580867,0.39,1,1717996,1717557,439
124483181,41.3088,39.7018,441,42315,0.556173,0.41,1,1718045,1717604,441
124486101,27.4618,25.5404,443,42365,0.615235,0.45,1,1718069,1717626,443
124489021,71.0923,69.9081,444,42415,0.643047,0.47,1,1718151,1717707,444
124491941,36.6185,37.1816,443,42465,0.664609,0.45,1,1718179,1717736,443
124494861,30.5237,31.4363,442,42515,0.652922,0.45,1,1718208,1717766,442
124497781,32.5047,32.6873,442,42565,0.634584,0.45,1,1718241,1717799,442
124500701,24.1009,24.1375,442,42615,0.630917,0.45,1,1718263,1717821,442
124503621,23.2202,22.4275,443,42665,0.678183,0.45,1,1718286,1717843,443
124506541,38.244,37.2855,444,42714,0.671637,0.49,1,1718328,1717884,444
124509461,23.6488,21.8571,446,42763,0.686327,0.49,1,1718348,1717902,446
124512381,6.32976,5.97142,446,42812,0.689265,0.53,1,1718350,1717904,446
124515301,37.266,35.5943,448,42861,0.737853,0.55,1,1718395,1717947,448
124518221,45.8532,44.7189,449,42910,0.779571,0.59,2,1718443,1717994,449
124521141,10.7706,10.5438,449,42959,0.819914,0.55,2,1718445,1717996,449
124524061,42.1541,41.3088,450,43008,0.795983,0.55,2,1718495,1718045,450
124526981,27.6308,8.26175,474,43057,0.759197,0.63,2,1718519,1718045,474
124529901,71.9262,20.8524,533,43106,0.831839,0.65,2,1718602,1718069,533
124532821,37.5852,69.7705,480,43155,0.830368,0.67,2,1718631,1718151,480
124535741,31.517,36.3541,482,43204,0.830074,0.65,2,1718661,1718179,482
124538661,31.9034,30.4708,485,43253,0.846015,0.63,2,1718693,1718208,485
124541581,23.9807,32.4942,474,43302,0.849203,0.63,2,1718715,1718241,474
124544501,23.9961,24.0988,476,43351,0.881841,0.69,2,1718739,1718263,476
124547421,39.1992,23.2198,496,43400,0.888368,0.67,2,1718782,1718286,496
124550341,25.4398,38.244,476,43449,0.889674,0.69,2,1718804,1718328,476
124553261,6.68797,23.6488,458,43498,0.889935,0.69,2,1718806,1718348,458
124556181,39.7376,6.32976,504,43547,0.873987,0.75,2,1718854,1718350,504
124559101,47.1475,37.266,508,43595,0.886797,0.79,2,1718903,1718395,508
124562021,11.0295,45.8532,462,43643,0.88936,0.83,2,1718905,1718443,462
124564941,40.6059,10.7706,508,43691,0.889872,0.79,2,1718953,1718445,508
124567861,27.3212,42.1541,482,43739,0.889974,0.75,2,1718977,1718495,482
124570781,75.8642,27.6308,546,43787,0.921995,0.85,2,1719065,1718519,546
124573701,37.5728,71.9262,491,43835,0.944399,0.83,2,1719093,1718602,491
124576621,31.5146,37.5852,492,43883,0.94888,0.83,2,1719123,1718631,492
124763501,71,65,503,21370,0.13,0.98,1,1721266,1720763,503
124766421,57.4,66.6,490,21469,0.082,0.79,1,1721320,1720830,490
124769341,103.48,72.52,531,21568,0.0724,0.45,1,1721435,1720904,531
124772261,81.496,106.504,492,21666,0.05448,0.17,1,1721511,1721019,492
124775181,37.0992,81.3008,443,21764,0.066896,0.11,1,1721537,1721094,443
124778101,29.8198,41.8602,439,21861,0.117379,0,1,1721565,1721126,439
124781021,48.364,63.572,423,21958,0.0474758,0.13,1,1721618,1721195,423
124783941,71.2728,69.5144,429,22055,0.0334952,0.07,1,1721695,1721266,429
124786861,54.2546,57.1029,425,22151,0.078699,0.07,1,1721745,1721320,425
124789781,102.051,103.421,424,22247,0.15174,0.05,1,1721859,1721435,424
124792701,82.0102,81.4841,425,22342,0.150348,0.07,1,1721936,1721511,425
124795621,38.802,37.0968,427,22437,0.21407,0.13,1,1721964,1721537,427
124798541,30.1604,29.8194,427,22532,0.178814,0.13,1,1721992,1721565,427
124801461,43.6321,5.96387,474,22626,0.171763,0.03,1,1722039,1721565,474
124804381,70.3264,43.5928,498,22720,0.0743526,0.03,1,1722116,1721618,498
124807301,55.6653,70.3186,473,22813,0.0548705,0.09,1,1722168,1721695,473
124810221,105.533,54.0637,541,22906,0.114974,0.17,1,1722286,1721745,541
124813141,85.1066,102.013,507,22999,0.174995,0.15,1,1722366,1721859,507
124816061,37.8213,82.0026,456,23091,0.202999,0.23,1,1722392,1721936,456
124818981,31.5643,38.8005,458,23183,0.2086,0.17,1,1722422,1721964,458
124821901,43.1129,30.1601,476,23274,0.22572,0.17,1,1722468,1721992,476
124824821,63.8226,43.632,498,23365,0.245144,0.05,1,1722537,1722039,498
124827741,55.9645,70.3264,475,23456,0.201029,0.05,1,1722591,1722116,475
124830661,108.793,55.6653,545,23546,0.224206,0.13,1,1722713,1722168,545
124833581,88.9586,105.533,511,23636,0.212841,0.19,1,1722797,1722286,511
124836501,38.5917,85.1066,457,23726,0.210568,0.21,1,1722823,1722366,457
124839421,31.7183,37.8213,461,23815,0.226114,0.21,1,1722853,1722392,461
124842341,43.9437,31.5643,478,23904,0.261223,0.23,1,1722900,1722422,478
124845261,10.3887,43.1129,434,23993,0.268245,0.25,1,1722902,1722468,434
124848181,55.6777,63.8226,432,24081,0.301649,0.19,1,1722969,1722537,432
124851101,53.5356,55.9645,431,24169,0.29233,0.23,1,1723022,1722591,431
124854021,109.907,108.793,433,24257,0.370466,0.21,1,1723146,1722713,433
124856941,88.3814,88.9586,432,24344,0.402093,0.21,1,1723229,1722797,432
124859861,39.2763,38.5917,433,24431,0.392419,0.23,1,1723256,1722823,433
124862781,31.8553,31.7183,433,24518,0.438484,0.27,1,1723286,1722853,433
124865701,46.3711,43.9437,436,24604,0.463697,0.27,1,1723336,1722900,436
124868621,10.8742,10.3887,436,24690,0.468739,0.31,1,1723338,1722902,436
124871541,56.5748,55.6777,437,24776,0.517748,0.29,1,1723406,1722969,437
124874461,52.915,53.5356,436,24862,0.54355,0.39,1,1723458,1723022,436
124877381,112.183,109.907,439,24947,0.53271,0.41,1,1723585,1723146,439
124880301,89.6366,88.3814,440,25032,0.546542,0.39,1,1723669,1723229,440
124883221,38.7273,39.2763,439,25117,0.549308,0.45,1,1723695,1723256,439
124886141,34.9455,31.8553,443,25201,0.597862,0.47,1,1723729,1723286,443
124889061,48.5891,46.3711,445,25285,0.639572,0.47,1,1723781,1723336,445
124891981,11.3178,10.8742,445,25369,0.615914,0.53,1,1723783,1723338,445
124894901,57.4636,56.5748,446,25453,0.675183,0.53,1,1723852,1723406,446
124897821,53.0927,11.315,498,25536,0.671037,0.55,1,1723904,1723406,498
124900741,111.419,43.863,572,25619,0.686207,0.53,1,1724030,1723458,572
124903661,90.2837,110.373,530,25702,0.753241,0.55,2,1724115,1723585,530
124906581,39.6567,89.2745,473,25784,0.782648,0.55,2,1724142,1723669,473
124909501,38.3313,38.6549,485,25866,0.82053,0.61,2,1724180,1723695,485
124912421,50.0663,34.931,504,25948,0.876106,0.65,2,1724233,1723729,504
124915341,11.6133,48.5862,454,26030,0.855221,0.61,2,1724235,1723781,454
124918261,58.3227,11.3172,522,26111,0.931044,0.69,2,1724305,1723783,522
124921181,54.0645,57.4634,506,26192,0.946209,0.67,2,1724358,1723852,506
125037981,29,35,506,29251,0.63,1,1,1726544,1726038,506
125040901,53.8,31.8,535,29323,0.55,1,1,1726604,1726069,535
125043821,37.16,58.36,503,29395,0.422,1,1,1726637,1726134,503
125046741,45.832,37.272,519,29467,0.3324,1,1,1726685,1726166,519
125049661,34.7664,45.8544,503,29539,0.23448,1,1,1726717,1726214,503
125052581,118.153,37.1709,607,29611,0.198896,1,1,1726856,1726249,607
125055501,58.0307,117.834,512,29682,0.175779,0.93,1,1726899,1726387,512
125058421,42.0061,57.1668,508,29753,0.187156,0.75,1,1726937,1726429,508
125061341,36.4012,47.4334,498,29824,0.189431,0.79,1,1726972,1726474,498
125064261,8.88024,42.2867,459,29895,0.221886,0.63,1,1726974,1726515,459
125067181,20.176,31.6573,453,29966,0.196377,0.53,1,1726997,1726544,453
125070101,46.4352,54.3315,446,30037,0.207275,0.39,1,1727050,1726604,446
125073021,30.887,37.2663,440,30107,0.225455,0.31,1,1727077,1726637,440
125075941,38.1774,45.8533,432,30177,0.245091,0.21,1,1727117,1726685,432
125078861,31.6355,34.7707,430,30247,0.281018,0.19,1,1727147,1726717,430
125081781,119.927,118.154,433,30317,0.368204,0.17,1,1727289,1726856,433
125084701,55.9854,58.0308,430,30387,0.417641,0.19,1,1727329,1726899,430
125087621,41.5971,42.0062,430,30457,0.411528,0.19,1,1727367,1726937,430
125090541,37.9194,36.4012,432,30526,0.394306,0.23,1,1727404,1726972,432
125093461,9.18388,8.88025,432,30595,0.390861,0.19,1,1727406,1726974,432
125096381,19.4368,20.176,431,30664,0.406172,0.21,1,1727428,1726997,431
125099301,47.8874,46.4352,433,30733,0.425234,0.23,1,1727483,1727050,433
125102221,31.1775,30.887,433,30802,0.413047,0.25,1,1727510,1727077,433
125105141,37.4355,38.1774,432,30871,0.426609,0.29,1,1727549,1727117,432
125108061,31.4871,31.6355,432,30940,0.397322,0.39,1,1727579,1727147,432
125110981,125.497,119.927,439,31008,0.471464,0.43,1,1727728,1727289,439
125113901,58.6995,55.9854,441,31076,0.550293,0.41,1,1727770,1727329,441
125116821,42.9399,41.5971,442,31144,0.534059,0.39,1,1727809,1727367,442
125119741,37.388,37.9194,441,31212,0.530812,0.39,1,1727845,1727404,441
125122661,9.0776,9.18388,441,31280,0.578162,0.39,1,1727847,1727406,441
125125581,19.4155,1.83678,463,31348,0.555632,0.41,1,1727869,1727406,463
125128501,48.6831,17.9674,497,31415,0.567127,0.43,1,1727925,1727428,497
125131421,30.5366,47.5935,468,31482,0.569425,0.41,1,1727951,1727483,468
125134341,36.5073,31.1187,479,31549,0.617885,0.43,1,1727989,1727510,479
125137261,31.3015,37.4237,470,31616,0.643577,0.39,1,1728019,1727549,470
125140181,130.26,31.4847,595,31683,0.712715,0.49,1,1728174,1727579,595
125143101,61.2521,125.497,490,31750,0.758543,0.57,2,1728218,1727728,490
125146021,42.6504,58.6994,486,31817,0.799709,0.53,2,1728256,1727770,486
125148941,38.1301,42.9399,484,31883,0.791942,0.53,2,1728293,1727809,484
125151861,9.22602,37.388,450,31949,0.790388,0.59,2,1728295,1727845,450
125154781,20.2452,9.07759,471,32015,0.822078,0.55,2,1728318,1727847,471
125157701,48.849,19.4155,505,32081,0.796416,0.57,2,1728374,1727869,505
125160621,31.3698,48.6831,476,32147,0.791283,0.57,2,1728401,1727925,476
125163541,38.274,30.5366,490,32213,0.822257,0.63,2,1728441,1727951,490
125166461,32.4548,36.5073,483,32279,0.844451,0.65,2,1728472,1727989,483
125169381,135.291,31.3015,614,32345,0.80089,0.73,2,1728633,1728019,614
125172301,63.8582,130.26,505,32410,0.824178,0.77,2,1728679,1728174,505
125175221,43.1716,61.2521,499,32475,0.860836,0.81,2,1728717,1728218,499
125178141,37.4343,42.6504,497,32540,0.868167,0.79,2,1728753,1728256,497
125181061,9.08687,38.1301,462,32605,0.869633,0.79,2,1728755,1728293,462
125183981,20.2174,9.22602,483,32670,0.885927,0.83,2,1728778,1728295,483
125186901,48.8435,20.2452,516,32735,0.905185,0.79,2,1728834,1728318,516
125189821,11.3687,48.849,462,32800,0.909037,0.79,2,1728836,1728374,462
125192741,23.0737,31.3698,461,32864,0.941807,0.83,2,1728862,1728401,461
125195661,38.2147,38.274,463,32928,0.932361,0.85,2,1728904,1728441,463
125306621,41,44,508,35286,0.71,1,1,1730644,1730136,508
125309541,29.8,38.4,498,35346,0.662,1,1,1730671,1730173,498
125312461,26.76,26.88,500,35406,0.6524,1,1,1730697,1730197,500
125315381,22.952,23.776,499,35466,0.53848,1,1,1730719,1730220,499
125318301,31.7904,26.3552,506,35526,0.499696,0.9,1,1730753,1730247,506
125321221,22.3581,26.071,500,35586,0.507939,1,1,1730773,1730273,500
125324141,27.6716,19.6142,511,35645,0.461588,1,1,1730802,1730291,511
125327061,22.3343,29.5228,500,35704,0.404318,1,1,1730823,1730323,500
125329981,18.8669,33.1046,484,35763,0.392864,1,1,1730841,1730357,484
125332901,118.973,130.621,473,35822,0.198573,0.85,1,1730985,1730512,473
125335821,54.1947,62.1242,466,35881,0.0637145,0.81,1,1731023,1730557,466
125338741,46.8389,49.2248,465,35940,0.0207429,0.71,1,1731068,1730603,465
125341661,36.5678,42.645,458,35999,0.0121486,0.65,1,1731102,1730644,458
125344581,27.3136,30.129,456,36058,0.0264297,0.65,1,1731127,1730671,456
125347501,22.2627,26.8258,451,36117,0.0452859,0.51,1,1731148,1730697,451
125350421,19.6525,22.9652,448,36176,0.0490572,0.49,1,1731167,1730719,448
125353341,33.5305,31.793,451,36234,0.0338114,0.51,1,1731204,1730753,451
125356261,20.3061,22.3586,448,36292,0.0787623,0.45,1,1731221,1730773,448
125359181,24.0612,27.6717,444,36350,0.0237525,0.39,1,1731246,1730802,444
125362101,18.4122,22.3343,440,36408,0.0607505,0.39,1,1731263,1730823,440
125365021,18.0824,18.8669,440,36466,0.10015,0.15,1,1731281,1730841,440
125367941,108.416,118.973,427,36524,0.10803,0.03,1,1731412,1730985,427
125370861,48.0833,54.1947,422,36582,0.157606,0.01,1,1731445,1731023,422
125373781,46.4167,46.8389,423,36640,0.119521,0.01,1,1731491,1731068,423
125376701,35.6833,36.5678,422,36698,0.0959042,0.03,1,1731524,1731102,422
125379621,27.9367,27.3136,423,36756,0.0591808,0.05,1,1731550,1731127,423
125382541,23.1873,22.2627,424,36813,0.0198362,0.05,1,1731572,1731148,424
125385461,18.2375,19.6525,422,36870,0.0759672,0.03,1,1731589,1731167,422
125388381,34.0475,33.5305,423,36927,0.0711934,0.09,1,1731627,1731204,423
125391301,22.0095,20.3061,425,36984,0.102239,0.01,1,1731646,1731221,425
125394221,23.6019,24.0612,424,37041,0.0924477,0.07,1,1731670,1731246,424
125397141,20.7204,18.4122,427,37098,0.10649,0.11,1,1731690,1731263,427
125400061,18.5441,18.0824,427,37155,0.0772979,0.11,1,1731708,1731281,427
125402981,107.709,3.61649,557,37212,0.11946,0.11,1,1731838,1731281,557
125405901,48.7418,105.523,460,37269,0.143892,0.17,1,1731872,1731412,460
125408821,44.1484,47.5047,470,37326,0.164778,0.11,1,1731915,1731445,470
125411741,34.4297,46.3009,456,37383,0.168956,0.09,1,1731947,1731491,456
125414661,27.6859,35.6602,449,37440,0.169791,0.05,1,1731973,1731524,449
125417581,23.1372,27.932,445,37496,0.169958,0.01,1,1731995,1731550,445
125420501,19.8274,23.1864,442,37552,0.185992,0.09,1,1732014,1731572,442
125423421,33.5655,18.2373,462,37608,0.221198,0.07,1,1732051,1731589,462
125426341,21.9131,34.0475,443,37664,0.21224,0.11,1,1732070,1731627,443
125429261,23.5826,22.0095,448,37720,0.242448,0.09,1,1732094,1731646,448
125432181,20.7165,23.6019,444,37776,0.21649,0.11,1,1732114,1731670,444
125435101,18.5433,20.7204,442,37832,0.227298,0.07,1,1732132,1731690,442
125438021,110.109,18.5441,557,37888,0.24546,0.13,1,1732265,1731708,557
125440941,50.8217,107.709,463,37944,0.217092,0.15,1,1732301,1731838,463
125443861,44.5643,48.7418,472,38000,0.275418,0.17,1,1732344,1731872,472
125446781,34.5129,44.1484,461,38056,0.287084,0.17,1,1732376,1731915,461
125449701,27.7026,34.4297,455,38112,0.289417,0.17,1,1732402,1731947,455
125452621,23.1405,27.6859,451,38167,0.289883,0.17,1,1732424,1731973,451
125455541,21.4281,23.1372,450,38222,0.289977,0.19,1,1732445,1731995,450
125458461,34.6856,19.8274,469,38277,0.321995,0.23,1,1732483,1732014,469
125461381,21.3371,33.5655,450,38332,0.344399,0.21,1,1732501,1732051,450
125464301,23.4674,21.9131,455,38387,0.38088,0.25,1,1732525,1732070,455
125467221,21.4935,23.5826,452,38442,0.404176,0.21,1,1732546,1732094,452
125470141,18.6987,20.7165,450,38497,0.408835,0.23,1,1732564,1732114,450
125473061,110.94,18.5433,566,38552,0.473767,0.25,1,1732698,1732132,566
125475981,50.9879,110.109,469,38607,0.502753,0.21,1,1732734,1732265,469
125478901,11.7976,50.8217,435,38662,0.508551,0.29,1,1732736,1732301,435
125481821,37.5595,44.5643,436,38717,0.57371,0.29,1,1732780,1732344,436
125484741,33.1119,34.5129,436,38772,0.570742,0.29,1,1732812,1732376,436
125487661,27.4224,27.7026,436,38826,0.618148,0.29,1,1732838,1732402,436
125490581,23.8845,23.1405,437,38880,0.62763,0.29,1,1732861,1732424,437
125493501,20.7769,21.4281,436,38934,0.629526,0.33,1,1732881,1732445,436
125496421,36.9554,34.6856,439,38988,0.613905,0.35,1,1732922,1732483,439
125499341,21.7911,21.3371,439,39042,0.642781,0.39,1,1732940,1732501,439
125502261,25.1582,23.4674,441,39096,0.600556,0.41,1,1732966,1732525,441
125505181,22.6316,21.4935,442,39150,0.592111,0.41,1,1732988,1732546,442
125508101,19.7263,18.6987,443,39204,0.606422,0.49,1,1733007,1732564,443
125511021,113.545,110.94,446,39258,0.673284,0.51,1,1733144,1732698,446
125513941,52.3091,50.9879,447,39312,0.750657,0.51,2,1733181,1732734,447
125516861,12.0618,11.7976,447,39366,0.734131,0.59,1,1733183,1732736,447
125519781,39.2124,37.5595,449,39420,0.746826,0.57,1,1733229,1732780,449
125522701,35.0425,33.1119,451,39474,0.749365,0.63,1,1733263,1732812,451
125525621,27.8085,27.4224,451,39528,0.781873,0.63,2,1733289,1732838,451
125528541,23.9617,23.8845,451,39581,0.772375,0.63,2,1733312,1732861,451
125531461,20.7923,20.7769,451,39634,0.802475,0.61,2,1733332,1732881,451
125534381,37.7585,36.9554,452,39687,0.776495,0.65,2,1733374,1732922,452
125537301,21.9517,21.7911,452,39740,0.771299,0.59,2,1733392,1732940,452
125540221,24.3903,25.1582,451,39793,0.78626,0.59,2,1733417,1732966,451
125543141,22.4781,22.6316,451,39846,0.789252,0.61,2,1733439,1732988,451
125546061,20.4956,19.7263,452,39899,0.86985,0.69,2,1733459,1733007,452
125548981,116.899,113.545,456,39952,0.88597,0.77,2,1733600,1733144,456
125551901,54.5798,52.3091,458,40005,0.905194,0.73,2,1733639,1733181,458
125554821,12.516,12.0618,458,40058,0.909039,0.73,2,1733641,1733183,458
125557741,39.3032,2.41236,504,40111,0.893808,0.75,2,1733687,1733183,504
125560661,35.0606,37.2825,492,40164,0.906762,0.75,2,1733721,1733229,492
125563581,27.8121,34.6565,484,40217,0.925352,0.79,2,1733747,1733263,484
125566501,24.7624,27.7313,482,40270,0.94507,0.77,2,1733771,1733289,482
125730021,6,18,509,43105,0.79,1,2,1735720,1735211,509
125732941,22,18,517,43154,0.742,1,1,1735746,1735229,517
125735861,26.8,28.4,514,43203,0.7004,1,1,1735774,1735260,514
125738781,22.96,25.68,511,43252,0.67608,1,1,1735796,1735285,511
125741701,22.992,22.736,512,43301,0.655216,1,1,1735819,1735307,512
125744621,29.3984,29.3472,512,43350,0.603043,0.98,1,1735850,1735338,512
125747541,103.48,31.4694,602,43399,0.480609,1,1,1735972,1735370,602
125750461,50.2959,115.894,502,43448,0.472122,1,1,1736009,1735507,502
125753381,37.2592,51.1788,501,43497,0.438424,1,1,1736043,1735542,501
125756301,29.8518,34.2358,499,43546,0.383685,0.88,1,1736071,1735572,499
125759221,27.5704,34.0472,492,43594,0.372737,0.91,1,1736098,1735606,492
125762141,31.9141,32.4094,493,43642,0.354547,0.91,1,1736131,1735638,493
125765061,27.1828,32.8819,486,43690,0.350909,0.85,1,1736157,1735671,486
125767981,18.2366,27.3764,476,43738,0.398182,0.85,1,1736173,1735697,476
125770901,8.44731,19.0753,465,43786,0.407636,0.79,1,1736179,1735714,465
125773821,20.0895,8.61506,482,43834,0.377527,0.73,1,1736202,1735720,482
125776741,25.6179,22.523,483,43882,0.355505,0.69,1,1736229,1735746,483
125779661,21.1236,26.9046,475,43930,0.383101,0.67,1,1736249,1735774,475
125782581,18.6247,22.9809,471,43978,0.42062,0.65,1,1736267,1735796,471
125785501,30.1249,22.9962,481,44026,0.380124,0.59,1,1736300,1735819,481
125788421,98.025,29.3992,565,44074,0.324025,0.45,1,1736415,1735850,565
125791341,50.805,103.48,482,44122,0.424805,0.47,1,1736454,1735972,482
125794261,34.161,50.296,475,44170,0.396961,0.43,1,1736484,1736009,475
125797181,28.4322,37.2592,468,44218,0.407392,0.37,1,1736511,1736043,468
125800101,26.4864,29.8518,466,44266,0.457478,0.37,1,1736537,1736071,466
125803021,30.8973,27.5704,471,44314,0.499496,0.35,1,1736569,1736098,471
125805941,28.5795,31.9141,466,44362,0.507899,0.35,1,1736597,1736131,466
125808861,17.7159,27.1828,455,44410,0.52558,0.41,1,1736612,1736157,455
125811781,8.34318,18.2366,445,44457,0.529116,0.41,1,1736618,1736173,445
125814701,3.26864,8.44731,441,44504,0.529823,0.37,1,1736620,1736179,441
125817621,19.8537,20.0895,442,44551,0.529965,0.35,1,1736644,1736202,442
125820541,24.7707,25.6179,441,44598,0.529993,0.39,1,1736670,1736229,441
125823461,22.5541,21.1236,443,44645,0.561999,0.43,1,1736692,1736249,443
125826381,17.3108,18.6247,441,44692,0.5844,0.37,1,1736708,1736267,441
125829301,29.0622,30.1249,440,44739,0.58888,0.31,1,1736740,1736300,440
125832221,95.4124,98.025,437,44786,0.637776,0.45,1,1736852,1736415,437
125835141,54.2825,50.805,442,44833,0.647555,0.39,1,1736896,1736454,442
125838061,35.6565,34.161,443,44880,0.617511,0.41,1,1736927,1736484,443
125840981,29.5313,28.4322,444,44927,0.643502,0.47,1,1736955,1736511,444
125843901,27.5063,26.4864,445,44974,0.6647,0.51,1,1736982,1736537,445
125846821,32.7013,30.8973,447,45021,0.71694,0.51,1,1737016,1736569,447
125849741,28.9402,28.5795,447,45068,0.743388,0.53,1,1737044,1736597,447
125852661,18.588,17.7159,448,45115,0.764678,0.53,2,1737060,1736612,448
125855581,8.51761,8.34318,448,45162,0.736935,0.53,1,1737066,1736618,448
125858501,3.30352,3.26864,448,45209,0.779387,0.53,2,1737068,1736620,448
125861421,19.8607,19.8537,448,45256,0.787877,0.53,2,1737092,1736644,448
125864341,24.7721,24.7707,448,45303,0.789576,0.57,2,1737118,1736670,448
125867261,23.3544,22.5541,449,45350,0.805915,0.59,2,1737141,1736692,449
125870181,17.4709,17.3108,449,45397,0.825183,0.59,2,1737157,1736708,449
125873101,29.0942,29.0622,449,45443,0.829037,0.65,2,1737189,1736740,449
125876021,99.4188,95.4124,454,45489,0.845807,0.65,2,1737306,1736852,454
125878941,53.4838,54.2825,452,45535,0.849161,0.61,2,1737348,1736896,452
125881861,35.4968,35.6565,452,45581,0.849832,0.65,2,1737379,1736927,452
125884781,31.0994,29.5313,454,45627,0.865966,0.67,2,1737409,1736955,454
125887701,29.4199,27.5063,456,45673,0.917193,0.73,2,1737438,1736982,456
125913981,17,23,476,46087,0.91,0.83,2,1737617,1737141,476
125916901,29,17.4,492,46133,0.91,0.83,2,1737649,1737157,492
126114001,22,16,460,21997,0.03,0.59,1,1740073,1739613,460
126116921,8.4,17.6,447,22093,0.046,0.21,1,1740078,1739631,447
126119841,73.68,61.12,465,22189,0.1132,0.03,1,1740168,1739703,465
126122761,85.136,78.624,470,22285,0.07864,0.07,1,1740256,1739786,470
126125681,57.8272,80.5248,440,22380,0.055728,0.05,1,1740307,1739867,440
126128601,69.1654,66.505,449,22475,0.0111456,0,1,1740379,1739930,449
126131521,53.0331,57.301,443,22569,0.0262291,0.07,1,1740428,1739985,443
126134441,65.0066,64.2602,445,22663,0.0612458,0.03,1,1740496,1740051,445
126137361,17.8013,30.452,429,22757,0.0682492,0.05,1,1740502,1740073,429
126140281,77.9603,10.0904,517,22850,0.0856498,0.13,1,1740595,1740078,517
126143201,82.7921,74.0181,511,22943,0.01713,0.07,1,1740679,1740168,511
126146121,57.3584,85.2036,474,23035,0.043426,0.05,1,1740730,1740256,474
126149041,67.4717,57.8407,493,23127,0.0086852,0,1,1740800,1740307,493
126151961,52.6943,69.1681,470,23219,0.025737,0.03,1,1740849,1740379,470
126154881,67.3389,53.0336,492,23310,0.109147,0.07,1,1740920,1740428,492
126157801,18.2678,65.0067,430,23401,0.125829,0.07,1,1740926,1740496,430
126160721,79.6536,17.8013,519,23492,0.209166,0.09,1,1741021,1740502,519
126163641,79.1307,77.9603,505,23582,0.177833,0,1,1741100,1740595,505
126166561,58.2261,82.7921,474,23672,0.187567,0.05,1,1741153,1740679,474
126169481,66.8452,57.3584,492,23762,0.0775133,0,1,1741222,1740730,492
126172401,51.769,67.4717,470,23851,0.0235027,0.03,1,1741270,1740800,470
126175321,71.9538,52.6943,498,23940,0.0447005,0.13,1,1741347,1740849,498
126178241,15.9908,67.3389,429,24029,0.0489401,0.13,1,1741349,1740920,429
126181161,7.99815,18.2678,429,24117,0.065788,0.23,1,1741355,1740926,429
126184081,79.9996,79.6536,432,24205,0.149158,0.17,1,1741453,1741021,432
126187001,77.5999,79.1307,430,24293,0.165832,0.19,1,1741530,1741100,430
126189921,58.72,58.2261,431,24380,0.185166,0.05,1,1741584,1741153,431
126192841,61.344,66.8452,424,24467,0.205033,0.01,1,1741646,1741222,424
126195761,49.8688,51.769,423,24554,0.225007,0.05,1,1741693,1741270,423
126198681,73.1738,71.9538,425,24640,0.165001,0.05,1,1741772,1741347,425
126201601,16.2348,15.9908,425,24726,0.153,0.07,1,1741774,1741349,425
126204521,8.84695,7.99815,426,24812,0.1346,0.17,1,1741781,1741355,426
126207441,81.7694,79.9996,428,24897,0.19492,0.17,1,1741881,1741453,428
126210361,77.9539,77.5999,428,24982,0.254984,0.19,1,1741958,1741530,428
126213281,60.3908,58.72,430,25067,0.250997,0.21,1,1742014,1741584,430
126216201,63.2782,61.344,432,25152,0.234199,0.23,1,1742078,1741646,432
126219121,47.8556,49.8688,429,25236,0.23084,0.15,1,1742122,1741693,429
126222041,71.1711,73.1738,427,25320,0.230168,0.15,1,1742199,1741772,427
126224961,15.8342,16.2348,427,25404,0.230034,0.13,1,1742201,1741774,427
126227881,9.56684,8.84695,428,25487,0.198007,0.13,1,1742209,1741781,428
126230801,84.3134,1.76939,531,25570,0.223601,0.21,1,1742312,1741781,531
126233721,79.2627,80.3539,509,25653,0.24472,0.27,1,1742390,1741881,509
126236641,60.6525,77.6708,488,25736,0.280944,0.25,1,1742446,1741958,488
126239561,61.7305,60.3342,494,25818,0.336189,0.23,1,1742508,1742014,494
126242481,47.5461,63.2668,474,25900,0.395238,0.23,1,1742552,1742078,474
126245401,71.1092,47.8534,507,25982,0.391048,0.23,1,1742629,1742122,507
126248321,15.8218,71.1707,432,26064,0.390209,0.23,1,1742631,1742199,432
126251241,10.3644,15.8341,439,26145,0.406042,0.19,1,1742640,1742201,439
126254161,85.2729,9.56683,535,26226,0.457208,0.23,1,1742744,1742209,535
126257081,81.0546,84.3134,512,26307,0.483442,0.25,1,1742824,1742312,512
126260001,63.4109,79.2627,493,26388,0.552688,0.29,1,1742883,1742390,493
126262921,63.8822,60.6525,501,26468,0.630538,0.35,1,1742947,1742446,501
126265841,49.5764,61.7305,485,26548,0.678108,0.41,1,1742993,1742508,485
126268761,70.7153,47.5461,517,26628,0.687622,0.39,1,1743069,1742552,517
126271681,15.7431,71.1092,442,26708,0.689524,0.39,1,1743071,1742629,442
126274601,11.1486,15.8218,450,26787,0.689905,0.41,1,1743081,1742631,450
126277521,87.8297,10.3644,548,26866,0.721981,0.47,1,1743188,1742640,548
126280441,19.1659,85.2729,446,26945,0.728396,0.49,1,1743190,1742744,446
126283361,70.2332,81.0546,449,27024,0.777679,0.57,2,1743273,1742824,449
126286281,62.0466,63.4109,450,27102,0.835536,0.65,2,1743333,1742883,450
126289201,66.8093,63.8822,454,27180,0.831107,0.69,2,1743401,1742947,454
126292121,51.7619,49.5764,456,27258,0.862221,0.69,2,1743449,1742993,456
126295041,71.1524,70.7153,456,27336,0.916444,0.69,2,1743525,1743069,456
126297961,15.8305,15.7431,456,27413,0.927289,0.69,2,1743527,1743071,456
126300881,11.9661,11.1486,457,27490,0.945458,0.73,2,1743538,1743081,457
126417681,69,75,492,30419,0.59,1,1,1745640,1745148,492
126420601,59.4,63.8,488,30489,0.494,1,1,1745697,1745209,488
126423521,35.88,31.96,494,30558,0.3948,1,1,1745727,1745233,494
126426441,47.976,52.792,487,30627,0.23096,1,1,1745778,1745291,487
126429361,43.9952,45.7584,486,30696,0.214192,1,1,1745821,1745335,486
126432281,64.799,77.1517,471,30765,0.114838,0.94,1,1745891,1745420,471
126435201,40.1598,42.6303,471,30834,0.0629677,1,1,1745925,1745454,471
126438121,33.632,30.9261,475,30903,0.0205935,0.87,1,1745957,1745482,475
126441041,45.1264,53.3852,464,30971,0.0281187,0.79,1,1746005,1745541,464
126443961,28.2253,34.677,458,31039,0.0296237,0.59,1,1746029,1745571,458
126446881,55.2451,62.1354,451,31107,0.0299247,0.47,1,1746091,1745640,451
126449801,52.649,58.0271,446,31175,0.0459849,0.37,1,1746143,1745697,446
126452721,29.7298,35.6054,440,31243,0.065197,0.19,1,1746167,1745727,440
126455641,41.946,47.9211,434,31311,0.101039,0.19,1,1746212,1745778,434
126458561,38.7892,9.58422,472,31379,0.0442079,0.21,1,1746250,1745778,472
126461481,60.5578,36.3168,495,31446,0.0488416,0.09,1,1746316,1745821,495
126464401,36.9116,63.2634,456,31513,0.0657683,0.05,1,1746347,1745891,456
126467321,32.9823,39.8527,454,31580,0.0371537,0.01,1,1746379,1745925,454
126470241,44.9965,33.5705,470,31647,0.0314307,0.03,1,1746427,1745957,470
126473161,27.3993,45.1141,445,31714,0.0142861,0.03,1,1746450,1746005,445
126476081,55.0799,28.2228,483,31781,0.0428572,0.03,1,1746512,1746029,483
126479001,54.216,55.2446,475,31848,0.0485714,0.05,1,1746566,1746091,475
126481921,28.4432,52.6489,445,31914,0.0497143,0.07,1,1746588,1746143,445
126484841,44.0886,29.7298,469,31980,0.0979429,0.11,1,1746636,1746167,469
126487761,37.6177,41.946,460,32046,0.0435886,0.03,1,1746672,1746212,460
126490681,61.1235,38.7892,489,32112,0.0647177,0.05,1,1746739,1746250,489
126493601,37.0247,60.5578,454,32178,0.100944,0.07,1,1746770,1746316,454
126496521,32.2049,36.9116,454,32244,0.108189,0.03,1,1746801,1746347,454
126499441,45.641,32.9823,471,32310,0.0296377,0.03,1,1746850,1746379,471
126502361,25.9282,44.9965,444,32375,0.0619275,0.01,1,1746871,1746427,444
126505281,54.7856,27.3993,483,32440,0.0523855,0.05,1,1746933,1746450,483
126508201,55.7571,55.0799,477,32505,0.0824771,0.05,1,1746989,1746512,477
126511121,27.1514,54.216,443,32570,0.0884954,0.05,1,1747009,1746566,443
126514041,47.8303,28.4432,474,32635,0.0736991,0.11,1,1747062,1746588,474
126516961,35.1661,44.0886,458,32700,0.0707398,0.03,1,1747094,1746636,458
126519881,62.2332,37.6177,491,32765,0.102148,0.07,1,1747163,1746672,491
126522801,14.0466,61.1235,426,32830,0.10843,0.11,1,1747165,1746739,426
126525721,26.8093,37.0247,425,32894,0.125686,0.11,1,1747195,1746770,425
126528641,31.7619,32.2049,427,32958,0.177137,0.01,1,1747228,1746801,427
126531561,43.1524,45.641,424,33022,0.107427,0.07,1,1747274,1746850,424
126534481,26.2305,25.9282,425,33086,0.141485,0.05,1,1747296,1746871,425
126537401,54.0461,54.7856,424,33150,0.148297,0.09,1,1747357,1746933,424
126540321,57.2092,55.7571,426,33214,0.117659,0.09,1,1747415,1746989,426
126543241,25.8418,27.1514,424,33278,0.127532,0.07,1,1747433,1747009,424
126546161,48.3684,47.8303,425,33342,0.0975064,0.07,1,1747487,1747062,425
126549081,36.0737,35.1661,426,33405,0.107501,0.11,1,1747520,1747094,426
126552001,63.2147,62.2332,427,33468,0.1575,0.11,1,1747590,1747163,427
126554921,14.2429,14.0466,427,33531,0.1675,0.13,1,1747592,1747165,427
126557841,27.6486,26.8093,428,33594,0.1855,0.19,1,1747623,1747195,428
126560761,32.7297,31.7619,429,33657,0.2211,0.09,1,1747657,1747228,429
126563681,40.9459,43.1524,426,33720,0.22822,0.15,1,1747700,1747274,426
126566601,27.3892,26.2305,428,33783,0.293644,0.15,1,1747724,1747296,428
126569521,53.4778,54.0461,427,33846,0.242729,0.11,1,1747784,1747357,427
126572441,56.2956,57.2092,426,33908,0.248546,0.13,1,1747841,1747415,426
126575361,25.6591,25.8418,426,33970,0.249709,0.09,1,1747859,1747433,426
126578281,48.3318,48.3684,426,34032,0.281942,0.11,1,1747913,1747487,426
126581201,36.8664,36.0737,427,34094,0.288388,0.17,1,1747947,1747520,427
126584121,65.7733,63.2147,430,34156,0.289678,0.17,1,1748020,1747590,430
126587041,15.5547,14.2429,431,34218,0.273936,0.17,1,1748023,1747592,431
126589961,27.1109,2.84859,461,34280,0.254787,0.19,1,1748053,1747592,461
126592881,32.6222,25.3697,464,34342,0.250957,0.23,1,1748087,1747623,464
126595801,43.3244,32.2739,476,34404,0.282191,0.23,1,1748133,1747657,476
126598721,28.6649,40.8548,458,34465,0.288438,0.31,1,1748158,1747700,458
126601641,52.133,27.371,492,34526,0.321688,0.23,1,1748216,1747724,492
126604561,56.8266,53.4742,490,34587,0.360338,0.25,1,1748274,1747784,490
126607481,25.7653,56.2948,451,34648,0.384068,0.25,1,1748292,1747841,451
126610401,49.1531,25.659,488,34709,0.420814,0.29,1,1748347,1747859,488
126613321,37.8306,48.3318,469,34770,0.412163,0.29,1,1748382,1747913,469
126616241,64.3661,36.8664,506,34831,0.394433,0.29,1,1748453,1747947,506
126619161,14.4732,65.7733,435,34892,0.390886,0.27,1,1748455,1748020,435
126622081,27.6946,15.5547,463,34953,0.406177,0.25,1,1748486,1748023,463
126625001,32.7389,27.1109,467,35013,0.425235,0.25,1,1748520,1748053,467
126627921,44.1478,32.6222,480,35073,0.477047,0.29,1,1748567,1748087,480
126630841,29.6296,43.3244,460,35133,0.503409,0.29,1,1748593,1748133,460
126633761,55.5259,28.6649,497,35193,0.540682,0.33,1,1748655,1748158,497
126636681,57.5052,52.133,497,35253,0.612136,0.37,1,1748713,1748216,497
126639601,26.701,56.8266,458,35313,0.642427,0.39,1,1748732,1748274,458
126642521,50.9402,25.7653,497,35373,0.632485,0.43,1,1748789,1748292,497
126645441,37.388,49.1531,476,35433,0.630497,0.41,1,1748823,1748347,476
126648361,65.0776,37.8306,513,35493,0.646099,0.39,1,1748895,1748382,513
126651281,14.6155,64.3661,444,35553,0.64922,0.39,1,1748897,1748453,444
126654201,26.9231,14.4732,472,35612,0.697844,0.41,1,1748927,1748455,472
126657121,33.3846,27.6946,476,35671,0.739569,0.43,1,1748962,1748486,476
126660041,8.27692,32.7389,444,35730,0.747914,0.49,1,1748964,1748520,444
126662961,40.8554,44.1478,446,35789,0.733583,0.51,1,1749013,1748567,446
126665881,29.7711,29.6296,447,35848,0.746717,0.55,1,1749040,1748593,447
126668801,58.7542,55.5259,451,35907,0.781343,0.63,2,1749106,1748655,451
126671721,59.7508,57.5052,453,35966,0.804269,0.65,2,1749166,1748713,453
126674641,27.9502,26.701,454,36025,0.888854,0.63,2,1749186,1748732,454
126677561,50.39,50.9402,453,36084,0.873771,0.63,2,1749242,1748789,453
126680481,37.278,37.388,453,36143,0.902754,0.65,2,1749276,1748823,453
126683401,67.4556,65.0776,456,36201,0.860551,0.65,2,1749351,1748895,456
126686321,15.0911,14.6155,456,36259,0.86811,0.71,2,1749353,1748897,456
126689241,27.8182,26.9231,457,36317,0.885622,0.75,2,1749384,1748927,457
126858601,55,52,489,39550,0.75,1,2,1751625,1751136,489
126861521,37.4,35.2,491,39603,0.766,1,2,1751658,1751167,491
126864441,63.48,67.84,485,39656,0.6572,1,1,1751728,1751243,485
126867361,36.696,35.168,488,39709,0.60344,1,1,1751758,1751270,488
126870281,28.9392,32.6336,483,39762,0.608688,1,1,1751785,1751302,483
126873201,28.9878,29.7267,483,39815,0.561738,1,1,1751814,1751331,483
126876121,14.5976,19.5453,477,39868,0.536348,1,1,1751825,1751348,477
126879041,28.5195,23.9091,484,39921,0.62727,1,1,1751857,1751373,484
126881961,24.9039,29.5818,477,39974,0.629454,0.9,1,1751881,1751404,477
126884881,26.5808,32.3164,471,40027,0.613891,0.95,1,1751908,1751437,471
126887801,32.5162,36.0633,468,40080,0.626778,0.95,1,1751942,1751474,468
126890721,52.9032,7.21265,526,40133,0.565356,0.91,1,1752000,1751474,526
126893641,36.1806,49.4425,498,40186,0.553071,0.83,1,1752032,1751534,498
126896561,49.6361,38.6885,515,40239,0.582614,0.75,1,1752085,1751570,515
126899481,37.9272,51.7377,495,40291,0.604523,0.77,1,1752120,1751625,495
126902401,54.7854,36.7475,521,40343,0.656905,0.63,1,1752179,1751658,521
126905321,31.7571,63.3495,477,40395,0.683381,0.59,1,1752205,1751728,477
126908241,27.9514,36.6699,474,40447,0.736676,0.61,1,1752232,1751758,474
126911161,27.9903,28.934,475,40499,0.715335,0.55,1,1752260,1751785,475
126914081,15.1981,28.9868,458,40551,0.711067,0.53,1,1752272,1751814,458
126917001,30.2396,14.5974,481,40603,0.726213,0.65,1,1752306,1751825,481
126919921,29.2479,28.5195,478,40655,0.761243,0.63,2,1752335,1751857,478
126922841,23.4496,24.9039,476,40707,0.768248,0.61,2,1752357,1751881,476
126925761,32.6899,26.5808,484,40759,0.78565,0.63,2,1752392,1751908,484
126928681,51.338,32.5162,506,40811,0.80513,0.55,2,1752448,1751942,506
126931601,36.6676,52.9032,481,40863,0.793026,0.55,2,1752481,1752000,481
126934521,50.5335,36.1806,503,40915,0.822605,0.59,2,1752535,1752032,503
126937441,40.5067,49.6361,488,40967,0.860521,0.61,2,1752573,1752085,488
126940361,56.9013,37.9272,514,41019,0.884104,0.67,2,1752634,1752120,514
126943281,31.3803,54.7854,480,41070,0.904821,0.69,2,1752659,1752179,480
127144761,31,39,512,44476,0.49,1,1,1754979,1754467,512
127147681,27,35.8,503,44523,0.442,1,1,1755005,1754502,503
127150601,30.2,37.56,496,44570,0.3524,1,1,1755036,1754540,496
127153521,30.84,46.712,478,44617,0.23848,1,1,1755067,1754589,478
127156441,42.168,37.3424,488,44664,0.055696,0.94,1,1755112,1754624,488
127159361,41.2336,33.8685,496,44711,0.0351392,1,1,1755153,1754657,496
127162281,37.0467,27.5737,506,44758,0.0630278,1,1,1755189,1754683,506
127165201,28.2093,27.9147,504,44805,0.0126056,1,1,1755215,1754711,504
127168121,20.8419,31.9829,490,44852,0.0265211,0.99,1,1755234,1754744,490
127171041,17.7684,27.9966,480,44899,0.0133042,1,1,1755251,1754771,480
127173961,43.5537,42.3993,484,44946,0.0106608,1,1,1755301,1754817,484
127176881,35.9107,35.6799,484,44993,0.00213217,0.9,1,1755335,1754851,484
127179801,19.9821,31.936,469,45040,0.0724264,0.75,1,1755351,1754882,469
127182721,21.5964,29.5872,462,45087,0.0224853,0.63,1,1755373,1754911,462
127185641,27.5193,35.5174,454,45134,0.0284971,0.49,1,1755402,1754948,454
127188561,26.3039,31.9035,449,45181,0.0296994,0.43,1,1755428,1754979,449
127191481,18.8608,27.1807,440,45228,0.0299399,0.33,1,1755445,1755005,440
127194401,22.9722,30.2361,433,45275,0.093988,0.21,1,1755469,1755036,433
127197321,25.3944,30.8472,428,45322,0.0747976,0.01,1,1755495,1755067,428
127200241,37.8789,42.1694,424,45369,0.0229595,0.03,1,1755536,1755112,424
127203161,39.5758,41.2339,423,45415,0.0045919,0.07,1,1755576,1755153,423
127206081,38.3152,37.0468,425,45461,0.00891838,0,1,1755614,1755189,425
127209001,26.863,28.2094,423,45507,0.00978368,0.03,1,1755638,1755215,423
127211921,20.5726,20.8419,423,45553,0.0579567,0.01,1,1755657,1755234,423
127214841,16.9145,17.7684,422,45599,0.0195913,0.01,1,1755673,1755251,422
127217761,44.1829,43.5537,423,45645,0.0279183,0,1,1755724,1755301,423
127220681,39.2366,35.9107,427,45691,0.0135837,0.09,1,1755762,1755335,427
127223601,16.6473,19.9821,422,45737,0.0587167,0.01,1,1755773,1755351,422
127226521,20.9295,21.5964,422,45783,0.0517433,0.03,1,1755795,1755373,422
127229441,28.1859,27.5193,423,45829,0.0343487,0.03,1,1755825,1755402,423
127232361,25.6372,26.3039,422,45875,0.0148697,0.03,1,1755850,1755428,422
127235281,18.7274,18.8608,422,45921,0.0269739,0.03,1,1755867,1755445,422
127238201,26.1455,3.77215,450,45967,0.0453948,0.11,1,1755895,1755445,450
127241121,22.8291,19.9544,448,46013,0.033079,0.07,1,1755917,1755469,448
127244041,36.5658,24.7909,462,46059,0.0466158,0.01,1,1755957,1755495,462
127246961,39.3132,37.7582,461,46105,0.0173232,0,1,1755997,1755536,461
127249881,39.8626,39.5516,461,46151,0.00346463,0.01,1,1756037,1755576,461
127252801,26.3725,38.3103,446,46197,0.00869293,0.01,1,1756060,1755614,446
127255721,19.6745,26.8621,440,46243,0.0737386,0.07,1,1756078,1755638,440
127258641,16.7349,20.5724,437,46289,0.0227477,0.01,1,1756094,1755657,437
127261561,44.147,16.9145,472,46335,0.0125495,0.03,1,1756145,1755673,472
127264481,40.8294,44.1829,461,46381,0.0105099,0.01,1,1756185,1755724,461
127267401,16.9659,39.2366,434,46426,0.058102,0.07,1,1756196,1755762,434
127270321,20.9932,16.6473,445,46471,0.0676204,0.05,1,1756218,1755773,445
127273241,27.3986,20.9295,452,46516,0.117524,0.03,1,1756247,1755795,452
127276161,24.6797,28.1859,446,46561,0.127505,0.01,1,1756271,1755825,446
127279081,18.5359,25.6372,438,46606,0.081501,0.03,1,1756288,1755850,438
127282001,26.9072,18.7274,450,46651,0.0883002,0.05,1,1756317,1755867,450
127284921,23.7814,26.1455,445,46696,0.10566,0.03,1,1756340,1755895,445
127287841,35.9563,22.8291,462,46741,0.157132,0.05,1,1756379,1755917,462
127290761,38.3913,36.5658,461,46786,0.0554264,0.01,1,1756418,1755957,461
127293681,40.4783,39.3132,462,46831,0.0350853,0,1,1756459,1755997,462
127296601,27.2957,39.8626,446,46876,0.0470171,0.01,1,1756483,1756037,446
127299521,19.8591,26.3725,441,46921,0.0494034,0.09,1,1756501,1756060,441
127302441,15.1718,19.6745,437,46966,0.0498807,0.01,1,1756515,1756078,437
127305361,43.8344,16.7349,472,47011,0.0339761,0.01,1,1756566,1756094,472
127308281,42.3669,44.147,463,47056,0.0467952,0.01,1,1756608,1756145,463
127311201,18.0734,40.8294,435,47101,0.049359,0.07,1,1756620,1756185,435
127314121,21.2147,16.9659,446,47146,0.0658718,0.07,1,1756642,1756196,446
127317041,29.8429,20.9932,456,47191,0.0851744,0.13,1,1756674,1756218,456
127319961,23.5686,27.3986,449,47236,0.105035,0.13,1,1756696,1756247,449
127322881,18.3137,24.6797,442,47281,0.125007,0.07,1,1756713,1756271,442
127325801,28.4627,18.5359,456,47326,0.0810014,0.09,1,1756744,1756288,456
127328721,23.2925,26.9072,449,47371,0.0722003,0.11,1,1756766,1756317,449
127331641,6.25851,23.7814,428,47415,0.0704401,0.17,1,1756768,1756340,428
127334561,32.4517,35.9563,428,47459,0.102088,0.03,1,1756807,1756379,428
127337481,33.6903,38.3913,423,47503,0.108418,0.03,1,1756841,1756418,423
127340401,40.3381,40.4783,424,47547,0.0456835,0.05,1,1756883,1756459,424
127343321,27.2676,27.2957,424,47591,0.0171367,0.05,1,1756907,1756483,424
127346241,19.8535,19.8591,424,47635,0.0114273,0.05,1,1756925,1756501,424
127349161,13.5707,15.1718,422,47679,0.0102855,0.03,1,1756937,1756515,422
127352081,44.3141,43.8344,423,47723,0.0260571,0.05,1,1756989,1756566,423
127355001,43.2628,42.3669,424,47767,0.0452114,0.05,1,1757032,1756608,424
127357921,19.0526,18.0734,425,47811,0.0330423,0.07,1,1757045,1756620,425
127360841,21.4105,21.2147,425,47855,0.0146085,0.09,1,1757067,1756642,425
127363761,31.4821,29.8429,427,47899,0.0269217,0.11,1,1757101,1756674,427
127366681,23.8964,23.5686,427,47943,0.109384,0.13,1,1757123,1756696,427
127369601,17.5793,18.3137,426,47987,0.125877,0.07,1,1757139,1756713,426
127372521,27.5159,28.4627,425,48031,0.0971754,0.07,1,1757169,1756744,425
127375441,23.9032,23.2925,426,48075,0.107435,0.07,1,1757192,1756766,426
127378361,6.38063,6.25851,426,48119,0.109487,0.11,1,1757194,1756768,426
127381281,33.2761,32.4517,427,48163,0.0938974,0.11,1,1757234,1756807,427
127384201,30.6552,33.6903,423,48207,0.154779,0.03,1,1757264,1756841,423
127387121,38.931,40.3381,422,48251,0.0709559,0.01,1,1757305,1756883,422
127390041,26.9862,27.2676,422,48295,0.0541912,0.01,1,1757329,1756907,422
127392961,19.7972,19.8535,422,48339,0.0668382,0.01,1,1757347,1756925,422
127395881,13.5594,13.5707,422,48383,0.0693676,0.03,1,1757359,1756937,422
127398801,44.3119,44.3141,422,48427,0.0218735,0.05,1,1757411,1756989,422
127401721,43.2624,43.2628,422,48471,0.0283747,0.03,1,1757454,1757032,422
127404641,19.0525,19.0526,422,48514,0.0456749,0.01,1,1757467,1757045,422
127407561,21.4105,21.4105,422,48557,0.017135,0.03,1,1757489,1757067,422
127410481,32.2821,31.4821,423,48600,0.043427,0.13,1,1757524,1757101,423
127413401,26.4564,23.8964,426,48643,0.0486854,0.13,1,1757549,1757123,426
127416321,18.0913,17.5793,426,48686,0.0177371,0.09,1,1757565,1757139,426
127419241,27.6183,27.5159,426,48729,0.0915474,0.11,1,1757595,1757169,426
127422161,23.9237,23.9032,426,48772,0.0903095,0.11,1,1757618,1757192,426
127425081,6.38473,6.38063,426,48815,0.0900619,0.09,1,1757620,1757194,426
127428001,33.2769,33.2761,426,48858,0.0900124,0.09,1,1757660,1757234,426
127430921,31.4554,6.65522,457,48901,0.138002,0.17,1,1757691,1757234,457
127433841,35.8911,25.331,464,48944,0.1316,0.05,1,1757728,1757264,464
127436761,27.1782,37.8662,448,48987,0.14632,0.05,1,1757753,1757305,448
127439681,19.8356,26.7732,442,49030,0.117264,0.07,1,1757771,1757329,442
127442601,13.5671,19.7546,436,49073,0.111453,0.07,1,1757783,1757347,436
127445521,41.9134,13.5509,473,49116,0.110291,0.01,1,1757832,1757359,473
127448441,43.5827,44.3102,465,49159,0.0780581,0.03,1,1757876,1757411,465
127451361,18.3165,43.262,434,49202,0.0876116,0.05,1,1757888,1757454,434
127454281,21.2633,19.0524,443,49245,0.0895223,0.01,1,1757910,1757467,443
127457201,32.2527,21.4105,456,49288,0.0739045,0.05,1,1757945,1757489,456
127460121,26.4505,32.2821,446,49331,0.0227809,0.05,1,1757970,1757524,446
127463041,18.8901,26.4564,438,49374,0.0285562,0.01,1,1757987,1757549,438
127465961,29.378,18.0913,454,49417,0.0777112,0.11,1,1758019,1757565,454
127468881,25.0756,27.6183,448,49460,0.103542,0.09,1,1758043,1757595,448
127471801,6.61512,23.9237,427,49503,0.108708,0.09,1,1758045,1757618,427
127474721,34.123,6.38473,466,49546,0.141742,0.09,1,1758086,1757620,466
127477641,33.2246,33.2769,459,49589,0.180348,0.15,1,1758119,1757660,459
127480561,35.4449,31.4554,464,49631,0.20407,0.13,1,1758155,1757691,464
127483481,26.289,35.8911,451,49673,0.240814,0.15,1,1758179,1757728,451
127486401,19.6578,27.1782,444,49715,0.248163,0.11,1,1758197,1757753,444
127489321,13.5316,19.8356,438,49757,0.249633,0.11,1,1758209,1757771,438
127492241,41.9063,13.5671,475,49799,0.281927,0.11,1,1758258,1757783,475
127495161,42.7813,41.9134,469,49841,0.320385,0.07,1,1758301,1757832,469
127498081,18.1563,43.5827,437,49883,0.296077,0.09,1,1758313,1757876,437
127501001,21.2313,18.3165,447,49925,0.307215,0.09,1,1758335,1757888,447
127503921,31.4463,21.2633,459,49967,0.309443,0.07,1,1758369,1757910,459
127506841,24.6892,32.2527,447,50009,0.293889,0.01,1,1758392,1757945,447
127509761,20.9378,26.4505,442,50051,0.290778,0.03,1,1758412,1757970,442
127512681,30.5876,18.8901,458,50093,0.354156,0.09,1,1758445,1757987,458
127515601,26.1175,29.378,451,50135,0.398831,0.11,1,1758470,1758019,451
127518521,6.8235,25.0756,429,50177,0.407766,0.11,1,1758472,1758043,429
127521441,34.9647,6.61512,469,50219,0.377553,0.15,1,1758514,1758045,469
127524361,34.9929,34.123,463,50261,0.403511,0.19,1,1758549,1758086,463
127527281,37.3986,33.2246,468,50303,0.376702,0.21,1,1758587,1758119,468
127530201,9.07972,35.4449,434,50345,0.37134,0.25,1,1758589,1758155,434
127533121,21.0159,26.289,434,50387,0.370268,0.25,1,1758613,1758179,434
127536041,18.6032,19.6578,434,50429,0.370054,0.25,1,1758631,1758197,434
127538961,13.3206,13.5316,434,50471,0.370011,0.29,1,1758643,1758209,434
127541881,43.4641,41.9063,436,50513,0.466002,0.33,1,1758694,1758258,436
127544801,43.0928,42.7813,436,50555,0.4692,0.29,1,1758737,1758301,436
127547721,19.0186,18.1563,437,50597,0.45384,0.31,1,1758750,1758313,437
127550641,21.4037,21.2313,437,50639,0.450768,0.31,1,1758772,1758335,437
127553561,31.4807,31.4463,437,50681,0.466154,0.29,1,1758806,1758369,437
127556481,23.8961,24.6892,436,50723,0.501231,0.29,1,1758828,1758392,436
127559401,22.3792,20.9378,438,50765,0.508246,0.37,1,1758850,1758412,438
127562321,32.4758,30.5876,440,50806,0.477649,0.41,1,1758885,1758445,440
127565241,26.4952,26.1175,440,50847,0.50353,0.41,1,1758910,1758470,440
127568161,6.89903,6.8235,440,50888,0.476706,0.37,1,1758912,1758472,440
127571081,35.7798,34.9647,441,50929,0.503341,0.41,1,1758955,1758514,441
127574001,35.956,34.9929,442,50970,0.524668,0.37,1,1758991,1758549,442
127576921,35.9912,37.3986,440,51011,0.528934,0.37,1,1759027,1758587,440
127579841,8.79824,9.07972,440,51052,0.529787,0.37,1,1759029,1758589,440
127582761,20.9596,21.0159,440,51093,0.497957,0.37,1,1759053,1758613,440
127585681,18.5919,18.6032,440,51134,0.507591,0.37,1,1759071,1758631,440
127588601,13.3184,13.3206,440,51175,0.525518,0.49,1,1759083,1758643,440
127591521,46.6637,43.4641,444,51216,0.609104,0.47,1,1759138,1758694,444
127594441,42.9327,43.0928,443,51257,0.625821,0.45,1,1759180,1758737,443
127597361,19.7865,19.0186,444,51298,0.629164,0.45,1,1759194,1758750,444
127600281,21.5573,21.4037,444,51339,0.645833,0.47,1,1759216,1758772,444
127603201,32.3115,31.4807,445,51380,0.729167,0.51,1,1759251,1758806,445
127606121,24.0623,23.8961,445,51421,0.745833,0.51,1,1759273,1758828,445
127609041,22.4125,22.3792,445,51462,0.749167,0.47,1,1759295,1758850,445
127611961,32.4825,32.4758,445,51503,0.701833,0.51,1,1759330,1758885,445
127614881,26.4965,26.4952,445,51544,0.676367,0.47,1,1759355,1758910,445
127617801,6.8993,6.89903,445,51585,0.671273,0.51,1,1759357,1758912,445
127620721,35.7799,35.7798,445,51626,0.702255,0.53,1,1759400,1758955,445
127623641,36.756,35.956,446,51667,0.724451,0.53,1,1759437,1758991,446
127626561,36.1512,35.9912,446,51708,0.76089,0.53,2,1759473,1759027,446
127629481,8.83024,8.79824,446,51749,0.768178,0.49,2,1759475,1759029,446
127632401,20.966,20.9596,446,51790,0.769636,0.49,2,1759499,1759053,446
127635321,19.3932,4.19193,465,51831,0.769927,0.51,2,1759518,1759053,465
127638241,13.4786,15.2384,459,51872,0.769985,0.53,2,1759530,1759071,459
127641161,49.8957,12.6477,506,51913,0.785997,0.63,2,1759589,1759083,506
127644081,44.3791,46.5295,494,51954,0.805199,0.63,2,1759632,1759138,494
127647001,20.8758,42.9059,467,51995,0.79304,0.63,2,1759647,1759180,467
127649921,21.7752,19.7812,475,52035,0.790608,0.65,2,1759669,1759194,475
127652841,34.755,21.5562,491,52075,0.806122,0.75,2,1759707,1759216,491
127655761,24.551,32.3112,478,52115,0.809224,0.75,2,1759729,1759251,478
127658681,22.5102,24.0622,478,52155,0.809845,0.75,2,1759751,1759273,478
127661601,31.702,22.4124,490,52195,0.809969,0.69,2,1759785,1759295,490
127664521,25.5404,32.4825,479,52235,0.825994,0.67,2,1759809,1759330,479
127667441,6.70808,26.4965,456,52275,0.829199,0.67,2,1759811,1759355,456
127670361,35.7416,6.8993,497,52315,0.84584,0.71,2,1759854,1759357,497
127673281,39.1483,35.7799,494,52355,0.881168,0.73,2,1759894,1759400,494
127676201,36.6297,36.756,493,52395,0.904234,0.77,2,1759930,1759437,493
127679121,8.92593,36.1512,459,52435,0.908847,0.77,2,1759932,1759473,459
127682041,20.9852,8.83024,481,52475,0.909769,0.77,2,1759956,1759475,481
127684961,20.997,20.966,478,52515,0.925954,0.77,2,1759977,1759499,478
127687881,13.7994,19.3932,471,52555,0.929191,0.77,2,1759989,1759518,471
127908341,104,108,457,24820,0.27,0.69,1,1762266,1761809,457
127911261,61.6,41.6,483,25633,0.254,0.55,1,1762317,1761834,483
127914181,50.72,52.32,476,25716,0.2508,0.49,1,1762365,1761889,476
127917101,26.944,50.464,447,25798,0.33016,0.49,1,1762386,1761939,447
127920021,16.5888,15.6928,454,25880,0.346032,0.41,1,1762400,1761946,454
127922941,65.7178,27.1386,502,25962,0.301206,0.43,1,1762478,1761976,502
127925861,57.9436,79.0277,466,26044,0.276241,0.39,1,1762534,1762068,466
127928781,62.7887,71.0055,461,26125,0.303248,0.25,1,1762598,1762137,461
127931701,61.3577,56.6011,469,26206,0.35665,0.27,1,1762659,1762190,469
127934621,85.0716,72.1202,484,26287,0.36733,0.25,1,1762750,1762266,484
127937541,57.0143,55.224,483,26368,0.369466,0.25,1,1762800,1762317,483
127940461,29.0029,49.4448,457,26448,0.369893,0.35,1,1762822,1762365,457
127943381,17.0006,26.689,450,26528,0.369979,0.35,1,1762836,1762386,450
127946301,66.6001,16.5378,515,26608,0.417996,0.29,1,1762915,1762400,515
127949221,55.72,65.7076,490,26688,0.411599,0.27,1,1762968,1762478,490
127952141,63.944,57.9415,500,26767,0.44232,0.31,1,1763034,1762534,500
127955061,62.3888,62.7883,498,26846,0.512464,0.37,1,1763096,1762598,498
127957981,14.0778,61.3577,439,26925,0.526493,0.37,1,1763098,1762659,439
127960901,76.4156,85.0715,440,27004,0.593299,0.37,1,1763190,1762750,440
127963821,55.2831,57.0143,440,27082,0.62266,0.37,1,1763240,1762800,440
127966741,28.6566,29.0029,440,27160,0.596532,0.37,1,1763262,1762822,440
127969661,16.9313,17.0006,440,27238,0.591306,0.43,1,1763276,1762836,440
127972581,68.9863,66.6001,443,27316,0.638261,0.41,1,1763358,1762915,443
127975501,55.3973,55.72,442,27394,0.663652,0.45,1,1763410,1762968,442
127978421,65.4795,63.944,444,27471,0.71673,0.53,1,1763478,1763034,444
127981341,65.8959,62.3888,448,27548,0.695346,0.53,1,1763544,1763096,448
127984261,14.7792,14.0778,448,27625,0.723069,0.61,1,1763546,1763098,448
127987181,78.1558,76.4156,450,27702,0.744614,0.63,1,1763640,1763190,450
127990101,56.4312,55.2831,451,27778,0.748923,0.59,1,1763691,1763240,451
127993021,28.8862,28.6566,451,27854,0.797785,0.59,2,1763713,1763262,451
127995941,17.7772,16.9313,452,27930,0.807557,0.65,2,1763728,1763276,452
127998861,70.7555,68.9863,454,28006,0.857511,0.67,2,1763812,1763358,454
128001781,57.3511,55.3973,456,28082,0.867502,0.73,2,1763866,1763410,456
128004701,65.8702,65.4795,456,28157,0.9015,0.69,2,1763934,1763478,456
128007621,65.974,65.8959,456,28232,0.9243,0.73,2,1764000,1763544,456
128010541,14.7948,14.7792,456,28307,0.92886,0.75,2,1764002,1763546,456
128121501,36,30,495,31022,0.65,1,1,1765945,1765450,495
128124421,63.2,63.6,493,31090,0.458,1,1,1766015,1765522,493
128127341,43.84,45.52,491,31158,0.2756,1,1,1766054,1765563,491
128130261,35.968,38.704,488,31226,0.14312,1,1,1766088,1765600,488
128133181,22.3936,27.7408,482,31294,0.164624,1,1,1766107,1765625,482
128136101,27.6787,5.54816,511,31362,0.0729248,1,1,1766136,1765625,511
128139021,42.3357,25.1096,527,31429,0.022585,1,1,1766182,1765655,527
128141941,50.0672,45.0219,529,31496,0.028517,0.98,1,1766234,1765705,529
128144861,69.2134,57.8044,542,31563,0.0617034,0.83,1,1766308,1765766,542
128147781,58.6427,74.7609,519,31630,0.0523407,0.75,1,1766364,1765845,519
128150701,35.7285,66.1522,485,31697,0.0664681,0.65,1,1766394,1765909,485
128153621,54.3457,42.0304,508,31764,0.117294,0.41,1,1766453,1765945,508
128156541,40.4691,64.4061,475,31831,0.0954587,0.23,1,1766490,1766015,475
128159461,31.2938,44.0812,465,31897,0.0430917,0.11,1,1766519,1766054,465
128162381,18.2588,36.0162,446,31963,0.0806184,0.17,1,1766534,1766088,446
128165301,23.6518,22.4032,452,32029,0.0721237,0.05,1,1766559,1766107,452
128168221,40.7304,27.6807,468,32095,0.0864247,0.01,1,1766604,1766136,468
128171141,49.7461,42.3361,474,32161,0.0412849,0.03,1,1766656,1766182,474
128174061,70.7492,50.0672,498,32227,0.048257,0.07,1,1766732,1766234,498
128176981,58.9498,69.2134,480,32293,0.0176514,0.05,1,1766788,1766308,480
128179901,34.19,58.6427,452,32359,0.0435303,0.07,1,1766816,1766364,452
128182821,55.638,35.7285,483,32424,0.0647061,0.13,1,1766877,1766394,483
128185741,41.5276,54.3457,462,32489,0.0849412,0.09,1,1766915,1766453,462
128188661,29.1055,40.4691,451,32554,0.104988,0.03,1,1766941,1766490,451
128191581,20.2211,31.2938,440,32619,0.108998,0.09,1,1766959,1766519,440
128194501,23.2442,18.2588,449,32684,0.1418,0.07,1,1766983,1766534,449
128197421,39.8488,23.6518,468,32749,0.11636,0.09,1,1767027,1766559,468
128200341,9.56977,40.7304,425,32814,0.111272,0.03,1,1767029,1766604,425
128203261,41.914,49.7461,423,32878,0.142254,0.05,1,1767079,1766656,423
128206181,69.9828,70.7492,424,32942,0.0684509,0.01,1,1767156,1766732,424
128209101,57.1966,58.9498,422,33006,0.0856902,0.05,1,1767210,1766788,422
128212021,35.4393,34.19,424,33070,0.057138,0.07,1,1767240,1766816,424
128214941,56.6879,55.638,425,33134,0.115428,0.09,1,1767302,1766877,425
128217861,43.3376,41.5276,427,33198,0.0950855,0.11,1,1767342,1766915,427
128220781,29.4675,29.1055,427,33262,0.0910171,0.11,1,1767368,1766941,427
128223701,21.0935,20.2211,428,33326,0.122203,0.15,1,1767387,1766959,428
128226621,24.2187,23.2442,429,33389,0.112441,0.11,1,1767412,1766983,429
128229541,39.2437,39.8488,428,33452,0.126488,0.11,1,1767455,1767027,428
128232461,9.44875,9.56977,428,33515,0.129298,0.15,1,1767457,1767029,428
128235381,41.0898,41.914,427,33578,0.14586,0.05,1,1767506,1767079,427
128238301,65.818,69.9828,422,33641,0.101172,0.09,1,1767578,1767156,422
128241221,57.9636,57.1966,424,33704,0.220234,0.05,1,1767634,1767210,424
128244141,35.5927,35.4393,424,33767,0.212047,0.13,1,1767664,1767240,424
128247061,58.3185,56.6879,426,33830,0.226409,0.09,1,1767728,1767302,426
128249981,43.6637,43.3376,426,33893,0.229282,0.09,1,1767768,1767342,426
128252901,29.5327,29.4675,426,33955,0.229856,0.13,1,1767794,1767368,426
128255821,22.7065,21.0935,428,34017,0.309971,0.11,1,1767815,1767387,428
128258741,23.7413,24.2187,427,34079,0.293994,0.13,1,1767839,1767412,427
128261661,38.3483,39.2437,426,34141,0.306799,0.13,1,1767881,1767455,426
128264581,9.26965,9.44875,426,34203,0.30936,0.15,1,1767883,1767457,426
128267501,41.8539,41.0898,427,34265,0.341872,0.15,1,1767933,1767506,427
128270421,64.3708,8.21795,497,34327,0.348374,0.09,1,1768003,1767506,497
128273341,62.4742,59.2436,487,34389,0.381675,0.25,1,1768065,1767578,487
128276261,37.2948,56.6487,462,34450,0.420335,0.21,1,1768096,1767634,462
128279181,58.659,35.3297,496,34511,0.460067,0.23,1,1768160,1767664,496
128282101,43.7318,58.2659,472,34572,0.484013,0.23,1,1768200,1767728,472
128285021,31.1464,43.6532,460,34633,0.504803,0.23,1,1768228,1767768,460
128287941,23.8293,29.5306,456,34694,0.508961,0.33,1,1768250,1767794,456
128290861,23.9659,22.7061,459,34755,0.509792,0.29,1,1768274,1767815,459
128293781,39.1932,23.7412,478,34816,0.509958,0.31,1,1768317,1767839,478
128296701,9.43863,38.3482,438,34877,0.509992,0.31,1,1768319,1767881,438
128299621,43.4877,9.26965,488,34938,0.557998,0.35,1,1768371,1767883,488
128302541,65.4975,41.8539,509,34999,0.5516,0.35,1,1768442,1767933,509
128305461,63.4995,64.3708,502,35059,0.56632,0.39,1,1768505,1768003,502
128308381,39.0999,62.4742,473,35119,0.553264,0.43,1,1768538,1768065,473
128311301,60.62,37.2948,508,35179,0.598653,0.47,1,1768604,1768096,508
128314221,45.724,58.659,486,35239,0.623731,0.49,1,1768646,1768160,486
128317141,31.5448,43.7318,474,35299,0.628746,0.51,1,1768674,1768200,474
128320061,23.909,31.1464,468,35359,0.629749,0.51,1,1768696,1768228,468
128322981,24.7818,23.8293,471,35419,0.66195,0.51,1,1768721,1768250,471
128325901,38.5564,23.9659,489,35479,0.65239,0.51,1,1768763,1768274,489
128328821,9.31127,39.1932,448,35539,0.666478,0.51,1,1768765,1768317,448
128331741,45.8623,9.43863,501,35598,0.685296,0.57,1,1768820,1768319,501
128334661,65.1725,43.4877,519,35657,0.721059,0.55,1,1768890,1768371,519
128337581,14.6345,65.4975,450,35716,0.728212,0.57,1,1768892,1768442,450
128340501,53.3269,63.4995,450,35775,0.713642,0.55,1,1768955,1768505,450
128343421,36.2654,39.0999,449,35834,0.742728,0.61,1,1768987,1768538,449
128346341,62.4531,60.62,452,35893,0.796546,0.63,2,1769056,1768604,452
128349261,46.8906,45.724,453,35952,0.855309,0.63,2,1769099,1768646,453
128352181,31.7781,31.5448,453,36011,0.835062,0.63,2,1769127,1768674,453
128355101,24.7556,23.909,454,36070,0.847012,0.67,2,1769150,1768696,454
128358021,24.1511,24.7818,453,36129,0.849402,0.65,2,1769174,1768721,453
128360941,40.0302,38.5564,455,36187,0.881881,0.67,2,1769218,1768763,455
128363861,9.60604,9.31127,455,36245,0.920376,0.69,2,1769220,1768765,455
128366781,47.5212,45.8623,457,36303,0.928075,0.73,2,1769277,1768820,457
128369701,66.3042,65.1725,458,36361,0.913615,0.73,2,1769348,1768890,458
128372621,14.8608,14.6345,458,36419,0.910723,0.71,2,1769350,1768892,458
128375541,53.3722,53.3269,458,36477,0.894145,0.75,2,1769413,1768955,458
128506941,33,18,517,38998,0.91,1,2,1771163,1770646,517
128509861,26.6,31.6,507,39052,0.798,1,2,1771188,1770681,507
128512781,50.92,67.92,487,39106,0.7756,1,2,1771245,1770758,487
128515701,33.384,29.584,496,39160,0.80312,1,2,1771274,1770778,496
128518621,33.8768,40.3168,487,39214,0.712624,0.93,1,1771308,1770821,487
128521541,41.9754,36.0634,496,39268,0.726525,1,1,1771352,1770856,496
128524461,47.5951,61.6127,477,39322,0.681305,1,1,1771401,1770924,477
128527381,33.519,33.1225,481,39376,0.640261,1,1,1771431,1770950,481
128530301,41.9038,38.6245,485,39430,0.680052,1,1,1771475,1770990,485
128533221,29.1808,35.7249,476,39484,0.70401,0.95,1,1771501,1771025,476
128536141,31.4362,34.345,474,39537,0.708802,0.94,1,1771533,1771059,474
128539061,20.6872,26.869,467,39590,0.64576,0.91,1,1771551,1771084,467
128541981,38.5374,42.1738,464,39643,0.729152,0.91,1,1771594,1771130,464
128544901,33.3075,34.8348,463,39696,0.71383,0.77,1,1771626,1771163,463
128547821,24.2615,26.967,460,39749,0.742766,0.77,1,1771648,1771188,460
128550741,48.0523,50.9934,457,39802,0.796553,0.81,2,1771702,1771245,457
128553661,31.2105,33.3987,455,39855,0.791311,0.69,2,1771729,1771274,455
128556581,35.8421,33.8797,458,39908,0.806262,0.73,2,1771766,1771308,458
128559501,40.7684,41.9759,456,39961,0.809253,0.67,2,1771808,1771352,456
128562421,44.1537,47.5952,452,40014,0.825851,0.63,2,1771853,1771401,452
128565341,33.6307,33.519,453,40067,0.84517,0.63,2,1771884,1771431,453
128568261,41.1261,6.70381,496,40120,0.817034,0.69,2,1771927,1771431,496
128571181,29.0252,36.5408,478,40173,0.843407,0.71,2,1771953,1771475,478
128574101,33.005,28.1082,486,40226,0.880681,0.71,2,1771987,1771501,486
128577021,20.201,31.2216,471,40278,0.872136,0.63,2,1772004,1771533,471
128579941,39.2402,20.6443,497,40330,0.902427,0.75,2,1772048,1771551,497
128582861,35.048,38.5289,488,40382,0.908485,0.71,2,1772082,1771594,488
128585781,24.6096,33.3058,478,40434,0.925697,0.75,2,1772104,1771626,478
128841281,99,105,516,20647,0.25,0.93,1,1775304,1774788,516
128844201,80.6,86.6,510,20750,0.154,0.87,1,1775380,1774870,510
128847121,62.52,81.32,488,20852,0.1348,0.73,1,1775438,1774950,488
128850041,52.504,61.864,481,20954,0.11496,0.55,1,1775488,1775007,481
128852961,32.1008,51.5728,459,21055,0.126992,0.57,1,1775515,1775056,459
128855881,30.4202,33.5146,460,21156,0.129398,0.37,1,1775545,1775085,460
128858801,85.284,102.703,439,21256,0.17788,0.25,1,1775644,1775205,439
128861721,91.4568,99.7406,433,21356,0.203576,0.13,1,1775737,1775304,433
128864641,75.0914,80.7481,428,21455,0.288715,0.13,1,1775808,1775380,428
128867561,61.4183,62.5496,428,21554,0.337743,0.11,1,1775866,1775438,428
128870481,51.4837,52.5099,427,21652,0.331549,0.13,1,1775915,1775488,427
128873401,31.0967,32.102,426,21750,0.36231,0.13,1,1775941,1775515,426
128876321,30.2193,30.4204,426,21848,0.384462,0.19,1,1775971,1775545,426
128879241,87.6439,85.2841,429,21945,0.420892,0.21,1,1776073,1775644,429
128882161,95.1288,91.4568,433,22042,0.460178,0.31,1,1776170,1775737,433
128885081,77.4258,75.0914,435,22138,0.484036,0.35,1,1776243,1775808,435
128888001,63.4851,61.4183,437,22234,0.520807,0.33,1,1776303,1775866,437
128890921,52.697,51.4837,438,22329,0.544161,0.37,1,1776353,1775915,438
128893841,31.3394,31.0967,438,22424,0.548832,0.39,1,1776379,1775941,438
128896761,31.0679,30.2193,439,22519,0.549766,0.39,1,1776410,1775971,439
128899681,90.2136,6.04387,544,22613,0.613953,0.43,1,1776515,1775971,544
128902601,95.6427,82.8088,539,22707,0.658791,0.47,1,1776612,1776073,539
128905521,79.9285,94.1618,518,22800,0.667758,0.49,1,1776688,1776170,518
128908441,63.9857,77.2324,505,22893,0.701552,0.53,1,1776748,1776243,505
128911361,55.1971,63.4465,498,22986,0.75631,0.55,2,1776801,1776303,498
128914281,31.8394,52.6893,474,23078,0.767262,0.55,2,1776827,1776353,474
128917201,31.1679,31.3379,479,23170,0.801452,0.55,2,1776858,1776379,479
128920121,94.2336,31.0676,558,23261,0.82429,0.63,2,1776968,1776410,558
128923041,97.2467,90.2135,551,23352,0.844858,0.67,2,1777066,1776515,551
128925961,81.0493,95.6427,531,23443,0.896972,0.67,2,1777143,1776612,531
128928881,65.0099,79.9285,516,23533,0.891394,0.71,2,1777204,1776688,516
128931801,57.802,63.9857,512,23623,0.874279,0.77,2,1777260,1776748,512
128934721,33.1604,55.1971,486,23713,0.854856,0.77,2,1777287,1776801,486
128937641,33.0321,31.8394,493,23802,0.866971,0.81,2,1777320,1776827,493
128940561,94.6064,31.1679,572,23891,0.901394,0.83,2,1777430,1776858,572
129019401,31,20,518,26179,0.71,1,1,1779019,1778501,518
129022321,71,40,554,26260,0.63,1,1,1779100,1778546,554
129025241,47,68,520,26341,0.582,1,1,1779141,1778621,520
129028161,37.4,58.4,499,26421,0.5084,1,1,1779176,1778677,499
129031081,42.68,36.48,512,26501,0.50968,1,1,1779220,1778708,512
129034001,84.536,35.296,572,26581,0.477936,1,1,1779315,1778743,572
129036921,92.9072,92.6592,560,26661,0.519587,0.91,1,1779410,1778850,560
129039841,48.1814,98.5318,497,26740,0.543917,0.85,1,1779447,1778950,497
129042761,32.0363,50.1064,487,26819,0.548783,0.71,1,1779475,1778988,487
129045681,67.2073,34.8213,532,26898,0.565757,0.61,1,1779551,1779019,532
129048601,15.0415,71.7643,453,26977,0.569151,0.57,1,1779553,1779100,453
129051521,35.0083,47.1528,452,27056,0.56983,0.49,1,1779593,1779141,452
129054441,33.4017,37.4306,450,27134,0.601966,0.51,1,1779626,1779176,450
129057361,39.4803,42.6861,447,27212,0.608393,0.47,1,1779667,1779220,447
129060281,80.6961,84.5372,443,27290,0.625679,0.53,1,1779758,1779315,443
129063201,94.5392,92.9074,446,27368,0.645136,0.55,1,1779856,1779410,446
129066121,50.9078,48.1815,449,27445,0.665027,0.55,1,1779896,1779447,449
129069041,32.5816,32.0363,449,27522,0.717005,0.57,1,1779924,1779475,449
129071961,68.1163,67.2073,450,27599,0.791401,0.57,2,1780001,1779551,450
129074881,15.2233,15.0415,450,27676,0.80628,0.57,2,1780003,1779553,450
129077801,35.0447,35.0083,450,27753,0.793256,0.61,2,1780043,1779593,450
129080721,33.4089,33.4017,450,27829,0.854651,0.61,2,1780076,1779626,450
129083641,41.0818,39.4803,452,27905,0.86693,0.63,2,1780119,1779667,452
129086561,82.6164,80.6961,454,27981,0.869386,0.65,2,1780212,1779758,454
129212121,34,26,484,31068,0.73,1,1,1782394,1781910,484
129215041,40.4,27.6,498,31136,0.586,1,1,1782436,1781938,498
129217961,39.28,31.92,504,31204,0.4772,1,1,1782475,1781971,504
129220881,31.056,35.984,496,31272,0.32744,1,1,1782504,1782008,496
129223801,23.0112,31.9968,486,31340,0.361488,1,1,1782525,1782039,486
129226721,48.6022,6.39936,541,31408,0.232298,1,1,1782580,1782039,541
129229641,95.3204,63.6799,570,31475,0.0464595,1,1,1782687,1782117,570
129232561,43.0641,91.136,502,31542,0.0332919,0.96,1,1782717,1782215,502
129235481,43.0128,47.0272,509,31609,0.0466584,0.92,1,1782760,1782251,509
129238401,59.0026,43.0054,530,31676,0.0973317,0.8,1,1782823,1782293,530
129241321,33.4005,62.2011,490,31743,0.0914663,0.73,1,1782850,1782360,490
129244241,33.0801,39.6402,489,31810,0.122293,0.55,1,1782883,1782394,489
129247161,33.016,41.528,480,31877,0.160459,0.45,1,1782916,1782436,480
129250081,25.0032,39.5056,464,31943,0.184092,0.29,1,1782939,1782475,464
129253001,21.0006,31.1011,455,32009,0.124818,0.37,1,1782959,1782504,455
129255921,42.6001,23.0202,482,32075,0.176964,0.2,1,1783007,1782525,482
129258841,90.92,48.604,530,32141,0.123393,0,1,1783110,1782580,530
129261761,41.384,95.3208,452,32207,0.0806786,0.03,1,1783139,1782687,452
129264681,45.0768,43.0642,468,32273,0.0401357,0.05,1,1783185,1782717,468
129267601,60.2154,43.0128,489,32339,0.0960271,0.11,1,1783249,1782760,489
129270521,33.6431,59.0026,453,32404,0.0592054,0.09,1,1783276,1782823,453
129273441,32.3286,33.4005,458,32469,0.0998411,0.13,1,1783308,1782850,458
129276361,36.0657,33.0801,462,32534,0.139968,0.17,1,1783345,1782883,462
129279281,24.8131,33.016,451,32599,0.115994,0.19,1,1783367,1782916,451
129282201,19.3626,25.0032,446,32664,0.111199,0.11,1,1783385,1782939,446
129285121,43.8725,21.0006,476,32729,0.11024,0.19,1,1783435,1782959,476
129288041,10.3745,42.6001,430,32794,0.110048,0.11,1,1783437,1783007,430
129290961,83.6749,90.92,429,32858,0.12601,0.07,1,1783539,1783110,429
129293881,35.135,41.384,423,32922,0.177202,0.03,1,1783562,1783139,423
129296801,43.827,45.0768,423,32986,0.15544,0.11,1,1783608,1783185,423
129299721,61.5654,60.2154,425,33050,0.103088,0.05,1,1783674,1783249,425
129302641,34.7131,33.6431,426,33114,0.124618,0.11,1,1783702,1783276,426
129305561,34.1426,32.3286,428,33178,0.176924,0.15,1,1783736,1783308,428
129308481,35.6285,36.0657,427,33242,0.171385,0.11,1,1783772,1783345,427
129311401,24.7257,24.8131,427,33306,0.202277,0.11,1,1783794,1783367,427
129314321,19.3451,19.3626,427,33370,0.208455,0.11,1,1783812,1783385,427
129317241,43.869,43.8725,427,33433,0.209691,0.11,1,1783862,1783435,427
129320161,10.3738,10.3745,427,33496,0.209938,0.13,1,1783864,1783437,427
129323081,84.4748,83.6749,428,33559,0.273988,0.19,1,1783967,1783539,428
129326001,36.095,35.135,429,33622,0.302798,0.15,1,1783991,1783562,429
129328921,44.019,43.827,429,33685,0.34056,0.09,1,1784037,1783608,429
129331841,59.2038,61.5654,426,33748,0.316112,0.13,1,1784100,1783674,426
129334761,34.2408,34.7131,426,33811,0.343222,0.19,1,1784128,1783702,426
129337681,36.4482,34.1426,429,33874,0.396644,0.17,1,1784165,1783736,429
129340601,36.8896,35.6285,430,33936,0.407329,0.21,1,1784202,1783772,430
129343521,24.9779,24.7257,430,33998,0.425466,0.21,1,1784224,1783794,430
129346441,19.3956,19.3451,430,34060,0.429093,0.21,1,1784242,1783812,430
129349361,46.2791,43.869,433,34122,0.485819,0.21,1,1784295,1783862,433
129352281,10.8558,10.3738,433,34184,0.497164,0.29,1,1784297,1783864,433
129355201,86.9712,84.4748,436,34246,0.523433,0.29,1,1784403,1783967,436
129358121,36.5942,16.895,460,34308,0.496687,0.31,1,1784427,1783967,460
129361041,44.1188,22.579,482,34370,0.507337,0.35,1,1784473,1783991,482
129363961,59.2238,41.3158,499,34432,0.525467,0.31,1,1784536,1784037,499
129366881,35.8448,58.6632,466,34493,0.561094,0.35,1,1784566,1784100,466
129369801,37.5689,34.1326,476,34554,0.568219,0.41,1,1784604,1784128,476
129372721,39.5138,36.4265,479,34615,0.569644,0.41,1,1784644,1784165,479
129375641,25.5028,36.8853,464,34676,0.601929,0.43,1,1784666,1784202,464
129378561,19.5006,24.9771,460,34737,0.624386,0.43,1,1784684,1784224,460
129381481,48.7001,19.3954,498,34798,0.660877,0.5,1,1784740,1784242,498
129384401,11.34,46.2791,447,34859,0.668175,0.5,1,1784742,1784295,447
129387321,87.068,10.8558,551,34920,0.717635,0.53,1,1784848,1784297,551
129390241,36.6136,86.9712,469,34981,0.727527,0.49,1,1784872,1784403,469
129393161,44.9227,36.5942,492,35041,0.761505,0.51,2,1784919,1784427,492
129396081,60.1845,44.1188,510,35101,0.768301,0.53,2,1784983,1784473,510
129399001,37.6369,59.2238,479,35161,0.78566,0.57,2,1785015,1784536,479
129401921,37.9274,35.8448,487,35221,0.789132,0.57,2,1785053,1784566,487
129404841,39.5855,37.5689,489,35281,0.821826,0.57,2,1785093,1784604,489
129407761,27.9171,39.5138,474,35341,0.812365,0.61,2,1785118,1784644,474
129410681,20.7834,25.5028,471,35401,0.842473,0.63,2,1785137,1784666,471
129413601,49.7567,19.5006,510,35461,0.864495,0.67,2,1785194,1784684,510
129416521,11.5513,48.7001,456,35521,0.868899,0.67,2,1785196,1784740,456
129419441,89.5103,11.34,563,35581,0.85378,0.73,2,1785305,1784742,563
129422361,37.9021,87.068,482,35640,0.866756,0.73,2,1785330,1784848,482
129425281,9.18041,36.6136,460,35699,0.869351,0.77,2,1785332,1784872,460
129428201,39.4361,44.9227,460,35758,0.85387,0.77,2,1785379,1784919,460
129431121,59.8872,60.1845,461,35817,0.898774,0.79,2,1785444,1784983,461
129442801,25,25,463,36053,0.91,0.85,2,1785581,1785118,463
129445721,19.4,20.2,462,36112,0.942,0.87,2,1785599,1785137,462
129588801,38,38,490,38876,0.85,1,2,1787531,1787041,490
129591721,41.2,44.4,486,38930,0.802,1,2,1787573,1787087,486
129594641,34.64,36.88,484,38984,0.8244,1,2,1787606,1787122,484
129597561,71.728,69.776,487,39038,0.76488,1,2,1787687,1787200,487
129600481,39.9456,41.1552,485,39092,0.736976,0.96,1,1787719,1787234,485
129603401,30.3891,36.231,478,39146,0.763395,0.99,2,1787747,1787269,478
129606321,21.2778,20.0462,481,39200,0.816679,1,2,1787766,1787285,481
129609241,29.8556,37.6092,471,39254,0.795336,1,2,1787798,1787327,471
129612161,31.5711,33.1218,471,39308,0.807067,1,2,1787830,1787359,471
129615081,25.5142,25.8244,471,39362,0.793413,1,2,1787854,1787383,471
129618001,23.5028,25.1649,469,39416,0.774683,0.88,2,1787877,1787408,469
129620921,45.5006,48.233,466,39470,0.802937,0.89,2,1787928,1787462,466
129623841,29.1001,34.4466,460,39524,0.840587,0.85,2,1787953,1787493,460
129626761,37.82,37.2893,462,39577,0.880117,0.79,2,1787993,1787531,462
129629681,38.764,41.0579,459,39630,0.872023,0.83,2,1788032,1787573,459
129632601,34.1528,34.6116,459,39683,0.902405,0.75,2,1788065,1787606,459
129983001,41,28,508,45624,0.97,1,2,1792224,1791716,508
130187401,27,39,492,48752,0.79,1,2,1794392,1793900,492
130190321,34.2,32.6,497,48795,0.79,1,2,1794428,1793931,497
130193241,42.84,25.72,518,48838,0.79,1,2,1794473,1793955,518
130196161,34.168,5.144,550,48881,0.742,1,1,1794505,1793955,550
130199081,19.6336,29.0288,531,48924,0.7164,1,1,1794521,1793990,531
130202001,33.5267,36.2058,530,48967,0.74328,1,1,1794558,1794028,530
130253101,408.305,465.641,459,21900,0.652656,0.71,1,1795060,1794601,459
130256021,144.061,136.328,483,22724,0.634531,0.65,1,1795138,1794655,483
130258941,82.4122,80.0656,484,22817,0.614906,0.69,1,1795205,1794721,484
130261861,51.6824,49.6131,486,22910,0.642981,0.65,1,1795249,1794763,486
130264781,86.3365,84.3226,488,23003,0.680596,0.67,1,1795344,1794856,488
130267701,74.0673,76.8645,484,23095,0.688119,0.59,1,1795415,1794931,484
130270621,58.8135,84.9729,452,23187,0.753624,0.61,2,1795470,1795018,452
130273541,31.7627,26.5946,465,23278,0.718725,0.63,1,1795495,1795030,465
130276461,82.3525,29.3189,530,23369,0.775745,0.63,2,1795590,1795060,530
130279381,70.8705,68.2638,520,23460,0.803149,0.61,2,1795658,1795138,520
130282301,49.3741,67.2528,497,23550,0.85663,0.65,2,1795702,1795205,497
130387421,39,51,511,26598,0.79,1,2,1797857,1797346,511
130390341,36.6,42.2,507,26678,0.662,1,1,1797893,1797386,507
130393261,41.72,33.24,519,26757,0.5884,1,1,1797936,1797417,519
130396181,65.944,50.648,536,26836,0.54168,1,1,1798008,1797472,536
130399101,47.5888,66.9296,508,26915,0.404336,1,1,1798051,1797543,508
130402021,31.1178,44.5859,496,26994,0.408867,1,1,1798078,1797582,496
130404941,55.8236,80.1172,469,27072,0.329773,0.83,1,1798140,1797671,469
130407861,85.5647,92.8234,466,27150,0.297955,0.85,1,1798233,1797767,466
130410781,52.3129,59.3647,459,27228,0.243591,0.79,1,1798277,1797818,459
130413701,36.0626,43.0729,452,27306,0.232718,0.63,1,1798309,1797857,452
130416621,35.2125,37.4146,451,27384,0.182544,0.57,1,1798344,1797893,451
130419541,40.6425,41.8829,450,27461,0.188509,0.53,1,1798386,1797936,450
130422461,58.5285,65.9766,441,27538,0.141702,0.37,1,1798449,1798008,441
130425381,42.9057,47.5953,437,27615,0.11634,0.41,1,1798488,1798051,437
130428301,30.9811,31.1191,438,27692,0.175268,0.31,1,1798516,1798078,438
130431221,53.3962,55.8238,435,27768,0.203054,0.29,1,1798575,1798140,435
130434141,82.6792,85.5648,432,27844,0.272611,0.23,1,1798665,1798233,432
130437061,51.7358,52.313,432,27920,0.238522,0.23,1,1798709,1798277,432
130439981,34.3472,36.0626,430,27996,0.295704,0.17,1,1798739,1798309,430
130442901,33.2694,35.2125,428,28072,0.291141,0.19,1,1798772,1798344,428
130445821,41.0539,40.6425,429,28147,0.322228,0.13,1,1798815,1798386,429
130448741,57.0108,58.5285,427,28222,0.392446,0.11,1,1798876,1798449,427
130451661,45.8022,42.9057,431,28297,0.406489,0.19,1,1798919,1798488,431
130454581,31.5604,30.9811,431,28372,0.377298,0.19,1,1798947,1798516,431
130457501,53.5121,6.19623,490,28447,0.37146,0.21,1,1799006,1798516,490
130460421,84.3024,48.4392,523,28521,0.370292,0.29,1,1799098,1798575,523
130463341,52.0605,81.6878,477,28595,0.402058,0.23,1,1799142,1798665,477
130466261,35.2121,51.5376,464,28669,0.424412,0.31,1,1799173,1798709,464
130469181,35.0424,34.3075,469,28743,0.444882,0.29,1,1799208,1798739,469
130472101,43.0085,33.2615,481,28817,0.464976,0.33,1,1799253,1798772,481
130475021,58.2017,41.0523,500,28890,0.468995,0.41,1,1799315,1798815,500
130477941,46.0403,57.0105,482,28963,0.469799,0.41,1,1799358,1798876,482
130480861,31.6081,45.8021,467,29036,0.46996,0.37,1,1799386,1798919,467
130483781,53.5216,31.5604,498,29109,0.469992,0.37,1,1799445,1798947,498
130486701,84.3043,53.5121,531,29182,0.517998,0.37,1,1799537,1799006,531
130489621,52.0609,84.3024,483,29255,0.5436,0.41,1,1799581,1799098,483
130492541,37.6122,52.0605,473,29327,0.58072,0.43,1,1799615,1799142,473
130495461,37.9224,35.2121,480,29399,0.652144,0.45,1,1799653,1799173,480
130498381,42.7845,35.0424,489,29471,0.682429,0.47,1,1799697,1799208,489
130501301,58.1569,43.0085,506,29543,0.704486,0.47,1,1799759,1799253,506
130504221,46.0314,58.2017,487,29615,0.708897,0.47,1,1799802,1799315,487
130507141,31.6063,46.0403,472,29686,0.709779,0.47,1,1799830,1799358,472
130510061,54.3213,31.6081,504,29757,0.725956,0.47,1,1799890,1799386,504
130512981,86.0643,53.5216,539,29828,0.793191,0.53,2,1799984,1799445,539
130515901,18.8128,84.3043,449,29899,0.806638,0.55,2,1799986,1799537,449
130518821,38.9626,52.0609,449,29970,0.809328,0.59,2,1800030,1799581,449
130521741,36.5925,37.6122,451,30041,0.809866,0.67,2,1800066,1799615,451
130524661,40.9185,37.9224,455,30111,0.825973,0.69,2,1800108,1799653,455
130527581,44.1837,42.7845,456,30181,0.861195,0.71,2,1800153,1799697,456
130530501,60.0367,58.1569,458,30251,0.868239,0.71,2,1800217,1799759,458
130533421,45.6073,46.0314,457,30321,0.869648,0.71,2,1800259,1799802,457
130536341,32.3215,31.6063,458,30391,0.88593,0.73,2,1800288,1799830,458
130539261,56.0643,54.3213,460,30461,0.905186,0.81,2,1800350,1799890,460
130696941,41,43,479,34007,0.85,1,2,1802865,1802386,479
130699861,33.8,34.2,479,34069,0.674,1,1,1802897,1802418,479
130702781,35.56,34.84,480,34131,0.7348,1,1,1802933,1802453,480
130705701,20.712,22.168,478,34193,0.76296,1,2,1802950,1802472,478
130708621,18.5424,21.2336,475,34255,0.752592,1,2,1802968,1802493,475
130711541,34.9085,4.24672,514,34317,0.766518,1,2,1803007,1802493,514
130714461,41.3817,39.2493,509,34379,0.801304,0.98,2,1803050,1802541,509
130717381,67.4763,38.2499,545,34441,0.776261,0.99,2,1803124,1802579,545
130720301,41.4953,70.85,501,34502,0.787252,0.81,2,1803159,1802658,501
130723221,40.2991,44.57,503,34563,0.78945,0.81,2,1803199,1802696,503
130726141,75.2598,42.514,545,34624,0.86989,0.75,2,1803283,1802738,545
130729061,48.652,77.3028,501,34685,0.869978,0.85,2,1803325,1802824,501
130731981,35.3304,48.2606,492,34746,0.885996,0.63,2,1803357,1802865,492
130734901,34.2661,35.2521,494,34807,0.889199,0.75,2,1803391,1802897,494
130737821,20.4532,35.8504,475,34868,0.90584,0.77,2,1803408,1802933,475
130740741,18.4906,20.7701,476,34929,0.909168,0.75,2,1803426,1802950,476
130743661,35.6981,18.554,498,34990,0.909834,0.77,2,1803466,1802968,498
130746581,41.5396,34.9108,502,35050,0.909967,0.81,2,1803509,1803007,502
130749501,67.5079,41.3822,533,35110,0.941993,0.77,2,1803583,1803050,533
130895501,33,41,503,38003,0.67,1,1,1805548,1805045,503
130898421,86.6,33.8,571,38059,0.542,1,1,1805648,1805077,571
130901341,46.92,87.56,507,38115,0.5004,1,1,1805685,1805178,507
130904261,62.184,45.512,538,38170,0.23608,0.97,1,1805751,1805213,538
130907181,42.0368,54.7024,518,38225,0.119216,1,1,1805788,1805270,518
130910101,31.6074,38.1405,513,38280,0.0638432,1,1,1805817,1805304,513
130913021,25.5215,32.4281,506,38335,0.0527686,1,1,1805841,1805335,506
130915941,21.9043,26.4856,502,38390,0.0185537,1,1,1805862,1805360,502
130918861,25.9809,25.2971,504,38445,0.0917107,1,1,1805889,1805385,504
130921781,33.9962,30.6594,508,38500,0.106342,0.96,1,1805925,1805417,508
130924701,23.5992,34.9319,493,38555,0.109268,0.87,1,1805946,1805453,493
130927621,27.1198,30.9864,491,38610,0.109854,0.77,1,1805974,1805483,491
130930541,7.02397,31.7973,461,38665,0.109971,0.67,1,1805976,1805515,461
130933461,23.0048,32.7595,455,38720,0.0939941,0.51,1,1806003,1805548,455
130936381,74.201,86.5519,442,38775,0.0267988,0.49,1,1806090,1805648,442
130939301,42.0402,46.9104,439,38829,0.0613598,0.17,1,1806124,1805685,439
130942221,53.208,62.1821,429,38883,0.084272,0.09,1,1806180,1805751,429
130945141,37.8416,42.0364,426,38937,0.104854,0.05,1,1806214,1805788,426
130948061,27.5683,31.6073,422,38991,0.108971,0.05,1,1806239,1805817,422
130950981,25.5137,25.5215,423,39045,0.0457942,0.01,1,1806264,1805841,423
130953901,21.1027,21.9043,422,39099,0.0491588,0.11,1,1806284,1805862,422
130956821,26.6205,25.9809,423,39153,0.0658318,0.11,1,1806312,1805889,423
130959741,37.3241,33.9962,427,39207,0.101166,0.11,1,1806352,1805925,427
130962661,22.6648,23.5992,425,39261,0.0602333,0.11,1,1806371,1805946,425
130965581,27.733,27.1198,426,39315,0.132047,0.11,1,1806400,1805974,426
130968501,7.14659,7.02397,426,39369,0.146409,0.09,1,1806402,1805976,426
130971421,23.8293,23.0048,427,39423,0.133282,0.01,1,1806430,1806003,427
130974341,72.7659,74.201,425,39477,0.146656,0.07,1,1806515,1806090,425
130977261,40.1532,42.0402,423,39530,0.213331,0.09,1,1806547,1806124,423
130980181,54.4306,53.208,425,39583,0.226666,0.11,1,1806605,1806180,425
130983101,38.0861,37.8416,425,39636,0.261333,0.11,1,1806639,1806214,425
130986021,26.0172,27.5683,423,39689,0.284267,0.03,1,1806662,1806239,423
130988941,24.4034,25.5137,422,39742,0.256853,0.05,1,1806686,1806264,422
130991861,21.6807,21.1027,423,39795,0.251371,0.07,1,1806707,1806284,423
130994781,26.7361,26.6205,423,39848,0.250274,0.11,1,1806735,1806312,423
130997701,38.9472,37.3241,425,39901,0.282055,0.05,1,1806777,1806352,425
131000621,22.1894,22.6648,424,39954,0.256411,0.15,1,1806795,1806371,424
131003541,30.0379,27.733,427,40007,0.283282,0.15,1,1806827,1806400,427
131006461,7.60758,7.14659,427,40060,0.320656,0.15,1,1806829,1806402,427
131009381,24.7215,1.42932,456,40113,0.312131,0.13,1,1806858,1806402,456
131012301,72.9443,22.6859,513,40166,0.342426,0.15,1,1806943,1806430,513
131015221,41.7889,72.5372,462,40219,0.348485,0.23,1,1806977,1806515,462
131018141,56.3578,40.1074,490,40271,0.381697,0.23,1,1807037,1806547,490
131021061,38.4716,54.4215,466,40323,0.404339,0.27,1,1807071,1806605,466
131023981,26.8943,38.0843,456,40375,0.440868,0.29,1,1807095,1806639,456
131026901,23.7789,26.0169,456,40427,0.432174,0.25,1,1807118,1806662,456
131029821,22.3558,24.4034,454,40479,0.462435,0.25,1,1807140,1806686,454
131032741,26.8712,21.6807,461,40531,0.468487,0.25,1,1807168,1806707,461
131035661,38.9742,26.7361,475,40583,0.485697,0.29,1,1807210,1806735,475
131038581,22.1948,38.9472,451,40635,0.489139,0.25,1,1807228,1806777,451
131041501,31.639,22.1894,467,40687,0.505828,0.29,1,1807262,1806795,467
131044421,7.92779,30.0379,437,40739,0.525166,0.33,1,1807264,1806827,437
131047341,26.3856,7.60758,466,40791,0.513033,0.31,1,1807295,1806829,466
131050261,74.0771,24.7215,523,40843,0.590607,0.35,1,1807381,1806858,523
131053181,42.0154,72.9443,472,40895,0.654121,0.35,1,1807415,1806943,472
131056101,58.8031,41.7889,501,40947,0.698824,0.39,1,1807478,1806977,501
131059021,40.5606,56.3578,477,40999,0.723765,0.41,1,1807514,1807037,477
131061941,27.3121,38.4716,467,41050,0.728753,0.45,1,1807538,1807071,467
131064861,24.6624,26.8943,467,41101,0.729751,0.43,1,1807562,1807095,467
131067781,22.5325,23.7789,466,41152,0.72995,0.47,1,1807584,1807118,466
131070701,27.7065,22.3558,473,41203,0.76199,0.47,2,1807613,1807140,473
131073621,39.1413,26.8712,487,41254,0.752398,0.49,2,1807655,1807168,487
131076541,22.2283,38.9742,463,41305,0.75048,0.49,2,1807673,1807210,463
131079461,33.2457,22.1948,481,41356,0.766096,0.51,2,1807709,1807228,481
131082381,8.24913,31.639,449,41407,0.769219,0.53,2,1807711,1807262,449
131085301,27.2498,7.92779,479,41458,0.769844,0.51,2,1807743,1807264,479
131088221,77.45,26.3856,538,41509,0.753969,0.61,2,1807833,1807295,538
131091141,17.09,74.0771,454,41560,0.750794,0.67,2,1807835,1807381,454
131094061,32.218,42.0154,456,41611,0.750159,0.71,2,1807871,1807415,456
131096981,57.6436,58.8031,457,41662,0.718032,0.73,1,1807935,1807478,457
131099901,41.1287,40.5606,458,41713,0.711606,0.73,1,1807972,1807514,458
131102821,27.4257,27.3121,458,41764,0.742321,0.73,1,1807996,1807538,458
131105741,24.6851,24.6624,458,41815,0.764464,0.73,2,1808020,1807562,458
131108661,22.537,22.5325,458,41865,0.768893,0.77,2,1808042,1807584,458
131111581,27.7074,27.7065,458,41915,0.721779,0.75,1,1808071,1807613,458
131114501,39.9415,39.1413,459,41965,0.744356,0.75,1,1808114,1807655,459
131117421,22.3883,22.2283,459,42015,0.716871,0.77,1,1808132,1807673,459
131120341,34.0777,33.2457,460,42065,0.759374,0.77,2,1808169,1807709,460
131123261,8.41553,8.24913,460,42115,0.735875,0.77,1,1808171,1807711,460
131126181,28.0831,27.2498,461,42165,0.763175,0.75,2,1808204,1807743,461
131129101,76.0166,77.45,459,42215,0.800635,0.75,2,1808292,1807833,459
131132021,16.8033,17.09,459,42265,0.824127,0.75,2,1808294,1807835,459
131134941,30.5607,32.218,457,42315,0.844825,0.71,2,1808328,1807871,457
131137861,57.3121,57.6436,457,42365,0.896965,0.71,2,1808392,1807935,457
131327661,97,111,480,20647,0.03,0.49,1,1810653,1810173,480
131330581,65.8,73.4,474,20750,0.078,0.27,1,1810711,1810237,474
131333501,67.56,80.28,460,20852,0.0876,0.13,1,1810779,1810319,460
131336421,67.912,72.856,457,20954,0.05752,0.01,1,1810847,1810390,457
131339341,39.9824,55.3712,439,21055,0.011504,0.07,1,1810880,1810441,439
131342261,24.7965,27.8742,439,21156,0.0423008,0.01,1,1810901,1810462,439
131345181,67.3593,80.7749,423,21256,0.0324602,0.03,1,1810979,1810556,423
131348101,91.0719,93.755,423,21356,0.00649203,0.09,1,1811076,1810653,423
131351021,65.4144,65.151,424,21455,0.0732984,0.09,1,1811135,1810711,424
131353941,69.0829,67.4302,426,21554,0.10266,0.05,1,1811205,1810779,426
131356861,68.2166,67.886,426,21652,0.204532,0,1,1811273,1810847,426
131359781,39.2433,39.9772,425,21750,0.208906,0.05,1,1811305,1810880,425
131362701,23.8487,24.7954,424,21848,0.177781,0.03,1,1811325,1810901,424
131365621,68.7697,67.3591,426,21945,0.155556,0,1,1811405,1810979,426
131368541,88.1539,91.0718,422,22042,0.103111,0.09,1,1811498,1811076,422
131371461,68.0308,65.4144,426,22138,0.124622,0.11,1,1811561,1811135,426
131374381,70.4062,69.0829,427,22234,0.160924,0.23,1,1811632,1811205,427
131377301,71.6812,68.2166,431,22329,0.136185,0.21,1,1811704,1811273,431
131380221,39.1362,39.2433,430,22424,0.099237,0.17,1,1811735,1811305,430
131383141,23.0272,23.8487,429,22519,0.107847,0.17,1,1811754,1811325,429
131386061,67.8055,4.76973,508,22613,0.109569,0.15,1,1811833,1811325,508
131388981,85.5611,64.9539,518,22707,0.141914,0.09,1,1811923,1811405,518
131391901,69.1122,87.3908,490,22800,0.164383,0.13,1,1811988,1811498,490
131394821,70.6224,67.8782,498,22893,0.216877,0.17,1,1812059,1811561,498
131397741,70.1245,70.3756,497,22986,0.259375,0.13,1,1812129,1811632,497
131400661,38.8249,71.6751,456,23078,0.267875,0.09,1,1812160,1811704,456
131403581,22.165,39.135,443,23170,0.301575,0.11,1,1812178,1811735,443
131406501,69.233,23.027,505,23261,0.356315,0.11,1,1812259,1811754,505
131409421,87.4466,67.8054,518,23352,0.399263,0.15,1,1812351,1811833,518
131412341,70.2893,85.5611,494,23443,0.423853,0.17,1,1812417,1811923,494
131415261,74.0579,69.1122,504,23533,0.412771,0.23,1,1812492,1811988,504
131418181,71.6116,70.6224,504,23623,0.442554,0.27,1,1812563,1812059,504
131421101,40.7223,70.1245,467,23713,0.480511,0.27,1,1812596,1812129,467
131424021,22.5445,38.8249,454,23802,0.488102,0.31,1,1812614,1812160,454
131426941,71.7089,22.165,520,23891,0.53762,0.37,1,1812698,1812178,520
131429861,89.5418,69.233,533,23980,0.595524,0.41,1,1812792,1812259,533
131432781,19.5084,87.4466,443,24068,0.607105,0.43,1,1812794,1812351,443
131435701,56.7017,70.2893,443,24156,0.609421,0.41,1,1812860,1812417,443
131438621,71.3403,74.0579,443,24244,0.657884,0.45,1,1812935,1812492,443
131441541,71.8681,71.6116,444,24331,0.747577,0.49,1,1813007,1812563,444
131444461,42.3736,40.7223,446,24418,0.765515,0.49,2,1813042,1812596,446
131447381,22.8747,22.5445,446,24505,0.769103,0.55,2,1813060,1812614,446
131450301,74.1749,71.7089,449,24591,0.833821,0.61,2,1813147,1812698,449
131453221,92.435,89.5418,452,24677,0.862764,0.61,2,1813244,1812792,452
131456141,20.087,19.5084,452,24763,0.900553,0.61,2,1813246,1812794,452
131459061,56.8174,56.7017,452,24849,0.892111,0.67,2,1813312,1812860,452
131461981,73.7635,71.3403,455,24934,0.890422,0.77,2,1813390,1812935,455
131473661,93,87,464,25272,0.91,0.87,2,1813611,1813147,464
131476581,97,95,465,25356,0.942,0.91,2,1813709,1813244,465
131479501,21,20.6,465,25440,0.9164,0.91,2,1813711,1813246,465
131572941,67,82,490,27981,0.75,1,2,1815517,1815027,490
131575861,102.2,98.8,498,28057,0.638,1,1,1815628,1815130,498
131578781,46.84,38.96,507,28132,0.6636,1,1,1815661,1815154,507
131581701,25.368,43.792,482,28207,0.66872,1,1,1815681,1815199,482
131584621,71.4736,79.9584,476,28282,0.621744,0.87,1,1815764,1815288,476
131587541,40.6947,42.3917,476,28357,0.548349,0.87,1,1815797,1815321,476
131590461,52.1389,8.47834,531,28432,0.50167,1,1,1815852,1815321,531
131593381,35.2278,51.2957,500,28506,0.444334,0.87,1,1815883,1815383,500
131596301,30.2456,39.0591,493,28580,0.464867,0.91,1,1815912,1815419,493
131599221,56.4491,32.6118,525,28654,0.404973,0.75,1,1815975,1815450,525
131602141,95.2898,60.1224,563,28728,0.360995,0.61,1,1816080,1815517,563
131605061,45.458,100.824,485,28802,0.384199,0.67,1,1816113,1815628,485
131607981,25.8916,46.5649,473,28876,0.35684,0.67,1,1816134,1815661,473
131610901,65.9783,25.313,529,28949,0.479368,0.61,1,1816210,1815681,529
131613821,39.5957,71.4626,479,29022,0.487874,0.53,1,1816243,1815764,479
131616741,50.3191,40.6925,499,29095,0.473575,0.49,1,1816296,1815797,499
131619661,34.8638,52.1385,475,29168,0.486715,0.43,1,1816327,1815852,475
131622581,30.1728,35.2277,473,29241,0.489343,0.47,1,1816356,1815883,473
131625501,54.0346,30.2455,504,29313,0.521869,0.39,1,1816416,1815912,504
131628421,93.2069,56.4491,544,29385,0.512374,0.35,1,1816519,1815975,544
131631341,45.0414,95.2898,472,29457,0.542475,0.39,1,1816552,1816080,472
131634261,26.6083,45.458,461,29529,0.548495,0.35,1,1816574,1816113,461
131637181,70.9217,25.8916,522,29601,0.677699,0.51,1,1816656,1816134,522
131640101,38.1843,65.9783,476,29673,0.70354,0.49,1,1816686,1816210,476
131643021,49.2369,39.5957,495,29744,0.708708,0.47,1,1816738,1816243,495
131645941,37.0474,50.3191,476,29815,0.709742,0.49,1,1816772,1816296,476
131648861,9.00947,34.8638,447,29886,0.709948,0.49,1,1816774,1816327,447
131651781,24.2019,30.1728,446,29957,0.74199,0.53,1,1816802,1816356,446
131654701,52.8404,54.0346,446,30028,0.748398,0.51,1,1816862,1816416,446
131657621,93.7681,93.2069,447,30098,0.79768,0.55,2,1816966,1816519,447
131660541,46.7536,45.0414,449,30168,0.887536,0.55,2,1817001,1816552,449
131663461,29.3507,26.6083,452,30238,0.921507,0.71,2,1817026,1816574,452
131666381,75.4701,70.9217,457,30308,0.896302,0.71,2,1817113,1816656,457
131669301,39.094,38.1843,457,30378,0.92326,0.71,2,1817143,1816686,457
131672221,49.4188,49.2369,457,30448,0.928652,0.71,2,1817195,1816738,457
131815301,43,31,498,33685,0.65,1,1,1819425,1818927,498
131818221,54.2,68.6,477,33748,0.49,1,1,1819482,1819005,477
131821141,42.04,37.72,486,33811,0.442,1,1,1819521,1819035,486
131824061,61.208,58.744,488,33874,0.3524,1,1,1819587,1819099,488
131826981,36.2416,37.3488,486,33936,0.35048,1,1,1819617,1819131,486
131829901,26.4483,31.4698,480,33998,0.382096,0.82,1,1819641,1819161,480
131832821,18.0897,19.894,479,34060,0.372419,1,1,1819657,1819178,479
131835741,46.8179,43.9788,483,34122,0.418484,1,1,1819711,1819228,483
131838661,27.7636,33.5958,475,34184,0.427697,0.87,1,1819734,1819259,475
131841581,62.3527,76.3191,459,34246,0.461539,0.87,1,1819805,1819346,459
131844501,38.0705,15.2638,491,34308,0.468308,0.75,1,1819837,1819346,491
131847421,38.8141,31.8528,494,34370,0.421662,0.65,1,1819876,1819382,494
131850341,46.1628,40.7706,499,34432,0.508332,0.45,1,1819924,1819425,499
131853261,42.0326,53.7541,483,34493,0.525666,0.43,1,1819965,1819482,483
131856181,60.4065,41.9508,509,34554,0.593133,0.33,1,1820030,1819521,509
131859101,34.4813,61.1902,471,34615,0.622627,0.35,1,1820058,1819587,471
131862021,24.4963,36.238,463,34676,0.596525,0.39,1,1820080,1819617,463
131864941,16.0993,26.4476,453,34737,0.591305,0.37,1,1820094,1819641,453
131867861,48.0198,18.0895,493,34798,0.654261,0.43,1,1820150,1819657,493
131870781,30.404,46.8179,465,34859,0.634852,0.43,1,1820176,1819711,465
131873701,62.8808,27.7636,513,34920,0.64697,0.47,1,1820247,1819734,513
131876621,39.7762,62.3527,476,34981,0.649394,0.47,1,1820281,1819805,476
131879541,38.3552,38.0705,482,35041,0.665879,0.41,1,1820319,1819837,482
131882461,50.071,38.8141,496,35101,0.669176,0.53,1,1820372,1819876,496
131885381,42.0142,46.1628,488,35161,0.701835,0.53,1,1820412,1819924,488
131888301,63.6028,42.0326,516,35221,0.708367,0.61,1,1820481,1819965,516
131891221,35.9206,60.4065,480,35281,0.741673,0.63,1,1820510,1820030,480
131894141,23.1841,34.4813,472,35341,0.748335,0.59,1,1820530,1820058,472
131897061,17.4368,24.4963,466,35401,0.749667,0.59,1,1820546,1820080,466
131899981,48.2874,16.0993,508,35461,0.813933,0.67,2,1820602,1820094,508
131902901,30.4575,48.0198,478,35521,0.842787,0.63,2,1820628,1820150,478
131905821,63.6915,30.404,524,35581,0.864557,0.65,2,1820700,1820176,524
131908741,39.9383,62.8808,487,35640,0.884911,0.65,2,1820734,1820247,487
131911661,9.58766,39.7762,455,35699,0.888982,0.67,2,1820736,1820281,455
131914581,33.9175,38.3552,457,35758,0.889796,0.67,2,1820776,1820319,457
132086861,41,37,489,39092,0.41,1,1,1823137,1822648,489
132089781,39.4,33.8,495,39146,0.33,1,1,1823176,1822681,495
132092701,32.68,25.96,502,39200,0.298,1,1,1823207,1822705,502
132095621,32.136,21.192,514,39254,0.2596,1,1,1823239,1822725,514
132098541,21.6272,33.0384,497,39308,0.20392,1,1,1823258,1822761,497
132101461,30.7254,34.6077,495,39362,0.144784,1,1,1823291,1822796,495
132104381,45.3451,58.1215,480,39416,0.132957,1,1,1823340,1822860,480
132107301,41.869,38.8243,487,39470,0.0825914,0.95,1,1823381,1822894,487
132110221,32.3738,32.5649,486,39524,0.0565183,0.97,1,1823411,1822925,486
132113141,28.8748,26.513,489,39577,0.0833037,1,1,1823439,1822950,489
132116061,16.975,30.9026,471,39630,0.0406607,0.83,1,1823453,1822982,471
132118981,28.195,34.1805,467,39683,0.0641321,0.59,1,1823484,1823017,467
132121901,54.439,70.0361,449,39736,0.132826,0.41,1,1823545,1823096,449
132124821,38.0878,46.8072,442,39789,0.0985653,0.31,1,1823579,1823137,442
132127741,38.8176,40.5614,442,39842,0.0917131,0.29,1,1823618,1823176,442
132130661,29.3635,32.9123,438,39895,0.138343,0.25,1,1823645,1823207,438
132133581,25.8727,32.1825,431,39948,0.131669,0.19,1,1823670,1823239,431
132136501,18.7745,21.6365,429,40001,0.0983337,0.13,1,1823687,1823258,429
132139421,30.1549,30.7273,429,40054,0.155667,0.13,1,1823720,1823291,429
132142341,39.631,45.3455,422,40107,0.0871333,0.13,1,1823762,1823340,422
132145261,39.9262,9.06909,462,40160,0.0414267,0.07,1,1823802,1823340,462
132148181,31.9852,34.6138,451,40213,0.0962853,0.05,1,1823832,1823381,451
132151101,28.797,30.9228,449,40266,0.0912571,0.09,1,1823860,1823411,449
132154021,19.3594,28.5846,438,40318,0.0582514,0.03,1,1823877,1823439,438
132156941,27.8719,16.9169,454,40370,0.0676503,0.07,1,1823907,1823453,454
132159861,56.7744,28.1834,487,40422,0.10153,0.15,1,1823971,1823484,487
132162781,36.1549,54.4367,457,40474,0.092306,0.09,1,1824002,1823545,457
132165701,40.031,38.0873,464,40526,0.154461,0.09,1,1824043,1823579,464
132168621,30.4062,38.8175,453,40578,0.166892,0.15,1,1824071,1823618,453
132171541,24.4812,29.3635,449,40630,0.185378,0.13,1,1824094,1823645,449
132174461,19.2962,25.8727,442,40682,0.157076,0.09,1,1824112,1823670,442
132177381,33.4592,18.7745,462,40734,0.135415,0.17,1,1824149,1823687,462
132180301,34.6918,30.1549,464,40786,0.147083,0.07,1,1824184,1823720,464
132183221,38.9384,39.631,462,40838,0.165417,0.03,1,1824224,1823762,462
132186141,34.1877,39.9262,455,40890,0.137083,0.11,1,1824257,1823802,455
132189061,26.0375,31.9852,449,40942,0.131417,0.09,1,1824281,1823832,449
132191981,21.2075,28.797,441,40994,0.130283,0.05,1,1824301,1823860,441
132194901,28.2415,19.3594,454,41045,0.0980567,0.07,1,1824331,1823877,454
132197821,58.4483,27.8719,490,41096,0.123611,0.11,1,1824397,1823907,490
132200741,37.2897,56.7744,458,41147,0.160722,0.09,1,1824429,1823971,458
132203661,41.8579,36.1549,470,41198,0.216144,0.17,1,1824472,1824002,470
132206581,30.7716,40.031,457,41249,0.259229,0.17,1,1824500,1824043,457
132209501,23.7543,30.4062,451,41300,0.267846,0.19,1,1824522,1824071,451
132212421,17.5509,24.4812,444,41351,0.269569,0.15,1,1824538,1824094,444
132215341,33.9102,19.2962,464,41402,0.285914,0.13,1,1824576,1824112,464
132218261,35.582,33.4592,463,41453,0.305183,0.15,1,1824612,1824149,463
132221181,39.9164,34.6918,469,41504,0.325037,0.17,1,1824653,1824184,469
132224101,9.58328,38.9384,431,41555,0.329007,0.13,1,1824655,1824224,431
132227021,25.9167,34.1877,428,41606,0.345801,0.13,1,1824685,1824257,428
132229941,24.3833,26.0375,428,41657,0.34916,0.13,1,1824709,1824281,428
132232861,19.2767,21.2075,426,41708,0.381832,0.09,1,1824727,1824301,426
132235781,27.8553,28.2415,426,41759,0.372366,0.13,1,1824757,1824331,426
132238701,60.7711,58.4483,429,41810,0.434473,0.17,1,1824826,1824397,429
132241621,39.3542,37.2897,431,41860,0.446895,0.23,1,1824860,1824429,431
132244541,43.8708,41.8579,433,41910,0.449379,0.27,1,1824905,1824472,433
132247461,32.7742,30.7716,435,41960,0.449876,0.27,1,1824935,1824500,435
132250381,24.1548,23.7543,435,42010,0.449975,0.27,1,1824957,1824522,435
132253301,17.631,17.5509,435,42060,0.449995,0.29,1,1824973,1824538,435
132256221,34.7262,33.9102,436,42110,0.465999,0.31,1,1825012,1824576,436
132259141,38.1452,35.582,439,42160,0.4852,0.33,1,1825051,1824612,439
132262061,39.629,39.9164,438,42210,0.48904,0.33,1,1825091,1824653,438
132264981,9.52581,9.58328,438,42260,0.489808,0.35,1,1825093,1824655,438
132267901,26.7052,25.9167,439,42310,0.473962,0.35,1,1825124,1824685,439
132270821,24.541,24.3833,439,42360,0.486792,0.39,1,1825148,1824709,439
132273741,19.3082,19.2767,439,42410,0.457358,0.37,1,1825166,1824727,439
132276661,28.6616,27.8553,440,42460,0.499472,0.45,1,1825197,1824757,440
132279581,62.5323,60.7711,442,42510,0.539894,0.45,1,1825268,1824826,442
132282501,39.7065,39.3542,442,42560,0.579979,0.45,1,1825302,1824860,442
132285421,45.5413,43.8708,444,42610,0.571996,0.45,1,1825349,1824905,444
132288341,33.1083,32.7742,444,42660,0.602399,0.45,1,1825379,1824935,444
132291261,24.2217,24.1548,444,42709,0.60848,0.45,1,1825401,1824957,444
132294181,17.6443,17.631,444,42758,0.609696,0.47,1,1825417,1824973,444
132297101,35.5289,34.7262,445,42807,0.657939,0.49,1,1825457,1825012,445
132300021,37.5058,38.1452,444,42856,0.683588,0.49,1,1825495,1825051,444
132302941,39.5012,39.629,444,42905,0.688718,0.49,1,1825535,1825091,444
132305861,9.50023,9.52581,444,42954,0.737744,0.47,1,1825537,1825093,444
132308781,25.9,26.7052,443,43003,0.747549,0.47,1,1825567,1825124,443
132311701,24.38,5.34103,467,43052,0.71751,0.49,1,1825591,1825124,467
132314621,19.276,20.2682,461,43101,0.711502,0.45,1,1825609,1825148,461
132317541,29.4552,18.4536,475,43150,0.7263,0.51,1,1825641,1825166,475
132320461,64.291,28.4907,517,43199,0.79326,0.55,2,1825714,1825197,517
132323381,41.6582,62.4981,482,43248,0.806652,0.59,2,1825750,1825268,482
132326301,45.9316,39.6996,495,43297,0.84133,0.57,2,1825797,1825302,495
132329221,33.9863,45.5399,479,43346,0.848266,0.61,2,1825828,1825349,479
132332141,24.3973,33.108,471,43395,0.849653,0.61,2,1825850,1825379,471
132335061,17.6795,24.2216,465,43444,0.849931,0.61,2,1825866,1825401,465
132337981,38.7359,17.6443,493,43493,0.881986,0.67,2,1825910,1825417,493
132340901,38.9472,35.5289,492,43542,0.888397,0.69,2,1825949,1825457,492
132343821,41.3894,37.5058,496,43590,0.825679,0.69,2,1825991,1825495,496
132346741,9.87789,39.5012,458,43638,0.845136,0.75,2,1825993,1825535,458
132349661,25.9756,9.50023,486,43686,0.849027,0.75,2,1826023,1825537,486
132352581,24.3951,25.9,480,43734,0.849805,0.71,2,1826047,1825567,480
132355501,20.079,24.38,475,43782,0.865961,0.71,2,1826066,1825591,475
132358421,30.4158,19.276,490,43830,0.869192,0.73,2,1826099,1825609,490
132361341,66.8832,29.4552,534,43878,0.885838,0.81,2,1826175,1825641,534
132364261,42.1766,64.291,497,43926,0.889168,0.81,2,1826211,1825714,497
132367181,47.6353,41.6582,510,43974,0.889834,0.85,2,1826260,1825750,510
132370101,34.3271,45.9316,494,44022,0.921967,0.85,2,1826291,1825797,494
132551141,36,29,528,46900,0.71,1,1,1828271,1827743,528
132554061,36,26.6,538,46945,0.614,1,1,1828307,1827769,538
132556981,36,35.72,536,46990,0.5628,1,1,1828343,1827807,536
132559901,37.6,39.944,533,47035,0.52056,1,1,1828381,1827848,533
132562821,35.52,39.9888,528,47080,0.416112,1,1,1828416,1827888,528
132565741,31.104,33.5978,526,47125,0.251222,1,1,1828446,1827920,526
132568661,30.2208,33.9196,522,47170,0.202244,1,1,1828476,1827954,522
132571581,31.6442,26.7839,529,47215,0.144449,1,1,1828508,1827979,529
132574501,28.7288,21.3568,537,47260,0.10089,1,1,1828536,1827999,537
132624141,369.746,459.471,423,21900,0.028178,0.07,1,1828991,1828568,423
132627061,133.149,127.094,453,21997,0.0776356,0.03,1,1829065,1828612,453
132629981,95.4298,93.4189,454,22093,0.0395271,0.03,1,1829151,1828697,454
132632901,65.486,68.2838,450,22189,0.0479054,0.05,1,1829209,1828759,450
132635821,63.4972,61.6568,453,22285,0.0335811,0.01,1,1829272,1828819,453
132638741,58.2994,59.5314,451,22380,0.0787162,0.07,1,1829329,1828878,451
132641661,54.8599,77.5063,423,22475,0.0877432,0.03,1,1829383,1828960,423
132644581,20.572,20.3013,429,22569,0.0575486,0.01,1,1829395,1828966,429
132647501,80.1144,24.0603,499,22663,0.0515097,0.09,1,1829490,1828991,499
132650421,81.6229,64.0121,507,22757,0.0503019,0.03,1,1829572,1829065,507
132653341,64.3246,81.6024,481,22850,0.0340604,0.05,1,1829632,1829151,481
132656261,62.4649,62.7205,485,22943,0.0308121,0.03,1,1829694,1829209,485
132659181,58.893,62.9441,480,23035,0.0141624,0.09,1,1829752,1829272,480
132662101,54.9786,58.1888,477,23127,0.0908325,0.09,1,1829806,1829329,477
132665021,18.9957,54.8378,433,23219,0.106166,0.05,1,1829816,1829383,433
132667941,82.1991,20.5676,519,23310,0.0452333,0.05,1,1829914,1829395,519
132670861,81.2398,80.1135,505,23401,0.0330467,0.05,1,1829995,1829490,505
132673781,64.248,81.6227,483,23492,0.0306093,0.03,1,1830055,1829572,483
132676701,61.6496,64.3245,484,23582,0.0781219,0.03,1,1830116,1829632,484
132679621,58.7299,62.4649,480,23672,0.0236244,0.01,1,1830174,1829694,480
132682541,58.146,58.893,480,23762,0.0767249,0.11,1,1830232,1829752,480
132685461,19.6292,54.9786,436,23851,0.087345,0.11,1,1830242,1829806,436
132688381,79.1258,18.9957,520,23940,0.041469,0.03,1,1830336,1829816,520
132691301,17.4252,82.1991,424,24029,0.0322938,0.03,1,1830338,1829914,424
132694221,67.485,81.2398,423,24117,0.0944588,0.03,1,1830418,1829995,423
132697141,61.497,64.248,423,24205,0.0908917,0.09,1,1830478,1830055,423
132700061,63.4994,61.6496,426,24293,0.122178,0.01,1,1830542,1830116,426
132702981,55.8999,58.7299,422,24380,0.112436,0.09,1,1830596,1830174,422
132705901,60.78,58.146,426,24467,0.110487,0.09,1,1830658,1830232,426
132708821,20.156,19.6292,426,24554,0.110097,0.03,1,1830668,1830242,426
132711741,77.6312,79.1258,424,24640,0.126019,0.03,1,1830760,1830336,424
132714661,17.1262,17.4252,424,24726,0.129204,0.11,1,1830762,1830338,424
132717581,68.2253,67.485,425,24812,0.161841,0.09,1,1830843,1830418,425
132720501,62.445,61.497,426,24897,0.184368,0.13,1,1830904,1830478,426
132723421,64.489,63.4994,427,24982,0.188874,0.11,1,1830969,1830542,427
132726341,56.8978,55.8999,428,25067,0.221775,0.11,1,1831024,1830596,428
132729261,60.1796,60.78,427,25152,0.228355,0.11,1,1831085,1830658,427
132732181,20.0359,20.156,427,25236,0.197671,0.13,1,1831095,1830668,427
132735101,76.8072,77.6312,426,25320,0.287534,0.13,1,1831186,1830760,426
132738021,16.9614,17.1262,426,25404,0.273507,0.17,1,1831188,1830762,426
132740941,69.7923,68.2253,428,25487,0.350701,0.17,1,1831271,1830843,428
132743861,62.7585,13.645,489,25570,0.35014,0.19,1,1831332,1830843,489
132746781,66.1517,51.529,495,25653,0.398028,0.19,1,1831399,1830904,495
132749701,57.2303,62.3058,485,25736,0.391606,0.23,1,1831454,1830969,485
132752621,60.2461,56.4612,491,25818,0.390321,0.23,1,1831515,1831024,491
132755541,20.8492,60.0922,441,25900,0.422064,0.19,1,1831526,1831085,441
132758461,80.1698,20.0184,526,25982,0.460413,0.31,1,1831621,1831095,526
132761381,17.634,76.8037,437,26064,0.468083,0.27,1,1831623,1831186,437
132764301,72.3268,16.9607,521,26145,0.437617,0.37,1,1831709,1831188,521
132767221,63.2654,69.7921,499,26226,0.447523,0.35,1,1831770,1831271,499
132770141,68.6531,62.7584,508,26307,0.529505,0.41,1,1831840,1831332,508
132773061,57.7306,66.1517,496,26388,0.561901,0.39,1,1831895,1831399,496
132775981,60.3461,57.2303,502,26468,0.56838,0.39,1,1831956,1831454,502
132778901,21.6692,60.2461,453,26548,0.601676,0.43,1,1831968,1831515,453
132781821,81.9338,20.8492,539,26628,0.624335,0.47,1,1832065,1831526,539
132784741,17.9868,80.1698,446,26708,0.628867,0.47,1,1832067,1831621,446
132787661,72.3974,17.634,530,26787,0.693773,0.43,1,1832153,1831623,530
132790581,62.4795,72.3268,504,26866,0.754755,0.45,2,1832213,1831709,504
132793501,14.0959,63.2654,445,26945,0.766951,0.55,2,1832215,1831770,445
132796421,62.0192,68.6531,449,27024,0.78539,0.57,2,1832289,1831840,449
132799341,57.2038,57.7306,450,27102,0.805078,0.57,2,1832345,1831895,450
132802261,61.8408,60.3461,452,27180,0.873016,0.61,2,1832408,1831956,452
132805181,21.9682,21.6692,452,27258,0.886603,0.63,2,1832420,1831968,452
132808101,82.7936,81.9338,453,27336,0.889321,0.63,2,1832518,1832065,453
132811021,18.1587,17.9868,453,27413,0.857864,0.71,2,1832520,1832067,453
132813941,76.4317,72.3974,458,27490,0.899573,0.77,2,1832611,1832153,458
132816861,64.8864,62.4795,460,27567,0.907915,0.77,2,1832673,1832213,460
132819781,14.5773,14.0959,460,27644,0.909583,0.79,2,1832675,1832215,460
132942421,39,29,491,30696,0.59,0.99,1,1834817,1834326,491
132945341,74.2,75.4,487,30765,0.398,1,1,1834900,1834413,487
132948261,44.44,39.08,494,30834,0.3116,1,1,1834937,1834443,494
132951181,56.088,65.416,481,30903,0.16632,0.98,1,1834996,1834515,481
132954101,48.8176,44.2832,489,30971,0.089264,1,1,1835043,1834554,489
132957021,38.5635,48.8566,475,31039,0.0578528,1,1,1835079,1834604,475
132959941,40.5127,47.3713,469,31107,0.0675706,0.99,1,1835120,1834651,469
132962861,35.3025,39.0743,466,31175,0.0535141,0.82,1,1835154,1834688,466
132965781,36.6605,42.2149,460,31243,0.0187028,0.75,1,1835191,1834731,460
132968701,41.7321,46.043,456,31311,0.0437406,0.75,1,1835234,1834778,456
132971621,34.7464,9.20859,489,31379,0.0167481,0.59,1,1835267,1834778,489
132974541,61.3493,33.0417,518,31446,0.0433496,0.35,1,1835335,1834817,518
132977461,39.4699,73.0083,469,31513,0.12867,0.29,1,1835369,1834900,469
132980381,47.894,44.2017,482,31580,0.113734,0.13,1,1835419,1834937,482
132983301,45.5788,56.0403,468,31647,0.126747,0.07,1,1835464,1834996,468
132986221,38.7158,48.8081,458,31714,0.0333494,0.05,1,1835501,1835043,458
132989141,40.5432,38.5616,463,31781,0.0306699,0.07,1,1835542,1835079,463
132992061,34.5086,40.5123,455,31848,0.046134,0.05,1,1835575,1835120,455
132994981,36.5017,35.3025,458,31914,0.0172268,0.01,1,1835612,1835154,458
132997901,42.5003,36.6605,465,31980,0.0594454,0.05,1,1835656,1835191,465
133000821,35.7001,41.7321,456,32046,0.0518891,0.01,1,1835690,1835234,456
133003741,63.14,34.7464,493,32112,0.0663778,0.05,1,1835760,1835267,493
133006661,40.628,61.3493,460,32178,0.101276,0.15,1,1835795,1835335,460
133009581,48.1256,39.4699,476,32244,0.124255,0.11,1,1835845,1835369,476
133012501,46.4251,47.894,472,32310,0.144851,0.13,1,1835891,1835419,472
133015421,35.685,45.5788,460,32375,0.13297,0.01,1,1835924,1835464,460
133018341,38.337,38.7158,462,32440,0.130594,0.03,1,1835963,1835501,462
133021261,37.2674,40.5432,458,32505,0.130119,0.05,1,1836000,1835542,458
133024181,37.8535,34.5086,463,32570,0.130024,0.01,1,1836038,1835575,463
133027101,42.7707,36.5017,470,32635,0.194005,0.07,1,1836082,1835612,470
133030021,33.3541,42.5003,457,32700,0.254801,0.05,1,1836113,1835656,457
133032941,63.4708,35.7001,494,32765,0.28296,0.07,1,1836184,1835690,494
133035861,14.2942,63.14,426,32830,0.304592,0.11,1,1836186,1835760,426
133038781,32.4588,40.628,428,32894,0.324918,0.13,1,1836223,1835795,428
133041701,46.4918,48.1256,428,32958,0.344984,0.15,1,1836273,1835845,428
133044621,46.8984,46.4251,429,33022,0.300997,0.13,1,1836320,1835891,429
133047541,35.7797,35.685,429,33086,0.308199,0.13,1,1836353,1835924,429
133050461,37.5559,38.337,428,33150,0.32564,0.13,1,1836391,1835963,428
133053381,37.9112,37.2674,429,33214,0.297128,0.13,1,1836429,1836000,429
133056301,38.7822,37.8535,430,33278,0.275426,0.21,1,1836468,1836038,430
133059221,45.3564,42.7707,433,33342,0.287085,0.27,1,1836515,1836082,433
133062141,35.4713,33.3541,435,33405,0.337417,0.29,1,1836548,1836113,435
133065061,65.4943,63.4708,437,33468,0.379483,0.31,1,1836621,1836184,437
133067981,14.6989,14.2942,437,33531,0.355897,0.33,1,1836623,1836186,437
133070901,31.7398,32.4588,436,33594,0.383179,0.35,1,1836659,1836223,436
133073821,47.148,46.4918,437,33657,0.420636,0.29,1,1836710,1836273,437
133076741,46.2296,46.8984,436,33720,0.444127,0.31,1,1836756,1836320,436
133079661,34.8459,35.7797,435,33783,0.416825,0.33,1,1836788,1836353,435
133082581,38.1692,37.5559,436,33846,0.427365,0.29,1,1836827,1836391,436
133085501,36.4338,37.9112,434,33908,0.397473,0.27,1,1836863,1836429,434
133088421,39.2868,38.7822,435,33970,0.455495,0.29,1,1836903,1836468,435
133091341,46.2574,45.3564,436,34032,0.451099,0.35,1,1836951,1836515,436
133094261,37.2515,35.4713,438,34094,0.46622,0.39,1,1836986,1836548,438
133097181,66.6503,65.4943,439,34156,0.501244,0.35,1,1837060,1836621,439
133100101,14.9301,14.6989,439,34218,0.476249,0.35,1,1837062,1836623,439
133103021,33.386,2.93977,477,34280,0.45525,0.39,1,1837100,1836623,477
133105941,46.6772,29.388,491,34342,0.46705,0.43,1,1837150,1836659,491
133108861,46.9354,46.6776,487,34404,0.51741,0.45,1,1837197,1836710,487
133111781,34.9871,46.1355,473,34465,0.543482,0.41,1,1837229,1836756,473
133114701,37.3974,34.8271,479,34526,0.548696,0.43,1,1837267,1836788,479
133117621,36.2795,38.1654,476,34587,0.549739,0.39,1,1837303,1836827,476
133120541,41.6559,36.4331,483,34648,0.613948,0.47,1,1837346,1836863,483
133123461,46.7312,39.2866,491,34709,0.59479,0.45,1,1837394,1836903,491
133126381,38.1462,46.2573,479,34770,0.606958,0.47,1,1837430,1836951,479
133129301,66.8292,37.2515,518,34831,0.625392,0.51,1,1837504,1836986,518
133132221,14.9658,66.6503,446,34892,0.629078,0.47,1,1837506,1837060,446
133135141,33.3932,14.9301,482,34953,0.661816,0.45,1,1837544,1837062,482
133138061,46.6786,33.386,494,35013,0.716363,0.47,1,1837594,1837100,494
133140981,49.3357,46.6772,494,35073,0.775273,0.53,2,1837644,1837150,494
133143901,36.2671,46.9354,480,35133,0.819055,0.55,2,1837677,1837197,480
133146821,37.6534,34.9871,486,35193,0.827811,0.55,2,1837715,1837229,486
133149741,36.3307,37.3974,484,35253,0.829562,0.55,2,1837751,1837267,484
133152661,43.2661,36.2795,493,35313,0.845912,0.63,2,1837796,1837303,493
133155581,47.0532,41.6559,498,35373,0.881183,0.59,2,1837844,1837346,498
133158501,39.0106,46.7312,487,35433,0.888237,0.61,2,1837881,1837394,487
133161421,67.8021,38.1462,526,35493,0.889647,0.63,2,1837956,1837430,526
133164341,15.1604,66.8292,454,35553,0.88993,0.63,2,1837958,1837504,454
133167261,35.0321,14.9658,492,35612,0.905986,0.67,2,1837998,1837506,492
133357061,34,39,507,39281,0.53,1,1,1840568,1840061,507
133359981,38,30.2,518,39335,0.402,1,1,1840607,1840089,518
133362901,32.4,38.84,508,39389,0.3124,1,1,1840638,1840130,508
133365821,36.88,38.168,508,39443,0.08648,1,1,1840676,1840168,508
133368741,38.576,35.6336,512,39497,0.017296,1,1,1840715,1840203,512
133371661,36.5152,40.7267,506,39550,0.0114592,1,1,1840751,1840245,506
133374581,37.703,38.5453,506,39603,0.0102918,1,1,1840789,1840283,506
133377501,51.5406,70.9091,482,39656,0.0100584,0.94,1,1840844,1840362,482
133380421,34.3081,43.7818,475,39709,0.0100117,1,1,1840874,1840399,475
133383341,31.6616,31.9564,477,39762,0.00200233,0.91,1,1840905,1840428,477
133386261,22.3323,31.1913,466,39815,0.00840047,0.79,1,1840925,1840459,466
133389181,30.0665,38.2383,458,39868,0.0256801,0.65,1,1840957,1840499,458
133392101,30.8133,35.6477,454,39921,0.013136,0.53,1,1840988,1840534,454
133395021,26.9627,34.3295,446,39974,0.0426272,0.37,1,1841014,1840568,446
133397941,30.9925,38.0659,439,40027,0.0165254,0.29,1,1841046,1840607,439
133400861,25.3985,32.4132,432,40080,0.0113051,0.29,1,1841070,1840638,432
133403781,27.4797,6.48264,460,40133,0.026261,0.03,1,1841098,1840638,460
133406701,36.6959,31.6965,461,40186,0.0292522,0,1,1841137,1840676,461
133409621,36.1392,37.5393,458,40239,0.00585044,0.01,1,1841173,1840715,458
133412541,36.8278,36.3079,459,40291,0.0411701,0.01,1,1841210,1840751,459
133415461,52.1656,37.6616,477,40343,0.00823402,0.01,1,1841266,1840789,477
133418381,33.6331,51.5323,451,40395,0.0096468,0.01,1,1841295,1840844,451
133421301,31.5266,34.3065,452,40447,0.00192936,0,1,1841326,1840874,452
133424221,22.3053,31.6613,441,40499,0.0403859,0.01,1,1841346,1840905,441
133427141,30.0611,22.3323,453,40551,0.0480772,0.03,1,1841378,1840925,453
133430061,30.8122,30.0665,452,40603,0.0336154,0.01,1,1841409,1840957,452
133432981,26.9624,30.8133,447,40655,0.0627231,0.05,1,1841435,1840988,447
133435901,30.9925,26.9627,453,40707,0.0365446,0.01,1,1841467,1841014,453
133438821,26.1985,30.9925,446,40759,0.00730892,0.01,1,1841492,1841046,446
133441741,27.6397,25.3985,450,40811,0.0254618,0.03,1,1841520,1841070,450
133444661,36.7279,27.4797,461,40863,0.0290924,0.03,1,1841559,1841098,461
133447581,35.3456,36.6959,457,40915,0.00581847,0,1,1841594,1841137,457
133450501,36.6691,36.1392,458,40967,0.00916369,0.05,1,1841631,1841173,458
133453421,52.9338,36.8278,478,41019,0.00183274,0,1,1841688,1841210,478
133456341,33.7868,52.1656,451,41070,0.0563665,0.01,1,1841717,1841266,451
133459261,30.7574,33.6331,452,41121,0.0352733,0,1,1841747,1841295,452
133462181,23.7515,31.5266,443,41172,0.0310547,0.05,1,1841769,1841326,443
133465101,30.3503,22.3053,455,41223,0.0302109,0.05,1,1841801,1841346,455
133468021,30.0701,30.0611,453,41274,0.0300422,0.03,1,1841831,1841378,453
133470941,28.414,30.8122,450,41325,0.0460084,0.07,1,1841859,1841409,450
133473861,28.8828,26.9624,453,41376,0.0172017,0.03,1,1841888,1841435,453
133476781,26.5766,30.9925,447,41427,0.0274403,0,1,1841914,1841467,447
133479701,30.1153,26.1985,453,41478,0.0134881,0.03,1,1841945,1841492,453
133482621,35.6231,27.6397,462,41529,0.0906976,0.03,1,1841982,1841520,462
133485541,8.72461,36.7279,425,41580,0.10614,0,1,1841984,1841559,425
133488461,27.3449,35.3456,422,41631,0.109228,0.01,1,1842016,1841594,422
133491381,35.069,36.6691,422,41682,0.0458456,0,1,1842053,1841631,422
133494301,53.4138,52.9338,423,41733,0.00916912,0.07,1,1842111,1841688,423
133497221,35.4828,33.7868,425,41784,0.00983382,0.03,1,1842142,1841717,425
133500141,28.6966,30.7574,422,41835,0.0259668,0.03,1,1842169,1841747,422
133503061,24.1393,23.7515,423,41885,0.0131934,0.03,1,1842192,1841769,423
133505981,30.4279,30.3503,423,41935,0.0106387,0.03,1,1842224,1841801,423
133508901,29.2856,30.0701,422,41985,0.0261277,0.05,1,1842253,1841831,422
133511821,29.8571,28.414,424,42035,0.0132255,0.01,1,1842283,1841859,424
133514741,29.1714,28.8828,424,42085,0.0106451,0.03,1,1842312,1841888,424
133517661,25.8343,26.5766,423,42135,0.042129,0.01,1,1842337,1841914,423
133520581,30.7669,30.1153,424,42185,0.0164258,0.11,1,1842369,1841945,424
133523501,38.1534,35.6231,427,42235,0.0272852,0.11,1,1842409,1841982,427
133526421,9.23067,8.72461,427,42285,0.029457,0.11,1,1842411,1841984,427
133529341,23.4461,27.3449,422,42335,0.0778914,0.03,1,1842438,1842016,422
133532261,34.2892,35.069,422,42385,0.0875783,0,1,1842475,1842053,422
133535181,53.2578,53.4138,422,42435,0.0175157,0.01,1,1842533,1842111,422
133538101,35.4516,35.4828,422,42485,0.0275031,0.03,1,1842564,1842142,422
133541021,28.6903,28.6966,422,42535,0.0295006,0.01,1,1842591,1842169,422
133543941,24.1381,24.1393,422,42585,0.0299001,0.01,1,1842614,1842192,422
133546861,30.4276,30.4279,422,42635,0.01398,0.03,1,1842646,1842224,422
133549781,29.2855,29.2856,422,42684,0.026796,0.01,1,1842675,1842253,422
133552701,29.8571,29.8571,422,42733,0.0613592,0.01,1,1842705,1842283,422
133555621,29.1714,29.1714,422,42782,0.0202718,0.05,1,1842734,1842312,422
133558541,25.8343,25.8343,422,42831,0.0440544,0.01,1,1842759,1842337,422
133561461,30.7669,30.7669,422,42880,0.00881087,0.03,1,1842791,1842369,422
133564381,39.7534,38.1534,424,42929,0.0417622,0.03,1,1842833,1842409,424
133567301,9.55067,9.23067,424,42978,0.0483524,0.09,1,1842835,1842411,424
133570221,21.9101,23.4461,422,43027,0.0176705,0.09,1,1842860,1842438,422
133573141,33.182,4.68923,458,43076,0.0275341,0.09,1,1842896,1842438,458
133576061,53.0364,30.5378,479,43125,0.00550682,0,1,1842954,1842475,479
133578981,35.4073,52.5076,452,43174,0.0411014,0.03,1,1842985,1842533,452
133581901,29.4815,35.3015,449,43223,0.0482203,0.03,1,1843013,1842564,449
133584821,23.4963,28.6603,444,43272,0.0336441,0.03,1,1843035,1842591,444
133587741,30.2993,24.1321,453,43321,0.0307288,0.01,1,1843067,1842614,453
133590661,29.2599,30.4264,450,43370,0.0301458,0.03,1,1843096,1842646,450
133593581,30.652,29.2853,452,43419,0.0300292,0.07,1,1843127,1842675,452
133596501,28.5304,29.8571,450,43468,0.0780058,0.01,1,1843155,1842705,450
133599421,25.7061,29.1714,446,43517,0.0396012,0.05,1,1843180,1842734,446
133602341,30.7412,25.8343,453,43565,0.0159202,0,1,1843212,1842759,453
133605261,39.7482,30.7669,463,43613,0.043184,0.05,1,1843254,1842791,463
133608181,9.54965,39.7534,423,43661,0.0486368,0.05,1,1843256,1842833,423
133611101,22.7099,9.55067,447,43709,0.0177274,0.01,1,1843282,1842835,447
133614021,32.542,21.9101,457,43757,0.0755455,0.03,1,1843317,1842860,457
133616941,52.9084,33.182,479,43805,0.0711091,0,1,1843375,1842896,479
133619861,35.3817,53.0364,452,43853,0.0382218,0.05,1,1843406,1842954,452
133622781,29.4763,35.4073,449,43901,0.0476444,0.05,1,1843434,1842985,449
133625701,23.4953,29.4815,443,43949,0.0175289,0.03,1,1843456,1843013,443
133628621,31.0991,23.4963,454,43997,0.0115058,0.03,1,1843489,1843035,454
133631541,28.6198,30.2993,450,44045,0.0423012,0.03,1,1843517,1843067,450
133634461,32.124,29.2599,454,44093,0.0324602,0.03,1,1843550,1843096,454
133637381,28.8248,30.652,451,44141,0.046492,0.09,1,1843578,1843127,451
133640301,25.765,28.5304,448,44189,0.0332984,0.03,1,1843603,1843155,448
133643221,29.953,25.7061,454,44237,0.0466597,0.01,1,1843634,1843180,454
133646141,40.3906,30.7412,465,44285,0.0333319,0.05,1,1843677,1843212,465
133649061,9.67812,39.7482,425,44333,0.0306664,0.05,1,1843679,1843254,425
133651981,23.5356,9.54965,450,44381,0.0141333,0.01,1,1843706,1843256,450
133654901,33.5071,22.7099,460,44429,0.0908267,0.09,1,1843742,1843282,460
133657821,8.30142,32.542,427,44476,0.106165,0.07,1,1843744,1843317,427
133660741,44.8603,52.9084,423,44523,0.205233,0.03,1,1843798,1843375,423
133663661,34.5721,35.3817,424,44570,0.241047,0.05,1,1843830,1843406,424
133666581,27.7144,29.4763,422,44617,0.248209,0.01,1,1843856,1843434,422
133669501,23.9429,23.4953,423,44664,0.233642,0.01,1,1843879,1843456,423
133672421,31.1886,31.0991,423,44711,0.230728,0.05,1,1843912,1843489,423
133675341,28.6377,28.6198,423,44758,0.230146,0.03,1,1843940,1843517,423
133678261,32.1275,32.124,423,44805,0.150029,0.05,1,1843973,1843550,423
133681181,29.6255,28.8248,424,44852,0.118006,0.03,1,1844002,1843578,424
133684101,26.7251,25.765,425,44899,0.127601,0.05,1,1844028,1843603,425
133687021,28.545,29.953,423,44946,0.16152,0.03,1,1844057,1843634,423
133689941,40.109,40.3906,423,44993,0.120304,0.03,1,1844100,1843677,423
133692861,9.6218,9.67812,423,45040,0.112061,0.01,1,1844102,1843679,423
133695781,23.5244,23.5356,423,45087,0.126412,0.11,1,1844129,1843706,423
133698701,37.5049,33.5071,428,45134,0.0972824,0.11,1,1844170,1843742,428
133701621,9.10097,8.30142,428,45181,0.0914565,0.23,1,1844172,1843744,428
133704541,47.4202,44.8603,431,45228,0.154291,0.25,1,1844229,1843798,431
133707461,37.484,34.5721,434,45275,0.182858,0.25,1,1844264,1843830,434
133710381,28.2968,27.7144,434,45322,0.204572,0.23,1,1844290,1843856,434
133713301,22.4594,23.9429,432,45369,0.224914,0.23,1,1844311,1843879,432
133716221,30.0919,31.1886,431,45415,0.196983,0.23,1,1844343,1843912,431
133719141,28.4184,28.6377,431,45461,0.207397,0.13,1,1844371,1843940,431
133722061,29.6837,32.1275,428,45507,0.241479,0.11,1,1844401,1843973,428
133724981,29.1367,29.6255,428,45553,0.232296,0.13,1,1844430,1844002,428
133727901,27.4273,26.7251,429,45599,0.262459,0.17,1,1844457,1844028,429
133730821,27.8855,28.545,428,45645,0.236492,0.11,1,1844485,1844057,428
133733741,39.1771,40.109,427,45691,0.247298,0.11,1,1844527,1844100,427
133736661,9.43542,9.6218,427,45737,0.24946,0.13,1,1844529,1844102,427
133739581,22.6871,23.5244,426,45783,0.249892,0.09,1,1844555,1844129,426
133742501,37.3374,37.5049,426,45829,0.281978,0.09,1,1844596,1844170,426
133745421,9.06748,9.10097,426,45875,0.256396,0.17,1,1844598,1844172,426
133748341,49.8135,47.4202,429,45921,0.331279,0.17,1,1844658,1844229,429
133751261,39.5627,9.48404,466,45967,0.266256,0.19,1,1844695,1844229,466
133754181,28.7125,29.8968,457,46013,0.269251,0.21,1,1844721,1844264,457
133757101,21.7425,26.7794,451,46059,0.28585,0.23,1,1844741,1844290,451
133760021,29.9485,22.1559,462,46105,0.30517,0.19,1,1844773,1844311,462
133762941,29.1897,30.0312,459,46151,0.317034,0.21,1,1844802,1844343,459
133765861,29.8379,28.4062,461,46197,0.327407,0.25,1,1844832,1844371,461
133768781,29.9676,29.6812,461,46243,0.329481,0.23,1,1844862,1844401,461
133771701,27.5935,29.1362,459,46289,0.313896,0.27,1,1844889,1844430,459
133774621,28.7187,27.4272,461,46335,0.342779,0.23,1,1844918,1844457,461
133777541,39.3437,27.8854,475,46381,0.348556,0.25,1,1844960,1844485,475
133780461,9.46875,39.1771,435,46426,0.349711,0.25,1,1844962,1844527,435
133783381,22.6938,9.43542,459,46471,0.349942,0.25,1,1844988,1844529,459
133786301,37.3387,22.6871,474,46516,0.365988,0.29,1,1845029,1844555,474
133789221,9.06775,37.3374,435,46561,0.369198,0.25,1,1845031,1844596,435
133792141,52.2136,9.06748,496,46606,0.46584,0.35,1,1845094,1844598,496
133795061,37.6427,49.8135,470,46651,0.485168,0.25,1,1845128,1844658,470
133797981,29.1285,39.5627,460,46696,0.537034,0.27,1,1845155,1844695,460
133800901,22.6257,28.7125,455,46741,0.611407,0.29,1,1845176,1844721,455
133803821,30.9251,21.7425,468,46786,0.626281,0.31,1,1845209,1844741,468
133806741,29.385,29.9485,465,46831,0.613256,0.32,1,1845238,1844773,465
133809661,30.677,29.1897,467,46876,0.642651,0.33,1,1845269,1844802,467
133812581,30.1354,29.8379,467,46921,0.64853,0.33,1,1845299,1844832,467
133815501,26.8271,29.9676,463,46966,0.649706,0.31,1,1845325,1844862,463
133818421,30.1654,27.5935,467,47011,0.649941,0.35,1,1845356,1844889,467
133821341,39.6331,28.7187,480,47056,0.665988,0.35,1,1845398,1844918,480
133824261,9.52662,39.3437,440,47101,0.669198,0.35,1,1845400,1844960,440
133827181,22.7053,9.46875,464,47146,0.66984,0.35,1,1845426,1844962,464
133830101,38.9411,22.6938,481,47191,0.685968,0.37,1,1845469,1844988,481
133833021,9.38821,37.3387,442,47236,0.721194,0.37,1,1845471,1845029,442
133835941,56.2776,9.06775,508,47281,0.744239,0.49,1,1845539,1845031,508
133838861,38.4555,52.2136,479,47326,0.748848,0.49,1,1845573,1845094,479
133841781,33.2911,37.6427,477,47371,0.78177,0.55,2,1845605,1845128,477
133844701,8.25822,29.1285,452,47415,0.788354,0.63,2,1845607,1845155,452
133847621,19.2516,22.6257,453,47459,0.805671,0.63,2,1845629,1845176,453
133850541,30.2503,30.9251,453,47503,0.841134,0.61,2,1845662,1845209,453
133853461,28.4501,29.385,452,47547,0.848227,0.65,2,1845690,1845238,452
133856381,32.09,30.677,454,47591,0.865645,0.65,2,1845723,1845269,454
133859301,30.418,30.1354,454,47635,0.901129,0.65,2,1845753,1845299,454
133862221,26.8836,26.8271,454,47679,0.908226,0.65,2,1845779,1845325,454
133865141,30.9767,30.1654,455,47723,0.941645,0.67,2,1845811,1845356,455
133868061,39.7953,39.6331,455,47767,0.916329,0.67,2,1845853,1845398,455
133870981,9.55907,9.52662,455,47811,0.911266,0.67,2,1845855,1845400,455
133873901,22.7118,22.7053,455,47855,0.958253,0.69,2,1845881,1845426,455
133888501,34,32,461,48075,0.95,0.79,2,1846066,1845605,461
133891421,8.4,8,461,48119,0.966,0.81,2,1846068,1845607,461
134098741,78,64,511,23541,0.19,1,1,1848263,1847752,511
134101661,65.2,70.4,501,23631,0.174,0.88,1,1848325,1847824,501
134104581,70.64,64.48,510,23721,0.0748,0.83,1,1848397,1847887,510
134107501,66.128,81.696,489,23810,0.07096,0.77,1,1848462,1847973,489
134110421,67.6256,65.9392,495,23899,0.054192,0.59,1,1848530,1848035,495
134113341,33.5251,64.3878,456,23988,0.0668384,0.39,1,1848555,1848099,456
134116261,28.305,36.0776,454,24076,0.0533677,0.33,1,1848582,1848128,454
134119181,39.261,52.8155,439,24164,0.0826735,0.19,1,1848624,1848185,439
134122101,63.0522,72.9631,430,24252,0.120535,0.17,1,1848693,1848263,430
134125021,60.6104,64.1926,428,24339,0.144107,0.05,1,1848753,1848325,428
134127941,64.9221,70.4385,422,24426,0.148821,0.07,1,1848819,1848397,422
134130861,66.5844,66.0877,424,24513,0.0537643,0.05,1,1848886,1848462,424
134133781,67.7169,67.6175,424,24599,0.0507529,0.07,1,1848954,1848530,424
134136701,33.5434,33.5235,424,24685,0.0661506,0.05,1,1848979,1848555,424
134139621,27.5087,28.3047,423,24771,0.0692301,0.09,1,1849005,1848582,423
134142541,39.9017,39.2609,424,24857,0.101846,0.13,1,1849048,1848624,424
134145461,64.7803,63.0522,426,24942,0.188369,0.15,1,1849119,1848693,426
134148381,61.7561,60.6104,427,25027,0.237674,0.15,1,1849180,1848753,427
134151301,61.9512,64.9221,423,25112,0.215535,0.03,1,1849242,1848819,423
134154221,65.9902,66.5844,423,25196,0.179107,0.05,1,1849309,1848886,423
134157141,66.7981,67.7169,422,25280,0.219821,0.07,1,1849376,1848954,422
134160061,34.1596,33.5434,423,25364,0.195964,0.07,1,1849402,1848979,423
134162981,27.6319,27.5087,423,25448,0.191193,0.07,1,1849428,1849005,423
134165901,40.7264,5.50173,467,25531,0.206239,0.11,1,1849472,1849005,467
134168821,68.9453,35.5003,500,25614,0.289248,0.21,1,1849548,1849048,500
134171741,64.1891,63.9001,492,25697,0.36985,0.25,1,1849611,1849119,492
134174661,62.4378,61.58,493,25779,0.41797,0.21,1,1849673,1849180,493
134177581,63.6876,61.916,495,25861,0.427594,0.17,1,1849737,1849242,495
134180501,66.3375,65.9832,495,25943,0.413519,0.23,1,1849804,1849309,495
134183421,34.0675,66.7966,454,26025,0.410704,0.19,1,1849830,1849376,454
134186341,28.4135,34.1593,455,26106,0.394141,0.19,1,1849857,1849402,455
134189261,43.2827,27.6319,476,26187,0.422828,0.21,1,1849904,1849428,476
134192181,72.6565,40.7264,512,26268,0.476566,0.31,1,1849984,1849472,512
134195101,68.9313,68.9453,504,26349,0.487313,0.39,1,1850052,1849548,504
134198021,64.1863,64.1891,504,26429,0.489463,0.43,1,1850115,1849611,504
134200941,64.0373,62.4378,506,26509,0.489893,0.43,1,1850179,1849673,506
134203861,65.6074,63.6876,508,26589,0.521979,0.41,1,1850245,1849737,508
134206781,33.9215,66.3375,467,26669,0.528396,0.41,1,1850271,1849804,467
134209701,29.1843,34.0675,469,26748,0.529679,0.39,1,1850299,1849830,469
134212621,43.4369,28.4135,489,26827,0.529936,0.43,1,1850346,1849857,489
134215541,75.8874,43.2827,526,26906,0.513987,0.49,1,1850430,1849904,526
134218461,16.7775,72.6565,448,26985,0.558797,0.49,1,1850432,1849984,448
134221381,56.9555,68.9313,447,27063,0.631759,0.49,1,1850499,1850052,447
134224301,60.9911,64.1863,446,27141,0.694352,0.49,1,1850561,1850115,446
134227221,63.3982,64.0373,446,27219,0.70687,0.53,1,1850625,1850179,446
134230141,67.0796,65.6074,448,27297,0.709374,0.53,1,1850693,1850245,448
134233061,34.2159,33.9215,448,27375,0.677875,0.53,1,1850719,1850271,448
134235981,29.2432,29.1843,448,27452,0.703575,0.53,1,1850747,1850299,448
134238901,43.4486,43.4369,448,27529,0.692715,0.51,1,1850794,1850346,448
134241821,77.4897,75.8874,450,27606,0.706543,0.57,1,1850880,1850430,450
134244741,17.0979,16.7775,450,27683,0.709309,0.65,1,1850882,1850432,450
134247661,58.6196,56.9555,452,27760,0.805862,0.71,2,1850951,1850499,452
134250581,63.7239,60.9911,455,27836,0.841172,0.71,2,1851016,1850561,455
134253501,63.9448,63.3982,455,27912,0.896235,0.71,2,1851080,1850625,455
134256421,67.189,67.0796,455,27988,0.923247,0.67,2,1851148,1850693,455
134259341,34.2378,34.2159,455,28064,0.928649,0.71,2,1851174,1850719,455
134262261,29.2476,29.2432,455,28139,0.92973,0.69,2,1851202,1850747,455
134265181,42.6495,43.4486,454,28214,0.913946,0.71,2,1851248,1850794,454
134384901,54,58,481,31140,0.81,1,2,1853309,1852828,481
134387821,82,71.6,495,31208,0.586,1,1,1853398,1852903,495
134390741,44.4,43.12,494,31276,0.4932,1,1,1853433,1852939,494
134393661,40.88,8.624,534,31344,0.49064,0.94,1,1853473,1852939,534
134396581,44.176,41.7248,529,31412,0.426128,1,1,1853518,1852989,529
134399501,50.4352,61.145,515,31479,0.445226,1,1,1853570,1853055,515
134402421,34.087,41.029,509,31546,0.497045,0.91,1,1853600,1853091,509
134405341,30.8174,37.0058,503,31613,0.491409,0.99,1,1853630,1853127,503
134408261,62.9635,33.8012,541,31680,0.474282,0.88,1,1853701,1853160,541
134411181,25.3927,69.1602,479,31747,0.470856,0.87,1,1853717,1853238,479
134414101,45.0785,27.432,512,31814,0.438171,0.81,1,1853767,1853255,512
134417021,70.6157,48.6864,535,31881,0.463634,0.53,1,1853844,1853309,535
134419941,38.1231,80.9373,476,31947,0.532727,0.47,1,1853874,1853398,476
134422861,39.6246,44.1875,481,32013,0.514545,0.49,1,1853914,1853433,481
134425781,43.9249,40.8375,486,32079,0.526909,0.41,1,1853959,1853473,486
134428701,53.585,44.1675,497,32145,0.593382,0.45,1,1854015,1853518,497
134431621,33.917,50.4335,474,32211,0.590676,0.51,1,1854044,1853570,474
134434541,33.1834,34.0867,477,32277,0.574135,0.49,1,1854077,1853600,477
134437461,61.0367,30.8173,515,32343,0.602827,0.47,1,1854145,1853630,515
134440381,25.0073,62.9635,460,32408,0.608565,0.47,1,1854161,1853701,460
134443301,45.0015,25.3927,494,32473,0.609713,0.43,1,1854211,1853717,494
134446221,73.8003,45.0785,525,32538,0.609943,0.47,1,1854292,1853767,525
134449141,38.7601,70.6157,478,32603,0.609989,0.55,1,1854322,1853844,478
134452061,38.152,38.1231,486,32668,0.593998,0.51,1,1854360,1853874,486
134454981,44.4304,39.6246,492,32733,0.6228,0.53,1,1854406,1853914,492
134457901,10.4861,43.9249,449,32798,0.62856,0.61,1,1854408,1853959,449
134460821,49.2972,53.585,452,32862,0.693712,0.59,1,1854467,1854015,452
134463741,32.2594,33.917,451,32926,0.674742,0.57,1,1854495,1854044,451
134466661,32.0519,33.1834,450,32990,0.718949,0.61,1,1854527,1854077,450
134469581,62.4104,61.0367,452,33054,0.75979,0.61,2,1854597,1854145,452
134472501,25.2821,25.0073,452,33118,0.767958,0.61,2,1854613,1854161,452
134475421,45.0564,45.0015,452,33182,0.737592,0.61,1,1854663,1854211,452
134478341,73.8113,73.8003,452,33246,0.763518,0.61,2,1854744,1854292,452
134481261,39.5623,38.7601,453,33310,0.784704,0.59,2,1854775,1854322,453
134484181,37.5125,38.152,452,33373,0.788941,0.63,2,1854812,1854360,452
134487101,45.1025,44.4304,453,33436,0.837788,0.63,2,1854859,1854406,453
134490021,10.6205,10.4861,453,33499,0.847558,0.71,2,1854861,1854408,453
134492941,50.9241,49.2972,455,33562,0.849512,0.67,2,1854922,1854467,455
134495861,32.5848,32.2594,455,33625,0.865902,0.73,2,1854950,1854495,455
134498781,33.717,32.0519,457,33688,0.86918,0.77,2,1854984,1854527,457
134691501,33,30,513,37606,0.53,1,1,1857758,1857245,513
134694421,34.6,40.4,505,37662,0.418,1,1,1857793,1857288,505
134697341,42.12,35.28,515,37718,0.2356,1,1,1857837,1857322,515
134700261,32.424,31.856,514,37774,0.11912,1,1,1857867,1857353,514
134703181,33.6848,32.7712,515,37830,0.047824,1,1,1857901,1857386,515
134706101,35.537,36.1542,514,37886,0.0335648,1,1,1857937,1857423,514
134709021,35.1074,35.2308,514,37942,0.046713,1,1,1857972,1857458,514
134711941,31.0215,39.0462,504,37998,0.0173426,1,1,1858002,1857498,504
134714861,35.8043,31.0092,512,38054,0.0754685,1,1,1858039,1857527,512
134717781,58.3609,36.6018,538,38110,0.0710937,0.98,1,1858103,1857565,538
134720701,42.0722,65.7204,503,38165,0.0542187,0.75,1,1858141,1857638,503
134723621,30.8144,53.1441,481,38220,0.0188437,0.59,1,1858169,1857688,481
134726541,30.9629,40.2288,475,38275,0.0277687,0.53,1,1858200,1857725,475
134729461,30.1926,34.4458,472,38330,0.0295537,0.39,1,1858230,1857758,472
134732381,36.4385,34.8892,475,38385,0.0299108,0.19,1,1858268,1857793,475
134735301,25.6877,42.1778,454,38440,0.0299821,0.09,1,1858291,1857837,454
134738221,31.5375,32.4356,457,38495,0.0139964,0.03,1,1858324,1857867,457
134741141,33.5075,33.6871,457,38550,0.0587993,0.03,1,1858358,1857901,457
134744061,34.7015,35.5374,456,38605,0.0677599,0.05,1,1858393,1857937,456
134746981,8.5403,35.1075,423,38660,0.069552,0.01,1,1858395,1857972,423
134749901,24.9081,31.0215,422,38715,0.0219104,0.09,1,1858424,1858002,422
134752821,38.5816,35.8043,427,38770,0.0283821,0.07,1,1858466,1858039,427
134755741,56.5163,58.3609,424,38824,0.0616764,0.05,1,1858527,1858103,424
134758661,42.5033,42.0722,425,38878,0.100335,0.01,1,1858566,1858141,425
134761581,30.1007,30.8144,424,38932,0.124067,0.03,1,1858593,1858169,424
134764501,30.8201,30.9629,424,38986,0.0488134,0.03,1,1858624,1858200,424
134767421,30.164,30.1926,424,39040,0.0497627,0.03,1,1858654,1858230,424
134770341,37.2328,36.4385,425,39094,0.0339525,0.03,1,1858693,1858268,425
134773261,24.2466,25.6877,423,39148,0.0467905,0.01,1,1858714,1858291,423
134776181,32.0493,31.5375,424,39202,0.0173581,0.07,1,1858748,1858324,424
134779101,32.0099,33.5075,422,39256,0.0114716,0.07,1,1858780,1858358,422
134782021,35.202,34.7015,423,39310,0.00229432,0.07,1,1858816,1858393,423
134784941,8.64039,8.5403,423,39364,0.0404589,0.01,1,1858818,1858395,423
134787861,25.7281,24.9081,424,39418,0.0160918,0.03,1,1858848,1858424,424
134790781,37.1456,38.5816,422,39472,0.0112184,0.07,1,1858888,1858466,422
134793701,56.2291,56.5163,422,39526,0.0422437,0.11,1,1858949,1858527,422
134796621,46.4458,42.5033,427,39579,0.0484487,0.13,1,1858993,1858566,427
134799541,28.4892,30.1007,424,39632,0.0816897,0.03,1,1859017,1858593,424
134802461,28.8978,30.8201,422,39685,0.0723379,0.05,1,1859046,1858624,422
134805381,29.7796,30.164,422,39738,0.102468,0.03,1,1859076,1858654,422
134808301,37.9559,37.2328,423,39791,0.0764935,0.05,1,1859116,1858693,423
134811221,23.5912,24.2466,422,39844,0.0712987,0.01,1,1859136,1858714,422
134814141,31.9182,32.0493,422,39897,0.10226,0.01,1,1859170,1858748,422
134817061,31.9836,32.0099,422,39950,0.0204519,0,1,1859202,1858780,422
134819981,35.9967,35.202,423,40003,0.0280904,0.05,1,1859239,1858816,423
134822901,8.79935,8.64039,423,40056,0.0296181,0.01,1,1859241,1858818,423
134825821,24.9599,25.7281,422,40109,0.0299236,0.01,1,1859270,1858848,422
134828741,36.192,5.14562,461,40162,0.0139847,0.01,1,1859309,1858848,461
134831661,56.0384,33.0291,482,40215,0.0587969,0.05,1,1859370,1858888,482
134834581,48.0077,55.4058,467,40268,0.0517594,0.05,1,1859416,1858949,467
134837501,28.8015,46.2812,447,40320,0.0823519,0.09,1,1859440,1858993,447
134840421,28.1603,28.4562,451,40372,0.0884704,0.07,1,1859468,1859017,451
134843341,32.0321,28.8912,455,40424,0.121694,0.11,1,1859501,1859046,455
134846261,37.6064,29.7782,464,40476,0.112339,0.07,1,1859540,1859076,464
134849181,23.5213,37.9556,444,40528,0.110468,0.07,1,1859560,1859116,444
134852101,31.9043,23.5911,458,40580,0.110094,0.11,1,1859594,1859136,458
134855021,29.5809,31.9182,453,40632,0.126019,0,1,1859623,1859170,453
134857941,35.5162,31.9836,458,40684,0.0812037,0.03,1,1859660,1859202,458
134860861,8.70323,35.9967,423,40736,0.0402407,0.03,1,1859662,1859239,423
134863781,24.9406,8.79935,450,40788,0.0480481,0.03,1,1859691,1859241,450
134866701,36.9881,24.9599,461,40840,0.0176096,0.01,1,1859731,1859270,461
134869621,57.7976,36.192,485,40892,0.0435219,0.07,1,1859794,1859309,485
134872541,47.5595,56.0384,469,40944,0.0647044,0.05,1,1859839,1859370,469
134875461,30.3119,48.0077,449,40996,0.0369409,0.09,1,1859865,1859416,449
134878381,28.4624,28.8015,453,41047,0.0313882,0.09,1,1859893,1859440,453
134881301,33.6925,28.1603,460,41098,0.0462776,0.13,1,1859928,1859468,460
134884221,37.1385,32.0321,465,41149,0.0492555,0.11,1,1859966,1859501,465
134887141,23.4277,37.6064,446,41200,0.0978511,0.11,1,1859986,1859540,446
134890061,32.6855,23.5213,461,41251,0.10757,0.11,1,1860021,1859560,461
134892981,24.9371,31.9043,450,41302,0.093514,0.13,1,1860044,1859594,450
134895901,36.1874,29.5809,460,41353,0.0747028,0.07,1,1860083,1859623,460
134898821,8.83748,35.5162,425,41404,0.0709406,0.03,1,1860085,1859660,425
134901741,23.3675,8.70323,450,41455,0.0701881,0.05,1,1860112,1859662,450
134904661,37.4735,24.9406,462,41506,0.0220376,0.01,1,1860153,1859691,462
134907581,9.0947,36.9881,424,41557,0.0124075,0.05,1,1860155,1859731,424
134910501,53.0189,57.7976,425,41608,0.0584815,0.07,1,1860219,1859794,425
134913421,46.6038,47.5595,425,41659,0.0516963,0.03,1,1860264,1859839,425
134916341,28.5208,30.3119,423,41710,0.0823393,0.03,1,1860288,1859865,423
134919261,28.1042,28.4624,423,41761,0.0724678,0.05,1,1860316,1859893,423
134922181,34.4208,33.6925,424,41812,0.0864936,0.05,1,1860352,1859928,424
134925101,38.8842,37.1385,426,41862,0.153299,0.11,1,1860392,1859966,426
134928021,24.5768,23.4277,427,41912,0.21466,0.11,1,1860413,1859986,427
134930941,32.9154,32.6855,427,41962,0.178932,0.09,1,1860448,1860021,427
134933861,24.1831,24.9371,426,42012,0.203786,0.07,1,1860470,1860044,426
134936781,35.2366,36.1874,425,42062,0.192757,0.07,1,1860508,1860083,425
134939701,8.64732,8.83748,425,42112,0.158551,0.07,1,1860510,1860085,425
134942621,21.7295,23.3675,423,42162,0.16771,0.01,1,1860535,1860112,423
134945541,37.1459,37.4735,423,42212,0.105542,0.01,1,1860576,1860153,423
134948461,9.02918,9.0947,423,42262,0.0931084,0.07,1,1860578,1860155,423
134951381,53.0058,53.0189,423,42312,0.138622,0.05,1,1860642,1860219,423
134954301,46.6012,46.6038,423,42362,0.147724,0.09,1,1860687,1860264,423
134957221,29.3202,28.5208,424,42412,0.213545,0.07,1,1860712,1860288,424
134960141,29.064,28.1042,425,42462,0.226709,0.09,1,1860741,1860316,425
134963061,36.2128,34.4208,427,42512,0.229342,0.17,1,1860779,1860352,427
134965981,41.6426,38.8842,430,42562,0.293868,0.23,1,1860822,1860392,430
134968901,25.9285,24.5768,431,42612,0.290774,0.17,1,1860844,1860413,431
134971821,32.3857,32.9154,430,42662,0.338155,0.21,1,1860878,1860448,430
134974741,24.0771,24.1831,430,42711,0.315631,0.19,1,1860900,1860470,430
134977661,34.4154,35.2366,429,42760,0.327126,0.15,1,1860937,1860508,429
134980581,8.48309,8.64732,429,42809,0.329425,0.17,1,1860939,1860510,429
134983501,20.8966,21.7295,428,42858,0.377885,0.09,1,1860963,1860535,428
134986421,33.7793,37.1459,424,42907,0.387577,0.09,1,1861000,1860576,424
134989341,8.35586,9.02918,424,42956,0.389515,0.15,1,1861002,1860578,424
134992261,55.2712,53.0058,427,43005,0.373903,0.15,1,1861069,1860642,427
134995181,47.8542,10.6012,473,43054,0.386781,0.15,1,1861115,1860642,473
134998101,31.1708,38.1202,455,43103,0.421356,0.23,1,1861142,1860687,455
135001021,31.0342,27.624,461,43152,0.444271,0.23,1,1861173,1860712,461
135003941,36.6068,28.7248,470,43201,0.464854,0.23,1,1861211,1860741,470
135006861,44.1214,36.145,478,43250,0.500971,0.31,1,1861257,1860779,478
135009781,26.4243,41.629,457,43299,0.476194,0.29,1,1861279,1860822,457
135012701,33.2849,25.9258,470,43348,0.471239,0.35,1,1861314,1860844,470
135015621,24.257,32.3852,458,43397,0.470248,0.31,1,1861336,1860878,458
135018541,36.0514,24.077,475,43446,0.45405,0.33,1,1861375,1860900,475
135021461,8.81028,34.4154,440,43495,0.48281,0.33,1,1861377,1860937,440
135024381,20.9621,8.48308,462,43544,0.504562,0.39,1,1861401,1860939,462
135027301,35.3924,20.8966,477,43592,0.540912,0.39,1,1861440,1860963,477
135030221,8.67848,33.7793,442,43640,0.548182,0.39,1,1861442,1861000,442
135033141,55.3357,8.35586,507,43688,0.565637,0.37,1,1861509,1861002,507
135036061,48.6671,55.2712,487,43736,0.585127,0.39,1,1861556,1861069,487
135038981,32.1334,47.8542,469,43784,0.589025,0.43,1,1861584,1861115,469
135041901,32.0267,31.1708,474,43832,0.637805,0.45,1,1861616,1861142,474
135044821,37.6053,31.0342,482,43880,0.663561,0.47,1,1861655,1861173,482
135047741,44.3211,36.6068,490,43928,0.636712,0.51,1,1861701,1861211,490
135050661,26.4642,44.1214,466,43976,0.631342,0.47,1,1861723,1861257,466
135053581,33.2928,26.4243,479,44024,0.614268,0.47,1,1861758,1861279,479
135056501,24.2586,33.2849,466,44072,0.610854,0.47,1,1861780,1861314,466
135059421,36.8517,24.257,484,44120,0.642171,0.45,1,1861820,1861336,484
135062341,8.97034,36.0514,447,44168,0.648434,0.49,1,1861822,1861375,447
135065261,21.7941,8.81028,470,44216,0.665687,0.51,1,1861847,1861377,470
135068181,37.1588,20.9621,487,44264,0.669137,0.55,1,1861888,1861401,487
135071101,9.03176,35.3924,450,44312,0.669828,0.55,1,1861890,1861440,450
135074021,57.8064,8.67848,518,44360,0.653965,0.57,1,1861960,1861442,518
135076941,48.3613,55.3357,497,44408,0.682793,0.59,1,1862006,1861509,497
135079861,32.8723,48.6671,479,44456,0.672559,0.59,1,1862035,1861556,479
135082781,8.17445,32.1334,453,44503,0.702512,0.65,1,1862037,1861584,453
135085701,28.8349,32.0267,455,44550,0.708502,0.67,1,1862071,1861616,455
135088621,36.967,37.6053,455,44597,0.6937,0.63,1,1862110,1861655,455
135091541,42.5934,44.3211,453,44644,0.72274,0.63,1,1862154,1861701,453
135094461,26.1187,26.4642,453,44691,0.760548,0.61,2,1862176,1861723,453
135097381,32.4237,33.2928,452,44738,0.75211,0.61,2,1862210,1861758,452
135100301,24.0847,24.2586,452,44785,0.798422,0.65,2,1862232,1861780,452
135103221,38.417,36.8517,454,44832,0.823684,0.65,2,1862274,1861820,454
135106141,9.28339,8.97034,454,44879,0.828737,0.67,2,1862276,1861822,454
135109061,22.6567,21.7941,455,44926,0.861747,0.67,2,1862302,1861847,455
135111981,38.1313,37.1588,456,44973,0.88435,0.67,2,1862344,1861888,456
135114901,9.22627,9.03176,456,45020,0.88887,0.65,2,1862346,1861890,456
135117821,57.0453,57.8064,455,45067,0.889774,0.69,2,1862415,1861960,455
135120741,49.0091,48.3613,456,45114,0.905955,0.67,2,1862462,1862006,456
135123661,33.8018,32.8723,457,45161,0.909191,0.71,2,1862492,1862035,457
135126581,8.36036,8.17445,457,45208,0.877838,0.71,2,1862494,1862037,457
135129501,28.8721,28.8349,457,45255,0.871568,0.69,2,1862528,1862071,457
135590861,65,74,465,21900,0.07,0.99,1,1867807,1867342,465
135618601,56.2,54.8,469,24090,0.014,0.09,1,1867861,1867392,469
135641961,276.84,314.96,421,23360,0.0748,0.07,1,1868193,1867772,421
135644881,84.168,90.992,422,24178,0.03896,0,1,1868229,1867807,422
135647801,88.0336,61.3984,457,24266,0.007792,0.07,1,1868318,1867861,457
135650721,66.4067,65.8797,451,24353,0.121558,0.05,1,1868379,1867928,451
135653641,56.4813,67.5759,437,24440,0.112312,0.07,1,1868433,1867996,437
135656561,27.2963,32.7152,433,24527,0.158462,0.13,1,1868453,1868020,433
135659481,31.0593,24.943,442,24613,0.103692,0.09,1,1868485,1868043,442
135662401,68.6119,35.3886,482,24699,0.172738,0.03,1,1868563,1868081,482
135665321,57.7224,72.6777,455,24785,0.0905477,0.03,1,1868618,1868163,455
135668241,38.7445,67.3355,423,24871,0.0261095,0,1,1868652,1868229,423
135671161,78.9489,84.6671,423,24956,0.0292219,0.15,1,1868741,1868318,423
135674081,69.3898,65.7334,429,25041,0.0618444,0.11,1,1868808,1868379,429
135677001,55.478,56.3467,427,25126,0.132369,0.17,1,1868860,1868433,427
135679921,27.8956,27.2693,428,25210,0.178474,0.09,1,1868881,1868453,428
135682841,31.1791,31.0539,428,25294,0.203695,0.19,1,1868913,1868485,428
135685761,71.0358,68.6108,431,25378,0.224739,0.07,1,1868994,1868563,431
135688681,53.4072,57.7222,425,25461,0.196948,0.07,1,1869043,1868618,425
135691601,34.6814,11.5444,455,25544,0.19139,0.01,1,1869073,1868618,455
135694521,78.1363,29.5089,510,25627,0.158278,0.03,1,1869162,1868652,510
135697441,72.4273,77.1018,492,25710,0.0876556,0.07,1,1869233,1868741,492
135700361,59.2854,69.0204,481,25792,0.121531,0.15,1,1869289,1868808,481
135703281,29.4571,55.4041,451,25874,0.128306,0.19,1,1869311,1868860,451
135706201,32.2914,27.8808,463,25956,0.177661,0.21,1,1869344,1868881,463
135709121,70.4583,31.1762,511,26038,0.203532,0.23,1,1869424,1868913,511
135712041,53.2917,71.0352,479,26119,0.208706,0.19,1,1869473,1868994,479
135714961,33.8583,53.407,459,26200,0.241741,0.19,1,1869502,1869043,459
135717881,75.5717,34.6814,515,26281,0.232348,0.15,1,1869588,1869073,515
135720801,71.9143,78.1363,497,26362,0.26247,0.07,1,1869659,1869162,497
135723721,59.9829,72.4273,483,26442,0.268494,0.13,1,1869716,1869233,483
135726641,30.3966,59.2854,450,26522,0.317699,0.13,1,1869739,1869289,450
135729561,34.0793,29.4571,463,26602,0.29554,0.19,1,1869774,1869311,463
135732481,71.6159,32.2914,511,26682,0.323108,0.21,1,1869855,1869344,511
135735401,53.5232,70.4583,480,26761,0.344622,0.21,1,1869904,1869424,480
135738321,35.5046,53.2917,462,26840,0.364924,0.25,1,1869935,1869473,462
135741241,8.70093,33.8583,435,26919,0.368985,0.23,1,1869937,1869502,435
135744161,68.9402,75.5717,433,26998,0.433797,0.27,1,1870021,1869588,433
135747081,72.188,71.9143,435,27076,0.462759,0.27,1,1870094,1869659,435
135750001,60.0376,59.9829,435,27154,0.532552,0.33,1,1870151,1869716,435
135752921,31.2075,30.3966,436,27232,0.54651,0.29,1,1870175,1869739,436
135755841,34.2415,34.0793,436,27310,0.565302,0.33,1,1870210,1869774,436
135758761,73.2483,71.6159,438,27388,0.52106,0.35,1,1870293,1869855,438
135761681,54.6497,53.5232,439,27465,0.576212,0.37,1,1870343,1869904,439
135764601,36.5299,35.5046,440,27542,0.619242,0.37,1,1870375,1869935,440
135767521,8.90599,8.70093,440,27619,0.627849,0.45,1,1870377,1869937,440
135770441,70.5812,68.9402,442,27696,0.62957,0.47,1,1870463,1870021,442
135773361,74.9162,72.188,445,27772,0.693914,0.55,1,1870539,1870094,445
135776281,62.1832,60.0376,447,27848,0.690783,0.55,1,1870598,1870151,447
135779201,31.6366,31.2075,447,27924,0.690157,0.57,1,1870622,1870175,447
135782121,35.1273,34.2415,448,28000,0.722031,0.51,1,1870658,1870210,448
135785041,72.6255,73.2483,447,28076,0.840406,0.59,2,1870740,1870293,447
135787961,56.1251,54.6497,449,28151,0.880081,0.63,2,1870792,1870343,449
135790881,38.425,36.5299,451,28226,0.856016,0.63,2,1870826,1870375,451
135793801,9.285,8.90599,451,28301,0.883203,0.63,2,1870828,1870377,451
135796721,70.657,70.5812,451,28376,0.856641,0.63,2,1870914,1870463,451
135799641,77.3314,14.1162,530,28451,0.883328,0.71,2,1870993,1870463,530
135802561,63.4663,63.6232,514,28525,0.872666,0.69,2,1871053,1870539,514
135805481,31.8933,59.9246,479,28599,0.870533,0.69,2,1871077,1870598,479
135808401,36.7787,31.1849,493,28673,0.838107,0.73,2,1871115,1870622,493
135811321,76.9557,35.037,544,28747,0.911621,0.87,2,1871202,1870658,544
135814241,59.3911,72.6074,517,28821,0.958324,0.89,2,1871257,1870740,517
135931041,33,59,510,31624,0.81,1,2,1873200,1872690,510
135933961,36.2,32.6,521,31691,0.794,1,2,1873237,1872716,521
135936881,40.84,32.92,530,31758,0.7268,1,1,1873279,1872749,530
135939801,77.768,48.184,565,31825,0.66536,1,1,1873366,1872801,565
135942721,66.7536,80.8368,540,31891,0.573072,1,1,1873430,1872890,540
135945641,46.9507,75.3674,508,31957,0.506614,1,1,1873472,1872964,508
135948561,34.9901,42.2735,506,32023,0.493323,0.92,1,1873504,1872998,506
135951481,30.198,34.0547,503,32089,0.410665,0.93,1,1873533,1873030,503
135954401,33.2396,31.6109,506,32155,0.394133,0.9,1,1873567,1873061,506
135957321,56.2479,35.1222,532,32221,0.454827,0.86,1,1873629,1873097,532
135960241,32.8496,63.0244,489,32287,0.466965,0.81,1,1873656,1873167,489
135963161,33.7699,39.0049,490,32353,0.517393,0.79,1,1873690,1873200,490
135966081,43.554,37.401,499,32418,0.527479,0.71,1,1873736,1873237,499
135969001,71.1108,41.0802,535,32483,0.513496,0.65,1,1873814,1873279,535
135971921,63.8222,77.816,510,32548,0.510699,0.55,1,1873876,1873366,510
135974841,43.9644,66.7632,485,32613,0.51014,0.49,1,1873915,1873430,485
135977761,34.3929,46.9526,475,32678,0.526028,0.49,1,1873947,1873472,475
135980681,28.4786,34.9905,470,32743,0.545206,0.39,1,1873974,1873504,470
135983601,7.29572,30.1981,443,32808,0.549041,0.39,1,1873976,1873533,443
135986521,27.0591,33.2396,441,32872,0.565808,0.47,1,1874008,1873567,441
135989441,59.0118,56.2479,446,32936,0.617162,0.47,1,1874075,1873629,446
135992361,33.4024,32.8496,446,33000,0.611432,0.53,1,1874102,1873656,446
135995281,35.4805,33.7699,448,33064,0.610286,0.53,1,1874138,1873690,448
135998201,42.2961,43.554,446,33128,0.578057,0.51,1,1874182,1873736,446
136001121,70.0592,71.1108,445,33192,0.603611,0.51,1,1874259,1873814,445
136004041,65.2118,63.8222,447,33256,0.640722,0.51,1,1874323,1873876,447
136006961,46.6424,43.9644,450,33320,0.648144,0.53,1,1874365,1873915,450
136009881,33.3285,34.3929,448,33383,0.649629,0.55,1,1874395,1873947,448
136012801,29.0657,28.4786,449,33446,0.681926,0.55,1,1874423,1873974,449
136015721,7.41314,7.29572,449,33509,0.656385,0.57,1,1874425,1873976,449
136018641,28.6826,27.0591,451,33572,0.683277,0.63,1,1874459,1874008,451
136021561,59.3365,59.0118,451,33635,0.752655,0.61,2,1874526,1874075,451
136024481,32.6673,33.4024,450,33698,0.766531,0.61,2,1874552,1874102,450
136027401,35.3335,35.4805,450,33761,0.801306,0.57,2,1874588,1874138,450
136030321,42.2667,42.2961,450,33824,0.776261,0.61,2,1874632,1874182,450
136033241,71.6533,70.0592,452,33887,0.867252,0.65,2,1874711,1874259,452
136036161,67.1307,65.2118,454,33949,0.93345,0.65,2,1874777,1874323,454
136039081,47.0261,46.6424,454,34011,0.93069,0.65,2,1874819,1874365,454
136164641,31,32,489,36588,0.87,1,2,1876539,1876050,489
136167561,57.4,66.4,478,36646,0.822,1,2,1876603,1876125,478
136170481,76.28,73.28,484,36704,0.8284,1,2,1876684,1876200,484
136173401,48.056,48.256,483,36762,0.71768,1,1,1876725,1876242,483
136176321,31.2112,36.0512,477,36819,0.679536,1,1,1876752,1876275,477
136179241,39.0422,32.0102,487,36876,0.575907,1,1,1876793,1876306,487
136182161,31.0084,27.202,490,36933,0.571181,1,1,1876822,1876332,490
136185081,26.2017,31.8404,482,36990,0.666236,1,1,1876847,1876365,482
136188001,34.8403,43.9681,472,37047,0.669247,1,1,1876884,1876412,472
136190921,34.1681,35.1936,473,37104,0.653849,0.95,1,1876918,1876445,473
136193841,33.2336,37.4387,468,37161,0.65077,0.95,1,1876951,1876483,468
136196761,22.6467,7.48774,488,37218,0.634154,0.8,1,1876971,1876483,488
136199681,26.9293,21.4975,491,37275,0.662831,0.87,1,1876999,1876508,491
136202601,55.7859,29.0995,523,37332,0.684566,0.81,1,1877062,1876539,523
136205521,76.7572,57.0199,541,37389,0.720913,0.83,1,1877144,1876603,541
136208441,44.1514,76.204,496,37446,0.712183,0.69,1,1877180,1876684,496
136211361,28.8303,48.0408,480,37502,0.726437,0.67,1,1877205,1876725,480
136214281,36.1661,31.2082,491,37558,0.761287,0.55,2,1877243,1876752,491
136217201,29.6332,39.0416,478,37614,0.752257,0.57,2,1877271,1876793,478
136220121,28.3266,31.0083,477,37670,0.798452,0.69,2,1877299,1876822,477
136223041,35.2653,26.2017,489,37726,0.83969,0.67,2,1877336,1876847,489
136225961,35.0531,34.8403,487,37782,0.831938,0.65,2,1877371,1876884,487
136228881,32.6106,34.1681,485,37838,0.862388,0.65,2,1877403,1876918,485
136231801,24.1221,33.2336,474,37894,0.836478,0.63,2,1877425,1876951,474
136234721,27.2244,22.6467,482,37950,0.831296,0.67,2,1877453,1876971,482
136237641,57.4449,26.9293,519,38006,0.910259,0.69,2,1877518,1876999,519
136240561,77.889,55.7859,539,38062,0.942052,0.73,2,1877601,1877062,539
136436201,32,31,502,41614,0.51,1,1,1880032,1879530,502
136439121,36,36.6,501,41665,0.382,1,1,1880069,1879568,501
136442041,32.8,32.12,502,41716,0.2444,1,1,1880101,1879599,502
136444961,29.76,40.024,489,41767,0.13688,1,1,1880130,1879641,489
136447881,46.752,37.6048,503,41818,0.083376,1,1,1880181,1879678,503
136450801,35.7504,34.721,502,41868,0.0406752,1,1,1880214,1879712,502
136453721,27.9501,33.3442,495,41918,0.048135,1,1,1880240,1879745,495
136456641,31.19,32.2688,495,41968,0.049627,1,1,1880272,1879777,495
136459561,25.438,31.2538,488,42018,0.0499254,1,1,1880296,1879808,488
136462481,20.2876,27.0508,481,42068,0.0499851,1,1,1880315,1879834,481
136465401,26.4575,27.0102,482,42118,0.033997,0.99,1,1880343,1879861,482
136468321,26.0915,33.402,473,42168,0.0627994,0.73,1,1880369,1879896,473
136471241,47.6183,64.2804,454,42218,0.0365599,0.59,1,1880422,1879968,454
136474161,28.7237,38.4561,446,42268,0.079312,0.51,1,1880446,1880000,446
136477081,27.3447,33.2912,441,42318,0.0558624,0.35,1,1880473,1880032,441
136480001,31.8689,36.2582,437,42368,0.0511725,0.21,1,1880506,1880069,437
136482921,27.1738,32.8516,431,42418,0.0502345,0.11,1,1880532,1880101,431
136485841,26.2348,29.7703,428,42468,0.0820469,0.07,1,1880558,1880130,428
136488761,41.247,46.7541,422,42518,0.104409,0.03,1,1880603,1880181,422
136491681,34.6494,35.7508,422,42568,0.0448819,0.05,1,1880636,1880214,422
136494601,28.5299,27.9502,423,42618,0.0489764,0.05,1,1880663,1880240,423
136497521,30.506,31.19,422,42668,0.0177953,0.05,1,1880694,1880272,422
136500441,28.5012,25.438,426,42717,0.0115591,0.05,1,1880722,1880296,426
136503361,19.3002,20.2876,424,42766,0.0743118,0.03,1,1880739,1880315,424
136506281,25.46,26.4575,423,42815,0.0868624,0.07,1,1880766,1880343,423
136509201,25.892,26.0915,423,42864,0.0573725,0.03,1,1880792,1880369,423
136512121,47.5784,47.6183,423,42913,0.0194745,0.09,1,1880845,1880422,423
136515041,30.3157,28.7237,425,42962,0.0598949,0.05,1,1880871,1880446,425
136517961,25.2631,27.3447,422,43011,0.051979,0.05,1,1880895,1880473,422
136520881,31.4526,5.46895,455,43060,0.0343958,0.05,1,1880928,1880473,455
136523801,27.0905,27.4938,448,43109,0.0308792,0.05,1,1880954,1880506,448
136526721,27.0181,26.2988,449,43158,0.0301758,0.09,1,1880981,1880532,449
136529641,41.4036,26.0598,468,43207,0.0940352,0.11,1,1881026,1880558,468
136532561,33.0807,41.212,454,43256,0.090807,0.03,1,1881057,1880603,454
136535481,28.2161,34.6424,448,43305,0.0741614,0.05,1,1881084,1880636,448
136538401,31.2432,28.5285,453,43354,0.0388323,0.01,1,1881116,1880663,453
136541321,30.2486,30.5057,452,43403,0.0317665,0.01,1,1881146,1880694,452
136544241,18.8497,28.5011,440,43452,0.0463533,0.09,1,1881162,1880722,440
136547161,26.9699,19.3002,452,43501,0.0652707,0.09,1,1881191,1880739,452
136550081,24.594,25.46,449,43550,0.0690541,0.05,1,1881215,1880766,449
136553001,45.7188,25.892,474,43598,0.0538108,0.01,1,1881266,1880792,474
136555921,30.7438,47.5784,448,43646,0.0667622,0.07,1,1881293,1880845,448
136558841,26.1488,30.3157,447,43694,0.0693524,0.05,1,1881318,1880871,447
136561761,30.8298,25.2631,455,43742,0.0858705,0.03,1,1881350,1880895,455
136564681,26.966,31.4526,448,43790,0.0891741,0.03,1,1881376,1880928,448
136567601,26.9932,27.0905,449,43838,0.0898348,0.03,1,1881403,1880954,449
136570521,44.5986,27.0181,471,43886,0.137967,0.11,1,1881452,1880981,471
136573441,31.3197,41.4036,454,43934,0.147593,0.09,1,1881480,1881026,454
136576361,27.0639,33.0807,449,43982,0.165519,0.07,1,1881506,1881057,449
136579281,31.8128,28.2161,455,44030,0.201104,0.03,1,1881539,1881084,455
136582201,30.3626,31.2432,453,44078,0.176221,0.03,1,1881569,1881116,453
136585121,18.8725,30.2486,439,44126,0.139244,0.05,1,1881585,1881146,439
136588041,27.7745,18.8497,453,44174,0.0998488,0.07,1,1881615,1881162,453
136590961,24.7549,26.9699,448,44222,0.0919698,0.07,1,1881639,1881191,448
136593881,44.951,24.594,474,44270,0.106394,0.05,1,1881689,1881215,474
136596801,32.1902,45.7188,452,44318,0.141279,0.07,1,1881718,1881266,452
136599721,25.638,30.7438,449,44366,0.148256,0.07,1,1881742,1881293,449
136602641,31.5276,26.1488,457,44414,0.181651,0.09,1,1881775,1881318,457
136605561,27.1055,30.8298,451,44461,0.20433,0.09,1,1881801,1881350,451
136608481,7.0211,26.966,427,44508,0.208866,0.09,1,1881803,1881376,427
136611401,22.2042,26.9932,426,44555,0.257773,0.15,1,1881829,1881403,426
136614321,46.0408,44.5986,429,44602,0.235555,0.15,1,1881881,1881452,429
136617241,31.6082,31.3197,429,44649,0.247111,0.17,1,1881909,1881480,429
136620161,27.9216,27.0639,430,44696,0.233422,0.21,1,1881936,1881506,430
136623081,31.9843,31.8128,430,44743,0.230684,0.17,1,1881969,1881539,430
136626001,28.7969,30.3626,428,44790,0.278137,0.13,1,1881997,1881569,428
136628921,18.5594,18.8725,428,44837,0.287627,0.09,1,1882013,1881585,428
136631841,26.1119,27.7745,426,44884,0.305525,0.09,1,1882041,1881615,426
136634761,24.4224,24.7549,426,44931,0.309105,0.11,1,1882065,1881639,426
136637681,45.6845,44.951,427,44978,0.325821,0.15,1,1882116,1881689,427
136640601,33.9369,32.1902,429,45025,0.329164,0.15,1,1882147,1881718,429
136643521,26.7874,25.638,430,45072,0.313833,0.19,1,1882172,1881742,430
136646441,33.3575,31.5276,432,45119,0.326767,0.21,1,1882207,1881775,432
136649361,27.4715,27.1055,432,45166,0.361353,0.21,1,1882233,1881801,432
136652281,7.0943,7.0211,432,45213,0.336271,0.27,1,1882235,1881803,432
136655201,23.0189,22.2042,433,45260,0.379254,0.23,1,1882262,1881829,433
136658121,44.6038,46.0408,431,45307,0.355851,0.25,1,1882312,1881881,431
136661041,32.1208,31.6082,432,45354,0.43117,0.23,1,1882341,1881909,432
136663961,27.2242,27.9216,431,45400,0.462234,0.23,1,1882367,1881936,431
136666881,34.2448,31.9843,434,45446,0.452447,0.29,1,1882403,1881969,434
136669801,29.249,28.7969,434,45492,0.514489,0.29,1,1882431,1881997,434
136672721,18.6498,18.5594,434,45538,0.526898,0.31,1,1882447,1882013,434
136675641,26.93,26.1119,435,45584,0.54538,0.31,1,1882476,1882041,435
136678561,25.386,24.4224,436,45630,0.549076,0.33,1,1882501,1882065,436
136681481,46.6772,45.6845,437,45676,0.581815,0.33,1,1882553,1882116,437
136684401,34.9354,33.9369,438,45722,0.588363,0.31,1,1882585,1882147,438
136687321,26.1871,26.7874,437,45768,0.589673,0.33,1,1882609,1882172,437
136690241,34.0374,33.3575,438,45814,0.589935,0.37,1,1882645,1882207,438
136693161,28.4075,27.4715,439,45860,0.637987,0.33,1,1882672,1882233,439
136696081,7.2815,7.0943,439,45906,0.663597,0.33,1,1882674,1882235,439
136699001,22.2563,1.41886,465,45952,0.636719,0.39,1,1882700,1882235,465
136701921,45.2513,21.8838,489,45998,0.615344,0.35,1,1882751,1882262,489
136704841,33.8503,44.3768,470,46044,0.595069,0.45,1,1882782,1882312,470
136707761,29.17,32.0754,469,46090,0.607014,0.47,1,1882810,1882341,469
136710681,35.434,27.2151,480,46136,0.625403,0.45,1,1882847,1882367,480
136713601,30.2868,34.243,473,46182,0.661081,0.53,1,1882876,1882403,473
136716521,18.8574,29.2486,461,46228,0.668216,0.53,1,1882892,1882431,461
136719441,28.5715,18.6497,476,46274,0.653643,0.55,1,1882923,1882447,476
136722361,26.5143,26.9299,473,46320,0.714729,0.55,1,1882949,1882476,473
136725281,48.5029,25.386,502,46366,0.742946,0.59,1,1883003,1882501,502
136728201,35.3006,46.6772,482,46411,0.764589,0.59,2,1883035,1882553,482
136731121,26.2601,34.9354,474,46456,0.784918,0.59,2,1883059,1882585,474
136734041,34.852,26.1871,487,46501,0.772984,0.59,2,1883096,1882609,487
136736961,29.3704,34.0374,479,46546,0.786597,0.65,2,1883124,1882645,479
136739881,7.47408,28.4075,454,46591,0.789319,0.67,2,1883126,1882672,454
136742801,22.2948,7.2815,478,46636,0.789864,0.63,2,1883152,1882674,478
136745721,44.459,22.2563,502,46681,0.789973,0.61,2,1883202,1882700,502
136748641,32.8918,45.2513,481,46726,0.821995,0.59,2,1883232,1882751,481
136751561,31.3784,33.8503,481,46771,0.844399,0.61,2,1883263,1882782,481
136754481,36.6757,29.17,491,46816,0.86488,0.63,2,1883301,1882810,491
136757401,30.5351,35.434,483,46861,0.884976,0.67,2,1883330,1882847,483
136760321,18.907,30.2868,470,46906,0.888995,0.67,2,1883346,1882876,470
136763241,29.3814,18.8574,486,46951,0.921799,0.65,2,1883378,1882892,486
136777841,36,24,496,47176,0.91,0.77,2,1883555,1883059,496
136780761,30.4,34.4,488,47221,0.894,0.79,2,1883584,1883096,488
136783681,7.68,29.28,462,47266,0.8908,0.79,2,1883586,1883124,462
136786601,22.336,7.456,486,47311,0.90616,0.79,2,1883612,1883126,486
136789521,44.4672,22.2912,510,47356,0.925232,0.79,2,1883662,1883152,510
136792441,10.4934,44.4582,462,47401,0.929046,0.83,2,1883664,1883202,462
136985161,26,23,520,50247,0.91,1,2,1885644,1885124,520
136988081,22,30.2,509,50289,0.846,1,2,1885665,1885156,509
136991001,10.8,29.24,488,50331,0.8652,1,2,1885673,1885185,488
136993921,25.36,37.048,478,50373,0.88504,1,2,1885702,1885224,478
136996841,23.472,28.2096,475,50415,0.793008,1,2,1885725,1885250,475
136999761,31.0944,33.6419,473,50457,0.758602,1,2,1885758,1885285,473
137002681,31.8189,32.3284,473,50499,0.79972,1,2,1885790,1885317,473
137005601,41.5638,41.6657,473,50541,0.743944,0.99,1,1885834,1885361,473
137008521,36.3128,37.9331,471,50583,0.684789,0.93,1,1885869,1885398,471
137011441,33.6626,35.5866,469,50625,0.688958,0.97,1,1885902,1885433,469
137014361,27.5325,27.1173,470,50667,0.721792,0.95,1,1885928,1885458,470
137017281,23.1065,23.8235,469,50709,0.648358,0.89,1,1885950,1885481,469
137020201,26.2213,27.9647,467,50751,0.697672,0.95,1,1885977,1885510,467
137023121,26.8443,27.9929,466,50793,0.707534,1,1,1886004,1885538,466
137026041,22.9689,21.5986,468,50834,0.709507,0.95,1,1886026,1885558,468
137028961,22.9938,25.1197,465,50875,0.725901,0.89,1,1886049,1885584,465
137031881,30.1988,32.2239,463,50916,0.76118,0.91,2,1886081,1885618,463
137034801,29.2398,27.2448,466,50957,0.736236,0.83,1,1886110,1885644,466
137037721,21.0479,22.249,464,50998,0.747247,0.87,1,1886129,1885665,464
137040641,9.00959,10.8498,462,51039,0.749449,0.89,1,1886135,1885673,462
137043561,23.4019,25.37,460,51080,0.76589,0.77,2,1886162,1885702,460
137046481,23.0804,23.474,460,51121,0.833178,0.75,2,1886185,1885725,460
137049401,31.8161,31.0948,461,51162,0.814636,0.81,2,1886219,1885758,461
137052321,31.1632,31.819,460,51203,0.874927,0.73,2,1886250,1885790,460
137055241,39.0326,41.5638,457,51244,0.870985,0.67,2,1886291,1885834,457
137058161,34.2065,36.3128,455,51285,0.886197,0.69,2,1886324,1885869,455
137061081,33.2413,33.6626,455,51326,0.921239,0.73,2,1886357,1885902,455
137064001,26.6483,27.5325,454,51367,0.928248,0.63,2,1886382,1885928,454
137066921,22.1297,23.1065,453,51408,0.89765,0.71,2,1886403,1885950,453
137069841,27.6259,26.2213,455,51449,0.90753,0.71,2,1886432,1885977,455
137072761,27.9252,26.8443,456,51490,0.925506,0.71,2,1886460,1886004,456
137075681,23.985,22.9689,457,51531,0.913101,0.73,2,1886483,1886026,457
137078601,23.197,22.9938,457,51572,0.92662,0.77,2,1886506,1886049,457
137287381,46,37,506,24990,0.57,0.98,1,1888558,1888052,506
137290301,66,69,500,25075,0.602,0.9,1,1888629,1888129,500
137293221,54.8,40.2,519,25160,0.6244,0.8,1,1888681,1888162,519
137296141,63.76,93.64,478,25244,0.62888,0.81,1,1888747,1888269,478
137299061,86.352,61.928,516,25328,0.661776,0.67,1,1888839,1888323,516
137301981,39.6704,70.7856,471,25412,0.668355,0.63,1,1888867,1888396,471
137304901,35.9341,42.1571,471,25495,0.701671,0.65,1,1888902,1888431,471
137307821,55.9868,31.6314,503,25578,0.724334,0.57,1,1888963,1888460,503
137310741,49.5974,47.9263,499,25661,0.744867,0.57,1,1889011,1888512,499
137313661,65.1195,46.3853,522,25744,0.812973,0.61,2,1889080,1888558,522
137316581,55.4239,66.077,504,25826,0.842595,0.63,2,1889133,1888629,504
137319501,62.2848,54.8154,516,25908,0.848519,0.63,2,1889197,1888681,516
137322421,89.257,63.7631,546,25990,0.913704,0.67,2,1889293,1888747,546
137447981,37,70,511,29291,0.89,1,2,1891551,1891040,511
137450901,85,49.2,564,29363,0.794,1,2,1891648,1891084,564
137453821,71.4,96.24,524,29435,0.7588,1,2,1891716,1891192,524
137456741,42.28,50.448,520,29507,0.83176,0.97,2,1891751,1891231,520
137459661,34.856,45.2896,509,29579,0.846352,1,2,1891784,1891275,509
137462581,34.9712,34.6579,512,29651,0.83327,0.96,2,1891819,1891307,512
137465501,43.7942,37.3316,520,29722,0.798654,1,2,1891865,1891345,520
137468421,39.9588,49.0663,507,29793,0.823731,0.95,2,1891904,1891397,507
137471341,14.3918,39.4133,478,29864,0.796746,0.91,2,1891912,1891434,478
137474261,54.0784,71.8827,462,29935,0.839349,0.89,2,1891976,1891514,462
137477181,38.8157,43.9765,460,30006,0.87987,0.77,2,1892011,1891551,460
137480101,88.5631,86.3953,464,30077,0.871974,0.75,2,1892112,1891648,464
137608581,35,36,494,33030,0.59,1,1,1894148,1893654,494
137611501,38.2,49.6,480,33094,0.478,1,1,1894187,1893707,480
137614421,32.44,35.52,479,33158,0.3436,1,1,1894218,1893739,479
137617341,52.088,39.104,496,33222,0.17272,1,1,1894275,1893779,496
137620261,29.6176,31.0208,491,33286,0.106544,1,1,1894299,1893808,491
137623181,35.5235,38.2042,488,33350,0.0213088,1,1,1894336,1893848,488
137626101,31.1047,35.6408,483,33413,0.0442618,0.99,1,1894366,1893883,483
137629021,29.4209,29.5282,484,33476,0.00885235,0.99,1,1894395,1893911,484
137631941,69.8842,79.5056,472,33539,0.0257705,0.93,1,1894475,1894003,472
137634861,67.5768,75.9011,464,33602,0.0291541,0.81,1,1894542,1894078,464
137637781,38.3154,43.1802,460,33665,0.0618308,0.59,1,1894573,1894113,460
137640701,29.2631,36.636,452,33728,0.0683662,0.45,1,1894600,1894148,452
137643621,31.4526,38.5272,445,33791,0.0696732,0.31,1,1894632,1894187,445
137646541,26.2905,32.5054,439,33854,0.0219346,0.13,1,1894657,1894218,439
137649461,38.8581,52.1011,424,33916,0.0603869,0.09,1,1894699,1894275,424
137652381,25.3716,29.6202,422,33978,0.0840774,0,1,1894721,1894299,422
137655301,41.0743,35.524,430,34040,0.0408155,0.05,1,1894766,1894336,430
137658221,29.0149,31.1048,426,34102,0.0321631,0,1,1894792,1894366,426
137661141,27.403,29.421,424,34164,0.0144326,0.03,1,1894819,1894395,424
137664061,67.8806,69.8842,422,34226,0.0908865,0.03,1,1894897,1894475,422
137666981,66.3761,13.9768,488,34288,0.0261773,0.03,1,1894963,1894475,488
137669901,38.0752,56.3954,452,34350,0.0612355,0.07,1,1894994,1894542,452
137672821,29.215,36.0791,448,34412,0.0362471,0.07,1,1895021,1894573,448
137675741,31.443,28.8158,453,34473,0.0312494,0.07,1,1895053,1894600,453
137678661,26.2886,31.3632,446,34534,0.0942499,0.01,1,1895078,1894632,446
137681581,39.6577,26.2726,464,34595,0.05885,0.07,1,1895121,1894657,464
137684501,24.7315,38.8545,443,34656,0.03577,0.09,1,1895142,1894699,443
137687421,43.3463,25.3709,469,34717,0.047154,0.03,1,1895190,1894721,469
137690341,27.8693,41.0742,448,34778,0.0334308,0.03,1,1895214,1894766,448
137693261,26.3739,29.0148,448,34839,0.0146862,0.01,1,1895240,1894792,448
137696181,67.6748,27.403,499,34900,0.0589372,0.11,1,1895318,1894819,499
137699101,66.335,67.8806,487,34961,0.0197874,0.01,1,1895384,1894897,487
137702021,38.067,66.3761,452,35021,0.0439575,0.07,1,1895415,1894963,452
137704941,33.2134,38.0752,453,35081,0.0647915,0.03,1,1895447,1894994,453
137707861,29.8427,29.215,455,35141,0.0689583,0.03,1,1895476,1895021,455
137710781,28.3685,31.443,451,35201,0.0697917,0.11,1,1895504,1895053,451
137713701,37.6737,26.2886,466,35261,0.0859583,0.05,1,1895544,1895078,466
137716621,22.7347,39.6577,442,35321,0.0731917,0.03,1,1895563,1895121,442
137719541,45.3469,24.7315,472,35381,0.0386383,0.05,1,1895614,1895142,472
137722461,26.6694,43.3463,446,35441,0.0317277,0.03,1,1895636,1895190,446
137725381,26.1339,27.8693,448,35501,0.0303455,0.01,1,1895662,1895214,448
137728301,69.2268,26.3739,502,35561,0.0460691,0.07,1,1895742,1895240,502
137731221,65.0454,67.6748,488,35620,0.0332138,0.01,1,1895806,1895318,488
137734141,38.6091,66.335,454,35679,0.0466428,0.05,1,1895838,1895384,454
137737061,9.32181,38.067,425,35738,0.0493286,0.07,1,1895840,1895415,425
137739981,27.4644,33.2134,425,35797,0.0658657,0.07,1,1895872,1895447,425
137742901,30.2929,29.8427,427,35856,0.0691731,0.07,1,1895903,1895476,427
137745821,26.8586,28.3685,425,35915,0.133835,0.09,1,1895929,1895504,425
137748741,38.1717,37.6737,426,35974,0.146767,0.07,1,1895970,1895544,426
137751661,22.0343,22.7347,425,36033,0.165353,0.03,1,1895988,1895563,425
137754581,43.6069,45.3469,423,36092,0.0730707,0.03,1,1896037,1895614,423
137757501,27.1214,26.6694,424,36151,0.0546141,0.03,1,1896060,1895636,424
137760421,24.6243,26.1339,422,36209,0.0509228,0.05,1,1896084,1895662,422
137763341,70.5249,69.2268,424,36267,0.0181846,0.03,1,1896166,1895742,424
137766261,64.505,65.0454,423,36325,0.0116369,0.05,1,1896229,1895806,423
137769181,40.101,38.6091,425,36383,0.0263274,0.05,1,1896263,1895838,425
137772101,9.6202,9.32181,425,36441,0.0292655,0.07,1,1896265,1895840,425
137775021,28.324,27.4644,426,36499,0.0298531,0.07,1,1896298,1895872,426
137777941,29.6648,30.2929,425,36557,0.0619706,0.15,1,1896328,1895903,425
137780861,29.133,26.8586,428,36615,0.0523941,0.15,1,1896357,1895929,428
137783781,38.6266,38.1717,428,36673,0.0344788,0.17,1,1896398,1895970,428
137786701,22.9253,22.0343,429,36731,0.0628958,0.05,1,1896417,1895988,429
137789621,38.9851,43.6069,423,36789,0.0845792,0.05,1,1896460,1896037,423
137792541,26.997,27.1214,424,36846,0.0889158,0.05,1,1896484,1896060,424
137795461,23.7994,24.6243,423,36903,0.105783,0.01,1,1896507,1896084,423
137798381,70.3599,70.5249,423,36960,0.141157,0.01,1,1896589,1896166,423
137801301,63.672,64.505,422,37017,0.0522313,0.03,1,1896651,1896229,422
137804221,39.9344,40.101,422,37074,0.0344463,0.03,1,1896685,1896263,422
137807141,9.58688,9.6202,422,37131,0.0308893,0.03,1,1896687,1896265,422
137810061,28.3174,28.324,422,37188,0.0301779,0.03,1,1896720,1896298,422
137812981,29.6635,5.66481,452,37245,0.0300356,0.07,1,1896750,1896298,452
137815901,28.3327,25.133,450,37302,0.0460071,0.05,1,1896778,1896328,450
137818821,40.0665,28.2266,464,37359,0.0812014,0.03,1,1896821,1896357,464
137821741,24.0133,38.4453,443,37416,0.15224,0.07,1,1896841,1896398,443
137824661,40.0027,22.8891,468,37472,0.182448,0.09,1,1896885,1896417,468
137827581,27.2005,38.9778,449,37528,0.18849,0.09,1,1896909,1896460,449
137830501,24.6401,26.9956,449,37584,0.221698,0.11,1,1896933,1896484,449
137833421,70.528,23.7991,508,37640,0.26034,0.15,1,1897015,1896507,508
137836341,59.7056,70.3598,483,37696,0.300068,0.03,1,1897072,1896589,483
137839261,39.1411,63.672,455,37752,0.276014,0.03,1,1897106,1896651,455
137842181,9.42822,39.9344,423,37808,0.303203,0.03,1,1897108,1896685,423
137845101,28.2856,9.58688,454,37864,0.260641,0.03,1,1897141,1896687,454
137848021,30.4571,28.3174,452,37920,0.252128,0.03,1,1897172,1896720,452
137850941,29.2914,29.6635,451,37976,0.282426,0.05,1,1897201,1896750,451
137853861,44.2583,28.3327,471,38032,0.320485,0.09,1,1897249,1896778,471
137856781,25.6517,40.0665,449,38088,0.360097,0.17,1,1897270,1896821,449
137859701,41.1303,24.0133,474,38143,0.352019,0.19,1,1897315,1896841,474
137862621,28.2261,40.0027,455,38198,0.366404,0.19,1,1897340,1896885,455
137865541,25.6452,27.2005,456,38253,0.321281,0.23,1,1897365,1896909,456
137868461,72.329,24.6401,516,38308,0.312256,0.27,1,1897449,1896933,516
137871381,60.0658,70.528,491,38363,0.326451,0.31,1,1897506,1897015,491
137874301,39.2132,59.7056,468,38418,0.32929,0.27,1,1897540,1897072,468
137877221,9.44263,39.1411,436,38473,0.329858,0.31,1,1897542,1897106,436
137880141,27.4885,9.42822,466,38528,0.345972,0.25,1,1897574,1897108,466
137883061,30.2977,28.2856,464,38583,0.365194,0.25,1,1897605,1897141,464
137885981,7.65954,30.4571,435,38638,0.369039,0.29,1,1897607,1897172,435
137888901,25.5319,29.2914,436,38693,0.401808,0.33,1,1897637,1897201,436
137891821,45.9064,44.2583,439,38748,0.424362,0.37,1,1897688,1897249,439
137894741,26.7813,25.6517,440,38803,0.428872,0.35,1,1897710,1897270,440
137897661,40.5563,41.1303,439,38857,0.445774,0.37,1,1897754,1897315,439
137900581,27.3113,28.2261,438,38911,0.481155,0.31,1,1897778,1897340,438
137903501,24.6623,25.6452,437,38965,0.456231,0.31,1,1897802,1897365,437
137906421,72.9324,72.329,438,39019,0.467246,0.33,1,1897887,1897449,438
137909341,60.1865,60.0658,438,39073,0.533449,0.33,1,1897944,1897506,438
137912261,39.2373,39.2132,438,39127,0.57869,0.33,1,1897978,1897540,438
137915181,9.44746,9.44263,438,39181,0.555738,0.35,1,1897980,1897542,438
137918101,28.2895,27.4885,439,39235,0.583148,0.37,1,1898013,1897574,439
137921021,31.2579,30.2977,440,39289,0.58863,0.37,1,1898045,1897605,440
137923941,7.85158,7.65954,440,39343,0.557726,0.41,1,1898047,1897607,440
137926861,25.5703,25.5319,440,39397,0.599545,0.43,1,1898077,1897637,440
137929781,46.7141,45.9064,441,39451,0.575909,0.43,1,1898129,1897688,441
137932701,28.5428,26.7813,443,39505,0.571182,0.45,1,1898153,1897710,443
137935621,41.7086,40.5563,444,39558,0.554236,0.49,1,1898198,1897754,444
137938541,27.5417,27.3113,444,39611,0.550847,0.45,1,1898222,1897778,444
137941461,25.5083,24.6623,445,39664,0.582169,0.47,1,1898247,1897802,445
137944381,73.1017,72.9324,445,39717,0.572434,0.55,1,1898332,1897887,445
137947301,63.4203,60.1865,449,39770,0.650487,0.59,1,1898393,1897944,449
137950221,39.8841,39.2373,449,39823,0.666097,0.55,1,1898427,1897978,449
137953141,9.57681,9.44746,449,39876,0.701219,0.59,1,1898429,1897980,449
137956061,28.3154,28.2895,449,39929,0.740244,0.59,1,1898462,1898013,449
137958981,31.2631,31.2579,449,39982,0.780049,0.55,2,1898494,1898045,449
137961901,7.85261,7.85158,449,40035,0.78801,0.61,2,1898496,1898047,449
137964821,27.1705,25.5703,451,40088,0.757602,0.61,2,1898528,1898077,451
137967741,45.4341,5.11406,501,40141,0.75152,0.57,2,1898578,1898077,501
137970661,26.6868,42.6228,471,40194,0.750304,0.57,2,1898600,1898129,471
137973581,42.1374,27.7246,493,40247,0.766061,0.55,2,1898646,1898153,493
137976501,27.6275,41.5449,472,40299,0.801212,0.55,2,1898670,1898198,472
137979421,27.1255,27.509,475,40351,0.856242,0.59,2,1898697,1898222,475
137982341,72.6251,25.5018,534,40403,0.883249,0.57,2,1898781,1898247,534
137985261,67.325,73.1004,515,40455,0.90465,0.67,2,1898847,1898332,515
137988181,40.665,63.4201,488,40507,0.92493,0.67,2,1898881,1898393,488
137991101,9.733,39.884,456,40559,0.928986,0.71,2,1898883,1898427,456
138170681,166,91,549,19818,0.83,0.89,2,1901262,1900713,549
138173601,82,113.4,491,19925,0.798,0.81,2,1901323,1900832,491
138176521,49.2,71.48,471,20031,0.8236,0.81,2,1901364,1900893,471
138179441,40.24,36.696,481,20137,0.78072,0.81,2,1901402,1900921,481
138182361,56.048,35.3392,506,20242,0.804144,0.79,2,1901462,1900956,506
138185281,48.0096,60.6678,485,20347,0.824829,0.75,2,1901508,1901023,485
138188201,182.402,70.5336,628,20451,0.908966,0.83,2,1901724,1901096,628
138284561,71,56,533,23633,0.69,1,1,1903881,1903348,533
138287481,36.6,49.6,513,23723,0.594,1,1,1903909,1903396,513
138290401,160.92,35.52,673,23812,0.1748,0.97,1,1904101,1903428,673
138293321,63.384,164.704,515,23901,0.04296,0.95,1,1904140,1903625,515
138296241,30.2768,69.7408,491,23990,0.048592,0.97,1,1904162,1903671,491
138299161,19.6554,45.1482,469,24078,0.0497184,0.89,1,1904179,1903710,469
138302081,51.9311,62.6296,462,24166,0.0179437,0.87,1,1904239,1903777,462
138305001,33.5862,38.9259,458,24254,0.0275887,0.69,1,1904268,1903810,458
138307921,57.9172,64.5852,451,24341,0.0455177,0.57,1,1904332,1903881,451
138310841,30.7834,35.317,447,24428,0.0491036,0.07,1,1904356,1903909,447
138313761,142.157,160.663,425,24515,0.145821,0.01,1,1904526,1904101,425
138316681,60.4313,63.3327,426,24601,0.101164,0.05,1,1904566,1904140,426
138319601,28.0863,30.2665,424,24687,0.124233,0.05,1,1904586,1904162,424
138322521,17.6173,19.6533,422,24773,0.144847,0.01,1,1904601,1904179,422
138325441,51.5235,51.9307,422,24859,0.116969,0.03,1,1904661,1904239,422
138328361,33.5047,33.5861,422,24944,0.143394,0.05,1,1904690,1904268,422
138331281,57.9009,57.9172,422,25029,0.100679,0.05,1,1904754,1904332,422
138334201,32.3802,30.7834,424,25114,0.0921358,0.17,1,1904780,1904356,424
138337121,145.676,142.157,428,25198,0.250427,0.09,1,1904954,1904526,428
138340041,61.1352,60.4313,428,25282,0.282085,0.13,1,1904994,1904566,428
138342961,26.627,28.0863,426,25366,0.288417,0.15,1,1905012,1904586,426
138345881,17.3254,17.6173,426,25450,0.305683,0.15,1,1905027,1904601,426
138348801,51.4651,3.52345,486,25533,0.293137,0.11,1,1905087,1904601,486
138351721,33.493,48.7047,455,25616,0.338627,0.15,1,1905116,1904661,455
138354641,57.0986,32.9409,489,25699,0.331725,0.09,1,1905179,1904690,489
138357561,33.0197,57.7882,452,25781,0.314345,0.09,1,1905206,1904754,452
138360481,153.004,32.3576,609,25863,0.326869,0.29,1,1905389,1904780,609
138363401,62.6008,145.672,475,25945,0.345374,0.29,1,1905429,1904954,475
138366321,26.9202,61.1343,453,26027,0.349075,0.29,1,1905447,1904994,453
138369241,17.384,26.6269,450,26108,0.333815,0.31,1,1905462,1905012,450
138372161,53.0768,17.3254,497,26189,0.346763,0.29,1,1905524,1905027,497
138375081,34.6154,51.4651,467,26270,0.365353,0.35,1,1905554,1905087,467
138378001,56.5231,33.493,500,26351,0.385071,0.33,1,1905616,1905116,500
138380921,32.1046,57.0986,463,26431,0.389014,0.31,1,1905642,1905179,463
138383841,154.421,33.0197,621,26511,0.501803,0.33,1,1905827,1905206,621
138386761,62.8842,153.004,478,26591,0.492361,0.35,1,1905867,1905389,478
138389681,26.9768,62.6008,456,26671,0.506472,0.35,1,1905885,1905429,456
138392601,16.5954,26.9202,452,26750,0.509294,0.33,1,1905899,1905447,452
138395521,53.7191,17.384,500,26829,0.573859,0.35,1,1905962,1905462,500
138398441,35.5438,53.0768,469,26908,0.570772,0.37,1,1905993,1905524,469
138401361,8.70876,34.6154,441,26987,0.570154,0.39,1,1905995,1905554,441
138404281,51.3418,56.5231,441,27065,0.618031,0.39,1,1906057,1905616,441
138407201,31.0684,32.1046,441,27143,0.627606,0.53,1,1906083,1905642,441
138410121,158.214,154.421,446,27221,0.661521,0.49,1,1906273,1905827,446
138413041,63.6427,62.8842,446,27299,0.716304,0.51,1,1906313,1905867,446
138415961,27.9285,26.9768,447,27377,0.743261,0.51,1,1906332,1905885,447
138418881,16.7857,16.5954,447,27454,0.764652,0.59,2,1906346,1905899,447
138421801,56.9571,53.7191,451,27531,0.81693,0.57,2,1906413,1905962,451
138424721,35.3914,35.5438,450,27608,0.843386,0.57,2,1906443,1905993,450
138427641,8.67829,8.70876,450,27685,0.848677,0.63,2,1906445,1905995,450
138430561,52.1357,51.3418,451,27761,0.897735,0.63,2,1906508,1906057,451
138433481,32.0271,31.0684,452,27837,0.923547,0.67,2,1906535,1906083,452
138553201,41,34,494,30799,0.71,1,1,1908718,1908224,494
138556121,36.2,22,510,30868,0.694,1,1,1908753,1908243,510
138559041,28.84,43.6,488,30937,0.7068,1,1,1908780,1908292,488
138561961,51.368,45.52,499,31005,0.70936,1,1,1908837,1908338,499
138564881,31.0736,16.304,516,31073,0.629872,1,1,1908863,1908347,516
138567801,25.4147,38.4608,496,31141,0.645974,0.99,1,1908887,1908391,496
138570721,15.4829,31.6922,479,31209,0.713195,1,1,1908900,1908421,479
138573641,24.6966,23.1384,485,31277,0.758639,1,2,1908927,1908442,485
138576561,137.739,4.62769,651,31345,0.799728,0.81,2,1909093,1908442,651
138579481,62.7479,147.326,512,31413,0.823946,0.75,2,1909137,1908625,512
138582401,38.9496,71.0651,493,31480,0.812789,0.71,2,1909170,1908677,493
138585321,35.7899,47.013,487,31547,0.858558,0.69,2,1909205,1908718,487
138588241,28.758,37.4026,479,31614,0.867712,0.71,2,1909232,1908753,479
138591161,53.7516,29.0805,512,31681,0.869542,0.71,2,1909292,1908780,512
138594081,31.5503,51.4161,481,31748,0.869908,0.61,2,1909318,1908837,481
138597001,25.5101,31.0832,479,31815,0.901982,0.65,2,1909342,1908863,479
138599921,17.902,25.4166,471,31881,0.876396,0.73,2,1909358,1908887,471
138602841,21.1804,15.4833,480,31947,0.871279,0.77,2,1909380,1908900,480
138605761,143.436,24.6967,627,32013,0.870256,0.81,2,1909554,1908927,627
138608681,64.6872,137.739,506,32079,0.918051,0.83,2,1909599,1909093,506
138611601,38.5374,62.7479,494,32145,0.94361,0.81,2,1909631,1909137,494
138763441,585,691,441,14600,0.05,0.19,1,1911906,1911465,441
138766361,191.4,193.4,465,15469,0.034,0.01,1,1911999,1911534,465
138769281,116.68,97.08,490,15606,0.0148,0.01,1,1912097,1911607,490
138772201,65.736,97.816,445,15742,0.02696,0.03,1,1912150,1911705,445
138775121,55.5472,80.3632,422,15877,0.005392,0.07,1,1912203,1911781,422
138778041,111.109,112.073,427,16011,0.0730784,0.03,1,1912328,1911901,427
138780961,96.6219,100.815,422,16144,0.0706157,0.01,1,1912421,1911999,422
138783881,97.7244,98.5629,422,16276,0.0141231,0.03,1,1912519,1912097,422
138786801,61.9449,62.1126,422,16406,0.0268246,0,1,1912572,1912150,422
138789721,54.789,54.8225,422,16535,0.00536493,0.09,1,1912625,1912203,422
138792641,114.958,110.965,427,16663,0.073073,0.09,1,1912755,1912328,427
138795561,94.1916,22.1929,516,16790,0.134615,0.07,1,1912844,1912328,516
138798481,95.6383,78.8386,519,16916,0.0509229,0,1,1912940,1912421,519
138801401,61.5277,94.1677,474,17042,0.0101846,0.03,1,1912993,1912519,474
138804321,54.7055,61.2335,474,17167,0.0260369,0,1,1913046,1912572,474
138807241,118.141,54.6467,555,17291,0.0932074,0.09,1,1913180,1912625,555
138810161,98.8282,114.929,519,17414,0.138641,0.15,1,1913274,1912755,519
138813081,90.1656,94.1859,518,17536,0.195728,0.03,1,1913362,1912844,518
138816001,59.6331,95.6372,474,17657,0.0471457,0,1,1913414,1912940,474
138818921,54.3266,61.5274,474,17777,0.0174291,0.03,1,1913467,1912993,474
138821841,122.065,54.7055,560,17896,0.0594858,0.11,1,1913606,1913046,560
138824761,101.213,118.141,522,18015,0.0518972,0.15,1,1913702,1913180,522
138827681,21.8426,98.8282,430,18133,0.0503794,0.21,1,1913704,1913274,430
138830601,74.7685,90.1656,430,18250,0.0660759,0.01,1,1913792,1913362,430
138833521,50.1537,59.6331,422,18366,0.0852152,0.01,1,1913836,1913414,422
138836441,52.4307,54.3266,422,18482,0.025043,0.07,1,1913889,1913467,422
138839361,124.086,122.065,425,18597,0.0450086,0.05,1,1914031,1913606,425
138842281,100.817,101.213,424,18711,0.129002,0.05,1,1914126,1913702,424
138845201,21.7634,21.8426,424,18824,0.1138,0.07,1,1914128,1913704,424
138848121,75.5527,74.7685,425,18937,0.23876,0.09,1,1914217,1913792,425
138851041,47.9105,50.1537,422,19049,0.295752,0.01,1,1914258,1913836,422
138853961,51.9821,52.4307,422,19160,0.25915,0.05,1,1914311,1913889,422
138856881,125.596,124.086,424,19271,0.15583,0.15,1,1914455,1914031,424
138859801,103.519,100.817,427,19381,0.167166,0.11,1,1914553,1914126,427
138862721,22.3039,21.7634,427,19490,0.169433,0.27,1,1914555,1914128,427
138865641,80.4608,75.5527,433,19599,0.217887,0.27,1,1914650,1914217,433
138868561,49.6922,15.1105,475,19707,0.243577,0.31,1,1914692,1914217,475
138871481,48.3384,35.8221,482,19815,0.264715,0.25,1,1914740,1914258,482
138874401,121.668,49.5644,569,19922,0.332943,0.13,1,1914880,1914311,569
138877321,104.334,125.113,525,20028,0.394589,0.17,1,1914980,1914455,525
138880241,22.4667,103.423,429,20134,0.406918,0.17,1,1914982,1914553,429
138883161,82.8933,22.2845,525,20239,0.409384,0.23,1,1915080,1914555,525
138886081,52.5787,80.4569,475,20344,0.409877,0.25,1,1915125,1914650,475
138889001,49.7157,49.6914,482,20448,0.489975,0.27,1,1915174,1914692,482
138891921,125.143,48.3383,578,20552,0.537995,0.35,1,1915318,1914740,578
138894841,107.429,121.668,541,20655,0.531599,0.41,1,1915421,1914880,541
138897761,23.0857,104.334,443,20758,0.53032,0.41,1,1915423,1914980,443
138900681,83.8171,22.4667,540,20860,0.514064,0.41,1,1915522,1914982,540
138903601,52.7634,82.8933,487,20962,0.542813,0.41,1,1915567,1915080,487
138906521,12.1527,52.5787,444,21063,0.580563,0.51,1,1915569,1915125,444
138909441,44.0305,49.7157,447,21164,0.572113,0.55,1,1915621,1915174,447
138912361,125.606,125.143,449,21264,0.570423,0.53,1,1915767,1915318,449
138915281,106.721,107.429,448,21364,0.650085,0.53,1,1915869,1915421,448
138918201,22.9442,23.0857,448,21463,0.634017,0.51,1,1915871,1915423,448
138921121,84.5888,83.8171,449,21562,0.662803,0.55,1,1915971,1915522,449
138924041,54.5178,52.7634,451,21660,0.732561,0.59,1,1916018,1915567,451
138926961,12.5036,12.1527,451,21758,0.714512,0.57,1,1916020,1915569,451
138929881,43.3007,44.0305,450,21855,0.790902,0.57,2,1916071,1915621,450
138932801,126.26,125.606,451,21952,0.85418,0.67,2,1916218,1915767,451
138935721,108.452,106.721,453,22049,0.898836,0.63,2,1916322,1915869,453
138938641,23.2904,22.9442,453,22145,0.907767,0.67,2,1916324,1915871,453
139029161,54,64,478,24941,0.79,1,2,1918323,1917845,478
139032081,69.2,62.4,489,25026,0.726,1,1,1918396,1917907,489
139035001,32.24,22.08,500,25111,0.7772,1,2,1918419,1917919,500
139037921,31.248,37.216,490,25195,0.78744,1,2,1918450,1917960,490
139040841,103.85,116.243,476,25279,0.757488,0.91,2,1918572,1918096,476
139043761,95.9699,106.449,466,25363,0.799498,0.88,2,1918666,1918200,466
139046681,44.794,47.6897,465,25447,0.8079,0.88,2,1918698,1918233,465
139049601,33.7588,9.53794,496,25530,0.79358,0.87,2,1918729,1918233,496
139052521,51.5518,30.7076,516,25613,0.902716,0.79,2,1918785,1918269,516
139172241,33,97,515,28808,0.45,1,1,1921074,1920559,515
139175161,38.6,57,508,28881,0.402,1,1,1921114,1920606,508
139178081,50.92,39.4,527,28954,0.1684,1,1,1921168,1920641,527
139181001,27.784,49.48,497,29027,0.15368,1,1,1921190,1920693,497
139183921,40.7568,33.096,512,29100,0.102736,1,1,1921234,1920722,512
139186841,34.5514,37.0192,507,29173,0.0445472,0.9,1,1921267,1920760,507
139189761,27.7103,35.4038,498,29246,0.0649094,1,1,1921293,1920795,498
139192681,87.9421,27.0808,576,29318,0.0129819,0.79,1,1921396,1920820,576
139195601,90.3884,95.8162,554,29390,0.122596,0.55,1,1921487,1920933,554
139198521,38.8777,105.563,472,29462,0.0805193,0.45,1,1921513,1921041,472
139201441,34.1755,47.5126,472,29534,0.0881039,0.39,1,1921546,1921074,472
139204361,44.4351,41.5025,479,29606,0.121621,0.11,1,1921593,1921114,479
139207281,26.487,51.5005,447,29677,0.128324,0.15,1,1921615,1921168,447
139210201,38.0974,27.9001,466,29748,0.113665,0.09,1,1921656,1921190,466
139213121,34.8195,40.78,456,29819,0.062733,0.03,1,1921690,1921234,456
139216041,8.5639,34.556,425,29890,0.0525466,0.07,1,1921692,1921267,425
139218961,20.1128,27.7112,422,29961,0.0505093,0,1,1921715,1921293,422
139221881,87.2226,87.9422,423,30032,0.0501019,0.15,1,1921819,1921396,423
139224801,95.0445,90.3885,429,30102,0.0500204,0.07,1,1921916,1921487,429
139227721,36.6089,38.8777,425,30172,0.0660041,0.09,1,1921938,1921513,425
139230641,37.7218,34.1755,430,30242,0.0852008,0.13,1,1921976,1921546,430
139233561,45.1444,44.4351,430,30312,0.16904,0.13,1,1922023,1921593,430
139236481,25.0289,26.487,428,30382,0.169808,0.11,1,1922043,1921615,428
139239401,35.4058,38.0974,425,30452,0.217962,0.05,1,1922081,1921656,425
139242321,31.8812,34.8195,422,30521,0.195592,0.05,1,1922112,1921690,422
139245241,7.97623,8.5639,422,30590,0.159118,0.05,1,1922114,1921692,422
139248161,19.9952,20.1128,422,30659,0.167824,0.05,1,1922137,1921715,422
139251081,87.1991,87.2226,422,30728,0.185565,0.05,1,1922241,1921819,422
139254001,95.0398,95.0445,422,30797,0.221113,0.07,1,1922338,1921916,422
139256921,38.208,36.6089,424,30866,0.196223,0.09,1,1922362,1921938,424
139259841,39.6416,37.7218,426,30935,0.159245,0.19,1,1922402,1921976,426
139262761,48.7283,45.1444,430,31003,0.151849,0.17,1,1922453,1922023,430
139265681,25.7457,25.0289,430,31071,0.19837,0.23,1,1922473,1922043,430
139268601,36.3491,35.4058,431,31139,0.207674,0.19,1,1922512,1922081,431
139271521,30.4698,31.8812,429,31207,0.225535,0.15,1,1922541,1922112,429
139274441,7.69397,7.97623,429,31275,0.229107,0.17,1,1922543,1922114,429
139277361,17.5388,19.9952,426,31343,0.229821,0.17,1,1922563,1922137,426
139280281,88.3078,3.99905,532,31411,0.261964,0.19,1,1922669,1922137,532
139283201,96.8616,83.9998,527,31478,0.332393,0.23,1,1922768,1922241,527
139286121,36.9723,94.4,452,31545,0.346479,0.19,1,1922790,1922338,452
139289041,39.3945,38.08,468,31612,0.365296,0.15,1,1922830,1922362,468
139291961,49.4789,39.616,480,31679,0.337059,0.15,1,1922882,1922402,480
139294881,26.6958,48.7232,450,31746,0.363412,0.21,1,1922903,1922453,450
139297801,37.3392,25.7446,470,31813,0.352682,0.21,1,1922943,1922473,470
139300721,31.4678,36.3489,461,31880,0.414536,0.23,1,1922973,1922512,461
139303641,7.89357,30.4698,434,31946,0.426907,0.23,1,1922975,1922541,434
139306561,18.3787,7.69396,453,32012,0.461381,0.23,1,1922996,1922543,453
139309481,89.2757,17.5388,540,32078,0.452276,0.27,1,1923103,1922563,540
139312401,100.255,88.3078,537,32144,0.466455,0.35,1,1923206,1922669,537
139315321,37.651,96.8616,460,32210,0.469291,0.35,1,1923228,1922768,460
139318241,40.3302,36.9723,479,32276,0.453858,0.37,1,1923269,1922790,479
139321161,48.066,39.3945,489,32342,0.450772,0.33,1,1923319,1922830,489
139324081,26.4132,49.4789,458,32407,0.466154,0.37,1,1923340,1922882,458
139327001,38.8826,26.6958,479,32472,0.501231,0.35,1,1923382,1922903,479
139329921,34.9765,37.3392,473,32537,0.524246,0.43,1,1923416,1922943,473
139332841,8.59531,31.4678,445,32602,0.528849,0.43,1,1923418,1922973,445
139335761,19.3191,7.89357,465,32667,0.51377,0.47,1,1923440,1922975,465
139338681,89.4638,18.3787,551,32732,0.526754,0.45,1,1923547,1922996,551
139341601,19.4928,89.2757,446,32797,0.529351,0.47,1,1923549,1923103,446
139344521,85.4986,100.255,445,32861,0.56187,0.47,1,1923651,1923206,445
139347441,34.6997,37.651,445,32925,0.600374,0.45,1,1923673,1923228,445
139350361,38.9399,40.3302,444,32989,0.640075,0.45,1,1923713,1923269,444
139353281,47.788,48.066,444,33053,0.664015,0.47,1,1923763,1923319,444
139356201,27.1576,26.4132,445,33117,0.652803,0.51,1,1923785,1923340,445
139359121,39.8315,38.8826,446,33181,0.682561,0.53,1,1923828,1923382,446
139362041,35.1663,34.9765,446,33245,0.752512,0.53,2,1923862,1923416,446
139364961,8.63326,8.59531,446,33309,0.734502,0.51,1,1923864,1923418,446
139367881,20.1267,19.3191,447,33372,0.810901,0.53,2,1923887,1923440,447
139370801,90.4253,89.4638,448,33435,0.82618,0.53,2,1923995,1923547,448
139373721,19.6851,19.4928,448,33498,0.829236,0.57,2,1923997,1923549,448
139376641,87.137,85.4986,450,33561,0.877847,0.61,2,1924101,1923651,450
139379561,35.0274,34.6997,450,33624,0.935569,0.65,2,1924123,1923673,450
139502201,72,109,483,36173,0.95,1,2,1925878,1925395,483
139505121,38.4,38.6,492,36231,0.878,1,2,1925908,1925416,492
139508041,77.28,80.52,488,36289,0.7436,1,1,1925995,1925507,488
139510961,35.456,38.504,485,36347,0.68472,1,1,1926020,1925535,485
139513881,34.2912,28.5008,493,36405,0.640944,1,1,1926054,1925561,493
139516801,28.4582,26.5002,494,36463,0.632189,1,1,1926081,1925587,494
139519721,45.6916,55.7,481,36521,0.598438,1,1,1926131,1925650,481
139522641,42.7383,34.34,494,36579,0.575688,1,1,1926173,1925679,494
139525561,22.9477,28.468,485,36637,0.651138,1,1,1926191,1925706,485
139528481,26.9895,36.8936,474,36695,0.698227,0.9,1,1926219,1925745,474
139531401,25.3979,30.5787,470,36753,0.659645,0.93,1,1926244,1925774,470
139534321,29.8796,31.7157,469,36810,0.635929,0.95,1,1926275,1925806,469
139537241,62.7759,63.9432,468,36867,0.615186,0.86,1,1926346,1925878,468
139540161,33.3552,36.7886,464,36924,0.643037,0.71,1,1926372,1925908,464
139543081,68.271,76.9577,454,36981,0.696607,0.67,1,1926449,1925995,454
139546001,32.0542,35.3915,452,37038,0.723321,0.63,1,1926472,1926020,452
139548921,32.8108,34.2783,451,37095,0.696664,0.63,1,1926505,1926054,451
139551841,26.5622,28.4557,449,37152,0.707333,0.63,1,1926530,1926081,449
139554761,46.9124,5.69113,501,37209,0.725467,0.59,1,1926582,1926081,501
139557681,43.7825,41.1382,494,37266,0.713093,0.57,1,1926625,1926131,494
139560601,22.3565,41.8276,469,37323,0.742619,0.67,1,1926642,1926173,469
139563521,29.2713,22.7655,482,37380,0.796524,0.71,2,1926673,1926191,482
139566441,23.4543,26.9531,476,37437,0.807305,0.65,2,1926695,1926219,476
139569361,31.8909,25.3906,485,37493,0.809461,0.63,2,1926729,1926244,485
139572281,60.7782,29.8781,522,37549,0.825892,0.61,2,1926797,1926275,522
139575201,33.7556,62.7756,478,37605,0.861178,0.65,2,1926824,1926346,478
139578121,71.5511,33.3551,533,37661,0.916236,0.71,2,1926905,1926372,533
139581041,31.9102,68.271,478,37717,0.943247,0.73,2,1926927,1926449,478
139583961,34.382,32.0542,490,37773,0.932649,0.69,2,1926962,1926472,490
139586881,26.8764,32.8108,482,37829,0.91453,0.71,2,1926987,1926505,482
139589801,46.9753,26.5622,509,37885,0.910906,0.73,2,1927039,1926530,509
139592721,45.3951,46.9124,502,37941,0.894181,0.71,2,1927084,1926582,502
139595641,21.879,43.7825,475,37997,0.906836,0.75,2,1927100,1926625,475
139598561,31.5758,22.3565,492,38053,0.877367,0.81,2,1927134,1926642,492
139601481,23.9152,29.2713,483,38109,0.871473,0.81,2,1927156,1926673,483
139604401,31.983,23.4543,495,38164,0.886295,0.81,2,1927190,1926695,495
139607321,61.5966,31.8909,530,38219,0.873259,0.83,2,1927259,1926729,530
139610241,34.7193,60.7782,490,38274,0.870652,0.87,2,1927287,1926797,490
139765001,82,80,502,18482,0.43,0.65,1,1929395,1928893,502
139767921,77.2,84,493,18597,0.51,0.53,1,1929471,1928978,493
139770841,45.04,72.8,460,18711,0.51,0.41,1,1929508,1929048,460
139773761,63.408,70.56,458,18824,0.526,0.45,1,1929576,1929118,458
139776681,37.4816,45.312,450,18937,0.5932,0.37,1,1929607,1929157,450
139779601,125.896,133.862,442,19049,0.65464,0.43,1,1929755,1929313,442
139782521,93.1793,92.3725,445,19160,0.778928,0.53,2,1929840,1929395,445
139785441,80.2359,79.2745,446,19271,0.819786,0.51,2,1929917,1929471,446
139788361,46.4472,45.4549,447,19381,0.843957,0.53,2,1929955,1929508,447
139791281,64.4894,63.491,448,19490,0.864791,0.61,2,1930024,1929576,448
139794201,39.2979,37.4982,450,19599,0.868958,0.61,2,1930057,1929607,450
139797121,129.46,7.49964,602,19707,0.885792,0.67,2,1930209,1929607,602
139800041,98.6919,119.9,545,19815,0.889158,0.81,2,1930300,1929755,545
139802961,81.3384,91.98,537,19922,0.889832,0.83,2,1930377,1929840,537
139805881,47.4677,79.996,499,20028,0.889966,0.85,2,1930416,1929917,499
139808801,66.2935,46.3992,532,20134,0.937993,0.87,2,1930487,1929955,532
139811721,38.8587,64.4798,495,20239,0.947599,0.87,2,1930519,1930024,495
139887641,85,37,553,22807,0.39,1,1,1932393,1931840,553
139890561,51.4,72.2,515,22900,0.23,1,1,1932436,1931921,515
139893481,121.48,43.24,618,22993,0.07,1,1,1932575,1931957,618
139896401,45.896,124.648,500,23085,0.038,1,1,1932602,1932102,500
139899321,74.7792,51.3296,549,23177,0.0156,1,1,1932684,1932135,549
139902241,54.9558,76.6659,516,23268,0.04312,0.79,1,1932734,1932218,516
139905161,30.9912,59.3332,486,23359,0.032624,0.71,1,1932759,1932273,486
139908081,62.9982,39.8666,522,23450,0.0465248,0.39,1,1932830,1932308,522
139911001,37.3996,75.9733,468,23540,0.049305,0.19,1,1932861,1932393,468
139913921,115.48,49.5947,560,23630,0.033861,0.03,1,1932996,1932436,560
139916841,44.696,121.119,448,23720,0.0067722,0.03,1,1933023,1932575,448
139919761,76.9392,45.8238,506,23809,0.0253544,0.01,1,1933108,1932602,506
139922681,53.7878,74.7648,472,23898,0.0610709,0.05,1,1933156,1932684,472
139925601,31.5576,54.953,448,23987,0.0682142,0.03,1,1933182,1932734,448
139928521,7.91151,30.9906,425,24075,0.0696428,0.05,1,1933184,1932759,425
139931441,57.5823,62.9981,424,24163,0.0859286,0.05,1,1933254,1932830,424
139934361,36.3165,37.3996,424,24251,0.0891857,0.03,1,1933285,1932861,424
139937281,113.663,115.48,422,24338,0.0418371,0,1,1933418,1932996,422
139940201,45.1327,44.696,423,24425,0.0323674,0.03,1,1933446,1933023,423
139943121,77.0265,76.9392,423,24512,0.0464735,0.07,1,1933531,1933108,423
139946041,53.8053,53.7878,423,24598,0.0492947,0.07,1,1933579,1933156,423
139948961,30.7611,31.5576,422,24684,0.0658589,0.07,1,1933604,1933182,422
139951881,7.75221,7.91151,422,24770,0.0691718,0.09,1,1933606,1933184,422
139954801,59.1504,57.5823,424,24856,0.0698344,0.09,1,1933678,1933254,424
139957721,39.8301,36.3165,428,24941,0.101967,0.03,1,1933713,1933285,428
139960641,109.566,113.663,422,25026,0.0603934,0.03,1,1933840,1933418,422
139963561,44.3132,45.1327,422,25111,0.0360787,0.05,1,1933868,1933446,422
139966481,79.2626,77.0265,425,25195,0.0472157,0.05,1,1933956,1933531,425
139969401,53.4525,53.8053,424,25279,0.0974431,0.07,1,1934003,1933579,424
139972321,30.6905,30.7611,424,25363,0.123489,0.07,1,1934028,1933604,424
139975241,7.7381,7.75221,424,25447,0.128698,0.07,1,1934030,1933606,424
139978161,58.3476,1.55044,495,25530,0.11374,0.07,1,1934101,1933606,495
139981081,40.4695,57.9101,459,25613,0.174748,0.11,1,1934137,1933678,459
139984001,107.294,39.582,548,25696,0.20295,0.05,1,1934261,1933713,548
139986921,43.8588,109.516,449,25778,0.0805899,0.03,1,1934289,1933840,449
139989841,80.7718,44.3033,511,25860,0.056118,0.05,1,1934379,1933868,511
139992761,56.1544,79.2607,473,25942,0.0512236,0.11,1,1934429,1933956,473
139995681,32.0309,53.4521,452,26024,0.0662447,0.13,1,1934455,1934003,452
139998601,8.00617,30.6904,429,26105,0.0692489,0.13,1,1934457,1934028,429
140001521,59.2012,7.73808,499,26186,0.0858498,0.11,1,1934529,1934030,499
140004441,42.2402,58.3476,466,26267,0.08917,0.19,1,1934567,1934101,466
140007361,106.848,40.4695,553,26348,0.217834,0.21,1,1934690,1934137,553
140010281,37.3696,107.294,449,26428,0.243567,0.05,1,1934710,1934261,449
140013201,81.0739,43.8588,513,26508,0.200713,0.05,1,1934802,1934289,513
140016121,56.2148,80.7718,473,26588,0.208143,0.05,1,1934852,1934379,473
140019041,32.843,56.1544,450,26668,0.193629,0.07,1,1934879,1934429,450
140021961,8.16859,32.0309,426,26747,0.190726,0.07,1,1934881,1934455,426
140024881,60.0337,8.00617,497,26826,0.206145,0.09,1,1934954,1934457,497
140027801,42.4067,59.2012,463,26905,0.209229,0.09,1,1934992,1934529,463
140030721,10.0813,42.2402,427,26984,0.209846,0.25,1,1934994,1934567,427
140033641,106.016,106.848,434,27062,0.241969,0.25,1,1935124,1934690,434
140036561,37.2033,37.3696,434,27140,0.248394,0.19,1,1935144,1934710,434
140039481,78.6407,81.0739,431,27218,0.345679,0.21,1,1935233,1934802,431
140042401,56.5281,56.2148,432,27296,0.317136,0.19,1,1935284,1934852,432
140045321,32.1056,32.843,431,27374,0.311427,0.19,1,1935310,1934879,431
140048241,8.02112,8.16859,431,27451,0.342285,0.21,1,1935312,1934881,431
140051161,60.8042,60.0337,432,27528,0.396457,0.21,1,1935386,1934954,432
140054081,42.5608,42.4067,432,27605,0.455291,0.21,1,1935424,1934992,432
140057001,10.1122,10.0813,432,27682,0.435058,0.25,1,1935426,1934994,432
140059921,106.022,106.016,432,27759,0.511012,0.25,1,1935556,1935124,432
140062841,37.2045,37.2033,432,27835,0.526202,0.37,1,1935576,1935144,432
140065761,83.4409,78.6407,438,27911,0.51324,0.31,1,1935671,1935233,438
140068681,56.6882,56.5281,437,27987,0.494648,0.31,1,1935721,1935284,437
140071601,32.1376,32.1056,437,28063,0.49093,0.35,1,1935747,1935310,437
140074521,8.02753,8.02112,437,28138,0.490186,0.41,1,1935749,1935312,437
140077441,64.8055,60.8042,442,28213,0.554037,0.47,1,1935828,1935386,442
140080361,44.1611,42.5608,443,28288,0.614807,0.43,1,1935867,1935424,443
140083281,10.4322,10.1122,443,28363,0.626961,0.43,1,1935869,1935426,443
140086201,107.686,2.02243,575,28438,0.629392,0.53,1,1936001,1935426,575
140089121,37.5373,104.404,465,28512,0.645878,0.53,1,1936021,1935556,465
140092041,83.5075,36.8809,540,28586,0.681176,0.51,1,1936116,1935576,540
140094961,56.7015,83.3762,495,28660,0.704235,0.49,1,1936166,1935671,495
140097881,32.1403,56.6752,471,28734,0.724847,0.49,1,1936192,1935721,471
140100801,8.02806,32.135,447,28808,0.728969,0.49,1,1936194,1935747,447
140103721,68.0056,8.02701,528,28881,0.745794,0.57,1,1936277,1935749,528
140106641,45.6011,64.8054,489,28954,0.797159,0.63,2,1936317,1935828,489
140109561,10.7202,44.1611,452,29027,0.807432,0.63,2,1936319,1935867,452
140112481,109.344,10.4322,584,29100,0.825486,0.63,2,1936453,1935869,584
140115401,38.6688,107.686,473,29173,0.861097,0.65,2,1936474,1936001,473
140255561,92,26,583,32472,0.85,1,2,1938816,1938233,583
140258481,47.2,97.2,504,32537,0.834,1,2,1938852,1938348,504
140261401,47.04,43.44,521,32602,0.8308,1,2,1938899,1938378,521
140264321,40.608,37.488,524,32667,0.91016,1,2,1938938,1938414,524
140267241,36.9216,52.2976,504,32732,0.846032,1,2,1938974,1938470,504
140270161,32.1843,39.2595,499,32797,0.833206,1,2,1939005,1938506,499
140273081,28.8369,39.8519,487,32861,0.814641,0.97,2,1939033,1938546,487
140276001,34.5674,27.9704,498,32925,0.730928,1,1,1939069,1938571,498
140278921,32.5135,32.7941,496,32989,0.762186,0.84,2,1939101,1938605,496
140281841,60.1027,72.9588,480,33053,0.832437,0.91,2,1939168,1938688,480
140284761,32.0205,43.3918,469,33117,0.862487,0.85,2,1939193,1938724,469
140287681,76.0041,82.2784,464,33181,0.884498,0.83,2,1939280,1938816,464
140290601,44.8008,45.2557,465,33245,0.9049,0.83,2,1939317,1938852,465
140293521,44.9602,46.6511,463,33309,0.89298,0.93,2,1939362,1938899,463
140296441,39.392,40.5302,462,33372,0.922596,0.83,2,1939400,1938938,462
140451201,41,35,487,36579,0.83,1,2,1941582,1941095,487
140454121,62.6,70.2,476,36637,0.798,1,2,1941650,1941174,476
140457041,46.92,44.44,481,36695,0.7756,1,2,1941693,1941212,481
140459961,55.784,58.488,477,36753,0.75512,1,2,1941751,1941274,477
140462881,42.3568,42.0976,478,36810,0.735024,1,1,1941790,1941312,478
140465801,35.6714,31.6195,483,36867,0.667005,1,1,1941824,1941341,483
140468721,31.9343,34.3239,479,36924,0.701401,1,1,1941855,1941376,479
140471641,31.9869,34.0648,477,36981,0.74028,1,1,1941887,1941410,477
140474561,32.7974,34.813,475,37038,0.764056,0.99,2,1941920,1941445,475
140477481,25.7595,31.7626,468,37095,0.720811,0.91,1,1941944,1941476,468
140480401,25.9519,27.9525,467,37152,0.712162,0.91,1,1941970,1941503,467
140483321,37.1904,5.5905,507,37209,0.710432,0.87,1,1942010,1941503,507
140486241,37.8381,31.5181,507,37266,0.710086,0.83,1,1942048,1941541,507
140489161,58.7676,39.1036,530,37323,0.758017,0.79,2,1942112,1941582,530
140492081,40.5535,62.2207,498,37380,0.783603,0.77,2,1942148,1941650,498
140495001,54.5107,46.8441,513,37437,0.852721,0.75,2,1942206,1941693,513
140497921,40.5021,55.7688,492,37493,0.818544,0.73,2,1942243,1941751,492
140500841,38.5004,42.3538,491,37549,0.891709,0.65,2,1942281,1941790,491
140693561,35,32,512,41097,0.85,1,2,1944730,1944218,512
140696481,34.2,37.6,507,41148,0.85,1,2,1944764,1944257,507
140722761,55,59,470,41607,0.91,1,2,1945076,1944606,470
140725681,20.6,23.8,467,41658,0.91,0.93,2,1945088,1944621,467
140728601,32.12,34.36,465,41709,0.926,0.95,2,1945123,1944658,465
140909641,40,37,480,44737,0.69,1,1,1947225,1946745,480
140912561,36,28.2,489,44784,0.658,1,1,1947260,1946771,489
140915481,33.6,32.84,488,44831,0.5716,1,1,1947293,1946805,488
140918401,32.32,34.568,485,44878,0.53832,1,1,1947325,1946840,485
140921321,32.864,34.9136,483,44925,0.531664,1,1,1947358,1946875,483
140924241,33.7728,36.5827,480,44972,0.482333,1,1,1947392,1946912,480
140927161,36.3546,36.1165,481,45019,0.360467,1,1,1947429,1946948,481
140930081,32.0709,34.4233,478,45066,0.336093,0.99,1,1947460,1946982,478
140933001,28.0142,29.2847,477,45113,0.363219,1,1,1947487,1947010,477
140935921,28.0028,31.4569,473,45160,0.240644,1,1,1947515,1947042,473
140938841,28.8006,30.2914,472,45207,0.216129,0.98,1,1947544,1947072,472
140941761,21.7601,22.0583,472,45254,0.243226,0.89,1,1947564,1947092,472
140944681,18.752,23.6117,466,45301,0.280645,0.9,1,1947582,1947116,466
140947601,14.1504,15.1223,466,45348,0.272129,0.77,1,1947595,1947129,466
140950521,40.4301,47.8245,457,45395,0.254426,0.69,1,1947642,1947185,457
140953441,38.486,41.5649,455,45441,0.218885,0.65,1,1947680,1947225,455
140956361,35.6972,36.313,455,45487,0.211777,0.55,1,1947715,1947260,455
140959281,30.3394,33.6626,451,45533,0.226355,0.53,1,1947744,1947293,451
140962201,31.6679,32.3325,451,45579,0.229271,0.53,1,1947776,1947325,451
140965121,29.5336,32.8665,447,45625,0.245854,0.47,1,1947805,1947358,447
140968041,30.7067,33.7733,444,45671,0.265171,0.33,1,1947836,1947392,444
140970961,34.1413,36.3547,442,45717,0.253034,0.33,1,1947871,1947429,442
140973881,30.0283,32.0709,440,45763,0.234607,0.37,1,1947900,1947460,440
140976801,26.0057,28.0142,438,45809,0.278921,0.21,1,1947925,1947487,438
140979721,23.6011,28.0028,433,45855,0.287784,0.21,1,1947948,1947515,433
140982641,27.9202,28.8006,433,45901,0.305557,0.25,1,1947977,1947544,433
140985561,20.784,21.7601,432,45947,0.293111,0.25,1,1947996,1947564,432
140988481,19.3568,4.35202,451,45993,0.354622,0.29,1,1948015,1947564,451
140991401,15.0714,15.2704,447,46039,0.366924,0.27,1,1948029,1947582,447
140994321,36.6143,13.4541,476,46085,0.369385,0.25,1,1948071,1947595,476
140997241,39.3229,40.2908,469,46131,0.369877,0.21,1,1948111,1947642,469
141000161,34.2646,38.4582,464,46177,0.385975,0.21,1,1948144,1947680,464
141003081,32.4529,35.6916,461,46223,0.389195,0.23,1,1948176,1947715,461
141006001,31.2906,30.3383,463,46269,0.421839,0.23,1,1948207,1947744,463
141008921,31.0581,31.6677,462,46315,0.444368,0.25,1,1948238,1947776,462
141011841,30.2116,29.5335,463,46361,0.448874,0.27,1,1948268,1947805,463
141014761,33.2423,30.7067,466,46406,0.497775,0.25,1,1948302,1947836,466
141017681,31.4485,34.1413,462,46451,0.539555,0.23,1,1948333,1947871,462
141020601,26.2897,30.0283,458,46496,0.531911,0.29,1,1948358,1947900,458
141023521,25.2579,26.0057,458,46541,0.514382,0.29,1,1948383,1947925,458
141026441,29.0516,23.6011,465,46586,0.526876,0.31,1,1948413,1947948,465
141029361,21.0103,27.9202,455,46631,0.513375,0.29,1,1948432,1947977,455
141032281,21.8021,20.784,458,46676,0.510675,0.37,1,1948454,1947996,458
141035201,15.5604,19.3568,453,46721,0.526135,0.37,1,1948468,1948015,453
141038121,36.7121,15.0714,481,46766,0.529227,0.37,1,1948510,1948029,481
141041041,40.1424,36.6143,480,46811,0.545845,0.37,1,1948551,1948071,480
141043961,34.4285,39.3229,473,46856,0.565169,0.39,1,1948584,1948111,473
141046881,32.4857,34.2646,472,46901,0.569034,0.39,1,1948616,1948144,472
141049801,31.2971,32.4529,471,46946,0.585807,0.43,1,1948647,1948176,471
141052721,33.4594,31.2906,474,46991,0.605161,0.45,1,1948681,1948207,474
141055641,32.2919,31.0581,475,47036,0.609032,0.45,1,1948713,1948238,475
141058561,34.4584,30.2116,480,47081,0.609806,0.51,1,1948748,1948268,480
141061481,31.6917,33.2423,477,47126,0.641961,0.55,1,1948779,1948302,477
141064401,27.1383,31.4485,472,47171,0.648392,0.53,1,1948805,1948333,472
141067321,25.4277,26.2897,472,47216,0.665679,0.51,1,1948830,1948358,472
141070241,29.0855,25.2579,477,47261,0.685136,0.53,1,1948860,1948383,477
141073161,20.2171,29.0516,465,47306,0.689027,0.51,1,1948878,1948413,465
141076081,21.6434,21.0103,468,47351,0.689805,0.51,1,1948900,1948432,468
141079001,5.92868,21.8021,448,47396,0.705961,0.53,1,1948902,1948454,448
141081921,12.3857,15.5604,448,47440,0.725192,0.53,1,1948916,1948468,448
141084841,36.0771,36.7121,448,47484,0.793038,0.55,2,1948958,1948510,448
141087761,40.8154,40.1424,449,47528,0.790608,0.57,2,1949000,1948551,449
141090681,35.3631,34.4285,450,47572,0.790122,0.57,2,1949034,1948584,450
141093601,32.6726,32.4857,450,47616,0.838024,0.59,2,1949066,1948616,450
141096521,32.9345,31.2971,452,47660,0.847605,0.61,2,1949099,1948647,452
141099441,33.7869,33.4594,452,47704,0.849521,0.61,2,1949133,1948681,452
141102361,32.3574,32.2919,452,47748,0.881904,0.61,2,1949165,1948713,452
141105281,35.2715,34.4584,453,47792,0.936381,0.65,2,1949201,1948748,453
141108201,32.6543,31.6917,454,47836,0.931276,0.65,2,1949233,1948779,454
141111121,27.3309,27.1383,454,47880,0.930255,0.67,2,1949259,1948805,454
141397281,33,20,436,23451,0.01,0.01,1,1952386,1951950,436
141400201,25.8,28,430,23541,0.002,0.03,1,1952410,1951980,430
141403121,26.76,20,439,23631,0.0244,0.01,1,1952437,1951998,439
141406041,86.152,42.4,492,23721,0.04488,0.03,1,1952538,1952046,492
141408961,66.0304,90.88,450,23810,0.032976,0.01,1,1952599,1952149,450
141411881,74.0061,62.976,470,23899,0.0305952,0,1,1952675,1952205,470
141414801,54.8012,73.3952,444,23988,0.014119,0.01,1,1952725,1952281,444
141417721,52.5602,51.479,450,24076,0.0748238,0.01,1,1952777,1952327,450
141420641,35.312,57.4958,422,24164,0.0389648,0,1,1952808,1952386,422
141423561,26.2624,30.6992,422,24252,0.00779295,0.03,1,1952832,1952410,422
141426481,26.8525,27.7398,422,24339,0.0735586,0.05,1,1952859,1952437,422
141429401,86.1705,86.348,422,24426,0.0227117,0.03,1,1952960,1952538,422
141432321,66.8341,66.0696,423,24513,0.0605423,0.03,1,1953022,1952599,423
141435241,73.3668,74.0139,422,24599,0.0361085,0.01,1,1953097,1952675,422
141438161,55.4734,54.8028,423,24685,0.0312217,0.09,1,1953148,1952725,423
141441081,55.0947,52.5606,426,24771,0.0302443,0.03,1,1953203,1952777,426
141444001,32.6189,35.3121,422,24857,0.0620489,0,1,1953230,1952808,422
141446921,25.7238,26.2624,422,24942,0.0124098,0.09,1,1953254,1952832,422
141449841,26.7448,26.8525,422,25027,0.042482,0.01,1,1953281,1952859,422
141452761,86.149,86.1705,422,25112,0.0484964,0.07,1,1953382,1952960,422
141455681,66.8298,66.8341,422,25196,0.0496993,0.03,1,1953444,1953022,422
141458601,73.366,73.3668,422,25280,0.0339399,0.03,1,1953519,1953097,422
141461521,55.4732,55.4734,422,25364,0.046788,0.03,1,1953570,1953148,422
141464441,57.4946,55.0947,425,25448,0.0813576,0.03,1,1953628,1953203,425
141467361,29.8989,11.0189,448,25531,0.0882715,0.07,1,1953651,1953203,448
141470281,25.1798,23.8038,445,25614,0.0176543,0,1,1953675,1953230,445
141473201,26.636,23.9608,448,25697,0.0275309,0.05,1,1953702,1953254,448
141476121,86.1272,26.3922,522,25779,0.0295062,0.05,1,1953803,1953281,522
141479041,68.4254,86.0784,485,25861,0.0299012,0.05,1,1953867,1953382,485
141481961,72.0851,66.8157,496,25943,0.0139802,0.03,1,1953940,1953444,496
141484881,56.017,73.3631,473,26025,0.058796,0.05,1,1953992,1953519,473
141487801,60.0034,55.4726,483,26106,0.0517592,0.09,1,1954053,1953570,483
141490721,30.4007,57.4945,448,26187,0.0663518,0.09,1,1954076,1953628,448
141493641,22.0801,29.8989,445,26268,0.0372704,0,1,1954096,1953651,445
141496561,26.816,25.1798,449,26349,0.0314541,0.03,1,1954124,1953675,449
141499481,86.9632,26.636,524,26429,0.0142908,0.03,1,1954226,1953702,524
141502401,69.3926,86.1272,488,26509,0.0268582,0.03,1,1954291,1953803,488
141505321,70.6785,68.4254,495,26589,0.0453716,0.01,1,1954362,1953867,495
141508241,55.7357,72.0851,474,26669,0.0650743,0.07,1,1954414,1953940,474
141511161,60.7471,56.017,484,26748,0.0850149,0.05,1,1954476,1953992,484
141514081,32.1494,60.0034,448,26827,0.089003,0.07,1,1954501,1954053,448
141517001,19.2299,30.4007,441,26906,0.105801,0.03,1,1954517,1954076,441
141519921,5.44598,22.0801,423,26985,0.0771601,0.03,1,1954519,1954096,423
141522841,24.2892,26.816,424,27063,0.039432,0.01,1,1954548,1954124,424
141525761,86.4578,86.9632,424,27141,0.0478864,0.03,1,1954650,1954226,424
141528681,68.4916,69.3926,423,27219,0.00957728,0.05,1,1954714,1954291,423
141531601,69.6983,70.6785,422,27297,0.0419155,0.07,1,1954784,1954362,422
141534521,57.9397,55.7357,425,27375,0.0483831,0.09,1,1954839,1954414,425
141537441,61.9879,60.7471,426,27452,0.0656766,0.09,1,1954902,1954476,426
141540361,33.1976,32.1494,427,27529,0.0691353,0.11,1,1954928,1954501,427
141543281,15.4395,19.2299,422,27606,0.0858271,0.07,1,1954939,1954517,422
141546201,4.6879,5.44598,422,27683,0.0891654,0.03,1,1954941,1954519,422
141549121,24.9376,24.2892,423,27760,0.0578331,0.05,1,1954971,1954548,423
141552041,85.7875,86.4578,422,27836,0.0515666,0,1,1955072,1954650,422
141554961,69.1575,68.4916,423,27912,0.0183133,0.05,1,1955137,1954714,423
141557881,69.8315,69.6983,423,27988,0.0276627,0.05,1,1955207,1954784,423
141560801,58.7663,57.9397,424,28064,0.0775325,0.07,1,1955263,1954839,424
141563721,62.9533,61.9879,425,28139,0.0555065,0.07,1,1955327,1954902,425
141566641,33.3907,33.1976,425,28214,0.0511013,0.09,1,1955353,1954928,425
141569561,14.6781,15.4395,424,28289,0.0662203,0.09,1,1955363,1954939,424
141572481,4.53563,4.6879,424,28364,0.101244,0.09,1,1955365,1954941,424
141575401,22.5071,0.937581,451,28439,0.0922488,0.05,1,1955392,1954941,451
141578321,85.3014,24.1875,522,28513,0.12245,0.05,1,1955493,1954971,522
141581241,69.0603,85.6375,486,28587,0.04849,0.01,1,1955558,1955072,486
141584161,70.6121,69.1275,492,28661,0.065698,0.03,1,1955629,1955137,492
141587081,61.3224,69.8255,481,28735,0.10114,0.09,1,1955688,1955207,481
141590001,61.8645,58.7651,487,28809,0.124228,0.05,1,1955750,1955263,487
141592921,33.9729,62.953,450,28882,0.144846,0.05,1,1955777,1955327,450
141595841,14.7946,33.3906,434,28955,0.148969,0.07,1,1955787,1955353,434
141598761,4.55892,14.6781,426,29028,0.149794,0.11,1,1955789,1955363,426
141601681,23.3118,4.53562,452,29101,0.149959,0.09,1,1955817,1955365,452
141604601,87.0624,22.5071,528,29174,0.229992,0.13,1,1955920,1955392,528
141607521,64.6125,85.3014,486,29247,0.213998,0.03,1,1955979,1955493,486
141610441,72.1225,69.0603,495,29319,0.1948,0.07,1,1956053,1955558,495
141613361,64.0245,70.6121,486,29391,0.19096,0.11,1,1956115,1955629,486
141616281,62.4049,61.3224,489,29463,0.174192,0.13,1,1956177,1955688,489
141619201,34.881,61.8645,455,29535,0.202838,0.15,1,1956205,1955750,455
141622121,14.9762,33.9729,438,29607,0.208568,0.15,1,1956215,1955777,438
141625041,4.59524,14.7946,430,29678,0.209714,0.15,1,1956217,1955787,430
141627961,23.319,4.55892,456,29749,0.209943,0.15,1,1956245,1955789,456
141630881,91.8638,23.3118,537,29820,0.209989,0.25,1,1956354,1955817,537
141633801,19.9728,87.0624,436,29891,0.209998,0.21,1,1956356,1955920,436
141636721,46.3946,64.6125,430,29962,0.274,0.19,1,1956409,1955979,430
141639641,69.2789,72.1225,431,30033,0.2868,0.19,1,1956484,1956053,431
141642561,61.8558,64.0245,429,30103,0.35336,0.17,1,1956544,1956115,429
141645481,62.7712,62.4049,430,30173,0.398672,0.21,1,1956607,1956177,430
141648401,36.5542,34.881,432,30243,0.439734,0.21,1,1956637,1956205,432
141651321,15.3108,14.9762,432,30313,0.415947,0.21,1,1956647,1956215,432
141654241,4.66217,4.59524,432,30383,0.411189,0.21,1,1956649,1956217,432
141657161,23.3324,23.319,432,30453,0.490238,0.21,1,1956677,1956245,432
141660081,92.6665,91.8638,433,30522,0.490048,0.21,1,1956787,1956354,433
141663001,20.1333,19.9728,433,30591,0.490009,0.29,1,1956789,1956356,433
141665921,47.2267,46.3946,434,30660,0.538002,0.29,1,1956843,1956409,434
141668841,71.0453,69.2789,436,30729,0.5316,0.37,1,1956920,1956484,436
141671761,63.8091,61.8558,438,30798,0.49832,0.41,1,1956982,1956544,438
141674681,66.3618,62.7712,442,30867,0.555664,0.45,1,1957049,1956607,442
141677601,37.2724,36.5542,442,30936,0.567133,0.41,1,1957079,1956637,442
141680521,16.2545,15.3108,443,31004,0.585427,0.41,1,1957090,1956647,443
141683441,4.85089,4.66217,443,31072,0.589085,0.51,1,1957092,1956649,443
141686361,24.9702,23.3324,445,31140,0.589817,0.49,1,1957122,1956677,445
141689281,92.194,92.6665,444,31208,0.637963,0.49,1,1957231,1956787,444
141692201,20.0388,20.1333,444,31276,0.647593,0.49,1,1957233,1956789,444
141695121,48.8078,4.02666,500,31344,0.665519,0.55,1,1957289,1956789,500
141698041,72.1616,44.0053,524,31412,0.653104,0.53,1,1957367,1956843,524
141700961,62.4323,70.4011,507,31479,0.650621,0.49,1,1957427,1956920,507
141703881,69.2865,63.6802,516,31546,0.682124,0.57,1,1957498,1956982,516
141706801,37.8573,66.336,479,31613,0.720425,0.57,1,1957528,1957049,479
141709721,17.1715,37.2672,461,31680,0.744085,0.59,1,1957540,1957079,461
141712641,5.03429,16.2534,452,31747,0.748817,0.59,1,1957542,1957090,452
141715561,23.4069,4.85069,478,31814,0.749763,0.59,1,1957570,1957092,478
141718481,94.2814,24.9701,560,31881,0.813953,0.65,2,1957682,1957122,560
141721401,20.4563,92.194,453,31947,0.826791,0.65,2,1957684,1957231,453
141724321,51.2913,20.0388,510,32013,0.845358,0.67,2,1957743,1957233,510
141727241,71.8583,48.8078,531,32079,0.913072,0.65,2,1957820,1957289,531
141867401,32,34,509,35104,0.59,1,1,1959914,1959405,509
141870321,33.6,25.2,520,35164,0.462,1,1,1959948,1959428,520
141873241,25.12,30.64,511,35224,0.4364,1,1,1959971,1959460,511
141876161,58.624,27.728,551,35284,0.17528,1,1,1960038,1959487,551
141879081,40.5248,72.7456,503,35344,0.075056,1,1,1960074,1959571,503
141882001,40.105,37.7491,514,35404,0.0390112,1,1,1960114,1959600,514
141884921,68.821,32.3498,559,35464,0.0638022,1,1,1960190,1959631,559
141887841,39.3642,73.67,507,35524,0.0527604,0.95,1,1960222,1959715,507
141890761,32.6728,39.534,507,35584,0.0345521,0.97,1,1960253,1959746,507
141893681,44.1346,38.3068,516,35643,0.0629104,0.83,1,1960300,1959784,516
141896601,10.4269,53.2614,461,35702,0.0365821,0.73,1,1960302,1959841,461
141899521,30.8854,43.4523,456,35761,0.0313164,0.59,1,1960338,1959882,456
141902441,27.7771,34.2905,451,35820,0.0942633,0.43,1,1960365,1959914,451
141905361,26.3554,34.0581,443,35879,0.0748527,0.43,1,1960391,1959948,443
141908281,21.2711,25.2116,440,35938,0.0709705,0.11,1,1960411,1959971,440
141911201,48.2542,58.6423,428,35997,0.102194,0.05,1,1960466,1960038,428
141914121,36.8508,40.5285,426,36056,0.0924388,0.03,1,1960500,1960074,426
141917041,36.9702,40.1057,423,36115,0.0904878,0.07,1,1960537,1960114,423
141919961,67.394,68.8211,422,36174,0.0420976,0.05,1,1960612,1960190,422
141922881,40.6788,39.3642,424,36232,0.0324195,0.03,1,1960646,1960222,424
141925801,32.9358,32.6728,424,36290,0.0624839,0.07,1,1960677,1960253,424
141928721,44.9872,44.1346,425,36348,0.0524968,0.03,1,1960725,1960300,425
141931641,10.5974,10.4269,425,36406,0.0504994,0.03,1,1960727,1960302,425
141934561,30.1195,30.8854,424,36464,0.1141,0.11,1,1960762,1960338,424
141937481,30.0239,27.7771,427,36522,0.11082,0.07,1,1960792,1960365,427
141940401,25.2048,26.3554,425,36580,0.126164,0.07,1,1960816,1960391,425
141943321,21.841,21.2711,426,36638,0.129233,0.11,1,1960837,1960411,426
141946241,47.5682,48.2542,425,36696,0.129847,0.09,1,1960891,1960466,425
141949161,34.3136,36.8508,422,36754,0.145969,0.09,1,1960922,1960500,422
141952081,38.0627,36.9702,424,36811,0.133194,0.03,1,1960961,1960537,424
141955001,66.8125,67.394,423,36868,0.162639,0.03,1,1961035,1960612,423
141957921,39.7625,40.6788,422,36925,0.152528,0.07,1,1961068,1960646,422
141960841,35.1525,32.9358,425,36982,0.102506,0.05,1,1961102,1960677,425
141963761,44.6305,44.9872,424,37039,0.188501,0.05,1,1961149,1960725,424
141966681,10.5261,10.5974,424,37096,0.1737,0.13,1,1961151,1960727,424
141969601,31.7052,30.1195,426,37153,0.18674,0.13,1,1961188,1960762,426
141972521,28.741,6.0239,454,37210,0.173348,0.11,1,1961216,1960762,454
141975441,28.1482,25.2048,452,37267,0.21867,0.13,1,1961244,1960792,452
141978361,20.0296,24.241,446,37324,0.227734,0.13,1,1961262,1960816,446
141981281,48.8059,21.6482,481,37381,0.213547,0.13,1,1961318,1960837,481
141984201,33.7612,47.5296,457,37438,0.226709,0.15,1,1961348,1960891,457
141987121,38.7522,34.3059,466,37494,0.229342,0.13,1,1961388,1960922,466
141990041,66.9504,38.0612,501,37550,0.293868,0.17,1,1961462,1960961,501
141992961,38.9901,66.8122,459,37606,0.322774,0.15,1,1961494,1961035,459
141995881,34.198,39.7624,459,37662,0.312555,0.09,1,1961527,1961068,459
141998801,47.6396,35.1525,476,37718,0.326511,0.21,1,1961578,1961102,476
142001721,11.1279,44.6305,431,37774,0.329302,0.17,1,1961580,1961149,431
142004641,31.0256,10.5261,465,37830,0.36186,0.19,1,1961616,1961151,465
142007561,29.4051,31.7052,457,37886,0.384372,0.17,1,1961645,1961188,457
142010481,30.681,28.741,460,37942,0.420874,0.23,1,1961676,1961216,460
142013401,20.5362,28.1482,450,37998,0.444175,0.23,1,1961694,1961244,450
142016321,48.9072,20.0296,488,38054,0.512835,0.21,1,1961750,1961262,488
142019241,33.7814,48.8059,462,38110,0.542567,0.23,1,1961780,1961318,462
142022161,38.7563,33.7612,472,38165,0.548513,0.23,1,1961820,1961348,472
142025081,70.1513,38.7522,510,38220,0.533703,0.31,1,1961898,1961388,510
142028001,40.4303,66.9504,469,38275,0.514741,0.33,1,1961931,1961462,469
142030921,33.6861,38.9901,469,38330,0.510948,0.31,1,1961963,1961494,469
142033841,48.3372,34.198,488,38385,0.55819,0.33,1,1962015,1961527,488
142036761,11.2674,47.6396,439,38440,0.567638,0.33,1,1962017,1961578,439
142039681,32.6535,11.1279,475,38495,0.569528,0.37,1,1962055,1961580,475
142042601,31.3307,31.0256,470,38550,0.553906,0.39,1,1962086,1961616,470
142045521,31.8661,29.4051,473,38605,0.582781,0.43,1,1962118,1961645,473
142048441,7.97323,30.681,444,38660,0.588556,0.45,1,1962120,1961676,444
142051361,15.9946,20.5362,444,38715,0.621711,0.53,1,1962138,1961694,444
142054281,51.1989,48.9072,448,38770,0.612342,0.55,1,1962198,1961750,448
142057201,35.0398,33.7814,449,38824,0.626468,0.55,1,1962229,1961780,449
142060121,39.008,38.7563,449,38878,0.677294,0.53,1,1962269,1961820,449
142063041,69.4016,70.1513,448,38932,0.671459,0.51,1,1962346,1961898,448
142065961,39.4803,40.4303,447,38986,0.734292,0.51,1,1962378,1961931,447
142068881,33.4961,33.6861,447,39040,0.778858,0.57,2,1962410,1961963,447
142071801,50.6992,48.3372,450,39094,0.755772,0.57,2,1962465,1962015,450
142074721,11.7398,11.2674,450,39148,0.751154,0.57,2,1962467,1962017,450
142077641,32.748,32.6535,450,39202,0.750231,0.55,2,1962505,1962055,450
142080561,32.1496,31.3307,451,39256,0.750046,0.59,2,1962537,1962086,451
142083481,32.0299,31.8661,451,39310,0.798009,0.59,2,1962569,1962118,451
142086401,8.00598,7.97323,451,39364,0.807602,0.63,2,1962571,1962120,451
142089321,16.0012,15.9946,451,39418,0.82552,0.61,2,1962589,1962138,451
142092241,52.0002,51.1989,452,39472,0.781104,0.63,2,1962650,1962198,452
142095161,36,35.0398,453,39526,0.788221,0.69,2,1962682,1962229,453
142098081,40,39.008,454,39579,0.805644,0.67,2,1962723,1962269,454
142101001,70.4,69.4016,455,39632,0.857129,0.75,2,1962801,1962346,455
142103921,42.08,39.4803,458,39685,0.883426,0.79,2,1962836,1962378,458
142106841,35.616,33.4961,460,39738,0.888685,0.75,2,1962870,1962410,460
142258681,68,79,483,42412,0.73,1,1,1964699,1964216,483
142261601,40,43,482,42462,0.682,1,1,1964732,1964250,482
142264521,47.2,40.6,491,42512,0.5924,1,1,1964781,1964290,491
142267441,43.04,53.72,476,42562,0.49448,1,1,1964823,1964347,476
142270361,28.608,27.544,480,42612,0.410896,1,1,1964848,1964368,480
142273281,40.1216,31.1088,491,42662,0.266179,1,1,1964891,1964400,491
142276201,36.0243,31.8218,494,42711,0.237236,1,1,1964926,1964432,494
142279121,28.0049,31.9644,488,42760,0.167447,1,1,1964952,1964464,488
142282041,24.801,29.5929,483,42809,0.0334894,0.93,1,1964976,1964493,483
142284961,29.7602,25.9186,489,42858,0.00669789,1,1,1965007,1964518,489
142287881,15.552,22.7837,479,42907,0.0253396,1,1,1965019,1964540,479
142290801,21.5104,25.3567,476,42956,0.0770679,0.94,1,1965042,1964566,476
142293721,32.3021,33.0713,476,43005,0.0234136,0.94,1,1965077,1964601,476
142296641,25.6604,6.61427,500,43054,0.0446827,0.9,1,1965101,1964601,500
142299561,47.5321,25.3229,523,43103,0.0489365,0.73,1,1965154,1964631,523
142302481,33.5064,59.4646,485,43152,0.0177873,0.67,1,1965184,1964699,485
142305401,41.9013,38.2929,496,43201,0.0595575,0.57,1,1965228,1964732,496
142308321,40.3803,46.8586,487,43250,0.0359115,0.47,1,1965268,1964781,487
142311241,24.8761,42.9717,466,43299,0.0791823,0.39,1,1965289,1964823,466
142314161,32.9752,28.5943,476,43348,0.103836,0.23,1,1965324,1964848,476
142317081,30.595,40.1189,463,43397,0.108767,0.23,1,1965354,1964891,463
142320001,25.319,36.0238,452,43446,0.0777535,0.15,1,1965378,1964926,452
142322921,21.8638,28.0048,447,43495,0.0395507,0,1,1965399,1964952,447
142325841,27.5728,24.801,452,43544,0.00791014,0,1,1965428,1964976,452
142328761,18.3146,29.7602,437,43592,0.057582,0.03,1,1965444,1965007,437
142331681,19.6629,15.552,445,43640,0.0675164,0.09,1,1965464,1965019,445
142334601,31.9326,21.5104,457,43688,0.0375033,0.01,1,1965499,1965042,457
142337521,26.3865,32.3021,447,43736,0.0475007,0.05,1,1965524,1965077,447
142340441,46.8773,25.6604,475,43784,0.00950013,0.05,1,1965576,1965101,475
142343361,33.3755,47.5321,452,43832,0.0899,0.01,1,1965606,1965154,452
142346281,42.6751,33.5064,467,43880,0.08998,0.07,1,1965651,1965184,467
142349201,42.135,41.9013,465,43928,0.041996,0.03,1,1965693,1965228,465
142352121,25.227,40.3803,446,43976,0.0323992,0.09,1,1965714,1965268,446
142355041,33.8454,24.8761,461,44024,0.0464798,0.11,1,1965750,1965289,461
142357961,29.1691,32.9752,454,44072,0.049296,0.11,1,1965778,1965324,454
142360881,25.0338,30.595,448,44120,0.0498592,0.07,1,1965802,1965354,448
142363801,21.8068,25.319,445,44168,0.0339718,0.03,1,1965823,1965378,445
142366721,25.1614,21.8638,450,44216,0.0307944,0,1,1965849,1965399,450
142369641,20.2323,27.5728,440,44264,0.0141589,0.07,1,1965868,1965428,440
142372561,18.4465,18.3146,442,44312,0.0268318,0.07,1,1965886,1965444,442
142375481,33.2893,19.6629,459,44360,0.0293664,0.03,1,1965923,1965464,459
142378401,25.0579,31.9326,447,44408,0.0138733,0.05,1,1965946,1965499,447
142381321,47.4116,26.3865,475,44456,0.0107747,0,1,1965999,1965524,475
142384241,11.0823,46.8773,425,44503,0.0261549,0.11,1,1966001,1965576,425
142387161,27.0165,33.3755,426,44550,0.061231,0.09,1,1966032,1965606,426
142390081,40.6033,42.6751,425,44597,0.0842462,0.03,1,1966076,1965651,425
142393001,40.1207,42.135,423,44644,0.104849,0.03,1,1966116,1965693,423
142395921,24.8241,25.227,423,44691,0.12497,0.05,1,1966137,1965714,423
142398841,34.5648,33.8454,424,44738,0.080994,0.05,1,1966174,1965750,424
142401761,29.313,29.1691,424,44785,0.104199,0.05,1,1966202,1965778,424
142404681,25.0626,25.0338,424,44832,0.17284,0.03,1,1966226,1965802,424
142407601,22.6125,21.8068,425,44879,0.202568,0.03,1,1966248,1965823,425
142410521,22.9225,25.1614,422,44926,0.240514,0.01,1,1966271,1965849,422
142413441,19.7845,20.2323,422,44973,0.168103,0.03,1,1966290,1965868,422
142416361,19.9569,18.4465,424,45020,0.121621,0.03,1,1966310,1965886,424
142419281,32.7914,33.2893,423,45067,0.0803241,0.01,1,1966346,1965923,423
142422201,24.9583,25.0579,423,45114,0.0560648,0.01,1,1966369,1965946,423
142425121,47.3917,47.4116,423,45161,0.011213,0.03,1,1966422,1965999,423
142428041,11.0783,11.0823,423,45208,0.0422426,0.07,1,1966424,1966001,423
142430961,28.6157,27.0165,425,45255,0.0324485,0.09,1,1966457,1966032,425
142433881,42.5231,40.6033,427,45302,0.0784897,0.11,1,1966503,1966076,427
142436801,40.5046,40.1207,427,45349,0.119698,0.13,1,1966543,1966116,427
142439721,24.1009,24.8241,426,45396,0.12794,0.07,1,1966563,1966137,426
142442641,34.4202,34.5648,426,45442,0.113588,0.11,1,1966600,1966174,426
142445561,31.684,29.313,429,45488,0.142718,0.19,1,1966631,1966202,429
142448481,25.5368,25.0626,429,45534,0.148544,0.21,1,1966655,1966226,429
142451401,25.1074,22.6125,432,45580,0.165709,0.25,1,1966680,1966248,432
142454321,20.2215,22.9225,428,45626,0.217142,0.15,1,1966699,1966271,428
142457241,18.4443,19.7845,427,45672,0.195428,0.11,1,1966717,1966290,427
142460161,18.0889,19.9569,425,45718,0.239086,0.07,1,1966735,1966310,425
142463081,30.8178,32.7914,423,45764,0.279817,0.05,1,1966769,1966346,423
142466001,24.5636,24.9583,423,45810,0.271963,0,1,1966792,1966369,423
142468921,46.5127,47.3917,422,45856,0.270393,0.05,1,1966844,1966422,422
142471841,10.9025,11.0783,422,45902,0.238079,0.03,1,1966846,1966424,422
142474761,30.1805,28.6157,424,45948,0.215616,0.03,1,1966881,1966457,424
142477681,42.0361,5.72313,469,45994,0.163123,0.09,1,1966926,1966457,469
142480601,42.0072,37.9446,465,46040,0.136625,0.13,1,1966968,1966503,465
142483521,24.4014,39.5889,445,46086,0.131325,0.13,1,1966988,1966543,445
142486441,35.2803,23.9178,463,46132,0.146265,0.11,1,1967026,1966563,463
142489361,33.4561,34.3836,459,46178,0.181253,0.15,1,1967059,1966600,459
142492281,25.8912,31.6767,452,46224,0.188251,0.15,1,1967083,1966631,452
142495201,25.9782,25.5353,454,46270,0.22165,0.17,1,1967109,1966655,454
142498121,21.1956,25.1071,449,46316,0.22833,0.23,1,1967129,1966680,449
142501041,19.4391,20.2214,449,46362,0.229666,0.19,1,1967148,1966699,449
142503961,18.2878,18.4443,449,46407,0.261933,0.25,1,1967166,1966717,449
142506881,32.4576,18.0889,467,46452,0.284387,0.29,1,1967202,1966735,467
142509801,25.6915,30.8178,457,46497,0.288877,0.27,1,1967226,1966769,457
142512721,45.1383,24.5636,484,46542,0.289775,0.27,1,1967276,1966792,484
142515641,10.6277,46.5127,434,46587,0.289955,0.23,1,1967278,1966844,434
142518561,27.7255,10.9025,464,46632,0.305991,0.21,1,1967310,1966846,464
142521481,40.7451,30.1805,473,46677,0.325198,0.15,1,1967354,1966881,473
142524401,40.949,42.0361,469,46722,0.36104,0.13,1,1967395,1966926,469
142527321,24.1898,42.0072,447,46767,0.400208,0.13,1,1967415,1966968,447
142530241,36.038,24.4014,466,46812,0.440042,0.15,1,1967454,1966988,466
142533161,35.2076,35.2803,463,46857,0.480008,0.19,1,1967489,1967026,463
142536081,27.0415,33.4561,455,46902,0.520002,0.19,1,1967514,1967059,455
142539001,27.0083,25.8912,458,46947,0.512,0.23,1,1967541,1967083,458
142541921,22.2017,25.9782,453,46992,0.4944,0.23,1,1967562,1967109,453
142544841,20.4403,21.1956,453,47037,0.49088,0.23,1,1967582,1967129,453
142547761,19.2881,19.4391,453,47082,0.442176,0.27,1,1967601,1967148,453
142550681,32.6576,18.2878,471,47127,0.448435,0.29,1,1967637,1967166,471
142553601,25.7315,32.4576,459,47172,0.449687,0.29,1,1967661,1967202,459
142556521,45.1463,25.6915,485,47217,0.449937,0.29,1,1967711,1967226,485
142559441,10.6293,45.1383,437,47262,0.449988,0.29,1,1967713,1967276,437
142562361,28.5259,10.6277,468,47307,0.449997,0.31,1,1967746,1967278,468
142565281,41.7052,27.7255,481,47352,0.466,0.33,1,1967791,1967310,481
142568201,9.94103,40.7451,439,47397,0.4692,0.37,1,1967793,1967354,439
142571121,36.3882,40.949,441,47441,0.51784,0.41,1,1967836,1967395,441
142574041,24.8776,24.1898,443,47485,0.559568,0.45,1,1967858,1967415,443
142576961,36.9755,36.038,444,47529,0.599914,0.49,1,1967898,1967454,444
142579881,36.9951,35.2076,446,47573,0.607983,0.53,1,1967935,1967489,446
142582801,27.399,27.0415,446,47617,0.625597,0.51,1,1967960,1967514,446
142585721,27.8798,27.0083,447,47661,0.629119,0.49,1,1967988,1967541,447
142588641,21.576,22.2017,446,47705,0.629824,0.49,1,1968008,1967562,446
142591561,18.7152,20.4403,444,47749,0.661965,0.43,1,1968026,1967582,444
142594481,18.143,19.2881,443,47793,0.636393,0.45,1,1968044,1967601,443
142597401,33.2286,32.6576,444,47837,0.663279,0.45,1,1968081,1967637,444
142600321,25.8457,25.7315,444,47881,0.716656,0.45,1,1968105,1967661,444
142603241,45.1691,45.1463,444,47925,0.727331,0.45,1,1968155,1967711,444
142606161,10.6338,10.6293,444,47969,0.761466,0.45,2,1968157,1967713,444
142609081,28.5268,28.5259,444,48013,0.768293,0.47,2,1968190,1967746,444
142612001,42.5054,41.7052,445,48057,0.769659,0.47,2,1968236,1967791,445
142614921,10.1011,9.94103,445,48101,0.769932,0.53,2,1968238,1967793,445
142617841,38.8202,36.3882,448,48145,0.753986,0.57,2,1968284,1967836,448
142620761,26.964,24.8776,450,48189,0.766797,0.61,2,1968308,1967858,450
142623681,37.3928,36.9755,450,48233,0.801359,0.61,2,1968348,1967898,450
142626601,38.6786,36.9951,452,48277,0.808272,0.63,2,1968387,1967935,452
142629521,26.9357,27.399,451,48321,0.825654,0.63,2,1968411,1967960,451
142632441,27.7871,27.8798,451,48365,0.845131,0.63,2,1968439,1967988,451
142635361,23.1574,21.576,453,48409,0.897026,0.67,2,1968461,1968008,453
142638281,19.0315,18.7152,453,48453,0.875405,0.63,2,1968479,1968026,453
142641201,18.2063,18.143,453,48496,0.871081,0.67,2,1968497,1968044,453
142644121,35.6413,33.2286,456,48539,0.870216,0.73,2,1968537,1968081,456
142647041,26.3283,25.8457,456,48582,0.902043,0.73,2,1968561,1968105,456
142877721,31,19,527,51897,0.63,1,1,1970877,1970350,527
142880641,30.2,27,528,51938,0.566,1,1,1970907,1970379,528
142883561,15.64,31,508,51979,0.5052,1,1,1970919,1970411,508
142886481,27.928,28.6,511,52020,0.38104,1,1,1970950,1970439,511
142889401,32.7856,24.12,522,52060,0.260208,1,1,1970984,1970462,522
142892321,26.5571,25.624,521,52100,0.204042,1,1,1971009,1970488,521
142895241,26.9114,32.3248,514,52140,0.112808,1,1,1971036,1970522,514
142898161,35.7823,28.865,524,52180,0.0465617,1,1,1971074,1970550,524
142901081,31.1565,31.373,522,52220,0.0493123,1,1,1971104,1970582,522
142904001,27.8313,34.2746,514,52260,0.0658625,1,1,1971131,1970617,514
142906921,22.3663,29.2549,507,52300,0.0371725,1,1,1971152,1970645,507
142909841,22.0733,21.851,509,52340,0.0794345,1,1,1971174,1970665,509
142912761,26.0147,24.3702,511,52380,0.0238869,1,1,1971201,1970690,511
142915681,26.8029,31.274,505,52420,0.0287774,1,1,1971228,1970723,505
142918601,25.3606,33.4548,496,52460,0.0457555,0.94,1,1971253,1970757,496
142921521,25.0721,28.291,494,52500,0.0651511,0.83,1,1971278,1970784,494
142924441,25.0144,30.4582,488,52540,0.0690302,0.79,1,1971303,1970815,488
142927361,25.8029,30.8916,483,52580,0.101806,0.63,1,1971329,1970846,483
142930281,21.9606,30.9783,473,52620,0.0763612,0.55,1,1971350,1970877,473
142933201,13.1921,30.1957,454,52660,0.0872722,0.49,1,1971361,1970907,454
142936121,23.4384,15.6391,468,52700,0.121454,0.35,1,1971387,1970919,468
142939041,27.8877,27.9278,466,52740,0.144291,0.23,1,1971416,1970950,466
142941961,21.5775,32.7856,452,52780,0.164858,0.19,1,1971436,1970984,452
142944881,24.3155,26.5571,452,52820,0.216972,0.09,1,1971461,1971009,452
142947801,34.4631,26.9114,462,52860,0.131394,0.03,1,1971498,1971036,462
142950721,31.6926,35.7823,455,52900,0.114279,0.05,1,1971529,1971074,455
142953641,24.7385,31.1565,448,52940,0.0788558,0.07,1,1971552,1971104,448
142956561,22.5477,27.8313,443,52980,0.0237712,0.03,1,1971574,1971131,443
142959481,21.3095,22.3663,443,53020,0.0127542,0.09,1,1971595,1971152,443
142962401,26.6619,22.0733,449,53060,0.0105508,0.01,1,1971623,1971174,449
142965321,27.7324,26.0147,450,53100,0.0581102,0.03,1,1971651,1971201,450
142968241,26.3465,26.8029,449,53140,0.115622,0.05,1,1971677,1971228,449
142971161,24.4693,25.3606,448,53180,0.0631244,0.07,1,1971701,1971253,448
142974081,26.4939,25.0721,450,53220,0.116625,0.07,1,1971728,1971278,450
142977001,6.89877,25.0144,427,53260,0.127325,0.11,1,1971730,1971303,427
142979921,22.1798,25.8029,427,53300,0.145465,0.07,1,1971756,1971329,427
142982841,19.636,21.9606,425,53339,0.149093,0.09,1,1971775,1971350,425
142985761,13.5272,13.1921,426,53378,0.181819,0.13,1,1971787,1971361,426
142988681,24.3054,23.4384,427,53417,0.172364,0.15,1,1971814,1971387,427
142991601,30.4611,27.8877,430,53456,0.218473,0.17,1,1971846,1971416,430
142994521,22.0922,21.5775,430,53495,0.227695,0.23,1,1971866,1971436,430
142997441,26.0184,24.3155,432,53534,0.229539,0.11,1,1971893,1971461,432
143000361,31.6037,34.4631,428,53573,0.245908,0.11,1,1971926,1971498,428
143003281,29.5207,31.6926,426,53612,0.233182,0.07,1,1971955,1971529,426
143006201,21.9041,24.7385,423,53651,0.262636,0.01,1,1971975,1971552,423
143009121,21.9808,22.5477,423,53690,0.204527,0.01,1,1971997,1971574,423
143012041,20.3962,21.3095,422,53729,0.192905,0.01,1,1972017,1971595,422
143014961,28.8792,26.6619,425,53768,0.126581,0.07,1,1972048,1971623,425
143017881,28.9758,27.7324,426,53807,0.177316,0.13,1,1972077,1971651,426
143020801,26.5952,26.3465,426,53846,0.187463,0.05,1,1972103,1971677,426
143023721,24.519,24.4693,426,53885,0.221493,0.13,1,1972127,1971701,426
143026641,26.5038,26.4939,426,53924,0.180299,0.13,1,1972154,1971728,426
143029561,6.90076,6.89877,426,53963,0.20406,0.15,1,1972156,1971730,426
143032481,22.9802,22.1798,427,54002,0.208812,0.15,1,1972183,1971756,427
143035401,21.396,19.636,429,54041,0.209762,0.19,1,1972204,1971775,429
143038321,13.8792,13.5272,429,54080,0.209952,0.17,1,1972216,1971787,429
143041241,25.9758,24.3054,431,54119,0.209991,0.23,1,1972245,1971814,431
143044161,30.7952,30.4611,431,54158,0.209998,0.23,1,1972277,1971846,431
143047081,22.959,22.0922,432,54197,0.21,0.23,1,1972298,1971866,432
143050001,26.9918,26.0184,433,54236,0.194,0.25,1,1972326,1971893,433
143052921,30.9984,31.6037,432,54275,0.2388,0.23,1,1972358,1971926,432
143055841,30.1997,29.5207,433,54314,0.26376,0.27,1,1972388,1971955,433
143058761,20.4399,21.9041,431,54353,0.236752,0.19,1,1972406,1971975,431
143061681,20.088,21.9808,429,54392,0.26335,0.19,1,1972426,1971997,429
143064601,20.8176,20.3962,430,54431,0.25267,0.11,1,1972447,1972017,430
143067521,27.3635,28.8792,428,54470,0.234534,0.19,1,1972476,1972048,428
143070441,30.2727,28.9758,430,54509,0.246907,0.19,1,1972507,1972077,430
143073361,27.6545,26.5952,431,54548,0.265381,0.23,1,1972534,1972103,431
143076281,24.7309,24.519,431,54587,0.285076,0.17,1,1972558,1972127,431
143079201,25.7462,26.5038,430,54626,0.321015,0.21,1,1972584,1972154,430
143082121,6.74924,6.90076,430,54665,0.344203,0.21,1,1972586,1972156,430
143085041,22.9498,22.9802,430,54703,0.332841,0.21,1,1972613,1972183,430
143087961,20.59,4.59603,450,54741,0.330568,0.21,1,1972633,1972183,450
143090881,13.718,17.7192,441,54779,0.330114,0.21,1,1972645,1972204,441
143093801,25.9436,13.1438,458,54817,0.330023,0.21,1,1972674,1972216,458
143096721,30.7887,25.8288,461,54855,0.346005,0.21,1,1972706,1972245,461
143099641,22.9577,30.7658,450,54893,0.333201,0.21,1,1972727,1972277,450
143102561,27.7915,22.9532,458,54931,0.33064,0.19,1,1972756,1972298,458
143105481,31.9583,26.9906,463,54969,0.378128,0.25,1,1972789,1972326,463
143108401,31.1917,30.9981,462,55007,0.403626,0.27,1,1972820,1972358,462
143111321,20.6383,30.1996,450,55045,0.408725,0.23,1,1972838,1972388,450
143114241,20.1277,20.4399,452,55083,0.409745,0.27,1,1972858,1972406,452
143117161,20.0255,20.088,452,55121,0.409949,0.25,1,1972878,1972426,452
143120081,26.4051,20.8176,459,55159,0.42599,0.23,1,1972906,1972447,459
143123001,32.481,27.3635,464,55197,0.445198,0.25,1,1972940,1972476,464
143125921,29.6962,30.2727,462,55235,0.48104,0.27,1,1972969,1972507,462
143128841,25.1392,27.6545,459,55273,0.472208,0.29,1,1972993,1972534,459
143131761,26.6278,24.7309,462,55311,0.502442,0.33,1,1973020,1972558,462
143134681,6.92557,25.7462,438,55349,0.508488,0.35,1,1973022,1972584,438
143137601,23.7851,6.74924,464,55387,0.509698,0.33,1,1973050,1972586,464
143140521,20.757,22.9498,457,55425,0.509939,0.33,1,1973070,1972613,457
143143441,13.7514,20.59,449,55463,0.509988,0.33,1,1973082,1972633,449
143146361,25.9503,13.718,466,55501,0.573998,0.33,1,1973111,1972645,466
143149281,31.5901,25.9436,470,55539,0.602799,0.35,1,1973144,1972674,470
143152201,22.318,30.7887,458,55577,0.60856,0.33,1,1973164,1972706,458
143155121,28.4636,22.9577,467,55615,0.641712,0.33,1,1973194,1972727,467
143158041,33.6927,27.7915,473,55653,0.680342,0.39,1,1973229,1972756,473
143160961,32.3385,31.9583,472,55691,0.704068,0.41,1,1973261,1972789,472
143163881,20.8677,31.1917,459,55729,0.708814,0.41,1,1973279,1972820,459
143166801,20.1735,20.6383,461,55767,0.725763,0.41,1,1973299,1972838,461
143169721,20.0347,20.1277,461,55805,0.729153,0.41,1,1973319,1972858,461
143172641,27.2069,20.0255,470,55843,0.745831,0.43,1,1973348,1972878,470
143175561,33.4414,26.4051,477,55881,0.749166,0.45,1,1973383,1972906,477
143178481,30.6883,32.481,473,55919,0.749833,0.49,1,1973413,1972940,473
143181401,26.1377,29.6962,469,55957,0.717967,0.47,1,1973438,1972969,469
143184321,27.6275,25.1392,473,55995,0.727593,0.51,1,1973466,1972993,473
143187241,7.12551,26.6278,448,56033,0.729519,0.51,1,1973468,1973020,448
143190161,23.8251,6.92557,474,56071,0.729904,0.51,1,1973496,1973022,474
143193081,20.765,23.7851,466,56109,0.745981,0.51,1,1973516,1973050,466
143196001,15.353,20.757,460,56146,0.749196,0.51,1,1973530,1973070,460
143198921,4.6706,13.7514,450,56183,0.749839,0.59,1,1973532,1973082,450
143201841,24.9341,25.9503,451,56220,0.781968,0.61,2,1973562,1973111,451
143204761,32.1868,31.5901,452,56257,0.772394,0.61,2,1973596,1973144,452
143207681,22.4374,22.318,452,56294,0.802479,0.65,2,1973616,1973164,452
143210601,30.8875,28.4636,455,56331,0.792496,0.69,2,1973649,1973194,455
143213521,34.9775,33.6927,456,56368,0.838499,0.71,2,1973685,1973229,456
143216441,33.3955,32.3385,457,56405,0.8637,0.71,2,1973718,1973261,457
143219361,21.8791,20.8677,458,56442,0.86874,0.73,2,1973737,1973279,458
143222281,20.3758,20.1735,458,56479,0.901748,0.73,2,1973757,1973299,458
143225201,20.0752,20.0347,458,56516,0.90835,0.75,2,1973777,1973319,458
143228121,28.815,27.2069,460,56553,0.89367,0.75,2,1973808,1973348,460
143231041,32.963,33.4414,459,56590,0.906734,0.75,2,1973842,1973383,459
143233961,29.7926,30.6883,458,56627,0.925347,0.71,2,1973871,1973413,458
143236881,25.9585,26.1377,458,56664,0.913069,0.73,2,1973896,1973438,458
143239801,27.5917,27.6275,458,56701,0.926614,0.73,2,1973924,1973466,458
143242721,7.11834,7.12551,458,56738,0.929323,0.73,2,1973926,1973468,458
143447121,30,22,477,27740,0.03,1,1,1976143,1975666,477
143476321,42,50,465,27740,0.046,0.47,1,1976188,1975723,465
143502601,218.8,242.8,437,27740,0.1612,0.39,1,1976451,1976014,437
143505521,86.16,70.96,462,27816,0.15224,0.23,1,1976504,1976042,462
143508441,44.432,70.992,425,27892,0.118448,0.03,1,1976538,1976113,425
143511361,53.6864,38.1984,451,27968,0.0636896,0.05,1,1976594,1976143,451
143514281,55.5373,43.6397,462,28044,0.0367379,0.01,1,1976650,1976188,462
143517201,68.7075,79.9279,445,28120,0.0313476,0.05,1,1976722,1976277,445
143520121,64.9415,51.1856,465,28195,0.0462695,0.05,1,1976786,1976321,465
143523041,33.7883,52.6371,438,28270,0.0492539,0.03,1,1976812,1976374,438
143525961,28.3577,27.3274,444,28345,0.0498508,0.05,1,1976839,1976395,444
143528881,32.8715,28.6655,449,28420,0.0819702,0.19,1,1976873,1976424,449
143531801,53.7743,27.3331,481,28495,0.136394,0.15,1,1976932,1976451,481
143534721,37.1549,47.8666,461,28569,0.147279,0.11,1,1976965,1976504,461
143537641,49.031,36.7733,479,28643,0.213456,0.05,1,1977017,1976538,479
143540561,54.6062,52.1547,479,28717,0.178691,0.03,1,1977073,1976594,479
143543481,70.1212,55.2309,497,28791,0.155738,0.03,1,1977147,1976650,497
143546401,63.6242,68.6462,487,28865,0.167148,0.05,1,1977209,1976722,487
143549321,31.9248,64.9292,447,28938,0.16943,0.05,1,1977233,1976786,447
143552241,29.585,33.7858,450,29011,0.185886,0.05,1,1977262,1976812,450
143555161,34.717,28.3572,459,29084,0.189177,0.09,1,1977298,1976839,459
143558081,57.3434,32.8714,488,29157,0.205835,0.15,1,1977361,1976873,488
143561001,38.6687,53.7743,463,29230,0.193167,0.15,1,1977395,1976932,463
143563921,50.9337,37.1549,484,29302,0.206633,0.23,1,1977449,1976965,484
143566841,52.5867,49.031,485,29374,0.241327,0.17,1,1977502,1977017,485
143569761,68.9174,54.6062,502,29446,0.296265,0.15,1,1977575,1977073,502
143572681,64.1835,70.1212,491,29518,0.323253,0.17,1,1977638,1977147,491
143575601,32.0367,63.6242,453,29590,0.344651,0.17,1,1977662,1977209,453
143578521,30.4073,31.9248,459,29662,0.34893,0.19,1,1977692,1977233,459
143581441,34.8815,29.585,466,29733,0.349786,0.19,1,1977728,1977262,466
143584361,56.5763,34.717,492,29804,0.381957,0.21,1,1977790,1977298,492
143587281,12.9153,57.3434,431,29875,0.388391,0.19,1,1977792,1977361,431
143590201,29.7831,38.6687,431,29946,0.469678,0.21,1,1977826,1977395,431
143593121,49.9566,50.9337,432,30017,0.485936,0.25,1,1977881,1977449,432
143596041,54.7913,52.5867,435,30088,0.505187,0.31,1,1977937,1977502,435
143598961,70.9583,68.9174,437,30158,0.525037,0.33,1,1978012,1977575,437
143601881,66.1917,64.1835,439,30228,0.529007,0.35,1,1978077,1977638,439
143604801,32.4383,32.0367,439,30298,0.561802,0.35,1,1978101,1977662,439
143607721,30.4877,30.4073,439,30368,0.58436,0.35,1,1978131,1977692,439
143610641,34.8975,34.8815,439,30438,0.556872,0.39,1,1978167,1977728,439
143613561,58.9795,56.5763,442,30508,0.631374,0.39,1,1978232,1977790,442
143616481,13.3959,12.9153,442,30577,0.646275,0.49,1,1978234,1977792,442
143619401,31.4792,29.7831,444,30646,0.649255,0.49,1,1978270,1977826,444
143622321,50.2958,49.9566,444,30715,0.729851,0.51,1,1978325,1977881,444
143625241,56.4592,54.7913,446,30784,0.72997,0.53,1,1978383,1977937,446
143628161,71.2918,70.9583,446,30853,0.713994,0.53,1,1978458,1978012,446
143631081,67.8584,66.1917,448,30922,0.726799,0.57,1,1978525,1978077,448
143634001,33.5717,32.4383,449,30990,0.71336,0.59,1,1978550,1978101,449
143636921,30.7143,30.4877,449,31058,0.694672,0.55,1,1978580,1978131,449
143639841,35.7429,34.8975,450,31126,0.738934,0.65,1,1978617,1978167,450
143642761,62.3486,58.9795,454,31194,0.715787,0.65,1,1978686,1978232,454
143645681,14.0697,13.3959,454,31262,0.711157,0.65,1,1978688,1978234,454
143648601,32.4139,31.4792,455,31330,0.758232,0.65,2,1978725,1978270,455
143651521,51.2828,6.29584,511,31398,0.831646,0.75,2,1978781,1978270,511
143654441,57.4566,45.2592,515,31465,0.862329,0.73,2,1978840,1978325,515
143657361,70.6913,55.4518,531,31532,0.900466,0.71,2,1978914,1978383,531
143660281,66.9383,71.0904,522,31599,0.924093,0.73,2,1978980,1978458,522
143663201,32.5877,67.8181,479,31666,0.928819,0.71,2,1979004,1978525,479
143777081,30,26,496,34175,0.77,1,2,1980714,1980218,496
143780001,35.6,41.2,488,34237,0.69,1,1,1980751,1980263,488
143782921,55.92,8.24,549,34299,0.53,1,1,1980812,1980263,549
143785841,69.584,64.848,543,34361,0.402,1,1,1980885,1980342,543
143788761,33.9168,61.7696,507,34423,0.2484,0.95,1,1980910,1980403,507
143791681,25.9834,29.9539,509,34484,0.15368,1,1,1980934,1980425,509
143794601,42.7967,38.7908,515,34545,0.102736,1,1,1980981,1980466,515
143797521,62.1593,38.9582,543,34606,0.0605472,1,1,1981048,1980505,543
143800441,34.0319,66.1916,497,34667,0.0201094,1,1,1981075,1980578,497
143803361,34.0064,36.4383,502,34728,0.0120219,0.91,1,1981109,1980607,502
143806281,34.0013,36.0877,500,34789,0.0104044,0.85,1,1981143,1980643,500
143809201,30.0003,40.0175,488,34850,0.0100809,0.77,1,1981172,1980684,488
143812121,32.4001,32.0035,491,34911,0.0420162,0.67,1,1981205,1980714,491
143815041,47.28,36.0007,505,34972,0.0484032,0.49,1,1981256,1980751,505
143817961,59.856,56.0001,507,35032,0.113681,0.37,1,1981319,1980812,507
143820881,28.7712,69.6,455,35092,0.0947361,0.21,1,1981340,1980885,455
143823801,23.3542,33.92,452,35152,0.0909472,0.13,1,1981362,1980910,452
143826721,39.0708,25.984,471,35212,0.122189,0.09,1,1981405,1980934,471
143829641,60.6142,42.7968,490,35272,0.0644379,0.05,1,1981471,1980981,490
143832561,32.9228,62.1594,449,35332,0.132888,0.01,1,1981497,1981048,449
143835481,35.3846,34.0319,458,35392,0.0985775,0.01,1,1981533,1981075,458
143838401,32.6769,34.0064,456,35452,0.0437155,0.01,1,1981565,1981109,456
143841321,29.7354,34.0013,451,35512,0.0167431,0.01,1,1981594,1981143,451
143844241,31.5471,30.0003,454,35572,0.0273486,0.05,1,1981626,1981172,454
143847161,48.7094,32.4001,474,35631,0.0614697,0.05,1,1981679,1981205,474
143850081,61.7419,47.28,488,35690,0.0682939,0.13,1,1981744,1981256,488
143853001,13.9484,59.856,427,35749,0.0696588,0.09,1,1981746,1981319,427
143855921,20.3897,28.7712,428,35808,0.0699318,0.09,1,1981768,1981340,428
143858841,21.6779,23.3542,428,35867,0.0859864,0.13,1,1981790,1981362,428
143861761,40.3356,39.0708,430,35926,0.137197,0.05,1,1981835,1981405,430
143864681,57.6671,60.6142,426,35985,0.115439,0.15,1,1981897,1981471,426
143867601,33.1334,32.9228,427,36044,0.127088,0.09,1,1981924,1981497,427
143870521,34.6267,35.3846,426,36103,0.113418,0.03,1,1981959,1981533,426
143873441,30.1253,32.6769,423,36162,0.158684,0.01,1,1981988,1981565,423
143876361,28.4251,29.7354,422,36220,0.167737,0.03,1,1982016,1981594,422
143879281,32.085,31.5471,423,36278,0.105547,0.07,1,1982049,1981626,423
143882201,50.417,48.7094,425,36336,0.157109,0.07,1,1982104,1981679,425
143885121,62.0834,61.7419,425,36394,0.151422,0.07,1,1982169,1981744,425
143888041,14.0167,13.9484,425,36452,0.150284,0.07,1,1982171,1981746,425
143890961,21.2033,20.3897,426,36510,0.198057,0.09,1,1982194,1981768,426
143893881,22.6407,21.6779,427,36568,0.207611,0.15,1,1982217,1981790,427
143896801,40.5281,40.3356,427,36626,0.225522,0.11,1,1982262,1981835,427
143899721,57.7056,57.6671,427,36684,0.245104,0.13,1,1982324,1981897,427
143902641,33.1411,33.1334,427,36742,0.265021,0.11,1,1982351,1981924,427
143905561,34.6282,34.6267,427,36800,0.253004,0.17,1,1982386,1981959,427
143908481,30.9256,30.1253,428,36857,0.282601,0.17,1,1982416,1981988,428
143911401,28.5851,28.4251,428,36914,0.30452,0.09,1,1982444,1982016,428
143914321,28.917,32.085,424,36971,0.292904,0.17,1,1982473,1982049,424
143917241,52.9834,50.417,428,37028,0.370581,0.15,1,1982532,1982104,428
143920161,63.3967,62.0834,429,37085,0.386116,0.15,1,1982598,1982169,429
143923081,14.2793,14.0167,429,37142,0.389223,0.15,1,1982600,1982171,429
143926001,22.0559,2.80334,453,37199,0.421845,0.21,1,1982624,1982171,453
143928921,22.0112,18.9607,452,37256,0.428369,0.21,1,1982646,1982194,452
143931841,42.8022,22.1921,477,37313,0.397674,0.23,1,1982694,1982217,477
143934761,58.9604,40.4384,495,37370,0.423535,0.25,1,1982757,1982262,495
143937681,32.5921,57.6877,459,37427,0.460707,0.27,1,1982783,1982324,459
143940601,33.7184,33.1375,466,37483,0.468141,0.25,1,1982817,1982351,466
143943521,32.3437,34.6275,463,37539,0.485628,0.29,1,1982849,1982386,463
143946441,29.6687,30.9255,462,37595,0.505126,0.31,1,1982878,1982416,462
143949361,29.9337,28.5851,464,37651,0.509025,0.29,1,1982908,1982444,464
143952281,55.5868,28.917,497,37707,0.493805,0.39,1,1982970,1982473,497
143955201,65.5174,52.9834,506,37763,0.490761,0.39,1,1983038,1982532,506
143958121,14.7035,63.3967,442,37819,0.490152,0.39,1,1983040,1982598,442
143961041,23.7407,14.2793,466,37875,0.49003,0.43,1,1983066,1982600,466
143963961,22.3481,22.0559,464,37931,0.506006,0.43,1,1983088,1982624,464
143966881,41.2696,22.0112,488,37987,0.541201,0.39,1,1983134,1982646,488
143969801,61.0539,42.8022,506,38043,0.59624,0.43,1,1983200,1982694,506
143972721,33.8108,58.9604,470,38099,0.623248,0.47,1,1983227,1982757,470
143975641,34.7622,32.5921,479,38154,0.64465,0.47,1,1983262,1982783,479
143978561,32.5524,33.7184,477,38209,0.68093,0.49,1,1983294,1982817,477
143981481,30.5105,32.3437,475,38264,0.704186,0.51,1,1983324,1982849,475
143984401,30.1021,29.6687,476,38319,0.724837,0.51,1,1983354,1982878,476
143987321,54.8204,29.9337,507,38374,0.744967,0.49,1,1983415,1982908,507
143990241,65.3641,55.5868,513,38429,0.732993,0.49,1,1983483,1982970,513
143993161,14.6728,65.5174,447,38484,0.746599,0.49,1,1983485,1983038,447
143996081,23.7346,14.7035,471,38539,0.76532,0.49,2,1983511,1983040,471
143999001,23.1469,23.7407,468,38594,0.753064,0.51,2,1983534,1983066,468
144001921,6.22938,22.3481,448,38649,0.750613,0.55,2,1983536,1983088,448
144004841,38.8459,41.2696,449,38704,0.766123,0.61,2,1983583,1983134,449
144007761,61.3692,61.0539,450,38759,0.785225,0.63,2,1983650,1983200,450
144010681,36.2738,33.8108,453,38813,0.821045,0.65,2,1983680,1983227,453
144013601,36.8548,34.7622,455,38867,0.828209,0.69,2,1983717,1983262,455
144016521,33.771,32.5524,456,38921,0.829642,0.71,2,1983750,1983294,456
144019441,32.3542,30.5105,458,38975,0.813928,0.73,2,1983782,1983324,458
144022361,30.4708,30.1021,458,39029,0.842786,0.75,2,1983812,1983354,458
144025281,55.6942,54.8204,459,39083,0.864557,0.73,2,1983874,1983415,459
144028201,66.3388,65.3641,460,39137,0.884911,0.75,2,1983943,1983483,460
144031121,14.8678,14.6728,460,39191,0.888982,0.77,2,1983945,1983485,460
144034041,23.7736,23.7346,460,39245,0.921797,0.75,2,1983971,1983511,460
144036961,22.3547,23.1469,459,39299,0.912359,0.75,2,1983993,1983534,459
144039881,6.07094,6.22938,459,39353,0.942472,0.77,2,1983995,1983536,459
144042801,38.0142,38.8459,458,39407,0.916494,0.79,2,1984041,1983583,458
144182961,66,80,483,41902,0.63,1,1,1985837,1985354,483
144185881,35.6,31.2,492,41952,0.534,1,1,1985865,1985373,492
144188801,31.92,27.84,496,42002,0.4348,1,1,1985896,1985400,496
144191721,31.184,19.968,509,42052,0.30296,1,1,1985927,1985418,509
144194641,22.2368,17.5936,512,42102,0.308592,1,1,1985947,1985435,512
144197561,18.8474,27.5187,500,42152,0.261718,1,1,1985965,1985465,500
144200481,45.3695,61.5037,482,42202,0.204344,1,1,1986017,1985535,482
144203401,33.0739,34.7007,484,42252,0.160869,1,1,1986047,1985563,484
144206321,26.6148,30.9401,479,42302,0.136174,1,1,1986072,1985593,479
144209241,27.723,28.588,479,42352,0.147235,0.95,1,1986100,1985621,479
144212161,26.3446,28.1176,477,42402,0.053447,1,1,1986126,1985649,477
144215081,29.2689,32.0235,474,42452,0.0346894,0.83,1,1986156,1985682,474
144218001,22.6538,28.8047,467,42502,0.0469379,0.85,1,1986177,1985710,467
144220921,49.3308,54.5609,462,42552,0.0653876,0.63,1,1986233,1985771,462
144223841,53.8662,63.7122,451,42602,0.0530775,0.51,1,1986288,1985837,451
144226761,28.3732,35.1424,445,42652,0.0506155,0.41,1,1986310,1985865,445
144229681,27.2746,31.8285,441,42701,0.0661231,0.27,1,1986337,1985896,441
144232601,26.2549,31.1657,436,42750,0.0692246,0.31,1,1986363,1985927,436
144235521,18.851,22.2331,433,42799,0.101845,0.25,1,1986380,1985947,433
144238441,18.9702,18.8466,434,42848,0.076369,0.19,1,1986399,1985965,434
144241361,42.194,45.3693,430,42897,0.119274,0.15,1,1986447,1986017,430
144244281,29.2388,33.0739,426,42946,0.143855,0.13,1,1986473,1986047,426
144247201,26.6478,26.6148,427,42995,0.180771,0.13,1,1986499,1986072,427
144250121,26.1296,5.32295,453,43044,0.204154,0.15,1,1986525,1986072,453
144253041,22.8259,23.4646,447,43093,0.176831,0.03,1,1986547,1986100,447
144255961,29.3652,25.4929,452,43142,0.187366,0.03,1,1986578,1986126,452
144258881,22.673,29.0986,443,43191,0.109473,0.05,1,1986599,1986156,443
144261801,49.3346,22.6197,478,43240,0.125895,0.07,1,1986655,1986177,478
144264721,54.6669,49.3239,478,43289,0.161179,0.05,1,1986711,1986233,478
144267641,28.5334,53.8648,445,43338,0.168236,0.05,1,1986733,1986288,445
144270561,28.9067,28.373,452,43387,0.185647,0.07,1,1986762,1986310,452
144273481,26.5813,27.2746,451,43436,0.189129,0.07,1,1986788,1986337,451
144276401,18.1163,26.2549,441,43485,0.157826,0.11,1,1986804,1986363,441
144279321,18.8233,18.851,443,43534,0.167565,0.07,1,1986823,1986380,443
144282241,44.5646,18.9702,475,43582,0.185513,0.13,1,1986874,1986399,475
144285161,30.5129,42.194,454,43630,0.189103,0.15,1,1986901,1986447,454
144288081,26.9026,29.2388,454,43678,0.189821,0.19,1,1986927,1986473,454
144291001,28.5805,26.6478,457,43726,0.205964,0.21,1,1986956,1986499,457
144293921,23.3161,26.1296,453,43774,0.225193,0.17,1,1986978,1986525,453
144296841,27.0632,22.8259,459,43822,0.245039,0.19,1,1987006,1986547,459
144299761,21.4126,29.3652,448,43870,0.265008,0.09,1,1987026,1986578,448
144302681,49.0825,22.673,483,43918,0.269002,0.13,1,1987082,1986599,483
144305601,56.2165,49.3346,485,43966,0.3018,0.17,1,1987140,1986655,485
144308521,28.8433,54.6669,451,44014,0.32436,0.17,1,1987162,1986711,451
144311441,29.7687,28.5334,459,44062,0.328872,0.19,1,1987192,1986733,459
144314361,25.1537,28.9067,454,44110,0.345774,0.19,1,1987216,1986762,454
144317281,17.8307,26.5813,444,44158,0.365155,0.15,1,1987232,1986788,444
144320201,20.3662,18.1163,449,44206,0.353031,0.17,1,1987253,1986804,449
144323121,45.6732,18.8233,482,44254,0.430606,0.19,1,1987305,1986823,482
144326041,29.9346,44.5646,457,44302,0.414121,0.19,1,1987331,1986874,457
144328961,26.7869,30.5129,456,44350,0.410824,0.19,1,1987357,1986901,456
144331881,30.1574,26.9026,461,44398,0.362165,0.21,1,1987388,1986927,461
144334801,23.6315,28.5805,454,44446,0.368433,0.23,1,1987410,1986956,454
144337721,6.3263,23.3161,434,44493,0.369687,0.25,1,1987412,1986978,434
144340641,23.6653,27.0632,434,44540,0.417937,0.27,1,1987440,1987006,434
144343561,21.5331,21.4126,435,44587,0.443587,0.27,1,1987461,1987026,435
144346481,49.9066,49.0825,436,44634,0.432718,0.31,1,1987518,1987082,436
144349401,57.9813,56.2165,438,44681,0.430544,0.33,1,1987578,1987140,438
144352321,29.1963,28.8433,438,44728,0.462109,0.33,1,1987600,1987162,438
144355241,30.6393,29.7687,439,44775,0.468422,0.35,1,1987631,1987192,439
144358161,26.1279,25.1537,440,44822,0.453684,0.37,1,1987656,1987216,440
144361081,18.0256,17.8307,440,44869,0.482737,0.35,1,1987672,1987232,440
144364001,22.8051,20.3662,443,44916,0.488547,0.45,1,1987696,1987253,443
144366921,45.361,45.6732,442,44963,0.505709,0.41,1,1987747,1987305,442
144369841,29.8722,29.9346,442,45010,0.509142,0.41,1,1987773,1987331,442
144372761,26.7744,26.7869,442,45057,0.509828,0.35,1,1987799,1987357,442
144375681,28.5549,30.1574,440,45104,0.541966,0.37,1,1987828,1987388,440
144378601,23.311,23.6315,440,45151,0.548393,0.37,1,1987850,1987410,440
144381521,6.2622,6.3263,440,45198,0.581679,0.43,1,1987852,1987412,440
144384441,24.4524,23.6653,441,45245,0.604336,0.45,1,1987881,1987440,441
144387361,22.4905,21.5331,442,45292,0.608867,0.43,1,1987903,1987461,442
144390281,49.2981,49.9066,441,45339,0.689773,0.43,1,1987959,1987518,441
144393201,59.4596,57.9813,443,45386,0.705955,0.47,1,1988021,1987578,443
144396121,29.4919,29.1963,443,45432,0.741191,0.47,1,1988043,1987600,443
144399041,30.6984,30.6393,443,45478,0.764238,0.45,2,1988074,1987631,443
144401961,26.9397,26.1279,444,45524,0.768848,0.49,2,1988100,1987656,444
144404881,18.1879,18.0256,444,45570,0.83377,0.49,2,1988116,1987672,444
144407801,22.8376,22.8051,444,45616,0.814754,0.51,2,1988140,1987696,444
144410721,47.7675,45.361,447,45662,0.810951,0.51,2,1988194,1987747,447
144413641,30.3535,29.8722,447,45708,0.81019,0.51,2,1988220,1987773,447
144416561,27.6707,26.7744,448,45754,0.842038,0.55,2,1988247,1987799,448
144419481,29.5341,28.5549,449,45800,0.880408,0.55,2,1988277,1987828,449
144422401,23.5068,23.311,449,45846,0.904082,0.59,2,1988299,1987850,449
144425321,6.30137,6.2622,449,45892,0.876816,0.61,2,1988301,1987852,449
144428241,26.0603,24.4524,451,45938,0.903363,0.61,2,1988332,1987881,451
144431161,22.8121,4.89049,473,45984,0.908673,0.61,2,1988354,1987881,473
144434081,51.7624,18.5781,510,46030,0.925735,0.71,2,1988413,1987903,510
144437001,61.5525,48.5156,518,46076,0.929147,0.71,2,1988477,1987959,518
144439921,30.7105,59.3031,479,46122,0.913829,0.75,2,1988500,1988021,479
144442841,32.5421,29.4606,490,46168,0.926766,0.77,2,1988533,1988043,490
144445761,28.9084,30.6921,487,46214,0.945353,0.77,2,1988561,1988074,487
144448681,18.5817,26.9384,477,46260,0.949071,0.85,2,1988577,1988100,477
144451601,22.9163,18.1877,485,46306,0.949814,0.81,2,1988601,1988116,485
144454521,47.7833,22.8375,515,46352,0.949963,0.81,2,1988655,1988140,515
144658921,33,29,525,49433,0.83,1,2,1990784,1990259,525
144661841,25,29,519,49476,0.782,1,2,1990807,1990288,519
144664761,31.4,33,518,49519,0.6924,1,1,1990840,1990322,518
144667681,34.28,28.2,526,49562,0.67448,1,1,1990875,1990349,526
144670601,28.456,40.84,509,49605,0.654896,1,1,1990902,1990393,509
144673521,28.0912,32.168,507,49647,0.714979,0.97,1,1990930,1990423,507
144676441,24.0182,28.8336,502,49689,0.710996,1,1,1990953,1990451,502
144679361,29.6036,31.3667,501,49731,0.790199,1,2,1990984,1990483,501
144682281,29.1207,29.4733,501,49773,0.75804,1,2,1991013,1990512,501
144685201,30.6241,28.2947,504,49815,0.751608,0.92,2,1991044,1990540,504
144688121,26.1248,32.0589,496,49857,0.718322,1,1,1991069,1990573,496
144691041,32.425,29.6118,501,49899,0.743664,1,1,1991103,1990602,501
144693961,32.885,33.9224,499,49941,0.732733,0.93,1,1991136,1990637,499
144696881,20.977,32.3845,485,49983,0.762547,0.98,2,1991154,1990669,485
144699801,25.7954,23.2769,491,50025,0.816509,0.87,2,1991181,1990690,491
144702721,30.7591,25.4554,497,50067,0.859302,0.83,2,1991213,1990716,497
144705641,30.9518,33.0911,493,50109,0.85186,0.83,2,1991244,1990751,493
144708561,25.3904,33.0182,484,50151,0.882372,0.77,2,1991268,1990784,484
144711481,29.0781,25.0036,491,50193,0.888474,0.67,2,1991298,1990807,491
144714401,34.6156,31.4007,494,50235,0.873695,0.67,2,1991334,1990840,494
144717321,26.9231,34.2801,484,50277,0.854739,0.65,2,1991359,1990875,484
144720241,6.98462,28.456,459,50319,0.850948,0.73,2,1991361,1990902,459
144723161,22.9969,28.0912,458,50361,0.866189,0.71,2,1991388,1990930,458
144726081,16.5994,24.0182,450,50403,0.885238,0.81,2,1991403,1990953,450
144729001,30.5199,29.6036,453,50445,0.825048,0.75,2,1991437,1990984,453
144731921,34.104,29.1207,459,50487,0.86101,0.75,2,1991472,1991013,459
144734841,31.6208,30.6241,459,50529,0.884202,0.71,2,1991503,1991044,459
144737761,26.3242,26.1248,459,50571,0.87284,0.75,2,1991528,1991069,459
144740681,31.6648,32.425,458,50613,0.854568,0.73,2,1991561,1991103,458
144743601,34.333,32.885,460,50655,0.850914,0.77,2,1991596,1991136,460
144746521,22.8666,20.977,462,50697,0.850183,0.83,2,1991616,1991154,462
144749441,26.1733,25.7954,462,50739,0.834037,0.87,2,1991643,1991181,462
144752361,33.2347,30.7591,465,50781,0.878807,0.85,2,1991678,1991213,465
144755281,30.6469,30.9518,464,50822,0.903762,0.89,2,1991708,1991244,464
144758201,26.9294,25.3904,466,50863,0.924752,0.89,2,1991734,1991268,466
144761121,27.7859,29.0781,464,50904,0.92895,0.87,2,1991762,1991298,464
144764041,35.1572,34.6156,465,50945,0.94579,0.85,2,1991799,1991334,465
144766961,26.2314,26.9231,464,50986,0.949158,0.85,2,1991823,1991359,464
144769881,6.84629,6.98462,464,51027,0.949832,0.87,2,1991825,1991361,464
145404981,59,65,470,27740,0.53,0.98,1,1997805,1997335,470
145407901,57.4,41.8,491,27816,0.514,0.85,1,1997862,1997371,491
145410821,57.08,57.16,487,27892,0.5108,0.85,1,1997919,1997432,487
145413741,60.216,61.032,486,27968,0.51016,0.73,1,1997980,1997494,486
145416661,40.0432,50.6064,473,28044,0.526032,0.63,1,1998015,1997542,473
145419581,37.6086,40.5213,472,28120,0.577206,0.65,1,1998052,1997580,472
145422501,27.5217,35.3043,463,28195,0.539441,0.63,1,1998077,1997614,463
145425421,28.7043,21.4609,474,28270,0.579888,0.49,1,1998106,1997632,474
145428341,45.7409,42.6922,476,28345,0.635978,0.53,1,1998156,1997680,476
145431261,64.3482,61.3384,479,28420,0.663196,0.53,1,1998225,1997746,479
145434181,80.0696,59.4677,504,28495,0.684639,0.51,1,1998309,1997805,504
145437101,60.8139,57.4935,503,28569,0.704928,0.51,1,1998365,1997862,503
145440021,60.9628,57.0987,507,28643,0.740986,0.51,1,1998426,1997919,507
145442941,42.5926,60.2197,484,28717,0.716197,0.53,1,1998464,1997980,484
145445861,37.3185,40.0439,485,28791,0.727239,0.59,1,1998500,1998015,485
145448781,28.2637,37.6088,474,28865,0.729448,0.53,1,1998526,1998052,474
145451701,30.4527,27.5218,480,28938,0.74589,0.59,1,1998557,1998077,480
145454621,47.6906,28.7044,503,29011,0.749178,0.65,1,1998609,1998106,503
145457541,64.7381,45.7409,522,29084,0.781836,0.67,2,1998678,1998156,522
145460461,82.5476,64.3482,540,29157,0.772367,0.69,2,1998765,1998225,540
145463381,61.3095,80.0696,512,29230,0.802473,0.71,2,1998821,1998309,512
145466301,62.6619,60.8139,519,29302,0.840495,0.75,2,1998884,1998365,519
145469221,41.3324,60.9628,494,29374,0.864099,0.71,2,1998920,1998426,494
145472141,37.8665,42.5926,493,29446,0.88482,0.73,2,1998957,1998464,493
145475061,28.3733,37.3185,483,29518,0.904964,0.73,2,1998983,1998500,483
145477981,31.2747,28.2637,489,29590,0.924993,0.75,2,1999015,1998526,489
145583101,61,39,530,32065,0.69,1,1,2000778,2000248,530
145586021,43.4,49.4,517,32131,0.514,1,1,2000817,2000300,517
145588941,39.88,40.28,518,32197,0.4308,1,1,2000856,2000338,518
145591861,35.976,38.456,515,32263,0.33416,1,1,2000891,2000376,515
145594781,32.7952,33.2912,515,32329,0.202832,1,1,2000923,2000408,515
145597701,32.159,30.6582,517,32394,0.112566,1,1,2000955,2000438,517
145600621,84.0318,44.5316,566,32459,0.0465133,1,1,2001052,2000486,566
145603541,74.4064,80.1063,549,32524,0.113303,0.93,1,2001124,2000575,549
145606461,33.2813,78.4213,494,32589,0.110661,0.89,1,2001147,2000653,494
145609381,29.8563,40.4843,492,32654,0.0301321,0.83,1,2001176,2000684,492
145612301,50.7712,34.4968,515,32719,0.0780264,0.69,1,2001232,2000717,515
145615221,11.7542,55.6994,456,32784,0.119605,0.47,1,2001234,2000778,456
145618141,22.3508,42.3399,442,32849,0.111921,0.41,1,2001259,2000817,442
145621061,30.8702,39.668,436,32913,0.126384,0.31,1,2001292,2000856,436
145623981,30.974,35.9336,432,32977,0.0972768,0.17,1,2001323,2000891,432
145626901,29.3948,32.7867,429,33041,0.123455,0.09,1,2001352,2000923,429
145629821,27.479,32.1573,424,33105,0.144691,0.03,1,2001379,2000955,424
145632741,82.2958,84.0315,423,33169,0.0849382,0.13,1,2001475,2001052,423
145635661,78.8592,74.4063,429,33233,0.0889876,0.11,1,2001553,2001124,429
145638581,30.9718,33.2813,425,33297,0.0897975,0.01,1,2001572,2001147,425
145641501,28.5944,29.8563,424,33361,0.0579595,0.09,1,2001600,2001176,424
145644421,52.9189,50.7712,427,33424,0.0515919,0.13,1,2001659,2001232,427
145647341,12.1838,11.7542,427,33487,0.0503184,0.11,1,2001661,2001234,427
145650261,22.4368,22.3508,427,33550,0.114064,0.13,1,2001686,2001259,427
145653181,31.6874,30.8702,428,33613,0.174813,0.09,1,2001720,2001292,428
145656101,30.3375,30.974,427,33676,0.186963,0.13,1,2001750,2001323,427
145659021,28.4675,29.3948,426,33739,0.157393,0.15,1,2001778,2001352,426
145661941,28.0935,27.479,427,33802,0.151478,0.07,1,2001806,2001379,427
145664861,79.2187,82.2958,423,33865,0.134296,0.09,1,2001898,2001475,423
145667781,79.8437,78.8592,425,33927,0.0828591,0.09,1,2001978,2001553,425
145670701,30.3687,30.9718,424,33989,0.0725718,0.05,1,2001996,2001572,424
145673621,28.4737,28.5944,424,34051,0.0705144,0.05,1,2002024,2001600,424
145676541,53.6947,52.9189,425,34113,0.0701029,0.05,1,2002084,2001659,425
145679461,12.3389,12.1838,425,34175,0.0700206,0.13,1,2002086,2001661,425
145682381,24.0678,22.4368,427,34237,0.0700041,0.13,1,2002113,2001686,427
145685301,32.8136,4.48735,462,34299,0.0220008,0.19,1,2002148,2001686,462
145688221,30.5627,28.0975,458,34361,0.0284002,0.19,1,2002178,2001720,458
145691141,28.5125,29.6195,456,34423,0.04568,0.15,1,2002206,2001750,456
145694061,28.1025,28.3239,456,34484,0.049136,0.15,1,2002234,2001778,456
145696981,78.4205,28.0648,519,34545,0.0818272,0.13,1,2002325,2001806,519
145699901,75.6841,79.213,502,34606,0.136365,0.07,1,2002400,2001898,502
145702821,29.5368,79.8426,440,34667,0.147273,0.07,1,2002418,2001978,440
145705741,29.1074,30.3685,451,34728,0.181455,0.07,1,2002447,2001996,451
145708661,53.0215,28.4737,482,34789,0.220291,0.07,1,2002506,2002024,482
145711581,12.2043,53.6947,424,34850,0.228058,0.07,1,2002508,2002084,424
145714501,24.0409,12.3389,449,34911,0.213612,0.07,1,2002535,2002086,449
145717421,32.0082,24.0678,456,34972,0.226722,0.01,1,2002569,2002113,456
145720341,31.2016,32.8136,452,35032,0.245344,0.03,1,2002600,2002148,452
145723261,29.4403,30.5627,451,35092,0.249069,0.05,1,2002629,2002178,451
145726181,28.2881,28.5125,451,35152,0.249814,0.05,1,2002657,2002206,451
145729101,80.0576,28.1025,516,35212,0.313963,0.09,1,2002750,2002234,516
145732021,78.4115,78.4205,503,35272,0.326793,0.15,1,2002828,2002325,503
145734941,30.0823,75.6841,446,35332,0.345358,0.15,1,2002846,2002400,446
145737861,30.8165,29.5368,459,35392,0.397072,0.19,1,2002877,2002418,459
145740781,54.9633,29.1074,491,35452,0.455414,0.23,1,2002938,2002447,491
145743701,12.5927,53.0215,434,35512,0.467083,0.23,1,2002940,2002506,434
145746621,23.3185,12.2043,458,35572,0.469417,0.21,1,2002966,2002508,458
145749541,34.2637,24.0409,468,35631,0.485883,0.23,1,2003003,2002535,468
145752461,30.8527,32.0082,464,35690,0.553177,0.25,1,2003033,2002569,464
145755381,7.77055,31.2016,435,35749,0.566635,0.25,1,2003035,2002600,435
145758301,23.9541,29.4403,434,35808,0.569327,0.25,1,2003063,2002629,434
145761221,27.9908,28.2881,435,35867,0.585865,0.33,1,2003092,2002657,435
145764141,82.3982,80.0576,438,35926,0.605173,0.33,1,2003188,2002750,438
145767061,78.8796,78.4115,438,35985,0.593035,0.35,1,2003266,2002828,438
145769981,32.5759,30.0823,441,36044,0.622607,0.41,1,2003287,2002846,441
145772901,32.1152,30.8165,442,36103,0.596521,0.47,1,2003319,2002877,442
145775821,57.623,54.9633,445,36162,0.607304,0.47,1,2003383,2002938,445
145778741,13.1246,12.5927,445,36220,0.609461,0.47,1,2003385,2002940,445
145781661,23.4249,23.3185,445,36278,0.657892,0.49,1,2003411,2002966,445
145784581,37.485,34.2637,449,36336,0.667578,0.57,1,2003452,2003003,449
145787501,32.297,30.8527,450,36394,0.685516,0.57,1,2003483,2003033,450
145790421,8.0594,7.77055,450,36452,0.689103,0.57,1,2003485,2003035,450
145793341,24.0119,23.9541,450,36510,0.689821,0.59,1,2003513,2003063,450
145796261,28.8024,27.9908,451,36568,0.705964,0.61,1,2003543,2003092,451
145799181,81.7605,82.3982,450,36626,0.757193,0.59,2,2003638,2003188,450
145802101,79.5521,78.8796,451,36684,0.783439,0.63,2,2003717,2003266,451
145805021,32.7104,32.5759,451,36742,0.804688,0.59,2,2003738,2003287,451
145807941,32.1421,32.1152,451,36800,0.808938,0.61,2,2003770,2003319,451
145810861,58.4284,57.623,452,36857,0.825787,0.61,2,2003835,2003383,452
145813781,13.2857,13.1246,452,36914,0.829157,0.67,2,2003837,2003385,452
145816701,24.2571,23.4249,453,36971,0.877832,0.67,2,2003864,2003411,453
145819621,37.6514,37.485,453,37028,0.855566,0.69,2,2003905,2003452,453
145822541,33.9303,32.297,455,37085,0.867113,0.69,2,2003938,2003483,455
145825461,8.38606,8.0594,455,37142,0.869423,0.69,2,2003940,2003485,455
145828381,24.8772,1.61188,484,37199,0.869884,0.69,2,2003969,2003485,484
145831301,28.9754,22.7224,486,37256,0.853977,0.71,2,2003999,2003513,486
145834221,84.9951,28.5445,555,37313,0.818795,0.77,2,2004098,2003543,555
145837141,80.199,81.7089,539,37370,0.859759,0.79,2,2004177,2003638,539
145840061,32.0398,79.5418,480,37427,0.867952,0.81,2,2004197,2003717,480
145842981,32.808,32.7084,492,37483,0.90159,0.81,2,2004230,2003738,492
145845901,60.1616,32.1417,527,37539,0.892318,0.83,2,2004297,2003770,527
145848821,13.6323,58.4283,464,37595,0.890464,0.83,2,2004299,2003835,464
145851741,25.1265,13.2857,490,37651,0.922093,0.89,2,2004327,2003837,490
146013801,119,82,532,18482,0.09,0.53,1,2006544,2006012,532
146016721,106.2,114,513,18597,0.122,0.19,1,2006647,2006134,513
146019641,64.44,114.8,452,18711,0.1924,0.13,1,2006701,2006249,452
146022561,46.488,70.96,434,18824,0.17448,0.13,1,2006743,2006309,434
146025481,35.6976,34.192,442,18937,0.234896,0.09,1,2006776,2006334,442
146028401,63.9395,79.6384,422,19049,0.310979,0.09,1,2006847,2006425,422
146031321,109.588,111.128,424,19160,0.230196,0.13,1,2006968,2006544,424
146034241,106.718,104.626,427,19271,0.294039,0.21,1,2007074,2006647,427
146037161,68.5435,64.1251,432,19381,0.290808,0.17,1,2007133,2006701,432
146040081,48.1087,46.425,433,19490,0.306162,0.25,1,2007176,2006743,433
146043001,37.6217,35.685,435,19599,0.325232,0.25,1,2007211,2006776,435
146045921,63.5243,7.137,505,19707,0.329046,0.33,1,2007281,2006776,505
146048841,108.705,58.2274,554,19815,0.377809,0.21,1,2007401,2006847,554
146051761,108.941,108.445,542,19922,0.483562,0.31,1,2007510,2006968,542
146054681,68.1882,106.489,494,20028,0.536712,0.29,1,2007568,2007074,494
146057601,48.0376,68.4978,478,20134,0.579342,0.31,1,2007611,2007133,478
146060521,37.6075,48.0996,470,20239,0.555869,0.33,1,2007646,2007176,470
146063441,65.1215,37.6199,507,20344,0.599174,0.33,1,2007718,2007211,507
146066361,111.424,63.524,560,20448,0.623835,0.39,1,2007841,2007281,560
146069281,115.085,108.705,556,20552,0.580767,0.51,1,2007957,2007401,556
146072201,70.217,108.941,506,20655,0.588153,0.55,1,2008016,2007510,506
146075121,48.4434,68.1882,491,20758,0.605631,0.59,1,2008059,2007568,491
146078041,37.6887,48.0376,483,20860,0.625126,0.55,1,2008094,2007611,483
146080961,67.5377,37.6075,523,20962,0.661025,0.61,1,2008169,2007646,523
146083881,15.1075,65.1215,453,21063,0.668205,0.63,1,2008171,2007718,453
146086801,101.422,111.424,453,21164,0.749641,0.57,1,2008294,2007841,453
146089721,110.684,115.085,450,21264,0.765928,0.59,2,2008407,2007957,450
146092641,70.1369,70.217,451,21364,0.833186,0.61,2,2008467,2008016,451
146095561,49.2274,48.4434,452,21463,0.846637,0.63,2,2008511,2008059,452
146098481,38.6455,37.6887,453,21562,0.865327,0.67,2,2008547,2008094,453
146101401,69.3291,67.5377,455,21660,0.917066,0.67,2,2008624,2008169,455
146200681,23,30,477,24770,0.87,0.93,2,2010854,2010377,477
146203601,22.2,27.6,472,24856,0.838,0.99,2,2010876,2010404,472
146206521,46.04,38.32,483,24941,0.7836,0.95,2,2010928,2010445,483
146209441,51.608,60.464,470,25026,0.78872,0.92,2,2010981,2010511,470
146212361,44.7216,40.8928,477,25111,0.821744,0.98,2,2011024,2010547,477
146215281,102.544,108.979,468,25195,0.828349,0.83,2,2011141,2010673,468
146218201,85.3089,89.7957,464,25279,0.82967,0.83,2,2011222,2010758,464
146221121,73.0618,76.3591,461,25363,0.893934,0.87,2,2011292,2010831,461
146224041,34.6124,33.6718,463,25447,0.938787,0.87,2,2011317,2010854,463
146226961,22.9225,6.73437,483,25530,0.883757,0.83,2,2011337,2010854,483
146229881,44.5845,18.9469,511,25613,0.920752,0.77,2,2011387,2010876,511
146349601,34,70,503,28808,0.67,1,1,2013693,2013190,503
146352521,54.8,48.4,520,28881,0.446,1,1,2013753,2013233,520
146355441,34.96,41.68,510,28954,0.4172,1,1,2013783,2013273,510
146358361,34.192,32.336,514,29027,0.31544,1,1,2013817,2013303,514
146361281,38.0384,37.6672,514,29100,0.231088,1,1,2013856,2013342,514
146364201,34.0077,37.1334,510,29173,0.102218,1,1,2013889,2013379,510
146367121,74.8015,33.8267,562,29246,0.108444,1,1,2013974,2013412,562
146370041,70.9603,79.5653,541,29318,0.0456887,0.9,1,2014044,2013503,541
146372961,65.3921,74.3131,532,29390,0.0331377,0.71,1,2014108,2013576,532
146375881,40.2784,81.2626,483,29462,0.0626275,0.67,1,2014142,2013659,483
146378801,45.6557,43.4525,496,29534,0.0685255,0.39,1,2014189,2013693,496
146381721,29.1311,56.6905,461,29606,0.0857051,0.41,1,2014214,2013753,461
146384641,33.0262,35.3381,465,29677,0.073141,0.29,1,2014248,2013783,465
146387561,38.6052,34.2676,471,29748,0.134628,0.21,1,2014288,2013817,471
146390481,29.321,38.0535,459,29819,0.0989256,0.07,1,2014315,2013856,459
146393401,7.46421,34.0107,428,29890,0.0917851,0.11,1,2014317,2013889,428
146396321,66.2928,74.8021,424,29961,0.074357,0.03,1,2014398,2013974,424
146399241,67.6586,70.9604,422,30032,0.0708714,0.03,1,2014466,2014044,422
146402161,65.5317,65.3921,423,30102,0.118174,0.07,1,2014531,2014108,423
146405081,42.7063,40.2784,426,30172,0.0796349,0.07,1,2014568,2014142,426
146408001,46.1413,45.6557,426,30242,0.167927,0.09,1,2014615,2014189,426
146410921,28.4283,29.1311,425,30312,0.153585,0.07,1,2014639,2014214,425
146413841,32.8857,33.0262,425,30382,0.150717,0.15,1,2014673,2014248,425
146416761,40.1771,38.6052,427,30452,0.182143,0.09,1,2014715,2014288,427
146419681,28.8354,29.321,426,30521,0.220429,0.09,1,2014741,2014315,426
146422601,7.36709,7.46421,426,30590,0.228086,0.07,1,2014743,2014317,426
146425521,66.2734,66.2928,426,30659,0.181617,0.07,1,2014824,2014398,426
146428441,66.8547,67.6586,425,30728,0.172323,0.13,1,2014891,2014466,425
146431361,64.5709,65.5317,424,30797,0.154465,0.07,1,2014955,2014531,424
146434281,42.5142,42.7063,424,30866,0.166893,0.19,1,2014992,2014568,424
146437201,50.1028,46.1413,429,30935,0.137379,0.15,1,2015044,2014615,429
146440121,29.2206,28.4283,429,31003,0.163476,0.15,1,2015068,2014639,429
146443041,33.0441,32.8857,429,31071,0.168695,0.19,1,2015102,2014673,429
146445961,40.2088,40.1771,429,31139,0.137739,0.23,1,2015144,2014715,429
146448881,30.4418,28.8354,431,31207,0.179548,0.23,1,2015172,2014741,431
146451801,7.68835,7.36709,431,31275,0.18791,0.17,1,2015174,2014743,431
146454721,63.9377,66.2734,428,31343,0.205582,0.17,1,2015252,2014824,428
146457641,65.5875,13.2547,494,31411,0.225116,0.17,1,2015318,2014824,494
146460561,65.1175,56.2509,492,31478,0.309023,0.15,1,2015383,2014891,492
146463481,41.8235,62.4502,464,31545,0.341805,0.17,1,2015419,2014955,464
146466401,49.9647,42.09,479,31612,0.364361,0.13,1,2015471,2014992,479
146469321,29.1929,50.018,451,31679,0.400872,0.17,1,2015495,2015044,451
146472241,33.0386,29.2036,461,31746,0.440174,0.17,1,2015529,2015068,461
146475161,40.2077,33.0407,469,31813,0.464035,0.13,1,2015571,2015102,469
146478081,32.8415,40.2081,458,31880,0.452807,0.19,1,2015602,2015144,458
146481001,8.16831,30.4416,432,31946,0.450561,0.19,1,2015604,2015172,432
146483921,64.8337,7.68833,509,32012,0.450112,0.21,1,2015683,2015174,509
146486841,66.5667,63.9377,498,32078,0.434022,0.23,1,2015750,2015252,498
146489761,69.3133,65.5875,502,32144,0.526805,0.33,1,2015820,2015318,502
146492681,43.4627,65.1175,474,32210,0.577361,0.35,1,2015857,2015383,474
146495601,51.8925,41.8235,492,32276,0.587472,0.37,1,2015911,2015419,492
146498521,31.1785,49.9647,466,32342,0.557494,0.41,1,2015937,2015471,466
146501441,35.0357,29.1929,478,32407,0.583499,0.45,1,2015973,2015495,478
146504361,40.6071,33.0386,486,32472,0.5887,0.47,1,2016015,2015529,486
146507281,32.9214,40.2077,475,32537,0.60574,0.45,1,2016046,2015571,475
146510201,8.18429,32.8415,446,32602,0.609148,0.45,1,2016048,2015602,446
146513121,64.0369,8.16831,522,32667,0.62583,0.45,1,2016126,2015604,522
146516041,65.6074,64.8337,509,32732,0.645166,0.43,1,2016192,2015683,509
146518961,14.7215,66.5667,444,32797,0.649033,0.55,1,2016194,2015750,444
146521881,62.9443,69.3133,449,32861,0.745807,0.59,1,2016269,2015820,449
146524801,43.7889,43.4627,451,32925,0.733161,0.59,1,2016308,2015857,451
146527721,50.3578,51.8925,449,32989,0.778632,0.55,2,2016360,2015911,449
146530641,30.8716,31.1785,449,33053,0.787726,0.59,2,2016386,2015937,449
146533561,36.5743,35.0357,451,33117,0.821545,0.59,2,2016424,2015973,451
146536481,40.9149,40.6071,451,33181,0.876309,0.61,2,2016466,2016015,451
146539401,32.183,32.9214,450,33245,0.887262,0.61,2,2016496,2016046,450
146542321,8.03659,8.18429,450,33309,0.889452,0.63,2,2016498,2016048,450
146688321,47,30,506,36347,0.69,1,1,2018677,2018171,506
146691241,37.4,29.2,512,36405,0.594,1,1,2018712,2018200,512
146694161,30.68,37.84,501,36463,0.5748,1,1,2018741,2018240,501
146697081,29.336,29.968,502,36521,0.50696,1,1,2018770,2018268,502
146700001,35.4672,44.3936,491,36579,0.365392,1,1,2018807,2018316,491
146702921,31.8934,39.2787,484,36637,0.177078,1,1,2018838,2018354,484
146705841,41.5787,32.6557,497,36695,0.0434157,1,1,2018882,2018385,497
146708761,36.3157,24.1311,510,36753,0.0646831,1,1,2018917,2018407,510
146711681,37.6631,52.0262,489,36810,0.0369366,1,1,2018955,2018466,489
146714601,62.7326,76.0052,476,36867,0.0633873,0.92,1,2019024,2018548,476
146717521,35.7465,41.601,472,36924,0.0366775,0.85,1,2019053,2018581,472
146720441,39.9493,47.5202,464,36981,0.0953355,0.69,1,2019094,2018630,464
146723361,37.5899,47.104,454,37038,0.0590671,0.57,1,2019131,2018677,454
146726281,31.518,37.4208,449,37095,0.115813,0.57,1,2019161,2018712,449
146729201,24.7036,30.6842,443,37152,0.0471627,0.57,1,2019184,2018741,443
146732121,24.1407,6.13683,467,37209,0.0654325,0.49,1,2019208,2018741,467
146735041,28.8281,24.4274,468,37266,0.0530865,0.33,1,2019238,2018770,468
146737961,23.3656,34.4855,453,37323,0.0346173,0.13,1,2019260,2018807,453
146740881,39.0731,31.6971,465,37380,0.0309235,0.01,1,2019303,2018838,465
146743801,35.8146,41.5394,456,37437,0.0461847,0.07,1,2019338,2018882,456
146746721,37.5629,36.3079,459,37493,0.0332369,0.03,1,2019376,2018917,459
146749641,62.7126,37.6616,490,37549,0.0466474,0.07,1,2019445,2018955,490
146752561,35.7425,62.7323,450,37605,0.0493295,0.03,1,2019474,2019024,450
146755481,39.9485,35.7465,462,37661,0.0658659,0.11,1,2019515,2019053,462
146758401,41.5897,39.9493,463,37717,0.0531732,0.05,1,2019557,2019094,463
146761321,29.9179,37.5899,453,37773,0.0346346,0.13,1,2019584,2019131,453
146764241,23.5836,31.518,445,37829,0.0309269,0.03,1,2019606,2019161,445
146767161,26.3167,24.7036,449,37885,0.0141854,0.07,1,2019633,2019184,449
146770081,26.0633,24.1407,451,37941,0.0428371,0.05,1,2019659,2019208,451
146773001,26.8127,28.8281,448,37997,0.0645674,0.03,1,2019686,2019238,448
146775921,37.3625,23.3656,466,38053,0.100913,0.03,1,2019726,2019260,466
146778841,35.4725,39.0731,458,38109,0.124183,0.05,1,2019761,2019303,458
146781761,35.8945,35.8146,459,38164,0.0648365,0.03,1,2019797,2019338,459
146784681,65.5789,37.5629,494,38219,0.0689673,0.05,1,2019870,2019376,494
146787601,33.1158,62.7126,450,38274,0.0857935,0.05,1,2019895,2019445,450
146790521,40.2232,35.7425,463,38329,0.0571587,0.07,1,2019937,2019474,463
146793441,41.6446,39.9485,464,38384,0.0354317,0.05,1,2019979,2019515,464
146796361,29.9289,41.5897,449,38439,0.0150863,0.03,1,2020006,2019557,449
146799281,23.5858,29.9179,444,38494,0.0270173,0.03,1,2020028,2019584,444
146802201,27.1172,23.5836,450,38549,0.0454035,0.01,1,2020056,2019606,450
146805121,26.2234,26.3167,449,38604,0.0490807,0.05,1,2020082,2019633,449
146808041,6.84469,26.0633,425,38659,0.0658161,0.07,1,2020084,2019659,425
146810961,22.9689,26.8127,425,38714,0.0851632,0.11,1,2020111,2019686,425
146813881,38.9938,37.3625,428,38769,0.121033,0.13,1,2020154,2019726,428
146816801,35.7988,35.4725,428,38823,0.112207,0.05,1,2020189,2019761,428
146819721,31.1598,35.8945,422,38877,0.142441,0.07,1,2020219,2019797,422
146822641,67.0319,65.5789,425,38931,0.116488,0.09,1,2020295,2019870,425
146825561,34.2064,33.1158,426,38985,0.111298,0.05,1,2020321,2019895,426
146828481,39.6413,40.2232,425,39039,0.14226,0.03,1,2020362,2019937,425
146831401,39.9283,41.6446,423,39093,0.196452,0.01,1,2020402,2019979,423
146834321,29.5857,29.9289,423,39147,0.19129,0.03,1,2020429,2020006,423
146837241,23.5171,23.5858,423,39201,0.158258,0.05,1,2020451,2020028,423
146840161,27.9034,27.1172,424,39255,0.167652,0.05,1,2020480,2020056,424
146843081,27.1807,26.2234,425,39309,0.18553,0.07,1,2020507,2020082,425
146846001,7.03614,6.84469,425,39363,0.157106,0.09,1,2020509,2020084,425
146848921,23.8072,22.9689,426,39417,0.151421,0.13,1,2020537,2020111,426
146851841,39.1614,38.9938,426,39471,0.198284,0.11,1,2020580,2020154,426
146854761,35.8323,35.7988,426,39525,0.207657,0.15,1,2020615,2020189,426
146857681,30.3665,31.1598,425,39578,0.209531,0.11,1,2020644,2020219,425
146860601,66.8733,67.0319,425,39631,0.177906,0.11,1,2020720,2020295,425
146863521,36.5747,34.2064,428,39684,0.123581,0.15,1,2020749,2020321,428
146866441,40.9149,39.6413,429,39737,0.0807162,0.21,1,2020791,2020362,429
146869361,42.583,39.9283,432,39790,0.120143,0.19,1,2020834,2020402,432
146872281,29.3166,29.5857,431,39843,0.128029,0.15,1,2020860,2020429,431
146875201,21.8633,23.5171,429,39896,0.129606,0.17,1,2020880,2020451,429
146878121,28.3727,27.9034,430,39949,0.129921,0.19,1,2020910,2020480,430
146881041,26.4745,27.1807,429,40002,0.145984,0.15,1,2020936,2020507,429
146883961,6.89491,7.03614,429,40055,0.149197,0.15,1,2020938,2020509,429
146886881,23.779,23.8072,429,40108,0.149839,0.15,1,2020966,2020537,429
146889801,39.1558,4.76145,472,40161,0.101968,0.21,1,2021009,2020537,472
146892721,35.8312,35.3523,464,40214,0.108394,0.21,1,2021044,2020580,464
146895641,30.3662,35.0705,458,40267,0.125679,0.21,1,2021073,2020615,458
146898561,65.2732,30.2141,503,40319,0.193136,0.17,1,2021147,2020644,503
146901481,33.8546,66.8428,453,40371,0.206627,0.11,1,2021173,2020720,453
146904401,40.3709,36.5686,466,40423,0.241325,0.07,1,2021215,2020749,466
146907321,43.2742,40.9137,468,40475,0.296265,0.13,1,2021259,2020791,468
146910241,29.4548,42.5827,451,40527,0.339253,0.13,1,2021285,2020834,451
146913161,21.891,29.3165,445,40579,0.347851,0.13,1,2021305,2020860,445
146916081,28.3782,21.8633,455,40631,0.36557,0.13,1,2021335,2020880,455
146919001,27.2756,28.3727,452,40683,0.369114,0.15,1,2021362,2020910,452
146921921,7.05513,26.4745,428,40735,0.369823,0.15,1,2021364,2020936,428
146924841,23.811,6.89491,454,40787,0.369965,0.15,1,2021392,2020938,454
146927761,38.3622,23.779,468,40839,0.369993,0.09,1,2021434,2020966,468
146930681,36.4724,39.1558,461,40891,0.385999,0.11,1,2021470,2021009,461
146933601,31.2945,35.8312,456,40943,0.3892,0.13,1,2021500,2021044,456
146936521,68.6589,30.3662,505,40995,0.45384,0.21,1,2021578,2021073,505
146939441,35.3318,65.2732,458,41046,0.482768,0.21,1,2021605,2021147,458
146942361,41.4664,33.8546,475,41097,0.504554,0.25,1,2021648,2021173,475
146945281,45.8933,40.3709,480,41148,0.572911,0.31,1,2021695,2021215,480
146948201,31.5787,43.2742,464,41199,0.602582,0.35,1,2021723,2021259,464
146951121,22.3157,29.4548,458,41250,0.624516,0.35,1,2021743,2021285,458
146954041,30.0631,21.891,470,41301,0.628903,0.37,1,2021775,2021305,470
146956961,26.8126,28.3782,466,41352,0.661781,0.37,1,2021801,2021335,466
146959881,6.96253,27.2756,441,41403,0.668356,0.37,1,2021803,2021362,441
146962801,23.7925,7.05513,467,41454,0.669671,0.37,1,2021831,2021364,467
146965721,38.3585,23.811,481,41505,0.685934,0.37,1,2021873,2021392,481
146968641,9.2717,38.3622,441,41556,0.689187,0.39,1,2021875,2021434,441
146971561,30.6543,36.4724,441,41607,0.689837,0.39,1,2021911,2021470,441
146974481,30.9309,31.2945,442,41658,0.705967,0.47,1,2021942,2021500,442
146977401,70.9862,68.6589,445,41709,0.757194,0.49,2,2022023,2021578,445
146980321,36.5972,35.3318,446,41760,0.735439,0.51,1,2022051,2021605,446
146983241,42.5194,41.4664,447,41811,0.811088,0.59,2,2022095,2021648,447
146986161,50.1039,45.8933,452,41861,0.794218,0.61,2,2022147,2021695,452
146989081,32.4208,31.5787,452,41911,0.790843,0.63,2,2022175,2021723,452
146992001,23.2842,22.3157,453,41961,0.838169,0.63,2,2022196,2021743,453
146994921,31.8568,30.0631,455,42011,0.911634,0.67,2,2022230,2021775,455
146997841,27.1714,26.8126,455,42061,0.910327,0.67,2,2022256,2021801,455
147000761,7.03427,6.96253,455,42111,0.910065,0.67,2,2022258,2021803,455
147003681,24.6069,23.7925,456,42161,0.942013,0.69,2,2022287,2021831,456
147044561,30,29,469,42857,0.93,0.95,2,2022756,2022287,469
147047481,39.6,39.4,469,42906,0.946,0.99,2,2022798,2022329,469
147050401,9.52,9.48,469,42955,0.9492,0.99,2,2022800,2022331,469
147062081,30,82,497,43151,0.93,0.97,2,2022978,2022481,497
147225601,86,70,521,20647,0,0.75,1,2024967,2024446,521
147228521,72.4,95.6,488,20750,0.104,0.53,1,2025036,2024548,488
147231441,52.88,78.32,462,20852,0.1088,0.37,1,2025084,2024622,462
147234361,69.776,64.464,475,20954,0.12576,0.09,1,2025158,2024683,475
147237281,37.1552,64.8928,439,21055,0.129152,0.05,1,2025187,2024748,439
147240201,35.431,41.7786,438,21156,0.14583,0.07,1,2025222,2024784,438
147243121,77.4862,85.9557,429,21256,0.0691661,0,1,2025310,2024881,429
147246041,79.4972,85.9911,423,21356,0.0138332,0.13,1,2025390,2024967,423
147248961,75.0994,72.3982,428,21455,0.0907666,0.11,1,2025464,2025036,428
147251881,51.0199,52.8796,425,21554,0.138153,0.13,1,2025509,2025084,425
147254801,71.004,69.7759,427,21652,0.163631,0.13,1,2025585,2025158,427
147257721,39.0008,37.1552,429,21750,0.152726,0.15,1,2025616,2025187,429
147260641,34.2002,35.431,427,21848,0.166545,0.05,1,2025649,2025222,427
147263561,73.24,77.4862,422,21945,0.201309,0,1,2025732,2025310,422
147266481,78.648,79.4972,422,22042,0.160262,0.11,1,2025812,2025390,422
147269401,77.3296,75.0994,425,22138,0.0880524,0.15,1,2025889,2025464,425
147272321,53.0659,51.0199,427,22234,0.10561,0.17,1,2025936,2025509,427
147275241,72.2132,71.004,428,22329,0.0931221,0.15,1,2026013,2025585,428
147278161,40.0426,39.0008,429,22424,0.0906244,0.17,1,2026045,2025616,429
147281081,35.2085,34.2002,430,22519,0.154125,0.17,1,2026079,2025649,430
147284001,74.2417,6.84003,514,22613,0.230825,0.21,1,2026163,2025649,514
147286921,74.8483,67.768,506,22707,0.262165,0.15,1,2026238,2025732,506
147289841,74.9697,77.5536,501,22800,0.316433,0.07,1,2026313,2025812,501
147292761,53.3939,77.1107,472,22893,0.311287,0.11,1,2026361,2025889,472
147295681,72.2788,53.0221,502,22986,0.326257,0.09,1,2026438,2025936,502
147298601,40.8558,72.2044,458,23078,0.345251,0.09,1,2026471,2026013,458
147301521,36.1712,40.0409,461,23170,0.30105,0.17,1,2026506,2026045,461
147304441,79.2342,35.2082,517,23261,0.27621,0.25,1,2026596,2026079,517
147307361,78.2468,74.2416,511,23352,0.287242,0.27,1,2026674,2026163,511
147310281,76.4494,74.8483,512,23443,0.321448,0.33,1,2026750,2026238,512
147313201,52.8899,74.9697,484,23533,0.32829,0.31,1,2026797,2026313,484
147316121,72.978,53.3939,514,23623,0.393658,0.33,1,2026875,2026361,514
147319041,40.1956,72.2788,469,23713,0.406732,0.35,1,2026907,2026438,469
147321961,35.2391,40.8558,470,23802,0.425346,0.29,1,2026941,2026471,470
147324881,78.2478,36.1712,524,23891,0.493069,0.27,1,2027030,2026506,524
147327801,79.6496,79.2342,514,23980,0.554614,0.29,1,2027110,2026596,514
147330721,17.5299,78.2468,438,24068,0.566923,0.33,1,2027112,2026674,438
147333641,64.306,76.4494,438,24156,0.617385,0.33,1,2027188,2026750,438
147336561,51.2612,52.8899,439,24244,0.595477,0.41,1,2027236,2026797,439
147339481,75.0522,72.978,442,24331,0.639095,0.41,1,2027317,2026875,442
147342401,41.4104,40.1956,443,24418,0.679819,0.43,1,2027350,2026907,443
147345321,35.4821,35.2391,443,24505,0.687964,0.51,1,2027384,2026941,443
147348241,82.2964,78.2478,448,24591,0.721593,0.57,1,2027478,2027030,448
147351161,82.0593,79.6496,450,24677,0.776319,0.57,2,2027560,2027110,450
147354081,18.0119,17.5299,450,24763,0.787264,0.63,2,2027562,2027112,450
147357001,65.2024,64.306,451,24849,0.805453,0.59,2,2027639,2027188,451
147359921,51.4405,51.2612,451,24934,0.857091,0.65,2,2027687,2027236,451
147362841,77.4881,75.0522,454,25019,0.867418,0.69,2,2027771,2027317,454
147365761,43.4976,41.4104,456,25104,0.869484,0.69,2,2027806,2027350,456
147368681,35.8995,35.4821,456,25188,0.901897,0.73,2,2027840,2027384,456
147371601,83.9799,82.2964,458,25272,0.892379,0.79,2,2027936,2027478,458
147476721,37,22,503,28132,0.75,1,2,2029971,2029468,503
147479641,49,50,498,28207,0.542,1,1,2030023,2029525,498
147482561,38.6,48.4,486,28282,0.4204,1,1,2030059,2029573,486
147485481,28.52,34.48,481,28357,0.41208,1,1,2030085,2029604,481
147488401,49.704,6.896,536,28432,0.218416,1,1,2030140,2029604,536
147491321,49.1408,55.7792,517,28506,0.131683,1,1,2030189,2029672,517
147494241,37.8282,42.3558,513,28580,0.0663366,1,1,2030224,2029711,513
147497161,74.7656,34.0712,565,28654,0.0852673,0.96,1,2030308,2029743,565
147500081,81.3531,82.8142,553,28728,0.0570535,0.83,1,2030391,2029838,553
147503001,40.2706,93.3628,487,28802,0.0674107,0.75,1,2030421,2029934,487
147505921,44.0541,48.2726,495,28876,0.0694821,0.49,1,2030466,2029971,495
147508841,34.4108,51.2545,475,28949,0.0138964,0.39,1,2030498,2030023,475
147511761,26.0822,39.0509,463,29022,0.0427793,0.41,1,2030522,2030059,463
147514681,43.6164,28.6102,485,29095,0.0325559,0.17,1,2030570,2030085,485
147517601,40.7233,49.722,470,29168,0.0625112,0.11,1,2030610,2030140,470
147520521,36.1447,49.1444,456,29241,0.0685022,0.05,1,2030645,2030189,456
147523441,77.6289,37.8289,509,29313,0.0537004,0.09,1,2030733,2030224,509
147526361,80.3258,74.7658,506,29385,0.0507401,0.05,1,2030814,2030308,506
147529281,38.4652,81.3532,451,29457,0.050148,0.07,1,2030842,2030391,451
147532201,46.093,40.2706,469,29529,0.0660296,0.07,1,2030890,2030421,469
147535121,33.2186,44.0541,454,29601,0.0692059,0,1,2030920,2030466,454
147538041,26.6437,34.4108,447,29673,0.0538412,0.05,1,2030945,2030498,447
147540961,42.9287,26.0822,470,29744,0.0667682,0.03,1,2030992,2030522,470
147543881,40.5857,43.6164,462,29815,0.133354,0.07,1,2031032,2030570,462
147546801,9.71715,40.7233,424,29886,0.146671,0.07,1,2031034,2030610,424
147549721,30.7434,36.1447,425,29957,0.133334,0.05,1,2031070,2030645,425
147552641,76.5487,77.6289,425,30028,0.0666668,0.05,1,2031158,2030733,425
147555561,79.3097,80.3258,424,30098,0.0853334,0.05,1,2031238,2030814,424
147558481,37.4619,38.4652,423,30168,0.0890667,0.07,1,2031265,2030842,423
147561401,47.4924,46.093,425,30238,0.0578133,0.07,1,2031315,2030890,425
147564321,31.8985,33.2186,423,30308,0.0835627,0.05,1,2031343,2030920,423
147567241,27.9797,26.6437,425,30378,0.0887125,0.07,1,2031370,2030945,425
147570161,43.9959,42.9287,426,30448,0.105743,0.15,1,2031418,2030992,426
147573081,43.1992,40.5857,429,30518,0.141149,0.15,1,2031461,2031032,429
147576001,10.2398,9.71715,429,30587,0.14823,0.13,1,2031463,2031034,429
147578921,30.048,30.7434,428,30656,0.133646,0.05,1,2031498,2031070,428
147581841,72.4096,76.5487,423,30725,0.130729,0.09,1,2031581,2031158,423
147584761,79.2819,79.3097,424,30794,0.130146,0.09,1,2031662,2031238,424
147587681,38.2564,37.4619,425,30863,0.194029,0.05,1,2031690,2031265,425
147590601,46.8513,47.4924,424,30932,0.174806,0.09,1,2031739,2031315,424
147593521,31.7703,31.8985,424,31000,0.170961,0.09,1,2031767,2031343,424
147596441,27.9541,27.9797,424,31068,0.186192,0.11,1,2031794,2031370,424
147599361,46.3908,43.9959,427,31136,0.141238,0.15,1,2031845,2031418,427
147602281,45.2782,43.1992,429,31204,0.180248,0.15,1,2031890,2031461,429
147605201,10.6556,10.2398,429,31272,0.20405,0.13,1,2031892,2031463,429
147608121,29.3311,30.048,428,31340,0.27281,0.13,1,2031926,2031498,428
147611041,71.4662,6.00959,510,31408,0.270562,0.13,1,2032008,2031498,510
147613961,79.0932,67.6019,508,31475,0.286112,0.13,1,2032089,2031581,508
147616881,40.6186,78.3204,458,31542,0.289222,0.21,1,2032120,2031662,458
147619801,46.5237,38.0641,478,31609,0.289844,0.17,1,2032168,2031690,478
147622721,31.7047,46.8128,457,31676,0.305969,0.17,1,2032196,2031739,457
147625641,27.1409,31.7626,455,31743,0.309194,0.19,1,2032222,2031767,455
147628561,45.4282,27.9525,478,31810,0.325839,0.13,1,2032272,2031794,478
147631481,48.2856,46.3905,476,31877,0.329168,0.19,1,2032321,2031845,476
147634401,11.2571,45.2781,433,31943,0.329834,0.21,1,2032323,2031890,433
147637321,31.0514,10.6556,467,32009,0.313967,0.29,1,2032359,2031892,467
147640241,72.6103,29.3311,516,32075,0.358793,0.27,1,2032442,2031926,516
147643161,80.9221,71.4662,517,32141,0.399759,0.29,1,2032525,2032008,517
147646081,40.1844,79.0932,466,32207,0.423952,0.29,1,2032555,2032089,466
147649001,46.4369,40.6186,483,32273,0.46079,0.29,1,2032603,2032120,483
147651921,32.4874,46.5237,464,32339,0.500158,0.31,1,2032632,2032168,464
147654841,27.2975,31.7047,462,32404,0.508032,0.31,1,2032658,2032196,462
147657761,46.2595,27.1409,487,32469,0.525606,0.33,1,2032709,2032222,487
147660681,48.4519,45.4282,486,32534,0.545121,0.33,1,2032758,2032272,486
147663601,11.2904,48.2856,439,32599,0.549024,0.33,1,2032760,2032321,439
147666521,31.0581,11.2571,473,32664,0.581805,0.31,1,2032796,2032323,473
147669441,74.2116,31.0514,522,32729,0.668361,0.37,1,2032881,2032359,522
147672361,16.4423,72.6103,441,32794,0.685672,0.41,1,2032883,2032442,441
147675281,70.4885,80.9221,442,32858,0.737134,0.43,1,2032967,2032525,442
147678201,38.8977,40.1844,443,32922,0.763427,0.47,2,2032998,2032555,443
147681121,48.5795,46.4369,446,32986,0.768685,0.51,2,2033049,2032603,446
147684041,33.7159,32.4874,447,33050,0.801737,0.51,2,2033079,2032632,447
147686961,27.5432,27.2975,447,33114,0.776347,0.53,2,2033105,2032658,447
147689881,47.1086,46.2595,448,33178,0.835269,0.55,2,2033157,2032709,448
147692801,49.4217,48.4519,449,33242,0.863054,0.55,2,2033207,2032758,449
147695721,11.4843,11.2904,449,33306,0.836611,0.59,2,2033209,2032760,449
147698641,34.2969,31.0581,453,33370,0.863322,0.69,2,2033249,2032796,453
147701561,77.2594,74.2116,456,33433,0.916664,0.69,2,2033337,2032881,456
147704481,17.0519,16.4423,456,33496,0.927333,0.75,2,2033339,2032883,456
147707401,72.2104,70.4885,458,33559,0.929467,0.77,2,2033425,2032967,458
147710321,39.2421,38.8977,458,33622,0.913893,0.77,2,2033456,2032998,458
147713241,50.2484,48.5795,460,33685,0.926779,0.81,2,2033509,2033049,460
147853401,33,23,507,36577,0.77,1,2,2035493,2034986,507
147856321,53,51,507,36635,0.546,1,1,2035551,2035044,507
147859241,37.8,47.8,494,36693,0.4852,1,1,2035585,2035091,494
147862161,35.56,30.36,503,36751,0.31304,1,1,2035620,2035117,503
147865081,26.312,24.472,504,36809,0.198608,1,1,2035644,2035140,504
147868001,58.8624,72.0944,487,36866,0.0637216,1,1,2035711,2035224,487
147870921,36.5725,38.4189,488,36923,0.0527443,1,1,2035742,2035254,488
147873841,56.9145,62.8838,481,36980,0.0345489,1,1,2035804,2035323,481
147876761,36.1829,37.3768,481,37037,0.0469098,1,1,2035835,2035354,481
147879681,25.6366,30.6754,475,37094,0.033382,0.85,1,2035858,2035383,475
147882601,30.7273,42.1351,462,37151,0.0626764,0.85,1,2035890,2035428,462
147885521,28.5455,8.42701,490,37208,0.0525353,0.9,1,2035918,2035428,490
147888441,26.5091,27.2854,484,37265,0.0345071,0.77,1,2035944,2035460,484
147891361,50.1018,31.8571,507,37322,0.0309014,0.49,1,2036000,2035493,507
147894281,31.6204,52.7714,476,37379,0.0781803,0.47,1,2036027,2035551,476
147897201,27.1241,37.7543,468,37436,0.0716361,0.27,1,2036053,2035585,468
147900121,23.0248,35.5509,455,37492,0.0863272,0.17,1,2036075,2035620,455
147903041,50.205,26.3102,488,37548,0.0892654,0.03,1,2036132,2035644,488
147905961,34.841,58.862,452,37604,0.0418531,0.05,1,2036163,2035711,452
147908881,57.3682,36.5724,484,37660,0.0323706,0.03,1,2036226,2035742,484
147911801,37.0736,56.9145,454,37716,0.0304741,0.05,1,2036258,2035804,454
147914721,24.2147,36.1829,444,37772,0.0460948,0.03,1,2036279,2035835,444
147917641,31.2429,25.6366,454,37828,0.049219,0.07,1,2036312,2035858,454
147920561,28.6486,30.7273,450,37884,0.113844,0.05,1,2036340,2035890,450
147923481,26.5297,28.5455,448,37940,0.126769,0.03,1,2036366,2035918,448
147926401,50.9059,26.5091,479,37996,0.129354,0.03,1,2036423,2035944,479
147929321,32.5812,50.1018,451,38052,0.0978708,0.09,1,2036451,2036000,451
147932241,26.5162,31.6204,449,38108,0.123574,0.07,1,2036476,2036027,449
147935161,23.7032,27.1241,446,38163,0.160715,0.09,1,2036499,2036053,446
147938081,48.7406,23.0248,479,38218,0.184143,0.09,1,2036554,2036075,479
147941001,33.7481,50.205,452,38273,0.124829,0.03,1,2036584,2036132,452
147943921,58.7496,34.841,486,38328,0.0489657,0.03,1,2036649,2036163,486
147946841,35.7499,57.3682,453,38383,0.0337931,0.03,1,2036679,2036226,453
147949761,25.55,37.0736,444,38438,0.0307586,0.05,1,2036702,2036258,444
147952681,33.11,24.2147,458,38493,0.0461517,0.05,1,2036737,2036279,458
147955601,30.622,31.2429,455,38548,0.0652303,0.13,1,2036767,2036312,455
147958521,25.3244,28.6486,451,38603,0.0850461,0.13,1,2036791,2036340,451
147961441,6.66488,26.5297,427,38658,0.0890092,0.13,1,2036793,2036366,427
147964361,47.733,50.9059,428,38713,0.0898018,0.09,1,2036851,2036423,428
147967281,29.5466,32.5812,425,38768,0.13796,0.13,1,2036876,2036451,425
147970201,29.1093,26.5162,429,38822,0.147592,0.17,1,2036905,2036476,429
147973121,25.0219,23.7032,430,38876,0.149518,0.19,1,2036929,2036499,430
147976041,48.2044,48.7406,429,38930,0.197904,0.11,1,2036983,2036554,429
147978961,30.4409,33.7481,425,38984,0.175581,0.03,1,2037009,2036584,425
147981881,58.0882,58.7496,425,39038,0.251116,0.03,1,2037074,2036649,425
147984801,34.0176,35.7499,423,39092,0.282223,0.03,1,2037102,2036679,423
147987721,25.2035,25.55,423,39146,0.320445,0.05,1,2037125,2036702,423
147990641,33.8407,33.11,424,39200,0.280089,0.07,1,2037161,2036737,424
147993561,32.3681,30.622,426,39254,0.288018,0.09,1,2037193,2036767,426
147996481,25.6736,25.3244,426,39308,0.257604,0.09,1,2037217,2036791,426
147999401,6.73473,6.66488,426,39362,0.283521,0.09,1,2037219,2036793,426
148002321,48.5469,47.733,427,39416,0.272704,0.15,1,2037278,2036851,427
148005241,29.7094,29.5466,427,39470,0.302541,0.15,1,2037303,2036876,427
148008161,30.7419,29.1093,429,39524,0.260508,0.15,1,2037334,2036905,429
148011081,25.3484,25.0219,429,39577,0.284102,0.21,1,2037358,2036929,429
148014001,49.0697,48.2044,430,39630,0.28882,0.17,1,2037413,2036983,430
148016921,32.2139,30.4409,432,39683,0.289764,0.27,1,2037441,2037009,432
148019841,60.8428,58.0882,435,39736,0.337953,0.29,1,2037509,2037074,435
148022761,36.1686,34.0176,437,39789,0.315591,0.33,1,2037539,2037102,437
148025681,24.8337,25.2035,436,39842,0.311118,0.27,1,2037561,2037125,436
148028601,32.9667,33.8407,435,39895,0.294224,0.29,1,2037596,2037161,435
148031521,31.3933,32.3681,434,39948,0.306845,0.25,1,2037627,2037193,434
148034441,25.4787,25.6736,434,40001,0.325369,0.29,1,2037651,2037217,434
148037361,6.69573,6.73473,434,40054,0.297074,0.27,1,2037653,2037219,434
148040281,47.7391,48.5469,433,40107,0.355415,0.27,1,2037711,2037278,433
148043201,30.3478,9.70939,459,40160,0.335083,0.31,1,2037737,2037278,459
148046121,30.0696,21.9419,464,40213,0.331017,0.25,1,2037767,2037303,464
148049041,26.0139,29.1884,458,40266,0.362203,0.29,1,2037792,2037334,458
148051961,50.0028,25.0377,490,40318,0.400441,0.29,1,2037848,2037358,490
148054881,30.8006,49.0075,461,40370,0.424088,0.29,1,2037874,2037413,461
148057801,62.9601,32.2015,504,40422,0.428818,0.35,1,2037945,2037441,504
148060721,34.992,60.8403,464,40474,0.445763,0.31,1,2037973,2037509,464
148063641,24.5984,36.1681,456,40526,0.449153,0.31,1,2037995,2037539,456
148066561,33.7197,24.8336,470,40578,0.497831,0.29,1,2038031,2037561,470
148069481,30.7439,32.9667,465,40630,0.523566,0.31,1,2038061,2037596,465
148072401,26.1488,31.3933,459,40682,0.576713,0.33,1,2038086,2037627,459
148075321,6.82976,25.4787,437,40734,0.603343,0.29,1,2038088,2037651,437
148078241,49.366,6.69573,495,40786,0.656669,0.37,1,2038148,2037653,495
148081161,30.6732,47.7391,463,40838,0.667334,0.33,1,2038174,2037711,463
148084081,30.9346,30.3478,468,40890,0.701467,0.33,1,2038205,2037737,468
148087001,26.9869,30.0696,464,40942,0.708293,0.37,1,2038231,2037767,464
148089921,52.5974,26.0139,498,40994,0.709659,0.41,1,2038290,2037792,498
148092841,31.3195,50.0028,468,41045,0.709932,0.43,1,2038316,2037848,468
148095761,63.0639,30.8006,513,41096,0.693986,0.43,1,2038387,2037874,513
148098681,35.8128,62.9601,471,41147,0.706797,0.45,1,2038416,2037945,471
148101601,26.3626,34.992,467,41198,0.709359,0.45,1,2038440,2037973,467
148104521,35.6725,24.5984,483,41249,0.725872,0.51,1,2038478,2037995,483
148107441,32.7345,33.7197,479,41300,0.729174,0.53,1,2038510,2038031,479
148110361,28.1469,30.7439,476,41351,0.761835,0.59,2,2038537,2038061,476
148113281,7.22938,26.1488,453,41402,0.768367,0.61,2,2038539,2038086,453
148116201,51.8459,6.82976,514,41453,0.801673,0.67,2,2038602,2038088,514
148119121,31.1692,49.366,480,41504,0.808335,0.67,2,2038628,2038148,480
148122041,7.83383,30.6732,456,41555,0.809667,0.71,2,2038630,2038174,456
148124961,27.1668,30.9346,457,41606,0.825933,0.71,2,2038662,2038205,457
148127881,26.2334,26.9869,457,41657,0.829187,0.71,2,2038688,2038231,457
148130801,52.4467,52.5974,457,41708,0.845837,0.71,2,2038747,2038290,457
148133721,31.2893,31.3195,457,41759,0.849167,0.69,2,2038773,2038316,457
148136641,62.2579,63.0639,456,41810,0.897833,0.71,2,2038843,2038387,456
148139561,36.4516,35.8128,457,41860,0.923567,0.71,2,2038873,2038416,457
148341041,102,106,516,20647,0.07,1,1,2041314,2040798,516
148343961,52.4,69.2,496,20750,0.086,0.87,1,2041354,2040858,496
148346881,80.08,73.84,508,20852,0.0892,0.89,1,2041441,2040933,508
148349801,76.016,79.568,502,20954,0.12184,0.53,1,2041516,2041014,502
148352721,45.6032,72.7136,469,21055,0.096368,0.55,1,2041554,2041085,469
148355641,33.1206,42.5427,464,21156,0.0592736,0.33,1,2041584,2041120,464
148358561,58.6241,82.1085,437,21256,0.131855,0.07,1,2041649,2041212,437
148361481,85.3248,98.0217,427,21356,0.178371,0.09,1,2041741,2041314,427
148364401,48.265,51.6043,426,21455,0.155674,0.09,1,2041780,2041354,426
148367321,79.253,79.9209,426,21554,0.247135,0.13,1,2041867,2041441,426
148370241,77.4506,75.9842,428,21652,0.281427,0.09,1,2041944,2041516,428
148373161,42.6901,45.5968,424,21750,0.304285,0.05,1,2041978,2041554,424
148376081,32.538,33.1194,424,21848,0.276857,0.15,1,2042008,2041584,424
148379001,60.9076,58.6239,427,21945,0.415371,0.19,1,2042076,2041649,427
148381921,88.1815,85.3248,430,22042,0.459074,0.15,1,2042171,2041741,430
148384841,48.8363,48.265,430,22138,0.467815,0.27,1,2042210,2041780,430
148387761,81.7673,79.253,433,22234,0.485563,0.29,1,2042300,2041867,433
148390681,79.5535,77.4506,435,22329,0.473113,0.31,1,2042379,2041944,435
148393601,43.1107,42.6901,435,22424,0.470623,0.27,1,2042413,2041978,435
148396521,32.6221,32.538,435,22519,0.470125,0.27,1,2042443,2042008,435
148399441,65.7244,6.5076,509,22613,0.534025,0.45,1,2042517,2042008,509
148402361,89.9449,55.7015,537,22707,0.562805,0.47,1,2042613,2042076,537
148405281,49.189,87.1403,481,22800,0.568561,0.47,1,2042652,2042171,481
148408201,82.6378,48.6281,533,22893,0.585712,0.49,1,2042743,2042210,533
148411121,78.9276,81.7256,521,22986,0.653142,0.47,1,2042821,2042300,521
148414041,42.9855,79.5451,476,23078,0.666628,0.47,1,2042855,2042379,476
148416961,32.5971,43.109,472,23170,0.685326,0.47,1,2042885,2042413,472
148419881,70.5194,32.6218,522,23261,0.721065,0.55,1,2042965,2042443,522
148422801,91.7039,65.7244,545,23352,0.744213,0.57,1,2043062,2042517,545
148425721,49.5408,89.9449,488,23443,0.748843,0.57,1,2043101,2042613,488
148428641,84.3082,49.189,542,23533,0.749768,0.59,1,2043194,2042652,542
148431561,81.6616,82.6378,532,23623,0.813954,0.67,2,2043275,2042743,532
148434481,44.3323,78.9276,489,23713,0.842791,0.67,2,2043310,2042821,489
148437401,34.4665,42.9855,487,23802,0.880558,0.69,2,2043342,2042855,487
148440321,71.6933,32.5971,538,23891,0.872112,0.73,2,2043423,2042885,538
148443241,91.9387,70.5194,555,23980,0.886422,0.75,2,2043520,2042965,555
148446161,19.9877,91.7039,460,24068,0.889284,0.75,2,2043522,2043062,460
148449081,34.3975,49.5408,459,24156,0.905857,0.75,2,2043560,2043101,459
148562961,97,97,489,27368,0.91,1,2,2045904,2045415,489
148565881,47.4,53,482,27445,0.878,1,2,2045939,2045457,482
148568801,35.08,37,481,27522,0.8716,1,2,2045971,2045490,481
148571721,53.416,54.6,480,27599,0.90232,1,2,2046029,2045549,480
148574641,28.2832,18.92,492,27676,0.908464,0.97,2,2046051,2045559,492
148846201,49,60,483,34060,0.75,1,2,2050541,2050058,483
148849121,53.8,42.4,500,34122,0.622,1,1,2050596,2050096,500
148852041,41.16,32.48,508,34184,0.5964,1,1,2050634,2050126,508
148854961,45.832,55.296,494,34246,0.49528,1,1,2050681,2050187,494
148857881,37.9664,11.0592,530,34308,0.411056,1,1,2050717,2050187,530
148860801,35.5933,49.4118,506,34370,0.378211,1,1,2050752,2050246,506
148863721,42.3187,38.6824,514,34432,0.275642,1,1,2050796,2050282,514
148866641,44.4637,39.7365,519,34493,0.207128,1,1,2050841,2050322,519
148869561,35.2927,45.5473,505,34554,0.129426,1,1,2050874,2050369,505
148872481,47.0585,37.1095,520,34615,0.0658851,0.93,1,2050924,2050404,520
148875401,35.8117,49.0219,501,34676,0.053177,0.85,1,2050957,2050456,501
148878321,42.3623,38.6044,509,34737,0.0346354,0.75,1,2051001,2050492,509
148881241,44.4725,46.9209,505,34798,0.0149271,0.59,1,2051046,2050541,505
148884161,39.2945,53.3842,488,34859,0.106985,0.59,1,2051084,2050596,488
148887081,37.4589,41.0768,487,34920,0.109397,0.47,1,2051121,2050634,487
148890001,35.4918,45.8154,475,34981,0.125879,0.39,1,2051156,2050681,475
148892921,32.6984,37.9631,471,35041,0.161176,0.37,1,2051188,2050717,471
148895841,37.7397,35.5926,475,35101,0.136235,0.25,1,2051227,2050752,475
148898761,41.1479,42.3185,473,35161,0.147247,0.19,1,2051269,2050796,473
148901681,32.2296,44.4637,458,35221,0.165449,0.11,1,2051299,2050841,458
148904601,43.2459,35.2927,471,35281,0.0890899,0.05,1,2051345,2050874,471
148907521,36.6492,47.0585,456,35341,0.121818,0.05,1,2051380,2050924,456
148910441,42.5298,35.8117,467,35401,0.176364,0.03,1,2051424,2050957,467
148913361,44.506,42.3623,468,35461,0.171273,0.01,1,2051469,2051001,468
148916281,41.7012,44.4725,464,35521,0.0902545,0.13,1,2051510,2051046,464
148919201,37.1402,39.2945,462,35581,0.170051,0.11,1,2051546,2051084,462
148922121,38.628,37.4589,464,35640,0.15401,0.13,1,2051585,2051121,464
148925041,9.32561,35.4918,431,35699,0.150802,0.17,1,2051587,2051156,431
148927961,24.2651,32.6984,427,35758,0.18216,0.13,1,2051615,2051188,427
148930881,38.453,37.7397,430,35817,0.220432,0.15,1,2051657,2051227,430
148933801,38.8906,41.1479,427,35876,0.196086,0.17,1,2051696,2051269,427
148936721,34.1781,32.2296,430,35935,0.255217,0.07,1,2051729,2051299,430
148939641,41.2356,43.2459,427,35994,0.219043,0.13,1,2051772,2051345,427
148942561,37.8471,36.6492,429,36053,0.243809,0.19,1,2051809,2051380,429
148945481,44.3694,42.5298,431,36112,0.280762,0.17,1,2051855,2051424,431
148948401,42.4739,44.506,428,36171,0.288152,0.07,1,2051897,2051469,428
148951321,41.2948,41.7012,428,36229,0.28963,0.19,1,2051938,2051510,428
148954241,37.859,37.1402,429,36287,0.321926,0.15,1,2051975,2051546,429
148957161,38.7718,38.628,429,36345,0.312385,0.15,1,2052014,2051585,429
148960081,9.35436,9.32561,429,36403,0.310477,0.19,1,2052016,2051587,429
148963001,25.8709,24.2651,431,36461,0.310095,0.23,1,2052046,2051615,431
148965921,37.1742,38.453,429,36519,0.326019,0.19,1,2052086,2051657,429
148968841,41.0348,38.8906,432,36577,0.313204,0.27,1,2052128,2051696,432
148971761,35.407,34.1781,433,36635,0.358641,0.21,1,2052162,2051729,433
148974681,40.6814,41.2356,432,36693,0.383728,0.25,1,2052204,2051772,432
148977601,39.3363,37.8471,434,36751,0.404746,0.29,1,2052243,2051809,434
148980521,46.2673,44.3694,436,36809,0.376949,0.29,1,2052291,2051855,436
148983441,42.8535,42.4739,436,36866,0.40339,0.29,1,2052333,2051897,436
148986361,41.3707,41.2948,436,36923,0.456678,0.33,1,2052374,2051938,436
148989281,37.8741,37.859,436,36980,0.451336,0.31,1,2052411,2051975,436
148992201,37.9748,38.7718,435,37037,0.466267,0.31,1,2052449,2052014,435
148995121,9.19496,9.35436,435,37094,0.469253,0.31,1,2052451,2052016,435
148998041,25.839,25.8709,435,37151,0.501851,0.31,1,2052481,2052046,435
149000961,37.1678,5.17417,475,37208,0.47637,0.33,1,2052521,2052046,475
149003881,41.8336,33.0348,478,37265,0.487274,0.31,1,2052564,2052086,478
149006801,36.3667,40.207,471,37322,0.521455,0.37,1,2052599,2052128,471
149009721,41.6733,35.2414,480,37379,0.528291,0.39,1,2052642,2052162,480
149012641,40.3347,40.6483,478,37436,0.529658,0.41,1,2052682,2052204,478
149015561,45.6669,39.3297,486,37492,0.561932,0.37,1,2052729,2052243,486
149018481,43.5334,46.2659,481,37548,0.616386,0.41,1,2052772,2052291,481
149021401,43.9067,42.8532,483,37604,0.659277,0.47,1,2052816,2052333,483
149024321,39.1813,41.3706,480,37660,0.683855,0.45,1,2052854,2052374,480
149027241,39.0363,37.8741,482,37716,0.720771,0.47,1,2052893,2052411,482
149030161,9.40725,37.9748,446,37772,0.728154,0.47,1,2052895,2052449,446
149033081,25.8815,9.19496,474,37828,0.729631,0.51,1,2052925,2052451,474
149036001,37.9763,25.839,485,37884,0.745926,0.47,1,2052966,2052481,485
149038921,42.7953,37.1678,489,37940,0.749185,0.49,1,2053010,2052521,489
149041841,37.3591,41.8336,482,37996,0.765837,0.53,2,2053046,2052564,482
149044761,41.8718,36.3667,490,38052,0.801167,0.53,2,2053089,2052599,490
149047681,40.3744,41.6733,487,38108,0.824233,0.53,2,2053129,2052642,487
149050601,47.2749,40.3347,496,38163,0.828847,0.57,2,2053178,2052682,496
149053521,47.055,45.6669,496,38218,0.845769,0.63,2,2053225,2052729,496
149056441,45.411,43.5334,498,38273,0.897154,0.67,2,2053270,2052772,498
149059361,40.2822,43.9067,493,38328,0.891431,0.69,2,2053309,2052816,493
149062281,40.8564,39.1813,496,38383,0.890286,0.73,2,2053350,2052854,496
149065201,9.77129,39.0363,459,38438,0.890057,0.73,2,2053352,2052893,459
149068121,25.9543,9.40725,487,38493,0.922011,0.73,2,2053382,2052895,487
149071041,38.7909,25.8815,499,38548,0.928402,0.75,2,2053424,2052925,499
149231641,29,32,513,41453,0.89,1,2,2055433,2054920,513
149234561,28.2,30.4,511,41504,0.906,1,2,2055461,2054950,511
149237481,32.84,25.28,521,41555,0.8612,1,2,2055495,2054974,521
149240401,32.168,32.256,519,41606,0.78824,1,2,2055527,2055008,519
149243321,26.4336,36.0512,507,41657,0.837648,1,2,2055552,2055045,507
149246241,52.4867,65.6102,493,41708,0.76753,1,2,2055611,2055118,493
149249161,36.8973,41.122,491,41759,0.721506,1,1,2055644,2055153,491
149252081,38.5795,40.2244,490,41810,0.680301,1,1,2055683,2055193,490
149255001,47.7159,49.6449,488,41860,0.70406,1,1,2055733,2055245,488
149257921,31.9432,37.929,481,41910,0.740812,1,1,2055761,2055280,481
149260841,27.9886,33.9858,475,41960,0.748162,1,1,2055788,2055313,475
149263761,25.5977,26.7972,475,42010,0.749632,0.94,1,2055813,2055338,475
149266681,25.1195,29.3594,470,42060,0.733926,0.91,1,2055838,2055368,470
149269601,33.8239,34.6719,470,42110,0.778785,0.89,2,2055874,2055404,470
149272521,22.7648,30.1344,461,42160,0.739757,0.91,1,2055894,2055433,461
149275441,26.953,28.4269,461,42210,0.731951,0.85,1,2055922,2055461,461
149278361,30.9906,32.8854,459,42260,0.74639,0.77,1,2055954,2055495,459
149281281,32.5981,32.1771,460,42310,0.717278,0.85,1,2055987,2055527,460
149284201,26.5196,26.4354,460,42360,0.727456,0.75,1,2056012,2055552,460
149287121,51.7039,52.4871,459,42410,0.729491,0.71,1,2056070,2055611,459
149290041,35.1408,36.8974,457,42460,0.745898,0.67,1,2056101,2055644,457
149292961,36.6282,38.5795,455,42510,0.78118,0.71,2,2056138,2055683,455
149295881,48.9256,47.7159,457,42560,0.820236,0.75,2,2056190,2055733,457
149298801,33.7851,31.9432,459,42610,0.796047,0.75,2,2056220,2055761,459
149301721,27.557,27.9886,458,42660,0.839209,0.75,2,2056246,2055788,458
149304641,26.3114,25.5977,459,42709,0.831842,0.73,2,2056272,2055813,459
149307561,24.4623,25.1195,458,42758,0.910368,0.79,2,2056296,2055838,458
149310481,32.8925,33.8239,457,42807,0.910074,0.73,2,2056331,2055874,457
149313401,21.7785,22.7648,456,42856,0.862015,0.73,2,2056350,2055894,456
149316321,27.5557,26.953,457,42905,0.900403,0.75,2,2056379,2055922,457
149319241,32.7111,30.9906,459,42954,0.892081,0.71,2,2056413,2055954,459
149628761,86,89,503,22093,0.11,0.95,1,2059994,2059491,503
149631681,59.6,72.2,488,22189,0.11,0.63,1,2060047,2059559,488
149634601,73.52,84.04,478,22285,0.046,0.49,1,2060124,2059646,478
149637521,53.104,57.608,475,22380,0.0652,0.25,1,2060172,2059697,475
149640441,56.2208,78.7216,448,22475,0.10104,0.29,1,2060229,2059781,448
149643361,24.0442,34.9443,440,22569,0.140208,0.19,1,2060245,2059805,440
149646281,80.0088,17.3889,521,22663,0.148042,0.15,1,2060339,2059818,521
149649201,80.8018,75.4778,512,22757,0.213608,0.11,1,2060420,2059908,512
149652121,58.5604,83.8956,479,22850,0.258722,0.11,1,2060473,2059994,479
149655041,72.5121,59.1791,502,22943,0.299744,0.03,1,2060549,2060047,502
149657961,53.7024,73.4358,474,23035,0.291949,0.07,1,2060598,2060124,474
149660881,57.9405,53.0872,485,23127,0.32239,0.11,1,2060657,2060172,485
149663801,24.3881,56.2174,444,23219,0.328478,0.15,1,2060673,2060229,444
149666721,81.6776,24.0435,524,23310,0.361696,0.15,1,2060769,2060245,524
149669641,82.7355,80.0087,513,23401,0.432339,0.23,1,2060852,2060339,513
149672561,60.5471,80.8017,487,23492,0.462468,0.27,1,2060907,2060420,487
149675481,74.5094,58.5603,512,23582,0.516494,0.31,1,2060985,2060473,512
149678401,54.1019,72.5121,485,23672,0.559299,0.29,1,2061034,2060549,485
149681321,58.8204,53.7024,496,23762,0.55186,0.33,1,2061094,2060598,496
149684241,24.5641,57.9405,453,23851,0.566372,0.33,1,2061110,2060657,453
149687161,84.1128,24.3881,536,23940,0.585274,0.37,1,2061209,2060673,536
149690081,18.4226,81.6776,442,24029,0.605055,0.45,1,2061211,2060769,442
149693001,71.6845,82.7355,444,24117,0.625011,0.47,1,2061296,2060852,444
149695921,59.1369,60.5471,445,24205,0.677002,0.53,1,2061352,2060907,445
149698841,77.4274,74.5094,449,24293,0.7354,0.57,1,2061434,2060985,449
149701761,53.8855,54.1019,448,24380,0.76308,0.55,2,2061482,2061034,448
149704681,60.3771,58.8204,450,24467,0.800616,0.57,2,2061544,2061094,450
149707601,24.8754,24.5641,450,24554,0.808123,0.59,2,2061560,2061110,450
149710521,85.7751,84.1128,452,24640,0.825625,0.61,2,2061661,2061209,452
149713441,18.755,18.4226,452,24726,0.829125,0.63,2,2061663,2061211,452
149716361,72.551,71.6845,453,24812,0.845825,0.69,2,2061749,2061296,453
149719281,60.1102,59.1369,454,24897,0.881165,0.75,2,2061806,2061352,454
149722201,81.622,77.4274,459,24982,0.856233,0.77,2,2061893,2061434,459
149725121,55.5244,53.8855,460,25067,0.835247,0.81,2,2061942,2061482,460
149728041,62.3049,60.3771,462,25152,0.879049,0.81,2,2062006,2061544,462
149730961,25.261,24.8754,462,25236,0.90381,0.83,2,2062022,2061560,462
149836081,32,29,496,28101,0.63,1,1,2064069,2063573,496
149839001,56,63.4,486,28176,0.598,1,1,2064131,2063645,486
149841921,45.6,44.68,489,28251,0.4796,1,1,2064174,2063685,489
149844841,41.12,44.136,485,28326,0.29592,1,1,2064214,2063729,485
149847761,49.024,59.2272,473,28401,0.227184,1,1,2064265,2063792,473
149850681,53.0048,11.8454,527,28476,0.165437,1,1,2064319,2063792,527
149853601,55.401,47.9691,526,28550,0.105087,1,1,2064375,2063849,526
149856521,40.6802,59.1938,501,28624,0.0450175,0.85,1,2064412,2063911,501
149859441,72.936,43.0388,543,28698,0.0330035,0.71,1,2064493,2063950,543
149862361,40.1872,78.2078,488,28772,0.0306007,0.63,1,2064525,2064037,488
149865281,49.6374,41.2415,508,28846,0.0621201,0.59,1,2064577,2064069,508
149868201,40.3275,57.8483,484,28919,0.068424,0.45,1,2064615,2064131,484
149871121,36.0655,45.9697,476,28992,0.0536848,0.25,1,2064650,2064174,476
149874041,43.2131,41.1939,481,29065,0.114737,0.21,1,2064695,2064214,481
149876961,47.8426,49.0388,479,29138,0.126947,0.15,1,2064744,2064265,479
149879881,53.5685,53.0078,480,29211,0.161389,0.09,1,2064799,2064319,480
149882801,38.7137,55.4016,459,29283,0.184278,0.03,1,2064834,2064375,459
149885721,72.5427,40.6803,503,29355,0.172856,0.03,1,2064915,2064412,503
149888641,40.1085,72.9361,454,29427,0.154571,0.03,1,2064947,2064493,454
149891561,49.6217,40.1872,474,29499,0.166914,0.07,1,2064999,2064525,474
149894481,41.9243,49.6374,462,29571,0.185383,0.07,1,2065039,2064577,462
149897401,35.5849,40.3275,458,29643,0.189077,0.05,1,2065073,2064615,458
149900321,46.317,36.0655,472,29714,0.173815,0.13,1,2065122,2064650,472
149903241,49.2634,43.2131,477,29785,0.202763,0.13,1,2065172,2064695,477
149906161,11.4527,47.8426,430,29856,0.176553,0.17,1,2065174,2064744,430
149909081,46.2905,53.5685,430,29927,0.235311,0.19,1,2065229,2064799,430
149912001,38.0581,38.7137,431,29998,0.247062,0.17,1,2065265,2064834,431
149914921,71.6116,72.5427,430,30069,0.249412,0.15,1,2065345,2064915,430
149917841,37.5223,40.1085,427,30139,0.297882,0.17,1,2065374,2064947,427
149920761,52.3045,49.6217,431,30209,0.291577,0.19,1,2065430,2064999,431
149923681,42.4609,41.9243,431,30279,0.338315,0.19,1,2065470,2065039,431
149926601,35.6922,35.5849,431,30349,0.315663,0.17,1,2065504,2065073,431
149929521,45.5384,46.317,430,30419,0.359133,0.21,1,2065552,2065122,430
149932441,50.7077,49.2634,432,30489,0.335827,0.17,1,2065604,2065172,432
149935361,11.7415,11.4527,432,30558,0.331165,0.25,1,2065606,2065174,432
149938281,46.3483,46.2905,432,30627,0.394233,0.25,1,2065661,2065229,432
149941201,38.8697,38.0581,433,30696,0.422847,0.25,1,2065698,2065265,433
149944121,72.5739,71.6116,434,30765,0.444569,0.31,1,2065779,2065345,434
149947041,38.5148,37.5223,435,30834,0.464914,0.29,1,2065809,2065374,435
149949961,53.303,52.3045,436,30903,0.436983,0.35,1,2065866,2065430,436
149952881,43.4606,42.4609,437,30971,0.559397,0.31,1,2065907,2065470,437
149955801,35.8921,35.6922,437,31039,0.551879,0.37,1,2065941,2065504,437
149958721,46.3784,45.5384,438,31107,0.598376,0.33,1,2065990,2065552,438
149961641,50.8757,50.7077,438,31175,0.607675,0.33,1,2066042,2065604,438
149964561,11.7751,11.7415,438,31243,0.609535,0.41,1,2066044,2065606,438
149967481,48.755,46.3483,441,31311,0.641907,0.41,1,2066102,2065661,441
149970401,38.551,9.26966,477,31379,0.616381,0.43,1,2066138,2065661,477
149973321,73.3102,31.4539,522,31446,0.643276,0.45,1,2066220,2065698,522
149976241,39.462,71.0908,472,31513,0.648655,0.47,1,2066251,2065779,472
149979161,55.0924,38.2182,501,31580,0.633731,0.43,1,2066310,2065809,501
149982081,47.0185,53.2436,489,31647,0.646746,0.59,1,2066355,2065866,489
149985001,36.6037,43.4487,482,31714,0.649349,0.55,1,2066389,2065907,482
149987921,47.3207,35.8897,498,31781,0.68187,0.61,1,2066439,2065941,498
149990841,51.0641,46.3779,501,31848,0.720374,0.61,1,2066491,2065990,501
149993761,11.8128,50.8756,451,31914,0.728075,0.61,1,2066493,2066042,451
149996681,50.3626,11.7751,509,31980,0.745615,0.65,1,2066553,2066044,509
149999601,38.8725,48.755,487,32046,0.765123,0.61,2,2066589,2066102,487
150002521,75.7745,38.551,536,32112,0.817025,0.65,2,2066674,2066138,536
150005441,39.1549,73.3102,484,32178,0.843405,0.65,2,2066704,2066220,484
150008361,54.231,39.462,511,32244,0.848681,0.63,2,2066762,2066251,511
150011281,47.6462,55.0924,498,32310,0.865736,0.65,2,2066808,2066310,498
150014201,36.7292,47.0185,487,32375,0.917147,0.65,2,2066842,2066355,487
150025881,62,2,519,32635,0.91,0.75,2,2067012,2066493,519
150028801,41.2,48.4,495,32700,0.926,0.77,2,2067048,2066553,495
150297441,39,38,514,38190,0.63,1,1,2070854,2070340,514
150300361,70.2,38,554,38245,0.422,1,1,2070932,2070378,554
150303281,46.04,70.8,515,38300,0.2524,1,1,2070972,2070457,515
150306201,38.008,43.76,514,38355,0.13848,1,1,2071008,2070494,514
150309121,37.2016,37.552,515,38410,0.035696,1,1,2071045,2070530,515
150312041,36.2403,37.1104,514,38465,0.0071392,1,1,2071081,2070567,514
150314961,31.2481,33.0221,512,38520,0.00942784,1,1,2071111,2070599,512
150317881,33.4496,34.6044,511,38575,0.00988557,0.97,1,2071145,2070634,511
150320801,23.4899,30.1209,503,38630,0.0739771,1,1,2071166,2070663,503
150323721,24.698,34.0242,493,38685,0.0547954,1,1,2071191,2070698,493
150326641,17.7396,35.6048,473,38740,0.114959,0.81,1,2071207,2070734,473
150329561,30.7479,41.521,464,38795,0.0469918,0.81,1,2071241,2070777,464
150332481,36.5496,38.7042,464,38849,0.0493984,0.63,1,2071279,2070815,464
150335401,33.7099,38.9408,458,38903,0.0338797,0.37,1,2071312,2070854,458
150338321,57.142,70.1882,443,38957,0.0627759,0.21,1,2071375,2070932,443
150341241,39.4284,46.0376,438,39011,0.0845552,0.11,1,2071410,2070972,438
150344161,27.0857,38.0075,426,39065,0.056911,0.01,1,2071434,2071008,426
150347081,34.2171,37.2015,425,39119,0.0353822,0,1,2071470,2071045,425
150350001,35.6434,36.2403,425,39173,0.0470764,0.01,1,2071506,2071081,425
150352921,28.7287,31.2481,422,39227,0.0494153,0.01,1,2071533,2071111,422
150355841,34.5457,33.4496,424,39281,0.0178831,0.09,1,2071569,2071145,424
150358761,22.9091,23.4899,423,39335,0.0115766,0.05,1,2071589,2071166,423
150361681,24.5818,24.698,423,39389,0.0263153,0.13,1,2071614,2071191,423
150364601,16.9164,17.7396,422,39443,0.109263,0.03,1,2071629,2071207,422
150367521,30.5833,30.7479,422,39497,0.125853,0.05,1,2071663,2071241,422
150370441,38.1167,36.5496,424,39550,0.129171,0.03,1,2071703,2071279,424
150373361,33.2233,33.7099,423,39603,0.129834,0.07,1,2071735,2071312,423
150376281,58.6447,57.142,425,39656,0.145967,0.09,1,2071800,2071375,425
150379201,38.9289,39.4284,424,39709,0.149193,0.05,1,2071834,2071410,424
150382121,27.7858,27.0857,425,39762,0.165839,0.03,1,2071859,2071434,425
150385041,32.7572,34.2171,423,39815,0.153168,0.05,1,2071893,2071470,423
150387961,35.3514,35.6434,423,39868,0.134634,0.05,1,2071929,2071506,423
150390881,27.8703,28.7287,422,39921,0.162927,0.01,1,2071955,2071533,422
150393801,34.3741,34.5457,422,39974,0.104585,0.01,1,2071991,2071569,422
150396721,22.8748,22.9091,422,40027,0.0609171,0.03,1,2072011,2071589,422
150399641,26.175,24.5818,424,40080,0.0681834,0.03,1,2072038,2071614,424
150402561,19.635,4.91637,442,40133,0.0376367,0.13,1,2072056,2071614,442
150405481,27.927,12.9833,457,40186,0.0635273,0.13,1,2072086,2071629,457
150408401,39.1854,29.7967,465,40239,0.0847055,0.13,1,2072128,2071663,465
150411321,33.4371,37.9593,457,40291,0.0889411,0.13,1,2072160,2071703,457
150414241,61.0874,33.1919,493,40343,0.0897882,0.15,1,2072228,2071735,493
150417161,39.4175,58.6384,462,40395,0.0899576,0.15,1,2072262,2071800,462
150420081,27.0835,38.9277,452,40447,0.0899915,0.17,1,2072286,2071834,452
150423001,31.8167,27.7855,460,40499,0.105998,0.15,1,2072319,2071859,460
150425921,35.9633,32.7571,463,40551,0.1252,0.13,1,2072356,2071893,463
150428841,27.9927,35.3514,453,40603,0.16104,0.17,1,2072382,2071929,453
150431761,31.1985,27.8703,459,40655,0.168208,0.09,1,2072414,2071955,459
150434681,20.6397,34.3741,441,40707,0.169642,0.05,1,2072432,2071991,441
150437601,26.5279,22.8748,449,40759,0.153928,0.07,1,2072460,2072011,449
150440521,19.7056,26.175,440,40811,0.150786,0.03,1,2072478,2072038,440
150443441,29.5411,19.635,454,40863,0.150157,0.07,1,2072510,2072056,454
150446361,40.3082,27.927,467,40915,0.166031,0.09,1,2072553,2072086,467
150449281,33.6616,39.1854,457,40967,0.185206,0.09,1,2072585,2072128,457
150452201,61.1323,33.4371,493,41019,0.237041,0.09,1,2072653,2072160,493
150455121,39.4265,61.0874,459,41070,0.263408,0.09,1,2072687,2072228,459
150458041,27.0853,39.4175,449,41121,0.284682,0.09,1,2072711,2072262,449
150460961,32.6171,27.0835,459,41172,0.288936,0.11,1,2072745,2072286,459
150463881,38.5234,31.8167,466,41223,0.289787,0.13,1,2072785,2072319,466
150466801,28.5047,35.9633,455,41274,0.305957,0.17,1,2072811,2072356,455
150469721,31.3009,27.9927,461,41325,0.325191,0.17,1,2072843,2072382,461
150472641,20.6602,31.1985,447,41376,0.329038,0.17,1,2072861,2072414,447
150475561,25.732,20.6397,456,41427,0.345808,0.15,1,2072888,2072432,456
150478481,19.5464,26.5279,446,41478,0.349162,0.15,1,2072906,2072460,446
150481401,30.3093,19.7056,461,41529,0.333832,0.15,1,2072939,2072478,461
150484321,7.66186,29.5411,431,41580,0.330766,0.17,1,2072941,2072510,431
150487241,35.1324,40.3082,430,41631,0.378153,0.19,1,2072983,2072553,430
150490161,35.0265,33.6616,433,41682,0.419631,0.25,1,2073018,2072585,433
150493081,62.2053,61.1323,434,41733,0.443926,0.27,1,2073087,2072653,434
150496001,40.4411,39.4265,435,41784,0.496785,0.29,1,2073122,2072687,435
150498921,28.0882,27.0853,436,41835,0.539357,0.29,1,2073147,2072711,436
150501841,32.8176,32.6171,436,41885,0.579871,0.29,1,2073181,2072745,436
150504761,38.5635,38.5234,436,41935,0.587974,0.31,1,2073221,2072785,436
150507681,30.1127,28.5047,438,41985,0.557595,0.33,1,2073249,2072811,438
150510601,31.6225,31.3009,438,42035,0.551519,0.33,1,2073281,2072843,438
150513521,20.7245,20.6602,438,42085,0.566304,0.35,1,2073299,2072861,438
150516441,26.5449,25.732,439,42135,0.585261,0.35,1,2073327,2072888,439
150519361,19.709,19.5464,439,42185,0.557052,0.33,1,2073345,2072906,439
150522281,31.1418,30.3093,440,42235,0.58341,0.33,1,2073379,2072939,440
150525201,7.82836,7.66186,440,42285,0.556682,0.39,1,2073381,2072941,440
150528121,35.9657,35.1324,441,42335,0.583336,0.43,1,2073424,2072983,441
150531041,36.7931,35.0265,443,42385,0.604667,0.45,1,2073461,2073018,443
150533961,63.3586,62.2053,444,42435,0.640933,0.51,1,2073531,2073087,444
150536881,43.8717,40.4411,448,42485,0.696187,0.55,1,2073570,2073122,448
150539801,29.5743,28.0882,449,42535,0.723237,0.59,1,2073596,2073147,449
150542721,33.1149,32.8176,449,42585,0.776648,0.59,2,2073630,2073181,449
150545641,38.623,38.5635,449,42635,0.81933,0.55,2,2073670,2073221,449
150548561,28.5246,30.1127,447,42684,0.827866,0.55,2,2073696,2073249,447
150551481,31.3049,31.6225,447,42733,0.845573,0.57,2,2073728,2073281,447
150554401,22.261,20.7245,449,42782,0.849115,0.59,2,2073748,2073299,449
150557321,26.8522,26.5449,449,42831,0.865823,0.55,2,2073776,2073327,449
150560241,19.7704,19.709,449,42880,0.837165,0.59,2,2073794,2073345,449
150563161,31.1541,31.1418,449,42929,0.863433,0.55,2,2073828,2073379,449
150566081,7.83082,7.82836,449,42978,0.836687,0.59,2,2073830,2073381,449
150569001,36.7662,35.9657,450,43027,0.831337,0.59,2,2073874,2073424,450
150571921,37.7532,7.19313,488,43076,0.814268,0.61,2,2073912,2073424,488
150574841,66.7506,31.0386,525,43125,0.858853,0.65,2,2073986,2073461,525
150577761,46.1501,62.2077,496,43174,0.867771,0.71,2,2074027,2073531,496
150580681,30.83,43.6415,484,43223,0.885554,0.73,2,2074054,2073570,484
150583601,33.366,29.5283,492,43272,0.873111,0.79,2,2074088,2073596,492
150586521,40.2732,33.1057,500,43321,0.886622,0.83,2,2074130,2073630,500
150589441,28.8546,38.6211,486,43370,0.889324,0.83,2,2074156,2073670,486
150592361,32.1709,28.5242,493,43419,0.905865,0.85,2,2074189,2073696,493
150595281,22.4342,31.3048,481,43468,0.909173,0.85,2,2074209,2073728,481
150598201,27.6868,22.261,490,43517,0.925835,0.87,2,2074238,2073748,490
150601121,19.9374,26.8522,480,43565,0.945167,0.83,2,2074256,2073776,480
150785081,32,27,515,46516,0.87,1,2,2076294,2075779,515
150788001,32.8,27,521,46561,0.87,1,2,2076327,2075806,521
150790921,40.16,33.4,528,46606,0.87,0.96,2,2076369,2075841,528
150793841,33.632,47.48,509,46651,0.822,1,2,2076401,2075892,509
150796761,31.5264,39.096,503,46696,0.8444,1,2,2076432,2075929,503
150799681,27.9053,33.4192,498,46741,0.81688,0.93,2,2076459,2075961,498
150802601,35.9811,29.8838,507,46786,0.763376,0.97,2,2076497,2075990,507
150805521,37.5962,35.5768,508,46831,0.704675,0.95,1,2076535,2076027,508
150808441,37.1192,37.5154,507,46876,0.724935,0.95,1,2076572,2076065,507
150811361,27.4238,36.3031,496,46921,0.696987,0.95,1,2076597,2076101,496
150814281,32.6848,28.0606,504,46966,0.675397,0.9,1,2076631,2076127,504
150817201,29.737,35.2121,496,47011,0.639079,0.93,1,2076660,2076164,496
150820121,21.1474,30.2424,486,47056,0.583816,0.87,1,2076679,2076193,486
150823041,20.2295,21.2485,487,47101,0.636763,0.87,1,2076699,2076212,487
150825961,23.2459,21.0497,490,47146,0.631353,0.77,1,2076723,2076233,490
150828881,29.4492,27.4099,492,47191,0.646271,0.87,1,2076754,2076262,492
150831801,32.2898,31.082,493,47236,0.633254,0.87,1,2076787,2076294,493
150834721,42.458,32.6164,505,47281,0.614651,0.87,1,2076832,2076327,505
150837641,30.8916,40.1233,491,47326,0.56293,0.81,1,2076860,2076369,491
150840561,30.1783,33.6247,489,47371,0.616586,0.85,1,2076890,2076401,489
150843481,7.63566,31.5249,460,47415,0.627317,0.81,1,2076892,2076432,460
150846401,23.9271,27.905,461,47459,0.565463,0.75,1,2076920,2076459,461
150849321,34.3854,35.981,460,47503,0.601093,0.69,1,2076957,2076497,460
150852241,34.8771,37.5962,457,47547,0.592219,0.73,1,2076992,2076535,457
150855161,38.9754,37.1192,460,47591,0.606444,0.69,1,2077032,2076572,460
150858081,24.5951,27.4238,456,47635,0.657289,0.67,1,2077053,2076597,456
150861001,30.519,32.6848,454,47679,0.699458,0.63,1,2077085,2076631,454
150863921,26.9038,29.737,451,47723,0.707892,0.57,1,2077111,2076660,451
150866841,22.1808,21.1474,453,47767,0.693578,0.65,1,2077132,2076679,453
150869761,20.4362,20.2295,453,47811,0.690716,0.63,1,2077152,2076699,453
150872681,23.2872,23.2459,453,47855,0.706143,0.65,1,2077176,2076723,453
150875601,30.2574,29.4492,454,47899,0.693229,0.63,1,2077208,2076754,454
150878521,30.0515,32.2898,451,47943,0.738646,0.61,1,2077238,2076787,451
150881441,42.0103,42.458,451,47987,0.731729,0.55,1,2077283,2076832,451
150884361,29.2021,30.8916,449,48031,0.730346,0.63,1,2077309,2076860,449
150887281,31.4404,30.1783,451,48075,0.746069,0.63,1,2077341,2076890,451
150890201,7.88808,7.63566,451,48119,0.717214,0.55,1,2077343,2076892,451
150893121,21.5776,23.9271,448,48163,0.743443,0.61,1,2077368,2076920,448
150896041,35.5155,34.3854,450,48207,0.796689,0.59,2,2077407,2076957,450
150898961,35.1031,34.8771,450,48251,0.807338,0.61,2,2077442,2076992,450
150901881,41.4206,38.9754,453,48295,0.825468,0.67,2,2077485,2077032,453
150904801,25.0841,24.5951,453,48339,0.845094,0.71,2,2077506,2077053,453
150907721,32.2168,30.519,455,48383,0.865019,0.71,2,2077540,2077085,455
150910641,27.2434,26.9038,455,48427,0.837004,0.69,2,2077566,2077111,455
150913561,23.0487,22.1808,456,48471,0.863401,0.69,2,2077588,2077132,456
150916481,19.8097,20.4362,455,48514,0.90068,0.71,2,2077607,2077152,455
151117961,34,31,509,51421,0.86,1,2,2079631,2079122,509
151120881,34,39,502,51462,0.9,1,2,2079665,2079163,502
151123801,27.6,31,499,51503,0.876,1,2,2079691,2079192,499
151126721,30.32,31,499,51544,0.7432,1,1,2079722,2079223,499
151129641,35.664,27,510,51585,0.66864,1,1,2079759,2079249,510
151132561,29.5328,27.8,510,51626,0.605728,1,1,2079787,2079277,510
151135481,18.7066,24.76,502,51667,0.561146,1,1,2079803,2079301,502
151138401,23.7413,31.352,494,51708,0.472229,1,1,2079828,2079334,494
151141321,29.5483,28.6704,497,51749,0.406446,1,1,2079859,2079362,497
151144241,31.5097,26.5341,503,51790,0.297289,1,1,2079891,2079388,503
151147161,23.9019,5.30682,525,51831,0.275458,1,1,2079913,2079388,525
151150081,23.1804,29.0614,513,51872,0.207092,0.85,1,2079936,2079423,513
151153001,19.8361,33.0123,498,51913,0.145418,1,1,2079955,2079457,498
151155921,17.5672,22.6025,495,51954,0.0530837,1,1,2079972,2079477,495
151158841,30.7134,24.5205,504,51995,0.0186167,1,1,2080006,2079502,504
151161761,34.1427,33.7041,503,52035,0.0437233,0.91,1,2080041,2079538,503
151164681,28.4285,30.7408,500,52075,0.0327447,0.91,1,2080068,2079568,500
151167601,28.8857,29.3482,500,52115,0.0145489,0.86,1,2080097,2079597,500
151170521,32.1771,33.0696,499,52155,0.0749098,0.91,1,2080130,2079631,499
151173441,25.6354,33.8139,489,52195,0.118982,0.87,1,2080154,2079665,489
151176361,22.7271,27.5628,485,52235,0.0957964,0.71,1,2080176,2079691,485
151179281,31.7454,30.3126,488,52275,0.0751593,0.65,1,2080210,2079722,488
151182201,24.7491,35.6625,474,52315,0.0870319,0.59,1,2080233,2079759,474
151185121,16.1498,29.5325,460,52355,0.105406,0.55,1,2080247,2079787,460
151188041,23.23,18.7065,469,52395,0.0610813,0.45,1,2080272,2079803,469
151190961,25.446,23.7413,470,52435,0.116216,0.39,1,2080298,2079828,470
151193881,29.0892,29.5483,469,52475,0.0952433,0.27,1,2080328,2079859,469
151196801,20.2178,31.5097,455,52515,0.139049,0.27,1,2080346,2079891,455
151199721,20.0436,23.9019,453,52555,0.11581,0.19,1,2080366,2079913,453
151202641,14.4087,23.1804,443,52595,0.143162,0.13,1,2080379,2079936,443
151205561,16.4817,19.8361,441,52635,0.132632,0.03,1,2080396,2079955,441
151208481,30.4963,17.5672,458,52675,0.114526,0.01,1,2080430,2079972,458
151211401,32.4993,30.7134,457,52715,0.0309053,0.05,1,2080463,2080006,457
151214321,27.2999,34.1427,448,52755,0.0301811,0.03,1,2080489,2080041,448
151217241,30.26,28.4285,452,52795,0.0460362,0.01,1,2080520,2080068,452
151220161,33.252,28.8857,457,52835,0.0652072,0.09,1,2080554,2080097,457
151223081,26.6504,32.1771,449,52875,0.149041,0.13,1,2080579,2080130,449
151226001,22.1301,25.6354,446,52915,0.149808,0.09,1,2080600,2080154,446
151228921,31.626,22.7271,458,52955,0.149962,0.07,1,2080634,2080176,458
151231841,26.3252,31.7454,449,52995,0.149992,0.09,1,2080659,2080210,449
151234761,14.865,24.7491,438,53035,0.181998,0.11,1,2080671,2080233,438
151237681,22.173,16.1498,448,53075,0.1884,0.05,1,2080695,2080247,448
151240601,26.8346,23.23,451,53115,0.18968,0.13,1,2080723,2080272,451
151243521,31.7669,25.446,458,53155,0.189936,0.09,1,2080756,2080298,458
151246441,19.1534,29.0892,444,53195,0.189987,0.15,1,2080772,2080328,444
151249361,19.8307,20.2178,446,53235,0.189997,0.11,1,2080792,2080346,446
151252281,5.56614,20.0436,428,53275,0.189999,0.15,1,2080794,2080366,428
151255201,12.3132,14.4087,429,53315,0.19,0.13,1,2080808,2080379,429
151258121,16.0626,16.4817,429,53354,0.206,0.11,1,2080825,2080396,429
151261041,28.8125,30.4963,427,53393,0.2092,0.01,1,2080857,2080430,427
151263961,28.9625,32.4993,423,53432,0.19384,0.03,1,2080886,2080463,423
151266881,27.3925,27.2999,424,53471,0.222768,0.05,1,2080913,2080489,424
151269801,30.2785,30.26,424,53510,0.228554,0.07,1,2080944,2080520,424
151272721,36.4557,33.252,428,53549,0.197711,0.17,1,2080982,2080554,428
151275641,28.8911,26.6504,430,53588,0.175542,0.15,1,2081009,2080579,430
151278561,21.7782,22.1301,429,53627,0.203108,0.15,1,2081029,2080600,429
151281481,31.5556,31.626,429,53666,0.224622,0.15,1,2081063,2080634,429
151284401,27.9111,26.3252,431,53705,0.180924,0.19,1,2081090,2080659,431
151287321,15.1822,14.865,431,53744,0.172185,0.19,1,2081102,2080671,431
151290241,22.2364,22.173,431,53783,0.218437,0.19,1,2081126,2080695,431
151293161,27.6473,26.8346,432,53822,0.227687,0.19,1,2081155,2080723,432
151296081,31.1295,31.7669,431,53861,0.197537,0.19,1,2081187,2080756,431
151299001,19.0259,19.1534,431,53900,0.191507,0.19,1,2081203,2080772,431
151301921,19.8052,19.8307,431,53939,0.222301,0.19,1,2081223,2080792,431
151304841,5.56104,5.56614,431,53978,0.22846,0.19,1,2081225,2080794,431
151307761,12.3122,12.3132,431,54017,0.197692,0.21,1,2081239,2080808,431
151310681,16.8624,16.0626,432,54056,0.207538,0.21,1,2081257,2080825,432
151313601,28.9725,28.8125,432,54095,0.225508,0.19,1,2081289,2080857,432
151316521,28.9945,28.9625,432,54134,0.261102,0.23,1,2081318,2080886,432
151319441,26.5989,27.3925,431,54173,0.26822,0.23,1,2081344,2080913,431
151322361,30.9198,30.2785,432,54212,0.317644,0.19,1,2081376,2080944,432
151325281,34.984,36.4557,430,54251,0.327529,0.17,1,2081412,2080982,430
151328201,28.5968,28.8911,430,54290,0.361506,0.21,1,2081439,2081009,430
151331121,22.5194,21.7782,431,54329,0.352301,0.23,1,2081460,2081029,431
151334041,31.7039,31.5556,431,54368,0.35046,0.17,1,2081494,2081063,431
151336961,27.1408,27.9111,430,54407,0.366092,0.17,1,2081520,2081090,430
151339881,15.0282,15.1822,430,54446,0.417218,0.23,1,2081532,2081102,430
151342801,23.0056,22.2364,431,54485,0.427444,0.23,1,2081557,2081126,431
151345721,27.8011,27.6473,431,54524,0.445489,0.19,1,2081586,2081155,431
151348641,31.1602,31.1295,431,54563,0.449098,0.19,1,2081618,2081187,431
151351561,19.032,19.0259,431,54602,0.41782,0.23,1,2081634,2081203,431
151354481,19.8064,19.8052,431,54641,0.411564,0.23,1,2081654,2081223,431
151357401,5.56128,5.56104,431,54680,0.442313,0.19,1,2081656,2081225,431
151360321,12.3123,12.3122,431,54718,0.448463,0.19,1,2081670,2081239,431
151363241,17.6625,2.46244,450,54756,0.401693,0.21,1,2081689,2081239,450
151366161,29.9325,14.8925,465,54794,0.440339,0.23,1,2081722,2081257,465
151369081,29.9865,28.5785,463,54832,0.416068,0.27,1,2081752,2081289,463
151372001,27.5973,28.9157,461,54870,0.411214,0.27,1,2081779,2081318,461
151374921,31.1195,26.5831,467,54908,0.426243,0.33,1,2081811,2081344,467
151377841,36.6239,30.9166,473,54946,0.445249,0.33,1,2081849,2081376,473
151380761,28.9248,34.9833,464,54984,0.48105,0.37,1,2081876,2081412,464
151383681,21.785,28.5967,457,55022,0.48821,0.35,1,2081896,2081439,457
151386601,32.357,22.5193,471,55060,0.521642,0.35,1,2081931,2081460,471
151389521,29.6714,31.7039,466,55098,0.624328,0.37,1,2081960,2081494,466
151392441,15.5343,27.1408,452,55136,0.644866,0.43,1,2081972,2081520,452
151395361,23.1069,15.0282,465,55174,0.664973,0.43,1,2081997,2081532,465
151398281,28.6214,23.0056,470,55212,0.668995,0.45,1,2082027,2081557,470
151401201,31.3243,27.8011,473,55250,0.685799,0.45,1,2082059,2081586,473
151404121,19.0649,31.1602,457,55288,0.68916,0.41,1,2082075,2081618,457
151407041,19.813,19.032,461,55326,0.689832,0.41,1,2082095,2081634,461
151409961,5.56259,19.8064,443,55364,0.689966,0.45,1,2082097,2081654,443
151412881,12.3125,5.56128,455,55402,0.689993,0.45,1,2082111,2081656,455
151415801,18.4625,12.3123,461,55440,0.689999,0.39,1,2082131,2081670,461
151418721,29.2925,17.6625,474,55478,0.706,0.45,1,2082163,2081689,474
151421641,29.8585,29.9325,471,55516,0.7252,0.41,1,2082193,2081722,471
151424561,28.3717,29.9865,469,55554,0.74504,0.41,1,2082221,2081752,469
151427481,31.2743,27.5973,474,55592,0.749008,0.43,1,2082253,2081779,474
151430401,37.4549,31.1195,481,55630,0.749802,0.45,1,2082292,2081811,481
151433321,30.691,36.6239,472,55668,0.74996,0.49,1,2082321,2081849,472
151436241,22.1382,28.9248,465,55706,0.749992,0.49,1,2082341,2081876,465
151439161,35.6276,21.785,484,55744,0.765998,0.53,2,2082380,2081896,484
151442081,33.5255,32.357,482,55782,0.8012,0.65,2,2082413,2081931,482
151445001,16.3051,29.6714,465,55820,0.80824,0.65,2,2082425,2081960,465
151447921,24.061,15.5343,479,55858,0.809648,0.67,2,2082451,2081972,479
151450841,29.6122,23.1069,485,55896,0.84193,0.67,2,2082482,2081997,485
151453761,31.5224,28.6214,487,55934,0.912386,0.69,2,2082514,2082027,487
151456681,19.1045,31.3243,471,55972,0.926477,0.69,2,2082530,2082059,471
151459601,19.8209,19.0649,475,56010,0.929295,0.69,2,2082550,2082075,475
151462521,5.56418,19.813,457,56048,0.929859,0.69,2,2082552,2082095,457
151465441,12.3128,5.56259,469,56086,0.929972,0.69,2,2082566,2082097,469
151468361,19.2626,12.3125,476,56124,0.913994,0.69,2,2082587,2082111,476
151471281,29.4525,18.4625,488,56161,0.910799,0.71,2,2082619,2082131,488
151474201,7.4905,29.2925,458,56198,0.91016,0.73,2,2082621,2082163,458
151477121,25.4981,29.8585,458,56235,0.942032,0.75,2,2082651,2082193,458
151480041,28.2996,28.3717,459,56272,0.948406,0.75,2,2082680,2082221,459
151482961,31.2599,31.2743,459,56309,0.949681,0.75,2,2082712,2082253,459
151710721,34,38,463,27740,0.03,0.53,1,2085147,2084684,463
151716561,47.6,60.4,448,27740,0.046,0.25,1,2085198,2084750,448
151722401,50.32,64.08,434,27740,0.0652,0.17,1,2085249,2084815,434
151751601,41.264,50.416,426,27740,0.06904,0.05,1,2085288,2084862,426
151754521,50.6528,48.4832,431,27816,0.069808,0,1,2085341,2084910,431
151757441,41.3306,27.2966,448,27892,0.0219616,0.09,1,2085380,2084932,448
151760361,31.4661,35.8593,439,27968,0.0123923,0.11,1,2085409,2084970,439
151763281,28.6932,33.5719,434,28044,0.0424785,0.01,1,2085437,2085003,434
151766201,15.3386,23.5144,425,28120,0.0324957,0.01,1,2085449,2085024,425
151769121,50.2677,34.3029,447,28195,0.0304991,0.03,1,2085508,2085061,447
151772041,59.6535,48.4606,457,28270,0.0620998,0.03,1,2085570,2085113,457
151774961,52.7307,58.4921,447,28345,0.06842,0.09,1,2085621,2085174,447
151777881,52.1461,53.2984,447,28420,0.069684,0.07,1,2085673,2085226,447
151780801,81.6292,60.2597,474,28495,0.133937,0.07,1,2085762,2085288,474
151783721,49.9258,54.4519,463,28569,0.114787,0.01,1,2085804,2085341,463
151786641,32.3852,42.0904,452,28643,0.0789575,0.01,1,2085832,2085380,452
151789561,28.077,31.6181,450,28717,0.103791,0.05,1,2085859,2085409,450
151792481,14.4154,28.7236,433,28791,0.108758,0.03,1,2085870,2085437,433
151795401,51.6831,15.3447,482,28865,0.0457517,0.03,1,2085931,2085449,482
151798321,60.7366,50.2689,486,28938,0.0491503,0.07,1,2085994,2085508,486
151801241,52.9473,59.6538,475,29011,0.11383,0.07,1,2086045,2085570,475
151804161,52.1895,52.7308,476,29084,0.126766,0.07,1,2086097,2085621,476
151807081,83.2379,52.1462,515,29157,0.145353,0.15,1,2086188,2085673,515
151810001,50.2476,81.6292,468,29230,0.165071,0.11,1,2086230,2085762,468
151812921,30.8495,49.9258,452,29302,0.169014,0.07,1,2086256,2085804,452
151815841,28.5699,32.3852,452,29374,0.185803,0.11,1,2086284,2085832,452
151818761,13.714,28.077,435,29446,0.221161,0.11,1,2086294,2085859,435
151821681,51.5428,14.4154,485,29518,0.228232,0.03,1,2086355,2085870,485
151824601,60.7086,51.6831,487,29590,0.261646,0.05,1,2086418,2085931,487
151827521,55.3417,60.7366,478,29662,0.252329,0.13,1,2086472,2085994,478
151830441,52.6683,52.9473,479,29733,0.266466,0.13,1,2086524,2086045,479
151833361,84.1337,52.1895,519,29804,0.301293,0.15,1,2086616,2086097,519
151836281,18.4267,83.2379,430,29875,0.308259,0.17,1,2086618,2086188,430
151839201,37.2853,50.2476,430,29946,0.341652,0.17,1,2086660,2086230,430
151842121,28.2571,30.8495,430,30017,0.36433,0.19,1,2086686,2086256,430
151845041,30.4514,28.5699,433,30088,0.320866,0.23,1,2086717,2086284,433
151847961,14.0903,13.714,433,30158,0.344173,0.23,1,2086727,2086294,433
151850881,53.2181,51.5428,435,30228,0.364835,0.27,1,2086790,2086355,435
151853801,61.0436,60.7086,435,30298,0.352967,0.25,1,2086853,2086418,435
151856721,54.6087,55.3417,434,30368,0.334593,0.27,1,2086906,2086472,434
151859641,53.3217,52.6683,435,30438,0.282919,0.31,1,2086959,2086524,435
151862561,85.8644,84.1337,437,30508,0.352584,0.31,1,2087053,2086616,437
151865481,18.7729,18.4267,437,30577,0.398517,0.35,1,2087055,2086618,437
151868401,37.3546,37.2853,437,30646,0.407703,0.37,1,2087097,2086660,437
151871321,29.0709,28.2571,438,30715,0.441541,0.31,1,2087124,2086686,438
151874241,31.4142,30.4514,439,30784,0.416308,0.35,1,2087156,2086717,439
151877161,14.2828,14.0903,439,30853,0.379262,0.37,1,2087166,2086727,439
151880081,52.4566,53.2181,438,30922,0.419852,0.35,1,2087228,2086790,438
151883001,60.0913,61.0436,437,30990,0.45997,0.33,1,2087290,2086853,437
151885921,53.6183,54.6087,436,31058,0.499994,0.27,1,2087342,2086906,436
151888841,52.3237,53.3217,435,31126,0.491999,0.37,1,2087394,2086959,435
151891761,89.6647,85.8644,440,31194,0.5864,0.41,1,2087493,2087053,440
151894681,19.5329,18.7729,440,31262,0.57328,0.41,1,2087495,2087055,440
151897601,37.5066,37.3546,440,31330,0.602656,0.41,1,2087537,2087097,440
151900521,29.9013,7.47091,468,31398,0.608531,0.45,1,2087565,2087097,468
151903441,29.9803,23.0942,471,31465,0.625706,0.41,1,2087595,2087124,471
151906361,14.7961,30.2188,450,31532,0.645141,0.37,1,2087606,2087156,450
151909281,52.5592,14.0438,502,31599,0.697028,0.43,1,2087668,2087166,502
151912201,61.7118,52.4088,504,31666,0.755406,0.47,2,2087732,2087228,504
151915121,55.5424,60.0818,496,31733,0.799081,0.51,2,2087786,2087290,496
151918041,53.5085,53.6164,497,31800,0.823816,0.49,2,2087839,2087342,497
151920961,93.9017,52.3233,549,31867,0.908763,0.61,2,2087943,2087394,549
151923881,20.3803,89.6647,452,31933,0.893753,0.57,2,2087945,2087493,452
151926801,38.4761,19.5329,493,31999,0.922751,0.61,2,2087988,2087495,493
151929721,30.0952,37.5066,479,32065,0.94455,0.61,2,2088016,2087537,479
151932641,30.819,29.9013,482,32131,0.94891,0.63,2,2088047,2087565,482
152093241,33,25,519,35572,0.75,1,2,2090467,2089948,519
152096161,29,21,527,35631,0.718,1,1,2090495,2089968,527
152099081,26.6,31.4,519,35690,0.6476,1,1,2090521,2090002,519
152102001,12.52,31.88,496,35749,0.64952,1,1,2090530,2090034,496
152104921,46.504,58.376,486,35808,0.553904,1,1,2090585,2090099,486
152107841,34.9008,35.6752,488,35867,0.518781,1,1,2090617,2090129,488
152110761,75.7802,81.535,481,35926,0.479756,1,1,2090703,2090222,481
152113681,96.756,101.107,477,35985,0.503951,0.93,1,2090805,2090328,477
152116601,26.5512,39.4214,462,36044,0.49279,0.98,1,2090814,2090352,462
152119521,34.9102,35.8843,464,36103,0.474558,0.87,1,2090851,2090387,464
152122441,25.382,27.1769,462,36162,0.486912,0.87,1,2090874,2090412,462
152125361,24.2764,23.0354,464,36220,0.441382,0.75,1,2090898,2090434,464
152128281,29.6553,31.0071,462,36278,0.480276,0.71,1,2090929,2090467,462
152131201,25.9311,28.6014,459,36336,0.472055,0.63,1,2090954,2090495,459
152134121,21.1862,26.5203,453,36394,0.502411,0.65,1,2090974,2090521,453
152137041,10.6372,12.5041,452,36452,0.508482,0.53,1,2090982,2090530,452
152139961,42.1274,46.5008,447,36510,0.509696,0.51,1,2091032,2090585,447
152142881,34.8255,34.9002,448,36568,0.557939,0.47,1,2091065,2090617,448
152145801,70.9651,75.78,442,36626,0.583588,0.51,1,2091145,2090703,442
152148721,98.193,96.756,445,36684,0.604718,0.49,1,2091250,2090805,445
152151641,26.0386,26.5512,444,36742,0.608943,0.47,1,2091258,2090814,444
152154561,35.6077,34.9102,445,36800,0.625789,0.49,1,2091296,2090851,445
152157481,24.7215,25.382,444,36857,0.597158,0.43,1,2091318,2090874,444
152160401,23.3443,24.2764,443,36914,0.671432,0.49,1,2091341,2090898,443
152163321,30.2689,29.6553,444,36971,0.654286,0.47,1,2091373,2090929,444
152166241,26.0538,25.9311,444,37028,0.682857,0.51,1,2091398,2090954,444
152169161,22.0108,21.1862,445,37085,0.704571,0.51,1,2091419,2090974,445
152172081,10.8022,10.6372,445,37142,0.708914,0.51,1,2091427,2090982,445
152175001,43.7604,2.12745,497,37199,0.741783,0.51,1,2091479,2090982,497
152177921,36.7521,40.4255,482,37256,0.780357,0.57,2,2091514,2091032,482
152180841,70.5504,34.4851,528,37313,0.804071,0.59,2,2091593,2091065,528
152183761,98.9101,70.897,554,37370,0.856814,0.61,2,2091699,2091145,554
152186681,26.182,98.1794,457,37427,0.867363,0.61,2,2091707,2091250,457
152189601,36.4364,26.0359,488,37483,0.885473,0.63,2,2091746,2091258,488
152192521,25.6873,35.6072,473,37539,0.873094,0.59,2,2091769,2091296,473
152195441,25.1375,24.7214,476,37595,0.918619,0.69,2,2091794,2091318,476
152198361,30.6275,23.3443,485,37651,0.927724,0.65,2,2091826,2091341,485
152493281,83,93,492,19203,0.53,0.69,1,2095685,2095193,492
152496201,79.8,71.4,505,19314,0.594,0.65,1,2095764,2095259,505
152499121,50.36,79.88,466,19424,0.6068,0.45,1,2095807,2095341,466
152502041,54.072,62.376,463,19533,0.65736,0.49,1,2095862,2095399,463
152504961,70.8144,38.8752,505,19642,0.683472,0.47,1,2095937,2095432,505
152507881,103.763,65.375,545,19750,0.800694,0.53,2,2096049,2095504,545
152510801,87.9526,91.475,531,19857,0.824139,0.53,2,2096133,2095602,531
152513721,83.1905,84.695,530,19964,0.844828,0.61,2,2096215,2095685,530
152516641,52.6381,80.139,496,20070,0.832966,0.61,2,2096260,2095764,496
152519561,55.3276,50.4278,509,20176,0.846593,0.67,2,2096316,2095807,509
152522481,74.2655,54.0856,533,20281,0.865319,0.69,2,2096395,2095862,533
152525401,107.653,70.8171,574,20386,0.853064,0.83,2,2096511,2095937,574
152528321,88.7306,103.763,546,20490,0.898613,0.83,2,2096595,2096049,546
152531241,84.1461,87.9527,545,20594,0.939723,0.85,2,2096678,2096133,545
152618841,72,42,542,23487,0.77,1,2,2098684,2098142,542
152621761,67.2,70,531,23577,0.722,1,1,2098750,2098219,531
152624681,102.24,54.8,591,23667,0.4884,1,1,2098861,2098270,591
152627601,70.848,105.36,536,23757,0.29768,1,1,2098924,2098388,536
152630521,41.3696,66.672,513,23846,0.259536,1,1,2098958,2098445,513
152633441,75.4739,46.9344,555,23935,0.235907,0.86,1,2099042,2098487,555
152636361,16.6948,82.1869,466,24024,0.231181,0.89,1,2099044,2098578,466
152639281,28.939,43.6374,464,24112,0.246236,0.77,1,2099076,2098612,464
152642201,60.1878,66.3275,460,24200,0.233247,0.71,1,2099144,2098684,460
152645121,62.4376,66.0655,457,24288,0.294649,0.43,1,2099207,2098750,457
152648041,88.4875,102.013,441,24375,0.32293,0.25,1,2099302,2098861,441
152650961,62.4975,70.8026,434,24462,0.328586,0.25,1,2099358,2098924,434
152653881,41.2995,41.3605,436,24549,0.377717,0.23,1,2099394,2098958,436
152656801,73.0599,75.4721,433,24635,0.355543,0.23,1,2099475,2099042,433
152659721,16.212,16.6944,433,24721,0.351109,0.25,1,2099477,2099044,433
152662641,27.2424,28.9389,431,24807,0.382222,0.23,1,2099507,2099076,431
152665561,61.4485,60.1878,433,24892,0.452444,0.31,1,2099577,2099144,433
152668481,65.8897,62.4376,437,24977,0.498489,0.33,1,2099644,2099207,437
152671401,86.7779,88.4875,434,25062,0.523698,0.33,1,2099736,2099302,434
152674321,63.7556,62.4975,436,25147,0.52874,0.39,1,2099794,2099358,436
152677241,45.5511,41.2995,441,25231,0.545748,0.35,1,2099835,2099394,441
152680161,73.9102,73.0599,441,25315,0.61315,0.35,1,2099916,2099475,441
152683081,16.382,16.212,441,25399,0.62663,0.39,1,2099918,2099477,441
152686001,25.6764,27.2424,439,25482,0.661326,0.39,1,2099946,2099507,439
152688921,63.5353,5.44848,512,25565,0.684265,0.47,1,2100019,2099507,512
152691841,67.9071,57.0897,511,25648,0.720853,0.51,1,2100088,2099577,511
152694761,89.5814,65.0179,539,25731,0.712171,0.53,1,2100183,2099644,539
152697681,64.3163,86.6036,505,25813,0.710434,0.53,1,2100241,2099736,505
152700601,47.2633,63.7207,490,25895,0.710087,0.55,1,2100284,2099794,490
152703521,77.4527,45.5441,534,25977,0.742017,0.63,1,2100369,2099835,534
152706441,17.0905,73.9088,455,26059,0.748403,0.63,1,2100371,2099916,455
152709361,26.6181,16.3818,482,26140,0.701681,0.67,1,2100400,2099918,482
152712281,65.3236,25.6764,529,26221,0.772336,0.69,2,2100475,2099946,529
152715201,69.0647,63.5353,526,26302,0.818467,0.73,2,2100545,2100019,526
152718121,89.0129,67.9071,551,26383,0.891693,0.71,2,2100639,2100088,551
152721041,64.2026,89.5814,514,26463,0.906339,0.71,2,2100697,2100183,514
152723961,47.2405,64.3163,499,26543,0.893268,0.71,2,2100740,2100241,499
152726881,77.4481,47.2633,541,26623,0.906654,0.75,2,2100825,2100284,541
152729801,17.0896,77.4527,458,26703,0.909331,0.75,2,2100827,2100369,458
152732721,25.8179,17.0905,484,26782,0.909866,0.69,2,2100855,2100371,484
152735641,69.1636,26.6181,535,26861,0.925973,0.79,2,2100935,2100400,535
152738561,15.4327,65.3236,462,26940,0.945195,0.83,2,2100937,2100475,462
152832001,79,33,553,29350,0.51,1,1,2102710,2102157,553
152834921,56.6,83.4,508,29422,0.302,1,1,2102761,2102253,508
152837841,37.72,41.48,510,29494,0.2124,1,1,2102794,2102284,510
152840761,36.344,31.496,517,29566,0.14648,1,1,2102830,2102313,517
152843681,32.8688,44.6992,501,29638,0.053296,1,1,2102862,2102361,501
152846601,49.7738,31.3398,527,29709,0.0826592,1,1,2102916,2102389,527
152849521,65.9548,48.668,544,29780,0.0725318,1,1,2102986,2102442,544
152852441,14.7909,68.9336,472,29851,0.0705064,0.81,1,2102988,2102516,472
152855361,57.3582,75.3867,463,29922,0.0141013,0.79,1,2103056,2102593,463
152858281,42.6716,45.4773,464,29993,0.0908203,0.51,1,2103095,2102631,464
152861201,55.7343,72.2955,444,30064,0.122164,0.25,1,2103154,2102710,444
152864121,46.3469,55.2591,437,30134,0.0644328,0.19,1,2103198,2102761,437
152867041,30.8694,37.4518,431,30204,0.116887,0.13,1,2103225,2102794,431
152869961,30.1739,36.2904,425,30274,0.191377,0.03,1,2103255,2102830,425
152872881,32.4348,32.8581,426,30344,0.0942755,0.09,1,2103288,2102862,426
152875801,47.287,49.7716,423,30414,0.0748551,0.07,1,2103339,2102916,423
152878721,64.6574,65.9543,422,30484,0.038971,0.07,1,2103408,2102986,422
152881641,14.5315,14.7909,422,30553,0.0317942,0,1,2103410,2102988,422
152884561,58.1063,57.3582,423,30622,0.0143588,0.11,1,2103479,2103056,423
152887481,44.4213,42.6716,425,30691,0.0428718,0.13,1,2103520,2103095,425
152890401,58.4843,55.7343,428,30760,0.112574,0.05,1,2103582,2103154,428
152893321,43.6968,46.3469,424,30829,0.142515,0.13,1,2103622,2103198,424
152896241,32.7394,30.8694,427,30898,0.116503,0.21,1,2103652,2103225,427
152899161,32.9479,30.1739,430,30966,0.159301,0.07,1,2103685,2103255,430
152902081,27.3896,32.4348,423,31034,0.16786,0.07,1,2103711,2103288,423
152905001,45.4779,47.287,422,31102,0.121572,0.03,1,2103761,2103339,422
152907921,64.2956,64.6574,422,31170,0.112314,0.03,1,2103830,2103408,422
152910841,14.4591,14.5315,422,31238,0.110463,0.01,1,2103832,2103410,422
152913761,58.0918,58.1063,422,31306,0.142093,0.01,1,2103901,2103479,422
152916681,46.0184,11.6213,465,31374,0.0684185,0.05,1,2103944,2103479,465
152919601,60.4037,35.1243,488,31441,0.0856837,0.13,1,2104008,2103520,488
152922521,44.0807,56.6249,466,31508,0.0891367,0.15,1,2104048,2103582,466
152925441,32.8161,43.325,456,31575,0.0898273,0.11,1,2104078,2103622,456
152928361,33.7632,32.665,460,31642,0.0899655,0.17,1,2104112,2103652,460
152931281,27.5526,32.933,453,31709,0.137993,0.17,1,2104138,2103685,453
152934201,43.1105,27.3866,474,31776,0.131599,0.11,1,2104185,2103711,474
152937121,62.2221,45.4773,491,31843,0.11432,0.11,1,2104252,2103761,491
152940041,14.0444,64.2955,424,31909,0.110864,0.11,1,2104254,2103830,424
152942961,59.6089,14.4591,493,31975,0.110173,0.15,1,2104325,2103832,493
152945881,45.5218,58.0918,466,32041,0.142035,0.05,1,2104367,2103901,466
152948801,61.9044,46.0184,489,32107,0.212407,0.09,1,2104433,2103944,489
152951721,44.3809,60.4037,465,32173,0.258481,0.09,1,2104473,2104008,465
152954641,32.8762,44.0807,455,32239,0.267696,0.09,1,2104503,2104048,455
152957561,35.3752,32.8161,461,32305,0.285539,0.09,1,2104539,2104078,461
152960481,28.675,33.7632,454,32370,0.273108,0.15,1,2104566,2104112,454
152963401,42.535,27.5526,474,32435,0.270622,0.13,1,2104612,2104138,474
152966321,61.307,43.1105,493,32500,0.286124,0.11,1,2104678,2104185,493
152969241,13.8614,62.2221,428,32565,0.289225,0.11,1,2104680,2104252,428
152972161,61.1723,14.0444,499,32630,0.289845,0.11,1,2104753,2104254,499
152975081,45.8345,59.6089,470,32695,0.369969,0.15,1,2104795,2104325,470
152978001,65.1669,45.5218,498,32760,0.353994,0.23,1,2104865,2104367,498
152980921,14.6334,61.9044,434,32825,0.350799,0.27,1,2104867,2104433,434
152983841,35.7267,44.3809,435,32889,0.38216,0.27,1,2104908,2104473,435
152986761,31.1453,32.8762,435,32953,0.436432,0.29,1,2104938,2104503,435
152989681,35.8291,35.3752,436,33017,0.431286,0.27,1,2104975,2104539,436
152992601,27.9658,28.675,435,33081,0.462257,0.27,1,2105001,2104566,435
152995521,42.3932,42.535,435,33145,0.452451,0.29,1,2105047,2104612,435
152998441,62.0786,61.307,436,33209,0.49849,0.29,1,2105114,2104678,436
153001361,14.0157,13.8614,436,33273,0.539698,0.29,1,2105116,2104680,436
153004281,61.2031,61.1723,436,33337,0.49994,0.39,1,2105189,2104753,436
153007201,49.8406,45.8345,441,33400,0.523988,0.35,1,2105236,2104795,441
153010121,64.3681,65.1669,439,33463,0.560798,0.35,1,2105304,2104865,439
153013041,14.4736,14.6334,439,33526,0.56816,0.39,1,2105306,2104867,439
153015961,38.0947,35.7267,442,33589,0.585632,0.45,1,2105350,2104908,442
153018881,31.6189,31.1453,442,33652,0.621126,0.43,1,2105380,2104938,442
153021801,36.7238,35.8291,443,33715,0.612225,0.47,1,2105418,2104975,443
153024721,28.1448,27.9658,443,33778,0.674445,0.45,1,2105444,2105001,443
153027641,44.829,42.3932,446,33841,0.686889,0.51,1,2105493,2105047,446
153030561,63.3658,62.0786,447,33903,0.689378,0.55,1,2105561,2105114,447
153033481,14.2732,14.0157,447,33965,0.689876,0.49,1,2105563,2105116,447
153036401,61.2546,61.2031,447,34027,0.721975,0.53,1,2105636,2105189,447
153039321,50.6509,49.8406,448,34089,0.760395,0.57,2,2105684,2105236,448
153042241,64.5302,64.3681,448,34151,0.816079,0.57,2,2105752,2105304,448
153045161,14.506,14.4736,448,34213,0.859216,0.57,2,2105754,2105306,448
153048081,39.7012,2.89472,494,34275,0.867843,0.59,2,2105800,2105306,494
153051001,31.9402,35.7789,480,34337,0.869569,0.63,2,2105830,2105350,480
153053921,37.588,31.1558,489,34399,0.869914,0.61,2,2105869,2105380,489
153056841,29.9176,36.6312,479,34460,0.901983,0.69,2,2105897,2105418,479
153059761,46.7835,28.1262,504,34521,0.892397,0.69,2,2105948,2105444,504
153062681,63.7567,44.8252,523,34582,0.922479,0.69,2,2106016,2105493,523
153065601,14.3513,63.3651,457,34643,0.928496,0.69,2,2106018,2105561,457
153068521,62.8703,14.273,530,34704,0.913699,0.73,2,2106093,2105563,530
153071441,52.5741,61.2546,507,34765,0.89474,0.77,2,2106143,2105636,507
153249561,49,43,523,38295,0.61,1,1,2108623,2108100,523
153252481,34.6,49.4,503,38350,0.578,1,1,2108654,2108151,503
153255401,37.32,31.48,514,38405,0.5876,1,1,2108692,2108178,514
153258321,33.064,35.096,510,38460,0.49352,0.99,1,2108724,2108214,510
153261241,33.0128,31.8192,512,38515,0.506704,1,1,2108757,2108245,512
153264161,25.8026,30.3638,506,38570,0.541341,1,1,2108781,2108275,506
153267081,17.9605,26.8728,496,38625,0.532268,0.96,1,2108797,2108301,496
153270001,21.1921,36.5746,479,38680,0.530454,1,1,2108819,2108340,479
153272921,45.0384,55.3149,470,38735,0.578091,1,1,2108870,2108400,470
153275841,39.4077,40.663,471,38790,0.539618,0.99,1,2108908,2108437,471
153278761,28.6815,30.5326,469,38844,0.499924,0.85,1,2108934,2108465,469
153281681,48.1363,50.9065,466,38898,0.475985,0.73,1,2108987,2108521,466
153284601,46.4273,52.5813,459,38952,0.503197,0.61,1,2109033,2108574,459
153287521,43.6855,49.7163,453,39006,0.540639,0.57,1,2109076,2108623,453
153290441,30.3371,34.7433,449,39060,0.548128,0.59,1,2109103,2108654,449
153293361,36.4674,37.3486,449,39114,0.581626,0.47,1,2109141,2108692,449
153296281,32.8935,33.0697,449,39168,0.556325,0.51,1,2109173,2108724,449
153299201,32.1787,33.0139,448,39222,0.615265,0.55,1,2109205,2108757,448
153302121,24.8357,25.8028,447,39276,0.611053,0.53,1,2109228,2108781,447
153305041,21.7671,17.9606,452,39330,0.562211,0.53,1,2109249,2108797,452
153307961,17.9534,21.1921,447,39384,0.600442,0.59,1,2109266,2108819,447
153310881,45.9907,45.0384,449,39438,0.688088,0.53,1,2109319,2108870,449
153313801,37.1981,39.4077,446,39492,0.721618,0.49,1,2109354,2108908,446
153316721,28.2396,28.6815,446,39545,0.760324,0.47,2,2109380,2108934,446
153319641,47.2479,48.1363,445,39598,0.752065,0.51,2,2109432,2108987,445
153322561,47.0496,46.4273,446,39651,0.782413,0.55,2,2109479,2109033,446
153325481,44.6099,43.6855,447,39704,0.788483,0.55,2,2109523,2109076,447
153328401,32.122,30.3371,449,39757,0.805697,0.59,2,2109552,2109103,449
153331321,36.8244,36.4674,449,39810,0.777139,0.55,2,2109590,2109141,449
153334241,32.9649,32.8935,449,39863,0.787428,0.63,2,2109622,2109173,449
153337161,33.793,32.1787,451,39916,0.837486,0.61,2,2109656,2109205,451
153340081,24.3586,24.8357,450,39969,0.863497,0.55,2,2109678,2109228,450
153343001,22.4717,21.7671,451,40022,0.836699,0.61,2,2109700,2109249,451
153345921,17.2943,17.9534,450,40075,0.86334,0.61,2,2109716,2109266,450
153348841,49.0589,3.59069,507,40128,0.884668,0.71,2,2109773,2109266,507
153562001,38,30,534,43801,0.87,1,2,2112352,2111818,534
153564921,31.6,39.6,522,43849,0.79,1,2,2112382,2111860,522
153567841,32.72,35.92,520,43897,0.822,1,2,2112415,2111895,520
153570761,33.744,37.584,516,43945,0.8284,1,2,2112449,2111933,516
153573681,36.3488,36.3168,517,43993,0.84568,1,2,2112486,2111969,517
153576601,30.4698,37.6634,508,44041,0.721136,1,1,2112515,2112007,508
153579521,30.894,33.9327,506,44089,0.696227,1,1,2112546,2112040,506
153582441,42.1788,36.3865,514,44137,0.499245,1,1,2112591,2112077,514
153585361,34.8358,36.0773,511,44185,0.395849,1,1,2112624,2112113,511
153588281,23.7672,36.0155,496,44233,0.32717,1,1,2112645,2112149,496
153591201,27.9534,23.2031,505,44281,0.249434,1,1,2112674,2112169,505
153594121,34.3907,32.6406,506,44329,0.201887,0.99,1,2112710,2112204,506
153597041,35.6781,34.5281,507,44377,0.176377,0.95,1,2112746,2112239,507
153599961,29.5356,39.7056,494,44425,0.0752755,0.91,1,2112774,2112280,494
153602881,7.50713,35.1411,462,44472,0.0550551,0.87,1,2112776,2112314,462
153605801,32.7014,37.4282,463,44519,0.067011,0.77,1,2112815,2112352,463
153608721,28.9403,31.4856,461,44566,0.0374022,0.83,1,2112843,2112382,461
153611641,34.5881,32.6971,464,44613,0.0634804,0.83,1,2112879,2112415,464
153614561,34.1176,33.7394,464,44660,0.0526961,0.85,1,2112913,2112449,464
153617481,31.6235,36.3479,458,44707,0.0345392,0.69,1,2112944,2112486,458
153620401,25.5247,30.4696,453,44754,0.0469078,0.69,1,2112968,2112515,453
153623321,26.7049,30.8939,449,44801,0.0333816,0.45,1,2112995,2112546,449
153626241,38.941,42.1788,446,44848,0.0306763,0.37,1,2113037,2112591,446
153629161,30.1882,34.8358,441,44895,0.0461353,0.31,1,2113065,2112624,441
153632081,17.2376,23.7672,434,44942,0.0492271,0.23,1,2113079,2112645,434
153635001,21.8475,27.9534,428,44989,0.0338454,0.19,1,2113102,2112674,428
153637921,34.7695,34.3907,430,45036,0.0307691,0.17,1,2113140,2112710,430
153640841,31.7539,35.6781,425,45083,0.0621538,0.05,1,2113171,2112746,425
153643761,27.1508,29.5356,423,45130,0.0684308,0.05,1,2113197,2112774,423
153646681,7.03016,7.50713,423,45177,0.0696862,0.07,1,2113199,2112776,423
153649601,31.806,32.7014,422,45224,0.0379372,0.03,1,2113237,2112815,422
153652521,28.7612,28.9403,422,45271,0.0315874,0.07,1,2113265,2112843,422
153655441,34.5522,34.5881,422,45318,0.00631749,0.05,1,2113301,2112879,422
153658361,34.1104,34.1176,422,45365,0.0572635,0.03,1,2113335,2112913,422
153661281,31.6221,31.6235,422,45411,0.0674527,0.05,1,2113366,2112944,422
153664201,25.5244,25.5247,422,45457,0.0534905,0.03,1,2113390,2112968,422
153667121,26.7049,26.7049,422,45503,0.0826981,0.03,1,2113417,2112995,422
153670041,40.541,38.941,424,45549,0.0565396,0.05,1,2113461,2113037,424
153672961,30.5082,30.1882,424,45595,0.0513079,0.05,1,2113489,2113065,424
153675881,17.3016,17.2376,424,45641,0.0502616,0.03,1,2113503,2113079,424
153678801,21.0603,21.8475,423,45687,0.0660523,0.03,1,2113525,2113102,423
153681721,35.4121,34.7695,424,45733,0.0532105,0.07,1,2113564,2113140,424
153684641,31.0824,31.7539,423,45779,0.0666421,0.07,1,2113594,2113171,423
153687561,27.0165,27.1508,423,45825,0.0853284,0.07,1,2113620,2113197,423
153690481,7.0033,7.03016,423,45871,0.0890657,0.03,1,2113622,2113199,423
153693401,31.0007,31.806,422,45917,0.105813,0.03,1,2113659,2113237,422
153696321,27.8001,6.36121,449,45963,0.0931626,0.03,1,2113686,2113237,449
153699241,34.36,23.6722,457,46009,0.0186325,0,1,2113722,2113265,457
153702161,35.672,33.5344,457,46055,0.0437265,0.07,1,2113758,2113301,457
153705081,31.9344,33.9069,454,46101,0.0967453,0.07,1,2113789,2113335,454
153708001,25.5869,31.5814,447,46147,0.107349,0.05,1,2113813,2113366,447
153710921,26.7174,25.5163,450,46193,0.15747,0.09,1,2113840,2113390,450
153713841,38.9435,26.7033,465,46239,0.167494,0.05,1,2113882,2113417,465
153716761,30.1887,40.5407,449,46285,0.169499,0.05,1,2113910,2113461,449
153719681,17.2377,30.5081,435,46331,0.2019,0.05,1,2113924,2113489,435
153722601,21.8475,17.3016,444,46377,0.22438,0.07,1,2113947,2113503,444
153725521,34.7695,21.0603,460,46422,0.228876,0.05,1,2113985,2113525,460
153728441,31.7539,35.4121,452,46467,0.245775,0.07,1,2114016,2113564,452
153731361,27.9508,31.0824,449,46512,0.233155,0.09,1,2114043,2113594,449
153734281,7.19016,27.0165,425,46557,0.230631,0.09,1,2114045,2113620,425
153737201,31.838,7.0033,461,46602,0.214126,0.11,1,2114083,2113622,461
153740121,25.5676,31.0007,448,46647,0.210825,0.09,1,2114107,2113659,448
153743041,33.9135,27.8001,457,46692,0.114165,0,1,2114143,2113686,457
153745961,38.7827,34.36,461,46737,0.046833,0.05,1,2114183,2113722,461
153748881,33.3565,35.672,457,46782,0.0493666,0.11,1,2114215,2113758,457
153751801,25.8713,31.9344,450,46827,0.0818733,0.11,1,2114239,2113789,450
153754721,29.1743,25.5869,456,46872,0.136375,0.17,1,2114269,2113813,456
153757641,39.4349,26.7174,471,46917,0.147275,0.17,1,2114311,2113840,471
153760561,30.287,38.9435,457,46962,0.149455,0.17,1,2114339,2113882,457
153763481,19.6574,30.1887,446,47007,0.197891,0.21,1,2114356,2113910,446
153766401,22.3315,17.2377,455,47052,0.223578,0.23,1,2114379,2113924,455
153769321,34.8663,21.8475,470,47097,0.244716,0.23,1,2114417,2113947,470
153772241,32.5733,34.7695,464,47142,0.248943,0.25,1,2114449,2113985,464
153775161,27.3147,31.7539,459,47187,0.249789,0.23,1,2114475,2114016,459
153778081,7.06293,27.9508,434,47232,0.265958,0.23,1,2114477,2114043,434
153781001,31.0126,7.19016,469,47277,0.285192,0.21,1,2114514,2114045,469
153783921,23.8025,31.838,453,47322,0.289038,0.21,1,2114536,2114083,453
153786841,28.7605,25.5676,459,47367,0.305808,0.09,1,2114566,2114107,459
153789761,7.3521,33.9135,425,47412,0.309162,0.03,1,2114568,2114143,425
153792681,31.8704,38.7827,423,47456,0.309832,0.05,1,2114606,2114183,423
153795601,34.3741,33.3565,426,47500,0.309966,0.09,1,2114641,2114215,426
153798521,26.0748,25.8713,426,47544,0.277993,0.15,1,2114665,2114239,426
153801441,31.615,29.1743,429,47588,0.255599,0.15,1,2114698,2114269,429
153804361,39.923,39.4349,429,47632,0.26712,0.15,1,2114740,2114311,429
153807281,31.1846,30.287,430,47676,0.285424,0.21,1,2114769,2114339,430
153810201,21.4369,19.6574,432,47720,0.289085,0.23,1,2114788,2114356,432
153813121,23.4874,22.3315,433,47764,0.305817,0.25,1,2114812,2114379,433
153816041,35.8975,34.8663,434,47808,0.373163,0.25,1,2114851,2114417,434
153818961,32.7795,32.5733,434,47852,0.402633,0.25,1,2114883,2114449,434
153821881,28.1559,27.3147,435,47896,0.392527,0.27,1,2114910,2114475,435
153824801,7.23118,7.06293,435,47940,0.390505,0.29,1,2114912,2114477,435
153827721,31.8462,31.0126,436,47984,0.390101,0.29,1,2114950,2114514,436
153830641,23.9692,23.8025,436,48028,0.35802,0.31,1,2114972,2114536,436
153833561,29.5939,28.7605,437,48072,0.407604,0.31,1,2115003,2114566,437
153836481,7.51877,7.3521,437,48116,0.409521,0.31,1,2115005,2114568,437
153839401,31.9038,31.8704,437,48160,0.409904,0.31,1,2115043,2114606,437
153842321,32.7807,34.3741,435,48204,0.489981,0.27,1,2115076,2114641,435
153845241,26.5561,26.0748,436,48248,0.489996,0.25,1,2115101,2114665,436
153848161,30.1112,31.615,434,48292,0.553999,0.27,1,2115132,2114698,434
153851081,40.4222,39.923,435,48336,0.5668,0.29,1,2115175,2114740,435
153854001,32.0844,31.1846,436,48380,0.63336,0.29,1,2115205,2114769,436
153856921,22.4169,21.4369,437,48424,0.630672,0.31,1,2115225,2114788,437
153859841,23.6834,23.4874,437,48468,0.662134,0.39,1,2115249,2114812,437
153862761,38.3367,35.8975,440,48511,0.636427,0.41,1,2115291,2114851,440
153865681,33.2673,32.7795,440,48554,0.647285,0.39,1,2115323,2114883,440
153868601,27.4535,28.1559,439,48597,0.665457,0.39,1,2115349,2114910,439
153871521,7.09069,7.23118,439,48640,0.669091,0.39,1,2115351,2114912,439
153874441,31.8181,31.8462,439,48683,0.669818,0.35,1,2115389,2114950,439
153877361,25.5636,23.9692,441,48726,0.637964,0.42,1,2115413,2114972,441
153880281,30.7127,29.5939,442,48769,0.727593,0.41,1,2115445,2115003,442
153883201,7.74254,7.51877,442,48812,0.745519,0.41,1,2115447,2115005,442
153886121,32.7485,31.9038,443,48855,0.749104,0.41,1,2115486,2115043,443
153889041,33.7497,6.38075,477,48898,0.717821,0.51,1,2115520,2115043,477
153891961,27.5499,27.6761,470,48941,0.711564,0.49,1,2115546,2115076,470
153894881,31.91,25.5352,478,48984,0.758313,0.57,2,2115579,2115101,478
153897801,42.382,29.907,492,49027,0.831663,0.57,2,2115624,2115132,492
153900721,34.0764,40.3814,481,49070,0.878332,0.65,2,2115656,2115175,481
153903641,23.6153,32.0763,472,49113,0.887667,0.63,2,2115677,2115205,472
153906561,23.9231,22.4153,476,49156,0.905533,0.67,2,2115701,2115225,476
153909481,36.7846,23.6831,492,49199,0.925107,0.63,2,2115741,2115249,492
153912401,33.7569,38.3366,483,49242,0.913021,0.65,2,2115774,2115291,483
153915321,28.3514,33.2673,478,49285,0.894604,0.67,2,2115801,2115323,478
153918241,7.27028,27.4535,454,49328,0.890921,0.67,2,2115803,2115349,454
153921161,31.8541,7.09069,490,49371,0.906184,0.67,2,2115841,2115351,490
153924081,26.3708,31.8181,477,49414,0.941237,0.63,2,2115866,2115389,477
154153301,79,63,526,24266,0.07,0.95,1,2118232,2117706,526
154156221,43,73.4,484,24353,0.014,0.73,1,2118266,2117782,484
154159141,67.8,61.08,500,24440,0.0908,0.53,1,2118340,2117840,500
154162061,47.16,68.216,472,24527,0.09016,0.21,1,2118382,2117910,472
154164981,56.632,65.6432,466,24613,0.106032,0.01,1,2118441,2117975,466
154167901,32.1264,55.5286,439,24699,0.0612064,0.03,1,2118467,2118028,439
154170821,41.6253,40.7057,446,24785,0.0362413,0.03,1,2118511,2118065,446
154173741,60.3251,78.5411,423,24871,0.0312483,0.07,1,2118576,2118153,423
154176661,76.065,78.9082,424,24956,0.0622496,0,1,2118656,2118232,424
154179581,42.413,42.9816,424,25041,0.0524499,0.11,1,2118690,2118266,424
154182501,70.8826,67.7963,428,25126,0.13049,0.09,1,2118768,2118340,428
154185421,47.7765,47.1593,428,25210,0.194098,0.11,1,2118810,2118382,428
154188341,56.7553,56.6319,428,25294,0.19082,0.05,1,2118869,2118441,428
154191261,30.5511,32.1264,426,25378,0.190164,0.03,1,2118893,2118467,426
154194181,40.5102,41.6253,425,25461,0.206033,0.03,1,2118936,2118511,425
154197101,56.902,8.32505,486,25544,0.145207,0.03,1,2118997,2118511,486
154200021,77.7804,53.665,504,25627,0.149041,0.07,1,2119080,2118576,504
154202941,41.9561,74.733,457,25710,0.181808,0.05,1,2119113,2118656,457
154205861,74.7912,42.1466,506,25792,0.204362,0.15,1,2119196,2118690,506
154208781,49.3582,70.8293,471,25874,0.224872,0.21,1,2119239,2118768,471
154211701,57.8716,47.7659,489,25956,0.228974,0.19,1,2119299,2118810,489
154214621,30.7743,56.7532,454,26038,0.229795,0.19,1,2119323,2118869,454
154217541,40.5549,30.5506,473,26119,0.229959,0.21,1,2119366,2118893,473
154220461,54.511,40.5101,488,26200,0.245992,0.13,1,2119424,2118936,488
154223381,78.9022,56.902,512,26281,0.297198,0.15,1,2119509,2118997,512
154226301,42.9804,77.7804,463,26362,0.30744,0.19,1,2119543,2119080,463
154229221,76.5961,41.9561,515,26442,0.325488,0.21,1,2119628,2119113,515
154232141,49.7192,74.7912,475,26522,0.345098,0.23,1,2119671,2119196,475
154235061,57.9438,49.3582,492,26602,0.36502,0.23,1,2119731,2119239,492
154237981,30.7888,57.8716,456,26682,0.369004,0.23,1,2119755,2119299,456
154240901,40.5578,30.7743,475,26761,0.353801,0.23,1,2119798,2119323,475
154243821,55.3116,40.5549,491,26840,0.33476,0.25,1,2119857,2119366,491
154246741,12.6623,54.511,435,26919,0.330952,0.31,1,2119859,2119424,435
154249661,71.3325,78.9022,436,26998,0.39419,0.31,1,2119945,2119509,436
154252581,42.2665,42.9804,437,27076,0.390838,0.33,1,2119980,2119543,437
154255501,78.0533,76.5961,439,27154,0.422168,0.35,1,2120067,2119628,439
154258421,50.8107,49.7192,440,27232,0.460434,0.37,1,2120111,2119671,440
154261341,58.1621,57.9438,440,27310,0.548087,0.37,1,2120171,2119731,440
154264261,30.8324,30.7888,440,27388,0.533617,0.35,1,2120195,2119755,440
154267181,39.7665,40.5578,439,27465,0.578723,0.33,1,2120237,2119798,439
154270101,54.3533,55.3116,438,27542,0.587745,0.33,1,2120295,2119857,438
154273021,12.4707,12.6623,438,27619,0.557549,0.41,1,2120297,2119859,438
154275941,74.4941,71.3325,442,27696,0.56751,0.39,1,2120387,2119945,442
154278861,42.0988,42.2665,441,27772,0.601502,0.43,1,2120421,2119980,441
154281781,78.8198,78.0533,442,27848,0.6563,0.47,1,2120509,2120067,442
154284701,54.164,50.8107,446,27924,0.71526,0.57,1,2120557,2120111,446
154287621,60.4328,58.1621,448,28000,0.775052,0.53,2,2120619,2120171,448
154290541,31.2866,30.8324,448,28076,0.75501,0.59,2,2120643,2120195,448
154293461,40.6573,39.7665,449,28151,0.815002,0.59,2,2120686,2120237,449
154296381,55.3315,54.3533,450,28226,0.811,0.55,2,2120745,2120295,450
154299301,12.6663,12.4707,450,28301,0.8102,0.57,2,2120747,2120297,450
154302221,75.3333,74.4941,451,28376,0.85804,0.57,2,2120838,2120387,451
154305141,43.0667,14.8988,486,28451,0.867608,0.61,2,2120873,2120387,486
154308061,80.6133,30.1798,542,28525,0.917522,0.67,2,2120963,2120421,542
154424861,33,0,527,31356,0.79,1,2,2122940,2122413,527
154427781,46.6,28,542,31423,0.726,1,1,2122990,2122448,542
154430701,37.32,51.2,520,31490,0.6172,1,1,2123025,2122505,520
154433621,37.064,43.84,515,31557,0.56344,1,1,2123062,2122547,515
154436541,53.0128,41.568,531,31624,0.568688,1,1,2123119,2122588,531
154439461,35.4026,48.3136,512,31691,0.505738,1,1,2123150,2122638,512
154442381,57.4805,28.0627,552,31758,0.461147,0.98,1,2123213,2122661,552
154445301,35.4961,62.4125,511,31825,0.420229,1,1,2123243,2122732,511
154448221,85.4992,45.2825,568,31891,0.364046,0.79,1,2123341,2122773,568
154451141,45.0998,89.8565,502,31957,0.384809,0.91,1,2123376,2122874,502
154454061,31.42,44.3713,497,32023,0.372962,0.79,1,2123404,2122907,497
154456981,39.084,35.2743,505,32089,0.386592,0.71,1,2123445,2122940,505
154459901,34.2168,47.0549,488,32155,0.437318,0.59,1,2123478,2122990,488
154462821,33.2434,37.411,486,32221,0.431464,0.55,1,2123511,2123025,486
154465741,51.4487,37.0822,505,32287,0.398293,0.57,1,2123567,2123062,505
154468661,32.6897,53.0164,476,32353,0.391659,0.49,1,2123595,2123119,476
154471581,53.7379,35.4033,504,32418,0.422332,0.45,1,2123654,2123150,504
154474501,31.5476,57.4807,467,32483,0.380466,0.41,1,2123680,2123213,467
154477421,86.3095,35.4961,537,32548,0.388093,0.35,1,2123780,2123243,537
154480341,46.8619,85.4992,476,32613,0.437619,0.39,1,2123817,2123341,476
154483261,30.1724,45.0998,467,32678,0.431524,0.37,1,2123843,2123376,467
154486181,41.2345,31.42,483,32743,0.446305,0.39,1,2123887,2123404,483
154489101,9.84689,39.084,444,32808,0.449261,0.45,1,2123889,2123445,444
154492021,28.3694,34.2168,444,32872,0.465852,0.43,1,2123922,2123478,444
154494941,31.2739,33.2434,443,32936,0.48517,0.39,1,2123954,2123511,443
154497861,51.8548,51.4487,444,33000,0.473034,0.39,1,2124011,2123567,444
154500781,30.371,32.6897,441,33064,0.518607,0.43,1,2124036,2123595,441
154503701,53.2742,53.7379,441,33128,0.575721,0.37,1,2124095,2123654,441
154506621,32.2548,31.5476,442,33192,0.603144,0.39,1,2124122,2123680,442
154509541,88.851,86.3095,445,33256,0.640629,0.45,1,2124225,2123780,445
154512461,44.9702,46.8619,442,33320,0.680126,0.43,1,2124259,2123817,442
154515381,30.594,30.1724,443,33383,0.672025,0.45,1,2124286,2123843,443
154518301,40.5188,41.2345,442,33446,0.702405,0.45,1,2124329,2123887,442
154521221,9.70376,9.84689,442,33509,0.708481,0.47,1,2124331,2123889,442
154524141,29.1408,28.3694,443,33572,0.725696,0.49,1,2124365,2123922,443
154527061,32.2281,31.2739,444,33635,0.729139,0.47,1,2124398,2123954,444
154529981,51.2456,51.8548,443,33698,0.713828,0.53,1,2124454,2124011,443
154532901,32.6491,30.371,446,33761,0.742766,0.59,1,2124482,2124036,446
154535821,56.1298,53.2742,449,33824,0.780553,0.61,2,2124544,2124095,449
154538741,33.626,32.2548,450,33887,0.820111,0.65,2,2124572,2124122,450
154541661,92.3252,88.851,454,33949,0.892022,0.69,2,2124679,2124225,454
154544581,45.665,44.9702,454,34011,0.890404,0.67,2,2124713,2124259,454
154547501,29.933,30.594,453,34073,0.890081,0.71,2,2124739,2124286,453
154746061,61,116,495,17042,0.13,0.75,1,2127671,2127176,495
154748981,47.4,76.8,472,17167,0.13,0.47,1,2127715,2127243,472
154751901,72.68,64.96,489,17291,0.162,0.23,1,2127794,2127305,489
154754821,37.736,69.792,447,17414,0.1364,0.23,1,2127823,2127376,447
154757741,178.747,34.7584,635,17536,0.29128,0.11,1,2128037,2127402,635
154760661,84.5494,173.352,488,17657,0.338256,0.13,1,2128098,2127610,488
154763581,52.1099,83.4703,471,17777,0.363651,0.13,1,2128142,2127671,471
154766501,75.222,51.8941,508,17896,0.35273,0.17,1,2128223,2127715,508
154769421,38.2444,73.5788,458,18015,0.366546,0.13,1,2128252,2127794,458
154772341,9.24888,37.9158,431,18133,0.369309,0.33,1,2128254,2127823,431
154775261,177.05,178.783,436,18250,0.561862,0.35,1,2128473,2128037,436
154778181,86.61,84.5566,439,18366,0.632372,0.37,1,2128537,2128098,439
154781101,53.322,52.1113,440,18482,0.694474,0.35,1,2128582,2128142,440
154784021,74.6644,75.2223,439,18597,0.706895,0.37,1,2128662,2128223,439
154786941,38.9329,38.2445,440,18711,0.725379,0.37,1,2128692,2128252,440
154789861,9.38658,9.24889,440,18824,0.697076,0.61,1,2128694,2128254,440
154792781,186.677,177.05,452,18937,0.835415,0.65,2,2128925,2128473,452
154890601,38,33,486,22431,0.59,1,1,2131328,2130842,486
154893521,44.4,41,489,22526,0.398,1,1,2131374,2130885,489
154896441,38.48,8.2,526,22620,0.2956,1,1,2131411,2130885,526
154899361,66.096,47.24,542,22714,0.16312,1,1,2131484,2130942,542
154902281,61.2192,74.248,521,22807,0.120624,1,1,2131544,2131023,521
154905201,33.8438,44.4496,511,22900,0.160125,0.97,1,2131571,2131060,511
154908121,144.369,36.8899,648,22993,0.088025,0.59,1,2131743,2131095,648
154911041,52.8738,163.378,483,23085,0.057605,0.59,1,2131773,2131290,483
154913961,37.7748,63.0756,479,23177,0.083521,0.35,1,2131807,2131328,479
154916881,37.155,49.4151,470,23268,0.0567042,0.27,1,2131844,2131374,470
154919801,64.231,39.483,504,23359,0.0673408,0.13,1,2131915,2131411,504
154922721,59.2462,66.2966,489,23450,0.101468,0.11,1,2131973,2131484,489
154925641,35.0492,61.2593,458,23540,0.172294,0.17,1,2132002,2131544,458
154928561,138.21,33.8519,595,23630,0.202459,0.07,1,2132166,2131571,595
154931481,51.642,144.37,453,23720,0.224492,0.05,1,2132196,2131743,453
154934401,38.3284,52.8741,458,23809,0.196898,0.09,1,2132231,2131773,458
154937321,36.4657,37.7748,460,23898,0.22338,0.05,1,2132267,2131807,460
154940241,64.8931,37.155,495,23987,0.260676,0.07,1,2132339,2131844,495
154943161,14.5786,64.231,426,24075,0.268135,0.11,1,2132341,2131915,426
154946081,50.9157,59.2462,428,24163,0.317627,0.19,1,2132401,2131973,428
154949001,35.7831,35.0492,431,24251,0.327525,0.21,1,2132433,2132002,431
154951921,137.557,138.21,430,24338,0.393505,0.23,1,2132596,2132166,430
154954841,53.1113,51.642,432,24425,0.422701,0.19,1,2132628,2132196,432
154957761,39.4223,38.3284,433,24512,0.47654,0.23,1,2132664,2132231,433
154960681,36.6845,36.4657,433,24598,0.455308,0.27,1,2132700,2132267,433
154963601,66.5369,64.8931,435,24684,0.499062,0.27,1,2132774,2132339,435
154966521,14.9074,14.5786,435,24770,0.539812,0.33,1,2132776,2132341,435
154969441,53.3815,50.9157,438,24856,0.595962,0.33,1,2132839,2132401,438
154972361,36.2763,35.7831,438,24941,0.607192,0.41,1,2132871,2132433,438
154975281,140.855,137.557,442,25026,0.689438,0.43,1,2133038,2132596,442
154978201,54.5711,53.1113,443,25111,0.689888,0.49,1,2133071,2132628,443
154981121,40.5142,39.4223,444,25195,0.721978,0.45,1,2133108,2132664,444
154984041,36.9028,36.6845,444,25279,0.728396,0.51,1,2133144,2132700,444
154986961,68.9806,66.5369,447,25363,0.729679,0.55,1,2133221,2132774,447
154989881,15.3961,14.9074,447,25447,0.729936,0.55,1,2133223,2132776,447
154992801,55.8792,2.98148,513,25530,0.729987,0.61,1,2133289,2132776,513
154995721,38.3758,50.9963,484,25613,0.665997,0.61,1,2133323,2132839,484
154998641,144.475,35.7993,623,25696,0.7172,0.71,1,2133494,2132871,623
155001561,54.495,140.76,488,25778,0.72744,0.69,1,2133526,2133038,488
155004481,42.099,54.552,494,25860,0.713488,0.73,1,2133565,2133071,494
155007401,37.2198,40.5104,493,25942,0.710698,0.73,1,2133601,2133108,493
155010321,69.044,36.9021,534,26024,0.758139,0.73,2,2133678,2133144,534
155013241,15.4088,68.9804,459,26105,0.767628,0.73,2,2133680,2133221,459
155016161,54.2818,15.3961,521,26186,0.801526,0.73,2,2133744,2133223,521
155019081,36.4564,55.8792,487,26267,0.824305,0.65,2,2133776,2133289,487
155156321,38,139,519,29819,0.71,1,1,2136376,2135857,519
155159241,33.2,55.8,516,29890,0.678,1,1,2136408,2135892,516
155162161,19.44,40.76,495,29961,0.5916,1,1,2136424,2135929,495
155165081,27.088,42.552,481,30032,0.51032,1,1,2136453,2135972,481
155168001,35.0176,38.1104,481,30102,0.510064,0.94,1,2136490,2136009,481
155170921,55.0035,55.6221,481,30172,0.542013,0.93,1,2136550,2136069,481
155173841,40.6007,46.3244,474,30242,0.532403,0.95,1,2136587,2136113,474
155176761,33.7201,38.8649,469,30312,0.546481,0.89,1,2136619,2136150,469
155179681,47.544,54.973,461,30382,0.581296,0.71,1,2136670,2136209,461
155182601,107.909,114.195,455,30452,0.684259,0.71,1,2136793,2136338,455
155185521,50.3818,53.2389,453,30521,0.736852,0.67,1,2136829,2136376,453
155188441,34.0764,36.2478,451,30590,0.73137,0.57,1,2136859,2136408,451
155191361,19.6153,20.0496,451,30659,0.794274,0.49,2,2136875,2136424,451
155194281,24.7231,27.2099,448,30728,0.854855,0.51,2,2136901,2136453,448
155197201,35.3446,35.042,449,30797,0.866971,0.55,2,2136939,2136490,449
155200121,55.0689,55.0084,449,30866,0.853394,0.53,2,2136999,2136550,449
155203041,38.2138,40.6017,446,30935,0.882679,0.55,2,2137033,2136587,446
155205961,35.6428,33.7203,449,31003,0.872536,0.59,2,2137068,2136619,449
155208881,47.9286,47.5441,449,31071,0.886507,0.71,2,2137119,2136670,449
155211801,114.386,107.909,457,31139,0.873301,0.75,2,2137250,2136793,457
155214721,54.0771,50.3818,460,31207,0.85466,0.73,2,2137289,2136829,460
155217641,33.2154,34.0764,458,31275,0.850932,0.81,2,2137317,2136859,458
155220561,22.6431,19.6153,462,31343,0.850186,0.81,2,2137337,2136875,462
155223481,25.3286,3.92305,488,31411,0.818037,0.87,2,2137363,2136875,488
155226401,37.0657,21.5846,502,31478,0.843607,0.87,2,2137403,2136901,502
155229321,54.6131,34.7169,523,31545,0.864721,0.85,2,2137462,2136939,523
155232241,39.7226,54.9434,499,31612,0.868944,0.89,2,2137498,2136999,499
155235161,35.1445,38.1887,499,31679,0.901789,0.87,2,2137532,2137033,499
155238081,48.6289,35.6377,516,31746,0.924358,0.89,2,2137584,2137068,516
155372401,35,46,505,34678,0.03,1,1,2139687,2139182,505
155375321,51.8,45.2,516,34739,0.03,1,1,2139743,2139227,516
155378241,25.56,34.64,503,34800,0.006,1,1,2139762,2139259,503
155381161,32.312,28.528,510,34861,0.0012,1,1,2139796,2139286,510
155384081,32.8624,23.3056,521,34922,0.05624,1,1,2139829,2139308,521
155387001,31.3725,32.6611,517,34983,0.051248,1,1,2139860,2139343,517
155389921,25.4745,32.1322,509,35043,0.0182496,0.91,1,2139884,2139375,509
155392841,26.6949,32.8264,503,35103,0.0596499,0.98,1,2139911,2139408,503
155395761,34.939,30.5653,510,35163,0.05193,0.97,1,2139948,2139438,510
155398681,89.3878,37.3131,574,35223,0.034386,0.35,1,2140051,2139477,574
155401601,41.8776,117.863,466,35283,0.0308772,0.19,1,2140081,2139615,466
155404521,31.5755,53.1725,458,35343,0.0461754,0.03,1,2140110,2139652,458
155407441,50.3151,38.6345,478,35403,0.0652351,0.03,1,2140165,2139687,478
155410361,25.263,52.5269,441,35463,0.037047,0,1,2140184,2139743,441
155413281,34.6526,25.7054,459,35523,0.0074094,0,1,2140221,2139762,459
155416201,30.1305,32.3411,454,35583,0.0254819,0.07,1,2140250,2139796,454
155419121,33.2261,32.8682,455,35642,0.0930964,0.05,1,2140284,2139829,455
155422041,8.24522,31.3736,426,35701,0.0746193,0.01,1,2140286,2139860,426
155424961,17.649,25.4747,422,35760,0.0549239,0.07,1,2140306,2139884,422
155427881,28.3298,26.6949,426,35819,0.0509848,0.05,1,2140337,2139911,426
155430801,32.866,34.939,423,35878,0.082197,0.03,1,2140371,2139948,423
155433721,88.9732,89.3878,423,35937,0.104439,0.03,1,2140474,2140051,423
155436641,40.9946,41.8776,422,35996,0.0768879,0.05,1,2140503,2140081,422
155439561,32.9989,31.5755,424,36055,0.0553776,0.07,1,2140534,2140110,424
155442481,51.3998,50.3151,425,36114,0.0830755,0.03,1,2140590,2140165,425
155445401,23.88,25.263,423,36173,0.104615,0,1,2140607,2140184,423
155448321,34.376,34.6526,423,36231,0.020923,0.03,1,2140644,2140221,423
155451241,29.2752,30.1305,422,36289,0.0281846,0.11,1,2140672,2140250,422
155454161,33.855,33.2261,423,36347,0.0616369,0.07,1,2140707,2140284,423
155457081,8.37101,8.24522,423,36405,0.100327,0.05,1,2140709,2140286,423
155460001,16.8742,17.649,422,36463,0.0600655,0.05,1,2140728,2140306,422
155462921,29.7748,28.3298,424,36521,0.0680131,0.09,1,2140761,2140337,424
155465841,32.355,32.866,423,36579,0.0536026,0.11,1,2140794,2140371,423
155468761,88.871,88.9732,423,36637,0.114721,0.07,1,2140897,2140474,423
155471681,40.9742,40.9946,423,36695,0.110944,0.05,1,2140926,2140503,423
155474601,34.5948,32.9989,425,36753,0.142189,0.09,1,2140959,2140534,425
155477521,52.519,51.3998,426,36810,0.0524378,0.11,1,2141016,2140590,426
155480441,20.9038,23.88,422,36867,0.0504876,0,1,2141029,2140607,422
155483361,33.7808,34.376,422,36924,0.0100975,0.03,1,2141066,2140644,422
155486281,29.1562,29.2752,422,36981,0.0260195,0.07,1,2141094,2140672,422
155489201,36.2312,33.855,425,37038,0.0452039,0.11,1,2141132,2140707,425
155492121,8.84625,8.37101,425,37095,0.0490408,0.05,1,2141134,2140709,425
155495041,14.5692,16.8742,422,37152,0.0498082,0.05,1,2141150,2140728,422
155497961,29.3138,3.37484,455,37209,0.0339616,0.07,1,2141183,2140728,455
155500881,33.0628,27.075,456,37266,0.0467923,0.05,1,2141217,2140761,456
155503801,90.6126,31.815,528,37323,0.113358,0.13,1,2141322,2140794,528
155506721,42.1225,88.763,455,37380,0.126672,0.11,1,2141352,2140897,455
155509641,34.8245,40.9526,459,37437,0.145334,0.15,1,2141385,2140926,459
155512561,49.3649,34.5905,479,37493,0.0690669,0.03,1,2141438,2140959,479
155515481,19.473,52.5181,434,37549,0.0698134,0.05,1,2141450,2141016,434
155518401,34.2946,20.9036,459,37605,0.0139627,0,1,2141488,2141029,459
155521321,28.4589,33.7807,449,37661,0.0427925,0.03,1,2141515,2141066,449
155524241,37.6918,29.1561,461,37717,0.0485585,0.05,1,2141555,2141094,461
155527161,9.13836,36.2312,425,37773,0.0497117,0.05,1,2141557,2141132,425
155530081,14.6277,8.84625,439,37829,0.0499423,0.05,1,2141573,2141134,439
155533001,29.3255,14.5692,456,37885,0.0179885,0.03,1,2141606,2141150,456
155535921,33.0651,29.3138,457,37941,0.0595977,0.05,1,2141640,2141183,457
155538841,93.813,33.0628,532,37997,0.0839195,0.13,1,2141749,2141217,532
155541761,42.7626,90.6126,457,38053,0.0887839,0.13,1,2141779,2141322,457
155544681,35.7525,42.1225,461,38109,0.105757,0.15,1,2141813,2141352,461
155547601,46.3505,34.8245,477,38164,0.0931514,0.05,1,2141862,2141385,477
155550521,18.0701,49.3649,435,38219,0.0746303,0.07,1,2141873,2141438,435
155553441,33.214,19.473,460,38274,0.0149261,0,1,2141910,2141450,460
155556361,27.4428,34.2946,448,38329,0.0269852,0.05,1,2141936,2141488,448
155559281,39.0886,28.4589,463,38384,0.045397,0.05,1,2141978,2141515,463
155562201,9.41771,37.6918,425,38439,0.0490794,0.05,1,2141980,2141555,425
155565121,14.6835,9.13836,439,38494,0.0498159,0.05,1,2141996,2141557,439
155568041,28.5367,14.6277,455,38549,0.0499632,0.01,1,2142028,2141573,455
155570961,34.5073,29.3255,458,38604,0.0339926,0.07,1,2142064,2141606,458
155573881,8.50147,33.0651,426,38659,0.0307985,0.09,1,2142066,2141640,426
155576801,88.9003,93.813,426,38714,0.12616,0.09,1,2142175,2141749,426
155579721,41.7801,42.7626,426,38769,0.145232,0.11,1,2142205,2141779,426
155582641,36.356,35.7525,427,38823,0.149046,0.09,1,2142240,2141813,427
155585561,44.0712,46.3505,424,38877,0.213809,0.07,1,2142286,2141862,424
155588481,19.2142,18.0701,426,38931,0.210762,0,1,2142299,2141873,426
155591401,31.0428,33.214,423,38985,0.178152,0.03,1,2142333,2141910,423
155594321,26.2086,27.4428,422,39039,0.17163,0.05,1,2142358,2141936,422
155597241,40.4417,39.0886,424,39093,0.154326,0.05,1,2142402,2141978,424
155600161,9.68834,9.41771,424,39147,0.150865,0.05,1,2142404,2141980,424
155603081,14.7377,14.6835,424,39201,0.166173,0.05,1,2142420,2141996,424
155606001,27.7475,28.5367,423,39255,0.169235,0.03,1,2142451,2142028,423
155608921,35.1495,34.5073,424,39309,0.185847,0.03,1,2142488,2142064,424
155611841,8.6299,8.50147,424,39363,0.189169,0.15,1,2142490,2142066,424
155614761,91.326,88.9003,427,39417,0.269834,0.15,1,2142602,2142175,427
155617681,42.2652,41.7801,427,39471,0.269967,0.15,1,2142632,2142205,427
155620601,38.853,36.356,430,39525,0.317993,0.23,1,2142670,2142240,430
155623521,45.3706,44.0712,431,39578,0.311599,0.21,1,2142717,2142286,431
155626441,18.6741,19.2142,430,39631,0.34232,0.17,1,2142729,2142299,430
155629361,28.5348,31.0428,427,39684,0.332464,0.17,1,2142760,2142333,427
155632281,26.507,26.2086,428,39737,0.298493,0.15,1,2142786,2142358,428
155635201,39.7014,40.4417,427,39790,0.323699,0.15,1,2142829,2142402,427
155638121,9.54028,9.68834,427,39843,0.32874,0.17,1,2142831,2142404,427
155641041,16.3081,14.7377,429,39896,0.361748,0.17,1,2142849,2142420,429
155643961,28.8616,27.7475,430,39949,0.33635,0.19,1,2142881,2142451,430
155646881,36.1723,35.1495,431,40002,0.34727,0.19,1,2142919,2142488,431
155649801,8.83446,8.6299,431,40055,0.349454,0.29,1,2142921,2142490,431
155652721,93.7669,91.326,434,40108,0.397891,0.29,1,2143036,2142602,434
155655641,42.7534,18.2652,464,40161,0.407578,0.27,1,2143066,2142602,464
155658561,39.7507,27.653,473,40214,0.409516,0.33,1,2143105,2142632,473
155661481,46.3501,35.9306,483,40267,0.457903,0.31,1,2143153,2142670,483
155664401,18.87,44.7861,448,40319,0.467581,0.35,1,2143165,2142717,448
155667321,27.774,18.5572,466,40371,0.469516,0.33,1,2143195,2142729,466
155670241,26.3548,28.5114,461,40423,0.469903,0.29,1,2143221,2142760,461
155673161,41.271,26.5023,480,40475,0.517981,0.33,1,2143266,2142786,480
155676081,9.85419,39.7005,439,40527,0.527596,0.33,1,2143268,2142829,439
155679001,16.3708,9.54009,455,40579,0.529519,0.37,1,2143286,2142831,455
155681921,28.8742,16.308,469,40631,0.577904,0.33,1,2143318,2142849,469
155684841,36.9748,28.8616,476,40683,0.603581,0.35,1,2143357,2142881,476
155687761,8.99497,36.1723,440,40735,0.608716,0.35,1,2143359,2142919,440
155690681,96.199,8.83446,556,40787,0.593743,0.41,1,2143477,2142921,556
155693601,44.0398,93.7669,472,40839,0.590749,0.41,1,2143508,2143036,472
155696521,39.208,42.7534,480,40891,0.62215,0.41,1,2143546,2143066,480
155699441,48.6416,39.7507,492,40943,0.61243,0.47,1,2143597,2143105,492
155702361,19.3283,46.3501,456,40995,0.610486,0.47,1,2143609,2143153,456
155705281,27.8657,18.87,474,41046,0.626097,0.47,1,2143639,2143165,474
155708201,26.3731,27.774,470,41097,0.629219,0.47,1,2143665,2143195,470
155711121,43.6746,26.3548,492,41148,0.597844,0.53,1,2143713,2143221,492
155714041,10.3349,41.271,449,41199,0.591569,0.53,1,2143715,2143266,449
155716961,16.467,9.85419,465,41250,0.590314,0.53,1,2143733,2143268,465
155719881,31.2934,16.3708,482,41301,0.622063,0.59,1,2143768,2143286,482
155722801,38.2587,28.8742,490,41352,0.660413,0.61,1,2143808,2143318,490
155725721,9.25174,36.9748,453,41403,0.668082,0.61,1,2143810,2143357,453
155728641,96.2503,8.99497,569,41454,0.669617,0.59,1,2143928,2143359,569
155731561,44.0501,96.199,482,41505,0.685923,0.59,1,2143959,2143477,482
155734481,10.41,44.0398,453,41556,0.689185,0.63,1,2143961,2143508,453
155737401,32.482,39.208,453,41607,0.689837,0.61,1,2143999,2143546,453
155740321,46.4964,48.6416,452,41658,0.769967,0.61,2,2144049,2143597,452
155743241,18.8993,19.3283,452,41709,0.785994,0.63,2,2144061,2143609,452
155746161,28.5799,27.8657,453,41760,0.821199,0.63,2,2144092,2143639,453
155749081,26.516,26.3731,453,41811,0.79624,0.59,2,2144118,2143665,453
155752001,42.1032,43.6746,451,41861,0.839248,0.59,2,2144164,2143713,451
155754921,10.0206,10.3349,451,41911,0.84785,0.59,2,2144166,2143715,451
155757841,16.4041,16.467,451,41961,0.84957,0.63,2,2144184,2143733,451
155760761,32.8808,31.2934,453,42011,0.865914,0.67,2,2144221,2143768,453
155763681,40.1762,38.2587,455,42061,0.917183,0.67,2,2144263,2143808,455
155766601,9.63523,9.25174,455,42111,0.927437,0.67,2,2144265,2143810,455
155941801,40,34,490,45019,0.63,1,1,2146351,2145861,490
155944721,46.4,26,514,45066,0.518,1,1,2146399,2145885,514
155947641,37.28,28.4,520,45113,0.4476,1,1,2146434,2145914,520
155950561,23.456,31.28,508,45160,0.40152,1,1,2146454,2145946,508
155953481,23.0912,27.856,504,45207,0.360304,1,1,2146477,2145973,504
155956401,24.6182,28.7712,500,45254,0.224061,1,1,2146502,2146002,500
155959321,30.5236,22.5542,511,45301,0.276812,1,1,2146534,2146023,511
155962241,23.7047,31.7108,499,45348,0.287362,1,1,2146556,2146057,499
155965161,18.3409,32.7422,483,45395,0.241472,1,1,2146573,2146090,483
155968081,23.6682,26.5484,483,45441,0.136294,1,1,2146598,2146115,483
155971001,30.3336,26.1097,489,45487,0.0832589,1,1,2146630,2146141,489
155973921,29.2667,38.8219,476,45533,0.104652,0.95,1,2146659,2146183,476
155976841,21.8533,27.7644,471,45579,0.15693,0.75,1,2146679,2146208,471
155979761,49.9707,61.5529,458,45625,0.151386,0.69,1,2146736,2146278,458
155982681,33.9941,38.7106,455,45671,0.150277,0.63,1,2146766,2146311,455
155985601,36.3988,39.7421,452,45717,0.102055,0.49,1,2146803,2146351,452
155988521,39.2798,46.3484,444,45763,0.124411,0.43,1,2146843,2146399,444
155991441,32.656,37.2697,440,45809,0.160882,0.39,1,2146874,2146434,440
155994361,22.5312,23.4539,440,45855,0.168176,0.35,1,2146894,2146454,440
155997281,19.7062,23.0908,436,45901,0.217635,0.19,1,2146913,2146477,436
156000201,19.1412,24.6182,430,45947,0.227527,0.19,1,2146932,2146502,430
156003121,32.6283,4.92363,466,45993,0.229505,0.29,1,2146968,2146502,466
156006041,22.5256,26.5847,454,46039,0.229901,0.29,1,2146988,2146534,454
156008961,14.9051,22.9169,445,46085,0.21398,0.23,1,2147001,2146556,445
156011881,21.381,18.1834,451,46131,0.210796,0.11,1,2147024,2146573,451
156014801,31.4762,23.6367,460,46177,0.210159,0.07,1,2147058,2146598,460
156017721,29.4952,30.3273,457,46223,0.226032,0.11,1,2147087,2146630,457
156020641,21.099,29.2655,447,46269,0.245206,0.17,1,2147106,2146659,447
156023561,49.0198,21.8531,483,46315,0.249041,0.15,1,2147162,2146679,483
156026481,37.004,49.9706,460,46361,0.281808,0.15,1,2147196,2146736,460
156029401,33.8008,33.9941,463,46406,0.320362,0.09,1,2147229,2146766,463
156032321,39.5602,36.3988,467,46451,0.344072,0.13,1,2147270,2146803,467
156035241,32.712,39.2798,458,46496,0.380814,0.17,1,2147301,2146843,458
156038161,22.5424,32.656,447,46541,0.388163,0.17,1,2147321,2146874,447
156041081,22.1085,22.5312,449,46586,0.389633,0.23,1,2147343,2146894,449
156044001,19.6217,19.7062,449,46631,0.373927,0.23,1,2147362,2146913,449
156046921,34.3243,19.1412,468,46676,0.370785,0.23,1,2147400,2146932,468
156049841,21.2649,32.6283,450,46721,0.402157,0.23,1,2147418,2146968,450
156052761,15.453,22.5256,444,46766,0.408431,0.21,1,2147432,2146988,444
156055681,21.4906,14.9051,454,46811,0.425686,0.21,1,2147455,2147001,454
156058601,31.4981,21.381,465,46856,0.445137,0.21,1,2147489,2147024,465
156061521,28.6996,31.4762,459,46901,0.449027,0.23,1,2147517,2147058,459
156064441,23.3399,29.4952,452,46946,0.417805,0.25,1,2147539,2147087,452
156067361,49.468,21.099,489,46991,0.443561,0.25,1,2147595,2147106,489
156070281,39.4936,49.0198,470,47036,0.400712,0.29,1,2147632,2147162,470
156073201,34.2987,37.004,469,47081,0.440142,0.33,1,2147665,2147196,469
156076121,41.2597,33.8008,479,47126,0.464029,0.35,1,2147708,2147229,479
156079041,34.6519,39.5602,471,47171,0.516806,0.39,1,2147741,2147270,471
156081961,22.9304,32.712,460,47216,0.527361,0.39,1,2147761,2147301,460
156084881,22.1861,22.5424,462,47261,0.529472,0.39,1,2147783,2147321,462
156087801,18.8372,22.1085,458,47306,0.529894,0.37,1,2147801,2147343,458
156090721,34.1674,19.6217,477,47351,0.561979,0.37,1,2147839,2147362,477
156093641,8.43349,34.3243,441,47396,0.568396,0.41,1,2147841,2147400,441
156096561,16.8867,21.2649,442,47440,0.585679,0.41,1,2147860,2147418,442
156099481,14.5773,15.453,442,47484,0.589136,0.43,1,2147874,2147432,442
156102401,22.1155,21.4906,443,47528,0.589827,0.45,1,2147898,2147455,443
156105321,32.4231,31.4981,444,47572,0.605965,0.45,1,2147933,2147489,444
156108241,28.8846,28.6996,444,47616,0.657193,0.41,1,2147961,2147517,444
156111161,22.5769,23.3399,443,47660,0.651439,0.45,1,2147982,2147539,443
156114081,50.1154,49.468,444,47704,0.682288,0.39,1,2148039,2147595,444
156117001,38.8231,39.4936,443,47748,0.704458,0.45,1,2148075,2147632,443
156119921,34.9646,34.2987,444,47792,0.740892,0.47,1,2148109,2147665,444
156122841,43.7929,41.2597,447,47836,0.780178,0.53,2,2148155,2147708,447
156125761,35.9586,34.6519,448,47880,0.804036,0.53,2,2148189,2147741,448
156128681,23.1917,22.9304,448,47924,0.824807,0.53,2,2148209,2147761,448
156131601,22.2383,22.1861,448,47968,0.860961,0.53,2,2148231,2147783,448
156134521,18.8477,18.8372,448,48012,0.836192,0.57,2,2148249,2147801,448
156137441,35.7695,34.1674,450,48056,0.863238,0.57,2,2148289,2147839,450
156140361,8.75391,8.43349,450,48100,0.868648,0.59,2,2148291,2147841,450
156143281,16.1508,16.8867,449,48144,0.86973,0.59,2,2148309,2147860,449
156146201,14.4302,14.5773,449,48188,0.853946,0.59,2,2148323,2147874,449
156149121,22.886,22.1155,450,48232,0.866789,0.61,2,2148348,2147898,450
156152041,34.1772,32.4231,452,48276,0.885358,0.67,2,2148385,2147933,452
156154961,30.0354,28.8846,453,48320,0.905072,0.65,2,2148414,2147961,453
156157881,23.6071,22.5769,454,48364,0.877014,0.69,2,2148436,2147982,454
156160801,51.9214,50.1154,456,48408,0.887403,0.71,2,2148495,2148039,456
156381261,49,44,474,23360,0.47,0.98,1,2150855,2150381,474
156384181,55.4,33.6,500,23451,0.39,0.86,1,2150912,2150412,500
156387101,96.68,56.32,545,23541,0.262,0.73,1,2151019,2150474,545
156390021,76.936,96.064,511,23631,0.1884,0.65,1,2151091,2150580,511
156392941,40.1872,76.8128,470,23721,0.12568,0.67,1,2151122,2150652,470
156395861,24.0374,34.5626,466,23810,0.097136,0.59,1,2151142,2150676,466
156398781,31.2075,32.5125,467,23899,0.123427,0.61,1,2151175,2150708,467
156401701,55.8415,44.1025,482,23988,0.160685,0.49,1,2151237,2150755,482
156404621,58.3683,49.6205,490,24076,0.184137,0.37,1,2151296,2150806,490
156407541,58.0737,94.7241,442,24164,0.124827,0.23,1,2151354,2150912,442
156410461,90.8147,104.545,434,24252,0.192965,0.17,1,2151453,2151019,434
156413381,70.9629,78.509,428,24339,0.222593,0.11,1,2151519,2151091,428
156416301,38.1926,40.5018,427,24426,0.196519,0.09,1,2151549,2151122,427
156419221,25.2385,24.1004,429,24513,0.191304,0.13,1,2151571,2151142,429
156422141,31.4477,31.2201,429,24599,0.238261,0.17,1,2151604,2151175,429
156425061,56.6895,55.844,430,24685,0.263652,0.19,1,2151667,2151237,430
156427981,57.7379,58.3688,429,24771,0.31673,0.11,1,2151725,2151296,429
156430901,57.1476,58.0738,428,24857,0.327346,0.21,1,2151782,2151354,428
156433821,92.2295,90.8148,430,24942,0.393469,0.23,1,2151883,2151453,430
156436741,73.6459,70.9629,433,25027,0.422694,0.19,1,2151952,2151519,433
156439661,37.1292,38.1926,431,25112,0.444539,0.19,1,2151980,2151549,431
156442581,26.6258,25.2385,433,25196,0.480908,0.25,1,2152004,2151571,433
156445501,32.5252,31.4477,434,25280,0.504182,0.27,1,2152038,2151604,434
156448421,58.505,56.6895,436,25364,0.524836,0.33,1,2152103,2151667,436
156451341,58.101,57.7379,436,25448,0.560967,0.33,1,2152161,2151725,436
156454261,56.4202,11.5476,492,25531,0.536193,0.33,1,2152217,2151725,492
156457181,96.084,47.9095,541,25614,0.563239,0.41,1,2152323,2151782,541
156460101,76.8168,90.3819,512,25697,0.584648,0.43,1,2152395,2151883,512
156463021,37.7634,73.2764,471,25779,0.58893,0.45,1,2152423,2151952,471
156465941,26.7527,37.0553,467,25861,0.589786,0.49,1,2152447,2151980,467
156468861,34.1505,26.6111,479,25943,0.621957,0.51,1,2152483,2152004,479
156471781,59.6301,32.5222,511,26025,0.660391,0.53,1,2152549,2152038,511
156474701,59.126,58.5044,505,26106,0.652078,0.57,1,2152608,2152103,505
156477621,56.6252,58.1009,503,26187,0.666416,0.53,1,2152664,2152161,503
156480541,97.725,56.4202,555,26268,0.701283,0.57,1,2152772,2152217,555
156483461,77.945,96.084,522,26349,0.772257,0.59,2,2152845,2152323,522
156486381,37.989,76.8168,478,26429,0.786451,0.59,2,2152873,2152395,478
156489301,26.7978,37.7634,474,26509,0.80529,0.59,2,2152897,2152423,474
156492221,35.7596,26.7527,488,26589,0.809058,0.63,2,2152935,2152447,488
156495141,61.5519,34.1505,520,26669,0.841812,0.67,2,2153003,2152483,520
156498061,58.7104,59.6301,512,26748,0.864362,0.65,2,2153061,2152549,512
156500981,57.3421,59.126,510,26827,0.884872,0.67,2,2153118,2152608,510
156603181,59,76,528,29463,0.41,1,1,2154940,2154412,528
156606101,52.6,56.8,527,29535,0.33,1,1,2154991,2154464,527
156609021,103.32,63.36,578,29607,0.09,1,1,2155107,2154529,578
156611941,44.664,103.872,494,29678,0.042,1,1,2155137,2154643,494
156614861,47.3328,40.7744,517,29749,0.0484,0.93,1,2155185,2154668,517
156617781,31.8666,48.9549,494,29820,0.06568,0.89,1,2155213,2154719,494
156620701,7.97331,36.991,462,29891,0.069136,0.97,1,2155215,2154753,462
156623621,23.1947,30.5982,460,29962,0.117827,0.81,1,2155242,2154782,460
156626541,24.6389,27.7196,458,30033,0.143565,0.49,1,2155267,2154809,458
156629461,57.7278,63.1439,452,30103,0.116713,0.41,1,2155333,2154881,452
156632381,53.9456,59.8288,446,30173,0.175343,0.31,1,2155386,2154940,446
156635301,45.1891,52.7658,438,30243,0.139069,0.03,1,2155429,2154991,438
156638221,90.6378,103.353,424,30313,0.179814,0.03,1,2155531,2155107,424
156641141,41.3276,44.6706,423,30383,0.235963,0.05,1,2155560,2155137,423
156644061,45.8655,47.3341,422,30453,0.231193,0.07,1,2155607,2155185,422
156646981,33.9731,31.8668,425,30522,0.182239,0.07,1,2155638,2155213,425
156649901,8.39462,7.97336,425,30591,0.172448,0.13,1,2155640,2155215,425
156652821,25.6789,23.1947,428,30660,0.23449,0.15,1,2155670,2155242,428
156655741,22.7358,24.6389,425,30729,0.246898,0.11,1,2155692,2155267,425
156658661,58.9472,57.7278,427,30798,0.29738,0.19,1,2155760,2155333,427
156661581,55.7894,53.9456,429,30867,0.355476,0.13,1,2155815,2155386,429
156664501,44.7579,45.1891,428,30936,0.367095,0.19,1,2155857,2155429,428
156667421,93.7516,90.6378,432,31004,0.401419,0.25,1,2155963,2155531,432
156670341,40.3503,41.3276,430,31072,0.456284,0.23,1,2155990,2155560,430
156673261,46.4701,45.8655,431,31140,0.483257,0.17,1,2156038,2155607,431
156676181,33.294,33.9731,430,31208,0.456651,0.17,1,2156068,2155638,430
156679101,8.2588,8.39462,430,31276,0.45133,0.17,1,2156070,2155640,430
156682021,26.4518,1.67892,461,31344,0.450266,0.25,1,2156101,2155640,461
156684941,22.8904,24.3358,453,31412,0.466053,0.25,1,2156123,2155670,453
156687861,61.3781,22.4672,502,31479,0.485211,0.31,1,2156194,2155692,502
156690781,58.6756,58.8934,492,31546,0.505042,0.37,1,2156252,2155760,492
156693701,46.1351,55.7787,480,31613,0.493008,0.37,1,2156295,2155815,480
156696621,96.427,44.7557,547,31680,0.506602,0.41,1,2156404,2155857,547
156699541,41.6854,93.7512,469,31747,0.50932,0.47,1,2156432,2155963,469
156702461,47.5371,40.3502,491,31814,0.525864,0.49,1,2156481,2155990,491
156705381,33.5074,46.47,473,31881,0.577173,0.45,1,2156511,2156038,473
156708301,8.30148,33.294,445,31947,0.587435,0.45,1,2156513,2156068,445
156711221,26.4603,8.2588,474,32013,0.573487,0.45,1,2156544,2156070,474
156714141,23.6921,26.4518,466,32079,0.586697,0.47,1,2156567,2156101,466
156717061,62.3384,22.8904,516,32145,0.637339,0.49,1,2156639,2156123,516
156719981,59.6677,61.3781,504,32211,0.679468,0.51,1,2156698,2156194,504
156722901,45.5335,58.6756,488,32277,0.703894,0.49,1,2156740,2156252,488
156725821,97.1067,46.1351,555,32343,0.740779,0.51,1,2156850,2156295,555
156728741,42.6213,96.427,475,32408,0.732156,0.51,1,2156879,2156404,475
156731661,47.7243,41.6854,496,32473,0.730431,0.53,1,2156928,2156432,496
156734581,35.9449,47.5371,480,32538,0.746086,0.59,1,2156961,2156481,480
156737501,8.78897,33.5074,452,32603,0.749217,0.59,1,2156963,2156511,452
156740421,25.7578,8.30148,480,32668,0.749843,0.57,1,2156993,2156513,480
156743341,24.3516,26.4603,473,32733,0.765969,0.59,2,2157017,2156544,473
156746261,6.47031,23.6921,452,32798,0.769194,0.65,2,2157019,2156567,452
156749181,61.2941,62.3384,455,32862,0.785839,0.69,2,2157094,2156639,455
156752101,60.2588,59.6677,456,32926,0.869168,0.71,2,2157154,2156698,456
156755021,46.4518,45.5335,457,32990,0.885834,0.75,2,2157197,2156740,457
156757941,98.8904,97.1067,459,33054,0.873167,0.73,2,2157309,2156850,459
156760861,42.1781,42.6213,458,33118,0.870633,0.73,2,2157337,2156879,458
156763781,47.6356,47.7243,458,33182,0.886127,0.75,2,2157386,2156928,458
156766701,36.7271,35.9449,459,33246,0.873225,0.75,2,2157420,2156961,459
156769621,8.94542,8.78897,459,33310,0.870645,0.75,2,2157422,2156963,459
156772541,26.5891,25.7578,460,33373,0.918129,0.77,2,2157453,2156993,460
156880581,71,56,542,35643,0.79,1,2,2159042,2158500,542
156883501,37.4,59.2,511,35702,0.694,1,1,2159071,2158560,511
156886421,33.08,48.64,497,35761,0.6428,1,1,2159103,2158606,497
156889341,85.816,95.328,489,35820,0.58456,1,1,2159202,2158713,489
156892261,40.3632,43.8656,487,35879,0.588912,0.97,1,2159231,2158744,487
156895181,50.4726,47.9731,491,35938,0.461782,1,1,2159284,2158793,491
156898101,39.6945,42.3946,487,35997,0.420356,1,1,2159321,2158834,487
156901021,31.9389,29.2789,491,36056,0.396071,1,1,2159351,2158860,491
156903941,16.7878,28.2558,476,36115,0.375214,1,1,2159364,2158888,476
156906861,17.7576,20.0512,476,36174,0.355043,0.91,1,2159382,2158906,476
156909781,24.3515,28.8102,471,36232,0.335009,0.91,1,2159408,2158937,471
156912701,27.2703,32.962,465,36290,0.299002,0.79,1,2159436,2158971,465
156915621,55.8541,63.3924,457,36348,0.3398,0.67,1,2159499,2159042,457
156918541,31.9708,35.8785,454,36406,0.29996,0.63,1,2159525,2159071,454
156921461,30.3942,32.7757,452,36464,0.275992,0.57,1,2159555,2159103,452
156924381,84.4788,85.7551,451,36522,0.351198,0.59,1,2159653,2159202,451
156927301,38.4958,40.351,449,36580,0.41424,0.43,1,2159680,2159231,449
156930221,42.8992,50.4702,440,36638,0.410848,0.41,1,2159724,2159284,440
156933141,40.5798,39.694,443,36696,0.37817,0.39,1,2159764,2159321,443
156936061,28.916,31.9388,439,36754,0.387634,0.37,1,2159790,2159351,439
156938981,15.3832,16.7878,438,36811,0.389527,0.35,1,2159802,2159364,438
156941901,18.2766,17.7576,439,36868,0.437905,0.33,1,2159821,2159382,439
156944821,20.4553,24.3515,434,36925,0.447581,0.29,1,2159842,2159408,434
156947741,27.2911,27.2703,435,36982,0.465516,0.35,1,2159871,2159436,435
156950661,56.6582,55.8541,436,37039,0.501103,0.29,1,2159935,2159499,436
156953581,30.5316,31.9708,434,37096,0.508221,0.27,1,2159959,2159525,434
156956501,31.7063,30.3942,436,37153,0.509644,0.27,1,2159991,2159555,436
156959421,87.1413,6.07883,537,37210,0.525929,0.37,1,2160092,2159555,537
156962341,39.0283,79.6158,466,37267,0.497186,0.43,1,2160119,2159653,466
156965261,43.0057,37.5232,483,37324,0.539437,0.41,1,2160163,2159680,483
156968181,41.4011,42.7046,480,37381,0.579887,0.37,1,2160204,2159724,480
156971101,29.0802,40.5409,466,37438,0.555977,0.39,1,2160230,2159764,466
156974021,15.416,28.9082,452,37494,0.551196,0.39,1,2160242,2159790,452
156976941,19.0832,15.3816,460,37550,0.550239,0.45,1,2160262,2159802,460
156979861,20.6166,18.2763,462,37606,0.566048,0.45,1,2160283,2159821,462
156982781,28.1233,20.4553,471,37662,0.56921,0.47,1,2160313,2159842,471
156985701,58.4247,27.2911,508,37718,0.601842,0.51,1,2160379,2159871,508
156988621,30.8849,56.6582,468,37774,0.608368,0.51,1,2160403,2159935,468
156991541,31.777,30.5316,476,37830,0.609674,0.51,1,2160435,2159959,476
156994461,89.5554,31.7063,548,37886,0.657935,0.53,1,2160539,2159991,548
156997381,40.3111,87.1413,475,37942,0.683587,0.49,1,2160567,2160092,475
157000301,43.2622,39.0283,492,37998,0.736717,0.55,1,2160611,2160119,492
157003221,41.4524,43.0057,489,38054,0.731343,0.59,1,2160652,2160163,489
157006141,29.0905,41.4011,474,38110,0.730269,0.55,1,2160678,2160204,474
157009061,15.4181,29.0802,460,38165,0.730054,0.55,1,2160690,2160230,460
157011981,19.0836,15.416,468,38220,0.730011,0.55,1,2160710,2160242,468
157014901,21.4167,19.0832,470,38275,0.730002,0.57,1,2160732,2160262,470
157017821,28.2833,20.6166,479,38330,0.762,0.57,2,2160762,2160283,479
157020741,60.0567,28.1233,517,38385,0.7524,0.61,2,2160830,2160313,517
157023661,31.2113,58.4247,475,38440,0.75048,0.61,2,2160854,2160379,475
157026581,32.6423,30.8849,484,38495,0.766096,0.61,2,2160887,2160403,484
157029501,91.3285,31.777,558,38550,0.753219,0.67,2,2160993,2160435,558
157032421,41.4657,89.5554,483,38605,0.782644,0.69,2,2161022,2160539,483
157035341,9.89314,40.3111,457,38660,0.788529,0.75,2,2161024,2160567,457
157038261,38.7786,43.2622,459,38715,0.885706,0.73,2,2161070,2160611,459
157041181,39.7557,41.4524,458,38770,0.889141,0.73,2,2161110,2160652,458
157044101,28.7511,29.0905,458,38824,0.889828,0.73,2,2161136,2160678,458
157047021,15.3502,15.4181,458,38878,0.889966,0.73,2,2161148,2160690,458
157049941,19.07,19.0836,458,38932,0.921993,0.73,2,2161168,2160710,458
157052861,22.214,21.4167,459,38986,0.912399,0.77,2,2161191,2160732,459
157055781,29.2428,28.2833,460,39040,0.92648,0.75,2,2161222,2160762,460
157058701,59.4486,60.0567,459,39094,0.945296,0.75,2,2161289,2160830,459
157061621,31.0897,31.2113,459,39148,0.917059,0.77,2,2161313,2160854,459
157193021,29,26,510,41506,0.85,1,2,2162999,2162489,510
157195941,35.4,32.4,513,41557,0.866,1,2,2163036,2162523,513
157198861,28.68,30.48,510,41608,0.9172,1,2,2163063,2162553,510
157201781,23.336,27.696,505,41659,0.83144,1,2,2163085,2162580,505
157204701,28.6672,29.5392,505,41710,0.798288,1,2,2163115,2162610,505
157207621,35.3334,25.9078,517,41761,0.807658,1,2,2163152,2162635,517
157210541,27.0667,21.1816,522,41812,0.793531,1,2,2163177,2162655,522
157213461,12.6133,33.0363,495,41862,0.726706,1,1,2163186,2162691,495
157216381,30.5227,33.8073,496,41912,0.761341,1,2,2163221,2162725,496
157219301,30.1045,37.9615,487,41962,0.672268,1,1,2163251,2162764,487
157222221,89.2209,100.392,475,42012,0.686454,1,1,2163355,2162880,475
157225141,41.8442,40.0785,480,42062,0.785291,0.97,2,2163385,2162905,480
157228061,33.9688,36.8157,476,42112,0.757058,0.96,2,2163417,2162941,476
157230981,26.7938,30.5631,472,42162,0.735412,0.85,1,2163442,2162970,472
157233901,25.3588,29.3126,468,42212,0.715082,0.87,1,2163467,2162999,468
157236821,30.6718,35.4625,463,42262,0.727016,0.93,1,2163499,2163036,463
157239741,24.5343,28.6925,459,42312,0.761403,0.81,2,2163522,2163063,459
157242661,21.7069,23.3385,458,42362,0.832281,0.79,2,2163543,2163085,458
157245581,28.3414,28.6677,458,42412,0.830456,0.81,2,2163573,2163115,458
157248501,36.8683,35.3335,460,42462,0.814091,0.79,2,2163612,2163152,460
157251421,25.7737,27.0667,458,42512,0.842818,0.71,2,2163635,2163177,458
157254341,12.3547,12.6133,458,42562,0.864564,0.77,2,2163644,2163186,458
157257261,29.6709,30.5227,457,42612,0.868913,0.65,2,2163678,2163221,457
157260181,29.1342,30.1045,456,42662,0.837783,0.69,2,2163707,2163251,456
157514221,78,47,477,21270,0.07,0.31,1,2166770,2166293,477
157517141,69.2,64.6,475,21370,0.022,0.15,1,2166837,2166362,475
157520061,61.84,76.12,456,21469,0.0764,0.03,1,2166897,2166441,456
157522981,57.968,74.424,439,21568,0.08728,0.07,1,2166954,2166515,439
157525901,21.9936,26.8848,437,21666,0.105456,0.09,1,2166967,2166530,437
157528821,53.9987,28.577,470,21764,0.0770912,0.05,1,2167029,2166559,470
157531741,79.5997,73.7154,471,21861,0.135418,0.07,1,2167115,2166644,471
157534661,79.9199,115.543,425,21958,0.211084,0.01,1,2167195,2166770,425
157537581,67.984,76.7086,423,22055,0.210217,0.09,1,2167260,2166837,423
157540501,64.7968,63.3417,427,22151,0.210043,0.09,1,2167324,2166897,427
157543421,57.7594,58.2683,426,22247,0.226009,0.11,1,2167380,2166954,426
157546341,19.5519,22.0537,423,22342,0.197202,0.07,1,2167390,2166967,423
157549261,55.9104,54.0107,426,22437,0.23944,0.15,1,2167455,2167029,426
157552181,83.1821,79.6021,430,22532,0.247888,0.15,1,2167545,2167115,430
157555101,80.6364,15.9204,510,22626,0.281578,0.23,1,2167625,2167115,510
157558021,67.3273,67.1841,494,22720,0.320316,0.21,1,2167689,2167195,494
157560941,66.2655,65.4368,495,22813,0.376063,0.21,1,2167755,2167260,495
157563861,57.2531,64.2874,486,22906,0.435213,0.23,1,2167810,2167324,486
157566781,19.4506,57.6575,440,22999,0.447042,0.19,1,2167820,2167380,440
157569701,58.2901,19.5315,498,23091,0.465409,0.25,1,2167888,2167390,498
157572621,84.458,55.9063,524,23183,0.485082,0.25,1,2167979,2167455,524
157575541,81.6916,83.1813,515,23274,0.521016,0.29,1,2168060,2167545,515
157578461,69.1383,80.6363,501,23365,0.576203,0.33,1,2168126,2167625,501
157581381,69.0277,67.3272,506,23456,0.619241,0.39,1,2168195,2167689,506
157584301,60.2055,66.2654,498,23546,0.659848,0.45,1,2168253,2167755,498
157587221,20.0411,57.2531,453,23636,0.68397,0.45,1,2168263,2167810,453
157590141,59.2082,19.4506,512,23726,0.704794,0.47,1,2168332,2167820,512
157593061,85.4416,58.2901,536,23815,0.740959,0.49,1,2168424,2167888,536
157595981,84.2883,84.458,529,23904,0.732192,0.53,1,2168508,2167979,529
157598901,18.4577,81.6916,450,23993,0.762438,0.59,2,2168510,2168060,450
157601821,57.2915,69.1383,451,24081,0.768488,0.63,2,2168577,2168126,451
157604741,68.2583,69.0277,453,24169,0.801698,0.67,2,2168648,2168195,453
157607661,62.4517,60.2055,456,24257,0.760339,0.69,2,2168709,2168253,456
157610581,20.4903,20.0411,456,24344,0.720068,0.71,1,2168719,2168263,456
157613501,60.0981,59.2082,457,24431,0.776014,0.75,2,2168789,2168332,457
157616421,87.2196,85.4416,459,24518,0.819203,0.73,2,2168883,2168424,459
157619341,85.4439,84.2883,460,24604,0.859841,0.77,2,2168968,2168508,460
157622261,18.6888,18.4577,460,24690,0.899968,0.77,2,2168970,2168510,460
157625181,57.3378,57.2915,460,24776,0.939994,0.81,2,2169037,2168577,460
