#Ack,ack_ewma(ms),send_ewma(ms),rtt_ratio,cwnd (Bytes),Last Router Ocupation Ack Arriaval(Packets),Last Router Ocupation Packet Sent(Packets),Network Situation,AckArrival(ms),TSInsideAck(ms),RTTAck(ms)
4381,2,0,423,16060,0,0,1,130843,130420,423
7301,2,0,425,17520,0,0,1,130845,130420,425
10221,2,0,427,18980,0,0,1,130847,130420,427
13141,2,0,429,20440,0,0,1,130849,130420,429
14601,161.2,0,630,21900,0.12,0,1,131050,130420,630
17521,202.64,336.8,422,23360,0.024,0,1,131263,130841,422
20441,42.128,68.96,422,24820,0.0048,0,1,131265,130843,422
23361,10.0256,13.792,424,26280,0.00096,0,1,131267,130843,424
26281,3.60512,4.3584,424,27740,0.000192,0,1,131269,130845,424
29201,2.32102,2.47168,424,29200,3.84e-05,0,1,131271,130847,424
32121,2.0642,0.494336,426,30660,7.68e-06,0,1,131273,130847,426
35041,2.01284,1.69887,426,32120,0.0240015,0.15,1,131275,130849,426
37961,163.603,161.14,429,33580,0.0448003,0,1,131479,131050,429
40881,197.521,202.628,422,35040,0.00896006,0,1,131685,131263,422
43801,41.1041,40.5256,424,36500,0.00179201,0,1,131687,131263,424
46721,9.82082,9.70512,424,37960,0.000358402,0,1,131689,131265,424
49641,3.56416,3.54102,424,39420,7.16805e-05,0,1,131691,131267,424
52561,2.31283,0.708205,426,40880,1.43361e-05,0,1,131693,131267,426
55481,2.06257,1.74164,426,42340,2.86722e-06,0,1,131695,131269,426
58401,2.01251,1.94833,426,43800,0.0240006,0,1,131697,131271,426
61321,2.0025,0.389666,428,45260,0.0448001,0,1,131699,131271,428
64241,2.0005,1.67793,428,46720,0.06496,0.03,1,131701,131273,428
67161,2.0001,1.93559,428,48180,0.084992,0.03,1,131703,131275,428
70081,159.6,0.387117,627,49640,0.0729984,0.05,1,131902,131275,627
73001,33.52,163.277,425,51100,0.0705997,0,1,131904,131479,425
75921,169.104,197.455,422,52560,0.0141199,0,1,132107,131685,422
78841,35.4208,39.4911,424,54020,0.00282399,0,1,132109,131685,424
81761,8.68416,9.49822,424,55480,0.000564797,0,1,132111,131687,424
84681,3.33683,3.49964,424,56940,0.000112959,0,1,132113,131689,424
87601,2.26737,0.699929,426,58400,2.25919e-05,0,1,132115,131689,426
90521,2.05347,1.73999,426,59860,4.51838e-06,0,1,132117,131691,426
93441,2.01069,1.948,426,61320,0.0240009,0,1,132119,131693,426
96361,2.00214,0.389599,428,62780,0.0448002,0,1,132121,131693,428
99281,2.00043,1.67792,428,64240,0.06496,0.03,1,132123,131695,428
102201,2.00009,1.93558,428,65700,0.084992,0.03,1,132125,131697,428
105121,2.00002,0.387117,430,67160,0.104998,0.05,1,132127,131697,430
108041,2,1.67742,430,68620,0.125,0.07,1,132129,131699,430
110961,2,1.93548,430,70080,0.145,0.07,1,132131,131701,430
113881,2,0.387097,432,71540,0.165,0.09,1,132133,131701,432
116801,2,1.67742,432,73000,0.185,0.07,1,132135,131703,432
119721,154,159.535,425,74460,0.173,0.07,1,132327,131902,425
122641,32.4,31.9071,427,75920,0.1386,0.07,1,132329,131902,427
125561,8.08,7.98142,427,77380,0.16372,0,1,132331,131904,427
128481,160.016,163.996,422,78840,0.088744,0,1,132529,132107,422
131401,33.6032,32.7993,424,80300,0.0417488,0,1,132531,132107,424
134321,8.32064,8.15985,424,81760,0.00834976,0,1,132533,132109,424
137241,3.26413,3.23197,424,83220,0.00166995,0,1,132535,132111,424
140161,2.25283,0.646394,426,84680,0.00033399,0,1,132537,132111,426
143081,2.05057,1.72928,426,86140,6.67981e-05,0,1,132539,132113,426
146001,2.01011,1.94586,426,87600,0.0240134,0,1,132541,132115,426
148921,2.00202,0.389171,428,89060,0.0448027,0,1,132543,132115,428
151841,2.0004,1.67783,428,90520,0.0649605,0.03,1,132545,132117,428
154761,2.00008,1.93557,428,91980,0.0849921,0.03,1,132547,132119,428
157681,2.00002,0.387113,430,93440,0.104998,0.05,1,132549,132119,430
160601,2,1.67742,430,94900,0.125,0.07,1,132551,132121,430
163521,2,1.93548,430,96360,0.145,0.07,1,132553,132123,430
166441,2,0.387097,432,97820,0.165,0.09,1,132555,132123,432
169361,2,1.67742,432,99280,0.185,0.11,1,132557,132125,432
172281,2,1.93548,432,100740,0.205,0.11,1,132559,132127,432
175201,2,0.387097,434,102200,0.225,0.13,1,132561,132127,434
178121,2,1.67742,434,103660,0.245,0.15,1,132563,132129,434
181041,2,1.93548,434,105120,0.265,0.15,1,132565,132131,434
183961,2,0.387097,436,106580,0.285,0.17,1,132567,132131,436
186881,2,1.67742,436,108040,0.305,0.19,1,132569,132133,436
189801,2,1.93548,436,109500,0.325,0.19,1,132571,132135,436
192721,146.8,0.387097,619,110960,0.505,0.17,1,132754,132135,619
195641,30.96,153.677,429,112420,0.541,0.13,1,132756,132327,429
198561,7.792,32.3355,429,113880,0.5482,0.13,1,132758,132329,429
201481,3.1584,6.4671,431,115340,0.54964,0.17,1,132760,132329,431
204401,2.23168,2.89342,431,116800,0.549928,0.07,1,132762,132331,431
207321,151.646,158.979,422,118260,0.741986,0.07,1,132951,132529,422
210241,31.9293,31.7957,424,119720,0.780397,0.03,2,132953,132529,424
213161,7.98585,7.95915,424,121180,0.756079,0,2,132955,132531,424
216081,3.19717,3.19183,424,122640,0.719216,0,1,132957,132533,424
219001,2.23943,0.638366,426,124100,0.679843,0,1,132959,132533,426
221921,2.04789,1.72767,426,125560,0.639969,0,1,132961,132535,426
224841,2.00958,1.94553,426,127020,0.647994,0,1,132963,132537,426
227761,2.00192,0.389107,428,128480,0.665599,0,1,132965,132537,428
230681,2.00038,1.67782,428,129940,0.68512,0.03,1,132967,132539,428
233601,2.00008,1.93556,428,131400,0.705024,0.03,1,132969,132541,428
236521,2.00002,0.387113,430,132860,0.733005,0.05,1,132971,132541,430
239441,2,1.67742,430,134320,0.754601,0.07,2,132973,132543,430
242361,2,1.93548,430,135780,0.73492,0.07,1,132975,132545,430
245281,2,0.387097,432,137240,0.698984,0.09,1,132977,132545,432
248201,2,1.67742,432,138700,0.659797,0.11,1,132979,132547,432
251121,2,1.93548,432,140160,0.619959,0.11,1,132981,132549,432
254041,2,0.387097,434,141620,0.579992,0.13,1,132983,132549,434
256961,2,1.67742,434,143080,0.539998,0.15,1,132985,132551,434
259881,2,1.93548,434,144540,0.732,0.15,1,132987,132553,434
262801,2,0.387097,436,146000,0.7384,0.17,1,132989,132553,436
265721,2,1.67742,436,147460,0.70768,0.19,1,132991,132555,436
268641,2,1.93548,436,148920,0.669536,0.19,1,132993,132557,436
271561,2,0.387097,438,150380,0.629907,0.21,1,132995,132557,438
274481,2,1.67742,438,151840,0.789981,0.23,2,132997,132559,438
277401,2,1.93548,438,153300,0.789996,0.23,2,132999,132561,438
280321,2,0.387097,440,154760,0.757999,0.25,2,133001,132561,440
283241,2,1.67742,440,156220,0.7196,0.27,1,133003,132563,440
286161,2,1.93548,440,157680,0.67992,0.27,1,133005,132565,440
289081,2,0.387097,442,159140,0.631984,0.29,1,133007,132565,442
292001,2,1.67742,442,160600,0.590397,0.31,1,133009,132567,442
294921,2,1.93548,442,162060,0.734079,0.31,1,133011,132569,442
297841,2,0.387097,444,163520,0.738816,0.33,1,133013,132569,444
300761,2,1.67742,444,164980,0.707763,0.55,1,133015,132571,444
303681,150.8,146.735,449,166440,0.821553,0.55,2,133203,132754,449
306601,31.76,29.3471,451,167900,0.876311,0.55,2,133205,132754,451
309521,7.952,7.46942,451,169360,0.855262,0.55,2,133207,132756,451
312441,3.1904,3.09388,451,170820,0.851052,0.55,2,133209,132758,451
315361,2.23808,0.618777,453,172280,0.85021,0.55,2,133211,132758,453
318281,2.04762,1.72376,453,173740,0.850042,0.55,2,133213,132760,453
320321,2.00952,1.94475,453,175200,0.818008,0.57,2,133215,132762,453
323241,150.802,1.18895,640,176660,0.859602,0.79,2,133403,132763,640
326161,31.7604,150.638,454,178120,0.86792,0.79,2,133405,132951,454
329081,7.95208,31.7276,454,179580,0.869584,0.79,2,133407,132953,454
332001,3.19042,6.34551,456,181040,0.869917,0.75,2,133409,132953,456
334921,2.23808,2.8691,456,182500,0.869983,0.71,2,133411,132955,456
337841,2.04762,2.17382,456,183960,0.869997,0.71,2,133413,132957,456
340761,2.00952,0.434764,458,185420,0.837999,0.67,2,133415,132957,458
342581,1.2019,1.68695,457,186880,0.8156,0.65,2,133416,132959,457
345501,1.84038,1.13739,458,188340,0.77912,0.63,2,133418,132960,458
348421,1.96808,1.02748,459,189800,0.827824,0.65,2,133420,132961,459
350901,1.99362,1.8055,459,191260,0.805565,0.73,2,133422,132963,459
353821,1.99872,9.9611,449,192720,0.769113,0.73,2,133424,132975,449
356741,1.99974,1.99222,451,194180,0.729823,0.73,1,133426,132975,451
359661,1.99995,0.398444,453,195640,0.841964,0.73,2,133428,132975,453
362581,1.99999,0.0796888,455,197100,0.832393,0.73,2,133430,132975,455
365501,2,0.0159378,457,198560,0.798479,0.73,2,133432,132975,457
368421,2,0.00318755,459,200020,0.759696,0.73,2,133434,132975,459
370241,1.2,0.00063751,460,201480,0.735939,0.8,1,133435,132975,460
373161,1.84,8.80013,451,202940,0.699188,0.8,1,133437,132986,451
376081,1.968,1.76003,453,204400,0.811838,0.8,2,133439,132986,453
379001,1.9936,0.352005,455,205860,0.802367,0.8,2,133441,132986,455
381921,1.99872,0.070401,457,207320,0.768474,0.8,2,133443,132986,457
384841,1.99974,0.0140802,459,208780,0.729695,0.8,1,133445,132986,459
387761,1.99995,0.00281604,461,210240,0.689939,0.8,1,133447,132986,461
389381,1.19999,0.000563208,462,211700,0.665988,0.79,1,133448,132986,462
392301,1.84,10.4001,451,213160,0.629198,0.79,1,133450,132999,451
395221,1.968,2.08002,453,214620,0.78984,0.79,2,133452,132999,453
398141,1.9936,0.416004,455,216080,0.789968,0.79,2,133454,132999,455
401061,1.99872,0.0832009,457,217540,0.757994,0.79,2,133456,132999,457
403981,1.99974,0.0166402,459,219000,0.719599,0.79,1,133458,132999,459
406021,1.99995,0.00332804,461,220460,0.79992,0.7,2,133460,132999,461
408941,1.99999,12.8007,447,221920,0.783984,0.7,2,133462,133015,447
411861,2,2.56013,449,223380,0.756797,0.7,2,133464,133015,449
414781,2,0.512027,451,224840,0.719359,0.7,1,133466,133015,451
417701,2,0.102405,453,226300,0.679872,0.7,1,133468,133015,453
420621,2,0.0204811,455,227760,0.639974,0.7,1,133470,133015,455
423541,2,0.00409621,457,229220,0.775995,0.7,2,133472,133015,457
426461,2,0.000819242,459,230680,0.771199,0.7,2,133474,133015,459
428481,1.2,0.000163848,460,232140,0.75424,0.83,2,133475,133015,460
431401,9.84,8.00003,462,233600,0.814848,0.83,2,133487,133025,462
433061,145.168,1.60001,641,235060,0.90697,0.81,2,133666,133025,641
435981,30.6336,152.32,453,236520,0.941394,0.81,2,133668,133215,453
438901,7.72672,30.464,455,237980,0.948279,0.81,2,133670,133215,455
499441,2,0,458,270100,0.87,0.8,2,133899,133441,458
502361,2,0,460,271560,0.934,0.8,2,133901,133441,460
505281,2,0,462,273020,0.9148,0.8,2,133903,133441,462
507941,2,0,464,274480,0.95096,0.66,2,133905,133441,464
510861,2,5.6,459,275940,0.910192,0.66,2,133907,133448,459
513781,2,1.12,461,277400,0.886038,0.66,2,133909,133448,461
516701,2,0.224,463,278860,0.865208,0.66,2,133911,133448,463
519381,2,0.0448,465,280320,0.813042,0.82,2,133913,133448,465
522301,2,9.60896,455,281780,0.770608,0.82,2,133915,133460,455
525221,2,1.92179,457,283240,0.898122,0.82,2,133917,133460,457
528141,2,0.384358,459,284700,0.891624,0.82,2,133919,133460,459
531061,2,0.0768717,461,286160,0.962325,0.82,2,133921,133460,461
533981,2,0.0153743,463,287620,0.944465,0.82,2,133923,133460,463
536021,2,0.00307487,465,289080,0.892893,0.77,2,133925,133460,465
538941,2,11.2006,453,290540,0.850579,0.77,2,133927,133474,453
541861,2,2.24012,455,292000,0.826116,0.77,2,133929,133474,455
544781,2,0.448025,457,293460,0.909223,0.77,2,133931,133474,457
547701,2,0.0896049,459,294920,0.893845,0.77,2,133933,133474,459
550621,2,0.017921,461,296380,0.858769,0.77,2,133935,133474,461
553541,2,0.0035842,463,297840,0.819754,0.77,2,133937,133474,463
555781,5.2,0.000716839,469,299300,0.835951,0.65,2,133943,133474,469
558701,2.64,4.80014,465,300760,0.81519,0.65,2,133945,133480,465
560981,11.728,0.960029,479,302220,0.907038,0.9,2,133959,133480,479
620881,2,0,471,334340,0.96,0.96,2,134365,133894,471
623801,2,8.8,462,335800,0.928,0.96,2,134367,133905,462
626721,2,1.76,464,337260,0.8896,0.96,2,134369,133905,464
629641,2,0.352,466,338720,0.96192,0.96,2,134371,133905,466
632561,2,0.0704,468,340180,0.944384,0.96,2,134373,133905,468
635441,2,0.01408,470,341640,0.908877,0.87,2,134375,133905,470
638361,2,4.00282,467,343100,0.853775,0.87,2,134377,133910,467
641281,2,0.800563,469,344560,0.810755,0.87,2,134379,133910,469
644201,2,0.160113,471,346020,0.786151,0.87,2,134381,133910,471
646261,2,0.0320225,473,347480,0.74923,0.89,1,134383,133910,473
649181,2,7.2064,466,348940,0.925846,0.89,2,134385,133919,466
652101,2,1.44128,468,350400,0.929169,0.89,2,134387,133919,468
655021,2,0.288256,470,351860,0.881834,0.89,2,134389,133919,470
657701,2,0.0576512,472,353320,0.840367,0.84,2,134391,133919,472
660621,2,6.41153,466,354780,0.816073,0.84,2,134393,133927,466
663541,2,1.28231,468,356240,0.779215,0.84,2,134395,133927,468
666461,2,0.256461,470,357700,0.907843,0.84,2,134397,133927,470
668101,1.2,0.0512922,471,359160,0.925569,0.81,2,134398,133927,471
671021,1.84,8.01026,463,360620,0.985114,0.81,2,134400,133937,463
673941,1.968,1.60205,465,362080,0.965023,0.81,2,134402,133937,465
676861,1.9936,0.32041,467,363540,0.929004,0.81,2,134404,133937,467
679781,1.99872,0.0640821,469,365000,0.889801,0.81,2,134406,133937,469
682661,5.19974,0.0128164,475,366460,0.77796,0.83,2,134412,133937,475
685581,2.63995,5.60256,470,367920,0.939592,0.83,2,134414,133944,470
687861,9.32799,1.12051,481,369380,0.987918,0.95,2,134425,133944,481
755081,2,0,468,405880,0.89,0.94,2,134841,134373,468
758001,2,0,470,407340,0.874,0.94,2,134843,134373,470
760241,2,0,472,408800,0.8548,0.97,2,134845,134373,472
763161,2,9.6,462,410260,0.78696,0.97,2,134847,134385,462
766081,2,1.92,464,411720,0.757392,0.97,2,134849,134385,464
769001,2,0.384,466,413180,0.719478,0.97,1,134851,134385,466
771921,2,0.0768,468,414640,0.927896,0.97,2,134853,134385,468
774841,2,0.01536,470,416100,0.937579,0.97,2,134855,134385,470
776881,2,0.003072,472,417560,0.907516,0.92,2,134857,134385,472
779801,2,2.40061,471,419020,0.885503,0.92,2,134859,134388,471
782721,2,0.480123,473,420480,0.865101,0.92,2,134861,134388,473
784581,1.2,0.0960246,474,421940,0.97302,0.96,2,134862,134388,474
787501,1.84,11.2192,462,423400,0.994604,0.96,2,134864,134402,462
790421,1.968,2.24384,464,424860,0.966921,0.96,2,134866,134402,464
793341,1.9936,0.448768,466,426320,0.945384,0.96,2,134868,134402,466
796261,1.99872,0.0897536,468,427780,0.989077,0.96,2,134870,134402,468
799181,1.99974,0.0179507,470,429240,0.997815,0.96,2,134872,134402,470
801841,1.99995,0.00359014,472,430700,0.991563,0.98,2,134874,134402,472
804761,5.19999,9.60072,466,432160,0.926313,0.98,2,134880,134414,466
807681,2.64,1.92014,468,433620,0.985263,0.98,2,134882,134414,468
810601,2.128,0.384029,470,435080,0.997052,0.98,2,134884,134414,470
813281,2.0256,0.0768057,472,436540,0.99941,1,2,134886,134414,472
926441,2,7,477,497860,0.93,0.94,2,135354,134877,477
1016501,2,0,486,546040,0.81,1,2,135809,135323,486
1019421,2,8.8,477,547500,0.898,1,2,135811,135334,477
1022341,2,1.76,479,548960,0.8596,1,2,135813,135334,479
1025261,2,0.352,481,550420,0.79592,1,2,135815,135334,481
1028181,2,0.0704,483,551880,0.807184,1,2,135817,135334,483
1031101,2,0.01408,485,553340,0.777437,1,2,135819,135334,485
1033141,2.8,0.002816,488,554800,0.747487,1,1,135822,135334,488
1036061,3.76,8.80056,481,556260,0.861498,1,2,135826,135345,481
1038981,7.152,1.76011,489,557720,0.812299,1,2,135834,135345,489
1093041,9,3,488,589840,0.94,1,2,136076,135588,488
1095961,9,5.4,491,591300,0.892,1,2,136085,135594,491
1097621,7.4,1.08,498,592760,0.8424,1,2,136092,135594,498
1099701,7.88,12.216,491,594220,0.88048,1,2,136100,135609,491
1101781,13.576,8.0432,499,595680,0.888096,1,2,136115,135616,499
1104701,13.9152,16.8086,494,597140,0.833619,1,2,136129,135635,494
1106981,102.783,3.36173,619,598600,0.654724,0.9,1,136254,135635,619
1109901,22.1566,127.072,463,600060,0.618945,0.9,1,136256,135793,463
1112821,6.03132,25.4145,465,601520,0.595789,0.9,1,136258,135793,465
1115741,2.80626,5.08289,467,602980,0.591158,0.9,1,136260,135793,467
1118661,2.16125,1.01658,469,604440,0.590232,0.9,1,136262,135793,469
1121581,2.03225,0.203316,471,605900,0.590046,0.9,1,136264,135793,471
1123621,2.00645,0.0406631,473,607360,0.558009,0.83,1,136266,135793,473
1126541,2.00129,4.80813,469,608820,0.519602,0.83,1,136268,135799,469
1129461,2.00026,0.961627,471,610280,0.47992,0.83,1,136270,135799,471
1131521,2.00005,0.192325,473,611740,0.439984,0.93,1,136272,135799,473
1134441,2.00001,4.83847,469,613200,0.399997,0.93,1,136274,135805,469
1137361,2,0.967693,471,614660,0.359999,0.93,1,136276,135805,471
1139841,2,0.193539,473,616120,0.32,0.82,1,136278,135805,473
1142761,2,7.23871,466,617580,0.48,0.82,1,136280,135814,466
1145681,2,1.44774,468,619040,0.48,0.82,1,136282,135814,468
1148601,2,0.289548,470,620500,0.448,0.82,1,136284,135814,470
1151521,2,0.0579097,472,621960,0.4096,0.82,1,136286,135814,472
1153361,1.2,0.0115819,473,623420,0.38592,0.9,1,136287,135814,473
1156281,4.24,8.80232,467,624880,0.453184,0.9,1,136292,135825,467
1159201,2.448,1.76046,469,626340,0.434637,0.9,1,136294,135825,469
1162121,2.0896,0.352093,471,627800,0.398927,0.9,1,136296,135825,471
1163761,1.21792,0.0704185,472,629260,0.375785,0.83,1,136297,135825,472
1166681,3.44358,4.81408,470,630720,0.507157,0.83,1,136301,135831,470
1168341,11.0887,0.962817,483,632180,0.485431,1,1,136314,135831,483
1170001,3.01774,10.5926,471,633640,0.537086,1,1,136315,135844,471
1172921,8.60355,11.7185,469,635100,0.491417,1,1,136325,135856,469
1175201,8.92071,2.3437,478,636560,0.450283,1,1,136334,135856,478
1178121,5.78414,6.06874,476,638020,0.410057,1,1,136339,135863,476
1179781,3.55683,1.21375,479,639480,0.410011,1,1,136342,135863,479
1181861,3.11137,5.84275,475,640940,0.394002,1,1,136345,135870,475
1183521,3.82227,5.96855,473,642400,0.3268,1,1,136349,135876,473
1186441,3.16445,7.59371,468,643860,0.29736,1,1,136352,135884,468
1189361,2.23289,1.51874,470,645320,0.267472,1,1,136354,135884,470
1192261,5.24658,0.303748,476,646780,0.253494,1,1,136360,135884,476
1194961,2.64932,4.86075,472,648240,0.242699,0.96,1,136362,135890,472
1197881,5.32986,12.1721,464,649700,0.20054,0.96,1,136368,135904,464
1200801,2.66597,2.43443,466,651160,0.232108,0.96,1,136370,135904,466
1203721,2.13319,0.486886,468,652620,0.206422,0.96,1,136372,135904,468
1206641,2.02664,0.0973772,470,654080,0.177284,0.96,1,136374,135904,470
1208901,8.40533,0.0194754,480,655540,0.179457,1,1,136384,135904,480
1211821,3.28107,8.0039,472,657000,0.147891,1,1,136386,135914,472
1214101,7.05621,1.60078,480,658460,0.189578,0.92,1,136394,135914,480
1215761,4.61124,7.52016,475,659920,0.141916,0.95,1,136398,135923,475
1218681,105.722,112.704,467,661380,0.0523831,0.95,1,136529,136062,467
1221381,34.7444,22.5408,484,662840,0.0424766,0.9,1,136546,136062,484
1224081,9.34889,20.5082,467,664300,0.00849533,0.83,1,136549,136082,467
1226161,8.26978,12.1016,465,665760,0.00969907,0.88,1,136557,136092,465
1229081,8.85396,10.4203,464,667220,0.0259398,0.88,1,136566,136102,464
1231781,16.1708,2.08407,482,668680,0.077188,0.86,1,136584,136102,482
1233861,11.2342,16.4168,472,670140,0.0874376,0.83,1,136594,136122,472
1235521,3.84683,11.2834,464,671600,0.0574875,0.51,1,136596,136132,464
1238441,87.9694,111.057,437,673060,0.0674975,0.51,1,136705,136268,437
1241361,19.1939,22.2113,439,674520,0.0694995,0.51,1,136707,136268,439
1244281,5.43877,4.44227,441,675980,0.0698999,0.51,1,136709,136268,441
1247201,2.68775,0.888453,443,677440,0.06998,0.51,1,136711,136268,443
1250121,2.13755,0.177691,445,678900,0.069996,0.51,1,136713,136268,445
1253041,2.02751,0.0355381,447,680360,0.0699992,0.51,1,136715,136268,447
1255701,2.0055,0.00710762,449,681820,0.0379998,0.31,1,136717,136268,449
1258621,2.0011,8.00142,441,683280,0.00759997,0.31,1,136719,136278,441
1261541,2.00022,1.60028,443,684740,0.08152,0.31,1,136721,136278,443
1264461,2.00004,0.320057,445,686200,0.064304,0.31,1,136723,136278,445
1267381,2.00001,0.0640114,447,687660,0.0288608,0.31,1,136725,136278,447
1269221,2,0.0128023,449,689120,0.00577216,0.53,1,136727,136278,449
1272141,2,8.80256,440,690580,0.00115443,0.53,1,136729,136289,440
1275061,2,1.76051,442,692040,0.144231,0.53,1,136731,136289,442
1277981,2,0.352102,444,693500,0.140846,0.53,1,136733,136289,444
1280901,2,0.0704205,446,694960,0.108169,0.53,1,136735,136289,446
1283821,2,0.0140841,448,696420,0.125634,0.53,1,136737,136289,448
1285861,2.8,0.00281682,451,697880,0.0811268,0.37,1,136740,136289,451
1288781,2.16,6.40056,445,699340,0.0482254,0.37,1,136742,136297,445
1291701,2.032,1.28011,447,700800,0.00964507,0.37,1,136744,136297,447
1294181,5.2064,0.256023,453,702260,0.145929,0.5,1,136750,136297,453
1296881,3.44128,5.6512,449,703720,0.125186,0.55,1,136753,136304,449
1298961,7.88826,9.93024,447,705180,0.137037,0.53,1,136762,136315,447
1301881,7.17765,10.786,443,706640,0.139407,0.53,1,136769,136326,443
1304581,8.63553,2.15721,452,708100,0.195882,0.39,1,136778,136326,452
1307501,3.32711,15.6314,435,709560,0.175176,0.39,1,136780,136345,435
1310401,2.26542,3.12629,437,711020,0.203035,0.29,1,136782,136345,437
1313321,3.65308,6.22526,434,712480,0.248607,0.29,1,136786,136352,434
1316021,3.13062,1.24505,437,713940,0.209721,0.29,1,136789,136352,437
1318941,2.22612,5.04901,433,715400,0.169944,0.29,1,136791,136358,433
1321221,4.44522,1.0098,438,716860,0.257989,0.2,1,136796,136358,438
1324141,2.48904,11.402,426,718320,0.243598,0.2,1,136798,136372,426
1327061,2.09781,2.28039,428,719780,0.20872,0.2,1,136800,136372,428
1329981,2.01956,0.456078,430,721240,0.169744,0.2,1,136802,136372,430
1332661,3.60391,0.0912157,434,722700,0.161949,0.12,1,136806,136372,434
1335581,3.12078,5.61824,430,724160,0.20839,0.12,1,136809,136379,430
1337441,1.42416,1.12365,431,725620,0.201678,0.21,1,136810,136379,431
1340361,5.88483,10.6247,425,727080,0.208336,0.21,1,136817,136392,425
1342641,2.77697,2.12495,427,728540,0.209667,0.14,1,136819,136392,427
1344721,2.95539,4.42499,425,730000,0.201933,0.09,1,136822,136397,425
1346801,8.59108,8.885,425,731460,0.184387,0.03,1,136832,136407,425
1348881,100.918,102.577,423,732920,0.0448773,0,1,136956,136533,423
1351801,40.9836,41.3154,423,734380,0.00897547,0,1,136982,136559,423
1354721,9.79673,8.26308,425,735840,0.0257951,0,1,136984,136559,425
1357201,3.55935,1.65262,427,737300,0.00515902,0.13,1,136986,136559,427
1359281,7.11187,8.33052,425,738760,0.0010318,0.11,1,136994,136569,425
1362201,19.8224,20.8661,424,740220,0.0882064,0.11,1,137017,136593,424
1363861,9.56447,4.17322,431,741680,0.153641,0.07,1,137024,136593,431
1366561,4.31289,8.03464,425,743140,0.150728,0.09,1,137027,136602,425
1369481,84.8626,88.0069,422,744600,0.150146,0.09,1,137132,136710,422
1372401,18.5725,17.6014,424,746060,0.150029,0.09,1,137134,136710,424
1374881,5.3145,3.52028,426,747520,0.150006,0.1,1,137136,136710,426
1377801,5.8629,8.70406,422,748980,0.0860012,0.1,1,137142,136720,422
1380721,2.77258,1.74081,424,750440,0.0412002,0.1,1,137144,136720,424
1383641,2.15452,0.348162,426,751900,0.00824005,0.1,1,137146,136720,426
1386561,2.0309,0.0696324,428,753360,0.00164801,0.1,1,137148,136720,428
1389441,2.00618,0.0139265,430,754820,0.000329602,0.02,1,137150,136720,430
1392361,2.00124,4.00279,427,756280,6.59204e-05,0.02,1,137152,136725,427
1394641,2.00025,0.800557,429,757740,0.112013,0.13,1,137154,136725,429
1397561,4.40005,9.76011,422,759200,0.0544026,0.13,1,137159,136737,422
1400481,2.48001,1.95202,424,760660,0.0108805,0.13,1,137161,136737,424
1403401,2.096,0.390404,426,762120,0.00217611,0.13,1,137163,136737,426
1406321,2.0192,0.0780809,428,763580,0.144435,0.13,1,137165,136737,428
1409241,2.00384,0.0156162,430,765040,0.140887,0.13,1,137167,136737,430
1411281,2.00077,0.00312323,432,766500,0.108177,0.18,1,137169,136737,432
1414201,3.60015,10.4006,423,767960,0.0776355,0.18,1,137173,136750,423
1417121,2.32003,2.08012,425,769420,0.0475271,0.18,1,137175,136750,425
1420041,2.06401,0.416025,427,770880,0.00950542,0.18,1,137177,136750,427
1422721,2.0128,0.083205,429,772340,0.145901,0.04,1,137179,136750,429
1425641,9.20256,7.21664,431,773800,0.0371802,0.04,1,137190,136759,431
1427921,3.44051,1.44333,433,775260,0.047436,0.28,1,137192,136759,433
1430841,7.0881,9.08867,430,776720,0.169487,0.28,1,137200,136770,430
1433541,10.2176,1.81773,441,778180,0.193897,0.24,1,137211,136770,441
1436461,4.44352,10.7635,431,779640,0.182779,0.24,1,137214,136783,431
1439381,2.4887,2.15271,433,781100,0.180556,0.24,1,137216,136783,433
1441441,2.09774,0.430542,435,782560,0.212111,0.28,1,137218,136783,435
1444361,6.81955,10.4861,430,784020,0.154422,0.28,1,137226,136796,430
1447281,2.96391,2.09722,432,785480,0.110884,0.28,1,137228,136796,432
1449761,2.19278,0.419444,434,786940,0.110177,0.18,1,137230,136796,434
1452681,2.03856,7.28389,427,788400,0.110035,0.18,1,137232,136805,427
1455601,2.00771,1.45678,429,789860,0.110007,0.18,1,137234,136805,429
1458521,2.00154,0.291356,431,791320,0.198001,0.18,1,137236,136805,431
1460161,1.20031,0.0582711,432,792780,0.1996,0.12,1,137237,136805,432
1463081,6.64006,7.21165,431,794240,0.0719201,0.12,1,137245,136814,431
1466001,2.92801,1.44233,433,795700,0.166384,0.12,1,137247,136814,433
1468481,2.1856,0.288466,435,797160,0.193277,0.31,1,137249,136814,435
1471401,6.83712,9.65769,431,798620,0.198655,0.31,1,137257,136826,431
1474321,2.96742,1.93154,433,800080,0.167731,0.31,1,137259,136826,433
1477221,6.19348,0.386308,440,801540,0.217546,0.16,1,137266,136826,440
1479301,92.4387,7.27726,545,803000,0.131509,0,1,137380,136835,545
1481381,44.0877,100.655,453,804460,0.0503018,0.05,1,137412,136959,453
1484301,11.2175,44.1311,426,805920,0.0100604,0.05,1,137415,136989,426
1487221,3.84351,8.82622,428,807380,0.00201207,0.05,1,137417,136989,428
1489701,7.1687,1.76524,436,808840,0.000402415,0.17,1,137425,136989,436
1491781,20.6337,8.35305,450,810300,0.14408,0.21,1,137449,136999,450
1493861,9.72675,20.0706,434,811760,0.188816,0.17,1,137456,137022,434
1496781,4.34535,10.4141,429,813220,0.189763,0.17,1,137459,137030,429
1499061,84.8691,2.08282,534,814680,0.205953,0.05,1,137564,137030,534
1501981,18.5738,90.8166,423,816140,0.209191,0.05,1,137566,137143,423
1504901,5.31476,18.1633,425,817600,0.177838,0.05,1,137568,137143,425
1507821,2.66295,3.63266,427,819060,0.139568,0.05,1,137570,137143,427
1509461,4.53259,0.726532,432,820520,0.0519135,0.14,1,137575,137143,432
1512381,2.50652,8.94531,423,821980,0.0103827,0.14,1,137577,137154,423
1515301,2.1013,1.78906,425,823440,0.00207654,0.14,1,137579,137154,425
1518221,2.02026,0.357812,427,824900,0.000415308,0.14,1,137581,137154,427
1521141,2.00405,0.0715624,429,826360,8.30616e-05,0.14,1,137583,137154,429
1524021,2.00081,0.0143125,431,827820,0.0960166,0.04,1,137585,137154,431
1525681,1.20016,4.00286,427,829280,0.0992033,0.12,1,137586,137159,427
1528601,3.44003,8.00057,422,830740,0.0358407,0.12,1,137590,137168,422
1531521,2.28801,1.60011,424,832200,0.00716813,0.12,1,137592,137168,424
1534441,2.0576,0.320023,426,833660,0.113434,0.12,1,137594,137168,426
1537361,2.01152,0.0640046,428,835120,0.102687,0.12,1,137596,137168,428
1540241,2.0023,0.0128009,430,836580,0.0685373,0.16,1,137598,137168,430
1543161,8.40046,11.2026,426,838040,0.125707,0.16,1,137608,137182,426
1546081,3.28009,2.24051,428,839500,0.105141,0.16,1,137610,137182,428
1549001,2.25602,0.448102,430,840960,0.101028,0.16,1,137612,137182,430
1551921,2.0512,0.0896205,432,842420,0.100206,0.16,1,137614,137182,432
1553761,1.21024,0.0179241,433,843880,0.0840411,0.28,1,137615,137182,433
1556681,8.24205,9.60359,431,845340,0.0168082,0.28,1,137625,137194,431
1558961,3.24841,1.92072,433,846800,0.00336164,0.26,1,137627,137194,433
1561041,10.2497,9.98414,433,848260,0.120672,0.16,1,137639,137206,433
1563961,11.6499,17.1968,426,849720,0.184134,0.16,1,137651,137225,426
1566881,3.92999,3.43937,428,851180,0.196827,0.16,1,137653,137225,428
1569801,2.386,0.687873,430,852640,0.231365,0.16,1,137655,137225,430
1572481,2.0772,0.137575,432,854100,0.238273,0.22,1,137657,137225,432
1575401,2.01544,8.82752,423,855560,0.239655,0.22,1,137659,137236,423
1578321,2.00309,1.7655,425,857020,0.207931,0.22,1,137661,137236,425
1581241,2.00062,0.353101,427,858480,0.177586,0.22,1,137663,137236,427
1584161,2.00012,0.0706201,429,859940,0.139517,0.22,1,137665,137236,429
1586001,1.20002,0.014124,430,861400,0.115903,0.21,1,137666,137236,430
1588921,6.64001,8.00282,428,862860,0.0231807,0.21,1,137674,137246,428
1591841,2.928,1.60056,430,864320,0.212636,0.21,1,137676,137246,430
1594741,5.3856,0.320113,436,865780,0.322527,0.18,1,137682,137246,436
1597661,2.67712,6.46402,430,867240,0.312505,0.18,1,137684,137254,430
1599521,1.33542,1.2928,431,868700,0.294501,0.18,1,137685,137254,431
1601601,3.46708,3.45856,431,870160,0.2589,0.21,1,137689,137258,431
1604521,7.09342,7.89171,430,871620,0.25178,0.21,1,137697,137267,430
1607441,3.01868,1.57834,432,873080,0.218356,0.21,1,137699,137267,432
1609301,91.8037,0.315668,546,874540,0.323671,0.03,1,137813,137267,546
1611381,44.7607,100.063,454,876000,0.128734,0.01,1,137846,137392,454
1614301,11.3521,45.6126,425,877460,0.0497468,0.01,1,137849,137424,425
1617221,3.87043,9.12252,427,878920,0.0339494,0.01,1,137851,137424,427
1619701,11.9741,1.8245,441,880380,0.0147899,0.1,1,137865,137424,441
1621781,18.3948,10.7649,448,881840,0.058958,0.19,1,137885,137437,448
1624701,5.27896,21.353,426,883300,0.0917916,0.19,1,137887,137461,426
1627601,2.65579,4.2706,428,884760,0.0983583,0.07,1,137889,137461,428
1630521,85.3312,90.4541,422,886220,0.171672,0.07,1,137995,137573,422
1633441,18.6662,18.0908,424,887680,0.186334,0.07,1,137997,137573,424
1636361,5.33325,3.61816,426,889140,0.157267,0.07,1,137999,137573,426
1638001,1.86665,0.723633,427,890600,0.135453,0,1,138000,137573,427
1640921,4.37333,8.14473,422,892060,0.0510907,0,1,138005,137583,422
1643841,2.47467,1.62895,424,893520,0.0102181,0,1,138007,137583,424
1646761,2.09493,0.325789,426,894980,0.00204363,0,1,138009,137583,426
1648401,1.21899,0.0651578,427,896440,0.000408725,0.04,1,138010,137583,427
1651321,1.8438,4.81303,423,897900,8.17451e-05,0.04,1,138012,137589,423
1654241,1.96876,0.962606,425,899360,1.6349e-05,0.04,1,138014,137589,425
1656721,1.99375,0.192521,427,900820,0.0960033,0.08,1,138016,137589,427
1659641,2.79875,6.4385,422,902280,0.0672007,0.08,1,138019,137597,422
1662561,2.15975,1.2877,424,903740,0.0294401,0.08,1,138021,137597,424
1665481,2.03195,0.25754,426,905200,0.00588803,0.08,1,138023,137597,426
1668161,2.00639,0.051508,428,906660,0.00117761,0.02,1,138025,137597,428
1671081,5.20128,6.4103,426,908120,0.136236,0.02,1,138031,137605,426
1672741,8.24026,1.28206,435,909580,0.0912471,0.12,1,138040,137605,435
1675661,3.24805,10.6564,424,911040,0.162249,0.12,1,138042,137618,424
1678581,2.24961,2.13128,426,912500,0.17645,0.12,1,138044,137618,426
1681501,2.04992,0.426256,428,913960,0.14729,0.12,1,138046,137618,428
1684421,2.00998,0.0852513,430,915420,0.109458,0.12,1,138048,137618,430
1686261,7.602,0.0170503,439,916880,0.109892,0.24,1,138057,137618,439
1689181,3.1204,8.80341,430,918340,0.0859783,0.24,1,138059,137629,430
1691461,9.42408,1.76068,441,919800,0.113196,0.26,1,138070,137629,441
1693541,14.6848,9.15214,446,921260,0.158639,0.13,1,138086,137640,446
1696461,4.53696,21.8304,423,922720,0.167728,0.13,1,138088,137665,423
1699381,2.50739,4.36609,425,924180,0.169546,0.13,1,138090,137665,425
1702301,2.10148,0.873217,427,925640,0.193909,0.13,1,138092,137665,427
1705221,2.0203,0.174643,429,927100,0.166782,0.13,1,138094,137665,429
1708141,2.00406,0.0349287,431,928560,0.129356,0.13,1,138096,137665,431
1711061,2.00081,0.00698573,433,930020,0.0898713,0.13,1,138098,137665,433
1713301,6.80016,0.00139715,441,931480,0.113974,0.01,1,138106,137665,441
1716221,3.76003,4.80028,438,932940,0.0707949,0.01,1,138109,137671,438
1718501,5.55201,0.960056,444,934400,0.022159,0.35,1,138115,137671,444
1721421,2.7104,8.99201,435,935860,0.0844318,0.35,1,138117,137682,435
1723701,5.34208,1.7984,441,937320,0.0728864,0.31,1,138123,137682,441
1726621,2.66842,8.35968,433,938780,0.0705773,0.31,1,138125,137692,433
1729541,2.13368,1.67194,435,940240,0.0941155,0.31,1,138127,137692,435
1732461,2.02674,0.334387,437,941700,0.0668231,0.31,1,138129,137692,437
1734101,4.40535,0.0668774,442,943160,0.109365,0.21,1,138134,137692,442
1736181,5.68107,5.61338,441,944620,0.0778729,0.35,1,138140,137699,441
1737841,2.73621,3.52268,440,946080,0.0795746,0.27,1,138142,137702,440
1739921,91.7472,102.305,427,947540,0.215915,0.03,1,138256,137829,427
1742001,31.1494,36.4609,423,949000,0.179183,0.01,1,138272,137849,423
1744921,19.0299,20.0922,423,950460,0.0998366,0.01,1,138288,137865,423
1747841,5.40598,4.01844,425,951920,0.0919673,0.01,1,138290,137865,425
1749701,9.0812,0.803687,435,953380,0.0583935,0.12,1,138300,137865,435
1751781,10.6162,8.16074,436,954840,0.0676787,0.12,1,138311,137875,436
1753861,5.32325,10.4321,429,956300,0.0935357,0.14,1,138315,137886,429
1756781,2.66465,6.08643,426,957760,0.106707,0.14,1,138317,137891,426
1758641,1.33293,1.21729,427,959220,0.0933414,0.05,1,138318,137891,427
1761561,86.6666,90.6435,422,960680,0.106668,0.05,1,138426,138004,422
1764481,18.9333,18.1287,424,962140,0.0773337,0.05,1,138428,138004,424
1767401,5.38666,3.62574,426,963600,0.0394667,0.05,1,138430,138004,426
1769041,1.87733,0.725148,427,965060,0.0158933,0.14,1,138431,138004,427
1771961,5.17547,8.94503,422,966520,0.00317867,0.14,1,138437,138015,422
1774881,2.63509,1.78901,424,967980,0.000635734,0.14,1,138439,138015,424
1777801,2.12702,0.357801,426,969440,0.000127147,0.14,1,138441,138015,426
1780721,2.0254,0.0715602,428,970900,2.54293e-05,0.14,1,138443,138015,428
1783641,2.00508,0.014312,430,972360,0.112005,0.14,1,138445,138015,430
1786101,2.00102,0.00286241,432,973820,0.102401,0.04,1,138447,138015,432
1789021,2.0002,4.00057,429,975280,0.0684802,0.04,1,138449,138020,429
1791301,5.20004,0.800114,435,976740,0.061696,0.19,1,138455,138020,435
1794221,2.64001,8.16002,427,978200,0.0283392,0.19,1,138457,138030,427
1797141,2.128,1.632,429,979660,0.00566784,0.19,1,138459,138030,429
1799201,2.0256,0.326401,431,981120,0.00113357,0.2,1,138461,138030,431
1802121,5.20512,8.86528,426,982580,0.0962267,0.2,1,138467,138041,426
1804821,2.64102,1.77306,428,984040,0.0832453,0.14,1,138469,138041,428
1807741,2.1282,4.35461,425,985500,0.0486491,0.14,1,138471,138046,425
1809601,1.22564,0.870922,426,986960,0.0257298,0.06,1,138472,138046,426
1812521,9.04513,7.37418,428,988420,0.117146,0.06,1,138483,138055,428
1814801,4.20903,1.47484,431,989880,0.151429,0.1,1,138486,138055,431
1817721,2.44181,4.29497,428,991340,0.126286,0.1,1,138488,138060,428
1820001,2.08836,0.858993,430,992800,0.121257,0.19,1,138490,138060,430
1822081,18.0177,16.9718,431,994260,0.160251,0.16,1,138512,138081,431
1825001,6.80353,13.7944,422,995720,0.19205,0.16,1,138516,138094,422
1827921,2.96071,2.75887,424,997180,0.19841,0.16,1,138518,138094,424
1830841,2.19214,0.551774,426,998640,0.199682,0.16,1,138520,138094,426
1832481,1.23843,0.110355,427,1000100,0.183936,0.14,1,138521,138094,427
1835401,5.04769,8.82207,422,1001560,0.148787,0.14,1,138527,138105,422
1838321,2.60954,1.76441,424,1003020,0.109757,0.14,1,138529,138105,424
1841241,2.12191,0.352883,426,1004480,0.0699515,0.14,1,138531,138105,426
1843301,6.82438,0.0705766,434,1005940,0.12599,0.01,1,138539,138105,434
1846221,2.96488,8.01412,426,1007400,0.105198,0.01,1,138541,138115,426
1848501,5.39298,1.60282,432,1008860,0.14904,0.07,1,138547,138115,432
1851421,2.6786,6.72056,426,1010320,0.165808,0.07,1,138549,138123,426
1853701,2.13572,1.34411,428,1011780,0.137162,0.1,1,138551,138123,428
1856621,2.02714,3.46882,426,1013240,0.0914323,0.1,1,138553,138127,426
1858901,3.60543,0.693764,430,1014700,0.146286,0.08,1,138557,138127,430
1861821,2.32109,4.13875,427,1016160,0.125257,0.08,1,138559,138132,427
1864101,10.0642,0.827751,439,1017620,0.145051,0.14,1,138571,138132,439
1867021,3.61284,10.5656,428,1019080,0.14901,0.14,1,138573,138145,428
1868881,1.52257,2.11311,429,1020540,0.133802,0.25,1,138574,138145,429
1870961,96.3045,95.6226,430,1022000,0.17876,0.2,1,138694,138264,430
1873041,25.6609,27.1245,428,1023460,0.187752,0.1,1,138702,138274,428
1875961,14.7322,19.0249,423,1024920,0.15755,0.1,1,138714,138291,423
1878241,4.54644,3.80498,425,1026380,0.11951,0.1,1,138716,138291,425
1880321,8.90929,8.761,425,1027840,0.119902,0.14,1,138726,138301,425
1882401,12.9819,11.3522,427,1029300,0.15998,0.08,1,138740,138313,427
1885321,10.5964,12.6704,424,1030760,0.127996,0.08,1,138750,138326,424
1888241,3.71927,2.53409,426,1032220,0.121599,0.08,1,138752,138326,426
1891141,83.1439,0.506818,529,1033680,0.12832,0,1,138855,138326,529
1894061,18.2288,86.5014,423,1035140,0.097664,0,1,138857,138434,423
1896981,5.24575,17.3003,425,1036600,0.0595328,0,1,138859,138434,425
1899901,2.64915,3.46005,427,1038060,0.0199066,0,1,138861,138434,427
1901541,1.32983,0.692011,428,1039520,0.00398131,0,1,138862,138434,428
1903621,1.86597,4.1384,425,1040980,0.000796262,0,1,138864,138439,425
1906541,1.97319,3.22768,424,1042440,0.000159252,0,1,138866,138442,424
1908401,1.19464,0.645536,425,1043900,3.18505e-05,0.06,1,138867,138442,425
1911321,8.23893,10.5291,422,1045360,0.160006,0.06,1,138877,138455,422
1914241,3.24779,2.10582,424,1046820,0.160001,0.06,1,138879,138455,424
1917161,2.24956,0.421164,426,1048280,0.128,0.06,1,138881,138455,426
1919841,2.04991,0.0842328,428,1049740,0.0896,0.05,1,138883,138455,428
1922761,3.60998,6.41685,424,1051200,0.13792,0.05,1,138887,138463,424
1925681,2.322,1.28337,426,1052660,0.131584,0.05,1,138889,138463,426
1928601,2.0644,0.256674,428,1054120,0.0983168,0.05,1,138891,138463,428
1930241,1.21288,0.0513348,429,1055580,0.0676634,0.02,1,138892,138463,429
1933161,3.44258,7.21027,424,1057040,0.125533,0.02,1,138896,138472,424
1936081,2.28852,1.44205,426,1058500,0.137107,0.02,1,138898,138472,426
1938561,2.0577,0.288411,428,1059960,0.107421,0.17,1,138900,138472,428
1940641,8.41154,8.05768,428,1061420,0.157484,0.14,1,138910,138482,428
1943561,4.88231,5.61154,427,1062880,0.135497,0.14,1,138914,138487,427
1945841,2.57646,1.12231,429,1064340,0.155099,0.1,1,138916,138487,429
1948761,14.9153,13.0245,431,1065800,0.14302,0.1,1,138934,138503,431
1951041,4.58306,2.60489,433,1067260,0.140604,0.22,1,138936,138503,433
1953121,7.31661,10.121,429,1068720,0.132121,0.18,1,138944,138515,429
1956041,4.66332,8.4242,425,1070180,0.0984242,0.18,1,138948,138523,425
1958961,2.53266,1.68484,427,1071640,0.147685,0.18,1,138950,138523,427
1961881,2.10653,0.336968,429,1073100,0.157537,0.18,1,138952,138523,429
1963521,1.22131,0.0673936,430,1074560,0.143507,0.21,1,138953,138523,430
1966441,6.64426,10.4135,425,1076020,0.0767015,0.21,1,138961,138536,425
1969361,2.92885,2.0827,427,1077480,0.0873403,0.21,1,138963,138536,427
1971841,2.18577,0.416539,429,1078940,0.0974681,0.18,1,138965,138536,429
1974761,6.83715,8.08331,427,1080400,0.0994936,0.18,1,138973,138546,427
1977041,2.96743,1.61666,429,1081860,0.0678987,0.08,1,138975,138546,429
1979961,3.79349,7.52333,424,1083320,0.0375797,0.08,1,138979,138555,424
1982881,2.3587,1.50467,426,1084780,0.0315159,0.08,1,138981,138555,426
1985801,2.07174,0.300933,428,1086240,0.00630319,0.08,1,138983,138555,428
1987441,1.21435,0.0601866,429,1087700,0.129261,0.1,1,138984,138555,429
1990361,1.84287,4.01204,426,1089160,0.121852,0.1,1,138986,138560,426
1992641,1.96857,0.802407,428,1090620,0.19237,0.11,1,138988,138560,428
1995561,17.1937,18.5605,426,1092080,0.214474,0.11,1,139009,138583,426
1998481,5.03874,3.7121,428,1093540,0.218895,0.11,1,139011,138583,428
2001381,100.208,0.742419,552,1095000,0.243779,0.21,1,139135,138583,552
2004081,22.4415,99.3485,431,1096460,0.232756,0.2,1,139138,138707,431
2007001,10.8883,28.6697,428,1097920,0.230551,0.2,1,139146,138718,428
2009281,3.77766,5.73394,430,1099380,0.19811,0.14,1,139148,138718,430
2011361,15.1555,16.3468,429,1100840,0.215622,0.12,1,139166,138737,429
2013441,12.6311,13.6694,428,1102300,0.203124,0.12,1,139178,138750,428
2016361,10.5262,12.3339,426,1103760,0.216625,0.12,1,139188,138762,426
2018641,3.70524,2.46677,428,1105220,0.187325,0,1,139190,138762,428
2021561,79.1411,83.6934,422,1106680,0.173465,0,1,139288,138866,422
2024481,17.4282,16.7387,424,1108140,0.138693,0,1,139290,138866,424
2027401,5.08564,3.34773,426,1109600,0.0997386,0,1,139292,138866,426
2030321,2.61713,0.669547,428,1111060,0.0599477,0,1,139294,138866,428
2033241,2.12343,0.133909,430,1112520,0.0199895,0,1,139296,138866,430
2035701,2.82469,0.0267819,433,1113980,0.00399791,0,1,139299,138866,433
2038621,2.96494,5.60536,429,1115440,0.000799582,0,1,139302,138873,429
2040901,3.79299,1.12107,433,1116900,0.000159916,0.17,1,139306,138873,433
2043821,2.3586,9.02421,424,1118360,0.144032,0.17,1,139308,138884,424
2046741,2.07172,1.80484,426,1119820,0.140806,0.17,1,139310,138884,426
2049661,2.01434,0.360969,428,1121280,0.140161,0.17,1,139312,138884,428
2052341,5.20287,0.0721937,434,1122740,0.140032,0.16,1,139318,138884,434
2055261,2.64057,8.81444,425,1124200,0.108006,0.16,1,139320,138895,425
2058181,2.12811,1.76289,427,1125660,0.157601,0.16,1,139322,138895,427
2061101,2.02562,0.352578,429,1127120,0.14352,0.16,1,139324,138895,429
2062741,1.20512,0.0705155,430,1128580,0.156704,0.12,1,139325,138895,430
2065661,1.84102,3.2141,428,1130040,0.127341,0.12,1,139327,138899,428
2067941,7.56821,0.642821,437,1131500,0.105468,0.14,1,139336,138899,437
2069601,3.11364,7.32856,430,1132960,0.0690936,0.2,1,139338,138908,430
2072521,5.42273,10.2657,425,1134420,0.189819,0.2,1,139344,138919,425
2075441,2.68455,2.05314,427,1135880,0.181964,0.2,1,139346,138919,427
2078341,14.9369,0.410628,445,1137340,0.148393,0.17,1,139364,138919,445
2081261,5.38738,16.0821,428,1138800,0.189679,0.17,1,139367,138939,428
2083541,5.07748,3.21642,433,1140260,0.213936,0.09,1,139372,138939,433
2085621,3.4155,6.24328,429,1141720,0.210787,0.18,1,139375,138946,429
2088541,2.2831,5.24866,426,1143180,0.178157,0.18,1,139377,138951,426
2090821,6.85662,1.04973,434,1144640,0.203631,0.08,1,139385,138951,434
2093741,2.97132,7.40995,427,1146100,0.176726,0.08,1,139387,138960,427
2096021,6.99426,1.48199,435,1147560,0.131345,0.1,1,139395,138960,435
2098941,4.59885,10.6964,426,1149020,0.138269,0.1,1,139399,138973,426
2101861,2.51977,2.13928,428,1150480,0.139654,0.1,1,139401,138973,428
2104341,2.10395,0.427856,430,1151940,0.139931,0.08,1,139403,138973,430
2107261,2.02079,2.48557,429,1153400,0.107986,0.08,1,139405,138976,429
2109541,4.40416,0.497114,434,1154860,0.117597,0.12,1,139410,138976,434
2112461,2.48083,8.09942,426,1156320,0.0875194,0.12,1,139412,138986,426
2115381,2.09617,1.61988,428,1157780,0.121504,0.12,1,139414,138986,428
2118301,2.01923,0.323977,430,1159240,0.104301,0.12,1,139416,138986,430
2119941,2.80385,0.0647954,433,1160700,0.0848602,0.17,1,139419,138986,433
2122861,2.16077,3.21296,431,1162160,0.072972,0.17,1,139421,138990,431
2125141,16.4322,0.642592,451,1163620,0.198594,0.23,1,139441,138990,451
2128061,4.88643,20.1285,428,1165080,0.231719,0.23,1,139443,139015,428
2130341,100.977,4.0257,553,1166540,0.262344,0.23,1,139568,139015,553
2132001,20.9955,99.2051,431,1168000,0.252469,0.21,1,139569,139138,431
2134921,10.5991,27.041,430,1169460,0.250494,0.21,1,139577,139147,430
2137201,3.71982,5.40821,432,1170920,0.250099,0.24,1,139579,139147,432
2140121,13.544,12.2816,434,1172380,0.25802,0.24,1,139595,139161,434
2141781,9.90879,2.45633,443,1173840,0.275604,0.28,1,139604,139161,443
2143861,10.7818,9.29127,443,1175300,0.247121,0.3,1,139615,139172,443
2145941,7.75635,10.6583,439,1176760,0.225424,0.27,1,139622,139183,439
2148861,3.15127,10.1317,431,1178220,0.221085,0.27,1,139624,139193,431
2151141,75.8303,2.02633,525,1179680,0.260217,0,1,139718,139193,525
2154061,16.7661,83.6053,423,1181140,0.236043,0,1,139720,139297,423
2156981,4.95321,16.7211,425,1182600,0.199209,0,1,139722,139297,425
2159901,2.59064,3.34421,427,1184060,0.159842,0,1,139724,139297,427
2162821,2.11813,0.668842,429,1185520,0.119968,0,1,139726,139297,429
2165701,3.62363,0.133768,433,1186980,0.0479937,0,1,139730,139297,433
2168621,2.32473,4.82675,429,1188440,0.00959873,0,1,139732,139303,429
2170901,3.66495,0.965351,433,1189900,0.00191975,0.16,1,139736,139303,433
2173821,2.33299,6.59307,427,1191360,0.000383949,0.16,1,139738,139311,427
2176741,2.0666,1.31861,429,1192820,0.00807679,0.16,1,139740,139311,429
2179221,5.21332,0.263723,435,1194280,0.121615,0.17,1,139746,139311,435
2182141,2.64266,8.85274,426,1195740,0.112323,0.17,1,139748,139322,426
2185061,2.12853,1.77055,428,1197200,0.0864646,0.17,1,139750,139322,428
2187541,3.62571,0.35411,432,1198660,0.0972929,0.08,1,139754,139322,432
2190461,2.32514,7.27082,425,1200120,0.139459,0.08,1,139756,139331,425
2193381,2.06503,1.45416,427,1201580,0.123892,0.08,1,139758,139331,427
2196301,2.01301,0.290833,429,1203040,0.0887783,0.08,1,139760,139331,429
2197941,9.2026,0.0581666,440,1204500,0.0657557,0.2,1,139771,139331,440
2200861,3.44052,11.2116,428,1205960,0.0611511,0.2,1,139773,139345,428
2202721,1.4881,2.24233,429,1207420,0.0362302,0.2,1,139774,139345,429
2205641,8.29762,8.44847,429,1208880,0.087246,0.2,1,139784,139355,429
2207301,12.8595,1.68969,443,1210340,0.113449,0.24,1,139798,139355,443
2210221,4.1719,13.1379,429,1211800,0.11869,0.24,1,139800,139371,429
2212081,1.63438,2.62759,430,1213260,0.151738,0.24,1,139801,139371,430
2214161,3.52688,2.92552,431,1214720,0.166348,0.17,1,139805,139374,431
2217081,7.10538,10.9851,426,1216180,0.16127,0.17,1,139813,139387,426
2220001,3.02107,2.19702,428,1217640,0.136254,0.17,1,139815,139387,428
2222901,5.40422,0.439404,434,1219100,0.203251,0.11,1,139821,139387,434
2225821,2.68084,7.28788,427,1220560,0.22465,0.11,1,139823,139396,427
2228101,3.73617,1.45758,431,1222020,0.15693,0.14,1,139827,139396,431
2231021,2.34723,5.89152,426,1223480,0.143386,0.14,1,139829,139403,426
2232881,1.26945,1.1783,427,1224940,0.156677,0.1,1,139830,139403,427
2235801,9.05389,12.2357,423,1226400,0.167335,0.1,1,139841,139418,423
2238721,3.41078,2.44713,425,1227860,0.177467,0.1,1,139843,139418,425
2241641,2.28216,0.489426,427,1229320,0.195493,0.1,1,139845,139418,427
2244561,2.05643,0.0978853,429,1230780,0.167099,0.1,1,139847,139418,429
2247481,2.01129,0.0195771,431,1232240,0.12942,0.1,1,139849,139418,431
2249941,2.00226,0.00391541,433,1233700,0.185884,0.1,1,139851,139418,433
2252021,5.20045,1.60078,437,1235160,0.101177,0,1,139857,139420,437
2253681,1.84009,5.12016,432,1236620,0.0682354,0.27,1,139858,139426,432
2256601,16.368,19.424,429,1238080,0.205647,0.27,1,139878,139449,429
2258881,4.8736,3.88481,431,1239540,0.233129,0.27,1,139880,139449,431
2261801,104.175,103.977,431,1241000,0.230626,0.27,1,140009,139578,431
2264721,22.4349,20.7954,433,1242460,0.238125,0.27,1,140011,139578,433
2266581,10.087,4.15908,440,1243920,0.255625,0.25,1,140018,139578,440
2268241,2.8174,6.43182,434,1245380,0.243125,0.3,1,140019,139585,434
2270321,14.9635,15.6864,434,1246840,0.216625,0.26,1,140037,139603,434
2272401,10.9927,11.9373,433,1248300,0.251325,0.24,1,140047,139614,433
2275321,8.59854,9.58745,432,1249760,0.234265,0.24,1,140055,139623,432
2278021,3.31971,1.91749,434,1251220,0.254853,0.27,1,140057,139623,434
2279681,1.46394,1.9835,433,1252680,0.242971,0.19,1,140058,139625,433
2282601,69.0928,77.9967,422,1254140,0.280594,0.19,1,140144,139722,422
2284881,15.4186,15.5993,424,1255600,0.288119,0.01,1,140146,139722,424
2287801,8.68371,10.3199,422,1257060,0.273624,0.01,1,140153,139731,422
2290721,3.33674,2.06397,424,1258520,0.238725,0.01,1,140155,139731,424
2293641,2.26735,0.412795,426,1259980,0.199745,0.01,1,140157,139731,426
2296321,2.05347,0.0825589,428,1261440,0.159949,0.05,1,140159,139731,428
2299241,2.01069,1.61651,428,1262900,0.15199,0.05,1,140161,139733,428
2300901,2.80214,0.323302,431,1264360,0.102398,0.01,1,140164,139733,431
2303821,2.16043,5.66466,426,1265820,0.0604796,0.01,1,140166,139740,426
2306101,3.63209,1.13293,430,1267280,0.156096,0.19,1,140170,139740,430
2307761,1.52642,3.42659,427,1268740,0.159219,0.15,1,140171,139744,427
2310681,5.90528,10.2853,422,1270200,0.199844,0.15,1,140178,139756,422
2313601,2.78106,2.05706,424,1271660,0.199969,0.15,1,140180,139756,424
2316521,2.15621,0.411413,426,1273120,0.167994,0.15,1,140182,139756,426
2318161,1.23124,0.0822825,427,1274580,0.177599,0.08,1,140183,139756,427
2321081,9.84625,11.2165,425,1276040,0.0835198,0.08,1,140195,139770,425
2324001,3.56925,2.24329,427,1277500,0.160704,0.08,1,140197,139770,427
2326481,2.31385,0.448658,429,1278960,0.208141,0.14,1,140199,139770,429
2329401,8.46277,9.68973,427,1280420,0.137628,0.14,1,140209,139782,427
2332321,3.29255,1.93795,429,1281880,0.0915256,0.14,1,140211,139782,429
2335221,11.8585,0.387589,443,1283340,0.0903051,0.14,1,140225,139782,443
2337301,8.7717,10.4775,438,1284800,0.114061,0.24,1,140233,139795,438
2340221,4.15434,11.6955,429,1286260,0.110812,0.24,1,140236,139807,429
2343141,2.43087,2.3391,431,1287720,0.110162,0.24,1,140238,139807,431
2345201,2.08617,0.46782,433,1289180,0.126033,0.22,1,140240,139807,433
2348121,8.41723,11.2936,429,1290640,0.0652065,0.22,1,140250,139821,429
2350401,3.28345,2.25871,431,1292100,0.0210413,0.14,1,140252,139821,431
2353321,3.85669,6.85174,427,1293560,0.172208,0.14,1,140256,139829,427
2356241,2.37134,1.37035,429,1295020,0.162442,0.14,1,140258,139829,429
2358721,2.07427,0.27407,431,1296480,0.160488,0.19,1,140260,139829,431
2361641,7.61485,8.85481,429,1297940,0.0640977,0.19,1,140269,139840,429
2363921,3.12297,1.77096,431,1299400,0.0208195,0.2,1,140271,139840,431
2366841,2.22459,9.15419,422,1300860,0.148164,0.2,1,140273,139851,422
2369761,2.04492,1.83084,424,1302320,0.173633,0.2,1,140275,139851,424
2372681,2.00898,0.366168,426,1303780,0.146727,0.2,1,140277,139851,426
2375601,2.0018,0.0732335,428,1305240,0.141345,0.2,1,140279,139851,428
2378481,2.00036,0.0146467,430,1306700,0.108269,0.19,1,140281,139851,430
2381401,6.80007,8.00293,428,1308160,0.0376538,0.19,1,140289,139861,428
2384321,2.96001,1.60059,430,1309620,0.00753076,0.19,1,140291,139861,430
2386181,22.992,0.320117,458,1311080,0.201506,0.17,1,140319,139861,458
2389101,6.1984,23.264,431,1312540,0.240301,0.17,1,140321,139890,431
2391381,100.44,4.6528,555,1314000,0.46406,0.28,1,140445,139890,555
2394301,22.4879,100.931,433,1315460,0.524812,0.28,1,140448,140015,433
2396581,14.8976,20.1861,446,1316920,0.448962,0.26,1,140461,140015,446
2399281,5.37952,14.4372,436,1318380,0.449792,0.28,1,140464,140028,436
2401361,13.8759,17.2874,434,1319840,0.497958,0.24,1,140480,140046,434
2404281,9.17518,13.0575,430,1321300,0.539592,0.24,1,140488,140058,430
2407201,3.43504,2.6115,432,1322760,0.515918,0.24,1,140490,140058,432
2410101,10.287,0.5223,444,1324220,0.455184,0.25,1,140502,140058,444
2412181,64.4574,8.10446,512,1325680,0.515037,0.15,1,140580,140068,512
2415101,14.4915,74.4209,423,1327140,0.527007,0.15,1,140582,140159,423
2418021,4.4983,14.8842,425,1328600,0.529401,0.15,1,140584,140159,425
2420941,2.49966,2.97684,427,1330060,0.52988,0.15,1,140586,140159,427
2423861,2.09993,0.595367,429,1331520,0.497976,0.15,1,140588,140159,429
2425701,2.81999,0.119073,432,1332980,0.475595,0.03,1,140591,140159,432
2428621,2.164,6.42381,426,1334440,0.439119,0.03,1,140593,140167,426
2431541,2.0328,1.28476,428,1335900,0.399824,0.03,1,140595,140167,428
2434461,2.00656,0.256953,430,1337360,0.359965,0.03,1,140597,140167,430
2436101,6.00131,0.0513905,437,1338820,0.391993,0.23,1,140604,140167,437
2438801,2.80026,8.01028,429,1340280,0.366399,0.18,1,140606,140177,429
2441721,3.76005,8.00206,425,1341740,0.48128,0.18,1,140610,140185,425
2444641,2.35201,1.60041,427,1343200,0.504256,0.18,1,140612,140185,427
2447561,2.0704,0.320082,429,1344660,0.508851,0.18,1,140614,140185,429
2449201,1.21408,0.0640164,430,1346120,0.49377,0.18,1,140615,140185,430
2451281,8.24282,9.6128,428,1347580,0.410754,0.22,1,140625,140197,428
2454201,4.84856,5.12256,428,1349040,0.362151,0.22,1,140629,140201,428
2457121,2.56971,1.02451,430,1350500,0.47243,0.22,1,140631,140201,430
2458981,7.71394,0.204902,439,1351960,0.462486,0.21,1,140640,140201,439
2461901,3.14279,11.241,427,1353420,0.428497,0.21,1,140642,140215,427
2464181,12.6286,2.2482,442,1354880,0.485699,0.14,1,140657,140215,442
2465841,3.32571,12.4496,428,1356340,0.48114,0.18,1,140658,140230,428
2468761,7.06514,12.0899,424,1357800,0.488228,0.18,1,140666,140242,424
2471681,3.01303,2.41799,426,1359260,0.457646,0.18,1,140668,140242,426
2474601,2.20261,0.483597,428,1360720,0.427529,0.18,1,140670,140242,428
2476241,1.24052,0.0967194,429,1362180,0.437506,0.03,1,140671,140242,429
2478321,6.6481,7.21934,428,1363640,0.415501,0.14,1,140679,140251,428
2481241,6.92962,10.2439,424,1365100,0.4591,0.14,1,140686,140262,424
2484161,2.98592,2.04877,426,1366560,0.46782,0.14,1,140688,140262,426
2487081,2.19718,0.409755,428,1368020,0.437564,0.14,1,140690,140262,428
2489761,2.03944,0.0819509,430,1369480,0.431513,0.18,1,140692,140262,430
2492681,5.20789,8.81639,425,1370940,0.406303,0.18,1,140698,140273,425
2494961,2.64158,1.76328,427,1372400,0.369261,0.08,1,140700,140273,427
2497881,9.32832,10.7527,425,1373860,0.385852,0.08,1,140711,140286,425
2500801,3.46566,2.15053,427,1375320,0.41317,0.08,1,140713,140286,427
2503721,2.29313,0.430106,429,1376780,0.386634,0.08,1,140715,140286,429
2506641,2.05863,0.0860212,431,1378240,0.381327,0.08,1,140717,140286,431
2509521,2.01173,0.0172042,433,1379700,0.388265,0.02,1,140719,140286,433
2512441,5.20235,6.40344,431,1381160,0.349653,0.02,1,140725,140294,431
2514721,2.64047,1.28069,433,1382620,0.309931,0.19,1,140727,140294,433
2517641,30.1281,30.6561,432,1384080,0.429986,0.19,1,140764,140332,432
2519921,7.62562,6.13123,434,1385540,0.453997,0.48,1,140766,140332,434
2522841,111.925,102.826,445,1387000,0.562799,0.48,1,140904,140459,445
2525121,23.985,20.5652,447,1388460,0.58456,0.45,1,140906,140459,447
2528041,11.197,11.313,446,1389920,0.556912,0.45,1,140914,140468,446
2530321,3.8394,2.26261,448,1391380,0.519382,0.55,1,140916,140468,448
2532401,15.1679,16.4525,446,1392840,0.543876,0.49,1,140934,140488,446
2535321,7.83358,8.8905,445,1394300,0.580775,0.49,1,140940,140495,445
2537601,3.16672,1.7781,447,1395760,0.588155,0.55,1,140942,140495,447
2540521,10.2333,10.7556,446,1397220,0.541631,0.55,1,140954,140508,446
2542181,58.8467,2.15112,517,1398680,0.580326,0.51,1,141025,140508,517
2545101,13.3693,63.6302,440,1400140,0.588065,0.51,1,141027,140587,440
2548021,4.27387,12.726,442,1401600,0.589613,0.51,1,141029,140587,442
2550941,2.45477,2.54521,444,1403060,0.589923,0.51,1,141031,140587,444
2552581,2.89095,0.509042,447,1404520,0.573985,0.48,1,141034,140587,447
2555501,2.17819,8.90181,438,1405980,0.570797,0.48,1,141036,140598,438
2558421,2.03564,1.78036,440,1407440,0.538159,0.48,1,141038,140598,440
2561341,2.00713,0.356072,442,1408900,0.555632,0.48,1,141040,140598,442
2564261,2.00143,0.0712145,444,1410360,0.567126,0.48,1,141042,140598,444
2566101,7.60029,0.0142429,453,1411820,0.457425,0.53,1,141051,140598,453
2569021,3.12006,8.80285,444,1413280,0.539485,0.53,1,141053,140609,444
2571301,4.62401,1.76057,449,1414740,0.539897,0.52,1,141058,140609,449
2574221,3.3248,8.35211,442,1416200,0.555979,0.52,1,141061,140619,442
2577141,2.26496,1.67042,444,1417660,0.527196,0.52,1,141063,140619,444
2580061,2.05299,0.334085,446,1419120,0.545439,0.52,1,141065,140619,446
2581701,5.2106,0.0668169,452,1420580,0.517088,0.35,1,141071,140619,452
2583781,5.04212,8.01336,447,1422040,0.487418,0.51,1,141076,140629,447
2586701,2.60842,5.60267,444,1423500,0.569484,0.51,1,141078,140634,444
2588981,8.52168,1.12053,454,1424960,0.553897,0.52,1,141088,140634,454
2591901,3.30434,9.02411,445,1426420,0.574779,0.52,1,141090,140645,445
2594181,14.2609,1.80482,462,1427880,0.602956,0.49,1,141107,140645,462
2596881,5.25217,15.561,446,1429340,0.640591,0.44,1,141110,140664,446
2599801,2.65043,8.71219,441,1430800,0.648118,0.44,1,141112,140671,441
2602721,2.13009,1.74244,443,1432260,0.649624,0.44,1,141114,140671,443
2605201,2.02602,0.348488,445,1433720,0.649925,0.49,1,141116,140671,445
2608121,8.4052,9.6697,443,1435180,0.577985,0.49,1,141126,140683,443
2610821,6.48104,1.93394,449,1436640,0.683597,0.48,1,141132,140683,449
2613741,2.89621,9.18679,440,1438100,0.680719,0.48,1,141134,140694,440
2616661,2.17924,1.83736,442,1439560,0.680144,0.48,1,141136,140694,442
2619581,2.03585,0.367471,444,1441020,0.648029,0.48,1,141138,140694,444
2622261,3.60717,0.0734943,448,1442480,0.665606,0.35,1,141142,140694,448
2625181,2.32143,5.6147,443,1443940,0.629121,0.35,1,141144,140701,443
2627461,6.86429,1.12294,451,1445400,0.597824,0.44,1,141152,140701,451
2629541,6.17286,9.02459,446,1446860,0.535565,0.3,1,141158,140712,446
2632461,2.83457,13.8049,433,1448320,0.523113,0.3,1,141160,140727,433
2635381,2.16691,2.76098,435,1449780,0.520623,0.3,1,141162,140727,435
2638301,2.03338,0.552197,437,1451240,0.608125,0.3,1,141164,140727,437
2641221,2.00668,0.110439,439,1452700,0.633625,0.3,1,141166,140727,439
2644101,8.40134,0.0220879,449,1454160,0.646725,0.22,1,141176,140727,449
2645761,2.48027,7.20442,441,1455620,0.633345,0.45,1,141177,140736,441
2648681,25.2961,27.0409,440,1457080,0.654669,0.45,1,141208,140768,440
2650961,6.65921,5.40818,442,1458540,0.698934,0.55,1,141210,140768,442
2664281,18,21,447,1465840,0.88,0.61,2,141388,140941,447
2666981,6.8,4.2,451,1467300,0.92,0.53,2,141392,140941,451
2668641,2.16,4.04,448,1468760,0.912,0.6,2,141393,140945,448
2670721,13.232,12.008,450,1470220,0.9184,0.61,2,141409,140959,450
2673641,56.2464,57.6016,448,1471680,0.91168,0.61,2,141476,141028,448
2675921,12.8493,11.5203,450,1473140,0.910336,0.59,2,141478,141028,450
2678841,4.16986,4.70406,449,1474600,0.910067,0.59,2,141480,141031,449
2680501,3.23397,0.940813,452,1476060,0.926013,0.57,2,141483,141031,452
2683421,2.24679,8.98816,443,1477520,0.929203,0.57,2,141485,141042,443
2686341,2.04936,1.79763,445,1478980,0.897841,0.57,2,141487,141042,445
2689261,2.00987,0.359526,447,1480440,0.859568,0.57,2,141489,141042,447
2691521,2.00197,0.0719053,449,1481900,0.819914,0.56,2,141491,141042,449
2694441,8.40039,8.81438,448,1483360,0.683983,0.56,1,141501,141053,448
2696721,3.28008,1.76288,450,1484820,0.856797,0.56,2,141503,141053,450
2699641,5.45602,6.75258,448,1486280,0.891359,0.56,2,141509,141061,448
2701921,2.6912,1.35051,450,1487740,0.866272,0.55,2,141511,141061,450
2704841,3.73824,5.0701,448,1489200,0.893254,0.55,2,141515,141067,448
2707761,2.34765,1.01402,450,1490660,0.930651,0.55,2,141517,141067,450
2710241,2.06953,0.202804,452,1492120,0.90613,0.48,2,141519,141067,452
2712321,6.81391,7.24056,451,1493580,0.829226,0.59,2,141527,141076,451
2714401,4.56278,3.04811,453,1495040,0.781845,0.6,2,141531,141078,453
2717321,8.91256,9.40962,452,1496500,0.796369,0.6,2,141541,141089,452
2719601,3.38251,1.88192,454,1497960,0.847274,0.59,2,141543,141089,454
2722521,8.6765,7.57639,455,1499420,0.825455,0.59,2,141553,141098,455
2724181,9.7353,1.51528,465,1500880,0.845091,0.65,2,141563,141098,465
2726261,5.14706,9.90306,457,1502340,0.857018,0.67,2,141567,141110,457
2729181,2.62941,9.18061,450,1503800,0.827404,0.67,2,141569,141119,450
2732101,2.12588,1.83612,452,1505260,0.885481,0.67,2,141571,141119,452
2735021,2.02518,0.367224,454,1506720,0.897096,0.67,2,141573,141119,454
2737701,8.40504,0.0734449,464,1508180,0.811419,0.69,2,141583,141119,464
2739781,4.88101,8.01469,458,1509640,0.762284,0.68,2,141587,141129,458
2742701,2.5762,7.20294,453,1511100,0.752457,0.68,2,141589,141136,453
2744561,1.31524,1.44059,454,1512560,0.774491,0.59,2,141590,141136,454
2747481,8.26305,13.0881,448,1514020,0.770898,0.59,2,141600,141152,448
2750401,3.25261,2.61762,450,1515480,0.85818,0.59,2,141602,141152,450
2753321,2.25052,0.523525,452,1516940,0.907636,0.59,2,141604,141152,452
2756001,2.0501,0.104705,454,1518400,0.925527,0.54,2,141606,141152,454
2758921,5.21002,5.62094,453,1519860,0.865105,0.54,2,141612,141159,453
2761621,2.642,1.12419,455,1521320,0.821021,0.66,2,141614,141159,455
2764541,2.1284,5.02484,451,1522780,0.836204,0.66,2,141616,141165,451
2767461,2.02568,1.00497,453,1524240,0.815241,0.66,2,141618,141165,453
2769941,6.00514,0.200993,460,1525700,0.771048,0.59,2,141625,141165,460
2771601,2.80103,6.4402,454,1527160,0.85021,0.69,2,141627,141173,454
2774521,8.56021,10.088,453,1528620,0.802042,0.69,2,141637,141184,453
2776801,3.31204,2.01761,455,1530080,0.768408,0.71,2,141639,141184,455
2779721,23.0624,24.4035,453,1531540,0.905682,0.71,2,141667,141214,453
2782001,6.21248,4.8807,455,1533000,0.901136,0.91,2,141669,141214,455
3152661,86,108,449,23560,0.01,0.57,1,143585,143136,449
3162021,39.6,46.4,446,13340,0.01,0.33,1,143613,143167,446
3163681,53.52,61.28,438,8960,0.002,0.38,1,143670,143232,438
3165141,177.904,20.256,637,62224,0.0004,0.01,1,143879,143242,637
3168061,137.181,209.651,507,62258,0.04008,0.01,1,144006,143499,507
3170981,97.0362,133.13,480,62292,0.008016,0,1,144093,143613,480
3173901,21.0072,72.226,425,62326,0.0416032,0,1,144095,143670,425
3176821,5.80145,14.4452,427,62360,0.0483206,0,1,144097,143670,427
3179741,2.76029,2.88904,429,62394,0.0176641,0,1,144099,143670,429
3182661,2.15206,0.577808,431,62428,0.0115328,0,1,144101,143670,431
3185581,2.03041,0.115562,433,62462,0.0423066,0,1,144103,143670,433
3188501,2.00608,0.0231123,435,62496,0.0484613,0,1,144105,143670,435
3191421,2.00122,0.00462247,437,62530,0.0496923,0,1,144107,143670,437
3194341,2.00024,0.000924493,439,62564,0.0499385,0,1,144109,143670,439
3197261,2.00005,0.000184899,441,62598,0.0499877,0,1,144111,143670,441
3200181,2.00001,3.69797e-05,443,62632,0.0499975,0,1,144113,143670,443
3203101,2,7.39594e-06,445,62666,0.0499995,0,1,144115,143670,445
3206021,2,1.47919e-06,447,62700,0.0499999,0,1,144117,143670,447
3208941,2,2.95838e-07,449,62733,0.05,0,1,144119,143670,449
3211861,2,5.91675e-08,451,62766,0.05,0,1,144121,143670,451
3214781,2,1.18335e-08,453,62799,0.05,0,1,144123,143670,453
3217701,2,2.3667e-09,455,62832,0.05,0,1,144125,143670,455
3220621,2,4.7334e-10,457,62865,0.05,0,1,144127,143670,457
3223541,2,9.4668e-11,459,62898,0.05,0,1,144129,143670,459
3226461,137.2,1.89336e-11,630,62931,0.01,0.05,1,144300,143670,630
3229381,129.84,268.8,422,62964,0.01,0,1,144428,144006,422
3232301,97.168,123.36,424,62997,0.042,0.05,1,144517,144093,424
3235221,21.0336,26.272,424,63030,0.0484,0.05,1,144519,144095,424
3238141,5.80672,6.8544,424,63063,0.01768,0.01,1,144521,144097,424
3241061,2.76134,2.97088,424,63096,0.011536,0.01,1,144523,144099,424
3243981,2.15227,2.19418,424,63129,0.0103072,0.05,1,144525,144101,424
3246901,2.03045,2.03884,424,63162,0.0100614,0.05,1,144527,144103,424
3249821,2.00609,2.00777,424,63195,0.0100123,0.05,1,144529,144105,424
3252741,2.00122,2.00155,424,63228,0.0100025,0.05,1,144531,144107,424
3255661,2.00024,2.00031,424,63261,0.0100005,0.05,1,144533,144109,424
3258581,2.00005,2.00006,424,63294,0.0100001,0.05,1,144535,144111,424
3261501,2.00001,2.00001,424,63327,0.01,0.05,1,144537,144113,424
3264421,2,2,424,63360,0.01,0.05,1,144539,144115,424
3267341,2,2,424,63393,0.01,0.05,1,144541,144117,424
3270261,2,2,424,63426,0.01,0.05,1,144543,144119,424
3273181,2,2,424,63459,0.01,0.05,1,144545,144121,424
3276101,2,0.4,426,63492,0.01,0.05,1,144547,144121,426
3279021,2,1.68,426,63525,0.01,0.05,1,144549,144123,426
3281941,2,1.936,426,63558,0.01,0.05,1,144551,144125,426
3284861,2,1.9872,426,63591,0.01,0.05,1,144553,144127,426
3287781,135.6,1.99744,593,63624,0.002,0,1,144722,144129,593
3290701,128.72,137.199,549,63657,0.0084,0.01,1,144849,144300,549
3293621,96.944,129.84,510,63690,0.00968,0.05,1,144938,144428,510
3296541,20.9888,97.168,423,63723,0.009936,0.05,1,144940,144517,423
3299461,5.79776,21.0336,423,63756,0.0099872,0.01,1,144942,144519,423
3302381,2.75955,5.80672,423,63789,0.00999744,0.01,1,144944,144521,423
3305301,2.15191,2.76134,423,63822,0.00999949,0.01,1,144946,144523,423
3308221,2.03038,2.15227,423,63855,0.0099999,0.01,1,144948,144525,423
3311141,2.00608,2.03045,423,63888,0.00999998,0.01,1,144950,144527,423
3314061,2.00122,2.00609,423,63921,0.01,0.01,1,144952,144529,423
3316981,2.00024,2.00122,423,63954,0.01,0.01,1,144954,144531,423
3319901,2.00005,2.00024,423,63987,0.01,0.01,1,144956,144533,423
3322821,2.00001,2.00005,423,64020,0.01,0.01,1,144958,144535,423
3325741,2,2.00001,423,64053,0.01,0.01,1,144960,144537,423
3328661,2,2,423,64086,0.01,0.01,1,144962,144539,423
3331581,2,2,423,64119,0.01,0.01,1,144964,144541,423
3334501,2,2,423,64152,0.01,0.01,1,144966,144543,423
3337421,2,2,423,64185,0.01,0.01,1,144968,144545,423
3340341,2,2,423,64218,0.01,0.01,1,144970,144547,423
3343261,2,2,423,64251,0.01,0.01,1,144972,144549,423
3346181,2,2,423,64284,0.01,0.01,1,144974,144551,423
3349101,135.6,2,590,64317,0.002,0,1,145143,144553,590
3352021,129.52,135.6,549,64350,0.0724,0.01,1,145271,144722,549
3354941,96.304,128.72,510,64383,0.03848,0.01,1,145359,144849,510
3357861,20.8608,96.944,423,64416,0.031696,0.01,1,145361,144938,423
3360781,5.77216,20.9888,423,64449,0.0303392,0.01,1,145363,144940,423
3363701,2.75443,5.79776,423,64482,0.0300678,0.01,1,145365,144942,423
3366621,2.15089,2.75955,423,64515,0.0300136,0.01,1,145367,144944,423
3369541,2.03018,2.15191,423,64548,0.0300027,0.01,1,145369,144946,423
3372461,2.00604,2.03038,423,64581,0.0300005,0.01,1,145371,144948,423
3375381,2.00121,2.00608,423,64614,0.0300001,0.01,1,145373,144950,423
3378301,2.00024,2.00122,423,64646,0.03,0.01,1,145375,144952,423
3381221,2.00005,2.00024,423,64678,0.03,0.01,1,145377,144954,423
3384141,2.00001,2.00005,423,64710,0.03,0.01,1,145379,144956,423
3387061,2,2.00001,423,64742,0.03,0.01,1,145381,144958,423
3389981,2,2,423,64774,0.03,0.01,1,145383,144960,423
3392901,2,2,423,64806,0.03,0.01,1,145385,144962,423
3395821,2,2,423,64838,0.03,0.01,1,145387,144964,423
3398741,2,2,423,64870,0.03,0.01,1,145389,144966,423
3401661,2,2,423,64902,0.03,0.01,1,145391,144968,423
3404581,2,2,423,64934,0.03,0.01,1,145393,144970,423
3407501,2,2,423,64966,0.03,0.01,1,145395,144972,423
3410421,2,2,423,64998,0.03,0,1,145397,144974,423
3413341,135.6,135.6,423,65030,0.006,0.09,1,145566,145143,423
3416261,128.72,129.52,422,65062,0.0092,0.03,1,145693,145271,422
3419181,96.944,96.304,423,65094,0.00984,0.03,1,145782,145359,423
3422101,20.9888,20.8608,423,65126,0.009968,0.03,1,145784,145361,423
3425021,5.79776,5.77216,423,65158,0.0099936,0.03,1,145786,145363,423
3427941,2.75955,2.75443,423,65190,0.00999872,0.03,1,145788,145365,423
3430861,2.15191,2.15089,423,65222,0.00999974,0.03,1,145790,145367,423
3433781,2.03038,2.03018,423,65254,0.00999995,0.03,1,145792,145369,423
3436701,2.00608,2.00604,423,65286,0.00999999,0.03,1,145794,145371,423
3439621,2.00122,2.00121,423,65318,0.01,0.03,1,145796,145373,423
3442541,2.00024,2.00024,423,65350,0.01,0.03,1,145798,145375,423
3445461,2.00005,2.00005,423,65382,0.01,0.03,1,145800,145377,423
3448381,2.00001,2.00001,423,65414,0.01,0.03,1,145802,145379,423
3451301,2,2,423,65446,0.01,0.03,1,145804,145381,423
3454221,2,2,423,65478,0.01,0.03,1,145806,145383,423
3457141,2,2,423,65510,0.01,0.03,1,145808,145385,423
3460061,2,2,423,65542,0.01,0.03,1,145810,145387,423
3462981,2,2,423,65574,0.01,0.03,1,145812,145389,423
3465901,2,2,423,65606,0.01,0.03,1,145814,145391,423
3468821,2,2,423,65638,0.01,0.03,1,145816,145393,423
3471741,2,2,423,65670,0.01,0.03,1,145818,145395,423
3474661,2,2,423,65702,0.01,0,1,145820,145397,423
3477581,134.8,135.6,422,65734,0.01,0.01,1,145988,145566,422
3480501,130.16,128.72,424,65766,0.01,0.01,1,146117,145693,424
3483421,95.632,96.944,422,65798,0.058,0.01,1,146204,145782,422
3486341,20.7264,20.9888,422,65830,0.0676,0.01,1,146206,145784,422
3489261,5.74528,5.79776,422,65862,0.03752,0.01,1,146208,145786,422
3492181,2.74906,2.75955,422,65894,0.031504,0.01,1,146210,145788,422
3495101,2.14981,2.15191,422,65926,0.0303008,0.01,1,146212,145790,422
3498021,2.02996,2.03038,422,65958,0.0300602,0.01,1,146214,145792,422
3500941,2.00599,2.00608,422,65990,0.030012,0.01,1,146216,145794,422
3503861,2.0012,2.00122,422,66022,0.0300024,0.01,1,146218,145796,422
3506781,2.00024,2.00024,422,66054,0.0300005,0.01,1,146220,145798,422
3509701,2.00005,2.00005,422,66086,0.0300001,0.01,1,146222,145800,422
3512621,2.00001,2.00001,422,66118,0.03,0.01,1,146224,145802,422
3515541,2,2,422,66150,0.03,0.01,1,146226,145804,422
3518461,2,2,422,66182,0.03,0.01,1,146228,145806,422
3521381,2,2,422,66214,0.03,0.01,1,146230,145808,422
3524301,2,2,422,66246,0.03,0.01,1,146232,145810,422
3527221,2,2,422,66278,0.03,0.01,1,146234,145812,422
3530141,2,2,422,66310,0.03,0.01,1,146236,145814,422
3533061,2,2,422,66342,0.03,0.01,1,146238,145816,422
3535981,2,2,422,66374,0.03,0.01,1,146240,145818,422
3538901,2,0.4,424,66406,0.03,0.01,1,146242,145818,424
3541821,134,1.68,589,66438,0.094,0.01,1,146409,145820,589
3544741,130,134.736,550,66470,0.0428,0.01,1,146538,145988,550
3547661,96.4,130.147,509,66502,0.01656,0.07,1,146626,146117,509
3550581,20.88,95.6294,424,66534,0.011312,0.07,1,146628,146204,424
3553501,5.776,20.7259,424,66566,0.0102624,0.03,1,146630,146206,424
3556421,2.7552,5.74518,424,66598,0.0100525,0.03,1,146632,146208,424
3559341,2.15104,2.74904,424,66630,0.0100105,0.03,1,146634,146210,424
3562261,2.03021,2.14981,424,66661,0.0100021,0.03,1,146636,146212,424
3565181,2.00604,2.02996,424,66692,0.0100004,0.03,1,146638,146214,424
3568101,2.00121,2.00599,424,66723,0.0100001,0.03,1,146640,146216,424
3571021,2.00024,2.0012,424,66754,0.01,0.03,1,146642,146218,424
3573941,2.00005,2.00024,424,66785,0.01,0.03,1,146644,146220,424
3576861,2.00001,2.00005,424,66816,0.01,0.03,1,146646,146222,424
3579781,2,2.00001,424,66847,0.01,0.03,1,146648,146224,424
3582701,2,2,424,66878,0.01,0.03,1,146650,146226,424
3585621,2,2,424,66909,0.01,0.03,1,146652,146228,424
3588541,2,2,424,66940,0.01,0.03,1,146654,146230,424
3591461,2,2,424,66971,0.01,0.03,1,146656,146232,424
3594381,2,2,424,67002,0.01,0.03,1,146658,146234,424
3597301,2,2,424,67033,0.01,0.03,1,146660,146236,424
3600221,2,2,424,67064,0.01,0.03,1,146662,146238,424
3603141,2,2,424,67095,0.01,0.03,1,146664,146240,424
3606061,135.6,2,591,67126,0.09,0.11,1,146833,146242,591
3608981,128.72,134,551,67157,0.026,0.03,1,146960,146409,551
3611901,95.344,130,509,67188,0.0132,0.01,1,147047,146538,509
3614821,20.6688,96.4,423,67219,0.02664,0.01,1,147049,146626,423
3617741,5.73376,20.88,423,67250,0.029328,0.01,1,147051,146628,423
3620661,2.74675,5.776,423,67281,0.0298656,0.01,1,147053,146630,423
3623581,2.14935,2.7552,423,67312,0.0299731,0.01,1,147055,146632,423
3626501,2.02987,2.15104,423,67343,0.0299946,0.01,1,147057,146634,423
3629421,2.00597,2.03021,423,67374,0.0299989,0.01,1,147059,146636,423
3632341,2.00119,2.00604,423,67405,0.0299998,0.01,1,147061,146638,423
3635261,2.00024,2.00121,423,67436,0.03,0.01,1,147063,146640,423
3638181,2.00005,2.00024,423,67467,0.03,0.01,1,147065,146642,423
3641101,2.00001,2.00005,423,67498,0.03,0.01,1,147067,146644,423
3644021,2,2.00001,423,67529,0.03,0.01,1,147069,146646,423
3646941,2,2,423,67560,0.03,0.01,1,147071,146648,423
3649861,2,2,423,67591,0.03,0.01,1,147073,146650,423
3652781,2,2,423,67622,0.03,0.01,1,147075,146652,423
3655701,2,2,423,67653,0.03,0.01,1,147077,146654,423
3658621,2,2,423,67684,0.03,0.01,1,147079,146656,423
3661541,2,2,423,67715,0.03,0.01,1,147081,146658,423
3664461,2,2,423,67746,0.03,0.01,1,147083,146660,423
3667381,2,2,423,67777,0.03,0.01,1,147085,146662,423
3670301,139.6,2,595,67808,0.094,0.11,1,147259,146664,595
3673221,125.52,135.6,548,67839,0.0428,0.01,1,147381,146833,548
3676141,26.704,128.72,423,67870,0.03256,0.01,1,147383,146960,423
3679061,74.9408,95.344,423,67901,0.006512,0.03,1,147470,147047,423
3681981,16.5882,20.6688,423,67932,0.0093024,0.03,1,147472,147049,423
3684901,4.91763,5.73376,423,67963,0.00986048,0.03,1,147474,147051,423
3687821,2.58353,2.74675,423,67994,0.0099721,0.03,1,147476,147053,423
3690741,2.11671,2.14935,423,68025,0.00999442,0.03,1,147478,147055,423
3693661,2.02334,2.02987,423,68056,0.00999888,0.03,1,147480,147057,423
3696581,2.00467,2.00597,423,68087,0.00999978,0.03,1,147482,147059,423
3699501,2.00093,2.00119,423,68118,0.00999996,0.03,1,147484,147061,423
3702421,2.00019,2.00024,423,68149,0.00999999,0.03,1,147486,147063,423
3705341,2.00004,2.00005,423,68180,0.01,0.03,1,147488,147065,423
3708261,2.00001,2.00001,423,68211,0.01,0.03,1,147490,147067,423
3711181,2,2,423,68242,0.01,0.03,1,147492,147069,423
3714101,2,2,423,68273,0.01,0.03,1,147494,147071,423
3717021,2,2,423,68304,0.01,0.03,1,147496,147073,423
3719941,2,2,423,68335,0.01,0.03,1,147498,147075,423
3722861,2,2,423,68366,0.01,0.03,1,147500,147077,423
3725781,2,2,423,68397,0.01,0.03,1,147502,147079,423
3728701,2,2,423,68428,0.01,0.03,1,147504,147081,423
3731621,2,2,423,68459,0.01,0.03,1,147506,147083,423
3734541,2,2,423,68490,0.01,0.11,1,147508,147085,423
3737461,144.4,139.6,429,68521,0.058,0.03,1,147688,147259,429
3740381,121.68,125.52,423,68552,0.0196,0.03,1,147804,147381,423
3743301,25.936,26.704,423,68583,0.01192,0,1,147806,147383,423
3746221,73.9872,74.9408,422,68614,0.026384,0.01,1,147892,147470,422
3749141,16.3974,16.5882,422,68645,0.0292768,0.01,1,147894,147472,422
3752061,4.87949,4.91763,422,68676,0.00585536,0.01,1,147896,147474,422
3754981,2.5759,2.58353,422,68707,0.00917107,0.01,1,147898,147476,422
3757901,2.11518,2.11671,422,68738,0.00983421,0.01,1,147900,147478,422
3760821,2.02304,2.02334,422,68769,0.0259668,0.01,1,147902,147480,422
3763741,2.00461,2.00467,422,68799,0.0451934,0.01,1,147904,147482,422
3766661,2.00092,2.00093,422,68829,0.0490387,0.01,1,147906,147484,422
3769581,2.00018,2.00019,422,68859,0.0498077,0.01,1,147908,147486,422
3772501,2.00004,2.00004,422,68889,0.0499615,0.01,1,147910,147488,422
3775421,2.00001,2.00001,422,68919,0.0499923,0.01,1,147912,147490,422
3778341,2,2,422,68949,0.0499985,0.01,1,147914,147492,422
3781261,2,2,422,68979,0.0499997,0.01,1,147916,147494,422
3784181,2,2,422,69009,0.0499999,0.01,1,147918,147496,422
3787101,2,2,422,69039,0.05,0.01,1,147920,147498,422
3790021,2,2,422,69069,0.05,0.01,1,147922,147500,422
3792941,2,2,422,69099,0.05,0.01,1,147924,147502,422
3795861,2,2,422,69129,0.05,0.01,1,147926,147504,422
3798781,2,2,422,69159,0.05,0.01,1,147928,147506,422
3801701,2,2,422,69189,0.05,0.07,1,147930,147508,422
3804621,145.2,144.4,423,69219,0.034,0.01,1,148111,147688,423
3807541,121.84,121.68,423,69249,0.1108,0.01,1,148227,147804,423
3810461,25.968,25.936,423,69279,0.12616,0.03,1,148229,147806,423
3813381,73.9936,73.9872,423,69309,0.049232,0.03,1,148315,147892,423
3816301,16.3987,14.7974,425,69339,0.0098464,0.03,1,148317,147892,425
3819221,4.87974,4.55949,425,69369,0.00996928,0,1,148319,147894,425
3822141,2.57595,2.5119,425,69399,0.00999386,0.01,1,148321,147896,425
3825061,2.11519,2.10238,425,69429,0.0259988,0.01,1,148323,147898,425
3827981,2.02304,2.02048,425,69459,0.00519975,0.03,1,148325,147900,425
3830901,2.00461,2.0041,425,69489,0.00903995,0.05,1,148327,147902,425
3833821,2.00092,2.00082,425,69519,0.00980799,0.05,1,148329,147904,425
3836741,2.00018,2.00016,425,69549,0.0099616,0.05,1,148331,147906,425
3839661,2.00004,2.00003,425,69579,0.00999232,0.05,1,148333,147908,425
3842581,2.00001,2.00001,425,69609,0.00999846,0.05,1,148335,147910,425
3845501,2,2,425,69639,0.00999969,0.05,1,148337,147912,425
3848421,2,2,425,69669,0.00999994,0.05,1,148339,147914,425
3851341,2,2,425,69699,0.00999999,0.05,1,148341,147916,425
3854261,2,2,425,69729,0.01,0.05,1,148343,147918,425
3857181,2,2,425,69759,0.01,0.05,1,148345,147920,425
3860101,2,2,425,69789,0.01,0.05,1,148347,147922,425
3863021,2,2,425,69819,0.01,0.05,1,148349,147924,425
3865941,2,2,425,69849,0.01,0.05,1,148351,147926,425
3868861,2,2,425,69879,0.01,0.05,1,148353,147928,425
3871781,144.4,2,603,69909,0.026,0.03,1,148533,147930,603
3874701,124.08,145.2,541,69939,0.0932,0.13,1,148652,148111,541
3877621,26.416,121.84,427,69969,0.10664,0.13,1,148654,148227,427
3880541,70.8832,25.968,507,69999,0.029328,0.03,1,148736,148229,507
3883461,15.7766,73.9936,423,70029,0.0138656,0,1,148738,148315,423
3886381,4.75533,16.3987,423,70059,0.0107731,0.01,1,148740,148317,423
3889301,2.55107,4.87974,423,70089,0.0101546,0.01,1,148742,148319,423
3892221,2.11021,2.57595,423,70119,0.0260309,0.03,1,148744,148321,423
3895141,2.02204,2.11519,423,70149,0.00520618,0,1,148746,148323,423
3898061,2.00441,2.02304,423,70179,0.00904124,0.01,1,148748,148325,423
3900981,2.00088,2.00461,423,70209,0.00980825,0.01,1,148750,148327,423
3903901,2.00018,2.00092,423,70239,0.0259616,0.01,1,148752,148329,423
3906821,2.00004,2.00018,423,70269,0.0291923,0.01,1,148754,148331,423
3909741,2.00001,2.00004,423,70299,0.0298385,0.01,1,148756,148333,423
3912661,2,2.00001,423,70329,0.0299677,0.01,1,148758,148335,423
3915581,2,2,423,70359,0.0299935,0.01,1,148760,148337,423
3918501,2,2,423,70389,0.0299987,0.01,1,148762,148339,423
3921421,2,2,423,70419,0.0299997,0.01,1,148764,148341,423
3924341,2,2,423,70449,0.0299999,0.01,1,148766,148343,423
3927261,2,2,423,70479,0.03,0.01,1,148768,148345,423
3930181,2,2,423,70509,0.03,0.01,1,148770,148347,423
3933101,2,2,423,70539,0.03,0.01,1,148772,148349,423
3936021,2,2,423,70569,0.03,0.01,1,148774,148351,423
3938941,145.2,2,602,70599,0.094,0.03,1,148955,148353,602
3941861,127.44,144.4,545,70629,0.1708,0.11,1,149078,148533,545
3944781,27.088,124.08,428,70659,0.18616,0.11,1,149080,148652,428
3947701,67.0176,26.416,503,70689,0.157232,0.01,1,149157,148654,503
3950621,15.0035,70.8832,423,70719,0.151446,0.01,1,149159,148736,423
3953541,4.6007,15.7766,423,70749,0.150289,0.01,1,149161,148738,423
3956461,2.52014,4.75533,423,70779,0.150058,0.01,1,149163,148740,423
3959381,2.10403,2.55107,423,70809,0.150012,0.03,1,149165,148742,423
3962301,2.02081,2.11021,423,70839,0.118002,0,1,149167,148744,423
3965221,2.00416,2.02204,423,70869,0.1116,0.01,1,149169,148746,423
3968141,2.00083,2.00441,423,70899,0.11032,0.01,1,149171,148748,423
3971061,2.00017,2.00088,423,70929,0.110064,0.03,1,149173,148750,423
3973981,2.00003,2.00018,423,70959,0.110013,0.03,1,149175,148752,423
3976901,2.00001,2.00004,423,70989,0.110003,0.03,1,149177,148754,423
3979821,2,2.00001,423,71019,0.110001,0.03,1,149179,148756,423
3982741,2,2,423,71049,0.11,0.03,1,149181,148758,423
3985661,2,2,423,71079,0.11,0.03,1,149183,148760,423
3988581,2,2,423,71108,0.11,0.03,1,149185,148762,423
3991501,2,2,423,71137,0.11,0.03,1,149187,148764,423
3994421,2,2,423,71166,0.11,0.03,1,149189,148766,423
3997341,2,2,423,71195,0.11,0.03,1,149191,148768,423
4000261,2,2,423,71224,0.11,0.03,1,149193,148770,423
4003181,2,2,423,71253,0.11,0.03,1,149195,148772,423
4006101,2,2,423,71282,0.11,0.11,1,149197,148774,423
4009021,148.4,145.2,427,71311,0.142,0.19,1,149382,148955,427
4011941,131.28,127.44,431,71340,0.1644,0.19,1,149509,149078,431
4014861,27.856,27.088,431,71369,0.16888,0.15,1,149511,149080,431
4017781,63.9712,67.0176,427,71398,0.185776,0.15,1,149584,149157,427
4020701,14.3942,15.0035,427,71427,0.189155,0.15,1,149586,149159,427
4023621,4.47885,4.6007,427,71456,0.157831,0.15,1,149588,149161,427
4026541,2.49577,2.52014,427,71485,0.151566,0.15,1,149590,149163,427
4029461,2.09915,2.10403,427,71514,0.150313,0.11,1,149592,149165,427
4032381,2.01983,2.02081,427,71543,0.150063,0.11,1,149594,149167,427
4035301,2.00397,2.00416,427,71572,0.150013,0.11,1,149596,149169,427
4038221,2.00079,2.00083,427,71601,0.150003,0.11,1,149598,149171,427
4041141,2.00016,2.00017,427,71630,0.15,0.11,1,149600,149173,427
4044061,2.00003,2.00003,427,71659,0.15,0.11,1,149602,149175,427
4046981,2.00001,2.00001,427,71688,0.166,0.11,1,149604,149177,427
4049901,2,2,427,71717,0.1692,0.11,1,149606,149179,427
4052821,2,2,427,71746,0.16984,0.11,1,149608,149181,427
4055741,2,2,427,71775,0.169968,0.11,1,149610,149183,427
4058661,2,2,427,71804,0.169994,0.11,1,149612,149185,427
4061581,2,2,427,71833,0.169999,0.11,1,149614,149187,427
4064501,2,2,427,71862,0.17,0.11,1,149616,149189,427
4067421,2,2,427,71891,0.17,0.11,1,149618,149191,427
4070341,2,2,427,71920,0.17,0.11,1,149620,149193,427
4073261,2,2,427,71949,0.17,0.11,1,149622,149195,427
4076181,2,2,427,71978,0.17,0.15,1,149624,149197,427
4079101,150,148.4,429,72007,0.202,0.17,1,149811,149382,429
4082021,132.4,131.28,430,72036,0.2084,0.17,1,149939,149509,430
4084941,28.08,27.856,430,72065,0.20968,0.19,1,149941,149511,430
4087861,63.216,63.9712,429,72094,0.281936,0.19,1,150013,149584,429
4090781,14.2432,14.3942,429,72123,0.296387,0.15,1,150015,149586,429
4093701,4.44864,4.47885,429,72152,0.299277,0.15,1,150017,149588,429
4096621,2.48973,2.49577,429,72181,0.299855,0.15,1,150019,149590,429
4099541,2.09795,2.09915,429,72210,0.267971,0.15,1,150021,149592,429
4102461,2.01959,0.419831,431,72239,0.261594,0.15,1,150023,149592,431
4105381,2.00392,1.68397,431,72268,0.252319,0.15,1,150025,149594,431
4108301,2.00078,1.93679,431,72297,0.250464,0.15,1,150027,149596,431
4111221,2.00016,1.98736,431,72326,0.250093,0.15,1,150029,149598,431
4114141,2.00003,1.99747,431,72355,0.250019,0.15,1,150031,149600,431
4117061,2.00001,1.99949,431,72384,0.250004,0.17,1,150033,149602,431
4119981,2,1.9999,431,72413,0.250001,0.17,1,150035,149604,431
4122901,2,1.99998,431,72442,0.25,0.17,1,150037,149606,431
4125821,2,2,431,72471,0.25,0.17,1,150039,149608,431
4128741,2,2,431,72500,0.25,0.17,1,150041,149610,431
4131661,2,2,431,72529,0.25,0.17,1,150043,149612,431
4134581,2,2,431,72558,0.25,0.17,1,150045,149614,431
4137501,2,2,431,72587,0.25,0.17,1,150047,149616,431
4140421,2,2,431,72616,0.25,0.17,1,150049,149618,431
4143341,2,2,431,72645,0.25,0.17,1,150051,149620,431
4146261,2,2,431,72674,0.25,0.17,1,150053,149622,431
4149181,151.6,2,618,72703,0.266,0.21,1,150242,149624,618
4152101,132.72,150,559,72732,0.2692,0.21,1,150370,149811,559
4155021,28.144,132.4,433,72761,0.26984,0.21,1,150372,149939,433
4157941,64.8288,28.08,505,72790,0.469968,0.3,1,150446,149941,505
4160861,14.5658,63.216,435,72819,0.509994,0.3,1,150448,150013,435
4163781,4.51315,14.2432,435,72848,0.517999,0.3,1,150450,150015,435
4166701,2.50263,4.44864,435,72877,0.5196,0.3,1,150452,150017,435
4169621,2.10053,2.48973,435,72906,0.51992,0.26,1,150454,150019,435
4172541,2.02011,2.09795,435,72935,0.519984,0.26,1,150456,150021,435
4175461,2.00402,2.01959,435,72964,0.519997,0.25,1,150458,150023,435
4178381,2.0008,2.00392,435,72993,0.511999,0.25,1,150460,150025,435
4181301,2.00016,2.00078,435,73022,0.5104,0.25,1,150462,150027,435
4184221,2.00003,2.00016,435,73051,0.51008,0.25,1,150464,150029,435
4187141,2.00001,2.00003,435,73080,0.510016,0.25,1,150466,150031,435
4190061,2,2.00001,435,73109,0.510003,0.25,1,150468,150033,435
4192981,2,2,435,73138,0.510001,0.25,1,150470,150035,435
4195901,2,2,435,73167,0.526,0.25,1,150472,150037,435
4198821,2,2,435,73196,0.5292,0.25,1,150474,150039,435
4201741,2,2,435,73225,0.52984,0.25,1,150476,150041,435
4204661,2,2,435,73254,0.529968,0.25,1,150478,150043,435
4207581,2,2,435,73283,0.529994,0.25,1,150480,150045,435
4210501,2,2,435,73312,0.529999,0.25,1,150482,150047,435
4213421,2,2,435,73341,0.53,0.25,1,150484,150049,435
4216341,2,2,435,73370,0.53,0.25,1,150486,150051,435
4219261,152.4,2,623,73399,0.61,0.27,1,150676,150053,623
4222181,132.88,151.6,562,73428,0.69,0.27,1,150804,150242,562
4225101,28.176,132.72,436,73457,0.706,0.27,1,150806,150370,436
4228021,74.4352,28.144,520,73486,0.8052,0.52,2,150892,150372,520
4230941,16.487,64.8288,448,73515,0.82504,0.52,2,150894,150446,448
4233861,4.89741,14.5658,448,73543,0.829008,0.52,2,150896,150448,448
4236781,2.57948,4.51315,448,73571,0.829802,0.52,2,150898,150450,448
4239701,2.1159,2.50263,448,73599,0.82996,0.52,2,150900,150452,448
4242621,2.02318,2.10053,448,73627,0.829992,0.52,2,150902,150454,448
4245541,2.00464,2.02011,448,73655,0.829998,0.52,2,150904,150456,448
4248461,2.00093,2.00402,448,73683,0.83,0.51,2,150906,150458,448
4251381,2.00019,2.0008,448,73711,0.83,0.51,2,150908,150460,448
4254301,2.00004,2.00016,448,73739,0.83,0.51,2,150910,150462,448
4257221,2.00001,2.00003,448,73767,0.83,0.51,2,150912,150464,448
4260141,2,2.00001,448,73795,0.83,0.51,2,150914,150466,448
4263061,2,2,448,73823,0.83,0.51,2,150916,150468,448
4265981,2,2,448,73851,0.83,0.53,2,150918,150470,448
4268901,2,2,448,73879,0.83,0.53,2,150920,150472,448
4271821,2,2,448,73907,0.83,0.53,2,150922,150474,448
4274741,2,2,448,73935,0.83,0.53,2,150924,150476,448
4277661,2,2,448,73963,0.83,0.53,2,150926,150478,448
4280581,2,2,448,73991,0.83,0.53,2,150928,150480,448
4283501,2,2,448,74019,0.83,0.53,2,150930,150482,448
4286421,2,2,448,74047,0.83,0.53,2,150932,150484,448
4289341,2,2,448,74075,0.83,0.63,2,150934,150486,448
4607621,18,10,453,36558,0,0.45,1,153397,152944,453
4610541,19.6,21.2,449,36616,0.024,0.41,1,153417,152968,449
4613461,11.92,12.24,449,36674,0.0288,0.25,1,153427,152978,449
4616381,115.184,38.448,545,36732,0.00576,0.01,1,153568,153023,545
4619301,91.0368,139.69,465,36790,0.001152,0.01,1,153653,153188,465
4622221,41.4074,78.3379,431,36847,0.0002304,0,1,153682,153251,431
4625141,20.2815,31.6676,426,36904,0.0240461,0.05,1,153697,153271,426
4628061,26.4563,16.7335,441,36961,0.0288092,0.01,1,153725,153284,441
4630981,27.6913,35.3467,429,37018,0.0297618,0.01,1,153753,153324,429
4633901,9.53825,14.2693,425,37075,0.00595237,0.03,1,153758,153333,425
4636821,9.10765,7.65387,428,37132,0.0251905,0.03,1,153767,153339,428
4639741,10.6215,14.3308,423,37189,0.0610381,0.01,1,153778,153355,423
4642661,34.9243,22.0662,440,37246,0.0362076,0,1,153819,153379,440
4645581,22.9849,18.8132,442,37303,0.0312415,0.03,1,153839,153397,442
4648501,11.797,19.7626,431,37360,0.0302483,0.03,1,153848,153417,431
4651421,115.159,11.9525,562,37417,0.00604966,0,1,153989,153427,562
4654341,91.8319,115.191,507,37473,0.00120993,0,1,154075,153568,507
4657261,40.7664,91.0381,450,37529,0.000241986,0,1,154103,153653,450
4660181,20.1533,41.4076,436,37585,0.0400484,0.03,1,154118,153682,436
4663101,27.2307,20.2815,450,37641,0.0320097,0.03,1,154147,153697,450
4666021,27.8461,26.4563,450,37697,0.0624019,0.03,1,154175,153725,450
4668941,8.76923,27.6913,426,37753,0.0124804,0,1,154179,153753,426
4671861,10.5538,9.53825,432,37809,0.0424961,0.03,1,154190,153758,432
4674781,10.1108,9.10765,433,37865,0.0164992,0.07,1,154200,153767,433
4677701,36.4222,10.6215,465,37921,0.00329984,0.03,1,154243,153778,465
4680621,20.8844,34.9243,441,37977,0.02466,0.03,1,154260,153819,441
4683541,12.1769,22.9849,431,38033,0.012932,0.03,1,154270,153839,431
4686461,114.435,11.797,562,38089,0.0105864,0,1,154410,153848,562
4689381,92.4871,115.159,508,38144,0.00211728,0,1,154497,153989,508
4692301,40.8974,91.8319,450,38199,0.000423456,0,1,154525,154075,450
4695221,19.3795,40.7664,436,38254,0.0240847,0.05,1,154539,154103,436
4698141,27.0759,20.1533,450,38309,0.0128169,0.03,1,154568,154118,450
4701061,27.8152,27.2307,449,38364,0.0105634,0.07,1,154596,154147,449
4703981,9.56304,27.8461,426,38419,0.0261127,0,1,154601,154175,426
4706901,9.91261,8.76923,432,38474,0.0452225,0.05,1,154611,154179,432
4709821,10.7825,10.5538,432,38529,0.0330445,0.01,1,154622,154190,432
4712741,36.5565,10.1108,465,38584,0.0066089,0,1,154665,154200,465
4715661,8.9113,36.4222,424,38639,0.0253218,0.03,1,154667,154243,424
4718581,13.7823,20.8844,422,38694,0.0290644,0.01,1,154682,154260,422
4721501,11.5565,12.1769,423,38749,0.0298129,0.01,1,154693,154270,423
4724421,114.311,114.435,423,38804,0.00596257,0,1,154833,154410,423
4727341,91.6623,92.4871,422,38858,0.00119251,0,1,154919,154497,422
4730261,41.5325,40.8974,423,38912,0.000238503,0.03,1,154948,154525,423
4733181,19.5065,19.3795,423,38966,0.0080477,0.01,1,154962,154539,423
4736101,26.3013,27.0759,422,39020,0.00160954,0.01,1,154990,154568,422
4739021,27.6603,27.8152,422,39074,0.00832191,0.03,1,155018,154596,422
4741941,11.1321,9.56304,424,39128,0.00166438,0.05,1,155025,154601,424
4744861,8.62641,9.91261,422,39182,0.0243329,0.03,1,155033,154611,422
4747781,11.3253,10.7825,423,39236,0.0128666,0,1,155045,154622,423
4750701,35.8651,36.5565,422,39290,0.00257331,0.03,1,155087,154665,422
4753621,8.77301,8.9113,422,39344,0.0245147,0.03,1,155089,154667,422
4756541,13.7546,13.7823,422,39398,0.0289029,0.03,1,155104,154682,422
4759461,11.5509,11.5565,422,39452,0.0457806,0,1,155115,154693,422
4762381,114.31,114.311,422,39506,0.00915612,0,1,155255,154833,422
4765301,91.662,91.6623,422,39559,0.00183122,0,1,155341,154919,422
4768221,41.5324,41.5325,422,39612,0.0243662,0.01,1,155370,154948,422
4771141,19.5065,19.5065,422,39665,0.0448732,0,1,155384,154962,422
4774061,26.3013,26.3013,422,39718,0.0329746,0.01,1,155412,154990,422
4776981,27.6603,27.6603,422,39771,0.0305949,0,1,155440,155018,422
4779901,11.1321,11.1321,422,39824,0.00611899,0.03,1,155447,155025,422
4782821,8.62641,8.62641,422,39877,0.0092238,0.01,1,155455,155033,422
4785741,11.3253,11.3253,422,39930,0.00984476,0,1,155467,155045,422
4788661,35.8651,35.8651,422,39983,0.00196895,0.03,1,155509,155087,422
4791581,8.77301,8.77301,422,40036,0.0403938,0.03,1,155511,155089,422
4794501,13.7546,13.7546,422,40089,0.0320788,0.03,1,155526,155104,422
4797421,10.7509,2.75092,432,40142,0.0144158,0.05,1,155536,155104,432
4800341,114.15,9.35018,561,40195,0.00288315,0,1,155676,155115,561
4803261,91.63,113.87,507,40248,0.00057663,0,1,155762,155255,507
4806181,41.526,91.574,450,40300,0.000115326,0.03,1,155791,155341,450
4809101,19.5052,41.5148,435,40352,0.00802307,0.05,1,155805,155370,435
4812021,26.301,19.503,449,40404,0.0256046,0.03,1,155833,155384,449
4814941,27.6602,26.3006,449,40456,0.0291209,0.03,1,155861,155412,449
4817861,11.132,27.6601,428,40508,0.00582418,0,1,155868,155440,428
4820781,8.62641,11.132,429,40560,0.00916484,0.01,1,155876,155447,429
4823701,11.3253,8.6264,433,40612,0.025833,0.01,1,155888,155455,433
4826621,35.8651,11.3253,463,40664,0.00516659,0,1,155930,155467,463
4829541,8.77301,35.8651,423,40716,0.00103332,0.05,1,155932,155509,423
4832461,13.7546,8.77301,436,40768,0.0242067,0.03,1,155947,155511,436
4835381,11.5509,13.7546,432,40820,0.0448413,0.01,1,155958,155526,432
4838301,113.51,10.7509,561,40872,0.0649683,0,1,156097,155536,561
4841221,91.502,114.15,507,40924,0.0129937,0,1,156183,155676,507
4844141,41.5004,91.63,450,40976,0.00259873,0,1,156212,155762,450
4847061,19.5001,41.526,435,41028,0.0245197,0.01,1,156226,155791,435
4849981,26.3,19.5052,449,41079,0.0129039,0.03,1,156254,155805,449
4852901,27.66,26.301,449,41130,0.0425808,0.03,1,156282,155833,449
4855821,11.132,27.6602,428,41181,0.0165162,0,1,156289,155861,428
4858741,9.4264,11.132,430,41232,0.0113032,0.01,1,156298,155868,430
4861661,10.6853,8.62641,433,41283,0.0262606,0.03,1,156309,155876,433
4864581,36.5371,11.3253,464,41334,0.00525213,0,1,156352,155888,464
4867501,8.90741,35.8651,424,41385,0.0250504,0,1,156354,155930,424
4870421,13.7815,8.77301,437,41436,0.0290101,0.03,1,156369,155932,437
4873341,10.7563,13.7546,432,41487,0.045802,0.05,1,156379,155947,432
4876261,114.151,11.5509,561,41538,0.0651604,0.07,1,156519,155958,561
4879181,24.4303,113.51,424,41589,0.0690321,0,1,156521,156097,424
4882101,72.0861,91.502,422,41640,0.0138064,0,1,156605,156183,422
4885021,38.4172,41.5004,423,41691,0.0267613,0.03,1,156635,156212,423
4887941,18.8834,19.5001,423,41742,0.0133523,0.01,1,156649,156226,423
4890861,25.3767,26.3,422,41793,0.00267045,0.05,1,156676,156254,422
4893781,27.4753,27.66,422,41844,0.00853409,0.01,1,156704,156282,422
4896701,11.0951,11.132,422,41894,0.00970682,0.01,1,156711,156289,422
4899621,9.41901,9.4264,422,41944,0.00994136,0.03,1,156720,156298,422
4902541,11.4838,10.6853,423,41994,0.00998827,0,1,156732,156309,423
4905461,35.8968,36.5371,422,42044,0.00199765,0.03,1,156774,156352,422
4908381,8.77935,8.90741,422,42094,0.00839953,0.03,1,156776,156354,422
4911301,15.3559,13.7815,424,42144,0.0256799,0.05,1,156793,156369,424
4914221,11.0712,10.7563,424,42194,0.029136,0.07,1,156803,156379,424
4917141,115.014,114.151,425,42244,0.0618272,0.07,1,156944,156519,425
4920061,24.6028,24.4303,425,42294,0.0683654,0,1,156946,156521,425
4922981,69.7206,72.0861,422,42344,0.0216731,0.03,1,157027,156605,422
4925901,37.9441,38.4172,422,42394,0.0123346,0.01,1,157057,156635,422
4928821,18.7888,18.8834,422,42444,0.0424669,0,1,157071,156649,422
4931741,25.3578,25.3767,422,42494,0.0324934,0.01,1,157098,156676,422
4934661,27.4716,27.4753,422,42544,0.00649868,0.01,1,157126,156704,422
4937581,11.0943,11.0951,422,42594,0.00929974,0.01,1,157133,156711,422
4940501,9.41886,9.41901,422,42644,0.00185995,0.01,1,157142,156720,422
4943421,12.2838,11.4838,423,42693,0.024372,0,1,157155,156732,423
4946341,35.2568,35.8968,422,42742,0.0048744,0.01,1,157196,156774,422
4949261,8.65135,8.77935,422,42791,0.00897488,0.03,1,157198,156776,422
4952181,16.1303,15.3559,423,42840,0.041795,0.03,1,157216,156793,423
4955101,11.2261,11.0712,423,42889,0.016359,0.07,1,157226,156803,423
4958021,115.045,115.014,423,42938,0.0432718,0.07,1,157367,156944,423
4960941,24.609,24.6028,423,42987,0.0806544,0.07,1,157369,156946,423
4963861,68.1218,4.92057,502,43036,0.0401309,0.01,1,157448,156946,502
4966781,37.6244,65.7841,451,43085,0.0320262,0.01,1,157478,157027,451
4969701,18.7249,37.1568,435,43134,0.0144052,0.05,1,157492,157057,435
4972621,25.345,18.6314,448,43183,0.042881,0.03,1,157519,157071,448
4975541,27.469,25.3263,449,43232,0.0165762,0,1,157547,157098,449
4978461,11.0938,27.4653,428,43281,0.0113152,0.01,1,157554,157126,428
4981381,9.41876,11.0931,430,43330,0.00226305,0,1,157563,157133,430
4984301,12.2838,9.41861,434,43379,0.0244526,0.03,1,157576,157142,434
4987221,35.2567,12.2837,462,43428,0.0128905,0,1,157617,157155,462
4990141,8.65135,35.2567,423,43477,0.0265781,0.01,1,157619,157196,423
4993061,16.1303,8.65135,439,43526,0.0293156,0.05,1,157637,157198,439
4995981,11.2261,16.1303,431,43574,0.0298631,0.01,1,157647,157216,431
4998901,116.645,11.2261,564,43622,0.0779726,0.05,1,157790,157226,564
5001821,24.929,115.045,425,43670,0.0875945,0.09,1,157792,157367,425
5004741,66.5858,24.609,500,43718,0.0895189,0.03,1,157869,157369,500
5007661,37.3172,68.1218,451,43766,0.0179038,0.03,1,157899,157448,451
5010581,18.6634,37.6244,435,43814,0.0275808,0.01,1,157913,157478,435
5013501,25.3327,18.7249,448,43862,0.0295162,0.05,1,157940,157492,448
5016421,27.4665,25.345,449,43910,0.0299032,0.01,1,157968,157519,449
5019341,11.0933,27.469,428,43958,0.0299806,0.01,1,157975,157547,428
5022261,9.41866,11.0938,430,44006,0.0139961,0,1,157984,157554,430
5025181,13.0837,9.41876,435,44054,0.0267992,0.03,1,157998,157563,435
5028101,35.4167,12.2838,463,44102,0.0133598,0.01,1,158039,157576,463
5031021,8.68335,35.2567,424,44150,0.010672,0.03,1,158041,157617,424
5033941,16.1367,8.65135,440,44198,0.0261344,0.03,1,158059,157619,440
5036861,12.0273,16.1303,433,44246,0.0452269,0.03,1,158070,157637,433
5039781,118.405,11.2261,568,44294,0.129045,0.09,1,158215,157647,568
5042701,25.2811,116.645,427,44342,0.145809,0.09,1,158217,157790,427
5045621,65.0562,24.929,500,44390,0.133162,0.09,1,158292,157792,500
5048541,35.4112,66.5858,451,44438,0.146632,0,1,158320,157869,451
5051461,8.68225,37.3172,423,44485,0.149326,0.03,1,158322,157899,423
5054381,12.1365,18.6634,422,44532,0.165865,0.03,1,158335,157913,422
5057301,24.8273,25.3327,423,44579,0.0411731,0.03,1,158363,157940,423
5060221,26.5655,27.4665,422,44626,0.0322346,0.03,1,158390,157968,422
5063141,10.9131,11.0933,422,44673,0.0304469,0.01,1,158397,157975,422
5066061,10.1826,9.41866,423,44720,0.00608938,0.03,1,158407,157984,423
5068981,12.4365,13.0837,422,44767,0.0412179,0.01,1,158420,157998,422
5071901,35.2873,35.4167,422,44814,0.0482436,0.01,1,158461,158039,422
5074821,8.65746,8.68335,422,44861,0.0176487,0.03,1,158463,158041,422
5077741,16.9315,16.1367,423,44908,0.00352974,0.05,1,158482,158059,423
5080661,12.9863,12.0273,424,44955,0.00870595,0.15,1,158494,158070,424
5083581,122.597,118.405,429,45002,0.0417412,0.15,1,158644,158215,429
5086501,26.1195,25.2811,429,45049,0.0483482,0.13,1,158646,158217,429
5089421,64.4239,65.0562,428,45096,0.0656696,0.15,1,158720,158292,428
5092341,36.0848,35.4112,429,45143,0.0531339,0.15,1,158749,158320,429
5095261,8.81696,8.68225,429,45190,0.0506268,0.17,1,158751,158322,429
5098181,11.3634,12.1365,428,45237,0.0661254,0.01,1,158763,158335,428
5101101,19.8727,24.8273,422,45284,0.101225,0.03,1,158785,158363,422
5104021,25.5745,26.5655,422,45331,0.092245,0.03,1,158812,158390,422
5106941,10.7149,10.9131,422,45378,0.090449,0,1,158819,158397,422
5109861,10.943,10.1826,423,45424,0.0420898,0.05,1,158830,158407,423
5112781,11.7886,12.4365,422,45470,0.016418,0.05,1,158842,158420,422
5115701,35.1577,35.2873,422,45516,0.0272836,0.01,1,158883,158461,422
5118621,8.63154,8.65746,422,45562,0.0294567,0,1,158885,158463,422
5121541,16.9263,16.9315,422,45608,0.0298913,0.01,1,158904,158482,422
5124461,13.7853,12.9863,423,45654,0.0299783,0.05,1,158917,158494,423
5127381,122.757,122.597,423,45700,0.0459957,0.05,1,159067,158644,423
5130301,26.1514,26.1195,423,45746,0.0491991,0.07,1,159069,158646,423
5133221,64.4303,64.4239,423,45792,0.0818398,0.05,1,159143,158720,423
5136141,36.0861,36.0848,423,45838,0.072368,0.05,1,159172,158749,423
5139061,8.81721,8.81696,423,45884,0.0704736,0.07,1,159174,158751,423
5141981,11.3634,11.3634,423,45930,0.0700947,0.07,1,159186,158763,423
5144901,20.6727,2.27268,446,45976,0.0540189,0.11,1,159209,158763,446
5147821,25.7345,18.0545,451,46022,0.0668038,0.09,1,159236,158785,451
5150741,8.34691,25.2109,428,46068,0.0373608,0.09,1,159240,158812,428
5153661,10.4694,10.6422,432,46114,0.0474722,0.03,1,159251,158819,432
5156581,11.6939,10.9284,433,46160,0.0334944,0.01,1,159263,158830,433
5159501,35.1388,11.7857,462,46206,0.0306989,0.03,1,159304,158842,462
5162421,8.62775,35.1571,423,46252,0.00613978,0.03,1,159306,158883,423
5165341,16.9256,8.63143,440,46298,0.041228,0.03,1,159325,158885,440
5168261,13.7851,16.9263,434,46344,0.0482456,0.03,1,159338,158904,434
5171181,123.557,13.7853,572,46389,0.0336491,0.05,1,159489,158917,572
5174101,26.3114,122.757,424,46434,0.0627298,0.05,1,159491,159067,424
5177021,65.2623,26.1514,497,46479,0.100546,0.09,1,159566,159069,497
5179941,35.4525,64.4303,451,46524,0.108109,0.07,1,159594,159143,451
5182861,8.69049,36.0861,424,46569,0.109622,0.07,1,159596,159172,424
5185781,11.3381,8.81721,434,46614,0.109924,0.07,1,159608,159174,434
5188701,21.4676,11.3634,446,46659,0.109985,0.05,1,159632,159186,446
5191621,25.0935,20.6727,449,46704,0.125997,0.07,1,159658,159209,449
5194541,8.2187,25.7345,426,46749,0.129199,0.03,1,159662,159236,426
5197461,10.4437,8.34691,433,46794,0.17784,0.05,1,159673,159240,433
5200381,11.6887,10.4694,434,46839,0.155568,0.03,1,159685,159251,434
5203301,34.3377,11.6939,462,46884,0.167114,0.03,1,159725,159263,462
5206221,8.46755,35.1388,423,46929,0.137423,0,1,159727,159304,423
5209141,17.6935,8.62775,441,46974,0.0994845,0.05,1,159747,159306,441
5212061,13.1387,16.9256,434,47019,0.0918969,0.05,1,159759,159325,434
5214981,125.828,13.7851,575,47064,0.138379,0.03,1,159913,159338,575
5217901,26.7655,123.557,426,47109,0.147676,0.07,1,159915,159489,426
5220821,66.9531,26.3114,501,47154,0.197535,0.11,1,159992,159491,501
5223741,35.7906,65.2623,454,47199,0.215507,0.11,1,160020,159566,454
5226661,8.75812,35.4525,428,47244,0.211101,0.11,1,160022,159594,428
5229581,11.3516,8.69049,438,47289,0.21022,0.11,1,160034,159596,438
5232501,21.4703,11.3381,450,47334,0.210044,0.11,1,160058,159608,450
5235421,26.6941,21.4676,454,47379,0.178009,0.13,1,160086,159632,454
5238341,6.93881,25.0935,430,47423,0.171602,0.13,1,160088,159658,430
5241261,4.58776,8.2187,430,47467,0.20232,0.19,1,160092,159662,430
5244181,8.91755,10.4437,429,47511,0.208464,0.15,1,160102,159673,429
5247101,11.3835,11.6887,429,47555,0.209693,0.17,1,160114,159685,429
5250021,33.4767,34.3377,428,47599,0.241939,0.13,1,160153,159725,428
5252941,8.29534,8.46755,428,47643,0.280388,0.09,1,160155,159727,428
5255861,16.0591,17.6935,426,47687,0.272078,0.09,1,160173,159747,426
5258781,12.8118,13.1387,426,47731,0.270416,0.15,1,160185,159759,426
5261701,128.162,125.828,429,47775,0.302083,0.15,1,160342,159913,429
5264621,27.2325,26.7655,429,47819,0.308417,0.21,1,160344,159915,429
5267541,69.4465,66.9531,432,47863,0.325683,0.22,1,160424,159992,432
5270461,36.2893,35.7906,432,47907,0.497137,0.21,1,160452,160020,432
5273381,8.85786,8.75812,432,47951,0.531427,0.21,1,160454,160022,432
5276301,11.3716,11.3516,432,47995,0.530285,0.21,1,160466,160034,432
5279221,21.4743,21.4703,432,48039,0.530057,0.17,1,160490,160058,432
5282141,26.6949,26.6941,432,48083,0.498011,0.17,1,160518,160086,432
5285061,6.93897,6.93881,432,48127,0.523602,0.21,1,160520,160088,432
5287981,4.58779,4.58776,432,48171,0.49672,0.21,1,160524,160092,432
5290901,8.91756,8.91755,432,48215,0.491344,0.21,1,160534,160102,432
5293821,12.1835,11.3835,433,48259,0.522269,0.25,1,160547,160114,433
5296741,35.2367,33.4767,435,48303,0.592454,0.29,1,160588,160153,435
5299661,8.64734,8.29534,435,48347,0.606491,0.27,1,160590,160155,435
5302581,16.1295,16.0591,435,48391,0.609298,0.27,1,160608,160173,435
5305501,12.8259,12.8118,435,48435,0.57786,0.31,1,160620,160185,435
5308421,129.765,128.162,437,48479,0.619572,0.31,1,160779,160342,437
5311341,27.553,27.2325,437,48522,0.595914,0.33,1,160781,160344,437
5314261,68.7106,69.4465,436,48565,0.623183,0.54,1,160860,160424,436
5317181,44.1421,36.2893,446,48608,0.692637,0.54,1,160898,160452,446
5320101,10.4284,8.85786,446,48651,0.706527,0.53,1,160900,160454,446
5323021,11.6857,11.3716,446,48694,0.741305,0.53,1,160912,160466,446
5325941,21.5371,21.4743,446,48737,0.748261,0.49,1,160936,160490,446
5328861,26.7074,26.6949,446,48780,0.749652,0.53,1,160964,160518,446
5331781,6.94149,6.93897,446,48823,0.74993,0.49,1,160966,160520,446
5334701,4.5883,4.58779,446,48866,0.717986,0.49,1,160970,160524,446
5337621,8.91766,0.917559,456,48909,0.711597,0.49,1,160980,160524,456
5340541,13.7835,8.18351,461,48952,0.726319,0.53,1,160995,160534,461
5343461,36.3567,12.0367,490,48995,0.697264,0.61,1,161037,160547,490
5346381,8.87134,35.2073,451,49038,0.691453,0.61,1,161039,160588,451
5349301,16.1743,8.64147,467,49081,0.70629,0.61,1,161057,160590,467
5352221,12.8349,16.1283,461,49124,0.709258,0.57,1,161069,160608,461
5355141,130.567,12.8257,609,49167,0.757852,0.63,2,161229,160620,609
5358061,27.7134,129.765,452,49210,0.76757,0.59,2,161231,160779,452
5360981,68.7427,27.553,529,49253,0.785514,0.63,2,161310,160781,529
5571221,51,41,431,24178,0.05,0.05,1,163670,163239,431
5574141,38.2,23.4,447,24266,0.05,0.03,1,163705,163258,447
5577061,38.84,43.08,438,24353,0.018,0.09,1,163744,163306,438
5579981,35.768,31.816,444,24440,0.0116,0,1,163779,163335,444
5582901,44.7536,51.1632,435,24527,0.01032,0,1,163826,163391,435
5585821,25.7507,27.8326,434,24613,0.010064,0.01,1,163847,163413,434
5588741,104.35,104.767,434,24699,0.0260128,0.01,1,163971,163537,434
5591661,78.47,86.5533,424,24785,0.0292026,0.05,1,164043,163619,424
5594581,56.494,58.1107,424,24871,0.0138405,0.05,1,164094,163670,424
5597501,39.2988,39.6221,424,24956,0.0107681,0.01,1,164129,163705,424
5600421,39.8598,39.1244,425,25041,0.0101536,0.01,1,164169,163744,425
5603341,34.372,35.8249,423,25126,0.0420307,0.01,1,164202,163779,423
5606261,43.6744,44.765,422,25210,0.0164061,0.01,1,164248,163826,422
5609181,25.5349,25.753,422,25294,0.0272812,0.03,1,164269,163847,422
5612101,105.907,104.351,424,25378,0.00545625,0.03,1,164395,163971,424
5615021,77.1814,78.4701,422,25461,0.0250912,0.03,1,164465,164043,422
5617941,55.4363,15.694,472,25544,0.0450182,0.01,1,164515,164043,472
5620861,39.0873,43.9388,456,25627,0.0330037,0.01,1,164550,164094,456
5623781,40.6174,36.7878,462,25710,0.0146007,0.01,1,164591,164129,462
5626701,33.7235,39.3576,454,25792,0.0269201,0.05,1,164623,164169,454
5629621,43.5447,34.2715,467,25874,0.013384,0.01,1,164669,164202,467
5632541,25.5089,43.6543,442,25956,0.0106768,0.03,1,164690,164248,442
5635461,105.902,25.5309,547,26038,0.00213536,0,1,164816,164269,547
5638381,77.9804,105.906,492,26119,0.00842707,0.03,1,164887,164395,492
5641301,55.5961,77.1812,472,26200,0.00968541,0.05,1,164937,164465,472
5644221,39.1192,55.4362,457,26281,0.0419371,0.03,1,164972,164515,457
5647141,40.6238,39.0872,463,26362,0.0643874,0.01,1,165013,164550,463
5650061,33.7248,40.6174,454,26442,0.0368775,0.03,1,165045,164591,454
5652981,43.545,33.7235,468,26522,0.0313755,0.01,1,165091,164623,468
5655901,24.709,43.5447,442,26602,0.0302751,0.01,1,165111,164669,442
5658821,107.342,25.5089,549,26682,0.014055,0,1,165239,164690,549
5661741,76.6684,105.902,492,26761,0.058811,0.01,1,165308,164816,492
5664661,56.9337,77.9804,473,26840,0.0357622,0.01,1,165360,164887,473
5667581,12.9867,55.5961,425,26919,0.0311524,0.05,1,165362,164937,425
5670501,28.1973,39.1192,422,26998,0.0942305,0.07,1,165394,164972,422
5673421,39.2395,40.6238,423,27076,0.106846,0.03,1,165436,165013,423
5676341,33.4479,33.7248,423,27154,0.125369,0.03,1,165468,165045,423
5679261,42.6896,43.545,422,27232,0.0490738,0.03,1,165513,165091,422
5682181,24.5379,24.709,422,27310,0.0178148,0.01,1,165533,165111,422
5685101,108.108,107.342,423,27388,0.027563,0.07,1,165662,165239,423
5688021,76.0215,76.6684,422,27465,0.0935126,0.03,1,165730,165308,422
5690941,58.4043,56.9337,424,27542,0.0587025,0.03,1,165784,165360,424
5693861,13.2809,12.9867,424,27619,0.0517405,0.11,1,165786,165362,424
5696781,29.0562,28.1973,425,27696,0.0343481,0.11,1,165819,165394,425
5699701,39.4112,39.2395,425,27772,0.0468696,0.13,1,165861,165436,425
5702621,33.4822,33.4479,425,27848,0.0813739,0.03,1,165893,165468,425
5705541,40.2965,42.6896,422,27924,0.0722748,0.01,1,165935,165513,422
5708461,24.0593,24.5379,422,28000,0.022455,0.03,1,165955,165533,422
5711381,108.012,108.108,422,28076,0.028491,0.11,1,166084,165662,422
5714301,78.4024,76.0215,425,28151,0.0296982,0.05,1,166155,165730,425
5717221,56.4805,58.4043,422,28226,0.10994,0.05,1,166206,165784,422
5720141,12.8961,13.2809,422,28301,0.125988,0.03,1,166208,165786,422
5723061,29.7792,29.0562,423,28376,0.0971976,0.03,1,166242,165819,423
5725981,39.5558,5.81123,465,28451,0.12344,0.05,1,166284,165819,465
5728901,33.5112,34.7622,455,28525,0.144688,0.09,1,166316,165861,455
5731821,38.7022,32.5524,463,28599,0.148938,0.07,1,166356,165893,463
5734741,23.7404,40.1105,441,28673,0.0857875,0.01,1,166376,165935,441
5737661,107.948,24.0221,550,28747,0.0251575,0.03,1,166505,165955,550
5740581,79.9896,108.004,494,28821,0.0130315,0.03,1,166578,166084,494
5743501,58.3979,78.4009,476,28894,0.0426063,0.13,1,166631,166155,476
5746421,13.2796,56.4802,427,28967,0.0485213,0.13,1,166633,166206,427
5749341,31.4559,12.896,461,29040,0.0497042,0.09,1,166669,166208,461
5752261,39.8912,29.7792,469,29113,0.0499408,0.13,1,166711,166242,469
5755181,34.3782,39.5558,460,29186,0.0339882,0.15,1,166744,166284,460
5758101,35.6756,33.5112,464,29259,0.0467976,0.15,1,166780,166316,464
5761021,22.3351,38.7022,443,29331,0.0653595,0.07,1,166799,166356,443
5763941,106.067,23.7404,550,29403,0.0210719,0.01,1,166926,166376,550
5766861,80.4134,107.948,495,29475,0.0442144,0.01,1,167000,166505,495
5769781,59.2827,79.9896,476,29547,0.0648429,0.05,1,167054,166578,476
5772701,13.4565,58.3979,425,29619,0.0689686,0.05,1,167056,166631,425
5775621,31.4913,13.2796,459,29690,0.0697937,0.05,1,167092,166633,459
5778541,39.8983,31.4559,465,29761,0.117959,0.05,1,167134,166669,465
5781461,33.5797,39.8912,455,29832,0.127592,0.03,1,167166,166711,455
5784381,8.31593,34.3782,424,29903,0.129518,0.05,1,167168,166744,424
5787301,30.4632,35.6756,424,29974,0.177904,0.07,1,167204,166780,424
5790221,22.0926,22.3351,425,30045,0.203581,0.01,1,167224,166799,425
5793141,104.419,106.067,423,30115,0.0487161,0.05,1,167349,166926,423
5796061,79.2837,80.4134,422,30185,0.0657432,0.07,1,167422,167000,422
5798981,61.4567,59.2827,425,30255,0.0531486,0.07,1,167479,167054,425
5801901,13.8913,13.4565,425,30325,0.0506297,0.07,1,167481,167056,425
5804821,32.3783,31.4913,426,30395,0.0661259,0.13,1,167518,167092,426
5807741,41.6757,39.8983,428,30465,0.133225,0.13,1,167562,167134,428
5810661,34.7351,33.5797,429,30534,0.162645,0.13,1,167595,167166,429
5813581,8.54703,8.31593,429,30603,0.168529,0.19,1,167597,167168,429
5816501,30.5094,30.4632,429,30672,0.153706,0.21,1,167633,167204,429
5819421,22.9019,22.0926,430,30741,0.166741,0.01,1,167654,167224,430
5822341,98.1804,104.419,422,30810,0.0733482,0.07,1,167771,167349,422
5825261,78.8361,79.2837,423,30879,0.0226696,0.05,1,167845,167422,423
5828181,62.1672,61.4567,424,30948,0.0605339,0.05,1,167903,167479,424
5831101,14.0334,13.8913,424,31016,0.0681068,0.07,1,167905,167481,424
5834021,34.0067,32.3783,426,31084,0.0696214,0.15,1,167944,167518,426
5836941,44.4013,41.6757,429,31152,0.0539243,0.17,1,167991,167562,429
5839861,34.4803,34.7351,428,31220,0.0987849,0.17,1,168023,167595,428
5842781,8.49605,8.54703,428,31288,0.107757,0.17,1,168025,167597,428
5845701,30.4992,1.70941,464,31356,0.109551,0.15,1,168061,167597,464
5848621,23.6998,29.1419,450,31423,0.10991,0.17,1,168083,167633,450
5851541,91.94,22.6284,538,31490,0.141982,0.05,1,168192,167654,538
5854461,77.588,98.1257,495,31557,0.132396,0.01,1,168266,167771,495
5857381,62.7176,78.8251,480,31624,0.130479,0.07,1,168325,167845,480
5860301,14.1435,62.165,424,31691,0.130096,0.07,1,168327,167903,424
5863221,35.6287,14.033,463,31758,0.114019,0.07,1,168368,167905,463
5866141,45.5257,34.0066,472,31825,0.126804,0.05,1,168416,167944,472
5869061,35.5051,44.4013,458,31891,0.0973608,0.11,1,168449,167991,458
5871981,8.70103,34.4803,428,31957,0.0914722,0.11,1,168451,168023,428
5874901,30.5402,8.49605,462,32023,0.0902944,0.11,1,168487,168025,462
5877821,23.708,30.4992,448,32089,0.0900589,0.11,1,168509,168061,448
5880741,93.5416,23.6998,537,32155,0.138012,0.15,1,168620,168083,537
5883661,77.1083,91.94,501,32221,0.163602,0.13,1,168693,168192,501
5886581,62.6217,77.588,486,32287,0.18472,0.13,1,168752,168266,486
5889501,14.1243,62.7176,429,32353,0.188944,0.13,1,168754,168325,429
5892421,35.6249,14.1435,468,32418,0.189789,0.11,1,168795,168327,468
5895341,43.925,35.6287,473,32483,0.205958,0.13,1,168841,168368,473
5898261,35.185,45.5257,458,32548,0.225192,0.09,1,168874,168416,458
5901181,8.637,35.5051,427,32613,0.229038,0.09,1,168876,168449,427
5904101,30.5274,8.70103,461,32678,0.261808,0.09,1,168912,168451,461
5907021,23.7055,30.5402,447,32743,0.268362,0.09,1,168934,168487,447
5909941,6.3411,23.708,427,32808,0.285672,0.15,1,168936,168509,427
5912861,91.6682,93.5416,429,32872,0.369134,0.17,1,169049,168620,429
5915781,77.5336,77.1083,430,32936,0.417827,0.19,1,169123,168693,430
5918701,63.5067,62.6217,431,33000,0.411565,0.19,1,169183,168752,431
5921621,14.3013,14.1243,431,33064,0.410313,0.19,1,169185,168754,431
5924541,35.6603,35.6249,431,33128,0.458063,0.21,1,169226,168795,431
5927461,44.7321,43.925,432,33192,0.483613,0.23,1,169273,168841,432
5930381,36.1464,35.185,433,33256,0.504722,0.23,1,169307,168874,433
5933301,8.82928,8.637,433,33320,0.508944,0.27,1,169309,168876,433
5936221,32.1659,30.5274,435,33383,0.509789,0.27,1,169347,168912,435
5939141,24.8332,23.7055,436,33446,0.541958,0.29,1,169370,168934,436
5942061,6.56663,6.3411,436,33509,0.548392,0.39,1,169372,168936,436
5944981,94.9133,91.6682,440,33572,0.565678,0.43,1,169489,169049,440
5947901,78.9827,77.5336,441,33635,0.553136,0.41,1,169564,169123,441
5950821,64.5965,63.5067,442,33698,0.566627,0.41,1,169625,169183,442
5953741,14.5193,14.3013,442,33761,0.569325,0.47,1,169627,169185,442
5956661,36.5039,35.6603,443,33824,0.569865,0.49,1,169669,169226,443
5959581,45.7008,44.7321,444,33887,0.553973,0.51,1,169717,169273,444
5962501,37.1402,36.1464,445,33949,0.582795,0.51,1,169752,169307,445
5965421,9.02803,8.82928,445,34011,0.588559,0.51,1,169754,169309,445
5968341,34.6056,32.1659,448,34073,0.621712,0.55,1,169795,169347,448
5971261,26.1211,24.8332,449,34135,0.596342,0.55,1,169819,169370,449
5974181,6.82422,6.56663,449,34197,0.623268,0.57,1,169821,169372,449
5977101,94.1648,94.9133,448,34259,0.644654,0.57,1,169937,169489,448
5980021,78.833,18.9827,523,34321,0.672931,0.55,1,170012,169489,523
5982941,63.7666,63.7965,508,34383,0.670586,0.57,1,170072,169564,508
5985861,14.3533,61.5593,449,34444,0.670117,0.57,1,170074,169625,449
5988781,36.4707,13.9119,489,34505,0.670024,0.57,1,170116,169627,489
5991701,47.2941,36.3824,497,34566,0.654005,0.55,1,170166,169669,497
5994621,38.2588,45.6765,485,34627,0.650801,0.59,1,170202,169717,485
5997541,9.25176,37.1353,452,34688,0.65016,0.59,1,170204,169752,452
6000461,34.6504,9.02706,491,34749,0.666032,0.63,1,170245,169754,491
6003381,26.1301,34.6054,474,34810,0.669206,0.59,1,170269,169795,474
6006301,6.82601,26.1211,452,34871,0.669841,0.63,1,170271,169819,452
6009221,96.5652,6.82422,569,34932,0.637968,0.65,1,170390,169821,569
6012141,80.113,94.1648,529,34993,0.831594,0.68,2,170466,169937,529
6015061,64.0226,78.833,514,35053,0.878319,0.67,2,170526,170012,514
6017981,14.4045,63.7666,456,35113,0.887664,0.67,2,170528,170072,456
6020901,36.4809,14.3533,496,35173,0.889533,0.67,2,170570,170074,496
6023821,46.4962,36.4707,503,35233,0.921907,0.65,2,170619,170116,503
6026741,38.0992,47.2941,489,35293,0.928381,0.65,2,170655,170166,489
6029661,9.21985,38.2588,455,35353,0.929676,0.65,2,170657,170202,455
6140621,26,23,512,37558,0.61,1,1,172163,171651,512
6143541,24.4,27.8,507,37614,0.546,1,1,172187,171680,507
6146461,66.48,22.36,563,37670,0.3252,1,1,172264,171701,563
6149381,96.496,88.472,562,37726,0.08904,1,1,172368,171806,562
6152301,39.2992,77.6944,512,37782,0.025808,1,1,172393,171881,512
6155221,27.0598,40.3389,505,37838,0.0131616,1,1,172417,171912,505
6158141,20.612,32.0678,494,37894,0.0266323,1,1,172436,171942,494
6161061,40.1224,21.6136,520,37950,0.0293265,0.97,1,172481,171961,520
6163981,26.4245,32.3227,508,38006,0.0458653,1,1,172504,171996,508
6166901,30.0849,35.2645,503,38062,0.00917306,0.93,1,172535,172032,503
6169821,34.017,36.6529,501,38118,0.0898346,0.74,1,172570,172069,501
6172741,21.2034,44.1306,473,38173,0.0739669,0.71,1,172588,172115,473
6175661,23.4407,26.4261,475,38228,0.102793,0.61,1,172612,172137,475
6178581,20.6881,26.0852,469,38283,0.140559,0.53,1,172632,172163,469
6181501,56.1376,24.417,510,38338,0.116112,0.27,1,172697,172187,510
6184421,84.8275,66.4834,525,38393,0.0632223,0.03,1,172789,172264,525
6187341,37.7655,96.4967,447,38448,0.0206445,0.01,1,172815,172368,447
6190261,25.9531,39.2993,445,38503,0.0281289,0.01,1,172838,172393,445
6193181,20.3906,27.0599,440,38558,0.0616258,0.03,1,172857,172417,440
6196101,40.0781,20.612,466,38613,0.0523252,0.03,1,172902,172436,466
6199021,9.61562,40.1224,423,38668,0.034465,0.05,1,172904,172481,423
6201941,21.9231,26.4245,425,38723,0.046893,0,1,172929,172504,425
6204861,27.5846,30.0849,423,38778,0.0333786,0.11,1,172958,172535,423
6207781,36.7169,34.017,427,38832,0.0306757,0.07,1,172997,172570,427
6210701,21.7434,21.2034,427,38886,0.0621351,0.11,1,173015,172588,427
6213621,23.5487,23.4407,427,38940,0.036427,0.15,1,173039,172612,427
6216541,20.7097,20.6881,427,38994,0.0792854,0.11,1,173059,172632,427
6219461,57.7419,56.1376,429,39048,0.103857,0.05,1,173126,172697,429
6222381,80.3484,84.8275,423,39102,0.0607714,0.01,1,173212,172789,423
6225301,38.4697,37.7655,425,39156,0.0521543,0.03,1,173240,172815,425
6228221,26.8939,25.9531,426,39210,0.0104309,0.07,1,173264,172838,426
6231141,18.1788,20.3906,423,39264,0.0100862,0.05,1,173280,172857,423
6234061,39.6358,40.0781,423,39318,0.0260172,0.03,1,173325,172902,423
6236981,9.52715,9.61562,423,39372,0.0612034,0.05,1,173327,172904,423
6239901,21.1054,21.9231,422,39426,0.0522407,0.03,1,173351,172929,422
6242821,27.4211,27.5846,422,39480,0.0664481,0.03,1,173380,172958,422
6245741,37.4842,36.7169,423,39533,0.0692896,0.07,1,173420,172997,423
6248661,21.8968,21.7434,423,39586,0.0858579,0.03,1,173438,173015,423
6251581,24.3794,23.5487,424,39639,0.105172,0.09,1,173463,173039,424
6254501,20.8759,20.7097,424,39692,0.0770343,0.11,1,173483,173059,424
6257421,59.3752,57.7419,426,39745,0.103407,0.05,1,173552,173126,426
6260341,78.275,80.3484,423,39798,0.108681,0.05,1,173635,173212,423
6263261,37.255,38.4697,422,39851,0.125736,0,1,173662,173240,422
6266181,26.651,26.8939,422,39904,0.113147,0.01,1,173686,173264,422
6269101,18.1302,18.1788,422,39957,0.0786294,0.03,1,173702,173280,422
6272021,40.426,39.6358,423,40010,0.0397259,0.07,1,173748,173325,423
6274941,9.68521,9.52715,423,40063,0.0639452,0.07,1,173750,173327,423
6277861,21.137,1.90543,447,40116,0.036789,0.05,1,173774,173327,447
6280781,28.2274,19.5811,453,40169,0.0313578,0.07,1,173804,173351,453
6283701,38.4455,27.1162,465,40222,0.0782716,0.07,1,173845,173380,465
6286621,22.0891,37.4232,443,40274,0.0876543,0.09,1,173863,173420,443
6289541,23.6178,21.8846,449,40326,0.0895309,0.11,1,173887,173438,449
6292461,20.7236,24.3769,444,40378,0.0899062,0.07,1,173907,173463,444
6295381,59.3447,20.8754,493,40430,0.0899812,0.11,1,173976,173483,493
6298301,78.2689,59.3751,507,40482,0.105996,0.11,1,174059,173552,507
6301221,38.0538,78.275,452,40534,0.109199,0.13,1,174087,173635,452
6304141,26.0108,37.255,448,40586,0.10984,0.11,1,174110,173662,448
6307061,18.0022,26.651,440,40638,0.109968,0.07,1,174126,173686,440
6309981,38.8004,18.1302,468,40690,0.109994,0.03,1,174170,173702,468
6312901,9.36009,40.426,424,40742,0.109999,0.07,1,174172,173748,424
6315821,21.072,9.68521,446,40794,0.11,0.03,1,174196,173750,446
6318741,28.2144,21.137,452,40846,0.11,0.03,1,174226,173774,452
6321661,40.8429,28.2274,466,40898,0.094,0.09,1,174270,173804,466
6324581,22.5686,38.4455,443,40950,0.0908,0.09,1,174288,173845,443
6327501,23.7137,22.0891,449,41002,0.10616,0.09,1,174312,173863,449
6330421,20.7427,23.6178,445,41053,0.109232,0.09,1,174332,173887,445
6333341,59.3485,20.7236,494,41104,0.125846,0.09,1,174401,173907,494
6336261,79.0697,59.3447,509,41155,0.145169,0.11,1,174485,173976,509
6339181,38.2139,78.2689,454,41206,0.149034,0.11,1,174513,174059,454
6342101,26.0428,38.0538,449,41257,0.149807,0.11,1,174536,174087,449
6345021,18.0086,26.0108,442,41308,0.149961,0.11,1,174552,174110,442
6347941,38.8017,18.0022,470,41359,0.181992,0.11,1,174596,174126,470
6350861,9.36034,38.8004,428,41410,0.188398,0.11,1,174598,174170,428
6353781,21.0721,9.36009,450,41461,0.18968,0.11,1,174622,174172,450
6356701,28.2144,21.072,456,41512,0.189936,0.11,1,174652,174196,456
6359621,7.24288,28.2144,428,41563,0.189987,0.09,1,174654,174226,428
6362541,35.0486,40.8429,426,41614,0.253997,0.09,1,174696,174270,426
6365461,22.2097,22.5686,427,41665,0.250799,0.11,1,174715,174288,427
6368381,23.6419,23.7137,427,41716,0.26616,0.11,1,174739,174312,427
6371301,20.7284,20.7427,427,41767,0.317232,0.13,1,174759,174332,427
6374221,60.1457,59.3485,428,41818,0.359446,0.15,1,174829,174401,428
6377141,80.0291,79.0697,429,41868,0.383889,0.15,1,174914,174485,429
6380061,38.4058,38.2139,429,41918,0.404778,0.15,1,174942,174513,429
6382981,26.0812,26.0428,429,41968,0.424956,0.15,1,174965,174536,429
6385901,18.0162,18.0086,429,42018,0.428991,0.19,1,174981,174552,429
6388821,40.4032,38.8017,431,42068,0.445798,0.19,1,175027,174596,431
6391741,9.68065,9.36034,431,42118,0.48116,0.19,1,175029,174598,431
6394661,21.1361,21.0721,431,42168,0.456232,0.19,1,175053,174622,431
6397581,28.2272,28.2144,431,42218,0.451246,0.19,1,175083,174652,431
6400501,7.24544,7.24288,431,42268,0.450249,0.27,1,175085,174654,431
6403421,36.6491,35.0486,433,42318,0.45005,0.25,1,175129,174696,433
6406341,24.1298,22.2097,435,42368,0.48201,0.27,1,175150,174715,435
6409261,24.026,23.6419,435,42418,0.488402,0.33,1,175174,174739,435
6412181,21.6052,20.7284,436,42468,0.52168,0.37,1,175195,174759,436
6415101,61.921,60.1457,438,42518,0.528336,0.39,1,175267,174829,438
6418021,83.5842,80.0291,442,42568,0.529667,0.41,1,175356,174914,442
6420941,39.1168,38.4058,442,42618,0.561933,0.43,1,175384,174942,442
6423861,27.0234,26.0812,443,42668,0.568387,0.43,1,175408,174965,443
6426781,18.2047,18.0162,443,42717,0.537677,0.45,1,175424,174981,443
6429701,41.2409,40.4032,444,42766,0.563536,0.49,1,175471,175027,444
6432621,9.84819,9.68065,444,42815,0.600707,0.45,1,175473,175029,444
6435541,21.1696,21.1361,444,42864,0.608141,0.45,1,175497,175053,444
6438461,28.2339,28.2272,444,42913,0.609628,0.45,1,175527,175083,444
6441381,7.24679,7.24544,444,42962,0.609926,0.45,1,175529,175085,444
6444301,36.6494,36.6491,444,43011,0.609985,0.45,1,175573,175129,444
6447221,24.9299,7.32982,466,43060,0.625997,0.49,1,175595,175129,466
6450141,24.986,18.266,470,43109,0.645199,0.49,1,175620,175150,470
6453061,22.5972,22.8532,468,43158,0.63304,0.53,1,175642,175174,468
6455981,62.1194,21.3706,519,43207,0.678608,0.53,1,175714,175195,519
6458901,83.6239,61.8741,536,43256,0.687722,0.53,1,175803,175267,536
6461821,39.1248,83.5748,475,43305,0.705544,0.57,1,175831,175356,475
6464741,27.025,39.115,471,43354,0.725109,0.57,1,175855,175384,471
6467661,18.205,27.023,463,43403,0.729022,0.53,1,175871,175408,463
6470581,43.641,18.2046,497,43452,0.713804,0.57,1,175921,175424,497
6473501,10.3282,41.2409,452,43501,0.742761,0.61,1,175923,175471,452
6476421,22.0656,9.84818,475,43550,0.732552,0.61,1,175948,175473,475
6479341,28.4131,21.1696,481,43598,0.73051,0.61,1,175978,175497,481
6482261,7.28263,28.2339,453,43646,0.730102,0.61,1,175980,175527,453
6485181,37.4565,7.24679,496,43694,0.74602,0.61,1,176025,175529,496
6488101,25.0913,36.6494,474,43742,0.717204,0.63,1,176047,175573,474
6491021,25.0183,24.9299,477,43790,0.727441,0.65,1,176072,175595,477
6493941,23.4037,24.986,475,43838,0.729488,0.63,1,176095,175620,475
6496861,63.8807,22.5972,527,43886,0.713898,0.69,1,176169,175642,527
6499781,84.7761,62.1194,545,43934,0.75878,0.69,2,176259,175714,545
6502701,39.3552,83.6239,484,43982,0.735756,0.71,1,176287,175803,484
6505621,27.871,39.1248,481,44030,0.747151,0.73,1,176312,175831,481
6508541,18.3742,27.025,473,44078,0.74943,0.73,1,176328,175855,473
6511461,42.8748,18.205,506,44126,0.733886,0.71,1,176377,175871,506
6514381,10.175,43.641,458,44174,0.730777,0.75,1,176379,175921,458
6517301,22.835,10.3282,482,44222,0.730155,0.73,1,176405,175923,482
6520221,28.567,22.0656,487,44270,0.778031,0.73,2,176435,175948,487
6523141,7.3134,28.4131,459,44318,0.787606,0.73,2,176437,175978,459
6526061,36.6627,7.28263,501,44366,0.789521,0.75,2,176481,175980,501
6528981,24.9325,37.4565,478,44414,0.789904,0.71,2,176503,176025,478
6531901,24.1865,25.0913,480,44461,0.805981,0.73,2,176527,176047,480
6534821,6.4373,25.0183,457,44508,0.809196,0.73,2,176529,176072,457
6537741,20.4875,23.4037,458,44555,0.809839,0.71,2,176553,176095,458
6540661,62.4975,63.8807,457,44602,0.889968,0.77,2,176626,176169,457
6926101,27,21,498,50457,0.79,1,2,180666,180168,498
6929021,25.4,21.8,501,50499,0.742,1,1,180691,180190,501
6931941,18.68,23.56,494,50541,0.6364,1,1,180708,180214,494
6934861,14.936,23.912,484,50583,0.61528,1,1,180722,180238,484
6937781,23.7872,22.3824,488,50625,0.531056,1,1,180748,180260,488
6940701,25.5574,22.8765,491,50667,0.482211,1,1,180774,180283,491
6943621,25.9115,26.9753,489,50709,0.424442,1,1,180800,180311,489
6946541,19.5823,25.3951,482,50751,0.380888,1,1,180818,180336,482
6949461,22.3165,23.479,482,50793,0.388178,1,1,180841,180359,482
6952381,34.8633,39.8958,476,50834,0.405636,0.98,1,180879,180403,476
6955301,26.1727,27.1792,476,50875,0.409127,1,1,180903,180427,476
6958221,67.6345,70.2358,473,50916,0.473825,0.99,1,180981,180508,473
6961141,36.7269,32.4472,479,50957,0.470765,0.89,1,181010,180531,479
6964061,27.3454,28.8894,476,50998,0.486153,1,1,181035,180559,476
6966981,21.4691,24.9779,472,51039,0.489231,0.97,1,181055,180583,472
6969901,17.8938,20.1956,470,51080,0.441846,0.79,1,181072,180602,470
6972821,28.3788,33.6391,464,51121,0.464369,0.79,1,181103,180639,464
6975741,23.2758,28.3278,459,51162,0.500874,0.73,1,181125,180666,459
6978661,19.0552,25.6656,452,51203,0.524175,0.61,1,181143,180691,452
6981581,17.411,18.7331,452,51244,0.544835,0.61,1,181160,180708,452
6984501,12.2822,14.9466,449,51285,0.532967,0.51,1,181171,180722,449
6987421,19.2564,23.7893,444,51326,0.514593,0.47,1,181192,180748,444
6990341,23.0513,25.5579,442,51367,0.542919,0.41,1,181216,180774,442
6993261,23.0103,25.9116,439,51408,0.532584,0.37,1,181239,180800,439
6996181,19.0021,19.5823,439,51449,0.562517,0.39,1,181257,180818,439
6999101,23.0004,22.3165,440,51490,0.552503,0.41,1,181281,180841,440
7002021,35.0001,34.8633,440,51531,0.534501,0.41,1,181319,180879,440
7004941,27.8,26.1727,442,51572,0.5309,0.49,1,181345,180903,442
7007861,68.76,67.6345,443,51613,0.67418,0.47,1,181424,180981,443
7010781,35.352,36.7269,441,51654,0.750836,0.49,2,181451,181010,441
7013701,31.0704,27.3454,446,51695,0.798167,0.49,2,181481,181035,446
7016621,19.0141,21.4691,442,51736,0.839633,0.43,2,181497,181055,442
7019541,18.2028,17.8938,443,51777,0.815927,0.43,2,181515,181072,443
7022461,29.2406,3.57876,475,51818,0.811185,0.47,2,181547,181072,475
7025381,25.0481,25.5158,468,51859,0.810237,0.51,2,181571,181103,468
7028301,18.6096,22.7032,463,51900,0.810047,0.53,2,181588,181125,463
7031221,18.1219,18.9406,463,51941,0.81001,0.55,2,181606,181143,463
7034141,11.6244,17.3881,456,51982,0.826002,0.53,2,181616,181160,456
7037061,21.5249,12.2776,469,52023,0.8452,0.51,2,181640,181171,469
7039981,23.505,19.2555,472,52063,0.86504,0.55,2,181664,181192,472
7042901,22.301,23.0511,470,52103,0.869008,0.53,2,181686,181216,470
7045821,21.2602,23.0102,468,52143,0.885802,0.57,2,181707,181239,468
7048741,20.252,19.002,470,52183,0.88916,0.55,2,181727,181257,470
7051661,35.2504,23.0004,485,52223,0.905832,0.53,2,181766,181281,485
7054581,29.4501,35.0001,475,52263,0.925166,0.53,2,181794,181319,475
7251681,71,28,488,25633,0,0.03,1,183809,183321,488
7254601,61.4,73.6,462,25716,0.072,0.03,1,183868,183406,462
7257521,51.48,63.52,450,25798,0.0544,0.05,1,183917,183467,450
7260441,59.096,60.704,451,25880,0.03488,0,1,183978,183527,451
7263361,51.8192,69.7408,429,25962,0.062976,0.01,1,184028,183599,429
7266281,15.9638,25.1482,422,26044,0.0365952,0.07,1,184035,183613,422
7269201,37.5928,20.2296,446,26125,0.031319,0.05,1,184078,183632,446
7272121,42.7186,42.4459,442,26206,0.0622638,0.01,1,184122,183680,442
7275041,94.9437,54.8892,492,26287,0.0364528,0,1,184230,183738,492
7277961,66.9887,67.7778,481,26368,0.0312906,0.09,1,184290,183809,481
7280881,52.5977,60.7556,471,26448,0.0142581,0.05,1,184339,183868,471
7283801,58.5195,51.3511,482,26528,0.0108516,0.03,1,184399,183917,482
7286721,51.7039,59.0702,471,26608,0.00217032,0.07,1,184449,183978,471
7289641,15.9408,51.814,428,26688,0.00843406,0.03,1,184456,184028,428
7292561,37.5882,15.9628,464,26767,0.0256868,0.03,1,184499,184035,464
7295481,44.3176,37.5926,467,26846,0.0611374,0.07,1,184545,184078,467
7298401,10.4635,42.7185,425,26925,0.0362275,0.03,1,184547,184122,425
7301321,86.8927,94.9437,423,27004,0.0792455,0.03,1,184653,184230,423
7304241,66.9785,66.9887,425,27082,0.0238491,0.01,1,184715,184290,425
7307161,51.7957,52.5977,424,27160,0.0127698,0.01,1,184763,184339,424
7310081,56.7591,58.5195,422,27238,0.010554,0,1,184821,184399,422
7313001,52.1518,51.7039,423,27316,0.0261108,0.01,1,184872,184449,423
7315921,15.2304,15.9408,422,27394,0.00522216,0.03,1,184878,184456,422
7318841,38.2461,37.5882,423,27471,0.00104443,0.07,1,184922,184499,423
7321761,44.4492,44.3176,423,27548,0.0242089,0.03,1,184968,184545,423
7324681,10.4898,10.4635,423,27625,0.0288418,0.09,1,184970,184547,423
7327601,86.098,86.8927,422,27702,0.0457684,0.01,1,185075,184653,422
7330521,66.8196,66.9785,422,27778,0.0171537,0.01,1,185137,184715,422
7333441,51.7639,51.7957,422,27854,0.00343073,0.01,1,185185,184763,422
7336361,56.7528,56.7591,422,27930,0.0246861,0.03,1,185243,184821,422
7339281,52.1506,52.1518,422,28006,0.0129372,0,1,185294,184872,422
7342201,15.2301,15.2304,422,28082,0.0265874,0,1,185300,184878,422
7345121,38.246,38.2461,422,28157,0.00531749,0.03,1,185344,184922,422
7348041,45.2492,44.4492,423,28232,0.0090635,0.03,1,185391,184968,423
7350961,10.6498,10.4898,423,28307,0.0418127,0.05,1,185393,184970,423
7353881,85.33,86.098,422,28382,0.0643625,0.05,1,185497,185075,422
7356801,65.866,17.2196,483,28457,0.0688725,0.01,1,185558,185075,483
7359721,51.5732,53.0439,469,28531,0.0137745,0,1,185606,185137,469
7362641,56.7146,49.0088,479,28605,0.0427549,0.03,1,185664,185185,479
7365561,52.1429,56.2018,472,28679,0.016551,0.01,1,185715,185243,472
7368481,15.2286,52.0404,427,28753,0.0273102,0.03,1,185721,185294,427
7371401,38.2457,15.2081,465,28827,0.013462,0,1,185765,185300,465
7374321,45.2491,38.2416,468,28900,0.0266924,0.01,1,185812,185344,468
7377241,10.6498,45.2483,423,28973,0.0293385,0.05,1,185814,185391,423
7380161,85.33,10.6497,525,29046,0.0298677,0.07,1,185918,185393,525
7383081,67.466,85.3299,484,29119,0.0619735,0.07,1,185981,185497,484
7386001,51.0932,65.866,470,29192,0.0203947,0,1,186028,185558,470
7388921,55.8186,51.5732,479,29265,0.0280789,0.05,1,186085,185606,479
7391841,52.7637,56.7146,473,29337,0.0136158,0.01,1,186137,185664,473
7394761,14.5527,52.1429,427,29409,0.0107232,0.03,1,186142,185715,427
7397681,38.1105,15.2286,465,29481,0.0101446,0.01,1,186186,185721,465
7400601,46.0221,38.2457,469,29553,0.0580289,0.03,1,186234,185765,469
7403521,10.8044,45.2491,424,29625,0.0676058,0.03,1,186236,185812,424
7406441,85.3609,10.6498,526,29696,0.0695212,0.03,1,186340,185814,526
7409361,67.4722,85.33,485,29767,0.0539042,0.07,1,186403,185918,485
7412281,51.0944,67.466,469,29838,0.0507808,0.01,1,186450,185981,469
7415201,11.8189,51.0932,424,29909,0.0181562,0.03,1,186452,186028,424
7418121,47.9638,55.8186,424,29980,0.0596312,0.01,1,186509,186085,424
7421041,49.5928,52.7637,422,30051,0.0199262,0.01,1,186559,186137,422
7423961,13.9186,14.5527,422,30121,0.00398525,0.01,1,186564,186142,422
7426881,37.9837,38.1105,422,30191,0.00079705,0.07,1,186608,186186,422
7429801,49.1967,46.0221,426,30261,0.0241594,0.07,1,186660,186234,426
7432721,11.4393,10.8044,426,30331,0.0288319,0.07,1,186662,186236,426
7435641,84.6879,85.3609,425,30401,0.0617664,0.05,1,186765,186340,425
7438561,66.5376,67.4722,424,30471,0.0363533,0.05,1,186827,186403,424
7441481,49.3075,51.0944,422,30540,0.00727065,0.01,1,186872,186450,422
7444401,11.4615,11.8189,422,30609,0.00945413,0.07,1,186874,186452,422
7447321,48.6923,47.9638,423,30678,0.0898908,0.01,1,186932,186509,423
7450241,48.9385,49.5928,422,30747,0.0739782,0,1,186981,186559,422
7453161,13.7877,13.9186,422,30816,0.0547956,0,1,186986,186564,422
7456081,37.9575,37.9837,422,30885,0.0109591,0.03,1,187030,186608,422
7459001,49.1915,49.1967,422,30954,0.0261918,0.03,1,187082,186660,422
7461921,11.4383,11.4393,422,31022,0.0292384,0.07,1,187084,186662,422
7464841,85.4877,84.6879,423,31090,0.0938477,0.03,1,187188,186765,423
7467761,66.6975,66.5376,423,31158,0.0427695,0,1,187250,186827,423
7470681,48.5395,49.3075,422,31226,0.00855391,0.01,1,187294,186872,422
7473601,11.3079,11.4615,422,31294,0.00971078,0.01,1,187296,186874,422
7476521,50.2616,2.2923,482,31362,0.0739422,0.11,1,187356,186874,482
7479441,46.8523,46.8585,470,31429,0.150788,0.07,1,187402,186932,470
7482361,13.3705,48.5717,426,31496,0.150158,0.05,1,187407,186981,426
7485281,37.8741,13.7143,465,31563,0.0700315,0,1,187451,186986,465
7488201,49.1748,37.9429,473,31630,0.0220063,0.03,1,187503,187030,473
7491121,11.435,49.1886,423,31697,0.0444013,0.03,1,187505,187082,423
7494041,87.887,11.4377,528,31764,0.0968803,0.11,1,187612,187084,528
7496961,65.5774,85.4875,484,31831,0.107376,0.03,1,187672,187188,484
7499881,47.5155,66.6975,465,31897,0.0614752,0,1,187715,187250,465
7502801,11.1031,48.5395,423,31963,0.052295,0.01,1,187717,187294,423
7505721,54.2206,11.3079,486,32029,0.082459,0.09,1,187782,187296,486
7508641,48.4441,50.2616,473,32095,0.120492,0.17,1,187829,187356,473
7511561,12.8888,46.8523,431,32161,0.128098,0.15,1,187833,187402,431
7514481,33.7778,13.3705,465,32227,0.16162,0.05,1,187872,187407,465
7517401,49.9556,37.8741,475,32293,0.120324,0.01,1,187926,187451,475
7520321,11.5911,49.1748,425,32359,0.112065,0.05,1,187928,187503,425
7523241,90.3182,11.435,533,32424,0.174413,0.11,1,188038,187505,533
7526161,66.0636,87.887,486,32489,0.202883,0.11,1,188098,187612,486
7529081,45.2127,65.5774,466,32554,0.224577,0.05,1,188138,187672,466
7532001,10.6425,47.5155,425,32619,0.228915,0.05,1,188140,187715,425
7534921,57.3285,11.1031,492,32684,0.197783,0.09,1,188209,187717,492
7537841,49.0657,54.2206,474,32749,0.207557,0.13,1,188256,187782,474
7540761,11.4131,48.4441,429,32814,0.209511,0.13,1,188258,187829,429
7543681,5.48263,12.8888,429,32878,0.209902,0.17,1,188262,187833,429
7546601,33.8965,33.7778,431,32942,0.24198,0.11,1,188303,187872,431
7549521,46.7793,49.9556,427,33006,0.232396,0.11,1,188353,187926,427
7552441,10.9559,11.5911,427,33070,0.262479,0.19,1,188355,187928,427
7555361,93.3912,90.3182,431,33134,0.268496,0.21,1,188469,188038,431
7558281,68.2782,66.0636,433,33198,0.237699,0.23,1,188531,188098,433
7561201,44.0556,45.2127,431,33262,0.26354,0.23,1,188569,188138,431
7564121,10.4111,10.6425,431,33326,0.236708,0.19,1,188571,188140,431
7567041,57.2822,57.3285,431,33389,0.263342,0.21,1,188640,188209,431
7569961,49.8564,49.0657,432,33452,0.252668,0.21,1,188688,188256,432
7572881,11.5713,11.4131,432,33515,0.250534,0.21,1,188690,188258,432
7575801,5.51426,5.48263,432,33578,0.250107,0.25,1,188694,188262,432
7578721,33.9029,33.8965,432,33641,0.266021,0.23,1,188735,188303,432
7581641,47.5806,46.7793,433,33704,0.285204,0.27,1,188786,188353,433
7584561,11.1161,10.9559,433,33767,0.289041,0.27,1,188788,188355,433
7587481,93.4232,93.3912,433,33830,0.289808,0.23,1,188902,188469,433
7590401,68.2846,68.2782,433,33893,0.273962,0.27,1,188964,188531,433
7593321,44.0569,44.0556,433,33955,0.334792,0.23,1,189002,188569,433
7596241,10.4114,10.4111,433,34017,0.314958,0.27,1,189004,188571,433
7599161,57.2823,57.2822,433,34079,0.358992,0.25,1,189073,188640,433
7602081,49.0565,49.8564,432,34141,0.415798,0.25,1,189120,188688,432
7605001,11.4113,11.5713,432,34203,0.39516,0.25,1,189122,188690,432
7607921,5.48226,5.51426,432,34265,0.423032,0.25,1,189126,188694,432
7610841,35.4965,1.10285,475,34327,0.444606,0.27,1,189169,188694,475
7613761,47.0993,33.0206,484,34389,0.448921,0.29,1,189219,188735,484
7616681,11.0199,47.4041,435,34450,0.465784,0.29,1,189221,188786,435
7619601,93.404,11.0808,547,34511,0.517157,0.29,1,189335,188788,547
7622521,69.0808,93.4162,496,34572,0.543431,0.27,1,189398,188902,496
7625441,45.8162,68.2832,474,34633,0.564686,0.35,1,189438,188964,474
7628361,10.7632,44.0566,438,34694,0.568937,0.31,1,189440,189002,438
7631281,58.1526,10.4113,506,34755,0.569788,0.37,1,189510,189004,506
7634201,51.6305,57.2823,487,34816,0.601957,0.43,1,189560,189073,487
7637121,11.9261,49.0565,442,34877,0.608392,0.39,1,189562,189120,442
7640041,5.58522,11.4113,444,34938,0.641678,0.43,1,189566,189122,444
7642961,37.917,5.48226,486,34999,0.648336,0.45,1,189612,189126,486
7645881,48.3834,35.4965,494,35059,0.697667,0.45,1,189663,189169,494
7648801,11.2767,47.0993,446,35119,0.707533,0.47,1,189665,189219,446
7651721,95.8553,11.0199,561,35179,0.741507,0.53,1,189782,189221,561
7654641,71.1711,93.404,512,35239,0.796301,0.55,2,189847,189335,512
7657561,46.2342,69.0808,489,35299,0.82326,0.57,2,189887,189398,489
7660481,10.8468,45.8162,451,35359,0.828652,0.57,2,189889,189438,451
7663401,58.1694,10.7632,519,35419,0.84573,0.57,2,189959,189440,519
7666321,54.8339,58.1526,503,35479,0.857146,0.61,2,190013,189510,503
7669241,12.5668,51.6305,455,35539,0.859429,0.61,2,190015,189560,455
7672161,5.71335,11.9261,457,35598,0.827886,0.65,2,190019,189562,457
7675081,38.7427,5.58522,500,35657,0.877577,0.65,2,190066,189566,500
7678001,9.34853,37.917,456,35716,0.855515,0.71,2,190068,189612,456
7680921,43.4697,48.3834,457,35775,0.851103,0.71,2,190120,189663,457
7683841,10.2939,11.2767,457,35834,0.882221,0.75,2,190122,189665,457
7686761,98.0588,95.8553,460,35893,0.888444,0.81,2,190242,189782,460
7689681,73.2118,71.1711,462,35952,0.873689,0.83,2,190309,189847,462
7692601,47.4424,46.2342,463,36011,0.870738,0.83,2,190350,189887,463
7695521,11.0885,10.8468,463,36070,0.870148,0.85,2,190352,189889,463
7698441,59.0177,58.1694,464,36129,0.90203,0.86,2,190423,189959,464
7824001,25,35,516,38562,0.73,1,1,192042,191526,516
7826921,64.2,26.2,566,38617,0.602,1,1,192116,191550,566
7829841,33.64,76.44,503,38672,0.5284,1,1,192142,191639,503
7832761,61.928,84.888,485,38727,0.27368,1,1,192211,191726,485
7835681,34.7856,37.7776,487,38782,0.110736,1,1,192239,191752,487
7838601,24.5571,25.1555,487,38836,0.0301472,1,1,192261,191774,487
7841521,55.3114,56.2311,486,38890,0.0300294,1,1,192324,191838,486
7844441,39.0623,44.8462,479,38944,0.0140059,1,1,192359,191880,479
7847361,23.8125,28.1692,475,38998,0.0108012,0.91,1,192379,191904,475
7850281,28.7625,31.2338,473,39052,0.0421602,0.99,1,192409,191936,473
7853201,24.9525,27.0468,471,39106,0.016432,0.95,1,192433,191962,471
7856121,24.9905,27.0094,469,39160,0.0112864,0.83,1,192458,191989,469
7859041,21.7981,27.8019,462,39214,0.0262573,0.73,1,192479,192017,462
7861961,20.3596,25.5604,457,39268,0.0292515,0.57,1,192499,192042,457
7864881,56.0719,64.3121,448,39322,0.0138503,0.51,1,192564,192116,448
7867801,31.2144,33.6624,447,39376,0.0267701,0.21,1,192589,192142,447
7870721,47.0429,61.9325,429,39430,0.029354,0.07,1,192640,192211,429
7873641,26.2086,34.7865,422,39484,0.0138708,0.01,1,192661,192239,422
7876561,23.6417,24.5573,423,39537,0.0107742,0.03,1,192684,192261,423
7879481,54.3283,55.3115,422,39590,0.0261548,0.01,1,192746,192324,422
7882401,38.8657,39.0623,422,39643,0.037231,0.01,1,192781,192359,422
7885321,23.7731,23.8125,422,39696,0.00744619,0.05,1,192801,192379,422
7888241,28.7546,28.7625,422,39749,0.0414892,0.01,1,192831,192409,422
7891161,24.9509,24.9525,422,39802,0.0642978,0.01,1,192855,192433,422
7894081,24.9902,24.9905,422,39855,0.0528596,0.03,1,192880,192458,422
7897001,21.798,21.7981,422,39908,0.0505719,0.03,1,192901,192479,422
7899921,20.3596,20.3596,422,39961,0.0501144,0.01,1,192921,192499,422
7902841,56.0719,56.0719,422,40014,0.0340229,0.03,1,192986,192564,422
7905761,31.2144,31.2144,422,40067,0.0308046,0.03,1,193011,192589,422
7908681,47.0429,6.24288,473,40120,0.0781609,0.03,1,193062,192589,473
7911601,26.2086,42.0486,443,40173,0.0716322,0.01,1,193083,192640,443
7914521,23.6417,25.2097,445,40226,0.0543264,0.01,1,193106,192661,445
7917441,53.5283,23.4419,483,40278,0.0508653,0.03,1,193167,192684,483
7920361,38.7057,54.2884,456,40330,0.0501731,0.04,1,193202,192746,456
7923281,23.7411,38.8577,441,40382,0.0100346,0,1,193222,192781,441
7926201,28.7482,23.7715,451,40434,0.0260069,0.05,1,193252,192801,451
7929121,24.9496,28.7543,445,40486,0.0452014,0.07,1,193276,192831,445
7932041,24.9899,24.9509,446,40538,0.0490403,0.05,1,193301,192855,446
7934961,23.398,24.9902,444,40590,0.0658081,0.05,1,193324,192880,444
7937881,19.0796,21.798,441,40642,0.0851616,0.05,1,193342,192901,441
7940801,55.8159,20.3596,486,40694,0.0570323,0.03,1,193407,192921,486
7943721,31.1632,56.0719,446,40746,0.0194065,0.03,1,193432,192986,446
7946641,50.2326,31.2144,476,40798,0.0438813,0.09,1,193487,193011,476
7949561,26.0465,47.0429,445,40850,0.0487763,0.07,1,193507,193062,445
7952481,21.2093,26.2086,444,40902,0.0817553,0.05,1,193527,193083,444
7955401,53.0419,23.6417,482,40954,0.0563511,0.05,1,193588,193106,482
7958321,38.6084,53.5283,456,41006,0.0352702,0.05,1,193623,193167,456
7961241,23.7217,38.7057,441,41057,0.031054,0,1,193643,193202,441
7964161,28.7443,23.7411,451,41108,0.00621081,0.03,1,193673,193222,451
7967081,24.9489,28.7482,445,41159,0.0252422,0.05,1,193697,193252,445
7970001,24.9898,24.9496,446,41210,0.0130484,0.05,1,193722,193276,446
7972921,26.598,24.9899,448,41261,0.0266097,0.07,1,193749,193301,448
7975841,18.1196,23.398,441,41312,0.0293219,0.09,1,193765,193324,441
7978761,54.0239,19.0796,486,41363,0.0298644,0.05,1,193828,193342,486
7981681,30.8048,55.8159,446,41414,0.0299729,0.01,1,193853,193407,446
7984601,51.761,31.1632,478,41465,0.0139946,0.05,1,193910,193432,478
7987521,27.1522,50.2326,444,41516,0.0427989,0.05,1,193931,193487,444
7990441,7.03044,26.0465,426,41567,0.0485598,0.09,1,193933,193507,426
7993361,18.2061,21.2093,427,41618,0.065712,0.05,1,193954,193527,427
7996281,48.4412,53.0419,422,41669,0.0691424,0.03,1,194010,193588,422
7999201,38.4882,38.6084,423,41720,0.0218285,0.03,1,194046,193623,423
8002121,22.8976,23.7217,422,41771,0.0283657,0,1,194065,193643,422
8005041,28.5795,28.7443,422,41822,0.0296731,0.03,1,194095,193673,422
8007961,25.7159,24.9489,423,41872,0.00593463,0.01,1,194120,193697,423
8010881,24.3432,24.9898,422,41922,0.00118693,0.03,1,194144,193722,422
8013801,27.2686,26.598,423,41972,0.0242374,0.03,1,194172,193749,423
8016721,18.2537,18.1196,423,42022,0.0768475,0.03,1,194188,193765,423
8019641,54.0507,54.0239,423,42072,0.0713695,0.03,1,194251,193828,423
8022561,30.8101,30.8048,423,42122,0.0542739,0.01,1,194276,193853,423
8025481,51.762,51.761,423,42172,0.0508548,0.05,1,194333,193910,423
8028401,27.9524,27.1522,424,42222,0.018171,0.05,1,194355,193931,424
8031321,7.19048,7.03044,424,42272,0.0116342,0.07,1,194357,193933,424
8034241,19.0381,18.2061,425,42322,0.0423268,0.07,1,194379,193954,425
8037161,46.2076,48.4412,422,42372,0.144465,0.01,1,194432,194010,422
8040081,38.0415,38.4882,422,42422,0.0528931,0.03,1,194468,194046,422
8043001,22.8083,22.8976,422,42472,0.0665786,0.03,1,194487,194065,422
8045921,28.5617,28.5795,422,42522,0.0373157,0,1,194517,194095,422
8048841,25.7123,25.7159,422,42572,0.0314631,0,1,194542,194120,422
8051761,24.3425,24.3432,422,42622,0.0302926,0.03,1,194566,194144,422
8054681,28.0685,27.2686,423,42672,0.0300585,0.09,1,194595,194172,423
8057601,19.2137,18.2537,424,42721,0.0300117,0.07,1,194612,194188,424
8060521,53.4427,54.0507,423,42770,0.0620023,0.05,1,194674,194251,423
8063441,30.6885,30.8101,423,42819,0.0524005,0.05,1,194699,194276,423
8066361,50.9377,51.762,422,42868,0.0504801,0.01,1,194755,194333,422
8069281,28.5875,27.9524,423,42917,0.066096,0.01,1,194778,194355,423
8072201,7.31751,7.19048,423,42966,0.0692192,0.05,1,194780,194357,423
8075121,19.8635,19.0381,424,43015,0.117844,0.05,1,194803,194379,424
8078041,47.1727,3.80762,478,43064,0.0795688,0.17,1,194857,194379,478
8080961,36.6345,43.1615,459,43113,0.103914,0.03,1,194891,194432,459
8083881,20.9269,37.4323,440,43162,0.0927828,0.07,1,194908,194468,440
8086801,28.1854,22.6865,451,43211,0.0265565,0.03,1,194938,194487,451
8089721,25.6371,28.5373,446,43260,0.0293113,0.03,1,194963,194517,446
8092641,24.3274,25.7075,445,43309,0.00586226,0.03,1,194987,194542,445
8095561,28.0655,24.3415,450,43358,0.0411725,0.03,1,195016,194566,450
8098481,19.2131,28.0683,438,43407,0.0162345,0.03,1,195033,194595,438
8101401,54.2426,19.2137,484,43456,0.0752469,0.07,1,195096,194612,484
8104321,30.0485,53.4427,446,43505,0.0870494,0.05,1,195120,194674,446
8107241,52.4097,30.6885,479,43553,0.15341,0.05,1,195178,194699,479
8110161,29.6819,50.9377,447,43601,0.166682,0.07,1,195202,194755,447
8113081,7.53639,28.5875,426,43649,0.169336,0.07,1,195204,194778,426
8116001,20.7073,7.31751,448,43697,0.185867,0.13,1,195228,194780,448
8118921,47.3415,19.8635,479,43745,0.205173,0.07,1,195282,194803,479
8121841,37.4683,47.1727,460,43793,0.209035,0.11,1,195317,194857,460
8124761,20.2937,36.6345,442,43841,0.225807,0.09,1,195333,194891,442
8127681,25.6587,20.9269,452,43889,0.229161,0.01,1,195360,194908,452
8130601,24.3317,28.1854,446,43937,0.197832,0.03,1,195384,194938,446
8133521,24.0663,25.6371,445,43985,0.127566,0,1,195408,194963,445
8136441,28.8133,24.3274,451,44033,0.0495133,0.05,1,195438,194987,451
8139361,18.5627,28.0655,438,44081,0.0339027,0.01,1,195454,195016,438
8142281,57.3125,19.2131,488,44129,0.0467805,0.09,1,195521,195033,488
8145201,30.6625,54.2426,449,44177,0.0493561,0.09,1,195545,195096,449
8148121,55.7325,30.0485,487,44225,0.0338712,0.17,1,195607,195120,487
8151041,31.1465,52.4097,454,44273,0.0147742,0.17,1,195632,195178,454
8153961,7.8293,29.6819,432,44321,0.0109548,0.17,1,195634,195202,432
8156881,20.7659,7.53639,454,44369,0.026191,0.19,1,195658,195204,454
8159801,47.3532,20.7073,484,44417,0.0292382,0.21,1,195712,195228,484
8162721,38.2706,47.3415,466,44464,0.0298476,0.21,1,195748,195282,466
8165641,9.25413,37.4683,433,44511,0.0299695,0.23,1,195750,195317,433
8168561,14.6508,20.2937,433,44558,0.0619939,0.23,1,195766,195333,433
8171481,24.5302,25.6587,433,44605,0.0843988,0.19,1,195793,195360,433
8174401,24.106,24.3317,433,44652,0.0728798,0.11,1,195817,195384,433
8177321,17.6212,24.0663,425,44699,0.102576,0.03,1,195833,195408,425
8180241,25.9242,28.8133,423,44746,0.0765152,0.03,1,195861,195438,423
8183161,17.9848,18.5627,423,44793,0.119303,0.05,1,195877,195454,423
8186081,57.997,57.3125,424,44840,0.143861,0.05,1,195945,195521,424
8189001,30.7994,30.6625,424,44887,0.164772,0.03,1,195969,195545,424
8191921,54.9599,55.7325,423,44934,0.152954,0.01,1,196030,195607,423
8194841,30.192,31.1465,422,44981,0.118591,0.01,1,196054,195632,422
8197761,7.63839,7.8293,422,45028,0.159718,0.03,1,196056,195634,422
8200681,21.5277,20.7659,423,45075,0.135944,0.03,1,196081,195658,423
8203601,47.5055,47.3532,423,45122,0.131189,0.03,1,196135,195712,423
8206521,38.3011,38.2706,423,45169,0.226238,0.03,1,196171,195748,423
8209441,9.26022,9.25413,423,45216,0.245248,0.07,1,196173,195750,423
8212361,15.452,14.6508,424,45263,0.24905,0.09,1,196190,195766,424
8215281,24.6904,24.5302,424,45310,0.32981,0.07,1,196217,195793,424
8218201,24.9381,24.106,425,45357,0.313962,0.11,1,196242,195817,425
8221121,17.7876,17.6212,425,45403,0.358792,0.07,1,196258,195833,425
8224041,25.9575,25.9242,425,45449,0.367758,0.13,1,196286,195861,425
8226961,18.7915,17.9848,426,45495,0.353552,0.15,1,196303,195877,426
8229881,59.7583,57.997,428,45541,0.31871,0.17,1,196373,195945,428
8232801,31.1517,30.7994,428,45587,0.311742,0.15,1,196397,195969,428
8235721,54.2303,54.9599,427,45633,0.278348,0.11,1,196457,196030,427
8238641,30.8461,30.192,428,45679,0.30367,0.17,1,196482,196054,428
8241561,7.76921,7.63839,428,45725,0.308734,0.13,1,196484,196056,428
8244481,21.5538,21.5277,428,45771,0.325747,0.13,1,196509,196081,428
8247401,47.5108,47.5055,428,45817,0.329149,0.25,1,196563,196135,428
8250321,41.5022,38.3011,432,45863,0.34583,0.25,1,196603,196171,432
8253241,9.90043,9.26022,432,45909,0.349166,0.25,1,196605,196173,432
8256161,17.9801,1.85204,452,45955,0.317833,0.25,1,196625,196173,452
8259081,26.796,13.9704,464,46001,0.327567,0.35,1,196654,196190,464
8262001,25.3592,24.3941,462,46047,0.377513,0.31,1,196679,196217,462
8264921,17.8718,24.8788,453,46093,0.387503,0.37,1,196695,196242,453
8267841,25.9744,17.7758,465,46139,0.405501,0.37,1,196723,196258,465
8270761,17.9949,25.9552,453,46185,0.4091,0.35,1,196739,196286,453
8273681,57.999,18.791,504,46231,0.42582,0.31,1,196807,196303,504
8276601,30.7998,59.7582,458,46277,0.445164,0.31,1,196831,196373,458
8279521,54.16,31.1516,494,46323,0.449033,0.27,1,196891,196397,494
8282441,30.832,54.2303,459,46369,0.481807,0.31,1,196916,196457,459
8285361,7.7664,30.8461,436,46414,0.488361,0.31,1,196918,196482,436
8288281,22.3533,7.76921,460,46459,0.489672,0.33,1,196944,196484,460
8291201,47.6707,21.5538,489,46504,0.505934,0.33,1,196998,196509,489
8294121,42.3341,47.5108,476,46549,0.541187,0.35,1,197039,196563,476
8297041,10.0668,41.5022,438,46594,0.548237,0.35,1,197041,196603,438
8299961,18.0134,9.90043,456,46639,0.549648,0.31,1,197061,196605,456
8302881,29.2027,17.9801,468,46684,0.517929,0.33,1,197093,196625,468
8305801,26.6405,26.796,465,46729,0.575586,0.39,1,197119,196654,465
8308721,18.9281,25.3592,457,46774,0.571117,0.39,1,197136,196679,457
8311641,26.1856,17.8718,469,46819,0.618223,0.41,1,197164,196695,469
8314561,18.0371,25.9744,457,46864,0.643645,0.41,1,197180,196723,457
8317481,59.6074,17.9949,511,46909,0.664729,0.43,1,197250,196739,511
8320401,31.1215,57.999,467,46954,0.700946,0.45,1,197274,196807,467
8323321,55.0243,30.7998,504,46999,0.724189,0.45,1,197335,196831,504
8326241,31.8049,54.16,470,47044,0.728838,0.49,1,197361,196891,470
8329161,7.96097,30.832,447,47089,0.729768,0.49,1,197363,196916,447
8332081,22.3922,7.7664,471,47134,0.745954,0.49,1,197389,196918,471
8335001,49.2784,22.3533,501,47179,0.749191,0.51,1,197445,196944,501
8337921,43.4557,47.6707,489,47224,0.717838,0.55,1,197487,196998,489
8340841,10.2911,42.3341,450,47269,0.711568,0.55,1,197489,197039,450
8343761,18.0582,10.0668,468,47314,0.710313,0.55,1,197509,197041,468
8346681,29.2116,18.0134,480,47359,0.710063,0.51,1,197541,197061,480
8349601,7.44233,29.2027,450,47404,0.678013,0.59,1,197543,197093,450
8352521,23.0885,26.6405,451,47448,0.671603,0.57,1,197570,197119,451
8355441,19.8177,18.9281,453,47492,0.68632,0.63,1,197589,197136,453
8358361,27.1635,26.1856,454,47536,0.689264,0.65,1,197618,197164,454
8361281,18.2327,18.0371,454,47580,0.721853,0.67,1,197634,197180,454
8364201,62.0465,59.6074,457,47624,0.760371,0.71,2,197707,197250,457
8367121,31.6093,31.1215,457,47668,0.784074,0.73,2,197731,197274,457
8370041,55.9219,55.0243,458,47712,0.756815,0.73,2,197793,197335,458
8372961,31.9844,31.8049,458,47756,0.751363,0.73,2,197819,197361,458
8375881,7.99687,7.96097,458,47800,0.782273,0.75,2,197821,197363,458
8378801,23.1994,22.3922,459,47844,0.756455,0.75,2,197848,197389,459
8381721,49.4399,49.2784,459,47888,0.767291,0.71,2,197904,197445,459
8384641,41.888,43.4557,457,47932,0.833458,0.71,2,197944,197487,457
8387561,9.97759,10.2911,457,47976,0.846692,0.71,2,197946,197489,457
8390481,17.9955,18.0582,457,48020,0.865338,0.71,2,197966,197509,457
8393401,27.5991,29.2116,455,48064,0.869068,0.67,2,197996,197541,455
8396321,7.11982,7.44233,455,48108,0.869814,0.67,2,197998,197543,455
8399241,23.024,23.0885,455,48152,0.869963,0.69,2,198025,197570,455
8402161,19.0048,19.8177,454,48196,0.917993,0.69,2,198043,197589,454
8405081,28.601,27.1635,456,48240,0.943599,0.73,2,198074,197618,456
8408001,18.5202,18.2327,456,48284,0.96472,0.77,2,198090,197634,456
8594881,23,25,493,51000,0.75,1,2,199980,199487,493
8597801,15.8,22.6,485,51041,0.686,1,1,199994,199509,485
8600721,27.96,25.32,490,51082,0.6172,1,1,200025,199535,490
8603641,36.792,47.464,476,51123,0.54744,1,1,200064,199588,476
8606561,32.9584,31.0928,481,51164,0.405488,1,1,200096,199615,481
8609481,56.1917,54.2186,483,51205,0.249098,1,1,200158,199675,483
8612401,36.0383,33.2437,486,51246,0.13782,1,1,200189,199703,486
8615321,26.4077,24.2487,488,51287,0.0835639,1,1,200213,199725,488
8618241,24.4815,26.4497,485,51328,0.0567128,1,1,200237,199752,485
8621161,25.6963,31.6899,478,51369,0.0353426,1,1,200263,199785,478
8624081,45.9393,47.138,478,51410,0.0310685,0.97,1,200314,199836,478
8627001,24.3879,28.6276,473,51451,0.0142137,1,1,200333,199860,473
8629921,22.4776,24.9255,471,51492,0.0588427,0.99,1,200355,199884,471
8632841,18.0955,20.1851,469,51533,0.0117685,0.94,1,200372,199903,469
8635761,9.2191,12.037,466,51574,0.0423537,0.93,1,200379,199913,466
8638681,17.8438,20.0074,464,51615,0.0484707,0.85,1,200399,199935,464
8641601,20.3688,21.6015,463,51656,0.0816942,0.75,1,200420,199957,463
8644521,16.0738,22.7203,455,51697,0.0563388,0.67,1,200435,199980,455
8647441,15.2148,15.7441,456,51738,0.0672678,0.6,1,200450,199994,456
8650361,23.0429,27.9488,450,51779,0.213454,0.6,1,200475,200025,450
8653281,27.8086,5.58976,479,51820,0.258691,0.53,1,200504,200025,479
8656201,30.3617,32.318,471,51861,0.251738,0.37,1,200535,200064,471
8659121,47.6723,32.0636,491,51902,0.266348,0.21,1,200587,200096,491
8662041,29.5345,56.0127,454,51943,0.25327,0.11,1,200612,200158,454
8664961,23.5069,36.0025,445,51984,0.266654,0.07,1,200634,200189,445
8667881,25.5014,26.4005,447,52025,0.205331,0.05,1,200660,200213,447
8670801,26.7003,24.4801,450,52065,0.209066,0.03,1,200687,200237,450
8673721,44.5401,25.696,473,52105,0.177813,0.03,1,200736,200263,473
8676641,23.308,45.9392,440,52145,0.155563,0.01,1,200754,200314,440
8679561,22.2616,24.3878,443,52185,0.0871125,0.07,1,200776,200333,443
8682481,18.0523,22.4776,438,52225,0.105423,0,1,200793,200355,438
8685401,9.21046,18.0955,428,52265,0.0930845,0.05,1,200800,200372,428
8688321,20.2421,9.2191,444,52305,0.0746169,0.05,1,200823,200379,444
8691241,19.2484,17.8438,443,52345,0.102923,0.09,1,200842,200399,443
8694161,17.4497,20.3688,439,52385,0.0605847,0.05,1,200859,200420,439
8697081,13.8899,16.0738,437,52425,0.100117,0.07,1,200872,200435,437
8700001,31.578,15.2148,458,52465,0.156023,0.25,1,200908,200450,458
8702921,28.7156,23.0429,461,52505,0.167205,0.27,1,200936,200475,461
8705841,31.3431,27.8086,464,52545,0.185441,0.25,1,200968,200504,464
8708761,48.6686,30.3617,486,52585,0.237088,0.27,1,201021,200535,486
8711681,29.7337,47.6723,459,52625,0.247418,0.25,1,201046,200587,459
8714601,23.5467,29.5345,456,52665,0.265484,0.27,1,201068,200612,456
8717521,24.7093,23.5069,459,52705,0.301097,0.19,1,201093,200634,459
8720441,23.3419,25.5014,456,52745,0.364219,0.21,1,201116,200660,456
8723361,43.0684,26.7003,477,52785,0.368844,0.17,1,201164,200687,477
8726281,21.4137,44.5401,444,52825,0.369769,0.15,1,201180,200736,444
8729201,22.6827,23.308,449,52865,0.385954,0.07,1,201203,200754,449
8732121,15.7365,22.2616,441,52905,0.389191,0.11,1,201217,200776,441
8735041,6.34731,18.0523,428,52945,0.389838,0.09,1,201221,200793,428
8737961,22.8695,9.21046,448,52985,0.373968,0.07,1,201248,200800,448
8740881,18.9739,20.2421,443,53025,0.370794,0.11,1,201266,200823,443
8743801,18.1948,19.2484,442,53065,0.370159,0.05,1,201284,200842,442
8746721,13.239,17.4497,437,53105,0.370032,0.11,1,201296,200859,437
8749641,35.4478,13.8899,465,53145,0.498006,0.17,1,201337,200872,465
8752561,29.4896,31.578,457,53185,0.523601,0.17,1,201365,200908,457
8755481,32.2979,28.7156,462,53225,0.52872,0.19,1,201398,200936,462
8758401,8.05958,31.3431,432,53265,0.529744,0.25,1,201400,200968,432
8761321,45.6119,48.6686,434,53305,0.561949,0.25,1,201455,201021,434
8764241,29.9224,29.7337,435,53344,0.56839,0.27,1,201481,201046,435
8767161,23.5845,23.5467,435,53383,0.537678,0.31,1,201503,201068,435
8770081,27.9169,24.7093,439,53422,0.547536,0.38,1,201532,201093,439
8773001,24.7834,23.3419,440,53461,0.581507,0.37,1,201556,201116,440
8775921,43.3567,43.0684,440,53500,0.604301,0.37,1,201604,201164,440
8778841,21.4713,21.4137,440,53539,0.60886,0.39,1,201620,201180,440
8781761,23.4943,22.6827,441,53578,0.625772,0.39,1,201644,201203,441
8784681,15.8989,15.7365,441,53617,0.629154,0.39,1,201658,201217,441
8787601,6.37977,6.34731,441,53656,0.661831,0.37,1,201662,201221,441
8790521,22.076,22.8695,440,53695,0.652366,0.37,1,201688,201248,440
8793441,18.8152,18.9739,440,53734,0.698473,0.37,1,201706,201266,440
8796361,18.163,18.1948,440,53773,0.675695,0.37,1,201724,201284,440
8799281,13.2326,13.239,440,53812,0.671139,0.53,1,201736,201296,440
8802201,41.8465,35.4478,448,53851,0.862228,0.53,2,201785,201337,448
8805121,30.7693,29.4896,448,53890,0.884446,0.53,2,201813,201365,448
8808041,32.5539,32.2979,448,53929,0.920889,0.53,2,201846,201398,448
8810961,8.11077,8.05958,448,53968,0.928178,0.57,2,201848,201400,448
9048941,35,10,446,26361,0.03,0.01,1,204125,203679,446
9051861,39,36.4,443,26441,0.006,0.17,1,204165,203722,443
9054781,79,72.08,451,26521,0.0252,0.03,1,204254,203803,451
9057701,71.8,60.016,464,26601,0.06104,0.01,1,204324,203860,464
9060621,38.36,47.2032,450,26681,0.020208,0.09,1,204354,203904,450
9063541,18.072,31.8406,435,26760,0.0920416,0.03,1,204367,203932,435
9066461,46.0144,23.1681,467,26839,0.0904083,0,1,204420,203953,467
9069381,41.2029,57.4336,441,26918,0.0580817,0.05,1,204460,204019,441
9072301,51.4406,56.2867,439,26997,0.0516163,0.03,1,204514,204075,439
9075221,38.2881,51.2573,424,27075,0.0103233,0,1,204549,204125,424
9078141,38.0576,42.2515,422,27153,0.00206465,0.03,1,204587,204165,422
9081061,79.6115,79.6503,423,27231,0.0404129,0.07,1,204677,204254,423
9083981,71.1223,71.9301,422,27309,0.0160826,0.01,1,204746,204324,422
9086901,41.4245,38.386,426,27387,0.0432165,0.11,1,204780,204354,426
9089821,17.0849,18.0772,424,27464,0.0326433,0.09,1,204791,204367,424
9092741,45.817,46.0154,424,27541,0.0145287,0.05,1,204844,204420,424
9095661,40.3634,41.2031,423,27618,0.0429057,0.05,1,204883,204460,423
9098581,50.4727,51.4406,422,27695,0.0805812,0,1,204936,204514,422
9101501,38.0945,38.2881,422,27771,0.0161162,0,1,204971,204549,422
9104421,38.0189,38.0576,422,27847,0.00322325,0.05,1,205009,204587,422
9107341,79.6038,79.6115,422,27923,0.000644649,0.01,1,205099,204677,422
9110261,71.1208,71.1223,422,27999,0.0241289,0.05,1,205168,204746,422
9113181,41.4242,41.4245,422,28075,0.0448258,0.03,1,205202,204780,422
9116101,17.0848,17.0849,422,28150,0.0329652,0.01,1,205213,204791,422
9119021,46.617,45.817,423,28225,0.046593,0.05,1,205267,204844,423
9121941,39.7234,40.3634,422,28300,0.0173186,0.09,1,205305,204883,422
9124861,51.9447,50.4727,424,28375,0.0274637,0.09,1,205360,204936,424
9127781,35.9889,10.0945,456,28450,0.00549274,0,1,205392,204936,456
9130701,37.5978,30.0189,459,28524,0.00909855,0,1,205430,204971,459
9133621,79.5196,36.4038,511,28598,0.00181971,0,1,205520,205009,511
9136541,71.1039,79.2808,490,28672,0.0243639,0.03,1,205589,205099,490
9139461,41.4208,71.0562,455,28746,0.0128728,0.05,1,205623,205168,455
9142381,17.8842,41.4112,433,28820,0.0265746,0.03,1,205635,205202,433
9145301,45.9768,17.0822,475,28893,0.0453149,0.05,1,205688,205213,475
9148221,39.5954,46.6164,459,28966,0.033063,0.01,1,205726,205267,459
9151141,52.7191,39.7233,477,29039,0.0306126,0.03,1,205782,205305,477
9154061,36.1438,51.9447,454,29112,0.00612252,0,1,205814,205360,454
9156981,37.6288,35.9889,460,29185,0.0252245,0.01,1,205852,205392,460
9159901,78.7258,37.5978,511,29258,0.0130449,0,1,205941,205430,511
9162821,70.9452,79.5196,490,29330,0.026609,0.03,1,206010,205520,490
9165741,42.189,71.1039,456,29402,0.0293218,0.01,1,206045,205589,456
9168661,18.8378,41.4208,435,29474,0.0298644,0.03,1,206058,205623,435
9171581,46.1676,17.8842,476,29546,0.0299729,0.05,1,206111,205635,476
9174501,38.0335,45.9768,459,29618,0.0459946,0.03,1,206147,205688,459
9177421,53.2067,39.5954,478,29689,0.0331989,0.03,1,206204,205726,478
9180341,37.0413,52.7191,455,29760,0.00663978,0,1,206237,205782,455
9183261,37.0083,36.1438,460,29831,0.025328,0.03,1,206274,205814,460
9186181,9.00165,37.6288,424,29902,0.0290656,0.01,1,206276,205852,424
9189101,72.2003,78.7258,423,29973,0.0458131,0.03,1,206364,205941,423
9192021,69.6401,70.9452,423,30044,0.0171626,0.03,1,206433,206010,423
9194941,42.728,42.189,424,30114,0.0274325,0.03,1,206469,206045,424
9197861,18.1456,18.8378,423,30184,0.0454865,0.03,1,206481,206058,423
9200781,46.0291,46.1676,423,30254,0.0330973,0.05,1,206534,206111,423
9203701,39.6058,38.0335,425,30324,0.0626195,0.03,1,206572,206147,425
9206621,51.9212,53.2067,423,30394,0.0525239,0,1,206627,206204,423
9209541,35.9842,37.0413,422,30464,0.0105048,0.03,1,206659,206237,422
9212461,36.7968,37.0083,422,30533,0.026101,0.03,1,206696,206274,422
9215381,8.95937,9.00165,422,30602,0.0292202,0.05,1,206698,206276,422
9218301,72.9919,72.2003,423,30671,0.109844,0.01,1,206787,206364,423
9221221,68.9984,69.6401,422,30740,0.0619688,0.03,1,206855,206433,422
9224141,42.5997,42.728,422,30809,0.0363938,0.05,1,206891,206469,422
9227061,18.1199,18.1456,422,30878,0.0472788,0.03,1,206903,206481,422
9229981,48.424,46.0291,425,30947,0.0174557,0.07,1,206959,206534,425
9232901,39.2848,39.6058,424,31015,0.0274912,0.05,1,206996,206572,424
9235821,50.257,51.9212,422,31083,0.0454982,0,1,207049,206627,422
9238741,35.6514,35.9842,422,31151,0.00909965,0.03,1,207081,206659,422
9241661,36.7303,36.7968,422,31219,0.00981993,0.03,1,207118,206696,422
9244581,8.94606,8.95937,422,31287,0.00996399,0.03,1,207120,206698,422
9247501,76.1892,1.79187,515,31355,0.0419928,0.13,1,207213,206698,515
9250421,65.6378,71.5584,489,31422,0.0643986,0.05,1,207276,206787,489
9253341,41.9276,68.7117,457,31489,0.0128797,0.03,1,207312,206855,457
9256261,17.9855,42.5423,433,31556,0.0105759,0.05,1,207324,206891,433
9259181,48.3971,18.1085,477,31623,0.0261152,0.01,1,207380,206903,477
9262101,39.2794,48.4217,458,31690,0.061223,0.03,1,207417,206959,458
9265021,50.2559,39.2843,474,31757,0.0842446,0.05,1,207470,206996,474
9267941,35.6512,50.2569,453,31824,0.0168489,0,1,207502,207049,453
9270861,36.7302,35.6514,458,31890,0.0273698,0.01,1,207539,207081,458
9273781,8.94605,36.7303,423,31956,0.029474,0.01,1,207541,207118,423
9276701,77.7892,8.94605,516,32022,0.0298948,0.05,1,207636,207120,516
9279621,65.1578,76.1892,485,32088,0.013979,0.07,1,207698,207213,485
9282541,41.0316,65.6378,457,32154,0.0587958,0,1,207733,207276,457
9285461,18.6063,41.9276,434,32220,0.0517592,0.01,1,207746,207312,434
9288381,49.3213,17.9855,479,32286,0.0183518,0.03,1,207803,207324,479
9291301,38.6643,48.3971,459,32352,0.0276704,0.07,1,207839,207380,459
9294221,52.5328,39.2794,478,32417,0.0775341,0.09,1,207895,207417,478
9297141,32.9066,50.2559,453,32482,0.0555068,0,1,207923,207470,453
9300061,36.1813,35.6512,458,32547,0.0111014,0.03,1,207960,207502,458
9302981,8.83626,36.7302,423,32612,0.0102203,0.03,1,207962,207539,423
9305901,78.5673,8.94605,517,32677,0.0260441,0.03,1,208058,207541,517
9308821,66.9135,77.7892,486,32742,0.0132088,0.01,1,208122,207636,486
9311741,14.9827,65.1578,426,32807,0.0266418,0.07,1,208124,207698,426
9314661,30.1965,41.0316,425,32871,0.109328,0.05,1,208158,207733,425
9317581,15.6393,18.6063,424,32935,0.125866,0.01,1,208170,207746,424
9320501,47.9279,49.3213,423,32999,0.0971731,0.03,1,208226,207803,423
9323421,39.1856,38.6643,424,33063,0.0754346,0.09,1,208263,207839,424
9326341,54.2371,52.5328,426,33127,0.0870869,0.05,1,208321,207895,426
9329261,30.0474,32.9066,422,33191,0.0734174,0,1,208345,207923,422
9332181,35.6095,36.1813,422,33255,0.0386835,0.01,1,208382,207960,422
9335101,8.7219,8.83626,422,33319,0.0317367,0.03,1,208384,207962,422
9338021,79.3444,78.5673,423,33382,0.0463473,0.01,1,208481,208058,423
9340941,67.0689,66.9135,423,33445,0.0332695,0.03,1,208545,208122,423
9343861,15.0138,14.9827,423,33508,0.0306539,0.13,1,208547,208124,423
9346781,32.6028,30.1965,426,33571,0.126131,0.13,1,208584,208158,426
9349701,16.1206,15.6393,426,33634,0.161226,0.09,1,208596,208170,426
9352621,46.4241,47.9279,424,33697,0.216245,0.07,1,208650,208226,424
9355541,38.0848,39.1856,423,33760,0.227249,0.09,1,208686,208263,423
9358461,55.617,54.2371,425,33823,0.21345,0.07,1,208746,208321,425
9361381,28.7234,30.0474,423,33886,0.17869,0.03,1,208768,208345,423
9364301,34.5447,35.6095,422,33948,0.139738,0.03,1,208804,208382,422
9367221,8.50894,8.7219,422,34010,0.131948,0.05,1,208806,208384,422
9370141,79.3018,79.3444,422,34072,0.0343895,0.03,1,208903,208481,422
9373061,67.8604,67.0689,423,34134,0.0308779,0.03,1,208968,208545,423
9375981,15.1721,15.0138,423,34196,0.00617558,0.15,1,208970,208547,423
9378901,35.8344,32.6028,427,34258,0.00923512,0.15,1,209011,208584,427
9381821,17.5669,6.52055,440,34320,0.00184702,0.17,1,209024,208584,440
9384741,48.3134,10.9041,484,34382,0.0723694,0.23,1,209080,208596,484
9387661,38.4627,45.3808,466,34443,0.102474,0.23,1,209116,208650,466
9390581,54.8925,37.8762,489,34504,0.124495,0.21,1,209175,208686,489
9393501,28.5785,55.5752,451,34565,0.144899,0.17,1,209197,208746,451
9396421,31.3157,28.715,461,34626,0.14898,0.13,1,209229,208768,461
9399341,7.86314,34.543,427,34687,0.149796,0.13,1,209231,208804,427
9402261,75.9726,8.5086,518,34748,0.165959,0.01,1,209324,208806,518
9405181,67.9945,79.3017,487,34809,0.0891918,0.03,1,209390,208903,487
9408101,15.1989,67.8603,424,34870,0.0418384,0,1,209392,208968,424
9411021,35.0398,15.1721,462,34931,0.0323677,0.01,1,209432,208970,462
9413941,19.008,35.8344,436,34992,0.0304735,0,1,209447,209011,436
9416861,50.2016,17.5669,481,35052,0.0780947,0.09,1,209505,209024,481
9419781,39.6403,48.3134,462,35112,0.119619,0.11,1,209542,209080,462
9422701,56.7281,38.4627,487,35172,0.127924,0.13,1,209603,209116,487
9425621,28.9456,54.8925,450,35232,0.161585,0.15,1,209625,209175,450
9428541,31.3891,28.5785,460,35292,0.184317,0.15,1,209657,209197,460
9431461,7.87782,31.3157,430,35352,0.188863,0.15,1,209659,209229,430
9434381,76.7756,7.86314,522,35412,0.221773,0.17,1,209753,209231,522
9437301,62.5551,75.9726,488,35472,0.244355,0.07,1,209812,209324,488
9440221,14.111,67.9945,424,35532,0.248871,0.03,1,209814,209390,424
9443141,35.6222,15.1989,463,35591,0.201774,0.03,1,209855,209392,463
9446061,18.3244,35.0398,437,35650,0.192355,0.03,1,209869,209432,437
9448981,5.26489,19.008,424,35709,0.190471,0.09,1,209871,209447,424
9451901,49.853,50.2016,427,35768,0.238094,0.13,1,209932,209505,427
9454821,40.3706,39.6403,428,35827,0.279619,0.13,1,209970,209542,428
9457741,58.4741,56.7281,430,35886,0.287924,0.17,1,210033,209603,430
9460661,29.2948,28.9456,430,35945,0.305585,0.19,1,210055,209625,430
9463581,32.259,31.3891,431,36004,0.325117,0.19,1,210088,209657,431
9466501,8.05179,7.87782,431,36063,0.329023,0.23,1,210090,209659,431
9469421,78.4104,76.7756,433,36122,0.313805,0.25,1,210186,209753,433
9472341,63.6821,62.5551,434,36181,0.342761,0.25,1,210246,209812,434
9475261,14.3364,14.111,434,36239,0.316552,0.19,1,210248,209814,434
9478181,33.2673,35.6222,431,36297,0.34331,0.19,1,210286,209855,431
9481101,17.8535,18.3244,431,36355,0.348662,0.19,1,210300,209869,431
9484021,5.17069,5.26489,431,36413,0.349732,0.25,1,210302,209871,431
9486941,52.2341,49.853,434,36471,0.349946,0.29,1,210366,209932,434
9489861,42.4468,40.3706,436,36529,0.429989,0.29,1,210406,209970,436
9492781,58.8894,58.4741,436,36587,0.661998,0.31,1,210469,210033,436
9495701,30.1779,29.2948,437,36645,0.6524,0.33,1,210492,210055,437
9498621,31.6356,32.259,436,36703,0.73048,0.33,1,210524,210088,436
9501541,7.92711,8.05179,436,36761,0.714096,0.31,1,210526,210090,436
9504461,77.5854,78.4104,435,36818,0.710819,0.35,1,210621,210186,435
9507381,65.1171,63.6821,437,36875,0.758164,0.31,2,210683,210246,437
9510301,14.6234,14.3364,437,36932,0.735633,0.35,1,210685,210248,437
9513221,33.3247,33.2673,437,36989,0.763127,0.35,2,210723,210286,437
9516141,17.8649,17.8535,437,37046,0.736625,0.35,1,210737,210300,437
9519061,5.17299,5.17069,437,37103,0.731325,0.35,1,210739,210302,437
9521981,52.2346,52.2341,437,37160,0.730265,0.35,1,210803,210366,437
9524901,45.6469,10.4468,481,37217,0.682053,0.45,1,210847,210366,481
9527821,69.9294,34.0894,517,37274,0.800411,0.72,2,210923,210406,517
9530741,31.5859,57.2179,476,37331,0.824082,0.65,2,210945,210469,476
9533661,34.3172,29.8436,488,37388,0.860816,0.75,2,210980,210492,488
9536581,8.46343,31.5687,458,37445,0.868163,0.71,2,210982,210524,458
9539501,77.6927,7.91374,551,37501,0.885633,0.71,2,211077,210526,551
9670901,31,34,492,39956,0.77,1,2,212744,212252,492
9673821,75.8,71.6,498,40009,0.674,1,1,212831,212333,498
9676741,36.76,35.92,498,40062,0.6388,1,1,212858,212360,498
9679661,28.952,7.184,525,40115,0.59976,1,1,212885,212360,525
9682581,22.5904,16.6368,527,40168,0.559952,1,1,212906,212379,527
9685501,12.5181,25.7274,509,40221,0.50399,1,1,212916,212407,509
9688421,49.7036,17.1455,553,40273,0.428798,1,1,212975,212422,553
9691341,69.9407,74.6291,539,40325,0.42976,1,1,213050,212511,539
9694261,26.7881,62.1258,496,40377,0.477952,0.96,1,213066,212570,496
9697181,30.9576,29.2252,507,40429,0.45559,1,1,213098,212591,507
9700101,31.7915,36.245,501,40481,0.499118,0.97,1,213130,212629,501
9703021,27.1583,32.049,496,40533,0.491824,0.83,1,213156,212660,496
9705941,24.6317,31.2098,489,40585,0.506365,0.89,1,213180,212691,489
9708861,28.9263,23.842,497,40637,0.493273,0.77,1,213210,212713,497
9711781,63.3853,29.5684,538,40689,0.458655,0.65,1,213282,212744,538
9714701,31.0771,75.5137,474,40741,0.451731,0.63,1,213305,212831,474
9717621,27.0154,36.7027,473,40793,0.450346,0.59,1,213331,212858,473
9720541,21.4031,28.9405,466,40845,0.482069,0.55,1,213351,212885,466
9723461,10.6806,22.5881,453,40897,0.456414,0.49,1,213359,212906,453
9726381,45.3361,12.5176,497,40949,0.499283,0.41,1,213413,212916,497
9729301,73.8672,49.7035,519,41001,0.523857,0.43,1,213494,212975,519
9732221,27.5734,69.9407,460,41052,0.512771,0.49,1,213510,213050,460
9735141,30.3147,26.7881,475,41103,0.494554,0.45,1,213541,213066,475
9738061,32.4629,30.9576,476,41154,0.490911,0.51,1,213574,213098,476
9740981,28.8926,31.7915,472,41205,0.474182,0.49,1,213602,213130,472
9743901,25.7785,27.1583,471,41256,0.486836,0.51,1,213627,213156,471
9746821,28.3557,24.6317,476,41307,0.489367,0.49,1,213656,213180,476
9749741,61.6711,28.9263,516,41358,0.457873,0.45,1,213726,213210,516
9752661,30.7342,63.3853,467,41409,0.467575,0.45,1,213749,213282,467
9755581,26.9468,31.0771,470,41460,0.501515,0.45,1,213775,213305,470
9758501,20.5894,27.0154,463,41511,0.524303,0.49,1,213794,213331,463
9761421,5.71787,21.4031,445,41562,0.528861,0.45,1,213796,213351,445
9764341,5.94357,10.6806,443,41613,0.529772,0.51,1,213802,213359,443
9767261,46.7887,45.3361,446,41664,0.545954,0.53,1,213859,213413,446
9770181,74.9577,73.8672,447,41715,0.565191,0.51,1,213941,213494,447
9773101,26.9915,27.5734,446,41766,0.585038,0.49,1,213956,213510,446
9776021,30.9983,30.3147,447,41817,0.589008,0.49,1,213988,213541,447
9778941,31.7997,32.4629,446,41867,0.557801,0.47,1,214020,213574,446
9781861,29.5599,28.8926,447,41917,0.55156,0.49,1,214049,213602,447
9784781,25.112,25.7785,446,41967,0.630312,0.49,1,214073,213627,446
9787701,26.6224,28.3557,444,42017,0.630062,0.45,1,214100,213656,444
9790621,61.3245,61.6711,444,42067,0.598012,0.47,1,214170,213726,444
9793541,31.4649,30.7342,445,42117,0.639602,0.51,1,214194,213749,445
9796461,28.693,26.9468,447,42167,0.61592,0.53,1,214222,213775,447
9799381,21.7386,20.5894,448,42217,0.627184,0.53,1,214242,213794,448
9802301,5.94772,5.71787,448,42267,0.629437,0.53,1,214244,213796,448
9805221,5.98954,5.94357,448,42317,0.677887,0.55,1,214250,213802,448
9808141,48.3979,46.7887,450,42367,0.703577,0.57,1,214309,213859,450
9811061,75.2796,74.9577,450,42417,0.820715,0.59,2,214391,213941,450
9813981,26.2559,26.9915,449,42467,0.812143,0.59,2,214405,213956,449
9816901,30.8512,30.9983,449,42517,0.858429,0.55,2,214437,213988,449
9819821,31.7702,31.7997,449,42567,0.835686,0.55,2,214469,214020,449
9822741,29.554,29.5599,449,42617,0.831137,0.65,2,214498,214049,449
9825661,27.5108,25.112,452,42667,0.846227,0.63,2,214525,214073,452
9828581,26.3022,26.6224,451,42716,0.849245,0.59,2,214551,214100,451
9831501,62.0604,61.3245,452,42765,0.881849,0.65,2,214622,214170,452
9834421,31.6121,31.4649,452,42814,0.88837,0.61,2,214646,214194,452
9837341,28.7224,28.693,452,42863,0.857674,0.63,2,214674,214222,452
9840261,23.3445,21.7386,454,42912,0.851535,0.63,2,214696,214242,454
9843181,6.2689,5.94772,454,42961,0.850307,0.69,2,214698,214244,454
9846101,6.05378,5.98954,454,43010,0.818061,0.69,2,214704,214250,454
9849021,48.4108,1.19791,513,43059,0.827612,0.71,2,214763,214250,513
9851941,80.8822,47.4396,543,43108,0.829522,0.85,2,214852,214309,543
9854861,27.3764,75.0879,475,43157,0.829904,0.81,2,214866,214391,475
9857781,31.8753,26.2176,494,43206,0.861981,0.87,2,214899,214405,494
9860701,31.9751,30.8435,494,43255,0.884396,0.83,2,214931,214437,494
9863621,29.595,31.7687,491,43304,0.904879,0.83,2,214960,214469,491
9866541,28.319,29.5537,490,43353,0.908976,0.85,2,214988,214498,490
9869461,27.2638,27.5107,490,43402,0.893795,0.85,2,215015,214525,490
10087001,63,76,485,21370,0.07,0.49,1,217555,217070,485
10089921,48.6,66.4,466,21469,0.038,0.01,1,217600,217134,466
10092841,80.12,89.28,459,21568,0.0156,0.01,1,217688,217229,459
10095761,93.624,73.056,487,21666,0.04312,0.03,1,217785,217298,487
10098681,50.7248,82.6112,442,21764,0.016624,0.07,1,217825,217383,442
10101601,24.545,40.5222,430,21861,0.0273248,0.09,1,217843,217413,430
10104521,64.909,71.3044,426,21958,0.061465,0.07,1,217918,217492,426
10107441,63.3818,64.6609,426,22055,0.068293,0.03,1,217981,217555,426
10110361,46.2764,48.9322,423,22151,0.0856586,0.01,1,218023,217600,423
10113281,80.4553,80.1864,424,22247,0.0411317,0.05,1,218112,217688,424
10116201,92.0911,93.6373,422,22342,0.0642263,0.01,1,218207,217785,422
10119121,52.8182,50.7275,425,22437,0.0128453,0.03,1,218250,217825,425
10122041,24.1636,24.5455,424,22532,0.0265691,0.03,1,218267,217843,424
10124961,63.2327,4.9091,497,22626,0.0133138,0.07,1,218340,217843,497
10127881,64.6465,60.9818,487,22720,0.0906628,0.07,1,218405,217918,487
10130801,47.3293,62.5964,467,22813,0.122133,0.09,1,218448,217981,467
10133721,78.2659,46.1193,511,22906,0.0324265,0.03,1,218534,218023,511
10136641,91.6532,80.4239,517,22999,0.0464853,0.07,1,218629,218112,517
10139561,51.9306,92.0848,464,23091,0.00929706,0,1,218671,218207,464
10142481,23.9861,52.817,438,23183,0.0418594,0.03,1,218688,218250,438
10145401,63.9972,24.1634,495,23274,0.0483719,0.01,1,218762,218267,495
10148321,67.9994,63.2327,491,23365,0.0816744,0.11,1,218831,218340,491
10151241,48.7999,64.6465,470,23456,0.104335,0.13,1,218875,218405,470
10154161,74.56,47.3293,508,23546,0.140867,0.01,1,218956,218448,508
10157081,91.712,78.2659,518,23636,0.0681734,0.05,1,219052,218534,518
10160001,51.1424,91.6532,464,23726,0.0376347,0,1,219093,218629,464
10162921,23.0285,51.9306,438,23815,0.0315269,0.05,1,219109,218671,438
10165841,65.4057,23.9861,497,23904,0.0303054,0.05,1,219185,218688,497
10168761,14.6811,63.9972,425,23993,0.0300611,0.09,1,219187,218762,425
10171681,58.9362,67.9994,426,24081,0.110012,0.11,1,219257,218831,426
10174601,47.7872,48.7999,427,24169,0.142002,0.15,1,219302,218875,427
10177521,75.9574,74.56,429,24257,0.2124,0.05,1,219385,218956,429
10180441,87.9915,91.712,424,24344,0.0664801,0.03,1,219476,219052,424
10183361,48.7983,51.1424,422,24431,0.037296,0.03,1,219515,219093,422
10186281,24.1597,23.0285,424,24518,0.0314592,0.03,1,219533,219109,424
10189201,64.8319,65.4057,423,24604,0.0462918,0.03,1,219608,219185,423
10192121,14.5664,14.6811,423,24690,0.0492584,0.13,1,219610,219187,423
10195041,61.3133,58.9362,426,24776,0.0338517,0.15,1,219683,219257,426
10197961,50.6627,47.7872,429,24862,0.0467703,0.23,1,219731,219302,429
10200881,78.1325,75.9574,431,24947,0.113354,0.03,1,219816,219385,431
10203801,81.2265,87.9915,422,25032,0.0466708,0.03,1,219898,219476,422
10206721,47.4453,48.7983,422,25117,0.0333342,0.03,1,219937,219515,422
10209641,24.6891,24.1597,423,25201,0.0626668,0.05,1,219956,219533,423
10212561,64.1378,64.8319,422,25285,0.0525334,0.05,1,220030,219608,422
10215481,14.4276,14.5664,422,25369,0.0665067,0.03,1,220032,219610,422
10218401,62.0855,61.3133,423,25453,0.0533013,0.03,1,220106,219683,423
10221321,51.6171,12.2627,472,25536,0.0506603,0.05,1,220155,219683,472
10224241,80.7234,40.8525,512,25619,0.066132,0.13,1,220243,219731,512
10227161,76.9447,76.1705,503,25702,0.0212264,0.03,1,220319,219816,503
10230081,46.5889,80.8341,460,25784,0.0282453,0.03,1,220358,219898,460
10233001,25.3178,47.3668,441,25866,0.0136491,0.07,1,220378,219937,441
10235921,64.2636,24.6734,496,25948,0.17073,0.05,1,220452,219956,496
10238841,14.4527,64.1347,424,26030,0.234146,0.07,1,220454,220030,424
10241761,62.8905,14.4269,497,26111,0.262829,0.05,1,220529,220032,497
10244681,50.1781,62.0854,470,26192,0.300566,0.05,1,220576,220106,470
10247601,82.8356,51.6171,512,26273,0.340113,0.07,1,220667,220155,512
10250521,74.9671,80.7234,497,26354,0.396023,0.01,1,220740,220243,497
10253441,46.9934,76.9447,461,26434,0.359205,0.03,1,220780,220319,461
10256361,25.3987,46.5889,442,26514,0.287841,0.01,1,220800,220358,442
10259281,73.0797,25.3178,507,26594,0.337568,0.21,1,220885,220378,507
10262201,16.2159,64.2636,435,26674,0.347514,0.25,1,220887,220452,435
10265121,64.0432,14.4527,509,26753,0.381503,0.27,1,220963,220454,509
10268041,52.0086,62.8905,483,26832,0.404301,0.31,1,221012,220529,483
10270961,84.8017,50.1781,529,26911,0.48886,0.35,1,221105,220576,529
10273881,18.5603,82.8356,440,26990,0.505772,0.41,1,221107,220667,440
10276801,63.7121,74.9671,442,27068,0.589154,0.35,1,221182,220740,442
10279721,40.7424,46.9934,437,27146,0.589831,0.27,1,221217,220780,437
10282641,22.5485,25.3987,435,27224,0.621966,0.35,1,221235,220800,435
10285561,75.7097,73.0797,439,27302,0.772393,0.35,2,221324,220885,439
10288481,16.7419,16.2159,439,27380,0.802479,0.39,2,221326,220887,439
10291401,66.5484,64.0432,442,27457,0.824496,0.41,2,221405,220963,442
10294321,52.5097,52.0086,442,27534,0.812899,0.51,2,221454,221012,442
10297241,88.9019,84.8017,447,27611,0.81058,0.51,2,221552,221105,447
10300161,19.3804,18.5603,447,27688,0.810116,0.61,2,221554,221107,447
10303081,66.2761,63.7121,450,27764,0.922023,0.59,2,221632,221182,450
10306001,42.0552,40.7424,451,27840,0.912405,0.63,2,221668,221217,451
10308921,22.811,22.5485,451,27916,0.942481,0.81,2,221686,221235,451
10381921,53,8,537,29753,0.75,1,2,223036,222499,537
10384841,39.4,51.2,511,29824,0.734,1,1,223072,222561,511
10387761,35.08,48.64,497,29895,0.6988,1,1,223106,222609,497
10390681,31.016,30.528,501,29966,0.65976,1,1,223136,222635,501
10393601,54.2032,75.7056,474,30037,0.507952,1,1,223196,222722,474
10396521,30.0406,23.9411,487,30107,0.41359,1,1,223220,222733,487
10399441,66.0081,65.5882,486,30177,0.282718,1,1,223295,222809,486
10402361,52.4016,56.3176,481,30247,0.208544,0.83,1,223344,222863,481
10405281,74.4803,84.8635,469,30317,0.129709,0.89,1,223424,222955,469
10408201,33.2961,39.3727,464,30387,0.0499417,0.75,1,223447,222983,464
10411121,41.8592,50.2745,455,30457,0.0499883,0.73,1,223491,223036,455
10414041,35.5718,38.8549,453,30526,0.0499977,0.69,1,223525,223072,453
10416961,32.7144,34.971,451,30595,0.0179995,0.65,1,223557,223106,451
10419881,28.1429,30.9942,448,30664,0.0275999,0.47,1,223584,223136,448
10422801,52.0286,54.1988,446,30733,0.06152,0.39,1,223642,223196,446
10425721,27.2057,30.0398,443,30802,0.084304,0.25,1,223663,223220,443
10428641,56.6411,66.008,432,30871,0.104861,0.19,1,223727,223295,432
10431561,47.3282,52.4016,428,30940,0.0769722,0.11,1,223772,223344,428
10434481,71.0656,74.4803,425,31008,0.119394,0.03,1,223849,223424,425
10437401,30.2131,33.2961,422,31076,0.143879,0.05,1,223869,223447,422
10440321,41.2426,41.8592,422,31144,0.132776,0.05,1,223913,223491,422
10443241,36.2485,35.5718,423,31212,0.0825552,0.01,1,223948,223525,423
10446161,32.8497,32.7144,423,31280,0.072511,0.01,1,223980,223557,423
10449081,27.3699,6.54287,449,31348,0.0705022,0.03,1,224006,223557,449
10452001,53.474,22.9086,482,31415,0.1021,0.07,1,224066,223584,482
10454921,28.2948,50.9817,446,31482,0.12442,0.09,1,224088,223642,446
10457841,56.859,26.9963,489,31549,0.128884,0.11,1,224152,223663,489
10460761,47.3718,56.5993,470,31616,0.177777,0.07,1,224197,223727,470
10463681,72.6744,47.3199,504,31683,0.139555,0.13,1,224276,223772,504
10466601,29.7349,71.064,446,31750,0.147911,0.15,1,224295,223849,446
10469521,40.347,30.2128,469,31817,0.133582,0.13,1,224338,223869,469
10472441,36.8694,41.2426,461,31883,0.130716,0.07,1,224374,223913,461
10475361,28.9739,36.2485,453,31949,0.146143,0.07,1,224401,223948,453
10478281,28.9948,32.8497,450,32015,0.101229,0.07,1,224430,223980,450
10481201,56.999,27.3699,488,32081,0.124246,0.11,1,224494,224006,488
10484121,28.9998,53.474,450,32147,0.224849,0.13,1,224516,224066,450
10487041,57.8,28.2948,493,32213,0.22897,0.13,1,224581,224088,493
10489961,46.76,56.859,473,32279,0.245794,0.19,1,224625,224152,473
10492881,71.752,47.3718,506,32345,0.313159,0.13,1,224703,224197,506
10495801,30.3504,72.6744,447,32410,0.326632,0.15,1,224723,224276,447
10498721,39.6701,29.7349,470,32475,0.329326,0.13,1,224765,224295,470
10501641,36.734,40.347,463,32540,0.361865,0.13,1,224801,224338,463
10504561,28.1468,36.8694,453,32605,0.368373,0.15,1,224827,224374,453
10507481,28.0294,28.9739,454,32670,0.369675,0.09,1,224855,224401,454
10510401,60.0059,28.9948,493,32735,0.385935,0.13,1,224923,224430,493
10513321,13.6012,56.999,431,32800,0.389187,0.25,1,224925,224494,431
10516241,21.1202,28.9998,432,32864,0.437837,0.23,1,224948,224516,432
10519161,57.824,57.8,434,32928,0.527568,0.25,1,225015,224581,434
10522081,46.7648,46.76,434,32992,0.561514,0.33,1,225059,224625,434
10525001,74.953,71.752,438,33056,0.680303,0.33,1,225141,224703,438
10527921,30.9906,30.3504,438,33120,0.672061,0.33,1,225161,224723,438
10530841,39.7981,39.6701,438,33184,0.670412,0.37,1,225203,224765,438
10533761,38.3596,36.734,440,33248,0.702082,0.37,1,225241,224801,440
10536681,28.4719,28.1468,440,33312,0.676416,0.37,1,225267,224827,440
10539601,28.0944,28.0294,440,33375,0.671283,0.39,1,225295,224855,440
10542521,62.4189,60.0059,443,33438,0.654257,0.39,1,225366,224923,443
10545441,14.0838,13.6012,443,33501,0.650851,0.45,1,225368,224925,443
10548361,22.8168,21.1202,445,33564,0.63417,0.55,1,225393,224948,445
10551281,61.3633,57.824,449,33627,0.630834,0.57,1,225464,225015,449
10554201,48.2727,46.7648,450,33690,0.646167,0.71,1,225509,225059,450
10557121,79.2545,74.953,455,33753,0.745233,0.67,1,225596,225141,455
10560041,31.8509,30.9906,455,33816,0.765047,0.67,2,225616,225161,455
10562961,39.9702,39.7981,455,33879,0.753009,0.71,2,225658,225203,455
10565881,38.394,38.3596,455,33941,0.782602,0.67,2,225696,225241,455
10568801,28.4788,28.4719,455,34003,0.80452,0.67,2,225722,225267,455
10571721,28.0958,28.0944,455,34065,0.824904,0.65,2,225750,225295,455
10574641,60.0192,62.4189,452,34127,0.828981,0.65,2,225818,225366,452
10577561,13.6038,14.0838,452,34189,0.829796,0.63,2,225820,225368,452
10580481,21.9208,22.8168,451,34251,0.797959,0.63,2,225844,225393,451
10583401,61.9842,4.56335,523,34313,0.791592,0.63,2,225916,225393,523
10586321,48.3968,57.7127,497,34375,0.822318,0.65,2,225961,225464,497
10589241,83.2794,47.5425,544,34437,0.844464,0.77,2,226053,225509,544
10592161,32.6559,79.1085,477,34498,0.848893,0.77,2,226073,225596,477
10595081,40.9312,31.8217,500,34559,0.849779,0.75,2,226116,225616,500
10598001,38.5862,39.9643,496,34620,0.849956,0.79,2,226154,225658,496
10600921,30.1172,38.3929,486,34681,0.849991,0.81,2,226182,225696,486
10603841,28.4234,28.4786,488,34742,0.849998,0.83,2,226210,225722,488
10606761,60.0847,28.0957,528,34803,0.85,0.83,2,226278,225750,528
10609681,13.6169,60.0191,462,34864,0.85,0.83,2,226280,225818,462
10612601,21.9234,13.6038,484,34925,0.85,0.79,2,226304,225820,484
10615521,62.7847,21.9208,533,34986,0.898,0.79,2,226377,225844,533
10618441,49.3569,61.9842,507,35046,0.9236,0.83,2,226423,225916,507
10726481,91,0,586,37212,0.59,1,1,227955,227369,586
10729401,40.6,82.4,511,37269,0.542,1,1,227983,227472,511
10732321,38.52,40.48,519,37326,0.5004,1,1,228021,227502,519
10735241,46.104,50.496,514,37383,0.46008,1,1,228069,227555,514
10738161,35.6208,39.6992,510,37440,0.468016,1,1,228102,227592,510
10741081,29.5242,30.3398,510,37496,0.501603,1,1,228130,227620,510
10744001,37.9048,35.668,513,37552,0.476321,1,1,228170,227657,513
10746921,30.781,40.7336,500,37608,0.359264,0.95,1,228199,227699,500
10749841,26.9562,28.1467,501,37664,0.367853,0.94,1,228225,227724,501
10752761,36.5912,28.8293,511,37720,0.369571,0.93,1,228264,227753,511
10755681,24.1182,40.9659,488,37776,0.369914,0.87,1,228285,227797,488
10758601,36.8236,27.3932,504,37832,0.353983,0.83,1,228325,227821,504
10761521,70.5647,39.8786,540,37888,0.414797,0.59,1,228404,227864,540
10764441,34.9129,80.7757,475,37944,0.426959,0.53,1,228430,227955,475
10767361,34.1826,38.5551,481,38000,0.461392,0.49,1,228464,227983,481
10770281,46.8365,38.111,493,38056,0.532278,0.45,1,228514,228021,493
10773201,34.1673,46.0222,476,38112,0.530456,0.47,1,228545,228069,476
10776121,29.2335,35.6044,471,38167,0.546091,0.51,1,228573,228102,471
10779041,33.8467,29.5209,478,38222,0.565218,0.47,1,228608,228130,478
10781961,29.1693,37.9042,466,38277,0.585044,0.33,1,228636,228170,466
10784881,28.2339,30.7808,465,38332,0.605009,0.37,1,228664,228199,465
10787801,37.6468,26.9562,479,38387,0.609002,0.37,1,228704,228225,479
10790721,22.7294,36.5912,459,38442,0.5938,0.37,1,228723,228264,459
10793641,38.1459,24.1182,480,38497,0.63876,0.35,1,228765,228285,480
10796561,70.8292,36.8236,519,38552,0.695752,0.43,1,228844,228325,519
10799481,36.5658,70.5647,468,38607,0.72315,0.43,1,228872,228404,468
10802401,8.91317,34.9129,444,38662,0.72863,0.47,1,228874,228430,444
10805321,29.7826,34.1826,445,38717,0.793726,0.55,2,228909,228464,445
10808241,49.1565,46.8365,449,38772,0.822745,0.53,2,228963,228514,449
10811161,36.2313,34.1673,451,38826,0.844549,0.55,2,228996,228545,451
10814081,28.0463,29.2335,449,38880,0.83291,0.57,2,229022,228573,449
10817001,35.2093,33.8467,451,38934,0.862582,0.59,2,229059,228608,451
10819921,29.4418,29.1693,451,38988,0.900516,0.61,2,229087,228636,451
10822841,29.0884,28.2339,452,39042,0.908103,0.61,2,229116,228664,452
10825761,37.8177,37.6468,452,39096,0.941621,0.59,2,229156,228704,452
10828681,24.3635,22.7294,454,39150,0.900324,0.65,2,229177,228723,454
10831601,38.4727,38.1459,454,39204,0.940065,0.71,2,229219,228765,454
10834521,73.2945,70.8292,457,39258,0.884013,0.73,2,229301,228844,457
10837441,37.8589,36.5658,458,39312,0.872803,0.73,2,229330,228872,458
10840361,9.17178,8.91317,458,39366,0.87056,0.81,2,229332,228874,458
10843281,32.2344,29.7826,461,39420,0.902112,0.83,2,229370,228909,461
10846201,51.2469,49.1565,463,39474,0.908422,0.85,2,229426,228963,463
10849121,35.8494,36.2313,462,39528,0.941684,0.83,2,229458,228996,462
10852041,28.7699,28.0463,463,39581,0.932337,0.87,2,229485,229022,463
10854961,36.954,35.2093,465,39634,0.914467,0.91,2,229524,229059,465
10857881,30.5908,29.4418,466,39687,0.942893,0.91,2,229553,229087,466
10860801,30.1182,29.0884,467,39740,0.948579,0.95,2,229583,229116,467
11030161,73,78,490,42713,0.73,1,1,231671,231181,490
11033081,43.4,46,488,42762,0.522,1,1,231707,231219,488
11036001,39.08,42,485,42811,0.5124,1,1,231745,231260,485
11038921,35.816,34.8,487,42860,0.41448,0.89,1,231780,231293,487
11041841,38.3632,30.96,496,42909,0.442896,0.95,1,231819,231323,496
11044761,32.4726,38.192,487,42958,0.400579,1,1,231850,231363,487
11047681,23.2945,36.4384,472,43007,0.360116,1,1,231871,231399,472
11050601,27.8589,7.28768,501,43056,0.256023,1,1,231900,231399,501
11053521,18.3718,26.2575,486,43105,0.219205,1,1,231916,231430,486
11056441,26.0744,18.8515,497,43154,0.195841,0.94,1,231944,231447,497
11059361,34.8149,26.1703,506,43203,0.223168,0.92,1,231981,231475,506
11062281,26.163,36.4341,491,43252,0.212634,0.91,1,232005,231514,491
11065201,26.8326,31.2868,488,43301,0.226527,0.87,1,232032,231544,488
11068121,26.1665,26.2574,489,43350,0.245305,0.85,1,232058,231569,489
11071041,55.6333,28.4515,523,43399,0.201061,0.73,1,232121,231598,523
11073961,37.5267,64.0903,483,43448,0.240212,0.47,1,232154,231671,483
11076881,37.1053,41.6181,484,43497,0.232042,0.51,1,232191,231707,484
11079801,31.4211,38.7236,476,43546,0.262408,0.39,1,232221,231745,476
11082721,37.4842,35.7447,480,43594,0.284482,0.45,1,232260,231780,480
11085641,29.8968,38.3489,469,43642,0.256896,0.39,1,232288,231819,469
11088561,21.1794,32.4698,457,43690,0.283379,0.35,1,232307,231850,457
11091481,24.2359,23.294,461,43738,0.320676,0.23,1,232332,231871,461
11094401,16.0472,27.8588,446,43786,0.328135,0.21,1,232346,231900,446
11097321,26.4094,18.3718,459,43834,0.329627,0.19,1,232375,231916,459
11100241,35.6819,26.0744,469,43882,0.393925,0.23,1,232413,231944,469
11103161,25.5364,34.8149,455,43930,0.390785,0.21,1,232436,231981,455
11106081,26.7073,26.163,458,43978,0.438157,0.23,1,232463,232005,458
11109001,26.1415,26.8326,457,44026,0.447631,0.25,1,232489,232032,457
11111921,54.8283,26.1665,493,44074,0.449526,0.19,1,232551,232058,493
11114841,38.1657,55.6333,464,44122,0.465905,0.25,1,232585,232121,464
11117761,38.0331,37.5267,469,44170,0.501181,0.23,1,232623,232154,469
11120681,31.6066,37.1053,462,44218,0.508236,0.27,1,232653,232191,462
11123601,39.9213,31.4211,474,44266,0.557647,0.29,1,232695,232221,474
11126521,29.5843,37.4842,462,44314,0.599529,0.25,1,232722,232260,462
11129441,22.7169,29.8968,455,44362,0.591906,0.29,1,232743,232288,455
11132361,25.3434,21.1794,462,44410,0.622381,0.33,1,232769,232307,462
11135281,14.6687,24.2359,449,44457,0.628476,0.33,1,232781,232332,449
11138201,4.53373,16.0472,437,44504,0.629695,0.33,1,232783,232346,437
11141121,24.9067,26.4094,438,44551,0.645939,0.41,1,232813,232375,438
11144041,38.5814,35.6819,442,44598,0.649188,0.39,1,232855,232413,442
11146961,25.3163,25.5364,441,44645,0.681838,0.45,1,232877,232436,441
11149881,27.4633,26.7073,442,44692,0.656367,0.45,1,232905,232463,442
11152801,27.8926,26.1415,444,44739,0.683273,0.45,1,232933,232489,444
11155721,55.9785,54.8283,445,44786,0.736655,0.47,1,232996,232551,445
11158641,38.3957,38.1657,445,44833,0.763331,0.51,2,233030,232585,445
11161561,39.6791,38.0331,447,44880,0.768666,0.51,2,233070,232623,447
11164481,31.9358,31.6066,447,44927,0.769733,0.57,2,233100,232653,447
11167401,42.3872,39.9213,450,44974,0.801947,0.61,2,233145,232695,450
11170321,31.6774,29.5843,452,45021,0.760389,0.59,2,233174,232722,452
11173241,23.9355,22.7169,453,45068,0.800078,0.63,2,233196,232743,453
11176161,25.5871,25.3434,453,45115,0.808016,0.63,2,233222,232769,453
11179081,14.7174,14.6687,453,45162,0.809603,0.63,2,233234,232781,453
11182001,4.54348,4.53373,453,45209,0.809921,0.65,2,233236,232783,453
11184921,25.7087,24.9067,454,45256,0.857984,0.65,2,233267,232813,454
11187841,38.7417,38.5814,454,45303,0.899597,0.69,2,233309,232855,454
11190761,25.3483,25.3163,454,45350,0.875919,0.65,2,233331,232877,454
11193681,27.4697,27.4633,454,45397,0.871184,0.69,2,233359,232905,454
11196601,29.4939,27.8926,456,45443,0.886237,0.75,2,233389,232933,456
11199521,58.6988,55.9785,459,45489,0.857247,0.77,2,233455,232996,459
11202441,39.7398,38.3957,460,45535,0.851449,0.77,2,233490,233030,460
11205361,39.948,39.6791,460,45581,0.88229,0.77,2,233530,233070,460
11208281,31.9896,31.9358,460,45627,0.904458,0.81,2,233560,233100,460
11211201,42.3979,42.3872,460,45673,0.940892,0.75,2,233605,233145,460
11214121,31.6796,31.6774,460,45719,0.932178,0.81,2,233634,233174,460
11217041,24.7359,23.9355,461,45765,0.914436,0.81,2,233657,233196,461
11219961,26.5472,25.5871,462,45811,0.862887,0.81,2,233684,233222,462
11222881,14.9094,14.7174,462,45857,0.852577,0.81,2,233696,233234,462
11225801,4.58189,4.54348,462,45903,0.882515,0.87,2,233698,233236,462
11228721,26.5164,25.7087,463,45949,0.920503,0.87,2,233730,233267,463
11231641,39.7033,5.14174,506,45995,0.896101,0.91,2,233773,233267,506
11234561,25.5407,34.6284,486,46041,0.89122,0.87,2,233795,233309,486
11237481,27.5081,24.5257,492,46087,0.890244,0.87,2,233823,233331,492
11240401,28.7016,27.3051,493,46133,0.906049,0.89,2,233852,233359,493
11243321,57.7403,29.461,528,46179,0.95721,0.85,2,233917,233389,528
11431661,22,13,432,21997,0.03,0.05,1,236139,235707,432
11434581,30.8,10.6,455,22093,0.014,0.03,1,236172,235717,455
11437501,68.56,45.32,479,22189,0.0268,0.03,1,236250,235771,479
11440421,65.712,81.064,454,22285,0.04536,0.11,1,236315,235861,454
11443341,81.9424,73.8128,468,22380,0.097072,0.09,1,236401,235933,468
11446261,55.5885,73.1626,444,22475,0.155414,0.05,1,236450,236006,444
11449181,64.7177,57.8325,457,22569,0.0550829,0.05,1,236517,236060,457
11452101,48.9435,57.1665,445,22663,0.0350166,0.03,1,236562,236117,445
11455021,35.3887,29.0333,455,22757,0.0310033,0.01,1,236594,236139,455
11457941,69.4777,32.2067,500,22850,0.0622007,0.03,1,236672,236172,500
11460861,69.0955,68.8413,491,22943,0.0844401,0.05,1,236741,236250,491
11463781,83.4191,65.7683,513,23035,0.136888,0.11,1,236828,236315,513
11466701,52.6838,81.9537,472,23127,0.163378,0.17,1,236873,236401,472
11469621,62.5368,55.5907,488,23219,0.184676,0.03,1,236938,236450,488
11472541,49.3074,64.7181,467,23310,0.108935,0.03,1,236984,236517,467
11475461,35.4615,48.9436,454,23401,0.077787,0.03,1,237016,236562,454
11478381,71.0923,35.3887,502,23492,0.0715574,0.07,1,237096,236594,502
11481301,70.2185,69.4777,494,23582,0.102311,0.09,1,237166,236672,494
11484221,86.0437,69.0955,515,23672,0.0764623,0.15,1,237256,236741,515
11487141,54.0087,83.4191,474,23762,0.0872925,0.17,1,237302,236828,474
11490061,62.0017,52.6838,493,23851,0.121458,0.19,1,237366,236873,493
11492981,46.8004,62.5368,471,23940,0.144292,0.09,1,237409,236938,471
11495901,10.9601,49.3074,427,24029,0.148858,0.07,1,237411,236984,427
11498821,26.192,35.4615,425,24117,0.197772,0.07,1,237441,237016,425
11501741,70.0384,71.0923,426,24205,0.207554,0.11,1,237522,237096,426
11504661,71.6077,70.2185,428,24293,0.209511,0.07,1,237594,237166,428
11507581,83.9215,86.0437,425,24380,0.241902,0.09,1,237681,237256,425
11510501,54.3843,54.0087,426,24467,0.28038,0.13,1,237728,237302,426
11513421,63.6769,62.0017,428,24554,0.288076,0.15,1,237794,237366,428
11516341,47.9354,46.8004,429,24640,0.273615,0.15,1,237838,237409,429
11519261,11.1871,10.9601,429,24726,0.302723,0.21,1,237840,237411,429
11522181,27.8374,26.192,431,24812,0.276545,0.21,1,237872,237441,431
11525101,69.5675,70.0384,430,24897,0.303309,0.21,1,237952,237522,430
11528021,73.9135,71.6077,433,24982,0.324662,0.25,1,238027,237594,433
11530941,85.1827,83.9215,434,25067,0.408932,0.29,1,238115,237681,434
11533861,54.6365,54.3843,434,25152,0.473786,0.29,1,238162,237728,434
11536781,63.7273,63.6769,434,25236,0.502757,0.27,1,238228,237794,434
11539701,48.7455,47.9354,435,25320,0.556551,0.31,1,238273,237838,435
11542621,11.3491,11.1871,435,25404,0.53531,0.27,1,238275,237840,435
11545541,27.0698,27.8374,434,25487,0.547062,0.27,1,238306,237872,434
11548461,69.414,5.56748,514,25570,0.533412,0.31,1,238386,237872,514
11551381,76.2828,65.1135,512,25653,0.578682,0.33,1,238464,237952,512
11554301,89.6566,73.0227,530,25736,0.635737,0.43,1,238557,238027,530
11557221,56.3313,85.0045,490,25818,0.679147,0.49,1,238605,238115,490
11560141,66.4663,54.6009,512,25900,0.719829,0.51,1,238674,238162,512
11563061,50.0933,63.7202,492,25982,0.727966,0.57,1,238720,238228,492
11565981,11.6186,48.744,449,26064,0.729593,0.53,1,238722,238273,449
11568901,26.3237,11.3488,477,26145,0.745919,0.55,1,238752,238275,477
11571821,70.0647,27.0698,527,26226,0.781184,0.53,2,238833,238306,527
11574741,78.813,69.414,528,26307,0.836237,0.59,2,238914,238386,528
11577661,92.5626,76.2828,546,26388,0.895247,0.65,2,239010,238464,546
11580581,58.5125,89.6566,503,26468,0.89105,0.69,2,239060,238557,503
11583501,68.5025,56.3313,526,26548,0.89021,0.73,2,239131,238605,526
11586421,51.3005,66.4663,504,26628,0.890042,0.73,2,239178,238674,504
11589341,11.8601,50.0933,460,26708,0.890008,0.73,2,239180,238720,460
11592261,26.372,11.6186,488,26787,0.890002,0.75,2,239210,238722,488
11595181,71.6744,26.3237,541,26866,0.922,0.79,2,239293,238752,541
11598101,15.9349,70.0647,462,26945,0.9284,0.85,2,239295,238833,462
11694461,22,47,498,29427,0.77,1,2,241084,240586,498
11697381,26.8,29.4,501,29499,0.706,1,1,241112,240611,501
11700301,66.16,23.48,555,29571,0.5972,1,1,241188,240633,555
11703221,28.432,63.896,500,29643,0.44744,1,1,241207,240707,500
11706141,57.6864,29.5792,544,29714,0.289488,1,1,241272,240728,544
11709061,85.9373,62.7158,566,29785,0.113898,1,1,241365,240799,566
11711981,29.9875,86.9432,489,29856,0.0467795,1,1,241381,240892,489
11714901,32.3975,53.3886,477,29927,0.0653559,0.94,1,241414,240937,477
11717821,54.4795,65.0777,469,29998,0.0530712,0.83,1,241474,241005,469
11720741,50.8959,58.6155,462,30069,0.0826142,0.77,1,241524,241062,462
11723661,22.9792,29.3231,456,30139,0.0405228,0.69,1,241540,241084,456
11726581,25.3958,28.2646,454,30209,0.0641046,0.57,1,241566,241112,454
11729501,58.6792,66.4529,445,30279,0.0368209,0.41,1,241633,241188,445
11732421,25.3358,28.4906,443,30349,0.00736418,0.25,1,241650,241207,443
11735341,49.8672,57.6981,434,30419,0.0734728,0.07,1,241706,241272,434
11738261,74.7734,85.9396,422,30489,0.118695,0.03,1,241787,241365,422
11741181,27.7547,29.9879,422,30558,0.127739,0.07,1,241803,241381,422
11744101,32.7509,32.3976,423,30627,0.0655478,0.05,1,241837,241414,423
11747021,54.5502,54.4795,423,30696,0.0211096,0.09,1,241897,241474,423
11749941,50.91,50.8959,423,30765,0.0762219,0.03,1,241947,241524,423
11752861,22.182,22.9792,422,30834,0.0872444,0.07,1,241962,241540,422
11755781,27.6364,25.3958,425,30903,0.0734489,0.03,1,241991,241566,425
11758701,56.7273,58.6792,422,30971,0.0866898,0,1,242055,241633,422
11761621,26.5455,25.3358,424,31039,0.073338,0.09,1,242074,241650,424
11764541,50.1091,49.8672,424,31107,0.0546676,0.13,1,242130,241706,424
11767461,76.4218,74.7734,426,31175,0.0829335,0.13,1,242213,241787,426
11770381,28.0844,27.7547,426,31243,0.104587,0.05,1,242229,241803,426
11773301,30.4169,32.7509,423,31311,0.108917,0.05,1,242260,241837,423
11776221,54.8834,6.55019,484,31379,0.0777835,0.01,1,242321,241837,484
11779141,50.9767,49.31,474,31446,0.103557,0.09,1,242371,241897,474
11782061,21.3953,49.862,438,31513,0.108711,0.09,1,242385,241947,438
11784981,29.0791,21.9724,454,31580,0.109742,0.07,1,242416,241962,454
11787901,55.4158,27.5945,487,31647,0.173948,0.09,1,242478,241991,487
11790821,25.4832,56.7189,441,31714,0.20279,0.07,1,242496,242055,441
11793741,51.4966,26.5438,480,31781,0.224558,0.05,1,242554,242074,480
11796661,76.6993,50.1088,507,31848,0.276912,0.09,1,242637,242130,507
11799581,28.1399,76.4218,440,31914,0.271382,0.11,1,242653,242213,440
11802501,28.028,28.0843,452,31980,0.270276,0.11,1,242681,242229,452
11805421,56.8056,30.4169,485,32046,0.270055,0.07,1,242745,242260,485
11808341,52.9611,54.8834,476,32112,0.270011,0.11,1,242797,242321,476
11811261,22.5922,50.9767,441,32178,0.302002,0.11,1,242812,242371,441
11814181,30.1184,21.3953,459,32244,0.3244,0.11,1,242844,242385,459
11817101,58.0237,29.0791,493,32310,0.36088,0.19,1,242909,242416,493
11820021,26.0047,55.4158,449,32375,0.368176,0.21,1,242927,242478,449
11822941,54.0009,25.4832,492,32440,0.401635,0.23,1,242988,242496,492
11825861,76.4002,51.4966,516,32505,0.440327,0.29,1,243070,242554,516
11828781,28.88,76.6993,450,32570,0.464065,0.27,1,243087,242637,450
11831701,28.176,28.1399,462,32635,0.468813,0.27,1,243115,242653,462
11834621,56.8352,28.028,498,32700,0.485763,0.27,1,243179,242681,498
11837541,52.967,56.8056,486,32765,0.521153,0.27,1,243231,242745,486
11840461,12.1934,52.9611,436,32830,0.544231,0.31,1,243233,242797,436
11843381,14.4387,22.5922,436,32894,0.564846,0.33,1,243248,242812,436
11846301,30.8877,30.1184,439,32958,0.616969,0.37,1,243283,242844,439
11849221,58.9775,58.0237,440,33022,0.659394,0.37,1,243349,242909,440
11852141,26.1955,26.0047,440,33086,0.667879,0.41,1,243367,242927,440
11855061,55.6391,54.0009,442,33150,0.653576,0.45,1,243430,242988,442
11857981,78.3278,76.4002,444,33214,0.634715,0.47,1,243514,243070,444
11860901,30.0656,28.88,445,33278,0.630943,0.47,1,243532,243087,445
11863821,28.4131,28.176,445,33342,0.662189,0.49,1,243560,243115,445
11866741,57.6826,56.8352,446,33405,0.700438,0.53,1,243625,243179,446
11869661,55.5365,52.967,449,33468,0.660088,0.55,1,243680,243231,449
11872581,12.7073,12.1934,449,33531,0.652018,0.57,1,243682,243233,449
11875501,15.3415,14.4387,450,33594,0.666404,0.63,1,243698,243248,450
11878421,31.8683,30.8877,451,33657,0.669281,0.67,1,243734,243283,451
11881341,60.7737,58.9775,453,33720,0.717856,0.67,1,243802,243349,453
11884261,27.3547,26.1955,454,33783,0.727571,0.65,1,243821,243367,454
11887181,55.8709,55.6391,454,33846,0.713514,0.63,1,243884,243430,454
11890101,77.5742,78.3278,453,33908,0.742703,0.63,1,243967,243514,453
11893021,29.9148,30.0656,453,33970,0.764541,0.67,2,243985,243532,453
11895941,28.383,28.4131,453,34032,0.736908,0.71,1,244013,243560,453
11898861,59.2766,57.6826,455,34094,0.763382,0.65,2,244080,243625,455
11901781,53.4553,55.5365,452,34156,0.800676,0.65,2,244132,243680,452
11904701,12.2911,12.7073,452,34218,0.808135,0.65,2,244134,243682,452
11907621,15.2582,2.54146,468,34280,0.777627,0.67,2,244150,243682,468
11910541,31.8516,13.3083,488,34342,0.803525,0.67,2,244186,243698,488
11913461,63.1703,31.4617,523,34404,0.808705,0.73,2,244257,243734,523
11916381,27.8341,60.6923,474,34465,0.825741,0.73,2,244276,243802,474
11919301,56.7668,27.3385,519,34526,0.893148,0.71,2,244340,243821,519
12062381,31,86,510,37408,0.89,1,2,246377,245867,510
12249261,38,57,506,40863,0.47,1,1,248758,248252,506
12252181,46,39.4,519,40915,0.294,1,1,248806,248287,519
12255101,36.4,38.28,515,40967,0.1468,1,1,248840,248325,515
12258021,49.68,29.256,541,41019,0.06936,1,1,248893,248352,541
12260941,47.536,52.2512,530,41070,0.037872,0.96,1,248940,248410,530
12263861,37.5072,45.6502,521,41121,0.0635744,1,1,248975,248454,521
12266781,29.9014,37.13,514,41172,0.0847149,1,1,249003,248489,514
12269701,32.3803,33.826,514,41223,0.056943,0.83,1,249036,248522,514
12272621,21.6761,37.9652,494,41274,0.0353886,0.87,1,249055,248561,494
12275541,27.5352,25.193,501,41325,0.0470777,0.97,1,249084,248583,501
12278461,31.107,34.6386,496,41376,0.0494155,0.87,1,249116,248620,496
12281381,25.4214,33.3277,487,41427,0.0658831,0.69,1,249140,248653,487
12284301,30.6843,29.8655,490,41478,0.101177,0.63,1,249172,248682,490
12287221,28.5369,36.3731,480,41529,0.0762353,0.47,1,249200,248720,480
12290141,7.30737,37.6746,444,41580,0.0712471,0.25,1,249202,248758,444
12293061,31.8615,45.9349,434,41631,0.118249,0.11,1,249240,248806,434
12295981,27.9723,36.387,427,41682,0.12765,0.05,1,249267,248840,427
12298901,45.5945,49.6774,424,41733,0.06553,0.03,1,249317,248893,424
12301821,45.1189,47.5355,422,41784,0.037106,0.07,1,249362,248940,422
12304741,37.0238,37.5071,422,41835,0.0314212,0.09,1,249397,248975,422
12307661,30.6048,29.9014,423,41885,0.0622842,0.05,1,249426,249003,423
12310581,32.521,32.3803,423,41935,0.0364568,0.03,1,249459,249036,423
12313501,21.7042,21.6761,423,41985,0.0632914,0.05,1,249478,249055,423
12316421,27.5408,27.5352,423,42035,0.0366583,0.05,1,249507,249084,423
12319341,31.9082,31.107,424,42085,0.0313317,0.07,1,249540,249116,424
12322261,27.1816,25.4214,426,42135,0.0302663,0.11,1,249566,249140,426
12325181,32.6363,30.6843,428,42185,0.0620533,0.07,1,249600,249172,428
12328101,26.5273,28.5369,425,42235,0.0204107,0.07,1,249625,249200,425
12331021,6.90545,7.30737,425,42285,0.0440821,0.13,1,249627,249202,425
12333941,34.1811,31.8615,428,42335,0.0648164,0.13,1,249668,249240,428
12336861,26.8362,27.9723,426,42385,0.0529633,0.05,1,249693,249267,426
12339781,43.7672,45.5945,424,42435,0.114593,0.03,1,249741,249317,424
12342701,43.1534,45.1189,422,42485,0.0629185,0.03,1,249784,249362,422
12345621,36.6307,37.0238,422,42535,0.0365837,0.07,1,249819,249397,422
12348541,31.3261,30.6048,423,42585,0.0793167,0.03,1,249849,249426,423
12351461,31.8652,32.521,422,42635,0.0878633,0.07,1,249881,249459,422
12354381,23.973,21.7042,425,42684,0.0735727,0.03,1,249903,249478,425
12357301,25.5946,27.5408,422,42733,0.0707145,0.03,1,249929,249507,422
12360221,32.3189,31.9082,423,42782,0.0541429,0.03,1,249963,249540,423
12363141,26.4638,27.1816,422,42831,0.0508286,0.07,1,249988,249566,422
12366061,33.2928,32.6363,423,42880,0.0501657,0.01,1,250023,249600,423
12368981,25.8586,26.5273,422,42929,0.0500331,0.05,1,250047,249625,422
12371901,6.77171,6.90545,422,42978,0.0660066,0.07,1,250049,249627,422
12374821,35.7543,34.1811,424,43027,0.0692013,0.07,1,250092,249668,424
12377741,26.3509,6.83622,448,43076,0.0378403,0.05,1,250116,249668,448
12380661,45.2702,21.3672,473,43125,0.0475681,0.13,1,250166,249693,473
12383581,40.254,42.6734,464,43174,0.0815136,0.05,1,250205,249741,464
12386501,36.0508,42.9347,456,43223,0.104303,0.03,1,250240,249784,456
12389421,33.6102,36.5869,454,43272,0.108861,0.09,1,250273,249819,454
12392341,31.522,31.3174,455,43321,0.109772,0.09,1,250304,249849,455
12395261,24.7044,31.8635,446,43370,0.109954,0.07,1,250327,249881,446
12398181,24.1409,23.9727,448,43419,0.125991,0.07,1,250351,249903,448
12401101,31.2282,25.5945,455,43468,0.129198,0.05,1,250384,249929,455
12404021,26.2456,32.3189,446,43517,0.14584,0.05,1,250409,249963,446
12406941,33.2491,26.4638,456,43565,0.181168,0.05,1,250444,249988,456
12409861,26.6498,33.2928,446,43613,0.204234,0.05,1,250469,250023,446
12412781,6.92996,25.8586,424,43661,0.208847,0.07,1,250471,250047,424
12415701,35.786,6.77171,465,43709,0.225769,0.07,1,250514,250049,465
12418621,26.3572,35.7543,446,43757,0.229154,0.03,1,250538,250092,446
12421541,46.0714,26.3509,473,43805,0.245831,0.05,1,250589,250116,473
12424461,41.2143,45.2702,463,43853,0.249166,0.09,1,250629,250166,463
12427381,37.0429,40.254,460,43901,0.249833,0.11,1,250665,250205,460
12430301,33.0086,36.0508,457,43949,0.265967,0.11,1,250697,250240,457
12433221,33.8017,33.6102,458,43997,0.301193,0.11,1,250731,250273,458
12436141,25.1603,31.522,450,44045,0.324239,0.11,1,250754,250304,450
12439061,24.2321,24.7044,451,44093,0.296848,0.13,1,250778,250327,451
12441981,31.2464,24.1409,460,44141,0.29137,0.13,1,250811,250351,460
12444901,27.8493,31.2282,454,44189,0.306274,0.15,1,250838,250384,454
12447821,34.3699,26.2456,465,44237,0.341255,0.19,1,250874,250409,465
12450741,27.674,33.2491,456,44285,0.348251,0.21,1,250900,250444,456
12453661,7.13479,26.6498,433,44333,0.34965,0.21,1,250902,250469,433
12456581,36.627,6.92996,475,44381,0.39793,0.23,1,250946,250471,475
12459501,26.5254,35.786,456,44429,0.407586,0.23,1,250970,250514,456
12462421,6.90508,26.3572,434,44476,0.409517,0.25,1,250972,250538,434
12465341,42.181,46.0714,434,44523,0.441903,0.25,1,251023,250589,434
12468261,42.0362,41.2143,436,44570,0.464381,0.25,1,251065,250629,436
12471181,35.6072,37.0429,434,44617,0.468876,0.27,1,251099,250665,434
12474101,33.5214,33.0086,435,44664,0.469775,0.31,1,251132,250697,435
12477021,35.5043,33.8017,437,44711,0.501955,0.33,1,251168,250731,437
12479941,24.7009,25.1603,436,44758,0.572391,0.29,1,251190,250754,436
12482861,24.1402,24.2321,436,44805,0.570478,0.29,1,251214,250778,436
12485781,31.228,31.2464,436,44852,0.554096,0.31,1,251247,250811,436
12488701,28.6456,27.8493,437,44899,0.566819,0.35,1,251275,250838,437
12491621,36.1291,34.3699,439,44946,0.569364,0.35,1,251313,250874,439
12494541,28.8258,27.674,440,44993,0.617873,0.35,1,251340,250900,440
12497461,7.36516,7.13479,440,45040,0.627575,0.41,1,251342,250902,440
12500381,38.273,36.627,442,45087,0.629515,0.41,1,251388,250946,442
12503301,27.6546,26.5254,443,45134,0.613903,0.41,1,251413,250970,443
12506221,7.13092,6.90508,443,45181,0.610781,0.45,1,251415,250972,443
12509141,43.0262,42.181,444,45228,0.610156,0.47,1,251467,251023,444
12512061,43.0052,42.0362,445,45275,0.626031,0.47,1,251510,251065,445
12514981,36.601,35.6072,446,45322,0.645206,0.47,1,251545,251099,446
12517901,33.7202,33.5214,446,45369,0.633041,0.51,1,251578,251132,446
12520821,37.144,35.5043,448,45415,0.630608,0.59,1,251616,251168,448
12523741,25.8288,24.7009,449,45461,0.614122,0.57,1,251639,251190,449
12526661,25.1658,24.1402,450,45507,0.642824,0.55,1,251664,251214,450
12529581,30.6332,31.228,449,45553,0.648565,0.57,1,251696,251247,449
12532501,29.3266,28.6456,450,45599,0.633713,0.57,1,251725,251275,450
12535421,37.8653,36.1291,452,45645,0.646743,0.63,1,251765,251313,452
12538341,28.3731,28.8258,451,45691,0.697348,0.63,1,251791,251340,451
12541261,7.27461,7.36516,451,45737,0.70747,0.63,1,251793,251342,451
12544181,38.2549,38.273,451,45783,0.693494,0.61,1,251839,251388,451
12547101,26.851,27.6546,450,45829,0.722699,0.61,1,251863,251413,450
12550021,6.9702,7.13092,450,45875,0.72854,0.61,1,251865,251415,450
12552941,42.994,43.0262,450,45921,0.777708,0.61,2,251917,251467,450
12555861,44.5988,8.60524,495,45967,0.755542,0.63,2,251962,251467,495
12558781,36.1198,36.121,486,46013,0.767108,0.65,2,251996,251510,486
12561701,32.824,35.2242,483,46059,0.769422,0.63,2,252028,251545,483
12564621,36.9648,33.4448,488,46105,0.785884,0.63,2,252066,251578,488
12567541,27.393,37.089,475,46151,0.773177,0.61,2,252091,251616,475
12570461,24.6786,25.8178,476,46197,0.834635,0.65,2,252115,251639,476
12573381,30.5357,25.1636,483,46243,0.862927,0.65,2,252147,251664,483
12576301,30.1071,30.6327,481,46289,0.884585,0.63,2,252177,251696,481
12579221,38.8214,29.3265,493,46335,0.888917,0.65,2,252218,251725,493
12582141,29.3643,37.8653,480,46381,0.905783,0.71,2,252245,251765,480
12585061,7.47286,28.3731,456,46426,0.909157,0.71,2,252247,251791,456
12587981,39.0946,7.27461,501,46471,0.893831,0.69,2,252294,251793,501
12590901,27.8189,38.2549,480,46516,0.938766,0.73,2,252319,251839,480
12593821,7.16378,26.851,458,46561,0.963753,0.73,2,252321,251863,458
12871221,28,34,492,50681,0.73,1,1,255233,254741,492
12874141,28,27.6,494,50723,0.698,1,1,255261,254767,494
12877061,36,26.32,506,50765,0.5956,1,1,255299,254793,506
12879981,29.6,29.264,504,50806,0.57512,1,1,255327,254823,504
12882901,19.52,32.2528,488,50847,0.571024,1,1,255344,254856,488
12885821,40.704,40.0506,492,50888,0.442205,1,1,255390,254898,492
12888741,35.3408,28.0101,501,50929,0.416441,1,1,255424,254923,501
12891661,25.4682,35.202,487,50970,0.395288,0.93,1,255447,254960,487
12894581,23.4936,29.4404,482,51011,0.311058,0.97,1,255470,254988,482
12897501,22.2987,24.2881,481,51052,0.294212,1,1,255492,255011,481
12900421,20.4597,20.0576,482,51093,0.258842,1,1,255512,255030,482
12903341,24.8919,25.6115,481,51134,0.267768,1,1,255538,255057,481
12906261,31.3784,34.7223,477,51175,0.253554,0.83,1,255571,255094,477
12909181,25.4757,29.3445,473,51216,0.218711,0.93,1,255595,255122,473
12912101,22.6951,22.6689,474,51257,0.195742,0.93,1,255617,255143,474
12915021,24.539,29.3338,468,51298,0.191148,0.88,1,255642,255174,468
12917941,27.3078,30.6668,465,51339,0.20623,0.73,1,255670,255205,465
12920861,23.8616,28.5334,460,51380,0.209246,0.69,1,255693,255233,460
12923781,23.1723,28.1067,455,51421,0.193849,0.57,1,255716,255261,455
12926701,32.6345,36.0213,452,51462,0.22277,0.57,1,255751,255299,452
12929621,24.9269,29.6043,447,51503,0.212554,0.57,1,255774,255327,447
12932541,17.7854,19.5209,446,51544,0.210511,0.41,1,255790,255344,446
12935461,39.5571,40.7042,445,51585,0.226102,0.41,1,255835,255390,445
12938381,36.7114,35.3408,447,51626,0.30922,0.39,1,255871,255424,447
12941301,19.3423,25.4682,439,51667,0.309844,0.29,1,255886,255447,439
12944221,19.8685,23.4936,436,51708,0.325969,0.29,1,255906,255470,436
12947141,21.5737,22.2987,436,51749,0.329194,0.25,1,255928,255492,436
12950061,15.5147,20.4597,430,51790,0.297839,0.25,1,255942,255512,430
12952981,24.7029,4.09195,457,51831,0.275568,0.27,1,255969,255512,457
12955901,31.3406,21.6184,464,51872,0.255114,0.25,1,256002,255538,464
12958821,23.8681,30.7237,453,51913,0.267023,0.21,1,256024,255571,453
12961741,23.1736,25.3447,452,51954,0.285405,0.19,1,256047,255595,452
12964661,23.8347,22.6689,454,51995,0.289081,0.19,1,256071,255617,454
12967581,27.1669,24.5338,457,52035,0.337816,0.21,1,256099,255642,457
12970501,23.8334,27.3068,452,52075,0.379563,0.21,1,256122,255670,452
12973421,23.1667,23.8614,452,52115,0.387913,0.19,1,256145,255693,452
12976341,33.4333,23.1723,465,52155,0.421583,0.23,1,256181,255716,465
12979261,24.2867,32.6345,452,52195,0.460317,0.21,1,256203,255751,452
12982181,18.4573,24.9269,446,52235,0.452063,0.21,1,256220,255774,446
12985101,39.6915,17.7854,475,52275,0.466413,0.23,1,256265,255790,475
12988021,40.7383,39.5571,471,52315,0.485283,0.33,1,256306,255835,471
12990941,20.1477,36.7114,450,52355,0.505057,0.31,1,256321,255871,450
12993861,20.0295,19.3423,455,52395,0.509011,0.33,1,256341,255886,455
12996781,21.6059,19.8685,457,52435,0.509802,0.33,1,256363,255906,457
12999701,15.5212,21.5737,449,52475,0.50996,0.29,1,256377,255928,449
13002621,23.9042,15.5147,461,52515,0.509992,0.27,1,256403,255942,461
13005541,31.1808,24.7029,467,52555,0.525998,0.25,1,256436,255969,467
13008461,23.8362,31.3406,456,52595,0.5132,0.27,1,256458,256002,456
13011381,23.9672,23.8681,458,52635,0.54264,0.29,1,256482,256024,458
13014301,26.3934,23.1736,462,52675,0.532528,0.29,1,256509,256047,462
13017221,27.6787,23.8347,466,52715,0.530506,0.35,1,256537,256071,466
13020141,25.5357,27.1669,463,52755,0.514101,0.39,1,256562,256099,463
13023061,25.1071,23.8334,465,52795,0.54282,0.39,1,256587,256122,465
13025981,34.6214,23.1667,479,52835,0.532564,0.43,1,256624,256145,479
13028901,25.3243,33.4333,466,52875,0.578513,0.47,1,256647,256181,466
13031821,19.4649,24.2867,462,52915,0.587703,0.45,1,256665,256203,462
13034741,39.093,18.4573,489,52955,0.589541,0.47,1,256709,256220,489
13037661,41.4186,39.6915,486,52995,0.589908,0.49,1,256751,256265,486
13040581,21.0837,40.7383,461,53035,0.621982,0.51,1,256767,256306,461
13043501,20.2167,20.1477,466,53075,0.628396,0.51,1,256787,256321,466
13046421,21.6433,20.0295,468,53115,0.629679,0.51,1,256809,256341,468
13049341,15.5287,21.6059,460,53155,0.629936,0.51,1,256823,256363,460
13052261,23.9057,15.5212,472,53195,0.645987,0.51,1,256849,256377,472
13055181,30.3811,23.9042,478,53235,0.665197,0.53,1,256881,256403,478
13058101,7.67623,31.1808,447,53275,0.66904,0.51,1,256883,256436,447
13061021,19.9352,23.8362,448,53315,0.685808,0.55,1,256906,256458,448
13063941,23.987,23.9672,449,53354,0.705162,0.53,1,256931,256482,449
13066861,25.5974,26.3934,448,53393,0.741032,0.53,1,256957,256509,448
13069781,27.5195,27.6787,448,53432,0.732207,0.51,1,256985,256537,448
13072701,24.7039,25.5357,447,53471,0.746441,0.55,1,257009,256562,447
13075621,26.5408,25.1071,449,53510,0.765288,0.53,2,257036,256587,449
13078541,35.7082,34.6214,450,53549,0.801058,0.59,2,257074,256624,450
13081461,26.3416,25.3243,451,53588,0.824212,0.59,2,257098,256647,451
13084381,19.6683,19.4649,451,53627,0.828842,0.59,2,257116,256665,451
13087301,39.1337,39.093,451,53666,0.877768,0.59,2,257160,256709,451
13090221,43.0267,41.4186,453,53705,0.887554,0.63,2,257204,256751,453
13093141,21.4053,21.0837,453,53744,0.857511,0.63,2,257220,256767,453
13096061,20.2811,20.2167,453,53783,0.851502,0.63,2,257240,256787,453
13098981,21.6562,21.6433,453,53822,0.8663,0.63,2,257262,256809,453
13101901,15.5312,15.5287,453,53861,0.90126,0.65,2,257276,256823,453
13104821,25.5062,23.9057,455,53900,0.908252,0.67,2,257304,256849,455
13107741,30.7012,30.3811,455,53939,0.89365,0.67,2,257336,256881,455
13110661,7.74025,7.67623,455,53978,0.92273,0.69,2,257338,256883,455
13113581,20.7481,19.9352,456,54017,0.896546,0.71,2,257362,256906,456
13116501,24.9496,23.987,457,54056,0.907309,0.75,2,257388,256931,457
13119421,25.7899,25.5974,457,54095,0.941462,0.73,2,257414,256957,457
13345721,38,22,496,26361,0.07,1,1,259609,259113,496
13348641,49.2,51.6,489,26441,0.07,0.95,1,259661,259172,489
13351561,66.64,58.32,500,26521,0.054,0.77,1,259732,259232,500
13354481,50.128,64.464,480,26601,0.0508,0.57,1,259778,259298,480
13357401,37.2256,55.2928,461,26681,0.06616,0.47,1,259812,259351,461
13360321,26.6451,34.2586,456,26760,0.085232,0.37,1,259836,259380,456
13363241,25.329,31.6517,450,26839,0.137046,0.25,1,259861,259411,450
13366161,38.6658,39.1303,451,26918,0.131409,0.15,1,259903,259452,451
13369081,81.3332,46.2261,495,26997,0.162282,0.07,1,259995,259500,495
13372001,45.0666,96.4452,422,27075,0.184456,0.07,1,260031,259609,422
13374921,52.2133,60.889,424,27153,0.172891,0.05,1,260085,259661,424
13377841,68.8427,68.9778,426,27231,0.0905783,0.05,1,260158,259732,426
13380761,49.7685,50.5956,425,27309,0.0901157,0.07,1,260203,259778,425
13383681,38.7537,37.3191,427,27387,0.138023,0.09,1,260239,259812,427
13386601,26.1507,26.6638,426,27464,0.131605,0.15,1,260262,259836,426
13389521,28.4301,25.3328,430,27541,0.146321,0.13,1,260291,259861,430
13392441,38.486,38.6666,429,27618,0.165264,0.17,1,260332,259903,429
13395361,82.0972,81.3333,430,27695,0.185053,0.19,1,260425,259995,430
13398281,42.8194,45.0667,427,27771,0.221011,0.17,1,260458,260031,427
13401201,54.1639,52.2133,430,27847,0.276202,0.07,1,260515,260085,430
13404121,65.2328,68.8427,425,27923,0.28724,0.09,1,260583,260158,425
13407041,48.2466,49.7685,424,27999,0.289448,0.15,1,260627,260203,424
13409961,40.8493,38.7537,427,28075,0.27389,0.13,1,260666,260239,427
13412881,27.3699,26.1507,428,28150,0.270778,0.15,1,260690,260262,428
13415801,29.474,28.4301,429,28225,0.286156,0.17,1,260720,260291,429
13418721,39.4948,38.486,430,28300,0.289231,0.19,1,260762,260332,430
13421641,83.099,82.0972,431,28375,0.401846,0.19,1,260856,260425,431
13424561,43.8198,16.4194,465,28450,0.392369,0.23,1,260890,260425,465
13427481,55.164,29.6839,490,28524,0.438474,0.29,1,260948,260458,490
13430401,67.0328,51.5368,503,28598,0.479695,0.29,1,261018,260515,503
13433321,48.6066,64.7074,479,28672,0.503939,0.29,1,261062,260583,479
13436241,38.5213,48.1415,471,28746,0.508788,0.27,1,261098,260627,471
13439161,29.3043,40.8283,459,28820,0.525758,0.27,1,261125,260666,459
13442081,29.8609,27.3657,465,28893,0.529152,0.29,1,261155,260690,465
13445001,41.1722,29.4731,479,28966,0.54583,0.29,1,261199,260720,479
13447921,85.8344,39.4946,534,29039,0.581166,0.43,1,261296,260762,534
13450841,45.1669,83.0989,475,29112,0.604233,0.39,1,261331,260856,475
13453761,57.8334,43.8198,502,29185,0.576847,0.45,1,261392,260890,502
13456681,69.1667,55.164,516,29258,0.635369,0.49,1,261464,260948,516
13459601,49.0333,67.0328,490,29330,0.615074,0.51,1,261508,261018,490
13462521,38.6067,48.6066,482,29402,0.611015,0.51,1,261544,261062,482
13465441,30.1213,38.5213,474,29474,0.626203,0.53,1,261572,261098,474
13468361,30.0243,29.3043,477,29546,0.661241,0.53,1,261602,261125,477
13471281,41.2049,29.8609,491,29618,0.700248,0.55,1,261646,261155,491
13474201,88.241,41.1722,547,29689,0.74005,0.59,1,261746,261199,547
13477121,46.4482,85.8344,486,29760,0.78001,0.61,2,261782,261296,486
13480041,56.4896,45.1669,510,29831,0.788002,0.57,2,261841,261331,510
13482961,12.8979,57.8334,451,29902,0.7896,0.65,2,261843,261392,451
13485881,60.9796,69.1667,452,29973,0.82192,0.61,2,261916,261464,452
13488801,47.3959,49.0333,452,30044,0.876384,0.61,2,261960,261508,452
13491721,38.2792,38.6067,452,30114,0.855277,0.63,2,261996,261544,452
13494641,30.8558,30.1213,453,30184,0.867055,0.67,2,262025,261572,453
13497561,31.7712,30.0243,455,30254,0.885411,0.71,2,262057,261602,455
13500481,43.1542,41.2049,457,30324,0.905082,0.75,2,262103,261646,457
13608521,30,36,501,32807,0.78,1,2,263862,263361,501
13611441,30,47.2,481,32871,0.772,1,2,263892,263411,481
13614361,30,27.84,488,32935,0.6904,1,1,263922,263434,488
13617281,32.4,27.968,493,32999,0.57808,1,1,263955,263462,493
13620201,40.88,47.9936,483,33063,0.443616,1,1,263998,263515,483
13623121,82.576,88.7987,477,33127,0.176723,1,1,264091,263614,477
13626041,58.1152,49.7597,489,33191,0.0433446,1,1,264143,263654,489
13628961,51.623,61.1519,475,33255,0.0646689,1,1,264193,263718,475
13631881,34.3246,33.8304,478,33319,0.0529338,0.83,1,264223,263745,478
13634801,46.0649,49.9661,473,33382,0.0505868,0.92,1,264272,263799,473
13637721,30.813,36.3932,467,33445,0.0101174,0.78,1,264299,263832,467
13640641,23.7626,31.2786,459,33508,0.0580235,0.77,1,264321,263862,459
13643561,26.3525,30.2557,456,33571,0.0676047,0.67,1,264348,263892,456
13646481,21.2705,30.0511,446,33634,0.117521,0.55,1,264368,263922,446
13649401,29.0541,32.4102,444,33697,0.0475042,0.41,1,264399,263955,444
13652321,33.8108,40.882,436,33760,0.0815008,0.11,1,264434,263998,436
13655241,71.5622,82.5764,424,33823,0.0723002,0.01,1,264515,264091,424
13658161,56.7124,58.1153,425,33886,0.07046,0.07,1,264568,264143,425
13661081,50.5425,51.6231,424,33948,0.038092,0.05,1,264617,264193,424
13664001,34.9085,34.3246,425,34010,0.0316184,0.05,1,264648,264223,425
13666921,44.5817,46.0649,423,34072,0.0783237,0,1,264695,264272,423
13669841,31.3163,30.813,424,34134,0.0236647,0.07,1,264723,264299,424
13672761,23.8633,23.7626,424,34196,0.0767329,0.07,1,264745,264321,424
13675681,26.3727,26.3525,424,34258,0.0873466,0.07,1,264772,264348,424
13678601,22.0745,5.2705,445,34320,0.0894693,0.13,1,264793,264348,445
13681521,26.8149,17.0541,453,34382,0.0898939,0.03,1,264821,264368,453
13684441,34.163,28.2108,458,34443,0.105979,0.09,1,264857,264399,458
13687361,74.8326,33.6422,508,34504,0.125196,0.07,1,264942,264434,508
13690281,54.9665,71.5284,477,34565,0.161039,0.07,1,264992,264515,477
13693201,47.7933,56.7057,470,34626,0.0402078,0.03,1,265038,264568,470
13696121,34.3587,50.5411,452,34687,0.0640416,0.03,1,265069,264617,452
13699041,47.6717,34.9082,472,34748,0.0528083,0.09,1,265120,264648,472
13701961,28.7343,44.5816,449,34809,0.0505617,0.01,1,265144,264695,449
13704881,24.9469,31.3163,445,34870,0.0501123,0.09,1,265168,264723,445
13707801,26.5894,23.8633,450,34931,0.114022,0.09,1,265195,264745,450
13710721,23.7179,26.3727,446,34992,0.126805,0.09,1,265218,264772,446
13713641,27.1436,22.0745,453,35052,0.145361,0.09,1,265246,264793,453
13716561,35.0287,26.8149,462,35112,0.133072,0.11,1,265283,264821,462
13719481,75.8057,34.163,512,35172,0.130614,0.13,1,265369,264857,512
13722401,56.7612,74.8326,479,35232,0.146123,0.17,1,265421,264942,479
13725321,42.5522,54.9665,468,35292,0.165225,0.01,1,265460,264992,468
13728241,34.1104,47.7933,454,35352,0.201045,0.07,1,265492,265038,454
13731161,47.6221,34.3587,474,35412,0.192209,0.05,1,265543,265069,474
13734081,28.7244,47.6717,447,35472,0.206442,0.05,1,265567,265120,447
13737001,25.7449,28.7343,448,35532,0.209288,0.05,1,265592,265144,448
13739921,29.149,24.9469,454,35591,0.225858,0.13,1,265622,265168,454
13742841,24.2298,26.5894,450,35650,0.261172,0.13,1,265645,265195,450
13745761,6.44596,23.7179,429,35709,0.268234,0.15,1,265647,265218,429
13748681,23.6892,27.1436,429,35768,0.317647,0.13,1,265675,265246,429
13751601,33.5378,35.0287,428,35827,0.327529,0.13,1,265711,265283,428
13754521,75.5076,75.8057,428,35886,0.377506,0.15,1,265797,265369,428
13757441,58.3015,56.7612,430,35945,0.403501,0.17,1,265851,265421,430
13760361,42.8603,42.5522,430,36004,0.3927,0.21,1,265890,265460,430
13763281,35.7721,34.1104,432,36063,0.35854,0.19,1,265924,265492,432
13766201,47.1544,47.6221,431,36122,0.399708,0.21,1,265974,265543,431
13769121,30.2309,28.7244,433,36181,0.423942,0.21,1,266000,265567,433
13772041,27.6462,25.7449,435,36239,0.460788,0.23,1,266027,265592,435
13774961,28.7292,29.149,434,36297,0.452158,0.27,1,266056,265622,434
13777881,25.7458,24.2298,436,36355,0.466432,0.27,1,266081,265645,436
13780801,6.74917,6.44596,436,36413,0.469286,0.33,1,266083,265647,436
13783721,23.7498,23.6892,436,36471,0.517857,0.33,1,266111,265675,436
13786641,33.55,33.5378,436,36529,0.575571,0.39,1,266147,265711,436
13789561,77.91,75.5076,439,36587,0.555114,0.41,1,266236,265797,439
13792481,59.582,58.3015,440,36645,0.599023,0.39,1,266291,265851,440
13795401,42.3164,42.8603,439,36703,0.623805,0.35,1,266329,265890,439
13798321,35.6633,35.7721,439,36761,0.660761,0.41,1,266363,265924,439
13801241,47.9327,47.1544,440,36818,0.652152,0.43,1,266414,265974,440
13804161,33.5865,30.2309,444,36875,0.61843,0.47,1,266444,266000,444
13807081,27.5173,27.6462,443,36932,0.611686,0.45,1,266470,266027,443
13810001,29.5035,28.7292,444,36989,0.594337,0.47,1,266500,266056,444
13812921,26.7007,25.7458,445,37046,0.654867,0.47,1,266526,266081,445
13815841,6.94014,6.74917,445,37103,0.634973,0.53,1,266528,266083,445
13818761,25.388,23.7498,447,37160,0.662995,0.53,1,266558,266111,447
13821681,35.4776,4.74997,485,37217,0.668599,0.59,1,266596,266111,485
13824601,77.4955,29.75,537,37274,0.68572,0.55,1,266684,266147,537
13827521,60.2991,77.15,504,37331,0.721144,0.61,1,266740,266236,504
13830441,43.2598,59.43,488,37388,0.728229,0.63,1,266779,266291,488
13833361,37.452,42.286,486,37445,0.761646,0.67,2,266815,266329,486
13836281,47.4904,35.6572,502,37501,0.768329,0.65,2,266865,266363,502
13839201,31.8981,47.9314,479,37557,0.785666,0.61,2,266893,266414,479
13842121,27.1796,33.5863,475,37613,0.789133,0.61,2,266919,266444,475
13845041,31.0359,27.5173,481,37669,0.773827,0.59,2,266951,266470,481
13847961,27.8072,29.5035,478,37725,0.802765,0.67,2,266978,266500,478
13850881,7.16144,26.7007,454,37781,0.808553,0.63,2,266980,266526,454
13853801,26.2323,6.94014,483,37837,0.809711,0.67,2,267011,266528,483
13856721,36.4465,25.388,492,37893,0.809942,0.67,2,267050,266558,492
13859641,78.4893,35.4776,543,37949,0.825988,0.69,2,267139,266596,543
13862561,62.8979,77.4955,514,38005,0.861198,0.73,2,267198,266684,514
13865481,42.9796,60.2991,496,38061,0.86824,0.73,2,267236,266740,496
13868401,38.9959,43.2598,495,38117,0.885648,0.77,2,267274,266779,495
13871321,47.7992,37.452,509,38172,0.92113,0.77,2,267324,266815,509
13874241,32.7598,47.4904,488,38227,0.944226,0.79,2,267353,266865,488
13877161,27.352,31.8981,486,38282,0.948845,0.79,2,267379,266893,486
14014401,34,30,515,40793,0.73,1,1,269107,268592,515
14017321,34,27.6,522,40845,0.634,1,1,269141,268619,522
14020241,31.6,33.52,518,40897,0.5508,1,1,269172,268654,518
14023161,35.12,31.504,523,40949,0.50216,1,1,269208,268685,523
14026081,31.824,51.9008,497,41001,0.412432,1,1,269239,268742,497
14029001,39.1648,32.7802,510,41052,0.314486,1,1,269280,268770,510
14031921,35.833,32.956,512,41103,0.278897,1,1,269315,268803,512
14034841,31.1666,38.5912,502,41154,0.303779,1,1,269345,268843,502
14037761,26.2333,24.5182,506,41205,0.276756,0.99,1,269370,268864,506
14040681,33.2467,28.9036,511,41256,0.207351,0.94,1,269405,268894,511
14043601,23.4493,34.5807,496,41307,0.22547,0.95,1,269426,268930,496
14046521,58.2899,28.5161,536,41358,0.181094,0.79,1,269493,268957,536
14049441,38.858,64.9032,496,41409,0.140219,0.71,1,269527,269031,496
14052361,34.1716,46.5806,487,41460,0.164044,0.73,1,269560,269073,487
14055281,31.6343,36.5161,484,41511,0.136809,0.61,1,269591,269107,484
14058201,7.92686,34.5032,452,41562,0.131362,0.53,1,269593,269141,452
14061121,23.9854,31.7006,449,41613,0.162272,0.49,1,269621,269172,449
14064041,27.1971,35.1401,441,41664,0.152454,0.39,1,269649,269208,441
14066961,28.6394,31.828,439,41715,0.118491,0.29,1,269678,269239,439
14069881,33.7279,39.1656,433,41766,0.0956982,0.27,1,269713,269280,433
14072801,35.5456,35.8331,434,41817,0.0911396,0.31,1,269749,269315,434
14075721,28.7091,31.1666,431,41867,0.122228,0.27,1,269776,269345,431
14078641,26.5418,26.2333,432,41917,0.128446,0.19,1,269802,269370,432
14081561,33.3084,33.2467,432,41967,0.145689,0.23,1,269837,269405,432
14084481,23.4617,23.4493,432,42017,0.197138,0.17,1,269858,269426,432
14087401,56.6923,58.2899,430,42067,0.159428,0.13,1,269923,269493,430
14090321,36.1385,38.858,427,42117,0.199886,0.17,1,269954,269527,427
14093241,35.2277,34.1716,429,42167,0.223977,0.13,1,269989,269560,429
14096161,30.2455,31.6343,427,42217,0.260795,0.13,1,270018,269591,427
14099081,7.64911,7.92686,427,42267,0.268159,0.17,1,270020,269593,427
14102001,24.7298,23.9854,428,42317,0.317632,0.15,1,270049,269621,428
14104921,25.746,27.1971,426,42367,0.391526,0.11,1,270075,269649,426
14107841,28.3492,28.6394,426,42417,0.390305,0.09,1,270104,269678,426
14110761,33.6698,33.7279,426,42467,0.374061,0.09,1,270139,269713,426
14113681,35.534,35.5456,426,42517,0.402812,0.13,1,270175,269749,426
14116601,30.3068,28.7091,428,42567,0.360562,0.13,1,270204,269776,428
14119521,26.0614,26.5418,427,42617,0.400112,0.15,1,270229,269802,427
14122441,34.8123,33.3084,429,42667,0.424023,0.21,1,270266,269837,429
14125361,23.7625,23.4617,429,42716,0.428805,0.15,1,270287,269858,429
14128281,56.7525,56.6923,429,42765,0.413761,0.21,1,270352,269923,429
14131201,38.5505,36.1385,432,42814,0.410752,0.23,1,270386,269954,432
14134121,34.9101,35.2277,431,42863,0.47415,0.27,1,270420,269989,431
14137041,33.382,30.2455,435,42912,0.47083,0.27,1,270453,270018,435
14139961,8.2764,7.64911,435,42961,0.470166,0.33,1,270455,270020,435
14142881,26.4553,24.7298,437,43010,0.518033,0.33,1,270486,270049,437
14145801,27.6911,4.94596,465,43059,0.495607,0.41,1,270514,270049,465
14148721,27.9382,21.7892,467,43108,0.491121,0.39,1,270542,270075,467
14151641,32.7876,27.5578,472,43157,0.490224,0.37,1,270576,270104,472
14154561,36.9575,33.5116,475,43206,0.506045,0.41,1,270614,270139,475
14157481,31.3915,35.5023,469,43255,0.509209,0.35,1,270644,270175,469
14160401,27.0783,30.3005,466,43304,0.541842,0.41,1,270670,270204,466
14163321,35.0157,26.0601,478,43353,0.564368,0.43,1,270707,270229,478
14166241,24.6031,34.812,463,43402,0.600874,0.43,1,270729,270266,463
14169161,56.1206,23.7624,506,43451,0.624175,0.41,1,270793,270287,506
14172081,39.2241,56.7525,476,43500,0.660835,0.41,1,270828,270352,476
14175001,35.8448,38.5505,477,43549,0.652167,0.49,1,270863,270386,477
14177921,34.369,34.9101,477,43597,0.666433,0.47,1,270897,270420,477
14180841,8.47379,33.382,446,43645,0.669287,0.47,1,270899,270453,446
14183761,27.2948,8.2764,476,43693,0.653857,0.53,1,270931,270455,476
14186681,27.859,26.4553,473,43741,0.650771,0.49,1,270959,270486,473
14189601,27.9718,27.6911,473,43789,0.682154,0.49,1,270987,270514,473
14192521,33.5944,27.9382,480,43837,0.688431,0.49,1,271022,270542,480
14195441,37.1189,32.7876,484,43885,0.705686,0.51,1,271060,270576,484
14198361,33.0238,36.9575,478,43933,0.709137,0.51,1,271092,270614,478
14201281,28.2048,31.3915,475,43981,0.693827,0.55,1,271119,270644,475
14204201,36.041,27.0783,487,44029,0.658765,0.57,1,271157,270670,487
14207121,25.6082,35.0157,473,44077,0.635753,0.61,1,271180,270707,473
14210041,57.1216,24.6031,516,44125,0.663151,0.63,1,271245,270729,516
14212961,39.4243,56.1206,487,44173,0.65263,0.67,1,271280,270793,487
14215881,36.6849,39.2241,488,44221,0.650526,0.65,1,271316,270828,488
14218801,35.337,35.8448,488,44269,0.666105,0.67,1,271351,270863,488
14221721,8.66739,34.369,456,44317,0.669221,0.67,1,271353,270897,456
14224641,26.5335,8.47379,485,44365,0.685844,0.65,1,271384,270899,485
14227561,28.5067,27.2948,482,44413,0.721169,0.65,1,271413,270931,482
14230481,28.9013,27.859,483,44460,0.712234,0.69,1,271442,270959,483
14233401,7.38027,27.9718,457,44507,0.710447,0.69,1,271444,270987,457
14236321,29.4761,33.5944,457,44554,0.726089,0.71,1,271479,271022,457
14239241,36.2952,37.1189,457,44601,0.761218,0.71,2,271517,271060,457
14242161,32.859,33.0238,457,44648,0.800244,0.69,2,271549,271092,457
14245081,27.3718,28.2048,456,44695,0.824049,0.65,2,271575,271119,456
14248001,34.2744,36.041,454,44742,0.82881,0.63,2,271611,271157,454
14250921,24.4549,25.6082,453,44789,0.829762,0.67,2,271633,271180,453
14253841,58.491,57.1216,455,44836,0.861952,0.65,2,271700,271245,455
14256761,38.8982,39.4243,454,44883,0.88439,0.65,2,271734,271280,454
14461161,67,73,488,22093,0.77,1,2,274004,273516,488
14464081,77.4,70.6,498,22189,0.866,0.9,2,274084,273586,498
14467001,97.08,70.92,529,22285,0.8532,0.87,2,274186,273657,529
14469921,65.016,94.184,486,22380,0.88264,0.85,2,274243,273757,486
14472841,39.4032,62.0368,465,22475,0.904528,0.85,2,274276,273811,465
14475761,35.0806,30.0074,477,22569,0.908906,0.83,2,274310,273833,477
14583801,42,75,504,25818,0.57,1,1,276658,276154,504
14586721,42,43.8,510,25900,0.378,1,1,276700,276190,510
14589641,81.2,34.36,569,25982,0.0996,1,1,276791,276222,569
14592561,45.04,79.672,514,26064,0.07592,1,1,276827,276313,514
14595481,41.008,47.1344,515,26145,0.039184,1,1,276867,276352,515
14598401,42.6016,46.2269,512,26226,0.0158368,0.96,1,276910,276398,512
14601321,87.7203,38.8454,574,26307,0.00316736,0.83,1,277009,276435,574
14604241,65.5441,94.1691,526,26388,0.00863347,0.73,1,277069,276543,526
14607161,39.5088,77.2338,486,26468,0.0417267,0.57,1,277102,276616,486
14610081,33.5018,49.0468,476,26548,0.00834534,0.33,1,277134,276658,476
14613001,70.7004,43.4094,514,26628,0.0416691,0.03,1,277214,276700,514
14615921,42.9401,81.4819,459,26708,0.0483338,0.07,1,277250,276791,459
14618841,41.388,45.0964,464,26787,0.0336668,0.03,1,277291,276827,464
14621761,41.8776,41.0193,466,26866,0.0467333,0.01,1,277333,276867,466
14624681,9.97552,42.6039,425,26945,0.0493467,0,1,277335,276910,425
14627601,79.5951,87.7208,423,27024,0.0178693,0.01,1,277432,277009,423
14630521,64.719,65.5442,424,27102,0.00357387,0.05,1,277493,277069,424
14633441,37.7438,39.5088,422,27180,0.0887148,0,1,277524,277102,422
14636361,34.7488,33.5018,424,27258,0.041743,0.05,1,277558,277134,424
14639281,70.1498,70.7004,423,27336,0.112349,0.05,1,277637,277214,423
14642201,44.4299,42.9401,425,27413,0.0624697,0.03,1,277675,277250,425
14645121,40.886,41.388,424,27490,0.0124939,0.05,1,277715,277291,424
14648041,40.9772,41.8776,423,27567,0.0264988,0.05,1,277756,277333,423
14650961,9.79544,9.97552,423,27644,0.0292998,0.01,1,277758,277335,423
14653881,78.7591,79.5951,422,27721,0.02986,0,1,277854,277432,422
14656801,64.5518,64.719,422,27797,0.00597199,0.11,1,277915,277493,422
14659721,40.9104,37.7438,426,27873,0.0411944,0.03,1,277950,277524,426
14662641,32.9821,34.7488,423,27949,0.0802389,0.13,1,277981,277558,423
14665561,72.1964,70.1498,426,28025,0.104048,0.05,1,278063,277637,426
14668481,41.6393,44.4299,422,28101,0.0608096,0,1,278097,277675,422
14671401,41.1279,40.886,423,28176,0.0201619,0.03,1,278138,277715,423
14674321,40.2256,40.9772,422,28251,0.0280324,0.03,1,278178,277756,422
14677241,9.64511,9.79544,422,28326,0.0296065,0.03,1,278180,277758,422
14680161,78.729,78.7591,422,28401,0.0299213,0.03,1,278276,277854,422
14683081,64.5458,15.7518,483,28476,0.0299843,0,1,278337,277854,483
14686001,40.1092,51.9504,456,28550,0.0299969,0.05,1,278371,277915,456
14688921,34.4218,38.3901,454,28624,0.0459994,0.09,1,278404,277950,454
14691841,74.8844,32.478,508,28698,0.1292,0.11,1,278489,277981,508
14694761,38.1769,72.0956,455,28772,0.14584,0.05,1,278518,278063,455
14697681,40.4354,41.6191,462,28846,0.101168,0.01,1,278559,278097,462
14700601,40.0871,41.1238,461,28919,0.124234,0.03,1,278599,278138,461
14703521,9.61741,40.2248,423,28992,0.128847,0.03,1,278601,278178,423
14706441,78.7235,9.64495,517,29065,0.0337693,0.03,1,278697,278180,517
14709361,65.3447,78.729,483,29138,0.0467539,0.03,1,278759,278276,483
14712281,40.2689,64.5458,456,29211,0.0653508,0.03,1,278793,278337,456
14715201,35.2538,40.1092,456,29283,0.0850702,0.05,1,278827,278371,456
14718121,79.0508,34.4218,513,29355,0.089014,0.15,1,278917,278404,513
14721041,39.0102,74.8844,457,29427,0.105803,0.15,1,278946,278489,457
14723961,38.202,38.1769,466,29499,0.125161,0.09,1,278984,278518,466
14726881,41.2404,40.4354,467,29571,0.0650321,0.13,1,279026,278559,467
14729801,9.84808,40.0871,429,29643,0.0530064,0.13,1,279028,278599,429
14732721,73.9696,9.61741,517,29714,0.0346013,0.01,1,279118,278601,517
14735641,65.9939,78.7235,485,29785,0.0629203,0.05,1,279182,278697,485
14738561,14.7988,65.3447,425,29856,0.036584,0.07,1,279184,278759,425
14741481,30.9598,40.2689,426,29927,0.0313168,0.09,1,279219,278793,426
14744401,34.192,35.2538,427,29998,0.0302634,0.09,1,279254,278827,427
14747321,78.0384,79.0508,426,30069,0.0460527,0.11,1,279343,278917,426
14750241,40.4077,39.0102,428,30139,0.0812105,0.13,1,279374,278946,428
14753161,38.4815,38.202,428,30209,0.104242,0.05,1,279412,278984,428
14756081,38.0963,41.2404,424,30279,0.124848,0.05,1,279450,279026,424
14759001,9.21926,9.84808,424,30349,0.12897,0.03,1,279452,279028,424
14761921,72.2439,73.9696,422,30419,0.113794,0.07,1,279540,279118,422
14764841,65.6488,65.9939,422,30489,0.0467588,0.03,1,279604,279182,422
14767761,14.7298,14.7988,422,30558,0.0333518,0.03,1,279606,279184,422
14770681,30.946,30.9598,422,30627,0.0466704,0.03,1,279641,279219,422
14773601,34.9892,34.192,423,30696,0.0653341,0.05,1,279677,279254,423
14776521,78.1978,78.0384,423,30765,0.117067,0.09,1,279766,279343,423
14779441,41.2396,40.4077,424,30834,0.175413,0.11,1,279798,279374,424
14782361,39.4479,38.4815,425,30903,0.171083,0.13,1,279837,279412,425
14785281,39.0896,38.0963,426,30971,0.170217,0.13,1,279876,279450,426
14788201,9.41792,9.21926,426,31039,0.170043,0.11,1,279878,279452,426
14791121,71.4836,72.2439,425,31107,0.250009,0.03,1,279965,279540,425
14794041,63.0967,65.6488,422,31175,0.250002,0.03,1,280026,279604,422
14796961,14.2193,14.7298,422,31243,0.25,0.05,1,280028,279606,422
14799881,31.6439,30.946,423,31311,0.218,0.05,1,280064,279641,423
14802801,36.7288,6.18919,461,31379,0.2276,0.07,1,280102,279641,461
14805721,79.3458,30.0378,515,31446,0.19752,0.13,1,280192,279677,515
14808641,43.0692,77.2076,460,31513,0.223504,0.19,1,280226,279766,460
14811561,39.0138,41.0415,466,31580,0.276701,0.17,1,280264,279798,466
14814481,40.6028,39.4083,468,31647,0.31934,0.17,1,280305,279837,468
14817401,9.72055,39.0817,431,31714,0.327868,0.17,1,280307,279876,431
14820321,75.5441,9.41633,521,31781,0.345574,0.27,1,280399,279878,521
14823241,61.5088,71.4833,492,31848,0.413115,0.25,1,280457,279965,492
14826161,13.9018,63.0967,433,31914,0.426623,0.25,1,280459,280026,433
14829081,30.7804,14.2193,466,31980,0.413325,0.21,1,280494,280028,466
14832001,36.5561,31.6439,468,32046,0.458665,0.23,1,280532,280064,468
14834921,80.9112,36.7288,522,32112,0.531733,0.19,1,280624,280102,522
14837841,43.3822,79.3458,466,32178,0.578347,0.23,1,280658,280192,466
14840761,41.4764,43.0692,473,32244,0.571669,0.29,1,280699,280226,473
14843681,42.6953,39.0138,478,32310,0.586334,0.33,1,280742,280264,478
14846601,10.1391,40.6028,439,32375,0.589267,0.33,1,280744,280305,439
14849521,78.0278,9.72055,532,32440,0.589853,0.35,1,280839,280307,532
14852441,63.6056,75.5441,500,32505,0.541971,0.43,1,280899,280399,500
14855361,14.3211,61.5088,444,32570,0.532394,0.43,1,280901,280457,444
14858281,31.6642,13.9018,478,32635,0.546479,0.41,1,280937,280459,478
14861201,37.5328,30.7804,482,32700,0.581296,0.47,1,280976,280494,482
14864121,85.1066,36.5561,541,32765,0.572259,0.55,1,281073,280532,541
14867041,18.6213,80.9112,451,32830,0.570452,0.59,1,281075,280624,451
14869961,30.9243,43.3822,451,32894,0.60209,0.57,1,281109,280658,451
14872881,38.1849,41.4764,450,32958,0.624418,0.59,1,281149,280699,450
14875801,42.837,42.6953,451,33022,0.660884,0.59,1,281193,280742,451
14878721,10.1674,10.1391,451,33086,0.684177,0.59,1,281195,280744,451
14881641,76.4335,78.0278,449,33150,0.688835,0.53,1,281288,280839,449
14884561,62.4867,63.6056,448,33214,0.673767,0.53,1,281347,280899,448
14887481,14.0973,14.3211,448,33278,0.670753,0.55,1,281349,280901,448
14890401,33.2195,31.6642,450,33342,0.750151,0.59,2,281387,280937,450
14893321,38.6439,37.5328,451,33405,0.73403,0.57,1,281427,280976,451
14896241,84.5288,85.1066,450,33468,0.762806,0.57,2,281523,281073,450
14899161,18.5058,18.6213,450,33531,0.800561,0.61,2,281525,281075,450
14902081,30.9012,30.9243,450,33594,0.824112,0.63,2,281559,281109,450
14905001,38.9802,38.1849,451,33657,0.844822,0.67,2,281600,281149,451
14907921,45.396,42.837,454,33720,0.848964,0.69,2,281647,281193,454
14910841,10.6792,10.1674,454,33783,0.849793,0.69,2,281649,281195,454
14913761,76.5358,76.4335,454,33846,0.897959,0.67,2,281742,281288,454
14916681,63.3072,62.4867,455,33908,0.907592,0.67,2,281802,281347,455
14919601,14.2614,14.0973,455,33970,0.909518,0.77,2,281804,281349,455
15048081,42,67,475,36607,0.89,1,2,283632,283157,475
15322561,29,40,523,41682,0.85,1,2,287219,286696,523
15324021,31.4,33.6,523,41733,0.738,1,1,287251,286728,523
15367821,395.88,453.92,451,18980,0.1716,0.41,1,287738,287287,451
15370741,147.176,146.784,466,19092,0.05832,0.07,1,287823,287357,466
15373661,97.4352,98.9568,464,19203,0.035664,0.09,1,287908,287444,464
15376581,101.887,80.5914,491,19314,0.0071328,0.01,1,288011,287520,491
15379501,70.7774,100.118,449,19424,0.00942656,0.03,1,288074,287625,449
15382421,55.7555,63.2237,447,19533,0.00188531,0,1,288126,287679,447
15385341,27.9511,33.4447,442,19642,0.0403771,0.03,1,288147,287705,442
15388261,83.9902,33.0889,507,19750,0.112075,0.03,1,288245,287738,507
15391181,83.998,74.6178,506,19857,0.0784151,0.03,1,288329,287823,506
15394101,99.1996,82.9236,524,19964,0.023683,0,1,288432,287908,524
15397021,71.8399,98.9847,486,20070,0.0287366,0.01,1,288497,288011,486
15399941,56.768,70.1969,476,20176,0.0297473,0,1,288550,288074,476
15402861,26.5536,55.6394,443,20281,0.0619495,0.05,1,288569,288126,443
15405781,87.7107,27.9279,525,20386,0.0843899,0.13,1,288672,288147,525
15408701,80.7421,83.9856,506,20490,0.120878,0.07,1,288751,288245,506
15411621,98.5484,83.9971,525,20594,0.0801756,0.01,1,288854,288329,525
15414541,71.7097,99.1994,487,20697,0.0400351,0.03,1,288919,288432,487
15417461,56.7419,71.8399,475,20799,0.080007,0.03,1,288972,288497,475
15420381,26.5484,56.768,441,20901,0.104001,0.07,1,288991,288550,441
15423301,90.9097,26.5536,529,21002,0.0608003,0.09,1,289098,288569,529
15426221,19.7819,87.7107,428,21103,0.0521601,0.13,1,289100,288672,428
15429141,67.1564,80.7421,428,21204,0.082432,0.07,1,289179,288751,428
15432061,91.8313,98.5484,423,21304,0.0404864,0.03,1,289277,288854,423
15434981,69.5663,71.7097,422,21404,0.0320973,0.09,1,289341,288919,422
15437901,59.5133,56.7419,426,21503,0.0304195,0.11,1,289398,288972,426
15440821,27.9026,26.5484,427,21602,0.0300839,0.05,1,289418,288991,427
15443741,89.5805,90.9097,425,21700,0.0940168,0.05,1,289523,289098,425
15446661,19.5161,19.7819,425,21798,0.106803,0.09,1,289525,289100,425
15449581,66.3032,67.1564,424,21895,0.141361,0.03,1,289603,289179,424
15452501,92.4606,91.8313,425,21992,0.132272,0.03,1,289702,289277,425
15455421,67.2921,69.5663,422,22088,0.0984544,0.03,1,289763,289341,422
15458341,59.8584,59.5133,423,22184,0.0596909,0.03,1,289821,289398,423
15461261,27.9717,27.9026,423,22280,0.0199382,0.11,1,289841,289418,423
15464181,91.9943,89.5805,426,22375,0.0599876,0.11,1,289949,289523,426
15467101,19.9989,19.5161,426,22470,0.0679975,0.15,1,289951,289525,426
15470021,67.1998,66.3032,427,22564,0.1176,0.15,1,290030,289603,427
15472941,95.04,13.2606,529,22658,0.14352,0.13,1,290132,289603,529
15475861,62.208,81.8521,484,22752,0.180704,0.09,1,290186,289702,484
15478781,57.2416,65.1704,479,22845,0.140141,0.05,1,290242,289763,479
15481701,27.4483,59.4341,441,22938,0.132028,0.01,1,290262,289821,441
15484621,94.2897,27.8868,532,23030,0.210406,0.07,1,290373,289841,532
15487541,20.4579,91.9774,426,23122,0.226081,0.07,1,290375,289949,426
15490461,69.6916,19.9955,506,23214,0.293216,0.13,1,290457,289951,506
15493381,96.3383,67.1991,530,23305,0.354643,0.15,1,290560,290030,530
15496301,64.0677,95.0398,484,23396,0.350929,0.19,1,290616,290132,484
15499221,55.2135,62.208,483,23487,0.382186,0.13,1,290669,290186,483
15502141,27.0427,57.2416,447,23577,0.388437,0.13,1,290689,290242,447
15505061,98.2085,27.4483,543,23667,0.469687,0.23,1,290805,290262,543
15507981,21.2417,94.2897,434,23757,0.485938,0.23,1,290807,290373,434
15510901,73.8483,20.4579,519,23846,0.521188,0.31,1,290894,290375,519
15513821,98.7697,69.6916,542,23935,0.528238,0.37,1,290999,290457,542
15516741,21.3539,96.3383,441,24024,0.529648,0.35,1,291001,290560,441
15519661,48.2708,64.0677,440,24112,0.56193,0.39,1,291056,290616,440
15522581,52.8542,55.2135,441,24200,0.616386,0.39,1,291110,290669,441
15525501,26.5708,27.0427,441,24288,0.627277,0.49,1,291130,290689,441
15528421,102.114,98.2085,446,24375,0.613455,0.49,1,291251,290805,446
15531341,22.0228,21.2417,446,24462,0.642691,0.53,1,291253,290807,446
15534261,75.6046,73.8483,448,24549,0.568538,0.53,1,291342,290894,448
15537181,99.1209,98.7697,448,24635,0.617708,0.53,1,291447,290999,448
15540101,21.4242,21.3539,448,24721,0.627542,0.57,1,291449,291001,448
15543021,49.8848,48.2708,450,24807,0.629508,0.63,1,291506,291056,450
15545941,55.577,52.8542,453,24892,0.725902,0.63,1,291563,291110,453
15548861,27.1154,26.5708,453,24977,0.72918,0.61,1,291583,291130,453
15551781,101.423,102.114,452,25062,0.713836,0.65,1,291703,291251,452
15554701,21.8846,22.0228,452,25147,0.710767,0.55,1,291705,291253,452
15557621,74.7769,75.6046,451,25231,0.758153,0.63,2,291793,291342,451
15560541,98.9554,99.1209,451,25315,0.831631,0.63,2,291898,291447,451
15563461,21.3911,21.4242,451,25399,0.846326,0.63,2,291900,291449,451
15566381,49.8782,49.8848,451,25482,0.865265,0.63,2,291957,291506,451
15569301,59.5756,9.97697,513,25565,0.837053,0.75,2,292019,291506,513
15572221,28.7151,47.5954,477,25648,0.863411,0.73,2,292040,291563,477
15575141,100.943,25.5191,576,25731,0.900682,0.71,2,292159,291583,576
15578061,21.7886,101.104,458,25813,0.908136,0.71,2,292161,291703,458
15662741,34,30,491,28096,0.41,0.95,1,293831,293340,491
15665661,40.4,38,493,28171,0.266,1,1,293873,293380,493
15668581,40.08,51.6,478,28246,0.1732,1,1,293913,293435,478
15671501,33.616,33.52,481,28321,0.07464,1,1,293945,293464,481
15674421,37.1232,30.704,489,28396,0.038928,1,1,293983,293494,489
15677341,57.8246,6.1408,552,28471,0.0477856,1,1,294046,293494,552
15680261,49.9649,70.8282,513,28545,0.0655571,1,1,294094,293581,513
15683181,59.593,40.5656,542,28619,0.0531114,0.95,1,294156,293614,542
15686101,80.7186,66.5131,555,28693,0.0986223,0.53,1,294242,293687,555
15689021,39.3437,101.303,474,28767,0.107724,0.41,1,294271,293797,474
15691941,34.2687,47.4605,473,28841,0.125545,0.23,1,294304,293831,473
15694861,31.6537,43.0921,462,28914,0.161109,0.15,1,294335,293873,462
15697781,31.1308,40.6184,453,28987,0.168222,0.05,1,294366,293913,453
15700701,37.4262,33.7237,460,29060,0.0576444,0.03,1,294405,293945,460
15703621,57.0852,37.1447,484,29133,0.0355289,0.05,1,294467,293983,484
15706541,54.617,57.8289,475,29206,0.0151058,0.07,1,294521,294046,475
15709461,58.1234,49.9658,486,29278,0.0430212,0.05,1,294580,294094,486
15712381,80.4247,59.5932,510,29350,0.0806042,0.11,1,294666,294156,510
15715301,42.4849,80.7186,457,29422,0.152121,0.11,1,294699,294242,457
15718221,34.097,39.3437,460,29494,0.182424,0.13,1,294731,294271,460
15721141,34.0194,34.2687,461,29566,0.188485,0.17,1,294765,294304,461
15724061,27.6039,31.6537,456,29638,0.205697,0.17,1,294791,294335,456
15726981,34.3208,31.1308,461,29709,0.177139,0.03,1,294827,294366,461
15729901,57.2642,37.4262,485,29780,0.139428,0.03,1,294890,294405,485
15732821,13.0528,57.0852,425,29851,0.0998856,0.01,1,294892,294467,425
15735741,46.6106,54.617,426,29922,0.0919771,0.05,1,294947,294521,426
15738661,55.7221,58.1234,425,29993,0.0903954,0.09,1,295005,294580,425
15741581,80.7444,80.4247,426,30064,0.0900791,0.17,1,295092,294666,426
15744501,46.5489,42.4849,431,30134,0.0740158,0.19,1,295130,294699,431
15747421,34.9098,34.097,431,30204,0.0708032,0.19,1,295162,294731,431
15750341,34.182,34.0194,431,30274,0.0381606,0.21,1,295196,294765,431
15753261,28.4364,27.6039,432,30344,0.0636321,0.17,1,295223,294791,432
15756181,33.6873,34.3208,431,30414,0.0687264,0.13,1,295258,294827,431
15759101,53.1375,57.2642,426,30484,0.101745,0.09,1,295316,294890,426
15762021,12.2275,13.0528,426,30553,0.108349,0.09,1,295318,294892,426
15764941,44.8455,46.6106,424,30622,0.0776698,0.09,1,295371,294947,424
15767861,56.9691,55.7221,426,30691,0.151534,0.09,1,295431,295005,426
15770781,80.9938,80.7444,426,30760,0.198307,0.07,1,295518,295092,426
15773701,44.1988,46.5489,423,30829,0.159661,0.07,1,295553,295130,423
15776621,34.4398,34.9098,423,30898,0.183932,0.03,1,295585,295162,423
15779541,34.088,34.182,423,30966,0.204786,0.07,1,295619,295196,423
15782461,28.4176,28.4364,423,31034,0.208957,0.07,1,295646,295223,423
15785381,35.2835,33.6873,425,31102,0.209791,0.11,1,295683,295258,425
15788301,53.4567,53.1375,425,31170,0.257958,0.11,1,295741,295316,425
15791221,12.2913,12.2275,425,31238,0.267592,0.07,1,295743,295318,425
15794141,44.8583,44.8455,425,31306,0.333518,0.07,1,295796,295371,425
15797061,59.3717,8.9691,488,31374,0.330704,0.17,1,295859,295371,488
15799981,82.2743,49.7938,516,31441,0.394141,0.21,1,295947,295431,516
15802901,43.6549,79.5588,463,31508,0.406828,0.15,1,295981,295518,463
15805821,34.331,43.9118,460,31575,0.409366,0.19,1,296013,295553,460
15808741,35.6662,34.3824,464,31642,0.457873,0.21,1,296049,295585,464
15811661,27.9332,34.0765,456,31709,0.467575,0.21,1,296075,295619,456
15814581,36.7866,28.4153,468,31776,0.501515,0.21,1,296114,295646,468
15817501,54.5573,35.2831,490,31843,0.556303,0.27,1,296173,295683,490
15820421,12.5115,53.4566,434,31909,0.567261,0.27,1,296175,295741,434
15823341,48.1023,12.2913,489,31975,0.553452,0.35,1,296232,295743,489
15826261,60.8205,44.8583,500,32041,0.56669,0.33,1,296296,295796,500
15829181,85.7641,59.3717,529,32107,0.601338,0.41,1,296388,295859,529
15832101,44.3528,82.2743,475,32173,0.640268,0.41,1,296422,295947,475
15835021,34.4706,43.6549,473,32239,0.648054,0.41,1,296454,295981,473
15837941,38.0941,34.331,480,32305,0.665611,0.47,1,296493,296013,480
15840861,29.2188,35.6662,471,32370,0.701122,0.47,1,296520,296049,471
15843781,38.6438,27.9332,486,32435,0.756224,0.51,2,296561,296075,486
15846701,56.5288,36.7866,508,32500,0.767245,0.57,2,296622,296114,508
15849621,12.9057,54.5573,451,32565,0.769449,0.57,2,296624,296173,451
15852541,47.3811,12.5115,505,32630,0.81789,0.55,2,296680,296175,505
15855461,61.4762,48.1023,513,32695,0.827578,0.57,2,296745,296232,513
15858381,87.4952,60.8205,543,32760,0.813516,0.61,2,296839,296296,543
15861301,19.099,85.7641,453,32825,0.810703,0.65,2,296841,296388,453
15864221,31.8198,44.3528,454,32889,0.858141,0.65,2,296876,296422,454
15867141,31.964,34.4706,454,32953,0.867628,0.67,2,296908,296454,454
15870061,39.1928,38.0941,456,33017,0.869526,0.71,2,296949,296493,456
15872981,31.8386,29.2188,459,33081,0.853905,0.77,2,296979,296520,459
15875901,38.3677,38.6438,458,33145,0.898781,0.77,2,297019,296561,458
15878821,58.0735,56.5288,460,33209,0.907756,0.77,2,297082,296622,460
15881741,13.2147,12.9057,460,33273,0.909551,0.83,2,297084,296624,460
15884661,49.8429,47.3811,463,33337,0.87791,0.83,2,297143,296680,463
15887581,61.9686,61.4762,463,33400,0.903582,0.81,2,297208,296745,463
16316821,52,62,495,41677,0.73,1,1,302942,302447,495
16319741,94.4,92.4,500,41728,0.682,1,1,303047,302547,500
16322661,48.48,51.28,496,41779,0.6404,1,1,303084,302588,496
16325581,26.496,32.656,489,41830,0.66408,1,1,303105,302616,489
16328501,26.8992,30.5312,486,41880,0.700816,0.98,1,303132,302646,486
16331421,32.5798,26.1062,495,41930,0.676163,1,1,303166,302671,495
16334341,33.716,27.6212,501,41980,0.687233,1,1,303200,302699,501
16337261,20.3432,31.9242,485,42030,0.673447,0.93,1,303217,302732,485
16340181,23.2686,27.1849,483,42080,0.702689,1,1,303241,302758,483
16343101,8.65373,15.837,475,42130,0.724538,0.98,1,303246,302771,475
16346021,31.3307,31.9674,476,42180,0.712908,0.97,1,303283,302807,476
16348941,27.0661,33.5935,468,42230,0.742581,0.91,1,303309,302841,468
16351861,23.8132,27.5187,465,42280,0.732516,0.89,1,303332,302867,465
16354781,22.3626,23.9037,464,42330,0.698503,0.73,1,303354,302890,464
16357701,41.2725,46.3807,458,42380,0.755701,0.67,2,303400,302942,458
16360621,88.2545,93.2761,453,42430,0.78314,0.63,2,303500,303047,453
16363541,46.4509,48.2552,452,42480,0.804628,0.67,2,303536,303084,452
16366461,29.2902,26.451,456,42530,0.728926,0.71,1,303561,303105,456
16369381,26.658,26.8902,455,42580,0.729785,0.67,1,303587,303132,455
16372301,33.3316,32.578,456,42630,0.745957,0.69,1,303622,303166,456
16375221,32.2663,33.7156,454,42680,0.733191,0.67,1,303654,303200,454
16378141,20.8533,20.3431,455,42729,0.730638,0.71,1,303672,303217,455
16381061,23.3707,23.2686,455,42778,0.794128,0.73,2,303696,303241,455
16383981,9.47413,8.65372,456,42827,0.774826,0.71,2,303702,303246,456
16386901,29.0948,31.3307,453,42876,0.786965,0.75,2,303736,303283,453
16389821,29.819,27.0661,457,42925,0.837393,0.73,2,303766,303309,457
16392741,23.5638,23.8132,456,42974,0.863479,0.69,2,303788,303332,456
16395661,22.3128,22.3626,456,43023,0.852696,0.69,2,303810,303354,456
16398581,42.0626,4.47253,503,43072,0.882539,0.77,2,303857,303354,503
16401501,89.2125,37.6945,558,43121,0.920508,0.79,2,303958,303400,558
16404421,47.4425,87.5389,495,43170,0.928102,0.81,2,303995,303500,495
16407341,27.0885,46.3078,481,43219,0.92962,0.71,2,304017,303536,481
16626341,36,32,518,46737,0.79,1,2,306487,305969,518
16629261,36,24.8,531,46782,0.694,1,1,306523,305992,531
16632181,22.4,30.56,518,46827,0.6748,1,1,306542,306024,518
16635101,26.88,34.112,511,46872,0.63896,1,1,306570,306059,511
16638021,32.576,28.4224,518,46917,0.567792,1,1,306604,306086,518
16640941,30.5152,22.4845,527,46962,0.489558,1,1,306634,306107,527
16643861,26.103,28.4969,522,47007,0.473912,1,1,306659,306137,522
16646781,26.0206,34.4994,512,47052,0.390782,1,1,306685,306173,512
16649701,33.2041,30.8999,517,47097,0.326156,1,1,306720,306203,517
16652621,32.2408,24.58,526,47142,0.313231,1,1,306752,306226,526
16655541,24.8482,29.716,518,47187,0.294646,1,1,306775,306257,518
16658461,23.3696,36.3432,503,47232,0.290929,0.87,1,306798,306295,503
16661381,30.2739,32.0686,504,47277,0.322186,0.97,1,306830,306326,504
16664301,34.8548,34.4137,505,47322,0.376437,0.88,1,306866,306361,505
16667221,40.571,38.8827,507,47367,0.339287,0.77,1,306908,306401,507
16670141,9.71419,47.7765,459,47412,0.299857,0.79,1,306910,306451,459
16673061,29.1428,38.3553,457,47456,0.323971,0.67,1,306944,306487,457
16675981,32.2286,36.4711,454,47500,0.312794,0.67,1,306977,306523,454
16678901,22.4457,22.4942,455,47544,0.310559,0.63,1,306997,306542,455
16681821,22.8891,26.8988,450,47588,0.326112,0.55,1,307020,306570,450
16684741,29.3778,32.5798,447,47632,0.345222,0.47,1,307051,306604,447
16687661,28.2756,30.516,445,47676,0.381044,0.47,1,307079,306634,445
16690581,24.8551,26.1032,444,47720,0.372209,0.37,1,307103,306659,444
16693501,24.971,26.0206,443,47764,0.402442,0.31,1,307128,306685,443
16696421,27.3942,33.2041,436,47808,0.376488,0.31,1,307156,306720,436
16699341,31.0788,32.2408,436,47852,0.419298,0.29,1,307188,306752,436
16702261,25.4158,24.8482,437,47896,0.44386,0.29,1,307212,306775,437
16705181,24.2832,23.3696,438,47940,0.512772,0.33,1,307236,306798,438
16708101,28.8566,30.2739,436,47984,0.494554,0.39,1,307266,306830,436
16711021,38.5713,34.8548,441,48028,0.506911,0.33,1,307307,306866,441
16713941,37.3143,40.571,436,48072,0.493382,0.29,1,307344,306908,436
16716861,9.06285,9.71419,436,48116,0.490676,0.33,1,307346,306910,436
16719781,30.6126,29.1428,438,48160,0.490135,0.31,1,307382,306944,438
16722701,31.7225,32.2286,437,48204,0.506027,0.31,1,307414,306977,437
16725621,23.9445,22.4457,439,48248,0.557205,0.33,1,307436,306997,439
16728541,22.3889,22.8891,438,48292,0.535441,0.35,1,307458,307020,438
16731461,30.0778,29.3778,439,48336,0.547088,0.39,1,307490,307051,439
16734381,29.2156,28.2756,440,48380,0.565418,0.37,1,307519,307079,440
16737301,25.8431,24.8551,441,48424,0.569084,0.41,1,307544,307103,441
16740221,25.9686,24.971,442,48468,0.537817,0.37,1,307570,307128,442
16743141,25.9937,27.3942,440,48511,0.563563,0.43,1,307596,307156,440
16746061,32.3987,31.0788,442,48554,0.536713,0.45,1,307630,307188,442
16748981,28.8797,25.4158,446,48597,0.563343,0.53,1,307658,307212,446
16751901,23.3759,24.2832,444,48640,0.600668,0.49,1,307680,307236,444
16754821,30.2752,28.8566,446,48683,0.608134,0.51,1,307712,307266,446
16757741,39.655,38.5713,447,48726,0.641627,0.49,1,307754,307307,447
16760661,36.731,37.3143,446,48769,0.664325,0.49,1,307790,307344,446
16763581,8.9462,9.06285,446,48812,0.700865,0.49,1,307792,307346,446
16766501,30.5892,30.6126,446,48855,0.708173,0.49,1,307828,307382,446
16769421,32.5178,6.12251,479,48898,0.709635,0.51,1,307861,307382,479
16772341,24.1036,26.8245,469,48941,0.709927,0.57,1,307883,307414,469
16775261,22.4207,22.9649,469,48984,0.725985,0.53,1,307905,307436,469
16778181,30.8841,22.193,480,49027,0.761197,0.55,2,307938,307458,480
16781101,28.5768,30.0386,476,49070,0.768239,0.57,2,307966,307490,476
16784021,25.7154,29.2077,472,49113,0.753648,0.57,2,307991,307519,472
16786941,25.9431,25.8415,473,49156,0.75073,0.53,2,308017,307544,473
16789861,25.9886,25.9683,473,49199,0.750146,0.57,2,308043,307570,473
16792781,32.3977,25.9937,481,49242,0.782029,0.53,2,308077,307596,481
16795701,29.6795,32.3987,476,49285,0.836406,0.57,2,308106,307630,476
16798621,24.3359,28.8797,471,49328,0.831281,0.61,2,308129,307658,471
16801541,31.2672,23.3759,482,49371,0.846256,0.61,2,308162,307680,482
16804461,42.2534,30.2752,495,49414,0.865251,0.65,2,308207,307712,495
16807381,38.0507,39.655,490,49457,0.85305,0.67,2,308244,307754,490
16810301,9.21014,36.731,456,49500,0.85061,0.71,2,308246,307790,456
16813221,31.442,8.9462,491,49543,0.866122,0.71,2,308283,307792,491
16816141,33.4884,30.5892,489,49586,0.869224,0.71,2,308317,307828,489
16819061,24.2977,32.5178,478,49628,0.869845,0.71,2,308339,307861,478
16821981,23.2595,24.1036,479,49670,0.869969,0.73,2,308362,307883,479
16824901,32.6519,22.4207,492,49712,0.917994,0.77,2,308397,307905,492
16827821,28.9304,30.8841,487,49754,0.927599,0.77,2,308425,307938,487
16830741,24.9861,28.5768,483,49796,0.92952,0.75,2,308449,307966,483
16833661,25.7972,25.7154,484,49838,0.929904,0.75,2,308475,307991,484
16836581,25.9594,25.9431,484,49880,0.945981,0.75,2,308501,308017,484
17143181,89,109,444,24820,0.03,0.41,1,311575,311131,444
17146101,69.8,51.4,472,24905,0.062,0.27,1,311640,311168,472
17149021,55.56,61.48,460,24990,0.0684,0.17,1,311692,311232,460
17151941,60.712,69.096,451,25075,0.16568,0.21,1,311754,311303,451
17154861,64.9424,57.8192,462,25160,0.185136,0.09,1,311820,311358,462
17157781,39.3885,61.9638,432,25244,0.237027,0.05,1,311853,311421,432
17160701,21.4777,20.3928,439,25328,0.231405,0,1,311870,311431,439
17163621,35.4955,30.4786,445,25412,0.214281,0.03,1,311909,311464,445
17166541,53.4991,47.6957,451,25495,0.178856,0.03,1,311967,311516,451
17169461,88.2998,56.7391,489,25578,0.123771,0.07,1,312064,311575,489
17172381,61.66,63.3478,479,25661,0.144754,0.07,1,312119,311640,479
17175301,65.132,54.2696,493,25744,0.116951,0.19,1,312185,311692,493
17178221,66.6264,60.4539,498,25826,0.19139,0.19,1,312252,311754,498
17181141,38.9253,64.8908,464,25908,0.222278,0.25,1,312284,311820,464
17184061,22.1851,39.3782,449,25990,0.228456,0.23,1,312302,311853,449
17186981,34.837,21.4756,470,26072,0.245691,0.21,1,312340,311870,470
17189901,51.7674,35.4951,487,26153,0.265138,0.17,1,312396,311909,487
17192821,86.3535,53.499,524,26234,0.269028,0.11,1,312491,311967,524
17195741,62.0707,88.2998,483,26315,0.333806,0.15,1,312547,312064,483
17198661,65.2141,61.66,494,26396,0.362761,0.11,1,312613,312119,494
17201581,69.0428,65.132,498,26476,0.448552,0.21,1,312683,312185,498
17204501,40.2086,66.6264,464,26556,0.48171,0.23,1,312716,312252,464
17207421,22.4417,38.9253,450,26636,0.488342,0.23,1,312734,312284,450
17210341,35.6883,22.1851,471,26716,0.489668,0.25,1,312773,312302,471
17213261,52.7377,34.837,490,26795,0.473934,0.27,1,312830,312340,490
17216181,88.1475,51.7674,531,26874,0.502787,0.27,1,312927,312396,531
17219101,19.2295,86.3535,438,26953,0.508557,0.35,1,312929,312491,438
17222021,49.4459,62.0707,439,27032,0.573711,0.37,1,312986,312547,439
17224941,64.2892,65.2141,441,27110,0.570742,0.47,1,313054,312613,441
17227861,72.0578,69.0428,445,27188,0.650148,0.49,1,313128,312683,445
17230781,41.6116,40.2086,446,27266,0.68203,0.49,1,313162,312716,446
17233701,22.7223,22.4417,446,27344,0.656406,0.49,1,313180,312734,446
17236621,35.7445,35.6883,446,27421,0.683281,0.47,1,313219,312773,446
17239541,51.9489,52.7377,445,27498,0.672656,0.51,1,313275,312830,445
17242461,90.3898,88.1475,448,27575,0.718531,0.51,1,313375,312927,448
17245381,19.678,19.2295,448,27652,0.727706,0.59,1,313377,312929,448
17248301,51.1356,49.4459,450,27729,0.729541,0.57,1,313436,312986,450
17251221,63.0271,64.2892,448,27805,0.761908,0.67,2,313502,313054,448
17254141,75.8054,72.0578,453,27881,0.784382,0.69,2,313581,313128,453
17257061,43.1611,41.6116,454,27957,0.836876,0.65,2,313616,313162,454
17259981,23.0322,22.7223,454,28033,0.831375,0.69,2,313634,313180,454
17262901,35.8064,35.7445,454,28109,0.862275,0.67,2,313673,313219,454
17265821,53.5613,51.9489,456,28184,0.868455,0.73,2,313731,313275,456
17268741,90.7123,90.3898,456,28259,0.917691,0.73,2,313831,313375,456
17271661,19.7425,19.678,456,28334,0.895538,0.73,2,313833,313377,456
17274581,51.1485,51.1356,456,28409,0.875108,0.73,2,313892,313436,456
17277501,63.8297,10.2271,523,28484,0.887022,0.77,2,313959,313436,523
17280421,79.1659,54.8454,540,28558,0.905404,0.79,2,314042,313502,540
17283341,43.8332,74.1691,496,28632,0.957081,0.85,2,314077,313581,496
17385541,35,38,486,31115,0.77,1,2,315803,315317,486
17388461,52.6,51.6,488,31183,0.69,1,1,315860,315372,488
17391381,30.52,33.52,484,31251,0.61,1,1,315885,315401,484
17394301,69.304,65.104,490,31319,0.546,1,1,315964,315474,490
17397221,29.0608,13.0208,509,31387,0.4692,1,1,315983,315474,509
17400141,33.0122,30.6042,508,31454,0.38984,0.97,1,316017,315509,508
17403061,29.8024,31.7208,505,31521,0.373968,1,1,316046,315541,505
17405981,53.1605,33.5442,530,31588,0.370794,1,1,316105,315575,530
17408901,78.6321,49.9088,561,31655,0.418159,0.81,1,316190,315629,561
17411821,44.5264,92.3818,494,31722,0.379632,0.73,1,316226,315732,494
17414741,35.3053,47.2764,491,31789,0.387926,0.77,1,316259,315768,491
17417661,51.8611,37.4553,512,31856,0.453585,0.67,1,316315,315803,512
17420581,28.7722,53.0911,478,31922,0.386717,0.59,1,316338,315860,478
17423501,64.9544,30.6182,527,31988,0.437343,0.53,1,316412,315885,527
17426421,24.9909,69.3236,463,32054,0.463469,0.45,1,316427,315964,463
17429341,30.5982,29.0647,476,32120,0.468694,0.37,1,316459,315983,476
17432261,28.5196,33.0129,470,32186,0.469739,0.37,1,316487,316017,470
17435181,52.1039,29.8026,499,32252,0.533948,0.37,1,316545,316046,499
17438101,79.2208,53.1605,526,32318,0.57879,0.43,1,316631,316105,526
17441021,43.0442,78.6321,475,32383,0.619758,0.37,1,316665,316190,475
17443941,37.4088,44.5264,475,32448,0.643952,0.39,1,316701,316226,475
17446861,52.2818,35.3053,498,32513,0.66479,0.47,1,316757,316259,498
17449781,28.0564,51.8611,464,32578,0.668958,0.37,1,316779,316315,464
17452701,66.4113,28.7722,517,32643,0.685792,0.45,1,316855,316338,517
17455621,25.2823,64.9544,458,32708,0.705158,0.47,1,316870,316412,458
17458541,6.65645,24.9909,445,32773,0.709032,0.47,1,316872,316427,445
17461461,28.5313,30.5982,447,32838,0.741806,0.47,1,316906,316459,447
17464381,26.5063,28.5196,445,32902,0.748361,0.55,1,316932,316487,445
17467301,56.5013,52.1039,451,32966,0.765672,0.59,2,316996,316545,451
17470221,81.7003,79.2208,453,33030,0.849134,0.63,2,317084,316631,453
17473141,41.94,43.0442,451,33094,0.865827,0.65,2,317116,316665,451
17476061,40.388,37.4088,455,33158,0.901165,0.67,2,317156,316701,455
17478981,52.8776,52.2818,455,33222,0.924233,0.67,2,317212,316757,455
17490661,2,2,458,33476,0.93,0.75,2,317330,316872,458
17493581,28.4,27.6,459,33539,0.946,0.75,2,317365,316906,459
17648341,53,44,497,36731,0.75,1,2,319634,319137,497
17651261,47.4,63.2,475,36789,0.558,1,1,319680,319205,475
17654181,53.48,42.24,493,36846,0.4876,1,1,319735,319242,493
17657101,43.496,33.248,503,36903,0.37752,1,1,319776,319273,503
17660021,32.6992,18.6496,518,36960,0.307504,1,1,319806,319288,518
17662941,21.7398,30.9299,503,37017,0.245501,1,1,319825,319322,503
17665861,12.348,30.186,483,37074,0.2491,0.94,1,319835,319352,483
17668781,26.4696,27.6372,486,37131,0.16982,0.96,1,319865,319379,486
17671701,52.4939,61.5274,475,37188,0.033964,0.96,1,319924,319449,475
17674621,42.4988,12.3055,515,37245,0.0307928,0.99,1,319964,319449,515
17677541,49.2998,39.2611,520,37302,0.0941586,0.95,1,320015,319495,520
17680461,36.26,48.6522,502,37359,0.122832,0.87,1,320048,319546,502
17683381,37.652,37.7304,505,37416,0.0805663,0.75,1,320086,319581,505
17686301,41.1304,49.9461,494,37472,0.0881133,0.51,1,320128,319634,494
17689221,47.4261,46.7892,497,37528,0.121623,0.47,1,320177,319680,497
17692141,37.4852,53.3578,477,37584,0.160325,0.35,1,320212,319735,477
17695061,29.097,43.4716,463,37640,0.184065,0.29,1,320239,319776,463
17697981,21.0194,32.6943,452,37696,0.172813,0.23,1,320258,319806,452
17700901,9.80388,21.7389,440,37752,0.218563,0.25,1,320265,319825,440
17703821,21.9608,12.3478,455,37808,0.179713,0.15,1,320290,319835,455
17706741,49.1922,26.4696,481,37864,0.171943,0,1,320346,319865,481
17709661,41.8384,52.4939,462,37920,0.0903885,0.03,1,320386,319924,462
17712581,50.7677,42.4988,475,37976,0.0900777,0.11,1,320439,319964,475
17715501,36.5535,49.2998,457,38032,0.0420155,0.13,1,320472,320015,457
17718421,39.3107,36.26,464,38088,0.0804031,0.07,1,320512,320048,464
17721341,40.6621,37.652,467,38143,0.120081,0.09,1,320553,320086,467
17724261,48.9324,41.1304,476,38198,0.160016,0.13,1,320604,320128,476
17727181,39.3865,47.4261,464,38253,0.184003,0.17,1,320641,320177,464
17730101,30.2773,37.4852,457,38308,0.188801,0.19,1,320669,320212,457
17733021,22.0555,29.097,450,38363,0.18976,0.17,1,320689,320239,450
17735941,9.21109,21.0194,437,38418,0.189952,0.23,1,320695,320258,437
17738861,21.0422,9.80388,454,38473,0.18999,0.17,1,320719,320265,454
17741781,47.4084,21.9608,483,38528,0.221998,0.17,1,320773,320290,483
17744701,37.4817,49.1922,462,38583,0.2444,0.07,1,320808,320346,462
17747621,9.09634,41.8384,424,38638,0.24888,0.09,1,320810,320386,424
17750541,45.8193,50.7677,426,38693,0.137776,0.03,1,320865,320439,426
17753461,35.5639,36.5535,426,38748,0.179555,0.09,1,320898,320472,426
17756381,39.1128,39.3107,426,38803,0.187911,0.13,1,320938,320512,426
17759301,42.2226,40.6621,428,38857,0.221582,0.17,1,320981,320553,428
17762221,50.8445,48.9324,430,38911,0.260316,0.19,1,321034,320604,430
17765141,40.5689,39.3865,431,38965,0.300063,0.19,1,321072,320641,431
17768061,30.5138,30.2773,431,39019,0.372013,0.19,1,321100,320669,431
17770981,22.1028,22.0555,431,39073,0.418403,0.19,1,321120,320689,431
17773901,9.22055,9.21109,431,39127,0.427681,0.19,1,321126,320695,431
17776821,21.0441,21.0422,431,39181,0.397536,0.23,1,321150,320719,431
17779741,49.0088,47.4084,433,39235,0.391507,0.25,1,321206,320773,433
17782661,38.6018,37.4817,434,39289,0.390301,0.25,1,321242,320808,434
17785581,9.32035,9.09634,434,39343,0.39006,0.11,1,321244,320810,434
17788501,41.0641,45.8193,428,39397,0.422012,0.19,1,321293,320865,428
17791421,37.0128,35.5639,431,39451,0.444402,0.19,1,321329,320898,431
17794341,40.2026,39.1128,432,39505,0.46488,0.23,1,321370,320938,432
17797261,42.4405,42.2226,432,39558,0.484976,0.27,1,321413,320981,432
17800181,53.2881,50.8445,435,39611,0.488995,0.31,1,321469,321034,435
17803101,44.2576,40.5689,439,39664,0.489799,0.39,1,321511,321072,439
17806021,31.2515,30.5138,439,39717,0.45796,0.43,1,321539,321100,439
17808941,23.8503,22.1028,441,39770,0.467592,0.43,1,321561,321120,441
17811861,9.57006,9.22055,441,39823,0.469518,0.39,1,321567,321126,441
17814781,21.114,21.0441,441,39876,0.501904,0.39,1,321591,321150,441
17817701,49.0228,49.0088,441,39929,0.476381,0.39,1,321647,321206,441
17820621,38.6046,38.6018,441,39982,0.519276,0.39,1,321683,321242,441
17823541,9.32091,9.32035,441,40035,0.495855,0.43,1,321685,321244,441
17826461,42.6642,41.0641,443,40088,0.523171,0.43,1,321736,321293,443
17829381,37.3328,8.21281,479,40141,0.496634,0.45,1,321772,321293,479
17832301,41.0666,30.4426,485,40194,0.523327,0.47,1,321814,321329,485
17835221,42.6133,38.8885,487,40247,0.512665,0.49,1,321857,321370,487
17838141,54.1227,42.1777,501,40299,0.542533,0.49,1,321914,321413,501
17841061,42.8245,53.2355,485,40351,0.596507,0.49,1,321954,321469,485
17843981,31.7649,44.2471,472,40403,0.591301,0.45,1,321983,321511,472
17846901,23.953,31.2494,466,40455,0.60626,0.47,1,322005,321539,466
17849821,9.5906,23.8499,450,40507,0.609252,0.47,1,322011,321561,450
17852741,21.1181,9.56998,468,40559,0.64185,0.51,1,322035,321567,468
17855661,49.8236,21.114,501,40611,0.68037,0.47,1,322092,321591,501
17858581,38.7647,49.0228,481,40663,0.688074,0.53,1,322128,321647,481
17861501,9.35294,38.6046,447,40715,0.705615,0.49,1,322130,321683,447
17864421,42.6706,9.32091,496,40767,0.725123,0.53,1,322181,321685,496
17867341,38.1341,42.6642,482,40819,0.745025,0.49,1,322218,321736,482
17870261,42.0268,37.3328,489,40871,0.717005,0.53,1,322261,321772,489
17873181,42.0054,41.0666,489,40923,0.727401,0.51,1,322303,321814,489
17876101,57.2011,42.6133,507,40975,0.71348,0.55,1,322364,321857,507
17879021,44.2402,54.1227,491,41027,0.758696,0.61,2,322405,321914,491
17881941,32.048,42.8245,480,41078,0.783739,0.59,2,322434,321954,480
17884861,24.0096,31.7649,473,41129,0.756748,0.61,2,322456,321983,473
17887781,9.60192,23.953,457,41180,0.75135,0.61,2,322462,322005,457
17890701,22.7204,9.5906,477,41231,0.75027,0.65,2,322488,322011,477
17893621,50.9441,21.1181,511,41282,0.798054,0.69,2,322546,322035,511
17896541,40.5888,49.8236,492,41333,0.855611,0.69,2,322584,322092,492
17899461,9.71776,38.7647,458,41384,0.867122,0.71,2,322586,322128,458
17902381,43.5436,9.35294,508,41435,0.885424,0.73,2,322638,322130,508
17905301,37.5087,42.6706,493,41486,0.889085,0.75,2,322674,322181,493
17908221,41.9017,38.1341,499,41537,0.905817,0.71,2,322717,322218,499
17911141,9.98035,42.0268,458,41588,0.909163,0.73,2,322719,322261,458
18112621,37,37,494,44954,0.79,1,2,325080,324586,494
18115541,35.4,36.2,493,45001,0.806,0.97,2,325115,324622,493
18118461,38.28,32.04,501,45048,0.7932,1,2,325154,324653,501
18121381,36.456,26.408,512,45095,0.74264,1,1,325190,324678,512
18124301,24.0912,36.4816,494,45142,0.700528,1,1,325211,324717,494
18127221,20.0182,32.0963,482,45189,0.692106,1,1,325230,324748,482
18130141,36.8036,34.4193,488,45236,0.594421,1,1,325271,324783,488
18133061,32.9607,36.4839,483,45283,0.542884,0.98,1,325303,324820,483
18135981,25.7921,32.8968,475,45330,0.516577,1,1,325327,324852,475
18138901,25.9584,28.1794,474,45377,0.463315,1,1,325353,324879,474
18141821,24.3917,29.6359,468,45423,0.436663,1,1,325377,324909,468
18144741,35.2783,37.1272,467,45469,0.415333,0.97,1,325415,324948,467
18147661,32.6557,31.4254,469,45515,0.315067,0.93,1,325447,324978,469
18150581,24.9311,24.6851,469,45561,0.311013,0.87,1,325470,325001,469
18153501,32.1862,38.537,461,45607,0.278203,0.79,1,325504,325043,461
18156421,34.4372,37.3074,459,45653,0.287641,0.81,1,325539,325080,459
18159341,34.0874,35.4615,458,45699,0.305528,0.79,1,325573,325115,458
18162261,36.4175,38.2923,456,45745,0.229106,0.73,1,325610,325154,456
18165181,34.4835,36.4585,454,45791,0.229821,0.69,1,325644,325190,454
18168101,25.2967,24.0917,456,45837,0.245964,0.69,1,325667,325211,456
18171021,17.0593,20.0183,452,45883,0.297193,0.57,1,325682,325230,452
18173941,33.0119,36.8037,448,45929,0.259439,0.57,1,325719,325271,448
18176861,32.2024,7.36073,480,45975,0.219888,0.53,1,325751,325271,480
18179781,24.0405,27.0721,470,46021,0.179978,0.51,1,325773,325303,470
18182701,23.2081,24.6144,469,46067,0.219995,0.45,1,325796,325327,469
18185621,23.0416,25.7229,466,46113,0.179999,0.43,1,325819,325353,466
18188541,32.6083,24.3446,477,46159,0.236,0.41,1,325854,325377,477
18191461,28.9217,35.2689,467,46205,0.2792,0.29,1,325882,325415,467
18194381,23.3843,32.6538,457,46251,0.30384,0.31,1,325904,325447,457
18197301,31.8769,24.9308,468,46297,0.308768,0.27,1,325938,325470,468
18200221,35.1754,32.1862,470,46343,0.341754,0.29,1,325974,325504,470
18203141,31.8351,34.4372,466,46388,0.332351,0.31,1,326005,325539,466
18206061,35.167,34.0874,468,46433,0.33047,0.21,1,326041,325573,468
18208981,35.0334,36.4175,466,46478,0.330094,0.23,1,326076,325610,466
18211901,26.2067,34.4835,456,46523,0.378019,0.25,1,326100,325644,456
18214821,16.4413,25.2967,447,46568,0.419604,0.31,1,326114,325667,447
18217741,33.6883,17.0593,470,46613,0.427921,0.25,1,326152,325682,470
18220661,30.7377,33.0119,463,46658,0.429584,0.21,1,326182,325719,463
18223581,22.1475,32.2024,451,46703,0.445917,0.17,1,326202,325751,451
18226501,25.2295,24.0405,455,46748,0.465183,0.23,1,326228,325773,455
18229421,21.0459,23.2081,452,46793,0.469037,0.17,1,326248,325796,452
18232341,36.2092,23.0416,469,46838,0.469807,0.25,1,326288,325819,469
18235261,31.2418,32.6083,464,46883,0.469961,0.29,1,326318,325854,464
18238181,22.2484,28.9217,456,46928,0.469992,0.31,1,326338,325882,456
18241101,33.2497,23.3843,470,46973,0.485998,0.31,1,326374,325904,470
18244021,37.0499,31.8769,474,47018,0.4892,0.35,1,326412,325938,474
18246941,31.41,35.1754,468,47063,0.48984,0.33,1,326442,325974,468
18249861,35.082,31.8351,473,47108,0.489968,0.33,1,326478,326005,473
18252781,36.6164,35.167,474,47153,0.537994,0.33,1,326515,326041,474
18255701,28.9233,35.0334,466,47198,0.563599,0.39,1,326542,326076,466
18258621,16.9847,26.2067,456,47243,0.60072,0.43,1,326556,326100,456
18261541,33.7969,16.4413,480,47288,0.608144,0.43,1,326594,326114,480
18264461,30.7594,33.6883,472,47333,0.625629,0.43,1,326624,326152,472
18267381,22.9519,30.7377,463,47378,0.645126,0.45,1,326645,326182,463
18270301,6.19038,22.1475,445,47422,0.649025,0.47,1,326647,326202,445
18273221,22.0381,25.2295,445,47466,0.649805,0.47,1,326673,326228,445
18276141,20.4076,21.0459,445,47510,0.681961,0.47,1,326693,326248,445
18279061,34.4815,36.2092,443,47554,0.656392,0.47,1,326731,326288,443
18281981,32.4963,31.2418,445,47598,0.667278,0.47,1,326763,326318,445
18284901,22.4993,22.2484,445,47642,0.701456,0.49,1,326783,326338,445
18287821,34.0999,33.2497,446,47686,0.708291,0.49,1,326820,326374,446
18290741,37.22,37.0499,446,47730,0.741658,0.49,1,326858,326412,446
18293661,31.444,31.41,446,47774,0.764332,0.49,2,326888,326442,446
18296581,35.0888,35.082,446,47818,0.832866,0.55,2,326924,326478,446
18299501,39.0178,36.6164,449,47862,0.894573,0.57,2,326964,326515,449
18302421,31.8036,28.9233,452,47906,0.906915,0.61,2,326994,326542,452
18305341,17.5607,16.9847,452,47950,0.893383,0.61,2,327008,326556,452
18559381,29,11,540,51633,0.67,1,1,329585,329045,540
18562301,25.8,24.6,537,51674,0.638,1,1,329610,329073,537
18573981,399.56,475.32,442,23360,0.1356,0.17,1,330103,329661,442
18578361,157.512,189.464,421,23360,0.09912,0.03,1,330200,329779,421
18619241,57.9024,64.2928,421,24090,0.059824,0.01,1,330233,329812,421
18622161,61.9805,36.8586,454,24178,0.0679648,0.03,1,330296,329842,454
18625081,75.5961,45.7717,485,24266,0.069593,0.05,1,330375,329890,485
18628001,68.7192,85.9543,456,24353,0.0859186,0.03,1,330442,329986,456
18630921,48.9438,61.1909,445,24440,0.0411837,0.07,1,330486,330041,445
18633841,17.7888,29.8382,433,24527,0.0642367,0.01,1,330496,330063,433
18636761,26.7578,25.9676,437,24613,0.116847,0.09,1,330525,330088,437
18639681,64.5516,49.1935,456,24699,0.159369,0.09,1,330599,330143,456
18642601,57.7103,55.4387,455,24785,0.199874,0.07,1,330655,330200,455
18645521,66.7421,87.8877,428,24871,0.0639748,0.07,1,330724,330296,428
18648441,72.5484,80.7775,423,24956,0.052795,0.09,1,330798,330375,423
18651361,70.5097,69.7555,426,25041,0.066559,0.03,1,330868,330442,426
18654281,48.5019,49.1511,425,25126,0.0213118,0.07,1,330911,330486,425
18657201,17.7004,17.8302,425,25210,0.0282624,0.13,1,330921,330496,425
18660121,29.1401,26.766,428,25294,0.0936525,0.17,1,330953,330525,428
18663041,66.628,64.5532,430,25378,0.122731,0.21,1,331029,330599,430
18665961,56.5256,57.7106,428,25461,0.144546,0.21,1,331083,330655,428
18668881,61.7051,11.5421,491,25544,0.116909,0.03,1,331146,330655,491
18671801,72.341,57.5084,497,25627,0.143382,0.05,1,331221,330724,497
18674721,69.6682,70.7017,492,25710,0.116676,0.07,1,331290,330798,492
18677641,48.3336,70.1403,465,25792,0.0953353,0.01,1,331333,330868,465
18680561,17.6667,48.4281,432,25874,0.0590671,0.03,1,331343,330911,432
18683481,30.7333,17.6856,456,25956,0.0518134,0.11,1,331377,330921,456
18686401,69.3467,29.1371,503,26038,0.0823627,0.13,1,331456,330953,503
18689321,57.8693,66.6274,482,26119,0.0884725,0.15,1,331511,331029,482
18692241,60.3739,56.5255,489,26200,0.0896945,0.11,1,331572,331083,489
18695161,73.6748,61.7051,503,26281,0.137939,0.15,1,331649,331146,503
18698081,68.335,72.341,495,26362,0.147588,0.11,1,331716,331221,495
18701001,45.667,69.6682,466,26442,0.165518,0.09,1,331756,331290,466
18703921,17.1334,48.3336,433,26522,0.169104,0.05,1,331766,331333,433
18706841,30.6267,17.6667,457,26602,0.185821,0.05,1,331800,331343,457
18709761,70.9253,30.7333,504,26682,0.205164,0.09,1,331881,331377,504
18712681,58.1851,69.3467,480,26761,0.241033,0.09,1,331936,331456,480
18715601,60.437,57.8693,486,26840,0.264207,0.09,1,331997,331511,486
18718521,13.6874,60.3739,427,26919,0.268841,0.15,1,331999,331572,427
18721441,65.9375,73.6748,429,26998,0.253768,0.15,1,332078,331649,429
18724361,66.7875,68.335,429,27076,0.282754,0.17,1,332145,331716,429
18727281,46.1575,45.667,430,27154,0.240551,0.17,1,332186,331756,430
18730201,17.2315,17.1334,430,27232,0.23211,0.19,1,332196,331766,430
18733121,31.4463,30.6267,431,27310,0.294422,0.21,1,332231,331800,431
18736041,71.8893,70.9253,432,27388,0.370884,0.25,1,332313,331881,432
18738961,59.9779,58.1851,434,27465,0.434177,0.27,1,332370,331936,434
18741881,61.5956,60.437,435,27542,0.414835,0.27,1,332432,331997,435
18744801,13.9191,13.6874,435,27619,0.410967,0.25,1,332434,331999,435
18747721,65.1838,65.9375,434,27696,0.442193,0.29,1,332512,332078,434
18750641,66.6368,66.7875,434,27772,0.560439,0.23,1,332579,332145,434
18753561,45.3274,46.1575,433,27848,0.568088,0.23,1,332619,332186,433
18756481,17.0655,17.2315,433,27924,0.569618,0.31,1,332629,332196,433
18759401,33.0131,31.4463,435,28000,0.633923,0.39,1,332666,332231,435
18762321,76.2026,71.8893,440,28076,0.694785,0.45,1,332753,332313,440
18765241,62.4405,59.9779,442,28151,0.722957,0.41,1,332812,332370,442
18768161,62.0881,61.5956,442,28226,0.776591,0.41,2,332874,332432,442
18771081,14.0176,13.9191,442,28301,0.755318,0.45,2,332876,332434,442
18774001,66.8035,65.1838,444,28376,0.799064,0.45,2,332956,332512,444
18776921,70.1607,13.0368,515,28451,0.807813,0.59,2,333027,332512,515
18779841,46.8321,56.2074,489,28525,0.825563,0.57,2,333068,332579,489
18782761,17.3664,43.2415,459,28599,0.829113,0.57,2,333078,332619,459
18785681,34.6733,16.6483,488,28673,0.845823,0.65,2,333117,332629,488
18788601,78.9347,32.9297,541,28747,0.849164,0.71,2,333207,332666,541
18791521,65.3869,76.1859,516,28821,0.833833,0.73,2,333269,332753,516
18794441,64.2774,62.4372,521,28894,0.862767,0.79,2,333333,332812,521
18797361,14.4555,62.0874,461,28967,0.868553,0.75,2,333335,332874,461
18800281,66.8911,14.0175,539,29040,0.885711,0.81,2,333415,332876,539
18803201,71.7782,66.8035,532,29113,0.905142,0.81,2,333488,332956,532
18920001,58,71,524,31891,0.57,1,1,335434,334910,524
18922921,34,51.8,505,31957,0.442,1,1,335462,334957,505
18925841,26,27.96,507,32023,0.3364,1,1,335486,334979,507
18928761,29.2,30.392,506,32089,0.23528,1,1,335516,335010,506
18931681,40.24,32.4784,516,32155,0.087056,1,1,335559,335043,516
18934601,59.248,47.2957,529,32221,0.0254112,0.98,1,335623,335094,529
18937521,55.8496,48.6591,535,32287,0.00508224,1,1,335678,335143,535
18940441,39.9699,64.9318,502,32353,0.0730164,1,1,335714,335212,502
18943361,55.994,36.1864,533,32418,0.0546033,0.91,1,335774,335241,533
18946281,55.9988,67.2373,514,32483,0.0829207,0.81,1,335830,335316,514
18949201,47.9998,61.4475,500,32548,0.0565841,0.57,1,335876,335376,500
18952121,27.2,58.6895,464,32613,0.0353168,0.41,1,335898,335434,464
18955041,23.04,34.1379,458,32678,0.0310634,0.31,1,335920,335462,458
18957961,23.808,26.0276,458,32743,0.0302127,0.21,1,335944,335486,458
18960881,6.3616,29.2055,430,32808,0.0300425,0.05,1,335946,335516,430
18963801,29.2723,40.2411,422,32872,0.0940085,0.01,1,335981,335559,422
18966721,57.0545,59.2482,422,32936,0.0748017,0,1,336045,335623,422
18969641,57.8109,55.8496,425,33000,0.0229603,0.09,1,336103,335678,425
18972561,39.5622,39.9699,424,33064,0.0605921,0.05,1,336138,335714,424
18975481,55.9124,55.994,424,33128,0.0841184,0.09,1,336198,335774,424
18978401,56.7825,55.9988,425,33192,0.136824,0.05,1,336255,335830,425
18981321,46.5565,47.9998,423,33256,0.115365,0.03,1,336299,335876,423
18984241,26.1113,27.2,422,33320,0.143073,0.03,1,336320,335898,422
18987161,23.6223,23.04,423,33383,0.116615,0.03,1,336343,335920,423
18990081,23.1245,23.808,422,33446,0.127323,0.03,1,336366,335944,422
18993001,6.22489,6.3616,422,33509,0.129465,0.11,1,336368,335946,422
18995921,31.645,29.2723,425,33572,0.161893,0.07,1,336406,335981,425
18998841,56.729,57.0545,424,33635,0.0883786,0.01,1,336469,336045,424
19001761,56.9458,57.8109,423,33698,0.0256757,0.07,1,336526,336103,423
19004681,39.3892,39.5622,423,33761,0.0611351,0.09,1,336561,336138,423
19007601,55.0778,55.9124,422,33824,0.068227,0.15,1,336620,336198,422
19010521,60.6156,56.7825,427,33887,0.0136454,0.11,1,336682,336255,427
19013441,45.7231,46.5565,425,33949,0.0107291,0.15,1,336724,336299,425
19016361,27.5446,26.1113,427,34011,0.0101458,0.11,1,336747,336320,427
19019281,23.9089,23.6223,427,34073,0.0580292,0.13,1,336770,336343,427
19022201,22.3818,23.1245,426,34135,0.0516058,0.13,1,336792,336366,426
19025121,6.07636,6.22489,426,34197,0.0823212,0.17,1,336794,336368,426
19028041,33.2153,31.645,428,34259,0.0884642,0.17,1,336834,336406,428
19030961,53.8431,6.329,487,34321,0.0736928,0.07,1,336893,336406,487
19033881,53.9686,51.6658,478,34383,0.0387386,0.01,1,336947,336469,478
19036801,41.1937,55.9332,459,34444,0.0637477,0.07,1,336985,336526,459
19039721,53.8387,39.1866,481,34505,0.0367495,0.07,1,337042,336561,481
19042641,59.5677,55.0373,483,34566,0.0153499,0,1,337103,336620,483
19045561,45.5136,60.6075,463,34627,0.04307,0.01,1,337145,336682,463
19048481,27.5027,45.7215,444,34688,0.048614,0.01,1,337168,336724,444
19051401,25.5005,27.5443,446,34749,0.0977228,0.07,1,337193,336747,446
19054321,22.7001,23.9089,445,34810,0.123545,0.05,1,337215,336770,445
19057241,6.14002,22.3818,425,34871,0.128709,0.09,1,337217,336792,425
19060161,34.028,6.07635,464,34932,0.145742,0.09,1,337258,336794,464
19063081,54.0056,33.2153,483,34993,0.133148,0.07,1,337317,336834,483
19066001,52.4011,53.8431,476,35053,0.0986297,0.03,1,337369,336893,476
19068921,42.4802,53.9686,462,35113,0.0597259,0.07,1,337409,336947,462
19071841,52.496,41.1937,479,35173,0.0519452,0.03,1,337464,336985,479
19074761,59.2992,53.8387,483,35233,0.082389,0.01,1,337525,337042,483
19077681,47.0598,59.5677,466,35293,0.0884778,0.05,1,337569,337103,466
19080601,27.812,45.5136,447,35353,0.105696,0.05,1,337592,337145,447
19083521,27.1624,27.5027,451,35413,0.0931391,0.11,1,337619,337168,451
19086441,23.8325,25.5005,449,35473,0.0746278,0.13,1,337642,337193,449
19089361,6.3665,22.7001,429,35533,0.0709256,0.13,1,337644,337215,429
19092281,36.4733,6.14002,471,35592,0.0861851,0.15,1,337688,337217,471
19095201,52.0947,34.028,486,35651,0.089237,0.13,1,337744,337258,486
19098121,12.0189,54.0056,429,35710,0.0898474,0.09,1,337746,337317,429
19101041,40.0038,52.4011,424,35769,0.121969,0.05,1,337793,337369,424
19103961,40.0008,42.4802,424,35828,0.128394,0.05,1,337833,337409,424
19106881,52.0002,52.496,424,35887,0.129679,0.09,1,337888,337464,424
19109801,59.2,59.2992,424,35946,0.113936,0.09,1,337949,337525,424
19112721,48.64,47.0598,426,36005,0.142787,0.11,1,337995,337569,426
19115641,27.328,27.812,425,36064,0.116557,0.09,1,338017,337592,425
19118561,27.8656,27.1624,426,36123,0.159311,0.07,1,338045,337619,426
19121481,23.9731,23.8325,426,36182,0.167862,0.07,1,338068,337642,426
19124401,6.39462,6.3665,426,36240,0.169572,0.09,1,338070,337644,426
19127321,36.4789,36.4733,426,36298,0.169914,0.09,1,338114,337688,426
19130241,52.0958,52.0947,426,36356,0.249983,0.09,1,338170,337744,426
19133161,12.0192,12.0189,426,36414,0.265997,0.13,1,338172,337746,426
19136081,40.0038,40.0038,426,36472,0.285199,0.13,1,338219,337793,426
19139001,40.0008,40.0008,426,36530,0.32104,0.13,1,338259,337833,426
19141921,52.8002,52.0002,427,36588,0.344208,0.11,1,338315,337888,427
19144841,59.36,59.2,427,36646,0.348842,0.15,1,338376,337949,427
19147761,48.672,48.64,427,36704,0.413768,0.11,1,338422,337995,427
19150681,27.3344,27.328,427,36762,0.394754,0.17,1,338444,338017,427
19153601,28.6669,27.8656,428,36819,0.422951,0.17,1,338473,338045,428
19156521,24.1334,23.9731,428,36876,0.41259,0.17,1,338496,338068,428
19159441,6.42667,6.39462,428,36933,0.442518,0.17,1,338498,338070,428
19162361,38.0853,36.4789,430,36990,0.416504,0.27,1,338544,338114,430
19165281,54.8171,52.0958,433,37047,0.427301,0.27,1,338603,338170,433
19168201,12.5634,12.0192,433,37104,0.39746,0.29,1,338605,338172,433
19171121,41.7127,40.0038,435,37161,0.407492,0.29,1,338654,338219,435
19174041,40.3425,8.00077,475,37218,0.409498,0.33,1,338694,338219,475
19176961,55.2685,33.6002,494,37275,0.4259,0.35,1,338753,338259,494
19179881,59.8537,51.52,499,37332,0.47718,0.35,1,338814,338315,499
19182801,50.3707,59.104,486,37389,0.471436,0.43,1,338862,338376,486
19185721,27.6741,48.6208,462,37446,0.470287,0.39,1,338884,338422,462
19188641,28.7348,27.3242,469,37502,0.486057,0.43,1,338913,338444,469
19191561,24.947,28.6648,464,37558,0.489211,0.41,1,338937,338473,464
19194481,6.58939,24.133,443,37614,0.489842,0.45,1,338939,338496,443
19197401,36.5179,6.42659,485,37670,0.505968,0.41,1,338983,338498,485
19200321,55.3036,38.0853,499,37726,0.525194,0.43,1,339043,338544,499
19203241,12.6607,54.8171,442,37782,0.529039,0.39,1,339045,338603,442
19206161,40.9321,12.5634,488,37838,0.561808,0.41,1,339093,338605,488
19209081,41.7864,41.7127,481,37894,0.648362,0.41,1,339135,338654,481
19212001,56.3573,40.3425,501,37950,0.729672,0.43,1,339195,338694,501
19214921,63.2715,55.2685,507,38006,0.761935,0.49,2,339260,338753,507
19217841,49.4543,59.8537,492,38062,0.768387,0.47,2,339306,338814,492
19220761,27.4909,50.3707,466,38118,0.769677,0.47,2,339328,338862,466
19223681,29.4982,27.6741,474,38173,0.785935,0.49,2,339358,338884,474
19226601,25.0996,28.7348,469,38228,0.789187,0.49,2,339382,338913,469
19229521,6.61993,24.947,447,38283,0.789837,0.49,2,339384,338937,447
19232441,37.324,6.58939,490,38338,0.789967,0.51,2,339429,338939,490
19235361,56.2648,36.5179,507,38393,0.805993,0.53,2,339490,338983,507
19238281,12.853,55.3036,449,38448,0.809199,0.53,2,339492,339043,449
19241201,43.3706,12.6607,498,38503,0.79384,0.57,2,339543,339045,498
19244121,46.2741,40.9321,497,38558,0.854768,0.67,2,339590,339093,497
19247041,59.6548,41.7864,518,38613,0.866954,0.75,2,339653,339135,518
19249961,13.531,56.3573,460,38668,0.869391,0.77,2,339655,339195,460
19252881,53.9062,63.2715,459,38723,0.885878,0.77,2,339719,339260,459
19255801,48.3812,49.4543,460,38778,0.921176,0.77,2,339766,339306,460
19258721,28.0762,27.4909,461,38832,0.912235,0.79,2,339789,339328,461
19261641,29.6152,29.4982,461,38886,0.910447,0.79,2,339819,339358,461
19264561,25.1231,25.0996,461,38940,0.958089,0.79,2,339843,339382,461
19267481,6.62461,6.61993,461,38994,0.935618,0.79,2,339845,339384,461
19270401,37.3249,37.324,461,39048,0.915124,0.81,2,339890,339429,461
19470421,96,121,458,19203,0.03,0.01,1,342476,342018,458
19473341,108.8,84.2,495,19314,0.03,0.07,1,342588,342093,495
19476261,66.56,101.64,445,19424,0.006,0.01,1,342644,342199,445
19479181,58.912,67.528,443,19533,0.0252,0.11,1,342701,342258,443
19482101,26.1824,30.3056,440,19642,0.06104,0.05,1,342719,342279,440
19485021,72.4365,30.0611,494,19750,0.052208,0.03,1,342803,342309,494
19487941,89.6873,62.8122,517,19857,0.114442,0.03,1,342897,342380,517
19490861,109.137,89.3624,535,19964,0.0308883,0.03,1,343011,342476,535
19493781,65.8275,107.472,478,20070,0.00617766,0,1,343066,342588,478
19496701,60.3655,66.2945,481,20176,0.0412355,0.03,1,343125,342644,481
19499621,28.0731,58.8589,444,20281,0.0482471,0.07,1,343145,342701,444
19502541,70.4146,26.1718,507,20386,0.0336494,0.05,1,343226,342719,507
19505461,89.2829,72.4344,517,20490,0.0787299,0.13,1,343320,342803,517
19508381,108.257,89.6869,536,20594,0.023746,0.01,1,343433,342897,536
19511301,65.6513,109.137,477,20697,0.0287492,0,1,343488,343011,477
19514221,61.1303,65.8275,482,20799,0.0297498,0.05,1,343548,343066,482
19517141,28.2261,60.3655,443,20901,0.06195,0.05,1,343568,343125,443
19520061,70.4452,28.0731,504,21002,0.02039,0.03,1,343649,343145,504
19522981,15.689,70.4146,425,21103,0.012078,0.09,1,343651,343226,425
19525901,79.1378,89.2829,426,21204,0.0424156,0.01,1,343746,343320,426
19528821,103.828,108.257,423,21304,0.0164831,0.03,1,343856,343433,423
19531741,64.7655,65.6513,423,21404,0.0112966,0.03,1,343911,343488,423
19534661,61.7531,61.1303,424,21503,0.0262593,0.07,1,343972,343548,424
19537581,29.1506,28.2261,425,21602,0.0132519,0.01,1,343993,343568,425
19540501,69.8301,70.4452,424,21700,0.0426504,0.01,1,344073,343649,424
19543421,15.566,15.689,424,21798,0.0485301,0.05,1,344075,343651,424
19546341,77.5132,79.1378,422,21895,0.097706,0.01,1,344168,343746,422
19549261,103.503,103.828,422,21992,0.0275412,0.01,1,344278,343856,422
19552181,64.7005,64.7655,422,22088,0.0135082,0.03,1,344333,343911,422
19555101,61.7401,61.7531,422,22184,0.0267016,0.01,1,344394,343972,422
19558021,31.548,29.1506,425,22280,0.0293403,0.05,1,344418,343993,425
19560941,69.5096,69.8301,424,22375,0.0938681,0.05,1,344497,344073,424
19563861,15.5019,15.566,424,22470,0.0747736,0.11,1,344499,344075,424
19566781,78.3004,77.5132,425,22564,0.0869547,0.11,1,344593,344168,425
19569701,100.46,15.5026,531,22658,0.0413909,0.01,1,344699,344168,531
19572621,64.892,91.1005,477,22752,0.0482782,0.01,1,344755,344278,477
19575541,60.9784,62.2201,482,22845,0.0176556,0.03,1,344815,344333,482
19578461,31.3957,61.244,445,22938,0.0115311,0.03,1,344839,344394,445
19581381,71.8791,31.4488,503,23030,0.106306,0.11,1,344921,344418,503
19584301,15.9758,69.4898,426,23122,0.125261,0.07,1,344923,344497,426
19587221,79.1952,15.498,519,23214,0.161052,0.09,1,345018,344499,519
19590141,97.439,78.2996,527,23305,0.18421,0.03,1,345120,344593,527
19593061,65.8878,100.46,479,23396,0.156842,0.05,1,345178,344699,479
19595981,60.3776,64.892,482,23487,0.151368,0.01,1,345237,344755,482
19598901,31.2755,60.9784,446,23577,0.134274,0.01,1,345261,344815,446
19601821,75.8551,31.3957,509,23667,0.114855,0.13,1,345348,344839,509
19604741,16.771,71.8791,429,23757,0.110971,0.13,1,345350,344921,429
19607661,80.9542,15.9758,524,23846,0.174194,0.17,1,345447,344923,524
19610581,98.5908,79.1952,532,23935,0.170839,0.19,1,345550,345018,532
19613501,21.3182,97.439,432,24024,0.170168,0.15,1,345552,345120,432
19616421,49.0636,65.8878,430,24112,0.186034,0.15,1,345608,345178,430
19619341,57.0127,60.3776,430,24200,0.221207,0.13,1,345667,345237,430
19622261,29.0025,31.2755,428,24288,0.260241,0.11,1,345689,345261,428
19625181,75.4005,75.8551,428,24375,0.300048,0.11,1,345776,345348,428
19628101,16.6801,16.771,428,24462,0.30801,0.19,1,345778,345350,428
19631021,83.336,80.9542,431,24549,0.309602,0.17,1,345878,345447,431
19633941,98.2672,98.5908,430,24635,0.34192,0.17,1,345980,345550,430
19636861,21.2534,21.3182,430,24721,0.348384,0.19,1,345982,345552,430
19639781,48.2507,49.0636,429,24807,0.349677,0.23,1,346037,345608,429
19642701,60.0501,57.0127,433,24892,0.445935,0.27,1,346100,345667,433
19645621,29.61,29.0025,433,24977,0.465187,0.31,1,346122,345689,433
19648541,77.922,75.4005,436,25062,0.469037,0.31,1,346212,345776,436
19651461,17.1844,16.6801,436,25147,0.469808,0.31,1,346214,345778,436
19654381,82.6369,83.336,435,25231,0.469962,0.35,1,346313,345878,435
19657301,100.527,98.2672,438,25315,0.517992,0.35,1,346418,345980,438
19660221,21.7055,21.2534,438,25399,0.527598,0.35,1,346420,345982,438
19663141,49.9411,48.2507,440,25482,0.52952,0.35,1,346477,346037,440
19666061,61.9882,9.65014,505,25565,0.561904,0.47,1,346542,346037,505
19668981,29.9976,52.33,464,25648,0.584381,0.47,1,346564,346100,464
19671901,77.9995,28.066,532,25731,0.620876,0.47,1,346654,346122,532
19674821,17.1999,77.6132,444,25813,0.628175,0.47,1,346656,346212,444
19677741,84.24,17.1226,543,25895,0.709635,0.47,1,346757,346214,543
19680661,101.648,82.6245,550,25977,0.773927,0.53,2,346863,346313,550
19683581,21.9296,100.525,447,26059,0.786785,0.53,2,346865,346418,447
19686501,51.5859,21.705,504,26140,0.773357,0.53,2,346924,346420,504
19689421,63.9172,49.941,514,26221,0.802671,0.57,2,346991,346477,514
19692341,31.1834,61.9882,472,26302,0.808534,0.59,2,347014,346542,472
19695261,79.8367,29.9976,542,26383,0.889707,0.63,2,347106,346564,542
19698181,17.5673,77.9995,454,26463,0.905941,0.63,2,347108,346654,454
19701101,88.3135,17.1999,558,26543,0.925188,0.73,2,347214,346656,558
19812061,42,100,499,29422,0.75,1,2,349233,348734,499
19814981,45.2,38.4,522,29494,0.734,1,1,349279,348757,522
19817901,61.84,43.68,543,29566,0.6668,1,1,349345,348802,543
19820821,37.168,66.336,502,29638,0.54136,1,1,349376,348874,502
19823741,28.2336,31.6672,505,29709,0.452272,1,1,349402,348897,505
19826661,59.2467,23.1334,551,29780,0.402454,1,1,349469,348918,551
19829581,20.6493,67.8267,483,29851,0.312491,1,1,349480,348997,483
19832501,29.7299,38.3653,484,29922,0.262498,0.9,1,349512,349028,484
19835421,59.546,66.8731,477,29993,0.1565,0.79,1,349579,349102,477
19838341,69.5092,84.5746,460,30064,0.0712999,0.75,1,349651,349191,460
19841261,47.5018,50.5149,460,30134,0.02226,0.73,1,349693,349233,460
19844181,43.9004,46.903,457,30204,0.044452,0.65,1,349736,349279,457
19847101,56.7801,62.1806,451,30274,0.0328904,0.51,1,349796,349345,451
19850021,32.156,37.2361,446,30344,0.0305781,0.43,1,349822,349376,446
19852941,24.8312,28.2472,443,30414,0.0781156,0.39,1,349845,349402,443
19855861,52.1662,59.2494,435,30484,0.0236231,0.29,1,349904,349469,435
19858781,20.0332,20.6499,436,30553,0.0447246,0.25,1,349916,349480,436
19861701,28.0066,29.73,434,30622,0.0489449,0.13,1,349946,349512,434
19864621,52.8013,59.546,426,30691,0.129789,0.05,1,350005,349579,426
19867541,66.5603,69.5092,424,30760,0.0979578,0.01,1,350075,349651,424
19870461,45.3121,47.5018,422,30829,0.123592,0.05,1,350115,349693,422
19873381,44.2624,43.9004,423,30898,0.0807183,0.03,1,350159,349736,423
19876301,56.0525,56.7801,422,30966,0.0721437,0.03,1,350218,349796,422
19879221,32.8105,32.156,423,31034,0.102429,0.09,1,350245,349822,423
19882141,24.1621,24.8312,422,31102,0.0444857,0.01,1,350267,349845,422
19885061,52.0324,52.1662,422,31170,0.0808972,0.05,1,350326,349904,422
19887981,22.4065,20.0332,425,31238,0.120179,0.05,1,350341,349916,425
19890901,27.6813,28.0066,424,31306,0.144036,0.05,1,350370,349946,424
19893821,52.7363,5.60133,483,31374,0.132807,0.15,1,350429,349946,483
19896741,67.3473,48.3203,495,31441,0.114561,0.09,1,350500,350005,495
19899661,42.2695,65.6641,461,31508,0.174912,0.13,1,350536,350075,461
19902581,46.0539,45.1328,468,31575,0.170982,0.07,1,350583,350115,468
19905501,54.8108,44.2266,481,31642,0.218196,0.07,1,350640,350159,481
19908421,31.7622,56.0453,448,31709,0.227639,0.11,1,350666,350218,448
19911341,24.7524,32.8091,444,31776,0.213528,0.03,1,350689,350245,444
19914261,54.5505,24.1618,484,31843,0.226706,0.09,1,350751,350267,484
19917181,22.9101,52.0324,440,31909,0.213341,0.13,1,350766,350326,440
19920101,28.582,22.4065,455,31975,0.226668,0.15,1,350796,350341,455
19923021,53.7164,27.6813,486,32041,0.277334,0.13,1,350856,350370,486
19925941,66.7433,52.7363,497,32107,0.319467,0.11,1,350926,350429,497
19928861,45.3487,67.3473,466,32173,0.359893,0.19,1,350966,350500,466
19931781,45.8697,42.2695,476,32239,0.367979,0.17,1,351012,350536,476
19934701,57.1739,46.0539,489,32305,0.401596,0.23,1,351072,350583,489
19937621,32.2348,54.8108,458,32370,0.424319,0.23,1,351098,350640,458
19940541,24.047,31.7622,454,32435,0.428864,0.21,1,351120,350666,454
19943461,55.2094,24.7524,494,32500,0.445773,0.23,1,351183,350689,494
19946381,23.0419,54.5505,447,32565,0.433155,0.21,1,351198,350751,447
19949301,28.6084,22.9101,462,32630,0.462631,0.23,1,351228,350766,462
19952221,56.9217,28.582,496,32695,0.484526,0.29,1,351292,350796,496
19955141,68.1843,53.7164,507,32760,0.472905,0.33,1,351363,350856,507
19958061,15.2369,66.7433,439,32825,0.470581,0.37,1,351365,350926,439
19960981,35.8474,45.3487,440,32889,0.518116,0.37,1,351406,350966,440
19963901,43.9695,45.8697,440,32953,0.527623,0.41,1,351452,351012,440
19966821,58.3939,57.1739,442,33017,0.529525,0.43,1,351514,351072,442
19969741,33.2788,32.2348,443,33081,0.529905,0.43,1,351541,351098,443
19972661,24.2558,24.047,443,33145,0.593981,0.45,1,351563,351120,443
19975581,56.0512,55.2094,444,33209,0.542796,0.43,1,351627,351183,444
19978501,24.0102,23.0419,445,33273,0.532559,0.47,1,351643,351198,445
19981421,28.802,28.6084,445,33337,0.530512,0.49,1,351673,351228,445
19984341,57.7604,56.9217,446,33400,0.578102,0.47,1,351738,351292,446
19987261,69.1521,68.1843,447,33463,0.68362,0.47,1,351810,351363,447
19990181,15.4304,15.2369,447,33526,0.704724,0.53,1,351812,351365,447
19993101,35.8861,35.8474,447,33589,0.724945,0.53,1,351853,351406,447
19996021,44.7772,43.9695,448,33652,0.696989,0.53,1,351900,351452,448
19998941,59.3554,58.3939,449,33715,0.723398,0.53,1,351963,351514,449
20001861,32.6711,33.2788,448,33778,0.72868,0.61,1,351989,351541,448
20004781,25.7342,24.2558,450,33841,0.745736,0.53,1,352013,351563,450
20007701,54.7468,56.0512,448,33903,0.765147,0.53,2,352075,351627,448
20010621,23.7494,24.0102,448,33965,0.769029,0.53,2,352091,351643,448
20013541,28.7499,28.802,448,34027,0.769806,0.59,2,352121,351673,448
20016461,60.95,57.7604,452,34089,0.817961,0.71,2,352190,351738,452
20019381,72.99,69.1521,456,34151,0.843592,0.71,2,352266,351810,456
20022301,16.198,15.4304,456,34213,0.848718,0.71,2,352268,351812,456
20025221,35.2396,3.08608,496,34275,0.833744,0.73,2,352308,351812,496
20028141,44.6479,33.4172,502,34337,0.862749,0.69,2,352355,351853,502
20031061,59.3296,44.2834,518,34399,0.86855,0.73,2,352418,351900,518
20033981,33.4659,59.2567,482,34460,0.88571,0.73,2,352445,351963,482
20036901,28.2932,32.6513,483,34521,0.873142,0.75,2,352472,351989,483
20159541,35,37,501,37004,0.73,1,1,354241,353740,501
20162461,30.2,28.2,504,37061,0.698,1,1,354270,353766,504
20165381,18.84,30.44,489,37118,0.6436,1,1,354286,353797,489
20168301,35.768,42.088,484,37175,0.60072,1,1,354326,353842,484
20171221,27.9536,8.4176,510,37232,0.512144,1,1,354352,353842,510
20174141,32.7907,22.4835,518,37289,0.462429,1,1,354386,353868,518
20177061,49.7581,34.0967,535,37346,0.468486,1,1,354440,353905,535
20179981,31.5516,63.6193,491,37403,0.485697,1,1,354467,353976,491
20182901,37.5103,32.7239,505,37459,0.441139,0.96,1,354506,354001,505
20185821,53.1021,28.1448,535,37515,0.432228,1,1,354563,354028,535
20188741,65.8204,59.229,537,37571,0.478446,0.83,1,354632,354095,537
20191661,36.3641,75.0458,487,37627,0.471689,0.85,1,354661,354174,487
20194581,34.4728,40.6092,489,37683,0.486338,0.73,1,354695,354206,489
20197501,26.0946,36.1218,478,37739,0.473268,0.69,1,354719,354241,478
20200421,19.6189,30.4244,467,37795,0.470654,0.63,1,354737,354270,467
20203341,35.9238,18.8849,491,37851,0.534131,0.59,1,354777,354286,491
20206261,25.5848,35.777,474,37907,0.578826,0.49,1,354800,354326,474
20209181,29.917,27.9554,479,37963,0.587765,0.45,1,354831,354352,479
20212101,48.3834,32.7911,498,38019,0.621553,0.47,1,354884,354386,498
20215021,31.2767,49.7582,471,38075,0.612311,0.49,1,354911,354440,471
20217941,37.4553,31.5516,483,38130,0.658462,0.43,1,354950,354467,483
20220861,51.4911,37.5103,499,38185,0.715692,0.43,1,355005,354506,499
20223781,65.4982,53.1021,511,38240,0.727139,0.49,1,355074,354563,511
20226701,38.6996,65.8204,474,38295,0.745428,0.47,1,355106,354632,474
20229621,33.3399,36.3641,477,38350,0.749086,0.49,1,355138,354661,477
20232541,26.668,34.4728,468,38405,0.781817,0.47,2,355163,354695,468
20235461,19.7336,26.0946,462,38460,0.788363,0.47,2,355181,354719,462
20238381,39.1467,19.6189,488,38515,0.805673,0.55,2,355225,354737,488
20241301,27.8293,35.9238,473,38570,0.793135,0.59,2,355250,354777,473
20244221,7.16587,25.5848,452,38625,0.790627,0.59,2,355252,354800,452
20247141,25.4332,29.917,451,38680,0.854125,0.63,2,355282,354831,451
20250061,49.0866,48.3834,453,38735,0.818825,0.61,2,355337,354884,453
20252981,32.2173,31.2767,454,38790,0.827765,0.67,2,355365,354911,454
20255901,39.2435,37.4553,456,38844,0.845553,0.73,2,355406,354950,456
20258821,53.4487,51.4911,458,38898,0.817111,0.73,2,355463,355005,458
20261741,67.4897,65.4982,460,38952,0.795422,0.75,2,355534,355074,460
20264661,38.2979,38.6996,459,39006,0.775084,0.75,2,355565,355106,459
20267581,34.0596,33.3399,460,39060,0.803017,0.79,2,355598,355138,460
20270501,27.6119,26.668,461,39114,0.808603,0.79,2,355624,355163,461
20273421,19.9224,19.7336,461,39168,0.825721,0.81,2,355642,355181,461
20276341,39.9845,39.1467,462,39222,0.781144,0.79,2,355687,355225,462
20279261,27.1969,27.8293,461,39276,0.852229,0.79,2,355711,355250,461
20282181,7.03938,7.16587,461,39330,0.866446,0.87,2,355713,355252,461
20285101,27.0079,25.4332,463,39384,0.869289,0.81,2,355745,355282,463
20288021,49.4016,49.0866,463,39438,0.885858,0.83,2,355800,355337,463
20290941,32.2803,32.2173,463,39492,0.889172,0.85,2,355828,355365,463
20293861,38.4561,39.2435,462,39545,0.889834,0.81,2,355868,355406,462
20296781,53.2912,53.4487,462,39598,0.937967,0.79,2,355925,355463,462
20442781,27,30,504,42180,0.81,1,2,357698,357194,504
20445701,33.4,38,499,42230,0.826,1,2,357733,357234,499
20448621,31.48,23.6,510,42280,0.7972,1,2,357764,357254,510
20451541,20.696,31.92,494,42330,0.72744,1,1,357782,357288,494
20454461,47.3392,51.984,491,42380,0.633488,1,1,357836,357345,491
20457381,71.8678,70.3968,494,42430,0.582698,1,1,357914,357420,494
20460301,44.7736,41.2794,498,42480,0.620539,1,1,357952,357454,498
20463221,33.7547,35.4559,495,42530,0.660108,1,1,357983,357488,495
20466141,19.5509,34.2912,477,42580,0.700022,1,1,357999,357522,477
20469061,23.9102,27.6582,476,42630,0.676004,1,1,358024,357548,476
20471981,29.582,31.9316,474,42680,0.655201,1,1,358055,357581,474
20474901,32.3164,34.3863,472,42729,0.69904,0.92,1,358088,357616,472
20477821,25.6633,30.0773,467,42778,0.643808,0.81,1,358112,357645,467
20480741,24.3327,26.8155,465,42827,0.680762,0.81,1,358136,357671,465
20483661,22.4665,26.9631,460,42876,0.704152,0.83,1,358158,357698,460
20486581,34.0933,33.3926,462,42925,0.72483,0.79,1,358195,357733,462
20489501,27.6187,31.4785,457,42974,0.696966,0.71,1,358221,357764,457
20492421,20.7237,20.6957,458,43023,0.723393,0.71,1,358240,357782,458
20495341,46.5447,4.13914,511,43072,0.696679,0.61,1,358293,357782,511
20498261,66.909,44.0278,529,43121,0.755336,0.57,2,358365,357836,529
20501181,46.1818,71.2056,492,43170,0.751067,0.63,2,358406,357914,492
20504101,35.6364,44.6411,487,43219,0.814213,0.67,2,358439,357952,487
20507021,16.7273,33.7282,468,43268,0.826843,0.71,2,358451,357983,468
20509941,21.7455,19.5456,475,43317,0.861368,0.67,2,358474,357999,475
20512861,30.7491,23.9091,483,43366,0.852274,0.65,2,358507,358024,483
20515781,30.9498,29.5818,483,43415,0.866455,0.71,2,358538,358055,483
20518701,27.79,32.3164,477,43464,0.901291,0.63,2,358565,358088,477
20521621,24.758,25.6633,477,43513,0.908258,0.69,2,358589,358112,477
20524541,23.3516,24.3327,476,43561,0.893652,0.71,2,358612,358136,476
20527461,36.6703,22.4665,494,43609,0.89073,0.73,2,358652,358158,494
20530381,27.3341,34.0933,482,43657,0.874146,0.69,2,358677,358195,482
20533301,21.4668,27.6187,476,43705,0.918829,0.73,2,358697,358221,476
20536221,45.0934,20.7237,508,43753,0.927766,0.69,2,358748,358240,508
20860341,61,37,456,21997,0.07,0.01,1,362645,362189,456
20863261,90.6,75.4,469,22093,0.102,0.03,1,362743,362274,469
20866181,72.52,79.88,456,22189,0.0764,0,1,362811,362355,456
20869101,66.504,61.576,464,22285,0.03928,0.03,1,362876,362412,464
20872021,38.1008,60.3152,435,22380,0.063856,0.01,1,362907,362472,435
20874941,42.8202,32.863,453,22475,0.0527712,0.07,1,362951,362498,453
20877861,54.164,50.5726,455,22569,0.0185542,0.05,1,363008,362553,455
20880781,61.2328,34.9145,487,22663,0.0277108,0.07,1,363071,362584,487
20883701,87.4466,55.7829,520,22757,0.0135422,0.11,1,363165,362645,520
20886621,71.8893,89.5566,490,22850,0.0267084,0.07,1,363233,362743,490
20889541,67.1779,72.3113,488,22943,0.0453417,0.03,1,363299,362811,488
20892461,37.4356,66.4623,453,23035,0.0330683,0.07,1,363329,362876,453
20895381,45.8871,38.0925,470,23127,0.0946137,0.05,1,363377,362907,470
20898301,52.3774,42.8185,480,23219,0.138923,0.01,1,363431,362951,480
20901221,60.0755,54.1637,485,23310,0.179785,0.03,1,363493,363008,485
20904141,88.0151,61.2327,517,23401,0.0599569,0.01,1,363588,363071,517
20907061,71.203,87.4466,490,23492,0.0519914,0.03,1,363655,363165,490
20909981,67.8406,71.8893,489,23582,0.0503983,0.05,1,363722,363233,489
20912901,36.7681,67.1779,452,23672,0.0340797,0.03,1,363751,363299,452
20915821,48.9536,37.4356,474,23762,0.0308159,0.11,1,363803,363329,474
20918741,55.3907,45.8871,483,23851,0.126163,0.15,1,363860,363377,483
20921661,61.4781,52.3774,492,23940,0.177233,0.19,1,363923,363431,492
20924581,13.8956,60.0755,432,24029,0.187447,0.03,1,363925,363493,432
20927501,71.5791,88.0151,423,24117,0.157489,0.05,1,364011,363588,423
20930421,68.7158,71.203,424,24205,0.135498,0.05,1,364079,363655,424
20933341,67.3432,67.8406,424,24293,0.0990996,0.03,1,364146,363722,424
20936261,35.8686,36.7681,423,24380,0.10782,0.03,1,364174,363751,423
20939181,48.7737,48.9536,423,24467,0.093564,0.15,1,364226,363803,423
20942101,60.1547,55.3907,429,24554,0.106713,0.19,1,364289,363860,429
20945021,64.8309,61.4781,432,24640,0.141343,0.19,1,364355,363923,432
20947941,14.5662,13.8956,432,24726,0.164269,0.15,1,364357,363925,432
20950861,69.3132,71.5791,429,24812,0.216854,0.13,1,364440,364011,429
20953781,65.8626,68.7158,426,24897,0.227371,0.09,1,364505,364079,426
20956701,65.1725,67.3432,424,24982,0.197474,0.11,1,364570,364146,424
20959621,36.2345,35.8686,425,25067,0.255495,0.09,1,364599,364174,425
20962541,49.6469,48.7737,426,25152,0.283099,0.11,1,364652,364226,426
20965461,61.1294,60.1547,427,25236,0.28862,0.15,1,364716,364289,427
20968381,66.6259,64.8309,429,25320,0.273724,0.17,1,364784,364355,429
20971301,14.9252,14.5662,429,25404,0.270745,0.23,1,364786,364357,429
20974221,70.985,69.3132,431,25487,0.334149,0.23,1,364871,364440,431
20977141,65.397,13.8626,495,25570,0.34683,0.23,1,364935,364440,495
20980061,65.0794,54.7725,495,25653,0.349366,0.19,1,365000,364505,495
20982981,37.8159,62.9545,461,25736,0.365873,0.27,1,365031,364570,461
20985901,50.7632,35.7909,486,25818,0.401175,0.29,1,365085,364599,486
20988821,62.9526,49.5582,499,25900,0.424235,0.29,1,365151,364652,499
20991741,66.1905,61.1116,502,25982,0.428847,0.27,1,365218,364716,502
20994661,14.8381,66.6223,436,26064,0.429769,0.27,1,365220,364784,436
20997581,73.3676,14.9245,522,26145,0.461954,0.35,1,365308,364786,522
21000501,66.6735,70.9849,502,26226,0.516391,0.35,1,365373,364871,502
21003421,65.3347,65.397,503,26307,0.559278,0.35,1,365438,364935,503
21006341,38.6669,65.0794,470,26388,0.583856,0.37,1,365470,365000,470
21009261,53.3334,37.8159,496,26468,0.588771,0.41,1,365527,365031,496
21012181,63.4667,50.7632,508,26548,0.589754,0.43,1,365593,365085,508
21015101,66.2933,62.9526,509,26628,0.637951,0.43,1,365660,365151,509
21018021,14.8587,66.1905,444,26708,0.64759,0.43,1,365662,365218,444
21020941,76.5717,14.8381,534,26787,0.681518,0.47,1,365754,365220,534
21023861,68.1143,73.3676,512,26866,0.752304,0.53,2,365820,365308,512
21026781,15.2229,66.6735,449,26945,0.766461,0.57,2,365822,365373,449
21029701,55.8446,65.3347,450,27024,0.817292,0.59,2,365888,365438,450
21032621,37.5689,38.6669,451,27102,0.827458,0.59,2,365921,365470,451
21035541,53.1138,53.3334,451,27180,0.829492,0.59,2,365978,365527,451
21038461,63.4228,63.4667,451,27258,0.845898,0.65,2,366044,365593,451
21041381,68.6846,66.2933,454,27336,0.88118,0.65,2,366114,365660,454
21044301,15.3369,14.8587,454,27413,0.920236,0.69,2,366116,365662,454
21164021,28,42,495,30419,0.93,1,2,368247,367752,495
21166941,42.4,47.6,492,30489,0.914,1,2,368293,367801,492
21169861,38.88,23.12,513,30558,0.8948,1,2,368331,367818,513
21172781,31.776,39.824,499,30627,0.82696,1,2,368361,367862,499
21175701,52.7552,66.3648,484,30696,0.749392,1,1,368419,367935,484
21178621,60.151,62.073,485,30765,0.717878,1,1,368481,367996,485
21181541,36.0302,39.6146,481,30834,0.791576,1,2,368511,368030,481
21184461,56.806,64.7229,472,30903,0.710315,0.9,1,368573,368101,472
21187381,84.1612,81.7446,477,30971,0.726063,0.92,1,368664,368187,477
21190301,39.2322,41.9489,473,31039,0.729213,0.93,1,368692,368219,473
21193221,27.8464,30.7898,470,31107,0.761842,0.91,2,368717,368247,470
21196141,39.9693,42.958,467,31175,0.752368,0.89,2,368760,368293,467
21199061,36.7939,38.9916,465,31243,0.750474,0.81,2,368796,368331,465
21201981,30.5588,31.7983,464,31311,0.750095,0.81,2,368825,368361,464
21204901,46.1118,6.35966,514,31379,0.718019,0.73,1,368875,368361,514
21207821,60.4224,47.6719,520,31446,0.759604,0.71,2,368939,368419,520
21210741,33.6845,59.1344,485,31513,0.831921,0.81,2,368966,368481,485
21213661,57.9369,35.8269,519,31580,0.862384,0.69,2,369030,368511,519
21216581,81.1874,56.7654,544,31647,0.900477,0.73,2,369117,368573,544
21219501,40.2375,84.1531,483,31714,0.908095,0.73,2,369147,368664,483
21222421,29.6475,39.2306,482,31781,0.893619,0.77,2,369174,368692,482
21225341,39.5295,27.8461,499,31848,0.906724,0.75,2,369216,368717,499
21514421,35,11,546,37856,0.87,1,2,373417,372871,546
21517341,35,44.6,528,37912,0.79,1,2,373452,372924,528
21520261,23,37.72,512,37968,0.742,1,1,373472,372960,512
21523181,33.4,36.344,512,38024,0.6844,1,1,373508,372996,512
21526101,59.48,36.8688,541,38080,0.59288,0.99,1,373574,373033,541
21529021,29.496,46.5738,514,38135,0.558576,1,1,373596,373082,514
21531941,33.8992,34.9148,517,38190,0.583715,1,1,373631,373114,517
21534861,59.5798,33.3829,550,38245,0.428743,1,1,373697,373147,550
21537781,32.716,65.0766,503,38300,0.349749,1,1,373723,373220,503
21540701,57.7432,41.0153,532,38355,0.38195,0.81,1,373787,373255,532
21543621,31.5486,57.0031,496,38410,0.37239,0.95,1,373812,373316,496
21546541,32.7097,35.4006,499,38465,0.434478,0.91,1,373845,373346,499
21549461,32.9419,35.8801,496,38520,0.446896,0.87,1,373878,373382,496
21552381,32.9884,35.176,494,38575,0.497379,0.77,1,373911,373417,494
21555301,8.19768,35.0352,461,38630,0.507476,0.73,1,373913,373452,461
21558221,15.2395,23.007,458,38685,0.493495,0.67,1,373930,373472,458
21561141,30.2479,33.4014,456,38740,0.522699,0.57,1,373964,373508,456
21564061,52.4496,59.4803,448,38795,0.52854,0.55,1,374022,373574,448
21566981,28.0899,29.4961,448,38849,0.561708,0.59,1,374044,373596,448
21569901,33.618,33.8992,448,38903,0.600342,0.39,1,374079,373631,448
21572821,53.9236,59.5798,441,38957,0.640068,0.33,1,374138,373697,441
21575741,33.1847,32.716,443,39011,0.680014,0.39,1,374166,373723,443
21578661,56.2369,57.7432,441,39065,0.688003,0.37,1,374228,373787,441
21581581,32.8474,31.5486,443,39119,0.721601,0.45,1,374255,373812,443
21584501,32.9695,32.7097,443,39173,0.72832,0.45,1,374288,373845,443
21587421,33.7939,32.9419,444,39227,0.745664,0.51,1,374322,373878,444
21590341,35.5588,32.9884,447,39281,0.749133,0.51,1,374358,373911,447
21593261,8.71176,8.19768,447,39335,0.749827,0.49,1,374360,373913,447
21596181,14.5424,15.2395,446,39389,0.717965,0.53,1,374376,373930,446
21599101,31.7085,30.2479,448,39443,0.727593,0.53,1,374412,373964,448
21602021,52.7417,52.4496,448,39497,0.761519,0.57,2,374470,374022,448
21604941,29.7483,28.0899,450,39550,0.768304,0.61,2,374494,374044,450
21607861,33.9497,33.618,450,39603,0.801661,0.65,2,374529,374079,450
21610781,55.5899,53.9236,452,39656,0.856332,0.69,2,374590,374138,452
21613701,35.118,33.1847,454,39709,0.867266,0.69,2,374620,374166,454
21616621,59.0236,56.2369,457,39762,0.869453,0.73,2,374685,374228,457
21619541,32.6047,32.8474,456,39815,0.837891,0.73,2,374711,374255,456
21622461,32.9209,32.9695,456,39868,0.847578,0.75,2,374744,374288,456
21625381,34.5842,33.7939,457,39921,0.833516,0.75,2,374779,374322,457
21628301,35.7168,35.5588,457,39974,0.894703,0.75,2,374815,374358,457
21631221,8.74337,8.71176,457,40027,0.874941,0.71,2,374817,374360,457
21634141,14.5487,14.5424,457,40080,0.918988,0.71,2,374833,374376,457
21637061,31.7097,2.90847,493,40133,0.911798,0.73,2,374869,374376,493
21639981,54.3419,29.3817,517,40186,0.91036,0.77,2,374929,374412,517
21642901,30.0684,52.2763,483,40239,0.926072,0.77,2,374953,374470,483
21812261,26,45,512,43174,0.83,1,2,377004,376492,512
21815181,55.6,37,540,43223,0.782,1,2,377067,376527,540
21818101,44.72,54.6,523,43272,0.7404,1,1,377109,376586,523
21821021,37.744,51.72,508,43321,0.62008,1,1,377145,376637,508
21823941,37.9488,42.344,506,43370,0.628016,1,1,377183,376677,506
21826861,32.3898,32.4688,507,43419,0.565603,0.92,1,377214,376707,507
21829781,32.878,28.0938,513,43468,0.473121,1,1,377247,376734,513
21832701,33.7756,35.2188,510,43517,0.422624,1,1,377281,376771,510
21835621,28.3551,32.6438,505,43565,0.476525,1,1,377308,376803,505
21838541,17.671,29.7288,491,43613,0.487305,1,1,377323,376832,491
21841461,27.5342,20.3458,503,43661,0.537461,1,1,377353,376850,503
21844381,35.1068,30.4691,507,43709,0.531492,1,1,377390,376883,507
21847301,23.8214,36.4938,490,43757,0.562298,0.93,1,377411,376921,490
21850221,29.5643,28.8988,494,43805,0.55246,0.83,1,377442,376948,494
21853141,26.7129,29.7798,490,43853,0.550492,0.83,1,377468,376978,490
21856061,51.7426,26.756,522,43901,0.518098,0.77,1,377526,377004,522
21858981,43.1485,55.7512,500,43949,0.43162,0.73,1,377567,377067,500
21861901,31.8297,44.7502,487,43997,0.446324,0.59,1,377596,377109,487
21864821,35.9659,37.75,488,44045,0.433265,0.63,1,377633,377145,488
21867741,26.3932,37.95,474,44093,0.462653,0.55,1,377657,377183,474
21870661,30.8786,32.39,475,44141,0.452531,0.45,1,377689,377214,475
21873581,33.3757,32.878,476,44189,0.450506,0.41,1,377723,377247,476
21876501,29.0751,33.7756,470,44237,0.498101,0.49,1,377751,377281,470
21879421,20.215,28.3551,461,44285,0.50762,0.49,1,377769,377308,461
21882341,28.843,17.671,477,44333,0.525524,0.55,1,377800,377323,477
21885261,35.3686,27.5342,484,44381,0.577105,0.53,1,377837,377353,484
21888181,24.6737,35.1068,469,44429,0.555421,0.57,1,377859,377390,469
21891101,6.53474,23.8214,450,44476,0.599084,0.55,1,377861,377411,450
21894021,25.3069,29.5643,449,44523,0.639817,0.55,1,377891,377442,449
21896941,25.8614,26.7129,449,44570,0.615963,0.51,1,377917,377468,449
21899861,48.3723,51.7426,445,44617,0.627193,0.41,1,377971,377526,445
21902781,41.6745,43.1485,444,44664,0.677438,0.45,1,378011,377567,444
21905701,31.5349,31.8297,444,44711,0.671488,0.43,1,378040,377596,444
21908621,36.707,35.9659,445,44758,0.718298,0.47,1,378078,377633,445
21911541,24.9414,26.3932,443,44805,0.75966,0.45,2,378100,377657,443
21914461,32.9883,30.8786,446,44852,0.783932,0.45,2,378135,377689,446
21917381,34.5977,33.3757,447,44899,0.788786,0.51,2,378170,377723,447
21920301,29.3195,29.0751,447,44946,0.789757,0.51,2,378198,377751,447
21923221,20.2639,20.215,447,44993,0.837951,0.53,2,378216,377769,447
21926141,28.8528,28.843,447,45040,0.84759,0.59,2,378247,377800,447
21929061,38.5706,35.3686,451,45087,0.833518,0.55,2,378288,377837,451
21931981,26.1141,24.6737,452,45134,0.814704,0.61,2,378311,377859,452
21934901,6.82282,6.53474,452,45181,0.810941,0.65,2,378313,377861,452
21937821,25.3646,25.3069,452,45228,0.810188,0.61,2,378343,377891,452
21940741,26.6729,25.8614,453,45275,0.826038,0.63,2,378370,377917,453
21943661,48.5346,48.3723,453,45322,0.829208,0.69,2,378424,377971,453
21946581,42.5069,41.6745,454,45369,0.813842,0.67,2,378465,378011,454
21949501,32.5014,31.5349,455,45415,0.874768,0.73,2,378495,378040,455
21952421,39.3003,36.707,458,45461,0.934954,0.77,2,378536,378078,458
21955341,25.4601,24.9414,458,45507,0.914991,0.79,2,378558,378100,458
21958261,33.892,32.9883,459,45553,0.926998,0.79,2,378594,378135,459
21961181,36.3784,34.5977,461,45599,0.9294,0.79,2,378631,378170,461
21964101,30.4757,29.3195,462,45645,0.94588,0.85,2,378660,378198,462
22279461,82,89,505,22817,0.07,1,1,382085,381580,505
22282381,65.2,73,497,22910,0.022,0.95,1,382146,381649,497
22285301,83.44,79.4,504,23003,0.0284,0.79,1,382234,381730,504
22288221,43.888,70.28,470,23095,0.02968,0.41,1,382268,381798,470
22291141,69.5776,85.256,457,23187,0.061936,0.43,1,382344,381887,457
22294061,29.9155,39.4512,449,23278,0.0203872,0.39,1,382364,381915,449
22296981,65.1831,16.6902,512,23369,0.0280774,0.25,1,382438,381926,512
22299901,69.0366,64.9381,505,23460,0.0296155,0.07,1,382508,382003,505
22302821,61.8073,78.5876,483,23550,0.0619231,0.01,1,382568,382085,483
22305741,82.7615,64.5175,510,23640,0.0363846,0.03,1,382656,382146,510
22308661,43.7523,83.3035,456,23730,0.0792769,0.03,1,382690,382234,456
22311581,68.7505,43.8607,497,23819,0.0398554,0.07,1,382765,382268,497
22314501,30.5501,69.5721,442,23908,0.0479711,0.01,1,382786,382344,442
22317421,7.71002,29.9144,424,23997,0.0495942,0.03,1,382788,382364,424
22320341,59.942,65.1829,423,24085,0.129919,0.03,1,382861,382438,423
22323261,71.1884,69.0366,427,24173,0.177984,0.07,1,382935,382508,427
22326181,60.6377,61.8073,425,24261,0.107597,0.03,1,382993,382568,425
22329101,81.7275,82.7615,424,24348,0.0935194,0.09,1,383080,382656,424
22332021,45.1455,43.7523,426,24435,0.0587039,0.03,1,383116,382690,426
22334941,66.6291,68.7505,423,24522,0.0197408,0.05,1,383188,382765,423
22337861,30.9258,30.5501,424,24608,0.0599482,0.05,1,383210,382786,424
22340781,7.78516,7.71002,424,24694,0.0679896,0.15,1,383212,382788,424
22343701,63.957,59.942,429,24780,0.101598,0.19,1,383290,382861,429
22346621,71.9914,71.1884,429,24866,0.12432,0.09,1,383364,382935,429
22349541,56.7983,60.6377,424,24951,0.112864,0.09,1,383417,382993,424
22352461,80.9597,81.7275,424,25036,0.126573,0.05,1,383504,383080,424
22355381,43.3919,45.1455,422,25121,0.145315,0.01,1,383538,383116,422
22358301,66.2784,66.6291,422,25205,0.149063,0.07,1,383610,383188,422
22361221,31.6557,30.9258,423,25289,0.133813,0.07,1,383633,383210,423
22364141,7.93113,7.78516,423,25373,0.130763,0.11,1,383635,383212,423
22367061,67.1862,63.957,427,25457,0.194153,0.11,1,383717,383290,427
22369981,72.6372,12.7914,501,25540,0.254831,0.13,1,383791,383290,501
22372901,56.1275,61.7583,479,25623,0.282966,0.11,1,383843,383364,479
22375821,81.6255,54.7517,514,25706,0.304593,0.13,1,383931,383417,514
22378741,44.3251,80.5503,462,25788,0.308919,0.15,1,383966,383504,462
22381661,64.865,43.3101,498,25870,0.309784,0.15,1,384036,383538,498
22384581,32.173,66.262,450,25952,0.325957,0.13,1,384060,383610,450
22387501,8.0346,31.6524,429,26034,0.345191,0.13,1,384062,383633,429
22390421,69.6069,7.93048,512,26115,0.381038,0.21,1,384147,383635,512
22393341,77.1214,67.1861,509,26196,0.404208,0.27,1,384226,383717,509
22396261,57.0243,72.6372,487,26277,0.408842,0.29,1,384278,383791,487
22399181,82.6049,56.1274,524,26358,0.457768,0.31,1,384367,383843,524
22402101,44.521,81.6255,471,26438,0.499554,0.31,1,384402,383931,471
22405021,64.9042,44.3251,506,26518,0.539911,0.31,1,384472,383966,506
22407941,33.7808,64.865,462,26598,0.515982,0.33,1,384498,384036,462
22410861,8.35617,32.173,440,26678,0.511196,0.35,1,384500,384060,440
22413781,71.2712,8.0346,525,26757,0.526239,0.39,1,384587,384062,525
22416701,78.2542,69.6069,520,26836,0.577248,0.41,1,384667,384147,520
22419621,57.2509,77.1214,493,26915,0.61945,0.41,1,384719,384226,493
22422541,13.0502,57.0243,443,26994,0.62789,0.47,1,384721,384278,443
22425461,75.41,82.6049,445,27072,0.725578,0.51,1,384812,384367,445
22428381,44.682,44.521,447,27150,0.761116,0.55,2,384849,384402,447
22431301,66.5364,64.9042,449,27228,0.784223,0.51,2,384921,384472,449
22434221,32.5073,33.7808,447,27306,0.788845,0.51,2,384945,384498,447
22437141,8.10146,8.35617,447,27384,0.789769,0.53,2,384947,384500,447
22440061,72.8203,71.2712,449,27461,0.773954,0.59,2,385036,384587,449
22442981,80.1641,78.2542,451,27538,0.786791,0.63,2,385118,384667,451
22445901,60.0328,57.2509,454,27615,0.805358,0.63,2,385173,384719,454
22448821,13.6066,13.0502,454,27692,0.809072,0.75,2,385175,384721,454
22451741,77.9213,75.41,457,27768,0.841814,0.77,2,385269,384812,457
22454661,46.7843,44.682,459,27844,0.864363,0.79,2,385308,384849,459
22457581,66.9569,66.5364,459,27920,0.852873,0.79,2,385380,384921,459
22460501,32.5914,32.5073,459,27996,0.882575,0.79,2,385404,384945,459
22463421,8.11827,8.10146,459,28072,0.856515,0.77,2,385406,384947,459
22466341,72.8237,72.8203,459,28147,0.899303,0.79,2,385495,385036,459
22568541,35,59,476,30668,0.91,1,2,387267,386791,476
22571461,43,35,492,30737,0.83,1,2,387312,386820,492
22574381,43,17.4,522,30806,0.766,1,2,387355,386833,522
22577301,47,69.88,487,30875,0.5932,1,1,387403,386916,487
22580221,75,86.776,478,30944,0.33464,1,1,387485,387007,478
22583141,64.6,57.3552,490,31012,0.282928,0.88,1,387547,387057,490
22586061,25.72,28.271,485,31080,0.288586,1,1,387563,387078,485
22588981,56.344,61.6542,479,31148,0.241717,0.98,1,387627,387148,479
22591901,47.2688,54.7308,471,31216,0.168343,0.97,1,387672,387201,471
22594821,31.8538,35.7462,468,31284,0.121669,0.97,1,387700,387232,468
22597741,29.5708,7.14923,497,31352,0.112334,0.91,1,387729,387232,497
22600661,39.5142,29.4298,504,31419,0.0944668,0.81,1,387771,387267,504
22603581,38.3028,41.886,497,31486,0.0908934,0.75,1,387809,387312,497
22606501,35.6606,42.7772,489,31553,0.0581787,0.55,1,387844,387355,489
22609421,64.7321,46.9554,513,31620,0.0516357,0.27,1,387916,387403,513
22612341,65.7464,74.9911,497,31687,0.130327,0.27,1,387982,387485,497
22615261,24.3493,64.5982,449,31754,0.114065,0.29,1,387996,387547,449
22618181,52.8699,25.7196,493,31821,0.158813,0.23,1,388056,387563,493
22621101,44.974,56.3439,472,31887,0.199763,0.15,1,388099,387627,472
22624021,30.5948,47.2688,454,31953,0.159953,0.11,1,388126,387672,454
22626941,29.319,31.8538,455,32019,0.167991,0.11,1,388155,387700,455
22629861,38.6638,29.5708,467,32085,0.169598,0.09,1,388196,387729,467
22632781,38.1328,39.5142,463,32151,0.20192,0.09,1,388234,387771,463
22635701,34.8266,38.3028,459,32217,0.224384,0.05,1,388268,387809,459
22638621,65.3653,35.6606,497,32283,0.276877,0.05,1,388341,387844,497
22641541,66.6731,64.7321,492,32349,0.287375,0.15,1,388408,387916,492
22644461,24.5346,65.7464,440,32414,0.289475,0.11,1,388422,387982,440
22647381,56.1069,24.3493,490,32479,0.353895,0.17,1,388486,387996,490
22650301,44.8214,52.8699,472,32544,0.334779,0.21,1,388528,388056,472
22653221,29.7643,44.974,455,32609,0.330956,0.15,1,388554,388099,455
22656141,30.7529,30.5948,459,32674,0.362191,0.17,1,388585,388126,459
22659061,38.1506,29.319,470,32739,0.384438,0.17,1,388625,388155,470
22661981,9.23011,38.6638,431,32804,0.388888,0.21,1,388627,388196,431
22664901,33.046,38.1328,432,32868,0.389778,0.23,1,388666,388234,432
22667821,36.2092,34.8266,435,32932,0.405955,0.29,1,388703,388268,435
22670741,66.4418,65.3653,436,32996,0.489191,0.29,1,388777,388341,436
22673661,66.8884,66.6731,436,33060,0.473838,0.29,1,388844,388408,436
22676581,25.3777,24.5346,437,33124,0.486768,0.37,1,388859,388422,437
22679501,57.0755,56.1069,438,33188,0.553354,0.33,1,388924,388486,438
22682421,45.0151,44.8214,438,33252,0.534671,0.33,1,388966,388528,438
22685341,29.803,29.7643,438,33316,0.530934,0.37,1,388992,388554,438
22688261,32.3606,30.7529,440,33379,0.530187,0.39,1,389025,388585,440
22691181,39.2721,38.1506,441,33442,0.594037,0.39,1,389066,388625,441
22694101,9.45442,9.23011,441,33505,0.574807,0.39,1,389068,388627,441
22697021,33.0909,33.046,441,33568,0.618962,0.41,1,389107,388666,441
22699941,37.0182,36.2092,442,33631,0.627792,0.51,1,389145,388703,442
22702861,69.0036,66.4418,445,33694,0.629559,0.47,1,389222,388777,445
22705781,67.4007,66.8884,445,33757,0.677912,0.49,1,389289,388844,445
22708701,26.2801,25.3777,446,33820,0.687582,0.57,1,389305,388859,446
22711621,58.856,57.0755,448,33883,0.737516,0.53,1,389372,388924,448
22714541,45.3712,45.0151,448,33945,0.763503,0.53,2,389414,388966,448
22717461,29.8742,29.803,448,34007,0.784701,0.53,2,389440,388992,448
22720381,33.1748,32.3606,449,34069,0.83694,0.61,2,389474,389025,449
22723301,40.235,39.2721,450,34131,0.831388,0.57,2,389516,389066,450
22726221,9.64699,9.45442,450,34193,0.830278,0.63,2,389518,389068,450
22729141,33.9294,33.0909,451,34255,0.878056,0.63,2,389558,389107,451
22732061,37.9859,6.61818,490,34317,0.839611,0.63,2,389597,389107,490
22734981,69.9972,31.7236,530,34379,0.863922,0.63,2,389675,389145,530
22737901,67.5994,67.9447,520,34441,0.868784,0.69,2,389742,389222,520
22740821,27.1199,67.1889,470,34502,0.853757,0.69,2,389759,389289,470
22743741,62.224,26.2378,525,34563,0.866751,0.75,2,389830,389305,525
22746661,47.6448,58.8476,502,34624,0.88535,0.77,2,389874,389372,502
22749581,30.329,45.3695,486,34685,0.92107,0.79,2,389900,389414,486
22752501,34.0658,29.8739,495,34746,0.944214,0.85,2,389935,389440,495
22755421,41.2132,33.1748,504,34807,0.932843,0.83,2,389978,389474,504
22758341,9.84263,40.235,464,34868,0.930569,0.83,2,389980,389516,464
22761261,34.7685,9.64699,503,34929,0.914114,0.89,2,390021,389518,503
22764181,37.3537,33.9294,501,34990,0.942823,0.83,2,390059,389558,501
22880981,72,19,562,37329,0.67,1,1,391741,391179,562
22883901,43.2,68.6,517,37386,0.542,1,1,391777,391260,517
22886821,35.04,44.92,511,37443,0.5164,1,1,391810,391299,511
22889741,35.808,39.384,509,37499,0.43128,1,1,391846,391337,509
22892661,35.1616,31.8768,514,37555,0.334256,0.99,1,391881,391367,514
22895581,28.6323,35.1754,505,37611,0.298851,1,1,391908,391403,505
22898501,28.9265,22.2351,515,37667,0.19577,1,1,391937,391422,515
22901421,25.7853,32.447,505,37723,0.191154,0.95,1,391962,391457,505
22904341,32.3571,32.0894,507,37779,0.0942308,1,1,391996,391489,507
22907261,54.4714,36.8179,529,37835,0.0908462,0.98,1,392056,391527,529
22910181,46.0943,52.1636,517,37891,0.106169,0.83,1,392100,391583,517
22913101,30.0189,54.4327,488,37947,0.0772338,0.75,1,392126,391638,488
22916021,58.8038,35.6865,523,38003,0.103447,0.67,1,392192,391669,523
22918941,34.1608,64.7373,479,38059,0.140689,0.51,1,392220,391741,479
22921861,30.8322,41.7475,473,38115,0.180138,0.51,1,392250,391777,473
22924781,33.3664,34.7495,474,38170,0.220028,0.41,1,392284,391810,474
22927701,31.4733,35.7499,469,38225,0.180006,0.31,1,392315,391846,469
22930621,26.2947,35.15,459,38280,0.204001,0.29,1,392340,391881,459
22933541,27.6589,28.63,460,38335,0.2088,0.17,1,392368,391908,460
22936461,23.9318,28.926,454,38390,0.22576,0.19,1,392391,391937,454
22939381,26.3864,25.7852,456,38445,0.229152,0.07,1,392418,391962,456
22942301,54.8773,32.357,484,38500,0.21383,0.09,1,392480,391996,484
22945221,46.1755,54.4714,468,38555,0.210766,0.11,1,392524,392056,468
22948141,31.6351,46.0943,452,38610,0.226153,0.07,1,392552,392100,452
22951061,7.92702,30.0189,428,38665,0.229231,0.11,1,392554,392126,428
22953981,55.1854,58.8038,429,38720,0.277846,0.15,1,392621,392192,429
22956901,33.4371,34.1608,429,38775,0.287569,0.19,1,392649,392220,429
22959821,30.6874,30.8322,429,38829,0.305514,0.23,1,392679,392250,429
22962741,36.5375,33.3664,433,38883,0.309103,0.17,1,392717,392284,433
22965661,30.5075,31.4733,431,38937,0.293821,0.21,1,392746,392315,431
22968581,27.7015,26.2947,433,38991,0.274764,0.21,1,392773,392340,433
22971501,27.1403,27.6589,432,39045,0.270953,0.23,1,392800,392368,432
22974421,24.6281,23.9318,433,39099,0.302191,0.23,1,392824,392391,433
22977341,24.9256,26.3864,431,39153,0.308438,0.21,1,392849,392418,431
22980261,54.5851,54.8773,431,39207,0.325688,0.21,1,392911,392480,431
22983181,47.717,46.1755,433,39261,0.345138,0.23,1,392957,392524,433
22986101,31.9434,31.6351,433,39315,0.349027,0.23,1,392985,392552,433
22989021,7.98868,7.92702,433,39369,0.349805,0.29,1,392987,392554,433
22991941,55.9977,55.1854,434,39423,0.381961,0.29,1,393055,392621,434
22994861,33.5995,33.4371,434,39477,0.388392,0.31,1,393083,392649,434
22997781,31.5199,30.6874,435,39530,0.341678,0.31,1,393114,392679,435
23000701,36.704,36.5375,435,39583,0.396336,0.29,1,393152,392717,435
23003621,29.7408,30.5075,434,39636,0.423267,0.27,1,393180,392746,434
23006541,26.7482,27.7015,433,39689,0.444653,0.27,1,393206,392773,433
23009461,28.5496,27.1403,435,39742,0.432931,0.31,1,393235,392800,435
23012381,25.7099,24.6281,436,39795,0.446586,0.31,1,393260,392824,436
23015301,24.342,24.9256,435,39848,0.529317,0.33,1,393284,392849,435
23018221,56.8684,54.5851,438,39901,0.593863,0.35,1,393349,392911,438
23021141,47.3737,47.717,437,39954,0.606773,0.35,1,393394,392957,437
23024061,31.8747,31.9434,437,40007,0.657355,0.35,1,393422,392985,437
23026981,7.97495,7.98868,437,40060,0.635471,0.35,1,393424,392987,437
23029901,56.795,1.59774,506,40113,0.663094,0.39,1,393493,392987,506
23032821,33.759,54.7195,466,40166,0.684619,0.39,1,393521,393055,466
23035741,31.5518,33.3439,469,40219,0.672924,0.33,1,393552,393083,469
23038661,37.5104,31.4688,477,40271,0.654585,0.41,1,393591,393114,477
23041581,31.5021,36.6938,469,40323,0.698917,0.43,1,393621,393152,469
23044501,27.1004,29.7388,467,40375,0.675783,0.45,1,393647,393180,467
23047421,29.4201,26.7478,471,40427,0.671157,0.43,1,393677,393206,471
23050341,27.484,28.5496,469,40479,0.670231,0.45,1,393704,393235,469
23053261,26.2968,25.7099,470,40531,0.718046,0.55,1,393730,393260,470
23056181,60.4594,24.342,515,40583,0.775609,0.61,2,393799,393284,515
23059101,48.8919,56.8684,496,40635,0.771122,0.61,2,393845,393349,496
23062021,32.9784,47.3737,480,40687,0.770224,0.67,2,393874,393394,480
23064941,8.19567,31.8747,454,40739,0.770045,0.63,2,393876,393422,454
23067861,58.4391,7.97495,523,40791,0.786009,0.67,2,393947,393424,523
23070781,34.8878,56.795,483,40843,0.805202,0.69,2,393976,393493,483
23073701,30.9776,33.759,485,40895,0.82504,0.67,2,394006,393521,485
23076621,36.5955,31.5518,492,40947,0.845008,0.65,2,394044,393552,492
23079541,32.1191,37.5104,484,40999,0.865002,0.71,2,394075,393591,484
23082461,27.2238,31.5021,480,41050,0.885,0.67,2,394101,393621,480
23085381,29.4448,27.1004,484,41101,0.921,0.67,2,394131,393647,484
23088301,29.889,29.4201,484,41152,0.8962,0.67,2,394161,393677,484
23091221,26.7778,27.484,483,41203,0.92324,0.73,2,394187,393704,483
23292701,147,148,503,19925,0.33,0.81,1,396716,396213,503
23295621,83,87.2,498,20031,0.378,0.59,1,396783,396285,498
23298541,70.2,83.04,483,20137,0.4356,0.55,1,396850,396367,483
23301461,61.24,60.608,487,20242,0.43112,0.51,1,396909,396422,487
23304381,37.848,60.9216,458,20347,0.382224,0.43,1,396941,396483,458
23307301,61.9696,32.9843,500,20451,0.388445,0.39,1,397009,396509,500
23310221,128.394,54.5969,585,20555,0.437689,0.33,1,397154,396569,585
23313141,80.8788,128.519,507,20658,0.527538,0.39,1,397223,396716,507
23316061,70.5758,79.3039,508,20761,0.593508,0.45,1,397291,396783,508
23318981,60.5152,69.4608,499,20863,0.622702,0.43,1,397349,396850,499
23321901,38.503,61.0922,473,20965,0.67654,0.37,1,397382,396909,473
23324821,9.30061,37.8184,443,21066,0.687308,0.39,1,397384,396941,443
23327741,54.6601,61.9637,441,21167,0.721462,0.45,1,397450,397009,441
23330661,129.332,128.393,444,21267,0.776292,0.55,2,397598,397154,444
23333581,85.0664,80.8785,449,21367,0.803259,0.61,2,397672,397223,449
23336501,73.8133,70.5757,452,21466,0.840652,0.63,2,397743,397291,452
23339421,61.9627,60.5151,453,21565,0.83213,0.69,2,397802,397349,453
23342341,41.9925,38.503,457,21663,0.846426,0.69,2,397839,397382,457
23345261,9.99851,9.30061,457,21761,0.849285,0.73,2,397841,397384,457
23348181,55.5997,54.6601,458,21858,0.833857,0.79,2,397908,397450,458
23351101,130.32,129.332,459,21955,0.926771,0.81,2,398057,397598,459
23447461,42,41,480,24944,0.53,1,1,400162,399682,480
23450381,61.2,51.4,492,25029,0.37,1,1,400228,399736,492
23453301,41.84,39.88,492,25114,0.258,1,1,400265,399773,492
23456221,32.368,34.376,489,25198,0.1076,0.99,1,400295,399806,489
23459141,104.874,111.675,481,25282,0.06152,1,1,400418,399937,481
23462061,44.1747,51.135,474,25366,0.116304,0.77,1,400447,399973,474
23464981,47.2349,56.627,464,25450,0.0312608,0.77,1,400495,400031,464
23467901,69.447,11.3254,539,25533,0.0142522,0.61,1,400570,400031,539
23470821,42.6894,73.4651,486,25616,0.0268504,0.53,1,400606,400120,486
23473741,54.1379,48.293,501,25699,0.0613701,0.33,1,400663,400162,501
23476661,37.2276,62.4586,468,25781,0.052274,0.23,1,400696,400228,468
23479581,26.6455,42.0917,455,25863,0.0184548,0.07,1,400720,400265,455
23482501,101.329,32.4183,545,25945,0.027691,0.05,1,400840,400295,545
23485421,43.4658,104.884,451,26027,0.0455382,0.13,1,400869,400418,451
23488341,46.2932,44.1767,469,26108,0.0331076,0.01,1,400916,400447,469
23491261,70.8586,47.2353,498,26189,0.0466215,0.01,1,400993,400495,498
23494181,42.1717,69.4471,458,26270,0.0493243,0.03,1,401028,400570,458
23497101,54.8343,42.6894,480,26351,0.0338649,0.07,1,401086,400606,480
23500021,36.5669,54.1379,455,26431,0.110773,0.05,1,401118,400663,455
23502941,26.5134,37.2276,446,26511,0.126155,0.01,1,401142,400696,446
23505861,100.503,26.6455,541,26591,0.0332309,0.03,1,401261,400720,541
23508781,46.5005,101.329,454,26671,0.0306462,0.05,1,401294,400840,454
23511701,44.5001,43.4658,469,26750,0.0301292,0.03,1,401338,400869,469
23514621,71.3,46.2932,500,26829,0.0460258,0.05,1,401416,400916,500
23517541,41.46,70.8586,457,26908,0.0172052,0.05,1,401450,400993,457
23520461,9.892,42.1717,424,26987,0.043441,0.03,1,401452,401028,424
23523381,47.5784,54.8343,423,27065,0.0646882,0.13,1,401509,401086,423
23526301,37.5157,36.5669,426,27143,0.0689376,0.13,1,401544,401118,426
23529221,25.9031,26.5134,425,27221,0.0537875,0.01,1,401567,401142,425
23532141,98.7806,100.503,423,27299,0.0667575,0.03,1,401684,401261,423
23535061,46.1561,46.5005,423,27377,0.0133515,0.03,1,401717,401294,423
23537981,44.4312,44.5001,423,27454,0.0426703,0.05,1,401761,401338,423
23540901,72.0862,71.3,424,27531,0.0485341,0.01,1,401840,401416,424
23543821,41.6172,41.46,424,27608,0.0497068,0.05,1,401874,401450,424
23546741,9.92345,9.892,424,27685,0.0499414,0.07,1,401876,401452,424
23549661,46.7847,47.5784,423,27761,0.145988,0.07,1,401932,401509,423
23552581,37.3569,37.5157,423,27837,0.133198,0.05,1,401967,401544,423
23555501,26.6714,25.9031,424,27913,0.14664,0.07,1,401991,401567,424
23558421,97.3343,98.7806,422,27989,0.197328,0,1,402106,401684,422
23561341,46.6669,46.1561,423,28065,0.159466,0.05,1,402140,401717,423
23564261,43.7334,44.4312,422,28140,0.151893,0.05,1,402183,401761,422
23567181,73.5467,72.0862,424,28215,0.150379,0.05,1,402264,401840,424
23570101,42.7093,41.6172,425,28290,0.198076,0.05,1,402299,401874,425
23573021,10.1419,9.92345,425,28365,0.207615,0.05,1,402301,401876,425
23575941,48.4284,1.98469,483,28440,0.225523,0.17,1,402359,401876,483
23578861,37.6857,45.1969,462,28514,0.213105,0.13,1,402394,401932,462
23581781,27.5371,37.0394,452,28588,0.226621,0.15,1,402419,401967,452
23584701,99.1074,26.6079,545,28662,0.245324,0.21,1,402536,401991,545
23587621,45.4215,97.3216,462,28736,0.297065,0.15,1,402568,402106,462
23590541,43.4843,46.6643,471,28810,0.291413,0.15,1,402611,402140,471
23593461,73.4969,43.7329,509,28883,0.290283,0.15,1,402692,402183,509
23596381,43.4994,73.5466,464,28956,0.306057,0.21,1,402728,402264,464
23599301,10.2999,42.7093,431,29029,0.309211,0.21,1,402730,402299,431
23602221,50.86,10.1419,490,29102,0.357842,0.23,1,402791,402301,490
23605141,37.372,48.4284,466,29175,0.399568,0.21,1,402825,402359,466
23608061,28.2744,37.6857,457,29248,0.423914,0.23,1,402851,402394,457
23610981,102.455,27.5371,553,29320,0.460783,0.25,1,402972,402419,553
23613901,46.091,99.1074,468,29392,0.516157,0.31,1,403004,402536,468
23616821,42.8182,45.4215,478,29464,0.543231,0.29,1,403046,402568,478
23619741,74.1636,43.4843,517,29536,0.580646,0.29,1,403128,402611,517
23622661,43.6327,73.4969,472,29608,0.604129,0.31,1,403164,402692,472
23625581,10.3265,43.4994,438,29679,0.608826,0.31,1,403166,402728,438
23628501,53.2653,10.2999,500,29750,0.593765,0.37,1,403230,402730,500
23631421,39.4531,50.86,475,29821,0.606753,0.41,1,403266,402791,475
23634341,9.49061,37.372,443,29892,0.609351,0.43,1,403268,402825,443
23637261,22.6981,28.2744,443,29963,0.60987,0.47,1,403294,402851,443
23640181,104.54,102.455,447,30034,0.641974,0.53,1,403419,402972,447
23643101,47.3079,46.091,448,30104,0.664395,0.55,1,403452,403004,448
23646021,43.8616,42.8182,449,30174,0.684879,0.59,1,403495,403046,449
23648941,75.9723,74.1636,451,30244,0.736976,0.61,1,403579,403128,451
23651861,44.7945,43.6327,452,30314,0.699395,0.61,1,403616,403164,452
23654781,10.5589,10.3265,452,30384,0.691879,0.59,1,403618,403166,452
23657701,52.5118,53.2653,451,30454,0.722376,0.61,1,403681,403230,451
23660621,40.1024,39.4531,452,30523,0.712475,0.61,1,403718,403266,452
23663541,9.62047,9.49061,452,30592,0.710495,0.61,1,403720,403268,452
23666461,22.7241,22.6981,452,30661,0.726099,0.65,1,403746,403294,452
23669381,106.145,104.54,454,30730,0.82522,0.67,2,403873,403419,454
23672301,48.429,47.3079,455,30799,0.845044,0.69,2,403907,403452,455
23675221,43.2858,43.8616,454,30868,0.849009,0.75,2,403949,403495,454
23678141,78.2572,75.9723,457,30937,0.881802,0.69,2,404036,403579,457
23815381,36,27,492,34001,0.87,1,2,406115,405623,492
23818301,35.2,23.8,504,34063,0.838,1,2,406150,405646,504
23821221,87.84,100.76,485,34125,0.7996,1,2,406251,405766,485
23824141,39.168,47.352,478,34187,0.74392,0.99,1,406278,405800,478
23827061,34.2336,35.8704,478,34249,0.812784,0.99,2,406311,405833,478
23829981,22.8467,7.17408,498,34311,0.826557,0.93,2,406331,405833,498
23832901,68.5693,21.4348,553,34373,0.829311,0.99,2,406411,405858,553
23835821,42.5139,67.487,510,34435,0.829862,0.99,2,406447,405937,510
23838741,37.3028,47.0974,504,34496,0.861972,0.93,2,406483,405979,504
23841661,32.2606,39.0195,498,34557,0.884395,0.91,2,406514,406016,498
23844581,29.6521,33.4039,495,34618,0.888879,0.83,2,406543,406048,495
23847501,34.7304,31.4808,500,34679,0.889776,0.87,2,406579,406079,500
23850421,33.3461,35.0962,497,34740,0.873955,0.83,2,406612,406115,497
23853341,85.8692,35.0192,561,34801,0.886791,0.79,2,406711,406150,561
23856261,37.9738,87.8038,486,34862,0.889358,0.73,2,406737,406251,486
23859181,36.3948,39.1608,495,34923,0.937872,0.83,2,406773,406278,495
23862101,21.679,34.2322,480,34984,0.947574,0.83,2,406791,406311,480
23996421,34,29,517,37662,0.59,1,1,408694,408177,517
23999341,32.4,29,520,37718,0.558,1,1,408726,408206,520
24002261,30.48,30.6,519,37774,0.4556,1,1,408756,408237,519
24005181,29.296,32.52,515,37830,0.40312,1,1,408785,408270,515
24008101,35.4592,35.304,516,37886,0.328624,1,1,408822,408306,516
24011021,31.0918,31.0608,516,37942,0.249725,1,1,408852,408336,516
24013941,30.2184,31.8122,514,37998,0.233945,1,1,408882,408368,514
24016861,31.6437,37.5624,507,38054,0.166789,1,1,408914,408407,507
24019781,36.7287,34.7125,511,38110,0.201358,1,1,408952,408441,511
24022701,38.5457,35.7425,514,38165,0.208272,0.99,1,408991,408477,514
24025621,90.1092,42.3485,573,38220,0.129654,0.71,1,409094,408521,573
24028541,30.0218,99.6697,474,38275,0.0979309,0.65,1,409109,408635,474
24031461,28.4044,39.9339,477,38330,0.0755862,0.59,1,409137,408660,477
24034381,29.6809,35.1868,473,38385,0.0871172,0.55,1,409167,408694,473
24037301,26.7362,32.6374,467,38440,0.0734234,0.43,1,409193,408726,467
24040221,26.9472,30.5275,464,38495,0.102685,0.39,1,409220,408756,464
24043141,33.3894,29.3055,470,38550,0.124537,0.31,1,409255,408785,470
24046061,27.4779,35.4611,459,38605,0.112907,0.23,1,409281,408822,459
24048981,7.09558,31.0922,431,38660,0.142581,0.23,1,409283,408852,431
24051901,23.8191,30.2184,429,38715,0.116516,0.15,1,409311,408882,429
24054821,35.1638,31.6437,435,38770,0.127303,0.21,1,409349,408914,435
24057741,35.0328,36.7287,432,38824,0.0654607,0.21,1,409384,408952,432
24060661,35.8066,38.5457,429,38878,0.133092,0.11,1,409420,408991,429
24063581,86.3613,90.1092,425,38932,0.0986184,0.09,1,409519,409094,425
24066501,31.6723,30.0218,428,38986,0.123724,0.07,1,409537,409109,428
24069421,26.3345,28.4044,425,39040,0.160745,0.09,1,409562,409137,425
24072341,30.0669,29.6809,426,39094,0.120149,0.07,1,409593,409167,426
24075261,25.2134,26.7362,424,39148,0.11203,0.11,1,409617,409193,424
24078181,28.2427,26.9472,426,39202,0.094406,0.13,1,409646,409220,426
24081101,34.4485,33.3894,427,39256,0.106881,0.11,1,409682,409255,427
24084021,27.6897,27.4779,427,39310,0.173376,0.15,1,409708,409281,427
24086941,7.13794,7.09558,427,39364,0.186675,0.11,1,409710,409283,427
24089861,23.0276,23.8191,426,39418,0.173335,0.13,1,409737,409311,426
24092781,36.6055,35.1638,428,39472,0.218667,0.05,1,409777,409349,428
24095701,32.1211,35.0328,424,39526,0.259733,0.15,1,409808,409384,424
24098621,37.6242,35.8066,427,39579,0.315947,0.09,1,409847,409420,427
24101541,85.9248,86.3613,426,39632,0.375189,0.13,1,409945,409519,426
24104461,31.585,31.6723,426,39685,0.419038,0.17,1,409963,409537,426
24107381,27.917,26.3345,428,39738,0.427808,0.11,1,409990,409562,428
24110301,29.5834,30.0669,427,39791,0.461562,0.11,1,410020,409593,427
24113221,23.5167,25.2134,425,39844,0.436312,0.09,1,410042,409617,425
24116141,28.7033,28.2427,426,39897,0.431262,0.11,1,410072,409646,426
24119061,36.1407,34.4485,428,39950,0.430252,0.19,1,410110,409682,428
24121981,28.8281,27.6897,429,40003,0.43005,0.19,1,410137,409708,429
24124901,7.36563,7.13794,429,40056,0.39801,0.17,1,410139,409710,429
24127821,25.4731,23.0276,432,40109,0.391602,0.17,1,410169,409737,432
24130741,37.0946,4.60552,472,40162,0.39032,0.23,1,410209,409737,472
24133661,33.8189,32.9211,465,40215,0.406064,0.27,1,410242,409777,465
24136581,39.5638,31.3842,475,40268,0.457213,0.33,1,410283,409808,475
24139501,89.5128,37.4768,538,40320,0.547443,0.39,1,410385,409847,538
24142421,33.1025,85.8954,459,40372,0.581489,0.43,1,410404,409945,459
24145341,29.0205,31.5791,469,40424,0.588298,0.43,1,410432,409963,469
24148261,29.8041,27.9158,472,40476,0.58966,0.47,1,410462,409990,472
24151181,23.5608,29.5832,464,40528,0.605932,0.43,1,410484,410020,464
24154101,28.7122,23.5166,472,40580,0.609186,0.43,1,410514,410042,472
24157021,34.5424,28.7033,478,40632,0.609837,0.43,1,410550,410072,478
24159941,28.5085,36.1407,467,40684,0.625967,0.43,1,410577,410110,467
24162861,7.3017,28.8281,442,40736,0.629193,0.39,1,410579,410137,442
24165781,25.4603,7.36563,470,40788,0.645839,0.39,1,410609,410139,470
24168701,37.0921,25.4731,480,40840,0.681168,0.39,1,410649,410169,480
24171621,34.6184,37.0946,474,40892,0.704234,0.41,1,410683,410209,474
24174541,42.1237,33.8189,485,40944,0.692847,0.47,1,410727,410242,485
24177461,94.8247,39.5638,552,40996,0.770569,0.57,2,410835,410283,552
24180381,34.1649,89.5128,469,41047,0.786114,0.59,2,410854,410385,469
24183301,29.233,33.1025,478,41098,0.805223,0.59,2,410882,410404,478
24186221,30.6466,29.0205,481,41149,0.793045,0.59,2,410913,410432,481
24189141,23.7293,29.8041,473,41200,0.806609,0.61,2,410935,410462,473
24192061,28.7459,23.5608,481,41251,0.809322,0.61,2,410965,410484,481
24194981,34.5492,28.7122,487,41302,0.809864,0.61,2,411001,410514,487
24197901,29.3098,34.5424,479,41353,0.809973,0.63,2,411029,410550,479
24200821,7.46197,28.5085,454,41404,0.809995,0.63,2,411031,410577,454
24203741,26.2924,7.3017,483,41455,0.825999,0.65,2,411062,410579,483
24206661,38.8585,25.4603,495,41506,0.8772,0.69,2,411104,410609,495
24209581,9.3717,37.0921,457,41557,0.88744,0.71,2,411106,410649,457
24212501,29.0743,34.6184,457,41608,0.889488,0.69,2,411140,410683,457
24215421,41.0149,42.1237,457,41659,0.889898,0.79,2,411184,410727,457
24218341,96.203,94.8247,459,41710,0.85798,0.79,2,411294,410835,459
24221261,36.0406,34.1649,461,41761,0.867596,0.81,2,411315,410854,461
24224181,30.4081,29.233,462,41812,0.869519,0.79,2,411344,410882,462
24227101,30.8816,30.6466,462,41862,0.869904,0.81,2,411375,410913,462
24230021,23.7763,23.7293,462,41912,0.901981,0.81,2,411397,410935,462
24232941,28.7553,28.7459,462,41962,0.924396,0.81,2,411427,410965,462
24235861,34.5511,34.5492,462,42012,0.944879,0.81,2,411463,411001,462
24238781,29.3102,29.3098,462,42062,0.948976,0.81,2,411491,411029,462
24241701,7.46204,7.46197,462,42112,0.949795,0.83,2,411493,411031,462
24244621,27.0924,26.2924,463,42162,0.949959,0.89,2,411525,411062,463
24247541,41.4185,38.8585,466,42212,0.901992,0.89,2,411570,411104,466
24250461,9.8837,9.3717,466,42262,0.892398,0.89,2,411572,411106,466
24253381,29.1767,29.0743,466,42312,0.92248,0.89,2,411606,411140,466
24387701,29,22,501,44550,0.73,1,1,413226,412725,501
24390621,29,24.4,505,44597,0.714,1,1,413255,412750,505
24393541,26.6,30.48,499,44644,0.6308,1,1,413281,412782,499
24396461,36.52,29.296,509,44691,0.55016,1,1,413320,412811,509
24399381,34.504,32.2592,510,44738,0.518032,1,1,413354,412844,510
24402301,20.5008,33.6518,493,44785,0.479606,1,1,413371,412878,493
24405221,31.3002,30.7304,497,44832,0.407921,1,1,413405,412908,497
24408141,33.46,33.3461,497,44879,0.409584,1,1,413439,412942,497
24411061,28.292,29.0692,496,44926,0.361917,1,1,413466,412970,496
24413981,15.2584,24.2138,485,44973,0.352383,0.99,1,413478,412993,485
24416901,12.6517,19.2428,479,45020,0.302477,0.97,1,413490,413011,479
24419821,39.3303,29.4486,493,45067,0.244495,1,1,413536,413043,493
24422741,28.6661,32.2897,486,45114,0.200899,0.91,1,413562,413076,486
24425661,56.9332,76.8579,462,45161,0.12818,0.81,1,413626,413164,462
24428581,36.1866,41.7716,460,45208,0.113636,0.73,1,413657,413197,460
24431501,28.8373,31.5543,458,45255,0.0787272,0.71,1,413684,413226,458
24434421,26.5675,29.5109,455,45302,0.103745,0.61,1,413710,413255,455
24437341,20.5135,26.7022,448,45349,0.124749,0.53,1,413729,413281,448
24440261,35.3027,36.5404,448,45396,0.12895,0.51,1,413768,413320,448
24443181,32.6605,34.5081,446,45442,0.12979,0.47,1,413800,413354,446
24446101,19.3321,20.5016,445,45488,0.193958,0.39,1,413816,413371,445
24449021,27.0664,31.3003,440,45534,0.190792,0.41,1,413845,413405,440
24451941,31.8133,33.4601,439,45580,0.206158,0.35,1,413878,413439,439
24454861,27.1627,28.292,438,45626,0.241232,0.35,1,413904,413466,438
24457781,13.4325,15.2584,436,45672,0.216246,0.29,1,413914,413478,436
24460701,8.28651,12.6517,431,45718,0.195249,0.23,1,413921,413490,431
24463621,39.2573,39.3303,432,45764,0.25505,0.19,1,413968,413536,432
24466541,25.4515,28.6661,428,45810,0.23501,0.11,1,413990,413562,428
24469461,54.6903,56.9332,426,45856,0.247002,0.11,1,414052,413626,426
24472381,36.5381,36.1866,427,45902,0.2174,0.07,1,414084,413657,427
24475301,27.3076,28.8373,425,45948,0.22748,0.07,1,414109,413684,425
24478221,27.0615,5.76747,452,45994,0.181496,0.11,1,414136,413684,452
24481141,20.6123,21.9535,445,46040,0.188299,0.13,1,414155,413710,445
24484061,36.9225,19.5907,467,46086,0.26966,0.13,1,414196,413729,467
24486981,32.9845,35.1181,460,46132,0.285932,0.13,1,414228,413768,460
24489901,20.1969,32.6236,445,46178,0.305186,0.21,1,414245,413800,445
24492821,27.2394,19.3247,458,46224,0.341037,0.19,1,414274,413816,458
24495741,33.4479,27.0649,464,46270,0.412207,0.21,1,414309,413845,464
24498661,27.4896,31.813,457,46316,0.426441,0.25,1,414335,413878,457
24501581,11.8979,27.1626,439,46362,0.429288,0.21,1,414343,413904,439
24504501,8.77958,13.4325,437,46407,0.429858,0.19,1,414351,413914,437
24507421,40.9559,8.2865,479,46452,0.445972,0.27,1,414400,413921,479
24510341,25.7912,39.2573,454,46497,0.449194,0.23,1,414422,413968,454
24513261,55.5582,25.4515,495,46542,0.465839,0.25,1,414485,413990,495
24516181,33.5116,54.6903,461,46587,0.485168,0.21,1,414513,414052,461
24519101,29.1023,36.5381,457,46632,0.489034,0.23,1,414541,414084,457
24522021,25.0205,27.3076,456,46677,0.505807,0.17,1,414565,414109,456
24524941,21.0041,27.0615,449,46722,0.525161,0.19,1,414585,414136,449
24527861,39.4008,20.6123,474,46767,0.577032,0.29,1,414629,414155,474
24530781,35.0802,36.9225,467,46812,0.619406,0.29,1,414663,414196,467
24533701,21.416,32.9845,453,46857,0.627881,0.31,1,414681,414228,453
24536621,30.6832,20.1969,469,46902,0.613576,0.35,1,414714,414245,469
24539541,35.7366,27.2394,477,46947,0.626715,0.43,1,414751,414274,477
24542461,27.9473,33.4479,468,46992,0.661343,0.43,1,414777,414309,468
24545381,11.9895,27.4896,450,47037,0.668269,0.43,1,414785,414335,450
24548301,8.79789,11.8979,450,47082,0.669654,0.43,1,414793,414343,450
24551221,41.7596,8.77958,492,47127,0.669931,0.45,1,414843,414351,492
24554141,25.9519,40.9559,465,47172,0.669986,0.45,1,414865,414400,465
24557061,56.3904,25.7912,507,47217,0.685997,0.47,1,414929,414422,507
24559981,34.4781,55.5582,473,47262,0.721199,0.49,1,414958,414485,473
24562901,30.0956,33.5116,474,47307,0.71224,0.49,1,414987,414513,474
24565821,25.2191,29.1023,470,47352,0.710448,0.51,1,415011,414541,470
24568741,6.64382,25.0205,448,47397,0.71009,0.53,1,415013,414565,448
24571661,17.3288,21.0041,448,47441,0.710018,0.59,1,415033,414585,448
24574581,41.0658,39.4008,451,47485,0.694004,0.63,1,415080,414629,451
24577501,37.0132,35.0802,453,47529,0.722801,0.63,1,415116,414663,453
24580421,21.8026,21.416,453,47573,0.72856,0.61,1,415134,414681,453
24583341,31.5605,30.6832,454,47617,0.713712,0.63,1,415168,414714,454
24586261,35.9121,35.7366,454,47661,0.726742,0.67,1,415205,414751,454
24589181,28.7824,27.9473,455,47705,0.713348,0.67,1,415232,414777,455
24592101,12.1565,11.9895,455,47749,0.67867,0.67,1,415240,414785,455
24595021,8.8313,8.79789,455,47793,0.671734,0.67,1,415248,414793,455
24597941,41.7663,41.7596,455,47837,0.750347,0.67,2,415298,414843,455
24600861,25.9533,25.9519,455,47881,0.766069,0.69,2,415320,414865,455
24603781,57.9906,56.3904,457,47925,0.737214,0.73,1,415386,414929,457
24606701,35.5981,34.4781,458,47969,0.731443,0.71,1,415416,414958,458
24609621,29.5196,30.0956,457,48013,0.746289,0.71,1,415444,414987,457
24612541,25.1039,25.2191,457,48057,0.717258,0.71,1,415468,415011,457
24615461,6.62078,6.64382,457,48101,0.743452,0.71,1,415470,415013,457
24618381,17.3242,17.3288,457,48145,0.74869,0.69,1,415490,415033,457
24621301,40.2648,41.0658,456,48189,0.733738,0.73,1,415536,415080,456
24624221,36.853,37.0132,456,48233,0.794748,0.73,2,415572,415116,456
24627141,21.7706,21.8026,456,48277,0.82295,0.71,2,415590,415134,456
24630061,30.7541,31.5605,455,48321,0.86059,0.73,2,415623,415168,455
24632981,36.5508,35.9121,456,48365,0.868118,0.71,2,415661,415205,456
24635901,28.1102,28.7824,455,48409,0.869624,0.67,2,415687,415232,455
24638821,12.022,12.1565,455,48453,0.869925,0.67,2,415695,415240,455
24641741,9.60441,8.8313,456,48496,0.885985,0.77,2,415704,415248,456
24831541,32,29,485,51241,0.91,1,2,417626,417141,485
24834461,31.2,26.6,490,51282,0.91,1,2,417657,417167,490
24837381,31.84,30.92,490,51323,0.894,1,2,417689,417199,490
24840301,28.768,33.384,484,51364,0.8268,1,2,417717,417233,484
24843221,42.5536,38.6768,490,51405,0.76536,1,2,417763,417273,490
24846141,34.9107,33.3354,491,51446,0.737072,1,1,417796,417305,491
24849061,29.3821,34.6671,484,51487,0.763414,1,2,417824,417340,484
24851981,20.2764,22.9334,482,51528,0.768683,1,2,417842,417360,482
24854901,7.25529,14.9867,473,51569,0.721737,1,1,417846,417373,473
24857821,29.4511,31.7973,472,51610,0.728347,1,1,417881,417409,472
24860741,32.2902,35.1595,469,51651,0.713669,1,1,417914,417445,469
24863661,25.658,26.2319,469,51692,0.742734,0.95,1,417938,417469,469
24866581,12.3316,13.2464,468,51733,0.732547,0.95,1,417947,417479,468
24869501,21.6663,23.4493,466,51774,0.730509,0.95,1,417971,417505,466
24872421,32.3333,4.68986,501,51815,0.682102,0.97,1,418006,417505,501
24875341,28.0667,28.938,493,51856,0.68842,0.87,1,418033,417540,493
24878261,22.4133,30.5876,483,51897,0.705684,0.89,1,418054,417571,483
24881181,28.4827,24.5175,490,51938,0.725137,0.91,1,418084,417594,490
24884101,35.2965,30.5035,495,51979,0.761027,0.91,2,418121,417626,495
24887021,29.4593,30.9007,492,52020,0.768205,0.89,2,418149,417657,492
24889941,28.2919,31.7801,488,52060,0.801641,0.81,2,418177,417689,488
24892861,40.0584,28.756,503,52100,0.840328,0.75,2,418220,417717,503
24895781,36.0117,42.5512,492,52140,0.864066,0.73,2,418255,417763,492
24898701,27.2023,34.9102,484,52180,0.900813,0.77,2,418280,417796,484
24901621,19.8405,29.382,474,52220,0.908163,0.77,2,418298,417824,474
24904541,7.16809,20.2764,460,52260,0.957633,0.71,2,418302,417842,460
25168801,65,58,489,27266,0.41,1,1,421755,421266,489
25171721,48.2,51.6,483,27344,0.314,1,1,421799,421316,483
25174641,60.84,55.12,491,27421,0.1348,1,1,421863,421372,491
25177561,36.168,34.224,492,27498,0.06696,1,1,421893,421401,492
25180481,36.0336,40.4448,486,27575,0.053392,1,1,421929,421443,486
25183401,28.8067,31.289,484,27652,0.114678,1,1,421956,421472,484
25186321,54.5613,64.6578,472,27729,0.0949357,0.79,1,422017,421545,472
25189241,45.3123,60.1316,456,27805,0.0749871,0.59,1,422060,421604,456
25192161,73.8625,80.8263,451,27881,0.102997,0.41,1,422141,421690,451
25195081,58.7725,68.1653,441,27957,0.124599,0.29,1,422196,421755,441
25198001,41.3545,48.8331,434,28033,0.17692,0.09,1,422233,421799,434
25200921,55.4709,60.9666,429,28109,0.251384,0.05,1,422292,421863,429
25203841,32.6942,36.1933,426,28184,0.234277,0.05,1,422319,421893,426
25206761,34.5388,36.0387,425,28259,0.214855,0.13,1,422354,421929,425
25209681,30.1078,28.8077,427,28334,0.274971,0.09,1,422383,421956,427
25212601,52.4216,54.5615,424,28409,0.286994,0.09,1,422441,422017,424
25215521,44.8843,10.9123,467,28484,0.305399,0.07,1,422484,422017,467
25218441,76.1769,36.5825,508,28558,0.35708,0.11,1,422568,422060,508
25221361,58.4354,72.1165,481,28632,0.415416,0.13,1,422622,422141,481
25224281,42.0871,58.4233,464,28706,0.395083,0.19,1,422660,422196,464
25227201,59.6174,41.2847,491,28780,0.439017,0.27,1,422724,422233,491
25230121,31.9235,55.4569,457,28854,0.431803,0.23,1,422749,422292,457
25233041,36.7847,32.6914,468,28927,0.446361,0.21,1,422787,422319,468
25235961,32.1569,34.5383,464,29000,0.449272,0.29,1,422818,422354,464
25238881,52.8314,30.1077,493,29073,0.449854,0.29,1,422876,422383,493
25241801,45.7663,52.4215,479,29146,0.449971,0.31,1,422920,422441,479
25244721,78.7533,44.8843,523,29219,0.449994,0.37,1,423007,422484,523
25247641,61.3507,76.1769,496,29291,0.465999,0.43,1,423064,422568,496
25250561,41.0701,58.4354,478,29363,0.4692,0.39,1,423100,422622,478
25253481,61.814,42.0871,507,29435,0.46984,0.45,1,423167,422660,507
25256401,32.3628,59.6174,468,29507,0.485968,0.43,1,423192,422724,468
25259321,35.2726,31.9235,479,29579,0.489194,0.45,1,423228,422749,479
25262241,33.4545,36.7847,474,29651,0.473839,0.45,1,423261,422787,474
25265161,53.0909,32.1569,501,29722,0.502768,0.45,1,423319,422818,501
25268081,45.8182,52.8314,487,29793,0.508554,0.45,1,423363,422876,487
25271001,10.7636,45.7663,445,29864,0.509711,0.45,1,423365,422920,445
25273921,70.9527,78.7533,444,29935,0.557942,0.47,1,423451,423007,444
25276841,60.5905,61.3507,445,30006,0.599588,0.47,1,423509,423064,445
25279761,41.7181,41.0701,446,30077,0.639918,0.47,1,423546,423100,446
25282681,61.1436,61.814,445,30147,0.695984,0.49,1,423612,423167,445
25285601,31.4287,32.3628,444,30217,0.707197,0.49,1,423636,423192,444
25288521,36.6857,35.2726,446,30287,0.773439,0.47,2,423674,423228,446
25291441,32.9371,33.4545,445,30357,0.754688,0.51,2,423706,423261,445
25294361,54.5874,53.0909,447,30427,0.814938,0.51,2,423766,423319,447
25297281,46.1175,45.8182,447,30497,0.794987,0.51,2,423810,423363,447
25300201,10.8235,10.7636,447,30566,0.822998,0.57,2,423812,423365,447
25303121,71.7647,70.9527,448,30635,0.828599,0.61,2,423899,423451,448
25306041,62.3529,60.5905,450,30704,0.87772,0.65,2,423959,423509,450
25308961,45.2706,41.7181,454,30773,0.935544,0.71,2,424000,423546,454
25443281,29,29,479,33791,0.89,1,2,426068,425589,479
25446201,67.4,68.2,478,33854,0.714,1,1,426145,425667,478
25449121,51.88,41.64,491,33916,0.5668,1,1,426193,425702,491
25452041,37.576,33.928,493,33978,0.42536,1,1,426227,425734,493
25454961,49.1152,58.7856,480,34040,0.301072,0.91,1,426279,425799,480
25457881,53.823,50.1571,487,34102,0.228214,1,1,426334,425847,487
25460801,35.5646,43.6314,476,34164,0.133643,0.99,1,426365,425889,476
25463721,35.1129,34.3263,479,34226,0.0507286,0.99,1,426400,425921,479
25466641,34.2226,6.86526,513,34288,0.0101457,1,1,426434,425921,513
25469561,37.2445,36.5731,507,34350,0.00202914,0.91,1,426472,425965,507
25472481,34.6489,39.3146,501,34412,0.0244058,0.89,1,426506,426005,501
25475401,26.1298,35.0629,491,34473,0.0608812,0.89,1,426530,426039,491
25478321,58.026,30.2126,528,34534,0.0201762,0.67,1,426596,426068,528
25481241,45.2052,67.6425,493,34595,0.0600352,0.53,1,426638,426145,493
25484161,30.641,51.9285,472,34656,0.0360071,0.39,1,426665,426193,472
25487081,43.7282,37.5857,485,34717,0.0632014,0.27,1,426712,426227,485
25490001,44.7456,49.1171,478,34778,0.10064,0.21,1,426757,426279,478
25492921,34.5491,53.8234,455,34839,0.156128,0.11,1,426789,426334,455
25495841,34.9098,35.5647,459,34900,0.0872256,0.03,1,426824,426365,459
25498761,33.382,35.1129,457,34961,0.0574451,0,1,426857,426400,457
25501681,36.2764,34.2226,460,35021,0.035489,0,1,426894,426434,460
25504601,35.2553,37.2445,457,35081,0.111098,0.03,1,426929,426472,457
25507521,25.4511,34.6489,446,35141,0.0622196,0.07,1,426952,426506,446
25510441,57.8902,26.1298,488,35201,0.100444,0.01,1,427018,426530,488
25513361,45.978,58.026,465,35261,0.0920888,0.07,1,427061,426596,465
25516281,29.1956,45.2052,448,35321,0.0904178,0.03,1,427086,426638,448
25519201,47.4391,30.641,473,35381,0.0740835,0.07,1,427138,426665,473
25522121,45.4878,43.7282,471,35441,0.0868167,0.11,1,427183,426712,471
25525041,37.0976,44.7456,461,35501,0.0893633,0.17,1,427218,426757,461
25527961,31.4195,34.5491,459,35561,0.105873,0.07,1,427248,426789,459
25530881,31.8839,34.9098,456,35620,0.125175,0.05,1,427280,426824,456
25533801,35.9768,33.382,460,35679,0.0650349,0.03,1,427317,426857,460
25536721,8.79536,36.2764,425,35738,0.053007,0.13,1,427319,426894,425
25539641,31.3591,35.2553,427,35797,0.0666014,0.05,1,427356,426929,427
25542561,22.2718,25.4511,424,35856,0.0693203,0.11,1,427376,426952,424
25545481,58.0544,57.8902,425,35915,0.101864,0.09,1,427443,427018,425
25548401,47.6109,45.978,427,35974,0.124373,0.09,1,427488,427061,427
25551321,28.7222,29.1956,426,36033,0.128875,0.07,1,427512,427086,426
25554241,46.5444,47.4391,425,36092,0.177775,0.09,1,427563,427138,425
25557161,46.9089,45.4878,427,36151,0.203555,0.09,1,427610,427183,427
25560081,36.5818,37.0976,426,36209,0.224711,0.11,1,427644,427218,426
25563001,32.1164,31.4195,427,36267,0.260942,0.13,1,427675,427248,427
25565921,32.8233,31.8839,428,36325,0.252188,0.05,1,427708,427280,428
25568841,32.9647,35.9768,424,36383,0.266438,0.05,1,427741,427317,424
25571761,8.19293,8.79536,424,36441,0.269288,0.07,1,427743,427319,424
25574681,30.4386,31.3591,423,36499,0.237857,0.07,1,427779,427356,423
25577601,22.8877,22.2718,424,36557,0.263572,0.11,1,427800,427376,424
25580521,59.7775,58.0544,426,36615,0.268714,0.13,1,427869,427443,426
25583441,49.5555,47.6109,428,36673,0.285743,0.13,1,427916,427488,428
25586361,29.1111,28.7222,428,36731,0.337149,0.19,1,427940,427512,428
25589281,47.4222,46.5444,429,36789,0.34743,0.21,1,427992,427563,429
25592201,47.8844,46.9089,430,36846,0.397486,0.23,1,428040,427610,430
25595121,37.5769,36.5818,431,36903,0.407497,0.27,1,428075,427644,431
25598041,33.9154,32.1164,433,36960,0.441499,0.25,1,428108,427675,433
25600961,32.3831,32.8233,432,37017,0.4643,0.27,1,428140,427708,432
25603881,33.6766,32.9647,433,37074,0.51686,0.27,1,428174,427741,433
25606801,8.33532,8.19293,433,37131,0.527372,0.23,1,428176,427743,433
25609721,30.4671,30.4386,433,37188,0.529474,0.23,1,428212,427779,433
25612641,22.0934,6.08772,453,37245,0.497895,0.27,1,428232,427779,453
25615561,61.2187,18.0175,503,37302,0.523579,0.27,1,428303,427800,503
25618481,51.4437,58.8035,483,37359,0.560716,0.29,1,428352,427869,483
25621401,30.2887,49.3607,461,37416,0.600143,0.35,1,428377,427916,461
25624321,49.2577,29.0721,491,37472,0.624029,0.35,1,428431,427940,491
25627241,48.2516,47.4144,487,37528,0.628806,0.41,1,428479,427992,487
25630161,39.2503,47.8829,476,37584,0.629761,0.41,1,428516,428040,476
25633081,35.8501,37.5766,476,37640,0.661952,0.45,1,428551,428075,476
25636001,33.57,33.9153,476,37696,0.66839,0.47,1,428584,428108,476
25638921,34.714,32.3831,479,37752,0.669678,0.53,1,428619,428140,479
25641841,8.5428,33.6766,447,37808,0.669936,0.53,1,428621,428174,447
25644761,30.5086,8.33532,481,37864,0.669987,0.53,1,428657,428176,481
25647681,22.1017,30.4671,465,37920,0.669997,0.49,1,428677,428212,465
25650601,63.6203,22.0934,519,37976,0.701999,0.53,1,428751,428232,519
25653521,53.5241,61.2187,499,38032,0.7244,0.57,1,428802,428303,499
25656441,31.5048,51.4437,476,38088,0.72888,0.61,1,428828,428352,476
25659361,50.301,30.2887,506,38143,0.729776,0.63,1,428883,428377,506
25662281,48.4602,49.2577,500,38198,0.745955,0.63,1,428931,428431,500
25665201,39.292,48.2516,489,38253,0.749191,0.63,1,428968,428479,489
25668121,37.4584,39.2503,489,38308,0.733838,0.67,1,429005,428516,489
25671041,34.6917,35.8501,488,38363,0.762768,0.67,2,429039,428551,488
25673961,34.1383,33.57,489,38418,0.784554,0.67,2,429073,428584,489
25676881,8.42767,34.714,456,38473,0.788911,0.67,2,429075,428619,456
25679801,30.4855,8.5428,490,38528,0.805782,0.67,2,429111,428621,490
25682721,22.0971,30.5086,474,38583,0.809156,0.67,2,429131,428657,474
25685641,6.01942,22.1017,456,38638,0.809831,0.71,2,429133,428677,456
25688561,61.2039,63.6203,457,38693,0.825966,0.73,2,429208,428751,457
25691481,53.8408,53.5241,458,38748,0.861193,0.73,2,429260,428802,458
25694401,31.5682,31.5048,458,38803,0.852239,0.73,2,429286,428828,458
25706081,36,37,458,39019,0.97,0.77,2,429463,429005,458
25855001,42,50,482,41690,0.65,1,1,431278,430796,482
25857921,50.8,38.8,499,41741,0.57,1,1,431331,430832,499
25860841,39.76,37.36,499,41792,0.522,1,1,431368,430869,499
25863761,29.552,41.072,484,41843,0.4964,1,1,431395,430911,484
25866681,45.1104,37.0144,497,41893,0.31528,1,1,431444,430947,497
25869601,38.6221,31.4029,504,41943,0.263056,1,1,431481,430977,504
25872521,25.3244,32.6806,493,41993,0.316611,1,1,431503,431010,493
25875441,20.2649,29.7361,483,42043,0.327322,0.93,1,431522,431039,483
25878361,18.453,25.1472,477,42093,0.345464,0.98,1,431540,431063,477
25881281,30.0906,26.6294,483,42143,0.285093,1,1,431573,431090,483
25884201,29.2181,38.1259,471,42193,0.289019,0.94,1,431602,431131,471
25887121,33.0436,40.4252,464,42243,0.353804,0.84,1,431636,431172,464
25890041,24.2087,27.285,462,42293,0.366761,0.75,1,431658,431196,462
25892961,33.6417,37.457,458,42343,0.385352,0.65,1,431694,431236,458
25895881,37.9283,41.0914,455,42393,0.37307,0.55,1,431733,431278,455
25898801,45.9857,50.6183,450,42443,0.354614,0.51,1,431781,431331,450
25901721,37.9971,39.7237,449,42493,0.366923,0.49,1,431817,431368,449
25904641,25.9994,29.5447,445,42543,0.385385,0.27,1,431840,431395,445
25907561,40.3999,45.1089,440,42593,0.389077,0.25,1,431884,431444,440
25910481,36.88,38.6218,439,42643,0.405815,0.33,1,431920,431481,439
25913401,22.576,25.3244,436,42692,0.473163,0.33,1,431939,431503,436
25916321,21.3152,20.2649,438,42741,0.502633,0.35,1,431960,431522,438
25919241,18.663,18.453,438,42790,0.492527,0.27,1,431978,431540,438
25922161,27.7326,30.0906,435,42839,0.490505,0.29,1,432008,431573,435
25925081,30.3465,29.2181,437,42888,0.506101,0.37,1,432039,431602,437
25928001,34.0693,33.0436,438,42937,0.50922,0.37,1,432074,431636,438
25930921,26.0139,24.2087,440,42986,0.525844,0.37,1,432098,431658,440
25933841,32.4028,4.84174,474,43035,0.545169,0.39,1,432132,431658,474
25936761,36.8806,29.7684,476,43084,0.549034,0.37,1,432170,431694,476
25939681,46.5761,37.1537,486,43133,0.581807,0.35,1,432219,431733,486
25942601,38.9152,45.8307,475,43182,0.620361,0.37,1,432256,431781,475
25945521,25.383,37.9661,461,43231,0.628072,0.39,1,432278,431817,461
25948441,41.8766,25.9932,484,43280,0.645614,0.39,1,432324,431840,484
25951361,38.7753,40.3986,478,43329,0.665123,0.41,1,432362,431884,478
25954281,22.1551,36.8797,460,43378,0.717025,0.49,1,432380,431920,460
25957201,24.431,22.5759,466,43427,0.743405,0.51,1,432405,431939,466
25960121,17.6862,21.3152,461,43476,0.748681,0.49,1,432421,431960,461
25963041,27.5372,18.663,473,43525,0.749736,0.49,1,432451,431978,473
25965961,31.1074,27.7326,475,43573,0.749947,0.51,1,432483,432008,475
25968881,36.6215,30.3465,482,43621,0.781989,0.51,2,432521,432039,482
25971801,26.5243,34.0693,471,43669,0.756398,0.53,2,432545,432074,471
25974721,33.3049,26.0139,482,43717,0.76728,0.55,2,432580,432098,482
25977641,37.061,32.4028,486,43765,0.769456,0.55,2,432618,432132,486
25980561,48.2122,36.8806,499,43813,0.769891,0.59,2,432669,432170,499
25983481,40.8424,46.5761,489,43861,0.801978,0.63,2,432708,432219,489
25986401,25.7685,38.9152,474,43909,0.808396,0.63,2,432730,432256,474
25989321,42.7537,25.383,499,43957,0.841679,0.65,2,432777,432278,499
25992241,42.1507,41.8766,495,44005,0.848336,0.67,2,432819,432324,495
25995161,22.8301,38.7753,475,44053,0.849667,0.73,2,432837,432362,475
25998081,25.366,22.1551,483,44101,0.865933,0.75,2,432863,432380,483
26001001,17.8732,24.431,474,44149,0.869187,0.75,2,432879,432405,474
26003921,27.5746,17.6862,488,44197,0.869837,0.75,2,432909,432421,488
26006841,31.1149,27.5372,490,44245,0.901967,0.75,2,432941,432451,490
26220001,34,35,496,47598,0.77,1,2,435261,434765,496
26222921,22.8,27,491,47642,0.754,0.99,2,435281,434790,491
26225841,31.76,31.8,492,47686,0.7188,0.98,1,435315,434823,492
26228761,31.952,27.96,497,47730,0.59976,1,1,435347,434850,497
26231681,27.9904,28.792,495,47774,0.543952,1,1,435374,434879,495
26234601,31.9981,35.3584,491,47818,0.46879,1,1,435407,434916,491
26237521,32.7996,32.6717,492,47862,0.213758,1,1,435440,434948,492
26240441,39.3599,35.3343,497,47906,0.0987516,1,1,435481,434984,497
26243361,35.072,34.2669,497,47950,0.0437503,1,1,435515,435018,497
26246281,29.4144,35.6534,489,47994,0.0487501,1,1,435543,435054,489
26249201,28.2829,32.7307,485,48038,0.04975,1,1,435571,435086,485
26252121,31.2566,30.5461,487,48082,0.06595,1,1,435603,435116,487
26255041,27.8513,35.7092,477,48126,0.06919,0.93,1,435630,435153,477
26257961,22.3703,26.3418,474,48170,0.053838,0.88,1,435651,435177,474
26260881,13.2741,16.4684,471,48214,0.0827676,0.87,1,435662,435191,471
26263801,27.4548,32.0937,466,48258,0.0405535,0.77,1,435693,435227,466
26266721,28.691,33.6187,461,48302,0.0481107,0.75,1,435722,435261,461
26269641,20.9382,22.7237,460,48346,0.0656221,0.71,1,435741,435281,460
26272561,26.5876,31.7447,454,48390,0.0371244,0.57,1,435769,435315,454
26275481,24.5175,31.9489,446,48434,0.0314249,0.53,1,435793,435347,446
26278401,24.9035,27.9898,444,48478,0.046285,0.45,1,435818,435374,444
26281321,26.5807,31.998,438,48521,0.065257,0.15,1,435845,435407,438
26284241,26.9161,32.7996,432,48564,0.0690514,0.07,1,435872,435440,432
26287161,35.7832,39.3599,429,48607,0.0698103,0.03,1,435910,435481,429
26290081,31.9566,35.072,426,48650,0.101962,0.05,1,435941,435515,426
26293001,27.1913,29.4144,424,48693,0.108392,0.05,1,435967,435543,424
26295921,27.0383,28.2829,423,48736,0.0776785,0.07,1,435994,435571,423
26298841,30.2077,31.2566,422,48779,0.0555357,0.07,1,436025,435603,422
26301761,30.0415,27.8513,425,48822,0.0351071,0.05,1,436055,435630,425
26304681,22.0083,22.3703,424,48865,0.0950214,0.05,1,436075,435651,424
26307601,12.4017,4.47405,434,48908,0.0750043,0.09,1,436085,435651,434
26310521,26.4803,9.69481,453,48951,0.0710009,0.03,1,436115,435662,453
26313441,29.2961,26.739,452,48994,0.0702002,0.05,1,436145,435693,452
26316361,21.8592,28.5478,443,49037,0.07004,0.07,1,436165,435722,443
26319281,25.1718,20.9096,450,49080,0.086008,0.03,1,436191,435741,450
26322201,24.2344,26.5819,446,49123,0.121202,0.03,1,436215,435769,446
26325121,24.0469,24.5164,446,49166,0.14424,0.05,1,436239,435793,446
26328041,27.2094,24.9033,449,49209,0.148848,0.07,1,436267,435818,449
26330961,27.0419,26.5807,449,49252,0.18177,0.07,1,436294,435845,449
26333881,37.4084,26.9161,462,49295,0.188354,0.07,1,436334,435872,462
26336801,32.2817,35.7832,455,49338,0.221671,0.11,1,436365,435910,455
26339721,26.4563,31.9566,449,49381,0.260334,0.11,1,436390,435941,449
26342641,26.0913,27.1913,449,49424,0.268067,0.07,1,436416,435967,449
26345561,29.2183,27.0383,452,49467,0.285613,0.05,1,436446,435994,452
26348481,31.4437,30.2077,453,49510,0.273123,0.03,1,436478,436025,453
26351401,23.0887,30.0415,444,49553,0.286625,0.11,1,436499,436055,444
26354321,12.6177,22.0083,434,49596,0.289325,0.07,1,436509,436075,434
26357241,26.5235,12.4017,454,49638,0.289865,0.07,1,436539,436085,454
26360161,29.3047,26.4803,454,49680,0.321973,0.07,1,436569,436115,454
26363081,22.6609,29.2961,445,49722,0.312395,0.07,1,436590,436145,445
26366001,26.9322,21.8592,453,49764,0.310479,0.09,1,436618,436165,453
26368921,24.5864,25.1718,451,49806,0.310096,0.13,1,436642,436191,451
26371841,24.9173,24.2344,452,49848,0.326019,0.15,1,436667,436215,452
26374761,28.1835,24.0469,457,49890,0.313204,0.15,1,436696,436239,457
26377681,28.0367,27.2094,457,49932,0.342641,0.19,1,436724,436267,457
26380601,37.6073,27.0419,470,49974,0.364528,0.19,1,436764,436294,470
26383521,34.7215,37.4084,464,50016,0.336906,0.23,1,436798,436334,464
26386441,27.7443,32.2817,459,50058,0.331381,0.27,1,436824,436365,459
26389361,26.3489,26.4563,460,50100,0.362276,0.27,1,436850,436390,460
26392281,30.8698,26.0913,466,50142,0.400455,0.29,1,436882,436416,466
26395201,31.774,29.2183,468,50184,0.424091,0.27,1,436914,436446,468
26398121,22.3548,31.4437,456,50226,0.444818,0.29,1,436934,436478,456
26401041,12.471,23.0887,445,50268,0.448964,0.29,1,436944,436499,445
26403961,27.2942,12.6177,466,50310,0.449793,0.29,1,436975,436509,466
26406881,7.05884,26.5235,438,50352,0.481959,0.33,1,436977,436539,438
26409801,25.4118,29.3047,438,50394,0.504392,0.31,1,437007,436569,438
26412721,21.0824,22.6609,437,50436,0.508878,0.31,1,437027,436590,437
26415641,26.6165,26.9322,437,50478,0.541776,0.31,1,437055,436618,437
26418561,24.5233,24.5864,437,50520,0.564355,0.33,1,437079,436642,437
26421481,25.7047,24.9173,438,50562,0.552871,0.31,1,437105,436667,438
26424401,29.1409,28.1835,439,50604,0.566574,0.35,1,437135,436696,439
26427321,29.0282,28.0367,440,50646,0.585315,0.37,1,437164,436724,440
26430241,37.8056,37.6073,440,50688,0.621063,0.33,1,437204,436764,440
26433161,33.1611,34.7215,438,50730,0.596213,0.33,1,437236,436798,438
26436081,28.2322,27.7443,439,50772,0.607243,0.37,1,437263,436824,439
26439001,27.2464,26.3489,440,50813,0.561448,0.41,1,437290,436850,440
26441921,33.4493,30.8698,443,50854,0.55229,0.43,1,437325,436882,443
26444841,33.0899,31.774,444,50895,0.566458,0.45,1,437358,436914,444
26447761,22.618,22.3548,444,50936,0.537292,0.45,1,437378,436934,444
26450681,12.5236,12.471,444,50977,0.531458,0.45,1,437388,436944,444
26453601,28.9047,27.2942,446,51018,0.562292,0.49,1,437421,436975,446
26456521,7.38094,7.05884,446,51059,0.568458,0.51,1,437423,436977,446
26459441,26.2762,25.4118,447,51100,0.601692,0.51,1,437454,437007,447
26462361,21.2552,21.0824,447,51141,0.656338,0.55,1,437474,437027,447
26465281,26.651,26.6165,447,51182,0.667268,0.57,1,437502,437055,447
26468201,26.1302,24.5233,449,51223,0.685454,0.55,1,437528,437079,449
26471121,26.026,25.7047,449,51264,0.673091,0.57,1,437554,437105,449
26474041,30.0052,29.1409,450,51305,0.686618,0.59,1,437585,437135,450
26476961,29.201,29.0282,450,51346,0.673324,0.63,1,437614,437164,450
26479881,38.6402,37.8056,451,51387,0.654665,0.59,1,437655,437204,451
26482801,33.328,33.1611,451,51428,0.682933,0.61,1,437687,437236,451
26485721,27.4656,28.2322,450,51469,0.688587,0.55,1,437713,437263,450
26488641,27.0931,27.2464,450,51510,0.689717,0.55,1,437740,437290,450
26491561,32.6186,33.4493,449,51551,0.721943,0.57,1,437774,437325,449
26494481,32.1237,33.0899,448,51592,0.744389,0.53,1,437806,437358,448
26497401,22.4247,22.618,448,51633,0.780878,0.53,2,437826,437378,448
26500321,13.2849,12.5236,449,51674,0.772176,0.57,2,437837,437388,449
26503241,29.857,28.9047,450,51715,0.754435,0.57,2,437871,437421,450
26506161,7.5714,7.38094,450,51756,0.750887,0.57,2,437873,437423,450
26509081,27.1143,1.47619,482,51797,0.782177,0.61,2,437905,437423,482
26512001,22.2229,25.0952,472,51838,0.804435,0.67,2,437926,437454,472
26514921,27.6446,21.019,481,51879,0.808887,0.67,2,437955,437474,481
26517841,26.3289,26.6038,479,51920,0.825777,0.69,2,437981,437502,479
26520761,26.8658,26.1208,480,51961,0.845155,0.67,2,438008,437528,480
26523681,29.3732,26.0242,484,52002,0.881031,0.69,2,438038,437554,484
26526601,28.2746,30.0048,481,52042,0.904206,0.67,2,438066,437585,481
26529521,39.2549,29.201,494,52082,0.940841,0.65,2,438108,437614,494
26865321,97,71,553,29192,0.71,1,1,442563,442010,553
26868241,50.6,75,516,29265,0.678,1,1,442602,442086,516
26871161,74.12,47.8,555,29337,0.6876,1,1,442682,442127,555
26874081,44.424,65.56,522,29409,0.60952,1,1,442719,442197,522
26877001,36.8848,42.712,520,29481,0.641904,1,1,442754,442234,520
26879921,45.777,45.3424,522,29553,0.648381,1,1,442802,442280,522
26882841,38.7554,49.0685,509,29625,0.617676,1,1,442839,442330,509
26885761,50.9511,41.0137,524,29696,0.627535,0.86,1,442893,442369,524
26888681,37.3902,55.4027,499,29767,0.629507,0.75,1,442927,442428,499
26891601,79.478,41.4805,551,29838,0.677901,0.71,1,443017,442466,551
26894521,17.4956,85.8961,456,29909,0.68758,0.67,1,443019,442563,456
26897441,33.0991,48.3792,454,29980,0.705516,0.69,1,443056,442602,454
26900361,74.6198,73.6758,459,30051,0.757103,0.59,2,443141,442682,459
26903281,43.724,44.3352,458,30121,0.767421,0.65,2,443177,442719,458
26906201,33.5448,36.867,454,30191,0.753484,0.65,2,443208,442754,454
26909121,45.109,45.7734,454,30261,0.718697,0.61,1,443256,442802,454
26912041,37.0218,38.7547,452,30331,0.727739,0.63,1,443291,442839,452
26914961,51.4044,50.9509,453,30401,0.745548,0.63,1,443346,442893,453
26917881,38.2809,37.3902,454,30471,0.73311,0.69,1,443381,442927,454
26920801,82.8562,79.478,458,30540,0.682622,0.69,1,443475,443017,458
26923721,18.1712,17.4956,458,30609,0.672524,0.71,1,443477,443019,458
26926641,30.8342,33.0991,455,30678,0.734505,0.77,1,443511,443056,455
26929561,76.5669,74.6198,458,30747,0.762901,0.77,2,443599,443141,458
26932481,44.1134,43.724,458,30816,0.73658,0.75,1,443635,443177,458
26935401,34.4227,33.5448,459,30885,0.811316,0.71,2,443667,443208,459
26938321,43.6845,45.109,457,30954,0.826263,0.73,2,443713,443256,457
26941241,37.5369,37.0218,458,31022,0.861253,0.75,2,443749,443291,458
26944161,50.7074,51.4044,457,31090,0.884251,0.73,2,443803,443346,457
26947081,37.3415,38.2809,456,31158,0.92085,0.67,2,443837,443381,456
26950001,81.8683,82.8562,455,31226,0.91217,0.67,2,443930,443475,455
26952921,17.9737,18.1712,455,31294,0.910434,0.67,2,443932,443477,455
26955841,31.5947,3.63425,490,31362,0.926087,0.75,2,443967,443477,490
27081401,39,65,487,34141,0.83,1,2,445958,445471,487
27084321,47,41.8,500,34203,0.798,1,2,446007,445507,500
27087241,40.6,41.16,498,34265,0.7596,1,2,446046,445548,498
27090161,32.12,8.232,528,34327,0.79992,1,2,446076,445548,528
27093081,26.424,26.4464,522,34389,0.759984,1,2,446101,445579,522
27096001,28.4848,33.2893,516,34450,0.735997,1,1,446130,445614,516
27098921,58.497,37.0579,544,34511,0.763199,1,2,446196,445652,544
27101841,40.4994,60.2116,514,34572,0.83264,0.95,2,446232,445718,514
27104761,64.0999,45.6423,542,34633,0.862528,0.97,2,446302,445760,542
27107681,46.42,65.9285,513,34694,0.836506,0.93,2,446344,445831,513
27110601,38.884,50.7857,503,34755,0.847301,0.95,2,446381,445878,503
27113521,35.7768,42.9571,497,34816,0.83346,0.83,2,446416,445919,497
27116441,47.9554,39.7914,509,34877,0.878692,0.79,2,446467,445958,509
27119361,39.1911,47.1583,497,34938,0.887738,0.75,2,446504,446007,497
27122281,32.6382,40.6317,489,34999,0.921548,0.81,2,446535,446046,489
27326681,45,45,490,38998,0.81,1,2,449327,448837,490
27329601,46.6,50.6,485,39052,0.842,1,2,449374,448889,485
27332521,36.52,34.92,488,39106,0.8164,0.99,2,449408,448920,488
27335441,37.704,31.784,495,39160,0.81128,1,2,449446,448951,495
27338361,29.9408,15.1568,512,39214,0.810256,1,2,449474,448962,512
27341281,28.3882,21.4314,517,39268,0.810051,1,2,449502,448985,517
27344201,24.8776,35.4863,502,39322,0.81001,1,2,449526,449024,502
27347121,12.9755,30.2973,483,39376,0.746002,1,1,449536,449053,483
27350041,20.1951,22.0595,485,39430,0.8132,1,2,449558,449073,485
27352961,58.439,66.8119,475,39484,0.84264,0.92,2,449626,449151,475
27355881,58.8878,62.9624,472,39537,0.928528,0.93,2,449685,449213,472
27358801,42.1776,44.5925,470,39590,0.929706,0.86,2,449723,449253,470
27490201,47,31,497,41922,0.53,1,1,451347,450850,497
27493121,38.2,31.8,501,41972,0.45,1,1,451383,450882,501
27496041,27.64,33.56,492,42022,0.386,1,1,451408,450916,492
27498961,24.728,25.912,492,42072,0.3572,1,1,451432,450940,492
27501881,27.3456,18.7824,503,42122,0.22344,1,1,451460,450957,503
27504801,26.2691,21.3565,507,42172,0.052688,1,1,451486,450979,507
27507721,34.0538,40.2713,498,42222,0.0665376,1,1,451522,451024,498
27510641,27.6108,30.4543,496,42272,0.0213075,0.98,1,451548,451052,496
27513561,44.7222,51.6909,488,42322,0.0762615,1,1,451597,451109,488
27516481,35.3444,39.1382,485,42372,0.0232523,1,1,451630,451145,485
27519401,32.6689,32.6276,486,42422,0.0126505,0.94,1,451662,451176,486
27522321,26.5338,38.5255,471,42472,0.0425301,0.78,1,451687,451216,471
27525241,33.3068,45.3051,459,42522,0.064506,0.69,1,451722,451263,459
27528161,29.0614,38.661,450,42572,0.0529012,0.53,1,451750,451300,450
27531081,42.6123,45.3322,449,42622,0.0345802,0.43,1,451796,451347,449
27534001,32.5225,37.8664,443,42672,0.014916,0.37,1,451826,451383,443
27536921,21.7045,27.5733,437,42721,0.0269832,0.35,1,451845,451408,437
27539841,18.7409,24.7147,431,42770,0.0773966,0.19,1,451863,451432,431
27542761,22.1482,27.3429,426,42819,0.103479,0.01,1,451886,451460,426
27545681,25.2296,26.2686,426,42868,0.124696,0.07,1,451912,451486,426
27548601,31.4459,34.0537,423,42917,0.0649392,0.01,1,451945,451522,423
27551521,26.2892,27.6107,422,42966,0.0689878,0.09,1,451970,451548,422
27554441,48.4578,44.7221,427,43015,0.0537976,0.09,1,452024,451597,427
27557361,33.6916,8.94443,457,43064,0.0507595,0.01,1,452054,451597,457
27560281,33.9383,28.1889,458,43113,0.0661519,0.01,1,452088,451630,458
27563201,23.5877,31.2378,447,43162,0.10123,0.05,1,452109,451662,447
27566121,32.7175,26.2476,457,43211,0.140246,0.07,1,452144,451687,457
27569041,28.9435,33.2495,450,43260,0.180049,0.05,1,452172,451722,450
27571961,42.5887,29.0499,468,43309,0.15601,0.03,1,452218,451750,468
27574881,32.5177,42.61,452,43358,0.183202,0.01,1,452248,451796,452
27577801,22.5035,32.522,442,43407,0.18864,0.03,1,452268,451826,442
27580721,20.5007,21.7044,443,43456,0.237728,0.09,1,452288,451845,443
27583641,20.9001,18.7409,446,43505,0.279546,0.11,1,452309,451863,446
27586561,26.58,22.1482,451,43553,0.319909,0.13,1,452337,451886,451
27589481,28.516,25.2296,454,43601,0.311982,0.05,1,452366,451912,454
27592401,25.7032,31.4459,446,43649,0.166396,0.07,1,452391,451945,446
27595321,48.3406,26.2892,475,43697,0.0732793,0.05,1,452445,451970,475
27598241,35.2681,48.4578,453,43745,0.0386559,0.05,1,452477,452024,453
27601161,35.0536,33.6916,458,43793,0.0477312,0.07,1,452512,452054,458
27604081,26.2107,33.9383,448,43841,0.0815462,0.11,1,452536,452088,448
27607001,34.0421,23.5877,463,43889,0.0883093,0.15,1,452572,452109,463
27609921,29.2084,32.7175,456,43937,0.121662,0.19,1,452600,452144,456
27612841,43.4417,28.9435,475,43985,0.128332,0.15,1,452647,452172,475
27615761,35.0883,42.5887,462,44033,0.113666,0.19,1,452680,452218,462
27618681,23.8177,32.5177,453,44081,0.110733,0.19,1,452701,452248,453
27621601,22.3635,22.5035,455,44129,0.110147,0.25,1,452723,452268,455
27624521,22.8727,20.5007,458,44177,0.0940293,0.29,1,452746,452288,458
27627441,26.9745,20.9001,465,44225,0.138806,0.33,1,452774,452309,465
27630361,27.7949,26.58,465,44273,0.147761,0.31,1,452802,452337,465
27633281,18.359,28.516,452,44321,0.149552,0.13,1,452818,452366,452
27636201,44.4718,25.7032,478,44369,0.0379104,0.05,1,452869,452391,478
27639121,32.0944,48.3406,453,44417,0.00758209,0.03,1,452898,452445,453
27642041,36.8189,35.2681,459,44464,0.0255164,0.05,1,452936,452477,459
27644961,8.96377,35.0536,426,44511,0.00510328,0.09,1,452938,452512,426
27647881,20.9928,26.2107,426,44558,0.0570207,0.09,1,452962,452536,426
27650801,32.9986,34.0421,426,44605,0.0674041,0.13,1,452998,452572,426
27653721,30.5997,29.2084,428,44652,0.0214808,0.13,1,453028,452600,428
27656641,43.7199,43.4417,428,44699,0.0442962,0.11,1,453075,452647,428
27659561,35.144,35.0883,428,44746,0.0488592,0.11,1,453108,452680,428
27662481,23.0288,23.8177,427,44793,0.0497718,0.11,1,453128,452701,427
27665401,22.2058,22.3635,427,44840,0.0179544,0.09,1,453150,452723,427
27668321,22.8412,22.8727,427,44887,0.0435909,0.15,1,453173,452746,427
27671241,28.5682,26.9745,429,44934,0.0327182,0.15,1,453203,452774,429
27674161,28.1136,27.7949,429,44981,0.0785436,0.15,1,453231,452802,429
27677081,18.4227,18.359,429,45028,0.0877087,0.01,1,453247,452818,429
27680001,39.6845,44.4718,423,45075,0.0895417,0,1,453292,452869,423
27682921,31.1369,32.0944,423,45122,0.0259083,0.03,1,453321,452898,423
27685841,36.6274,36.8189,423,45169,0.0131817,0,1,453359,452936,423
27688761,8.92548,8.96377,423,45216,0.0106363,0.07,1,453361,452938,423
27691681,20.9851,20.9928,423,45263,0.0581273,0.07,1,453385,452962,423
27694601,32.997,32.9986,423,45310,0.0676254,0.01,1,453421,452998,423
27697521,29.7994,30.5997,422,45357,0.0535251,0.05,1,453450,453028,422
27700441,43.5599,43.7199,422,45403,0.114705,0.05,1,453497,453075,422
27703361,35.112,35.144,422,45449,0.110941,0.05,1,453530,453108,422
27706281,23.0224,23.0288,422,45495,0.142188,0.01,1,453550,453128,422
27709201,23.0045,22.2058,423,45541,0.148438,0.05,1,453573,453150,423
27712121,22.2009,22.8412,422,45587,0.181688,0.03,1,453595,453173,422
27715041,28.4402,28.5682,422,45633,0.156337,0.09,1,453625,453203,422
27717961,29.688,28.1136,424,45679,0.231267,0.09,1,453655,453231,424
27720881,18.7376,18.4227,424,45725,0.246253,0.09,1,453671,453247,424
27723801,39.7475,39.6845,424,45771,0.281251,0.01,1,453716,453292,424
27726721,29.5495,31.1369,422,45817,0.30425,0.01,1,453743,453321,422
27729641,36.3099,36.6274,422,45863,0.30885,0.01,1,453781,453359,422
27732561,8.86198,8.92548,422,45909,0.30977,0.01,1,453783,453361,422
27735481,20.9724,1.7851,446,45955,0.245954,0.07,1,453807,453361,446
27738401,32.9945,19.557,458,46001,0.265191,0.07,1,453843,453385,458
27741321,29.7989,32.7114,451,46047,0.285038,0.05,1,453872,453421,451
27744241,45.9598,29.7423,472,46093,0.321008,0.13,1,453922,453450,472
27747161,36.392,43.5485,459,46139,0.328202,0.11,1,453956,453497,459
27750081,23.2784,35.1097,446,46185,0.37764,0.15,1,453976,453530,446
27753001,24.6557,23.0219,451,46231,0.403528,0.15,1,454001,453550,451
27755921,22.5311,23.0044,450,46277,0.408706,0.19,1,454023,453573,450
27758841,27.7062,22.2009,457,46323,0.393741,0.15,1,454052,453595,457
27761761,32.7412,28.4402,461,46369,0.502748,0.25,1,454086,453625,461
27764681,19.3482,29.688,447,46414,0.52455,0.25,1,454102,453655,447
27767601,41.4697,18.7376,478,46459,0.57691,0.29,1,454149,453671,478
27770521,30.6939,39.7475,461,46504,0.587382,0.31,1,454177,453716,461
27773441,34.9388,29.5495,470,46549,0.589476,0.31,1,454213,453743,470
27776361,8.58776,36.3099,434,46594,0.589895,0.31,1,454215,453781,434
27779281,21.7176,8.86198,457,46639,0.573979,0.23,1,454240,453783,457
27782201,33.9435,20.9724,470,46684,0.570796,0.27,1,454277,453807,470
27785121,30.7887,32.9945,464,46729,0.586159,0.29,1,454307,453843,464
27788041,47.7577,29.7989,487,46774,0.621232,0.33,1,454359,453872,487
27790961,38.3515,45.9598,473,46819,0.628246,0.33,1,454395,453922,473
27793881,24.4703,36.392,460,46864,0.645649,0.39,1,454416,453956,460
27796801,25.6941,23.2784,466,46909,0.66513,0.41,1,454442,453976,466
27799721,22.7388,24.6557,463,46954,0.669026,0.41,1,454464,454001,463
27802641,28.5478,22.5311,471,46999,0.669805,0.39,1,454494,454023,471
27805561,36.9096,27.7062,481,47044,0.669961,0.53,1,454533,454052,481
27808481,20.1819,32.7412,463,47089,0.669992,0.53,1,454549,454086,463
27811401,44.0364,19.3482,497,47134,0.637998,0.59,1,454599,454102,497
27814321,31.2073,41.4697,478,47179,0.6796,0.59,1,454627,454149,478
27817241,35.0415,30.6939,486,47224,0.70392,0.59,1,454663,454177,486
27820161,8.60829,34.9388,452,47269,0.708784,0.59,1,454665,454213,452
27823081,20.9217,8.58776,474,47314,0.709757,0.57,1,454689,454215,474
27826001,33.7843,21.7176,486,47359,0.693951,0.57,1,454726,454240,486
27828921,8.35687,33.9435,451,47404,0.69079,0.59,1,454728,454277,451
27831841,26.4714,30.7887,452,47448,0.722158,0.63,1,454759,454307,452
27834761,47.6943,47.7577,453,47492,0.696432,0.63,1,454812,454359,453
27837681,39.9389,38.3515,455,47536,0.691286,0.65,1,454850,454395,455
27840601,23.9878,24.4703,454,47580,0.690257,0.67,1,454870,454416,454
27843521,26.3976,25.6941,455,47624,0.642051,0.67,1,454897,454442,455
27846441,22.8795,22.7388,455,47668,0.66441,0.67,1,454919,454464,455
27849361,29.3759,28.5478,456,47712,0.652882,0.67,1,454950,454494,456
27852281,36.2752,36.9096,455,47756,0.650576,0.67,1,454988,454533,455
27855201,20.055,20.1819,455,47800,0.650115,0.63,1,455004,454549,455
27858121,44.811,44.0364,456,47844,0.618023,0.69,1,455055,454599,456
27861041,31.3622,31.2073,456,47888,0.627605,0.71,1,455083,454627,456
27863961,35.8724,35.0415,457,47932,0.645521,0.71,1,455120,454663,457
27866881,8.77449,8.60829,457,47976,0.649104,0.71,1,455122,454665,457
27869801,20.9549,20.9217,457,48020,0.649821,0.69,1,455146,454689,457
27872721,32.991,33.7843,456,48064,0.665964,0.69,1,455182,454726,456
27875641,8.1982,8.35687,456,48108,0.669193,0.73,1,455184,454728,456
27878561,26.4396,26.4714,456,48152,0.685839,0.69,1,455215,454759,456
27881481,47.6879,47.6943,456,48196,0.753168,0.69,2,455268,454812,456
27884401,38.3376,39.9389,454,48240,0.766634,0.69,2,455304,454850,454
27887321,23.6675,23.9878,454,48284,0.769327,0.63,2,455324,454870,454
27890241,25.5335,26.3976,453,48328,0.769865,0.67,2,455350,454897,453
27893161,22.7067,22.8795,453,48372,0.785973,0.65,2,455372,454919,453
27896081,28.5413,29.3759,452,48416,0.837195,0.65,2,455402,454950,452
27899001,36.1083,36.2752,452,48460,0.847439,0.65,2,455440,454988,452
27901921,20.0217,20.055,452,48503,0.849488,0.61,2,455456,455004,452
27904841,43.2043,44.811,450,48546,0.881898,0.63,2,455505,455055,450
27907761,31.8409,31.3622,451,48589,0.904379,0.65,2,455534,455083,451
27910681,36.7682,35.8724,452,48632,0.940876,0.65,2,455572,455120,452
27913601,8.95363,8.77449,452,48675,0.948175,0.65,2,455574,455122,452
28094641,70,70,508,23541,0.17,0.91,1,457503,456995,508
28097561,58.8,66.8,498,23631,0.154,0.85,1,457559,457061,498
28100481,52.56,64.56,485,23721,0.1668,0.67,1,457610,457125,485
28103401,68.912,72.912,483,23810,0.10536,0.57,1,457683,457200,483
28106321,54.5824,58.5824,479,23899,0.093072,0.31,1,457734,457255,479
28109241,38.9165,59.7165,454,23988,0.106614,0.29,1,457769,457315,454
28112161,30.9833,40.7433,447,24076,0.157323,0.17,1,457798,457351,447
28115081,59.7967,73.7487,432,24164,0.231465,0.17,1,457865,457433,432
28118001,67.1593,70.7497,431,24252,0.262293,0.15,1,457934,457503,431
28120921,56.6319,58.9499,429,24339,0.316459,0.17,1,457988,457559,429
28123841,51.3264,52.59,428,24426,0.343292,0.09,1,458038,457610,428
28126761,66.2653,68.918,425,24513,0.444658,0.09,1,458108,457683,425
28129681,56.4531,54.5836,428,24599,0.448932,0.11,1,458162,457734,428
28132601,40.0906,38.9167,429,24685,0.481786,0.17,1,458198,457769,429
28135521,32.8181,30.9833,431,24771,0.472357,0.25,1,458229,457798,431
28138441,60.9636,59.7967,432,24857,0.502471,0.27,1,458297,457865,432
28141361,69.7927,67.1593,435,24942,0.492494,0.33,1,458369,457934,435
28144281,59.5585,56.6319,438,25027,0.522499,0.35,1,458426,457988,438
28147201,54.3117,51.3264,441,25112,0.5445,0.47,1,458479,458038,441
28150121,70.8623,66.2653,446,25196,0.5009,0.45,1,458554,458108,446
28153041,55.7725,56.4531,444,25280,0.46018,0.49,1,458606,458162,444
28155961,39.9545,40.0906,444,25364,0.516036,0.47,1,458642,458198,444
28158881,31.9909,32.8181,443,25448,0.495207,0.47,1,458672,458229,443
28161801,63.1982,6.56362,514,25531,0.459041,0.51,1,458743,458229,514
28164721,69.4396,55.7127,517,25614,0.435808,0.49,1,458814,458297,517
28167641,59.4879,68.7425,502,25697,0.415162,0.53,1,458871,458369,502
28170561,55.0976,59.3485,499,25779,0.411032,0.55,1,458925,458426,499
28173481,68.6195,54.2697,518,25861,0.458206,0.49,1,458997,458479,518
28176401,55.3239,70.8539,495,25943,0.483641,0.45,1,459049,458554,495
28179321,41.4648,55.7708,481,26025,0.552728,0.53,1,459087,458606,481
28182241,32.293,39.9542,475,26106,0.582546,0.49,1,459117,458642,475
28185161,61.6586,31.9908,514,26187,0.620509,0.45,1,459186,458672,514
28188081,68.3317,63.1982,513,26268,0.660102,0.43,1,459256,458743,513
28191001,59.2663,69.4396,499,26349,0.66802,0.41,1,459313,458814,499
28193921,54.2533,59.4879,495,26429,0.749604,0.41,1,459366,458871,495
28196841,70.8507,55.0976,516,26509,0.797921,0.47,2,459441,458925,516
28199761,57.3701,68.6195,498,26589,0.855584,0.49,2,459495,458997,498
28202681,44.274,55.3239,487,26669,0.883117,0.57,2,459536,459049,487
28205601,33.6548,41.4648,480,26748,0.920623,0.59,2,459567,459087,480
28278601,48,81,524,28661,0.95,1,2,460908,460384,524
28281521,47.2,60.2,516,28735,0.87,1,2,460955,460439,516
28284441,42.24,48.04,512,28809,0.758,1,2,460996,460484,512
28287361,60.448,34.408,546,28882,0.7036,1,1,461061,460515,546
28290281,78.4896,64.4816,557,28955,0.59672,1,1,461144,460587,557
28293201,35.6979,76.8963,502,29028,0.559344,1,1,461169,460667,502
28296121,29.5396,30.5793,511,29101,0.615869,1,1,461197,460686,511
28299041,49.9079,31.7159,534,29174,0.579174,0.93,1,461252,460718,534
28301961,70.7816,53.5432,551,29247,0.667835,0.89,1,461328,460777,551
28304881,47.7563,77.1086,510,29319,0.701567,0.95,1,461370,460860,510
28307801,46.3513,53.8217,508,29391,0.788313,0.85,2,461416,460908,508
28310721,36.4703,48.3643,495,29463,0.773663,0.73,2,461450,460955,495
28313641,59.2941,42.4729,519,29535,0.802733,0.69,2,461515,460996,519
28316561,75.0588,60.4946,533,29607,0.824547,0.57,2,461594,461061,533
28319481,38.2118,78.4989,479,29678,0.844909,0.55,2,461623,461144,479
28322401,29.2424,35.6998,481,29749,0.864982,0.63,2,461650,461169,481
28325321,49.8485,29.54,508,29820,0.884996,0.57,2,461705,461197,508
28328241,11.5697,49.908,455,29891,0.888999,0.69,2,461707,461252,455
28497601,55,87,474,33751,0.77,1,2,464447,463973,474
28500521,58.2,45.4,498,33814,0.722,1,1,464506,464008,498
28503441,36.44,42.68,487,33877,0.6964,1,1,464537,464050,487
28506361,32.088,38.936,480,33939,0.54728,1,1,464568,464088,480
28509281,47.2176,35.7872,496,34001,0.373456,1,1,464619,464123,496
28512201,57.4435,59.9574,490,34063,0.258691,0.92,1,464679,464189,490
28515121,39.4887,43.1915,486,34125,0.155738,1,1,464714,464228,486
28518041,33.4977,32.6383,488,34187,0.0551476,0.9,1,464746,464258,488
28520961,22.6995,36.1277,471,34249,0.0350295,0.9,1,464766,464295,471
28523881,35.7399,7.22553,510,34311,0.0310059,0.83,1,464805,464295,510
28526801,48.748,34.2451,521,34373,0.00620118,0.89,1,464857,464336,521
28529721,44.1496,51.649,508,34435,0.00924024,0.77,1,464900,464392,508
28532641,56.8299,54.3298,513,34496,0.025848,0.71,1,464960,464447,513
28535561,36.966,58.066,486,34557,0.0451696,0.69,1,464992,464506,486
28538481,27.3932,36.4132,480,34618,0.0650339,0.51,1,465017,464537,480
28541401,38.2786,32.0826,490,34679,0.0370068,0.33,1,465058,464568,490
28544321,46.0557,47.2165,487,34740,0.0954014,0.23,1,465106,464619,487
28547241,34.8111,57.4433,459,34801,0.0430803,0.13,1,465138,464679,459
28550161,32.5622,39.4887,456,34862,0.0966161,0.03,1,465170,464714,456
28553081,20.1124,33.4977,441,34923,0.123323,0.03,1,465187,464746,441
28556001,36.0225,22.6995,461,34984,0.0486646,0.03,1,465227,464766,461
28558921,48.0045,35.7399,473,35044,0.00973293,0,1,465278,464805,473
28561841,45.6009,48.748,466,35104,0.0259466,0.01,1,465323,464857,466
28564761,57.1202,44.1496,483,35164,0.0291893,0.03,1,465383,464900,483
28567681,38.624,56.8299,457,35224,0.0298379,0.05,1,465417,464960,457
28570601,26.9248,36.966,449,35284,0.173968,0.07,1,465441,464992,449
28573521,36.585,27.3932,463,35344,0.154794,0.03,1,465480,465017,463
28576441,46.517,38.2786,471,35404,0.134959,0.11,1,465529,465058,471
28579361,34.9034,46.0557,455,35464,0.130992,0.03,1,465561,465106,455
28582281,34.9807,34.8111,458,35524,0.146198,0.11,1,465596,465138,458
28585201,16.5961,32.5622,438,35584,0.16524,0.13,1,465608,465170,438
28588121,36.1192,20.1124,462,35643,0.169048,0.03,1,465649,465187,462
28591041,8.82384,36.0225,424,35702,0.16981,0,1,465651,465227,424
28593961,42.5648,48.0045,424,35761,0.137962,0.03,1,465702,465278,424
28596881,42.913,45.6009,422,35820,0.0515924,0.03,1,465745,465323,422
28599801,58.9826,57.1202,425,35879,0.0183185,0.03,1,465808,465383,425
28602721,37.3965,38.624,423,35938,0.0276637,0.21,1,465840,465417,423
28605641,33.8793,26.9248,432,35997,0.0135327,0.15,1,465873,465441,432
28608561,35.5759,36.585,429,36056,0.0587065,0.13,1,465909,465480,429
28611481,47.1152,46.517,430,36115,0.0517413,0.13,1,465959,465529,430
28614401,35.023,34.9034,430,36174,0.0503483,0.15,1,465991,465561,430
28617321,35.0046,34.9807,430,36232,0.0820697,0.17,1,466026,465596,430
28620241,16.6009,16.5961,430,36290,0.136414,0.17,1,466038,465608,430
28623161,34.5202,36.1192,428,36348,0.163283,0.17,1,466077,465649,428
28626081,8.50404,8.82384,428,36406,0.184657,0.13,1,466079,465651,428
28629001,40.9008,42.5648,426,36464,0.220931,0.03,1,466128,465702,426
28631921,39.3802,42.913,422,36522,0.212186,0.01,1,466167,465745,422
28634841,59.076,58.9826,423,36580,0.0984372,0.03,1,466231,465808,423
28637761,37.4152,37.3965,423,36638,0.0436874,0.01,1,466263,465840,423
28640681,33.083,33.8793,422,36696,0.0487375,0.07,1,466295,465873,422
28643601,36.2166,35.5759,423,36754,0.0497475,0.05,1,466332,465909,423
28646521,48.0433,47.1152,424,36811,0.12995,0.05,1,466383,465959,424
28649441,35.2087,35.023,424,36868,0.14599,0.09,1,466415,465991,424
28652361,37.4417,35.0046,427,36925,0.117198,0.15,1,466453,466026,427
28655281,17.0883,16.6009,427,36982,0.11144,0.17,1,466465,466038,427
28658201,37.0177,34.5202,430,37039,0.110288,0.19,1,466507,466077,430
28661121,9.00353,8.50404,430,37096,0.110058,0.23,1,466509,466079,430
28664041,41.8007,40.9008,431,37153,0.110012,0.23,1,466559,466128,431
28666961,37.9601,8.18016,468,37210,0.110002,0.21,1,466596,466128,468
28669881,53.192,32.836,486,37267,0.0940005,0.07,1,466653,466167,486
28672801,36.2384,57.7672,454,37324,0.0908001,0.03,1,466685,466231,454
28675721,32.0477,37.1534,453,37381,0.04216,0.05,1,466716,466263,453
28678641,36.8095,33.0307,459,37438,0.048432,0.05,1,466754,466295,459
28681561,51.3619,36.2061,477,37494,0.145686,0.15,1,466809,466332,477
28684481,35.8724,48.0412,458,37550,0.165137,0.15,1,466841,466383,458
28687401,35.9745,35.2082,462,37606,0.169027,0.11,1,466877,466415,462
28690321,16.7949,37.4416,436,37662,0.169805,0.11,1,466889,466453,436
28693241,38.559,17.0883,468,37718,0.201961,0.11,1,466933,466465,468
28696161,9.3118,37.0177,428,37774,0.208392,0.11,1,466935,466507,428
28699081,41.8624,9.00353,476,37830,0.193678,0.11,1,466985,466509,476
28702001,37.9725,41.8007,463,37886,0.222736,0.11,1,467022,466559,463
28704921,52.3945,37.9601,482,37942,0.292547,0.09,1,467078,466596,482
28707841,36.0789,53.192,457,37998,0.322509,0.09,1,467110,466653,457
28710761,30.4158,36.2384,454,38054,0.360502,0.03,1,467139,466685,454
28713681,38.0832,32.0477,463,38110,0.3841,0.05,1,467179,466716,463
28716601,54.8166,36.8095,484,38165,0.40482,0.17,1,467238,466754,484
28719521,36.5633,51.3619,461,38220,0.424964,0.17,1,467270,466809,461
28722441,36.1127,35.8724,465,38275,0.476993,0.17,1,467306,466841,465
28725361,17.6225,35.9745,442,38330,0.471399,0.17,1,467319,466877,442
28728281,40.3245,16.7949,476,38385,0.47028,0.21,1,467365,466889,476
28731201,9.6649,38.559,434,38440,0.470056,0.21,1,467367,466933,434
28734121,40.333,9.3118,480,38495,0.470011,0.19,1,467415,466935,480
28737041,39.2666,41.8624,469,38550,0.518002,0.23,1,467454,466985,469
28739961,55.8533,37.9725,492,38605,0.5756,0.31,1,467514,467022,492
28742881,12.7707,52.3945,438,38660,0.58712,0.33,1,467516,467078,438
28745801,28.1541,36.0789,438,38715,0.589424,0.37,1,467548,467110,438
28748721,30.4308,30.4158,440,38770,0.605885,0.39,1,467579,467139,440
28751641,38.8862,38.0832,441,38824,0.609177,0.41,1,467620,467179,441
28754561,55.7772,54.8166,442,38878,0.609835,0.43,1,467680,467238,442
28757481,38.3554,36.5633,444,38932,0.625967,0.49,1,467714,467270,444
28760401,38.0711,36.1127,446,38986,0.565193,0.47,1,467752,467306,446
28763321,17.2142,17.6225,445,39040,0.585039,0.47,1,467764,467319,445
28766241,40.2428,40.3245,445,39094,0.605008,0.47,1,467810,467365,445
28769161,9.64857,9.6649,445,39148,0.609002,0.47,1,467812,467367,445
28772081,40.3297,40.333,445,39202,0.6258,0.53,1,467860,467415,445
28775001,42.4659,39.2666,449,39256,0.62916,0.59,1,467903,467454,449
28777921,58.0932,55.8533,451,39310,0.645832,0.59,1,467965,467514,451
28780841,13.2186,12.7707,451,39364,0.665166,0.59,1,467967,467516,451
28783761,28.2437,28.1541,451,39418,0.669033,0.61,1,467999,467548,451
28786681,31.2487,30.4308,452,39472,0.685807,0.61,1,468031,467579,452
28789601,39.0497,38.8862,452,39526,0.769161,0.61,2,468072,467620,452
28792521,56.6099,55.7772,453,39579,0.769832,0.63,2,468133,467680,453
28795441,36.922,38.3554,451,39632,0.769966,0.55,2,468165,467714,451
28798361,36.1844,38.0711,449,39685,0.737993,0.59,1,468201,467752,449
28801281,16.8369,17.2142,449,39738,0.779599,0.61,2,468213,467764,449
28804201,40.9674,40.2428,450,39791,0.80392,0.61,2,468260,467810,450
28807121,9.79348,9.64857,450,39844,0.808784,0.63,2,468262,467812,450
28810041,41.1587,40.3297,451,39897,0.793757,0.63,2,468311,467860,451
28812961,45.0317,42.4659,454,39950,0.806751,0.65,2,468357,467903,454
28815881,59.4063,58.0932,455,40003,0.87335,0.67,2,468420,467965,455
28818801,13.4813,13.2186,455,40056,0.88667,0.67,2,468422,467967,455
28821721,28.2963,28.2437,455,40109,0.889334,0.67,2,468454,467999,455
28824641,32.8593,5.64875,489,40162,0.857867,0.69,2,468488,467999,489
28827561,40.1719,26.7297,499,40215,0.835573,0.79,2,468530,468031,499
28830481,56.0344,38.1459,518,40268,0.847115,0.77,2,468590,468072,518
28833401,36.8069,56.4292,489,40320,0.849423,0.77,2,468622,468133,489
28836321,36.9614,36.8858,494,40372,0.881885,0.73,2,468659,468165,494
28839241,16.9923,36.1772,470,40424,0.888377,0.79,2,468671,468201,470
28842161,41.7985,16.8354,506,40476,0.889675,0.81,2,468719,468213,506
28845081,9.95969,40.9671,461,40528,0.889935,0.81,2,468721,468260,461
28848001,42.7919,9.79342,510,40580,0.921987,0.79,2,468772,468262,510
28979401,25,23,492,42858,0.87,1,2,470375,469883,492
28982321,25.8,25.4,492,42907,0.79,1,2,470401,469909,492
28985241,33.16,21.88,506,42956,0.822,1,2,470436,469930,506
28988161,33.032,24.376,514,43005,0.8284,1,2,470469,469955,514
28991081,37.0064,4.8752,552,43054,0.71768,1,1,470507,469955,552
28994001,25.0013,56.975,504,43103,0.711536,1,1,470529,470025,504
28996921,31.4003,39.395,502,43152,0.694307,1,1,470562,470060,502
28999841,38.2801,32.679,511,43201,0.642861,1,1,470602,470091,511
29002761,27.656,32.1358,504,43250,0.584572,1,1,470627,470123,504
29005681,20.7312,27.2272,497,43299,0.572914,1,1,470646,470149,497
29008601,28.1462,28.6454,498,43348,0.650583,1,1,470676,470178,498
29011521,35.2292,29.7291,505,43397,0.650117,0.99,1,470713,470208,505
29014441,65.4459,32.3458,545,43446,0.650023,0.95,1,470786,470241,545
29017361,36.2892,68.0692,497,43495,0.698005,0.89,1,470815,470318,497
29020281,24.0578,39.2138,486,43544,0.691601,0.87,1,470836,470350,486
29023201,25.6116,27.8428,487,43592,0.67432,0.77,1,470862,470375,487
29026121,33.1223,26.3686,496,43640,0.686864,0.83,1,470897,470401,496
29029041,32.2245,33.2737,493,43688,0.705373,0.83,1,470929,470436,493
29031961,32.8449,33.0547,493,43736,0.741075,0.69,1,470962,470469,493
29034881,27.369,37.0109,481,43784,0.748215,0.71,1,470988,470507,481
29037801,30.2738,25.0022,490,43832,0.813643,0.69,2,471019,470529,490
29040721,34.0548,31.4004,492,43880,0.842729,0.63,2,471054,470562,492
29043641,25.211,38.2801,475,43928,0.832546,0.57,2,471077,470602,475
29046561,22.6422,27.656,472,43976,0.862509,0.57,2,471099,470627,472
29049481,28.5284,20.7312,483,44024,0.868502,0.67,2,471129,470646,483
29052401,35.3057,28.1462,490,44072,0.9017,0.65,2,471166,470676,490
29055321,67.0611,35.2292,528,44120,0.90834,0.65,2,471241,470713,528
29271401,102,102,520,22093,0.53,1,1,473690,473170,520
29274321,77.2,88.4,506,22189,0.434,0.95,1,473761,473255,506
29277241,71.44,74.48,505,22285,0.3508,0.93,1,473831,473326,505
29280161,63.888,67.696,501,22380,0.30216,0.79,1,473893,473392,501
29283081,63.9776,81.5392,480,22475,0.308432,0.87,1,473957,473477,480
29286001,27.9955,39.5078,470,22569,0.357686,0.81,1,473976,473506,470
29288921,56.7991,27.1016,510,22663,0.415537,0.75,1,474040,473530,510
29291841,89.7598,51.8203,550,22757,0.427107,0.53,1,474138,473588,550
29294761,69.952,91.9641,513,22850,0.413421,0.41,1,474203,473690,513
29297681,65.9904,75.1928,507,22943,0.458684,0.33,1,474268,473761,507
29300601,61.9981,71.0386,498,23035,0.547737,0.29,1,474329,473831,498
29303521,65.1996,63.8077,502,23127,0.597547,0.31,1,474395,473893,502
29306441,29.0399,63.9615,458,23219,0.607509,0.37,1,474415,473957,458
29309361,61.008,27.9923,508,23310,0.641502,0.43,1,474484,473976,508
29312281,90.6016,56.7985,542,23401,0.6643,0.43,1,474582,474040,542
29315201,69.3203,89.7597,508,23492,0.68486,0.41,1,474646,474138,508
29318121,68.2641,69.9519,511,23582,0.720972,0.47,1,474714,474203,511
29321041,64.8528,65.9904,510,23672,0.792194,0.57,2,474778,474268,510
29323961,67.3706,61.9981,517,23762,0.822439,0.61,2,474846,474329,517
29326881,29.4741,65.1996,471,23851,0.828488,0.61,2,474866,474395,471
29329801,62.6948,29.0399,522,23940,0.845698,0.65,2,474937,474415,522
29332721,14.139,61.008,455,24029,0.849139,0.67,2,474939,474484,455
29335641,81.2278,90.6016,455,24117,0.913828,0.69,2,475037,474582,455
29338561,68.2456,69.3203,456,24205,0.942766,0.73,2,475102,474646,456
29458281,53,36,490,27567,0.21,1,1,477464,476974,490
29461201,43.4,33.6,498,27644,0.066,1,1,477505,477007,498
29464121,58.28,63.52,489,27721,0.0132,1,1,477567,477078,489
29467041,68.456,76.704,480,27797,0.04264,1,1,477638,477158,480
29469961,47.2912,47.3408,482,27873,0.032528,0.96,1,477680,477198,482
29472881,27.0582,35.0682,472,27949,0.0145056,0.93,1,477702,477230,472
29475801,57.4116,62.2136,468,28025,0.0429011,0.74,1,477767,477299,468
29478721,35.4823,42.8427,460,28101,0.0325802,0.49,1,477797,477337,460
29481641,47.8965,67.7685,437,28176,0.030516,0.21,1,477848,477411,437
29484561,45.5793,55.9537,429,28251,0.0461032,0.03,1,477893,477464,429
29487481,36.3159,43.9907,422,28326,0.0492206,0,1,477927,477505,422
29490401,56.8632,58.3981,422,28401,0.0818441,0,1,477989,477567,422
29493321,68.9726,11.6796,494,28476,0.0723688,0.05,1,478061,477567,494
29496241,48.1945,59.1359,466,28550,0.0384738,0.03,1,478104,477638,466
29499161,26.4389,45.4272,445,28624,0.0156948,0.01,1,478125,477680,445
29502081,56.4878,26.6854,487,28698,0.043139,0.05,1,478189,477702,487
29505001,34.4976,57.3371,451,28772,0.112628,0.03,1,478218,477767,451
29507921,47.6995,35.4674,472,28846,0.0785256,0.03,1,478269,477797,472
29510841,46.3399,47.8935,467,28919,0.0717051,0.05,1,478315,477848,467
29513761,35.668,45.5787,455,28992,0.054341,0.05,1,478348,477893,455
29516681,56.7336,36.3157,483,29065,0.0508682,0.09,1,478410,477927,483
29519601,69.7467,56.8631,494,29138,0.0341736,0.07,1,478483,477989,494
29522521,48.3493,68.9726,465,29211,0.0148347,0.03,1,478526,478061,465
29525441,25.6699,48.1945,442,29283,0.0269669,0.01,1,478546,478104,442
29528361,57.934,26.4389,487,29355,0.0453934,0.05,1,478612,478125,487
29531281,35.5868,56.4878,453,29427,0.0810787,0.13,1,478642,478189,453
29534201,46.3174,34.4976,473,29499,0.136216,0.07,1,478691,478218,473
29537121,49.2635,47.6995,472,29571,0.115243,0.07,1,478741,478269,472
29540041,32.2527,46.3399,454,29643,0.111049,0.05,1,478769,478315,454
29542961,56.0505,35.668,483,29714,0.0622097,0.05,1,478831,478348,483
29545881,69.6101,56.7336,494,29785,0.0684419,0.03,1,478904,478410,494
29548801,15.522,69.7467,423,29856,0.0696884,0.01,1,478906,478483,423
29551721,37.5044,48.3493,423,29927,0.0379377,0.03,1,478949,478526,423
29554641,24.3009,25.6699,424,29998,0.00758753,0.05,1,478970,478546,424
29557561,57.6602,57.934,424,30069,0.0415175,0.09,1,479036,478612,424
29560481,37.132,35.5868,426,30139,0.0163035,0.15,1,479068,478642,426
29563401,49.0264,46.3174,429,30209,0.0592607,0.11,1,479120,478691,429
29566321,48.2053,49.2635,427,30279,0.115852,0.11,1,479168,478741,427
29569241,28.0411,32.2527,422,30349,0.12717,0.05,1,479191,478769,422
29572161,55.2082,56.0505,422,30419,0.0494341,0.07,1,479253,478831,422
29575081,70.2416,69.6101,423,30489,0.0658868,0.07,1,479327,478904,423
29578001,15.6483,15.522,423,30558,0.0851774,0.03,1,479329,478906,423
29580921,36.7297,37.5044,422,30627,0.0410355,0,1,479371,478949,422
29583841,25.7459,24.3009,424,30696,0.0162071,0.05,1,479394,478970,424
29586761,56.3492,57.6602,422,30765,0.0592414,0.01,1,479458,479036,422
29589681,36.8698,37.132,422,30834,0.0518483,0.07,1,479490,479068,422
29592601,49.774,49.0264,423,30903,0.0503697,0.13,1,479543,479120,423
29595521,51.5548,48.2053,427,30971,0.0340739,0.13,1,479595,479168,427
29598441,27.911,28.0411,426,31039,0.0308148,0.03,1,479617,479191,426
29601361,51.9822,55.2082,422,31107,0.078163,0.07,1,479675,479253,422
29604281,71.1964,70.2416,424,31175,0.0396326,0.09,1,479751,479327,424
29607201,15.8393,15.6483,424,31243,0.0319265,0.03,1,479753,479329,424
29610121,35.1679,36.7297,422,31311,0.0943853,0.03,1,479793,479371,422
29613041,24.6336,7.34593,444,31379,0.0748771,0.01,1,479815,479371,444
29615961,56.9267,19.8692,486,31446,0.0389754,0.07,1,479880,479394,486
29618881,37.7853,55.1738,455,31513,0.0317951,0.05,1,479913,479458,455
29621801,49.9571,36.6348,476,31580,0.030359,0.05,1,479966,479490,476
29624721,49.9914,49.727,473,31647,0.0460718,0.03,1,480016,479543,473
29627641,28.3983,51.5454,444,31714,0.0492144,0.03,1,480039,479595,444
29630561,52.8797,27.9091,481,31781,0.0818429,0.09,1,480098,479617,481
29633481,72.1759,51.9818,500,31848,0.0723686,0.03,1,480175,479675,500
29636401,16.0352,71.1964,426,31914,0.0704737,0.03,1,480177,479751,426
29639321,35.207,15.8393,464,31980,0.0700947,0.11,1,480217,479753,464
29642241,24.6414,35.1679,446,32046,0.0860189,0.07,1,480239,479793,446
29645161,55.3283,24.6336,487,32112,0.0412038,0.03,1,480302,479815,487
29648081,37.4657,56.9267,455,32178,0.0322408,0.03,1,480335,479880,455
29651001,49.8931,37.7853,475,32244,0.0464481,0.03,1,480388,479913,475
29653921,49.1786,49.9571,471,32310,0.0972896,0.05,1,480437,479966,471
29656841,30.6357,49.9914,447,32375,0.107458,0.05,1,480463,480016,447
29659761,54.1271,28.3983,484,32440,0.141492,0.09,1,480523,480039,484
29662681,71.6254,52.8797,501,32505,0.148298,0.07,1,480599,480098,501
29665601,15.9251,72.1759,426,32570,0.14966,0.07,1,480601,480175,426
29668521,35.185,16.0352,464,32635,0.181932,0.07,1,480641,480177,464
29671441,25.437,35.207,447,32700,0.188386,0.09,1,480664,480217,447
29674361,53.0874,24.6414,485,32765,0.141677,0.03,1,480724,480239,485
29677281,12.2175,55.3283,424,32830,0.132335,0.03,1,480726,480302,424
29680201,28.0435,37.4657,423,32894,0.146467,0.05,1,480758,480335,423
29683121,48.8087,49.8931,424,32958,0.181293,0.11,1,480812,480388,424
29686041,51.3617,49.1786,427,33022,0.204259,0.11,1,480864,480437,427
29688961,31.0723,30.6357,427,33086,0.208852,0.15,1,480890,480463,427
29691881,55.8145,54.1271,429,33150,0.25777,0.15,1,480952,480523,429
29694801,72.7629,71.6254,430,33214,0.315554,0.15,1,481029,480599,430
29697721,16.1526,15.9251,430,33278,0.327111,0.19,1,481031,480601,430
29700641,36.8305,35.185,432,33342,0.329422,0.19,1,481073,480641,432
29703561,24.9661,25.437,431,33405,0.297884,0.13,1,481095,480664,431
29706481,50.5932,53.0874,428,33468,0.387577,0.13,1,481152,480724,428
29709401,11.7186,12.2175,428,33531,0.405515,0.15,1,481154,480726,428
29712321,28.7437,28.0435,429,33594,0.409103,0.19,1,481187,480758,429
29715241,49.7487,48.8087,430,33657,0.425821,0.21,1,481242,480812,430
29718161,53.1497,51.3617,432,33720,0.477164,0.21,1,481296,480864,432
29721081,31.43,31.0723,432,33783,0.471433,0.27,1,481322,480890,432
29724001,58.286,55.8145,435,33846,0.470287,0.33,1,481387,480952,435
29726921,74.0572,72.7629,436,33908,0.454057,0.33,1,481465,481029,436
29729841,16.4114,16.1526,436,33970,0.450811,0.33,1,481467,481031,436
29732761,36.8823,36.8305,436,34032,0.466162,0.29,1,481509,481073,436
29735681,24.9765,24.9661,436,34094,0.469232,0.41,1,481531,481095,436
29738601,53.7953,50.5932,440,34156,0.533846,0.41,1,481592,481152,440
29741521,12.3591,11.7186,440,34218,0.578769,0.41,1,481594,481154,440
29744441,29.6718,2.34373,474,34280,0.571754,0.41,1,481628,481154,474
29747361,50.7344,26.8687,497,34342,0.586351,0.43,1,481684,481187,497
29750281,54.1469,49.3737,497,34404,0.58927,0.49,1,481739,481242,497
29753201,32.4294,53.0747,470,34465,0.573854,0.47,1,481766,481296,470
29756121,56.8859,31.415,507,34526,0.570771,0.47,1,481829,481322,507
29759041,72.9772,58.283,519,34587,0.586154,0.45,1,481906,481387,519
29761961,16.1954,74.0566,443,34648,0.589231,0.45,1,481908,481465,443
29764881,37.6391,16.4113,484,34709,0.605846,0.47,1,481951,481467,484
29767801,25.1278,36.8823,464,34770,0.641169,0.47,1,481973,481509,464
29770721,59.4256,24.9765,510,34831,0.680234,0.55,1,482041,481531,510
29773641,13.4851,53.7953,451,34892,0.688047,0.59,1,482043,481592,451
29776561,29.897,12.3591,483,34953,0.721609,0.57,1,482077,481594,483
29779481,52.3794,29.6718,507,35013,0.696322,0.59,1,482135,481628,507
29782401,53.6759,50.7344,505,35073,0.723264,0.59,1,482189,481684,505
29785321,31.5352,54.1469,476,35133,0.728653,0.57,1,482215,481739,476
29788241,57.507,32.4294,513,35193,0.729731,0.57,1,482279,481766,513
29791161,73.1014,56.8859,527,35253,0.809946,0.59,2,482356,481829,527
29794081,16.2203,72.9772,452,35313,0.825989,0.59,2,482358,481906,452
29797001,39.2441,16.1954,495,35373,0.829198,0.61,2,482403,481908,495
29799921,26.2488,37.6391,475,35433,0.89384,0.65,2,482426,481951,475
29802841,62.8498,25.1278,525,35493,0.842768,0.69,2,482498,481973,525
29805761,14.17,59.4256,459,35553,0.832554,0.69,2,482500,482041,459
29808681,30.034,13.4851,491,35612,0.862511,0.73,2,482534,482043,491
29811601,50.8068,29.897,513,35671,0.900502,0.69,2,482590,482077,513
29814521,11.7614,52.3794,457,35730,0.9081,0.73,2,482592,482135,457
29951761,34,30,518,38410,0.67,1,1,484482,483964,518
29954681,36.4,35.6,518,38465,0.606,1,1,484519,484001,518
29957601,33.68,33.52,518,38520,0.5612,1,1,484552,484034,518
29960521,33.936,33.904,518,38575,0.45624,1,1,484586,484068,518
29963441,31.5872,33.9808,515,38630,0.467248,1,1,484617,484102,515
29966361,35.1174,50.7962,496,38685,0.42145,1,1,484653,484157,496
29969281,64.6235,74.9592,487,38740,0.28429,1,1,484725,484238,487
29972201,36.9247,37.3918,489,38795,0.176858,1,1,484755,484266,489
29975121,29.7849,33.8784,484,38849,0.139372,0.92,1,484783,484299,484
29978041,21.157,26.7757,478,38903,0.147874,0.94,1,484802,484324,478
29980961,41.8314,50.9551,468,38957,0.149575,0.89,1,484849,484381,468
29983881,33.9663,39.791,463,39011,0.133915,0.73,1,484881,484418,463
29986801,25.1933,31.9582,456,39065,0.114783,0.67,1,484904,484448,456
29989721,31.4387,33.5916,455,39119,0.142957,0.59,1,484937,484482,455
29992641,34.2877,36.3183,453,39173,0.100591,0.55,1,484972,484519,453
29995561,30.8575,33.6637,450,39227,0.140118,0.43,1,485002,484552,450
29998481,27.7715,33.9327,443,39281,0.212024,0.47,1,485029,484586,443
30001401,28.7543,31.5865,441,39335,0.226405,0.41,1,485058,484617,441
30004321,28.9509,35.1173,434,39389,0.245281,0.25,1,485087,484653,434
30007241,61.7902,64.6235,432,39443,0.313056,0.15,1,485157,484725,432
30010161,35.558,36.9247,431,39497,0.342611,0.13,1,485186,484755,431
30013081,24.7116,29.7849,425,39550,0.348522,0.15,1,485208,484783,425
30016001,21.7423,21.157,427,39603,0.333704,0.15,1,485229,484802,427
30018921,42.7485,41.8314,428,39656,0.362741,0.13,1,485277,484849,428
30021841,32.5497,33.9663,426,39709,0.368548,0.11,1,485307,484881,426
30024761,24.1099,25.1933,425,39762,0.36971,0.15,1,485329,484904,425
30027681,34.422,31.4387,429,39815,0.353942,0.09,1,485366,484937,429
30030601,33.2844,34.2877,427,39868,0.398788,0.15,1,485399,484972,427
30033521,33.8569,30.8575,431,39921,0.423758,0.23,1,485433,485002,431
30036441,28.3714,27.7715,431,39974,0.460752,0.23,1,485460,485029,431
30039361,30.4743,28.7543,433,40027,0.46815,0.25,1,485491,485058,433
30042281,30.0949,28.9509,434,40080,0.46963,0.25,1,485521,485087,434
30045201,62.819,5.79017,505,40133,0.485926,0.33,1,485592,485087,505
30048121,38.1638,57.158,467,40186,0.505185,0.35,1,485624,485157,467
30051041,23.6328,34.6316,458,40239,0.509037,0.35,1,485644,485186,458
30053961,23.1266,24.5263,459,40291,0.509807,0.33,1,485667,485208,459
30056881,43.8253,21.7053,487,40343,0.509961,0.37,1,485716,485229,487
30059801,32.7651,42.7411,469,40395,0.525992,0.37,1,485746,485277,469
30062721,24.153,32.5482,461,40447,0.545198,0.37,1,485768,485307,461
30065641,34.4306,24.1096,476,40499,0.53304,0.35,1,485805,485329,476
30068561,34.0861,34.4219,473,40551,0.578608,0.41,1,485839,485366,473
30071481,34.8172,33.2844,475,40603,0.571722,0.43,1,485874,485399,475
30074401,29.3634,33.8569,469,40655,0.554344,0.47,1,485902,485433,469
30077321,32.2727,28.3714,475,40707,0.550869,0.47,1,485935,485460,475
30080241,31.2545,30.4743,475,40759,0.550174,0.47,1,485966,485491,475
30083161,63.8509,30.0949,517,40811,0.518035,0.49,1,486038,485521,517
30086081,38.3702,62.819,478,40863,0.511607,0.51,1,486070,485592,478
30089001,23.674,38.1638,466,40915,0.526321,0.51,1,486090,485624,466
30091921,23.1348,23.6328,469,40967,0.513264,0.51,1,486113,485644,469
30094841,44.627,23.1266,496,41019,0.510653,0.51,1,486163,485667,496
30097761,32.9254,43.8253,477,41070,0.494131,0.53,1,486193,485716,477
30100681,24.9851,32.7651,470,41121,0.506826,0.55,1,486216,485746,470
30103601,33.797,24.153,484,41172,0.509365,0.53,1,486252,485768,484
30106521,34.7594,34.4306,482,41223,0.557873,0.59,1,486287,485805,482
30109441,34.1519,34.0861,482,41274,0.599575,0.57,1,486321,485839,482
30112361,30.8304,34.8172,477,41325,0.607915,0.55,1,486351,485874,477
30115281,31.7661,29.3634,481,41376,0.609583,0.55,1,486383,485902,481
30118201,31.1532,32.2727,479,41427,0.609917,0.55,1,486414,485935,479
30121121,62.2306,31.2545,518,41478,0.641983,0.51,1,486484,485966,518
30124041,38.0461,63.8509,478,41529,0.664397,0.51,1,486516,486038,478
30126961,9.20923,38.3702,448,41580,0.668879,0.53,1,486518,486070,448
30129881,17.8418,23.674,448,41631,0.701776,0.51,1,486538,486090,448
30132801,21.1684,23.1348,447,41682,0.708355,0.51,1,486560,486113,447
30135721,43.4337,44.627,446,41733,0.725671,0.49,1,486609,486163,446
30138641,32.6867,32.9254,446,41784,0.777134,0.51,2,486639,486193,446
30141561,25.7373,24.9851,447,41835,0.787427,0.51,2,486663,486216,447
30144481,33.9475,33.797,447,41885,0.805485,0.57,2,486699,486252,447
30147401,37.1895,34.7594,450,41935,0.809097,0.61,2,486737,486287,450
30150321,36.2379,34.1519,452,41985,0.825819,0.61,2,486773,486321,452
30153241,31.2476,30.8304,452,42035,0.845164,0.61,2,486803,486351,452
30156161,32.6495,31.7661,453,42085,0.897033,0.61,2,486836,486383,453
30427721,113,112,479,22247,0.81,0.97,2,490421,489942,479
30430641,105.8,106.4,478,22342,0.874,1,2,490525,490047,478
30433561,40.36,42.88,475,22437,0.8868,1,2,490549,490074,475
30436481,19.272,23.776,470,22532,0.92136,1,2,490563,490093,470
30439401,30.2544,4.7552,503,22626,0.880272,0.99,2,490596,490093,503
30442321,81.2509,28.151,563,22720,0.904054,0.9,2,490690,490127,563
30521161,30,29,489,25117,0.33,1,1,492473,491984,489
30524081,19.6,26.6,480,25201,0.346,1,1,492490,492010,480
30527001,41.52,30.12,496,25285,0.1572,1,1,492537,492041,496
30529921,37.104,26.824,506,25369,0.05544,1,1,492573,492067,506
30532841,45.0208,54.9648,491,25453,0.035088,1,1,492620,492129,491
30535761,64.2042,10.993,560,25536,0.0470176,1,1,492689,492129,560
30538681,100.841,75.7986,578,25619,0.0334035,0.89,1,492799,492221,578
30541601,94.5682,108.76,554,25702,0.0626807,0.49,1,492892,492338,554
30544521,35.7136,105.752,470,25784,0.0685361,0.33,1,492913,492443,470
30547441,14.3427,45.1504,449,25866,0.0857072,0.35,1,492922,492473,449
30550361,31.6685,22.6301,468,25948,0.0571414,0.11,1,492958,492490,468
30553281,35.1337,42.126,457,26030,0.0194283,0.03,1,492994,492537,457
30556201,44.6267,37.2252,468,26111,0.0278857,0.03,1,493041,492573,468
30559121,65.7253,45.045,492,26192,0.0615771,0.05,1,493112,492620,492
30562041,101.145,64.209,533,26273,0.0683154,0.03,1,493222,492689,533
30564961,93.829,100.842,515,26354,0.0696631,0.07,1,493314,492799,515
30567881,37.9658,94.5684,446,26434,0.0699326,0.07,1,493338,492892,446
30570801,12.3932,35.7137,431,26514,0.0699865,0.09,1,493344,492913,431
30573721,30.4786,14.3427,457,26594,0.0859973,0.05,1,493379,492922,457
30576641,34.8957,31.6685,457,26674,0.0571995,0.01,1,493415,492958,457
30579561,46.1791,35.1337,470,26753,0.0674399,0.03,1,493464,492994,470
30582481,66.8358,44.6267,495,26832,0.069488,0.07,1,493536,493041,495
30585401,102.167,65.7253,535,26911,0.101898,0.07,1,493647,493112,535
30588321,22.0334,101.145,427,26990,0.0763795,0.07,1,493649,493222,427
30591241,78.0067,93.829,427,27068,0.103276,0.07,1,493741,493314,427
30594161,31.6013,37.9658,423,27146,0.156655,0.07,1,493761,493338,423
30597081,11.9203,12.3932,424,27224,0.151331,0.09,1,493768,493344,424
30600001,31.9841,30.4786,426,27302,0.118266,0.05,1,493805,493379,426
30602921,31.9968,34.8957,422,27380,0.111653,0.07,1,493837,493415,422
30605841,47.9994,46.1791,425,27457,0.0783306,0.07,1,493889,493464,425
30608761,67.1999,66.8358,425,27534,0.135666,0.11,1,493961,493536,425
30611681,102.24,102.167,425,27611,0.115133,0.07,1,494072,493647,425
30614601,22.048,22.0334,425,27688,0.0790266,0.11,1,494074,493649,425
30617521,80.4096,78.0067,428,27764,0.135805,0.17,1,494169,493741,428
30620441,32.0819,31.6013,428,27840,0.115161,0.15,1,494189,493761,428
30623361,11.2164,11.9203,427,27916,0.111032,0.11,1,494195,493768,427
30626281,31.8433,31.9841,427,27992,0.142206,0.11,1,494232,493805,427
30629201,31.9687,31.9968,427,28068,0.116441,0.07,1,494264,493837,427
30632121,47.1937,47.9994,426,28143,0.159288,0.15,1,494315,493889,426
30635041,67.8387,67.1999,427,28218,0.151858,0.11,1,494388,493961,427
30637961,100.768,102.24,425,28293,0.198372,0.07,1,494497,494072,425
30640881,21.7535,22.048,425,28368,0.239674,0.07,1,494499,494074,425
30643801,81.1507,4.4096,521,28443,0.295935,0.15,1,494595,494074,521
30646721,32.2301,76.8819,446,28517,0.307187,0.11,1,494615,494169,446
30649641,11.246,31.3764,432,28591,0.325437,0.11,1,494621,494189,432
30652561,31.8492,11.0753,463,28665,0.313087,0.15,1,494658,494195,463
30655481,32.7698,31.8151,459,28739,0.358618,0.11,1,494691,494232,459
30658401,47.354,31.963,478,28813,0.399723,0.17,1,494742,494264,478
30661321,68.6708,47.1926,501,28886,0.423945,0.15,1,494816,494315,501
30664241,103.334,67.8385,540,28959,0.492789,0.21,1,494928,494388,540
30667161,22.2668,100.768,433,29032,0.506558,0.25,1,494930,494497,433
30670081,85.2534,21.7535,532,29105,0.621312,0.31,1,495031,494499,532
30673001,33.8507,81.1507,457,29178,0.628262,0.31,1,495052,494595,457
30675921,11.5701,32.2301,443,29251,0.629653,0.33,1,495058,494615,443
30678841,31.114,11.246,473,29323,0.64593,0.31,1,495094,494621,473
30681761,35.0228,31.8492,472,29395,0.681186,0.37,1,495130,494658,472
30684681,49.4046,32.7698,492,29467,0.736237,0.41,1,495183,494691,492
30687601,70.6809,47.354,517,29539,0.715247,0.43,1,495259,494742,517
30690521,106.936,68.6708,559,29611,0.791049,0.51,2,495375,494816,559
30693441,22.9872,103.334,449,29682,0.77421,0.51,2,495377,494928,449
30696361,90.1974,22.2668,554,29753,0.786842,0.65,2,495484,494930,554
30699281,34.0395,85.2534,473,29824,0.789368,0.63,2,495504,495031,473
30702201,8.4079,33.8507,454,29895,0.789874,0.63,2,495506,495052,454
30705121,6.48158,11.5701,454,29966,0.805975,0.65,2,495512,495058,454
30708041,30.0963,31.114,454,30037,0.809195,0.69,2,495548,495094,454
30710961,37.2193,35.0228,457,30107,0.841839,0.75,2,495587,495130,457
30713881,51.4439,49.4046,459,30177,0.880368,0.71,2,495642,495183,459
30716801,70.2888,70.6809,458,30247,0.904074,0.81,2,495717,495259,458
30719721,110.058,106.936,462,30317,0.892815,0.77,2,495837,495375,462
30722641,23.6115,22.9872,462,30387,0.890563,0.79,2,495839,495377,462
30725561,89.5223,90.1974,461,30457,0.874113,0.79,2,495945,495484,461
30728481,34.7045,34.0395,462,30526,0.902823,0.79,2,495966,495504,462
30731401,8.54089,8.4079,462,30595,0.908565,0.81,2,495968,495506,462
30734321,6.50818,6.48158,462,30664,0.925713,0.81,2,495974,495512,462
30865721,94,205,483,14890,0.07,0.11,1,498294,497811,483
30868641,90.8,122.6,471,15033,0.086,0.01,1,498384,497913,471
30871561,27.76,70.92,425,15174,0.0572,0.05,1,498396,497971,425
30874481,28.752,22.184,444,15314,0.03544,0.03,1,498425,497981,444
30877401,164.15,179.637,423,15453,0.031088,0.07,1,498623,498200,423
30880321,109.63,111.127,425,15590,0.110218,0.09,1,498719,498294,425
30883241,91.526,94.2255,422,15726,0.158044,0.05,1,498806,498384,422
30886161,27.9052,28.4451,422,15861,0.167609,0.03,1,498818,498396,422
30889081,28.781,28.889,422,15995,0.169522,0.03,1,498847,498425,422
30892001,164.956,164.178,423,16128,0.0419043,0.13,1,499046,498623,423
30894921,112.991,109.636,427,16260,0.0483809,0.17,1,499146,498719,427
30897841,94.5982,91.5271,430,16391,0.0976762,0.17,1,499236,498806,430
30900761,28.5196,27.9054,430,16521,0.139535,0.17,1,499248,498818,430
30903681,27.3039,28.7811,428,16650,0.131907,0.17,1,499275,498847,428
30906601,159.861,5.75622,621,16778,0.146381,0.01,1,499468,498847,621
30909521,112.772,160.351,523,16905,0.149276,0.05,1,499569,499046,523
30912441,96.9544,112.07,516,17031,0.197855,0.11,1,499662,499146,516
30915361,28.9909,94.414,438,17156,0.207571,0.15,1,499674,499236,438
30918281,28.1982,28.4828,454,17280,0.209514,0.13,1,499702,499248,454
30921201,160.84,27.2966,621,17403,0.241903,0.15,1,499896,499275,621
30924121,114.568,159.859,531,17525,0.264381,0.15,1,499999,499468,531
30927041,98.1136,112.772,524,17646,0.284876,0.21,1,500093,499569,524
30929961,29.2227,96.9544,443,17766,0.288975,0.21,1,500105,499662,443
30932881,28.2445,28.9909,459,17885,0.305795,0.21,1,500133,499674,459
30935801,162.449,28.1982,627,18004,0.357159,0.25,1,500329,499702,627
30938721,34.0898,160.84,435,18122,0.367432,0.27,1,500331,499896,435
30941641,89.218,114.568,435,18239,0.401486,0.29,1,500434,499999,435
30944561,93.8436,98.1136,436,18355,0.472297,0.29,1,500529,500093,436
30947481,28.3687,29.2227,436,18471,0.486459,0.31,1,500541,500105,436
30950401,28.8737,28.2445,437,18586,0.569292,0.37,1,500570,500133,437
30953321,164.975,162.449,440,18700,0.649858,0.37,1,500769,500329,440
30956241,34.5949,34.0898,440,18813,0.697972,0.41,1,500771,500331,440
30959161,90.919,89.218,442,18926,0.691594,0.49,1,500876,500434,442
30962081,97.3838,93.8436,446,19038,0.738319,0.49,1,500975,500529,446
30965001,29.8768,28.3687,447,19149,0.731664,0.59,1,500988,500541,447
30967921,30.7754,28.8737,449,19260,0.746333,0.67,1,501019,500570,449
30970841,170.155,164.975,455,19370,0.813267,0.71,2,501224,500769,455
30973761,35.631,34.5949,455,19480,0.794653,0.69,2,501226,500771,455
30976681,91.9262,90.919,456,19589,0.918931,0.69,2,501332,500876,456
31074501,75,30,559,22985,0.37,1,1,503700,503141,559
31077421,98.2,74,578,23077,0.29,1,1,503804,503226,578
31080341,56.44,104.4,512,23169,0.226,1,1,503850,503338,512
31083261,30.488,52.08,497,23261,0.1972,1,1,503874,503377,497
31086181,26.0976,31.216,496,23352,0.14344,1,1,503899,503403,496
31089101,108.42,27.0432,599,23443,0.068688,0.73,1,504028,503429,599
31092021,55.2839,123.009,494,23533,0.0537376,0.61,1,504070,503576,494
31094941,68.6568,63.8017,517,23623,0.0987475,0.37,1,504142,503625,517
31097861,88.9314,72.7603,536,23713,0.0917495,0.27,1,504236,503700,536
31100781,53.7863,97.7521,477,23802,0.15435,0.21,1,504281,503804,477
31103701,29.1573,56.3504,454,23891,0.19887,0.19,1,504304,503850,454
31106621,24.2314,30.4701,453,23980,0.239774,0.13,1,504327,503874,453
31109541,6.44629,26.094,430,24068,0.215955,0.05,1,504329,503899,430
31112461,99.6893,108.419,424,24156,0.307191,0.05,1,504452,504028,424
31115381,54.3379,55.2838,425,24244,0.357438,0.11,1,504495,504070,425
31118301,70.0676,68.6568,427,24331,0.431488,0.09,1,504569,504142,427
31121221,90.8135,88.9314,429,24418,0.462298,0.17,1,504665,504236,429
31124141,54.9627,53.7863,430,24505,0.484459,0.21,1,504711,504281,430
31127061,31.7925,29.1573,433,24591,0.488892,0.25,1,504737,504304,433
31129981,24.7585,24.2314,433,24677,0.473778,0.21,1,504760,504327,433
31132901,6.5517,6.44629,433,24763,0.470756,0.33,1,504762,504329,433
31135821,102.11,99.6893,436,24849,0.454151,0.37,1,504888,504452,436
31138741,58.8221,54.3379,441,24934,0.46683,0.45,1,504936,504495,441
31141661,71.7644,70.0676,442,25019,0.501366,0.47,1,505011,504569,442
31144581,94.3529,90.8135,446,25104,0.588273,0.49,1,505111,504665,446
31147501,54.0706,54.9627,444,25188,0.621655,0.49,1,505155,504711,444
31150421,31.6141,31.7925,444,25272,0.612331,0.47,1,505181,504737,444
31153341,23.9228,24.7585,443,25356,0.626466,0.47,1,505203,504760,443
31156261,6.38456,6.5517,443,25440,0.629293,0.47,1,505205,504762,443
31159181,101.277,1.31034,568,25523,0.661859,0.45,1,505330,504762,568
31162101,60.2554,101.062,492,25606,0.732372,0.47,1,505380,504888,492
31165021,73.6511,58.6124,521,25689,0.810474,0.51,2,505457,504936,521
31167941,97.1302,71.7225,549,25771,0.794095,0.61,2,505560,505011,549
31170861,55.426,94.3445,494,25853,0.774819,0.63,2,505605,505111,494
31173781,32.6852,54.0689,477,25935,0.786964,0.61,2,505632,505155,477
31176701,25.737,31.6138,475,26017,0.789393,0.63,2,505656,505181,475
31179621,6.74741,23.9228,455,26098,0.821879,0.63,2,505658,505203,455
31182541,103.749,6.38455,581,26179,0.844376,0.67,2,505786,505205,581
31185461,63.1499,101.277,509,26260,0.832875,0.75,2,505839,505330,509
31188381,76.63,60.2554,539,26341,0.862575,0.83,2,505919,505380,539
31191301,96.126,73.6511,563,26421,0.884515,0.79,2,506020,505457,563
31194221,54.4252,97.1302,504,26501,0.888903,0.77,2,506064,505560,504
31197141,33.285,55.426,487,26581,0.889781,0.79,2,506092,505605,487
31200061,25.857,32.6852,484,26661,0.905956,0.79,2,506116,505632,484
31202981,6.7714,25.737,462,26740,0.909191,0.83,2,506118,505656,462
31302261,37,34,516,29313,0.65,1,1,507988,507472,516
31305181,30.6,41.2,502,29385,0.538,1,1,508017,507515,502
31308101,33.32,34.64,503,29457,0.4516,1,1,508051,507548,503
31311021,82.664,31.728,567,29529,0.21032,1,1,508146,507579,567
31313941,60.5328,79.9456,530,29601,0.042064,1,1,508201,507671,530
31316861,36.9066,62.3891,503,29673,0.0084128,1,1,508232,507729,503
31319781,40.1813,37.2778,513,29744,0.0896826,1,1,508273,507760,513
31322701,88.0363,44.2556,567,29815,0.0259365,0.79,1,508373,507806,567
31325621,19.2073,93.6511,463,29886,0.0131873,0.71,1,508375,507912,463
31328541,31.8415,49.9302,459,29957,0.0266375,0.65,1,508410,507951,459
31331461,31.9683,39.586,454,30028,0.0133275,0.51,1,508442,507988,454
31334381,23.1937,31.1172,446,30098,0.0106655,0.43,1,508463,508017,446
31337301,24.6387,33.4234,437,30168,0.0261331,0.15,1,508488,508051,437
31340221,68.9277,82.6847,422,30238,0.0132266,0,1,508568,508146,422
31343141,63.3856,60.5369,429,30308,0.0106453,0,1,508630,508201,429
31346061,33.4771,36.9074,424,30378,0.0421291,0.11,1,508656,508232,424
31348981,38.6954,40.1815,423,30448,0.0484258,0.01,1,508696,508273,423
31351901,87.7391,88.0363,423,30518,0.0336852,0.01,1,508796,508373,423
31354821,19.1478,19.2073,423,30587,0.030737,0.03,1,508798,508375,423
31357741,31.0296,31.8415,422,30656,0.0621474,0.01,1,508832,508410,422
31360661,31.8059,31.9683,422,30725,0.0364295,0.01,1,508864,508442,422
31363581,23.1612,23.1937,422,30794,0.0632859,0.03,1,508885,508463,422
31366501,24.6322,24.6387,422,30863,0.0206572,0.01,1,508910,508488,422
31369421,69.7265,68.9277,423,30932,0.0601314,0.01,1,508991,508568,423
31372341,62.7453,63.3856,422,31000,0.0360263,0.05,1,509052,508630,422
31375261,34.9491,33.4771,424,31068,0.0312053,0.05,1,509080,508656,424
31378181,37.3898,38.6954,422,31136,0.0302411,0.03,1,509118,508696,422
31381101,87.478,87.7391,422,31204,0.0620482,0.03,1,509218,508796,422
31384021,19.0956,19.1478,422,31272,0.0684096,0.07,1,509220,508798,422
31386941,31.8191,31.0296,423,31340,0.0376819,0.07,1,509255,508832,423
31389861,30.3638,6.20591,453,31408,0.0635364,0.03,1,509285,508832,453
31392781,22.8728,26.8412,442,31475,0.0527073,0.07,1,509306,508864,442
31395701,24.5746,22.1682,446,31542,0.0505415,0.01,1,509331,508885,446
31398621,72.1149,24.4336,505,31609,0.0501083,0.07,1,509415,508910,505
31401541,60.823,69.6867,482,31676,0.0180217,0.03,1,509473,508991,482
31404461,34.5646,62.7373,449,31743,0.0116043,0.03,1,509501,509052,449
31407381,37.3129,34.9475,459,31810,0.0423209,0.03,1,509539,509080,459
31410301,88.2626,37.3895,522,31877,0.0324642,0.07,1,509640,509118,522
31413221,19.2525,87.4779,424,31943,0.0304928,0.07,1,509642,509218,424
31416141,32.6505,19.0956,458,32009,0.0460986,0.03,1,509678,509220,458
31419061,31.3301,31.8191,454,32075,0.0492197,0.07,1,509709,509255,454
31421981,22.266,30.3638,444,32141,0.0658439,0.05,1,509729,509285,444
31424901,22.8532,22.8728,446,32207,0.0531688,0.05,1,509752,509306,446
31427821,74.1706,24.5746,508,32273,0.0186338,0.05,1,509839,509331,508
31430741,58.8341,72.1149,479,32339,0.0277268,0.01,1,509894,509415,479
31433661,34.9668,60.823,450,32404,0.0135454,0.01,1,509923,509473,450
31436581,36.5934,34.5646,459,32469,0.0267091,0.05,1,509960,509501,459
31439501,88.9187,37.3129,523,32534,0.0933418,0.03,1,510062,509539,523
31442421,19.3837,88.2626,424,32599,0.106668,0.03,1,510064,509640,424
31445341,33.4767,19.2525,459,32664,0.0933337,0.05,1,510101,509642,459
31448261,31.4954,32.6505,454,32729,0.0746667,0.05,1,510132,509678,454
31451181,7.89907,31.3301,425,32794,0.0709333,0.07,1,510134,509709,425
31454101,17.5798,22.266,425,32858,0.0861867,0.05,1,510154,509729,425
31457021,20.316,22.8532,423,32922,0.105237,0.01,1,510175,509752,423
31459941,72.8632,74.1706,422,32986,0.0770475,0.03,1,510261,509839,422
31462861,59.3726,58.8341,423,33050,0.0714095,0.01,1,510317,509894,423
31465781,35.0745,34.9668,423,33114,0.0382819,0.03,1,510346,509923,423
31468701,36.6149,36.5934,423,33178,0.00765638,0.11,1,510383,509960,423
31471621,92.123,88.9187,427,33242,0.0895313,0.11,1,510489,510062,427
31474541,20.0246,19.3837,427,33306,0.105906,0.09,1,510491,510064,427
31477461,32.8049,33.4767,426,33370,0.109181,0.07,1,510527,510101,426
31480381,31.361,31.4954,426,33433,0.0938362,0.07,1,510558,510132,426
31483301,7.8722,7.89907,426,33496,0.0907672,0.09,1,510560,510134,426
31486221,17.5744,17.5798,426,33559,0.0901535,0.11,1,510580,510154,426
31489141,19.5149,20.316,425,33622,0.106031,0.07,1,510600,510175,425
31492061,72.703,72.8632,425,33685,0.109206,0.07,1,510686,510261,425
31494981,57.7406,59.3726,423,33748,0.109841,0.03,1,510740,510317,423
31497901,34.7481,35.0745,423,33811,0.125968,0,1,510769,510346,423
31500821,35.7496,36.6149,422,33874,0.0971937,0.11,1,510805,510383,422
31503741,94.3499,92.123,425,33936,0.123439,0.11,1,510914,510489,425
31506661,20.47,20.0246,425,33998,0.128688,0.11,1,510916,510491,425
31509581,32.894,32.8049,425,34060,0.129738,0.09,1,510952,510527,425
31512501,30.5788,31.361,424,34122,0.177948,0.09,1,510982,510558,424
31515421,7.71576,7.8722,424,34184,0.187589,0.09,1,510984,510560,424
31518341,17.5432,17.5744,424,34246,0.189518,0.09,1,511004,510580,424
31521261,19.5086,3.51489,444,34308,0.157904,0.11,1,511024,510580,444
31524181,73.5017,16.703,511,34370,0.215581,0.11,1,511111,510600,511
31527101,58.7003,72.1406,480,34432,0.259116,0.11,1,511166,510686,480
31530021,35.7401,57.6281,456,34493,0.299823,0.13,1,511196,510740,456
31532941,31.948,34.7256,458,34554,0.307965,0.09,1,511227,510769,458
31535861,95.9896,35.7451,534,34615,0.309593,0.13,1,511339,510805,534
31538781,20.7979,94.349,427,34676,0.309919,0.13,1,511341,510914,427
31541701,34.5596,20.4698,463,34737,0.325984,0.13,1,511379,510916,463
31544621,31.7119,32.894,458,34798,0.345197,0.19,1,511410,510952,458
31547541,7.94238,30.5788,430,34859,0.349039,0.19,1,511412,510982,430
31550461,17.5885,7.71576,448,34920,0.349808,0.19,1,511432,510984,448
31553381,20.3177,17.5432,449,34981,0.333962,0.15,1,511453,511004,449
31556301,76.0635,19.5086,519,35041,0.378792,0.23,1,511543,511024,519
31559221,60.8127,73.5017,489,35101,0.387758,0.27,1,511600,511111,489
31562141,37.7625,58.7003,466,35161,0.421552,0.31,1,511632,511166,466
31565061,32.3525,35.7401,467,35221,0.41231,0.31,1,511663,511196,467
31567981,96.8705,31.948,549,35281,0.442462,0.31,1,511776,511227,549
31570901,20.9741,95.9896,439,35341,0.448492,0.31,1,511778,511339,439
31573821,34.5948,20.7979,475,35401,0.497698,0.33,1,511816,511341,475
31576741,32.519,34.5596,469,35461,0.52354,0.35,1,511848,511379,469
31579661,8.10379,31.7119,440,35521,0.528708,0.35,1,511850,511410,440
31582581,17.6208,7.94238,458,35581,0.545742,0.35,1,511870,511412,458
31585501,21.1242,17.5885,460,35640,0.549148,0.33,1,511892,511432,460
31588421,5.82483,20.3177,441,35699,0.54983,0.39,1,511894,511453,441
31591341,73.965,76.0635,442,35758,0.613966,0.39,1,511985,511543,442
31594261,59.593,60.8127,441,35817,0.658793,0.43,1,512041,511600,441
31597181,39.1186,37.7625,443,35876,0.635759,0.41,1,512075,511632,443
31600101,31.8237,32.3525,442,35935,0.631152,0.45,1,512105,511663,442
31603021,99.9647,96.8705,446,35994,0.64623,0.45,1,512222,511776,446
31605941,21.5929,20.9741,446,36053,0.617246,0.51,1,512224,511778,446
31608861,35.5186,34.5948,447,36112,0.643449,0.53,1,512263,511816,447
31611781,33.5037,32.519,448,36171,0.60069,0.53,1,512296,511848,448
31614701,8.30074,8.10379,448,36229,0.592138,0.55,1,512298,511850,448
31617621,18.4601,17.6208,449,36287,0.638428,0.55,1,512319,511870,449
31620541,22.092,21.1242,450,36345,0.631685,0.55,1,512342,511892,450
31623461,6.01841,5.82483,450,36403,0.630337,0.63,1,512344,511894,450
31626381,74.8037,73.965,451,36461,0.662067,0.67,1,512436,511985,451
31629301,61.3607,59.593,453,36519,0.684413,0.63,1,512494,512041,453
31632221,37.8721,39.1186,451,36577,0.656883,0.63,1,512526,512075,451
31635141,32.3744,31.8237,452,36635,0.683377,0.65,1,512557,512105,452
31638061,100.875,99.9647,453,36693,0.768675,0.61,2,512675,512222,453
31640981,21.775,21.5929,453,36751,0.785735,0.65,2,512677,512224,453
31643901,34.755,35.5186,452,36809,0.789147,0.59,2,512715,512263,452
31646821,33.351,33.5037,452,36866,0.789829,0.59,2,512748,512296,452
31649741,8.2702,8.30074,452,36923,0.789966,0.65,2,512750,512298,452
31652661,18.454,18.4601,452,36980,0.821993,0.63,2,512771,512319,452
31655581,21.2908,22.092,451,37037,0.844399,0.63,2,512793,512342,451
31658501,5.85816,6.01841,451,37094,0.84888,0.67,2,512795,512344,451
31661421,76.3716,74.8037,453,37151,0.929776,0.67,2,512889,512436,453
31664341,61.6743,14.9607,511,37208,0.913955,0.69,2,512947,512436,511
31667261,37.9349,49.3921,485,37265,0.926791,0.65,2,512979,512494,485
31807421,32,50,487,39895,0.75,1,2,514795,514308,487
31810341,61.6,58.8,495,39948,0.558,1,1,514864,514369,495
31813261,40.32,39.76,495,40001,0.4556,1,1,514899,514404,495
31816181,33.664,32.752,496,40054,0.35512,1,1,514931,514435,496
31819101,29.9328,25.7504,501,40107,0.255024,1,1,514960,514459,501
31822021,71.5866,5.15008,583,40160,0.0910048,1,1,515042,514459,583
31824941,39.9173,90.63,503,40213,0.042201,1,1,515074,514571,503
31827861,32.7835,42.126,504,40266,0.0324402,1,1,515105,514601,504
31830781,31.3567,28.4252,510,40318,0.046488,1,1,515136,514626,510
31833701,24.6713,34.485,497,40370,0.0812976,1,1,515159,514662,497
31836621,13.7343,27.697,482,40422,0.0722595,1,1,515170,514688,482
31839541,21.9469,15.9394,493,40474,0.0144519,0.95,1,515194,514701,493
31842461,27.5894,27.1879,492,40526,0.0908904,0.91,1,515223,514731,492
31845381,23.9179,31.0376,483,40578,0.0901781,0.75,1,515246,514763,483
31848301,52.7836,31.8075,511,40630,0.122036,0.51,1,515306,514795,511
31851221,36.1567,61.5615,474,40682,0.128407,0.43,1,515338,514864,474
31854141,30.4313,40.3123,468,40734,0.113681,0.33,1,515367,514899,468
31857061,26.0863,33.6625,461,40786,0.158736,0.23,1,515392,514931,461
31859981,65.2173,29.9325,507,40838,0.199747,0.05,1,515467,514960,507
31862901,37.0434,71.5865,455,40890,0.127949,0.03,1,515497,515042,455
31865821,30.6087,39.9173,452,40942,0.12959,0.03,1,515526,515074,452
31868741,34.9217,32.7835,457,40994,0.025918,0.05,1,515562,515105,457
31871661,22.9843,31.3567,446,41045,0.0771836,0.09,1,515582,515136,446
31874581,12.5969,24.6713,433,41096,0.0874367,0.07,1,515592,515159,433
31877501,23.3194,13.7343,448,41147,0.0734873,0,1,515618,515170,448
31880421,30.2639,21.9469,456,41198,0.0866975,0.11,1,515650,515194,456
31883341,22.8528,27.5894,448,41249,0.0893395,0.09,1,515671,515223,448
31886261,53.3706,23.9179,486,41300,0.0898679,0.13,1,515732,515246,486
31889181,38.6741,52.7836,461,41351,0.169974,0.13,1,515767,515306,461
31892101,30.1348,36.1567,457,41402,0.185995,0.11,1,515795,515338,457
31895021,26.827,30.4313,454,41453,0.189199,0.17,1,515821,515367,454
31897941,65.3654,26.0863,504,41504,0.20584,0.21,1,515896,515392,504
31900861,14.6731,65.2173,431,41555,0.209168,0.11,1,515898,515467,431
31903781,25.3346,37.0434,429,41606,0.225834,0.13,1,515926,515497,429
31906701,26.6669,30.6087,427,41657,0.245167,0,1,515953,515526,427
31909621,30.9334,34.9217,423,41708,0.217033,0.09,1,515985,515562,423
31912541,24.5867,22.9843,426,41759,0.179407,0.09,1,516008,515582,426
31915461,13.7173,12.5969,427,41810,0.203881,0.07,1,516019,515592,427
31918381,21.9435,23.3194,425,41860,0.208776,0.09,1,516043,515618,425
31921301,30.7887,30.2639,426,41910,0.241755,0.09,1,516076,515650,426
31924221,22.9577,22.8528,426,41960,0.232351,0.09,1,516097,515671,426
31927141,55.7915,53.3706,429,42010,0.21447,0.19,1,516161,515732,429
31930061,40.7583,38.6741,431,42060,0.162894,0.19,1,516198,515767,431
31932981,30.5517,30.1348,431,42110,0.168579,0.19,1,516226,515795,431
31935901,26.9103,26.827,431,42160,0.217716,0.21,1,516252,515821,431
31938821,66.1821,65.3654,432,42210,0.195543,0.21,1,516328,515896,432
31941741,14.8364,14.6731,432,42260,0.223109,0.23,1,516330,515898,432
31944661,26.1673,25.3346,433,42310,0.244622,0.25,1,516359,515926,433
31947581,26.0335,26.6669,432,42360,0.248924,0.21,1,516385,515953,432
31950501,30.0067,30.9334,431,42410,0.265785,0.17,1,516416,515985,431
31953421,24.4013,24.5867,431,42460,0.285157,0.21,1,516439,516008,431
31956341,12.8803,13.7173,430,42510,0.305031,0.21,1,516449,516019,430
31959261,22.5761,21.9435,431,42560,0.341006,0.25,1,516474,516043,431
31962181,31.7152,30.7887,432,42610,0.380201,0.23,1,516508,516076,432
31965101,22.343,22.9577,431,42660,0.37204,0.21,1,516528,516097,431
31968021,54.8686,55.7915,430,42709,0.434408,0.15,1,516591,516161,430
31970941,39.7737,40.7583,429,42758,0.446882,0.17,1,516627,516198,429
31973861,31.1547,30.5517,430,42807,0.433376,0.23,1,516656,516226,430
31976781,27.8309,26.9103,431,42856,0.462675,0.19,1,516683,516252,431
31979701,66.3662,66.1821,431,42905,0.516535,0.23,1,516759,516328,431
31982621,14.8732,14.8364,431,42954,0.495307,0.25,1,516761,516330,431
31985541,26.9746,26.1673,432,43003,0.523061,0.25,1,516791,516359,432
31988461,26.9949,5.23346,459,43052,0.512612,0.25,1,516818,516359,459
31991381,30.999,21.8467,465,43101,0.510522,0.27,1,516850,516385,465
31994301,26.1998,29.1693,459,43150,0.542104,0.29,1,516875,516416,459
31997221,13.24,24.2339,446,43199,0.548421,0.31,1,516885,516439,446
32000141,24.248,12.8468,463,43248,0.581684,0.35,1,516912,516449,463
32003061,32.0496,22.5694,472,43297,0.620337,0.39,1,516946,516474,472
32005981,23.2099,31.7139,459,43346,0.644067,0.37,1,516967,516508,459
32008901,56.642,22.3428,504,43395,0.680813,0.45,1,517032,516528,504
32011821,41.7284,54.8686,479,43444,0.704163,0.45,1,517070,516591,479
32014741,30.7457,39.7737,471,43493,0.740833,0.43,1,517098,516627,471
32017661,29.3491,31.1547,471,43542,0.764166,0.47,2,517127,516656,471
32020581,67.4698,27.8309,521,43590,0.784833,0.53,2,517204,516683,521
32023501,15.094,66.3662,447,43638,0.788967,0.49,2,517206,516759,447
32026421,27.0188,14.8732,475,43686,0.789793,0.53,2,517236,516761,475
32029341,27.8038,26.9746,473,43734,0.789959,0.51,2,517264,516791,473
32032261,31.9608,26.9949,479,43782,0.805992,0.51,2,517297,516818,479
32035181,27.1922,30.999,473,43830,0.793198,0.55,2,517323,516850,473
32038101,13.4384,26.1998,458,43878,0.79064,0.55,2,517333,516875,458
32041021,25.8877,13.24,477,43926,0.806128,0.59,2,517362,516885,477
32043941,33.9775,24.248,486,43974,0.809226,0.63,2,517398,516912,486
32046861,24.3955,32.0496,474,44022,0.809845,0.65,2,517420,516946,474
32049781,58.4791,23.2099,520,44070,0.825969,0.69,2,517487,516967,520
32052701,44.4958,56.642,496,44118,0.877194,0.71,2,517528,517032,496
32055621,31.2992,41.7284,486,44166,0.903439,0.75,2,517556,517070,486
32058541,30.2598,30.7457,488,44214,0.924688,0.77,2,517586,517098,488
32264401,103,103,508,21370,0.05,1,1,519923,519415,508
32267321,105.4,77.4,543,21469,0.01,0.91,1,520029,519486,543
32270241,73.08,107.48,493,21568,0.026,0.75,1,520094,519601,493
32273161,71.416,78.296,493,21666,0.0292,0.39,1,520165,519672,493
32276081,28.6832,66.0592,448,21764,0.06184,0.29,1,520183,519735,448
32279001,20.9366,23.6118,454,21861,0.020368,0.09,1,520202,519748,454
32281921,42.5873,62.3224,430,21958,0.124074,0.05,1,520250,519820,430
32284841,84.5175,94.8645,422,22055,0.0648147,0,1,520345,519923,422
32287761,102.503,103.773,423,22151,0.0129629,0.03,1,520452,520029,423
32290681,72.5007,72.7546,423,22247,0.0905926,0.03,1,520517,520094,423
32293601,72.9001,71.3509,425,22342,0.186119,0.07,1,520590,520165,425
32296521,27.38,28.6702,423,22437,0.173224,0.01,1,520606,520183,423
32299441,21.476,20.934,424,22532,0.170645,0.01,1,520626,520202,424
32302361,44.2952,4.18681,474,22626,0.154129,0.15,1,520676,520202,474
32305281,80.859,39.2374,516,22720,0.134826,0.05,1,520766,520250,516
32308201,101.772,83.8475,528,22813,0.114965,0,1,520873,520345,528
32311121,74.7544,102.369,489,22906,0.046993,0.11,1,520941,520452,489
32314041,77.3509,72.4739,502,22999,0.129399,0.21,1,521019,520517,502
32316961,28.2702,72.8948,445,23091,0.14588,0.17,1,521035,520590,445
32319881,20.854,27.379,448,23183,0.133176,0.17,1,521054,520606,448
32322801,44.1708,21.4758,478,23274,0.130635,0.15,1,521104,520626,478
32325721,80.0342,44.2952,517,23365,0.162127,0.13,1,521193,520676,517
32328641,98.4068,80.859,530,23456,0.168425,0.11,1,521296,520766,530
32331561,74.0814,101.772,491,23546,0.169685,0.03,1,521364,520873,491
32334481,81.2163,74.7544,506,23636,0.249937,0.15,1,521447,520941,506
32337401,29.0433,77.3509,444,23726,0.265987,0.15,1,521463,521019,444
32340321,20.2087,28.2702,446,23815,0.269197,0.13,1,521481,521035,446
32343241,44.0417,20.854,477,23904,0.285839,0.13,1,521531,521054,477
32346161,10.4083,44.1708,429,23993,0.289168,0.17,1,521533,521104,429
32349081,74.8817,80.0342,431,24081,0.337834,0.17,1,521624,521193,431
32352001,98.1763,98.4068,432,24169,0.347567,0.17,1,521728,521296,432
32354921,72.4353,74.0814,430,24257,0.365513,0.27,1,521794,521364,430
32357841,84.8871,81.2163,435,24344,0.417103,0.27,1,521882,521447,435
32360761,29.7774,29.0433,435,24431,0.395421,0.27,1,521898,521463,435
32363681,20.3555,20.2087,435,24518,0.423084,0.29,1,521916,521481,435
32366601,45.6711,44.0417,437,24604,0.476617,0.29,1,521968,521531,437
32369521,10.7342,10.4083,437,24690,0.487323,0.35,1,521970,521533,437
32372441,74.9468,74.8817,437,24776,0.505465,0.35,1,522061,521624,437
32375361,99.7894,98.1763,439,24862,0.509093,0.37,1,522167,521728,439
32378281,73.5579,72.4353,440,24947,0.589819,0.43,1,522234,521794,440
32381201,85.9116,84.8871,441,25032,0.605964,0.39,1,522323,521882,441
32384121,29.9823,29.7774,441,25117,0.593193,0.43,1,522339,521898,441
32387041,21.1965,20.3555,442,25201,0.606639,0.49,1,522358,521916,442
32389961,49.0393,45.6711,446,25285,0.641328,0.49,1,522414,521968,446
32392881,11.4079,10.7342,446,25369,0.648266,0.51,1,522416,521970,446
32395801,74.2816,74.9468,445,25453,0.713653,0.51,1,522506,522061,445
32398721,100.456,14.9894,552,25536,0.726731,0.51,1,522613,522061,552
32401641,76.0913,87.7979,516,25619,0.761346,0.61,2,522683,522167,516
32404561,87.2183,71.1596,539,25702,0.784269,0.61,2,522773,522234,539
32407481,30.2436,85.4319,466,25784,0.836854,0.59,2,522789,522323,466
32410401,22.8487,29.8864,471,25866,0.847371,0.61,2,522810,522339,471
32413321,50.1697,21.1773,509,25948,0.913474,0.65,2,522867,522358,509
32416241,11.6339,49.0355,455,26030,0.926695,0.65,2,522869,522414,455
32419161,76.7268,11.4071,546,26111,0.897339,0.73,2,522962,522416,546
32422081,101.745,74.2814,564,26192,0.939468,0.73,2,523070,522506,564
32425001,77.9491,100.456,529,26273,0.915894,0.77,2,523142,522613,529
32427921,90.7898,76.0913,553,26354,0.911179,0.79,2,523236,522683,553
32538881,37,45,521,29251,0.59,1,1,525207,524686,521
32541801,33,27.4,530,29323,0.542,1,1,525239,524709,530
32544721,37,39.08,526,29395,0.4684,1,1,525277,524751,526
32547641,35.4,38.216,523,29467,0.45368,1,1,525312,524789,523
32550561,102.28,54.8432,583,29539,0.322736,1,1,525431,524848,583
32553481,94.856,100.569,564,29611,0.216547,0.96,1,525524,524960,564
32556401,42.1712,95.3137,499,29682,0.195309,0.97,1,525553,525054,499
32559321,31.6342,43.8627,497,29753,0.223062,0.91,1,525582,525085,497
32562241,43.1268,35.9725,509,29824,0.196612,0.77,1,525628,525119,509
32565161,10.2254,47.9945,460,29895,0.175322,0.59,1,525630,525170,460
32568081,25.2451,39.1989,452,29966,0.155064,0.53,1,525659,525207,452
32571001,29.049,33.4398,450,30037,0.183013,0.45,1,525689,525239,450
32573921,32.2098,37.088,445,30107,0.204603,0.45,1,525722,525277,445
32576841,33.642,35.4176,444,30177,0.240921,0.29,1,525756,525312,444
32579761,98.7284,102.284,440,30247,0.312184,0.19,1,525871,525431,440
32582681,86.9457,94.8567,431,30317,0.342437,0.19,1,525955,525524,431
32585601,40.5891,42.1713,431,30387,0.396487,0.23,1,525984,525553,431
32588521,29.7178,31.6343,429,30457,0.359297,0.19,1,526011,525582,429
32591441,42.7436,43.1269,429,30526,0.399859,0.17,1,526057,525628,429
32594361,10.1487,10.2254,429,30595,0.375972,0.15,1,526059,525630,429
32597281,25.2297,25.2451,429,30664,0.387194,0.19,1,526088,525659,429
32600201,30.6459,29.049,431,30733,0.437439,0.21,1,526120,525689,431
32603121,34.1292,32.2098,433,30802,0.479488,0.25,1,526155,525722,433
32606041,34.8258,33.642,434,30871,0.455898,0.33,1,526190,525756,434
32608961,102.165,98.7284,438,30940,0.46718,0.35,1,526309,525871,438
32611881,88.433,86.9457,439,31008,0.485436,0.41,1,526394,525955,439
32614801,40.0866,40.5891,438,31076,0.537087,0.35,1,526422,525984,438
32617721,28.8173,29.7178,437,31144,0.547417,0.41,1,526448,526011,437
32620641,43.3635,42.7436,438,31212,0.549483,0.37,1,526495,526057,438
32623561,10.2727,10.1487,438,31280,0.581897,0.37,1,526497,526059,438
32626481,26.8545,2.02974,469,31348,0.540379,0.39,1,526528,526059,469
32629401,33.3709,23.6059,475,31415,0.548076,0.45,1,526563,526088,475
32632321,35.4742,30.3212,479,31482,0.565615,0.49,1,526599,526120,479
32635241,34.2948,34.0642,478,31549,0.537123,0.45,1,526633,526155,478
32638161,103.659,34.8128,564,31616,0.627425,0.47,1,526754,526190,564
32641081,89.5318,102.163,531,31683,0.629485,0.49,1,526840,526309,531
32644001,40.3064,88.4325,474,31750,0.629897,0.55,1,526868,526394,474
32646921,28.8613,40.0865,472,31817,0.645979,0.55,1,526894,526422,472
32649841,44.9723,28.8173,495,31883,0.665196,0.55,1,526943,526448,495
32652761,10.5945,43.3635,450,31949,0.669039,0.59,1,526945,526495,450
32655681,26.1189,10.2727,478,32015,0.669808,0.53,1,526975,526497,478
32658601,34.0238,26.8545,483,32081,0.685962,0.55,1,527011,526528,483
32661521,34.8048,33.3709,483,32147,0.689192,0.57,1,527046,526563,483
32664441,34.161,35.4742,481,32213,0.705838,0.53,1,527080,526599,481
32667361,106.832,34.2948,572,32279,0.805168,0.65,2,527205,526633,572
32670281,90.9664,103.659,538,32345,0.841034,0.63,2,527292,526754,538
32673201,41.3933,89.5318,481,32410,0.848207,0.63,2,527321,526840,481
32676121,29.0787,40.3064,479,32475,0.897641,0.65,2,527347,526868,479
32679041,45.8157,28.8613,503,32540,0.907528,0.67,2,527397,526894,503
32681961,10.7631,44.9723,456,32605,0.909506,0.67,2,527399,526943,456
32684881,26.9526,10.5945,485,32670,0.925901,0.67,2,527430,526945,485
32687801,34.1905,26.1189,491,32735,0.91318,0.69,2,527466,526975,491
32690721,8.4381,34.0238,457,32800,0.910636,0.69,2,527468,527011,457
32822121,35,27,521,35586,0.89,1,2,529438,528917,521
32825041,32.6,19,536,35645,0.842,1,2,529470,528934,536
32827961,24.12,25.4,531,35704,0.8164,1,2,529492,528961,531
32830881,59.224,101.88,478,35763,0.66728,1,1,529560,529082,478
32833801,99.0448,105.976,480,35822,0.365456,1,1,529669,529189,480
32836721,50.209,49.1952,483,35881,0.209091,1,1,529707,529224,483
32839641,34.0418,33.839,483,35940,0.225818,1,1,529737,529254,483
32842561,43.6084,40.3678,487,35999,0.117164,1,1,529783,529296,487
32845481,33.5217,30.4736,490,36058,0.127433,1,1,529814,529324,490
32848401,25.1043,32.4947,480,36117,0.113487,0.93,1,529837,529357,480
32851321,18.6209,23.2989,476,36176,0.0946973,0.9,1,529854,529378,476
32854241,24.5242,24.6598,477,36234,0.106939,0.89,1,529880,529403,477
32857161,27.3048,32.932,470,36292,0.109388,0.83,1,529908,529438,470
32860081,26.261,32.1864,464,36350,0.109878,0.81,1,529934,529470,464
32863001,21.2522,24.0373,462,36408,0.109976,0.63,1,529954,529492,462
32865921,51.4504,59.2075,453,36466,0.125995,0.29,1,530013,529560,453
32868841,82.2901,99.0415,434,36524,0.177199,0.17,1,530103,529669,434
32871761,46.058,50.2083,433,36582,0.17144,0.23,1,530140,529707,433
32874681,31.6116,34.0417,431,36640,0.218288,0.09,1,530168,529737,431
32877601,36.7223,43.6083,423,36698,0.179658,0.13,1,530206,529783,423
32880521,32.1445,33.5217,423,36756,0.139932,0.11,1,530237,529814,423
32883441,26.4289,25.1043,425,36813,0.115986,0.09,1,530262,529837,425
32886361,19.6858,18.6209,426,36870,0.191197,0.11,1,530280,529854,426
32889281,26.3372,24.5242,428,36927,0.222239,0.11,1,530308,529880,428
32892201,26.8674,27.3048,427,36984,0.244448,0.11,1,530335,529908,427
32895121,26.1735,26.261,427,37041,0.24889,0.11,1,530361,529934,427
32898041,21.2347,21.2522,427,37098,0.249778,0.13,1,530381,529954,427
32900961,52.2469,51.4504,428,37155,0.249956,0.13,1,530441,530013,428
32903881,82.4494,10.2901,518,37212,0.265991,0.19,1,530531,530013,518
32906801,47.6899,74.058,467,37269,0.221198,0.17,1,530570,530103,467
32909721,31.938,44.4116,458,37326,0.21224,0.23,1,530598,530140,458
32912641,33.5876,31.2823,464,37383,0.210448,0.17,1,530632,530168,464
32915561,32.3175,36.6565,458,37440,0.24209,0.13,1,530664,530206,458
32918481,29.6635,32.1313,456,37496,0.264418,0.11,1,530693,530237,456
32921401,19.5327,26.4263,448,37552,0.300884,0.21,1,530710,530262,448
32924321,27.9065,19.6853,460,37608,0.308177,0.23,1,530740,530280,460
32927241,26.3813,26.337,458,37664,0.325635,0.25,1,530766,530308,458
32930161,26.0763,26.8674,457,37720,0.345127,0.25,1,530792,530335,457
32933081,21.2153,26.1735,451,37776,0.365025,0.25,1,530812,530361,451
32936001,53.8431,21.2347,493,37832,0.385005,0.25,1,530874,530381,493
32938921,83.5686,52.2469,524,37888,0.373001,0.27,1,530965,530441,524
32941841,45.5137,82.4494,470,37944,0.3706,0.21,1,531001,530531,470
32944761,31.5027,47.6899,459,38000,0.38612,0.21,1,531029,530570,459
32947681,34.3005,31.938,466,38056,0.405224,0.21,1,531064,530598,466
32950601,33.2601,33.5876,465,38112,0.489045,0.25,1,531097,530632,465
32953521,31.452,32.3175,464,38167,0.505809,0.27,1,531128,530664,464
32956441,20.6904,29.6635,453,38222,0.541162,0.31,1,531146,530693,453
32959361,28.1381,19.5327,466,38277,0.564232,0.31,1,531176,530710,466
32962281,27.2276,27.9065,463,38332,0.584846,0.33,1,531203,530740,463
32965201,27.8455,26.3813,465,38387,0.572969,0.35,1,531231,530766,465
32968121,21.5691,26.0763,459,38442,0.602594,0.37,1,531251,530792,459
32971041,54.7138,21.2153,502,38497,0.624519,0.39,1,531314,530812,502
32973961,82.9428,53.8431,530,38552,0.660904,0.37,1,531404,530874,530
32976881,45.3886,83.5686,475,38607,0.684181,0.37,1,531440,530965,475
32979801,10.6777,45.5137,441,38662,0.688836,0.39,1,531442,531001,441
32982721,24.5355,31.5027,441,38717,0.689767,0.41,1,531470,531029,441
32985641,35.3071,34.3005,444,38772,0.721953,0.51,1,531508,531064,444
32988561,35.8614,33.2601,447,38826,0.744391,0.51,1,531544,531097,447
32991481,33.5723,31.452,449,38880,0.764878,0.55,2,531577,531128,449
32994401,21.1145,20.6904,449,38934,0.800976,0.57,2,531595,531146,449
32997321,29.0229,28.1381,450,38988,0.824195,0.59,2,531626,531176,450
33000241,28.2046,27.2276,451,39042,0.812839,0.57,2,531654,531203,451
33003161,28.8409,27.8455,452,39096,0.794568,0.61,2,531683,531231,452
33006081,22.5682,21.5691,453,39150,0.822914,0.63,2,531704,531251,453
33009001,54.9136,54.7138,453,39204,0.860583,0.67,2,531767,531314,453
33011921,84.5827,82.9428,455,39258,0.884117,0.69,2,531859,531404,455
33014841,46.5165,45.3886,456,39312,0.872823,0.69,2,531896,531440,456
33017761,10.9033,10.6777,456,39366,0.902565,0.69,2,531898,531442,456
33020681,24.5807,24.5355,456,39420,0.924513,0.73,2,531926,531470,456
33023601,35.3161,35.3071,456,39474,0.928903,0.75,2,531964,531508,456
33026521,38.2632,35.8614,459,39528,0.897781,0.77,2,532003,531544,459
33041121,28,29,461,39793,0.95,0.83,2,532144,531683,461
33225081,66,49,479,19092,0.03,0.43,1,534456,533977,479
33228001,63.6,73,463,19203,0.03,0.21,1,534519,534056,463
33230921,119.12,64.2,534,19314,0.078,0.01,1,534652,534118,534
33233841,83.824,140.04,450,19424,0.0236,0.05,1,534727,534277,450
33236761,55.9648,88.008,424,19533,0.06072,0.05,1,534776,534352,424
33239681,31.193,27.2016,437,19642,0.036144,0.03,1,534801,534364,437
33242601,67.0386,26.2403,487,19750,0.0952288,0.03,1,534877,534390,487
33245521,64.6077,58.0481,485,19857,0.0590458,0.03,1,534941,534456,485
33248441,120.122,62.0096,556,19964,0.0518091,0.09,1,535075,534519,556
33251361,82.4243,118.802,496,20070,0.0663618,0.01,1,535148,534652,496
33254281,56.4849,83.7604,471,20176,0.0372724,0.07,1,535198,534727,471
33257201,31.297,55.9521,447,20281,0.0314545,0.03,1,535223,534776,447
33260121,68.6594,31.1904,500,20386,0.0302909,0.11,1,535301,534801,500
33263041,63.3319,67.0381,486,20490,0.0140582,0.05,1,535363,534877,486
33265961,120.666,64.6076,557,20594,0.0588116,0.05,1,535498,534941,557
33268881,80.9333,120.122,494,20697,0.0837623,0.07,1,535569,535075,494
33271801,57.7867,82.4243,473,20799,0.0247525,0.03,1,535621,535148,473
33274721,30.7573,56.4849,447,20901,0.0289505,0.03,1,535645,535198,447
33277641,68.5515,31.297,500,21002,0.0297901,0.03,1,535723,535223,500
33280561,15.3103,68.6594,424,21103,0.029958,0.01,1,535725,535301,424
33283481,51.8621,63.3319,423,21204,0.0299916,0.07,1,535786,535363,423
33286401,119.972,120.666,425,21304,0.0619983,0.09,1,535923,535498,425
33289321,79.9945,80.9333,424,21404,0.0843997,0.01,1,535993,535569,424
33292241,55.9989,57.7867,422,21503,0.0888799,0.03,1,536043,535621,422
33295161,30.3998,30.7573,422,21602,0.105776,0.03,1,536067,535645,422
33298081,69.28,68.5515,423,21700,0.0771552,0.03,1,536146,535723,423
33301001,15.456,15.3103,423,21798,0.071431,0.03,1,536148,535725,423
33303921,51.0912,51.8621,422,21895,0.0382862,0.07,1,536208,535786,422
33306841,122.218,119.972,425,21992,0.0156572,0.09,1,536348,535923,425
33309761,80.4436,79.9945,425,22088,0.0591314,0.09,1,536418,535993,425
33312681,57.6887,55.9989,427,22184,0.0998263,0.11,1,536470,536043,427
33315601,27.5377,30.3998,423,22280,0.139965,0.07,1,536490,536067,423
33318521,70.3076,69.28,425,22375,0.147993,0.07,1,536571,536146,425
33321441,15.6615,15.456,425,22470,0.149599,0.03,1,536573,536148,425
33324361,49.5323,51.0912,423,22564,0.11792,0.03,1,536631,536208,423
33327281,120.306,10.2182,561,22658,0.0955839,0.01,1,536769,536208,561
33330201,83.2613,114.044,495,22752,0.171117,0.07,1,536843,536348,495
33333121,59.0523,78.8087,478,22845,0.266223,0.11,1,536896,536418,478
33336041,27.8105,57.3617,446,22938,0.285245,0.15,1,536916,536470,446
33338961,70.3621,27.4723,507,23030,0.337049,0.15,1,536997,536490,507
33341881,15.6724,70.2945,428,23122,0.34741,0.15,1,536999,536571,428
33344801,49.5345,15.6589,484,23214,0.381482,0.11,1,537057,536573,484
33347721,119.507,49.5318,563,23305,0.388296,0.09,1,537194,536631,563
33350641,87.1014,120.306,504,23396,0.421659,0.19,1,537273,536769,504
33353561,63.8203,83.2613,488,23487,0.460332,0.29,1,537331,536843,488
33356481,29.5641,59.0523,456,23577,0.468066,0.29,1,537352,536896,456
33359401,72.3128,27.8105,519,23667,0.453613,0.35,1,537435,536916,519
33362321,16.0626,70.3621,440,23757,0.450723,0.35,1,537437,536997,440
33365241,51.2125,15.6724,498,23846,0.482145,0.39,1,537497,536999,498
33368161,119.843,49.5345,577,23935,0.504429,0.39,1,537634,537057,577
33371081,25.5685,119.507,442,24024,0.508886,0.43,1,537636,537194,442
33374001,69.9137,87.1014,444,24112,0.557777,0.47,1,537717,537273,444
33376921,61.1827,63.8203,445,24200,0.567555,0.47,1,537776,537331,445
33379841,29.0365,29.5641,445,24288,0.569511,0.45,1,537797,537352,445
33382761,71.4073,72.3128,444,24375,0.585902,0.45,1,537879,537435,444
33385681,15.8815,16.0626,444,24462,0.58918,0.49,1,537881,537437,444
33388601,52.7763,51.2125,446,24549,0.653836,0.51,1,537943,537497,446
33391521,120.955,119.843,447,24635,0.746767,0.51,1,538081,537634,447
33394441,25.7911,25.5685,447,24721,0.797353,0.57,2,538083,537636,447
33397361,70.7582,69.9137,448,24807,0.775471,0.57,2,538165,537717,448
33400281,61.3516,61.1827,448,24892,0.803094,0.57,2,538224,537776,448
33403201,29.8703,29.0365,449,24977,0.792619,0.59,2,538246,537797,449
33406121,73.1741,71.4073,451,25062,0.790524,0.59,2,538330,537879,451
33409041,16.2348,15.8815,451,25147,0.758105,0.67,2,538332,537881,451
33411961,54.447,52.7763,453,25231,0.847621,0.77,2,538396,537943,453
33414881,126.889,120.955,460,25315,0.913524,0.81,2,538541,538081,460
33417801,26.9779,25.7911,460,25399,0.894705,0.77,2,538543,538083,460
33420721,69.3956,70.7582,458,25482,0.890941,0.77,2,538623,538165,458
33423641,61.8791,14.1516,518,25565,0.922188,0.81,2,538683,538165,518
33534601,41,68,500,28545,0.69,1,1,540722,540222,500
33537521,50.6,37.6,523,28619,0.61,1,1,540775,540252,523
33540441,122.12,39.52,623,28693,0.53,1,1,540915,540292,623
33543361,50.024,128.704,504,28767,0.466,1,1,540947,540443,504
33546281,54.8048,52.1408,527,28841,0.4532,0.95,1,541003,540476,527
33549201,54.161,54.4282,526,28914,0.43464,1,1,541057,540531,526
33552121,27.6322,54.8856,492,28987,0.430928,0.97,1,541078,540586,492
33555041,26.3264,33.3771,490,29060,0.478186,0.84,1,541104,540614,490
33557961,34.8653,30.6754,497,29133,0.487637,0.83,1,541141,540644,497
33560881,36.5731,35.7351,497,29206,0.505527,0.69,1,541178,540681,497
33563801,47.3146,39.947,506,29278,0.525105,0.59,1,541228,540722,506
33566721,114.263,50.3894,584,29350,0.577021,0.51,1,541359,540775,584
33569641,47.6526,122.078,475,29422,0.587404,0.45,1,541390,540915,475
33572561,55.9305,50.0156,501,29494,0.557481,0.45,1,541448,540947,501
33575481,54.3861,54.8031,499,29566,0.551496,0.43,1,541502,541003,499
33578401,26.8772,54.1606,465,29638,0.550299,0.43,1,541522,541057,465
33581321,25.3754,27.6321,469,29709,0.53406,0.49,1,541547,541078,469
33584241,37.0751,26.3264,483,29780,0.546812,0.49,1,541587,541104,483
33587161,9.01502,34.8653,448,29851,0.581362,0.51,1,541589,541141,448
33590081,32.203,36.5731,449,29922,0.572272,0.53,1,541627,541178,449
33593001,46.4406,47.3146,449,29993,0.634454,0.59,1,541677,541228,449
33595921,114.088,114.263,449,30064,0.678891,0.59,1,541808,541359,449
33598841,49.2176,47.6526,451,30134,0.735778,0.55,1,541841,541390,451
33601761,54.6435,55.9305,449,30204,0.763156,0.55,2,541897,541448,449
33604681,54.1287,54.3861,449,30274,0.768631,0.55,2,541951,541502,449
33607601,26.8257,26.8772,449,30344,0.785726,0.53,2,541971,541522,449
33610521,24.5651,25.3754,448,30414,0.789145,0.55,2,541995,541547,448
33613441,37.713,37.0751,449,30484,0.821829,0.59,2,542036,541587,449
33616361,9.14261,9.01502,449,30553,0.828366,0.57,2,542038,541589,449
33619281,33.0285,32.203,450,30622,0.813673,0.65,2,542077,541627,450
33622201,48.2057,46.4406,452,30691,0.842735,0.69,2,542129,541677,452
33625121,116.041,114.088,454,30760,0.880547,0.75,2,542262,541808,454
33628041,52.0082,49.2176,457,30829,0.920109,0.77,2,542298,541841,457
33630961,56.0016,54.6435,458,30898,0.944022,0.77,2,542355,541897,458
33771121,25,27,503,34027,0.92,1,2,544485,543982,503
33774041,29,30.2,502,34089,0.816,1,2,544515,544013,502
33776961,106.6,108.44,500,34151,0.6032,1,1,544641,544141,500
33779881,48.52,60.888,485,34213,0.41664,1,1,544675,544190,485
33782801,32.904,12.1776,514,34275,0.443328,1,1,544704,544190,514
33785721,42.5808,32.0355,522,34337,0.480666,1,1,544749,544227,522
33788641,36.5162,38.4071,517,34399,0.360133,1,1,544784,544267,517
33791561,35.3032,43.6814,507,34460,0.368027,1,1,544819,544312,507
33794481,47.8606,38.3363,521,34521,0.433605,1,1,544870,544349,521
33797401,31.1721,43.6673,503,34582,0.478721,0.96,1,544897,544394,503
33800321,30.2344,35.1335,500,34643,0.487744,0.95,1,544927,544427,500
33803241,23.6469,33.4267,489,34704,0.505549,0.92,1,544949,544460,489
33806161,25.5294,26.6853,490,34765,0.52511,0.79,1,544975,544485,490
33809081,99.5059,29.3371,578,34826,0.449022,0.55,1,545093,544515,578
33812001,43.9012,106.667,482,34887,0.401804,0.37,1,545123,544641,482
33814921,32.7802,48.5335,478,34948,0.376361,0.45,1,545153,544675,478
33817841,38.556,32.9067,489,35008,0.371272,0.49,1,545193,544704,489
33820761,34.9112,42.5813,478,35068,0.402254,0.33,1,545227,544749,478
33823681,33.3822,36.5163,476,35128,0.360451,0.37,1,545260,544784,476
33826601,51.4764,35.3033,497,35188,0.22409,0.45,1,545316,544819,497
33829521,31.8953,47.8606,473,35248,0.244818,0.49,1,545343,544870,473
33832441,31.1791,31.1721,477,35308,0.216964,0.49,1,545374,544897,477
33835361,23.0358,30.2344,468,35368,0.163393,0.51,1,545395,544927,468
33838281,26.2072,23.6469,473,35428,0.0886785,0.53,1,545422,544949,473
33841201,95.6414,25.5294,560,35488,0.0577357,0.43,1,545535,544975,560
33844121,41.5283,99.5059,470,35548,0.0515471,0.39,1,545563,545093,470
33847041,31.5057,43.9012,469,35607,0.0343094,0.37,1,545592,545123,469
33849961,37.5011,32.7802,478,35666,0.0628619,0.37,1,545631,545153,478
33852881,9.10023,38.556,440,35725,0.0685724,0.41,1,545633,545193,440
33855801,29.02,34.9112,440,35784,0.0697145,0.35,1,545667,545227,440
33858721,31.404,33.3822,439,35843,0.0859429,0.19,1,545699,545260,439
33861641,46.2808,51.4764,433,35902,0.105189,0.25,1,545749,545316,433
33864561,30.0562,31.8953,432,35961,0.125038,0.21,1,545775,545343,432
33867481,29.2112,31.1791,430,36020,0.177008,0.15,1,545804,545374,430
33870401,22.6422,23.0358,430,36079,0.187402,0.07,1,545825,545395,430
33873321,22.1284,26.2072,425,36138,0.22148,0.05,1,545847,545422,425
33876241,94.0257,95.6414,424,36196,0.260296,0.05,1,545959,545535,424
33879161,41.2051,41.5283,424,36254,0.300059,0.03,1,545987,545563,424
33882081,30.641,31.5057,423,36312,0.308012,0.07,1,546015,545592,423
33885001,37.3282,37.5011,423,36370,0.341602,0.07,1,546054,545631,423
33887921,9.06564,9.10023,423,36428,0.31632,0.07,1,546056,545633,423
33890841,29.0131,29.02,423,36486,0.311264,0.09,1,546090,545667,423
33893761,32.2026,31.404,424,36544,0.390253,0.11,1,546123,545699,424
33896681,47.2405,46.2808,425,36602,0.422051,0.13,1,546174,545749,425
33899601,31.8481,30.0562,427,36660,0.46041,0.19,1,546202,545775,427
33902521,31.1696,29.2112,429,36718,0.484082,0.19,1,546233,545804,429
33905441,24.6339,22.6422,431,36776,0.440816,0.23,1,546256,545825,431
33908361,22.5268,22.1284,431,36833,0.480163,0.27,1,546278,545847,431
33911281,97.3054,94.0257,435,36890,0.520033,0.31,1,546394,545959,435
33914201,41.8611,41.2051,435,36947,0.544007,0.31,1,546422,545987,435
33917121,30.7722,30.641,435,37004,0.580801,0.35,1,546450,546015,435
33920041,38.9544,37.3282,437,37061,0.58816,0.31,1,546491,546054,437
33922961,9.39089,9.06564,437,37118,0.589632,0.31,1,546493,546056,437
33925881,29.0782,29.0131,437,37175,0.589926,0.31,1,546527,546090,437
33928801,34.6156,5.80263,473,37232,0.605985,0.41,1,546563,546090,473
33931721,49.3231,27.5605,493,37289,0.657197,0.43,1,546616,546123,493
33934641,32.2646,46.3121,470,37346,0.667439,0.47,1,546644,546174,470
33937561,32.0529,31.6624,474,37403,0.717488,0.49,1,546676,546202,474
33940481,24.8106,31.1325,466,37459,0.711498,0.43,1,546699,546233,466
33943401,22.5621,24.6265,465,37515,0.7103,0.49,1,546721,546256,465
33946321,100.512,22.5253,563,37571,0.74206,0.53,1,546841,546278,563
33949241,43.3025,97.3051,476,37627,0.732412,0.55,1,546870,546394,476
33952161,31.0605,41.861,476,37683,0.746482,0.59,1,546898,546422,476
33955081,40.6121,30.7722,491,37739,0.749296,0.59,1,546941,546450,491
33958001,9.72242,38.9544,452,37795,0.749859,0.59,1,546943,546491,452
33960921,29.1445,9.39089,484,37851,0.765972,0.59,2,546977,546493,484
33963841,35.4289,29.0782,487,37907,0.785194,0.61,2,547014,546527,487
33966761,51.8858,34.6156,507,37963,0.821039,0.67,2,547070,546563,507
33969681,32.7772,49.3231,482,38019,0.828208,0.67,2,547098,546616,482
33972601,34.5554,32.2646,489,38075,0.781642,0.73,2,547133,546644,489
33975521,24.5111,32.0529,479,38130,0.772328,0.71,2,547155,546676,479
33978441,22.5022,24.8106,478,38185,0.770466,0.71,2,547177,546699,478
33981361,102.1,22.5621,578,38240,0.850093,0.75,2,547299,546721,578
33984281,43.6201,100.512,487,38295,0.882019,0.73,2,547328,546841,487
33987201,31.924,43.3025,487,38350,0.872404,0.75,2,547357,546870,487
33990121,39.9848,31.0605,501,38405,0.918481,0.75,2,547399,546898,501
33993041,9.59696,40.6121,460,38460,0.927696,0.75,2,547401,546941,460
33995961,29.9194,9.72242,493,38515,0.913539,0.77,2,547436,546943,493
33998881,36.3839,29.1445,497,38570,0.910708,0.79,2,547474,546977,497
34001801,8.87678,35.4289,462,38625,0.910142,0.83,2,547476,547014,462
34004721,47.3754,51.8858,463,38680,0.942028,0.83,2,547533,547070,463
34007641,31.8751,32.7772,463,38735,0.948406,0.77,2,547561,547098,463
34166781,78,165,507,18482,0,0.85,1,549760,549253,507
34169701,86,97,515,18597,0.056,0.59,1,549848,549333,515
34172621,69.2,103.4,475,18711,0.0672,0.35,1,549913,549438,475
34175541,50.64,84.68,441,18824,0.08544,0.21,1,549959,549518,441
34178461,22.928,33.736,436,18937,0.121088,0.03,1,549975,549539,436
34181381,107.786,121.147,422,19049,0.0482176,0,1,550104,549682,422
34184301,83.9571,86.6294,422,19160,0.0656435,0.07,1,550182,549760,422
34187221,88.7914,87.7259,424,19271,0.117129,0.07,1,550272,549848,424
34190141,70.5583,69.5452,425,19381,0.0954257,0.09,1,550338,549913,425
34193061,51.7117,50.709,426,19490,0.123085,0.13,1,550385,549959,426
34195981,23.1423,22.9418,426,19599,0.096617,0.13,1,550401,549975,426
34198901,103.828,4.58836,550,19707,0.0913234,0.03,1,550525,549975,550
34201821,85.5657,104.118,502,19815,0.0742647,0.07,1,550606,550104,502
34204741,90.7131,83.2235,516,19922,0.0228529,0.13,1,550698,550182,516
34207661,70.1426,88.6447,491,20028,0.0285706,0.09,1,550763,550272,491
34210581,51.6285,70.5289,472,20134,0.0297141,0.13,1,550810,550338,472
34213501,23.1257,51.7058,441,20239,0.0299428,0.09,1,550826,550385,441
34216421,100.625,23.1412,545,20344,0.0619886,0.09,1,550946,550401,545
34219341,88.125,103.828,506,20448,0.0523977,0.07,1,551031,550525,506
34222261,88.825,85.5656,514,20552,0.0664795,0.01,1,551120,550606,514
34225181,69.765,90.7131,487,20655,0.0852959,0.03,1,551185,550698,487
34228101,51.553,70.1426,469,20758,0.105059,0.03,1,551232,550763,469
34231021,23.1106,51.6285,438,20860,0.109012,0.03,1,551248,550810,438
34233941,103.822,23.1257,546,20962,0.157802,0.07,1,551372,550826,546
34236861,22.3644,100.625,428,21063,0.16756,0.05,1,551374,550946,428
34239781,67.6729,88.125,422,21164,0.169512,0.07,1,551453,551031,422
34242701,87.1346,88.825,425,21264,0.217902,0.09,1,551545,551120,425
34245621,71.0269,69.765,427,21364,0.24358,0.11,1,551612,551185,427
34248541,51.8054,51.553,427,21463,0.264716,0.11,1,551659,551232,427
34251461,23.1611,23.1106,427,21562,0.300943,0.17,1,551675,551248,427
34254381,106.232,103.822,430,21660,0.324189,0.17,1,551802,551372,430
34257301,22.8464,22.3644,430,21758,0.328838,0.17,1,551804,551374,430
34260221,67.7693,67.6729,430,21855,0.345768,0.23,1,551883,551453,430
34263141,87.9539,87.1346,431,21952,0.413154,0.25,1,551976,551545,431
34266061,73.5908,71.0269,434,22049,0.410631,0.27,1,552046,551612,434
34268981,53.1182,51.8054,435,22145,0.490126,0.31,1,552094,551659,435
34271901,23.4236,23.1611,435,22241,0.490025,0.33,1,552110,551675,435
34274821,108.685,106.232,438,22336,0.586005,0.33,1,552240,551802,438
34277741,23.3369,22.8464,438,22431,0.605201,0.35,1,552242,551804,438
34280661,68.6674,67.7693,439,22526,0.62504,0.35,1,552322,551883,439
34283581,88.9335,13.5539,533,22620,0.645008,0.43,1,552416,551883,533
34286501,74.5867,77.1108,511,22714,0.681002,0.41,1,552487,551976,511
34289421,56.5173,71.4222,493,22807,0.7042,0.51,1,552539,552046,493
34292341,24.1035,52.6844,461,22900,0.70884,0.49,1,552555,552094,461
34295261,112.021,23.3369,579,22993,0.709768,0.61,1,552689,552110,579
34298181,24.0041,108.667,451,23085,0.709954,0.61,1,552691,552240,451
34301101,69.6008,23.3335,530,23177,0.725991,0.63,1,552772,552242,530
34304021,92.3202,68.6667,548,23268,0.729198,0.65,1,552870,552322,548
34306941,76.064,88.9333,526,23359,0.72984,0.69,1,552942,552416,526
34309861,57.6128,74.5867,508,23450,0.777968,0.71,2,552995,552487,508
34312781,24.3226,56.5173,472,23540,0.803594,0.71,2,553011,552539,472
34315701,112.065,24.1035,590,23630,0.840719,0.71,2,553145,552555,590
34318621,24.0129,112.021,458,23720,0.848144,0.71,2,553147,552689,458
34321541,70.4026,24.0041,538,23809,0.865629,0.73,2,553229,552691,538
34414981,48,27,532,26508,0.81,1,2,555109,554577,532
34417901,89.6,60.6,563,26588,0.586,1,1,555209,554646,563
34420821,84.32,91.32,547,26668,0.2852,1,1,555292,554745,547
34423741,41.664,77.464,504,26747,0.22504,1,1,555323,554819,504
34426661,33.9328,39.4928,506,26826,0.245008,1,1,555355,554849,506
34429581,29.1866,32.6986,503,26905,0.217002,1,1,555383,554880,503
34432501,7.43731,25.7397,481,26984,0.2434,0.93,1,555385,554904,481
34435421,87.8875,103.548,466,27062,0.20068,0.83,1,555493,555027,466
34438341,42.3775,47.9096,463,27140,0.144136,0.81,1,555524,555061,463
34441261,42.8755,47.9819,458,27218,0.148827,0.53,1,555567,555109,458
34444181,79.7751,89.5964,447,27296,0.165765,0.21,1,555656,555209,447
34447101,73.555,84.3193,436,27374,0.201153,0.21,1,555728,555292,436
34450021,39.511,41.6639,436,27451,0.208231,0.25,1,555759,555323,436
34452941,31.9022,33.9328,434,27528,0.241646,0.21,1,555789,555355,434
34455861,26.3804,29.1866,431,27605,0.200329,0.25,1,555814,555383,431
34458781,6.87609,7.43731,431,27682,0.192066,0.19,1,555816,555385,431
34461701,86.9752,87.8875,430,27759,0.270413,0.13,1,555923,555493,430
34464621,38.995,42.3775,426,27835,0.286083,0.15,1,555950,555524,426
34467541,43.799,42.8755,428,27911,0.305217,0.17,1,555995,555567,428
34470461,81.5598,79.7751,430,27987,0.437043,0.21,1,556086,555656,430
34473381,73.912,73.555,430,28063,0.463409,0.21,1,556158,555728,430
34476301,41.1824,39.511,432,28138,0.468682,0.25,1,556191,555759,432
34479221,32.2365,31.9022,432,28213,0.469736,0.19,1,556221,555789,432
34482141,25.6473,26.3804,431,28288,0.501947,0.19,1,556245,555814,431
34485061,6.72946,6.87609,431,28363,0.508389,0.19,1,556247,555816,431
34487981,88.5459,1.37522,540,28438,0.525678,0.29,1,556356,555816,540
34490901,40.9092,85.875,462,28512,0.513136,0.29,1,556385,555923,462
34493821,43.3818,38.775,479,28586,0.542627,0.31,1,556429,555950,479
34496741,87.8764,43.755,533,28660,0.532525,0.47,1,556528,555995,533
34499661,76.7753,81.551,516,28734,0.530505,0.47,1,556602,556086,516
34502581,41.7551,73.9102,477,28808,0.546101,0.47,1,556635,556158,477
34505501,32.351,41.182,474,28881,0.54922,0.47,1,556665,556191,474
34508421,25.6702,32.2364,468,28954,0.549844,0.51,1,556689,556221,468
34511341,6.73404,25.6473,446,29027,0.549969,0.51,1,556691,556245,446
34514261,90.9468,6.72946,556,29100,0.597994,0.53,1,556803,556247,556
34517181,40.5894,88.5459,475,29173,0.607599,0.51,1,556831,556356,475
34520101,44.9179,40.9092,492,29246,0.62552,0.55,1,556877,556385,492
34523021,87.3836,43.3818,546,29318,0.741104,0.53,1,556975,556429,546
34525941,76.6767,87.8764,521,29390,0.780221,0.53,2,557049,556528,521
34528861,42.5353,76.7753,481,29462,0.756044,0.55,2,557083,556602,481
34531781,32.5071,41.7551,478,29534,0.751209,0.55,2,557113,556635,478
34534701,25.7014,32.351,472,29606,0.750242,0.55,2,557137,556665,472
34537621,6.74028,25.6702,450,29677,0.750048,0.55,2,557139,556689,450
34540541,93.3481,6.73404,563,29748,0.83001,0.61,2,557254,556691,563
34543461,41.0696,90.9468,479,29819,0.846002,0.61,2,557282,556803,479
34546381,9.81392,40.5894,453,29890,0.8492,0.63,2,557284,556831,453
34549301,39.5628,44.9179,454,29961,0.88184,0.77,2,557331,556877,454
34552221,91.1126,87.3836,460,30032,0.936368,0.79,2,557435,556975,460
34663181,31,27,516,32602,0.73,1,1,559215,558699,516
34666101,24.6,29.4,509,32667,0.714,1,1,559238,558729,509
34669021,58.52,24.28,553,32732,0.6308,1,1,559305,558752,553
34671941,37.304,75.256,497,32797,0.64616,1,1,559337,558840,497
34674861,59.4608,78.2512,483,32861,0.569232,1,1,559402,558919,483
34677781,39.8922,40.4502,487,32925,0.537846,0.93,1,559437,558950,487
34680701,27.1784,33.69,479,32989,0.499569,0.97,1,559461,558982,479
34683621,31.8357,36.338,475,33053,0.475914,1,1,559494,559019,475
34686541,27.1671,27.2676,476,33117,0.519183,0.85,1,559520,559044,476
34689461,76.6334,87.8535,462,33181,0.463837,0.87,1,559609,559147,462
34692381,43.3267,47.1707,460,33245,0.468767,0.73,1,559644,559184,460
34695301,31.8653,34.2341,458,33309,0.405753,0.71,1,559673,559215,458
34698221,22.3731,25.2468,455,33372,0.393151,0.61,1,559693,559238,455
34701141,55.6746,58.6494,452,33435,0.34263,0.65,1,559757,559305,452
34704061,38.3349,37.3299,454,33498,0.380526,0.55,1,559791,559337,454
34706981,58.067,59.466,452,33561,0.372105,0.53,1,559854,559402,452
34709901,36.4134,39.8932,448,33624,0.354421,0.49,1,559885,559437,448
34712821,24.8827,27.1786,446,33687,0.366884,0.47,1,559907,559461,446
34715741,29.7765,31.8357,444,33750,0.401377,0.53,1,559938,559494,444
34718661,28.3553,27.1671,446,33813,0.424275,0.45,1,559966,559520,446
34721581,73.6711,76.6334,442,33876,0.476855,0.47,1,560051,559609,442
34724501,41.9342,43.3267,441,33938,0.455371,0.39,1,560085,559644,441
34727421,30.7868,31.8653,440,34000,0.515074,0.39,1,560113,559673,440
34730341,22.1574,22.3731,440,34062,0.543015,0.33,1,560133,559693,440
34733261,53.2315,55.6746,437,34124,0.548603,0.39,1,560194,559757,437
34736181,40.2463,38.3349,440,34186,0.565721,0.37,1,560231,559791,440
34739101,58.4493,58.067,440,34248,0.617144,0.37,1,560294,559854,440
34742021,33.2899,11.6134,467,34310,0.611429,0.35,1,560321,559854,467
34744941,25.058,27.1227,459,34372,0.626286,0.37,1,560344,559885,459
34747861,31.4116,23.0245,470,34434,0.661257,0.41,1,560377,559907,470
34750781,31.0823,29.4049,470,34495,0.684251,0.43,1,560408,559938,470
34753701,75.0165,28.281,528,34556,0.70485,0.49,1,560494,559966,528
34756621,42.2033,73.6562,477,34617,0.70897,0.45,1,560528,560051,477
34759541,32.4407,41.9312,473,34678,0.693794,0.53,1,560558,560085,473
34762461,23.2881,30.7862,466,34739,0.706759,0.55,1,560579,560113,466
34765381,54.2576,22.1572,508,34800,0.677352,0.55,1,560641,560133,508
34768301,42.0515,53.2314,486,34861,0.67147,0.57,1,560680,560194,486
34771221,59.6103,40.2463,513,34922,0.686294,0.63,1,560744,560231,513
34774141,34.3221,58.4493,478,34983,0.721259,0.61,1,560772,560294,478
34777061,26.0644,33.2899,475,35043,0.776252,0.63,2,560796,560321,475
34779981,33.2129,25.058,487,35103,0.77125,0.67,2,560831,560344,487
34782901,32.2426,31.4116,486,35163,0.81825,0.69,2,560863,560377,486
34785821,76.0485,31.0823,542,35223,0.84365,0.71,2,560950,560408,542
34788741,43.2097,75.0165,491,35283,0.83273,0.71,2,560985,560494,491
34791661,31.0419,42.2033,485,35343,0.846546,0.69,2,561013,560528,485
34794581,23.8084,32.4407,477,35403,0.865309,0.71,2,561035,560558,477
34797501,52.7617,23.2881,516,35463,0.869062,0.67,2,561095,560579,516
34800421,41.7523,54.2576,493,35523,0.917812,0.67,2,561134,560641,493
34946421,50,71,508,38384,0.77,1,2,563125,562617,508
34949341,30,35,507,38439,0.674,1,1,563150,562643,507
34952261,17.2,27,496,38494,0.7508,1,2,563164,562668,496
34955181,18.64,20.6,496,38549,0.81416,1,2,563183,562687,496
34958101,30.928,24.12,505,38604,0.698832,1,1,563217,562712,505
34961021,21.3856,32.824,489,38659,0.803766,1,2,563236,562747,489
34963941,65.8771,72.9648,483,38714,0.728753,1,1,563313,562830,483
34966861,28.3754,40.193,470,38769,0.697751,0.86,1,563332,562862,470
34969781,38.4751,38.4386,473,38823,0.65955,1,1,563373,562900,473
34972701,30.095,32.4877,470,38877,0.60391,0.99,1,563401,562931,470
34975621,36.419,35.2975,472,38931,0.624782,0.85,1,563439,562967,472
34978541,47.2838,53.4595,464,38985,0.628956,0.77,1,563489,563025,464
34981461,45.4568,50.6919,459,39039,0.613791,0.77,1,563534,563075,459
34984381,48.2914,50.1384,458,39093,0.642758,0.65,1,563583,563125,458
34987301,31.2583,30.0277,460,39147,0.680552,0.77,1,563610,563150,460
34990221,15.0517,17.2055,457,39201,0.67211,0.83,1,563621,563164,457
34993141,19.8103,18.6411,459,39255,0.654422,0.67,1,563642,563183,459
34996061,30.3621,30.9282,458,39309,0.666884,0.83,1,563675,563217,458
34998981,20.4724,21.3856,457,39363,0.701377,0.71,1,563693,563236,457
35001901,67.2945,65.8771,459,39417,0.676275,0.69,1,563772,563313,459
35004821,25.4589,28.3754,455,39471,0.703255,0.65,1,563787,563332,455
35007741,35.4918,38.4751,452,39525,0.740651,0.59,1,563825,563373,452
35010661,28.6984,30.095,451,39578,0.76413,0.63,2,563852,563401,451
35013581,36.1397,36.419,451,39631,0.784826,0.63,2,563890,563439,451
35016501,47.2279,47.2838,451,39684,0.884965,0.61,2,563940,563489,451
35019421,44.6456,45.4568,450,39737,0.920993,0.65,2,563984,563534,450
35235501,33,14,525,43494,0.79,1,2,566593,566068,525
35238421,30.6,14.8,540,43543,0.662,1,1,566623,566083,540
35241341,28.52,44.56,516,43591,0.5724,1,1,566651,566135,516
35244261,29.704,43.312,503,43639,0.50648,1,1,566681,566178,503
35247181,31.5408,30.2624,508,43687,0.429296,1,1,566713,566205,508
35250101,35.1082,30.0525,514,43735,0.285859,1,1,566749,566235,514
35253021,26.2216,34.8105,502,43783,0.209172,1,1,566773,566271,502
35255941,28.4443,30.1621,502,43831,0.129834,1,1,566802,566300,502
35258861,39.2889,29.2324,515,43879,0.0259669,1,1,566844,566329,515
35261781,31.0578,36.2465,506,43927,0.00519337,1,1,566873,566367,506
35264701,47.8116,34.4493,524,43975,0.0250387,0.97,1,566925,566401,524
35267621,42.3623,50.0899,511,44023,0.0130077,0.96,1,566966,566455,511
35270541,32.4725,42.818,500,44071,0.00260155,0.95,1,566996,566496,500
35273461,25.6945,38.9636,486,44119,0.0405203,0.85,1,567020,566534,486
35276381,27.5389,28.5927,488,44167,0.0321041,0.79,1,567048,566560,488
35279301,27.9078,32.1185,483,44215,0.0144208,0.63,1,567076,566593,483
35282221,24.7816,30.4237,477,44263,0.0268842,0.55,1,567100,566623,477
35285141,25.7563,28.4847,475,44311,0.0453768,0.49,1,567126,566651,475
35288061,21.9513,29.6969,466,44359,0.0330754,0.41,1,567147,566681,466
35290981,29.9903,31.5394,466,44407,0.0786151,0.25,1,567179,566713,466
35293901,25.1981,35.1079,454,44455,0.087723,0.19,1,567203,566749,454
35296821,6.63961,26.2216,432,44502,0.0895446,0.11,1,567205,566773,432
35299741,20.5279,28.4443,427,44549,0.121909,0,1,567229,566802,427
35302661,34.5056,39.2889,423,44596,0.0483818,0,1,567267,566844,423
35305581,30.1011,31.0578,423,44643,0.00967636,0.03,1,567296,566873,423
35308501,47.6202,47.8116,423,44690,0.0259353,0.01,1,567348,566925,423
35311421,42.324,42.3623,423,44737,0.0771871,0,1,567389,566966,423
35314341,32.4648,32.4725,423,44784,0.0714374,0.05,1,567419,566996,423
35317261,25.693,25.6945,423,44831,0.0222875,0.03,1,567443,567020,423
35320181,27.5386,27.5389,423,44878,0.0604575,0.01,1,567471,567048,423
35323101,27.9077,27.9078,423,44925,0.0680915,0.03,1,567499,567076,423
35326021,25.5815,24.7816,424,44972,0.0376183,0.05,1,567524,567100,424
35328941,26.7163,25.7563,425,45019,0.0955237,0.03,1,567551,567126,425
35331861,19.7433,21.9513,422,45066,0.123105,0.09,1,567569,567147,422
35334781,34.3487,29.9903,428,45113,0.112621,0.09,1,567607,567179,428
35337701,24.4697,25.1981,426,45160,0.126524,0.09,1,567629,567203,426
35340621,6.49395,6.63961,426,45207,0.129305,0.13,1,567631,567205,426
35343541,20.4988,20.5279,426,45254,0.129861,0.03,1,567655,567229,426
35346461,31.2998,34.5056,422,45301,0.161972,0,1,567689,567267,422
35349381,29.46,30.1011,422,45348,0.184394,0.03,1,567718,567296,422
35352301,47.492,47.6202,422,45395,0.0608789,0.09,1,567770,567348,422
35355221,43.8984,42.324,424,45441,0.0521758,0.07,1,567813,567389,424
35358141,31.1797,32.4648,422,45487,0.0984352,0.01,1,567841,567419,422
35361061,26.2359,25.693,423,45533,0.059687,0.07,1,567866,567443,423
35363981,26.8472,27.5386,422,45579,0.0519374,0.07,1,567893,567471,422
35366901,29.3694,27.9077,424,45625,0.0343875,0.03,1,567923,567499,424
35369821,24.2739,25.5815,422,45671,0.0628775,0.11,1,567946,567524,422
35372741,31.2548,26.7163,428,45717,0.0525755,0.13,1,567979,567551,428
35375661,19.851,19.7433,427,45763,0.0505151,0.11,1,567996,567569,427
35378581,34.3702,34.3487,427,45809,0.066103,0.13,1,568034,567607,427
35381501,25.274,24.4697,428,45855,0.0852206,0.13,1,568057,567629,428
35384421,6.65481,6.49395,428,45901,0.0570441,0.13,1,568059,567631,428
35387341,20.531,20.4988,428,45947,0.0514088,0.13,1,568083,567655,428
35390261,30.5062,4.09976,461,45993,0.0342818,0.17,1,568116,567655,461
35393181,28.5012,28.02,455,46039,0.0308564,0.19,1,568144,567689,455
35396101,43.3002,28.804,473,46085,0.0461713,0.03,1,568191,567718,473
35399021,45.46,47.3608,467,46131,0.0172343,0.05,1,568237,567770,467
35401941,31.492,43.8722,452,46177,0.0274469,0.11,1,568265,567813,452
35404861,23.8984,31.1744,446,46223,0.0294894,0.05,1,568287,567841,446
35407781,26.3797,26.2349,448,46269,0.0618979,0.05,1,568314,567866,448
35410701,30.0759,26.847,452,46315,0.0523796,0.03,1,568345,567893,452
35413621,24.4152,29.3694,445,46361,0.0824759,0.07,1,568368,567923,445
35416541,31.283,24.2739,455,46406,0.0724952,0.05,1,568401,567946,455
35419461,20.6566,31.2548,440,46451,0.070499,0.05,1,568419,567979,440
35422381,35.3313,19.851,462,46496,0.0700998,0.07,1,568458,567996,462
35425301,24.6663,34.3702,446,46541,0.10202,0.09,1,568480,568034,446
35428221,6.53325,25.274,425,46586,0.108404,0.05,1,568482,568057,425
35431141,20.5067,6.65481,447,46631,0.141681,0.05,1,568506,568059,447
35434061,29.7013,20.531,455,46676,0.148336,0.03,1,568538,568083,455
35436981,29.9403,30.5062,452,46721,0.149667,0.03,1,568568,568116,452
35439901,41.1881,28.5012,468,46766,0.149933,0.05,1,568612,568144,468
35442821,45.0376,43.3002,467,46811,0.101987,0.01,1,568658,568191,467
35445741,32.2075,45.46,450,46856,0.0763973,0.03,1,568687,568237,450
35448661,24.8415,31.492,445,46901,0.0712795,0.03,1,568710,568265,445
35451581,27.3683,23.8984,451,46946,0.118256,0.07,1,568738,568287,451
35454501,30.2737,26.3797,455,46991,0.111651,0.05,1,568769,568314,455
35457421,25.2547,30.0759,448,47036,0.11033,0.09,1,568793,568345,448
35460341,30.6509,24.4152,457,47081,0.110066,0.07,1,568825,568368,457
35463261,20.5302,31.283,442,47126,0.110013,0.07,1,568843,568401,442
35466181,36.906,20.6566,465,47171,0.126003,0.07,1,568884,568419,465
35469101,25.7812,35.3313,449,47216,0.161201,0.11,1,568907,568458,449
35472021,6.75624,24.6663,429,47261,0.20024,0.11,1,568909,568480,429
35474941,21.3512,6.53325,452,47306,0.160048,0.15,1,568934,568482,452
35477861,29.8702,20.5067,460,47351,0.16801,0.15,1,568966,568506,460
35480781,7.57405,29.7013,430,47396,0.169602,0.15,1,568968,568538,430
35483701,24.7148,29.9403,429,47440,0.18592,0.15,1,568997,568568,429
35486621,40.943,41.1881,430,47484,0.221184,0.09,1,569042,568612,430
35489541,41.7886,45.0376,426,47528,0.228237,0.07,1,569084,568658,426
35492461,30.7577,32.2075,425,47572,0.245647,0.07,1,569112,568687,425
35495381,26.1515,24.8415,427,47616,0.265129,0.13,1,569137,568710,427
35498301,28.4303,27.3683,428,47660,0.253026,0.11,1,569166,568738,428
35501221,29.6861,30.2737,427,47704,0.266605,0.11,1,569196,568769,427
35504141,25.1372,25.2547,427,47748,0.269321,0.11,1,569220,568793,427
35507061,30.6274,30.6509,427,47792,0.301864,0.11,1,569252,568825,427
35509981,20.5255,20.5302,427,47836,0.308373,0.13,1,569270,568843,427
35512901,39.3051,36.906,430,47880,0.293675,0.17,1,569314,568884,430
35515821,26.261,25.7812,430,47924,0.322735,0.21,1,569337,568907,430
35518741,6.8522,6.75624,430,47968,0.344547,0.15,1,569339,568909,430
35521661,21.3704,21.3512,430,48012,0.396909,0.17,1,569364,568934,430
35524581,29.8741,29.8702,430,48056,0.439382,0.17,1,569396,568966,430
35527501,7.57482,7.57405,430,48100,0.415876,0.19,1,569398,568968,430
35530421,25.515,24.7148,431,48144,0.475175,0.23,1,569428,568997,431
35533341,41.103,40.943,431,48188,0.535035,0.23,1,569473,569042,431
35536261,42.6206,41.7886,432,48232,0.547007,0.25,1,569516,569084,432
35539181,30.9241,30.7577,432,48276,0.517401,0.27,1,569544,569112,432
35542101,28.5848,26.1515,435,48320,0.54348,0.25,1,569572,569137,435
35545021,28.117,28.4303,434,48364,0.564696,0.27,1,569600,569166,434
35547941,30.4234,29.6861,435,48408,0.632939,0.27,1,569631,569196,435
35550861,25.2847,25.1372,435,48452,0.646588,0.31,1,569655,569220,435
35553781,30.6569,30.6274,435,48495,0.617318,0.31,1,569687,569252,435
35556701,20.5314,20.5255,435,48538,0.643463,0.29,1,569705,569270,435
35559621,40.9063,39.3051,437,48581,0.632693,0.33,1,569751,569314,437
35562541,28.1813,26.261,439,48624,0.662539,0.35,1,569776,569337,439
35565461,7.23625,6.8522,439,48667,0.636508,0.41,1,569778,569339,439
35568381,23.8472,21.3704,442,48710,0.679302,0.45,1,569806,569364,442
35571301,31.1694,29.8741,443,48753,0.67186,0.41,1,569839,569396,443
35574221,7.83389,7.57482,443,48796,0.686372,0.49,1,569841,569398,443
35577141,26.3668,25.515,444,48839,0.689274,0.49,1,569872,569428,444
35580061,43.6734,5.10299,492,48882,0.689855,0.55,1,569920,569428,492
35582981,42.3347,37.0206,489,48925,0.689971,0.55,1,569962,569473,489
35585901,30.8669,41.8041,474,48968,0.705994,0.51,1,569990,569516,474
35588821,30.9734,30.7608,477,49011,0.709199,0.55,1,570021,569544,477
35591741,28.5947,28.5522,477,49054,0.70984,0.57,1,570049,569572,477
35594661,32.1189,28.1104,482,49097,0.693968,0.65,1,570082,569600,482
35597581,25.6238,30.4221,475,49140,0.706794,0.65,1,570106,569631,475
35600501,30.7248,25.2844,483,49183,0.709359,0.61,1,570138,569655,483
35603421,20.545,30.6569,469,49226,0.709872,0.65,1,570156,569687,469
35606341,41.709,20.5314,498,49269,0.693974,0.63,1,570203,569705,498
35609261,28.3418,40.9063,477,49312,0.674795,0.67,1,570228,569751,477
35612181,7.26836,28.1813,454,49355,0.670959,0.63,1,570230,569776,454
35615101,24.6537,7.23625,481,49398,0.718192,0.69,1,570259,569778,481
35618021,32.1307,23.8472,487,49441,0.727638,0.67,1,570293,569806,487
35620941,8.02615,31.1694,456,49484,0.729528,0.69,1,570295,569839,456
35623861,25.6052,7.83389,484,49527,0.713906,0.69,1,570325,569841,484
35626781,45.121,26.3668,503,49570,0.742781,0.69,1,570375,569872,503
35629701,43.4242,43.6734,498,49613,0.764556,0.69,2,570418,569920,498
35632621,31.8848,42.3347,485,49655,0.784911,0.71,2,570447,569962,485
35635541,30.377,30.8669,487,49697,0.820982,0.71,2,570477,569990,487
35638461,28.4754,30.9734,484,49739,0.828196,0.71,2,570505,570021,484
35641381,31.2951,28.5947,488,49781,0.861639,0.69,2,570537,570049,488
35644301,26.259,32.1189,480,49823,0.852328,0.71,2,570562,570082,480
35647221,30.8518,25.6238,488,49865,0.850466,0.71,2,570594,570106,488
35650141,20.5704,30.7248,474,49907,0.866093,0.71,2,570612,570138,474
35653061,40.9141,20.545,502,49949,0.885219,0.69,2,570658,570156,502
35655981,28.1828,41.709,480,49991,0.905044,0.67,2,570683,570203,480
35658901,7.23656,28.3418,457,50033,0.909009,0.67,2,570685,570228,457
35661821,26.2473,7.26836,486,50075,0.877802,0.73,2,570716,570230,486
35664741,30.8495,24.6537,489,50117,0.87156,0.73,2,570748,570259,489
35667661,7.76989,32.1307,457,50159,0.870312,0.73,2,570750,570293,457
35670581,26.354,8.02615,486,50201,0.918062,0.71,2,570781,570295,486
35673501,47.6708,25.6052,509,50243,0.943612,0.75,2,570834,570325,509
35834101,30,23,524,52499,0.87,1,2,572393,571869,524
35845781,413.2,462.2,461,23360,0.214,0.31,1,572902,572441,461
35891041,153.84,187.64,431,23360,0.0988,0.03,1,572991,572560,431
35893961,80.368,78.328,442,24178,0.07576,0,1,573053,572611,442
35896881,58.4736,47.6656,455,24266,0.023152,0.07,1,573106,572651,455
35899801,56.4947,60.7331,447,24353,0.0286304,0.01,1,573162,572715,447
35902721,58.4989,56.1466,451,24440,0.0457261,0,1,573221,572770,451
35905641,55.6998,77.6293,423,24527,0.0171452,0.03,1,573276,572853,423
35908561,35.94,31.5259,434,24613,0.043429,0.05,1,573307,572873,434
35911481,51.188,29.5052,460,24699,0.0806858,0.07,1,573362,572902,460
35914401,51.0376,57.901,446,24785,0.0721372,0.07,1,573413,572967,446
35917321,59.8075,80.3802,422,24871,0.102427,0.01,1,573475,573053,422
35920241,55.1615,58.476,423,24956,0.0444855,0.03,1,573529,573106,423
35923161,55.8323,56.4952,423,25041,0.0168971,0.05,1,573585,573162,423
35926081,57.5665,58.499,422,25126,0.0593794,0.01,1,573643,573221,422
35929001,55.5133,55.6998,422,25210,0.0678759,0.05,1,573698,573276,422
35931921,38.3027,35.94,425,25294,0.0375752,0.09,1,573732,573307,425
35934841,50.8605,51.188,424,25378,0.111515,0.07,1,573786,573362,424
35937761,52.5721,51.0376,426,25461,0.174303,0.07,1,573839,573413,426
35940681,58.5144,10.2075,486,25544,0.202861,0.11,1,573899,573413,486
35943601,53.3029,51.6415,476,25627,0.144572,0.03,1,573951,573475,476
35946521,54.6606,53.5283,477,25710,0.0529144,0.01,1,574006,573529,477
35949441,58.1321,55.5057,480,25792,0.0185829,0.07,1,574065,573585,480
35952361,54.8264,57.5011,476,25874,0.0277166,0.07,1,574119,573643,476
35955281,38.9653,55.5002,456,25956,0.0295433,0.03,1,574154,573698,456
35958201,54.9931,38.3,481,26038,0.0299087,0.13,1,574213,573732,481
35961121,55.7986,50.86,483,26119,0.125982,0.19,1,574269,573786,483
35964041,59.9597,52.572,491,26200,0.145196,0.21,1,574330,573839,491
35966961,48.7919,58.5144,477,26281,0.181039,0.13,1,574376,573899,477
35969881,50.5584,53.3029,476,26362,0.172208,0.03,1,574427,573951,476
35972801,58.1117,54.6606,481,26442,0.0584416,0.01,1,574487,574006,481
35975721,54.0223,58.1321,475,26522,0.0116883,0.03,1,574540,574065,475
35978641,40.4045,54.8264,458,26602,0.0583377,0.03,1,574577,574119,458
35981561,54.4809,38.9653,481,26682,0.0836675,0.03,1,574635,574154,481
35984481,60.4962,54.9931,484,26761,0.104734,0.15,1,574697,574213,484
35987401,60.8992,55.7986,489,26840,0.124947,0.15,1,574758,574269,489
35990321,13.7798,59.9597,430,26919,0.128989,0.19,1,574760,574330,430
35993241,40.356,48.7919,431,26998,0.177798,0.17,1,574807,574376,431
35996161,46.4712,50.5584,428,27076,0.21956,0.03,1,574855,574427,428
35999081,53.2942,58.1117,423,27154,0.243912,0,1,574910,574487,423
36002001,52.2588,54.0223,422,27232,0.200782,0.07,1,574962,574540,422
36004921,42.4518,40.4045,425,27310,0.128156,0.09,1,575002,574577,425
36007841,56.4904,54.4809,427,27388,0.113631,0.11,1,575062,574635,427
36010761,60.8981,60.4962,427,27465,0.126726,0.13,1,575124,574697,427
36013681,62.5796,60.8992,429,27542,0.161345,0.13,1,575187,574758,429
36016601,14.1159,13.7798,429,27619,0.168269,0.19,1,575189,574760,429
36019521,42.0232,40.356,431,27696,0.217654,0.23,1,575238,574807,431
36022441,46.8046,46.4712,431,27772,0.243531,0.25,1,575286,574855,431
36025361,54.1609,53.2942,432,27848,0.312706,0.19,1,575342,574910,432
36028281,50.0322,52.2588,429,27924,0.342541,0.11,1,575391,574962,429
36031201,38.8064,42.4518,425,28000,0.316508,0.11,1,575427,575002,425
36034121,58.1613,56.4904,428,28076,0.327302,0.13,1,575490,575062,428
36037041,61.2323,60.8981,428,28151,0.32946,0.17,1,575552,575124,428
36039961,64.2465,62.5796,430,28226,0.393892,0.17,1,575617,575187,430
36042881,14.4493,14.1159,430,28301,0.406778,0.23,1,575619,575189,430
36045801,44.4899,42.0232,433,28376,0.521356,0.23,1,575671,575238,433
36048721,48.098,8.40464,482,28451,0.496271,0.25,1,575720,575238,482
36051641,55.2196,40.0809,491,28525,0.475254,0.33,1,575777,575286,491
36054561,51.0439,52.8162,485,28599,0.487051,0.35,1,575827,575342,485
36057481,39.0088,49.7632,472,28673,0.48941,0.31,1,575863,575391,472
36060401,58.2018,38.7526,499,28747,0.505882,0.33,1,575926,575427,499
36063321,62.0404,58.1505,499,28821,0.509176,0.33,1,575989,575490,499
36066241,68.4081,61.2301,507,28894,0.589835,0.41,1,576059,575552,507
36069161,15.2816,64.246,444,28967,0.573967,0.41,1,576061,575617,444
36072081,47.8563,14.4492,498,29040,0.618793,0.55,1,576117,575619,498
36075001,47.9713,44.4898,494,29113,0.643759,0.49,1,576165,575671,494
36077921,54.3943,48.098,501,29186,0.648752,0.47,1,576221,575720,501
36080841,51.6788,55.2196,495,29259,0.68175,0.49,1,576272,575777,495
36083761,39.1358,51.0439,481,29331,0.68835,0.49,1,576308,575827,481
36086681,57.4272,39.0088,507,29403,0.68967,0.51,1,576370,575863,507
36089601,63.4854,58.2018,509,29475,0.673934,0.51,1,576435,575926,509
36092521,71.0971,62.0404,519,29547,0.734787,0.61,1,576508,575989,519
36095441,15.8194,68.4081,451,29619,0.746957,0.57,1,576510,576059,451
36098361,51.1639,15.2816,509,29690,0.749391,0.63,1,576570,576061,509
36101281,48.6328,47.8563,501,29761,0.781878,0.65,2,576618,576117,501
36104201,54.5266,47.9713,509,29832,0.820376,0.65,2,576674,576165,509
36107121,12.5053,54.3943,455,29903,0.828075,0.69,2,576676,576221,455
36110041,44.1011,51.6788,456,29974,0.893615,0.69,2,576728,576272,456
36112961,37.6202,39.1358,456,30045,0.906723,0.69,2,576764,576308,456
36115881,57.124,57.4272,456,30115,0.877345,0.67,2,576826,576370,456
36118801,63.4248,63.4854,456,30185,0.903469,0.75,2,576891,576435,456
36121721,73.485,71.0971,459,30255,0.924694,0.75,2,576967,576508,459
36244361,33,21,499,33064,0.75,1,2,578904,578405,499
36247281,17.8,28.2,483,33128,0.782,1,2,578918,578435,483
36250201,52.36,57.64,479,33192,0.8044,1,2,578979,578500,479
36253121,42.472,44.328,478,33256,0.76088,0.95,2,579019,578541,478
36256041,51.6944,48.0656,483,33320,0.736176,0.99,1,579073,578590,483
36258961,39.9389,37.6131,485,33383,0.747235,1,1,579110,578625,485
36261881,30.3878,33.1226,481,33446,0.701447,1,1,579138,578657,481
36264801,26.8776,33.8245,473,33509,0.724289,1,1,579164,578691,473
36267721,26.9755,30.7649,470,33572,0.744858,0.89,1,579191,578721,470
36270641,45.3951,51.753,463,33635,0.764972,0.75,2,579241,578778,463
36273561,80.279,84.7506,459,33698,0.736994,0.75,1,579330,578871,459
36276481,44.0558,43.3501,461,33761,0.811399,0.79,2,579365,578904,461
36279401,18.4112,19.87,459,33824,0.79428,0.81,2,579377,578918,459
36282321,52.4822,52.774,459,33887,0.806856,0.75,2,579438,578979,459
36285241,40.0964,42.5548,456,33949,0.777371,0.73,2,579475,579019,456
36288161,53.6193,51.711,459,34011,0.787474,0.75,2,579532,579073,459
36291081,38.7239,39.9422,457,34073,0.837495,0.69,2,579567,579110,457
36294001,30.1448,30.3884,457,34135,0.879499,0.73,2,579595,579138,457
36296921,26.829,26.8777,457,34197,0.9039,0.75,2,579621,579164,457
36457521,61,38,537,37446,0.61,1,1,581915,581378,537
36460441,41,59.6,508,37502,0.562,1,1,581951,581443,508
36463361,43.4,40.72,516,37558,0.4884,1,1,581995,581479,516
36466281,33.48,36.144,512,37614,0.42568,1,1,582026,581514,512
36469201,33.896,31.2288,516,37670,0.429136,1,1,582060,581544,516
36472121,29.9792,33.4458,511,37726,0.349827,1,1,582089,581578,511
36475041,35.5958,37.0892,510,37782,0.349965,1,1,582126,581616,510
36477961,63.9192,35.4178,546,37838,0.301993,0.99,1,582197,581651,546
36480881,39.1838,61.4836,511,37894,0.292399,0.92,1,582230,581719,511
36483801,28.6368,40.2967,502,37950,0.30648,0.92,1,582256,581754,502
36486721,31.3274,34.4593,501,38006,0.309296,0.87,1,582288,581787,501
36489641,24.6655,33.2919,491,38062,0.357859,0.75,1,582311,581820,491
36492561,47.3331,33.8584,510,38118,0.303572,0.61,1,582364,581854,510
36495481,34.2666,55.5717,480,38173,0.308714,0.55,1,582395,581915,480
36498401,39.6533,39.9143,485,38228,0.325743,0.47,1,582436,581951,485
36501321,29.5307,43.1829,468,38283,0.345149,0.41,1,582463,581995,468
36504241,33.1061,33.4366,471,38338,0.34903,0.43,1,582497,582026,471
36507161,32.2212,33.8873,469,38393,0.397806,0.33,1,582529,582060,469
36510081,33.6442,29.9775,474,38448,0.375561,0.35,1,582563,582089,474
36513001,61.1289,35.5955,505,38503,0.339112,0.29,1,582631,582126,505
36515921,40.2258,63.9191,469,38558,0.395822,0.29,1,582666,582197,469
36518841,28.8452,39.1838,462,38613,0.407164,0.31,1,582692,582230,462
36521761,7.36903,28.6368,438,38668,0.409433,0.31,1,582694,582256,438
36524681,27.8738,31.3274,439,38723,0.473887,0.37,1,582727,582288,439
36527601,23.9748,24.6655,439,38778,0.486777,0.29,1,582750,582311,439
36530521,46.395,47.3331,438,38832,0.489355,0.31,1,582802,582364,438
36533441,33.279,34.2666,437,38886,0.489871,0.33,1,582832,582395,437
36536361,41.8558,39.6533,440,38940,0.505974,0.35,1,582876,582436,440
36539281,29.1712,29.5307,439,38994,0.477195,0.35,1,582902,582463,439
36542201,35.4342,33.1061,442,39048,0.535439,0.41,1,582939,582497,442
36545121,32.6868,32.2212,442,39102,0.547088,0.37,1,582971,582529,442
36548041,32.1374,33.6442,440,39156,0.517418,0.33,1,583003,582563,440
36550961,62.4275,61.1289,442,39210,0.575484,0.41,1,583073,582631,442
36553881,40.4855,40.2258,442,39264,0.587097,0.41,1,583108,582666,442
36556801,28.8971,28.8452,442,39318,0.637419,0.41,1,583134,582692,442
36559721,7.37942,7.36903,442,39372,0.647484,0.49,1,583136,582694,442
36562641,30.2759,27.8738,445,39426,0.681497,0.49,1,583172,582727,445
36565561,23.6552,23.9748,444,39480,0.672299,0.49,1,583194,582750,444
36568481,46.331,46.395,444,39533,0.68646,0.49,1,583246,582802,444
36571401,33.2662,33.279,444,39586,0.721292,0.51,1,583276,582832,444
36574321,42.6532,41.8558,445,39639,0.712258,0.47,1,583321,582876,445
36577241,29.3306,29.1712,445,39692,0.726452,0.55,1,583347,582902,445
36580161,37.0661,35.4342,447,39745,0.68129,0.55,1,583386,582939,447
36583081,33.0132,32.6868,447,39798,0.704258,0.51,1,583418,582971,447
36586001,33.0026,32.1374,448,39851,0.692852,0.59,1,583451,583003,448
36588921,64.2005,62.4275,450,39904,0.70657,0.59,1,583523,583073,450
36591841,42.4401,40.4855,452,39957,0.709314,0.65,1,583560,583108,452
36594761,29.288,28.8971,452,40010,0.741863,0.65,1,583586,583134,452
36597681,7.4576,7.37942,452,40063,0.748373,0.65,1,583588,583136,452
36600601,31.0915,1.47588,489,40116,0.749675,0.69,1,583625,583136,489
36603521,24.6183,29.0952,476,40169,0.765935,0.67,2,583648,583172,476
36606441,47.3237,23.419,507,40222,0.785187,0.69,2,583701,583194,507
36609361,33.4647,46.2838,485,40274,0.789037,0.73,2,583731,583246,485
36612281,43.4929,33.2568,501,40326,0.789807,0.71,2,583777,583276,501
36615201,30.2986,42.6514,483,40378,0.837961,0.73,2,583804,583321,483
36618121,34.8597,29.3303,493,40430,0.847592,0.67,2,583840,583347,493
36621041,32.5719,37.0661,486,40482,0.849518,0.71,2,583872,583386,486
36623961,32.1144,33.0132,486,40534,0.849904,0.69,2,583904,583418,486
36796241,33,30,511,43501,0.89,1,2,585989,585478,511
36799161,31.4,31.6,510,43550,0.89,1,2,586020,585510,510
36802081,32.68,33.52,509,43598,0.906,0.96,2,586053,585544,509
36805001,28.936,30.704,507,43646,0.8932,1,2,586081,585574,507
36807921,32.1872,18.1408,525,43694,0.79464,1,2,586114,585589,525
36810841,36.8374,45.2282,511,43742,0.806928,1,2,586152,585641,511
36813761,20.9675,37.8456,492,43790,0.793386,1,2,586169,585677,492
36816681,26.5935,21.9691,502,43838,0.822677,1,2,586197,585695,502
36819601,30.1187,17.1938,517,43886,0.876535,1,2,586228,585711,517
36822521,26.8237,33.8388,505,43934,0.871307,0.91,2,586254,585749,505
36825441,26.9647,30.7678,502,43982,0.854261,0.92,2,586281,585779,502
36828361,50.1929,29.3536,529,44030,0.802852,1,2,586337,585808,529
36831281,58.8386,52.2707,532,44078,0.84057,0.89,2,586398,585866,532
36834201,32.5677,63.2541,492,44126,0.848114,0.91,2,586424,585932,492
36837121,31.3135,31.8508,499,44174,0.897623,0.89,2,586455,585956,499
36840041,28.6627,32.7702,494,44222,0.907525,0.89,2,586483,585989,494
36842961,32.1325,31.354,496,44270,0.925505,0.91,2,586516,586020,496
36845881,32.0265,32.6708,495,44318,0.897101,0.89,2,586548,586053,495
36848801,32.0053,28.9342,499,44366,0.89142,0.77,2,586580,586081,499
37072181,85,101,475,22093,0.79,0.75,2,589373,588898,475
37075101,87.4,49.8,526,22189,0.774,0.73,2,589461,588935,526
37078021,51.08,87.56,471,22285,0.7708,0.63,2,589503,589032,471
37080941,70.216,48.712,507,22380,0.78616,0.65,2,589578,589071,507
37083861,37.2432,61.7424,471,22475,0.853232,0.71,2,589607,589136,471
37086781,63.4486,42.7485,503,22569,0.882646,0.69,2,589677,589174,503
37089701,67.0897,47.7497,522,22663,0.904529,0.69,2,589745,589223,522
37194821,50,93,512,25818,0.47,1,1,592001,591489,512
37197741,64.4,47.4,544,25900,0.342,1,1,592069,591525,544
37200661,60.88,70.28,528,25982,0.1724,1,1,592129,591601,528
37203581,43.376,46.856,526,26064,0.09048,1,1,592168,591642,526
37206501,57.4752,50.9712,535,26145,0.090096,1,1,592229,591694,535
37209421,61.895,57.3942,539,26226,0.0900192,0.97,1,592292,591753,539
37212341,54.779,67.4788,522,26307,0.0580038,0.87,1,592345,591823,522
37215261,58.1558,61.4958,521,26388,0.0836008,0.63,1,592404,591883,521
37218181,42.0312,66.6992,491,26468,0.0247202,0.47,1,592442,591951,491
37221101,57.2062,53.3398,502,26548,0.044944,0.31,1,592503,592001,502
37224021,53.8412,65.068,487,26628,0.0329888,0.13,1,592556,592069,487
37226941,40.3682,61.0136,464,26708,0.0625978,0.07,1,592593,592129,464
37229861,56.8736,43.4027,486,26787,0.0685195,0.09,1,592654,592168,486
37232781,61.7747,57.4805,488,26866,0.0857039,0.09,1,592717,592229,488
37235701,13.9549,61.8961,427,26945,0.0891408,0.05,1,592719,592292,427
37238621,42.791,54.7792,424,27024,0.0898282,0.09,1,592769,592345,424
37241541,57.3582,58.1558,426,27102,0.0899656,0.01,1,592830,592404,426
37244461,39.4716,42.0312,423,27180,0.0419931,0.05,1,592865,592442,423
37247381,55.8943,57.2062,422,27258,0.0163986,0.03,1,592925,592503,422
37250301,55.1789,53.8412,424,27336,0.0752797,0.07,1,592980,592556,424
37253221,43.0358,40.3682,427,27413,0.0550559,0.07,1,593020,592593,427
37256141,56.6072,56.8736,426,27490,0.0350112,0.09,1,593080,592654,426
37259061,61.7214,61.7747,426,27567,0.0630022,0.09,1,593143,592717,426
37261981,13.9443,13.9549,426,27644,0.0686004,0.09,1,593145,592719,426
37264901,42.7889,42.791,426,27721,0.18172,0.09,1,593195,592769,426
37267821,55.7578,57.3582,424,27797,0.236344,0.03,1,593254,592830,424
37270741,37.5516,39.4716,422,27873,0.231269,0.01,1,593287,592865,422
37273661,55.5103,55.8943,422,27949,0.262254,0.09,1,593347,592925,422
37276581,56.7021,55.1789,424,28025,0.236451,0.05,1,593404,592980,424
37279501,43.3404,43.0358,424,28101,0.23129,0.03,1,593444,593020,424
37282421,55.0681,56.6072,422,28176,0.246258,0.07,1,593502,593080,422
37285341,63.8136,61.7214,425,28251,0.249252,0.07,1,593568,593143,425
37288261,14.3627,13.9443,425,28326,0.24985,0.21,1,593570,593145,425
37291181,46.8725,42.7889,430,28401,0.23397,0.21,1,593625,593195,430
37294101,57.3745,8.55777,490,28476,0.246794,0.25,1,593685,593195,490
37297021,37.0749,48.9116,463,28550,0.265359,0.23,1,593717,593254,463
37299941,57.815,36.1823,493,28624,0.285072,0.27,1,593780,593287,493
37302861,54.763,55.2365,487,28698,0.257014,0.23,1,593834,593347,487
37305781,42.9526,56.6473,470,28772,0.267403,0.23,1,593874,593404,470
37308701,55.7905,43.3295,489,28846,0.269481,0.25,1,593933,593444,489
37311621,63.9581,55.0659,497,28919,0.269896,0.25,1,593999,593502,497
37314541,14.3916,63.8132,433,28992,0.269979,0.25,1,594001,593568,433
37317461,46.0783,14.3626,485,29065,0.301996,0.23,1,594055,593570,485
37320381,60.4157,46.8725,494,29138,0.356399,0.25,1,594119,593625,494
37323301,37.6831,57.3745,466,29211,0.41528,0.27,1,594151,593685,466
37326221,57.1366,37.0749,496,29283,0.491056,0.29,1,594213,593717,496
37329141,54.6273,57.815,487,29355,0.538211,0.25,1,594267,593780,487
37332061,43.7255,54.763,474,29427,0.563642,0.27,1,594308,593834,474
37334981,55.9451,42.9526,493,29499,0.568729,0.27,1,594367,593874,493
37337901,63.989,55.7905,500,29571,0.601746,0.27,1,594433,593933,500
37340821,14.3978,63.9581,436,29643,0.608349,0.27,1,594435,593999,436
37343741,47.6796,14.3916,490,29714,0.62567,0.31,1,594491,594001,490
37346661,64.7359,46.0783,505,29785,0.613134,0.37,1,594560,594055,505
37349581,14.5472,60.4157,443,29856,0.610627,0.43,1,594562,594119,443
37352501,30.1094,37.6831,445,29927,0.658125,0.51,1,594596,594151,445
37355421,58.0219,57.1366,448,29998,0.699625,0.55,1,594661,594213,448
37358341,55.6044,54.6273,449,30069,0.723925,0.57,1,594716,594267,449
37361261,44.7209,43.7255,450,30139,0.696785,0.57,1,594758,594308,450
37364181,56.1442,55.9451,450,30209,0.755357,0.61,2,594817,594367,450
37367101,65.6288,63.989,452,30279,0.751071,0.61,2,594885,594433,452
37370021,14.7258,14.3978,452,30349,0.750214,0.63,2,594887,594435,452
37372941,48.5452,47.6796,453,30419,0.814043,0.61,2,594944,594491,453
37375861,64.909,64.7359,453,30489,0.826809,0.61,2,595013,594560,453
37378781,14.5818,14.5472,453,30558,0.829362,0.67,2,595015,594562,453
37381701,30.9164,30.1094,454,30627,0.861872,0.71,2,595050,594596,454
37384621,58.9833,58.0219,455,30696,0.932374,0.73,2,595116,594661,455
37513101,38,35,496,33594,0.73,1,1,597146,596650,496
37516021,35.6,48.6,479,33657,0.65,1,1,597181,596702,479
37518941,73.52,64.92,493,33720,0.394,1,1,597264,596771,493
37521861,35.504,32.184,495,33783,0.2628,1,1,597290,596795,495
37524781,31.1008,35.2368,489,33846,0.18856,1,1,597320,596831,489
37527701,63.0202,66.2474,486,33908,0.109712,0.97,1,597391,596905,486
37530621,30.204,38.8495,476,33970,0.0779424,1,1,597413,596937,476
37533541,30.0408,34.9699,472,34032,0.0395885,0.98,1,597443,596971,472
37536461,35.6082,34.994,474,34094,0.0479177,0.92,1,597480,597006,474
37539381,46.3216,53.3988,465,34156,0.0975835,0.75,1,597529,597064,465
37542301,40.4643,45.8798,460,34218,0.0435167,0.75,1,597568,597108,460
37545221,35.2929,9.17595,494,34280,0.0327033,0.73,1,597602,597108,494
37548141,27.8586,32.2352,482,34342,0.0625407,0.63,1,597628,597146,482
37551061,63.9717,34.447,520,34404,0.0845081,0.33,1,597701,597181,520
37553981,27.9943,73.2894,456,34465,0.104902,0.23,1,597720,597264,456
37556901,27.9989,35.4579,458,34526,0.0769803,0.17,1,597748,597290,458
37559821,56.7998,31.0916,492,34587,0.135396,0.09,1,597812,597320,492
37562741,30.56,63.0183,445,34648,0.0510792,0.07,1,597836,597391,445
37565661,28.512,30.2037,451,34709,0.0662158,0.03,1,597864,597413,451
37568581,36.9024,30.0407,460,34770,0.0372432,0.05,1,597903,597443,460
37571501,46.5805,35.6081,472,34831,0.0634486,0.11,1,597952,597480,472
37574421,38.9161,46.3216,460,34892,0.11669,0.03,1,597989,597529,460
37577341,37.3832,40.4643,458,34953,0.143338,0.03,1,598026,597568,458
37580261,29.8766,35.2929,452,35013,0.164668,0.07,1,598054,597602,452
37583181,65.1753,27.8586,500,35073,0.168934,0.09,1,598128,597628,500
37586101,27.4351,63.9717,445,35133,0.169787,0.11,1,598146,597701,445
37589021,28.687,27.9943,455,35193,0.153957,0.07,1,598175,597720,455
37591941,54.5374,27.9989,488,35253,0.214791,0.15,1,598236,597748,488
37594861,28.5075,56.7998,446,35313,0.194958,0.03,1,598258,597812,446
37597781,28.1015,30.56,450,35373,0.222992,0.07,1,598286,597836,450
37600701,37.6203,28.512,462,35433,0.180598,0.03,1,598326,597864,462
37603621,49.9241,36.9024,476,35493,0.12412,0.07,1,598379,597903,476
37606541,41.1848,46.5805,466,35553,0.144824,0.13,1,598418,597952,466
37609461,37.837,38.9161,466,35612,0.164965,0.15,1,598455,597989,466
37612381,29.9674,37.3832,457,35671,0.184993,0.17,1,598483,598026,457
37615301,7.59348,29.8766,431,35730,0.188999,0.17,1,598485,598054,431
37618221,59.9187,65.1753,430,35789,0.2538,0.17,1,598558,598128,430
37621141,26.3837,27.4351,430,35848,0.26676,0.15,1,598576,598146,430
37624061,29.2767,28.687,431,35907,0.237352,0.23,1,598606,598175,431
37626981,56.2554,54.5374,433,35966,0.29547,0.19,1,598669,598236,433
37629901,28.0511,28.5075,432,36025,0.291094,0.23,1,598690,598258,432
37632821,29.6102,28.1015,434,36084,0.290219,0.17,1,598720,598286,434
37635741,33.122,37.6203,428,36143,0.306044,0.11,1,598754,598326,428
37638661,49.0244,49.9241,428,36201,0.341209,0.15,1,598807,598379,428
37641581,41.8049,41.1848,429,36259,0.348242,0.17,1,598847,598418,429
37644501,39.561,37.837,431,36317,0.381648,0.19,1,598886,598455,431
37647421,30.3122,29.9674,431,36375,0.37233,0.19,1,598914,598483,431
37650341,7.66244,7.59348,431,36433,0.402466,0.27,1,598916,598485,431
37653261,61.5325,59.9187,433,36491,0.472493,0.27,1,598991,598558,433
37656181,26.7065,26.3837,433,36549,0.502499,0.23,1,599009,598576,433
37659101,29.3413,29.2767,433,36607,0.5085,0.31,1,599039,598606,433
37662021,57.8683,56.2554,435,36665,0.5257,0.29,1,599104,598669,435
37664941,29.1737,28.0511,436,36723,0.57714,0.29,1,599126,598690,436
37667861,29.8347,29.6102,436,36781,0.555428,0.31,1,599156,598720,436
37670781,33.9669,33.122,437,36838,0.567086,0.35,1,599191,598754,437
37673701,49.1934,49.0244,437,36895,0.601417,0.35,1,599244,598807,437
37676621,41.8387,41.8049,437,36952,0.608283,0.39,1,599284,598847,437
37679541,41.9677,39.561,440,37009,0.577657,0.37,1,599326,598886,440
37682461,31.5935,30.3122,441,37066,0.555531,0.41,1,599355,598914,441
37685381,7.91871,7.66244,441,37123,0.551106,0.49,1,599357,598916,441
37688301,65.5837,61.5325,446,37180,0.550221,0.49,1,599437,598991,446
37691221,27.5167,12.3065,464,37237,0.550044,0.51,1,599455,598991,464
37694141,29.5033,16.8613,476,37294,0.550009,0.51,1,599485,599009,476
37697061,58.7007,27.3723,512,37351,0.566002,0.53,1,599551,599039,512
37699981,30.1401,57.4745,470,37408,0.5532,0.59,1,599574,599104,470
37702901,30.028,29.0949,478,37464,0.56664,0.55,1,599604,599126,478
37705821,34.8056,29.819,484,37520,0.537328,0.57,1,599640,599156,484
37708741,49.3611,33.9638,502,37576,0.563466,0.61,1,599693,599191,502
37711661,41.8722,49.1928,489,37632,0.568693,0.61,1,599733,599244,489
37714581,40.3744,41.8386,489,37688,0.569739,0.57,1,599773,599284,489
37717501,32.0749,41.9677,477,37744,0.617948,0.55,1,599803,599326,477
37720421,8.01498,31.5935,450,37800,0.62759,0.55,1,599805,599355,450
37723341,65.603,7.91871,528,37856,0.693518,0.55,1,599885,599357,528
37726261,27.5206,65.5837,466,37912,0.738704,0.55,1,599903,599437,466
37729181,29.5041,27.5167,478,37968,0.811741,0.55,2,599933,599455,478
37732101,59.5008,29.5033,515,38024,0.810348,0.57,2,600000,599485,515
37735021,29.5002,58.7007,471,38080,0.81007,0.55,2,600022,599551,471
37737941,30.7,30.1401,479,38135,0.794014,0.57,2,600053,599574,479
37740861,33.34,30.028,483,38190,0.790803,0.53,2,600087,599604,483
37743781,50.668,34.8056,502,38245,0.838161,0.57,2,600142,599640,502
37746701,42.1336,49.3611,489,38300,0.863632,0.57,2,600182,599693,489
37749621,41.2267,41.8722,490,38355,0.900726,0.57,2,600223,599733,490
37752541,33.8453,40.3744,482,38410,0.908145,0.63,2,600255,599773,482
37755461,8.36907,32.0749,454,38465,0.909629,0.63,2,600257,599803,454
38079581,39,29,530,44141,0.85,1,2,604252,603722,530
38082501,32.6,35.4,524,44189,0.786,1,2,604283,603759,524
38085421,24.12,30.28,517,44237,0.7252,1,1,604305,603788,517
38088341,31.224,34.856,514,44285,0.68104,1,1,604338,603824,514
38091261,30.2448,35.7712,508,44333,0.640208,1,1,604368,603860,508
38094181,43.649,33.5542,522,44381,0.584042,0.95,1,604415,603893,522
38097101,21.5298,37.9108,499,44429,0.668808,1,1,604431,603932,499
38100021,5.90596,21.1822,484,44476,0.685762,1,1,604433,603949,484
38102941,29.9812,33.0364,484,44523,0.625152,1,1,604469,603985,484
38105861,29.1962,33.0073,480,44570,0.61303,1,1,604498,604018,480
38108781,54.6392,55.4015,480,44617,0.642606,1,1,604559,604079,480
38111701,42.9278,41.4803,482,44664,0.584521,0.95,1,604599,604117,482
38114621,26.9856,37.8961,468,44711,0.620904,0.83,1,604622,604154,468
38117541,21.3971,29.1792,461,44758,0.692181,0.87,1,604642,604181,461
38120461,28.2794,31.4358,459,44805,0.658436,0.85,1,604672,604213,459
38123381,35.2559,37.4872,457,44852,0.699687,0.77,1,604709,604252,457
38126301,31.0512,32.2974,456,44899,0.675937,0.71,1,604739,604283,456
38129221,23.0102,24.0595,455,44946,0.703187,0.67,1,604760,604305,455
38132141,29.402,31.2119,453,44993,0.756638,0.63,2,604791,604338,453
38135061,27.4804,30.2424,450,45040,0.735328,0.57,1,604818,604368,450
38137981,44.6961,43.6485,452,45087,0.731066,0.69,1,604867,604415,452
38140901,20.1392,21.5297,450,45134,0.730213,0.69,1,604881,604431,450
38143821,5.62784,5.90594,450,45181,0.762043,0.61,2,604883,604433,450
38146741,30.7256,29.9812,451,45228,0.768409,0.61,2,604920,604469,451
38149661,28.5451,29.1962,450,45275,0.785682,0.65,2,604948,604498,450
38152581,54.509,54.6392,450,45322,0.901136,0.57,2,605009,604559,450
38155501,44.5018,42.9278,452,45369,0.860227,0.63,2,605051,604599,452
38158421,28.1004,26.9856,453,45415,0.884045,0.71,2,605075,604622,453
38161341,21.6201,21.3971,453,45461,0.904809,0.65,2,605095,604642,453
38164261,29.124,28.2794,454,45507,0.892962,0.71,2,605126,604672,454
38202221,25,42,488,46105,0.95,0.89,2,605539,605051,488
38205141,22.6,27.6,486,46151,0.918,0.91,2,605561,605075,486
38208061,28.52,21.52,496,46197,0.9276,0.89,2,605591,605095,496
38210981,40.104,29.104,508,46243,0.91352,0.95,2,605634,605126,508
38213901,30.4208,37.8208,496,46289,0.910704,0.95,2,605662,605166,496
38216821,23.6842,31.5642,488,46335,0.910141,0.91,2,605684,605196,488
38219741,29.5368,23.9128,497,46381,0.894028,0.91,2,605715,605218,497
38371581,26,26,490,48686,0.81,1,2,607321,606831,490
38374501,24.4,17.2,499,48729,0.682,1,1,607345,606846,499
38377421,31.28,37.84,489,48772,0.4644,1,1,607378,606889,489
38380341,36.656,33.168,495,48815,0.35688,1,1,607416,606921,495
38383261,36.1312,33.8336,497,48858,0.223376,1,1,607452,606955,497
38386181,30.4262,6.76672,526,48901,0.132675,1,1,607481,606955,526
38389101,26.0852,30.1533,515,48944,0.066535,0.96,1,607506,606991,515
38392021,33.217,30.8307,519,48987,0.037307,1,1,607541,607022,519
38394941,33.0434,28.5661,524,49030,0.0154614,1,1,607574,607050,524
38397861,29.0087,34.5132,516,49073,0.0590923,1,1,607602,607086,516
38400781,24.2017,30.9026,509,49116,0.0518185,1,1,607625,607116,509
38403701,28.0403,33.3805,504,49159,0.0343637,0.99,1,607654,607150,504
38406621,26.4081,31.4761,499,49202,0.0468727,1,1,607680,607181,499
38409541,22.8816,26.2952,496,49245,0.00937455,1,1,607702,607206,496
38412461,22.1763,26.059,492,49288,0.0578749,0.94,1,607724,607232,492
38415381,29.2353,25.2118,498,49331,0.067575,0.86,1,607755,607257,498
38418301,21.0471,35.4424,479,49374,0.037515,0.81,1,607774,607295,479
38421221,19.4094,27.8885,472,49417,0.079503,0.65,1,607793,607321,472
38424141,25.4819,24.7777,475,49460,0.0399006,0.41,1,607820,607345,475
38427061,31.4964,31.3555,475,49503,0.0799801,0.33,1,607853,607378,475
38429981,30.2993,36.6711,467,49546,0.071996,0.19,1,607883,607416,467
38432901,26.8599,36.1342,457,49589,0.102399,0.11,1,607909,607452,457
38435821,20.572,30.4268,447,49631,0.15648,0.05,1,607928,607481,447
38438741,32.9144,26.0854,458,49673,0.071296,0.03,1,607964,607506,458
38441661,32.1829,33.2171,455,49715,0.0542592,0.01,1,607996,607541,455
38444581,28.0366,33.0434,449,49757,0.0108518,0.07,1,608023,607574,449
38447501,26.4073,29.0087,447,49799,0.0581704,0.05,1,608049,607602,447
38450421,26.8815,24.2017,451,49841,0.0356341,0.03,1,608076,607625,451
38453341,26.1763,28.0403,448,49883,0.0471268,0.05,1,608102,607654,448
38456261,26.0353,26.4081,448,49925,0.0334254,0,1,608128,607680,448
38459181,22.0071,22.8816,447,49967,0.0946851,0.07,1,608149,607702,447
38462101,27.6014,22.1763,454,50009,0.090937,0.07,1,608178,607724,454
38465021,21.5203,29.2353,443,50051,0.0901874,0.03,1,608198,607755,443
38467941,18.7041,21.0471,442,50093,0.0580375,0.09,1,608216,607774,442
38470861,24.5408,19.4094,449,50135,0.0996075,0.03,1,608242,607793,449
38473781,32.1082,25.4819,456,50177,0.107921,0.09,1,608276,607820,456
38476701,31.2216,31.4964,454,50219,0.109584,0.07,1,608307,607853,454
38479621,30.2443,30.2993,454,50261,0.125917,0.11,1,608337,607883,454
38482541,21.2489,26.8599,447,50303,0.145183,0.17,1,608356,607909,447
38485461,5.84977,20.572,430,50345,0.149037,0.05,1,608358,607928,430
38488381,25.17,32.9144,424,50387,0.229807,0.05,1,608388,607964,424
38491301,30.634,32.1829,424,50429,0.245961,0,1,608420,607996,424
38494221,27.7268,28.0366,424,50471,0.249192,0.07,1,608447,608023,424
38497141,28.7454,26.4073,427,50513,0.121838,0.03,1,608476,608049,427
38500061,24.1491,26.8815,423,50555,0.0803677,0.05,1,608499,608076,423
38502981,26.4298,26.1763,424,50597,0.0560735,0.03,1,608526,608102,424
38505901,24.486,26.0353,422,50639,0.0352147,0.11,1,608550,608128,422
38508821,25.6972,22.0071,427,50681,0.0470429,0.09,1,608576,608149,427
38511741,27.5394,27.6014,426,50723,0.0654086,0.09,1,608604,608178,426
38514661,19.9079,21.5203,424,50765,0.0370817,0.05,1,608622,608198,424
38517581,20.7816,18.7041,427,50806,0.0474163,0.11,1,608643,608216,427
38520501,24.9563,24.5408,427,50847,0.0174833,0.11,1,608669,608242,427
38523421,32.1913,32.1082,427,50888,0.0594967,0.11,1,608703,608276,427
38526341,31.2383,31.2216,427,50929,0.115899,0.13,1,608734,608307,427
38529261,32.6476,30.2443,430,50970,0.11118,0.15,1,608767,608337,430
38532181,20.9295,21.2489,429,51011,0.110236,0.15,1,608785,608356,429
38535101,5.78591,5.84977,429,51052,0.158047,0.25,1,608787,608358,429
38538021,27.5572,25.17,432,51093,0.151609,0.25,1,608820,608388,432
38540941,31.1114,30.634,432,51134,0.214322,0.25,1,608852,608420,432
38543861,27.0223,27.7268,431,51175,0.194864,0.09,1,608878,608447,431
38546781,24.6045,28.7454,426,51216,0.206973,0.07,1,608902,608476,426
38549701,20.9209,24.1491,423,51257,0.177395,0.05,1,608922,608499,423
38552621,26.5842,26.4298,424,51298,0.219479,0.03,1,608950,608526,424
38555541,22.9168,24.486,422,51339,0.195896,0.05,1,608972,608550,422
38558461,26.1834,25.6972,423,51380,0.175179,0.07,1,608999,608576,423
38561381,27.6367,27.5394,423,51421,0.219036,0.03,1,609027,608604,423
38564301,19.9273,19.9079,423,51462,0.195807,0.05,1,609045,608622,423
38567221,19.9855,20.7816,422,51503,0.239161,0.01,1,609065,608643,422
38570141,24.7971,24.9563,422,51544,0.231832,0.07,1,609091,608669,422
38573061,32.9594,32.1913,423,51585,0.262366,0.13,1,609126,608703,423
38575981,33.7919,31.2383,426,51626,0.284473,0.11,1,609160,608734,426
38578901,33.9584,32.6476,427,51667,0.288895,0.11,1,609194,608767,427
38581821,22.7917,20.9295,429,51708,0.289779,0.17,1,609214,608785,429
38584741,6.15833,5.78591,429,51749,0.289956,0.15,1,609216,608787,429
38587661,27.6317,27.5572,429,51790,0.257991,0.15,1,609249,608820,429
38590581,31.9263,5.51144,462,51831,0.251598,0.23,1,609282,608820,462
38593501,25.5853,26.7023,454,51872,0.25032,0.19,1,609306,608852,454
38596421,25.1171,26.1405,453,51913,0.266064,0.21,1,609331,608878,453
38599341,21.0234,24.4281,449,51954,0.269213,0.17,1,609351,608902,449
38602261,27.4047,20.8856,458,51995,0.253843,0.23,1,609380,608922,458
38605181,21.4809,26.5771,450,52035,0.250769,0.19,1,609400,608950,450
38608101,27.4962,22.9154,457,52075,0.234154,0.17,1,609429,608972,457
38611021,27.8992,26.1831,458,52115,0.294831,0.23,1,609457,608999,458
38613941,20.7798,27.6366,449,52155,0.322966,0.19,1,609476,609027,449
38616861,20.156,19.9273,451,52195,0.344593,0.25,1,609496,609045,451
38619781,25.6312,19.9855,458,52235,0.332919,0.23,1,609523,609065,458
38622701,33.1262,24.7971,467,52275,0.346584,0.27,1,609558,609091,467
38625621,36.2252,32.9594,469,52315,0.333317,0.29,1,609595,609126,469
38628541,34.445,33.7919,469,52355,0.346663,0.29,1,609629,609160,469
38631461,22.089,33.9584,454,52395,0.365333,0.29,1,609648,609194,454
38634381,6.0178,22.7917,436,52435,0.337067,0.29,1,609650,609214,436
38637301,26.8036,6.15833,466,52475,0.331413,0.25,1,609682,609216,466
38640221,31.7607,27.6317,466,52515,0.378283,0.25,1,609715,609249,466
38643141,25.5521,31.9263,457,52555,0.435657,0.25,1,609739,609282,457
38646061,25.9104,25.5853,459,52595,0.479131,0.27,1,609765,609306,459
38648981,21.1821,25.1171,454,52635,0.503826,0.27,1,609785,609331,454
38651901,26.6364,21.0234,462,52675,0.508765,0.25,1,609813,609351,462
38654821,21.3273,27.4047,453,52715,0.509753,0.25,1,609833,609380,453
38657741,29.0655,21.4809,464,52755,0.493951,0.23,1,609864,609400,464
38660661,29.0131,27.4962,464,52795,0.50679,0.31,1,609893,609429,464
38663581,22.6026,27.8992,457,52835,0.525358,0.33,1,609914,609457,457
38666501,20.5205,20.7798,458,52875,0.545072,0.35,1,609934,609476,458
38669421,24.9041,20.156,464,52915,0.565014,0.33,1,609960,609496,464
38672341,33.7808,25.6312,473,52955,0.585003,0.35,1,609996,609523,473
38675261,36.3562,33.1262,475,52995,0.573001,0.33,1,610033,609558,475
38678181,34.4712,36.2252,472,53035,0.5866,0.35,1,610067,609595,472
38681101,21.2942,34.445,456,53075,0.60532,0.37,1,610085,609629,456
38684021,5.85885,22.089,439,53115,0.609064,0.33,1,610087,609648,439
38686941,27.5718,6.0178,470,53155,0.625813,0.33,1,610120,609650,470
38689861,34.3144,26.8036,474,53195,0.645163,0.39,1,610156,609682,474
38692781,27.6629,31.7607,467,53235,0.681032,0.45,1,610182,609715,467
38695701,7.13257,25.5521,445,53275,0.704206,0.49,1,610184,609739,445
38698621,23.8265,25.9104,447,53315,0.724841,0.51,1,610212,609765,447
38701541,20.7653,21.1821,447,53354,0.728968,0.51,1,610232,609785,447
38704461,26.5531,26.6364,447,53393,0.729794,0.51,1,610260,609813,447
38707381,21.3106,21.3273,447,53432,0.729959,0.49,1,610280,609833,447
38710301,28.2621,29.0655,446,53471,0.761992,0.51,2,610310,609864,446
38713221,29.6524,29.0131,447,53510,0.784398,0.53,2,610340,609893,447
38716141,23.5305,22.6026,448,53549,0.75688,0.55,2,610362,609914,448
38719061,22.3061,20.5205,450,53588,0.767376,0.57,2,610384,609934,450
38721981,25.2612,24.9041,450,53627,0.785475,0.59,2,610410,609960,450
38724901,34.6522,33.7808,451,53666,0.805095,0.57,2,610447,609996,451
38727821,35.7304,36.3562,450,53705,0.809019,0.59,2,610483,610033,450
38730741,35.1461,34.4712,451,53744,0.761804,0.61,2,610518,610067,451
38733661,22.2292,21.2942,452,53783,0.768361,0.61,2,610537,610085,452
38736581,6.04584,5.85885,452,53822,0.801672,0.63,2,610539,610087,452
38739501,27.6092,27.5718,452,53861,0.792334,0.65,2,610572,610120,452
38742421,35.9218,34.3144,454,53900,0.854467,0.69,2,610610,610156,454
38745341,31.1844,27.6629,458,53939,0.834893,0.71,2,610640,610182,458
38748261,7.83687,7.13257,458,53978,0.830979,0.73,2,610642,610184,458
38751181,23.9674,23.8265,458,54017,0.862196,0.73,2,610670,610212,458
39032961,70,63,503,26441,0.45,0.8,1,613285,612782,503
39035881,60.4,55.8,507,26521,0.482,0.93,1,613343,612836,507
39038801,56.08,65.56,494,26601,0.4884,0.73,1,613398,612904,494
39041721,71.216,77.912,488,26681,0.52168,0.69,1,613473,612985,488
39044641,44.6432,63.5824,466,26760,0.528336,0.45,1,613511,613045,466
39047561,72.9286,80.7165,461,26839,0.561667,0.55,1,613591,613130,461
39050481,25.7857,34.5433,452,26918,0.600333,0.51,1,613605,613153,452
39053401,17.1571,14.1087,458,26997,0.576067,0.49,1,613620,613162,458
39056321,39.4314,45.2217,450,27075,0.667213,0.45,1,613665,613215,450
39059241,59.0863,65.0443,444,27153,0.717443,0.49,1,613729,613285,444
39062161,58.2173,59.4089,444,27231,0.711488,0.49,1,613787,613343,444
39065081,57.2435,55.8818,446,27309,0.726298,0.53,1,613844,613398,446
39068001,74.6487,71.1764,450,27387,0.71326,0.53,1,613923,613473,450
39070921,43.7297,44.6353,448,27464,0.758652,0.57,2,613959,613511,448
39073841,74.3459,72.9271,450,27541,0.76773,0.61,2,614041,613591,450
39076761,26.8692,25.7854,451,27618,0.801546,0.57,2,614056,613605,451
39079681,16.5738,17.1571,450,27695,0.808309,0.69,2,614070,613620,450
39082601,42.5148,39.4314,454,27771,0.841662,0.73,2,614119,613665,454
39085521,61.303,59.0863,456,27847,0.864332,0.71,2,614185,613729,456
39202321,54,63,474,30740,0.87,1,2,616199,615725,474
39205241,97.2,85.4,491,30809,0.534,1,1,616307,615816,491
39208161,47.44,43.48,493,30878,0.4028,1,1,616342,615849,493
39211081,72.688,71.896,493,30947,0.23256,1,1,616421,615928,493
39214001,38.5376,37.5792,494,31015,0.182512,1,1,616451,615957,494
39216921,24.5075,28.3158,489,31083,0.124502,1,1,616472,615983,489
39219841,23.3015,30.4632,481,31151,0.0329005,1,1,616495,616014,481
39222761,55.0603,59.6926,477,31219,0.0065801,0.95,1,616558,616081,477
39225681,35.8121,40.7385,472,31287,0.025316,0.95,1,616589,616117,472
39228601,29.5624,8.14771,500,31355,0.0450632,0.89,1,616617,616117,500
39231521,43.5125,24.0295,519,31422,0.0490126,0.87,1,616664,616145,519
39234441,75.9025,48.0059,549,31489,0.0498025,0.45,1,616748,616199,549
39237361,37.5805,96.0012,469,31556,0.0979605,0.37,1,616776,616307,469
39240281,65.9161,47.2002,507,31623,0.123592,0.19,1,616849,616342,507
39243201,33.9832,72.64,454,31690,0.0967184,0.17,1,616875,616421,454
39246121,22.7966,38.528,444,31757,0.0913437,0.11,1,616895,616451,444
39249041,22.9593,24.5056,446,31824,0.0742687,0.01,1,616918,616472,446
39251961,57.3919,23.3011,489,31890,0.0548537,0,1,616984,616495,489
39254881,33.0784,55.0602,453,31956,0.0349707,0.03,1,617011,616558,453
39257801,28.2157,35.812,449,32022,0.0629941,0.05,1,617038,616589,449
39260721,45.6431,29.5624,471,32088,0.0365988,0.05,1,617088,616617,471
39263641,77.1286,43.5125,509,32154,0.0313198,0.05,1,617173,616664,509
39266561,38.6257,75.9025,454,32220,0.046264,0.11,1,617202,616748,454
39269481,65.3251,37.5805,498,32286,0.0492528,0.13,1,617274,616776,498
39272401,33.865,65.9161,451,32352,0.0658506,0.09,1,617300,616849,451
39275321,22.773,33.9832,445,32417,0.0691701,0.09,1,617320,616875,445
39278241,22.9546,22.7966,448,32482,0.085834,0.07,1,617343,616895,448
39281161,56.5909,22.9593,490,32547,0.105167,0.05,1,617408,616918,490
39284081,30.5182,57.3919,448,32612,0.0770334,0.03,1,617432,616984,448
39287001,31.7036,33.0784,453,32677,0.0874067,0.07,1,617464,617011,453
39289921,43.9407,28.2157,473,32742,0.105481,0.03,1,617511,617038,473
39292841,10.3881,45.6431,425,32807,0.109096,0.03,1,617513,617088,425
39295761,68.4776,77.1286,423,32871,0.157819,0.05,1,617596,617173,423
39298681,37.6955,38.6257,424,32935,0.183564,0.05,1,617626,617202,424
39301601,65.9391,65.3251,425,32999,0.220713,0.07,1,617699,617274,425
39304521,33.9878,33.865,425,33063,0.228143,0.07,1,617725,617300,425
39307441,22.7976,22.773,425,33127,0.229629,0.09,1,617745,617320,425
39310361,24.5595,22.9546,427,33191,0.213926,0.11,1,617770,617343,427
39313281,56.9119,56.5909,427,33255,0.290785,0.07,1,617835,617408,427
39316201,29.7824,30.5182,426,33319,0.290157,0.09,1,617858,617432,426
39319121,31.5565,31.7036,426,33382,0.290031,0.11,1,617890,617464,426
39322041,44.7113,43.9407,427,33445,0.322006,0.11,1,617938,617511,427
39324961,10.5423,10.3881,427,33508,0.296401,0.17,1,617940,617513,427
39327881,70.9085,68.4776,430,33571,0.38728,0.19,1,618026,617596,430
39330801,38.9817,37.6955,431,33634,0.405456,0.23,1,618057,617626,431
39333721,66.1963,65.9391,431,33697,0.425091,0.23,1,618130,617699,431
39336641,34.0393,33.9878,431,33760,0.445018,0.23,1,618156,617725,431
39339561,22.8079,22.7976,431,33823,0.449004,0.21,1,618176,617745,431
39342481,25.3616,24.5595,432,33886,0.449801,0.31,1,618202,617770,432
39345401,59.4723,56.9119,435,33948,0.43396,0.29,1,618270,617835,435
39348321,29.4945,29.7824,434,34010,0.430792,0.29,1,618292,617858,434
39351241,33.0989,31.5565,436,34072,0.414158,0.33,1,618326,617890,436
39354161,45.0198,44.7113,436,34134,0.442832,0.29,1,618374,617938,436
39357081,10.604,10.5423,436,34196,0.416566,0.41,1,618376,617940,436
39360001,74.1208,70.9085,440,34258,0.523313,0.41,1,618466,618026,440
39362921,38.8242,14.1817,470,34320,0.560663,0.41,1,618496,618026,470
39365841,66.9648,27.6363,513,34382,0.568133,0.43,1,618570,618057,513
39368761,34.993,63.9273,467,34443,0.585627,0.45,1,618597,618130,467
39371681,22.9986,33.5855,461,34504,0.589125,0.45,1,618617,618156,461
39374601,25.3997,22.7171,467,34565,0.589825,0.45,1,618643,618176,467
39377521,58.6799,25.3434,508,34626,0.589965,0.43,1,618710,618202,508
39380441,30.136,59.4687,463,34687,0.605993,0.43,1,618733,618270,463
39383361,31.6272,29.4937,473,34748,0.577199,0.41,1,618765,618292,473
39386281,46.3254,33.0987,489,34809,0.60344,0.45,1,618815,618326,489
39389201,10.8651,45.0198,443,34870,0.608688,0.41,1,618817,618374,443
39392121,78.173,10.6039,536,34931,0.673738,0.55,1,618912,618376,536
39395041,42.0346,74.1208,479,34992,0.702748,0.57,1,618945,618466,479
39397961,67.6069,38.8242,523,35052,0.75655,0.57,2,619019,618496,523
39400881,35.9214,66.9648,477,35112,0.76731,0.59,2,619047,618570,477
39403801,23.1843,34.993,470,35172,0.769462,0.59,2,619067,618597,470
39406721,25.4369,22.9986,476,35232,0.769892,0.59,2,619093,618617,476
39409641,58.6874,25.3997,517,35292,0.785978,0.59,2,619160,618643,517
39412561,29.3375,58.6799,472,35352,0.789196,0.61,2,619182,618710,472
39415481,31.4675,30.136,481,35412,0.821839,0.57,2,619214,618733,481
39418401,49.4935,31.6272,503,35472,0.828368,0.61,2,619268,618765,503
39421321,11.4987,46.3254,455,35532,0.845674,0.61,2,619270,618815,455
39424241,80.6997,10.8651,551,35591,0.881135,0.69,2,619368,618817,551
39427161,42.5399,78.173,489,35650,0.920227,0.71,2,619401,618912,489
39430081,10.108,42.0346,458,35709,0.928045,0.77,2,619403,618945,458
39579001,37,32,505,38612,0.75,1,2,621437,620932,505
39581921,33,25.6,513,38667,0.574,1,1,621469,620956,513
39584841,32.2,28.32,516,38722,0.4748,1,1,621501,620985,516
39587761,25.64,43.264,493,38777,0.39096,1,1,621525,621032,493
39590681,36.328,35.8528,498,38831,0.294192,1,1,621564,621066,498
39593601,32.0656,27.9706,503,38885,0.226838,1,1,621595,621092,503
39596521,36.0131,51.1941,483,38939,0.181368,0.93,1,621632,621149,483
39599441,36.8026,33.4388,491,38993,0.0762735,0.99,1,621669,621178,491
39602361,55.3605,65.8878,477,39047,0.0552547,0.99,1,621729,621252,477
39605281,46.2721,45.9776,480,39101,0.0190509,0.92,1,621773,621293,480
39608201,28.4544,36.3955,470,39155,0.0758102,0.81,1,621797,621327,470
39611121,28.0909,35.2791,463,39209,0.039162,0.89,1,621825,621362,463
39614041,34.4182,37.4558,461,39263,0.0318324,0.75,1,621861,621400,461
39616961,28.4836,37.0912,451,39317,0.0623665,0.53,1,621888,621437,451
39619881,26.4967,33.0182,445,39371,0.0524733,0.45,1,621914,621469,445
39622801,29.2993,32.2036,443,39425,0.0824947,0.37,1,621944,621501,443
39625721,23.4599,25.6407,441,39479,0.152499,0.27,1,621966,621525,441
39628641,25.492,36.3281,428,39532,0.1665,0.21,1,621992,621564,428
39631561,29.0984,32.0656,427,39585,0.1213,0.17,1,622022,621595,427
39634481,37.0197,36.0131,429,39638,0.14426,0.05,1,622061,621632,429
39637401,33.0039,36.8026,424,39691,0.116852,0.05,1,622093,621669,424
39640321,54.6008,55.3605,424,39744,0.0793704,0.01,1,622153,621729,424
39643241,47.7202,46.2721,426,39797,0.0158741,0.09,1,622199,621773,426
39646161,27.144,28.4544,424,39850,0.0591748,0.03,1,622221,621797,424
39649081,26.2288,28.0909,422,39903,0.035835,0.03,1,622247,621825,422
39652001,34.8458,34.4182,423,39956,0.063167,0.07,1,622284,621861,423
39654921,29.3692,28.4836,424,40009,0.0526334,0.05,1,622312,621888,424
39657841,25.0738,26.4967,422,40062,0.0985267,0.05,1,622336,621914,422
39660761,31.4148,5.29935,455,40115,0.0597053,0.09,1,622369,621914,455
39663681,25.483,25.0599,449,40168,0.0999411,0.17,1,622393,621944,449
39666601,24.2966,22.612,451,40221,0.107988,0.17,1,622417,621966,451
39669521,31.2593,25.3224,458,40273,0.125598,0.11,1,622450,621992,458
39672441,35.8519,29.0645,465,40325,0.11312,0.15,1,622487,622022,465
39675361,31.1704,37.0129,456,40377,0.110624,0.11,1,622517,622061,456
39678281,52.6341,33.0026,482,40429,0.126125,0.07,1,622575,622093,482
39681201,47.3268,54.6005,468,40481,0.097225,0,1,622621,622153,468
39684121,27.0654,47.7201,444,40533,0.075445,0.07,1,622643,622199,444
39687041,26.2131,27.144,448,40585,0.071089,0.03,1,622669,622221,448
39689961,34.0426,26.2288,458,40637,0.134218,0.07,1,622705,622247,458
39692881,30.8085,34.8458,451,40689,0.114844,0.05,1,622735,622284,451
39695801,26.1617,29.3692,448,40741,0.158969,0.11,1,622760,622312,448
39698721,33.2323,25.0738,459,40793,0.167794,0.05,1,622795,622336,459
39701641,25.8465,31.4148,450,40845,0.169559,0.11,1,622819,622369,450
39704561,24.3693,25.483,450,40897,0.201912,0.11,1,622843,622393,450
39707481,32.0739,24.2966,460,40949,0.224382,0.13,1,622877,622417,460
39710401,35.2148,31.2593,463,41001,0.244876,0.11,1,622913,622450,463
39713321,31.043,35.8519,456,41052,0.248975,0.11,1,622943,622487,456
39716241,53.4086,31.1704,485,41103,0.297795,0.13,1,623002,622517,485
39719161,45.0817,52.6341,470,41154,0.323559,0.09,1,623045,622575,470
39722081,26.6163,47.3268,446,41205,0.312712,0.07,1,623067,622621,446
39725001,26.9233,27.0654,451,41256,0.326542,0.07,1,623094,622643,451
39727921,34.9847,26.2131,462,41307,0.345308,0.15,1,623131,622669,462
39730841,31.7969,34.0426,457,41358,0.333062,0.11,1,623162,622705,457
39733761,28.7594,30.8085,455,41409,0.362612,0.17,1,623190,622735,455
39736681,32.9519,26.1617,464,41460,0.432522,0.17,1,623224,622760,464
39739601,25.7904,33.2323,453,41511,0.478504,0.17,1,623248,622795,453
39742521,6.75807,25.8465,431,41562,0.487701,0.21,1,623250,622819,431
39745441,22.1516,24.3693,433,41613,0.48954,0.23,1,623276,622843,433
39748361,31.6303,32.0739,433,41664,0.473908,0.25,1,623310,622877,433
39751281,35.9261,35.2148,434,41715,0.486782,0.25,1,623347,622913,434
39754201,31.1852,31.043,434,41766,0.489356,0.31,1,623377,622943,434
39757121,55.837,53.4086,437,41817,0.537871,0.33,1,623439,623002,437
39760041,44.7674,45.0817,436,41867,0.515574,0.31,1,623481,623045,436
39762961,27.3535,26.6163,437,41917,0.511115,0.33,1,623504,623067,437
39765881,27.8707,26.9233,438,41967,0.510223,0.35,1,623532,623094,438
39768801,35.9741,34.9847,439,42017,0.510045,0.33,1,623570,623131,439
39771721,31.1948,31.7969,438,42067,0.542009,0.37,1,623600,623162,438
39774641,31.839,28.7594,442,42117,0.580402,0.45,1,623632,623190,442
39777561,35.9678,32.9519,445,42167,0.55608,0.49,1,623669,623224,445
39780481,27.1936,25.7904,446,42217,0.583216,0.49,1,623694,623248,446
39783401,7.03871,6.75807,446,42267,0.620643,0.49,1,623696,623250,446
39786321,20.6077,22.1516,444,42317,0.644129,0.47,1,623720,623276,444
39789241,32.1215,31.6303,445,42367,0.648826,0.49,1,623755,623310,445
39792161,35.2243,35.9261,444,42417,0.633765,0.49,1,623791,623347,444
39795081,31.0449,31.1852,444,42467,0.662753,0.55,1,623821,623377,444
39798001,58.209,55.837,447,42517,0.684551,0.51,1,623886,623439,447
39800921,46.0418,44.7674,448,42567,0.67291,0.51,1,623929,623481,448
39803841,26.8084,27.3535,447,42617,0.718582,0.51,1,623951,623504,447
39806761,27.7617,27.8707,447,42667,0.711716,0.51,1,623979,623532,447
39809681,36.7523,35.9741,448,42716,0.726343,0.55,1,624018,623570,448
39812601,32.1505,31.1948,449,42765,0.729269,0.59,1,624049,623600,449
39815521,32.0301,31.839,449,42814,0.729854,0.55,1,624081,623632,449
39818441,36.806,35.9678,450,42863,0.713971,0.59,1,624119,623669,450
39821361,28.1612,27.1936,451,42912,0.726794,0.63,1,624145,623694,451
39824281,7.23224,7.03871,451,42961,0.729359,0.65,1,624147,623696,451
39827201,21.4464,20.6077,452,43010,0.745872,0.65,1,624172,623720,452
39830121,31.4893,4.12155,486,43059,0.749174,0.65,1,624206,623720,486
39833041,35.8979,28.8243,488,43108,0.797835,0.63,2,624243,623755,488
39835961,32.7796,34.5649,484,43157,0.839567,0.67,2,624275,623791,484
39838881,57.7559,30.913,518,43206,0.847913,0.69,2,624339,623821,518
39841801,46.7512,58.1826,497,43255,0.865583,0.67,2,624383,623886,497
39844721,27.7502,46.0365,477,43304,0.853117,0.73,2,624406,623929,477
39847641,28.75,26.8073,484,43353,0.850623,0.71,2,624435,623951,484
39850561,36.15,27.7615,494,43402,0.850125,0.73,2,624473,623979,494
39853481,32.03,36.7523,486,43451,0.866025,0.73,2,624504,624018,486
39856401,32.006,32.1505,487,43500,0.885205,0.73,2,624536,624049,487
39859321,36.0012,32.0301,492,43549,0.889041,0.71,2,624573,624081,492
39862241,28.8002,36.806,481,43597,0.905808,0.73,2,624600,624119,481
39865161,7.36005,28.1612,457,43645,0.925162,0.73,2,624602,624145,457
40019921,33,27,510,46136,0.82,1,2,626342,625832,510
40022841,33.8,29.4,514,46182,0.78,1,2,626376,625862,514
40025761,35.56,33.88,515,46228,0.692,0.97,1,626412,625897,515
40028681,27.912,33.176,508,46274,0.5144,1,1,626438,625930,508
40031601,31.1824,28.2352,513,46320,0.35088,1,1,626470,625957,513
40034521,40.6365,34.447,520,46366,0.222176,1,1,626513,625993,520
40037441,20.9273,36.4894,499,46411,0.0684352,1,1,626529,626030,499
40040361,26.5855,27.2979,502,46456,0.021687,1,1,626557,626055,502
40043281,28.5171,27.8596,503,46501,0.00433741,1,1,626586,626083,503
40046201,36.1034,27.1719,514,46546,0.0408675,1,1,626624,626110,514
40049121,25.6207,30.2344,506,46591,0.0081735,1,1,626647,626141,506
40052041,19.5241,22.8469,503,46636,0.0896347,1,1,626665,626162,503
40054961,33.5048,27.7694,511,46681,0.105927,1,1,626702,626191,511
40057881,42.701,35.9539,518,46726,0.109185,0.96,1,626747,626229,518
40060801,30.9402,44.7908,499,46771,0.0298371,0.85,1,626775,626276,499
40063721,28.588,35.3582,494,46816,0.0939674,0.82,1,626803,626309,494
40066641,30.5176,33.4716,492,46861,0.0907935,0.77,1,626834,626342,492
40069561,26.1035,33.8943,483,46906,0.0901587,0.67,1,626859,626376,483
40072481,22.0207,35.5789,468,46951,0.0900317,0.47,1,626880,626412,468
40075401,26.0041,27.9158,469,46996,0.0900064,0.31,1,626907,626438,469
40078321,30.0008,31.1832,468,47041,0.0740013,0.19,1,626938,626470,468
40081241,16.4002,40.6366,438,47086,0.0548003,0.03,1,626951,626513,438
40084161,24.88,20.9273,449,47131,0.0669601,0.01,1,626978,626529,449
40087081,28.176,26.5855,450,47176,0.013392,0,1,627007,626557,450
40090001,36.8352,28.5171,460,47221,0.0746784,0.05,1,627046,626586,460
40092921,29.767,36.1034,450,47266,0.0229357,0,1,627074,626624,450
40095841,20.3534,25.6207,445,47311,0.0605871,0.11,1,627092,626647,445
40098761,32.0707,19.5241,462,47356,0.0681174,0.11,1,627127,626665,462
40101681,8.01414,33.5048,427,47401,0.0696235,0.11,1,627129,626702,427
40104601,36.8028,42.701,426,47445,0.101925,0.01,1,627173,626747,426
40107521,28.1606,30.9402,424,47489,0.0763849,0.11,1,627199,626775,424
40110441,30.4321,28.588,427,47533,0.039277,0.09,1,627230,626803,427
40113361,30.8864,30.5176,427,47577,0.0958554,0.09,1,627261,626834,427
40116281,25.3773,26.1035,426,47621,0.107171,0.09,1,627285,626859,426
40119201,21.8755,22.0207,426,47665,0.125434,0.09,1,627306,626880,426
40122121,25.9751,26.0041,426,47709,0.145087,0.07,1,627333,626907,426
40125041,29.195,30.0008,425,47753,0.149017,0.05,1,627363,626938,425
40127961,15.439,16.4002,424,47797,0.117803,0.07,1,627375,626951,424
40130881,23.0878,24.88,422,47841,0.127561,0,1,627400,626978,422
40133801,27.8176,28.176,422,47885,0.0255121,0.09,1,627429,627007,422
40136721,39.9635,36.8352,426,47929,0.0611024,0.01,1,627472,627046,426
40139641,29.5927,29.767,425,47973,0.0202205,0.07,1,627499,627074,425
40142561,20.3185,20.3534,425,48017,0.0120441,0.07,1,627517,627092,425
40145481,33.6637,32.0707,427,48061,0.0584088,0.07,1,627554,627127,427
40148401,8.33274,8.01414,427,48105,0.0676818,0.11,1,627556,627129,427
40151321,35.2666,36.8028,425,48149,0.0695364,0.07,1,627598,627173,425
40154241,26.2533,28.1606,423,48193,0.117907,0.03,1,627622,627199,423
40157161,30.8507,30.4321,424,48237,0.0955815,0.11,1,627654,627230,424
40160081,31.7701,30.8864,425,48281,0.187116,0.11,1,627686,627261,425
40163001,25.554,25.3773,425,48325,0.205423,0.13,1,627710,627285,425
40165921,22.7108,21.8755,426,48369,0.193085,0.15,1,627732,627306,426
40168841,26.9422,25.9751,427,48413,0.238617,0.15,1,627760,627333,427
40171761,29.3884,29.195,427,48457,0.215723,0.11,1,627790,627363,427
40174681,15.4777,15.439,427,48500,0.243145,0.13,1,627802,627375,427
40177601,20.6955,23.0878,424,48543,0.232629,0,1,627824,627400,424
40180521,25.7391,27.8176,422,48586,0.214526,0.07,1,627851,627429,422
40183441,41.1478,39.9635,424,48629,0.162905,0.01,1,627896,627472,424
40186361,28.2296,29.5927,422,48672,0.128581,0.01,1,627921,627499,422
40189281,20.0459,20.3185,422,48715,0.113716,0.07,1,627939,627517,422
40192201,34.4092,33.6637,423,48758,0.126743,0.07,1,627977,627554,423
40195121,8.48184,8.33274,423,48801,0.0973487,0.07,1,627979,627556,423
40198041,36.8964,35.2666,425,48844,0.18747,0.07,1,628023,627598,425
40200961,26.5793,7.05331,449,48887,0.189494,0.13,1,628047,627598,449
40203881,32.5159,20.6107,459,48930,0.189899,0.09,1,628081,627622,459
40206801,33.7032,29.7221,461,48973,0.23798,0.21,1,628115,627654,461
40209721,25.9406,31.5444,453,49016,0.263596,0.21,1,628139,627686,453
40212641,24.3881,25.5089,453,49059,0.236719,0.19,1,628163,627710,453
40215561,27.2776,22.7018,459,49102,0.279344,0.25,1,628191,627732,459
40218481,29.4555,26.9404,461,49145,0.287869,0.21,1,628221,627760,461
40221401,15.4911,29.3881,443,49188,0.289574,0.25,1,628233,627790,443
40224321,21.4982,15.4776,454,49231,0.289915,0.23,1,628256,627802,454
40227241,23.4996,20.6955,456,49274,0.289983,0.21,1,628280,627824,456
40230161,38.2999,25.7391,471,49317,0.289997,0.15,1,628322,627851,471
40233081,26.06,41.1478,449,49360,0.305999,0.12,1,628345,627896,449
40236001,19.612,28.2296,442,49403,0.3252,0.11,1,628363,627921,442
40238921,35.1224,20.0459,463,49446,0.31304,0.13,1,628402,627939,463
40241841,8.62448,34.4092,427,49489,0.310608,0.09,1,628404,627977,427
40244761,40.9249,8.48184,474,49532,0.310122,0.21,1,628453,627979,474
40247681,27.385,36.8964,454,49575,0.326024,0.19,1,628477,628023,454
40250601,34.277,26.5793,466,49617,0.345205,0.19,1,628513,628047,466
40253521,34.8554,32.5159,467,49659,0.365041,0.25,1,628548,628081,467
40256441,26.9711,33.7032,458,49701,0.401008,0.27,1,628573,628115,458
40259361,25.3942,25.9406,459,49743,0.392202,0.23,1,628598,628139,459
40262281,27.4788,24.3881,463,49785,0.39044,0.29,1,628626,628163,463
40265201,29.4958,27.2776,465,49827,0.406088,0.29,1,628656,628191,465
40268121,15.4992,29.4555,447,49869,0.409218,0.29,1,628668,628221,447
40271041,21.4998,15.4911,458,49911,0.409844,0.29,1,628691,628233,458
40273961,23.5,21.4982,459,49953,0.409969,0.29,1,628715,628256,459
40276881,38.3,23.4996,477,49995,0.409994,0.29,1,628757,628280,477
40279801,27.66,38.2999,460,50037,0.393999,0.31,1,628782,628322,460
40282721,19.932,26.06,455,50079,0.3908,0.33,1,628800,628345,455
40285641,35.1864,19.612,476,50121,0.43816,0.31,1,628839,628363,476
40288561,8.63728,35.1224,439,50163,0.447632,0.31,1,628841,628402,439
40291481,40.9275,8.62448,486,50205,0.465526,0.31,1,628890,628404,486
40294401,27.3855,40.9249,461,50247,0.485105,0.33,1,628914,628453,461
40297321,35.0771,27.385,474,50289,0.473021,0.35,1,628951,628477,474
40300241,8.61542,34.277,440,50331,0.470604,0.37,1,628953,628513,440
40303161,30.5231,34.8554,441,50373,0.486121,0.41,1,628989,628548,441
40306081,26.9046,26.9711,442,50415,0.505224,0.39,1,629015,628573,442
40309001,24.5809,25.3942,441,50457,0.525045,0.39,1,629039,628598,441
40311921,27.3162,27.4788,441,50499,0.529009,0.41,1,629067,628626,441
40314841,30.2632,29.4958,442,50541,0.545802,0.41,1,629098,628656,442
40317761,16.4526,15.4992,443,50583,0.53316,0.41,1,629111,628668,443
40320681,20.8905,21.4998,442,50625,0.562632,0.41,1,629133,628691,442
40323601,23.3781,23.5,442,50667,0.568526,0.41,1,629157,628715,442
40326521,38.2756,38.3,442,50709,0.585705,0.39,1,629199,628757,442
40329441,26.8551,27.66,441,50751,0.589141,0.39,1,629223,628782,441
40332361,19.771,19.932,441,50793,0.557828,0.45,1,629241,628800,441
40335281,37.5542,35.1864,444,50834,0.599566,0.45,1,629283,628839,444
40338201,9.11084,8.63728,444,50875,0.575913,0.47,1,629285,628841,444
40341121,42.6222,40.9275,446,50916,0.635183,0.49,1,629336,628890,446
40344041,27.7244,27.3855,446,50957,0.679037,0.47,1,629360,628914,446
40346961,34.3449,35.0771,445,50998,0.687807,0.47,1,629396,628951,445
40349881,8.46898,8.61542,445,51039,0.689561,0.49,1,629398,628953,445
40352801,29.6938,30.5231,444,51080,0.673912,0.51,1,629433,628989,444
40355721,27.5388,26.9046,445,51121,0.702782,0.53,1,629460,629015,445
40358641,25.5078,24.5809,446,51162,0.740556,0.53,1,629485,629039,446
40361561,29.1015,27.3162,448,51203,0.748111,0.55,1,629515,629067,448
40364481,29.8203,30.2632,447,51244,0.765622,0.53,2,629545,629098,447
40367401,17.1641,16.4526,448,51285,0.801125,0.57,2,629559,629111,448
40370321,21.0328,20.8905,448,51326,0.792225,0.57,2,629581,629133,448
40373241,23.4066,23.3781,448,51367,0.806445,0.59,2,629605,629157,448
40376161,39.0813,38.2756,449,51408,0.857289,0.59,2,629648,629199,449
40379081,27.0163,26.8551,449,51449,0.883458,0.55,2,629672,629223,449
40382001,19.8033,19.771,449,51490,0.888692,0.61,2,629690,629241,449
40384921,38.3607,37.5542,450,51531,0.841738,0.57,2,629733,629283,450
40387841,9.27213,9.11084,450,51572,0.832348,0.65,2,629735,629285,450
40390761,45.8544,42.6222,454,51613,0.84647,0.69,2,629790,629336,454
40393681,28.3709,27.7244,454,51654,0.929294,0.69,2,629814,629360,454
40396601,34.4742,34.3449,454,51695,0.945859,0.69,2,629850,629396,454
40399521,8.49484,8.46898,454,51736,0.949172,0.67,2,629852,629398,454
40402441,28.899,29.6938,453,51777,0.949834,0.67,2,629886,629433,453
40405361,28.1798,5.93876,481,51818,0.949967,0.71,2,629914,629433,481
40631661,72,58,512,25716,0.47,1,1,632124,631612,512
40634581,56,62.8,500,25798,0.342,0.93,1,632176,631676,500
40637501,76,75.76,502,25880,0.4604,0.79,1,632257,631755,502
40640421,60.8,71.152,489,25962,0.46808,0.81,1,632314,631825,489
40643341,47.36,44.6304,495,26044,0.485616,0.59,1,632358,631863,495
40646261,62.272,92.1261,457,26125,0.473123,0.49,1,632424,631967,457
40649181,24.4544,33.6252,453,26206,0.502625,0.55,1,632439,631986,453
40652101,50.4909,21.925,491,26287,0.556525,0.45,1,632496,632005,491
40655021,67.6982,41.985,516,26368,0.535305,0.47,1,632568,632052,516
40657941,51.9396,65.997,492,26448,0.547061,0.31,1,632616,632124,492
40660861,79.1879,54.7994,526,26528,0.517412,0.49,1,632702,632176,526
40663781,60.6376,75.7599,501,26608,0.527482,0.47,1,632758,632257,501
40666701,48.1275,60.752,489,26688,0.577496,0.49,1,632803,632314,489
40669621,61.6255,47.3504,510,26767,0.603499,0.47,1,632868,632358,510
40672541,24.3251,62.2701,459,26846,0.5927,0.51,1,632883,632424,459
40675461,6.46502,24.454,446,26925,0.59054,0.57,1,632885,632439,446
40678381,48.493,50.4908,448,27004,0.638108,0.53,1,632944,632496,448
40681301,68.0986,67.6982,449,27082,0.663622,0.55,1,633017,632568,449
40684221,52.0197,51.9396,449,27160,0.716724,0.51,1,633065,632616,449
40687141,77.6039,79.1879,447,27238,0.775345,0.53,2,633149,632702,447
40690061,61.1208,60.6376,448,27316,0.771069,0.59,2,633206,632758,448
40692981,50.6242,48.1275,451,27394,0.818214,0.61,2,633254,632803,451
40695901,62.9248,61.6255,452,27471,0.875643,0.59,2,633320,632868,452
40698821,23.785,24.3251,451,27548,0.887129,0.59,2,633334,632883,451
40701741,6.35699,6.46502,451,27625,0.889426,0.65,2,633336,632885,451
40704661,49.2714,48.493,452,27702,0.841885,0.67,2,633396,632944,452
40874021,68,36,546,31831,0.77,1,2,636335,635789,546
40876941,48,68.8,512,31897,0.578,1,1,636378,635866,512
40879861,37.6,42.56,511,31963,0.4596,1,1,636413,635902,511
40882781,57.92,42.112,532,32029,0.21192,1,1,636476,635944,532
40885701,40.384,46.8224,520,32095,0.066384,1,1,636512,635992,520
40888621,78.4768,47.7645,560,32161,0.0372768,1,1,636600,636040,560
40891541,40.4954,73.5529,511,32227,0.0314554,1,1,636631,636120,511
40894461,36.0991,48.3106,504,32293,0.0782911,1,1,636666,636162,504
40897381,38.4198,33.6621,513,32359,0.0716582,0.91,1,636705,636192,513
40900301,33.284,34.7324,510,32424,0.0543316,0.9,1,636737,636227,510
40903221,48.2568,38.9465,522,32489,0.0188663,0.77,1,636789,636267,522
40906141,38.4514,62.1893,490,32554,0.0117733,0.53,1,636825,636335,490
40909061,31.6903,46.8379,477,32619,0.0423547,0.43,1,636855,636378,477
40911981,43.1381,37.3676,488,32684,0.0324709,0.15,1,636901,636413,488
40914901,34.2276,57.8735,457,32749,0.0304942,0.03,1,636933,636476,457
40917821,8.44552,40.3747,423,32814,0.0620988,0.03,1,636935,636512,423
40920741,71.2891,78.4749,422,32878,0.0364198,0.03,1,637022,636600,422
40923661,39.0578,40.495,422,32942,0.031284,0.09,1,637053,636631,422
40926581,35.8116,36.099,422,33006,0.0142568,0.07,1,637088,636666,422
40929501,39.9623,38.4198,424,33070,0.0748514,0.05,1,637129,636705,424
40932421,32.7925,33.284,423,33134,0.0389703,0.01,1,637160,636737,423
40935341,48.1585,48.2568,423,33198,0.0477941,0.01,1,637212,636789,423
40938261,38.4317,38.4514,423,33262,0.0815588,0.05,1,637248,636825,423
40941181,32.4863,31.6903,424,33326,0.104312,0.03,1,637279,636855,424
40944101,44.0973,43.1381,425,33389,0.140862,0.03,1,637326,636901,425
40947021,32.8195,34.2276,423,33452,0.148172,0.07,1,637356,636933,423
40949941,8.16389,8.44552,423,33515,0.149634,0.03,1,637358,636935,423
40952861,71.2328,71.2891,423,33578,0.0379269,0.03,1,637445,637022,423
40955781,38.2466,39.0578,422,33641,0.0315854,0.01,1,637475,637053,422
40958701,35.6493,35.8116,422,33704,0.0143171,0.09,1,637510,637088,422
40961621,41.5299,39.9623,424,33767,0.0748634,0.03,1,637553,637129,424
40964541,31.506,32.7925,422,33830,0.0389727,0.05,1,637582,637160,422
40967461,48.7012,48.1585,423,33893,0.0317945,0.09,1,637635,637212,423
40970381,39.3402,38.4317,424,33955,0.0303589,0.11,1,637672,637248,424
40973301,35.068,32.4863,427,34017,0.0780718,0.15,1,637706,637279,427
40976221,44.6136,44.0973,427,34079,0.0876144,0.15,1,637753,637326,427
40979141,32.9227,32.8195,427,34141,0.121523,0.15,1,637783,637356,427
40982061,8.18454,8.16389,427,34203,0.0963046,0.01,1,637785,637358,427
40984981,67.2369,71.2328,422,34265,0.0912609,0.01,1,637867,637445,422
40987901,36.6474,14.2466,451,34327,0.0902522,0.03,1,637896,637445,451
40990821,35.3295,26.8493,456,34389,0.0580504,0.01,1,637931,637475,456
40993741,43.0659,33.3699,466,34450,0.0356101,0.09,1,637976,637510,466
40996661,30.2132,41.074,450,34511,0.031122,0.03,1,638003,637553,450
40999581,48.4426,31.4148,474,34572,0.0142244,0.03,1,638056,637582,474
41002501,40.8885,48.683,460,34633,0.0108449,0.03,1,638095,637635,460
41005421,36.9777,39.3366,459,34694,0.042169,0.09,1,638131,637672,459
41008341,44.9955,35.0673,472,34755,0.0324338,0.09,1,638178,637706,472
41011261,32.9991,44.6135,455,34816,0.0304868,0.13,1,638208,637753,455
41014181,8.19982,32.9227,427,34877,0.0300974,0.09,1,638210,637783,427
41017101,67.24,8.18454,507,34938,0.0620195,0.09,1,638292,637785,507
41020021,34.248,67.2369,451,34999,0.0684039,0.09,1,638318,637867,451
41022941,34.0496,36.6474,456,35059,0.0856808,0.05,1,638352,637896,456
41025861,43.6099,35.3295,467,35119,0.0571362,0.03,1,638398,637931,467
41028781,30.322,43.0659,449,35179,0.0834272,0.03,1,638425,637976,449
41031701,48.4644,30.2132,475,35239,0.104685,0.01,1,638478,638003,475
41034621,40.0929,48.4426,460,35299,0.124937,0.01,1,638516,638056,460
41037541,38.4186,40.8885,459,35359,0.0969874,0.05,1,638554,638095,459
41040461,44.4837,36.9777,469,35419,0.0913975,0.03,1,638600,638131,469
41043381,32.8967,44.9955,452,35479,0.12228,0.03,1,638630,638178,452
41046301,8.17935,32.9991,424,35539,0.128456,0.03,1,638632,638208,424
41049221,68.8359,8.19982,506,35598,0.161691,0.07,1,638716,638210,506
41052141,34.5672,67.24,450,35657,0.184338,0.07,1,638742,638292,450
41055061,8.51343,34.248,426,35716,0.188868,0.09,1,638744,638318,426
41057981,28.9027,34.0496,426,35775,0.237774,0.05,1,638778,638352,426
41060901,40.9805,43.6099,424,35834,0.263555,0.09,1,638822,638398,424
41063821,32.1961,30.322,427,35893,0.268711,0.11,1,638852,638425,427
41066741,48.8392,48.4644,427,35952,0.285742,0.13,1,638905,638478,427
41069661,40.9678,40.0929,428,36011,0.305148,0.09,1,638944,638516,428
41072581,36.9936,38.4186,426,36070,0.30903,0.09,1,638980,638554,426
41075501,44.1987,44.4837,426,36129,0.357806,0.13,1,639026,638600,426
41078421,35.2397,32.8967,429,36187,0.399561,0.13,1,639059,638630,429
41081341,8.64795,8.17935,429,36245,0.407912,0.17,1,639061,638632,429
41084261,69.7296,68.8359,430,36303,0.425582,0.19,1,639146,638716,430
41087181,35.5459,34.5672,431,36361,0.461117,0.19,1,639173,638742,431
41090101,8.70918,8.51343,431,36419,0.468223,0.25,1,639175,638744,431
41093021,29.7418,28.9027,432,36477,0.453645,0.27,1,639210,638778,432
41095941,41.9484,40.9805,433,36535,0.498729,0.27,1,639255,638822,433
41098861,33.9897,32.1961,435,36593,0.475746,0.29,1,639287,638852,435
41101781,48.3979,48.8392,434,36651,0.519149,0.31,1,639339,638905,434
41104701,41.6796,40.9678,435,36709,0.55983,0.31,1,639379,638944,435
41107621,37.1359,36.9936,435,36767,0.535966,0.37,1,639415,638980,435
41110541,47.4272,44.1987,439,36824,0.579193,0.41,1,639465,639026,439
41113461,38.2854,35.2397,442,36881,0.587839,0.41,1,639501,639059,442
41116381,9.25709,8.64795,442,36938,0.589568,0.43,1,639503,639061,442
41119301,70.6514,69.7296,443,36995,0.653914,0.47,1,639589,639146,443
41122221,37.3303,35.5459,445,37052,0.714783,0.47,1,639618,639173,445
41125141,9.06606,8.70918,445,37109,0.726957,0.45,1,639620,639175,445
41128061,29.0132,29.7418,444,37166,0.697391,0.45,1,639654,639210,444
41130981,41.8026,5.94837,489,37223,0.707478,0.51,1,639699,639210,489
41133901,33.9605,37.1897,476,37280,0.725496,0.47,1,639731,639255,476
41136821,49.1921,33.0379,497,37337,0.729099,0.53,1,639784,639287,497
41139741,43.4384,48.2076,487,37394,0.72982,0.57,1,639826,639339,487
41142661,38.2877,41.6415,484,37451,0.713964,0.53,1,639863,639379,484
41145581,49.2575,37.1283,500,37507,0.758793,0.59,2,639915,639415,500
41148501,39.4515,47.4257,487,37563,0.767759,0.59,2,639952,639465,487
41151421,9.4903,38.2851,453,37619,0.769552,0.59,2,639954,639501,453
41154341,73.0981,9.25703,540,37675,0.75391,0.67,2,640043,639503,540
41157261,38.6196,70.6514,484,37731,0.766782,0.73,2,640073,639589,484
41160181,9.32392,37.3303,457,37787,0.769356,0.73,2,640075,639618,457
41163101,29.8648,9.06606,490,37843,0.769871,0.69,2,640110,639620,490
41166021,42.773,29.0132,502,37899,0.769974,0.71,2,640156,639654,502
41168941,34.1546,41.8026,489,37955,0.801995,0.73,2,640188,639699,489
41171861,49.2309,33.9605,510,38011,0.808399,0.73,2,640241,639731,510
41174781,43.4462,49.1921,499,38067,0.84168,0.73,2,640283,639784,499
41177701,39.0892,43.4384,495,38122,0.848336,0.71,2,640321,639826,495
41180621,50.2178,38.2877,511,38177,0.865667,0.77,2,640374,639863,511
41183541,40.4436,49.2575,497,38232,0.901133,0.77,2,640412,639915,497
41186461,9.68871,39.4515,462,38287,0.876227,0.77,2,640414,639952,462
41189381,72.3377,9.4903,548,38342,0.903245,0.75,2,640502,639954,548
41192301,38.4675,73.0981,489,38397,0.924649,0.77,2,640532,640043,489
41195221,9.29351,38.6196,461,38452,0.92893,0.77,2,640534,640073,461
41198141,29.8587,9.32392,494,38507,0.929786,0.77,2,640569,640075,494
41329541,37,44,516,40902,0.87,1,2,642212,641696,516
41332461,52.2,39.2,534,40954,0.726,1,1,642268,641734,534
41335381,34.44,45.44,517,41006,0.6652,1,1,642298,641781,517
41338301,34.088,36.288,517,41057,0.57304,1,1,642332,641815,517
41341221,59.6176,25.6576,560,41108,0.458608,1,1,642398,641838,560
41344141,35.9235,72.3315,506,41159,0.339722,1,1,642428,641922,506
41347061,33.5847,39.2663,508,41210,0.299944,1,1,642461,641953,508
41349981,35.5169,31.0533,515,41261,0.179989,1,1,642497,641982,515
41352901,17.5034,31.8107,496,41312,0.171998,1,1,642510,642014,496
41355821,25.9007,28.7621,496,41363,0.1704,1,1,642538,642042,496
41358741,42.7801,28.9524,514,41414,0.0740799,1,1,642585,642071,514
41361661,25.356,35.3905,498,41465,0.038816,0.91,1,642606,642108,498
41364581,33.8712,27.0781,509,41516,0.0157632,0.89,1,642642,642133,509
41367501,8.37424,39.0156,469,41567,0.0111526,0.87,1,642644,642175,469
41370421,28.0748,37.4031,465,41618,0.0742305,0.69,1,642677,642212,465
41373341,40.815,52.2806,453,41669,0.118846,0.65,1,642721,642268,453
41376261,28.963,34.4561,449,41720,0.159769,0.55,1,642747,642298,449
41379181,32.9926,34.0912,449,41771,0.135954,0.43,1,642781,642332,449
41382101,56.1985,59.6182,445,41822,0.131191,0.31,1,642843,642398,445
41385021,31.2397,35.9236,440,41872,0.0822382,0.29,1,642868,642428,440
41387941,26.2479,33.5847,432,41922,0.136448,0.15,1,642893,642461,432
41390861,32.4496,35.5169,430,41972,0.14729,0.17,1,642927,642497,430
41393781,15.2899,17.5034,428,42022,0.181458,0.17,1,642938,642510,428
41396701,23.858,25.9007,426,42072,0.220292,0.05,1,642964,642538,426
41399621,40.7716,42.7801,424,42122,0.276058,0.03,1,643009,642585,424
41402541,25.7543,25.356,425,42172,0.271212,0.01,1,643031,642606,425
41405461,33.9509,33.8712,425,42222,0.270242,0.01,1,643067,642642,425
41408381,8.39017,8.37424,425,42272,0.270048,0.09,1,643069,642644,425
41411301,28.078,28.0748,425,42322,0.25401,0.13,1,643102,642677,425
41414221,44.0156,40.815,429,42372,0.282802,0.17,1,643150,642721,429
41417141,27.2031,28.963,426,42422,0.33656,0.13,1,643173,642747,426
41420061,34.2406,32.9926,428,42472,0.347312,0.13,1,643209,642781,428
41422981,54.8481,56.1985,426,42522,0.317462,0.07,1,643269,642843,426
41425901,30.9696,31.2397,426,42572,0.327492,0.15,1,643294,642868,426
41428821,29.3939,26.2479,430,42622,0.345499,0.15,1,643323,642893,430
41431741,33.0788,32.4496,430,42672,0.3651,0.19,1,643357,642927,430
41434661,17.8158,15.2899,433,42721,0.36902,0.23,1,643371,642938,433
41437581,24.3632,23.858,433,42770,0.337804,0.29,1,643397,642964,433
41440501,44.0726,40.7716,437,42819,0.411561,0.27,1,643446,643009,437
41443421,24.8145,25.7543,435,42868,0.426312,0.27,1,643466,643031,435
41446341,33.7629,33.9509,435,42917,0.429262,0.27,1,643502,643067,435
41449261,8.35258,8.39017,435,42966,0.397852,0.25,1,643504,643069,435
41452181,27.2705,28.078,434,43015,0.423571,0.25,1,643536,643102,434
41455101,44.6541,5.61561,483,43064,0.428714,0.29,1,643585,643102,483
41458021,28.1308,39.5231,459,43113,0.445743,0.35,1,643609,643150,459
41460941,34.4262,26.3046,472,43162,0.465149,0.35,1,643645,643173,472
41463861,54.8852,34.0609,496,43211,0.48503,0.31,1,643705,643209,496
41466781,30.977,54.8122,461,43260,0.505006,0.33,1,643730,643269,461
41469701,29.3954,30.9624,465,43309,0.493001,0.35,1,643759,643294,465
41472621,33.8791,29.3925,471,43358,0.5066,0.37,1,643794,643323,471
41475541,17.9758,33.0785,451,43407,0.52532,0.37,1,643808,643357,451
41478461,25.1952,17.8157,464,43456,0.561064,0.33,1,643835,643371,464
41481381,45.839,24.3631,489,43505,0.568213,0.43,1,643886,643397,489
41484301,25.1678,44.0726,460,43553,0.569643,0.43,1,643906,643446,460
41487221,33.8336,24.8145,476,43601,0.601929,0.43,1,643942,643466,476
41490141,8.36671,33.7629,442,43649,0.608386,0.39,1,643944,643502,442
41493061,28.0733,8.35258,473,43697,0.593677,0.43,1,643977,643504,473
41495981,45.6147,27.2705,491,43745,0.622735,0.43,1,644027,643536,491
41498901,29.1229,44.6541,467,43793,0.612547,0.45,1,644052,643585,467
41501821,36.2246,28.1308,481,43841,0.626509,0.47,1,644090,643609,481
41504741,55.2449,34.4262,505,43889,0.645302,0.49,1,644150,643645,505
41507661,30.249,54.8852,469,43937,0.64906,0.51,1,644174,643705,469
41510581,30.0498,30.977,474,43985,0.649812,0.49,1,644204,643730,474
41513501,35.61,29.3954,482,44033,0.681962,0.51,1,644241,643759,482
41516421,19.122,33.8791,462,44081,0.704392,0.53,1,644256,643794,462
41519341,24.6244,17.9758,474,44129,0.740878,0.57,1,644282,643808,474
41522261,47.3249,25.1952,500,44177,0.700176,0.57,1,644335,643835,500
41525181,27.065,45.839,471,44225,0.692035,0.57,1,644357,643886,471
41528101,34.213,25.1678,487,44273,0.738407,0.61,1,644393,643906,487
41531021,8.4426,33.8336,453,44321,0.747681,0.61,1,644395,643942,453
41533941,27.2885,8.36671,483,44369,0.765536,0.59,2,644427,643944,483
41536861,47.0577,28.0733,502,44417,0.769107,0.63,2,644479,643977,502
41539781,28.6115,45.6147,476,44464,0.785821,0.61,2,644503,644027,476
41542701,7.32231,29.1229,453,44511,0.789164,0.63,2,644505,644052,453
41545621,31.8645,36.2246,453,44558,0.821833,0.65,2,644543,644090,453
41548541,55.1729,55.2449,454,44605,0.892367,0.65,2,644604,644150,454
41551461,30.2346,30.249,454,44652,0.874473,0.65,2,644628,644174,454
41554381,30.0469,30.0498,454,44699,0.886895,0.69,2,644658,644204,454
41557301,38.8094,35.61,458,44746,0.873379,0.71,2,644699,644241,458
41560221,20.5619,19.122,459,44793,0.918676,0.75,2,644715,644256,459
41563141,24.9124,24.6244,459,44840,0.911735,0.69,2,644741,644282,459
41566061,44.9825,47.3249,456,44887,0.910347,0.69,2,644791,644335,456
41568981,28.9965,27.065,459,44934,0.926069,0.75,2,644816,644357,459
41735421,34,35,486,47536,0.87,1,2,646596,646110,486
41738341,35.6,30.2,493,47580,0.822,1,2,646632,646139,493
41741261,34.32,31.64,495,47624,0.7644,1,2,646666,646171,495
41744181,35.664,31.128,500,47668,0.70488,1,1,646702,646202,500
41747101,35.9328,31.0256,505,47712,0.644976,1,1,646738,646233,505
41750021,29.5866,35.8051,496,47756,0.600995,1,1,646766,646270,496
41752941,30.7173,29.561,499,47800,0.544199,1,1,646797,646298,499
41755861,34.1435,29.1122,505,47844,0.53284,1,1,646832,646327,505
41758781,22.8287,32.2224,492,47888,0.546568,1,1,646852,646360,492
41761701,18.1657,28.8445,481,47932,0.501314,1,1,646869,646388,481
41764621,25.2331,29.7689,478,47976,0.428263,1,1,646896,646418,478
41767541,33.8466,31.5538,482,48020,0.365653,1,1,646932,646450,482
41770461,28.3693,32.7108,476,48064,0.38513,1,1,646959,646483,476
41773381,28.0739,30.5422,474,48108,0.389026,0.92,1,646987,646513,474
41776301,16.0148,19.7084,470,48152,0.373805,0.93,1,647000,646530,470
41779221,25.603,29.5417,466,48196,0.354761,0.87,1,647028,646562,466
41782141,28.3206,33.1083,461,48240,0.318952,0.81,1,647057,646596,461
41785061,32.8641,35.4217,459,48284,0.29579,0.75,1,647091,646632,459
41787981,32.9728,34.2843,458,48328,0.259158,0.69,1,647124,646666,458
41790901,36.1946,35.6569,459,48372,0.219832,0.63,1,647161,646702,459
41793821,32.8389,35.9314,455,48416,0.211966,0.59,1,647193,646738,455
41796741,24.9678,29.5863,450,48460,0.194393,0.53,1,647216,646766,450
41799661,29.7936,30.7173,450,48503,0.174879,0.53,1,647247,646797,450
41802581,34.7587,34.1435,451,48546,0.234976,0.55,1,647283,646832,451
41805501,19.7517,22.8287,447,48589,0.246995,0.49,1,647299,646852,447
41808421,14.3503,18.1657,443,48632,0.265399,0.41,1,647312,646869,443
41811341,22.8701,25.2331,441,48675,0.25308,0.35,1,647337,646896,441
41814261,33.374,33.8466,441,48718,0.218616,0.39,1,647373,646932,441
41817181,29.0748,28.3693,442,48761,0.211723,0.39,1,647401,646959,442
41820101,26.615,28.0739,440,48804,0.258345,0.37,1,647427,646987,440
41823021,15.723,16.0148,440,48847,0.267669,0.37,1,647440,647000,440
41825941,21.5446,3.20295,463,48890,0.253534,0.35,1,647463,647000,463
41828861,26.7089,23.0406,463,48933,0.250707,0.31,1,647491,647028,463
41831781,32.5418,27.8081,468,48976,0.298141,0.29,1,647525,647057,468
41834701,29.7084,32.7616,463,49019,0.243628,0.25,1,647554,647091,463
41837621,34.7417,32.9523,466,49062,0.296726,0.21,1,647590,647124,466
41840541,33.3483,36.1905,462,49105,0.275345,0.21,1,647623,647161,462
41843461,23.4697,32.8381,451,49148,0.303069,0.19,1,647644,647193,451
41846381,30.2939,24.9676,460,49191,0.308614,0.17,1,647676,647216,460
41849301,38.0588,29.7935,469,49234,0.325723,0.25,1,647716,647247,469
41852221,20.4118,34.7587,449,49277,0.361145,0.25,1,647732,647283,449
41855141,13.6824,19.7517,445,49320,0.384229,0.27,1,647744,647299,445
41858061,23.5365,14.3503,458,49363,0.404846,0.25,1,647770,647312,458
41860981,30.3073,22.8701,465,49406,0.408969,0.21,1,647802,647337,465
41863901,30.0615,33.374,459,49449,0.409794,0.21,1,647832,647373,459
41866821,30.0123,29.0748,461,49492,0.409959,0.27,1,647862,647401,461
41869741,14.0025,26.615,445,49535,0.377992,0.27,1,647872,647427,445
41872661,23.6005,15.723,458,49578,0.403598,0.25,1,647898,647440,458
41875581,25.5201,21.5446,461,49620,0.40872,0.25,1,647924,647463,461
41878501,33.104,26.7089,468,49662,0.457744,0.31,1,647959,647491,468
41881421,29.8208,32.5418,463,49704,0.451549,0.23,1,647988,647525,463
41884341,36.3642,29.7084,472,49746,0.45031,0.31,1,648026,647554,472
41887261,32.8728,34.7417,468,49788,0.482062,0.27,1,648058,647590,468
41890181,25.7746,33.3483,459,49830,0.472412,0.31,1,648082,647623,459
41893101,30.7549,23.4697,470,49872,0.470482,0.31,1,648114,647644,470
41896021,38.951,30.2939,479,49914,0.486097,0.33,1,648155,647676,479
41898941,21.3902,38.0588,456,49956,0.537219,0.37,1,648172,647716,456
41901861,13.878,20.4118,452,49998,0.515444,0.39,1,648184,647732,452
41904781,24.3756,13.6824,467,50040,0.527089,0.41,1,648211,647744,467
41907701,30.4751,23.5365,473,50082,0.529418,0.41,1,648243,647770,473
41910621,30.095,30.3073,471,50124,0.529884,0.41,1,648273,647802,471
41913541,28.419,30.0615,469,50166,0.529977,0.41,1,648301,647832,469
41916461,15.2838,30.0123,451,50208,0.529995,0.37,1,648313,647862,451
41919381,23.8568,14.0025,467,50250,0.545999,0.41,1,648339,647872,467
41922301,26.3714,23.6005,468,50292,0.5332,0.41,1,648366,647898,468
41925221,6.87427,25.5201,444,50334,0.53064,0.47,1,648368,647924,444
41928141,30.1749,33.104,445,50376,0.594128,0.45,1,648404,647959,445
41931061,28.435,29.8208,444,50418,0.590826,0.45,1,648432,647988,444
41933981,36.087,36.3642,444,50460,0.638165,0.49,1,648470,648026,444
41936901,32.8174,32.8728,444,50502,0.663633,0.47,1,648502,648058,444
41939821,26.5635,25.7746,445,50544,0.652727,0.47,1,648527,648082,445
41942741,30.9127,30.7549,445,50586,0.698545,0.49,1,648559,648114,445
41945661,41.3825,38.951,448,50628,0.675709,0.55,1,648603,648155,448
41948581,21.0765,21.3902,447,50670,0.639142,0.51,1,648619,648172,447
41951501,14.6153,13.878,448,50712,0.615828,0.53,1,648632,648184,448
41954421,24.5231,24.3756,448,50754,0.675166,0.53,1,648659,648211,448
41957341,30.5046,30.4751,448,50795,0.671033,0.53,1,648691,648243,448
41960261,30.1009,30.095,448,50836,0.718207,0.53,1,648721,648273,448
41963181,28.4202,28.419,448,50877,0.695641,0.53,1,648749,648301,448
41966101,15.284,15.2838,448,50918,0.691128,0.55,1,648761,648313,448
41969021,24.6568,23.8568,449,50959,0.738226,0.53,1,648788,648339,449
41971941,27.3314,26.3714,450,51000,0.779645,0.53,2,648816,648366,450
41974861,7.06627,6.87427,450,51041,0.787929,0.61,2,648818,648368,450
41977781,30.2133,30.1749,450,51082,0.789586,0.59,2,648854,648404,450
41980701,29.2427,28.435,451,51123,0.853917,0.65,2,648883,648432,451
41983621,37.0485,36.087,452,51164,0.818783,0.67,2,648922,648470,452
41986541,33.8097,32.8174,453,51205,0.827757,0.65,2,648955,648502,453
41989461,27.5619,26.5635,454,51246,0.861551,0.71,2,648981,648527,454
41992381,31.9124,30.9127,455,51287,0.82031,0.67,2,649014,648559,455
41995301,38.3825,41.3825,451,51328,0.828062,0.63,2,649054,648603,451
41998221,20.4765,21.0765,451,51369,0.829612,0.61,2,649070,648619,451
42001141,16.0953,14.6153,453,51410,0.845922,0.69,2,649085,648632,453
42004061,25.6191,24.5231,454,51451,0.849185,0.67,2,649113,648659,454
42252261,484,517,442,23360,0.67,0.43,1,651814,651372,442
42255181,151.2,130.6,476,24905,0.654,0.47,1,651882,651406,476
42258101,83.84,79.72,476,24990,0.6668,0.43,1,651949,651473,476
42261021,62.368,59.944,478,25075,0.65336,0.47,1,652006,651528,478
42263941,74.0736,65.5888,488,25160,0.682672,0.53,1,652083,651595,488
42266861,38.0147,50.7178,470,25244,0.720534,0.53,1,652112,651642,470
42269781,34.8029,40.5436,466,25328,0.728107,0.61,1,652146,651680,466
42272701,54.9606,51.3087,472,25412,0.729621,0.59,1,652206,651734,472
42275621,60.5921,38.2617,499,25495,0.761924,0.67,2,652268,651769,499
42278541,65.7184,43.6523,521,25578,0.800385,0.65,2,652335,651814,521
42281461,67.5437,63.1305,521,25661,0.824077,0.67,2,652403,651882,521
42284381,60.7087,66.2261,513,25744,0.860815,0.65,2,652462,651949,513
42287301,75.3417,58.8452,535,25826,0.852163,0.69,2,652541,652006,535
42290221,37.4683,73.369,486,25908,0.834433,0.73,2,652569,652083,486
42293141,35.4937,37.8738,492,25990,0.862886,0.73,2,652604,652112,492
42296061,54.2987,34.7748,517,26072,0.868577,0.73,2,652663,652146,517
42298981,62.0597,54.955,521,26153,0.853715,0.77,2,652727,652206,521
42401181,48,63,529,28854,0.87,1,2,654617,654088,529
42404101,86.4,71,552,28927,0.71,1,1,654713,654161,552
42407021,44.48,74.2,511,29000,0.63,1,1,654747,654236,511
42409941,29.696,42.04,503,29073,0.598,1,1,654773,654270,503
42412861,53.9392,33.208,532,29146,0.5436,1,1,654833,654301,532
42415781,75.5878,52.2416,556,29219,0.54872,0.93,1,654914,654358,556
42418701,39.9176,76.0483,505,29291,0.565744,1,1,654945,654440,505
42421621,34.3835,43.2097,503,29363,0.553149,0.87,1,654978,654475,503
42424541,51.6767,35.8419,525,29435,0.53463,0.91,1,655034,654509,525
42427461,49.5353,55.1684,514,29507,0.562926,0.87,1,655083,654569,514
42430381,75.5071,49.4337,548,29579,0.632585,0.67,1,655165,654617,548
42433301,39.9014,86.6867,483,29651,0.646517,0.61,1,655196,654713,483
42436221,31.9803,44.5373,479,29722,0.617303,0.59,1,655226,654747,479
42439141,52.7961,29.7075,511,29793,0.659461,0.53,1,655284,654773,511
42442061,12.1592,53.9415,453,29864,0.667892,0.55,1,655286,654833,453
42444981,64.0318,75.5883,449,29935,0.781578,0.57,2,655363,654914,449
42447901,36.8064,39.9177,448,30006,0.804316,0.55,2,655393,654945,448
42450821,34.5613,34.3835,449,30077,0.808863,0.53,2,655427,654978,449
42453741,50.9123,51.6767,448,30147,0.825773,0.57,2,655482,655034,448
42456661,50.9824,49.5353,450,30217,0.845155,0.65,2,655533,655083,450
42459581,78.1965,75.5071,453,30287,0.897031,0.65,2,655618,655165,453
42462501,41.2393,39.9014,454,30357,0.875406,0.61,2,655650,655196,454
42465421,32.2479,31.9803,454,30427,0.871081,0.67,2,655680,655226,454
42468341,53.6496,52.7961,455,30497,0.854216,0.67,2,655739,655284,455
42471261,12.3299,12.1592,455,30566,0.850843,0.81,2,655741,655286,455
42655221,38,42,514,34656,0.73,1,1,658624,658110,514
42658141,53.2,50,519,34717,0.682,1,1,658681,658162,519
42661061,46.64,42,524,34778,0.6564,1,1,658726,658202,524
42663981,40.528,53.2,507,34839,0.58728,1,1,658765,658258,507
42666901,33.7056,37.04,506,34900,0.541456,0.92,1,658797,658291,506
42669821,20.3411,32.208,492,34961,0.500291,1,1,658814,658322,492
42672741,29.6682,27.2416,498,35021,0.508058,1,1,658846,658348,498
42675661,53.9336,27.8483,530,35081,0.477612,1,1,658906,658376,530
42678581,42.7867,53.5697,510,35141,0.519522,0.95,1,658946,658436,510
42681501,54.9573,41.9139,529,35201,0.527904,0.89,1,659004,658475,529
42684421,44.5915,62.7828,503,35261,0.529581,0.79,1,659046,658543,503
42687341,34.5183,46.9566,492,35321,0.529916,0.73,1,659078,658586,492
42690261,52.5037,39.7913,511,35381,0.497983,0.67,1,659135,658624,511
42693181,45.7007,53.5583,498,35441,0.539597,0.65,1,659179,658681,498
42696101,35.5401,46.7117,486,35501,0.515919,0.57,1,659212,658726,486
42699021,31.908,40.5423,478,35561,0.575184,0.53,1,659243,658765,478
42701941,22.3816,33.7085,466,35620,0.555037,0.49,1,659263,658797,466
42704861,27.6763,20.3417,478,35679,0.567007,0.51,1,659292,658814,478
42707781,7.13526,29.6683,448,35738,0.569402,0.47,1,659294,658846,448
42710701,48.6271,53.9337,447,35797,0.64988,0.53,1,659353,658906,447
42713621,42.5254,42.7867,448,35856,0.665976,0.53,1,659394,658946,448
42716541,53.3051,54.9573,446,35915,0.717195,0.53,1,659450,659004,446
42719461,45.861,44.5915,448,35974,0.759439,0.53,2,659494,659046,448
42722381,34.7722,34.5183,448,36033,0.751888,0.49,2,659526,659078,448
42725301,51.7544,52.5037,447,36092,0.798378,0.55,2,659582,659135,447
42728221,45.5509,45.7007,447,36151,0.807676,0.51,2,659626,659179,447
42731141,37.1102,35.5401,449,36209,0.793535,0.59,2,659661,659212,449
42734061,32.222,31.908,449,36267,0.838707,0.55,2,659692,659243,449
42736981,22.4444,22.3816,449,36325,0.815741,0.57,2,659712,659263,449
42739901,29.2889,27.6763,451,36383,0.843148,0.57,2,659743,659292,451
42742821,7.45778,7.13526,451,36441,0.84863,0.67,2,659745,659294,451
42745741,51.0916,48.6271,454,36499,0.881726,0.67,2,659807,659353,454
42748661,44.6183,42.5254,456,36557,0.904345,0.73,2,659850,659394,456
42935541,29,32,495,40088,0.67,1,1,662314,661819,495
42938461,25,6.4,519,40141,0.606,1,1,662338,661819,519
42941381,34.6,33.28,516,40194,0.5452,1,1,662375,661859,516
42944301,41.32,45.056,511,40247,0.54904,1,1,662418,661907,511
42947221,61.064,38.6112,540,40299,0.133808,1,1,662484,661944,540
42950141,51.4128,64.5222,518,40351,0.0507616,1,1,662533,662015,518
42953061,32.6826,42.5044,509,40403,0.0501523,1,1,662561,662052,509
42955981,26.5365,29.3009,508,40455,0.0340305,1,1,662586,662078,508
42958901,36.5073,35.4602,510,40507,0.0148061,1,1,662625,662115,510
42961821,31.3015,36.692,503,40559,0.0269612,1,1,662655,662152,503
42964741,24.6603,33.7384,493,40611,0.0293922,0.97,1,662678,662185,493
42967661,31.3321,25.9477,502,40663,0.0138784,0.79,1,662711,662209,502
42970581,31.0664,37.1895,493,40715,0.0267757,0.79,1,662742,662249,493
42973501,27.0133,36.2379,483,40767,0.00535514,0.67,1,662768,662285,483
42976421,22.2027,30.4476,475,40819,0.025071,0.59,1,662789,662314,475
42979341,32.4405,25.2895,486,40871,0.0290142,0.53,1,662824,662338,486
42982261,36.0881,34.6579,486,40923,0.0778028,0.55,1,662861,662375,486
42985181,42.4176,41.3316,487,40975,0.0235606,0.03,1,662905,662418,487
42988101,48.4835,61.0663,471,41027,0.0447121,0.03,1,662955,662484,471
42991021,32.0967,51.4133,450,41078,0.0329424,0.05,1,662983,662533,450
42993941,25.6193,32.6827,446,41129,0.0305885,0.03,1,663007,662561,446
42996861,36.3239,26.5365,460,41180,0.0461177,0.01,1,663046,662586,460
42999781,31.2648,36.5073,451,41231,0.0172235,0.03,1,663076,662625,451
43002701,24.653,31.3015,444,41282,0.0754447,0.03,1,663099,662655,444
43005621,31.3306,24.6603,454,41333,0.0390889,0.01,1,663132,662678,454
43008541,31.0661,31.3321,452,41384,0.0478178,0.03,1,663163,662711,452
43011461,27.0132,31.0664,447,41435,0.0335636,0,1,663189,662742,447
43014381,22.2026,27.0133,442,41486,0.00671271,0.03,1,663210,662768,442
43017301,33.2405,22.2027,457,41537,0.0413425,0.03,1,663246,662789,457
43020221,8.24811,32.4405,424,41588,0.0482685,0.09,1,663248,662824,424
43023141,32.8496,36.0881,426,41639,0.0976537,0.01,1,663287,662861,426
43026061,40.9699,42.4176,425,41690,0.0915307,0.05,1,663330,662905,425
43028981,45.794,48.4835,422,41741,0.0583061,0.03,1,663377,662955,422
43031901,32.3588,32.0967,423,41792,0.0196612,0.03,1,663406,662983,423
43034821,24.8718,25.6193,422,41843,0.0279322,0.05,1,663429,663007,422
43037741,36.9744,36.3239,423,41893,0.0295865,0.01,1,663469,663046,423
43040661,31.3949,31.2648,423,41943,0.0299173,0.09,1,663499,663076,423
43043581,25.479,24.653,424,41993,0.0139835,0.03,1,663523,663099,424
43046501,29.8958,31.3306,422,42043,0.0267967,0.05,1,663554,663132,422
43049421,33.9792,31.0661,426,42093,0.0293593,0.03,1,663589,663163,426
43052341,24.3958,27.0132,422,42143,0.0298719,0,1,663611,663189,422
43055261,22.4792,22.2026,423,42193,0.0139744,0.05,1,663633,663210,423
43058181,34.8958,33.2405,425,42243,0.0267949,0.05,1,663671,663246,425
43061101,8.57917,8.24811,425,42293,0.029359,0.11,1,663673,663248,425
43064021,32.9158,32.8496,425,42343,0.0778718,0.09,1,663712,663287,425
43066941,41.7832,40.9699,426,42393,0.135574,0.05,1,663756,663330,426
43069861,42.7566,45.794,422,42443,0.0991149,0.01,1,663799,663377,422
43072781,31.7513,32.3588,422,42493,0.027823,0.03,1,663828,663406,422
43075701,24.7503,24.8718,422,42543,0.0455646,0.03,1,663851,663429,422
43078621,36.9501,36.9744,422,42593,0.0331129,0.03,1,663891,663469,422
43081541,31.39,31.3949,422,42643,0.0306226,0.01,1,663921,663499,422
43084461,25.478,25.479,422,42692,0.0141245,0.03,1,663945,663523,422
43087381,29.8956,29.8958,422,42741,0.0108249,0.03,1,663976,663554,422
43090301,34.7791,33.9792,423,42790,0.042165,0.03,1,664012,663589,423
43093221,23.7558,24.3958,422,42839,0.032433,0.01,1,664033,663611,422
43096141,22.3512,22.4792,422,42888,0.0064866,0.03,1,664055,663633,422
43099061,34.8702,34.8958,422,42937,0.0412973,0.03,1,664093,663671,422
43101981,8.57405,8.57917,422,42986,0.0482595,0.03,1,664095,663673,422
43104901,35.3148,1.71583,464,43035,0.0336519,0.09,1,664137,663673,464
43107821,43.863,31.5432,471,43084,0.0627304,0.15,1,664183,663712,471
43110741,41.5726,41.5086,468,43133,0.116546,0.09,1,664224,663756,468
43113661,28.3145,42.7017,450,43182,0.127309,0.01,1,664249,663799,450
43116581,24.0629,31.7403,444,43231,0.0814618,0.05,1,664272,663828,444
43119501,36.8126,24.7481,461,43280,0.0242924,0.03,1,664312,663851,461
43122421,31.3625,36.9496,451,43329,0.0448585,0.03,1,664342,663891,451
43125341,25.4725,31.3899,445,43378,0.0329717,0.01,1,664366,663921,445
43128261,30.6945,25.478,453,43427,0.0145943,0.01,1,664398,663945,453
43131181,34.1389,29.8956,457,43476,0.0269189,0.05,1,664433,663976,457
43134101,23.6278,34.7791,442,43525,0.0133838,0.03,1,664454,664012,442
43137021,22.3256,23.7558,443,43573,0.0106768,0,1,664476,664033,443
43139941,34.8651,22.3512,459,43621,0.0101354,0.05,1,664514,664055,459
43142861,8.57302,34.8702,423,43669,0.0100271,0.05,1,664516,664093,423
43145781,36.9146,8.57405,465,43717,0.0260054,0.03,1,664560,664095,465
43148701,44.1829,35.3148,469,43765,0.0452011,0.07,1,664606,664137,469
43151621,45.6366,43.863,469,43813,0.0650402,0.13,1,664652,664183,469
43154541,26.7273,41.5726,450,43861,0.101008,0.13,1,664674,664224,450
43157461,22.9455,28.3145,447,43909,0.108202,0.07,1,664696,664249,447
43160381,34.1891,24.0629,461,43957,0.0616403,0.01,1,664733,664272,461
43163301,32.4378,36.8126,453,44005,0.0363281,0.05,1,664765,664312,453
43166221,24.8876,31.3625,446,44053,0.0152656,0.03,1,664788,664342,446
43169141,29.7775,25.4725,453,44101,0.0270531,0.01,1,664819,664366,453
43172061,34.7555,30.6945,457,44149,0.0454106,0.03,1,664855,664398,457
43174981,22.9511,34.1389,442,44197,0.0810821,0.01,1,664875,664433,442
43177901,22.1902,23.6278,443,44245,0.0402164,0.01,1,664897,664454,443
43180821,34.838,22.3256,459,44293,0.0320433,0.01,1,664935,664476,459
43183741,8.56761,34.8651,423,44341,0.0304087,0.01,1,664937,664514,423
43186661,38.5135,8.57302,467,44389,0.0460817,0.03,1,664983,664516,467
43189581,44.5027,36.9146,469,44437,0.0492163,0.05,1,665029,664560,469
43192501,10.5005,44.1829,425,44484,0.0498433,0.07,1,665031,664606,425
43195421,38.9001,45.6366,425,44531,0.0659687,0.11,1,665077,664652,425
43198341,26.98,26.7273,427,44578,0.181194,0.11,1,665101,664674,427
43201261,22.996,22.9455,427,44625,0.172239,0.05,1,665123,664696,427
43204181,33.3992,34.1891,426,44672,0.218448,0.03,1,665159,664733,426
43207101,29.8798,32.4378,423,44719,0.22769,0.01,1,665188,664765,423
43210021,24.376,24.8876,423,44766,0.213538,0.03,1,665211,664788,423
43212941,28.8752,29.7775,422,44813,0.178708,0.05,1,665241,664819,422
43215861,37.775,34.7555,426,44860,0.0757415,0.09,1,665281,664855,426
43218781,21.955,22.9511,424,44907,0.0711483,0.03,1,665299,664875,424
43221701,20.391,22.1902,422,44954,0.0382297,0.03,1,665319,664897,422
43224621,36.0782,34.838,424,45001,0.0316459,0.03,1,665359,664935,424
43227541,8.81564,8.56761,424,45048,0.0303292,0.05,1,665361,664937,424
43230461,37.7631,38.5135,423,45095,0.0460658,0.05,1,665406,664983,423
43233381,45.1526,44.5027,424,45142,0.0332132,0.05,1,665453,665029,424
43236301,10.6305,10.5005,424,45189,0.0306426,0.07,1,665455,665031,424
43239221,42.1261,38.9001,428,45236,0.00612853,0.21,1,665505,665077,428
43242141,29.2252,26.98,430,45283,0.0572257,0.17,1,665531,665101,430
43245061,24.245,22.996,431,45330,0.0994451,0.23,1,665554,665123,431
43247981,35.249,33.3992,433,45377,0.139889,0.23,1,665592,665159,433
43250901,30.2498,29.8798,433,45423,0.115978,0.21,1,665621,665188,433
43253821,23.65,24.376,432,45469,0.111196,0.17,1,665643,665211,432
43256741,23.93,28.8752,426,45515,0.110239,0.05,1,665667,665241,426
43259661,35.986,37.775,425,45561,0.142048,0.07,1,665706,665281,425
43262581,21.5972,21.955,425,45607,0.18041,0.03,1,665724,665299,425
43265501,17.9194,20.391,422,45653,0.204082,0.03,1,665741,665319,422
43268421,36.3839,36.0782,423,45699,0.0488164,0.03,1,665782,665359,423
43271341,8.87678,8.81564,423,45745,0.0497633,0.05,1,665784,665361,423
43274261,36.9754,37.7631,422,45791,0.0179527,0.03,1,665828,665406,422
43277181,45.7951,45.1526,423,45837,0.0755905,0.03,1,665876,665453,423
43280101,10.759,10.6305,423,45883,0.0871181,0,1,665878,665455,423
43283021,42.1518,42.1261,423,45929,0.0894236,0,1,665928,665505,423
43285941,30.0304,8.42522,450,45975,0.0418847,0.07,1,665955,665505,450
43288861,26.0061,22.485,449,46021,0.0483769,0.11,1,665980,665531,449
43291781,36.4012,22.897,465,46067,0.0816754,0.15,1,666019,665554,465
43294701,29.6802,34.9794,455,46113,0.0563351,0.11,1,666047,665592,455
43297621,23.536,30.1959,448,46159,0.067267,0.11,1,666069,665621,448
43300541,23.9072,23.6392,450,46205,0.101453,0.11,1,666093,665643,450
43303461,37.5814,23.9278,467,46251,0.0922907,0.15,1,666134,665667,467
43306381,22.7163,35.9856,447,46297,0.122458,0.19,1,666153,665706,447
43309301,16.5433,21.5971,444,46343,0.160492,0.21,1,666168,665724,444
43312221,31.3087,17.9194,462,46388,0.152098,0.01,1,666203,665741,462
43315141,7.86173,36.3839,423,46433,0.15042,0.05,1,666205,665782,423
43318061,38.3723,8.87678,467,46478,0.150084,0.01,1,666251,665784,467
43320981,46.0745,36.9754,471,46523,0.150017,0.09,1,666299,665828,471
43323901,10.8149,45.7951,425,46568,0.150003,0.09,1,666301,665876,425
43326821,42.163,10.759,473,46613,0.118001,0.09,1,666351,665878,473
43329741,29.2326,42.1518,449,46658,0.1116,0.03,1,666377,665928,449
43332661,27.4465,30.0304,449,46703,0.12632,0.05,1,666404,665955,449
43335581,35.8893,26.0061,462,46748,0.129264,0.09,1,666442,665980,462
43338501,29.5779,36.4012,451,46793,0.145853,0.05,1,666470,666019,451
43341421,25.1156,29.6802,447,46838,0.149171,0.07,1,666494,666047,447
43344341,25.0231,23.536,450,46883,0.181834,0.11,1,666519,666069,450
43347261,37.8046,23.9072,467,46928,0.172367,0.09,1,666560,666093,467
43350181,23.5609,37.5814,446,46973,0.186473,0.13,1,666580,666134,446
43353101,18.3122,22.7163,444,47018,0.205295,0.17,1,666597,666153,444
43356021,30.8624,16.5433,463,47063,0.257059,0.15,1,666631,666168,463
43358941,7.77249,31.3087,430,47108,0.267412,0.15,1,666633,666203,430
43361861,38.3545,7.86173,474,47153,0.269482,0.15,1,666679,666205,474
43364781,46.0709,38.3723,476,47198,0.285896,0.15,1,666727,666251,476
43367701,10.8142,46.0745,430,47243,0.289179,0.15,1,666729,666299,430
43370621,40.5628,10.8149,476,47288,0.321836,0.11,1,666777,666301,476
43373541,28.9126,42.163,452,47333,0.328367,0.11,1,666803,666351,452
43376461,26.5825,29.2326,452,47378,0.361673,0.13,1,666829,666377,452
43379381,6.9165,27.4465,427,47422,0.368335,0.13,1,666831,666404,427
43382301,33.3833,35.8893,429,47466,0.417667,0.15,1,666871,666442,429
43385221,29.0767,29.5779,429,47510,0.443533,0.15,1,666899,666470,429
43388141,25.0153,25.1156,429,47554,0.480707,0.19,1,666923,666494,429
43391061,26.6031,25.0231,431,47598,0.536141,0.17,1,666950,666519,431
43393981,37.3206,37.8046,430,47642,0.531228,0.19,1,666990,666560,430
43396901,24.2641,23.5609,431,47686,0.594246,0.21,1,667011,666580,431
43399821,20.0528,18.3122,433,47730,0.606849,0.27,1,667030,666597,433
43402741,32.8106,30.8624,435,47774,0.59337,0.27,1,667066,666631,435
43405661,8.16211,7.77249,435,47818,0.590674,0.27,1,667068,666633,435
43408581,39.2324,38.3545,436,47862,0.606135,0.29,1,667115,666679,436
43411501,46.2465,46.0709,436,47906,0.577227,0.29,1,667163,666727,436
43414421,10.8493,10.8142,436,47950,0.571445,0.33,1,667165,666729,436
43417341,42.1699,40.5628,438,47994,0.570289,0.33,1,667215,666777,438
43420261,30.034,28.9126,439,48038,0.586058,0.37,1,667242,666803,439
43423181,27.6068,26.5825,440,48082,0.573212,0.37,1,667269,666829,440
43426101,7.12136,6.9165,440,48126,0.570642,0.43,1,667271,666831,440
43429021,36.6243,33.3833,444,48170,0.602128,0.45,1,667315,666871,444
43431941,29.7249,29.0767,444,48214,0.624426,0.49,1,667343,666899,444
43434861,25.945,25.0153,445,48258,0.676885,0.55,1,667368,666923,445
43437781,28.389,26.6031,447,48302,0.687377,0.53,1,667397,666950,447
43440701,39.2778,37.3206,449,48346,0.705475,0.61,1,667439,666990,449
43443621,25.4556,24.2641,450,48390,0.677095,0.61,1,667461,667011,450
43446541,21.8911,20.0528,452,48434,0.687419,0.59,1,667482,667030,452
43449461,32.3782,32.8106,451,48478,0.689484,0.59,1,667517,667066,451
43452381,8.07564,8.16211,451,48521,0.721897,0.61,1,667519,667068,451
43455301,38.4151,39.2324,450,48564,0.760379,0.57,2,667565,667115,450
43458221,46.083,46.2465,450,48607,0.784076,0.57,2,667613,667163,450
43461141,10.8166,10.8493,450,48650,0.788815,0.57,2,667615,667165,450
43464061,42.1633,42.1699,450,48693,0.789763,0.59,2,667665,667215,450
43466981,30.8327,30.034,451,48736,0.789953,0.57,2,667693,667242,451
43469901,26.9665,27.6068,450,48779,0.805991,0.57,2,667719,667269,450
43472821,6.99331,7.12136,450,48822,0.809198,0.61,2,667721,667271,450
43475741,38.1987,36.6243,452,48865,0.82584,0.61,2,667767,667315,452
43478661,30.8397,7.32485,481,48908,0.861168,0.63,2,667796,667315,481
43481581,26.1679,23.865,478,48951,0.852234,0.69,2,667821,667343,478
43484501,28.4336,24.773,482,48994,0.834447,0.69,2,667850,667368,482
43487421,40.0867,28.1546,496,49037,0.830889,0.71,2,667893,667397,496
43490341,25.6173,39.2309,476,49080,0.846178,0.67,2,667915,667439,476
43493261,21.9235,25.4462,475,49123,0.881236,0.69,2,667936,667461,475
43496181,33.1847,21.8892,490,49166,0.872247,0.69,2,667972,667482,490
43499101,8.23694,32.3778,457,49209,0.870449,0.73,2,667974,667517,457
43502021,40.8474,8.07557,504,49252,0.88609,0.77,2,668023,667519,504
43504941,46.5695,38.4151,506,49295,0.905218,0.79,2,668071,667565,506
43507861,10.9139,46.083,460,49338,0.909044,0.79,2,668073,667613,460
43510781,43.7828,10.8166,510,49381,0.909809,0.79,2,668125,667615,510
43513701,31.9566,42.1633,489,49424,0.893962,0.79,2,668154,667665,489
43516621,27.9913,30.8327,488,49467,0.938792,0.81,2,668181,667693,488
43519541,7.19826,26.9665,464,49510,0.915758,0.81,2,668183,667719,464
43522461,39.0397,6.99331,509,49553,0.927152,0.83,2,668230,667721,509
43525381,31.8079,38.1987,493,49596,0.89743,0.87,2,668260,667767,493
43528301,25.5616,30.8397,488,49638,0.891486,0.85,2,668284,667796,488
43531221,27.5123,26.1679,491,49680,0.906297,0.83,2,668312,667821,491
43742921,69,61,502,24266,0.25,0.63,1,670464,669962,502
43745841,65,81.8,479,24353,0.266,0.55,1,670528,670049,479
43748761,60.2,62.76,480,24440,0.2852,0.45,1,670587,670107,480
43751681,56.04,66.952,467,24527,0.30504,0.45,1,670642,670175,467
43754601,72.808,57.3904,489,24613,0.405008,0.27,1,670719,670230,489
43757521,32.1616,65.8781,443,24699,0.393002,0.23,1,670741,670298,443
43760441,17.6323,30.7756,435,24785,0.4226,0.25,1,670755,670320,435
43763361,63.5265,66.1551,435,24871,0.49252,0.25,1,670830,670395,435
43766281,67.9053,68.431,435,24956,0.538504,0.27,1,670899,670464,435
43769201,65.5811,64.8862,436,25041,0.595701,0.29,1,670964,670528,436
43772121,61.1162,60.1772,437,25126,0.62314,0.31,1,671024,670587,437
43775041,58.6232,56.0354,440,25210,0.628628,0.43,1,671082,670642,440
43777961,74.1246,72.8071,441,25294,0.629726,0.39,1,671160,670719,441
43780881,32.4249,32.1614,441,25378,0.629945,0.43,1,671182,670741,441
43783801,18.485,17.6323,442,25461,0.645989,0.43,1,671197,670755,442
43786721,66.097,3.52646,520,25544,0.665198,0.51,1,671275,670755,520
43789641,70.0194,60.7053,516,25627,0.66904,0.55,1,671346,670830,516
43792561,69.2039,67.3411,516,25710,0.669808,0.61,1,671415,670899,516
43795481,62.6408,65.4682,512,25792,0.701962,0.63,1,671476,670964,512
43798401,57.3282,61.0936,508,25874,0.740392,0.63,1,671532,671024,508
43801321,75.4656,58.6187,530,25956,0.780078,0.63,2,671612,671082,530
43804241,32.6931,74.1237,474,26038,0.820016,0.63,2,671634,671160,474
43807161,17.7386,32.4247,466,26119,0.828003,0.65,2,671648,671182,466
43810081,66.7477,18.4849,530,26200,0.845601,0.67,2,671727,671197,530
43813001,70.1495,66.097,523,26281,0.91312,0.67,2,671798,671275,523
43815921,70.8299,70.0194,523,26362,0.910624,0.67,2,671869,671346,523
43932721,37,67,516,29403,0.89,1,2,674005,673489,516
43935641,33.8,43,512,29475,0.826,1,2,674038,673526,512
43938561,55.56,33.4,542,29547,0.6052,1,1,674099,673557,542
43941481,43.112,52.28,525,29619,0.48104,1,1,674139,673614,525
43944401,35.8224,48.056,512,29690,0.440208,1,1,674173,673661,512
43947321,59.9645,36.8112,544,29761,0.256042,0.98,1,674239,673695,544
43950241,46.3929,63.3622,517,29832,0.219208,1,1,674282,673765,517
43953161,30.0786,52.6724,493,29903,0.115842,0.9,1,674308,673815,493
43956081,50.0157,72.1345,471,29974,0.0471683,0.96,1,674363,673892,471
43959001,66.8031,75.2269,466,30045,0.0174337,0.89,1,674434,673968,466
43961921,39.7606,44.6454,462,30115,0.0274867,0.81,1,674467,674005,462
43964841,31.9521,35.3291,459,30185,0.0774973,0.55,1,674497,674038,459
43967761,47.9904,55.8658,450,30255,0.0554995,0.45,1,674549,674099,450
43970681,36.7981,43.1732,444,30325,0.0830999,0.43,1,674583,674139,444
43973601,29.7596,35.8346,438,30395,0.12062,0.21,1,674611,674173,438
43976521,53.1519,59.9669,431,30465,0.144124,0.21,1,674670,674239,431
43979441,39.4304,46.3934,424,30534,0.116825,0.09,1,674706,674282,424
43982361,31.8861,30.0787,428,30603,0.095365,0.03,1,674736,674308,428
43985281,45.5772,50.0157,422,30672,0.107073,0.01,1,674785,674363,422
43988201,66.7154,66.8031,423,30741,0.0454146,0.03,1,674857,674434,423
43991121,38.9431,39.7606,422,30810,0.0810829,0.09,1,674889,674467,422
43994041,34.1886,31.9521,425,30879,0.0882166,0.05,1,674922,674497,425
43996961,48.4377,47.9904,425,30948,0.121643,0.09,1,674974,674549,425
43999881,37.6875,36.7981,426,31016,0.112329,0.13,1,675009,674583,426
44002801,28.3375,29.7596,424,31084,0.110466,0.15,1,675035,674611,424
44005721,55.2675,53.1519,427,31152,0.110093,0.11,1,675097,674670,427
44008641,40.6535,39.4304,428,31220,0.126019,0.09,1,675134,674706,428
44011561,28.9307,31.8861,424,31288,0.161204,0.09,1,675160,674736,424
44014481,43.3861,6.37721,471,31356,0.168241,0.11,1,675207,674736,471
44017401,66.2772,40.4754,494,31423,0.137648,0.03,1,675279,674785,494
44020321,40.4554,65.6951,456,31490,0.0995296,0.09,1,675313,674857,456
44023241,36.0911,38.739,459,31557,0.0919059,0.09,1,675348,674889,459
44026161,48.0182,34.1478,477,31624,0.170381,0.13,1,675399,674922,477
44029081,36.8036,48.4296,459,31691,0.186076,0.11,1,675433,674974,459
44032001,28.9607,37.6859,451,31758,0.173215,0.11,1,675460,675009,451
44034921,56.1921,28.3372,488,31825,0.266643,0.11,1,675523,675035,488
44037841,41.6384,55.2674,464,31891,0.285329,0.13,1,675561,675097,464
44040761,29.1277,40.6535,453,31957,0.289066,0.17,1,675587,675134,453
44043681,45.0255,28.9307,476,32023,0.321813,0.17,1,675636,675160,476
44046601,65.0051,43.3861,499,32089,0.360363,0.13,1,675706,675207,499
44049521,38.601,66.2772,459,32155,0.400073,0.09,1,675738,675279,459
44052441,37.3202,40.4554,462,32221,0.424015,0.09,1,675775,675313,462
44055361,50.664,36.0911,481,32287,0.444803,0.19,1,675829,675348,481
44058281,37.3328,48.0182,464,32353,0.480961,0.19,1,675863,675399,464
44061201,30.6666,36.8036,459,32418,0.472192,0.17,1,675892,675433,459
44064121,58.9333,28.9607,498,32483,0.534438,0.29,1,675958,675460,498
44067041,42.1867,56.1921,473,32548,0.562888,0.29,1,675996,675523,473
44069961,29.2373,41.6384,461,32613,0.568578,0.29,1,676022,675561,461
44072881,46.6475,29.1277,486,32678,0.601716,0.33,1,676073,675587,486
44075801,66.9295,45.0255,509,32743,0.576343,0.37,1,676145,675636,509
44078721,14.9859,65.0051,441,32808,0.571269,0.41,1,676147,675706,441
44081641,30.1972,38.601,443,32872,0.602254,0.43,1,676181,675738,443
44084561,35.6394,37.3202,443,32936,0.560451,0.45,1,676218,675775,443
44087481,51.1279,50.664,444,33000,0.55209,0.49,1,676273,675829,444
44090401,39.0256,37.3328,446,33064,0.582418,0.47,1,676309,675863,446
44093321,31.8051,30.6666,447,33128,0.620484,0.55,1,676339,675892,447
44096241,61.561,58.9333,450,33192,0.644097,0.57,1,676408,675958,450
44099161,42.7122,42.1867,450,33256,0.632819,0.57,1,676446,675996,450
44102081,29.3424,29.2373,450,33320,0.662564,0.61,1,676472,676022,450
44105001,48.2685,46.6475,452,33383,0.636513,0.57,1,676525,676073,452
44107921,65.6537,66.9295,450,33446,0.647303,0.57,1,676595,676145,450
44110841,14.7307,14.9859,450,33509,0.68146,0.61,1,676597,676147,450
44113761,30.1461,30.1972,450,33572,0.688292,0.55,1,676631,676181,450
44116681,34.8292,35.6394,449,33635,0.721658,0.55,1,676667,676218,449
44119601,50.9658,51.1279,449,33698,0.712332,0.59,1,676722,676273,449
44122521,40.5932,39.0256,451,33761,0.742466,0.63,1,676760,676309,451
44125441,33.7186,31.8051,453,33824,0.828493,0.65,2,676792,676339,453
44128361,61.1437,61.561,452,33887,0.829699,0.63,2,676860,676408,452
44131281,43.4287,42.7122,453,33949,0.87794,0.67,2,676899,676446,453
44134201,29.4857,29.3424,453,34011,0.887588,0.63,2,676925,676472,453
44137121,48.2972,48.2685,453,34073,0.857518,0.65,2,676978,676525,453
44140041,66.4594,65.6537,454,34135,0.867504,0.69,2,677049,676595,454
44142961,14.8919,14.7307,454,34197,0.869501,0.69,2,677051,676597,454
44145881,30.1784,30.1461,454,34259,0.9019,0.69,2,677085,676631,454
44148801,36.4357,6.02923,492,34321,0.90838,0.73,2,677123,676631,492
44151721,51.2871,30.0058,511,34383,0.909676,0.71,2,677178,676667,511
44274361,55,75,482,36876,0.63,1,1,678952,678470,482
44277281,30.2,33.4,483,36933,0.662,1,1,678976,678493,483
44280201,30.84,29.88,485,36990,0.6844,1,1,679007,678522,485
44283121,30.168,27.576,488,37047,0.75288,1,2,679037,678549,488
44286041,26.8336,28.7152,485,37104,0.718576,0.92,1,679063,678578,485
44288961,26.1667,31.343,479,37161,0.663715,0.92,1,679089,678610,479
44291881,40.4333,6.26861,523,37218,0.588743,1,1,679133,678610,523
44294801,36.8867,43.6537,506,37275,0.605749,1,1,679169,678663,506
44297721,51.3773,36.7307,526,37332,0.60915,1,1,679224,678698,526
44300641,39.8755,53.7461,505,37389,0.56183,0.93,1,679261,678756,505
44303561,32.7751,43.5492,495,37446,0.584366,0.93,1,679292,678797,495
44306481,56.955,36.7098,523,37502,0.620873,0.71,1,679355,678832,523
44309401,56.991,59.342,515,37558,0.660175,0.63,1,679412,678897,515
44312321,25.7982,55.8684,478,37614,0.668035,0.67,1,679430,678952,478
44315241,30.7596,30.3737,486,37670,0.717607,0.69,1,679462,678976,486
44318161,30.1519,30.8747,485,37726,0.727521,0.77,1,679492,679007,485
44321081,26.0304,30.1749,480,37782,0.745504,0.71,1,679517,679037,480
44324001,25.2061,26.835,479,37838,0.749101,0.65,1,679542,679063,479
44326921,38.6412,26.167,495,37894,0.76582,0.57,2,679584,679089,495
44329841,37.3282,40.4334,488,37950,0.801164,0.61,2,679621,679133,488
44332761,50.6656,36.8867,506,38006,0.856233,0.61,2,679675,679169,506
44335681,37.3331,51.3773,485,38062,0.883247,0.55,2,679709,679224,485
44338601,35.4666,39.8755,483,38118,0.920649,0.59,2,679744,679261,483
44341521,57.4933,32.7751,515,38173,0.92813,0.63,2,679807,679292,515
44344441,58.6987,56.955,511,38228,0.945626,0.67,2,679866,679355,511
44507961,34,42,523,41206,0.65,1,1,681904,681381,523
44510881,35.6,36.4,524,41257,0.586,1,1,681940,681416,524
44513801,28.72,24.08,530,41308,0.6852,1,1,681967,681437,530
44516721,36.144,44.016,519,41359,0.70504,1,1,682005,681486,519
44519641,35.2288,35.2032,521,41410,0.677008,1,1,682040,681519,521
44522561,32.6458,25.4406,530,41461,0.639402,1,1,682072,681542,530
44525481,24.9292,31.4881,520,41512,0.56788,1,1,682095,681575,520
44528401,12.1858,35.0976,493,41563,0.553576,1,1,682104,681611,493
44531321,35.2372,39.0195,494,41614,0.422715,1,1,682145,681651,494
44534241,34.2474,33.4039,496,41665,0.396543,0.86,1,682179,681683,496
44537161,59.6495,73.8808,478,41716,0.439309,0.97,1,682245,681767,478
44540081,37.5299,41.1762,477,41767,0.399862,0.88,1,682277,681800,477
44543001,27.506,34.6352,469,41818,0.407972,0.81,1,682302,681833,469
44545921,25.5012,36.527,457,41868,0.409594,0.65,1,682327,681870,457
44548841,32.3002,34.5054,457,41918,0.457919,0.57,1,682361,681904,457
44551761,32.06,35.7011,453,41968,0.483584,0.71,1,682393,681940,453
44554681,30.412,28.7402,456,42018,0.472717,0.71,1,682423,681967,456
44557601,35.6824,36.148,455,42068,0.486543,0.67,1,682460,682005,455
44560521,31.1365,35.2296,450,42118,0.489309,0.63,1,682490,682040,450
44563441,33.4273,32.6459,452,42168,0.457862,0.55,1,682524,682072,452
44566361,23.4855,24.9292,450,42218,0.499572,0.55,1,682545,682095,450
44569281,12.6971,12.1858,451,42268,0.475915,0.39,1,682555,682104,451
44572201,31.3394,35.2372,446,42318,0.503183,0.39,1,682591,682145,446
44575121,29.4679,34.2474,441,42368,0.508637,0.45,1,682620,682179,441
44578041,57.0936,59.6495,439,42418,0.541727,0.39,1,682684,682245,439
44580961,40.2187,37.5299,443,42468,0.548345,0.41,1,682720,682277,443
44583881,25.6437,27.506,440,42518,0.581669,0.41,1,682742,682302,440
44586801,25.1287,25.5012,440,42568,0.572334,0.47,1,682767,682327,440
44589721,33.0257,32.3002,441,42618,0.602467,0.49,1,682802,682361,441
44592641,33.0051,32.06,442,42668,0.640493,0.47,1,682835,682393,442
44595561,32.201,30.412,444,42717,0.616099,0.49,1,682867,682423,444
44598481,36.0402,35.6824,444,42766,0.59522,0.49,1,682904,682460,444
44601401,31.208,31.1365,444,42815,0.623044,0.45,1,682934,682490,444
44604321,33.4416,33.4273,444,42864,0.644609,0.51,1,682968,682524,444
44607241,24.2883,23.4855,445,42913,0.648922,0.47,1,682990,682545,445
44610161,12.8577,12.6971,445,42962,0.649784,0.51,1,683000,682555,445
44613081,31.3715,31.3394,445,43011,0.649957,0.51,1,683036,682591,445
44616001,30.2743,6.26788,475,43060,0.649991,0.51,1,683066,682591,475
44618921,58.8549,24.4536,512,43109,0.665998,0.55,1,683132,682620,512
44621841,40.571,56.0907,484,43158,0.6852,0.55,1,683168,682684,484
44624761,25.7142,40.0181,470,43207,0.68904,0.59,1,683190,682720,470
44627681,25.9428,25.6036,474,43256,0.689808,0.57,1,683216,682742,474
44630601,34.7886,25.1207,486,43305,0.705962,0.61,1,683253,682767,486
44633521,33.3577,33.0241,484,43354,0.725192,0.65,1,683286,682802,484
44636441,30.6715,33.0048,481,43403,0.729038,0.61,1,683316,682835,481
44639361,34.9343,32.201,485,43452,0.745808,0.59,1,683352,682867,485
44642281,33.3869,36.0402,481,43501,0.765162,0.63,2,683385,682904,481
44645201,35.4774,31.208,487,43550,0.833032,0.65,2,683421,682934,487
44648121,24.6955,33.4416,475,43598,0.846606,0.65,2,683443,682968,475
44651041,12.9391,24.2883,463,43646,0.849321,0.65,2,683453,682990,463
44653961,31.3878,12.8577,489,43694,0.865864,0.65,2,683489,683000,489
44656881,30.2776,31.3715,483,43742,0.901173,0.65,2,683519,683036,483
44659801,59.6555,30.2743,520,43790,0.924235,0.67,2,683586,683066,520
44662721,41.5311,58.8549,491,43838,0.944847,0.69,2,683623,683132,491
44677321,30,33,487,44078,0.95,0.73,2,683773,683286,487
44855441,85,91,493,21370,0.71,0.95,1,685843,685350,493
44858361,65.8,59,503,21469,0.758,0.93,2,685904,685401,503
44861281,99.56,94.2,508,21568,0.7836,0.81,2,686012,685504,508
44864201,78.312,81.24,503,21666,0.82072,0.79,2,686085,685582,503
44867121,42.8624,65.048,476,21764,0.828144,0.73,2,686119,685643,476
44870041,36.5725,41.0096,476,21861,0.845629,0.67,2,686154,685678,476
44872961,54.5145,72.2019,455,21958,0.897126,0.71,2,686213,685758,455
44875881,79.7029,82.4404,456,22055,0.923425,0.77,2,686299,685843,456
44995601,82,106,548,25702,0.27,0.92,1,688930,688382,548
44998521,61.2,78,533,25784,0.126,1,1,688986,688453,533
45001441,47.44,66,514,25866,0.0972,1,1,689030,688516,514
45004361,42.288,43.6,517,25948,0.02744,1,1,689071,688554,517
45007281,33.2576,43.12,505,26030,0.061488,1,1,689102,688597,505
45010201,48.2515,33.424,526,26111,0.116298,0.99,1,689154,688628,526
45013121,45.6503,56.2848,509,26192,0.11126,0.78,1,689199,688690,509
45016041,83.5301,50.457,553,26273,0.0622519,0.45,1,689292,688739,553
45018961,70.306,97.2914,511,26354,0.11645,0.27,1,689359,688848,511
45021881,58.0612,85.0583,484,26434,0.12729,0.09,1,689414,688930,484
45024801,41.2122,61.8117,465,26514,0.177458,0.09,1,689451,688986,465
45027721,42.6424,47.5623,464,26594,0.123492,0.01,1,689494,689030,464
45030641,33.3285,42.3125,454,26674,0.0646983,0.07,1,689525,689071,454
45033561,51.4657,33.2625,479,26753,0.0689397,0.13,1,689581,689102,479
45036481,45.4931,48.2525,471,26832,0.0857879,0.11,1,689625,689154,471
45039401,81.0986,45.6505,516,26911,0.0731576,0.05,1,689715,689199,516
45042321,17.8197,83.5301,425,26990,0.0706315,0.13,1,689717,689292,425
45045241,57.9639,70.306,426,27068,0.102126,0.13,1,689785,689359,426
45048161,58.7928,58.0612,430,27146,0.140425,0.19,1,689844,689414,430
45051081,38.9586,41.2122,427,27224,0.164085,0.11,1,689878,689451,427
45054001,38.9917,42.6424,423,27302,0.216817,0.05,1,689917,689494,423
45056921,34.1983,33.3285,425,27380,0.243363,0.07,1,689950,689525,425
45059841,51.6397,51.4657,425,27457,0.280673,0.09,1,690006,689581,425
45062761,46.3279,45.4931,426,27534,0.272135,0.07,1,690051,689625,426
45065681,80.4656,81.0986,425,27611,0.302427,0.07,1,690140,689715,425
45068601,17.6931,17.8197,425,27688,0.308485,0.11,1,690142,689717,425
45071521,59.5386,57.9639,427,27764,0.325697,0.15,1,690212,689785,427
45074441,59.1077,58.7928,427,27840,0.361139,0.17,1,690271,689844,427
45077361,40.6215,38.9586,429,27916,0.368228,0.23,1,690307,689878,429
45080281,42.5243,38.9917,433,27992,0.401646,0.25,1,690350,689917,433
45083201,35.7049,34.1983,434,28068,0.392329,0.29,1,690384,689950,434
45086121,51.941,51.6397,434,28143,0.390466,0.27,1,690440,690006,434
45089041,45.5882,46.3279,433,28218,0.470093,0.31,1,690484,690051,433
45091961,81.9176,80.4656,435,28293,0.566019,0.31,1,690575,690140,435
45094881,17.9835,17.6931,435,28368,0.585204,0.31,1,690577,690142,435
45097801,61.1967,3.53862,507,28443,0.589041,0.33,1,690649,690142,507
45100721,61.0393,56.7077,498,28517,0.605808,0.37,1,690710,690212,498
45103641,39.4079,58.5415,473,28591,0.625162,0.37,1,690744,690271,473
45106561,43.8816,40.5083,482,28665,0.677032,0.41,1,690789,690307,482
45109481,36.7763,42.5017,474,28739,0.687406,0.39,1,690824,690350,474
45112401,52.9553,35.7003,497,28813,0.673481,0.39,1,690881,690384,497
45115321,48.1911,51.9401,488,28886,0.654696,0.49,1,690928,690440,488
45118241,85.6382,45.588,539,28959,0.634939,0.59,1,691023,690484,539
45121161,18.7276,81.9176,450,29032,0.630988,0.59,1,691025,690575,450
45124081,62.9455,17.9835,522,29105,0.662198,0.59,1,691099,690577,522
45127001,62.1891,61.1967,512,29178,0.66844,0.61,1,691161,690649,512
45129921,40.4378,61.0393,486,29251,0.669688,0.63,1,691196,690710,486
45132841,46.4876,39.4079,500,29323,0.685938,0.69,1,691244,690744,500
45135761,37.2975,43.8816,490,29395,0.721188,0.69,1,691279,690789,490
45138681,52.2595,36.7763,511,29467,0.760238,0.67,2,691335,690824,511
45141601,48.8519,52.9553,502,29539,0.768048,0.65,2,691383,690881,502
45144521,83.3704,48.1911,547,29611,0.817609,0.63,2,691475,690928,547
45147441,18.2741,85.6382,454,29682,0.827522,0.63,2,691477,691023,454
45150361,64.4548,18.7276,528,29753,0.861504,0.67,2,691553,691025,528
45153281,62.491,62.9455,516,29824,0.884301,0.67,2,691615,691099,516
45156201,14.0982,62.1891,456,29895,0.88886,0.67,2,691617,691161,456
45159121,30.8196,40.4378,456,29966,0.905772,0.69,2,691652,691196,456
45162041,45.3639,46.4876,457,30037,0.909154,0.73,2,691701,691244,457
45270081,63,58,533,32540,0.69,1,1,693496,692963,533
45273001,40.6,60.4,507,32605,0.578,1,1,693531,693024,507
45275921,36.12,30.48,519,32670,0.5236,1,1,693566,693047,519
45278841,34.424,31.696,521,32735,0.46472,1,1,693600,693079,521
45281761,27.6848,27.1392,521,32800,0.372944,1,1,693626,693105,521
45284681,11.937,37.4278,489,32864,0.274589,1,1,693634,693145,489
45287601,47.9874,58.6856,482,32928,0.174918,1,1,693691,693209,482
45290521,47.1975,46.1371,486,32992,0.0909835,1,1,693738,693252,486
45293441,76.6395,83.6274,477,33056,0.0261967,0.93,1,693822,693345,477
45296361,40.1279,46.3255,471,33120,0.0132393,0.95,1,693853,693382,471
45299281,46.4256,50.0651,468,33184,0.0266479,0.69,1,693901,693433,468
45302201,50.0851,60.413,456,33248,0.0773296,0.55,1,693952,693496,456
45305121,30.017,40.0826,446,33312,0.103466,0.51,1,693977,693531,446
45308041,32.4034,36.0165,444,33375,0.156693,0.45,1,694010,693566,444
45310961,28.8807,34.4033,438,33438,0.135339,0.35,1,694038,693600,438
45313881,22.5761,27.6807,433,33501,0.147068,0.25,1,694059,693626,433
45316801,10.1152,11.9361,432,33564,0.133414,0.15,1,694066,693634,432
45319721,42.823,47.9872,426,33627,0.178683,0.07,1,694117,693691,426
45322641,44.5646,47.1974,424,33690,0.187737,0.01,1,694162,693738,424
45325561,75.3129,76.6395,423,33753,0.0615473,0.01,1,694245,693822,423
45328481,39.0626,40.1279,422,33816,0.100309,0.03,1,694275,693853,422
45331401,47.0125,46.4256,423,33879,0.0440619,0.09,1,694324,693901,423
45334321,51.0025,50.0851,424,33941,0.0488124,0.11,1,694376,693952,424
45337241,30.2005,30.017,424,34003,0.0817625,0.17,1,694401,693977,424
45340161,35.6401,32.4034,428,34065,0.120352,0.13,1,694438,694010,428
45343081,27.928,28.8807,426,34127,0.16007,0.15,1,694464,694038,426
45346001,23.1856,22.5761,427,34189,0.168014,0.13,1,694486,694059,427
45348921,10.2371,10.1152,427,34251,0.153603,0.13,1,694493,694066,427
45351841,42.8474,2.02305,478,34313,0.150721,0.19,1,694544,694066,478
45354761,45.3695,41.2046,473,34375,0.166144,0.19,1,694590,694117,473
45357681,69.8739,44.2409,504,34437,0.249229,0.03,1,694666,694162,504
45360601,38.7748,75.2482,452,34498,0.249846,0.11,1,694697,694245,452
45363521,46.955,39.0496,471,34559,0.201969,0.03,1,694746,694275,471
45366441,50.191,47.0099,473,34620,0.176394,0.05,1,694797,694324,473
45369361,32.4382,51.002,449,34681,0.171279,0.09,1,694825,694376,449
45372281,38.4876,30.2004,464,34742,0.138256,0.13,1,694865,694401,464
45375201,28.4975,35.6401,453,34803,0.131651,0.17,1,694891,694438,453
45378121,23.2995,27.928,449,34864,0.13033,0.17,1,694913,694464,449
45381041,11.8599,23.1856,436,34925,0.146066,0.15,1,694922,694486,436
45383961,43.972,10.2371,481,34986,0.117213,0.15,1,694974,694493,481
45386881,45.5944,42.8474,476,35046,0.143443,0.17,1,695020,694544,476
45389801,73.1189,45.3695,510,35106,0.180689,0.27,1,695100,694590,510
45392721,38.6238,69.8739,464,35166,0.188138,0.25,1,695130,694666,464
45395641,44.5248,38.7748,479,35226,0.205628,0.19,1,695176,694697,479
45398561,48.905,46.955,480,35286,0.241126,0.17,1,695226,694746,480
45401481,33.781,50.191,459,35346,0.248225,0.17,1,695256,694797,459
45404401,35.5562,32.4382,467,35406,0.249645,0.13,1,695292,694825,467
45407321,27.9112,38.4876,453,35466,0.265929,0.13,1,695318,694865,453
45410241,23.1822,28.4975,449,35526,0.285186,0.13,1,695340,694891,449
45413161,11.0364,23.2995,435,35586,0.305037,0.15,1,695348,694913,435
45416081,43.8073,11.8599,478,35645,0.341007,0.11,1,695400,694922,478
45419001,10.3615,43.972,428,35704,0.348201,0.15,1,695402,694974,428
45421921,39.6723,45.5944,429,35763,0.33364,0.19,1,695449,695020,429
45424841,73.5345,73.1189,431,35822,0.394728,0.19,1,695531,695100,431
45427761,38.7069,38.6238,431,35881,0.422946,0.21,1,695561,695130,431
45430681,45.3414,44.5248,432,35940,0.492589,0.25,1,695608,695176,432
45433601,50.6683,48.905,434,35999,0.490518,0.25,1,695660,695226,434
45436521,34.1337,33.781,434,36058,0.506104,0.25,1,695690,695256,434
45439441,36.4267,35.5562,435,36117,0.525221,0.27,1,695727,695292,435
45442361,28.0853,27.9112,435,36176,0.497044,0.29,1,695753,695318,435
45445281,24.8171,23.1822,437,36234,0.523409,0.31,1,695777,695340,437
45448201,11.3634,11.0364,437,36292,0.496682,0.35,1,695785,695348,437
45451121,45.4727,43.8073,439,36350,0.555336,0.35,1,695839,695400,439
45454041,10.6945,10.3615,439,36408,0.535067,0.33,1,695841,695402,439
45456961,38.9389,39.6723,438,36466,0.531013,0.41,1,695887,695449,438
45459881,77.3878,73.5345,443,36524,0.658203,0.43,1,695974,695531,443
45462801,40.2776,38.7069,444,36582,0.667641,0.51,1,696005,695561,444
45465721,47.2555,45.3414,446,36640,0.669528,0.49,1,696054,695608,446
45468641,51.0511,50.6683,446,36698,0.685906,0.51,1,696106,695660,446
45471561,35.0102,34.1337,447,36756,0.721181,0.53,1,696137,695690,447
45474481,35.802,36.4267,446,36813,0.696236,0.49,1,696173,695727,446
45477401,27.9604,28.0853,446,36870,0.739247,0.53,1,696199,695753,446
45480321,24.7921,24.8171,446,36927,0.763849,0.49,2,696223,695777,446
45483241,11.3584,11.3634,446,36984,0.73677,0.57,1,696231,695785,446
45486161,47.0717,45.4727,448,37041,0.811354,0.53,2,696287,695839,448
45489081,11.0143,10.6945,448,37098,0.826271,0.53,2,696289,695841,448
45492001,39.0029,38.9389,448,37155,0.829254,0.53,2,696335,695887,448
45494921,81.4006,7.78778,540,37212,0.845851,0.69,2,696427,695887,540
45497841,41.0801,71.1576,484,37269,0.89717,0.67,2,696458,695974,484
45500761,46.616,39.0315,501,37326,0.923434,0.67,2,696506,696005,501
45503681,52.5232,47.0063,506,37383,0.944687,0.69,2,696560,696054,506
45527041,46,2,506,37832,0.93,0.83,2,696795,696289,506
45529961,85.2,37.2,555,37888,0.93,0.85,2,696890,696335,555
45532881,44.24,81.04,497,37944,0.898,0.91,2,696924,696427,497
45667201,28,31,504,40426,0.73,1,1,698613,698109,504
45670121,31.2,27.8,509,40478,0.666,1,1,698645,698136,509
45673041,38.24,36.76,510,40530,0.6212,1,1,698685,698175,510
45675961,29.248,29.752,509,40582,0.51624,1,1,698712,698203,509
45678881,71.4496,26.7504,565,40634,0.287248,1,1,698794,698229,565
45681801,46.2899,76.5501,516,40686,0.16145,0.99,1,698834,698318,516
45684721,32.458,40.11,514,40738,0.0402899,1,1,698863,698349,514
45687641,31.2916,33.622,513,40790,0.016058,1,1,698894,698381,513
45690561,35.8583,33.1244,517,40842,0.0912116,1,1,698931,698414,517
45693481,23.9717,41.0249,495,40894,0.0262423,0.95,1,698952,698457,495
45696401,28.7943,26.605,502,40946,0.0452485,0.99,1,698982,698480,502
45699321,30.5589,33.321,498,40998,0.0490497,0.89,1,699013,698515,498
45702241,35.7118,33.0642,502,41049,0.0498099,0.83,1,699050,698548,502
45705161,24.7424,36.2128,487,41100,0.081962,0.73,1,699072,698585,487
45708081,27.3485,29.6426,487,41151,0.0403924,0.65,1,699100,698613,487
45711001,31.8697,31.5285,488,41202,0.0800785,0.61,1,699133,698645,488
45713921,23.9739,38.3057,470,41253,0.0400157,0.49,1,699155,698685,470
45716841,58.3948,29.2611,510,41304,0.0640031,0.23,1,699222,698712,510
45719761,41.279,71.4522,465,41355,0.0528006,0.13,1,699259,698794,465
45722681,29.8558,46.2904,452,41406,0.0985601,0.01,1,699286,698834,452
45725601,29.1712,32.4581,452,41457,0.139712,0.01,1,699315,698863,452
45728521,36.2342,31.2916,459,41508,0.0519424,0.11,1,699353,698894,459
45731441,8.84685,35.8583,424,41559,0.0343885,0.01,1,699355,698931,424
45734361,17.7694,23.9717,423,41610,0.0308777,0.05,1,699375,698952,423
45737281,29.1539,28.7943,425,41661,0.0301755,0.05,1,699407,698982,425
45740201,29.0308,30.5589,423,41712,0.0140351,0.05,1,699436,699013,423
45743121,37.8062,35.7118,426,41763,0.090807,0.09,1,699476,699050,426
45746041,23.5612,24.7424,424,41814,0.122161,0.03,1,699496,699072,424
45748961,25.5122,27.3485,422,41864,0.0804323,0.09,1,699522,699100,422
45751881,34.7024,31.8697,426,41914,0.0560865,0.03,1,699559,699133,426
45754801,22.1405,23.9739,423,41964,0.0352173,0.07,1,699578,699155,423
45757721,58.0281,58.3948,423,42014,0.0790435,0.05,1,699645,699222,423
45760641,43.6056,41.279,426,42064,0.0878087,0.11,1,699685,699259,426
45763561,31.9211,29.8558,428,42114,0.105562,0.15,1,699714,699286,428
45766481,30.3842,29.1712,429,42164,0.141112,0.03,1,699744,699315,429
45769401,31.6768,36.2342,423,42214,0.116222,0.03,1,699776,699353,423
45772321,7.93537,8.84685,423,42264,0.111244,0.03,1,699778,699355,423
45775241,18.3871,17.7694,424,42314,0.0622489,0.03,1,699799,699375,424
45778161,28.4774,29.1539,423,42364,0.11645,0.01,1,699830,699407,423
45781081,28.8955,29.0308,423,42414,0.14329,0.11,1,699859,699436,423
45784001,39.3791,37.8062,425,42464,0.052658,0.13,1,699901,699476,425
45786921,24.6758,23.5612,426,42514,0.0505316,0.07,1,699922,699496,426
45789841,23.3352,25.5122,423,42564,0.0661063,0.05,1,699945,699522,423
45792761,33.467,34.7024,422,42614,0.0532213,0.03,1,699981,699559,422
45795681,21.8934,22.1405,422,42664,0.0666443,0.09,1,700000,699578,422
45798601,59.5787,58.0281,424,42713,0.0693288,0.09,1,700069,699645,424
45801521,43.9157,43.6056,424,42762,0.0698658,0.11,1,700109,699685,424
45804441,32.7831,31.9211,425,42811,0.117973,0.15,1,700139,699714,425
45807361,32.1566,30.3842,427,42860,0.175595,0.11,1,700171,699744,427
45810281,28.8313,31.6768,423,42909,0.203119,0.11,1,700199,699776,423
45813201,7.36626,7.93537,423,42958,0.176624,0.05,1,700201,699778,423
45816121,19.8733,18.3871,425,43007,0.187325,0.05,1,700224,699799,425
45819041,29.5747,3.67741,457,43056,0.221465,0.13,1,700256,699799,457
45821961,27.5149,25.5355,453,43105,0.260293,0.15,1,700283,699830,453
45824881,37.503,28.3071,464,43154,0.268059,0.03,1,700323,699859,464
45827801,25.1006,39.2614,444,43203,0.285612,0.05,1,700345,699901,444
45830721,23.4201,24.6523,446,43252,0.273122,0.07,1,700368,699922,446
45833641,33.484,23.3305,459,43301,0.270624,0.05,1,700404,699945,459
45836561,21.0968,33.4661,441,43350,0.302125,0.07,1,700422,699981,441
45839481,59.4194,21.8932,491,43399,0.324425,0.07,1,700491,700000,491
45842401,45.4839,59.5786,464,43448,0.360885,0.07,1,700533,700069,464
45845321,33.8968,43.9157,455,43497,0.368177,0.13,1,700564,700109,455
45848241,35.5794,32.7831,461,43546,0.305635,0.19,1,700600,700139,461
45851161,29.5159,32.1566,457,43594,0.325127,0.21,1,700628,700171,457
45854081,7.50317,28.8313,431,43642,0.329025,0.17,1,700630,700199,431
45857001,20.7006,7.36626,453,43690,0.329805,0.19,1,700654,700201,453
45859921,31.3401,19.8733,464,43738,0.329961,0.23,1,700688,700224,464
45862841,29.468,29.5747,461,43786,0.313992,0.27,1,700717,700256,461
45865761,37.8936,27.5149,474,43834,0.374798,0.27,1,700757,700283,474
45868681,25.9787,37.503,457,43882,0.38696,0.29,1,700780,700323,457
45871601,22.7957,25.1006,457,43930,0.389392,0.27,1,700802,700345,457
45874521,34.9591,23.4201,472,43978,0.389878,0.27,1,700840,700368,472
45877441,21.3918,33.484,454,44026,0.389976,0.31,1,700858,700404,454
45880361,60.2784,21.0968,506,44074,0.389995,0.33,1,700928,700422,506
45883281,48.0557,59.4194,482,44122,0.453999,0.37,1,700973,700491,482
45886201,33.6111,45.4839,470,44170,0.4668,0.37,1,701003,700533,470
45889121,33.9222,33.8968,473,44218,0.46936,0.29,1,701037,700564,473
45892041,29.1844,35.5794,465,44266,0.485872,0.33,1,701065,700600,465
45894961,7.43689,29.5159,439,44314,0.489174,0.33,1,701067,700628,439
45897881,20.6874,7.50317,461,44362,0.505835,0.33,1,701091,700630,461
45900801,31.3375,20.7006,471,44410,0.525167,0.33,1,701125,700654,471
45903721,28.6675,31.3401,465,44457,0.545033,0.31,1,701153,700688,465
45906641,7.3335,29.468,438,44504,0.549007,0.39,1,701155,700717,438
45909561,36.6667,37.8936,442,44551,0.549801,0.39,1,701199,700757,442
45912481,24.9333,25.9787,441,44598,0.54996,0.39,1,701221,700780,441
45915401,22.5867,22.7957,441,44645,0.549992,0.39,1,701243,700802,441
45918321,34.9173,34.9591,441,44692,0.549998,0.39,1,701281,700840,441
45921241,21.3835,21.3918,441,44739,0.534,0.39,1,701299,700858,441
45924161,60.2767,60.2784,441,44786,0.5948,0.47,1,701369,700928,441
45927081,51.2553,48.0557,445,44833,0.62296,0.47,1,701418,700973,445
45930001,34.2511,33.6111,445,44880,0.628592,0.47,1,701448,701003,445
45932921,34.0502,33.9222,445,44927,0.597718,0.49,1,701482,701037,445
45935841,30.01,29.1844,446,44974,0.639544,0.49,1,701511,701065,446
45938761,7.60201,7.43689,446,45021,0.647909,0.51,1,701513,701067,446
45941681,21.5204,20.6874,447,45068,0.649582,0.53,1,701538,701091,447
45944601,33.1041,31.3375,449,45115,0.649916,0.55,1,701574,701125,449
45947521,29.8208,28.6675,450,45162,0.665983,0.55,1,701603,701153,450
45950441,7.56416,7.3335,450,45209,0.669197,0.55,1,701605,701155,450
45953361,34.3128,36.6667,447,45256,0.685839,0.55,1,701646,701199,447
45956281,24.4626,24.9333,447,45303,0.705168,0.55,1,701668,701221,447
45959201,22.4925,22.5867,447,45350,0.741034,0.55,1,701690,701243,447
45962121,35.6985,34.9173,448,45397,0.796207,0.53,2,701729,701281,448
45965041,21.5397,21.3835,448,45443,0.775241,0.61,2,701747,701299,448
45967961,61.9079,60.2767,450,45489,0.803048,0.63,2,701819,701369,450
45970881,52.3816,51.2553,451,45535,0.85661,0.63,2,701869,701418,451
45973801,34.4763,34.2511,451,45581,0.867322,0.59,2,701899,701448,451
45976721,34.0953,34.0502,451,45627,0.869464,0.65,2,701933,701482,451
45979641,30.8191,30.01,452,45673,0.917893,0.65,2,701963,701511,452
45982561,7.76381,7.60201,452,45719,0.895579,0.65,2,701965,701513,452
45985481,21.5528,21.5204,452,45765,0.907116,0.65,2,701990,701538,452
45988401,34.7106,33.1041,454,45811,0.877423,0.67,2,702028,701574,454
45991321,30.9421,29.8208,455,45857,0.903485,0.67,2,702058,701603,455
45994241,7.78842,7.56416,455,45903,0.908697,0.69,2,702060,701605,455
46235141,39,27,546,49572,0.71,1,1,704661,704115,546
46286241,403.8,470.2,460,21900,0.182,0.59,1,705156,704696,460
46289161,147.16,146.04,478,22724,0.0444,0.31,1,705239,704761,478
46292081,83.032,94.808,463,22817,0.08088,0.07,1,705306,704843,463
46295001,61.4064,72.5616,452,22910,0.088176,0.03,1,705362,704910,452
46297921,48.2813,57.7123,443,23003,0.0576352,0.03,1,705407,704964,443
46300841,60.8563,54.7425,453,23095,0.051527,0.05,1,705471,705018,453
46303761,71.3713,63.7485,461,23187,0.0503054,0.07,1,705545,705084,461
46306681,26.2742,43.1497,438,23278,0.0660611,0.05,1,705560,705122,438
46309601,86.0549,35.8299,505,23369,0.0212122,0.01,1,705661,705156,505
46312521,71.611,73.566,490,23460,0.108242,0.09,1,705729,705239,490
46315441,60.7222,68.3132,481,23550,0.141648,0.09,1,705787,705306,481
46318361,45.7444,58.4626,467,23640,0.0843297,0.05,1,705829,705362,467
46321281,61.1489,47.6925,487,23730,0.0408659,0.05,1,705894,705407,487
46324201,71.4298,60.7385,497,23819,0.0481732,0.05,1,705968,705471,497
46327121,26.286,71.3477,438,23908,0.0656346,0.07,1,705983,705545,438
46330041,6.85719,26.2695,425,23997,0.0691269,0.01,1,705985,705560,425
46332961,79.7714,86.0539,422,24085,0.0378254,0.13,1,706083,705661,422
46335881,75.9543,71.6108,429,24173,0.0475651,0.15,1,706158,705729,429
46338801,61.5909,60.7222,429,24261,0.065513,0.07,1,706216,705787,429
46341721,44.3182,45.7444,427,24348,0.0851026,0.03,1,706256,705829,427
46344641,58.4636,61.1489,424,24435,0.0890205,0.05,1,706318,705894,424
46347561,70.8927,71.4298,424,24522,0.0258041,0.07,1,706392,705968,424
46350481,26.9785,26.286,425,24608,0.0451608,0.07,1,706408,705983,425
46353401,6.99571,6.85719,425,24694,0.0170322,0.03,1,706410,705985,425
46356321,77.3991,79.7714,422,24780,0.0434064,0.05,1,706505,706083,422
46359241,77.0798,75.9543,424,24866,0.0486813,0.07,1,706582,706158,424
46362161,62.616,61.5909,425,24951,0.0977363,0.09,1,706641,706216,425
46365081,45.3232,44.3182,426,25036,0.123547,0.09,1,706682,706256,426
46368001,57.0646,58.4636,424,25121,0.144709,0.01,1,706742,706318,424
46370921,69.0129,70.8927,422,25205,0.0849419,0.05,1,706814,706392,422
46373841,26.6026,26.9785,422,25289,0.0729884,0.01,1,706830,706408,422
46376761,6.92052,6.99571,422,25373,0.0385977,0.05,1,706832,706410,422
46379681,77.3841,77.3991,422,25457,0.14372,0.05,1,706927,706505,422
46382601,79.4768,15.4798,502,25540,0.148744,0.05,1,707007,706505,502
46385521,63.8954,64.696,485,25623,0.117749,0.11,1,707067,706582,485
46388441,44.7791,60.1392,466,25706,0.11155,0.13,1,707107,706641,466
46391361,57.7558,44.8278,486,25788,0.15831,0.15,1,707168,706682,486
46394281,65.9512,56.9656,494,25870,0.199662,0.07,1,707236,706742,494
46397201,25.9902,68.9931,438,25952,0.207932,0.07,1,707252,706814,438
46400121,6.79805,26.5986,424,26034,0.209586,0.03,1,707254,706830,424
46403041,81.3596,6.91972,522,26115,0.257917,0.17,1,707354,706832,522
46405961,79.4719,77.3839,506,26196,0.283583,0.15,1,707433,706927,506
46408881,63.8944,79.4768,486,26277,0.336717,0.11,1,707493,707007,486
46411801,44.7789,63.8954,466,26358,0.379343,0.11,1,707533,707067,466
46414721,60.1558,44.7791,490,26438,0.419869,0.17,1,707597,707107,490
46417641,68.0312,57.7558,499,26518,0.491974,0.21,1,707667,707168,499
46420561,26.4062,65.9512,447,26598,0.522395,0.21,1,707683,707236,447
46423481,6.88125,25.9902,433,26678,0.528479,0.21,1,707685,707252,433
46426401,83.7763,6.79805,534,26757,0.545696,0.27,1,707788,707254,534
46429321,80.7552,81.3596,514,26836,0.597139,0.29,1,707868,707354,514
46432241,66.5511,79.4719,498,26915,0.623428,0.35,1,707931,707433,498
46435161,14.9102,63.8944,440,26994,0.628686,0.39,1,707933,707493,440
46438081,35.782,44.7789,441,27072,0.645737,0.43,1,707974,707533,441
46441001,59.9564,60.1558,443,27150,0.649147,0.51,1,708040,707597,443
46443921,71.1913,68.0312,447,27228,0.665829,0.53,1,708114,707667,447
46446841,27.8383,26.4062,448,27306,0.733166,0.53,1,708131,707683,448
46449761,7.16765,6.88125,448,27384,0.714633,0.55,1,708133,707685,448
46452681,85.4335,83.7763,450,27461,0.694927,0.61,1,708238,707788,450
46455601,82.6867,80.7552,452,27538,0.674985,0.63,1,708320,707868,452
46458521,67.7373,66.5511,453,27615,0.670997,0.63,1,708384,707931,453
46461441,15.1475,14.9102,453,27692,0.670199,0.65,1,708386,707933,453
46464361,36.6295,35.782,454,27768,0.75004,0.65,2,708428,707974,454
46467281,60.1259,59.9564,454,27844,0.814008,0.67,2,708494,708040,454
46470201,72.8252,71.1913,456,27920,0.794802,0.75,2,708570,708114,456
46473121,28.965,27.8383,457,27996,0.79096,0.71,2,708588,708131,457
46476041,7.39301,7.16765,457,28072,0.758192,0.69,2,708590,708133,457
46478961,84.6786,85.4335,456,28147,0.847638,0.67,2,708694,708238,456
46481881,81.7357,82.6867,455,28222,0.897528,0.67,2,708775,708320,455
46496481,74,66,534,28595,0.91,0.79,2,709028,708494,534
46499401,29.2,74,476,28669,0.926,0.79,2,709046,708570,476
46502321,7.44,29.2,460,28743,0.9292,0.75,2,709048,708588,460
46595761,76,74,486,31012,0.65,1,1,710748,710262,486
46598681,40,34.8,492,31080,0.49,1,1,710779,710287,492
46601601,26.4,32.56,483,31148,0.458,1,1,710802,710319,483
46604521,52.48,51.312,486,31216,0.3716,1,1,710861,710375,486
46607441,38.496,35.0624,490,31284,0.35432,1,1,710896,710406,490
46610361,45.2992,7.01248,537,31352,0.270864,1,1,710943,710406,537
46613281,27.4598,44.6025,506,31419,0.270173,0.98,1,710966,710460,506
46616201,26.292,34.5205,500,31486,0.302035,1,1,710992,710492,500
46619121,71.6584,30.9041,553,31553,0.260407,0.82,1,711075,710522,553
46622041,56.7317,73.3808,522,31620,0.252081,0.69,1,711128,710606,522
46624961,71.3463,67.4762,531,31687,0.298416,0.65,1,711203,710672,531
46627881,35.0693,74.2952,481,31754,0.339683,0.45,1,711229,710748,481
46630801,18.2139,39.659,464,31821,0.347937,0.45,1,711243,710779,464
46633721,48.4428,26.3318,497,31887,0.397587,0.35,1,711299,710802,497
46636641,37.6886,52.4664,473,31953,0.423517,0.35,1,711334,710861,473
46639561,42.7377,38.4933,482,32019,0.412703,0.25,1,711378,710896,482
46642481,26.1475,45.2987,457,32085,0.458541,0.27,1,711400,710943,457
46645401,26.0295,27.4597,460,32151,0.483708,0.31,1,711426,710966,460
46648321,70.8059,26.2919,516,32217,0.584742,0.25,1,711508,710992,516
46651241,58.1612,71.6584,488,32283,0.620948,0.25,1,711563,711075,488
46654161,72.4322,56.7317,511,32349,0.67619,0.31,1,711639,711128,511
46657081,36.8864,71.3463,464,32414,0.703238,0.35,1,711667,711203,464
46660001,19.3773,35.0693,453,32479,0.724648,0.35,1,711682,711229,453
46662921,50.2755,18.2139,497,32544,0.72893,0.41,1,711740,711243,497
46665841,37.2551,48.4428,475,32609,0.729786,0.43,1,711774,711299,475
46668761,43.451,37.6886,485,32674,0.713957,0.41,1,711819,711334,485
46671681,28.6902,42.7377,466,32739,0.694791,0.47,1,711844,711378,466
46674601,7.33804,26.1475,446,32804,0.690958,0.49,1,711846,711400,446
46677521,22.2676,26.0295,446,32868,0.722192,0.61,1,711872,711426,446
46680441,74.8535,70.8059,452,32932,0.776438,0.63,2,711960,711508,452
46683361,59.7707,58.1612,453,32996,0.819288,0.69,2,712016,711563,453
46686281,75.9541,72.4322,457,33060,0.811858,0.71,2,712096,711639,457
46689201,37.5908,36.8864,457,33124,0.842372,0.73,2,712124,711667,457
46692121,18.7182,19.3773,456,33188,0.816474,0.73,2,712138,711682,456
46695041,51.7436,50.2755,458,33252,0.779295,0.73,2,712198,711740,458
46697961,37.5487,37.2551,458,33316,0.771859,0.71,2,712232,711774,458
46700881,42.7097,43.451,457,33379,0.786372,0.69,2,712276,711819,457
46703801,27.7419,28.6902,456,33442,0.821274,0.69,2,712300,711844,456
46706721,7.14839,7.33804,456,33505,0.828255,0.73,2,712302,711846,456
46709641,23.8297,22.2676,458,33568,0.829651,0.79,2,712330,711872,458
46712561,77.5659,74.8535,461,33631,0.89393,0.83,2,712421,711960,461
46715481,62.7132,59.7707,464,33694,0.906786,0.81,2,712480,712016,464
46846881,36,23,502,36411,0.73,1,1,714358,713856,502
46849801,31.2,39,489,36469,0.618,1,1,714388,713899,489
46852721,71.84,79.8,481,36527,0.6276,1,1,714470,713989,481
46855641,43.168,40.76,486,36585,0.61352,1,1,714506,714020,486
46858561,35.8336,26.552,497,36643,0.514704,1,1,714540,714043,497
46861481,43.1667,48.5104,488,36701,0.542941,1,1,714585,714097,488
46864401,31.0333,39.3021,479,36759,0.532588,0.97,1,714613,714134,479
46867321,24.6067,35.0604,468,36816,0.466518,0.95,1,714636,714168,468
46870241,28.9213,29.4121,470,36873,0.485304,0.97,1,714666,714196,470
46873161,31.3843,35.4824,465,36930,0.473061,0.89,1,714698,714233,465
46876081,24.6769,27.0965,463,36987,0.470612,0.67,1,714721,714258,463
46879001,52.9354,56.6193,459,37044,0.470122,0.73,1,714781,714322,459
46881921,38.5871,40.1239,458,37101,0.486024,0.59,1,714816,714358,458
46884841,26.1174,32.0248,451,37158,0.425205,0.59,1,714839,714388,451
46887761,70.8235,6.40495,533,37215,0.429041,0.63,1,714921,714388,533
46890681,38.9647,66.881,482,37272,0.349808,0.61,1,714952,714470,482
46893601,32.5929,42.1762,477,37329,0.333962,0.49,1,714983,714506,477
46896521,46.5186,35.6352,493,37386,0.378792,0.55,1,715033,714540,493
46899441,27.7037,43.127,471,37443,0.403758,0.53,1,715056,714585,471
46902361,24.7407,31.0254,467,37499,0.408752,0.45,1,715080,714613,467
46905281,28.9481,24.6051,474,37555,0.37775,0.49,1,715110,714636,474
46908201,30.5896,28.921,475,37611,0.38755,0.47,1,715141,714666,475
46911121,25.3179,31.3842,467,37667,0.38951,0.47,1,715165,714698,467
46914041,53.0636,24.6768,504,37723,0.437902,0.47,1,715225,714721,504
46916961,38.6127,52.9354,479,37779,0.46358,0.49,1,715260,714781,479
46919881,24.5225,38.5871,465,37835,0.484716,0.41,1,715281,714816,465
46922801,68.9045,26.1174,522,37891,0.520943,0.43,1,715361,714839,522
46925721,36.9809,70.8235,469,37947,0.544189,0.33,1,715390,714921,469
46928641,31.3962,38.9647,468,38003,0.580838,0.33,1,715420,714952,468
46931561,48.6792,32.5929,490,38059,0.620168,0.39,1,715473,714983,490
46934481,28.9358,46.5186,464,38115,0.644033,0.41,1,715497,715033,464
46937401,23.3872,27.7037,463,38170,0.648807,0.41,1,715519,715056,463
46940321,28.6774,24.7407,469,38225,0.649761,0.37,1,715549,715080,469
46943241,32.9355,28.9481,473,38280,0.697952,0.39,1,715583,715110,473
46946161,24.1871,30.5896,464,38335,0.70759,0.39,1,715605,715141,464
46949081,55.2374,25.3179,503,38390,0.741518,0.45,1,715668,715165,503
46952001,41.4475,53.0636,481,38445,0.748304,0.47,1,715706,715225,481
46954921,24.2895,38.6127,466,38500,0.749661,0.49,1,715726,715260,466
46957841,70.4579,24.5225,527,38555,0.765932,0.53,2,715808,715281,527
46960761,38.0916,68.9045,477,38610,0.801186,0.55,2,715838,715361,477
46963681,9.21832,36.9809,450,38665,0.808237,0.59,2,715840,715390,450
46966601,26.6437,31.3962,451,38720,0.825647,0.63,2,715871,715420,451
46969521,50.1287,48.6792,454,38775,0.861129,0.65,2,715927,715473,454
46972441,29.2257,28.9358,454,38829,0.900226,0.65,2,715951,715497,454
46975361,23.4451,23.3872,454,38883,0.908045,0.65,2,715973,715519,454
46978281,28.689,28.6774,454,38937,0.941609,0.71,2,716003,715549,454
46981201,35.3378,32.9355,457,38991,0.900322,0.71,2,716040,715583,457
46984121,25.4676,24.1871,458,39045,0.908064,0.75,2,716063,715605,458
46987041,56.2935,55.2374,459,39099,0.893613,0.75,2,716127,715668,459
46989961,41.6587,41.4475,459,39153,0.890723,0.75,2,716165,715706,459
46992881,24.3317,24.2895,459,39207,0.890145,0.77,2,716185,715726,459
46995801,71.2663,70.4579,460,39261,0.874029,0.81,2,716268,715808,460
46998721,39.8533,38.0916,462,39315,0.870806,0.81,2,716300,715838,462
47001641,9.57065,9.21832,462,39369,0.870161,0.83,2,716302,715840,462
47004561,27.5141,26.6437,463,39423,0.918032,0.87,2,716334,715871,463
47007481,51.9028,50.1287,465,39477,0.927606,0.91,2,716392,715927,465
47165161,26,36,503,42265,0.85,1,2,718335,717832,503
47168081,31.6,32.8,504,42315,0.754,1,2,718368,717864,504
47171001,36.72,22.56,522,42365,0.6708,1,1,718406,717884,522
47173921,27.344,24.512,522,42415,0.60616,1,1,718431,717909,522
47176841,19.0688,35.3024,501,42465,0.545232,1,1,718448,717947,501
47179761,38.2138,30.2605,515,42515,0.549046,1,1,718491,717976,515
47182681,36.4428,48.4521,498,42565,0.421809,1,1,718527,718029,498
47185601,41.6886,39.2904,504,42615,0.348362,1,1,718570,718066,504
47188521,33.9377,31.8581,506,42665,0.365672,1,1,718602,718096,506
47191441,41.9875,59.1716,484,42714,0.401134,0.96,1,718646,718162,484
47194361,33.9975,41.4343,479,42763,0.376227,1,1,718678,718199,479
47197281,34.7995,41.8869,472,42812,0.371245,0.89,1,718713,718241,472
47200201,31.7599,37.9774,466,42861,0.370249,0.86,1,718744,718278,466
47203121,26.352,32.3955,460,42910,0.35405,0.85,1,718769,718309,460
47206041,25.2704,27.2791,459,42959,0.31881,0.73,1,718794,718335,459
47208961,27.4541,31.8558,454,43008,0.295762,0.73,1,718822,718368,454
47211881,31.8908,6.37116,487,43057,0.323152,0.65,1,718855,718368,487
47214801,27.1782,31.6742,475,43106,0.26463,0.59,1,718881,718406,475
47217721,19.0356,26.3348,467,43155,0.252926,0.53,1,718898,718431,467
47220641,32.6071,18.867,486,43204,0.250585,0.55,1,718934,718448,486
47223561,31.3214,38.1734,474,43253,0.234117,0.39,1,718965,718491,474
47226481,43.0643,36.4347,484,43302,0.198823,0.33,1,719011,718527,484
47229401,32.6129,41.6869,471,43351,0.223765,0.37,1,719041,718570,471
47232321,40.9226,33.9374,482,43400,0.276753,0.41,1,719084,718602,482
47235241,33.7845,41.9875,470,43449,0.223351,0.37,1,719116,718646,470
47238161,33.9569,33.9975,472,43498,0.27667,0.37,1,719150,718678,472
47241081,31.5914,34.7995,468,43547,0.271334,0.37,1,719181,718713,468
47244001,25.5183,31.7599,461,43595,0.302267,0.35,1,719205,718744,461
47246921,21.9037,26.352,457,43643,0.292453,0.31,1,719226,718769,457
47249841,28.3807,25.2704,462,43691,0.290491,0.29,1,719256,718794,462
47252761,32.8761,27.4541,468,43739,0.306098,0.33,1,719290,718822,468
47255681,24.9752,31.8908,458,43787,0.30922,0.25,1,719313,718855,458
47258601,16.995,27.1782,447,43835,0.373844,0.25,1,719328,718881,447
47261521,32.999,19.0356,467,43883,0.386769,0.25,1,719365,718898,467
47264441,32.9998,32.6071,464,43931,0.389354,0.23,1,719398,718934,464
47267361,45.8,31.3214,482,43979,0.421871,0.19,1,719447,718965,482
47270281,29.96,43.0643,462,44027,0.460374,0.23,1,719473,719011,462
47273201,41.192,32.6129,476,44075,0.532075,0.29,1,719517,719041,476
47276121,33.8384,40.9226,465,44123,0.562415,0.21,1,719549,719084,465
47279041,35.5677,33.7845,469,44171,0.584483,0.29,1,719585,719116,469
47281961,31.1135,33.9569,465,44219,0.604897,0.27,1,719615,719150,465
47284881,27.0227,31.5914,460,44267,0.608979,0.31,1,719641,719181,460
47287801,21.4045,25.5183,456,44315,0.609796,0.29,1,719661,719205,456
47290721,28.2809,21.9037,465,44363,0.609959,0.29,1,719691,719226,465
47293641,34.4562,28.3807,471,44411,0.577992,0.31,1,719727,719256,471
47296561,26.0912,32.8761,461,44458,0.571598,0.31,1,719751,719290,461
47299481,6.81825,24.9752,440,44505,0.57032,0.39,1,719753,719313,440
47302401,12.5636,16.995,439,44552,0.602064,0.39,1,719767,719328,439
47305321,33.7127,32.999,441,44599,0.592413,0.39,1,719806,719365,441
47308241,32.3425,32.9998,440,44646,0.622483,0.43,1,719838,719398,440
47311161,48.0685,45.8,443,44693,0.644497,0.47,1,719890,719447,443
47314081,32.8137,29.96,446,44740,0.680899,0.55,1,719919,719473,446
47317001,44.1627,41.192,449,44787,0.72018,0.57,1,719966,719517,449
47319921,35.2325,33.8384,450,44834,0.744036,0.59,1,719999,719549,450
47322841,37.4465,35.5677,452,44881,0.748807,0.61,1,720037,719585,452
47325761,31.4893,31.1135,452,44928,0.749761,0.61,1,720067,719615,452
47328681,27.0979,27.0227,452,44975,0.749952,0.61,1,720093,719641,452
47331601,21.4196,21.4045,452,45022,0.71799,0.61,1,720113,719661,452
47334521,28.2839,28.2809,452,45069,0.743598,0.57,1,720143,719691,452
47337441,32.8568,34.4562,450,45116,0.74872,0.57,1,720177,719727,450
47340361,25.7714,26.0912,450,45163,0.717744,0.57,1,720201,719751,450
47343281,6.75427,6.81825,450,45210,0.711549,0.61,1,720203,719753,450
47346201,12.5509,12.5636,450,45257,0.71031,0.59,1,720217,719767,450
47349121,34.5102,33.7127,451,45304,0.774062,0.63,2,720257,719806,451
47352041,34.102,32.3425,453,45351,0.834812,0.65,2,720291,719838,453
47354961,49.2204,48.0685,454,45398,0.846962,0.69,2,720344,719890,454
47357881,33.0441,32.8137,454,45444,0.833393,0.73,2,720373,719919,454
47360801,47.4088,44.1627,458,45490,0.894678,0.75,2,720424,719966,458
47363721,36.6818,35.2325,459,45536,0.938936,0.75,2,720458,719999,459
47366641,36.1364,37.4465,457,45582,0.947787,0.75,2,720494,720037,457
47790041,67,80,522,25952,0.65,1,1,726202,725680,522
47792961,39.8,46.4,517,26034,0.586,1,1,726235,725718,517
47795881,36.76,44.48,509,26115,0.4452,1,1,726271,725762,509
47798801,78.552,40.896,558,26196,0.09704,0.95,1,726360,725802,558
47801721,79.7104,72.9792,557,26277,0.027408,1,1,726440,725883,557
47804641,46.3421,83.3958,509,26358,0.0134816,0.95,1,726478,725969,509
47807561,62.0684,51.8792,531,26438,0.0266963,0.87,1,726544,726013,531
47810481,50.0137,65.5758,509,26518,0.0453393,0.85,1,726591,726082,509
47813401,58.8027,55.5152,517,26598,0.0170679,0.65,1,726652,726135,517
47816321,33.3605,64.703,477,26678,0.0434136,0.57,1,726679,726202,477
47819241,28.2721,39.3406,471,26757,0.0326827,0.41,1,726706,726235,471
47822161,66.4544,36.6681,511,26836,0.0305365,0.01,1,726782,726271,511
47825081,78.0909,78.5336,503,26915,0.0461073,0.01,1,726863,726360,503
47828001,17.2182,79.7067,425,26994,0.0172215,0.01,1,726865,726440,425
47830921,31.4436,46.3413,422,27072,0.0594443,0.03,1,726900,726478,422
47833841,59.0887,62.0683,422,27150,0.0518889,0.05,1,726966,726544,422
47836761,49.4177,50.0137,422,27228,0.0183778,0.01,1,727013,726591,422
47839681,58.6835,58.8027,422,27306,0.0116756,0.05,1,727074,726652,422
47842601,34.9367,33.3605,424,27384,0.0583351,0.03,1,727103,726679,424
47845521,26.9873,28.2721,422,27461,0.147667,0.03,1,727128,726706,422
47848441,66.9975,66.4544,423,27538,0.245533,0.05,1,727205,726782,423
47851361,77.3995,78.0909,422,27615,0.0891067,0.01,1,727285,726863,422
47854281,17.0799,17.2182,422,27692,0.0258213,0.07,1,727287,726865,422
47857201,31.416,31.4436,422,27768,0.0291643,0.05,1,727322,726900,422
47860121,59.0832,59.0887,422,27844,0.0298329,0.01,1,727388,726966,422
47863041,49.4166,49.4177,422,27920,0.0139666,0.01,1,727435,727013,422
47865961,58.6833,58.6835,422,27996,0.0267933,0.07,1,727496,727074,422
47868881,38.1367,34.9367,426,28072,0.0613587,0.17,1,727529,727103,426
47871801,30.0273,26.9873,429,28147,0.116272,0.27,1,727557,727128,429
47874721,67.6055,66.9975,429,28222,0.143254,0.05,1,727634,727205,429
47877641,71.9211,77.3995,422,28297,0.0286509,0.01,1,727707,727285,422
47880561,15.9842,17.0799,422,28372,0.0137302,0.01,1,727709,727287,422
47883481,30.3968,3.41598,456,28447,0.010746,0.03,1,727743,727287,456
47886401,58.8794,28.6832,487,28521,0.00214921,0.03,1,727809,727322,487
47889321,50.1759,58.5366,469,28595,0.00842984,0.01,1,727857,727388,469
47892241,58.0352,49.3073,482,28669,0.041686,0.03,1,727917,727435,482
47895161,41.207,58.6615,458,28743,0.0483372,0.07,1,727954,727496,458
47898081,32.2414,38.1323,455,28817,0.0496674,0.13,1,727984,727529,455
47901001,67.2483,30.0265,503,28890,0.145933,0.15,1,728060,727557,503
47903921,67.8497,67.6053,494,28963,0.149187,0,1,728128,727634,494
47906841,15.1699,71.9211,423,29036,0.149837,0.01,1,728130,727707,423
47909761,30.234,15.9842,455,29109,0.0699675,0.01,1,728164,727709,455
47912681,60.4468,30.3968,489,29182,0.0379935,0,1,728232,727743,489
47915601,49.6894,58.8794,470,29255,0.0475987,0.01,1,728279,727809,470
47918521,57.1379,50.1759,481,29327,0.0495197,0.05,1,728338,727857,481
47921441,42.6276,58.0352,460,29399,0.0499039,0.05,1,728377,727917,460
47924361,33.3255,41.207,454,29471,0.0339808,0.05,1,728408,727954,454
47927281,72.2651,32.2414,506,29543,0.0307962,0.17,1,728490,727984,506
47930201,64.053,67.2483,492,29615,0.126159,0.15,1,728552,728060,492
47933121,14.4106,67.8497,426,29686,0.145232,0.15,1,728554,728128,426
47936041,29.2821,15.1699,457,29757,0.101046,0.05,1,728587,728130,457
47938961,59.4564,30.234,490,29828,0.0282093,0.03,1,728654,728164,490
47941881,13.4913,60.4468,424,29899,0.0296419,0.05,1,728656,728232,424
47944801,40.2983,49.6894,424,29970,0.0139284,0.05,1,728703,728279,424
47947721,53.6597,57.1379,422,30041,0.0747857,0.05,1,728760,728338,422
47950641,43.5319,42.6276,424,30111,0.0229571,0.03,1,728801,728377,424
47953561,32.7064,33.3255,423,30181,0.0445914,0.03,1,728831,728408,423
47956481,73.7413,72.2651,425,30251,0.0169183,0.15,1,728915,728490,425
47959401,67.5483,64.053,429,30321,0.0913837,0.15,1,728981,728552,429
47962321,15.1097,14.4106,429,30391,0.122277,0.09,1,728983,728554,429
47965241,27.0219,29.2821,426,30461,0.192455,0.01,1,729013,728587,426
47968161,56.6044,59.4564,423,30530,0.158491,0.03,1,729077,728654,423
47971081,12.9209,13.4913,423,30599,0.119698,0.01,1,729079,728656,423
47974001,39.3842,40.2983,422,30668,0.0959396,0.09,1,729125,728703,422
47976921,54.2768,53.6597,423,30737,0.0911879,0.01,1,729183,728760,423
47979841,42.8554,43.5319,422,30806,0.0582376,0.05,1,729223,728801,422
47982761,32.5711,32.7064,422,30875,0.115648,0.01,1,729253,728831,422
47985681,73.7142,73.7413,422,30944,0.0631295,0.11,1,729337,728915,422
47988601,72.3428,67.5483,428,31012,0.180626,0.13,1,729409,728981,428
47991521,16.0686,15.1097,428,31080,0.204125,0.21,1,729411,728983,428
47994441,28.8137,27.0219,430,31148,0.176825,0.15,1,729443,729013,430
47997361,52.9627,56.6044,425,31216,0.187365,0.11,1,729502,729077,425
48000281,12.1925,12.9209,425,31284,0.157473,0.11,1,729504,729079,425
48003201,39.2385,2.58418,471,31352,0.151495,0.09,1,729550,729079,471
48006121,54.2477,37.3168,483,31419,0.182299,0.09,1,729608,729125,483
48009041,41.2495,53.8634,463,31486,0.22046,0.05,1,729646,729183,463
48011961,33.8499,42.7727,455,31553,0.228092,0.13,1,729678,729223,455
48014881,72.37,32.5545,507,31620,0.245618,0.05,1,729760,729253,507
48017801,76.874,73.7109,501,31687,0.281124,0.21,1,729838,729337,501
48020721,16.9748,72.3422,431,31754,0.288225,0.21,1,729840,729409,431
48023641,28.995,16.0684,461,31821,0.321645,0.17,1,729872,729411,461
48026561,52.199,28.8137,487,31887,0.360329,0.19,1,729930,729443,487
48029481,12.0398,52.9627,430,31953,0.368066,0.15,1,729932,729502,430
48032401,39.208,12.1925,474,32019,0.369613,0.15,1,729978,729504,474
48035321,55.8416,39.2385,488,32085,0.417923,0.19,1,730038,729550,488
48038241,43.1683,54.2477,470,32151,0.459585,0.23,1,730078,729608,470
48041161,34.2337,41.2495,464,32217,0.467917,0.23,1,730110,729646,464
48044081,73.2467,33.8499,515,32283,0.485583,0.25,1,730193,729678,515
48047001,79.4493,72.37,514,32349,0.489117,0.29,1,730274,729760,514
48049921,17.4899,76.874,438,32414,0.489823,0.29,1,730276,729838,438
48052841,30.698,16.9748,470,32479,0.473965,0.33,1,730310,729840,470
48055761,53.3396,28.995,497,32544,0.502793,0.37,1,730369,729872,497
48058681,12.2679,52.199,441,32609,0.508559,0.37,1,730371,729930,441
48061601,40.0536,12.0398,486,32674,0.509712,0.37,1,730418,729932,486
48064521,57.6107,39.208,502,32739,0.541942,0.43,1,730480,729978,502
48067441,13.1221,55.8416,444,32804,0.548388,0.47,1,730482,730038,444
48070361,35.4244,43.1683,445,32868,0.533678,0.47,1,730523,730078,445
48073281,32.6849,34.2337,445,32932,0.562736,0.49,1,730555,730110,445
48076201,73.737,73.2467,446,32996,0.568547,0.49,1,730639,730193,446
48079121,79.5474,79.4493,446,33060,0.569709,0.49,1,730720,730274,446
48082041,17.5095,17.4899,446,33124,0.569942,0.47,1,730722,730276,446
48084961,29.9019,30.698,445,33188,0.601988,0.51,1,730755,730310,445
48087881,54.7804,53.3396,447,33252,0.672398,0.51,1,730816,730369,447
48090801,12.5561,12.2679,447,33316,0.68648,0.51,1,730818,730371,447
48093721,41.7112,40.0536,449,33379,0.705296,0.55,1,730867,730418,449
48096641,57.9422,57.6107,449,33442,0.773059,0.55,2,730929,730480,449
48099561,13.1884,13.1221,449,33505,0.754612,0.53,2,730931,730482,449
48102481,34.6377,35.4244,448,33568,0.750922,0.57,2,730971,730523,448
48105401,33.3275,32.6849,449,33631,0.814184,0.57,2,731004,730555,449
48108321,74.6655,73.737,450,33694,0.826837,0.57,2,731089,730639,450
48111241,80.5331,79.5474,451,33757,0.877367,0.57,2,731171,730720,451
48114161,17.7066,17.5095,451,33820,0.887474,0.61,2,731173,730722,451
48117081,29.1413,29.9019,450,33883,0.889495,0.69,2,731205,730755,450
48295201,38,33,525,37499,0.75,1,2,733739,733214,525
48298121,34.8,36.2,522,37555,0.686,1,1,733773,733251,522
48301041,35.76,37.64,520,37611,0.5612,1,1,733809,733289,520
48303961,39.952,52.328,505,37667,0.53624,1,1,733850,733345,505
48306881,39.1904,39.2656,508,37723,0.451248,1,1,733889,733381,508
48309801,34.2381,32.6531,510,37779,0.43425,1,1,733922,733412,510
48312721,31.6476,30.5306,511,37835,0.35085,1,1,733953,733442,511
48315641,64.7295,32.5061,551,37891,0.22217,1,1,734026,733475,551
48318561,38.5459,64.9012,510,37947,0.164434,1,1,734058,733548,510
48321481,36.5092,42.5802,509,38003,0.104887,1,1,734094,733585,509
48324401,43.3018,39.716,515,38059,0.0449774,0.85,1,734139,733624,515
48327321,30.2604,44.7432,496,38115,0.0329955,0.78,1,734166,733670,496
48330241,31.6521,33.7486,497,38170,0.00659909,0.75,1,734198,733701,497
48333161,28.7304,37.1497,487,38225,0.00931982,0.67,1,734226,733739,487
48336081,33.7461,34.6299,488,38280,0.025864,0.53,1,734261,733773,488
48339001,35.5492,35.726,488,38335,0.0451728,0.53,1,734297,733809,488
48341921,32.7098,39.9452,479,38390,0.0490346,0.43,1,734329,733850,479
48344841,32.142,39.189,472,38445,0.0338069,0.43,1,734361,733889,472
48347761,26.4284,34.2378,464,38500,0.0467614,0.33,1,734386,733922,464
48350681,57.2857,31.6476,498,38555,0.0653523,0.19,1,734451,733953,498
48353601,36.2571,64.7295,456,38610,0.0850705,0.15,1,734482,734026,456
48356521,8.85143,38.5459,426,38665,0.105014,0.09,1,734484,734058,426
48359441,27.3703,36.5092,422,38720,0.125003,0.03,1,734516,734094,422
48362361,42.2741,43.3018,423,38775,0.0330006,0.03,1,734562,734139,423
48365281,30.0548,30.2604,423,38829,0.00660011,0,1,734589,734166,423
48368201,31.611,31.6521,423,38883,0.04132,0.01,1,734621,734198,423
48371121,28.7222,28.7304,423,38937,0.032264,0.03,1,734649,734226,423
48374041,33.7444,33.7461,423,38991,0.0064528,0.05,1,734684,734261,423
48376961,36.3489,35.5492,424,39045,0.00129056,0.05,1,734721,734297,424
48379881,32.8698,32.7098,424,39099,0.0562581,0.03,1,734753,734329,424
48382801,30.574,32.142,422,39153,0.147252,0.05,1,734783,734361,422
48385721,28.5148,26.4284,425,39207,0.16545,0.07,1,734811,734386,425
48388641,57.703,57.2857,425,39261,0.24909,0.09,1,734876,734451,425
48391561,37.9406,36.2571,427,39315,0.297818,0.11,1,734909,734482,427
48394481,9.18812,8.85143,427,39369,0.275564,0.13,1,734911,734484,427
48397401,26.6376,27.3703,426,39423,0.335113,0.01,1,734942,734516,426
48400321,38.9275,42.2741,422,39477,0.347023,0,1,734984,734562,422
48403241,29.3855,30.0548,422,39530,0.317405,0.05,1,735011,734589,422
48406161,31.4771,31.611,422,39583,0.279481,0.03,1,735043,734621,422
48409081,28.6954,28.7222,422,39636,0.239896,0,1,735071,734649,422
48412001,33.7391,33.7444,422,39689,0.183979,0,1,735106,734684,422
48414921,36.3478,36.3489,422,39742,0.124796,0.07,1,735143,734721,422
48417841,34.4696,32.8698,424,39795,0.0969592,0.17,1,735177,734753,424
48420761,34.8939,30.574,429,39848,0.139392,0.17,1,735212,734783,429
48423681,30.1788,28.5148,430,39901,0.147878,0.27,1,735241,734811,430
48426601,60.4358,57.703,433,39954,0.165576,0.31,1,735309,734876,433
48429521,40.8872,37.9406,436,40007,0.185115,0.27,1,735345,734909,436
48432441,9.77743,9.18812,436,40060,0.189023,0.27,1,735347,734911,436
48435361,26.7555,1.83762,467,40113,0.141805,0.35,1,735378,734911,467
48438281,39.7511,25.1675,479,40166,0.116361,0.35,1,735421,734942,479
48441201,28.7502,38.6335,463,40219,0.127272,0.31,1,735447,734984,463
48444121,28.15,29.3267,464,40271,0.129454,0.27,1,735475,735011,464
48447041,24.83,31.4653,456,40323,0.129891,0.23,1,735499,735043,456
48449961,32.166,28.6931,462,40375,0.129978,0.17,1,735533,735071,462
48452881,36.0332,33.7386,464,40427,0.145996,0.11,1,735570,735106,464
48455801,32.8066,36.3477,459,40479,0.117199,0.09,1,735602,735143,459
48458721,36.9613,34.4695,463,40531,0.0954398,0.15,1,735640,735177,463
48461641,31.3923,34.8939,458,40583,0.107088,0.15,1,735670,735212,458
48464561,60.6785,30.1788,497,40635,0.173418,0.17,1,735738,735241,497
48467481,40.1357,60.4358,464,40687,0.202684,0.19,1,735773,735309,464
48470401,9.62714,40.8872,430,40739,0.208537,0.19,1,735775,735345,430
48473321,25.9254,9.77743,458,40791,0.209707,0.13,1,735805,735347,458
48476241,38.7851,26.7555,469,40843,0.225941,0.11,1,735847,735378,469
48479161,29.357,39.7511,453,40895,0.277188,0.13,1,735874,735421,453
48482081,28.2714,28.7502,455,40947,0.287438,0.13,1,735902,735447,455
48485001,24.8543,28.15,451,40999,0.305488,0.13,1,735926,735475,451
48487921,32.1709,24.83,461,41050,0.325098,0.13,1,735960,735499,461
48490841,35.2342,32.166,463,41101,0.32902,0.15,1,735996,735533,463
48493761,32.6468,36.0332,458,41152,0.329804,0.11,1,736028,735570,458
48496681,36.9294,32.8066,464,41203,0.329961,0.09,1,736066,735602,464
48499601,32.1859,36.9613,457,41254,0.313992,0.11,1,736097,735640,457
48502521,64.0372,31.3923,499,41305,0.358798,0.19,1,736169,735670,499
48505441,40.8074,60.6785,466,41356,0.41576,0.21,1,736204,735738,466
48508361,9.76149,40.1357,433,41407,0.427152,0.21,1,736206,735773,433
48511281,25.9523,9.62714,461,41458,0.44543,0.21,1,736236,735775,461
48514201,39.5905,25.9254,474,41509,0.465086,0.23,1,736279,735805,474
48517121,9.51809,38.7851,434,41560,0.469017,0.29,1,736281,735847,434
48520041,25.1036,29.357,436,41611,0.517803,0.29,1,736310,735874,436
48522961,28.2207,28.2714,437,41662,0.511561,0.31,1,736339,735902,437
48525881,25.6441,24.8543,438,41713,0.526312,0.33,1,736364,735926,438
48528801,32.3288,32.1709,438,41764,0.577262,0.33,1,736398,735960,438
48531721,35.2658,35.2342,438,41815,0.555452,0.33,1,736434,735996,438
48534641,32.6532,32.6468,438,41865,0.55109,0.33,1,736466,736028,438
48537561,35.3306,36.9294,436,41915,0.582218,0.31,1,736502,736066,436
48540481,32.6661,32.1859,437,41965,0.556444,0.37,1,736534,736097,437
48543401,67.3332,64.0372,441,42015,0.647289,0.43,1,736610,736169,441
48546321,43.0666,40.8074,443,42065,0.713458,0.43,1,736647,736204,443
48549241,10.2133,9.76149,443,42115,0.694692,0.45,1,736649,736206,443
48552161,26.8427,25.9523,444,42165,0.754938,0.47,2,736680,736236,444
48555081,40.5685,39.5905,445,42215,0.814988,0.47,2,736724,736279,445
48558001,9.71371,9.51809,445,42265,0.794998,0.53,2,736726,736281,445
48560921,25.9427,25.1036,446,42315,0.807,0.51,2,736756,736310,446
48563841,29.1885,28.2207,447,42365,0.8414,0.53,2,736786,736339,447
48566761,26.6377,25.6441,448,42415,0.84828,0.59,2,736812,736364,448
48569681,33.3275,32.3288,449,42465,0.881656,0.55,2,736847,736398,449
48572601,35.4655,35.2658,449,42515,0.856331,0.55,2,736883,736434,449
48575521,32.6931,32.6532,449,42565,0.867266,0.59,2,736915,736466,449
48578441,35.3386,35.3306,449,42615,0.869453,0.55,2,736951,736502,449
48581361,34.2677,32.6661,451,42665,0.869891,0.67,2,736985,736534,451
48584281,70.8535,67.3332,455,42714,0.917978,0.73,2,737065,736610,455
48616401,32,36,496,43253,0.93,0.87,2,737379,736883,496
48619321,35.2,32.8,500,43302,0.93,0.87,2,737415,736915,500
48622241,34.24,35.36,498,43351,0.93,0.87,2,737449,736951,498
48794521,91,85,509,21370,0.35,1,1,739548,739039,509
48797441,56.6,58.6,505,21469,0.302,0.99,1,739596,739091,505
48800361,64.92,77.32,490,21568,0.2444,1,1,739663,739173,490
48803281,88.184,53.864,536,21666,0.10488,0.79,1,739757,739221,536
48806201,38.4368,83.5728,471,21764,0.044976,0.87,1,739783,739312,471
48809121,34.8874,39.1146,477,21861,0.0329952,0.45,1,739817,739340,477
48812041,74.9775,101.423,445,21958,0.094599,0.35,1,739902,739457,445
48814961,79.7955,93.0846,435,22055,0.13892,0.29,1,739983,739548,435
48817881,58.3591,57.0169,440,22151,0.115784,0.23,1,740036,739596,440
48820801,57.2718,65.0034,430,22247,0.175157,0.07,1,740093,739663,430
48823721,81.0544,88.2007,423,22342,0.251031,0.03,1,740180,739757,423
48826641,37.0109,38.4401,423,22437,0.234206,0.03,1,740206,739783,423
48829561,35.4022,34.888,424,22532,0.262841,0.03,1,740241,739817,424
48832481,77.4804,6.97761,512,22626,0.332568,0.11,1,740329,739817,512
48835401,79.4961,69.3955,507,22720,0.362514,0.15,1,740409,739902,507
48838321,59.8992,78.6791,481,22813,0.384503,0.11,1,740464,739983,481
48841241,59.1798,58.1358,487,22906,0.452901,0.19,1,740523,740036,487
48844161,83.036,57.2272,519,22999,0.54658,0.27,1,740612,740093,519
48847081,35.8072,81.0454,456,23091,0.565316,0.23,1,740636,740180,456
48850001,40.7614,37.0091,472,23183,0.585063,0.27,1,740678,740206,472
48852921,80.1523,35.4018,527,23274,0.589013,0.35,1,740768,740241,527
48855841,80.0305,77.4804,519,23365,0.605802,0.37,1,740848,740329,519
48858761,60.8061,79.4961,495,23456,0.593161,0.39,1,740904,740409,495
48861681,62.5612,59.8992,503,23546,0.622632,0.47,1,740967,740464,503
48864601,87.7122,59.1798,538,23636,0.692526,0.57,1,741061,740523,538
48867521,36.7424,83.036,473,23726,0.754505,0.57,2,741085,740612,473
48870441,42.5485,35.8072,493,23815,0.734901,0.59,1,741129,740636,493
48873361,79.7097,40.7614,540,23904,0.73098,0.59,1,741218,740678,540
48876281,17.5419,80.1523,452,23993,0.730196,0.61,1,741220,740768,452
48879201,67.5084,80.0305,452,24081,0.794039,0.59,2,741300,740848,452
48882121,57.5017,60.8061,451,24169,0.838808,0.63,2,741355,740904,451
48885041,63.5003,62.5612,453,24257,0.879762,0.71,2,741420,740967,453
48887961,91.9001,87.7122,458,24344,0.871952,0.77,2,741519,741061,458
48890881,39.18,36.7424,460,24431,0.83839,0.73,2,741545,741085,460
48893801,41.436,42.5485,458,24518,0.831678,0.73,2,741587,741129,458
48896721,80.2872,79.7097,459,24604,0.846336,0.73,2,741677,741218,459
48899641,17.6574,17.5419,459,24690,0.849267,0.81,2,741679,741220,459
48902561,68.3315,67.5084,460,24776,0.897853,0.85,2,741760,741300,460
48905481,60.0663,57.5017,463,24862,0.923571,0.89,2,741818,741355,463
48998921,37,55,487,27457,0.87,1,2,743655,743168,487
49001841,69,63,499,27534,0.742,1,1,743732,743233,499
49004761,45,59.8,479,27611,0.7004,1,1,743771,743292,479
49007681,31.4,32.76,481,27688,0.61208,1,1,743799,743318,481
49010601,79.08,84.952,474,27764,0.706416,0.83,1,743890,743416,474
49013521,47.016,46.5904,476,27840,0.741283,1,1,743929,743453,476
49016441,35.8032,37.3181,474,27916,0.700257,0.88,1,743962,743488,474
49019361,69.5606,76.2636,466,27992,0.772051,0.87,2,744040,743574,466
49022281,50.7121,50.4527,468,28068,0.78641,0.87,2,744086,743618,468
49025201,36.5424,39.6905,464,28143,0.821282,0.71,2,744119,743655,464
49028121,66.5085,69.5381,461,28218,0.828256,0.69,2,744193,743732,461
49031041,42.1017,45.1076,458,28293,0.861651,0.59,2,744229,743771,458
49033961,29.2203,31.4215,456,28368,0.85233,0.59,2,744255,743799,456
49036881,77.8441,6.2843,546,28443,0.914466,0.73,2,744345,743799,546
49179961,70,68,532,31883,0.67,1,1,746779,746247,532
49182881,29.2,48.8,507,31949,0.622,1,1,746798,746291,507
49185801,35.44,38.56,508,32015,0.5804,1,1,746835,746327,508
49188721,64.688,38.912,541,32081,0.38008,0.99,1,746907,746366,541
49191641,41.7376,54.9824,518,32147,0.212016,1,1,746943,746425,518
49194561,37.1475,40.5965,517,32213,0.130403,1,1,746979,746462,517
49197481,53.8295,36.9193,539,32279,0.0340806,1,1,747037,746498,539
49200401,41.9659,58.5839,514,32345,0.0468161,1,1,747076,746562,514
49203321,57.1932,42.9168,536,32410,0.0493632,0.97,1,747137,746601,536
49206241,39.4386,63.7834,502,32475,0.0658726,0.81,1,747172,746670,502
49209161,55.8877,43.9567,523,32540,0.0531745,0.67,1,747232,746709,523
49212081,21.5775,64.7913,466,32605,0.0346349,0.61,1,747245,746779,466
49215001,30.7155,28.1583,480,32670,0.126927,0.57,1,747278,746798,480
49217921,57.3431,35.2317,507,32735,0.161385,0.33,1,747342,746835,507
49220841,13.0686,64.6463,437,32800,0.136277,0.17,1,747344,746907,437
49223761,25.8137,41.7293,430,32864,0.163255,0.11,1,747373,746943,430
49226681,30.7627,37.1459,426,32928,0.168651,0.01,1,747405,746979,426
49229601,50.9525,53.8292,424,32992,0.0577302,0.05,1,747461,747037,424
49232521,41.3905,41.9658,424,33056,0.099546,0.05,1,747500,747076,424
49235441,58.6781,57.1932,426,33120,0.0439092,0.07,1,747563,747137,426
49238361,37.3356,39.4386,423,33184,0.0487818,0.05,1,747595,747172,423
49241281,56.2671,55.8877,424,33248,0.0977564,0.03,1,747656,747232,424
49244201,20.8534,21.5775,423,33312,0.0755513,0.15,1,747668,747245,423
49247121,34.5707,30.7155,428,33375,0.10311,0.17,1,747706,747278,428
49250041,56.5141,57.3431,426,33438,0.140622,0.13,1,747768,747342,426
49252961,12.9028,13.0686,426,33501,0.148124,0.17,1,747770,747344,426
49255881,28.9806,25.8137,430,33564,0.181625,0.17,1,747803,747373,430
49258801,29.7961,30.7627,428,33627,0.204325,0.03,1,747833,747405,428
49261721,45.9592,50.9525,422,33690,0.208865,0.11,1,747883,747461,422
49264641,41.1918,41.3905,423,33753,0.209773,0.03,1,747923,747500,423
49267561,57.8384,58.6781,422,33816,0.193955,0.05,1,747985,747563,422
49270481,37.1677,37.3356,422,33879,0.190791,0.11,1,748017,747595,422
49273401,58.6335,56.2671,425,33941,0.190158,0.07,1,748081,747656,425
49276321,21.3267,20.8534,425,34003,0.222032,0.11,1,748093,747668,425
49279241,36.2653,34.5707,427,34065,0.228406,0.15,1,748133,747706,427
49282161,56.8531,56.5141,427,34127,0.245681,0.15,1,748195,747768,427
49285081,12.9706,12.9028,427,34189,0.249136,0.19,1,748197,747770,427
49288001,30.5941,28.9806,429,34251,0.297827,0.19,1,748232,747803,429
49290921,30.1188,5.79611,459,34313,0.307565,0.21,1,748262,747803,459
49293841,46.0238,25.1592,479,34375,0.309513,0.21,1,748312,747833,479
49296761,41.2048,45.0318,469,34437,0.325903,0.21,1,748352,747883,469
49299681,57.841,41.0064,491,34498,0.377181,0.19,1,748414,747923,491
49302601,37.9682,57.8013,462,34559,0.451436,0.19,1,748447,747985,462
49305521,58.7936,37.1603,494,34620,0.466287,0.19,1,748511,748017,494
49308441,22.1587,58.6321,443,34681,0.485257,0.23,1,748524,748081,443
49311361,38.0317,21.3264,473,34742,0.537051,0.23,1,748566,748093,473
49314281,57.2064,36.2653,495,34803,0.54741,0.25,1,748628,748133,495
49317201,13.0413,56.8531,435,34864,0.549482,0.25,1,748630,748195,435
49320121,31.4083,12.9706,469,34925,0.549896,0.31,1,748666,748197,469
49323041,31.8817,30.5941,466,34986,0.533979,0.31,1,748698,748232,466
49325961,46.3763,30.1188,486,35046,0.546796,0.31,1,748748,748262,486
49328881,42.0753,46.0238,477,35106,0.533359,0.33,1,748789,748312,477
49331801,62.8151,41.2048,505,35166,0.498672,0.39,1,748857,748352,505
49334721,39.763,57.841,477,35226,0.539734,0.47,1,748891,748414,477
49337641,59.1526,37.9682,508,35286,0.611947,0.47,1,748955,748447,508
49340561,23.8305,58.7936,459,35346,0.610389,0.49,1,748970,748511,459
49343481,39.9661,22.1587,490,35406,0.610078,0.55,1,749014,748524,490
49346401,57.5932,38.0317,510,35466,0.626016,0.55,1,749076,748566,510
49349321,13.1186,57.2064,450,35526,0.629203,0.55,1,749078,748628,450
49352241,31.4237,13.0413,484,35586,0.661841,0.55,1,749114,748630,484
49355161,31.0847,31.4083,479,35645,0.700368,0.53,1,749145,748666,479
49358081,7.81695,31.8817,449,35704,0.708074,0.55,1,749147,748698,449
49361001,41.5634,46.3763,449,35763,0.741615,0.53,1,749197,748748,449
49363921,40.3127,42.0753,448,35822,0.764323,0.49,2,749237,748789,448
49366841,62.4625,62.8151,448,35881,0.784865,0.55,2,749305,748857,448
49369761,41.2925,39.763,450,35940,0.788973,0.63,2,749341,748891,450
49372681,61.8585,59.1526,453,35999,0.757795,0.61,2,749408,748955,453
49375601,25.1717,23.8305,454,36058,0.719559,0.61,1,749424,748970,454
49378521,38.6343,39.9661,452,36117,0.759912,0.63,2,749466,749014,452
49381441,58.9269,57.5932,454,36176,0.767982,0.63,2,749530,749076,454
49384361,13.3854,13.1186,454,36234,0.769596,0.67,2,749532,749078,454
49387281,32.2771,31.4237,455,36292,0.801919,0.71,2,749569,749114,455
49390201,32.8554,31.0847,457,36350,0.792384,0.71,2,749602,749145,457
49393121,8.17108,7.81695,457,36408,0.790477,0.75,2,749604,749147,457
49396041,41.6342,41.5634,457,36466,0.806095,0.77,2,749654,749197,457
49398961,42.7268,40.3127,460,36524,0.873219,0.79,2,749697,749237,460
49401881,63.7454,62.4625,461,36582,0.870644,0.79,2,749766,749305,461
49404801,39.9491,41.2925,459,36640,0.870129,0.75,2,749800,749341,459
49407721,59.9898,61.8585,457,36698,0.918026,0.71,2,749865,749408,457
49410641,24.798,25.1717,457,36756,0.943605,0.77,2,749881,749424,457
49559561,57,49,491,39581,0.59,1,1,751848,751357,491
49562481,45.8,52.2,481,39634,0.462,1,1,751891,751410,481
49565401,39.56,32.84,491,39687,0.2924,1,1,751929,751438,491
49568321,33.512,41.768,479,39740,0.16248,1,1,751961,751482,479
49571241,33.1024,35.5536,478,39793,0.088496,0.98,1,751994,751516,478
49574161,41.8205,34.3107,488,39846,0.0176992,1,1,752038,751550,488
49577081,33.1641,27.6621,493,39899,0.0275398,1,1,752069,751576,493
49580001,30.6328,31.9324,490,39952,0.045508,0.97,1,752099,751609,490
49582921,22.9266,35.9865,474,40005,0.00910159,0.86,1,752120,751646,474
49585841,34.1853,35.9973,475,40058,0.00982032,0.86,1,752157,751682,475
49588761,23.6371,7.19946,496,40111,0.00996406,1,1,752178,751682,496
49591681,46.3274,22.2399,522,40164,0.0419928,0.93,1,752230,751708,522
49594601,26.8655,49.248,488,40217,0.0323986,0.83,1,752252,751764,488
49597521,42.1731,31.4496,507,40270,0.0464797,0.59,1,752298,751791,507
49600441,33.2346,51.8899,481,40322,0.0332959,0.43,1,752329,751848,481
49603361,33.0469,44.778,471,40374,0.0466592,0.25,1,752362,751891,471
49606281,25.8094,39.3556,457,40426,0.0493318,0.13,1,752386,751929,457
49609201,29.1619,33.4711,455,40478,0.129866,0.07,1,752416,751961,455
49612121,41.0324,33.0942,466,40530,0.0499733,0,1,752460,751994,466
49615041,33.0065,41.8188,453,40582,0.0339947,0.03,1,752491,752038,453
49617961,33.0013,33.1638,455,40634,0.0307989,0.05,1,752524,752069,455
49620881,20.2003,30.6328,442,40686,0.0621598,0,1,752541,752099,442
49623801,33.6401,22.9266,458,40738,0.052432,0.01,1,752578,752120,458
49626721,23.528,34.1853,442,40790,0.0344864,0.01,1,752599,752157,442
49629641,48.7056,23.6371,476,40842,0.00689728,0.05,1,752654,752178,476
49632561,24.9411,46.3274,443,40894,0.0893795,0.03,1,752673,752230,443
49635481,41.7882,26.8655,467,40946,0.0418759,0.05,1,752719,752252,467
49638401,34.7576,42.1731,454,40998,0.0643752,0.03,1,752752,752298,454
49641321,33.3515,33.2346,456,41049,0.084875,0.05,1,752785,752329,456
49644241,25.8703,33.0469,447,41100,0.088975,0.05,1,752809,752362,447
49647161,31.5741,25.8094,456,41151,0.105795,0.15,1,752842,752386,456
49650081,38.3148,29.1619,466,41202,0.109159,0.03,1,752882,752416,466
49653001,32.463,41.0324,453,41253,0.0458318,0.03,1,752913,752460,453
49655921,35.2926,33.0065,458,41304,0.0491664,0.03,1,752949,752491,458
49658841,19.8585,33.0013,441,41355,0.0498333,0.07,1,752965,752524,441
49661761,31.9717,20.2003,459,41406,0.0339667,0.05,1,753000,752541,459
49664681,23.9943,33.6401,444,41457,0.0147933,0.03,1,753022,752578,444
49667601,49.5989,23.528,479,41508,0.0109587,0,1,753078,752599,479
49670521,11.5198,48.7056,426,41559,0.0101917,0.11,1,753080,752654,426
49673441,18.304,24.9411,427,41610,0.0420383,0.03,1,753100,752673,427
49676361,39.6608,41.7882,426,41661,0.0484077,0.07,1,753145,752719,426
49679281,34.3322,34.7576,426,41712,0.0816815,0.09,1,753178,752752,426
49682201,33.2664,33.3515,426,41763,0.0563363,0.09,1,753211,752785,426
49685121,25.8533,25.8703,426,41814,0.0832673,0.11,1,753235,752809,426
49688041,32.3707,31.5741,427,41864,0.104653,0.11,1,753269,752842,427
49690961,35.2741,38.3148,423,41914,0.124931,0.03,1,753305,752882,423
49693881,31.8548,32.463,423,41964,0.128986,0.05,1,753336,752913,423
49696801,35.971,35.2926,424,42014,0.0337972,0.05,1,753373,752949,424
49699721,19.9942,19.8585,424,42064,0.0147594,0.03,1,753389,752965,424
49702641,31.1988,31.9717,423,42114,0.0589519,0.01,1,753423,753000,423
49705561,23.8398,23.9943,423,42164,0.0357904,0.01,1,753445,753022,423
49708481,48.768,49.5989,422,42214,0.0311581,0.01,1,753500,753078,422
49711401,11.3536,11.5198,422,42264,0.0302316,0.05,1,753502,753080,422
49714321,18.2707,18.304,422,42314,0.0140463,0.05,1,753522,753100,422
49717241,41.2541,39.6608,424,42364,0.0588093,0.09,1,753569,753145,424
49720161,34.6508,34.3322,424,42414,0.115762,0.05,1,753602,753178,424
49723081,33.3302,33.2664,424,42464,0.111152,0.09,1,753635,753211,424
49726001,26.666,25.8533,425,42514,0.14223,0.11,1,753660,753235,425
49728921,32.5332,32.3707,425,42564,0.180446,0.13,1,753694,753269,425
49731841,36.1066,35.2741,426,42614,0.204089,0.13,1,753731,753305,426
49734761,31.2213,31.8548,425,42664,0.256818,0.01,1,753761,753336,425
49737681,33.4443,35.971,422,42713,0.171364,0.01,1,753795,753373,422
49740601,19.4889,19.9942,422,42762,0.186273,0.07,1,753811,753389,422
49743521,31.0978,31.1988,422,42811,0.125255,0.03,1,753845,753423,422
49746441,23.8196,23.8398,422,42860,0.0810509,0.03,1,753867,753445,422
49749361,48.7639,48.768,422,42909,0.0402102,0.03,1,753922,753500,422
49752281,11.3528,11.3536,422,42958,0.032042,0.01,1,753924,753502,422
49755201,19.0706,18.2707,423,43007,0.0304084,0.01,1,753945,753522,423
49758121,42.2141,3.65414,471,43056,0.0460817,0.07,1,753993,753522,471
49761041,35.6428,38.3308,458,43105,0.0652163,0.13,1,754027,753569,458
49763961,34.3286,34.0662,459,43154,0.0690433,0.11,1,754061,753602,459
49766881,28.4657,33.2132,453,43203,0.0858087,0.15,1,754088,753635,453
49769801,32.8931,26.6426,462,43252,0.121162,0.19,1,754122,753660,462
49772721,38.5786,32.5285,468,43301,0.176232,0.21,1,754162,753694,468
49775641,32.5157,36.1057,462,43350,0.219246,0.27,1,754193,753731,462
49778561,30.5031,31.2211,462,43399,0.227849,0.15,1,754223,753761,462
49781481,18.9006,33.4442,444,43448,0.24557,0.19,1,754239,753795,444
49784401,27.7801,19.4888,458,43497,0.265114,0.11,1,754269,753811,458
49787321,21.556,31.0978,444,43546,0.285023,0.07,1,754289,753845,444
49790241,47.5112,23.8196,476,43594,0.209005,0.03,1,754343,753867,476
49793161,11.1022,48.7639,423,43642,0.193801,0.03,1,754345,753922,423
49796081,19.0204,11.3528,442,43690,0.20676,0.03,1,754366,753924,442
49799001,43.8041,19.0706,471,43738,0.225352,0.05,1,754416,753945,471
49801921,36.7608,42.2141,458,43786,0.21307,0.07,1,754451,753993,458
49804841,34.5522,35.6428,458,43834,0.226614,0.07,1,754485,754027,458
49807761,29.3104,34.3286,452,43882,0.229323,0.09,1,754513,754061,452
49810681,34.6621,28.4657,461,43930,0.229865,0.13,1,754549,754088,461
49813601,41.3324,32.8931,470,43978,0.261973,0.19,1,754592,754122,470
49816521,34.6665,38.5786,463,44026,0.268395,0.23,1,754625,754162,463
49819441,31.7333,32.5157,463,44074,0.317679,0.23,1,754656,754193,463
49822361,19.9467,30.5031,450,44122,0.311536,0.25,1,754673,754223,450
49825281,28.7893,18.9006,465,44170,0.294307,0.27,1,754704,754239,465
49828201,21.7579,27.7801,455,44218,0.290861,0.29,1,754724,754269,455
49831121,43.5516,21.556,484,44266,0.306172,0.19,1,754773,754289,484
49834041,10.3103,47.5112,432,44314,0.309234,0.19,1,754775,754343,432
49836961,18.0621,11.1022,450,44362,0.309847,0.21,1,754795,754345,450
49839881,46.0124,19.0204,482,44410,0.373969,0.23,1,754848,754366,482
49842801,36.4025,43.8041,466,44457,0.386794,0.21,1,754882,754416,466
49845721,8.8805,36.7608,433,44504,0.389359,0.23,1,754884,754451,433
49848641,28.9761,34.5522,433,44551,0.405872,0.23,1,754918,754485,433
49851561,28.1952,29.3104,433,44598,0.409174,0.23,1,754946,754513,433
49854481,35.239,34.6621,434,44645,0.457835,0.27,1,754983,754549,434
49857401,43.0478,41.3324,436,44692,0.467567,0.27,1,755028,754592,436
49860321,34.2096,34.6665,435,44739,0.485513,0.33,1,755060,754625,435
49863241,32.4419,31.7333,436,44786,0.425103,0.31,1,755092,754656,436
49866161,20.8884,19.9467,437,44833,0.413021,0.29,1,755110,754673,437
49869081,28.1777,28.7893,436,44880,0.474604,0.29,1,755140,754704,436
49872001,21.6355,21.7579,436,44927,0.486921,0.31,1,755160,754724,436
49874921,44.3271,43.5516,437,44974,0.489384,0.31,1,755210,754773,437
49877841,10.4654,10.3103,437,45021,0.521877,0.31,1,755212,754775,437
49880761,18.8931,18.0621,438,45068,0.528375,0.39,1,755233,754795,438
49883681,48.5786,46.0124,441,45115,0.465675,0.39,1,755289,754848,441
49886601,37.7157,36.4025,442,45162,0.469135,0.39,1,755324,754882,442
49889521,9.14314,8.8805,442,45209,0.469827,0.41,1,755326,754884,442
49892441,29.0286,28.9761,442,45256,0.485965,0.41,1,755360,754918,442
49895361,29.0057,28.1952,443,45303,0.521193,0.47,1,755389,754946,443
49898281,35.4011,35.239,443,45350,0.560239,0.47,1,755426,754983,443
49901201,43.0802,43.0478,443,45397,0.552048,0.49,1,755471,755028,443
49904121,35.016,34.2096,444,45443,0.56641,0.41,1,755504,755060,444
49907041,31.0032,32.4419,442,45489,0.553282,0.41,1,755534,755092,442
49909961,20.6006,20.8884,442,45535,0.566656,0.49,1,755552,755110,442
49912881,29.7201,28.1777,444,45581,0.633331,0.49,1,755584,755140,444
49915801,21.944,21.6355,444,45627,0.662666,0.49,1,755604,755160,444
49918721,45.9888,44.3271,446,45673,0.668533,0.53,1,755656,755210,446
49921641,10.7978,10.4654,446,45719,0.669707,0.53,1,755658,755212,446
49924561,18.9596,18.8931,446,45765,0.653941,0.45,1,755679,755233,446
49927481,46.9919,48.5786,444,45811,0.650788,0.47,1,755733,755289,444
49930401,38.1984,37.7157,445,45857,0.682158,0.47,1,755769,755324,445
49933321,9.23968,9.14314,445,45903,0.688432,0.49,1,755771,755326,445
49936241,29.8479,29.0286,446,45949,0.673686,0.49,1,755806,755360,446
49939161,28.3696,5.80573,474,45995,0.654737,0.53,1,755834,755360,474
49942081,36.8739,24.3611,484,46041,0.698947,0.57,1,755873,755389,484
49945001,42.5748,34.4722,491,46087,0.707789,0.55,1,755917,755426,491
49947921,35.715,42.8944,480,46133,0.709558,0.57,1,755951,755471,480
49950841,32.743,34.9789,479,46179,0.741912,0.55,1,755983,755504,479
49953761,20.9486,30.9958,467,46225,0.748382,0.57,1,756001,755534,467
49956681,31.3897,20.5992,483,46271,0.797676,0.65,2,756035,755552,483
49959601,23.0779,29.7198,472,46317,0.839535,0.67,2,756056,755584,472
49962521,46.2156,21.944,504,46363,0.879907,0.67,2,756108,755604,504
49965441,10.8431,45.9888,454,46408,0.887981,0.67,2,756110,755656,454
49968361,19.7686,10.7978,474,46453,0.889596,0.65,2,756132,755658,474
50400521,33,38,522,52741,0.85,1,2,760530,760008,522
50403441,35.4,40.4,517,52781,0.882,1,2,760566,760049,517
50406361,36.68,36.08,519,52821,0.8404,1,2,760603,760084,519
50409281,21.736,34.416,503,52861,0.83208,1,2,760621,760118,503
50412201,31.5472,25.2832,514,52901,0.830416,1,2,760655,760141,514
50415121,34.3094,22.6566,527,52941,0.830083,1,2,760690,760163,527
50418041,24.4619,33.3313,513,52981,0.798017,0.96,2,760712,760199,513
50420961,20.8924,34.6663,498,53021,0.823603,0.99,2,760732,760234,498
50423881,6.57848,23.7333,480,53061,0.812721,0.83,2,760735,760255,480
50426801,2.9157,7.94665,478,53101,0.842544,0.85,2,760737,760259,478
50429721,10.9831,3.18933,489,53141,0.800509,1,2,760750,760261,489
50432641,30.1966,15.8379,505,53181,0.808102,1,2,760785,760280,505
50435561,38.8393,33.5676,508,53221,0.79362,0.97,2,760826,760318,508
50438481,9.36786,35.5135,474,53261,0.822724,0.95,2,760828,760354,474
50441401,28.2736,32.7027,475,53301,0.860545,0.99,2,760861,760386,475
50444321,25.6547,33.7405,466,53340,0.916109,0.93,2,760886,760420,466
50447241,34.7309,36.3481,466,53379,0.911222,0.89,2,760923,760457,466
50450161,37.3462,39.2696,464,53418,0.910244,0.85,2,760961,760497,464
50453081,35.4692,34.2539,466,53457,0.926049,0.89,2,760996,760530,466
50456001,34.2938,35.6508,464,53496,0.92921,0.83,2,761030,760566,464
50739241,57,65,455,26280,0.13,0.77,1,763888,763433,455
50742161,27.4,27.4,457,26361,0.114,0.61,1,763908,763451,457
50745081,29.48,19.88,469,26441,0.0628,0.49,1,763938,763469,469
50748001,62.696,42.376,492,26521,0.06856,0.41,1,764009,763517,492
50750921,63.7392,74.0752,474,26601,0.053712,0.29,1,764073,763599,474
50753841,55.9478,67.615,462,26681,0.114742,0.21,1,764127,763665,462
50756761,61.5896,77.523,445,26760,0.126948,0.03,1,764190,763745,445
50759681,62.7179,57.9046,455,26839,0.12939,0,1,764253,763798,455
50762601,49.3436,68.3809,430,26918,0.113878,0.11,1,764299,763869,430
50765521,22.6687,28.0762,428,26997,0.158776,0.11,1,764315,763887,428
50768441,19.7337,22.4152,426,27075,0.199755,0.05,1,764334,763908,426
50771361,26.3467,28.483,424,27153,0.175951,0.07,1,764362,763938,424
50774281,61.2693,62.4966,423,27231,0.17119,0.05,1,764432,764009,423
50777201,64.2539,63.6993,424,27309,0.186238,0.13,1,764497,764073,424
50780121,57.6508,55.9399,426,27387,0.221248,0.13,1,764553,764127,426
50783041,65.1302,61.588,430,27464,0.24425,0.13,1,764620,764190,430
50785961,60.226,62.7176,426,27541,0.28085,0.11,1,764679,764253,426
50788881,50.4452,49.3435,428,27618,0.25617,0.17,1,764727,764299,428
50791801,25.289,22.6687,431,27695,0.235234,0.21,1,764746,764315,431
50794721,19.4578,19.7337,430,27771,0.279047,0.17,1,764764,764334,430
50797641,26.2916,26.3467,430,27847,0.319809,0.17,1,764792,764362,430
50800561,61.2583,61.2693,430,27923,0.295962,0.19,1,764862,764432,430
50803481,65.0517,64.2539,431,27999,0.355192,0.23,1,764928,764497,431
50806401,58.6103,57.6508,432,28075,0.383038,0.25,1,764985,764553,432
50809321,65.3221,65.1302,432,28150,0.452608,0.29,1,765052,764620,432
50812241,61.8644,60.226,434,28225,0.466522,0.25,1,765113,764679,434
50815161,49.1729,50.4452,432,28300,0.501304,0.23,1,765159,764727,432
50818081,25.8346,25.289,433,28375,0.492261,0.23,1,765179,764746,433
50821001,21.1669,5.05781,453,28450,0.490452,0.29,1,765199,764746,453
50823921,26.6334,15.4116,463,28524,0.45809,0.33,1,765227,764764,463
50826841,61.3267,25.4823,505,28598,0.515618,0.29,1,765297,764792,505
50829761,66.6653,61.0965,503,28672,0.575124,0.37,1,765365,764862,503
50832681,59.7331,65.0193,495,28746,0.587025,0.39,1,765423,764928,495
50835601,68.7466,58.6039,509,28820,0.605405,0.47,1,765494,764985,509
50838521,64.1493,65.3208,505,28893,0.673081,0.47,1,765557,765052,505
50841441,49.6299,61.8642,490,28966,0.686616,0.51,1,765603,765113,490
50844361,26.726,49.1728,465,29039,0.673323,0.49,1,765624,765159,465
50847281,19.7452,25.8346,463,29112,0.670665,0.49,1,765642,765179,463
50850201,27.149,21.1669,472,29185,0.654133,0.45,1,765671,765199,472
50853121,63.8298,26.6334,517,29258,0.714827,0.53,1,765744,765227,517
50856041,69.566,61.3267,518,29330,0.710965,0.59,1,765815,765297,518
50858961,60.3132,66.6653,508,29402,0.726193,0.59,1,765873,765365,508
50861881,69.6626,59.7331,522,29474,0.761239,0.61,2,765945,765423,522
50864801,67.5325,68.7466,518,29546,0.784248,0.69,2,766012,765494,518
50867721,50.3065,64.1493,501,29618,0.80485,0.69,2,766058,765557,501
50870641,26.0613,49.6299,475,29689,0.80897,0.67,2,766078,765603,475
50873561,19.6123,26.726,472,29760,0.809794,0.67,2,766096,765624,472
50876481,26.3225,19.7452,482,29831,0.809959,0.65,2,766124,765642,482
50879401,6.86449,27.149,455,29902,0.809992,0.73,2,766126,765671,455
50882321,63.7729,63.8298,460,29973,0.889998,0.71,2,766204,765744,460
50885241,67.1546,69.566,457,30044,0.922,0.73,2,766272,765815,457
51025401,28,29,486,33255,0.83,1,2,768505,768019,486
51028321,36,35.4,487,33319,0.766,0.99,2,768543,768056,487
51031241,34.4,35.08,486,33382,0.7852,1,2,768577,768091,486
51034161,46.88,50.216,482,33445,0.75704,0.95,2,768627,768145,482
51037081,32.576,36.4432,478,33508,0.751408,0.99,2,768656,768178,478
51040001,45.7152,48.0886,476,33571,0.734282,0.97,1,768705,768229,476
51042921,49.943,55.2177,470,33634,0.762856,0.91,2,768756,768286,470
51045841,87.5886,95.0435,462,33697,0.704571,0.99,1,768853,768391,462
51048761,43.1177,42.2087,465,33760,0.724914,0.91,1,768885,768420,465
51051681,31.8235,30.8417,466,33823,0.744983,0.73,1,768914,768448,466
51054601,27.1647,29.3683,463,33886,0.732997,0.83,1,768940,768477,463
51057521,28.6329,28.2737,464,33948,0.794599,0.75,2,768969,768505,464
51060441,32.9266,36.0547,460,34010,0.79092,0.79,2,769003,768543,460
51063361,32.9853,34.4109,459,34072,0.838184,0.75,2,769036,768577,459
51066281,48.9971,46.8822,462,34134,0.847637,0.75,2,769089,768627,462
51069201,32.1994,32.5764,461,34196,0.849527,0.73,2,769117,768656,461
51072121,42.4399,45.7153,457,34258,0.881905,0.73,2,769162,768705,457
51075041,49.288,9.14306,508,34320,0.856381,0.77,2,769213,768705,508
51077961,87.4576,42.6286,554,34382,0.915276,0.69,2,769310,768756,554
51311561,30,29,495,38993,0.53,1,1,772469,771974,495
51314481,37.2,37.8,494,39047,0.562,1,1,772508,772014,494
51317401,37.84,48.36,481,39101,0.5044,1,1,772546,772065,481
51320321,36.368,36.072,484,39155,0.41288,1,1,772582,772098,484
51323241,62.4736,65.6144,480,39209,0.298576,1,1,772651,772171,480
51326161,41.2947,41.9229,480,39263,0.243715,1,1,772687,772207,480
51329081,37.8589,34.7846,484,39317,0.152743,0.94,1,772724,772240,484
51332001,18.7718,26.1569,474,39371,0.134549,1,1,772738,772264,474
51334921,31.7544,32.4314,475,39425,0.21091,1,1,772773,772298,475
51337841,35.1509,36.8863,473,39479,0.146182,0.98,1,772809,772336,473
51340761,17.4302,22.5773,467,39532,0.101236,0.9,1,772822,772355,467
51343681,41.886,43.7155,466,39585,0.0922473,0.71,1,772870,772404,466
51346601,33.1772,36.7431,462,39638,0.0584495,0.53,1,772901,772439,462
51349521,25.0354,31.3486,455,39691,0.0676899,0.57,1,772924,772469,455
51352441,32.2071,37.4697,450,39744,0.085538,0.49,1,772958,772508,450
51355361,35.2414,37.8939,448,39797,0.105108,0.39,1,772994,772546,448
51358281,27.0483,36.3788,437,39850,0.0930215,0.27,1,773019,772582,437
51361201,55.8097,62.4758,431,39903,0.106604,0.23,1,773082,772651,431
51364121,40.7619,41.2952,432,39956,0.141321,0.13,1,773119,772687,432
51367041,34.5524,37.859,428,40009,0.132264,0.13,1,773152,772724,428
51369961,16.5105,18.7718,426,40062,0.114453,0.13,1,773164,772738,426
51372881,29.7021,3.75436,459,40115,0.206891,0.23,1,773197,772738,459
51375801,34.7404,28.7509,460,40168,0.161378,0.13,1,773233,772773,460
51378721,17.3481,34.5502,437,40221,0.200276,0.09,1,773246,772809,437
51381641,41.8696,17.31,472,40273,0.272055,0.09,1,773294,772822,472
51384561,32.3739,41.862,454,40325,0.286411,0.05,1,773324,772870,454
51387481,26.4748,33.1724,448,40377,0.337282,0.07,1,773349,772901,448
51390401,30.895,25.0345,457,40429,0.283456,0.09,1,773381,772924,457
51393321,35.779,32.2069,460,40481,0.352691,0.11,1,773418,772958,460
51396241,27.1558,35.2414,449,40533,0.318538,0.09,1,773443,772994,449
51399161,55.8312,27.0483,487,40585,0.359708,0.11,1,773506,773019,487
51402081,43.9662,55.8097,465,40637,0.399942,0.15,1,773547,773082,465
51405001,33.5932,40.7619,459,40689,0.423988,0.13,1,773578,773119,459
51407921,18.7186,34.5524,441,40741,0.380798,0.11,1,773593,773152,441
51410841,32.5437,16.5105,465,40793,0.42016,0.23,1,773629,773164,465
51413761,33.7087,29.7021,466,40845,0.428032,0.15,1,773663,773197,466
51416681,19.5417,34.7404,446,40897,0.445606,0.21,1,773679,773233,446
51419601,45.5084,17.3481,485,40949,0.513121,0.29,1,773731,773246,485
51422521,31.5017,41.8696,465,41001,0.526624,0.29,1,773759,773294,465
51425441,27.1003,32.3739,461,41052,0.529325,0.35,1,773785,773324,461
51428361,30.2201,26.4748,467,41103,0.513865,0.27,1,773816,773349,467
51431281,38.844,30.895,476,41154,0.494773,0.37,1,773857,773381,476
51434201,25.3688,35.779,461,41205,0.490955,0.31,1,773879,773418,461
51437121,57.8738,27.1558,502,41256,0.522191,0.37,1,773945,773443,502
51440041,45.9748,55.8312,482,41307,0.528438,0.41,1,773988,773506,482
51442961,33.1949,43.9662,471,41358,0.529688,0.43,1,774018,773547,471
51445881,17.839,33.5932,454,41409,0.529938,0.37,1,774032,773578,454
51448801,34.7678,18.7186,478,41460,0.513987,0.43,1,774071,773593,478
51451721,34.1536,32.5437,476,41511,0.526798,0.43,1,774105,773629,476
51454641,8.43071,33.7087,444,41562,0.545359,0.45,1,774107,773663,444
51457561,15.2861,19.5417,445,41613,0.565072,0.53,1,774124,773679,445
51460481,47.0572,45.5084,448,41664,0.601014,0.53,1,774179,773731,448
51463401,31.8114,31.5017,448,41715,0.640203,0.53,1,774207,773759,448
51466321,27.1623,27.1003,448,41766,0.632041,0.51,1,774233,773785,448
51469241,29.4325,30.2201,447,41817,0.662408,0.49,1,774263,773816,447
51472161,37.8865,38.844,446,41867,0.652482,0.49,1,774303,773857,446
51475081,25.1773,25.3688,446,41917,0.698496,0.53,1,774325,773879,446
51478001,59.4355,57.8738,448,41967,0.675699,0.53,1,774393,773945,448
51480921,46.2871,45.9748,448,42017,0.71914,0.53,1,774436,773988,448
51483841,33.2574,33.1949,448,42067,0.727828,0.53,1,774466,774018,448
51486761,17.8515,17.839,448,42117,0.729566,0.51,1,774480,774032,448
51489681,34.7703,34.7678,448,42167,0.793913,0.53,2,774519,774071,448
51492601,34.9541,34.1536,449,42217,0.838783,0.55,2,774554,774105,449
51495521,8.59081,8.43071,449,42267,0.879757,0.57,2,774556,774107,449
51498441,14.5182,15.2861,448,42317,0.887951,0.61,2,774572,774124,448
51501361,48.5036,47.0572,450,42367,0.90559,0.65,2,774629,774179,450
51504281,33.7007,31.8114,452,42417,0.877118,0.63,2,774659,774207,452
51507201,28.3401,27.1623,453,42467,0.855424,0.67,2,774686,774233,453
51510121,29.668,29.4325,453,42517,0.931085,0.65,2,774716,774263,453
51761241,68,41,486,21270,0.03,0.29,1,777787,777301,486
51764161,81.6,69.8,494,21370,0.046,0.01,1,777872,777378,494
51767081,40.32,84.36,436,21469,0.0332,0.01,1,777902,777466,436
51770001,26.464,37.672,433,21568,0.04664,0.07,1,777925,777492,433
51772921,58.8928,44.3344,454,21666,0.033328,0.07,1,777992,777538,454
51775841,82.9786,84.0669,449,21764,0.0626656,0.03,1,778081,777632,449
51778761,67.7957,58.4134,461,21861,0.116533,0.03,1,778145,777684,461
51781681,64.7591,94.0827,422,21958,0.143307,0.05,1,778209,777787,422
51784601,81.7518,86.8165,423,22055,0.116661,0.03,1,778295,777872,423
51787521,41.9504,41.3633,425,22151,0.111332,0.05,1,778327,777902,425
51790441,24.3901,26.6727,422,22247,0.0782664,0.03,1,778347,777925,422
51793361,60.878,58.9345,425,22342,0.0556533,0.07,1,778417,777992,425
51796281,81.7756,82.9869,423,22437,0.0671307,0.13,1,778504,778081,423
51799201,69.9551,67.7974,426,22532,0.0854261,0.13,1,778571,778145,426
51802121,65.191,13.5595,490,22626,0.137085,0.15,1,778635,778145,490
51805041,80.2382,53.9119,510,22720,0.211417,0.11,1,778719,778209,510
51807961,41.6476,79.5824,456,22813,0.226283,0.11,1,778751,778295,456
51810881,23.5295,41.5165,443,22906,0.213257,0.07,1,778770,778327,443
51813801,59.1059,24.3033,491,22999,0.114651,0.05,1,778838,778347,491
51816721,83.8212,60.8607,511,23091,0.0789303,0.07,1,778928,778417,511
51819641,71.1642,81.7721,492,23183,0.0877861,0.09,1,778996,778504,492
51822561,68.6328,69.9544,493,23274,0.121557,0.15,1,779064,778571,493
51825481,83.3266,65.1909,516,23365,0.160311,0.23,1,779151,778635,516
51828401,42.2653,80.2382,464,23456,0.184062,0.23,1,779183,778719,464
51831321,22.8531,41.6476,450,23546,0.188812,0.21,1,779201,778751,450
51834241,54.1706,23.5295,493,23636,0.189762,0.09,1,779263,778770,493
51837161,82.0341,59.1059,514,23726,0.221952,0.07,1,779352,778838,514
51840081,72.4068,83.8212,494,23815,0.26039,0.09,1,779422,778928,494
51843001,69.6814,71.1642,495,23904,0.268078,0.13,1,779491,778996,495
51845921,15.5363,68.6328,429,23993,0.269616,0.17,1,779493,779064,429
51848841,74.3073,83.3266,431,24081,0.317923,0.19,1,779582,779151,431
51851761,40.4615,42.2653,431,24169,0.311585,0.19,1,779614,779183,431
51854681,22.4923,22.8531,431,24257,0.342317,0.19,1,779632,779201,431
51857601,54.8985,54.1706,432,24344,0.332463,0.23,1,779695,779263,432
51860521,82.9797,82.0341,433,24431,0.394493,0.27,1,779785,779352,433
51863441,72.5959,72.4068,433,24518,0.406899,0.27,1,779855,779422,433
51866361,71.3192,69.6814,435,24604,0.44138,0.27,1,779926,779491,435
51869281,15.8638,15.5363,435,24690,0.448276,0.33,1,779928,779493,435
51872201,75.1728,74.3073,436,24776,0.481655,0.31,1,780018,779582,436
51875121,41.4346,40.4615,437,24862,0.536331,0.35,1,780051,779614,437
51878041,22.6869,22.4923,437,24947,0.563266,0.33,1,780069,779632,437
51880961,56.5374,54.8985,439,25032,0.568653,0.41,1,780134,779695,439
51883881,84.1075,82.9797,440,25117,0.617731,0.41,1,780225,779785,440
51886801,72.8215,72.5959,440,25201,0.643546,0.45,1,780295,779855,440
51889721,72.9643,71.3192,442,25285,0.744709,0.45,1,780368,779926,442
51892641,16.1929,15.8638,442,25369,0.732942,0.49,1,780370,779928,442
51895561,76.8386,75.1728,444,25453,0.778588,0.49,2,780462,780018,444
51898481,44.1677,15.0346,480,25536,0.851718,0.55,2,780498,780018,480
51901401,23.2335,29.4069,465,25619,0.866344,0.57,2,780516,780051,465
51904321,58.2467,20.2814,514,25702,0.885269,0.57,2,780583,780069,514
51907241,86.8493,56.0563,543,25784,0.873054,0.63,2,780677,780134,543
51910161,74.1699,84.0113,523,25866,0.902611,0.65,2,780748,780225,523
51913081,76.434,72.8023,530,25948,0.908522,0.77,2,780825,780295,530
51916001,16.8868,72.9605,459,26030,0.909704,0.73,2,780827,780368,459
51918921,79.3774,16.1921,552,26111,0.941941,0.79,2,780922,780370,552
51921841,47.8755,76.8384,500,26192,0.932388,0.87,2,780962,780462,500
51924761,23.9751,44.1677,482,26273,0.946478,0.87,2,780980,780498,482
52029881,31,20,520,29032,0.81,1,2,782925,782405,520
52032801,37.4,36,519,29105,0.714,1,1,782964,782445,519
52035721,63.48,33.6,556,29178,0.6308,1,1,783034,782478,556
52038641,83.896,66.72,570,29251,0.34216,1,1,783123,782553,570
52041561,69.5792,78.944,554,29323,0.268432,1,1,783189,782635,554
52044481,45.1158,80.5888,512,29395,0.205686,1,1,783228,782716,512
52047401,63.4232,41.7178,548,29467,0.113137,1,1,783296,782748,548
52050321,39.8846,72.3436,502,29539,0.126627,0.9,1,783330,782828,502
52053241,31.1769,43.2687,495,29611,0.0973255,0.93,1,783359,782864,495
52056161,27.0354,32.6537,491,29682,0.107465,0.81,1,783385,782894,491
52059081,31.8071,31.3307,493,29753,0.125493,0.69,1,783418,782925,493
52062001,59.1614,37.4662,520,29824,0.0810986,0.61,1,783484,782964,520
52064921,13.4323,63.4932,452,29895,0.0882197,0.27,1,783486,783034,452
52067841,61.0865,83.8986,436,29966,0.137644,0.25,1,783559,783123,436
52070761,64.2173,69.5797,435,30037,0.211529,0.19,1,783624,783189,435
52073681,39.2435,45.1159,429,30107,0.226306,0.09,1,783657,783228,429
52076601,59.0487,63.4232,425,30177,0.213261,0.13,1,783721,783296,425
52079521,40.6097,39.8846,427,30247,0.210652,0.09,1,783757,783330,427
52082441,31.3219,31.1769,427,30317,0.22613,0.11,1,783786,783359,427
52085361,27.0644,27.0354,427,30387,0.197226,0.13,1,783812,783385,427
52088281,33.4129,31.8071,429,30457,0.255445,0.07,1,783847,783418,429
52091201,59.4826,59.1614,429,30526,0.283089,0.09,1,783913,783484,429
52094121,13.4965,13.4323,429,30595,0.288618,0.15,1,783915,783486,429
52097041,61.0993,61.0865,429,30664,0.385724,0.23,1,783988,783559,429
52099961,65.8199,64.2173,431,30733,0.437145,0.23,1,784055,783624,431
52102881,39.564,39.2435,431,30802,0.479429,0.21,1,784088,783657,431
52105801,59.9128,59.0487,432,30871,0.471886,0.21,1,784153,783721,432
52108721,40.7826,40.6097,432,30940,0.486377,0.23,1,784189,783757,432
52111641,30.5565,31.3219,431,31008,0.489275,0.19,1,784217,783786,431
52114561,26.9113,27.0644,431,31076,0.489855,0.27,1,784243,783812,431
52117481,36.5823,33.4129,435,31144,0.505971,0.29,1,784282,783847,435
52120401,60.9165,59.4826,436,31212,0.573194,0.29,1,784349,783913,436
52123321,13.7833,13.4965,436,31280,0.586639,0.29,1,784351,783915,436
52126241,63.5567,2.6993,512,31348,0.685328,0.41,1,784427,783915,512
52129161,67.9113,58.9399,508,31415,0.721066,0.45,1,784496,783988,508
52132081,41.5823,65.388,476,31482,0.712213,0.49,1,784531,784055,476
52135001,61.1165,39.4776,509,31549,0.726443,0.47,1,784597,784088,509
52137921,41.8233,59.8955,481,31616,0.777288,0.49,2,784634,784153,481
52140841,30.7647,40.7791,473,31683,0.787458,0.49,2,784662,784189,473
52143761,26.9529,30.5558,471,31750,0.789491,0.49,2,784688,784217,471
52146681,38.1906,26.9112,486,31817,0.773898,0.51,2,784729,784243,486
52149601,64.4381,36.5822,518,31883,0.77078,0.59,2,784800,784282,518
52152521,14.4876,60.9164,453,31949,0.770156,0.59,2,784802,784349,453
52155441,67.6975,13.7833,532,32015,0.786031,0.71,2,784883,784351,532
52158361,69.5395,63.5567,526,32081,0.805206,0.73,2,784953,784427,526
52161281,41.1079,67.9113,491,32147,0.825041,0.71,2,784987,784496,491
52164201,61.8216,41.5823,523,32213,0.845008,0.73,2,785054,784531,523
52167121,44.3643,61.1165,497,32279,0.817002,0.79,2,785094,784597,497
52170041,31.2729,41.8233,488,32345,0.8114,0.79,2,785122,784634,488
52172961,27.0546,30.7647,486,32410,0.82628,0.79,2,785148,784662,486
52175881,35.8109,26.9529,498,32475,0.829256,0.77,2,785186,784688,498
52178801,67.9622,38.1906,533,32540,0.845851,0.77,2,785262,784729,533
52181721,15.1924,64.4381,464,32605,0.81717,0.77,2,785264,784800,464
52184641,66.2385,14.4876,541,32670,0.907434,0.79,2,785343,784802,541
52310201,32,86,505,35346,0.85,1,2,787187,786682,505
52313121,36.8,20.4,539,35406,0.786,1,2,787225,786686,539
52316041,67.36,58.48,546,35466,0.5652,1,1,787300,786754,546
52318961,41.472,74.096,503,35526,0.52104,1,1,787335,786832,503
52321881,34.6944,41.2192,503,35586,0.400208,1,1,787368,786865,503
52324801,46.1389,30.6438,524,35645,0.296042,1,1,787417,786893,524
52327721,12.4278,43.7288,481,35704,0.307208,1,1,787421,786940,481
52330641,32.8856,37.5458,483,35763,0.261442,1,1,787459,786976,483
52333561,37.7771,41.9092,479,35822,0.220288,0.95,1,787498,787019,479
52336481,40.3554,35.5818,486,35881,0.100058,0.95,1,787539,787053,486
52339401,28.8711,33.5164,479,35940,0.0600115,0.84,1,787565,787086,479
52342321,47.3742,61.9033,462,35999,0.0680023,0.85,1,787617,787155,462
52345241,31.0748,37.9807,457,36058,0.0696005,0.77,1,787644,787187,457
52348161,35.815,37.9961,456,36117,0.0699201,0.51,1,787681,787225,456
52351081,59.163,67.5992,446,36176,0.053984,0.51,1,787746,787300,446
52354001,37.4326,41.5198,443,36234,0.0507968,0.37,1,787778,787335,443
52356921,33.0865,34.704,442,36292,0.0501594,0.27,1,787810,787368,442
52359841,40.2173,46.1408,435,36350,0.0980319,0.31,1,787852,787417,435
52362761,11.2435,12.4282,435,36408,0.139606,0.25,1,787856,787421,435
52365681,31.8487,32.8856,434,36466,0.227921,0.21,1,787893,787459,434
52368601,32.7697,37.7771,428,36524,0.213584,0.07,1,787926,787498,428
52371521,36.1539,40.3554,424,36582,0.226717,0.05,1,787963,787539,424
52374441,28.0308,28.8711,424,36640,0.229343,0.07,1,787989,787565,424
52377361,45.6062,47.3742,422,36698,0.229869,0.07,1,788039,787617,422
52380281,32.3212,31.0748,424,36756,0.213974,0.07,1,788068,787644,424
52383201,35.2642,35.815,423,36813,0.194795,0.05,1,788104,787681,423
52386121,58.2528,59.163,422,36870,0.238959,0.05,1,788168,787746,422
52389041,37.2506,37.4326,422,36927,0.247792,0.05,1,788200,787778,422
52391961,34.6501,33.0865,424,36984,0.249558,0.11,1,788234,787810,424
52394881,42.93,40.2173,427,37041,0.281912,0.15,1,788279,787852,427
52397801,11.786,11.2435,427,37098,0.320382,0.25,1,788283,787856,427
52400721,35.9572,31.8487,432,37155,0.392076,0.25,1,788325,787893,432
52403641,32.7914,6.36974,464,37212,0.390415,0.21,1,788357,787893,464
52406561,35.3583,27.6739,467,37269,0.406083,0.23,1,788393,787926,467
52409481,29.4717,35.1348,458,37326,0.441217,0.23,1,788421,787963,458
52412401,44.2943,27.827,480,37383,0.464243,0.23,1,788469,787989,480
52415321,33.6589,45.5654,461,37440,0.468849,0.21,1,788500,788039,461
52418241,33.9318,32.3131,466,37496,0.51777,0.19,1,788534,788068,466
52421161,60.3864,35.2626,497,37552,0.559554,0.25,1,788601,788104,497
52424081,36.0773,58.2525,463,37608,0.583911,0.25,1,788631,788168,463
52427001,36.8155,37.2505,468,37664,0.604782,0.25,1,788668,788200,468
52429921,44.9631,34.6501,481,37720,0.640956,0.29,1,788715,788234,481
52432841,12.9926,42.93,441,37776,0.632191,0.33,1,788720,788279,441
52435761,37.7985,11.786,481,37832,0.598438,0.41,1,788764,788283,481
52438681,33.9597,35.9572,472,37888,0.591688,0.39,1,788797,788325,472
52441601,36.3919,32.7914,477,37944,0.574338,0.41,1,788834,788357,477
52444521,32.0784,35.3583,472,38000,0.602867,0.45,1,788865,788393,472
52447441,44.8157,29.4717,492,38056,0.608573,0.47,1,788913,788421,492
52450361,35.3631,44.2943,477,38112,0.609715,0.47,1,788946,788469,477
52453281,35.0726,33.6589,481,38167,0.625943,0.53,1,788981,788500,481
52456201,63.0145,33.9318,517,38222,0.661189,0.57,1,789051,788534,517
52459121,36.6029,60.3864,480,38277,0.636238,0.59,1,789081,788601,480
52462041,37.7206,36.0773,488,38332,0.631248,0.61,1,789119,788631,488
52464961,45.1441,36.8155,498,38387,0.646249,0.65,1,789166,788668,498
52467881,12.2288,44.9631,455,38442,0.64925,0.63,1,789170,788715,455
52470801,38.4458,12.9926,495,38497,0.64985,0.59,1,789215,788720,495
52473721,33.2892,37.7985,483,38552,0.66597,0.59,1,789247,788764,483
52476641,35.4578,33.9597,486,38607,0.685194,0.57,1,789283,788797,486
52479561,8.69157,36.3919,451,38662,0.689039,0.61,1,789285,788834,451
52482481,26.5383,32.0784,451,38717,0.737808,0.61,1,789316,788865,451
52485401,44.5077,44.8157,452,38772,0.731562,0.61,1,789365,788913,452
52488321,35.3015,35.3631,452,38826,0.714312,0.63,1,789398,788946,452
52491241,35.8603,35.0726,453,38880,0.710862,0.67,1,789434,788981,453
52494161,63.1721,63.0145,453,38934,0.710172,0.63,1,789504,789051,453
52497081,36.6344,36.6029,453,38988,0.726034,0.63,1,789534,789081,453
52500001,37.7269,37.7206,453,39042,0.745207,0.65,1,789572,789119,453
52502921,45.9454,45.1441,454,39096,0.717041,0.65,1,789620,789166,454
52505841,12.3891,12.2288,454,39150,0.711408,0.65,1,789624,789170,454
52508761,38.4778,38.4458,454,39204,0.742282,0.67,1,789669,789215,454
52511681,34.8956,33.2892,456,39258,0.764456,0.69,2,789703,789247,456
52514601,37.3791,35.4578,458,39312,0.816891,0.69,2,789741,789283,458
52517521,9.07582,8.69157,458,39366,0.827378,0.75,2,789743,789285,458
52520441,25.8152,26.5383,457,39420,0.845476,0.73,2,789773,789316,457
52523361,43.563,44.5077,456,39474,0.849095,0.71,2,789821,789365,456
52526281,34.3126,35.3015,455,39528,0.897819,0.71,2,789853,789398,455
52529201,35.6625,35.8603,455,39581,0.891564,0.71,2,789889,789434,455
52660601,28,19,496,41914,0.75,1,2,791535,791039,496
52663521,33.6,30.2,498,41964,0.702,1,1,791570,791072,498
52666441,31.52,30.84,498,42014,0.6284,1,1,791601,791103,498
52669361,29.504,42.168,482,42064,0.59768,1,1,791630,791148,482
52672281,24.3008,25.2336,484,42114,0.527536,1,1,791653,791169,484
52675201,36.8602,30.6467,492,42164,0.273507,1,1,791693,791201,492
52678121,24.172,26.1293,488,42214,0.174701,1,1,791714,791226,488
52681041,30.4344,28.4259,491,42264,0.10694,1,1,791746,791255,491
52683961,19.6869,21.6852,488,42314,0.0453881,1,1,791763,791275,488
52686881,25.5374,32.337,480,42364,0.0810776,1,1,791790,791310,480
52689801,57.9075,60.8674,478,42414,0.0562155,1,1,791856,791378,478
52692721,30.7815,38.5735,469,42464,0.0512431,0.88,1,791880,791411,469
52695641,30.1563,34.1147,466,42514,0.0502486,0.85,1,791910,791444,466
52698561,53.2313,57.2229,462,42564,0.0500497,0.75,1,791969,791507,462
52701481,30.6463,33.8446,459,42614,0.0340099,0.69,1,791994,791535,459
52704401,29.3293,34.7689,453,42664,0.00680199,0.61,1,792023,791570,453
52707321,27.4659,31.7538,449,42713,0.0093604,0.59,1,792050,791601,449
52710241,25.4932,29.5508,445,42762,0.0258721,0.51,1,792075,791630,445
52713161,21.0986,24.3102,442,42811,0.0611744,0.21,1,792095,791653,442
52716081,29.8197,36.862,434,42860,0.0682349,0.15,1,792127,791693,434
52719001,20.3639,24.1724,431,42909,0.085647,0.09,1,792145,791714,431
52721921,24.0728,30.4345,424,42958,0.0891294,0.03,1,792170,791746,424
52724841,16.8146,19.6869,422,43007,0.0418259,0.03,1,792185,791763,422
52727761,25.7629,3.93738,450,43056,0.0643652,0.09,1,792213,791763,450
52730681,56.3526,22.3875,487,43105,0.068873,0.05,1,792277,791790,487
52733601,30.4705,57.2775,445,43154,0.0377746,0.05,1,792301,791856,445
52736521,30.8941,30.6555,452,43203,0.00755492,0.05,1,792332,791880,452
52739441,53.3788,30.1311,481,43252,0.105511,0.05,1,792391,791910,481
52742361,29.8758,53.2262,446,43301,0.189102,0.03,1,792415,791969,446
52745281,29.9752,30.6452,451,43350,0.0778204,0,1,792445,791994,451
52748201,27.595,29.329,449,43399,0.0715641,0.01,1,792472,792023,449
52751121,26.319,27.4658,448,43448,0.0543128,0.03,1,792498,792050,448
52754041,21.2638,25.4932,443,43497,0.0668626,0.07,1,792518,792075,443
52756961,28.2528,21.0986,453,43546,0.0693725,0.07,1,792548,792095,453
52759881,21.6506,29.8197,441,43594,0.101875,0.09,1,792568,792127,441
52762801,24.3301,20.3639,448,43642,0.0923749,0.09,1,792593,792145,448
52765721,16.066,24.0728,437,43690,0.138475,0.03,1,792607,792170,437
52768641,28.8132,16.8146,454,43738,0.163695,0.07,1,792639,792185,454
52771561,56.9626,25.7629,490,43786,0.136739,0.07,1,792703,792213,490
52774481,27.3925,56.3526,446,43834,0.147348,0.03,1,792723,792277,446
52777401,31.0785,30.4705,454,43882,0.0534696,0,1,792755,792301,454
52780321,58.2157,30.8941,488,43930,0.0506939,0.13,1,792820,792332,488
52783241,32.4431,53.3788,455,43978,0.0501388,0.21,1,792846,792391,455
52786161,24.0886,29.8758,453,44026,0.0500278,0.05,1,792868,792415,453
52789081,28.8177,29.9752,453,44074,0.0500056,0.07,1,792898,792445,453
52792001,26.5635,27.595,452,44122,0.0500011,0.05,1,792924,792472,452
52794921,21.3127,26.319,446,44170,0.0660002,0.07,1,792944,792498,446
52797841,27.4625,21.2638,455,44218,0.1012,0.07,1,792973,792518,455
52800761,22.2925,28.2528,446,44266,0.15624,0.11,1,792994,792548,446
52803681,26.0585,21.6506,453,44314,0.151248,0.09,1,793021,792568,453
52806601,16.4117,24.3301,442,44362,0.15025,0.15,1,793035,792593,442
52809521,28.0823,16.066,459,44410,0.13405,0.17,1,793066,792607,459
52812441,56.8165,28.8132,491,44457,0.19481,0.13,1,793130,792639,491
52815361,12.9633,56.9626,429,44504,0.206962,0.15,1,793132,792703,429
52818281,18.5927,27.3925,429,44551,0.241392,0.03,1,793152,792723,429
52821201,25.3185,31.0785,424,44598,0.200278,0.05,1,793179,792755,424
52824121,57.0637,58.2157,424,44645,0.144056,0.05,1,793244,792820,424
52827041,32.2127,32.4431,424,44692,0.132811,0.05,1,793270,792846,424
52829961,24.0425,24.0886,424,44739,0.146562,0.05,1,793292,792868,424
52832881,28.8085,28.8177,424,44786,0.117312,0.05,1,793322,792898,424
52835801,26.5617,26.5635,424,44833,0.159462,0.07,1,793348,792924,424
52838721,22.1123,21.3127,425,44880,0.167893,0.11,1,793369,792944,425
52841641,29.2225,27.4625,427,44927,0.121578,0.17,1,793400,792973,427
52844561,25.0445,22.2925,430,44974,0.176316,0.15,1,793424,792994,430
52847481,25.8089,26.0585,429,45021,0.235263,0.15,1,793450,793021,429
52850401,16.3618,16.4117,429,45068,0.247053,0.13,1,793464,793035,429
52853321,27.2724,28.0823,428,45115,0.281411,0.21,1,793494,793066,428
52856241,59.8545,56.8165,432,45162,0.336282,0.21,1,793562,793130,432
52859161,13.5709,12.9633,432,45209,0.347256,0.25,1,793564,793132,432
52862081,18.7142,18.5927,432,45256,0.349451,0.19,1,793584,793152,432
52865001,22.9428,25.3185,429,45303,0.36589,0.13,1,793608,793179,429
52867921,54.1886,57.0637,426,45350,0.337178,0.13,1,793670,793244,426
52870841,31.6377,32.2127,426,45397,0.379436,0.15,1,793696,793270,426
52873761,24.7275,24.0425,427,45443,0.387887,0.11,1,793719,793292,427
52876681,28.9455,28.8085,427,45489,0.421577,0.17,1,793749,793322,427
52879601,28.1891,26.5617,429,45535,0.428316,0.17,1,793777,793348,429
52882521,21.6378,22.1123,428,45581,0.429663,0.11,1,793797,793369,428
52885441,28.3276,29.2225,427,45627,0.429933,0.19,1,793827,793400,427
52888361,27.2655,25.0445,430,45673,0.461987,0.25,1,793854,793424,430
52891281,27.8531,25.8089,432,45719,0.484397,0.25,1,793882,793450,432
52894201,17.5706,16.3618,433,45765,0.472879,0.29,1,793897,793464,433
52897121,28.3141,27.2724,434,45811,0.470576,0.35,1,793928,793494,434
52900041,62.4628,59.8545,437,45857,0.534115,0.35,1,793999,793562,437
52902961,14.0926,13.5709,437,45903,0.546823,0.35,1,794001,793564,437
52905881,18.8185,18.7142,437,45949,0.581365,0.35,1,794021,793584,437
52908801,22.9637,3.74284,461,45995,0.588273,0.37,1,794045,793584,461
52911721,54.1927,19.9486,499,46041,0.589655,0.33,1,794107,793608,499
52914641,33.2385,53.5897,465,46087,0.589931,0.39,1,794135,793670,465
52917561,25.8477,31.5179,463,46133,0.621986,0.39,1,794159,793696,463
52920481,29.1695,24.7036,470,46179,0.628397,0.43,1,794189,793719,470
52923401,29.8339,28.9407,470,46225,0.645679,0.43,1,794219,793749,470
52926321,21.9668,28.1881,462,46271,0.665136,0.43,1,794239,793777,462
52929241,28.3934,21.6376,472,46317,0.669027,0.43,1,794269,793797,472
52932161,27.2787,28.3275,469,46363,0.685805,0.47,1,794296,793827,469
52935081,28.6557,27.2655,471,46408,0.689161,0.49,1,794325,793854,471
52938001,18.5311,27.8531,459,46453,0.705832,0.47,1,794341,793882,459
52940921,28.5062,17.5706,475,46498,0.741166,0.47,1,794372,793897,475
52943841,66.5012,28.3141,520,46543,0.748233,0.55,1,794448,793928,520
52946761,14.9002,62.4628,451,46588,0.749647,0.55,1,794450,793999,451
52949681,19.7801,14.0926,470,46633,0.765929,0.59,2,794471,794001,470
52952601,23.156,18.8185,474,46678,0.769186,0.59,2,794495,794021,474
52955521,54.2312,22.9637,512,46723,0.785837,0.59,2,794557,794045,512
52958441,34.8462,54.1927,480,46768,0.805167,0.59,2,794587,794107,480
52961361,26.1692,33.2385,476,46813,0.809034,0.63,2,794611,794135,476
52964281,29.2338,25.8477,482,46858,0.825807,0.63,2,794641,794159,482
52967201,30.6468,29.1695,483,46903,0.813161,0.65,2,794672,794189,483
52970121,22.9294,29.8339,474,46948,0.794632,0.67,2,794693,794219,474
52973041,28.5859,21.9668,484,46993,0.790926,0.67,2,794723,794239,484
52975961,28.1172,28.3934,482,47038,0.790185,0.69,2,794751,794269,482
52978881,28.8234,27.2787,484,47083,0.790037,0.69,2,794780,794296,484
52981801,19.3647,28.6557,472,47128,0.806007,0.71,2,794797,794325,472
52984721,30.2729,18.5311,489,47173,0.793201,0.75,2,794830,794341,489
52987641,68.4546,28.5062,536,47218,0.82264,0.75,2,794908,794372,536
52990561,15.2909,66.5012,462,47263,0.828528,0.75,2,794910,794448,462
52993481,19.0582,14.9002,480,47308,0.861706,0.77,2,794930,794450,480
52996401,23.0116,19.7801,483,47353,0.884341,0.77,2,794954,794471,483
52999321,6.20233,23.156,461,47398,0.888868,0.79,2,794956,794495,461
53011001,31,30,463,47574,0.89,0.81,2,795104,794641,463
53013921,30.2,30.8,462,47618,0.89,0.79,2,795134,794672,462
53016841,22.04,22.96,461,47662,0.922,0.79,2,795154,794693,461
53028521,18,17,462,47838,0.95,0.79,2,795259,794797,462
53031441,30,29.8,462,47882,0.934,0.83,2,795292,794830,462
53189121,33,24,534,50203,0.79,1,2,796946,796412,534
53192041,25,31.2,524,50245,0.742,1,1,796969,796445,524
53194961,32.2,31.04,527,50287,0.7004,1,1,797003,796476,527
53197881,28.04,23.808,532,50329,0.72408,1,1,797030,796498,532
53200801,20.008,21.5616,529,50371,0.664816,1,1,797048,796519,529
53203721,9.6016,27.5123,507,50413,0.604963,1,1,797055,796548,507
53206641,25.9203,32.7025,503,50455,0.544993,1,1,797085,796582,503
53209561,29.9841,26.5405,509,50497,0.404999,1,1,797116,796607,509
53212481,29.9968,22.9081,517,50539,0.393,1,1,797146,796629,517
53215401,22.7994,24.5816,513,50581,0.3586,1,1,797167,796654,513
53218321,11.7599,32.1163,488,50623,0.31972,1,1,797176,796688,488
53221241,21.552,28.8233,484,50665,0.311944,1,1,797200,796716,484
53224161,46.7104,53.7647,477,50707,0.230389,1,1,797253,796776,477
53227081,35.7421,40.3529,473,50749,0.246078,0.93,1,797286,796813,473
53230001,30.3484,35.2706,468,50791,0.233216,0.87,1,797315,796847,468
53232921,33.2697,33.4541,469,50832,0.182643,0.85,1,797349,796880,469
53235841,27.4539,33.0908,462,50873,0.140529,0.79,1,797375,796913,462
53238761,28.6908,33.0182,458,50914,0.164106,0.73,1,797404,796946,458
53241681,24.1382,25.0036,458,50955,0.120821,0.69,1,797427,796969,458
53244601,32.0276,32.2007,458,50996,0.176164,0.73,1,797461,797003,458
53247521,25.6055,28.0401,455,51037,0.235233,0.65,1,797485,797030,455
53250441,16.3211,20.008,451,51078,0.247047,0.59,1,797499,797048,451
53253361,7.26422,9.60161,449,51119,0.265409,0.53,1,797504,797055,449
53256281,24.6528,25.9203,448,51160,0.237082,0.37,1,797533,797085,448
53259201,27.3306,29.9841,445,51201,0.263416,0.39,1,797561,797116,445
53262121,25.4661,29.9968,440,51242,0.252683,0.35,1,797586,797146,440
53265041,20.2932,22.7994,438,51283,0.266537,0.31,1,797605,797167,438
53267961,9.65864,11.7599,436,51324,0.253307,0.31,1,797612,797176,436
53270881,19.5317,21.552,434,51365,0.330661,0.21,1,797634,797200,434
53273801,44.7063,46.7104,432,51406,0.330132,0.25,1,797685,797253,432
53276721,33.7413,35.7421,430,51447,0.314026,0.23,1,797716,797286,430
53279641,28.3483,30.3484,428,51488,0.342805,0.17,1,797743,797315,428
53282561,34.4697,33.2697,430,51529,0.348561,0.13,1,797779,797349,430
53285481,25.2939,27.4539,427,51570,0.381712,0.17,1,797802,797375,427
53288401,29.0588,28.6908,428,51611,0.388342,0.11,1,797832,797404,428
53291321,24.2118,24.1382,428,51652,0.373668,0.19,1,797855,797427,428
53294241,33.6424,32.0276,430,51693,0.450734,0.25,1,797891,797461,430
53297161,29.1285,25.6055,434,51734,0.466147,0.25,1,797919,797485,434
53300081,15.4257,16.3211,432,51775,0.485229,0.25,1,797931,797499,432
53303001,7.88514,3.26422,438,51816,0.521046,0.27,1,797937,797499,438
53305921,22.377,4.65284,459,51857,0.496209,0.23,1,797963,797504,459
53308841,28.4754,24.1306,460,51898,0.491242,0.27,1,797993,797533,460
53311761,26.4951,27.2261,458,51939,0.490248,0.25,1,798019,797561,458
53314681,19.699,25.4452,451,51980,0.49005,0.27,1,798037,797586,451
53317601,11.1398,20.289,441,52021,0.49001,0.25,1,798046,797605,441
53320521,21.428,9.65781,458,52061,0.522002,0.35,1,798070,797612,458
53323441,45.8856,19.5316,488,52101,0.5284,0.33,1,798122,797634,488
53326361,33.9771,44.7063,468,52141,0.52968,0.31,1,798153,797685,468
53329281,27.5954,33.7413,463,52181,0.561936,0.35,1,798179,797716,463
53332201,35.9191,28.3483,474,52221,0.584387,0.35,1,798217,797743,474
53335121,25.5838,34.4697,461,52261,0.572877,0.39,1,798240,797779,461
53338041,29.1168,25.2939,468,52301,0.586576,0.39,1,798270,797802,468
53340961,25.8234,29.0588,463,52341,0.573315,0.37,1,798295,797832,463
53343881,35.5647,24.2118,478,52381,0.570663,0.47,1,798333,797855,478
53346801,31.9129,33.6424,473,52421,0.570133,0.47,1,798364,797891,473
53349721,15.9826,29.1285,457,52461,0.538027,0.49,1,798376,797919,457
53352641,7.99652,15.4257,451,52501,0.531605,0.53,1,798382,797931,451
53355561,22.3993,7.88514,471,52541,0.578321,0.49,1,798408,797937,471
53358481,28.4799,22.377,475,52581,0.603664,0.49,1,798438,797963,475
53361401,26.496,28.4754,471,52621,0.608733,0.49,1,798464,797993,471
53364321,20.4992,26.4951,464,52661,0.625747,0.49,1,798483,798019,464
53367241,10.4998,19.699,454,52701,0.597149,0.49,1,798491,798037,454
53370161,22.9,11.1398,471,52741,0.60743,0.53,1,798517,798046,471
53373081,46.18,21.428,499,52781,0.625486,0.53,1,798569,798070,499
53376001,35.636,45.8856,480,52821,0.629097,0.53,1,798602,798122,480
53378921,27.9272,33.9771,475,52861,0.629819,0.57,1,798628,798153,475
53381841,36.7854,27.5954,488,52901,0.645964,0.59,1,798667,798179,488
53384761,25.7571,35.9191,473,52941,0.633193,0.57,1,798690,798217,473
53387681,29.1514,25.5838,480,52981,0.662639,0.59,1,798720,798240,480
53390601,25.0303,29.1168,474,53021,0.668528,0.57,1,798744,798270,474
53393521,36.2061,25.8234,488,53061,0.717706,0.57,1,798783,798295,488
53396441,29.6412,35.5647,478,53101,0.711541,0.57,1,798811,798333,478
53399361,15.5282,31.9129,459,53141,0.710308,0.53,1,798823,798364,459
53402281,7.90565,15.9826,453,53181,0.710062,0.53,1,798829,798376,453
53405201,24.7811,7.99652,476,53221,0.742012,0.59,1,798858,798382,476
53408121,6.55623,22.3993,452,53261,0.748402,0.61,1,798860,798408,452
53411041,25.3112,28.4799,452,53301,0.81368,0.61,2,798890,798438,452
53413961,25.8622,26.496,452,53340,0.826736,0.63,2,798916,798464,452
53416881,19.5725,20.4992,451,53379,0.845347,0.59,2,798934,798483,451
53419801,10.3145,10.4998,451,53418,0.849069,0.61,2,798942,798491,451
53422721,23.6629,22.9,452,53457,0.833814,0.63,2,798969,798517,452
53425641,47.1326,46.18,453,53496,0.846763,0.63,2,799022,798569,453
53428561,35.8265,35.636,453,53535,0.833353,0.63,2,799055,798602,453
53431481,28.7653,27.9272,454,53574,0.814671,0.65,2,799082,798628,454
53434401,36.9531,36.7854,454,53613,0.778934,0.63,2,799121,798667,454
53437321,26.5906,25.7571,455,53652,0.819787,0.67,2,799145,798690,455
53440241,29.3181,29.1514,455,53691,0.827957,0.67,2,799175,798720,455
53443161,25.8636,25.0303,456,53730,0.829591,0.73,2,799200,798744,456
53446081,36.3727,36.2061,456,53769,0.845918,0.71,2,799239,798783,456
53449001,30.4745,29.6412,457,53808,0.865184,0.71,2,799268,798811,457
53451921,15.6949,15.5282,457,53847,0.869037,0.71,2,799280,798823,457
53454841,7.93898,7.90565,457,53886,0.885807,0.75,2,799286,798829,457
53695741,62,63,499,26441,0.35,0.71,1,801543,801044,499
53698661,58,67,488,26521,0.398,0.69,1,801600,801112,488
53701581,42,57.4,471,26601,0.3916,0.49,1,801638,801167,471
53704501,59.6,65.88,467,26681,0.40632,0.35,1,801702,801235,467
53707421,58.32,57.176,470,26760,0.441264,0.29,1,801760,801290,470
53710341,46.864,73.8352,436,26839,0.512253,0.25,1,801804,801368,436
53713261,33.3728,29.167,448,26918,0.542451,0.23,1,801834,801386,448
53716181,18.6746,17.8334,448,26997,0.53249,0.35,1,801849,801401,448
53719101,58.9349,67.5667,437,27075,0.610498,0.35,1,801918,801481,437
53722021,61.387,63.1133,437,27153,0.5941,0.41,1,801980,801543,437
53724941,61.8774,58.2227,442,27231,0.63882,0.39,1,802042,801600,442
53727861,42.7755,42.0445,442,27309,0.647764,0.41,1,802080,801638,442
53730781,59.7551,59.6089,442,27387,0.681553,0.45,1,802144,801702,442
53733701,61.551,58.3218,446,27464,0.704311,0.53,1,802206,801760,446
53736621,49.1102,46.8644,448,27541,0.692862,0.55,1,802252,801804,448
53739541,34.622,33.3729,449,27618,0.738572,0.53,1,802283,801834,449
53742461,18.1244,18.6746,448,27695,0.715715,0.63,1,802297,801849,448
53745381,61.2249,58.9349,451,27771,0.775143,0.59,2,802369,801918,451
53748301,61.845,61.387,451,27847,0.787029,0.65,2,802431,801980,451
53751221,63.569,61.8774,453,27923,0.757406,0.65,2,802495,802042,453
53754141,43.9138,42.7755,454,27999,0.719481,0.69,1,802534,802080,454
53757061,59.9828,59.7551,454,28075,0.743896,0.71,1,802598,802144,454
53759981,63.1966,61.551,456,28150,0.780779,0.69,2,802662,802206,456
53762901,49.4393,49.1102,456,28225,0.820156,0.75,2,802708,802252,456
53765821,35.4879,34.622,457,28300,0.828031,0.71,2,802740,802283,457
53768741,19.0976,18.1244,458,28375,0.813606,0.71,2,802755,802297,458
53771661,61.4195,3.62488,530,28450,0.842721,0.79,2,802827,802297,530
53774581,61.8839,58.325,520,28524,0.864544,0.79,2,802889,802369,520
53777501,61.9768,61.265,520,28598,0.884909,0.75,2,802951,802431,520
53780421,43.5954,63.453,495,28672,0.888982,0.71,2,802990,802495,495
53783341,61.5191,43.8906,522,28746,0.905796,0.75,2,803056,802534,522
53786261,63.5038,59.9781,522,28820,0.925159,0.79,2,803120,802598,522
53789181,52.7008,63.1956,508,28893,0.929032,0.83,2,803170,802662,508
53792101,34.5402,49.4391,492,28966,0.929806,0.83,2,803200,802708,492
53795021,20.508,35.4878,477,29039,0.913961,0.81,2,803217,802740,477
53888461,55,34,498,31287,0.59,1,1,804852,804354,498
53891381,39,6.8,533,31355,0.59,1,1,804887,804354,533
53894301,32.6,23.76,536,31422,0.606,1,1,804918,804382,536
53897221,49.72,39.952,546,31489,0.5612,1,1,804972,804426,546
53900141,43.544,60.7904,522,31556,0.63224,1,1,805014,804492,522
53903061,63.9088,56.1581,536,31623,0.614448,0.89,1,805083,804547,536
53905981,41.5818,65.6316,504,31690,0.59489,0.99,1,805119,804615,504
53908901,35.5164,41.9263,502,31757,0.638978,0.93,1,805153,804651,502
53911821,34.3033,35.5853,502,31824,0.615796,0.89,1,805187,804685,502
53914741,62.0607,42.3171,527,31890,0.643159,0.75,1,805256,804729,527
53917661,54.0121,62.8634,511,31956,0.712632,0.59,1,805308,804797,511
53920581,38.0024,56.5727,490,32022,0.726526,0.59,1,805342,804852,490
53923501,30.8005,39.3145,484,32088,0.777305,0.61,2,805371,804887,484
53926421,46.1601,32.6629,503,32154,0.803461,0.55,2,805421,804918,503
53929341,44.432,49.7326,493,32220,0.808692,0.65,2,805465,804972,493
53932261,62.4864,43.5465,518,32286,0.841738,0.61,2,805532,805014,518
53935181,42.0973,63.9093,486,32352,0.864348,0.59,2,805569,805083,486
53938101,36.4195,41.5819,485,32417,0.88487,0.65,2,805604,805119,485
53941021,34.4839,35.5164,485,32482,0.904974,0.61,2,805638,805153,485
54113301,35,37,479,36122,0.61,1,1,808175,807696,479
54116221,63.8,58.6,486,36181,0.354,1,1,808246,807760,486
54119141,39.96,35.72,490,36239,0.2228,1,1,808280,807790,490
54122061,31.192,32.744,487,36297,0.26056,0.95,1,808309,807822,487
54124981,38.2384,30.5488,497,36355,0.140112,1,1,808349,807852,497
54127901,34.8477,20.5098,513,36413,0.0520224,1,1,808383,807870,513
54130821,23.7695,37.702,492,36471,0.146404,1,1,808404,807912,492
54133741,27.1539,36.3404,484,36529,0.0852809,1,1,808432,807948,484
54136661,51.8308,60.0681,476,36587,0.0730562,1,1,808490,808014,476
54139581,36.7662,43.2136,470,36645,0.102611,0.82,1,808523,808053,470
54142501,37.7532,44.6427,463,36703,0.0765222,0.73,1,808561,808098,463
54145421,33.1506,42.5285,453,36761,0.0233044,0.61,1,808593,808140,453
54148341,33.0301,36.5057,451,36818,0.0606609,0.29,1,808626,808175,451
54151261,55.406,64.1011,441,36875,0.0841322,0.19,1,808687,808246,441
54154181,35.0812,40.0202,437,36932,0.0888264,0.27,1,808717,808280,437
54157101,24.6162,31.204,430,36989,0.0577653,0.11,1,808739,808309,430
54160021,32.1232,38.2408,424,37046,0.0355531,0.03,1,808773,808349,424
54162941,36.0246,34.8482,427,37103,0.0151106,0.17,1,808810,808383,427
54165861,24.8049,23.7696,428,37160,0.0430221,0.17,1,808832,808404,428
54168781,24.161,4.75393,452,37217,0.0326044,0.07,1,808856,808404,452
54171701,49.6322,23.3508,480,37274,0.0305209,0.07,1,808912,808432,480
54174621,37.1264,51.0702,456,37331,0.0781042,0.11,1,808946,808490,456
54177541,37.0253,36.614,460,37388,0.0876208,0.07,1,808983,808523,460
54180461,33.8051,37.7228,455,37445,0.0735242,0.01,1,809016,808561,455
54183381,32.361,33.1446,455,37501,0.0387048,0.07,1,809048,808593,455
54186301,56.0722,33.0289,484,37557,0.079741,0.09,1,809110,808626,484
54189221,35.2144,55.4058,453,37613,0.103948,0.09,1,809140,808687,453
54192141,23.0429,35.0812,443,37669,0.10879,0.05,1,809160,808717,443
54195061,34.2086,24.6162,458,37725,0.141758,0.03,1,809197,808739,458
54197981,34.0417,32.1232,458,37781,0.148352,0.01,1,809231,808773,458
54200901,24.4083,36.0246,443,37837,0.10167,0.05,1,809253,808810,443
54203821,25.6817,24.8049,447,37893,0.0763341,0.03,1,809279,808832,447
54206741,49.9363,24.161,479,37949,0.119267,0.03,1,809335,808856,479
54209661,38.7873,49.6322,459,38005,0.111853,0.09,1,809371,808912,459
54212581,37.3575,37.1264,462,38061,0.126371,0.09,1,809408,808946,462
54215501,33.0715,37.0253,457,38117,0.129274,0.07,1,809440,808983,457
54218421,32.2143,33.8051,456,38172,0.145855,0.03,1,809472,809016,456
54221341,56.8429,32.361,487,38227,0.165171,0.09,1,809535,809048,487
54224261,36.1686,56.0722,456,38282,0.201034,0.11,1,809566,809110,456
54227181,23.2337,35.2144,446,38337,0.240207,0.11,1,809586,809140,446
54230101,35.8467,23.0429,465,38392,0.264041,0.15,1,809625,809160,465
54233021,32.7693,34.2086,460,38447,0.284808,0.15,1,809657,809197,460
54235941,23.3539,34.0417,447,38502,0.272962,0.09,1,809678,809231,447
54238861,24.6708,24.4083,450,38557,0.286592,0.07,1,809703,809253,450
54241781,50.5342,25.6817,481,38612,0.321318,0.13,1,809760,809279,481
54244701,11.7068,49.9363,427,38667,0.328264,0.11,1,809762,809335,427
54247621,31.1414,38.7873,427,38722,0.393653,0.13,1,809798,809371,427
54250541,36.6283,37.3575,428,38777,0.438731,0.13,1,809836,809408,428
54253461,33.7257,33.0715,429,38831,0.447746,0.15,1,809869,809440,429
54256381,32.3451,32.2143,429,38885,0.481549,0.17,1,809901,809472,429
54259301,58.469,56.8429,431,38939,0.48831,0.21,1,809966,809535,431
54262221,38.0938,36.1686,433,38993,0.521662,0.25,1,809999,809566,433
54265141,24.4188,23.2337,434,39047,0.544332,0.27,1,810020,809586,434
54268061,36.8838,35.8467,435,39101,0.548866,0.29,1,810060,809625,435
54270981,33.7767,32.7693,436,39155,0.597773,0.27,1,810093,809657,436
54273901,22.7553,23.3539,435,39209,0.591555,0.29,1,810113,809678,435
54276821,25.3511,24.6708,436,39263,0.622311,0.33,1,810139,809703,436
54279741,52.2702,50.5342,438,39317,0.596462,0.33,1,810198,809760,438
54282661,12.054,11.7068,438,39371,0.591292,0.41,1,810200,809762,438
54285581,33.6108,31.1414,441,39425,0.606258,0.45,1,810239,809798,441
54288501,37.9222,36.6283,442,39479,0.641252,0.45,1,810278,809836,442
54291421,35.5844,33.7257,444,39532,0.63225,0.49,1,810313,809869,444
54294341,32.7169,32.3451,444,39585,0.63045,0.49,1,810345,809901,444
54297261,60.9434,58.469,447,39638,0.64609,0.53,1,810413,809966,447
54300181,39.3887,38.0938,448,39691,0.649218,0.55,1,810447,809999,448
54303101,25.4777,24.4188,449,39744,0.649844,0.55,1,810469,810020,449
54306021,37.8955,36.8838,450,39797,0.665969,0.61,1,810510,810060,450
54308941,34.7791,33.7767,451,39850,0.685194,0.59,1,810544,810093,451
54311861,22.9558,22.7553,451,39903,0.689039,0.63,1,810564,810113,451
54314781,25.3912,25.3511,451,39956,0.657808,0.59,1,810590,810139,451
54317701,52.2782,52.2702,451,40009,0.683562,0.59,1,810649,810198,451
54320621,12.0556,12.054,451,40062,0.688712,0.59,1,810651,810200,451
54323541,33.6111,2.41081,490,40115,0.673742,0.61,1,810690,810200,490
54326461,37.9222,31.6822,490,40168,0.670749,0.65,1,810729,810239,490
54329381,36.3844,37.5364,487,40221,0.70215,0.63,1,810765,810278,487
54332301,32.8769,35.5073,484,40273,0.74043,0.63,1,810797,810313,484
54335221,60.1754,32.7015,519,40325,0.748086,0.65,1,810864,810345,519
54338141,39.2351,60.9403,485,40377,0.749617,0.65,1,810898,810413,485
54341061,25.447,39.3881,473,40429,0.765923,0.65,2,810920,810447,473
54343981,41.0894,25.4776,496,40481,0.721185,0.67,1,810965,810469,496
54346901,33.8179,37.8955,487,40533,0.712237,0.69,1,810997,810510,487
54349821,22.7636,34.7791,473,40585,0.726447,0.69,1,811017,810544,473
54352741,25.3527,22.9558,479,40637,0.745289,0.65,1,811043,810564,479
54355661,53.8705,25.3912,514,40689,0.813058,0.69,2,811104,810590,514
54358581,12.3741,52.2782,457,40741,0.826612,0.69,2,811106,810649,457
54361501,33.6748,12.0556,494,40793,0.845322,0.67,2,811145,810651,494
54364421,37.935,33.6111,494,40845,0.833064,0.67,2,811184,810690,494
54367341,37.987,37.9222,493,40897,0.894613,0.71,2,811222,810729,493
54522101,38,36,522,43549,0.85,1,2,813086,812564,522
54525021,26.8,34.4,512,43597,0.914,1,2,813110,812598,512
54527941,12.56,24.48,499,43645,0.8468,1,2,813119,812620,499
54530861,28.912,18.496,515,43693,0.88136,1,2,813152,812637,515
54533781,32.9824,30.8992,515,43741,0.872272,1,2,813186,812671,515
54536701,48.1965,34.1798,532,43789,0.854454,1,2,813238,812706,532
54539621,36.0393,46.036,516,43837,0.898891,1,2,813271,812755,516
54542541,31.2079,30.0072,520,43885,0.891778,1,2,813301,812781,520
54545461,23.0416,31.6014,509,43933,0.842356,1,2,813322,812813,509
54548381,35.0083,30.3203,517,43981,0.800471,1,2,813360,812843,517
54551301,29.4017,42.0641,500,44029,0.712094,1,1,813388,812888,500
54554221,33.0803,30.0128,507,44077,0.774419,1,2,813422,812915,507
54557141,48.2161,32.4026,526,44125,0.770884,0.87,2,813474,812948,526
54560061,40.0432,56.0805,502,44173,0.802177,0.81,2,813512,813010,502
54562981,38.4086,41.6161,502,44221,0.824435,0.85,2,813550,813048,502
54565901,26.0817,38.7232,487,44269,0.844887,0.93,2,813573,813086,487
54568821,13.2163,26.9446,473,44317,0.864977,0.83,2,813583,813110,473
54571741,29.8433,12.5889,498,44365,0.868995,0.89,2,813617,813119,498
54574661,30.7687,28.9178,496,44413,0.869799,0.87,2,813648,813152,496
54577581,49.3537,32.9836,516,44460,0.90196,0.85,2,813702,813186,516
54580501,11.4707,48.1967,466,44507,0.940392,0.91,2,813704,813238,466
54818481,84,79,491,22093,0.09,0.51,1,816385,815894,491
54821401,62.4,75.8,473,22189,0.138,0.31,1,816442,815969,473
54824321,61.28,79.16,454,22285,0.1476,0.17,1,816503,816049,454
54827241,72.256,62.232,471,22380,0.13352,0.09,1,816578,816107,471
54830161,45.6512,63.6464,446,22475,0.050704,0.03,1,816617,816171,446
54833081,21.1302,31.1293,438,22569,0.0821408,0.05,1,816632,816194,438
54836001,77.0261,31.8259,497,22663,0.0724282,0.01,1,816723,816226,497
54838921,85.0052,66.3652,509,22757,0.0864856,0.09,1,816810,816301,509
54841841,65.001,80.473,485,22850,0.0892971,0.15,1,816870,816385,485
54844761,61.8002,61.6946,489,22943,0.0738594,0.15,1,816931,816442,489
54847681,71.56,61.1389,502,23035,0.102772,0.13,1,817005,816503,502
54850601,43.112,72.2278,463,23127,0.108554,0.03,1,817041,816578,463
54853521,19.8224,45.6456,438,23219,0.109711,0.09,1,817055,816617,438
54856441,75.9645,21.1291,513,23310,0.157942,0.07,1,817145,816632,513
54859361,88.7929,77.0258,514,23401,0.263588,0.09,1,817237,816723,514
54862281,64.1586,85.0052,485,23492,0.252718,0.09,1,817295,816810,485
54865201,61.6317,65.001,486,23582,0.298544,0.07,1,817356,816870,486
54868121,72.3263,61.8002,500,23672,0.291709,0.11,1,817431,816931,500
54871041,43.2653,71.56,462,23762,0.290342,0.11,1,817467,817005,462
54873961,21.4531,43.112,442,23851,0.290068,0.11,1,817483,817041,442
54876881,77.0906,19.8224,519,23940,0.322014,0.17,1,817574,817055,519
54879801,17.0181,75.9645,431,24029,0.344403,0.29,1,817576,817145,431
54882721,79.4036,88.7929,434,24117,0.428881,0.25,1,817671,817237,434
54885641,62.2807,64.1586,434,24205,0.557776,0.31,1,817729,817295,434
54888561,63.6561,61.6317,437,24293,0.583555,0.29,1,817793,817356,437
54891481,71.9312,72.3263,436,24380,0.636711,0.29,1,817867,817431,436
54894401,43.1862,43.2653,436,24467,0.615342,0.29,1,817903,817467,436
54897321,23.0372,21.4531,438,24554,0.627068,0.33,1,817921,817483,438
54900241,78.2074,77.0906,439,24640,0.661414,0.35,1,818013,817574,439
54903161,17.2415,17.0181,439,24726,0.668283,0.45,1,818015,817576,439
54906081,83.4483,79.4036,444,24812,0.685657,0.59,1,818115,817671,444
54909001,67.0897,62.2807,449,24897,0.689131,0.59,1,818178,817729,449
54911921,66.2179,63.6561,451,24982,0.705826,0.65,1,818244,817793,451
54914841,73.2436,71.9312,452,25067,0.709165,0.61,1,818319,817867,452
54917761,44.2487,43.1862,453,25152,0.725833,0.63,1,818356,817903,453
54920681,23.2497,23.0372,453,25236,0.761167,0.67,2,818374,817921,453
54923601,78.2499,78.2074,453,25320,0.736233,0.67,1,818466,818013,453
54926521,17.25,17.2415,453,25404,0.699247,0.69,1,818468,818015,453
54929441,84.25,83.4483,454,25487,0.787849,0.69,2,818569,818115,454
54932361,68.05,16.6897,518,25570,0.78957,0.69,2,818633,818115,518
54935281,67.21,53.7379,522,25653,0.821914,0.71,2,818700,818178,522
54938201,73.442,63.5476,531,25736,0.844383,0.71,2,818775,818244,531
54941121,45.0884,72.7095,494,25818,0.848877,0.73,2,818813,818319,494
54944041,23.4177,44.1419,475,25900,0.865775,0.77,2,818831,818356,475
54946961,76.6835,23.2284,547,25982,0.885155,0.73,2,818921,818374,547
54949881,16.9367,78.2457,457,26064,0.889031,0.69,2,818923,818466,457
55043321,35,91,502,28550,0.85,1,2,820712,820210,502
55046241,47.8,44.6,520,28624,0.738,0.94,1,820763,820243,520
55049161,51.96,39.32,535,28698,0.7156,1,1,820816,820281,535
55052081,37.592,60.664,503,28772,0.72712,1,1,820850,820347,503
55055001,73.1184,33.7328,558,28846,0.745424,1,1,820932,820374,558
55057921,69.0237,78.7466,536,28919,0.717085,1,1,821000,820464,536
55060841,37.0047,70.1493,497,28992,0.695417,1,1,821029,820532,497
55063761,33.8009,37.2299,501,29065,0.691083,0.91,1,821062,820561,501
55066681,71.5602,37.046,545,29138,0.690217,0.79,1,821143,820598,545
55069601,42.312,70.6092,501,29211,0.690043,0.85,1,821178,820677,501
55072521,43.6624,42.1218,510,29283,0.722009,0.71,1,821222,820712,510
55075441,50.3325,49.2244,511,29355,0.728402,0.71,1,821274,820763,511
55078361,35.6665,52.2449,490,29427,0.69768,0.73,1,821306,820816,490
55081281,73.5333,37.649,539,29499,0.707536,0.75,1,821389,820850,539
55084201,67.5067,73.1298,523,29571,0.773507,0.71,2,821455,820932,523
55087121,35.9013,69.026,483,29643,0.754701,0.69,2,821483,821000,483
55090041,35.1803,37.0052,489,29714,0.79894,0.69,2,821518,821029,489
55092961,71.0361,33.801,536,29785,0.791788,0.69,2,821598,821062,536
55095881,15.8072,71.5602,457,29856,0.806358,0.69,2,821600,821143,457
55098801,30.3614,42.312,456,29927,0.841272,0.73,2,821634,821178,456
55101721,42.8723,43.6624,458,29998,0.880254,0.73,2,821680,821222,458
55238961,40,47,483,33150,0.61,1,1,823896,823413,483
55241881,85.6,79.8,492,33214,0.338,1,1,823993,823501,492
55244801,47.52,34.36,507,33278,0.2036,1,1,824031,823524,507
55247721,25.504,38.072,488,33342,0.22472,1,1,824051,823563,488
55250641,22.7008,35.6144,475,33405,0.180944,1,1,824073,823598,475
55253561,39.7402,31.9229,488,33468,0.140189,1,1,824117,823629,488
55256481,31.948,33.5846,484,33531,0.148038,0.99,1,824147,823663,484
55259401,28.7896,36.3169,475,33594,0.149608,0.95,1,824175,823700,475
55262321,45.7579,53.6634,467,33657,0.149922,0.88,1,824225,823758,467
55265241,47.5516,48.3327,468,33720,0.165984,0.69,1,824273,823805,468
55268161,35.9103,50.4665,450,33783,0.153197,0.61,1,824306,823856,450
55271081,39.9821,42.0933,451,33846,0.166639,0.27,1,824347,823896,451
55274001,74.3964,86.0187,437,33908,0.153328,0.17,1,824430,823993,437
55276921,45.2793,47.6037,437,33970,0.134666,0.23,1,824468,824031,437
55279841,17.8559,25.5207,428,34032,0.146933,0.17,1,824479,824051,428
55282761,21.9712,22.7041,429,34094,0.181387,0.13,1,824502,824073,429
55285681,40.3942,39.7408,430,34156,0.172277,0.15,1,824547,824117,430
55288601,30.4788,31.9482,428,34218,0.138455,0.15,1,824575,824147,428
55291521,28.4958,6.38963,456,34280,0.131691,0.15,1,824603,824147,456
55294441,44.0992,23.6779,476,34342,0.162338,0.15,1,824651,824175,476
55297361,47.2198,44.7356,474,34404,0.216468,0.17,1,824699,824225,474
55300281,37.444,47.3471,461,34465,0.211294,0.15,1,824734,824273,461
55303201,40.2888,35.8694,469,34526,0.226259,0.17,1,824775,824306,469
55306121,71.2578,39.9739,507,34587,0.245252,0.15,1,824854,824347,507
55309041,47.0516,74.3948,465,34648,0.28105,0.13,1,824895,824430,465
55311961,19.8103,45.279,440,34709,0.32021,0.15,1,824908,824468,440
55314881,21.5621,17.8558,451,34770,0.296042,0.19,1,824930,824479,451
55317801,39.5124,21.9712,472,34831,0.307208,0.17,1,824974,824502,472
55320721,28.7025,40.3942,453,34892,0.309442,0.13,1,825000,824547,453
55323641,28.9405,30.4788,454,34953,0.341888,0.13,1,825029,824575,454
55326561,46.5881,28.4958,477,35013,0.316378,0.17,1,825080,824603,477
55329481,50.1176,44.0992,480,35073,0.359276,0.23,1,825131,824651,480
55332401,37.2235,47.2198,466,35133,0.383855,0.21,1,825165,824699,466
55335321,39.4447,37.444,471,35193,0.388771,0.23,1,825205,824734,471
55338241,73.4889,40.2888,512,35253,0.437754,0.25,1,825287,824775,512
55341161,49.8978,71.2578,477,35313,0.447551,0.29,1,825331,824854,477
55344081,19.5796,47.0516,448,35373,0.41751,0.33,1,825343,824895,448
55347001,22.3159,19.8103,458,35433,0.411502,0.29,1,825366,824908,458
55349921,39.6632,21.5621,480,35493,0.4423,0.31,1,825410,824930,480
55352841,28.7326,39.5124,462,35553,0.44846,0.31,1,825436,824974,462
55355761,28.9465,28.7025,465,35612,0.481692,0.35,1,825465,825000,465
55358681,46.5893,28.9405,487,35671,0.504338,0.31,1,825516,825029,487
55361601,10.9179,46.5881,438,35730,0.508868,0.37,1,825518,825080,438
55364521,44.5836,50.1176,440,35789,0.557774,0.39,1,825571,825131,440
55367441,36.9167,37.2235,441,35848,0.551555,0.39,1,825606,825165,441
55370361,39.3833,39.4447,441,35907,0.598311,0.45,1,825646,825205,441
55373281,75.8767,73.4889,444,35966,0.623662,0.45,1,825731,825287,444
55376201,48.7753,49.8978,442,36025,0.676732,0.41,1,825773,825331,442
55379121,19.3551,19.5796,442,36084,0.671346,0.41,1,825785,825343,442
55382041,23.871,22.3159,444,36143,0.654269,0.45,1,825810,825366,444
55384961,39.9742,39.6632,444,36201,0.682854,0.45,1,825854,825410,444
55387881,29.5948,28.7326,445,36259,0.704571,0.49,1,825881,825436,445
55390801,29.919,28.9465,446,36317,0.724914,0.51,1,825911,825465,446
55393721,48.3838,46.5893,448,36375,0.760983,0.51,2,825964,825516,448
55396641,11.2768,10.9179,448,36433,0.768197,0.57,2,825966,825518,448
55399561,44.6554,44.5836,448,36491,0.801639,0.55,2,826019,825571,448
55402481,38.5311,36.9167,450,36549,0.824328,0.61,2,826056,825606,450
55405401,41.3062,39.3833,452,36607,0.860866,0.63,2,826098,825646,452
55408321,77.0612,75.8767,453,36665,0.868173,0.69,2,826184,825731,453
55411241,50.6122,48.7753,455,36723,0.917635,0.67,2,826228,825773,455
55414161,19.7224,19.3551,455,36781,0.911527,0.65,2,826240,825785,455
55417081,23.1445,23.871,454,36838,0.910305,0.69,2,826264,825810,454
55420001,41.4289,39.9742,456,36895,0.942061,0.71,2,826310,825854,456
55422921,30.6858,29.5948,457,36952,0.948412,0.73,2,826338,825881,457
55583521,38,31,490,39974,0.81,1,2,828428,827938,490
55586441,33.2,26.2,497,40027,0.762,1,2,828460,827963,497
55589361,26.64,35.64,484,40080,0.6404,1,1,828485,828001,484
55592281,61.328,7.128,554,40133,0.40808,1,1,828555,828001,554
55595201,59.4656,74.2256,522,40186,0.313616,1,1,828614,828092,522
55598121,35.0931,46.0451,512,40239,0.278723,1,1,828643,828131,512
55601041,32.6186,30.009,518,40291,0.255745,1,1,828675,828157,518
55603961,33.7237,40.4018,509,40343,0.187149,0.97,1,828709,828200,509
55606881,26.7447,32.8804,503,40395,0.17343,0.92,1,828734,828231,503
55609801,26.1489,26.5761,504,40447,0.106686,1,1,828760,828256,504
55612721,31.6298,33.3152,502,40499,0.109337,1,1,828793,828291,502
55615641,26.326,30.663,497,40551,0.0938674,0.83,1,828818,828321,497
55618561,33.2652,28.5326,504,40603,0.0587735,0.89,1,828853,828349,504
55621481,33.053,38.5065,496,40655,0.0837547,0.81,1,828886,828390,496
55624401,27.4106,38.1013,484,40707,0.104751,0.75,1,828912,828428,484
55627321,23.8821,33.2203,475,40759,0.0289502,0.61,1,828935,828460,475
55630241,52.7764,26.6441,510,40811,0.06179,0.35,1,828995,828485,510
55633161,53.7553,61.3288,494,40863,0.052358,0.29,1,829049,828555,494
55636081,29.1511,59.4658,458,40915,0.0664716,0.27,1,829072,828614,458
55639001,32.2302,35.0932,462,40967,0.117294,0.25,1,829105,828643,462
55641921,29.646,32.6186,459,41019,0.175459,0.17,1,829134,828675,459
55644841,28.3292,33.7237,453,41070,0.123092,0.17,1,829162,828709,453
55647761,23.2658,26.7447,450,41121,0.176618,0.09,1,829184,828734,450
55650681,31.8532,26.1489,458,41172,0.187324,0.11,1,829218,828760,458
55653601,23.9706,31.6298,447,41223,0.221465,0.09,1,829240,828793,447
55656521,34.3941,26.326,459,41274,0.212293,0.05,1,829277,828818,459
55659441,32.4788,33.2652,456,41325,0.226459,0.09,1,829309,828853,456
55662361,28.0958,33.053,450,41376,0.213292,0.11,1,829336,828886,450
55665281,24.0192,27.4106,447,41427,0.242658,0.01,1,829359,828912,447
55668201,52.8038,23.8821,484,41478,0.248532,0.07,1,829419,828935,484
55671121,52.9608,52.7764,477,41529,0.233706,0.05,1,829472,828995,477
55674041,12.1922,53.7553,425,41580,0.230741,0.07,1,829474,829049,425
55676961,20.8384,29.1511,425,41631,0.278148,0.13,1,829497,829072,425
55679881,32.9677,32.2302,428,41682,0.27163,0.19,1,829533,829105,428
55682801,30.5935,29.646,429,41733,0.302326,0.11,1,829563,829134,429
55685721,29.3187,28.3292,430,41784,0.340465,0.19,1,829592,829162,430
55688641,25.0637,23.2658,432,41835,0.380093,0.19,1,829616,829184,432
55691561,33.0127,31.8532,433,41885,0.404019,0.23,1,829651,829218,433
55694481,22.6025,23.9706,431,41935,0.376804,0.21,1,829671,829240,431
55697401,34.9205,34.3941,432,41985,0.419361,0.23,1,829709,829277,432
55700321,33.3841,32.4788,433,42035,0.395872,0.21,1,829742,829309,433
55703241,28.2768,28.0958,433,42085,0.407174,0.25,1,829769,829336,433
55706161,24.8554,24.0192,434,42135,0.441435,0.25,1,829793,829359,434
55709081,52.9711,52.8038,434,42185,0.496287,0.23,1,829853,829419,434
55712001,52.1942,52.9608,433,42235,0.507257,0.23,1,829905,829472,433
55714921,12.0388,12.1922,433,42285,0.477451,0.29,1,829907,829474,433
55717841,21.6078,20.8384,434,42335,0.53549,0.27,1,829931,829497,434
55720761,34.7216,32.9677,436,42385,0.563098,0.31,1,829969,829533,436
55723681,31.7443,30.5935,437,42435,0.58462,0.35,1,830000,829563,437
55726601,31.1489,29.3187,439,42485,0.588924,0.39,1,830031,829592,439
55729521,25.4298,25.0637,439,42535,0.621785,0.41,1,830055,829616,439
55732441,33.886,33.0127,440,42585,0.596357,0.37,1,830091,829651,440
55735361,23.5772,22.6025,441,42635,0.623271,0.43,1,830112,829671,441
55738281,35.1154,34.9205,441,42684,0.708654,0.39,1,830150,829709,441
55741201,33.4231,33.3841,441,42733,0.693731,0.41,1,830183,829742,441
55744121,29.0846,28.2768,442,42782,0.690746,0.45,1,830211,829769,442
55747041,25.0169,24.8554,442,42831,0.690149,0.51,1,830235,829793,442
55749961,55.4034,52.9711,445,42880,0.72203,0.51,1,830298,829853,445
55752881,52.6807,52.1942,445,42929,0.744406,0.47,1,830350,829905,445
55755801,12.1361,12.0388,445,42978,0.748881,0.55,1,830352,829907,445
55758721,23.2272,21.6078,447,43027,0.749776,0.55,1,830378,829931,447
55761641,35.0454,4.32155,485,43076,0.749955,0.57,1,830416,829931,485
55764561,33.4091,31.2643,480,43125,0.781991,0.59,2,830449,829969,480
55767481,32.2818,31.0529,481,43174,0.788398,0.59,2,830481,830000,481
55770401,25.6564,31.0106,474,43223,0.78968,0.63,2,830505,830031,474
55773321,34.7313,25.4021,487,43272,0.789936,0.59,2,830542,830055,487
55776241,25.3463,33.8804,474,43321,0.773987,0.63,2,830565,830091,474
55779161,37.0693,23.5761,493,43370,0.818797,0.73,2,830605,830112,493
55782081,33.8138,35.1152,488,43419,0.811759,0.69,2,830638,830150,488
55785001,29.1628,33.423,483,43468,0.810352,0.69,2,830666,830183,483
55787921,25.8326,29.0846,480,43517,0.79407,0.69,2,830691,830211,480
55790841,57.1665,25.0169,521,43565,0.822814,0.73,2,830756,830235,521
55793761,53.0333,55.4034,510,43613,0.860563,0.75,2,830808,830298,510
55796681,12.2067,52.6807,460,43661,0.868113,0.75,2,830810,830350,460
55799601,23.2413,12.1361,484,43709,0.885623,0.75,2,830836,830352,484
55802521,35.0483,23.2272,496,43757,0.889125,0.75,2,830874,830378,496
55805441,33.4097,35.0454,491,43805,0.905825,0.79,2,830907,830416,491
55808361,33.8819,33.4091,492,43853,0.909165,0.79,2,830941,830449,492
55811281,25.9764,32.2818,484,43901,0.909833,0.79,2,830965,830481,484
55814201,34.7953,25.6564,497,43949,0.909967,0.79,2,831002,830505,497
55817121,24.5591,34.7313,482,43997,0.909993,0.77,2,831024,830542,482
55820041,39.3118,25.3463,502,44045,0.893999,0.83,2,831067,830565,502
55822961,33.4624,37.0693,494,44093,0.9228,0.81,2,831099,830605,494
56031741,22,29,453,21170,0.47,0.65,1,833532,833079,453
56034661,73.2,50.6,483,21270,0.486,0.61,1,833618,833135,483
56037581,105.04,102.12,481,21370,0.5212,0.51,1,833731,833250,481
56040501,66.608,71.624,474,21469,0.51224,0.45,1,833788,833314,474
56043421,34.1216,47.9248,458,21568,0.574448,0.53,1,833814,833356,458
56046341,21.2243,23.185,459,21666,0.61889,0.45,1,833832,833373,459
56049261,64.2449,45.437,483,21764,0.611778,0.47,1,833907,833424,483
56052181,68.049,77.8874,466,21861,0.674356,0.49,1,833976,833510,466
56055101,84.0098,101.977,446,21958,0.718871,0.53,1,834064,833618,446
56058021,108.802,110.795,448,22055,0.807774,0.51,2,834179,833731,448
56060941,69.7604,67.7591,451,22151,0.857555,0.59,2,834239,833788,451
56063861,35.5521,34.3518,452,22247,0.899511,0.63,2,834266,833814,452
56066781,20.7104,21.2704,451,22342,0.923902,0.61,2,834283,833832,451
56069701,64.9421,64.2541,452,22437,0.92878,0.69,2,834359,833907,452
56189421,38,113,524,26030,0.81,1,2,836964,836440,524
56192341,56.4,53.8,546,26111,0.778,1,2,837025,836479,546
56195261,67.28,67.56,545,26192,0.6276,1,1,837095,836550,545
56198181,50.256,72.712,517,26273,0.70952,1,1,837141,836624,517
56201101,44.4512,45.7424,521,26354,0.677904,0.99,1,837184,836663,521
56204021,36.0902,47.5485,507,26434,0.719581,1,1,837218,836711,507
56206941,63.218,38.3097,541,26514,0.647916,0.85,1,837288,836747,541
56209861,90.2436,65.2619,566,26594,0.617583,0.83,1,837385,836819,566
56212781,48.4487,98.6524,497,26674,0.611517,0.81,1,837423,836926,497
56215701,56.8897,50.1305,518,26753,0.642303,0.77,1,837482,836964,518
56218621,67.3779,58.8261,527,26832,0.648461,0.59,1,837552,837025,527
56221541,50.2756,67.7652,503,26911,0.697692,0.73,1,837598,837095,503
56224461,11.6551,50.353,459,26990,0.707538,0.67,1,837600,837141,459
56227381,33.531,44.4706,455,27068,0.725508,0.73,1,837639,837184,455
56230301,37.1062,36.0941,459,27146,0.761102,0.63,2,837677,837218,459
56233221,60.2212,63.2188,455,27224,0.70422,0.61,1,837743,837288,455
56236141,87.2443,90.2438,452,27302,0.788844,0.61,2,837837,837385,452
56239061,47.8488,48.4488,452,27380,0.885769,0.65,2,837875,837423,452
56241981,58.3698,56.8898,454,27457,0.921154,0.65,2,837936,837482,454
56244901,68.474,67.3779,455,27534,0.944231,0.71,2,838007,837552,455
56510621,47,37,489,33816,0.61,1,1,842413,841924,489
56513541,44.6,38.6,494,33879,0.45,1,1,842457,841963,494
56516461,38.52,40.52,490,33941,0.386,1,1,842494,842004,490
56519381,34.904,34.504,491,34003,0.3572,0.99,1,842528,842037,491
56522301,20.5808,27.7008,482,34065,0.33544,1,1,842545,842063,482
56525221,48.1162,51.9402,479,34127,0.171088,1,1,842600,842121,479
56528141,36.0232,39.988,475,34189,0.186218,0.93,1,842633,842158,475
56531061,28.0046,31.1976,472,34251,0.141244,0.93,1,842659,842187,472
56533981,43.2009,6.23952,519,34313,0.116249,0.9,1,842706,842187,519
56536901,66.2402,46.0479,535,34375,0.0632497,0.69,1,842778,842243,535
56539821,43.648,72.4096,494,34437,0.0526499,0.57,1,842816,842322,494
56542741,44.7296,49.6819,495,34498,0.03453,0.61,1,842861,842366,495
56545661,39.3459,47.5364,486,34559,0.078906,0.41,1,842899,842413,486
56548581,35.0692,44.7073,476,34620,0.135781,0.37,1,842933,842457,476
56551501,30.2138,38.5415,468,34681,0.131156,0.35,1,842962,842494,468
56554421,19.6428,34.9083,451,34742,0.130231,0.33,1,842979,842528,451
56557341,46.3286,20.5817,487,34803,0.162046,0.13,1,843032,842545,487
56560261,30.8657,48.1163,459,34864,0.184409,0.19,1,843059,842600,459
56563181,26.1731,36.0233,451,34925,0.220882,0.13,1,843084,842633,451
56566101,42.0346,28.0047,471,34986,0.276176,0.11,1,843130,842659,471
56569021,65.2069,43.2009,495,35046,0.303235,0.05,1,843201,842706,495
56571941,44.2414,66.2402,462,35106,0.292647,0.05,1,843240,842778,462
56574861,45.6483,43.648,470,35166,0.322529,0.03,1,843286,842816,470
56577781,40.3297,44.7296,464,35226,0.344506,0.09,1,843325,842861,464
56580701,36.8659,39.3459,462,35286,0.332901,0.15,1,843361,842899,462
56583621,30.5732,35.0692,457,35346,0.31458,0.13,1,843390,842933,457
56586541,19.7146,30.2138,445,35406,0.310916,0.13,1,843407,842962,445
56589461,47.1429,19.6428,482,35466,0.342183,0.17,1,843461,842979,482
56592381,33.4286,46.3286,459,35526,0.348437,0.19,1,843491,843032,459
56595301,25.8857,30.8657,456,35586,0.349687,0.23,1,843515,843059,456
56598221,43.5771,26.1731,479,35645,0.397937,0.29,1,843563,843084,479
56601141,10.3154,42.0346,435,35704,0.407587,0.31,1,843565,843130,435
56604061,60.4631,65.2069,437,35763,0.473518,0.29,1,843638,843201,437
56606981,44.0926,44.2414,438,35822,0.470704,0.33,1,843678,843240,438
56609901,45.6185,45.6483,438,35881,0.502141,0.35,1,843724,843286,438
56612821,39.5237,40.3297,437,35940,0.540428,0.33,1,843762,843325,437
56615741,37.5047,36.8659,438,35999,0.516086,0.31,1,843799,843361,438
56618661,30.7009,30.5732,438,36058,0.559217,0.31,1,843828,843390,438
56621581,18.9402,19.7146,437,36117,0.567843,0.35,1,843844,843407,437
56624501,48.588,47.1429,439,36176,0.601569,0.35,1,843900,843461,439
56627421,33.7176,33.4286,439,36234,0.608314,0.35,1,843930,843491,439
56630341,28.3435,25.8857,442,36292,0.625663,0.41,1,843957,843515,442
56633261,44.0687,43.5771,442,36350,0.661133,0.41,1,844005,843563,442
56636181,10.4137,10.3154,442,36408,0.700227,0.49,1,844007,843565,442
56639101,62.0827,60.4631,444,36466,0.628045,0.47,1,844082,843638,444
56642021,45.2165,44.0926,445,36524,0.645609,0.51,1,844123,843678,445
56644941,47.4433,45.6185,447,36582,0.665122,0.55,1,844171,843724,447
56647861,40.6887,39.5237,448,36640,0.701024,0.51,1,844210,843762,448
56650781,37.7377,37.5047,448,36698,0.708205,0.57,1,844247,843799,448
56653701,30.7475,30.7009,448,36756,0.757641,0.57,2,844276,843828,448
56656621,18.9495,18.9402,448,36813,0.767528,0.61,2,844292,843844,448
56659541,50.9899,48.588,451,36870,0.753506,0.61,2,844351,843900,451
56662461,34.998,33.7176,452,36927,0.750701,0.63,2,844382,843930,452
56665381,29.3996,28.3435,453,36984,0.75014,0.67,2,844410,843957,453
56668301,45.8799,44.0687,455,37041,0.782028,0.71,2,844460,844005,455
56671221,10.776,10.4137,455,37098,0.788406,0.61,2,844462,844007,455
56674141,59.7552,62.0827,452,37155,0.789681,0.61,2,844534,844082,452
56677061,45.551,12.4165,494,37212,0.789936,0.65,2,844576,844082,494
56679981,49.1102,35.2833,503,37269,0.821987,0.67,2,844626,844123,503
56682901,41.022,45.4567,494,37326,0.812397,0.71,2,844665,844171,494
56685821,38.6044,40.2913,493,37383,0.81048,0.71,2,844703,844210,493
56688741,31.7209,37.6583,486,37440,0.842096,0.77,2,844733,844247,486
56691661,19.1442,30.7317,473,37496,0.848419,0.77,2,844749,844276,473
56694581,51.8288,18.9463,517,37552,0.881684,0.75,2,844809,844292,517
56697501,35.1658,50.9893,489,37608,0.904337,0.75,2,844840,844351,489
56700421,29.4332,34.9979,486,37664,0.924867,0.75,2,844868,844382,486
56861021,52,47,519,40634,0.83,1,2,846950,846431,519
56863941,43.2,41.4,520,40686,0.782,1,2,846991,846471,520
56866861,56.64,57.88,518,40738,0.6764,1,1,847051,846533,518
56869781,29.728,41.976,503,40790,0.62328,1,1,847074,846571,503
56872701,26.7456,26.7952,506,40842,0.596656,1,1,847100,846594,506
56875621,32.5491,28.559,511,40894,0.559331,1,1,847134,846623,511
56878541,28.9098,20.1118,521,40946,0.535866,1,1,847162,846641,521
56881461,25.782,30.4224,513,40998,0.451173,1,1,847187,846674,513
56884381,30.7564,34.0845,510,41049,0.450235,1,1,847219,846709,510
56887301,30.1513,37.2169,502,41100,0.466047,1,1,847249,846747,502
56890221,39.6303,33.0434,512,41151,0.437209,0.97,1,847291,846779,512
56893141,40.7261,36.2087,516,41202,0.479442,0.86,1,847332,846816,516
56896061,32.1452,44.0417,500,41253,0.455888,0.95,1,847362,846862,500
56898981,44.029,37.6083,511,41304,0.531178,0.83,1,847409,846898,511
56901901,42.4058,49.1217,501,41355,0.514236,0.77,1,847451,846950,501
56904821,49.2812,42.6243,511,41406,0.526847,0.65,1,847502,846991,511
56907741,22.6562,56.5249,467,41457,0.529369,0.61,1,847518,847051,467
56910661,27.7312,29.705,473,41508,0.545874,0.59,1,847547,847074,473
56913581,7.14625,26.741,449,41559,0.549175,0.55,1,847549,847100,449
56916501,27.0293,32.5482,447,41610,0.549835,0.53,1,847581,847134,447
56919421,25.4058,28.9096,444,41661,0.533967,0.43,1,847606,847162,444
56922341,23.4812,25.7819,442,41712,0.562793,0.45,1,847629,847187,442
56925261,31.8962,30.7564,444,41763,0.584559,0.47,1,847663,847219,444
56928181,27.9792,30.1513,441,41814,0.604912,0.43,1,847690,847249,441
56931101,41.5958,39.6303,444,41864,0.624982,0.49,1,847735,847291,444
56934021,41.1192,40.7261,444,41914,0.628996,0.45,1,847776,847332,444
56936941,33.8238,32.1452,446,41964,0.629799,0.55,1,847808,847362,446
56939861,45.1648,44.029,447,42014,0.67796,0.51,1,847856,847409,447
56942781,43.433,42.4058,448,42064,0.735592,0.53,1,847899,847451,448
56945701,47.8866,49.2812,446,42114,0.747118,0.53,1,847948,847502,446
56948621,22.3773,22.6562,446,42164,0.781424,0.55,2,847964,847518,446
56951541,30.0755,27.7312,449,42214,0.724285,0.55,1,847996,847547,449
56954461,7.61509,7.14625,449,42264,0.712857,0.55,1,847998,847549,449
56957381,27.123,27.0293,449,42314,0.742571,0.53,1,848030,847581,449
56960301,25.4246,25.4058,449,42364,0.748514,0.57,1,848055,847606,449
56963221,24.2849,23.4812,450,42414,0.717703,0.59,1,848079,847629,450
56966141,32.857,31.8962,451,42464,0.775541,0.61,2,848114,847663,451
56969061,28.9714,27.9792,452,42514,0.803108,0.63,2,848142,847690,452
56971981,42.5943,41.5958,453,42564,0.776622,0.63,2,848188,847735,453
56974901,41.3189,41.1192,453,42614,0.803324,0.63,2,848229,847776,453
56977821,34.6638,33.8238,454,42664,0.824665,0.69,2,848262,847808,454
56980741,44.5328,45.1648,453,42713,0.828933,0.75,2,848309,847856,453
56983661,46.5066,43.433,457,42762,0.813787,0.75,2,848356,847899,457
56986581,50.1013,47.8866,459,42811,0.858757,0.79,2,848407,847948,459
56989501,22.8203,22.3773,459,42860,0.835751,0.71,2,848423,847964,459
56992421,28.5641,30.0755,457,42909,0.86315,0.71,2,848453,847996,457
56995341,7.31281,7.61509,457,42958,0.86863,0.75,2,848455,847998,457
56998261,27.0626,27.123,457,43007,0.869726,0.75,2,848487,848030,457
57001181,24.6125,5.4246,481,43056,0.837945,0.75,2,848511,848030,481
57004101,24.1225,21.0849,480,43105,0.847589,0.71,2,848535,848055,480
57007021,34.4245,23.417,493,43154,0.865518,0.79,2,848572,848079,493
57009941,30.0849,32.6834,487,43203,0.869104,0.81,2,848601,848114,487
57012861,43.617,28.9367,506,43252,0.917821,0.77,2,848648,848142,506
57015781,42.3234,42.5873,502,43301,0.895564,0.81,2,848690,848188,502
57018701,34.0647,41.3175,493,43350,0.907113,0.83,2,848722,848229,493
57021621,44.4129,34.6635,507,43399,0.925423,0.83,2,848769,848262,507
57205581,29,29,507,46363,0.92,1,2,850844,850337,507
57208501,34.6,33,509,46408,0.832,1,2,850880,850371,509
57211421,43.72,41.8,511,46453,0.8624,1,2,850926,850415,511
57214341,27.944,31.56,506,46498,0.90048,0.92,2,850950,850444,506
57217261,11.1888,24.712,490,46543,0.924096,0.97,2,850957,850467,490
57228941,6,28,483,46723,0.93,0.95,2,851055,850572,483
57231861,15.6,10.4,495,46768,0.914,1,2,851073,850578,495
57694681,71,62,483,24905,0.21,0.75,1,855828,855345,483
57697601,76.6,57.2,505,24990,0.194,0.55,1,855906,855401,505
57700521,48.12,75.44,466,25075,0.1588,0.39,1,855947,855481,466
57703441,73.624,65.488,483,25160,0.21576,0.35,1,856027,855544,483
57706361,53.1248,68.2976,462,25244,0.227152,0.11,1,856075,855613,462
57709281,62.625,67.2595,460,25328,0.24543,0.11,1,856140,855680,460
57712201,24.525,41.4519,440,25412,0.265086,0.09,1,856155,855715,440
57715121,13.705,19.4904,437,25495,0.269017,0.13,1,856166,855729,437
57718041,76.341,26.2981,501,25578,0.269803,0.21,1,856258,855757,501
57720961,78.4682,62.0596,509,25661,0.269961,0.19,1,856337,855828,509
57723881,47.6936,74.8119,471,25744,0.285992,0.15,1,856377,855906,471
57726801,76.7387,47.7624,514,25826,0.273198,0.23,1,856461,855947,514
57729721,52.1477,73.5525,480,25908,0.30264,0.23,1,856507,856027,480
57732641,63.2295,53.1105,498,25990,0.324528,0.25,1,856573,856075,498
57735561,24.6459,62.6221,448,26072,0.344906,0.27,1,856588,856140,448
57738481,14.5292,24.5244,445,26153,0.348981,0.27,1,856600,856155,445
57741401,75.7058,13.7049,525,26234,0.365796,0.27,1,856691,856166,525
57744321,79.1412,76.341,513,26315,0.417159,0.27,1,856771,856258,513
57747241,48.6282,78.4682,475,26396,0.459432,0.29,1,856812,856337,475
57750161,76.1256,47.6936,518,26476,0.483886,0.27,1,856895,856377,518
57753081,53.6251,76.7387,482,26556,0.536777,0.31,1,856943,856461,482
57756001,64.325,52.1477,503,26636,0.595355,0.33,1,857010,856507,503
57758921,25.665,63.2295,453,26716,0.607071,0.35,1,857026,856573,453
57761841,15.533,24.6459,451,26795,0.625414,0.35,1,857039,856588,451
57764761,76.7066,14.5292,531,26874,0.677083,0.37,1,857131,856600,531
57767681,16.9413,75.7058,442,26953,0.719417,0.43,1,857133,856691,442
57770601,68.9883,79.1412,444,27032,0.743883,0.47,1,857215,856771,444
57773521,47.3977,48.6282,445,27110,0.764777,0.49,2,857257,856812,445
57776441,77.4795,76.1256,447,27188,0.752955,0.55,2,857342,856895,447
57779361,55.4959,53.6251,449,27266,0.798591,0.61,2,857392,856943,449
57782281,67.0992,64.325,452,27344,0.839718,0.61,2,857462,857010,452
57785201,26.2198,25.665,452,27421,0.879944,0.63,2,857478,857026,452
57788121,16.444,15.533,453,27498,0.887989,0.69,2,857492,857039,453
57791041,79.2888,76.7066,456,27575,0.921598,0.73,2,857587,857131,456
57793961,17.4578,16.9413,456,27652,0.89632,0.75,2,857589,857133,456
57796881,69.8916,68.9883,457,27729,0.923264,0.77,2,857672,857215,457
57799801,48.3783,47.3977,458,27805,0.928653,0.75,2,857715,857257,458
57913681,41,57,493,30635,0.85,1,2,859710,859217,493
57916601,58.6,66.6,487,30704,0.818,1,2,859773,859286,487
57919521,55.72,62.92,480,30773,0.7476,1,1,859828,859348,480
57922441,34.344,32.584,484,30842,0.66952,1,1,859857,859373,484
57925361,36.4688,23.3168,500,30911,0.541904,0.95,1,859894,859394,500
57928281,60.0938,67.0634,488,30979,0.292381,1,1,859960,859472,488
57931201,29.6188,27.8127,492,31047,0.194476,0.97,1,859982,859490,492
57934121,61.9237,67.9625,484,31115,0.0628952,0.87,1,860052,859568,484
57937041,54.7848,64.7925,473,31183,0.036579,0.79,1,860105,859632,473
57939961,35.757,42.5585,467,31251,0.0953158,0.85,1,860136,859669,467
57942881,38.3514,41.3117,465,31319,0.0190632,0.85,1,860175,859710,465
57945801,51.6703,8.26234,520,31387,0.0278126,0.81,1,860230,859710,520
57948721,52.7341,52.0525,510,31454,0.0455625,0.73,1,860283,859773,510
57951641,26.5468,54.4105,475,31521,0.0491125,0.65,1,860303,859828,475
57954561,28.5094,34.0821,475,31588,0.0178225,0.51,1,860332,859857,475
57957481,52.1019,36.4164,496,31655,0.0435645,0.23,1,860390,859894,496
57960401,24.0204,60.0833,447,31722,0.0487129,0.17,1,860407,859960,447
57963321,59.2041,29.6167,493,31789,0.00974258,0.03,1,860475,859982,493
57966241,52.6408,61.9233,474,31856,0.0259485,0.03,1,860526,860052,474
57969161,35.3282,54.7847,452,31922,0.0611897,0.11,1,860557,860105,452
57972081,38.2656,35.7569,460,31988,0.0362379,0,1,860596,860136,460
57975001,51.6531,38.3514,476,32054,0.0312476,0.03,1,860651,860175,476
57977921,54.3306,51.6703,476,32120,0.0462495,0.05,1,860706,860230,476
57980841,26.0661,52.7341,442,32186,0.0652499,0.05,1,860725,860283,442
57983761,29.2132,26.5468,452,32252,0.10105,0.01,1,860755,860303,452
57986681,52.2426,28.5094,481,32318,0.14021,0.05,1,860813,860332,481
57989601,25.6485,52.1019,442,32383,0.164042,0.05,1,860832,860390,442
57992521,57.1297,24.0204,490,32448,0.104808,0,1,860897,860407,490
57995441,51.4259,59.2041,472,32513,0.0289617,0.03,1,860947,860475,472
57998361,37.4852,52.6408,455,32578,0.0777923,0.07,1,860981,860526,455
58001281,37.097,35.3282,461,32643,0.151558,0.03,1,861018,860557,461
58004201,52.2194,38.2656,478,32708,0.0383117,0.03,1,861074,860596,478
58007121,12.0439,51.6531,425,32773,0.0316623,0.05,1,861076,860651,425
58010041,45.6088,54.3306,424,32838,0.0463325,0.07,1,861130,860706,424
58012961,25.9218,26.0661,426,32902,0.0812665,0.11,1,861151,860725,426
58015881,30.7844,29.2132,428,32966,0.0562533,0.15,1,861183,860755,428
58018801,53.3569,52.2426,429,33030,0.0192507,0.17,1,861242,860813,429
58021721,26.6714,25.6485,430,33094,0.0438501,0.09,1,861262,860832,430
58024641,52.5343,57.1297,424,33158,0.04877,0.01,1,861321,860897,424
58027561,48.9069,51.4259,422,33222,0.009754,0.09,1,861369,860947,422
58030481,40.9814,37.4852,427,33286,0.0419508,0.17,1,861408,860981,427
58033401,36.9963,37.097,426,33350,0.0963902,0.01,1,861444,861018,426
58036321,50.5993,52.2194,424,33413,0.091278,0.03,1,861498,861074,424
58039241,11.7199,12.0439,424,33476,0.0902556,0.05,1,861500,861076,424
58042161,45.544,45.6088,424,33539,0.0900511,0.09,1,861554,861130,424
58045081,25.9088,25.9218,424,33602,0.0740102,0.05,1,861575,861151,424
58048001,29.1818,30.7844,422,33665,0.102802,0.01,1,861605,861183,422
58050921,53.0364,53.3569,422,33728,0.15656,0.05,1,861664,861242,422
58053841,26.6073,26.6714,422,33791,0.199312,0.05,1,861684,861262,422
58056761,54.1215,52.5343,424,33854,0.191862,0,1,861745,861321,424
58059681,47.6243,48.9069,422,33916,0.206372,0.05,1,861791,861369,422
58062601,40.7249,40.9814,422,33978,0.161274,0.11,1,861830,861408,422
58065521,39.345,36.9963,425,34040,0.120255,0.09,1,861869,861444,425
58068441,50.269,50.5993,424,34102,0.128051,0.09,1,861922,861498,424
58071361,11.6538,11.7199,424,34164,0.14561,0.09,1,861924,861500,424
58074281,46.3308,45.544,425,34226,0.165122,0.09,1,861979,861554,425
58077201,26.0662,9.10879,446,34288,0.153024,0.07,1,862000,861554,446
58080121,30.0132,18.6218,456,34350,0.166605,0.11,1,862031,861575,456
58083041,54.0026,27.7244,486,34412,0.201321,0.17,1,862091,861605,486
58085961,28.4005,52.7449,449,34473,0.256264,0.21,1,862113,861664,449
58088881,53.6801,26.549,489,34534,0.283253,0.19,1,862173,861684,489
58091801,48.336,54.1098,475,34595,0.288651,0.21,1,862220,861745,475
58094721,40.0672,47.622,467,34656,0.28973,0.15,1,862258,861791,467
58097641,37.6134,40.7244,465,34717,0.289946,0.11,1,862295,861830,465
58100561,50.7227,39.3449,480,34778,0.321989,0.13,1,862349,861869,480
58103481,11.7445,50.269,429,34839,0.328398,0.15,1,862351,861922,429
58106401,47.9489,11.6538,484,34900,0.34568,0.17,1,862408,861924,484
58109321,25.5898,46.3308,449,34961,0.349136,0.15,1,862428,861979,449
58112241,30.718,26.0662,460,35021,0.381827,0.17,1,862460,862000,460
58115161,56.5436,30.0132,492,35081,0.452365,0.21,1,862523,862031,492
58118081,30.5087,54.0026,456,35141,0.482473,0.27,1,862547,862091,456
58121001,55.7017,28.4005,496,35201,0.552495,0.29,1,862609,862113,496
58123921,47.9403,53.6801,482,35261,0.566499,0.29,1,862655,862173,482
58126841,40.7881,48.336,474,35321,0.5533,0.29,1,862694,862220,474
58129761,36.9576,40.0672,472,35381,0.58266,0.29,1,862730,862258,472
58132681,52.1915,37.6134,491,35441,0.636532,0.33,1,862786,862295,491
58135601,12.0383,50.7227,439,35501,0.647306,0.33,1,862788,862349,439
58138521,48.8077,11.7445,495,35561,0.665461,0.35,1,862846,862351,495
58141441,25.7615,47.9489,458,35620,0.685092,0.35,1,862866,862408,458
58144361,33.1523,25.5898,473,35679,0.705018,0.39,1,862901,862428,473
58147281,8.23046,30.718,443,35738,0.677004,0.47,1,862903,862460,443
58150201,53.6461,56.5436,445,35797,0.703401,0.49,1,862968,862523,445
58153121,31.5292,30.5087,447,35856,0.72468,0.57,1,862994,862547,447
58156041,58.3058,55.7017,450,35915,0.696936,0.57,1,863059,862609,450
58158961,48.4612,47.9403,450,35974,0.691387,0.55,1,863105,862655,450
58161881,40.0922,40.7881,449,36033,0.738277,0.59,1,863143,862694,449
58164801,38.4184,36.9576,451,36092,0.731655,0.65,1,863181,862730,451
58167721,54.8837,52.1915,454,36151,0.746331,0.65,1,863240,862786,454
58170641,12.5767,12.0383,454,36209,0.749266,0.67,1,863242,862788,454
58173561,49.7153,48.8077,455,36267,0.765853,0.69,2,863301,862846,455
58176481,26.7431,25.7615,456,36325,0.753171,0.71,2,863322,862866,456
58179401,34.9486,33.1523,458,36383,0.782634,0.67,2,863359,862901,458
58182321,8.58972,8.23046,458,36441,0.788527,0.71,2,863361,862903,458
58185241,53.7179,53.6461,458,36499,0.821705,0.73,2,863426,862968,458
58188161,29.9436,31.5292,456,36557,0.844341,0.69,2,863450,862994,456
58191081,57.9887,58.3058,456,36615,0.848868,0.69,2,863515,863059,456
58194001,48.3977,48.4612,456,36673,0.881774,0.75,2,863561,863105,456
58196921,40.8795,40.0922,457,36731,0.888355,0.73,2,863600,863143,457
58199841,39.3759,38.4184,458,36789,0.905671,0.75,2,863639,863181,458
58348761,57,63,480,39611,0.47,1,1,865603,865123,480
58351681,41,37.4,486,39664,0.438,0.99,1,865640,865154,486
58354601,30.6,29.08,487,39717,0.3356,1,1,865668,865181,487
58357521,34.12,29.016,493,39770,0.25112,1,1,865703,865210,493
58360441,30.824,33.0032,489,39823,0.138224,1,1,865733,865244,489
58363361,23.7648,29.8006,482,39876,0.0676448,0.91,1,865755,865273,482
58366281,31.953,32.3601,483,39929,0.037529,1,1,865789,865306,483
58369201,29.5906,29.672,483,39982,0.0475058,1,1,865818,865335,483
58372121,25.9181,29.9344,478,40035,0.0655012,1,1,865843,865365,478
58375041,40.3836,45.9869,472,40088,0.0851002,1,1,865887,865415,472
58377961,40.8767,9.19738,513,40141,0.07302,0.89,1,865928,865415,513
58380881,33.7753,42.6395,494,40194,0.086604,0.91,1,865960,865466,494
58383801,37.1551,34.1279,500,40247,0.0893208,0.69,1,865998,865498,500
58386721,45.831,45.2256,500,40299,0.137864,0.47,1,866046,865546,500
58389641,33.9662,54.6451,474,40351,0.0995728,0.43,1,866077,865603,474
58392561,25.9932,40.529,461,40403,0.123915,0.31,1,866101,865640,461
58395481,29.9986,30.5058,464,40455,0.128783,0.23,1,866132,865668,464
58398401,25.1997,34.1012,453,40507,0.0977566,0.11,1,866156,865703,453
58401321,21.8399,30.8202,444,40559,0.107551,0.05,1,866177,865733,444
58404241,32.368,23.764,457,40611,0.10951,0.03,1,866212,865755,457
58407161,28.0736,31.9528,450,40663,0.0939021,0.05,1,866239,865789,450
58410081,26.4147,29.5906,447,40715,0.0907804,0.07,1,866265,865818,447
58413001,40.4829,25.9181,466,40767,0.0261561,0.09,1,866309,865843,466
58415921,40.0966,40.3836,462,40819,0.0292312,0.07,1,866349,865887,462
58418841,36.8193,40.8767,457,40871,0.0298462,0.09,1,866385,865928,457
58421761,36.9639,33.7753,462,40923,0.0459692,0.09,1,866422,865960,462
58424681,48.9928,37.1551,476,40975,0.113194,0.15,1,866474,865998,476
58427601,32.1986,45.831,456,41027,0.126639,0.09,1,866502,866046,456
58430521,29.6397,33.9662,454,41078,0.145328,0.13,1,866531,866077,454
58433441,28.3279,25.9932,458,41129,0.165066,0.13,1,866559,866101,458
58436361,24.8656,29.9986,451,41180,0.169013,0.09,1,866583,866132,451
58439281,19.3731,25.1997,445,41231,0.169803,0.11,1,866601,866156,445
58442201,33.4746,21.8399,461,41282,0.201961,0.11,1,866638,866177,461
58445121,24.2949,32.368,448,41333,0.208392,0.09,1,866660,866212,448
58448041,26.459,28.0736,448,41384,0.161678,0.09,1,866687,866239,448
58450961,40.4918,26.4147,466,41435,0.168336,0.01,1,866731,866265,466
58453881,40.0984,40.4829,462,41486,0.233667,0.03,1,866771,866309,462
58456801,36.8197,40.0966,458,41537,0.262733,0.03,1,866807,866349,458
58459721,8.96393,36.8193,424,41588,0.268547,0.05,1,866809,866385,424
58462641,32.9928,36.9639,426,41639,0.253709,0.13,1,866848,866422,426
58465561,49.7986,48.9928,428,41690,0.282742,0.13,1,866902,866474,428
58468481,32.3597,32.1986,428,41741,0.288548,0.15,1,866930,866502,428
58471401,31.2719,29.6397,430,41792,0.27371,0.17,1,866961,866531,430
58474321,28.6544,28.3279,430,41843,0.254742,0.17,1,866989,866559,430
58477241,24.9309,24.8656,430,41893,0.282948,0.17,1,867013,866583,430
58480161,20.1862,19.3731,431,41943,0.27259,0.21,1,867032,866601,431
58483081,34.4372,33.4746,432,41993,0.270518,0.21,1,867070,866638,432
58486001,24.4874,24.2949,432,42043,0.254104,0.15,1,867092,866660,432
58488921,24.0975,26.459,429,42093,0.250821,0.17,1,867116,866687,429
58491841,42.4195,40.4918,432,42143,0.298164,0.25,1,867163,866731,432
58494761,42.0839,40.0984,434,42193,0.307633,0.27,1,867205,866771,434
58497681,38.0168,36.8197,435,42243,0.325527,0.27,1,867242,866807,435
58500601,9.20336,8.96393,435,42293,0.329105,0.25,1,867244,866809,435
58503521,32.2407,32.9928,434,42343,0.313821,0.29,1,867282,866848,434
58506441,49.6481,49.7986,434,42393,0.342764,0.29,1,867336,866902,434
58509361,32.3296,32.3597,434,42443,0.364553,0.27,1,867364,866930,434
58512281,30.4659,31.2719,433,42493,0.400911,0.25,1,867394,866961,433
58515201,29.2932,28.6544,434,42543,0.408182,0.29,1,867423,866989,434
58518121,25.0586,24.9309,434,42593,0.441636,0.27,1,867447,867013,434
58521041,21.0117,20.1862,435,42643,0.448327,0.27,1,867467,867032,435
58523961,33.0023,34.4372,433,42692,0.465665,0.25,1,867503,867070,433
58526881,25.0005,24.4874,434,42741,0.501133,0.25,1,867526,867092,434
58529801,24.2001,24.0975,434,42790,0.508227,0.31,1,867550,867116,434
58532721,43.24,42.4195,435,42839,0.509645,0.31,1,867598,867163,435
58535641,42.248,42.0839,435,42888,0.445929,0.33,1,867640,867205,435
58538561,38.8496,38.0168,436,42937,0.497186,0.33,1,867678,867242,436
58541481,9.36992,9.20336,436,42986,0.507437,0.33,1,867680,867244,436
58544401,32.274,1.84067,474,43035,0.509487,0.31,1,867718,867244,474
58547321,52.0548,30.7681,493,43084,0.525898,0.35,1,867775,867282,493
58550241,32.811,49.3536,467,43133,0.545179,0.37,1,867803,867336,467
58553161,32.1622,32.2707,471,43182,0.581036,0.41,1,867835,867364,471
58556081,29.6324,30.4541,470,43231,0.604207,0.41,1,867864,867394,470
58559001,25.1265,29.2908,465,43280,0.608841,0.45,1,867888,867423,465
58561921,21.0253,25.0582,461,43329,0.625768,0.45,1,867908,867447,461
58564841,33.8051,21.0116,478,43378,0.613154,0.47,1,867945,867467,478
58567761,26.761,33.0023,467,43427,0.626631,0.51,1,867970,867503,467
58570681,24.5522,25.0005,468,43476,0.645326,0.51,1,867994,867526,468
58573601,43.3104,24.2001,492,43525,0.649065,0.51,1,868042,867550,492
58576521,40.6621,43.24,484,43573,0.649813,0.43,1,868082,867598,484
58579441,40.1324,42.248,482,43621,0.649963,0.51,1,868122,867640,482
58582361,9.62648,38.8496,446,43669,0.649993,0.51,1,868124,867678,446
58585281,34.7253,9.36992,485,43717,0.681998,0.51,1,868165,867680,485
58588201,53.3451,32.274,505,43765,0.7204,0.53,1,868223,867718,505
58591121,33.069,52.0548,476,43813,0.76008,0.55,2,868251,867775,476
58594041,33.8138,32.811,482,43861,0.784016,0.59,2,868285,867803,482
58596961,30.7628,32.1622,480,43909,0.820803,0.61,2,868315,867835,480
58599881,25.3526,29.6324,475,43957,0.844161,0.61,2,868339,867864,475
58602801,21.8705,25.1265,472,44005,0.864832,0.63,2,868360,867888,472
58605721,33.1741,21.0253,488,44053,0.884966,0.61,2,868396,867908,488
58608641,27.4348,33.8051,477,44101,0.904993,0.63,2,868422,867945,477
58611561,25.487,26.761,477,44149,0.908999,0.65,2,868447,867970,477
58614481,43.4974,24.5522,501,44197,0.9258,0.65,2,868495,867994,501
58617401,40.6995,43.3104,493,44245,0.92916,0.65,2,868535,868042,493
58842241,38,32,499,47774,0.75,1,2,870971,870472,499
58845161,22.8,33.6,484,47818,0.718,1,1,870990,870506,484
58848081,33.36,29.92,491,47862,0.5676,1,1,871026,870535,491
58851001,42.672,47.584,484,47906,0.28152,1,1,871071,870587,484
58853921,35.7344,38.3168,482,47950,0.160304,1,1,871105,870623,482
58856841,44.7469,33.2634,497,47994,0.120061,1,1,871152,870655,497
58859761,33.7494,25.8527,504,48038,0.0320122,1,1,871183,870679,504
58862681,27.5499,18.7705,513,48082,0.0144024,1,1,871209,870696,513
58865601,22.31,31.7541,499,48126,0.0748805,0.99,1,871230,870731,499
58868521,19.662,31.9508,486,48170,0.0389761,0.99,1,871249,870763,486
58871441,20.7324,25.5902,483,48214,0.0797952,1,1,871270,870787,483
58874361,12.1465,11.518,485,48258,0.015959,1,1,871280,870795,485
58877281,27.2293,27.1036,485,48302,0.0431918,0.97,1,871311,870826,485
58880201,26.2459,35.0207,474,48346,0.0486384,0.88,1,871337,870863,474
58883121,26.8492,31.0041,471,48390,0.0337277,0.87,1,871364,870893,471
58886041,31.7698,38.2008,464,48434,0.0627455,0.75,1,871397,870933,464
58888961,34.354,38.0402,461,48478,0.0525491,0.71,1,871432,870971,461
58891881,14.8708,22.808,452,48521,0.0505098,0.53,1,871442,870990,452
58894801,22.9742,33.3616,441,48564,0.050102,0.21,1,871467,871026,441
58897721,31.7948,42.6723,430,48607,0.0820204,0.13,1,871501,871071,430
58900641,31.159,35.7345,427,48650,0.0724041,0.11,1,871532,871105,427
58903561,42.2318,44.7469,425,48693,0.0864808,0.01,1,871577,871152,425
58906481,31.6464,33.7494,423,48736,0.0732962,0.01,1,871606,871183,423
58909401,26.3293,27.5499,422,48779,0.0706592,0.09,1,871631,871209,422
58912321,23.6659,22.31,424,48822,0.0221318,0.03,1,871654,871230,424
58915241,19.9332,19.662,424,48865,0.0444264,0.03,1,871673,871249,424
58918161,18.3866,3.9324,442,48908,0.0168853,0.09,1,871691,871249,442
58921081,11.6773,17.5865,431,48951,0.00337705,0,1,871701,871270,431
58924001,28.7355,11.5173,454,48994,0.0726754,0.05,1,871734,871280,454
58926921,26.5471,27.1035,449,49037,0.0385351,0.05,1,871760,871311,449
58929841,25.3094,26.2207,448,49080,0.047707,0.03,1,871785,871337,448
58932761,32.2619,26.8441,455,49123,0.0335414,0.07,1,871819,871364,455
58935681,35.2524,31.7688,458,49166,0.0947083,0.05,1,871855,871397,458
58938601,15.0505,34.3538,433,49209,0.106942,0.05,1,871865,871432,433
58941521,21.4101,14.8708,446,49252,0.0933883,0.05,1,871888,871442,446
58944441,31.482,22.9742,455,49295,0.0906777,0.09,1,871922,871467,455
58947361,31.8964,31.7948,453,49338,0.106136,0.07,1,871954,871501,453
58950281,43.1793,31.159,468,49381,0.109227,0.09,1,872000,871532,468
58953201,31.0359,42.2318,451,49424,0.109845,0.07,1,872028,871577,451
58956121,25.4072,31.6464,446,49467,0.125969,0.07,1,872052,871606,446
58959041,23.4814,26.3293,444,49510,0.145194,0.01,1,872075,871631,444
58961961,19.8963,23.6659,440,49553,0.165039,0.05,1,872094,871654,440
58964881,18.3793,19.9332,439,49596,0.185008,0.01,1,872112,871673,439
58967801,12.4759,18.3866,432,49638,0.173002,0,1,872123,871691,432
58970721,29.6952,11.6773,456,49680,0.1546,0.09,1,872157,871701,456
58973641,25.939,28.7355,448,49722,0.15092,0.03,1,872182,871734,448
58976561,25.9878,26.5471,448,49764,0.182184,0.05,1,872208,871760,448
58979481,32.3976,25.3094,457,49806,0.204437,0.03,1,872242,871785,457
58982401,37.6795,32.2619,462,49848,0.208887,0.11,1,872281,871819,462
58985321,15.5359,35.2524,436,49890,0.209777,0.11,1,872291,871855,436
58988241,20.7072,15.0505,448,49932,0.241955,0.09,1,872313,871865,448
58991161,31.3414,21.4101,459,49974,0.248391,0.09,1,872347,871888,459
58994081,32.6683,31.482,458,50016,0.265678,0.11,1,872380,871922,458
58997001,43.3337,31.8964,472,50058,0.269136,0.11,1,872426,871954,472
58999921,31.8667,43.1793,455,50100,0.285827,0.11,1,872455,872000,455
59002841,27.1733,31.0359,453,50142,0.289165,0.13,1,872481,872028,453
59005761,23.0347,25.4072,451,50184,0.305833,0.15,1,872503,872052,451
59008681,20.6069,23.4814,448,50226,0.341167,0.17,1,872523,872075,448
59011601,17.7214,19.8963,446,50268,0.364233,0.19,1,872540,872094,446
59014521,11.5443,18.3793,438,50310,0.384847,0.17,1,872550,872112,438
59017441,3.90886,12.4759,429,50352,0.388969,0.15,1,872552,872123,429
59020361,28.7818,29.6952,430,50394,0.405794,0.15,1,872587,872157,430
59023281,26.5564,25.939,431,50436,0.425159,0.19,1,872613,872182,431
59026201,26.1113,25.9878,431,50478,0.445032,0.21,1,872639,872208,431
59029121,34.0223,32.3976,433,50520,0.449006,0.21,1,872675,872242,433
59032041,37.2045,37.6795,432,50562,0.449801,0.21,1,872713,872281,432
59034961,16.2409,15.5359,433,50604,0.43396,0.25,1,872724,872291,433
59037881,21.6482,20.7072,434,50646,0.414792,0.25,1,872747,872313,434
59040801,31.5296,31.3414,434,50688,0.426958,0.27,1,872781,872347,434
59043721,33.5059,32.6683,435,50730,0.445392,0.27,1,872815,872380,435
59046641,43.5012,43.3337,435,50772,0.465078,0.29,1,872861,872426,435
59049561,32.7002,31.8667,436,50813,0.469016,0.29,1,872891,872455,436
59052481,27.34,27.1733,436,50854,0.469803,0.31,1,872917,872481,436
59055401,25.468,23.0347,439,50895,0.453961,0.35,1,872942,872503,439
59058321,21.0936,20.6069,439,50936,0.450792,0.37,1,872962,872523,439
59061241,19.4187,17.7214,441,50977,0.434158,0.39,1,872981,872540,441
59064161,11.8837,11.5443,441,51018,0.398832,0.39,1,872991,872550,441
59067081,3.97675,3.90886,441,51059,0.423766,0.41,1,872993,872552,441
59070001,30.3954,28.7818,443,51100,0.460753,0.43,1,873030,872587,443
59072921,25.2791,26.5564,441,51141,0.484151,0.45,1,873054,872613,441
59075841,26.6558,26.1113,442,51182,0.50483,0.45,1,873081,872639,442
59078761,34.1312,34.0223,442,51223,0.556966,0.45,1,873117,872675,442
59081681,37.2262,37.2045,442,51264,0.583393,0.43,1,873155,872713,442
59084601,17.0452,16.2409,443,51305,0.588679,0.41,1,873167,872724,443
59087521,21.009,21.6482,442,51346,0.637736,0.43,1,873189,872747,442
59090441,33.0018,31.5296,444,51387,0.615547,0.45,1,873225,872781,444
59093361,33.8004,33.5059,444,51428,0.643109,0.47,1,873259,872815,444
59096281,44.3601,43.5012,445,51469,0.664622,0.47,1,873306,872861,445
59099201,32.872,32.7002,445,51510,0.636924,0.47,1,873336,872891,445
59102121,27.3744,27.34,445,51551,0.663385,0.45,1,873362,872917,445
59105041,23.0749,25.468,442,51592,0.668677,0.45,1,873384,872942,442
59107961,20.615,21.0936,442,51633,0.669735,0.43,1,873404,872962,442
59110881,18.523,19.4187,441,51674,0.637947,0.39,1,873422,872981,441
59113801,12.5046,11.8837,442,51715,0.663589,0.43,1,873433,872991,442
59116721,4.10092,3.97675,442,51756,0.668718,0.43,1,873435,872993,442
59119641,32.8202,0.79535,482,51797,0.605744,0.47,1,873475,872993,482
59122561,25.764,29.7591,469,51838,0.609149,0.49,1,873499,873030,469
59125481,27.5528,25.1518,473,51879,0.65783,0.51,1,873527,873054,473
59128401,35.9106,26.6304,484,51920,0.651566,0.57,1,873565,873081,484
59131321,39.1821,34.1261,488,51961,0.682313,0.59,1,873605,873117,488
59134241,18.2364,37.2252,463,52002,0.672463,0.59,1,873618,873155,463
59137161,21.2473,17.045,473,52042,0.670493,0.65,1,873640,873167,473
59140081,33.8495,21.009,488,52082,0.654099,0.61,1,873677,873189,488
59143001,34.7699,33.0018,487,52122,0.69882,0.65,1,873712,873225,487
59145921,43.754,33.8004,499,52162,0.723764,0.67,1,873758,873259,499
59148841,32.7508,44.3601,482,52202,0.760753,0.63,2,873788,873306,482
59151761,27.3502,32.872,478,52242,0.768151,0.67,2,873814,873336,478
59154681,23.07,27.3744,474,52282,0.76963,0.67,2,873836,873362,474
59157601,20.614,23.0749,472,52322,0.769926,0.67,2,873856,873384,472
59160521,19.3228,20.615,471,52362,0.785985,0.63,2,873875,873404,471
59163441,11.8646,18.523,463,52402,0.789197,0.67,2,873885,873422,463
59166361,3.97291,12.5046,454,52442,0.789839,0.67,2,873887,873433,454
59169281,31.1946,4.10092,490,52482,0.789968,0.59,2,873925,873435,490
59172201,27.0389,32.8202,476,52522,0.837994,0.61,2,873951,873475,476
59175121,29.4078,25.764,482,52562,0.863599,0.67,2,873981,873499,482
59178041,37.0816,27.5528,493,52602,0.90072,0.65,2,874020,873527,493
59180961,39.4163,35.9106,495,52642,0.924144,0.69,2,874060,873565,495
59183881,17.4833,39.1821,467,52682,0.928829,0.67,2,874072,873605,467
59186801,21.0967,18.2364,476,52722,0.945766,0.67,2,874094,873618,476
59445221,71,63,523,25716,0.55,0.99,1,876585,876062,523
59448141,59.8,81.4,494,25798,0.598,0.89,1,876642,876148,494
59451061,67.16,69.08,497,25880,0.5756,0.69,1,876711,876214,497
59453981,56.632,67.416,484,25962,0.60312,0.59,1,876765,876281,484
59456901,48.9264,66.2832,465,26044,0.592624,0.45,1,876812,876347,465
59459821,48.1853,56.4566,459,26125,0.622525,0.47,1,876860,876401,459
59462741,36.0371,40.0913,456,26206,0.628505,0.41,1,876893,876437,456
59465661,60.0074,28.8183,496,26287,0.661701,0.49,1,876959,876463,496
59468581,72.0015,46.5637,520,26368,0.71634,0.55,1,877034,876514,520
59471501,60.8003,66.1127,507,26448,0.695268,0.61,1,877092,876585,507
59474421,66.5601,58.8225,518,26528,0.739054,0.57,1,877160,876642,518
59477341,58.112,66.9645,505,26608,0.779811,0.61,2,877216,876711,505
59480261,50.0224,56.5929,499,26688,0.803962,0.59,2,877264,876765,499
59483181,48.4045,48.9186,500,26767,0.808792,0.63,2,877312,876812,500
59486101,36.0809,48.1837,485,26846,0.841758,0.63,2,877345,876860,485
59489021,8.81618,36.0367,454,26925,0.848352,0.67,2,877347,876893,454
59491941,53.7632,60.0073,453,27004,0.83367,0.73,2,877412,876959,453
59494861,73.1526,72.0015,456,27082,0.862734,0.69,2,877490,877034,456
59497781,62.6305,60.8003,458,27160,0.884547,0.75,2,877550,877092,458
59500701,67.7261,66.5601,459,27238,0.920909,0.79,2,877619,877160,459
59503621,59.9452,58.112,461,27316,0.944182,0.81,2,877677,877216,461
59637941,52,70,481,30678,0.71,1,1,880001,879520,481
59640861,51.2,42,497,30747,0.662,1,1,880052,879555,497
59643781,55.84,70.8,476,30816,0.5244,1,1,880109,879633,476
59646701,51.168,43.76,489,30885,0.36888,1,1,880159,879670,489
59649621,47.8336,49.552,485,30954,0.241776,1,1,880206,879721,485
59652541,35.1667,39.5104,480,31022,0.0723552,1,1,880238,879758,480
59655461,31.8333,32.7021,480,31090,0.054471,0.99,1,880269,879789,480
59658381,57.5667,66.5404,469,31158,0.0108942,0.91,1,880333,879864,469
59661301,40.3133,43.7081,467,31226,0.0261788,0.83,1,880369,879902,467
59664221,40.0627,46.3416,460,31294,0.0292358,0.83,1,880409,879949,460
59667141,45.6125,9.26832,507,31362,0.0298472,0.71,1,880456,879949,507
59670061,46.7225,43.4537,502,31429,0.0779694,0.65,1,880503,880001,502
59672981,49.3445,49.4907,501,31496,0.0875939,0.49,1,880553,880052,501
59675901,43.4689,55.4981,486,31563,0.0735188,0.33,1,880595,880109,486
59678821,40.6938,51.0996,476,31630,0.118704,0.21,1,880635,880159,476
59681741,29.7388,47.8199,456,31697,0.0797407,0.03,1,880662,880206,456
59684661,29.1478,35.164,453,31764,0.119948,0.05,1,880691,880238,453
59687581,57.0296,31.8328,486,31831,0.0799896,0,1,880755,880269,486
59690501,39.4059,57.5666,457,31897,0.0399979,0.03,1,880790,880333,457
59693421,39.8812,40.3133,461,31963,0.00799959,0.03,1,880830,880369,461
59696341,47.1762,40.0627,470,32029,0.0415999,0.03,1,880879,880409,470
59699261,47.0352,45.6125,470,32095,0.06432,0.09,1,880926,880456,470
59702181,51.0071,46.7225,475,32161,0.068864,0.09,1,880978,880503,475
59705101,45.4014,49.3445,469,32227,0.117773,0.07,1,881022,880553,469
59708021,41.0803,43.4689,467,32293,0.143555,0.13,1,881062,880595,467
59710941,29.0161,40.6938,453,32359,0.164711,0.07,1,881088,880635,453
59713861,30.6032,29.7388,457,32424,0.184942,0.13,1,881119,880662,457
59716781,54.1206,29.1478,488,32489,0.172988,0.07,1,881179,880691,488
59719701,36.4241,57.0296,456,32554,0.154598,0.03,1,881211,880755,456
59722621,39.2848,39.4059,461,32619,0.0389195,0,1,881251,880790,461
59725541,48.657,39.8812,472,32684,0.0317839,0.05,1,881302,880830,472
59728461,46.5314,47.1762,469,32749,0.0943568,0.07,1,881348,880879,469
59731381,10.9063,47.0352,424,32814,0.106871,0.07,1,881350,880926,424
59734301,46.1813,51.0071,427,32878,0.125374,0.13,1,881405,880978,427
59737221,46.0362,45.4014,429,32942,0.129075,0.15,1,881451,881022,429
59740141,41.2072,41.0803,429,33006,0.161815,0.17,1,881491,881062,429
59743061,29.8414,29.0161,430,33070,0.152363,0.19,1,881518,881088,430
59745981,29.9683,30.6032,429,33134,0.198473,0.17,1,881548,881119,429
59748901,55.5937,54.1206,431,33198,0.191695,0.15,1,881610,881179,431
59751821,33.5187,36.4241,427,33262,0.206339,0.01,1,881638,881211,427
59754741,34.7037,39.2848,422,33326,0.225268,0.03,1,881673,881251,422
59757661,49.3408,48.657,424,33389,0.117054,0.11,1,881726,881302,424
59760581,49.0682,46.5314,427,33452,0.143411,0.11,1,881775,881348,427
59763501,11.4136,10.9063,427,33515,0.148682,0.13,1,881777,881350,427
59766421,45.4827,46.1813,426,33578,0.149736,0.13,1,881831,881405,426
59769341,46.6965,46.0362,427,33641,0.165947,0.17,1,881878,881451,427
59772261,42.1393,41.2072,428,33704,0.201189,0.15,1,881919,881491,428
59775181,30.8279,29.8414,429,33767,0.208238,0.21,1,881947,881518,429
59778101,30.9656,29.9683,430,33830,0.225648,0.19,1,881978,881548,430
59781021,56.5931,55.5937,431,33893,0.261129,0.21,1,882041,881610,431
59783941,34.5186,33.5187,432,33955,0.268226,0.23,1,882070,881638,432
59786861,32.5037,34.7037,429,34017,0.317645,0.09,1,882102,881673,429
59789781,45.7007,49.3408,425,34079,0.311529,0.15,1,882151,881726,425
59792701,49.9401,49.0682,427,34141,0.326306,0.15,1,882202,881775,427
59795621,11.588,11.4136,427,34203,0.329261,0.15,1,882204,881777,427
59798541,46.3176,45.4827,428,34265,0.329852,0.15,1,882259,881831,428
59801461,46.0635,9.09654,474,34327,0.32997,0.17,1,882305,881831,474
59804381,43.6127,39.4193,470,34389,0.361994,0.21,1,882348,881878,470
59807301,31.9225,40.6839,458,34450,0.400399,0.21,1,882377,881919,458
59810221,32.7845,30.5368,463,34511,0.45608,0.23,1,882410,881947,463
59813141,58.5569,30.9074,497,34572,0.515216,0.27,1,882475,881978,497
59816061,35.7114,56.5815,464,34633,0.527043,0.27,1,882505,882041,464
59818981,32.7423,34.5163,467,34694,0.529409,0.33,1,882537,882070,467
59821901,46.5485,32.5033,485,34755,0.545882,0.31,1,882587,882102,485
59824821,49.3097,45.7007,486,34816,0.549176,0.33,1,882637,882151,486
59827741,11.4619,49.9401,437,34877,0.549835,0.33,1,882639,882202,437
59830661,46.2924,11.588,490,34938,0.549967,0.33,1,882694,882204,490
59833581,47.6585,46.3176,483,34999,0.549993,0.33,1,882742,882259,483
59836501,46.3317,46.0635,483,35059,0.581999,0.37,1,882788,882305,483
59839421,33.2663,43.6127,470,35119,0.6364,0.41,1,882818,882348,470
59842341,35.4533,31.9225,477,35179,0.64728,0.47,1,882854,882377,477
59845261,61.4907,32.7845,512,35239,0.649456,0.53,1,882922,882410,512
59848181,36.2981,58.5569,477,35299,0.649891,0.53,1,882952,882475,477
59851101,32.8596,35.7114,479,35359,0.665978,0.53,1,882984,882505,479
59854021,47.3719,32.7423,498,35419,0.701196,0.55,1,883035,882537,498
59856941,49.4744,46.5485,498,35479,0.708239,0.55,1,883085,882587,498
59859861,11.4949,49.3097,450,35539,0.709648,0.55,1,883087,882637,450
59862781,46.299,11.4619,503,35598,0.72593,0.55,1,883142,882639,503
59865701,48.4598,46.2924,497,35657,0.777186,0.55,2,883191,882694,497
59868621,11.292,47.6585,451,35716,0.755437,0.59,2,883193,882742,451
59871541,40.6584,46.3317,453,35775,0.815087,0.65,2,883241,882788,453
59874461,33.7317,33.2663,455,35834,0.827018,0.65,2,883273,882818,455
59877381,34.7463,35.4533,454,35893,0.829404,0.65,2,883308,882854,454
59880301,61.3493,61.4907,454,35952,0.813881,0.65,2,883376,882922,454
59883221,36.2699,36.2981,454,36011,0.810776,0.67,2,883406,882952,454
59886141,34.454,32.8596,456,36070,0.778155,0.71,2,883440,882984,456
59889061,48.4908,47.3719,457,36129,0.851631,0.71,2,883492,883035,457
59891981,49.6982,49.4744,457,36187,0.866326,0.71,2,883542,883085,457
59894901,11.5396,11.4949,457,36245,0.869265,0.73,2,883544,883087,457
59897821,47.1079,46.299,458,36303,0.901853,0.79,2,883600,883142,458
59900741,51.0216,48.4598,461,36361,0.908371,0.75,2,883652,883191,461
59903661,11.8043,11.292,461,36419,0.877674,0.83,2,883654,883193,461
59906581,40.7609,40.6584,461,36477,0.935535,0.83,2,883702,883241,461
59909501,34.5522,33.7317,462,36535,0.947107,0.83,2,883735,883273,462
60026301,36,30,492,38782,0.81,1,2,885297,884805,492
60029221,28,35.6,481,38836,0.778,1,2,885323,884842,481
60032141,56,48.72,492,38890,0.6596,1,1,885386,884894,492
60035061,57.6,56.144,492,38944,0.53992,1,1,885444,884952,492
60037981,39.52,32.0288,501,38998,0.467984,1,1,885479,884978,501
60040901,31.904,30.4058,501,39052,0.389597,1,1,885509,885008,501
60043821,36.7808,51.6812,482,39106,0.293919,1,1,885547,885065,482
60046741,28.1562,25.5362,489,39160,0.274784,1,1,885573,885084,489
60049661,26.4312,27.5072,487,39214,0.270957,1,1,885599,885112,487
60052581,20.4862,28.7014,477,39268,0.286191,1,1,885618,885141,477
60055501,29.6972,28.9403,480,39322,0.241238,0.94,1,885650,885170,480
60058421,27.5394,28.9881,478,39376,0.264248,0.91,1,885677,885199,478
60061341,43.9079,55.3976,464,39430,0.36485,0.81,1,885725,885261,464
60064261,35.1816,39.8795,461,39484,0.35297,0.77,1,885758,885297,461
60067181,26.2363,28.7759,459,39537,0.398594,0.63,1,885782,885323,459
60070101,49.2473,56.1552,451,39590,0.423719,0.51,1,885837,885386,451
60073021,48.2495,57.631,441,39643,0.412744,0.45,1,885885,885444,441
60075941,33.6499,39.5262,436,39696,0.458549,0.37,1,885915,885479,436
60078861,30.73,31.9052,436,39749,0.45171,0.27,1,885945,885509,436
60081781,38.146,36.781,438,39802,0.498342,0.27,1,885985,885547,438
60084701,27.6292,28.1562,437,39855,0.523668,0.27,1,886010,885573,437
60087621,23.9258,26.4312,434,39908,0.512734,0.29,1,886033,885599,434
60090541,20.7852,20.4862,435,39961,0.510547,0.23,1,886053,885618,435
60093461,29.757,29.6972,435,40014,0.478109,0.27,1,886085,885650,435
60096381,29.1514,27.5394,437,40067,0.471622,0.27,1,886114,885677,437
60099301,45.8303,5.50789,487,40120,0.438324,0.39,1,886164,885677,487
60102221,35.5661,39.5016,472,40173,0.463665,0.35,1,886197,885725,472
60105141,25.5132,34.3003,462,40226,0.484733,0.41,1,886220,885758,462
60108061,50.7026,26.0601,495,40278,0.536947,0.43,1,886277,885782,495
60110981,50.1405,49.212,490,40330,0.595389,0.41,1,886327,885837,490
60113901,34.0281,48.2424,472,40382,0.607078,0.47,1,886357,885885,472
60116821,31.6056,33.6485,473,40434,0.641416,0.45,1,886388,885915,473
60119741,39.1211,30.7297,484,40486,0.648283,0.51,1,886429,885945,484
60122661,28.6242,38.1459,470,40538,0.649657,0.53,1,886455,885985,470
60125581,23.3248,27.6292,467,40590,0.649931,0.51,1,886477,886010,467
60128501,20.665,23.9258,464,40642,0.665986,0.51,1,886497,886033,464
60131421,30.533,20.7852,477,40694,0.653197,0.47,1,886530,886053,477
60134341,28.5066,29.757,473,40746,0.650639,0.47,1,886558,886085,473
60137261,44.1013,29.1514,492,40798,0.666128,0.43,1,886606,886114,492
60140181,38.4203,45.8303,479,40850,0.669226,0.47,1,886643,886164,479
60143101,25.2841,35.5661,468,40902,0.701845,0.49,1,886665,886197,468
60146021,53.0568,25.5132,505,40954,0.772369,0.55,2,886725,886220,505
60148941,53.0114,50.7026,501,41006,0.786474,0.61,2,886778,886277,501
60151861,34.6023,50.1405,481,41057,0.789295,0.61,2,886808,886327,481
60154781,33.3205,34.0281,484,41108,0.789859,0.65,2,886841,886357,484
60157701,39.4641,31.6056,494,41159,0.821972,0.65,2,886882,886388,494
60160621,28.6928,39.1211,479,41210,0.844394,0.65,2,886908,886429,479
60163541,24.1386,28.6242,476,41261,0.832879,0.65,2,886931,886455,476
60166461,20.8277,23.3248,474,41312,0.878576,0.67,2,886951,886477,474
60169381,29.7655,20.665,486,41363,0.887715,0.65,2,886983,886497,486
60172301,28.3531,30.533,481,41414,0.889543,0.65,2,887011,886530,481
60175221,44.8706,28.5066,502,41465,0.921909,0.67,2,887060,886558,502
60424881,50,80,463,20647,0,0.29,1,890010,889547,463
60427801,79.6,80,470,20750,0.056,0.05,1,890097,889627,470
60430721,91.12,107.2,450,20852,0.0992,0.05,1,890191,889741,450
60433641,65.424,61.44,459,20954,0.04384,0,1,890250,889791,459
60436561,40.2848,56.288,438,21055,0.032768,0.03,1,890284,889846,438
60439481,25.657,33.6576,432,21156,0.0305536,0.03,1,890306,889874,432
60442401,66.7314,75.5315,423,21256,0.0621107,0,1,890383,889960,423
60445321,53.3463,55.1063,423,21356,0.0364221,0.07,1,890433,890010,423
60448241,82.6693,80.6213,426,21455,0.0632844,0.11,1,890523,890097,426
60451161,91.7339,91.3243,426,21554,0.0366569,0.03,1,890617,890191,426
60454081,62.3468,65.4649,422,21652,0.0313314,0.03,1,890672,890250,422
60457001,40.4694,40.293,423,21750,0.0142663,0.03,1,890707,890284,423
60459921,25.6939,25.6586,423,21848,0.0108533,0.07,1,890729,890306,423
60462841,68.3388,66.7317,425,21945,0.0581706,0.03,1,890808,890383,425
60465761,52.0678,53.3463,423,22042,0.0516341,0.07,1,890856,890433,423
60468681,83.2136,82.6693,424,22138,0.0663268,0.03,1,890947,890523,424
60471601,91.0427,91.7339,423,22234,0.0372654,0.03,1,891040,890617,423
60474521,62.2085,62.3468,423,22329,0.0154531,0.01,1,891095,890672,423
60477441,39.6417,40.4694,422,22424,0.0430906,0.01,1,891129,890707,422
60480361,25.5283,25.6939,422,22519,0.00861812,0.01,1,891151,890729,422
60483281,68.3057,5.13877,501,22613,0.0257236,0.07,1,891230,890729,501
60486201,52.8611,64.2278,471,22707,0.0291447,0.05,1,891279,890808,471
60489121,84.1722,51.2456,515,22800,0.0458289,0.07,1,891371,890856,515
60492041,90.4344,83.0491,516,22893,0.0171658,0.03,1,891463,890947,516
60494961,60.4869,91.0098,476,22986,0.0274332,0.01,1,891516,891040,476
60497881,39.2974,62.202,455,23078,0.0134866,0.05,1,891550,891095,455
60500801,25.4595,39.6404,443,23170,0.0106973,0,1,891572,891129,443
60503721,69.8919,25.5281,502,23261,0.0581395,0.03,1,891653,891151,502
60506641,52.3784,68.3056,471,23352,0.0836279,0.03,1,891701,891230,471
60509561,84.8757,52.8611,515,23443,0.152726,0.05,1,891794,891279,515
60512481,89.7751,84.1722,514,23533,0.230545,0.01,1,891885,891371,514
60515401,59.555,90.4344,474,23623,0.118109,0.03,1,891937,891463,474
60518321,40.711,60.4869,457,23713,0.0956218,0.01,1,891973,891516,457
60521241,24.1422,39.2974,443,23802,0.139124,0.01,1,891993,891550,443
60524161,72.0284,25.4595,505,23891,0.0838249,0.07,1,892077,891572,505
60527081,53.6057,69.8919,473,23980,0.104765,0.09,1,892126,891653,473
60530001,12.3211,52.3784,427,24068,0.108953,0.17,1,892128,891701,427
60532921,79.2642,84.8757,430,24156,0.173791,0.25,1,892224,891794,430
60535841,90.2528,89.7751,432,24244,0.298758,0.09,1,892317,891885,432
60538761,56.4506,59.555,428,24331,0.291752,0.09,1,892365,891937,428
60541681,40.0901,40.711,428,24418,0.30635,0.15,1,892401,891973,428
60544601,23.218,24.1422,427,24505,0.29327,0.07,1,892420,891993,427
60547521,71.0436,72.0284,426,24591,0.370654,0.11,1,892503,892077,426
60550441,55.0087,53.6057,428,24677,0.370131,0.11,1,892554,892126,428
60553361,12.6017,12.3211,428,24763,0.370026,0.19,1,892556,892128,428
60556281,82.5203,79.2642,432,24849,0.402005,0.33,1,892656,892224,432
60559201,94.1041,90.2528,436,24934,0.424401,0.29,1,892753,892317,436
60562121,57.2208,56.4506,436,25019,0.44488,0.31,1,892801,892365,436
60565041,41.0442,40.0901,437,25104,0.432976,0.29,1,892838,892401,437
60567961,22.6088,23.218,436,25188,0.462595,0.39,1,892856,892420,436
60570881,73.3218,71.0436,439,25272,0.452519,0.37,1,892942,892503,439
60573801,54.6644,55.0087,438,25356,0.450504,0.37,1,892992,892554,438
60576721,12.5329,12.6017,438,25440,0.482101,0.37,1,892994,892556,438
60579641,83.3066,2.52035,539,25523,0.42442,0.41,1,893095,892556,539
60582561,96.6613,80.5041,539,25606,0.444884,0.43,1,893195,892656,539
60585481,58.5323,93.7008,491,25689,0.496977,0.45,1,893244,892753,491
60588401,40.5065,57.1402,479,25771,0.507395,0.43,1,893280,892801,479
60591321,22.5013,41.028,460,25853,0.509479,0.47,1,893298,892838,460
60594241,73.3003,22.6056,528,25935,0.541896,0.45,1,893384,892856,528
60597161,55.4601,73.3211,493,26017,0.548379,0.45,1,893435,892942,493
60600081,12.692,54.6642,445,26098,0.549676,0.49,1,893437,892992,445
60603001,81.7384,12.5328,542,26179,0.581935,0.41,1,893536,892994,542
60605921,98.7477,83.3066,544,26260,0.668387,0.45,1,893639,893095,544
60608841,60.5495,96.6613,495,26341,0.701677,0.51,1,893690,893195,495
60611761,40.9099,58.5323,482,26421,0.708336,0.51,1,893726,893244,482
60614681,22.582,40.5065,464,26501,0.725667,0.51,1,893744,893280,464
60617601,73.3164,22.5013,532,26581,0.777133,0.55,2,893830,893298,532
60620521,57.0633,73.3003,499,26661,0.819427,0.55,2,893883,893384,499
60623441,13.0127,55.4601,450,26740,0.843885,0.55,2,893885,893435,450
60626361,83.4025,12.692,549,26819,0.896777,0.59,2,893986,893437,549
60830761,42,35,520,31877,0.57,1,1,897555,897035,520
60833681,26,35,507,31943,0.538,1,1,897577,897070,507
60836601,36.4,25.4,523,32009,0.4196,1,1,897616,897093,523
60839521,34.48,32.28,523,32075,0.34792,1,1,897650,897127,523
60842441,50.096,36.056,540,32141,0.237584,1,1,897704,897164,540
60845361,38.8192,56.8112,514,32207,0.135517,1,1,897740,897226,514
60848281,66.9638,41.7622,550,32273,0.0671034,0.92,1,897814,897264,550
60851201,70.1928,69.9524,544,32339,0.0694207,0.99,1,897885,897341,544
60854121,57.2386,73.9905,523,32404,0.0378841,0.79,1,897939,897416,523
60857041,37.0477,61.9981,496,32469,0.0635768,0.71,1,897971,897475,496
60859961,31.4095,42.7996,488,32534,0.0367154,0.57,1,898001,897513,488
60862881,19.8819,42.1599,463,32599,0.0473431,0.53,1,898018,897555,463
60865801,32.7764,26.032,477,32664,0.0494686,0.39,1,898054,897577,477
60868721,30.5553,36.4064,468,32729,0.0338937,0.33,1,898084,897616,468
60871641,7.71105,34.4813,436,32794,0.0307787,0.21,1,898086,897650,436
60874561,40.7422,50.0963,431,32858,0.126156,0.11,1,898135,897704,431
60877481,32.9484,38.8193,426,32922,0.161231,0.05,1,898166,897740,426
60880401,63.3897,66.9639,423,32986,0.248246,0.07,1,898237,897814,423
60883321,69.4779,70.1928,423,33050,0.105649,0.03,1,898308,897885,423
60886241,56.2956,57.2386,422,33114,0.0931299,0.07,1,898361,897939,422
60889161,39.2591,37.0477,425,33178,0.026626,0.03,1,898396,897971,425
60892081,31.8518,31.4095,425,33242,0.0613252,0.05,1,898426,898001,425
60895001,18.3704,19.8819,423,33306,0.084265,0.05,1,898441,898018,423
60897921,33.2741,32.7764,424,33370,0.040853,0.03,1,898478,898054,424
60900841,33.0548,30.5553,427,33433,0.0481706,0.03,1,898511,898084,427
60903761,8.21096,7.71105,427,33496,0.0496341,0.15,1,898513,898086,427
60906681,40.8422,40.7422,427,33559,0.0339268,0.17,1,898562,898135,427
60909601,33.7684,32.9484,428,33622,0.0627854,0.27,1,898594,898166,428
60912521,65.9537,63.3897,431,33685,0.0845571,0.07,1,898668,898237,431
60915441,63.5907,69.4779,423,33748,0.104911,0.09,1,898731,898308,423
60918361,54.3181,56.2956,422,33811,0.140982,0.01,1,898783,898361,422
60921281,40.4636,39.2591,424,33874,0.116196,0.07,1,898820,898396,424
60924201,32.8927,31.8518,425,33936,0.111239,0.09,1,898851,898426,425
60927121,17.7785,18.3704,424,33998,0.110248,0.03,1,898865,898441,424
60930041,33.1557,33.2741,424,34060,0.17405,0.05,1,898902,898478,424
60932961,31.4311,33.0548,422,34122,0.20281,0.05,1,898933,898511,422
60935881,7.88623,8.21096,422,34184,0.176562,0.03,1,898935,898513,422
60938801,40.7772,40.8422,422,34246,0.155312,0.03,1,898984,898562,422
60941721,33.7554,8.16844,454,34308,0.135062,0.07,1,899016,898562,454
60944641,69.1511,27.2337,500,34370,0.179012,0.09,1,899094,898594,500
60947561,64.2302,64.6467,489,34432,0.155803,0.11,1,899157,898668,489
60950481,54.446,63.3293,478,34493,0.15116,0.15,1,899209,898731,478
60953401,39.6892,54.2659,462,34554,0.166232,0.11,1,899245,898783,462
60956321,33.5378,40.4532,457,34615,0.137246,0.11,1,899277,898820,457
60959241,18.7076,32.8906,441,34676,0.115449,0.11,1,899292,898851,441
60962161,35.7415,17.7781,467,34737,0.14309,0.19,1,899332,898865,467
60965081,31.1483,33.1556,460,34798,0.164618,0.21,1,899362,898902,460
60968001,7.82966,31.4311,431,34859,0.168924,0.17,1,899364,898933,431
60970921,38.3659,7.88622,475,34920,0.185785,0.15,1,899410,898935,475
60973841,34.0732,40.7772,459,34981,0.221157,0.13,1,899443,898984,459
60976761,70.0146,33.7554,506,35041,0.260231,0.19,1,899522,899016,506
60979681,64.4029,69.1511,491,35101,0.332046,0.15,1,899585,899094,491
60982601,54.4806,64.2302,480,35161,0.378409,0.15,1,899637,899157,480
60985521,38.8961,54.446,463,35221,0.403682,0.17,1,899672,899209,463
60988441,33.3792,39.6892,459,35281,0.408736,0.13,1,899704,899245,459
60991361,19.4758,33.5378,443,35341,0.409747,0.11,1,899720,899277,443
60994281,36.6952,18.7076,469,35401,0.409949,0.15,1,899761,899292,469
60997201,31.339,35.7415,459,35461,0.44199,0.17,1,899791,899332,459
61000121,7.86781,31.1483,431,35521,0.448398,0.17,1,899793,899362,431
61003041,39.1736,7.82966,476,35581,0.46568,0.19,1,899840,899364,476
61005961,35.8347,38.3659,465,35640,0.485136,0.23,1,899875,899410,465
61008881,8.76694,34.0732,434,35699,0.489027,0.27,1,899877,899443,434
61011801,65.7534,70.0146,435,35758,0.553805,0.35,1,899957,899522,435
61014721,67.5507,64.4029,440,35817,0.598761,0.39,1,900025,899585,440
61017641,55.9101,54.4806,441,35876,0.639752,0.41,1,900078,899637,441
61020561,39.982,38.8961,442,35935,0.64795,0.41,1,900114,899672,442
61023481,33.5964,33.3792,442,35994,0.68159,0.41,1,900146,899704,442
61026401,19.5193,19.4758,442,36053,0.672318,0.41,1,900162,899720,442
61029321,36.7039,36.6952,442,36112,0.686464,0.45,1,900203,899761,442
61032241,32.9408,31.339,444,36171,0.689293,0.45,1,900235,899791,444
61035161,8.18815,7.86781,444,36229,0.689859,0.47,1,900237,899793,444
61038081,40.8376,39.1736,446,36287,0.689972,0.49,1,900286,899840,446
61041001,36.1675,35.8347,446,36345,0.673994,0.49,1,900321,899875,446
61043921,8.8335,8.76694,446,36403,0.670799,0.57,1,900323,899877,446
61046841,68.9667,65.7534,450,36461,0.68616,0.61,1,900407,899957,450
61049761,69.7933,67.5507,452,36519,0.737232,0.65,1,900477,900025,452
61052681,57.9587,55.9101,454,36577,0.795446,0.65,2,900532,900078,454
61055601,40.3917,39.982,454,36635,0.807089,0.69,2,900568,900114,454
61058521,34.4783,33.5964,455,36693,0.825418,0.67,2,900601,900146,455
61061441,19.6957,19.5193,455,36751,0.829084,0.69,2,900617,900162,455
61064361,35.9391,36.7039,454,36809,0.829817,0.69,2,900657,900203,454
61067281,32.7878,32.9408,454,36866,0.829963,0.69,2,900689,900235,454
61070201,8.15756,8.18815,454,36923,0.829993,0.69,2,900691,900237,454
61073121,42.4315,40.8376,456,36980,0.845999,0.67,2,900742,900286,456
61076041,35.6863,36.1675,455,37037,0.8972,0.67,2,900776,900321,455
61078961,8.73726,8.8335,455,37094,0.87544,0.69,2,900778,900323,455
61081881,69.7475,68.9667,456,37151,0.903088,0.69,2,900863,900407,456
61084801,71.5495,13.7933,528,37208,0.940618,0.75,2,900935,900407,528
61087721,59.9099,58.7587,515,37265,0.948123,0.81,2,900992,900477,515
61233721,41,47,485,40001,0.31,1,1,902893,902408,485
61236641,36.2,27.8,497,40054,0.246,1,1,902928,902431,497
61239561,32.84,32.76,495,40107,0.1692,1,1,902960,902465,495
61242481,21.768,6.552,514,40160,0.12184,1,1,902979,902465,514
61245401,21.1536,26.9104,503,40213,0.096368,1,1,903000,902497,503
61248321,23.4307,23.7821,504,40266,0.0272736,1,1,903024,902520,504
61251241,34.2861,37.5564,500,40318,0.0134547,1,1,903061,902561,500
61254161,34.0572,33.9113,501,40370,0.0106909,0.97,1,903095,902594,501
61257081,29.2114,26.7823,504,40422,0.0101382,0.96,1,903123,902619,504
61260001,28.2423,26.1565,506,40474,0.0740276,1,1,903151,902645,506
61262921,29.6485,34.8313,499,40526,0.0388055,0.95,1,903181,902682,499
61265841,39.5297,30.1663,512,40578,0.0157611,0.85,1,903223,902711,512
61268761,62.3059,46.8333,529,40630,0.0111522,0.45,1,903291,902762,529
61271681,42.0612,81.3666,476,40682,0.0582304,0.31,1,903328,902852,476
61274601,32.4122,49.0733,465,40734,0.0996461,0.23,1,903358,902893,465
61277521,31.2824,37.8147,461,40786,0.139929,0.15,1,903389,902928,461
61280441,17.4565,33.1629,443,40838,0.147986,0.11,1,903403,902960,443
61283361,20.2913,21.8326,445,40890,0.101597,0.09,1,903424,902979,445
61286281,20.8583,21.1665,445,40942,0.108319,0.01,1,903445,903000,445
61289201,33.7717,23.4333,458,40994,0.0456639,0.01,1,903482,903024,458
61292121,34.7543,34.2867,456,41045,0.0811328,0.01,1,903517,903061,456
61295041,29.3509,34.0573,450,41096,0.0402266,0.01,1,903545,903095,450
61297961,31.4702,29.2115,454,41147,0.0800453,0.09,1,903577,903123,454
61300881,26.294,28.2423,451,41198,0.0720091,0.03,1,903602,903151,451
61303801,39.6588,29.6485,464,41249,0.0224018,0.01,1,903645,903181,464
61306721,63.1318,39.5297,491,41300,0.0284804,0.01,1,903714,903223,491
61309641,43.0264,62.3059,461,41351,0.0296961,0.07,1,903752,903291,461
61312561,34.2053,42.0612,456,41402,0.0459392,0.11,1,903784,903328,456
61315481,33.2411,32.4122,459,41453,0.0331878,0.15,1,903817,903358,459
61318401,14.6482,31.2824,438,41504,0.0466376,0.15,1,903827,903389,438
61321321,4.52964,17.4565,426,41555,0.0493275,0.09,1,903829,903403,426
61324241,17.7059,20.2913,426,41606,0.0978655,0.11,1,903850,903424,426
61327161,19.5412,20.8583,425,41657,0.0755731,0.03,1,903870,903445,425
61330081,31.1082,33.7717,422,41708,0.119115,0.09,1,903904,903482,422
61333001,34.2216,34.7543,422,41759,0.111823,0.03,1,903939,903517,422
61335921,29.2443,29.3509,422,41810,0.0783646,0.09,1,903967,903545,422
61338841,34.6489,31.4702,426,41860,0.0876729,0.07,1,904003,903577,426
61341761,24.5298,26.294,423,41910,0.0895346,0.01,1,904025,903602,423
61344681,40.906,39.6588,425,41960,0.0419069,0.03,1,904070,903645,425
61347601,61.7812,63.1318,423,42010,0.0643814,0.03,1,904137,903714,423
61350521,42.7562,43.0264,423,42060,0.0688763,0.05,1,904175,903752,423
61353441,34.9512,34.2053,424,42110,0.0857753,0.03,1,904208,903784,424
61356361,33.3902,33.2411,424,42160,0.0891551,0.05,1,904241,903817,424
61359281,14.678,14.6482,424,42210,0.089831,0.05,1,904251,903827,424
61362201,4.53561,4.52964,424,42260,0.0899662,0.11,1,904253,903829,424
61365121,18.5071,17.7059,425,42310,0.121993,0.07,1,904275,903850,425
61368041,20.5014,19.5412,426,42360,0.144399,0.13,1,904296,903870,426
61370961,32.9003,31.1082,428,42410,0.19688,0.11,1,904332,903904,428
61373881,33.7801,34.2216,427,42460,0.191376,0.07,1,904366,903939,427
61376801,25.956,29.2443,423,42510,0.206275,0.09,1,904390,903967,423
61379721,34.7912,34.6489,424,42560,0.193255,0.09,1,904427,904003,424
61382641,24.5582,24.5298,424,42610,0.206651,0.03,1,904449,904025,424
61385561,39.3116,40.906,422,42660,0.24133,0.07,1,904492,904070,422
61388481,62.2623,61.7812,423,42709,0.312266,0.07,1,904560,904137,423
61391401,42.8525,42.7562,423,42758,0.342453,0.09,1,904598,904175,423
61394321,36.5705,34.9512,425,42807,0.364491,0.09,1,904633,904208,425
61397241,34.5141,33.3902,426,42856,0.368898,0.09,1,904667,904241,426
61400161,14.9028,14.678,426,42905,0.38578,0.09,1,904677,904251,426
61403081,4.58056,4.53561,426,42954,0.389156,0.13,1,904679,904253,426
61406001,18.5161,18.5071,426,43003,0.437831,0.13,1,904701,904275,426
61408921,20.5032,3.70142,447,43052,0.399566,0.15,1,904722,904275,447
61411841,36.1006,17.5403,466,43101,0.439913,0.21,1,904762,904296,466
61414761,34.4201,32.3081,464,43150,0.415983,0.19,1,904796,904332,464
61417681,26.884,33.6616,455,43199,0.411197,0.21,1,904821,904366,455
61420601,34.1768,25.9323,467,43248,0.426239,0.19,1,904857,904390,467
61423521,25.2354,34.7865,453,43297,0.413248,0.21,1,904880,904427,453
61426441,40.2471,24.5573,475,43346,0.41065,0.25,1,904924,904449,475
61429361,64.8494,39.3115,503,43395,0.39413,0.33,1,904995,904492,503
61432281,44.1699,62.2623,474,43444,0.374826,0.35,1,905034,904560,474
61435201,39.234,42.8525,474,43493,0.370965,0.37,1,905072,904598,474
61438121,35.8468,36.5705,474,43542,0.354193,0.37,1,905107,904633,474
61441041,15.1694,34.5141,450,43590,0.366839,0.39,1,905117,904667,450
61443961,4.63387,14.9028,442,43638,0.369368,0.39,1,905119,904677,442
61446881,19.3268,4.58056,463,43686,0.385874,0.45,1,905142,904679,463
61449801,19.8654,18.5161,461,43734,0.405175,0.39,1,905162,904701,461
61452721,36.7731,20.5032,481,43782,0.409035,0.45,1,905203,904722,481
61455641,35.3546,36.1006,476,43830,0.457807,0.41,1,905238,904762,476
61458561,26.2709,34.4201,466,43878,0.467561,0.41,1,905262,904796,466
61461481,34.8542,26.884,478,43926,0.469512,0.43,1,905299,904821,478
61464401,24.5708,34.1768,464,43974,0.469902,0.41,1,905321,904857,464
61467321,40.1142,25.2354,485,44022,0.53398,0.41,1,905365,904880,485
61470241,64.0228,40.2471,511,44070,0.546796,0.39,1,905435,904924,511
61473161,43.2046,64.8494,478,44118,0.597359,0.37,1,905473,904995,478
61476081,39.0409,44.1699,477,44166,0.623472,0.37,1,905511,905034,477
61479001,35.8082,39.234,474,44214,0.612694,0.35,1,905546,905072,474
61481921,15.1616,35.8468,449,44262,0.610539,0.37,1,905556,905107,449
61484841,4.63233,15.1694,441,44310,0.610108,0.37,1,905558,905117,441
61487761,20.9265,4.63387,464,44358,0.594022,0.39,1,905583,905119,464
61490681,20.1853,19.3268,461,44406,0.606804,0.41,1,905603,905142,461
61493601,36.8371,19.8654,482,44454,0.609361,0.41,1,905644,905162,482
61496521,8.96741,36.7731,443,44501,0.609872,0.47,1,905646,905203,443
61499441,31.3935,35.3546,445,44548,0.625974,0.47,1,905683,905238,445
61502361,25.4787,26.2709,445,44595,0.645195,0.47,1,905707,905262,445
61505281,34.6957,34.8542,445,44642,0.681039,0.47,1,905744,905299,445
61508201,25.3391,24.5708,446,44689,0.688208,0.55,1,905767,905321,446
61511121,42.6678,40.1142,449,44736,0.753642,0.55,2,905814,905365,449
61514041,65.3336,64.0228,450,44783,0.750728,0.61,2,905885,905435,450
61516961,45.8667,43.2046,453,44830,0.766146,0.63,2,905926,905473,453
61519881,39.5733,39.0409,453,44877,0.801229,0.61,2,905964,905511,453
61522801,35.1147,35.8082,452,44924,0.808246,0.61,2,905998,905546,452
61525721,15.0229,15.1616,452,44971,0.777649,0.61,2,906008,905556,452
61528641,4.60459,4.63233,452,45018,0.77153,0.59,2,906010,905558,452
61531561,20.1209,20.9265,451,45065,0.802306,0.61,2,906034,905583,451
61534481,21.6242,20.1853,453,45112,0.824461,0.61,2,906056,905603,453
61537401,36.3248,36.8371,452,45159,0.828892,0.61,2,906096,905644,452
61540321,8.86497,8.96741,452,45206,0.797778,0.63,2,906098,905646,452
61543241,30.573,31.3935,451,45253,0.807556,0.65,2,906134,905683,451
61546161,26.9146,25.4787,453,45300,0.857511,0.69,2,906160,905707,453
61549081,35.7829,34.6957,454,45347,0.867502,0.69,2,906198,905744,454
61552001,27.1566,25.3391,456,45394,0.9335,0.77,2,906223,905767,456
61735961,34,53,498,48231,0.73,1,1,908195,907697,498
61738881,55.6,61,496,48275,0.586,1,1,908256,907760,496
61741801,44.72,56.2,483,48319,0.4772,1,1,908298,907815,483
61744721,42.544,45.64,482,48363,0.39144,1,1,908340,907858,482
61747641,38.9088,38.728,483,48407,0.374288,0.93,1,908378,907895,483
61750561,24.5818,27.7456,479,48451,0.386858,1,1,908399,907920,479
61753481,9.71635,12.7491,476,48494,0.341372,1,1,908405,907929,476
61756401,13.1433,8.14982,483,48537,0.332274,1,1,908419,907936,483
61759321,19.4287,15.23,487,48580,0.250455,1,1,908440,907953,487
61762241,18.2857,29.446,472,48623,0.154091,1,1,908458,907986,472
61765161,29.2571,32.2892,471,48666,0.118818,1,1,908490,908019,471
61768081,26.6514,28.0578,470,48709,0.0237636,1,1,908516,908046,470
61771001,29.3303,29.6116,470,48752,0.0607527,0.99,1,908546,908076,470
61773921,29.0661,29.1223,470,48795,0.0681505,0.93,1,908575,908105,470
61776841,23.4132,25.8245,467,48838,0.0376301,0.93,1,908597,908130,467
61779761,27.8826,5.16489,496,48881,0.031526,0.93,1,908626,908130,496
61782681,27.9765,25.833,493,48924,0.0303052,0.73,1,908654,908161,493
61785601,45.5953,32.3666,509,48967,0.030061,0.55,1,908704,908195,509
61788521,40.3191,55.2733,487,49010,0.0300122,0.45,1,908743,908256,487
61791441,37.6638,44.6547,482,49053,0.0460024,0.37,1,908780,908298,482
61794361,37.1328,42.5309,477,49096,0.0492005,0.37,1,908817,908340,477
61797281,21.0266,38.9062,456,49139,0.0338401,0.39,1,908834,908378,456
61800201,9.00531,24.5812,441,49182,0.062768,0.33,1,908840,908399,441
61803121,12.2011,9.71625,448,49225,0.0525536,0.33,1,908853,908405,448
61806041,15.2402,13.1432,450,49268,0.0825107,0.23,1,908869,908419,450
61808961,16.648,19.4287,446,49311,0.0405021,0.13,1,908886,908440,446
61811881,27.3296,18.2857,458,49354,0.0641004,0.11,1,908916,908458,458
61814801,23.0659,29.2571,448,49397,0.0128201,0,1,908938,908490,448
61817721,29.4132,26.6514,453,49440,0.00256402,0.07,1,908969,908516,453
61820641,28.2826,29.3303,451,49483,0.0245128,0.07,1,908997,908546,451
61823561,23.2565,29.0661,444,49526,0.0289026,0.03,1,909019,908575,444
61826481,28.6513,23.4132,452,49569,0.0617805,0.03,1,909049,908597,452
61829401,27.3303,27.8826,450,49612,0.0363561,0.03,1,909076,908626,450
61832321,45.4661,27.9765,472,49654,0.0792712,0.03,1,909126,908654,472
61835241,40.2932,45.5953,461,49696,0.103854,0.03,1,909165,908704,461
61838161,38.4586,40.3191,460,49738,0.140771,0.05,1,909203,908743,460
61841081,37.2917,37.6638,460,49780,0.148154,0.05,1,909240,908780,460
61844001,21.8583,37.1328,441,49822,0.181631,0.03,1,909258,908817,441
61846921,9.17167,21.0266,430,49864,0.188326,0.07,1,909264,908834,430
61849841,13.0343,9.00531,438,49906,0.189665,0.05,1,909278,908840,438
61852761,13.8069,12.2011,439,49948,0.205933,0.09,1,909292,908853,439
61855681,17.1614,15.2402,441,49990,0.209187,0.03,1,909310,908869,441
61858601,25.8323,16.648,452,50032,0.209837,0.07,1,909338,908886,452
61861521,22.7665,27.3296,444,50074,0.209967,0,1,909360,908916,444
61864441,30.1533,23.0659,454,50116,0.161993,0,1,909392,908938,454
61867361,27.6307,29.4132,450,50158,0.168399,0.03,1,909419,908969,450
61870281,23.1261,28.2826,444,50200,0.18568,0.03,1,909441,908997,444
61873201,28.6252,23.2565,452,50242,0.189136,0.07,1,909471,909019,452
61876121,27.325,28.6513,449,50284,0.189827,0.03,1,909498,909049,449
61879041,7.06501,27.3303,424,50326,0.189965,0.09,1,909500,909076,424
61881961,43.813,45.4661,427,50368,0.189993,0.11,1,909553,909126,427
61884881,40.7626,40.2932,428,50410,0.157999,0.15,1,909593,909165,428
61887801,39.3525,38.4586,429,50452,0.2156,0.15,1,909632,909203,429
61890721,38.2705,37.2917,430,50494,0.24312,0.19,1,909670,909240,430
61893641,22.8541,21.8583,431,50536,0.264624,0.19,1,909689,909258,431
61896561,9.37082,9.17167,431,50578,0.268925,0.19,1,909695,909264,431
61899481,13.0742,13.0343,431,50620,0.269785,0.21,1,909709,909278,431
61902401,14.6148,13.8069,432,50662,0.253957,0.21,1,909724,909292,432
61905321,17.323,17.1614,432,50704,0.298791,0.21,1,909742,909310,432
61908241,25.8646,25.8323,432,50746,0.275758,0.21,1,909770,909338,432
61911161,21.1729,22.7665,430,50788,0.303152,0.15,1,909790,909360,430
61914081,29.0346,30.1533,429,50829,0.29263,0.17,1,909821,909392,429
61917001,28.2069,27.6307,430,50870,0.290526,0.19,1,909849,909419,430
61919921,24.0414,23.1261,431,50911,0.306105,0.19,1,909872,909441,431
61922841,28.8083,28.6252,431,50952,0.309221,0.19,1,909902,909471,431
61925761,28.1617,27.325,432,50993,0.309844,0.19,1,909930,909498,432
61928681,7.23233,7.06501,432,51034,0.309969,0.19,1,909932,909500,432
61931601,41.4465,43.813,429,51075,0.341994,0.15,1,909982,909553,429
61934521,38.6893,40.7626,427,51116,0.380399,0.23,1,910020,909593,427
61937441,42.9379,39.3525,432,51157,0.45208,0.25,1,910064,909632,432
61940361,40.5876,38.2705,434,51198,0.514416,0.27,1,910104,909670,434
61943281,24.1175,22.8541,435,51239,0.510883,0.27,1,910124,909689,435
61946201,9.6235,9.37082,435,51280,0.542177,0.27,1,910130,909695,435
61949121,13.1247,13.0742,435,51321,0.516435,0.25,1,910144,909709,435
61952041,13.8249,14.6148,434,51362,0.511287,0.31,1,910158,909724,434
61954961,17.965,17.323,435,51403,0.574257,0.27,1,910177,909742,435
61957881,25.993,25.8646,435,51444,0.602852,0.31,1,910205,909770,435
61960801,21.1986,21.1729,435,51485,0.60857,0.29,1,910225,909790,435
61963721,29.8397,29.0346,436,51526,0.609714,0.29,1,910257,909821,436
61966641,28.3679,28.2069,436,51567,0.625943,0.31,1,910285,909849,436
61969561,24.8736,24.0414,437,51608,0.629189,0.31,1,910309,909872,437
61972481,28.9747,28.8083,437,51649,0.629838,0.31,1,910339,909902,437
61975401,28.1949,28.1617,437,51690,0.629968,0.31,1,910367,909930,437
61978321,7.23899,7.23233,437,51731,0.629993,0.35,1,910369,909932,437
61981241,41.4478,41.4465,437,51772,0.709999,0.35,1,910419,909982,437
61984161,39.4896,8.28929,476,51813,0.71,0.39,1,910458,909982,476
61987081,47.8979,32.0579,488,51854,0.71,0.47,1,910508,910020,488
61990001,43.1796,41.6116,486,51895,0.742,0.53,1,910550,910064,486
61992921,24.6359,40.3223,466,51936,0.7804,0.51,2,910570,910104,466
61995841,9.72718,24.0645,452,51977,0.80408,0.55,2,910576,910124,452
61998761,13.1454,9.61289,460,52018,0.808816,0.51,2,910590,910130,460
62001681,14.6291,13.1226,461,52058,0.825763,0.51,2,910605,910144,461
62004601,21.3258,13.8245,470,52098,0.781153,0.59,2,910628,910158,470
62007521,26.6652,17.9649,479,52138,0.788231,0.61,2,910656,910177,479
62010441,21.333,25.993,471,52178,0.789646,0.61,2,910676,910205,471
62013361,29.8666,21.1986,483,52218,0.789929,0.61,2,910708,910225,483
62016281,29.1733,29.8397,480,52258,0.773986,0.63,2,910737,910257,480
62019201,25.0347,28.3679,476,52298,0.770797,0.63,2,910761,910285,476
62022121,29.0069,24.8736,482,52338,0.770159,0.63,2,910791,910309,482
62025041,29.8014,28.9747,482,52378,0.770032,0.63,2,910821,910339,482
62027961,7.56028,28.1949,456,52418,0.770006,0.63,2,910823,910367,456
62030881,42.3121,7.23899,505,52458,0.754001,0.73,2,910874,910369,505
62033801,40.4624,41.4478,495,52498,0.7508,0.71,2,910914,910419,495
62036721,49.6925,39.4896,508,52538,0.81416,0.71,2,910966,910458,508
62039641,45.1385,47.8979,502,52578,0.842832,0.75,2,911010,910508,502
62042561,25.8277,43.1796,481,52618,0.848566,0.79,2,911031,910550,481
62045481,9.96554,24.6359,467,52658,0.849713,0.81,2,911037,910570,467
62048401,13.1931,9.72718,475,52698,0.849943,0.81,2,911051,910576,475
62051321,13.8386,13.1454,475,52738,0.849989,0.83,2,911065,910590,475
62054241,21.1677,14.6291,483,52778,0.833998,0.77,2,911088,910605,483
62057161,26.6335,21.3258,488,52818,0.8468,0.79,2,911116,910628,488
62060081,21.3267,26.6652,480,52858,0.88136,0.79,2,911136,910656,480
62063001,29.8653,21.333,492,52898,0.888272,0.79,2,911168,910676,492
62065921,28.3731,29.8666,488,52938,0.905654,0.77,2,911196,910708,488
62068841,24.8746,29.1733,483,52978,0.909131,0.77,2,911220,910737,483
62071761,28.9749,25.0347,489,53018,0.925826,0.77,2,911250,910761,489
62074681,28.195,29.0069,487,53058,0.945165,0.77,2,911278,910791,487
62274701,57,61,513,25716,0.01,1,1,913187,912674,513
62277621,66.6,73.8,505,25798,0.042,1,1,913256,912751,505
62280541,74.12,65.16,518,25880,0.0484,0.89,1,913332,912814,518
62283461,58.824,86.632,481,25962,0.03368,0.73,1,913387,912906,481
62286381,41.3648,50.1264,477,26044,0.062736,0.51,1,913424,912947,477
62289301,38.673,67.6253,443,26125,0.0685472,0.41,1,913462,913019,443
62292221,27.7346,25.5251,453,26206,0.0697094,0.33,1,913487,913034,453
62295141,61.5469,32.305,489,26287,0.0539419,0.19,1,913557,913068,489
62298061,54.7094,56.061,480,26368,0.0827884,0.01,1,913610,913130,480
62300981,66.1419,56.8122,492,26448,0.0725577,0.05,1,913679,913187,492
62303901,73.2284,66.5624,498,26528,0.0545115,0.05,1,913754,913256,498
62306821,60.2457,74.1125,479,26608,0.0349023,0.03,1,913811,913332,479
62309741,42.4491,58.8225,462,26688,0.0469805,0.07,1,913849,913387,462
62312661,37.2898,41.3645,461,26767,0.0813961,0.07,1,913885,913424,461
62315581,28.258,38.6729,449,26846,0.0882792,0.07,1,913911,913462,449
62318501,7.25159,27.7346,426,26925,0.105656,0.05,1,913913,913487,426
62321421,55.8503,61.5469,424,27004,0.221131,0.09,1,913981,913557,424
62324341,57.5701,54.7094,429,27082,0.260226,0.07,1,914039,913610,429
62327261,65.114,66.1419,427,27160,0.300045,0.05,1,914106,913679,427
62330181,70.6228,73.2284,424,27238,0.324009,0.03,1,914178,913754,424
62333101,58.9246,60.2457,423,27316,0.328802,0.05,1,914234,913811,423
62336021,44.5849,42.4491,426,27394,0.28176,0.09,1,914275,913849,426
62338941,37.717,37.2898,426,27471,0.320352,0.09,1,914311,913885,426
62341861,30.7434,28.258,429,27548,0.34407,0.11,1,914340,913911,429
62344781,7.74868,7.25159,429,27625,0.348814,0.25,1,914342,913913,429
62347701,58.3497,55.8503,432,27702,0.413763,0.27,1,914413,913981,432
62350621,60.4699,57.5701,435,27778,0.458753,0.31,1,914474,914039,435
62353541,68.094,65.114,438,27854,0.515751,0.33,1,914544,914106,438
62356461,71.2188,70.6228,438,27930,0.52715,0.33,1,914616,914178,438
62359381,57.4438,58.9246,436,28006,0.56143,0.27,1,914670,914234,436
62362301,44.2888,44.5849,436,28082,0.552286,0.33,1,914711,914275,436
62365221,37.6578,37.717,436,28157,0.518457,0.35,1,914747,914311,436
62368141,33.1316,30.7434,439,28232,0.559691,0.35,1,914779,914340,439
62371061,8.22631,7.74868,439,28307,0.567938,0.43,1,914781,914342,439
62373981,60.0453,58.3497,441,28382,0.585588,0.43,1,914854,914413,441
62376901,63.2091,11.6699,505,28457,0.573118,0.47,1,914918,914413,505
62379821,69.4418,51.134,515,28531,0.586623,0.53,1,914989,914474,515
62382741,73.0884,66.2268,519,28605,0.621325,0.53,1,915063,914544,519
62385661,57.8177,70.8454,501,28679,0.628265,0.57,1,915117,914616,501
62388581,43.5635,57.3691,487,28753,0.629653,0.55,1,915157,914670,487
62391501,38.3127,44.2738,483,28827,0.613931,0.51,1,915194,914711,483
62394421,33.2625,37.6548,479,28900,0.658786,0.57,1,915226,914747,479
62397341,8.25251,33.131,449,28973,0.667757,0.57,1,915228,914779,449
62400261,62.4505,8.22619,523,29046,0.669551,0.59,1,915304,914781,523
62403181,62.8901,60.0452,513,29119,0.66991,0.57,1,915367,914854,513
62406101,70.178,63.209,521,29192,0.685982,0.59,1,915439,914918,521
62409021,74.8356,69.4418,526,29265,0.737196,0.63,1,915515,914989,526
62411941,58.1671,73.0884,506,29337,0.747439,0.63,1,915569,915063,506
62414861,43.6334,57.8177,492,29409,0.781488,0.63,2,915609,915117,492
62417781,39.1267,43.5635,490,29481,0.788298,0.61,2,915647,915157,490
62420701,34.2253,38.3127,486,29553,0.80566,0.67,2,915680,915194,486
62423621,8.44507,33.2625,456,29625,0.809132,0.67,2,915682,915226,456
62426541,63.289,8.25251,531,29696,0.889826,0.67,2,915759,915228,531
62429461,62.2578,62.4505,517,29767,0.905965,0.67,2,915821,915304,517
62432381,70.8516,62.8901,527,29838,0.941193,0.69,2,915894,915367,527
62435301,15.7703,70.178,457,29909,0.948239,0.75,2,915896,915439,457
62552101,47,53,515,32619,0.89,1,2,917817,917302,515
62555021,39.8,36.2,521,32684,0.922,1,2,917855,917334,521
62756501,81,81,499,36881,0.37,1,1,920816,920317,499
62759421,46.6,53,491,36938,0.21,1,1,920854,920363,491
62762341,50.92,43.4,502,36995,0.066,1,1,920906,920404,502
62765261,40.584,37.48,504,37052,0.0372,1,1,920944,920440,504
62768181,29.7168,29.896,503,37109,0.00744,1,1,920971,920468,503
62771101,17.1434,33.1792,483,37166,0.009488,1,1,920985,920502,483
62774021,26.6287,6.63584,512,37223,0.0098976,1,1,921014,920502,512
62776941,33.3257,28.5272,513,37280,0.00997952,1,1,921049,920536,513
62779861,29.0651,28.1054,513,37337,0.0259959,1,1,921077,920564,513
62782781,41.813,35.2211,521,37394,0.0611992,0.94,1,921122,920601,521
62785701,41.1626,50.2442,508,37451,0.0202398,0.82,1,921163,920655,508
62788621,31.4325,48.4488,489,37507,0.076048,0.79,1,921192,920703,489
62791541,53.4865,35.2898,516,37563,0.0872096,0.37,1,921251,920735,516
62794461,35.4973,71.858,466,37619,0.0254419,0.17,1,921282,920816,466
62797381,43.8995,44.7716,474,37675,0.109088,0.03,1,921328,920854,474
62800301,39.1799,50.5543,460,37731,0.0778177,0.03,1,921366,920906,460
62803221,28.636,40.5109,448,37787,0.0155635,0,1,921392,920944,448
62806141,16.9272,29.7022,435,37843,0.0271127,0.01,1,921406,920971,435
62809061,26.5854,17.1404,450,37899,0.0294225,0.01,1,921435,920985,450
62811981,34.1171,26.6281,457,37955,0.0618845,0.01,1,921471,921014,457
62814901,28.4234,33.3256,449,38011,0.0203769,0.03,1,921498,921049,449
62817821,43.2847,29.0651,468,38067,0.0120754,0.07,1,921545,921077,468
62820741,42.2569,41.813,465,38122,0.0424151,0.01,1,921587,921122,465
62823661,31.6514,41.1626,453,38177,0.00848302,0.09,1,921616,921163,453
62826581,51.9303,31.4325,481,38232,0.0736966,0.09,1,921673,921192,481
62829501,37.5861,53.4865,456,38287,0.118739,0.01,1,921707,921251,456
62832421,42.7172,35.4973,469,38342,0.159748,0.13,1,921751,921282,469
62835341,38.1434,43.8995,460,38397,0.13595,0.07,1,921788,921328,460
62838261,27.6287,39.1799,447,38452,0.0831899,0,1,921813,921366,447
62841181,16.7257,28.636,435,38507,0.016638,0.03,1,921827,921392,435
62844101,28.1451,16.9272,452,38562,0.0753276,0.03,1,921858,921406,452
62847021,32.829,26.5854,457,38617,0.119066,0.07,1,921892,921435,457
62849941,8.16581,34.1171,423,38672,0.0958131,0.01,1,921894,921471,423
62852861,23.2332,28.4234,423,38727,0.0751626,0.01,1,921921,921498,423
62855781,43.0466,43.2847,424,38782,0.0550325,0.05,1,921969,921545,424
62858701,42.2093,42.2569,424,38836,0.0350065,0,1,922011,921587,424
62861621,33.2419,31.6514,426,38890,0.0150013,0.09,1,922042,921616,426
62864541,53.8484,51.9303,428,38944,0.0110003,0.13,1,922101,921673,428
62867461,38.7697,37.5861,429,38998,0.0262001,0.17,1,922136,921707,429
62870381,44.5539,42.7172,431,39052,0.04524,0.13,1,922182,921751,431
62873301,36.1108,38.1434,428,39106,0.033048,0.07,1,922216,921788,428
62876221,22.4222,27.6287,422,39160,0.0466096,0,1,922235,921813,422
62879141,16.4844,16.7257,423,39214,0.0333219,0.09,1,922250,921827,423
62882061,28.8969,28.1451,424,39268,0.0466644,0.13,1,922282,921858,424
62884981,34.5794,32.829,426,39322,0.0813329,0.09,1,922318,921892,426
62887901,8.51588,8.16581,426,39376,0.0562666,0.07,1,922320,921894,426
62890821,24.1032,23.2332,427,39430,0.0672533,0.05,1,922348,921921,427
62893741,40.8206,43.0466,424,39484,0.149451,0.03,1,922393,921969,424
62896661,40.9641,42.2093,423,39537,0.14989,0.01,1,922434,922011,423
62899581,32.1928,33.2419,422,39590,0.181978,0.01,1,922464,922042,422
62902501,53.6386,53.8484,422,39643,0.156396,0.03,1,922523,922101,422
62905421,39.5277,38.7697,423,39696,0.167279,0.05,1,922559,922136,423
62908341,43.9055,44.5539,422,39749,0.137456,0.03,1,922604,922182,422
62911261,36.7811,36.1108,423,39802,0.195491,0.05,1,922639,922216,423
62914181,21.7562,22.4222,422,39855,0.175098,0.03,1,922657,922235,422
62917101,16.3512,16.4844,422,39908,0.15502,0.05,1,922672,922250,422
62920021,29.6702,28.8969,423,39961,0.135004,0.09,1,922705,922282,423
62922941,35.534,34.5794,424,40014,0.0830008,0.05,1,922742,922318,424
62925861,8.70681,8.51588,424,40067,0.1046,0.05,1,922744,922320,424
62928781,25.7414,1.70317,454,40120,0.09292,0.07,1,922774,922320,454
62931701,43.5483,22.7406,474,40173,0.090584,0.17,1,922822,922348,474
62934621,40.7097,40.5481,469,40226,0.122117,0.15,1,922862,922393,469
62937541,30.5419,40.9096,456,40278,0.144423,0.19,1,922890,922434,456
62940461,53.3084,32.1819,485,40330,0.164885,0.15,1,922949,922464,485
62943381,40.2617,53.6364,463,40382,0.184977,0.17,1,922986,922523,463
62946301,44.0523,39.5273,472,40434,0.204995,0.13,1,923031,922559,472
62949221,38.4105,43.9055,464,40486,0.208999,0.21,1,923068,922604,464
62952141,22.0821,36.7811,447,40538,0.2258,0.17,1,923086,922639,447
62955061,14.8164,21.7562,442,40590,0.26116,0.15,1,923099,922657,442
62957981,27.7633,16.3512,458,40642,0.284232,0.13,1,923130,922672,458
62960901,34.3527,29.6702,461,40694,0.288846,0.07,1,923166,922705,461
62963821,8.47053,35.534,426,40746,0.289769,0.11,1,923168,922742,426
62966741,27.2941,8.70681,456,40798,0.305954,0.09,1,923200,922744,456
62969661,43.8588,25.7414,474,40850,0.325191,0.09,1,923248,922774,474
62972581,41.5718,43.5483,467,40902,0.345038,0.13,1,923289,922822,467
62975501,31.5144,40.7097,456,40954,0.333008,0.15,1,923318,922862,456
62978421,54.3029,30.5419,488,41006,0.346602,0.17,1,923378,922890,488
62981341,41.2606,53.3084,467,41057,0.36532,0.19,1,923416,922949,467
62984261,45.8521,40.2617,477,41108,0.401064,0.21,1,923463,922986,477
62987181,38.7704,44.0523,469,41159,0.392213,0.21,1,923500,923031,469
62990101,22.9541,38.4105,451,41210,0.422443,0.23,1,923519,923068,451
62993021,15.7908,22.0821,447,41261,0.428489,0.27,1,923533,923086,447
62995941,28.7582,14.8164,466,41312,0.461698,0.29,1,923565,923099,466
62998861,34.5516,27.7633,471,41363,0.46834,0.29,1,923601,923130,471
63001781,8.51033,34.3527,437,41414,0.469668,0.29,1,923603,923166,437
63004701,28.1021,8.47053,468,41465,0.501934,0.31,1,923636,923168,468
63007621,43.2204,27.2941,483,41516,0.524387,0.33,1,923683,923200,483
63010541,10.2441,43.8588,437,41567,0.528877,0.35,1,923685,923248,437
63013461,36.4488,41.5718,439,41618,0.609775,0.33,1,923728,923289,439
63016381,29.6898,31.5144,438,41669,0.625955,0.35,1,923756,923318,438
63019301,54.738,54.3029,439,41720,0.677191,0.37,1,923817,923378,439
63022221,42.1476,41.2606,440,41771,0.671438,0.41,1,923856,923416,440
63025141,47.6295,45.8521,442,41822,0.654288,0.39,1,923905,923463,442
63028061,39.9259,38.7704,443,41872,0.650858,0.43,1,923943,923500,443
63030981,23.1852,22.9541,443,41922,0.698171,0.43,1,923962,923519,443
63033901,16.637,15.7908,444,41972,0.691634,0.47,1,923977,923533,444
63036821,29.7274,28.7582,445,42022,0.706327,0.47,1,924010,923565,445
63039741,34.7455,34.5516,445,42072,0.709265,0.47,1,924046,923601,445
63042661,8.5491,8.51033,445,42122,0.677853,0.51,1,924048,923603,445
63045581,29.7098,28.1021,447,42172,0.703571,0.53,1,924083,923636,447
63048501,44.342,43.2204,448,42222,0.676714,0.53,1,924131,923683,448
63051421,10.4684,10.2441,448,42272,0.703343,0.63,1,924133,923685,448
63054341,40.4937,36.4488,453,42322,0.676669,0.63,1,924181,923728,453
63057261,30.4987,29.6898,453,42372,0.767334,0.69,2,924209,923756,453
63060181,57.2997,54.738,456,42422,0.833467,0.67,2,924273,923817,456
63063101,41.8599,42.1476,455,42472,0.846693,0.65,2,924311,923856,455
63066021,46.772,47.6295,454,42522,0.849339,0.65,2,924359,923905,454
63068941,40.5544,39.9259,455,42572,0.833868,0.71,2,924398,923943,455
63071861,23.3109,23.1852,455,42622,0.814774,0.69,2,924417,923962,455
63074781,17.4622,16.637,456,42672,0.778955,0.71,2,924433,923977,456
63077701,29.0924,29.7274,455,42721,0.787791,0.71,2,924465,924010,455
63080621,35.4185,34.7455,456,42770,0.837558,0.67,2,924502,924046,456
63083541,8.6837,8.5491,456,42819,0.847512,0.71,2,924504,924048,456
63086461,28.9367,29.7098,455,42868,0.865502,0.67,2,924538,924083,455
63089381,44.1873,44.342,455,42917,0.8851,0.71,2,924586,924131,455
63092301,10.4375,10.4684,455,42966,0.88902,0.67,2,924588,924133,455
63095221,42.0875,40.4937,457,43015,0.905804,0.67,2,924638,924181,457
63098141,31.6175,8.09874,486,43064,0.893161,0.79,2,924667,924181,486
63101061,59.9235,24.0197,525,43113,0.906632,0.85,2,924734,924209,525
63103981,42.3847,56.0039,499,43162,0.909326,0.85,2,924772,924273,499
63106901,46.8769,41.6008,509,43211,0.941865,0.85,2,924820,924311,509
63252901,24,22,489,45587,0.83,1,2,926422,925933,489
63255821,25.6,20.4,495,45633,0.702,1,1,926448,925953,495
63258741,30.72,44.08,477,45679,0.5484,1,1,926480,926003,477
63261661,38.944,34.416,486,45725,0.42168,1,1,926521,926035,486
63264581,40.5888,30.0832,498,45771,0.252336,1,1,926562,926064,498
63267501,37.7178,26.0166,510,45817,0.170467,1,1,926599,926089,510
63270421,44.3436,60.4033,487,45863,0.0740934,0.98,1,926645,926158,487
63273341,24.8687,32.8807,481,45909,0.0228187,0.98,1,926665,926184,481
63276261,20.9737,6.57613,501,45955,0.0285637,1,1,926685,926184,501
63279181,31.3947,29.3152,500,46001,0.0137127,1,1,926719,926219,500
63282101,48.679,32.263,520,46047,0.0587425,0.92,1,926772,926252,520
63285021,24.1358,37.6526,499,46093,0.0117485,0.94,1,926790,926291,499
63287941,20.0272,27.5305,493,46139,0.0103497,0.96,1,926809,926316,493
63290861,27.2054,27.1061,495,46185,0.0260699,0.85,1,926838,926343,495
63293781,19.8411,32.6212,479,46231,0.00521399,0.85,1,926856,926377,479
63296701,21.5682,23.3242,480,46277,0.0250428,0.83,1,926878,926398,480
63299621,19.5136,23.8648,475,46323,0.0290086,0.67,1,926897,926422,475
63302541,26.3027,25.573,477,46369,0.0458017,0.51,1,926925,926448,477
63305461,33.2605,30.7146,480,46414,0.0811603,0.39,1,926960,926480,480
63308381,33.8521,38.9429,473,46459,0.0402321,0.21,1,926994,926521,473
63311301,33.1704,40.5886,465,46504,0.0800464,0.15,1,927027,926562,465
63314221,38.6341,37.7177,468,46549,0.120009,0.05,1,927067,926599,468
63317141,23.7268,44.3435,442,46594,0.0320019,0.01,1,927087,926645,442
63320061,23.1454,24.8687,445,46639,0.0144004,0.03,1,927110,926665,445
63322981,32.6291,20.9737,460,46684,0.0588801,0.01,1,927145,926685,460
63325901,45.7258,31.3947,475,46729,0.051776,0.07,1,927194,926719,475
63328821,22.7452,48.679,439,46774,0.0663552,0,1,927211,926772,439
63331741,21.349,24.1358,442,46819,0.053271,0.01,1,927232,926790,442
63334661,25.8698,20.0272,450,46864,0.0346542,0.03,1,927259,926809,450
63337581,20.374,27.2054,440,46909,0.0309308,0,1,927278,926838,440
63340501,21.6748,19.8411,444,46954,0.0621862,0.03,1,927300,926856,444
63343421,21.135,21.5682,443,46999,0.0684372,0.03,1,927321,926878,443
63346341,25.027,19.5136,450,47044,0.0376874,0.05,1,927347,926897,450
63349261,35.4054,26.3027,460,47089,0.0475375,0.09,1,927385,926925,460
63352181,33.4811,33.2605,458,47134,0.0655075,0.03,1,927418,926960,458
63355101,35.4962,33.8521,460,47179,0.117102,0.09,1,927454,926994,460
63358021,37.4992,33.1704,465,47224,0.14342,0.13,1,927492,927027,465
63360941,21.0998,38.6341,442,47269,0.148684,0.01,1,927509,927067,442
63363861,22.62,23.7268,445,47314,0.117737,0.01,1,927532,927087,445
63366781,32.524,23.1454,457,47359,0.111547,0.07,1,927567,927110,457
63369701,8.1048,32.6291,424,47404,0.110309,0.05,1,927569,927145,424
63372621,42.421,45.7258,426,47448,0.110062,0.07,1,927620,927194,426
63375541,19.6842,22.7452,423,47492,0.0780124,0.05,1,927634,927211,423
63378461,21.5368,21.349,424,47536,0.119602,0.03,1,927656,927232,424
63381381,25.9074,25.8698,424,47580,0.14392,0.03,1,927683,927259,424
63384301,20.3815,20.374,424,47624,0.164784,0.07,1,927702,927278,424
63387221,23.2763,21.6748,426,47668,0.136957,0.07,1,927726,927300,426
63390141,20.6553,21.135,425,47712,0.131391,0.03,1,927746,927321,425
63393061,23.3311,25.027,423,47756,0.146278,0.05,1,927770,927347,423
63395981,35.8662,35.4054,424,47800,0.133256,0.07,1,927809,927385,424
63398901,34.3732,33.4811,425,47844,0.146651,0.13,1,927843,927418,425
63401821,38.8746,35.4962,429,47888,0.14933,0.15,1,927883,927454,429
63404741,38.9749,37.4992,430,47932,0.133866,0.15,1,927922,927492,430
63407661,21.395,21.0998,430,47976,0.114773,0.11,1,927939,927509,430
63410581,20.279,22.62,427,48020,0.142955,0.11,1,927959,927532,427
63413501,30.4558,32.524,425,48064,0.100591,0.11,1,927992,927567,425
63416421,7.69116,8.1048,425,48108,0.0921182,0.11,1,927994,927569,425
63419341,42.3382,42.421,425,48152,0.122424,0.07,1,928045,927620,425
63422261,20.4676,19.6842,426,48196,0.160485,0.13,1,928060,927634,426
63425181,22.4935,21.5368,427,48240,0.152097,0.15,1,928083,927656,427
63428101,27.6987,25.9074,429,48284,0.198419,0.17,1,928112,927683,429
63431021,19.9397,20.3815,428,48328,0.175684,0.13,1,928130,927702,428
63433941,23.1879,23.2763,428,48372,0.235137,0.13,1,928154,927726,428
63436861,20.6376,20.6553,428,48416,0.247027,0.15,1,928174,927746,428
63439781,24.1275,23.3311,429,48460,0.265405,0.13,1,928199,927770,429
63442701,35.2255,35.8662,428,48503,0.285081,0.15,1,928237,927809,428
63445621,35.0451,34.3732,429,48546,0.273016,0.15,1,928272,927843,429
63448541,37.409,38.8746,427,48589,0.254603,0.13,1,928310,927883,427
63451461,37.8818,38.9749,426,48632,0.266921,0.11,1,928348,927922,426
63454381,21.9764,21.395,427,48675,0.333384,0.15,1,928366,927939,427
63457301,20.3953,20.279,427,48718,0.346677,0.09,1,928386,927959,427
63460221,30.4791,30.4558,427,48761,0.365335,0.09,1,928419,927992,427
63463141,7.69581,7.69116,427,48804,0.369067,0.13,1,928421,927994,427
63466061,43.1392,42.3382,428,48847,0.369813,0.13,1,928473,928045,428
63468981,19.8278,8.46765,442,48890,0.369963,0.17,1,928487,928045,442
63471901,23.1656,13.6935,451,48933,0.385993,0.15,1,928511,928060,451
63474821,28.6331,21.1387,458,48976,0.421198,0.21,1,928541,928083,458
63477741,20.9266,27.4277,448,49019,0.46024,0.17,1,928560,928112,448
63480661,24.1853,19.8855,455,49062,0.452048,0.25,1,928585,928130,455
63483581,20.8371,23.1771,451,49105,0.46641,0.25,1,928605,928154,451
63486501,24.9674,20.6354,457,49148,0.485282,0.27,1,928631,928174,457
63489421,36.1935,24.1271,471,49191,0.505056,0.29,1,928670,928199,471
63492341,34.4387,35.2254,467,49234,0.509011,0.27,1,928704,928237,467
63495261,38.8877,35.0451,472,49277,0.541802,0.25,1,928744,928272,472
63498181,38.9775,37.409,473,49320,0.50036,0.27,1,928783,928310,473
63501101,22.9955,37.8818,454,49363,0.508072,0.35,1,928802,928348,454
63504021,22.1991,21.9764,458,49406,0.509614,0.35,1,928824,928366,458
63506941,30.0398,20.3953,470,49449,0.541923,0.37,1,928856,928386,470
63509861,7.60796,30.4791,439,49492,0.548385,0.37,1,928858,928419,439
63512781,44.7216,7.69581,491,49535,0.549677,0.37,1,928912,928421,491
63515701,20.1443,43.1392,453,49578,0.565935,0.37,1,928926,928473,453
63518621,24.0289,19.8278,464,49620,0.585187,0.39,1,928951,928487,464
63521541,31.2058,23.1656,473,49662,0.605037,0.43,1,928984,928511,473
63524461,22.2412,28.6331,463,49704,0.609007,0.47,1,929004,928541,463
63527381,24.4482,20.9266,469,49746,0.593801,0.45,1,929029,928560,469
63530301,20.8896,24.1853,464,49788,0.59076,0.47,1,929049,928585,464
63533221,25.7779,20.8371,471,49830,0.574152,0.49,1,929076,928605,471
63536141,37.1556,24.9674,485,49872,0.60283,0.51,1,929116,928631,485
63539061,34.6311,36.1935,480,49914,0.624566,0.51,1,929150,928670,480
63541981,38.9262,34.4387,486,49956,0.644913,0.55,1,929190,928704,486
63544901,38.1852,38.8877,484,49998,0.648983,0.49,1,929228,928744,484
63547821,23.637,38.9775,465,50040,0.649797,0.51,1,929248,928783,465
63550741,23.9274,22.9955,470,50082,0.665959,0.51,1,929272,928802,470
63553661,30.3855,22.1991,480,50124,0.701192,0.55,1,929304,928824,480
63556581,7.6771,30.0398,450,50166,0.708238,0.55,1,929306,928856,450
63559501,45.5354,7.60796,503,50208,0.741648,0.55,1,929361,928858,503
63562421,20.3071,44.7216,463,50250,0.74833,0.57,1,929375,928912,463
63565341,24.8614,20.1443,475,50292,0.797666,0.59,2,929401,928926,475
63568261,6.57228,24.0289,452,50334,0.807533,0.61,2,929403,928951,452
63571181,27.7145,31.2058,452,50376,0.873507,0.61,2,929436,928984,452
63574101,21.5429,22.2412,452,50418,0.854701,0.59,2,929456,929004,452
63577021,23.5086,24.4482,451,50460,0.85094,0.59,2,929480,929029,451
63579941,20.7017,20.8896,451,50502,0.850188,0.57,2,929500,929049,451
63582861,25.7403,25.7779,451,50544,0.898038,0.61,2,929527,929076,451
63585781,37.9481,37.1556,452,50586,0.923608,0.63,2,929568,929116,452
63588701,35.5896,34.6311,453,50628,0.928722,0.65,2,929603,929150,453
63591621,39.9179,38.9262,454,50670,0.913744,0.65,2,929644,929190,454
63594541,38.3836,38.1852,454,50712,0.942749,0.65,2,929682,929228,454
63597461,23.6767,23.637,454,50754,0.91655,0.67,2,929702,929248,454
63600381,24.7353,23.9274,455,50795,0.89531,0.71,2,929727,929272,455
63603301,32.1471,30.3855,457,50836,0.923062,0.71,2,929761,929304,457
63606221,8.02941,7.6771,457,50877,0.928612,0.75,2,929763,929306,457
63609141,47.2059,45.5354,459,50918,0.913723,0.75,2,929820,929361,459
63612061,22.2412,20.3071,461,50959,0.910745,0.81,2,929836,929375,461
63614981,26.0482,24.8614,462,51000,0.910149,0.81,2,929863,929401,462
63617901,6.80965,6.57228,462,51041,0.91003,0.89,2,929865,929403,462
63620821,29.3619,27.7145,464,51082,0.926006,0.85,2,929900,929436,464
63838361,86,63,519,24990,0.43,0.97,1,932076,931557,519
63841281,62,74.2,498,25075,0.43,0.75,1,932132,931634,498
63844201,55.6,69.24,484,25160,0.462,0.63,1,932186,931702,484
63847121,47.92,54.648,479,25244,0.4684,0.53,1,932232,931753,479
63850041,63.184,56.5296,489,25328,0.48568,0.51,1,932299,931810,489
63852961,31.8368,53.7059,460,25412,0.489136,0.49,1,932323,931863,460
63855881,25.5674,34.7412,454,25495,0.521827,0.47,1,932347,931893,454
63858801,73.9135,24.5482,518,25578,0.528365,0.41,1,932433,931915,518
63861721,82.7827,64.9096,528,25661,0.577673,0.43,1,932518,931990,528
63864641,59.7565,81.7819,496,25744,0.619535,0.43,1,932572,932076,496
63867561,56.7513,61.1564,496,25826,0.675907,0.47,1,932628,932132,496
63870481,48.9503,55.4313,489,25908,0.703181,0.47,1,932675,932186,489
63873401,64.9901,47.8863,512,25990,0.708636,0.49,1,932744,932232,512
63876321,32.198,63.1773,469,26072,0.709727,0.49,1,932768,932299,469
63879241,25.6396,31.8355,469,26153,0.709945,0.53,1,932792,932323,469
63882161,75.5279,25.5671,533,26234,0.757989,0.53,2,932880,932347,533
63885081,85.5056,73.9134,535,26315,0.799598,0.59,2,932968,932433,535
63888001,61.9011,82.7827,506,26396,0.80792,0.63,2,933024,932518,506
63890921,59.5802,59.7565,511,26476,0.825584,0.69,2,933083,932572,511
63893841,50.316,56.7513,503,26556,0.845117,0.71,2,933131,932628,503
63896761,65.2632,48.9503,525,26636,0.849023,0.71,2,933200,932675,525
63899681,32.2526,64.9901,480,26716,0.865805,0.71,2,933224,932744,480
63902601,25.6505,32.198,480,26795,0.869161,0.71,2,933248,932768,480
63905521,77.9301,25.6396,547,26874,0.933832,0.77,2,933339,932792,547
64019401,31,86,506,29793,0.81,1,2,935370,934864,506
64022321,25.4,47.6,492,29864,0.778,1,2,935394,934902,492
64025241,56.28,61.52,491,29935,0.6436,1,1,935458,934967,491
64028161,41.656,50.704,481,30006,0.64872,1,1,935496,935015,481
64031081,70.7312,64.5408,491,30077,0.569744,1,1,935574,935083,491
64034001,39.7462,39.3082,490,30147,0.505949,1,1,935606,935116,490
64036921,28.7492,34.2616,483,30217,0.46119,1,1,935632,935149,483
64039841,60.1499,71.6523,470,30287,0.484238,0.97,1,935700,935230,470
64042761,32.83,38.3305,466,30357,0.440848,0.79,1,935726,935260,466
64045681,64.166,70.8661,459,30427,0.40017,0.81,1,935798,935339,459
64048601,39.2332,38.9732,461,30497,0.456034,0.77,1,935831,935370,461
64051521,27.8466,26.9946,462,30566,0.483207,0.61,1,935856,935394,462
64054441,48.7693,56.5989,452,30635,0.520641,0.65,1,935910,935458,452
64057361,38.5539,41.7198,450,30704,0.544128,0.55,1,935946,935496,450
64060281,65.3108,70.744,444,30773,0.564826,0.49,1,936018,935574,444
64063201,40.2622,39.7488,446,30842,0.568965,0.45,1,936052,935606,446
64066121,28.0524,28.7498,445,30911,0.585793,0.49,1,936077,935632,445
64069041,57.6105,60.15,442,30979,0.589159,0.43,1,936142,935700,442
64071961,31.5221,32.83,441,31047,0.653832,0.39,1,936167,935726,441
64074881,63.9044,64.166,441,31115,0.650766,0.47,1,936239,935798,441
64077801,40.7809,39.2332,443,31183,0.682153,0.49,1,936274,935831,443
64080721,28.9562,27.8466,444,31251,0.688431,0.53,1,936300,935856,444
64083641,50.5912,48.7693,446,31319,0.721686,0.53,1,936356,935910,446
64086561,38.9182,9.75387,482,31387,0.728337,0.55,1,936392,935910,482
64089481,67.7836,30.7508,521,31454,0.745667,0.57,1,936467,935946,521
64092401,40.7567,63.7502,483,31521,0.765134,0.57,2,936501,936018,483
64095321,27.3513,39.95,473,31588,0.769027,0.59,2,936525,936052,473
64098241,59.0703,27.99,515,31655,0.817805,0.59,2,936592,936077,515
64101161,33.4141,57.598,477,31722,0.859561,0.67,2,936619,936142,477
64104081,65.0828,31.5196,525,31789,0.899912,0.65,2,936692,936167,525
64107001,41.0166,63.9039,488,31856,0.923982,0.69,2,936727,936239,488
64109921,30.6033,40.7808,481,31922,0.928796,0.69,2,936755,936274,481
64255921,33,31,516,35081,0.93,0.99,2,938953,938437,516
64258841,24.2,36.6,500,35141,0.946,1,2,938975,938475,500
64261761,68.84,34.52,546,35201,0.9172,0.96,2,939055,938509,546
64264681,35.368,66.104,499,35261,0.92744,1,2,939082,938583,499
64401921,26,28,517,37976,0.91,1,2,940953,940436,517
64413601,39,73,505,38198,0.47,1,1,941122,940617,505
64416521,40.6,42.6,511,38253,0.342,1,1,941163,940652,511
64419441,36.92,36.52,512,38308,0.3004,1,1,941199,940687,512
64422361,40.984,40.904,512,38363,0.16408,1,1,941241,940729,512
64425281,52.9968,34.5808,535,38418,0.072816,1,1,941297,940762,535
64428201,33.7994,63.7162,493,38473,0.0225632,1,1,941326,940833,493
64431121,38.7599,33.5432,507,38528,0.0285126,0.92,1,941366,940859,507
64434041,30.952,37.1086,498,38583,0.0137025,0.91,1,941395,940897,498
64436961,7.79039,31.4217,470,38638,0.0107405,0.91,1,941397,940927,470
64439881,16.7581,27.0843,463,38693,0.0581481,0.83,1,941416,940953,463
64442801,28.1516,31.8169,461,38748,0.0356296,0.75,1,941447,940986,461
64445721,24.0303,28.7634,456,38803,0.0151259,0.61,1,941470,941014,456
64448641,53.6061,60.9527,448,38857,0.0270252,0.47,1,941531,941083,448
64451561,37.9212,43.3905,443,38911,0.045405,0.31,1,941565,941122,443
64454481,35.5842,41.4781,437,38965,0.049081,0.29,1,941600,941163,437
64457401,34.3168,37.0956,435,39019,0.0818162,0.13,1,941634,941199,435
64460321,34.8634,41.0191,428,39073,0.0883632,0.05,1,941669,941241,428
64463241,48.5727,53.0038,424,39127,0.121673,0.01,1,941721,941297,424
64466161,31.3145,33.8008,422,39181,0.128335,0.03,1,941748,941326,422
64469081,38.2629,38.7602,422,39235,0.0336669,0.01,1,941788,941366,422
64472001,30.8526,30.952,422,39289,0.0627334,0.01,1,941817,941395,422
64474921,7.77052,7.79041,422,39343,0.0365467,0.07,1,941819,941397,422
64477841,16.7541,16.7581,422,39397,0.0313093,0.03,1,941838,941416,422
64480761,28.1508,28.1516,422,39451,0.0942619,0.01,1,941869,941447,422
64483681,24.0302,24.0303,422,39505,0.0268524,0.03,1,941892,941470,422
64486601,53.606,53.6061,422,39558,0.12537,0.05,1,941953,941531,422
64489521,38.7212,37.9212,423,39611,0.177074,0.05,1,941988,941565,423
64492441,36.5442,35.5842,424,39664,0.187415,0.09,1,942024,941600,424
64495361,32.9088,34.3168,422,39717,0.221483,0.09,1,942056,941634,422
64498281,38.5818,34.8634,427,39770,0.212297,0.13,1,942096,941669,427
64501201,46.9164,48.5727,424,39823,0.226459,0.13,1,942145,941721,424
64504121,30.9833,31.3145,424,39876,0.213292,0.01,1,942172,941748,424
64507041,36.5967,38.2629,422,39929,0.210658,0.07,1,942210,941788,422
64509961,30.5193,30.8526,422,39982,0.194132,0.03,1,942239,941817,422
64512881,7.70387,7.77052,422,40035,0.190826,0.03,1,942241,941819,422
64515801,17.5408,16.7541,423,40088,0.126165,0.03,1,942261,941838,423
64518721,29.1082,3.35082,455,40141,0.145233,0.11,1,942293,941838,455
64521641,24.2216,25.4702,447,40194,0.133047,0.01,1,942316,941869,447
64524561,55.2443,23.494,487,40247,0.114609,0.15,1,942379,941892,487
64527481,40.6489,53.4988,463,40299,0.110922,0.19,1,942416,941953,463
64530401,38.5298,38.6998,466,40351,0.126184,0.19,1,942454,941988,466
64533321,33.306,36.54,462,40403,0.161237,0.23,1,942486,942024,462
64536241,39.4612,32.908,471,40455,0.200247,0.21,1,942527,942056,471
64539161,47.8922,38.5816,481,40507,0.224049,0.23,1,942577,942096,481
64542081,30.3784,46.9163,458,40559,0.22881,0.21,1,942603,942145,458
64545001,34.8757,30.9833,467,40611,0.277762,0.21,1,942639,942172,467
64547921,29.3751,36.5967,457,40663,0.287552,0.19,1,942667,942210,457
64550841,7.47503,30.5193,430,40715,0.28951,0.19,1,942669,942239,430
64553761,15.895,7.70387,446,40767,0.289902,0.11,1,942687,942241,446
64556681,30.379,17.5408,460,40819,0.30598,0.15,1,942721,942261,460
64559601,22.8758,29.1082,449,40871,0.293196,0.13,1,942742,942293,449
64562521,54.9752,24.2216,489,40923,0.322639,0.11,1,942805,942316,489
64565441,41.395,55.2443,464,40975,0.360528,0.11,1,942843,942379,464
64568361,38.679,40.6489,465,41027,0.336106,0.13,1,942881,942416,465
64571281,34.9358,38.5298,461,41078,0.347221,0.17,1,942915,942454,461
64574201,41.3872,33.306,472,41129,0.349444,0.21,1,942958,942486,472
64577121,49.0774,39.4612,482,41180,0.349889,0.23,1,943009,942527,482
64580041,31.4155,47.8922,459,41231,0.333978,0.23,1,943036,942577,459
64582961,36.6831,30.3784,471,41282,0.362796,0.29,1,943074,942603,471
64585881,29.7366,34.8757,463,41333,0.368559,0.29,1,943102,942639,463
64588801,7.54732,29.3751,437,41384,0.369712,0.29,1,943104,942667,437
64591721,15.9095,7.47503,453,41435,0.369942,0.29,1,943122,942669,453
64594641,31.1819,15.895,470,41486,0.353988,0.31,1,943157,942687,470
64597561,22.2364,30.379,456,41537,0.366798,0.29,1,943177,942721,456
64600481,6.04728,22.8758,437,41588,0.36936,0.33,1,943179,942742,437
64603401,52.4095,54.9752,438,41639,0.433872,0.37,1,943243,942805,438
64606321,40.8819,41.395,438,41690,0.478774,0.33,1,943281,942843,438
64609241,39.3764,38.679,439,41741,0.487755,0.35,1,943320,942881,439
64612161,35.8753,34.9358,440,41792,0.505551,0.35,1,943355,942915,440
64615081,40.7751,41.3872,439,41843,0.55711,0.35,1,943397,942958,439
64618001,48.955,49.0774,439,41893,0.599422,0.33,1,943448,943009,439
64620921,30.591,31.4155,438,41943,0.623884,0.37,1,943474,943036,438
64623841,38.1182,36.6831,440,41993,0.660777,0.37,1,943514,943074,440
64626761,30.0236,29.7366,440,42043,0.684155,0.37,1,943542,943102,440
64629681,7.60473,7.54732,440,42093,0.688831,0.37,1,943544,943104,440
64632601,15.9209,15.9095,440,42143,0.705766,0.35,1,943562,943122,440
64635521,30.3842,31.1819,439,42193,0.677153,0.37,1,943596,943157,439
64638441,22.8768,22.2364,440,42243,0.687431,0.37,1,943617,943177,440
64641361,6.17537,6.04728,440,42293,0.689486,0.45,1,943619,943179,440
64644281,54.0351,52.4095,442,42343,0.705897,0.49,1,943685,943243,442
64647201,43.607,40.8819,445,42393,0.709179,0.49,1,943726,943281,445
64650121,40.7214,39.3764,446,42443,0.709836,0.51,1,943766,943320,446
64653041,37.7443,35.8753,448,42493,0.757967,0.57,2,943803,943355,448
64655961,42.7489,40.7751,450,42543,0.783593,0.61,2,943847,943397,450
64658881,50.1498,48.955,451,42593,0.836719,0.63,2,943899,943448,451
64661801,30.83,30.591,451,42643,0.879344,0.67,2,943925,943474,451
64664721,39.766,38.1182,453,42692,0.887869,0.69,2,943967,943514,453
64667641,31.9532,30.0236,455,42741,0.905574,0.69,2,943997,943542,455
64670561,7.99064,7.60473,455,42790,0.909115,0.71,2,943999,943544,455
64673481,15.9981,15.9209,455,42839,0.877823,0.67,2,944017,943562,455
64676401,30.3996,30.3842,455,42888,0.871565,0.69,2,944051,943596,455
64679321,22.0799,22.8768,454,42937,0.870313,0.69,2,944071,943617,454
64682241,6.01598,6.17537,454,42986,0.870063,0.69,2,944073,943619,454
64685161,54.0032,1.23507,520,43035,0.886013,0.71,2,944139,943619,520
64688081,45.2006,53.047,497,43084,0.937203,0.71,2,944182,943685,497
64691001,42.6401,43.4094,498,43133,0.947441,0.71,2,944224,943726,498
64693921,38.928,40.6819,496,43182,0.933488,0.77,2,944262,943766,496
64696841,44.5856,37.7364,505,43231,0.930698,0.79,2,944308,943803,505
64699761,52.1171,42.7473,515,43280,0.94614,0.85,2,944362,943847,515
64901241,83,45,508,21270,0.05,0.59,1,946718,946210,508
64904161,71,90.6,474,21370,0.034,0.31,1,946786,946312,474
64907081,73.4,86.12,463,21469,0.0628,0.09,1,946860,946397,463
64910001,77.08,72.424,472,21568,0.01256,0.03,1,946938,946466,472
64912921,42.616,63.2848,445,21666,0.042512,0.11,1,946972,946527,445
64915841,29.3232,36.657,441,21764,0.0485024,0.07,1,946998,946557,441
64918761,54.6646,48.9314,450,21861,0.0817005,0.05,1,947059,946609,450
64921681,76.5329,96.9863,423,21958,0.13634,0.03,1,947141,946718,423
64924601,68.9066,73.7973,422,22055,0.115268,0.07,1,947208,946786,422
64927521,74.5813,73.9595,424,22151,0.159054,0,1,947284,946860,424
64930441,76.5163,77.1919,423,22247,0.167811,0.05,1,947361,946938,423
64933361,44.9033,42.6384,426,22342,0.0735621,0.05,1,947398,946972,426
64936281,28.9806,29.3277,425,22437,0.0867124,0.09,1,947423,946998,425
64939201,55.3961,54.6655,426,22532,0.0733425,0.09,1,947485,947059,426
64942121,78.2792,10.9331,510,22626,0.134668,0.15,1,947569,947059,510
64945041,66.0558,67.7866,491,22720,0.130934,0.11,1,947632,947141,491
64947961,78.0112,67.1573,505,22813,0.178187,0.17,1,947713,947208,505
64950881,76.4022,74.2315,505,22906,0.267637,0.17,1,947789,947284,505
64953801,40.8804,76.4463,460,22999,0.285527,0.05,1,947821,947361,460
64956721,29.7761,44.8893,450,23091,0.305106,0.09,1,947848,947398,450
64959641,55.5552,28.9779,487,23183,0.309021,0.07,1,947910,947423,487
64962561,80.711,55.3956,512,23274,0.325804,0.15,1,947997,947485,512
64965481,65.7422,78.2791,490,23365,0.345161,0.13,1,948059,947569,490
64968401,81.1484,66.0558,512,23456,0.301032,0.19,1,948144,947632,512
64971321,80.2297,78.0112,511,23546,0.276206,0.29,1,948224,947713,511
64974241,41.6459,76.4022,467,23636,0.335241,0.29,1,948256,947789,467
64977161,30.7292,40.8804,463,23726,0.363048,0.31,1,948284,947821,463
64980081,54.1458,29.7761,496,23815,0.38461,0.31,1,948344,947848,496
64983001,82.8292,55.5552,524,23904,0.468922,0.33,1,948434,947910,524
64985921,18.1658,80.711,439,23993,0.485784,0.35,1,948436,947997,439
64988841,53.2332,65.7422,439,24081,0.553157,0.29,1,948498,948059,439
64991761,76.2466,81.1484,436,24169,0.566631,0.27,1,948580,948144,436
64994681,80.0493,80.2297,437,24257,0.569326,0.35,1,948661,948224,437
64997601,43.2099,41.6459,439,24344,0.585865,0.37,1,948695,948256,439
65000521,31.842,30.7292,440,24431,0.605173,0.39,1,948724,948284,440
65003441,55.1684,54.1458,441,24518,0.577035,0.49,1,948785,948344,441
65006361,87.0337,82.8292,446,24604,0.619407,0.49,1,948880,948434,446
65009281,19.0067,18.1658,446,24690,0.627881,0.57,1,948882,948436,446
65012201,55.0013,53.2332,448,24776,0.613576,0.57,1,948946,948498,448
65015121,76.6003,76.2466,448,24862,0.674715,0.57,1,949028,948580,448
65018041,80.1201,80.0493,448,24947,0.718943,0.59,1,949109,948661,448
65020961,44.024,43.2099,449,25032,0.743789,0.61,1,949144,948695,449
65023881,32.8048,31.842,450,25117,0.748758,0.57,1,949174,948724,450
65026801,55.361,55.1684,450,25201,0.861752,0.63,2,949235,948785,450
65137761,81,81,483,28218,0.77,1,2,951390,950907,483
65140681,65.8,74.6,472,28293,0.594,1,1,951452,950980,472
65143601,50.76,40.52,487,28368,0.4788,1,1,951499,951012,487
65146521,27.752,8.104,509,28443,0.45576,1,1,951521,951012,509
65149441,32.7504,28.0208,510,28517,0.411152,1,1,951555,951045,510
65152361,51.3501,23.2042,544,28591,0.26623,1,1,951611,951067,544
65155281,83.87,55.8408,572,28665,0.173246,1,1,951703,951131,572
65158201,43.974,90.3682,507,28739,0.234649,0.87,1,951737,951230,507
65161121,35.9948,47.6736,504,28813,0.18293,0.87,1,951771,951267,504
65164041,68.799,43.1347,539,28886,0.252586,0.77,1,951848,951309,539
65166961,54.5598,73.4269,509,28959,0.218517,0.55,1,951899,951390,509
65169881,45.312,64.2854,490,29032,0.227703,0.45,1,951942,951452,490
65172801,25.0624,50.4571,463,29105,0.229541,0.45,1,951962,951499,463
65175721,26.6125,27.6914,468,29178,0.245908,0.4,1,951989,951521,468
65178641,48.5225,32.7383,488,29251,0.265182,0.23,1,952043,951555,488
65181561,80.1045,51.3477,520,29323,0.237036,0.15,1,952131,951611,520
65184481,45.6209,83.8695,465,29395,0.247407,0.25,1,952168,951703,465
65187401,36.3242,43.9739,465,29467,0.281481,0.17,1,952202,951737,465
65190321,69.6648,35.9948,509,29539,0.320296,0.27,1,952280,951771,509
65193241,57.133,68.799,486,29611,0.360059,0.21,1,952334,951848,486
65196161,43.4266,54.5598,475,29682,0.400012,0.23,1,952374,951899,475
65199081,26.2853,45.312,454,29753,0.424002,0.23,1,952396,951942,454
65202001,27.6571,25.0624,462,29824,0.4288,0.25,1,952424,951962,462
65204921,7.13141,26.6125,437,29895,0.44576,0.27,1,952426,951989,437
65207841,41.4263,48.5225,433,29966,0.465152,0.23,1,952476,952043,433
65210761,80.2853,80.1045,435,30037,0.48503,0.25,1,952566,952131,435
65213681,46.457,45.6209,436,30107,0.505006,0.29,1,952604,952168,436
65216601,36.4914,36.3242,436,30177,0.557001,0.33,1,952638,952202,436
65219521,72.0983,69.6648,439,30247,0.5354,0.37,1,952719,952280,439
65222441,58.4197,57.133,440,30317,0.51508,0.41,1,952774,952334,440
65225361,45.2839,43.4266,442,30387,0.543016,0.43,1,952816,952374,442
65228281,27.4568,26.2853,443,30457,0.548603,0.43,1,952839,952396,443
65231201,29.4914,27.6571,445,30526,0.565721,0.45,1,952869,952424,445
65234121,7.49827,7.13141,445,30595,0.569144,0.47,1,952871,952426,445
65237041,41.4997,41.4263,445,30664,0.585829,0.49,1,952921,952476,445
65239961,80.2999,80.2853,445,30733,0.621166,0.51,1,953011,952566,445
65242881,48.06,46.457,447,30802,0.676233,0.57,1,953051,952604,447
65245801,38.412,36.4914,449,30871,0.719247,0.53,1,953087,952638,449
65248721,71.6824,72.0983,448,30940,0.743849,0.51,1,953167,952719,448
65251641,57.5365,58.4197,447,31008,0.81277,0.55,2,953221,952774,447
65254561,45.1073,45.2839,447,31076,0.826554,0.55,2,953263,952816,447
65257481,29.0215,27.4568,449,31144,0.829311,0.57,2,953288,952839,449
65260401,30.6043,29.4914,450,31212,0.797862,0.57,2,953319,952869,450
65263321,7.72086,7.49827,450,31280,0.791572,0.57,2,953321,952871,450
65266241,41.5442,1.49965,500,31348,0.806315,0.59,2,953371,952871,500
65269161,81.9088,40.2999,542,31415,0.825263,0.63,2,953463,952921,542
65272081,49.9818,80.06,494,31482,0.877053,0.69,2,953505,953011,494
65275001,41.1964,48.012,493,31549,0.903411,0.73,2,953544,953051,493
65567001,60,49,521,37664,0.79,1,2,957841,957320,521
65569921,32,41,507,37720,0.71,1,1,957866,957359,507
65572841,34.4,29.8,515,37776,0.614,1,1,957901,957386,515
65575761,31.68,25.16,522,37832,0.5628,1,1,957932,957410,522
65578681,35.936,29.032,529,37888,0.44056,1,1,957969,957440,529
65581601,36.7872,45.8064,516,37944,0.336112,1,1,958006,957490,516
65584521,40.1574,51.5613,504,38000,0.315222,1,1,958047,957543,504
65587441,45.6315,38.3123,516,38056,0.199044,1,1,958094,957578,516
65590361,33.9263,38.0625,509,38112,0.0958089,1,1,958125,957616,509
65593281,34.7853,38.0125,506,38167,0.139162,1,1,958160,957654,506
65596201,50.9571,36.4025,525,38222,0.0838324,0.87,1,958215,957690,525
65599121,33.3914,53.6805,496,38277,0.0247665,0.91,1,958244,957748,496
65602041,49.0783,37.1361,516,38332,0.0929533,0.79,1,958297,957781,516
65604961,24.2157,55.4272,474,38387,0.106591,0.69,1,958315,957841,474
65607881,31.2431,31.0854,482,38442,0.157318,0.59,1,958348,957866,482
65610801,28.6486,34.2171,475,38497,0.103464,0.55,1,958376,957901,475
65613721,32.9297,31.6434,478,38552,0.172693,0.41,1,958410,957932,478
65616641,29.7859,35.9287,470,38607,0.138539,0.31,1,958439,957969,470
65619561,7.55719,36.7857,435,38662,0.163708,0.31,1,958441,958006,435
65622481,33.5114,40.1571,434,38717,0.216742,0.17,1,958481,958047,434
65625401,39.5023,45.6314,428,38772,0.275348,0.07,1,958522,958094,428
65628321,28.7005,33.9263,423,38826,0.25507,0.15,1,958548,958125,423
65631241,36.1401,34.7853,426,38880,0.267014,0.07,1,958586,958160,426
65634161,50.428,50.9571,425,38934,0.317403,0.01,1,958640,958215,425
65637081,32.4856,33.3914,424,38988,0.311481,0.11,1,958668,958244,424
65640001,51.2971,49.0783,427,39042,0.358296,0.11,1,958724,958297,427
65642921,23.0594,24.2157,425,39096,0.367659,0.17,1,958740,958315,425
65645841,33.4119,31.2431,428,39150,0.353532,0.09,1,958776,958348,428
65648761,27.4824,28.6486,426,39204,0.382706,0.19,1,958802,958376,426
65651681,36.6965,32.9297,431,39258,0.420541,0.13,1,958841,958410,431
65654601,29.7393,29.7859,430,39312,0.444108,0.17,1,958869,958439,430
65657521,7.54786,7.55719,430,39366,0.416822,0.23,1,958871,958441,430
65660441,34.3096,33.5114,431,39420,0.443364,0.29,1,958912,958481,431
65663361,42.0619,39.5023,434,39474,0.432673,0.25,1,958956,958522,434
65666281,30.0124,28.7005,435,39528,0.446535,0.27,1,958983,958548,435
65669201,37.2025,36.1401,436,39581,0.497307,0.33,1,959022,958586,436
65672121,50.6405,50.428,436,39634,0.539461,0.31,1,959076,958640,436
65675041,33.3281,32.4856,437,39687,0.579892,0.37,1,959105,958668,437
65677961,52.2656,51.2971,438,39740,0.619978,0.37,1,959162,958724,438
65680881,23.2531,23.0594,438,39793,0.611996,0.35,1,959178,958740,438
65683801,34.2506,33.4119,439,39846,0.594399,0.39,1,959215,958776,439
65686721,27.6501,27.4824,439,39899,0.59088,0.43,1,959241,958802,439
65689641,38.33,36.6965,441,39952,0.574176,0.45,1,959282,958841,441
65692561,30.866,29.7393,442,40005,0.570835,0.41,1,959311,958869,442
65695481,7.7732,7.54786,442,40058,0.602167,0.41,1,959313,958871,442
65698401,33.5546,1.50957,482,40111,0.576433,0.45,1,959353,958871,482
65701321,42.7109,33.1019,486,40164,0.555287,0.43,1,959398,958912,486
65704241,30.9422,41.8204,470,40217,0.551057,0.45,1,959426,958956,470
65707161,39.7884,29.9641,485,40270,0.582211,0.51,1,959468,958983,485
65710081,52.7577,37.1928,502,40322,0.604442,0.55,1,959524,959022,502
65713001,33.7515,50.6386,477,40374,0.656888,0.59,1,959553,959076,477
65715921,53.9503,33.3277,507,40426,0.699378,0.63,1,959612,959105,507
65718841,24.3901,52.2655,467,40478,0.739876,0.61,1,959629,959162,467
65721761,33.678,23.2531,487,40530,0.747975,0.59,1,959665,959178,487
65724681,27.5356,34.2506,476,40582,0.749595,0.59,1,959691,959215,476
65727601,37.5071,27.6501,490,40634,0.749919,0.57,1,959731,959241,490
65730521,30.7014,38.33,478,40686,0.749984,0.57,1,959760,959282,478
65733441,7.74028,30.866,451,40738,0.749997,0.61,1,959762,959311,451
65736361,33.5481,7.7732,489,40790,0.765999,0.57,2,959802,959313,489
65739281,41.9096,33.5546,493,40842,0.7852,0.55,2,959846,959353,493
65742201,30.7819,42.7109,476,40894,0.80504,0.55,2,959874,959398,476
65745121,41.3564,30.9422,492,40946,0.809008,0.59,2,959918,959426,492
65748041,54.6713,39.7884,508,40998,0.809802,0.61,2,959976,959468,508
65750961,36.5343,52.7577,484,41049,0.79396,0.67,2,960008,959524,484
65753881,56.1068,33.7515,516,41100,0.822792,0.71,2,960069,959553,516
65756801,25.6214,53.9503,475,41151,0.828558,0.75,2,960087,959612,475
65759721,33.9243,24.3901,494,41202,0.845712,0.75,2,960123,959629,494
65762641,27.5849,33.678,484,41253,0.865142,0.75,2,960149,959665,484
65765561,37.517,27.5356,498,41304,0.869028,0.75,2,960189,959691,498
65768481,31.5034,37.5071,488,41355,0.901806,0.75,2,960219,959731,488
65771401,7.90068,30.7014,461,41406,0.876361,0.75,2,960221,959760,461
65774321,33.5801,7.74028,499,41457,0.903272,0.77,2,960261,959762,499
65777241,42.716,33.5481,504,41508,0.924654,0.79,2,960306,959802,504
65780161,10.1432,41.9096,462,41559,0.944931,0.81,2,960308,959846,462
66110121,54,29,536,46948,0.71,1,1,964088,963552,536
66113041,31.6,42.6,516,46993,0.774,1,2,964114,963598,516
66115961,34.32,43.72,507,47038,0.7228,1,1,964149,963642,507
66118881,34.864,27.944,518,47083,0.69656,1,1,964184,963666,518
66121801,26.9728,32.7888,509,47128,0.755312,1,2,964209,963700,509
66124721,31.7946,32.9578,509,47173,0.735062,1,1,964242,963733,509
66127641,28.7589,26.5916,512,47218,0.635012,1,1,964270,963758,512
66130561,22.5518,22.9183,511,47263,0.647002,1,1,964291,963780,511
66133481,27.7104,30.1837,508,47308,0.6334,0.87,1,964320,963812,508
66136401,23.9421,28.4367,503,47353,0.75868,1,2,964343,963840,503
66139321,16.7884,29.6873,488,47398,0.735736,1,1,964358,963870,488
66142241,19.3577,33.9375,473,47442,0.667147,0.9,1,964378,963905,473
66145161,28.6715,32.3875,472,47486,0.701429,0.87,1,964409,963937,472
66148081,32.9343,37.6775,467,47530,0.740286,0.81,1,964443,963976,467
66151001,22.5869,23.5355,467,47574,0.716057,0.81,1,964463,963996,467
66153921,31.7174,35.1071,463,47618,0.711211,0.71,1,964497,964034,463
66156841,47.9435,50.2214,461,47662,0.806242,0.79,2,964549,964088,461
66159761,29.5887,30.8443,460,47706,0.825248,0.71,2,964574,964114,460
66162681,32.3177,34.1689,458,47750,0.81305,0.69,2,964607,964149,458
66165601,32.8635,34.8338,456,47794,0.82661,0.77,2,964640,964184,456
66168521,31.3727,26.9668,462,47838,0.829322,0.73,2,964671,964209,462
66171441,32.6745,31.7934,462,47882,0.877864,0.61,2,964704,964242,462
66174361,25.7349,28.7587,458,47926,0.919573,0.65,2,964728,964270,458
66177281,18.747,22.5517,454,47970,0.911915,0.63,2,964745,964291,454
66180201,26.1494,27.7103,453,48014,0.926383,0.79,2,964773,964320,453
66183121,25.2299,23.9421,455,48058,0.945277,0.73,2,964798,964343,455
66186041,14.646,16.7884,452,48102,0.917055,0.65,2,964810,964358,452
66188961,22.1292,19.3577,456,48146,0.927411,0.71,2,964834,964378,456
66609441,96,68,532,24990,0.21,1,1,969094,968562,532
66612361,46.4,77.6,486,25075,0.21,1,1,969128,968642,486
66615281,73.28,61.12,509,25160,0.098,0.99,1,969208,968699,509
66618201,68.256,70.624,503,25244,0.1076,0.91,1,969275,968772,503
66621121,60.8512,62.9248,501,25328,0.07752,0.59,1,969334,968833,501
66624041,38.5702,68.585,464,25412,0.055504,0.49,1,969367,968903,464
66626961,29.314,42.517,455,25495,0.0991008,0.51,1,969394,968939,455
66629881,37.8628,27.7034,471,25578,0.10782,0.37,1,969434,968963,471
66632801,77.9726,33.5407,524,25661,0.109564,0.21,1,969522,968998,524
66635721,37.9945,83.5081,456,25744,0.109913,0.21,1,969550,969094,456
66638641,72.3989,43.9016,503,25826,0.189983,0.07,1,969631,969128,503
66641561,68.8798,72.7803,491,25908,0.269997,0.11,1,969699,969208,491
66644481,62.576,68.1561,485,25990,0.285999,0.07,1,969760,969275,485
66647401,38.1152,60.8312,458,26072,0.3052,0.05,1,969792,969334,458
66650321,30.023,38.5662,453,26153,0.32504,0.11,1,969820,969367,453
66653241,36.4046,29.3132,464,26234,0.329008,0.11,1,969858,969394,464
66656161,79.2809,37.8626,514,26315,0.393802,0.11,1,969948,969434,514
66659081,38.2562,77.9725,454,26396,0.42276,0.11,1,969976,969522,454
66662001,76.4512,37.9945,512,26476,0.476552,0.21,1,970062,969550,512
66664921,72.8902,72.3989,503,26556,0.45531,0.29,1,970134,969631,503
66667841,64.1781,68.8798,497,26636,0.483062,0.29,1,970196,969699,497
66670761,38.4356,62.576,468,26716,0.456612,0.31,1,970228,969760,468
66673681,30.8871,38.1152,465,26795,0.467322,0.33,1,970257,969792,465
66676601,36.5774,30.023,475,26874,0.469465,0.33,1,970295,969820,475
66679521,8.91548,36.4046,439,26953,0.469893,0.41,1,970297,969858,439
66682441,76.1831,79.2809,442,27032,0.517979,0.43,1,970390,969948,442
66685361,39.2366,38.2562,444,27110,0.527596,0.49,1,970420,969976,444
66688281,78.2473,76.4512,446,27188,0.513519,0.45,1,970508,970062,446
66691201,71.6495,72.8902,444,27266,0.574704,0.49,1,970578,970134,444
66694121,63.9299,64.1781,444,27344,0.666941,0.45,1,970640,970196,444
66697041,38.386,38.4356,444,27421,0.701388,0.47,1,970672,970228,444
66699961,31.6772,30.8871,445,27498,0.708278,0.47,1,970702,970257,445
66702881,36.7354,36.5774,445,27575,0.741656,0.47,1,970740,970295,445
66705801,8.94709,8.91548,445,27652,0.748331,0.53,1,970742,970297,445
66708721,76.9894,76.1831,446,27729,0.749666,0.53,1,970836,970390,446
66711641,39.3979,39.2366,446,27805,0.781933,0.51,2,970866,970420,446
66714561,79.8796,78.2473,448,27881,0.788387,0.59,2,970956,970508,448
66717481,74.3759,71.6495,451,27957,0.821677,0.69,2,971029,970578,451
66720401,66.8752,63.9299,454,28033,0.844335,0.71,2,971094,970640,454
66723321,40.575,38.386,456,28109,0.848867,0.71,2,971128,970672,456
66726241,32.915,31.6772,457,28184,0.865773,0.75,2,971159,970702,457
66729161,36.983,36.7354,457,28259,0.869155,0.75,2,971197,970740,457
66732081,8.9966,8.94709,457,28334,0.869831,0.75,2,971199,970742,457
66735001,77.7993,76.9894,458,28409,0.869966,0.75,2,971294,970836,458
66737921,39.5599,15.3979,488,28484,0.869993,0.79,2,971324,970836,488
66740841,79.912,27.0796,548,28558,0.885999,0.79,2,971414,970866,548
66743761,77.5824,77.4159,535,28632,0.9212,0.83,2,971491,970956,535
66860561,54,92,535,31454,0.47,1,1,973467,972932,535
66863481,50,71.2,518,31521,0.358,1,1,973516,972998,518
66866401,38,51.04,507,31588,0.2876,1,1,973551,973044,507
66869321,38.8,40.608,508,31655,0.17752,1,1,973590,973082,508
66872241,34.96,36.9216,506,31722,0.091504,1,1,973624,973118,506
66875161,41.392,32.9843,517,31789,0.0903008,1,1,973667,973150,517
66878081,33.0784,40.1969,506,31856,0.0900602,1,1,973698,973192,506
66881001,32.2157,35.2394,504,31922,0.090012,1,1,973730,973226,504
66883921,48.8431,31.8479,526,31988,0.0260024,0.87,1,973783,973257,526
66886841,72.9686,56.7696,542,32054,0.0132005,0.61,1,973862,973320,542
66889761,52.1937,85.7539,496,32120,0.0026401,0.47,1,973909,973413,496
66892681,44.8387,60.3508,485,32186,0.024528,0.33,1,973952,973467,485
66895601,32.9677,51.2702,466,32252,0.0449056,0.27,1,973982,973516,466
66898521,33.7936,38.254,465,32318,0.0329811,0.15,1,974016,973551,465
66901441,34.7587,38.8508,461,32383,0.0305962,0.07,1,974051,973590,461
66904361,39.7517,34.9702,468,32448,0.0301192,0.09,1,974092,973624,468
66907281,29.5503,41.394,452,32513,0.0140238,0.09,1,974119,973667,452
66910201,31.5101,33.0788,453,32578,0.0268048,0.09,1,974151,973698,453
66913121,48.702,32.2158,474,32643,0.061361,0.01,1,974204,973730,474
66916041,72.9404,48.8432,500,32708,0.100272,0.01,1,974283,973783,500
66918961,16.1881,72.9686,423,32773,0.108054,0,1,974285,973862,423
66921881,40.8376,52.1937,423,32838,0.0616109,0.03,1,974332,973909,423
66924801,44.9675,44.8387,426,32902,0.0363222,0.05,1,974378,973952,426
66927721,29.7935,32.9677,422,32966,0.0472644,0.03,1,974404,973982,422
66930641,34.7587,33.7936,424,33030,0.0974529,0.03,1,974440,974016,424
66933561,35.7517,34.7587,425,33094,0.0274906,0.03,1,974476,974051,425
66936481,39.1503,39.7517,424,33158,0.109498,0.01,1,974516,974092,424
66939401,29.4301,29.5503,424,33222,0.0778996,0.03,1,974543,974119,424
66942321,32.286,31.5101,425,33286,0.0555799,0.07,1,974576,974151,425
66945241,50.4572,48.702,427,33350,0.019116,0.11,1,974631,974204,427
66948161,71.6914,72.9404,425,33413,0.0118232,0.11,1,974708,974283,425
66951081,15.9383,16.1881,425,33476,0.0103646,0.05,1,974710,974285,425
66954001,38.3877,40.8376,422,33539,0.0420729,0.03,1,974754,974332,422
66956921,44.4775,44.9675,422,33602,0.0324146,0.05,1,974800,974378,422
66959841,31.2955,29.7935,424,33665,0.00648292,0.11,1,974828,974404,424
66962761,36.6591,34.7587,426,33728,0.0252966,0.01,1,974866,974440,426
66965681,34.5318,35.7517,424,33791,0.0450593,0.13,1,974900,974476,424
66968601,40.5064,39.1503,426,33854,0.0810119,0.07,1,974942,974516,426
66971521,27.3013,29.4301,423,33916,0.104202,0.05,1,974966,974543,423
66974441,31.0603,32.286,422,33978,0.0768405,0.01,1,974998,974576,422
66977361,50.2121,50.4572,422,34040,0.0713681,0.01,1,975053,974631,422
66980281,71.6424,71.6914,422,34102,0.102274,0.01,1,975130,974708,422
66983201,15.9285,15.9383,422,34164,0.108455,0.05,1,975132,974710,422
66986121,38.3857,38.3877,422,34226,0.0936909,0.05,1,975176,974754,422
66989041,43.6771,7.67753,467,34288,0.106738,0.03,1,975221,974754,467
66991961,31.1354,38.3355,449,34350,0.0453476,0,1,975249,974800,449
66994881,38.2271,30.0671,461,34412,0.0330695,0.03,1,975289,974828,461
66997801,33.2454,36.4134,455,34473,0.0626139,0.05,1,975321,974866,455
67000721,42.6491,34.4827,466,34534,0.116523,0.09,1,975366,974900,466
67003641,27.7298,40.4965,448,34595,0.159305,0.11,1,975390,974942,448
67006561,29.546,27.2993,454,34656,0.199861,0.07,1,975420,974966,454
67009481,49.9092,31.0599,477,34717,0.127972,0.07,1,975475,974998,477
67012401,73.1818,50.212,501,34778,0.145594,0.11,1,975554,975053,501
67015321,16.2364,71.6424,426,34839,0.149119,0.11,1,975556,975130,426
67018241,39.2473,15.9285,469,34900,0.197824,0.09,1,975601,975132,469
67021161,43.0495,38.3857,469,34961,0.207565,0.11,1,975645,975176,469
67024081,29.4099,43.6771,450,35021,0.209513,0.03,1,975671,975221,450
67027001,39.482,31.1354,464,35081,0.257903,0.03,1,975713,975249,464
67029921,33.4964,38.2271,456,35141,0.267581,0.07,1,975745,975289,456
67032841,45.8993,33.2454,473,35201,0.269516,0.13,1,975794,975321,473
67035761,29.1799,42.6491,453,35261,0.253903,0.17,1,975819,975366,453
67038681,31.436,27.7298,461,35321,0.282781,0.21,1,975851,975390,461
67041601,46.2872,29.546,481,35381,0.320556,0.11,1,975901,975420,481
67044521,74.8574,49.9092,508,35441,0.296111,0.15,1,975983,975475,508
67047441,16.5715,73.1818,431,35501,0.323222,0.15,1,975985,975554,431
67050361,40.9143,16.2364,476,35561,0.328644,0.21,1,976032,975556,476
67053281,43.3829,39.2473,475,35620,0.377729,0.21,1,976076,975601,475
67056201,29.4766,43.0495,457,35679,0.403546,0.21,1,976102,975645,457
67059121,7.49531,29.4099,433,35738,0.408709,0.27,1,976104,975671,433
67062041,36.6991,39.482,435,35797,0.441742,0.27,1,976148,975713,435
67064961,32.9398,33.4964,435,35856,0.448348,0.27,1,976180,975745,435
67067881,45.788,45.8993,435,35915,0.43367,0.25,1,976229,975794,435
67070801,28.3576,29.1799,434,35974,0.446734,0.29,1,976253,975819,434
67073721,34.4715,31.436,438,36033,0.497347,0.33,1,976289,975851,438
67076641,46.8943,46.2872,438,36092,0.523469,0.29,1,976339,975901,438
67079561,74.9789,74.8574,438,36151,0.544694,0.33,1,976421,975983,438
67082481,16.5958,16.5715,438,36209,0.548939,0.33,1,976423,975985,438
67085401,42.5192,40.9143,440,36267,0.549788,0.39,1,976472,976032,440
67088321,45.3038,43.3829,442,36325,0.613958,0.41,1,976518,976076,442
67091241,29.8608,29.4766,442,36383,0.594792,0.41,1,976544,976102,442
67094161,7.57215,7.49531,442,36441,0.622958,0.45,1,976546,976104,442
67097081,36.7144,36.6991,442,36499,0.628592,0.45,1,976590,976148,442
67100001,34.5429,32.9398,444,36557,0.581718,0.43,1,976624,976180,444
67102921,46.1086,45.788,444,36615,0.588344,0.45,1,976673,976229,444
67105841,28.4217,28.3576,444,36673,0.557669,0.51,1,976697,976253,444
67108761,35.2843,34.4715,445,36731,0.583534,0.53,1,976734,976289,445
67111681,49.4569,46.8943,448,36789,0.620707,0.55,1,976787,976339,448
67114601,76.2914,74.9789,449,36846,0.628141,0.55,1,976870,976421,449
67117521,16.8583,16.5958,449,36903,0.629628,0.55,1,976872,976423,449
67120441,44.1717,42.5192,451,36960,0.613926,0.63,1,976923,976472,451
67123361,45.6343,45.3038,451,37017,0.706785,0.59,1,976969,976518,451
67126281,29.9269,29.8608,451,37074,0.693357,0.63,1,976995,976544,451
67129201,7.58537,7.57215,451,37131,0.690671,0.63,1,976997,976546,451
67132121,36.7171,36.7144,451,37188,0.722134,0.63,1,977041,976590,451
67135041,32.9434,7.34289,483,37245,0.728427,0.57,1,977073,976590,483
67137961,44.9887,28.6686,497,37302,0.761685,0.59,2,977121,976624,497
67140881,28.1977,44.9337,472,37359,0.784337,0.55,2,977145,976673,472
67143801,37.6395,28.1867,488,37416,0.788867,0.59,2,977185,976697,488
67146721,49.9279,35.2373,504,37472,0.837773,0.63,2,977238,976734,504
67149641,77.1856,49.4475,535,37528,0.895555,0.63,2,977322,976787,535
67152561,17.0371,76.2895,454,37584,0.907111,0.63,2,977324,976870,454
67155481,45.0074,16.8579,504,37640,0.925422,0.61,2,977376,976872,504
67158401,47.4015,44.1716,501,37696,0.913085,0.73,2,977424,976923,501
67161321,30.2803,45.6343,481,37752,0.926617,0.69,2,977450,976969,481
67164241,7.65606,29.9269,457,37808,0.929323,0.69,2,977452,976995,457
67319001,28,25,502,40663,0.81,1,2,979451,978949,502
67321921,34.4,29.8,507,40715,0.826,1,2,979487,978980,507
67324841,36.48,33.96,509,40767,0.7492,1,1,979524,979015,509
67327761,16.896,33.992,487,40819,0.74984,1,1,979536,979049,487
67330681,19.3792,18.7984,492,40871,0.717968,1,1,979556,979064,492
67333601,34.2758,18.1597,512,40923,0.679594,1,1,979594,979082,512
67336521,82.8552,35.6319,567,40975,0.543919,1,1,979689,979122,567
67339441,48.571,86.3264,508,41027,0.532784,1,1,979729,979221,508
67342361,36.9142,46.0653,506,41078,0.546557,0.98,1,979763,979257,506
67345281,42.5828,34.0131,519,41129,0.533311,0.95,1,979807,979288,519
67348201,34.1166,46.0026,502,41180,0.546662,0.94,1,979839,979337,502
67351121,27.6233,34.8005,496,41231,0.549332,0.93,1,979865,979369,496
67354041,24.7247,33.3601,487,41282,0.549866,0.77,1,979889,979402,487
67356961,24.1449,23.472,490,41333,0.565973,0.81,1,979913,979423,490
67359881,33.629,27.0944,498,41384,0.569195,0.83,1,979949,979451,498
67362801,33.1258,34.2189,495,41435,0.585839,0.73,1,979982,979487,495
67365721,16.2252,36.4438,470,41486,0.605168,0.75,1,979994,979524,470
67368641,17.645,16.8888,476,41537,0.609034,0.71,1,980012,979536,476
67371561,5.12901,19.3778,458,41588,0.609807,0.67,1,980014,979556,458
67374481,28.2258,34.2755,454,41639,0.625961,0.51,1,980048,979594,454
67377401,77.6452,82.8551,449,41690,0.661192,0.53,1,980138,979689,449
67380321,45.129,48.571,446,41741,0.652238,0.55,1,980175,979729,446
67383241,37.8258,36.9142,448,41792,0.650448,0.53,1,980211,979763,448
67386161,44.3652,42.5828,450,41843,0.68209,0.55,1,980257,979807,450
67389081,33.673,34.1166,449,41893,0.672418,0.55,1,980288,979839,449
67392001,27.5346,27.6233,449,41943,0.670484,0.55,1,980314,979865,449
67394921,24.7069,24.7247,449,41993,0.670097,0.57,1,980338,979889,449
67397841,24.9414,24.1449,450,42043,0.654019,0.57,1,980363,979913,450
67400761,33.7883,33.629,450,42093,0.682804,0.59,1,980399,979949,450
67403681,34.7577,33.1258,452,42143,0.672561,0.61,1,980434,979982,452
67406601,14.9515,16.2252,450,42193,0.670512,0.61,1,980444,979994,450
67409521,18.9903,17.645,452,42243,0.670102,0.61,1,980464,980012,452
67412441,5.39806,5.12901,452,42293,0.670021,0.63,1,980466,980014,452
67415361,28.2796,28.2258,452,42343,0.750004,0.67,2,980500,980048,452
67418281,80.0559,77.6452,455,42393,0.750001,0.65,2,980593,980138,455
67421201,43.2112,45.129,452,42443,0.75,0.65,2,980627,980175,452
67424121,39.0422,37.8258,454,42493,0.766,0.69,2,980665,980211,454
67427041,46.2084,44.3652,456,42543,0.7532,0.67,2,980713,980257,456
67429961,33.2417,33.673,455,42593,0.75064,0.67,2,980743,980288,455
67432881,27.4483,27.5346,455,42643,0.766128,0.67,2,980769,980314,455
67435801,24.6897,24.7069,455,42692,0.785226,0.65,2,980793,980338,455
67438721,24.9379,24.9414,455,42741,0.789045,0.69,2,980818,980363,455
67441641,34.5876,33.7883,456,42790,0.821809,0.67,2,980855,980399,456
67444561,34.1175,34.7577,455,42839,0.796362,0.67,2,980889,980434,455
67447481,14.8235,14.9515,455,42888,0.791272,0.67,2,980899,980444,455
67450401,18.9647,18.9903,455,42937,0.822254,0.67,2,980919,980464,455
67453321,5.39294,5.39806,455,42986,0.828451,0.67,2,980921,980466,455
67456241,29.8786,1.07961,491,43035,0.86169,0.77,2,980957,980466,491
67459161,79.5757,27.4159,549,43084,0.916338,0.75,2,981049,980500,549
67643121,35,32,518,46067,0.77,1,2,983135,982617,518
67646041,29.4,32.8,513,46113,0.69,1,1,983163,982650,513
67648961,28.28,30.56,511,46159,0.722,1,1,983191,982680,511
67651881,36.056,26.112,524,46205,0.7124,1,1,983229,982705,524
67654801,34.4112,39.6224,515,46251,0.67848,1,1,983263,982748,515
67657721,37.2822,37.5245,516,46297,0.607696,0.99,1,983301,982785,516
67660641,17.8564,32.3049,498,46343,0.577539,0.97,1,983314,982816,498
67663561,17.9713,19.261,500,46388,0.571508,1,1,983332,982832,500
67666481,32.3943,28.6522,505,46433,0.586302,1,1,983368,982863,505
67669401,37.6789,36.1304,506,46478,0.52526,0.98,1,983407,982901,506
67672321,36.3358,30.4261,513,46523,0.561052,0.98,1,983443,982930,513
67675241,36.8672,39.6852,508,46568,0.50421,1,1,983480,982972,508
67678161,33.7734,39.137,502,46613,0.524842,0.97,1,983513,983011,502
67681081,23.5547,33.4274,491,46658,0.448968,0.82,1,983534,983043,491
67684001,29.5109,28.2855,495,46703,0.481794,0.87,1,983565,983070,495
67686921,30.7022,29.6571,496,46748,0.520359,0.77,1,983596,983100,496
67689841,24.5404,33.9314,484,46793,0.528072,0.67,1,983619,983135,484
67692761,25.7081,29.1863,482,46838,0.513614,0.73,1,983645,983163,482
67695681,33.1416,28.2373,489,46883,0.542723,0.71,1,983680,983191,489
67698601,32.2283,36.0475,483,46928,0.580545,0.67,1,983712,983229,483
67701521,36.0457,34.4095,486,46973,0.604109,0.59,1,983749,983263,486
67704441,17.6091,37.2819,461,47018,0.624822,0.57,1,983762,983301,461
67707361,19.5218,17.8564,468,47063,0.628964,0.57,1,983782,983314,468
67710281,31.9044,17.9713,485,47108,0.693793,0.59,1,983817,983332,485
67713201,34.3809,32.3943,484,47153,0.722759,0.51,1,983852,983368,484
67716121,37.2762,37.6789,483,47198,0.696552,0.57,1,983890,983407,483
67719041,35.4552,36.3358,482,47243,0.69131,0.49,1,983925,983443,482
67721961,33.491,36.8672,478,47288,0.706262,0.53,1,983958,983480,478
67724881,21.0982,33.7734,463,47333,0.709252,0.43,1,983976,983513,463
67727801,32.2196,23.5547,477,47378,0.72585,0.49,1,984011,983534,477
67730721,8.04393,29.5109,448,47422,0.76117,0.53,2,984013,983565,448
67733641,25.6088,30.7022,447,47466,0.800234,0.53,2,984043,983596,447
67736561,24.3218,24.5404,448,47510,0.792047,0.51,2,984067,983619,448
67739481,24.8644,25.7081,447,47554,0.774409,0.55,2,984092,983645,447
67742401,34.5729,33.1416,449,47598,0.754882,0.59,2,984129,983680,449
67745321,32.5146,32.2283,449,47642,0.782976,0.61,2,984161,983712,449
67748241,38.5029,36.0457,452,47686,0.724595,0.63,1,984201,983749,452
67751161,18.9006,17.6091,453,47730,0.744919,0.63,1,984215,983762,453
67754081,20.5801,19.5218,454,47774,0.732984,0.71,1,984236,983782,454
67757001,36.116,31.9044,459,47818,0.714597,0.73,1,984276,983817,459
67759921,34.4232,34.3809,458,47862,0.742919,0.69,1,984310,983852,458
67762841,35.6846,37.2762,456,47906,0.716584,0.69,1,984346,983890,456
67765761,35.1369,35.4552,456,47950,0.711317,0.71,1,984381,983925,456
67768681,34.2274,33.491,457,47994,0.742263,0.71,1,984415,983958,457
67771601,22.8455,21.0982,459,48038,0.780453,0.73,2,984435,983976,459
67774521,31.7691,32.2196,458,48082,0.756091,0.77,2,984469,984011,458
67777441,7.95382,8.04393,458,48126,0.783218,0.81,2,984471,984013,458
67780361,27.9908,25.6088,461,48170,0.772644,0.79,2,984504,984043,461
67783281,24.7982,24.3218,461,48214,0.786529,0.77,2,984528,984067,461
67786201,24.1596,24.8644,460,48258,0.789306,0.75,2,984552,984092,460
67789121,33.6319,34.5729,459,48302,0.789861,0.79,2,984588,984129,459
67792041,32.3264,32.5146,459,48346,0.773972,0.71,2,984620,984161,459
67794961,36.8653,38.5029,457,48390,0.818794,0.75,2,984658,984201,457
67797881,18.5731,18.9006,457,48434,0.827759,0.73,2,984672,984215,457
67800801,21.3146,20.5801,458,48478,0.829552,0.71,2,984694,984236,458
67803721,35.4629,36.116,457,48521,0.86191,0.75,2,984733,984276,457
67806641,34.2926,34.4232,457,48564,0.932382,0.71,2,984767,984310,457
67809561,35.6585,35.6846,457,48607,0.946476,0.71,2,984803,984346,457
67983301,65,48,522,23541,0.65,1,1,986628,986106,522
67986221,67.4,75.2,508,23631,0.49,1,1,986696,986188,508
67989141,94.28,81.44,526,23721,0.282,1,1,986797,986271,526
67992061,70.856,83.488,507,23810,0.2564,0.95,1,986862,986355,507
67994981,54.9712,64.6976,498,23899,0.13928,0.91,1,986913,986415,498
67997901,38.9942,54.5395,481,23988,0.131856,0.89,1,986948,986467,481
68000821,31.7988,39.7079,475,24076,0.0983712,0.83,1,986978,986503,475
68003741,39.1598,55.9416,456,24164,0.107674,0.65,1,987019,986563,456
68006661,53.432,63.1883,448,24252,0.0935348,0.45,1,987076,986628,448
68009581,62.6864,67.0377,445,24339,0.154707,0.23,1,987141,986696,445
68012501,85.3373,94.2075,435,24426,0.166941,0.25,1,987232,986797,435
68015421,69.0675,70.8415,435,24513,0.217388,0.11,1,987297,986862,435
68018341,49.0135,54.9683,428,24599,0.227478,0.13,1,987341,986913,428
68021261,37.8027,38.9937,428,24685,0.277496,0.09,1,987376,986948,428
68024181,29.9605,31.7987,426,24771,0.239499,0.11,1,987404,986978,426
68027101,39.5921,39.1597,427,24857,0.2639,0.09,1,987446,987019,427
68030021,52.7184,53.432,426,24942,0.34878,0.17,1,987502,987076,426
68032941,64.1437,62.6864,428,25027,0.333756,0.17,1,987569,987141,428
68035861,85.6287,85.3373,428,25112,0.394751,0.23,1,987660,987232,428
68038781,73.1257,69.0675,433,25196,0.48695,0.23,1,987730,987297,433
68041701,49.8251,49.0135,433,25280,0.48939,0.29,1,987774,987341,433
68044621,39.565,37.8027,435,25364,0.505878,0.23,1,987811,987376,435
68047541,28.713,29.9605,433,25448,0.541176,0.23,1,987837,987404,433
68050461,41.7426,5.99211,478,25531,0.516235,0.27,1,987882,987404,478
68053381,53.9485,34.7984,493,25614,0.511247,0.37,1,987939,987446,493
68056301,64.3897,51.7597,504,25697,0.494249,0.33,1,988006,987502,504
68059221,88.0779,63.9519,531,25779,0.52285,0.41,1,988100,987569,531
68062141,78.4156,85.5904,516,25861,0.49657,0.51,1,988176,987660,516
68065061,50.0831,73.1181,489,25943,0.475314,0.49,1,988219,987730,489
68067981,40.4166,49.8236,483,26025,0.503063,0.51,1,988257,987774,483
68070901,28.8833,39.5647,472,26106,0.508613,0.55,1,988283,987811,472
68073821,42.5767,28.7129,492,26187,0.541722,0.51,1,988329,987837,492
68076741,53.3153,41.7426,503,26268,0.532345,0.51,1,988385,987882,503
68079661,63.4631,53.9485,512,26349,0.562469,0.49,1,988451,987939,512
68082581,87.8926,64.3897,539,26429,0.600494,0.53,1,988545,988006,539
68085501,78.3785,88.0779,521,26509,0.640099,0.49,1,988621,988100,521
68088421,49.2757,78.4156,487,26589,0.68002,0.47,1,988663,988176,487
68091341,41.8551,50.0831,484,26669,0.784004,0.51,2,988703,988219,484
68094261,29.171,40.4166,472,26748,0.820801,0.51,2,988729,988257,472
68097181,42.6342,28.8833,492,26827,0.82816,0.55,2,988775,988283,492
68100101,54.1268,42.5767,503,26906,0.861632,0.53,2,988832,988329,503
68103021,12.4254,53.3153,449,26985,0.868326,0.57,2,988834,988385,449
68105941,56.0851,63.4631,450,27063,0.901665,0.61,2,988901,988451,450
68216901,33,104,498,29891,0.69,0.89,1,990903,990405,498
68219821,55.4,82.4,482,29962,0.626,1,1,990964,990482,482
68222741,51.08,60.48,477,30033,0.6292,1,1,991014,990537,477
68225661,35.816,39.296,475,30103,0.62984,0.96,1,991046,990571,475
68228581,37.5632,41.4592,471,30173,0.645968,1,1,991084,990613,471
68231501,37.9126,40.2918,469,30243,0.713194,0.93,1,991122,990653,469
68234421,61.1825,60.8584,470,30313,0.710639,0.91,1,991189,990719,470
68237341,30.6365,32.9717,467,30383,0.662128,0.87,1,991212,990745,467
68240261,31.7273,34.5943,464,30453,0.716426,0.73,1,991244,990780,464
68243181,72.7455,78.9189,457,30522,0.727285,0.69,1,991327,990870,457
68246101,40.1491,42.1838,456,30591,0.697457,0.61,1,991359,990903,456
68249021,52.0298,57.2368,450,30660,0.755491,0.63,2,991414,990964,450
68251941,52.806,51.4473,453,30729,0.751098,0.63,2,991467,991014,453
68254861,33.7612,35.8895,450,30798,0.76622,0.65,2,991496,991046,450
68257781,40.3522,37.5779,454,30867,0.801244,0.73,2,991538,991084,454
68260701,38.4704,37.9156,454,30936,0.840249,0.71,2,991576,991122,454
68263621,62.0941,61.1831,455,31004,0.91205,0.65,2,991644,991189,455
68295741,23,68,490,31747,0.89,0.95,2,992134,991644,490
68298661,31.8,32.8,500,31814,0.922,0.99,2,992168,991668,500
68392101,25,37,492,33877,0.85,1,2,993611,993119,492
68395021,65.8,77,481,33939,0.61,1,1,993687,993206,481
68397941,45.96,46.6,483,34001,0.498,1,1,993728,993245,483
68400861,56.392,50.12,491,34063,0.3956,1,1,993787,993296,491
68403781,44.0784,50.024,482,34125,0.27912,1,1,993828,993346,482
68406701,32.8157,30.0048,487,34187,0.271824,1,1,993858,993371,487
68409621,18.5631,25.201,478,34249,0.222365,1,1,993873,993395,478
68412541,29.3126,5.04019,510,34311,0.164473,1,1,993905,993395,510
68415461,35.4625,30.608,510,34373,0.0888946,1,1,993942,993432,510
68418381,64.6925,34.9216,546,34435,0.0257789,0.91,1,994014,993468,546
68421301,38.5385,71.7843,497,34496,0.0451558,0.89,1,994046,993549,497
68424221,28.5077,43.9569,486,34557,0.0330312,0.85,1,994072,993586,486
68427141,57.7015,28.7914,526,34618,0.0146062,0.55,1,994137,993611,526
68430061,41.1403,66.5583,487,34679,0.0589212,0.47,1,994174,993687,487
68432981,51.4281,46.1117,500,34740,0.0997842,0.37,1,994228,993728,500
68435901,36.6856,56.4223,474,34801,0.0919569,0.25,1,994261,993787,474
68438821,29.7371,44.0845,461,34862,0.0903914,0.27,1,994289,993828,461
68441741,17.9474,32.8169,446,34923,0.122078,0.21,1,994304,993858,446
68444661,24.3895,18.5634,457,34984,0.0964157,0.15,1,994330,993873,457
68447581,32.8779,29.3127,460,35044,0.203283,0.07,1,994365,993905,460
68450501,63.3756,35.4625,494,35104,0.224657,0.01,1,994436,993942,494
68453421,39.8751,64.6925,456,35164,0.244931,0.05,1,994470,994014,456
68456341,26.375,38.5385,447,35224,0.232986,0.03,1,994493,994046,447
68459261,58.075,28.5077,487,35284,0.214597,0.01,1,994559,994072,487
68462181,43.615,57.7015,462,35344,0.210919,0.07,1,994599,994137,462
68465101,52.723,41.1403,480,35404,0.306184,0.11,1,994654,994174,480
68468021,37.7446,51.4281,460,35464,0.325237,0.09,1,994688,994228,460
68470941,30.7489,36.6856,456,35524,0.313047,0.09,1,994717,994261,456
68473861,17.3498,29.7371,442,35584,0.342609,0.13,1,994731,994289,442
68476781,24.27,17.9474,453,35643,0.348522,0.09,1,994757,994304,453
68479701,6.45399,24.3895,429,35702,0.349704,0.23,1,994759,994330,429
68482621,30.8908,32.8779,431,35761,0.365941,0.23,1,994796,994365,431
68485541,64.5782,63.3756,433,35820,0.337188,0.25,1,994869,994436,433
68488461,39.3156,39.8751,432,35879,0.395438,0.23,1,994902,994470,432
68491381,25.4631,26.375,431,35938,0.407088,0.21,1,994924,994493,431
68494301,57.0926,58.075,430,35997,0.409418,0.21,1,994989,994559,430
68497221,47.4185,43.615,435,36056,0.473884,0.33,1,995034,994599,435
68500141,55.8837,52.723,438,36115,0.470777,0.33,1,995092,994654,438
68503061,38.3767,37.7446,438,36174,0.470155,0.31,1,995126,994688,438
68505981,31.6753,30.7489,439,36232,0.518031,0.35,1,995156,994717,439
68508901,17.5351,17.3498,439,36290,0.495606,0.35,1,995170,994731,439
68511821,24.307,24.27,439,36348,0.491121,0.35,1,995196,994757,439
68514741,6.4614,6.45399,439,36406,0.490224,0.37,1,995198,994759,439
68517661,30.0923,30.8908,438,36464,0.490045,0.33,1,995234,994796,438
68520581,65.2185,64.5782,439,36522,0.570009,0.41,1,995308,994869,439
68523501,40.2437,39.3156,440,36580,0.570002,0.41,1,995342,994902,440
68526421,25.6487,25.4631,440,36638,0.602,0.41,1,995364,994924,440
68529341,58.7297,57.0926,442,36696,0.6084,0.49,1,995431,994989,442
68532261,50.9459,47.4185,446,36754,0.65768,0.47,1,995480,995034,446
68535181,55.7892,55.8837,445,36811,0.699536,0.47,1,995537,995092,445
68538101,38.3578,38.3767,445,36868,0.739907,0.53,1,995571,995126,445
68541021,32.4716,31.6753,446,36925,0.763981,0.49,2,995602,995156,446
68543941,17.6943,17.5351,446,36982,0.736796,0.49,1,995616,995170,446
68546861,24.3389,24.307,446,37039,0.731359,0.49,1,995642,995196,446
68549781,6.46777,6.4614,446,37096,0.730272,0.49,1,995644,995198,446
68552701,30.0936,30.0923,446,37153,0.730054,0.49,1,995680,995234,446
68555621,66.8187,6.01846,522,37210,0.698011,0.59,1,995756,995234,522
68558541,42.1637,60.4037,484,37267,0.659602,0.57,1,995792,995308,484
68561461,26.8327,39.2807,473,37324,0.69992,0.61,1,995815,995342,473
68564381,58.9666,25.4561,518,37381,0.739984,0.61,1,995882,995364,518
68567301,53.3933,58.6912,503,37438,0.715997,0.67,1,995934,995431,503
68570221,58.6787,50.9382,514,37494,0.727199,0.71,1,995994,995480,514
68573141,39.7357,55.7877,492,37550,0.76144,0.75,2,996029,995537,492
68576061,31.9471,38.3575,488,37606,0.768288,0.77,2,996059,995571,488
68578981,17.5894,32.4715,471,37662,0.769658,0.73,2,996073,995602,471
68581901,24.3179,17.6943,483,37718,0.769932,0.73,2,996099,995616,483
68584821,6.46358,24.3389,459,37774,0.769986,0.73,2,996101,995642,459
68587741,30.0927,6.46777,493,37830,0.769997,0.73,2,996137,995644,493
68590661,65.2185,30.0936,531,37886,0.785999,0.69,2,996211,995680,531
68593581,41.8437,66.8187,491,37942,0.8052,0.65,2,996247,995756,491
68596501,27.5687,42.1637,479,37998,0.85704,0.71,2,996271,995792,479
68736661,36,18,531,40580,0.81,1,2,998070,997539,531
68739581,39.2,26.8,542,40632,0.698,1,1,998110,997568,542
68742501,35.84,60.56,508,40684,0.6276,1,1,998145,997637,508
68745421,32.768,41.712,503,40736,0.45352,1,1,998177,997674,503
68748341,30.5536,33.1424,502,40788,0.306704,1,1,998207,997705,502
68751261,31.7107,29.8285,505,40840,0.213341,1,1,998239,997734,505
68754181,36.7421,29.9657,513,40892,0.114668,0.96,1,998277,997764,513
68757101,65.7484,35.5931,549,40944,0.0229336,1,1,998350,997801,549
68760021,38.7497,67.9186,505,40996,0.0125867,1,1,998382,997877,505
68762941,35.7499,38.3837,509,41047,0.00251734,1,1,998417,997908,509
68765861,31.15,37.2767,502,41098,0.000503469,0.99,1,998447,997945,502
68768781,23.83,34.6553,490,41149,0.000100694,0.9,1,998469,997979,490
68771701,26.366,26.9311,492,41200,0.00802014,0.9,1,998496,998004,492
68774621,30.8732,29.3862,494,41251,0.041604,0.81,1,998528,998034,494
68777541,33.3746,34.6772,492,41302,0.0483208,0.67,1,998562,998070,492
68780461,33.0749,38.9354,485,41353,0.0656642,0.61,1,998595,998110,485
68783381,28.215,35.7871,477,41404,0.0531328,0.41,1,998622,998145,477
68786301,24.043,32.7574,468,41455,0.0506266,0.27,1,998645,998177,468
68789221,23.2086,30.5515,461,41506,0.0501253,0.19,1,998668,998207,461
68792141,6.24172,31.7103,431,41557,0.0340251,0.09,1,998670,998239,431
68795061,27.6483,36.7421,426,41608,0.062805,0,1,998703,998277,426
68797981,61.5297,65.7484,423,41659,0.036561,0.01,1,998773,998350,423
68800901,37.9059,38.7497,423,41710,0.0073122,0,1,998805,998382,423
68803821,36.3812,35.7499,424,41761,0.0414624,0,1,998841,998417,424
68806741,30.4762,31.15,423,41812,0.0162925,0,1,998870,998447,423
68809661,23.6952,23.83,423,41862,0.0272585,0.01,1,998892,998469,423
68812581,27.939,26.366,425,41912,0.0454517,0.05,1,998921,998496,425
68815501,32.7878,30.8732,427,41962,0.0810903,0.05,1,998955,998528,427
68818421,29.7576,33.3746,422,42012,0.0402181,0.07,1,998984,998562,422
68821341,34.7515,33.0749,425,42062,0.128044,0.05,1,999020,998595,425
68824261,27.7503,28.215,424,42112,0.129609,0.05,1,999046,998622,424
68827181,24.7501,24.043,425,42162,0.129922,0.05,1,999070,998645,425
68830101,23.35,23.2086,425,42212,0.129984,0.03,1,999093,998668,425
68833021,6.27,6.24172,425,42262,0.129997,0.07,1,999095,998670,425
68835941,27.654,27.6483,425,42312,0.193999,0.03,1,999128,998703,425
68838861,59.1308,61.5297,422,42362,0.1908,0,1,999195,998773,422
68841781,37.4262,37.9059,422,42412,0.11016,0.05,1,999227,998805,422
68844701,36.2852,36.3812,422,42462,0.062032,0.01,1,999263,998841,422
68847621,32.057,30.4762,424,42512,0.0364064,0.03,1,999294,998870,424
68850541,22.4114,23.6952,422,42562,0.0152813,0.05,1,999314,998892,422
68853461,27.6823,27.939,422,42612,0.0110563,0.09,1,999343,998921,422
68856381,35.9365,32.7878,426,42662,0.0102113,0.03,1,999381,998955,426
68859301,30.3873,29.7576,426,42711,0.0580423,0.15,1,999410,998984,426
68862221,35.6775,34.7515,427,42760,0.0516084,0.13,1,999447,999020,427
68865141,28.7355,27.7503,428,42809,0.0503217,0.13,1,999474,999046,428
68868061,24.9471,24.7501,428,42858,0.0500643,0.13,1,999498,999070,428
68870981,23.3894,23.35,428,42907,0.0340129,0.13,1,999521,999093,428
68873901,6.27788,6.27,428,42956,0.0628026,0.21,1,999523,999095,428
68876821,30.0556,27.654,431,43005,0.0365605,0.21,1,999559,999128,431
68879741,56.4111,5.5308,494,43054,0.0473121,0.19,1,999622,999128,494
68882661,34.4822,54.7062,456,43103,0.0814624,0.09,1,999651,999195,456
68885581,33.2964,36.5412,457,43152,0.0402925,0.05,1,999684,999227,457
68888501,31.4593,36.1082,452,43201,0.0320585,0.03,1,999715,999263,452
68891421,22.2919,32.0217,441,43250,0.0144117,0.01,1,999735,999294,441
68894341,28.4584,22.4043,451,43299,0.0108823,0.01,1,999765,999314,451
68897261,35.2917,27.6809,459,43348,0.0261765,0.01,1,999802,999343,459
68900181,31.0583,35.9362,451,43397,0.0132353,0.07,1,999832,999381,451
68903101,36.6117,30.3872,460,43446,0.0266471,0.05,1,999870,999410,460
68906021,28.9223,35.6774,450,43495,0.0773294,0.05,1,999897,999447,450
68908941,24.9845,28.7355,447,43544,0.103466,0.05,1,999921,999474,447
68911861,22.5969,24.9471,445,43592,0.108693,0.03,1,999943,999498,445
68914781,6.11938,23.3894,424,43640,0.109739,0.07,1,999945,999521,424
68917701,29.2239,6.27788,457,43688,0.109948,0.03,1,999980,999523,457
68920621,57.8448,30.0556,486,43736,0.10999,0.05,1,1000045,999559,486
68923541,34.769,56.4111,452,43784,0.141998,0.09,1,1000074,999622,452
68926461,32.5538,34.4822,455,43832,0.1804,0.03,1,1000106,999651,455
68929381,31.3108,33.2964,453,43880,0.18808,0.03,1,1000137,999684,453
68932301,23.0622,31.4593,443,43928,0.189616,0.01,1,1000158,999715,443
68935221,28.6124,22.2919,453,43976,0.141923,0.01,1,1000188,999735,453
68938141,34.5225,28.4584,459,44024,0.132385,0.03,1,1000224,999765,459
68941061,30.9045,35.2917,452,44072,0.146477,0.01,1,1000254,999802,452
68943981,37.3809,31.0583,461,44120,0.133295,0.03,1,1000293,999832,461
68946901,30.6762,36.6117,452,44168,0.162659,0.09,1,1000322,999870,452
68949821,26.1352,28.9223,450,44216,0.200532,0.11,1,1000347,999897,450
68952741,22.827,24.9845,448,44264,0.208106,0.11,1,1000369,999921,448
68955661,6.16541,22.5969,428,44312,0.209621,0.11,1,1000371,999943,428
68958581,29.2331,6.11938,461,44360,0.193924,0.11,1,1000406,999945,461
68961501,57.8466,29.2239,491,44408,0.238785,0.11,1,1000471,999980,491
68964421,37.1693,57.8448,458,44456,0.263757,0.15,1,1000503,1000045,458
68967341,9.03386,34.769,431,44503,0.268751,0.19,1,1000505,1000074,431
68970261,28.2068,32.5538,432,44550,0.30175,0.19,1,1000538,1000106,432
68973181,29.6414,31.3108,431,44597,0.30835,0.19,1,1000568,1000137,431
68976101,20.3283,23.0622,428,44644,0.34167,0.13,1,1000586,1000158,428
68979021,28.0657,28.6124,428,44691,0.364334,0.13,1,1000616,1000188,428
68981941,35.2131,34.5225,429,44738,0.352867,0.15,1,1000653,1000224,429
68984861,29.4426,30.9045,427,44785,0.350573,0.13,1,1000681,1000254,427
68987781,37.8885,37.3809,428,44832,0.382115,0.17,1,1000721,1000293,428
68990701,32.3777,30.6762,430,44879,0.372423,0.21,1,1000752,1000322,430
68993621,28.0755,26.1352,432,44926,0.370485,0.21,1,1000779,1000347,432
68996541,23.2151,22.827,432,44973,0.370097,0.21,1,1000801,1000369,432
68999461,6.24302,6.16541,432,45020,0.370019,0.19,1,1000803,1000371,432
69002381,28.4486,29.2331,431,45067,0.418004,0.25,1,1000837,1000406,431
69005301,60.8897,57.8466,435,45114,0.427601,0.27,1,1000906,1000471,435
69008221,37.7779,37.1693,435,45161,0.47752,0.27,1,1000938,1000503,435
69011141,9.15559,9.03386,435,45208,0.487504,0.31,1,1000940,1000505,435
69014061,29.8311,28.2068,437,45255,0.489501,0.31,1,1000975,1000538,437
69016981,29.9662,29.6414,437,45302,0.5059,0.35,1,1001005,1000568,437
69019901,21.1932,20.3283,438,45349,0.52518,0.37,1,1001024,1000586,438
69022821,28.2386,28.0657,438,45396,0.609036,0.35,1,1001054,1000616,438
69025741,36.0477,35.2131,439,45442,0.593807,0.35,1,1001092,1000653,439
69028661,29.6095,29.4426,439,45488,0.590761,0.39,1,1001120,1000681,439
69031581,37.9219,37.8885,439,45534,0.622152,0.37,1,1001160,1000721,439
69034501,33.9844,32.3777,441,45580,0.62843,0.37,1,1001193,1000752,441
69037421,27.5969,28.0755,440,45626,0.613686,0.37,1,1001219,1000779,440
69040341,23.1194,23.2151,440,45672,0.642737,0.37,1,1001241,1000801,440
69043261,6.22387,6.24302,440,45718,0.680547,0.43,1,1001243,1000803,440
69046181,29.2448,28.4486,441,45764,0.68811,0.43,1,1001278,1000837,441
69049101,62.649,60.8897,443,45810,0.673622,0.49,1,1001349,1000906,443
69052021,38.9298,37.7779,444,45856,0.654724,0.49,1,1001382,1000938,444
69054941,9.38596,9.15559,444,45902,0.650945,0.49,1,1001384,1000940,444
69057861,29.8772,29.8311,444,45948,0.666189,0.49,1,1001419,1000975,444
69060781,30.7754,5.96622,475,45994,0.653238,0.51,1,1001450,1000975,475
69063701,24.5551,25.1932,468,46040,0.602648,0.53,1,1001473,1001005,468
69066621,29.711,20.2386,480,46086,0.62453,0.63,1,1001504,1001024,480
69069541,36.3422,28.0477,488,46132,0.644906,0.59,1,1001542,1001054,488
69072461,29.6684,36.0095,478,46178,0.648981,0.59,1,1001570,1001092,478
69075381,37.9337,29.6019,490,46224,0.649796,0.63,1,1001610,1001120,490
69078301,33.9867,37.9204,483,46270,0.633959,0.63,1,1001643,1001160,483
69081221,29.1973,33.9841,478,46316,0.662792,0.61,1,1001671,1001193,478
69084141,24.2395,27.5968,475,46362,0.652558,0.65,1,1001694,1001219,475
69087061,6.44789,23.1194,455,46407,0.650512,0.69,1,1001696,1001241,455
69089981,29.2896,6.22387,488,46452,0.650102,0.69,1,1001731,1001243,488
69092901,61.8579,29.2448,523,46497,0.65002,0.67,1,1001801,1001278,523
69095821,37.9716,62.649,484,46542,0.682004,0.65,1,1001833,1001349,484
69098741,9.19432,38.9298,453,46587,0.688401,0.65,1,1001835,1001382,453
69101661,30.6389,9.38596,487,46632,0.72168,0.67,1,1001871,1001384,487
69104581,30.1278,29.8772,482,46677,0.744336,0.65,1,1001901,1001419,482
69107501,23.6256,30.7754,473,46722,0.764867,0.59,2,1001923,1001450,473
69110421,31.1251,24.5551,483,46767,0.816973,0.63,2,1001956,1001473,483
69113341,37.425,29.711,491,46812,0.859395,0.65,2,1001995,1001504,491
69116261,29.885,36.3422,481,46857,0.867879,0.65,2,1002023,1001542,481
69119181,37.977,29.6684,493,46902,0.901576,0.65,2,1002063,1001570,493
69122101,33.1954,37.9337,485,46947,0.908315,0.63,2,1002095,1001610,485
69125021,29.0391,33.9867,480,46992,0.909663,0.67,2,1002123,1001643,480
69127941,25.0078,29.1973,476,47037,0.909933,0.65,2,1002147,1001671,476
69130861,6.60156,24.2395,455,47082,0.925987,0.65,2,1002149,1001694,455
69297301,20,32,511,49571,0.87,1,2,1003876,1003365,511
69300221,22.4,28,507,49614,0.774,1,2,1003899,1003392,507
69303141,19.68,24.8,502,49656,0.7388,1,1,1003918,1003416,502
69306061,32.736,24.96,513,49698,0.66776,1,1,1003954,1003441,513
69308981,41.7472,40.992,512,49740,0.605552,1,1,1003998,1003486,512
69311901,30.7494,33.7984,508,49782,0.46511,1,1,1004026,1003518,508
69314821,31.7499,28.3597,513,49824,0.373022,1,1,1004058,1003545,513
69317741,30.35,25.6719,518,49866,0.322604,1,1,1004088,1003570,518
69320661,26.87,29.9344,513,49908,0.264521,0.94,1,1004114,1003601,513
69323581,31.774,29.1869,517,49950,0.284904,1,1,1004147,1003630,517
69326501,35.1548,45.8374,503,49992,0.224981,1,1,1004183,1003680,503
69329421,38.231,35.5675,509,50034,0.100996,0.99,1,1004222,1003713,509
69332341,26.0462,29.5135,504,50076,0.124199,1,1,1004245,1003741,504
69335261,21.2092,27.5027,497,50118,0.12884,1,1,1004265,1003768,497
69338181,27.4418,28.7005,497,50160,0.097768,0.91,1,1004294,1003797,497
69341101,25.4884,28.9401,493,50202,0.0435536,0.72,1,1004319,1003826,493
69344021,18.6977,29.788,480,50244,0.0487107,0.87,1,1004336,1003856,480
69346941,20.5395,21.9576,481,50286,0.0657421,0.75,1,1004357,1003876,481
69349861,5.70791,22.7915,460,50328,0.0691484,0.73,1,1004359,1003899,460
69352781,14.7416,19.7583,458,50370,0.0858297,0.65,1,1004376,1003918,458
69355701,30.9483,32.7517,457,50412,0.105166,0.59,1,1004411,1003954,457
69358621,35.7897,41.7503,450,50454,0.0930332,0.43,1,1004448,1003998,450
69361541,27.9579,30.7501,448,50496,0.0906066,0.35,1,1004474,1004026,448
69364461,26.3916,31.75,442,50538,0.122121,0.31,1,1004500,1004058,442
69367381,27.6783,30.35,440,50580,0.128424,0.25,1,1004528,1004088,440
69370301,18.3357,26.87,430,50622,0.0976849,0.29,1,1004544,1004114,430
69373221,28.4671,31.774,428,50664,0.139537,0.21,1,1004575,1004147,428
69376141,32.8934,35.1548,426,50706,0.115907,0.07,1,1004609,1004183,426
69379061,38.5787,38.231,427,50748,0.127181,0.13,1,1004649,1004222,427
69381981,25.3157,26.0462,426,50790,0.161436,0.13,1,1004671,1004245,426
69384901,21.8631,21.2092,427,50831,0.184287,0.09,1,1004692,1004265,427
69387821,26.7726,27.4418,426,50872,0.204857,0.03,1,1004720,1004294,426
69390741,22.9545,25.4884,423,50913,0.176971,0.05,1,1004742,1004319,423
69393661,18.9909,18.6977,424,50954,0.219394,0.07,1,1004760,1004336,424
69396581,22.9982,20.5395,427,50995,0.211879,0.07,1,1004784,1004357,427
69399501,6.19964,5.70791,427,51036,0.210376,0.09,1,1004786,1004359,427
69402421,12.4399,14.7416,424,51077,0.210075,0.11,1,1004800,1004376,424
69405341,31.288,30.9483,425,51118,0.258015,0.09,1,1004836,1004411,425
69408261,35.0576,35.7897,424,51159,0.299603,0.09,1,1004872,1004448,424
69411181,31.0115,27.9579,428,51200,0.323921,0.13,1,1004902,1004474,428
69414101,25.4023,26.3916,426,51241,0.344784,0.13,1,1004926,1004500,426
69417021,29.0805,27.6783,428,51282,0.348957,0.09,1,1004956,1004528,428
69419941,15.4161,18.3357,424,51323,0.365791,0.15,1,1004968,1004544,424
69422861,31.8832,28.4671,429,51364,0.385158,0.11,1,1005004,1004575,429
69425781,31.1766,32.8934,426,51405,0.421032,0.13,1,1005035,1004609,426
69428701,43.0353,38.5787,432,51446,0.460206,0.17,1,1005081,1004649,432
69431621,24.6071,25.3157,430,51487,0.468041,0.19,1,1005101,1004671,430
69434541,20.9214,21.8631,429,51528,0.517608,0.21,1,1005121,1004692,429
69437461,27.3843,26.7726,430,51569,0.511522,0.17,1,1005150,1004720,430
69440381,23.8769,22.9545,431,51610,0.526304,0.23,1,1005173,1004742,431
69443301,19.1754,18.9909,431,51651,0.545261,0.21,1,1005191,1004760,431
69446221,23.8351,22.9982,432,51692,0.533052,0.21,1,1005216,1004784,432
69449141,6.36701,6.19964,432,51733,0.53061,0.21,1,1005218,1004786,432
69452061,13.2734,12.4399,433,51774,0.546122,0.21,1,1005233,1004800,433
69454981,33.0547,2.48799,471,51815,0.485224,0.27,1,1005271,1004800,471
69457901,36.2109,29.2976,472,51856,0.489045,0.31,1,1005308,1004836,472
69460821,32.0422,34.6595,467,51897,0.473809,0.33,1,1005339,1004872,467
69463741,26.4084,30.9319,462,51938,0.454762,0.35,1,1005364,1004902,462
69466661,30.0817,25.3864,469,51979,0.434952,0.35,1,1005395,1004926,469
69469581,15.6163,29.0773,451,52020,0.46299,0.37,1,1005407,1004956,451
69472501,33.5233,15.4155,477,52060,0.436598,0.39,1,1005445,1004968,477
69475421,32.3047,31.8831,473,52100,0.43132,0.43,1,1005477,1005004,473
69478341,44.8609,31.1766,490,52140,0.446264,0.47,1,1005525,1005035,490
69481261,24.9722,43.0353,464,52180,0.449253,0.47,1,1005545,1005081,464
69484181,21.7944,24.6071,465,52220,0.433851,0.53,1,1005566,1005101,465
69487101,27.5589,20.9214,474,52260,0.41477,0.51,1,1005595,1005121,474
69490021,24.7118,27.3843,469,52300,0.474954,0.53,1,1005619,1005150,469
69492941,19.3424,23.8769,464,52340,0.518991,0.55,1,1005637,1005173,464
69495861,24.6685,19.1754,472,52380,0.559798,0.53,1,1005663,1005191,472
69498781,6.53369,23.8351,449,52420,0.56796,0.53,1,1005665,1005216,449
69501701,12.5067,6.36701,461,52460,0.569592,0.55,1,1005679,1005218,461
69504621,31.3013,13.2734,482,52500,0.585918,0.47,1,1005715,1005233,482
69507541,36.6603,33.0547,482,52540,0.605184,0.49,1,1005753,1005271,482
69510461,31.3321,36.2109,475,52580,0.641037,0.47,1,1005783,1005308,475
69513381,25.4664,32.0422,468,52620,0.664207,0.45,1,1005807,1005339,468
69516301,30.6933,26.4084,475,52660,0.684841,0.43,1,1005839,1005364,475
69519221,15.7387,30.0817,456,52700,0.704968,0.47,1,1005851,1005395,456
69522141,31.9477,15.6163,480,52740,0.724994,0.43,1,1005887,1005407,480
69525061,32.7895,33.5233,475,52780,0.760999,0.43,2,1005920,1005445,475
69527981,44.9579,32.3047,491,52820,0.7362,0.45,1,1005968,1005477,491
69530901,24.9916,44.8609,463,52860,0.73124,0.45,1,1005988,1005525,463
69533821,20.9983,24.9722,463,52900,0.730248,0.43,1,1006008,1005545,463
69536741,28.1997,21.7944,472,52940,0.73005,0.41,1,1006038,1005566,472
69539661,26.4399,27.5589,469,52980,0.74601,0.49,1,1006064,1005595,469
69542581,21.288,24.7118,465,53020,0.749202,0.53,1,1006084,1005619,465
69545501,26.6576,19.3424,475,53060,0.76584,0.57,2,1006112,1005637,475
69548421,6.93152,24.6685,451,53100,0.769168,0.57,2,1006114,1005663,451
69551341,13.3863,6.53369,464,53140,0.817834,0.57,2,1006129,1005665,464
69554261,31.4773,12.5067,486,53180,0.827567,0.59,2,1006165,1005679,486
69557181,38.2955,31.3013,490,53220,0.845513,0.61,2,1006205,1005715,490
69560101,9.25909,36.6603,454,53260,0.849103,0.65,2,1006207,1005753,454
69563021,26.6518,31.3321,455,53300,0.865821,0.67,2,1006238,1005783,455
69565941,24.5304,25.4664,455,53339,0.869164,0.69,2,1006262,1005807,455
69568861,32.1061,30.6933,457,53378,0.901833,0.71,2,1006296,1005839,457
69571781,16.0212,15.7387,457,53417,0.876367,0.73,2,1006308,1005851,457
69574701,33.6042,31.9477,459,53456,0.903273,0.77,2,1006346,1005887,459
69577621,32.3208,32.7895,458,53495,0.908655,0.73,2,1006378,1005920,458
69580541,44.8642,44.9579,458,53534,0.941731,0.73,2,1006426,1005968,458
69583461,24.9728,24.9916,458,53573,0.916346,0.73,2,1006446,1005988,458
69598061,30,28,462,53768,0.93,0.77,2,1006574,1006112,462
70196661,45,34,499,30368,0.83,1,2,1012866,1012367,499
70199581,41,52.4,482,30438,0.83,1,2,1012906,1012424,482
70202501,87.4,81.68,492,30508,0.814,1,2,1013005,1012513,492
70205421,47.08,45.136,493,30577,0.8748,1,2,1013042,1012549,493
70208341,27.016,37.8272,479,30646,0.91896,0.99,2,1013064,1012585,479
70211261,31.8032,38.7654,473,30715,0.895792,1,2,1013097,1012624,473
70214181,49.5606,46.9531,478,30784,0.923158,1,2,1013151,1012673,478
70386461,83,39,564,34606,0.55,1,1,1015861,1015297,564
70389381,60.6,83.8,524,34667,0.534,1,1,1015916,1015392,524
70392301,35.32,49.56,512,34728,0.4988,1,1,1015945,1015433,512
70395221,39.064,37.912,517,34789,0.33176,1,1,1015985,1015468,517
70398141,42.2128,45.1824,513,34850,0.170352,1,1,1016028,1015515,513
70401061,35.6426,40.2365,508,34911,0.0580704,1,1,1016062,1015554,508
70403981,28.7285,25.6473,513,34972,0.0356141,1,1,1016089,1015576,513
70406901,35.3457,32.3295,516,35032,0.0631228,1,1,1016126,1015610,516
70409821,35.8691,36.0659,515,35092,0.0366246,1,1,1016162,1015647,515
70412741,27.9738,40.0132,500,35152,0.00732491,0.94,1,1016188,1015688,500
70415661,46.3948,33.6026,519,35212,0.025465,0.93,1,1016239,1015720,519
70418581,69.279,53.1205,536,35272,0.005093,0.55,1,1016314,1015778,536
70421501,50.6558,77.0241,499,35332,0.0250186,0.53,1,1016360,1015861,499
70424421,28.5312,59.4048,467,35392,0.00500372,0.49,1,1016383,1015916,467
70427341,30.5062,35.081,469,35452,0.0410007,0.29,1,1016414,1015945,469
70430261,34.9012,39.0162,465,35512,0.0322001,0.13,1,1016450,1015985,465
70433181,33.3802,42.2032,455,35572,0.00644003,0.03,1,1016483,1016028,455
70436101,29.076,35.6406,449,35631,0.025288,0.03,1,1016511,1016062,449
70439021,34.6152,28.7281,458,35690,0.0610576,0.07,1,1016547,1016089,458
70441941,8.52304,35.3456,423,35749,0.0682115,0.03,1,1016549,1016126,423
70444861,31.3046,35.8691,424,35808,0.0376423,0,1,1016586,1016162,424
70447781,25.4609,27.9738,422,35867,0.0635285,0.03,1,1016610,1016188,422
70450701,46.6922,46.3948,423,35926,0.116706,0,1,1016662,1016239,423
70453621,68.5384,69.279,422,35985,0.0313411,0.03,1,1016736,1016314,422
70456541,50.5077,50.6558,422,36044,0.0302682,0,1,1016782,1016360,422
70459461,28.5015,28.5312,422,36103,0.0300536,0.05,1,1016805,1016383,422
70462381,32.9003,30.5062,425,36162,0.0300107,0.03,1,1016839,1016414,425
70465301,34.5801,34.9012,424,36220,0.0460021,0,1,1016874,1016450,424
70468221,31.716,33.3802,422,36278,0.0972004,0.03,1,1016905,1016483,422
70471141,28.7432,29.076,422,36336,0.0594401,0.07,1,1016933,1016511,422
70474061,37.7486,34.6152,426,36394,0.067888,0.07,1,1016973,1016547,426
70476981,9.14973,8.52304,426,36452,0.0695776,0.03,1,1016975,1016549,426
70479901,29.0299,31.3046,423,36510,0.0139155,0.07,1,1017009,1016586,423
70482821,24.206,25.4609,422,36568,0.0267831,0.13,1,1017032,1016610,422
70485741,49.6412,46.6922,426,36626,0.0453566,0.01,1,1017088,1016662,426
70488661,65.9282,68.5384,422,36684,0.0490713,0.03,1,1017158,1016736,422
70491581,49.9856,50.5077,422,36742,0.0338143,0.03,1,1017204,1016782,422
70494501,28.3971,28.5015,422,36800,0.0307629,0.03,1,1017227,1016805,422
70497421,34.4794,32.9003,424,36857,0.0621526,0.05,1,1017263,1016839,424
70500341,34.8959,34.5801,424,36914,0.100431,0.11,1,1017298,1016874,424
70503261,30.1792,31.716,422,36971,0.172086,0.05,1,1017327,1016905,422
70506181,28.4358,28.7432,422,37028,0.0584172,0.07,1,1017355,1016933,422
70509101,38.4872,37.7486,423,37085,0.0836834,0.07,1,1017396,1016973,423
70512021,9.29743,9.14973,423,37142,0.0887367,0.07,1,1017398,1016975,423
70514941,27.4595,1.82995,455,37199,0.0417473,0,1,1017430,1016975,455
70517861,23.8919,27.566,444,37256,0.0483495,0.03,1,1017453,1017009,444
70520781,49.5784,23.9132,477,37313,0.0496699,0.05,1,1017509,1017032,477
70523701,65.9157,49.5826,491,37370,0.033934,0.05,1,1017579,1017088,491
70526621,49.9831,65.9165,467,37427,0.0467868,0.03,1,1017625,1017158,467
70529541,28.3966,49.9833,444,37483,0.0493574,0.03,1,1017648,1017204,444
70532461,38.4793,28.3967,462,37539,0.0498715,0.07,1,1017689,1017227,462
70535381,36.4959,34.4793,462,37595,0.0819743,0.11,1,1017725,1017263,462
70538301,31.2992,34.8959,457,37651,0.152395,0.19,1,1017755,1017298,457
70541221,24.6598,30.1792,451,37707,0.150479,0.03,1,1017778,1017327,451
70544141,37.732,28.4358,464,37763,0.150096,0.09,1,1017819,1017355,464
70547061,9.14639,38.4872,425,37819,0.150019,0.09,1,1017821,1017396,425
70549981,26.6293,9.29743,454,37875,0.134004,0.03,1,1017852,1017398,454
70552901,22.9259,27.4595,444,37931,0.0988008,0.05,1,1017874,1017430,444
70555821,50.9852,23.8919,479,37987,0.0757601,0.05,1,1017932,1017453,479
70558741,65.397,49.5784,492,38043,0.039152,0.03,1,1018001,1017509,492
70561661,49.0794,65.9157,467,38099,0.0478304,0.05,1,1018046,1017579,467
70564581,28.2159,49.9831,444,38154,0.0335661,0.05,1,1018069,1017625,444
70567501,40.8432,28.3966,465,38209,0.0147132,0.05,1,1018113,1017648,465
70570421,39.3686,38.4793,463,38264,0.0269426,0.09,1,1018152,1017689,463
70573341,33.4737,36.4959,459,38319,0.0293885,0.17,1,1018184,1017725,459
70576261,25.8947,31.2992,453,38374,0.0458777,0.15,1,1018208,1017755,453
70579181,36.3789,24.6598,469,38429,0.0331755,0.15,1,1018247,1017778,469
70582101,8.87579,37.732,430,38484,0.0306351,0.15,1,1018249,1017819,430
70585021,24.1752,9.14639,456,38539,0.046127,0.13,1,1018277,1017821,456
70587941,20.835,26.6293,445,38594,0.0492254,0.09,1,1018297,1017852,445
70590861,5.76701,22.9259,425,38649,0.0498451,0.07,1,1018299,1017874,425
70593781,48.3534,50.9852,426,38704,0.113969,0.03,1,1018358,1017932,426
70596701,62.4707,65.397,423,38759,0.110794,0.05,1,1018424,1018001,423
70599621,49.2941,49.0794,424,38813,0.0781588,0.03,1,1018470,1018046,424
70602541,26.6588,28.2159,422,38867,0.0876317,0.01,1,1018491,1018069,422
70605461,41.3318,40.8432,423,38921,0.0415264,0.03,1,1018536,1018113,423
70608381,39.4664,39.3686,423,38975,0.0163053,0.03,1,1018575,1018152,423
70611301,34.2933,33.4737,424,39029,0.0272611,0.05,1,1018608,1018184,424
70614221,24.4587,25.8947,422,39083,0.0774522,0.03,1,1018630,1018208,422
70617141,37.6917,36.3789,424,39137,0.0554904,0.03,1,1018671,1018247,424
70620061,9.13835,8.87579,424,39191,0.0510981,0.05,1,1018673,1018249,424
70622981,24.2277,24.1752,424,39245,0.0822196,0.05,1,1018701,1018277,424
70625901,20.8455,20.835,424,39299,0.0884439,0.05,1,1018721,1018297,424
70628821,5.76911,5.76701,424,39353,0.0896888,0.13,1,1018723,1018299,424
70631741,50.7538,48.3534,427,39407,0.153938,0.11,1,1018785,1018358,427
70634661,62.9508,62.4707,427,39461,0.214788,0.07,1,1018851,1018424,427
70637581,47.7902,49.2941,425,39515,0.258958,0.09,1,1018895,1018470,425
70640501,23.958,26.6588,422,39568,0.251792,0.03,1,1018913,1018491,422
70643421,40.7916,41.3318,422,39621,0.250358,0.01,1,1018958,1018536,422
70646341,39.3583,39.4664,422,39674,0.202072,0.03,1,1018997,1018575,422
70649261,34.2717,34.2933,422,39727,0.224414,0.09,1,1019030,1018608,422
70652181,26.0543,24.4587,424,39780,0.196883,0.05,1,1019054,1018630,424
70655101,37.2109,37.6917,423,39833,0.239377,0.05,1,1019094,1018671,423
70658021,9.04217,9.13835,423,39886,0.247875,0.09,1,1019096,1018673,423
70660941,25.0084,24.2277,424,39939,0.265575,0.09,1,1019125,1018701,424
70663861,21.0017,20.8455,424,39992,0.317115,0.09,1,1019145,1018721,424
70666781,5.80034,5.76911,424,40045,0.343423,0.17,1,1019147,1018723,424
70669701,55.5601,50.7538,430,40098,0.380685,0.17,1,1019215,1018785,430
70672621,63.912,10.1508,496,40151,0.388137,0.23,1,1019281,1018785,496
70675541,50.3824,54.8302,477,40204,0.437627,0.27,1,1019328,1018851,477
70678461,25.2765,46.166,452,40257,0.399525,0.25,1,1019347,1018895,452
70681381,38.6553,23.6332,476,40309,0.423905,0.25,1,1019389,1018913,476
70684301,38.1311,40.7266,469,40361,0.428781,0.19,1,1019427,1018958,469
70687221,34.0262,39.3453,463,40413,0.445756,0.23,1,1019460,1018997,463
70690141,26.0052,34.2691,454,40465,0.449151,0.19,1,1019484,1019030,454
70693061,39.601,26.0538,473,40517,0.49783,0.25,1,1019527,1019054,473
70695981,9.52021,37.2108,435,40569,0.507566,0.25,1,1019529,1019094,435
70698901,25.904,9.04215,463,40621,0.525513,0.27,1,1019559,1019096,463
70701821,22.7808,25.0084,456,40673,0.561103,0.33,1,1019581,1019125,456
70704741,6.15616,21.0017,438,40725,0.600221,0.35,1,1019583,1019145,438
70707661,58.0312,5.80034,507,40777,0.576044,0.39,1,1019654,1019147,507
70710581,65.2062,55.5601,506,40829,0.571209,0.39,1,1019721,1019215,506
70713501,51.4413,63.912,488,40881,0.602242,0.45,1,1019769,1019281,488
70716421,24.6883,50.3824,459,40933,0.608448,0.39,1,1019787,1019328,459
70719341,40.1377,25.2765,484,40985,0.65769,0.43,1,1019831,1019347,484
70722261,38.4275,38.6553,480,41037,0.683538,0.43,1,1019869,1019389,480
70725181,34.8855,38.1311,476,41088,0.688708,0.45,1,1019903,1019427,476
70728101,26.1771,34.0262,467,41139,0.705742,0.45,1,1019927,1019460,467
70731021,42.0354,26.0052,489,41190,0.677148,0.51,1,1019973,1019484,489
70733941,10.0071,39.601,448,41241,0.67143,0.51,1,1019975,1019527,448
70736861,28.4014,9.52021,479,41292,0.686286,0.53,1,1020008,1019529,479
70739781,24.8803,25.904,473,41343,0.673257,0.57,1,1020032,1019559,473
70742701,6.57606,22.7808,453,41394,0.670651,0.61,1,1020034,1019581,453
70745621,56.5152,6.15616,520,41445,0.68613,0.57,1,1020103,1019583,520
70748541,64.903,58.0312,516,41496,0.689226,0.57,1,1020170,1019654,516
70751461,14.5806,65.2062,451,41547,0.689845,0.61,1,1020172,1019721,451
70754381,42.1161,51.4413,452,41598,0.705969,0.61,1,1020221,1019769,452
70757301,23.6232,24.6883,453,41649,0.725194,0.67,1,1020240,1019787,453
70760221,41.5246,40.1377,455,41700,0.761039,0.69,2,1020286,1019831,455
70763141,39.5049,38.4275,456,41751,0.768208,0.69,2,1020325,1019869,456
70766061,35.101,34.8855,456,41802,0.769642,0.71,2,1020359,1019903,456
70768981,27.0202,26.1771,457,41852,0.785928,0.67,2,1020384,1019927,457
70771901,40.604,42.0354,455,41902,0.757186,0.67,2,1020428,1019973,455
70774821,9.72081,10.0071,455,41952,0.783437,0.69,2,1020430,1019975,455
70777741,28.3442,28.4014,455,42002,0.772687,0.67,2,1020463,1020008,455
70780661,25.6688,24.8803,456,42052,0.770537,0.67,2,1020488,1020032,456
70783581,6.73377,6.57606,456,42102,0.770108,0.69,2,1020490,1020034,456
70786501,56.5468,56.5152,456,42152,0.834022,0.69,2,1020559,1020103,456
70789421,64.9094,64.903,456,42202,0.846804,0.69,2,1020626,1020170,456
70792341,14.5819,14.5806,456,42252,0.849361,0.71,2,1020628,1020172,456
70795261,42.9164,42.1161,457,42302,0.865872,0.73,2,1020678,1020221,457
70798181,24.5833,23.6232,458,42352,0.885175,0.77,2,1020698,1020240,458
70801101,41.7167,41.5246,458,42402,0.921035,0.77,2,1020744,1020286,458
70804021,41.1433,39.5049,460,42452,0.928207,0.77,2,1020785,1020325,460
70976301,37,28,505,45292,0.83,1,2,1022762,1022257,505
70979221,36.2,26.4,515,45339,0.846,1,2,1022798,1022283,515
70982141,29.64,33.28,508,45386,0.8012,1,2,1022826,1022318,508
70985061,19.528,31.456,494,45432,0.77624,0.92,2,1022843,1022349,494
70987981,11.1056,19.0912,487,45478,0.723248,1,1,1022852,1022365,487
70990901,35.0211,30.2182,495,45524,0.77665,1,2,1022893,1022398,495
70993821,35.8042,34.8436,495,45570,0.77133,1,2,1022929,1022434,495
70996741,21.5608,31.7687,482,45616,0.706266,1,1,1022947,1022465,482
70999661,57.1122,55.9537,486,45662,0.661253,1,1,1023013,1022527,486
71002581,33.0224,38.3907,479,45708,0.716251,1,1,1023040,1022561,479
71005501,21.8045,26.8782,474,45754,0.75925,0.91,2,1023059,1022585,474
71008421,11.5609,14.1756,472,45800,0.71985,0.97,1,1023068,1022596,472
71011341,43.1122,48.4351,466,45846,0.71197,0.93,1,1023119,1022653,466
71014261,35.8224,39.287,463,45892,0.774394,0.81,2,1023153,1022690,463
71017181,35.9645,35.8574,464,45938,0.818879,0.81,2,1023189,1022725,464
71020101,34.3929,7.17148,498,45984,0.811776,0.83,2,1023223,1022725,498
71023021,34.0786,31.0343,495,46030,0.810355,0.85,2,1023257,1022762,495
71025941,30.8157,35.0069,489,46076,0.842071,0.79,2,1023287,1022798,489
71028861,16.5631,29.4014,474,46122,0.848414,0.77,2,1023300,1022826,474
71031781,9.71263,19.4803,465,46168,0.849683,0.71,2,1023308,1022843,465
71034701,35.5425,11.0961,498,46214,0.881937,0.79,2,1023350,1022852,498
71037621,34.3085,35.0192,491,46260,0.872387,0.77,2,1023384,1022893,491
71040541,19.6617,35.8038,471,46306,0.838477,0.69,2,1023400,1022929,471
71043461,56.7323,21.5608,519,46352,0.911695,0.65,2,1023466,1022947,519
71046381,32.1465,57.1122,479,46397,0.926339,0.73,2,1023492,1023013,479
71049301,24.0293,33.0224,474,46442,0.945268,0.77,2,1023514,1023040,474
71316481,51,60,453,23360,0.03,0.59,1,1026435,1025982,453
71319401,51.8,39.2,471,23451,0.014,0.31,1,1026487,1026016,471
71322321,67.96,63.04,474,23541,0.0428,0.03,1,1026559,1026085,474
71325241,89.592,81.408,483,23631,0.00856,0.05,1,1026654,1026171,483
71328161,36.3184,75.4816,432,23721,0.057712,0.01,1,1026677,1026245,432
71331081,32.8637,36.6963,437,23810,0.0115424,0.05,1,1026709,1026272,437
71334001,30.5727,28.9393,440,23899,0.0103085,0.01,1,1026739,1026299,440
71336921,34.1145,29.7879,445,23988,0.0100617,0,1,1026774,1026329,445
71339841,73.2229,49.9576,473,24076,0.0260123,0.01,1,1026857,1026384,473
71342761,56.2446,92.3915,422,24164,0.0292025,0.05,1,1026909,1026487,422
71345681,68.8489,76.0783,422,24252,0.0298405,0,1,1026981,1026559,422
71348601,91.3698,91.2157,424,24339,0.0059681,0.07,1,1027078,1026654,424
71351521,35.074,36.6431,422,24426,0.0411936,0,1,1027099,1026677,422
71354441,33.4148,32.9286,423,24513,0.0482387,0.01,1,1027132,1026709,423
71357361,29.883,30.5857,422,24599,0.0976477,0.01,1,1027161,1026739,422
71360281,34.7766,34.1171,423,24685,0.0195295,0.03,1,1027197,1026774,423
71363201,73.3553,73.2234,423,24771,0.0759059,0.03,1,1027280,1026857,423
71366121,55.4711,56.2447,422,24857,0.0551812,0.03,1,1027331,1026909,422
71369041,71.0942,68.8489,425,24942,0.0510362,0,1,1027406,1026981,425
71371961,89.4188,91.3698,422,25027,0.0102072,0.05,1,1027500,1027078,422
71374881,34.6838,35.074,422,25112,0.0100414,0.05,1,1027521,1027099,422
71377801,33.3368,33.4148,422,25196,0.0260083,0.11,1,1027554,1027132,422
71380721,30.6674,29.883,423,25280,0.0772017,0,1,1027584,1027161,423
71383641,34.9335,34.7766,423,25364,0.0234403,0.09,1,1027620,1027197,423
71386561,72.5867,73.3553,422,25448,0.0606881,0.09,1,1027702,1027280,422
71389481,54.5173,14.6711,472,25531,0.0521376,0.05,1,1027752,1027280,472
71392401,70.9035,43.7342,496,25614,0.0344275,0.05,1,1027827,1027331,496
71395321,89.3807,68.7468,515,25697,0.0068855,0,1,1027921,1027406,515
71398241,34.6761,88.9494,442,25779,0.0253771,0.01,1,1027942,1027500,442
71401161,34.1352,34.5899,455,25861,0.0290754,0.03,1,1027976,1027521,455
71404081,31.627,33.318,453,25943,0.0778151,0.09,1,1028007,1027554,453
71407001,33.5254,30.6636,457,26025,0.071563,0.01,1,1028041,1027584,457
71409921,73.9051,34.9327,505,26106,0.0383126,0.07,1,1028125,1027620,505
71412841,54.781,72.5865,473,26187,0.0316625,0.05,1,1028175,1027702,473
71415761,70.1562,54.5173,497,26268,0.0463325,0.03,1,1028249,1027752,497
71418681,88.4312,70.9035,515,26349,0.0092665,0,1,1028342,1027827,515
71421601,35.2862,89.3807,443,26429,0.0098533,0.03,1,1028364,1027921,443
71424521,34.2572,34.6761,456,26509,0.0259707,0.03,1,1028398,1027942,456
71427441,34.0515,34.1352,456,26589,0.0131941,0.09,1,1028432,1027976,456
71430361,33.2103,31.627,458,26669,0.0746388,0.07,1,1028465,1028007,458
71433281,72.2421,33.5254,506,26748,0.0709278,0.03,1,1028547,1028041,506
71436201,54.4484,73.9051,472,26827,0.0381856,0.03,1,1028597,1028125,472
71439121,70.8897,54.781,497,26906,0.0316371,0.05,1,1028672,1028175,497
71442041,15.7779,70.1562,425,26985,0.0303274,0,1,1028674,1028249,425
71444961,75.1556,88.4312,422,27063,0.00606548,0.01,1,1028764,1028342,422
71447881,33.4311,35.2862,423,27141,0.0092131,0.03,1,1028787,1028364,423
71450801,33.8862,34.2572,423,27219,0.0418426,0.01,1,1028821,1028398,423
71453721,33.9772,34.0515,423,27297,0.0163685,0.09,1,1028855,1028432,423
71456641,37.9954,33.2103,429,27375,0.0272737,0.07,1,1028894,1028465,429
71459561,69.9991,72.2421,425,27452,0.141455,0.03,1,1028972,1028547,425
71462481,52.3998,54.4484,423,27529,0.116291,0.03,1,1029020,1028597,423
71465401,70.48,70.8897,423,27606,0.159258,0.03,1,1029095,1028672,423
71468321,15.696,15.7779,423,27683,0.135852,0,1,1029097,1028674,423
71471241,74.3392,75.1556,422,27760,0.0271703,0.01,1,1029186,1028764,422
71474161,33.2678,33.4311,422,27836,0.0134341,0.05,1,1029209,1028787,422
71477081,33.8536,33.8862,422,27912,0.0106868,0.01,1,1029243,1028821,422
71480001,33.9707,33.9772,422,27988,0.0101374,0.03,1,1029277,1028855,422
71482921,38.7941,37.9954,423,28064,0.0100275,0.17,1,1029317,1028894,423
71485841,74.1588,69.9991,428,28139,0.0420055,0.11,1,1029400,1028972,428
71488761,53.2318,52.3998,428,28214,0.0644011,0.17,1,1029448,1029020,428
71491681,70.6464,70.48,428,28289,0.0688802,0.13,1,1029523,1029095,428
71494601,15.7293,15.696,428,28364,0.101776,0.13,1,1029525,1029097,428
71497521,68.7459,3.1392,510,28439,0.108355,0,1,1029607,1029097,510
71500441,32.1492,71.8278,444,28513,0.061671,0.01,1,1029630,1029186,444
71503361,33.6298,32.7656,455,28587,0.0363342,0.01,1,1029664,1029209,455
71506281,33.926,33.7531,455,28661,0.0472668,0.01,1,1029698,1029243,455
71509201,39.5852,33.9506,462,28735,0.0494534,0.01,1,1029739,1029277,462
71512121,73.517,38.7901,504,28809,0.0498907,0.05,1,1029821,1029317,504
71515041,53.9034,74.158,470,28882,0.0979781,0.07,1,1029870,1029400,470
71517961,72.3807,53.2316,499,28955,0.171596,0.07,1,1029947,1029448,499
71520881,16.0761,70.6463,426,29028,0.186319,0.11,1,1029949,1029523,426
71523801,68.8152,15.7293,506,29101,0.173264,0.11,1,1030031,1029525,506
71526721,29.763,68.7459,444,29174,0.170653,0.05,1,1030051,1029607,444
71529641,33.9526,32.1492,456,29247,0.202131,0.03,1,1030086,1029630,456
71532561,33.1905,33.6298,455,29319,0.208426,0.05,1,1030119,1029664,455
71535481,39.4381,33.926,462,29391,0.193685,0.05,1,1030160,1029698,462
71538401,76.6876,39.5852,507,29463,0.190737,0.05,1,1030246,1029739,507
71541321,55.3375,73.517,475,29535,0.238147,0.11,1,1030296,1029821,475
71544241,75.8675,53.9034,507,29607,0.231629,0.19,1,1030377,1029870,507
71547161,16.7735,72.3807,432,29678,0.230326,0.19,1,1030379,1029947,432
71550081,68.1547,16.0761,511,29749,0.262065,0.17,1,1030460,1029949,511
71553001,30.4309,68.8152,450,29820,0.284413,0.17,1,1030481,1030031,450
71555921,7.68619,29.763,432,29891,0.288883,0.21,1,1030483,1030051,432
71558841,30.3372,33.9526,433,29962,0.257777,0.21,1,1030519,1030086,433
71561761,31.6674,33.1905,432,30033,0.315555,0.19,1,1030551,1030119,432
71564681,38.3335,39.4381,431,30103,0.311111,0.19,1,1030591,1030160,431
71567601,78.0667,76.6876,433,30173,0.310222,0.25,1,1030679,1030246,433
71570521,56.4133,55.3375,434,30243,0.342044,0.23,1,1030730,1030296,434
71573441,75.2827,75.8675,433,30313,0.428409,0.23,1,1030810,1030377,433
71576361,16.6565,16.7735,433,30383,0.413682,0.27,1,1030812,1030379,433
71579281,69.7313,68.1547,435,30453,0.506736,0.29,1,1030895,1030460,435
71582201,29.9463,30.4309,434,30522,0.493347,0.29,1,1030915,1030481,434
71585121,7.58925,7.68619,434,30591,0.522669,0.25,1,1030917,1030483,434
71588041,31.1179,30.3372,435,30660,0.528534,0.33,1,1030954,1030519,435
71590961,32.6236,31.6674,436,30729,0.609707,0.31,1,1030987,1030551,436
71593881,39.3247,38.3335,437,30798,0.625941,0.31,1,1031028,1030591,437
71596801,78.2649,78.0667,437,30867,0.629188,0.35,1,1031116,1030679,437
71599721,58.053,56.4133,439,30936,0.645838,0.45,1,1031169,1030730,439
71602641,78.0106,75.2827,442,31004,0.633168,0.41,1,1031252,1030810,442
71605561,17.2021,16.6565,442,31072,0.662634,0.53,1,1031254,1030812,442
71608481,73.0404,69.7313,446,31140,0.684527,0.49,1,1031341,1030895,446
71611401,30.6081,29.9463,446,31208,0.688905,0.53,1,1031361,1030915,446
71614321,7.72162,7.58925,446,31276,0.689781,0.53,1,1031363,1030917,446
71617241,32.7443,1.51785,485,31344,0.673956,0.53,1,1031402,1030917,485
71620161,34.5489,29.9036,483,31412,0.750791,0.63,2,1031437,1030954,483
71623081,41.3098,32.3807,493,31479,0.750158,0.63,2,1031480,1030987,493
71626001,78.662,39.2761,540,31546,0.766032,0.63,2,1031568,1031028,540
71628921,58.9324,78.2552,506,31613,0.785206,0.65,2,1031622,1031116,506
71631841,77.3865,58.051,535,31680,0.821041,0.63,2,1031704,1031169,535
71634761,17.0773,78.0102,454,31747,0.828208,0.67,2,1031706,1031252,454
71637681,75.4155,17.202,542,31814,0.909642,0.69,2,1031796,1031254,542
71640601,31.0831,73.0404,475,31881,0.925928,0.69,2,1031816,1031341,475
71643521,7.81662,30.6081,457,31947,0.929186,0.69,2,1031818,1031361,457
71646441,34.3633,7.72162,496,32013,0.929837,0.67,2,1031859,1031363,496
71649361,36.4727,32.7443,494,32079,0.913967,0.77,2,1031896,1031402,494
71789521,77,49,559,35104,0.73,1,1,1034056,1033497,559
71792441,39.4,77.8,504,35164,0.73,1,1,1034086,1033582,504
71795361,73.48,38.76,557,35224,0.666,1,1,1034168,1033611,557
71798281,37.896,73.352,504,35284,0.6212,1,1,1034197,1033693,504
71801201,28.3792,40.2704,498,35344,0.51624,1,1,1034223,1033725,498
71804121,21.6758,29.6541,491,35404,0.543248,1,1,1034243,1033752,491
71807041,29.9352,21.9308,503,35464,0.51665,0.94,1,1034275,1033772,503
71809961,31.587,30.7862,502,35524,0.52733,1,1,1034307,1033805,502
71812881,30.3174,32.5572,499,35584,0.481466,0.97,1,1034337,1033838,499
71815801,38.0635,32.1114,507,35643,0.424293,0.94,1,1034377,1033870,507
71818721,9.2127,40.0223,467,35702,0.412859,0.85,1,1034379,1033912,467
71821641,49.8425,61.6045,460,35761,0.410572,0.73,1,1034439,1033979,460
71824561,69.9685,73.9209,458,35820,0.330114,0.73,1,1034514,1034056,458
71827481,34.7937,38.7842,454,35879,0.330023,0.65,1,1034540,1034086,454
71830401,71.7587,73.3568,453,35938,0.298005,0.61,1,1034621,1034168,453
71833321,33.5517,37.8714,448,35997,0.307601,0.49,1,1034645,1034197,448
71836241,29.1103,28.3743,450,36056,0.27752,0.55,1,1034673,1034223,450
71839161,18.6221,21.6749,446,36115,0.239504,0.51,1,1034689,1034243,446
71842081,30.1244,29.935,447,36174,0.263901,0.53,1,1034722,1034275,447
71845001,30.0249,31.587,445,36232,0.26878,0.47,1,1034752,1034307,445
71847921,27.605,30.3174,442,36290,0.285756,0.41,1,1034779,1034337,442
71850841,37.521,38.0635,442,36348,0.289151,0.41,1,1034819,1034377,442
71853761,9.1042,9.2127,442,36406,0.32183,0.41,1,1034821,1034379,442
71856681,48.2208,49.8425,440,36464,0.392366,0.31,1,1034879,1034439,440
71859601,67.2442,69.9685,437,36522,0.422473,0.33,1,1034951,1034514,437
71862521,34.2488,34.7937,437,36580,0.460495,0.29,1,1034977,1034540,437
71865441,70.0498,71.7587,435,36638,0.532099,0.31,1,1035056,1034621,435
71868361,33.21,33.5517,435,36696,0.54642,0.27,1,1035080,1034645,435
71871281,27.442,29.1103,433,36754,0.597284,0.23,1,1035106,1034673,433
71874201,18.2884,18.6221,433,36811,0.607457,0.27,1,1035122,1034689,433
71877121,30.0577,30.1244,433,36868,0.593491,0.27,1,1035155,1034722,433
71880041,30.8115,30.0249,434,36925,0.606698,0.29,1,1035186,1034752,434
71882961,29.3623,27.605,436,36982,0.59334,0.29,1,1035215,1034779,436
71885881,38.6725,37.521,437,37039,0.622668,0.33,1,1035256,1034819,437
71888801,9.33449,9.1042,437,37096,0.628534,0.41,1,1035258,1034821,437
71891721,50.6669,48.2208,440,37153,0.613707,0.41,1,1035319,1034879,440
71894641,69.3334,9.64417,514,37210,0.642741,0.43,1,1035393,1034879,514
71897561,37.0667,59.5288,471,37267,0.664548,0.47,1,1035422,1034951,471
71900481,73.0133,32.7058,527,37324,0.71691,0.55,1,1035504,1034977,527
71903401,33.8027,69.7412,472,37381,0.743382,0.55,1,1035528,1035056,472
71906321,28.3605,33.1482,475,37438,0.732676,0.61,1,1035555,1035080,475
71909241,18.4721,27.4296,465,37494,0.730535,0.61,1,1035571,1035106,465
71912161,30.8944,18.2859,483,37550,0.746107,0.59,1,1035605,1035122,483
71915081,31.7789,30.0572,482,37606,0.749221,0.61,1,1035637,1035155,482
71918001,28.7558,30.8114,479,37662,0.781844,0.59,2,1035665,1035186,479
71920921,40.1512,29.3623,493,37718,0.804369,0.63,2,1035708,1035215,493
71923841,9.63023,38.6725,454,37774,0.808874,0.63,2,1035710,1035256,454
71926761,49.926,9.33449,512,37830,0.841775,0.61,2,1035770,1035258,512
71929681,70.7852,50.6669,527,37886,0.864355,0.65,2,1035846,1035319,527
71932601,38.157,69.3334,483,37942,0.884871,0.67,2,1035876,1035393,483
71935521,76.4314,37.0667,540,37998,0.856974,0.73,2,1035962,1035422,540
71938441,34.4863,73.0133,482,38054,0.883395,0.75,2,1035986,1035504,482
71941361,27.6973,33.8027,484,38110,0.888679,0.73,2,1036012,1035528,484
71944281,18.3395,28.3605,473,38165,0.889736,0.73,2,1036028,1035555,473
71947201,31.6679,18.4721,492,38220,0.873947,0.75,2,1036063,1035571,492
71950121,33.5336,30.8944,492,38275,0.870789,0.75,2,1036097,1035605,492
71953041,29.1067,31.7789,488,38330,0.902158,0.79,2,1036125,1035637,488
72099041,34,21,531,40996,0.83,1,2,1037985,1037454,531
72101961,25.2,27.4,525,41047,0.798,1,2,1038008,1037483,525
72104881,22.64,30.28,516,41098,0.7596,1,2,1038030,1037514,516
72107801,30.928,31.656,517,41149,0.71992,1,1,1038063,1037546,517
72110721,30.1856,35.1312,511,41200,0.679984,1,1,1038093,1037582,511
72113641,37.2371,23.8262,529,41251,0.527997,1,1,1038132,1037603,529
72116561,50.6474,39.9652,539,41302,0.529599,1,1,1038186,1037647,539
72119481,51.7295,69.5931,514,41353,0.41792,1,1,1038238,1037724,514
72122401,27.9459,39.5186,504,41404,0.379584,0.94,1,1038260,1037756,504
72125321,55.9892,26.3037,544,41455,0.339917,1,1,1038323,1037779,544
72128241,35.9978,60.4607,506,41506,0.331983,0.97,1,1038354,1037848,506
72131161,8.79957,40.0921,473,41557,0.346397,0.95,1,1038356,1037883,473
72134081,24.9599,35.2184,468,41608,0.317279,0.89,1,1038385,1037917,468
72137001,28.992,34.2437,464,41659,0.295456,0.83,1,1038415,1037951,464
72139921,30.5984,34.0487,461,41710,0.323091,0.79,1,1038446,1037985,461
72142841,25.3197,25.2097,462,41761,0.376618,0.75,1,1038470,1038008,462
72145761,19.4639,22.6419,458,41812,0.355324,0.71,1,1038488,1038030,458
72148681,27.0928,30.9284,454,41862,0.367065,0.67,1,1038517,1038063,454
72151601,26.2186,30.1857,450,41912,0.369413,0.49,1,1038543,1038093,450
72154521,33.2437,37.2371,446,41962,0.401883,0.53,1,1038578,1038132,446
72157441,47.4487,50.6474,443,42012,0.392377,0.39,1,1038629,1038186,443
72160361,51.0897,51.7295,443,42062,0.438475,0.37,1,1038681,1038238,443
72163281,23.0179,27.9459,437,42112,0.447695,0.33,1,1038697,1038260,437
72166201,55.0036,55.9892,437,42162,0.465539,0.33,1,1038760,1038323,437
72169121,36.6007,35.9978,438,42212,0.485108,0.35,1,1038792,1038354,438
72172041,8.92014,8.79957,438,42262,0.489022,0.31,1,1038794,1038356,438
72174961,24.184,24.9599,437,42312,0.505804,0.29,1,1038822,1038385,437
72177881,28.0368,28.992,436,42362,0.573161,0.33,1,1038851,1038415,436
72180801,31.2074,30.5984,437,42412,0.570632,0.39,1,1038883,1038446,437
72183721,27.8415,25.3197,440,42462,0.586126,0.35,1,1038910,1038470,440
72186641,18.3683,19.4639,438,42512,0.589225,0.37,1,1038926,1038488,438
72189561,28.4737,27.0928,440,42562,0.637845,0.37,1,1038957,1038517,440
72192481,26.4947,26.2186,440,42612,0.615569,0.41,1,1038983,1038543,440
72195401,33.2989,33.2437,440,42662,0.627114,0.39,1,1039018,1038578,440
72198321,49.0598,47.4487,442,42711,0.645423,0.45,1,1039071,1038629,442
72201241,51.412,51.0897,442,42760,0.665085,0.45,1,1039123,1038681,442
72204161,23.0824,23.0179,442,42809,0.685017,0.47,1,1039139,1038697,442
72207081,56.6165,55.0036,444,42858,0.705003,0.49,1,1039204,1038760,444
72210001,39.3233,36.6007,447,42907,0.725001,0.49,1,1039239,1038792,447
72212921,9.46466,8.92014,447,42956,0.729,0.51,1,1039241,1038794,447
72215841,22.6929,24.184,445,43005,0.7618,0.51,2,1039267,1038822,445
72218761,30.1386,4.83681,477,43054,0.70436,0.59,1,1039299,1038822,477
72221681,32.4277,24.1674,481,43103,0.708872,0.57,1,1039332,1038851,481
72224601,28.8855,30.4335,477,43152,0.709774,0.59,1,1039360,1038883,477
72227521,19.3771,27.6867,467,43201,0.709955,0.59,1,1039377,1038910,467
72230441,28.6754,18.3373,482,43250,0.741991,0.65,1,1039408,1038926,482
72233361,26.5351,28.4675,477,43299,0.748398,0.61,1,1039434,1038957,477
72236281,34.107,26.4935,487,43348,0.76568,0.63,2,1039470,1038983,487
72239201,50.0214,33.2987,506,43397,0.785136,0.65,2,1039524,1039018,506
72242121,50.8043,49.0597,504,43446,0.821027,0.67,2,1039575,1039071,504
72245041,23.7609,51.4119,469,43495,0.844205,0.69,2,1039592,1039123,469
72247961,59.1522,23.0824,521,43544,0.912841,0.71,2,1039660,1039139,521
72466961,24,17,444,21270,0.11,0.23,1,1042280,1041836,444
72469881,24,30.6,434,21370,0.078,0.23,1,1042304,1041870,434
72472801,76,53.32,464,21469,0.1196,0.07,1,1042393,1041929,464
72475721,100,104.264,453,21568,0.04792,0.07,1,1042499,1042046,453
72478641,66.4,68.8528,451,21666,0.009584,0.03,1,1042557,1042106,451
72481561,48.48,63.3706,433,21764,0.0579168,0.05,1,1042601,1042168,433
72484481,72.896,43.0741,474,21861,0.0195834,0.11,1,1042680,1042206,474
72487401,34.5792,67.8148,425,21958,0.0599167,0.07,1,1042705,1042280,425
72490321,24.5158,32.763,423,22055,0.0839833,0.13,1,1042727,1042304,423
72493241,80.1032,77.7526,428,22151,0.184797,0.03,1,1042821,1042393,428
72496161,96.8206,100.351,423,22247,0.172959,0,1,1042922,1042499,423
72499081,66.5641,66.4701,424,22342,0.122592,0.07,1,1042981,1042557,424
72502001,48.5128,48.494,424,22437,0.0805184,0.01,1,1043025,1042601,424
72504921,72.1026,72.8988,423,22532,0.104104,0.01,1,1043103,1042680,423
72507841,36.0205,14.5798,450,22626,0.108821,0.07,1,1043130,1042680,450
72510761,24.8041,22.916,447,22720,0.109764,0.09,1,1043152,1042705,447
72513681,83.3608,22.1832,523,22813,0.109953,0.21,1,1043250,1042727,523
72516601,97.4722,79.6366,530,22906,0.109991,0.17,1,1043351,1042821,530
72519521,62.6944,96.7273,483,22999,0.125998,0.11,1,1043405,1042922,483
72522441,47.7389,66.5455,468,23091,0.1772,0.07,1,1043449,1042981,468
72525361,72.7478,48.5091,503,23183,0.23544,0.11,1,1043528,1043025,503
72528281,36.9496,72.1018,453,23274,0.263088,0.11,1,1043556,1043103,453
72531201,24.9899,36.0204,448,23365,0.284618,0.11,1,1043578,1043130,448
72534121,84.198,24.8041,525,23456,0.304924,0.11,1,1043677,1043152,525
72537041,96.8396,83.3608,527,23546,0.340985,0.11,1,1043777,1043250,527
72539961,63.3679,97.4722,481,23636,0.380197,0.13,1,1043832,1043351,481
72542881,51.0736,62.6944,475,23726,0.404039,0.19,1,1043880,1043405,475
72545801,75.0147,47.7389,512,23815,0.424808,0.25,1,1043961,1043449,512
72548721,38.2029,72.7478,462,23904,0.428962,0.27,1,1043990,1043528,462
72551641,9.24059,36.9496,436,23993,0.429792,0.29,1,1043992,1043556,436
72554561,19.4481,24.9899,436,24081,0.477958,0.31,1,1044014,1043578,436
72557481,84.6896,84.198,438,24169,0.503592,0.35,1,1044115,1043677,438
72560401,97.7379,96.8396,439,24257,0.508718,0.39,1,1044216,1043777,439
72563321,65.1476,63.3679,441,24344,0.541744,0.41,1,1044273,1043832,441
72566241,53.8295,51.0736,444,24431,0.612349,0.43,1,1044324,1043880,444
72569161,74.7659,75.0147,443,24518,0.64247,0.43,1,1044404,1043961,443
72572081,38.1532,38.2029,443,24604,0.680494,0.43,1,1044433,1043990,443
72575001,9.23064,9.24059,443,24690,0.656099,0.49,1,1044435,1043992,443
72577921,20.2461,19.4481,444,24776,0.63522,0.51,1,1044458,1044014,444
72580841,87.2492,84.6896,447,24862,0.727044,0.51,1,1044562,1044115,447
72583761,98.2498,97.7379,447,24947,0.777409,0.55,2,1044663,1044216,447
72586681,66.85,65.1476,449,25032,0.819482,0.63,2,1044722,1044273,449
72589601,55.77,53.8295,451,25117,0.859896,0.65,2,1044775,1044324,451
72592521,78.354,74.7659,455,25201,0.835979,0.69,2,1044859,1044404,455
72595441,38.0708,38.1532,454,25285,0.799196,0.65,2,1044887,1044433,454
72598361,9.21416,9.23064,454,25369,0.791839,0.63,2,1044889,1044435,454
72601281,21.0428,20.2461,455,25453,0.806368,0.63,2,1044913,1044458,455
72604201,88.2086,4.04923,560,25536,0.857274,0.75,2,1045018,1044458,560
72607121,101.642,84.0098,561,25619,0.915455,0.79,2,1045123,1044562,561
72610041,69.1283,97.602,521,25702,0.927091,0.83,2,1045184,1044663,521
72612961,56.2257,66.7204,515,25784,0.913418,0.87,2,1045237,1044722,515
72721001,35,83,515,28665,0.73,1,1,1047273,1046758,515
72723921,31.8,39.8,517,28739,0.698,1,1,1047304,1046787,517
72726841,25.56,34.36,508,28813,0.6436,1,1,1047328,1046820,508
72729761,56.312,27.672,546,28886,0.45672,1,1,1047392,1046846,546
72732681,100.062,62.3344,586,28959,0.307344,0.99,1,1047503,1046917,586
72735601,45.6125,102.867,505,29032,0.261469,0.98,1,1047535,1047030,505
72738521,31.5225,47.7734,499,29105,0.284294,0.98,1,1047563,1047064,499
72741441,32.7045,36.7547,498,29178,0.224859,0.95,1,1047596,1047098,498
72744361,83.3409,36.9509,557,29251,0.228972,0.75,1,1047692,1047135,557
72747281,43.0682,89.7902,487,29323,0.181794,0.73,1,1047725,1047238,487
72750201,31.0136,45.958,480,29395,0.172359,0.69,1,1047753,1047273,480
72753121,23.0027,33.9916,470,29467,0.154472,0.63,1,1047774,1047304,470
72756041,53.4005,25.9983,507,29539,0.182894,0.41,1,1047835,1047328,507
72758961,93.0801,56.3997,546,29611,0.268579,0.27,1,1047938,1047392,546
72761881,44.216,100.08,467,29682,0.285716,0.25,1,1047970,1047503,467
72764801,31.2432,45.616,463,29753,0.321143,0.29,1,1047998,1047535,463
72767721,31.8486,31.5232,467,29824,0.312229,0.21,1,1048030,1047563,467
72770641,7.96973,32.7046,436,29895,0.310446,0.23,1,1048032,1047596,436
72773561,73.5939,83.3409,430,29966,0.358089,0.17,1,1048122,1047692,430
72776481,41.9188,43.0682,431,30037,0.383618,0.17,1,1048156,1047725,431
72779401,29.9838,31.0136,430,30107,0.420724,0.15,1,1048183,1047753,430
72782321,25.1968,23.0027,433,30177,0.444145,0.19,1,1048207,1047774,433
72785241,54.6394,53.4005,434,30247,0.480829,0.29,1,1048269,1047835,434
72788161,94.9279,93.0801,436,30317,0.456166,0.29,1,1048374,1047938,436
72791081,44.5856,44.216,436,30387,0.515233,0.33,1,1048406,1047970,436
72794001,33.7171,31.2432,439,30457,0.511047,0.31,1,1048437,1047998,439
72796921,30.7434,31.8486,437,30526,0.494209,0.31,1,1048467,1048030,437
72799841,7.74868,7.96973,437,30595,0.490842,0.37,1,1048469,1048032,437
72802761,75.1497,73.5939,439,30664,0.554168,0.39,1,1048561,1048122,439
72805681,42.2299,41.9188,439,30733,0.598834,0.43,1,1048595,1048156,439
72808601,31.646,29.9838,441,30802,0.623767,0.45,1,1048624,1048183,441
72811521,27.9292,25.1968,444,30871,0.596753,0.49,1,1048651,1048207,444
72814441,55.1858,54.6394,444,30940,0.639351,0.45,1,1048713,1048269,444
72817361,95.0372,94.9279,444,31008,0.66387,0.53,1,1048818,1048374,444
72820281,46.2074,44.5856,446,31076,0.684774,0.51,1,1048852,1048406,446
72823201,33.2415,33.7171,445,31144,0.656955,0.49,1,1048882,1048437,445
72826121,31.4483,30.7434,446,31212,0.683391,0.49,1,1048913,1048467,446
72829041,7.88966,7.74868,446,31280,0.688678,0.49,1,1048915,1048469,446
72831961,78.3779,1.54974,542,31348,0.689736,0.57,1,1049011,1048469,542
72834881,43.6756,73.9099,485,31415,0.753947,0.61,2,1049046,1048561,485
72837801,31.1351,41.982,479,31482,0.782789,0.63,2,1049074,1048595,479
72840721,28.627,31.5964,478,31549,0.756558,0.59,2,1049102,1048624,478
72843641,55.3254,27.9193,513,31616,0.783312,0.65,2,1049164,1048651,513
72846561,97.4651,55.1839,559,31683,0.804662,0.67,2,1049272,1048713,559
72849481,45.893,95.0368,487,31750,0.824932,0.69,2,1049305,1048818,487
72852401,33.1786,46.2074,483,31817,0.828987,0.65,2,1049335,1048852,483
72855321,31.4357,33.2415,484,31883,0.829797,0.69,2,1049366,1048882,484
72858241,7.88714,31.4483,455,31949,0.82996,0.69,2,1049368,1048913,455
72861161,81.5774,7.88966,553,32015,0.909992,0.69,2,1049468,1048915,553
72864081,46.7155,78.3779,495,32081,0.925998,0.77,2,1049506,1049011,495
72867001,31.7431,43.6756,488,32147,0.9292,0.79,2,1049534,1049046,488
72869921,27.1486,31.1351,486,32213,0.92984,0.75,2,1049560,1049074,486
73018841,64,31,545,35406,0.65,1,1,1051842,1051297,545
73021761,41.6,57.4,517,35466,0.458,1,1,1051878,1051361,517
73024681,49.12,55.48,513,35526,0.3876,1,1,1051929,1051416,513
73027601,37.024,40.696,510,35586,0.32552,1,1,1051963,1051453,510
73030521,32.2048,35.3392,507,35645,0.233104,1,1,1051994,1051487,507
73033441,32.041,26.2678,515,35704,0.166621,1,1,1052026,1051511,515
73036361,35.2082,30.0536,520,35763,0.0893242,1,1,1052062,1051542,520
73039281,67.0416,87.6107,493,35822,0.0578648,1,1,1052137,1051644,493
73042201,32.6083,44.7221,483,35881,0.019573,1,1,1052161,1051678,483
73045121,26.5217,35.3444,475,35940,0.00391459,0.84,1,1052186,1051711,475
73048041,26.1043,34.2689,467,35999,0.0407829,0.87,1,1052212,1051745,467
73050961,27.6209,33.2538,462,36058,0.0481566,0.65,1,1052240,1051778,462
73053881,49.5242,57.8508,453,36117,0.0656313,0.41,1,1052295,1051842,453
73056801,31.5048,40.3702,444,36176,0.0531263,0.37,1,1052322,1051878,444
73059721,42.301,48.874,438,36234,0.0346253,0.31,1,1052367,1051929,438
73062641,30.8602,36.9748,432,36292,0.0309251,0.21,1,1052395,1051963,432
73065561,27.772,32.195,428,36350,0.094185,0.15,1,1052422,1051994,428
73068481,30.3544,32.039,427,36408,0.090837,0.07,1,1052453,1052026,427
73071401,31.6709,35.2078,423,36466,0.122167,0.05,1,1052485,1052062,423
73074321,67.1342,67.0416,424,36524,0.128433,0.01,1,1052561,1052137,424
73077241,31.8268,32.6083,423,36582,0.0816867,0,1,1052584,1052161,423
73080161,25.5654,26.5217,422,36640,0.0883373,0.05,1,1052608,1052186,422
73083081,25.9131,26.1043,422,36698,0.0256675,0.05,1,1052634,1052212,422
73086001,28.3826,27.6209,423,36756,0.0451335,0.07,1,1052663,1052240,423
73088921,50.4765,49.5242,424,36813,0.0970267,0.05,1,1052719,1052295,424
73091841,30.0953,31.5048,422,36870,0.107405,0.03,1,1052744,1052322,422
73094761,43.6191,42.301,424,36927,0.125481,0.03,1,1052791,1052367,424
73097681,29.5238,30.8602,422,36984,0.113096,0.11,1,1052817,1052395,422
73100601,30.7048,27.772,426,37041,0.0626192,0.09,1,1052848,1052422,426
73103521,30.141,30.3544,425,37098,0.0685238,0.13,1,1052878,1052453,425
73106441,31.6282,31.6709,425,37155,0.101705,0.13,1,1052910,1052485,425
73109361,65.5256,6.33418,499,37212,0.140341,0.13,1,1052984,1052485,499
73112281,30.7051,62.0668,445,37269,0.164068,0.07,1,1053006,1052561,445
73115201,26.141,30.8134,447,37326,0.184814,0.09,1,1053031,1052584,447
73118121,24.4282,25.3627,447,37383,0.204963,0.01,1,1053055,1052608,447
73121041,30.4856,25.8725,453,37440,0.144993,0.05,1,1053087,1052634,453
73123961,50.8971,28.3745,480,37496,0.196999,0.11,1,1053143,1052663,480
73126881,30.9794,50.4749,450,37552,0.2074,0.11,1,1053169,1052719,450
73129801,43.7959,30.095,472,37608,0.19348,0.13,1,1053216,1052744,472
73132721,28.7592,43.619,450,37664,0.222696,0.11,1,1053241,1052791,450
73135641,29.7518,29.5238,454,37720,0.244539,0.05,1,1053271,1052817,454
73138561,30.7504,30.7048,454,37776,0.264908,0.07,1,1053302,1052848,454
73141481,33.3501,30.141,458,37832,0.268982,0.11,1,1053336,1052878,458
73144401,68.27,31.6282,503,37888,0.333796,0.15,1,1053413,1052910,503
73147321,31.254,65.5256,451,37944,0.314759,0.17,1,1053435,1052984,451
73150241,27.0508,30.7051,455,38000,0.326952,0.19,1,1053461,1053006,455
73153161,25.4102,26.141,455,38056,0.34539,0.21,1,1053486,1053031,455
73156081,29.082,24.4282,461,38112,0.365078,0.13,1,1053516,1053055,461
73159001,52.2164,30.4856,487,38167,0.385016,0.21,1,1053574,1053087,487
73161921,29.6433,50.8971,455,38222,0.389003,0.21,1,1053598,1053143,455
73164841,45.1287,30.9794,478,38277,0.421801,0.19,1,1053647,1053169,478
73167761,30.6257,43.7959,458,38332,0.50836,0.23,1,1053674,1053216,458
73170681,30.1251,28.7592,463,38387,0.557672,0.25,1,1053704,1053241,463
73173601,31.625,29.7518,465,38442,0.567534,0.27,1,1053736,1053271,465
73176521,34.325,30.7504,469,38497,0.569507,0.27,1,1053771,1053302,469
73179441,69.265,33.3501,513,38552,0.601901,0.35,1,1053849,1053336,513
73182361,31.453,68.27,458,38607,0.60838,0.31,1,1053871,1053413,458
73185281,7.8906,31.254,438,38662,0.609676,0.33,1,1053873,1053435,438
73188201,22.3781,27.0508,438,38717,0.609935,0.35,1,1053899,1053461,438
73191121,25.2756,25.4102,439,38772,0.641987,0.37,1,1053925,1053486,439
73194041,29.8551,29.082,440,38826,0.648397,0.39,1,1053956,1053516,440
73196961,53.171,52.2164,441,38880,0.649679,0.39,1,1054015,1053574,441
73199881,29.8342,29.6433,441,38934,0.617936,0.43,1,1054039,1053598,441
73202801,49.1668,45.1287,446,38988,0.611587,0.53,1,1054093,1053647,446
73205721,33.8334,30.6257,449,39042,0.594317,0.57,1,1054123,1053674,449
73208641,31.5667,30.1251,450,39096,0.574863,0.57,1,1054154,1053704,450
73211561,31.9133,31.625,450,39150,0.602973,0.57,1,1054186,1053736,450
73214481,34.3827,34.325,450,39204,0.608595,0.61,1,1054221,1053771,450
73217401,70.8765,69.265,452,39258,0.593719,0.61,1,1054301,1053849,452
73220321,31.7753,31.453,452,39312,0.654744,0.61,1,1054323,1053871,452
73223241,7.95506,7.8906,452,39366,0.634949,0.61,1,1054325,1053873,452
73226161,22.391,22.3781,452,39420,0.67899,0.65,1,1054351,1053899,452
73229081,25.2782,25.2756,452,39474,0.655798,0.65,1,1054377,1053925,452
73232001,29.8556,29.8551,452,39528,0.66716,0.65,1,1054408,1053956,452
73234921,53.1711,53.171,452,39581,0.653432,0.61,1,1054467,1054015,452
73237841,29.8342,29.8342,452,39634,0.698686,0.61,1,1054491,1054039,452
73240761,48.3668,49.1668,451,39687,0.707737,0.59,1,1054544,1054093,451
73243681,33.6734,33.8334,451,39740,0.693547,0.57,1,1054574,1054123,451
73246601,30.7347,31.5667,450,39793,0.706709,0.61,1,1054604,1054154,450
73249521,32.5469,31.9133,451,39846,0.741342,0.61,1,1054637,1054186,451
73252441,33.7094,34.3827,450,39899,0.796268,0.59,2,1054671,1054221,450
73255361,72.3419,70.8765,452,39952,0.855254,0.67,2,1054753,1054301,452
73258281,32.8684,31.7753,453,40005,0.867051,0.63,2,1054776,1054323,453
73261201,8.17367,7.95506,453,40058,0.86941,0.63,2,1054778,1054325,453
73264121,22.4347,1.59101,479,40111,0.869882,0.69,2,1054804,1054325,479
73267041,25.2869,21.1182,479,40164,0.869976,0.65,2,1054830,1054351,479
73269961,30.6574,25.0236,485,40217,0.869995,0.67,2,1054862,1054377,485
73272881,52.5315,29.8047,512,40270,0.885999,0.65,2,1054920,1054408,512
73275801,30.5063,53.1609,478,40322,0.9052,0.71,2,1054945,1054467,478
73287481,33,30,489,40530,0.93,0.75,2,1055093,1054604,489
73433481,80,101,494,19203,0.31,0.79,1,1056988,1056494,494
73436401,120,73,558,19314,0.342,0.55,1,1057118,1056560,558
73439321,72.8,127.4,478,19424,0.4124,0.45,1,1057179,1056701,478
73442241,50.56,76.68,459,19533,0.47448,0.51,1,1057224,1056765,459
73445161,38.112,37.736,466,19642,0.438896,0.49,1,1057259,1056793,466
73448081,77.2224,36.3472,517,19750,0.495779,0.33,1,1057346,1056829,517
73451001,77.8445,70.4694,516,19857,0.555156,0.31,1,1057424,1056908,516
73453921,122.769,78.0939,570,19964,0.615031,0.35,1,1057558,1056988,570
73456841,74.9538,119.619,503,20070,0.723006,0.43,1,1057621,1057118,503
73459761,53.3908,72.7238,490,20176,0.776601,0.49,2,1057669,1057179,490
73462681,37.8782,50.5447,479,20281,0.80332,0.43,2,1057703,1057224,479
73465601,78.7756,38.1089,533,20386,0.792664,0.51,2,1057792,1057259,533
73468521,80.5551,77.2218,527,20490,0.822533,0.57,2,1057873,1057346,527
73471441,126.511,77.8444,587,20594,0.812507,0.63,2,1058011,1057424,587
73474361,79.7022,122.769,521,20697,0.778501,0.75,2,1058079,1057558,521
73477281,56.7404,74.9538,509,20799,0.8037,0.79,2,1058130,1057621,509
73480201,38.5481,53.3908,495,20901,0.80874,0.81,2,1058164,1057669,495
73483121,78.1096,37.8782,549,21002,0.841748,0.79,2,1058252,1057703,549
73486041,17.2219,78.7756,462,21103,0.84835,0.83,2,1058254,1057792,462
73488961,69.0444,80.5551,463,21204,0.86567,0.81,2,1058336,1057873,463
73491881,121.809,126.511,460,21304,0.901134,0.77,2,1058471,1058011,460
73494801,78.7618,79.7022,460,21404,0.940227,0.81,2,1058539,1058079,460
73594081,39,35,493,24549,0.33,1,1,1060716,1060223,493
73597001,118.2,114.2,497,24635,0.09,1,1,1060854,1060357,497
73599921,52.44,43.64,507,24721,0.026,1,1,1060890,1060383,507
73602841,35.288,39.128,500,24807,0.0452,1,1,1060921,1060421,500
73605761,65.4576,80.6256,482,24892,0.04904,1,1,1060994,1060512,482
73608681,37.0915,46.5251,474,24977,0.081808,0.79,1,1061024,1060550,474
73611601,65.0183,80.505,457,25062,0.0883616,0.55,1,1061096,1060639,457
73614521,37.0037,46.501,449,25147,0.137672,0.33,1,1061126,1060677,449
73617441,27.4007,40.5002,435,25231,0.115534,0.03,1,1061151,1060716,435
73620361,105.48,118.5,422,25315,0.0471069,0.01,1,1061276,1060854,422
73623281,50.696,52.5,423,25399,0.0494214,0.05,1,1061313,1060890,423
73626201,34.1392,35.3,422,25482,0.0658843,0.05,1,1061343,1060921,422
73629121,65.2278,7.06,495,25565,0.0851769,0.05,1,1061416,1060921,495
73632041,37.8456,59.812,453,25648,0.0410354,0.09,1,1061447,1060994,453
73634961,65.1691,35.9624,495,25731,0.128207,0.09,1,1061519,1061024,495
73637881,39.4338,64.7925,456,25813,0.193641,0.15,1,1061552,1061096,456
73640801,27.8868,36.9585,451,25895,0.238728,0.11,1,1061577,1061126,451
73643721,101.577,27.3917,546,25977,0.0877457,0.03,1,1061697,1061151,546
73646641,49.9155,105.478,458,26059,0.0415491,0.05,1,1061734,1061276,458
73649561,33.9831,50.6957,451,26140,0.0323098,0.07,1,1061764,1061313,451
73652481,65.9966,34.1391,495,26221,0.014462,0.09,1,1061838,1061343,495
73655401,38.7993,65.2278,454,26302,0.0428924,0.03,1,1061870,1061416,454
73658321,69.3599,37.8456,500,26383,0.0645785,0.15,1,1061947,1061447,500
73661241,43.472,65.1691,465,26463,0.0369157,0.21,1,1061984,1061519,465
73664161,29.4944,39.4338,458,26543,0.0633831,0.25,1,1062010,1061552,458
73667081,93.0989,27.8868,542,26623,0.148677,0.05,1,1062119,1061577,542
73670001,47.4198,101.577,458,26703,0.101735,0.03,1,1062155,1061697,458
73672921,33.484,49.9155,451,26782,0.0923471,0.03,1,1062185,1061734,451
73675841,65.8968,33.9831,495,26861,0.0744694,0.01,1,1062259,1061764,495
73678761,14.7794,65.9966,423,26940,0.0708939,0.05,1,1062261,1061838,423
73681681,27.7559,38.7993,422,27019,0.134179,0.07,1,1062292,1061870,422
73684601,70.3512,69.3599,426,27097,0.0828357,0.03,1,1062373,1061947,426
73687521,42.8702,43.472,425,27175,0.0885672,0.07,1,1062409,1061984,425
73690441,29.374,29.4944,425,27253,0.121713,0.17,1,1062435,1062010,425
73693361,95.4748,93.0989,428,27331,0.112343,0.09,1,1062547,1062119,428
73696281,46.295,47.4198,426,27408,0.0944685,0.09,1,1062581,1062155,426
73699201,31.659,33.484,424,27485,0.122894,0.07,1,1062609,1062185,424
73702121,67.1318,65.8968,426,27562,0.0965787,0.07,1,1062685,1062259,426
73705041,15.0264,14.7794,426,27639,0.0913157,0.15,1,1062687,1062261,426
73707961,27.0053,27.7559,425,27716,0.122263,0.07,1,1062717,1062292,425
73710881,68.6011,70.3512,423,27792,0.176453,0.09,1,1062796,1062373,423
73713801,44.1202,42.8702,425,27868,0.155291,0.13,1,1062834,1062409,425
73716721,30.424,29.374,426,27944,0.151058,0.11,1,1062861,1062435,426
73719641,95.6848,95.4748,426,28020,0.230212,0.09,1,1062973,1062547,426
73722561,46.337,46.295,426,28096,0.326042,0.13,1,1063007,1062581,426
73725481,31.6674,31.659,426,28171,0.313208,0.09,1,1063035,1062609,426
73728401,67.1335,67.1318,426,28246,0.342642,0.09,1,1063111,1062685,426
73731321,15.0267,15.0264,426,28321,0.348528,0.13,1,1063113,1062687,426
73734241,27.0053,27.0053,426,28396,0.317706,0.13,1,1063143,1062717,426
73737161,70.2011,5.40105,507,28471,0.343541,0.19,1,1063224,1062717,507
73740081,43.6402,64.2802,465,28545,0.396708,0.15,1,1063261,1062796,465
73743001,31.128,43.256,455,28619,0.407342,0.15,1,1063289,1062834,455
73745921,99.8256,30.2512,545,28693,0.537468,0.25,1,1063406,1062861,545
73748841,49.5651,95.6502,470,28767,0.579494,0.35,1,1063443,1062973,470
73751761,32.313,46.33,464,28841,0.587899,0.31,1,1063471,1063007,464
73754681,67.2626,31.666,512,28914,0.60558,0.35,1,1063547,1063035,512
73757601,15.0525,67.1332,438,28987,0.609116,0.35,1,1063549,1063111,438
73760521,27.8105,15.0266,467,29060,0.593823,0.31,1,1063580,1063113,467
73763441,71.9621,27.0053,520,29133,0.542765,0.35,1,1063663,1063143,520
73766361,45.5924,70.2011,478,29206,0.596553,0.41,1,1063702,1063224,478
73769281,31.5185,43.6402,469,29278,0.623311,0.41,1,1063730,1063261,469
73772201,106.304,31.128,566,29350,0.676662,0.57,1,1063855,1063289,566
73775121,51.6607,99.8256,487,29422,0.687332,0.59,1,1063893,1063406,487
73778041,32.7321,49.5651,478,29494,0.705466,0.59,1,1063921,1063443,478
73780961,68.1464,32.313,527,29566,0.725093,0.61,1,1063998,1063471,527
73783881,15.2293,67.2626,453,29638,0.729019,0.61,1,1064000,1063547,453
73786801,27.0459,15.0525,481,29709,0.729804,0.59,1,1064030,1063549,481
73789721,71.0092,27.8105,532,29780,0.745961,0.53,1,1064112,1063580,532
73792641,15.8018,71.9621,451,29851,0.749192,0.61,1,1064114,1063663,451
73795561,35.9604,45.5924,453,29922,0.781838,0.63,2,1064155,1063702,453
73798481,29.5921,31.5185,453,29993,0.820368,0.69,2,1064183,1063730,453
73801401,108.318,106.304,456,30064,0.844074,0.69,2,1064311,1063855,456
73804321,52.0637,51.6607,456,30134,0.864815,0.71,2,1064349,1063893,456
73807241,33.6127,32.7321,457,30204,0.884963,0.73,2,1064378,1063921,457
73810161,69.1225,68.1464,458,30274,0.888993,0.73,2,1064456,1063998,458
73813081,15.4245,15.2293,458,30344,0.889799,0.73,2,1064458,1064000,458
73816001,27.0849,27.0459,458,30414,0.88996,0.75,2,1064488,1064030,458
73818921,72.617,71.0092,460,30484,0.905992,0.75,2,1064572,1064112,460
73821841,16.1234,15.8018,460,30553,0.909198,0.79,2,1064574,1064114,460
73824761,36.8247,35.9604,461,30622,0.90984,0.83,2,1064616,1064155,461
73827681,32.1649,29.5921,464,30691,0.909968,0.85,2,1064647,1064183,464
73932801,38,26,506,33081,0.73,1,1,1066398,1065892,506
73935721,28.4,33.2,497,33145,0.73,1,1,1066424,1065927,497
73938641,44.88,47.44,495,33209,0.65,1,1,1066473,1065978,495
73941561,38.576,30.288,506,33273,0.522,1,1,1066510,1066004,506
73944481,27.7152,34.0576,496,33337,0.4644,0.99,1,1066535,1066039,496
73947401,22.343,30.8115,487,33400,0.40488,1,1,1066556,1066069,487
73950321,82.0686,89.3623,480,33463,0.296976,1,1,1066653,1066173,480
73953241,38.8137,42.6725,477,33526,0.291395,1,1,1066681,1066204,477
73956161,49.3627,50.9345,476,33589,0.274279,0.84,1,1066733,1066257,476
73959081,30.6725,37.3869,468,33652,0.318856,0.81,1,1066759,1066291,468
73962001,54.1345,62.6774,459,33715,0.311771,0.73,1,1066819,1066360,459
73964921,36.4269,42.9355,453,33778,0.374354,0.73,1,1066851,1066398,453
73967841,28.0854,29.3871,453,33841,0.322871,0.63,1,1066877,1066424,453
73970761,44.0171,45.0774,452,33903,0.424574,0.49,1,1066925,1066473,452
73973681,32.8034,38.6155,445,33965,0.412915,0.45,1,1066955,1066510,445
73976601,26.5607,27.7231,445,34027,0.426583,0.39,1,1066980,1066535,445
73979521,18.1121,22.3446,440,34089,0.413317,0.27,1,1066996,1066556,440
73982441,76.4224,82.0689,434,34151,0.458663,0.29,1,1067087,1066653,434
73985361,37.6845,38.8138,434,34213,0.483733,0.29,1,1067115,1066681,434
73988281,49.1369,7.76276,486,34275,0.504746,0.27,1,1067167,1066681,486
73991201,31.4274,43.1526,461,34337,0.524949,0.33,1,1067194,1066733,461
73994121,55.0855,29.4305,496,34399,0.57699,0.31,1,1067255,1066759,496
73997041,38.2171,53.8861,470,34460,0.619398,0.39,1,1067289,1066819,470
73999961,28.4434,36.3772,464,34521,0.62788,0.31,1,1067315,1066851,464
74002881,46.4887,28.0754,489,34582,0.661576,0.45,1,1067366,1066877,489
74005801,31.6977,44.0151,469,34643,0.668315,0.41,1,1067394,1066925,469
74008721,27.1395,32.803,465,34704,0.669663,0.43,1,1067420,1066955,465
74011641,19.8279,26.5606,458,34765,0.669933,0.41,1,1067438,1066980,458
74014561,76.7656,18.1121,533,34826,0.685987,0.47,1,1067529,1066996,533
74017481,40.1531,76.4224,473,34887,0.689197,0.49,1,1067560,1067087,473
74020401,51.2306,37.6845,499,34948,0.67384,0.51,1,1067614,1067115,499
74023321,32.6461,49.1369,475,35008,0.670768,0.53,1,1067642,1067167,475
74026241,57.7292,31.4274,512,35068,0.702154,0.59,1,1067706,1067194,512
74029161,39.5458,55.0855,486,35128,0.740431,0.63,1,1067741,1067255,486
74032081,30.3092,38.2171,480,35188,0.748086,0.63,1,1067769,1067289,480
74035001,46.8618,28.4434,505,35248,0.765617,0.67,2,1067820,1067315,505
74037921,31.7724,46.4887,482,35308,0.785123,0.67,2,1067848,1067366,482
74040841,27.1545,31.6977,480,35368,0.789025,0.67,2,1067874,1067394,480
74043761,21.4309,27.1395,474,35428,0.789805,0.67,2,1067894,1067420,474
74046681,76.2862,19.8279,546,35488,0.821961,0.69,2,1067984,1067438,546
74049601,40.0572,76.7656,486,35548,0.828392,0.69,2,1068015,1067529,486
74052521,50.4114,40.1531,508,35607,0.845678,0.67,2,1068068,1067560,508
74055441,32.4823,51.2306,482,35666,0.865136,0.67,2,1068096,1067614,482
74058361,8.09646,32.6461,456,35725,0.869027,0.71,2,1068098,1067642,456
74198521,33,53,502,38460,0.77,1,2,1070019,1069517,502
74201441,27.4,20.2,516,38515,0.706,1,1,1070045,1069529,516
74204361,34.28,32.84,516,38570,0.6132,1,1,1070081,1069565,516
74207281,32.456,41.768,504,38625,0.49864,1,1,1070113,1069609,504
74210201,28.0912,35.5536,497,38680,0.427728,1,1,1070140,1069643,497
74213121,34.4182,43.1107,488,38735,0.253546,1,1,1070176,1069688,488
74216041,40.4837,35.8221,496,38790,0.0747091,1,1,1070218,1069722,496
74218961,31.2967,37.5644,487,38844,0.0149418,1,1,1070247,1069760,487
74221881,32.6593,29.1129,493,38898,0.0109884,1,1,1070280,1069787,493
74224801,60.1319,70.6226,479,38952,0.00219767,0.99,1,1070347,1069868,479
74227721,36.0264,42.1245,474,39006,0.0244395,0.93,1,1070377,1069903,474
74230641,40.0053,46.8249,467,39060,0.0288879,0.87,1,1070418,1069951,467
74233561,38.4011,37.365,470,39114,0.0457776,0.77,1,1070456,1069986,470
74236481,26.8802,33.873,461,39168,0.0651555,0.69,1,1070480,1070019,461
74239401,22.976,27.5746,457,39222,0.0850311,0.59,1,1070502,1070045,457
74242321,28.5952,34.3149,451,39276,0.0170062,0.47,1,1070532,1070081,451
74245241,28.119,32.463,447,39330,0.107401,0.41,1,1070560,1070113,447
74248161,20.8238,28.0926,439,39384,0.12548,0.21,1,1070579,1070140,439
74251081,26.5648,34.4185,431,39438,0.0970961,0.03,1,1070607,1070176,431
74254001,31.713,40.4837,422,39492,0.0594192,0,1,1070640,1070218,422
74256921,31.9426,31.2967,425,39545,0.0358838,0.01,1,1070672,1070247,425
74259841,32.7885,32.6593,425,39598,0.00717677,0,1,1070705,1070280,425
74262761,57.7577,60.1319,422,39651,0.00143535,0.03,1,1070769,1070347,422
74265681,35.5515,36.0264,422,39704,0.0402871,0.03,1,1070799,1070377,422
74268601,40.7103,40.0053,423,39757,0.0320574,0.05,1,1070841,1070418,423
74271521,37.7421,38.4011,422,39810,0.0464115,0.07,1,1070878,1070456,422
74274441,28.3484,26.8802,424,39863,0.0812823,0.09,1,1070904,1070480,424
74277361,21.6697,22.976,422,39916,0.0722565,0,1,1070924,1070502,422
74280281,28.3339,28.5952,422,39969,0.0384513,0.13,1,1070954,1070532,422
74283201,32.0668,28.119,427,40022,0.0636903,0.13,1,1070987,1070560,427
74286121,18.4134,20.8238,423,40075,0.0207381,0.13,1,1071002,1070579,423
74289041,26.8827,4.16476,452,40128,0.0921476,0.09,1,1071031,1070579,452
74291961,29.3765,23.233,454,40181,0.0904295,0.05,1,1071061,1070607,454
74294881,32.2753,31.0466,454,40234,0.0420859,0.03,1,1071094,1070640,454
74297801,32.8551,31.8093,455,40286,0.00841718,0,1,1071127,1070672,455
74300721,56.971,32.7619,485,40338,0.00168344,0,1,1071190,1070705,485
74303641,36.9942,57.7524,453,40390,0.0403367,0.05,1,1071222,1070769,453
74306561,39.3988,35.5505,463,40442,0.0320673,0.03,1,1071262,1070799,463
74309481,39.0798,40.7101,460,40494,0.0624135,0.05,1,1071301,1070841,460
74312401,28.616,37.742,449,40546,0.100483,0.09,1,1071327,1070878,449
74315321,20.9232,28.3484,442,40598,0.0920965,0.07,1,1071346,1070904,442
74318241,27.3846,21.6697,451,40650,0.0424193,0.03,1,1071375,1070924,451
74321161,32.6769,28.3339,455,40702,0.0324839,0.07,1,1071409,1070954,455
74324081,19.3354,32.0668,438,40754,0.0304968,0.01,1,1071425,1070987,438
74327001,28.6671,18.4134,454,40806,0.0140994,0.11,1,1071456,1071002,454
74329921,29.7334,26.8827,455,40858,0.0588199,0.09,1,1071486,1071031,455
74332841,29.9467,29.3765,455,40910,0.083764,0.03,1,1071516,1071061,455
74335761,32.3893,32.2753,455,40962,0.0567528,0,1,1071549,1071094,455
74338681,56.0779,32.8551,484,41014,0.0113506,0,1,1071611,1071127,484
74341601,38.4156,56.971,455,41065,0.0742701,0.05,1,1071645,1071190,455
74344521,38.0831,36.9942,461,41116,0.022854,0.03,1,1071683,1071222,461
74347441,41.2166,39.3988,463,41167,0.0285708,0.07,1,1071725,1071262,463
74350361,30.6433,39.0798,452,41218,0.0617142,0.11,1,1071753,1071301,452
74353281,20.5287,28.616,444,41269,0.0683428,0.09,1,1071771,1071327,444
74356201,24.1057,20.9232,450,41320,0.0536686,0.03,1,1071796,1071346,450
74359121,32.8211,27.3846,456,41371,0.0507337,0.03,1,1071831,1071375,456
74362041,18.5642,32.6769,437,41422,0.0821467,0.03,1,1071846,1071409,437
74364961,28.5128,19.3354,452,41473,0.0404293,0.01,1,1071877,1071425,452
74367881,32.1026,28.6671,454,41524,0.0480859,0.07,1,1071910,1071456,454
74370801,8.02051,29.7334,426,41575,0.0496172,0.09,1,1071912,1071486,426
74373721,24.0041,29.9467,424,41626,0.161923,0.05,1,1071940,1071516,424
74376641,29.6008,32.3893,422,41677,0.168385,0,1,1071971,1071549,422
74379561,56.3202,56.0779,423,41728,0.105677,0.09,1,1072034,1071611,423
74382481,40.864,38.4156,426,41779,0.0771354,0.01,1,1072071,1071645,426
74385401,35.3728,38.0831,422,41830,0.0234271,0.03,1,1072105,1071683,422
74388321,41.4746,41.2166,423,41880,0.0446854,0.07,1,1072148,1071725,423
74391241,32.2949,30.6433,425,41930,0.0489371,0.07,1,1072178,1071753,425
74394161,20.859,20.5287,425,41980,0.0497874,0.05,1,1072196,1071771,425
74397081,23.3718,24.1057,424,42030,0.0179575,0.05,1,1072220,1071796,424
74400001,33.4744,32.8211,425,42080,0.0435915,0.09,1,1072256,1071831,425
74402921,17.8949,18.5642,424,42130,0.0967183,0.03,1,1072270,1071846,424
74405841,27.579,28.5128,423,42180,0.107344,0.05,1,1072300,1071877,423
74408761,34.3158,32.1026,426,42230,0.0774687,0.05,1,1072336,1071910,426
74411681,8.46316,8.02051,426,42280,0.0714937,0.19,1,1072338,1071912,426
74414601,26.4926,24.0041,429,42330,0.0702987,0.17,1,1072369,1071940,429
74417521,30.8985,29.6008,430,42380,0.0860597,0.09,1,1072401,1071971,430
74420441,50.1797,56.3202,422,42430,0.137212,0.07,1,1072456,1072034,422
74423361,42.0359,40.864,425,42480,0.115442,0.01,1,1072496,1072071,425
74426281,33.2072,35.3728,422,42530,0.127088,0.05,1,1072527,1072105,422
74429201,41.0414,41.4746,422,42580,0.0334177,0.05,1,1072570,1072148,422
74432121,32.2083,32.2949,422,42630,0.0146835,0.05,1,1072600,1072178,422
74435041,20.8417,20.859,422,42680,0.0269367,0.01,1,1072618,1072196,422
74437961,23.3683,23.3718,422,42729,0.0613873,0.05,1,1072642,1072220,422
74440881,35.8737,33.4744,425,42778,0.0202775,0.11,1,1072681,1072256,425
74443801,18.3747,17.8949,425,42827,0.0120555,0.11,1,1072695,1072270,425
74446721,27.6749,27.579,425,42876,0.0584111,0.07,1,1072725,1072300,425
74449641,34.335,34.3158,425,42925,0.0516822,0.07,1,1072761,1072336,425
74452561,8.467,8.46316,425,42974,0.0503364,0.07,1,1072763,1072338,425
74455481,26.4934,26.4926,425,43023,0.0660673,0.07,1,1072794,1072369,425
74458401,31.6987,5.29853,458,43072,0.0692135,0.09,1,1072827,1072369,458
74461321,50.3397,26.6597,481,43121,0.117843,0.15,1,1072882,1072401,481
74464241,42.0679,49.3319,466,43170,0.143569,0.11,1,1072922,1072456,466
74467161,31.6136,41.8664,455,43219,0.164714,0.13,1,1072951,1072496,455
74470081,38.3227,33.1733,464,43268,0.168943,0.01,1,1072991,1072527,464
74473001,32.4645,41.0347,452,43317,0.169789,0.01,1,1073022,1072570,452
74475921,20.8929,32.2069,440,43366,0.201958,0.03,1,1073040,1072600,440
74478841,23.3786,20.8414,446,43415,0.208392,0.07,1,1073064,1072618,446
74481761,35.0757,23.3683,460,43464,0.209678,0.01,1,1073102,1072642,460
74484681,18.2151,35.8737,435,43513,0.209936,0.01,1,1073116,1072681,435
74487601,28.443,18.3747,452,43561,0.209987,0.07,1,1073147,1072695,452
74490521,35.2886,27.6749,459,43609,0.257997,0.05,1,1073184,1072725,459
74493441,8.65772,34.335,425,43657,0.267599,0.05,1,1073186,1072761,425
74496361,27.3315,8.467,455,43705,0.26952,0.07,1,1073218,1072763,455
74499281,31.8663,26.4934,457,43753,0.253904,0.07,1,1073251,1072794,457
74502201,52.7733,31.6987,482,43801,0.266781,0.13,1,1073309,1072827,482
74505121,43.3547,50.3397,468,43849,0.269356,0.15,1,1073350,1072882,468
74508041,31.8709,42.0679,457,43897,0.285871,0.17,1,1073379,1072922,457
74510961,39.1742,31.6136,469,43945,0.337174,0.17,1,1073420,1072951,469
74513881,34.2348,38.3227,462,43993,0.331435,0.17,1,1073453,1072991,462
74516801,21.247,32.4645,449,44041,0.346287,0.21,1,1073471,1073022,449
74519721,23.4494,20.8929,455,44089,0.349257,0.21,1,1073495,1073040,455
74522641,35.0899,23.3786,469,44137,0.365851,0.21,1,1073533,1073064,469
74525561,18.218,35.0757,445,44185,0.36917,0.21,1,1073547,1073102,445
74528481,29.2436,18.2151,463,44233,0.337834,0.21,1,1073579,1073116,463
74531401,37.0487,28.443,471,44281,0.379567,0.27,1,1073618,1073147,471
74534321,9.00974,35.2886,436,44329,0.387913,0.27,1,1073620,1073184,436
74537241,27.4019,8.65772,466,44377,0.405583,0.27,1,1073652,1073186,466
74540161,31.0804,27.3315,466,44425,0.409117,0.25,1,1073684,1073218,466
74543081,7.81608,31.8663,435,44472,0.409823,0.27,1,1073686,1073251,435
74546001,48.7632,52.7733,436,44519,0.457965,0.27,1,1073745,1073309,436
74548921,43.3526,43.3547,437,44566,0.515593,0.29,1,1073787,1073350,437
74551841,32.6705,31.8709,438,44613,0.511119,0.35,1,1073817,1073379,438
74554761,40.1341,39.1742,439,44660,0.574224,0.33,1,1073859,1073420,439
74557681,34.4268,34.2348,439,44707,0.618845,0.35,1,1073892,1073453,439
74560601,21.2854,21.247,439,44754,0.627769,0.35,1,1073910,1073471,439
74563521,23.4571,23.4494,439,44801,0.597554,0.37,1,1073934,1073495,439
74566441,35.8914,35.0899,440,44848,0.607511,0.37,1,1073973,1073533,440
74569361,18.3783,18.218,440,44895,0.641502,0.33,1,1073987,1073547,440
74572281,29.2757,29.2436,440,44942,0.6323,0.39,1,1074019,1073579,440
74575201,37.8551,37.0487,441,44989,0.67846,0.39,1,1074059,1073618,441
74578121,9.17103,9.00974,441,45036,0.687692,0.41,1,1074061,1073620,441
74581041,28.2342,27.4019,442,45083,0.705538,0.41,1,1074094,1073652,442
74583961,31.2468,31.0804,442,45130,0.709108,0.41,1,1074126,1073684,442
74586881,7.84937,7.81608,442,45177,0.709822,0.47,1,1074128,1073686,442
74589801,51.1699,48.7632,445,45224,0.677964,0.53,1,1074190,1073745,445
74592721,45.434,43.3526,447,45271,0.735593,0.51,1,1074234,1073787,447
74595641,33.8868,32.6705,448,45318,0.747119,0.59,1,1074265,1073817,448
74598561,42.7774,40.1341,451,45365,0.781424,0.63,2,1074310,1073859,451
74601481,34.9555,34.4268,451,45411,0.804285,0.63,2,1074343,1073892,451
74604401,21.3911,21.2854,451,45457,0.776857,0.59,2,1074361,1073910,451
74607321,23.4782,23.4571,451,45503,0.803371,0.61,2,1074385,1073934,451
74610241,36.6956,35.8914,452,45549,0.824674,0.65,2,1074425,1073973,452
74613161,18.5391,18.3783,452,45595,0.796935,0.63,2,1074439,1073987,452
74616081,30.1078,29.2757,453,45641,0.823387,0.69,2,1074472,1074019,453
74619001,38.8216,37.8551,454,45687,0.844677,0.69,2,1074513,1074059,454
74621921,9.36431,9.17103,454,45733,0.848935,0.71,2,1074515,1074061,454
74624841,29.8729,28.2342,456,45779,0.865787,0.71,2,1074550,1074094,456
74627761,32.3746,31.2468,457,45825,0.837157,0.71,2,1074583,1074126,457
74630681,8.07491,7.84937,457,45871,0.863431,0.67,2,1074585,1074128,457
74633601,49.615,51.1699,455,45917,0.836686,0.67,2,1074645,1074190,455
74636521,45.923,10.234,500,45963,0.831337,0.75,2,1074690,1074190,500
74639441,35.5846,37.2468,489,46009,0.862267,0.75,2,1074723,1074234,489
74642361,44.7169,32.2494,505,46055,0.900454,0.79,2,1074770,1074265,505
74645281,34.5434,42.4499,492,46101,0.924091,0.81,2,1074802,1074310,492
74820481,39,28,492,48769,0.87,1,2,1076628,1076136,492
74823401,33.4,24.8,500,48812,0.806,1,2,1076660,1076160,500
74826321,27.48,33.76,490,48855,0.6652,1,1,1076686,1076196,490
74829241,33.496,6.752,525,48898,0.54104,1,1,1076721,1076196,525
74832161,34.6992,30.9504,523,48941,0.468208,1,1,1076756,1076233,523
74835081,33.3398,34.1901,521,48984,0.437642,1,1,1076789,1076268,521
74838001,26.668,31.638,515,49027,0.367528,1,1,1076814,1076299,515
74889101,396.534,459.128,438,21900,0.0975057,0.07,1,1077303,1076865,438
74892021,129.707,130.226,453,22724,0.0435011,0.05,1,1077366,1076913,453
74894941,72.3413,81.2451,442,22817,0.00870023,0,1,1077424,1076982,442
74897861,57.6683,57.049,445,22910,0.05774,0.03,1,1077478,1077033,445
74900781,76.3337,77.0098,444,23003,0.035548,0.05,1,1077559,1077115,444
74903701,66.4667,59.402,453,23095,0.14311,0.05,1,1077623,1077170,453
74906621,53.2933,73.4804,426,23187,0.0526219,0.05,1,1077673,1077247,426
74909541,38.6587,31.4961,440,23278,0.0665244,0.03,1,1077708,1077268,440
74912461,71.7317,34.2992,485,23369,0.117305,0.03,1,1077788,1077303,485
74915381,59.9463,57.2598,479,23460,0.047461,0,1,1077845,1077366,479
74918301,55.9893,57.852,476,23550,0.0334922,0.07,1,1077900,1077424,476
74921221,75.9979,54.7704,503,23640,0.0146984,0.03,1,1077981,1077478,503
74924141,71.9996,75.7541,493,23730,0.0429397,0.17,1,1078052,1077559,493
74927061,47.9999,66.3508,471,23819,0.0165879,0.03,1,1078094,1077623,471
74929981,40.8,53.2702,460,23908,0.0593176,0.07,1,1078133,1077673,460
74932901,9.76,38.654,427,23997,0.0678635,0.13,1,1078135,1077708,427
74935821,65.152,71.7308,426,24085,0.0535727,0.03,1,1078214,1077788,426
74938741,55.4304,59.9462,422,24173,0.0827145,0.03,1,1078267,1077845,422
74941661,55.0861,55.9892,422,24261,0.0405429,0.01,1,1078322,1077900,422
74944581,76.6172,75.9978,423,24348,0.00810858,0.05,1,1078404,1077981,423
74947501,73.7234,71.9996,425,24435,0.0416217,0.01,1,1078477,1078052,425
74950421,46.7447,47.9999,423,24522,0.0323243,0.07,1,1078517,1078094,423
74953341,42.1489,40.8,425,24608,0.0464649,0.07,1,1078558,1078133,425
74956261,10.0298,9.76,425,24694,0.049293,0.05,1,1078560,1078135,425
74959181,64.406,65.152,424,24780,0.177859,0.09,1,1078638,1078214,424
74962101,55.2812,55.4304,424,24866,0.251572,0.03,1,1078691,1078267,424
74965021,53.4562,55.0861,422,24951,0.282314,0,1,1078744,1078322,422
74967941,76.2912,76.6172,422,25036,0.0564629,0.05,1,1078826,1078404,422
74970861,73.6582,73.7234,422,25121,0.0512926,0.03,1,1078899,1078477,422
74973781,46.7316,46.7447,422,25205,0.0342585,0.05,1,1078939,1078517,422
74976701,44.5463,42.1489,425,25289,0.0788517,0.05,1,1078983,1078558,425
74979621,10.5093,10.0298,425,25373,0.0877704,0.21,1,1078985,1078560,425
74982541,69.3019,64.406,431,25457,0.121554,0.21,1,1079069,1078638,431
74985461,58.6604,12.8812,487,25540,0.0963108,0.27,1,1079125,1078638,487
74988381,54.1321,44.9762,487,25623,0.0912622,0.29,1,1079178,1078691,487
74991301,66.0264,51.3952,503,25706,0.106252,0,1,1079247,1078744,503
74994221,71.6053,75.879,494,25788,0.0452505,0.05,1,1079320,1078826,494
74997141,47.1211,73.5758,462,25870,0.0330501,0.03,1,1079361,1078899,462
75000061,47.0242,46.7152,469,25952,0.04661,0.09,1,1079408,1078939,469
75002981,11.0048,44.543,427,26034,0.049322,0.09,1,1079410,1078983,427
75005901,69.401,10.5086,509,26115,0.0818644,0.13,1,1079494,1078985,509
75008821,58.6802,69.3017,481,26196,0.152373,0.09,1,1079550,1079069,481
75011741,54.136,58.6603,478,26277,0.182475,0.09,1,1079603,1079125,478
75014661,65.2272,54.1321,493,26358,0.236495,0.11,1,1079671,1079178,493
75017581,69.8454,66.0264,495,26438,0.263299,0.03,1,1079742,1079247,495
75020501,46.7691,71.6053,463,26518,0.25266,0.03,1,1079783,1079320,463
75023421,47.7538,47.1211,470,26598,0.234532,0.05,1,1079831,1079361,470
75026341,11.1508,47.0242,425,26678,0.230906,0.05,1,1079833,1079408,425
75029261,71.0302,11.0048,509,26757,0.246181,0.09,1,1079919,1079410,509
75032181,63.006,69.401,486,26836,0.233236,0.17,1,1079980,1079494,486
75035101,55.8012,58.6802,484,26915,0.294647,0.19,1,1080034,1079550,484
75038021,12.7602,54.136,433,26994,0.306929,0.25,1,1080036,1079603,433
75040941,58.552,65.2272,435,27072,0.325386,0.27,1,1080106,1079671,435
75043861,68.5104,69.8454,435,27150,0.345077,0.25,1,1080177,1079742,435
75046781,44.1021,46.7691,432,27228,0.349015,0.23,1,1080215,1079783,432
75049701,48.0204,47.7538,433,27306,0.365803,0.23,1,1080264,1079831,433
75052621,11.2041,11.1508,433,27384,0.369161,0.25,1,1080266,1079833,433
75055541,71.8408,71.0302,434,27461,0.385832,0.23,1,1080353,1079919,434
75058461,63.9682,63.006,435,27538,0.437166,0.31,1,1080415,1079980,435
75061381,55.9936,55.8012,435,27615,0.463433,0.31,1,1080469,1080034,435
75064301,12.7987,12.7602,435,27692,0.468687,0.33,1,1080471,1080036,435
75067221,60.9597,58.552,438,27768,0.517737,0.35,1,1080544,1080106,438
75070141,69.792,68.5104,439,27844,0.623547,0.35,1,1080616,1080177,439
75073061,44.3584,44.1021,439,27920,0.644709,0.37,1,1080654,1080215,439
75075981,48.8717,48.0204,440,27996,0.616942,0.37,1,1080704,1080264,440
75078901,11.3743,11.2041,440,28072,0.611388,0.39,1,1080706,1080266,440
75081821,71.0749,71.8408,439,28147,0.690278,0.45,1,1080792,1080353,439
75084741,67.015,63.9682,443,28222,0.738055,0.47,1,1080858,1080415,443
75087661,59.003,55.9936,446,28297,0.731611,0.47,1,1080915,1080469,446
75090581,13.4006,12.7987,446,28372,0.730322,0.47,1,1080917,1080471,446
75093501,61.8801,2.55975,520,28447,0.698064,0.53,1,1080991,1080471,520
75096421,73.176,58.912,523,28521,0.723613,0.65,1,1081067,1080544,523
75099341,45.0352,69.3824,489,28595,0.744723,0.65,1,1081105,1080616,489
75102261,49.007,44.2765,501,28669,0.748944,0.61,1,1081155,1080654,501
75105181,11.4014,48.8553,453,28743,0.749789,0.61,1,1081157,1080704,453
75108101,73.4803,11.3711,540,28817,0.733958,0.71,1,1081246,1080706,540
75111021,69.0961,71.0742,522,28890,0.762792,0.75,2,1081314,1080792,522
75113941,58.6192,67.0148,512,28963,0.800558,0.73,2,1081370,1080858,512
75116861,13.3238,59.003,457,29036,0.808112,0.73,2,1081372,1080915,457
75119781,61.8648,13.4006,529,29109,0.905622,0.69,2,1081446,1080917,529
75122701,74.773,61.8801,533,29182,0.925124,0.73,2,1081524,1080991,533
75239501,27,83,504,31953,0.93,1,2,1083458,1082954,504
75242421,34.2,39,512,32019,0.882,1,2,1083494,1082982,512
75245341,34.84,31,518,32085,0.7924,1,2,1083529,1083011,518
75248261,33.368,31.8,519,32151,0.71048,1,1,1083562,1083043,519
75251181,33.8736,31.16,522,32217,0.630096,1,1,1083596,1083074,522
75254101,80.3747,51.032,558,32283,0.454019,1,1,1083688,1083130,558
75257021,42.4749,70.2064,516,32349,0.450804,1,1,1083721,1083205,516
75259941,35.695,48.4413,507,32414,0.386161,1,1,1083755,1083248,507
75262861,59.139,34.4883,541,32479,0.197232,0.9,1,1083820,1083279,541
75265781,75.0278,66.0977,546,32544,0.143446,0.89,1,1083899,1083353,546
75268701,35.0056,75.6195,493,32609,0.116689,0.93,1,1083924,1083431,493
75271621,36.6011,36.7239,503,32674,0.0953379,0.87,1,1083961,1083458,503
75274541,30.5202,36.1448,496,32739,0.155068,0.77,1,1083990,1083494,496
75277461,7.70404,35.229,463,32804,0.167014,0.69,1,1083992,1083529,463
75280381,22.3408,33.4458,456,32868,0.169403,0.61,1,1084018,1083562,456
75283301,27.6682,33.8892,451,32932,0.153881,0.41,1,1084047,1083596,451
75286221,72.7336,80.3778,443,32996,0.198776,0.45,1,1084131,1083688,443
75289141,41.7467,42.4756,444,33060,0.175755,0.37,1,1084165,1083721,444
75292061,31.5493,35.6951,439,33124,0.187151,0.15,1,1084194,1083755,439
75294981,50.3099,59.139,429,33188,0.17343,0.13,1,1084249,1083820,429
75297901,70.862,75.0278,426,33252,0.186686,0.11,1,1084325,1083899,426
75300821,36.5724,35.0056,429,33316,0.205337,0.09,1,1084353,1083924,429
75303741,36.1145,36.6011,428,33379,0.241067,0.17,1,1084389,1083961,428
75306661,32.0229,30.5202,430,33442,0.232213,0.17,1,1084420,1083990,430
75309581,8.00458,7.70404,430,33505,0.262443,0.17,1,1084422,1083992,430
75312501,20.8009,22.3408,428,33568,0.300489,0.15,1,1084446,1084018,428
75315421,26.5602,27.6682,427,33631,0.292098,0.21,1,1084474,1084047,427
75318341,76.512,72.7336,432,33694,0.40242,0.17,1,1084563,1084131,432
75321261,39.3024,41.7467,428,33757,0.392484,0.19,1,1084593,1084165,428
75324181,33.4605,31.5493,431,33820,0.390497,0.17,1,1084625,1084194,431
75327101,49.8921,50.3099,430,33883,0.406099,0.19,1,1084679,1084249,430
75330021,72.3784,70.862,432,33945,0.48922,0.21,1,1084757,1084325,432
75332941,36.8757,36.5724,432,34007,0.521844,0.25,1,1084785,1084353,432
75335861,37.7751,36.1145,434,34069,0.496369,0.23,1,1084823,1084389,434
75338781,33.155,32.0229,435,34131,0.523274,0.27,1,1084855,1084420,435
75341701,8.23101,8.00458,435,34193,0.496655,0.31,1,1084857,1084422,435
75344621,20.8462,20.8009,435,34255,0.491331,0.31,1,1084881,1084446,435
75347541,26.5692,4.16018,463,34317,0.490266,0.29,1,1084909,1084446,463
75350461,80.5139,23.232,529,34379,0.538053,0.43,1,1085003,1084474,529
75353381,40.1028,75.8464,470,34441,0.547611,0.39,1,1085033,1084563,470
75356301,34.4206,39.1693,473,34502,0.533522,0.39,1,1085066,1084593,473
75359221,50.0841,33.4339,495,34563,0.546704,0.41,1,1085120,1084625,495
75362141,76.4168,49.8868,524,34624,0.565341,0.51,1,1085203,1084679,524
75365061,38.4834,72.3774,475,34685,0.617068,0.53,1,1085232,1084757,475
75367981,36.4967,36.8755,483,34746,0.627414,0.49,1,1085268,1084785,483
75370901,32.8993,37.7751,477,34807,0.629483,0.53,1,1085300,1084823,477
75373821,8.17987,33.155,447,34868,0.629897,0.49,1,1085302,1084855,447
75376741,20.836,8.231,469,34929,0.661979,0.49,1,1085326,1084857,469
75379661,26.5672,20.8462,473,34990,0.668396,0.49,1,1085354,1084881,473
75382581,82.9134,26.5692,542,35050,0.701679,0.55,1,1085451,1084909,542
75385501,40.5827,80.5139,478,35110,0.740336,0.55,1,1085481,1085003,478
75388421,33.7165,40.1028,480,35170,0.748067,0.53,1,1085513,1085033,480
75391341,50.7433,34.4206,502,35230,0.733613,0.55,1,1085568,1085066,502
75394261,77.3487,50.0841,532,35290,0.762723,0.57,2,1085652,1085120,532
75397181,41.0697,76.4168,481,35350,0.816545,0.63,2,1085684,1085203,481
75400101,37.0139,38.4834,488,35410,0.843309,0.63,2,1085720,1085232,488
75403021,33.0028,36.4967,484,35470,0.848662,0.63,2,1085752,1085268,484
75405941,8.20056,32.8993,454,35530,0.849732,0.63,2,1085754,1085300,454
75408861,22.4401,8.17987,478,35589,0.881947,0.67,2,1085780,1085302,478
75411781,28.488,20.836,484,35648,0.888389,0.67,2,1085810,1085326,484
75414701,7.2976,26.5672,458,35707,0.889678,0.71,2,1085812,1085354,458
75417621,78.2595,82.9134,457,35766,0.905936,0.75,2,1085908,1085451,457
75420541,41.2519,40.5827,459,35825,0.925187,0.75,2,1085940,1085481,459
75563621,35,32,516,38610,0.77,1,2,1087872,1087356,516
75566541,29.4,31.2,513,38665,0.77,1,2,1087900,1087387,513
75569461,30.68,39.04,503,38720,0.706,1,1,1087931,1087428,503
75572381,74.936,87.808,489,38775,0.5972,0.97,1,1088017,1087528,489
75575301,35.7872,37.5616,490,38829,0.52744,1,1,1088043,1087553,490
75578221,34.3574,47.5123,474,38883,0.513488,1,1,1088077,1087603,474
75581141,39.6715,34.3025,484,38937,0.510698,0.94,1,1088118,1087634,484
75584061,31.1343,30.0605,484,38991,0.44614,0.99,1,1088147,1087663,484
75586981,27.0269,31.6121,478,39045,0.449228,1,1,1088173,1087695,478
75589901,33.4054,35.9224,476,39099,0.433846,1,1,1088208,1087732,476
75592821,28.2811,32.7845,471,39153,0.382769,0.93,1,1088235,1087764,471
75595741,30.4562,36.9569,464,39207,0.372554,0.85,1,1088266,1087802,464
75598661,31.6912,35.3914,461,39261,0.386511,0.77,1,1088298,1087837,461
75601581,32.7382,35.0783,459,39315,0.389302,0.77,1,1088331,1087872,459
75604501,28.1476,29.4157,458,39369,0.40586,0.69,1,1088358,1087900,458
75607421,27.2295,30.6831,454,39423,0.441172,0.57,1,1088385,1087931,454
75610341,73.4459,74.9366,453,39477,0.464234,0.51,1,1088470,1088017,453
75613261,31.4892,35.7873,448,39530,0.532847,0.51,1,1088491,1088043,448
75616181,31.0978,34.3575,445,39583,0.498569,0.51,1,1088522,1088077,445
75619101,36.6196,39.6715,442,39636,0.491714,0.43,1,1088560,1088118,442
75622021,32.1239,31.1343,444,39689,0.506343,0.45,1,1088591,1088147,444
75624941,24.8248,27.0269,441,39742,0.541269,0.43,1,1088614,1088173,441
75627861,32.165,33.4054,440,39795,0.564254,0.37,1,1088648,1088208,440
75630781,26.433,28.2811,438,39848,0.600851,0.37,1,1088673,1088235,438
75633701,31.6866,30.4562,440,39901,0.68817,0.39,1,1088706,1088266,440
75636621,31.1373,31.6912,439,39954,0.657634,0.39,1,1088737,1088298,439
75639541,34.2275,32.7382,441,40007,0.683527,0.41,1,1088772,1088331,441
75642461,27.6455,28.1476,440,40060,0.656705,0.41,1,1088798,1088358,440
75645381,28.7291,5.62953,469,40113,0.635341,0.45,1,1088827,1088358,469
75648301,74.5458,22.7259,528,40166,0.679068,0.47,1,1088913,1088385,528
75651221,34.1092,72.5452,467,40219,0.703814,0.55,1,1088937,1088470,467
75654141,29.2218,31.309,474,40271,0.708763,0.49,1,1088965,1088491,474
75657061,37.8444,31.0618,483,40323,0.709753,0.49,1,1089005,1088522,483
75659981,32.3689,36.6124,476,40375,0.709951,0.51,1,1089036,1088560,476
75662901,27.2738,32.1225,471,40427,0.72599,0.55,1,1089062,1088591,471
75665821,33.4548,24.8245,483,40479,0.713198,0.57,1,1089097,1088614,483
75668741,29.091,32.1649,477,40531,0.71064,0.61,1,1089125,1088648,477
75671661,33.8182,26.433,487,40583,0.758128,0.71,2,1089160,1088673,487
75674581,30.7636,31.6866,484,40635,0.767626,0.65,2,1089190,1088706,484
75677501,34.1527,31.1373,488,40687,0.753525,0.69,2,1089225,1088737,488
75680421,27.6305,34.2275,479,40739,0.766705,0.65,2,1089251,1088772,479
75683341,29.5261,27.6455,483,40791,0.785341,0.63,2,1089281,1088798,483
75686261,76.3052,28.7291,542,40843,0.821068,0.69,2,1089369,1088827,542
75689181,34.461,74.5458,480,40895,0.892214,0.71,2,1089393,1088913,480
75692101,29.2922,34.1092,484,40947,0.906443,0.71,2,1089421,1088937,484
75695021,37.8584,29.2218,496,40999,0.909289,0.71,2,1089461,1088965,496
75697941,32.3717,37.8444,487,41050,0.893858,0.71,2,1089492,1089005,487
75700861,28.0743,32.3689,483,41101,0.874771,0.73,2,1089519,1089036,483
75703781,32.8149,27.2738,491,41152,0.870954,0.71,2,1089553,1089062,491
75706701,30.563,33.4548,486,41203,0.886191,0.71,2,1089583,1089097,486
75709621,34.9126,29.091,494,41254,0.921238,0.77,2,1089619,1089125,494
75867301,94,90,500,19925,0.57,1,1,1091579,1091079,500
75870221,93.2,64.4,535,20031,0.458,1,1,1091672,1091137,535
75873141,109.84,118.48,517,20137,0.2916,1,1,1091786,1091269,517
75876061,87.568,83.696,524,20242,0.22632,1,1,1091868,1091344,524
75878981,35.1136,68.7392,481,20347,0.197264,0.88,1,1091890,1091409,481
75881901,47.8227,28.1478,514,20451,0.175453,0.83,1,1091941,1091427,514
75884821,79.1645,52.0296,543,20555,0.203091,0.57,1,1092028,1091485,543
75887741,85.4329,85.6059,536,20658,0.160618,0.43,1,1092115,1091579,536
75890661,100.287,91.5212,547,20761,0.200124,0.25,1,1092219,1091672,547
75893581,83.2573,109.504,512,20863,0.288025,0.21,1,1092298,1091786,512
75896501,32.6515,87.5008,450,20965,0.321605,0.19,1,1092318,1091868,450
75899421,8.13029,35.1002,430,21066,0.328321,0.17,1,1092320,1091890,430
75902341,42.4261,47.82,430,21167,0.345664,0.21,1,1092371,1091941,430
75905261,78.0852,79.164,430,21267,0.365133,0.15,1,1092458,1092028,430
75908181,84.417,85.4328,429,21367,0.401027,0.21,1,1092544,1092115,429
75911101,103.283,100.287,433,21466,0.504205,0.31,1,1092652,1092219,433
75914021,87.8567,83.2573,438,21565,0.524841,0.33,1,1092736,1092298,438
75916941,33.5713,32.6515,438,21663,0.528968,0.33,1,1092756,1092318,438
75919861,8.31427,8.13029,438,21761,0.529794,0.35,1,1092758,1092320,438
75922781,43.2629,42.4261,439,21858,0.545959,0.37,1,1092810,1092371,439
75925701,79.0526,78.0852,440,21955,0.597192,0.41,1,1092898,1092458,440
75928621,84.6105,84.417,440,22052,0.639438,0.53,1,1092984,1092544,440
75931541,108.122,103.283,446,22148,0.679888,0.53,1,1093098,1092652,446
75934461,88.8244,87.8567,446,22244,0.687978,0.53,1,1093182,1092736,446
75937381,33.7649,33.5713,446,22339,0.705595,0.53,1,1093202,1092756,446
75940301,8.35298,8.31427,446,22434,0.709119,0.55,1,1093204,1092758,446
75943221,44.0706,43.2629,447,22529,0.741824,0.55,1,1093257,1092810,447
75946141,82.4141,8.65257,539,22623,0.748365,0.61,1,1093349,1092810,539
75949061,85.2828,72.1305,537,22717,0.749673,0.65,1,1093435,1092898,537
75951981,111.457,83.2261,569,22810,0.797935,0.69,2,1093553,1092984,569
75954901,90.2913,107.845,540,22903,0.823587,0.69,2,1093638,1093098,540
75957821,34.0583,88.769,476,22996,0.860717,0.71,2,1093658,1093182,476
75960741,8.41165,33.7538,458,23088,0.868143,0.71,2,1093660,1093202,458
75963661,44.0823,8.35076,509,23180,0.917629,0.75,2,1093713,1093204,509
75966581,84.0165,44.0702,550,23271,0.927526,0.75,2,1093807,1093257,550
76051261,25,21,505,25781,0.59,1,1,1095587,1095082,505
76054181,31.4,26.6,510,25863,0.558,1,1,1095620,1095110,510
76057101,91.88,30.92,585,25945,0.3436,1,1,1095727,1095142,585
76060021,39.176,88.584,508,26027,0.26872,1,1,1095753,1095245,508
76062941,41.4352,42.5168,519,26108,0.125744,1,1,1095795,1095276,519
76065861,91.487,50.1034,571,26189,0.0971488,1,1,1095899,1095328,571
76068781,92.6974,89.2207,565,26270,0.0274298,0.81,1,1095992,1095427,565
76071701,40.1395,98.6441,491,26351,0.045486,0.79,1,1096019,1095528,491
76074621,23.2279,46.9288,476,26431,0.0490972,0.59,1,1096038,1095562,476
76077541,23.8456,29.3858,475,26511,0.0498194,0.55,1,1096062,1095587,475
76080461,83.9691,32.2772,541,26591,0.113964,0.29,1,1096161,1095620,541
76083381,34.3938,92.0554,456,26671,0.110793,0.25,1,1096183,1095727,456
76086301,40.4788,39.2111,472,26750,0.174159,0.09,1,1096225,1095753,472
76089221,84.8958,41.4422,526,26829,0.122832,0.09,1,1096321,1095795,526
76092141,90.5791,91.4884,514,26908,0.160566,0.01,1,1096413,1095899,514
76095061,19.7158,92.6977,423,26987,0.168113,0.05,1,1096415,1095992,423
76097981,25.5432,40.1395,423,27065,0.121623,0.05,1,1096442,1096019,423
76100901,21.1086,23.2279,424,27143,0.128325,0.05,1,1096462,1096038,424
76103821,24.2217,23.8456,425,27221,0.177665,0.13,1,1096487,1096062,425
76106741,86.4443,83.9691,428,27299,0.171533,0.11,1,1096589,1096161,428
76109661,34.0889,34.3938,427,27377,0.186307,0.19,1,1096610,1096183,427
76112581,42.0178,40.4788,429,27454,0.189261,0.11,1,1096654,1096225,429
76115501,85.2036,84.8958,429,27531,0.253852,0.17,1,1096750,1096321,429
76118421,89.8407,90.5791,428,27608,0.29877,0.17,1,1096841,1096413,428
76121341,19.5681,19.7158,428,27685,0.339754,0.11,1,1096843,1096415,428
76124261,24.7136,25.5432,427,27761,0.331951,0.13,1,1096869,1096442,427
76127181,23.3427,21.1086,430,27837,0.34639,0.19,1,1096892,1096462,430
76130101,23.8685,24.2217,429,27913,0.381278,0.17,1,1096916,1096487,429
76133021,85.5737,86.4443,428,27989,0.436256,0.19,1,1097017,1096589,428
76135941,35.5147,34.0889,430,28065,0.463251,0.19,1,1097040,1096610,430
76138861,43.1029,42.0178,431,28140,0.46865,0.27,1,1097085,1096654,431
76141781,89.4206,85.2036,436,28215,0.50173,0.31,1,1097186,1096750,436
76144701,91.4841,89.8407,437,28290,0.556346,0.35,1,1097278,1096841,437
76147621,19.8968,19.5681,437,28365,0.567269,0.35,1,1097280,1096843,437
76150541,24.7794,3.91363,463,28440,0.537454,0.33,1,1097306,1096843,463
76153461,24.1559,21.5827,461,28514,0.547491,0.35,1,1097330,1096869,461
76156381,26.4312,22.7165,465,28588,0.597498,0.39,1,1097357,1096892,465
76159301,87.6862,23.7433,544,28662,0.5915,0.45,1,1097460,1096916,544
76162221,35.9372,85.5487,466,28736,0.6063,0.47,1,1097483,1097017,466
76165141,43.9874,35.5097,489,28810,0.60926,0.47,1,1097529,1097040,489
76168061,89.5975,43.1019,545,28883,0.625852,0.51,1,1097630,1097085,545
76170981,93.9195,89.4204,539,28956,0.66117,0.57,1,1097725,1097186,539
76173901,20.3839,91.4841,449,29029,0.668234,0.57,1,1097727,1097278,449
76176821,24.8768,19.8968,473,29102,0.669647,0.53,1,1097753,1097280,473
76179741,24.9754,24.7794,472,29175,0.653929,0.55,1,1097778,1097306,472
76182661,27.3951,24.1559,476,29248,0.666786,0.61,1,1097806,1097330,476
76185581,88.679,26.4312,553,29320,0.685357,0.59,1,1097910,1097357,553
76188501,36.9358,87.6862,474,29392,0.689071,0.61,1,1097934,1097460,474
76191421,45.7872,35.9372,499,29464,0.721814,0.61,1,1097982,1097483,499
76194341,89.9574,43.9874,554,29536,0.792363,0.63,2,1098083,1097529,554
76197261,94.7915,89.5975,549,29608,0.854473,0.67,2,1098179,1097630,549
76200181,20.5583,93.9195,456,29679,0.866894,0.67,2,1098181,1097725,456
76203101,24.9117,20.3839,480,29750,0.885379,0.67,2,1098207,1097727,480
76206021,24.1823,24.8768,478,29821,0.889076,0.65,2,1098231,1097753,478
76208941,6.43647,24.9754,455,29892,0.889815,0.67,2,1098233,1097778,455
76211861,23.6873,27.3951,455,29963,0.889963,0.69,2,1098261,1097806,455
76337421,56,226,477,14175,0.11,0.41,1,1100567,1100090,477
76340341,47.2,87.6,469,14325,0.062,0.33,1,1100612,1100143,469
76343261,64.64,57.52,488,14473,0.1324,0.17,1,1100681,1100193,488
76344721,180.928,66.704,629,14620,0.30648,0.07,1,1100891,1100262,629
76347641,72.1856,212.541,425,14765,0.309296,0.11,1,1100936,1100511,425
76350561,59.2371,87.3082,425,14909,0.357859,0.05,1,1100992,1100567,425
76353481,48.6474,53.4616,426,15051,0.383572,0.15,1,1101038,1100612,426
76356401,67.3295,65.8923,429,15192,0.452714,0.15,1,1101110,1100681,429
76357861,174.266,13.1785,630,15332,0.450543,0.35,1,1101311,1100681,630
76360781,83.6532,170.636,481,15471,0.466109,0.31,1,1101372,1100891,481
76363701,63.9306,70.1271,495,15608,0.501222,0.37,1,1101431,1100936,495
76366621,50.3861,58.8254,486,15744,0.492244,0.39,1,1101478,1100992,486
76369541,69.2772,48.5651,514,15879,0.506449,0.47,1,1101552,1101038,514
76371001,174.655,67.313,643,16013,0.54129,0.45,1,1101753,1101110,643
76373921,85.3311,174.263,505,16146,0.596258,0.47,1,1101816,1101311,505
76376841,65.8662,83.6525,505,16278,0.655252,0.51,1,1101877,1101372,505
76379761,49.9732,63.9305,492,16408,0.68305,0.49,1,1101923,1101431,492
76382681,69.9946,50.3861,520,16537,0.72061,0.51,1,1101998,1101478,520
76384141,174.799,69.2772,647,16665,0.776122,0.55,2,1102199,1101552,647
76387061,38.9598,174.655,451,16792,0.803224,0.61,2,1102204,1101753,451
76389981,59.792,85.3311,453,16918,0.824645,0.67,2,1102269,1101816,453
76392901,62.3584,65.8662,455,17043,0.812929,0.69,2,1102332,1101877,455
76395821,51.6717,49.9732,458,17168,0.826586,0.73,2,1102381,1101923,458
76398741,70.3343,69.9946,458,17292,0.877317,0.79,2,1102456,1101998,458
76473201,58,39,526,20240,0.53,1,1,1104630,1104104,526
76476121,53.2,54.2,520,20345,0.338,1,1,1104682,1104162,520
76479041,65.84,46.84,544,20449,0.1716,1,1,1104751,1104207,544
76481961,57.968,64.568,531,20553,0.09032,1,1,1104807,1104276,531
76484881,166.794,62.5136,663,20656,0.058064,0.84,1,1105001,1104338,663
76487801,56.5587,174.903,489,20759,0.0356128,0.73,1,1105030,1104541,489
76490721,50.5117,59.7805,507,20861,0.0311226,0.53,1,1105079,1104572,507
76493641,39.7023,58.3561,486,20963,0.0302245,0.29,1,1105116,1104630,486
76496561,9.54047,53.2712,436,21064,0.0060449,0.13,1,1105118,1104682,436
76499481,45.9081,65.8542,422,21165,0.089209,0.07,1,1105173,1104751,422
76502401,56.3816,57.9708,425,21265,0.0898418,0.05,1,1105232,1104807,425
76505321,164.876,166.794,423,21365,0.0419684,0.03,1,1105424,1105001,423
76508241,56.1753,56.5588,423,21464,0.0483937,0.03,1,1105453,1105030,423
76511161,49.6351,50.5118,422,21563,0.0336787,0.03,1,1105501,1105079,422
76514081,39.527,39.7024,422,21661,0.0467357,0,1,1105538,1105116,422
76517001,9.5054,9.54047,422,21759,0.0173471,0.11,1,1105540,1105118,422
76519921,48.3011,45.9081,425,21856,0.0114694,0.09,1,1105598,1105173,425
76522841,59.2602,56.3816,428,21953,0.0742939,0.03,1,1105660,1105232,428
76525761,161.452,164.876,423,22050,0.0228588,0.05,1,1105847,1105424,423
76528681,54.6904,56.1753,422,22146,0.0285718,0.03,1,1105875,1105453,422
76531601,51.7381,49.6351,425,22242,0.0457143,0.05,1,1105926,1105501,425
76534521,37.5476,39.527,422,22337,0.0651429,0.01,1,1105960,1105538,422
76537441,9.10952,9.5054,422,22432,0.0690286,0.01,1,1105962,1105540,422
76540361,48.2219,48.3011,422,22527,0.0378057,0.01,1,1106020,1105598,422
76543281,62.4444,9.66022,488,22621,0.0315611,0.09,1,1106086,1105598,488
76546201,158.089,51.532,608,22715,0.0623122,0.01,1,1106268,1105660,608
76549121,55.6178,159.906,451,22808,0.0524624,0.03,1,1106298,1105847,451
76552041,50.3236,54.3813,472,22901,0.0504925,0.05,1,1106347,1105875,472
76554961,38.0647,51.6763,456,22994,0.0340985,0.07,1,1106382,1105926,456
76557881,9.21294,37.5353,424,23086,0.0308197,0.07,1,1106384,1105960,424
76560801,49.0426,9.10705,481,23178,0.0781639,0.03,1,1106443,1105962,481
76563721,61.8085,48.2214,488,23269,0.103633,0.03,1,1106508,1106020,488
76566641,158.762,62.4443,605,23360,0.172727,0.07,1,1106691,1106086,605
76569561,55.7523,158.089,453,23451,0.186545,0.05,1,1106721,1106268,453
76572481,50.3505,55.6178,472,23541,0.221309,0.05,1,1106770,1106298,472
76575401,37.2701,50.3236,457,23631,0.244262,0.03,1,1106804,1106347,457
76578321,9.05402,38.0647,424,23721,0.248852,0.03,1,1106806,1106382,424
76581241,51.4108,9.21294,484,23810,0.24977,0.09,1,1106868,1106384,484
76584161,63.0822,49.0426,491,23899,0.313954,0.11,1,1106934,1106443,491
76587081,14.2164,61.8085,428,23988,0.326791,0.19,1,1106936,1106508,428
76590001,151.643,158.762,431,24076,0.361358,0.19,1,1107122,1106691,431
76592921,54.3287,55.7523,431,24164,0.416272,0.23,1,1107152,1106721,431
76595841,52.4657,50.3505,434,24252,0.411254,0.25,1,1107204,1106770,434
76598761,37.6931,37.2701,434,24339,0.410251,0.25,1,1107238,1106804,434
76601681,9.13863,9.05402,434,24426,0.41005,0.25,1,1107240,1106806,434
76604601,51.4277,51.4108,434,24513,0.44201,0.33,1,1107302,1106868,434
76607521,66.2855,63.0822,438,24599,0.432402,0.33,1,1107372,1106934,438
76610441,14.8571,14.2164,438,24685,0.43048,0.37,1,1107374,1106936,438
76613361,153.371,151.643,440,24771,0.542096,0.43,1,1107562,1107122,440
76616281,55.4743,54.3287,441,24857,0.532419,0.41,1,1107593,1107152,441
76619201,53.4949,52.4657,442,24942,0.562484,0.41,1,1107646,1107204,442
76622121,37.899,37.6931,442,25027,0.552497,0.41,1,1107680,1107238,442
76625041,9.17979,9.13863,442,25112,0.582499,0.45,1,1107682,1107240,442
76627961,53.836,51.4277,445,25196,0.5565,0.43,1,1107747,1107302,445
76630881,65.1672,66.2855,443,25280,0.5673,0.43,1,1107815,1107372,443
76633801,14.6334,14.8571,443,25364,0.60146,0.57,1,1107817,1107374,443
76636721,157.327,153.371,448,25448,0.640292,0.57,1,1108010,1107562,448
76639641,55.4653,30.6743,478,25531,0.632058,0.53,1,1108040,1107562,478
76642561,53.4931,30.9349,500,25614,0.662412,0.57,1,1108093,1107593,500
76645481,39.4986,48.587,483,25697,0.700482,0.55,1,1108129,1107646,483
76648401,9.49972,36.9174,451,25779,0.708096,0.59,1,1108131,1107680,451
76651321,53.0999,8.98348,513,25861,0.693619,0.55,1,1108195,1107682,513
76654241,66.62,53.7967,518,25943,0.722724,0.57,1,1108265,1107747,518
76657161,14.924,65.1593,452,26025,0.728545,0.61,1,1108267,1107815,452
76660081,158.185,14.6319,644,26106,0.841709,0.65,2,1108461,1107817,644
76663001,56.437,157.326,482,26187,0.880342,0.63,2,1108492,1108010,482
76665921,55.2874,55.4653,507,26268,0.904068,0.67,2,1108547,1108040,507
76668841,39.8575,53.4931,490,26349,0.940814,0.71,2,1108583,1108093,490
76909741,36,38,521,32343,0.83,1,2,1112844,1112323,521
76912661,34.4,45.2,508,32408,0.83,0.97,2,1112878,1112370,508
76915581,35.68,29.04,519,32473,0.766,1,2,1112914,1112395,519
76918501,31.136,28.208,521,32538,0.7852,1,2,1112944,1112423,521
76921421,34.2272,34.4416,520,32603,0.88504,0.91,2,1112979,1112459,520
76924341,19.6454,38.8883,496,32668,0.905008,0.89,2,1112995,1112499,496
76927261,34.3291,27.7777,509,32733,0.909002,0.99,2,1113033,1112524,509
76930181,22.8658,36.7555,490,32798,0.8778,0.94,2,1113053,1112563,490
76933101,15.7732,35.3511,469,32862,0.90356,0.85,2,1113067,1112598,469
76936021,139.155,143.87,468,32926,0.940712,0.79,2,1113237,1112769,468
76938941,56.6309,59.974,465,32990,0.948142,0.83,2,1113273,1112808,465
77105381,44,35,494,36464,0.67,1,1,1115698,1115204,494
77108301,35.2,28.6,500,36522,0.59,1,1,1115731,1115231,500
77111221,36.64,32.92,503,36580,0.558,1,1,1115768,1115265,503
77114141,20.928,33.784,486,36638,0.5356,1,1,1115785,1115299,486
77117061,29.7856,32.3568,486,36696,0.48312,1,1,1115817,1115331,486
77119981,31.5571,28.8714,490,36754,0.472624,1,1,1115849,1115359,490
77122901,35.1114,32.9743,492,36811,0.454525,1,1,1115885,1115393,492
77125821,27.0223,34.5949,482,36868,0.450905,0.93,1,1115910,1115428,482
77128741,26.2045,31.719,477,36925,0.466181,1,1,1115936,1115459,477
77131661,12.4409,13.5438,477,36982,0.453236,0.71,1,1115945,1115468,477
77134581,104.088,121.109,456,37039,0.498647,0.71,1,1116072,1115616,456
77137501,51.2176,54.6218,456,37096,0.475729,0.67,1,1116110,1115654,456
77140421,41.4435,46.1244,451,37153,0.471146,0.67,1,1116149,1115698,451
77143341,34.6887,9.22487,484,37210,0.470229,0.57,1,1116182,1115698,484
77146261,35.7377,28.245,487,37267,0.486046,0.55,1,1116218,1115731,487
77149181,18.3475,35.249,464,37324,0.457209,0.53,1,1116232,1115768,464
77152101,25.2695,20.6498,474,37381,0.483442,0.47,1,1116259,1115785,474
77155021,27.4539,29.73,470,37438,0.488688,0.47,1,1116287,1115817,470
77157941,34.2908,31.546,474,37494,0.521738,0.45,1,1116323,1115849,474
77160861,29.2582,35.1092,466,37550,0.464348,0.45,1,1116351,1115885,466
77163781,27.4516,27.0218,468,37606,0.45287,0.47,1,1116378,1115910,468
77166701,12.6903,26.2044,451,37662,0.466574,0.45,1,1116387,1115936,451
77169621,105.738,12.4409,571,37718,0.565315,0.51,1,1116516,1115945,571
77172541,49.9476,104.088,480,37774,0.585063,0.47,1,1116552,1116072,480
77175461,41.9895,51.2176,482,37830,0.653013,0.47,1,1116592,1116110,482
77178381,35.5979,41.4435,477,37886,0.634603,0.47,1,1116626,1116149,477
77181301,35.1196,34.6887,479,37942,0.72692,0.49,1,1116661,1116182,479
77184221,18.2239,35.7377,457,37998,0.761384,0.45,2,1116675,1116218,457
77187141,26.8448,18.3475,472,38054,0.784277,0.49,2,1116704,1116232,472
77190061,26.169,25.2695,471,38110,0.788855,0.49,2,1116730,1116259,471
77192981,34.0338,27.4539,479,38165,0.789771,0.53,2,1116766,1116287,479
77195901,29.2068,34.2908,471,38220,0.789954,0.45,2,1116794,1116323,471
77198821,27.4414,29.2582,470,38275,0.837991,0.45,2,1116821,1116351,470
77201741,13.4883,27.4516,453,38330,0.847598,0.47,2,1116831,1116378,453
77204661,110.698,12.6903,579,38385,0.91352,0.59,2,1116966,1116387,579
77768221,38,32,520,47837,0.69,1,1,1123555,1123035,520
77771141,32.4,36.8,513,47881,0.642,1,1,1123586,1123073,513
77772601,34.48,36.96,511,47925,0.5364,1,1,1123621,1123110,511
77822241,386.896,444.192,440,21900,0.14728,0.19,1,1124096,1123656,440
77825161,137.379,140.838,450,21997,0.085456,0,1,1124171,1123721,450
77828081,52.2758,68.9677,430,22093,0.0410912,0.03,1,1124202,1123772,430
77831001,63.2552,49.7935,451,22189,0.00821824,0.01,1,1124268,1123817,451
77833921,88.651,85.9587,451,22285,0.0576436,0.03,1,1124363,1123912,451
77836841,74.5302,66.7917,460,22380,0.0515287,0.11,1,1124434,1123974,460
77839761,60.506,62.9583,455,22475,0.0503057,0.07,1,1124491,1124036,455
77842681,25.7012,38.1917,440,22569,0.0820611,0.05,1,1124508,1124068,440
77845601,74.7402,30.0383,499,22663,0.168412,0.07,1,1124595,1124096,499
77848521,37.348,66.0077,452,22757,0.121682,0.03,1,1124623,1124171,452
77851441,61.0696,38.0015,488,22850,0.0243365,0,1,1124690,1124202,488
77854361,89.8139,60.4003,519,22943,0.0288673,0.07,1,1124787,1124268,519
77857281,73.1628,88.0801,493,23035,0.0457735,0.05,1,1124856,1124363,493
77860201,61.0326,74.416,480,23127,0.0331547,0.05,1,1124914,1124434,480
77863121,30.6065,60.4832,446,23219,0.0306309,0.09,1,1124937,1124491,446
77866041,76.5213,25.6966,517,23310,0.0781262,0.19,1,1125025,1124508,517
77868961,32.9043,74.7393,452,23401,0.119625,0.11,1,1125047,1124595,452
77871881,57.7809,37.3479,488,23492,0.0959251,0,1,1125111,1124623,488
77874801,89.9562,61.0696,519,23582,0.043185,0.03,1,1125209,1124690,519
77877721,73.1912,89.8139,491,23672,0.016637,0.05,1,1125278,1124787,491
77880641,60.2382,73.1628,479,23762,0.0273274,0.03,1,1125335,1124856,479
77883561,31.2476,61.0326,445,23851,0.0294655,0.03,1,1125359,1124914,445
77886481,79.0495,30.6065,513,23940,0.0618931,0.09,1,1125450,1124937,513
77889401,17.4099,76.5213,427,24029,0.0683786,0.13,1,1125452,1125025,427
77892321,21.882,32.9043,428,24117,0.0696757,0.09,1,1125475,1125047,428
77895241,52.3764,57.7809,424,24205,0.133935,0.03,1,1125535,1125111,424
77898161,88.0753,89.9562,423,24293,0.082787,0.01,1,1125632,1125209,423
77901081,72.8151,73.1912,423,24380,0.0565574,0.03,1,1125701,1125278,423
77904001,60.163,60.2382,423,24467,0.0513115,0.03,1,1125758,1125335,423
77906921,31.2326,31.2476,423,24554,0.0182623,0.07,1,1125782,1125359,423
77909841,81.4465,79.0495,426,24640,0.0756525,0.07,1,1125876,1125450,426
77912761,17.8893,17.4099,426,24726,0.0871305,0.07,1,1125878,1125452,426
77915681,21.9779,21.882,426,24812,0.105426,0.15,1,1125901,1125475,426
77918601,55.5956,52.3764,430,24897,0.0930852,0.07,1,1125965,1125535,430
77921521,84.7191,88.0753,425,24982,0.106617,0.05,1,1126057,1125632,425
77924441,69.7438,72.8151,422,25067,0.125323,0.05,1,1126123,1125701,422
77927361,59.5488,60.163,422,25152,0.0810647,0.01,1,1126180,1125758,422
77930281,31.9098,31.2326,423,25236,0.0562129,0.09,1,1126205,1125782,423
77933201,83.9819,81.4465,426,25320,0.0832426,0.09,1,1126302,1125876,426
77936121,18.3964,17.8893,426,25404,0.0886485,0.11,1,1126304,1125878,426
77939041,22.0793,21.9779,426,25487,0.12173,0.11,1,1126327,1125901,426
77941961,53.2159,4.39557,487,25570,0.160346,0.09,1,1126388,1125901,487
77944881,85.0432,52.0791,516,25653,0.264069,0.11,1,1126481,1125965,516
77947801,70.6086,84.0158,491,25736,0.316814,0.13,1,1126548,1126057,491
77950721,57.3217,69.6032,479,25818,0.327363,0.07,1,1126602,1126123,479
77953641,30.6643,59.5206,446,25900,0.329473,0.05,1,1126626,1126180,446
77956561,86.9329,31.9041,522,25982,0.377895,0.09,1,1126727,1126205,522
77959481,18.9866,83.9808,427,26064,0.387579,0.09,1,1126729,1126302,427
77962401,23.7973,18.3962,450,26145,0.373516,0.13,1,1126754,1126304,450
77965321,55.9595,22.0792,491,26226,0.418703,0.17,1,1126818,1126327,491
77968241,89.5919,53.2158,528,26307,0.491741,0.29,1,1126916,1126388,528
77971161,73.1184,85.0432,504,26388,0.538348,0.33,1,1126985,1126481,504
77974081,57.8237,70.6086,491,26468,0.56367,0.33,1,1127039,1126548,491
77977001,30.7647,57.3217,461,26548,0.568734,0.33,1,1127063,1126602,461
77979921,89.353,30.6643,541,26628,0.601747,0.39,1,1127167,1126626,541
77982841,19.4706,86.9329,442,26708,0.608349,0.39,1,1127169,1126727,442
77985761,23.0941,18.9866,464,26787,0.60967,0.37,1,1127193,1126729,464
77988681,56.6188,23.7973,504,26866,0.625934,0.43,1,1127258,1126754,504
77991601,12.9238,55.9595,442,26945,0.629187,0.51,1,1127260,1126818,442
77994521,84.9848,89.5919,447,27024,0.693837,0.55,1,1127363,1126916,447
77997441,73.7969,73.1184,449,27102,0.786767,0.57,2,1127434,1126985,449
78000361,58.7594,57.8237,450,27180,0.821354,0.57,2,1127489,1127039,450
78003281,30.9519,30.7647,450,27258,0.796271,0.61,2,1127513,1127063,450
78006201,90.9904,89.353,452,27336,0.791254,0.61,2,1127619,1127167,452
78009121,19.7981,19.4706,452,27413,0.790251,0.61,2,1127621,1127169,452
78012041,23.1596,23.0941,452,27490,0.79005,0.63,2,1127645,1127193,452
78014961,57.4319,56.6188,453,27567,0.82201,0.63,2,1127711,1127258,453
78017881,13.0864,12.9238,453,27644,0.828402,0.71,2,1127713,1127260,453
78020801,89.8173,84.9848,459,27721,0.79768,0.81,2,1127822,1127363,459
78023721,77.1635,73.7969,462,27797,0.839536,0.83,2,1127896,1127434,462
78026641,58.6327,58.7594,461,27873,0.847907,0.79,2,1127950,1127489,461
78029561,30.9265,30.9519,461,27949,0.865581,0.79,2,1127974,1127513,461
78032481,90.9853,90.9904,461,28025,0.837116,0.79,2,1128080,1127619,461
78035401,19.7971,19.7981,461,28101,0.831423,0.79,2,1128082,1127621,461
78038321,23.1594,23.1596,461,28176,0.862285,0.83,2,1128106,1127645,461
78041241,59.0319,57.4319,463,28251,0.884457,0.83,2,1128174,1127711,463
78044161,13.4064,13.0864,463,28326,0.888891,0.79,2,1128176,1127713,463
78158041,59,87,477,31107,0.73,1,1,1130177,1129700,477
78160961,88.6,90.2,482,31175,0.602,1,1,1130273,1129791,482
78163881,50.52,46.84,487,31243,0.5444,0.85,1,1130314,1129827,487
78166801,25.304,31.768,478,31311,0.48488,0.85,1,1130333,1129855,478
78169721,30.6608,6.3536,510,31379,0.440976,1,1,1130365,1129855,510
78172641,86.1322,36.4707,566,31446,0.480195,0.88,1,1130465,1129899,566
78175561,47.6264,90.4941,500,31513,0.488039,0.91,1,1130503,1130003,500
78178481,31.1253,47.6988,490,31580,0.441608,0.89,1,1130530,1130040,490
78181401,23.8251,32.7398,483,31647,0.416322,0.87,1,1130552,1130069,483
78184321,29.565,25.748,490,31714,0.443264,0.79,1,1130583,1130093,490
78187241,45.913,25.1496,515,31781,0.416653,0.73,1,1130633,1130118,515
78190161,77.1826,52.2299,541,31848,0.411331,0.57,1,1130718,1130177,541
78193081,48.2365,87.246,486,31914,0.458266,0.53,1,1130759,1130273,486
78196001,24.0473,50.2492,463,31980,0.467653,0.47,1,1130777,1130314,463
78198921,32.0095,25.2498,478,32046,0.469531,0.43,1,1130811,1130333,478
78201841,84.0019,30.65,543,32112,0.549906,0.49,1,1130908,1130365,543
78204761,47.2004,86.13,481,32178,0.613981,0.49,1,1130946,1130465,481
78207681,29.4401,47.626,468,32244,0.610796,0.43,1,1130971,1130503,468
78210601,24.288,31.1252,464,32310,0.626159,0.41,1,1130994,1130530,464
78213521,29.6576,23.825,473,32375,0.613232,0.45,1,1131025,1130552,473
78216441,45.1315,29.565,491,32440,0.642646,0.41,1,1131074,1130583,491
78219361,77.0263,45.913,526,32505,0.680529,0.41,1,1131159,1130633,526
78222281,50.6053,77.1826,485,32570,0.720106,0.47,1,1131203,1130718,485
78225201,24.5211,48.2365,462,32635,0.728021,0.47,1,1131221,1130759,462
78228121,33.7042,24.0473,480,32700,0.745604,0.47,1,1131257,1130777,480
78231041,86.7408,32.0095,546,32765,0.829121,0.57,2,1131357,1130811,546
78233961,18.9482,84.0019,451,32830,0.861824,0.63,2,1131359,1130908,451
78236881,35.7896,47.2004,453,32894,0.868365,0.61,2,1131399,1130946,453
78239801,26.3579,29.4401,452,32958,0.885673,0.63,2,1131423,1130971,452
78242721,24.4716,24.288,453,33022,0.921135,0.61,2,1131447,1130994,453
78245641,28.8943,29.6576,452,33086,0.896227,0.65,2,1131477,1131025,452
78248561,46.5789,45.1315,454,33150,0.923245,0.69,2,1131528,1131074,454
78251481,78.9158,77.0263,456,33214,0.944649,0.73,2,1131615,1131159,456
78400401,37,31,511,36317,0.49,1,1,1133794,1133283,511
78403321,29,30.2,508,36375,0.442,1,1,1133821,1133313,508
78406241,22.6,30.04,499,36433,0.3364,1,1,1133842,1133343,499
78409161,30.12,29.208,502,36491,0.36328,1,1,1133874,1133372,502
78412081,30.024,16.2416,519,36549,0.352656,1,1,1133904,1133385,519
78415001,29.2048,28.8483,516,36607,0.334531,0.99,1,1133933,1133417,516
78417921,41.841,72.1697,478,36665,0.330906,1,1,1133978,1133500,478
78420841,57.1682,61.6339,480,36723,0.234181,0.99,1,1134039,1133559,480
78423761,25.8336,33.9268,471,36781,0.246836,1,1,1134057,1133586,471
78426681,17.9667,22.7854,467,36838,0.265367,0.67,1,1134073,1133606,467
78429601,89.1933,101.357,453,36895,0.285073,0.63,1,1134180,1133727,453
78432521,38.6387,44.2714,449,36952,0.321015,0.49,1,1134206,1133757,449
78435441,33.3277,38.4543,444,37009,0.296203,0.43,1,1134238,1133794,444
78438361,26.6655,29.2909,442,37066,0.323241,0.31,1,1134263,1133821,442
78441281,19.7331,22.6582,439,37123,0.344648,0.37,1,1134281,1133842,439
78444201,27.1466,30.1316,436,37180,0.38093,0.37,1,1134310,1133874,436
78447121,29.4293,6.02633,466,37237,0.388186,0.35,1,1134340,1133874,466
78450041,31.4859,25.2053,468,37294,0.389637,0.33,1,1134372,1133904,468
78452961,37.4972,28.2411,478,37351,0.389927,0.33,1,1134411,1133933,478
78455881,57.0994,41.6482,495,37408,0.389986,0.21,1,1134473,1133978,495
78458801,24.2199,57.1296,450,37464,0.389997,0.25,1,1134489,1134039,450
78461721,16.044,25.8259,446,37520,0.389999,0.27,1,1134503,1134057,446
78464641,92.8088,17.9652,542,37576,0.406,0.29,1,1134615,1134073,542
78467561,39.3618,89.193,461,37632,0.4252,0.33,1,1134641,1134180,461
78470481,33.4724,38.6386,467,37688,0.44504,0.29,1,1134673,1134206,467
78473401,26.6945,33.3277,460,37744,0.481008,0.33,1,1134698,1134238,460
78476321,21.3389,26.6655,455,37800,0.488202,0.35,1,1134718,1134263,455
78479241,29.0678,19.7331,468,37856,0.55364,0.39,1,1134749,1134281,468
78482161,30.6136,27.1466,470,37912,0.518728,0.39,1,1134780,1134310,470
78485081,31.7227,29.4293,472,37968,0.527746,0.39,1,1134812,1134340,472
78488001,37.5445,31.4859,479,38024,0.577549,0.39,1,1134851,1134372,479
78490921,57.1089,37.4972,502,38080,0.60351,0.39,1,1134913,1134411,502
78493841,24.2218,57.0994,456,38135,0.608702,0.39,1,1134929,1134473,456
78496761,16.0444,24.2199,454,38190,0.60974,0.39,1,1134943,1134489,454
78499681,93.6089,16.044,553,38245,0.657948,0.41,1,1135056,1134503,553
78502601,41.1218,92.8088,469,38300,0.69959,0.43,1,1135084,1134615,469
78505521,33.8244,39.3618,475,38355,0.723918,0.45,1,1135116,1134641,475
78508441,28.3649,33.4724,470,38410,0.744784,0.49,1,1135143,1134673,470
78511361,23.273,26.6945,467,38465,0.748957,0.49,1,1135165,1134698,467
78514281,29.4546,21.3389,478,38520,0.765791,0.57,2,1135196,1134718,478
78517201,29.8909,29.0678,477,38575,0.769158,0.51,2,1135226,1134749,477
78520121,7.57818,30.6136,448,38630,0.769832,0.53,2,1135228,1134780,448
78523041,27.9156,31.7227,449,38685,0.801966,0.59,2,1135261,1134812,449
78525961,38.3831,37.5445,451,38740,0.824393,0.61,2,1135302,1134851,451
78528881,58.0766,57.1089,452,38795,0.892879,0.61,2,1135365,1134913,452
78531801,24.4153,24.2218,452,38849,0.906576,0.61,2,1135381,1134929,452
78534721,16.0831,16.0444,452,38903,0.877315,0.67,2,1135395,1134943,452
78537641,96.8166,93.6089,456,38957,0.903463,0.71,2,1135512,1135056,456
78736201,36,35,485,42485,0.83,1,2,1137943,1137458,485
78739121,32,29.4,488,42535,0.75,1,2,1137974,1137486,488
78742041,28,25.88,490,42585,0.67,1,1,1138001,1137511,490
78744961,32.8,33.176,489,42635,0.622,1,1,1138035,1137546,489
78747881,38.56,34.6352,494,42684,0.5804,1,1,1138075,1137581,494
78750801,20.512,31.727,479,42733,0.57208,1,1,1138091,1137612,479
78753721,23.3024,22.3454,483,42782,0.474416,1,1,1138115,1137632,483
78756641,27.0605,30.0691,479,42831,0.374883,1,1,1138143,1137664,479
78759561,31.8121,34.8138,476,42880,0.322977,1,1,1138176,1137700,476
78762481,30.3624,32.5628,474,42929,0.248595,1,1,1138206,1137732,474
78765401,31.6725,33.7126,472,42978,0.153719,0.99,1,1138238,1137766,472
78768321,34.3345,37.1425,469,43027,0.150744,0.99,1,1138273,1137804,469
78771241,30.0669,7.4285,498,43076,0.0701488,0.93,1,1138302,1137804,498
78774161,58.0134,28.6857,529,43125,0.0220298,0.83,1,1138367,1137838,529
78777081,38.8027,60.9371,494,43174,0.044406,0.83,1,1138401,1137907,494
78780001,28.5605,40.9874,484,43223,0.0648812,0.73,1,1138427,1137943,484
78782921,27.3121,32.9975,480,43272,0.0369762,0.65,1,1138454,1137974,480
78785841,33.4624,28.1995,488,43321,0.0633952,0.61,1,1138489,1138001,488
78788761,34.6925,32.8399,489,43370,0.036679,0.57,1,1138524,1138035,489
78791681,14.9385,38.568,459,43419,0.0313358,0.57,1,1138534,1138075,459
78794601,19.7877,20.5136,464,43468,0.0622672,0.45,1,1138555,1138091,464
78797521,25.5575,23.3027,467,43517,0.0364534,0.35,1,1138582,1138115,467
78800441,25.1115,27.0605,464,43565,0.0792907,0.31,1,1138607,1138143,464
78803361,26.6223,31.8121,458,43613,0.0398581,0.23,1,1138634,1138176,458
78806281,30.1245,30.3624,459,43661,0.0959716,0.13,1,1138665,1138206,459
78809201,31.6249,31.6725,459,43709,0.0911943,0.15,1,1138697,1138238,459
78812121,27.925,34.3345,451,43757,0.154239,0.05,1,1138724,1138273,451
78815041,58.385,30.0669,488,43805,0.118848,0.01,1,1138790,1138302,488
78817961,38.077,58.0134,456,43853,0.14377,0.05,1,1138823,1138367,456
78820881,28.4154,38.8027,448,43901,0.132754,0.07,1,1138849,1138401,448
78823801,27.2831,28.5605,449,43949,0.0825508,0.03,1,1138876,1138427,449
78826721,35.0566,27.3121,459,43997,0.13651,0.07,1,1138913,1138454,459
78829641,33.4113,33.4624,457,44045,0.115302,0.03,1,1138946,1138489,457
78832561,15.4823,34.6925,433,44093,0.14306,0.03,1,1138957,1138524,433
78835481,19.0965,14.9385,443,44141,0.180612,0.07,1,1138977,1138534,443
78838401,27.0193,19.7877,451,44189,0.172122,0.03,1,1139006,1138555,451
78841321,24.6039,25.5575,448,44237,0.170424,0.09,1,1139030,1138582,448
78844241,26.5208,25.1115,450,44285,0.186085,0.03,1,1139057,1138607,450
78847161,32.5042,26.6223,457,44333,0.237217,0.11,1,1139091,1138634,457
78850081,32.9008,30.1245,459,44381,0.247443,0.09,1,1139124,1138665,459
78853001,29.7802,31.6249,456,44429,0.265489,0.17,1,1139153,1138697,456
78855921,7.55603,27.925,431,44476,0.269098,0.11,1,1139155,1138724,431
78858841,51.9112,58.385,428,44523,0.30182,0.15,1,1139218,1138790,428
78861761,36.7822,38.077,428,44570,0.308364,0.13,1,1139251,1138823,428
78864681,28.1564,28.4154,428,44617,0.277673,0.07,1,1139277,1138849,428
78867601,24.8313,27.2831,425,44664,0.303535,0.15,1,1139301,1138876,425
78870521,38.5663,35.0566,430,44711,0.340707,0.11,1,1139343,1138913,430
78873441,32.5133,33.4113,428,44758,0.332141,0.15,1,1139374,1138946,428
78876361,17.7026,15.4823,431,44805,0.330428,0.19,1,1139388,1138957,431
78879281,19.5405,19.0965,431,44852,0.346086,0.17,1,1139408,1138977,431
78882201,26.3081,27.0193,430,44899,0.381217,0.17,1,1139436,1139006,430
78885121,25.2616,24.6039,431,44946,0.372243,0.19,1,1139461,1139030,431
78888041,28.2523,26.5208,433,44993,0.354449,0.25,1,1139490,1139057,433
78890961,33.6505,32.5042,434,45040,0.33489,0.25,1,1139525,1139091,434
78893881,33.1301,32.9008,434,45087,0.362978,0.27,1,1139558,1139124,434
78896801,31.426,29.7802,436,45134,0.352596,0.27,1,1139589,1139153,436
78899721,7.8852,7.55603,436,45181,0.350519,0.31,1,1139591,1139155,436
78902641,51.977,51.9112,436,45228,0.382104,0.31,1,1139654,1139218,436
78905561,35.9954,36.7822,435,45275,0.372421,0.27,1,1139686,1139251,435
78908481,27.9991,28.1564,435,45322,0.418484,0.31,1,1139712,1139277,435
78911401,25.5998,24.8313,436,45369,0.427697,0.35,1,1139737,1139301,436
78914321,39.52,38.5663,437,45415,0.445539,0.33,1,1139780,1139343,437
78917241,31.904,32.5133,436,45461,0.465108,0.33,1,1139810,1139374,436
78920161,19.9808,17.7026,439,45507,0.453022,0.35,1,1139827,1139388,439
78923081,19.9962,19.5405,439,45553,0.482604,0.39,1,1139847,1139408,439
78926001,26.3992,26.3081,439,45599,0.472521,0.37,1,1139875,1139436,439
78928921,26.0798,25.2616,440,45645,0.486504,0.35,1,1139901,1139461,440
78931841,27.616,28.2523,439,45691,0.521301,0.33,1,1139929,1139490,439
78934761,33.5232,33.6505,439,45737,0.51226,0.37,1,1139964,1139525,439
78937681,32.3046,33.1301,438,45783,0.542452,0.35,1,1139996,1139558,438
78940601,32.0609,31.426,439,45829,0.56449,0.35,1,1140028,1139589,439
78943521,8.01219,7.8852,439,45875,0.568898,0.39,1,1140030,1139591,439
78946441,52.0024,51.977,439,45921,0.60178,0.39,1,1140093,1139654,439
78949361,36.8005,10.3954,472,45967,0.560356,0.37,1,1140126,1139654,472
78952281,28.1601,27.6791,466,46013,0.584071,0.43,1,1140152,1139686,466
78955201,27.232,26.3358,467,46059,0.604814,0.43,1,1140179,1139712,467
78958121,39.0464,25.2672,484,46105,0.640963,0.45,1,1140221,1139737,484
78961041,32.6093,39.4534,472,46151,0.632193,0.47,1,1140252,1139780,472
78963961,20.1219,31.8907,459,46197,0.614439,0.45,1,1140269,1139810,459
78966881,21.6244,19.9781,464,46243,0.642888,0.49,1,1140291,1139827,464
78969801,26.7249,19.9956,472,46289,0.648578,0.47,1,1140319,1139847,472
78972721,26.945,26.3991,471,46335,0.633716,0.49,1,1140346,1139875,471
78975641,27.789,26.0798,473,46381,0.646743,0.53,1,1140374,1139901,473
78978561,33.5578,27.616,480,46426,0.681349,0.51,1,1140409,1139929,480
78981481,33.9116,33.5232,479,46471,0.68827,0.55,1,1140443,1139964,479
78984401,32.3823,32.3046,479,46516,0.705654,0.57,1,1140475,1139996,479
78987321,8.07646,32.0609,449,46561,0.709131,0.57,1,1140477,1140028,449
78990241,53.6153,8.01219,512,46606,0.725826,0.61,1,1140542,1140030,512
78993161,37.9231,52.0024,483,46651,0.745165,0.55,1,1140576,1140093,483
78996081,28.3846,36.8005,476,46696,0.749033,0.59,1,1140602,1140126,476
78999001,28.8769,28.1601,479,46741,0.765807,0.61,2,1140631,1140152,479
79001921,40.1754,27.232,495,46786,0.801161,0.65,2,1140674,1140179,495
79004841,32.0351,39.0464,483,46831,0.808232,0.63,2,1140704,1140221,483
79007761,19.207,32.6093,468,46876,0.809646,0.61,2,1140720,1140252,468
79010681,23.0414,20.1219,475,46921,0.809929,0.65,2,1140744,1140269,475
79013601,27.0083,21.6244,481,46966,0.841986,0.65,2,1140772,1140291,481
79016521,26.2017,26.7249,479,47011,0.848397,0.63,2,1140798,1140319,479
79019441,28.4403,26.945,481,47056,0.881679,0.65,2,1140827,1140346,481
79022361,33.6881,27.789,488,47101,0.920336,0.69,2,1140862,1140374,488
79025281,35.5376,33.5578,489,47146,0.944067,0.69,2,1140898,1140409,489
79280781,66,44,489,23451,0.09,0.63,1,1143907,1143418,489
79283701,60.4,68,474,23541,0.074,0.35,1,1143966,1143492,474
79286621,72.88,79.2,468,23631,0.1028,0.21,1,1144042,1143574,468
79289541,57.776,55.84,472,23721,0.10856,0.09,1,1144096,1143624,472
79292461,25.1552,51.968,438,23810,0.125712,0.07,1,1144113,1143675,438
79295381,32.231,41.5936,433,23899,0.0971424,0.05,1,1144147,1143714,433
79298301,36.0462,29.1187,444,23988,0.0434285,0.09,1,1144184,1143740,444
79301221,73.6092,40.2237,484,24076,0.0486857,0.09,1,1144267,1143783,484
79304141,69.1218,107.245,428,24164,0.0497371,0.07,1,1144335,1143907,428
79307061,60.2244,68.649,427,24252,0.0979474,0.11,1,1144393,1143966,427
79309981,72.8449,74.5298,427,24339,0.123589,0.11,1,1144469,1144042,427
79312901,57.769,58.106,427,24426,0.128718,0.13,1,1144523,1144096,427
79315821,22.7538,25.2212,424,24513,0.0977436,0.09,1,1144537,1144113,424
79318741,33.3508,32.2442,426,24599,0.107549,0.03,1,1144573,1144147,426
79321661,34.6702,36.0488,424,24685,0.14151,0.05,1,1144608,1144184,424
79324581,71.734,73.6098,422,24771,0.180302,0.05,1,1144689,1144267,422
79327501,71.1468,69.122,425,24857,0.26806,0.11,1,1144760,1144335,425
79330421,60.6294,60.2244,425,24942,0.365612,0.13,1,1144818,1144393,425
79333341,73.7259,72.8449,426,25027,0.385122,0.13,1,1144895,1144469,426
79336261,57.9452,57.769,426,25112,0.421025,0.09,1,1144949,1144523,426
79339181,23.589,22.7538,427,25196,0.412205,0.11,1,1144964,1144537,427
79342101,34.3178,33.3508,428,25280,0.394441,0.15,1,1145001,1144573,428
79345021,34.0636,34.6702,427,25364,0.358888,0.19,1,1145035,1144608,427
79347941,73.2127,71.734,429,25448,0.383778,0.19,1,1145118,1144689,429
79350861,77.0425,14.3468,507,25531,0.420756,0.29,1,1145196,1144689,507
79353781,63.4085,59.6694,496,25614,0.492151,0.39,1,1145256,1144760,496
79356701,75.8817,58.3339,517,25697,0.53843,0.39,1,1145335,1144818,517
79359621,58.3763,73.2668,494,25779,0.563686,0.43,1,1145389,1144895,494
79362541,22.8753,57.8534,454,25861,0.568737,0.41,1,1145403,1144949,454
79365461,33.3751,23.5707,475,25943,0.569747,0.39,1,1145439,1144964,475
79368381,33.875,34.3141,472,26025,0.585949,0.35,1,1145473,1145001,472
79371301,74.775,34.0628,523,26106,0.58919,0.39,1,1145558,1145035,523
79374221,80.555,73.2126,522,26187,0.589838,0.43,1,1145640,1145118,522
79377141,65.711,77.0425,506,26268,0.605968,0.51,1,1145702,1145196,506
79380061,77.9422,63.4085,527,26349,0.673194,0.55,1,1145783,1145256,527
79382981,59.5884,75.8817,503,26429,0.686639,0.57,1,1145838,1145335,503
79385901,23.1177,58.3763,463,26509,0.689328,0.57,1,1145852,1145389,463
79388821,33.4235,22.8753,485,26589,0.689866,0.57,1,1145888,1145403,485
79391741,34.6847,33.3751,484,26669,0.705973,0.59,1,1145923,1145439,484
79394661,74.9369,33.875,535,26748,0.741195,0.59,1,1146008,1145473,535
79397581,80.5874,74.775,532,26827,0.796239,0.59,2,1146090,1145558,532
79400501,67.3175,80.555,514,26906,0.775248,0.61,2,1146154,1145640,514
79403421,15.0635,65.711,454,26985,0.77105,0.69,2,1146156,1145702,454
79406341,70.2127,77.9422,457,27063,0.83421,0.69,2,1146240,1145783,457
79409261,57.2425,59.5884,456,27141,0.878842,0.69,2,1146294,1145838,456
79412181,22.6485,23.1177,456,27219,0.855768,0.69,2,1146308,1145852,456
79415101,33.3297,33.4235,456,27297,0.867154,0.71,2,1146344,1145888,456
79418021,35.4659,34.6847,457,27375,0.901431,0.75,2,1146380,1145923,457
79420941,77.4932,74.9369,460,27452,0.908286,0.81,2,1146468,1146008,460
79540661,65,70,481,30453,0.71,1,1,1148609,1148128,481
79543581,41,42,481,30522,0.598,1,1,1148644,1148163,481
79546501,46.6,33.2,498,30591,0.3676,1,1,1148692,1148194,498
79549421,38.92,29.04,507,30660,0.30552,1,1,1148729,1148222,507
79552341,37.384,33.808,509,30729,0.277104,1,1,1148766,1148257,509
79555261,21.0768,37.1616,488,30798,0.335421,1,1,1148783,1148295,488
79558181,60.2154,69.8323,480,30867,0.219084,0.98,1,1148853,1148373,480
79561101,64.0431,72.3665,472,30936,0.259817,0.89,1,1148918,1148446,472
79564021,57.6086,61.6733,469,31004,0.219963,0.87,1,1148974,1148505,469
79566941,33.1217,43.5347,457,31072,0.195993,0.71,1,1149001,1148544,457
79569861,53.0243,60.7069,450,31140,0.239199,0.57,1,1149059,1148609,450
79572781,32.2049,40.1414,442,31208,0.26384,0.31,1,1149086,1148644,442
79575701,43.241,46.4283,440,31276,0.252768,0.31,1,1149132,1148692,440
79578621,38.2482,9.28566,477,31344,0.266554,0.29,1,1149169,1148692,477
79581541,35.6496,31.4571,475,31412,0.253311,0.27,1,1149204,1148729,475
79584461,17.5299,35.8914,451,31479,0.250662,0.35,1,1149217,1148766,451
79587381,60.306,20.7783,505,31546,0.394132,0.19,1,1149288,1148783,505
79590301,60.0612,60.1557,495,31613,0.422826,0.27,1,1149348,1148853,495
79593221,56.0122,64.0311,485,31680,0.444565,0.21,1,1149403,1148918,485
79596141,33.6024,57.6062,457,31747,0.448913,0.19,1,1149431,1148974,457
79599061,53.9205,33.1212,489,31814,0.433783,0.25,1,1149490,1149001,489
79601981,33.9841,53.0243,460,31881,0.414757,0.27,1,1149519,1149059,460
79604901,41.9968,32.2048,477,31947,0.410951,0.25,1,1149563,1149086,477
79607821,40.3994,43.241,471,32013,0.41019,0.27,1,1149603,1149132,471
79610741,36.0799,38.2482,469,32079,0.474038,0.25,1,1149638,1149169,469
79613661,20.816,35.6496,451,32145,0.486808,0.25,1,1149655,1149204,451
79616581,62.5632,17.5299,511,32211,0.441362,0.43,1,1149728,1149217,511
79619501,62.1126,60.306,502,32277,0.480272,0.43,1,1149790,1149288,502
79622421,57.2225,60.0612,498,32343,0.552054,0.45,1,1149846,1149348,498
79625341,33.8445,56.0122,471,32408,0.566411,0.45,1,1149874,1149403,471
79628261,53.1689,33.6024,501,32473,0.601282,0.43,1,1149932,1149431,501
79631181,33.0338,53.9205,470,32538,0.608256,0.41,1,1149960,1149490,470
79634101,41.8068,33.9841,485,32603,0.609651,0.41,1,1150004,1149519,485
79637021,40.3614,41.9968,481,32668,0.60993,0.41,1,1150044,1149563,481
79639941,39.2723,40.3994,480,32733,0.609986,0.49,1,1150083,1149603,480
79642861,9.45445,36.0799,447,32798,0.625997,0.49,1,1150085,1149638,447
79645781,13.0909,20.816,444,32862,0.629199,0.43,1,1150099,1149655,444
79648701,61.8182,62.5632,445,32926,0.72584,0.49,1,1150173,1149728,445
79651621,62.7636,62.1126,446,32990,0.745168,0.57,1,1150236,1149790,446
79654541,60.5527,57.2225,450,33054,0.685034,0.57,1,1150296,1149846,450
79657461,34.5105,33.8445,450,33118,0.673007,0.61,1,1150324,1149874,450
79660381,54.9021,53.1689,452,33182,0.670601,0.61,1,1150384,1149932,452
79663301,33.3804,33.0338,452,33246,0.67012,0.61,1,1150412,1149960,452
79666221,41.8761,41.8068,452,33310,0.670024,0.61,1,1150456,1150004,452
79669141,41.1752,40.3614,453,33373,0.654005,0.61,1,1150497,1150044,453
79672061,39.435,39.2723,453,33436,0.666801,0.63,1,1150536,1150083,453
79674981,9.48701,9.45445,453,33499,0.66936,0.63,1,1150538,1150085,453
79677901,13.0974,13.0909,453,33562,0.701872,0.75,1,1150552,1150099,453
79680821,65.0195,61.8182,457,33625,0.772374,0.75,2,1150630,1150173,457
79683741,63.4039,62.7636,457,33688,0.850475,0.67,2,1150693,1150236,457
79686661,57.4808,60.5527,453,33751,0.882095,0.67,2,1150749,1150296,453
79689581,33.8962,34.5105,453,33814,0.920419,0.67,2,1150777,1150324,453
79850181,49,50,488,37096,0.63,1,1,1153054,1152566,488
79853101,38.6,37.2,490,37153,0.582,1,1,1153090,1152600,490
79856021,46.92,7.44,539,37210,0.3644,1,1,1153139,1152600,539
79858941,38.184,57.488,505,37267,0.27288,1,1,1153175,1152670,505
79861861,47.6368,38.6976,521,37324,0.206576,1,1,1153225,1152704,521
79864781,35.9274,41.3395,512,37381,0.0413152,1,1,1153258,1152746,512
79867701,51.1855,37.8679,530,37438,0.064263,1,1,1153313,1152783,530
79870621,46.2371,53.1736,518,37494,0.0208526,0.96,1,1153358,1152840,518
79873541,31.6474,43.4347,505,37550,0.00417052,0.85,1,1153386,1152881,505
79876461,32.7295,39.8869,499,37606,0.0408341,0.87,1,1153419,1152920,499
79879381,28.1459,37.5774,489,37662,0.0161668,0.77,1,1153446,1152957,489
79882301,19.2292,33.1155,474,37718,0.0592334,0.77,1,1153463,1152989,474
79885221,35.0458,19.4231,497,37774,0.0518467,0.63,1,1153502,1153005,497
79888141,31.8092,43.0846,479,37830,0.0343693,0.57,1,1153533,1153054,479
79891061,40.7618,37.4169,486,37886,0.00687387,0.31,1,1153576,1153090,486
79893981,35.3524,46.6834,471,37942,0.0413748,0.25,1,1153610,1153139,471
79896901,37.4705,38.1367,473,37998,0.032275,0.19,1,1153648,1153175,473
79899821,34.6941,47.6273,457,38054,0.00645499,0,1,1153682,1153225,457
79902741,49.3388,35.9255,477,38110,0.025291,0.07,1,1153735,1153258,477
79905661,46.6678,51.1851,468,38165,0.0290582,0.01,1,1153781,1153313,468
79908581,31.7336,46.237,451,38220,0.0618116,0,1,1153809,1153358,451
79911501,31.9467,31.6474,455,38275,0.100362,0.05,1,1153841,1153386,455
79914421,28.7893,32.7295,450,38330,0.0760725,0.01,1,1153869,1153419,450
79917341,20.1579,28.1459,441,38385,0.0712145,0.07,1,1153887,1153446,441
79920261,33.6316,19.2292,461,38440,0.0702429,0.05,1,1153924,1153463,461
79923181,32.3263,35.0458,454,38495,0.0700486,0.03,1,1153956,1153502,454
79926101,40.0653,31.8092,465,38550,0.0140097,0,1,1153998,1153533,465
79929021,34.4131,40.7618,455,38605,0.0428019,0.05,1,1154031,1153576,455
79931941,8.48261,35.3524,423,38660,0.0645604,0.03,1,1154033,1153610,423
79934861,32.8965,37.4705,424,38715,0.0849121,0,1,1154072,1153648,424
79937781,32.1793,34.6941,422,38770,0.120982,0.03,1,1154104,1153682,422
79940701,49.6359,49.3388,423,38824,0.0801965,0.03,1,1154158,1153735,423
79943621,49.9272,46.6678,427,38878,0.0400393,0.07,1,1154208,1153781,427
79946541,30.7854,31.7336,425,38932,0.0480079,0.11,1,1154234,1153809,425
79949461,33.3571,31.9467,427,38986,0.0496016,0.07,1,1154268,1153841,427
79952381,27.4714,28.7893,425,39040,0.0499203,0.07,1,1154294,1153869,425
79955301,19.8943,20.1579,425,39094,0.0179841,0.07,1,1154312,1153887,425
79958221,31.1789,33.6316,422,39148,0.0275968,0.07,1,1154346,1153924,422
79961141,34.2358,32.3263,425,39202,0.0135194,0,1,1154381,1153956,425
79964061,38.8472,40.0653,423,39256,0.0267039,0.05,1,1154421,1153998,423
79966981,38.1694,34.4131,428,39310,0.0453408,0.07,1,1154459,1154031,428
79969901,9.23389,8.48261,428,39364,0.0490682,0.09,1,1154461,1154033,428
79972821,30.6468,32.8965,425,39418,0.0658136,0.13,1,1154497,1154072,425
79975741,32.5294,32.1793,426,39472,0.0691627,0.07,1,1154530,1154104,426
79978661,47.3059,49.6359,423,39526,0.101833,0.03,1,1154581,1154158,423
79981581,48.6612,49.9272,422,39579,0.0923665,0.05,1,1154630,1154208,422
79984501,30.5322,30.7854,422,39632,0.0744733,0.05,1,1154656,1154234,422
79987421,33.3064,33.3571,422,39685,0.118895,0.05,1,1154690,1154268,422
79990341,27.4613,27.4714,422,39738,0.143779,0.01,1,1154716,1154294,422
79993261,19.8923,19.8943,422,39791,0.116756,0.03,1,1154734,1154312,422
79996181,31.1785,31.1789,422,39844,0.143351,0.01,1,1154768,1154346,422
79999101,34.2357,34.2358,422,39897,0.13267,0.03,1,1154803,1154381,422
80002021,38.8471,38.8472,422,39950,0.130534,0.05,1,1154843,1154421,422
80004941,38.1694,38.1694,422,40003,0.130107,0.05,1,1154881,1154459,422
80007861,9.23388,9.23389,422,40056,0.130021,0.07,1,1154883,1154461,422
80010781,31.4468,30.6468,423,40109,0.0980043,0.07,1,1154920,1154497,423
80013701,33.4894,6.12936,457,40162,0.107601,0.07,1,1154954,1154497,457
80016621,49.0979,27.6259,477,40215,0.12552,0.11,1,1155007,1154530,477
80019541,46.6196,46.3252,472,40268,0.161104,0.09,1,1155053,1154581,472
80022461,31.7239,48.465,451,40320,0.136221,0.07,1,1155081,1154630,451
80025381,33.5448,30.493,459,40372,0.195244,0.13,1,1155115,1154656,459
80028301,28.309,33.2986,452,40424,0.223049,0.15,1,1155142,1154690,452
80031221,20.8618,27.4597,445,40476,0.24461,0.11,1,1155161,1154716,445
80034141,30.5724,19.8919,460,40528,0.264922,0.15,1,1155194,1154734,460
80037061,33.3145,31.1784,460,40580,0.268984,0.13,1,1155228,1154768,460
80039981,38.6629,34.2357,465,40632,0.269797,0.13,1,1155268,1154803,465
80042901,38.1326,38.8471,463,40684,0.269959,0.13,1,1155306,1154843,463
80045821,9.22652,38.1694,427,40736,0.269992,0.13,1,1155308,1154881,427
80048741,31.4453,9.23388,462,40788,0.253998,0.09,1,1155345,1154883,462
80051661,35.0891,31.4468,461,40840,0.2668,0.11,1,1155381,1154920,461
80054581,49.4178,33.4894,480,40892,0.26936,0.13,1,1155434,1154954,480
80057501,48.2836,49.0979,475,40944,0.285872,0.17,1,1155482,1155007,475
80060421,32.8567,46.6196,458,40996,0.369174,0.13,1,1155511,1155053,458
80063341,34.5713,31.7239,465,41047,0.369835,0.21,1,1155546,1155081,465
80066261,29.3143,33.5448,459,41098,0.385967,0.23,1,1155574,1155115,459
80069181,21.8629,28.309,452,41149,0.405193,0.25,1,1155594,1155142,452
80072101,31.5726,20.8618,467,41200,0.425039,0.27,1,1155628,1155161,467
80075021,33.5145,30.5724,468,41251,0.461008,0.27,1,1155662,1155194,468
80077941,38.7029,33.3145,474,41302,0.484202,0.27,1,1155702,1155228,474
80080861,38.1406,38.6629,472,41353,0.48884,0.27,1,1155740,1155268,472
80083781,9.22812,38.1326,436,41404,0.489768,0.27,1,1155742,1155306,436
80086701,30.6456,9.22652,470,41455,0.505954,0.25,1,1155778,1155308,470
80089621,35.7291,31.4453,470,41506,0.525191,0.27,1,1155815,1155345,470
80092541,8.74582,35.0891,436,41557,0.529038,0.27,1,1155817,1155381,436
80095461,43.3492,49.4178,435,41608,0.577808,0.29,1,1155869,1155434,435
80098381,49.4698,48.2836,438,41659,0.587562,0.39,1,1155920,1155482,438
80101301,35.494,32.8567,441,41710,0.589512,0.37,1,1155952,1155511,441
80104221,35.0988,34.5713,441,41761,0.621902,0.39,1,1155987,1155546,441
80107141,29.4198,29.3143,441,41812,0.628381,0.41,1,1156015,1155574,441
80110061,22.684,21.8629,442,41862,0.613676,0.43,1,1156036,1155594,442
80112981,32.5368,31.5726,443,41912,0.594735,0.47,1,1156071,1155628,443
80115901,35.3074,33.5145,445,41962,0.590947,0.49,1,1156107,1155662,445
80118821,39.8615,38.7029,446,42012,0.606189,0.49,1,1156148,1155702,446
80121741,38.3723,38.1406,446,42062,0.577238,0.49,1,1156186,1155740,446
80124661,9.27446,9.22812,446,42112,0.571448,0.51,1,1156188,1155742,446
80127581,31.4549,30.6456,447,42162,0.61829,0.53,1,1156225,1155778,447
80130501,36.691,35.7291,448,42212,0.627658,0.53,1,1156263,1155815,448
80133421,8.9382,8.74582,448,42262,0.629532,0.59,1,1156265,1155817,448
80136341,45.7876,43.3492,451,42312,0.629906,0.59,1,1156320,1155869,451
80139261,49.9575,49.4698,451,42362,0.693981,0.59,1,1156371,1155920,451
80142181,36.3915,35.494,452,42412,0.706796,0.63,1,1156404,1155952,452
80145101,34.4783,35.0988,451,42462,0.741359,0.63,1,1156438,1155987,451
80148021,29.2957,29.4198,451,42512,0.764272,0.61,2,1156466,1156015,451
80150941,23.4591,22.684,452,42562,0.784854,0.59,2,1156488,1156036,452
80153861,32.6918,32.5368,452,42612,0.772971,0.59,2,1156523,1156071,452
80156781,34.5384,35.3074,451,42662,0.802594,0.61,2,1156558,1156107,451
80159701,38.9077,39.8615,450,42711,0.824519,0.57,2,1156598,1156148,450
80162621,38.1815,38.3723,450,42760,0.860904,0.57,2,1156636,1156186,450
80165541,9.23631,9.27446,450,42809,0.868181,0.63,2,1156638,1156188,450
80168461,32.2473,31.4549,451,42858,0.869636,0.63,2,1156676,1156225,451
80171381,36.8495,36.691,451,42907,0.885927,0.63,2,1156714,1156263,451
80174301,8.96989,8.9382,451,42956,0.921185,0.63,2,1156716,1156265,451
80177221,47.394,45.7876,453,43005,0.912237,0.63,2,1156773,1156320,453
80180141,51.8788,9.15753,506,43054,0.942447,0.71,2,1156826,1156320,506
80183061,35.9758,42.6315,487,43103,0.932489,0.71,2,1156858,1156371,487
80185981,35.9952,34.9263,490,43152,0.930498,0.75,2,1156894,1156404,490
80188901,30.399,34.1853,485,43201,0.9461,0.77,2,1156923,1156438,485
80191821,24.4798,29.2371,480,43250,0.93322,0.79,2,1156946,1156466,480
80194741,33.696,23.4474,494,43299,0.930644,0.77,2,1156982,1156488,494
80355341,28,34,491,45902,0.65,0.98,1,1158799,1158308,491
80358261,36,30.8,499,45948,0.49,0.98,1,1158837,1158338,499
80361181,36.8,6.16,536,45994,0.474,1,1,1158874,1158338,536
80364101,32.16,25.232,537,46040,0.4388,1,1,1158905,1158368,537
80367021,16.032,29.8464,518,46086,0.35176,1,1,1158917,1158399,518
80369941,23.2064,32.3693,510,46132,0.414352,1,1,1158942,1158432,510
80372861,23.0413,30.4739,503,46178,0.34687,1,1,1158965,1158462,503
80375781,37.4083,37.2948,505,46224,0.285374,1,1,1159006,1158501,505
80378701,41.0817,37.059,510,46270,0.257075,1,1,1159048,1158538,510
80381621,28.2163,31.4118,505,46316,0.171415,1,1,1159073,1158568,505
80384541,29.6433,31.0824,504,46362,0.122283,1,1,1159103,1158599,504
80387461,36.3287,34.2165,507,46407,0.192457,0.87,1,1159141,1158634,507
80390381,16.8657,34.0433,485,46452,0.206491,0.92,1,1159153,1158668,485
80393301,36.9731,22.8087,507,46497,0.209298,0.82,1,1159195,1158688,507
80396221,30.5946,41.3617,490,46542,0.16186,0.73,1,1159224,1158734,490
80399141,26.1189,37.8723,478,46587,0.168372,0.65,1,1159249,1158771,478
80402061,31.6238,29.9745,483,46632,0.169674,0.45,1,1159282,1158799,483
80404981,33.5248,36.3949,479,46677,0.137935,0.47,1,1159316,1158837,479
80407901,27.505,36.879,468,46722,0.179587,0.43,1,1159342,1158874,468
80410821,16.701,32.1758,451,46767,0.203917,0.33,1,1159356,1158905,451
80413741,20.1402,16.0352,460,46812,0.192783,0.43,1,1159377,1158917,460
80416661,24.828,23.207,461,46857,0.222557,0.33,1,1159403,1158942,461
80419581,31.3656,23.0414,471,46902,0.276511,0.27,1,1159436,1158965,471
80422501,41.4731,37.4083,474,46947,0.319302,0.25,1,1159480,1159006,474
80425421,24.2946,41.0817,452,46992,0.35986,0.15,1,1159500,1159048,452
80428341,25.6589,28.2163,453,47037,0.319972,0.11,1,1159526,1159073,453
80431261,41.9318,29.6433,469,47082,0.327994,0.21,1,1159572,1159103,469
80434181,17.9864,36.3287,443,47127,0.345599,0.21,1,1159584,1159141,443
80437101,37.1973,16.8657,473,47172,0.39712,0.21,1,1159626,1159153,473
80440021,28.2395,36.9731,457,47217,0.407424,0.15,1,1159652,1159195,457
80442941,26.4479,30.5946,454,47262,0.409485,0.17,1,1159678,1159224,454
80445861,33.2896,26.1189,464,47307,0.425897,0.17,1,1159713,1159249,464
80448781,33.8579,31.6238,465,47352,0.429179,0.13,1,1159747,1159282,465
80451701,8.37158,33.5248,433,47397,0.429836,0.19,1,1159749,1159316,433
80454621,21.6743,27.505,432,47441,0.445967,0.21,1,1159774,1159342,432
80457541,15.5349,16.701,432,47485,0.465193,0.19,1,1159788,1159356,432
80460461,19.107,20.1402,431,47529,0.485039,0.23,1,1159808,1159377,431
80463381,26.2214,24.828,433,47573,0.473008,0.29,1,1159836,1159403,433
80466301,33.2443,31.3656,435,47617,0.486602,0.33,1,1159871,1159436,435
80469221,44.2489,41.4731,438,47661,0.47332,0.37,1,1159918,1159480,438
80472141,24.8498,24.2946,438,47705,0.454664,0.31,1,1159938,1159500,438
80475061,27.37,25.6589,440,47749,0.450933,0.33,1,1159966,1159526,440
80477981,41.474,41.9318,439,47793,0.434187,0.35,1,1160011,1159572,439
80480901,18.6948,17.9864,440,47837,0.430837,0.41,1,1160024,1159584,440
80483821,38.939,37.1973,442,47881,0.446167,0.41,1,1160068,1159626,442
80486741,28.5878,28.2395,442,47925,0.449233,0.41,1,1160094,1159652,442
80489661,26.5176,26.4479,442,47969,0.465847,0.43,1,1160120,1159678,442
80492581,34.1035,33.2896,443,48013,0.469169,0.43,1,1160156,1159713,443
80495501,34.0207,33.8579,443,48057,0.485834,0.43,1,1160190,1159747,443
80498421,8.40414,8.37158,443,48101,0.489167,0.45,1,1160192,1159749,443
80501341,20.8808,21.6743,442,48145,0.489833,0.47,1,1160216,1159774,442
80504261,16.9762,15.5349,444,48189,0.505967,0.49,1,1160232,1159788,444
80507181,19.3952,19.107,444,48233,0.541193,0.47,1,1160252,1159808,444
80510101,27.079,26.2214,445,48277,0.564239,0.49,1,1160281,1159836,445
80513021,32.6158,33.2443,444,48321,0.552848,0.47,1,1160315,1159871,444
80515941,43.3232,44.2489,443,48365,0.58257,0.45,1,1160361,1159918,443
80518861,25.4646,24.8498,444,48409,0.540514,0.45,1,1160382,1159938,444
80521781,25.8929,27.37,442,48453,0.548103,0.43,1,1160408,1159966,442
80524701,41.1786,41.474,442,48496,0.629621,0.43,1,1160453,1160011,442
80527621,20.2357,18.6948,444,48539,0.677924,0.45,1,1160468,1160024,444
80530541,37.6471,38.939,442,48582,0.751585,0.45,2,1160510,1160068,442
80533461,28.3294,28.5878,442,48625,0.766317,0.47,2,1160536,1160094,442
80536381,27.2659,26.5176,443,48668,0.785263,0.47,2,1160563,1160120,443
80539301,34.2532,34.1035,443,48711,0.821053,0.49,2,1160599,1160156,443
80542221,34.8506,34.0207,444,48754,0.812211,0.49,2,1160634,1160190,444
80545141,8.57013,8.40414,444,48797,0.778442,0.49,2,1160636,1160192,444
80548061,20.914,20.8808,444,48840,0.803688,0.49,2,1160660,1160216,444
80550981,18.5828,4.17617,462,48883,0.776738,0.51,2,1160678,1160216,462
80553901,19.7166,13.6352,466,48926,0.803348,0.55,2,1160698,1160232,466
80556821,27.9433,18.727,476,48969,0.824669,0.57,2,1160728,1160252,476
80559741,33.5887,26.9454,482,49012,0.844934,0.55,2,1160763,1160281,482
80562661,43.5177,32.5891,494,49055,0.864987,0.59,2,1160809,1160315,494
80565581,25.5035,43.3178,469,49098,0.852997,0.53,2,1160830,1160361,469
80568501,25.9007,25.4636,474,49141,0.866599,0.55,2,1160856,1160382,474
80571421,45.1801,25.8927,498,49184,0.93332,0.65,2,1160906,1160408,498
80756841,83,81,505,23541,0.73,0.97,1,1162830,1162325,505
80759761,68.6,70.6,502,23631,0.714,0.95,1,1162895,1162393,502
80762681,89.72,68.52,529,23721,0.7268,0.99,1,1162990,1162461,529
80765601,60.344,80.904,498,23810,0.72936,0.96,1,1163043,1162545,498
80768521,54.4688,64.1808,491,23899,0.697872,0.91,1,1163096,1162605,491
80771441,15.6938,35.2362,469,23988,0.707574,0.93,1,1163102,1162633,469
80774361,32.7388,27.0472,481,24076,0.661515,0.81,1,1163139,1162658,481
80777281,60.9478,76.6095,460,24164,0.652303,0.73,1,1163207,1162747,460
80780201,76.9896,81.7219,458,24252,0.666461,0.71,1,1163288,1162830,458
80783121,68.1979,68.3444,459,24339,0.717292,0.73,1,1163354,1162895,459
80786041,90.4396,89.6689,460,24426,0.743458,0.73,1,1163450,1162990,460
80788961,59.6879,60.3338,459,24513,0.828692,0.69,2,1163502,1163043,459
80791881,52.7376,54.4668,457,24599,0.845738,0.71,2,1163553,1163096,457
80794801,13.7475,15.6934,455,24685,0.849148,0.65,2,1163557,1163102,455
80797721,31.5495,32.7387,454,24771,0.83383,0.65,2,1163593,1163139,454
80800641,60.7099,60.9477,454,24857,0.878766,0.67,2,1163661,1163207,454
80803561,77.742,76.9895,455,24942,0.903753,0.73,2,1163743,1163288,455
80806481,69.1484,68.1979,456,25027,0.892751,0.75,2,1163810,1163354,456
80809401,93.0297,90.4396,459,25112,0.90655,0.85,2,1163909,1163450,459
80812321,62.6059,59.6879,462,25196,0.90931,0.85,2,1163964,1163502,462
80815241,53.3212,52.7376,462,25280,0.893862,0.85,2,1164015,1163553,462
80818161,13.8642,13.7475,462,25364,0.890772,0.83,2,1164019,1163557,462
80821081,32.3728,31.5495,463,25448,0.890154,0.83,2,1164056,1163593,463
80824001,62.4746,6.3099,533,25531,0.874031,0.89,2,1164126,1163593,533
80826921,78.8949,55.662,548,25614,0.854806,0.91,2,1164209,1163661,548
80829841,66.979,76.7324,530,25697,0.850961,0.89,2,1164273,1163743,530
80832761,93.3958,68.9465,563,25779,0.914192,0.91,2,1164373,1163810,563
80911601,49,54,485,27912,0.57,1,1,1165865,1165380,485
80914521,56.2,54,489,27988,0.506,1,1,1165923,1165434,489
80917441,37.64,30,498,28064,0.4612,1,1,1165956,1165458,498
80920361,31.528,34,493,28139,0.40424,1,1,1165986,1165493,493
80923281,40.7056,50,482,28214,0.312848,1,1,1166029,1165547,482
80926201,73.7411,70.8,488,28289,0.29457,1,1,1166111,1165623,488
80929121,28.3482,28.56,487,28364,0.290914,1,1,1166128,1165641,487
80932041,43.2696,5.712,534,28439,0.290183,0.9,1,1166175,1165641,534
80934961,86.2539,52.3424,567,28513,0.274037,0.77,1,1166272,1165705,567
80937881,50.8508,99.2685,498,28587,0.238807,0.57,1,1166314,1165816,498
80940801,54.1702,59.0537,504,28661,0.311761,0.49,1,1166369,1165865,504
80943721,33.234,58.2107,474,28735,0.358352,0.45,1,1166397,1165923,474
80946641,25.8468,38.0421,465,28809,0.38367,0.39,1,1166421,1165956,465
80949561,41.1694,31.6084,480,28882,0.372734,0.29,1,1166466,1165986,480
80952481,72.2339,40.7217,517,28955,0.466547,0.29,1,1166546,1166029,517
80955401,28.0468,73.7443,452,29028,0.501309,0.29,1,1166563,1166111,452
80958321,42.4094,28.3489,481,29101,0.476262,0.29,1,1166609,1166128,481
80961241,84.4819,43.2698,529,29174,0.519252,0.27,1,1166704,1166175,529
80964161,52.0964,86.254,476,29247,0.57585,0.23,1,1166748,1166272,476
80967081,56.0193,50.8508,491,29319,0.66717,0.33,1,1166805,1166314,491
80970001,36.0039,54.1702,467,29391,0.717434,0.37,1,1166836,1166369,467
80972921,25.6008,33.234,462,29463,0.711487,0.39,1,1166859,1166397,462
80975841,43.5202,25.8468,486,29535,0.726297,0.37,1,1166907,1166421,486
80978761,75.904,41.1694,525,29607,0.761259,0.49,2,1166991,1166466,525
80981681,29.5808,72.2339,463,29678,0.768252,0.51,2,1167009,1166546,463
80984601,42.7162,28.0468,492,29749,0.76965,0.47,2,1167055,1166563,492
80987521,86.1432,42.4094,543,29820,0.76993,0.53,2,1167152,1166609,543
80990441,18.8286,84.4819,450,29891,0.801986,0.59,2,1167154,1166704,450
80993361,42.1657,52.0964,454,29962,0.840397,0.69,2,1167202,1166748,454
80996281,56.4331,56.0193,457,30033,0.88008,0.73,2,1167262,1166805,457
80999201,36.8866,36.0039,458,30103,0.904016,0.71,2,1167294,1166836,458
81142281,35,38,489,33373,0.65,1,1,1169572,1169083,489
81145201,57.4,54.8,493,33436,0.474,1,1,1169635,1169142,493
81148121,37.08,36.56,493,33499,0.3588,1,1,1169667,1169174,493
81151041,32.216,28.112,498,33562,0.23976,1,1,1169698,1169200,498
81153961,31.2432,34.4224,493,33625,0.263952,1,1,1169729,1169236,493
81156881,34.2486,36.4845,491,33688,0.26879,0.91,1,1169764,1169273,491
81159801,55.6497,68.0969,476,33751,0.205758,0.85,1,1169825,1169349,476
81162721,39.1299,40.8194,477,33814,0.177152,0.97,1,1169860,1169383,477
81165641,19.826,24.1639,472,33877,0.17143,0.77,1,1169875,1169403,472
81168561,79.1652,88.0328,462,33939,0.154286,0.65,1,1169969,1169507,462
81171481,35.833,41.6066,457,34001,0.118857,0.65,1,1169994,1169537,457
81174401,31.1666,36.3213,452,34063,0.0957714,0.43,1,1170024,1169572,452
81177321,49.4333,57.6643,443,34125,0.107154,0.33,1,1170078,1169635,443
81180241,32.2867,37.1329,439,34187,0.0774309,0.21,1,1170106,1169667,439
81183161,30.4573,32.2266,438,34249,0.103486,0.21,1,1170136,1169698,438
81186081,26.8915,6.44531,464,34311,0.0766972,0.27,1,1170162,1169698,464
81189001,34.1783,26.0891,469,34373,0.0873394,0.27,1,1170198,1169729,469
81191921,51.6357,33.2178,490,34435,0.0254679,0.19,1,1170254,1169764,490
81194841,38.3271,55.4436,464,34496,0.0770936,0.17,1,1170289,1169825,464
81197761,18.8654,39.0887,443,34557,0.0554187,0.17,1,1170303,1169860,443
81200681,76.5731,19.8177,519,34618,0.163084,0.15,1,1170394,1169875,519
81203601,34.5146,79.1636,449,34679,0.184617,0.11,1,1170418,1169969,449
81206521,32.5029,35.8327,456,34740,0.236923,0.09,1,1170450,1169994,456
81209441,48.1006,31.1665,478,34801,0.247385,0.11,1,1170502,1170024,478
81212361,32.8201,49.4333,453,34862,0.265477,0.07,1,1170531,1170078,453
81215281,29.764,32.2867,454,34923,0.285095,0.11,1,1170560,1170106,454
81218201,29.1528,30.4573,453,34984,0.305019,0.07,1,1170589,1170136,453
81221121,33.0306,26.8915,461,35044,0.341004,0.09,1,1170623,1170162,461
81224041,50.6061,34.1783,480,35104,0.396201,0.01,1,1170678,1170198,480
81226961,38.9212,51.6357,460,35164,0.40724,0.09,1,1170714,1170254,460
81229881,17.3842,38.3271,437,35224,0.409448,0.05,1,1170726,1170289,437
81232801,81.8769,18.8654,521,35284,0.47389,0.19,1,1170824,1170303,521
81235721,35.5754,76.5731,454,35344,0.486778,0.19,1,1170848,1170394,454
81238641,34.3151,34.5146,464,35404,0.537356,0.25,1,1170882,1170418,464
81241561,49.263,32.5029,485,35464,0.531471,0.25,1,1170935,1170450,485
81244481,33.8526,48.1006,463,35524,0.530294,0.27,1,1170965,1170502,463
81247401,30.7705,32.8201,464,35584,0.546059,0.29,1,1170995,1170531,464
81250321,30.9541,29.764,466,35643,0.565212,0.31,1,1171026,1170560,466
81253241,7.79082,29.1528,439,35702,0.537042,0.35,1,1171028,1170589,439
81256161,29.5582,33.0306,440,35761,0.595408,0.41,1,1171063,1170623,440
81259081,51.5116,50.6061,442,35820,0.623082,0.41,1,1171120,1170678,442
81262001,39.1023,38.9212,442,35879,0.644616,0.41,1,1171156,1170714,442
81264921,17.4205,17.3842,442,35938,0.680923,0.49,1,1171168,1170726,442
81267841,85.0841,81.8769,446,35997,0.672185,0.49,1,1171270,1170824,446
81270761,36.2168,35.5754,446,36056,0.670437,0.55,1,1171294,1170848,446
81273681,36.8434,34.3151,449,36115,0.654087,0.53,1,1171331,1170882,449
81276601,48.9687,49.263,448,36174,0.682817,0.53,1,1171383,1170935,448
81279521,34.5937,33.8526,449,36232,0.704563,0.55,1,1171414,1170965,449
81282441,30.9187,30.7705,449,36290,0.708913,0.57,1,1171444,1170995,449
81285361,31.7837,30.9541,450,36348,0.757783,0.53,2,1171476,1171026,450
81288281,7.95675,7.79082,450,36406,0.767557,0.61,2,1171478,1171028,450
81291201,31.1914,29.5582,452,36464,0.721511,0.63,1,1171515,1171063,452
81294121,52.6383,51.5116,453,36522,0.776302,0.65,2,1171573,1171120,453
81297041,40.1277,39.1023,454,36580,0.803261,0.69,2,1171610,1171156,454
81299961,17.6255,17.4205,454,36638,0.808652,0.67,2,1171622,1171168,454
81302881,85.9251,85.0841,455,36696,0.82573,0.67,2,1171725,1171270,455
81305801,36.385,36.2168,455,36754,0.797146,0.65,2,1171749,1171294,455
81308721,36.077,36.8434,454,36811,0.839429,0.69,2,1171785,1171331,454
81311641,50.4154,48.9687,456,36868,0.863886,0.71,2,1171839,1171383,456
81314561,34.0831,34.5937,455,36925,0.884777,0.71,2,1171869,1171414,455
81317481,32.4166,30.9187,457,36982,0.888955,0.77,2,1171901,1171444,457
81320401,32.8833,31.7837,458,37039,0.873791,0.77,2,1171934,1171476,458
81323321,8.17666,7.95675,458,37096,0.838758,0.71,2,1171936,1171478,458
81326241,31.2353,31.1914,458,37153,0.879752,0.71,2,1171973,1171515,458
81329161,54.2471,6.23827,518,37210,0.82395,0.79,2,1172033,1171515,518
81332081,39.6494,47.6477,496,37267,0.81279,0.81,2,1172069,1171573,496
81335001,17.5299,39.1295,471,37324,0.810558,0.81,2,1172081,1171610,471
81337921,86.706,17.4259,563,37381,0.842112,0.83,2,1172185,1171622,563
81340841,36.5412,85.8852,484,37438,0.864422,0.79,2,1172209,1171725,484
81343761,37.7082,36.377,498,37494,0.916884,0.85,2,1172247,1171749,498
81346681,50.7416,36.0754,516,37550,0.927377,0.87,2,1172301,1171785,516
81469321,30,29,497,39844,0.87,1,2,1173876,1173379,497
81472241,30,32.2,494,39897,0.798,1,2,1173906,1173412,494
81475161,29.2,30.44,493,39950,0.7436,1,1,1173935,1173442,493
81478081,34.64,43.688,482,40003,0.70072,1,1,1173971,1173489,482
81481001,37.328,34.3376,488,40056,0.628144,1,1,1174009,1173521,488
81483921,37.0656,31.6675,494,40109,0.485629,1,1,1174046,1173552,494
81486841,37.8131,6.3335,532,40162,0.441126,1,1,1174084,1173552,532
81489761,45.1626,49.2667,519,40215,0.352225,0.94,1,1174131,1173612,519
81492681,30.6325,33.8533,516,40268,0.318445,1,1,1174158,1173642,516
81495601,39.7265,37.1707,520,40320,0.295689,1,1,1174200,1173680,520
81498521,37.5453,49.0341,505,40372,0.243138,0.98,1,1174237,1173732,505
81501441,45.1091,34.6068,521,40424,0.200628,0.94,1,1174284,1173763,521
81504361,34.6218,47.7214,502,40476,0.208126,0.97,1,1174316,1173814,502
81507281,25.3244,35.1443,493,40528,0.209625,0.87,1,1174339,1173846,493
81510201,25.8649,31.0289,489,40580,0.209925,0.78,1,1174365,1173876,489
81513121,25.173,30.2058,484,40632,0.241985,0.73,1,1174390,1173906,484
81516041,29.0346,29.2412,485,40684,0.216397,0.69,1,1174420,1173935,485
81518961,30.6069,34.6482,480,40736,0.227279,0.61,1,1174451,1173971,480
81521881,33.3214,37.3296,476,40788,0.309456,0.45,1,1174485,1174009,476
81524801,34.6643,37.0659,474,40840,0.341891,0.43,1,1174520,1174046,474
81527721,44.5329,37.8132,483,40892,0.380378,0.33,1,1174567,1174084,483
81530641,28.9066,45.1626,461,40944,0.404076,0.31,1,1174592,1174131,461
81533561,40.9813,30.6325,478,40996,0.392815,0.29,1,1174636,1174158,478
81536481,32.9963,39.7265,467,41047,0.422563,0.23,1,1174667,1174200,467
81539401,45.7993,37.5453,479,41098,0.508513,0.19,1,1174716,1174237,479
81542321,33.9599,45.1091,463,41149,0.525703,0.21,1,1174747,1174284,463
81545241,25.192,34.6218,454,41200,0.545141,0.21,1,1174770,1174316,454
81548161,26.6384,25.3244,458,41251,0.549028,0.21,1,1174797,1174339,458
81551081,24.5277,25.8649,456,41302,0.549806,0.25,1,1174821,1174365,456
81554001,30.5055,25.173,463,41353,0.549961,0.21,1,1174853,1174390,463
81556921,30.1011,29.0346,463,41404,0.549992,0.23,1,1174883,1174420,463
81559841,37.2202,30.6069,471,41455,0.565998,0.33,1,1174922,1174451,471
81562761,34.644,33.3214,471,41506,0.6012,0.35,1,1174956,1174485,471
81565681,8.52881,34.6643,438,41557,0.60824,0.39,1,1174958,1174520,438
81568601,41.7058,44.5329,441,41608,0.609648,0.41,1,1175008,1174567,441
81571521,29.9412,28.9066,443,41659,0.65793,0.39,1,1175035,1174592,443
81574441,41.9882,40.9813,444,41710,0.651586,0.43,1,1175080,1174636,444
81577361,33.1976,32.9963,444,41761,0.666317,0.53,1,1175111,1174667,444
81580281,48.2395,45.7993,447,41812,0.669263,0.53,1,1175163,1174716,447
81583201,35.2479,33.9599,448,41862,0.717853,0.55,1,1175195,1174747,448
81586121,26.2496,25.192,449,41912,0.695571,0.55,1,1175219,1174770,449
81589041,26.8499,26.6384,449,41962,0.723114,0.55,1,1175246,1174797,449
81591961,24.57,24.5277,449,42012,0.712623,0.55,1,1175270,1174821,449
81594881,30.514,30.5055,449,42062,0.710524,0.55,1,1175302,1174853,449
81597801,30.1028,30.1011,449,42112,0.758105,0.57,2,1175332,1174883,449
81600721,38.8206,37.2202,451,42162,0.767621,0.61,2,1175373,1174922,451
81603641,35.7641,34.644,452,42212,0.737524,0.61,1,1175408,1174956,452
81606561,8.75282,8.52881,452,42262,0.763505,0.61,2,1175410,1174958,452
81609481,43.3506,41.7058,454,42312,0.752701,0.67,2,1175462,1175008,454
81612401,31.0701,29.9412,455,42362,0.78254,0.65,2,1175490,1175035,455
81615321,41.414,41.9882,454,42412,0.804508,0.67,2,1175534,1175080,454
81618241,33.8828,33.1976,455,42462,0.824902,0.67,2,1175566,1175111,455
81621161,48.3766,48.2395,455,42512,0.84498,0.73,2,1175618,1175163,455
81624081,36.0753,35.2479,456,42562,0.880996,0.69,2,1175651,1175195,456
81627001,26.4151,26.2496,456,42612,0.888199,0.73,2,1175675,1175219,456
81629921,27.683,26.8499,457,42662,0.90564,0.71,2,1175703,1175246,457
81632841,24.7366,24.57,457,42711,0.909128,0.71,2,1175727,1175270,457
81673721,24,28,490,43397,0.95,0.91,2,1176193,1175703,490
81802201,19,33,496,45488,0.93,1,2,1177652,1177156,496
81805121,26.2,31.4,493,45534,0.866,1,2,1177680,1177187,493
81808041,34.04,27.08,503,45580,0.7732,1,2,1177716,1177213,503
81810961,30.008,40.616,488,45626,0.83464,1,2,1177745,1177257,488
81813881,36.4016,34.5232,493,45672,0.686928,1,1,1177783,1177290,493
81816801,32.8803,25.3046,502,45718,0.641386,1,1,1177815,1177313,502
81819721,28.1761,35.4609,491,45764,0.648277,0.97,1,1177842,1177351,491
81822641,29.6352,31.0922,491,45810,0.585655,0.96,1,1177872,1177381,491
81825561,33.927,31.8184,494,45856,0.573131,1,1,1177907,1177413,494
81828481,33.9854,36.7637,490,45902,0.506626,0.99,1,1177941,1177451,490
81831401,26.7971,36.1527,479,45948,0.525325,0.99,1,1177966,1177487,479
81834321,34.9594,7.23055,516,45994,0.449065,1,1,1178003,1177487,516
81837241,31.7919,35.0461,505,46040,0.433813,1,1,1178034,1177529,505
81840161,36.7584,36.6092,506,46086,0.414763,0.94,1,1178072,1177566,506
81843081,31.3517,35.3218,501,46132,0.394953,0.86,1,1178102,1177601,501
81846001,16.6703,32.6644,482,46178,0.390991,0.93,1,1178115,1177633,482
81848921,25.7341,21.7329,491,46224,0.358198,0.85,1,1178143,1177652,491
81851841,34.7468,26.7466,500,46270,0.36764,0.75,1,1178180,1177680,500
81854761,22.9494,34.1493,484,46316,0.353528,0.85,1,1178200,1177716,484
81857681,33.3899,30.0299,491,46362,0.350706,0.65,1,1178236,1177745,491
81860601,30.678,36.406,483,46407,0.366141,0.63,1,1178266,1177783,483
81863521,24.5356,32.8812,474,46452,0.401228,0.65,1,1178289,1177815,474
81866441,32.9071,28.1762,482,46497,0.408246,0.57,1,1178324,1177842,482
81869361,32.1814,29.6352,484,46542,0.377649,0.57,1,1178356,1177872,484
81872281,31.2363,33.927,480,46587,0.41953,0.49,1,1178387,1177907,480
81875201,26.2473,33.9854,471,46632,0.395906,0.53,1,1178412,1177941,471
81878121,32.4495,26.7971,480,46677,0.407181,0.43,1,1178446,1177966,480
81881041,32.0899,34.9594,475,46722,0.505436,0.43,1,1178478,1178003,475
81883961,33.618,31.7919,478,46767,0.525087,0.41,1,1178512,1178034,478
81886881,30.7236,36.7584,470,46812,0.561017,0.39,1,1178542,1178072,470
81889801,14.9447,31.3517,451,46857,0.584203,0.39,1,1178553,1178102,451
81892721,25.3889,16.6703,466,46902,0.572841,0.35,1,1178581,1178115,466
81895641,35.4778,25.7341,476,46947,0.586568,0.37,1,1178619,1178143,476
81898561,22.2956,34.7468,458,46992,0.621314,0.35,1,1178638,1178180,458
81901481,34.0591,22.9494,475,47037,0.628263,0.35,1,1178675,1178200,475
81904401,31.6118,33.3899,470,47082,0.661653,0.37,1,1178706,1178236,470
81907321,25.5224,30.678,464,47127,0.684331,0.41,1,1178730,1178266,464
81910241,31.5045,24.5356,474,47172,0.672866,0.41,1,1178763,1178289,474
81913161,31.9009,32.9071,471,47217,0.686573,0.37,1,1178795,1178324,471
81916081,31.9802,32.1814,471,47262,0.689315,0.43,1,1178827,1178356,471
81919001,28.796,31.2363,468,47307,0.737863,0.39,1,1178855,1178387,468
81921921,32.9592,26.2473,477,47352,0.747573,0.41,1,1178889,1178412,477
81924841,8.19184,32.4495,445,47397,0.749515,0.53,1,1178891,1178446,445
81927761,30.4384,32.0899,449,47441,0.797903,0.53,2,1178927,1178478,449
81930681,32.4877,33.618,448,47485,0.823581,0.57,2,1178960,1178512,448
81933601,32.0975,30.7236,450,47529,0.828716,0.59,2,1178992,1178542,450
81936521,14.4195,14.9447,449,47573,0.829743,0.57,2,1179002,1178553,449
81939441,26.0839,25.3889,450,47617,0.813949,0.59,2,1179031,1178581,450
81942361,37.2168,35.4778,452,47661,0.81079,0.63,2,1179071,1178619,452
81945281,23.4434,22.2956,453,47705,0.810158,0.63,2,1179091,1178638,453
81948201,32.6887,34.0591,451,47749,0.826032,0.67,2,1179126,1178675,451
81951121,34.5377,31.6118,455,47793,0.813206,0.69,2,1179161,1178706,455
81954041,26.9075,25.5224,456,47837,0.842641,0.67,2,1179186,1178730,456
81956961,31.7815,31.5045,456,47881,0.864528,0.69,2,1179219,1178763,456
81959881,31.9563,31.9009,456,47925,0.916906,0.69,2,1179251,1178795,456
81962801,32.7913,31.9802,457,47969,0.927381,0.75,2,1179284,1178827,457
81965721,30.5583,28.796,459,48013,0.945476,0.75,2,1179314,1178855,459
81968641,34.1116,32.9592,460,48057,0.933095,0.75,2,1179349,1178889,460
81971561,8.42233,8.19184,460,48101,0.930619,0.81,2,1179351,1178891,460
81974481,32.0845,30.4384,462,48145,0.898124,0.83,2,1179389,1178927,462
82241661,78,51,503,24266,0.19,0.65,1,1182149,1181646,503
82244581,58,75,475,24353,0.174,0.55,1,1182202,1181727,475
82247501,66.8,64.6,482,24440,0.1548,0.35,1,1182271,1181789,482
82250421,55.76,72.92,460,24527,0.13496,0.29,1,1182324,1181864,460
82253341,60.752,51.384,476,24613,0.178992,0.19,1,1182386,1181910,476
82256261,28.9504,48.6768,449,24699,0.203798,0.09,1,1182407,1181958,449
82259181,34.5901,37.7354,450,24785,0.27276,0.15,1,1182443,1181993,450
82262101,52.518,69.9471,429,24871,0.302552,0.19,1,1182500,1182071,429
82265021,74.5036,76.3894,431,24956,0.34051,0.17,1,1182580,1182149,431
82267941,56.5007,57.6779,430,25041,0.412102,0.15,1,1182632,1182202,430
82270861,65.7001,66.7356,429,25126,0.42642,0.13,1,1182700,1182271,429
82273781,54.74,55.7471,428,25210,0.397284,0.19,1,1182752,1182324,428
82276701,62.148,60.7494,430,25294,0.439457,0.21,1,1182816,1182386,430
82279621,31.6296,28.9499,433,25378,0.495891,0.29,1,1182840,1182407,433
82282541,37.5259,34.59,436,25461,0.571178,0.29,1,1182879,1182443,436
82285461,53.1052,6.918,493,25544,0.570236,0.31,1,1182936,1182443,493
82288381,76.221,46.9836,518,25627,0.538047,0.35,1,1183018,1182500,518
82291301,58.4442,73.3967,492,25710,0.531609,0.43,1,1183072,1182580,492
82294221,66.0888,56.2793,508,25792,0.546322,0.43,1,1183140,1182632,508
82297141,54.8178,65.6559,492,25874,0.565264,0.39,1,1183192,1182700,492
82300061,64.5636,54.7312,507,25956,0.633053,0.45,1,1183259,1182752,507
82302981,35.3127,62.1462,471,26038,0.630611,0.51,1,1183287,1182816,471
82305901,39.8625,31.6292,488,26119,0.694122,0.59,1,1183328,1182840,488
82308821,53.5725,37.5258,506,26200,0.706824,0.57,1,1183385,1182879,506
82311741,74.7145,53.1052,529,26281,0.757365,0.53,2,1183465,1182936,529
82314661,58.1429,76.221,501,26362,0.783473,0.53,2,1183519,1183018,501
82317581,67.6286,58.4442,517,26442,0.836695,0.55,2,1183589,1183072,517
82320501,55.1257,66.0888,501,26522,0.847339,0.57,2,1183641,1183140,501
82323421,67.8251,54.8178,520,26602,0.881468,0.65,2,1183712,1183192,520
82326341,36.765,64.5636,482,26682,0.872294,0.63,2,1183741,1183259,482
82329261,40.953,35.3127,496,26761,0.886459,0.71,2,1183783,1183287,496
82332181,54.5906,39.8625,513,26840,0.905292,0.71,2,1183841,1183328,513
82335101,12.5181,53.5725,458,26919,0.909058,0.77,2,1183843,1183385,458
82440221,25,69,500,29619,0.79,1,2,1185759,1185259,500
82443141,45,27.4,533,29690,0.63,1,1,1185809,1185276,533
82446061,60.2,54.28,536,29761,0.534,1,1,1185873,1185337,536
82448981,66.44,59.656,543,29832,0.3228,1,1,1185941,1185398,543
82451901,38.888,60.7312,514,29903,0.23256,1,1,1185973,1185459,514
82454821,34.1776,66.5462,479,29974,0.230512,1,1,1186006,1185527,479
82457741,59.6355,68.5092,476,30045,0.182102,0.99,1,1186072,1185596,476
82460661,31.1271,40.9018,466,30115,0.23642,0.89,1,1186096,1185630,466
82463581,33.4254,37.7804,463,30185,0.183284,0.83,1,1186130,1185667,463
82466501,53.0851,61.1561,454,30255,0.140657,0.79,1,1186188,1185734,454
82469421,31.417,32.2312,455,30325,0.132131,0.59,1,1186214,1185759,455
82472341,45.4834,46.4462,454,30395,0.0984263,0.51,1,1186263,1185809,454
82475261,49.8967,60.4892,441,30465,0.123685,0.27,1,1186314,1185873,441
82478181,58.7793,66.4979,434,30534,0.128737,0.21,1,1186375,1185941,434
82481101,37.3559,38.8996,434,30603,0.193747,0.23,1,1186407,1185973,434
82484021,33.8712,34.1799,434,30672,0.190749,0.17,1,1186440,1186006,434
82486941,56.3742,59.636,430,30741,0.22215,0.25,1,1186502,1186072,430
82489861,31.2748,31.1272,431,30810,0.24443,0.17,1,1186527,1186096,431
82492781,32.655,33.4254,430,30879,0.264886,0.13,1,1186560,1186130,430
82495701,49.731,53.0851,426,30948,0.300977,0.13,1,1186614,1186188,426
82498621,29.9462,31.417,425,31016,0.292195,0.09,1,1186639,1186214,425
82501541,45.9892,45.4834,426,31084,0.306439,0.13,1,1186689,1186263,426
82504461,51.5978,49.8967,428,31152,0.373288,0.13,1,1186742,1186314,428
82507381,57.5196,58.7793,426,31220,0.434658,0.21,1,1186801,1186375,426
82510301,38.7039,37.3559,428,31288,0.446931,0.21,1,1186835,1186407,428
82513221,34.1408,7.47117,461,31356,0.433386,0.19,1,1186868,1186407,461
82516141,59.6282,27.8942,494,31423,0.430677,0.23,1,1186934,1186440,494
82519061,32.7256,55.1788,458,31490,0.430135,0.25,1,1186960,1186502,458
82521981,32.1451,31.0358,465,31557,0.446027,0.27,1,1186992,1186527,465
82524901,51.229,32.6072,488,31624,0.481205,0.31,1,1187048,1186560,488
82527821,29.4458,49.7214,458,31691,0.488241,0.29,1,1187072,1186614,458
82530741,48.2892,29.9443,486,31758,0.473648,0.31,1,1187125,1186639,486
82533661,55.2578,45.9889,493,31825,0.51873,0.39,1,1187182,1186689,493
82536581,59.0516,51.5978,500,31891,0.527746,0.45,1,1187242,1186742,500
82539501,39.8103,57.5196,476,31957,0.529549,0.45,1,1187277,1186801,476
82542421,34.3621,38.7039,475,32023,0.54591,0.43,1,1187310,1186835,475
82545341,59.6724,34.1408,508,32089,0.581182,0.43,1,1187376,1186868,508
82548261,33.5345,59.6282,469,32155,0.604236,0.43,1,1187403,1186934,469
82551181,32.3069,32.7256,475,32221,0.624847,0.45,1,1187435,1186960,475
82554101,52.8614,32.1451,501,32287,0.644969,0.49,1,1187493,1186992,501
82557021,29.7723,51.229,469,32353,0.648994,0.49,1,1187517,1187048,469
82559941,47.5545,29.4458,497,32418,0.649799,0.47,1,1187569,1187072,497
82562861,57.5109,48.2892,504,32483,0.66596,0.53,1,1187629,1187125,504
82565781,59.5022,55.2578,507,32548,0.733192,0.53,1,1187689,1187182,507
82568701,41.5004,59.0516,484,32613,0.746638,0.53,1,1187726,1187242,484
82571621,33.9001,39.8103,481,32678,0.749328,0.55,1,1187758,1187277,481
82574541,61.98,34.3621,517,32743,0.797866,0.59,2,1187827,1187310,517
82577461,13.996,59.6724,453,32808,0.807573,0.61,2,1187829,1187376,453
82580381,23.5992,33.5345,452,32872,0.841515,0.63,2,1187855,1187403,452
82583301,31.9198,32.3069,454,32936,0.848303,0.65,2,1187889,1187435,454
82586221,52.784,52.8614,454,33000,0.849661,0.65,2,1187947,1187493,454
82589141,29.7568,29.7723,454,33064,0.865932,0.65,2,1187971,1187517,454
82592061,47.5514,47.5545,454,33128,0.837186,0.67,2,1188023,1187569,454
82594981,59.1103,57.5109,456,33192,0.879437,0.75,2,1188085,1187629,456
82597901,62.2221,59.5022,459,33256,0.887887,0.75,2,1188148,1187689,459
82600821,42.0444,41.5004,459,33320,0.905578,0.75,2,1188185,1187726,459
82717621,33,39,509,35769,0.83,1,2,1189860,1189351,509
82720541,26.6,30.2,506,35828,0.766,1,2,1189885,1189379,506
82723461,37.32,48.44,493,35887,0.7212,1,1,1189925,1189432,493
82726381,49.064,60.888,481,35946,0.66424,1,1,1189977,1189496,481
82729301,57.0128,58.5776,482,36005,0.620848,1,1,1190036,1189554,482
82732221,56.2026,49.3155,491,36064,0.61217,1,1,1190092,1189601,491
82735141,31.2405,37.8631,481,36123,0.642434,0.98,1,1190117,1189636,481
82738061,55.0481,62.7726,473,36182,0.584487,0.97,1,1190178,1189705,473
82740981,35.8096,37.3545,473,36240,0.620897,0.87,1,1190209,1189736,473
82743901,25.5619,29.8709,468,36298,0.580179,0.82,1,1190232,1189764,468
82746821,21.9124,27.5742,462,36356,0.604036,0.87,1,1190253,1189791,462
82749741,33.1825,34.3148,462,36414,0.608807,0.83,1,1190289,1189827,462
82752661,31.4365,33.263,460,36472,0.625761,0.75,1,1190320,1189860,460
82755581,23.8873,26.6526,457,36530,0.693152,0.71,1,1190342,1189885,457
82758501,35.1775,37.3305,455,36588,0.65863,0.65,1,1190380,1189925,455
82761421,49.4355,49.0661,456,36646,0.667726,0.61,1,1190433,1189977,456
82764341,53.0871,57.0132,451,36704,0.685545,0.61,1,1190487,1190036,451
82767261,54.6174,56.2026,450,36762,0.721109,0.65,1,1190542,1190092,450
82770181,32.5235,31.2405,452,36819,0.760222,0.57,2,1190569,1190117,452
82773101,53.7047,55.0481,450,36876,0.816044,0.63,2,1190628,1190178,450
82776021,34.7409,35.8096,449,36933,0.843209,0.57,2,1190658,1190209,449
82778941,24.5482,25.5619,448,36990,0.848642,0.61,2,1190680,1190232,448
82781861,24.9096,21.9124,452,37047,0.881728,0.61,2,1190705,1190253,452
82784781,32.1819,33.1825,450,37104,0.856346,0.63,2,1190739,1190289,450
82787701,33.6364,31.4365,453,37161,0.899269,0.63,2,1190773,1190320,453
82790621,23.5273,6.2873,474,37218,0.875854,0.71,2,1190794,1190320,474
82793541,35.9055,18.8575,491,37275,0.903171,0.65,2,1190833,1190342,491
82796461,48.7811,34.1715,505,37332,0.908634,0.67,2,1190885,1190380,505
82799381,55.3562,49.2343,509,37389,0.925727,0.69,2,1190942,1190433,509
82957061,43,32,510,40326,0.65,1,1,1192984,1192474,510
82959981,49.4,39.2,520,40378,0.538,1,1,1193035,1192515,520
82962901,33.08,46.24,501,40430,0.3556,1,1,1193064,1192563,501
82965821,36.216,30.848,511,40482,0.25512,1,1,1193101,1192590,511
82968741,28.8432,34.1696,503,40534,0.171024,1,1,1193128,1192625,503
82971661,30.5686,25.2339,511,40586,0.0422048,1,1,1193159,1192648,511
82974581,34.1137,35.4468,508,40638,0.016441,1,1,1193194,1192686,508
82977501,39.6227,35.8894,513,40690,0.0752882,1,1,1193235,1192722,513
82980421,26.3245,35.9779,500,40742,0.0550576,0.95,1,1193258,1192758,500
82983341,28.4649,28.7956,502,40794,0.0190115,1,1,1193287,1192785,502
82986261,28.893,31.3591,499,40846,0.0278023,1,1,1193316,1192817,499
82989181,46.5786,32.6718,517,40898,0.0615605,0.71,1,1193367,1192850,517
82992101,31.7157,56.1344,483,40950,0.0203121,0.65,1,1193395,1192912,483
82995021,35.9431,34.4269,491,41002,0.0440624,0.65,1,1193432,1192941,491
82997941,43.1886,41.2854,493,41053,0.0648125,0.51,1,1193477,1192984,493
83000861,29.4377,49.0571,468,41104,0.0529625,0.31,1,1193503,1193035,468
83003781,27.4875,33.0114,466,41155,0.0505925,0.23,1,1193530,1193064,466
83006701,25.4975,36.2023,454,41206,0.0821185,0.15,1,1193555,1193101,454
83009621,25.0995,28.8405,452,41257,0.0884237,0.01,1,1193580,1193128,452
83012541,33.8199,30.5681,457,41308,0.0256847,0.01,1,1193616,1193159,457
83015461,41.164,34.1136,465,41359,0.0611369,0.09,1,1193659,1193194,465
83018381,25.0328,39.6227,445,41410,0.0682274,0.05,1,1193680,1193235,445
83021301,28.2066,26.3245,451,41461,0.0536455,0.01,1,1193709,1193258,451
83024221,30.4413,28.4649,453,41512,0.0667291,0.03,1,1193740,1193287,453
83027141,7.68826,28.893,426,41563,0.101346,0.07,1,1193742,1193316,426
83030061,41.5377,46.5786,425,41614,0.0762692,0.01,1,1193792,1193367,425
83032981,29.1075,31.7157,423,41665,0.0712538,0.05,1,1193818,1193395,423
83035901,35.4215,35.9431,423,41716,0.0542508,0.07,1,1193855,1193432,423
83038821,45.4843,43.1886,426,41767,0.0668502,0.05,1,1193903,1193477,426
83041741,28.2969,29.4377,424,41818,0.08537,0.05,1,1193927,1193503,424
83044661,27.2594,27.4875,424,41868,0.137074,0.09,1,1193954,1193530,424
83047581,27.8519,25.4975,427,41918,0.147415,0.09,1,1193982,1193555,427
83050501,24.7704,25.0995,426,41968,0.117483,0.01,1,1194006,1193580,426
83053421,32.1541,33.8199,424,42018,0.143497,0.07,1,1194040,1193616,424
83056341,41.6308,41.164,425,42068,0.116699,0.07,1,1194084,1193659,425
83059261,25.1262,25.0328,425,42118,0.12734,0.05,1,1194105,1193680,425
83062181,25.8252,28.2066,422,42168,0.097468,0.07,1,1194131,1193709,422
83065101,30.765,30.4413,423,42218,0.0594936,0.11,1,1194163,1193740,423
83068021,7.75301,7.68826,423,42268,0.0838987,0.07,1,1194165,1193742,423
83070941,41.5506,41.5377,423,42318,0.0407797,0.07,1,1194215,1193792,423
83073861,29.1101,29.1075,423,42368,0.128156,0.05,1,1194241,1193818,423
83076781,34.622,35.4215,422,42418,0.145631,0.07,1,1194277,1193855,422
83079701,46.1244,45.4843,423,42468,0.165126,0.09,1,1194326,1193903,423
83082621,31.6249,28.2969,427,42518,0.185025,0.15,1,1194354,1193927,427
83085541,29.525,27.2594,429,42568,0.189005,0.15,1,1194383,1193954,429
83088461,26.705,27.8519,427,42618,0.189801,0.11,1,1194409,1193982,427
83091381,24.541,24.7704,427,42668,0.20596,0.15,1,1194433,1194006,427
83094301,32.1082,32.1541,427,42717,0.225192,0.11,1,1194467,1194040,427
83097221,40.0216,41.6308,425,42766,0.213038,0.13,1,1194509,1194084,425
83100141,25.6043,25.1262,426,42815,0.258608,0.09,1,1194531,1194105,426
83103061,25.9209,25.8252,426,42864,0.251722,0.05,1,1194557,1194131,426
83105981,29.1842,30.765,424,42913,0.250344,0.09,1,1194587,1194163,424
83108901,7.43683,7.75301,424,42962,0.282069,0.03,1,1194589,1194165,424
83111821,41.4874,41.5506,424,43011,0.288414,0.03,1,1194639,1194215,424
83114741,30.6975,8.31012,452,43060,0.257683,0.15,1,1194667,1194215,452
83117661,35.7395,22.462,463,43109,0.235537,0.15,1,1194704,1194241,463
83120581,47.1479,33.2924,477,43158,0.247107,0.17,1,1194754,1194277,477
83123501,31.8296,45.8585,456,43207,0.265421,0.19,1,1194782,1194326,456
83126421,29.5659,31.5717,457,43256,0.301084,0.19,1,1194811,1194354,457
83129341,26.7132,29.5143,454,43305,0.324217,0.19,1,1194837,1194383,454
83132261,25.3426,26.7029,453,43354,0.376843,0.21,1,1194862,1194409,453
83135181,33.0685,24.5406,464,43403,0.403369,0.23,1,1194897,1194433,464
83138101,41.0137,32.1081,473,43452,0.392674,0.21,1,1194940,1194467,473
83141021,26.6027,40.0216,454,43501,0.406535,0.27,1,1194963,1194509,454
83143941,26.9205,25.6043,459,43550,0.393307,0.25,1,1194990,1194531,459
83146861,29.3841,25.9209,463,43598,0.390661,0.25,1,1195020,1194557,463
83149781,7.47682,29.1842,435,43646,0.390132,0.29,1,1195022,1194587,435
83152701,41.4954,7.43683,483,43694,0.390026,0.29,1,1195072,1194589,483
83155621,30.6991,41.4874,461,43742,0.390005,0.25,1,1195100,1194639,461
83158541,36.5398,30.6975,471,43790,0.406001,0.23,1,1195138,1194667,471
83161461,46.508,35.7395,483,43838,0.4412,0.25,1,1195187,1194704,483
83164381,32.5016,47.1479,462,43886,0.46424,0.27,1,1195216,1194754,462
83167301,31.3003,31.8296,465,43934,0.452848,0.31,1,1195247,1194782,465
83170221,28.6601,29.5659,464,43982,0.46657,0.33,1,1195275,1194811,464
83173141,27.332,26.7132,465,44030,0.517314,0.39,1,1195302,1194837,465
83176061,34.2664,25.3426,476,44078,0.559463,0.41,1,1195338,1194862,476
83178981,40.4533,33.0685,483,44126,0.599893,0.39,1,1195380,1194897,483
83181901,27.2907,41.0137,464,44174,0.607978,0.41,1,1195404,1194940,464
83184821,26.2581,26.6027,467,44222,0.625596,0.39,1,1195430,1194963,467
83187741,29.2516,26.9205,470,44270,0.629119,0.39,1,1195460,1194990,470
83190661,7.45032,29.3841,442,44318,0.629824,0.39,1,1195462,1195020,442
83193581,41.4901,7.47682,490,44366,0.661965,0.39,1,1195512,1195022,490
83196501,30.698,41.4954,468,44414,0.668393,0.39,1,1195540,1195072,468
83199421,37.3396,30.6991,479,44461,0.653679,0.41,1,1195579,1195100,479
83202341,9.06792,36.5398,443,44508,0.650736,0.45,1,1195581,1195138,443
83205261,42.6136,46.508,445,44555,0.698147,0.47,1,1195632,1195187,445
83208181,31.7227,32.5016,445,44602,0.659629,0.45,1,1195661,1195216,445
83211101,30.3445,31.3003,444,44649,0.651926,0.47,1,1195691,1195247,444
83214021,30.8689,28.6601,447,44696,0.730385,0.53,1,1195722,1195275,447
83216941,28.5738,27.332,448,44743,0.714077,0.57,1,1195750,1195302,448
83219861,36.9148,34.2664,451,44790,0.742815,0.61,1,1195789,1195338,451
83222781,41.783,40.4533,452,44837,0.764563,0.61,2,1195832,1195380,452
83225701,27.5566,27.2907,452,44884,0.784913,0.63,2,1195856,1195404,452
83228621,27.1113,26.2581,453,44931,0.740983,0.63,1,1195883,1195430,453
83231541,29.4223,29.2516,453,44978,0.764197,0.63,2,1195913,1195460,453
83234461,7.48445,7.45032,453,45025,0.768839,0.67,2,1195915,1195462,453
83237381,43.0969,41.4901,455,45072,0.769768,0.67,2,1195967,1195512,455
83240301,31.0194,30.698,455,45119,0.801954,0.65,2,1195995,1195540,455
83243221,36.6039,37.3396,454,45166,0.808391,0.65,2,1196033,1195579,454
83246141,8.92077,9.06792,454,45213,0.777678,0.71,2,1196035,1195581,454
83249061,43.3842,42.6136,455,45260,0.851536,0.65,2,1196087,1195632,455
83251981,31.0768,31.7227,454,45307,0.834307,0.65,2,1196115,1195661,454
83254901,30.2154,30.3445,454,45354,0.878861,0.75,2,1196145,1195691,454
83257821,33.2431,30.8689,457,45400,0.871772,0.71,2,1196179,1195722,457
83260741,29.8486,28.5738,458,45446,0.886355,0.75,2,1196208,1195750,458
83263661,37.9697,36.9148,459,45492,0.873271,0.77,2,1196248,1195789,459
83266581,41.9939,41.783,459,45538,0.902654,0.79,2,1196291,1195832,459
83476821,29,9,531,48758,0.71,1,1,1198531,1198000,531
83479741,15.4,32.2,505,48801,0.702,1,1,1198543,1198038,505
83482661,19.88,32.84,493,48844,0.6444,1,1,1198564,1198071,493
83485581,27.976,6.568,523,48887,0.61688,1,1,1198594,1198071,523
83488501,34.3952,26.9136,527,48930,0.515376,1,1,1198630,1198103,527
83491421,31.679,27.7827,530,48973,0.479075,1,1,1198661,1198131,530
83494341,25.5358,31.9565,521,49016,0.407815,1,1,1198685,1198164,521
83497261,30.7072,35.1913,517,49059,0.361563,1,1,1198717,1198200,517
83500181,31.7414,35.8383,513,49102,0.304313,1,1,1198749,1198236,513
83503101,35.9483,36.7677,513,49145,0.260863,1,1,1198786,1198273,513
83506021,31.1897,35.3535,508,49188,0.284173,1,1,1198816,1198308,508
83508941,27.0379,31.0707,504,49231,0.160835,1,1,1198842,1198338,504
83511861,32.6076,30.2141,508,49274,0.216167,1,1,1198876,1198368,508
83514781,28.1215,35.6428,498,49317,0.179233,0.91,1,1198903,1198405,498
83517701,23.2243,30.3286,491,49360,0.219847,0.83,1,1198925,1198434,491
83520621,32.6449,30.8657,495,49403,0.163969,0.89,1,1198960,1198465,495
83523541,27.329,35.7731,484,49446,0.136794,0.71,1,1198986,1198502,484
83526461,11.8658,30.3546,463,49489,0.195359,0.7,1,1198994,1198531,463
83529381,20.7732,15.6709,474,49532,0.191072,0.63,1,1199017,1198543,474
83532301,26.5546,19.9342,481,49575,0.190214,0.61,1,1199045,1198564,481
83535221,30.9109,27.9868,483,49617,0.174043,0.49,1,1199077,1198594,483
83538141,27.7822,34.3974,474,49659,0.234809,0.47,1,1199104,1198630,474
83541061,23.1564,31.6795,465,49701,0.246962,0.39,1,1199126,1198661,465
83543981,29.4313,25.5359,472,49743,0.201392,0.35,1,1199157,1198685,472
83546901,30.6863,30.7072,471,49785,0.240278,0.29,1,1199188,1198717,471
83549821,31.7373,31.7414,471,49827,0.184056,0.25,1,1199220,1198749,471
83552741,27.9475,35.9483,461,49869,0.252811,0.29,1,1199247,1198786,461
83555661,27.1895,31.1897,458,49911,0.282562,0.13,1,1199274,1198816,458
83558581,33.4379,27.0379,467,49953,0.320512,0.23,1,1199309,1198842,467
83561501,25.8876,32.6076,457,49995,0.344102,0.17,1,1199333,1198876,457
83564421,21.1775,28.1215,450,50037,0.316821,0.23,1,1199353,1198903,450
83567341,33.0355,23.2243,464,50079,0.359364,0.15,1,1199389,1198925,464
83570261,27.4071,32.6449,455,50121,0.351873,0.13,1,1199415,1198960,455
83573181,11.8814,27.329,437,50163,0.350375,0.21,1,1199423,1198986,437
83576101,21.5763,11.8658,453,50205,0.350075,0.19,1,1199447,1198994,453
83579021,25.1153,20.7732,456,50247,0.382015,0.19,1,1199473,1199017,456
83581941,33.0231,26.5546,463,50289,0.404403,0.17,1,1199508,1199045,463
83584861,8.20461,30.9109,433,50331,0.408881,0.25,1,1199510,1199077,433
83587781,23.2409,27.7822,433,50373,0.425776,0.25,1,1199537,1199104,433
83590701,23.0482,23.1564,434,50415,0.413155,0.19,1,1199560,1199126,434
83593621,27.0096,29.4313,431,50457,0.410631,0.25,1,1199588,1199157,431
83596541,31.0019,30.6863,432,50499,0.442126,0.17,1,1199620,1199188,432
83599461,31.0004,31.7373,431,50541,0.448425,0.27,1,1199651,1199220,431
83602381,31.0001,27.9475,435,50583,0.433685,0.29,1,1199682,1199247,435
83605301,29.4,27.1895,437,50625,0.446737,0.33,1,1199711,1199274,437
83608221,34.68,33.4379,438,50667,0.529347,0.35,1,1199747,1199309,438
83611141,25.336,25.8876,437,50709,0.56187,0.31,1,1199770,1199333,437
83614061,21.0672,21.1775,437,50751,0.568374,0.37,1,1199790,1199353,437
83616981,33.8134,33.0355,438,50793,0.601675,0.35,1,1199827,1199389,438
83619901,28.3627,27.4071,439,50834,0.640335,0.35,1,1199854,1199415,439
83622821,12.0725,11.8814,439,50875,0.616067,0.35,1,1199862,1199423,439
83625741,22.4145,21.5763,440,50916,0.627213,0.39,1,1199887,1199447,440
83628661,26.0829,25.1153,441,50957,0.613443,0.41,1,1199914,1199473,441
83631581,34.0166,33.0231,442,50998,0.610689,0.41,1,1199950,1199508,442
83634501,8.40332,8.20461,442,51039,0.642138,0.43,1,1199952,1199510,442
83637421,22.4807,23.2409,441,51080,0.632428,0.41,1,1199978,1199537,441
83640341,23.6961,23.0482,442,51121,0.646486,0.41,1,1200002,1199560,442
83643261,27.1392,27.0096,442,51162,0.665297,0.45,1,1200030,1199588,442
83646181,31.0278,31.0019,442,51203,0.669059,0.45,1,1200062,1199620,442
83649101,31.8056,31.0004,443,51244,0.717812,0.43,1,1200094,1199651,443
83652021,31.1611,31.0001,443,51285,0.743562,0.45,1,1200125,1199682,443
83654941,30.2322,29.4,444,51326,0.748712,0.55,1,1200155,1199711,444
83657861,37.2464,34.68,447,51367,0.765742,0.57,2,1200194,1199747,447
83660781,26.6493,25.336,448,51408,0.753148,0.57,2,1200218,1199770,448
83663701,21.3299,21.0672,448,51449,0.76663,0.61,2,1200238,1199790,448
83666621,36.266,33.8134,451,51490,0.801326,0.65,2,1200278,1199827,451
83669541,29.6532,28.3627,452,51531,0.824265,0.61,2,1200306,1199854,452
83672461,12.3306,12.0725,452,51572,0.828853,0.63,2,1200314,1199862,452
83675381,21.6661,22.4145,451,51613,0.861771,0.61,2,1200338,1199887,451
83678301,26.7332,26.0829,452,51654,0.836354,0.61,2,1200366,1199914,452
83681221,34.1466,34.0166,452,51695,0.863271,0.65,2,1200402,1199950,452
83684141,8.42933,8.40332,452,51736,0.900654,0.63,2,1200404,1199952,452
83687061,23.2859,22.4807,453,51777,0.908131,0.63,2,1200431,1199978,453
83689981,23.8572,4.49613,477,51818,0.877626,0.65,2,1200455,1199978,477
83692901,27.9714,20.0992,482,51859,0.855525,0.67,2,1200484,1200002,482
83695821,31.1943,26.4198,486,51900,0.851105,0.67,2,1200516,1200030,486
83698741,34.2389,30.884,489,51941,0.866221,0.73,2,1200551,1200062,489
83701661,32.4478,31.7768,489,51982,0.885244,0.75,2,1200583,1200094,489
83704581,30.4896,31.1554,488,52023,0.905049,0.75,2,1200613,1200125,488
83958621,56,32,473,25633,0.07,0.33,1,1203091,1202618,473
83961541,72,63.2,478,25716,0.054,0.23,1,1203167,1202689,478
83964461,52.8,73.44,450,25798,0.0348,0.13,1,1203215,1202765,450
83967381,28.96,48.288,431,25880,0.11096,0.05,1,1203238,1202807,431
83970301,57.792,54.4576,440,25962,0.046192,0.01,1,1203303,1202863,440
83973221,30.7584,36.4915,432,26044,0.0332384,0.13,1,1203327,1202895,432
83976141,39.7517,16.8983,462,26125,0.0146477,0.07,1,1203369,1202907,462
83979061,51.1503,55.3797,451,26206,0.0269295,0.05,1,1203423,1202972,451
83981981,83.0301,61.4759,479,26287,0.0293859,0.07,1,1203514,1203035,479
83984901,77.406,57.0952,499,26368,0.0458772,0.05,1,1203590,1203091,499
83987821,55.4812,72.219,473,26448,0.113175,0.03,1,1203640,1203167,473
83990741,30.2962,52.8438,449,26528,0.126635,0.13,1,1203664,1203215,449
83993661,54.0592,28.9688,486,26608,0.081327,0.03,1,1203724,1203238,486
83996581,30.8118,57.7938,446,26688,0.0722654,0.03,1,1203749,1203303,446
83999501,38.9624,30.7588,463,26767,0.0864531,0.01,1,1203790,1203327,463
84002421,51.7925,39.7518,476,26846,0.121291,0.03,1,1203845,1203369,476
84005341,11.9585,51.1504,424,26925,0.144258,0.03,1,1203847,1203423,424
84008261,75.1917,83.0301,424,27004,0.180852,0.05,1,1203938,1203514,424
84011181,75.8383,77.406,424,27082,0.10817,0.13,1,1204014,1203590,424
84014101,58.3677,55.4812,428,27160,0.125634,0.13,1,1204068,1203640,428
84017021,29.2735,30.2962,426,27238,0.0971268,0.07,1,1204090,1203664,426
84019941,53.8547,54.0592,426,27316,0.171425,0.07,1,1204150,1203724,426
84022861,29.9709,30.8118,425,27394,0.202285,0.09,1,1204174,1203749,425
84025781,39.5942,38.9624,426,27471,0.272457,0.13,1,1204216,1203790,426
84028701,54.3188,51.7925,429,27548,0.286491,0.15,1,1204274,1203845,429
84031621,12.4638,11.9585,429,27625,0.289298,0.19,1,1204276,1203847,429
84034541,75.2928,75.1917,429,27702,0.28986,0.09,1,1204367,1203938,429
84037461,73.4586,75.8383,426,27778,0.353972,0.13,1,1204440,1204014,426
84040381,57.8917,58.3677,426,27854,0.382794,0.09,1,1204494,1204068,426
84043301,29.1783,29.2735,426,27930,0.388559,0.19,1,1204516,1204090,426
84046221,58.6357,53.8547,432,28006,0.501712,0.21,1,1204582,1204150,432
84049141,30.9271,29.9709,432,28082,0.524342,0.29,1,1204606,1204174,432
84052061,41.3854,39.5942,434,28157,0.512868,0.29,1,1204650,1204216,434
84054981,56.2771,54.3188,436,28232,0.526574,0.29,1,1204710,1204274,436
84057901,12.8554,12.4638,436,28307,0.561315,0.29,1,1204712,1204276,436
84060821,75.3711,75.2928,436,28382,0.584263,0.29,1,1204803,1204367,436
84063741,74.2742,15.0586,510,28457,0.572853,0.37,1,1204877,1204367,510
84066661,60.4548,61.4117,494,28531,0.570571,0.39,1,1204934,1204440,494
84069581,30.491,55.4823,463,28605,0.586114,0.39,1,1204957,1204494,463
84072501,63.6982,28.6965,513,28679,0.605223,0.53,1,1205029,1204516,513
84075421,31.9396,58.5393,471,28753,0.625045,0.53,1,1205053,1204582,471
84078341,40.7879,30.9079,490,28827,0.613009,0.51,1,1205096,1204606,490
84081261,57.7576,41.3816,508,28900,0.610602,0.53,1,1205158,1204650,508
84084181,13.1515,56.2763,450,28973,0.65812,0.57,1,1205160,1204710,450
84087101,75.4303,12.8553,539,29046,0.651624,0.59,1,1205251,1204712,539
84090021,75.8861,75.3711,524,29119,0.650325,0.57,1,1205327,1204803,524
84092941,59.9772,74.2742,506,29192,0.650065,0.57,1,1205383,1204877,506
84095861,29.5954,60.4548,471,29265,0.666013,0.59,1,1205405,1204934,471
84098781,65.9191,30.491,523,29337,0.717203,0.61,1,1205480,1204957,523
84101701,33.1838,63.6982,476,29409,0.711441,0.63,1,1205505,1205029,476
84104621,40.2368,31.9396,494,29481,0.726288,0.61,1,1205547,1205053,494
84107541,59.2474,40.7879,515,29553,0.713258,0.61,1,1205611,1205096,515
84110461,13.4495,57.7576,455,29625,0.710651,0.67,1,1205613,1205158,455
84113381,75.4899,13.1515,544,29696,0.82213,0.65,2,1205704,1205160,544
84116301,75.898,75.4303,529,29767,0.844426,0.65,2,1205780,1205251,529
84119221,59.9796,75.8861,509,29838,0.880885,0.65,2,1205836,1205327,509
84122141,13.5959,59.9772,455,29909,0.888177,0.67,2,1205838,1205383,455
84125061,20.3192,29.5954,455,29980,0.889635,0.73,2,1205860,1205405,455
84127981,66.4638,65.9191,458,30051,0.921927,0.71,2,1205938,1205480,458
84130901,32.4928,33.1838,457,30121,0.896385,0.73,2,1205962,1205505,457
84271061,32,33,490,33326,0.83,0.9,2,1208238,1207748,490
84273981,33.6,41,481,33389,0.878,1,2,1208272,1207791,481
84276901,49.12,40.2,494,33452,0.9036,1,2,1208325,1207831,494
84279821,35.424,37.64,489,33515,0.87672,0.96,2,1208357,1207868,489
84282741,30.2848,37.128,481,33578,0.887344,0.84,2,1208386,1207905,481
84285661,19.657,21.8256,480,33641,0.921469,1,2,1208403,1207923,480
84434581,41,39,492,36709,0.45,1,1,1210585,1210093,492
84437501,24.2,33.4,480,36767,0.498,1,1,1210605,1210125,480
84440421,46.44,41.08,489,36824,0.3156,1,1,1210657,1210168,489
84443341,24.488,34.616,475,36881,0.29512,1,1,1210676,1210201,475
84446261,29.6976,30.9232,476,36938,0.259024,0.99,1,1210707,1210231,476
84449181,45.1395,43.7846,478,36995,0.171805,0.99,1,1210756,1210278,478
84452101,34.6279,32.7569,480,37052,0.106361,0.92,1,1210788,1210308,480
84455021,28.5256,32.1514,475,37109,0.0772722,0.87,1,1210815,1210340,475
84457941,28.9051,36.8303,466,37166,0.103454,0.87,1,1210844,1210378,466
84460861,25.781,7.36605,491,37223,0.0606909,0.95,1,1210869,1210378,491
84463781,52.3562,24.6732,521,37280,0.0681382,0.79,1,1210928,1210407,521
84466701,57.6712,54.5346,518,37337,0.0856276,0.55,1,1210987,1210469,518
84469621,45.9342,70.9069,486,37394,0.0731255,0.45,1,1211030,1210544,486
84472541,22.7868,46.9814,462,37451,0.118625,0.51,1,1211047,1210585,462
84475461,41.3574,25.3963,488,37507,0.111725,0.27,1,1211093,1210605,488
84478381,22.6715,46.6793,454,37563,0.110345,0.29,1,1211111,1210657,454
84481301,26.9343,24.5359,463,37619,0.158069,0.25,1,1211139,1210676,463
84484221,41.3869,29.7072,477,37675,0.199614,0.15,1,1211184,1210707,477
84487141,31.4774,45.1414,457,37731,0.175923,0.09,1,1211213,1210756,457
84490061,27.0955,34.6283,451,37787,0.219185,0.07,1,1211239,1210788,451
84492981,28.6191,28.5257,453,37843,0.195837,0.11,1,1211268,1210815,453
84495901,26.5238,28.9051,450,37899,0.207167,0.05,1,1211294,1210844,450
84498821,53.3048,25.781,485,37955,0.225433,0.07,1,1211354,1210869,485
84501741,54.661,52.3562,481,38011,0.261087,0.09,1,1211409,1210928,481
84504661,48.5322,57.6712,469,38067,0.236217,0.07,1,1211456,1210987,469
84507581,24.9064,45.9342,445,38122,0.231243,0.13,1,1211475,1211030,445
84510501,40.1813,22.7868,472,38177,0.246249,0.11,1,1211519,1211047,472
84513421,24.0363,41.3574,446,38232,0.24925,0.11,1,1211539,1211093,446
84516341,26.4073,22.6715,455,38287,0.26585,0.17,1,1211566,1211111,455
84519261,42.8815,26.9343,474,38342,0.26917,0.21,1,1211613,1211139,474
84522181,33.3763,41.3869,460,38397,0.285834,0.17,1,1211644,1211184,460
84525101,27.4753,31.4774,457,38452,0.289167,0.23,1,1211670,1211213,457
84528021,28.6951,27.0955,460,38507,0.305833,0.19,1,1211699,1211239,460
84530941,27.339,28.6191,458,38562,0.309167,0.21,1,1211726,1211268,458
84533861,53.4678,26.5238,492,38617,0.309833,0.23,1,1211786,1211294,492
84536781,12.2936,53.3048,434,38672,0.309967,0.27,1,1211788,1211354,434
84539701,45.6587,54.661,433,38727,0.341993,0.23,1,1211842,1211409,433
84542621,46.7317,48.5322,433,38782,0.364399,0.23,1,1211889,1211456,433
84545541,24.5463,24.9064,433,38836,0.40088,0.25,1,1211908,1211475,433
84548461,40.9093,40.1813,434,38890,0.360176,0.25,1,1211953,1211519,434
84551381,24.1819,24.0363,434,38944,0.416035,0.27,1,1211973,1211539,434
84554301,28.0364,26.4073,436,38998,0.411207,0.27,1,1212002,1211566,436
84557221,42.4073,42.8815,435,39052,0.458241,0.29,1,1212048,1211613,435
84560141,34.0815,33.3763,436,39106,0.419648,0.29,1,1212080,1211644,436
84563061,27.6163,27.4753,436,39160,0.41193,0.31,1,1212106,1211670,436
84565981,27.9233,28.6951,435,39214,0.410386,0.31,1,1212134,1211699,435
84568901,28.7847,27.339,437,39268,0.458077,0.31,1,1212163,1211726,437
84571821,53.7569,53.4678,437,39322,0.515615,0.31,1,1212223,1211786,437
84574741,12.3514,12.2936,437,39376,0.527123,0.35,1,1212225,1211788,437
84577661,45.6703,45.6587,437,39430,0.561425,0.37,1,1212279,1211842,437
84580581,47.5341,46.7317,438,39484,0.632285,0.41,1,1212327,1211889,438
84583501,26.3068,24.5463,440,39537,0.662457,0.35,1,1212348,1211908,440
84586421,41.2614,40.9093,440,39590,0.668491,0.43,1,1212393,1211953,440
84589341,25.0523,24.1819,441,39643,0.685698,0.41,1,1212414,1211973,441
84592261,29.0105,28.0364,442,39696,0.72114,0.47,1,1212444,1212002,442
84595181,43.4021,42.4073,443,39749,0.728228,0.41,1,1212491,1212048,443
84598101,33.4804,34.0815,442,39802,0.729646,0.41,1,1212522,1212080,442
84601021,27.4961,27.6163,442,39855,0.761929,0.41,2,1212548,1212106,442
84603941,27.8992,27.9233,442,39908,0.752386,0.47,2,1212576,1212134,442
84606861,31.1798,28.7847,445,39961,0.782477,0.53,2,1212608,1212163,445
84609781,56.636,53.7569,448,40014,0.820495,0.53,2,1212671,1212223,448
84612701,12.9272,12.3514,448,40067,0.860099,0.53,2,1212673,1212225,448
84615621,47.3854,2.47028,504,40120,0.85202,0.57,2,1212729,1212225,504
84618541,48.6771,43.6941,499,40173,0.866404,0.65,2,1212778,1212279,499
84621461,28.1354,47.1388,474,40226,0.853281,0.67,2,1212801,1212327,474
84624381,42.4271,26.2278,499,40278,0.866656,0.67,2,1212847,1212348,499
84627301,26.0854,41.2456,476,40330,0.885331,0.69,2,1212869,1212393,476
84630221,30.0171,25.0491,486,40382,0.873066,0.73,2,1212900,1212414,486
84633141,43.6034,29.0098,503,40434,0.870613,0.73,2,1212947,1212444,503
84636061,34.3207,43.402,488,40486,0.918123,0.73,2,1212979,1212491,488
84638981,27.6641,33.4804,483,40538,0.927625,0.77,2,1213005,1212522,483
84641901,28.7328,27.4961,486,40590,0.945525,0.75,2,1213034,1212548,486
84840461,18,32,487,43985,0.95,1,2,1215382,1214895,487
84843381,28.4,18.4,503,44033,0.918,1,2,1215413,1214910,503
84846301,30.48,30.08,501,44081,0.8636,1,2,1215444,1214943,501
84849221,58.096,30.016,536,44129,0.82072,1,2,1215509,1214973,536
84852141,37.2192,56.4032,505,44177,0.796144,1,2,1215541,1215036,505
84855061,31.4438,39.2806,500,44225,0.759229,1,2,1215571,1215071,500
84857981,51.0888,34.2561,523,44273,0.799846,0.93,2,1215627,1215104,523
84860901,32.6178,50.8512,496,44321,0.759969,0.94,2,1215655,1215159,496
84863821,30.5236,33.3702,497,44369,0.767994,0.99,2,1215685,1215188,497
84866741,24.5047,29.074,492,44417,0.753599,1,2,1215708,1215216,492
84869661,23.3009,25.0148,491,44464,0.76672,1,2,1215731,1215240,491
84872581,6.26019,24.203,469,44511,0.737344,0.91,1,1215733,1215264,469
84875501,37.252,40.0406,470,44558,0.779469,0.91,2,1215778,1215308,470
84878421,32.2504,33.6081,469,44605,0.771894,0.93,2,1215809,1215340,469
84881341,24.8501,25.9216,468,44652,0.786379,0.95,2,1215832,1215364,468
84884261,20.17,19.5843,469,44699,0.821276,0.91,2,1215851,1215382,469
84887181,26.434,28.7169,466,44746,0.828255,0.85,2,1215879,1215413,466
84890101,28.4868,30.5434,464,44793,0.845651,0.81,2,1215908,1215444,464
84893021,55.2974,58.1087,461,44840,0.81713,0.79,2,1215970,1215509,461
84895941,36.6595,37.2217,461,44887,0.843426,0.75,2,1216002,1215541,461
84898861,29.7319,31.4443,459,44934,0.848685,0.81,2,1216030,1215571,459
84901781,52.3464,51.0889,461,44981,0.881737,0.75,2,1216088,1215627,461
84904701,32.0693,32.6178,460,45028,0.888347,0.77,2,1216115,1215655,460
84907621,28.8139,30.5236,458,45075,0.905669,0.75,2,1216143,1215685,458
85114941,117,99,524,22093,0.01,1,1,1218500,1217976,524
85117861,67.4,80.6,503,22189,0.058,1,1,1218555,1218052,503
85120781,73.48,74.52,505,22285,0.0196,1,1,1218630,1218125,505
85123701,64.296,68.504,500,22380,0.02792,0.79,1,1218692,1218192,500
85126621,56.0592,72.1008,481,22475,0.045584,0.75,1,1218746,1218265,481
85129541,37.6118,45.6202,475,22569,0.113117,0.67,1,1218779,1218304,475
85132461,45.1224,35.524,489,22663,0.158623,0.51,1,1218826,1218337,489
85135381,88.2245,43.9048,542,22757,0.0397247,0.01,1,1218925,1218383,542
85138301,59.2449,102.381,477,22850,0.00794493,0.07,1,1218977,1218500,477
85141221,72.649,64.4762,498,22943,0.025589,0.01,1,1219053,1218555,498
85144141,64.1298,72.8952,485,23035,0.0451178,0.03,1,1219115,1218630,485
85147061,56.026,64.179,477,23127,0.0810236,0.05,1,1219169,1218692,477
85149981,40.8052,56.0358,460,23219,0.136205,0.13,1,1219206,1218746,460
85152901,46.561,37.6072,475,23310,0.115241,0.17,1,1219254,1218779,475
85155821,84.5122,45.1214,522,23401,0.175048,0.01,1,1219348,1218826,522
85158741,58.5024,88.2243,475,23492,0.10701,0,1,1219400,1218925,475
85161661,71.7005,59.2449,498,23582,0.0294019,0.03,1,1219475,1218977,498
85164581,64.7401,72.649,485,23672,0.0778804,0.05,1,1219538,1219053,485
85167501,58.548,64.1298,480,23762,0.119576,0.09,1,1219595,1219115,480
85170421,42.9096,56.026,465,23851,0.111915,0.15,1,1219634,1219169,465
85173341,46.9819,40.8052,476,23940,0.142383,0.11,1,1219682,1219206,476
85176261,10.9964,46.561,430,24029,0.148477,0.19,1,1219684,1219254,430
85179181,78.1993,84.5122,431,24117,0.181695,0.09,1,1219779,1219348,431
85182101,51.6399,58.5024,424,24205,0.172339,0.01,1,1219824,1219400,424
85185021,69.528,71.7005,423,24293,0.0584678,0.09,1,1219898,1219475,423
85187941,66.7056,64.7401,426,24380,0.0516936,0.13,1,1219964,1219538,426
85190861,60.5411,58.548,428,24467,0.0983387,0.11,1,1220023,1219595,428
85193781,42.5082,42.9096,427,24554,0.123668,0.15,1,1220061,1219634,427
85196701,49.3016,46.9819,430,24640,0.144734,0.15,1,1220112,1219682,430
85199621,11.4603,10.9964,430,24726,0.148947,0.19,1,1220114,1219684,430
85202541,77.4921,78.1993,429,24812,0.165789,0.17,1,1220208,1219779,429
85205461,52.2984,51.6399,430,24897,0.201158,0.03,1,1220254,1219824,430
85208381,63.2597,69.528,422,24982,0.224232,0.05,1,1220320,1219898,422
85211301,67.0519,66.7056,424,25067,0.228846,0.11,1,1220388,1219964,424
85214221,62.2104,60.5411,426,25152,0.213769,0.13,1,1220449,1220023,426
85217141,43.6421,42.5082,427,25236,0.242754,0.15,1,1220488,1220061,427
85220061,50.3284,49.3016,428,25320,0.280551,0.15,1,1220540,1220112,428
85222981,11.6657,11.4603,428,25404,0.28811,0.17,1,1220542,1220114,428
85225901,79.1331,77.4921,430,25487,0.369622,0.17,1,1220638,1220208,430
85228821,53.4266,15.4984,477,25570,0.369924,0.21,1,1220685,1220208,477
85231741,62.6853,39.8997,496,25653,0.369985,0.23,1,1220750,1220254,496
85234661,66.9371,60.7799,498,25736,0.369997,0.23,1,1220818,1220320,498
85237581,62.1874,66.556,491,25818,0.353999,0.21,1,1220879,1220388,491
85240501,45.2375,62.1112,471,25900,0.3348,0.25,1,1220920,1220449,471
85243421,53.0475,43.6222,487,25982,0.36296,0.29,1,1220975,1220488,487
85246341,12.2095,50.3244,437,26064,0.368592,0.29,1,1220977,1220540,437
85249261,83.2419,11.6649,536,26145,0.465718,0.39,1,1221078,1220542,536
85252181,53.4484,79.133,486,26226,0.517144,0.37,1,1221124,1220638,486
85255101,62.6897,53.4266,504,26307,0.543429,0.37,1,1221189,1220685,504
85258021,66.9379,62.6853,507,26388,0.564686,0.37,1,1221257,1220750,507
85260941,61.3876,66.9371,499,26468,0.568937,0.35,1,1221317,1220818,499
85263861,45.0775,62.1874,479,26548,0.585787,0.33,1,1221358,1220879,479
85266781,54.6155,45.2375,495,26628,0.605157,0.37,1,1221415,1220920,495
85269701,12.5231,53.0475,442,26708,0.641032,0.37,1,1221417,1220975,442
85272621,88.9046,12.2095,548,26787,0.712206,0.49,1,1221525,1220977,548
85275541,54.5809,83.2419,493,26866,0.694441,0.53,1,1221571,1221078,493
85278461,12.5162,53.4484,449,26945,0.690888,0.55,1,1221573,1221124,449
85281381,54.5032,62.6897,449,27024,0.706178,0.57,1,1221638,1221189,449
85284301,66.1006,66.9379,450,27102,0.725236,0.57,1,1221707,1221257,450
85287221,61.2201,61.3876,450,27180,0.777047,0.59,2,1221767,1221317,450
85290141,44.244,45.0775,449,27258,0.787409,0.61,2,1221807,1221358,449
85293061,56.8488,54.6155,452,27336,0.789482,0.65,2,1221867,1221415,452
85295981,12.9698,12.5231,452,27413,0.821896,0.73,2,1221869,1221417,452
85298901,92.194,88.9046,456,27490,0.876379,0.69,2,1221981,1221525,456
85301821,55.2388,54.5809,456,27567,0.871276,0.69,2,1222027,1221571,456
85304741,12.6478,12.5162,456,27644,0.870255,0.71,2,1222029,1221573,456
85433221,32,37,481,30834,0.77,1,2,1224278,1223797,481
85436141,79.2,78.6,483,30903,0.594,1,1,1224369,1223886,483
85439061,47.84,45.32,486,30971,0.5428,1,1,1224409,1223923,486
85441981,26.368,31.464,479,31039,0.56456,1,1,1224430,1223951,479
85444901,49.2736,47.0928,483,31107,0.488912,1,1,1224485,1224002,483
85447821,41.8547,47.8186,475,31175,0.425782,0.92,1,1224525,1224050,475
85450741,39.5709,45.5637,469,31243,0.413156,0.89,1,1224564,1224095,469
85453661,36.7142,38.7127,468,31311,0.378631,0.89,1,1224600,1224132,468
85456581,34.5428,7.74255,502,31379,0.355726,0.88,1,1224634,1224132,502
85459501,62.9086,30.3485,536,31446,0.255145,0.87,1,1224704,1224168,536
85462421,38.1817,68.4697,490,31513,0.203029,0.77,1,1224736,1224246,490
85465341,67.6363,39.2939,533,31580,0.240606,0.55,1,1224811,1224278,533
85468261,46.3273,80.6588,483,31647,0.200121,0.53,1,1224852,1224369,483
85471181,26.8655,48.1318,465,31714,0.160024,0.57,1,1224874,1224409,465
85474101,49.3731,26.4264,499,31781,0.184005,0.47,1,1224929,1224430,499
85477021,36.2746,49.2853,477,31848,0.204801,0.41,1,1224962,1224485,477
85479941,38.4549,41.8571,476,31914,0.22496,0.41,1,1225001,1224525,476
85482861,36.491,39.5714,473,31980,0.324992,0.37,1,1225037,1224564,473
85485781,33.6982,36.7143,470,32046,0.312998,0.35,1,1225070,1224600,470
85488701,58.7396,34.5429,501,32112,0.3426,0.23,1,1225135,1224634,501
85491621,37.3479,62.9086,463,32178,0.41252,0.19,1,1225167,1224704,463
85494541,69.0696,38.1817,508,32244,0.410504,0.25,1,1225244,1224736,508
85497461,42.6139,67.6363,469,32310,0.410101,0.19,1,1225280,1224811,469
85500381,26.1228,46.3273,450,32375,0.41002,0.15,1,1225302,1224852,450
85503301,50.8246,26.8655,485,32440,0.426004,0.19,1,1225359,1224874,485
85506221,37.3649,49.3731,464,32505,0.461201,0.21,1,1225393,1224929,464
85509141,41.873,36.2746,474,32570,0.53224,0.23,1,1225436,1224962,474
85512061,37.9746,38.4549,472,32635,0.546448,0.35,1,1225473,1225001,472
85514981,36.3949,36.491,472,32700,0.56529,0.31,1,1225509,1225037,472
85517901,58.479,33.6982,503,32765,0.585058,0.35,1,1225573,1225070,503
85520821,13.2958,58.7396,440,32830,0.589012,0.43,1,1225575,1225135,440
85523741,29.0592,37.3479,441,32894,0.637802,0.41,1,1225608,1225167,441
85526661,68.2118,69.0696,442,32958,0.64756,0.41,1,1225686,1225244,442
85529581,42.4424,42.6139,442,33022,0.697512,0.41,1,1225722,1225280,442
85532501,26.0885,26.1228,442,33086,0.707502,0.43,1,1225744,1225302,442
85535421,51.6177,50.8246,443,33150,0.7255,0.47,1,1225802,1225359,443
85538341,39.9235,37.3649,446,33214,0.7451,0.55,1,1225839,1225393,446
85541261,44.7847,41.873,449,33278,0.76502,0.55,2,1225885,1225436,449
85544181,39.3569,37.9746,450,33342,0.785004,0.57,2,1225923,1225473,450
85547101,36.6714,36.3949,450,33405,0.773001,0.59,2,1225959,1225509,450
85550021,59.3343,58.479,451,33468,0.8346,0.59,2,1226024,1225573,451
85552941,13.4669,13.2958,451,33531,0.84692,0.65,2,1226026,1225575,451
85555861,29.8934,29.0592,452,33594,0.833384,0.65,2,1226060,1225608,452
85558781,70.7787,68.2118,455,33657,0.862677,0.71,2,1226141,1225686,455
85561701,42.9557,42.4424,455,33720,0.900535,0.71,2,1226177,1225722,455
85564621,26.1911,26.0885,455,33783,0.908107,0.73,2,1226199,1225744,455
85567541,52.4382,51.6177,456,33846,0.925621,0.75,2,1226258,1225802,456
85716461,75,63,495,36895,0.37,1,1,1228402,1227907,495
85719381,42.2,31,506,36952,0.306,1,1,1228436,1227930,506
85722301,38.04,33.4,509,37009,0.2612,1,1,1228473,1227964,509
85725221,43.608,59.48,488,37066,0.23624,1,1,1228518,1228030,488
85728141,40.7216,47.096,484,37123,0.071248,1,1,1228558,1228074,484
85731061,30.5443,27.8192,489,37180,0.0542496,1,1,1228586,1228097,489
85733981,17.3089,5.56384,503,37237,0.0348499,1,1,1228600,1228097,503
85736901,28.2618,19.5128,511,37294,0.04697,0.82,1,1228631,1228120,511
85739821,34.4524,32.7026,511,37351,0.033394,0.92,1,1228667,1228156,511
85742741,50.0905,38.5405,525,37408,0.0946788,1,1,1228721,1228196,525
85745661,31.6181,56.5081,491,37464,0.0269358,0.89,1,1228748,1228257,491
85748581,32.7236,37.7016,491,37520,0.0133872,0.71,1,1228781,1228290,491
85751501,57.7447,37.1403,518,37576,0.0266774,0.37,1,1228845,1228327,518
85754421,35.5489,67.4281,473,37632,0.0773355,0.29,1,1228875,1228402,473
85757341,30.3098,40.6856,468,37688,0.0554671,0.25,1,1228904,1228436,468
85760261,38.862,37.7371,472,37744,0.115093,0.23,1,1228945,1228473,472
85763181,34.9724,43.5474,461,37800,0.143019,0.03,1,1228979,1228518,461
85766101,30.1945,40.7095,450,37856,0.164604,0.05,1,1229008,1228558,450
85769021,17.2389,30.5419,436,37912,0.104921,0.03,1,1229022,1228586,436
85771941,28.2478,17.3084,453,37968,0.0609841,0.05,1,1229053,1228600,453
85774861,34.4496,28.2617,458,38024,0.0521968,0.03,1,1229089,1228631,458
85777781,50.0899,34.4523,476,38080,0.0344394,0.11,1,1229143,1228667,476
85780701,31.618,50.0905,449,38135,0.0468879,0.01,1,1229170,1228721,449
85783621,32.7236,31.6181,455,38190,0.0173776,0.01,1,1229203,1228748,455
85786541,56.9447,32.7236,485,38245,0.0754755,0.03,1,1229266,1228781,485
85789461,36.9889,57.7447,453,38300,0.0550951,0.09,1,1229298,1228845,453
85792381,30.5978,35.5489,452,38355,0.099019,0.05,1,1229327,1228875,452
85795301,40.5196,30.3098,466,38410,0.123804,0.13,1,1229370,1228904,466
85798221,37.7039,38.862,462,38465,0.128761,0.15,1,1229407,1228945,462
85801141,28.3408,34.9724,454,38520,0.161752,0.17,1,1229433,1228979,454
85804061,16.8682,30.1945,439,38575,0.16835,0.09,1,1229447,1229008,439
85806981,4.97363,17.2389,427,38630,0.16967,0.05,1,1229449,1229022,427
85809901,21.7947,28.2478,422,38685,0.169934,0.05,1,1229475,1229053,422
85812821,34.7589,34.4496,424,38740,0.105987,0.03,1,1229513,1229089,424
85815741,49.3518,50.0899,423,38795,0.0451974,0.05,1,1229566,1229143,423
85818661,32.2704,31.618,424,38849,0.0490395,0.01,1,1229594,1229170,424
85821581,32.0541,32.7236,423,38903,0.0498079,0.09,1,1229626,1229203,423
85824501,59.2108,56.9447,426,38957,0.0659616,0.05,1,1229692,1229266,426
85827421,36.6422,36.9889,425,39011,0.117192,0.11,1,1229723,1229298,425
85830341,32.9284,30.5978,428,39065,0.175438,0.13,1,1229755,1229327,428
85833261,40.9857,40.5196,428,39119,0.171088,0.13,1,1229798,1229370,428
85836181,39.3971,37.7039,430,39173,0.186218,0.17,1,1229837,1229407,430
85839101,28.6794,28.3408,430,39227,0.205244,0.17,1,1229863,1229433,430
85842021,16.9359,16.8682,430,39281,0.241049,0.17,1,1229877,1229447,430
85844941,4.98718,4.97363,430,39335,0.29621,0.17,1,1229879,1229449,430
85847861,21.7974,21.7947,430,39389,0.275242,0.09,1,1229905,1229475,430
85850781,29.9595,34.7589,424,39443,0.287048,0.03,1,1229937,1229513,424
85853701,48.3919,49.3518,424,39497,0.30541,0.05,1,1229990,1229566,424
85856621,32.0784,32.2704,424,39550,0.309082,0.05,1,1230018,1229594,424
85859541,32.0157,32.0541,424,39603,0.277816,0.07,1,1230050,1229626,424
85862461,61.6031,59.2108,427,39656,0.287563,0.13,1,1230119,1229692,427
85865381,37.9206,36.6422,428,39709,0.321513,0.19,1,1230151,1229723,428
85868301,35.5841,32.9284,431,39762,0.328303,0.17,1,1230186,1229755,431
85871221,40.7168,40.9857,430,39815,0.345661,0.19,1,1230228,1229798,430
85874141,40.1434,39.3971,431,39868,0.365132,0.21,1,1230268,1229837,431
85877061,31.2287,28.6794,434,39921,0.401026,0.25,1,1230297,1229863,434
85879981,18.2457,16.9359,435,39974,0.392205,0.31,1,1230312,1229877,435
85882901,5.24915,4.98718,435,40027,0.390441,0.27,1,1230314,1229879,435
85885821,21.8498,21.7974,435,40080,0.454088,0.27,1,1230340,1229905,435
85888741,29.97,4.35949,467,40133,0.434818,0.29,1,1230372,1229905,467
85891661,47.594,26.4719,487,40186,0.430964,0.31,1,1230424,1229937,487
85894581,31.9188,47.6944,462,40239,0.430193,0.31,1,1230452,1229990,462
85897501,31.9838,31.9389,466,40291,0.430039,0.27,1,1230484,1230018,466
85900421,63.1968,31.9878,505,40343,0.398008,0.29,1,1230555,1230050,505
85903341,39.8394,61.5976,470,40395,0.359602,0.33,1,1230589,1230119,470
85906261,35.9679,37.9195,473,40447,0.33592,0.33,1,1230624,1230151,473
85909181,40.7936,35.5839,480,40499,0.347184,0.35,1,1230666,1230186,480
85912101,41.7587,40.7168,480,40551,0.349437,0.37,1,1230708,1230228,480
85915021,30.7517,40.1434,468,40603,0.333887,0.41,1,1230736,1230268,468
85917941,18.9503,31.2287,455,40655,0.330777,0.39,1,1230752,1230297,455
85920861,5.39007,18.2457,442,40707,0.330155,0.39,1,1230754,1230312,442
85923781,23.478,5.24915,468,40759,0.378031,0.47,1,1230782,1230314,468
85926701,30.2956,21.8498,474,40811,0.403606,0.43,1,1230814,1230340,474
85929621,47.6591,29.97,494,40863,0.456721,0.43,1,1230866,1230372,494
85932541,31.9318,47.594,470,40915,0.499344,0.43,1,1230894,1230424,470
85935461,31.9864,31.9188,474,40967,0.507869,0.43,1,1230926,1230452,474
85938381,61.5973,31.9838,511,41019,0.525574,0.39,1,1230995,1230484,511
85941301,37.9195,63.1968,472,41070,0.529115,0.35,1,1231027,1230555,472
85944221,34.7839,39.8394,472,41121,0.561823,0.33,1,1231061,1230589,472
85947141,41.3568,35.9679,480,41172,0.600365,0.35,1,1231104,1230624,480
85950061,41.0714,40.7936,479,41223,0.672073,0.35,1,1231145,1230666,479
85952981,30.6143,41.7587,465,41274,0.686415,0.33,1,1231173,1230708,465
85955901,18.9229,30.7517,453,41325,0.689283,0.33,1,1231189,1230736,453
85958821,5.38457,18.9503,439,41376,0.689857,0.33,1,1231191,1230752,439
85961741,26.6769,5.39007,469,41427,0.689971,0.39,1,1231223,1230754,469
85964661,32.5354,23.478,475,41478,0.737994,0.41,1,1231257,1230782,475
85967581,48.9071,30.2956,496,41529,0.747599,0.47,1,1231310,1230814,496
85970501,11.3814,47.6591,446,41580,0.74952,0.51,1,1231312,1230866,446
85973421,25.4763,31.9318,447,41631,0.765904,0.51,2,1231341,1230894,447
85976341,30.6953,31.9864,447,41682,0.801181,0.53,2,1231373,1230926,447
85979261,62.1391,61.5973,448,41733,0.824236,0.53,2,1231443,1230995,448
85982181,38.0278,37.9195,448,41784,0.828847,0.57,2,1231475,1231027,448
85985101,37.2056,34.7839,451,41835,0.845769,0.61,2,1231512,1231061,451
85988021,43.4411,41.3568,453,41885,0.881154,0.69,2,1231557,1231104,453
86212861,22,24,503,45599,0.87,1,2,1234122,1233619,503
86215781,32.4,22.4,516,45645,0.758,1,2,1234157,1233641,516
86218701,32.88,34.88,511,45691,0.7036,1,1,1234190,1233679,511
86221621,27.376,35.776,501,45737,0.72472,1,1,1234216,1233715,501
86224541,22.2752,27.1552,497,45783,0.712944,1,1,1234237,1233740,497
86227461,18.855,27.031,488,45829,0.678589,1,1,1234255,1233767,488
86230381,33.371,35.0062,488,45875,0.591718,1,1,1234292,1233804,488
86233301,33.0742,38.2012,482,45921,0.558344,1,1,1234325,1233843,482
86236221,21.8148,7.64025,501,45967,0.599669,1,1,1234344,1233843,501
86239141,34.763,22.3281,513,46013,0.575934,0.93,1,1234382,1233869,513
86242061,37.3526,38.0656,509,46059,0.507187,0.96,1,1234420,1233911,509
86244981,30.6705,38.8131,499,46105,0.461437,0.95,1,1234449,1233950,499
86247901,43.7341,30.9626,517,46151,0.372287,0.91,1,1234496,1233979,517
86250821,35.9468,50.1925,496,46197,0.338457,0.87,1,1234530,1234034,496
86253741,29.5894,39.6385,487,46243,0.283691,0.83,1,1234558,1234071,487
86256661,25.1179,31.1277,482,46289,0.240738,0.87,1,1234582,1234100,482
86259581,31.4236,23.8255,493,46335,0.248148,0.73,1,1234615,1234122,493
86262501,31.8847,32.7651,490,46381,0.21763,0.69,1,1234647,1234157,490
86265421,24.7769,32.953,480,46426,0.243526,0.73,1,1234670,1234190,480
86268341,20.1554,27.3906,473,46471,0.216705,0.71,1,1234689,1234216,473
86271261,17.6311,22.2781,469,46516,0.227341,0.67,1,1234706,1234237,469
86274181,31.5262,18.8556,486,46561,0.245468,0.57,1,1234741,1234255,486
86277101,32.7052,33.3711,482,46606,0.233094,0.55,1,1234774,1234292,482
86280021,20.141,33.0742,466,46651,0.230619,0.61,1,1234791,1234325,466
86282941,35.2282,21.8148,486,46696,0.246124,0.57,1,1234830,1234344,486
86285861,34.2456,34.763,482,46741,0.297225,0.49,1,1234864,1234382,482
86288781,30.0491,37.3526,473,46786,0.323445,0.45,1,1234893,1234420,473
86291701,38.8098,30.6705,485,46831,0.344689,0.35,1,1234934,1234449,485
86294621,34.962,43.7341,472,46876,0.380938,0.33,1,1234968,1234496,472
86297541,26.1924,35.9468,462,46921,0.388188,0.27,1,1234992,1234530,462
86300461,22.8385,29.5894,456,46966,0.357638,0.23,1,1235014,1234558,456
86303381,30.9677,25.1179,465,47011,0.399527,0.25,1,1235047,1234582,465
86306301,31.7935,31.4236,464,47056,0.471906,0.21,1,1235079,1234615,464
86309221,26.3587,31.8847,457,47101,0.518381,0.25,1,1235104,1234647,457
86312141,18.0717,24.7769,450,47146,0.527676,0.21,1,1235120,1234670,450
86315061,18.0143,20.1554,449,47191,0.529535,0.23,1,1235138,1234689,449
86317981,32.4029,17.6311,468,47236,0.561907,0.25,1,1235174,1234706,468
86320901,32.0806,31.5262,465,47281,0.600381,0.23,1,1235206,1234741,465
86323821,20.8161,32.7052,450,47326,0.640076,0.23,1,1235224,1234774,450
86326741,36.9632,20.141,474,47371,0.600015,0.25,1,1235265,1234791,474
86329661,8.99264,35.2282,437,47415,0.592003,0.31,1,1235267,1234830,437
86332581,30.5985,34.2456,439,47459,0.590401,0.33,1,1235303,1234864,439
86335501,30.1197,30.0491,440,47503,0.62208,0.35,1,1235333,1234893,440
86338421,38.0239,38.8098,439,47547,0.596416,0.39,1,1235373,1234934,439
86341341,36.4048,34.962,441,47591,0.607283,0.39,1,1235409,1234968,441
86344261,24.881,26.1924,439,47635,0.609457,0.35,1,1235431,1234992,439
86347181,24.9762,22.8385,442,47679,0.625891,0.41,1,1235456,1235014,442
86350101,32.1952,30.9677,443,47723,0.629178,0.49,1,1235490,1235047,443
86353021,34.439,31.7935,446,47767,0.677836,0.53,1,1235525,1235079,446
86355941,28.4878,26.3587,448,47811,0.719567,0.53,1,1235552,1235104,448
86358861,18.4976,18.0717,448,47855,0.695913,0.53,1,1235568,1235120,448
86361781,18.0995,18.0143,448,47899,0.723183,0.57,1,1235586,1235138,448
86364701,34.8199,32.4029,451,47943,0.696636,0.61,1,1235625,1235174,451
86367621,33.364,32.0806,452,47987,0.739327,0.65,1,1235658,1235206,452
86370541,21.0728,20.8161,452,48031,0.715865,0.59,1,1235676,1235224,452
86373461,36.2146,36.9632,451,48075,0.759173,0.59,2,1235716,1235265,451
86376381,8.84291,8.99264,451,48119,0.735835,0.59,1,1235718,1235267,451
86379301,30.5686,30.5985,451,48163,0.779167,0.63,2,1235754,1235303,451
86382221,30.1137,30.1197,451,48207,0.803833,0.59,2,1235784,1235333,451
86385141,38.0227,38.0239,451,48251,0.824767,0.61,2,1235824,1235373,451
86388061,37.2045,36.4048,452,48295,0.812953,0.61,2,1235861,1235409,452
86390981,25.0409,24.881,452,48339,0.810591,0.63,2,1235883,1235431,452
86393901,24.2082,24.9762,451,48383,0.810118,0.63,2,1235907,1235456,451
86396821,33.6416,32.1952,453,48427,0.826024,0.69,2,1235943,1235490,453
86399741,37.1283,34.439,456,48471,0.829205,0.73,2,1235981,1235525,456
86402661,29.0257,28.4878,456,48514,0.813841,0.69,2,1236008,1235552,456
86405581,18.6051,18.4976,456,48557,0.842768,0.73,2,1236024,1235568,456
86408501,18.121,18.0995,456,48600,0.848554,0.69,2,1236042,1235586,456
86411421,34.8242,34.8199,456,48643,0.801711,0.75,2,1236081,1235625,456
86414341,34.1648,33.364,457,48686,0.872342,0.71,2,1236115,1235658,457
86417261,21.233,21.0728,457,48729,0.886469,0.77,2,1236133,1235676,457
86420181,37.0466,36.2146,458,48772,0.921294,0.73,2,1236174,1235716,458
86423101,9.00932,8.84291,458,48815,0.928259,0.79,2,1236176,1235718,458
86426021,31.4019,30.5686,459,48858,0.945652,0.79,2,1236213,1235754,459
86428941,31.0804,6.11372,490,48901,0.93313,0.81,2,1236244,1235754,490
86431861,39.8161,25.2227,502,48944,0.930626,0.83,2,1236286,1235784,502
86434781,36.7632,37.0445,498,48987,0.930125,0.81,2,1236322,1235824,498
86437701,24.9526,37.0089,483,49030,0.930025,0.81,2,1236344,1235861,483
86440621,24.1905,25.0018,485,49073,0.930005,0.81,2,1236368,1235883,485
86443541,34.4381,24.2004,498,49116,0.914001,0.83,2,1236405,1235907,498
86446461,36.4876,33.6401,499,49159,0.9428,0.83,2,1236442,1235943,499
86449381,28.8975,37.128,488,49202,0.90056,0.81,2,1236469,1235981,488
86452301,18.5795,29.0256,477,49245,0.892112,0.85,2,1236485,1236008,477
86455221,18.1159,18.6051,479,49288,0.890422,0.85,2,1236503,1236024,479
86458141,34.0232,18.121,499,49331,0.906085,0.79,2,1236541,1236042,499
86878621,479,494,464,23360,0.81,0.83,2,1240927,1240463,464
86881541,154.2,138,488,25633,0.794,0.69,2,1241000,1240512,488
86884461,88.44,81.2,493,25716,0.8708,0.79,2,1241072,1240579,493
86887381,86.488,85.84,492,25798,0.88616,0.67,2,1241158,1240666,492
86998341,65,59,528,28753,0.57,1,1,1243261,1242733,528
87001261,42.6,51,516,28827,0.458,1,1,1243298,1242782,516
87004181,34.12,40.6,510,28900,0.3396,1,1,1243330,1242820,510
87007101,31.624,35.32,507,28973,0.23592,1,1,1243361,1242854,507
87010021,34.3248,25.464,519,29046,0.055184,1,1,1243396,1242877,519
87012941,38.065,35.4928,520,29119,0.0510368,1,1,1243435,1242915,520
87015861,74.813,44.6986,557,29192,0.0502074,1,1,1243519,1242962,557
87018781,91.7626,78.5397,566,29265,0.0820415,0.83,1,1243615,1243049,566
87021701,45.5525,102.108,492,29337,0.0564083,0.63,1,1243649,1243157,492
87024621,52.3105,51.6216,507,29409,0.0512817,0.57,1,1243703,1243196,507
87027541,36.8621,62.3243,475,29481,0.146256,0.43,1,1243736,1243261,475
87030461,30.5724,42.0649,467,29553,0.165251,0.31,1,1243765,1243298,467
87033381,22.9145,34.013,456,29625,0.18505,0.21,1,1243786,1243330,456
87036301,30.1829,31.6026,457,29696,0.17301,0.01,1,1243818,1243361,457
87039221,38.8366,34.3205,463,29767,0.122602,0.05,1,1243859,1243396,463
87042141,73.3673,38.0641,506,29838,0.0965204,0.05,1,1243941,1243435,506
87045061,16.2735,74.8128,424,29909,0.0913041,0.09,1,1243943,1243519,424
87047981,81.6547,91.7626,426,29980,0.0742608,0.05,1,1244041,1243615,426
87050901,40.3309,45.5525,422,30051,0.0708522,0.05,1,1244071,1243649,422
87053821,52.8662,52.3105,424,30121,0.0701704,0.17,1,1244127,1243703,424
87056741,42.5732,36.8621,431,30191,0.0860341,0.17,1,1244167,1243736,431
87059661,30.9146,30.5724,430,30261,0.0732068,0.19,1,1244195,1243765,430
87062581,23.7829,22.9145,431,30331,0.102641,0.17,1,1244217,1243786,431
87065501,29.5566,30.1829,430,30401,0.140528,0.11,1,1244248,1243818,430
87068421,38.7113,38.8366,430,30471,0.132106,0.09,1,1244289,1243859,430
87071341,68.5423,73.3673,424,30540,0.146421,0.09,1,1244365,1243941,424
87074261,15.3085,16.2735,424,30609,0.149284,0.07,1,1244367,1243943,424
87077181,80.6617,81.6547,423,30678,0.181857,0.07,1,1244464,1244041,423
87080101,40.9323,40.3309,424,30747,0.236371,0.07,1,1244495,1244071,424
87083021,54.5865,52.8662,426,30816,0.279274,0.09,1,1244553,1244127,426
87085941,41.3173,42.5732,424,30885,0.303855,0.07,1,1244591,1244167,424
87088861,31.4635,30.9146,425,30954,0.276771,0.11,1,1244620,1244195,425
87091781,23.8927,23.7829,425,31022,0.287354,0.15,1,1244642,1244217,425
87094701,31.1785,29.5566,427,31090,0.321471,0.13,1,1244675,1244248,427
87097621,38.2357,38.7113,426,31158,0.312294,0.15,1,1244715,1244289,426
87100541,70.8471,68.5423,429,31226,0.310459,0.15,1,1244794,1244365,429
87103461,15.7694,15.3085,429,31294,0.310092,0.15,1,1244796,1244367,429
87106381,82.3539,3.06169,528,31362,0.326018,0.19,1,1244895,1244367,528
87109301,42.8708,78.2123,464,31429,0.393204,0.25,1,1244928,1244464,464
87112221,54.9742,40.4425,491,31496,0.422641,0.29,1,1244986,1244495,491
87115141,42.1948,54.4885,472,31563,0.428528,0.31,1,1245025,1244553,472
87118061,32.439,41.2977,464,31630,0.477706,0.27,1,1245055,1244591,464
87120981,24.0878,31.4595,457,31697,0.487541,0.29,1,1245077,1244620,457
87123901,31.2176,23.8919,468,31764,0.505508,0.33,1,1245110,1244642,468
87126821,39.0435,31.1784,476,31831,0.509102,0.31,1,1245151,1244675,476
87129741,71.8087,38.2357,516,31897,0.52582,0.31,1,1245231,1244715,516
87132661,15.9617,70.8471,439,31963,0.529164,0.31,1,1245233,1244794,439
87135581,83.9924,15.7694,538,32029,0.513833,0.33,1,1245334,1244796,538
87138501,44.7985,82.3539,474,32095,0.542767,0.41,1,1245369,1244895,474
87141421,56.1597,42.8708,500,32161,0.596553,0.43,1,1245428,1244928,500
87144341,43.2319,54.9742,482,32227,0.607311,0.43,1,1245468,1244986,482
87147261,34.2464,42.1948,475,32293,0.625462,0.49,1,1245500,1245025,475
87150181,24.4493,32.439,467,32359,0.645092,0.49,1,1245522,1245055,467
87153101,32.0899,24.0878,479,32424,0.681018,0.51,1,1245556,1245077,479
87156021,39.218,31.2176,487,32489,0.720204,0.51,1,1245597,1245110,487
87158941,71.0436,39.0435,525,32554,0.776041,0.53,2,1245676,1245151,525
87161861,15.8087,71.8087,447,32619,0.787208,0.53,2,1245678,1245231,447
87164781,85.5617,15.9617,548,32684,0.773442,0.51,2,1245781,1245233,548
87167701,46.7123,83.9924,484,32749,0.786688,0.55,2,1245818,1245334,484
87170621,10.9425,44.7985,451,32814,0.789338,0.61,2,1245820,1245369,451
87173541,50.1885,56.1597,452,32878,0.789868,0.61,2,1245880,1245428,452
87176461,42.0377,43.2319,452,32942,0.837973,0.63,2,1245920,1245468,452
87179381,34.8075,34.2464,453,33006,0.879595,0.65,2,1245953,1245500,453
87182301,25.3615,24.4493,454,33070,0.887919,0.69,2,1245976,1245522,454
87185221,34.6723,32.0899,457,33134,0.857584,0.73,2,1246013,1245556,457
87188141,41.3345,39.218,459,33198,0.883517,0.79,2,1246056,1245597,459
87348741,42,27,501,36535,0.79,1,2,1248391,1247890,501
87351661,38.8,23,517,36593,0.758,1,2,1248429,1247912,517
87354581,25.36,35,501,36651,0.7356,1,1,1248451,1247950,501
87357501,68.272,89.4,477,36709,0.63512,1,1,1248530,1248053,477
87360421,38.4544,45.88,473,36767,0.663024,1,1,1248561,1248088,473
87363341,78.8909,69.976,486,36824,0.588605,1,1,1248650,1248164,486
87366261,44.5782,45.1952,483,36881,0.589721,0.93,1,1248686,1248203,483
87369181,24.9156,29.839,477,36938,0.557944,1,1,1248706,1248229,477
87372101,18.5831,17.9678,479,36995,0.567589,0.95,1,1248723,1248244,479
87375021,34.1166,44.3936,466,37052,0.569518,0.85,1,1248761,1248295,466
87377941,30.8233,35.2787,463,37109,0.537904,0.85,1,1248791,1248328,463
87380861,20.5647,23.8557,460,37166,0.547581,0.85,1,1248809,1248349,460
87383781,36.9129,4.77115,501,37223,0.533516,0.79,1,1248850,1248349,501
87386701,38.5826,34.5542,498,37280,0.562703,0.75,1,1248889,1248391,498
87389621,22.9165,37.3108,479,37337,0.584541,0.73,1,1248908,1248429,479
87392541,62.1833,25.0622,529,37394,0.572908,0.61,1,1248980,1248451,529
87395461,38.8367,68.2124,483,37451,0.618582,0.67,1,1249013,1248530,483
87398381,74.9673,38.4425,536,37507,0.595716,0.57,1,1249097,1248561,536
87401301,44.5935,78.8885,484,37563,0.607143,0.59,1,1249134,1248650,484
87404221,24.9187,44.5777,468,37619,0.689429,0.55,1,1249154,1248686,468
87407141,17.7837,24.9155,464,37675,0.705886,0.57,1,1249170,1248706,464
87410061,33.9567,18.5831,485,37731,0.709177,0.57,1,1249208,1248723,485
87412981,29.9913,34.1166,476,37787,0.709835,0.53,1,1249237,1248761,476
87415901,20.3983,30.8233,464,37843,0.709967,0.55,1,1249255,1248791,464
87418821,37.6797,20.5647,488,37899,0.709993,0.53,1,1249297,1248809,488
87421741,40.3359,36.9129,488,37955,0.741999,0.57,1,1249338,1248850,488
87424661,24.0672,38.5826,469,38011,0.7804,0.59,2,1249358,1248889,469
87427581,64.8134,22.9165,525,38067,0.80408,0.57,2,1249433,1248908,525
87430501,38.5627,62.1833,485,38122,0.840816,0.63,2,1249465,1248980,485
87433421,74.9125,38.8367,536,38177,0.864163,0.59,2,1249549,1249013,536
87436341,47.7825,74.9673,493,38232,0.884833,0.61,2,1249590,1249097,493
87439261,25.5565,44.5935,476,38287,0.888967,0.71,2,1249610,1249134,476
87442181,17.9113,24.9187,472,38342,0.889793,0.71,2,1249626,1249154,472
87445101,34.7823,17.7837,495,38397,0.873959,0.71,2,1249665,1249170,495
87448021,29.3565,33.9567,485,38452,0.902792,0.71,2,1249693,1249208,485
87450941,20.2713,29.9913,474,38507,0.924558,0.71,2,1249711,1249237,474
87453861,37.6543,20.3983,498,38562,0.928912,0.71,2,1249753,1249255,498
87456781,42.7309,37.6797,500,38617,0.913782,0.75,2,1249797,1249297,500
87459701,10.1462,40.3359,461,38672,0.942756,0.79,2,1249799,1249338,461
87611541,37,44,514,41414,0.55,1,1,1251736,1251222,514
87614461,29,31.2,513,41465,0.518,1,1,1251763,1251250,513
87617381,32.2,30.24,516,41516,0.4156,1,1,1251796,1251280,516
87620301,36.04,39.648,511,41567,0.28312,1,1,1251833,1251322,511
87623221,31.208,28.7296,515,41618,0.240624,1,1,1251863,1251348,515
87626141,65.4416,83.3459,492,41669,0.0481248,1,1,1251937,1251445,492
87629061,37.8883,44.6692,488,41720,0.113625,1,1,1251968,1251480,488
87631981,30.7777,34.5338,485,41771,0.094725,0.95,1,1251997,1251512,485
87634901,17.3555,24.5068,477,41822,0.074945,0.96,1,1252011,1251534,477
87637821,22.6711,24.9014,476,41872,0.038989,1,1,1252035,1251559,476
87640741,34.9342,30.5803,482,41922,0.0077978,0.97,1,1252073,1251591,482
87643661,21.3868,30.9161,469,41972,0.0895596,0.68,1,1252091,1251622,469
87646581,27.4774,38.1832,458,42022,0.137912,0.61,1,1252120,1251662,458
87649501,28.6955,37.2366,450,42072,0.131582,0.55,1,1252149,1251699,450
87652421,32.9391,37.0473,447,42122,0.130316,0.51,1,1252183,1251736,447
87655341,24.9878,29.0095,443,42172,0.130063,0.39,1,1252206,1251763,443
87658261,30.5976,32.2019,442,42222,0.130013,0.25,1,1252238,1251796,442
87661181,29.3195,36.0404,434,42272,0.146003,0.23,1,1252267,1251833,434
87664101,29.0639,31.2081,433,42322,0.133201,0,1,1252296,1251863,433
87667021,57.8128,65.4416,424,42372,0.13064,0.13,1,1252361,1251937,424
87669941,37.9626,37.8883,426,42422,0.194128,0.09,1,1252394,1251968,426
87672861,29.9925,30.7777,425,42472,0.190826,0.07,1,1252422,1251997,425
87675781,16.3985,17.3555,424,42522,0.254165,0.03,1,1252435,1252011,424
87678701,20.8797,22.6711,422,42572,0.266833,0,1,1252457,1252035,422
87681621,38.5759,34.9342,427,42622,0.237367,0.11,1,1252500,1252073,427
87684541,20.5152,21.3868,425,42672,0.247473,0.15,1,1252516,1252091,425
87687461,30.503,27.4774,429,42721,0.233495,0.13,1,1252549,1252120,429
87690381,26.9006,28.6955,426,42770,0.230699,0.13,1,1252575,1252149,426
87693301,34.9801,32.9391,429,42819,0.21414,0.13,1,1252612,1252183,429
87696221,24.596,24.9878,428,42868,0.178828,0.13,1,1252634,1252206,428
87699141,30.5192,30.5976,428,42917,0.187766,0.15,1,1252666,1252238,428
87702061,30.1038,29.3195,429,42966,0.221553,0.13,1,1252696,1252267,429
87704981,28.4208,29.0639,428,43015,0.244311,0.13,1,1252724,1252296,428
87707901,56.8842,5.81278,492,43064,0.264862,0.13,1,1252788,1252296,492
87710821,39.3768,53.1626,462,43113,0.284972,0.21,1,1252823,1252361,462
87713741,33.4754,37.0325,461,43162,0.272994,0.19,1,1252855,1252394,461
87716661,17.8951,29.8065,447,43211,0.286599,0.27,1,1252869,1252422,447
87719581,19.579,16.3613,454,43260,0.30532,0.27,1,1252889,1252435,454
87722501,37.5158,20.8723,474,43309,0.309064,0.23,1,1252931,1252457,474
87725421,20.3032,38.5745,447,43358,0.309813,0.25,1,1252947,1252500,447
87728341,29.6606,20.5149,463,43407,0.309963,0.23,1,1252979,1252516,463
87731261,26.7321,30.503,456,43456,0.325992,0.23,1,1253005,1252549,456
87734181,34.1464,26.9006,466,43505,0.329198,0.21,1,1253041,1252575,466
87737101,24.4293,34.9801,451,43553,0.32984,0.17,1,1253063,1252612,451
87740021,31.2859,24.596,462,43601,0.313968,0.19,1,1253096,1252634,462
87742941,30.2572,30.5192,460,43649,0.326794,0.23,1,1253126,1252666,460
87745861,29.2514,30.1038,459,43697,0.313359,0.25,1,1253155,1252696,459
87748781,59.4503,28.4208,498,43745,0.358672,0.27,1,1253222,1252724,498
87751701,40.6901,56.8842,470,43793,0.399734,0.29,1,1253258,1252788,470
87754621,33.738,39.3768,467,43841,0.439947,0.27,1,1253290,1252823,467
87757541,17.9476,33.4754,449,43889,0.415989,0.29,1,1253304,1252855,449
87760461,20.3895,17.8951,456,43937,0.427198,0.31,1,1253325,1252869,456
87763381,37.6779,19.579,478,43985,0.47744,0.31,1,1253367,1252889,478
87766301,20.3356,37.5158,452,44033,0.503488,0.31,1,1253383,1252931,452
87769221,30.4671,20.3032,469,44081,0.524698,0.31,1,1253416,1252947,469
87772141,26.8934,29.6606,463,44129,0.54494,0.33,1,1253442,1252979,463
87775061,34.1787,26.7321,473,44177,0.564988,0.33,1,1253478,1253005,473
87777981,24.4357,34.1464,459,44225,0.568998,0.33,1,1253500,1253041,459
87780901,30.4871,24.4293,469,44273,0.5698,0.31,1,1253532,1253063,469
87783821,30.8974,31.2859,467,44321,0.58596,0.33,1,1253563,1253096,467
87786741,28.5795,30.2572,465,44369,0.589192,0.31,1,1253591,1253126,465
87789661,62.5159,29.2514,507,44417,0.605838,0.37,1,1253662,1253155,507
87792581,42.1032,59.4503,477,44464,0.593168,0.41,1,1253699,1253222,477
87795501,10.0206,40.6901,443,44511,0.590634,0.45,1,1253701,1253258,443
87798421,26.8041,33.738,442,44558,0.622127,0.41,1,1253732,1253290,442
87801341,16.5608,17.9476,442,44605,0.628425,0.43,1,1253746,1253304,442
87804261,21.7122,20.3895,444,44652,0.613685,0.49,1,1253769,1253325,444
87807181,39.5424,37.6779,446,44699,0.674737,0.51,1,1253813,1253367,446
87810101,21.5085,20.3356,447,44746,0.702947,0.53,1,1253830,1253383,447
87813021,32.3017,30.4671,449,44793,0.69259,0.55,1,1253865,1253416,449
87815941,27.2603,26.8934,449,44840,0.722518,0.57,1,1253891,1253442,449
87818861,35.0521,34.1787,450,44887,0.728504,0.57,1,1253928,1253478,450
87821781,24.6104,24.4357,450,44934,0.745701,0.57,1,1253950,1253500,450
87824701,30.5221,30.4871,450,44981,0.71714,0.59,1,1253982,1253532,450
87827621,31.7044,30.8974,451,45028,0.711428,0.59,1,1254014,1253563,451
87830541,28.7409,28.5795,451,45075,0.758286,0.61,2,1254042,1253591,451
87833461,61.7482,62.5159,450,45122,0.767657,0.59,2,1254112,1253662,450
87836381,43.5496,42.1032,452,45169,0.769531,0.59,2,1254151,1253699,452
87839301,10.3099,10.0206,452,45216,0.769906,0.63,2,1254153,1253701,452
87842221,26.062,26.8041,451,45263,0.817981,0.63,2,1254183,1253732,451
87845141,16.4124,16.5608,451,45310,0.859596,0.61,2,1254197,1253746,451
87848061,22.4825,21.7122,452,45357,0.851919,0.69,2,1254221,1253769,452
87850981,41.2965,39.5424,454,45403,0.898384,0.71,2,1254267,1253813,454
87853901,22.6593,21.5085,455,45449,0.923677,0.69,2,1254285,1253830,455
88087501,97,67,489,22724,0.13,0.55,1,1256804,1256315,489
88090421,79.4,71.8,491,22817,0.066,0.47,1,1256879,1256388,491
88093341,75.88,87.16,475,22910,0.1172,0.31,1,1256954,1256479,475
88096261,59.176,80.632,451,23003,0.11144,0.23,1,1257009,1256558,451
88099181,55.0352,54.5264,457,23095,0.110288,0.15,1,1257063,1256606,457
88102101,50.207,47.7053,460,23187,0.0940576,0.17,1,1257112,1256652,460
88105021,24.4414,34.3411,447,23278,0.122812,0.15,1,1257130,1256683,447
88107941,84.8883,26.0682,523,23369,0.192562,0.13,1,1257230,1256707,523
88110861,76.9777,82.8136,501,23460,0.286512,0.05,1,1257305,1256804,501
88113781,74.5955,76.5627,500,23550,0.289302,0.13,1,1257379,1256879,500
88116701,59.7191,75.3125,481,23640,0.30586,0.11,1,1257435,1256954,481
88119621,55.1438,59.0625,480,23730,0.309172,0.11,1,1257489,1257009,480
88122541,49.4288,55.0125,474,23819,0.325834,0.09,1,1257537,1257063,474
88125461,25.0858,50.2025,444,23908,0.361167,0.13,1,1257556,1257112,444
88128381,6.61715,24.4405,428,23997,0.368233,0.21,1,1257558,1257130,428
88131301,84.5234,84.8881,432,24085,0.353647,0.31,1,1257662,1257230,432
88134221,79.3047,76.9776,435,24173,0.430729,0.29,1,1257740,1257305,435
88137141,75.8609,74.5955,436,24261,0.478146,0.31,1,1257815,1257379,436
88140061,60.7722,59.7191,437,24348,0.487629,0.31,1,1257872,1257435,437
88142981,56.1544,55.1438,438,24435,0.473526,0.33,1,1257927,1257489,438
88145901,50.4309,49.4288,439,24522,0.486705,0.37,1,1257976,1257537,439
88148821,24.4862,25.0858,438,24608,0.489341,0.37,1,1257994,1257556,438
88151741,6.49724,6.61715,438,24694,0.489868,0.35,1,1257996,1257558,438
88154661,85.2994,84.5234,439,24780,0.585974,0.45,1,1258101,1257662,439
88157581,81.8599,79.3047,442,24866,0.637195,0.49,1,1258182,1257740,442
88160501,77.972,75.8609,444,24951,0.711439,0.49,1,1258259,1257815,444
88163421,61.1944,60.7722,444,25036,0.774288,0.47,2,1258316,1257872,444
88166341,57.0389,56.1544,445,25121,0.802858,0.49,2,1258372,1257927,445
88169261,51.4078,50.4309,446,25205,0.776572,0.49,2,1258422,1257976,446
88172181,24.6816,24.4862,446,25289,0.771314,0.49,2,1258440,1257994,446
88175101,6.53631,6.49724,446,25373,0.770263,0.61,2,1258442,1257996,446
88178021,89.3073,85.2994,451,25457,0.866053,0.61,2,1258552,1258101,451
88180941,84.2615,17.0599,534,25540,0.901211,0.65,2,1258635,1258101,534
88183861,80.8523,68.212,533,25623,0.924242,0.73,2,1258715,1258182,533
88186781,63.3705,75.2424,515,25706,0.928848,0.79,2,1258774,1258259,515
88315261,46,35,519,29109,0.67,1,1,1261180,1260661,519
88318181,37.2,34.2,520,29182,0.574,1,1,1261215,1260695,520
88321101,42.64,46.84,514,29255,0.3468,1,1,1261259,1260745,514
88324021,37.328,40.568,511,29327,0.23736,1,1,1261295,1260784,511
88326941,36.2656,37.7136,510,29399,0.087472,1,1,1261331,1260821,510
88329861,48.8531,33.9427,529,29471,0.0414944,1,1,1261383,1260854,529
88332781,92.1706,41.9885,588,29543,0.0162989,1,1,1261486,1260898,588
88335701,80.0341,93.1977,559,29615,0.0592598,0.86,1,1261563,1261004,559
88338621,43.2068,92.2395,501,29686,0.035852,0.78,1,1261597,1261096,501
88341541,38.2414,48.8479,500,29757,0.0151704,0.67,1,1261634,1261134,500
88344461,28.4483,46.5696,480,29828,0.0110341,0.55,1,1261660,1261180,480
88347381,7.28965,37.3139,447,29899,0.0422068,0.29,1,1261662,1261215,447
88350301,24.6579,42.6628,432,29970,0.0324414,0.21,1,1261691,1261259,432
88353221,31.3316,37.3326,429,30041,0.0304883,0.05,1,1261724,1261295,429
88356141,29.4663,36.2665,422,30111,0.0460977,0.03,1,1261753,1261331,422
88359061,50.6933,48.8533,426,30181,0.0332195,0.01,1,1261809,1261383,426
88361981,90.9387,92.1707,424,30251,0.0306439,0.07,1,1261910,1261486,424
88364901,79.7877,80.0341,424,30321,0.0781288,0.03,1,1261987,1261563,424
88367821,41.5575,43.2068,422,30391,0.0716258,0.01,1,1262019,1261597,422
88370741,38.7115,38.2414,423,30461,0.0863251,0.01,1,1262057,1261634,423
88373661,27.7423,28.4483,422,30530,0.137265,0.05,1,1262082,1261660,422
88376581,7.14846,7.28965,422,30599,0.115453,0.03,1,1262084,1261662,422
88379501,24.6297,24.6579,422,30668,0.127091,0.03,1,1262113,1261691,422
88382421,31.3259,31.3316,422,30737,0.113418,0.05,1,1262146,1261724,422
88385341,30.2652,29.4663,423,30806,0.110684,0.03,1,1262176,1261753,423
88388261,50.853,50.6933,423,30875,0.0621367,0.03,1,1262232,1261809,423
88391181,90.9706,90.9387,423,30944,0.0364273,0.09,1,1262333,1261910,423
88394101,82.9941,79.7877,427,31012,0.0632855,0.07,1,1262414,1261987,427
88397021,40.5988,41.5575,425,31080,0.0846571,0.09,1,1262444,1262019,425
88399941,40.9198,38.7115,428,31148,0.152931,0.15,1,1262485,1262057,428
88402861,28.184,27.7423,428,31216,0.150586,0.11,1,1262510,1262082,428
88405781,7.23679,7.14846,428,31284,0.150117,0.11,1,1262512,1262084,428
88408701,22.2474,1.42969,454,31352,0.166023,0.13,1,1262538,1262084,454
88411621,30.0495,23.4859,457,31419,0.169205,0.11,1,1262570,1262113,457
88414541,30.8099,31.0972,455,31486,0.185841,0.11,1,1262601,1262146,455
88417461,47.762,30.2194,477,31553,0.141168,0.05,1,1262653,1262176,477
88420381,90.3524,50.8439,522,31620,0.0362336,0.03,1,1262754,1262232,522
88423301,86.0705,90.9688,506,31687,0.0152467,0.07,1,1262839,1262333,506
88426221,41.2141,82.9938,455,31754,0.0270493,0.09,1,1262869,1262414,455
88429141,44.2428,40.5988,470,31821,0.0454099,0.17,1,1262914,1262444,470
88432061,28.0486,40.9197,453,31887,0.049082,0.15,1,1262938,1262485,453
88434981,7.20971,28.1839,430,31953,0.0498164,0.15,1,1262940,1262510,430
88437901,23.0419,7.23679,455,32019,0.0659633,0.17,1,1262967,1262512,455
88440821,30.2084,22.2474,461,32085,0.133193,0.17,1,1262999,1262538,461
88443741,30.8417,30.0495,460,32151,0.178639,0.19,1,1263030,1262570,460
88446661,46.1683,30.8099,479,32217,0.171728,0.13,1,1263080,1262601,479
88449581,86.0337,47.762,523,32283,0.0423455,0.01,1,1263176,1262653,523
88452501,85.2067,90.3524,507,32349,0.0644691,0.01,1,1263261,1262754,507
88455421,41.0413,86.0705,452,32414,0.0528938,0.03,1,1263291,1262839,452
88458341,45.0083,41.2141,468,32479,0.0665788,0.05,1,1263337,1262869,468
88461261,29.0017,44.2428,448,32544,0.101316,0.05,1,1263362,1262914,448
88464181,7.40033,28.0486,426,32609,0.0762631,0.05,1,1263364,1262938,426
88467101,23.8801,7.20971,452,32674,0.0392526,0.07,1,1263392,1262940,452
88470021,32.776,23.0419,460,32739,0.0638505,0.15,1,1263427,1262967,460
88472941,8.1552,30.2084,430,32804,0.0687701,0.19,1,1263429,1262999,430
88475861,26.431,30.8417,430,32868,0.085754,0.17,1,1263460,1263030,430
88478781,45.2862,46.1683,430,32932,0.105151,0.01,1,1263510,1263080,430
88481701,79.4572,86.0337,422,32996,0.10903,0.07,1,1263598,1263176,422
88484621,84.6915,85.2067,423,33060,0.077806,0.05,1,1263684,1263261,423
88487541,41.7383,41.0413,424,33124,0.0875612,0.07,1,1263715,1263291,424
88490461,45.9477,45.0083,425,33188,0.121512,0.11,1,1263762,1263337,425
88493381,29.1895,29.0017,425,33252,0.112302,0.07,1,1263787,1263362,425
88496301,7.43791,7.40033,425,33316,0.14246,0.03,1,1263789,1263364,425
88499221,24.6876,23.8801,426,33379,0.100492,0.07,1,1263818,1263392,426
88502141,32.1375,32.776,425,33442,0.140098,0.07,1,1263852,1263427,425
88505061,8.0275,8.1552,425,33505,0.14802,0.09,1,1263854,1263429,425
88507981,25.6055,26.431,424,33568,0.149604,0.11,1,1263884,1263460,424
88510901,45.9211,45.2862,425,33631,0.261921,0.11,1,1263935,1263510,425
88513821,77.9842,79.4572,423,33694,0.316384,0.07,1,1264021,1263598,423
88516741,84.3968,84.6915,423,33757,0.295277,0.09,1,1264107,1263684,423
88519661,43.2794,41.7383,425,33820,0.339055,0.13,1,1264140,1263715,425
88522581,47.0559,45.9477,426,33883,0.379811,0.11,1,1264188,1263762,426
88525501,30.2112,29.1895,427,33945,0.371962,0.15,1,1264214,1263787,427
88528421,7.64223,7.43791,427,34007,0.402392,0.09,1,1264216,1263789,427
88531341,23.9284,24.6876,426,34069,0.408478,0.15,1,1264244,1263818,426
88534261,32.7857,32.1375,427,34131,0.409696,0.15,1,1264279,1263852,427
88537181,8.15714,8.0275,427,34193,0.409939,0.15,1,1264281,1263854,427
88540101,27.2314,25.6055,429,34255,0.441988,0.15,1,1264313,1263884,429
88543021,49.4463,5.1211,484,34317,0.464398,0.29,1,1264368,1263884,484
88545941,80.2893,41.8242,521,34379,0.48488,0.33,1,1264456,1263935,521
88548861,84.8579,77.1648,521,34441,0.536976,0.29,1,1264542,1264021,521
88551781,45.7716,84.233,471,34502,0.547395,0.35,1,1264578,1264107,471
88554701,47.5543,43.2466,486,34563,0.565479,0.39,1,1264626,1264140,486
88557621,31.1109,47.0493,465,34624,0.553096,0.37,1,1264653,1264188,465
88560541,7.82217,30.2099,441,34685,0.550619,0.41,1,1264655,1264214,441
88563461,24.7644,7.64197,468,34746,0.566124,0.41,1,1264684,1264216,468
88566381,33.7529,23.9284,476,34807,0.537225,0.41,1,1264720,1264244,476
88569301,8.35058,32.7857,443,34868,0.531445,0.41,1,1264722,1264279,443
88572221,28.0701,8.15714,474,34929,0.562289,0.45,1,1264755,1264281,474
88575141,51.214,27.2314,499,34990,0.616458,0.47,1,1264812,1264313,499
88578061,81.4428,49.4463,533,35050,0.691292,0.49,1,1264901,1264368,533
88580981,87.4886,80.2893,534,35110,0.690258,0.55,1,1264990,1264456,534
88583901,47.0977,84.8579,485,35170,0.722052,0.55,1,1265027,1264542,485
88586821,47.8195,45.7716,497,35230,0.71241,0.57,1,1265075,1264578,497
88589741,30.3639,47.5543,475,35290,0.710482,0.55,1,1265101,1264626,475
88592661,7.67278,31.1109,450,35350,0.710096,0.55,1,1265103,1264653,450
88595581,23.9346,7.82217,476,35410,0.726019,0.57,1,1265131,1264655,476
88598501,33.5869,24.7644,483,35470,0.745204,0.53,1,1265167,1264684,483
88601421,8.31738,33.7529,449,35530,0.749041,0.53,1,1265169,1264720,449
88604341,29.6635,8.35058,482,35589,0.733808,0.57,1,1265204,1264722,482
88607261,53.9327,28.0701,509,35648,0.698762,0.63,1,1265264,1264755,509
88610181,12.3865,51.214,454,35707,0.691752,0.71,1,1265266,1264812,454
88613101,76.0773,81.4428,457,35766,0.770351,0.69,2,1265358,1264901,457
88616021,85.6155,87.4886,456,35825,0.83407,0.73,2,1265446,1264990,456
88618941,46.7231,47.0977,456,35884,0.878814,0.71,2,1265483,1265027,456
88621861,48.5446,47.8195,457,35943,0.871763,0.71,2,1265532,1265075,457
88624781,30.5089,30.3639,457,36002,0.870353,0.71,2,1265558,1265101,457
88627701,7.70178,7.67278,457,36061,0.870071,0.73,2,1265560,1265103,457
88630621,24.7404,23.9346,458,36120,0.854014,0.75,2,1265589,1265131,458
88633541,34.5481,33.5869,459,36179,0.914803,0.75,2,1265626,1265167,459
88636461,8.50961,8.31738,459,36237,0.926961,0.73,2,1265628,1265169,459
88639381,28.9019,29.6635,458,36295,0.929392,0.69,2,1265662,1265204,458
88642301,52.1804,53.9327,456,36353,0.961878,0.69,2,1265720,1265264,456
88786841,134,182,500,17761,0.01,0.99,1,1267857,1267357,500
88789761,94,90.8,516,17881,0.042,0.83,1,1267941,1267425,516
88792681,76.4,86.16,503,18000,0.0484,0.69,1,1268013,1267510,503
88795601,35.28,66.032,467,18118,0.03368,0.65,1,1268038,1267571,467
88798521,19.856,32.4064,459,18235,0.030736,0.23,1,1268054,1267595,459
88801441,83.1712,108.881,430,18351,0.0781472,0.01,1,1268153,1267723,430
88804361,117.434,128.976,422,18467,0.119629,0.05,1,1268279,1267857,422
88807281,90.6869,92.9953,422,18582,0.0319259,0.05,1,1268363,1267941,422
88810201,77.3374,76.1991,424,18696,0.0623852,0.03,1,1268437,1268013,424
88813121,34.6675,35.2398,423,18810,0.068477,0.03,1,1268461,1268038,423
88816041,20.5335,19.848,424,18923,0.0696954,0.09,1,1268478,1268054,424
88818961,84.9067,83.1696,426,19035,0.101939,0.13,1,1268579,1268153,426
88821881,116.181,117.434,424,19146,0.0763878,0.01,1,1268703,1268279,424
88824801,88.8363,90.6868,422,19257,0.0232776,0.07,1,1268785,1268363,422
88827721,77.7673,77.3374,423,19367,0.0606555,0.07,1,1268860,1268437,423
88830641,37.1534,34.6675,426,19477,0.0681311,0.07,1,1268887,1268461,426
88833561,18.6307,20.5335,423,19586,0.0376262,0.07,1,1268901,1268478,423
88836481,85.3261,4.1067,525,19694,0.0795252,0.11,1,1269003,1268478,525
88839401,116.265,81.6213,548,19802,0.0879051,0.07,1,1269127,1268579,548
88842321,87.253,115.524,504,19909,0.137581,0.01,1,1269207,1268703,504
88845241,78.2506,88.7049,498,20016,0.0995162,0.07,1,1269283,1268785,498
88848161,36.4501,77.741,449,20122,0.123903,0.07,1,1269309,1268860,449
88851081,19.29,37.1482,437,20227,0.144781,0.03,1,1269324,1268887,437
88854001,87.058,18.6296,527,20332,0.180956,0.09,1,1269428,1268901,527
88856921,116.612,85.3259,549,20436,0.252191,0.09,1,1269552,1269003,549
88859841,89.7223,116.265,508,20540,0.282438,0.15,1,1269635,1269127,508
88862761,76.3445,87.253,501,20643,0.272488,0.09,1,1269708,1269207,501
88865681,37.6689,78.2506,453,20746,0.270498,0.13,1,1269736,1269283,453
88868601,20.3338,36.4501,443,20848,0.2861,0.15,1,1269752,1269309,443
88871521,88.8668,19.29,534,20950,0.30522,0.19,1,1269858,1269324,534
88874441,120.973,87.058,559,21051,0.405044,0.27,1,1269987,1269428,559
88877361,25.7947,116.612,437,21152,0.393009,0.29,1,1269989,1269552,437
88880281,70.7589,89.7223,436,21252,0.486602,0.27,1,1270071,1269635,436
88883201,71.7518,76.3445,435,21352,0.48932,0.27,1,1270143,1269708,435
88886121,37.5504,37.6689,436,21451,0.521864,0.29,1,1270172,1269736,436
88889041,20.3101,20.3338,436,21550,0.528373,0.31,1,1270188,1269752,436
88891961,89.662,88.8668,437,21648,0.561675,0.43,1,1270295,1269858,437
88894881,126.732,120.973,444,21746,0.568335,0.39,1,1270431,1269987,444
88897801,26.9465,25.7947,444,21844,0.569667,0.51,1,1270433,1269989,444
88900721,71.7893,70.7589,445,21941,0.617933,0.49,1,1270516,1270071,445
88903641,73.5579,71.7518,447,22038,0.643587,0.53,1,1270590,1270143,447
88906561,37.1116,37.5504,446,22134,0.648717,0.53,1,1270618,1270172,446
88909481,21.0223,20.3101,447,22230,0.681743,0.57,1,1270635,1270188,447
88912401,90.6045,89.662,448,22325,0.736349,0.57,1,1270743,1270295,448
88915321,126.921,126.732,448,22420,0.76327,0.57,2,1270879,1270431,448
88918241,26.9842,26.9465,448,22515,0.784654,0.57,2,1270881,1270433,448
88921161,73.3968,5.3893,533,22609,0.740931,0.63,1,1270966,1270433,533
88924081,76.2794,67.4779,527,22703,0.764186,0.65,2,1271043,1270516,527
88927001,38.4559,72.6956,482,22796,0.800837,0.65,2,1271072,1270590,482
88929921,20.4912,36.9391,470,22889,0.808168,0.69,2,1271088,1270618,470
88932841,92.8982,20.9878,564,22982,0.873634,0.75,2,1271199,1270635,564
88935761,128.98,90.5976,594,23074,0.902727,0.77,2,1271337,1270743,594
88938681,27.3959,126.92,460,23166,0.908545,0.79,2,1271339,1270879,460
89029201,29,145,502,25850,0.63,1,1,1273265,1272763,502
89032121,65,50.6,549,25932,0.47,1,1,1273339,1272790,549
89035041,65,67.72,542,26014,0.326,1,1,1273404,1272862,542
89037961,40.2,69.544,506,26095,0.2012,1,1,1273438,1272932,506
89040881,25.64,36.3088,500,26176,0.11224,0.99,1,1273460,1272960,500
89043801,25.928,27.2618,501,26257,0.062448,1,1,1273486,1272985,501
89046721,65.9856,27.8524,549,26338,0.0684896,0.92,1,1273562,1273013,549
89049641,117.197,71.1705,597,26418,0.0536979,0.67,1,1273692,1273095,597
89052561,44.2394,127.034,482,26498,0.0507396,0.63,1,1273718,1273236,482
89055481,56.8479,48.6068,513,26578,0.0661479,0.43,1,1273778,1273265,513
89058401,56.1696,68.9214,495,26658,0.0692296,0.29,1,1273834,1273339,495
89061321,36.0339,65.7843,461,26737,0.0858459,0.17,1,1273865,1273404,461
89064241,21.6068,40.3569,445,26816,0.153169,0.09,1,1273883,1273438,445
89067161,28.3214,25.6714,453,26895,0.102634,0.05,1,1273913,1273460,453
89070081,7.26427,25.9343,429,26974,0.0925268,0.07,1,1273915,1273486,429
89073001,57.4529,65.9869,423,27053,0.0745054,0.05,1,1273985,1273562,423
89075921,114.691,117.197,422,27131,0.0229011,0.05,1,1274114,1273692,422
89078841,46.1381,44.2395,425,27209,0.0605802,0.07,1,1274143,1273718,425
89081761,58.8276,56.8479,427,27287,0.052116,0.07,1,1274205,1273778,427
89084681,54.1655,56.1696,424,27365,0.0344232,0.09,1,1274258,1273834,424
89087601,38.8331,36.0339,428,27442,0.0468846,0.17,1,1274293,1273865,428
89090521,22.1666,21.6068,428,27519,0.0173769,0.09,1,1274311,1273883,428
89093441,28.4333,28.3214,428,27596,0.0594754,0.09,1,1274341,1273913,428
89096361,7.28666,7.26427,428,27673,0.0678951,0.07,1,1274343,1273915,428
89099281,55.0573,57.4529,425,27750,0.101579,0.01,1,1274410,1273985,425
89102201,113.411,114.691,424,27826,0.108316,0.07,1,1274538,1274114,424
89105121,44.2823,46.1381,422,27902,0.141663,0.05,1,1274565,1274143,422
89108041,58.4565,58.8276,422,27978,0.132333,0.03,1,1274627,1274205,422
89110961,54.8913,54.1655,423,28054,0.146467,0.05,1,1274681,1274258,423
89113881,38.1783,38.8331,422,28129,0.117293,0.01,1,1274715,1274293,422
89116801,22.8357,22.1666,423,28204,0.111459,0.07,1,1274734,1274311,423
89119721,28.5671,28.4333,423,28279,0.0942917,0.07,1,1274764,1274341,423
89122641,7.31343,7.28666,423,28354,0.0908583,0.07,1,1274766,1274343,423
89125561,55.8627,1.45733,491,28429,0.138172,0.11,1,1274834,1274343,491
89128481,115.173,53.8915,554,28503,0.195634,0.11,1,1274964,1274410,554
89131401,44.6345,113.178,453,28577,0.207127,0.15,1,1274991,1274538,453
89134321,57.7269,44.2357,487,28651,0.225425,0.13,1,1275052,1274565,487
89137241,53.9454,58.4471,478,28725,0.293085,0.15,1,1275105,1274627,478
89140161,38.7891,54.8894,459,28799,0.290617,0.11,1,1275140,1274681,459
89143081,22.1578,38.1779,443,28873,0.322123,0.11,1,1275158,1274715,443
89146001,29.2316,22.8356,455,28946,0.344425,0.09,1,1275189,1274734,455
89148921,7.44631,28.5671,427,29019,0.348885,0.09,1,1275191,1274764,427
89151841,58.2893,7.31342,496,29092,0.397777,0.15,1,1275262,1274766,496
89154761,118.058,55.8627,561,29165,0.375555,0.21,1,1275395,1274834,561
89157681,45.2116,115.173,458,29238,0.371111,0.21,1,1275422,1274964,458
89160601,60.2423,44.6345,495,29310,0.402222,0.23,1,1275486,1274991,495
89163521,56.0485,57.7269,489,29382,0.392444,0.31,1,1275541,1275052,489
89166441,40.0097,53.9454,472,29454,0.406489,0.29,1,1275577,1275105,472
89169361,22.4019,38.7891,455,29526,0.425298,0.33,1,1275595,1275140,455
89172281,30.8804,22.1578,470,29598,0.44506,0.35,1,1275628,1275158,470
89175201,7.77608,29.2316,441,29670,0.449012,0.35,1,1275630,1275189,441
89178121,59.9552,7.44631,512,29741,0.513802,0.41,1,1275703,1275191,512
89181041,116.791,58.2893,572,29812,0.54276,0.37,1,1275834,1275262,572
89183961,24.9582,118.058,441,29883,0.548552,0.37,1,1275836,1275395,441
89186881,25.7916,45.2116,440,29954,0.59771,0.41,1,1275862,1275422,440
89189801,57.9583,60.2423,442,30025,0.687542,0.39,1,1275928,1275486,442
89192721,54.7917,56.0485,441,30095,0.673508,0.41,1,1275982,1275541,441
89195641,41.3583,40.0097,443,30165,0.686702,0.43,1,1276020,1275577,443
89198561,22.6717,22.4019,443,30235,0.67334,0.45,1,1276038,1275595,443
89201481,31.7343,30.8804,444,30305,0.718668,0.45,1,1276072,1275628,444
89204401,7.94687,7.77608,444,30375,0.695734,0.53,1,1276074,1275630,444
89207321,63.9894,59.9552,449,30445,0.707147,0.55,1,1276152,1275703,449
89210241,117.598,116.791,449,30515,0.709429,0.55,1,1276283,1275834,449
89213161,25.1196,24.9582,449,30584,0.709886,0.61,1,1276285,1275836,449
89216081,27.4239,25.7916,451,30653,0.709977,0.71,1,1276313,1275862,451
89219001,61.4848,57.9583,455,30722,0.837995,0.67,2,1276383,1275928,455
89221921,55.497,54.7917,455,30791,0.863599,0.69,2,1276437,1275982,455
89224841,40.6994,41.3583,454,30860,0.85272,0.67,2,1276474,1276020,454
89227761,24.1399,22.6717,456,30929,0.850544,0.73,2,1276494,1276038,456
89230681,32.028,31.7343,456,30997,0.882109,0.69,2,1276528,1276072,456
89233601,8.00559,7.94687,456,31065,0.888422,0.71,2,1276530,1276074,456
89236521,63.2011,63.9894,455,31133,0.921684,0.71,2,1276607,1276152,455
89239441,117.44,117.598,455,31201,0.928337,0.71,2,1276738,1276283,455
89242361,25.088,25.1196,455,31269,0.929667,0.71,2,1276740,1276285,455
89245281,29.0176,27.4239,457,31337,0.929933,0.71,2,1276770,1276313,457
89388361,39,26,530,34491,0.67,1,1,1278969,1278439,530
89391281,32.6,30,530,34552,0.654,1,1,1279000,1278470,530
89394201,96.12,35.6,605,34613,0.6828,1,1,1279112,1278507,605
89397121,42.424,106.32,510,34674,0.68856,1,1,1279141,1278631,510
89400041,33.2848,54.864,499,34735,0.721712,1,1,1279172,1278673,499
89402961,41.857,32.5728,516,34796,0.712342,0.91,1,1279216,1278700,516
89405881,49.9714,41.7146,524,34857,0.742468,1,1,1279268,1278744,524
89408801,35.5943,50.7429,503,34918,0.748494,0.93,1,1279300,1278797,503
89411721,30.3189,37.3486,498,34979,0.701699,0.85,1,1279329,1278831,498
89414641,33.2638,32.2697,501,35039,0.67634,0.83,1,1279363,1278862,501
89417561,28.2528,36.0539,491,35099,0.719268,0.77,1,1279390,1278899,491
89420481,35.2506,32.0108,497,35159,0.711854,0.67,1,1279427,1278930,497
89423401,31.0501,37.6022,488,35219,0.710371,0.65,1,1279457,1278969,488
89426321,91.81,32.3204,564,35279,0.742074,0.69,1,1279564,1279000,564
89429241,43.162,96.0641,483,35339,0.796415,0.69,2,1279595,1279112,483
89432161,32.6324,42.4128,484,35399,0.775283,0.73,2,1279625,1279141,484
89435081,44.1265,33.2826,500,35459,0.755057,0.71,2,1279672,1279172,500
89438001,52.0253,41.8565,510,35519,0.783011,0.75,2,1279726,1279216,510
89440921,36.0051,49.9713,490,35579,0.804602,0.75,2,1279758,1279268,490
89443841,28.001,35.5943,484,35638,0.80892,0.69,2,1279784,1279300,484
89446761,33.6002,30.3189,490,35697,0.809784,0.67,2,1279819,1279329,490
89449681,8.32004,33.2638,458,35756,0.809957,0.73,2,1279821,1279363,458
89452601,23.264,28.2528,458,35815,0.857991,0.71,2,1279848,1279390,458
89455521,33.4528,35.2506,457,35874,0.867598,0.71,2,1279884,1279427,457
89458441,31.4906,31.0501,458,35933,0.88552,0.75,2,1279915,1279457,458
89721241,30,34,519,40888,0.73,1,1,1283423,1282904,519
89724161,37.2,30.8,528,40940,0.634,1,1,1283462,1282934,528
89727081,36.24,33.36,530,40992,0.5188,1,1,1283498,1282968,530
89730001,32.848,34.672,527,41044,0.47976,1,1,1283530,1283003,527
89732921,37.7696,42.9344,521,41095,0.343952,1,1,1283569,1283048,521
89735841,27.5539,36.5869,511,41146,0.26879,1,1,1283594,1283083,511
89738761,32.7108,37.7174,507,41197,0.189758,1,1,1283628,1283121,507
89741681,46.5422,41.9435,514,41248,0.0779516,1,1,1283678,1283164,514
89744601,40.5084,35.5887,519,41299,0.0555903,1,1,1283717,1283198,519
89747521,41.7017,50.3177,507,41350,0.0671181,1,1,1283759,1283252,507
89750441,36.3403,38.8635,506,41401,0.0214236,0.98,1,1283794,1283288,506
89753361,27.2681,35.7727,496,41452,0.0122847,0.88,1,1283819,1283323,496
89756281,31.8536,33.5545,496,41503,0.0264569,0.73,1,1283852,1283356,496
89759201,7.97072,36.3109,461,41554,0.0452914,0.73,1,1283854,1283393,461
89762121,20.7941,31.2622,455,41605,0.0810583,0.61,1,1283878,1283423,455
89765041,31.3588,37.4524,450,41656,0.104212,0.49,1,1283912,1283462,450
89767961,29.4718,36.2905,443,41707,0.108842,0.47,1,1283941,1283498,443
89770881,28.2944,32.8581,439,41758,0.109768,0.31,1,1283969,1283530,439
89773801,33.6589,37.7716,435,41809,0.109954,0.25,1,1284004,1283569,435
89776721,27.5318,27.5543,436,41859,0.141991,0.17,1,1284030,1283594,436
89779641,29.5064,32.7109,432,41909,0.148398,0.05,1,1284060,1283628,432
89782561,38.7013,46.5422,423,41959,0.11768,0.05,1,1284101,1283678,423
89785481,41.3403,40.5084,426,42009,0.0235359,0.07,1,1284143,1283717,426
89788401,42.6681,41.7017,427,42059,0.0607072,0.01,1,1284186,1283759,427
89791321,34.9336,36.3403,425,42109,0.116141,0.01,1,1284219,1283794,425
89794241,24.5867,27.2681,422,42159,0.0792283,0.03,1,1284241,1283819,422
89797161,33.7173,31.8536,425,42209,0.0238457,0.05,1,1284277,1283852,425
89800081,8.34347,7.97072,425,42259,0.0127691,0.09,1,1284279,1283854,425
89803001,21.6687,20.7941,426,42309,0.0585538,0.11,1,1284304,1283878,426
89805921,30.7337,31.3588,425,42359,0.0837108,0.11,1,1284337,1283912,425
89808841,30.1467,29.4718,426,42409,0.136742,0.11,1,1284367,1283941,426
89811761,26.8294,28.2944,424,42459,0.147348,0.11,1,1284393,1283969,424
89814681,34.1659,33.6589,425,42509,0.13347,0.15,1,1284429,1284004,425
89817601,29.2332,27.5318,427,42559,0.130694,0.15,1,1284457,1284030,427
89820521,29.8466,29.5064,427,42609,0.130139,0.11,1,1284487,1284060,427
89823441,38.7693,38.7013,427,42659,0.194028,0,1,1284528,1284101,427
89826361,37.3539,41.3403,422,42708,0.174806,0.07,1,1284565,1284143,422
89829281,44.2708,42.6681,425,42757,0.170961,0.13,1,1284611,1284186,425
89832201,36.0542,34.9336,426,42806,0.218192,0.07,1,1284645,1284219,426
89835121,21.6108,24.5867,422,42855,0.227638,0.01,1,1284663,1284241,422
89838041,33.1222,33.7173,422,42904,0.213528,0.01,1,1284699,1284277,422
89840961,8.22443,8.34347,422,42953,0.210706,0.07,1,1284701,1284279,422
89843881,24.0449,21.6687,425,43002,0.210141,0.07,1,1284729,1284304,425
89846801,32.009,4.33374,459,43051,0.210028,0.09,1,1284763,1284304,459
89849721,30.4018,27.2667,456,43100,0.242006,0.15,1,1284793,1284337,456
89852641,27.6804,29.4533,453,43149,0.248401,0.15,1,1284820,1284367,453
89855561,34.3361,26.6907,463,43198,0.24968,0.13,1,1284856,1284393,463
89858481,29.2672,34.1381,455,43247,0.249936,0.13,1,1284884,1284429,455
89861401,29.8534,29.2276,457,43296,0.265987,0.13,1,1284914,1284457,457
89864321,41.1707,29.8455,471,43345,0.301197,0.21,1,1284958,1284487,471
89867241,36.2341,38.7691,465,43394,0.308239,0.17,1,1284993,1284528,465
89870161,45.6468,37.3538,476,43443,0.341648,0.17,1,1285041,1284565,476
89873081,36.3294,44.2708,464,43492,0.31633,0.23,1,1285075,1284611,464
89876001,21.6659,36.0542,448,43541,0.311266,0.23,1,1285093,1284645,448
89878921,32.3332,21.6108,465,43589,0.294253,0.21,1,1285128,1284663,465
89881841,8.06663,33.1222,431,43637,0.306851,0.21,1,1285130,1284699,431
89884761,24.0133,8.22443,457,43685,0.34137,0.21,1,1285158,1284701,457
89887681,34.4027,24.0449,466,43733,0.348274,0.21,1,1285195,1284729,466
89890601,31.6805,32.009,463,43781,0.365655,0.25,1,1285226,1284763,463
89893521,27.9361,30.4018,460,43829,0.369131,0.25,1,1285253,1284793,460
89896441,34.3872,27.6804,469,43877,0.369826,0.25,1,1285289,1284820,469
89899361,29.2774,34.3361,461,43925,0.385965,0.25,1,1285317,1284856,461
89902281,31.4555,29.2672,465,43973,0.437193,0.27,1,1285349,1284884,465
89905201,42.2911,29.8534,480,44021,0.431439,0.31,1,1285394,1284914,480
89908121,36.4582,41.1707,471,44069,0.414288,0.31,1,1285429,1284958,471
89911041,45.6916,36.2341,484,44117,0.426858,0.35,1,1285477,1284993,484
89913961,36.3383,45.6468,470,44165,0.461372,0.31,1,1285511,1285041,470
89916881,21.6677,36.3294,454,44213,0.484274,0.31,1,1285529,1285075,454
89919801,33.9335,21.6659,473,44261,0.472855,0.29,1,1285566,1285093,473
89922721,8.38671,32.3332,440,44309,0.470571,0.31,1,1285568,1285128,440
89925641,24.0773,8.06663,466,44357,0.470114,0.35,1,1285596,1285130,466
89928561,36.0155,24.0133,477,44405,0.454023,0.35,1,1285635,1285158,477
89931481,31.2031,34.4027,470,44453,0.482805,0.37,1,1285665,1285195,470
89934401,7.84062,31.6805,441,44500,0.488561,0.37,1,1285667,1285226,441
89937321,22.3681,27.9361,440,44547,0.537712,0.37,1,1285693,1285253,440
89940241,34.0736,34.3872,441,44594,0.547542,0.39,1,1285730,1285289,441
89943161,30.0147,29.2774,442,44641,0.549508,0.45,1,1285759,1285317,442
89946081,31.6029,31.4555,442,44688,0.581902,0.43,1,1285791,1285349,442
89949001,43.1206,42.2911,443,44735,0.57238,0.41,1,1285837,1285394,443
89951921,35.8241,36.4582,442,44782,0.634476,0.43,1,1285871,1285429,442
89954841,47.1648,45.6916,444,44829,0.630895,0.47,1,1285921,1285477,444
89957761,38.233,36.3383,446,44876,0.630179,0.49,1,1285957,1285511,446
89960681,22.0466,21.6677,446,44923,0.662036,0.47,1,1285975,1285529,446
89963601,33.2093,33.9335,445,44970,0.668407,0.47,1,1286011,1285566,445
89966521,8.24186,8.38671,445,45017,0.669681,0.47,1,1286013,1285568,445
89969441,24.0484,24.0773,445,45064,0.637936,0.45,1,1286041,1285596,445
89972361,35.2097,36.0155,444,45111,0.679587,0.49,1,1286079,1285635,444
89975281,33.4419,31.2031,447,45158,0.735917,0.49,1,1286112,1285665,447
89978201,8.28839,7.84062,447,45205,0.747183,0.55,1,1286114,1285667,447
89981121,22.4577,22.3681,447,45252,0.749437,0.55,1,1286140,1285693,447
89984041,34.8915,34.0736,448,45299,0.765887,0.55,2,1286178,1285730,448
89986961,30.9783,30.0147,449,45346,0.785177,0.59,2,1286208,1285759,449
89989881,31.7957,31.6029,449,45393,0.789035,0.57,2,1286240,1285791,449
89992801,43.9591,43.1206,450,45439,0.837807,0.65,2,1286287,1285837,450
89995721,37.5918,35.8241,452,45485,0.815561,0.63,2,1286323,1285871,452
89998641,48.3184,47.1648,453,45531,0.827112,0.63,2,1286374,1285921,453
90001561,38.4637,38.233,453,45577,0.861422,0.67,2,1286410,1285957,453
90004481,22.0927,22.0466,453,45623,0.884284,0.67,2,1286428,1285975,453
90007401,33.2185,33.2093,453,45669,0.888857,0.67,2,1286464,1286011,453
90010321,8.24371,8.24186,453,45715,0.889771,0.63,2,1286466,1286013,453
90013241,24.0487,24.0484,453,45761,0.937954,0.69,2,1286494,1286041,453
90016161,36.8097,35.2097,455,45807,0.947591,0.75,2,1286534,1286079,455
90254141,100,120,441,21900,0.05,0.25,1,1289117,1288676,441
90257061,64,51.2,462,22724,0.05,0.01,1,1289172,1288710,462
90259981,86.4,83.04,463,22817,0.034,0.05,1,1289264,1288801,463
90262901,60.48,75.008,444,22910,0.0308,0.03,1,1289318,1288874,444
90265821,69.696,53.4016,468,23003,0.04616,0.05,1,1289390,1288922,468
90268741,32.3392,48.2803,444,23095,0.081232,0.05,1,1289413,1288969,444
90271661,28.8678,32.0561,444,23187,0.0402464,0.01,1,1289441,1288997,444
90274581,65.7736,64.8112,446,23278,0.0320493,0.05,1,1289516,1289070,446
90277501,76.3547,50.5622,478,23369,0.0944099,0.05,1,1289595,1289117,478
90280421,87.2709,54.1124,513,23460,0.074882,0.03,1,1289685,1289172,513
90283341,63.0542,84.4225,478,23550,0.0229764,0.03,1,1289742,1289264,478
90286261,69.4108,60.0845,495,23640,0.0285953,0.05,1,1289813,1289318,495
90289181,32.2822,69.6169,446,23730,0.0297191,0.09,1,1289836,1289390,446
90292101,28.0564,32.3234,450,23819,0.0299438,0.03,1,1289863,1289413,450
90295021,65.6113,28.8647,497,23908,0.0299888,0.03,1,1289938,1289441,497
90297941,14.7223,65.7729,424,23997,0.0299978,0.11,1,1289940,1289516,424
90300861,68.5444,76.3546,427,24085,0.142,0.07,1,1290022,1289595,427
90303781,81.7089,87.2709,422,24173,0.1804,0.01,1,1290107,1289685,422
90306701,63.5418,63.0542,424,24261,0.14008,0.03,1,1290166,1289742,424
90309621,68.7084,69.4108,423,24348,0.084016,0.03,1,1290236,1289813,423
90312541,32.1417,32.2822,423,24435,0.0248032,0.03,1,1290259,1289836,423
90315461,28.0283,28.0564,423,24522,0.0129606,0.03,1,1290286,1289863,423
90318381,65.6057,65.6113,423,24608,0.0265921,0.03,1,1290361,1289938,423
90321301,14.7211,14.7223,423,24694,0.0613184,0.17,1,1290363,1289940,423
90324221,72.5442,68.5444,428,24780,0.100264,0.19,1,1290450,1290022,428
90327141,83.3088,81.7089,429,24866,0.204053,0.13,1,1290536,1290107,429
90330061,59.8618,63.5418,424,24951,0.208811,0.07,1,1290590,1290166,424
90332981,67.1724,68.7084,423,25036,0.225762,0.01,1,1290659,1290236,423
90335901,31.8345,32.1417,423,25121,0.213152,0.01,1,1290682,1290259,423
90338821,27.1669,28.0283,422,25205,0.19463,0.03,1,1290708,1290286,422
90341741,66.2334,65.6057,423,25289,0.254926,0.07,1,1290784,1290361,423
90344661,14.8467,14.7211,423,25373,0.266985,0.11,1,1290786,1290363,423
90347581,77.3693,72.5442,429,25457,0.301397,0.11,1,1290879,1290450,429
90350501,85.0739,14.5088,516,25540,0.276279,0.23,1,1290966,1290450,516
90353421,61.0148,71.7018,485,25623,0.303256,0.21,1,1291021,1290536,485
90356341,66.603,57.5404,499,25706,0.324651,0.23,1,1291089,1290590,499
90359261,30.9206,66.7081,452,25788,0.36093,0.21,1,1291111,1290659,452
90362181,27.7841,31.7416,456,25870,0.384186,0.19,1,1291138,1290682,456
90365101,69.5568,27.1483,510,25952,0.452837,0.27,1,1291218,1290708,510
90368021,15.5114,66.2297,436,26034,0.466567,0.27,1,1291220,1290784,436
90370941,75.9023,14.8459,525,26115,0.469314,0.31,1,1291311,1290786,525
90373861,87.1805,77.3692,522,26196,0.453863,0.27,1,1291401,1290879,522
90376781,63.0361,85.0738,492,26277,0.482773,0.31,1,1291458,1290966,492
90379701,67.8072,61.0148,506,26358,0.504555,0.33,1,1291527,1291021,506
90382621,31.9614,66.603,461,26438,0.556911,0.37,1,1291550,1291089,461
90385541,28.7923,30.9206,467,26518,0.567382,0.39,1,1291578,1291111,467
90388461,73.7585,27.7841,525,26598,0.617476,0.47,1,1291663,1291138,525
90391381,16.3517,69.5568,447,26678,0.595495,0.47,1,1291665,1291218,447
90394301,75.2703,15.5114,535,26757,0.607099,0.47,1,1291755,1291220,535
90397221,87.8541,75.9023,535,26836,0.70542,0.45,1,1291846,1291311,535
90400141,63.1708,87.1805,502,26915,0.773084,0.49,2,1291903,1291401,502
90403061,14.2342,63.0361,447,26994,0.786617,0.51,2,1291905,1291458,447
90405981,59.6468,67.8072,449,27072,0.773323,0.57,2,1291976,1291527,449
90408901,31.1294,31.9614,450,27150,0.786665,0.57,2,1292000,1291550,450
90411821,28.6259,28.7923,450,27228,0.789333,0.63,2,1292028,1291578,450
90414741,74.5252,73.7585,451,27306,0.805867,0.59,2,1292114,1291663,451
90417661,16.505,16.3517,451,27384,0.841173,0.61,2,1292116,1291665,451
90420581,76.101,75.2703,452,27461,0.848235,0.73,2,1292207,1291755,452
90423501,92.8202,87.8541,458,27538,0.897647,0.79,2,1292304,1291846,458
90543221,22,30,497,30530,0.95,1,2,1294364,1293867,497
90546141,28.4,26,502,30599,0.838,1,2,1294394,1293892,502
90549061,36.08,26.8,513,30668,0.7356,1,1,1294432,1293919,513
90551981,68.016,77.36,499,30737,0.77912,1,2,1294508,1294009,499
90554901,44.0032,41.872,504,30806,0.707824,1,1,1294546,1294042,504
90557821,36.0006,49.1744,487,30875,0.629565,1,1,1294580,1294093,487
90560741,92.0001,94.6349,487,30944,0.549913,1,1,1294686,1294199,487
90563661,73.6,82.127,477,31012,0.581983,0.96,1,1294755,1294278,477
90566581,37.12,44.4254,470,31080,0.508397,0.96,1,1294783,1294313,470
90569501,29.024,32.0851,468,31148,0.461679,0.95,1,1294810,1294342,468
90572421,21.0048,24.017,465,31216,0.516336,0.81,1,1294829,1294364,465
90575341,26.601,28.8034,463,31284,0.447267,0.81,1,1294857,1294394,463
90578261,31.7202,5.76068,496,31352,0.465453,0.71,1,1294890,1294394,496
90581181,63.944,31.5521,530,31419,0.469091,0.79,1,1294962,1294432,530
90584101,40.7888,67.1104,489,31486,0.501818,0.69,1,1294997,1294508,489
90587021,33.7578,43.8221,483,31553,0.476364,0.61,1,1295029,1294546,483
90589941,91.5516,35.9644,555,31620,0.535273,0.53,1,1295135,1294580,555
90592861,71.1103,91.9929,515,31687,0.595055,0.59,1,1295201,1294686,515
90595781,35.8221,73.5986,473,31754,0.607011,0.49,1,1295228,1294755,473
90598701,29.5644,37.1197,473,31821,0.609402,0.45,1,1295256,1294783,473
90601621,19.5129,29.0239,463,31887,0.62588,0.53,1,1295273,1294810,463
90604541,24.7026,21.0048,470,31953,0.629176,0.43,1,1295299,1294829,470
90607461,32.9405,26.601,477,32019,0.613835,0.47,1,1295334,1294857,477
90610381,64.9881,31.7202,517,32085,0.610767,0.47,1,1295407,1294890,517
90613301,41.7976,63.944,481,32151,0.626153,0.51,1,1295443,1294962,481
90616221,32.3595,40.7888,476,32217,0.629231,0.47,1,1295473,1294997,476
90619141,95.2719,33.7578,555,32283,0.693846,0.55,1,1295584,1295029,555
90622061,73.4544,91.5516,517,32349,0.738769,0.61,1,1295652,1295135,517
90624981,36.2909,71.1103,478,32414,0.731754,0.61,1,1295679,1295201,478
90627901,29.6582,35.8221,479,32479,0.730351,0.61,1,1295707,1295228,479
90630821,18.7316,29.5644,467,32544,0.73007,0.63,1,1295723,1295256,467
90633741,26.1463,19.5129,478,32609,0.746014,0.63,1,1295751,1295273,478
90636661,32.4293,24.7026,486,32674,0.797203,0.61,2,1295785,1295299,486
90639581,64.8859,32.9405,524,32739,0.839441,0.61,2,1295858,1295334,524
90642501,14.5772,64.9881,453,32804,0.863888,0.63,2,1295860,1295407,453
90645421,31.7154,41.7976,453,32868,0.916778,0.63,2,1295896,1295443,453
90791421,35,36,496,35943,0.67,1,1,1298082,1297586,496
90794341,33.4,32.8,497,36002,0.59,1,1,1298115,1297618,497
90797261,30.68,34.56,492,36061,0.51,1,1,1298145,1297653,492
90800181,35.736,25.312,506,36120,0.366,1,1,1298182,1297676,506
90803101,35.9472,48.2624,488,36179,0.2732,1,1,1298218,1297730,488
90806021,39.1894,36.8525,494,36237,0.12664,1,1,1298258,1297764,494
90808941,34.2379,37.7705,489,36295,0.097328,1,1,1298291,1297802,489
90811861,29.2476,26.7541,493,36353,0.0274656,1,1,1298319,1297826,493
90814781,29.8495,34.1508,487,36411,0.0134931,0.97,1,1298349,1297862,487
90817701,65.9699,77.2302,474,36469,0.0586986,0.8,1,1298424,1297950,474
90820621,37.194,42.646,470,36527,0.0517397,0.81,1,1298454,1297984,470
90823541,50.6388,58.9292,461,36585,0.0343479,0.67,1,1298508,1298047,461
90826461,33.3278,39.7858,455,36643,0.0468696,0.57,1,1298537,1298082,455
90829381,29.8656,34.3572,451,36701,0.0653739,0.49,1,1298566,1298115,451
90832301,21.9731,30.8714,441,36759,0.0210748,0.33,1,1298586,1298145,441
90835221,28.3946,35.7743,434,36816,0.028215,0.25,1,1298616,1298182,434
90838141,32.8789,35.9549,432,36873,0.029643,0.09,1,1298650,1298218,432
90841061,32.1758,39.191,424,36930,0.0459286,0.09,1,1298682,1298258,424
90843981,32.8352,34.2382,424,36987,0.0811857,0.01,1,1298715,1298291,424
90846901,30.567,29.2476,426,37044,0.0402371,0.01,1,1298745,1298319,426
90849821,28.5134,29.8495,424,37101,0.0160474,0.07,1,1298773,1298349,424
90852741,66.5027,65.9699,425,37158,0.0432095,0.07,1,1298849,1298424,425
90855661,35.7005,13.194,453,37215,0.0806419,0.05,1,1298877,1298424,453
90858581,48.7401,26.6388,475,37272,0.0241284,0.03,1,1298929,1298454,475
90861501,33.748,48.5278,451,37329,0.0448257,0.05,1,1298959,1298508,451
90864421,30.7496,32.9056,452,37386,0.0969651,0.07,1,1298989,1298537,452
90867341,20.5499,29.7811,441,37443,0.075393,0.01,1,1299007,1298566,441
90870261,28.11,21.9562,451,37499,0.0710786,0.03,1,1299037,1298586,451
90873181,32.822,28.3912,455,37555,0.0222157,0.03,1,1299071,1298616,455
90876101,35.3644,32.8782,457,37611,0.0444431,0.05,1,1299107,1298650,457
90879021,31.8729,32.1756,456,37667,0.0328886,0.09,1,1299138,1298682,456
90881941,29.5746,32.8351,452,37723,0.0465777,0.03,1,1299167,1298715,452
90884861,27.5149,30.567,449,37779,0.0173155,0.01,1,1299194,1298745,449
90887781,67.103,28.5134,498,37835,0.0274631,0.05,1,1299271,1298773,498
90890701,38.2206,66.5027,453,37891,0.0294926,0.09,1,1299302,1298849,453
90893621,49.2441,35.7005,477,37947,0.0778985,0.01,1,1299354,1298877,477
90896541,33.0488,48.7401,454,38003,0.0555797,0.05,1,1299383,1298929,454
90899461,32.2098,33.748,456,38059,0.0831159,0.11,1,1299415,1298959,456
90902381,19.242,30.7496,442,38115,0.0886232,0.07,1,1299431,1298989,442
90905301,28.6484,20.5499,455,38170,0.105725,0.07,1,1299462,1299007,455
90908221,31.3297,28.11,457,38225,0.109145,0.01,1,1299494,1299037,457
90911141,35.0659,32.822,459,38280,0.109829,0.05,1,1299530,1299071,459
90914061,32.6132,35.3644,455,38335,0.141966,0.03,1,1299562,1299107,455
90916981,28.9226,31.8729,452,38390,0.148393,0.05,1,1299590,1299138,452
90919901,26.5845,29.5746,449,38445,0.133679,0.01,1,1299616,1299167,449
90922821,67.7169,27.5149,500,38500,0.0827357,0.03,1,1299694,1299194,500
90925741,38.3434,67.103,454,38555,0.0165471,0.03,1,1299725,1299271,454
90928661,49.2687,38.2206,475,38610,0.0753094,0.09,1,1299777,1299302,475
90931581,11.4537,49.2441,425,38665,0.0870619,0.05,1,1299779,1299354,425
90934501,26.2907,33.0488,426,38720,0.0894124,0.09,1,1299809,1299383,426
90937421,30.8581,32.2098,426,38775,0.121882,0.09,1,1299841,1299415,426
90940341,18.9716,19.242,426,38829,0.176376,0.11,1,1299857,1299431,426
90943261,29.3943,28.6484,427,38883,0.155275,0.11,1,1299889,1299462,427
90946181,31.4789,31.3297,427,38937,0.215055,0.11,1,1299921,1299494,427
90949101,35.8958,35.0659,428,38991,0.211011,0.15,1,1299958,1299530,428
90952021,34.3792,32.6132,430,39045,0.226202,0.15,1,1299992,1299562,430
90954941,29.2758,28.9226,430,39099,0.22924,0.13,1,1300020,1299590,430
90957861,23.4552,26.5845,426,39153,0.197848,0.07,1,1300042,1299616,426
90960781,64.691,67.7169,423,39207,0.20757,0,1,1300117,1299694,423
90963701,37.7382,38.3434,423,39261,0.193514,0.09,1,1300148,1299725,423
90966621,51.5476,49.2687,426,39315,0.206703,0.09,1,1300203,1299777,426
90969541,11.9095,11.4537,426,39369,0.209341,0.09,1,1300205,1299779,426
90972461,26.3819,26.2907,426,39423,0.225868,0.13,1,1300235,1299809,426
90975381,32.4764,30.8581,428,39477,0.245174,0.19,1,1300269,1299841,428
90978301,20.0953,18.9716,429,39530,0.233035,0.15,1,1300286,1299857,429
90981221,29.6191,29.3943,429,39583,0.262607,0.23,1,1300318,1299889,429
90984141,33.1238,31.4789,431,39636,0.268521,0.21,1,1300352,1299921,431
90987061,37.8248,35.8958,433,39689,0.285704,0.23,1,1300391,1299958,433
90989981,33.165,34.3792,431,39742,0.289141,0.23,1,1300423,1299992,431
90992901,29.033,29.2758,431,39795,0.289828,0.19,1,1300451,1300020,431
90995821,23.4066,23.4552,431,39848,0.273966,0.21,1,1300473,1300042,431
90998741,65.4813,64.691,432,39901,0.334793,0.19,1,1300549,1300117,432
91001661,35.4963,37.7382,429,39954,0.378959,0.21,1,1300577,1300148,429
91004581,53.4993,51.5476,432,40007,0.403792,0.21,1,1300635,1300203,432
91007501,12.2999,11.9095,432,40060,0.424758,0.21,1,1300637,1300205,432
91010421,26.46,2.38191,462,40113,0.444952,0.23,1,1300667,1300205,462
91013341,31.692,24.4764,465,40166,0.43299,0.25,1,1300700,1300235,465
91016261,20.7384,32.0953,449,40219,0.430598,0.23,1,1300718,1300269,449
91019181,29.7477,20.0191,464,40271,0.44612,0.27,1,1300750,1300286,464
91022101,34.7495,29.6038,468,40323,0.481224,0.27,1,1300786,1300318,468
91025021,37.3499,33.1208,472,40375,0.504245,0.29,1,1300824,1300352,472
91027941,33.07,37.8242,465,40427,0.508849,0.29,1,1300856,1300391,465
91030861,29.014,33.1648,461,40479,0.50977,0.29,1,1300884,1300423,461
91033781,24.2028,29.033,456,40531,0.509954,0.27,1,1300907,1300451,456
91036701,68.8406,23.4066,514,40583,0.557991,0.35,1,1300987,1300473,514
91039621,36.1681,65.4813,466,40635,0.567598,0.39,1,1301015,1300549,466
91042541,56.8336,35.4963,500,40687,0.53752,0.41,1,1301077,1300577,500
91045461,12.9667,53.4993,444,40739,0.531504,0.43,1,1301079,1300635,444
91048381,27.3933,12.2999,473,40791,0.562301,0.45,1,1301110,1300637,473
91051301,31.0787,26.46,475,40843,0.58446,0.43,1,1301142,1300667,475
91054221,20.6157,31.692,460,40895,0.604892,0.43,1,1301160,1300700,460
91057141,31.3231,20.7384,476,40947,0.576978,0.45,1,1301194,1300718,476
91060061,35.8646,29.7477,481,40999,0.587396,0.49,1,1301231,1300750,481
91062981,38.3729,34.7495,484,41050,0.621479,0.51,1,1301270,1300786,484
91065901,33.2746,37.3499,478,41101,0.628296,0.51,1,1301302,1300824,478
91068821,29.8549,33.07,475,41152,0.613659,0.51,1,1301331,1300856,475
91071741,23.571,29.014,469,41203,0.610732,0.51,1,1301353,1300884,469
91074661,71.1142,24.2028,529,41254,0.674146,0.57,1,1301436,1300907,529
91077581,36.6228,68.8406,477,41305,0.702829,0.57,1,1301464,1300987,477
91080501,55.3246,36.1681,509,41356,0.756566,0.53,2,1301524,1301015,509
91083421,12.6649,56.8336,449,41407,0.767313,0.53,2,1301526,1301077,449
91086341,28.933,12.9667,480,41458,0.785463,0.57,2,1301559,1301079,480
91089261,32.1866,27.3933,482,41509,0.805093,0.59,2,1301592,1301110,482
91092181,8.03732,31.0787,452,41560,0.809019,0.61,2,1301594,1301142,452
91095101,16.0075,20.6157,452,41611,0.873804,0.57,2,1301612,1301160,452
91098021,30.4015,31.3231,452,41662,0.854761,0.59,2,1301646,1301194,452
91100941,34.8803,35.8646,451,41713,0.898952,0.63,2,1301682,1301231,451
91103861,39.7761,38.3729,453,41764,0.93979,0.63,2,1301723,1301270,453
91321401,92,105,496,20647,0.07,0.85,1,1304374,1303878,496
91324321,58.4,69,486,20750,0.07,0.63,1,1304424,1303938,486
91327241,54.08,72.2,466,20852,0.07,0.43,1,1304477,1304011,466
91330161,63.616,52.04,485,20954,0.118,0.25,1,1304543,1304058,485
91333081,35.9232,65.608,445,21055,0.1596,0.25,1,1304572,1304127,445
91336001,21.5846,30.7216,441,21156,0.19992,0.03,1,1304590,1304149,441
91338921,95.5169,112.544,422,21256,0.191984,0.07,1,1304704,1304282,422
91341841,95.1034,96.1089,425,21356,0.206397,0.07,1,1304799,1304374,425
91344761,59.0207,59.2218,425,21455,0.257279,0.07,1,1304849,1304424,425
91347681,54.2041,54.2444,425,21554,0.251456,0.13,1,1304902,1304477,425
91350601,66.0408,63.6489,428,21652,0.234291,0.17,1,1304971,1304543,428
91353521,38.0082,35.9298,430,21750,0.246858,0.21,1,1305002,1304572,430
91356441,22.8016,21.586,431,21848,0.281372,0.19,1,1305021,1304590,431
91359361,94.1603,95.5172,429,21945,0.352274,0.21,1,1305133,1304704,429
91362281,96.4321,95.1034,431,22042,0.446455,0.27,1,1305230,1304799,431
91365201,60.8864,59.0207,433,22138,0.465291,0.25,1,1305282,1304849,433
91368121,55.3773,54.2041,434,22234,0.517058,0.23,1,1305336,1304902,434
91371041,65.4755,66.0408,433,22329,0.511412,0.25,1,1305404,1304971,433
91373961,38.6951,38.0082,434,22424,0.542282,0.29,1,1305436,1305002,434
91376881,24.539,22.8016,436,22519,0.596456,0.29,1,1305457,1305021,436
91379801,96.9078,4.56033,551,22613,0.591291,0.37,1,1305572,1305021,551
91382721,99.3816,90.5121,539,22707,0.622258,0.47,1,1305672,1305133,539
91385641,61.4763,95.7024,494,22800,0.660452,0.47,1,1305724,1305230,494
91388561,57.8953,60.7405,499,22893,0.68409,0.53,1,1305781,1305282,499
91391481,66.7791,55.3481,514,22986,0.688818,0.51,1,1305850,1305336,514
91394401,40.5558,65.4696,480,23078,0.721764,0.55,1,1305884,1305404,480
91397321,25.7112,38.6939,470,23170,0.744353,0.61,1,1305906,1305436,470
91400241,97.9422,24.5388,565,23261,0.71687,0.59,1,1306022,1305457,565
91403161,101.988,96.9078,553,23352,0.695374,0.63,1,1306125,1305572,553
91406081,64.3977,99.3816,508,23443,0.691075,0.67,1,1306180,1305672,508
91409001,57.6795,61.4763,512,23533,0.690215,0.69,1,1306236,1305724,512
91411921,66.7359,57.8953,524,23623,0.738043,0.69,1,1306305,1305781,524
91414841,42.1472,66.7791,491,23713,0.795609,0.73,2,1306341,1305850,491
91417761,26.8294,40.5558,480,23802,0.807122,0.75,2,1306364,1305884,480
91420681,96.5659,25.7112,572,23891,0.841424,0.71,2,1306478,1305906,572
91423601,100.913,97.9422,558,23980,0.864285,0.69,2,1306580,1306022,558
91426521,21.7826,101.988,457,24068,0.868857,0.69,2,1306582,1306125,457
91429441,47.5565,64.3977,456,24156,0.901771,0.69,2,1306636,1306180,456
91522881,31,23,514,26819,0.71,1,1,1308536,1308022,514
91525801,55,31,542,26898,0.63,1,1,1308597,1308055,542
91528721,39,58.2,512,26977,0.614,1,1,1308632,1308120,512
91531641,27,54.84,482,27056,0.5628,0.91,1,1308656,1308174,482
91534561,58.2,62.168,484,27134,0.55256,1,1,1308722,1308238,484
91537481,38.84,42.8336,480,27212,0.502512,0.93,1,1308756,1308276,480
91540401,70.168,78.1667,471,27290,0.460502,0.81,1,1308834,1308363,471
91543321,86.8336,98.8333,458,27368,0.404101,0.79,1,1308925,1308467,458
91546241,46.1667,50.1667,456,27445,0.45682,0.71,1,1308961,1308505,456
91549161,34.8333,34.8333,457,27522,0.451364,0.61,1,1308993,1308536,457
91552081,49.3667,55.7667,449,27599,0.450273,0.61,1,1309046,1308597,449
91555001,37.0733,39.1533,448,27676,0.482055,0.55,1,1309080,1308632,448
91557921,24.2147,27.0307,445,27753,0.456411,0.55,1,1309101,1308656,445
91560841,60.8429,58.2061,449,27829,0.483282,0.49,1,1309171,1308722,449
91563761,38.5686,38.8412,448,27905,0.520656,0.45,1,1309204,1308756,448
91566681,65.3137,70.1682,442,27981,0.592131,0.39,1,1309276,1308834,442
91569601,85.0627,86.8337,441,28057,0.638426,0.47,1,1309366,1308925,441
91572521,45.8125,46.1667,441,28132,0.663685,0.45,1,1309402,1308961,441
91575441,35.5625,34.8333,442,28207,0.684737,0.45,1,1309435,1308993,442
91578361,51.1125,49.3667,444,28282,0.704947,0.49,1,1309490,1309046,444
91581281,35.8225,37.0733,442,28357,0.70899,0.49,1,1309522,1309080,442
91584201,24.7645,7.41467,464,28432,0.677798,0.45,1,1309544,1309080,464
91587121,62.5529,18.2829,515,28506,0.68756,0.49,1,1309616,1309101,515
91590041,41.3106,59.6566,481,28580,0.737512,0.53,1,1309652,1309171,481
91592961,68.2621,38.3313,523,28654,0.747502,0.61,1,1309727,1309204,523
91595881,85.6524,65.2663,541,28728,0.813501,0.65,2,1309817,1309276,541
91598801,46.7305,85.0533,488,28802,0.8427,0.67,2,1309854,1309366,488
91601721,36.5461,45.8107,486,28876,0.84854,0.69,2,1309888,1309402,486
91604641,52.1092,35.5621,509,28949,0.849708,0.71,2,1309944,1309435,509
91607561,36.0218,51.1124,486,29022,0.865942,0.71,2,1309976,1309490,486
91610481,24.8044,35.8225,476,29095,0.869188,0.67,2,1309998,1309522,476
91613401,64.1609,24.7645,528,29168,0.885838,0.69,2,1310072,1309544,528
91616321,44.0322,62.5529,495,29241,0.857167,0.75,2,1310111,1309616,495
91619241,68.0064,41.3106,533,29313,0.899433,0.75,2,1310185,1309652,533
91622161,88.8013,68.2621,552,29385,0.923887,0.83,2,1310279,1309727,552
91625081,48.1603,85.6524,500,29457,0.944777,0.85,2,1310317,1309817,500
91628001,36.8321,46.7305,497,29529,0.948955,0.85,2,1310351,1309854,497
91771081,74,102,478,32858,0.35,1,1,1312662,1312184,478
91774001,54,47.6,493,32922,0.302,1,1,1312711,1312218,493
91776921,36.4,37.52,490,32986,0.2764,1,1,1312743,1312253,490
91779841,52.88,52.304,491,33050,0.11128,1,1,1312800,1312309,491
91782761,36.976,40.0608,487,33114,0.078256,1,1,1312833,1312346,487
91785681,37.7952,44.0122,480,33178,0.0556512,1,1,1312871,1312391,480
91788601,36.359,38.4024,479,33242,0.0831302,1,1,1312907,1312428,479
91791521,39.2718,42.0805,476,33306,0.088626,0.91,1,1312947,1312471,476
91794441,25.4544,32.4161,468,33370,0.0897252,0.69,1,1312969,1312501,468
91797361,42.6909,52.8832,457,33433,0.121945,0.59,1,1313016,1312559,457
91800281,25.3382,33.7766,449,33496,0.128389,0.35,1,1313037,1312588,449
91803201,58.6676,65.9553,442,33559,0.129678,0.29,1,1313104,1312662,442
91806121,43.7335,52.3911,433,33622,0.193936,0.27,1,1313144,1312711,433
91809041,31.1467,36.0782,429,33685,0.158787,0.07,1,1313172,1312743,429
91811961,49.4293,52.8156,426,33748,0.183757,0.07,1,1313226,1312800,426
91814881,35.4859,36.9631,425,33811,0.188751,0.05,1,1313258,1312833,425
91817801,36.6972,37.7926,424,33874,0.12575,0.09,1,1313295,1312871,424
91820721,36.9394,36.3585,425,33936,0.0811501,0.09,1,1313332,1312907,425
91823641,40.9879,39.2717,427,33998,0.10423,0.09,1,1313374,1312947,427
91826561,24.9976,25.4543,426,34060,0.140846,0.13,1,1313395,1312969,426
91829481,43.3995,42.6909,427,34122,0.148169,0.13,1,1313443,1313016,427
91832401,23.0799,25.3382,424,34184,0.181634,0.13,1,1313461,1313037,424
91835321,58.216,58.6676,424,34246,0.172327,0.13,1,1313528,1313104,424
91838241,48.4432,11.7335,470,34308,0.154465,0.21,1,1313574,1313104,470
91841161,30.4886,34.3467,456,34370,0.150893,0.15,1,1313600,1313144,456
91844081,50.8977,29.2693,484,34432,0.166179,0.19,1,1313656,1313172,484
91847001,34.1795,49.0539,460,34493,0.169236,0.19,1,1313686,1313226,460
91849921,32.4359,35.4108,460,34554,0.169847,0.11,1,1313718,1313258,460
91852841,35.2872,36.6822,459,34615,0.185969,0.07,1,1313754,1313295,459
91855761,43.8574,36.9364,468,34676,0.205194,0.11,1,1313800,1313332,468
91858681,25.5715,40.9873,447,34737,0.241039,0.15,1,1313821,1313374,447
91861601,45.1143,24.9975,476,34798,0.248208,0.15,1,1313871,1313395,476
91864521,23.4229,43.3995,446,34859,0.249642,0.19,1,1313889,1313443,446
91867441,58.2846,23.0799,495,34920,0.265928,0.17,1,1313956,1313461,495
91870361,48.4569,58.216,474,34981,0.269186,0.15,1,1314002,1313528,474
91873281,30.4914,48.4432,454,35041,0.301837,0.15,1,1314028,1313574,454
91876201,51.6983,30.4886,485,35101,0.292367,0.17,1,1314085,1313600,485
91879121,34.3397,50.8977,459,35161,0.306473,0.17,1,1314115,1313656,459
91882041,32.4679,34.1795,461,35221,0.309295,0.17,1,1314147,1313686,461
91884961,36.0936,32.4359,466,35281,0.293859,0.19,1,1314184,1313718,466
91887881,45.6187,35.2872,478,35341,0.338772,0.21,1,1314232,1313754,478
91890801,26.7237,43.8574,454,35401,0.347754,0.25,1,1314254,1313800,454
91893721,45.3447,25.5715,483,35461,0.381551,0.25,1,1314304,1313821,483
91896641,24.2689,45.1143,452,35521,0.37231,0.25,1,1314323,1313871,452
91899561,58.4538,23.4229,501,35581,0.434462,0.27,1,1314390,1313889,501
91902481,49.2908,58.2846,481,35640,0.430892,0.27,1,1314437,1313956,481
91905401,11.4582,48.4569,437,35699,0.430178,0.31,1,1314439,1314002,437
91908321,23.0916,30.4914,437,35758,0.462036,0.29,1,1314465,1314028,437
91911241,50.2183,51.6983,437,35817,0.468407,0.31,1,1314522,1314085,437
91914161,34.0437,34.3397,437,35876,0.501681,0.31,1,1314552,1314115,437
91917081,32.4087,32.4679,437,35935,0.524336,0.29,1,1314584,1314147,437
91920001,36.8817,36.0936,438,35994,0.544867,0.35,1,1314622,1314184,438
91922921,46.5763,45.6187,439,36053,0.580973,0.35,1,1314671,1314232,439
91925841,26.9153,26.7237,439,36112,0.588195,0.39,1,1314693,1314254,439
91928761,46.9831,45.3447,441,36171,0.605639,0.37,1,1314745,1314304,441
91931681,26.1966,24.2689,443,36229,0.641128,0.45,1,1314766,1314323,443
91934601,59.6393,58.4538,444,36287,0.664226,0.43,1,1314834,1314390,444
91937521,48.7279,49.2908,443,36345,0.684845,0.43,1,1314880,1314437,443
91940441,11.3456,11.4582,443,36403,0.688969,0.47,1,1314882,1314439,443
91943361,23.0691,23.0916,443,36461,0.689794,0.47,1,1314908,1314465,443
91946281,51.8138,50.2183,445,36519,0.721959,0.51,1,1314967,1314522,445
91949201,34.3628,34.0437,445,36577,0.760392,0.53,2,1314997,1314552,445
91952121,33.2726,32.4087,446,36635,0.800078,0.55,2,1315030,1314584,446
91955041,39.4545,36.8817,449,36693,0.760016,0.59,2,1315071,1314622,449
91957961,48.6909,46.5763,451,36751,0.800003,0.59,2,1315122,1314671,451
91960881,27.3382,26.9153,451,36809,0.840001,0.61,2,1315144,1314693,451
91963801,47.8676,46.9831,452,36866,0.816,0.65,2,1315197,1314745,452
91966721,27.9735,26.1966,454,36923,0.8272,0.67,2,1315220,1314766,454
91969641,59.1947,59.6393,453,36980,0.90944,0.69,2,1315287,1314834,453
92159441,36,45,512,40526,0.69,1,1,1317746,1317234,512
92162361,42.4,45.8,510,40578,0.626,1,1,1317790,1317280,510
92165281,34.88,37.16,508,40630,0.5332,1,1,1317823,1317315,508
92168201,34.176,36.232,506,40682,0.40264,1,1,1317857,1317351,506
92171121,30.8352,28.8464,509,40734,0.264528,1,1,1317887,1317378,509
92174041,38.167,29.7693,519,40786,0.204906,1,1,1317927,1317408,519
92176961,34.0334,36.3539,514,40838,0.208981,1,1,1317960,1317446,514
92179881,30.0067,34.4708,509,40890,0.145796,1,1,1317989,1317480,509
92182801,30.0013,26.0942,515,40942,0.0691592,0.94,1,1318019,1317504,515
92185721,26.8003,34.0188,505,40994,0.0138318,0.99,1,1318045,1317540,505
92188641,25.3601,31.6038,499,41045,0.0427664,1,1,1318070,1317571,499
92191561,46.672,31.1208,520,41096,0.0325533,0.86,1,1318122,1317602,520
92194481,45.3344,48.6242,512,41147,0.0625107,0.81,1,1318167,1317655,512
92197401,35.4669,53.7248,490,41198,0.0365021,0.69,1,1318200,1317710,490
92200321,36.6934,39.545,491,41249,0.0793004,0.61,1,1318237,1317746,491
92203241,28.9387,43.109,474,41300,0.0558601,0.51,1,1318264,1317790,474
92206161,29.7877,35.0218,471,41351,0.051172,0.37,1,1318294,1317823,471
92209081,25.9575,34.2044,462,41402,0.114234,0.23,1,1318319,1317857,462
92212001,30.7915,30.8409,464,41453,0.0628469,0.19,1,1318351,1317887,464
92214921,31.7583,38.1682,456,41504,0.116569,0.21,1,1318383,1317927,456
92217841,7.95166,34.0336,425,41555,0.127314,0.13,1,1318385,1317960,425
92220761,26.3903,30.0067,427,41606,0.129463,0.05,1,1318416,1317989,427
92223681,27.6781,30.0013,425,41657,0.129893,0,1,1318444,1318019,425
92226601,24.7356,26.8003,423,41708,0.129979,0.05,1,1318468,1318045,423
92229521,24.9471,25.3601,423,41759,0.0819957,0.03,1,1318493,1318070,423
92232441,45.7894,46.672,422,41810,0.0723991,0.07,1,1318544,1318122,422
92235361,47.5579,45.3344,425,41860,0.0544798,0.03,1,1318592,1318167,425
92238281,35.1116,35.4669,424,41910,0.034896,0.09,1,1318624,1318200,424
92241201,39.0223,36.6934,427,41960,0.110979,0.05,1,1318664,1318237,427
92244121,28.6045,28.9387,426,42010,0.110196,0.05,1,1318690,1318264,426
92247041,28.1209,29.7877,424,42060,0.142039,0.13,1,1318718,1318294,424
92249961,27.2242,25.9575,426,42110,0.132408,0.05,1,1318745,1318319,426
92252881,31.0448,30.7915,426,42160,0.0984816,0.13,1,1318777,1318351,426
92255801,32.609,31.7583,427,42210,0.139696,0.13,1,1318810,1318383,427
92258721,8.12179,7.95166,427,42260,0.147939,0.13,1,1318812,1318385,427
92261641,25.6244,26.3903,426,42310,0.213588,0.13,1,1318842,1318416,426
92264561,29.1249,27.6781,428,42360,0.258718,0.13,1,1318872,1318444,428
92267481,21.825,24.7356,424,42410,0.235744,0.07,1,1318892,1318468,424
92270401,23.565,24.9471,423,42460,0.231149,0.07,1,1318916,1318493,423
92273321,45.513,45.7894,423,42510,0.21423,0.05,1,1318967,1318544,423
92276241,48.3026,47.5579,424,42560,0.162846,0.03,1,1319016,1318592,424
92279161,34.4605,35.1116,423,42610,0.184569,0.13,1,1319047,1318624,423
92282081,42.0921,39.0223,427,42660,0.204914,0.11,1,1319091,1318664,427
92285001,29.2184,28.6045,427,42709,0.240983,0.15,1,1319117,1318690,427
92287921,28.2437,28.1209,427,42758,0.296197,0.13,1,1319145,1318718,427
92290841,26.4487,27.2242,426,42807,0.275239,0.09,1,1319171,1318745,426
92293761,31.6897,31.0448,427,42856,0.303048,0.15,1,1319204,1318777,427
92296681,35.138,32.609,430,42905,0.27661,0.15,1,1319240,1318810,430
92299601,8.62759,8.12179,430,42954,0.271322,0.23,1,1319242,1318812,430
92302521,26.5255,25.6244,431,43003,0.302264,0.23,1,1319273,1318842,431
92305441,30.1051,5.12487,462,43052,0.324453,0.27,1,1319304,1318842,462
92308361,22.021,25.025,452,43101,0.328891,0.23,1,1319324,1318872,452
92311281,23.6042,21.005,456,43150,0.329778,0.23,1,1319348,1318892,456
92314201,43.1208,23.401,480,43199,0.329956,0.21,1,1319396,1318916,480
92317121,47.8242,45.4802,478,43248,0.313991,0.15,1,1319445,1318967,478
92320041,35.1648,48.296,461,43297,0.326798,0.19,1,1319477,1319016,461
92322961,43.033,34.4592,475,43346,0.34536,0.21,1,1319522,1319047,475
92325881,30.2066,42.0918,458,43395,0.381072,0.25,1,1319549,1319091,458
92328801,30.0413,29.2184,462,43444,0.404214,0.31,1,1319579,1319117,462
92331721,26.8083,28.2437,460,43493,0.440843,0.27,1,1319605,1319145,460
92334641,31.7617,26.4487,467,43542,0.464169,0.31,1,1319638,1319171,467
92337561,35.9523,31.6897,471,43590,0.452834,0.27,1,1319675,1319204,471
92340481,8.79047,35.138,437,43638,0.450567,0.27,1,1319677,1319240,437
92343401,27.3581,8.62759,467,43686,0.450113,0.31,1,1319709,1319242,467
92346321,31.0716,26.5255,468,43734,0.482023,0.33,1,1319741,1319273,468
92349241,22.2143,30.1051,457,43782,0.488405,0.33,1,1319761,1319304,457
92352161,23.6429,22.021,461,43830,0.505681,0.33,1,1319785,1319324,461
92355081,43.1286,23.6042,485,43878,0.541136,0.33,1,1319833,1319348,485
92358001,47.8257,43.1208,486,43926,0.580227,0.31,1,1319882,1319396,486
92360921,35.1651,47.8242,469,43974,0.588045,0.33,1,1319914,1319445,469
92363841,43.833,35.1648,483,44022,0.589609,0.35,1,1319960,1319477,483
92366761,30.3666,43.033,465,44070,0.605922,0.39,1,1319987,1319522,465
92369681,33.2733,30.2066,472,44118,0.593184,0.41,1,1320021,1319549,472
92372601,28.2547,30.0413,469,44166,0.606637,0.45,1,1320048,1319579,469
92375521,32.8509,26.8083,477,44214,0.625327,0.47,1,1320082,1319605,477
92378441,35.3702,31.7617,480,44262,0.677065,0.45,1,1320118,1319638,480
92381361,8.67404,35.9523,445,44310,0.687413,0.45,1,1320120,1319675,445
92384281,28.1348,8.79047,476,44358,0.673483,0.45,1,1320153,1319677,476
92387201,32.027,27.3581,477,44406,0.670697,0.49,1,1320186,1319709,477
92390121,22.4054,31.0716,465,44454,0.686139,0.49,1,1320206,1319741,465
92393041,6.08108,22.2143,447,44501,0.689228,0.51,1,1320208,1319761,447
92395961,21.2162,23.6429,448,44548,0.705846,0.55,1,1320233,1319785,448
92398881,43.4432,43.1286,449,44595,0.693169,0.59,1,1320282,1319833,449
92401801,49.4886,47.8257,451,44642,0.706634,0.59,1,1320333,1319882,451
92404721,35.4977,35.1651,451,44689,0.757327,0.59,2,1320365,1319914,451
92407641,43.8995,43.833,451,44736,0.735465,0.61,1,1320411,1319960,451
92410561,31.1799,30.3666,452,44783,0.731093,0.59,1,1320439,1319987,452
92413481,34.236,33.2733,453,44830,0.762219,0.61,2,1320474,1320021,453
92416401,28.4472,28.2547,453,44877,0.784444,0.63,2,1320501,1320048,453
92419321,33.6894,32.8509,454,44924,0.788889,0.69,2,1320536,1320082,454
92422241,37.1379,35.3702,456,44971,0.869778,0.69,2,1320574,1320118,456
92425161,9.02758,8.67404,456,45018,0.885956,0.67,2,1320576,1320120,456
92428081,27.4055,28.1348,455,45065,0.889191,0.67,2,1320608,1320153,455
92431001,31.8811,32.027,455,45112,0.889838,0.69,2,1320641,1320186,455
92433921,23.1762,22.4054,456,45159,0.889968,0.69,2,1320662,1320206,456
92436841,6.23524,6.08108,456,45206,0.921994,0.71,2,1320664,1320208,456
92439761,20.447,21.2162,455,45253,0.896399,0.69,2,1320688,1320233,455
92670441,77,87,487,22093,0.13,0.29,1,1323285,1322798,487
92673361,59.4,77.4,467,22189,0.114,0.13,1,1323340,1322873,467
92676281,72.68,85.08,456,22285,0.1908,0.11,1,1323416,1322960,456
92679201,54.536,58.616,454,22380,0.22216,0.15,1,1323466,1323012,454
92682121,54.9072,74.1232,431,22475,0.228432,0.15,1,1323521,1323090,431
92685041,35.7814,34.8246,437,22569,0.261686,0.09,1,1323552,1323115,437
92687961,74.3563,30.1649,492,22663,0.284337,0.15,1,1323636,1323144,492
92690881,77.2713,57.233,506,22757,0.304867,0.13,1,1323714,1323208,506
92693801,57.0543,73.0466,481,22850,0.308973,0.11,1,1323766,1323285,481
92696721,74.6109,58.6093,505,22943,0.325795,0.21,1,1323845,1323340,505
92699641,57.3222,72.5219,482,23035,0.313159,0.23,1,1323898,1323416,482
92702561,55.4644,54.5044,487,23127,0.294632,0.23,1,1323953,1323466,487
92705481,37.4929,54.9009,465,23219,0.306926,0.27,1,1323986,1323521,465
92708401,75.4986,35.7802,519,23310,0.357385,0.29,1,1324071,1323552,519
92711321,78.2997,74.356,514,23401,0.383477,0.31,1,1324150,1323636,514
92714241,58.0599,77.2712,489,23492,0.404695,0.31,1,1324203,1323714,489
92717161,74.812,57.0542,516,23582,0.440939,0.33,1,1324282,1323766,516
92720081,56.5624,74.6108,489,23672,0.480188,0.31,1,1324334,1323845,489
92723001,54.5125,57.3222,490,23762,0.504038,0.29,1,1324388,1323898,490
92725921,38.1025,55.4644,469,23851,0.556808,0.31,1,1324422,1323953,469
92728841,78.0205,37.4929,524,23940,0.631361,0.37,1,1324510,1323986,524
92731761,17.2041,75.4986,441,24029,0.646272,0.39,1,1324512,1324071,441
92734681,66.6408,78.2997,441,24117,0.729254,0.41,1,1324591,1324150,441
92737601,56.5282,58.0599,442,24205,0.761851,0.45,2,1324645,1324203,442
92740521,76.1056,74.812,444,24293,0.78437,0.49,2,1324726,1324282,444
92743441,58.4211,56.5624,446,24380,0.820874,0.51,2,1324780,1324334,446
92746361,56.4842,54.5125,448,24467,0.828175,0.57,2,1324836,1324388,448
92749281,40.0968,38.1025,450,24554,0.797635,0.65,2,1324872,1324422,450
92752201,81.6194,78.0205,454,24640,0.839527,0.65,2,1324964,1324510,454
92755121,17.9239,17.2041,454,24726,0.847905,0.75,2,1324966,1324512,454
92758041,69.1848,66.6408,457,24812,0.913581,0.77,2,1325048,1324591,457
92880681,46,69,478,28176,0.93,1,2,1327428,1326950,478
92883601,51.6,42.6,495,28251,0.77,1,2,1327481,1326986,495
92886521,43.12,54.92,478,28326,0.69,1,1,1327522,1327044,478
92889441,72.624,57.384,500,28401,0.434,1,1,1327602,1327102,500
92892361,42.5248,11.4768,535,28476,0.2708,1,1,1327637,1327102,535
92895281,53.305,51.0954,530,28550,0.06216,1,1,1327693,1327163,530
92898201,34.661,51.8191,508,28624,0.036432,1,1,1327723,1327215,508
92901121,72.5322,47.1638,544,28698,0.0312864,0.84,1,1327805,1327261,544
92904041,51.3064,63.0328,523,28772,0.0142573,0.95,1,1327851,1327328,523
92906961,45.4613,55.8066,513,28846,0.0268515,0.93,1,1327895,1327382,513
92909881,46.6923,47.9613,514,28919,0.0453703,0.73,1,1327942,1327428,514
92912801,41.3385,51.9923,501,28992,0.0170741,0.67,1,1327982,1327481,501
92915721,52.2677,43.1985,515,29065,0.0274148,0.37,1,1328037,1327522,515
92918641,32.8535,72.6397,463,29138,0.061483,0.23,1,1328065,1327602,463
92921561,49.7707,42.5279,482,29211,0.0362966,0.01,1,1328119,1327637,482
92924481,32.3541,53.3056,454,29283,0.0472593,0.03,1,1328147,1327693,454
92927401,70.4708,34.6611,504,29355,0.0174519,0.03,1,1328227,1327723,504
92930321,52.4942,72.5322,470,29427,0.0594904,0.01,1,1328275,1327805,470
92933241,43.2988,51.3064,465,29499,0.0678981,0.03,1,1328316,1327851,465
92936161,46.2598,45.4613,468,29571,0.0535796,0.05,1,1328363,1327895,468
92939081,41.252,46.6923,461,29643,0.0827159,0.01,1,1328403,1327942,461
92942001,53.8504,41.3385,478,29714,0.0885432,0.03,1,1328460,1327982,478
92944921,33.1701,52.2677,451,29785,0.153709,0.07,1,1328488,1328037,451
92947841,8.23402,32.8535,425,29856,0.166742,0.03,1,1328490,1328065,425
92950761,44.0468,49.7707,424,29927,0.153348,0.05,1,1328543,1328119,424
92953681,29.6094,32.3541,422,29998,0.0706697,0.01,1,1328569,1328147,422
92956601,70.7219,70.4708,423,30069,0.0381339,0.07,1,1328650,1328227,423
92959521,54.1444,52.4942,425,30139,0.0156268,0.07,1,1328700,1328275,425
92962441,41.2289,43.2988,422,30209,0.0111254,0.05,1,1328738,1328316,422
92965361,47.4458,46.2598,424,30279,0.0102251,0.09,1,1328787,1328363,424
92968281,43.8892,41.252,427,30349,0.026045,0.09,1,1328830,1328403,427
92971201,55.1778,53.8504,428,30419,0.077209,0.17,1,1328888,1328460,428
92974121,35.0356,33.1701,430,30489,0.151442,0.17,1,1328918,1328488,430
92977041,8.60711,8.23402,430,30558,0.166288,0.15,1,1328920,1328490,430
92979961,41.7214,44.0468,427,30627,0.169258,0.05,1,1328970,1328543,427
92982881,26.7443,29.6094,424,30696,0.169852,0.03,1,1328993,1328569,424
92985801,69.3489,70.7219,423,30765,0.0899703,0.01,1,1329073,1328650,423
92988721,53.0698,54.1444,422,30834,0.0579941,0.01,1,1329122,1328700,422
92991641,41.014,41.2289,422,30903,0.0355988,0.01,1,1329160,1328738,422
92994561,47.4028,47.4458,422,30971,0.0151198,0.03,1,1329209,1328787,422
92997481,44.6806,43.8892,423,31039,0.011024,0.09,1,1329253,1328830,423
93000401,57.7361,55.1778,426,31107,0.0902048,0.17,1,1329314,1328888,426
93003321,37.1472,35.0356,428,31175,0.154041,0.17,1,1329346,1328918,428
93006241,9.02944,8.60711,428,31243,0.182808,0.17,1,1329348,1328920,428
93009161,43.4059,41.7214,430,31311,0.204562,0.17,1,1329400,1328970,430
93012081,26.2812,8.34428,452,31379,0.176912,0.17,1,1329422,1328970,452
93015001,62.8562,20.0689,501,31446,0.171382,0.07,1,1329494,1328993,501
93017921,52.5712,68.0138,471,31513,0.106276,0.05,1,1329544,1329073,471
93020841,40.1142,52.8028,459,31580,0.125255,0.03,1,1329581,1329122,459
93023761,47.2229,40.9605,470,31647,0.0490511,0.01,1,1329630,1329160,470
93026681,45.4446,47.3921,466,31714,0.0498102,0.01,1,1329675,1329209,466
93029601,60.2889,44.6784,486,31781,0.065962,0.11,1,1329739,1329253,486
93032521,40.8578,57.7357,461,31848,0.0531924,0.17,1,1329775,1329314,461
93035441,9.77156,37.1471,431,31914,0.0506385,0.19,1,1329777,1329346,431
93038361,43.5543,9.02943,481,31980,0.0821277,0.21,1,1329829,1329348,481
93041281,26.3109,43.4059,451,32046,0.104426,0.17,1,1329851,1329400,451
93044201,62.8622,26.2812,501,32112,0.140885,0.17,1,1329923,1329422,501
93047121,49.3724,62.8562,475,32178,0.164177,0.09,1,1329969,1329494,475
93050041,39.4745,52.5712,462,32244,0.184835,0.13,1,1330006,1329544,462
93052961,44.6949,40.1142,471,32310,0.188967,0.03,1,1330052,1329581,471
93055881,44.939,47.2229,467,32375,0.141793,0.05,1,1330097,1329630,467
93058801,60.1878,45.4446,486,32440,0.132359,0.07,1,1330161,1329675,486
93061721,43.2376,60.2889,461,32505,0.0984717,0.05,1,1330200,1329739,461
93064641,10.2475,40.8578,427,32570,0.0916943,0.05,1,1330202,1329775,427
93067561,43.6495,9.77156,477,32635,0.170339,0.09,1,1330254,1329777,477
93070481,27.9299,43.5543,449,32700,0.202068,0.11,1,1330278,1329829,449
93073401,63.986,26.3109,500,32765,0.224414,0.15,1,1330351,1329851,500
93076321,14.3972,62.8622,430,32830,0.228883,0.17,1,1330353,1329923,430
93079241,39.6794,49.3724,430,32894,0.261777,0.19,1,1330399,1329969,430
93082161,38.3359,39.4745,431,32958,0.268355,0.19,1,1330437,1330006,431
93085081,44.4672,44.6949,431,33022,0.317671,0.13,1,1330483,1330052,431
93088001,40.8934,44.939,426,33086,0.327534,0.13,1,1330523,1330097,426
93090921,60.9787,60.1878,428,33150,0.329507,0.09,1,1330589,1330161,428
93093841,42.5957,43.2376,427,33214,0.361901,0.09,1,1330627,1330200,427
93096761,10.1191,10.2475,427,33278,0.36838,0.19,1,1330629,1330202,427
93099681,47.6238,43.6495,432,33342,0.401676,0.21,1,1330686,1330254,432
93102601,28.7248,27.9299,432,33405,0.424335,0.23,1,1330710,1330278,432
93105521,64.945,63.986,433,33468,0.460867,0.23,1,1330784,1330351,433
93108441,14.589,14.3972,433,33531,0.468173,0.27,1,1330786,1330353,433
93111361,41.3178,39.6794,435,33594,0.501635,0.27,1,1330834,1330399,435
93114281,38.6636,38.3359,435,33657,0.540327,0.33,1,1330872,1330437,435
93117201,46.9327,44.4672,438,33720,0.500065,0.33,1,1330921,1330483,438
93120121,41.3865,40.8934,438,33783,0.492013,0.33,1,1330961,1330523,438
93123041,61.0773,60.9787,438,33846,0.506403,0.37,1,1331027,1330589,438
93125961,43.4155,42.5957,439,33908,0.541281,0.37,1,1331066,1330627,439
93128881,10.2831,10.1191,439,33970,0.548256,0.41,1,1331068,1330629,439
93131801,50.8566,47.6238,443,34032,0.549651,0.43,1,1331129,1330686,443
93134721,29.3713,28.7248,443,34094,0.58193,0.47,1,1331153,1330710,443
93137641,66.6743,64.945,445,34156,0.604386,0.47,1,1331229,1330784,445
93140561,14.9349,14.589,445,34218,0.608877,0.47,1,1331231,1330786,445
93143481,42.187,2.9178,494,34280,0.641775,0.51,1,1331280,1330786,494
93146401,38.8374,38.9836,484,34342,0.648355,0.55,1,1331318,1330834,484
93149321,46.1675,38.1967,494,34404,0.681671,0.49,1,1331366,1330872,494
93152241,41.2335,46.8393,485,34465,0.720334,0.49,1,1331406,1330921,485
93155161,61.8467,41.3679,512,34526,0.728067,0.51,1,1331473,1330961,512
93158081,43.5693,61.0736,485,34587,0.745613,0.55,1,1331512,1331027,485
93161001,10.3139,43.4147,448,34648,0.749123,0.55,1,1331514,1331066,448
93163921,52.4628,10.2829,509,34709,0.733825,0.55,1,1331577,1331068,509
93166841,32.0926,50.8566,475,34770,0.762765,0.59,2,1331604,1331129,475
93169761,68.0185,29.3713,528,34831,0.768553,0.61,2,1331681,1331153,528
93172681,15.2037,66.6743,454,34892,0.737711,0.61,1,1331683,1331229,454
93175601,43.0407,14.9349,502,34953,0.747542,0.65,1,1331733,1331231,502
93178521,39.0081,42.187,491,35013,0.749508,0.65,1,1331771,1331280,491
93181441,47.8016,38.8374,503,35073,0.797902,0.69,2,1331821,1331318,503
93184361,43.1603,46.1675,497,35133,0.83958,0.73,2,1331863,1331366,497
93187281,62.2321,41.2335,524,35193,0.831916,0.73,2,1331930,1331406,524
93190201,44.4464,61.8467,497,35253,0.846383,0.75,2,1331970,1331473,497
93193121,10.4893,43.5693,460,35313,0.849277,0.75,2,1331972,1331512,460
93196041,51.6979,10.3139,520,35373,0.865855,0.73,2,1332034,1331514,520
93198961,33.5396,52.4628,486,35433,0.885171,0.77,2,1332063,1331577,486
93201881,67.5079,32.0926,535,35493,0.953034,0.77,2,1332139,1331604,535
93353721,34,34,509,38465,0.75,1,2,1334180,1333671,509
93356641,39.6,34.8,515,38520,0.542,1,1,1334221,1333706,515
93359561,30.32,35.76,507,38575,0.3404,1,1,1334249,1333742,507
93362481,35.664,25.552,521,38630,0.26808,1,1,1334286,1333765,521
93365401,35.1328,37.1104,516,38685,0.189616,1,1,1334321,1333805,516
93368321,38.2266,59.4221,490,38740,0.141923,1,1,1334360,1333870,490
93371241,38.0453,37.4844,496,38795,0.164385,1,1,1334398,1333902,496
93374161,36.4091,37.8969,494,38849,0.120877,1,1,1334434,1333940,494
93377081,25.6818,34.7794,483,38903,0.0801754,1,1,1334457,1333974,483
93380001,49.1364,51.7559,482,38957,0.0400351,0.97,1,1334512,1334030,482
93382921,33.8273,47.9512,465,39011,0.048007,0.75,1,1334542,1334077,465
93385841,31.5655,39.1902,459,39065,0.0336014,0.79,1,1334573,1334114,459
93388761,27.9131,33.438,454,39119,0.0307203,0.75,1,1334600,1334146,454
93391681,30.3826,33.8876,451,39173,0.0941441,0.49,1,1334631,1334180,451
93394601,32.4765,39.5775,443,39227,0.106829,0.29,1,1334664,1334221,443
93397521,27.2953,30.3155,441,39281,0.109366,0.25,1,1334690,1334249,441
93400441,32.6591,35.6631,438,39335,0.109873,0.17,1,1334724,1334286,438
93403361,28.9318,35.1326,431,39389,0.157975,0.13,1,1334752,1334321,431
93406281,30.5864,38.2265,423,39443,0.135595,0.17,1,1334783,1334360,423
93409201,37.3173,38.0453,424,39497,0.131119,0.11,1,1334822,1334398,424
93412121,37.0635,36.4091,425,39550,0.162224,0.07,1,1334859,1334434,425
93415041,25.8127,25.6818,425,39603,0.120445,0.03,1,1334882,1334457,425
93417961,49.1625,49.1364,425,39656,0.144089,0.05,1,1334937,1334512,425
93420881,32.2325,33.8273,423,39709,0.132818,0.03,1,1334965,1334542,423
93423801,30.4465,31.5655,422,39762,0.146564,0.03,1,1334995,1334573,422
93426721,29.2893,27.9131,424,39815,0.149313,0.11,1,1335024,1334600,424
93429641,33.8579,30.3826,428,39868,0.149863,0.11,1,1335059,1334631,428
93432561,30.7716,32.4765,425,39921,0.213973,0.11,1,1335089,1334664,425
93435481,28.5543,27.2953,427,39974,0.194795,0.11,1,1335117,1334690,427
93438401,32.9109,32.6591,427,40027,0.190959,0.17,1,1335151,1334724,427
93441321,29.7822,28.9318,428,40080,0.222192,0.17,1,1335180,1334752,428
93444241,28.3564,5.78636,456,40133,0.228438,0.13,1,1335208,1334752,456
93447161,37.6713,25.9573,465,40186,0.245688,0.13,1,1335248,1334783,465
93450081,36.3343,36.3915,462,40239,0.265138,0.17,1,1335284,1334822,462
93453001,24.8669,36.8783,447,40291,0.285028,0.11,1,1335306,1334859,447
93455921,50.5734,25.7757,481,40343,0.273006,0.15,1,1335363,1334882,481
93458841,34.1147,49.1551,456,40395,0.238601,0.13,1,1335393,1334937,456
93461761,31.6229,32.231,459,40447,0.23172,0.15,1,1335424,1334965,459
93464681,27.1246,30.4462,455,40499,0.262344,0.15,1,1335450,1334995,455
93467601,35.0249,29.2892,463,40551,0.268469,0.15,1,1335487,1335024,463
93470521,32.605,33.8578,460,40603,0.253694,0.23,1,1335519,1335059,460
93473441,28.921,30.7716,458,40655,0.250739,0.19,1,1335547,1335089,458
93476361,33.7842,28.5543,465,40707,0.234148,0.19,1,1335582,1335117,465
93479281,30.7568,32.9109,461,40759,0.24683,0.23,1,1335612,1335151,461
93482201,28.5514,29.7822,460,40811,0.249366,0.23,1,1335640,1335180,460
93485121,38.5103,28.3564,473,40863,0.233873,0.25,1,1335681,1335208,473
93488041,37.3021,37.6713,470,40915,0.278775,0.27,1,1335718,1335248,470
93490961,26.6604,36.3343,458,40967,0.271755,0.29,1,1335742,1335284,458
93493881,49.3321,24.8669,491,41019,0.286351,0.27,1,1335797,1335306,491
93496801,33.0664,50.5734,463,41070,0.30527,0.23,1,1335826,1335363,463
93499721,32.2133,34.1147,465,41121,0.309054,0.23,1,1335858,1335393,465
93502641,28.0427,31.6229,461,41172,0.341811,0.27,1,1335885,1335424,461
93505561,35.2085,27.1246,472,41223,0.364362,0.27,1,1335922,1335450,472
93508481,31.0417,35.0249,465,41274,0.352872,0.25,1,1335952,1335487,465
93511401,28.6083,32.605,461,41325,0.350574,0.25,1,1335980,1335519,461
93514321,32.9217,28.921,467,41376,0.382115,0.23,1,1336014,1335547,467
93517241,31.3843,33.7842,463,41427,0.388423,0.25,1,1336045,1335582,463
93520161,28.6769,30.7568,461,41478,0.389685,0.25,1,1336073,1335612,461
93523081,37.7354,28.5514,473,41529,0.389937,0.23,1,1336113,1335640,473
93526001,9.14707,38.5103,434,41580,0.389987,0.29,1,1336115,1335681,434
93528921,33.8294,37.3021,437,41631,0.405997,0.27,1,1336155,1335718,437
93531841,25.9659,26.6604,437,41682,0.441199,0.29,1,1336179,1335742,437
93534761,48.3932,49.3321,436,41733,0.48024,0.31,1,1336233,1335797,436
93537681,32.0786,33.0664,435,41784,0.488048,0.31,1,1336261,1335826,435
93540601,34.4157,32.2133,438,41835,0.53761,0.35,1,1336296,1335858,438
93543521,29.2831,28.0427,439,41885,0.531522,0.37,1,1336324,1335885,439
93546441,35.4566,35.2085,439,41935,0.546304,0.35,1,1336361,1335922,439
93549361,31.0913,31.0417,439,41985,0.581261,0.35,1,1336391,1335952,439
93552281,29.4183,28.6083,440,42035,0.604252,0.39,1,1336420,1335980,440
93555201,34.6837,32.9217,442,42085,0.64085,0.39,1,1336456,1336014,442
93558121,30.9367,31.3843,441,42135,0.66417,0.39,1,1336486,1336045,441
93561041,28.5873,28.6769,441,42185,0.700834,0.39,1,1336514,1336073,441
93563961,37.7175,37.7354,441,42235,0.724167,0.39,1,1336554,1336113,441
93566881,9.14349,9.14707,441,42285,0.696833,0.41,1,1336556,1336115,441
93569801,34.6287,33.8294,442,42335,0.739367,0.45,1,1336597,1336155,442
93572721,26.1257,25.9659,442,42385,0.763873,0.49,2,1336621,1336179,442
93575641,50.0251,48.3932,444,42435,0.752775,0.49,2,1336677,1336233,444
93578561,32.405,32.0786,444,42485,0.718555,0.55,1,1336705,1336261,444
93581481,36.881,34.4157,447,42535,0.775711,0.53,2,1336743,1336296,447
93584401,30.5762,29.2831,448,42585,0.803142,0.55,2,1336772,1336324,448
93587321,36.5152,35.4566,449,42635,0.824628,0.59,2,1336810,1336361,449
93590241,32.103,31.0913,450,42684,0.860926,0.61,2,1336841,1336391,450
93593161,31.2206,29.4183,452,42733,0.852185,0.65,2,1336872,1336420,452
93596081,36.6441,34.6837,454,42782,0.882437,0.67,2,1336910,1336456,454
93788801,35,27,507,45921,0.71,1,1,1339067,1338560,507
93791721,31,5.4,537,45967,0.646,1,1,1339097,1338560,537
93794641,16.6,25.88,519,46013,0.6652,1,1,1339110,1338591,519
93797561,35.32,32.376,525,46059,0.62104,1,1,1339150,1338625,525
93800481,37.464,42.4752,518,46105,0.484208,1,1,1339188,1338670,518
93803401,33.0928,37.295,514,46151,0.392842,1,1,1339220,1338706,514
93806321,41.0186,30.659,528,46197,0.390568,1,1,1339263,1338735,528
93809241,33.0037,45.3318,510,46243,0.262114,1,1,1339294,1338784,510
93812161,34.6007,37.0664,510,46289,0.236423,1,1,1339329,1338819,510
93815081,30.9201,33.8133,507,46335,0.199285,1,1,1339359,1338852,507
93818001,38.184,28.3627,520,46381,0.0958569,1,1,1339399,1338879,520
93820921,36.4368,42.4725,510,46426,0.187171,1,1,1339435,1338925,510
93823841,23.2874,37.2945,494,46471,0.125434,1,1,1339455,1338961,494
93826761,21.4575,22.6589,496,46516,0.145087,0.86,1,1339476,1338980,496
93829681,18.6915,26.1318,487,46561,0.101017,0.68,1,1339494,1339007,487
93832601,26.9383,25.2264,491,46606,0.140203,0.71,1,1339523,1339032,491
93835521,26.1877,33.0453,482,46651,0.132041,0.63,1,1339549,1339067,482
93838441,16.4375,30.6091,466,46696,0.130408,0.67,1,1339563,1339097,466
93841361,34.4875,16.5218,492,46741,0.146082,0.61,1,1339602,1339110,492
93844281,34.8975,35.3044,487,46786,0.181216,0.45,1,1339637,1339150,487
93847201,28.5795,37.4609,476,46831,0.204243,0.37,1,1339664,1339188,476
93850121,33.7159,33.0922,479,46876,0.208849,0.39,1,1339699,1339220,479
93853041,28.3432,41.0184,463,46921,0.16177,0.23,1,1339726,1339263,463
93855961,32.8686,33.0037,466,46966,0.152354,0.23,1,1339760,1339294,466
93858881,26.5737,34.6007,456,47011,0.150471,0.19,1,1339785,1339329,456
93861801,37.3147,30.9201,466,47056,0.166094,0.07,1,1339825,1339359,466
93864721,38.6629,38.184,465,47101,0.169219,0.21,1,1339864,1339399,465
93867641,22.9326,36.4368,448,47146,0.153844,0.11,1,1339883,1339435,448
93870561,21.3865,23.2874,449,47191,0.166769,0.15,1,1339904,1339455,449
93873481,16.2773,21.4575,443,47236,0.153354,0.09,1,1339919,1339476,443
93876401,28.8555,18.6915,457,47281,0.150671,0.15,1,1339951,1339494,457
93879321,25.7711,26.9383,453,47326,0.166134,0.13,1,1339976,1339523,453
93882241,16.3542,26.1877,441,47371,0.169227,0.13,1,1339990,1339549,441
93885161,4.87084,16.4375,429,47415,0.169845,0.15,1,1339992,1339563,429
93888081,32.9742,34.4875,430,47459,0.169969,0.19,1,1340032,1339602,430
93891001,35.3948,34.8975,431,47503,0.233994,0.21,1,1340068,1339637,431
93893921,29.479,28.5795,432,47547,0.262799,0.21,1,1340096,1339664,432
93896841,32.2958,33.7159,430,47591,0.25256,0.15,1,1340129,1339699,430
93899761,28.8592,28.3432,431,47635,0.250512,0.15,1,1340157,1339726,431
93902681,31.3718,32.8686,429,47679,0.266102,0.15,1,1340189,1339760,429
93905601,27.8744,26.5737,431,47723,0.26922,0.17,1,1340216,1339785,431
93908521,39.1749,37.3147,433,47767,0.269844,0.17,1,1340258,1339825,433
93911441,36.635,38.6629,430,47811,0.317969,0.15,1,1340294,1339864,430
93914361,21.727,22.9326,429,47855,0.295594,0.17,1,1340312,1339883,429
93917281,21.9454,21.3865,430,47899,0.323119,0.15,1,1340334,1339904,430
93920201,15.5891,16.2773,429,47943,0.360624,0.15,1,1340348,1339919,429
93923121,28.7178,28.8555,429,47987,0.432125,0.17,1,1340380,1339951,429
93926041,26.5436,25.7711,430,48031,0.462425,0.17,1,1340406,1339976,430
93928961,16.5087,16.3542,430,48075,0.468485,0.17,1,1340420,1339990,430
93931881,4.90174,4.87084,430,48119,0.469697,0.17,1,1340422,1339992,430
93934801,32.9803,32.9742,430,48163,0.469939,0.25,1,1340462,1340032,430
93937721,36.9961,35.3948,432,48207,0.501988,0.27,1,1340500,1340068,432
93940641,30.5992,29.479,433,48251,0.540398,0.25,1,1340529,1340096,433
93943561,31.7198,32.2958,432,48295,0.53208,0.25,1,1340561,1340129,432
93946481,28.744,28.8592,432,48339,0.562416,0.27,1,1340589,1340157,432
93949401,32.1488,31.3718,433,48383,0.552483,0.27,1,1340622,1340189,433
93952321,28.0298,27.8744,433,48427,0.598497,0.27,1,1340649,1340216,433
93955241,40.806,39.1749,435,48471,0.591699,0.33,1,1340693,1340258,435
93958161,37.7612,36.635,436,48514,0.65434,0.29,1,1340730,1340294,436
93961081,22.7522,21.727,437,48557,0.650868,0.33,1,1340749,1340312,437
93964001,22.9504,21.9454,438,48600,0.602174,0.37,1,1340772,1340334,438
93966921,16.5901,15.5891,439,48643,0.624435,0.45,1,1340787,1340348,439
93969841,31.318,28.7178,442,48686,0.708887,0.47,1,1340822,1340380,442
93972761,27.8636,26.5436,443,48729,0.709777,0.47,1,1340849,1340406,443
93975681,16.7727,16.5087,443,48772,0.677955,0.47,1,1340863,1340420,443
93978601,4.95454,4.90174,443,48815,0.671591,0.47,1,1340865,1340422,443
93981521,32.9909,32.9803,443,48858,0.670318,0.47,1,1340905,1340462,443
93984441,40.1982,6.59607,485,48901,0.670064,0.51,1,1340947,1340462,485
93987361,30.4396,31.7192,475,48944,0.702013,0.55,1,1340975,1340500,475
93990281,32.4879,29.5438,479,48987,0.724403,0.53,1,1341008,1340529,479
93993201,28.8976,31.5088,475,49030,0.74488,0.57,1,1341036,1340561,475
93996121,32.9795,28.7018,481,49073,0.748976,0.55,1,1341070,1340589,481
93999041,28.9959,32.1403,476,49116,0.765795,0.61,2,1341098,1340622,476
94001961,41.7992,28.0281,494,49159,0.801159,0.59,2,1341143,1340649,494
94004881,39.5598,40.8056,489,49202,0.792232,0.67,2,1341182,1340693,489
94007801,22.312,37.7611,470,49245,0.806446,0.65,2,1341200,1340730,470
94010721,22.8624,22.7522,474,49288,0.793289,0.59,2,1341223,1340749,474
94013641,17.3725,22.9504,467,49331,0.790658,0.63,2,1341239,1340772,467
94016561,33.8745,16.5901,490,49374,0.790132,0.73,2,1341277,1340787,490
94019481,27.5749,31.318,481,49417,0.822026,0.71,2,1341303,1340822,481
94022401,16.715,27.8636,468,49460,0.828405,0.67,2,1341317,1340849,468
94025321,4.943,16.7727,456,49503,0.845681,0.67,2,1341319,1340863,456
94028241,32.9886,4.95454,494,49546,0.881136,0.67,2,1341359,1340865,494
94031161,40.9977,32.9909,497,49589,0.888227,0.67,2,1341402,1340905,497
94034081,31.3995,40.1982,484,49631,0.873645,0.71,2,1341431,1340947,484
94037001,34.2799,30.4396,491,49673,0.902729,0.73,2,1341466,1340975,491
94232641,31,27,511,52435,0.86,1,2,1343361,1342850,511
94235561,23,20.6,513,52475,0.932,1,2,1343382,1342869,513
94238481,31.8,22.52,524,52515,0.8824,1,2,1343416,1342892,524
94241401,28.76,31.704,518,52555,0.80848,1,2,1343444,1342926,518
94244321,30.552,30.3408,519,52595,0.809696,1,2,1343475,1342956,519
94247241,30.1104,26.8682,523,52635,0.793939,1,2,1343505,1342982,523
94250161,34.0221,32.5736,524,52675,0.662788,1,1,1343540,1343016,524
94253081,35.6044,37.7147,521,52715,0.604558,1,1,1343576,1343055,521
94256001,29.5209,30.7429,520,52755,0.528912,1,1,1343604,1343084,520
94258921,20.3042,26.9486,512,52795,0.481782,1,1,1343622,1343110,512
94261841,22.4608,26.9897,508,52835,0.408356,1,1,1343645,1343137,508
94264761,21.2922,26.9979,502,52875,0.361671,1,1,1343666,1343164,502
94267681,24.2584,29.3996,497,52915,0.320334,1,1,1343691,1343194,497
94270601,20.0517,23.4799,494,52955,0.312067,1,1,1343710,1343216,494
94273521,20.8103,23.096,492,52995,0.246413,1,1,1343731,1343239,492
94276441,35.3621,21.4192,510,53035,0.185283,0.89,1,1343770,1343260,510
94279361,31.0724,33.8838,503,53075,0.125057,0.93,1,1343800,1343297,503
94282281,31.0145,33.1768,501,53115,0.0490113,0.86,1,1343831,1343330,501
94285201,19.8029,31.4354,487,53155,0.0178023,0.95,1,1343848,1343361,487
94288121,28.7606,23.0871,497,53195,0.0275605,0.87,1,1343879,1343382,497
94291041,24.9521,31.8174,487,53235,0.0135121,0.79,1,1343903,1343416,487
94293961,6.59042,28.7635,461,53275,0.0267024,0.81,1,1343905,1343444,461
94296881,25.3181,30.5527,460,53315,0.0293405,0.79,1,1343935,1343475,460
94299801,25.8636,30.1105,456,53354,0.125868,0.63,1,1343961,1343505,456
94302721,29.1727,34.0221,451,53393,0.0971736,0.59,1,1343991,1343540,451
94305641,29.8345,35.6044,445,53432,0.0754347,0.51,1,1344021,1343576,445
94308561,25.9669,29.5209,442,53471,0.0390869,0.47,1,1344046,1343604,442
94311481,19.5934,20.3042,442,53510,0.0638174,0.39,1,1344064,1343622,442
94314401,21.5187,22.4608,441,53549,0.0687635,0.35,1,1344086,1343645,441
94317321,15.5037,21.2922,434,53588,0.0377527,0.31,1,1344100,1343666,434
94320241,26.3007,24.2584,438,53627,0.0955505,0.31,1,1344129,1343691,438
94323161,19.6601,20.0517,437,53666,0.0431101,0.23,1,1344147,1343710,437
94326081,16.732,20.8103,432,53705,0.064622,0.17,1,1344163,1343731,432
94329001,29.7464,35.3621,426,53744,0.116924,0.11,1,1344196,1343770,426
94331921,28.3493,31.0724,424,53783,0.0953849,0.03,1,1344224,1343800,424
94334841,29.6699,31.0145,423,53822,0.139077,0.01,1,1344254,1343831,423
94337761,19.534,19.8029,423,53861,0.131815,0.03,1,1344271,1343848,423
94340681,28.7068,28.7606,423,53900,0.0663631,0.01,1,1344302,1343879,423
94343601,24.1414,24.9521,422,53939,0.0372726,0.03,1,1344325,1343903,422
94346521,6.42827,6.59042,422,53978,0.0314545,0.03,1,1344327,1343905,422
94349441,28.4857,25.3181,426,54017,0.0942909,0.15,1,1344361,1343935,426
94352361,25.6971,25.8636,425,54056,0.122858,0.09,1,1344386,1343961,425
94355281,29.9394,29.1727,426,54095,0.176572,0.07,1,1344417,1343991,426
94358201,29.1879,29.8345,425,54134,0.187314,0.03,1,1344446,1344021,425
94361121,24.2376,25.9669,423,54173,0.205463,0.07,1,1344469,1344046,423
94364041,19.2475,19.5934,423,54212,0.257093,0.07,1,1344487,1344064,423
94366961,21.4495,21.5187,423,54251,0.267419,0.03,1,1344509,1344086,423
94369881,16.2899,15.5037,424,54290,0.253484,0.11,1,1344524,1344100,424
94372801,25.658,26.3007,423,54329,0.298697,0.03,1,1344552,1344129,423
94375721,19.5316,19.6601,423,54368,0.291739,0.07,1,1344570,1344147,423
94378641,19.1063,16.732,426,54407,0.306348,0.13,1,1344589,1344163,426
94381561,28.6213,29.7464,424,54446,0.32527,0.09,1,1344620,1344196,424
94384481,32.1243,28.3493,429,54485,0.313054,0.15,1,1344653,1344224,429
94387401,26.4249,29.6699,424,54524,0.294611,0.13,1,1344678,1344254,424
94390321,18.885,19.534,424,54563,0.306922,0.05,1,1344695,1344271,424
94393241,26.977,28.7068,422,54602,0.293384,0.03,1,1344724,1344302,422
94396161,23.7954,24.1414,422,54641,0.306677,0.03,1,1344747,1344325,422
94399081,6.35908,6.42827,422,54680,0.309335,0.11,1,1344749,1344327,422
94402001,31.6718,28.4857,426,54718,0.277867,0.11,1,1344787,1344361,426
94404921,25.5344,5.69713,450,54756,0.239573,0.13,1,1344811,1344361,450
94407841,33.9069,21.1394,461,54794,0.199915,0.19,1,1344847,1344386,461
94410761,29.9814,29.0279,459,54832,0.191983,0.19,1,1344876,1344417,459
94413681,25.9963,29.0056,455,54870,0.238397,0.21,1,1344901,1344446,455
94416601,19.5993,24.2011,450,54908,0.263679,0.27,1,1344919,1344469,450
94419521,21.5199,19.2402,454,54946,0.268736,0.27,1,1344941,1344487,454
94422441,17.104,21.448,448,54984,0.269747,0.25,1,1344957,1344509,448
94425361,27.4208,16.2896,463,55022,0.269949,0.31,1,1344987,1344524,463
94428281,19.8842,25.6579,453,55060,0.31799,0.29,1,1345005,1344552,453
94431201,18.3768,19.5316,453,55098,0.327598,0.31,1,1345023,1344570,453
94434121,29.2754,19.1063,466,55136,0.34552,0.33,1,1345055,1344589,466
94437041,31.4551,28.6213,467,55174,0.365104,0.31,1,1345087,1344620,467
94439961,27.091,32.1243,460,55212,0.385021,0.29,1,1345113,1344653,460
94442881,18.2182,26.4249,451,55250,0.389004,0.31,1,1345129,1344678,451
94445801,27.6436,18.885,464,55288,0.405801,0.29,1,1345159,1344695,464
94448721,21.5287,26.977,455,55326,0.42516,0.31,1,1345179,1344724,455
94451641,5.90575,23.7954,434,55364,0.429032,0.31,1,1345181,1344747,434
94454561,31.5811,6.35908,470,55402,0.445806,0.27,1,1345219,1344749,470
94457481,25.5162,31.6718,456,55440,0.465161,0.23,1,1345243,1344787,456
94460401,32.3032,25.5344,466,55478,0.501032,0.19,1,1345277,1344811,466
94463321,30.4606,33.9069,460,55516,0.572206,0.19,1,1345307,1344847,460
94466241,28.4921,29.9814,459,55554,0.570441,0.25,1,1345335,1344876,459
94469161,20.0984,25.9963,452,55592,0.602088,0.27,1,1345353,1344901,452
94472081,21.6197,19.5993,456,55630,0.624418,0.27,1,1345375,1344919,456
94475001,17.1239,21.5199,450,55668,0.628884,0.27,1,1345391,1344941,450
94477921,29.8248,17.104,467,55706,0.613777,0.27,1,1345424,1344957,467
94480841,20.365,27.4208,455,55744,0.626755,0.33,1,1345442,1344987,455
94483761,18.473,19.8842,455,55782,0.629351,0.33,1,1345460,1345005,455
94486681,30.0946,18.3768,470,55820,0.61387,0.35,1,1345493,1345023,470
94489601,32.4189,29.2754,471,55858,0.610774,0.37,1,1345526,1345055,471
94492521,28.0838,31.4551,466,55896,0.626155,0.39,1,1345553,1345087,466
94495441,18.4168,27.091,456,55934,0.629231,0.39,1,1345569,1345113,456
94498361,28.4834,18.2182,471,55972,0.645846,0.41,1,1345600,1345129,471
94501281,23.2967,27.6436,463,56010,0.649169,0.43,1,1345622,1345159,463
94504201,6.25933,21.5287,445,56048,0.617834,0.43,1,1345624,1345179,445
94507121,31.6519,5.90575,481,56086,0.611567,0.45,1,1345662,1345181,481
94510041,26.3304,31.5811,468,56124,0.594313,0.47,1,1345687,1345219,468
94512961,34.0661,25.5162,480,56161,0.590863,0.51,1,1345723,1345243,480
94515881,8.41321,32.3032,448,56198,0.590173,0.59,1,1345725,1345277,448
94518801,28.0826,30.4606,451,56235,0.638035,0.57,1,1345758,1345307,451
94521721,28.8165,28.4921,452,56272,0.631607,0.61,1,1345787,1345335,452
94524641,20.1633,20.0984,452,56309,0.662321,0.63,1,1345805,1345353,452
94527561,22.4327,21.6197,453,56346,0.668464,0.63,1,1345828,1345375,453
94530481,17.2865,17.1239,453,56383,0.669693,0.61,1,1345844,1345391,453
94533401,29.0573,29.8248,452,56420,0.669939,0.63,1,1345876,1345424,452
94536321,21.0115,20.365,453,56457,0.653988,0.63,1,1345895,1345442,453
94539241,18.6023,18.473,453,56494,0.682798,0.61,1,1345913,1345460,453
94542161,29.3205,30.0946,452,56531,0.688559,0.61,1,1345945,1345493,452
94545081,32.2641,32.4189,452,56568,0.689712,0.63,1,1345978,1345526,452
94548001,28.8528,28.0838,453,56605,0.689942,0.63,1,1346006,1345553,453
94550921,18.5706,18.4168,453,56642,0.657988,0.65,1,1346022,1345569,453
94553841,29.3141,28.4834,454,56679,0.651598,0.65,1,1346054,1345600,454
94556761,21.8628,23.2967,452,56716,0.69832,0.61,1,1346074,1345622,452
94559681,5.97256,6.25933,452,56753,0.675664,0.61,1,1346076,1345624,452
94562601,31.5945,31.6519,452,56790,0.719133,0.59,1,1346114,1345662,452
94565521,25.5189,26.3304,451,56827,0.743827,0.59,1,1346138,1345687,451
94568441,33.9038,34.0661,451,56864,0.732765,0.59,1,1346174,1345723,451
94571361,8.38076,8.41321,451,56901,0.762553,0.65,2,1346176,1345725,451
94574281,28.8762,28.0826,452,56938,0.816511,0.63,2,1346210,1345758,452
94577201,29.7752,28.8165,453,56975,0.875302,0.67,2,1346240,1345787,453
94580121,20.355,20.1633,453,57012,0.88706,0.67,2,1346258,1345805,453
94583041,22.471,22.4327,453,57049,0.937412,0.67,2,1346281,1345828,453
94797661,118,120,466,27740,0.27,0.95,1,1348618,1348152,466
94815181,46.8,47.2,466,27740,0.27,0.75,1,1348647,1348181,466
94840001,96.56,102.24,459,27740,0.142,0.79,1,1348756,1348297,459
94842921,42.512,32.448,473,27816,0.0844,0.69,1,1348785,1348312,473
94845841,49.3024,20.8896,506,27892,0.10488,0.69,1,1348836,1348330,506
94848761,37.0605,63.3779,466,27968,0.124976,0.55,1,1348870,1348404,466
94851681,68.2121,63.8756,478,28044,0.0809952,0.41,1,1348946,1348468,478
94854601,52.8424,63.1751,464,28120,0.056199,0.33,1,1348995,1348531,464
94857521,55.3685,58.235,463,28195,0.11524,0.27,1,1349051,1348588,463
94860441,51.0737,58.847,454,28270,0.175048,0.15,1,1349101,1348647,454
94863361,45.4147,61.3694,436,28345,0.25101,0.19,1,1349145,1348709,436
94866281,29.8829,32.2739,437,28420,0.234202,0.11,1,1349171,1348734,437
94869201,37.1766,24.0548,454,28495,0.24684,0.07,1,1349210,1348756,454
94872121,47.4353,28.011,475,28569,0.249368,0.11,1,1349260,1348785,475
94875041,37.4871,46.4022,459,28643,0.313874,0.13,1,1349295,1348836,459
94877961,67.4974,36.4804,500,28717,0.326775,0.07,1,1349370,1348870,500
94880881,53.4995,68.0961,474,28791,0.329355,0.05,1,1349420,1348946,474
94883801,57.0999,52.8192,483,28865,0.345871,0.13,1,1349478,1348995,483
94886721,53.82,55.3638,480,28938,0.365174,0.19,1,1349531,1349051,480
94889641,47.564,51.0728,476,29011,0.337035,0.27,1,1349577,1349101,476
94892561,30.3128,45.4146,458,29084,0.331407,0.23,1,1349603,1349145,458
94895481,38.0626,29.8829,472,29157,0.298281,0.25,1,1349643,1349171,472
94898401,47.6125,37.1766,483,29230,0.323656,0.25,1,1349693,1349210,483
94901321,40.7225,47.4353,472,29302,0.360731,0.33,1,1349732,1349260,472
94904241,68.1445,37.4871,512,29374,0.416146,0.33,1,1349807,1349295,512
94907161,53.6289,67.4974,487,29446,0.459229,0.33,1,1349857,1349370,487
94910081,57.9258,53.4995,496,29518,0.451846,0.35,1,1349916,1349420,496
94913001,54.7852,57.0999,492,29590,0.466369,0.37,1,1349970,1349478,492
94915921,46.157,53.82,483,29662,0.501274,0.33,1,1350014,1349531,483
94918841,30.0314,47.564,463,29733,0.508255,0.33,1,1350040,1349577,463
94921761,36.4063,30.3128,475,29804,0.525651,0.29,1,1350078,1349603,475
94924681,8.88126,38.0626,437,29875,0.52913,0.33,1,1350080,1349643,437
94927601,42.5763,47.6125,438,29946,0.609826,0.37,1,1350131,1349693,438
94930521,41.3152,40.7225,440,30017,0.673965,0.43,1,1350172,1349732,440
94933441,72.263,68.1445,445,30088,0.718793,0.47,1,1350252,1349807,445
94936361,54.4526,53.6289,445,30158,0.743759,0.45,1,1350302,1349857,445
94939281,57.2905,57.9258,444,30228,0.748752,0.47,1,1350360,1349916,444
94942201,56.2581,54.7852,446,30298,0.78175,0.51,2,1350416,1349970,446
94945121,47.2516,46.157,447,30368,0.78835,0.51,2,1350461,1350014,447
94948041,31.0503,30.0314,448,30438,0.77367,0.53,2,1350488,1350040,448
94950961,36.6101,36.4063,448,30508,0.770734,0.53,2,1350526,1350078,448
94953881,8.92201,8.88126,448,30577,0.802147,0.63,2,1350528,1350080,448
94956801,46.5844,42.5763,453,30646,0.808429,0.69,2,1350584,1350131,453
94959721,42.9169,41.3152,454,30715,0.793686,0.73,2,1350626,1350172,454
94962641,75.7834,72.263,458,30784,0.790737,0.75,2,1350710,1350252,458
94965561,55.9567,54.4526,459,30853,0.838147,0.75,2,1350761,1350302,459
94968481,57.5913,57.2905,459,30922,0.89563,0.79,2,1350819,1350360,459
94971401,56.3183,56.2581,459,30990,0.891126,0.79,2,1350875,1350416,459
94974321,47.2637,47.2516,459,31058,0.906225,0.77,2,1350920,1350461,459
94977241,31.8527,31.0503,460,31126,0.909245,0.77,2,1350948,1350488,460
95114481,34,32,488,34175,0.71,1,1,1353047,1352559,488
95117401,39.6,40,487,34237,0.582,1,1,1353088,1352601,487
95120321,45.52,8,534,34299,0.4764,1,1,1353135,1352601,534
95123241,47.504,49.6,522,34361,0.27928,1,1,1353183,1352661,522
95126161,57.5008,52.32,529,34423,0.175856,1,1,1353243,1352714,529
95129081,53.9002,53.664,528,34484,0.0751712,1,1,1353296,1352768,528
95132001,46.78,56.3328,516,34545,0.0710342,0.95,1,1353341,1352825,516
95134921,34.156,44.8666,505,34606,0.0222068,0.91,1,1353372,1352867,505
95137841,39.6312,34.5733,514,34667,0.0444414,0.99,1,1353413,1352899,514
95140761,32.7262,46.1147,496,34728,0.0648883,0.77,1,1353444,1352948,496
95143681,28.9452,35.6229,491,34789,0.0529777,0.75,1,1353472,1352981,491
95146601,28.189,32.7246,487,34850,0.0665955,0.71,1,1353500,1353013,487
95149521,31.2378,33.7449,485,34911,0.0853191,0.55,1,1353532,1353047,485
95152441,39.8476,39.549,486,34972,0.0730638,0.45,1,1353574,1353088,486
95155361,44.7695,45.5098,485,35032,0.0866128,0.23,1,1353620,1353135,485
95158281,49.7539,47.502,488,35092,0.153323,0.15,1,1353671,1353183,488
95161201,51.5508,57.5004,480,35152,0.166665,0.05,1,1353723,1353243,480
95164121,43.9102,53.9001,469,35212,0.185333,0.07,1,1353765,1353296,469
95167041,31.982,46.78,453,35272,0.157067,0.01,1,1353794,1353341,453
95169961,40.7964,34.156,465,35332,0.183413,0.05,1,1353837,1353372,465
95172881,32.1593,39.6312,454,35392,0.124683,0.07,1,1353867,1353413,454
95175801,29.6319,32.7262,452,35452,0.128937,0.05,1,1353896,1353444,452
95178721,29.1264,28.9452,453,35512,0.113787,0.07,1,1353925,1353472,453
95181641,31.4253,28.189,457,35572,0.158757,0.09,1,1353957,1353500,457
95184561,39.8851,31.2378,467,35631,0.151751,0.07,1,1353999,1353532,467
95187481,45.577,39.8476,472,35690,0.23035,0.09,1,1354046,1353574,472
95190401,10.7154,44.7695,428,35749,0.24607,0.17,1,1354048,1353620,428
95193321,45.3431,49.7539,431,35808,0.345214,0.17,1,1354102,1353671,431
95196241,49.8686,51.5508,430,35867,0.349043,0.19,1,1354153,1353723,430
95199161,45.1737,43.9102,432,35926,0.349809,0.15,1,1354197,1353765,432
95202081,29.8347,31.982,429,35985,0.381962,0.19,1,1354223,1353794,429
95205001,40.367,40.7964,429,36044,0.340392,0.11,1,1354266,1353837,429
95207921,32.0734,32.1593,429,36103,0.348078,0.13,1,1354296,1353867,429
95210841,28.8147,29.6319,428,36162,0.349616,0.11,1,1354324,1353896,428
95213761,28.9629,29.1264,428,36220,0.365923,0.17,1,1354353,1353925,428
95216681,31.3926,31.4253,428,36278,0.385185,0.15,1,1354385,1353957,428
95219601,43.8785,39.8851,433,36336,0.373037,0.25,1,1354432,1353999,433
95222521,47.1757,45.577,434,36394,0.370607,0.25,1,1354480,1354046,434
95225441,11.0351,10.7154,434,36452,0.370121,0.37,1,1354482,1354048,434
95228361,50.207,45.3431,440,36510,0.370024,0.35,1,1354542,1354102,440
95231281,50.0414,49.8686,439,36568,0.434005,0.35,1,1354592,1354153,439
95234201,45.2083,45.1737,439,36626,0.462801,0.39,1,1354636,1354197,439
95237121,29.8417,29.8347,439,36684,0.48456,0.33,1,1354662,1354223,439
95240041,40.3683,40.367,439,36742,0.504912,0.35,1,1354705,1354266,439
95242961,32.0737,32.0734,439,36800,0.508982,0.35,1,1354735,1354296,439
95245881,28.8147,28.8147,439,36857,0.541796,0.37,1,1354763,1354324,439
95248801,29.7629,28.9629,440,36914,0.564359,0.39,1,1354793,1354353,440
95251721,32.3526,31.3926,441,36971,0.584872,0.37,1,1354826,1354385,441
95254641,43.2705,43.8785,440,37028,0.572974,0.37,1,1354872,1354432,440
95257561,47.0541,47.1757,440,37085,0.602595,0.37,1,1354920,1354480,440
95260481,11.0108,11.0351,440,37142,0.608519,0.37,1,1354922,1354482,440
95263401,49.4022,2.20703,499,37199,0.625704,0.37,1,1354981,1354482,499
95266321,52.2804,48.4414,492,37256,0.677141,0.45,1,1355034,1354542,492
95269241,45.6561,49.6883,486,37313,0.671428,0.47,1,1355078,1354592,486
95272161,31.5312,45.1377,470,37370,0.686286,0.49,1,1355106,1354636,470
95275081,42.3062,29.8275,489,37427,0.689257,0.51,1,1355151,1354662,489
95278001,32.4612,40.3655,476,37483,0.689851,0.51,1,1355181,1354705,476
95280921,28.8922,32.0731,474,37539,0.68997,0.55,1,1355209,1354735,474
95283841,30.5785,28.8146,477,37595,0.705994,0.57,1,1355240,1354763,477
95286761,34.1157,29.7629,482,37651,0.741199,0.59,1,1355275,1354793,482
95289681,43.6231,32.3526,495,37707,0.73224,0.57,1,1355321,1354826,495
95292601,47.1246,43.2705,497,37763,0.730448,0.61,1,1355369,1354872,497
95295521,11.0249,47.0541,451,37819,0.73009,0.61,1,1355371,1354920,451
95298441,51.805,11.0108,511,37875,0.698018,0.63,1,1355433,1354922,511
95301361,53.561,49.4022,506,37931,0.739604,0.69,1,1355487,1354981,506
95304281,47.5122,52.2804,499,37987,0.827921,0.67,2,1355533,1355034,499
95307201,31.9024,45.6561,483,38043,0.861584,0.69,2,1355561,1355078,483
95310121,42.3805,31.5312,500,38099,0.884317,0.69,2,1355606,1355106,500
95313041,32.4761,42.3062,485,38154,0.888863,0.69,2,1355636,1355151,485
95315961,28.8952,32.4612,483,38209,0.889773,0.69,2,1355664,1355181,483
95318881,32.179,28.8922,488,38264,0.873955,0.71,2,1355697,1355209,488
95321801,33.6358,30.5785,491,38319,0.902791,0.75,2,1355731,1355240,491
95324721,44.3272,34.1157,503,38374,0.892558,0.73,2,1355778,1355275,503
95327641,47.2654,43.6231,505,38429,0.890512,0.73,2,1355826,1355321,505
95330561,11.0531,47.1246,459,38484,0.890102,0.73,2,1355828,1355369,459
95333481,50.2106,11.0249,517,38539,0.92202,0.69,2,1355888,1355371,517
95497001,30,31,512,41496,0.69,1,1,1357950,1357438,512
95499921,34,30.2,517,41547,0.642,1,1,1357985,1357468,517
95502841,31.6,32.44,515,41598,0.5844,1,1,1358016,1357501,515
95505761,23.92,33.688,503,41649,0.52488,1,1,1358038,1357535,503
95508681,33.584,35.5376,503,41700,0.352976,1,1,1358074,1357571,503
95511601,35.5168,34.3075,505,41751,0.222595,1,1,1358110,1357605,505
95514521,34.3034,33.2615,506,41802,0.212519,1,1,1358144,1357638,506
95517441,30.8607,35.4523,500,41852,0.162504,1,1,1358174,1357674,500
95520361,36.5721,55.0905,478,41902,0.136501,1,1,1358212,1357734,478
95523281,36.9144,39.8181,479,41952,0.1633,0.93,1,1358249,1357770,479
95526201,31.3829,33.5636,477,42002,0.10466,1,1,1358279,1357802,477
95529121,40.6766,45.9127,471,42052,0.060932,0.87,1,1358322,1357851,471
95532041,31.3353,37.9825,464,42102,0.0361864,0.77,1,1358351,1357887,464
95534961,27.8671,33.9965,458,42152,0.0472373,0.69,1,1358378,1357920,458
95537881,24.7734,30.7993,452,42202,0.0174475,0.63,1,1358402,1357950,452
95540801,29.7547,34.1599,448,42252,0.0114895,0.57,1,1358433,1357985,448
95543721,26.7509,31.632,443,42302,0.0742979,0.51,1,1358459,1358016,443
95546641,21.3502,23.9264,441,42352,0.0868596,0.31,1,1358479,1358038,441
95549561,26.67,33.5853,433,42402,0.0733719,0.19,1,1358507,1358074,433
95552481,30.934,35.5171,429,42452,0.0226744,0.21,1,1358539,1358110,429
95555401,33.3868,34.3034,429,42502,0.0925349,0.15,1,1358573,1358144,429
95558321,29.8774,30.8607,428,42552,0.074507,0.13,1,1358602,1358174,428
95561241,37.1755,36.5721,429,42602,0.0549014,0.17,1,1358641,1358212,429
95564161,36.2351,36.9144,428,42652,0.0669803,0.09,1,1358677,1358249,428
95567081,26.447,31.3829,422,42701,0.117396,0.05,1,1358701,1358279,422
95570001,39.6894,40.6766,422,42750,0.111479,0.03,1,1358744,1358322,422
95572921,31.1379,31.3353,422,42799,0.0942958,0.05,1,1358773,1358351,422
95575841,27.8276,27.8671,422,42848,0.0908592,0.01,1,1358800,1358378,422
95578761,25.5655,24.7734,423,42897,0.0741718,0.01,1,1358825,1358402,423
95581681,30.7131,29.7547,424,42946,0.0228344,0.09,1,1358857,1358433,424
95584601,26.1426,26.7509,423,42995,0.0445669,0.09,1,1358882,1358459,423
95587521,19.6285,5.35019,441,43044,0.0169134,0.09,1,1358900,1358459,441
95590441,27.1257,17.07,450,43093,0.0433827,0.07,1,1358929,1358479,450
95593361,30.2251,25.814,453,43142,0.0806765,0.01,1,1358960,1358507,453
95596281,33.245,30.7628,455,43191,0.0561353,0.11,1,1358994,1358539,455
95599201,29.849,33.3526,450,43240,0.0992271,0.07,1,1359023,1358573,450
95602121,37.1698,29.8705,460,43289,0.0758454,0.05,1,1359062,1358602,460
95605041,37.834,37.1741,459,43338,0.119169,0.07,1,1359100,1358641,459
95607961,28.3668,36.2348,449,43387,0.0958338,0.13,1,1359126,1358677,449
95610881,39.2734,26.447,467,43436,0.107167,0.11,1,1359168,1358701,467
95613801,30.2547,39.6894,452,43485,0.125433,0.09,1,1359196,1358744,452
95616721,27.6509,31.1379,450,43534,0.161087,0.09,1,1359223,1358773,450
95619641,26.3302,27.8276,449,43582,0.192217,0.07,1,1359249,1358800,449
95622561,29.266,25.5655,454,43630,0.190443,0.01,1,1359279,1358825,454
95625481,26.6532,30.7131,448,43678,0.190089,0.05,1,1359305,1358857,448
95628401,18.1306,26.1426,439,43726,0.190018,0.01,1,1359321,1358882,439
95631321,30.0261,19.6285,454,43774,0.190004,0.05,1,1359354,1358900,454
95634241,27.6052,27.1257,452,43822,0.238001,0.09,1,1359381,1358929,452
95637161,34.321,30.2251,457,43870,0.1996,0.05,1,1359417,1358960,457
95640081,31.6642,33.245,454,43918,0.22392,0.11,1,1359448,1358994,454
95643001,36.7328,29.849,463,43966,0.292784,0.07,1,1359486,1359023,463
95645921,38.5466,37.1698,463,44014,0.290557,0.13,1,1359525,1359062,463
95648841,28.5093,37.834,451,44062,0.290111,0.09,1,1359551,1359100,451
95651761,40.9019,28.3668,469,44110,0.322022,0.11,1,1359595,1359126,469
95654681,30.5804,39.2734,455,44158,0.328404,0.13,1,1359623,1359168,455
95657601,29.3161,30.2547,456,44206,0.313681,0.17,1,1359652,1359196,456
95660521,27.4632,27.6509,456,44254,0.294736,0.2,1,1359679,1359223,456
95663441,29.4926,26.3302,460,44302,0.322947,0.19,1,1359709,1359249,460
95666361,26.6985,29.266,456,44350,0.328589,0.19,1,1359735,1359279,456
95669281,16.5397,26.6532,444,44398,0.345718,0.19,1,1359749,1359305,444
95672201,32.1079,18.1306,464,44446,0.349144,0.19,1,1359785,1359321,464
95675121,8.02159,30.0261,433,44493,0.349829,0.25,1,1359787,1359354,433
95678041,23.2043,27.6052,433,44540,0.365966,0.19,1,1359814,1359381,433
95680961,32.6409,34.321,432,44587,0.417193,0.23,1,1359849,1359417,432
95683881,33.7282,31.6642,435,44634,0.411439,0.31,1,1359883,1359448,435
95686801,38.7456,36.7328,437,44681,0.474288,0.29,1,1359923,1359486,437
95689721,38.1491,38.5466,436,44728,0.502858,0.29,1,1359961,1359525,436
95692641,28.4298,28.5093,436,44775,0.540572,0.33,1,1359987,1359551,436
95695561,42.486,40.9019,438,44822,0.548114,0.33,1,1360033,1359595,438
95698481,30.8972,30.5804,438,44869,0.549623,0.31,1,1360061,1359623,438
95701401,28.5794,29.3161,437,44916,0.565925,0.29,1,1360089,1359652,437
95704321,26.5159,27.4632,436,44963,0.569185,0.33,1,1360115,1359679,436
95707241,30.9032,29.4926,438,45010,0.569837,0.33,1,1360147,1359709,438
95710161,27.7806,26.6985,439,45057,0.553967,0.35,1,1360174,1359735,439
95713081,16.7561,16.5397,439,45104,0.550793,0.35,1,1360188,1359749,439
95716001,32.1512,32.1079,439,45151,0.550159,0.35,1,1360224,1359785,439
95718921,8.03024,8.02159,439,45198,0.550032,0.37,1,1360226,1359787,439
95721841,24.006,23.2043,440,45245,0.550006,0.43,1,1360254,1359814,440
95724761,33.6012,32.6409,441,45292,0.550001,0.41,1,1360290,1359849,441
95727681,34.7202,33.7282,442,45339,0.518,0.49,1,1360325,1359883,442
95730601,42.144,38.7456,446,45386,0.5436,0.51,1,1360369,1359923,446
95733521,39.6288,38.1491,447,45432,0.58072,0.55,1,1360408,1359961,447
95736441,28.7258,28.4298,447,45478,0.588144,0.55,1,1360434,1359987,447
95739361,42.5452,42.486,447,45524,0.589629,0.55,1,1360480,1360033,447
95742281,30.909,30.8972,447,45570,0.605926,0.57,1,1360508,1360061,447
95745201,29.3818,28.5794,448,45616,0.593185,0.57,1,1360537,1360089,448
95748121,27.4764,26.5159,449,45662,0.574637,0.57,1,1360564,1360115,449
95751041,30.2953,30.9032,448,45708,0.586927,0.55,1,1360595,1360147,448
95753961,26.8591,27.7806,447,45754,0.637385,0.55,1,1360621,1360174,447
95756881,16.5718,16.7561,447,45800,0.679477,0.55,1,1360635,1360188,447
95759801,32.1144,32.1512,447,45846,0.703895,0.55,1,1360671,1360224,447
95762721,8.02287,8.03024,447,45892,0.708779,0.55,1,1360673,1360226,447
95765641,24.0046,24.006,447,45938,0.677756,0.55,1,1360701,1360254,447
95768561,33.6009,4.80121,483,45984,0.671551,0.55,1,1360737,1360254,483
95771481,33.9202,29.7602,481,46030,0.63831,0.51,1,1360771,1360290,481
95774401,42.784,33.952,491,46076,0.695662,0.55,1,1360816,1360325,491
95777321,40.5568,41.9904,487,46122,0.707132,0.59,1,1360856,1360369,487
95780241,28.9114,39.5981,474,46168,0.741426,0.59,1,1360882,1360408,474
95783161,42.5823,28.7196,494,46214,0.748285,0.59,1,1360928,1360434,494
95786081,31.7165,42.5439,477,46260,0.733657,0.61,1,1360957,1360480,477
95789001,28.7433,30.9088,477,46306,0.730731,0.59,1,1360985,1360508,477
95791921,28.1487,29.3818,476,46352,0.730146,0.57,1,1361013,1360537,476
95794841,32.0297,27.4764,482,46397,0.714029,0.59,1,1361046,1360564,482
95797761,28.8059,30.2953,479,46442,0.774806,0.65,2,1361074,1360595,479
95800681,16.9612,26.8591,467,46487,0.818961,0.69,2,1361088,1360621,467
95803601,32.9922,16.5718,490,46532,0.843792,0.71,2,1361125,1360635,490
95806521,8.19845,32.1144,456,46577,0.848758,0.71,2,1361127,1360671,456
95809441,24.0397,8.02287,482,46622,0.849752,0.67,2,1361155,1360673,482
95812361,32.0079,24.0046,488,46667,0.84995,0.67,2,1361189,1360701,488
95815281,33.6016,33.6009,486,46712,0.84999,0.63,2,1361223,1360737,486
95818201,45.9203,33.9202,501,46757,0.913998,0.71,2,1361272,1360771,501
96053261,65,32,482,22724,0.47,0.57,1,1363843,1363361,482
96056181,75.4,64,488,22817,0.454,0.49,1,1363921,1363433,488
96059101,57.48,68,472,22910,0.4988,0.37,1,1363974,1363502,472
96062021,80.296,71.2,486,23003,0.52376,0.33,1,1364060,1363574,486
96064941,29.6592,52.64,455,23095,0.512752,0.37,1,1364077,1363622,455
96067861,21.9318,28.128,453,23187,0.52655,0.39,1,1364097,1363644,453
96070781,62.7864,57.6256,461,23278,0.54531,0.39,1,1364170,1363709,461
96073701,106.157,66.7251,509,23369,0.565062,0.47,1,1364287,1363778,509
96076621,82.8315,65.345,521,23460,0.553012,0.45,1,1364364,1363843,521
96079541,61.3663,75.469,499,23550,0.566602,0.51,1,1364420,1363921,499
96082461,80.2733,57.4938,531,23640,0.617321,0.53,1,1364505,1363974,531
96085381,30.4547,80.2988,463,23730,0.627464,0.51,1,1364523,1364060,463
96088301,22.8909,29.6598,467,23819,0.661493,0.53,1,1364544,1364077,467
96091221,63.7782,21.932,521,23908,0.700299,0.55,1,1364618,1364097,521
96094141,14.3556,62.7864,450,23997,0.70806,0.57,1,1364620,1364170,450
96097061,96.4711,106.157,450,24085,0.709612,0.55,1,1364737,1364287,450
96099981,80.0942,82.8315,449,24173,0.773922,0.57,2,1364813,1364364,449
96102901,61.6188,61.3663,450,24261,0.754784,0.63,2,1364870,1364420,450
96105821,82.7238,80.2733,453,24348,0.766957,0.63,2,1364958,1364505,453
96108741,30.9448,30.4547,453,24435,0.801391,0.67,2,1364976,1364523,453
96111661,25.389,22.8909,456,24522,0.808278,0.71,2,1365000,1364544,456
96114581,65.0778,63.7782,457,24608,0.873656,0.71,2,1365075,1364618,457
96117501,14.6156,14.3556,457,24694,0.886731,0.71,2,1365077,1364620,457
96120421,96.5231,96.4711,457,24780,0.889346,0.79,2,1365194,1364737,457
96245981,106,106,481,28222,0.51,0.99,1,1367656,1367175,481
96248901,90.8,82,492,28297,0.27,1,1,1367743,1367251,492
96251821,47.76,48.4,489,28372,0.078,1,1,1367780,1367291,489
96254741,34.352,9.68,520,28447,0.0716,1,1,1367811,1367291,520
96257661,30.0704,30.736,513,28521,0.02232,1,1,1367840,1367327,513
96260581,34.8141,41.3472,505,28595,0.028464,1,1,1367876,1367371,505
96263501,33.3628,39.4694,499,28669,0.0456928,1,1,1367909,1367410,499
96266421,47.4726,32.6939,519,28743,0.0491386,0.93,1,1367960,1367441,519
96269341,48.6945,44.9388,520,28817,0.0338277,0.89,1,1368009,1367489,520
96272261,82.5389,57.7878,550,28890,0.0467655,0.51,1,1368100,1367550,550
96275181,73.3078,96.3576,515,28963,0.0653531,0.21,1,1368171,1367656,515
96278101,40.2616,88.8715,460,29036,0.101071,0.03,1,1368203,1367743,460
96281021,32.8523,47.3743,454,29109,0.0202141,0.07,1,1368234,1367780,454
96283941,28.1705,34.2749,450,29182,0.0120428,0.01,1,1368261,1367811,450
96286861,34.4341,30.055,457,29255,0.0424086,0.03,1,1368297,1367840,457
96289781,33.2868,34.811,454,29327,0.0644817,0.05,1,1368330,1367876,454
96292701,49.8574,33.3622,475,29399,0.0848963,0.05,1,1368384,1367909,475
96295621,48.3715,47.4724,472,29471,0.0889793,0.03,1,1368432,1367960,472
96298541,81.6743,48.6945,513,29543,0.0577959,0.05,1,1368522,1368009,513
96301461,76.3349,82.5389,497,29615,0.0675592,0.07,1,1368597,1368100,497
96304381,39.267,73.3078,456,29686,0.0855118,0.11,1,1368627,1368171,456
96307301,31.0534,40.2616,453,29757,0.0571024,0,1,1368656,1368203,453
96310221,27.8107,32.8523,449,29828,0.0114205,0.01,1,1368683,1368234,449
96313141,7.16214,28.1705,424,29899,0.0262841,0.05,1,1368685,1368261,424
96316061,28.6324,34.4341,422,29970,0.0132568,0.07,1,1368719,1368297,422
96318981,32.9265,33.2868,423,30041,0.0266514,0.09,1,1368753,1368330,423
96321901,50.5853,49.8574,424,30111,0.0453303,0.09,1,1368808,1368384,424
96324821,48.5171,48.3715,424,30181,0.0810661,0.05,1,1368856,1368432,424
96327741,81.7034,81.6743,424,30251,0.0562132,0.07,1,1368946,1368522,424
96330661,77.9407,76.3349,426,30321,0.115243,0.09,1,1369023,1368597,426
96333581,39.5881,39.267,426,30391,0.0950485,0.05,1,1369053,1368627,426
96336501,29.5176,31.0534,424,30461,0.15501,0,1,1369080,1368656,424
96339421,26.7035,27.8107,423,30530,0.135002,0.03,1,1369106,1368683,423
96342341,6.9407,7.16214,423,30599,0.131,0.01,1,1369108,1368685,423
96345261,27.7881,28.6324,422,30668,0.1622,0.03,1,1369141,1368719,422
96348181,33.5576,32.9265,423,30737,0.15244,0.05,1,1369176,1368753,423
96351101,49.9115,50.5853,422,30806,0.118488,0.09,1,1369230,1368808,422
96354021,49.9823,48.5171,424,30875,0.0956976,0.05,1,1369280,1368856,424
96356941,82.7965,81.7034,425,30944,0.0911395,0.13,1,1369371,1368946,425
96359861,78.9593,77.9407,426,31012,0.186228,0.09,1,1369449,1369023,426
96362781,39.7919,39.5881,426,31080,0.189246,0.17,1,1369479,1369053,426
96365701,31.1584,29.5176,428,31148,0.253849,0.13,1,1369508,1369080,428
96368621,25.4317,26.7035,426,31216,0.26677,0.13,1,1369532,1369106,426
96371541,6.68633,6.9407,426,31284,0.269354,0.13,1,1369534,1369108,426
96374461,26.9373,1.38814,458,31352,0.237871,0.17,1,1369566,1369108,458
96377381,34.9875,26.6776,462,31419,0.279574,0.15,1,1369603,1369141,462
96380301,49.3975,33.3355,480,31486,0.287915,0.11,1,1369656,1369176,480
96383221,49.0795,49.8671,475,31553,0.273583,0.09,1,1369705,1369230,475
96386141,81.8159,49.9734,515,31620,0.286717,0.09,1,1369795,1369280,515
96389061,83.5632,82.7947,508,31687,0.353343,0.21,1,1369879,1369371,508
96391981,40.7126,78.9589,460,31754,0.334669,0.19,1,1369909,1369449,460
96394901,32.9425,39.7918,461,31821,0.346934,0.27,1,1369940,1369479,461
96397821,25.7885,31.1584,456,31887,0.365387,0.27,1,1369964,1369508,456
96400741,6.7577,25.4317,434,31953,0.369077,0.27,1,1369966,1369532,434
96403661,27.7515,6.68633,465,32019,0.353815,0.23,1,1369999,1369534,465
96406581,36.7503,26.9373,472,32085,0.334763,0.29,1,1370038,1369566,472
96409501,49.7501,34.9875,488,32151,0.330953,0.29,1,1370091,1369603,488
96412421,48.35,49.3975,483,32217,0.362191,0.27,1,1370139,1369656,483
96415341,82.47,49.0795,525,32283,0.368438,0.29,1,1370230,1369705,525
96418261,85.294,81.8159,521,32349,0.433688,0.37,1,1370316,1369795,521
96421181,41.0588,83.5632,467,32414,0.462738,0.33,1,1370346,1369879,467
96424101,33.8118,40.7126,469,32479,0.468548,0.35,1,1370378,1369909,469
96427021,26.7624,32.9425,463,32544,0.453709,0.37,1,1370403,1369940,463
96429941,6.95247,25.7885,441,32609,0.450742,0.37,1,1370405,1369964,441
96432861,26.9905,6.7577,471,32674,0.482148,0.35,1,1370437,1369966,471
96435781,35.7981,27.7515,476,32739,0.48843,0.33,1,1370475,1369999,476
96438701,8.75962,36.7503,439,32804,0.489686,0.33,1,1370477,1370038,439
96441621,44.1519,49.7501,439,32868,0.537937,0.37,1,1370530,1370091,439
96444541,48.0304,48.35,440,32932,0.579587,0.37,1,1370579,1370139,440
96447461,83.2061,82.47,441,32996,0.587918,0.45,1,1370671,1370230,441
96450381,87.8412,85.294,444,33060,0.621584,0.47,1,1370760,1370316,444
96453301,42.3682,41.0588,445,33124,0.644317,0.47,1,1370791,1370346,445
96456221,34.0736,33.8118,445,33188,0.664863,0.45,1,1370823,1370378,445
96459141,26.8147,26.7624,445,33252,0.700973,0.45,1,1370848,1370403,445
96462061,6.96295,6.95247,445,33316,0.708194,0.49,1,1370850,1370405,445
96464981,27.7926,26.9905,446,33379,0.725639,0.49,1,1370883,1370437,446
96467901,35.9585,35.7981,446,33442,0.745128,0.49,1,1370921,1370475,446
96470821,8.7917,8.75962,446,33505,0.717026,0.55,1,1370923,1370477,446
96473741,44.9583,44.1519,447,33568,0.743405,0.59,1,1370977,1370530,447
96476661,49.7917,48.0304,449,33631,0.780681,0.59,2,1371028,1370579,449
96479581,83.5583,83.2061,449,33694,0.868136,0.63,2,1371120,1370671,449
96482501,91.1117,87.8412,453,33757,0.901627,0.65,2,1371213,1370760,453
96485421,44.6223,42.3682,455,33820,0.908325,0.67,2,1371246,1370791,455
96663541,33,28,510,37443,0.71,1,1,1373725,1373215,510
96666461,40.2,31.2,520,37499,0.646,1,1,1373767,1373247,520
96669381,28.04,36.64,507,37555,0.6332,1,1,1373792,1373285,507
96672301,28.808,35.328,501,37611,0.59864,1,1,1373821,1373320,501
96675221,31.3616,19.8656,517,37667,0.591728,1,1,1373853,1373336,517
96678141,32.6723,39.1731,506,37723,0.494346,0.92,1,1373886,1373380,506
96681061,25.7345,35.8346,495,37779,0.458869,1,1,1373910,1373415,495
96683981,56.3469,27.9669,533,37835,0.355774,1,1,1373974,1373441,533
96686901,78.4694,54.3934,556,37891,0.303155,0.99,1,1374058,1373502,556
96689821,38.8939,80.4787,498,37947,0.260631,0.94,1,1374087,1373589,498
96692741,42.9788,41.6957,510,38003,0.268126,0.81,1,1374131,1373621,510
96695661,27.7958,47.5391,485,38059,0.269625,0.73,1,1374155,1373670,485
96698581,28.7592,27.1078,492,38115,0.285925,0.71,1,1374184,1373692,492
96701501,34.5518,31.8216,495,38170,0.321185,0.63,1,1374220,1373725,495
96704421,25.3104,39.9643,476,38225,0.360237,0.63,1,1374243,1373767,476
96707341,28.2621,27.9929,480,38280,0.352047,0.59,1,1374272,1373792,480
96710261,26.4524,28.7986,477,38335,0.286409,0.59,1,1374298,1373821,477
96713181,29.2905,31.3597,475,38390,0.321282,0.47,1,1374328,1373853,475
96716101,26.6581,32.6719,468,38445,0.312256,0.45,1,1374354,1373886,468
96719021,49.3316,25.7344,499,38500,0.342451,0.33,1,1374409,1373910,499
96721941,75.4663,56.3469,517,38555,0.38049,0.29,1,1374491,1373974,517
96724861,39.0933,78.4694,463,38610,0.436098,0.25,1,1374521,1374058,463
96727781,9.41865,38.8939,436,38665,0.44722,0.27,1,1374523,1374087,436
96730701,36.2837,42.9788,435,38720,0.497444,0.27,1,1374566,1374131,435
96733621,26.4567,27.7958,435,38775,0.475489,0.29,1,1374590,1374155,435
96736541,29.2913,28.7592,436,38829,0.471098,0.33,1,1374620,1374184,436
96739461,37.0583,34.5518,439,38883,0.48622,0.37,1,1374659,1374220,439
96742381,26.6117,25.3104,440,38937,0.521244,0.35,1,1374683,1374243,440
96745301,26.1223,28.2621,437,38991,0.544249,0.27,1,1374709,1374272,437
96748221,26.8245,26.4524,438,39045,0.54885,0.33,1,1374736,1374298,438
96751141,30.1649,29.2905,439,39099,0.59777,0.31,1,1374767,1374328,439
96754061,26.833,26.6581,439,39153,0.575554,0.35,1,1374793,1374354,439
96756981,49.3666,49.3316,439,39207,0.571111,0.39,1,1374848,1374409,439
96759901,77.0733,75.4663,441,39261,0.634222,0.45,1,1374932,1374491,441
96762821,41.8147,39.0933,444,39315,0.630844,0.45,1,1374965,1374521,444
96765741,9.96293,9.41865,444,39369,0.630169,0.51,1,1374967,1374523,444
96768661,37.1926,36.2837,445,39423,0.678034,0.47,1,1375011,1374566,445
96771581,26.6385,26.4567,445,39477,0.703607,0.47,1,1375035,1374590,445
96774501,29.3277,29.2913,445,39530,0.708721,0.49,1,1375065,1374620,445
96777421,37.8655,37.0583,446,39583,0.741744,0.53,1,1375105,1374659,446
96780341,27.5731,26.6117,447,39636,0.748349,0.55,1,1375130,1374683,447
96783261,26.3146,26.1223,447,39689,0.78167,0.55,2,1375156,1374709,447
96786181,28.4629,26.8245,449,39742,0.740334,0.61,1,1375185,1374736,449
96789101,31.2926,30.1649,450,39795,0.812067,0.57,2,1375217,1374767,450
96792021,27.0585,26.833,450,39848,0.794413,0.57,2,1375243,1374793,450
96794941,50.2117,49.3666,451,39901,0.838883,0.65,2,1375299,1374848,451
96797861,79.6423,77.0733,454,39954,0.863776,0.63,2,1375386,1374932,454
96800781,41.5285,41.8147,453,40007,0.868755,0.63,2,1375418,1374965,453
96803701,9.90569,9.96293,453,40060,0.869751,0.63,2,1375420,1374967,453
96806621,39.5811,1.99259,500,40113,0.83795,0.69,2,1375467,1374967,500
96809541,27.1162,35.5985,480,40166,0.83159,0.71,2,1375491,1375011,480
96812461,29.4232,26.3197,486,40219,0.830318,0.71,2,1375521,1375035,486
96815381,37.8846,29.2639,496,40271,0.830064,0.75,2,1375561,1375065,496
96818301,28.3769,37.8528,482,40323,0.798013,0.75,2,1375587,1375105,482
96821221,27.2754,27.5706,484,40375,0.823602,0.79,2,1375614,1375130,484
96824141,27.8551,26.3141,486,40427,0.844721,0.73,2,1375642,1375156,486
96827061,33.571,28.4628,492,40479,0.832944,0.83,2,1375677,1375185,492
96829981,27.5142,31.2926,486,40531,0.878589,0.79,2,1375703,1375217,486
96832901,52.7028,27.0585,519,40583,0.919718,0.85,2,1375762,1375243,519
96835821,80.9406,50.2117,551,40635,0.943944,0.87,2,1375850,1375299,551
96850421,30,24,492,40895,0.95,0.83,2,1375983,1375491,492
96987661,34,35,524,43253,0.81,1,2,1377595,1377071,524
96990581,33.2,36.6,520,43302,0.778,1,2,1377628,1377108,520
96993501,33.04,32.92,521,43351,0.6596,1,1,1377661,1377140,521
96996421,91.408,38.584,587,43400,0.52392,0.99,1,1377767,1377180,587
96999341,45.4816,90.9168,517,43449,0.416784,1,1,1377801,1377284,517
97002261,30.6963,51.7834,502,43498,0.427357,1,1,1377828,1377326,502
97005181,38.9393,34.3567,513,43547,0.365471,1,1,1377869,1377356,513
97008101,28.5879,34.0713,505,43595,0.353094,1,1,1377895,1377390,505
97011021,22.5176,23.6143,505,43643,0.286619,1,1,1377916,1377411,505
97013941,17.3035,23.1229,498,43691,0.305324,1,1,1377932,1377434,498
97016861,28.2607,19.0246,511,43739,0.277065,1,1,1377963,1377452,511
97019781,21.6521,31.8049,496,43787,0.255413,1,1,1377983,1377487,496
97022701,18.7304,27.961,487,43835,0.267083,0.97,1,1378001,1377514,487
97025621,20.5461,23.1922,486,43883,0.285417,0.85,1,1378022,1377536,486
97028541,28.1092,24.6384,491,43931,0.305083,0.81,1,1378052,1377561,491
97031461,28.0218,32.1277,485,43979,0.325017,0.77,1,1378080,1377595,485
97034381,31.2044,32.8255,484,44027,0.345003,0.63,1,1378112,1377628,484
97037301,87.0409,32.9651,552,44075,0.413001,0.49,1,1378213,1377661,552
97040221,40.6082,91.393,475,44123,0.4266,0.39,1,1378242,1377767,475
97043141,29.7216,45.4786,468,44171,0.41332,0.43,1,1378269,1377801,468
97046061,33.9443,30.6957,476,44219,0.362664,0.35,1,1378304,1377828,476
97048981,27.5889,38.9391,461,44267,0.416533,0.35,1,1378330,1377869,461
97051901,23.1178,28.5878,457,44315,0.395307,0.27,1,1378352,1377895,457
97054821,15.0236,22.5176,449,44363,0.407061,0.31,1,1378365,1377916,449
97057741,27.8047,17.3035,464,44411,0.409412,0.27,1,1378396,1377932,464
97060661,23.1609,28.2607,455,44458,0.409882,0.25,1,1378418,1377963,455
97063581,6.23219,21.6521,437,44505,0.441976,0.27,1,1378420,1377983,437
97066501,14.0464,18.7304,435,44552,0.448395,0.29,1,1378436,1378001,435
97069421,19.6093,20.5461,435,44599,0.481679,0.31,1,1378457,1378022,435
97072341,29.5219,28.1092,437,44646,0.488336,0.33,1,1378489,1378052,437
97075261,28.3044,28.0218,437,44693,0.521667,0.35,1,1378517,1378080,437
97078181,32.0609,31.2044,438,44740,0.512333,0.43,1,1378550,1378112,438
97081101,92.0122,87.0409,444,44787,0.590467,0.43,1,1378657,1378213,444
97084021,40.8024,40.6082,443,44834,0.590093,0.41,1,1378685,1378242,443
97086941,28.9605,29.7216,442,44881,0.590019,0.35,1,1378711,1378269,442
97089861,32.9921,33.9443,441,44928,0.670004,0.43,1,1378745,1378304,441
97092781,27.3984,27.5889,441,44975,0.702001,0.39,1,1378771,1378330,441
97095701,23.0797,23.1178,441,45022,0.6764,0.41,1,1378793,1378352,441
97098621,15.8159,15.0236,442,45069,0.68728,0.41,1,1378807,1378365,442
97101541,27.9632,27.8047,442,45116,0.705456,0.41,1,1378838,1378396,442
97104461,24.7926,23.1609,444,45163,0.709091,0.45,1,1378862,1378418,444
97107381,6.55853,6.23219,444,45210,0.709818,0.45,1,1378864,1378420,444
97110301,14.1117,14.0464,444,45257,0.709964,0.49,1,1378880,1378436,444
97113221,19.6223,19.6093,444,45304,0.757993,0.49,2,1378901,1378457,444
97116141,31.1245,29.5219,446,45351,0.767599,0.53,2,1378935,1378489,446
97119061,28.6249,28.3044,446,45398,0.78552,0.51,2,1378963,1378517,446
97121981,32.925,32.0609,447,45444,0.805104,0.61,2,1378997,1378550,447
97124901,95.385,92.0122,451,45490,0.825021,0.59,2,1379108,1378657,451
97127821,41.477,40.8024,451,45536,0.845004,0.59,2,1379136,1378685,451
97130741,29.8954,28.9605,452,45582,0.833001,0.69,2,1379163,1378711,452
97133661,34.7791,32.9921,454,45628,0.9106,0.71,2,1379199,1378745,454
97136581,28.5558,27.3984,455,45674,0.91012,0.67,2,1379226,1378771,455
97139501,23.3112,23.0797,455,45720,0.942024,0.69,2,1379248,1378793,455
97142421,16.6622,15.8159,456,45766,0.900405,0.71,2,1379263,1378807,456
97145341,28.9324,27.9632,457,45812,0.924081,0.71,2,1379295,1378838,457
97148261,24.9865,24.7926,457,45858,0.896816,0.71,2,1379319,1378862,457
97151181,6.5973,6.55853,457,45904,0.891363,0.71,2,1379321,1378864,457
97154101,14.9195,14.1117,458,45950,0.906273,0.71,2,1379338,1378880,458
97157021,20.5839,2.82234,480,45996,0.893255,0.77,2,1379360,1378880,480
97159941,31.3168,17.3645,493,46042,0.906651,0.77,2,1379394,1378901,493
97162861,30.2634,30.6729,489,46088,0.87733,0.79,2,1379424,1378935,489
97165781,33.2527,28.5346,495,46134,0.871466,0.81,2,1379458,1378963,495
97168701,94.6505,32.9069,571,46180,0.838293,0.83,2,1379568,1378997,571
97171621,42.1301,95.3814,489,46226,0.879659,0.85,2,1379597,1379108,489
97174541,30.826,41.4763,489,46272,0.919932,0.83,2,1379625,1379136,489
97381861,74,83,449,22630,0.05,0.39,1,1381932,1381483,449
97384781,64.4,44.6,476,22724,0.066,0.23,1,1381994,1381518,476
97387701,76.88,70.52,479,22817,0.1172,0.25,1,1382074,1381595,479
97390621,63.376,79.704,457,22910,0.15944,0.13,1,1382134,1381677,457
97393541,27.0752,41.5408,443,23003,0.151888,0.11,1,1382152,1381709,443
97396461,19.815,23.5082,442,23095,0.182378,0.09,1,1382170,1381728,442
97399381,55.163,27.1016,478,23187,0.156476,0.07,1,1382234,1381756,478
97402301,48.6326,56.6203,461,23278,0.135295,0.05,1,1382281,1381820,461
97405221,119.327,100.924,486,23369,0.211059,0.07,1,1382418,1381932,486
97408141,93.4653,69.7848,511,23460,0.274212,0.13,1,1382505,1381994,511
97411061,65.8931,77.957,490,23550,0.366842,0.17,1,1382564,1382074,490
97413981,27.5786,63.5914,448,23640,0.385368,0.15,1,1382582,1382134,448
97416901,19.9157,27.1183,448,23730,0.405074,0.19,1,1382600,1382152,448
97419821,53.5831,19.8237,492,23819,0.425015,0.15,1,1382662,1382170,492
97422741,45.9166,55.1647,472,23908,0.445003,0.13,1,1382706,1382234,472
97425661,10.7833,48.6329,427,23997,0.449001,0.23,1,1382708,1382281,427
97428581,116.557,119.327,433,24085,0.5458,0.29,1,1382851,1382418,433
97431501,97.7113,93.4653,439,24173,0.54916,0.39,1,1382944,1382505,439
97434421,68.3423,65.8931,441,24261,0.533832,0.39,1,1383005,1382564,441
97437341,28.0685,27.5786,441,24348,0.578766,0.41,1,1383023,1382582,441
97440261,21.6137,19.9157,443,24435,0.603753,0.43,1,1383043,1382600,443
97443181,53.9227,53.5831,443,24522,0.640751,0.45,1,1383105,1382662,443
97446101,46.7845,45.9166,444,24608,0.66415,0.45,1,1383150,1382706,444
97449021,10.9569,10.7833,444,24694,0.70083,0.57,1,1383152,1382708,444
97451941,119.791,116.557,448,24780,0.692166,0.55,1,1383299,1382851,448
97454861,97.5583,97.7113,447,24866,0.754433,0.53,2,1383391,1382944,447
97457781,69.1117,68.3423,448,24951,0.734887,0.59,1,1383453,1383005,448
97460701,29.0223,28.0685,449,25036,0.730977,0.61,1,1383472,1383023,449
97463621,24.2045,21.6137,452,25121,0.746195,0.65,1,1383495,1383043,452
97466541,56.0409,53.9227,454,25205,0.765239,0.67,2,1383559,1383105,454
97469461,48.0082,46.7845,455,25289,0.769048,0.71,2,1383605,1383150,455
97472381,11.2016,10.9569,455,25373,0.80181,0.69,2,1383607,1383152,455
97475301,120.64,119.791,456,25457,0.776362,0.69,2,1383755,1383299,456
97478221,98.5281,23.9583,549,25540,0.803272,0.77,2,1383848,1383299,549
97481141,68.5056,78.3917,518,25623,0.856654,0.73,2,1383909,1383391,518
97484061,29.7011,65.2783,476,25706,0.835331,0.73,2,1383929,1383453,476
97486981,23.5402,28.2557,479,25788,0.863066,0.75,2,1383951,1383472,479
97489901,58.308,24.0511,523,25870,0.884613,0.77,2,1384018,1383495,523
97492821,48.4616,56.0102,505,25952,0.888923,0.77,2,1384064,1383559,505
97495741,11.2923,48.002,461,26034,0.889785,0.81,2,1384066,1383605,461
97583341,29,24,481,28372,0.77,1,2,1385827,1385346,481
97586261,21.8,4.8,501,28447,0.754,1,2,1385847,1385346,501
97589181,21.16,16.16,503,28521,0.7188,1,1,1385868,1385365,503
97592101,36.232,24.832,516,28595,0.71176,1,1,1385908,1385392,516
97595021,75.2464,46.5664,549,28669,0.662352,0.92,1,1385993,1385444,549
97597941,35.0493,66.1133,503,28743,0.73247,1,1,1386018,1385515,503
97600861,97.4099,42.0227,580,28817,0.666494,0.99,1,1386131,1385551,580
97603781,98.682,96.4045,569,28890,0.685299,0.87,1,1386230,1385661,569
97606701,43.7364,103.281,494,28963,0.72106,0.83,1,1386260,1385766,494
97609621,31.9473,46.2562,491,29036,0.680212,0.77,1,1386289,1385798,491
97612541,19.9895,32.4512,479,29109,0.688042,0.75,1,1386306,1385827,479
97615461,19.1979,22.4902,478,29182,0.737608,0.71,1,1386325,1385847,478
97618381,36.6396,21.2981,498,29255,0.811522,0.71,2,1386366,1385868,498
97621301,73.7279,36.2596,541,29327,0.810304,0.65,2,1386449,1385908,541
97624221,37.1456,75.2519,484,29399,0.842061,0.75,2,1386477,1385993,484
97806721,69,106,467,14890,0.05,0.19,1,1389650,1389183,467
97809641,65,80.4,457,15033,0.114,0.09,1,1389714,1389257,457
97812561,25,50.48,429,15174,0.1268,0.11,1,1389729,1389300,429
97815481,19.4,17.296,438,15314,0.09736,0.03,1,1389747,1389309,438
97818401,209.48,221.059,423,15453,0.091472,0.05,1,1390004,1389581,423
97821321,100.296,99.4118,427,15590,0.0902944,0.13,1,1390077,1389650,427
97824241,74.4592,71.0824,431,15726,0.0580589,0.13,1,1390145,1389714,431
97827161,24.4918,26.2165,428,15861,0.0836118,0.09,1,1390157,1389729,428
97830081,17.6984,19.6433,426,15995,0.0567224,0.09,1,1390173,1389747,426
97833001,205.94,209.529,422,16128,0.0353445,0.09,1,1390426,1390004,422
97835921,101.188,100.306,424,16260,0.111069,0.05,1,1390501,1390077,424
97838841,74.6376,74.4611,424,16391,0.158214,0.09,1,1390569,1390145,424
97841761,24.5275,24.4922,424,16521,0.183643,0.05,1,1390581,1390157,424
97844681,17.7055,17.6984,424,16650,0.156729,0.05,1,1390597,1390173,424
97846141,164.341,3.53969,625,16778,0.151346,0.03,1,1390798,1390173,625
97849061,72.8682,203.108,422,16905,0.182269,0.13,1,1390848,1390426,422
97851981,77.7736,100.622,426,17031,0.204454,0.17,1,1390927,1390501,426
97854901,72.3547,74.5243,429,17156,0.224891,0.19,1,1390998,1390569,429
97857821,24.0709,24.5049,429,17280,0.196978,0.15,1,1391010,1390581,429
97860741,17.6142,17.701,429,17403,0.239396,0.15,1,1391026,1390597,429
97863661,203.523,164.34,478,17525,0.279879,0.19,1,1391276,1390798,478
97866581,104.705,72.868,508,17646,0.335976,0.21,1,1391356,1390848,508
97869501,78.5409,77.7736,501,17766,0.379195,0.23,1,1391428,1390927,501
97872421,26.1082,72.3547,443,17885,0.371839,0.19,1,1391441,1390998,443
97875341,18.0216,24.0709,447,18004,0.418368,0.25,1,1391457,1391010,447
97878261,5.20433,17.6142,433,18122,0.427674,0.29,1,1391459,1391026,433
97881181,203.441,203.523,436,18239,0.541535,0.35,1,1391712,1391276,436
97884101,108.688,104.705,441,18355,0.564307,0.39,1,1391797,1391356,441
97887021,79.3376,78.5409,441,18471,0.536861,0.37,1,1391869,1391428,441
97889941,27.0675,26.1082,442,18586,0.563372,0.43,1,1391883,1391441,442
97892861,19.0135,18.0216,443,18700,0.520674,0.43,1,1391900,1391457,443
97895781,5.4027,5.20433,443,18813,0.512135,0.57,1,1391902,1391459,443
97898701,209.881,203.441,451,18926,0.654427,0.57,1,1392163,1391712,451
97901621,107.576,108.688,448,19038,0.746885,0.53,1,1392245,1391797,448
97904541,79.1152,79.3376,448,19149,0.797377,0.57,2,1392317,1391869,448
97907461,27.023,27.0675,448,19260,0.807475,0.51,2,1392331,1391883,448
97910381,18.2046,19.0135,447,19370,0.809495,0.51,2,1392347,1391900,447
97913301,5.24092,5.4027,447,19480,0.809899,0.69,2,1392349,1391902,447
97916221,217.048,209.881,456,19589,0.88998,0.69,2,1392619,1392163,456
97919141,109.81,41.9761,539,19697,0.905996,0.77,2,1392702,1392163,539
98002361,34,0,522,22612,0.87,1,2,1394681,1394159,522
98005281,31.6,41.6,501,22706,0.79,1,2,1394712,1394211,501
98008201,35.92,33.12,507,22799,0.758,1,2,1394749,1394242,507
98011121,37.584,32.224,513,22892,0.6876,1,1,1394787,1394274,513
98014041,168.317,32.0448,682,22985,0.38552,0.91,1,1394988,1394306,682
98016961,102.463,174.409,558,23077,0.261104,0.91,1,1395074,1394516,558
98019881,48.4927,109.282,500,23169,0.140221,0.91,1,1395109,1394609,500
98022801,33.6985,52.2564,492,23261,0.100044,0.87,1,1395139,1394647,492
98025721,32.3397,37.6513,490,23352,0.0920088,0.77,1,1395171,1394681,490
98028641,32.0679,32.3303,491,23443,0.138402,0.75,1,1395203,1394712,491
98031561,35.2136,36.0661,490,23533,0.17968,0.67,1,1395239,1394749,490
98034481,154.243,37.6132,636,23623,0.171936,0.31,1,1395423,1394787,636
98037401,95.6485,168.323,516,23713,0.234387,0.23,1,1395504,1394988,516
98040321,43.1297,102.465,460,23802,0.214877,0.11,1,1395534,1395074,460
98043241,32.6259,48.4929,455,23891,0.226975,0.09,1,1395564,1395109,455
98046161,33.7252,33.6986,459,23980,0.261395,0.09,1,1395598,1395139,459
98049081,8.34504,32.3397,429,24068,0.268279,0.15,1,1395600,1395171,429
98052001,27.269,32.0679,429,24156,0.349656,0.19,1,1395632,1395203,429
98054921,36.6538,35.2136,432,24244,0.317931,0.17,1,1395671,1395239,432
98057841,152.931,154.243,430,24331,0.359586,0.25,1,1395853,1395423,430
98060761,96.9862,95.6485,432,24418,0.479917,0.21,1,1395936,1395504,432
98063681,45.7972,43.1297,435,24505,0.487983,0.23,1,1395969,1395534,435
98066601,32.3594,32.6259,434,24591,0.505597,0.27,1,1395998,1395564,434
98069521,37.6719,33.7252,439,24677,0.477119,0.27,1,1396037,1395598,439
98072441,9.13438,8.34504,439,24763,0.471424,0.37,1,1396039,1395600,439
98075361,26.6269,27.269,438,24849,0.502285,0.31,1,1396070,1395632,438
98078281,35.7254,36.6538,437,24934,0.524457,0.37,1,1396108,1395671,437
98081201,155.945,152.931,441,25019,0.640891,0.51,1,1396294,1395853,441
98084121,100.789,96.9862,445,25104,0.664178,0.49,1,1396381,1395936,445
98087041,47.3578,45.7972,446,25188,0.716836,0.51,1,1396415,1395969,446
98089961,31.8716,32.3594,445,25272,0.727367,0.47,1,1396443,1395998,445
98092881,37.5743,37.6719,445,25356,0.713473,0.47,1,1396482,1396037,445
98095801,9.11486,9.13438,445,25440,0.710695,0.47,1,1396484,1396039,445
98098721,28.223,1.82688,478,25523,0.710139,0.51,1,1396517,1396039,478
98101641,36.0446,25.1654,485,25606,0.726028,0.53,1,1396555,1396070,485
98104561,161.609,35.4331,640,25689,0.825206,0.67,2,1396748,1396108,640
98107481,101.922,155.887,541,25771,0.861041,0.67,2,1396835,1396294,541
98110401,48.3844,100.777,489,25853,0.852208,0.73,2,1396870,1396381,489
98113321,32.8769,47.3555,484,25935,0.866442,0.73,2,1396899,1396415,484
98116241,37.7754,31.8711,495,26017,0.837288,0.71,2,1396938,1396443,495
98119161,9.15507,37.5742,458,26098,0.831458,0.71,2,1396940,1396482,458
98122081,28.231,9.11484,489,26179,0.846291,0.71,2,1396973,1396484,489
98125001,36.8462,28.223,495,26260,0.833258,0.73,2,1397012,1396517,495
98238881,53,94,522,29241,0.55,1,1,1399236,1398714,522
98241801,32.2,55.6,503,29313,0.502,1,1,1399263,1398760,503
98244721,32.04,39.12,500,29385,0.4284,1,1,1399295,1398795,500
98247641,40.008,31.824,512,29457,0.47768,1,1,1399337,1398825,512
98250561,32.0016,33.5648,508,29529,0.423536,0.93,1,1399367,1398859,508
98253481,16.0003,35.513,484,29601,0.412707,0.96,1,1399379,1398895,484
98256401,28.0001,22.3026,496,29673,0.362541,0.95,1,1399410,1398914,496
98259321,116.8,29.2605,604,29744,0.544508,0.69,1,1399549,1398945,604
98262241,90.56,127.452,536,29815,0.500902,0.61,1,1399633,1399097,536
98265161,19.712,94.2904,452,29886,0.46018,0.55,1,1399635,1399183,452
98268081,43.1424,61.2581,448,29957,0.468036,0.49,1,1399684,1399236,448
98271001,28.6285,33.8516,446,30028,0.517607,0.41,1,1399709,1399263,446
98273921,30.5257,32.3703,445,30098,0.527521,0.49,1,1399740,1399295,445
98276841,38.9051,40.0741,444,30168,0.545504,0.41,1,1399781,1399337,444
98279761,30.181,32.0148,442,30238,0.565101,0.41,1,1399809,1399367,442
98282681,15.6362,16.003,442,30308,0.56902,0.35,1,1399821,1399379,442
98285601,27.9272,28.0006,442,30378,0.553804,0.59,1,1399852,1399410,442
98288521,122.385,116.8,449,30448,0.614761,0.49,1,1399998,1399549,449
98291441,89.2771,90.56,446,30518,0.674952,0.45,1,1400079,1399633,446
98294361,19.4554,19.712,446,30587,0.68699,0.47,1,1400081,1399635,446
98297281,42.2911,43.1424,445,30656,0.689398,0.53,1,1400129,1399684,445
98300201,29.2582,28.6285,446,30725,0.70588,0.53,1,1400155,1399709,446
98303121,32.2516,30.5257,448,30794,0.773176,0.55,2,1400188,1399740,448
98306041,38.4503,38.9051,447,30863,0.786635,0.57,2,1400228,1399781,447
98308961,30.8901,30.181,448,30932,0.837327,0.57,2,1400257,1399809,448
98311881,15.778,15.6362,448,31000,0.815465,0.55,2,1400269,1399821,448
98314801,28.7556,27.9272,449,31068,0.827093,0.63,2,1400301,1399852,449
98317721,124.151,122.385,451,31136,0.861419,0.69,2,1400449,1399998,451
98320641,92.0302,89.2771,454,31204,0.916284,0.69,2,1400533,1400079,454
98323561,20.006,19.4554,454,31272,0.895257,0.69,2,1400535,1400081,454
98431601,37,35,488,33685,0.83,1,2,1402163,1401675,488
98434521,33,19.8,504,33748,0.814,1,2,1402195,1401691,504
98437441,21,31.16,488,33811,0.8748,1,2,1402213,1401725,488
98440361,112.2,119.832,481,33874,0.74296,1,1,1402348,1401867,481
98443281,83.24,87.9664,477,33936,0.588592,1,1,1402424,1401947,477
98446201,40.648,42.3933,476,33998,0.541718,0.96,1,1402454,1401978,476
98449121,36.9296,35.6787,478,34060,0.564344,0.97,1,1402490,1402012,478
98452041,26.5859,32.7357,470,34122,0.536869,0.97,1,1402514,1402044,470
98454961,32.5172,36.1471,467,34184,0.499374,0.92,1,1402548,1402081,467
98457881,28.1034,30.4294,465,34246,0.555875,0.92,1,1402575,1402110,465
98460801,18.4207,6.08589,481,34308,0.535175,0.89,1,1402591,1402110,481
98463721,30.0841,14.0172,498,34370,0.595035,0.83,1,1402624,1402126,498
98466641,30.8168,32.4034,492,34432,0.607007,0.81,1,1402655,1402163,492
98469561,18.9634,32.0807,476,34493,0.609401,0.89,1,1402671,1402195,476
98472481,106.993,20.8161,587,34554,0.70588,0.71,1,1402800,1402213,587
98475401,75.7985,112.163,520,34615,0.741176,0.55,1,1402868,1402348,520
98478321,40.7597,83.2326,476,34676,0.684235,0.53,1,1402900,1402424,476
98481241,39.3519,40.6465,485,34737,0.736847,0.57,1,1402939,1402454,485
98484161,23.8704,36.9293,469,34798,0.747369,0.53,1,1402959,1402490,469
98487081,32.7741,26.5859,480,34859,0.733474,0.49,1,1402994,1402514,480
98490001,28.9548,32.5172,474,34920,0.778695,0.57,2,1403022,1402548,474
98492921,18.591,28.1034,463,34981,0.787739,0.53,2,1403038,1402575,463
98495841,34.1182,18.4207,485,35041,0.773548,0.61,2,1403076,1402591,485
98498761,30.8236,30.0841,482,35101,0.80271,0.61,2,1403106,1402624,482
98501681,20.5647,30.8168,469,35161,0.824542,0.61,2,1403124,1402655,469
98504601,108.913,18.9634,584,35221,0.780908,0.73,2,1403255,1402671,584
98507521,76.9826,106.993,524,35281,0.820182,0.75,2,1403324,1402800,524
98510441,41.7965,75.7985,489,35341,0.828036,0.67,2,1403357,1402868,489
98513361,40.3593,40.7597,497,35401,0.877607,0.75,2,1403397,1402900,497
98516281,24.0719,39.3519,478,35461,0.887522,0.75,2,1403417,1402939,478
98519201,33.6144,23.8704,494,35521,0.905504,0.73,2,1403453,1402959,494
98522121,29.9229,32.7741,488,35581,0.925101,0.79,2,1403482,1402994,488
98525041,18.7846,28.9548,476,35640,0.92902,0.79,2,1403498,1403022,476
98527961,5.35691,18.591,462,35699,0.929804,0.77,2,1403500,1403038,462
98679801,7,21,516,38658,0.85,1,2,1405530,1405014,516
98682721,61.4,94.6,478,38713,0.706,1,1,1405605,1405127,478
98685641,82.68,86.92,481,38768,0.5812,1,1,1405693,1405212,481
98688561,36.536,41.384,476,38822,0.46024,1,1,1405718,1405242,476
98691481,36.1072,32.2768,482,38876,0.468048,1,1,1405754,1405272,482
98694401,32.0214,36.8554,475,38930,0.38961,1,1,1405785,1405310,475
98697321,31.2043,35.3711,471,38984,0.357922,1,1,1405816,1405345,471
98700241,31.0409,34.2742,468,39038,0.319584,1,1,1405847,1405379,468
98703161,28.6082,27.6548,470,39092,0.311917,1,1,1405875,1405405,470
98706081,28.1216,32.731,464,39146,0.342383,0.97,1,1405903,1405439,464
98709001,31.2243,32.9462,463,39200,0.332477,0.93,1,1405935,1405472,463
98711921,25.4449,26.5892,462,39254,0.330495,0.87,1,1405959,1405497,462
98714841,25.089,26.1178,461,39308,0.346099,0.85,1,1405984,1405523,461
98717761,9.81779,10.8236,460,39362,0.31722,0.67,1,1405990,1405530,460
98720681,57.1636,62.1647,454,39416,0.311444,0.55,1,1406059,1405605,454
98723601,75.4327,82.8329,446,39470,0.390289,0.43,1,1406139,1405693,446
98726521,35.0865,36.5666,446,39524,0.454058,0.47,1,1406164,1405718,446
98729441,31.8173,36.1133,441,39577,0.418812,0.37,1,1406195,1405754,441
98732361,28.7635,32.0227,438,39630,0.427762,0.35,1,1406223,1405785,438
98735281,30.5527,31.2045,438,39683,0.493552,0.31,1,1406254,1405816,438
98738201,29.3105,31.0409,436,39736,0.49071,0.31,1,1406283,1405847,436
98741121,27.4621,28.6082,435,39789,0.538142,0.35,1,1406310,1405875,435
98744041,29.4924,28.1216,437,39842,0.499628,0.33,1,1406340,1405903,437
98746961,30.6985,31.2243,436,39895,0.539926,0.33,1,1406371,1405935,436
98749881,25.3397,25.4449,436,39948,0.579985,0.35,1,1406395,1405959,436
98752801,25.8679,25.089,437,40001,0.571997,0.31,1,1406421,1405984,437
98755721,9.97359,9.81779,437,40054,0.570399,0.31,1,1406427,1405990,437
98758641,57.1947,57.1636,437,40107,0.63408,0.31,1,1406496,1406059,437
98761561,78.6389,11.4327,521,40160,0.678816,0.41,1,1406580,1406059,521
98764481,36.5278,66.2865,467,40213,0.703763,0.47,1,1406606,1406139,467
98767401,32.1056,33.2573,473,40266,0.724753,0.41,1,1406637,1406164,473
98770321,31.2211,31.4515,473,40318,0.760951,0.43,2,1406668,1406195,473
98773241,30.2442,28.6903,475,40370,0.73619,0.51,1,1406698,1406223,475
98776161,30.0488,30.5381,474,40422,0.731238,0.49,1,1406728,1406254,474
98779081,26.8098,29.3076,471,40474,0.746248,0.55,1,1406754,1406283,471
98782001,30.162,27.4615,475,40526,0.733249,0.49,1,1406785,1406310,475
98784921,33.2324,29.4923,479,40578,0.76265,0.55,2,1406819,1406340,479
98787841,25.8465,30.6985,472,40630,0.78453,0.59,2,1406843,1406371,472
98790761,25.1693,25.3397,473,40682,0.804906,0.57,2,1406868,1406395,473
98793681,9.83386,25.8679,453,40734,0.808981,0.57,2,1406874,1406421,453
98796601,61.1668,9.97359,521,40786,0.841796,0.65,2,1406948,1406427,521
98799521,81.8334,57.1947,539,40838,0.864359,0.69,2,1407035,1406496,539
98802441,37.9667,78.6389,482,40890,0.868872,0.71,2,1407062,1406580,482
98805361,33.1933,36.5278,488,40942,0.869774,0.73,2,1407094,1406606,488
98808281,31.4387,32.1056,488,40994,0.853955,0.77,2,1407125,1406637,488
98811201,30.2877,31.2211,487,41045,0.850791,0.73,2,1407155,1406668,487
98814121,30.0575,30.2442,487,41096,0.866158,0.73,2,1407185,1406698,487
98817041,27.6115,30.0488,484,41147,0.869232,0.75,2,1407212,1406728,484
98819961,29.5223,26.8098,488,41198,0.869846,0.73,2,1407242,1406754,488
98822881,34.7045,30.162,493,41249,0.901969,0.77,2,1407278,1406785,493
98825801,26.9409,33.2324,484,41300,0.924394,0.79,2,1407303,1406819,484
98828721,26.1882,25.8465,486,41351,0.944879,0.81,2,1407329,1406843,486
99022901,499,565,470,20440,0.05,0.67,1,1409610,1409140,470
99025821,161.4,162.6,485,20544,0.05,0.49,1,1409687,1409202,485
99028741,77.88,94.92,464,20647,0.05,0.17,1,1409744,1409280,464
99031661,100.376,99.784,469,20750,0.034,0,1,1409850,1409381,469
99034581,91.2752,99.1568,459,20852,0.0148,0.05,1,1409939,1409480,459
99037501,56.655,64.6314,451,20954,0.01096,0.03,1,1409987,1409536,451
99040421,31.331,52.1263,427,21055,0.010192,0.05,1,1410012,1409585,427
99043341,21.4662,18.4253,436,21156,0.0420384,0.05,1,1410031,1409595,436
99046261,67.4932,77.285,423,21256,0.0644077,0.05,1,1410110,1409687,423
99049181,60.6986,61.057,425,21356,0.0688815,0.03,1,1410169,1409744,425
99052101,96.1397,97.0114,424,21455,0.0697763,0.01,1,1410274,1409850,424
99055021,89.6279,90.6023,423,21554,0.0539553,0.01,1,1410362,1409939,423
99057941,55.5256,56.5205,422,21652,0.0987911,0.01,1,1410409,1409987,422
99060861,31.9051,31.3041,423,21750,0.0437582,0.05,1,1410435,1410012,423
99063781,20.781,21.4608,422,21848,0.0167516,0.07,1,1410453,1410031,422
99066701,68.1562,67.4922,423,21945,0.0753503,0.07,1,1410533,1410110,423
99069621,64.0312,60.6984,427,22042,0.11907,0.07,1,1410596,1410169,427
99072541,93.6063,96.1397,423,22138,0.159814,0.05,1,1410697,1410274,423
99075461,89.9213,89.6279,424,22234,0.0399628,0.11,1,1410786,1410362,424
99078381,54.7842,55.5256,423,22329,0.0479926,0.03,1,1410832,1410409,423
99081301,30.9568,31.9051,422,22424,0.0815985,0.01,1,1410857,1410435,422
99084221,21.3914,20.781,423,22519,0.0723197,0.01,1,1410876,1410453,423
99087141,69.8783,4.1562,505,22613,0.0704639,0.09,1,1410958,1410453,505
99090061,64.3757,64.8312,488,22707,0.0700928,0.13,1,1411021,1410533,488
99092981,96.8751,63.3662,530,22800,0.134019,0.17,1,1411126,1410596,530
99095901,84.175,93.4733,510,22893,0.178804,0.01,1,1411207,1410697,510
99098821,56.035,89.8947,470,22986,0.187761,0.05,1,1411256,1410786,470
99101741,30.407,54.7789,448,23078,0.221552,0.09,1,1411280,1410832,448
99104661,20.4814,30.9558,441,23170,0.22831,0.07,1,1411298,1410857,441
99107581,71.2963,21.3912,506,23261,0.245662,0.07,1,1411382,1410876,506
99110501,64.6593,69.8782,487,23352,0.313132,0.07,1,1411445,1410958,487
99113421,100.932,64.3756,534,23443,0.374627,0.15,1,1411555,1411021,534
99116341,85.7864,96.8751,511,23533,0.322925,0.19,1,1411637,1411126,511
99119261,57.9573,84.175,481,23623,0.328585,0.19,1,1411688,1411207,481
99122181,30.7915,56.035,456,23713,0.297717,0.23,1,1411712,1411256,456
99125101,20.5583,30.407,450,23802,0.307543,0.23,1,1411730,1411280,450
99128021,72.1117,20.4814,517,23891,0.325509,0.25,1,1411815,1411298,517
99130941,68.0223,71.2963,500,23980,0.377102,0.33,1,1411882,1411382,500
99133861,15.2045,64.6593,439,24068,0.38742,0.39,1,1411884,1411445,439
99136781,91.0409,100.932,439,24156,0.437484,0.31,1,1411994,1411555,439
99139701,82.2082,85.7864,437,24244,0.495497,0.33,1,1412074,1411637,437
99142621,56.4416,57.9573,436,24331,0.523099,0.29,1,1412124,1411688,436
99145541,31.2883,30.7915,437,24418,0.51262,0.31,1,1412149,1411712,437
99148461,20.6577,20.5583,437,24505,0.526524,0.33,1,1412167,1411730,437
99151381,72.9315,72.1117,438,24591,0.609305,0.39,1,1412253,1411815,438
99154301,70.5863,68.0223,441,24677,0.689861,0.39,1,1412323,1411882,441
99157221,15.7173,15.2045,441,24763,0.705972,0.45,1,1412325,1411884,441
99160141,91.9435,91.0409,442,24849,0.741194,0.51,1,1412436,1411994,442
99163061,84.7887,82.2082,445,24934,0.748239,0.53,1,1412519,1412074,445
99165981,57.7577,56.4416,446,25019,0.797648,0.51,2,1412570,1412124,446
99168901,32.3515,31.2883,447,25104,0.77553,0.53,2,1412596,1412149,447
99171821,23.2703,20.6577,450,25188,0.819106,0.63,2,1412617,1412167,450
99174741,75.8541,72.9315,453,25272,0.827821,0.71,2,1412706,1412253,453
99177661,72.7708,70.5863,455,25356,0.813564,0.71,2,1412778,1412323,455
99180581,16.1542,15.7173,455,25440,0.810713,0.71,2,1412780,1412325,455
99183501,92.8308,3.14345,567,25523,0.810143,0.75,2,1412892,1412325,567
99186421,86.5662,89.4287,541,25606,0.922028,0.75,2,1412977,1412436,541
99297381,38,30,530,28580,0.65,1,1,1415017,1414487,530
99300301,58,31.6,561,28654,0.602,1,1,1415080,1414519,561
99303221,62.8,67.12,549,28728,0.5444,1,1,1415144,1414595,549
99306141,51.76,77.424,518,28802,0.51688,1,1,1415193,1414675,518
99309061,63.952,41.8848,552,28876,0.511376,1,1,1415260,1414708,552
99311981,90.3904,73.977,567,28949,0.366275,1,1,1415357,1414790,567
99314901,47.6781,93.9954,505,29022,0.401255,1,1,1415394,1414889,505
99317821,27.9356,45.9991,494,29095,0.376251,0.88,1,1415417,1414923,494
99320741,27.9871,30.7998,495,29168,0.40325,0.79,1,1415445,1414950,495
99323661,33.5974,29.36,501,29241,0.42465,0.65,1,1415480,1414979,501
99326581,49.1195,36.272,516,29313,0.41293,0.59,1,1415533,1415017,516
99329501,57.8239,57.6544,513,29385,0.410586,0.53,1,1415593,1415080,513
99332421,48.3648,62.7309,495,29457,0.378117,0.51,1,1415639,1415144,495
99335341,61.673,51.7462,511,29529,0.403623,0.51,1,1415704,1415193,511
99338261,89.1346,63.9492,540,29601,0.440725,0.33,1,1415800,1415260,540
99341181,45.0269,90.3898,477,29673,0.480145,0.41,1,1415834,1415357,477
99344101,26.6054,47.678,462,29744,0.488029,0.37,1,1415856,1415394,462
99347021,30.1211,27.9356,470,29815,0.441606,0.41,1,1415887,1415417,470
99349941,7.62422,27.9871,444,29886,0.464321,0.43,1,1415889,1415445,444
99352861,28.7248,33.5974,443,29957,0.516864,0.41,1,1415923,1415480,443
99355781,47.345,49.1195,442,30028,0.559373,0.41,1,1415975,1415533,442
99358701,57.469,57.8239,442,30098,0.567875,0.37,1,1416035,1415593,442
99361621,46.6938,48.3648,440,30168,0.617575,0.41,1,1416079,1415639,440
99364541,62.9388,61.673,442,30238,0.675515,0.45,1,1416146,1415704,442
99367461,89.3878,89.1346,442,30308,0.735103,0.49,1,1416242,1415800,442
99370381,48.2775,45.0269,446,30378,0.763021,0.49,2,1416280,1415834,446
99373301,27.2555,26.6054,446,30448,0.784604,0.43,2,1416302,1415856,446
99376221,29.4511,30.1211,445,30518,0.756921,0.47,2,1416332,1415887,445
99379141,7.49022,7.62422,445,30587,0.751384,0.53,2,1416334,1415889,445
99382061,30.298,28.7248,447,30656,0.766277,0.57,2,1416370,1415923,447
99384981,48.4596,47.345,448,30725,0.817255,0.57,2,1416423,1415975,448
99387901,57.6919,57.469,448,30794,0.843451,0.63,2,1416483,1416035,448
99390821,49.9384,46.6938,452,30863,0.84869,0.69,2,1416531,1416079,452
99393741,65.1877,62.9388,454,30932,0.881738,0.75,2,1416600,1416146,454
99396661,92.2375,89.3878,457,31000,0.904348,0.77,2,1416699,1416242,457
99399581,50.4475,48.2775,459,31068,0.876869,0.79,2,1416739,1416280,459
99402501,27.6895,27.2555,459,31136,0.871374,0.75,2,1416761,1416302,459
99405421,29.5379,29.4511,459,31204,0.838275,0.75,2,1416791,1416332,459
99408341,7.50758,7.49022,459,31272,0.831655,0.77,2,1416793,1416334,459
99411261,30.3015,30.298,459,31340,0.862331,0.77,2,1416829,1416370,459
99414181,50.0603,6.05961,514,31408,0.852466,0.83,2,1416884,1416370,514
99574781,133,223,488,15606,0.21,0.53,1,1419583,1419095,488
99577701,90.6,115,480,15742,0.242,0.35,1,1419663,1419183,480
99580621,66.92,94.2,452,15877,0.2644,0.39,1,1419724,1419272,452
99583541,34.184,42.04,449,16011,0.26888,0.27,1,1419750,1419301,449
99586461,112.437,127.608,432,16144,0.317776,0.21,1,1419882,1419450,432
99589381,128.887,131.922,432,16276,0.439555,0.25,1,1420015,1419583,432
99592301,91.3775,90.3843,434,16406,0.495911,0.27,1,1420097,1419663,434
99595221,67.8755,66.8769,435,16535,0.587182,0.27,1,1420159,1419724,435
99598141,34.3751,34.1754,435,16663,0.605436,0.27,1,1420185,1419750,435
99601061,114.875,6.83507,570,16790,0.577087,0.33,1,1420320,1419750,570
99603981,132.575,106.967,575,16916,0.635417,0.47,1,1420457,1419882,575
99606901,95.315,127.793,528,17042,0.663083,0.51,1,1420543,1420015,528
99609821,71.063,91.1587,511,17167,0.700617,0.61,1,1420608,1420097,511
99612741,35.0126,67.8317,475,17291,0.708123,0.61,1,1420634,1420159,475
99615661,115.003,34.3663,584,17414,0.693625,0.57,1,1420769,1420185,584
99618581,135.801,114.873,590,17536,0.770725,0.65,2,1420910,1420320,590
99621501,96.7601,132.575,540,17657,0.802145,0.67,2,1420997,1420457,540
99624421,72.952,95.3149,521,17777,0.840429,0.71,2,1421064,1420543,521
99627341,35.3904,71.063,482,17896,0.848086,0.71,2,1421090,1420608,482
99630261,114.278,35.0126,590,18015,0.897617,0.69,2,1421224,1420634,590
99633181,24.4556,115.003,457,18133,0.907523,0.79,2,1421226,1420769,457
99697421,39,76,512,20552,0.57,1,1,1422988,1422476,512
99700341,107,40,605,20655,0.458,1,1,1423112,1422507,605
99703261,47.8,120.8,497,20758,0.4356,1,1,1423145,1422648,497
99706181,102.36,47.36,584,20860,0.33512,1,1,1423261,1422677,584
99709101,82.872,99.072,550,20962,0.411024,0.76,1,1423339,1422789,550
99712021,18.1744,91.0144,463,21063,0.394205,0.71,1,1423341,1422878,463
99714941,58.0349,75.0029,460,21164,0.438841,0.57,1,1423409,1422949,460
99717861,38.007,46.2006,454,21264,0.463768,0.43,1,1423442,1422988,454
99720781,98.0014,108.44,443,21364,0.516754,0.43,1,1423555,1423112,443
99723701,44.4003,48.088,441,21463,0.543351,0.31,1,1423586,1423145,441
99726621,100.88,102.418,440,21562,0.56467,0.43,1,1423701,1423261,440
99729541,83.376,82.8835,441,21660,0.584934,0.39,1,1423780,1423339,441
99732461,18.2752,18.1767,441,21758,0.588987,0.45,1,1423782,1423341,441
99735381,60.455,58.0353,444,21855,0.605797,0.47,1,1423853,1423409,444
99738301,37.691,38.0071,443,21952,0.641159,0.53,1,1423885,1423442,443
99741221,100.338,98.0014,446,22049,0.712232,0.55,1,1424001,1423555,446
99744141,45.6676,44.4003,447,22145,0.742446,0.57,1,1424033,1423586,447
99747061,101.934,100.88,448,22241,0.780489,0.59,2,1424149,1423701,448
99749981,84.3867,83.376,449,22336,0.740098,0.59,1,1424229,1423780,449
99752901,18.4773,18.2752,449,22431,0.76402,0.61,2,1424231,1423782,449
99755821,63.6955,60.455,453,22526,0.768804,0.61,2,1424306,1423853,453
99758741,38.3391,12.091,485,22620,0.737761,0.65,1,1424338,1423853,485
99761661,102.068,28.0182,571,22714,0.779552,0.73,2,1424456,1423885,571
99764581,46.8136,98.4036,488,22807,0.80391,0.75,2,1424489,1424001,488
99767501,104.563,45.2807,575,22900,0.824782,0.79,2,1424608,1424033,575
99770421,83.3125,101.856,537,22993,0.860956,0.73,2,1424686,1424149,537
99773341,18.2625,84.3712,459,23085,0.868191,0.77,2,1424688,1424229,459
99863861,36,90,508,25778,0.33,1,1,1426624,1426116,508
99866781,52.8,44.4,532,25860,0.282,1,1,1426681,1426149,532
99869701,37.76,55.28,508,25942,0.1764,1,1,1426715,1426207,508
99872621,98.752,38.256,588,26024,0.05928,1,1,1426829,1426241,588
99875541,46.9504,97.2512,510,26105,0.035856,1,1,1426863,1426353,510
99878461,33.3901,46.6502,506,26186,0.0471712,1,1,1426893,1426387,506
99881381,65.078,38.13,543,26267,0.0174342,0.74,1,1426966,1426423,543
99884301,64.2156,72.426,526,26348,0.0754869,0.39,1,1427030,1426504,526
99887221,40.8431,81.6852,477,26428,0.0870974,0.33,1,1427065,1426588,477
99890141,46.5686,45.137,489,26508,0.0894195,0.27,1,1427113,1426624,489
99893061,29.3137,54.6274,457,26588,0.121884,0.15,1,1427138,1426681,457
99895981,96.2627,38.1255,536,26668,0.0803768,0.03,1,1427251,1426715,536
99898901,45.6525,98.8251,455,26747,0.0400754,0.03,1,1427284,1426829,455
99901821,34.7305,46.965,453,26826,0.0640151,0.05,1,1427316,1426863,453
99904741,64.5461,33.393,495,26905,0.116803,0.01,1,1427388,1426893,495
99907661,14.5092,65.0786,424,26984,0.0953606,0.09,1,1427390,1426966,424
99910581,55.7018,64.2157,426,27062,0.155072,0.09,1,1427456,1427030,426
99913501,38.3404,40.8431,425,27140,0.151014,0.09,1,1427490,1427065,425
99916421,47.6681,46.5686,427,27218,0.198203,0.13,1,1427540,1427113,427
99919341,29.5336,29.3137,427,27296,0.271641,0.07,1,1427565,1427138,427
99922261,94.7067,96.2627,425,27374,0.142328,0.03,1,1427676,1427251,425
99925181,45.3413,45.6525,425,27451,0.0684656,0.07,1,1427709,1427284,425
99928101,35.4683,34.7305,426,27528,0.0376931,0.13,1,1427742,1427316,426
99931021,66.2937,64.5461,428,27605,0.0795386,0.09,1,1427816,1427388,428
99933941,14.8587,14.5092,428,27682,0.0879077,0.17,1,1427818,1427390,428
99936861,58.1717,55.7018,431,27759,0.137582,0.15,1,1427887,1427456,431
99939781,37.2343,38.3404,429,27835,0.179516,0.21,1,1427919,1427490,429
99942701,49.8469,47.6681,432,27911,0.187903,0.29,1,1427972,1427540,432
99945621,31.5694,29.5336,434,27987,0.173581,0.11,1,1427999,1427565,434
99948541,87.9139,94.7067,425,28063,0.218716,0.05,1,1428101,1427676,425
99951461,41.5828,45.3413,422,28138,0.227743,0.03,1,1428131,1427709,422
99954381,35.5166,35.4683,423,28213,0.197549,0.09,1,1428165,1427742,423
99957301,67.1033,66.2937,424,28288,0.23951,0.09,1,1428240,1427816,424
99960221,15.0207,14.8587,424,28363,0.215902,0.09,1,1428242,1427818,424
99963141,60.6041,2.97175,496,28438,0.25918,0.15,1,1428314,1427818,496
99966061,38.5208,55.7943,460,28512,0.251836,0.19,1,1428347,1427887,460
99968981,50.1042,36.7589,481,28586,0.266367,0.19,1,1428400,1427919,481
99971901,33.2208,49.7518,457,28660,0.253273,0.17,1,1428429,1427972,457
99974821,88.2442,31.5504,532,28734,0.330655,0.23,1,1428531,1427999,532
99977741,41.6488,87.9101,460,28808,0.362131,0.23,1,1428561,1428101,460
99980661,35.5298,41.582,464,28881,0.368426,0.19,1,1428595,1428131,464
99983581,67.906,35.5164,506,28954,0.369685,0.25,1,1428671,1428165,506
99986501,15.1812,67.1033,433,29027,0.369937,0.21,1,1428673,1428240,433
99989421,61.4362,15.0207,504,29100,0.393987,0.27,1,1428746,1428242,504
99992341,39.4872,60.6041,466,29173,0.390797,0.25,1,1428780,1428314,466
99995261,51.0974,38.5208,487,29246,0.454159,0.27,1,1428834,1428347,487
99998181,33.4195,50.1042,463,29318,0.498832,0.25,1,1428863,1428400,463
100001101,91.4839,33.2208,540,29390,0.555766,0.35,1,1428969,1428429,540
100004021,43.0968,88.2442,469,29462,0.599153,0.37,1,1429000,1428531,469
100006941,35.8194,41.6488,473,29534,0.607831,0.37,1,1429034,1428561,473
100009861,67.9639,35.5298,515,29606,0.625566,0.37,1,1429110,1428595,515
100012781,15.1928,67.906,441,29677,0.629113,0.37,1,1429112,1428671,441
100015701,62.2386,15.1812,513,29748,0.645823,0.4,1,1429186,1428673,513
100018621,39.6477,61.4362,474,29819,0.649164,0.39,1,1429220,1428746,474
100021541,9.52954,39.4872,442,29890,0.649833,0.47,1,1429222,1428780,442
100024461,47.5059,51.0974,445,29961,0.649967,0.51,1,1429279,1428834,445
100027381,34.3012,33.4195,447,30032,0.681993,0.57,1,1429310,1428863,447
100030301,94.0602,91.4839,450,30102,0.736399,0.61,1,1429419,1428969,450
100033221,45.212,43.0968,452,30172,0.81128,0.61,2,1429452,1429000,452
100036141,36.2424,35.8194,452,30242,0.810256,0.63,2,1429486,1429034,452
100039061,68.8485,67.9639,453,30312,0.826051,0.63,2,1429563,1429110,453
100041981,15.3697,15.1928,453,30382,0.86121,0.65,2,1429565,1429112,453
100044901,63.0739,62.2386,454,30452,0.852242,0.65,2,1429640,1429186,454
100047821,39.8148,39.6477,454,30521,0.882448,0.65,2,1429674,1429220,454
100050741,9.56296,9.52954,454,30590,0.85649,0.65,2,1429676,1429222,454
100053661,47.5126,47.5059,454,30659,0.899298,0.69,2,1429733,1429279,454
100056581,35.9025,34.3012,456,30728,0.92386,0.75,2,1429766,1429310,456
100199661,42,34,489,33938,0.71,1,1,1432063,1431574,489
100202581,30,26.8,491,34000,0.63,1,1,1432090,1431599,491
100205501,26.8,26.96,490,34062,0.63,1,1,1432116,1431626,490
100208421,35.76,37.392,488,34124,0.518,1,1,1432154,1431666,488
100211341,36.752,36.2784,489,34186,0.3356,1,1,1432191,1431702,489
100214261,78.5504,77.6557,490,34248,0.10712,1,1,1432280,1431790,490
100217181,32.5101,15.5311,511,34310,0.029424,1,1,1432301,1431790,511
100220101,34.502,32.7062,509,34372,0.0138848,1,1,1432336,1431827,509
100223021,54.9004,41.7412,525,34434,0.026777,0.89,1,1432396,1431871,525
100225941,46.1801,51.5482,515,34495,0.0293554,0.95,1,1432440,1431925,515
100228861,42.836,47.9097,510,34556,0.0298711,0.83,1,1432482,1431972,510
100231781,41.3672,48.7819,502,34617,0.0139742,0.71,1,1432523,1432021,502
100234701,24.2734,43.3564,480,34678,0.0267948,0.61,1,1432543,1432063,480
100237621,21.6547,30.2713,474,34739,0.045359,0.63,1,1432564,1432090,474
100240541,30.7309,26.8543,481,34800,0.0650718,0.49,1,1432597,1432116,481
100243461,30.9462,35.7709,474,34861,0.0530144,0.29,1,1432628,1432154,474
100246381,64.5892,36.7542,510,34922,0.0346029,0.05,1,1432701,1432191,510
100249301,29.7178,78.5508,442,34983,0.0149206,0.01,1,1432722,1432280,442
100252221,33.9436,32.5102,456,35043,0.0269841,0.01,1,1432757,1432301,456
100255141,54.7887,34.502,481,35103,0.0613968,0.03,1,1432817,1432336,481
100258061,46.1577,54.9004,465,35163,0.0362794,0.03,1,1432861,1432396,465
100260981,42.8316,46.1801,463,35223,0.0632559,0.03,1,1432903,1432440,463
100263901,42.1663,42.836,463,35283,0.0366512,0.01,1,1432945,1432482,463
100266821,24.4333,41.3672,442,35343,0.0313302,0.03,1,1432965,1432523,442
100269741,21.6867,24.2734,443,35403,0.030266,0.05,1,1432986,1432543,443
100272661,30.7373,21.6547,455,35463,0.0460532,0.07,1,1433019,1432564,455
100275581,32.5475,30.7309,455,35523,0.0812106,0.05,1,1433052,1432597,455
100278501,64.1095,30.9462,496,35583,0.120242,0.03,1,1433124,1432628,496
100281421,28.8219,64.5892,443,35642,0.0960484,0.01,1,1433144,1432701,443
100284341,7.36438,29.7178,424,35701,0.0912097,0.03,1,1433146,1432722,424
100287261,29.4729,33.9436,424,35760,0.0422419,0.07,1,1433181,1432757,424
100290181,53.8946,54.7887,424,35819,0.0804484,0.03,1,1433241,1432817,424
100293101,45.1789,46.1577,423,35878,0.0880897,0.07,1,1433284,1432861,423
100296021,44.2358,42.8316,425,35937,0.0256179,0.03,1,1433328,1432903,425
100298941,41.6472,42.1663,424,35996,0.0451236,0.03,1,1433369,1432945,424
100301861,23.5294,24.4333,423,36055,0.0330247,0.03,1,1433388,1432965,423
100304781,20.7059,21.6867,422,36114,0.0306049,0.05,1,1433408,1432986,422
100307701,32.1412,30.7373,424,36173,0.030121,0.09,1,1433443,1433019,424
100310621,34.4282,32.5475,426,36231,0.0140242,0.13,1,1433478,1433052,426
100313541,66.0856,64.1095,428,36289,0.0428048,0.09,1,1433552,1433124,428
100316461,26.0171,28.8219,424,36347,0.048561,0.09,1,1433568,1433144,424
100319381,6.80343,7.36438,424,36405,0.0497122,0.03,1,1433570,1433146,424
100322301,27.7607,29.4729,422,36463,0.0339424,0.09,1,1433603,1433181,422
100325221,55.1521,53.8946,424,36521,0.0307885,0.09,1,1433665,1433241,424
100328141,43.8304,45.1789,422,36579,0.0301577,0.01,1,1433706,1433284,422
100331061,43.9661,44.2358,422,36637,0.0460315,0.05,1,1433750,1433328,422
100333981,43.1932,41.6472,424,36695,0.0172063,0.03,1,1433793,1433369,424
100336901,23.0386,23.5294,423,36753,0.0594413,0.03,1,1433811,1433388,423
100339821,19.8077,20.7059,422,36810,0.0518882,0.03,1,1433830,1433408,422
100342741,32.7615,32.1412,423,36867,0.0343776,0.01,1,1433866,1433443,423
100345661,33.7523,34.4282,422,36924,0.0628755,0.05,1,1433900,1433478,422
100348581,67.5505,66.0856,424,36981,0.0845751,0.05,1,1433976,1433552,424
100351501,26.3101,26.0171,424,37038,0.088915,0.05,1,1433992,1433568,424
100354421,6.86202,6.80343,424,37095,0.057783,0.03,1,1433994,1433570,424
100357341,26.1724,27.7607,422,37152,0.115557,0.03,1,1434025,1433603,422
100360261,54.8345,5.55214,484,37209,0.0471113,0.03,1,1434087,1433603,484
100363181,42.9669,50.7104,462,37266,0.0334223,0.03,1,1434127,1433665,462
100366101,44.5934,42.9421,466,37323,0.0946845,0.05,1,1434172,1433706,466
100369021,42.5187,43.7884,464,37380,0.0909369,0.01,1,1434214,1433750,464
100371941,23.7037,43.1577,440,37437,0.122187,0.07,1,1434233,1433793,440
100374861,19.1407,23.0315,440,37493,0.128437,0.05,1,1434251,1433811,440
100377781,33.4281,19.8063,458,37549,0.129688,0.03,1,1434288,1433830,458
100380701,33.8856,32.7613,456,37605,0.129937,0.07,1,1434322,1433866,456
100383621,68.3771,33.7523,499,37661,0.129988,0.09,1,1434399,1433900,499
100386541,27.2754,67.5504,440,37717,0.161998,0.09,1,1434416,1433976,440
100389461,7.05508,26.3101,426,37773,0.1684,0.05,1,1434418,1433992,426
100392381,27.811,6.86202,457,37829,0.16968,0.13,1,1434451,1433994,457
100395301,51.9622,26.1724,484,37885,0.169936,0.03,1,1434509,1434025,484
100398221,43.9924,54.8345,464,37941,0.169987,0.03,1,1434551,1434087,464
100401141,44.7985,42.9669,469,37997,0.201997,0.11,1,1434596,1434127,469
100404061,43.3597,44.5934,467,38053,0.240399,0.09,1,1434639,1434172,467
100406981,25.4719,42.5187,446,38109,0.29608,0.13,1,1434660,1434214,446
100409901,19.4944,23.7037,445,38164,0.307216,0.13,1,1434678,1434233,445
100412821,33.4989,19.1407,464,38219,0.293443,0.13,1,1434715,1434251,464
100415741,34.6998,33.4281,462,38274,0.274689,0.13,1,1434750,1434288,462
100418661,68.54,33.8856,505,38329,0.302938,0.13,1,1434827,1434322,505
100421581,28.108,68.3771,446,38384,0.308588,0.17,1,1434845,1434399,446
100424501,7.2216,27.2754,431,38439,0.309718,0.17,1,1434847,1434416,431
100427421,27.8443,7.05508,462,38494,0.341944,0.17,1,1434880,1434418,462
100430341,51.9689,27.811,487,38549,0.380389,0.17,1,1434938,1434451,487
100433261,44.7938,51.9622,472,38604,0.404078,0.17,1,1434981,1434509,472
100436181,10.5588,43.9924,432,38659,0.376816,0.21,1,1434983,1434551,432
100439101,38.1118,44.7985,432,38714,0.435363,0.25,1,1435028,1434596,432
100442021,44.4223,43.3597,435,38769,0.495073,0.31,1,1435074,1434639,435
100444941,27.2845,25.4719,437,38823,0.491015,0.31,1,1435097,1434660,437
100447861,19.8569,19.4944,437,38877,0.538203,0.29,1,1435115,1434678,437
100450781,32.7714,33.4989,436,38931,0.531641,0.27,1,1435151,1434715,436
100453701,35.3543,34.6998,437,38985,0.530328,0.31,1,1435187,1434750,437
100456621,68.6709,68.54,437,39039,0.578066,0.31,1,1435264,1434827,437
100459541,28.9342,28.108,438,39093,0.603613,0.31,1,1435283,1434845,438
100462461,7.38683,7.2216,438,39147,0.608723,0.35,1,1435285,1434847,438
100465381,28.6774,27.8443,439,39201,0.625745,0.39,1,1435319,1434880,439
100468301,53.7355,51.9689,441,39255,0.613149,0.41,1,1435379,1434938,441
100471221,45.1471,44.7938,441,39309,0.62663,0.37,1,1435422,1434981,441
100474141,10.6294,10.5588,441,39363,0.629326,0.45,1,1435424,1434983,441
100477061,40.5259,38.1118,444,39417,0.661865,0.51,1,1435472,1435028,444
100479981,47.3052,44.4223,447,39471,0.716373,0.49,1,1435521,1435074,447
100482901,27.861,27.2845,447,39525,0.743275,0.55,1,1435544,1435097,447
100485821,20.7722,19.8569,448,39578,0.732655,0.53,1,1435563,1435115,448
100488741,32.9544,32.7714,448,39631,0.698531,0.53,1,1435599,1435151,448
100491661,36.1909,35.3543,449,39684,0.739706,0.59,1,1435636,1435187,449
100494581,70.4382,68.6709,451,39737,0.779941,0.61,2,1435715,1435264,451
100497501,28.4876,28.9342,450,39790,0.755988,0.61,2,1435733,1435283,450
100500421,7.29753,7.38683,450,39843,0.751198,0.63,2,1435735,1435285,450
100503341,29.4595,28.6774,451,39896,0.73424,0.61,1,1435770,1435319,451
100506261,54.6919,53.7355,452,39949,0.762848,0.63,2,1435831,1435379,452
100509181,44.5384,45.1471,451,40002,0.78457,0.63,2,1435873,1435422,451
100512101,10.5077,10.6294,451,40055,0.820914,0.67,2,1435875,1435424,451
100515021,42.9015,40.5259,454,40108,0.860183,0.67,2,1435926,1435472,454
100517941,50.1803,8.10518,506,40161,0.836037,0.73,2,1435978,1435472,506
100520861,27.6361,40.821,479,40214,0.831207,0.75,2,1436000,1435521,479
100523781,19.9272,26.5642,474,40267,0.830241,0.73,2,1436018,1435544,474
100526701,33.5854,20.5128,492,40319,0.878048,0.69,2,1436055,1435563,492
100529621,36.3171,32.9026,493,40371,0.90361,0.75,2,1436092,1435599,493
100532541,72.0634,36.1805,537,40423,0.908722,0.79,2,1436173,1435636,537
100535461,28.8127,70.4361,476,40475,0.925744,0.75,2,1436191,1435715,476
100538381,7.36254,28.4872,460,40527,0.929149,0.75,2,1436193,1435733,460
100541301,28.6725,7.29744,492,40579,0.92983,0.73,2,1436227,1435735,492
100544221,56.1345,29.4595,520,40631,0.913966,0.77,2,1436290,1435770,520
100547141,45.6269,54.6919,502,40683,0.942793,0.79,2,1436333,1435831,502
100739861,81,93,497,19925,0.83,0.87,2,1438747,1438250,497
100742781,79.4,69.8,512,20031,0.814,0.89,2,1438826,1438314,512
100745701,56.68,77.96,483,20137,0.8428,0.85,2,1438877,1438394,483
100748621,67.336,53.992,505,20242,0.88056,0.73,2,1438947,1438442,505
100751541,59.0672,57.9984,503,20347,0.904112,0.75,2,1439004,1438501,503
100836221,101,40,578,23180,0.57,1,1,1441042,1440464,578
100839141,63.4,88,532,23271,0.378,1,1,1441096,1440564,532
100842061,93.48,72,565,23362,0.2276,1,1,1441197,1440632,565
100844981,47.496,85.6,512,23453,0.16552,1,1,1441233,1440721,512
100847901,91.8992,55.52,567,23543,0.121104,1,1,1441336,1440769,567
100850821,43.1798,88.704,501,23633,0.0802208,0.95,1,1441367,1440866,501
100853741,37.436,45.7408,502,23723,0.104044,0.82,1,1441403,1440901,502
100856661,74.6872,41.1482,546,23812,0.156809,0.57,1,1441487,1440941,546
100859581,50.1374,89.0296,489,23901,0.135362,0.33,1,1441531,1441042,489
100862501,11.6275,61.0059,437,23990,0.131072,0.19,1,1441533,1441096,437
100865421,75.9255,93.0012,428,24078,0.178214,0.15,1,1441625,1441197,428
100868341,42.3851,47.4002,426,24166,0.187643,0.11,1,1441659,1441233,426
100871261,90.877,91.88,426,24254,0.237529,0.07,1,1441762,1441336,426
100874181,42.1754,43.176,425,24341,0.247506,0.11,1,1441792,1441367,425
100877101,38.8351,37.4352,427,24428,0.217501,0.17,1,1441830,1441403,427
100880021,77.367,74.687,430,24515,0.2915,0.13,1,1441917,1441487,430
100882941,49.8734,50.1374,429,24601,0.3223,0.13,1,1441960,1441531,429
100885861,11.5747,11.6275,429,24687,0.32846,0.19,1,1441962,1441533,429
100888781,77.5149,75.9255,431,24773,0.313692,0.19,1,1442056,1441625,431
100891701,43.503,42.3851,432,24859,0.390738,0.25,1,1442091,1441659,432
100894621,91.1006,90.877,432,24944,0.358148,0.25,1,1442194,1441762,432
100897541,42.2201,42.1754,432,25029,0.39963,0.21,1,1442224,1441792,432
100900461,38.844,38.8351,432,25114,0.391926,0.31,1,1442262,1441830,432
100903381,79.7688,77.367,435,25198,0.502385,0.33,1,1442352,1441917,435
100906301,51.1538,49.8734,436,25282,0.476477,0.33,1,1442396,1441960,436
100909221,11.8308,11.5747,436,25366,0.471295,0.31,1,1442398,1441962,436
100912141,79.1662,77.5149,438,25450,0.518259,0.31,1,1442494,1442056,438
100915061,44.6332,15.503,474,25533,0.527652,0.41,1,1442530,1442056,474
100917981,90.5266,31.1006,541,25616,0.52953,0.35,1,1442632,1442091,541
100920901,42.9053,88.6201,469,25699,0.561906,0.41,1,1442663,1442194,469
100923821,39.7811,41.724,478,25781,0.600381,0.39,1,1442702,1442224,478
100926741,83.9562,38.7448,535,25863,0.656076,0.53,1,1442797,1442262,535
100929661,51.1912,79.749,488,25945,0.651215,0.47,1,1442840,1442352,488
100932581,11.8382,51.1498,446,26027,0.650243,0.47,1,1442842,1442396,446
100935501,79.9676,11.83,541,26108,0.682049,0.53,1,1442939,1442398,541
100938421,46.3935,79.166,483,26189,0.73641,0.53,1,1442977,1442494,483
100941341,91.6787,44.6332,550,26270,0.779282,0.53,2,1443080,1442530,550
100944261,43.9357,90.5266,480,26351,0.835856,0.57,2,1443112,1442632,480
100947181,41.5871,42.9053,490,26431,0.863171,0.61,2,1443153,1442663,490
100950101,86.7174,39.7811,549,26511,0.868634,0.67,2,1443251,1442702,549
100953021,50.9435,83.9562,496,26591,0.885727,0.65,2,1443293,1442797,496
100955941,11.7887,51.1912,455,26671,0.889145,0.65,2,1443295,1442840,455
101084421,60,84,496,29963,0.43,1,1,1445621,1445125,496
101087341,40.8,56.8,482,30034,0.318,1,1,1445657,1445175,482
101090261,41.76,38.56,490,30104,0.2316,1,1,1445699,1445209,490
101093181,53.152,62.912,477,30174,0.07032,1,1,1445755,1445278,477
101096101,53.8304,47.7824,487,30244,0.038064,1,1,1445809,1445322,487
101099021,83.5661,88.7565,479,30314,0.0956128,0.88,1,1445900,1445421,479
101101941,43.1132,48.9513,473,30384,0.0191226,1,1,1445933,1445460,473
101104861,27.8226,34.5903,466,30454,0.0118245,0.87,1,1445957,1445491,466
101107781,31.9645,37.3181,461,30523,0.0583649,0.71,1,1445990,1445529,461
101110701,26.3929,33.0636,454,30592,0.083673,0.43,1,1446015,1445561,454
101113621,43.6786,54.6127,442,30661,0.104735,0.29,1,1446063,1445621,442
101116541,32.7357,39.7225,436,30730,0.124947,0.21,1,1446093,1445657,436
101119461,35.3471,41.5445,430,30799,0.112989,0.03,1,1446129,1445699,430
101122381,45.4694,53.1089,422,30868,0.0785979,0.03,1,1446177,1445755,422
101125301,53.8939,53.8218,424,30937,0.0557196,0.11,1,1446233,1445809,424
101128221,82.7788,83.5644,423,31005,0.0351439,0,1,1446323,1445900,423
101131141,42.9558,43.1129,423,31073,0.0150288,0.01,1,1446356,1445933,423
101134061,26.9911,27.8226,422,31141,0.0110058,0.07,1,1446379,1445957,422
101136981,34.9982,31.9645,426,31209,0.0422012,0.09,1,1446416,1445990,426
101139901,26.9996,26.3929,426,31277,0.0804402,0.09,1,1446441,1446015,426
101142821,43.7999,5.27858,474,31345,0.056088,0.11,1,1446489,1446015,474
101145741,31.96,39.4557,455,31413,0.0352176,0.13,1,1446518,1446063,455
101148661,35.992,31.8911,462,31480,0.0470435,0.11,1,1446555,1446093,462
101151581,41.5984,35.1782,469,31547,0.0654087,0.07,1,1446598,1446129,469
101154501,53.1197,45.4356,477,31614,0.0370817,0.05,1,1446654,1446177,477
101157421,83.4239,53.8871,512,31681,0.0954163,0.03,1,1446745,1446233,512
101160341,42.2848,82.7774,454,31748,0.107083,0.01,1,1446777,1446323,454
101163261,26.857,42.9555,444,31815,0.0934167,0.01,1,1446800,1446356,444
101166181,36.5714,26.9911,460,31881,0.0906833,0.05,1,1446839,1446379,460
101169101,27.3143,34.9982,448,31947,0.106137,0.09,1,1446864,1446416,448
101172021,43.8629,26.9996,471,32013,0.141227,0.05,1,1446912,1446441,471
101174941,31.1726,43.7999,451,32079,0.148245,0.03,1,1446940,1446489,451
101177861,36.6345,31.96,460,32145,0.165649,0.05,1,1446978,1446518,460
101180781,40.9269,35.992,465,32211,0.20113,0.07,1,1447020,1446555,465
101183701,52.1854,41.5984,477,32277,0.192226,0.03,1,1447075,1446598,477
101186621,87.2371,53.1197,517,32343,0.110445,0.11,1,1447171,1446654,517
101189541,42.2474,83.4239,457,32408,0.126089,0.11,1,1447202,1446745,457
101192461,25.2495,42.2848,446,32473,0.161218,0.09,1,1447223,1446777,446
101195381,37.8499,26.857,464,32538,0.200244,0.09,1,1447264,1446800,464
101198301,28.37,36.5714,451,32603,0.208049,0.11,1,1447290,1446839,451
101201221,45.674,27.3143,476,32668,0.24161,0.15,1,1447340,1446864,476
101204141,31.5348,43.8629,456,32733,0.248322,0.15,1,1447368,1446912,456
101207061,7.90696,31.1726,430,32798,0.249664,0.17,1,1447370,1446940,430
101209981,32.7814,36.6345,431,32862,0.265933,0.21,1,1447409,1446978,431
101212901,40.9563,40.9269,432,32926,0.253187,0.19,1,1447452,1447020,432
101215821,51.3913,52.1854,431,32990,0.266637,0.09,1,1447506,1447075,431
101218741,83.8782,87.2371,427,33054,0.285327,0.13,1,1447598,1447171,427
101221661,43.9756,42.2474,430,33118,0.225065,0.17,1,1447632,1447202,430
101224581,25.5951,25.2495,430,33182,0.197013,0.21,1,1447653,1447223,430
101227501,39.519,37.8499,432,33246,0.223403,0.21,1,1447696,1447264,432
101230421,28.7038,28.37,432,33310,0.196681,0.25,1,1447722,1447290,432
101233341,47.3408,45.674,434,33373,0.191336,0.25,1,1447774,1447340,434
101236261,31.8682,31.5348,434,33436,0.190267,0.25,1,1447802,1447368,434
101239181,7.97363,7.90696,434,33499,0.222053,0.27,1,1447804,1447370,434
101242101,33.5947,32.7814,435,33562,0.212411,0.25,1,1447844,1447409,435
101245021,40.3189,40.9563,434,33625,0.290482,0.27,1,1447886,1447452,434
101247941,52.0638,51.3913,435,33688,0.290096,0.29,1,1447941,1447506,435
101250861,83.2128,83.8782,434,33751,0.290019,0.21,1,1448032,1447598,434
101253781,42.2426,43.9756,432,33814,0.274004,0.19,1,1448064,1447632,432
101256701,25.2485,25.5951,432,33877,0.318801,0.23,1,1448085,1447653,432
101259621,38.6497,39.519,431,33939,0.34376,0.19,1,1448127,1447696,431
101262541,28.5299,28.7038,431,34001,0.348752,0.19,1,1448153,1447722,431
101265461,47.306,47.3408,431,34063,0.41375,0.19,1,1448205,1447774,431
101268381,31.8612,31.8682,431,34125,0.41075,0.23,1,1448233,1447802,431
101271301,7.97224,7.97363,431,34187,0.41015,0.21,1,1448235,1447804,431
101274221,34.3944,33.5947,432,34249,0.39403,0.21,1,1448276,1447844,432
101277141,42.0789,6.71894,476,34311,0.390806,0.31,1,1448320,1447844,476
101280061,51.6158,34.9438,488,34373,0.406161,0.29,1,1448374,1447886,488
101282981,83.1232,50.9888,524,34435,0.425232,0.29,1,1448465,1447941,524
101285901,44.6246,82.9978,468,34496,0.429046,0.27,1,1448500,1448032,468
101288821,24.9249,42.1996,456,34557,0.429809,0.33,1,1448520,1448064,456
101291741,39.385,25.2399,478,34618,0.461962,0.35,1,1448563,1448085,478
101294661,29.477,38.648,463,34679,0.500392,0.35,1,1448590,1448127,463
101297581,49.0954,28.5296,491,34740,0.540078,0.43,1,1448644,1448153,491
101300501,32.2191,47.3059,467,34801,0.580016,0.41,1,1448672,1448205,467
101303421,8.04382,31.8612,441,34862,0.588003,0.41,1,1448674,1448233,441
101306341,35.2088,7.97224,481,34923,0.605601,0.39,1,1448716,1448235,481
101309261,42.2418,34.3944,484,34984,0.65712,0.39,1,1448760,1448276,484
101312181,52.4484,42.0789,495,35044,0.715424,0.41,1,1448815,1448320,495
101315101,84.0897,51.6158,533,35104,0.743085,0.43,1,1448907,1448374,533
101318021,44.8179,83.1232,477,35164,0.764617,0.43,2,1448942,1448465,477
101320941,24.9636,44.6246,462,35224,0.768923,0.43,2,1448962,1448500,462
101323861,41.7927,24.9249,488,35284,0.817785,0.47,2,1449008,1448520,488
101326781,30.7585,39.385,473,35344,0.859557,0.51,2,1449036,1448563,473
101329701,52.5517,29.477,504,35404,0.915911,0.55,2,1449094,1448590,504
101332621,32.9103,49.0954,478,35464,0.943182,0.59,2,1449122,1448644,478
101335541,8.18207,32.2191,452,35524,0.948636,0.59,2,1449124,1448672,452
101513661,31,31,493,38986,0.67,1,1,1451533,1451040,493
101516581,33.4,27,501,39040,0.59,1,1,1451567,1451066,501
101519501,34.68,36.6,497,39094,0.494,1,1,1451602,1451105,497
101522421,29.336,28.92,498,39148,0.3468,1,1,1451630,1451132,498
101525341,37.0672,35.384,500,39202,0.18936,1,1,1451669,1451169,500
101528261,62.6134,66.2768,495,39256,0.045872,1,1,1451738,1451243,495
101531181,48.5227,45.2554,500,39310,0.0171744,1,1,1451783,1451283,500
101534101,32.1045,29.8511,502,39364,0.0434349,1,1,1451811,1451309,502
101537021,27.2209,25.9702,503,39418,0.032687,1,1,1451837,1451334,503
101539941,18.2442,34.794,482,39472,0.0945374,1,1,1451853,1451371,482
101542861,24.4488,30.1588,479,39526,0.0429075,0.78,1,1451879,1451400,479
101545781,48.0898,62.0318,463,39579,0.0485815,0.74,1,1451933,1451470,463
101548701,32.818,38.0064,460,39632,0.0177163,0.67,1,1451962,1451502,460
101551621,25.7636,32.4013,453,39685,0.0115433,0.57,1,1451986,1451533,453
101554541,27.5527,33.6803,447,39738,0.0583086,0.47,1,1452014,1451567,447
101557461,29.5105,34.7361,442,39791,0.0516617,0.31,1,1452044,1451602,442
101560381,19.5021,29.3472,431,39844,0.0503323,0.15,1,1452061,1451630,431
101563301,31.9004,37.0694,427,39897,0.0660665,0.01,1,1452096,1451669,427
101566221,60.7801,62.6139,426,39950,0.0212133,0.01,1,1452164,1451738,426
101569141,46.556,48.5228,424,40003,0.0282427,0.05,1,1452207,1451783,424
101572061,30.9112,32.1046,423,40056,0.0296485,0.03,1,1452234,1451811,423
101574981,26.9822,27.2209,423,40109,0.0299297,0.03,1,1452260,1451837,423
101577901,18.9964,5.44418,440,40162,0.0299859,0.11,1,1452277,1451837,440
101580821,22.1993,13.8888,447,40215,0.0619972,0.03,1,1452300,1451853,447
101583741,47.6399,23.5778,475,40268,0.0203994,0.05,1,1452354,1451879,475
101586661,32.728,47.9156,450,40320,0.0760799,0.01,1,1452383,1451933,450
101589581,26.5456,32.7831,446,40372,0.015216,0.01,1,1452408,1451962,446
101592501,27.7091,25.7566,450,40424,0.0590432,0.07,1,1452436,1451986,450
101595421,30.3418,27.5513,453,40476,0.0678086,0.05,1,1452467,1452014,453
101598341,18.0684,29.5103,438,40528,0.0535617,0.05,1,1452482,1452044,438
101601261,31.6137,19.5021,456,40580,0.0507123,0.07,1,1452517,1452061,456
101604181,61.5227,31.9004,490,40632,0.0981425,0.01,1,1452586,1452096,490
101607101,45.9045,60.7801,464,40684,0.0916285,0.03,1,1452628,1452164,464
101610021,30.7809,46.556,448,40736,0.0263257,0.03,1,1452655,1452207,448
101612941,27.7562,30.9112,448,40788,0.0292651,0.03,1,1452682,1452234,448
101615861,21.5512,26.9822,442,40840,0.061853,0.03,1,1452702,1452260,442
101618781,21.9102,18.9964,447,40892,0.0843706,0.07,1,1452724,1452277,447
101621701,45.9821,22.1993,476,40944,0.0248741,0.01,1,1452776,1452300,476
101624621,33.1964,47.6399,452,40996,0.0289748,0.09,1,1452806,1452354,452
101627541,25.0393,32.728,446,41047,0.013795,0,1,1452829,1452383,446
101630461,32.2079,26.5456,455,41098,0.058759,0.07,1,1452863,1452408,455
101633381,27.2416,27.7091,453,41149,0.0997518,0.07,1,1452889,1452436,453
101636301,16.6483,30.3418,436,41200,0.12395,0.05,1,1452903,1452467,436
101639221,33.7297,18.0684,459,41251,0.14479,0.05,1,1452941,1452482,459
101642141,63.5459,31.6137,495,41302,0.212958,0.11,1,1453012,1452517,495
101645061,43.9092,61.5227,465,41353,0.242592,0.09,1,1453051,1452586,465
101647981,29.5818,45.9045,449,41404,0.200518,0.01,1,1453077,1452628,449
101650901,27.5164,30.7809,449,41455,0.176104,0.03,1,1453104,1452655,449
101653821,23.1033,27.7562,444,41506,0.171221,0.07,1,1453126,1452682,444
101656741,6.22065,21.5512,426,41557,0.170244,0.09,1,1453128,1452702,426
101659661,18.8441,21.9102,426,41608,0.218049,0.01,1,1453150,1452724,426
101662581,42.1688,45.9821,422,41659,0.19561,0.03,1,1453198,1452776,422
101665501,33.2338,33.1964,423,41710,0.191122,0.01,1,1453229,1452806,423
101668421,25.0468,25.0393,423,41761,0.174224,0.07,1,1453252,1452829,423
101671341,33.8094,32.2079,425,41812,0.154845,0.11,1,1453288,1452863,425
101674261,29.9619,27.2416,428,41862,0.134969,0.13,1,1453317,1452889,428
101677181,17.9924,16.6483,429,41912,0.146994,0.15,1,1453332,1452903,429
101680101,36.3985,33.7297,432,41962,0.149399,0.23,1,1453373,1452941,432
101683021,64.8797,63.5459,433,42012,0.16588,0.25,1,1453445,1453012,433
101685941,45.7759,43.9092,435,42062,0.121176,0.19,1,1453486,1453051,435
101688861,26.7552,29.5818,431,42112,0.128235,0.17,1,1453508,1453077,431
101691781,26.151,27.5164,430,42162,0.113647,0.17,1,1453534,1453104,430
101694701,22.8302,23.1033,430,42212,0.142729,0.17,1,1453556,1453126,430
101697621,6.16604,6.22065,430,42262,0.148546,0.23,1,1453558,1453128,430
101700541,19.6332,18.8441,431,42312,0.117709,0.19,1,1453581,1453150,431
101703461,42.3266,42.1688,431,42362,0.175542,0.19,1,1453629,1453198,431
101706381,33.2653,33.2338,431,42412,0.139108,0.17,1,1453660,1453229,431
101709301,22.6531,25.0468,428,42462,0.163822,0.15,1,1453680,1453252,428
101712221,34.1306,33.8094,429,42512,0.152764,0.13,1,1453717,1453288,429
101715141,29.2261,29.9619,428,42562,0.150553,0.15,1,1453745,1453317,428
101718061,17.0452,17.9924,427,42612,0.150111,0.15,1,1453759,1453332,427
101720981,37.809,36.3985,429,42662,0.134022,0.17,1,1453802,1453373,429
101723901,64.3618,64.8797,428,42711,0.162804,0.11,1,1453873,1453445,428
101726821,43.2724,45.7759,425,42760,0.232561,0.13,1,1453911,1453486,425
101729741,27.8545,26.7552,427,42809,0.262512,0.11,1,1453935,1453508,427
101732661,26.3709,26.151,427,42858,0.268502,0.15,1,1453961,1453534,427
101735581,22.8742,22.8302,427,42907,0.2697,0.15,1,1453983,1453556,427
101738501,6.17484,6.16604,427,42956,0.26994,0.11,1,1453985,1453558,427
101741421,19.635,19.6332,427,43005,0.221988,0.11,1,1454008,1453581,427
101744341,43.127,3.92664,476,43054,0.260398,0.19,1,1454057,1453581,476
101747261,32.6254,39.1853,458,43103,0.28408,0.13,1,1454087,1453629,458
101750181,22.5251,32.6371,447,43152,0.288816,0.17,1,1454107,1453660,447
101753101,33.305,22.5274,463,43201,0.289763,0.15,1,1454143,1453680,463
101756021,29.061,34.1055,454,43250,0.289953,0.15,1,1454171,1453717,454
101758941,17.8122,29.2211,441,43299,0.321991,0.15,1,1454186,1453745,441
101761861,37.9624,17.0442,470,43348,0.328398,0.13,1,1454229,1453759,470
101764781,65.1925,37.8088,499,43397,0.34568,0.17,1,1454301,1453802,499
101767701,45.8385,64.3618,469,43446,0.397136,0.25,1,1454342,1453873,469
101770621,29.1677,43.2724,456,43495,0.423427,0.27,1,1454367,1453911,456
101773541,26.6335,27.8545,458,43544,0.428685,0.27,1,1454393,1453935,458
101776461,22.9267,26.3709,454,43592,0.445737,0.27,1,1454415,1453961,454
101779381,6.18534,22.8742,434,43640,0.449147,0.27,1,1454417,1453983,434
101782301,18.8371,6.17484,454,43688,0.449829,0.21,1,1454439,1453985,454
101785221,46.1674,19.635,484,43736,0.545966,0.27,1,1454492,1454008,484
101788141,33.2335,43.127,465,43784,0.565193,0.29,1,1454522,1454057,465
101791061,22.6467,32.6254,455,43832,0.585039,0.29,1,1454542,1454087,455
101793981,33.3293,22.5251,471,43880,0.589008,0.29,1,1454578,1454107,471
101796901,29.8659,33.305,464,43928,0.621802,0.29,1,1454607,1454143,464
101799821,17.1732,29.061,450,43976,0.62836,0.33,1,1454621,1454171,450
101802741,39.4346,17.8122,480,44024,0.645672,0.33,1,1454666,1454186,480
101805661,66.2869,37.9624,510,44072,0.697134,0.35,1,1454739,1454229,510
101808581,48.4574,65.1925,482,44120,0.739427,0.41,1,1454783,1454301,482
101811501,30.4915,45.8385,467,44168,0.763885,0.43,2,1454809,1454342,467
101814421,27.6983,29.1677,469,44216,0.768777,0.43,2,1454836,1454367,469
101817341,23.1397,26.6335,465,44264,0.801755,0.45,2,1454858,1454393,465
101820261,6.22793,22.9267,445,44312,0.808351,0.45,2,1454860,1454415,445
101823181,18.8456,6.18534,465,44360,0.82567,0.45,2,1454882,1454417,465
101826101,50.9691,18.8371,502,44408,0.845134,0.57,2,1454941,1454439,502
101829021,34.1938,46.1674,479,44456,0.849027,0.57,2,1454971,1454492,479
101831941,8.43876,33.2335,451,44503,0.849805,0.59,2,1454973,1454522,451
101834861,17.6878,22.6467,451,44550,0.865961,0.59,2,1454993,1454542,451
101837781,33.1376,33.3293,452,44597,0.901192,0.63,2,1455030,1454578,452
101840701,30.6275,29.8659,453,44644,0.908238,0.63,2,1455060,1454607,453
101843621,17.3255,17.1732,453,44691,0.909648,0.65,2,1455074,1454621,453
101846541,40.2651,39.4346,454,44738,0.94193,0.71,2,1455120,1454666,454
101875741,2,2,465,45208,0.93,0.87,2,1455438,1454973,465
101878661,16.4,16.4,465,45255,0.93,0.91,2,1455458,1454993,465
101881581,34.48,32.88,467,45302,0.946,0.91,2,1455497,1455030,467
101884501,30.896,30.576,467,45349,0.9332,0.91,2,1455527,1455060,467
102068461,28,23,507,48189,0.63,1,1,1457504,1456997,507
102071381,25.6,26.2,505,48233,0.662,1,1,1457529,1457024,505
102074301,35.52,52.44,484,48277,0.5724,1,1,1457567,1457083,484
102077221,51.904,50.488,490,48321,0.47448,1,1,1457623,1457133,490
102080141,40.7808,34.8976,497,48365,0.310896,1,1,1457661,1457164,497
102083061,32.1562,31.7795,496,48409,0.246179,1,1,1457691,1457195,496
102085981,25.6312,27.1559,494,48453,0.185236,1,1,1457715,1457221,494
102088901,29.9262,29.4312,495,48496,0.0610472,1,1,1457746,1457251,495
102091821,33.1852,34.6862,493,48539,0.0682094,1,1,1457780,1457287,493
102094741,29.8371,25.3372,499,48582,0.0376419,1,1,1457809,1457310,499
102097661,21.1674,37.8674,477,48625,0.00752838,1,1,1457828,1457351,477
102100581,23.4335,29.9735,473,48668,0.00950568,0.99,1,1457852,1457379,473
102103501,23.0867,25.9947,471,48711,0.0259011,0.97,1,1457875,1457404,471
102106421,11.8173,13.1989,470,48754,0.0611802,0.87,1,1457884,1457414,470
102109341,19.9635,23.4398,466,48797,0.084236,0.74,1,1457906,1457440,466
102112261,28.7927,33.488,461,48840,0.0568472,0.74,1,1457937,1457476,461
102115181,25.7585,6.69759,486,48883,0.0513694,0.63,1,1457962,1457476,486
102118101,21.1517,23.7395,478,48926,0.0662739,0.67,1,1457982,1457504,478
102121021,29.8303,24.7479,485,48969,0.0852548,0.55,1,1458014,1457529,485
102123941,44.3661,35.3496,495,49012,0.041051,0.45,1,1458062,1457567,495
102126861,35.2732,51.8699,472,49055,0.0322102,0.27,1,1458095,1457623,472
102129781,27.8546,40.774,460,49098,0.014442,0.23,1,1458121,1457661,460
102132701,19.9709,32.1548,448,49141,0.0268884,0.17,1,1458139,1457691,448
102135621,27.9942,25.631,454,49184,0.0613777,0.03,1,1458169,1457715,454
102138541,31.9988,29.9262,456,49227,0.100276,0.07,1,1458202,1457746,456
102141461,31.9998,33.1852,454,49270,0.0760551,0.03,1,1458234,1457780,454
102144381,18.4,29.837,440,49313,0.055211,0,1,1458249,1457809,440
102147301,23.68,21.1674,446,49356,0.0670422,0.01,1,1458274,1457828,446
102150221,23.936,23.4335,446,49399,0.101408,0.03,1,1458298,1457852,446
102153141,11.9872,23.0867,432,49442,0.0602817,0.07,1,1458307,1457875,432
102156061,19.1974,11.8173,444,49485,0.0840563,0.09,1,1458328,1457884,444
102158981,27.8395,19.9635,452,49528,0.104811,0.05,1,1458358,1457906,452
102161901,27.1679,28.7927,448,49571,0.0929623,0.05,1,1458385,1457937,448
102164821,22.2336,25.7585,444,49614,0.0745924,0.07,1,1458406,1457962,444
102167741,30.8467,21.1517,457,49656,0.118918,0.09,1,1458439,1457982,457
102170661,43.7693,29.8303,472,49698,0.159784,0.03,1,1458486,1458014,472
102173581,32.7539,44.3661,454,49740,0.167957,0.03,1,1458516,1458062,454
102176501,27.3508,35.2732,447,49782,0.169591,0.01,1,1458542,1458095,447
102179421,19.8702,27.8546,439,49824,0.105918,0.03,1,1458560,1458121,439
102182341,30.374,19.9709,454,49866,0.125184,0.07,1,1458593,1458139,454
102185261,34.0748,27.9942,459,49908,0.113037,0.11,1,1458628,1458169,459
102188181,30.815,31.9988,456,49950,0.142607,0.07,1,1458658,1458202,456
102191101,15.763,31.9998,436,49992,0.180521,0.05,1,1458670,1458234,436
102194021,25.5526,18.4,449,50034,0.0921043,0.07,1,1458698,1458249,449
102196941,24.3105,23.68,448,50076,0.106421,0.11,1,1458722,1458274,448
102199861,13.6621,23.936,435,50118,0.141284,0.05,1,1458733,1458298,435
102202781,21.1324,11.9872,449,50160,0.100257,0.09,1,1458756,1458307,449
102205701,26.6265,19.1974,456,50202,0.108051,0.11,1,1458784,1458328,456
102208621,26.1253,27.8395,452,50244,0.10961,0.09,1,1458810,1458358,452
102211541,22.0251,27.1679,446,50286,0.093922,0.07,1,1458831,1458385,446
102214461,6.00501,22.2336,427,50328,0.0907844,0.13,1,1458833,1458406,427
102217381,28.401,30.8467,428,50370,0.106157,0.17,1,1458867,1458439,428
102220301,44.8802,43.7693,430,50412,0.141231,0.17,1,1458916,1458486,430
102223221,32.976,32.7539,430,50454,0.148246,0.17,1,1458946,1458516,430
102226141,25.7952,27.3508,428,50496,0.149649,0.09,1,1458970,1458542,428
102229061,20.359,19.8702,429,50538,0.16593,0.13,1,1458989,1458560,429
102231981,29.6718,30.374,428,50580,0.153186,0.11,1,1459021,1458593,428
102234901,33.9344,34.0748,428,50622,0.166637,0.15,1,1459056,1458628,428
102237821,33.1869,30.815,431,50664,0.121327,0.19,1,1459089,1458658,431
102240741,14.6374,15.763,429,50706,0.112265,0.07,1,1459099,1458670,429
102243661,22.9275,25.5526,426,50748,0.126453,0.11,1,1459124,1458698,426
102246581,25.3855,24.3105,428,50790,0.145291,0.15,1,1459150,1458722,428
102249501,13.0771,13.6621,427,50831,0.133058,0.09,1,1459160,1458733,427
102252421,20.2154,21.1324,426,50872,0.162612,0.11,1,1459182,1458756,426
102255341,27.2431,26.6265,427,50913,0.152522,0.11,1,1459211,1458784,427
102258261,26.2486,26.1253,427,50954,0.150504,0.09,1,1459237,1458810,427
102261181,22.0497,22.0251,427,50995,0.150101,0.09,1,1459258,1458831,427
102264101,6.00994,6.00501,427,51036,0.15002,0.11,1,1459260,1458833,427
102267021,28.402,28.401,427,51077,0.166004,0.15,1,1459294,1458867,427
102269941,46.4804,44.8802,429,51118,0.185201,0.15,1,1459345,1458916,429
102272861,33.2961,32.976,429,51159,0.20504,0.15,1,1459375,1458946,429
102275781,25.8592,25.7952,429,51200,0.209008,0.17,1,1459399,1458970,429
102278701,19.5718,20.359,428,51241,0.209802,0.15,1,1459417,1458989,428
102281621,30.3144,29.6718,429,51282,0.19396,0.17,1,1459450,1459021,429
102284541,33.2629,33.9344,428,51323,0.206792,0.11,1,1459484,1459056,428
102287461,32.2526,33.1869,427,51364,0.225358,0.11,1,1459516,1459089,427
102290381,14.4505,14.6374,427,51405,0.213072,0.13,1,1459526,1459099,427
102293301,22.8901,22.9275,427,51446,0.242614,0.15,1,1459551,1459124,427
102296221,26.178,25.3855,428,51487,0.264523,0.13,1,1459578,1459150,428
102299141,13.2356,13.0771,428,51528,0.268905,0.17,1,1459588,1459160,428
102302061,20.2471,20.2154,428,51569,0.333781,0.15,1,1459610,1459182,428
102304981,26.4494,27.2431,427,51610,0.394756,0.15,1,1459638,1459211,427
102307901,26.8899,26.2486,428,51651,0.390951,0.15,1,1459665,1459237,428
102310821,21.378,22.0497,427,51692,0.42219,0.15,1,1459685,1459258,427
102313741,5.8756,6.00994,427,51733,0.428438,0.17,1,1459687,1459260,427
102316661,29.1751,28.402,428,51774,0.461688,0.17,1,1459722,1459294,428
102319581,46.635,5.6804,479,51815,0.436338,0.19,1,1459773,1459294,479
102322501,34.127,41.9361,459,51856,0.431267,0.21,1,1459804,1459345,459
102325421,26.0254,32.3872,453,51897,0.430254,0.21,1,1459828,1459375,453
102328341,19.6051,25.6774,447,51938,0.430051,0.21,1,1459846,1459399,447
102331261,29.521,19.5355,461,51979,0.43001,0.19,1,1459878,1459417,461
102334181,34.7042,30.3071,464,52020,0.462002,0.21,1,1459914,1459450,464
102337101,33.3408,33.2614,463,52060,0.4844,0.23,1,1459947,1459484,463
102340021,14.6682,32.2523,441,52100,0.45688,0.21,1,1459957,1459516,441
102342941,24.5336,14.4505,458,52140,0.467376,0.25,1,1459984,1459526,458
102345861,27.3067,22.8901,461,52180,0.469475,0.27,1,1460012,1459551,461
102348781,14.2613,26.178,445,52220,0.485895,0.27,1,1460023,1459578,445
102351701,21.2523,13.2356,458,52260,0.473179,0.35,1,1460046,1459588,458
102354621,29.0505,20.2471,467,52300,0.534636,0.41,1,1460077,1459610,467
102357541,28.2101,26.4494,467,52340,0.578927,0.39,1,1460105,1459638,467
102360461,21.642,26.8899,460,52380,0.587785,0.43,1,1460125,1459665,460
102363381,5.9284,21.378,442,52420,0.589557,0.43,1,1460127,1459685,442
102366301,30.7857,5.8756,477,52460,0.621911,0.47,1,1460164,1459687,477
102369221,47.7571,29.1751,494,52500,0.676382,0.43,1,1460216,1459722,494
102372141,33.5514,46.635,473,52540,0.703276,0.43,1,1460246,1459773,473
102375061,25.9103,34.127,466,52580,0.724655,0.43,1,1460270,1459804,466
102377981,19.5821,26.0254,460,52620,0.744931,0.43,1,1460288,1459828,460
102380901,29.5164,19.6051,474,52660,0.748986,0.43,1,1460320,1459846,474
102383821,36.3033,29.521,480,52700,0.765797,0.47,2,1460358,1459878,480
102386741,32.8607,34.7042,476,52740,0.785159,0.49,2,1460390,1459914,476
102389661,14.5721,33.3408,453,52780,0.789032,0.45,2,1460400,1459947,453
102392581,25.3144,14.6682,471,52820,0.789806,0.47,2,1460428,1459957,471
102395501,27.4629,24.5336,472,52860,0.821961,0.47,2,1460456,1459984,472
102398421,13.4926,27.3067,454,52900,0.828392,0.49,2,1460466,1460012,454
102401341,22.6985,14.2613,468,52940,0.813678,0.47,2,1460491,1460023,468
102404261,32.5397,21.2523,480,52980,0.842736,0.55,2,1460526,1460046,480
102407181,29.7079,29.0505,478,53020,0.864547,0.59,2,1460555,1460077,478
102410101,21.9416,28.2101,470,53060,0.884909,0.59,2,1460575,1460105,470
102413021,5.98832,21.642,452,53100,0.888982,0.59,2,1460577,1460125,452
102415941,32.3977,5.9284,489,53140,0.889796,0.63,2,1460616,1460127,489
102418861,51.2795,30.7857,508,53180,0.889959,0.69,2,1460672,1460164,508
102421781,34.2559,47.7571,486,53220,0.905992,0.71,2,1460702,1460216,486
102424701,8.45118,33.5514,458,53260,0.909198,0.73,2,1460704,1460246,458
102427621,20.8902,25.9103,458,53300,0.90984,0.75,2,1460728,1460270,458
102453901,26,25,464,53651,0.95,0.85,2,1460955,1460491,464
102456821,33.2,33,464,53690,0.934,0.87,2,1460990,1460526,464
102459741,30.64,29.8,465,53729,0.9148,0.89,2,1461020,1460555,465
102462661,22.928,21.96,466,53768,0.89496,0.89,2,1461041,1460575,466
102465581,6.1856,5.992,466,53807,0.922992,0.89,2,1461043,1460577,466
102468501,32.4371,32.3984,466,53846,0.896598,0.89,2,1461082,1460616,466
102471421,51.2874,51.2797,466,53885,0.85932,0.91,2,1461138,1460672,466
102474341,35.0575,34.2559,467,53924,0.899864,0.91,2,1461169,1460702,467
102477261,8.6115,8.45119,467,53963,0.907973,0.91,2,1461171,1460704,467
102480181,21.7223,20.8902,468,54002,0.893595,0.95,2,1461196,1460728,468
102483101,20.3445,19.378,469,54041,0.906719,0.95,2,1461216,1460747,469
102486021,29.6689,29.4756,469,54080,0.925344,0.97,2,1461248,1460779,469
102488941,37.9338,37.0951,470,54119,0.945069,0.95,2,1461288,1460818,470
102744441,43,10,464,26361,0.01,0.05,1,1463789,1463325,464
102747361,27.8,43.6,436,26441,0.002,0.09,1,1463813,1463377,436
102750281,19.16,25.52,432,26521,0.0724,0,1,1463830,1463398,432
102753201,50.232,23.504,467,26601,0.03848,0.01,1,1463888,1463421,467
102756121,51.6464,61.5008,448,26681,0.031696,0.03,1,1463940,1463492,448
102759041,55.1293,65.9002,437,26760,0.0303392,0.09,1,1463996,1463559,437
102761961,63.0259,48.38,458,26839,0.0940678,0.07,1,1464061,1463603,458
102764881,61.4052,56.076,461,26918,0.122814,0.07,1,1464122,1463661,461
102767801,51.481,60.8152,448,26997,0.160563,0.01,1,1464171,1463723,448
102770721,43.0962,64.963,423,27075,0.168113,0,1,1464212,1463789,423
102773641,27.8192,32.1926,423,27153,0.0896225,0.09,1,1464236,1463813,423
102776561,21.5638,20.0385,426,27231,0.0899245,0.03,1,1464256,1463830,426
102779481,48.3128,50.4077,423,27309,0.0259849,0.03,1,1464311,1463888,423
102782401,51.2626,51.6815,423,27387,0.013197,0.03,1,1464363,1463940,423
102785321,55.0525,55.1363,423,27464,0.0266394,0.11,1,1464419,1463996,423
102788241,67.0105,63.0273,428,27541,0.0453279,0.13,1,1464489,1464061,428
102791161,62.2021,61.4055,428,27618,0.113066,0.17,1,1464550,1464122,428
102794081,54.0404,51.4811,431,27695,0.126613,0.17,1,1464602,1464171,431
102797001,41.2081,43.0962,428,27771,0.161323,0.07,1,1464640,1464212,428
102799921,25.0416,27.8192,425,27847,0.184265,0.09,1,1464661,1464236,425
102802841,21.8083,21.5638,426,27923,0.172853,0.01,1,1464682,1464256,426
102805761,45.1617,48.3128,422,27999,0.154571,0.01,1,1464733,1464311,422
102808681,50.6323,51.2626,422,28075,0.0389141,0.03,1,1464785,1464363,422
102811601,55.7265,55.0525,423,28150,0.0477828,0.05,1,1464842,1464419,423
102814521,67.9453,67.0105,424,28225,0.0335566,0.13,1,1464913,1464489,424
102817441,64.7891,62.2021,427,28300,0.0467113,0.13,1,1464977,1464550,427
102820361,53.7578,54.0404,426,28375,0.113342,0.13,1,1465028,1464602,426
102823281,41.9516,10.8081,465,28450,0.0946685,0.17,1,1465067,1464602,465
102826201,25.9903,32.5616,449,28524,0.0909337,0.19,1,1465089,1464640,449
102829121,21.1981,23.3123,448,28598,0.0901867,0.17,1,1465109,1464661,448
102832041,44.2396,21.4625,477,28672,0.154037,0.15,1,1465159,1464682,477
102834961,46.4479,45.0925,473,28746,0.118807,0.01,1,1465206,1464733,473
102837881,56.4896,50.6185,480,28820,0.0957615,0.05,1,1465265,1464785,480
102840801,67.2979,55.7237,493,28893,0.0751523,0.03,1,1465335,1464842,493
102843721,65.4596,67.9447,487,28966,0.13503,0.05,1,1465400,1464913,487
102846641,55.4919,64.7889,476,29039,0.131006,0.13,1,1465453,1464977,476
102849561,42.2984,53.7578,464,29112,0.146201,0.09,1,1465492,1465028,464
102852481,26.0597,41.9516,447,29185,0.14924,0.09,1,1465514,1465067,447
102855401,22.0119,25.9903,446,29258,0.213848,0.09,1,1465535,1465089,446
102858321,46.8024,21.1981,479,29330,0.25877,0.17,1,1465588,1465109,479
102861241,44.5605,44.2396,473,29402,0.267754,0.11,1,1465632,1465159,473
102864161,55.3121,46.4479,484,29474,0.269551,0.09,1,1465690,1465206,484
102867081,66.2624,56.4896,494,29546,0.26991,0.07,1,1465759,1465265,494
102870001,68.4525,67.2979,493,29618,0.317982,0.15,1,1465828,1465335,493
102872921,55.2905,65.4596,480,29689,0.343596,0.13,1,1465880,1465400,480
102875841,43.0581,55.4919,467,29760,0.396719,0.15,1,1465920,1465453,467
102878761,27.8116,42.2984,452,29831,0.439344,0.15,1,1465944,1465492,452
102881681,7.16232,26.0597,432,29902,0.447869,0.23,1,1465946,1465514,432
102884601,19.0325,22.0119,433,29973,0.481574,0.27,1,1465968,1465535,433
102887521,47.8065,46.8024,435,30044,0.488315,0.27,1,1466023,1465588,435
102890441,44.7613,44.5605,435,30114,0.553663,0.27,1,1466067,1465632,435
102893361,55.3523,55.3121,435,30184,0.566733,0.27,1,1466125,1465690,435
102896281,66.2705,66.2624,435,30254,0.585347,0.33,1,1466194,1465759,435
102899201,70.8541,68.4525,438,30324,0.621069,0.35,1,1466266,1465828,438
102902121,57.3708,55.2905,440,30394,0.660214,0.41,1,1466320,1465880,440
102905041,45.8742,43.0581,443,30464,0.652043,0.45,1,1466363,1465920,443
102907961,30.7748,27.8116,446,30533,0.634409,0.45,1,1466390,1465944,446
102910881,7.75497,7.16232,446,30602,0.662882,0.49,1,1466392,1465946,446
102913801,19.951,19.0325,447,30671,0.684576,0.49,1,1466415,1465968,447
102916721,48.7902,47.8065,448,30740,0.720915,0.57,1,1466471,1466023,448
102919641,46.558,44.7613,450,30809,0.728183,0.57,1,1466517,1466067,450
102922561,55.7116,55.3523,450,30878,0.697637,0.59,1,1466575,1466125,450
102925481,67.1423,66.2705,451,30947,0.691527,0.63,1,1466645,1466194,451
102928401,72.6285,70.8541,453,31015,0.706305,0.67,1,1466719,1466266,453
102931321,59.3257,57.3708,455,31083,0.693261,0.65,1,1466775,1466320,455
102934241,43.8651,45.8742,452,31151,0.770652,0.63,2,1466815,1466363,452
102937161,31.973,30.7748,454,31219,0.77013,0.67,2,1466844,1466390,454
102940081,7.99461,7.75497,454,31287,0.770026,0.67,2,1466846,1466392,454
102943001,21.5989,1.55099,479,31355,0.722005,0.69,1,1466871,1466392,479
102945921,49.9198,18.7102,513,31422,0.776401,0.73,2,1466928,1466415,513
102948841,45.184,48.542,501,31489,0.83528,0.73,2,1466972,1466471,501
102951761,55.4368,46.5084,513,31556,0.847056,0.69,2,1467030,1466517,513
102954681,67.0874,55.7017,525,31623,0.881411,0.69,2,1467100,1466575,525
102957601,73.4175,67.1403,530,31690,0.872282,0.71,2,1467175,1466645,530
102960521,59.4835,72.6281,512,31757,0.886456,0.69,2,1467231,1466719,512
102963441,45.4967,59.3256,498,31824,0.921291,0.79,2,1467273,1466775,498
102966361,31.4993,43.8651,486,31890,0.928258,0.77,2,1467301,1466815,486
102969281,7.89987,31.973,459,31956,0.929652,0.77,2,1467303,1466844,459
102972201,21.58,7.9946,482,32022,0.91393,0.71,2,1467328,1466846,482
102975121,52.316,21.5989,517,32088,0.926786,0.79,2,1467388,1466871,517
103074401,40,35,494,34258,0.77,1,2,1468885,1468391,494
103077321,48,7,544,34320,0.658,1,1,1468935,1468391,544
103080241,49.6,49.4,534,34382,0.5396,1,1,1468985,1468451,534
103083161,77.12,65.88,548,34443,0.30792,1,1,1469069,1468521,548
103086081,62.624,73.176,532,34504,0.181584,1,1,1469128,1468596,532
103089001,51.7248,61.8352,522,34565,0.0603168,0.95,1,1469177,1468655,522
103091921,27.945,49.967,497,34626,0.0120634,0.95,1,1469199,1468702,497
103094841,24.789,31.5934,494,34687,0.0264127,0.95,1,1469223,1468729,494
103097761,25.7578,25.5187,496,34748,0.0132825,0.99,1,1469249,1468753,496
103100681,32.3516,29.1037,500,34809,0.0106565,0.9,1,1469283,1468783,500
103103601,24.0703,31.4207,490,34870,0.0261313,0.89,1,1469305,1468815,490
103106521,32.8141,30.2841,495,34931,0.0132263,0.77,1,1469340,1468845,495
103109441,42.5628,38.0568,500,34992,0.122645,0.63,1,1469385,1468885,500
103112361,44.5126,47.6114,495,35052,0.128529,0.51,1,1469430,1468935,495
103115281,64.9025,49.5223,515,35112,0.161706,0.25,1,1469500,1468985,515
103118201,56.1805,77.1045,485,35172,0.216341,0.15,1,1469554,1469069,485
103121121,47.2361,62.6209,471,35232,0.147268,0.03,1,1469599,1469128,471
103124041,27.0472,51.7242,444,35292,0.0694536,0,1,1469621,1469177,444
103126961,25.4094,27.9448,447,35352,0.0538907,0.03,1,1469646,1469199,447
103129881,25.0819,24.789,448,35412,0.0507781,0.01,1,1469671,1469223,448
103132801,32.2164,25.7578,456,35472,0.0501556,0.01,1,1469705,1469249,456
103135721,24.8433,32.3516,445,35532,0.0180311,0.03,1,1469728,1469283,445
103138641,32.1687,24.0703,457,35591,0.00360622,0.01,1,1469762,1469305,457
103141561,45.6337,32.8141,471,35650,0.0567212,0.15,1,1469811,1469340,471
103144481,10.7267,42.5628,428,35709,0.0833443,0.13,1,1469813,1469385,428
103147401,39.7454,44.5126,430,35768,0.168669,0.17,1,1469860,1469430,430
103150321,65.5491,64.9025,432,35827,0.217734,0.23,1,1469932,1469500,432
103153241,55.5098,56.1805,431,35886,0.259547,0.13,1,1469985,1469554,431
103156161,43.102,47.2361,426,35945,0.283909,0.05,1,1470025,1469599,426
103159081,23.0204,27.0472,422,36004,0.288782,0.05,1,1470043,1469621,422
103162001,25.4041,25.4094,423,36063,0.225756,0.05,1,1470069,1469646,423
103164921,25.0808,25.0819,423,36122,0.197151,0.05,1,1470094,1469671,423
103167841,33.0162,32.2164,424,36181,0.14343,0.01,1,1470129,1469705,424
103170761,24.2032,24.8433,423,36239,0.100686,0,1,1470151,1469728,423
103173681,32.0406,32.1687,423,36297,0.0601372,0.07,1,1470185,1469762,423
103176601,48.0081,45.6337,426,36355,0.0520274,0.09,1,1470237,1469811,426
103179521,11.2016,10.7267,426,36413,0.0504055,0.19,1,1470239,1469813,426
103182441,43.0403,39.7454,430,36471,0.0500811,0.23,1,1470290,1469860,430
103185361,68.6081,65.5491,433,36529,0.130016,0.27,1,1470365,1469932,433
103188281,57.7216,55.5098,435,36587,0.130003,0.29,1,1470420,1469985,435
103191201,44.3443,43.102,436,36645,0.162001,0.29,1,1470461,1470025,436
103194121,21.6689,23.0204,434,36703,0.1364,0.21,1,1470477,1470043,434
103197041,21.9338,25.4041,430,36761,0.13128,0.19,1,1470499,1470069,430
103199961,23.5868,25.0808,429,36818,0.130256,0.13,1,1470523,1470094,429
103202881,30.3174,33.0162,426,36875,0.146051,0.09,1,1470555,1470129,426
103205801,22.0635,24.2032,424,36932,0.14921,0.05,1,1470575,1470151,424
103208721,30.0127,32.0406,422,36989,0.181842,0.05,1,1470607,1470185,422
103211641,48.4025,48.0081,423,37046,0.188368,0.05,1,1470660,1470237,423
103214561,11.2805,11.2016,423,37103,0.189674,0.05,1,1470662,1470239,423
103217481,43.8561,43.0403,424,37160,0.189935,0.05,1,1470714,1470290,424
103220401,70.3712,8.60806,501,37217,0.205987,0.15,1,1470791,1470290,501
103223321,58.8742,61.7216,482,37274,0.273197,0.13,1,1470847,1470365,482
103226241,44.5748,56.3443,468,37331,0.286639,0.17,1,1470888,1470420,468
103229161,21.715,44.0689,443,37388,0.289328,0.13,1,1470904,1470461,443
103232081,21.943,21.6138,449,37445,0.289866,0.13,1,1470926,1470477,449
103235001,23.5886,21.9228,451,37501,0.289973,0.13,1,1470950,1470499,451
103237921,31.1177,23.5846,460,37557,0.273995,0.15,1,1470983,1470523,460
103240841,22.2235,30.3169,448,37613,0.270799,0.15,1,1471003,1470555,448
103243761,31.6447,22.0634,462,37669,0.28616,0.19,1,1471037,1470575,462
103246681,47.1289,30.0127,481,37725,0.273232,0.19,1,1471088,1470607,481
103249601,11.0258,48.4025,430,37781,0.270646,0.19,1,1471090,1470660,430
103252521,45.4052,11.2805,482,37837,0.302129,0.19,1,1471144,1470662,482
103255441,73.081,43.8561,510,37893,0.308426,0.21,1,1471224,1470714,510
103258361,61.0162,70.3712,491,37949,0.325685,0.29,1,1471282,1470791,491
103261281,45.0032,58.8742,476,38005,0.377137,0.29,1,1471323,1470847,476
103264201,21.8006,44.5748,451,38061,0.387427,0.29,1,1471339,1470888,451
103267121,21.9601,21.715,457,38117,0.389485,0.29,1,1471361,1470904,457
103270041,23.592,21.943,459,38172,0.389897,0.29,1,1471385,1470926,459
103272961,30.3184,23.5886,467,38227,0.405979,0.27,1,1471417,1470950,467
103275881,22.8637,31.1177,455,38282,0.425196,0.27,1,1471438,1470983,455
103278801,31.7727,22.2235,469,38337,0.445039,0.29,1,1471472,1471003,469
103281721,46.3545,31.6447,485,38392,0.449008,0.27,1,1471522,1471037,485
103284641,10.8709,47.1289,436,38447,0.449802,0.27,1,1471524,1471088,436
103287561,47.7742,11.0258,491,38502,0.48196,0.31,1,1471581,1471090,491
103290481,74.3548,45.4052,518,38557,0.552392,0.31,1,1471662,1471144,518
103293401,60.471,73.081,495,38612,0.614478,0.33,1,1471719,1471224,495
103296321,13.6942,61.0162,439,38667,0.626896,0.39,1,1471721,1471282,439
103299241,37.1388,45.0032,441,38722,0.693379,0.39,1,1471764,1471323,441
103302161,20.2278,21.8006,441,38777,0.754676,0.39,2,1471780,1471339,441
103305081,21.6456,21.9601,441,38831,0.734935,0.39,1,1471802,1471361,441
103308001,23.5291,23.592,441,38885,0.762987,0.41,2,1471826,1471385,441
103310921,31.1058,30.3184,442,38939,0.784597,0.43,2,1471859,1471417,442
103313841,23.8212,22.8637,443,38993,0.788919,0.45,2,1471881,1471438,443
103316761,32.7642,31.7727,444,39047,0.789784,0.45,2,1471916,1471472,444
103319681,46.5528,46.3545,444,39101,0.757957,0.45,2,1471966,1471522,444
103322601,10.9106,10.8709,444,39155,0.783591,0.49,2,1471968,1471524,444
103325521,50.1821,47.7742,447,39209,0.788718,0.57,2,1472028,1471581,447
103328441,77.2364,74.3548,450,39263,0.821744,0.63,2,1472112,1471662,450
103331361,64.2473,60.471,454,39317,0.860349,0.63,2,1472173,1471719,454
103334281,14.4495,13.6942,454,39371,0.86807,0.71,2,1472175,1471721,454
103337201,40.4899,37.1388,458,39425,0.901614,0.77,2,1472222,1471764,458
103340121,20.898,20.2278,458,39479,0.876323,0.73,2,1472238,1471780,458
103343041,21.7796,21.6456,458,39532,0.887265,0.77,2,1472260,1471802,458
103345961,23.5559,23.5291,458,39585,0.905453,0.79,2,1472284,1471826,458
103348881,31.9112,31.1058,459,39638,0.925091,0.79,2,1472318,1471859,459
103351801,24.7822,23.8212,460,39691,0.945018,0.79,2,1472341,1471881,460
103354721,32.1564,32.7642,459,39744,0.917004,0.75,2,1472375,1471916,459
103569341,122,61,490,19818,0.09,0.05,1,1475366,1474876,490
103572261,99.6,104.2,469,19925,0.138,0.05,1,1475460,1474991,469
103575181,71.12,85.64,452,20031,0.1316,0.05,1,1475524,1475072,452
103578101,65.424,61.928,460,20137,0.13032,0.09,1,1475588,1475128,460
103581021,37.8848,60.3856,431,20242,0.210064,0.09,1,1475619,1475188,431
103583941,47.577,40.0771,446,20347,0.226013,0.11,1,1475669,1475223,446
103586861,108.715,24.8154,549,20451,0.293203,0.09,1,1475793,1475244,549
103589781,97.7431,102.563,522,20555,0.338641,0.15,1,1475888,1475366,522
103592701,69.9486,95.7126,491,20658,0.363728,0.13,1,1475951,1475460,491
103595621,66.7897,70.3425,493,20761,0.384746,0.13,1,1476017,1475524,493
103598541,38.9579,65.2685,461,20863,0.388949,0.23,1,1476049,1475588,461
103601461,50.1916,37.8537,483,20965,0.38979,0.23,1,1476102,1475619,483
103604381,11.6383,47.5707,435,21066,0.389958,0.31,1,1476104,1475669,435
103607301,103.128,108.714,437,21167,0.453992,0.35,1,1476230,1475793,437
103610221,98.2255,97.7428,439,21267,0.498798,0.37,1,1476327,1475888,439
103613141,70.8451,69.9486,440,21367,0.50776,0.39,1,1476391,1475951,440
103616061,67.769,66.7897,441,21466,0.557552,0.39,1,1476458,1476017,441
103618981,39.1538,38.9579,441,21565,0.59951,0.39,1,1476490,1476049,441
103621901,50.2308,50.1916,441,21663,0.607902,0.39,1,1476543,1476102,441
103624821,11.6462,11.6383,441,21761,0.65758,0.47,1,1476545,1476104,441
103627741,106.329,103.128,445,21858,0.731516,0.51,1,1476675,1476230,445
103630661,98.8658,98.2255,445,21955,0.762303,0.51,2,1476772,1476327,445
103633581,72.5732,70.8451,447,22052,0.784461,0.57,2,1476838,1476391,447
103636501,69.7146,67.769,449,22148,0.772892,0.61,2,1476907,1476458,449
103639421,40.3429,39.1538,450,22244,0.754578,0.61,2,1476940,1476490,450
103642341,53.6686,50.2308,454,22339,0.750916,0.67,2,1476997,1476543,454
103645261,12.3337,11.6462,454,22434,0.750183,0.75,2,1476999,1476545,454
103648181,108.867,106.329,457,22529,0.814037,0.75,2,1477132,1476675,457
103651101,99.3733,21.2658,554,22623,0.794807,0.77,2,1477229,1476675,554
103654021,73.4747,81.8532,524,22717,0.822962,0.79,2,1477296,1476772,524
103656941,69.0949,69.1706,526,22810,0.844592,0.77,2,1477364,1476838,526
103659861,39.419,69.0341,489,22903,0.864918,0.75,2,1477396,1476907,489
103753301,37,38,517,25699,0.73,1,1,1479346,1478829,517
103756221,33,45.2,502,25781,0.762,1,2,1479378,1478876,502
103759141,114.6,33.84,606,25863,0.6084,1,1,1479513,1478907,606
103762061,99.72,110.768,572,25945,0.52968,1,1,1479609,1479037,572
103764981,53.544,103.754,512,26027,0.497936,1,1,1479651,1479139,512
103767901,33.1088,51.1507,502,26108,0.491587,0.98,1,1479679,1479177,502
103770821,41.0218,36.6301,512,26189,0.506317,0.89,1,1479722,1479210,512
103773741,47.4044,44.126,515,26270,0.493263,0.83,1,1479771,1479256,515
103776661,34.2809,51.2252,493,26351,0.490653,0.73,1,1479802,1479309,493
103779581,32.4562,39.845,488,26431,0.522131,0.77,1,1479834,1479346,488
103782501,108.891,33.569,584,26511,0.608426,0.57,1,1479962,1479378,584
103785421,94.5782,114.714,540,26591,0.609685,0.51,1,1480053,1479513,540
103788341,51.7156,99.7428,485,26671,0.625937,0.49,1,1480094,1479609,485
103791261,34.3431,53.5486,473,26750,0.661187,0.49,1,1480124,1479651,473
103794181,42.0686,33.1097,489,26829,0.668238,0.51,1,1480168,1479679,489
103797101,47.6137,41.0219,495,26908,0.685647,0.49,1,1480217,1479722,495
103800021,11.1227,47.4044,448,26987,0.689129,0.49,1,1480219,1479771,448
103802941,27.0245,34.2809,448,27065,0.689826,0.53,1,1480250,1479802,448
103805861,31.0049,32.4562,448,27143,0.689965,0.63,1,1480282,1479834,448
103808781,113.401,108.891,454,27221,0.753993,0.61,2,1480416,1479962,454
103811701,93.8802,94.5782,452,27299,0.766799,0.63,2,1480505,1480053,452
103814621,53.976,51.7156,455,27377,0.81736,0.67,2,1480549,1480094,455
103817541,34.7952,34.3431,455,27454,0.875472,0.67,2,1480579,1480124,455
103820461,42.159,42.0686,455,27531,0.871094,0.69,2,1480623,1480168,455
103823381,48.4318,47.6137,456,27608,0.918219,0.69,2,1480673,1480217,456
103826301,11.2864,11.1227,456,27685,0.927644,0.69,2,1480675,1480219,456
103957701,45,63,476,30937,0.87,1,2,1483008,1482532,476
103960621,45.8,37.4,491,31005,0.806,1,2,1483054,1482563,491
103963541,36.36,31.48,495,31073,0.7932,1,2,1483088,1482593,495
103966461,31.272,32.696,492,31141,0.69464,1,1,1483118,1482626,492
103969381,31.8544,32.9392,491,31209,0.626928,1,1,1483150,1482659,491
103972301,35.1709,33.7878,493,31277,0.501386,1,1,1483186,1482693,493
103975221,70.2342,6.75757,572,31345,0.172277,1,1,1483265,1482693,572
103978141,89.2468,70.9515,579,31413,0.0344554,0.99,1,1483359,1482780,579
103981061,43.4494,94.9903,510,31480,0.0308911,0.95,1,1483391,1482881,510
103983981,40.6899,49.3981,512,31547,0.0141782,0.94,1,1483431,1482919,512
103986901,42.538,45.0796,511,31614,0.00283564,0.87,1,1483474,1482963,511
103989821,36.5076,45.0159,501,31681,0.0245671,0.79,1,1483509,1483008,501
103992741,32.1015,45.8032,486,31748,0.0289134,0.79,1,1483540,1483054,486
103995661,28.8203,36.3606,480,31815,0.0457827,0.67,1,1483568,1483088,480
103998581,25.7641,31.2721,475,31881,0.0651565,0.61,1,1483593,1483118,475
104001501,29.9528,31.8544,474,31947,0.0530313,0.47,1,1483624,1483150,474
104004421,57.9906,35.1709,503,32013,0.0666063,0.09,1,1483689,1483186,503
104007341,85.9981,70.2342,517,32079,0.0213213,0,1,1483782,1483265,517
104010261,41.9996,89.2468,454,32145,0.0282643,0.03,1,1483813,1483359,454
104013181,39.5999,43.4494,461,32211,0.0296529,0.01,1,1483852,1483391,461
104016101,42.32,40.6899,464,32277,0.00593057,0,1,1483895,1483431,464
104019021,36.464,42.538,456,32343,0.0251861,0.03,1,1483930,1483474,456
104021941,32.0928,36.5076,452,32408,0.00503722,0.03,1,1483961,1483509,452
104024861,29.6186,32.1015,450,32473,0.0570074,0.05,1,1483990,1483540,450
104027781,25.9237,28.8203,447,32538,0.115401,0.07,1,1484015,1483568,447
104030701,32.3847,25.7641,456,32603,0.11108,0.05,1,1484049,1483593,456
104033621,56.077,29.9528,487,32668,0.0942161,0.07,1,1484111,1483624,487
104036541,86.4154,57.9906,516,32733,0.0428432,0.01,1,1484205,1483689,516
104039461,18.8831,85.9981,425,32798,0.0325686,0.03,1,1484207,1483782,425
104042381,26.1766,41.9996,422,32862,0.0305137,0.03,1,1484235,1483813,422
104045301,37.2353,39.5999,423,32926,0.0141027,0,1,1484275,1483852,423
104048221,41.8471,42.32,423,32990,0.0108205,0.03,1,1484318,1483895,423
104051141,36.3694,36.464,423,33054,0.0101641,0,1,1484353,1483930,423
104054061,31.2739,32.0928,422,33118,0.00203282,0.07,1,1484383,1483961,422
104056981,33.4548,29.6186,427,33182,0.0564066,0.13,1,1484417,1483990,427
104059901,24.291,25.9237,424,33246,0.0352813,0.11,1,1484439,1484015,424
104062821,32.8582,32.3847,425,33310,0.111056,0.09,1,1484474,1484049,425
104065741,56.9716,56.077,426,33373,0.190211,0.03,1,1484537,1484111,426
104068661,84.1943,86.4154,423,33436,0.0460423,0.03,1,1484628,1484205,423
104071581,18.4389,18.8831,423,33499,0.0652084,0.03,1,1484630,1484207,423
104074501,25.2878,26.1766,422,33562,0.0530417,0.01,1,1484657,1484235,422
104077421,37.0576,37.2353,422,33625,0.0186083,0.01,1,1484697,1484275,422
104080341,41.8115,41.8471,422,33688,0.0117217,0.01,1,1484740,1484318,422
104083261,36.3623,36.3694,422,33751,0.0103443,0,1,1484775,1484353,422
104086181,31.2725,31.2739,422,33814,0.0260689,0.07,1,1484805,1484383,422
104089101,34.2545,33.4548,423,33877,0.0132138,0.03,1,1484840,1484417,423
104092021,26.0509,24.291,425,33939,0.0106428,0.13,1,1484864,1484439,425
104094941,34.0102,32.8582,426,34001,0.0421285,0.21,1,1484900,1484474,426
104097861,62.002,56.9716,432,34063,0.0964257,0.01,1,1484969,1484537,432
104100781,78.0004,84.1943,423,34125,0.123285,0.07,1,1485051,1484628,423
104103701,17.2001,18.4389,423,34187,0.128657,0.05,1,1485053,1484630,423
104106621,26.64,25.2878,425,34249,0.145731,0.05,1,1485082,1484657,425
104109541,34.128,5.05755,461,34311,0.101146,0.01,1,1485118,1484657,461
104112461,41.2256,33.0115,464,34373,0.0442293,0.01,1,1485161,1484697,464
104115381,36.2451,41.0023,456,34435,0.0328459,0.01,1,1485196,1484740,456
104118301,31.249,36.2005,451,34496,0.0305692,0.03,1,1485226,1484775,451
104121221,34.2498,31.2401,456,34557,0.0461138,0.01,1,1485261,1484805,456
104124141,26.05,34.248,445,34618,0.0492228,0.01,1,1485285,1484840,445
104127061,34.81,26.0496,458,34679,0.0178446,0.05,1,1485322,1484864,458
104129981,63.762,34.0099,493,34740,0.0435689,0.11,1,1485393,1484900,493
104132901,80.7524,62.002,509,34801,0.128714,0.13,1,1485478,1484969,509
104135821,17.7505,78.0004,429,34862,0.145743,0.13,1,1485480,1485051,429
104138741,26.7501,17.2001,456,34923,0.149149,0.15,1,1485509,1485053,456
104141661,30.15,26.64,458,34984,0.19783,0.09,1,1485540,1485082,458
104144581,40.43,34.128,465,35044,0.191566,0.03,1,1485583,1485118,465
104147501,36.886,41.2256,458,35104,0.0943132,0.03,1,1485619,1485161,458
104150421,29.7772,36.2451,451,35164,0.0188626,0.03,1,1485647,1485196,451
104153341,35.5554,31.249,458,35224,0.0437725,0.05,1,1485684,1485226,458
104156261,24.7111,34.2498,445,35284,0.0487545,0.05,1,1485706,1485261,445
104159181,36.9422,26.05,461,35344,0.0497509,0.01,1,1485746,1485285,461
104162101,64.1884,34.81,495,35404,0.0819502,0.05,1,1485817,1485322,495
104165021,84.0377,63.762,513,35464,0.15239,0.15,1,1485906,1485393,513
104167941,18.4075,80.7524,430,35524,0.166478,0.15,1,1485908,1485478,430
104170861,27.6815,17.7505,458,35584,0.169296,0.15,1,1485938,1485480,458
104173781,31.1363,26.7501,461,35643,0.153859,0.21,1,1485970,1485509,461
104176701,7.82726,30.15,432,35702,0.150772,0.19,1,1485972,1485540,432
104179621,33.5655,40.43,429,35761,0.214154,0.07,1,1486012,1485583,429
104182541,32.3131,36.886,425,35820,0.226831,0,1,1486044,1485619,425
104185461,26.4626,29.7772,422,35879,0.181366,0.05,1,1486069,1485647,422
104188381,36.4925,35.5554,424,35938,0.172273,0.05,1,1486108,1485684,424
104191301,24.8985,24.7111,424,35997,0.138455,0.05,1,1486130,1485706,424
104194221,37.7797,36.9422,425,36056,0.147691,0.09,1,1486171,1485746,425
104197141,63.5559,64.1884,424,36115,0.133538,0.17,1,1486241,1485817,424
104200061,88.7112,84.0377,430,36174,0.242708,0.17,1,1486336,1485906,430
104202981,19.3422,18.4075,430,36232,0.264542,0.17,1,1486338,1485908,430
104205901,27.8684,27.6815,430,36290,0.300908,0.15,1,1486368,1485938,430
104208821,31.9737,31.1363,431,36348,0.308182,0.15,1,1486401,1485970,431
104211741,7.99474,7.82726,431,36406,0.309636,0.23,1,1486403,1485972,431
104214661,33.5989,33.5655,431,36464,0.341927,0.23,1,1486443,1486012,431
104217581,32.3198,32.3131,431,36522,0.412385,0.17,1,1486475,1486044,431
104220501,24.864,26.4626,429,36580,0.410477,0.17,1,1486498,1486069,429
104223421,35.3728,36.4925,428,36638,0.378095,0.13,1,1486536,1486108,428
104226341,24.6746,24.8985,428,36696,0.371619,0.15,1,1486558,1486130,428
104229261,36.9349,37.7797,427,36754,0.370324,0.13,1,1486598,1486171,427
104232181,64.187,63.5559,428,36811,0.354065,0.27,1,1486669,1486241,428
104235101,92.8374,88.7112,433,36868,0.398813,0.27,1,1486769,1486336,433
104238021,20.1675,19.3422,433,36925,0.407763,0.31,1,1486771,1486338,433
104240941,29.6335,27.8684,435,36982,0.377553,0.31,1,1486803,1486368,435
104243861,33.9267,31.9737,437,37039,0.40351,0.31,1,1486838,1486401,437
104246781,8.38534,7.99474,437,37096,0.408702,0.35,1,1486840,1486403,437
104249701,36.0771,33.5989,440,37153,0.42574,0.35,1,1486883,1486443,440
104252621,32.8154,6.71979,472,37210,0.397148,0.43,1,1486915,1486443,472
104255541,24.1631,26.944,462,37267,0.40743,0.41,1,1486937,1486475,462
104258461,35.2326,23.7888,477,37324,0.409486,0.37,1,1486975,1486498,477
104261381,24.6465,35.1578,461,37381,0.425897,0.37,1,1486997,1486536,461
104264301,36.9293,24.6316,479,37438,0.445179,0.37,1,1487037,1486558,479
104267221,63.3859,36.9263,509,37494,0.465036,0.35,1,1487107,1486598,509
104270141,93.4772,64.1853,539,37550,0.501007,0.41,1,1487208,1486669,539
104273061,20.2954,92.8371,441,37606,0.508201,0.41,1,1487210,1486769,441
104275981,28.0591,20.1674,469,37662,0.50964,0.37,1,1487240,1486771,469
104278901,35.2118,29.6335,474,37718,0.509928,0.41,1,1487277,1486803,474
104281821,8.64236,33.9267,441,37774,0.509986,0.41,1,1487279,1486838,441
104284741,36.9285,8.38534,483,37830,0.541997,0.43,1,1487323,1486840,483
104287661,33.7857,36.0771,473,37886,0.580399,0.39,1,1487356,1486883,473
104290581,24.3571,32.8154,463,37942,0.63608,0.41,1,1487378,1486915,463
104293501,36.0714,24.1631,480,37998,0.663216,0.41,1,1487417,1486937,480
104296421,25.6143,35.2326,465,38054,0.684643,0.43,1,1487440,1486975,465
104299341,37.1229,24.6465,483,38110,0.688929,0.45,1,1487480,1486997,483
104302261,64.2246,36.9293,514,38165,0.705786,0.47,1,1487551,1487037,514
104305181,95.2449,63.3859,547,38220,0.741157,0.51,1,1487654,1487107,547
104308101,20.649,93.4772,448,38275,0.748231,0.51,1,1487656,1487208,448
104311021,28.1298,20.2954,476,38330,0.765646,0.51,2,1487686,1487210,476
104313941,35.226,28.0591,483,38385,0.785129,0.51,2,1487723,1487240,483
104316861,8.64519,35.2118,448,38440,0.789026,0.51,2,1487725,1487277,448
104319781,39.329,8.64236,493,38495,0.821805,0.55,2,1487772,1487279,493
104322701,37.4658,36.9285,486,38550,0.828361,0.59,2,1487809,1487323,486
104325621,25.8932,33.7857,476,38605,0.829672,0.65,2,1487832,1487356,476
104328541,6.77863,24.3571,456,38660,0.829934,0.67,2,1487834,1487378,456
104331461,31.7557,36.0714,455,38715,0.893987,0.69,2,1487872,1487417,455
104334381,25.5511,25.6143,456,38770,0.874797,0.69,2,1487896,1487440,456
104337301,37.1102,37.1229,456,38824,0.88696,0.71,2,1487936,1487480,456
104340221,65.022,64.2246,457,38878,0.921392,0.75,2,1488008,1487551,457
104554841,85,85,493,19203,0.01,0.83,1,1490795,1490302,493
104557761,78.6,69.8,504,19314,0.058,0.21,1,1490872,1490368,504
104560681,98.92,112.36,485,19424,0.0196,0,1,1490976,1490491,485
104563601,69.384,105.672,443,19533,0.02792,0.07,1,1491038,1490595,443
104566521,31.4768,45.1344,435,19642,0.029584,0,1,1491060,1490625,435
104569441,63.8954,29.8269,481,19750,0.0059168,0,1,1491132,1490651,481
104572361,79.9791,53.1654,506,19857,0.0251834,0.01,1,1491216,1490710,506
104575281,79.9958,78.6331,501,19964,0.0770367,0.07,1,1491296,1490795,501
104578201,97.5992,77.3266,526,20070,0.0874073,0.01,1,1491398,1490872,526
104581121,68.3198,98.6653,483,20176,0.0414815,0.03,1,1491459,1490976,483
104584041,31.264,69.3331,443,20281,0.0322963,0.03,1,1491481,1491038,443
104586961,65.4528,31.4666,495,20386,0.0304593,0,1,1491555,1491060,495
104589881,79.4906,63.8933,506,20490,0.0300919,0.03,1,1491638,1491132,506
104592801,82.2981,79.9787,505,20594,0.0620184,0.09,1,1491721,1491216,505
104595721,96.4596,79.9957,525,20697,0.132404,0.09,1,1491821,1491296,525
104598641,68.8919,97.5991,485,20799,0.0504807,0.03,1,1491883,1491398,485
104601561,28.9784,68.3198,443,20901,0.0500961,0.03,1,1491902,1491459,443
104604481,66.5957,31.264,497,21002,0.0180192,0.03,1,1491978,1491481,497
104607401,14.9191,65.4528,425,21103,0.0116038,0.03,1,1491980,1491555,425
104610321,67.7838,79.4906,423,21204,0.0103208,0.07,1,1492061,1491638,423
104613241,81.5568,82.2981,425,21304,0.0420642,0.15,1,1492146,1491721,425
104616161,100.311,96.4596,430,21404,0.160413,0.03,1,1492251,1491821,430
104619081,65.6623,68.8919,425,21503,0.136083,0.05,1,1492308,1491883,425
104622001,27.5325,28.9784,424,21602,0.131217,0.01,1,1492326,1491902,424
104624921,65.5065,66.5957,423,21700,0.0342433,0.01,1,1492401,1491978,423
104627841,14.7013,14.9191,423,21798,0.00684866,0.01,1,1492403,1491980,423
104630761,66.9403,67.7838,422,21895,0.0253697,0.05,1,1492483,1492061,422
104633681,81.3881,81.5568,422,21992,0.0130739,0.19,1,1492568,1492146,422
104636601,107.478,100.311,431,22088,0.0426148,0.13,1,1492682,1492251,431
104639521,64.6955,65.6623,428,22184,0.080523,0.13,1,1492736,1492308,428
104642441,27.3391,27.5325,428,22280,0.136105,0.01,1,1492754,1492326,428
104645361,60.6678,65.5065,422,22375,0.0512209,0,1,1492823,1492401,422
104648281,13.7336,14.7013,422,22470,0.0342442,0.03,1,1492825,1492403,422
104651201,68.3467,66.9403,424,22564,0.0308488,0.03,1,1492907,1492483,424
104654121,79.2693,13.3881,506,22658,0.0301698,0.01,1,1492989,1492483,506
104657041,108.654,70.6776,537,22752,0.030034,0.05,1,1493105,1492568,537
104659961,66.5308,105.336,479,22845,0.0620068,0.09,1,1493161,1492682,479
104662881,29.3062,64.2671,445,22938,0.0844014,0.15,1,1493181,1492736,445
104665801,56.2612,27.2534,490,23030,0.0728803,0.03,1,1493244,1492754,490
104668721,12.8522,60.6507,423,23122,0.102576,0.03,1,1493246,1492823,423
104671641,68.1704,13.7301,503,23214,0.0765152,0.03,1,1493328,1492825,503
104674561,80.8341,68.346,505,23305,0.071303,0.03,1,1493412,1492907,505
104677481,108.167,79.2692,538,23396,0.134261,0.03,1,1493527,1492989,538
104680401,68.8334,108.654,481,23487,0.210852,0.07,1,1493586,1493105,481
104683321,29.7667,66.5308,445,23577,0.19417,0.09,1,1493606,1493161,445
104686241,55.5533,29.3062,487,23667,0.238834,0.07,1,1493668,1493181,487
104689161,12.7107,56.2612,426,23757,0.247767,0.11,1,1493670,1493244,426
104692081,66.5421,12.8522,504,23846,0.281553,0.07,1,1493750,1493246,504
104695001,82.9084,68.1704,509,23935,0.272311,0.07,1,1493837,1493328,509
104697921,18.1817,80.8341,427,24024,0.270462,0.15,1,1493839,1493412,427
104700841,97.2363,108.167,429,24112,0.366092,0.23,1,1493956,1493527,429
104703761,68.2473,68.8334,431,24200,0.433219,0.19,1,1494017,1493586,431
104706681,30.4495,29.7667,432,24288,0.462644,0.25,1,1494038,1493606,432
104709601,57.2899,55.5533,434,24375,0.516529,0.25,1,1494102,1493668,434
104712521,13.058,12.7107,434,24462,0.495306,0.29,1,1494104,1493670,434
104715441,68.2116,66.5421,436,24549,0.539061,0.27,1,1494186,1493750,436
104718361,82.4423,82.9084,435,24635,0.579812,0.27,1,1494272,1493837,435
104721281,18.0885,18.1817,435,24721,0.587962,0.39,1,1494274,1493839,435
104724201,100.418,97.2363,439,24807,0.573592,0.45,1,1494395,1493956,439
104727121,72.8835,68.2473,444,24892,0.538718,0.47,1,1494461,1494017,444
104730041,32.1767,30.4495,445,24977,0.563744,0.53,1,1494483,1494038,445
104732961,59.2353,57.2899,447,25062,0.600749,0.49,1,1494549,1494102,447
104735881,13.4471,13.058,447,25147,0.60815,0.55,1,1494551,1494104,447
104738801,69.8894,68.2116,449,25231,0.67363,0.59,1,1494635,1494186,449
104741721,84.3779,82.4423,451,25315,0.670726,0.59,1,1494723,1494272,451
104744641,18.4756,18.0885,451,25399,0.670145,0.57,1,1494725,1494274,451
104747561,99.6951,100.418,450,25482,0.670029,0.57,1,1494845,1494395,450
104750481,70.339,20.0835,513,25565,0.654006,0.53,1,1494908,1494395,513
104753401,31.6678,56.8167,469,25648,0.666801,0.57,1,1494930,1494461,469
104756321,62.3336,28.9633,517,25731,0.73336,0.61,1,1495000,1494483,517
104759241,14.0667,58.5927,453,25813,0.762672,0.61,2,1495002,1494549,453
104762161,71.6133,13.3185,537,25895,0.752534,0.69,2,1495088,1494551,537
104765081,85.5227,69.8637,542,25977,0.734507,0.67,1,1495177,1494635,542
104768001,18.7045,84.3727,456,26059,0.730901,0.67,1,1495179,1494723,456
104770921,99.7409,18.4745,574,26140,0.79418,0.67,2,1495299,1494725,574
104773841,69.5482,99.6949,516,26221,0.822836,0.65,2,1495361,1494845,516
104776761,32.3096,70.339,476,26302,0.876567,0.67,2,1495384,1494908,476
104878961,37,74,506,28987,0.61,1,1,1497293,1496787,506
104881881,29.8,42,500,29060,0.562,1,1,1497321,1496821,500
104884801,37.16,27.6,515,29133,0.4404,1,1,1497360,1496845,515
104887721,32.232,35.12,509,29206,0.44808,1,1,1497391,1496882,509
104890641,56.0464,32.624,539,29278,0.305616,1,1,1497453,1496914,539
104893561,64.8093,60.1248,539,29350,0.133123,1,1,1497520,1496981,539
104896481,48.1619,70.425,510,29422,0.0506246,1,1,1497564,1497054,510
104899401,81.6324,45.285,561,29494,0.0101249,0.84,1,1497654,1497093,561
104902321,59.5265,88.257,516,29566,0.058025,0.71,1,1497708,1497192,516
104905241,38.3053,68.8514,485,29638,0.019605,0.61,1,1497741,1497256,485
104908161,27.6611,43.3703,473,29709,0.043921,0.55,1,1497766,1497293,473
104911081,34.3322,31.0741,481,29780,0.0487842,0.41,1,1497802,1497321,481
104914001,8.46644,37.4148,444,29851,0.0497568,0.45,1,1497804,1497360,444
104916921,21.6933,32.283,438,29922,0.113951,0.27,1,1497829,1497391,438
104919841,52.3387,56.0566,436,29993,0.15879,0.09,1,1497889,1497453,436
104922761,56.0677,64.8113,426,30064,0.231758,0.03,1,1497946,1497520,426
104925681,44.0135,48.1623,423,30134,0.182352,0,1,1497987,1497564,423
104928601,80.8027,81.6325,423,30204,0.17247,0.07,1,1498077,1497654,423
104931521,60.9605,59.5265,425,30274,0.138494,0.01,1,1498133,1497708,425
104934441,36.9921,38.3053,423,30344,0.163699,0.05,1,1498164,1497741,423
104937361,28.9984,27.6611,425,30414,0.15274,0.05,1,1498191,1497766,425
104940281,36.1997,34.3322,427,30484,0.118548,0.05,1,1498229,1497802,427
104943201,8.83994,8.46644,427,30553,0.11171,0.13,1,1498231,1497804,427
104946121,22.568,21.6933,428,30622,0.0783419,0.17,1,1498257,1497829,428
104949041,54.1136,52.3387,430,30691,0.135668,0.25,1,1498319,1497889,430
104951961,58.0227,56.0677,432,30760,0.115134,0.17,1,1498378,1497946,432
104954881,42.8045,44.0135,430,30829,0.143027,0.17,1,1498417,1497987,430
104957801,78.9609,80.8027,428,30898,0.180605,0.13,1,1498505,1498077,428
104960721,60.5922,60.9605,428,30966,0.204121,0.17,1,1498561,1498133,428
104963641,36.9184,36.9921,428,31034,0.192824,0.15,1,1498592,1498164,428
104966561,28.1837,28.9984,427,31102,0.158565,0.11,1,1498618,1498191,427
104969481,34.4367,36.1997,425,31170,0.215713,0.11,1,1498654,1498229,425
104972401,8.48735,8.83994,425,31238,0.227143,0.07,1,1498656,1498231,425
104975321,22.4975,22.568,425,31306,0.245429,0.07,1,1498682,1498257,425
104978241,55.6995,4.5136,489,31374,0.185086,0.15,1,1498746,1498257,489
104981161,57.5399,50.5027,485,31441,0.189017,0.11,1,1498804,1498319,485
104984081,42.708,57.3005,465,31508,0.237803,0.15,1,1498843,1498378,465
104987001,80.5416,42.6601,516,31575,0.263561,0.19,1,1498933,1498417,516
104989921,61.7083,78.932,485,31642,0.300712,0.21,1,1498990,1498505,485
104992841,36.3417,60.5864,459,31709,0.308142,0.19,1,1499020,1498561,459
104995761,28.0683,36.9173,454,31776,0.309628,0.15,1,1499046,1498592,454
104998681,36.8137,28.1835,467,31843,0.325926,0.23,1,1499085,1498618,467
105001601,8.96273,34.4367,433,31909,0.361185,0.23,1,1499087,1498654,433
105004521,22.5925,8.48734,457,31975,0.368237,0.25,1,1499113,1498656,457
105007441,54.1185,22.4975,493,32041,0.401647,0.17,1,1499175,1498682,493
105010361,58.0237,55.6995,488,32107,0.456329,0.19,1,1499234,1498746,488
105013281,45.2047,57.5399,472,32173,0.515266,0.25,1,1499276,1498804,472
105016201,81.841,42.708,524,32239,0.543053,0.27,1,1499367,1498843,524
105019121,63.5682,80.5416,493,32305,0.580611,0.31,1,1499426,1498933,493
105022041,36.7136,61.7083,466,32370,0.588122,0.31,1,1499456,1498990,466
105024961,28.1427,36.3417,462,32435,0.605624,0.31,1,1499482,1499020,462
105027881,39.2285,28.0683,478,32500,0.625125,0.33,1,1499524,1499046,478
105030801,9.44571,36.8137,441,32565,0.629025,0.37,1,1499526,1499085,441
105033721,23.4891,8.96273,466,32630,0.613805,0.37,1,1499553,1499087,466
105036641,55.0978,22.5925,503,32695,0.666761,0.41,1,1499616,1499113,503
105039561,60.6196,54.1185,503,32760,0.701352,0.47,1,1499678,1499175,503
105042481,13.7239,58.0237,446,32825,0.70827,0.53,1,1499680,1499234,446
105045401,39.5448,45.2047,450,32889,0.789654,0.55,2,1499726,1499276,450
105048321,79.909,81.841,449,32953,0.805931,0.59,2,1499816,1499367,449
105051241,64.7818,63.5682,451,33017,0.841186,0.59,2,1499877,1499426,451
105054161,36.9564,36.7136,451,33081,0.864237,0.61,2,1499907,1499456,451
105057081,28.9913,28.1427,452,33145,0.884847,0.63,2,1499934,1499482,452
105060001,40.1983,39.2285,453,33209,0.872969,0.63,2,1499977,1499524,453
105062921,9.63965,9.44571,453,33273,0.902594,0.61,2,1499979,1499526,453
105065841,23.5279,23.4891,453,33337,0.892519,0.68,2,1500006,1499553,453
105068761,56.7056,55.0978,455,33400,0.874504,0.71,2,1500071,1499616,455
105071681,62.5411,60.6196,457,33463,0.886901,0.71,2,1500135,1499678,457
105074601,14.1082,13.7239,457,33526,0.85738,0.81,2,1500137,1499680,457
105077521,42.0216,39.5448,460,33589,0.851476,0.81,2,1500186,1499726,460
105080441,82.0043,79.909,462,33652,0.898295,0.85,2,1500278,1499816,462
105083361,66.8009,64.7818,464,33715,0.891659,0.87,2,1500341,1499877,464
105086281,38.1602,36.9564,465,33778,0.922332,0.89,2,1500372,1499907,465
105089201,28.432,28.9913,464,33841,0.912466,0.87,2,1500398,1499934,464
105092121,40.8864,40.1983,465,33903,0.942493,0.91,2,1500442,1499977,465
105095041,9.77728,9.63965,465,33965,0.916499,0.89,2,1500444,1499979,465
105214761,35,22,493,36428,0.79,1,2,1502198,1501705,493
105217681,41.4,46,484,36486,0.646,1,1,1502241,1501757,484
105220601,41.08,42.8,483,36544,0.5372,1,1,1502282,1501799,483
105223521,33.016,30.96,486,36602,0.46744,1,1,1502313,1501827,486
105226441,26.6032,27.792,484,36660,0.389488,0.92,1,1502338,1501854,484
105229361,36.5206,24.7584,499,36718,0.325898,1,1,1502377,1501878,499
105232281,32.1041,24.9517,505,36776,0.26518,1,1,1502408,1501903,505
105235201,28.0208,46.5903,480,36833,0.205036,1,1,1502435,1501955,480
105238121,68.0042,70.9181,481,36890,0.0650072,1,1,1502513,1502032,481
105241041,34.4008,39.7836,475,36947,0.0690014,0.84,1,1502539,1502064,475
105243961,21.2802,30.3567,465,37004,0.0698003,0.83,1,1502557,1502092,465
105246881,56.256,62.8713,459,37061,0.0699601,0.79,1,1502622,1502163,459
105249801,37.6512,40.5743,457,37118,0.085992,0.61,1,1502655,1502198,457
105252721,35.5302,42.5149,449,37175,0.0891984,0.61,1,1502690,1502241,449
105255641,36.706,8.50297,486,37232,0.0738397,0.51,1,1502727,1502241,486
105258561,30.5412,34.5006,474,37289,0.102768,0.45,1,1502756,1502282,474
105261481,21.3082,31.7001,462,37346,0.0605536,0.37,1,1502775,1502313,462
105264401,36.2616,26.34,477,37403,0.0681107,0.31,1,1502815,1502338,477
105267321,30.4523,36.468,467,37459,0.0856221,0.25,1,1502844,1502377,467
105270241,21.2905,32.0936,455,37515,0.121124,0.19,1,1502863,1502408,455
105273161,64.2581,28.0187,503,37571,0.0642249,0.03,1,1502938,1502435,503
105276081,32.8516,68.0037,450,37627,0.116845,0.07,1,1502963,1502513,450
105279001,18.5703,34.4007,439,37683,0.111369,0.07,1,1502978,1502539,439
105281921,58.1141,21.2802,489,37739,0.0782738,0.07,1,1503046,1502557,489
105284841,37.2228,56.256,456,37795,0.0716548,0.09,1,1503078,1502622,456
105287761,35.4446,37.6512,458,37851,0.102331,0.09,1,1503113,1502655,458
105290681,37.4889,35.5302,461,37907,0.140466,0.07,1,1503151,1502690,461
105293601,30.6978,36.706,453,37963,0.196093,0.11,1,1503180,1502727,453
105296521,22.1396,30.5412,444,38019,0.207219,0.05,1,1503200,1502756,444
105299441,35.6279,21.3082,464,38075,0.241444,0.07,1,1503239,1502775,464
105302361,31.9256,36.2616,455,38130,0.232289,0.09,1,1503270,1502815,455
105305281,20.7851,30.4523,444,38185,0.230458,0.13,1,1503288,1502844,444
105308201,64.157,21.2905,500,38240,0.230092,0.05,1,1503363,1502863,500
105311121,32.8314,64.2581,450,38295,0.214018,0.13,1,1503388,1502938,450
105314041,17.7663,32.8516,439,38350,0.210804,0.11,1,1503402,1502963,439
105316961,58.7533,18.5703,493,38405,0.258161,0.07,1,1503471,1502978,493
105319881,38.9507,58.1141,459,38460,0.331632,0.07,1,1503505,1503046,459
105322801,34.9901,37.2228,461,38515,0.330326,0.11,1,1503539,1503078,461
105325721,38.998,35.4446,466,38570,0.330065,0.15,1,1503579,1503113,466
105328641,9.3996,37.4889,430,38625,0.330013,0.21,1,1503581,1503151,430
105331561,26.6799,30.6978,432,38680,0.378003,0.21,1,1503612,1503180,432
105334481,21.336,22.1396,432,38735,0.419601,0.25,1,1503632,1503200,432
105337401,37.0672,35.6279,434,38790,0.42792,0.23,1,1503673,1503239,434
105340321,31.4134,31.9256,433,38844,0.445584,0.23,1,1503703,1503270,433
105343241,21.4827,20.7851,434,38898,0.433117,0.23,1,1503722,1503288,434
105346161,63.4965,64.157,433,38952,0.478623,0.21,1,1503796,1503363,433
105349081,31.8993,32.8314,432,39006,0.487725,0.21,1,1503820,1503388,432
105352001,19.1799,17.7663,434,39060,0.489545,0.27,1,1503836,1503402,434
105354921,59.836,58.7533,435,39114,0.521909,0.35,1,1503906,1503471,435
105357841,40.7672,38.9507,437,39168,0.544382,0.33,1,1503942,1503505,437
105360761,36.1534,34.9901,438,39222,0.548876,0.33,1,1503977,1503539,438
105363681,40.0307,38.998,439,39276,0.581775,0.33,1,1504018,1503579,439
105366601,9.60614,9.3996,439,39330,0.588355,0.39,1,1504020,1503581,439
105369521,28.3212,26.6799,441,39384,0.541671,0.43,1,1504053,1503612,441
105372441,21.6642,21.336,441,39438,0.596334,0.43,1,1504073,1503632,441
105375361,37.9329,37.0672,442,39492,0.575267,0.45,1,1504115,1503673,442
105378281,31.5866,31.4134,442,39545,0.587053,0.43,1,1504145,1503703,442
105381201,22.3173,21.4827,443,39598,0.573411,0.49,1,1504165,1503722,443
105384121,64.4635,63.4965,444,39651,0.634682,0.49,1,1504240,1503796,444
105387041,32.0927,31.8993,444,39704,0.614936,0.49,1,1504264,1503820,444
105389961,19.2185,19.1799,444,39757,0.610987,0.53,1,1504280,1503836,444
105392881,61.4437,59.836,446,39810,0.658197,0.55,1,1504352,1503906,446
105395801,41.8887,40.7672,447,39863,0.619639,0.55,1,1504389,1503942,447
105398721,37.9777,36.1534,449,39916,0.643928,0.59,1,1504426,1503977,449
105401641,40.3955,40.0307,449,39969,0.680786,0.59,1,1504467,1504018,449
105404561,9.67911,9.60614,449,40022,0.704157,0.53,1,1504469,1504020,449
105407481,27.5358,28.3212,448,40075,0.740831,0.53,1,1504501,1504053,448
105410401,22.3072,5.66425,469,40128,0.716166,0.61,1,1504522,1504053,469
105413321,36.4614,17.1328,489,40181,0.743233,0.57,1,1504562,1504073,489
105416241,32.8923,37.0266,479,40234,0.716647,0.59,1,1504594,1504115,479
105419161,22.5785,31.4053,469,40286,0.759329,0.57,2,1504614,1504145,469
105422081,66.1157,22.2811,526,40338,0.767866,0.65,2,1504691,1504165,526
105425001,32.4231,64.4562,475,40390,0.785573,0.61,2,1504715,1504240,475
105427921,19.2846,32.0912,467,40442,0.789115,0.61,2,1504731,1504264,467
105430841,62.2569,19.2182,524,40494,0.773823,0.67,2,1504804,1504280,524
105433761,41.2514,61.4437,488,40546,0.770765,0.61,2,1504840,1504352,488
105436681,40.2503,41.8887,491,40598,0.850153,0.65,2,1504880,1504389,491
105439601,42.4501,37.9777,497,40650,0.834031,0.69,2,1504923,1504426,497
105442521,10.09,40.3955,458,40702,0.830806,0.71,2,1504925,1504467,458
105445441,28.418,9.67911,489,40754,0.846161,0.75,2,1504958,1504469,489
105448361,22.4836,27.5358,478,40806,0.833232,0.71,2,1504979,1504501,478
105451281,37.2967,22.3072,498,40858,0.894646,0.75,2,1505020,1504522,498
105661521,105,85,517,19925,0.03,1,1,1507657,1507140,517
105664441,92.2,82.6,524,20031,0.03,0.81,1,1507746,1507222,524
105667361,71.24,96.52,490,20137,0.046,0.51,1,1507812,1507322,490
105670281,83.048,84.104,495,20242,0.0652,0.29,1,1507898,1507403,495
105673201,40.6096,78.4208,448,20347,0.06904,0.25,1,1507928,1507480,448
105676121,48.9219,39.6842,469,20451,0.133808,0.13,1,1507979,1507510,469
105679041,89.7844,41.5368,527,20555,0.194762,0.03,1,1508079,1507552,527
105681961,89.1569,92.3074,511,20658,0.142952,0.03,1,1508168,1507657,511
105684881,70.6314,89.6615,488,20761,0.14859,0.05,1,1508234,1507746,488
105687801,84.5263,70.7323,510,20863,0.117718,0.07,1,1508322,1507812,510
105690721,41.7053,82.9465,455,20965,0.127544,0.07,1,1508353,1507898,455
105693641,9.94105,40.5893,427,21066,0.129509,0.15,1,1508355,1507928,427
105696561,42.7882,48.9179,427,21167,0.145902,0.21,1,1508406,1507979,427
105699481,90.9576,89.7836,430,21267,0.22918,0.13,1,1508509,1508079,430
105702401,87.7915,89.1567,428,21367,0.213836,0.15,1,1508596,1508168,428
105705321,69.5583,70.6313,427,21466,0.242767,0.11,1,1508661,1508234,427
105708241,84.3117,84.5263,427,21565,0.296553,0.13,1,1508749,1508322,427
105711161,42.4623,41.7053,428,21663,0.323311,0.13,1,1508781,1508353,428
105714081,10.0925,9.94105,428,21761,0.296662,0.15,1,1508783,1508355,428
105717001,43.6185,42.7882,429,21858,0.307332,0.25,1,1508835,1508406,429
105719921,93.5237,90.9576,432,21955,0.373466,0.21,1,1508941,1508509,432
105722841,88.3047,87.7915,432,22052,0.418693,0.25,1,1509028,1508596,432
105725761,71.2609,69.5583,434,22148,0.459739,0.31,1,1509095,1508661,434
105728681,85.4522,84.3117,435,22244,0.499948,0.33,1,1509184,1508749,435
105731601,43.4904,42.4623,436,22339,0.55599,0.29,1,1509217,1508781,436
105734521,10.2981,10.0925,436,22434,0.567198,0.31,1,1509219,1508783,436
105737441,43.6596,43.6185,436,22529,0.56944,0.31,1,1509271,1508835,436
105740361,95.9319,8.7237,545,22623,0.585888,0.39,1,1509380,1508835,545
105743281,91.1864,86.5447,529,22717,0.621178,0.43,1,1509470,1508941,529
105746201,73.4373,86.9089,511,22810,0.644236,0.47,1,1509539,1509028,511
105749121,87.4875,70.9818,535,22903,0.664847,0.51,1,1509630,1509095,535
105752041,46.2975,85.3964,482,22996,0.684969,0.57,1,1509666,1509184,482
105754961,10.8595,43.4793,451,23088,0.688994,0.57,1,1509668,1509217,451
105757881,43.7719,10.2959,501,23180,0.705799,0.57,1,1509720,1509219,501
105760801,95.1544,43.6592,557,23271,0.74116,0.59,1,1509828,1509271,557
105763721,94.2309,95.9318,542,23362,0.876232,0.63,2,1509922,1509380,542
105766641,74.8462,91.1864,522,23453,0.919246,0.65,2,1509992,1509470,522
105769561,88.5692,73.4373,545,23543,0.895849,0.67,2,1510084,1509539,545
105772481,47.3138,87.4875,491,23633,0.89117,0.69,2,1510121,1509630,491
105775401,11.0628,46.2975,457,23723,0.890234,0.69,2,1510123,1509666,457
105778321,44.6126,10.8595,508,23812,0.874047,0.71,2,1510176,1509668,508
105781241,97.7225,43.7719,567,23901,0.886809,0.75,2,1510287,1509720,567
105784161,21.1445,95.1544,461,23990,0.921362,0.91,2,1510289,1509828,461
105877601,33,124,514,26671,0.59,1,1,1512228,1511714,514
105880521,60.2,40.8,561,26750,0.43,0.92,1,1512295,1511734,561
105883441,43.24,68.16,525,26829,0.414,1,1,1512334,1511809,525
105886361,98.248,65.632,572,26908,0.3628,1,1,1512446,1511874,572
105889281,26.8496,94.7264,479,26987,0.40056,1,1,1512455,1511976,479
105892201,25.3699,47.7453,468,27065,0.360112,0.97,1,1512480,1512012,468
105895121,29.874,33.5491,469,27143,0.368022,0.85,1,1512511,1512042,469
105898041,26.7748,32.3098,463,27221,0.369604,0.65,1,1512537,1512074,463
105900961,91.755,103.262,450,27299,0.417921,0.59,1,1512645,1512195,450
105903881,45.551,47.0524,451,27377,0.459584,0.39,1,1512679,1512228,451
105906801,57.1102,63.0105,444,27454,0.499917,0.41,1,1512739,1512295,444
105909721,43.422,43.8021,445,27531,0.491983,0.35,1,1512779,1512334,445
105912641,95.0844,98.3604,441,27608,0.554397,0.41,1,1512887,1512446,441
105915561,25.4169,26.8721,440,27685,0.534879,0.35,1,1512895,1512455,440
105918481,25.8834,25.3744,441,27761,0.578976,0.37,1,1512921,1512480,441
105921401,29.1767,29.8749,440,27837,0.603795,0.37,1,1512951,1512511,440
105924321,25.0353,26.775,438,27913,0.576759,0.43,1,1512975,1512537,438
105927241,95.4071,91.755,443,27989,0.635352,0.47,1,1513088,1512645,443
105930161,46.2814,45.551,443,28065,0.67907,0.51,1,1513122,1512679,443
105933081,61.2563,57.1102,448,28140,0.719814,0.49,1,1513187,1512739,448
105936001,42.6513,43.422,446,28215,0.727963,0.57,1,1513225,1512779,446
105938921,96.5303,95.0844,448,28290,0.697593,0.53,1,1513335,1512887,448
105941841,25.706,25.4169,448,28365,0.691518,0.53,1,1513343,1512895,448
105944761,25.9412,5.08338,474,28440,0.658304,0.59,1,1513369,1512895,474
105947681,29.9882,21.8167,479,28514,0.683661,0.61,1,1513400,1512921,479
105950601,25.9976,28.3633,474,28588,0.688732,0.57,1,1513425,1512951,474
105953521,97.9995,24.8727,566,28662,0.737746,0.65,1,1513541,1512975,566
105956441,49.1999,95.3745,490,28736,0.747549,0.69,1,1513578,1513088,490
105959361,61.04,46.2749,520,28810,0.76551,0.73,2,1513642,1513122,520
105962281,42.608,61.255,493,28883,0.785102,0.73,2,1513680,1513187,493
105965201,94.9216,42.651,563,28956,0.86902,0.69,2,1513788,1513225,563
105968121,25.3843,96.5302,461,29029,0.885804,0.69,2,1513796,1513335,461
105971041,26.6769,25.706,480,29102,0.937161,0.65,2,1513823,1513343,480
106082001,31,113,508,31748,0.81,1,2,1515720,1515212,508
106084921,37.4,40.2,525,31815,0.73,1,1,1515759,1515234,525
106087841,27.48,32.04,520,31881,0.714,1,1,1515784,1515264,520
106090761,27.896,34.408,513,31947,0.6788,0.98,1,1515812,1515299,513
106093681,35.9792,28.4816,524,32013,0.71976,1,1,1515850,1515326,524
106096601,54.3958,32.8963,549,32079,0.679952,0.96,1,1515909,1515360,549
106099521,34.0792,60.1793,511,32145,0.65599,1,1,1515938,1515427,511
106102441,66.0158,45.6359,543,32211,0.699198,0.98,1,1516012,1515469,543
106105361,41.2032,61.9272,512,32277,0.70784,0.92,1,1516047,1515535,512
106108281,93.8406,41.9854,582,32343,0.645568,0.83,1,1516154,1515572,582
106111201,40.3681,101.997,492,32408,0.665114,0.81,1,1516181,1515689,492
106114121,37.6736,45.1994,498,32473,0.685023,0.71,1,1516218,1515720,498
106117041,25.9347,40.2399,482,32538,0.721005,0.71,1,1516241,1515759,482
106119961,24.3869,28.048,481,32603,0.696201,0.67,1,1516265,1515784,481
106122881,36.0774,28.0096,492,32668,0.72324,0.73,1,1516304,1515812,492
106125801,56.0155,36.0019,515,32733,0.792648,0.67,2,1516365,1515850,515
106128721,12.8031,54.4004,458,32798,0.80653,0.65,2,1516367,1515909,458
106131641,24.1606,34.0801,456,32862,0.825306,0.71,2,1516394,1515938,456
106134561,64.8321,66.016,457,32926,0.893061,0.71,2,1516469,1516012,457
106137481,40.1664,41.2032,456,32990,0.874612,0.63,2,1516503,1516047,456
106140401,92.0333,93.8406,454,33054,0.902922,0.67,2,1516608,1516154,454
106143321,40.8067,40.3681,455,33118,0.908585,0.69,2,1516636,1516181,455
106283481,38,24,510,36056,0.81,1,2,1518651,1518141,510
106286401,29.2,29.6,506,36115,0.762,1,2,1518678,1518172,506
106289321,43.44,60.32,485,36174,0.6564,1,1,1518725,1518240,485
106292241,32.688,31.264,491,36232,0.58728,1,1,1518755,1518264,491
106295161,46.5376,40.6528,498,36290,0.397456,1,1,1518805,1518307,498
106298081,34.9075,36.9306,494,36348,0.263491,1,1,1518837,1518343,494
106301001,26.1815,26.5861,494,36406,0.204698,1,1,1518861,1518367,494
106303921,32.4363,39.7172,485,36464,0.0489396,1,1,1518895,1518410,485
106306841,79.2873,79.9434,486,36522,0.0337879,1,1,1518986,1518500,486
106309761,30.2575,38.3887,476,36580,0.0307576,0.93,1,1519004,1518528,476
106312681,42.8515,50.0777,469,36638,0.0141515,0.86,1,1519050,1518581,469
106315601,31.7703,35.6155,466,36696,0.0108303,0.81,1,1519079,1518613,466
106318521,33.5541,37.5231,462,36754,0.0261661,0.75,1,1519113,1518651,462
106321441,26.7108,29.1046,460,36811,0.0132332,0.63,1,1519138,1518678,460
106324361,38.9422,43.4209,455,36868,0.0426466,0.57,1,1519180,1518725,455
106327281,26.1884,32.6842,448,36925,0.0805293,0.35,1,1519203,1518755,448
106330201,35.6377,46.5368,436,36982,0.136106,0.23,1,1519241,1518805,436
106333121,26.3275,34.9074,428,37039,0.0992212,0.19,1,1519265,1518837,428
106336041,23.6655,26.1815,427,37096,0.0758442,0.01,1,1519288,1518861,427
106338961,27.9331,32.4363,422,37153,0.0391688,0.01,1,1519317,1518895,422
106341881,78.3866,6.48726,513,37210,0.0318338,0.03,1,1519408,1518895,513
106344801,29.2773,74.0975,439,37267,0.0623668,0.03,1,1519425,1518986,439
106347721,42.6555,29.2195,467,37324,0.0364733,0.01,1,1519471,1519004,467
106350641,31.7311,42.6439,450,37381,0.0312947,0.01,1,1519500,1519050,450
106353561,34.3462,31.7288,456,37438,0.0462589,0.03,1,1519535,1519079,456
106356481,26.8692,33.5458,447,37494,0.0652518,0.01,1,1519560,1519113,447
106359401,39.7738,26.7092,465,37550,0.0370504,0.05,1,1519603,1519138,465
106362321,27.9548,38.9418,448,37606,0.11141,0.09,1,1519628,1519180,448
106365241,35.191,26.1884,462,37662,0.110282,0.15,1,1519665,1519203,462
106368161,25.4382,35.6377,447,37718,0.158056,0.09,1,1519688,1519241,447
106371081,24.2876,26.3275,447,37774,0.167611,0.07,1,1519712,1519265,447
106374001,25.6575,23.6655,450,37830,0.185522,0.03,1,1519738,1519288,450
106376921,79.5315,27.9331,514,37886,0.109104,0.03,1,1519831,1519317,514
106379841,30.3063,78.3866,441,37942,0.0618209,0.07,1,1519849,1519408,441
106382761,42.0613,29.2773,469,37998,0.0203642,0.03,1,1519894,1519425,469
106385681,30.0123,42.6555,450,38054,0.00407284,0.03,1,1519921,1519471,450
106388601,35.6025,31.7311,458,38110,0.0248146,0.05,1,1519958,1519500,458
106391521,25.5205,34.3462,446,38165,0.0129629,0.07,1,1519981,1519535,446
106394441,41.9041,26.8692,467,38220,0.00259258,0.03,1,1520027,1519560,467
106397361,29.1808,39.7738,450,38275,0.0565185,0.13,1,1520053,1519603,450
106400281,36.2362,27.9548,463,38330,0.115304,0.11,1,1520091,1519628,463
106403201,28.0472,35.191,452,38385,0.127061,0.17,1,1520117,1519665,452
106406121,24.8094,25.4382,453,38440,0.129412,0.17,1,1520141,1519688,453
106409041,23.3619,24.2876,452,38495,0.145882,0.19,1,1520164,1519712,452
106411961,76.6724,25.6575,516,38550,0.101176,0.09,1,1520254,1519738,516
106414881,29.7345,79.5315,441,38605,0.124235,0.05,1,1520272,1519831,441
106417801,7.54689,30.3063,425,38660,0.128847,0.01,1,1520274,1519849,425
106420721,35.1094,42.0613,422,38715,0.113769,0,1,1520316,1519894,422
106423641,28.6219,30.0123,422,38770,0.0627539,0.03,1,1520343,1519921,422
106426561,36.1244,35.6025,423,38824,0.0205508,0.01,1,1520381,1519958,423
106429481,25.6249,25.5205,423,38878,0.0281102,0,1,1520404,1519981,423
106432401,41.925,41.9041,423,38932,0.013622,0.07,1,1520450,1520027,423
106435321,30.785,29.1808,425,38986,0.0587244,0.13,1,1520478,1520053,425
106438241,38.957,36.2362,428,39040,0.0997449,0.13,1,1520519,1520091,428
106441161,28.5914,28.0472,428,39094,0.075949,0.13,1,1520545,1520117,428
106444081,24.9183,24.8094,428,39148,0.0871898,0.15,1,1520569,1520141,428
106447001,24.1837,23.3619,429,39202,0.089438,0.09,1,1520593,1520164,429
106449921,75.2367,76.6724,427,39256,0.153888,0.13,1,1520681,1520254,427
106452841,31.0473,29.7345,429,39310,0.166778,0.13,1,1520701,1520272,429
106455761,7.80947,7.54689,429,39364,0.169356,0.11,1,1520703,1520274,429
106458681,31.9619,35.1094,425,39418,0.201871,0.05,1,1520741,1520316,425
106461601,25.5924,28.6219,422,39472,0.240374,0.01,1,1520765,1520343,422
106464521,35.5185,36.1244,422,39526,0.152075,0.03,1,1520803,1520381,422
106467441,25.5037,25.6249,422,39579,0.150415,0.01,1,1520826,1520404,422
106470361,41.9007,41.925,422,39632,0.070083,0.07,1,1520872,1520450,422
106473281,31.5801,30.785,423,39685,0.0380166,0.11,1,1520901,1520478,423
106476201,40.716,38.957,425,39738,0.0476033,0.07,1,1520944,1520519,425
106479121,28.9432,28.5914,425,39791,0.0655207,0.09,1,1520970,1520545,425
106482041,25.7886,24.9183,426,39844,0.0851041,0.09,1,1520995,1520569,426
106484961,24.3577,24.1837,426,39897,0.0890208,0.17,1,1521019,1520593,426
106487881,78.4715,75.2367,430,39950,0.0258042,0.17,1,1521111,1520681,430
106490801,30.8943,31.0473,429,40003,0.0291608,0.17,1,1521130,1520701,429
106493721,7.77886,7.80947,429,40056,0.0298322,0.21,1,1521132,1520703,429
106496641,32.7558,31.9619,430,40109,0.0619664,0.21,1,1521171,1520741,430
106499561,23.3512,6.39238,451,40162,0.0683933,0.25,1,1521192,1520741,451
106502481,35.0702,20.4785,465,40215,0.0856787,0.13,1,1521230,1520765,465
106505401,24.614,34.4957,449,40268,0.105136,0.15,1,1521252,1520803,449
106508321,37.7228,25.2991,467,40320,0.109027,0.05,1,1521293,1520826,467
106511241,31.5446,41.8598,451,40372,0.0938054,0.03,1,1521323,1520872,451
106514161,41.5089,31.572,466,40424,0.106761,0.05,1,1521367,1520901,466
106517081,29.9018,40.7144,450,40476,0.0933522,0.07,1,1521394,1520944,450
106520001,26.7804,28.9429,450,40528,0.10667,0.09,1,1521420,1520970,450
106522921,24.5561,25.7886,449,40580,0.109334,0.09,1,1521444,1520995,449
106525841,75.3112,24.3577,513,40632,0.125867,0.01,1,1521532,1521019,513
106528761,31.0622,78.4715,441,40684,0.145173,0.03,1,1521552,1521111,441
106531681,7.81245,30.8943,424,40736,0.149035,0.03,1,1521554,1521130,424
106534601,35.1625,7.77886,464,40788,0.197807,0.07,1,1521596,1521132,464
106537521,23.0325,32.7558,445,40840,0.223561,0.07,1,1521616,1521171,445
106540441,35.8065,23.3512,463,40892,0.292712,0.09,1,1521655,1521192,463
106543361,25.5613,35.0702,448,40944,0.322542,0.11,1,1521678,1521230,448
106546281,36.3123,24.614,465,40996,0.312508,0.11,1,1521717,1521252,465
106549201,32.0625,37.7228,455,41047,0.294502,0.09,1,1521748,1521293,455
106552121,42.4125,31.5446,470,41098,0.2749,0.11,1,1521793,1521323,470
106555041,30.0825,41.5089,453,41149,0.28698,0.09,1,1521820,1521367,453
106557961,26.8165,29.9018,452,41200,0.257396,0.11,1,1521846,1521394,452
106560881,24.5633,26.7804,450,41251,0.251479,0.11,1,1521870,1521420,450
106563801,76.9127,24.5561,516,41302,0.330296,0.13,1,1521960,1521444,516
106566721,31.3825,75.3112,448,41353,0.346059,0.15,1,1521980,1521532,448
106569641,7.87651,31.0622,430,41404,0.349212,0.15,1,1521982,1521552,430
106572561,37.5753,7.81245,473,41455,0.333842,0.21,1,1522027,1521554,473
106575481,24.3151,35.1625,452,41506,0.346768,0.23,1,1522048,1521596,452
106578401,6.46301,23.0325,434,41557,0.365354,0.31,1,1522050,1521616,434
106581321,34.8926,35.8065,437,41608,0.417071,0.33,1,1522092,1521655,437
106584241,26.1785,25.5613,438,41659,0.459414,0.31,1,1522116,1521678,438
106587161,35.6357,36.3123,437,41710,0.467883,0.29,1,1522154,1521717,437
106590081,31.1271,32.0625,436,41761,0.485577,0.27,1,1522184,1521748,436
106593001,41.4254,42.4125,435,41812,0.505115,0.29,1,1522228,1521793,435
106595921,29.0851,30.0825,434,41862,0.493023,0.25,1,1522254,1521820,434
106598841,26.617,26.8165,434,41912,0.506605,0.25,1,1522280,1521846,434
106601761,25.3234,24.5633,435,41962,0.557321,0.35,1,1522305,1521870,435
106604681,80.2647,76.9127,439,42012,0.583464,0.35,1,1522399,1521960,439
106607601,32.0529,31.3825,439,42062,0.604693,0.35,1,1522419,1521980,439
106610521,8.01059,7.87651,439,42112,0.608939,0.33,1,1522421,1521982,439
106613441,36.8021,37.5753,438,42162,0.641788,0.35,1,1522465,1522027,438
106616361,25.7604,24.3151,440,42212,0.648358,0.37,1,1522488,1522048,440
106619281,6.75208,6.46301,440,42262,0.649671,0.43,1,1522490,1522050,440
106622201,37.3504,34.8926,443,42312,0.633934,0.47,1,1522535,1522092,443
106625121,26.6701,26.1785,443,42362,0.694787,0.47,1,1522559,1522116,443
106628041,35.734,35.6357,443,42412,0.722957,0.49,1,1522597,1522154,443
106630961,32.7468,31.1271,445,42462,0.696591,0.51,1,1522629,1522184,445
106633881,41.7494,41.4254,445,42512,0.739318,0.49,1,1522673,1522228,445
106636801,29.9499,29.0851,446,42562,0.731864,0.51,1,1522700,1522254,446
106639721,27.59,26.617,447,42612,0.778373,0.57,2,1522727,1522280,447
106642641,27.918,25.3234,450,42662,0.819675,0.59,2,1522755,1522305,450
106645561,82.3836,80.2647,452,42711,0.843935,0.61,2,1522851,1522399,452
106648481,32.4767,32.0529,452,42760,0.848787,0.61,2,1522871,1522419,452
106651401,8.09534,8.01059,452,42809,0.817757,0.65,2,1522873,1522421,452
106654321,36.8191,36.8021,452,42858,0.811552,0.65,2,1522917,1522465,452
106657241,25.7638,25.7604,452,42907,0.82631,0.65,2,1522940,1522488,452
106660161,6.75276,6.75208,452,42956,0.829262,0.63,2,1522942,1522490,452
106663081,38.1506,37.3504,453,43005,0.829852,0.63,2,1522988,1522535,453
106666001,27.6301,7.47008,478,43054,0.781971,0.71,2,1523013,1522535,478
106668921,36.726,20.694,493,43103,0.772394,0.73,2,1523052,1522559,493
106671841,33.7452,34.5388,488,43152,0.802479,0.69,2,1523085,1522597,488
106674761,41.949,32.5078,500,43201,0.840496,0.75,2,1523129,1522629,500
106677681,30.7898,41.7016,484,43250,0.848099,0.73,2,1523157,1522673,484
106680601,28.558,29.9403,485,43299,0.86562,0.79,2,1523185,1522700,485
106683521,29.7116,27.5881,488,43348,0.901124,0.83,2,1523215,1522727,488
106686441,83.5423,27.9176,557,43397,0.924225,0.85,2,1523312,1522755,557
106689361,32.7085,82.3835,481,43446,0.928845,0.85,2,1523332,1522851,481
106692281,8.14169,32.4767,463,43495,0.929769,0.81,2,1523334,1522871,463
106695201,36.8283,8.09534,505,43544,0.929954,0.81,2,1523378,1522873,505
106698121,24.9657,36.8191,483,43592,0.929991,0.83,2,1523400,1522917,483
106701041,6.59313,25.7638,462,43640,0.929998,0.83,2,1523402,1522940,462
106858721,76,29,565,46178,0.67,1,1,1525208,1524643,565
106861641,35.2,81,496,46224,0.59,1,1,1525233,1524737,496
106864561,32.64,35.4,504,46270,0.462,1,1,1525265,1524761,504
106867481,28.128,28.68,504,46316,0.3884,1,1,1525292,1524788,504
106870401,28.0256,30.536,501,46362,0.30968,1,1,1525320,1524819,501
106873321,32.8051,25.3072,511,46407,0.197936,1,1,1525354,1524843,511
106876241,22.561,25.8614,505,46452,0.175587,1,1,1525374,1524869,505
106879161,31.7122,28.3723,510,46497,0.123117,1,1,1525408,1524898,510
106882081,22.3424,30.4745,499,46542,0.0246235,1,1,1525428,1524929,499
106885001,24.4685,26.0949,499,46587,0.0449247,1,1,1525453,1524954,499
106887921,35.2937,25.219,512,46632,0.0489849,1,1,1525491,1524979,512
106890841,27.8587,34.6438,501,46677,0.017797,0.88,1,1525517,1525016,501
106893761,26.3717,31.7288,496,46722,0.0275594,0.95,1,1525543,1525047,496
106896681,25.2743,31.9458,489,46767,0.0295119,0.93,1,1525568,1525079,489
106899601,25.0549,27.1892,488,46812,0.0299024,0.89,1,1525593,1525105,488
106902521,59.411,27.0378,529,46857,0.0299805,0.67,1,1525661,1525132,529
106905441,29.4822,66.2076,475,46902,0.0139961,0.57,1,1525683,1525208,475
106908361,26.6964,33.2415,476,46947,0.0267992,0.43,1,1525709,1525233,476
106911281,23.7393,32.2483,467,46992,0.0293598,0.37,1,1525732,1525265,467
106914201,22.3479,28.0497,462,47037,0.013872,0.29,1,1525754,1525292,462
106917121,29.2696,28.0099,465,47082,0.0747744,0.17,1,1525785,1525320,465
106920041,21.0539,32.802,450,47127,0.0709549,0.17,1,1525804,1525354,450
106922961,26.6108,22.5604,458,47172,0.038191,0.11,1,1525832,1525374,458
106925881,22.1222,31.7121,445,47217,0.0476382,0,1,1525853,1525408,445
106928801,23.6244,22.3424,449,47262,0.0975276,0.05,1,1525877,1525428,449
106931721,35.1249,24.4685,462,47307,0.107506,0.05,1,1525915,1525453,462
106934641,27.025,35.2937,449,47352,0.109501,0.01,1,1525940,1525491,449
106937561,7.005,27.8587,425,47397,0.1099,0.03,1,1525942,1525517,425
106940481,21.401,26.3717,424,47441,0.12598,0.03,1,1525967,1525543,424
106943401,23.4802,25.2743,423,47485,0.113196,0.03,1,1525991,1525568,423
106946321,26.296,25.0549,425,47529,0.0946392,0.03,1,1526018,1525593,425
106949241,57.2592,59.411,422,47573,0.0589278,0.01,1,1526083,1525661,422
106952161,29.8518,29.4822,423,47617,0.0677856,0.03,1,1526106,1525683,423
106955081,27.5704,26.6964,424,47661,0.0855571,0.03,1,1526133,1525709,424
106958001,23.1141,23.7393,423,47705,0.0571114,0.01,1,1526155,1525732,423
106960921,23.0228,22.3479,424,47749,0.0354223,0.09,1,1526178,1525754,424
106963841,29.4046,29.2696,424,47793,0.0790845,0.07,1,1526209,1525785,424
106966761,20.2809,21.0539,423,47837,0.0878169,0.03,1,1526227,1525804,423
106969681,27.2562,26.6108,424,47881,0.0415634,0.05,1,1526256,1525832,424
106972601,22.2512,22.1222,424,47925,0.0963127,0.11,1,1526277,1525853,424
106975521,26.0502,23.6244,427,47969,0.0912625,0.11,1,1526304,1525877,427
106978441,35.61,35.1249,427,48013,0.106253,0.11,1,1526342,1525915,427
106981361,27.122,27.025,427,48057,0.0932505,0.11,1,1526367,1525940,427
106984281,7.0244,7.005,427,48101,0.0586501,0.13,1,1526369,1525942,427
106987201,20.6049,21.401,426,48145,0.06773,0.11,1,1526393,1525967,426
106990121,22.521,23.4802,425,48189,0.069546,0.09,1,1526416,1525991,425
106993041,26.9042,26.296,426,48233,0.117909,0.05,1,1526444,1526018,426
106995961,54.1808,57.2592,422,48277,0.127582,0.07,1,1526505,1526083,422
106998881,31.6362,29.8518,425,48321,0.129516,0.09,1,1526531,1526106,425
107001801,27.1272,27.5704,424,48365,0.161903,0.05,1,1526557,1526133,424
107004721,23.0254,23.1141,424,48409,0.168381,0.03,1,1526579,1526155,424
107007641,23.8051,23.0228,425,48453,0.169676,0.09,1,1526603,1526178,425
107010561,28.761,29.4046,424,48496,0.169935,0.09,1,1526633,1526209,424
107013481,20.1522,20.2809,424,48539,0.217987,0.03,1,1526651,1526227,424
107016401,26.4304,27.2562,423,48582,0.195597,0.11,1,1526679,1526256,423
107019321,23.6861,22.2512,425,48625,0.239119,0.09,1,1526702,1526277,425
107022241,25.5372,26.0502,424,48668,0.279824,0.11,1,1526728,1526304,424
107025161,36.3074,35.61,425,48711,0.255965,0.09,1,1526767,1526342,425
107028081,26.4615,27.122,424,48754,0.251193,0.05,1,1526791,1526367,424
107031001,6.8923,7.0244,424,48797,0.282239,0.07,1,1526793,1526369,424
107033921,21.3785,20.6049,425,48840,0.272448,0.07,1,1526818,1526393,425
107036841,21.8757,4.12098,447,48883,0.25449,0.07,1,1526840,1526393,447
107039761,27.5751,19.2242,453,48926,0.250898,0.13,1,1526869,1526416,453
107042681,54.315,26.2448,486,48969,0.25018,0.13,1,1526930,1526444,486
107045601,32.463,54.049,452,49012,0.282036,0.13,1,1526957,1526505,452
107048521,28.0926,31.6098,453,49055,0.320407,0.17,1,1526984,1526531,453
107051441,23.2185,27.122,449,49098,0.328081,0.17,1,1527006,1526557,449
107054361,25.4437,23.0244,453,49141,0.329616,0.17,1,1527032,1526579,453
107057281,29.0887,23.8049,459,49184,0.345923,0.17,1,1527062,1526603,459
107060201,21.0177,28.761,448,49227,0.397185,0.23,1,1527081,1526633,448
107063121,26.6035,20.1522,458,49270,0.407437,0.19,1,1527109,1526651,458
107066041,26.1207,26.4304,456,49313,0.425487,0.25,1,1527135,1526679,456
107068961,26.0241,23.6861,459,49356,0.429097,0.29,1,1527161,1526702,459
107071881,36.4048,25.5372,472,49399,0.413819,0.25,1,1527200,1526728,472
107074801,26.481,36.3074,457,49442,0.410764,0.25,1,1527224,1526767,457
107077721,6.89619,26.4615,435,49485,0.410153,0.29,1,1527226,1526791,435
107080641,20.5792,6.8923,457,49528,0.410031,0.27,1,1527250,1526793,457
107083561,23.3158,21.3785,456,49571,0.458006,0.25,1,1527274,1526818,456
107086481,27.0632,21.8757,462,49614,0.467601,0.25,1,1527302,1526840,462
107089401,55.0126,27.5751,495,49656,0.54952,0.25,1,1527364,1526869,495
107092321,33.4025,54.315,462,49698,0.565904,0.29,1,1527392,1526930,462
107095241,29.8805,32.463,464,49740,0.553181,0.33,1,1527421,1526957,464
107098161,23.5761,28.0926,459,49782,0.566636,0.33,1,1527443,1526984,459
107101081,26.3152,23.2185,464,49824,0.553327,0.33,1,1527470,1527006,464
107104001,30.063,25.4437,469,49866,0.582665,0.35,1,1527501,1527032,469
107106921,22.8126,29.0887,460,49908,0.540533,0.41,1,1527522,1527062,460
107109841,26.9625,21.0177,469,49950,0.564107,0.41,1,1527550,1527081,469
107112761,26.9925,26.6035,468,49992,0.552821,0.43,1,1527577,1527109,468
107115681,26.1985,26.1207,468,50034,0.550564,0.43,1,1527603,1527135,468
107118601,35.6397,26.0241,480,50076,0.550113,0.41,1,1527641,1527161,480
107121521,26.3279,36.4048,465,50118,0.566023,0.41,1,1527665,1527200,465
107124441,6.86559,26.481,443,50160,0.569205,0.41,1,1527667,1527224,443
107127361,21.3731,6.89619,466,50202,0.617841,0.41,1,1527692,1527226,466
107130281,25.0746,20.5792,468,50244,0.627568,0.47,1,1527718,1527250,468
107133201,27.4149,23.3158,472,50286,0.629514,0.47,1,1527746,1527274,472
107136121,7.08298,27.0632,446,50328,0.645903,0.57,1,1527748,1527302,446
107139041,54.2166,55.0126,450,50370,0.713181,0.57,1,1527814,1527364,450
107141961,33.2433,33.4025,450,50412,0.742636,0.55,1,1527842,1527392,450
107144881,29.0487,29.8805,449,50454,0.780527,0.57,2,1527870,1527421,449
107147801,24.2097,23.5761,450,50496,0.756105,0.55,2,1527893,1527443,450
107150721,26.4419,26.3152,450,50538,0.767221,0.59,2,1527920,1527470,450
107153641,29.2884,30.063,449,50580,0.769444,0.53,2,1527950,1527501,449
107156561,22.6577,22.8126,449,50622,0.753889,0.57,2,1527971,1527522,449
107159481,27.7315,26.9625,450,50664,0.782778,0.55,2,1528000,1527550,450
107162401,26.3463,26.9925,449,50706,0.804556,0.55,2,1528026,1527577,449
107165321,26.0693,26.1985,449,50748,0.824911,0.55,2,1528052,1527603,449
107168241,35.6139,35.6397,449,50790,0.844982,0.57,2,1528090,1527641,449
107171161,27.9228,26.3279,451,50831,0.816996,0.57,2,1528116,1527665,451
107174081,7.18455,6.86559,451,50872,0.811399,0.63,2,1528118,1527667,451
107177001,23.0369,21.3731,453,50913,0.82628,0.63,2,1528145,1527692,453
107179921,25.4074,25.0746,453,50954,0.829256,0.63,2,1528171,1527718,453
107182841,28.2815,27.4149,454,50995,0.845851,0.65,2,1528200,1527746,454
107185761,7.2563,7.08298,454,51036,0.84917,0.73,2,1528202,1527748,454
107188681,57.4513,54.2166,458,51077,0.801834,0.75,2,1528272,1527814,458
107191601,34.6903,33.2433,459,51118,0.792367,0.79,2,1528301,1527842,459
107194521,29.338,29.0487,459,51159,0.854473,0.75,2,1528329,1527870,459
107197441,24.2676,24.2097,459,51200,0.882895,0.77,2,1528352,1527893,459
107200361,25.6535,26.4419,458,51241,0.888579,0.77,2,1528378,1527920,458
107203281,29.1307,29.2884,458,51282,0.857716,0.75,2,1528408,1527950,458
107206201,23.4261,22.6577,459,51323,0.867543,0.79,2,1528430,1527971,459
107209121,28.6852,27.7315,460,51364,0.917509,0.81,2,1528460,1528000,460
107504041,55,37,467,25633,0.09,0.29,1,1531392,1530925,467
107506961,55.8,48.2,472,25716,0.09,0.17,1,1531448,1530976,472
107509881,53.56,68.04,452,25798,0.106,0.13,1,1531501,1531049,452
107512801,35.512,60.008,425,25880,0.1252,0.13,1,1531532,1531107,425
107515721,22.3024,17.6016,437,25962,0.08104,0.05,1,1531551,1531114,437
107518641,69.2605,30.7203,484,26044,0.088208,0.07,1,1531632,1531148,484
107521561,59.4521,74.1441,456,26125,0.121642,0.13,1,1531689,1531233,456
107524481,53.4904,70.0288,439,26206,0.192328,0.13,1,1531741,1531302,439
107527401,73.0981,42.0058,482,26287,0.254466,0.09,1,1531819,1531337,482
107530321,59.4196,52.4012,483,26368,0.234893,0.09,1,1531875,1531392,483
107533241,55.0839,55.2802,481,26448,0.246979,0.11,1,1531929,1531448,481
107536161,33.4168,53.456,456,26528,0.233396,0.13,1,1531957,1531501,456
107539081,22.6834,35.4912,445,26608,0.230679,0.07,1,1531977,1531532,445
107542001,68.5367,22.2982,506,26688,0.262136,0.09,1,1532057,1531551,506
107544921,60.9073,69.2597,484,26767,0.284427,0.13,1,1532116,1531632,484
107547841,56.9815,59.4519,483,26846,0.304885,0.21,1,1532172,1531689,483
107550761,12.9963,53.4904,433,26925,0.308977,0.27,1,1532174,1531741,433
107553681,66.5993,73.0981,435,27004,0.309795,0.23,1,1532254,1531819,435
107556601,56.5199,59.4196,433,27082,0.341959,0.25,1,1532308,1531875,433
107559521,54.504,55.0839,433,27160,0.364392,0.23,1,1532362,1531929,433
107562441,33.3008,33.4168,433,27238,0.368878,0.23,1,1532390,1531957,433
107565361,22.6602,22.6834,433,27316,0.401776,0.27,1,1532410,1531977,433
107568281,70.932,68.5367,436,27394,0.456355,0.29,1,1532493,1532057,436
107571201,61.3864,60.9073,436,27471,0.483271,0.31,1,1532552,1532116,436
107574121,57.8773,56.9815,437,27548,0.504654,0.31,1,1532609,1532172,437
107577041,13.1755,12.9963,437,27625,0.508931,0.31,1,1532611,1532174,437
107579961,66.6351,66.5993,437,27702,0.525786,0.35,1,1532691,1532254,437
107582881,56.527,56.5199,437,27778,0.561157,0.37,1,1532745,1532308,437
107585801,56.9054,54.504,440,27854,0.600231,0.37,1,1532802,1532362,440
107588721,33.7811,33.3008,440,27930,0.608046,0.41,1,1532830,1532390,440
107591641,22.7562,22.6602,440,28006,0.641609,0.47,1,1532850,1532410,440
107594561,74.1512,70.932,444,28082,0.696322,0.49,1,1532937,1532493,444
107597481,63.6302,61.3864,446,28157,0.707264,0.51,1,1532998,1532552,446
107600401,59.1261,57.8773,447,28232,0.709453,0.51,1,1533056,1532609,447
107603321,13.4252,13.1755,447,28307,0.709891,0.53,1,1533058,1532611,447
107606241,66.685,66.6351,447,28382,0.741978,0.53,1,1533138,1532691,447
107609161,56.537,13.327,501,28457,0.764396,0.57,2,1533192,1532691,501
107612081,58.5074,45.8654,506,28531,0.800879,0.61,2,1533251,1532745,506
107615001,35.7015,54.7731,479,28605,0.792176,0.61,2,1533281,1532802,479
107617921,23.1403,33.3546,471,28679,0.790435,0.65,2,1533301,1532830,471
107620841,76.6281,22.6709,541,28753,0.822087,0.71,2,1533391,1532850,541
107623761,64.1256,74.1342,515,28827,0.796417,0.71,2,1533452,1532937,515
107626681,59.2251,63.6268,512,28900,0.839283,0.71,2,1533510,1532998,512
107629601,13.445,59.1254,456,28973,0.847857,0.71,2,1533512,1533056,456
107632521,69.889,13.4251,538,29046,0.897571,0.75,2,1533596,1533058,538
107749321,62,79,536,31831,0.43,1,1,1535558,1535022,536
107752241,58.8,71.8,524,31897,0.27,1,1,1535616,1535092,524
107755161,29.36,52.76,498,31963,0.254,1,1,1535638,1535140,498
107758081,23.472,24.952,502,32029,0.1388,1,1,1535660,1535158,502
107761001,29.4944,24.1904,509,32095,0.05176,1,1,1535691,1535182,509
107763921,44.2989,31.2381,524,32161,0.018352,1,1,1535739,1535215,524
107766841,63.2598,51.8476,535,32227,0.0916704,0.95,1,1535807,1535272,535
107769761,63.052,63.1695,532,32293,0.0423341,1,1,1535870,1535338,532
107772681,35.0104,64.6339,495,32359,0.0644668,0.95,1,1535898,1535403,495
107775601,47.8021,36.1268,517,32424,0.0528934,0.55,1,1535949,1535432,517
107778521,50.3604,58.4254,504,32489,0.0665787,0.43,1,1536000,1535496,504
107781441,46.0721,61.2851,487,32554,0.0693157,0.23,1,1536045,1535558,487
107784361,26.8144,58.657,451,32619,0.101863,0.25,1,1536067,1535616,451
107787281,22.1629,29.3314,450,32684,0.0923726,0.11,1,1536088,1535638,450
107790201,25.2326,23.4663,454,32749,0.138475,0.03,1,1536114,1535660,454
107793121,6.64652,29.4933,425,32814,0.115695,0.01,1,1536116,1535691,425
107796041,37.3293,44.2987,422,32878,0.031139,0.11,1,1536161,1535739,422
107798961,62.6659,63.2597,423,32942,0.0302278,0.03,1,1536230,1535807,423
107801881,64.5332,63.0519,425,33006,0.0140456,0.07,1,1536295,1535870,425
107804801,34.5066,35.0104,424,33070,0.0268091,0.05,1,1536322,1535898,424
107807721,47.7013,47.8021,424,33134,0.0613618,0.07,1,1536373,1535949,424
107810641,52.7403,50.3604,427,33198,0.116272,0.07,1,1536427,1536000,427
107813561,45.7481,46.0721,426,33262,0.207254,0.11,1,1536471,1536045,426
107816481,28.3496,26.8144,428,33326,0.209451,0.09,1,1536495,1536067,428
107819401,21.6699,22.1629,427,33389,0.22589,0.15,1,1536515,1536088,427
107822321,21.934,25.2326,423,33452,0.213178,0.11,1,1536537,1536114,423
107825241,5.9868,6.64652,423,33515,0.242636,0.01,1,1536539,1536116,423
107828161,37.1974,37.3293,423,33578,0.168527,0.03,1,1536584,1536161,423
107831081,62.6395,62.6659,423,33641,0.0577054,0.01,1,1536653,1536230,423
107834001,65.3279,64.5332,424,33704,0.0675411,0.03,1,1536719,1536295,424
107836921,33.0656,34.5066,422,33767,0.0535082,0.07,1,1536744,1536322,422
107839841,51.4131,47.7013,427,33830,0.0187016,0.13,1,1536800,1536373,427
107842761,54.2826,52.7403,428,33893,0.0757403,0.23,1,1536855,1536427,428
107845681,48.4565,45.7481,431,33955,0.0871481,0.21,1,1536902,1536471,431
107848601,30.4913,28.3496,433,34017,0.0894296,0.23,1,1536928,1536495,433
107851521,21.2983,21.6699,432,34079,0.0898859,0.21,1,1536947,1536515,432
107854441,21.8597,21.934,432,34141,0.105977,0.25,1,1536969,1536537,432
107857361,5.97193,5.9868,432,34203,0.109195,0.15,1,1536971,1536539,432
107860281,34.7944,37.1974,429,34265,0.109839,0.15,1,1537013,1536584,429
107863201,56.5589,7.43947,491,34327,0.0939678,0.03,1,1537075,1536584,491
107866121,64.1118,56.6879,488,34389,0.154794,0.07,1,1537141,1536653,488
107869041,32.0224,64.1376,446,34450,0.182959,0.05,1,1537165,1536719,446
107871961,52.0045,32.8275,478,34511,0.172592,0.01,1,1537222,1536744,478
107874881,55.2009,51.3655,478,34572,0.186518,0.09,1,1537278,1536800,478
107877801,48.6402,54.2731,470,34633,0.221304,0.09,1,1537325,1536855,470
107880721,30.528,48.4546,449,34694,0.244261,0.09,1,1537351,1536902,449
107883641,21.3056,30.4909,442,34755,0.264852,0.09,1,1537370,1536928,442
107886561,22.6611,21.2982,446,34816,0.30097,0.11,1,1537393,1536947,446
107889481,6.13222,21.8596,426,34877,0.308194,0.11,1,1537395,1536969,426
107892401,35.6264,5.97193,467,34938,0.341639,0.11,1,1537438,1536971,467
107895321,56.7253,34.7944,487,34999,0.364328,0.09,1,1537500,1537013,487
107898241,68.1451,56.5589,496,35059,0.384866,0.17,1,1537571,1537075,496
107901161,32.829,64.1118,454,35119,0.436973,0.19,1,1537595,1537141,454
107904081,50.5658,32.0224,485,35179,0.463395,0.17,1,1537650,1537165,485
107907001,57.3132,52.0045,487,35239,0.484679,0.19,1,1537709,1537222,487
107909921,50.6626,55.2009,480,35299,0.472936,0.23,1,1537758,1537278,480
107912841,30.9325,48.6402,459,35359,0.502587,0.25,1,1537784,1537325,459
107915761,22.1865,30.528,453,35419,0.508517,0.27,1,1537804,1537351,453
107918681,24.4373,21.3056,459,35479,0.493703,0.31,1,1537829,1537370,459
107921601,6.48746,22.6611,438,35539,0.490741,0.31,1,1537831,1537393,438
107924521,37.2975,6.13222,481,35598,0.538148,0.35,1,1537876,1537395,481
107927441,57.8595,35.6264,501,35657,0.57963,0.37,1,1537939,1537438,501
107930361,13.1719,56.7253,441,35716,0.587926,0.39,1,1537941,1537500,441
107933281,61.8344,68.1451,444,35775,0.573585,0.45,1,1538015,1537571,444
107936201,31.5669,32.829,444,35834,0.586717,0.47,1,1538039,1537595,444
107939121,49.5134,50.5658,443,35893,0.621343,0.49,1,1538093,1537650,443
107942041,59.5027,57.3132,446,35952,0.628269,0.47,1,1538155,1537709,446
107944961,51.9005,50.6626,447,36011,0.677654,0.51,1,1538205,1537758,447
107947881,31.1801,30.9325,447,36070,0.735531,0.51,1,1538231,1537784,447
107950801,22.236,22.1865,447,36129,0.731106,0.49,1,1538251,1537804,447
107953721,23.6472,24.4373,446,36187,0.746221,0.49,1,1538275,1537829,446
107956641,6.32944,6.48746,446,36245,0.781244,0.55,2,1538277,1537831,446
107959561,39.6659,37.2975,449,36303,0.772249,0.59,2,1538325,1537876,449
107962481,60.7332,57.8595,452,36361,0.80245,0.59,2,1538391,1537939,452
107965401,13.7466,13.1719,452,36419,0.80849,0.57,2,1538393,1537941,452
107968321,61.1493,61.8344,451,36477,0.809698,0.59,2,1538466,1538015,451
107971241,31.4299,31.5669,451,36535,0.79394,0.63,2,1538490,1538039,451
107974161,51.086,49.5134,453,36593,0.806788,0.63,2,1538546,1538093,453
107977081,59.8172,59.5027,453,36651,0.825358,0.69,2,1538608,1538155,453
107980001,54.3634,51.9005,456,36709,0.845071,0.75,2,1538661,1538205,456
107982921,33.2727,31.1801,458,36767,0.849014,0.73,2,1538689,1538231,458
107985841,23.4545,22.236,459,36824,0.833803,0.75,2,1538710,1538251,459
107988761,23.8909,23.6472,459,36881,0.830761,0.79,2,1538734,1538275,459
107991681,6.37818,6.32944,459,36938,0.830152,0.77,2,1538736,1538277,459
107994601,40.4756,39.6659,460,36995,0.81403,0.81,2,1538785,1538325,460
107997521,60.8951,60.7332,460,37052,0.810806,0.81,2,1538851,1538391,460
108000441,13.779,13.7466,460,37109,0.842161,0.81,2,1538853,1538393,460
108003361,61.1558,61.1493,460,37166,0.864432,0.81,2,1538926,1538466,460
108006281,31.4312,12.2299,484,37223,0.852886,0.79,2,1538950,1538466,484
108009201,51.8862,21.646,517,37280,0.882577,0.81,2,1539007,1538490,517
108012121,60.7772,49.1292,524,37337,0.904515,0.83,2,1539070,1538546,524
108015041,55.3554,59.4258,516,37394,0.924903,0.85,2,1539124,1538608,516
108017961,31.8711,54.2852,489,37451,0.944981,0.85,2,1539150,1538661,489
108143521,49,69,489,39802,0.95,1,2,1540757,1540268,489
108146441,41,37.8,498,39855,0.806,1,2,1540796,1540298,498
108149361,37,45.16,487,39908,0.8252,1,2,1540832,1540345,487
108152281,37,35.432,491,39961,0.73304,1,1,1540869,1540378,491
108155201,53.8,51.8864,493,40014,0.666608,1,1,1540927,1540434,493
108158121,33.16,32.7773,493,40067,0.637322,1,1,1540955,1540462,493
108161041,31.432,6.55546,524,40120,0.551464,1,1,1540986,1540462,524
108163961,51.8864,29.3111,546,40173,0.566293,1,1,1541043,1540497,546
108166881,35.9773,61.8622,508,40226,0.569259,1,1,1541075,1540567,508
108169801,27.9955,37.9724,502,40278,0.537852,1,1,1541101,1540599,502
108172721,21.5991,31.5945,492,40330,0.46757,1,1,1541121,1540629,492
108175641,21.1198,24.7189,490,40382,0.437514,0.92,1,1541142,1540652,490
108178561,31.424,22.5438,502,40434,0.447503,0.91,1,1541176,1540674,502
108181481,40.6848,31.7088,511,40486,0.401501,0.95,1,1541219,1540708,511
108184401,40.137,45.5418,502,40538,0.3763,0.77,1,1541259,1540757,502
108187321,36.0274,40.3084,498,40590,0.37126,0.83,1,1541294,1540796,498
108190241,33.6055,36.8617,495,40642,0.322252,0.71,1,1541327,1540832,495
108193161,49.1211,36.9723,511,40694,0.28045,0.65,1,1541380,1540869,511
108196081,30.6242,53.7945,479,40746,0.27209,0.63,1,1541406,1540927,479
108199001,31.7248,33.1589,483,40798,0.254418,0.53,1,1541438,1540955,483
108201921,47.945,31.4318,504,40850,0.250884,0.57,1,1541490,1540986,504
108204841,35.989,51.8864,480,40902,0.250177,0.57,1,1541523,1541043,480
108207761,27.1978,35.9773,473,40954,0.282035,0.53,1,1541548,1541075,473
108210681,19.0396,27.9955,464,41006,0.304407,0.45,1,1541565,1541101,464
108213601,19.0079,21.5991,463,41057,0.260881,0.43,1,1541584,1541121,463
108216521,31.8016,21.1198,477,41108,0.284176,0.45,1,1541619,1541142,477
108219441,37.5603,31.424,482,41159,0.288835,0.39,1,1541658,1541176,482
108222361,38.7121,40.6848,478,41210,0.305767,0.37,1,1541697,1541219,478
108225281,36.5424,40.137,474,41261,0.341153,0.37,1,1541733,1541259,474
108228201,31.3085,36.0274,469,41312,0.364231,0.31,1,1541763,1541294,469
108231121,47.8617,33.6055,488,41363,0.400846,0.27,1,1541815,1541327,488
108234041,31.1723,49.1211,462,41414,0.424169,0.27,1,1541842,1541380,462
108236961,30.2345,30.6242,466,41465,0.412834,0.25,1,1541872,1541406,466
108239881,45.2469,31.7248,483,41516,0.442567,0.25,1,1541921,1541438,483
108242801,10.6494,47.945,433,41567,0.448513,0.25,1,1541923,1541490,433
108245721,30.9299,35.989,436,41618,0.481703,0.29,1,1541959,1541523,436
108248641,26.186,27.1978,436,41669,0.456341,0.31,1,1541984,1541548,436
108251561,18.0372,19.0396,435,41720,0.483268,0.25,1,1542000,1541565,435
108254481,18.0074,19.0079,434,41771,0.456654,0.29,1,1542018,1541584,434
108257401,33.2015,31.8016,436,41822,0.467331,0.29,1,1542055,1541619,436
108260321,39.4403,37.5603,438,41872,0.453466,0.31,1,1542096,1541658,438
108263241,38.2881,38.7121,437,41922,0.466693,0.35,1,1542134,1541697,437
108266161,38.0576,36.5424,439,41972,0.533339,0.37,1,1542172,1541733,439
108269081,33.2115,31.3085,441,42022,0.514668,0.41,1,1542204,1541763,441
108272001,49.0423,47.8617,442,42072,0.558934,0.43,1,1542257,1541815,442
108274921,33.0085,31.1723,444,42122,0.583787,0.41,1,1542286,1541842,444
108277841,31.4017,30.2345,445,42172,0.572757,0.45,1,1542317,1541872,445
108280761,44.6803,45.2469,444,42222,0.586551,0.45,1,1542365,1541921,444
108283681,10.5361,10.6494,444,42272,0.58931,0.49,1,1542367,1541923,444
108286601,31.7072,30.9299,445,42322,0.573862,0.45,1,1542404,1541959,445
108289521,25.5414,26.186,444,42372,0.634772,0.49,1,1542428,1541984,444
108292441,17.9083,18.0372,444,42422,0.614954,0.45,1,1542444,1542000,444
108295361,17.9817,18.0074,444,42472,0.610991,0.47,1,1542462,1542018,444
108298281,32.3963,33.2015,443,42522,0.642198,0.45,1,1542498,1542055,443
108301201,40.0793,39.4403,444,42572,0.69644,0.47,1,1542540,1542096,444
108304121,39.2159,38.2881,445,42622,0.691288,0.55,1,1542579,1542134,445
108307041,39.8432,38.0576,447,42672,0.626258,0.51,1,1542619,1542172,447
108309961,34.3686,33.2115,448,42721,0.629252,0.57,1,1542652,1542204,448
108312881,50.8737,49.0423,450,42770,0.67785,0.59,1,1542707,1542257,450
108315801,32.5747,33.0085,449,42819,0.70357,0.57,1,1542735,1542286,449
108318721,30.5149,31.4017,448,42868,0.708714,0.59,1,1542765,1542317,448
108321641,45.303,44.6803,449,42917,0.693743,0.59,1,1542814,1542365,449
108324561,10.6606,10.5361,449,42966,0.658749,0.57,1,1542816,1542367,449
108327481,32.5321,31.7072,450,43015,0.69975,0.57,1,1542854,1542404,450
108330401,26.5064,6.34144,475,43064,0.70795,0.65,1,1542879,1542404,475
108333321,18.1013,20.4683,467,43113,0.72559,0.61,1,1542895,1542428,467
108336241,18.0203,16.8937,469,43162,0.729118,0.61,1,1542913,1542444,469
108339161,34.0041,17.7787,489,43211,0.777824,0.65,2,1542951,1542462,489
108342081,41.2008,32.3557,496,43260,0.803565,0.71,2,1542994,1542498,496
108345001,38.6402,40.0712,492,43309,0.824713,0.69,2,1543032,1542540,492
108347921,38.128,39.2142,491,43358,0.828943,0.61,2,1543070,1542579,491
108350841,34.8256,39.8428,485,43407,0.845788,0.63,2,1543104,1542619,485
108353761,51.7651,34.3686,508,43456,0.865158,0.69,2,1543160,1542652,508
108356681,33.553,50.8737,482,43505,0.885032,0.71,2,1543189,1542707,482
108359601,30.7106,32.5747,484,43553,0.921006,0.71,2,1543219,1542735,484
108562541,91,94,508,21370,0.77,0.96,2,1545575,1545067,508
108565461,83.8,83.6,509,21469,0.786,0.83,2,1545657,1545148,509
108568381,82.36,95.92,492,21568,0.8852,0.83,2,1545739,1545247,492
108571301,77.272,74.384,499,21666,0.90504,0.71,2,1545815,1545316,499
108574221,27.4544,53.2768,466,21764,0.893008,0.73,2,1545830,1545364,466
108577141,30.2909,27.4554,476,21861,0.874602,0.71,2,1545861,1545385,476
108685181,36,32,493,25201,0.49,1,1,1548255,1547762,493
108688101,43.2,56.8,475,25285,0.346,1,1,1548300,1547825,475
108691021,39.04,32.96,486,25369,0.2212,1,1,1548338,1547852,486
108693941,67.008,71.392,479,25453,0.08424,1,1,1548412,1547933,479
108696861,92.6016,14.2784,578,25536,0.040848,0.89,1,1548511,1547933,578
108699781,78.5203,89.2557,545,25619,0.0321696,0.83,1,1548586,1548041,545
108702701,62.1041,85.8511,518,25702,0.0784339,0.87,1,1548644,1548126,518
108705621,32.4208,65.1702,483,25784,0.0556868,0.67,1,1548669,1548186,483
108708541,29.6842,39.434,479,25866,0.0511374,0.49,1,1548698,1548219,479
108711461,34.7368,36.6868,479,25948,0.0822275,0.31,1,1548734,1548255,479
108714381,34.1474,43.3374,468,26030,0.104445,0.19,1,1548768,1548300,468
108717301,58.8295,39.0675,495,26111,0.0608891,0.05,1,1548833,1548338,495
108720221,90.9659,67.0135,520,26192,0.100178,0.03,1,1548932,1548412,520
108723141,79.7932,92.6027,498,26273,0.0440356,0.03,1,1549009,1548511,498
108726061,63.1586,78.5205,482,26354,0.0808071,0.09,1,1549068,1548586,482
108728981,31.0317,62.1041,447,26434,0.104161,0.05,1,1549091,1548644,447
108731901,28.6063,32.4208,450,26514,0.0768323,0.05,1,1549119,1548669,450
108734821,37.7213,29.6842,461,26594,0.0393665,0.09,1,1549159,1548698,461
108737741,33.9443,34.7368,458,26674,0.0318733,0.11,1,1549192,1548734,458
108740661,56.3889,34.1474,486,26753,0.0783747,0.05,1,1549254,1548768,486
108743581,92.8778,58.8295,523,26832,0.0396749,0.11,1,1549356,1548833,523
108746501,79.3756,90.9659,500,26911,0.00793499,0.03,1,1549432,1548932,500
108749421,17.4751,79.7932,425,26990,0.009587,0.09,1,1549434,1549009,425
108752341,50.695,63.1586,425,27068,0.0739174,0.11,1,1549493,1549068,425
108755261,28.539,31.0317,425,27146,0.134783,0.07,1,1549516,1549091,425
108758181,28.1078,28.6063,425,27224,0.162957,0.03,1,1549544,1549119,425
108761101,36.0216,37.7213,423,27302,0.152591,0.03,1,1549582,1549159,423
108764021,33.6043,33.9443,423,27380,0.166518,0.09,1,1549615,1549192,423
108766941,57.1209,56.3889,424,27457,0.201304,0.03,1,1549678,1549254,424
108769861,92.2242,92.8778,423,27534,0.0802607,0,1,1549779,1549356,423
108772781,80.0448,79.3756,424,27611,0.0400521,0.01,1,1549856,1549432,424
108775701,17.609,17.4751,424,27688,0.0320104,0.09,1,1549858,1549434,424
108778621,52.3218,50.695,426,27764,0.0624021,0.15,1,1549919,1549493,426
108781541,29.6644,28.539,427,27840,0.0844804,0.17,1,1549943,1549516,427
108784461,29.1329,28.1078,428,27916,0.104896,0.15,1,1549972,1549544,428
108787381,37.0266,36.0216,429,27992,0.124979,0.17,1,1550011,1549582,429
108790301,34.6053,33.6043,430,28068,0.160996,0.21,1,1550045,1549615,430
108793221,58.9211,57.1209,432,28143,0.184199,0.05,1,1550110,1549678,432
108796141,86.1842,92.2242,424,28218,0.22084,0.03,1,1550203,1549779,424
108799061,78.0368,80.0448,423,28293,0.228168,0.03,1,1550279,1549856,423
108801981,17.2074,17.609,423,28368,0.277634,0.03,1,1550281,1549858,423
108804901,53.0415,3.52179,485,28443,0.255527,0.07,1,1550343,1549858,485
108807821,30.6083,49.5044,449,28517,0.235105,0.09,1,1550368,1549919,449
108810741,30.1217,29.1009,455,28591,0.231021,0.11,1,1550398,1549943,455
108813661,36.4243,29.0202,464,28665,0.246204,0.13,1,1550436,1549972,464
108816581,36.0849,37.004,461,28739,0.249241,0.17,1,1550472,1550011,461
108819501,62.417,34.6008,496,28813,0.233848,0.19,1,1550541,1550045,496
108822421,87.6834,58.9202,525,28886,0.19877,0.23,1,1550635,1550110,525
108825341,77.5367,86.184,507,28959,0.207754,0.23,1,1550710,1550203,507
108828261,17.1073,78.0368,433,29032,0.209551,0.29,1,1550712,1550279,433
108831181,54.6215,17.2074,495,29105,0.20991,0.25,1,1550776,1550281,495
108834101,30.1243,53.0415,457,29178,0.209982,0.23,1,1550800,1550343,457
108837021,30.0249,30.6083,462,29251,0.241996,0.23,1,1550830,1550368,462
108839941,38.005,30.1217,472,29323,0.296399,0.25,1,1550870,1550398,472
108842861,35.601,36.4243,469,29395,0.32328,0.25,1,1550905,1550436,469
108845781,59.9202,36.0849,499,29467,0.328656,0.23,1,1550971,1550472,499
108848701,87.184,62.417,524,29539,0.425731,0.19,1,1551065,1550541,524
108851621,78.2368,87.6834,506,29611,0.461146,0.21,1,1551141,1550635,506
108854541,17.2474,77.5367,433,29682,0.468229,0.21,1,1551143,1550710,433
108857461,54.6495,17.1073,495,29753,0.485646,0.21,1,1551207,1550712,495
108860381,30.9299,54.6215,456,29824,0.521129,0.21,1,1551232,1550776,456
108863301,7.78598,30.1243,434,29895,0.528226,0.25,1,1551234,1550800,434
108866221,26.3572,30.0249,435,29966,0.545645,0.31,1,1551265,1550830,435
108869141,40.4714,38.005,439,30037,0.565129,0.33,1,1551309,1550870,439
108872061,35.2943,35.601,438,30107,0.585026,0.33,1,1551343,1550905,438
108874981,60.6589,59.9202,439,30177,0.637005,0.45,1,1551410,1550971,439
108877901,92.1318,87.184,445,30247,0.727401,0.47,1,1551510,1551065,445
108880821,80.0264,78.2368,446,30317,0.79348,0.47,2,1551587,1551141,446
108883741,17.6053,17.2474,446,30387,0.806696,0.49,2,1551589,1551143,446
108886661,55.5211,54.6495,447,30457,0.793339,0.53,2,1551654,1551207,447
108889581,31.9042,30.9299,448,30526,0.790668,0.53,2,1551680,1551232,448
108892501,7.98084,7.78598,448,30595,0.790134,0.55,2,1551682,1551234,448
108895421,27.9962,26.3572,450,30664,0.838027,0.57,2,1551715,1551265,450
108898341,41.5992,40.4714,451,30733,0.847605,0.59,2,1551760,1551309,451
108901261,35.5198,35.2943,451,30802,0.849521,0.65,2,1551794,1551343,451
108904181,63.904,60.6589,455,30871,0.881904,0.75,2,1551865,1551410,455
108907101,95.9808,92.1318,459,30940,0.920381,0.81,2,1551969,1551510,459
109050181,34,25,511,34127,0.61,1,1,1554153,1553642,511
109053101,29.2,31.4,506,34189,0.562,1,1,1554181,1553675,506
109056021,15.44,26.28,493,34251,0.5524,1,1,1554193,1553700,493
109058941,44.688,5.256,545,34313,0.35848,1,1,1554245,1553700,545
109061861,81.7376,55.4512,568,34375,0.287696,1,1,1554336,1553768,568
109064781,91.5475,95.8902,556,34437,0.209539,0.96,1,1554430,1553874,556
109067701,47.9095,83.9781,512,34498,0.113908,1,1,1554467,1553955,512
109070621,33.5819,50.3956,500,34559,0.110782,1,1,1554497,1553997,500
109073541,26.7164,36.4791,492,34620,0.0941563,0.97,1,1554522,1554030,492
109076461,25.3433,31.2958,487,34681,0.106831,0.82,1,1554547,1554060,487
109079381,27.4687,25.4592,491,34742,0.109366,0.77,1,1554575,1554084,491
109082301,28.6937,33.0918,485,34803,0.0778733,0.61,1,1554604,1554119,485
109085221,24.9387,33.8184,475,34864,0.135575,0.55,1,1554628,1554153,475
109088141,12.9877,29.1637,457,34925,0.0831149,0.55,1,1554638,1554181,457
109091061,36.9976,15.4327,488,34986,0.120623,0.31,1,1554681,1554193,488
109093981,75.3995,44.6865,521,35046,0.192125,0.27,1,1554766,1554245,521
109096901,90.2799,81.7373,524,35106,0.254425,0.19,1,1554860,1554336,524
109099821,45.256,91.5475,464,35166,0.266885,0.09,1,1554894,1554430,464
109102741,32.2512,47.9095,456,35226,0.269377,0.11,1,1554923,1554467,456
109105661,24.0502,33.5819,448,35286,0.301875,0.09,1,1554945,1554497,448
109108581,27.21,26.7164,451,35346,0.340375,0.11,1,1554973,1554522,451
109111501,27.042,25.3433,453,35406,0.332075,0.11,1,1555000,1554547,453
109114421,29.4084,27.4687,455,35466,0.330415,0.07,1,1555030,1554575,455
109117341,23.4817,28.6937,448,35526,0.330083,0.15,1,1555052,1554604,448
109120261,12.6963,24.9387,434,35586,0.330017,0.07,1,1555062,1554628,434
109123181,39.3393,12.9877,470,35645,0.362003,0.13,1,1555108,1554638,470
109126101,9.46785,36.9976,429,35704,0.368401,0.21,1,1555110,1554681,429
109129021,72.2936,75.3995,432,35763,0.38568,0.27,1,1555198,1554766,432
109131941,92.0587,90.2799,435,35822,0.469136,0.27,1,1555295,1554860,435
109134861,46.4117,45.256,436,35881,0.485827,0.27,1,1555330,1554894,436
109137781,31.6823,32.2512,435,35940,0.505165,0.31,1,1555358,1554923,435
109140701,26.3365,24.0502,438,35999,0.557033,0.35,1,1555383,1554945,438
109143621,28.4673,27.21,439,36058,0.583407,0.33,1,1555412,1554973,439
109146541,26.4935,27.042,438,36117,0.588681,0.33,1,1555438,1555000,438
109149461,29.2987,29.4084,438,36176,0.653736,0.33,1,1555468,1555030,438
109152381,23.4597,23.4817,438,36234,0.634747,0.33,1,1555490,1555052,438
109155301,12.6919,12.6963,438,36292,0.630949,0.37,1,1555500,1555062,438
109158221,41.7384,39.3393,441,36350,0.61419,0.37,1,1555549,1555108,441
109161141,9.94768,9.46785,441,36408,0.610838,0.39,1,1555551,1555110,441
109164061,70.7895,72.2936,439,36466,0.610168,0.49,1,1555637,1555198,439
109166981,95.7579,92.0587,444,36524,0.642034,0.49,1,1555739,1555295,444
109169901,48.7516,46.4117,446,36582,0.648407,0.51,1,1555776,1555330,446
109172821,32.9503,31.6823,447,36640,0.681681,0.57,1,1555805,1555358,447
109175741,28.9901,26.3365,450,36698,0.688336,0.59,1,1555833,1555383,450
109178661,29.798,28.4673,451,36756,0.753667,0.59,2,1555863,1555412,451
109181581,26.7596,26.4935,451,36813,0.798733,0.67,2,1555889,1555438,451
109184501,30.9519,29.2987,453,36870,0.823747,0.63,2,1555921,1555468,453
109187421,23.7904,23.4597,453,36927,0.860749,0.63,2,1555943,1555490,453
109190341,12.7581,12.6919,453,36984,0.83615,0.61,2,1555953,1555500,453
109193261,40.9516,41.7384,452,37041,0.86323,0.61,2,1556001,1555549,452
109196181,9.79032,9.94768,452,37098,0.868646,0.61,2,1556003,1555551,452
109199101,70.7581,70.7895,452,37155,0.853729,0.61,2,1556089,1555637,452
109202021,96.5516,14.1579,555,37212,0.930746,0.65,2,1556192,1555637,555
109204941,48.9103,84.4316,490,37269,0.930149,0.65,2,1556229,1555739,490
109207861,34.5821,46.4863,484,37326,0.93003,0.69,2,1556260,1555776,484
109210781,30.1164,32.4973,484,37383,0.914006,0.69,2,1556289,1555805,484
109213701,32.4233,28.8995,489,37440,0.878801,0.77,2,1556322,1555833,489
109216621,28.0847,29.7799,486,37496,0.88776,0.81,2,1556349,1555863,486
109219541,32.8169,26.756,494,37552,0.857552,0.83,2,1556383,1555889,494
109222461,24.1634,30.9512,484,37608,0.85151,0.87,2,1556405,1555921,484
109225381,12.8327,23.7902,472,37664,0.850302,0.83,2,1556415,1555943,472
109228301,40.9665,12.758,510,37720,0.88206,0.87,2,1556463,1555953,510
109231221,9.79331,40.9516,464,37776,0.888412,0.87,2,1556465,1556001,464
109234141,71.5587,9.79032,549,37832,0.873682,0.85,2,1556552,1556003,549
109374301,36,22,534,40426,0.87,1,2,1558367,1557833,534
109377221,35.2,29.2,538,40478,0.79,1,2,1558402,1557864,538
109419561,408.64,476.24,452,17520,0.182,0.19,1,1558904,1558452,452
109422481,213.728,228.048,451,18366,0.1244,0.05,1,1559069,1558618,451
109425401,84.3456,86.4096,452,18482,0.09688,0.05,1,1559121,1558669,452
109428321,73.6691,62.0819,467,18597,0.027376,0.01,1,1559192,1558725,467
109431241,67.5338,70.8164,460,18711,0.0774752,0.05,1,1559258,1558798,460
109434161,47.9068,69.3633,434,18824,0.071495,0.01,1,1559301,1558867,434
109437081,30.3814,39.4727,428,18937,0.150299,0.11,1,1559327,1558899,428
109440001,141.276,143.895,427,19049,0.23006,0.09,1,1559496,1559069,427
109442921,69.0553,70.3789,426,19160,0.230012,0.01,1,1559547,1559121,426
109445841,67.4111,70.8758,422,19271,0.230002,0.09,1,1559614,1559192,422
109448761,69.4822,66.9752,426,19381,0.0860005,0.07,1,1559684,1559258,426
109451681,49.0964,47.795,427,19490,0.1052,0.17,1,1559728,1559301,427
109454601,33.0193,30.359,430,19599,0.09304,0.17,1,1559757,1559327,430
109457521,144.204,6.0718,602,19707,0.170608,0.25,1,1559929,1559327,602
109460441,68.8408,136.414,483,19815,0.202122,0.23,1,1559979,1559496,483
109463361,64.1682,68.0829,495,19922,0.256424,0.23,1,1560042,1559547,495
109466281,64.8336,67.2166,493,20028,0.315285,0.05,1,1560107,1559614,493
109469201,49.7667,69.4433,469,20134,0.295057,0.11,1,1560153,1559684,469
109472121,33.1533,49.0887,454,20239,0.275011,0.09,1,1560182,1559728,454
109475041,148.231,33.0177,602,20344,0.303002,0.19,1,1560359,1559757,602
109477961,71.2461,144.204,482,20448,0.3726,0.21,1,1560411,1559929,482
109480881,66.2492,68.8407,497,20552,0.41852,0.27,1,1560476,1559979,497
109483801,67.6498,64.1681,502,20655,0.427704,0.33,1,1560544,1560042,502
109486721,48.73,64.8336,481,20758,0.445541,0.29,1,1560588,1560107,481
109489641,32.146,49.7667,463,20860,0.449108,0.27,1,1560616,1560153,463
109492561,149.629,33.1533,613,20962,0.529822,0.31,1,1560795,1560182,613
109495481,31.5258,148.231,438,21063,0.545964,0.39,1,1560797,1560359,438
109498401,50.3052,71.2461,441,21164,0.597193,0.43,1,1560852,1560411,441
109501321,63.661,66.2492,443,21264,0.623439,0.43,1,1560919,1560476,443
109504241,67.1322,67.6498,443,21364,0.644688,0.45,1,1560987,1560544,443
109507161,49.4264,48.73,444,21463,0.648938,0.45,1,1561032,1560588,444
109510081,32.2853,32.146,444,21562,0.649788,0.55,1,1561060,1560616,444
109513001,153.657,149.629,449,21660,0.761957,0.55,2,1561244,1560795,449
109515921,32.3314,31.5258,449,21758,0.784391,0.61,2,1561246,1560797,449
109518841,51.2663,50.3052,450,21855,0.868878,0.63,2,1561302,1560852,450
109521761,64.6533,63.661,451,21952,0.853776,0.65,2,1561370,1560919,451
109524681,68.1307,67.1322,452,22049,0.850755,0.65,2,1561439,1560987,452
109527601,49.6261,49.4264,452,22145,0.866151,0.65,2,1561484,1561032,452
109530521,32.3252,32.2853,452,22241,0.85323,0.79,2,1561512,1561060,452
109626881,29,34,490,25195,0.47,1,1,1563677,1563187,490
109629801,57,64.4,482,25279,0.278,1,1,1563741,1563259,482
109632721,65,67.28,481,25363,0.1596,1,1,1563808,1563327,481
109635641,39.4,42.256,478,25447,0.10392,1,1,1563841,1563363,478
109638561,35.88,8.4512,513,25530,0.076784,0.99,1,1563876,1563363,513
109641481,23.176,28.8902,499,25613,0.0393568,0.98,1,1563896,1563397,499
109644401,137.435,28.178,637,25696,0.0318714,0.57,1,1564062,1563425,637
109647321,50.687,158.436,475,25778,0.0303743,0.47,1,1564091,1563616,475
109650241,29.3374,57.2871,467,25860,0.0140749,0.47,1,1564115,1563648,467
109653161,51.4675,34.6574,495,25942,0.010815,0.23,1,1564172,1563677,495
109656081,60.6935,58.1315,494,26024,0.058163,0.13,1,1564235,1563741,494
109659001,35.3387,65.2263,456,26105,0.0836326,0.09,1,1564264,1563808,456
109661921,34.2677,39.4453,457,26186,0.120727,0.07,1,1564298,1563841,457
109664841,22.8535,35.8891,442,26267,0.128145,0.03,1,1564318,1563876,442
109667761,137.371,23.1778,588,26348,0.0496291,0.03,1,1564484,1563896,588
109670681,50.6741,137.436,451,26428,0.0339258,0.03,1,1564513,1564062,451
109673601,28.5348,50.6871,445,26508,0.00678516,0.01,1,1564536,1564091,445
109676521,51.307,29.3374,478,26588,0.041357,0.01,1,1564593,1564115,478
109679441,64.6614,51.4675,489,26668,0.0802714,0.07,1,1564661,1564172,489
109682361,36.1323,60.6935,455,26747,0.104054,0.09,1,1564690,1564235,455
109685281,35.2265,35.3387,461,26826,0.108811,0.13,1,1564725,1564264,461
109688201,20.6453,34.2677,444,26905,0.125762,0.13,1,1564742,1564298,444
109691121,5.72906,22.8535,426,26984,0.129152,0.03,1,1564744,1564318,426
109694041,131.546,137.371,423,27062,0.11383,0.03,1,1564907,1564484,423
109696961,49.5092,50.6741,423,27140,0.0947661,0,1,1564936,1564513,423
109699881,28.3018,28.5348,423,27218,0.0429532,0.05,1,1564959,1564536,423
109702801,52.8604,51.307,425,27296,0.0645906,0.09,1,1565018,1564593,425
109705721,65.7721,64.6614,426,27374,0.0689181,0.11,1,1565087,1564661,426
109708641,37.1544,36.1323,427,27451,0.133784,0.11,1,1565117,1564690,427
109711561,35.4309,35.2265,427,27528,0.210757,0.13,1,1565152,1564725,427
109714481,19.8862,20.6453,426,27605,0.258151,0.13,1,1565168,1564742,426
109717401,5.57724,5.72906,426,27682,0.23563,0.11,1,1565170,1564744,426
109720321,130.715,131.546,425,27759,0.215126,0.09,1,1565332,1564907,425
109723241,46.9431,49.5092,422,27835,0.211025,0.03,1,1565358,1564936,422
109726161,27.7886,28.3018,422,27911,0.162205,0.07,1,1565381,1564959,422
109729081,55.1577,52.8604,425,27987,0.056441,0.07,1,1565443,1565018,425
109732001,67.0315,65.7721,426,28063,0.115288,0.15,1,1565513,1565087,426
109734921,38.2063,37.1544,427,28138,0.143058,0.23,1,1565544,1565117,427
109737841,38.8413,35.4309,431,28213,0.132612,0.27,1,1565583,1565152,431
109740761,22.1683,19.8862,433,28288,0.146522,0.23,1,1565601,1565168,433
109743681,6.03365,5.57724,433,28363,0.149304,0.23,1,1565603,1565170,433
109746601,127.607,1.11545,591,28438,0.229861,0.21,1,1565761,1565170,591
109749521,46.3213,129.823,455,28512,0.261972,0.21,1,1565787,1565332,455
109752441,23.6643,46.7646,447,28586,0.268394,0.15,1,1565805,1565358,447
109755361,54.3329,27.7529,486,28660,0.285679,0.03,1,1565867,1565381,486
109758281,69.2666,55.1506,497,28734,0.209136,0.13,1,1565940,1565443,497
109761201,37.8533,67.0301,457,28808,0.209827,0.15,1,1565970,1565513,457
109764121,39.5707,38.206,466,28881,0.209965,0.13,1,1566010,1565544,466
109767041,23.1141,38.8412,446,28954,0.225993,0.15,1,1566029,1565583,446
109769961,6.22283,22.1682,430,29027,0.245199,0.15,1,1566031,1565601,430
109772881,132.445,6.03365,592,29100,0.31304,0.25,1,1566195,1565603,592
109775801,47.2889,127.607,460,29173,0.358608,0.27,1,1566221,1565761,460
109778721,23.8578,46.3213,452,29246,0.415722,0.27,1,1566239,1565787,452
109781641,53.5716,23.6643,495,29318,0.459144,0.29,1,1566300,1565805,495
109784561,66.7143,54.3329,503,29390,0.499829,0.19,1,1566370,1565867,503
109787481,38.1429,69.2666,461,29462,0.523966,0.21,1,1566401,1565940,461
109790401,40.4286,37.8533,472,29534,0.544793,0.21,1,1566442,1565970,472
109793321,24.0857,39.5707,452,29606,0.532959,0.23,1,1566462,1566010,452
109796241,6.41714,23.1141,435,29677,0.530592,0.25,1,1566464,1566029,435
109799161,137.283,6.22283,603,29748,0.578118,0.33,1,1566634,1566031,603
109802081,49.8567,132.445,467,29819,0.635624,0.37,1,1566662,1566195,467
109805001,11.5713,47.2889,443,29890,0.647125,0.43,1,1566664,1566221,443
109807921,16.7143,23.8578,443,29961,0.681425,0.47,1,1566682,1566239,443
109810841,53.7429,53.5716,445,30032,0.704285,0.51,1,1566745,1566300,445
109813761,68.3486,66.7143,447,30102,0.708857,0.53,1,1566817,1566370,447
109816681,39.2697,38.1429,448,30172,0.757771,0.55,2,1566849,1566401,448
109819601,41.4539,40.4286,449,30242,0.799554,0.53,2,1566891,1566442,449
109822521,23.4908,24.0857,448,30312,0.807911,0.53,2,1566910,1566462,448
109825441,6.29816,6.41714,448,30382,0.777582,0.59,2,1566912,1566464,448
109837121,18,18,456,30659,0.93,0.71,2,1567138,1566682,456
109840041,53.2,54,455,30728,0.914,0.71,2,1567200,1566745,455
109842961,69.84,68.4,457,30797,0.9108,0.77,2,1567274,1566817,457
109965601,50,75,479,33561,0.85,1,2,1569178,1568699,479
109968521,46.8,36.6,498,33624,0.642,1,1,1569224,1568726,498
109971441,39.76,54.52,477,33687,0.5044,1,1,1569262,1568785,477
109974361,43.152,37.304,488,33750,0.42888,1,1,1569306,1568818,488
109977281,31.8304,28.2608,491,33813,0.317776,1,1,1569335,1568844,491
109980201,115.966,111.252,496,33876,0.103555,1,1,1569472,1568976,496
109983121,48.7932,56.6504,485,33938,0.028711,1,1,1569504,1569019,485
109986041,38.5586,41.7301,483,34000,0.0777422,0.97,1,1569540,1569057,483
109988961,25.3117,32.346,475,34062,0.0715484,0.97,1,1569562,1569087,475
109991881,19.4623,19.2692,477,34124,0.0703097,0.87,1,1569580,1569103,477
109994801,18.2925,23.8538,470,34186,0.0540619,0.85,1,1569598,1569128,470
109997721,34.8585,44.7708,459,34248,0.0668124,0.85,1,1569637,1569178,459
110000641,34.9717,8.95415,494,34310,0.0373625,0.59,1,1569672,1569178,494
110003561,34.1943,38.5908,482,34372,0.0474725,0.47,1,1569706,1569224,482
110006481,38.8389,38.1182,484,34434,0.129494,0.41,1,1569746,1569262,484
110009401,26.9678,42.8236,464,34495,0.0978989,0.29,1,1569770,1569306,464
110012321,109.394,31.7647,565,34556,0.0595798,0.05,1,1569900,1569335,565
110015241,45.8787,115.953,458,34617,0.051916,0.01,1,1569930,1569472,458
110018161,36.3757,48.7906,460,34678,0.0983832,0.09,1,1569964,1569504,460
110021081,23.2751,38.5581,444,34739,0.107677,0.07,1,1569984,1569540,444
110024001,18.255,25.3116,439,34800,0.125535,0.07,1,1570001,1569562,439
110026921,18.851,19.4623,440,34861,0.0971071,0.05,1,1570020,1569580,440
110029841,35.7702,18.2925,462,34922,0.107421,0.07,1,1570060,1569598,462
110032761,35.954,34.8585,459,34983,0.157484,0.03,1,1570096,1569637,459
110035681,33.5908,34.9717,457,35043,0.167497,0.05,1,1570129,1569672,457
110038601,41.9182,34.1943,467,35103,0.217499,0.15,1,1570173,1569706,467
110041521,25.9836,38.8389,449,35163,0.2435,0.09,1,1570195,1569746,449
110044441,107.597,26.9678,553,35223,0.2167,0.05,1,1570323,1569770,553
110047361,45.5193,109.394,453,35283,0.22734,0.05,1,1570353,1569900,453
110050281,38.7039,45.8787,460,35343,0.213468,0.11,1,1570390,1569930,460
110053201,23.7408,36.3757,446,35403,0.210694,0.11,1,1570410,1569964,446
110056121,18.3482,23.2751,443,35463,0.194139,0.13,1,1570427,1569984,443
110059041,18.8696,18.255,445,35523,0.238828,0.09,1,1570446,1570001,445
110061961,38.1739,18.851,469,35583,0.263766,0.11,1,1570489,1570020,469
110064881,36.4348,35.7702,465,35642,0.268753,0.17,1,1570525,1570060,465
110067801,8.88696,35.954,431,35701,0.269751,0.17,1,1570527,1570096,431
110070721,29.7774,33.5908,433,35760,0.31795,0.23,1,1570562,1570129,433
110073641,41.9555,41.9182,434,35819,0.35959,0.25,1,1570607,1570173,434
110076561,25.9911,25.9836,434,35878,0.335918,0.21,1,1570629,1570195,434
110079481,105.998,107.597,432,35937,0.443184,0.23,1,1570755,1570323,432
110082401,45.9996,45.5193,433,35996,0.448637,0.21,1,1570786,1570353,433
110085321,37.9999,38.7039,432,36055,0.449727,0.21,1,1570822,1570390,432
110088241,23.6,23.7408,432,36114,0.481945,0.19,1,1570842,1570410,432
110091161,19.12,18.3482,433,36173,0.472389,0.25,1,1570860,1570427,433
110094081,19.824,18.8696,434,36231,0.486478,0.27,1,1570880,1570446,434
110097001,39.1648,38.1739,435,36289,0.569296,0.27,1,1570924,1570489,435
110099921,37.433,36.4348,436,36347,0.569859,0.27,1,1570961,1570525,436
110102841,9.08659,8.88696,436,36405,0.569972,0.33,1,1570963,1570527,436
110105761,31.4173,29.7774,438,36463,0.585994,0.37,1,1571000,1570562,438
110108681,42.2835,41.9555,438,36521,0.605199,0.33,1,1571045,1570607,438
110111601,26.0567,25.9911,438,36579,0.57704,0.47,1,1571067,1570629,438
110114521,110.011,105.998,443,36637,0.651408,0.45,1,1571198,1570755,443
110117441,47.6023,45.9996,444,36695,0.650282,0.45,1,1571230,1570786,444
110120361,38.3205,37.9999,444,36753,0.666056,0.49,1,1571266,1570822,444
110123281,23.6641,23.6,444,36810,0.669211,0.47,1,1571286,1570842,444
110126201,20.7328,19.12,446,36867,0.669842,0.49,1,1571306,1570860,446
110129121,20.1466,19.824,446,36924,0.637968,0.59,1,1571326,1570880,446
110132041,41.6293,39.1648,449,36981,0.695594,0.57,1,1571373,1570924,449
110134961,37.1259,37.433,448,37038,0.707119,0.57,1,1571409,1570961,448
110137881,9.02517,9.08659,448,37095,0.709424,0.59,1,1571411,1570963,448
110140801,32.205,31.4173,449,37152,0.693885,0.59,1,1571449,1571000,449
110143721,42.441,6.28346,494,37209,0.722777,0.61,1,1571494,1571000,494
110146641,26.0882,37.2567,471,37266,0.728555,0.57,1,1571516,1571045,471
110149561,113.218,25.0513,584,37323,0.729711,0.67,1,1571651,1571067,584
110152481,48.2435,109.81,485,37380,0.745942,0.65,1,1571683,1571198,485
110155401,39.2487,47.5621,490,37437,0.733188,0.67,1,1571720,1571230,490
110158321,23.8497,38.3124,474,37493,0.730638,0.67,1,1571740,1571266,474
110161241,19.1699,23.6625,472,37549,0.730128,0.67,1,1571758,1571286,472
110164161,19.834,20.7325,472,37605,0.730025,0.63,1,1571778,1571306,472
110167081,43.1668,20.1465,501,37661,0.762005,0.71,2,1571827,1571326,501
110170001,37.4334,41.6293,490,37717,0.816401,0.71,2,1571863,1571373,490
110172921,9.08667,37.1259,456,37773,0.82728,0.71,2,1571865,1571409,456
110175841,33.8173,9.02517,494,37829,0.829456,0.69,2,1571905,1571411,494
110178761,43.5635,32.205,502,37885,0.845891,0.73,2,1571951,1571449,502
110181681,26.3127,42.441,479,37941,0.849178,0.73,2,1571973,1571494,479
110184601,114.063,26.0882,593,37997,0.881836,0.73,2,1572109,1571516,593
110187521,48.4125,113.218,490,38053,0.936367,0.75,2,1572141,1571651,490
110345201,39,46,504,40943,0.91,1,2,1574113,1573609,504
110348121,39,34.8,511,40995,0.894,1,2,1574152,1573641,511
110351041,26.2,28.56,507,41046,0.8588,1,2,1574175,1573668,507
110353961,29.24,27.312,510,41097,0.78776,1,2,1574205,1573695,510
110356881,30.648,26.2624,515,41148,0.789552,1,2,1574236,1573721,515
110359801,25.3296,29.2525,509,41199,0.80591,0.98,2,1574260,1573751,509
110362721,32.2659,30.6505,512,41250,0.841182,0.92,2,1574294,1573782,512
110365641,29.6532,37.3301,502,41301,0.832236,0.99,2,1574323,1573821,502
110368561,34.7306,33.066,506,41352,0.862447,1,2,1574359,1573853,506
110371481,36.5461,32.2132,511,41403,0.90049,1,2,1574396,1573885,511
110374401,70.5092,40.0426,548,41454,0.908098,0.92,2,1574475,1573927,548
110377321,38.9018,72.8085,498,41505,0.92562,0.91,2,1574506,1574008,498
110380241,9.38037,43.3617,464,41556,0.929124,0.93,2,1574508,1574044,464
110383161,28.2761,32.6723,467,41607,0.913825,0.91,2,1574541,1574074,467
110860581,23,13,501,22817,0.11,1,1,1580138,1579637,501
110863501,31.8,39.4,489,22910,0.078,0.85,1,1580172,1579683,489
110866421,83.16,89.48,483,23003,0.0876,0.67,1,1580268,1579785,483
110869341,69.432,84.296,466,23095,0.15352,0.59,1,1580334,1579868,466
110872261,70.6864,56.0592,488,23187,0.150704,0.25,1,1580405,1579917,488
110875181,46.1373,76.8118,446,23278,0.150141,0.15,1,1580445,1579999,446
110878101,84.4275,84.1624,454,23369,0.246028,0.09,1,1580539,1580085,454
110881021,36.8855,40.8325,449,23460,0.297206,0.11,1,1580564,1580115,449
110883941,32.9771,26.5665,458,23550,0.307441,0.07,1,1580596,1580138,458
110886861,85.7954,32.5133,523,23640,0.357488,0.09,1,1580695,1580172,523
110889781,69.9591,83.3027,493,23730,0.399498,0.17,1,1580761,1580268,493
110892701,71.5918,69.4605,499,23819,0.4239,0.15,1,1580833,1580334,499
110895621,47.9184,70.6921,470,23908,0.46078,0.15,1,1580875,1580405,470
110898541,11.1837,46.1384,432,23997,0.468156,0.27,1,1580877,1580445,432
110901461,82.2367,84.4277,438,24085,0.533631,0.31,1,1580977,1580539,438
110904381,35.6473,36.8855,437,24173,0.514726,0.31,1,1581001,1580564,437
110907301,32.7295,32.9771,437,24261,0.510945,0.37,1,1581033,1580596,437
110910221,88.1459,85.7954,440,24348,0.510189,0.41,1,1581135,1580695,440
110913141,72.0292,69.9591,442,24435,0.542038,0.43,1,1581203,1580761,442
110916061,72.8058,71.5918,443,24522,0.564408,0.47,1,1581276,1580833,443
110918981,49.7612,47.9184,445,24608,0.600882,0.47,1,1581320,1580875,445
110921901,11.5522,11.1837,445,24694,0.608176,0.55,1,1581322,1580877,445
110924821,83.9104,82.2367,447,24780,0.657635,0.51,1,1581424,1580977,447
110927741,35.9821,35.6473,447,24866,0.651527,0.51,1,1581448,1581001,447
110930661,32.7964,32.7295,447,24951,0.666305,0.51,1,1581480,1581033,447
110933581,88.1593,88.1459,447,25036,0.701261,0.55,1,1581582,1581135,447
110936501,73.6319,72.0292,449,25121,0.724252,0.57,1,1581652,1581203,449
110939421,73.9264,72.8058,450,25205,0.77685,0.61,2,1581726,1581276,450
110942341,49.9853,49.7612,450,25289,0.83537,0.61,2,1581770,1581320,450
110945261,11.5971,11.5522,450,25373,0.847074,0.67,2,1581772,1581322,450
110948181,86.3194,83.9104,453,25457,0.833415,0.67,2,1581877,1581424,453
110951101,37.2639,16.7821,478,25540,0.814683,0.65,2,1581902,1581424,478
110954021,33.0528,22.5564,486,25623,0.778937,0.67,2,1581934,1581448,486
110956941,89.8106,30.1113,558,25706,0.803787,0.71,2,1582038,1581480,558
110959861,75.5621,87.6223,528,25788,0.872757,0.73,2,1582110,1581582,528
110962781,75.9124,73.5244,534,25870,0.902551,0.79,2,1582186,1581652,534
111091261,106,73,578,29255,0.65,1,1,1584580,1584002,578
111094181,50.8,96.2,513,29327,0.538,1,1,1584617,1584104,513
111097101,39.76,48.84,513,29399,0.5156,1,1,1584654,1584141,513
111100021,47.152,37.768,527,29471,0.47912,1,1,1584703,1584176,527
111102941,43.8304,56.3536,509,29543,0.503824,1,1,1584746,1584237,509
111105861,56.7661,42.4707,530,29615,0.540765,1,1,1584806,1584276,530
111108781,37.7532,54.8941,505,29686,0.532153,1,1,1584839,1584334,505
111111701,34.7506,41.3788,501,29757,0.530431,0.93,1,1584873,1584372,501
111114621,56.5501,37.8758,526,29828,0.530086,0.81,1,1584935,1584409,526
111117541,12.91,59.5752,463,29899,0.530017,0.65,1,1584937,1584474,463
111120461,81.782,96.715,456,29970,0.578003,0.51,1,1585036,1584580,456
111123381,41.9564,48.943,451,30041,0.587601,0.51,1,1585068,1584617,451
111126301,37.1913,39.3886,450,30111,0.60552,0.47,1,1585104,1584654,450
111129221,41.8383,47.0777,444,30181,0.609104,0.51,1,1585147,1584703,444
111132141,41.9677,43.8155,443,30251,0.609821,0.55,1,1585189,1584746,443
111135061,59.5935,56.7631,447,30321,0.673964,0.53,1,1585253,1584806,447
111137981,40.7187,37.7526,450,30391,0.670793,0.53,1,1585289,1584839,450
111140901,33.7437,34.7505,448,30461,0.702159,0.53,1,1585321,1584873,448
111143821,57.9487,56.5501,450,30530,0.724432,0.53,1,1585385,1584935,450
111146741,13.1897,12.91,450,30599,0.696886,0.59,1,1585387,1584937,450
111149661,81.038,81.782,449,30668,0.755377,0.59,2,1585485,1585036,449
111152581,43.4076,41.9564,451,30737,0.799075,0.61,2,1585519,1585068,451
111155501,37.4815,37.1913,451,30806,0.823815,0.61,2,1585555,1585104,451
111158421,42.6963,41.8383,452,30875,0.796763,0.61,2,1585599,1585147,452
111161341,42.9393,41.9677,453,30944,0.855353,0.69,2,1585642,1585189,453
111164261,60.5879,59.5935,454,31012,0.85107,0.67,2,1585707,1585253,454
111167181,41.7176,40.7187,455,31080,0.866214,0.71,2,1585744,1585289,455
111170101,33.9435,33.7437,455,31148,0.933243,0.73,2,1585776,1585321,455
111173021,58.7887,57.9487,456,31216,0.930649,0.69,2,1585841,1585385,456
111175941,13.3577,13.1897,456,31284,0.93013,0.69,2,1585843,1585387,456
111178861,83.4716,2.63795,557,31352,0.882026,0.77,2,1585944,1585387,557
111181781,43.8943,78.9276,493,31419,0.872405,0.81,2,1585978,1585485,493
111184701,38.3789,42.9855,496,31486,0.886481,0.83,2,1586015,1585519,496
111187621,43.6758,37.3971,505,31553,0.921296,0.79,2,1586060,1585555,505
111190541,43.9352,42.6794,505,31620,0.912259,0.87,2,1586104,1585599,505
111193461,60.787,42.9359,527,31687,0.926452,0.85,2,1586169,1585642,527
111196381,44.1574,60.5872,502,31754,0.94529,0.87,2,1586209,1585707,502
111327781,49,34,530,34624,0.59,1,1,1588214,1587684,530
111330701,50.6,57.2,518,34685,0.51,1,1,1588265,1587747,518
111333621,66.12,44.24,547,34746,0.446,1,1,1588335,1587788,547
111336541,42.024,64.048,514,34807,0.4492,1,1,1588371,1587857,514
111339461,38.0048,43.2096,513,34868,0.32184,1,1,1588408,1587895,513
111342381,35.601,39.0419,510,34929,0.296368,0.92,1,1588443,1587933,510
111345301,32.7202,37.4084,505,34990,0.275274,1,1,1588475,1587970,505
111348221,28.144,37.0817,495,35050,0.287055,1,1,1588502,1588007,495
111351141,41.6288,28.2163,514,35110,0.241411,0.97,1,1588547,1588033,514
111354061,36.3258,44.8433,500,35170,0.216282,0.91,1,1588582,1588082,500
111356981,38.4652,37.7687,503,35230,0.195256,0.73,1,1588621,1588118,503
111359901,42.093,45.1537,499,35290,0.207051,0.59,1,1588664,1588165,499
111362821,44.4186,48.2307,495,35350,0.20941,0.49,1,1588709,1588214,495
111365741,60.0837,50.4461,508,35410,0.209882,0.43,1,1588773,1588265,508
111368661,40.0167,66.0892,473,35470,0.257976,0.45,1,1588808,1588335,473
111371581,35.2033,42.0178,471,35530,0.299595,0.29,1,1588842,1588371,471
111374501,35.8407,38.0036,470,35589,0.275919,0.29,1,1588878,1588408,470
111377421,33.5681,35.6007,468,35648,0.255184,0.27,1,1588911,1588443,468
111380341,8.31363,32.7201,438,35707,0.251037,0.29,1,1588913,1588475,438
111383261,18.4627,28.144,432,35766,0.346207,0.23,1,1588934,1588502,432
111386181,40.4925,41.6288,433,35825,0.301241,0.21,1,1588980,1588547,433
111389101,35.2985,36.3258,432,35884,0.372248,0.19,1,1589014,1588582,432
111392021,39.0597,38.4652,433,35943,0.38645,0.21,1,1589054,1588621,433
111394941,42.2119,42.093,433,36002,0.37329,0.21,1,1589097,1588664,433
111397861,42.0424,44.4186,430,36061,0.370658,0.21,1,1589139,1588709,430
111400781,62.8085,60.0837,434,36120,0.434132,0.27,1,1589207,1588773,434
111403701,42.9617,40.0167,437,36179,0.462826,0.31,1,1589245,1588808,437
111406621,34.1923,35.2033,435,36237,0.484565,0.27,1,1589277,1588842,435
111409541,37.2385,35.8407,437,36295,0.488913,0.25,1,1589315,1588878,437
111412461,33.0477,33.5681,436,36353,0.505783,0.25,1,1589347,1588911,436
111415381,8.20954,8.31363,436,36411,0.509156,0.37,1,1589349,1588913,436
111418301,20.0419,18.4627,438,36469,0.541831,0.29,1,1589372,1588934,438
111421221,41.6084,40.4925,439,36527,0.564366,0.39,1,1589419,1588980,439
111424141,35.5217,35.2985,439,36585,0.616873,0.39,1,1589453,1589014,439
111427061,39.1043,39.0597,439,36643,0.611375,0.37,1,1589493,1589054,439
111429981,43.0209,42.2119,440,36701,0.610275,0.37,1,1589537,1589097,440
111432901,41.4042,42.0424,439,36759,0.642055,0.45,1,1589578,1589139,439
111435821,65.0808,62.8085,442,36816,0.664411,0.47,1,1589649,1589207,442
111438741,46.6162,42.9617,446,36873,0.700882,0.49,1,1589691,1589245,446
111441661,34.9232,34.1923,446,36930,0.756176,0.49,2,1589723,1589277,446
111444581,37.3846,37.2385,446,36987,0.735235,0.51,1,1589761,1589315,446
111447501,34.6769,33.0477,448,37044,0.763047,0.51,2,1589795,1589347,448
111450421,8.53539,8.20954,448,37101,0.768609,0.55,2,1589797,1589349,448
111453341,19.3071,20.0419,447,37158,0.737722,0.55,1,1589819,1589372,447
111456261,43.8614,4.00838,497,37215,0.747544,0.57,1,1589869,1589372,497
111459181,35.9723,38.4017,484,37272,0.717509,0.63,1,1589903,1589419,484
111462101,39.9945,34.8803,491,37329,0.727502,0.61,1,1589944,1589453,491
111465021,43.9989,38.9761,496,37386,0.7135,0.61,1,1589989,1589493,496
111467941,42.3998,42.9952,494,37443,0.7107,0.65,1,1590031,1589537,494
111470861,65.28,41.399,524,37499,0.74214,0.67,1,1590102,1589578,524
111473781,49.056,65.0798,498,37555,0.764428,0.71,2,1590147,1589649,498
111476701,36.2112,46.616,489,37611,0.768886,0.77,2,1590180,1589691,489
111479621,37.6422,34.9232,495,37667,0.817777,0.73,2,1590218,1589723,495
111482541,34.7284,37.3846,491,37723,0.827555,0.77,2,1590252,1589761,491
111485461,8.54569,34.6769,459,37779,0.829511,0.77,2,1590254,1589795,459
111488381,19.3091,8.53539,479,37835,0.829902,0.73,2,1590276,1589797,479
111491301,43.0618,19.3071,506,37891,0.86198,0.75,2,1590325,1589819,506
111494221,35.8124,43.8614,490,37947,0.900396,0.71,2,1590359,1589869,490
111497141,40.7625,35.9723,498,38003,0.940079,0.73,2,1590401,1589903,498
111646061,28,37,515,40739,0.73,1,1,1592306,1591791,515
111648981,24,27.4,513,40791,0.698,1,1,1592329,1591816,513
111651901,32,21.48,527,40843,0.5796,1,1,1592363,1591836,527
111654821,27.2,27.496,524,40895,0.60392,1,1,1592389,1591865,524
111657741,52.64,31.8992,550,40947,0.480784,1,1,1592448,1591898,550
111660661,61.728,77.5798,525,40999,0.360157,1,1,1592512,1591987,525
111663581,42.7456,49.916,520,41050,0.384031,1,1,1592550,1592030,520
111666501,30.1491,45.9832,502,41101,0.356806,1,1,1592577,1592075,502
111669421,35.6298,35.5966,506,41152,0.367361,0.97,1,1592614,1592108,506
111672341,35.926,35.9193,506,41203,0.353472,0.97,1,1592650,1592144,506
111675261,29.5852,38.3839,495,41254,0.302694,0.99,1,1592678,1592183,495
111678181,32.317,29.2768,501,41305,0.372539,0.91,1,1592711,1592210,501
111681101,29.6634,32.2554,497,41356,0.354508,0.79,1,1592740,1592243,497
111684021,24.3327,34.4511,485,41407,0.366902,0.73,1,1592763,1592278,485
111686941,20.0665,29.2902,476,41458,0.35338,0.69,1,1592782,1592306,476
111689861,28.8133,24.258,484,41509,0.366676,0.55,1,1592813,1592329,484
111692781,7.36266,32.0516,452,41560,0.369335,0.61,1,1592815,1592363,452
111695701,19.8725,27.2103,449,41611,0.353867,0.45,1,1592838,1592389,449
111698621,51.9745,52.6421,450,41662,0.382773,0.33,1,1592898,1592448,450
111701541,55.1949,61.7284,442,41713,0.420555,0.39,1,1592954,1592512,442
111704461,40.639,42.7457,441,41764,0.476111,0.35,1,1592991,1592550,441
111707381,28.1278,30.1491,439,41815,0.471222,0.37,1,1593016,1592577,439
111710301,36.0256,35.6298,440,41865,0.502244,0.35,1,1593054,1592614,440
111713221,33.6051,35.926,437,41915,0.508449,0.29,1,1593087,1592650,437
111716141,29.921,29.5852,438,41965,0.49369,0.39,1,1593116,1592678,438
111719061,34.7842,32.317,441,42015,0.570738,0.35,1,1593152,1592711,441
111721981,30.1568,29.6634,441,42065,0.650148,0.37,1,1593181,1592740,441
111724901,23.6314,24.3327,440,42115,0.682029,0.35,1,1593203,1592763,440
111727821,19.1263,20.0665,439,42165,0.688406,0.37,1,1593221,1592782,439
111730741,29.4253,28.8133,440,42215,0.689681,0.37,1,1593253,1592813,440
111733661,7.48505,7.36266,440,42265,0.657936,0.35,1,1593255,1592815,440
111736581,19.097,19.8725,439,42315,0.683587,0.39,1,1593277,1592838,439
111739501,54.2194,51.9745,442,42365,0.656717,0.43,1,1593340,1592898,442
111742421,56.4439,55.1949,443,42415,0.667343,0.49,1,1593397,1592954,443
111745341,41.6888,40.639,444,42465,0.637469,0.47,1,1593435,1592991,444
111748261,29.1378,28.1278,445,42515,0.647494,0.51,1,1593461,1593016,445
111751181,37.0276,36.0256,446,42565,0.681499,0.51,1,1593500,1593054,446
111754101,33.0055,33.6051,445,42615,0.7203,0.49,1,1593532,1593087,445
111757021,30.6011,29.921,446,42665,0.74406,0.59,1,1593562,1593116,446
111759941,39.7202,34.7842,452,42714,0.780812,0.67,2,1593604,1593152,452
111762861,31.944,30.1568,453,42763,0.772162,0.69,2,1593634,1593181,453
111765781,24.7888,23.6314,454,42812,0.786433,0.69,2,1593657,1593203,454
111768701,19.3578,19.1263,454,42861,0.821286,0.69,2,1593675,1593221,454
111771621,29.4716,29.4253,454,42910,0.812257,0.65,2,1593707,1593253,454
111774541,7.49431,7.48505,454,42959,0.842451,0.69,2,1593709,1593255,454
111777461,19.0989,19.097,454,43008,0.84849,0.69,2,1593731,1593277,454
111780381,51.8198,3.8194,514,43057,0.817698,0.65,2,1593791,1593277,514
111783301,56.764,51.1639,509,43106,0.85954,0.67,2,1593849,1593340,509
111786221,41.7528,55.8328,490,43155,0.899908,0.63,2,1593887,1593397,490
111789141,29.9506,41.5666,479,43204,0.907982,0.65,2,1593914,1593435,479
111792061,38.7901,29.1133,494,43253,0.893596,0.69,2,1593955,1593461,494
111794981,34.158,37.0227,488,43302,0.890719,0.73,2,1593988,1593500,488
111797901,30.8316,33.0045,486,43351,0.922144,0.75,2,1594018,1593532,486
111800821,41.3663,30.6009,500,43400,0.912429,0.79,2,1594062,1593562,500
111803741,33.0733,39.7202,489,43449,0.894486,0.77,2,1594093,1593604,489
111806661,25.8147,31.944,483,43498,0.906897,0.79,2,1594117,1593634,483
111809581,19.5629,24.7888,478,43547,0.925379,0.83,2,1594135,1593657,478
111812501,30.3126,19.3578,493,43595,0.929076,0.81,2,1594168,1593675,493
111815421,7.66252,29.4716,463,43643,0.929815,0.85,2,1594170,1593707,463
111818341,19.1325,7.49431,483,43691,0.945963,0.85,2,1594192,1593709,483
111821261,51.8265,19.0989,521,43739,0.949193,0.81,2,1594252,1593731,521
111978941,32,33,505,46272,0.81,1,2,1596034,1595529,505
111981861,33.6,27.4,513,46318,0.65,1,1,1596068,1595555,513
111984781,29.92,27.88,514,46364,0.634,1,1,1596097,1595583,514
111987701,28.384,27.176,515,46409,0.5988,1,1,1596125,1595610,515
111990621,31.2768,28.6352,518,46454,0.54376,1,1,1596157,1595639,518
111993541,35.0554,32.127,521,46499,0.468752,1,1,1596193,1595672,521
111996461,35.8111,31.2254,526,46544,0.34175,1,1,1596229,1595703,526
111999381,31.1622,40.6451,513,46589,0.25235,1,1,1596259,1595746,513
112002301,29.4324,33.729,510,46634,0.23447,1,1,1596288,1595778,510
112005221,33.8865,33.1458,512,46679,0.134894,1,1,1596323,1595811,512
112008141,29.9773,37.0292,503,46724,0.0989788,1,1,1596352,1595849,503
112011061,25.1955,28.2058,501,46769,0.0277958,1,1,1596376,1595875,501
112013981,19.4391,27.2412,492,46814,0.0135592,0.97,1,1596394,1595902,492
112016901,26.2878,24.6482,496,46859,0.0107118,0.94,1,1596422,1595926,496
112019821,39.6576,31.3296,506,46904,0.0581424,0.93,1,1596465,1595959,506
112022741,31.9315,40.6659,493,46949,0.0356285,0.81,1,1596495,1596002,493
112025661,28.7863,33.7332,489,46994,0.0791257,0.61,1,1596523,1596034,489
112028581,25.7573,33.9466,480,47039,0.0558251,0.63,1,1596548,1596068,480
112031501,21.1515,29.9893,471,47084,0.035165,0.59,1,1596568,1596097,471
112034421,29.8303,28.3979,475,47129,0.031033,0.53,1,1596600,1596125,475
112037341,28.3661,31.2796,471,47174,0.0462066,0.45,1,1596628,1596157,471
112040261,30.4732,35.0559,466,47219,0.0972413,0.31,1,1596659,1596193,466
112043181,30.0946,35.8112,460,47264,0.0594483,0.23,1,1596689,1596229,460
112046101,26.0189,31.1622,455,47309,0.13189,0.23,1,1596714,1596259,455
112049021,31.6038,29.4324,459,47354,0.130378,0.11,1,1596747,1596288,459
112051941,7.92076,33.8865,426,47399,0.130076,0.09,1,1596749,1596323,426
112054861,23.9842,29.9773,425,47443,0.162015,0.01,1,1596777,1596352,425
112057781,22.3968,25.1955,423,47487,0.136403,0.01,1,1596799,1596376,423
112060701,18.8794,19.4391,423,47531,0.147281,0.01,1,1596817,1596394,423
112063621,26.9759,26.2878,424,47575,0.101456,0.07,1,1596846,1596422,424
112066541,39.7952,39.6576,424,47619,0.108291,0.03,1,1596889,1596465,424
112069461,31.959,31.9315,424,47663,0.0616582,0.09,1,1596919,1596495,424
112072381,28.7918,28.7863,424,47707,0.0523316,0.05,1,1596947,1596523,424
112075301,25.7584,25.7573,424,47751,0.0664663,0.03,1,1596972,1596548,424
112078221,20.3517,21.1515,423,47795,0.101293,0.03,1,1596991,1596568,423
112081141,29.6703,29.8303,423,47839,0.0762587,0.05,1,1597023,1596600,423
112084061,31.5341,28.3661,427,47883,0.183252,0.11,1,1597055,1596628,427
112086981,30.3068,30.4732,426,47927,0.20465,0.05,1,1597085,1596659,426
112089901,31.6614,30.0946,428,47971,0.22493,0.15,1,1597117,1596689,428
112092821,27.1323,26.0189,429,48015,0.228986,0.13,1,1597143,1596714,429
112095741,32.6265,31.6038,430,48059,0.261797,0.13,1,1597177,1596747,430
112098661,8.12529,7.92076,430,48103,0.268359,0.17,1,1597179,1596749,430
112101581,22.4251,23.9842,428,48147,0.269672,0.13,1,1597205,1596777,428
112104501,22.085,22.3968,428,48191,0.253934,0.15,1,1597227,1596799,428
112107421,18.017,18.8794,427,48235,0.266787,0.09,1,1597244,1596817,427
112110341,24.4034,26.9759,424,48279,0.253357,0.11,1,1597270,1596846,424
112113261,40.8807,39.7952,426,48323,0.250671,0.05,1,1597315,1596889,426
112116181,30.5761,31.959,424,48367,0.218134,0.05,1,1597343,1596919,424
112119101,28.5152,28.7918,424,48411,0.243627,0.07,1,1597371,1596947,424
112122021,25.703,25.7584,424,48455,0.232725,0.11,1,1597396,1596972,424
112124941,21.1406,20.3517,425,48498,0.294545,0.07,1,1597416,1596991,425
112127861,31.4281,29.6703,427,48541,0.274909,0.21,1,1597450,1597023,427
112130781,34.2856,31.5341,430,48584,0.270982,0.21,1,1597485,1597055,430
112133701,33.2571,30.3068,433,48627,0.302196,0.23,1,1597518,1597085,433
112136621,32.2514,31.6614,433,48670,0.356439,0.23,1,1597550,1597117,433
112139541,27.2503,27.1323,433,48713,0.351288,0.27,1,1597576,1597143,433
112142461,32.6501,32.6265,433,48756,0.398258,0.27,1,1597610,1597177,433
112145381,8.13001,8.12529,433,48799,0.407651,0.27,1,1597612,1597179,433
112148301,22.426,22.4251,433,48842,0.37753,0.27,1,1597638,1597205,433
112151221,22.0852,4.48501,455,48885,0.371506,0.25,1,1597660,1597205,455
112154141,17.217,18.497,449,48928,0.386301,0.27,1,1597676,1597227,449
112157061,25.8434,17.2994,460,48971,0.38926,0.25,1,1597704,1597244,460
112159981,38.7687,24.2599,476,49014,0.437852,0.25,1,1597746,1597270,476
112162901,30.1537,40.852,459,49057,0.44757,0.21,1,1597774,1597315,459
112165821,28.4307,30.5704,459,49100,0.465514,0.25,1,1597802,1597343,459
112168741,26.4862,28.5141,457,49143,0.469103,0.23,1,1597828,1597371,457
112171661,22.8972,25.7028,454,49186,0.453821,0.31,1,1597850,1597396,454
112174581,32.5794,21.1406,469,49229,0.498764,0.27,1,1597885,1597416,469
112177501,33.7159,31.4281,469,49272,0.475753,0.27,1,1597919,1597450,469
112180421,34.7432,34.2856,469,49315,0.471151,0.31,1,1597954,1597485,469
112183341,34.1486,33.2571,470,49358,0.43823,0.37,1,1597988,1597518,470
112186261,27.6297,32.2514,464,49401,0.447646,0.35,1,1598014,1597550,464
112189181,33.5259,27.2503,473,49444,0.433529,0.41,1,1598049,1597576,473
112192101,8.30519,32.6501,441,49487,0.430706,0.41,1,1598051,1597610,441
112195021,22.461,8.13001,465,49530,0.462141,0.37,1,1598077,1597612,465
112197941,22.8922,22.426,462,49573,0.484428,0.37,1,1598100,1597638,462
112200861,17.3784,22.0852,456,49615,0.488886,0.39,1,1598116,1597660,456
112203781,27.4757,17.217,470,49657,0.521777,0.39,1,1598146,1597676,470
112206701,39.8951,25.8434,485,49699,0.544355,0.45,1,1598189,1597704,485
112209621,30.379,38.7687,471,49741,0.548871,0.45,1,1598217,1597746,471
112212541,29.2758,30.1537,472,49783,0.581774,0.47,1,1598246,1597774,472
112215461,27.4552,28.4307,471,49825,0.604355,0.47,1,1598273,1597802,471
112218381,22.291,26.4862,466,49867,0.592871,0.45,1,1598294,1597828,466
112221301,32.4582,22.8972,479,49909,0.606574,0.51,1,1598329,1597850,479
112224221,33.6916,32.5794,478,49951,0.625315,0.47,1,1598363,1597885,478
112227141,34.7383,33.7159,479,49993,0.629063,0.47,1,1598398,1597919,479
112230061,32.5477,34.7432,476,50035,0.629813,0.43,1,1598430,1597954,476
112232981,28.1095,34.1486,469,50077,0.661963,0.45,1,1598457,1597988,469
112235901,32.8219,27.6297,477,50119,0.684392,0.43,1,1598491,1598014,477
112238821,8.16438,33.5259,444,50161,0.688878,0.43,1,1598493,1598049,444
112241741,24.0329,8.30519,470,50203,0.721776,0.47,1,1598521,1598051,470
112244661,24.0066,22.461,468,50245,0.728355,0.49,1,1598545,1598077,468
112247581,17.6013,22.8922,461,50287,0.729671,0.49,1,1598561,1598100,461
112250501,5.12026,17.3784,447,50329,0.729934,0.53,1,1598563,1598116,447
112253421,25.8241,27.4757,448,50371,0.761987,0.55,2,1598594,1598146,448
112256341,40.3648,39.8951,449,50413,0.800397,0.55,2,1598638,1598189,449
112259261,30.473,30.379,449,50455,0.776079,0.59,2,1598666,1598217,449
112262181,30.8946,29.2758,451,50497,0.771216,0.61,2,1598697,1598246,451
112265101,28.5789,27.4552,452,50539,0.770243,0.59,2,1598725,1598273,452
112268021,21.7158,22.291,451,50581,0.818049,0.61,2,1598745,1598294,451
112270941,33.9432,32.4582,453,50623,0.81161,0.63,2,1598782,1598329,453
112273861,33.9886,33.6916,453,50665,0.858322,0.63,2,1598816,1598363,453
112276781,34.7977,34.7383,453,50707,0.867664,0.63,2,1598851,1598398,453
112279701,32.5595,32.5477,453,50749,0.901533,0.67,2,1598883,1598430,453
112282621,30.5119,28.1095,456,50791,0.924307,0.69,2,1598913,1598457,456
112519141,256,245,472,24820,0.05,0.95,1,1601482,1601010,472
112522061,70.4,62.6,479,24905,0.082,1,1,1601506,1601027,479
112524981,51.68,45.32,485,24990,0.0724,0.89,1,1601553,1601068,485
112527901,60.736,36.264,514,25075,0.07048,0.69,1,1601616,1601102,514
112530821,59.3472,80.8528,481,25160,0.118096,0.55,1,1601675,1601194,481
112533741,75.8694,73.7706,489,25244,0.143619,0.27,1,1601755,1601266,489
112536661,79.1739,84.3541,482,25328,0.180724,0.09,1,1601835,1601353,482
112539581,33.4348,72.8708,434,25412,0.204145,0.03,1,1601857,1601423,434
112542501,32.287,36.9742,438,25495,0.176829,0.05,1,1601889,1601451,438
112545421,40.0574,32.1948,449,25578,0.187366,0.09,1,1601931,1601482,449
112548341,44.8115,25.639,471,25661,0.189473,0.07,1,1601977,1601506,471
112551261,59.3623,42.7278,487,25744,0.189895,0.07,1,1602040,1601553,487
112554181,60.6725,58.9456,485,25826,0.237979,0.13,1,1602101,1601616,485
112557101,77.7345,58.9891,508,25908,0.279596,0.15,1,1602183,1601675,508
112560021,81.9469,75.7978,511,25990,0.335919,0.19,1,1602266,1601755,511
112562941,33.9894,79.1596,453,26072,0.347184,0.21,1,1602288,1601835,453
112565861,33.1979,33.4319,464,26153,0.365437,0.17,1,1602321,1601857,464
112568781,38.6396,32.2864,472,26234,0.417087,0.19,1,1602361,1601889,472
112571701,44.5279,40.0573,476,26315,0.475417,0.19,1,1602407,1601931,476
112574621,60.1056,44.8115,494,26396,0.487084,0.19,1,1602471,1601977,494
112577541,62.4211,59.3623,494,26476,0.489417,0.25,1,1602534,1602040,494
112580461,80.4842,60.6725,518,26556,0.505883,0.29,1,1602619,1602101,518
112583381,84.0968,77.7345,521,26636,0.557177,0.35,1,1602704,1602183,521
112586301,34.4194,81.9469,460,26716,0.567435,0.35,1,1602726,1602266,460
112589221,35.6839,33.9894,474,26795,0.601487,0.37,1,1602762,1602288,474
112592141,39.9368,33.1979,482,26874,0.608297,0.43,1,1602803,1602321,482
112595061,9.58735,38.6396,444,26953,0.609659,0.49,1,1602805,1602361,444
112597981,40.3175,44.5279,446,27032,0.625932,0.49,1,1602853,1602407,446
112600901,59.2635,60.1056,446,27110,0.629186,0.49,1,1602917,1602471,446
112603821,63.0527,62.4211,447,27188,0.693837,0.51,1,1602981,1602534,447
112606741,80.6105,80.4842,447,27266,0.674767,0.57,1,1603066,1602619,447
112609661,86.5221,84.0968,450,27344,0.670954,0.57,1,1603154,1602704,450
112612581,34.9044,34.4194,450,27421,0.670191,0.61,1,1603176,1602726,450
112615501,37.3809,35.6839,452,27498,0.686038,0.61,1,1603214,1602762,452
112618421,41.0762,39.9368,453,27575,0.721208,0.61,1,1603256,1602803,453
112621341,9.81524,9.58735,453,27652,0.728242,0.63,1,1603258,1602805,453
112624261,40.363,40.3175,453,27729,0.745648,0.63,1,1603306,1602853,453
112627181,60.0726,59.2635,454,27805,0.76513,0.71,2,1603371,1602917,454
112630101,64.0145,63.0527,455,27881,0.817026,0.67,2,1603436,1602981,455
112633021,80.8029,80.6105,455,27957,0.875405,0.67,2,1603521,1603066,455
112635941,84.9606,86.5221,453,28033,0.871081,0.67,2,1603607,1603154,453
112638861,35.3921,34.9044,454,28109,0.902216,0.69,2,1603630,1603176,454
112641781,37.4784,37.3809,454,28184,0.940443,0.73,2,1603668,1603214,454
112749821,46,27,498,30842,0.65,1,1,1605555,1605057,498
112752741,37.2,34.2,497,30911,0.538,1,1,1605590,1605093,497
112755661,32.24,39.64,487,30979,0.4836,1,1,1605621,1605134,487
112758581,40.848,32.728,499,31047,0.45672,1,1,1605664,1605165,499
112761501,28.9696,29.7456,496,31115,0.451344,1,1,1605690,1605194,496
112764421,41.7939,53.1491,482,31183,0.498269,1,1,1605735,1605253,482
112767341,32.3588,36.2298,480,31251,0.475654,0.99,1,1605765,1605285,480
112770261,44.0718,52.846,470,31319,0.455131,0.99,1,1605812,1605342,470
112773181,72.8144,10.5692,550,31387,0.371026,0.93,1,1605892,1605342,550
112776101,73.7629,67.7138,542,31454,0.370205,0.77,1,1605966,1605424,542
112779021,48.3526,81.5428,499,31521,0.354041,0.65,1,1606008,1605509,499
112781941,32.8705,53.1086,482,31588,0.334808,0.51,1,1606037,1605555,482
112784861,24.9741,38.6217,470,31655,0.378962,0.47,1,1606060,1605590,470
112787781,44.1948,32.5243,488,31722,0.371792,0.45,1,1606109,1605621,488
112790701,28.839,40.9049,470,31789,0.402358,0.45,1,1606134,1605664,470
112793621,42.5678,28.981,490,31856,0.424472,0.51,1,1606180,1605690,490
112796541,31.7136,41.7962,474,31922,0.444894,0.47,1,1606209,1605735,474
112799461,41.5427,32.3592,488,31988,0.464979,0.45,1,1606253,1605765,488
112802381,68.3085,44.0718,516,32054,0.484996,0.35,1,1606328,1605812,516
112805301,74.4617,72.8144,512,32120,0.552999,0.37,1,1606404,1605892,512
112808221,48.4923,73.7629,480,32186,0.5986,0.35,1,1606446,1605966,480
112811141,33.6985,48.3526,468,32252,0.60772,0.33,1,1606476,1606008,468
112814061,24.3397,32.8705,461,32318,0.609544,0.39,1,1606498,1606037,461
112816981,44.8679,24.9741,488,32383,0.625909,0.37,1,1606548,1606060,488
112819901,32.9736,44.1948,469,32448,0.629182,0.41,1,1606578,1606109,469
112822821,43.3947,28.839,490,32513,0.693836,0.43,1,1606624,1606134,490
112825741,31.8789,42.5678,473,32578,0.706767,0.45,1,1606653,1606180,473
112828661,41.5758,31.7136,488,32643,0.709353,0.47,1,1606697,1606209,488
112831581,69.9152,41.5427,521,32708,0.725871,0.49,1,1606774,1606253,521
112834501,15.583,68.3085,448,32773,0.729174,0.57,1,1606776,1606328,448
112837421,65.5166,74.4617,450,32838,0.777835,0.61,2,1606854,1606404,450
112840341,48.3033,48.4923,452,32902,0.803567,0.61,2,1606898,1606446,452
112843261,33.6607,33.6985,452,32966,0.808713,0.61,2,1606928,1606476,452
112846181,24.3321,24.3397,452,33030,0.809743,0.63,2,1606950,1606498,452
112849101,45.6664,44.8679,453,33094,0.809949,0.63,2,1607001,1606548,453
112852021,33.1333,32.9736,453,33158,0.80999,0.71,2,1607031,1606578,453
112854941,47.4267,43.3947,458,33222,0.809998,0.71,2,1607082,1606624,458
112857861,31.8853,31.8789,457,33286,0.81,0.71,2,1607110,1606653,457
112860781,41.5771,41.5758,457,33350,0.794,0.73,2,1607154,1606697,457
112863701,70.7154,69.9152,458,33413,0.8548,0.73,2,1607232,1606774,458
112866621,15.7431,15.583,458,33476,0.86696,0.79,2,1607234,1606776,458
112869541,66.3486,65.5166,459,33539,0.901392,0.81,2,1607313,1606854,459
112872461,50.8697,48.3033,462,33602,0.924278,0.81,2,1607360,1606898,462
112884141,30,30,462,33854,0.95,0.81,2,1607493,1607031,462
113021381,28,36,497,36673,0.78,1,2,1609461,1608964,497
113024301,28.8,32.8,494,36731,0.852,1,2,1609490,1608996,494
113027221,39.36,44.16,489,36789,0.7864,0.93,2,1609532,1609043,489
113030141,67.072,64.032,494,36846,0.59728,1,1,1609606,1609112,494
113033061,43.8144,48.0064,488,36903,0.479456,1,1,1609644,1609156,488
113035981,36.7629,39.2013,486,36960,0.439891,1,1,1609679,1609193,486
113038901,75.3526,75.0403,487,37017,0.463978,1,1,1609764,1609277,487
113041821,42.2705,44.6081,484,37074,0.484796,0.92,1,1609798,1609314,484
113044741,28.4541,34.5216,477,37131,0.504959,0.93,1,1609823,1609346,477
113047661,16.0908,18.9043,475,37188,0.492992,0.93,1,1609836,1609361,475
113050581,24.0182,3.78086,501,37245,0.474598,0.93,1,1609862,1609361,501
113053501,37.6036,25.5562,511,37302,0.48692,0.92,1,1609903,1609392,511
113056421,25.1207,37.9112,492,37359,0.489384,0.78,1,1609925,1609433,492
113059341,25.8241,29.9822,490,37416,0.457877,0.87,1,1609951,1609461,490
113062261,37.1648,29.1964,501,37472,0.515575,0.77,1,1609991,1609490,501
113065181,56.233,39.4393,520,37528,0.559115,0.55,1,1610052,1609532,520
113068101,40.0466,67.0879,482,37584,0.583823,0.45,1,1610088,1609606,482
113071021,35.2093,43.8176,478,37640,0.620765,0.43,1,1610122,1609644,478
113073941,72.6419,36.7635,525,37696,0.676153,0.47,1,1610204,1609679,525
113076861,40.9284,75.3527,473,37752,0.687231,0.49,1,1610237,1609764,473
113079781,32.1857,42.2705,469,37808,0.705446,0.51,1,1610267,1609798,469
113082701,16.8371,28.4541,457,37864,0.725089,0.49,1,1610280,1609823,457
113085621,24.1674,16.0908,470,37920,0.697018,0.47,1,1610306,1609836,470
113088541,38.4335,24.0182,486,37976,0.739404,0.49,1,1610348,1609862,486
113091461,23.6867,37.6036,465,38032,0.747881,0.49,1,1610368,1609903,465
113094381,27.9373,25.1207,472,38088,0.765576,0.45,2,1610397,1609925,472
113097301,38.3875,25.8241,487,38143,0.801115,0.53,2,1610438,1609951,487
113100221,56.4775,37.1648,508,38198,0.792223,0.57,2,1610499,1609991,508
113103141,40.8955,56.233,484,38253,0.806445,0.59,2,1610536,1610052,484
113106061,35.3791,40.0466,482,38308,0.825289,0.63,2,1610570,1610088,482
113108981,78.2758,35.2093,537,38363,0.829058,0.69,2,1610659,1610122,537
113111901,42.0552,72.6419,488,38418,0.861812,0.69,2,1610692,1610204,488
113114821,33.211,40.9284,486,38473,0.884362,0.71,2,1610723,1610237,486
113117741,16.2422,32.1857,468,38528,0.888873,0.73,2,1610735,1610267,468
113120661,24.0484,16.8371,481,38583,0.889775,0.69,2,1610761,1610280,481
113123581,6.40969,24.1674,457,38638,0.905955,0.75,2,1610763,1610306,457
113126501,36.4819,38.4335,459,38693,0.925191,0.75,2,1610807,1610348,459
113281261,28,33,514,41486,0.83,1,2,1612757,1612243,514
113284181,23.2,28.2,509,41537,0.798,1,2,1612779,1612270,509
113287101,32.64,22.44,523,41588,0.6316,1,1,1612814,1612291,523
113290021,33.728,27.688,528,41639,0.55032,1,1,1612848,1612320,528
113292941,24.3456,33.5376,515,41690,0.582064,1,1,1612870,1612355,515
113295861,40.0691,63.5075,488,41741,0.460413,1,1,1612914,1612426,488
113298781,34.4138,39.1015,488,41792,0.500083,1,1,1612947,1612459,488
113301701,66.0828,67.8203,487,41843,0.316016,1,1,1613021,1612534,487
113304621,39.6166,39.1641,488,41893,0.295203,1,1,1613054,1612566,488
113307541,27.9233,37.4328,476,41943,0.355041,0.94,1,1613079,1612603,476
113310461,28.7847,34.6866,471,41993,0.367008,1,1,1613108,1612637,471
113313381,23.3569,26.9373,468,42043,0.385402,0.93,1,1613130,1612662,468
113316301,27.0714,30.1875,465,42093,0.35708,0.87,1,1613158,1612693,465
113319221,32.6143,34.8375,463,42143,0.367416,0.83,1,1613192,1612729,463
113322141,25.7229,29.3675,459,42193,0.465483,0.79,1,1613216,1612757,459
113325061,21.1446,23.4735,457,42243,0.437097,0.59,1,1613236,1612779,457
113327981,29.0289,32.6947,453,42293,0.495419,0.53,1,1613267,1612814,453
113330901,30.6058,33.7389,450,42343,0.507084,0.59,1,1613298,1612848,450
113333821,22.1212,24.3478,448,42393,0.573417,0.43,1,1613318,1612870,448
113336741,34.0242,40.0696,441,42443,0.602683,0.51,1,1613355,1612914,441
113339661,32.4048,34.4139,440,42493,0.576537,0.27,1,1613387,1612947,440
113342581,63.281,66.0828,437,42543,0.539307,0.29,1,1613458,1613021,437
113345501,41.4562,39.6166,440,42593,0.531861,0.37,1,1613494,1613054,440
113348421,29.0912,27.9233,441,42643,0.578372,0.37,1,1613520,1613079,441
113351341,27.4182,28.7847,439,42692,0.571674,0.39,1,1613547,1613108,439
113354261,23.8836,23.3569,440,42741,0.602335,0.35,1,1613570,1613130,440
113357181,27.1767,27.0714,440,42790,0.608467,0.37,1,1613598,1613158,440
113360101,34.2353,32.6143,442,42839,0.593693,0.49,1,1613634,1613192,442
113363021,26.8471,25.7229,443,42888,0.574739,0.43,1,1613659,1613216,443
113365941,22.1694,21.1446,444,42937,0.602948,0.51,1,1613680,1613236,444
113368861,28.4339,29.0289,443,42986,0.60859,0.51,1,1613710,1613267,443
113371781,32.8868,5.80578,477,43035,0.609718,0.51,1,1613744,1613267,477
113374701,24.1774,25.9612,468,43084,0.577944,0.59,1,1613766,1613298,468
113377621,35.2355,21.1922,486,43133,0.603589,0.61,1,1613804,1613318,486
113380541,31.0471,33.8384,479,43182,0.608718,0.57,1,1613834,1613355,479
113383461,64.6094,32.3677,520,43231,0.657744,0.53,1,1613907,1613387,520
113386381,42.5219,63.2735,486,43280,0.683549,0.53,1,1613944,1613458,486
113389301,27.7044,41.4547,474,43329,0.65671,0.59,1,1613968,1613494,474
113392221,27.9409,29.0909,476,43378,0.651342,0.57,1,1613996,1613520,476
113395141,23.9882,27.4182,472,43427,0.682268,0.61,1,1614019,1613547,472
113398061,27.1976,23.8836,477,43476,0.688454,0.61,1,1614047,1613570,477
113400981,33.4395,27.1767,484,43525,0.705691,0.59,1,1614082,1613598,484
113403901,27.4879,34.2353,474,43573,0.709138,0.57,1,1614108,1613634,474
113406821,22.2976,26.8471,470,43621,0.709828,0.61,1,1614129,1613659,470
113409741,28.4595,22.1694,479,43669,0.725965,0.61,1,1614159,1613680,479
113412661,34.4919,28.4339,485,43717,0.761193,0.61,2,1614195,1613710,485
113415581,22.8984,32.8868,471,43765,0.800239,0.57,2,1614215,1613744,471
113418501,36.5797,24.1774,489,43813,0.856048,0.61,2,1614255,1613766,489
113421421,32.1159,35.2355,482,43861,0.88321,0.61,2,1614286,1613804,482
113874021,25,34,496,50772,0.93,0.96,2,1619092,1618596,496
113876941,29,28.4,499,50813,0.93,1,2,1619122,1618623,499
113879861,37,30.48,507,50854,0.93,1,2,1619161,1618654,507
113882781,31.4,37.296,498,50895,0.882,0.95,2,1619191,1618693,498
114164561,38,39,465,24820,0.35,0.77,1,1622023,1621558,465
114167481,54.8,32.6,493,24905,0.302,0.77,1,1622082,1621589,493
114170401,54.16,60.12,480,24990,0.2604,0.67,1,1622136,1621656,480
114173321,63.632,60.024,486,25075,0.18808,0.53,1,1622202,1621716,486
114176241,54.3264,80.0048,453,25160,0.189616,0.55,1,1622254,1621801,453
114179161,32.4653,27.201,466,25244,0.157923,0.43,1,1622281,1621815,466
114182081,32.8931,33.4402,464,25328,0.183585,0.41,1,1622314,1621850,464
114185001,48.1786,37.888,477,25412,0.220717,0.37,1,1622366,1621889,477
114187921,56.0357,53.9776,477,25495,0.260143,0.35,1,1622424,1621947,477
114190841,85.6071,71.5955,494,25578,0.316029,0.29,1,1622517,1622023,494
114193761,57.9214,61.5191,486,25661,0.359206,0.25,1,1622568,1622082,486
114196681,60.3843,55.5038,493,25744,0.351841,0.17,1,1622629,1622136,493
114199601,53.6769,63.9008,479,25826,0.414368,0.19,1,1622681,1622202,479
114202521,34.7354,54.3802,457,25908,0.426874,0.15,1,1622711,1622254,457
114205441,34.1471,32.476,464,25990,0.445375,0.19,1,1622745,1622281,464
114208361,49.2294,32.8952,484,26072,0.433075,0.23,1,1622798,1622314,484
114211281,57.8459,48.179,492,26153,0.446615,0.27,1,1622858,1622366,492
114214201,88.3692,56.0358,530,26234,0.449323,0.33,1,1622954,1622424,530
114217121,60.0738,85.6072,490,26315,0.497865,0.37,1,1623007,1622517,490
114220041,60.8148,57.9214,500,26396,0.507573,0.35,1,1623068,1622568,500
114222961,56.163,60.3843,494,26476,0.557515,0.43,1,1623123,1622629,494
114225881,35.2326,53.6769,472,26556,0.567503,0.43,1,1623153,1622681,472
114228801,33.4465,34.7354,475,26636,0.617501,0.45,1,1623186,1622711,475
114231721,49.8893,34.1471,495,26716,0.6595,0.43,1,1623240,1622745,495
114234641,58.7779,49.2294,503,26795,0.7479,0.45,1,1623301,1622798,503
114237561,89.3556,57.8459,540,26874,0.78158,0.45,2,1623398,1622858,540
114240481,19.4711,88.3692,446,26953,0.820316,0.51,2,1623400,1622954,446
114243401,47.0942,60.0738,447,27032,0.828063,0.51,2,1623454,1623007,447
114246321,59.8188,60.8148,449,27110,0.829613,0.57,2,1623517,1623068,449
114249241,56.7638,56.163,450,27188,0.845923,0.57,2,1623573,1623123,450
114252161,35.3528,35.2326,450,27266,0.865184,0.63,2,1623603,1623153,450
114255081,36.6706,33.4465,454,27344,0.869037,0.67,2,1623640,1623186,454
114258001,51.3341,49.8893,455,27421,0.853807,0.77,2,1623695,1623240,455
114260921,63.0668,58.7779,460,27498,0.914761,0.79,2,1623761,1623301,460
114263841,91.0134,89.3556,461,27575,0.910952,0.83,2,1623859,1623398,461
114266761,19.8027,19.4711,461,27652,0.910191,0.83,2,1623861,1623400,461
114269681,48.7605,47.0942,463,27729,0.910038,0.83,2,1623917,1623454,463
114284281,56,55,464,28109,0.95,0.93,2,1624159,1623695,464
114380641,75,69,494,30497,0.61,1,1,1625885,1625391,494
114383561,35.8,35.4,493,30566,0.546,1,1,1625911,1625418,493
114386481,44.76,47.88,489,30635,0.5012,1,1,1625958,1625469,489
114389401,25.752,25.576,490,30704,0.50824,1,1,1625979,1625489,490
114392321,22.7504,29.9152,481,30773,0.493648,0.97,1,1626001,1625520,481
114395241,53.3501,49.983,487,30842,0.41073,0.92,1,1626062,1625575,487
114398161,68.27,81.9966,469,30911,0.410146,0.93,1,1626134,1625665,469
114401081,72.854,78.7993,465,30979,0.330029,0.89,1,1626208,1625743,465
114404001,35.3708,41.3599,459,31047,0.362006,0.79,1,1626234,1625775,459
114406921,31.8742,36.272,455,31115,0.368401,0.61,1,1626265,1625810,455
114409841,63.1748,67.2544,451,31183,0.38568,0.53,1,1626336,1625885,451
114412761,31.035,34.2509,448,31251,0.389136,0.49,1,1626359,1625911,448
114415681,41.407,44.4502,445,31319,0.405827,0.49,1,1626403,1625958,445
114418601,25.0814,8.89004,466,31387,0.393165,0.51,1,1626424,1625958,466
114421521,21.0163,18.578,465,31454,0.406633,0.49,1,1626444,1625979,465
114424441,46.6033,21.3156,496,31521,0.425327,0.39,1,1626497,1626001,496
114427361,69.3207,53.0631,510,31588,0.445065,0.41,1,1626572,1626062,510
114430281,72.2641,68.2126,511,31655,0.513013,0.31,1,1626645,1626134,511
114433201,35.2528,72.8425,463,31722,0.494603,0.37,1,1626671,1626208,463
114436121,33.4506,35.3685,470,31789,0.474921,0.37,1,1626704,1626234,470
114439041,62.6901,31.8737,509,31856,0.518984,0.39,1,1626774,1626265,509
114441961,31.738,63.1747,462,31922,0.495797,0.39,1,1626798,1626336,462
114444881,42.3476,31.0349,484,31988,0.475159,0.41,1,1626843,1626359,484
114447801,26.0695,41.407,462,32054,0.503032,0.39,1,1626865,1626403,462
114450721,21.2139,25.0814,461,32120,0.540606,0.41,1,1626885,1626424,461
114453641,47.4428,21.0163,495,32186,0.612121,0.43,1,1626939,1626444,495
114456561,70.2886,46.6033,518,32252,0.626424,0.45,1,1627015,1626497,518
114459481,75.6577,69.3207,520,32318,0.693285,0.53,1,1627092,1626572,520
114462401,35.9315,72.2641,473,32383,0.722657,0.49,1,1627118,1626645,473
114465321,31.1863,35.2528,477,32448,0.728531,0.47,1,1627148,1626671,477
114468241,64.6373,33.4506,517,32513,0.809706,0.53,2,1627221,1626704,517
114471161,30.5275,62.6901,469,32578,0.825941,0.49,2,1627243,1626774,469
114474081,42.9055,31.738,491,32643,0.829188,0.47,2,1627289,1626798,491
114477001,26.9811,42.3476,469,32708,0.845838,0.51,2,1627312,1626843,469
114479921,6.99622,26.0695,449,32773,0.817168,0.55,2,1627314,1626865,449
114482841,17.3992,21.2139,449,32838,0.875434,0.63,2,1627334,1626885,449
114485761,49.8799,47.4428,453,32902,0.903087,0.63,2,1627392,1626939,453
114488681,70.776,70.2886,453,32966,0.892617,0.71,2,1627468,1627015,453
114491601,78.9552,75.6577,457,33030,0.922523,0.73,2,1627549,1627092,457
114494521,37.391,35.9315,458,33094,0.928505,0.73,2,1627576,1627118,458
114497441,32.2782,31.1863,459,33158,0.929701,0.83,2,1627607,1627148,459
114690161,67,133,464,16323,0.05,0.03,1,1630532,1630068,464
114693081,107,98.6,491,16453,0.018,0.01,1,1630649,1630158,491
114696001,76.6,118.92,436,16582,0.0036,0.01,1,1630718,1630282,436
114698921,42.52,46.984,441,16710,0.02472,0.05,1,1630752,1630311,441
114701841,116.504,37.3968,541,16837,0.004944,0,1,1630887,1630346,541
114704761,78.5008,102.679,491,16963,0.0409888,0.05,1,1630956,1630465,491
114707681,106.9,74.1359,538,17088,0.0321978,0.01,1,1631070,1630532,538
114710601,76.58,108.427,490,17212,0.00643955,0,1,1631139,1630649,490
114713521,42.516,76.8854,455,17335,0.0412879,0.03,1,1631173,1630718,455
114716441,118.103,42.5771,558,17457,0.0162576,0,1,1631310,1630752,558
114719361,78.0206,116.515,491,17579,0.0432515,0.05,1,1631378,1630887,491
114722281,106.004,78.5031,535,17700,0.0166503,0.03,1,1631491,1630956,535
114725201,76.4008,106.901,490,17820,0.00333006,0,1,1631560,1631070,490
114728121,42.4802,76.5801,455,17939,0.024666,0.05,1,1631594,1631139,455
114731041,118.896,42.516,559,18057,0.0449332,0.01,1,1631732,1631173,559
114733961,25.3792,118.103,424,18175,0.0169866,0.05,1,1631734,1631310,424
114736881,58.6758,78.0206,423,18292,0.0433973,0.01,1,1631801,1631378,423
114739801,101.335,106.004,422,18408,0.0486795,0,1,1631913,1631491,422
114742721,75.467,76.4008,422,18523,0.00973589,0.03,1,1631982,1631560,422
114745641,43.0934,42.4802,423,18638,0.00994718,0.05,1,1632017,1631594,423
114748561,119.019,118.896,423,18752,0.00998944,0.01,1,1632155,1631732,423
114751481,25.4037,25.3792,423,18865,0.0259979,0.05,1,1632157,1631734,423
114754401,58.6807,58.6758,423,18977,0.0291996,0.05,1,1632224,1631801,423
114757321,100.536,101.335,422,19089,0.0458399,0,1,1632335,1631913,422
114760241,75.3072,75.467,422,19200,0.017168,0.01,1,1632404,1631982,422
114763161,43.0614,43.0934,422,19311,0.0114336,0.01,1,1632439,1632017,422
114766081,119.012,119.019,422,19421,0.0262867,0.03,1,1632577,1632155,422
114769001,25.4025,25.4037,422,19530,0.0292573,0.03,1,1632579,1632157,422
114771921,58.6805,58.6807,422,19639,0.0458515,0.03,1,1632646,1632224,422
114774841,99.7361,11.7361,532,19747,0.0331703,0.05,1,1632756,1632224,532
114777761,75.1472,91.1472,490,19854,0.0626341,0.01,1,1632825,1632335,490
114780681,43.0294,73.4294,456,19961,0.0365268,0.01,1,1632860,1632404,456
114783601,119.006,42.6859,559,20067,0.0473054,0.03,1,1632998,1632439,559
114786521,25.4012,118.937,423,20173,0.0814611,0.03,1,1633000,1632577,423
114789441,58.6802,25.3874,488,20278,0.0562922,0.05,1,1633067,1632579,488
114792361,99.736,58.6775,531,20383,0.0352584,0.03,1,1633177,1632646,531
114795281,75.1472,99.7355,490,20487,0.0150517,0.07,1,1633246,1632756,490
114798201,43.8294,75.1471,457,20591,0.0270103,0.03,1,1633282,1632825,457
114801121,119.966,43.0294,561,20694,0.0454021,0.05,1,1633421,1632860,561
114804041,25.5932,119.006,425,20797,0.0490804,0.09,1,1633423,1632998,425
114806961,58.7186,25.4012,490,20899,0.0658161,0.05,1,1633490,1633000,490
114809881,98.9437,58.6802,532,21000,0.0531632,0.03,1,1633599,1633067,532
114812801,21.3887,99.736,424,21101,0.0506326,0.01,1,1633601,1633177,424
114815721,57.8778,75.1472,422,21202,0.0181265,0.03,1,1633668,1633246,422
114818641,41.9755,43.8294,424,21302,0.0276253,0.05,1,1633706,1633282,424
114821561,119.595,119.966,424,21402,0.0615251,0.05,1,1633845,1633421,424
114824481,25.519,25.5932,424,21501,0.036305,0.07,1,1633847,1633423,424
114827401,59.5038,58.7186,425,21600,0.063261,0.05,1,1633915,1633490,425
114830321,98.3008,98.9437,424,21698,0.0686522,0.05,1,1634023,1633599,424
114833241,21.2602,21.3887,424,21796,0.0377304,0.01,1,1634025,1633601,424
114836161,57.052,57.8778,423,21893,0.0795461,0.03,1,1634091,1633668,423
114839081,41.8104,41.9755,423,21990,0.0559092,0.07,1,1634129,1633706,423
114842001,120.362,119.595,424,22086,0.0511818,0.03,1,1634269,1633845,424
114844921,25.6724,25.519,424,22182,0.0502364,0.07,1,1634271,1633847,424
114847841,60.3345,59.5038,425,22278,0.0980473,0.07,1,1634340,1633915,425
114850761,96.8669,98.3008,423,22373,0.0756095,0.03,1,1634446,1634023,423
114853681,20.9734,21.2602,423,22468,0.0711219,0.09,1,1634448,1634025,423
114856601,60.1947,57.052,427,22562,0.102224,0.09,1,1634518,1634091,427
114859521,37.6389,11.4104,459,22656,0.156445,0.05,1,1634550,1634091,459
114862441,119.528,32.6821,561,22750,0.199289,0.05,1,1634690,1634129,561
114865361,25.5056,118.536,423,22843,0.207858,0.05,1,1634692,1634269,423
114868281,62.7011,25.3073,493,22936,0.273572,0.11,1,1634764,1634271,493
114871201,97.3402,60.2615,530,23028,0.286714,0.07,1,1634870,1634340,530
114874121,21.068,96.8523,426,23120,0.289343,0.07,1,1634872,1634446,426
114877041,62.6136,20.9705,497,23212,0.257869,0.11,1,1634945,1634448,497
114879961,38.1227,60.1941,459,23303,0.315574,0.17,1,1634977,1634518,459
114882881,122.825,37.6388,571,23394,0.359115,0.21,1,1635121,1634550,571
114885801,26.1649,119.528,433,23485,0.367823,0.21,1,1635123,1634690,433
114888721,66.033,25.5056,507,23575,0.337565,0.29,1,1635199,1634692,507
114891641,98.0066,62.7011,541,23665,0.347513,0.29,1,1635305,1634764,541
114894561,21.2013,97.3402,437,23755,0.349503,0.29,1,1635307,1634870,437
114897481,62.6403,21.068,508,23844,0.349901,0.25,1,1635380,1634872,508
114900401,39.7281,62.6136,469,23933,0.36598,0.33,1,1635414,1634945,469
114903321,9.54561,38.1227,439,24022,0.369196,0.37,1,1635416,1634977,439
114906241,117.909,122.825,440,24110,0.465839,0.37,1,1635561,1635121,440
114909161,25.1818,26.1649,440,24198,0.453168,0.33,1,1635563,1635123,440
114912081,64.2364,66.033,438,24286,0.514634,0.35,1,1635637,1635199,438
114915001,98.4473,98.0066,439,24373,0.590927,0.35,1,1635744,1635305,439
114917921,21.2895,21.2013,439,24460,0.574185,0.35,1,1635746,1635307,439
114920841,62.6579,62.6403,439,24547,0.618837,0.37,1,1635819,1635380,439
114923761,40.5316,39.7281,440,24633,0.595767,0.37,1,1635854,1635414,440
114926681,9.70632,9.54561,440,24719,0.639153,0.49,1,1635856,1635416,440
114929601,121.941,117.909,445,24805,0.663831,0.45,1,1636006,1635561,445
114932521,25.9883,25.1818,445,24890,0.668766,0.53,1,1636008,1635563,445
114935441,66.7977,64.2364,448,24975,0.717753,0.61,1,1636085,1635637,448
114938361,100.56,98.4473,450,25060,0.775551,0.57,2,1636194,1635744,450
114941281,21.7119,21.2895,450,25145,0.75511,0.63,2,1636196,1635746,450
114944201,63.5424,62.6579,451,25229,0.783022,0.59,2,1636270,1635819,451
114947121,41.5085,40.5316,452,25313,0.820604,0.65,2,1636306,1635854,452
114950041,9.90169,9.70632,452,25397,0.828121,0.67,2,1636308,1635856,452
114952961,123.58,121.941,454,25480,0.909624,0.67,2,1636460,1636006,454
114955881,26.3161,24.3883,456,25563,0.925925,0.67,2,1636462,1636006,456
115081441,50,119,512,28912,0.37,1,1,1638872,1638360,512
115084361,34,48.6,511,28985,0.386,1,1,1638902,1638391,511
115087281,32.4,38.52,507,29058,0.2772,1,1,1638934,1638427,507
115090201,87.28,31.704,578,29131,0.14344,1,1,1639035,1638457,578
115093121,47.056,92.7408,507,29204,0.036688,1,1,1639072,1638565,507
115096041,36.6112,46.5482,506,29276,0.0473376,0.99,1,1639106,1638600,506
115098961,38.5222,38.1096,509,29348,0.0174675,0.96,1,1639145,1638636,509
115101881,34.1044,42.8219,498,29420,0.0114935,0.83,1,1639178,1638680,498
115104801,79.6209,37.3644,553,29492,0.0262987,0.49,1,1639269,1638716,553
115107721,49.5242,92.2729,489,29564,0.0292597,0.37,1,1639311,1638822,489
115110641,30.7048,58.4546,465,29636,0.0938519,0.39,1,1639337,1638872,465
115113561,32.541,35.6909,468,29707,0.0427704,0.25,1,1639370,1638902,468
115116481,77.7082,32.7382,525,29778,0.112554,0.11,1,1639459,1638934,525
115119401,17.1416,87.3476,426,29849,0.126511,0.01,1,1639461,1639035,426
115122321,31.4283,47.0695,424,29920,0.0973022,0.05,1,1639496,1639072,424
115125241,33.4857,36.6139,424,29991,0.12346,0.01,1,1639530,1639106,424
115128161,37.8971,38.5228,424,30062,0.0806921,0.01,1,1639569,1639145,424
115131081,33.1794,34.1046,423,30132,0.120138,0.03,1,1639601,1639178,423
115134001,78.6359,79.6209,422,30202,0.112028,0.03,1,1639691,1639269,422
115136921,50.1272,49.5242,423,30272,0.158406,0.11,1,1639734,1639311,423
115139841,31.6254,30.7048,424,30342,0.151681,0.03,1,1639761,1639337,424
115142761,31.9251,32.541,423,30412,0.150336,0.13,1,1639793,1639370,423
115145681,81.585,77.7082,428,30482,0.150067,0.13,1,1639887,1639459,428
115148601,17.917,17.1416,428,30551,0.150013,0.09,1,1639889,1639461,428
115151521,28.3834,31.4283,424,30620,0.198003,0.13,1,1639920,1639496,424
115154441,34.4767,33.4857,426,30689,0.223601,0.07,1,1639956,1639530,426
115157361,36.4953,37.8971,424,30758,0.21272,0.13,1,1639993,1639569,424
115160281,35.2991,33.1794,427,30827,0.226544,0.11,1,1640028,1639601,427
115163201,79.8598,78.6359,428,30896,0.293309,0.17,1,1640119,1639691,428
115166121,50.372,50.1272,428,30964,0.290662,0.15,1,1640162,1639734,428
115169041,30.8744,31.6254,427,31032,0.290132,0.15,1,1640188,1639761,427
115171961,31.7749,31.9251,427,31100,0.306026,0.15,1,1640220,1639793,427
115174881,83.155,81.585,429,31168,0.373205,0.15,1,1640316,1639887,429
115177801,18.231,17.917,429,31236,0.386641,0.21,1,1640318,1639889,429
115180721,29.2462,28.3834,430,31304,0.389328,0.21,1,1640350,1639920,430
115183641,34.6492,5.67668,466,31372,0.405866,0.23,1,1640386,1639920,466
115186561,35.7298,29.9353,466,31439,0.409173,0.21,1,1640422,1639956,466
115189481,35.946,35.5871,465,31506,0.409835,0.23,1,1640458,1639993,465
115192401,83.1892,35.1174,525,31573,0.505967,0.31,1,1640553,1640028,525
115195321,51.8378,79.8235,478,31640,0.541193,0.29,1,1640597,1640119,478
115198241,31.1676,50.3647,461,31707,0.580239,0.29,1,1640623,1640162,461
115201161,33.4335,30.8729,469,31774,0.556048,0.31,1,1640657,1640188,469
115204081,85.8867,31.7746,536,31841,0.56721,0.39,1,1640756,1640220,536
115207001,18.7773,83.1549,442,31907,0.569442,0.39,1,1640758,1640316,442
115209921,29.3555,18.231,472,31973,0.601888,0.39,1,1640790,1640318,472
115212841,35.4711,29.2462,477,32039,0.592378,0.41,1,1640827,1640350,477
115215761,35.8942,34.6492,477,32105,0.590476,0.41,1,1640863,1640386,477
115218681,36.7788,35.7298,478,32171,0.606095,0.41,1,1640900,1640422,478
115221601,87.3558,35.946,542,32237,0.609219,0.53,1,1641000,1640458,542
115224521,54.2712,83.1892,493,32303,0.641844,0.55,1,1641046,1640553,493
115227441,32.4542,51.8378,476,32368,0.632369,0.59,1,1641073,1640597,476
115230361,32.0908,31.1676,482,32433,0.630474,0.55,1,1641105,1640623,482
115233281,86.4182,33.4335,548,32498,0.694095,0.57,1,1641205,1640657,548
115236201,18.8836,85.8867,451,32563,0.706819,0.57,1,1641207,1640756,451
115239121,30.9767,18.7773,483,32628,0.709364,0.61,1,1641241,1640758,483
115242041,34.9953,29.3555,487,32693,0.741873,0.59,1,1641277,1640790,487
115244961,36.5991,35.4711,487,32758,0.732375,0.59,1,1641314,1640827,487
115247881,8.91981,35.8942,453,32823,0.730475,0.61,1,1641316,1640863,453
115250801,32.184,36.7788,454,32887,0.746095,0.61,1,1641354,1640900,454
115253721,85.6368,87.3558,453,32951,0.781219,0.65,2,1641453,1641000,453
115256641,53.1274,54.2712,452,33015,0.804244,0.63,2,1641498,1641046,452
115259561,33.0255,32.4542,453,33079,0.856849,0.63,2,1641526,1641073,453
115262481,33.0051,32.0908,454,33143,0.85137,0.71,2,1641559,1641105,454
115265401,89.001,86.4182,457,33207,0.898274,0.71,2,1641662,1641205,457
115268321,19.4002,18.8836,457,33271,0.907655,0.71,2,1641664,1641207,457
115271241,31.88,30.9767,458,33335,0.925531,0.75,2,1641699,1641241,458
115393881,25,34,491,35900,0.83,1,2,1643454,1642963,491
115396801,84.2,94,481,35959,0.75,0.97,2,1643553,1643072,481
115399721,43.24,39.6,488,36018,0.654,1,1,1643586,1643098,488
115402641,28.648,29.52,486,36077,0.6508,1,1,1643611,1643125,486
115405561,31.3296,25.904,493,36136,0.61816,1,1,1643643,1643150,493
115408481,27.0659,28.3808,490,36194,0.707632,0.92,1,1643669,1643179,490
115411401,19.8132,32.0762,475,36252,0.629526,0.9,1,1643687,1643212,475
115414321,24.7626,28.8152,473,36310,0.645905,1,1,1643713,1643240,473
115417241,64.9525,68.163,470,36368,0.665181,0.97,1,1643788,1643318,470
115420161,29.7905,34.4326,465,36426,0.685036,0.89,1,1643809,1643344,465
115423081,46.7581,48.4865,464,36484,0.673007,0.83,1,1643860,1643396,464
115426001,32.5516,36.0973,460,36542,0.686601,0.83,1,1643889,1643429,460
115428921,24.1103,27.2195,457,36600,0.67332,0.73,1,1643911,1643454,457
115431841,84.8221,84.6439,458,36658,0.766664,0.63,2,1644011,1643553,458
115434761,41.7644,43.3288,456,36716,0.785333,0.65,2,1644042,1643586,456
115437681,23.5529,28.6658,450,36774,0.805067,0.61,2,1644061,1643611,450
115440601,29.5106,31.3332,449,36831,0.809013,0.73,2,1644092,1643643,449
115443521,26.7021,27.0666,449,36888,0.825803,0.61,2,1644118,1643669,449
115446441,22.9404,19.8133,453,36945,0.845161,0.65,2,1644140,1643687,453
115449361,25.3881,24.7627,453,37002,0.817032,0.67,2,1644166,1643713,453
115452281,66.6776,64.9525,455,37059,0.875407,0.69,2,1644243,1643788,455
115455201,30.9355,29.7905,456,37116,0.935081,0.67,2,1644265,1643809,456
115458121,46.1871,46.7581,455,37173,0.931016,0.67,2,1644315,1643860,455
115461041,30.8374,9.35162,482,37230,0.914203,0.69,2,1644342,1643860,482
115463961,24.5675,25.0703,476,37287,0.926841,0.67,2,1644365,1643889,476
115645001,32,38,513,40648,0.79,1,2,1646734,1646221,513
115647921,36.8,33.2,519,40700,0.838,1,2,1646772,1646253,519
115650841,31.36,35.44,513,40752,0.7036,1,1,1646802,1646289,513
115653761,38.272,29.488,525,40804,0.72472,1,1,1646842,1646317,525
115656681,32.4544,44.2976,508,40856,0.680944,1,1,1646873,1646365,508
115659601,47.2909,36.8595,524,40908,0.608189,1,1,1646924,1646400,524
115662521,25.4582,45.7719,496,40960,0.561638,1,1,1646944,1646448,496
115665441,34.6916,33.1544,503,41012,0.600328,1,1,1646981,1646478,503
115668361,35.7383,36.2309,502,41063,0.496066,0.99,1,1647017,1646515,502
115671281,30.3477,28.8462,504,41114,0.507213,0.96,1,1647046,1646542,504
115674201,32.4695,29.7692,507,41165,0.509443,1,1,1647079,1646572,507
115677121,52.0939,37.1538,525,41216,0.493888,0.89,1,1647136,1646611,525
115680041,35.2188,54.6308,497,41267,0.490778,0.83,1,1647167,1646670,497
115682961,30.2438,36.5262,494,41318,0.490156,0.79,1,1647196,1646702,494
115685881,34.0488,32.9052,497,41369,0.506031,0.85,1,1647231,1646734,497
115688801,30.0098,36.981,488,41420,0.493206,0.67,1,1647260,1646772,488
115691721,37.202,31.3962,497,41471,0.522641,0.73,1,1647299,1646802,497
115694641,29.0404,38.2792,484,41522,0.608528,0.67,1,1647326,1646842,484
115697561,7.40808,32.4558,455,41573,0.625706,0.59,1,1647328,1646873,455
115700481,37.4816,47.2912,449,41624,0.597141,0.55,1,1647373,1646924,449
115703401,25.8963,25.4582,452,41675,0.639428,0.61,1,1647396,1646944,452
115706321,33.9793,34.6916,451,41726,0.599886,0.47,1,1647432,1646981,451
115709241,32.3959,35.7383,447,41777,0.655977,0.51,1,1647464,1647017,447
115712161,28.0792,30.3477,445,41828,0.651195,0.51,1,1647491,1647046,445
115715081,32.8158,32.4695,446,41878,0.714239,0.49,1,1647525,1647079,446
115718001,52.1632,52.0939,446,41928,0.710848,0.49,1,1647582,1647136,446
115720921,34.4326,35.2188,445,41978,0.71017,0.49,1,1647612,1647167,445
115723841,30.8865,30.2438,446,42028,0.726034,0.51,1,1647642,1647196,446
115726761,34.9773,34.0488,447,42078,0.697207,0.49,1,1647678,1647231,447
115729681,30.9955,30.0098,448,42128,0.723441,0.53,1,1647708,1647260,448
115732601,40.5991,37.202,452,42178,0.760688,0.63,2,1647751,1647299,452
115735521,29.7198,29.0404,452,42228,0.768138,0.63,2,1647778,1647326,452
115738441,7.54396,7.40808,452,42278,0.769628,0.59,2,1647780,1647328,452
115741361,38.3088,37.4816,453,42328,0.801925,0.65,2,1647826,1647373,453
115744281,23.6618,25.8963,450,42378,0.792385,0.59,2,1647846,1647396,450
115747201,34.3324,33.9793,451,42428,0.806477,0.67,2,1647883,1647432,451
115750121,35.6665,32.3959,455,42478,0.841295,0.65,2,1647919,1647464,455
115753041,26.3333,28.0792,452,42528,0.816259,0.73,2,1647943,1647491,452
115755961,35.6667,32.8158,456,42578,0.843252,0.71,2,1647981,1647525,456
115758881,51.9333,52.1632,455,42628,0.84865,0.71,2,1648037,1647582,455
115761801,34.3867,34.4326,455,42678,0.86573,0.73,2,1648067,1647612,455
115764721,31.6773,30.8865,456,42727,0.917146,0.69,2,1648098,1647642,456
115951601,29,22,498,45777,0.73,1,1,1650216,1649718,498
115954521,35.4,20.4,515,45823,0.57,1,1,1650253,1649738,515
115957441,25.48,32.08,503,45869,0.602,1,1,1650276,1649773,503
115960361,24.296,29.616,498,45915,0.5284,1,1,1650300,1649802,498
115963281,13.6592,5.9232,509,45961,0.49768,1,1,1650311,1649802,509
115966201,17.1318,17.1846,507,46007,0.379536,1,1,1650329,1649822,507
115969121,33.0264,33.0369,507,46053,0.275907,1,1,1650366,1649859,507
115972041,60.2053,36.2074,537,46099,0.111181,0.88,1,1650433,1649896,537
115974961,36.8411,54.4415,509,46145,0.110236,1,1,1650464,1649955,509
115977881,38.5682,39.6883,512,46191,0.0780473,1,1,1650503,1649991,512
115980801,30.1136,37.5377,503,46237,0.0876095,1,1,1650531,1650028,503
115983721,22.8227,32.3075,493,46283,0.0415219,0.93,1,1650552,1650059,493
115986641,34.1645,28.0615,503,46329,0.0163044,0.97,1,1650589,1650086,503
115989561,33.2329,36.8123,497,46375,0.0592609,0.91,1,1650622,1650125,497
115992481,22.6466,36.1625,481,46420,0.0358522,0.79,1,1650642,1650161,481
115995401,26.1293,28.0325,482,46465,0.0311704,0.73,1,1650669,1650187,482
115998321,31.6259,28.8065,486,46510,0.0302341,0.53,1,1650702,1650216,486
116001241,22.3252,35.3613,469,46555,0.0780468,0.61,1,1650722,1650253,469
116004161,22.065,25.4723,468,46600,0.0556094,0.51,1,1650744,1650276,468
116007081,10.013,24.2945,451,46645,0.0351219,0.49,1,1650751,1650300,451
116010001,14.8026,13.6589,456,46690,0.0790244,0.35,1,1650767,1650311,456
116012921,30.1605,17.1318,472,46735,0.103805,0.25,1,1650801,1650329,472
116015841,48.4321,33.0264,488,46780,0.060761,0.07,1,1650854,1650366,488
116018761,36.0864,60.2053,454,46825,0.0681522,0.11,1,1650887,1650433,454
116021681,37.6173,36.8411,461,46870,0.0376304,0.07,1,1650925,1650464,461
116024601,29.9235,38.5682,450,46915,0.0955261,0.09,1,1650953,1650503,450
116027521,21.9847,30.1136,442,46960,0.0431052,0.03,1,1650973,1650531,442
116030441,34.7969,22.8227,459,47005,0.032621,0.01,1,1651011,1650552,459
116033361,33.3594,34.1645,455,47050,0.0945242,0.07,1,1651044,1650589,455
116036281,21.8719,33.2329,441,47095,0.0589048,0.03,1,1651063,1650622,441
116039201,25.9744,22.6466,448,47140,0.067781,0.03,1,1651090,1650642,448
116042121,33.9949,26.1293,457,47185,0.0375562,0.03,1,1651126,1650669,457
116045041,23.599,31.6259,445,47230,0.0475112,0.09,1,1651147,1650702,445
116047961,19.9198,22.3252,444,47275,0.0655022,0.05,1,1651166,1650722,444
116050881,11.984,22.065,432,47320,0.0531004,0.03,1,1651176,1650744,432
116053801,15.9968,10.013,442,47365,0.0666201,0.09,1,1651193,1650751,442
116056721,4.79936,14.8026,428,47410,0.069324,0.11,1,1651195,1650767,428
116059641,25.7599,30.1605,425,47454,0.181865,0.05,1,1651226,1650801,425
116062561,48.352,48.4321,426,47498,0.156373,0.07,1,1651280,1650854,426
116065481,32.8704,36.0864,422,47542,0.135275,0.03,1,1651309,1650887,422
116068401,40.1741,37.6173,426,47586,0.0990549,0.11,1,1651351,1650925,426
116071321,28.0348,29.9235,423,47630,0.075811,0.03,1,1651376,1650953,423
116074241,24.007,21.9847,426,47674,0.0231622,0.03,1,1651399,1650973,426
116077161,34.4014,34.7969,425,47718,0.0446324,0.11,1,1651436,1651011,425
116080081,33.2803,33.3594,425,47762,0.0809265,0.05,1,1651469,1651044,425
116083001,21.0561,21.8719,424,47806,0.0561853,0.07,1,1651487,1651063,424
116085921,26.6112,25.9744,425,47850,0.0352371,0.03,1,1651515,1651090,425
116088841,32.5222,33.9949,423,47894,0.0790474,0.05,1,1651549,1651126,423
116091761,24.1044,23.599,424,47938,0.0718095,0.07,1,1651571,1651147,424
116094681,20.0209,19.9198,424,47982,0.0863619,0.05,1,1651590,1651166,424
116097601,13.6042,11.984,426,48026,0.0572724,0.07,1,1651602,1651176,426
116100521,16.3208,15.9968,426,48070,0.0834545,0.07,1,1651619,1651193,426
116103441,4.86417,4.79936,426,48114,0.0886909,0.21,1,1651621,1651195,426
116106361,28.9728,25.7599,430,48158,0.0897382,0.15,1,1651656,1651226,430
116109281,48.1946,48.352,429,48202,0.169948,0.13,1,1651709,1651280,429
116112201,30.4389,32.8704,426,48246,0.15399,0.09,1,1651735,1651309,426
116115121,38.0878,40.1741,424,48290,0.166798,0.07,1,1651775,1651351,424
116118041,26.8176,28.0348,423,48334,0.18536,0.01,1,1651799,1651376,423
116120961,22.9635,24.007,422,48378,0.189072,0.05,1,1651821,1651399,422
116123881,36.5927,34.4014,425,48422,0.157814,0.09,1,1651861,1651436,425
116126801,32.9185,33.2803,424,48466,0.231563,0.05,1,1651893,1651469,424
116129721,19.3837,21.0561,422,48509,0.230313,0.03,1,1651909,1651487,422
116132641,27.0767,26.6112,423,48552,0.214063,0.09,1,1651938,1651515,423
116135561,34.2153,32.5222,425,48595,0.242812,0.07,1,1651974,1651549,425
116138481,24.4431,24.1044,425,48638,0.248562,0.09,1,1651996,1651571,425
116141401,19.2886,20.0209,424,48681,0.249713,0.05,1,1652014,1651590,424
116144321,14.2577,13.6042,425,48724,0.265942,0.09,1,1652027,1651602,425
116147241,15.6515,16.3208,424,48767,0.269188,0.09,1,1652043,1651619,424
116150161,4.73031,4.86417,424,48810,0.269838,0.09,1,1652045,1651621,424
116153081,30.5461,28.9728,426,48853,0.237968,0.09,1,1652082,1651656,426
116156001,50.1092,5.79457,481,48896,0.247593,0.19,1,1652137,1651656,481
116158921,30.8218,43.5589,454,48939,0.249519,0.15,1,1652163,1651709,454
116161841,39.7644,29.5118,470,48982,0.265904,0.17,1,1652205,1651735,470
116164761,27.1529,37.9024,454,49025,0.301181,0.19,1,1652229,1651775,454
116167681,23.0306,26.7805,452,49068,0.308236,0.19,1,1652251,1651799,452
116170601,35.0061,22.9561,468,49111,0.309647,0.15,1,1652289,1651821,468
116173521,35.8012,36.5912,464,49154,0.341929,0.25,1,1652325,1651861,464
116176441,19.9602,32.9182,448,49197,0.348386,0.23,1,1652341,1651893,448
116179361,27.192,19.3836,461,49240,0.397677,0.21,1,1652370,1651909,461
116182281,35.0384,27.0767,469,49283,0.391535,0.25,1,1652407,1651938,469
116185201,24.6077,34.2153,455,49326,0.390307,0.25,1,1652429,1651974,455
116188121,19.3215,24.4431,451,49369,0.390061,0.25,1,1652447,1651996,451
116191041,13.4643,19.2886,445,49412,0.390012,0.27,1,1652459,1652014,445
116193961,15.4929,14.2577,448,49455,0.390002,0.27,1,1652475,1652027,448
116196881,4.69857,15.6515,434,49498,0.39,0.27,1,1652477,1652043,434
116199801,32.1397,4.73031,471,49541,0.39,0.23,1,1652516,1652045,471
116202721,49.6279,30.5461,488,49584,0.438,0.25,1,1652570,1652082,488
116205641,31.5256,50.1092,460,49626,0.4956,0.25,1,1652597,1652137,460
116208561,41.5051,30.8218,478,49668,0.49112,0.27,1,1652641,1652163,478
116211481,27.501,39.7644,460,49710,0.490224,0.31,1,1652665,1652205,460
116214401,23.1002,27.1529,458,49752,0.506045,0.31,1,1652687,1652229,458
116217321,35.02,23.0306,474,49794,0.525209,0.31,1,1652725,1652251,474
116220241,37.404,35.0061,474,49836,0.545042,0.35,1,1652763,1652289,474
116223161,20.2808,35.8012,454,49878,0.565008,0.35,1,1652779,1652325,454
116226081,29.6562,19.9602,470,49920,0.569002,0.41,1,1652811,1652341,470
116229001,34.7312,27.192,477,49962,0.6178,0.39,1,1652847,1652370,477
116231921,24.5462,35.0384,462,50004,0.64356,0.39,1,1652869,1652407,462
116234841,19.3092,24.6077,458,50046,0.648712,0.39,1,1652887,1652429,458
116237761,13.4619,19.3215,452,50088,0.649742,0.39,1,1652899,1652447,452
116240681,15.4924,13.4643,456,50130,0.665949,0.39,1,1652915,1652459,456
116243601,4.69847,15.4929,442,50172,0.66919,0.39,1,1652917,1652475,442
116246521,33.7397,4.69857,481,50214,0.653838,0.39,1,1652958,1652477,481
116249441,51.5479,32.1397,498,50256,0.666768,0.45,1,1653014,1652516,498
116252361,31.9096,49.6279,471,50298,0.733353,0.51,1,1653041,1652570,471
116255281,7.98192,31.5256,446,50340,0.746671,0.49,1,1653043,1652597,446
116258201,36.7964,41.5051,446,50382,0.765334,0.49,2,1653087,1652641,446
116261121,26.5593,27.501,446,50424,0.801067,0.51,2,1653111,1652665,446
116264041,23.7119,23.1002,447,50466,0.776213,0.53,2,1653134,1652687,447
116266961,36.7424,35.02,449,50508,0.803243,0.55,2,1653174,1652725,449
116269881,37.7485,37.404,449,50550,0.808649,0.57,2,1653212,1652763,449
116272801,21.1497,20.2808,450,50592,0.76173,0.57,2,1653229,1652779,450
116275721,30.6299,29.6562,451,50634,0.784346,0.63,2,1653262,1652811,451
116278641,37.326,34.7312,454,50676,0.740869,0.65,1,1653301,1652847,454
116281561,25.0652,24.5462,454,50718,0.780174,0.65,2,1653323,1652869,454
116284481,19.413,19.3092,454,50760,0.756035,0.65,2,1653341,1652887,454
116287401,13.4826,13.4619,454,50801,0.751207,0.67,2,1653353,1652899,454
116290321,16.2965,15.4924,455,50842,0.766241,0.67,2,1653370,1652915,455
116293241,4.8593,4.69847,455,50883,0.801248,0.65,2,1653372,1652917,455
116296161,32.9719,33.7397,454,50924,0.77625,0.67,2,1653412,1652958,454
116299081,54.5944,51.5479,458,50965,0.80325,0.75,2,1653472,1653014,458
116302001,34.1189,31.9096,460,51006,0.80865,0.75,2,1653501,1653041,460
116304921,8.42377,7.98192,460,51047,0.80973,0.77,2,1653503,1653043,460
116307841,36.8848,36.7964,460,51088,0.857946,0.81,2,1653547,1653087,460
116310761,27.377,26.5593,461,51129,0.867589,0.77,2,1653572,1653111,461
116313681,23.0754,23.7119,460,51170,0.869518,0.81,2,1653594,1653134,460
116316601,36.6151,36.7424,460,51211,0.917904,0.81,2,1653634,1653174,460
116319521,37.723,37.7485,460,51252,0.943581,0.75,2,1653672,1653212,460
116322441,20.3446,21.1497,459,51293,0.916716,0.79,2,1653688,1653229,459
116558961,93,113,427,24820,0.01,0.11,1,1656125,1655698,427
116561881,61.8,33.8,467,24905,0.042,0.05,1,1656179,1655712,467
116564801,34.76,53.16,437,24990,0.0324,0.09,1,1656207,1655770,437
116567721,31.752,33.032,440,25075,0.04648,0.11,1,1656238,1655798,440
116570641,19.9504,24.2064,435,25160,0.033296,0.01,1,1656255,1655820,435
116573561,79.1901,62.4413,457,25244,0.0306592,0.03,1,1656349,1655892,457
116576481,55.038,57.2883,450,25328,0.0301318,0.03,1,1656398,1655948,450
116579401,55.8076,56.2576,450,25412,0.00602637,0.03,1,1656454,1656004,450
116582321,69.5615,51.2515,473,25495,0.00920527,0.01,1,1656527,1656054,473
116585241,72.3123,67.0503,475,25578,0.0418411,0.05,1,1656600,1656125,475
116588161,39.2625,56.6101,452,25661,0.0323682,0.03,1,1656631,1656179,452
116591081,30.2525,33.722,452,25744,0.0464736,0.05,1,1656659,1656207,452
116594001,20.4505,31.5444,439,25826,0.0492947,0.03,1,1656677,1656238,439
116596921,81.6901,19.9089,519,25908,0.0178589,0.03,1,1656774,1656255,519
116599841,53.138,79.1818,471,25990,0.0275718,0.03,1,1656820,1656349,471
116602761,56.2276,55.0364,479,26072,0.0295144,0,1,1656877,1656398,479
116605681,68.8455,55.8073,495,26153,0.0139029,0.01,1,1656949,1656454,495
116608601,72.9691,69.5615,496,26234,0.0427806,0.05,1,1657023,1656527,496
116611521,38.5938,72.3123,453,26315,0.0165561,0.03,1,1657053,1656600,453
116614441,30.9188,39.2625,451,26396,0.0273112,0.05,1,1657082,1656631,451
116617361,19.7838,30.2525,440,26476,0.0454622,0.05,1,1657099,1656659,440
116620281,81.5567,20.4505,519,26556,0.0490924,0.01,1,1657196,1656677,519
116623201,53.1113,81.6901,468,26636,0.0338185,0.03,1,1657242,1656774,468
116626121,57.0223,53.138,480,26716,0.110764,0.03,1,1657300,1656820,480
116629041,68.2045,56.2276,494,26795,0.142153,0.01,1,1657371,1656877,494
116631961,73.6409,68.8455,497,26874,0.196431,0.05,1,1657446,1656949,497
116634881,16.3282,72.9691,425,26953,0.207286,0.01,1,1657448,1657023,425
116637801,25.6656,38.5938,423,27032,0.129457,0.03,1,1657476,1657053,423
116640721,28.3331,30.9188,423,27110,0.0658914,0.05,1,1657505,1657082,423
116643641,19.2666,19.7838,423,27188,0.0691783,0.05,1,1657522,1657099,423
116646561,81.4533,81.5567,423,27266,0.0538357,0.03,1,1657619,1657196,423
116649481,54.6907,53.1113,425,27344,0.0507671,0.13,1,1657667,1657242,425
116652401,58.1381,57.0223,426,27421,0.0821534,0.15,1,1657726,1657300,426
116655321,69.2276,68.2045,427,27498,0.152431,0.21,1,1657798,1657371,427
116658241,78.6455,73.6409,433,27575,0.118486,0.21,1,1657879,1657446,433
116661161,17.3291,16.3282,433,27652,0.111697,0.11,1,1657881,1657448,433
116664081,21.0658,25.6656,427,27729,0.158339,0.05,1,1657903,1657476,427
116667001,25.0132,28.3331,424,27805,0.199668,0.07,1,1657929,1657505,424
116669921,17.8026,19.2666,423,27881,0.191934,0.05,1,1657945,1657522,423
116672841,81.1605,81.4533,423,27957,0.158387,0.05,1,1658042,1657619,423
116675761,55.4321,54.6907,424,28033,0.135677,0.09,1,1658091,1657667,424
116678681,59.8864,58.1381,426,28109,0.179135,0.17,1,1658152,1657726,426
116681601,71.1773,69.2276,428,28184,0.187827,0.11,1,1658226,1657798,428
116684521,78.2355,78.6455,427,28259,0.221565,0.11,1,1658306,1657879,427
116687441,17.2471,17.3291,427,28334,0.260313,0.17,1,1658308,1657881,427
116690361,21.8494,21.0658,428,28409,0.252063,0.17,1,1658331,1657903,428
116693281,25.9699,4.21316,455,28484,0.218413,0.21,1,1658358,1657903,455
116696201,18.794,21.6426,446,28558,0.195683,0.19,1,1658375,1657929,446
116699121,79.7588,17.1285,525,28632,0.239137,0.15,1,1658470,1657945,525
116702041,55.1518,81.0257,477,28706,0.247827,0.13,1,1658519,1658042,477
116704961,61.4304,55.4051,491,28780,0.281565,0.19,1,1658582,1658091,491
116707881,71.4861,59.881,504,28854,0.288313,0.19,1,1658656,1658152,504
116710801,79.8972,71.1762,512,28927,0.305663,0.23,1,1658738,1658226,512
116713721,17.5794,78.2352,434,29000,0.309133,0.27,1,1658740,1658306,434
116716641,21.9159,17.247,455,29073,0.293826,0.25,1,1658763,1658308,455
116719561,25.1832,21.8494,458,29146,0.354765,0.21,1,1658789,1658331,458
116722481,17.8366,25.9699,447,29219,0.382953,0.19,1,1658805,1658358,447
116725401,81.9673,18.794,528,29291,0.372591,0.25,1,1658903,1658375,528
116728321,56.3935,79.7588,483,29363,0.402518,0.25,1,1658953,1658470,483
116731241,62.4787,55.1518,498,29435,0.376504,0.29,1,1659017,1658519,498
116734161,71.6957,61.4304,509,29507,0.403301,0.29,1,1659091,1658582,509
116737081,80.7391,71.4861,518,29579,0.44066,0.31,1,1659174,1658656,518
116740001,17.7478,79.8972,438,29651,0.448132,0.31,1,1659176,1658738,438
116742921,22.7496,17.5794,460,29722,0.449626,0.29,1,1659200,1658740,460
116745841,26.9499,21.9159,465,29793,0.497925,0.37,1,1659228,1658763,465
116748761,6.98998,25.1832,441,29864,0.507585,0.39,1,1659230,1658789,441
116751681,14.198,17.8366,441,29935,0.573517,0.37,1,1659246,1658805,441
116754601,81.2396,81.9673,441,30006,0.618703,0.41,1,1659344,1658903,441
116757521,57.0479,56.3935,442,30077,0.643741,0.37,1,1659395,1658953,442
116760441,61.0096,62.4787,440,30147,0.648748,0.41,1,1659457,1659017,440
116763361,73.0019,71.6957,442,30217,0.76175,0.45,2,1659533,1659091,442
116766281,82.6004,80.7391,444,30287,0.76835,0.45,2,1659618,1659174,444
116769201,18.1201,17.7478,444,30357,0.73767,0.45,1,1659620,1659176,444
116772121,23.624,22.7496,445,30427,0.763534,0.51,2,1659645,1659200,445
116775041,30.3248,26.9499,449,30497,0.768707,0.51,2,1659677,1659228,449
116777961,7.66496,6.98998,449,30566,0.769741,0.59,2,1659679,1659230,449
116780881,14.333,14.198,449,30635,0.753948,0.63,2,1659695,1659246,449
116783801,82.8666,81.2396,451,30704,0.81479,0.65,2,1659795,1659344,451
116786721,58.9733,57.0479,453,30773,0.874958,0.65,2,1659848,1659395,453
116789641,62.1947,61.0096,454,30842,0.886992,0.79,2,1659911,1659457,454
116935641,36,66,484,34102,0.67,1,1,1662165,1661681,484
116938561,34.4,38,487,34164,0.59,1,1,1662199,1661712,487
116941481,30.88,30,489,34226,0.478,1,1,1662229,1661740,489
116944401,44.576,6,537,34288,0.3596,1,1,1662277,1661740,537
116947321,93.7152,55.6,575,34350,0.19192,1,1,1662383,1661808,575
116950241,79.543,88.72,554,34412,0.142384,0.99,1,1662459,1661905,554
116953161,37.5086,79.344,504,34473,0.116477,0.88,1,1662486,1661982,504
116956081,18.7017,39.0688,489,34534,0.111295,0.99,1,1662500,1662011,489
116959001,33.3403,23.0138,507,34595,0.0622591,0.97,1,1662537,1662030,507
116961921,31.4681,38.2028,496,34656,0.100452,0.91,1,1662568,1662072,496
116964841,23.0936,33.2406,485,34717,0.0760904,0.83,1,1662589,1662104,485
116967761,30.2187,26.6481,492,34778,0.0872181,0.67,1,1662621,1662129,492
116970681,28.4437,34.1296,484,34839,0.0574436,0.57,1,1662649,1662165,484
116973601,26.4887,34.0259,476,34900,0.0354887,0.45,1,1662675,1662199,476
116976521,33.2977,30.8052,481,34961,0.0790977,0.33,1,1662710,1662229,481
116979441,88.2595,44.561,535,35021,0.0878195,0.15,1,1662812,1662277,535
116982361,76.8519,93.7122,503,35081,0.105564,0.13,1,1662886,1662383,503
116985281,36.1704,79.5424,453,35141,0.125113,0.11,1,1662912,1662459,453
116988201,16.0341,37.5085,437,35201,0.145023,0.11,1,1662923,1662486,437
116991121,34.4068,18.7017,462,35261,0.165005,0.05,1,1662962,1662500,462
116994041,31.6814,33.3403,456,35321,0.153001,0.11,1,1662993,1662537,456
116996961,22.3363,31.4681,445,35381,0.1506,0.07,1,1663013,1662568,445
116999881,30.8673,23.0936,457,35441,0.15012,0.09,1,1663046,1662589,457
117002801,26.9735,30.2187,451,35501,0.150024,0.05,1,1663072,1662621,451
117005721,26.9947,28.4437,450,35561,0.134005,0.03,1,1663099,1662649,450
117008641,34.1989,26.4887,460,35620,0.194801,0.09,1,1663135,1662675,460
117011561,87.6398,33.2977,526,35679,0.25496,0.09,1,1663236,1662710,526
117014481,19.128,88.2595,426,35738,0.266992,0.11,1,1663238,1662812,426
117017401,63.8256,76.8519,427,35797,0.349398,0.13,1,1663313,1662886,427
117020321,34.3651,36.1704,428,35856,0.38188,0.15,1,1663340,1662912,428
117023241,17.273,16.0341,430,35915,0.372376,0.17,1,1663353,1662923,430
117026161,33.0546,34.4068,428,35974,0.402475,0.15,1,1663390,1662962,428
117029081,32.2109,31.6814,429,36033,0.376495,0.15,1,1663422,1662993,429
117032001,20.8422,22.3363,427,36092,0.403299,0.15,1,1663440,1663013,427
117034921,32.1684,30.8673,429,36151,0.37666,0.15,1,1663475,1663046,429
117037841,27.2337,26.9735,429,36209,0.403332,0.13,1,1663501,1663072,429
117040761,28.6467,26.9947,431,36267,0.408666,0.21,1,1663530,1663099,431
117043681,36.9293,34.1989,434,36325,0.441733,0.27,1,1663569,1663135,434
117046601,88.9859,87.6398,435,36383,0.464347,0.27,1,1663671,1663236,435
117049521,19.3972,19.128,435,36441,0.468869,0.37,1,1663673,1663238,435
117052441,67.8794,63.8256,440,36499,0.501774,0.39,1,1663753,1663313,440
117055361,34.3759,34.3651,439,36557,0.556355,0.37,1,1663779,1663340,439
117058281,18.0752,17.273,440,36615,0.599271,0.41,1,1663793,1663353,440
117061201,33.215,33.0546,440,36673,0.607854,0.37,1,1663830,1663390,440
117064121,32.243,32.2109,440,36731,0.641571,0.41,1,1663862,1663422,440
117067041,21.6486,20.8422,441,36789,0.648314,0.37,1,1663881,1663440,441
117069961,31.5297,32.1684,440,36846,0.665663,0.41,1,1663915,1663475,440
117072881,27.1059,27.2337,440,36903,0.669133,0.41,1,1663941,1663501,440
117075801,28.6212,28.6467,440,36960,0.717827,0.45,1,1663970,1663530,440
117078721,39.3242,36.9293,443,37017,0.711565,0.47,1,1664012,1663569,443
117081641,89.4648,88.9859,443,37074,0.742313,0.47,1,1664114,1663671,443
117084561,19.493,19.3972,443,37131,0.764463,0.51,2,1664116,1663673,443
117087481,72.6986,67.8794,449,37188,0.768893,0.51,2,1664202,1663753,449
117090401,35.3397,13.5759,475,37245,0.753779,0.57,2,1664228,1663753,475
117093321,18.2679,23.5152,463,37302,0.750756,0.61,2,1664242,1663779,463
117096241,34.8536,15.903,488,37359,0.766151,0.61,2,1664281,1663793,488
117099161,33.3707,32.7806,484,37416,0.80123,0.65,2,1664314,1663830,484
117102081,22.6741,32.1561,472,37472,0.776246,0.65,2,1664334,1663862,472
117105001,32.5348,21.6312,488,37528,0.787249,0.67,2,1664369,1663881,488
117107921,27.307,31.5262,480,37584,0.80545,0.67,2,1664395,1663915,480
117110841,29.4614,27.1052,484,37640,0.82509,0.73,2,1664425,1663941,484
117113761,38.6923,28.6211,496,37696,0.845018,0.71,2,1664466,1663970,496
117116681,91.7385,39.3242,559,37752,0.865004,0.75,2,1664571,1664012,559
117119601,19.9477,89.4648,459,37808,0.901001,0.77,2,1664573,1664114,459
117122521,73.5895,19.493,544,37864,0.8922,0.77,2,1664660,1664116,544
117125441,35.5179,72.6986,484,37920,0.87444,0.75,2,1664686,1664202,484
117128361,18.3036,35.3397,472,37976,0.886888,0.75,2,1664700,1664228,472
117131281,35.6607,18.2679,498,38032,0.921378,0.77,2,1664740,1664242,498
117134201,33.5321,34.8536,492,38088,0.912276,0.81,2,1664773,1664281,492
117137121,22.7064,33.3707,479,38143,0.910455,0.77,2,1664793,1664314,479
117296261,157,171,503,18482,0.09,0.79,1,1666993,1666490,503
117299181,97,88.6,517,18597,0.074,0.51,1,1667075,1666558,517
117302101,62.6,97.72,471,18711,0.1028,0.39,1,1667129,1666658,471
117305021,54.92,77.144,452,18824,0.10856,0.31,1,1667182,1666730,452
117307941,37.384,42.6288,451,18937,0.093712,0.21,1,1667215,1666764,451
117310861,49.0768,66.1258,431,19049,0.186742,0.09,1,1667267,1666836,431
117313781,133.015,138.825,428,19160,0.237348,0.07,1,1667421,1666993,428
117316701,90.6031,93.365,426,19271,0.23147,0.11,1,1667501,1667075,426
117319621,61.3206,61.873,426,19381,0.230294,0.11,1,1667555,1667129,426
117322541,53.8641,54.7746,425,19490,0.230059,0.09,1,1667607,1667182,425
117325461,38.7728,37.3549,427,19599,0.278012,0.09,1,1667642,1667215,427
117328381,52.5546,7.47098,483,19707,0.319602,0.21,1,1667698,1667215,483
117331301,133.711,43.0942,585,19815,0.40792,0.25,1,1667852,1667267,585
117334221,91.5422,131.819,512,19922,0.457584,0.23,1,1667933,1667421,512
117337141,61.5084,90.3638,486,20028,0.515517,0.23,1,1667987,1667501,486
117340061,54.7017,61.2728,485,20134,0.527103,0.23,1,1668040,1667555,485
117342981,40.5403,53.8546,470,20239,0.529421,0.29,1,1668077,1667607,470
117345901,55.3081,38.7709,494,20344,0.561884,0.33,1,1668136,1667642,494
117348821,137.462,52.5542,596,20448,0.568377,0.43,1,1668294,1667698,596
117351741,94.6923,133.711,526,20552,0.569675,0.47,1,1668378,1667852,526
117354661,63.7385,91.5422,501,20655,0.649935,0.53,1,1668434,1667933,501
117357581,55.1477,61.5084,500,20758,0.665987,0.53,1,1668487,1667987,500
117360501,40.6295,54.7017,484,20860,0.701197,0.53,1,1668524,1668040,484
117363421,55.3259,40.5403,506,20962,0.692239,0.57,1,1668583,1668077,506
117366341,12.6652,55.3081,449,21063,0.690448,0.57,1,1668585,1668136,449
117369261,129.733,137.462,450,21164,0.77009,0.57,2,1668744,1668294,450
117372181,93.1466,94.6923,450,21264,0.818018,0.67,2,1668828,1668378,450
117375101,67.4293,63.7385,455,21364,0.827604,0.67,2,1668889,1668434,455
117378021,55.8859,55.1477,455,21463,0.861521,0.71,2,1668942,1668487,455
117380941,42.3772,40.6295,457,21562,0.852304,0.69,2,1668981,1668524,457
117383861,54.8754,55.3259,456,21660,0.882461,0.69,2,1669039,1668583,456
117386781,12.5751,12.6652,456,21758,0.920492,0.79,2,1669041,1668585,456
117500661,81,87,481,25279,0.47,1,1,1671657,1671176,481
117503581,91.4,87.8,487,25363,0.422,1,1,1671751,1671264,487
117506501,43.88,42.36,488,25447,0.3004,1,1,1671783,1671295,488
117509421,26.376,8.472,510,25530,0.29208,1,1,1671805,1671295,510
117512341,29.2752,28.0944,507,25613,0.194416,0.92,1,1671835,1671328,507
117515261,53.055,34.4189,530,25696,0.238883,1,1,1671894,1671364,530
117518181,37.811,54.8838,504,25778,0.183777,0.83,1,1671928,1671424,504
117521101,85.1622,44.5768,559,25860,0.252755,0.59,1,1672025,1671466,559
117524021,77.0324,96.9154,524,25942,0.266551,0.47,1,1672100,1671576,524
117526941,84.2065,84.1831,529,26024,0.23731,0.41,1,1672186,1671657,529
117529861,42.4413,92.0366,467,26105,0.263462,0.27,1,1672218,1671751,467
117532781,22.8883,44.0073,453,26186,0.236692,0.29,1,1672236,1671783,453
117535701,27.7777,26.4015,460,26267,0.247338,0.17,1,1672265,1671805,460
117538621,53.5555,29.2803,490,26348,0.265468,0.25,1,1672325,1671835,490
117541541,36.3111,53.0561,463,26428,0.269094,0.17,1,1672357,1671894,463
117544461,88.8622,37.8112,531,26508,0.365819,0.27,1,1672459,1671928,531
117547381,77.7724,85.1622,509,26588,0.417164,0.27,1,1672534,1672025,509
117550301,82.7545,77.0324,518,26668,0.491433,0.23,1,1672618,1672100,518
117553221,42.1509,84.2065,464,26747,0.538287,0.27,1,1672650,1672186,464
117556141,22.8302,42.4413,450,26826,0.563657,0.23,1,1672668,1672218,450
117559061,28.566,22.8883,462,26905,0.568731,0.25,1,1672698,1672236,462
117561981,7.31321,27.7777,435,26984,0.569746,0.27,1,1672700,1672265,435
117564901,49.4626,53.5555,435,27062,0.617949,0.27,1,1672760,1672325,435
117567821,37.0925,36.3111,437,27140,0.59559,0.39,1,1672794,1672357,437
117570741,92.2185,88.8622,441,27218,0.655118,0.43,1,1672900,1672459,441
117573661,80.0437,77.7724,443,27296,0.667024,0.51,1,1672977,1672534,443
117576581,87.2087,82.7545,448,27374,0.733405,0.55,1,1673066,1672618,448
117579501,43.8417,42.1509,449,27451,0.730681,0.57,1,1673099,1672650,449
117582421,23.9683,22.8302,450,27528,0.778136,0.57,2,1673118,1672668,450
117585341,28.7937,28.566,450,27605,0.787627,0.57,2,1673148,1672698,450
117588261,7.35873,7.31321,450,27682,0.789525,0.63,2,1673150,1672700,450
117591181,50.2717,49.4626,451,27759,0.757905,0.59,2,1673211,1672760,451
117594101,37.2543,37.0925,451,27835,0.751581,0.67,2,1673245,1672794,451
117597021,93.8509,92.2185,453,27911,0.750316,0.67,2,1673353,1672900,453
117599941,81.9702,80.0437,455,27987,0.830063,0.75,2,1673432,1672977,455
117602861,90.794,87.2087,459,28063,0.846013,0.73,2,1673525,1673066,459
117605781,43.7588,43.8417,458,28138,0.849203,0.79,2,1673557,1673099,458
117608701,24.7518,23.9683,459,28213,0.89784,0.79,2,1673577,1673118,459
117611621,28.9504,28.7937,459,28288,0.907568,0.79,2,1673607,1673148,459
117614541,7.39007,7.35873,459,28363,0.941514,0.79,2,1673609,1673150,459
117617461,49.478,1.47175,519,28438,0.948303,0.75,2,1673669,1673150,519
117731341,38,24,510,31207,0.45,1,1,1675643,1675133,510
117734261,35.6,32,511,31275,0.338,1,1,1675678,1675167,511
117737181,54.32,68.8,492,31343,0.1716,1,1,1675737,1675245,492
117740101,66.064,13.76,561,31411,0.04232,1,1,1675806,1675245,561
117743021,84.4128,66.752,570,31478,0.080464,1,1,1675895,1675325,570
117745941,48.8826,86.9504,518,31545,0.0400928,0.97,1,1675935,1675417,518
117748861,32.9765,54.1901,501,31612,0.0320186,1,1,1675964,1675463,501
117751781,35.3953,36.438,505,31679,0.0784037,0.97,1,1676000,1675495,505
117754701,27.8791,36.8876,494,31746,0.119681,0.77,1,1676026,1675532,494
117757621,23.9758,37.7775,479,31813,0.127936,0.51,1,1676049,1675570,479
117760541,31.9952,35.5555,478,31880,0.129587,0.45,1,1676083,1675605,478
117763461,27.999,37.5111,467,31946,0.0499174,0.31,1,1676110,1675643,467
117766381,45.5998,35.5022,482,32012,0.0819835,0.13,1,1676160,1675678,482
117769301,62.72,54.3004,490,32078,0.0403967,0.01,1,1676227,1675737,490
117772221,87.744,66.0601,515,32144,0.0800793,0.09,1,1676321,1675806,515
117775141,45.5488,84.412,461,32210,0.152016,0.03,1,1676356,1675895,461
117778061,32.3098,48.8824,450,32276,0.0704032,0.03,1,1676385,1675935,450
117780981,41.662,32.9765,465,32342,0.0700806,0.09,1,1676429,1675964,465
117783901,27.5324,35.3953,453,32407,0.0700161,0.13,1,1676453,1676000,453
117786821,22.3065,27.8791,448,32472,0.0860032,0.13,1,1676474,1676026,448
117789741,31.6613,23.9758,459,32537,0.0892006,0.13,1,1676508,1676049,459
117792661,25.5323,31.9952,449,32602,0.0898401,0.03,1,1676532,1676083,449
117795581,48.3065,27.999,476,32667,0.121968,0.09,1,1676586,1676110,476
117798501,61.6613,45.5998,491,32732,0.0803936,0.03,1,1676651,1676160,491
117801421,13.9323,62.72,426,32797,0.0400787,0.09,1,1676653,1676227,426
117804341,77.9865,87.744,426,32861,0.0320157,0.17,1,1676747,1676321,426
117807261,45.9973,45.5488,429,32925,0.0784032,0.05,1,1676785,1676356,429
117810181,27.5995,32.3098,423,32989,0.0716806,0.07,1,1676808,1676385,423
117813101,42.3199,41.662,425,33053,0.0703361,0.07,1,1676854,1676429,425
117816021,27.664,27.5324,425,33117,0.0700672,0.09,1,1676878,1676453,425
117818941,23.1328,22.3065,426,33181,0.0380134,0.09,1,1676900,1676474,426
117821861,31.8266,31.6613,426,33245,0.0956027,0.09,1,1676934,1676508,426
117824781,24.7653,25.5323,425,33309,0.0911205,0.13,1,1676957,1676532,425
117827701,52.1531,48.3065,430,33372,0.138224,0.07,1,1677016,1676586,430
117830621,56.8306,61.6613,423,33435,0.179645,0.03,1,1677074,1676651,423
117833541,12.9661,13.9323,423,33498,0.155929,0.03,1,1677076,1676653,423
117836461,76.9932,77.9865,422,33561,0.0551858,0.09,1,1677169,1676747,422
117839381,47.3986,45.9973,424,33624,0.0110372,0.07,1,1677209,1676785,424
117842301,27.8797,27.5995,424,33687,0.0262074,0.07,1,1677232,1676808,424
117845221,41.5759,42.3199,423,33750,0.0292415,0.07,1,1677277,1676854,423
117848141,27.5152,27.664,423,33813,0.0618483,0.03,1,1677301,1676878,423
117851061,23.903,23.1328,424,33876,0.0843697,0.11,1,1677324,1676900,424
117853981,32.7806,31.8266,425,33938,0.104874,0.09,1,1677359,1676934,425
117856901,25.7561,24.7653,426,34000,0.124975,0.15,1,1677383,1676957,426
117859821,54.7512,52.1531,429,34062,0.144995,0.19,1,1677445,1677016,429
117862741,57.3502,56.8306,429,34124,0.164999,0.15,1,1677503,1677074,429
117865661,13.07,12.9661,429,34186,0.201,0.03,1,1677505,1677076,429
117868581,72.214,76.9932,423,34248,0.1922,0.03,1,1677592,1677169,423
117871501,44.8428,15.3986,461,34310,0.09444,0,1,1677630,1677169,461
117874421,28.1686,35.0797,445,34372,0.074888,0.03,1,1677654,1677209,445
117877341,43.2337,25.4159,469,34434,0.150978,0.03,1,1677701,1677232,469
117880261,27.8467,41.0832,448,34495,0.198196,0.07,1,1677725,1677277,448
117883181,23.1693,27.4166,446,34556,0.223639,0.09,1,1677747,1677301,446
117886101,34.2339,23.8833,460,34617,0.212728,0.11,1,1677784,1677324,460
117889021,26.0468,32.7767,449,34678,0.258546,0.13,1,1677808,1677359,449
117891941,55.6094,25.7553,488,34739,0.283709,0.15,1,1677871,1677383,488
117894861,59.9219,54.7511,487,34800,0.240742,0.17,1,1677932,1677445,487
117897781,13.5844,57.3502,431,34861,0.232148,0.21,1,1677934,1677503,431
117900701,69.9169,13.07,513,34922,0.24643,0.19,1,1678018,1677505,513
117903621,42.7834,72.214,462,34983,0.249286,0.07,1,1678054,1677592,462
117906541,27.7567,44.8428,448,35043,0.281857,0.07,1,1678078,1677630,448
117909461,48.7513,28.1686,478,35103,0.304371,0.17,1,1678132,1677654,478
117912381,28.9503,43.2337,455,35163,0.340874,0.21,1,1678156,1677701,455
117915301,24.1901,27.8467,454,35223,0.364175,0.23,1,1678179,1677725,454
117918221,35.238,23.1693,470,35283,0.384835,0.21,1,1678217,1677747,470
117921141,27.0476,34.2339,458,35343,0.404967,0.27,1,1678242,1677784,458
117924061,56.6095,26.0468,498,35403,0.408993,0.29,1,1678306,1677808,498
117926981,57.7219,55.6094,493,35463,0.441799,0.23,1,1678364,1677871,493
117929901,13.1444,59.9219,434,35523,0.44836,0.23,1,1678366,1677932,434
117932821,70.6289,13.5844,517,35583,0.481672,0.25,1,1678451,1677934,517
117935741,43.7258,69.9169,470,35642,0.504334,0.25,1,1678488,1678018,470
117938661,10.3452,42.7834,436,35701,0.508867,0.29,1,1678490,1678054,436
117941581,21.269,27.7567,436,35760,0.541773,0.31,1,1678514,1678078,436
117944501,49.8538,48.7513,439,35819,0.532355,0.35,1,1678571,1678132,439
117947421,29.1708,28.9503,439,35878,0.546471,0.37,1,1678595,1678156,439
117950341,25.0342,24.1901,440,35937,0.581294,0.39,1,1678619,1678179,440
117953261,36.2068,35.238,441,35996,0.604259,0.41,1,1678658,1678217,441
117956181,28.0414,27.0476,442,36055,0.608852,0.41,1,1678684,1678242,442
117959101,56.8083,56.6095,442,36114,0.59377,0.45,1,1678748,1678306,442
117962021,59.3617,57.7219,444,36173,0.654754,0.45,1,1678808,1678364,444
117964941,13.4723,13.1444,444,36231,0.634951,0.49,1,1678810,1678366,444
117967861,72.2945,70.6289,446,36289,0.67899,0.51,1,1678897,1678451,446
117970781,44.8589,43.7258,447,36347,0.687798,0.51,1,1678935,1678488,447
117973701,10.5718,10.3452,447,36405,0.72156,0.55,1,1678937,1678490,447
117976621,21.3144,21.269,447,36463,0.744312,0.53,1,1678961,1678514,447
117979541,49.0629,49.8538,446,36521,0.748862,0.55,1,1679017,1678571,446
117982461,31.4126,29.1708,449,36579,0.733773,0.59,1,1679044,1678595,449
117985381,27.0825,25.0342,451,36637,0.762754,0.61,2,1679070,1678619,451
117988301,35.8165,36.2068,450,36695,0.768551,0.61,2,1679108,1678658,450
117991221,27.9633,28.0414,450,36753,0.81771,0.59,2,1679134,1678684,450
117994141,58.3927,56.8083,452,36810,0.795542,0.67,2,1679200,1678748,452
117997061,60.4785,59.3617,453,36867,0.791108,0.63,2,1679261,1678808,453
117999981,13.6957,13.4723,453,36924,0.822222,0.69,2,1679263,1678810,453
118002901,74.7391,72.2945,456,36981,0.844444,0.69,2,1679353,1678897,456
118005821,46.1478,44.8589,457,37038,0.880889,0.73,2,1679392,1678935,457
118008741,10.8296,10.5718,457,37095,0.888178,0.75,2,1679394,1678937,457
118011661,21.3659,21.3144,457,37152,0.905636,0.75,2,1679418,1678961,457
118014581,49.8732,4.26287,514,37209,0.893127,0.75,2,1679475,1678961,514
118017501,30.7746,45.6526,484,37266,0.890625,0.73,2,1679501,1679017,484
118020421,27.7549,30.7305,484,37323,0.922125,0.77,2,1679528,1679044,484
118023341,36.751,26.9461,497,37380,0.944425,0.77,2,1679567,1679070,497
118178101,31,36,519,40267,0.75,1,2,1681558,1681039,519
118181021,67.8,48.8,544,40319,0.75,1,1,1681635,1681091,544
118183941,36.76,60.96,509,40371,0.75,1,1,1681664,1681155,509
118186861,63.352,32.192,554,40423,0.766,1,2,1681734,1681180,554
118189781,39.0704,68.0384,510,40475,0.7212,0.93,1,1681767,1681257,510
118192701,31.8141,39.2077,508,40527,0.74424,1,1,1681797,1681289,508
118195621,38.3628,39.0415,509,40579,0.748848,1,1,1681837,1681328,509
118198541,38.8726,39.0083,509,40631,0.71777,0.98,1,1681876,1681367,509
118201461,18.9745,32.6017,492,40683,0.727554,0.99,1,1681890,1681398,492
118204381,26.1949,21.7203,501,40735,0.697511,1,1,1681918,1681417,501
118207301,28.439,29.1441,499,40787,0.691502,0.95,1,1681947,1681448,499
118210221,24.8878,30.6288,492,40839,0.6903,0.91,1,1681971,1681479,492
118213141,17.7776,29.3258,479,40891,0.69006,0.89,1,1681987,1681508,479
118216061,28.3555,21.0652,491,40943,0.722012,0.75,1,1682018,1681527,491
118218981,65.6711,29.013,535,40995,0.728402,0.75,1,1682093,1681558,535
118221901,36.3342,67.4026,487,41046,0.713681,0.75,1,1682122,1681635,487
118224821,62.4668,36.6805,527,41097,0.742736,0.77,1,1682191,1681664,527
118227741,38.0934,63.3361,489,41148,0.812547,0.71,2,1682223,1681734,489
118230661,32.4187,39.0672,487,41199,0.81051,0.75,2,1682254,1681767,487
118233581,37.6837,31.8134,496,41250,0.826102,0.75,2,1682293,1681797,496
118236501,38.7367,38.3627,495,41301,0.86122,0.71,2,1682332,1681837,495
118239421,18.1473,38.8725,469,41352,0.852244,0.73,2,1682345,1681876,469
118242341,26.0295,18.9745,483,41403,0.898449,0.69,2,1682373,1681890,483
118245261,27.6059,26.1949,483,41454,0.90769,0.69,2,1682401,1681918,483
118572301,22,150,489,24068,0.49,1,1,1687525,1687036,489
118575221,30.8,56.4,489,24156,0.378,0.88,1,1687558,1687069,489
118578141,82.16,88.88,487,24244,0.0996,1,1,1687653,1687166,487
118581061,76.432,86.576,476,24331,0.01992,0.97,1,1687728,1687252,476
118583981,37.6864,44.5152,470,24418,0.027984,0.93,1,1687756,1687286,470
118586901,36.3373,37.703,470,24505,0.0135968,0.86,1,1687792,1687322,470
118589821,38.4675,40.3406,468,24591,0.0107194,0.57,1,1687831,1687363,468
118592741,103.693,120.068,448,24677,0.0261439,0.49,1,1687951,1687503,448
118595661,32.7387,41.6136,441,24763,0.0452288,0.35,1,1687966,1687525,441
118598581,28.9477,34.7227,436,24849,0.0170458,0.03,1,1687994,1687558,436
118601501,70.5896,82.9445,422,24934,0.0114092,0,1,1688075,1687653,422
118604421,74.1179,76.5889,422,25019,0.0262818,0.03,1,1688150,1687728,422
118607341,37.2236,37.7178,422,25104,0.0292564,0.01,1,1688178,1687756,422
118610261,37.0447,36.3436,423,25188,0.0618513,0.01,1,1688215,1687792,423
118613181,37.8089,38.4687,422,25272,0.0123703,0.03,1,1688253,1687831,422
118616101,104.362,103.694,423,25356,0.122474,0.05,1,1688374,1687951,423
118619021,33.6724,32.7387,424,25440,0.128495,0.05,1,1688390,1687966,424
118621941,26.7345,6.54775,449,25523,0.129699,0.01,1,1688415,1687966,449
118624861,70.1469,23.7095,502,25606,0.0499398,0.01,1,1688496,1687994,502
118627781,74.0294,69.5419,496,25689,0.049988,0.03,1,1688571,1688075,496
118630701,37.2059,73.9084,449,25771,0.0339976,0.03,1,1688599,1688150,449
118633621,38.6412,37.1817,460,25853,0.0147995,0.07,1,1688638,1688178,460
118636541,37.3282,37.0363,460,25935,0.0109599,0,1,1688675,1688215,460
118639461,106.666,37.8073,546,26017,0.026192,0.15,1,1688799,1688253,546
118642381,35.7331,104.361,443,26098,0.0452384,0.13,1,1688817,1688374,443
118645301,25.5466,33.6723,450,26179,0.0330477,0.13,1,1688840,1688390,450
118648221,66.7093,26.7345,502,26260,0.0466095,0.03,1,1688917,1688415,502
118651141,73.3419,70.1469,496,26341,0.0173219,0.05,1,1688992,1688496,496
118654061,37.0684,74.0294,449,26421,0.0434644,0.03,1,1689020,1688571,449
118656981,39.4137,37.2059,461,26501,0.0326929,0.01,1,1689060,1688599,461
118659901,37.4827,38.6412,459,26581,0.0625386,0.01,1,1689097,1688638,459
118662821,107.497,37.3282,547,26661,0.0525077,0.03,1,1689222,1688675,547
118665741,35.8993,106.666,441,26740,0.0665015,0.05,1,1689240,1688799,441
118668661,25.5799,35.7331,446,26819,0.1013,0.03,1,1689263,1688817,446
118671581,65.116,25.5466,498,26898,0.17226,0.05,1,1689338,1688840,498
118674501,14.6232,66.7093,423,26977,0.186452,0.01,1,1689340,1688917,423
118677421,62.1246,73.3419,422,27056,0.0372904,0.05,1,1689414,1688992,422
118680341,35.6249,37.0684,423,27134,0.0314581,0.03,1,1689443,1689020,423
118683261,39.925,39.4137,424,27212,0.0302916,0.07,1,1689484,1689060,424
118686181,36.785,37.4827,423,27290,0.0300583,0.05,1,1689520,1689097,423
118689101,108.157,107.497,424,27368,0.0300117,0.07,1,1689646,1689222,424
118692021,36.8314,35.8993,425,27445,0.0140023,0.11,1,1689665,1689240,425
118694941,25.7663,25.5799,425,27522,0.0428005,0.19,1,1689688,1689263,425
118697861,68.3533,65.116,429,27599,0.14456,0.19,1,1689767,1689338,429
118700781,15.2707,14.6232,429,27676,0.132912,0,1,1689769,1689340,429
118703701,56.6541,62.1246,422,27753,0.0985824,0.03,1,1689836,1689414,422
118706621,34.5308,35.6249,422,27829,0.0437165,0.03,1,1689865,1689443,422
118709541,40.5062,39.925,423,27905,0.0167433,0.03,1,1689907,1689484,423
118712461,36.9012,36.785,423,27981,0.0273487,0.03,1,1689943,1689520,423
118715381,108.18,108.157,423,28057,0.0454697,0.01,1,1690069,1689646,423
118718301,36.836,36.8314,423,28132,0.0650939,0.05,1,1690088,1689665,423
118721221,26.5672,25.7663,424,28207,0.0370188,0.17,1,1690112,1689688,424
118724141,71.7134,68.3533,428,28282,0.0794038,0.13,1,1690195,1689767,428
118727061,15.9427,15.2707,428,28357,0.0878808,0.13,1,1690197,1689769,428
118729981,52.7885,3.05413,490,28432,0.0415762,0.09,1,1690259,1689769,490
118732901,32.1577,54.2108,450,28506,0.0323152,0.03,1,1690286,1689836,450
118735821,40.8315,34.0422,464,28580,0.014463,0.01,1,1690329,1689865,464
118738741,36.9663,40.4084,458,28654,0.0268926,0.03,1,1690365,1689907,458
118741661,108.993,36.8817,549,28728,0.0613785,0.05,1,1690492,1689943,549
118744581,36.1987,108.176,441,28802,0.0682757,0.07,1,1690510,1690069,441
118747501,26.4397,36.8353,446,28876,0.101655,0.03,1,1690534,1690088,446
118750421,73.2879,26.5671,507,28949,0.108331,0.09,1,1690619,1690112,507
118753341,16.2576,71.7134,426,29022,0.141666,0.09,1,1690621,1690195,426
118756261,52.0515,15.9427,485,29095,0.180333,0.03,1,1690682,1690197,485
118759181,31.2103,52.7885,449,29168,0.188067,0.03,1,1690708,1690259,449
118762101,40.6421,32.1577,465,29241,0.125613,0.01,1,1690751,1690286,465
118765021,36.9284,40.8315,458,29313,0.113123,0.03,1,1690787,1690329,458
118767941,110.586,36.9663,551,29385,0.126625,0.07,1,1690916,1690365,551
118770861,36.5171,108.993,442,29457,0.129325,0.07,1,1690934,1690492,442
118773781,28.1034,36.1987,450,29529,0.145865,0.11,1,1690960,1690510,450
118776701,73.6207,26.4397,511,29601,0.181173,0.11,1,1691045,1690534,511
118779621,16.3241,73.2879,428,29673,0.188235,0.15,1,1691047,1690619,428
118782541,55.2648,16.2576,491,29744,0.237647,0.19,1,1691112,1690621,491
118785461,31.853,52.0515,456,29815,0.263529,0.19,1,1691138,1690682,456
118788381,7.97059,31.2103,432,29886,0.268706,0.11,1,1691140,1690708,432
118791301,31.1941,40.6421,426,29957,0.317741,0.11,1,1691177,1690751,426
118794221,35.8388,36.9284,427,30028,0.359548,0.13,1,1691214,1690787,427
118797141,111.168,110.586,428,30098,0.39991,0.13,1,1691344,1690916,428
118800061,36.6336,36.5171,428,30168,0.407982,0.15,1,1691362,1690934,428
118802981,29.7267,28.1034,430,30238,0.441596,0.19,1,1691390,1690960,430
118805901,74.7453,73.6207,431,30308,0.480319,0.19,1,1691476,1691045,431
118808821,16.5491,16.3241,431,30378,0.456064,0.25,1,1691478,1691047,431
118811741,58.5098,55.2648,435,30448,0.483213,0.27,1,1691547,1691112,435
118814661,32.502,31.853,435,30518,0.472643,0.27,1,1691573,1691138,435
118817581,8.90039,7.97059,436,30587,0.486529,0.33,1,1691576,1691140,436
118820501,32.9801,31.1941,438,30656,0.489306,0.37,1,1691615,1691177,438
118823421,37.796,35.8388,440,30725,0.553861,0.41,1,1691654,1691214,440
118826341,113.159,111.168,442,30794,0.598772,0.41,1,1691786,1691344,442
118829261,37.0318,36.6336,442,30863,0.607754,0.45,1,1691804,1691362,442
118832181,29.8064,29.7267,442,30932,0.609551,0.49,1,1691832,1691390,442
118835101,76.3613,74.7453,444,31000,0.68991,0.45,1,1691920,1691476,444
118838021,16.8723,16.5491,444,31068,0.705982,0.49,1,1691922,1691478,444
118840941,59.3745,58.5098,445,31136,0.693196,0.47,1,1691992,1691547,445
118843861,32.6749,32.502,445,31204,0.658639,0.49,1,1692018,1691573,445
118846781,8.13498,8.90039,444,31272,0.651728,0.49,1,1692020,1691576,444
118849701,34.427,32.9801,446,31340,0.666346,0.49,1,1692061,1691615,446
118852621,40.4854,6.59602,488,31408,0.669269,0.57,1,1692103,1691615,488
118855541,115.297,32.5192,583,31475,0.669854,0.61,1,1692237,1691654,583
118858461,37.4594,112.104,469,31542,0.669971,0.61,1,1692255,1691786,469
118861381,29.8919,36.8208,479,31609,0.701994,0.61,1,1692283,1691804,479
118864301,78.7784,29.7642,542,31676,0.740399,0.71,1,1692374,1691832,542
118867221,17.3557,76.3528,456,31743,0.74808,0.71,1,1692376,1691920,456
118870141,58.6711,16.8706,523,31810,0.749616,0.69,1,1692445,1691922,523
118873061,32.5342,59.3741,479,31877,0.765923,0.65,2,1692471,1691992,479
118875981,8.10685,32.6748,455,31943,0.769185,0.65,2,1692473,1692018,455
118878901,35.2214,8.13496,495,32009,0.785837,0.67,2,1692515,1692020,495
118881821,40.6443,34.427,496,32075,0.789167,0.67,2,1692557,1692061,496
118884741,115.329,40.4854,588,32141,0.869834,0.67,2,1692691,1692103,588
118887661,38.2658,115.297,473,32207,0.901967,0.67,2,1692710,1692237,473
118890581,30.8532,37.4594,484,32273,0.892393,0.71,2,1692739,1692255,484
118893501,80.5706,29.8919,549,32339,0.922479,0.75,2,1692832,1692283,549
118896421,17.7141,78.7784,460,32404,0.944496,0.75,2,1692834,1692374,460
119027821,30,34,500,35221,0.75,1,2,1694798,1694298,500
119030741,45.2,31.6,518,35281,0.622,1,1,1694847,1694329,518
119033661,31.44,40.72,503,35341,0.6124,1,1,1694875,1694372,503
119036581,33.488,32.944,506,35401,0.54648,1,1,1694909,1694403,506
119039501,33.8976,36.1888,503,35461,0.453296,0.9,1,1694943,1694440,503
119042421,28.3795,28.8378,503,35521,0.338659,0.98,1,1694970,1694467,503
119045341,81.6759,28.1676,570,35581,0.171732,0.97,1,1695065,1694495,570
119048261,41.9352,85.6335,502,35640,0.106346,0.98,1,1695097,1694595,502
119051181,21.187,41.9267,487,35699,0.0772693,1,1,1695113,1694626,487
119054101,27.4374,37.1853,480,35758,0.103454,0.93,1,1695142,1694662,480
119057021,55.0875,67.4371,467,35817,0.0766908,0.81,1,1695204,1694737,467
119059941,32.6175,38.2874,463,35876,0.0393382,0.75,1,1695231,1694768,463
119062861,27.3235,31.6575,459,35935,0.0798676,0.59,1,1695257,1694798,459
119065781,40.6647,45.5315,454,35994,0.0559735,0.61,1,1695301,1694847,454
119068701,29.7329,31.5063,453,36053,0.0671947,0.53,1,1695328,1694875,453
119071621,28.3466,33.5013,447,36112,0.0694389,0.43,1,1695356,1694909,447
119074541,26.4693,33.9003,439,36171,0.0378878,0.31,1,1695382,1694943,439
119077461,26.8939,28.3801,439,36229,0.0475776,0.13,1,1695409,1694970,439
119080381,72.5788,81.676,428,36287,0.129516,0.09,1,1695493,1695065,428
119083301,36.9158,41.9352,424,36345,0.113903,0.07,1,1695521,1695097,424
119086221,22.5832,21.187,427,36403,0.0947806,0.11,1,1695540,1695113,427
119089141,26.9166,27.4374,426,36461,0.186956,0.07,1,1695568,1695142,426
119092061,53.3833,55.0875,424,36519,0.285391,0.03,1,1695628,1695204,424
119094981,32.2767,32.6175,424,36577,0.321078,0.09,1,1695655,1695231,424
119097901,27.2553,27.3235,424,36635,0.296216,0.05,1,1695681,1695257,424
119100821,40.6511,40.6647,424,36693,0.291243,0.07,1,1695725,1695301,424
119103741,28.9302,29.7329,423,36751,0.370249,0.07,1,1695751,1695328,423
119106661,29.786,28.3466,425,36809,0.37005,0.03,1,1695781,1695356,425
119109581,25.1572,26.4693,423,36866,0.37001,0.05,1,1695805,1695382,423
119112501,27.4314,26.8939,424,36923,0.370002,0.15,1,1695833,1695409,424
119115421,75.0863,72.5788,427,36980,0.402,0.11,1,1695920,1695493,427
119118341,35.8173,36.9158,425,37037,0.3764,0.09,1,1695946,1695521,425
119121261,23.1635,22.5832,426,37094,0.38728,0.21,1,1695966,1695540,426
119124181,30.2327,26.9166,430,37151,0.373456,0.21,1,1695998,1695568,430
119127101,58.8465,5.38333,496,37208,0.338691,0.31,1,1696064,1695568,496
119130021,32.5693,49.0767,462,37265,0.347738,0.33,1,1696090,1695628,462
119132941,27.3139,31.4153,461,37322,0.365548,0.29,1,1696116,1695655,461
119135861,40.6628,27.0831,479,37379,0.36911,0.29,1,1696160,1695681,479
119138781,32.1326,40.6166,465,37436,0.369822,0.39,1,1696190,1695725,465
119141701,30.4265,28.9233,469,37492,0.385964,0.37,1,1696220,1695751,469
119144621,25.2853,29.7847,463,37548,0.389193,0.37,1,1696244,1695781,463
119147541,27.4571,25.1569,467,37604,0.389839,0.37,1,1696272,1695805,467
119150461,75.0914,27.4314,526,37660,0.373968,0.41,1,1696359,1695833,526
119153381,35.8183,75.0863,465,37716,0.370794,0.37,1,1696385,1695920,465
119156301,23.9637,35.8173,460,37772,0.354159,0.39,1,1696406,1695946,460
119159221,30.3927,23.1635,472,37828,0.366832,0.37,1,1696438,1695966,472
119162141,57.2785,30.2327,504,37884,0.369366,0.33,1,1696502,1695998,504
119165061,32.2557,58.8465,464,37940,0.385873,0.35,1,1696528,1696064,464
119167981,28.0511,32.5693,465,37996,0.405175,0.37,1,1696555,1696090,465
119170901,40.8102,27.3139,483,38052,0.441035,0.37,1,1696599,1696116,483
119173821,32.162,40.6628,469,38108,0.448207,0.37,1,1696629,1696160,469
119176741,31.2324,32.1326,470,38163,0.481641,0.39,1,1696660,1696190,470
119179661,25.4465,30.4265,464,38218,0.536328,0.39,1,1696684,1696220,464
119182581,27.4893,25.2853,468,38273,0.547266,0.39,1,1696712,1696244,468
119185501,74.2979,27.4571,526,38328,0.549453,0.37,1,1696798,1696272,526
119188421,35.6596,75.0914,465,38383,0.549891,0.37,1,1696824,1696359,465
119191341,23.1319,35.8183,459,38438,0.565978,0.35,1,1696844,1696385,459
119194261,29.4264,23.9637,469,38493,0.585196,0.37,1,1696875,1696406,469
119197181,59.4853,30.3927,504,38548,0.621039,0.37,1,1696942,1696438,504
119200101,32.6971,57.2785,466,38603,0.676208,0.39,1,1696968,1696502,466
119203021,8.13941,32.2557,442,38658,0.687242,0.41,1,1696970,1696528,442
119205941,24.0279,28.0511,443,38713,0.753448,0.45,2,1696998,1696555,443
119208861,40.8056,40.8102,444,38768,0.83069,0.45,2,1697043,1696599,444
119211781,32.1611,32.162,444,38822,0.830138,0.49,2,1697073,1696629,444
119214701,34.4322,31.2324,448,38876,0.862028,0.55,2,1697108,1696660,448
119217621,26.8864,25.4465,449,38930,0.852405,0.55,2,1697133,1696684,449
119220541,27.7773,27.4893,449,38984,0.866481,0.55,2,1697161,1696712,449
119223461,74.3555,74.2979,449,39038,0.901296,0.55,2,1697247,1696798,449
119226381,35.6711,35.6596,449,39092,0.876259,0.57,2,1697273,1696824,449
119229301,23.9342,23.1319,450,39146,0.919252,0.59,2,1697294,1696844,450
119232221,30.3868,29.4264,451,39200,0.89585,0.63,2,1697326,1696875,451
119235141,62.8774,59.4853,455,39254,0.93917,0.69,2,1697397,1696942,455
119427861,36,38,484,42660,0.63,0.93,1,1699726,1699242,484
119430781,39.2,37.2,487,42709,0.486,1,1,1699766,1699279,487
119433701,43.84,49.84,479,42758,0.3132,1,1,1699811,1699332,479
119436621,35.168,32.368,484,42807,0.19864,1,1,1699844,1699360,484
119439541,27.8336,30.4736,480,42856,0.191728,1,1,1699870,1699390,480
119442461,21.5667,23.6947,478,42905,0.142346,0.97,1,1699890,1699412,478
119445381,21.9133,22.3389,478,42954,0.100469,0.94,1,1699912,1699434,478
119448301,25.1827,26.8678,476,43003,0.0600938,0.94,1,1699938,1699462,476
119451221,25.0365,5.37356,501,43052,0.0200188,1,1,1699963,1699462,501
119454141,25.0073,25.0747,496,43101,0.0120038,1,1,1699988,1699492,496
119457061,37.8015,29.0149,507,43150,0.0264008,0.93,1,1700029,1699522,507
119459981,57.1603,37.003,530,43199,0.0932802,1,1,1700091,1699561,530
119462901,38.6321,60.2006,498,43248,0.058656,0.75,1,1700125,1699627,498
119465821,25.3264,42.4401,482,43297,0.0837312,0.69,1,1700147,1699665,482
119468741,27.4653,28.488,485,43346,0.0567462,0.63,1,1700175,1699690,485
119471661,32.6931,34.4976,483,43395,0.0993493,0.45,1,1700209,1699726,483
119474581,36.1386,38.8995,480,43444,0.12387,0.27,1,1700246,1699766,480
119477501,31.2277,43.7799,465,43493,0.096774,0.17,1,1700276,1699811,465
119480421,23.0455,35.156,453,43542,0.0753548,0.19,1,1700297,1699844,453
119483341,19.0091,27.8312,445,43590,0.103071,0.13,1,1700315,1699870,445
119486261,18.2018,21.5662,443,43638,0.0766142,0.09,1,1700333,1699890,443
119489181,24.4404,21.9132,447,43686,0.0393228,0.05,1,1700359,1699912,447
119492101,27.2881,25.1827,449,43734,0.0318646,0.01,1,1700387,1699938,449
119495021,23.8576,25.0365,447,43782,0.0463729,0.01,1,1700410,1699963,447
119497941,36.7715,25.0073,462,43830,0.0332746,0.03,1,1700450,1699988,462
119500861,59.3543,37.8015,486,43878,0.0306549,0.11,1,1700515,1700029,486
119503781,39.8709,57.1603,459,43926,0.062131,0.05,1,1700550,1700091,459
119506701,25.5742,38.6321,447,43974,0.0524262,0.09,1,1700572,1700125,447
119509621,26.7148,25.3264,452,44022,0.0984852,0.05,1,1700599,1700147,452
119512541,34.143,27.4653,460,44070,0.155697,0.11,1,1700635,1700175,460
119515461,35.6286,32.6931,462,44118,0.167139,0.13,1,1700671,1700209,462
119518381,29.5257,36.1386,453,44166,0.169428,0.09,1,1700699,1700246,453
119521301,23.5051,31.2277,445,44214,0.169886,0.07,1,1700721,1700276,445
119524221,20.701,23.0455,444,44262,0.185977,0.11,1,1700741,1700297,444
119527141,15.3402,19.0091,440,44310,0.189195,0.07,1,1700755,1700315,440
119530061,24.668,18.2018,449,44358,0.221839,0.03,1,1700782,1700333,449
119532981,28.1336,24.4404,452,44406,0.164368,0.03,1,1700811,1700359,452
119535901,21.6267,27.2881,444,44454,0.152874,0.05,1,1700831,1700387,444
119538821,5.92534,23.8576,423,44501,0.150575,0.03,1,1700833,1700410,423
119541741,33.1851,36.7715,423,44548,0.134115,0.03,1,1700873,1700450,423
119544661,58.637,59.3543,423,44595,0.098823,0.07,1,1700938,1700515,423
119547581,41.3274,39.8709,425,44642,0.123765,0.05,1,1700975,1700550,425
119550501,26.6655,25.5742,426,44689,0.112753,0.11,1,1700998,1700572,426
119553421,30.1331,26.7148,430,44736,0.174551,0.17,1,1701029,1700599,430
119556341,34.8266,34.143,430,44783,0.18691,0.17,1,1701065,1700635,430
119559261,35.7653,35.6286,430,44830,0.189382,0.17,1,1701101,1700671,430
119562181,29.5531,29.5257,430,44877,0.189876,0.17,1,1701129,1700699,430
119565101,24.3106,23.5051,431,44924,0.221975,0.19,1,1701152,1700721,431
119568021,20.8621,20.701,431,44971,0.196395,0.19,1,1701172,1700741,431
119570941,15.3724,15.3402,431,45018,0.191279,0.23,1,1701186,1700755,431
119573861,27.0745,24.668,434,45065,0.222256,0.15,1,1701216,1700782,434
119576781,24.6149,28.1336,429,45112,0.260451,0.15,1,1701240,1700811,429
119579701,20.923,21.6267,429,45159,0.25209,0.15,1,1701260,1700831,429
119582621,5.7846,5.92534,429,45206,0.282418,0.13,1,1701262,1700833,429
119585541,32.3569,33.1851,428,45253,0.272484,0.09,1,1701301,1700873,428
119588461,56.8714,58.637,426,45300,0.318497,0.13,1,1701364,1700938,426
119591381,42.5743,41.3274,428,45347,0.311699,0.11,1,1701403,1700975,428
119594301,27.7149,26.6655,429,45394,0.31034,0.19,1,1701427,1700998,429
119597221,30.343,30.1331,429,45440,0.342068,0.19,1,1701458,1701029,429
119600141,36.4686,34.8266,431,45486,0.396414,0.19,1,1701496,1701065,431
119603061,36.0937,35.7653,431,45532,0.375283,0.19,1,1701532,1701101,431
119605981,30.4187,29.5531,432,45578,0.403057,0.23,1,1701561,1701129,432
119608901,23.6837,24.3106,431,45624,0.440611,0.19,1,1701583,1701152,431
119611821,20.7367,20.8621,431,45670,0.416122,0.19,1,1701603,1701172,431
119614741,15.3473,15.3724,431,45716,0.411224,0.23,1,1701617,1701186,431
119617661,28.6695,27.0745,433,45762,0.426245,0.27,1,1701649,1701216,433
119620581,24.9339,24.6149,433,45808,0.429249,0.25,1,1701673,1701240,433
119623501,21.7868,20.923,434,45854,0.41385,0.29,1,1701694,1701260,434
119626421,5.95736,5.7846,434,45900,0.41077,0.27,1,1701696,1701262,434
119629341,31.5915,32.3569,433,45946,0.458154,0.27,1,1701734,1701301,433
119632261,58.3183,6.47138,498,45992,0.467631,0.33,1,1701799,1701301,498
119635181,43.6637,51.6943,475,46038,0.485526,0.31,1,1701839,1701364,475
119638101,28.7327,41.5389,461,46084,0.473105,0.31,1,1701864,1701403,461
119641021,30.5465,27.5078,468,46130,0.486621,0.35,1,1701895,1701427,468
119643941,38.1093,30.3016,477,46176,0.457324,0.41,1,1701935,1701458,477
119646861,37.2219,36.4603,476,46222,0.499465,0.37,1,1701972,1701496,476
119649781,31.4444,36.0921,470,46268,0.539893,0.41,1,1702002,1701532,470
119652701,23.8889,30.4184,463,46314,0.563979,0.45,1,1702024,1701561,463
119655621,20.7778,23.6837,461,46360,0.584796,0.41,1,1702044,1701583,461
119658541,16.1556,20.7367,456,46405,0.604959,0.41,1,1702059,1701603,456
119661461,28.8311,15.3473,474,46450,0.608992,0.43,1,1702091,1701617,474
119664381,24.9662,28.6695,466,46495,0.609798,0.43,1,1702115,1701649,466
119667301,20.9932,24.9339,462,46540,0.60996,0.41,1,1702135,1701673,462
119670221,5.79865,21.7868,443,46585,0.609992,0.41,1,1702137,1701694,443
119673141,32.3597,5.95736,480,46630,0.593998,0.47,1,1702176,1701696,480
119676061,60.0719,31.5915,509,46675,0.5908,0.47,1,1702243,1701734,509
119678981,44.8144,58.3183,485,46720,0.60616,0.49,1,1702284,1701799,485
119681901,28.1629,43.6637,469,46765,0.609232,0.47,1,1702308,1701839,469
119684821,29.6326,28.7327,474,46810,0.609846,0.49,1,1702338,1701864,474
119687741,38.7265,30.5465,484,46855,0.593969,0.45,1,1702379,1701895,484
119690661,39.7453,38.1093,484,46900,0.670794,0.51,1,1702419,1701935,484
119693581,33.5491,37.2219,479,46945,0.654159,0.55,1,1702451,1701972,479
119696501,24.3098,31.4444,471,46990,0.650832,0.57,1,1702473,1702002,471
119699421,21.662,23.8889,470,47035,0.698166,0.59,1,1702494,1702024,470
119702341,17.1324,20.7778,466,47080,0.707633,0.61,1,1702510,1702044,466
119705261,29.0265,16.1556,483,47125,0.725527,0.61,1,1702542,1702059,483
119708181,25.0053,28.8311,475,47170,0.729105,0.61,1,1702566,1702091,475
119711101,21.0011,24.9662,471,47215,0.729821,0.61,1,1702586,1702115,471
119714021,5.80021,20.9932,453,47260,0.729964,0.61,1,1702588,1702135,453
119716941,32.36,5.79865,490,47305,0.713993,0.59,1,1702627,1702137,490
119719861,59.272,32.3597,517,47350,0.774799,0.59,2,1702693,1702176,517
119722781,13.4544,60.0719,452,47395,0.78696,0.61,2,1702695,1702243,452
119725701,35.4909,44.8144,452,47439,0.821392,0.61,2,1702736,1702284,452
119728621,26.2982,28.1629,452,47483,0.860278,0.61,2,1702760,1702308,452
119731541,29.2596,29.6326,452,47527,0.852056,0.59,2,1702790,1702338,452
119734461,39.4519,38.7265,453,47571,0.866411,0.69,2,1702832,1702379,453
119737381,40.6904,39.7453,454,47615,0.901282,0.65,2,1702873,1702419,454
119959301,64,51,511,23541,0.05,0.89,1,1705188,1704677,511
119962221,61.6,71,496,23631,0.034,0.71,1,1705249,1704753,496
119965141,73.12,73.4,498,23721,0.0468,0.47,1,1705325,1704827,498
119968061,44.224,73.88,461,23810,0.08136,0.27,1,1705362,1704901,461
119970981,64.0448,58.776,475,23899,0.072272,0.21,1,1705431,1704956,475
119973901,26.409,50.9552,443,23988,0.0544544,0.15,1,1705448,1705005,443
119976821,24.4818,34.191,437,24076,0.0668909,0.03,1,1705472,1705035,437
119979741,64.8964,78.0382,423,24164,0.0853782,0.05,1,1705547,1705124,423
119982661,64.1793,66.8076,423,24252,0.0410756,0.03,1,1705611,1705188,423
119985581,62.4359,62.1615,424,24339,0.0482151,0.05,1,1705673,1705249,424
119988501,72.4872,73.2323,423,24426,0.033643,0.09,1,1705748,1705325,423
119991421,48.0974,44.2465,428,24513,0.0147286,0.07,1,1705790,1705362,428
119994341,60.8195,64.0493,423,24599,0.0589457,0.05,1,1705854,1705431,423
119997261,24.9639,26.4099,422,24685,0.0357891,0.07,1,1705870,1705448,422
120000181,25.7928,24.482,424,24771,0.0631578,0.09,1,1705896,1705472,424
120003101,65.1586,64.8964,424,24857,0.116632,0.03,1,1705971,1705547,424
120006021,65.0317,64.1793,425,24942,0.0633263,0.05,1,1706036,1705611,425
120008941,60.2063,62.4359,422,25027,0.0846653,0.03,1,1706095,1705673,422
120011861,73.6413,72.4872,424,25112,0.072933,0.01,1,1706172,1705748,424
120014781,46.7283,48.0974,422,25196,0.0385866,0.07,1,1706212,1705790,422
120017701,61.3457,60.8195,423,25280,0.0957173,0.03,1,1706277,1705854,423
120020621,25.8691,24.9639,424,25364,0.0911435,0.07,1,1706294,1705870,424
120023541,26.7738,25.7928,425,25448,0.0742287,0.07,1,1706321,1705896,425
120026461,66.9548,5.15856,502,25531,0.118846,0.13,1,1706398,1705896,502
120029381,62.191,61.0317,488,25614,0.111769,0.05,1,1706459,1705971,488
120032301,61.2382,64.2063,484,25697,0.110354,0.09,1,1706520,1706036,484
120035221,71.4476,60.0413,499,25779,0.174071,0.07,1,1706594,1706095,499
120038141,46.2895,73.6083,462,25861,0.202814,0.03,1,1706634,1706172,462
120041061,62.8579,46.7217,489,25943,0.288563,0.11,1,1706701,1706212,489
120043981,25.3716,61.3443,440,26025,0.305713,0.09,1,1706717,1706277,440
120046901,27.4743,25.8689,451,26106,0.309143,0.07,1,1706745,1706294,451
120049821,69.4949,26.7738,504,26187,0.373829,0.13,1,1706825,1706321,504
120052741,61.899,66.9548,487,26268,0.402766,0.11,1,1706885,1706398,487
120055661,62.7798,62.1909,489,26349,0.408553,0.11,1,1706948,1706459,489
120058581,74.156,61.2382,505,26429,0.361711,0.19,1,1707025,1706520,505
120061501,46.8312,71.4476,471,26509,0.400342,0.21,1,1707065,1706594,471
120064421,66.9662,46.2895,503,26589,0.456068,0.31,1,1707137,1706634,503
120067341,26.1932,62.8579,452,26669,0.483214,0.31,1,1707153,1706701,452
120070261,27.6386,25.3716,464,26748,0.488643,0.31,1,1707181,1706717,464
120073181,72.7277,27.4743,520,26827,0.489729,0.39,1,1707265,1706745,520
120076101,63.3455,69.4949,501,26906,0.521946,0.41,1,1707326,1706825,501
120079021,14.2691,61.899,443,26985,0.528389,0.41,1,1707328,1706885,443
120081941,50.8538,62.7798,440,27063,0.561678,0.35,1,1707388,1706948,440
120084861,72.5708,74.156,441,27141,0.584336,0.41,1,1707466,1707025,441
120087781,47.3142,46.8312,442,27219,0.604867,0.47,1,1707507,1707065,442
120090701,70.2628,66.9662,446,27297,0.656973,0.49,1,1707583,1707137,446
120093621,26.8526,26.1932,446,27375,0.635395,0.49,1,1707599,1707153,446
120096541,27.7705,27.6386,446,27452,0.679079,0.49,1,1707627,1707181,446
120099461,72.7541,72.7277,446,27529,0.655816,0.53,1,1707711,1707265,446
120102381,64.9508,63.3455,448,27606,0.731163,0.53,1,1707774,1707326,448
120105301,14.5902,14.2691,448,27683,0.746233,0.57,1,1707776,1707328,448
120108221,50.918,50.8538,448,27760,0.765247,0.59,2,1707836,1707388,448
120111141,74.9836,72.5708,451,27836,0.785049,0.61,2,1707917,1707466,451
120114061,50.1967,47.3142,454,27912,0.80501,0.67,2,1707961,1707507,454
120116981,70.0393,70.2628,453,27988,0.857002,0.63,2,1708036,1707583,453
120119901,27.6079,26.8526,454,28064,0.8514,0.69,2,1708053,1707599,454
120122821,27.9216,27.7705,454,28139,0.81828,0.65,2,1708081,1707627,454
120125741,74.3843,72.7541,456,28214,0.859656,0.75,2,1708167,1707711,456
120128661,66.0769,64.9508,457,28289,0.883931,0.75,2,1708231,1707774,457
120131581,14.8154,14.5902,457,28364,0.888786,0.75,2,1708233,1707776,457
120134501,50.9631,2.91803,517,28439,0.905757,0.77,2,1708293,1707776,517
120137421,77.3926,48.5836,541,28513,0.925151,0.79,2,1708377,1707836,541
120254221,35,0,526,31344,0.51,1,1,1710373,1709847,526
120257141,39,26.4,533,31412,0.35,1,1,1710413,1709880,533
120260061,31,50.88,505,31479,0.35,1,1,1710442,1709937,505
120262981,35.8,30.976,516,31546,0.19,1,1,1710479,1709963,516
120265901,51.96,31.7952,540,31613,0.126,1,1,1710535,1709995,540
120268821,71.192,60.759,548,31680,0.0492,1,1,1710611,1710063,548
120271741,41.4384,72.1518,507,31747,0.03384,1,1,1710645,1710138,507
120274661,29.8877,38.4304,504,31814,0.094768,1,1,1710672,1710168,504
120277581,74.7775,30.8861,561,31881,0.106954,0.81,1,1710758,1710197,561
120280501,37.3555,88.5772,486,31947,0.109391,0.65,1,1710786,1710300,486
120283421,31.4711,48.1154,478,32013,0.0458781,0.51,1,1710816,1710338,478
120286341,32.6942,37.6231,476,32079,0.0811756,0.31,1,1710849,1710373,476
120289261,28.1388,39.5246,463,32145,0.0722351,0.35,1,1710876,1710413,463
120292181,28.8278,31.1049,463,32211,0.054447,0.15,1,1710905,1710442,463
120295101,47.3656,35.821,478,32277,0.0828894,0.11,1,1710957,1710479,478
120298021,72.6731,51.9642,501,32343,0.0885779,0.03,1,1711036,1710535,501
120300941,40.9346,71.1928,458,32408,0.0417156,0.03,1,1711069,1710611,458
120303861,30.5869,41.4386,452,32473,0.00834311,0.11,1,1711097,1710645,452
120306781,74.9174,29.8877,511,32538,0.0576686,0.11,1,1711183,1710672,511
120309701,34.9835,74.7775,450,32603,0.0995337,0.11,1,1711208,1710758,450
120312621,32.5967,37.3555,454,32668,0.107907,0.03,1,1711240,1710786,454
120315541,33.7193,31.4711,458,32733,0.157581,0.09,1,1711274,1710816,458
120318461,8.34387,32.6942,427,32798,0.167516,0.07,1,1711276,1710849,427
120321381,23.2688,28.1388,427,32862,0.153503,0.05,1,1711303,1710876,427
120324301,27.8538,28.8278,427,32926,0.182701,0.09,1,1711332,1710905,427
120327221,44.7708,47.3656,424,32990,0.18854,0.09,1,1711381,1710957,424
120330141,72.1542,72.6731,424,33054,0.205708,0.03,1,1711460,1711036,424
120333061,43.2308,40.9346,427,33118,0.209142,0,1,1711496,1711069,427
120335981,27.8462,30.5869,423,33182,0.177828,0.07,1,1711520,1711097,423
120338901,77.5692,74.9174,427,33246,0.155566,0.11,1,1711610,1711183,427
120341821,37.1138,34.9835,429,33310,0.119113,0.11,1,1711637,1711208,429
120344741,32.2228,32.5967,428,33373,0.127823,0.17,1,1711668,1711240,428
120347661,35.2446,33.7193,430,33436,0.177565,0.17,1,1711704,1711274,430
120350581,8.64891,8.34387,430,33499,0.155513,0.15,1,1711706,1711276,430
120353501,23.3298,23.2688,430,33562,0.199103,0.19,1,1711733,1711303,430
120356421,29.466,27.8538,432,33625,0.255821,0.19,1,1711764,1711332,432
120359341,44.2932,44.7708,431,33688,0.235164,0.21,1,1711812,1711381,431
120362261,72.8586,72.1542,432,33751,0.311033,0.21,1,1711892,1711460,432
120365181,41.7717,43.2308,430,33814,0.342207,0.17,1,1711926,1711496,430
120368101,25.9543,27.8462,428,33877,0.348441,0.15,1,1711948,1711520,428
120371021,77.1909,77.5692,428,33939,0.333688,0.11,1,1712038,1711610,428
120373941,36.2382,37.1138,427,34001,0.330738,0.13,1,1712064,1711637,427
120376861,32.8476,32.2228,428,34063,0.378148,0.19,1,1712096,1711668,428
120379781,36.9695,35.2446,430,34125,0.38763,0.15,1,1712134,1711704,430
120382701,8.9939,8.64891,430,34187,0.389526,0.21,1,1712136,1711706,430
120385621,24.9988,23.3298,432,34249,0.421905,0.21,1,1712165,1711733,432
120388541,29.7998,4.66596,463,34311,0.412381,0.27,1,1712196,1711733,463
120391461,44.36,25.7332,480,34373,0.426476,0.23,1,1712244,1711764,480
120394381,76.072,43.5466,516,34435,0.477295,0.33,1,1712328,1711812,516
120397301,42.4144,72.7093,470,34496,0.471459,0.35,1,1712362,1711892,470
120400221,26.0829,41.7419,458,34557,0.486292,0.35,1,1712384,1711926,458
120403141,78.0166,25.9484,527,34618,0.489258,0.33,1,1712475,1711948,527
120406061,36.4033,77.1897,463,34679,0.489852,0.33,1,1712501,1712038,463
120408981,35.2807,36.2379,472,34740,0.55397,0.39,1,1712536,1712064,472
120411901,38.2561,32.8476,479,34801,0.598794,0.39,1,1712575,1712096,479
120414821,9.25123,36.9695,443,34862,0.575759,0.39,1,1712577,1712134,443
120417741,24.2502,8.9939,469,34923,0.587152,0.43,1,1712605,1712136,469
120420661,31.25,24.9988,473,34984,0.62143,0.41,1,1712638,1712165,473
120423581,44.65,29.7998,490,35044,0.644286,0.43,1,1712686,1712196,490
120426501,76.93,44.36,527,35104,0.696857,0.49,1,1712771,1712244,527
120429421,43.386,76.072,478,35164,0.691371,0.47,1,1712806,1712328,478
120432341,27.0772,42.4144,467,35224,0.690274,0.49,1,1712829,1712362,467
120435261,78.2154,26.0829,536,35284,0.706055,0.49,1,1712920,1712384,536
120438181,36.4431,78.0166,471,35344,0.709211,0.49,1,1712946,1712475,471
120441101,39.2886,36.4033,485,35404,0.693842,0.57,1,1712986,1712501,485
120444021,38.2577,35.2807,488,35464,0.722768,0.61,1,1713024,1712536,488
120446941,9.25154,38.2561,451,35524,0.728554,0.57,1,1713026,1712575,451
120449861,25.0503,9.25123,478,35584,0.745711,0.59,1,1713055,1712577,478
120452781,31.4101,24.2502,483,35643,0.749142,0.63,1,1713088,1712605,483
120455701,7.88201,31.25,452,35702,0.749828,0.65,1,1713090,1712638,452
120458621,41.5764,44.65,454,35761,0.765966,0.71,2,1713140,1712686,454
120461541,78.7153,76.93,457,35820,0.785193,0.69,2,1713228,1712771,457
120464461,43.7431,43.386,457,35879,0.821039,0.69,2,1713263,1712806,457
120467381,26.3486,27.0772,456,35938,0.844208,0.71,2,1713285,1712829,456
120470301,78.8697,78.2154,457,35997,0.912842,0.71,2,1713377,1712920,457
120473221,36.5739,36.4431,457,36056,0.894568,0.69,2,1713403,1712946,457
120476141,39.3148,39.2886,457,36115,0.890914,0.73,2,1713443,1712986,457
120479061,39.063,38.2577,458,36174,0.890183,0.73,2,1713482,1713024,458
120481981,9.41259,9.25154,458,36232,0.922037,0.75,2,1713484,1713026,458
120484901,26.6825,25.0503,460,36290,0.912407,0.75,2,1713515,1713055,460
120487821,31.7365,31.4101,460,36348,0.926481,0.75,2,1713548,1713088,460
120490741,7.9473,7.88201,460,36406,0.929296,0.77,2,1713550,1713090,460
120641121,103,118,491,17761,0.03,0.65,1,1715762,1715271,491
120644041,81.4,76.4,501,17881,0.078,0.29,1,1715838,1715337,501
120646961,59.48,88.88,463,18000,0.0876,0.15,1,1715892,1715429,463
120649881,35.096,56.176,444,18118,0.04152,0.11,1,1715921,1715477,444
120652801,32.6192,41.6352,438,18235,0.064304,0.03,1,1715953,1715515,438
120655721,109.724,123.527,423,18351,0.0528608,0.03,1,1716082,1715659,423
120658641,105.145,107.105,424,18467,0.0665722,0.09,1,1716186,1715762,424
120661561,83.429,82.2211,426,18582,0.0213144,0.09,1,1716264,1715838,426
120664481,59.8858,59.6442,426,18696,0.0442629,0.03,1,1716318,1715892,426
120667401,32.7772,35.1288,423,18810,0.0488526,0.07,1,1716344,1715921,423
120670321,33.7554,32.6258,425,18923,0.0817705,0.05,1,1716378,1715953,425
120673241,107.551,109.725,422,19035,0.0403541,0.07,1,1716504,1716082,422
120676161,105.51,105.145,423,19146,0.0640708,0.01,1,1716609,1716186,423
120679081,83.502,83.429,423,19257,0.100814,0.05,1,1716687,1716264,423
120682001,60.7004,59.8858,424,19367,0.0601628,0.05,1,1716742,1716318,424
120684921,32.9401,32.7772,424,19477,0.0680326,0.09,1,1716768,1716344,424
120687841,35.388,33.7554,426,19586,0.0696065,0.09,1,1716804,1716378,426
120690761,104.678,6.75109,548,19694,0.0699213,0.03,1,1716926,1716378,548
120693681,106.536,102.15,529,19802,0.0859843,0.07,1,1717033,1716504,529
120696601,83.7071,104.43,502,19909,0.105197,0.11,1,1717111,1716609,502
120699521,60.7414,83.286,479,20016,0.141039,0.05,1,1717166,1716687,479
120702441,32.9483,60.6572,450,20122,0.164208,0.07,1,1717192,1716742,450
120705361,35.3897,32.9314,460,20227,0.168842,0.07,1,1717228,1716768,460
120708281,104.678,35.3863,546,20332,0.233768,0.07,1,1717350,1716804,546
120711201,107.336,104.677,532,20436,0.278754,0.09,1,1717458,1716926,532
120714121,84.6671,106.535,504,20540,0.335751,0.11,1,1717537,1717033,504
120717041,62.5334,83.7071,483,20643,0.37915,0.15,1,1717594,1717111,483
120719961,34.1067,60.7414,455,20746,0.41983,0.17,1,1717621,1717166,455
120722881,35.6213,32.9483,465,20848,0.443966,0.17,1,1717657,1717192,465
120725801,107.924,35.3897,555,20950,0.432793,0.25,1,1717783,1717228,555
120728721,109.585,104.678,543,21051,0.462559,0.29,1,1717893,1717350,543
120731641,23.517,107.336,437,21152,0.468512,0.35,1,1717895,1717458,437
120734561,69.5034,84.6671,439,21252,0.533702,0.39,1,1717976,1717537,439
120737481,61.1007,62.5334,441,21352,0.54674,0.43,1,1718035,1717594,441
120740401,36.2201,34.1067,444,21451,0.613348,0.45,1,1718065,1717621,444
120743321,36.044,35.6213,444,21550,0.61067,0.43,1,1718101,1717657,444
120746241,108.009,107.924,444,21648,0.658134,0.47,1,1718227,1717783,444
120749161,110.402,109.585,445,21746,0.667627,0.47,1,1718338,1717893,445
120752081,23.6804,23.517,445,21844,0.701525,0.55,1,1718340,1717895,445
120755001,72.7361,69.5034,449,21941,0.804305,0.55,2,1718425,1717976,449
120757921,61.7472,61.1007,449,22038,0.776861,0.63,2,1718484,1718035,449
120760841,37.9494,36.2201,451,22134,0.739372,0.61,1,1718516,1718065,451
120763761,37.1899,36.044,452,22230,0.779874,0.67,2,1718553,1718101,452
120766681,109.038,108.009,453,22325,0.835975,0.67,2,1718680,1718227,453
120769601,113.008,110.402,456,22420,0.879195,0.71,2,1718794,1718338,456
120772521,24.2015,23.6804,456,22515,0.887839,0.71,2,1718796,1718340,456
120775441,76.0403,4.73607,545,22609,0.873568,0.83,2,1718885,1718340,545
120778361,61.6081,68.9472,518,22703,0.886714,0.77,2,1718943,1718425,518
120781281,36.3216,60.9894,489,22796,0.889343,0.73,2,1718973,1718484,489
120784201,40.0643,37.7979,498,22889,0.889869,0.79,2,1719014,1718516,498
120787121,109.613,37.1596,588,22982,0.937974,0.85,2,1719141,1718553,588
120871801,35,0,535,25520,0.79,1,2,1720911,1720376,535
120874721,28.6,28.8,526,25603,0.774,1,2,1720938,1720412,526
120877641,107.32,34.56,617,25686,0.3548,1,1,1721065,1720448,617
120880561,107.864,110.912,595,25768,0.09496,1,1,1721173,1720578,595
120883481,35.1728,109.382,503,25850,0.058992,1,1,1721190,1720687,503
120886401,67.0346,41.8765,553,25932,0.0997984,1,1,1721265,1720712,553
120889321,54.2069,72.3753,524,26014,0.0599597,0.92,1,1721316,1720792,524
120892241,31.6414,56.8751,497,26095,0.0519919,0.94,1,1721342,1720845,497
120895161,30.3283,36.175,496,26176,0.0503984,0.79,1,1721372,1720876,496
120898081,24.4657,35.235,484,26257,0.0340797,0.77,1,1721395,1720911,484
120901001,89.6931,28.647,563,26338,0.0468159,0.25,1,1721501,1720938,563
120903921,93.9386,107.329,531,26418,0.0333632,0.03,1,1721596,1721065,531
120906841,33.1877,107.866,441,26498,0.0626726,0.05,1,1721614,1721173,441
120909761,69.0375,35.1732,502,26578,0.0525345,0.11,1,1721692,1721190,502
120912681,53.0075,67.0346,476,26658,0.0825069,0.05,1,1721741,1721265,476
120915601,29.8015,54.2069,449,26737,0.0565014,0.05,1,1721765,1721316,449
120918521,29.1603,31.6414,452,26816,0.0833003,0.05,1,1721794,1721342,452
120921441,24.2321,30.3283,445,26895,0.0166601,0.03,1,1721817,1721372,445
120924361,6.44641,24.4657,424,26974,0.011332,0.05,1,1721819,1721395,424
120927281,86.0893,89.6931,424,27053,0.106266,0.03,1,1721925,1721501,424
120930201,94.0179,93.9386,425,27131,0.189253,0.07,1,1722021,1721596,425
120933121,32.4036,33.1877,424,27209,0.189851,0.05,1,1722038,1721614,424
120936041,67.2807,69.0375,422,27287,0.0459701,0.09,1,1722114,1721692,422
120938961,54.2561,53.0075,424,27365,0.065194,0.05,1,1722165,1721741,424
120941881,30.0512,29.8015,424,27442,0.0690388,0.09,1,1722189,1721765,424
120944801,29.2102,29.1603,424,27519,0.0698078,0,1,1722218,1721794,424
120947721,23.442,24.2321,423,27596,0.0539615,0.01,1,1722240,1721817,423
120950641,6.28841,6.44641,423,27673,0.0507923,0.13,1,1722242,1721819,423
120953561,90.0577,86.0893,428,27750,0.146158,0.21,1,1722353,1721925,428
120956481,96.4115,94.0179,430,27826,0.229232,0.19,1,1722451,1722021,430
120959401,32.0823,32.4036,429,27902,0.213846,0.01,1,1722467,1722038,429
120962321,61.6165,67.2807,422,27978,0.226769,0.07,1,1722536,1722114,422
120965241,53.9233,54.2561,423,28054,0.213354,0.07,1,1722588,1722165,423
120968161,30.7847,30.0512,424,28129,0.194671,0.07,1,1722613,1722189,424
120971081,30.9569,29.2102,426,28204,0.206934,0.05,1,1722644,1722218,426
120974001,20.5914,23.442,422,28279,0.209387,0.05,1,1722662,1722240,422
120976921,5.71828,6.28841,422,28354,0.209877,0.05,1,1722664,1722242,422
120979841,95.5437,1.25768,540,28429,0.225975,0.17,1,1722782,1722242,540
120982761,99.1087,89.0515,529,28503,0.245195,0.25,1,1722882,1722353,529
120985681,32.6217,96.2103,447,28577,0.265039,0.21,1,1722898,1722451,447
120988601,60.9244,32.0421,499,28651,0.317008,0.23,1,1722966,1722467,499
120991521,52.9849,61.6084,481,28725,0.311402,0.21,1,1723017,1722536,481
120994441,31.397,53.9217,455,28799,0.31028,0.19,1,1723043,1722588,455
120997361,31.8794,30.7843,462,28873,0.326056,0.21,1,1723075,1722613,462
121000281,21.5759,30.9569,450,28946,0.345211,0.21,1,1723094,1722644,450
121003201,5.91518,20.5914,434,29019,0.317042,0.21,1,1723096,1722662,434
121006121,95.583,5.71827,550,29092,0.359408,0.23,1,1723214,1722664,550
121009041,100.717,95.5437,534,29165,0.431882,0.25,1,1723316,1722782,534
121011961,33.7433,99.1087,451,29238,0.478376,0.27,1,1723333,1722882,451
121014881,62.7487,32.6217,505,29310,0.503675,0.33,1,1723403,1722898,505
121017801,52.5497,60.9244,487,29382,0.524735,0.31,1,1723453,1722966,487
121020721,32.1099,52.9849,463,29454,0.544947,0.31,1,1723480,1723017,463
121023641,32.022,31.397,469,29526,0.532989,0.33,1,1723512,1723043,469
121026561,23.2044,31.8794,458,29598,0.514598,0.35,1,1723533,1723075,458
121029481,6.24088,21.5759,441,29670,0.51092,0.31,1,1723535,1723094,441
121032401,95.6482,5.91518,557,29741,0.526184,0.37,1,1723653,1723096,557
121035321,103.93,95.583,545,29812,0.593237,0.45,1,1723759,1723214,545
121038241,22.3859,100.717,445,29883,0.606647,0.49,1,1723761,1723316,445
121041161,18.8772,33.7433,446,29954,0.609329,0.51,1,1723779,1723333,446
121044081,60.5754,62.7487,447,30025,0.673866,0.53,1,1723850,1723403,447
121047001,52.9151,52.5497,448,30095,0.686773,0.55,1,1723901,1723453,448
121049921,31.383,32.1099,447,30165,0.657355,0.53,1,1723927,1723480,447
121052841,32.6766,32.022,448,30235,0.667471,0.51,1,1723960,1723512,448
121055761,22.5353,23.2044,447,30305,0.701494,0.51,1,1723980,1723533,447
121058681,6.10706,6.24088,447,30375,0.708299,0.53,1,1723982,1723535,447
121061601,97.2214,95.6482,449,30445,0.72566,0.61,1,1724102,1723653,449
121064521,106.644,103.93,452,30515,0.841132,0.61,2,1724211,1723759,452
121067441,22.9289,22.3859,452,30584,0.864226,0.61,2,1724213,1723761,452
121070361,19.7858,18.8772,453,30653,0.868845,0.69,2,1724232,1723779,453
121219281,30,29,480,33996,0.51,1,1,1726603,1726123,480
121222201,29.2,25,485,34058,0.462,1,1,1726632,1726147,485
121225121,50.64,42.6,494,34120,0.3404,1,1,1726688,1726194,494
121228041,43.728,48.52,486,34182,0.23608,1,1,1726730,1726244,486
121230961,36.7456,34.504,490,34244,0.199216,1,1,1726765,1726275,490
121233881,29.7491,6.9008,518,34306,0.159843,1,1,1726793,1726275,518
121236801,24.3498,26.1802,510,34368,0.119969,0.88,1,1726816,1726306,510
121239721,27.27,30.836,506,34430,0.191994,0.89,1,1726844,1726338,506
121242641,26.254,31.7672,500,34491,0.222399,1,1,1726870,1726370,500
121245561,46.0508,29.5534,522,34552,0.21248,0.8,1,1726921,1726399,522
121248481,87.6102,57.1107,556,34613,0.226496,0.45,1,1727019,1726463,556
121251401,39.922,99.4221,474,34674,0.229299,0.51,1,1727047,1726573,474
121254321,28.7844,43.8844,470,34735,0.22986,0.45,1,1727073,1726603,470
121257241,43.3569,31.9769,488,34796,0.229972,0.31,1,1727120,1726632,488
121260161,43.0714,51.1954,475,34857,0.245994,0.21,1,1727163,1726688,475
121263081,34.2143,43.8391,465,34918,0.249199,0.19,1,1727195,1726730,465
121266001,28.4429,36.7678,457,34979,0.29784,0.15,1,1727222,1726765,457
121268921,22.4886,29.7536,450,35039,0.291568,0.11,1,1727243,1726793,450
121271841,29.2977,24.3507,458,35099,0.322314,0.21,1,1727274,1726816,458
121274761,27.4595,27.2701,457,35159,0.376463,0.23,1,1727301,1726844,457
121277681,45.4919,26.254,481,35219,0.403293,0.21,1,1727351,1726870,481
121280601,87.4984,46.0508,528,35279,0.424659,0.23,1,1727449,1726921,528
121283521,42.2997,87.6102,461,35339,0.412932,0.23,1,1727480,1727019,461
121286441,28.4599,39.922,458,35399,0.426586,0.23,1,1727505,1727047,458
121289361,43.292,28.7844,479,35459,0.413317,0.23,1,1727552,1727073,479
121292281,43.8584,43.3569,476,35519,0.410663,0.25,1,1727596,1727120,476
121295201,35.1717,43.0714,466,35579,0.458133,0.25,1,1727629,1727163,466
121298121,30.2343,34.2143,463,35638,0.435627,0.31,1,1727658,1727195,463
121301041,23.6469,28.4429,458,35697,0.431125,0.29,1,1727680,1727222,458
121303961,6.32937,22.4886,439,35756,0.430225,0.33,1,1727682,1727243,439
121306881,28.4659,29.2977,442,35815,0.478045,0.39,1,1727716,1727274,442
121309801,26.4932,27.4595,441,35874,0.535609,0.41,1,1727742,1727301,441
121312721,46.0986,45.4919,442,35933,0.531122,0.43,1,1727793,1727351,442
121315641,88.4197,87.4984,443,35992,0.546224,0.41,1,1727892,1727449,443
121318561,43.2839,42.2997,444,36051,0.581245,0.43,1,1727924,1727480,444
121321481,27.8568,28.4599,443,36110,0.588249,0.41,1,1727948,1727505,443
121324401,42.3714,43.292,442,36169,0.63765,0.41,1,1727994,1727552,442
121327321,43.6743,43.8584,442,36227,0.66353,0.47,1,1728038,1727596,442
121330241,35.9349,35.1717,443,36285,0.668706,0.43,1,1728072,1727629,443
121333161,30.387,30.2343,443,36343,0.637741,0.43,1,1728101,1727658,443
121336081,23.6774,23.6469,443,36401,0.631548,0.43,1,1728123,1727680,443
121339001,6.33548,6.32937,443,36459,0.63031,0.49,1,1728125,1727682,443
121341921,30.8671,28.4659,446,36517,0.694062,0.55,1,1728162,1727716,446
121344841,27.7734,26.4932,447,36575,0.786812,0.53,2,1728189,1727742,447
121347761,47.1547,46.0986,448,36633,0.789362,0.55,2,1728241,1727793,448
121350681,89.4309,88.4197,449,36691,0.773873,0.59,2,1728341,1727892,449
121353601,43.4862,43.2839,449,36749,0.770775,0.59,2,1728373,1727924,449
121356521,28.6972,27.8568,450,36807,0.802155,0.65,2,1728398,1727948,450
121359441,44.1394,42.3714,452,36864,0.840431,0.67,2,1728446,1727994,452
121362361,44.8279,43.6743,453,36921,0.832086,0.67,2,1728491,1728038,453
121365281,36.1656,35.9349,453,36978,0.830417,0.63,2,1728525,1728072,453
121368201,30.4331,30.387,453,37035,0.846083,0.63,2,1728554,1728101,453
121371121,23.6866,23.6774,453,37092,0.817217,0.63,2,1728576,1728123,453
121374041,6.33732,6.33548,453,37149,0.843443,0.63,2,1728578,1728125,453
121376961,34.0675,1.2671,494,37206,0.800689,0.71,2,1728619,1728125,494
121379881,30.8135,29.8534,487,37263,0.808138,0.81,2,1728649,1728162,487
121382801,47.7627,27.5707,512,37320,0.841628,0.79,2,1728701,1728189,512
121385721,88.7525,47.1141,559,37377,0.896326,0.77,2,1728800,1728241,559
121388641,43.3505,89.4228,491,37434,0.907265,0.77,2,1728832,1728341,491
121391561,28.6701,43.4846,484,37490,0.925453,0.81,2,1728857,1728373,484
121568221,140,117,486,18366,0.03,0.51,1,1731198,1730712,486
121571141,86.4,85,482,18482,0.094,0.23,1,1731271,1730789,482
121574061,88.48,86.6,484,18597,0.1388,0.11,1,1731360,1730876,484
121576981,63.296,89.32,451,18711,0.13176,0.07,1,1731417,1730966,451
121579901,43.0592,57.064,440,18824,0.130352,0.01,1,1731455,1731015,440
121582821,27.8118,35.4128,434,18937,0.13007,0.03,1,1731479,1731045,434
121585741,119.162,129.483,423,19049,0.114014,0.11,1,1731621,1731198,423
121588661,85.4325,84.2965,427,19160,0.0788028,0.15,1,1731698,1731271,427
121591581,88.2865,88.0593,427,19271,0.0877606,0.13,1,1731787,1731360,427
121594501,65.6573,63.2119,430,19381,0.137552,0.13,1,1731847,1731417,430
121597421,41.9315,43.0424,428,19490,0.17951,0.13,1,1731883,1731455,428
121600341,25.9863,27.8085,426,19599,0.203902,0.13,1,1731905,1731479,426
121603261,117.197,5.56169,566,19707,0.22478,0.11,1,1732045,1731479,566
121606181,85.0395,114.712,501,19815,0.228956,0.07,1,1732122,1731621,501
121609101,87.4079,84.5425,512,19922,0.293791,0.09,1,1732210,1731698,512
121612021,67.8816,88.1085,486,20028,0.258758,0.15,1,1732273,1731787,486
121614941,44.7763,65.6217,465,20134,0.283752,0.19,1,1732312,1731847,465
121617861,26.5553,41.9243,451,20239,0.28875,0.21,1,1732334,1731883,451
121620781,119.711,25.9849,572,20344,0.32175,0.23,1,1732477,1731905,572
121623701,85.5422,117.197,509,20448,0.39235,0.23,1,1732554,1732045,509
121626621,90.7084,85.0394,524,20552,0.47047,0.31,1,1732646,1732122,524
121629541,66.1417,87.4079,496,20655,0.486094,0.25,1,1732706,1732210,496
121632461,46.0283,67.8816,474,20758,0.521219,0.29,1,1732747,1732273,474
121635381,26.8057,44.7763,457,20860,0.528244,0.29,1,1732769,1732312,457
121638301,121.361,26.5553,580,20962,0.593649,0.33,1,1732914,1732334,580
121641221,25.8722,119.711,439,21063,0.60673,0.41,1,1732916,1732477,439
121644141,69.1744,85.5422,442,21164,0.625346,0.49,1,1732996,1732554,442
121647061,90.6349,90.7084,446,21264,0.709069,0.49,1,1733092,1732646,446
121649981,66.127,66.1417,446,21364,0.725814,0.53,1,1733152,1732706,446
121652901,47.6254,46.0283,448,21463,0.745163,0.53,1,1733195,1732747,448
121655821,28.7251,26.8057,450,21562,0.749032,0.61,1,1733219,1732769,450
121658741,123.345,121.361,452,21660,0.797807,0.61,2,1733366,1732914,452
121661661,26.269,25.8722,452,21758,0.807561,0.63,2,1733368,1732916,452
121664581,68.4538,69.1744,451,21855,0.809512,0.73,2,1733447,1732996,451
121667501,94.4908,90.6349,456,21952,0.905903,0.73,2,1733548,1733092,456
121670421,66.8982,66.127,456,22049,0.92518,0.75,2,1733608,1733152,456
121673341,50.1796,47.6254,459,22145,0.897036,0.75,2,1733654,1733195,459
121676261,29.2359,28.7251,459,22241,0.859407,0.81,2,1733678,1733219,459
121766781,131,140,487,25026,0.75,1,2,1735733,1735246,487
121769701,58.2,52,497,25111,0.686,1,1,1735773,1735276,497
121772621,57.24,61.6,490,25195,0.5932,1,1,1735830,1735340,490
121775541,82.648,95.52,475,25279,0.52664,1,1,1735919,1735444,475
121778461,67.7296,61.504,486,25363,0.481328,1,1,1735983,1735497,486
121781381,39.1459,42.7008,480,25447,0.504266,1,1,1736015,1735535,480
121784301,25.4292,8.54016,502,25530,0.444853,0.94,1,1736037,1735535,502
121787221,29.0858,25.708,502,25613,0.384971,0.88,1,1736067,1735565,502
121790141,103.417,34.7416,587,25696,0.372994,0.75,1,1736189,1735602,587
121793061,51.0834,111.748,494,25778,0.354599,0.67,1,1736227,1735733,494
121795981,51.0167,54.3497,505,25860,0.39892,0.57,1,1736278,1735773,505
121798901,79.0033,56.4699,534,25942,0.311784,0.51,1,1736364,1735830,534
121801821,64.6007,82.494,506,26024,0.310357,0.47,1,1736425,1735919,506
121804741,39.3201,67.6988,475,26105,0.422071,0.51,1,1736458,1735983,475
121807661,23.864,39.1398,463,26186,0.428414,0.43,1,1736478,1736015,463
121810581,27.9728,25.428,470,26267,0.413683,0.37,1,1736507,1736037,470
121813501,103.195,29.0856,562,26348,0.522737,0.37,1,1736629,1736067,562
121816421,51.0389,103.417,478,26428,0.544547,0.35,1,1736667,1736189,478
121819341,50.2078,51.0834,490,26508,0.564909,0.41,1,1736717,1736227,490
121822261,77.2416,51.0167,523,26588,0.616982,0.29,1,1736801,1736278,523
121825181,65.8483,79.0033,500,26668,0.675396,0.31,1,1736864,1736364,500
121828101,41.1697,64.6007,474,26747,0.639079,0.45,1,1736899,1736425,474
121831021,25.0339,39.3201,462,26826,0.615816,0.43,1,1736920,1736458,462
121833941,27.4068,23.864,470,26905,0.627163,0.41,1,1736948,1736478,470
121836861,7.08136,27.9728,443,26984,0.629433,0.55,1,1736950,1736507,443
121839781,103.816,103.195,449,27062,0.725887,0.55,1,1737078,1736629,449
121842701,51.1633,51.0389,449,27140,0.809177,0.57,2,1737116,1736667,449
121845621,51.0326,50.2078,450,27218,0.793835,0.63,2,1737167,1736717,450
121848541,80.6065,77.2416,454,27296,0.822767,0.69,2,1737255,1736801,454
121851461,66.5213,65.8483,454,27374,0.844553,0.63,2,1737318,1736864,454
121854381,40.5043,41.1697,453,27451,0.848911,0.61,2,1737352,1736899,453
121857301,24.9009,25.0339,453,27528,0.881782,0.63,2,1737373,1736920,453
121860221,27.3802,27.4068,453,27605,0.856356,0.63,2,1737401,1736948,453
121863141,7.07603,7.08136,453,27682,0.851271,0.75,2,1737403,1736950,453
121982861,25,26,492,30659,0.77,1,2,1739539,1739047,492
121985781,67.4,74.8,483,30728,0.594,1,1,1739617,1739134,483
121988701,79.88,85.36,478,30797,0.2868,1,1,1739700,1739222,478
121991621,60.776,45.072,499,30866,0.09736,1,1,1739756,1739257,499
121994541,28.9552,29.0144,495,30935,0.043472,1,1,1739777,1739282,495
121997461,21.791,20.2029,497,31003,0.0166944,1,1,1739797,1739300,497
122000381,23.5582,20.8406,500,31071,0.0273389,0.98,1,1739821,1739321,500
122003301,82.3116,105.768,470,31139,0.00546778,0.95,1,1739918,1739448,470
122006221,42.0623,47.5536,469,31207,0.0730936,0.87,1,1739950,1739481,469
122009141,30.0125,35.9107,463,31275,0.0706187,0.77,1,1739977,1739514,463
122012061,21.2025,27.1821,457,31343,0.0381237,0.77,1,1739996,1739539,457
122014981,57.8405,5.43643,524,31411,0.0796247,0.55,1,1740063,1739539,524
122017901,66.7681,63.4873,515,31478,0.0399249,0.21,1,1740132,1739617,515
122020821,50.9536,79.0975,479,31545,0.127985,0.05,1,1740179,1739700,479
122023741,26.9907,60.6195,444,31612,0.049597,0.03,1,1740200,1739756,444
122026661,21.3981,28.9239,443,31679,0.0099194,0.01,1,1740220,1739777,443
122029581,21.8796,21.7848,445,31746,0.00998388,0.03,1,1740242,1739797,445
122032501,81.9759,23.557,518,31813,0.0259968,0,1,1740339,1739821,518
122035421,41.9952,82.3114,453,31880,0.0451994,0.09,1,1740371,1739918,453
122038341,29.999,42.0623,448,31946,0.0490399,0.07,1,1740398,1739950,448
122041261,21.1998,30.0125,440,32012,0.033808,0.03,1,1740417,1739977,440
122044181,58.64,21.2025,489,32078,0.0627616,0.09,1,1740485,1739996,489
122047101,66.928,57.8405,491,32144,0.0685523,0.03,1,1740554,1740063,491
122050021,52.5856,66.7681,471,32210,0.0857105,0.15,1,1740603,1740132,471
122052941,26.5171,50.9536,444,32276,0.121142,0.03,1,1740623,1740179,444
122055861,20.5034,26.9907,442,32342,0.0482284,0,1,1740642,1740200,442
122058781,21.7007,21.3981,444,32407,0.0176457,0.01,1,1740664,1740220,444
122061701,81.9401,21.8796,519,32472,0.0275291,0.03,1,1740761,1740242,519
122064621,41.188,81.9759,453,32537,0.0135058,0.05,1,1740792,1740339,453
122067541,31.4376,41.9952,450,32602,0.0267012,0.05,1,1740821,1740371,450
122070461,19.8875,29.999,440,32667,0.0133402,0.03,1,1740838,1740398,440
122073381,59.1775,21.1998,490,32732,0.0906681,0.07,1,1740907,1740417,490
122076301,13.4355,58.64,424,32797,0.106134,0.07,1,1740909,1740485,424
122079221,58.6871,66.928,425,32861,0.205227,0.09,1,1740979,1740554,425
122082141,52.5374,52.5856,427,32925,0.225045,0.13,1,1741030,1740603,427
122085061,27.3075,26.5171,428,32989,0.213009,0.03,1,1741051,1740623,428
122087981,16.6615,20.5034,423,33053,0.210602,0.01,1,1741065,1740642,423
122090901,20.1323,21.7007,422,33117,0.24212,0.03,1,1741086,1740664,422
122093821,82.4265,81.9401,423,33181,0.152424,0.01,1,1741184,1740761,423
122096741,40.4853,41.188,422,33245,0.134485,0.03,1,1741214,1740792,422
122099661,32.0971,31.4376,423,33309,0.066897,0.01,1,1741244,1740821,423
122102581,19.2194,19.8875,422,33372,0.0533794,0.11,1,1741260,1740838,422
122105501,63.0439,59.1775,427,33435,0.0346759,0.11,1,1741334,1740907,427
122108421,14.2088,13.4355,427,33498,0.0309352,0.23,1,1741336,1740909,427
122111341,62.0418,58.6871,431,33561,0.094187,0.23,1,1741410,1740979,431
122114261,53.2083,52.5374,431,33624,0.154837,0.21,1,1741461,1741030,431
122117181,28.2417,27.3075,432,33687,0.166967,0.21,1,1741483,1741051,432
122120101,17.6483,16.6615,433,33750,0.153393,0.25,1,1741498,1741065,433
122123021,17.9297,20.1323,430,33813,0.134679,0.13,1,1741516,1741086,430
122125941,78.7859,82.4265,426,33876,0.178936,0.13,1,1741610,1741184,426
122128861,38.1572,40.4853,424,33938,0.235787,0.05,1,1741638,1741214,424
122131781,31.6314,32.0971,424,34000,0.247157,0.05,1,1741668,1741244,424
122134701,17.5263,19.2194,422,34062,0.217431,0.03,1,1741682,1741260,422
122137621,63.5053,63.0439,423,34124,0.163486,0.03,1,1741757,1741334,423
122140541,14.3011,14.2088,423,34186,0.120697,0.11,1,1741759,1741336,423
122143461,65.2602,62.0418,427,34248,0.208139,0.11,1,1741837,1741410,427
122146381,53.852,12.4084,478,34310,0.225628,0.17,1,1741888,1741410,478
122149301,28.3704,43.2817,449,34372,0.229126,0.17,1,1741910,1741461,449
122152221,16.8741,26.2563,441,34434,0.229825,0.15,1,1741924,1741483,441
122155141,18.5748,17.2513,445,34495,0.245965,0.13,1,1741943,1741498,445
122158061,81.315,17.8503,524,34556,0.233193,0.19,1,1742040,1741516,524
122160981,39.463,78.7701,459,34617,0.214639,0.25,1,1742069,1741610,459
122163901,31.8926,38.154,461,34678,0.210928,0.25,1,1742099,1741638,461
122166821,17.5785,31.6308,445,34739,0.210186,0.21,1,1742113,1741668,445
122169741,60.3157,17.5262,502,34800,0.242037,0.15,1,1742184,1741682,502
122172661,13.6631,63.5052,429,34861,0.248407,0.11,1,1742186,1741757,429
122175581,69.1326,14.301,510,34922,0.233681,0.23,1,1742269,1741759,510
122178501,54.6265,65.2602,483,34983,0.230736,0.23,1,1742320,1741837,483
122181421,28.5253,53.852,454,35043,0.246147,0.23,1,1742342,1741888,454
122184341,16.9051,28.3704,446,35103,0.249229,0.23,1,1742356,1741910,446
122187261,19.381,16.8741,452,35163,0.249846,0.25,1,1742376,1741924,452
122190181,80.6762,18.5748,529,35223,0.313969,0.23,1,1742472,1741943,529
122193101,38.5352,81.315,460,35283,0.342794,0.21,1,1742500,1742040,460
122196021,31.707,39.463,461,35343,0.364559,0.21,1,1742530,1742069,461
122198941,17.5414,31.8926,445,35403,0.400912,0.21,1,1742544,1742099,445
122201861,60.3083,17.5785,502,35463,0.392182,0.25,1,1742615,1742113,502
122204781,13.6617,60.3157,433,35523,0.390436,0.25,1,1742617,1742184,433
122207701,70.7323,13.6631,516,35583,0.422087,0.23,1,1742702,1742186,516
122210621,54.1465,69.1326,483,35642,0.460417,0.23,1,1742752,1742269,483
122213541,12.4293,54.6265,434,35701,0.468084,0.25,1,1742754,1742320,434
122216461,20.0859,28.5253,434,35760,0.485617,0.25,1,1742776,1742342,434
122219381,15.2172,16.9051,434,35819,0.489123,0.25,1,1742790,1742356,434
122222301,19.0434,19.381,434,35878,0.521825,0.33,1,1742810,1742376,434
122225221,83.8087,80.6762,438,35937,0.608365,0.35,1,1742910,1742472,438
122228141,39.9617,38.5352,439,35996,0.641673,0.37,1,1742939,1742500,439
122231061,34.3923,31.707,442,36055,0.632335,0.41,1,1742972,1742530,442
122233981,18.0785,17.5414,442,36114,0.662467,0.39,1,1742986,1742544,442
122236901,59.6157,60.3083,441,36173,0.668493,0.39,1,1743056,1742615,441
122239821,13.5231,13.6617,441,36231,0.669699,0.43,1,1743058,1742617,441
122242741,72.3046,70.7323,443,36289,0.70194,0.47,1,1743145,1742702,443
122245661,56.8609,54.1465,446,36347,0.724388,0.47,1,1743198,1742752,446
122248581,12.9722,12.4293,446,36405,0.728878,0.49,1,1743200,1742754,446
122251501,20.1944,20.0859,446,36463,0.777776,0.49,2,1743222,1742776,446
122254421,15.2389,15.2172,446,36521,0.803555,0.53,2,1743236,1742790,446
122257341,19.0478,19.0434,446,36579,0.776711,0.63,2,1743256,1742810,446
122260261,87.8096,83.8087,451,36637,0.803342,0.65,2,1743361,1742910,451
122263181,41.5619,39.9617,452,36695,0.840668,0.63,2,1743391,1742939,452
122266101,37.1124,34.3923,455,36753,0.832134,0.67,2,1743427,1742972,455
122269021,18.6225,18.0785,455,36810,0.846427,0.67,2,1743441,1742986,455
122447141,137,108,539,17761,0.01,0.88,1,1745973,1745434,539
122450061,85.8,108,504,17881,0.026,0.75,1,1746046,1745542,504
122452981,61.96,73.6,495,18000,0.0292,0.51,1,1746102,1745607,495
122455901,37.192,66.72,461,18118,0.00584,0.43,1,1746133,1745672,461
122458821,37.0384,46.944,456,18235,0.025168,0.21,1,1746170,1745714,456
122461741,85.0077,106.989,431,18351,0.0130336,0.01,1,1746267,1745836,431
122464661,120.202,130.998,423,18467,0.0266067,0.03,1,1746396,1745973,423
122467581,82.4403,84.5996,423,18582,0.0293213,0.03,1,1746469,1746046,423
122470501,61.2881,61.7199,423,18696,0.00586427,0,1,1746525,1746102,423
122473421,37.8576,37.144,424,18810,0.0251729,0.03,1,1746557,1746133,424
122476341,36.3715,37.0288,423,18923,0.0290346,0.01,1,1746593,1746170,423
122479261,85.6743,85.0058,424,19035,0.0618069,0.03,1,1746691,1746267,424
122482181,118.735,120.201,422,19146,0.0523614,0.03,1,1746818,1746396,422
122485101,83.747,82.4402,424,19257,0.0344723,0,1,1746893,1746469,424
122488021,59.9494,61.288,422,19367,0.0148945,0.03,1,1746947,1746525,422
122490941,38.3899,37.8576,423,19477,0.0749789,0.03,1,1746980,1746557,423
122493861,35.678,36.3715,422,19586,0.0869958,0.03,1,1747015,1746593,422
122496781,85.5356,7.2743,520,19694,0.105399,0.07,1,1747113,1746593,520
122499701,117.907,79.8549,548,19802,0.15708,0.05,1,1747239,1746691,548
122502621,83.5814,117.571,496,19909,0.151416,0.03,1,1747314,1746818,496
122505541,59.9163,83.5142,475,20016,0.134283,0.01,1,1747368,1746893,475
122508461,40.7833,59.9028,457,20122,0.130857,0.09,1,1747404,1746947,457
122511381,33.7567,38.3806,456,20227,0.114171,0.09,1,1747436,1746980,456
122514301,89.1513,35.6761,524,20332,0.126834,0.11,1,1747539,1747015,524
122517221,119.43,85.5352,553,20436,0.193367,0.17,1,1747666,1747113,553
122520141,83.0861,117.907,501,20540,0.254673,0.15,1,1747740,1747239,501
122523061,60.6172,83.5814,481,20643,0.250935,0.13,1,1747795,1747314,481
122525981,39.3234,59.9163,461,20746,0.250187,0.13,1,1747829,1747368,461
122528901,34.2647,40.7833,458,20848,0.266037,0.11,1,1747862,1747404,458
122531821,90.0529,33.7567,530,20950,0.301207,0.13,1,1747966,1747436,530
122534741,122.811,89.1513,558,21051,0.260241,0.21,1,1748097,1747539,558
122537661,26.1621,119.43,433,21152,0.252048,0.27,1,1748099,1747666,433
122540581,66.0324,83.0861,435,21252,0.31441,0.25,1,1748175,1747740,435
122543501,56.4065,60.6172,434,21352,0.342882,0.25,1,1748229,1747795,434
122546421,38.4813,39.3234,434,21451,0.348576,0.27,1,1748263,1747829,434
122549341,34.8963,34.2647,435,21550,0.365715,0.31,1,1748297,1747862,435
122552261,92.5792,90.0529,438,21648,0.401143,0.25,1,1748404,1747966,438
122555181,120.116,122.811,434,21746,0.456229,0.25,1,1748531,1748097,434
122558101,25.6232,26.1621,434,21844,0.467246,0.33,1,1748533,1748099,434
122561021,67.5246,66.0324,436,21941,0.501449,0.35,1,1748611,1748175,436
122563941,59.1049,56.4065,439,22038,0.55629,0.35,1,1748668,1748229,439
122566861,39.021,38.4813,439,22134,0.631258,0.37,1,1748702,1748263,439
122569781,35.8042,34.8963,440,22230,0.630252,0.41,1,1748737,1748297,440
122572701,92.7608,92.5792,440,22325,0.64605,0.47,1,1748844,1748404,440
122575621,122.552,120.116,443,22420,0.72921,0.47,1,1748974,1748531,443
122578541,26.1104,25.6232,443,22515,0.745842,0.47,1,1748976,1748533,443
122581461,70.8221,5.12463,525,22609,0.765168,0.51,2,1749058,1748533,525
122584381,62.1644,63.4249,507,22703,0.785034,0.57,2,1749118,1748611,507
122587301,40.4329,58.285,485,22796,0.821007,0.65,2,1749153,1748668,485
122590221,36.8866,38.857,487,22889,0.876201,0.63,2,1749189,1748702,487
122593141,92.1773,35.7714,558,22982,0.88724,0.65,2,1749295,1748737,558
122701181,34,23,530,26176,0.87,1,2,1751559,1751029,530
122704101,28.4,38.2,515,26257,0.822,1,2,1751586,1751071,515
122707021,60.08,32.44,552,26338,0.7164,1,1,1751654,1751102,552
122709941,133.616,75.288,618,26418,0.58328,1,1,1751806,1751188,618
122712861,50.7232,126.258,509,26498,0.556656,1,1,1751836,1751327,509
122715781,44.5446,52.4515,518,26578,0.583331,1,1,1751879,1751361,518
122718701,73.7089,48.8903,551,26658,0.588666,0.95,1,1751960,1751409,551
122721621,39.5418,74.5781,501,26737,0.573733,0.95,1,1751991,1751490,501
122724541,31.1084,42.9156,495,26816,0.554747,0.87,1,1752020,1751525,495
122727461,27.8217,35.7831,488,26895,0.582949,0.81,1,1752047,1751559,488
122730381,7.16433,28.7566,463,26974,0.55659,0.69,1,1752049,1751586,463
122733301,52.6329,60.1513,459,27053,0.583318,0.55,1,1752113,1751654,459
122736221,124.127,133.63,449,27131,0.668664,0.55,1,1752255,1751806,449
122739141,49.6253,50.7261,450,27209,0.701733,0.59,1,1752286,1751836,450
122742061,48.3251,44.5452,455,27287,0.772347,0.59,2,1752334,1751879,455
122744981,71.265,73.709,451,27365,0.818469,0.57,2,1752411,1751960,451
122747901,36.653,39.5418,448,27442,0.827694,0.55,2,1752439,1751991,448
122750821,31.3306,31.1084,449,27519,0.829539,0.59,2,1752469,1752020,449
122753741,27.8661,27.8217,449,27596,0.829908,0.55,2,1752496,1752047,449
122756661,7.17322,7.16433,449,27673,0.829982,0.59,2,1752498,1752049,449
122759581,54.2346,52.6329,451,27750,0.877996,0.69,2,1752564,1752113,451
122896821,34,27,500,31133,0.65,1,1,1754969,1754469,500
122899741,118,124.6,490,31201,0.154,1,1,1755108,1754618,490
122902661,55.6,50.52,498,31269,0.0308,1,1,1755148,1754650,498
122905581,40.72,32.504,507,31337,0.01416,1,1,1755185,1754678,507
122908501,28.144,6.5008,532,31405,0.002832,1,1,1755210,1754678,532
122911421,40.8288,30.9002,539,31472,0.0245664,0.99,1,1755254,1754715,539
122914341,36.1658,54.18,514,31539,0.0129133,1,1,1755289,1754775,514
122917261,37.6332,45.236,509,31606,0.0265827,0.96,1,1755327,1754818,509
122920181,31.5266,38.6472,502,31673,0.0133165,0.87,1,1755357,1754855,502
122923101,30.3053,42.9294,488,31740,0.00266331,0.77,1,1755387,1754899,488
122926021,27.6611,37.3859,479,31807,0.0565327,0.65,1,1755414,1754935,479
122928941,97.5322,34.6772,560,31874,0.0993065,0.03,1,1755529,1754969,560
122931861,51.5064,118.135,461,31940,0.0278613,0,1,1755569,1755108,461
122934781,41.5013,55.6271,460,32006,0.0295723,0.01,1,1755608,1755148,460
122937701,27.5003,40.7254,447,32072,0.0779145,0,1,1755632,1755185,447
122940621,40.7001,28.1451,466,32138,0.0395829,0.03,1,1755676,1755210,466
122943541,35.34,40.829,456,32204,0.0479166,0.01,1,1755710,1755254,456
122946461,39.068,36.1658,461,32270,0.0495833,0.03,1,1755750,1755289,461
122949381,31.0136,37.6332,452,32336,0.0819167,0.01,1,1755779,1755327,452
122952301,30.2027,31.5266,452,32401,0.0563833,0,1,1755809,1755357,452
122955221,28.4405,30.3053,450,32466,0.0672767,0.07,1,1755837,1755387,450
122958141,96.0881,27.6611,536,32531,0.0694553,0.11,1,1755950,1755414,536
122961061,51.2176,97.5322,461,32596,0.0378911,0.01,1,1755990,1755529,461
122963981,43.0435,51.5064,462,32661,0.0155782,0.03,1,1756031,1755569,462
122966901,27.8087,41.5013,447,32726,0.0271156,0.09,1,1756055,1755608,447
122969821,7.16174,27.5003,425,32791,0.0294231,0.03,1,1756057,1755632,425
122972741,35.0324,40.7001,423,32856,0.0618846,0.05,1,1756099,1755676,423
122975661,34.2065,35.34,423,32920,0.0363769,0.05,1,1756133,1755710,423
122978581,38.0413,39.068,422,32984,0.0312754,0.09,1,1756172,1755750,422
122981501,34.0083,31.0136,426,33048,0.0782551,0.05,1,1756205,1755779,426
122984421,28.4017,30.2027,423,33112,0.071651,0.07,1,1756232,1755809,423
122987341,28.0803,28.4405,423,33176,0.13433,0.07,1,1756260,1755837,423
122990261,95.2161,96.0881,422,33240,0.162866,0.03,1,1756372,1755950,422
122993181,51.0432,51.2176,422,33304,0.0885732,0.01,1,1756412,1755990,422
122996101,43.0086,43.0435,422,33368,0.0257146,0.03,1,1756453,1756031,422
122999021,28.6017,27.8087,423,33431,0.0611429,0.03,1,1756478,1756055,423
123001941,7.32035,7.16174,423,33494,0.0362286,0.07,1,1756480,1756057,423
123004861,34.2641,35.0324,422,33557,0.0152457,0.03,1,1756521,1756099,422
123007781,34.0528,34.2065,422,33620,0.0270491,0.03,1,1756555,1756133,422
123010701,38.8106,38.0413,423,33683,0.0134098,0.09,1,1756595,1756172,423
123013621,34.9621,34.0083,424,33746,0.074682,0.07,1,1756629,1756205,424
123016541,30.9924,28.4017,427,33809,0.0869364,0.15,1,1756659,1756232,427
123019461,28.5985,28.0803,427,33872,0.0893873,0.17,1,1756687,1756260,427
123022381,96.9197,95.2161,429,33934,0.105877,0.07,1,1756801,1756372,429
123025301,45.7839,51.0432,422,33996,0.125175,0.01,1,1756834,1756412,422
123028221,41.9568,43.0086,422,34058,0.0490351,0.07,1,1756875,1756453,422
123031141,29.1914,28.6017,423,34120,0.049807,0.03,1,1756901,1756478,423
123034061,7.43827,7.32035,423,34182,0.0499614,0.01,1,1756903,1756480,423
123036981,33.4877,34.2641,422,34244,0.0499923,0.01,1,1756943,1756521,422
123039901,33.0975,6.85281,455,34306,0.0499985,0.03,1,1756976,1756521,455
123042821,39.4195,28.5706,462,34368,0.0179997,0.01,1,1757017,1756555,462
123045741,35.8839,37.7141,457,34430,0.0115999,0.09,1,1757052,1756595,457
123048661,31.9768,34.7428,454,34491,0.01032,0.09,1,1757083,1756629,454
123051581,29.5954,30.9486,453,34552,0.042064,0.09,1,1757112,1756659,453
123054501,97.9191,28.5897,540,34613,0.0964128,0.11,1,1757227,1756687,540
123057421,43.5838,96.9179,456,34674,0.139283,0.13,1,1757257,1756801,456
123060341,39.9168,45.7836,462,34735,0.0518565,0.03,1,1757296,1756834,462
123063261,28.7834,41.9567,447,34796,0.0663713,0.05,1,1757322,1756875,447
123066181,7.35667,29.1913,423,34857,0.0692743,0.05,1,1757324,1756901,423
123069101,33.4713,7.43827,461,34918,0.0858549,0.05,1,1757364,1756903,461
123072021,33.0943,33.4877,454,34979,0.041171,0.05,1,1757397,1756943,454
123074941,40.2189,33.0975,463,35039,0.0482342,0.01,1,1757439,1756976,463
123077861,36.0438,39.4195,457,35099,0.0336468,0.01,1,1757474,1757017,457
123080781,31.2088,35.8839,452,35159,0.0307294,0.01,1,1757504,1757052,452
123083701,33.4418,31.9768,455,35219,0.0141459,0.05,1,1757538,1757083,455
123086621,98.6883,29.5954,541,35279,0.0908292,0.11,1,1757653,1757112,541
123089541,45.3377,97.9191,458,35339,0.122166,0.15,1,1757685,1757227,458
123092461,35.4675,43.5838,461,35399,0.160433,0.03,1,1757718,1757257,461
123095381,30.2935,39.9168,451,35459,0.120087,0.07,1,1757747,1757296,451
123098301,7.6587,28.7834,427,35519,0.112017,0.07,1,1757749,1757322,427
123101221,31.9317,7.35667,463,35579,0.110403,0.09,1,1757787,1757324,463
123104141,31.1863,33.4713,454,35638,0.110081,0.03,1,1757818,1757364,454
123107061,40.6373,33.0943,464,35697,0.0940161,0.05,1,1757861,1757397,464
123109981,9.72745,40.2189,424,35756,0.0588032,0.03,1,1757863,1757439,424
123112901,29.1455,36.0438,423,35815,0.0997606,0.03,1,1757897,1757474,423
123115821,29.8291,31.2088,423,35874,0.107952,0.01,1,1757927,1757504,423
123118741,33.1658,33.4418,423,35933,0.0775904,0.11,1,1757961,1757538,423
123121661,101.833,98.6883,427,35992,0.135518,0.13,1,1758080,1757653,427
123124581,47.5666,45.3377,429,36051,0.163104,0.17,1,1758114,1757685,429
123127501,35.1133,35.4675,428,36110,0.184621,0.11,1,1758146,1757718,428
123130421,29.4227,30.2935,427,36169,0.252924,0.11,1,1758174,1757747,427
123133341,7.48453,7.6587,427,36227,0.234585,0.11,1,1758176,1757749,427
123136261,31.8969,31.9317,427,36285,0.230917,0.11,1,1758214,1757787,427
123139181,31.1794,31.1863,427,36343,0.262183,0.09,1,1758245,1757818,427
123142101,38.2359,40.6373,424,36401,0.268437,0.05,1,1758285,1757861,424
123145021,9.24717,9.72745,424,36459,0.301687,0.11,1,1758287,1757863,424
123147941,29.8494,29.1455,425,36517,0.324337,0.11,1,1758322,1757897,425
123150861,29.9699,29.8291,425,36575,0.328867,0.07,1,1758352,1757927,425
123153781,30.794,33.1658,422,36633,0.313774,0.15,1,1758383,1757961,422
123156701,105.359,101.833,427,36691,0.342755,0.17,1,1758507,1758080,427
123159621,50.6718,47.5666,430,36749,0.348551,0.19,1,1758544,1758114,430
123162541,36.5344,35.1133,431,36807,0.39771,0.27,1,1758577,1758146,431
123165461,31.3069,29.4227,433,36864,0.407542,0.23,1,1758607,1758174,433
123168381,7.86137,7.48453,433,36921,0.409508,0.23,1,1758609,1758176,433
123171301,31.9723,31.8969,433,36978,0.409902,0.27,1,1758647,1758214,433
123174221,32.7945,31.1794,435,37035,0.45798,0.27,1,1758680,1758245,435
123177141,38.5589,38.2359,435,37092,0.451596,0.31,1,1758720,1758285,435
123180061,9.31178,9.24717,435,37149,0.482319,0.31,1,1758722,1758287,435
123182981,29.8624,1.84943,470,37206,0.472464,0.33,1,1758757,1758287,470
123185901,29.9725,28.3699,465,37263,0.470493,0.33,1,1758787,1758322,465
123188821,29.9945,29.674,465,37320,0.486099,0.31,1,1758817,1758352,465
123191741,108.399,30.7348,562,37377,0.48922,0.35,1,1758945,1758383,562
123194661,52.8798,105.347,477,37434,0.489844,0.35,1,1758984,1758507,477
123197581,36.176,50.6694,472,37490,0.505969,0.41,1,1759016,1758544,472
123200501,31.2352,36.5339,469,37546,0.509194,0.41,1,1759046,1758577,469
123203421,7.84704,31.3068,441,37602,0.509839,0.41,1,1759048,1758607,441
123206341,31.9694,7.86135,477,37658,0.541968,0.41,1,1759086,1758609,477
123209261,35.9939,31.9723,476,37714,0.564394,0.47,1,1759123,1758647,476
123212181,39.1988,32.7945,483,37770,0.632879,0.45,1,1759163,1758680,483
123215101,9.43975,38.5589,445,37826,0.646576,0.49,1,1759165,1758720,445
123218021,30.688,9.31178,479,37882,0.665315,0.47,1,1759201,1758722,479
123220941,30.1376,29.8624,474,37938,0.669063,0.47,1,1759231,1758757,474
123223861,30.8275,29.9725,475,37994,0.717813,0.49,1,1759262,1758787,475
123226781,109.366,29.9945,574,38050,0.679563,0.49,1,1759391,1758817,574
123229701,53.0731,108.399,485,38106,0.719912,0.49,1,1759430,1758945,485
123232621,36.2146,52.8798,478,38161,0.743982,0.51,1,1759462,1758984,478
123235541,31.2429,36.176,476,38216,0.748796,0.51,1,1759492,1759016,476
123238461,7.84858,31.2352,448,38271,0.749759,0.51,1,1759494,1759046,448
123241381,33.5697,7.84704,486,38326,0.765952,0.55,2,1759534,1759048,486
123244301,37.9139,31.9694,487,38381,0.78519,0.57,2,1759573,1759086,487
123247221,41.9828,35.9939,493,38436,0.789038,0.65,2,1759616,1759123,493
123250141,9.99656,39.1988,455,38491,0.789808,0.65,2,1759618,1759163,455
123253061,31.5993,9.43975,490,38546,0.789962,0.67,2,1759655,1759165,490
123255981,31.1199,30.688,485,38601,0.805992,0.67,2,1759686,1759201,485
123258901,7.82397,30.1376,457,38656,0.777198,0.73,2,1759688,1759231,457
123261821,27.1648,30.8275,458,38711,0.81944,0.67,2,1759720,1759262,458
123264741,107.033,109.366,456,38766,0.827888,0.73,2,1759847,1759391,456
123267661,55.0066,53.0731,459,38820,0.893578,0.75,2,1759889,1759430,459
123270581,36.6013,36.2146,459,38874,0.874716,0.75,2,1759921,1759462,459
123273501,31.3203,31.2429,459,38928,0.918943,0.75,2,1759951,1759492,459
123276421,7.86405,7.84858,459,38982,0.895789,0.77,2,1759953,1759494,459
123279341,34.3728,33.5697,460,39036,0.907158,0.79,2,1759994,1759534,460
123422421,30,42,494,41605,0.73,1,1,1761784,1761290,494
123425341,33.2,46,481,41656,0.714,1,1,1761818,1761337,481
123428261,35.44,31.6,489,41707,0.6628,1,1,1761854,1761365,489
123431181,27.088,26.32,489,41758,0.62056,1,1,1761879,1761390,489
123434101,23.8176,25.264,487,41809,0.596112,1,1,1761902,1761415,487
123437021,23.1635,31.4528,477,41859,0.559222,1,1,1761925,1761448,477
123439941,43.8327,35.8906,489,41909,0.423844,1,1,1761974,1761485,489
123442861,33.5665,32.7781,488,41959,0.428769,1,1,1762005,1761517,488
123445781,18.7133,29.7556,474,42009,0.429754,0.87,1,1762020,1761546,474
123448701,26.1427,29.1511,473,42059,0.397951,1,1,1762048,1761575,473
123451621,32.4285,33.0302,473,42109,0.42359,1,1,1762082,1761609,473
123454541,26.4857,29.806,469,42159,0.364718,0.81,1,1762107,1761638,469
123457461,65.2971,73.9612,459,42209,0.336944,0.79,1,1762182,1761723,459
123460381,37.0594,39.5922,458,42259,0.315389,0.73,1,1762212,1761754,458
123463301,30.6119,31.9184,457,42309,0.263078,0.71,1,1762241,1761784,457
123466221,31.7224,33.5837,455,42359,0.284616,0.65,1,1762273,1761818,455
123469141,31.1445,35.5167,450,42409,0.240923,0.61,1,1762304,1761854,450
123472061,25.4289,27.1033,449,42459,0.264185,0.59,1,1762328,1761879,449
123474981,21.8858,23.8207,447,42509,0.252837,0.55,1,1762349,1761902,447
123477901,21.9772,23.1641,446,42559,0.282567,0.39,1,1762371,1761925,446
123480821,41.1954,43.8328,443,42609,0.320513,0.43,1,1762417,1761974,443
123483741,33.8391,33.5666,444,42659,0.296103,0.43,1,1762449,1762005,444
123486661,16.3678,18.7133,441,42708,0.259221,0.39,1,1762461,1762020,441
123489581,25.6736,26.1427,441,42757,0.331844,0.43,1,1762489,1762048,441
123492501,31.5347,32.4285,440,42806,0.298369,0.35,1,1762522,1762082,440
123495421,25.5069,26.4857,439,42855,0.307674,0.33,1,1762546,1762107,439
123498341,61.1014,65.2971,434,42904,0.309535,0.31,1,1762616,1762182,434
123501261,35.4203,37.0594,433,42953,0.325907,0.25,1,1762645,1762212,433
123504181,29.4841,30.6119,432,43002,0.345181,0.25,1,1762673,1762241,432
123507101,32.2968,6.12238,465,43051,0.397036,0.29,1,1762706,1762241,465
123510021,30.4594,26.8245,463,43100,0.375407,0.23,1,1762736,1762273,463
123512941,26.8919,30.1649,458,43149,0.371081,0.27,1,1762762,1762304,458
123515861,20.5784,25.233,453,43198,0.370216,0.25,1,1762781,1762328,453
123518781,24.1157,21.8466,457,43247,0.370043,0.29,1,1762806,1762349,457
123521701,41.6231,21.9693,481,43296,0.386009,0.33,1,1762852,1762371,481
123524621,32.3246,41.1939,465,43345,0.389202,0.29,1,1762882,1762417,465
123527541,16.8649,33.8388,446,43394,0.42184,0.25,1,1762895,1762449,446
123530461,27.373,16.3678,464,43443,0.428368,0.35,1,1762925,1762461,464
123533381,30.2746,25.6736,467,43492,0.413674,0.29,1,1762956,1762489,467
123536301,25.2549,31.5347,458,43541,0.410735,0.31,1,1762980,1762522,458
123539221,61.051,25.5069,504,43589,0.442147,0.31,1,1763050,1762546,504
123542141,37.8102,61.1014,466,43637,0.512429,0.33,1,1763082,1762616,466
123545061,29.162,35.4203,464,43685,0.542486,0.35,1,1763109,1762645,464
123547981,34.6324,29.4841,472,43733,0.548497,0.41,1,1763145,1762673,472
123550901,30.9265,32.2968,469,43781,0.565699,0.37,1,1763175,1762706,469
123553821,27.7853,30.4594,466,43829,0.56914,0.37,1,1763202,1762736,466
123556741,20.7571,26.8919,459,43877,0.585828,0.37,1,1763221,1762762,459
123559661,23.3514,20.5784,464,43925,0.605166,0.37,1,1763245,1762781,464
123562581,42.2703,24.1157,486,43973,0.609033,0.39,1,1763292,1762806,486
123565501,33.2541,41.6231,471,44021,0.593807,0.39,1,1763323,1762852,471
123568421,17.8508,32.3246,455,44069,0.622761,0.43,1,1763337,1762882,455
123571341,27.5702,16.8649,472,44117,0.660552,0.43,1,1763367,1762895,472
123574261,29.514,27.373,472,44165,0.66811,0.41,1,1763397,1762925,472
123577181,25.1028,30.2746,465,44213,0.701622,0.41,1,1763421,1762956,465
123580101,63.4206,25.2549,514,44261,0.724324,0.45,1,1763494,1762980,514
123583021,40.6841,61.051,479,44309,0.712865,0.53,1,1763529,1763050,479
123585941,30.5368,37.8102,475,44357,0.710573,0.55,1,1763557,1763082,475
123588861,34.9074,29.162,484,44405,0.726115,0.55,1,1763593,1763109,484
123591781,31.7815,34.6324,479,44453,0.713223,0.57,1,1763624,1763145,479
123594701,7.95629,30.9265,451,44500,0.710645,0.57,1,1763626,1763175,451
123597621,23.9913,27.7853,452,44547,0.758129,0.59,2,1763654,1763202,452
123600541,19.1983,20.7571,451,44594,0.767626,0.61,2,1763672,1763221,451
123603461,23.8397,23.3514,452,44641,0.785525,0.61,2,1763697,1763245,452
123606381,42.3679,42.2703,452,44688,0.837105,0.59,2,1763744,1763292,452
123609301,34.0736,33.2541,453,44735,0.847421,0.63,2,1763776,1763323,453
123612221,18.8147,17.8508,454,44782,0.833484,0.67,2,1763791,1763337,454
123615141,28.5629,27.5702,455,44829,0.846697,0.67,2,1763822,1763367,455
123618061,30.5126,29.514,456,44876,0.881339,0.71,2,1763853,1763397,456
123620981,26.1025,25.1028,457,44923,0.904268,0.73,2,1763878,1763421,457
123623901,64.4205,63.4206,458,44970,0.908854,0.71,2,1763952,1763494,458
123834141,100,74,522,22093,0.09,0.87,1,1766298,1765776,522
123837061,69.6,86.8,494,22189,0.058,0.53,1,1766360,1765866,494
123839981,71.52,86.16,480,22285,0.0836,0.41,1,1766432,1765952,480
123842901,45.504,70.032,453,22380,0.04072,0.21,1,1766471,1766018,453
123845821,50.7008,64.4064,442,22475,0.032144,0.17,1,1766523,1766081,442
123848741,20.5402,30.4813,433,22569,0.0784288,0.07,1,1766536,1766103,433
123851661,71.308,31.6963,485,22663,0.0396858,0.01,1,1766620,1766135,485
123854581,95.8616,56.7393,524,22757,0.0159372,0.09,1,1766722,1766198,524
123857501,67.9723,91.3478,485,22850,0.0271874,0.05,1,1766783,1766298,485
123860421,73.5945,67.8696,498,22943,0.0454375,0.09,1,1766858,1766360,498
123863341,44.3189,71.1739,463,23035,0.0650875,0.03,1,1766895,1766432,463
123866261,50.4638,45.4348,476,23127,0.101018,0.03,1,1766947,1766471,476
123869181,21.2928,50.687,438,23219,0.108204,0.09,1,1766961,1766523,438
123872101,69.0586,20.5374,506,23310,0.141641,0.03,1,1767042,1766536,506
123875021,96.2117,71.3075,525,23401,0.0523281,0.01,1,1767145,1766620,525
123877941,67.2423,95.8615,483,23492,0.0664656,0.03,1,1767205,1766722,483
123880861,74.2485,67.9723,498,23582,0.0852931,0.05,1,1767281,1766783,498
123883781,45.2497,73.5945,461,23672,0.105059,0.07,1,1767319,1766858,461
123886701,52.2499,44.3189,478,23762,0.109012,0.11,1,1767373,1766895,478
123889621,22.45,50.4638,441,23851,0.109802,0.11,1,1767388,1766947,441
123892541,68.49,21.2928,507,23940,0.10996,0.15,1,1767468,1766961,507
123895461,15.298,69.0586,428,24029,0.109992,0.03,1,1767470,1767042,428
123898381,81.4596,96.2117,423,24117,0.125998,0.07,1,1767568,1767145,423
123901301,65.8919,67.2423,425,24205,0.2092,0.09,1,1767630,1767205,425
123904221,75.5784,74.2485,427,24293,0.25784,0.11,1,1767708,1767281,427
123907141,45.5157,45.2497,427,24380,0.235568,0.11,1,1767746,1767319,427
123910061,52.3031,52.2499,427,24467,0.263114,0.11,1,1767800,1767373,427
123912981,24.0606,22.45,429,24554,0.284623,0.11,1,1767817,1767388,429
123915901,67.2121,68.49,427,24640,0.336925,0.11,1,1767895,1767468,427
123918821,15.0424,15.298,427,24726,0.315385,0.13,1,1767897,1767470,427
123921741,80.6085,81.4596,426,24812,0.359077,0.23,1,1767994,1767568,426
123924661,70.5217,65.8919,432,24897,0.367815,0.27,1,1768062,1767630,432
123927581,77.3043,75.5784,433,24982,0.433563,0.23,1,1768141,1767708,433
123930501,45.8609,45.5157,433,25067,0.446713,0.27,1,1768179,1767746,433
123933421,53.9722,52.3031,435,25152,0.481342,0.29,1,1768235,1767800,435
123936341,25.1944,24.0606,436,25236,0.520268,0.35,1,1768253,1767817,436
123939261,68.2389,67.2121,437,25320,0.528054,0.31,1,1768332,1767895,437
123942181,15.2478,15.0424,437,25404,0.497611,0.37,1,1768334,1767897,437
123945101,81.4496,80.6085,438,25487,0.539522,0.37,1,1768432,1767994,438
123948021,71.4899,16.1217,507,25570,0.563904,0.37,1,1768501,1767994,507
123950941,80.698,57.6243,522,25653,0.584781,0.45,1,1768584,1768062,522
123953861,46.5396,74.7249,481,25736,0.620956,0.45,1,1768622,1768141,481
123956781,55.7079,45.345,501,25818,0.628191,0.49,1,1768680,1768179,501
123959701,25.5416,53.869,463,25900,0.629638,0.53,1,1768698,1768235,463
123962621,68.3083,25.1738,524,25982,0.661928,0.53,1,1768777,1768253,524
123965541,15.2617,68.2348,447,26064,0.668386,0.49,1,1768779,1768332,447
123968461,83.8523,15.247,546,26145,0.717677,0.55,1,1768880,1768334,546
123971381,72.7705,81.4494,518,26226,0.727535,0.57,1,1768950,1768432,518
123974301,82.5541,71.4899,534,26307,0.745507,0.59,1,1769035,1768501,534
123977221,47.7108,80.698,490,26388,0.797101,0.63,2,1769074,1768584,490
123980141,55.9422,46.5396,510,26468,0.83942,0.63,2,1769132,1768622,510
123983061,26.3884,55.7079,471,26548,0.863884,0.63,2,1769151,1768680,471
123985981,69.2777,25.5416,533,26628,0.900777,0.67,2,1769231,1768698,533
123988901,15.4555,68.3083,456,26708,0.908155,0.67,2,1769233,1768777,456
123991821,86.2911,15.2617,558,26787,0.893631,0.73,2,1769337,1768779,558
123994741,73.2582,83.8523,527,26866,0.890726,0.73,2,1769407,1768880,527
123997661,16.2516,72.7705,459,26945,0.890145,0.75,2,1769409,1768950,459
124096941,81,19,570,29499,0.75,1,2,1771232,1770662,570
124099861,66.6,81.4,536,29571,0.766,1,2,1771295,1770759,536
124102781,34.92,62.68,505,29643,0.7372,0.99,1,1771322,1770817,505
124105701,54.184,33.336,538,29714,0.69944,1,1,1771381,1770843,538
124108621,55.6368,65.0672,521,29785,0.643888,1,1,1771437,1770916,521
124111541,15.1274,46.6134,484,29856,0.664778,1,1,1771442,1770958,484
124114461,44.6255,55.7227,478,29927,0.716956,1,1,1771494,1771016,478
124117381,28.9251,35.1445,473,29998,0.679391,0.93,1,1771519,1771046,473
124120301,60.185,66.2289,467,30069,0.719878,0.85,1,1771587,1771120,467
124123221,36.837,38.0458,467,30139,0.743976,0.75,1,1771618,1771151,467
124126141,67.3674,72.4092,461,30209,0.780795,0.77,2,1771693,1771232,461
124129061,60.6735,64.8818,457,30279,0.772159,0.73,2,1771752,1771295,457
124131981,32.1347,34.5764,455,30349,0.802432,0.69,2,1771777,1771322,455
124134901,52.8269,54.1153,454,30419,0.840486,0.63,2,1771835,1771381,454
124137821,55.3654,55.6231,454,30489,0.848097,0.67,2,1771891,1771437,454
124140741,14.2731,15.1246,453,30558,0.849619,0.73,2,1771895,1771442,453
124143661,45.2546,44.6249,454,30627,0.865924,0.67,2,1771948,1771494,454
124146581,29.8509,28.925,455,30696,0.869185,0.73,2,1771974,1771519,455
124149501,62.7702,60.185,458,30765,0.917837,0.75,2,1772045,1771587,458
124152421,36.554,36.837,457,30834,0.895567,0.79,2,1772075,1771618,457
124336381,22,28,502,34892,0.81,1,2,1774941,1774439,502
124339301,31.6,27.2,509,34953,0.794,1,2,1774975,1774466,509
124342221,39.92,30.24,520,35013,0.7108,1,1,1775017,1774497,520
124345141,55.984,37.248,541,35073,0.55016,1,1,1775077,1774536,541
124348061,51.1968,66.6496,517,35133,0.598032,1,1,1775127,1774610,517
124350981,49.4394,45.3299,526,35193,0.479606,1,1,1775176,1774650,526
124353901,30.6879,49.866,501,35253,0.407921,1,1,1775202,1774701,501
124356821,58.9376,37.1732,533,35313,0.329584,0.92,1,1775268,1774735,533
124359741,44.5875,60.2346,508,35373,0.265917,0.99,1,1775309,1774801,508
124362661,41.7175,44.0469,509,35433,0.221183,0.95,1,1775350,1774841,509
124365581,36.3435,40.8094,504,35493,0.164237,0.93,1,1775385,1774881,504
124368501,24.0687,38.5619,487,35553,0.120847,0.81,1,1775406,1774919,487
124371421,27.2137,25.3124,493,35612,0.112169,0.79,1,1775434,1774941,493
124374341,35.0427,32.2625,496,35671,0.0944339,0.69,1,1775471,1774975,496
124377261,8.60855,40.0525,456,35730,0.0908868,0.51,1,1775473,1775017,456
124380181,46.5217,56.0105,452,35789,0.122177,0.61,1,1775529,1775077,452
124383101,45.3043,51.2021,447,35848,0.112435,0.45,1,1775574,1775127,447
124386021,43.4609,49.4404,441,35907,0.174487,0.39,1,1775617,1775176,441
124388941,28.6922,30.6881,440,35966,0.170897,0.31,1,1775642,1775202,440
124391861,53.7384,58.9376,434,36025,0.218179,0.25,1,1775702,1775268,434
124394781,43.5477,44.5875,434,36084,0.211636,0.21,1,1775743,1775309,434
124397701,38.3095,41.7175,430,36143,0.290327,0.15,1,1775780,1775350,430
124400621,34.0619,36.3435,428,36201,0.290065,0.11,1,1775813,1775385,428
124403541,22.8124,24.0687,427,36259,0.322013,0.11,1,1775833,1775406,427
124406461,27.7625,27.2137,428,36317,0.312403,0.09,1,1775862,1775434,428
124409381,33.5525,35.0427,426,36375,0.342481,0.09,1,1775897,1775471,426
124412301,8.3105,8.60855,426,36433,0.348496,0.13,1,1775899,1775473,426
124415221,48.0621,46.5217,428,36491,0.365699,0.11,1,1775957,1775529,428
124418141,44.8124,45.3043,427,36549,0.36914,0.19,1,1776001,1775574,427
124421061,46.5625,43.4609,431,36607,0.433828,0.17,1,1776048,1775617,431
124423981,27.7125,28.6922,429,36665,0.430766,0.23,1,1776071,1775642,429
124426901,55.1425,53.7384,431,36723,0.446153,0.21,1,1776133,1775702,431
124429821,45.4285,43.5477,433,36781,0.465231,0.31,1,1776176,1775743,433
124432741,40.2857,38.3095,435,36838,0.517046,0.29,1,1776215,1775780,435
124435661,35.2571,34.0619,436,36895,0.527409,0.33,1,1776249,1775813,436
124438581,24.6514,22.8124,438,36952,0.529482,0.31,1,1776271,1775833,438
124441501,27.3303,27.7625,437,37009,0.497896,0.35,1,1776299,1775862,437
124444421,34.2661,33.5525,438,37066,0.539579,0.35,1,1776335,1775897,438
124447341,8.45321,8.3105,438,37123,0.547916,0.37,1,1776337,1775899,438
124450261,48.0906,48.0621,438,37180,0.597583,0.37,1,1776395,1775957,438
124453181,45.6181,9.61242,483,37237,0.559517,0.37,1,1776440,1775957,483
124456101,48.3236,37.1225,488,37294,0.599903,0.45,1,1776489,1776001,488
124459021,28.8647,45.0245,465,37351,0.623981,0.43,1,1776513,1776048,465
124461941,56.1729,27.4049,505,37408,0.660796,0.45,1,1776576,1776071,505
124464861,44.8346,55.081,485,37464,0.668159,0.47,1,1776618,1776133,485
124467781,42.5669,45.4162,484,37520,0.653632,0.53,1,1776660,1776176,484
124470701,35.7134,40.2832,479,37576,0.666726,0.53,1,1776694,1776215,479
124473621,24.7427,35.2566,467,37632,0.701345,0.53,1,1776716,1776249,467
124476541,27.3485,24.6513,473,37688,0.708269,0.49,1,1776744,1776271,473
124479461,36.6697,27.3303,484,37744,0.725654,0.55,1,1776783,1776299,484
124482381,8.93394,34.2661,450,37800,0.745131,0.55,1,1776785,1776335,450
124485301,48.9868,8.45321,507,37856,0.797026,0.61,2,1776844,1776337,507
124488221,44.9974,48.0906,493,37912,0.823405,0.55,2,1776888,1776395,493
124491141,51.3995,45.6181,501,37968,0.844681,0.61,2,1776941,1776440,501
124494061,30.2799,48.3236,477,38024,0.832936,0.63,2,1776966,1776489,477
124496981,57.256,28.8647,517,38080,0.830587,0.67,2,1777030,1776513,517
124499901,45.0512,56.1729,496,38135,0.846117,0.67,2,1777072,1776576,496
124502821,41.8102,44.8346,495,38190,0.849223,0.65,2,1777113,1776618,495
124505741,37.162,42.5669,489,38245,0.865845,0.67,2,1777149,1776660,489
124508661,25.8324,35.7134,478,38300,0.885169,0.71,2,1777172,1776694,478
124511581,27.5665,24.7427,484,38355,0.889034,0.71,2,1777200,1776716,484
124514501,39.1133,27.3485,498,38410,0.905807,0.73,2,1777242,1776744,498
124517421,9.42266,36.6697,461,38465,0.909161,0.75,2,1777244,1776783,461
124520341,50.6845,8.93394,520,38520,0.861832,0.81,2,1777305,1776785,520
124523261,46.1369,48.9868,506,38575,0.884366,0.83,2,1777350,1776844,506
124526181,10.8274,44.9974,464,38630,0.888873,0.85,2,1777352,1776888,464
124529101,44.5655,51.3995,464,38685,0.921775,0.83,2,1777405,1776941,464
124532021,28.1131,30.2799,463,38740,0.928355,0.83,2,1777429,1776966,463
124654661,62,46,525,40967,0.79,1,2,1778999,1778474,525
124657581,30.8,43.6,505,41019,0.694,1,1,1779022,1778517,505
124660501,30.16,42.32,493,41070,0.7068,1,1,1779052,1778559,493
124663421,42.832,27.664,515,41121,0.64536,1,1,1779098,1778583,515
124666341,34.1664,34.3328,511,41172,0.585072,0.98,1,1779130,1778619,511
124669261,34.0333,33.2666,512,41223,0.605014,1,1,1779164,1778652,512
124672181,29.2067,23.4533,519,41274,0.561003,1,1,1779192,1778673,519
124675101,49.8413,41.4907,528,41325,0.472201,0.93,1,1779247,1778719,528
124678021,26.7683,49.8981,497,41376,0.51844,1,1,1779268,1778771,497
124680941,33.3537,34.7796,501,41427,0.447688,1,1,1779303,1778802,501
124683861,26.6707,30.9559,496,41478,0.417538,0.8,1,1779328,1778832,496
124686781,31.7341,26.9912,503,41529,0.507508,0.77,1,1779361,1778858,503
124689701,7.94683,37.3982,465,41580,0.493502,0.79,1,1779363,1778898,465
124692621,35.1894,38.6796,468,41631,0.5067,0.79,1,1779405,1778937,468
124695541,51.0379,57.3359,461,41682,0.52534,0.67,1,1779460,1778999,461
124698461,24.6076,29.8672,456,41733,0.529068,0.71,1,1779478,1779022,456
124701381,28.1215,29.9734,455,41784,0.513814,0.63,1,1779507,1779052,455
124704301,40.0243,42.7947,452,41835,0.542763,0.57,1,1779550,1779098,452
124707221,31.2049,34.1589,449,41885,0.564553,0.61,1,1779579,1779130,449
124710141,30.241,34.0318,445,41935,0.60091,0.55,1,1779609,1779164,445
124713061,29.2482,29.2064,446,41985,0.608182,0.45,1,1779638,1779192,446
124715981,47.4496,49.8413,443,42035,0.625636,0.53,1,1779690,1779247,443
124718901,25.4899,26.7683,442,42085,0.629127,0.43,1,1779710,1779268,442
124721821,35.498,33.3537,445,42135,0.629825,0.41,1,1779748,1779303,445
124724741,27.0996,26.6707,445,42185,0.661965,0.53,1,1779773,1779328,445
124727661,32.6199,31.7341,446,42235,0.700393,0.49,1,1779807,1779361,446
124730581,8.12398,7.94683,446,42285,0.708079,0.51,1,1779809,1779363,446
124733501,36.0248,35.1894,447,42335,0.693616,0.53,1,1779852,1779405,447
124736421,52.005,51.0379,448,42385,0.738723,0.53,1,1779908,1779460,448
124739341,24.801,24.6076,448,42435,0.731745,0.51,1,1779926,1779478,448
124742261,27.3602,28.1215,447,42485,0.762349,0.55,2,1779954,1779507,447
124745181,41.472,40.0243,449,42535,0.76847,0.57,2,1779999,1779550,449
124748101,30.6944,31.2049,448,42585,0.785694,0.61,2,1780027,1779579,448
124751021,32.5389,30.241,451,42635,0.805139,0.61,2,1780060,1779609,451
124753941,28.9078,29.2482,450,42684,0.825028,0.63,2,1780088,1779638,450
124756861,49.7816,47.4496,453,42733,0.861006,0.63,2,1780143,1779690,453
124759781,25.9563,25.4899,453,42782,0.868201,0.63,2,1780163,1779710,453
124762701,35.5913,35.498,453,42831,0.88564,0.67,2,1780201,1779748,453
124765621,27.1183,27.0996,453,42880,0.873128,0.71,2,1780226,1779773,453
124768541,34.2237,32.6199,455,42929,0.886626,0.71,2,1780262,1779807,455
124771461,8.44473,8.12398,455,42978,0.921325,0.69,2,1780264,1779809,455
124774381,35.2889,36.0248,454,43027,0.944265,0.69,2,1780306,1779852,454
124777301,54.2578,7.20496,513,43076,0.948853,0.75,2,1780365,1779852,513
124961261,23,34,515,46059,0.61,1,1,1782413,1781898,515
124964181,26.2,30.8,512,46105,0.514,1,1,1782440,1781928,512
124967101,34.84,36.56,511,46151,0.4308,1,1,1782477,1781966,511
124970021,42.168,34.512,521,46197,0.35016,1,1,1782521,1782000,521
124972941,30.0336,36.5024,511,46243,0.254032,1,1,1782548,1782037,511
124975861,30.0067,37.7005,503,46289,0.234806,1,1,1782578,1782075,503
124978781,40.4013,33.1401,514,46335,0.0709613,1,1,1782621,1782107,514
124981701,28.8803,33.828,506,46381,0.0381923,0.99,1,1782647,1782141,506
124984621,23.3761,29.1656,500,46426,0.0476384,1,1,1782669,1782169,500
124987541,31.8752,28.2331,506,46471,0.0175277,1,1,1782703,1782197,506
124990461,34.375,34.4466,505,46516,0.0435055,0.9,1,1782738,1782233,505
124993381,31.675,34.0893,502,46561,0.0647011,0.92,1,1782769,1782267,502
124996301,29.535,32.4179,499,46606,0.0369402,0.95,1,1782798,1782299,499
124999221,27.507,30.4836,496,46651,0.079388,0.8,1,1782825,1782329,496
125002141,21.5014,33.2967,482,46696,0.0718776,0.81,1,1782845,1782363,482
125005061,17.9003,28.2593,472,46741,0.102376,0.61,1,1782862,1782390,472
125007981,22.7801,24.0519,473,46786,0.0764751,0.49,1,1782886,1782413,473
125010901,30.956,26.4104,479,46831,0.103295,0.41,1,1782919,1782440,479
125013821,35.7912,34.8821,479,46876,0.124659,0.33,1,1782956,1782477,479
125016741,27.1582,42.1764,460,46921,0.144932,0.23,1,1782981,1782521,460
125019661,24.6316,30.0353,457,46966,0.180986,0.23,1,1783005,1782548,457
125022581,37.7263,30.0071,468,47011,0.172197,0.03,1,1783046,1782578,468
125025501,25.1453,40.4014,447,47056,0.186439,0.03,1,1783068,1782621,447
125028421,24.2291,28.8803,445,47101,0.125288,0.05,1,1783092,1782647,445
125031341,31.2458,23.3761,456,47146,0.129058,0.01,1,1783125,1782669,456
125034261,33.4492,31.8752,456,47191,0.0498115,0.05,1,1783159,1782703,456
125037181,33.0898,34.375,454,47236,0.0499623,0.07,1,1783192,1782738,454
125040101,29.818,31.675,452,47281,0.0659925,0.03,1,1783221,1782769,452
125043021,29.9636,29.535,453,47326,0.0691985,0.09,1,1783251,1782798,453
125045941,20.3927,27.507,444,47371,0.0698397,0.07,1,1783269,1782825,444
125048861,5.67854,21.5014,426,47415,0.0699679,0.11,1,1783271,1782845,426
125051781,15.5357,17.9003,427,47459,0.101994,0.07,1,1783289,1782862,427
125054701,20.7071,22.7801,425,47503,0.0923987,0.11,1,1783311,1782886,425
125057621,35.3414,30.956,431,47547,0.12248,0.13,1,1783350,1782919,431
125060541,34.2683,35.7912,428,47591,0.096496,0.15,1,1783384,1782956,428
125063461,29.2537,27.1582,431,47635,0.0912992,0.19,1,1783412,1782981,431
125066381,23.4507,24.6316,429,47679,0.12226,0.17,1,1783434,1783005,429
125069301,38.2901,37.7263,430,47723,0.128452,0.19,1,1783476,1783046,430
125072221,24.458,25.1453,429,47767,0.11369,0.11,1,1783497,1783068,429
125075141,22.4916,24.2291,427,47811,0.126738,0.13,1,1783519,1783092,427
125078061,29.2983,31.2458,425,47855,0.145348,0.03,1,1783550,1783125,425
125080981,31.4597,33.4492,423,47899,0.18107,0.05,1,1783582,1783159,423
125083901,33.4919,33.0898,424,47943,0.188214,0.07,1,1783616,1783192,424
125086821,30.6984,29.818,425,47987,0.125643,0.07,1,1783646,1783221,425
125089741,30.1397,29.9636,425,48031,0.129129,0.07,1,1783676,1783251,425
125092661,20.4279,20.3927,425,48075,0.0978257,0.07,1,1783694,1783269,425
125095581,5.68559,5.67854,425,48119,0.0915651,0.11,1,1783696,1783271,425
125098501,15.5371,15.5357,425,48163,0.138313,0.09,1,1783714,1783289,425
125101421,22.3074,20.7071,427,48207,0.179663,0.13,1,1783738,1783311,427
125104341,34.8615,35.3414,426,48251,0.203933,0.09,1,1783776,1783350,426
125107261,34.1723,34.2683,426,48295,0.208787,0.09,1,1783810,1783384,426
125110181,29.2345,29.2537,426,48339,0.225757,0.13,1,1783838,1783412,426
125113101,23.4469,23.4507,426,48383,0.245151,0.13,1,1783860,1783434,426
125116021,38.2894,38.2901,426,48427,0.26503,0.11,1,1783902,1783476,426
125118941,25.2579,24.458,427,48471,0.269006,0.13,1,1783924,1783497,427
125121861,23.4516,22.4916,428,48514,0.253801,0.15,1,1783947,1783519,428
125124781,30.2903,29.2983,429,48557,0.33076,0.19,1,1783979,1783550,429
125127701,32.4581,31.4597,430,48600,0.330152,0.19,1,1784012,1783582,430
125130621,32.8916,33.4919,429,48643,0.34603,0.11,1,1784045,1783616,429
125133541,27.3783,30.6984,425,48686,0.333206,0.13,1,1784071,1783646,425
125136461,30.2757,30.1397,426,48729,0.346641,0.09,1,1784102,1783676,426
125139381,20.4551,20.4279,426,48772,0.365328,0.09,1,1784120,1783694,426
125142301,5.69103,5.68559,426,48815,0.369066,0.15,1,1784122,1783696,426
125145221,16.3382,15.5371,427,48858,0.369813,0.15,1,1784141,1783714,427
125148141,23.2676,3.10742,452,48901,0.385963,0.19,1,1784166,1783714,452
125151061,35.8535,19.8215,467,48944,0.421193,0.21,1,1784205,1783738,467
125153981,34.3707,34.3643,463,48987,0.444239,0.21,1,1784239,1783776,463
125156901,30.0741,34.0729,458,49030,0.432848,0.23,1,1784268,1783810,458
125159821,25.2148,29.2146,454,49073,0.46257,0.25,1,1784292,1783838,454
125162741,38.643,23.4429,474,49116,0.500514,0.27,1,1784334,1783860,474
125165661,25.3286,38.2886,454,49159,0.508103,0.27,1,1784356,1783902,454
125168581,25.8657,25.2577,458,49202,0.509621,0.25,1,1784382,1783924,458
125171501,31.5731,23.4515,468,49245,0.493924,0.35,1,1784415,1783947,468
125174421,33.5146,30.2903,470,49288,0.506785,0.33,1,1784449,1783979,470
125177341,32.3029,32.4581,469,49331,0.509357,0.35,1,1784481,1784012,469
125180261,28.0606,32.8916,463,49374,0.509871,0.33,1,1784508,1784045,463
125183181,29.6121,27.3783,467,49417,0.525974,0.35,1,1784538,1784071,467
125186101,21.9224,30.2757,456,49460,0.561195,0.37,1,1784558,1784102,456
125189021,5.98448,20.4551,440,49503,0.568239,0.37,1,1784560,1784120,440
125191941,17.1969,5.69103,458,49546,0.569648,0.37,1,1784580,1784122,458
125194861,24.2394,16.3382,465,49589,0.56993,0.39,1,1784606,1784141,465
125197781,38.4479,23.2676,482,49631,0.537986,0.43,1,1784648,1784166,482
125200701,34.8896,35.8535,477,49673,0.611597,0.45,1,1784682,1784205,477
125203621,30.9779,34.3707,473,49715,0.642319,0.43,1,1784712,1784239,473
125206541,26.9956,30.0741,470,49757,0.664464,0.47,1,1784738,1784268,470
125209461,38.9991,25.2148,488,49799,0.700893,0.51,1,1784780,1784292,488
125212381,25.3998,38.643,468,49841,0.724179,0.51,1,1784802,1784334,468
125215301,25.88,25.3286,472,49883,0.728836,0.51,1,1784828,1784356,472
125218221,30.776,25.8657,478,49925,0.729767,0.49,1,1784860,1784382,478
125221141,34.1552,31.5731,480,49967,0.761953,0.51,2,1784895,1784415,480
125224061,32.431,33.5146,478,50009,0.768391,0.51,2,1784927,1784449,478
125226981,28.0862,32.3029,473,50051,0.753678,0.51,2,1784954,1784481,473
125229901,30.4172,28.0606,477,50093,0.766736,0.53,2,1784985,1784508,477
125232821,23.6834,29.6121,469,50135,0.785347,0.57,2,1785007,1784538,469
125235741,6.33669,21.9224,451,50177,0.789069,0.57,2,1785009,1784558,451
125238661,17.2673,5.98448,469,50219,0.789814,0.57,2,1785029,1784560,469
125241581,24.2535,17.1969,475,50261,0.789963,0.57,2,1785055,1784580,475
125244501,39.2507,24.2394,492,50303,0.805993,0.53,2,1785098,1784606,492
125247421,9.45014,38.4479,452,50345,0.809199,0.63,2,1785100,1784648,452
125250341,30.69,34.8896,454,50387,0.82584,0.65,2,1785136,1784682,454
125253261,30.938,30.9779,455,50429,0.829168,0.67,2,1785167,1784712,455
125256181,26.9876,26.9956,455,50471,0.845834,0.71,2,1785193,1784738,455
125259101,41.3975,38.9991,458,50513,0.833167,0.73,2,1785238,1784780,458
125262021,25.8795,25.3998,458,50555,0.830633,0.73,2,1785260,1784802,458
125264941,25.9759,25.88,458,50597,0.862127,0.73,2,1785286,1784828,458
125267861,30.7952,30.776,458,50639,0.836425,0.77,2,1785318,1784860,458
125270781,35.759,34.1552,460,50681,0.879285,0.77,2,1785355,1784895,460
125273701,32.7518,32.431,460,50723,0.887857,0.75,2,1785387,1784927,460
125276621,27.3504,28.0862,459,50765,0.857571,0.77,2,1785413,1784954,459
125279541,31.8701,30.4172,461,50806,0.899514,0.79,2,1785446,1784985,461
125282461,23.974,23.6834,461,50847,0.923903,0.79,2,1785468,1785007,461
125285381,6.3948,6.33669,461,50888,0.928781,0.79,2,1785470,1785009,461
125297061,2,2,462,51052,0.89,0.83,2,1785562,1785100,462
125299981,28.4,29.2,461,51093,0.938,0.83,2,1785597,1785136,461
125492701,34,23,510,53744,0.85,1,2,1787470,1786960,510
125495621,29.2,20.6,518,53783,0.834,1,2,1787498,1786980,518
125498541,14.64,25.72,502,53822,0.8308,0.91,2,1787509,1787007,502
125501461,24.528,35.544,491,53861,0.83016,1,2,1787536,1787045,491
125504381,11.3056,12.7088,492,53900,0.830032,1,2,1787544,1787052,492
125507301,31.8611,28.1418,497,53939,0.766006,1,2,1787581,1787084,497
125510221,31.9722,32.8284,495,53978,0.769201,1,2,1787613,1787118,495
125513141,20.7944,33.7657,479,54017,0.78584,1,2,1787631,1787152,479
125516061,21.7589,22.7531,481,54056,0.805168,0.99,2,1787653,1787172,481
125518981,29.1518,22.9506,489,54095,0.713034,1,1,1787684,1787195,489
125521901,30.6304,38.1901,478,54134,0.742607,0.99,1,1787715,1787237,478
125524821,32.5261,34.038,478,54173,0.780521,1,2,1787748,1787270,478
125527741,21.7052,19.6076,481,54212,0.804104,1,2,1787767,1787286,481
125530661,21.941,24.7215,477,54251,0.776821,1,2,1787789,1787312,477
125533581,33.9882,36.1443,475,54290,0.787364,0.96,2,1787826,1787351,475
125536501,24.3976,25.6289,474,54329,0.789473,0.92,2,1787848,1787374,474
125539421,25.6795,28.3258,471,54368,0.789895,0.89,2,1787874,1787403,471
125542341,29.9359,32.0652,469,54407,0.821979,0.85,2,1787905,1787436,469
125545261,29.9872,33.613,465,54446,0.812396,0.83,2,1787935,1787470,465
125548181,25.9974,29.1226,462,54485,0.826479,0.83,2,1787960,1787498,462
125551101,15.5995,14.6245,464,54524,0.845296,0.83,2,1787973,1787509,464
125554021,23.9199,24.5249,463,54563,0.881059,0.83,2,1787999,1787536,463
125556941,11.184,11.305,463,54602,0.856212,0.75,2,1788007,1787544,463
125559861,31.8368,31.861,463,54641,0.867242,0.77,2,1788044,1787581,463
125562781,31.1674,31.9722,462,54680,0.869448,0.79,2,1788075,1787613,462
125565701,19.8335,20.7944,461,54718,0.86989,0.79,2,1788092,1787631,461
125568621,18.3667,4.15889,479,54756,0.917978,0.81,2,1788110,1787631,479
126038741,51,34,524,32494,0.79,1,2,1794411,1793887,524
126041661,31,35.6,514,32559,0.822,1,2,1794437,1793923,514
126044581,34.2,39.12,509,32624,0.7804,1,2,1794472,1793963,509
126047501,36.44,31.024,517,32689,0.75608,1,2,1794509,1793992,517
126050421,39.288,36.6048,519,32754,0.783216,1,2,1794549,1794030,519
126053341,30.2576,39.321,507,32819,0.772643,1,2,1794577,1794070,507
126056261,31.6515,34.2642,506,32883,0.802529,0.97,2,1794609,1794103,506
126059181,58.3303,88.4528,469,32947,0.728506,0.95,1,1794674,1794205,469
126062101,42.8661,49.6906,468,33011,0.681701,0.8,1,1794713,1794245,468
126065021,68.5732,71.5381,466,33075,0.64034,0.79,1,1794788,1794322,466
126067941,43.3146,44.7076,465,33139,0.648068,0.79,1,1794825,1794360,465
126070861,47.0629,49.7415,462,33203,0.681614,0.83,1,1794873,1794411,462
126073781,27.8126,30.7483,459,33267,0.704323,0.77,1,1794896,1794437,459
126076701,32.7625,34.1497,458,33331,0.660865,0.75,1,1794930,1794472,458
126079621,35.3525,36.4299,457,33394,0.684173,0.79,1,1794966,1794509,457
126082541,39.8705,39.286,458,33457,0.624835,0.77,1,1795007,1794549,458
126085461,29.5741,30.2572,457,33520,0.612967,0.81,1,1795034,1794577,457
126088381,33.1148,31.6514,459,33583,0.626593,0.71,1,1795068,1794609,459
126091301,57.023,58.3303,457,33646,0.645319,0.67,1,1795131,1794674,457
126094221,40.2046,42.8661,454,33709,0.649064,0.63,1,1795167,1794713,454
126097141,68.0409,68.5732,454,33772,0.665813,0.65,1,1795242,1794788,454
126100061,43.2082,43.3146,454,33835,0.701163,0.69,1,1795279,1794825,454
126102981,48.6416,47.0629,456,33897,0.708233,0.71,1,1795329,1794873,456
126105901,26.5283,27.8126,454,33959,0.693646,0.65,1,1795350,1794896,454
126108821,32.5057,32.7625,454,34021,0.706729,0.69,1,1795384,1794930,454
126111741,34.5011,35.3525,453,34083,0.725346,0.61,1,1795419,1794966,453
126114661,37.3002,39.8705,450,34145,0.745069,0.61,1,1795457,1795007,450
126117581,29.86,29.5741,451,34207,0.749014,0.61,1,1795485,1795034,451
126120501,33.172,5.91482,485,34269,0.781803,0.63,2,1795519,1795034,485
126123421,57.0344,28.383,514,34331,0.788361,0.65,2,1795582,1795068,514
126126341,41.8069,56.0766,489,34393,0.789672,0.65,2,1795620,1795131,489
126129261,67.5614,40.0153,527,34454,0.853934,0.67,2,1795694,1795167,527
126132181,44.7123,68.0031,491,34515,0.898787,0.71,2,1795733,1795242,491
126284021,37,34,515,37566,0.79,1,2,1797826,1797311,515
126286941,33.8,38,509,37622,0.758,1,2,1797859,1797350,509
126289861,36.36,31.6,516,37678,0.6716,1,1,1797896,1797380,516
126292781,37.672,41.52,510,37734,0.59032,1,1,1797934,1797424,510
126295701,48.3344,44.304,516,37790,0.526064,1,1,1797985,1797469,516
126298621,30.4669,44.0608,498,37846,0.481213,1,1,1798011,1797513,498
126301541,43.6934,36.0122,511,37902,0.376243,1,1,1798058,1797547,511
126304461,61.5387,38.4024,538,37958,0.339249,0.98,1,1798124,1797586,538
126307381,33.9077,58.0805,502,38014,0.29985,0.94,1,1798151,1797649,502
126310301,33.1815,35.6161,505,38070,0.30797,0.93,1,1798184,1797679,505
126313221,29.8363,35.9232,498,38125,0.245594,0.76,1,1798213,1797715,498
126316141,33.9673,38.3846,494,38180,0.265119,0.89,1,1798248,1797754,494
126319061,35.5935,35.6769,495,38235,0.237024,0.79,1,1798284,1797789,495
126321981,27.9187,36.7354,484,38290,0.247405,0.75,1,1798310,1797826,484
126324901,35.1837,33.7471,488,38345,0.169481,0.65,1,1798347,1797859,488
126327821,35.0367,36.3494,486,38400,0.153896,0.57,1,1798382,1797896,486
126330741,46.2073,37.6699,497,38455,0.150779,0.51,1,1798431,1797934,497
126333661,24.4415,48.334,465,38510,0.150156,0.47,1,1798450,1797985,465
126336581,42.4883,30.4668,486,38565,0.198031,0.35,1,1798497,1798011,486
126339501,58.8977,43.6934,502,38620,0.223606,0.33,1,1798560,1798058,502
126342421,13.3795,61.5387,438,38675,0.196721,0.29,1,1798562,1798124,438
126345341,22.6759,33.9077,436,38730,0.239344,0.31,1,1798587,1798151,436
126348261,31.7352,33.1815,437,38785,0.231869,0.23,1,1798621,1798184,437
126351181,27.947,29.8363,435,38839,0.246374,0.27,1,1798648,1798213,435
126354101,31.9894,33.9673,433,38893,0.281275,0.23,1,1798681,1798248,433
126357021,34.3979,35.5935,432,38947,0.272255,0.25,1,1798716,1798284,432
126359941,26.8796,27.9187,431,39001,0.302451,0.15,1,1798741,1798310,431
126362861,33.3759,35.1837,429,39055,0.29249,0.15,1,1798776,1798347,429
126365781,36.2752,35.0367,431,39109,0.322498,0.15,1,1798813,1798382,431
126368701,44.055,46.2073,428,39163,0.3765,0.15,1,1798859,1798431,428
126371621,24.011,24.4415,428,39217,0.4033,0.21,1,1798878,1798450,428
126374541,44.0022,42.4883,430,39271,0.37666,0.23,1,1798927,1798497,430
126377461,60.0004,58.8977,431,39325,0.339332,0.19,1,1798991,1798560,431
126380381,13.6001,13.3795,431,39379,0.363866,0.25,1,1798993,1798562,431
126383301,23.52,22.6759,432,39433,0.352773,0.23,1,1799019,1798587,432
126386221,32.704,31.7352,433,39487,0.398555,0.25,1,1799054,1798621,433
126389141,28.9408,27.947,434,39540,0.375711,0.29,1,1799082,1798648,434
126392061,30.5882,31.9894,432,39593,0.355142,0.27,1,1799113,1798681,432
126394981,37.3176,34.3979,436,39646,0.367028,0.31,1,1799152,1798716,436
126397901,26.6635,26.8796,435,39699,0.433406,0.29,1,1799176,1798741,435
126400821,34.9327,33.3759,437,39752,0.462681,0.33,1,1799213,1798776,437
126403741,38.1865,36.2752,439,39805,0.484536,0.39,1,1799252,1798813,439
126406661,46.0373,44.055,441,39858,0.488907,0.41,1,1799300,1798859,441
126409581,23.6075,24.011,440,39911,0.489781,0.37,1,1799318,1798878,440
126412501,43.9215,44.0022,440,39964,0.457956,0.33,1,1799367,1798927,440
126415421,58.3843,60.0004,438,40017,0.467591,0.37,1,1799429,1798991,438
126418341,13.2769,13.6001,438,40070,0.469518,0.37,1,1799431,1798993,438
126421261,23.4554,2.72002,464,40123,0.485904,0.35,1,1799457,1798993,464
126424181,33.4911,21.344,474,40176,0.521181,0.41,1,1799493,1799019,474
126427101,29.0982,32.2688,467,40229,0.528236,0.37,1,1799521,1799054,467
126430021,29.8196,28.8538,469,40281,0.545647,0.35,1,1799551,1799082,469
126432941,38.7639,30.5708,479,40333,0.565129,0.37,1,1799592,1799113,479
126435861,27.7528,37.3142,465,40385,0.585026,0.45,1,1799617,1799152,465
126438781,37.5506,26.6628,481,40437,0.653005,0.47,1,1799657,1799176,481
126441701,37.9101,34.9326,482,40489,0.682601,0.49,1,1799695,1799213,482
126444621,45.982,38.1865,491,40541,0.70452,0.49,1,1799743,1799252,491
126447541,23.5964,46.0373,461,40593,0.708904,0.49,1,1799761,1799300,461
126450461,43.9193,23.6075,492,40645,0.709781,0.45,1,1799810,1799318,492
126453381,59.1839,43.9215,506,40697,0.741956,0.47,1,1799873,1799367,506
126456301,13.4368,58.3843,446,40749,0.748391,0.47,1,1799875,1799429,446
126459221,24.2874,13.2769,471,40801,0.765678,0.49,2,1799902,1799431,471
126462141,35.2575,23.4554,483,40853,0.785136,0.53,2,1799940,1799457,483
126465061,29.4515,33.4911,475,40905,0.805027,0.53,2,1799968,1799493,475
126467981,30.6903,29.0982,478,40957,0.825005,0.55,2,1799999,1799521,478
126470901,38.1381,29.8196,488,41009,0.829001,0.57,2,1800039,1799551,488
126473821,30.0276,38.7639,475,41060,0.8298,0.59,2,1800067,1799592,475
126476741,41.2055,27.7528,494,41111,0.84596,0.67,2,1800111,1799617,494
126479661,39.4411,37.5506,493,41162,0.849192,0.69,2,1800150,1799657,493
126482581,47.0882,37.9101,504,41213,0.865838,0.71,2,1800199,1799695,504
126485501,24.6176,45.982,475,41264,0.853168,0.71,2,1800218,1799743,475
126488421,43.3235,23.5964,505,41315,0.882634,0.71,2,1800266,1799761,505
126491341,60.6647,43.9193,521,41366,0.920527,0.75,2,1800331,1799810,521
126494261,13.7329,59.1839,460,41417,0.928105,0.75,2,1800333,1799873,460
126704501,35,34,495,44937,0.75,1,2,1802793,1802298,495
126707421,28.6,33.2,489,44984,0.814,1,2,1802820,1802331,489
126710341,22.52,26.64,485,45031,0.8268,0.97,2,1802841,1802356,485
126713261,20.504,20.528,486,45078,0.82936,1,2,1802861,1802375,486
126716181,29.7008,27.3056,489,45125,0.669872,1,1,1802893,1802404,489
126719101,30.7402,31.0611,488,45172,0.685974,1,1,1802924,1802436,488
126722021,25.348,31.0122,481,45219,0.753195,0.99,2,1802948,1802467,481
126724941,15.4696,14.2024,484,45266,0.766639,0.94,2,1802961,1802477,484
126727861,21.4939,22.8405,482,45313,0.753328,1,2,1802984,1802502,482
126730781,30.6988,30.1681,483,45360,0.766666,0.91,2,1803017,1802534,483
126733701,26.1398,34.8336,472,45406,0.769333,0.9,2,1803042,1802570,472
126736621,30.028,30.9667,473,45452,0.785867,1,2,1803073,1802600,473
126739541,42.8056,46.9933,468,45498,0.725173,0.89,1,1803119,1802651,468
126742461,60.5611,64.5987,464,45544,0.793035,0.83,2,1803184,1802720,464
126745381,40.1122,43.3197,461,45590,0.822607,0.75,2,1803219,1802758,461
126748301,32.8224,36.6639,457,45636,0.812521,0.83,2,1803250,1802793,457
126751221,28.1645,28.9328,457,45682,0.874504,0.83,2,1803277,1802820,457
126754141,24.0329,22.5866,459,45728,0.838901,0.83,2,1803300,1802841,459
126757061,21.6066,20.5173,460,45774,0.86378,0.63,2,1803321,1802861,460
126759981,29.1213,29.7035,459,45820,0.900756,0.69,2,1803352,1802893,459
126762901,31.4243,30.7407,460,45866,0.908151,0.77,2,1803384,1802924,460
126765821,23.8849,25.3481,458,45912,0.90963,0.77,2,1803406,1802948,458
126768741,17.577,5.06963,474,45958,0.909926,0.77,2,1803422,1802948,474
126771661,19.5154,11.4139,481,46004,0.909985,0.75,2,1803442,1802961,481
126774581,31.1031,20.6828,492,46050,0.909997,0.77,2,1803476,1802984,492
126777501,26.2206,30.5366,484,46096,0.909999,0.77,2,1803501,1803017,484
126780421,27.6441,26.1073,487,46142,0.91,0.79,2,1803529,1803042,487
126783341,43.9288,30.0215,504,46188,0.926,0.71,2,1803577,1803073,504
127005261,76,39,499,22724,0.07,0.43,1,1806065,1805566,499
127008181,83.2,82.2,491,22817,0.038,0.31,1,1806150,1805659,491
127011101,43.84,69.24,459,22910,0.0796,0.11,1,1806184,1805725,459
127014021,64.768,68.248,461,23003,0.02392,0,1,1806254,1805793,461
127016941,24.1536,55.2496,423,23095,0.028784,0.03,1,1806268,1805845,423
127019861,22.4307,20.6499,433,23187,0.0617568,0.11,1,1806290,1805857,433
127022781,71.6861,61.73,445,23278,0.0683514,0.11,1,1806374,1805929,445
127025701,106.337,60.346,500,23369,0.11767,0.07,1,1806489,1805989,500
127028621,90.0674,72.8692,510,23460,0.223534,0.03,1,1806575,1806065,510
127031541,44.4135,82.5738,458,23550,0.212707,0.09,1,1806608,1806150,458
127034461,63.2827,43.7148,492,23640,0.242541,0.01,1,1806676,1806184,492
127037381,23.0565,64.743,435,23730,0.280508,0.03,1,1806689,1806254,435
127040301,24.6113,24.1486,446,23819,0.272102,0.07,1,1806714,1806268,446
127043221,72.1223,22.4297,508,23908,0.27042,0.07,1,1806798,1806290,508
127046141,16.0245,71.6859,426,23997,0.270084,0.13,1,1806800,1806374,426
127049061,96.8049,106.337,428,24085,0.302017,0.25,1,1806917,1806489,428
127051981,91.361,90.0674,432,24173,0.340403,0.21,1,1807007,1806575,432
127054901,46.2722,44.4135,434,24261,0.380081,0.25,1,1807042,1806608,434
127057821,63.6544,63.2827,434,24348,0.452016,0.29,1,1807110,1806676,434
127060741,23.1309,23.0565,434,24435,0.450403,0.27,1,1807123,1806689,434
127063661,25.4262,24.6113,435,24522,0.482081,0.27,1,1807149,1806714,435
127066581,72.2852,72.1223,435,24608,0.472416,0.27,1,1807233,1806798,435
127069501,16.057,16.0245,435,24694,0.470483,0.31,1,1807235,1806800,435
127072421,98.4114,96.8049,437,24780,0.550097,0.35,1,1807354,1806917,437
127075341,93.2823,91.361,439,24866,0.646019,0.39,1,1807446,1807007,439
127078261,48.2565,46.2722,441,24951,0.713204,0.47,1,1807483,1807042,441
127081181,65.6513,63.6544,443,25036,0.742641,0.45,1,1807553,1807110,443
127084101,24.3303,23.1309,444,25121,0.716528,0.49,1,1807567,1807123,444
127087021,25.6661,25.4262,444,25205,0.743306,0.47,1,1807593,1807149,444
127089941,73.1332,72.2852,445,25289,0.764661,0.47,2,1807678,1807233,445
127092861,16.2266,16.057,445,25373,0.736932,0.57,1,1807680,1807235,445
127095781,102.445,98.4114,450,25457,0.795386,0.57,2,1807804,1807354,450
127098701,97.2891,19.6823,546,25540,0.743077,0.67,1,1807900,1807354,546
127101621,49.8578,77.5365,492,25623,0.732615,0.73,1,1807938,1807446,492
127104541,66.7716,45.1073,526,25706,0.746523,0.75,1,1808009,1807483,526
127107461,24.5543,65.0215,470,25788,0.749305,0.71,1,1808023,1807553,470
127110381,26.5109,24.2043,483,25870,0.733861,0.75,1,1808050,1807567,483
127113301,73.3022,25.6409,542,25952,0.730772,0.77,1,1808135,1807593,542
127116221,16.2604,73.1282,459,26034,0.730154,0.73,1,1808137,1807678,459
127119141,104.052,16.2256,583,26115,0.778031,0.81,2,1808263,1807680,583
127122061,96.0104,102.445,553,26196,0.835606,0.73,2,1808357,1807804,553
127124981,49.6021,97.289,495,26277,0.879121,0.73,2,1808395,1807900,495
127227181,30,99,511,28963,0.43,1,1,1810290,1809779,511
127230101,30,47,507,29036,0.286,1,1,1810320,1809813,507
127233021,36.4,36.6,511,29109,0.1612,1,1,1810358,1809847,511
127235941,28.88,35.32,503,29182,0.15224,1,1,1810385,1809882,503
127238861,27.376,31.064,500,29255,0.054448,1,1,1810412,1809912,500
127241781,67.8752,34.2128,543,29327,0.0348896,1,1,1810490,1809947,543
127244701,41.575,62.0426,509,29399,0.0309779,0.97,1,1810525,1810016,509
127247621,76.315,42.8085,556,29471,0.0461956,0.77,1,1810610,1810054,556
127250541,88.063,90.1617,545,29543,0.0972391,0.41,1,1810701,1810156,545
127253461,35.2126,101.232,463,29615,0.0594478,0.43,1,1810723,1810260,463
127256381,29.4425,44.2465,461,29686,0.0518896,0.25,1,1810751,1810290,461
127259301,30.6885,32.8493,462,29757,0.0983779,0.13,1,1810782,1810320,462
127262221,26.9377,36.9699,450,29828,0.107676,0.15,1,1810808,1810358,450
127265141,6.98754,28.994,425,29899,0.141535,0.03,1,1810810,1810385,425
127268061,20.5975,27.3988,422,29970,0.116307,0.03,1,1810834,1810412,422
127270981,66.5195,67.8798,422,30041,0.0792614,0.03,1,1810912,1810490,422
127273901,41.3039,41.576,422,30111,0.0558523,0.05,1,1810947,1810525,422
127276821,76.2608,76.3152,422,30181,0.11517,0.11,1,1811032,1810610,422
127279741,91.2522,88.063,426,30251,0.0950341,0.05,1,1811127,1810701,426
127282661,34.2504,35.2126,424,30321,0.0910068,0.05,1,1811147,1810723,424
127285581,30.8501,29.4425,426,30391,0.122201,0.11,1,1811177,1810751,426
127288501,31.77,30.6885,427,30461,0.11244,0.11,1,1811209,1810782,427
127291421,27.154,26.9377,427,30530,0.110488,0.15,1,1811235,1810808,427
127294341,7.0308,6.98754,427,30599,0.110098,0.11,1,1811237,1810810,427
127297261,17.4062,20.5975,423,30668,0.15802,0.07,1,1811257,1810834,423
127300181,67.4812,66.5195,425,30737,0.167604,0.05,1,1811337,1810912,425
127303101,39.0962,41.3039,422,30806,0.201521,0.13,1,1811369,1810947,422
127306021,79.0193,76.2608,426,30875,0.176304,0.09,1,1811458,1811032,426
127308941,91.8038,91.2522,426,30944,0.171261,0.09,1,1811553,1811127,426
127311861,34.3608,34.2504,426,31012,0.170252,0.13,1,1811573,1811147,426
127314781,30.8722,30.8501,426,31080,0.13805,0.11,1,1811603,1811177,426
127317701,32.5744,31.77,427,31148,0.13161,0.11,1,1811636,1811209,427
127320621,28.1149,27.154,428,31216,0.146322,0.11,1,1811663,1811235,428
127323541,7.22298,7.0308,428,31284,0.149264,0.11,1,1811665,1811237,428
127326461,18.2446,1.40616,449,31352,0.133853,0.17,1,1811686,1811237,449
127329381,67.6489,16.2812,509,31419,0.0827706,0.17,1,1811766,1811257,509
127332301,37.5298,67.2562,459,31486,0.0885541,0.21,1,1811796,1811337,459
127335221,78.706,39.0512,516,31553,0.121711,0.17,1,1811885,1811369,516
127338141,91.7412,79.0103,522,31620,0.160342,0.17,1,1811980,1811458,522
127341061,34.3482,91.802,447,31687,0.168068,0.17,1,1812000,1811553,447
127343981,31.6696,34.3604,458,31754,0.185614,0.13,1,1812031,1811573,458
127346901,31.9339,30.8721,460,31821,0.237123,0.13,1,1812063,1811603,460
127349821,27.1868,32.5744,453,31887,0.247425,0.15,1,1812089,1811636,453
127352741,7.03736,28.1149,428,31953,0.249485,0.15,1,1812091,1811663,428
127355661,19.0075,7.22298,448,32019,0.249897,0.13,1,1812113,1811665,448
127358581,65.4015,18.2446,504,32085,0.297979,0.07,1,1812190,1811686,504
127361501,37.8803,67.6489,455,32151,0.355596,0.09,1,1812221,1811766,455
127364421,81.1761,37.5298,517,32217,0.367119,0.13,1,1812313,1811796,517
127367341,93.0352,78.706,524,32283,0.417424,0.17,1,1812409,1811885,524
127370261,34.607,91.7412,449,32349,0.427485,0.17,1,1812429,1811980,449
127373181,34.1214,34.3482,463,32414,0.429497,0.19,1,1812463,1812000,463
127376101,33.2243,31.6696,465,32479,0.413899,0.25,1,1812496,1812031,465
127379021,27.4449,31.9339,459,32544,0.42678,0.25,1,1812522,1812063,459
127381941,7.08897,27.1868,435,32609,0.429356,0.25,1,1812524,1812089,435
127384861,19.8178,7.03736,456,32674,0.445871,0.25,1,1812547,1812091,456
127387781,67.9636,19.0075,514,32739,0.465174,0.31,1,1812627,1812113,514
127390701,15.1927,65.4015,439,32804,0.501035,0.37,1,1812629,1812190,439
127393621,28.6385,37.8803,440,32868,0.524207,0.37,1,1812661,1812221,440
127396541,80.9277,81.1761,442,32932,0.544841,0.43,1,1812755,1812313,442
127399461,93.7855,93.0352,443,32996,0.628968,0.43,1,1812852,1812409,443
127402381,34.7571,34.607,443,33060,0.613794,0.43,1,1812872,1812429,443
127405301,34.1514,34.1214,443,33124,0.626759,0.41,1,1812906,1812463,443
127408221,33.2303,33.2243,443,33188,0.661352,0.43,1,1812939,1812496,443
127411141,27.4461,27.4449,443,33252,0.70027,0.43,1,1812965,1812522,443
127414061,7.08921,7.08897,443,33316,0.708054,0.45,1,1812967,1812524,443
127416981,20.6178,19.8178,444,33379,0.709611,0.47,1,1812991,1812547,444
127419901,70.5236,67.9636,447,33442,0.725922,0.51,1,1813074,1812627,447
127422821,15.7047,15.1927,447,33505,0.729184,0.53,1,1813076,1812629,447
127425741,29.5409,28.6385,448,33568,0.809837,0.55,2,1813109,1812661,448
127428661,81.9082,80.9277,449,33631,0.825967,0.65,2,1813204,1812755,449
127431581,96.3816,93.7855,452,33694,0.909194,0.61,2,1813304,1812852,452
127434501,35.2763,34.7571,452,33757,0.925839,0.63,2,1813324,1812872,452
127437421,35.0553,34.1514,453,33820,0.881168,0.67,2,1813359,1812906,453
127440341,35.0111,33.2303,455,33883,0.856234,0.71,2,1813394,1812939,455
127443261,29.4022,27.4461,457,33945,0.931247,0.71,2,1813422,1812965,457
127446181,7.48044,7.08921,457,34007,0.914249,0.71,2,1813424,1812967,457
127449101,21.4961,20.6178,458,34069,0.92685,0.73,2,1813449,1812991,458
127452021,71.4992,70.5236,459,34131,0.92937,0.73,2,1813533,1813074,459
127454941,15.8998,15.7047,459,34193,0.929874,0.83,2,1813535,1813076,459
127475381,30,35,494,34624,0.95,0.95,2,1813888,1813394,494
127592181,26,26,490,36987,0.85,1,2,1815482,1814992,490
127595101,77.2,84.4,481,37044,0.706,1,1,1815572,1815091,481
127598021,46.64,37.68,494,37101,0.5492,1,1,1815611,1815117,494
127600941,75.728,79.536,487,37158,0.62984,1,1,1815694,1815207,487
127603861,29.5456,15.9072,505,37215,0.613968,1,1,1815712,1815207,505
127606781,22.7091,26.3814,497,37272,0.610794,1,1,1815733,1815236,497
127609701,36.5418,22.8763,515,37329,0.546159,1,1,1815773,1815258,515
127612621,34.5084,39.7753,505,37386,0.517232,1,1,1815807,1815302,505
127615541,22.1017,34.3551,491,37443,0.511446,1,1,1815826,1815335,491
127618461,11.6203,23.671,479,37499,0.526289,1,1,1815835,1815356,479
127621381,47.9241,11.1342,528,37555,0.497258,0.86,1,1815892,1815364,528
127624301,30.3848,53.4268,490,37611,0.475452,0.91,1,1815918,1815428,490
127627221,26.877,33.0854,488,37667,0.43909,0.85,1,1815944,1815456,488
127630141,69.3754,27.4171,542,37723,0.415818,0.67,1,1816024,1815482,542
127633061,43.4751,77.4834,489,37779,0.379164,0.51,1,1816061,1815572,489
127635981,75.095,46.6967,533,37835,0.387833,0.65,1,1816144,1815611,533
127638901,29.419,75.7393,468,37891,0.421567,0.61,1,1816162,1815694,468
127641821,22.6838,29.5479,471,37947,0.428313,0.61,1,1816183,1815712,471
127644741,34.1368,22.7096,487,38003,0.493663,0.53,1,1816220,1815733,487
127647661,33.2274,36.5419,480,38059,0.458733,0.51,1,1816253,1815773,480
127650581,21.8455,34.5084,465,38115,0.467746,0.51,1,1816272,1815807,465
127653501,9.96909,22.1017,453,38170,0.453549,0.53,1,1816279,1815826,453
127656421,46.7938,11.6203,500,38225,0.48271,0.49,1,1816335,1815835,500
127659341,29.3588,47.9241,468,38280,0.488542,0.47,1,1816360,1815892,468
127662261,25.0718,30.3848,466,38335,0.489708,0.43,1,1816384,1815918,466
127665181,69.0144,26.877,520,38390,0.473942,0.41,1,1816464,1815944,520
127668101,41.0029,69.3754,474,38445,0.486788,0.37,1,1816498,1816024,474
127671021,77.0006,43.4751,523,38500,0.585358,0.39,1,1816584,1816061,523
127673941,31.4001,75.095,460,38555,0.573072,0.43,1,1816604,1816144,460
127676861,21.48,29.419,461,38610,0.618614,0.43,1,1816623,1816162,461
127679781,5.896,22.6838,442,38665,0.627723,0.51,1,1816625,1816183,442
127682701,34.7792,34.1368,447,38720,0.709545,0.45,1,1816667,1816220,447
127685621,30.9558,33.2274,444,38775,0.725909,0.47,1,1816697,1816253,444
127688541,22.1912,21.8455,445,38829,0.697182,0.45,1,1816717,1816272,445
127691461,9.23823,9.96909,444,38883,0.723436,0.49,1,1816723,1816279,444
127694381,47.4476,46.7938,445,38937,0.712687,0.49,1,1816780,1816335,445
127697301,30.2895,29.3588,446,38991,0.742537,0.49,1,1816806,1816360,446
127700221,25.2579,25.0718,446,39045,0.716507,0.47,1,1816830,1816384,446
127703141,69.0516,69.0144,446,39099,0.791301,0.49,2,1816910,1816464,446
127706061,41.0103,41.0029,446,39153,0.80626,0.61,2,1816944,1816498,446
127708981,80.2021,77.0006,450,39207,0.873252,0.57,2,1817034,1816584,450
127711901,32.0404,31.4001,450,39261,0.88665,0.63,2,1817054,1816604,450
127714821,24.8081,21.48,454,39315,0.90533,0.63,2,1817077,1816623,454
127717741,6.56162,5.896,454,39369,0.909066,0.73,2,1817079,1816625,454
127720661,36.5123,34.7792,456,39423,0.893813,0.73,2,1817123,1816667,456
127723581,31.3025,30.9558,456,39477,0.922763,0.69,2,1817153,1816697,456
127726501,22.2605,22.1912,456,39530,0.928553,0.73,2,1817173,1816717,456
127907541,36,22,504,42714,0.61,1,1,1819449,1818945,504
127910461,34.4,26,511,42763,0.498,1,1,1819483,1818972,511
127913381,31.68,29.2,512,42812,0.4596,1,1,1819514,1819002,512
127916301,22.336,29.84,502,42861,0.46792,1,1,1819534,1819032,502
127919221,10.8672,20.368,492,42910,0.405584,1,1,1819542,1819050,492
127922141,28.5734,23.2736,501,42959,0.393117,1,1,1819575,1819074,501
127925061,33.7147,35.8547,497,43008,0.406623,1,1,1819610,1819113,497
127927981,21.9429,7.17094,516,43057,0.441325,1,1,1819629,1819113,516
127930901,17.1886,27.0342,500,43106,0.368265,0.97,1,1819645,1819145,500
127933821,24.2377,24.6068,502,43155,0.369653,0.96,1,1819671,1819169,502
127936741,26.4475,24.1214,505,43204,0.401931,1,1,1819698,1819193,505
127939661,43.6895,35.2243,515,43253,0.456386,0.85,1,1819746,1819231,515
127942581,48.7379,48.6449,513,43302,0.451277,0.83,1,1819796,1819283,513
127945501,64.1476,50.529,530,43351,0.418255,0.69,1,1819864,1819334,530
127948421,38.4295,73.3058,483,43400,0.443651,0.61,1,1819896,1819413,483
127951341,31.6859,43.4612,477,43449,0.48073,0.47,1,1819926,1819449,477
127954261,29.5372,35.8922,472,43498,0.488146,0.45,1,1819955,1819483,472
127957181,22.7074,31.9784,462,43547,0.537629,0.47,1,1819976,1819514,462
127960101,10.1415,22.3957,449,43595,0.595526,0.39,1,1819983,1819534,449
127963021,23.6283,10.8791,468,43643,0.607105,0.39,1,1820010,1819542,468
127965941,33.5257,28.5758,471,43691,0.625421,0.41,1,1820046,1819575,471
127968861,23.5051,33.7152,457,43739,0.645084,0.45,1,1820067,1819610,457
127971781,18.301,21.943,455,43787,0.601017,0.35,1,1820084,1819629,455
127974701,25.2602,17.1886,466,43835,0.608203,0.37,1,1820111,1819645,466
127977621,29.052,24.2377,470,43883,0.641641,0.41,1,1820141,1819671,470
127980541,45.0104,26.4475,492,43931,0.632328,0.47,1,1820190,1819698,492
127983461,48.2021,43.6895,493,43979,0.646466,0.45,1,1820239,1819746,493
127986381,62.4404,48.7379,509,44027,0.665293,0.41,1,1820305,1819796,509
127989301,39.6881,64.1476,475,44075,0.701059,0.45,1,1820339,1819864,475
127992221,35.9376,38.4295,478,44123,0.676212,0.49,1,1820374,1819896,478
127995141,29.5875,31.6859,476,44171,0.703242,0.49,1,1820402,1819926,476
127998061,25.1175,29.5372,471,44219,0.708648,0.55,1,1820426,1819955,471
128000981,9.8235,22.7074,456,44267,0.72573,0.61,1,1820432,1819976,456
128003901,25.1647,10.1415,478,44315,0.713146,0.61,1,1820461,1819983,478
128006821,34.6329,23.6283,488,44363,0.726629,0.63,1,1820498,1820010,488
128009741,22.9266,33.5257,472,44411,0.745326,0.65,1,1820518,1820046,472
128012661,17.3853,23.5051,467,44458,0.749065,0.59,1,1820534,1820067,467
128015581,5.07706,18.301,452,44505,0.749813,0.61,1,1820536,1820084,452
128018501,24.2154,25.2602,454,44552,0.781963,0.65,2,1820565,1820111,454
128021421,28.8431,29.052,454,44599,0.804393,0.63,2,1820595,1820141,454
128024341,44.1686,45.0104,453,44646,0.856879,0.65,2,1820643,1820190,453
128027261,48.8337,48.2021,454,44693,0.851376,0.67,2,1820693,1820239,454
128030181,63.3667,62.4404,455,44740,0.882275,0.71,2,1820760,1820305,455
128033101,41.4733,39.6881,457,44787,0.904455,0.67,2,1820796,1820339,457
128284221,60,38,477,21997,0.07,0.33,1,1823580,1823103,477
128287141,103.2,66.8,517,22093,0.102,0.09,1,1823694,1823177,517
128290061,58.24,98.16,458,22189,0.0284,0.05,1,1823741,1823283,458
128292981,56.448,82.832,435,22285,0.04568,0.01,1,1823797,1823362,435
128295901,28.0896,34.1664,434,22380,0.017136,0.05,1,1823818,1823384,434
128298821,22.4179,26.0333,431,22475,0.0914272,0.09,1,1823839,1823408,431
128301741,70.0836,56.4067,449,22569,0.0742854,0.09,1,1823921,1823472,449
128304661,80.4167,49.6813,484,22663,0.0868571,0.07,1,1824004,1823520,484
128307581,108.883,57.9363,540,22757,0.105371,0.11,1,1824120,1823580,540
128310501,56.9767,102.787,470,22850,0.141074,0.01,1,1824164,1823694,470
128313421,56.1953,58.1575,479,22943,0.148215,0.05,1,1824220,1823741,479
128316341,28.0391,56.4315,444,23035,0.133643,0.01,1,1824241,1823797,444
128319261,24.8078,28.0863,447,23127,0.130729,0.11,1,1824265,1823818,447
128322181,67.3616,22.4173,504,23219,0.0981457,0.07,1,1824343,1823839,504
128325101,83.8723,70.0835,510,23310,0.155629,0.09,1,1824431,1823921,510
128328021,108.774,80.4167,542,23401,0.247126,0.11,1,1824546,1824004,542
128330941,58.5549,108.883,472,23492,0.281425,0.15,1,1824592,1824120,472
128333861,57.311,56.9767,485,23582,0.320285,0.15,1,1824649,1824164,485
128336781,26.6622,56.1953,448,23672,0.344057,0.13,1,1824668,1824220,448
128339701,24.5324,28.0391,451,23762,0.364811,0.13,1,1824692,1824241,451
128342621,67.3065,24.8078,505,23851,0.384962,0.09,1,1824770,1824265,505
128345541,86.2613,67.3616,518,23940,0.420992,0.17,1,1824861,1824343,518
128348461,18.8523,83.8723,432,24029,0.428199,0.27,1,1824863,1824431,432
128351381,98.9705,108.774,436,24117,0.46164,0.29,1,1824982,1824546,436
128354301,56.5941,58.5549,436,24205,0.468328,0.33,1,1825028,1824592,436
128357221,58.5188,57.311,438,24293,0.485666,0.35,1,1825087,1824649,438
128360141,27.7038,26.6622,439,24380,0.489133,0.37,1,1825107,1824668,439
128363061,25.5408,24.5324,440,24467,0.441827,0.39,1,1825132,1824692,440
128365981,69.9082,67.3065,443,24554,0.464365,0.43,1,1825213,1824770,443
128368901,86.7816,86.2613,443,24640,0.564873,0.43,1,1825304,1824861,443
128371821,18.9563,18.8523,443,24726,0.584975,0.47,1,1825306,1824863,443
128374741,100.591,98.9705,445,24812,0.572995,0.47,1,1825427,1824982,445
128377661,56.9183,56.5941,445,24897,0.634599,0.49,1,1825473,1825028,445
128380581,57.7837,58.5188,444,24982,0.71092,0.49,1,1825531,1825087,444
128383501,27.5567,27.7038,444,25067,0.710184,0.43,1,1825551,1825107,444
128386421,25.5113,25.5408,444,25152,0.726037,0.47,1,1825576,1825132,444
128389341,70.7023,69.9082,445,25236,0.761207,0.59,2,1825658,1825213,445
128392261,90.1405,86.7816,449,25320,0.816241,0.59,2,1825753,1825304,449
128395181,19.6281,18.9563,449,25404,0.827248,0.57,2,1825755,1825306,449
128398101,101.526,100.591,450,25487,0.86145,0.57,2,1825877,1825427,450
128401021,59.5051,20.1183,499,25570,0.86829,0.65,2,1825926,1825427,499
128403941,60.701,40.8236,514,25653,0.821658,0.73,2,1825987,1825473,514
128406861,28.1402,54.5647,476,25736,0.844332,0.71,2,1826007,1825531,476
128409781,24.828,26.9129,480,25818,0.848866,0.73,2,1826031,1825551,480
128412701,72.1656,25.3826,539,25900,0.897773,0.77,2,1826115,1825576,539
128415621,92.8331,70.6765,555,25982,0.891555,0.83,2,1826213,1825658,555
128418541,20.1666,90.1353,462,26064,0.890311,0.83,2,1826215,1825753,462
128529501,53,63,521,28992,0.45,1,1,1828357,1827836,521
128532421,40.2,41.4,522,29065,0.338,1,1,1828394,1827872,522
128535341,35.24,33.88,524,29138,0.2676,1,1,1828428,1827904,524
128538261,30.248,34.776,518,29211,0.23752,1,1,1828457,1827939,518
128541181,26.8496,33.3552,511,29283,0.199504,1,1,1828483,1827972,511
128544101,98.1699,40.271,585,29355,0.0639008,1,1,1828599,1828014,585
128547021,46.034,100.854,502,29427,0.0527802,1,1,1828632,1828130,502
128549941,67.6068,48.1708,540,29499,0.050556,0.87,1,1828705,1828165,540
128552861,53.5214,75.2342,508,29571,0.0181112,0.55,1,1828755,1828247,508
128555781,45.9043,60.6468,495,29643,0.0116222,0.45,1,1828799,1828304,495
128558701,34.7809,54.5294,474,29714,0.0263244,0.31,1,1828831,1828357,474
128561621,29.3562,40.5059,465,29785,0.0452649,0.25,1,1828859,1828394,465
128564541,7.47123,35.3012,433,29856,0.033053,0.23,1,1828861,1828428,433
128567461,23.8942,30.2602,432,29927,0.0146106,0.19,1,1828889,1828457,432
128570381,28.7788,26.852,436,29998,0.0109221,0.03,1,1828919,1828483,436
128573301,87.3558,98.1704,422,30069,0.0261844,0.05,1,1829021,1828599,422
128576221,47.0712,46.0341,426,30139,0.0612369,0.05,1,1829058,1828632,426
128579141,65.4142,67.6068,423,30209,0.0362474,0.01,1,1829128,1828705,423
128582061,53.0828,53.5214,423,30279,0.0632495,0.01,1,1829178,1828755,423
128584981,46.6166,45.9043,424,30349,0.0846499,0.03,1,1829223,1828799,424
128587901,34.9233,34.7809,424,30419,0.07293,0.05,1,1829255,1828831,424
128590821,28.5847,29.3562,423,30489,0.038586,0.03,1,1829282,1828859,423
128593741,7.31693,7.47123,423,30558,0.0317172,0.01,1,1829284,1828861,423
128596661,23.0634,23.8942,422,30627,0.0303434,0.01,1,1829311,1828889,422
128599581,28.6127,28.7788,422,30696,0.0460687,0.03,1,1829341,1828919,422
128602501,87.3225,87.3558,422,30765,0.0332137,0.07,1,1829443,1829021,422
128605421,49.4645,47.0712,425,30834,0.0466427,0.03,1,1829483,1829058,425
128608341,63.4929,65.4142,422,30903,0.0333285,0.07,1,1829550,1829128,422
128611261,53.4986,53.0828,423,30971,0.0466657,0.09,1,1829601,1829178,423
128614181,48.2997,46.6166,425,31039,0.0493331,0.07,1,1829648,1829223,425
128617101,32.8599,34.9233,422,31107,0.0338666,0.03,1,1829677,1829255,422
128620021,28.972,28.5847,423,31175,0.0467733,0.03,1,1829705,1829282,423
128622941,7.3944,7.31693,423,31243,0.0493547,0.03,1,1829707,1829284,423
128625861,23.0789,23.0634,423,31311,0.0178709,0.03,1,1829734,1829311,423
128628781,27.0158,4.61268,451,31379,0.0275742,0.05,1,1829762,1829311,451
128631701,87.0032,24.9225,523,31446,0.00551484,0.03,1,1829864,1829341,523
128634621,51.0006,86.5845,463,31513,0.025103,0.05,1,1829906,1829443,463
128637541,62.2001,49.3169,488,31580,0.0130206,0.03,1,1829971,1829483,488
128640461,54.84,63.4634,474,31647,0.0426041,0.05,1,1830024,1829550,474
128643381,46.968,53.4927,468,31714,0.0325208,0.05,1,1830069,1829601,468
128646301,32.5936,48.2985,450,31781,0.0305042,0.03,1,1830098,1829648,450
128649221,28.9187,32.8597,449,31848,0.0781008,0.05,1,1830126,1829677,449
128652141,7.38374,28.9719,423,31914,0.0876202,0.05,1,1830128,1829705,423
128655061,23.0767,7.39439,448,31980,0.073524,0.01,1,1830155,1829707,448
128657981,27.8154,23.0789,450,32046,0.0227048,0.03,1,1830184,1829734,450
128660901,86.3631,27.0158,523,32112,0.076541,0,1,1830285,1829762,523
128663821,51.6726,87.0032,464,32178,0.0393082,0.03,1,1830328,1829864,464
128666741,61.5345,51.0006,486,32244,0.0638616,0.01,1,1830392,1829906,486
128669661,56.3069,62.2001,476,32310,0.0847723,0.05,1,1830447,1829971,476
128672581,46.4614,54.84,467,32375,0.104954,0.03,1,1830491,1830024,467
128675501,34.8923,46.968,454,32440,0.0769909,0.03,1,1830523,1830069,454
128678421,29.3785,32.5936,453,32505,0.119398,0.09,1,1830551,1830098,453
128681341,7.47569,28.9187,427,32570,0.12788,0.09,1,1830553,1830126,427
128684261,20.6951,7.38374,449,32635,0.129576,0.07,1,1830577,1830128,449
128687181,28.139,23.0767,452,32700,0.145915,0.01,1,1830607,1830155,452
128690101,85.6278,27.8154,523,32765,0.117183,0.09,1,1830707,1830184,523
128693021,18.7256,86.3631,424,32830,0.111437,0.03,1,1830709,1830285,424
128695941,37.3451,51.6726,423,32894,0.142287,0.07,1,1830751,1830328,423
128698861,61.869,61.5345,427,32958,0.116457,0.09,1,1830819,1830392,427
128701781,55.5738,56.3069,426,33022,0.191292,0.11,1,1830873,1830447,426
128704701,47.1148,46.4614,427,33086,0.158258,0.07,1,1830918,1830491,427
128707621,35.023,34.8923,427,33150,0.151652,0.13,1,1830950,1830523,427
128710541,30.2046,29.3785,428,33214,0.18233,0.13,1,1830979,1830551,428
128713461,7.64092,7.47569,428,33278,0.220466,0.13,1,1830981,1830553,428
128716381,20.7282,20.6951,428,33342,0.228093,0.15,1,1831005,1830577,428
128719301,28.9456,28.139,429,33405,0.229619,0.11,1,1831036,1830607,429
128722221,84.1891,85.6278,427,33468,0.261924,0.11,1,1831134,1830707,427
128725141,18.4378,18.7256,427,33531,0.236385,0.15,1,1831136,1830709,427
128728061,37.2876,37.3451,427,33594,0.263277,0.11,1,1831178,1830751,427
128730981,61.8575,61.869,427,33657,0.348655,0.21,1,1831246,1830819,427
128733901,57.9715,55.5738,430,33720,0.349731,0.15,1,1831303,1830873,430
128736821,46.7943,47.1148,429,33783,0.333946,0.15,1,1831347,1830918,429
128739741,34.9589,35.023,429,33846,0.346789,0.19,1,1831379,1830950,429
128742661,31.7918,30.2046,431,33908,0.413358,0.23,1,1831410,1830979,431
128745581,7.95835,7.64092,431,33970,0.426672,0.23,1,1831412,1830981,431
128748501,21.5917,20.7282,432,34032,0.413334,0.23,1,1831437,1831005,432
128751421,28.3183,28.9456,431,34094,0.426667,0.27,1,1831467,1831036,431
128754341,85.6637,84.1891,433,34156,0.461333,0.23,1,1831567,1831134,433
128757261,18.7327,18.4378,433,34218,0.468267,0.23,1,1831569,1831136,433
128760181,38.1465,3.68756,476,34280,0.453653,0.27,1,1831612,1831136,476
128763101,65.2293,34.3375,506,34342,0.482731,0.37,1,1831684,1831178,506
128766021,57.0459,61.2675,493,34404,0.472546,0.35,1,1831739,1831246,493
128768941,48.2092,57.8535,482,34465,0.502509,0.33,1,1831785,1831303,482
128771861,36.0418,46.7707,471,34526,0.540502,0.35,1,1831818,1831347,471
128774781,32.8084,34.9541,471,34587,0.5481,0.43,1,1831850,1831379,471
128777701,8.16167,31.7908,442,34648,0.54962,0.43,1,1831852,1831410,442
128780621,20.8323,7.95817,464,34709,0.581924,0.41,1,1831876,1831412,464
128783541,28.9665,21.5916,470,34770,0.572385,0.43,1,1831907,1831437,470
128786461,87.3933,28.3183,542,34831,0.586477,0.47,1,1832009,1831467,542
128789381,19.0787,85.6637,444,34892,0.589295,0.47,1,1832011,1831567,444
128792301,39.0157,18.7327,486,34953,0.621859,0.45,1,1832055,1831569,486
128795221,65.4031,38.1465,515,35013,0.660372,0.49,1,1832127,1831612,515
128798141,57.8806,65.2293,499,35073,0.732074,0.47,1,1832183,1831684,499
128801061,49.9761,57.0459,492,35133,0.762415,0.51,2,1832231,1831739,492
128803981,37.9952,48.2092,481,35193,0.800483,0.55,2,1832266,1831785,481
128806901,33.199,36.0418,480,35253,0.808097,0.55,2,1832298,1831818,480
128809821,8.23981,32.8084,450,35313,0.809619,0.55,2,1832300,1831850,450
128812741,22.448,8.16167,474,35373,0.825924,0.59,2,1832326,1831852,474
128815661,28.4896,20.8323,480,35433,0.829185,0.57,2,1832356,1831876,480
128818581,88.0979,28.9665,552,35493,0.877837,0.59,2,1832459,1831907,552
128821501,19.2196,87.3933,452,35553,0.887567,0.59,2,1832461,1832009,452
128824421,40.6439,19.0787,496,35612,0.873513,0.63,2,1832507,1832011,496
128827341,67.3288,39.0157,526,35671,0.870703,0.67,2,1832581,1832055,526
128830261,15.0658,65.4031,456,35730,0.870141,0.75,2,1832583,1832127,456
128833181,51.0132,57.8806,460,35789,0.902028,0.77,2,1832643,1832183,460
128836101,48.6026,49.9761,460,35848,0.892406,0.81,2,1832691,1832231,460
128839021,39.3205,37.9952,462,35907,0.922481,0.81,2,1832728,1832266,462
128841941,34.2641,33.199,463,35966,0.960496,0.81,2,1832761,1832298,463
128993781,29,27,495,38903,0.79,1,2,1834758,1834263,495
128996701,57.8,64.6,486,38957,0.614,1,1,1834823,1834337,486
128999621,33.96,33.72,488,39011,0.5788,1,1,1834851,1834363,488
129002541,29.192,28.344,489,39065,0.44376,1,1,1834879,1834390,489
129005461,53.0384,52.0688,490,39119,0.320752,1,1,1834938,1834448,490
129008381,35.4077,40.0138,484,39173,0.16815,0.98,1,1834969,1834485,484
129011301,43.0815,40.8028,488,39227,0.0576301,1,1,1835014,1834526,488
129014221,36.6163,37.7606,486,39281,0.051526,1,1,1835049,1834563,486
129017141,21.7233,29.1521,477,39335,0.0343052,1,1,1835067,1834590,477
129020061,31.5447,35.4304,474,39389,0.00686104,0.97,1,1835101,1834627,474
129022981,29.5089,35.0861,468,39443,0.0253722,0.91,1,1835130,1834662,468
129025901,29.1018,33.4172,464,39497,0.0290744,0.85,1,1835159,1834695,464
129028821,29.0204,33.8834,459,39550,0.0138149,0.79,1,1835188,1834729,459
129031741,29.8041,29.9767,460,39603,0.026763,0.57,1,1835218,1834758,460
129034661,52.3608,57.9953,453,39656,0.0613526,0.57,1,1835276,1834823,453
129037581,29.6722,33.9991,449,39709,0.0842705,0.41,1,1835300,1834851,449
129040501,24.3344,29.1998,444,39762,0.0168541,0.29,1,1835323,1834879,444
129043421,44.0669,53.04,434,39815,0.107371,0.13,1,1835372,1834938,434
129046341,29.6134,35.408,429,39868,0.125474,0.03,1,1835398,1834969,429
129049261,37.1227,43.0816,423,39921,0.113095,0.05,1,1835437,1835014,423
129052181,34.6245,36.6163,422,39974,0.110619,0.03,1,1835471,1835049,422
129055101,21.3249,21.7233,422,40027,0.0781238,0,1,1835489,1835067,422
129058021,33.065,31.5447,424,40080,0.0556248,0,1,1835525,1835101,424
129060941,28.213,6.30893,451,40133,0.019125,0.03,1,1835552,1835101,451
129063861,28.0426,24.4618,450,40186,0.059825,0.03,1,1835580,1835130,450
129066781,28.8085,28.0924,450,40239,0.035965,0.01,1,1835609,1835159,450
129069701,29.7617,28.8185,451,40291,0.063193,0.03,1,1835639,1835188,451
129072621,53.9523,29.7637,481,40343,0.0686386,0.07,1,1835699,1835218,481
129075541,28.3905,52.3527,445,40395,0.0377277,0.09,1,1835721,1835276,445
129078461,24.0781,29.6705,444,40447,0.0155455,0,1,1835744,1835300,444
129081381,47.2156,24.3341,474,40499,0.0911091,0.13,1,1835797,1835323,474
129084301,30.2431,44.0668,451,40551,0.122222,0.13,1,1835823,1835372,451
129087221,36.4486,29.6134,463,40603,0.128444,0.11,1,1835861,1835398,463
129090141,34.4897,37.1227,458,40655,0.145689,0.11,1,1835895,1835437,458
129093061,18.8979,34.6245,439,40707,0.165138,0.07,1,1835910,1835471,439
129095981,32.5796,21.3249,457,40759,0.153028,0.05,1,1835946,1835489,457
129098901,29.7159,33.065,450,40811,0.134606,0.01,1,1835975,1835525,450
129101821,29.1432,28.213,452,40863,0.130921,0.07,1,1836004,1835552,452
129104741,29.0286,28.0426,453,40915,0.146184,0.03,1,1836033,1835580,453
129107661,32.2057,28.8085,457,40967,0.165237,0.07,1,1836066,1835609,457
129110581,50.4411,29.7617,482,41019,0.249047,0.07,1,1836121,1835639,482
129113501,27.6882,53.9523,444,41070,0.265809,0.03,1,1836143,1835699,444
129116421,25.5376,28.3905,447,41121,0.253162,0.01,1,1836168,1835721,447
129119341,49.9075,24.0781,480,41172,0.330632,0.11,1,1836224,1835744,480
129122261,30.7815,47.2156,453,41223,0.330126,0.13,1,1836250,1835797,453
129125181,37.3563,30.2431,466,41274,0.314025,0.13,1,1836289,1835823,466
129128101,34.6713,36.4486,462,41325,0.310805,0.15,1,1836323,1835861,462
129131021,18.1343,34.4897,442,41376,0.310161,0.17,1,1836337,1835895,442
129133941,33.2269,18.8979,464,41427,0.294032,0.15,1,1836374,1835910,464
129136861,29.8454,32.5796,457,41478,0.290806,0.13,1,1836403,1835946,457
129139781,29.1691,29.7159,457,41529,0.274161,0.13,1,1836432,1835975,457
129142701,7.43381,29.1432,430,41580,0.270832,0.15,1,1836434,1836004,430
129145621,23.8868,29.0286,429,41631,0.270166,0.17,1,1836462,1836033,429
129148541,32.7774,32.2057,431,41682,0.302033,0.27,1,1836497,1836066,431
129151461,53.7555,50.4411,435,41733,0.324407,0.27,1,1836556,1836121,435
129154381,28.3511,27.6882,435,41784,0.376881,0.25,1,1836578,1836143,435
129157301,26.4702,25.5376,436,41835,0.355376,0.35,1,1836604,1836168,436
129160221,50.894,49.9075,437,41885,0.399075,0.33,1,1836661,1836224,437
129163141,31.7788,30.7815,438,41935,0.391815,0.31,1,1836688,1836250,438
129166061,36.7558,37.3563,437,41985,0.422363,0.31,1,1836726,1836289,437
129168981,34.5512,34.6713,437,42035,0.444473,0.31,1,1836760,1836323,437
129171901,18.1102,18.1343,437,42085,0.416894,0.29,1,1836774,1836337,437
129174821,32.422,33.2269,436,42135,0.411379,0.29,1,1836810,1836374,436
129177741,29.6844,29.8454,436,42185,0.394276,0.27,1,1836839,1836403,436
129180661,28.3369,29.1691,435,42235,0.422855,0.27,1,1836867,1836432,435
129183581,7.26738,7.43381,435,42285,0.428571,0.27,1,1836869,1836434,435
129186501,23.8535,23.8868,435,42335,0.461714,0.31,1,1836897,1836462,435
129189421,32.7707,32.7774,435,42385,0.500343,0.33,1,1836932,1836497,435
129192341,56.9541,53.7555,439,42435,0.492069,0.39,1,1836995,1836556,439
129195261,28.9908,28.3511,439,42485,0.506414,0.35,1,1837017,1836578,439
129198181,27.3982,26.4702,440,42535,0.509283,0.41,1,1837044,1836604,440
129201101,52.6796,50.894,442,42585,0.445857,0.39,1,1837103,1836661,442
129204021,31.3359,31.7788,441,42635,0.481171,0.43,1,1837129,1836688,441
129206941,37.4672,36.7558,442,42684,0.472234,0.45,1,1837168,1836726,442
129209861,34.6934,34.5512,442,42733,0.502447,0.41,1,1837202,1836760,442
129212781,18.1387,18.1102,442,42782,0.524489,0.41,1,1837216,1836774,442
129215701,32.4277,32.422,442,42831,0.560898,0.39,1,1837252,1836810,442
129218621,28.8855,29.6844,441,42880,0.56818,0.43,1,1837280,1836839,441
129221541,28.9771,28.3369,442,42929,0.553636,0.43,1,1837309,1836867,442
129224461,7.39542,7.26738,442,42978,0.550727,0.47,1,1837311,1836869,442
129227381,24.6791,23.8535,443,43027,0.614145,0.47,1,1837340,1836897,443
129230301,33.7358,4.77069,479,43076,0.594829,0.51,1,1837376,1836897,479
129233221,56.3472,28.9541,506,43125,0.606966,0.49,1,1837438,1836932,506
129236141,29.6694,56.1908,466,43174,0.625393,0.51,1,1837461,1836995,466
129239061,27.5339,28.8382,471,43223,0.613079,0.51,1,1837488,1837017,471
129241981,51.9068,27.3676,502,43272,0.658616,0.43,1,1837546,1837044,502
129244901,31.1814,52.6735,469,43321,0.699723,0.49,1,1837572,1837103,469
129247821,39.0363,31.3347,484,43370,0.723945,0.47,1,1837613,1837129,484
129250741,36.6073,37.4669,481,43419,0.760789,0.51,2,1837649,1837168,481
129253661,18.5215,34.6934,461,43468,0.816158,0.53,2,1837663,1837202,461
129256581,32.5043,18.1387,483,43517,0.827232,0.57,2,1837699,1837216,483
129259501,28.9009,32.4277,475,43565,0.829446,0.57,2,1837727,1837252,475
129262421,29.7802,28.8855,477,43613,0.829889,0.55,2,1837757,1837280,477
129265341,7.55603,28.9771,450,43661,0.829978,0.55,2,1837759,1837309,450
129268261,26.3112,7.39542,479,43709,0.845996,0.63,2,1837790,1837311,479
129271181,34.0622,24.6791,486,43757,0.865199,0.59,2,1837826,1837340,486
129274101,57.2124,33.7358,513,43805,0.88504,0.61,2,1837889,1837376,513
129277021,30.6425,56.3472,475,43853,0.905008,0.63,2,1837913,1837438,475
129279941,26.9285,29.6694,478,43901,0.909002,0.61,2,1837939,1837461,478
129282861,54.1857,27.5339,512,43949,0.9258,0.67,2,1838000,1837488,512
129574861,423,621,423,2920,0.03,0,1,1842677,1842254,423
129577781,422.2,462.6,422,4380,0.014,0.03,1,1843099,1842677,422
129579241,245.24,92.52,623,5840,0.0588,0.01,1,1843300,1842677,623
129582161,225.848,356.104,422,7300,0.01976,0.01,1,1843521,1843099,422
129583621,205.97,71.2208,623,8760,0.027952,0.07,1,1843722,1843099,623
129586541,43.5939,175.044,425,10220,0.0455904,0.01,1,1843725,1843300,425
129589461,183.119,211.809,422,11862,0.177118,0.01,1,1843943,1843521,422
129590921,197.424,42.3618,623,12041,0.123424,0.03,1,1844144,1843521,623
129593841,41.8847,169.272,425,12218,0.0966847,0.05,1,1844147,1843722,425
129596761,9.97695,36.2545,424,12392,0.0913369,0.05,1,1844149,1843725,424
129598221,162.795,7.25089,625,12564,0.186267,0.21,1,1844350,1843725,625
129601141,50.9591,175.85,430,12733,0.205253,0.11,1,1844373,1843943,430
129604061,169.392,195.97,428,12900,0.257051,0.09,1,1844572,1844144,428
129606981,36.2784,41.594,428,13065,0.25141,0.09,1,1844575,1844147,428
129608441,168.056,9.9188,627,13228,0.282282,0.21,1,1844776,1844149,627
129611361,56.0111,162.784,454,13389,0.304456,0.21,1,1844804,1844350,454
129614281,171.202,50.9568,631,13548,0.340891,0.27,1,1845004,1844373,631
129617201,37.4404,169.391,436,13705,0.348178,0.25,1,1845008,1844572,436
129620121,9.08809,36.2783,435,13860,0.349636,0.29,1,1845010,1844575,435
129623041,185.818,168.056,464,14013,0.557927,0.31,1,1845240,1844776,464
129624501,197.964,56.0111,637,14165,0.663585,0.35,1,1845441,1844804,637
129627421,41.1927,171.202,439,14315,0.684717,0.35,1,1845443,1845004,439
129630341,11.4385,37.4404,439,14463,0.688943,0.35,1,1845447,1845008,439
129633261,3.88771,9.08809,439,14610,0.657789,0.61,1,1845449,1845010,439
129636181,195.178,185.818,452,14755,0.811558,0.69,2,1845692,1845240,452
129639101,203.036,197.964,456,14899,0.906312,0.69,2,1845897,1845441,456
129642021,43.8071,41.1927,458,15042,0.925262,0.69,2,1845901,1845443,458
129644941,10.3614,11.4385,456,15183,0.929052,0.65,2,1845903,1845447,456
129647861,3.67228,3.88771,456,15323,0.92981,0.85,2,1845905,1845449,456
129713561,215,224,689,18361,0.19,1,1,1848272,1847583,689
129716481,53.4,215.2,489,18477,0.206,1,1,1848285,1847796,489
129719401,28.28,54.24,497,18592,0.2412,1,1,1848307,1847810,497
129722321,28.056,23.648,509,18706,0.15224,0.98,1,1848335,1847826,509
129725241,30.4112,32.7296,505,18819,0.070448,0.92,1,1848366,1847861,505
129728161,122.082,34.5459,615,18932,0.0380896,0.69,1,1848511,1847896,615
129731081,178.816,135.709,647,19044,0.0956179,0.21,1,1848704,1848057,647
129734001,46.1633,209.542,432,19155,0.139124,0.25,1,1848717,1848285,432
129736921,25.2327,59.5084,430,19266,0.147825,0.13,1,1848737,1848307,430
129739841,25.8465,34.3017,428,19376,0.117565,0.05,1,1848763,1848335,428
129742761,25.9693,31.6603,423,19486,0.111513,0.03,1,1848789,1848366,423
129745681,121.994,122.332,424,19595,0.0303026,0.03,1,1848935,1848511,424
129748601,180.399,24.4664,619,19703,0.158061,0.11,1,1849130,1848511,619
129751521,46.4798,159.293,439,19811,0.199612,0.15,1,1849143,1848704,439
129754441,25.2959,42.2587,446,19918,0.223922,0.15,1,1849163,1848717,446
129757361,25.8592,24.4517,452,20025,0.228784,0.11,1,1849189,1848737,452
129760281,25.9718,25.6903,452,20131,0.229757,0.11,1,1849215,1848763,452
129763201,118.794,25.9381,568,20236,0.213951,0.01,1,1849357,1848789,568
129764661,184.559,121.988,623,20341,0.29079,0.19,1,1849558,1848935,623
129767581,39.3118,180.398,431,20445,0.290158,0.21,1,1849561,1849130,431
129770501,19.8624,46.4795,433,20549,0.338032,0.23,1,1849576,1849143,433
129773421,19.9725,25.2959,433,20652,0.363606,0.23,1,1849596,1849163,433
129776341,24.7945,25.8592,433,20755,0.416721,0.23,1,1849622,1849189,433
129779261,25.7589,25.9718,433,20857,0.411344,0.21,1,1849648,1849215,433
129782181,117.952,118.794,432,20959,0.394269,0.31,1,1849789,1849357,432
129785101,188.39,184.559,437,21060,0.518854,0.29,1,1849995,1849558,437
129788021,40.8781,39.3118,438,21161,0.511771,0.35,1,1849999,1849561,438
129790941,20.9756,19.8624,439,21261,0.510354,0.37,1,1850015,1849576,439
129793861,20.9951,19.9725,440,21361,0.494071,0.43,1,1850036,1849596,440
129796781,25.799,24.7945,441,21460,0.522814,0.41,1,1850063,1849622,441
129799701,26.7598,25.7589,442,21559,0.512563,0.39,1,1850090,1849648,442
129802621,117.352,117.952,441,21657,0.494513,0.55,1,1850230,1849789,441
129805541,193.07,188.39,447,21755,0.554903,0.51,1,1850442,1849995,447
129808461,41.8141,40.8781,447,21852,0.614981,0.51,1,1850446,1849999,447
129811381,21.1628,20.9756,447,21949,0.642996,0.49,1,1850462,1850015,447
129814301,20.2326,20.9951,446,22046,0.648599,0.53,1,1850482,1850036,446
129817221,25.6465,25.799,446,22142,0.61772,0.51,1,1850509,1850063,446
129820141,25.9293,26.7598,445,22238,0.643544,0.49,1,1850535,1850090,445
129823061,117.986,117.352,446,22333,0.680709,0.57,1,1850676,1850230,446
129825981,197.197,193.07,451,22428,0.720142,0.63,1,1850893,1850442,451
129828901,42.6394,41.8141,451,22523,0.760028,0.63,2,1850897,1850446,451
129831821,21.3279,8.36281,467,22617,0.736006,0.65,1,1850913,1850446,467
129834741,20.2656,14.4726,471,22711,0.763201,0.65,2,1850933,1850462,471
129837661,25.6531,18.8945,478,22804,0.80064,0.61,2,1850960,1850482,478
129840581,26.7306,25.3789,478,22897,0.792128,0.65,2,1850987,1850509,478
129843501,118.946,25.8758,594,22990,0.870426,0.69,2,1851129,1850535,594
129961761,78,63,501,11335,0.55,0.47,1,1853858,1853357,501
129964681,39.6,70.2,459,11523,0.55,0.45,1,1853888,1853429,459
129966141,172.72,30.84,644,11707,0.55,0.49,1,1854094,1853450,644
129969061,140.144,270.168,446,11889,0.63,0.55,1,1854226,1853780,446
129971981,92.8288,116.434,449,12068,0.63,0.55,1,1854307,1853858,449
129974901,39.3658,47.2867,445,12244,0.646,0.55,1,1854333,1853888,445
129976361,168.673,9.45734,646,12418,0.7132,0.55,1,1854534,1853888,646
129979281,148.135,166.691,583,12589,0.75864,0.65,2,1854677,1854094,583
129982201,93.6269,138.938,531,12758,0.783728,0.63,2,1854757,1854226,531
129985121,40.3254,92.5877,477,12925,0.772746,0.65,2,1854784,1854307,477
129986581,168.865,39.3175,652,13089,0.834549,0.73,2,1854985,1854333,652
130072721,128,37,597,17300,0.01,1,1,1858014,1857417,597
130075641,60,108.2,514,17423,0.042,1,1,1858057,1857543,514
130078561,50.4,57.64,517,17545,0.0484,0.96,1,1858105,1857588,517
130081481,148.48,52.328,639,17666,0.06568,0.15,1,1858278,1857639,639
130084401,53.696,182.466,454,17786,0.037136,0.01,1,1858308,1857854,454
130087321,113.139,62.0931,550,17905,0.0794272,0.01,1,1858436,1857886,550
130090241,59.4278,114.819,468,18024,0.0238854,0.05,1,1858482,1858014,468
130093161,13.4856,57.3637,427,18142,0.00477709,0.05,1,1858484,1858057,427
130096081,38.6971,49.8727,424,18259,0.0249554,0.07,1,1858529,1858105,424
130099001,144.539,148.375,422,18375,0.0449911,0.03,1,1858700,1858278,422
130101921,53.7079,53.6749,423,18491,0.0809982,0.09,1,1858731,1858308,423
130104841,113.142,113.135,423,18606,0.0561996,0.01,1,1858859,1858436,423
130107761,58.6283,59.427,422,18720,0.0352399,0,1,1858904,1858482,422
130110681,13.3257,13.4854,422,18833,0.031048,0.03,1,1858906,1858484,422
130113601,38.6651,38.6971,422,18946,0.0462096,0.05,1,1858951,1858529,422
130116521,146.133,144.539,424,19058,0.0652419,0.09,1,1859124,1858700,424
130119441,52.4266,53.7079,422,19169,0.0850484,0.05,1,1859153,1858731,422
130122361,112.885,113.142,422,19280,0.0410097,0.03,1,1859281,1858859,422
130125281,58.5771,58.6283,422,19390,0.0482019,0.03,1,1859326,1858904,422
130128201,13.3154,13.3257,422,19499,0.0496404,0.05,1,1859328,1858906,422
130131121,38.6631,38.6651,422,19608,0.0499281,0.05,1,1859373,1858951,422
130134041,147.733,7.73303,597,19716,0.0979856,0.07,1,1859548,1858951,597
130136961,51.9465,139.947,452,19824,0.107597,0.09,1,1859576,1859124,452
130139881,111.189,51.1893,549,19931,0.0455194,0.03,1,1859702,1859153,549
130142801,59.0379,112.638,467,20037,0.0331039,0.05,1,1859748,1859281,467
130145721,13.4076,58.5276,424,20143,0.0306208,0.05,1,1859750,1859326,424
130148641,39.4815,13.3055,468,20248,0.0461242,0.05,1,1859796,1859328,468
130151561,150.296,38.6611,601,20353,0.0652248,0.11,1,1859974,1859373,601
130154481,52.4593,147.732,454,20457,0.101045,0.11,1,1860002,1859548,454
130157401,108.092,51.9464,548,20561,0.044209,0.03,1,1860124,1859576,548
130160321,58.4184,111.189,468,20664,0.0488418,0.03,1,1860170,1859702,468
130163241,13.2837,59.0379,424,20767,0.0497684,0.03,1,1860172,1859748,424
130166161,41.0567,13.4076,470,20869,0.0819537,0.05,1,1860220,1859750,470
130169081,151.411,39.4815,603,20971,0.168391,0.07,1,1860399,1859796,603
130172001,31.8823,150.296,427,21072,0.185678,0.11,1,1860401,1859974,427
130174921,29.5765,52.4593,428,21173,0.205136,0.03,1,1860430,1860002,428
130177841,98.7153,108.092,422,21273,0.161027,0.05,1,1860546,1860124,422
130180761,58.1431,58.4184,424,21373,0.104205,0.05,1,1860594,1860170,424
130183681,13.2286,13.2837,424,21472,0.0928411,0.09,1,1860596,1860172,424
130186601,41.0457,41.0567,424,21571,0.138568,0.19,1,1860644,1860220,424
130189521,157.009,151.411,431,21669,0.243714,0.19,1,1860830,1860399,431
130192441,33.0018,31.8823,431,21767,0.280743,0.21,1,1860832,1860401,431
130195361,29.0004,29.5765,430,21864,0.320149,0.15,1,1860860,1860430,430
130198281,96.2001,98.7153,427,21961,0.34403,0.09,1,1860973,1860546,427
130201201,55.24,58.1431,424,22058,0.412806,0.09,1,1861018,1860594,424
130204121,12.648,13.2286,424,22154,0.394561,0.15,1,1861020,1860596,424
130207041,44.1296,41.0457,428,22250,0.390912,0.27,1,1861072,1860644,428
130209961,164.026,157.009,436,22345,0.470182,0.29,1,1861266,1860830,436
130212881,34.4052,33.0018,436,22440,0.486036,0.33,1,1861268,1860832,436
130215801,29.281,29.0004,436,22534,0.489207,0.33,1,1861296,1860860,436
130218721,97.8562,5.80007,551,22628,0.505841,0.35,1,1861411,1860860,551
130221641,57.1712,91.56,485,22722,0.541168,0.43,1,1861458,1860973,485
130224561,13.0342,54.312,442,22815,0.548234,0.39,1,1861460,1861018,442
130227481,43.4068,12.4624,491,22908,0.565647,0.39,1,1861511,1861020,491
130230401,167.081,44.0925,637,23001,0.617129,0.49,1,1861709,1861072,637
130233321,35.0163,164.018,445,23093,0.627426,0.49,1,1861711,1861266,445
130236241,30.2033,34.4037,472,23185,0.613485,0.49,1,1861740,1861268,472
130239161,99.6406,29.2807,561,23276,0.658697,0.51,1,1861857,1861296,561
130242081,59.9281,97.8561,496,23367,0.667739,0.55,1,1861907,1861411,496
130245001,13.5856,57.1712,451,23458,0.669548,0.55,1,1861909,1861458,451
130247921,45.1171,13.0342,502,23548,0.65391,0.57,1,1861962,1861460,502
130250841,168.223,43.4068,650,23638,0.730782,0.63,1,1862161,1861511,650
130253761,35.2447,167.081,454,23728,0.746156,0.63,1,1862163,1861709,454
130256681,29.4489,35.0163,480,23817,0.749231,0.61,1,1862191,1861711,480
130259601,101.89,30.2033,571,23906,0.829846,0.67,2,1862311,1861740,571
130262521,21.978,99.6406,456,23995,0.845969,0.67,2,1862313,1861857,456
130265441,43.5956,59.9281,455,24083,0.881194,0.67,2,1862362,1861907,455
130268361,10.3191,13.5856,455,24171,0.888239,0.65,2,1862364,1861909,455
130271281,44.4638,45.1171,455,24259,0.889648,0.75,2,1862417,1861962,455
130459621,106,100,482,15462,0.05,0.99,1,1867674,1867192,482
130462541,62.8,49.6,497,15599,0.034,1,1,1867726,1867229,497
130465461,41.36,51.52,481,15735,0.0788,0.94,1,1867762,1867281,481
130468381,40.272,39.904,484,15870,0.05576,0.37,1,1867802,1867318,484
130471301,171.254,207.981,438,16004,0.067152,0.05,1,1868006,1867568,438
130474221,109.451,126.396,426,16137,0.10143,0.03,1,1868100,1867674,426
130477141,61.8902,66.8792,424,16269,0.0602861,0.09,1,1868150,1867726,424
130480061,42.778,42.1758,426,16400,0.0680572,0.05,1,1868188,1867762,426
130482981,38.9556,40.4352,424,16529,0.0376114,0.07,1,1868226,1867802,424
130485901,170.991,171.287,424,16657,0.111522,0.07,1,1868430,1868006,424
130488821,109.398,34.2574,518,16784,0.126304,0.11,1,1868524,1868006,518
130491741,59.4796,82.0515,471,16911,0.177261,0.05,1,1868571,1868100,471
130494661,44.6959,56.4103,462,17037,0.0914522,0.07,1,1868612,1868150,462
130497581,36.9392,41.6821,459,17162,0.0742904,0.03,1,1868647,1868188,459
130499041,168.188,38.7364,622,17286,0.134858,0.13,1,1868848,1868226,622
130501961,40.0376,170.947,426,17409,0.130972,0.13,1,1868856,1868430,426
130504881,85.6075,109.389,429,17531,0.226194,0.19,1,1868953,1868524,429
130507801,54.7215,59.4779,429,17652,0.197239,0.07,1,1869000,1868571,429
130510721,40.5443,44.6956,425,17772,0.191448,0.07,1,1869037,1868612,425
130513641,33.7089,36.9391,422,17891,0.19029,0.15,1,1869069,1868647,422
130516561,178.742,168.188,436,18010,0.126058,0.13,1,1869284,1868848,436
130519481,37.3484,40.0376,430,18128,0.145212,0.25,1,1869286,1868856,430
130522401,86.6697,85.6075,432,18245,0.197042,0.19,1,1869385,1868953,432
130525321,54.1339,54.7215,431,18361,0.223408,0.19,1,1869431,1869000,431
130528241,40.4268,40.5443,431,18477,0.196682,0.19,1,1869468,1869037,431
130531161,32.0854,33.7089,429,18592,0.239336,0.11,1,1869498,1869069,429
130534081,176.817,178.742,427,18706,0.279867,0.15,1,1869711,1869284,427
130537001,36.9634,37.3484,427,18819,0.255973,0.21,1,1869713,1869286,427
130539921,88.9927,86.6697,430,18932,0.331195,0.23,1,1869815,1869385,430
130542841,55.3985,54.1339,431,19044,0.346239,0.19,1,1869862,1869431,431
130545761,40.6797,40.4268,431,19155,0.365248,0.25,1,1869899,1869468,431
130548681,32.9359,32.0854,432,19266,0.35305,0.29,1,1869930,1869498,432
130551601,178.587,176.817,434,19376,0.51061,0.25,1,1870145,1869711,434
130554521,37.3174,36.9634,434,19486,0.510122,0.35,1,1870147,1869713,434
130557441,91.4635,88.9927,437,19595,0.494024,0.35,1,1870252,1869815,437
130560361,55.0927,17.7985,483,19703,0.522805,0.35,1,1870298,1869815,483
130563281,41.4185,41.1597,474,19811,0.544561,0.37,1,1870336,1869862,474
130566201,33.8837,37.8319,469,19918,0.564912,0.35,1,1870368,1869899,469
130567661,167.577,32.3664,639,20025,0.680982,0.55,1,1870569,1869930,639
130570581,51.9153,178.473,447,20131,0.688196,0.51,1,1870592,1870145,447
130573501,11.9831,37.2947,447,20236,0.721639,0.49,1,1870594,1870147,447
130576421,85.5966,91.4589,446,20341,0.744328,0.53,1,1870698,1870252,446
130579341,56.3193,55.0918,449,20445,0.828866,0.55,2,1870747,1870298,449
130582261,42.4639,41.4184,450,20549,0.861773,0.57,2,1870786,1870336,450
130585181,35.6928,33.8837,452,20652,0.884355,0.71,2,1870820,1870368,452
130588101,188.739,167.577,478,20755,0.872871,0.69,2,1871047,1870569,478
130591021,39.3477,51.9153,457,20857,0.870574,0.73,2,1871049,1870592,457
130593941,93.4695,11.9831,562,20959,0.870115,0.75,2,1871156,1870594,562
130596861,20.2939,85.5966,460,21060,0.870023,0.85,2,1871158,1870698,460
130599781,46.4588,56.3193,464,21161,0.902005,0.87,2,1871211,1870747,464
130602701,42.0918,42.4639,466,21261,0.924401,0.89,2,1871252,1870786,466
130691761,38,37,519,24160,0.83,1,2,1873231,1872712,519
130694681,158.8,189.8,480,24248,0.606,1,1,1873420,1872940,480
130697601,53.36,61.96,477,24335,0.5132,1,1,1873447,1872970,477
130700521,69.872,78.792,468,24422,0.41464,0.99,1,1873521,1873053,468
130703441,37.1744,40.5584,466,24509,0.410928,1,1,1873550,1873084,466
130706361,33.8349,34.5117,466,24595,0.410186,0.84,1,1873583,1873117,466
130709281,39.567,41.3023,464,24681,0.442037,0.87,1,1873624,1873160,464
130712201,31.1134,34.6605,460,24767,0.448407,0.83,1,1873653,1873193,460
130715121,34.2227,37.3321,457,24853,0.513681,0.55,1,1873688,1873231,457
130718041,151.645,158.666,449,24938,0.494736,0.49,1,1873869,1873420,449
130720961,49.5289,53.3333,446,25023,0.490947,0.39,1,1873893,1873447,446
130723881,65.1058,69.8667,441,25108,0.538189,0.41,1,1873962,1873521,441
130726801,35.4212,37.1733,440,25192,0.579638,0.41,1,1873990,1873550,440
130729721,35.0842,33.8347,442,25276,0.603928,0.45,1,1874025,1873583,442
130732641,42.2168,39.5669,445,25360,0.624786,0.45,1,1874069,1873624,445
130735561,30.8434,31.1134,444,25444,0.596957,0.45,1,1874097,1873653,444
130738481,34.9687,6.22268,480,25527,0.591391,0.53,1,1874133,1873653,480
130741401,151.794,29.2445,626,25610,0.638278,0.49,1,1874314,1873688,626
130744321,47.9587,150.649,467,25693,0.663656,0.49,1,1874336,1873869,467
130747241,67.1918,49.3298,515,25775,0.668731,0.55,1,1874408,1873893,515
130750161,35.8383,65.066,474,25857,0.669746,0.59,1,1874436,1873962,474
130753081,37.5677,35.4132,484,25939,0.717949,0.61,1,1874474,1873990,484
130756001,43.5135,35.0826,494,26021,0.77559,0.63,2,1874519,1874025,494
130758921,31.1027,42.2165,478,26102,0.787118,0.59,2,1874547,1874069,478
130761841,35.0205,30.8433,486,26183,0.789424,0.59,2,1874583,1874097,486
130872801,32,28,510,29098,0.69,1,1,1876732,1876222,510
130875721,32.8,32,510,29171,0.674,1,1,1876765,1876255,510
130878641,31.36,34.4,506,29244,0.5908,1,1,1876796,1876290,506
130881561,32.672,31.68,508,29316,0.59016,1,1,1876829,1876321,508
130884481,40.9344,33.536,517,29388,0.638032,1,1,1876872,1876355,517
130887401,30.5869,41.9072,501,29460,0.647606,0.92,1,1876900,1876399,501
130890321,33.3174,33.9814,503,29532,0.649521,0.94,1,1876934,1876431,503
130893241,159.463,34.7963,659,29604,0.681904,0.75,1,1877125,1876466,659
130896161,56.6927,167.759,489,29676,0.720381,0.75,1,1877156,1876667,489
130899081,35.3385,59.9518,486,29747,0.728076,0.69,1,1877186,1876700,486
130902001,33.4677,37.5904,487,29818,0.729615,0.67,1,1877219,1876732,487
130904921,8.29354,33.9181,456,29889,0.729923,0.57,1,1877221,1876765,456
130907841,24.8587,31.5836,454,29960,0.745985,0.59,1,1877250,1876796,454
130910761,32.1717,32.7167,455,30031,0.813197,0.65,2,1877284,1876829,455
130913681,39.2343,40.9433,453,30101,0.826639,0.65,2,1877325,1876872,453
130916601,31.0469,30.5887,454,30171,0.813328,0.65,2,1877354,1876900,454
130919521,33.4094,33.3177,454,30241,0.810666,0.69,2,1877388,1876934,454
131104941,52,105,456,14890,0.11,0.05,1,1880559,1880103,456
131107861,76,73,473,15033,0.022,0.01,1,1880641,1880168,473
131110781,36.8,67.4,434,15174,0.0444,0.05,1,1880668,1880234,434
131113701,21.76,28.68,433,15314,0.03288,0.07,1,1880686,1880253,433
131116621,200.352,208.936,424,15453,0.046576,0.11,1,1880931,1880507,424
131119541,82.4704,83.3872,425,15590,0.0173152,0,1,1880984,1880559,425
131122461,80.4941,82.2774,423,15726,0.059463,0.05,1,1881064,1880641,423
131125381,39.2988,38.0555,425,15861,0.0518926,0.03,1,1881093,1880668,425
131128301,20.6598,22.0111,423,15995,0.0343785,0.05,1,1881109,1880686,423
131131221,199.332,200.402,422,16128,0.0948757,0.01,1,1881353,1880931,422
131134141,82.2664,82.4804,422,16260,0.0749751,0.07,1,1881406,1880984,422
131137061,81.2533,80.4961,423,16391,0.118995,0.05,1,1881487,1881064,423
131139981,38.6507,39.2992,422,16521,0.143799,0.03,1,1881515,1881093,422
131142901,20.5301,20.6598,422,16650,0.19676,0.03,1,1881531,1881109,422
131144361,164.906,4.13197,623,16778,0.159352,0.11,1,1881732,1881109,623
131147281,69.7812,196.026,425,16905,0.21587,0.07,1,1881778,1881353,425
131150201,56.3562,81.6053,425,17031,0.259174,0.13,1,1881831,1881406,425
131153121,78.4713,81.1211,428,17156,0.251835,0.15,1,1881915,1881487,428
131156041,38.8943,38.6242,429,17280,0.234367,0.21,1,1881944,1881515,429
131158961,21.3788,20.5248,430,17403,0.230873,0.15,1,1881961,1881531,430
131161881,201.876,164.905,476,17525,0.326175,0.23,1,1882208,1881732,476
131164801,84.3752,69.781,485,17646,0.361235,0.27,1,1882263,1881778,485
131167721,83.275,56.3562,515,17766,0.416247,0.25,1,1882346,1881831,515
131170641,39.055,78.4712,459,17885,0.443249,0.23,1,1882374,1881915,459
131173561,23.011,38.8942,449,18004,0.44865,0.23,1,1882393,1881944,449
131176481,6.2022,21.3788,434,18122,0.44973,0.35,1,1882395,1881961,434
131179401,202.84,201.876,439,18239,0.561946,0.37,1,1882647,1882208,439
131182321,85.3681,84.3752,440,18355,0.600389,0.43,1,1882703,1882263,440
131185241,85.8736,83.275,443,18471,0.576078,0.45,1,1882789,1882346,443
131188161,41.1747,39.055,445,18586,0.619216,0.45,1,1882819,1882374,445
131191081,22.6349,23.011,444,18700,0.627843,0.45,1,1882837,1882393,444
131194001,6.12699,6.2022,444,18813,0.629569,0.59,1,1882839,1882395,444
131196921,209.225,202.84,452,18926,0.757914,0.61,2,1883099,1882647,452
131199841,86.6451,85.3681,452,19038,0.767583,0.57,2,1883155,1882703,452
131202761,84.529,85.8736,450,19149,0.801517,0.63,2,1883239,1882789,450
131205681,43.3058,41.1747,453,19260,0.824303,0.63,2,1883272,1882819,453
131208601,23.0612,22.6349,453,19370,0.876861,0.63,2,1883290,1882837,453
131211521,6.21223,6.12699,453,19480,0.855372,0.79,2,1883292,1882839,453
131214441,214.042,209.225,459,19589,0.915074,0.79,2,1883558,1883099,459
131217361,87.6085,41.8451,515,19697,0.911015,0.77,2,1883614,1883099,515
131294741,41,66,478,22423,0.89,1,2,1885519,1885041,478
131306421,29,29,501,22799,0.85,1,2,1885674,1885173,501
131309341,19.4,26.6,492,22892,0.818,0.96,2,1885691,1885199,492
131310801,170.28,18.92,683,22985,0.7316,0.95,1,1885899,1885216,683
131313721,71.656,213.384,468,23077,0.69832,0.89,1,1885946,1885478,468
131316641,47.9312,75.4768,469,23169,0.691664,0.95,1,1885988,1885519,469
131319561,38.3862,43.8954,469,23261,0.706333,0.85,1,1886024,1885555,469
131322481,51.6772,55.9791,465,23352,0.757267,0.89,2,1886079,1885614,465
131325401,36.7354,35.9958,467,23443,0.735453,0.85,1,1886112,1885645,467
131328321,27.3471,30.3992,463,23533,0.747091,0.81,1,1886137,1885674,463
131331241,20.6694,19.6798,465,23623,0.797418,0.71,2,1886156,1885691,465
131334161,197.734,170.336,499,23713,0.919484,0.69,2,1886398,1885899,499
131337081,74.7468,71.6672,496,23802,0.879897,0.69,2,1886442,1885946,496
131340001,45.3494,47.9334,492,23891,0.919979,0.71,2,1886480,1885988,492
131434901,47,47,514,26661,0.69,0.99,1,1888389,1887875,514
131437821,51.8,31.8,539,26740,0.674,1,1,1888442,1887903,539
131440741,50.36,66.36,514,26819,0.6388,1,1,1888492,1887978,514
131443661,22.872,38.072,499,26898,0.61576,1,1,1888508,1888009,499
131446581,9.3744,22.8144,486,26977,0.579152,1,1,1888514,1888028,486
131449501,24.2749,22.1629,492,27056,0.60383,1,1,1888542,1888050,492
131452421,31.255,10.0326,518,27134,0.640766,0.77,1,1888575,1888057,518
131455341,151.051,193.207,460,27212,0.616153,0.73,1,1888756,1888296,460
131458261,66.2102,75.4413,459,27290,0.643231,0.69,1,1888801,1888342,459
131461181,48.442,52.6883,456,27368,0.632646,0.67,1,1888845,1888389,456
131464101,51.2884,52.9377,455,27445,0.694529,0.63,1,1888897,1888442,455
131467021,46.2577,50.5875,450,27522,0.738906,0.61,1,1888942,1888492,450
131469941,22.0515,22.9175,450,27599,0.747781,0.57,1,1888958,1888508,450
131472861,12.4103,9.3835,454,27676,0.717556,0.61,1,1888968,1888514,454
131475781,23.2821,24.2767,452,27753,0.727511,0.65,1,1888994,1888542,452
131478701,31.0564,31.2553,452,27829,0.777502,0.61,2,1889027,1888575,452
131481621,149.411,151.051,450,27905,0.8515,0.65,2,1889206,1888756,450
131484541,69.0823,66.2102,454,27981,0.8983,0.63,2,1889255,1888801,454
131613021,38,26,510,31136,0.95,1,2,1891428,1890918,510
131615941,35.6,34,509,31204,0.878,1,2,1891463,1890954,509
131618861,27.92,35.6,499,31272,0.8716,1,2,1891489,1890990,499
131621781,87.984,99.12,487,31340,0.83832,1,2,1891592,1891105,487
131624701,52.7968,19.824,531,31408,0.735664,1,1,1891636,1891105,531
131627621,57.7594,50.3648,532,31475,0.795133,1,2,1891695,1891163,532
131630541,51.5519,54.073,527,31542,0.839027,1,2,1891745,1891218,527
131633461,36.7104,51.6146,509,31609,0.799805,1,2,1891778,1891269,509
131636381,41.7421,47.9229,505,31676,0.823961,0.91,2,1891821,1891316,505
131639301,39.5484,35.1846,512,31743,0.780792,0.89,2,1891860,1891348,512
131642221,37.5097,40.6369,507,31810,0.804158,0.95,2,1891897,1891390,507
131645141,33.9019,38.5274,502,31877,0.824832,0.86,2,1891930,1891428,502
131648061,23.5804,35.7055,488,31943,0.828966,0.87,2,1891951,1891463,488
131650981,87.1161,27.9411,565,32009,0.845793,0.83,2,1892054,1891489,565
131653901,49.4232,87.9882,502,32075,0.881159,0.71,2,1892094,1891592,502
131656821,57.0846,52.7976,517,32141,0.920232,0.81,2,1892153,1891636,517
131794061,34,52,503,35101,0.49,1,1,1894172,1893669,503
131796981,37.2,41.6,502,35161,0.394,1,1,1894210,1893708,502
131799901,47.44,39.52,513,35221,0.2468,1,1,1894260,1893747,513
131802821,42.288,39.104,515,35281,0.10536,1,1,1894301,1893786,515
131805741,30.8576,39.0208,504,35341,0.029072,1,1,1894329,1893825,504
131808661,78.1715,31.0042,565,35401,0.0138144,1,1,1894419,1893854,565
131811581,46.8343,83.8008,507,35461,0.0267629,1,1,1894458,1893951,507
131814501,41.3669,45.5602,511,35521,0.0293526,0.94,1,1894498,1893987,511
131817421,35.4734,41.912,504,35581,0.0298705,0.95,1,1894532,1894028,504
131820341,25.4947,36.3824,492,35640,0.0299741,0.83,1,1894555,1894063,492
131823261,6.69893,32.0765,463,35699,0.0459948,0.65,1,1894557,1894094,463
131826181,26.9398,41.6153,451,35758,0.033199,0.49,1,1894589,1894138,451
131829101,24.588,35.5231,441,35817,0.0306398,0.37,1,1894613,1894172,441
131832021,32.1176,37.5046,437,35876,0.046128,0.21,1,1894647,1894210,437
131834941,41.6235,47.5009,431,35935,0.0332256,0.07,1,1894691,1894260,431
131837861,33.9247,42.3002,422,35994,0.0786451,0.01,1,1894723,1894301,422
131840781,31.5849,30.86,425,36053,0.015729,0.01,1,1894754,1894329,425
131843701,77.517,78.172,424,36112,0.0031458,0.03,1,1894843,1894419,424
131846621,45.1034,46.8344,422,36171,0.00862916,0.03,1,1894880,1894458,422
131849541,41.0207,41.3669,422,36229,0.00172583,0.03,1,1894920,1894498,422
131852461,36.2041,35.4734,423,36287,0.0563452,0.03,1,1894955,1894532,423
131855381,25.6408,25.4947,423,36345,0.051269,0.05,1,1894978,1894555,423
131858301,6.72816,6.69893,423,36403,0.0662538,0.03,1,1894980,1894557,423
131861221,27.7456,26.9398,424,36461,0.0372508,0.03,1,1895013,1894589,424
131864141,23.1491,24.588,422,36519,0.0954502,0.05,1,1895035,1894613,422
131867061,31.8298,32.1176,422,36577,0.02709,0.03,1,1895069,1894647,422
131869981,42.366,41.6235,423,36635,0.093418,0.09,1,1895114,1894691,423
131872901,33.2732,33.9247,422,36693,0.0746836,0,1,1895145,1894723,422
131875821,32.2546,31.5849,423,36751,0.0149367,0,1,1895177,1894754,423
131878741,76.8509,77.517,422,36809,0.00298734,0.01,1,1895265,1894843,422
131881661,48.1702,45.1034,426,36866,0.0245975,0,1,1895306,1894880,426
131884581,38.434,41.0207,422,36923,0.00491949,0.07,1,1895342,1894920,422
131887501,35.6868,36.2041,422,36980,0.0249839,0.05,1,1895377,1894955,422
131890421,27.9374,25.6408,425,37037,0.0449968,0.07,1,1895403,1894978,425
131893341,7.18747,6.72816,425,37094,0.0489994,0.03,1,1895405,1894980,425
131896261,26.2375,27.7456,423,37151,0.0817999,0.03,1,1895436,1895013,423
131899181,22.0475,5.54913,444,37208,0.07236,0.11,1,1895457,1895013,444
131902101,34.0095,18.7098,459,37265,0.102472,0.01,1,1895494,1895035,459
131905021,40.4019,30.942,467,37322,0.0924944,0.11,1,1895536,1895069,467
131907941,32.0804,42.1884,452,37379,0.0904989,0.07,1,1895566,1895114,452
131910861,32.8161,33.2377,454,37436,0.0180998,0,1,1895599,1895145,454
131913781,76.1632,32.2475,509,37492,0.01162,0,1,1895686,1895177,509
131916701,48.8326,76.8495,463,37548,0.042324,0.03,1,1895728,1895265,463
131919621,37.7665,48.1699,457,37604,0.0324648,0,1,1895763,1895306,457
131922541,35.5533,38.434,456,37660,0.014493,0.03,1,1895798,1895342,456
131925461,29.5107,35.6868,449,37716,0.0268986,0.05,1,1895826,1895377,449
131928381,7.50213,27.9374,425,37772,0.0453797,0.05,1,1895828,1895403,425
131931301,26.3004,7.18747,454,37828,0.0810759,0.09,1,1895859,1895405,454
131934221,23.6601,26.2375,446,37884,0.0882152,0.07,1,1895882,1895436,446
131937141,33.532,22.0475,461,37940,0.105643,0.11,1,1895918,1895457,461
131940061,41.1064,34.0095,467,37996,0.125129,0.09,1,1895961,1895494,467
131942981,30.6213,40.4019,453,38052,0.145026,0.09,1,1895989,1895536,453
131945901,30.9243,32.0804,454,38108,0.117005,0,1,1896020,1895566,454
131948821,75.7848,32.8161,508,38163,0.079401,0.01,1,1896107,1895599,508
131951741,50.357,76.1632,465,38218,0.0398802,0.05,1,1896151,1895686,465
131954661,38.0714,48.8326,458,38273,0.031976,0.03,1,1896186,1895728,458
131957581,34.0143,37.7665,456,38328,0.0303952,0.01,1,1896219,1895763,456
131960501,30.8029,35.5533,451,38383,0.014079,0.03,1,1896249,1895798,451
131963421,7.76057,29.5107,425,38438,0.0108158,0.05,1,1896251,1895826,425
131966341,27.9521,7.50213,456,38493,0.0261632,0.09,1,1896284,1895828,456
131969261,23.9904,26.3004,448,38548,0.0132326,0.09,1,1896307,1895859,448
131972181,34.3981,23.6601,462,38603,0.0266465,0.11,1,1896344,1895882,462
131975101,8.47962,33.532,428,38658,0.0293293,0.13,1,1896346,1895918,428
131978021,36.0959,41.1064,428,38713,0.0458659,0.15,1,1896389,1895961,428
131980941,31.2192,30.6213,430,38768,0.0651732,0.11,1,1896419,1895989,430
131983861,27.0438,30.9243,425,38822,0.101035,0.07,1,1896445,1896020,425
131986781,73.4088,75.7848,423,38876,0.156207,0.03,1,1896530,1896107,423
131989701,49.8818,50.357,423,38930,0.119241,0.03,1,1896574,1896151,423
131992621,37.1764,38.0714,422,38984,0.127848,0.03,1,1896608,1896186,422
131995541,33.8353,34.0143,422,39038,0.0815696,0.01,1,1896641,1896219,422
131998461,31.5671,30.8029,423,39092,0.0403139,0.01,1,1896672,1896249,423
132001381,7.91341,7.76057,423,39146,0.0480628,0.03,1,1896674,1896251,423
132004301,27.9827,27.9521,423,39200,0.0176126,0.01,1,1896707,1896284,423
132007221,24.7965,23.9904,424,39254,0.0275225,0.03,1,1896731,1896307,424
132010141,33.7593,34.3981,423,39308,0.0135045,0.03,1,1896767,1896344,423
132013061,8.35186,8.47962,423,39362,0.0107009,0.05,1,1896769,1896346,423
132015981,35.2704,36.0959,422,39416,0.10614,0.07,1,1896811,1896389,422
132018901,33.4541,31.2192,425,39470,0.173228,0.11,1,1896844,1896419,425
132021821,27.4908,27.0438,425,39524,0.186646,0.17,1,1896870,1896445,425
132024741,78.2982,73.4088,431,39577,0.189329,0.11,1,1896961,1896530,431
132027661,48.4596,49.8818,428,39630,0.237866,0.13,1,1897002,1896574,428
132030581,35.2919,37.1764,426,39683,0.247573,0.07,1,1897034,1896608,426
132033501,31.0584,33.8353,423,39736,0.297515,0.03,1,1897064,1896641,423
132036421,30.2117,31.5671,422,39789,0.275503,0.05,1,1897094,1896672,422
132039341,7.64233,7.91341,422,39842,0.271101,0.01,1,1897096,1896674,422
132042261,27.9285,27.9827,422,39895,0.28622,0.03,1,1897129,1896707,422
132045181,24.7857,24.7965,422,39948,0.257244,0.01,1,1897153,1896731,422
132048101,34.5571,33.7593,423,40001,0.267449,0.01,1,1897190,1896767,423
132051021,8.51143,8.35186,423,40054,0.26949,0.13,1,1897192,1896769,423
132053941,37.7023,35.2704,426,40107,0.317898,0.13,1,1897237,1896811,426
132056861,35.5405,7.05407,461,40160,0.35958,0.19,1,1897272,1896811,461
132059781,28.7081,27.8108,455,40213,0.351916,0.19,1,1897299,1896844,455
132062701,79.3416,26.3622,521,40266,0.318383,0.19,1,1897391,1896870,521
132065621,51.0683,78.0724,474,40318,0.295677,0.25,1,1897435,1896961,474
132068541,35.8137,48.4145,465,40370,0.323135,0.25,1,1897467,1897002,465
132071461,31.9627,35.2829,464,40422,0.328627,0.31,1,1897498,1897034,464
132074381,30.3925,31.0566,464,40474,0.329725,0.27,1,1897528,1897064,464
132077301,7.67851,30.2113,436,40526,0.329945,0.27,1,1897530,1897094,436
132080221,27.1357,7.64226,466,40578,0.345989,0.29,1,1897562,1897096,466
132083141,23.0271,27.9285,455,40630,0.349198,0.25,1,1897584,1897129,455
132086061,36.6054,24.7857,471,40682,0.38184,0.27,1,1897624,1897153,471
132088981,8.92109,34.5571,436,40734,0.388368,0.27,1,1897626,1897190,436
132091901,40.1842,8.51143,482,40786,0.405674,0.33,1,1897674,1897192,482
132094821,37.6368,37.7023,474,40838,0.409135,0.37,1,1897711,1897237,474
132097741,28.3274,35.5405,465,40890,0.457827,0.35,1,1897737,1897272,465
132100661,77.6655,28.7081,528,40942,0.499565,0.31,1,1897827,1897299,528
132103581,50.7331,79.3416,480,40994,0.475913,0.29,1,1897871,1897391,480
132106501,37.3466,51.0683,470,41045,0.503183,0.33,1,1897905,1897435,470
132109421,31.4693,35.8137,468,41096,0.556637,0.33,1,1897935,1897467,468
132112341,30.2939,31.9627,467,41147,0.567327,0.33,1,1897965,1897498,467
132115261,7.65877,30.3925,439,41198,0.569465,0.33,1,1897967,1897528,439
132118181,27.9318,7.67851,470,41249,0.553893,0.35,1,1898000,1897530,470
132121101,23.1864,27.1357,460,41300,0.566779,0.35,1,1898022,1897562,460
132124021,38.2373,23.0271,480,41351,0.569356,0.39,1,1898064,1897584,480
132126941,9.24745,36.6054,442,41402,0.569871,0.39,1,1898066,1897624,442
132129861,41.8495,8.92109,490,41453,0.585974,0.41,1,1898116,1897626,490
132132781,38.7699,40.1842,480,41504,0.589195,0.41,1,1898154,1897674,480
132135701,9.35398,37.6368,445,41555,0.557839,0.47,1,1898156,1897711,445
132138621,22.6708,28.3274,445,41606,0.583568,0.51,1,1898182,1897737,445
132141541,78.1342,77.6655,447,41657,0.604714,0.47,1,1898274,1897827,447
132144461,49.2268,50.7331,445,41708,0.608943,0.51,1,1898316,1897871,445
132147381,38.6454,37.3466,447,41759,0.577789,0.57,1,1898352,1897905,447
132150301,34.1291,31.4693,450,41810,0.667558,0.57,1,1898385,1897935,450
132153221,30.8258,30.2939,450,41860,0.701512,0.57,1,1898415,1897965,450
132156141,7.76516,7.65877,450,41910,0.708302,0.55,1,1898417,1897967,450
132159061,27.953,27.9318,450,41960,0.69366,0.57,1,1898450,1898000,450
132161981,23.1906,23.1864,450,42010,0.722732,0.57,1,1898472,1898022,450
132164901,39.0381,38.2373,451,42060,0.760546,0.57,2,1898515,1898064,451
132167821,9.40762,9.24745,451,42110,0.768109,0.59,2,1898517,1898066,451
132170741,41.8815,41.8495,451,42160,0.769622,0.59,2,1898567,1898116,451
132173661,37.1763,38.7699,449,42210,0.769924,0.55,2,1898603,1898154,449
132176581,9.03526,9.35398,449,42260,0.769985,0.59,2,1898605,1898156,449
132179501,22.6071,22.6708,449,42310,0.769997,0.61,2,1898631,1898182,449
132182421,78.9214,78.1342,450,42360,0.881999,0.61,2,1898724,1898274,450
132185341,49.3843,49.2268,450,42410,0.9044,0.57,2,1898766,1898316,450
132188261,39.4769,38.6454,451,42460,0.89288,0.69,2,1898803,1898352,451
132191181,37.4954,34.1291,455,42510,0.922576,0.71,2,1898840,1898385,455
132194101,31.4991,30.8258,455,42560,0.928515,0.71,2,1898870,1898415,455
132197021,7.89981,7.76516,455,42610,0.929703,0.69,2,1898872,1898417,455
132199941,28.78,27.953,456,42660,0.913941,0.73,2,1898906,1898450,456
132380981,35,33,498,45624,0.79,1,2,1900955,1900457,498
132383901,24.6,29.8,491,45670,0.79,0.92,2,1900977,1900486,491
132386821,21.72,29.96,482,45716,0.822,1,2,1900998,1900516,482
132389741,33.944,29.992,489,45762,0.7644,1,2,1901035,1900546,489
132392661,48.3888,60.3984,473,45808,0.75288,1,2,1901087,1900614,473
132395581,51.2778,56.0797,470,45854,0.750576,1,2,1901139,1900669,470
132398501,29.4556,28.8159,472,45900,0.766115,1,2,1901163,1900691,472
132401421,32.2911,32.9632,471,45946,0.801223,1,2,1901196,1900725,471
132404341,24.8582,6.59264,494,45992,0.808245,0.96,2,1901219,1900725,494
132407261,20.1716,22.9185,486,46038,0.825649,0.89,2,1901238,1900752,486
132410181,16.8343,19.7837,483,46084,0.82913,0.97,2,1901254,1900771,483
132413101,32.9669,16.7567,504,46130,0.845826,0.85,2,1901291,1900787,504
132416021,28.9934,37.7513,489,46176,0.801165,0.95,2,1901319,1900830,489
132418941,28.1987,28.3503,491,46222,0.840233,0.87,2,1901347,1900856,491
132421861,31.2397,29.6701,493,46268,0.816047,0.83,2,1901379,1900886,493
132424781,36.6479,33.134,497,46314,0.795209,0.79,2,1901417,1900920,497
132427701,23.3296,34.6268,482,46360,0.807042,0.79,2,1901437,1900955,482
132430621,21.4659,24.5254,481,46405,0.809408,0.83,2,1901458,1900977,481
132433541,33.0932,21.7051,496,46450,0.793882,0.75,2,1901494,1900998,496
132436461,46.6186,33.941,509,46495,0.838776,0.75,2,1901544,1901035,509
132439381,53.3237,48.3882,512,46540,0.831755,0.75,2,1901599,1901087,512
132442301,30.6647,51.2776,485,46585,0.862351,0.77,2,1901624,1901139,485
132445221,32.5329,29.4555,494,46630,0.86847,0.81,2,1901657,1901163,494
132448141,24.9066,32.2911,484,46675,0.885694,0.81,2,1901680,1901196,484
132451061,20.9813,24.8582,481,46720,0.905139,0.83,2,1901700,1901219,481
132453981,16.9963,20.1716,478,46765,0.909028,0.83,2,1901716,1901238,478
132456901,32.9993,16.8343,499,46810,0.941806,0.85,2,1901753,1901254,499
132655461,25,29,519,49780,0.85,1,2,1903790,1903271,519
132658381,36.2,28.2,530,49822,0.786,1,2,1903829,1903299,530
132661301,34.44,32.04,531,49864,0.6612,1,1,1903863,1903332,531
132664221,24.488,34.408,518,49906,0.65224,1,1,1903885,1903367,518
132667141,36.0976,30.8816,527,49948,0.554448,1,1,1903924,1903397,527
132670061,36.8195,32.5763,531,49990,0.42289,1,1,1903961,1903430,531
132672981,44.1639,53.7153,518,50032,0.348578,1,1,1904007,1903489,518
132675901,27.2328,39.5431,505,50074,0.269716,1,1,1904030,1903525,505
132678821,29.4466,33.5086,503,50116,0.253943,1,1,1904060,1903557,503
132681741,29.0893,32.3017,500,50158,0.154789,1,1,1904089,1903589,500
132684661,26.6179,26.4603,501,50200,0.0869577,0.94,1,1904115,1903614,501
132687581,15.7236,26.8921,487,50242,0.0413915,0.89,1,1904128,1903641,487
132690501,11.1447,15.7784,484,50284,0.0162783,0.97,1,1904138,1903654,484
132693421,20.6289,12.7557,495,50326,0.0592557,1,1,1904161,1903666,495
132696341,15.3258,33.7511,470,50368,0.0838511,0.89,1,1904175,1903705,470
132699261,29.4652,36.3502,466,50410,0.0407702,0.87,1,1904208,1903742,466
132702181,22.693,25.67,464,50452,0.064154,0.85,1,1904229,1903765,464
132705101,26.1386,25.134,466,50494,0.0528308,0.77,1,1904256,1903790,466
132708021,34.8277,36.2268,464,50536,0.0505662,0.63,1,1904293,1903829,464
132710941,28.5655,34.4454,457,50578,0.0501132,0.65,1,1904320,1903863,457
132713861,16.9131,24.4891,449,50620,0.0500226,0.53,1,1904334,1903885,449
132716781,32.1826,36.0978,446,50662,0.0820045,0.39,1,1904370,1903924,446
132719701,32.0365,36.8196,441,50704,0.0724009,0.33,1,1904402,1903961,441
132722621,38.4073,44.1639,435,50746,0.11848,0.25,1,1904442,1904007,435
132725541,26.0815,27.2328,435,50788,0.143696,0.25,1,1904465,1904030,435
132728461,24.4163,29.4466,429,50829,0.116739,0.13,1,1904489,1904060,429
132731381,24.8833,29.0893,425,50870,0.159348,0.07,1,1904514,1904089,425
132734301,23.3767,26.6179,422,50911,0.15187,0.03,1,1904537,1904115,422
132737221,15.0753,15.7236,422,50952,0.166374,0.01,1,1904550,1904128,422
132740141,13.4151,11.1447,425,50993,0.121275,0.07,1,1904563,1904138,425
132743061,19.483,20.6289,423,51034,0.160255,0.09,1,1904584,1904161,423
132745981,14.2966,15.3258,422,51075,0.120051,0.03,1,1904597,1904175,422
132748901,30.0593,29.4652,423,51116,0.11201,0.07,1,1904631,1904208,423
132751821,22.0119,22.693,422,51157,0.110402,0.05,1,1904651,1904229,422
132754741,26.0024,26.1386,422,51198,0.14208,0.05,1,1904678,1904256,422
132757661,34.8005,34.8277,422,51239,0.132416,0.05,1,1904715,1904293,422
132760581,28.5601,28.5655,422,51280,0.114483,0.05,1,1904742,1904320,422
132763501,16.912,16.9131,422,51321,0.0948966,0.09,1,1904756,1904334,422
132766421,33.7824,32.1826,424,51362,0.106979,0.07,1,1904794,1904370,424
132769341,33.9565,32.0365,426,51403,0.189396,0.13,1,1904828,1904402,426
132772261,38.7913,38.4073,426,51444,0.205879,0.15,1,1904868,1904442,426
132775181,26.9583,26.0815,427,51485,0.241176,0.11,1,1904892,1904465,427
132778101,25.3917,24.4163,428,51526,0.248235,0.17,1,1904917,1904489,428
132781021,26.6783,24.8833,430,51567,0.297647,0.15,1,1904944,1904514,430
132783941,22.9357,23.3767,429,51608,0.291529,0.17,1,1904966,1904537,429
132786861,14.1871,15.0753,428,51649,0.290306,0.11,1,1904978,1904550,428
132789781,12.4374,13.4151,427,51690,0.322061,0.17,1,1904990,1904563,427
132792701,18.4875,19.483,426,51731,0.296412,0.11,1,1905010,1904584,426
132795621,14.8975,14.2966,427,51772,0.291282,0.11,1,1905024,1904597,427
132798541,27.7795,2.85932,458,51813,0.290257,0.11,1,1905055,1904597,458
132801461,23.1559,27.7719,446,51854,0.290051,0.11,1,1905077,1904631,446
132804381,26.2312,21.5544,453,51895,0.33801,0.15,1,1905104,1904651,453
132807301,34.0462,25.9109,462,51936,0.347602,0.13,1,1905140,1904678,462
132810221,28.4092,34.7822,452,51977,0.33352,0.11,1,1905167,1904715,452
132813141,16.8818,28.5564,439,52018,0.330704,0.09,1,1905181,1904742,439
132816061,35.3764,16.9113,465,52058,0.298141,0.11,1,1905221,1904756,465
132818981,38.2753,33.7823,466,52098,0.307628,0.21,1,1905260,1904794,466
132821901,38.8551,33.9565,471,52138,0.293526,0.21,1,1905299,1904828,471
132824821,27.771,38.7913,456,52178,0.290705,0.25,1,1905324,1904868,456
132827741,26.3542,26.9583,458,52218,0.306141,0.25,1,1905350,1904892,458
132830661,28.4708,25.3917,462,52258,0.341228,0.31,1,1905379,1904917,462
132833581,23.2942,26.6783,457,52298,0.348246,0.29,1,1905401,1904944,457
132836501,14.2588,22.9357,447,52338,0.349649,0.29,1,1905413,1904966,447
132839421,12.4518,14.1871,447,52378,0.34993,0.33,1,1905425,1904978,447
132842341,18.4904,12.4374,455,52418,0.349986,0.29,1,1905445,1904990,455
132845261,15.6981,18.4875,450,52458,0.365997,0.29,1,1905460,1905010,450
132848181,27.1396,14.8975,466,52498,0.337199,0.29,1,1905490,1905024,466
132851101,23.0279,27.7795,457,52538,0.33144,0.29,1,1905512,1905055,457
132854021,28.6056,23.1559,465,52578,0.362288,0.35,1,1905542,1905077,465
132856941,34.5211,26.2312,474,52618,0.384458,0.35,1,1905578,1905104,474
132859861,27.7042,34.0462,464,52658,0.388892,0.33,1,1905604,1905140,464
132862781,16.7408,28.4092,451,52698,0.389778,0.33,1,1905618,1905167,451
132865701,33.7482,16.8818,475,52738,0.389956,0.29,1,1905656,1905181,475
132868621,38.7496,35.3764,475,52778,0.421991,0.31,1,1905696,1905221,475
132871541,38.1499,38.2753,474,52818,0.444398,0.29,1,1905734,1905260,474
132874461,27.63,38.8551,460,52858,0.49688,0.29,1,1905759,1905299,460
132877381,27.926,27.771,463,52898,0.523376,0.31,1,1905787,1905324,463
132880301,28.7852,26.3542,466,52938,0.512675,0.35,1,1905816,1905350,466
132883221,24.157,28.4708,460,52978,0.494535,0.35,1,1905839,1905379,460
132886141,14.4314,23.2942,450,53018,0.490907,0.35,1,1905851,1905401,450
132889061,12.4863,14.2588,450,53058,0.490181,0.35,1,1905863,1905413,450
132891981,18.4973,12.4518,458,53098,0.506036,0.35,1,1905883,1905425,458
132894901,14.8995,18.4904,452,53138,0.509207,0.37,1,1905897,1905445,452
132897821,26.9799,15.6981,467,53178,0.525841,0.33,1,1905927,1905460,467
132900741,22.996,27.1396,459,53218,0.545168,0.33,1,1905949,1905490,459
132903661,6.1992,23.0279,439,53258,0.565034,0.37,1,1905951,1905512,439
132906581,26.0398,28.6056,440,53298,0.585007,0.39,1,1905982,1905542,440
132909501,34.808,34.5211,441,53337,0.605001,0.39,1,1906019,1905578,441
132912421,27.7616,27.7042,441,53376,0.625,0.39,1,1906045,1905604,441
132915341,16.7523,16.7408,441,53415,0.629,0.39,1,1906059,1905618,441
132918261,34.5505,33.7482,442,53454,0.6298,0.43,1,1906098,1905656,442
132921181,39.7101,38.7496,443,53493,0.64596,0.45,1,1906139,1905696,443
132924101,39.942,38.1499,445,53532,0.617192,0.51,1,1906179,1905734,445
132927021,29.5884,27.63,447,53571,0.659438,0.53,1,1906206,1905759,447
132929941,29.1177,27.926,448,53610,0.651888,0.51,1,1906235,1905787,448
132932861,28.2235,28.7852,447,53649,0.666378,0.49,1,1906263,1905816,447
132935781,23.2447,24.157,446,53688,0.669276,0.49,1,1906285,1905839,446
132938701,14.2489,14.4314,446,53727,0.685855,0.49,1,1906297,1905851,446
132941621,12.4498,12.4863,446,53766,0.689171,0.51,1,1906309,1905863,446
132944541,19.29,18.4973,447,53805,0.705834,0.51,1,1906330,1905883,447
132947461,15.058,14.8995,447,53844,0.709167,0.53,1,1906344,1905897,447
132950381,28.6116,26.9799,449,53883,0.773833,0.55,2,1906376,1905927,449
132953301,24.1223,22.996,450,53922,0.818767,0.57,2,1906399,1905949,450
132956221,6.42446,6.1992,450,53961,0.827753,0.59,2,1906401,1905951,450
132959141,25.2849,26.0398,449,54000,0.861551,0.61,2,1906431,1905982,449
132962061,35.457,34.808,450,54039,0.90031,0.63,2,1906469,1906019,450
132964981,28.6914,27.7616,451,54078,0.940062,0.63,2,1906496,1906045,451
132967901,16.9383,16.7523,451,54117,0.916012,0.63,2,1906510,1906059,451
132970821,36.1877,34.5505,453,54156,0.927202,0.65,2,1906551,1906098,453
132973741,39.2375,39.7101,452,54195,0.929441,0.61,2,1906591,1906139,452
132976661,39.8475,39.942,452,54234,0.913888,0.67,2,1906631,1906179,452
133229241,30,52,487,26441,0.73,1,1,1908931,1908444,487
133232161,67.6,57.6,505,26521,0.762,1,2,1909008,1908503,505
133235081,63.12,65.12,500,26601,0.8164,0.81,2,1909070,1908570,500
133238001,67.824,77.824,488,26681,0.82728,0.77,2,1909139,1908651,488
133240921,46.3648,47.5648,489,26760,0.813456,0.67,2,1909180,1908691,489
133243841,60.473,82.313,462,26839,0.826691,0.71,2,1909244,1908782,462
133246761,24.8946,30.0626,461,26918,0.861338,0.67,2,1909260,1908799,461
133249681,14.5789,14.8125,462,26997,0.900268,0.75,2,1909272,1908810,462
133252601,74.1158,75.7625,460,27075,0.892054,0.73,2,1909361,1908901,460
133255521,38.0232,39.1525,459,27153,0.874411,0.77,2,1909390,1908931,459
133258441,70.8046,69.4305,461,27231,0.870882,0.83,2,1909469,1909008,461
133261361,63.7609,63.4861,461,27309,0.854176,0.83,2,1909531,1909070,461
133264281,69.5522,67.8972,463,27387,0.930835,0.81,2,1909602,1909139,463
133369401,52,52,486,30044,0.59,1,1,1911415,1910929,486
133372321,72,77.6,479,30114,0.478,1,1,1911492,1911013,479
133375241,41.6,44.32,477,30184,0.2316,1,1,1911526,1911049,477
133378161,71.52,67.264,483,30254,0.05432,1,1,1911605,1911122,483
133381081,38.304,37.4528,483,30324,0.018864,0.96,1,1911635,1911152,483
133384001,27.6608,30.6906,479,30394,0.0117728,0.94,1,1911660,1911181,479
133386921,45.5322,50.1381,474,30464,0.00235456,0.99,1,1911710,1911236,474
133389841,27.5064,37.2276,463,30533,0.00847091,0.86,1,1911733,1911270,463
133392761,27.1013,29.8455,462,30602,0.00969418,0.73,1,1911760,1911298,462
133395681,55.0203,57.9691,459,30671,0.00993884,0.59,1,1911822,1911363,459
133398601,43.0041,53.1938,447,30740,0.00998777,0.45,1,1911862,1911415,447
133401521,64.6008,72.2388,440,30809,0.00999755,0.17,1,1911932,1911492,440
133404441,32.9202,41.6478,431,30878,0.0739995,0.01,1,1911957,1911526,431
133407361,63.384,71.5296,423,30947,0.0387999,0.01,1,1912028,1911605,423
133410281,39.0768,38.3059,426,31015,0.03176,0.01,1,1912061,1911635,426
133413201,25.4154,27.6612,423,31083,0.014352,0,1,1912083,1911660,423
133416121,44.2831,45.5322,422,31151,0.0268704,0.01,1,1912132,1911710,422
133419041,27.2566,27.5064,422,31219,0.0453741,0.01,1,1912155,1911733,422
133421961,27.0513,27.1013,422,31287,0.0170748,0.01,1,1912182,1911760,422
133424881,54.2103,5.42026,483,31355,0.091415,0.01,1,1912243,1911760,483
133427801,42.8421,50.6841,461,31422,0.106283,0.01,1,1912283,1911822,461
133430721,64.5684,42.1368,491,31489,0.0772566,0.01,1,1912353,1911862,491
133433641,35.3137,64.4274,449,31556,0.0714513,0.09,1,1912381,1911932,449
133436561,62.2627,32.8855,493,31623,0.0382903,0.03,1,1912450,1911957,493
133439481,38.0525,63.3771,454,31690,0.0316581,0.03,1,1912482,1912028,454
133442401,25.2105,39.0754,443,31757,0.0303316,0.01,1,1912504,1912061,443
133445321,44.2421,25.4151,470,31824,0.0300663,0.03,1,1912553,1912083,470
133448241,28.0484,44.283,445,31890,0.0140133,0.05,1,1912577,1912132,445
133451161,26.4097,27.2566,448,31956,0.0428027,0.01,1,1912603,1912155,448
133454081,56.4819,27.0513,485,32022,0.0325605,0.11,1,1912667,1912182,485
133457001,41.6964,54.2103,462,32088,0.0145121,0.11,1,1912705,1912243,462
133459921,65.9393,42.8421,494,32154,0.106902,0.07,1,1912777,1912283,494
133462841,37.1879,64.5684,454,32220,0.12538,0.07,1,1912807,1912353,454
133465761,59.4376,35.3137,491,32286,0.193076,0.03,1,1912872,1912381,491
133468681,37.4875,62.2627,454,32352,0.126615,0.03,1,1912904,1912450,454
133471601,24.2975,38.0525,443,32417,0.097323,0.03,1,1912925,1912482,443
133474521,44.0595,25.2105,470,32482,0.0194646,0.03,1,1912974,1912504,470
133477441,28.8119,44.2421,446,32547,0.0118929,0.01,1,1912999,1912553,446
133480361,25.7624,28.0484,447,32612,0.0423786,0.05,1,1913024,1912577,447
133483281,57.1525,26.4097,486,32677,0.0324757,0.03,1,1913089,1912603,486
133486201,41.8305,56.4819,460,32742,0.00649514,0.01,1,1913127,1912667,460
133489121,9.9661,41.6964,424,32807,0.025299,0.13,1,1913129,1912705,424
133492041,62.7932,65.9393,428,32871,0.0930598,0.13,1,1913205,1912777,428
133494961,38.1586,37.1879,430,32935,0.090612,0.21,1,1913237,1912807,430
133497881,61.2317,59.4376,432,32999,0.122122,0.11,1,1913304,1912872,432
133500801,33.8463,37.4875,427,33063,0.160424,0.09,1,1913331,1912904,427
133503721,21.1693,24.2975,424,33127,0.184085,0,1,1913349,1912925,424
133506641,42.6339,44.0595,423,33191,0.124817,0.01,1,1913397,1912974,423
133509561,28.5268,28.8119,423,33255,0.0489634,0.05,1,1913422,1912999,423
133512481,24.9054,25.7624,422,33319,0.0657927,0.03,1,1913446,1913024,422
133515401,57.7811,57.1525,423,33382,0.0691585,0,1,1913512,1913089,423
133518321,41.9562,41.8305,423,33445,0.0378317,0.03,1,1913550,1913127,423
133521241,9.99124,9.9661,423,33508,0.00756634,0.11,1,1913552,1913129,423
133524161,64.3982,62.7932,425,33571,0.0255133,0.09,1,1913630,1913205,425
133527081,40.0796,38.1586,427,33634,0.0771027,0.13,1,1913664,1913237,427
133530001,63.2159,61.2317,429,33697,0.0874205,0.17,1,1913733,1913304,429
133532921,35.0432,33.8463,430,33760,0.105484,0.19,1,1913761,1913331,430
133535841,22.2086,21.1693,431,33823,0.0930968,0.11,1,1913780,1913349,431
133538761,35.6417,42.6339,422,33886,0.0906194,0.03,1,1913819,1913397,422
133541681,27.1283,28.5268,422,33948,0.0581239,0.07,1,1913844,1913422,422
133544601,25.4257,24.9054,423,34010,0.0356248,0.07,1,1913869,1913446,423
133547521,57.8851,57.7811,423,34072,0.031125,0.03,1,1913935,1913512,423
133550441,41.177,41.9562,422,34134,0.014225,0,1,1913972,1913550,422
133553361,9.8354,9.99124,422,34196,0.026845,0.03,1,1913974,1913552,422
133556281,65.1671,64.3982,423,34258,0.061369,0.03,1,1914053,1913630,423
133559201,40.2334,12.8796,457,34320,0.116274,0.09,1,1914087,1913630,457
133562121,63.2467,29.7759,492,34382,0.175255,0.09,1,1914156,1913664,492
133565041,35.8493,61.1552,452,34443,0.219051,0.11,1,1914185,1913733,452
133567961,22.3699,34.631,443,34504,0.24381,0.09,1,1914204,1913761,443
133570881,35.674,22.1262,463,34565,0.296762,0.09,1,1914243,1913780,463
133573801,24.7348,35.6252,446,34626,0.291352,0.05,1,1914265,1913819,446
133576721,24.947,27.125,446,34687,0.24227,0.03,1,1914290,1913844,446
133579641,58.5894,25.425,488,34748,0.152454,0.03,1,1914357,1913869,488
133582561,40.5179,57.885,458,34809,0.118491,0.01,1,1914393,1913935,458
133585481,9.70358,41.177,423,34870,0.111698,0.03,1,1914395,1913972,423
133588401,68.3407,9.8354,504,34931,0.11034,0.07,1,1914478,1913974,504
133591321,42.4681,65.1671,461,34992,0.110068,0.13,1,1914514,1914053,461
133594241,66.0936,40.2334,499,35052,0.142014,0.19,1,1914586,1914087,499
133597161,38.0187,63.2467,461,35112,0.180403,0.23,1,1914617,1914156,461
133600081,23.6037,35.8493,452,35172,0.188081,0.25,1,1914637,1914185,452
133603001,36.7207,22.3699,473,35232,0.221616,0.31,1,1914677,1914204,473
133605921,24.1442,35.674,455,35292,0.244323,0.29,1,1914698,1914243,455
133608841,24.0288,24.7348,457,35352,0.248865,0.23,1,1914722,1914265,457
133611761,54.4058,24.947,494,35412,0.265773,0.13,1,1914784,1914290,494
133614681,38.0812,58.5894,461,35472,0.269155,0.11,1,1914818,1914357,461
133617601,9.21623,40.5179,427,35532,0.269831,0.11,1,1914820,1914393,427
133620521,69.0433,9.70358,509,35591,0.333966,0.11,1,1914904,1914395,509
133623441,42.6087,68.3407,462,35650,0.394793,0.11,1,1914940,1914478,462
133626361,10.1217,42.4681,428,35709,0.406959,0.15,1,1914942,1914514,428
133629281,60.4243,66.0936,429,35768,0.409392,0.19,1,1915015,1914586,429
133632201,38.4849,38.0187,431,35827,0.409878,0.19,1,1915048,1914617,431
133635121,24.497,23.6037,432,35886,0.425976,0.23,1,1915069,1914637,432
133638041,37.6994,36.7207,433,35945,0.397195,0.25,1,1915110,1914677,433
133640961,25.1399,24.1442,434,36004,0.439439,0.25,1,1915132,1914698,434
133643881,25.028,24.0288,435,36063,0.463888,0.27,1,1915157,1914722,435
133646801,54.6056,54.4058,435,36122,0.516778,0.27,1,1915219,1914784,435
133649721,39.7211,38.0812,437,36181,0.495356,0.27,1,1915255,1914818,437
133652641,9.54422,9.21623,437,36239,0.491071,0.35,1,1915257,1914820,437
133655561,70.7088,69.0433,439,36297,0.522214,0.41,1,1915343,1914904,439
133658481,45.3418,42.6087,442,36355,0.512443,0.41,1,1915382,1914940,442
133661401,10.6684,10.1217,442,36413,0.510489,0.41,1,1915384,1914942,442
133664321,60.5337,60.4243,442,36471,0.494098,0.41,1,1915457,1915015,442
133667241,38.5067,38.4849,442,36529,0.53882,0.43,1,1915490,1915048,442
133670161,23.7013,24.497,441,36587,0.547764,0.39,1,1915510,1915069,441
133673081,37.5403,37.6994,441,36645,0.549553,0.45,1,1915551,1915110,441
133676001,26.7081,25.1399,443,36703,0.581911,0.47,1,1915575,1915132,443
133678921,26.9416,25.028,445,36761,0.588382,0.53,1,1915602,1915157,445
133681841,55.7883,54.6056,446,36818,0.605676,0.49,1,1915665,1915219,446
133684761,39.9577,39.7211,446,36875,0.641135,0.49,1,1915701,1915255,446
133687681,9.59153,9.54422,446,36932,0.616227,0.53,1,1915703,1915257,446
133690601,72.3183,70.7088,448,36989,0.627245,0.51,1,1915791,1915343,448
133693521,44.8637,45.3418,447,37046,0.645449,0.51,1,1915829,1915382,447
133696441,10.5727,10.6684,447,37103,0.64909,0.49,1,1915831,1915384,447
133699361,59.7145,60.5337,446,37160,0.665818,0.49,1,1915903,1915457,446
133702281,38.3429,12.1067,479,37217,0.685164,0.55,1,1915936,1915457,479
133705201,23.6686,28.8213,466,37274,0.689033,0.55,1,1915956,1915490,466
133708121,39.1337,21.7643,489,37331,0.721807,0.55,1,1915999,1915510,489
133711041,28.6267,37.1529,474,37388,0.744361,0.59,1,1916025,1915551,474
133713961,27.3253,26.6306,477,37445,0.780872,0.59,2,1916052,1915575,477
133716881,56.6651,26.9261,514,37501,0.836174,0.61,2,1916116,1915602,514
133719801,40.133,55.7852,487,37557,0.847235,0.65,2,1916152,1915665,487
133722721,9.6266,39.957,453,37613,0.849447,0.61,2,1916154,1915701,453
133725641,71.5253,9.59141,538,37669,0.865889,0.63,2,1916241,1915703,538
133728561,45.5051,72.3183,489,37725,0.853178,0.65,2,1916280,1915791,489
133731481,10.701,44.8637,453,37781,0.850636,0.65,2,1916282,1915829,453
133734401,62.1402,10.5727,526,37837,0.882127,0.67,2,1916357,1915831,526
133737321,39.628,59.7145,488,37893,0.936425,0.69,2,1916391,1915903,488
133740241,23.9256,38.3429,475,37949,0.947285,0.69,2,1916411,1915936,475
133743161,40.7851,23.6686,500,38005,0.949457,0.73,2,1916456,1915956,500
133746081,30.557,39.1337,485,38061,0.933891,0.75,2,1916484,1915999,485
133886241,28,60,514,40637,0.91,1,2,1918300,1917786,514
133889161,31.2,49.6,499,40689,0.83,1,2,1918332,1917833,499
133892081,30.24,31.52,502,40741,0.798,1,2,1918362,1917860,502
133895001,26.048,24.704,504,40793,0.7276,1,1,1918387,1917883,504
133897921,16.4096,23.3408,495,40845,0.76152,1,2,1918401,1917906,495
133900841,28.8819,14.2682,515,40897,0.736304,1,1,1918433,1917918,515
133903761,48.9764,15.6536,553,40949,0.731261,0.96,1,1918487,1917934,553
133906681,36.9953,63.1307,512,41001,0.714252,1,1,1918521,1918009,512
133909601,30.5991,47.0261,498,41052,0.75885,1,2,1918550,1918052,498
133912521,62.1198,32.6052,539,41103,0.76777,0.94,2,1918620,1918081,539
133915441,31.624,60.921,495,41154,0.801554,1,2,1918644,1918149,495
133918361,31.9248,32.9842,501,41205,0.808311,0.89,2,1918676,1918175,501
133921281,52.785,34.5968,524,41256,0.825662,0.83,2,1918734,1918210,524
133924201,31.357,56.5194,488,41307,0.861132,0.91,2,1918760,1918272,488
133927121,31.0714,33.7039,491,41358,0.884227,0.81,2,1918791,1918300,491
133930041,31.0143,32.3408,490,41409,0.936845,0.79,2,1918822,1918332,490
134119841,27,64,486,44601,0.75,1,2,1920983,1920497,486
134122761,27.8,38.4,482,44648,0.67,1,1,1921011,1920529,482
134125681,45.56,39.68,492,44695,0.462,1,1,1921061,1920569,492
134128601,37.112,35.936,492,44742,0.3404,1,1,1921096,1920604,492
134131521,31.4224,34.3872,488,44789,0.25208,1,1,1921126,1920638,488
134134441,43.0845,51.6774,478,44836,0.138416,1,1,1921172,1920694,478
134137361,35.8169,34.3355,482,44883,0.0676832,1,1,1921206,1920724,482
134140281,37.5634,37.2671,482,44930,0.0375366,0.98,1,1921244,1920762,482
134143201,21.9127,29.0534,473,44977,0.0315073,1,1,1921262,1920789,473
134146121,33.9825,26.6107,484,45024,0.0143015,1,1,1921299,1920815,484
134149041,27.5965,29.3221,480,45071,0.0108603,0.97,1,1921325,1920845,480
134151961,25.5193,33.0644,471,45118,0.0741721,0.94,1,1921350,1920879,471
134154881,21.1039,25.8129,467,45165,0.0388344,0.79,1,1921370,1920903,467
134157801,11.4208,12.3626,467,45212,0.0477669,0.75,1,1921379,1920912,467
134160721,29.4842,37.6725,457,45259,0.0495534,0.75,1,1921413,1920956,457
134163641,25.0968,29.1345,454,45306,0.0659107,0.65,1,1921437,1920983,454
134166561,26.6194,28.2269,453,45353,0.0851821,0.41,1,1921464,1921011,453
134169481,36.5239,45.6454,442,45400,0.105036,0.31,1,1921503,1921061,442
134172401,33.7048,37.1291,440,45446,0.125007,0.23,1,1921536,1921096,440
134175321,26.741,31.4258,435,45492,0.145001,0.11,1,1921561,1921126,435
134178241,33.3482,43.0852,424,45538,0.149,0.05,1,1921596,1921172,424
134181161,33.8696,35.817,424,45584,0.1498,0.03,1,1921630,1921206,424
134184081,36.3739,37.5634,423,45630,0.10196,0.03,1,1921667,1921244,423
134187001,20.8748,21.9127,422,45676,0.060392,0.01,1,1921684,1921262,422
134189921,34.575,33.9825,423,45722,0.0360784,0.01,1,1921722,1921299,423
134192841,27.715,27.5965,423,45768,0.00721568,0.09,1,1921748,1921325,423
134195761,25.543,25.5193,423,45814,0.0254431,0.03,1,1921773,1921350,423
134198681,21.1086,21.1039,423,45860,0.0290886,0.05,1,1921793,1921370,423
134201601,11.4217,11.4208,423,45906,0.0458177,0.05,1,1921802,1921379,423
134204521,30.2843,29.4842,424,45952,0.0171635,0.05,1,1921837,1921413,424
134207441,25.2569,5.89683,448,45998,0.0274327,0.07,1,1921861,1921413,448
134210361,25.8514,20.3794,450,46044,0.0294865,0.09,1,1921887,1921437,450
134213281,37.1703,25.6759,463,46090,0.0298973,0.11,1,1921927,1921464,463
134216201,34.6341,36.3352,458,46136,0.0619795,0.13,1,1921961,1921503,458
134219121,27.7268,33.667,451,46182,0.100396,0.15,1,1921987,1921536,451
134222041,35.1454,26.7334,463,46228,0.156079,0.15,1,1922024,1921561,463
134224961,32.6291,33.3467,460,46274,0.183216,0.15,1,1922056,1921596,460
134227881,32.1258,33.8693,458,46320,0.204643,0.09,1,1922088,1921630,458
134230801,20.0252,36.3739,438,46366,0.176929,0.05,1,1922105,1921667,438
134233721,34.405,20.8748,459,46411,0.139386,0.03,1,1922143,1921684,459
134236641,27.681,34.575,447,46456,0.115877,0,1,1922169,1921722,447
134239561,27.9362,27.715,449,46501,0.0951754,0.03,1,1922197,1921748,449
134242481,19.9872,25.543,442,46546,0.139035,0.03,1,1922215,1921773,442
134245401,12.7974,21.1086,433,46591,0.163807,0.05,1,1922226,1921793,433
134248321,28.9595,11.4217,457,46636,0.152761,0.01,1,1922259,1921802,457
134251241,24.9919,30.2843,446,46681,0.182552,0.03,1,1922283,1921837,446
134254161,25.7984,25.2569,448,46726,0.20451,0.03,1,1922309,1921861,448
134257081,37.9597,25.8514,463,46771,0.192902,0.03,1,1922350,1921887,463
134260001,35.5919,37.1703,458,46816,0.17458,0.07,1,1922385,1921927,458
134262921,29.5184,34.6341,452,46861,0.170916,0.11,1,1922413,1921961,452
134265841,38.7037,27.7268,467,46906,0.138183,0.17,1,1922454,1921987,467
134268761,33.3407,35.1454,462,46951,0.195637,0.19,1,1922486,1922024,462
134271681,32.2681,32.6291,462,46996,0.207127,0.21,1,1922518,1922056,462
134274601,19.2536,32.1258,446,47041,0.241425,0.17,1,1922534,1922088,446
134277521,31.8507,20.0252,464,47086,0.280285,0.13,1,1922569,1922105,464
134280441,25.5701,34.405,450,47131,0.256057,0.11,1,1922593,1922143,450
134283361,29.914,27.681,455,47176,0.235211,0.09,1,1922624,1922169,455
134286281,21.1828,27.9362,446,47221,0.263042,0.15,1,1922643,1922197,446
134289201,13.8366,19.9872,440,47266,0.268608,0.17,1,1922655,1922215,440
134292121,29.9673,12.7974,463,47311,0.269722,0.15,1,1922689,1922226,463
134295041,25.1935,28.9595,454,47356,0.301944,0.19,1,1922713,1922259,454
134297961,6.63869,24.9919,432,47401,0.308389,0.21,1,1922715,1922283,432
134300881,22.1277,25.7984,432,47445,0.325678,0.19,1,1922741,1922309,432
134303801,36.4255,37.9597,431,47489,0.361136,0.17,1,1922781,1922350,431
134306721,34.4851,35.5919,430,47533,0.384227,0.17,1,1922815,1922385,430
134309641,29.297,29.5184,430,47577,0.356845,0.13,1,1922843,1922413,430
134312561,39.4594,38.7037,431,47621,0.351369,0.21,1,1922885,1922454,431
134315481,34.2919,33.3407,432,47665,0.318274,0.21,1,1922918,1922486,432
134318401,34.0584,32.2681,434,47709,0.375655,0.25,1,1922952,1922518,434
134321321,19.6117,19.2536,434,47753,0.387131,0.29,1,1922968,1922534,434
134324241,31.9223,31.8507,434,47797,0.437426,0.25,1,1923003,1922569,434
134327161,25.5845,25.5701,434,47841,0.447485,0.23,1,1923027,1922593,434
134330081,29.9169,29.914,434,47885,0.465497,0.27,1,1923058,1922624,434
134333001,21.9834,21.1828,435,47929,0.469099,0.27,1,1923078,1922643,435
134335921,13.9967,13.8366,435,47973,0.43782,0.27,1,1923090,1922655,435
134338841,31.5993,29.9673,437,48017,0.495564,0.31,1,1923126,1922689,437
134341761,26.3199,25.1935,438,48061,0.459113,0.31,1,1923151,1922713,438
134344681,6.86397,6.63869,438,48105,0.451823,0.33,1,1923153,1922715,438
134347601,22.1728,22.1277,438,48149,0.450365,0.37,1,1923179,1922741,438
134350521,36.4346,36.4255,438,48193,0.482073,0.39,1,1923219,1922781,438
134353441,35.2869,34.4851,439,48237,0.472415,0.35,1,1923254,1922815,439
134356361,29.4574,29.297,439,48281,0.470483,0.35,1,1923282,1922843,439
134359281,37.8915,39.4594,437,48325,0.438097,0.31,1,1923322,1922885,437
134362201,34.7783,34.2919,438,48369,0.463619,0.39,1,1923356,1922918,438
134365121,35.7557,34.0584,440,48413,0.484724,0.39,1,1923392,1922952,440
134368041,21.5511,19.6117,442,48457,0.488945,0.45,1,1923410,1922968,442
134370961,33.9102,31.9223,444,48500,0.489789,0.45,1,1923447,1923003,444
134373881,25.982,25.5845,444,48543,0.521958,0.47,1,1923471,1923027,444
134376801,29.1964,29.9169,443,48586,0.560392,0.47,1,1923501,1923058,443
134379721,21.8393,21.9834,443,48629,0.536078,0.43,1,1923521,1923078,443
134382641,13.9679,13.9967,443,48672,0.563216,0.51,1,1923533,1923090,443
134385561,31.5936,31.5993,443,48715,0.568643,0.45,1,1923569,1923126,443
134388481,25.5187,26.3199,442,48758,0.537729,0.45,1,1923593,1923151,442
134391401,6.70374,6.86397,442,48801,0.563546,0.45,1,1923595,1923153,442
134394321,22.1407,22.1728,442,48844,0.568709,0.45,1,1923621,1923179,442
134397241,37.2281,4.43456,483,48887,0.585742,0.49,1,1923662,1923179,483
134400161,34.6456,32.8869,477,48930,0.589148,0.47,1,1923696,1923219,477
134403081,29.3291,34.5774,470,48973,0.62183,0.47,1,1923724,1923254,470
134406001,37.8658,29.3155,482,49016,0.644366,0.43,1,1923764,1923282,482
134408921,36.3732,37.8631,478,49059,0.664873,0.47,1,1923800,1923322,478
134411841,36.8746,34.7726,481,49102,0.700975,0.49,1,1923837,1923356,481
134414761,21.7749,35.7545,463,49145,0.724195,0.49,1,1923855,1923392,463
134417681,33.955,21.5509,482,49188,0.792839,0.49,2,1923892,1923410,482
134420601,27.591,33.9102,471,49231,0.806568,0.53,2,1923918,1923447,471
134423521,29.5182,25.982,477,49274,0.809314,0.57,2,1923948,1923471,477
134426441,21.9036,29.1964,467,49317,0.809863,0.53,2,1923968,1923501,467
134429361,13.9807,21.8393,459,49360,0.809973,0.57,2,1923980,1923521,459
134432281,31.5961,13.9679,483,49403,0.825994,0.57,2,1924016,1923533,483
134435201,25.5192,31.5936,471,49446,0.845199,0.53,2,1924040,1923569,471
134438121,6.70385,25.5187,449,49489,0.84904,0.57,2,1924042,1923593,449
134441041,22.1408,6.70374,473,49532,0.849808,0.57,2,1924068,1923595,473
134443961,39.6282,22.1407,491,49575,0.913962,0.59,2,1924112,1923621,491
134446881,36.7256,37.2281,486,49617,0.926792,0.59,2,1924148,1923662,486
134661501,77,75,505,24266,0.59,0.85,1,1926347,1925842,505
134664421,52.2,68.6,484,24353,0.622,0.79,1,1926393,1925909,484
134667341,48.84,40.92,498,24440,0.6604,0.73,1,1926441,1925943,498
134670261,56.168,65.784,484,24527,0.68408,0.65,1,1926499,1926015,484
134673181,84.0336,65.1568,510,24613,0.720816,0.59,1,1926590,1926080,510
134676101,42.4067,73.0314,467,24699,0.728163,0.61,1,1926622,1926155,467
134679021,26.0813,36.2063,462,24785,0.745633,0.61,1,1926644,1926182,462
134681941,69.2163,77.6413,454,24871,0.813127,0.59,2,1926724,1926270,454
134684861,74.6433,77.1283,453,24956,0.810625,0.63,2,1926800,1926347,453
134687781,51.7286,52.2256,453,25041,0.810125,0.67,2,1926846,1926393,453
134690701,51.9457,48.8451,457,25126,0.890025,0.69,2,1926898,1926441,457
134693621,57.5891,56.169,458,25210,0.938005,0.73,2,1926957,1926499,458
134696541,84.3178,84.0338,458,25294,0.931601,0.73,2,1927048,1926590,458
134699461,43.2636,42.4068,459,25378,0.91432,0.75,2,1927081,1926622,459
134702381,26.2527,26.0814,459,25461,0.926864,0.75,2,1927103,1926644,459
134705301,70.0505,5.21627,540,25544,0.897373,0.83,2,1927184,1926644,540
134708221,75.6101,65.0433,537,25627,0.875475,0.81,2,1927261,1926724,537
134711141,52.722,73.8086,508,25710,0.887095,0.81,2,1927308,1926800,508
134714061,55.3444,51.5617,518,25792,0.937419,0.91,2,1927364,1926846,518
134798741,37,32,504,28076,0.55,1,1,1929005,1928501,504
134801661,25.8,26.4,502,28151,0.55,1,1,1929028,1928526,502
134804581,58.76,70.08,488,28226,0.486,1,1,1929095,1928607,488
134807501,38.952,43.616,485,28301,0.4572,1,1,1929129,1928644,485
134810421,44.5904,51.1232,478,28376,0.45144,1,1,1929175,1928697,478
134813341,37.7181,10.2246,514,28451,0.354288,1,1,1929211,1928697,514
134816261,64.3436,38.0449,540,28525,0.382858,0.97,1,1929282,1928742,540
134819181,46.4687,62.809,513,28599,0.420572,0.83,1,1929324,1928811,513
134822101,86.8937,52.5618,560,28673,0.476114,0.69,1,1929421,1928861,560
134825021,42.1787,96.1124,484,28747,0.455223,0.55,1,1929452,1928968,484
134827941,26.8357,48.8225,470,28821,0.515045,0.55,1,1929475,1929005,470
134830861,56.5672,28.1645,511,28894,0.543009,0.47,1,1929539,1929028,511
134833781,39.3134,59.2329,479,28967,0.532602,0.45,1,1929574,1929095,479
134836701,41.4627,39.0466,487,29040,0.54652,0.45,1,1929616,1929129,487
134839621,38.6925,44.6093,479,29113,0.613304,0.33,1,1929654,1929175,479
134842541,60.5385,37.7219,509,29186,0.642661,0.39,1,1929720,1929211,509
134845461,47.3077,64.3444,482,29259,0.680532,0.43,1,1929764,1929282,482
134848381,91.0615,46.4689,542,29331,0.816106,0.49,2,1929866,1929324,542
134851301,43.0123,86.8938,476,29403,0.827221,0.45,2,1929897,1929421,476
134854221,28.6025,42.1788,470,29475,0.813444,0.53,2,1929922,1929452,470
134857141,57.7205,26.8358,512,29547,0.842689,0.55,2,1929987,1929475,512
134860061,38.7441,56.5672,482,29619,0.848538,0.53,2,1930021,1929539,482
134862981,44.5488,39.3134,493,29690,0.833708,0.55,2,1930067,1929574,493
134865901,40.9098,41.4627,491,29761,0.878742,0.63,2,1930107,1929616,491
134868821,61.782,38.6925,520,29832,0.871748,0.65,2,1930174,1929654,520
134871741,13.9564,60.5385,456,29903,0.90235,0.69,2,1930176,1929720,456
134874661,38.7913,47.3077,457,29974,0.89247,0.85,2,1930221,1929764,457
134877581,94.9583,91.0615,464,30045,0.858494,0.83,2,1930330,1929866,464
134880501,42.9917,43.0123,463,30115,0.867699,0.81,2,1930360,1929897,463
134883421,27.7983,28.6025,462,30185,0.86954,0.85,2,1930384,1929922,462
134886341,59.1597,57.7205,464,30255,0.901908,0.85,2,1930451,1929987,464
134889261,39.8319,38.7441,465,30325,0.924382,0.83,2,1930486,1930021,465
135000221,36,32,502,32872,0.75,1,2,1932266,1931764,502
135003141,32.8,30.4,504,32936,0.702,1,1,1932298,1931794,504
135006061,41.76,54.88,487,33000,0.5804,1,1,1932342,1931855,487
135008981,43.552,44.576,489,33064,0.38008,1,1,1932386,1931897,489
135011901,36.7104,39.3152,486,33128,0.244016,1,1,1932421,1931935,486
135014821,50.5421,46.263,492,33192,0.0488032,1,1,1932475,1931983,492
135017741,56.5084,61.2526,485,33256,0.0497606,1,1,1932533,1932048,485
135020661,34.5017,39.4505,480,33320,0.0499521,1,1,1932562,1932082,480
135023581,34.9003,33.4901,483,33383,0.00999042,0.9,1,1932597,1932114,483
135026501,71.7801,75.498,478,33446,0.0259981,0.85,1,1932678,1932200,478
135029421,31.956,39.0996,470,33509,0.0611996,0.75,1,1932700,1932230,470
135032341,28.7912,36.6199,462,33572,0.0682399,0.69,1,1932728,1932266,462
135035261,27.3582,32.924,457,33635,0.037648,0.55,1,1932755,1932298,457
135038181,30.2716,41.7848,444,33698,0.0795296,0.33,1,1932786,1932342,444
135041101,38.0543,43.557,440,33761,0.0719059,0.21,1,1932826,1932386,440
135044021,28.4109,36.7114,431,33824,0.0543812,0,1,1932852,1932421,431
135046941,41.6822,50.5423,422,33887,0.0508762,0.05,1,1932897,1932475,422
135049861,57.1364,56.5085,425,33949,0.0181752,0.05,1,1932958,1932533,425
135052781,33.0273,34.5017,423,34011,0.043635,0,1,1932985,1932562,423
135055701,34.6055,34.9003,423,34073,0.016727,0.03,1,1933020,1932597,423
135058621,71.7211,71.7801,423,34135,0.0753454,0.07,1,1933101,1932678,423
135061541,31.1442,31.956,422,34197,0.0390691,0.07,1,1933122,1932700,422
135064461,28.6288,28.7912,422,34259,0.0158138,0.07,1,1933150,1932728,422
135067381,26.5258,5.75824,448,34321,0.0911628,0.03,1,1933176,1932728,448
135070301,30.9052,22.7516,453,34383,0.0582325,0.09,1,1933208,1932755,453
135073221,38.181,29.3503,462,34444,0.0516465,0.07,1,1933248,1932786,462
135076141,28.4362,37.8701,448,34505,0.0503293,0.05,1,1933274,1932826,448
135079061,40.8872,28.374,466,34566,0.0980659,0.05,1,1933318,1932852,466
135081981,56.9774,41.6748,482,34627,0.0596132,0.01,1,1933379,1932897,482
135084901,32.9955,57.135,448,34688,0.0359226,0.05,1,1933406,1932958,448
135087821,34.5991,33.027,456,34749,0.0311845,0.01,1,1933441,1932985,456
135090741,71.7198,34.6054,502,34810,0.0622369,0.09,1,1933522,1933020,502
135093661,31.144,71.7211,442,34871,0.0684474,0.03,1,1933543,1933101,442
135096581,29.4288,31.1442,450,34932,0.0376895,0.01,1,1933572,1933122,450
135099501,26.6858,28.6288,448,34993,0.0635379,0.11,1,1933598,1933150,448
135102421,31.7372,26.5258,455,35053,0.0847076,0.05,1,1933631,1933176,455
135105341,39.9474,30.9052,465,35113,0.0569415,0.05,1,1933673,1933208,465
135108261,27.9895,38.181,450,35173,0.0833883,0.05,1,1933698,1933248,450
135111181,40.7979,28.4362,468,35233,0.0886777,0.11,1,1933742,1933274,468
135114101,56.1596,40.8872,484,35293,0.0417355,0.05,1,1933802,1933318,484
135117021,32.0319,56.9774,449,35353,0.0483471,0.03,1,1933828,1933379,449
135119941,33.6064,32.9955,456,35413,0.0336694,0.03,1,1933862,1933406,456
135122861,73.9213,34.5991,505,35473,0.0467339,0.07,1,1933946,1933441,505
135125781,29.9843,71.7198,443,35533,0.0653468,0.07,1,1933965,1933522,443
135128701,30.7969,31.144,453,35592,0.101069,0.03,1,1933996,1933543,453
135131621,26.9594,29.4288,450,35651,0.124214,0.07,1,1934022,1933572,450
135134541,6.99187,26.6858,426,35710,0.128843,0.09,1,1934024,1933598,426
135137461,27.7984,31.7372,426,35769,0.113769,0.05,1,1934057,1933631,426
135140381,37.5597,39.9474,424,35828,0.110754,0.09,1,1934097,1933673,424
135143301,29.9119,27.9895,427,35887,0.142151,0.09,1,1934125,1933698,427
135146221,41.1824,40.7979,427,35946,0.19643,0.03,1,1934169,1933742,427
135149141,53.0365,56.1596,423,36005,0.207286,0.05,1,1934225,1933802,423
135152061,32.2073,32.0319,424,36064,0.193457,0.03,1,1934252,1933828,424
135154981,32.0415,33.6064,422,36123,0.0946914,0.05,1,1934284,1933862,422
135157901,75.2083,73.9213,424,36182,0.0749383,0.07,1,1934370,1933946,424
135160821,31.8417,29.9843,426,36240,0.0549877,0.11,1,1934391,1933965,426
135163741,32.7683,30.7969,428,36298,0.0669975,0.13,1,1934424,1933996,428
135166661,27.3537,26.9594,428,36356,0.0693995,0.13,1,1934450,1934022,428
135169581,7.07073,6.99187,428,36414,0.0378799,0.11,1,1934452,1934024,428
135172501,27.0141,27.7984,427,36472,0.079576,0.11,1,1934484,1934057,427
135175421,37.4028,37.5597,427,36530,0.103915,0.15,1,1934524,1934097,427
135178341,31.4806,29.9119,429,36588,0.076783,0.21,1,1934554,1934125,429
135181261,42.2961,41.1824,430,36646,0.167357,0.21,1,1934599,1934169,430
135184181,53.2592,53.0365,430,36704,0.217471,0.19,1,1934655,1934225,430
135187101,33.0518,32.2073,431,36762,0.259494,0.07,1,1934683,1934252,431
135190021,25.8104,32.0415,423,36819,0.235899,0.07,1,1934707,1934284,423
135192941,73.9621,75.2083,423,36876,0.21518,0.05,1,1934793,1934370,423
135195861,31.5924,31.8417,423,36933,0.195036,0.07,1,1934814,1934391,423
135198781,32.7185,32.7683,423,36990,0.223007,0.07,1,1934847,1934424,423
135201701,28.1437,27.3537,424,37047,0.212601,0.03,1,1934874,1934450,424
135204621,7.22874,7.07073,424,37104,0.21052,0.09,1,1934876,1934452,424
135207541,27.0457,27.0141,424,37161,0.242104,0.09,1,1934908,1934484,424
135210461,37.4091,5.40283,464,37218,0.216421,0.11,1,1934948,1934484,464
135213381,31.4818,33.0806,454,37275,0.211284,0.07,1,1934978,1934524,454
135216301,45.4964,30.6161,473,37332,0.194257,0.19,1,1935027,1934554,473
135219221,55.4993,42.1232,486,37389,0.206851,0.23,1,1935085,1934599,486
135222141,35.0999,53.2246,460,37446,0.22537,0.27,1,1935115,1934655,460
135225061,26.22,33.0449,456,37502,0.229074,0.23,1,1935139,1934683,456
135227981,71.644,25.809,515,37558,0.309815,0.21,1,1935222,1934707,515
135230901,31.9288,73.9618,451,37614,0.341963,0.19,1,1935244,1934793,451
135233821,32.7858,31.5924,463,37670,0.332393,0.23,1,1935277,1934814,463
135236741,27.3572,32.7185,456,37726,0.330479,0.21,1,1935303,1934847,456
135239661,7.07143,28.1437,431,37782,0.330096,0.21,1,1935305,1934874,431
135242581,28.6143,7.22874,463,37838,0.362019,0.25,1,1935339,1934876,463
135245501,37.7229,27.0457,471,37894,0.416404,0.21,1,1935379,1934908,471
135248421,31.5446,37.4091,461,37950,0.427281,0.21,1,1935409,1934948,461
135251341,45.5089,31.4818,480,38006,0.445456,0.19,1,1935458,1934978,480
135254261,55.5018,45.4964,489,38062,0.481091,0.21,1,1935516,1935027,489
135257181,35.9004,55.4993,462,38118,0.504218,0.23,1,1935547,1935085,462
135260101,26.3801,35.0999,456,38173,0.508844,0.23,1,1935571,1935115,456
135263021,76.476,26.22,521,38228,0.493769,0.33,1,1935660,1935139,521
135265941,32.8952,71.644,460,38283,0.506754,0.35,1,1935682,1935222,460
135268861,32.179,31.9288,470,38338,0.509351,0.33,1,1935714,1935244,470
135271781,27.2358,32.7858,463,38393,0.50987,0.33,1,1935740,1935277,463
135274701,7.04716,27.3572,439,38448,0.509974,0.33,1,1935742,1935303,439
135277621,31.8094,7.07143,475,38503,0.525995,0.37,1,1935780,1935305,475
135280541,39.1619,28.6143,482,38558,0.577199,0.43,1,1935821,1935339,482
135283461,31.8324,37.7229,472,38613,0.58744,0.43,1,1935851,1935379,472
135286381,7.96647,31.5446,444,38668,0.589488,0.45,1,1935853,1935409,444
135289301,40.7933,45.5089,444,38723,0.573898,0.49,1,1935902,1935458,444
135292221,56.9587,55.5018,447,38778,0.61878,0.51,1,1935963,1935516,447
135295141,36.1917,35.9004,447,38832,0.611756,0.51,1,1935994,1935547,447
135298061,26.4383,26.3801,447,38886,0.658351,0.49,1,1936018,1935571,447
135300981,75.6877,76.476,446,38940,0.65167,0.51,1,1936106,1935660,446
135303901,33.5375,32.8952,447,38994,0.666334,0.51,1,1936129,1935682,447
135306821,32.3075,32.179,447,39048,0.669267,0.51,1,1936161,1935714,447
135309741,27.2615,27.2358,447,39102,0.733853,0.51,1,1936187,1935740,447
135312661,7.0523,7.04716,447,39156,0.714771,0.53,1,1936189,1935742,447
135315581,32.6105,31.8094,448,39210,0.710954,0.59,1,1936228,1935780,448
135318501,41.7221,39.1619,451,39264,0.758191,0.59,2,1936272,1935821,451
135321421,32.3444,31.8324,451,39318,0.767638,0.59,2,1936302,1935851,451
135324341,8.06888,7.96647,451,39372,0.769528,0.57,2,1936304,1935853,451
135327261,40.0138,40.7933,450,39426,0.817905,0.63,2,1936352,1935902,450
135330181,57.6028,56.9587,451,39480,0.843581,0.61,2,1936414,1935963,451
135333101,37.1206,36.1917,452,39533,0.848716,0.67,2,1936446,1935994,452
135336021,27.4241,26.4383,453,39586,0.849743,0.65,2,1936471,1936018,453
135522901,36,30,511,42864,0.84,1,2,1938756,1938245,511
135525821,31.2,44.4,493,42913,0.928,1,2,1938786,1938293,493
135528741,32.64,29.68,500,42962,0.8816,1,2,1938819,1938319,500
135531661,35.328,34.736,500,43011,0.85632,1,2,1938855,1938355,500
135534581,30.2656,6.9472,529,43060,0.851264,1,2,1938884,1938355,529
135537501,50.8531,30.9894,548,43109,0.882253,1,2,1938940,1938392,548
135540421,38.9706,71.7979,502,43158,0.840451,1,2,1938976,1938474,502
135543341,42.9941,43.9596,509,43207,0.76809,1,2,1939020,1938511,509
135546261,29.3988,32.7919,505,43256,0.753618,0.94,2,1939046,1938541,505
135549181,31.4798,26.5584,512,43305,0.670724,1,1,1939078,1938566,512
135552101,30.296,27.7117,514,43354,0.750145,1,2,1939108,1938594,514
135555021,19.6592,31.9423,498,43403,0.782029,1,2,1939125,1938627,498
135557941,31.9318,23.1885,512,43452,0.820406,0.8,2,1939160,1938648,512
135560861,28.7864,33.4377,504,43501,0.876081,0.9,2,1939188,1938684,504
135563781,34.5573,35.4875,504,43550,0.855216,0.84,2,1939224,1938720,504
135566701,29.3115,35.8975,496,43598,0.867043,0.95,2,1939252,1938756,496
135569621,31.4623,31.1795,498,43646,0.917409,0.87,2,1939284,1938786,498
135572541,35.8925,32.6359,502,43694,0.911482,0.85,2,1939321,1938819,502
135575461,26.3785,35.3272,490,43742,0.910296,0.85,2,1939345,1938855,490
135578381,50.0757,30.2654,517,43790,0.910059,0.89,2,1939401,1938884,517
135774021,32,18,526,46906,0.89,1,2,1941545,1941019,526
135776941,19.2,26.8,513,46951,0.89,1,2,1941561,1941048,513
135779861,31.04,34.16,511,46996,0.89,1,2,1941595,1941084,511
135782781,31.808,32.432,511,47041,0.858,1,2,1941627,1941116,511
135785701,37.5616,34.4864,515,47086,0.8036,1,2,1941666,1941151,515
135788621,37.9123,38.0973,514,47131,0.72872,0.98,1,1941704,1941190,514
135791541,26.7825,38.0195,500,47176,0.745744,1,1,1941728,1941228,500
135794461,34.9565,29.2039,510,47221,0.701149,1,1,1941765,1941255,510
135797381,37.3913,34.6408,512,47266,0.66023,0.98,1,1941803,1941291,512
135800301,34.6783,35.7282,510,47311,0.700046,1,1,1941837,1941327,510
135803221,26.1357,35.1456,499,47356,0.676009,1,1,1941861,1941362,499
135806141,24.4271,27.0291,498,47401,0.735202,1,1,1941885,1941387,498
135809061,12.8854,34.2058,472,47445,0.68304,1,1,1941895,1941423,472
135811981,28.9771,31.6412,474,47489,0.688608,0.93,1,1941928,1941454,474
135814901,27.3954,31.9282,469,47533,0.721722,0.9,1,1941955,1941486,469
135817821,29.4791,27.9856,472,47577,0.696344,0.89,1,1941985,1941513,472
135820741,28.2958,31.1971,468,47621,0.723269,0.89,1,1942013,1941545,468
135823661,18.4592,19.0394,468,47665,0.728654,0.89,1,1942029,1941561,468
135826581,28.4918,31.0079,465,47709,0.713731,0.85,1,1942060,1941595,465
135829501,29.6984,31.8016,463,47753,0.710746,0.79,1,1942090,1941627,463
135832421,33.1397,37.5603,458,47797,0.726149,0.71,1,1942124,1941666,458
135835341,35.4279,37.9121,456,47841,0.77723,0.75,2,1942160,1941704,456
135838261,26.2856,26.7824,456,47885,0.803446,0.69,2,1942184,1941728,456
135841181,34.8571,34.9565,456,47929,0.840689,0.65,2,1942221,1941765,456
135844101,34.9714,37.3913,453,47973,0.864138,0.71,2,1942256,1941803,453
135847021,34.9943,34.6783,454,48017,0.932828,0.67,2,1942291,1941837,454
136089381,27,27,485,51531,0.91,1,2,1944711,1944226,485
136092301,35.8,38.2,482,51572,0.862,1,2,1944749,1944267,482
136095221,36.76,38.04,481,51613,0.8044,1,2,1944786,1944305,481
136106901,22,11,513,51777,0.81,1,2,1944887,1944374,513
136109821,10.8,2.2,521,51818,0.842,1,2,1944895,1944374,521
136112741,15.76,18.04,516,51859,0.8804,1,2,1944912,1944396,516
136115661,19.152,33.208,499,51900,0.92008,0.99,2,1944932,1944433,499
136118581,23.0304,25.0416,500,51941,0.912016,1,2,1944956,1944456,500
136121501,24.6061,27.4083,497,51982,0.926403,1,2,1944981,1944484,497
136124421,25.7212,18.2817,507,52023,0.897281,0.98,2,1945007,1944500,507
136127341,37.9442,33.2563,511,52063,0.907456,0.94,2,1945048,1944537,511
136130261,21.9888,38.6513,489,52103,0.909491,0.99,2,1945066,1944577,489
136133181,43.5978,22.9303,519,52143,0.925898,0.91,2,1945115,1944596,519
136136101,37.5196,46.1861,503,52183,0.92918,0.89,2,1945151,1944648,503
136139021,26.7039,38.0372,491,52223,0.945836,0.91,2,1945175,1944684,491
136337581,51,53,499,25160,0.59,0.99,1,1947300,1946801,499
136340501,68.6,77,489,25244,0.542,1,1,1947373,1946884,489
136343421,38.52,33,498,25328,0.4684,1,1,1947404,1946906,498
136346341,35.704,43.4,487,25412,0.42168,1,1,1947439,1946952,487
136349261,39.1408,35.88,493,25495,0.396336,1,1,1947479,1946986,493
136352181,80.6282,48.776,532,25578,0.263267,0.99,1,1947570,1947038,532
136355101,48.1256,59.3552,510,25661,0.284653,0.83,1,1947610,1947100,510
136358021,82.4251,55.071,547,25744,0.224931,0.65,1,1947701,1947154,547
136360941,55.685,87.0142,501,25826,0.228986,0.59,1,1947750,1947249,501
136363861,62.337,58.2028,514,25908,0.261797,0.53,1,1947814,1947300,514
136366781,33.2674,70.0406,467,25990,0.268359,0.45,1,1947840,1947373,467
136369701,36.2535,38.8081,473,26072,0.253672,0.41,1,1947877,1947404,473
136372621,40.0507,35.7616,479,26153,0.282734,0.39,1,1947918,1947439,479
136375541,76.0101,39.1523,524,26234,0.304547,0.23,1,1948003,1947479,524
136378461,48.802,80.6305,475,26315,0.356909,0.29,1,1948045,1947570,475
136381381,79.3604,48.1261,522,26396,0.383382,0.21,1,1948132,1947610,522
136384301,55.8721,82.4252,481,26476,0.388676,0.23,1,1948182,1947701,481
136387221,63.9744,55.685,498,26556,0.437735,0.27,1,1948248,1947750,498
136390141,31.9949,62.337,458,26636,0.447547,0.27,1,1948272,1947814,458
136393061,36.799,33.2674,470,26716,0.497509,0.25,1,1948310,1947840,470
136395981,40.9598,36.2535,475,26795,0.491502,0.29,1,1948352,1947877,475
136398901,79.392,40.0507,523,26874,0.5223,0.31,1,1948441,1947918,523
136401821,17.4784,76.0101,440,26953,0.52846,0.37,1,1948443,1948003,440
136404741,37.0957,48.802,440,27032,0.545692,0.39,1,1948485,1948045,440
136407661,77.8191,79.3604,441,27110,0.581138,0.39,1,1948573,1948132,441
136410581,55.5638,55.8721,441,27188,0.588228,0.45,1,1948623,1948182,441
136413501,66.3128,63.9744,444,27266,0.621646,0.45,1,1948692,1948248,444
136416421,34.0626,31.9949,446,27344,0.628329,0.51,1,1948718,1948272,446
136419341,38.0125,36.799,447,27421,0.597666,0.49,1,1948757,1948310,447
136422261,42.0025,40.9598,448,27498,0.655533,0.53,1,1948800,1948352,448
136425181,78.0005,79.392,446,27575,0.699107,0.53,1,1948887,1948441,446
136428101,17.2001,17.4784,446,27652,0.707821,0.55,1,1948889,1948443,446
136431021,37.84,37.0957,447,27729,0.773564,0.59,2,1948932,1948485,447
136433941,79.568,77.8191,449,27805,0.786713,0.59,2,1949022,1948573,449
136436861,55.9136,55.5638,449,27881,0.805343,0.63,2,1949072,1948623,449
136439781,67.9827,66.3128,451,27957,0.841069,0.63,2,1949143,1948692,451
136442701,34.3965,34.0626,451,28033,0.880214,0.59,2,1949169,1948718,451
136594541,56,83,530,31722,0.79,1,2,1951768,1951238,530
136597461,40.8,64.6,507,31789,0.726,1,1,1951805,1951298,507
136600381,65.76,40.92,544,31856,0.4732,1,1,1951877,1951333,544
136603301,49.152,66.584,516,31922,0.19864,1,1,1951922,1951406,516
136606221,45.8304,48.5168,517,31988,0.039728,1,1,1951967,1951450,517
136609141,40.3661,39.3034,519,32054,0.0639456,1,1,1952006,1951487,519
136612061,34.4732,39.0607,513,32120,0.0687891,1,1,1952039,1951526,513
136614981,35.6946,35.8121,514,32186,0.101758,1,1,1952075,1951561,514
136617901,37.5389,39.9624,511,32252,0.0283516,0.87,1,1952113,1951602,511
136620821,57.9078,35.9925,539,32318,0.0136703,0.91,1,1952176,1951637,539
136623741,50.7816,67.1985,513,32383,0.0267341,0.79,1,1952225,1951712,513
136626661,38.9563,58.2397,493,32448,0.0293468,0.71,1,1952261,1951768,493
136629581,52.5913,41.2479,512,32513,0.00586936,0.41,1,1952317,1951805,512
136632501,34.5183,65.8496,470,32578,0.0251739,0.13,1,1952347,1951877,470
136635421,39.7036,49.1699,466,32643,0.0130348,0,1,1952388,1951922,466
136638341,39.9407,45.834,461,32708,0.058607,0.07,1,1952428,1951967,461
136641261,9.58815,40.3668,424,32773,0.0517214,0.07,1,1952430,1952006,424
136644181,26.7176,34.4734,422,32838,0.0343443,0.11,1,1952461,1952039,422
136647101,34.9435,35.6947,423,32902,0.0308689,0.01,1,1952498,1952075,423
136650021,37.3887,37.5389,423,32966,0.0781738,0.01,1,1952536,1952113,423
136652941,57.0777,57.9078,422,33030,0.0556348,0.03,1,1952598,1952176,422
136655861,50.6155,50.7816,422,33094,0.051127,0.03,1,1952647,1952225,422
136658781,38.9231,38.9563,422,33158,0.0342254,0,1,1952683,1952261,422
136661701,52.5846,52.5913,422,33222,0.0468451,0.03,1,1952739,1952317,422
136664621,36.9169,34.5183,425,33286,0.065369,0.01,1,1952772,1952347,425
136667541,37.7834,39.7036,422,33350,0.0130738,0.07,1,1952810,1952388,422
136670461,41.1567,39.9407,424,33413,0.0426148,0.05,1,1952852,1952428,424
136673381,9.83134,9.58815,424,33476,0.0965229,0.03,1,1952854,1952430,424
136676301,25.1663,26.7176,422,33539,0.0273046,0.03,1,1952883,1952461,422
136679221,37.0333,34.9435,425,33602,0.0134609,0.09,1,1952923,1952498,425
136682141,35.4067,37.3887,422,33665,0.0106922,0.05,1,1952958,1952536,422
136685061,56.6813,57.0777,422,33728,0.0101384,0.05,1,1953020,1952598,422
136687981,52.9363,50.6155,425,33791,0.0420277,0.03,1,1953072,1952647,425
136690901,36.9873,38.9231,422,33854,0.0484055,0.05,1,1953105,1952683,422
136693821,55.3975,52.5846,426,33916,0.0336811,0.07,1,1953165,1952739,426
136696741,36.6795,36.9169,425,33978,0.0467362,0,1,1953197,1952772,425
136699661,35.3359,37.7834,422,34040,0.0653472,0.05,1,1953232,1952810,422
136702581,43.0672,41.1567,425,34102,0.0530694,0.11,1,1953277,1952852,425
136705501,10.2134,9.83134,425,34164,0.0506139,0.01,1,1953279,1952854,425
136708421,22.8427,25.1663,422,34226,0.0181228,0.01,1,1953305,1952883,422
136711341,35.7685,5.03325,461,34288,0.0276246,0.01,1,1953344,1952883,461
136714261,35.1537,33.0067,456,34350,0.0295249,0.01,1,1953379,1952923,456
136717181,56.6307,34.6013,483,34412,0.029905,0.01,1,1953441,1952958,483
136720101,52.9262,56.5203,473,34473,0.029981,0.05,1,1953493,1953020,473
136723021,36.9852,52.9041,454,34534,0.0139962,0.05,1,1953526,1953072,454
136725941,56.197,36.9808,482,34595,0.0427992,0.03,1,1953587,1953105,482
136728861,36.8394,55.3962,454,34656,0.0965599,0.05,1,1953619,1953165,454
136731781,34.5679,36.6792,456,34717,0.091312,0.07,1,1953653,1953197,456
136734701,42.9136,35.3358,466,34778,0.0262624,0.05,1,1953698,1953232,466
136737621,10.1827,43.0672,423,34839,0.0132525,0.05,1,1953700,1953277,423
136740541,22.8365,10.2134,447,34900,0.0266505,0.01,1,1953726,1953279,447
136743461,36.5673,22.8427,461,34961,0.0133301,0.03,1,1953766,1953305,461
136746381,35.3135,35.7685,457,35021,0.026666,0.03,1,1953801,1953344,457
136749301,58.2627,35.1537,486,35081,0.0133332,0.03,1,1953865,1953379,486
136752221,51.6525,56.6307,474,35141,0.0266666,0.03,1,1953915,1953441,474
136755141,36.7305,52.9262,455,35201,0.0133333,0.01,1,1953948,1953493,455
136758061,56.9461,36.9852,484,35261,0.0266667,0.05,1,1954010,1953526,484
136760981,39.3892,56.197,458,35321,0.0453333,0.11,1,1954045,1953587,458
136763901,34.2778,36.8394,459,35381,0.0810667,0.09,1,1954078,1953619,459
136766821,40.4556,34.5679,467,35441,0.0562133,0.01,1,1954120,1953653,467
136769741,9.69111,42.9136,424,35501,0.0192427,0.01,1,1954122,1953698,424
136772661,21.9382,10.1827,447,35561,0.0278485,0.03,1,1954147,1953700,447
136775581,37.1876,22.8365,462,35620,0.0135697,0.01,1,1954188,1953726,462
136778501,35.4375,36.5673,457,35679,0.0267139,0.03,1,1954223,1953766,457
136781421,8.68751,35.3135,424,35738,0.0293428,0.01,1,1954225,1953801,424
136784341,53.7375,58.2627,425,35797,0.0138686,0.03,1,1954290,1953865,425
136787261,49.1475,51.6525,423,35856,0.0267737,0.01,1,1954338,1953915,423
136790181,36.2295,36.7305,423,35915,0.0293547,0.03,1,1954371,1953948,423
136793101,56.8459,56.9461,423,35974,0.0458709,0.05,1,1954433,1954010,423
136796021,40.1692,39.3892,424,36033,0.0651742,0.09,1,1954469,1954045,424
136798941,36.0338,34.2778,426,36092,0.101035,0.05,1,1954504,1954078,426
136801861,39.2068,40.4556,424,36151,0.028207,0.01,1,1954544,1954120,424
136804781,9.44135,9.69111,424,36209,0.0136414,0.03,1,1954546,1954122,424
136807701,21.0883,21.9382,423,36267,0.0587283,0.01,1,1954570,1954147,423
136810621,37.8177,37.1876,424,36325,0.0357457,0.03,1,1954612,1954188,424
136813541,34.7635,35.4375,423,36383,0.0151491,0.03,1,1954646,1954223,423
136816461,8.55271,8.68751,423,36441,0.0110298,0.01,1,1954648,1954225,423
136819381,52.9105,53.7375,422,36499,0.026206,0.03,1,1954712,1954290,422
136822301,48.9821,49.1475,422,36557,0.0292412,0.03,1,1954760,1954338,422
136825221,36.1964,36.2295,422,36615,0.0458482,0.05,1,1954793,1954371,422
136828141,58.4393,56.8459,424,36673,0.0491696,0.07,1,1954857,1954433,424
136831061,41.2879,40.1692,425,36731,0.0978339,0.11,1,1954894,1954469,425
136833981,37.0576,36.0338,426,36789,0.0755668,0.01,1,1954930,1954504,426
136836901,37.0115,39.2068,423,36846,0.0871134,0.01,1,1954967,1954544,423
136839821,9.0023,9.44135,423,36903,0.0894227,0.07,1,1954969,1954546,423
136842741,21.0005,21.0883,423,36960,0.0578845,0.03,1,1954993,1954570,423
136845661,37.8001,37.8177,423,37017,0.0355769,0.01,1,1955035,1954612,423
136848581,33.96,34.7635,422,37074,0.0471154,0.01,1,1955068,1954646,422
136851501,8.392,8.55271,422,37131,0.0494231,0.03,1,1955070,1954648,422
136854421,52.8784,52.9105,422,37188,0.0338846,0.03,1,1955134,1954712,422
136857341,48.1757,10.5821,469,37245,0.0467769,0.03,1,1955181,1954712,469
136860261,36.8351,40.5164,455,37302,0.0333554,0.05,1,1955215,1954760,455
136863181,60.967,34.5033,489,37359,0.0946711,0.05,1,1955282,1954793,489
136866101,40.9934,58.1007,461,37416,0.0749342,0.11,1,1955318,1954857,461
136869021,36.9987,41.2201,460,37472,0.0709868,0.07,1,1955354,1954894,460
136871941,34.5997,37.044,458,37528,0.0861974,0.09,1,1955388,1954930,458
136874861,8.51995,37.0088,423,37584,0.0892395,0.09,1,1955390,1954967,423
136877781,20.904,9.00176,445,37640,0.105848,0.05,1,1955414,1954969,445
136880701,39.3808,21.0004,465,37696,0.12517,0.03,1,1955458,1954993,465
136883621,32.6762,37.8001,454,37752,0.113034,0.05,1,1955489,1955035,454
136886541,8.13523,33.96,423,37808,0.110607,0.05,1,1955491,1955068,423
136889461,52.827,8.392,485,37864,0.0301214,0.03,1,1955555,1955070,485
136892381,48.9654,52.8784,469,37920,0.0300243,0.05,1,1955603,1955134,469
136895301,38.5931,48.1757,458,37976,0.0620049,0.03,1,1955639,1955181,458
136898221,61.3186,36.8351,491,38032,0.116401,0.11,1,1955706,1955215,491
136901141,41.0637,60.967,460,38088,0.12728,0.07,1,1955742,1955282,460
136904061,37.8127,40.9934,461,38143,0.145456,0.07,1,1955779,1955318,461
136906981,34.7625,36.9987,459,38198,0.149091,0.09,1,1955813,1955354,459
136909901,8.55251,34.5997,427,38253,0.149818,0.09,1,1955815,1955388,427
136912821,21.7105,8.51995,450,38308,0.165964,0.11,1,1955840,1955390,450
136915741,40.3421,20.904,471,38363,0.217193,0.13,1,1955885,1955414,471
136918661,32.8684,39.3808,458,38418,0.243439,0.11,1,1955916,1955458,458
136921581,8.17368,32.6762,429,38473,0.248688,0.11,1,1955918,1955489,429
136924501,48.0347,8.13523,485,38528,0.233738,0.01,1,1955976,1955491,485
136927421,49.6069,52.827,471,38583,0.182748,0.03,1,1956026,1955555,471
136930341,11.5214,48.9654,425,38638,0.17255,0.07,1,1956028,1955603,425
136933261,31.1043,38.5931,425,38693,0.20251,0.13,1,1956064,1955639,425
136936181,62.2209,61.3186,428,38748,0.176502,0.13,1,1956134,1955706,428
136939101,41.2442,41.0637,428,38803,0.1553,0.15,1,1956170,1955742,428
136942021,38.6488,37.8127,429,38857,0.21506,0.15,1,1956208,1955779,429
136944941,34.9298,34.7625,429,38911,0.195012,0.15,1,1956242,1955813,429
136947861,8.58595,8.55251,429,38965,0.191002,0.17,1,1956244,1955815,429
136950781,23.3172,21.7105,431,39019,0.2222,0.23,1,1956271,1955840,431
136953701,42.2634,40.3421,433,39073,0.22844,0.25,1,1956318,1955885,433
136956621,34.8527,32.8684,435,39127,0.213688,0.25,1,1956351,1955916,435
136959541,8.57054,8.17368,435,39181,0.226738,0.23,1,1956353,1955918,435
136962461,44.9141,48.0347,431,39235,0.277348,0.17,1,1956407,1955976,431
136965381,48.1828,49.6069,430,39289,0.319469,0.17,1,1956456,1956026,430
136968301,11.2366,11.5214,430,39343,0.295894,0.21,1,1956458,1956028,430
136971221,31.0473,31.1043,430,39397,0.291179,0.17,1,1956494,1956064,430
136974141,61.4095,62.2209,429,39451,0.354236,0.15,1,1956563,1956134,429
136977061,41.0819,41.2442,429,39505,0.414847,0.23,1,1956599,1956170,429
136979981,40.2164,38.6488,431,39558,0.442969,0.19,1,1956639,1956208,431
136982901,35.2433,34.9298,431,39611,0.496594,0.19,1,1956673,1956242,431
136985821,8.64865,8.58595,431,39664,0.507319,0.23,1,1956675,1956244,431
136988741,23.3297,23.3172,431,39717,0.493464,0.23,1,1956702,1956271,431
136991661,42.2659,42.2634,431,39770,0.490693,0.21,1,1956749,1956318,431
136994581,35.6532,34.8527,432,39823,0.490139,0.23,1,1956783,1956351,432
136997501,8.73064,8.57054,432,39876,0.490028,0.29,1,1956785,1956353,432
137000421,46.5461,44.9141,434,39929,0.538006,0.33,1,1956841,1956407,434
137003341,50.1092,48.1828,436,39982,0.563601,0.29,1,1956892,1956456,436
137006261,11.6218,11.2366,436,40035,0.56872,0.29,1,1956894,1956458,436
137009181,31.1244,31.0473,436,40088,0.537744,0.29,1,1956930,1956494,436
137012101,63.8249,6.20946,508,40141,0.531549,0.37,1,1957002,1956494,508
137015021,43.165,56.4419,477,40194,0.57831,0.43,1,1957040,1956563,477
137017941,40.633,40.0884,481,40247,0.587662,0.45,1,1957080,1956599,481
137020861,37.7266,40.0177,478,40299,0.573532,0.51,1,1957117,1956639,478
137023781,9.14532,35.2035,446,40351,0.570706,0.51,1,1957119,1956673,446
137026701,22.6291,8.64071,470,40403,0.570141,0.49,1,1957145,1956675,470
137029621,43.7258,23.3281,492,40455,0.586028,0.49,1,1957194,1956702,492
137032541,34.3452,42.2656,477,40507,0.621206,0.49,1,1957226,1956749,477
137035461,8.46903,35.6531,445,40559,0.628241,0.49,1,1957228,1956783,445
137038381,48.8938,8.73062,502,40611,0.661648,0.55,1,1957287,1956785,502
137041301,51.3788,46.5461,498,40663,0.63633,0.57,1,1957339,1956841,498
137044221,11.8758,50.1092,449,40715,0.631266,0.57,1,1957341,1956892,449
137047141,31.1752,11.6218,483,40767,0.646253,0.53,1,1957377,1956894,483
137050061,64.635,31.1244,520,40819,0.681251,0.53,1,1957450,1956930,520
137052981,44.927,63.8249,488,40871,0.68825,0.59,1,1957490,1957002,488
137055901,40.9854,43.165,490,40923,0.73765,0.59,1,1957530,1957040,490
137058821,36.9971,40.633,486,40975,0.74753,0.57,1,1957566,1957080,486
137061741,8.99942,37.7266,451,41027,0.749506,0.57,1,1957568,1957117,451
137064661,22.5999,9.14532,475,41078,0.765901,0.57,2,1957594,1957119,475
137067581,44.52,22.6291,499,41129,0.80118,0.59,2,1957644,1957145,499
137070501,36.104,43.7258,484,41180,0.824236,0.63,2,1957678,1957194,484
137073421,8.8208,34.3452,454,41231,0.828847,0.63,2,1957680,1957226,454
137076341,50.5642,8.46903,513,41282,0.845769,0.67,2,1957741,1957228,513
137079261,50.1128,48.8938,504,41333,0.865154,0.63,2,1957791,1957287,504
137082181,11.6226,51.3788,454,41384,0.869031,0.63,2,1957793,1957339,454
137085101,31.9245,11.8758,489,41435,0.917806,0.65,2,1957830,1957341,489
137276361,84,100,495,20647,0.01,0.99,1,1960170,1959675,495
137279281,95.2,71.2,529,20750,0.026,0.75,1,1960268,1959739,529
137282201,73.44,103.04,486,20852,0.0292,0.61,1,1960336,1959850,486
137285121,68.288,72.608,488,20954,0.06184,0.41,1,1960403,1959915,488
137288041,24.0576,60.1216,444,21055,0.084368,0.19,1,1960416,1959972,444
137290961,32.8115,40.8243,443,21156,0.0888736,0.11,1,1960451,1960008,443
137293881,52.9623,70.5649,423,21256,0.0417747,0.01,1,1960509,1960086,423
137296801,78.5925,81.313,424,21356,0.0323549,0.03,1,1960594,1960170,424
137299721,93.3185,94.6626,423,21455,0.062471,0.03,1,1960691,1960268,423
137302641,73.8637,73.3325,424,21554,0.116494,0.07,1,1960760,1960336,424
137305561,69.1727,68.2665,425,21652,0.175299,0.09,1,1960828,1960403,425
137308481,25.8345,24.0533,427,21750,0.13906,0.09,1,1960843,1960416,427
137311401,32.3669,32.8107,426,21848,0.147812,0.03,1,1960877,1960451,426
137314321,52.0734,52.9621,425,21945,0.149562,0.03,1,1960934,1960509,425
137317241,76.0147,78.5924,422,22042,0.149912,0.07,1,1961016,1960594,422
137320161,95.2029,93.3185,425,22138,0.133982,0.13,1,1961116,1960691,425
137323081,75.0406,73.8637,426,22234,0.178796,0.19,1,1961186,1960760,426
137326001,70.2081,69.1727,427,22329,0.235759,0.13,1,1961255,1960828,427
137328921,25.2416,25.8345,426,22424,0.247152,0.15,1,1961269,1960843,426
137331841,33.0483,32.3669,427,22519,0.20143,0.15,1,1961304,1960877,427
137334761,51.4097,6.47338,483,22613,0.224286,0.15,1,1961360,1960877,483
137337681,77.4819,46.8947,510,22707,0.292857,0.15,1,1961444,1960934,510
137340601,93.0964,74.9789,525,22800,0.306571,0.13,1,1961541,1961016,525
137343521,77.0193,94.9958,498,22893,0.357314,0.19,1,1961614,1961116,498
137346441,73.0039,74.9992,500,22986,0.415463,0.25,1,1961686,1961186,500
137349361,25.8008,70.1998,445,23078,0.443093,0.25,1,1961700,1961255,445
137352281,32.3602,25.24,465,23170,0.448619,0.19,1,1961734,1961269,465
137355201,52.872,33.048,488,23261,0.529724,0.23,1,1961792,1961304,488
137358121,80.9744,51.4096,520,23352,0.513945,0.31,1,1961880,1961360,520
137361041,93.7949,77.4819,533,23443,0.510789,0.31,1,1961977,1961444,533
137363961,79.559,93.0964,512,23533,0.558158,0.37,1,1962053,1961541,512
137366881,76.7118,77.0193,515,23623,0.599632,0.43,1,1962129,1961614,515
137369801,26.5424,73.0039,457,23713,0.607926,0.45,1,1962143,1961686,457
137372721,34.1085,25.8008,479,23802,0.641585,0.45,1,1962179,1961700,479
137375641,55.6217,32.3602,506,23891,0.648317,0.55,1,1962240,1961734,506
137378561,79.9243,52.872,534,23980,0.665663,0.51,1,1962326,1961792,534
137381481,17.5849,80.9744,448,24068,0.669133,0.51,1,1962328,1961880,448
137384401,81.117,93.7949,448,24156,0.765827,0.57,2,1962425,1961977,448
137387321,78.6234,79.559,450,24244,0.753165,0.61,2,1962503,1962053,450
137390241,78.1247,76.7118,452,24331,0.766633,0.61,2,1962581,1962129,452
137393161,27.6249,26.5424,453,24418,0.801327,0.65,2,1962596,1962143,453
137396081,33.525,34.1085,452,24505,0.824265,0.65,2,1962631,1962179,452
137399001,57.905,55.6217,455,24591,0.812853,0.67,2,1962695,1962240,455
137401921,80.381,79.9243,455,24677,0.842571,0.67,2,1962781,1962326,455
137404841,17.6762,17.5849,455,24763,0.848514,0.79,2,1962783,1962328,455
137407761,85.9352,81.117,461,24849,0.881703,0.75,2,1962886,1962425,461
137504121,74,82,490,27522,0.51,1,1,1964786,1964296,490
137507041,72.4,78.8,484,27599,0.43,0.99,1,1964858,1964374,484
137509961,41.68,38.16,490,27676,0.254,1,1,1964892,1964402,490
137512881,45.936,55.632,477,27753,0.1868,1,1,1964939,1964462,477
137515801,37.1872,35.1264,482,27829,0.06136,0.93,1,1964974,1964492,482
137518721,37.8374,34.2253,486,27905,0.012272,1,1,1965012,1964526,486
137521641,36.3675,50.0451,468,27981,0.0264544,0.89,1,1965048,1964580,468
137524561,82.4735,87.609,465,28057,0.0132909,0.71,1,1965142,1964677,465
137527481,39.6947,45.5218,459,28132,0.0426582,0.51,1,1965171,1964712,459
137530401,58.3389,68.3044,448,28207,0.0485316,0.41,1,1965234,1964786,448
137533321,61.2678,71.2609,438,28282,0.0977063,0.21,1,1965296,1964858,438
137536241,37.0536,41.4522,435,28357,0.0915413,0.21,1,1965327,1964892,435
137539161,40.2107,8.29043,476,28432,0.0743083,0.17,1,1965368,1964892,476
137542081,30.4421,39.2581,457,28506,0.0388617,0.03,1,1965396,1964939,457
137545001,38.0884,35.8516,462,28580,0.0157723,0,1,1965436,1964974,462
137547921,34.0177,37.5703,457,28654,0.0751545,0.03,1,1965469,1965012,457
137550841,82.0035,36.3141,515,28728,0.0230309,0.01,1,1965563,1965048,515
137553761,40.4007,82.4628,451,28802,0.0446062,0.05,1,1965593,1965142,451
137556681,58.4801,39.6926,485,28876,0.0809212,0.05,1,1965656,1965171,485
137559601,62.896,58.3385,486,28949,0.0401842,0.11,1,1965720,1965234,486
137562521,38.1792,61.2677,456,29022,0.0480368,0.09,1,1965752,1965296,456
137565441,39.6358,37.0535,465,29095,0.0496074,0.07,1,1965792,1965327,465
137568361,29.5272,40.2107,451,29168,0.0339215,0.03,1,1965819,1965368,451
137571281,38.7054,30.4421,464,29241,0.0307843,0.01,1,1965860,1965396,464
137574201,32.5411,38.0884,455,29313,0.0621569,0.09,1,1965891,1965436,455
137577121,80.9082,34.0177,515,29385,0.0364314,0.01,1,1965984,1965469,515
137580041,43.3816,82.0035,455,29457,0.0632863,0.05,1,1966018,1965563,455
137582961,57.4763,40.4007,486,29529,0.116657,0.09,1,1966079,1965593,486
137585881,61.8953,58.4801,486,29601,0.111331,0.03,1,1966142,1965656,486
137588801,38.7791,62.896,455,29673,0.0942663,0.05,1,1966175,1965720,455
137591721,39.7558,38.1792,463,29744,0.154853,0.05,1,1966215,1965752,463
137594641,29.5512,39.6358,450,29815,0.150971,0.03,1,1966242,1965792,450
137597561,7.51023,29.5272,425,29886,0.150194,0.03,1,1966244,1965819,425
137600481,31.902,38.7054,422,29957,0.150039,0.07,1,1966282,1965860,422
137603401,31.9804,32.5411,423,30028,0.118008,0.03,1,1966314,1965891,423
137606321,80.7961,80.9082,423,30098,0.0476016,0.07,1,1966407,1965984,423
137609241,44.9592,43.3816,425,30168,0.00952031,0.13,1,1966443,1966018,425
137612161,60.1918,57.4763,428,30238,0.0419041,0.11,1,1966507,1966079,428
137615081,61.6384,61.8953,427,30308,0.0803808,0.09,1,1966569,1966142,427
137618001,38.7277,38.7791,427,30378,0.104076,0.17,1,1966602,1966175,427
137620921,42.1455,39.7558,430,30448,0.172815,0.15,1,1966645,1966215,430
137623841,31.6291,29.5512,432,30518,0.170563,0.15,1,1966674,1966242,432
137626761,7.92582,7.51023,432,30587,0.170113,0.15,1,1966676,1966244,432
137629681,27.9852,31.902,427,30656,0.186023,0.11,1,1966709,1966282,427
137632601,29.597,31.9804,425,30725,0.205205,0.03,1,1966739,1966314,425
137635521,77.9194,80.7961,422,30794,0.273041,0,1,1966829,1966407,422
137638441,45.1839,44.9592,423,30863,0.238608,0.05,1,1966866,1966443,423
137641361,61.8368,60.1918,425,30932,0.167722,0.09,1,1966932,1966507,425
137644281,62.7674,61.6384,426,31000,0.153544,0.11,1,1966995,1966569,426
137647201,39.7535,38.7277,427,31068,0.166709,0.19,1,1967029,1966602,427
137650121,43.9507,42.1455,429,31136,0.169342,0.17,1,1967074,1966645,429
137653041,32.7901,31.6291,430,31204,0.233868,0.17,1,1967104,1966674,430
137655961,8.15803,7.92582,430,31272,0.214774,0.19,1,1967106,1966676,430
137658881,28.8316,27.9852,431,31340,0.258955,0.19,1,1967140,1966709,431
137661801,29.7663,5.59703,461,31408,0.267791,0.21,1,1967170,1966709,461
137664721,79.5533,25.1194,523,31475,0.285558,0.29,1,1967262,1966739,523
137667641,43.1107,77.0239,467,31542,0.289112,0.23,1,1967296,1966829,467
137670561,58.2221,45.0048,492,31609,0.321822,0.15,1,1967358,1966866,492
137673481,62.0444,61.801,489,31676,0.392364,0.15,1,1967421,1966932,489
137676401,40.4089,62.7602,461,31743,0.438473,0.17,1,1967456,1966995,461
137679321,45.6818,39.752,474,31810,0.479695,0.17,1,1967503,1967029,474
137682241,34.7364,43.9504,461,31877,0.503939,0.25,1,1967535,1967074,461
137685161,8.54727,32.7901,433,31943,0.508788,0.21,1,1967537,1967104,433
137688081,30.5095,8.15802,467,32009,0.509758,0.27,1,1967573,1967106,467
137691001,31.7019,28.8316,465,32075,0.445951,0.27,1,1967605,1967140,465
137693921,79.9404,29.7663,527,32141,0.44919,0.29,1,1967697,1967170,527
137696841,43.9881,79.5533,470,32207,0.481838,0.29,1,1967732,1967262,470
137699761,59.9976,43.1107,500,32273,0.488368,0.33,1,1967796,1967296,500
137702681,65.5995,58.2221,505,32339,0.569674,0.41,1,1967863,1967358,505
137705601,41.9199,62.0444,478,32404,0.585935,0.45,1,1967899,1967421,478
137708521,48.384,40.4089,493,32469,0.637187,0.49,1,1967949,1967456,493
137711441,35.2768,45.6818,478,32534,0.615437,0.51,1,1967981,1967503,478
137714361,8.65536,34.7364,448,32599,0.611087,0.51,1,1967983,1967535,448
137717281,28.9311,8.54727,480,32664,0.642217,0.51,1,1968017,1967537,480
137720201,29.7862,30.5095,474,32729,0.648444,0.43,1,1968047,1967573,474
137723121,7.55724,31.7019,444,32794,0.649689,0.45,1,1968049,1967605,444
137726041,75.1114,79.9404,444,32858,0.729938,0.49,1,1968141,1967697,444
137728961,43.0223,43.9881,444,32922,0.761988,0.49,2,1968176,1967732,444
137731881,61.4045,59.9976,446,32986,0.800398,0.59,2,1968242,1967796,446
137734801,69.8809,65.5995,451,33050,0.792079,0.59,2,1968314,1967863,451
137737721,42.7762,41.9199,451,33114,0.806416,0.65,2,1968350,1967899,451
137740641,49.3552,48.384,452,33178,0.841283,0.61,2,1968401,1967949,452
137743561,35.471,35.2768,452,33242,0.848257,0.61,2,1968433,1967981,452
137746481,8.69421,8.65536,452,33306,0.881651,0.65,2,1968435,1967983,452
137749401,30.5388,28.9311,454,33370,0.84033,0.65,2,1968471,1968017,454
137752321,30.9078,29.7862,455,33433,0.848066,0.65,2,1968502,1968047,455
137755241,7.78155,7.55724,455,33496,0.849613,0.75,2,1968504,1968049,455
137758161,76.7563,75.1114,457,33559,0.913923,0.77,2,1968598,1968141,457
137912921,30,25,495,36751,0.79,1,2,1970842,1970347,495
137915841,30,25,500,36809,0.71,1,1,1970872,1970372,500
137918761,32.4,33,498,36866,0.582,1,1,1970905,1970407,498
137921681,27.28,29,496,36923,0.4604,1,1,1970931,1970435,496
137924601,43.056,59.4,476,36980,0.29208,1,1,1970978,1970502,476
137927521,48.6112,35.88,496,37037,0.194416,1,1,1971028,1970532,496
137930441,37.7222,31.976,500,37094,0.0628832,1,1,1971063,1970563,500
137933361,34.7444,44.7952,486,37151,0.0205766,1,1,1971097,1970611,486
137936281,53.3489,8.95904,544,37208,0.0281153,1,1,1971155,1970611,544
137939201,41.0698,59.3918,510,37265,0.0616231,1,1,1971193,1970683,510
137942121,53.014,44.6784,525,37322,0.0523246,0.9,1,1971249,1970724,525
137945041,32.2028,52.9357,497,37379,0.0504649,0.86,1,1971276,1970779,497
137947961,24.8406,36.9871,487,37436,0.034093,0.79,1,1971299,1970812,487
137950881,24.1681,31.3974,481,37492,0.110819,0.69,1,1971323,1970842,481
137953801,24.8336,30.2795,476,37548,0.0781637,0.55,1,1971348,1970872,476
137956721,21.7667,32.4559,464,37604,0.0876327,0.43,1,1971369,1970905,464
137959641,37.9533,27.2912,480,37660,0.121527,0.25,1,1971411,1970931,480
137962561,40.3907,43.0582,474,37716,0.144305,0.17,1,1971452,1970978,474
137965481,33.6781,48.6116,456,37772,0.148861,0.03,1,1971484,1971028,456
137968401,33.9356,37.7223,455,37828,0.133772,0.01,1,1971518,1971063,455
137971321,55.5871,34.7445,482,37884,0.0667544,0.03,1,1971579,1971097,482
137974241,40.7174,53.3489,461,37940,0.0373509,0.07,1,1971616,1971155,461
137977161,53.7435,41.0698,480,37996,0.0794702,0.05,1,1971673,1971193,480
137980081,31.5487,53.014,450,38052,0.055894,0.05,1,1971699,1971249,450
137983001,26.3097,32.2028,448,38108,0.115179,0.03,1,1971724,1971276,448
137985921,25.2619,24.8406,450,38163,0.111036,0.13,1,1971749,1971299,450
137988841,23.4524,24.1681,449,38218,0.158207,0.07,1,1971772,1971323,449
137991761,22.2905,24.8336,446,38273,0.167641,0.09,1,1971794,1971348,446
137994681,42.0581,21.7667,472,38328,0.201528,0.13,1,1971841,1971369,472
137997601,42.0116,37.9533,472,38383,0.224306,0.15,1,1971883,1971411,472
138000521,30.0023,40.3907,458,38438,0.244861,0.15,1,1971910,1971452,458
138003441,32.4005,33.6781,459,38493,0.232972,0.13,1,1971943,1971484,459
138006361,53.6801,33.9356,484,38548,0.182594,0.05,1,1972002,1971518,484
138009281,39.536,55.5871,459,38603,0.156519,0.03,1,1972038,1971579,459
138012201,9.5072,40.7174,424,38658,0.119304,0.09,1,1972040,1971616,424
138015121,49.1014,53.7435,426,38713,0.175861,0.05,1,1972099,1971673,426
138018041,30.6203,31.5487,426,38768,0.187172,0.13,1,1972125,1971699,426
138020961,26.1241,26.3097,426,38822,0.173434,0.11,1,1972150,1971724,426
138023881,26.8248,25.2619,428,38876,0.186687,0.17,1,1972177,1971749,428
138026801,25.365,23.4524,430,38930,0.205337,0.17,1,1972202,1971772,430
138029721,22.673,22.2905,430,38984,0.177067,0.21,1,1972224,1971794,430
138032641,43.7346,42.0581,432,39038,0.171413,0.23,1,1972273,1971841,432
138035561,43.1469,42.0116,433,39092,0.218283,0.25,1,1972316,1971883,433
138038481,31.0294,30.0023,434,39146,0.227657,0.23,1,1972344,1971910,434
138041401,31.8059,32.4005,433,39200,0.213531,0.17,1,1972376,1971943,433
138044321,51.1612,53.6801,430,39254,0.226706,0.15,1,1972432,1972002,430
138047241,36.6322,39.536,427,39308,0.245341,0.11,1,1972465,1972038,427
138050161,8.92645,9.5072,427,39362,0.249068,0.19,1,1972467,1972040,427
138053081,52.1853,49.1014,431,39416,0.297814,0.19,1,1972530,1972099,431
138056001,31.2371,30.6203,431,39470,0.323563,0.17,1,1972556,1972125,431
138058921,25.4474,26.1241,430,39524,0.328713,0.19,1,1972580,1972150,430
138061841,26.6895,26.8248,430,39577,0.329743,0.21,1,1972607,1972177,430
138064761,25.3379,25.365,430,39630,0.313949,0.17,1,1972632,1972202,430
138067681,22.6676,22.673,430,39683,0.34279,0.17,1,1972654,1972224,430
138070601,43.7335,43.7346,430,39736,0.364558,0.23,1,1972703,1972273,430
138073521,43.9467,43.1469,431,39789,0.336912,0.23,1,1972747,1972316,431
138076441,31.9893,31.0294,432,39842,0.363382,0.21,1,1972776,1972344,432
138079361,32.7979,31.8059,433,39895,0.384676,0.23,1,1972809,1972376,433
138082281,51.3596,51.1612,433,39948,0.420935,0.25,1,1972865,1972432,433
138085201,35.8719,36.6322,432,40001,0.428187,0.25,1,1972897,1972465,432
138088121,8.77438,8.92645,432,40054,0.397637,0.31,1,1972899,1972467,432
138091041,54.5549,52.1853,435,40107,0.471527,0.31,1,1972965,1972530,435
138093961,31.711,10.4371,461,40160,0.470306,0.33,1,1972991,1972530,461
138096881,26.3422,22.8874,460,40213,0.502061,0.33,1,1973016,1972556,460
138099801,27.6684,23.7775,464,40266,0.508412,0.33,1,1973044,1972580,464
138102721,24.7337,26.3555,461,40318,0.509682,0.31,1,1973068,1972607,461
138105641,23.3467,25.2711,459,40370,0.557936,0.35,1,1973091,1972632,459
138108561,43.8693,22.6542,486,40422,0.599587,0.37,1,1973140,1972654,486
138111481,43.1739,43.7308,480,40474,0.623917,0.33,1,1973183,1972703,480
138114401,34.2348,43.9462,468,40526,0.676784,0.37,1,1973215,1972747,468
138117321,34.047,31.9892,473,40578,0.687357,0.39,1,1973249,1972776,473
138120241,51.6094,32.7978,496,40630,0.721471,0.43,1,1973305,1972809,496
138123161,36.7219,51.3596,473,40682,0.712294,0.43,1,1973338,1972865,473
138126081,8.94437,35.8719,443,40734,0.710459,0.39,1,1973340,1972897,443
138129001,56.1889,8.77438,509,40786,0.726092,0.49,1,1973408,1972899,509
138131921,33.6378,54.5549,471,40838,0.713218,0.47,1,1973436,1972965,471
138134841,27.5276,31.711,471,40890,0.726644,0.51,1,1973462,1972991,471
138137761,27.9055,26.3422,474,40942,0.729329,0.51,1,1973490,1973016,474
138140681,24.7811,27.6684,470,40994,0.745866,0.51,1,1973514,1973044,470
138143601,26.5562,24.7337,473,41045,0.765173,0.57,2,1973541,1973068,473
138146521,45.3112,23.3467,500,41096,0.785035,0.61,2,1973591,1973091,500
138149441,44.2622,43.8693,495,41147,0.789007,0.63,2,1973635,1973140,495
138152361,36.8524,43.1739,487,41198,0.821801,0.69,2,1973670,1973183,487
138155281,35.3705,34.2348,490,41249,0.84436,0.69,2,1973705,1973215,490
138158201,52.6741,34.047,513,41300,0.880872,0.73,2,1973762,1973249,513
138161121,37.7348,51.6094,491,41351,0.888174,0.71,2,1973796,1973305,491
138164041,9.14696,36.7219,460,41402,0.889635,0.71,2,1973798,1973338,460
138166961,56.2294,8.94437,526,41453,0.905927,0.73,2,1973866,1973340,526
138169881,32.0459,56.1889,484,41504,0.909185,0.71,2,1973892,1973408,484
138172801,8.00918,33.6378,458,41555,0.909837,0.73,2,1973894,1973436,458
138175721,22.4018,27.5276,458,41606,0.925967,0.73,2,1973920,1973462,458
138348001,29,25,519,44501,0.65,1,1,1975906,1975387,519
138350921,31.4,29,521,44548,0.602,1,1,1975938,1975417,521
138353841,23.88,41.8,498,44595,0.5284,1,1,1975960,1975462,498
138356761,31.976,41.96,490,44642,0.41768,1,1,1975994,1975504,490
138359681,37.5952,45.192,483,44689,0.299536,1,1,1976033,1975550,483
138362601,33.919,36.2384,482,44736,0.195907,1,1,1976066,1975584,482
138365521,54.7838,54.4477,483,44783,0.0791814,1,1,1976126,1975643,483
138368441,43.7568,42.8895,484,44830,0.0878363,1,1,1976167,1975683,484
138371361,35.1514,31.7779,488,44877,0.0255673,1,1,1976200,1975712,488
138374281,34.2303,38.3556,482,44924,0.0131135,0.96,1,1976234,1975752,482
138377201,25.2461,33.2711,473,44971,0.0426227,0.92,1,1976257,1975784,473
138380121,29.8492,33.8542,470,45018,0.0485245,1,1,1976288,1975818,470
138383041,17.1698,20.3708,467,45065,0.0497049,0.91,1,1976302,1975835,467
138385961,9.83397,11.2742,466,45112,0.049941,0.75,1,1976310,1975844,466
138388881,24.3668,28.6548,461,45159,0.0179882,0.65,1,1976338,1975877,461
138391801,24.0734,28.931,456,45206,0.0275976,0.59,1,1976362,1975906,456
138394721,24.8147,31.3862,449,45253,0.0295195,0.51,1,1976387,1975938,449
138397641,19.3629,23.8772,445,45300,0.0619039,0.39,1,1976405,1975960,445
138400561,29.4726,31.9754,443,45347,0.100381,0.27,1,1976437,1975994,443
138403481,34.6945,37.5951,440,45394,0.124076,0.17,1,1976473,1976033,440
138406401,24.5389,33.919,429,45440,0.0968152,0.05,1,1976495,1976066,429
138409321,50.5078,54.7838,426,45486,0.123363,0.09,1,1976552,1976126,426
138412241,39.7016,43.7568,422,45532,0.112673,0.01,1,1976589,1976167,422
138415161,34.3403,35.1514,422,45578,0.0225345,0.01,1,1976622,1976200,422
138418081,35.6681,34.2303,424,45624,0.0445069,0.05,1,1976658,1976234,424
138421001,23.9336,25.2461,422,45670,0.0649014,0.05,1,1976679,1976257,422
138423921,30.3867,29.8492,423,45716,0.0209803,0.05,1,1976711,1976288,423
138426841,17.2773,17.1698,423,45762,0.0601961,0.05,1,1976725,1976302,423
138429761,9.85547,9.83397,423,45808,0.100039,0.01,1,1976733,1976310,423
138432681,23.5711,24.3668,422,45854,0.0920078,0.03,1,1976760,1976338,422
138435601,24.7142,24.0734,423,45900,0.0744016,0.03,1,1976785,1976362,423
138438521,24.9428,24.8147,423,45946,0.0548803,0.03,1,1976810,1976387,423
138441441,18.5886,4.96293,440,45992,0.0349761,0.07,1,1976827,1976387,440
138444361,34.1177,15.3926,460,46038,0.0309952,0.11,1,1976865,1976405,460
138447281,34.8235,28.6785,463,46084,0.126199,0.13,1,1976900,1976437,463
138450201,24.5647,34.5357,449,46130,0.14524,0.09,1,1976922,1976473,449
138453121,50.5129,24.5071,484,46176,0.181048,0.13,1,1976979,1976495,484
138456041,37.3026,50.5014,461,46222,0.20421,0.11,1,1977013,1976552,461
138458961,33.8605,39.7003,457,46268,0.176842,0,1,1977046,1976589,457
138461881,33.1721,34.3401,457,46314,0.171368,0.05,1,1977079,1976622,457
138464801,24.2344,35.668,443,46360,0.170274,0.07,1,1977101,1976658,443
138467721,29.6469,23.9336,453,46405,0.202055,0.01,1,1977132,1976679,453
138470641,21.1294,30.3867,440,46450,0.160411,0.07,1,1977151,1976711,440
138473561,10.6259,17.2773,434,46495,0.152082,0.11,1,1977159,1976725,434
138476481,19.7252,9.85547,448,46540,0.150416,0.09,1,1977181,1976733,448
138479401,24.745,23.5711,447,46585,0.150083,0.07,1,1977207,1976760,447
138482321,24.149,24.7142,446,46630,0.166017,0.05,1,1977231,1976785,446
138485241,20.0298,24.9428,440,46675,0.153203,0.03,1,1977250,1976810,440
138488161,36.006,18.5886,463,46720,0.150641,0.03,1,1977290,1976827,463
138491081,37.6012,34.1177,463,46765,0.182128,0.15,1,1977328,1976865,463
138494001,25.1202,34.8235,450,46810,0.188426,0.15,1,1977350,1976900,450
138496921,52.224,24.5647,487,46855,0.189685,0.19,1,1977409,1976922,487
138499841,39.2448,50.5129,466,46900,0.173937,0.21,1,1977445,1976979,466
138502761,30.249,37.3026,460,46945,0.202787,0.17,1,1977473,1977013,460
138505681,34.0498,33.8605,462,46990,0.240557,0.17,1,1977508,1977046,462
138508601,25.21,33.1721,452,47035,0.248112,0.17,1,1977531,1977079,452
138511521,29.042,24.2344,460,47080,0.281622,0.21,1,1977561,1977101,460
138514441,20.2084,29.6469,447,47125,0.304324,0.15,1,1977579,1977132,447
138517361,10.4417,21.1294,436,47170,0.308865,0.15,1,1977587,1977151,436
138520281,19.6883,10.6259,450,47215,0.309773,0.15,1,1977609,1977159,450
138523201,25.5377,19.7252,455,47260,0.325955,0.15,1,1977636,1977181,455
138526121,24.3075,24.745,453,47305,0.345191,0.17,1,1977660,1977207,453
138529041,20.0615,24.149,448,47350,0.365038,0.15,1,1977679,1977231,448
138531961,5.6123,20.0298,431,47395,0.337008,0.15,1,1977681,1977250,431
138534881,33.1225,36.006,431,47439,0.331402,0.19,1,1977721,1977290,431
138537801,37.0245,37.6012,431,47483,0.36228,0.19,1,1977759,1977328,431
138540721,25.0049,25.1202,431,47527,0.368456,0.19,1,1977781,1977350,431
138543641,52.201,52.224,431,47571,0.433691,0.17,1,1977840,1977409,431
138546561,40.0402,39.2448,432,47615,0.446738,0.21,1,1977877,1977445,432
138549481,31.208,30.249,433,47659,0.481348,0.25,1,1977906,1977473,433
138552401,35.8416,34.0498,435,47703,0.50427,0.25,1,1977943,1977508,435
138555321,26.3683,25.21,436,47747,0.540854,0.29,1,1977967,1977531,436
138558241,30.0737,29.042,437,47791,0.532171,0.31,1,1977998,1977561,437
138561161,20.4147,20.2084,437,47835,0.498434,0.31,1,1978016,1977579,437
138564081,10.4829,10.4417,437,47879,0.523687,0.31,1,1978024,1977587,437
138567001,19.6966,19.6883,437,47923,0.528737,0.33,1,1978046,1977609,437
138569921,27.1393,25.5377,439,47967,0.529747,0.35,1,1978075,1977636,439
138572841,24.6279,24.3075,439,48011,0.529949,0.37,1,1978099,1977660,439
138575761,19.3256,20.0615,438,48055,0.57799,0.33,1,1978117,1977679,438
138578681,5.46511,5.6123,438,48099,0.555598,0.33,1,1978119,1977681,438
138581601,33.093,33.1225,438,48143,0.58312,0.37,1,1978159,1977721,438
138584521,37.8186,37.0245,439,48187,0.588624,0.37,1,1978198,1977759,439
138587441,25.9637,25.0049,440,48231,0.621725,0.45,1,1978221,1977781,440
138590361,55.5927,52.201,444,48275,0.676345,0.45,1,1978284,1977840,444
138593281,40.7185,40.0402,444,48319,0.703269,0.49,1,1978321,1977877,444
138596201,32.9437,31.208,446,48363,0.724654,0.51,1,1978352,1977906,446
138599121,36.9887,35.8416,447,48407,0.744931,0.55,1,1978390,1977943,447
138602041,26.5977,26.3683,447,48451,0.748986,0.53,1,1978414,1977967,447
138604961,29.3195,30.0737,446,48494,0.749797,0.49,1,1978444,1977998,446
138607881,20.2639,20.4147,446,48537,0.749959,0.53,1,1978462,1978016,446
138610801,10.4528,10.4829,446,48580,0.717992,0.53,1,1978470,1978024,446
138613721,19.6906,19.6966,446,48623,0.743598,0.53,1,1978492,1978046,446
138616641,28.7381,27.1393,448,48666,0.73272,0.53,1,1978523,1978075,448
138619561,25.7476,24.6279,449,48709,0.714544,0.59,1,1978548,1978099,449
138622481,19.5495,19.3256,449,48752,0.678909,0.55,1,1978566,1978117,449
138625401,5.5099,5.46511,449,48795,0.703782,0.59,1,1978568,1978119,449
138628321,33.102,33.093,449,48838,0.756756,0.59,2,1978608,1978159,449
138631241,38.6204,6.6186,489,48881,0.751351,0.59,2,1978648,1978159,489
138634161,27.7241,32.5237,475,48924,0.73427,0.63,1,1978673,1978198,475
138637081,58.3448,24.9047,518,48967,0.762854,0.69,2,1978739,1978221,518
138640001,42.069,55.3809,493,49010,0.832571,0.71,2,1978777,1978284,493
138642921,32.4138,40.6762,486,49053,0.846514,0.73,2,1978807,1978321,486
138645841,37.6828,32.9352,494,49096,0.865303,0.75,2,1978846,1978352,494
138648761,26.7366,36.987,480,49139,0.885061,0.75,2,1978870,1978390,480
138651681,29.3473,26.5974,486,49182,0.889012,0.75,2,1978900,1978414,486
138654601,20.2695,29.3195,474,49225,0.905802,0.75,2,1978918,1978444,474
138657521,10.4539,20.2639,464,49268,0.925161,0.71,2,1978926,1978462,464
138660441,19.6908,10.4528,478,49311,0.929032,0.75,2,1978948,1978470,478
138663361,27.9382,19.6906,486,49354,0.929806,0.73,2,1978978,1978492,486
138666281,24.7876,28.7381,479,49397,0.929961,0.71,2,1979002,1978523,479
138669201,20.1575,25.7476,473,49440,0.913992,0.67,2,1979021,1978548,473
138672121,5.6315,19.5495,457,49483,0.942798,0.71,2,1979023,1978566,457
138870681,77,59,525,24266,0.01,0.93,1,1981105,1980580,525
138873601,56.2,80.6,490,24353,0.042,0.69,1,1981156,1980666,490
138876521,72.04,70.52,498,24440,0.0164,0.49,1,1981232,1980734,498
138879441,63.208,83.704,472,24527,0.04328,0.31,1,1981293,1980821,472
138882361,47.0416,60.7408,460,24613,0.048656,0.17,1,1981336,1980876,460
138885281,26.2083,45.7482,439,24699,0.0977312,0.19,1,1981357,1980918,439
138888201,22.0417,25.1496,440,24785,0.123546,0.03,1,1981378,1980938,440
138891121,62.8083,77.0299,423,24871,0.0327092,0.01,1,1981451,1981028,423
138894041,74.1617,77.006,423,24956,0.0625418,0.05,1,1981528,1981105,423
138896961,54.8323,56.2012,422,25041,0.0525084,0.01,1,1981578,1981156,422
138899881,71.7665,72.0402,422,25126,0.0505017,0.05,1,1981654,1981232,422
138902801,64.7533,63.208,424,25210,0.0821003,0.05,1,1981717,1981293,424
138905721,48.9507,47.0416,426,25294,0.10442,0.11,1,1981762,1981336,426
138908641,27.3901,26.2083,427,25378,0.124884,0.13,1,1981784,1981357,427
138911561,21.478,22.0417,426,25461,0.144977,0.13,1,1981804,1981378,426
138914481,60.2956,4.40833,496,25544,0.132995,0.01,1,1981874,1981378,496
138917401,74.4591,59.2817,501,25627,0.130599,0.07,1,1981952,1981451,501
138920321,52.4918,73.4563,471,25710,0.14612,0.05,1,1981999,1981528,471
138923241,72.0984,54.6913,498,25792,0.133224,0.05,1,1982076,1981578,498
138926161,67.2197,71.7383,488,25874,0.162645,0.09,1,1982142,1981654,488
138929081,49.4439,64.7477,470,25956,0.184529,0.11,1,1982187,1981717,470
138932001,28.2888,48.9495,448,26038,0.220906,0.13,1,1982210,1981762,448
138934921,22.4578,27.3899,447,26119,0.180181,0.15,1,1982231,1981784,447
138937841,60.4916,21.478,497,26200,0.236036,0.13,1,1982301,1981804,497
138940761,74.4983,60.2956,505,26281,0.231207,0.13,1,1982379,1981874,505
138943681,53.2997,74.4591,475,26362,0.262241,0.15,1,1982427,1981952,475
138946601,71.4599,52.4918,504,26442,0.316448,0.13,1,1982503,1981999,504
138949521,68.692,72.0984,495,26522,0.37529,0.17,1,1982571,1982076,495
138952441,51.3384,67.2197,476,26602,0.387058,0.19,1,1982618,1982142,476
138955361,27.8677,49.4439,453,26682,0.421412,0.23,1,1982640,1982187,453
138958281,23.1735,28.2888,452,26761,0.428282,0.17,1,1982662,1982210,452
138961201,62.2347,22.4578,503,26840,0.413656,0.25,1,1982734,1982231,503
138964121,14.0469,60.4916,435,26919,0.410731,0.23,1,1982736,1982301,435
138967041,63.6094,74.4983,433,26998,0.442146,0.27,1,1982812,1982379,433
138969961,52.7219,53.2997,435,27076,0.496429,0.33,1,1982862,1982427,435
138972881,73.7444,71.4599,438,27154,0.507286,0.39,1,1982941,1982503,438
138975801,71.5489,68.692,441,27232,0.509457,0.39,1,1983012,1982571,441
138978721,53.5098,51.3384,443,27310,0.509891,0.43,1,1983061,1982618,443
138981641,28.302,27.8677,443,27388,0.477978,0.43,1,1983083,1982640,443
138984561,23.2604,23.1735,443,27465,0.535596,0.41,1,1983105,1982662,443
138987481,61.4521,62.2347,442,27542,0.595119,0.41,1,1983176,1982734,442
138990401,13.8904,14.0469,442,27619,0.607024,0.45,1,1983178,1982736,442
138993321,65.9781,63.6094,445,27696,0.625405,0.51,1,1983257,1982812,445
138996241,53.1956,52.7219,445,27772,0.693081,0.51,1,1983307,1982862,445
138999161,75.4391,73.7444,447,27848,0.722616,0.51,1,1983388,1982941,447
139002081,71.0878,71.5489,446,27924,0.728523,0.51,1,1983458,1983012,446
139005001,52.6176,53.5098,445,28000,0.777705,0.47,2,1983506,1983061,445
139007921,28.9235,28.302,446,28076,0.771541,0.55,2,1983529,1983083,446
139010841,24.9847,23.2604,448,28151,0.770308,0.61,2,1983553,1983105,448
139013761,63.3969,61.4521,450,28226,0.770062,0.61,2,1983626,1983176,450
139016681,14.2794,13.8904,450,28301,0.770012,0.63,2,1983628,1983178,450
139019601,68.4559,65.9781,453,28376,0.834002,0.63,2,1983710,1983257,453
139022521,54.4912,13.1956,504,28451,0.814801,0.71,2,1983761,1983257,504
139025441,78.0982,42.6391,538,28525,0.82696,0.73,2,1983845,1983307,538
139028361,70.0196,73.3278,525,28599,0.845392,0.73,2,1983913,1983388,525
139031281,54.8039,70.6656,506,28673,0.897078,0.79,2,1983964,1983458,506
139034201,28.5608,52.5331,480,28747,0.907416,0.77,2,1983986,1983506,480
139037121,24.9122,28.9066,481,28821,0.925483,0.77,2,1984010,1983529,481
139142241,34,0,525,31356,0.73,1,1,1985810,1985285,525
139145161,49.2,38.4,530,31423,0.57,1,1,1985863,1985333,530
139148081,33.04,49.28,507,31490,0.506,1,1,1985892,1985385,507
139151001,32.208,28.256,516,31557,0.3652,1,1,1985924,1985408,516
139153921,60.8416,37.6512,544,31624,0.25704,1,1,1985992,1985448,544
139156841,37.7683,62.7302,507,31691,0.203408,1,1,1986024,1985517,507
139159761,52.3537,33.346,537,31758,0.144682,1,1,1986080,1985543,537
139162681,48.8707,55.4692,524,31825,0.0369363,1,1,1986128,1985604,524
139165601,69.7741,57.4938,541,31891,0.0473873,0.89,1,1986203,1985662,541
139168521,40.3548,75.4988,494,31957,0.0494775,0.83,1,1986236,1985742,494
139171441,32.071,42.2998,490,32023,0.0818955,0.73,1,1986266,1985776,490
139174361,39.2142,35.66,497,32089,0.0563791,0.53,1,1986307,1985810,497
139177281,29.4428,49.532,471,32155,0.0832758,0.49,1,1986334,1985863,471
139180201,26.6886,33.1064,468,32221,0.0886552,0.33,1,1986360,1985892,468
139183121,56.5377,32.2213,500,32287,0.105731,0.23,1,1986424,1985924,500
139186041,35.3075,60.8443,462,32353,0.141146,0.19,1,1986454,1985992,462
139188961,49.4615,37.7689,483,32418,0.148229,0.13,1,1986507,1986024,483
139191881,44.2923,52.3538,470,32483,0.181646,0.01,1,1986550,1986080,470
139194801,68.8585,48.8708,497,32548,0.172329,0.05,1,1986625,1986128,497
139197721,40.9717,69.7742,456,32613,0.138466,0.05,1,1986659,1986203,456
139200641,32.1943,40.3548,453,32678,0.0996932,0.09,1,1986689,1986236,453
139203561,39.2389,32.071,464,32743,0.139939,0.05,1,1986730,1986266,464
139206481,9.44777,39.2142,425,32808,0.147988,0.09,1,1986732,1986307,425
139209401,25.0896,29.4428,427,32872,0.165598,0.09,1,1986761,1986334,427
139212321,25.8179,26.6886,427,32936,0.16912,0.11,1,1986787,1986360,427
139215241,57.9636,56.5377,429,33000,0.153824,0.15,1,1986853,1986424,429
139218161,36.3927,35.3075,430,33064,0.198765,0.15,1,1986884,1986454,430
139221081,50.4785,49.4615,431,33128,0.207753,0.19,1,1986938,1986507,431
139224001,44.4957,44.2923,431,33192,0.209551,0.17,1,1986981,1986550,431
139226921,66.4991,68.8585,428,33256,0.27391,0.13,1,1987053,1986625,428
139229841,40.4998,40.9717,428,33320,0.302782,0.09,1,1987087,1986659,428
139232761,32.9,32.1943,429,33383,0.292556,0.15,1,1987118,1986689,429
139235681,39.38,39.2389,429,33446,0.306511,0.15,1,1987159,1986730,429
139238601,9.476,9.44777,429,33509,0.341302,0.17,1,1987161,1986732,429
139241521,25.8952,25.0896,430,33572,0.34826,0.17,1,1987191,1986761,430
139244441,24.379,25.8179,428,33635,0.365652,0.15,1,1987215,1986787,428
139247361,59.2758,57.9636,430,33698,0.41713,0.21,1,1987283,1986853,430
139250281,36.6552,36.3927,430,33761,0.427426,0.21,1,1987314,1986884,430
139253201,52.131,50.4785,432,33824,0.429485,0.21,1,1987370,1986938,432
139256121,45.6262,44.4957,433,33887,0.381897,0.29,1,1987414,1986981,433
139259041,67.5252,66.4991,434,33949,0.436379,0.31,1,1987487,1987053,434
139261961,41.505,40.4998,435,34011,0.431276,0.29,1,1987522,1987087,435
139264881,34.701,32.9,437,34073,0.414255,0.31,1,1987555,1987118,437
139267801,39.7402,39.38,437,34135,0.458851,0.35,1,1987596,1987159,437
139270721,9.54804,9.476,437,34197,0.46777,0.35,1,1987598,1987161,437
139273641,25.9096,25.8952,437,34259,0.437554,0.35,1,1987628,1987191,437
139276561,25.1819,5.17904,462,34321,0.431511,0.37,1,1987653,1987191,462
139279481,61.0364,20.2358,508,34383,0.478302,0.43,1,1987723,1987215,508
139282401,37.0073,58.4472,471,34444,0.51966,0.43,1,1987754,1987283,471
139285321,50.6015,36.4894,494,34505,0.543932,0.43,1,1987808,1987314,494
139288241,46.1203,52.0979,483,34566,0.564786,0.37,1,1987853,1987370,483
139291161,69.2241,45.6196,514,34627,0.632957,0.45,1,1987928,1987414,514
139294081,41.0448,67.5239,475,34688,0.678591,0.43,1,1987962,1987487,475
139297001,35.409,41.5048,474,34749,0.703718,0.41,1,1987996,1987522,474
139299921,40.6818,34.701,483,34810,0.724744,0.47,1,1988038,1987555,483
139302841,9.73636,39.7402,444,34871,0.728949,0.47,1,1988040,1987596,444
139305761,26.7473,9.54804,473,34932,0.72979,0.43,1,1988071,1987598,473
139308681,26.1495,25.9096,469,34993,0.777958,0.43,2,1988097,1987628,469
139311601,62.0299,25.1819,515,35053,0.803592,0.49,2,1988168,1987653,515
139314521,38.806,61.0364,478,35113,0.824718,0.53,2,1988201,1987723,478
139317441,51.7612,37.0073,502,35173,0.860944,0.55,2,1988256,1987754,502
139320361,47.1522,50.6015,494,35233,0.884189,0.57,2,1988302,1987808,494
139323281,72.6304,46.1203,528,35293,0.920838,0.65,2,1988381,1987853,528
139326201,43.3261,69.2241,489,35353,0.928168,0.69,2,1988417,1987928,489
139337881,33,2,491,35592,0.93,0.73,2,1988531,1988040,491
139507241,55,38,497,38886,0.71,1,1,1990835,1990338,497
139510161,38.2,42,488,38940,0.71,1,1,1990869,1990381,488
139513081,29.24,31.6,486,38994,0.726,1,1,1990896,1990410,486
139516001,24.248,27.92,482,39048,0.7452,1,1,1990919,1990437,482
139518921,24.8496,27.984,479,39102,0.76504,1,2,1990944,1990465,479
139521841,40.9699,24.7968,500,39156,0.721008,1,1,1990989,1990489,500
139524761,23.394,29.7594,488,39210,0.760202,0.97,2,1991008,1990520,488
139527681,22.2788,33.9519,475,39264,0.73604,1,1,1991030,1990555,475
139530601,39.6558,46.7904,469,39318,0.747208,1,1,1991074,1990605,469
139533521,35.1312,37.3581,468,39372,0.701442,0.97,1,1991108,1990640,468
139536441,33.4262,32.2716,470,39426,0.740288,0.81,1,1991141,1990671,470
139539361,61.0852,66.4543,463,39480,0.844058,0.83,2,1991209,1990746,463
139542281,37.817,40.4909,461,39533,0.832812,0.71,2,1991241,1990780,461
139545201,50.7634,52.0982,460,39586,0.862562,0.71,2,1991295,1990835,460
139548121,35.7527,37.6196,458,39639,0.868512,0.73,2,1991327,1990869,458
139551041,26.3505,29.1239,455,39692,0.885702,0.75,2,1991351,1990896,455
139553961,25.2701,24.2248,457,39745,0.873141,0.77,2,1991376,1990919,457
139556881,24.254,24.845,456,39798,0.870628,0.71,2,1991400,1990944,456
139559801,40.0508,40.969,455,39851,0.838126,0.77,2,1991444,1990989,455
139562721,24.8102,23.3938,457,39904,0.847625,0.73,2,1991465,1991008,457
139565641,23.362,22.2788,458,39957,0.833525,0.75,2,1991488,1991030,458
139568561,39.8724,39.6558,458,40010,0.862705,0.69,2,1991532,1991074,458
139571481,34.3745,35.1312,457,40063,0.852541,0.69,2,1991565,1991108,457
139574401,34.0749,7.02623,491,40116,0.834508,0.75,2,1991599,1991108,491
139577321,66.015,27.8052,532,40169,0.862902,0.87,2,1991673,1991141,532
139580241,37.203,59.9611,494,40222,0.88458,0.83,2,1991703,1991209,494
139583161,50.6406,37.5922,516,40274,0.904916,0.87,2,1991757,1991241,516
139586081,36.5281,50.7184,495,40326,0.924983,0.87,2,1991790,1991295,495
139589001,26.5056,35.7437,487,40378,0.928997,0.89,2,1991814,1991327,487
140083941,107,102,508,22093,0.69,1,1,1997573,1997065,508
140086861,79,75.6,511,22189,0.61,1,1,1997645,1997134,511
140089781,71.8,82.32,497,22285,0.514,1,1,1997715,1997218,497
140092701,59.96,55.664,505,22380,0.5108,1,1,1997772,1997267,505
140095621,64.792,78.3328,487,22475,0.51016,0.97,1,1997838,1997351,487
140098541,31.3584,41.2666,478,22569,0.526032,0.96,1,1997861,1997383,478
140101461,55.0717,21.8533,522,22663,0.529206,0.84,1,1997922,1997400,522
140104381,94.2143,57.1707,560,22757,0.577841,0.69,1,1998026,1997466,560
140107301,72.4429,97.0341,520,22850,0.619568,0.59,1,1998093,1997573,520
140110221,71.2886,77.0068,519,22943,0.643914,0.49,1,1998164,1997645,519
140113141,57.4577,71.4014,503,23035,0.632783,0.51,1,1998218,1997715,503
140116061,64.2915,59.8803,512,23127,0.694556,0.51,1,1998284,1997772,512
140118981,31.2583,64.7761,469,23219,0.722911,0.53,1,1998307,1997838,469
140121901,55.8517,31.3552,508,23310,0.712582,0.53,1,1998369,1997861,508
140124821,96.7703,55.071,554,23401,0.710516,0.59,1,1998476,1997922,554
140127741,73.7541,94.2142,518,23492,0.726103,0.63,1,1998544,1998026,518
140130661,73.1508,72.4428,524,23582,0.745221,0.65,1,1998617,1998093,524
140133581,58.6302,71.2886,508,23672,0.781044,0.63,2,1998672,1998164,508
140136501,66.126,57.4577,522,23762,0.788209,0.71,2,1998740,1998218,522
140139421,31.6252,64.2915,479,23851,0.773642,0.73,2,1998763,1998284,479
140142341,55.925,31.2583,518,23940,0.802728,0.71,2,1998825,1998307,518
140145261,12.785,55.8517,458,24029,0.808546,0.71,2,1998827,1998369,458
140148181,87.357,96.7703,457,24117,0.873709,0.73,2,1998933,1998476,457
140151101,74.2714,73.7541,460,24205,0.918742,0.75,2,1999004,1998544,460
140241621,83,37,556,26787,0.41,1,1,2000825,2000269,556
140244541,78.2,73.8,550,26866,0.266,1,1,2000902,2000352,550
140247461,25.24,69.16,494,26945,0.2692,1,1,2000914,2000420,494
140250381,47.448,64.232,484,27024,0.09384,0.95,1,2000967,2000483,484
140253301,65.4896,66.4464,487,27102,0.026768,1,1,2001037,2000550,487
140256221,55.4979,65.2893,475,27180,0.0613536,0.99,1,2001090,2000615,475
140259141,35.8996,40.2579,472,27258,0.0842707,0.93,1,2001121,2000649,472
140262061,44.7799,52.0516,464,27336,0.0408541,0.81,1,2001168,2000704,464
140264981,38.556,40.8103,463,27413,0.0641708,0.41,1,2001205,2000742,463
140267901,57.3112,74.5621,442,27490,0.100834,0.23,1,2001267,2000825,442
140270821,65.8622,76.5124,433,27567,0.140167,0.27,1,2001335,2000902,433
140273741,20.3724,24.9025,430,27644,0.132033,0.05,1,2001344,2000914,430
140276661,44.0745,47.3805,427,27721,0.130407,0.01,1,2001394,2000967,427
140279581,62.4149,65.4761,424,27797,0.0500813,0.07,1,2001461,2001037,424
140282501,57.283,55.4952,427,27873,0.0180163,0.09,1,2001517,2001090,427
140285421,36.2566,35.899,427,27949,0.0436033,0.03,1,2001548,2001121,427
140288341,40.8513,44.7798,422,28025,0.0807207,0.07,1,2001590,2001168,422
140291261,40.1703,38.556,425,28101,0.0241441,0.11,1,2001630,2001205,425
140294181,60.8341,57.3112,429,28176,0.0928288,0.15,1,2001696,2001267,429
140297101,64.9668,65.8622,427,28251,0.138566,0.13,1,2001762,2001335,427
140300021,19.3934,20.3724,426,28326,0.179713,0.13,1,2001770,2001344,426
140302941,45.4787,44.0745,428,28401,0.203943,0.13,1,2001822,2001394,428
140305861,57.8957,8.8149,489,28476,0.208789,0.03,1,2001883,2001394,489
140308781,55.5791,55.363,477,28550,0.113758,0.01,1,2001938,2001461,477
140311701,39.1158,55.8726,456,28624,0.0947515,0.05,1,2001973,2001517,456
140314621,39.8232,35.9745,465,28698,0.0589503,0.09,1,2002013,2001548,465
140317541,38.3646,40.7949,461,28772,0.0677901,0.01,1,2002051,2001590,461
140320461,65.2729,40.159,493,28846,0.037558,0.11,1,2002123,2001630,493
140323381,66.6546,60.8318,494,28919,0.0315116,0.15,1,2002190,2001696,494
140326301,19.7309,64.9664,436,28992,0.0463023,0.19,1,2002198,2001762,436
140329221,46.3462,19.3933,481,29065,0.0652605,0.21,1,2002251,2001770,481
140332141,57.2692,45.4787,489,29138,0.0690521,0.21,1,2002311,2001822,489
140335061,52.2538,57.8957,479,29211,0.11781,0.09,1,2002362,2001883,479
140337981,37.6508,55.5791,458,29283,0.143562,0.09,1,2002396,2001938,458
140340901,39.5302,39.1158,463,29355,0.148712,0.05,1,2002436,2001973,463
140343821,39.106,39.8232,462,29427,0.197743,0.07,1,2002475,2002013,462
140346741,63.8212,38.3646,494,29499,0.207548,0.03,1,2002545,2002051,494
140349661,67.1642,65.2729,490,29571,0.24151,0.03,1,2002613,2002123,490
140352581,19.8328,66.6546,431,29643,0.248302,0.05,1,2002621,2002190,431
140355501,47.1666,19.7309,477,29714,0.28166,0.07,1,2002675,2002198,477
140358421,57.4333,46.3462,484,29785,0.304332,0.07,1,2002735,2002251,484
140361341,13.0867,57.2692,426,29856,0.308866,0.13,1,2002737,2002311,426
140364261,43.4173,52.2538,426,29927,0.325773,0.15,1,2002788,2002362,426
140367181,38.2835,37.6508,429,29998,0.345155,0.15,1,2002825,2002396,429
140370101,40.4567,39.5302,430,30069,0.381031,0.21,1,2002866,2002436,430
140373021,40.8913,39.106,432,30139,0.436206,0.21,1,2002907,2002475,432
140375941,64.9783,63.8212,433,30209,0.463241,0.25,1,2002978,2002545,433
140378861,68.1957,67.1642,434,30279,0.580648,0.25,1,2003047,2002613,434
140381781,20.0391,19.8328,434,30349,0.57213,0.29,1,2003055,2002621,434
140384701,48.8078,47.1666,436,30419,0.570426,0.31,1,2003111,2002675,436
140387621,58.5616,57.4333,437,30489,0.602085,0.31,1,2003172,2002735,437
140390541,13.3123,13.0867,437,30558,0.576417,0.33,1,2003174,2002737,437
140393461,44.2625,43.4173,438,30627,0.571283,0.35,1,2003226,2002788,438
140396381,37.6525,38.2835,437,30696,0.618257,0.39,1,2003262,2002825,437
140399301,43.5305,40.4567,441,30765,0.627651,0.45,1,2003307,2002866,441
140402221,42.3061,40.8913,442,30834,0.61353,0.47,1,2003349,2002907,442
140405141,67.6612,64.9783,445,30903,0.626706,0.61,1,2003423,2002978,445
140408061,72.7322,68.1957,450,30971,0.709341,0.57,1,2003497,2003047,450
140410981,20.9464,20.0391,450,31039,0.725868,0.57,1,2003505,2003055,450
140413901,49.7893,48.8078,451,31107,0.729174,0.61,1,2003562,2003111,451
140416821,57.9579,58.5616,450,31175,0.761835,0.57,2,2003622,2003172,450
140419741,13.1916,13.3123,450,31243,0.800367,0.57,2,2003624,2003174,450
140422661,44.2383,44.2625,450,31311,0.824073,0.57,2,2003676,2003226,450
140425581,37.6477,8.85249,486,31379,0.812815,0.63,2,2003712,2003226,486
140428501,43.5295,30.5705,495,31446,0.794563,0.63,2,2003757,2003262,495
140431421,43.1059,42.1141,493,31513,0.806913,0.61,2,2003800,2003307,493
140434341,69.4212,42.0228,527,31580,0.841383,0.63,2,2003876,2003349,527
140437261,74.6842,67.6046,529,31647,0.832277,0.73,2,2003952,2003423,529
140440181,21.3368,72.7209,463,31714,0.846455,0.73,2,2003960,2003497,463
140443101,52.2674,20.9442,515,31781,0.865291,0.73,2,2004020,2003505,515
140446021,59.2535,49.7888,519,31848,0.837058,0.77,2,2004081,2003562,519
140448941,13.4507,57.9578,461,31914,0.831412,0.81,2,2004083,2003622,461
140451861,45.8901,13.1916,513,31980,0.862282,0.83,2,2004137,2003624,513
140454781,37.978,44.2383,497,32046,0.868456,0.81,2,2004173,2003676,497
140457701,42.7956,37.6477,505,32112,0.869691,0.79,2,2004217,2003712,505
140460621,43.7591,43.5295,504,32178,0.885938,0.81,2,2004261,2003757,504
140463541,71.1518,43.1059,539,32244,0.921188,0.85,2,2004339,2003800,539
140571581,58,33,537,34587,0.91,1,2,2005969,2005432,537
140574501,33.2,56.2,502,34648,0.846,1,2,2005996,2005494,502
140577421,38.64,35.24,512,34709,0.7372,1,1,2006036,2005524,512
140580341,42.128,37.448,517,34770,0.60344,1,1,2006079,2005562,517
140583261,41.2256,45.0896,511,34831,0.544688,1,1,2006120,2005609,511
140586181,35.4451,36.2179,511,34892,0.468938,1,1,2006154,2005643,511
140589101,32.689,36.8436,506,34953,0.357788,1,1,2006186,2005680,506
140592021,41.7378,26.5687,526,35013,0.239558,1,1,2006230,2005704,526
140594941,84.3476,43.7137,573,35073,0.135912,1,1,2006325,2005752,573
140597861,40.8695,86.3427,506,35133,0.131182,0.91,1,2006355,2005849,506
140600781,30.5739,40.4685,505,35193,0.0822365,0.94,1,2006383,2005878,505
140603701,43.7148,34.4937,519,35253,0.0404473,0.91,1,2006430,2005911,519
140606621,24.743,53.2987,481,35313,0.0320895,0.83,1,2006450,2005969,481
140609541,36.1486,32.2597,493,35373,0.0304179,0.71,1,2006489,2005996,493
140612461,42.4297,38.4519,497,35433,0.0460836,0.57,1,2006533,2006036,497
140615381,34.0859,42.0904,486,35493,0.0812167,0.53,1,2006565,2006079,486
140618301,32.4172,41.2181,477,35553,0.104243,0.45,1,2006597,2006120,477
140621221,28.0834,35.4436,470,35612,0.140849,0.33,1,2006624,2006154,470
140624141,31.2167,32.6887,470,35671,0.13217,0.21,1,2006656,2006186,470
140627061,7.84334,41.7377,428,35730,0.130434,0.11,1,2006658,2006230,428
140629981,76.7687,84.3475,427,35789,0.226087,0.13,1,2006752,2006325,427
140632901,39.3537,40.8695,427,35848,0.245217,0.07,1,2006782,2006355,427
140635821,28.6707,30.5739,425,35907,0.297043,0.03,1,2006808,2006383,425
140638741,41.7341,43.7148,423,35966,0.307409,0.03,1,2006853,2006430,423
140641661,25.1468,24.743,424,36025,0.293482,0.03,1,2006874,2006450,424
140644581,34.6294,36.1486,422,36084,0.306696,0.05,1,2006911,2006489,422
140647501,44.5259,42.4297,425,36143,0.261339,0.09,1,2006958,2006533,425
140650421,36.9052,34.0859,428,36201,0.268268,0.11,1,2006993,2006565,428
140653341,32.981,32.4172,428,36259,0.269654,0.15,1,2007025,2006597,428
140656261,27.3962,28.0834,427,36317,0.285931,0.13,1,2007051,2006624,427
140659181,34.2792,31.2167,431,36375,0.321186,0.13,1,2007087,2006656,431
140662101,8.45585,7.84334,431,36433,0.328237,0.25,1,2007089,2006658,431
140665021,77.6912,76.7687,432,36491,0.329647,0.25,1,2007184,2006752,432
140667941,42.7382,39.3537,436,36549,0.313929,0.31,1,2007218,2006782,436
140670861,28.5476,28.6707,435,36607,0.294786,0.31,1,2007243,2006808,435
140673781,41.7095,41.7341,435,36665,0.306957,0.29,1,2007288,2006853,435
140676701,25.9419,25.1468,436,36723,0.325391,0.31,1,2007310,2006874,436
140679621,35.5884,34.6294,437,36781,0.393078,0.25,1,2007348,2006911,437
140682541,40.7177,44.5259,432,36838,0.374616,0.27,1,2007390,2006958,432
140685461,38.5435,36.9052,435,36895,0.370923,0.27,1,2007428,2006993,435
140688381,33.3087,32.981,435,36952,0.402185,0.29,1,2007460,2007025,435
140691301,28.2617,27.3962,436,37009,0.456437,0.33,1,2007487,2007051,436
140694221,34.4523,34.2792,436,37066,0.547287,0.33,1,2007523,2007087,436
140697141,8.49047,8.45585,436,37123,0.565458,0.33,1,2007525,2007089,436
140700061,77.6981,77.6912,436,37180,0.537091,0.33,1,2007620,2007184,436
140702981,41.1396,15.5382,468,37237,0.547418,0.31,1,2007652,2007184,468
140705901,29.0279,30.3076,460,37294,0.565484,0.29,1,2007678,2007218,460
140708821,42.6056,26.0615,481,37351,0.601097,0.31,1,2007724,2007243,481
140711741,26.9211,41.2123,459,37408,0.640219,0.33,1,2007747,2007288,459
140714661,37.3842,25.8425,477,37464,0.632044,0.41,1,2007787,2007310,477
140717581,41.0768,35.5685,481,37520,0.630409,0.37,1,2007829,2007348,481
140720501,39.4154,40.7137,478,37576,0.614082,0.37,1,2007868,2007390,478
140723421,35.8831,38.5427,475,37632,0.626816,0.41,1,2007903,2007428,475
140726341,30.3766,33.3085,472,37688,0.581363,0.47,1,2007932,2007460,472
140729261,36.4753,28.2617,483,37744,0.588273,0.57,1,2007970,2007487,483
140732181,8.89506,34.4523,449,37800,0.589655,0.57,1,2007972,2007523,449
140735101,78.579,8.49047,543,37856,0.589931,0.53,1,2008068,2007525,543
140738021,41.3158,77.6981,480,37912,0.621986,0.55,1,2008100,2007620,480
140740941,29.8632,41.1396,475,37968,0.660397,0.57,1,2008127,2007652,475
140743861,45.1726,29.0279,498,38024,0.652079,0.61,1,2008176,2007678,498
140746781,29.0345,42.6056,477,38080,0.698416,0.65,1,2008201,2007724,477
140749701,36.2069,26.9211,492,38135,0.707683,0.63,1,2008239,2007747,492
140752621,40.8414,37.3842,494,38190,0.709537,0.63,1,2008281,2007787,494
140755541,40.1683,41.0768,492,38245,0.741907,0.61,1,2008321,2007829,492
140758461,33.6337,39.4154,485,38300,0.748381,0.63,1,2008353,2007868,485
140761381,29.1267,35.8831,478,38355,0.749676,0.57,1,2008381,2007903,478
140764301,37.0253,30.3766,488,38410,0.781935,0.59,2,2008420,2007932,488
140767221,9.00507,36.4753,452,38465,0.788387,0.59,2,2008422,2007970,452
140770141,80.201,8.89506,548,38520,0.853677,0.59,2,2008520,2007972,548
140773061,41.6402,78.579,484,38575,0.882735,0.63,2,2008552,2008068,484
140775981,9.92804,41.3158,454,38630,0.888547,0.67,2,2008554,2008100,454
140778901,24.3856,29.8632,455,38685,0.921709,0.65,2,2008582,2008127,455
140951181,32,33,493,41784,0.91,1,2,2010728,2010235,493
140954101,26.4,31.4,487,41835,0.894,0.92,2,2010753,2010266,487
140957021,29.28,32.68,484,41885,0.8908,1,2,2010783,2010299,484
140959941,37.056,32.136,491,41935,0.87416,0.86,2,2010822,2010331,491
140962861,56.2112,68.0272,475,41985,0.838832,0.96,2,2010883,2010408,475
140965781,51.2422,49.6054,480,42035,0.815766,1,2,2010933,2010453,480
140968701,35.0484,35.5211,479,42085,0.859153,0.94,2,2010964,2010485,479
140971621,26.2097,31.1042,473,42135,0.819831,0.99,2,2010988,2010515,473
140974541,20.4419,23.0208,471,42185,0.795966,1,2,2011007,2010536,471
140977461,24.8884,25.4042,471,42235,0.791193,1,2,2011033,2010562,471
140980381,32.1777,33.8808,469,42285,0.790239,1,2,2011067,2010598,469
140983301,28.0355,28.3762,469,42335,0.822048,0.93,2,2011094,2010625,469
140986221,20.0071,19.2752,470,42385,0.81241,0.95,2,2011112,2010642,470
140989141,46.4014,47.055,469,42435,0.794482,0.91,2,2011165,2010696,469
140992061,33.2803,35.011,467,42485,0.822896,0.89,2,2011195,2010728,467
140994981,21.8561,27.0022,461,42535,0.828579,0.89,2,2011214,2010753,461
140997901,29.1712,29.4004,462,42585,0.813716,0.87,2,2011245,2010783,462
141000821,37.0342,37.0801,462,42635,0.858743,0.83,2,2011284,2010822,462
141003741,57.0069,56.216,463,42684,0.851749,0.81,2,2011346,2010883,463
141006661,48.2014,51.2432,459,42733,0.89835,0.87,2,2011392,2010933,459
141009581,35.2403,35.0486,460,42782,0.93967,0.81,2,2011424,2010964,460
141202301,35,20,530,45921,0.83,1,2,2013609,2013079,530
141205221,28.6,4,557,45967,0.702,1,1,2013636,2013079,557
141206681,29.72,24,558,46013,0.6444,1,1,2013666,2013108,558
141254861,390.744,479.2,446,20440,0.20088,0.35,1,2014147,2013701,446
141257781,138.149,141.44,464,21270,0.080176,0.17,1,2014222,2013758,464
141260701,104.43,112.288,455,21370,0.104035,0.05,1,2014318,2013863,455
141263621,68.086,64.0576,462,21469,0.092807,0.07,1,2014377,2013915,462
141266541,54.4172,71.2115,440,21568,0.106561,0.01,1,2014428,2013988,440
141269461,78.8834,58.2423,470,21666,0.109312,0,1,2014513,2014043,470
141272381,34.9767,68.4485,423,21764,0.0618625,0.07,1,2014537,2014114,423
141275301,34.1953,32.0897,434,21861,0.0683725,0.05,1,2014571,2014137,434
141278221,67.6391,74.4179,425,21958,0.133675,0.11,1,2014647,2014222,425
141281141,91.9278,91.6836,427,22055,0.210735,0.09,1,2014745,2014318,427
141284061,64.7856,65.5367,426,22151,0.162147,0.11,1,2014803,2014377,426
141286981,54.5571,53.9073,427,22247,0.168429,0.11,1,2014855,2014428,427
141289901,77.3114,78.7815,425,22342,0.169686,0.05,1,2014938,2014513,425
141292821,33.8623,34.9563,424,22437,0.153937,0.07,1,2014961,2014537,424
141295741,35.5725,34.1913,426,22532,0.150787,0.07,1,2014997,2014571,426
141298661,69.5145,6.83825,504,22626,0.150157,0.15,1,2015075,2014571,504
141301581,93.9029,62.1676,528,22720,0.198031,0.23,1,2015175,2014647,528
141304501,63.5806,90.8335,486,22813,0.223606,0.15,1,2015231,2014745,486
141307421,55.1161,64.5667,481,22906,0.228721,0.17,1,2015284,2014803,481
141310341,75.8232,54.5133,510,22999,0.277744,0.17,1,2015365,2014855,510
141313261,34.3646,77.3027,451,23091,0.319549,0.15,1,2015389,2014938,451
141316181,35.6729,33.8605,464,23183,0.34391,0.15,1,2015425,2014961,464
141319101,69.5346,35.5721,506,23274,0.412782,0.15,1,2015503,2014997,506
141322021,96.3069,69.5144,531,23365,0.442556,0.21,1,2015606,2015075,531
141324941,64.8614,93.9029,488,23456,0.448511,0.23,1,2015663,2015175,488
141327861,55.3723,63.5806,485,23546,0.433702,0.23,1,2015716,2015231,485
141330781,79.8745,55.1161,518,23636,0.49474,0.29,1,2015802,2015284,518
141333701,35.1749,75.8232,461,23726,0.538948,0.33,1,2015826,2015365,461
141336621,36.635,34.3646,474,23815,0.57979,0.35,1,2015863,2015389,474
141339541,72.927,35.6729,520,23904,0.555958,0.43,1,2015945,2015425,520
141342461,16.1854,69.5346,444,23993,0.551192,0.45,1,2015947,2015503,444
141345381,86.4371,96.3069,445,24081,0.582238,0.45,1,2016051,2015606,445
141348301,62.0874,64.8614,444,24169,0.588448,0.43,1,2016107,2015663,444
141351221,54.0175,55.3723,443,24257,0.60569,0.51,1,2016159,2015716,443
141354141,84.4035,79.8745,449,24344,0.721138,0.55,1,2016251,2015802,449
141357061,36.8807,35.1749,450,24431,0.744228,0.59,1,2016276,2015826,450
141359981,37.7761,36.635,451,24518,0.748846,0.55,1,2016314,2015863,451
141362901,71.5552,72.927,449,24604,0.829769,0.55,2,2016394,2015945,449
141365821,15.911,16.1854,449,24690,0.813954,0.59,2,2016396,2015947,449
141368741,86.3822,86.4371,449,24776,0.874791,0.59,2,2016500,2016051,449
141371661,63.6764,62.0874,451,24862,0.902958,0.61,2,2016558,2016107,451
141374581,55.9353,54.0175,453,24947,0.940592,0.75,2,2016612,2016159,453
141392101,105,104,464,25453,0.93,0.89,2,2016964,2016500,464
141482621,36,32,498,27916,0.67,1,1,2018690,2018192,498
141485541,70.4,76.8,489,27992,0.526,1,1,2018769,2018280,489
141488461,43.68,39.36,496,28068,0.3692,1,1,2018806,2018310,496
141491381,71.136,68.672,498,28143,0.12984,1,1,2018884,2018386,498
141494301,44.6272,61.7344,476,28218,0.065968,1,1,2018922,2018446,476
141497221,66.5254,64.3469,483,28293,0.0131936,1,1,2018994,2018511,483
141500141,35.7051,39.2694,478,28368,0.0426387,1,1,2019022,2018544,478
141503061,51.141,7.85387,533,28443,0.0485277,0.9,1,2019077,2018544,533
141505981,36.6282,56.7708,497,28517,0.00970555,0.77,1,2019110,2018613,497
141508901,32.9256,44.1542,488,28591,0.105941,0.67,1,2019142,2018654,488
141511821,57.7851,37.6308,516,28665,0.0771882,0.49,1,2019206,2018690,516
141514741,35.557,70.7262,467,28739,0.0394376,0.33,1,2019236,2018769,467
141517661,62.3114,43.7452,499,28813,0.0478875,0.07,1,2019305,2018806,499
141520581,42.8623,71.149,459,28886,0.0335775,0.05,1,2019343,2018884,459
141523501,67.7725,44.6298,495,28959,0.0067155,0,1,2019417,2018922,495
141526421,34.3545,66.526,449,29032,0.0253431,0.05,1,2019443,2018994,449
141529341,54.0709,35.7052,480,29105,0.0450686,0.05,1,2019502,2019022,480
141532261,34.0142,51.141,454,29178,0.0170137,0,1,2019531,2019077,454
141535181,38.0028,36.6282,460,29251,0.0434027,0.13,1,2019570,2019110,460
141538101,56.4006,32.9256,489,29323,0.0486805,0.07,1,2019631,2019142,489
141541021,32.0801,57.7851,451,29395,0.0177361,0.03,1,2019657,2019206,451
141543941,63.216,35.557,492,29467,0.0915472,0.05,1,2019728,2019236,492
141546861,42.2432,62.3114,460,29539,0.122309,0.03,1,2019765,2019305,460
141549781,69.2486,42.8623,498,29611,0.0484619,0,1,2019841,2019343,498
141552701,35.4497,67.7725,451,29682,0.0496924,0.03,1,2019868,2019417,451
141555621,52.6899,34.3545,482,29753,0.0499385,0.05,1,2019925,2019443,482
141558541,32.938,54.0709,451,29824,0.0339877,0.01,1,2019953,2019502,451
141561461,8.1876,34.0142,424,29895,0.0307975,0.05,1,2019955,2019531,424
141564381,31.2375,38.0028,422,29966,0.0461595,0.05,1,2019992,2019570,422
141567301,56.6475,56.4006,424,30037,0.0652319,0.01,1,2020055,2019631,424
141570221,32.1295,32.0801,424,30107,0.0690464,0.11,1,2020081,2019657,424
141573141,66.4259,63.216,428,30177,0.117809,0.13,1,2020156,2019728,428
141576061,42.8852,42.2432,428,30247,0.0795619,0.03,1,2020193,2019765,428
141578981,65.377,69.2486,423,30317,0.0559124,0.05,1,2020264,2019841,423
141581901,36.2754,35.4497,425,30387,0.0991825,0.05,1,2020293,2019868,425
141584821,52.0551,52.6899,424,30457,0.155836,0.03,1,2020349,2019925,424
141587741,32.011,32.938,423,30526,0.199167,0.03,1,2020376,2019953,423
141590661,8.0022,8.1876,423,30595,0.207833,0.05,1,2020378,2019955,423
141593581,30.4004,31.2375,422,30664,0.209567,0.07,1,2020414,2019992,422
141596501,57.2801,56.6475,423,30733,0.209913,0.07,1,2020478,2020055,423
141599421,33.056,32.1295,424,30802,0.193983,0.13,1,2020505,2020081,424
141602341,68.2112,66.4259,426,30871,0.206797,0.07,1,2020582,2020156,426
141605261,43.2422,42.8852,426,30940,0.209359,0.05,1,2020619,2020193,426
141608181,63.8484,65.377,424,31008,0.177872,0.11,1,2020688,2020264,424
141611101,36.7697,36.2754,425,31076,0.171574,0.17,1,2020718,2020293,425
141614021,54.5539,52.0551,428,31144,0.122315,0.21,1,2020777,2020349,428
141616941,34.1108,32.011,430,31212,0.064463,0.21,1,2020806,2020376,430
141619861,8.42216,8.0022,430,31280,0.0848926,0.21,1,2020808,2020378,430
141622781,31.2844,1.60044,467,31348,0.104979,0.21,1,2020845,2020378,467
141625701,55.8569,29.1201,493,31415,0.108996,0.21,1,2020907,2020414,493
141628621,31.9714,57.024,455,31482,0.109799,0.19,1,2020933,2020478,455
141631541,68.7943,33.0048,506,31549,0.0939598,0.21,1,2021011,2020505,506
141634461,43.3589,68.201,466,31616,0.106792,0.21,1,2021048,2020582,466
141637381,63.8718,43.2402,498,31683,0.157358,0.17,1,2021117,2020619,498
141640301,35.1744,63.848,457,31750,0.199472,0.17,1,2021145,2020688,457
141643221,51.8349,36.7696,483,31817,0.239894,0.11,1,2021201,2020718,483
141646141,33.567,54.5539,453,31883,0.231979,0.05,1,2021230,2020777,453
141649061,8.31339,34.1108,426,31949,0.230396,0.09,1,2021232,2020806,426
141651981,32.8627,8.42216,463,32015,0.294079,0.11,1,2021271,2020808,463
141654901,56.1725,31.2844,488,32081,0.354816,0.11,1,2021333,2020845,488
141657821,32.8345,55.8569,453,32147,0.366963,0.11,1,2021360,2020907,453
141660741,67.3669,31.9714,503,32213,0.369393,0.09,1,2021436,2020933,503
141663661,43.8734,68.7943,463,32279,0.385879,0.11,1,2021474,2021011,463
141666581,67.1747,43.3589,499,32345,0.469176,0.17,1,2021547,2021048,499
141669501,36.6349,63.8718,459,32410,0.469835,0.21,1,2021576,2021117,459
141672421,53.727,35.1744,489,32475,0.501967,0.25,1,2021634,2021145,489
141675341,33.1454,51.8349,461,32540,0.508393,0.23,1,2021662,2021201,461
141678261,8.22908,33.567,434,32605,0.509679,0.23,1,2021664,2021230,434
141681181,36.8458,8.31339,476,32670,0.605936,0.31,1,2021708,2021232,476
141684101,58.5692,32.8627,501,32735,0.641187,0.37,1,2021772,2021271,501
141687021,13.3138,56.1725,441,32800,0.648237,0.37,1,2021774,2021333,441
141689941,23.4628,32.8345,440,32864,0.681647,0.37,1,2021800,2021360,440
141692861,66.2926,67.3669,441,32928,0.688329,0.39,1,2021877,2021436,441
141695781,43.6585,43.8734,441,32992,0.689666,0.49,1,2021915,2021474,441
141698701,69.5317,67.1747,444,33056,0.705933,0.47,1,2021991,2021547,444
141701621,37.9063,36.6349,445,33120,0.725187,0.51,1,2022021,2021576,445
141704541,55.5813,53.727,447,33184,0.793037,0.51,2,2022081,2021634,447
141707461,33.5163,33.1454,447,33248,0.822608,0.51,2,2022109,2021662,447
141710381,8.30325,8.22908,447,33312,0.828521,0.63,2,2022111,2021664,447
141713301,41.6606,36.8458,453,33375,0.765704,0.65,2,2022161,2021708,453
141716221,60.3321,58.5692,454,33438,0.897141,0.65,2,2022226,2021772,454
141719141,13.6664,13.3138,454,33501,0.891428,0.69,2,2022228,2021774,454
141722061,23.5333,23.4628,454,33564,0.938286,0.69,2,2022254,2021800,454
141882661,54,65,481,36870,0.63,1,1,2024597,2024116,481
141885581,32.4,29,488,36927,0.55,1,1,2024624,2024136,488
141888501,42.48,29.8,503,36984,0.342,1,1,2024669,2024166,503
141891421,37.296,46.76,488,37041,0.2524,1,1,2024705,2024217,488
141894341,34.6592,35.752,489,37098,0.09048,1,1,2024739,2024250,489
141897261,37.3318,33.5504,494,37155,0.026096,1,1,2024777,2024283,494
141900181,50.6664,6.71008,548,37212,0.0052192,1,1,2024831,2024283,548
141903101,38.9333,56.542,515,37269,0.00104384,0.97,1,2024867,2024352,515
141906021,53.3867,38.5084,538,37326,0.00820877,1,1,2024924,2024386,538
141908941,31.4773,61.3017,497,37383,0.0256418,0.85,1,2024950,2024453,497
141911861,25.4955,34.6603,493,37440,0.0451283,0.91,1,2024974,2024481,493
141914781,28.2991,30.1321,493,37496,0.0170257,0.77,1,2025003,2024510,493
141917701,40.8598,32.4264,504,37552,0.123405,0.63,1,2025047,2024543,504
141920621,24.972,49.6853,471,37608,0.112681,0.53,1,2025068,2024597,471
141923541,33.7944,31.5371,480,37664,0.110536,0.29,1,2025104,2024624,480
141926461,31.5589,42.3074,466,37720,0.142107,0.23,1,2025135,2024669,466
141929381,30.3118,37.2615,460,37776,0.0844214,0.05,1,2025165,2024705,460
141932301,34.0624,34.6523,461,37832,0.168884,0.01,1,2025200,2024739,461
141935221,49.2125,37.3305,476,37888,0.153777,0,1,2025253,2024777,476
141938141,39.4425,50.6661,459,37944,0.0387554,0,1,2025290,2024831,459
141941061,53.4885,38.9332,480,38000,0.0477511,0.01,1,2025347,2024867,480
141943981,29.8977,53.3866,447,38056,0.0495502,0.03,1,2025371,2024924,447
141946901,25.1795,31.4773,445,38112,0.03391,0.05,1,2025395,2024950,445
141949821,28.2359,25.4955,450,38167,0.046782,0.01,1,2025424,2024974,450
141952741,47.2472,28.2991,473,38222,0.0653564,0.15,1,2025476,2025003,473
141955661,22.2494,40.8598,445,38277,0.117071,0.11,1,2025492,2025047,445
141958581,36.4499,24.972,464,38332,0.143414,0.11,1,2025532,2025068,464
141961501,32.09,33.7944,459,38387,0.164683,0.15,1,2025563,2025104,459
141964421,29.618,31.5589,457,38442,0.152937,0.07,1,2025592,2025135,457
141967341,36.3236,30.3118,465,38497,0.182587,0.19,1,2025630,2025165,465
141970261,44.8647,34.0624,477,38552,0.236517,0.15,1,2025677,2025200,477
141973181,36.9729,49.2125,459,38607,0.231303,0.01,1,2025712,2025253,459
141976101,8.99459,39.4425,424,38662,0.230261,0.05,1,2025714,2025290,424
141979021,47.3989,53.4885,424,38717,0.230052,0.05,1,2025771,2025347,424
141981941,27.0798,29.8977,422,38772,0.24601,0.03,1,2025793,2025371,422
141984861,25.416,25.1795,423,38826,0.137202,0.05,1,2025818,2025395,423
141987781,27.4832,28.2359,422,38880,0.11544,0.07,1,2025846,2025424,422
141990701,51.8966,47.2472,428,38934,0.111088,0.13,1,2025904,2025476,428
141993621,23.1793,22.2494,428,38988,0.0782176,0.15,1,2025920,2025492,428
141996541,37.4359,36.4499,429,39042,0.103644,0.17,1,2025961,2025532,429
141999461,33.0872,32.09,430,39096,0.0927287,0.15,1,2025993,2025563,430
142002381,29.0174,29.618,429,39150,0.122546,0.19,1,2026021,2025592,429
142005301,37.8035,36.3236,431,39204,0.128509,0.25,1,2026061,2025630,431
142008221,47.5607,44.8647,434,39258,0.161702,0.23,1,2026111,2025677,434
142011141,35.1121,36.9729,431,39312,0.15234,0.23,1,2026143,2025712,431
142014061,8.62243,8.99459,431,39366,0.198468,0.23,1,2026145,2025714,431
142016981,47.3245,47.3989,431,39420,0.223694,0.25,1,2026202,2025771,431
142019901,26.2649,27.0798,430,39474,0.244739,0.11,1,2026223,2025793,430
142022821,22.853,25.416,427,39528,0.280948,0.11,1,2026245,2025818,427
142025741,26.9706,27.4832,427,39581,0.32019,0.11,1,2026273,2025846,427
142028661,50.1941,51.8966,425,39634,0.328038,0.07,1,2026329,2025904,425
142031581,22.8388,23.1793,425,39687,0.297608,0.11,1,2026345,2025920,425
142034501,37.3678,37.4359,425,39740,0.291522,0.09,1,2026386,2025961,425
142037421,33.8736,33.0872,426,39793,0.338304,0.13,1,2026419,2025993,426
142040341,29.1747,29.0174,426,39846,0.347661,0.13,1,2026447,2026021,426
142043261,39.4349,37.8035,428,39899,0.285532,0.17,1,2026489,2026061,428
142046181,48.687,47.5607,429,39952,0.289106,0.15,1,2026540,2026111,429
142049101,36.9374,35.1121,431,40005,0.273821,0.21,1,2026574,2026143,431
142052021,8.98748,8.62243,431,40058,0.270764,0.21,1,2026576,2026145,431
142054941,48.1975,1.72449,489,40111,0.270153,0.23,1,2026634,2026145,489
142057861,27.2395,45.9449,454,40164,0.286031,0.25,1,2026656,2026202,454
142060781,24.6479,25.989,457,40217,0.289206,0.29,1,2026680,2026223,457
142063701,27.3296,22.7978,463,40270,0.321841,0.33,1,2026708,2026245,463
142066621,50.2659,26.9596,491,40322,0.328368,0.33,1,2026764,2026273,491
142069541,23.6532,50.1919,452,40374,0.313674,0.29,1,2026781,2026329,452
142072461,37.5306,22.8384,477,40426,0.326735,0.29,1,2026822,2026345,477
142075381,33.9061,37.3677,469,40478,0.393347,0.35,1,2026855,2026386,469
142078301,29.1812,33.8735,464,40530,0.406669,0.35,1,2026883,2026419,464
142081221,37.8362,29.1747,476,40582,0.425334,0.27,1,2026923,2026447,476
142084141,47.5672,39.4349,484,40634,0.445067,0.29,1,2026973,2026489,484
142087061,37.5134,48.687,468,40686,0.481013,0.27,1,2027008,2026540,468
142089981,9.10269,36.9374,436,40738,0.488203,0.27,1,2027010,2026574,436
142092901,49.0205,8.98748,493,40790,0.521641,0.27,1,2027069,2026576,493
142095821,27.4041,48.1975,457,40842,0.544328,0.29,1,2027091,2026634,457
142098741,26.2808,27.2395,461,40894,0.580866,0.29,1,2027117,2026656,461
142101661,27.6562,24.6479,465,40946,0.588173,0.33,1,2027145,2026680,465
142104581,50.3312,27.3296,493,40998,0.605635,0.33,1,2027201,2026708,493
142107501,22.8662,50.2659,453,41049,0.609127,0.31,1,2027217,2026764,453
142110421,40.5732,23.6532,481,41100,0.641825,0.33,1,2027262,2026781,481
142113341,35.3147,37.5306,474,41151,0.664365,0.41,1,2027296,2026822,474
142116261,29.4629,33.9061,469,41202,0.668873,0.41,1,2027324,2026855,469
142119181,38.6926,29.1812,482,41253,0.701775,0.43,1,2027365,2026883,482
142122101,48.5385,37.8362,493,41304,0.692355,0.45,1,2027416,2026923,493
142125021,40.1077,47.5672,481,41355,0.722471,0.49,1,2027454,2026973,481
142127941,9.62154,37.5134,448,41406,0.728494,0.49,1,2027456,2027008,448
142130861,49.9243,9.10269,506,41457,0.777699,0.53,2,2027516,2027010,506
142133781,28.3849,49.0205,470,41508,0.77154,0.55,2,2027539,2027069,470
142136701,7.27697,27.4041,450,41559,0.770308,0.59,2,2027541,2027091,450
142139621,23.0554,26.2808,451,41610,0.818062,0.59,2,2027568,2027117,451
142142541,27.0111,27.6562,451,41661,0.827612,0.61,2,2027596,2027145,451
142145461,51.0022,50.3312,452,41712,0.829522,0.61,2,2027653,2027201,452
142148381,23.0004,22.8662,452,41763,0.861904,0.65,2,2027669,2027217,452
142151301,42.2001,40.5732,454,41814,0.884381,0.67,2,2027716,2027262,454
142154221,36.44,35.3147,455,41864,0.856876,0.67,2,2027751,2027296,455
142157141,29.688,29.4629,455,41914,0.915375,0.71,2,2027779,2027324,455
142160061,40.3376,38.6926,457,41964,0.879075,0.69,2,2027822,2027365,457
142162981,48.0675,48.5385,456,42014,0.919815,0.73,2,2027872,2027416,456
142165901,41.6135,40.1077,458,42064,0.895963,0.73,2,2027912,2027454,458
142168821,9.9227,9.62154,458,42114,0.891193,0.79,2,2027914,2027456,458
142171741,52.3845,49.9243,461,42164,0.938239,0.77,2,2027977,2027516,461
142346941,33,25,517,45068,0.61,1,1,2029980,2029463,517
142349861,25.8,29.8,510,45115,0.626,1,1,2030004,2029494,510
142352781,34.76,32.36,514,45162,0.5972,1,1,2030041,2029527,514
142355701,32.552,29.672,517,45209,0.49544,1,1,2030073,2029556,517
142358621,24.9104,31.5344,508,45256,0.379088,1,1,2030096,2029588,508
142361541,30.5821,32.7069,507,45303,0.291818,1,1,2030128,2029621,507
142364461,34.9164,29.7414,514,45350,0.194364,1,1,2030164,2029650,514
142367381,23.7833,32.3483,502,45397,0.0948727,1,1,2030185,2029683,502
142370301,23.1567,35.2697,489,45443,0.0269745,1,1,2030208,2029719,489
142373221,29.4313,38.2539,481,45489,0.0453949,1,1,2030239,2029758,481
142376141,41.0863,48.4508,474,45535,0.00907898,0.94,1,2030283,2029809,474
142379061,36.2173,37.6902,474,45581,0.0738158,0.97,1,2030318,2029844,474
142381981,32.0435,37.138,468,45627,0.0227632,0.84,1,2030349,2029881,468
142384901,27.2087,30.6276,465,45673,0.0125526,0.79,1,2030375,2029910,465
142387821,32.6417,35.7255,462,45719,0.0265105,0.61,1,2030409,2029947,462
142390741,27.3283,33.5451,455,45765,0.0293021,0.63,1,2030435,2029980,455
142393661,21.4657,25.909,451,45811,0.0138604,0.59,1,2030455,2030004,451
142396581,30.6931,34.7818,447,45857,0.0587721,0.47,1,2030488,2030041,447
142399501,27.7386,32.5564,442,45903,0.0197544,0.35,1,2030515,2030073,442
142402421,17.5477,24.9113,434,45949,0.0279509,0.35,1,2030530,2030096,434
142405341,25.1095,4.98225,461,45995,0.00559018,0.27,1,2030557,2030096,461
142408261,32.2219,26.5965,463,46041,0.041118,0.17,1,2030591,2030128,463
142411181,19.2444,34.1193,443,46087,0.0802236,0.07,1,2030607,2030164,443
142414101,21.4489,23.6239,444,46133,0.0720447,0.01,1,2030629,2030185,444
142417021,29.8898,23.1248,453,46179,0.0704089,0.05,1,2030661,2030208,453
142419941,41.178,29.425,466,46225,0.0140818,0,1,2030705,2030239,466
142422861,37.8356,41.085,459,46271,0.0748164,0.09,1,2030742,2030283,459
142425781,29.9671,36.217,452,46317,0.0549633,0.01,1,2030770,2030318,452
142428701,26.7934,32.0434,447,46363,0.0349927,0.01,1,2030796,2030349,447
142431621,33.3587,27.2087,456,46408,0.0309985,0.03,1,2030831,2030375,456
142434541,26.6717,32.6417,447,46453,0.0301997,0.03,1,2030856,2030409,447
142437461,22.9343,27.3283,443,46498,0.0300399,0.01,1,2030878,2030435,443
142440381,29.3869,21.4657,454,46543,0.078008,0.07,1,2030909,2030455,454
142443301,27.4774,30.6931,448,46588,0.0396016,0.01,1,2030936,2030488,448
142446221,17.4955,27.7386,436,46633,0.0639203,0.03,1,2030951,2030515,436
142449141,25.0991,17.5477,448,46678,0.0527841,0,1,2030978,2030530,448
142452061,35.4198,25.1095,459,46723,0.0825568,0.05,1,2031016,2030557,459
142454981,18.284,32.2219,439,46768,0.120511,0.09,1,2031030,2030591,439
142457901,22.0568,19.2444,446,46813,0.128102,0.07,1,2031053,2030607,446
142460821,28.4114,21.4489,454,46858,0.14562,0.07,1,2031083,2030629,454
142463741,40.0823,29.8898,465,46903,0.0691241,0,1,2031126,2030661,465
142466661,40.8165,41.178,462,46948,0.0538248,0.09,1,2031167,2030705,462
142469581,28.1633,37.8356,450,46993,0.082765,0.05,1,2031192,2030742,450
142472501,26.4327,29.9671,448,47038,0.056553,0.03,1,2031218,2030770,448
142475421,33.2865,26.7934,457,47083,0.0833106,0.03,1,2031253,2030796,457
142478341,26.6573,33.3587,447,47128,0.0886621,0.03,1,2031278,2030831,447
142481261,24.5315,26.6717,446,47173,0.0737324,0.03,1,2031302,2030856,446
142484181,28.9063,22.9343,454,47218,0.0707465,0.09,1,2031332,2030878,454
142487101,28.9813,29.3869,452,47263,0.0541493,0.03,1,2031361,2030909,452
142490021,16.9963,27.4774,439,47308,0.0668299,0.07,1,2031375,2030936,439
142492941,24.1993,17.4955,450,47353,0.069366,0.05,1,2031401,2030951,450
142495861,6.43985,25.0991,425,47398,0.0698732,0.09,1,2031403,2030978,425
142498781,34.088,35.4198,428,47442,0.101975,0.13,1,2031444,2031016,428
142501701,18.8176,18.284,429,47486,0.140395,0.13,1,2031459,2031030,429
142504621,22.1635,22.0568,429,47530,0.164079,0.15,1,2031482,2031053,429
142507541,28.4327,28.4114,429,47574,0.152816,0.05,1,2031512,2031083,429
142510461,34.4865,40.0823,422,47618,0.182563,0.05,1,2031548,2031126,422
142513381,41.2973,40.8165,424,47662,0.140513,0.09,1,2031591,2031167,424
142516301,29.8595,28.1633,426,47706,0.148103,0.05,1,2031618,2031192,426
142519221,25.1719,26.4327,424,47750,0.117621,0.09,1,2031642,2031218,424
142522141,34.6344,33.2865,426,47794,0.191524,0.09,1,2031679,2031253,426
142525061,25.3269,26.6573,424,47838,0.190305,0.07,1,2031702,2031278,424
142527981,25.0654,24.5315,425,47882,0.206061,0.07,1,2031727,2031302,425
142530901,29.0131,28.9063,425,47926,0.177212,0.05,1,2031757,2031332,425
142533821,29.0026,28.9813,425,47970,0.187442,0.07,1,2031786,2031361,425
142536741,17.0005,16.9963,425,48014,0.189488,0.07,1,2031800,2031375,425
142539661,25.0001,24.1993,426,48058,0.173898,0.07,1,2031827,2031401,426
142542581,6.60002,6.43985,426,48102,0.17078,0.11,1,2031829,2031403,426
142545501,34.92,34.088,427,48146,0.186156,0.15,1,2031871,2031444,427
142548421,20.584,18.8176,429,48190,0.189231,0.17,1,2031888,2031459,429
142551341,21.7168,22.1635,428,48234,0.205846,0.15,1,2031910,2031482,428
142554261,29.1434,28.4327,429,48278,0.225169,0.19,1,2031941,2031512,429
142557181,34.6287,34.4865,429,48322,0.277034,0.13,1,2031977,2031548,429
142560101,40.5257,41.2973,428,48366,0.287407,0.15,1,2032019,2031591,428
142563021,28.9051,29.8595,427,48410,0.305481,0.11,1,2032045,2031618,427
142565941,25.781,25.1719,428,48454,0.293096,0.21,1,2032070,2031642,428
142568861,37.1562,34.6344,431,48497,0.290619,0.19,1,2032110,2031679,431
142571781,25.8312,25.3269,431,48540,0.274124,0.21,1,2032133,2031702,431
142574701,24.3662,25.0654,430,48583,0.270825,0.17,1,2032157,2031727,430
142577621,28.8732,29.0131,430,48626,0.286165,0.19,1,2032187,2031757,430
142580541,28.1746,29.0026,429,48669,0.321233,0.19,1,2032215,2031786,429
142583461,16.8349,17.0005,429,48712,0.328247,0.17,1,2032229,2031800,429
142586381,24.167,25.0001,428,48755,0.297649,0.17,1,2032255,2031827,428
142589301,6.4334,6.60002,428,48798,0.29153,0.19,1,2032257,2031829,428
142592221,35.6867,34.92,429,48841,0.370306,0.19,1,2032300,2031871,429
142595141,22.3373,6.984,448,48884,0.338061,0.19,1,2032319,2031871,448
142598061,23.6675,14.9968,455,48927,0.331612,0.21,1,2032343,2031888,455
142600981,28.7335,20.5994,463,48970,0.330322,0.23,1,2032373,2031910,463
142603901,35.3467,28.9199,469,49013,0.346064,0.29,1,2032410,2031941,469
142606821,40.6693,34.584,475,49056,0.365213,0.29,1,2032452,2031977,475
142609741,29.7339,40.5168,460,49099,0.401043,0.31,1,2032479,2032019,460
142612661,25.9468,28.9034,459,49142,0.424209,0.29,1,2032504,2032045,459
142615581,37.9894,25.7807,475,49185,0.412842,0.29,1,2032545,2032070,475
142618501,25.1979,37.1561,457,49228,0.426568,0.27,1,2032567,2032110,457
142621421,24.2396,25.8312,458,49271,0.445314,0.27,1,2032591,2032133,458
142624341,29.6479,24.3662,465,49314,0.497063,0.29,1,2032622,2032157,465
142627261,28.3296,28.8732,463,49357,0.507413,0.33,1,2032650,2032187,463
142630181,16.8659,28.1746,449,49400,0.509483,0.33,1,2032664,2032215,449
142633101,24.1732,16.8349,461,49443,0.509896,0.29,1,2032690,2032229,461
142636021,6.43464,24.167,437,49486,0.509979,0.29,1,2032692,2032255,437
142638941,38.0869,6.4334,481,49529,0.541996,0.39,1,2032738,2032257,481
142641861,22.0174,35.6867,456,49572,0.548399,0.33,1,2032756,2032300,456
142644781,22.0035,22.3373,459,49615,0.54968,0.33,1,2032778,2032319,459
142647701,30.0007,23.6675,467,49657,0.613936,0.33,1,2032810,2032343,467
142650621,37.2001,28.7335,476,49699,0.658787,0.35,1,2032849,2032373,476
142653541,41.84,35.3467,482,49741,0.699757,0.37,1,2032892,2032410,482
142656461,30.768,40.6693,468,49783,0.723952,0.41,1,2032920,2032452,468
142659381,26.9536,29.7339,467,49825,0.72879,0.43,1,2032946,2032479,467
142662301,38.1907,25.9468,483,49867,0.777758,0.41,2,2032987,2032504,483
142665221,26.0381,37.9894,465,49909,0.771552,0.43,2,2033010,2032545,465
142668141,25.2076,25.1979,468,49951,0.80231,0.45,2,2033035,2032567,468
142671061,31.4415,24.2396,477,49993,0.792462,0.51,2,2033068,2032591,477
142673981,28.6883,29.6479,474,50035,0.790492,0.51,2,2033096,2032622,474
142676901,16.9377,28.3296,460,50077,0.790098,0.51,2,2033110,2032650,460
142679821,24.1875,16.8659,472,50119,0.80602,0.51,2,2033136,2032664,472
142682741,6.43751,24.1732,448,50161,0.809204,0.51,2,2033138,2032690,448
142685661,39.6875,6.43464,494,50203,0.841841,0.55,2,2033186,2032692,494
142688581,22.3375,38.0869,466,50245,0.848368,0.55,2,2033204,2032738,466
142691501,22.8675,22.0174,471,50287,0.865674,0.55,2,2033227,2032756,471
142694421,6.1735,22.0035,451,50329,0.869135,0.63,2,2033229,2032778,451
142697341,29.2347,30.0007,454,50371,0.901827,0.67,2,2033264,2032810,454
142700261,38.6469,37.2001,456,50413,0.940365,0.71,2,2033305,2032849,456
142703181,42.9294,41.84,457,50455,0.932073,0.73,2,2033349,2032892,457
142706101,31.7859,30.768,458,50497,0.946415,0.73,2,2033378,2032920,458
142709021,27.1572,26.9536,458,50539,0.917283,0.79,2,2033404,2032946,458
142711941,39.0314,38.1907,459,50581,0.911457,0.77,2,2033446,2032987,459
142714861,27.0063,26.0381,460,50623,0.910291,0.81,2,2033470,2033010,460
142971821,84,37,468,24905,0.05,0.01,1,2036208,2035740,468
142974741,68.8,69.8,455,24990,0.01,0.03,1,2036273,2035818,455
142977661,64.96,52.36,471,25075,0.09,0.05,1,2036337,2035866,471
142980581,49.792,70.472,442,25160,0.122,0.05,1,2036383,2035941,442
142983501,77.1584,49.2944,482,25244,0.0804,0.05,1,2036467,2035985,482
142986421,31.4317,69.0589,428,25328,0.15208,0.09,1,2036487,2036059,428
142989341,22.2863,30.6118,427,25412,0.166416,0.05,1,2036507,2036080,427
142992261,36.4573,18.9224,451,25495,0.169283,0.09,1,2036547,2036096,451
142995181,72.8915,26.1845,505,25578,0.0898566,0.05,1,2036629,2036124,505
142998101,66.5783,72.4369,486,25661,0.0259713,0,1,2036694,2036208,486
143001021,68.5157,66.4874,490,25744,0.0611943,0.11,1,2036763,2036273,490
143003941,49.7031,64.4975,471,25826,0.100239,0.13,1,2036808,2036337,471
143006861,77.9406,49.6995,510,25908,0.124048,0.07,1,2036893,2036383,510
143009781,33.9881,77.1399,449,25990,0.16081,0.17,1,2036916,2036467,449
143012701,21.1976,31.428,447,26072,0.168162,0.17,1,2036934,2036487,447
143015621,37.8395,22.2856,469,26153,0.169632,0.17,1,2036976,2036507,469
143018541,69.1679,36.4571,506,26234,0.249926,0.07,1,2037053,2036547,506
143021461,64.2336,72.8914,487,26315,0.329985,0.01,1,2037116,2036629,487
143024381,70.4467,66.5783,494,26396,0.265997,0.07,1,2037188,2036694,494
143027301,50.8893,68.5157,471,26476,0.269199,0.11,1,2037234,2036763,471
143030221,79.7779,49.7031,513,26556,0.26984,0.13,1,2037321,2036808,513
143033141,35.1556,77.9406,452,26636,0.269968,0.17,1,2037345,2036893,452
143036061,21.4311,33.9881,447,26716,0.269994,0.17,1,2037363,2036916,447
143038981,38.6862,21.1976,472,26795,0.269999,0.17,1,2037406,2036934,472
143041901,72.5372,37.8395,511,26874,0.286,0.27,1,2037487,2036976,511
143044821,16.1074,69.1679,436,26953,0.2892,0.35,1,2037489,2037053,436
143047741,54.4215,64.2336,437,27032,0.27384,0.25,1,2037553,2037116,437
143050661,66.8843,70.4467,435,27110,0.302768,0.27,1,2037623,2037188,435
143053581,50.1769,50.8893,435,27188,0.324554,0.27,1,2037669,2037234,435
143056501,79.6354,79.7779,435,27266,0.344911,0.27,1,2037756,2037321,435
143059421,35.1271,35.1556,435,27344,0.364982,0.27,1,2037780,2037345,435
143062341,22.2254,21.4311,436,27421,0.352996,0.27,1,2037799,2037363,436
143065261,39.6451,38.6862,437,27498,0.414599,0.29,1,2037843,2037406,437
143068181,72.729,72.5372,437,27575,0.44292,0.29,1,2037924,2037487,437
143071101,16.1458,16.1074,437,27652,0.448584,0.27,1,2037926,2037489,437
143074021,52.8292,54.4215,435,27729,0.433717,0.31,1,2037988,2037553,435
143076941,66.5658,66.8843,435,27805,0.526743,0.33,1,2038058,2037623,435
143079861,50.9132,50.1769,436,27881,0.609349,0.35,1,2038105,2037669,436
143082781,80.5826,79.6354,437,27957,0.68987,0.37,1,2038193,2037756,437
143085701,36.1165,35.1271,438,28033,0.689974,0.35,1,2038218,2037780,438
143088621,23.2233,22.2254,439,28109,0.689995,0.43,1,2038238,2037799,439
143091541,42.2447,39.6451,442,28184,0.721999,0.45,1,2038285,2037843,442
143094461,73.2489,72.729,442,28259,0.7124,0.45,1,2038366,2037924,442
143097381,16.2498,16.1458,442,28334,0.71048,0.43,1,2038368,2037926,442
143100301,53.65,52.8292,443,28409,0.726096,0.43,1,2038431,2037988,443
143103221,70.73,10.5658,518,28484,0.729219,0.55,1,2038506,2037988,518
143106141,53.346,58.1132,497,28558,0.761844,0.63,2,2038555,2038058,497
143109061,84.2692,49.2226,542,28632,0.832369,0.71,2,2038647,2038105,542
143111981,37.6538,80.2445,480,28706,0.846474,0.69,2,2038673,2038193,480
143114901,23.5308,36.0489,475,28780,0.849295,0.69,2,2038693,2038218,475
143117821,42.3062,23.2098,502,28854,0.833859,0.73,2,2038740,2038238,502
143120741,72.4612,42.242,535,28927,0.878772,0.71,2,2038820,2038285,535
143123661,16.0922,73.2484,456,29000,0.887754,0.71,2,2038822,2038366,456
143126581,54.4184,16.2497,518,29073,0.937551,0.73,2,2038886,2038368,518
143255061,79,67,535,32120,0.63,1,1,2041060,2040525,535
143257981,42.2,54.2,517,32186,0.614,1,1,2041093,2040576,517
143260901,34.84,30.84,525,32252,0.5148,1,1,2041126,2040601,525
143263821,62.968,26.968,569,32318,0.41496,1,1,2041196,2040627,569
143266741,42.1936,78.9936,514,32383,0.298992,1,1,2041233,2040719,514
143269661,34.8387,37.3987,520,32448,0.291798,1,1,2041266,2040746,520
143272581,62.1677,34.6797,555,32513,0.0983597,1,1,2041335,2040780,555
143275501,53.2335,76.5359,519,32578,0.107672,1,1,2041386,2040867,519
143278421,29.8467,52.9072,496,32643,0.109534,0.87,1,2041410,2040914,496
143281341,33.1693,32.9814,502,32708,0.0779069,0.87,1,2041444,2040942,502
143284261,8.23387,37.7963,465,32773,0.0715814,0.63,1,2041446,2040981,465
143287181,55.2468,70.7593,453,32838,0.134316,0.61,1,2041513,2041060,453
143290101,41.4494,40.5519,458,32902,0.114863,0.49,1,2041551,2041093,458
143293021,27.4899,34.5104,449,32966,0.0469727,0.39,1,2041575,2041126,449
143295941,52.698,62.9021,438,33030,0.113395,0.27,1,2041634,2041196,438
143298861,38.5396,42.1804,436,33094,0.110679,0.29,1,2041669,2041233,436
143301781,34.9079,34.8361,437,33158,0.158136,0.05,1,2041703,2041266,437
143304701,51.7816,62.1672,424,33222,0.167627,0.11,1,2041759,2041335,424
143307621,52.7563,53.2334,426,33286,0.185525,0.11,1,2041812,2041386,426
143310541,28.9513,29.8467,425,33350,0.253105,0.07,1,2041835,2041410,425
143313461,34.5903,33.1693,427,33413,0.234621,0.07,1,2041871,2041444,427
143316381,8.51805,8.23387,427,33476,0.230924,0.15,1,2041873,2041446,427
143319301,55.3036,55.2468,427,33539,0.278185,0.11,1,2041940,2041513,427
143322221,38.2607,41.4494,423,33602,0.271637,0.03,1,2041974,2041551,423
143325141,26.8521,27.4899,423,33665,0.270327,0.13,1,2041998,2041575,423
143328061,56.5704,52.698,428,33728,0.382065,0.11,1,2042062,2041634,428
143330981,36.9141,38.5396,425,33791,0.404413,0.17,1,2042094,2041669,425
143333901,36.9828,34.9079,428,33854,0.424883,0.17,1,2042131,2041703,428
143336821,53.7966,51.7816,430,33916,0.428977,0.19,1,2042189,2041759,430
143339741,54.7593,52.7563,432,33978,0.461795,0.27,1,2042244,2041812,432
143342661,30.1519,28.9513,433,34040,0.452359,0.23,1,2042268,2041835,433
143345581,34.8304,34.5903,433,34102,0.482472,0.23,1,2042304,2041871,433
143348501,8.56607,8.51805,433,34164,0.488494,0.29,1,2042306,2041873,433
143351421,56.1132,55.3036,434,34226,0.457699,0.29,1,2042374,2041940,434
143354341,38.4226,11.0607,468,34288,0.45154,0.27,1,2042408,2041940,468
143357261,26.8845,29.4121,458,34350,0.450308,0.27,1,2042432,2041974,458
143360181,62.1769,25.0824,505,34412,0.530062,0.41,1,2042503,2041998,505
143363101,38.0354,56.2165,473,34473,0.546012,0.41,1,2042535,2042062,473
143366021,38.0071,36.8433,479,34534,0.565202,0.43,1,2042573,2042094,479
143368941,54.8014,36.9687,501,34595,0.585041,0.43,1,2042632,2042131,501
143371861,54.1603,53.7937,497,34656,0.573008,0.47,1,2042686,2042189,497
143374781,30.8321,54.7587,467,34717,0.586602,0.45,1,2042711,2042244,467
143377701,34.9664,30.1517,479,34778,0.58932,0.49,1,2042747,2042268,479
143380621,8.59328,34.8304,445,34839,0.589864,0.49,1,2042749,2042304,445
143383541,56.1187,8.56607,511,34900,0.653973,0.45,1,2042817,2042306,511
143386461,38.4237,56.1132,477,34961,0.666795,0.45,1,2042851,2042374,477
143389381,26.8847,38.4226,467,35021,0.685359,0.45,1,2042875,2042408,467
143392301,66.1769,26.8845,519,35081,0.721072,0.55,1,2042951,2042432,519
143395221,38.8354,62.1769,480,35141,0.744214,0.55,1,2042983,2042503,480
143398141,38.9671,38.0354,487,35201,0.748843,0.57,1,2043022,2042535,487
143401061,54.1934,38.0071,507,35261,0.765769,0.59,2,2043080,2042573,507
143403981,54.8387,54.8014,503,35321,0.753154,0.57,2,2043135,2042632,503
143406901,31.7677,54.1603,475,35381,0.766631,0.59,2,2043161,2042686,475
143409821,35.9535,30.8321,487,35441,0.753326,0.59,2,2043198,2042711,487
143412741,8.79071,34.9664,453,35501,0.782665,0.59,2,2043200,2042747,453
143415661,58.5581,8.59328,522,35561,0.820533,0.67,2,2043271,2042749,522
143418581,39.7116,56.1187,489,35620,0.844107,0.67,2,2043306,2042817,489
143421501,27.1423,38.4237,479,35679,0.880821,0.69,2,2043330,2042851,479
143424421,7.02846,26.8847,457,35738,0.888164,0.73,2,2043332,2042875,457
143427341,63.0057,66.1769,458,35797,0.905633,0.75,2,2043409,2042951,458
143430261,39.8011,38.8354,460,35856,0.893127,0.75,2,2043443,2042983,460
143433181,38.3602,38.9671,459,35915,0.906625,0.77,2,2043481,2043022,459
143436101,54.872,54.1934,460,35974,0.893325,0.75,2,2043540,2043080,460
143439021,54.1744,54.8387,459,36033,0.906665,0.77,2,2043594,2043135,459
143614221,34,31,494,39397,0.91,1,2,2045882,2045388,494
143625901,60,58,482,39611,0.89,0.94,2,2046058,2045576,482
143789421,34,19,501,42493,0.91,1,2,2048037,2047536,501
144008421,38,33,529,46067,0.81,1,2,2050531,2050002,529
144011341,27.6,32.2,522,46113,0.794,1,2,2050556,2050034,522
144014261,29.52,34.44,517,46159,0.6948,1,1,2050586,2050069,517
144017181,32.304,35.688,514,46205,0.61096,1,1,2050619,2050105,514
144020101,33.6608,28.7376,521,46251,0.546192,1,1,2050653,2050132,521
144023021,32.3322,29.7475,523,46297,0.453238,1,1,2050685,2050162,523
144025941,33.6664,36.3495,519,46343,0.402648,1,1,2050719,2050200,519
144028861,29.1333,32.0699,516,46388,0.34453,1,1,2050747,2050231,516
144031781,31.4267,32.814,515,46433,0.300906,1,1,2050779,2050264,515
144034701,31.8853,37.7628,508,46478,0.260181,1,1,2050811,2050303,508
144037621,29.5771,33.9526,504,46523,0.204036,1,1,2050840,2050336,504
144040541,31.5154,32.3905,504,46568,0.128807,1,1,2050872,2050368,504
144043461,27.9031,34.4781,496,46613,0.0817614,1,1,2050899,2050403,496
144046381,27.1806,28.4956,496,46658,0.0563523,0.93,1,2050926,2050430,496
144049301,31.8361,28.0991,501,46703,0.0512705,0.87,1,2050959,2050458,501
144052221,30.3672,33.6198,496,46748,0.0342541,0.81,1,2050989,2050493,496
144055141,22.8734,37.124,479,46793,0.0308508,0.79,1,2051010,2050531,479
144058061,25.3747,27.4248,480,46838,0.0141702,0.67,1,2051036,2050556,480
144060981,28.2749,29.485,479,46883,0.090834,0.59,1,2051065,2050586,479
144063901,29.655,32.297,476,46928,0.122167,0.53,1,2051095,2050619,476
144066821,29.931,33.6594,472,46973,0.112433,0.43,1,2051125,2050653,472
144069741,32.3862,32.3319,473,47018,0.0944867,0.39,1,2051158,2050685,473
144072661,24.8772,33.6664,462,47063,0.154897,0.33,1,2051181,2050719,462
144075581,29.7754,29.1333,465,47108,0.118979,0.29,1,2051212,2050747,465
144078501,29.1551,31.4267,462,47153,0.159796,0.25,1,2051241,2050779,462
144081421,26.631,31.8853,456,47198,0.151959,0.19,1,2051267,2050811,456
144084341,29.3262,29.5771,457,47243,0.166392,0.11,1,2051297,2050840,457
144087261,24.2652,31.5154,448,47288,0.185278,0.07,1,2051320,2050872,448
144090181,26.453,27.9031,448,47333,0.0930557,0.05,1,2051347,2050899,448
144093101,33.2906,27.1806,456,47378,0.122611,0.05,1,2051382,2050926,456
144096021,8.25812,31.8361,425,47422,0.128522,0.03,1,2051384,2050959,425
144098941,24.0516,30.3672,423,47466,0.161704,0.03,1,2051412,2050989,423
144101861,20.8103,22.8734,422,47510,0.184341,0.01,1,2051432,2051010,422
144104781,24.9621,25.3747,422,47554,0.188868,0.11,1,2051458,2051036,422
144107701,32.1924,28.2749,427,47598,0.157774,0.13,1,2051492,2051065,427
144110621,31.2385,29.655,428,47642,0.119555,0.11,1,2051523,2051095,428
144113541,28.6477,29.931,426,47686,0.159911,0.09,1,2051551,2051125,426
144116461,36.1295,32.3862,431,47730,0.151982,0.17,1,2051589,2051158,431
144119381,24.0259,24.8772,429,47774,0.166396,0.11,1,2051610,2051181,429
144122301,28.0052,29.7754,427,47818,0.217279,0.17,1,2051639,2051212,427
144125221,31.201,29.1551,430,47862,0.195456,0.15,1,2051671,2051241,430
144128141,24.6402,26.631,427,47906,0.191091,0.17,1,2051694,2051267,427
144131061,31.328,29.3262,430,47950,0.222218,0.19,1,2051727,2051297,430
144133981,20.6656,24.2652,425,47994,0.228444,0.07,1,2051745,2051320,425
144136901,27.3331,26.453,427,48038,0.213689,0.13,1,2051774,2051347,427
144139821,35.0666,33.2906,429,48082,0.242738,0.13,1,2051811,2051382,429
144142741,8.61332,8.25812,429,48126,0.248548,0.17,1,2051813,2051384,429
144145661,25.7227,24.0516,431,48170,0.29771,0.19,1,2051843,2051412,431
144148581,21.1445,20.8103,431,48214,0.323542,0.19,1,2051863,2051432,431
144151501,23.4289,24.9621,429,48258,0.328708,0.15,1,2051887,2051458,429
144154421,28.6858,32.1924,425,48302,0.297742,0.11,1,2051917,2051492,425
144157341,32.9372,31.2385,428,48346,0.307548,0.17,1,2051951,2051523,428
144160261,28.9874,28.6477,428,48390,0.29351,0.15,1,2051979,2051551,428
144163181,36.9975,36.1295,429,48434,0.306702,0.17,1,2052018,2051589,429
144166101,24.9995,24.0259,430,48478,0.30934,0.23,1,2052040,2051610,430
144169021,28.9999,28.0052,431,48521,0.325868,0.19,1,2052070,2051639,431
144171941,29.8,31.201,429,48564,0.329174,0.19,1,2052100,2051671,429
144174861,26.76,24.6402,432,48607,0.313835,0.23,1,2052126,2051694,432
144177781,32.552,31.328,433,48650,0.358767,0.23,1,2052160,2051727,433
144180701,20.9104,20.6656,433,48693,0.335753,0.21,1,2052178,2051745,433
144183621,26.5821,27.3331,432,48736,0.379151,0.25,1,2052206,2051774,432
144186541,36.5164,35.0666,434,48779,0.37183,0.25,1,2052245,2051811,434
144189461,8.90328,8.61332,434,48822,0.370366,0.31,1,2052247,2051813,434
144192381,26.5807,25.7227,435,48865,0.354073,0.31,1,2052278,2051843,435
144195301,21.3161,5.14453,455,48908,0.366815,0.33,1,2052298,2051843,455
144198221,23.4632,17.0289,459,48951,0.385363,0.33,1,2052322,2051863,459
144201141,28.6926,22.6058,465,48994,0.389073,0.29,1,2052352,2051887,465
144204061,32.1385,28.5212,468,49037,0.437815,0.31,1,2052385,2051917,468
144206981,29.6277,32.9042,463,49080,0.463563,0.29,1,2052414,2051951,463
144209901,36.3255,28.9808,473,49123,0.484713,0.31,1,2052452,2051979,473
144212821,24.8651,36.9962,456,49166,0.488943,0.31,1,2052474,2052018,456
144215741,29.773,24.9992,465,49209,0.473789,0.33,1,2052505,2052040,465
144218661,29.9546,28.9998,465,49252,0.486758,0.33,1,2052535,2052070,465
144221581,27.5909,29.8,462,49295,0.489352,0.31,1,2052562,2052100,462
144224501,33.5182,26.76,471,49338,0.52187,0.37,1,2052597,2052126,471
144227421,21.9036,32.552,456,49381,0.528374,0.33,1,2052616,2052160,456
144230341,26.7807,20.9104,466,49424,0.529675,0.39,1,2052644,2052178,466
144233261,37.3561,26.5821,478,49467,0.529935,0.37,1,2052684,2052206,478
144236181,9.07123,36.5164,441,49510,0.529987,0.37,1,2052686,2052245,441
144239101,25.8142,8.90328,469,49553,0.545997,0.35,1,2052716,2052247,469
144242021,21.9628,26.5807,459,49596,0.565199,0.37,1,2052737,2052278,459
144244941,24.3926,21.3161,464,49638,0.60104,0.39,1,2052762,2052298,464
144247861,30.4785,23.4632,472,49680,0.640208,0.39,1,2052794,2052322,472
144250781,33.2957,28.6926,476,49722,0.664042,0.45,1,2052828,2052352,476
144253701,30.6591,32.1385,473,49764,0.684808,0.47,1,2052858,2052385,473
144256621,37.3318,29.6277,483,49806,0.720962,0.49,1,2052897,2052414,483
144259541,25.0664,36.3255,467,49848,0.728192,0.49,1,2052919,2052452,467
144262461,29.0133,24.8651,475,49890,0.729638,0.47,1,2052949,2052474,475
144265381,31.4027,29.773,476,49932,0.729928,0.49,1,2052981,2052505,476
144268301,27.8805,29.9546,473,49974,0.745986,0.49,1,2053008,2052535,473
144271221,34.3761,27.5909,482,50016,0.765197,0.53,2,2053044,2052562,482
144274141,22.0752,33.5182,466,50058,0.785039,0.53,2,2053063,2052597,466
144277061,26.815,21.9036,475,50100,0.805008,0.53,2,2053091,2052616,475
144279981,37.363,26.7807,487,50142,0.825002,0.53,2,2053131,2052644,487
144282901,9.0726,37.3561,449,50184,0.829,0.53,2,2053133,2052684,449
144285821,26.6145,9.07123,478,50226,0.8298,0.55,2,2053164,2052686,478
144288741,22.9229,25.8142,470,50268,0.82996,0.57,2,2053186,2052716,470
144291661,26.9846,21.9628,477,50310,0.829992,0.61,2,2053214,2052737,477
144294581,6.99692,24.3926,454,50352,0.829998,0.65,2,2053216,2052762,454
144297501,27.7994,30.4785,455,50394,0.862,0.67,2,2053249,2052794,455
144300421,32.7599,33.2957,455,50436,0.8844,0.69,2,2053283,2052828,455
144303341,31.352,30.6591,456,50478,0.87288,0.73,2,2053314,2052858,456
144306261,39.0704,37.3318,458,50520,0.870576,0.73,2,2053355,2052897,458
144309181,25.4141,25.0664,458,50562,0.902115,0.73,2,2053377,2052919,458
144312101,29.0828,29.0133,458,50604,0.940423,0.73,2,2053407,2052949,458
144574901,493,509,459,23360,0.87,0.75,2,2056284,2055825,459
144577821,144.2,125.8,486,24905,0.87,0.73,2,2056341,2055855,486
144580741,87.24,72.36,500,24990,0.902,0.73,2,2056414,2055914,500
144583661,66.248,73.672,487,25075,0.9244,0.77,2,2056475,2055988,487
144755941,50,35,520,29651,0.45,1,1,2059706,2059186,520
144758861,38,32.6,523,29722,0.434,1,1,2059741,2059218,523
144761781,66.8,58.52,532,29793,0.2068,1,1,2059815,2059283,532
144764701,31.76,45.304,513,29864,0.24136,1,1,2059838,2059325,513
144767621,39.952,67.4608,482,29935,0.120272,1,1,2059880,2059398,482
144770541,40.7904,55.0922,471,30006,0.176054,1,1,2059921,2059450,471
144773461,33.7581,38.2184,469,30077,0.107211,1,1,2059953,2059484,469
144776381,37.1516,38.0437,469,30147,0.125442,0.71,1,2059991,2059522,469
144779301,72.2303,82.8087,456,30217,0.129088,0.61,1,2060072,2059616,456
144782221,42.4461,48.5617,451,30287,0.0658177,0.45,1,2060107,2059656,451
144785141,37.2892,49.7123,437,30357,0.117164,0.43,1,2060143,2059706,437
144788061,33.8578,37.9425,435,30427,0.111433,0.15,1,2060176,2059741,435
144790981,65.1716,66.7885,434,30497,0.142287,0.25,1,2060249,2059815,434
144793901,27.4343,31.7577,429,30566,0.148457,0.09,1,2060267,2059838,429
144796821,39.0869,39.9515,429,30635,0.149691,0.19,1,2060309,2059880,429
144799741,40.6174,40.7903,429,30704,0.197938,0.09,1,2060350,2059921,429
144802661,31.3235,33.7581,426,30773,0.223588,0.13,1,2060379,2059953,426
144805581,36.6647,37.1516,426,30842,0.244718,0.13,1,2060417,2059991,426
144808501,72.1329,72.2303,426,30911,0.248944,0.05,1,2060498,2060072,426
144811421,39.2266,42.4461,422,30979,0.249789,0.13,1,2060529,2060107,422
144814341,37.4453,37.2892,423,31047,0.281958,0.11,1,2060566,2060143,423
144817261,37.0891,33.8578,427,31115,0.272392,0.15,1,2060603,2060176,427
144820181,67.4178,65.1716,429,31183,0.334478,0.15,1,2060678,2060249,429
144823101,26.2836,27.4343,427,31251,0.314896,0.15,1,2060694,2060267,427
144826021,38.8567,39.0869,427,31319,0.358979,0.15,1,2060736,2060309,427
144828941,42.1713,7.81737,470,31387,0.383796,0.21,1,2060779,2060309,470
144831861,32.4343,34.3635,459,31454,0.404759,0.23,1,2060809,2060350,459
144834781,37.6869,30.0727,469,31521,0.440952,0.25,1,2060848,2060379,469
144837701,74.7374,36.4145,515,31588,0.44819,0.25,1,2060932,2060417,515
144840621,38.9475,72.0829,464,31655,0.481638,0.25,1,2060962,2060498,464
144843541,37.3895,39.2166,470,31722,0.536328,0.29,1,2060999,2060529,470
144846461,38.6779,37.4433,472,31789,0.563266,0.27,1,2061038,2060566,472
144849381,68.5356,37.0887,511,31856,0.568653,0.35,1,2061114,2060603,511
144852301,26.5071,67.4177,452,31922,0.569731,0.31,1,2061130,2060678,452
144855221,39.7014,26.2835,479,31988,0.569946,0.37,1,2061173,2060694,479
144858141,45.5403,38.8567,484,32054,0.617989,0.39,1,2061220,2060736,484
144861061,33.1081,42.1713,471,32120,0.643598,0.41,1,2061250,2060779,471
144863981,39.4216,32.4343,482,32186,0.64872,0.45,1,2061291,2060809,482
144866901,76.6843,37.6869,529,32252,0.697744,0.45,1,2061377,2060848,529
144869821,40.1369,74.7374,476,32318,0.723549,0.49,1,2061408,2060932,476
144872741,39.2274,38.9475,485,32383,0.76071,0.55,2,2061447,2060962,485
144875661,38.2455,37.3895,486,32448,0.784142,0.57,2,2061485,2060999,486
144878581,70.0491,38.6779,525,32513,0.820828,0.57,2,2061563,2061038,525
144881501,27.6098,68.5356,466,32578,0.812166,0.57,2,2061580,2061114,466
144884421,39.122,26.5071,492,32643,0.826433,0.57,2,2061622,2061130,492
144887341,47.8244,39.7014,499,32708,0.813287,0.63,2,2061672,2061173,499
144890261,11.1649,45.5403,454,32773,0.810657,0.65,2,2061674,2061220,454
144893181,26.233,33.1081,454,32838,0.810131,0.65,2,2061704,2061250,454
144896101,38.0466,39.4216,454,32902,0.810026,0.71,2,2061745,2061291,454
144899021,78.8093,76.6843,457,32966,0.842005,0.73,2,2061834,2061377,457
144901941,42.1619,40.1369,459,33030,0.864401,0.77,2,2061867,2061408,459
144904861,41.2324,39.2274,461,33094,0.86888,0.79,2,2061908,2061447,461
144907781,38.6465,38.2455,461,33158,0.837776,0.83,2,2061946,2061485,461
144910701,71.7293,70.0491,463,33222,0.863555,0.81,2,2062026,2061563,463
144913621,27.1459,27.6098,462,33286,0.916711,0.83,2,2062042,2061580,462
145050861,55,42,494,36151,0.71,1,1,2064035,2063541,494
145053781,37.4,33.2,496,36209,0.662,1,1,2064068,2063572,496
145056701,26.68,19.44,504,36267,0.6524,1,1,2064092,2063588,504
145059621,26.936,31.088,497,36325,0.60248,1,1,2064119,2063622,497
145062541,63.7872,79.8176,478,36383,0.384496,1,1,2064192,2063714,478
145065461,39.1574,41.5635,479,36441,0.340899,1,1,2064225,2063746,479
145068381,35.8315,38.7127,476,36499,0.23618,1,1,2064260,2063784,476
145071301,26.3663,25.3425,478,36557,0.119236,1,1,2064284,2063806,478
145074221,34.0733,38.6685,472,36615,0.127847,1,1,2064320,2063848,472
145077141,54.8147,59.7337,467,36673,0.0815694,0.87,1,2064380,2063913,467
145080061,38.9629,42.3467,464,36731,0.0403139,0.87,1,2064415,2063951,464
145082981,26.1926,31.6693,458,36789,0.0160628,0.71,1,2064438,2063980,458
145085901,48.4385,50.3339,457,36846,0.0432126,0.65,1,2064492,2064035,457
145088821,35.2877,36.4668,456,36903,0.0166425,0.65,1,2064524,2064068,456
145091741,24.6575,26.4934,454,36960,0.0273285,0.59,1,2064546,2064092,454
145094661,24.1315,26.8987,451,37017,0.0454657,0.33,1,2064570,2064119,451
145097581,52.8263,63.7797,438,37074,0.0810931,0.33,1,2064630,2064192,438
145100501,33.7653,39.1559,434,37131,0.0722186,0.21,1,2064659,2064225,434
145103421,32.3531,35.8312,431,37188,0.118444,0.21,1,2064691,2064260,431
145106341,20.8706,7.16624,449,37245,0.127689,0.09,1,2064709,2064260,449
145109261,33.7741,20.6332,462,37302,0.129538,0.13,1,2064746,2064284,462
145112181,52.3548,32.9267,483,37359,0.161908,0.07,1,2064803,2064320,483
145115101,36.871,54.5853,456,37416,0.184381,0.03,1,2064836,2064380,456
145118021,25.7742,38.9171,444,37472,0.172876,0.01,1,2064859,2064415,444
145120941,48.3548,26.1834,475,37528,0.170575,0.05,1,2064913,2064438,475
145123861,35.271,48.4367,453,37584,0.154115,0.01,1,2064945,2064492,453
145126781,27.0542,35.2873,446,37640,0.134823,0.03,1,2064970,2064524,446
145129701,23.8108,24.6575,447,37696,0.146965,0.05,1,2064993,2064546,447
145132621,52.7622,24.1315,483,37752,0.181393,0.09,1,2065053,2064570,483
145135541,32.1524,52.8263,450,37808,0.204279,0.07,1,2065080,2064630,450
145138461,36.8305,33.7653,459,37864,0.176856,0.13,1,2065118,2064659,459
145141381,20.9661,32.3531,444,37920,0.155371,0.13,1,2065135,2064691,444
145144301,36.1932,20.8706,466,37976,0.183074,0.13,1,2065175,2064709,466
145147221,52.8386,33.7741,486,38032,0.220615,0.17,1,2065232,2064746,486
145150141,37.7677,52.3548,463,38088,0.228123,0.19,1,2065266,2064803,463
145153061,25.1535,36.871,452,38143,0.261625,0.17,1,2065288,2064836,452
145155981,48.2307,25.7742,483,38198,0.268325,0.17,1,2065342,2064859,483
145158901,32.8461,48.3548,458,38253,0.285665,0.15,1,2065371,2064913,458
145161821,28.9692,35.271,454,38308,0.305133,0.13,1,2065399,2064945,454
145164741,24.9938,27.0542,453,38363,0.309027,0.15,1,2065423,2064970,453
145167661,52.9988,23.8108,490,38418,0.325805,0.19,1,2065483,2064993,490
145170581,31.3998,52.7622,456,38473,0.329161,0.21,1,2065509,2065053,456
145173501,36.68,32.1524,467,38528,0.345832,0.17,1,2065547,2065080,467
145176421,20.136,36.8305,445,38583,0.349166,0.15,1,2065563,2065118,445
145179341,5.6272,20.9661,430,38638,0.349833,0.19,1,2065565,2065135,430
145182261,35.5254,36.1932,433,38693,0.333967,0.23,1,2065608,2065175,433
145185181,52.7051,52.8386,433,38748,0.410793,0.23,1,2065665,2065232,433
145188101,38.541,37.7677,434,38803,0.426159,0.27,1,2065700,2065266,434
145191021,26.1082,25.1535,435,38857,0.445232,0.27,1,2065723,2065288,435
145193941,48.4216,48.2307,435,38911,0.449046,0.29,1,2065777,2065342,435
145196861,33.6843,32.8461,436,38965,0.465809,0.31,1,2065807,2065371,436
145199781,29.9369,28.9692,437,39019,0.421162,0.31,1,2065836,2065399,437
145202701,25.1874,24.9938,437,39073,0.460232,0.33,1,2065860,2065423,437
145205621,53.8375,52.9988,438,39127,0.532046,0.33,1,2065921,2065483,438
145208541,32.3675,31.3998,439,39181,0.562409,0.35,1,2065948,2065509,439
145211461,36.8735,36.68,439,39235,0.568482,0.35,1,2065986,2065547,439
145214381,20.1747,20.136,439,39289,0.601696,0.35,1,2066002,2065563,439
145217301,5.63494,5.6272,439,39343,0.608339,0.33,1,2066004,2065565,439
145220221,34.727,35.5254,438,39397,0.577668,0.43,1,2066046,2065608,438
145223141,55.7454,52.7051,442,39451,0.619534,0.43,1,2066107,2065665,442
145226061,38.3491,38.541,441,39505,0.627907,0.45,1,2066141,2065700,441
145228981,26.8698,26.1082,442,39558,0.629581,0.45,1,2066165,2065723,442
145231901,48.574,48.4216,442,39611,0.661916,0.47,1,2066219,2065777,442
145234821,34.5148,33.6843,443,39664,0.668383,0.41,1,2066250,2065807,443
145237741,30.103,29.9369,443,39717,0.653677,0.47,1,2066279,2065836,443
145240661,26.0206,25.1874,444,39770,0.634735,0.55,1,2066304,2065860,444
145243581,58.0041,53.8375,449,39823,0.662947,0.57,1,2066370,2065921,449
145246501,34.0008,32.3675,450,39876,0.668589,0.57,1,2066398,2065948,450
145249421,37.2002,36.8735,450,39929,0.701718,0.61,1,2066436,2065986,450
145252341,20.24,20.1747,450,39982,0.724344,0.61,1,2066452,2066002,450
145255261,5.64801,5.63494,450,40035,0.728869,0.57,1,2066454,2066004,450
145258181,34.7296,34.727,450,40088,0.745774,0.57,1,2066496,2066046,450
145261101,55.7459,6.9454,511,40141,0.765155,0.63,2,2066557,2066046,511
145264021,38.3492,50.1891,484,40194,0.769031,0.63,2,2066591,2066107,484
145266941,26.8698,37.2378,474,40247,0.769806,0.63,2,2066615,2066141,474
145269861,50.974,26.6476,507,40299,0.785961,0.67,2,2066672,2066165,507
145272781,34.1948,48.5295,483,40351,0.837192,0.67,2,2066702,2066219,483
145275701,29.239,34.5059,480,40403,0.847438,0.65,2,2066730,2066250,480
145278621,26.6478,30.1012,477,40455,0.849488,0.63,2,2066756,2066279,477
145281541,58.1296,26.0202,518,40507,0.865898,0.67,2,2066822,2066304,518
145284461,34.0259,58.004,480,40559,0.917179,0.67,2,2066850,2066370,480
145299061,64,42,520,40819,0.91,0.77,2,2067016,2066496,520
145301981,40,57.2,493,40871,0.926,0.77,2,2067050,2066557,493
145547261,82,86,480,22244,0.19,1,1,2070969,2070489,480
145550181,50.8,46,487,22339,0.126,0.97,1,2071012,2070525,487
145553101,44.56,30.8,503,22434,0.0812,1,1,2071055,2070552,503
145556021,63.312,73.36,487,22529,0.04024,1,1,2071123,2070636,487
145558941,71.0624,14.672,560,22623,0.048048,1,1,2071196,2070636,560
145561861,90.2125,74.9344,565,22717,0.0496096,0.65,1,2071291,2070726,565
145564781,52.4425,106.987,493,22810,0.0659219,0.47,1,2071334,2070841,493
145567701,67.2885,58.1974,518,22903,0.101184,0.19,1,2071405,2070887,518
145570621,39.0577,77.2395,468,22996,0.0442369,0.11,1,2071437,2070969,468
145573541,43.8115,49.8479,470,23088,0.0328474,0.07,1,2071482,2071012,470
145576461,58.3623,44.3696,489,23180,0.0305695,0.03,1,2071544,2071055,489
145579381,74.0725,63.2739,499,23271,0.0781139,0.05,1,2071622,2071123,499
145582301,88.4145,71.0548,518,23362,0.103623,0.05,1,2071714,2071196,518
145585221,52.8829,90.211,467,23453,0.108725,0.07,1,2071758,2071291,467
145588141,67.3766,52.4422,495,23543,0.157745,0.11,1,2071829,2071334,495
145591061,39.8753,67.2884,457,23633,0.183549,0.03,1,2071862,2071405,457
145593981,43.1751,39.0577,469,23723,0.14071,0.03,1,2071906,2071437,469
145596901,55.835,43.8115,483,23812,0.132142,0.03,1,2071965,2071482,483
145599821,77.567,58.3623,504,23901,0.0504284,0.09,1,2072048,2071544,504
145602741,17.1134,74.0725,428,23990,0.0340857,0.11,1,2072050,2071622,428
145605661,76.2227,88.4145,427,24078,0.0948171,0.11,1,2072141,2071714,427
145608581,50.4445,52.8829,427,24166,0.0909634,0.17,1,2072185,2071758,427
145611501,69.2889,67.3766,430,24254,0.106193,0.19,1,2072259,2071829,430
145614421,40.2578,39.8753,430,24341,0.0932385,0.13,1,2072292,2071862,430
145617341,41.6516,43.1751,428,24428,0.122648,0.13,1,2072334,2071906,428
145620261,55.5303,55.835,428,24515,0.17653,0.03,1,2072393,2071965,428
145623181,73.5061,77.567,423,24601,0.171306,0.03,1,2072471,2072048,423
145626101,16.3012,17.1134,423,24687,0.138261,0.11,1,2072473,2072050,423
145629021,77.6602,76.2227,425,24773,0.179652,0.09,1,2072566,2072141,425
145631941,51.532,50.4445,426,24859,0.25193,0.11,1,2072611,2072185,426
145634861,68.7064,69.2889,425,24944,0.282386,0.09,1,2072684,2072259,425
145637781,40.9413,40.2578,426,25029,0.304477,0.13,1,2072718,2072292,426
145640701,41.7883,41.6516,426,25114,0.308895,0.19,1,2072760,2072334,426
145643621,57.9577,55.5303,429,25198,0.341779,0.17,1,2072822,2072393,429
145646541,73.1915,73.5061,428,25282,0.364356,0.13,1,2072899,2072471,428
145649461,16.2383,16.3012,428,25366,0.368871,0.19,1,2072901,2072473,428
145652381,78.4477,77.6602,429,25450,0.385774,0.19,1,2072995,2072566,429
145655301,54.0895,15.532,477,25533,0.437155,0.27,1,2073043,2072566,477
145658221,70.0179,39.1064,506,25616,0.511431,0.29,1,2073117,2072611,506
145661141,42.0036,66.2213,468,25699,0.558286,0.31,1,2073152,2072684,468
145664061,42.0007,40.4443,476,25781,0.567657,0.31,1,2073194,2072718,476
145666981,59.6001,41.6889,498,25863,0.537531,0.35,1,2073258,2072760,498
145669901,74.32,57.9378,514,25945,0.563506,0.37,1,2073336,2072822,514
145672821,16.464,73.1876,439,26027,0.568701,0.37,1,2073338,2072899,439
145675741,81.6928,16.2375,535,26108,0.58574,0.39,1,2073436,2072901,535
145678661,57.1386,78.4475,492,26189,0.605148,0.45,1,2073487,2072995,492
145681581,73.0277,54.0895,521,26270,0.68903,0.53,1,2073564,2073043,521
145684501,44.2055,70.0179,484,26351,0.753806,0.57,2,2073601,2073117,484
145687421,42.4411,42.0036,491,26431,0.766761,0.57,2,2073643,2073152,491
145690341,58.0882,42.0007,511,26511,0.801352,0.53,2,2073705,2073194,511
145693261,75.6176,59.6001,527,26591,0.84027,0.57,2,2073785,2073258,527
145696181,16.7235,74.32,451,26671,0.848054,0.57,2,2073787,2073336,451
145699101,84.1447,16.464,550,26750,0.801611,0.59,2,2073888,2073338,550
145702021,58.4289,81.6928,504,26829,0.824322,0.61,2,2073940,2073436,504
145704941,75.6858,57.1386,533,26908,0.844864,0.71,2,2074020,2073487,533
145707861,16.7372,73.0277,458,26987,0.848973,0.77,2,2074022,2073564,458
145710781,34.5474,44.2055,460,27065,0.865795,0.77,2,2074061,2073601,460
145713701,41.3095,42.4411,461,27143,0.869159,0.81,2,2074104,2073643,461
145716621,58.6619,58.0882,462,27221,0.901832,0.85,2,2074167,2073705,462
145856781,125,196,493,13462,0.57,0.81,1,2076873,2076380,493
145859701,79.4,112.8,469,13620,0.586,0.79,1,2076941,2076472,469
145862621,40.68,34.56,485,13776,0.5892,0.73,1,2076972,2076487,485
145864081,180.936,42.912,656,13930,0.65384,0.65,1,2077188,2076532,656
145867001,47.3872,181.382,454,14083,0.682768,0.57,1,2077202,2076748,454
145869921,106.277,136.276,450,14234,0.688554,0.59,1,2077323,2076873,450
145872841,75.6555,81.6553,450,14383,0.753711,0.59,2,2077391,2076941,450
145875761,40.7311,41.1311,451,14531,0.798742,0.67,2,2077423,2076972,451
145878681,195.346,181.026,469,14677,0.903748,0.69,2,2077657,2077188,469
145945841,38,73,499,17705,0.63,1,1,2079770,2079271,499
145948761,50,41,519,17825,0.502,1,1,2079823,2079304,519
145951681,155.6,36.2,666,17944,0.1244,1,1,2080005,2079339,666
145954601,136.72,164.84,601,18062,0.08088,0.85,1,2080137,2079536,601
145957521,28.944,141.768,467,18180,0.072176,0.67,1,2080139,2079672,467
145960441,47.3888,76.3536,459,18297,0.0224352,0.63,1,2080191,2079732,459
145963361,35.0778,45.6707,453,18413,0.076487,0.47,1,2080223,2079770,453
145966281,42.2156,51.5341,444,18528,0.0712974,0.03,1,2080267,2079823,444
145969201,138.043,155.907,424,18643,0.118259,0.07,1,2080429,2080005,424
145972121,134.809,136.781,426,18757,0.0956519,0.07,1,2080563,2080137,426
145975041,28.5617,28.9563,426,18870,0.13913,0.01,1,2080565,2080139,426
145977961,45.7123,47.3913,424,18982,0.131826,0.09,1,2080615,2080191,424
145980881,36.3425,35.0783,426,19094,0.162365,0.07,1,2080649,2080223,426
145983801,40.0685,42.2157,423,19205,0.200473,0.13,1,2080690,2080267,423
145986721,140.014,138.043,426,19315,0.208095,0.09,1,2080855,2080429,426
145989641,136.003,134.809,427,19425,0.209619,0.15,1,2080990,2080563,427
145992561,28.8005,28.5617,427,19534,0.177924,0.15,1,2080992,2080565,427
145995481,45.7601,5.71234,477,19643,0.203585,0.13,1,2081042,2080565,477
145998401,37.152,41.1425,462,19751,0.224717,0.17,1,2081077,2080615,462
146001321,41.0304,35.4285,470,19858,0.212943,0.21,1,2081119,2080649,470
146004241,141.806,39.8857,596,19965,0.242589,0.21,1,2081286,2080690,596
146007161,134.761,139.977,564,20071,0.328518,0.21,1,2081419,2080855,564
146010081,28.5522,135.995,431,20177,0.345704,0.17,1,2081421,2080990,431
146013001,47.3105,28.7991,481,20282,0.333141,0.21,1,2081473,2080992,481
146015921,36.6621,45.7598,465,20387,0.346628,0.23,1,2081507,2081042,465
146018841,41.7324,37.152,473,20491,0.381326,0.21,1,2081550,2081077,473
146021761,144.346,41.0304,601,20595,0.436265,0.25,1,2081720,2081119,601
146024681,139.269,141.806,572,20698,0.463253,0.35,1,2081858,2081286,572
146027601,29.4539,134.761,441,20800,0.468651,0.35,1,2081860,2081419,441
146030521,45.8908,28.5522,489,20902,0.48573,0.33,1,2081910,2081421,489
146033441,37.9782,47.3105,473,21003,0.537146,0.35,1,2081946,2081473,473
146036361,9.19563,36.6621,441,21104,0.579429,0.39,1,2081948,2081507,441
146039281,37.0391,41.7324,442,21205,0.635886,0.45,1,2081992,2081550,442
146042201,143.408,144.346,442,21305,0.711177,0.47,1,2082162,2081720,442
146045121,141.482,139.269,445,21405,0.774235,0.47,2,2082303,2081858,445
146048041,29.8963,29.4539,445,21504,0.754847,0.49,2,2082305,2081860,445
146050961,47.5793,45.8908,447,21603,0.750969,0.55,2,2082357,2081910,447
146053881,42.3159,37.9782,452,21701,0.766194,0.59,2,2082398,2081946,452
146056801,10.0632,9.19563,452,21799,0.769239,0.65,2,2082400,2081948,452
146059721,38.8126,37.0391,454,21896,0.785848,0.73,2,2082446,2081992,454
146062641,145.363,143.408,456,21993,0.86917,0.79,2,2082618,2082162,456
146159001,36,29,491,24978,0.69,1,1,2084732,2084241,491
146161921,34.4,36.2,487,25063,0.61,1,1,2084766,2084279,487
146164841,31.68,28.04,492,25148,0.466,1,1,2084797,2084305,492
146167761,29.536,32.008,488,25232,0.3092,1,1,2084826,2084338,488
146170681,138.707,144.002,482,25316,0.11784,1,1,2084992,2084510,482
146173601,50.1414,47.2003,487,25400,0.047568,0.87,1,2085020,2084533,487
146176521,95.6283,115.04,462,25483,0.0175136,0.87,1,2085127,2084665,462
146179441,41.5257,23.008,490,25566,0.0275027,0.83,1,2085155,2084665,490
146182361,29.9051,29.4016,486,25649,0.0135005,0.69,1,2085182,2084696,486
146185281,26.781,34.6803,476,25732,0.0427001,0.59,1,2085208,2084732,476
146188201,27.7562,34.1361,470,25814,0.04854,0.43,1,2085236,2084766,470
146191121,27.1512,31.6272,466,25896,0.049708,0.27,1,2085263,2084797,466
146194041,128.63,29.5254,591,25978,0.0499416,0.07,1,2085417,2084826,591
146196961,44.926,138.705,449,26060,0.0499883,0.03,1,2085441,2084992,449
146199881,94.5852,50.141,528,26141,0.0339977,0.01,1,2085548,2085020,528
146202801,42.917,95.6282,451,26222,0.0627995,0.03,1,2085578,2085127,451
146205721,30.1834,41.5256,450,26303,0.10056,0.01,1,2085605,2085155,450
146208641,26.0367,29.9051,448,26384,0.092112,0.05,1,2085630,2085182,448
146211561,30.0073,26.781,453,26464,0.0744224,0.05,1,2085661,2085208,453
146214481,26.0015,27.7562,450,26544,0.0868845,0.05,1,2085686,2085236,450
146217401,130,27.1512,579,26624,0.0733769,0.05,1,2085842,2085263,579
146220321,42.8001,128.63,446,26704,0.102675,0.05,1,2085863,2085417,446
146223241,95.76,44.926,531,26783,0.0605351,0.03,1,2085972,2085441,531
146226161,43.152,94.5852,454,26862,0.068107,0.07,1,2086002,2085548,454
146229081,10.2304,42.917,426,26941,0.0696214,0.11,1,2086004,2085578,426
146232001,22.8461,30.1834,425,27020,0.133924,0.09,1,2086030,2085605,425
146234921,25.3692,26.0367,426,27098,0.146785,0.07,1,2086056,2085630,426
146237841,29.0738,30.0073,425,27176,0.117357,0.09,1,2086086,2085661,425
146240761,26.6148,26.0015,426,27254,0.111471,0.07,1,2086112,2085686,426
146243681,130.123,130,426,27332,0.158294,0.11,1,2086268,2085842,426
146246601,42.8246,42.8001,426,27409,0.199659,0.05,1,2086289,2085863,426
146249521,94.1649,95.76,424,27486,0.255932,0.07,1,2086396,2085972,424
146252441,43.633,43.152,425,27563,0.251186,0.07,1,2086427,2086002,425
146255361,10.3266,10.2304,425,27640,0.282237,0.15,1,2086429,2086004,425
146258281,24.4653,22.8461,427,27717,0.224447,0.15,1,2086457,2086030,427
146261201,25.6931,25.3692,427,27793,0.26089,0.11,1,2086483,2086056,427
146264121,29.1386,29.0738,427,27869,0.252178,0.11,1,2086513,2086086,427
146267041,26.6277,26.6148,427,27945,0.250436,0.17,1,2086539,2086112,427
146269961,132.526,130.123,430,28021,0.314087,0.21,1,2086698,2086268,430
146272881,44.9051,42.8246,432,28097,0.326817,0.27,1,2086721,2086289,432
146275801,96.981,94.1649,435,28172,0.345363,0.25,1,2086831,2086396,435
146278721,43.3962,43.633,434,28247,0.349073,0.29,1,2086861,2086427,434
146281641,10.2792,10.3266,434,28322,0.317815,0.21,1,2086863,2086429,434
146284561,22.8558,24.4653,432,28397,0.311563,0.21,1,2086889,2086457,432
146287481,25.3712,4.89306,458,28472,0.310313,0.27,1,2086915,2086457,458
146290401,29.8742,21.7786,463,28546,0.294063,0.25,1,2086946,2086483,463
146293321,26.7748,28.3557,459,28620,0.290813,0.25,1,2086972,2086513,459
146296241,135.755,26.4711,596,28694,0.402163,0.33,1,2087135,2086539,596
146299161,46.351,132.494,461,28768,0.392433,0.33,1,2087159,2086698,461
146302081,95.6702,44.8988,546,28842,0.406486,0.35,1,2087267,2086721,546
146305001,43.134,96.9798,466,28915,0.441297,0.35,1,2087297,2086831,466
146307921,10.2268,43.396,438,28988,0.448259,0.31,1,2087299,2086861,438
146310841,22.8454,10.2792,462,29061,0.465652,0.31,1,2087325,2086863,462
146313761,25.3691,22.8558,462,29134,0.48513,0.31,1,2087351,2086889,462
146316681,29.0738,25.3712,466,29207,0.505026,0.29,1,2087381,2086915,466
146319601,26.6148,29.8742,461,29279,0.509005,0.29,1,2087407,2086946,461
146322521,141.323,26.7748,605,29351,0.589801,0.43,1,2087577,2086972,605
146325441,45.8646,135.755,464,29423,0.62196,0.39,1,2087599,2087135,464
146328361,97.1729,46.351,550,29495,0.708392,0.41,1,2087709,2087159,550
146331281,44.2346,95.6702,473,29567,0.757678,0.45,2,2087740,2087267,473
146334201,10.4469,43.134,445,29639,0.767536,0.45,2,2087742,2087297,445
146337121,23.6894,10.2268,470,29710,0.785507,0.47,2,2087769,2087299,470
146340041,26.3379,22.8454,471,29781,0.805101,0.49,2,2087796,2087325,471
146342961,6.86758,25.3691,447,29852,0.80902,0.51,2,2087798,2087351,447
146345881,25.3735,29.0738,447,29923,0.809804,0.51,2,2087828,2087381,447
146348801,25.8747,26.6148,447,29994,0.809961,0.61,2,2087854,2087407,447
146503561,41,32,487,33527,0.89,0.99,2,2090411,2089924,487
146506481,38.6,28,498,33590,0.842,1,2,2090449,2089951,498
146509401,90.12,88,498,33653,0.6244,1,1,2090552,2090054,498
146512321,51.624,67.2,478,33716,0.54888,1,1,2090594,2090116,478
146515241,48.7248,41.44,491,33779,0.581776,1,1,2090642,2090151,491
146518161,31.345,30.688,490,33842,0.540355,1,1,2090669,2090179,490
146521081,22.269,23.7376,488,33904,0.500071,1,1,2090689,2090201,488
146524001,22.8538,11.9475,502,33966,0.444014,1,1,2090712,2090210,502
146526921,13.3708,35.1895,472,34028,0.576803,0.84,1,2090723,2090251,472
146529841,27.4742,33.4379,470,34090,0.539361,0.81,1,2090754,2090284,470
146532761,75.0948,75.4876,471,34152,0.483872,0.89,1,2090841,2090370,471
146535681,39.019,47.8975,460,34214,0.472774,0.89,1,2090871,2090411,460
146538601,34.2038,9.5795,493,34276,0.470555,0.83,1,2090904,2090411,493
146541521,84.4408,32.3159,552,34338,0.518111,0.57,1,2091001,2090449,552
146544441,49.6881,88.8632,490,34400,0.527622,0.53,1,2091042,2090552,490
146547361,46.7376,51.3726,494,34461,0.561524,0.59,1,2091088,2090594,494
146550281,30.9475,48.6745,473,34522,0.584305,0.53,1,2091115,2090642,473
146553201,20.5895,31.3349,464,34583,0.588861,0.49,1,2091133,2090669,464
146556121,27.3179,22.267,473,34644,0.573772,0.43,1,2091162,2090689,473
146559041,12.6636,22.8534,459,34705,0.586754,0.61,1,2091171,2090712,459
146561961,24.9327,13.3707,476,34766,0.589351,0.53,1,2091199,2090723,476
146564881,73.7865,27.4741,531,34827,0.60587,0.47,1,2091285,2090754,531
146567801,38.7573,75.0948,474,34888,0.609174,0.47,1,2091315,2090841,474
146570721,34.1515,39.019,477,34949,0.657835,0.47,1,2091348,2090871,477
146573641,86.8303,34.2038,544,35009,0.683567,0.53,1,2091448,2090904,544
146576561,50.1661,84.4408,488,35069,0.736713,0.53,1,2091489,2091001,488
146579481,48.4332,49.6881,495,35129,0.779343,0.57,2,2091537,2091042,495
146582401,32.0866,46.7376,477,35189,0.803869,0.59,2,2091565,2091088,477
146585321,20.8173,30.9475,468,35249,0.808774,0.59,2,2091583,2091115,468
146588241,26.5635,20.5895,478,35309,0.809755,0.57,2,2091611,2091133,478
146591161,13.3127,27.3179,459,35369,0.825951,0.59,2,2091621,2091162,459
146594081,25.0625,12.6636,478,35429,0.84519,0.59,2,2091649,2091171,478
146597001,74.6125,24.9327,537,35489,0.881038,0.61,2,2091736,2091199,537
146599921,39.7225,73.7865,482,35549,0.904208,0.61,2,2091767,2091285,482
146602841,35.9445,38.7573,487,35608,0.924842,0.67,2,2091802,2091315,487
146862721,32,92,518,40547,0.67,1,1,2095285,2094767,518
146865641,44,61.6,511,40599,0.638,1,1,2095332,2094821,511
146868561,36,41.92,508,40651,0.5836,1,1,2095366,2094858,508
146871481,28.8,32.384,505,40703,0.50872,0.97,1,2095393,2094888,505
146874401,33.76,30.4768,510,40755,0.493744,1,1,2095428,2094918,510
146877321,33.152,35.6954,506,40807,0.490749,1,1,2095461,2094955,506
146880241,26.6304,31.1391,501,40859,0.47415,0.98,1,2095486,2094985,501
146883161,14.1261,28.6278,484,40911,0.50283,0.91,1,2095497,2095013,484
146886081,31.6252,18.5256,504,40963,0.524566,1,1,2095533,2095029,504
146889001,33.525,30.9051,504,41015,0.528913,0.93,1,2095567,2095063,504
146891921,18.705,34.181,484,41066,0.513783,0.93,1,2095582,2095098,484
146894841,29.341,22.8362,496,41117,0.526757,0.93,1,2095614,2095118,496
146897761,81.0682,30.9672,557,41168,0.577351,0.73,1,2095708,2095151,557
146900681,38.6136,87.7934,483,41219,0.57147,0.67,1,2095736,2095253,483
146903601,47.7227,43.1587,501,41270,0.602294,0.63,1,2095786,2095285,501
146906521,30.3445,46.2317,480,41321,0.624459,0.57,1,2095812,2095332,480
146909441,26.0689,36.4463,471,41372,0.676892,0.49,1,2095837,2095366,471
146912361,34.0138,28.8893,480,41423,0.687378,0.49,1,2095873,2095393,480
146915281,33.2028,33.7779,478,41474,0.689476,0.49,1,2095906,2095428,478
146918201,25.8406,33.1556,469,41525,0.705895,0.47,1,2095930,2095461,469
146921121,6.76811,26.6311,446,41576,0.709179,0.51,1,2095932,2095486,446
146924041,8.55362,14.1262,444,41627,0.741836,0.53,1,2095941,2095497,444
146926961,33.7107,31.6252,448,41678,0.748367,0.53,1,2095981,2095533,448
146929881,33.9421,33.525,448,41729,0.781673,0.51,2,2096015,2095567,448
146932801,17.9884,18.705,447,41780,0.820335,0.53,2,2096029,2095582,447
146935721,29.9977,29.341,448,41831,0.812067,0.59,2,2096062,2095614,448
146938641,83.5995,81.0682,451,41881,0.826413,0.57,2,2096159,2095708,451
146941561,39.9199,38.6136,452,41931,0.829283,0.61,2,2096188,2095736,452
146944481,47.984,47.7227,452,41981,0.829857,0.63,2,2096238,2095786,452
146947401,32.7968,30.3445,455,42031,0.813971,0.69,2,2096267,2095812,455
146950321,25.7594,26.0689,454,42081,0.810794,0.69,2,2096291,2095837,454
146953241,35.5519,34.0138,456,42131,0.858159,0.69,2,2096329,2095873,456
146956161,33.5104,33.2028,456,42181,0.867632,0.71,2,2096362,2095906,456
146959081,27.5021,25.8406,458,42231,0.885526,0.71,2,2096388,2095930,458
146962001,7.10041,6.76811,458,42281,0.889105,0.75,2,2096390,2095932,458
146964921,9.42008,8.55362,459,42331,0.857821,0.75,2,2096400,2095941,459
146967841,33.884,33.7107,459,42381,0.899564,0.79,2,2096440,2095981,459
146970761,35.5768,33.9421,461,42431,0.875913,0.83,2,2096476,2096015,461
146973681,18.3154,17.9884,461,42481,0.839183,0.81,2,2096490,2096029,461
146976601,30.8631,29.9977,462,42531,0.879837,0.83,2,2096524,2096062,462
146979521,85.3726,83.5995,464,42581,0.903967,0.83,2,2096623,2096159,464
146982441,39.4745,39.9199,463,42631,0.924793,0.83,2,2096651,2096188,463
147183921,78,35,508,20544,0.19,0.79,1,2099119,2098611,508
147186841,80.4,75.8,503,20647,0.238,0.65,1,2099200,2098697,503
147189761,64.08,79.96,482,20750,0.2476,0.47,1,2099260,2098778,482
147192681,32.816,56.792,456,20852,0.29752,0.45,1,2099285,2098829,456
147195601,26.5632,34.5584,452,20954,0.291504,0.33,1,2099310,2098858,452
147198521,44.5126,22.1117,482,21055,0.306301,0.25,1,2099359,2098877,482
147201441,100.103,96.4223,481,21156,0.34126,0.19,1,2099473,2098992,481
147204361,81.6205,120.884,431,21256,0.444252,0.25,1,2099550,2099119,431
147207281,85.1241,88.9769,436,21356,0.49685,0.25,1,2099636,2099200,436
147210201,65.0248,65.7954,436,21455,0.52337,0.31,1,2099696,2099260,436
147213121,33.805,33.1591,437,21554,0.560674,0.29,1,2099722,2099285,437
147216041,24.361,26.6318,434,21652,0.536135,0.31,1,2099744,2099310,434
147218961,46.4722,44.5264,437,21750,0.531227,0.35,1,2099796,2099359,437
147221881,103.694,100.105,441,21848,0.610245,0.47,1,2099914,2099473,441
147224801,84.7389,81.6211,444,21945,0.690049,0.51,1,2099994,2099550,444
147227721,86.5478,85.1242,445,22042,0.73801,0.53,1,2100081,2099636,445
147230641,67.7096,65.0248,448,22138,0.715602,0.57,1,2100144,2099696,448
147233561,34.3419,33.805,448,22234,0.69512,0.53,1,2100170,2099722,448
147236481,24.4684,24.361,448,22329,0.723024,0.53,1,2100192,2099744,448
147239401,46.4937,46.4722,448,22424,0.696605,0.63,1,2100244,2099796,448
147242321,107.699,103.694,453,22519,0.739321,0.63,1,2100367,2099914,453
147245241,86.3397,20.7389,534,22613,0.763864,0.71,2,2100448,2099914,534
147248161,88.468,68.1478,543,22707,0.816773,0.75,2,2100537,2099994,543
147251081,66.4936,83.2296,517,22800,0.843355,0.71,2,2100598,2100081,517
147254001,34.8987,67.0459,481,22893,0.896671,0.69,2,2100625,2100144,481
147256921,24.5797,34.2092,477,22986,0.907334,0.73,2,2100647,2100170,477
147259841,46.516,24.4418,507,23078,0.909467,0.69,2,2100699,2100192,507
147262761,108.503,46.4884,579,23170,0.893893,0.75,2,2100823,2100244,579
147265681,88.9006,107.698,540,23261,0.922779,0.77,2,2100907,2100367,540
147347441,34,39,512,25689,0.84,1,2,2102570,2102058,512
147350361,30.8,31.8,512,25771,0.792,1,2,2102600,2102088,512
147353281,108.56,47.16,589,25853,0.4864,1,1,2102728,2102139,589
147356201,85.712,110.232,543,25935,0.26528,1,1,2102808,2102265,543
147359121,95.5424,82.0464,566,26017,0.077056,1,1,2102906,2102340,566
147362041,47.9085,88.4093,512,26098,0.0394112,1,1,2102942,2102430,512
147364961,37.5817,52.0819,504,26179,0.0318822,0.96,1,2102977,2102473,504
147367881,30.7163,36.0164,501,26260,0.0303764,0.96,1,2103006,2102505,501
147370801,31.7433,32.0033,502,26341,0.0140753,0.84,1,2103038,2102536,502
147373721,30.3487,33.6007,498,26421,0.0428151,0.78,1,2103068,2102570,498
147376641,83.6697,30.7201,565,26501,0.128563,0.41,1,2103165,2102600,565
147379561,70.3339,108.544,504,26581,0.129713,0.21,1,2103232,2102728,504
147382481,93.2668,85.7088,523,26661,0.0819425,0.03,1,2103331,2102808,523
147385401,46.6534,95.5418,460,26740,0.0563885,0.03,1,2103366,2102906,460
147388321,36.5307,47.9084,458,26819,0.0192777,0.03,1,2103400,2102942,458
147391241,33.7061,37.5817,456,26898,0.0278555,0.03,1,2103433,2102977,456
147394161,8.34123,30.7163,429,26977,0.0295711,0.01,1,2103435,2103006,429
147397081,22.4682,31.7433,423,27056,0.0459142,0.05,1,2103461,2103038,423
147400001,30.0936,30.3487,425,27134,0.0331828,0.15,1,2103493,2103068,425
147402921,86.8187,83.6697,429,27212,0.0946366,0.13,1,2103594,2103165,429
147405841,71.7637,70.3339,430,27290,0.106927,0.07,1,2103662,2103232,430
147408761,89.5528,93.2668,425,27368,0.0933855,0.05,1,2103756,2103331,425
147411681,45.1106,46.6534,424,27445,0.122677,0.01,1,2103790,2103366,424
147414601,35.4221,36.5307,423,27522,0.0965354,0.03,1,2103823,2103400,423
147417521,33.4844,33.7061,423,27599,0.0433071,0.03,1,2103856,2103433,423
147420441,8.29688,8.34123,423,27676,0.0326614,0.05,1,2103858,2103435,423
147423361,21.6594,22.4682,422,27753,0.0625323,0.03,1,2103883,2103461,422
147426281,31.5319,30.0936,424,27829,0.0685065,0.11,1,2103917,2103493,424
147429201,89.5064,86.8187,427,27905,0.0697013,0.11,1,2104021,2103594,427
147432121,72.3013,71.7637,427,27981,0.10194,0.09,1,2104089,2103662,427
147435041,88.8603,89.5528,426,28057,0.108388,0.13,1,2104182,2103756,426
147437961,44.9721,45.1106,426,28132,0.0776776,0.09,1,2104216,2103790,426
147440881,35.3944,35.4221,426,28207,0.0875355,0.03,1,2104249,2103823,426
147443801,31.0789,33.4844,423,28282,0.0895071,0.03,1,2104279,2103856,423
147446721,7.81578,8.29688,423,28357,0.0899014,0.03,1,2104281,2103858,423
147449641,22.3632,1.65938,449,28432,0.10598,0.07,1,2104307,2103858,449
147452561,30.0726,20.3319,456,28506,0.141196,0.07,1,2104339,2103883,456
147455481,90.8145,31.2664,528,28580,0.228239,0.07,1,2104445,2103917,528
147458401,72.5629,89.4533,492,28654,0.261648,0.11,1,2104513,2104021,492
147461321,90.5126,72.2907,519,28728,0.26833,0.11,1,2104608,2104089,519
147464241,43.7025,88.8581,458,28802,0.269666,0.07,1,2104640,2104182,458
147467161,35.9405,44.9716,458,28876,0.285933,0.09,1,2104674,2104216,458
147470081,31.1881,35.3943,455,28949,0.289187,0.09,1,2104704,2104249,455
147473001,7.83762,31.0789,427,29022,0.289837,0.09,1,2104706,2104279,427
147475921,23.1675,7.81577,452,29095,0.273967,0.11,1,2104733,2104281,452
147478841,31.8335,22.3632,460,29168,0.286794,0.15,1,2104767,2104307,460
147481761,95.1667,30.0726,539,29241,0.353359,0.25,1,2104878,2104339,539
147484681,75.0333,90.8145,503,29313,0.398672,0.27,1,2104948,2104445,503
147487601,90.2067,72.5629,529,29385,0.439734,0.27,1,2105042,2104513,529
147490521,44.4413,90.5126,467,29457,0.511947,0.27,1,2105075,2104608,467
147493441,36.0883,43.7025,469,29529,0.526389,0.29,1,2105109,2104640,469
147496361,31.2177,35.9405,465,29601,0.529278,0.29,1,2105139,2104674,465
147499281,7.84353,31.1881,437,29673,0.529856,0.29,1,2105141,2104704,437
147502201,23.1687,7.83762,462,29744,0.513971,0.27,1,2105168,2104706,462
147505121,31.8337,23.1675,469,29815,0.526794,0.29,1,2105202,2104733,469
147508041,7.96675,31.8335,437,29886,0.529359,0.37,1,2105204,2104767,437
147510961,93.5933,95.1667,441,29957,0.561872,0.41,1,2105319,2104878,441
147513881,77.1187,75.0333,444,30028,0.584374,0.45,1,2105392,2104948,444
147516801,92.2237,90.2067,446,30098,0.668875,0.53,1,2105488,2105042,446
147519721,46.4447,44.4413,448,30168,0.685775,0.53,1,2105523,2105075,448
147522641,36.4889,36.0883,448,30238,0.721155,0.53,1,2105557,2105109,448
147525561,31.2978,31.2177,448,30308,0.696231,0.53,1,2105587,2105139,448
147528481,7.85956,7.84353,448,30378,0.691246,0.51,1,2105589,2105141,448
147531401,22.3719,23.1687,447,30448,0.706249,0.53,1,2105615,2105168,447
147534321,32.4744,31.8337,448,30518,0.72525,0.53,1,2105650,2105202,448
147537241,8.09488,7.96675,448,30587,0.72905,0.57,1,2105652,2105204,448
147540161,94.419,93.5933,449,30656,0.80981,0.59,2,2105768,2105319,449
147543081,79.6838,77.1187,452,30725,0.873962,0.69,2,2105844,2105392,452
147546001,95.1368,92.2237,455,30794,0.902792,0.69,2,2105943,2105488,455
147548921,47.8274,46.4447,456,30863,0.876558,0.73,2,2105979,2105523,456
147551841,36.7655,36.4889,456,30932,0.903312,0.69,2,2106013,2105557,456
147554761,32.1531,31.2978,457,31000,0.924662,0.69,2,2106044,2105587,457
147557681,8.03062,7.85956,457,31068,0.928932,0.71,2,2106046,2105589,457
147560601,22.4061,22.3719,457,31136,0.929787,0.73,2,2106072,2105615,457
147563521,33.2812,32.4744,458,31204,0.945957,0.73,2,2106108,2105650,458
147566441,8.25624,8.09488,458,31272,0.949191,0.83,2,2106110,2105652,458
147718281,30,28,513,34615,0.79,1,2,2108541,2108028,513
147721201,25.2,16.8,523,34676,0.806,1,2,2108565,2108042,523
147724121,37.04,12.16,552,34737,0.7772,1,2,2108605,2108053,552
147727041,77.808,56.032,573,34798,0.61144,1,1,2108693,2108120,573
147729961,47.5616,87.2064,518,34859,0.578288,1,1,2108733,2108215,518
147732881,73.5123,55.0413,551,34920,0.571658,1,1,2108813,2108262,551
147735801,38.7025,68.6083,509,34981,0.570332,1,1,2108843,2108334,509
147738721,26.9405,44.9217,494,35041,0.602066,1,1,2108867,2108373,494
147741641,35.7881,28.1843,508,35101,0.560413,0.98,1,2108905,2108397,508
147744561,43.1576,36.0369,515,35161,0.536083,0.93,1,2108950,2108435,515
147747481,27.8315,46.4074,490,35221,0.499217,0.91,1,2108974,2108484,490
147750401,28.7663,30.8815,492,35281,0.507843,0.79,1,2109003,2108511,492
147753321,21.7533,30.1763,482,35341,0.541569,0.81,1,2109023,2108541,482
147756241,33.9507,25.2353,495,35401,0.548314,0.77,1,2109060,2108565,495
147759161,72.3901,37.0471,537,35461,0.597663,0.57,1,2109142,2108605,537
147762081,47.278,77.8094,490,35521,0.559533,0.57,1,2109183,2108693,490
147765001,69.4556,47.5619,525,35581,0.599907,0.57,1,2109258,2108733,525
147767921,38.6911,73.5124,476,35640,0.623981,0.57,1,2109289,2108813,476
147770841,9.33822,38.7025,448,35699,0.644796,0.61,1,2109291,2108843,448
147773761,22.6676,26.9405,450,35758,0.664959,0.55,1,2109317,2108867,450
147776681,32.5335,35.7881,447,35817,0.668992,0.53,1,2109352,2108905,447
147779601,41.7067,43.1576,446,35876,0.749798,0.49,1,2109396,2108950,446
147782521,27.5413,27.8315,446,35935,0.78196,0.51,2,2109420,2108974,446
147785441,29.5083,28.7663,447,35994,0.756392,0.55,2,2109450,2109003,447
147788361,21.9017,21.7533,447,36053,0.799278,0.55,2,2109470,2109023,447
147791281,35.5803,33.9507,449,36112,0.791856,0.61,2,2109509,2109060,449
147794201,73.5161,72.3901,450,36171,0.806371,0.55,2,2109592,2109142,450
147797121,48.3032,47.278,451,36229,0.793274,0.61,2,2109634,2109183,451
147800041,70.4606,69.4556,452,36287,0.822655,0.63,2,2109710,2109258,452
147802961,40.4921,38.6911,454,36345,0.860531,0.65,2,2109743,2109289,454
147805881,9.69842,9.33822,454,36403,0.836106,0.67,2,2109745,2109291,454
147808801,23.5397,22.6676,455,36461,0.863221,0.67,2,2109772,2109317,455
148001521,39,30,513,40107,0.79,1,2,2112334,2111821,513
148004441,35,6,547,40160,0.79,1,2,2112368,2111821,547
148007361,32.6,15.6,561,40213,0.758,1,2,2112400,2111839,561
148008821,35.32,29.52,564,40266,0.8316,1,2,2112436,2111872,564
148051161,408.664,488.304,463,17520,0.19032,0.47,1,2112938,2112475,463
148054081,180.133,185.661,476,18366,0.078064,0.23,1,2113061,2112585,476
148057001,100.027,109.932,465,18482,0.0556128,0.15,1,2113141,2112676,465
148059921,52.8053,69.9864,446,18597,0.0511226,0.07,1,2113182,2112736,446
148062841,65.7611,61.1973,456,18711,0.0662245,0.03,1,2113251,2112795,456
148065761,67.5522,93.0395,423,18824,0.0532449,0.07,1,2113319,2112896,423
148068681,45.5104,34.6079,443,18937,0.050649,0.05,1,2113359,2112916,443
148071601,109.902,122.922,424,19049,0.0501298,0.05,1,2113485,2113061,424
148074521,86.7804,88.5843,425,19160,0.050026,0.05,1,2113566,2113141,425
148077441,49.3561,50.5169,424,19271,0.0660052,0.07,1,2113606,2113182,424
148080361,64.2712,65.3034,423,19381,0.085201,0.05,1,2113674,2113251,423
148083281,68.0542,67.4607,424,19490,0.0570402,0.05,1,2113743,2113319,424
148086201,45.6108,45.4921,424,19599,0.099408,0.05,1,2113783,2113359,424
148089121,107.522,9.09843,547,19707,0.155882,0.05,1,2113906,2113359,547
148092041,86.3044,102.62,502,19815,0.215176,0.05,1,2113987,2113485,502
148094961,50.8609,85.3239,463,19922,0.259035,0.07,1,2114029,2113566,463
148097881,64.5722,49.0648,491,20028,0.219807,0.09,1,2114097,2113606,491
148100801,67.3144,64.213,491,20134,0.0999614,0.05,1,2114165,2113674,491
148103721,48.6629,68.0426,466,20239,0.0439923,0.11,1,2114209,2113743,466
148106641,110.533,45.6085,552,20344,0.128798,0.17,1,2114335,2113783,552
148109561,89.3065,107.522,513,20448,0.22576,0.23,1,2114419,2113906,513
148112481,51.4613,86.3043,474,20552,0.245152,0.27,1,2114461,2113987,474
148115401,63.8923,50.8609,499,20655,0.28103,0.21,1,2114528,2114029,499
148118321,59.9785,64.5722,490,20758,0.320206,0.07,1,2114587,2114097,490
148121241,48.7957,67.3144,468,20860,0.344041,0.03,1,2114633,2114165,468
148124161,113.759,48.6629,554,20962,0.300808,0.15,1,2114763,2114209,554
148127081,24.3518,110.533,430,21063,0.292162,0.25,1,2114765,2114335,430
148130001,75.2704,89.3065,434,21164,0.370432,0.25,1,2114853,2114419,434
148132921,48.6541,51.4613,434,21264,0.370086,0.29,1,2114895,2114461,434
148135841,64.9308,63.8923,436,21364,0.386017,0.33,1,2114964,2114528,436
148138761,61.7862,59.9785,438,21463,0.405203,0.35,1,2115025,2114587,438
148141681,48.3572,48.7957,437,21562,0.489041,0.29,1,2115070,2114633,437
148144601,112.871,113.759,436,21660,0.601808,0.29,1,2115199,2114763,436
148147521,24.1743,24.3518,436,21758,0.624362,0.39,1,2115201,2114765,436
148150441,78.4349,75.2704,440,21855,0.628872,0.37,1,2115293,2114853,440
148153361,49.287,48.6541,440,21952,0.645774,0.39,1,2115335,2114895,440
148156281,64.2574,64.9308,439,22049,0.665155,0.41,1,2115403,2114964,439
148159201,64.0515,61.7862,442,22145,0.733031,0.51,1,2115467,2115025,442
148162121,51.2103,48.3572,445,22241,0.698606,0.63,1,2115515,2115070,445
148165041,119.042,112.871,452,22336,0.835721,0.63,2,2115651,2115199,452
148167961,25.4084,24.1743,452,22431,0.863144,0.63,2,2115653,2115201,452
148170881,77.8817,78.4349,451,22526,0.900629,0.63,2,2115744,2115293,451
148173801,49.9763,15.687,494,22620,0.924126,0.65,2,2115787,2115293,494
148176721,64.3953,36.7374,520,22714,0.912825,0.67,2,2115855,2115335,520
148270161,34,0,533,25530,0.75,1,2,2117835,2117302,533
148273081,41.2,48,516,25613,0.622,1,1,2117878,2117362,516
148276001,135.44,43.2,633,25696,0.1244,1,1,2118037,2117404,633
148278921,55.888,131.04,516,25778,0.02488,1,1,2118073,2117557,516
148281841,62.3776,48.608,552,25860,0.028976,1,1,2118137,2117585,552
148284761,34.0755,63.3216,512,25942,0.0457952,1,1,2118164,2117652,512
148287681,59.6151,47.0643,535,26024,0.033159,0.81,1,2118230,2117695,535
148290601,39.123,61.4129,504,26105,0.0306318,0.86,1,2118264,2117760,504
148293521,29.4246,45.0826,490,26186,0.0621264,0.75,1,2118291,2117801,490
148296441,37.8849,36.2165,496,26267,0.100425,0.59,1,2118331,2117835,496
148299361,112.377,41.6433,584,26348,0.0440851,0,1,2118462,2117878,584
148302281,49.6754,135.529,459,26428,0.032817,0,1,2118496,2118037,459
148305201,59.5351,55.9057,485,26508,0.0065634,0.03,1,2118558,2118073,485
148308121,33.507,62.3811,448,26588,0.0253127,0.05,1,2118585,2118137,448
148311041,61.1014,34.0762,489,26668,0.0770625,0.03,1,2118653,2118164,489
148313961,39.4203,59.6152,457,26747,0.0714125,0.03,1,2118687,2118230,457
148316881,31.8841,39.123,453,26826,0.0702825,0.07,1,2118717,2118264,453
148319801,39.1768,29.4246,467,26905,0.102057,0.11,1,2118758,2118291,467
148322721,9.43536,37.8849,429,26984,0.140411,0.03,1,2118760,2118331,429
148325641,103.487,112.377,425,27062,0.180082,0.03,1,2118887,2118462,425
148328561,47.0974,49.6754,424,27140,0.172016,0,1,2118920,2118496,424
148331481,57.4195,59.5351,422,27218,0.186403,0.03,1,2118980,2118558,422
148334401,35.4839,33.507,425,27296,0.125281,0.09,1,2119010,2118585,425
148337321,62.2968,61.1014,426,27374,0.129056,0.07,1,2119079,2118653,426
148340241,38.8594,39.4203,425,27451,0.161811,0.07,1,2119112,2118687,425
148343161,32.5719,31.8841,426,27528,0.216362,0.11,1,2119143,2118717,426
148346081,41.7144,39.1768,429,27605,0.195272,0.15,1,2119187,2118758,429
148349001,9.94287,9.43536,429,27682,0.191054,0.19,1,2119189,2118760,429
148351921,105.189,103.487,431,27759,0.238211,0.17,1,2119318,2118887,431
148354841,46.6377,47.0974,430,27835,0.215642,0.19,1,2119350,2118920,430
148357761,56.5275,57.4195,429,27911,0.259128,0.11,1,2119409,2118980,429
148360681,33.7055,35.4839,427,27987,0.283826,0.13,1,2119437,2119010,427
148363601,63.5411,62.2968,429,28063,0.288765,0.17,1,2119508,2119079,429
148366521,39.9082,38.8594,430,28138,0.321753,0.23,1,2119542,2119112,430
148369441,33.5816,32.5719,431,28213,0.360351,0.19,1,2119574,2119143,431
148372361,41.9163,41.7144,431,28288,0.33607,0.19,1,2119618,2119187,431
148375281,9.98327,9.94287,431,28363,0.331214,0.19,1,2119620,2119189,431
148378201,105.197,1.98857,560,28438,0.362243,0.25,1,2119749,2119189,560
148381121,46.6393,103.598,463,28512,0.368449,0.21,1,2119781,2119318,463
148384041,57.3279,46.3195,491,28586,0.33769,0.27,1,2119841,2119350,491
148386961,34.6656,56.4639,461,28660,0.347538,0.29,1,2119870,2119409,461
148389881,64.5331,33.6928,505,28734,0.413508,0.29,1,2119942,2119437,505
148392801,40.9066,63.5386,469,28808,0.410702,0.33,1,2119977,2119508,469
148395721,35.3813,39.9077,469,28881,0.42614,0.37,1,2120011,2119542,469
148398641,42.2763,33.5815,481,28954,0.429228,0.33,1,2120055,2119574,481
148401561,10.0553,41.9163,439,29027,0.429846,0.33,1,2120057,2119618,439
148404481,106.811,9.98326,568,29100,0.525969,0.37,1,2120188,2119620,568
148407401,46.9622,105.197,471,29173,0.545194,0.37,1,2120220,2119749,471
148410321,55.7924,46.6393,497,29246,0.565039,0.33,1,2120278,2119781,497
148413241,35.1585,57.3279,467,29318,0.585008,0.35,1,2120308,2119841,467
148416161,67.8317,34.6656,514,29390,0.589002,0.43,1,2120384,2119870,514
148419081,40.7663,64.5331,476,29462,0.6218,0.41,1,2120418,2119942,476
148422001,36.1533,40.9066,476,29534,0.62836,0.43,1,2120453,2119977,476
148424921,42.4307,35.3813,486,29606,0.661672,0.43,1,2120497,2120011,486
148427841,10.0861,42.2763,444,29677,0.668334,0.43,1,2120499,2120055,444
148430761,111.617,10.0553,579,29748,0.749667,0.55,1,2120636,2120057,579
148433681,47.9234,106.811,480,29819,0.781933,0.55,2,2120668,2120188,480
148436601,11.1847,46.9622,450,29890,0.788387,0.57,2,2120670,2120220,450
148439521,48.6369,55.7924,450,29961,0.821677,0.59,2,2120728,2120278,450
148442441,34.5274,35.1585,451,30032,0.812335,0.59,2,2120759,2120308,451
148445361,68.5055,67.8317,452,30102,0.858467,0.63,2,2120836,2120384,452
148448281,42.5011,40.7663,454,30172,0.883693,0.63,2,2120872,2120418,454
148451201,35.7002,36.1533,453,30242,0.856739,0.67,2,2120906,2120453,453
148454121,43.94,42.4307,455,30312,0.899348,0.67,2,2120952,2120497,455
148457041,10.388,10.0861,455,30382,0.90787,0.77,2,2120954,2120499,455
148579681,133,124,503,33181,0.61,1,1,2123014,2122511,503
148582601,56.2,56.8,500,33245,0.626,1,1,2123051,2122551,500
148585521,39.24,31.36,510,33309,0.5812,1,1,2123086,2122576,510
148588441,27.848,35.072,499,33372,0.57224,1,1,2123111,2122612,499
148591361,31.1696,35.0144,496,33435,0.538448,1,1,2123143,2122647,496
148594281,35.0339,27.8029,506,33498,0.46769,1,1,2123179,2122673,506
148597201,26.2068,44.7606,481,33561,0.437538,1,1,2123203,2122722,481
148600121,45.2414,40.9521,491,33624,0.351508,1,1,2123253,2122762,491
148603041,37.0483,37.7904,489,33687,0.318302,0.91,1,2123288,2122799,489
148605961,34.6097,43.5581,478,33750,0.35966,0.82,1,2123322,2122844,478
148608881,26.9219,38.3116,466,33813,0.367932,0.61,1,2123347,2122881,466
148611801,98.9844,114.062,450,33876,0.417586,0.63,1,2123464,2123014,450
148614721,47.7969,52.4125,448,33938,0.427517,0.57,1,2123499,2123051,448
148617641,39.1594,38.4825,450,34000,0.429503,0.57,1,2123536,2123086,450
148620561,27.0319,27.6965,449,34062,0.397901,0.53,1,2123560,2123111,449
148623481,29.4064,31.1393,447,34124,0.40758,0.45,1,2123590,2123143,447
148626401,32.2813,35.0279,444,34186,0.409516,0.43,1,2123623,2123179,444
148629321,25.6563,26.2056,444,34248,0.441903,0.43,1,2123647,2123203,444
148632241,43.5313,5.24111,492,34310,0.400381,0.33,1,2123695,2123203,492
148635161,34.3063,41.0482,474,34372,0.392076,0.31,1,2123727,2123253,474
148638081,33.2612,36.2096,472,34434,0.422415,0.37,1,2123760,2123288,472
148641001,27.4523,34.4419,464,34495,0.460483,0.37,1,2123786,2123322,464
148643921,102.29,26.8884,560,34556,0.420097,0.43,1,2123907,2123347,560
148646841,47.6581,98.9777,477,34617,0.444019,0.43,1,2123941,2123464,477
148649761,38.3316,47.7955,478,34678,0.464804,0.43,1,2123977,2123499,478
148652681,27.6663,39.1591,466,34739,0.452961,0.39,1,2124002,2123536,466
148655601,27.1333,27.0318,469,34800,0.450592,0.41,1,2124029,2123560,469
148658521,33.4267,29.4064,474,34861,0.530118,0.41,1,2124064,2123590,474
148661441,25.8853,32.2813,465,34922,0.562024,0.45,1,2124088,2123623,465
148664361,42.7771,25.6563,488,34983,0.584405,0.39,1,2124135,2123647,488
148667281,35.7554,43.5313,474,35043,0.604881,0.39,1,2124169,2123695,474
148670201,31.9511,34.3063,473,35103,0.624976,0.43,1,2124200,2123727,473
148673121,30.3902,33.2612,470,35163,0.660995,0.47,1,2124230,2123760,470
148676041,102.078,27.4523,564,35223,0.700199,0.41,1,2124350,2123786,564
148678961,48.4156,102.29,478,35283,0.70804,0.45,1,2124385,2123907,478
148681881,38.4831,47.6581,480,35343,0.725608,0.47,1,2124421,2123941,480
148684801,26.8966,38.3316,468,35403,0.729122,0.45,1,2124445,2123977,468
148687721,29.3793,27.6663,473,35463,0.729824,0.45,1,2124475,2124002,473
148690641,35.4759,27.1333,483,35523,0.777965,0.55,2,2124512,2124029,483
148693561,27.0952,33.4267,473,35583,0.803593,0.57,2,2124537,2124064,473
148696481,43.819,25.8853,497,35642,0.856719,0.59,2,2124585,2124088,497
148699401,10.3638,42.7771,452,35701,0.867344,0.61,2,2124587,2124135,452
148702321,29.2728,35.7554,452,35760,0.869469,0.63,2,2124621,2124169,452
148705241,31.4546,31.9511,453,35819,0.901894,0.67,2,2124653,2124200,453
148708161,31.8909,30.3902,455,35878,0.892379,0.71,2,2124685,2124230,455
148897961,51,66,477,39525,0.61,1,1,2127277,2126800,477
148900881,48.6,42.8,488,39578,0.514,1,1,2127325,2126837,488
148903801,39.32,34.96,492,39631,0.3828,1,1,2127362,2126870,492
148906721,32.664,32.592,491,39684,0.35656,0.98,1,2127393,2126902,491
148909641,35.3328,34.5184,492,39737,0.271312,1,1,2127429,2126937,492
148912561,31.8666,34.1037,489,39790,0.206262,1,1,2127460,2126971,489
148915481,31.9733,31.6207,490,39843,0.177252,1,1,2127492,2127002,490
148918401,24.7947,28.7241,485,39896,0.21945,0.92,1,2127515,2127030,485
148921321,27.3589,32.1448,480,39949,0.19589,0.83,1,2127543,2127063,480
148924241,28.6718,28.829,481,40002,0.175178,0.95,1,2127572,2127091,481
148927161,14.5344,27.3658,465,40055,0.139036,0.74,1,2127583,2127118,465
148930081,55.7069,67.0732,454,40108,0.147807,0.74,1,2127649,2127195,454
148933001,34.3414,13.4146,483,40161,0.149561,0.77,1,2127678,2127195,483
148935921,44.4683,27.4829,499,40214,0.133912,0.61,1,2127725,2127226,499
148938841,40.8937,46.2966,488,40267,0.0987825,0.49,1,2127765,2127277,488
148941761,32.9787,47.6593,471,40319,0.155756,0.35,1,2127796,2127325,471
148944681,29.7957,39.1319,463,40371,0.135151,0.35,1,2127825,2127362,463
148947601,34.7592,32.6264,468,40423,0.21103,0.25,1,2127861,2127393,468
148950521,30.1518,35.3253,461,40475,0.242206,0.19,1,2127890,2127429,461
148953441,32.4304,31.8651,463,40527,0.248441,0.17,1,2127923,2127460,463
148956361,23.2861,31.973,452,40579,0.281688,0.23,1,2127944,2127492,452
148959281,24.6572,24.7946,454,40631,0.272338,0.19,1,2127969,2127515,454
148962201,28.1314,27.3589,455,40683,0.270468,0.17,1,2127998,2127543,455
148965121,14.4263,28.6718,437,40735,0.270094,0.13,1,2128009,2127572,437
148968041,56.4853,14.5344,493,40787,0.302019,0.15,1,2128076,2127583,493
148970961,35.2971,55.7069,457,40839,0.340404,0.15,1,2128106,2127649,457
148973881,45.4594,34.3414,476,40891,0.364081,0.13,1,2128154,2127678,476
148976801,40.2919,44.4683,468,40943,0.352816,0.09,1,2128193,2127725,468
148979721,33.6584,40.8937,460,40995,0.350563,0.17,1,2128225,2127765,460
148982641,30.7317,32.9787,459,41046,0.382113,0.13,1,2128255,2127796,459
148985561,35.7463,29.7957,467,41097,0.388423,0.23,1,2128292,2127825,467
148988481,31.1493,34.7592,461,41148,0.437685,0.25,1,2128322,2127861,461
148991401,31.8299,30.1518,464,41199,0.479537,0.25,1,2128354,2127890,464
148994321,24.766,32.4304,454,41250,0.503907,0.29,1,2128377,2127923,454
148997241,25.7532,23.2861,459,41301,0.508781,0.27,1,2128403,2127944,459
149000161,27.5506,24.6572,462,41352,0.509756,0.27,1,2128431,2127969,462
149003081,15.1101,28.1314,445,41403,0.541951,0.27,1,2128443,2127998,445
149006001,59.822,14.4263,505,41454,0.61239,0.31,1,2128514,2128009,505
149008921,35.9644,56.4853,468,41505,0.658478,0.35,1,2128544,2128076,468
149011841,8.79288,35.2971,440,41556,0.667696,0.37,1,2128546,2128106,440
149014761,40.1586,45.4594,440,41607,0.669539,0.35,1,2128594,2128154,440
149017681,38.4317,40.2919,439,41658,0.669908,0.35,1,2128632,2128193,439
149020601,33.2863,33.6584,439,41709,0.669982,0.39,1,2128664,2128225,439
149023521,32.2573,30.7317,441,41760,0.685996,0.39,1,2128696,2128255,441
149026441,37.6515,35.7463,443,41811,0.753199,0.45,2,2128735,2128292,443
149029361,33.9303,31.1493,446,41861,0.75064,0.49,2,2128768,2128322,446
149032281,32.3861,31.8299,446,41911,0.798128,0.51,2,2128800,2128354,446
149035201,25.6772,24.766,447,41961,0.807626,0.51,2,2128824,2128377,447
149038121,25.9354,25.7532,447,42011,0.809525,0.51,2,2128850,2128403,447
149041041,29.1871,27.5506,449,42061,0.809905,0.55,2,2128880,2128431,449
149043961,15.4374,15.1101,449,42111,0.841981,0.63,2,2128892,2128443,449
149046881,64.6875,59.822,455,42161,0.928396,0.67,2,2128969,2128514,455
149093601,2,2,469,42955,0.93,0.97,2,2129470,2129001,469
149248361,28,29,488,45487,0.75,1,2,2131229,2130741,488
149251281,27.2,26.6,489,45533,0.718,1,1,2131256,2130767,489
149254201,29.44,20.52,500,45579,0.6156,1,1,2131286,2130786,500
149257121,53.088,58.504,491,45625,0.48312,1,1,2131345,2130854,491
149260041,38.6176,39.7008,491,45671,0.312624,1,1,2131380,2130889,491
149262961,31.7235,25.5402,499,45717,0.278525,1,1,2131410,2130911,499
149265881,23.1447,32.308,486,45763,0.287705,1,1,2131431,2130945,486
149268801,40.6289,33.6616,497,45809,0.209541,1,1,2131476,2130979,497
149271721,32.1258,37.9323,488,45855,0.209908,1,1,2131506,2131018,488
149274641,20.8252,29.1865,479,45901,0.193982,0.94,1,2131524,2131045,479
149277561,28.965,33.8373,475,45947,0.190796,0.94,1,2131555,2131080,475
149280481,24.993,6.76746,499,45993,0.206159,1,1,2131579,2131080,499
149283401,24.9986,22.9535,497,46039,0.145232,1,1,2131604,2131107,497
149286321,30.5997,26.1907,502,46085,0.117046,0.88,1,2131636,2131134,502
149289241,30.1199,34.0381,496,46131,0.0794093,0.75,1,2131666,2131170,496
149292161,24.424,31.6076,488,46177,0.0558819,0.75,1,2131689,2131201,488
149295081,23.2848,28.7215,483,46223,0.0191764,0.71,1,2131712,2131229,483
149298001,26.257,27.3443,483,46269,0.0598353,0.59,1,2131739,2131256,483
149300921,42.0514,29.4689,499,46315,0.0519671,0.45,1,2131785,2131286,499
149303841,31.6103,53.0938,469,46361,0.0663934,0.27,1,2131814,2131345,469
149306761,28.7221,38.6188,462,46406,0.0532787,0.27,1,2131842,2131380,462
149309681,22.5444,31.7238,453,46451,0.0826557,0.29,1,2131863,2131410,453
149312601,36.5089,23.1448,472,46496,0.0565311,0.19,1,2131903,2131431,472
149315521,31.3018,40.6289,457,46541,0.0833062,0.21,1,2131933,2131476,457
149318441,22.2604,32.1258,447,46586,0.104661,0.19,1,2131953,2131506,447
149321361,29.2521,20.8252,460,46631,0.140932,0.19,1,2131984,2131524,460
149324281,24.2504,28.965,452,46676,0.196186,0.21,1,2132007,2131555,452
149327201,24.8501,24.993,453,46721,0.159237,0.13,1,2132032,2131579,453
149330121,28.17,24.9986,457,46766,0.231847,0.11,1,2132061,2131604,457
149333041,28.034,30.5997,453,46811,0.18237,0.07,1,2132089,2131636,453
149335961,24.0068,30.1199,446,46856,0.220474,0.05,1,2132112,2131666,446
149338881,21.6014,24.424,444,46901,0.180095,0.01,1,2132133,2131689,444
149341801,27.5203,23.2848,450,46946,0.172019,0.07,1,2132162,2131712,450
149344721,43.1041,26.257,470,46991,0.218404,0.05,1,2132209,2131739,470
149347641,31.0208,42.0514,452,47036,0.227681,0.07,1,2132237,2131785,452
149350561,28.6042,31.6103,451,47081,0.229536,0.05,1,2132265,2131814,451
149353481,23.3208,28.7221,445,47126,0.229907,0.09,1,2132287,2131842,445
149356401,36.6642,22.5444,464,47171,0.261981,0.05,1,2132327,2131863,464
149359321,30.5328,36.5089,453,47216,0.284396,0.09,1,2132356,2131903,453
149362241,23.7066,31.3018,445,47261,0.288879,0.11,1,2132378,2131933,445
149365161,33.5413,22.2604,461,47306,0.337776,0.15,1,2132414,2131953,461
149368081,24.3083,29.2521,452,47351,0.347555,0.21,1,2132436,2131984,452
149371001,6.46165,24.2504,431,47396,0.349511,0.15,1,2132438,2132007,431
149373921,21.2923,24.8501,431,47440,0.349902,0.25,1,2132463,2132032,431
149376841,29.8585,28.17,434,47484,0.41398,0.17,1,2132495,2132061,434
149379761,25.1717,28.034,430,47528,0.394796,0.23,1,2132519,2132089,430
149382681,25.8343,24.0068,433,47572,0.390959,0.17,1,2132545,2132112,433
149385601,19.5669,21.6014,430,47616,0.390192,0.17,1,2132563,2132133,430
149388521,27.1134,27.5203,430,47660,0.406038,0.23,1,2132592,2132162,430
149391441,45.4227,43.1041,433,47704,0.425208,0.23,1,2132642,2132209,433
149394361,31.4845,31.0208,433,47748,0.477042,0.23,1,2132670,2132237,433
149397281,28.6969,28.6042,433,47792,0.455408,0.23,1,2132698,2132265,433
149400201,23.3394,23.3208,433,47836,0.467082,0.27,1,2132720,2132287,433
149403121,38.2679,36.6642,435,47880,0.533416,0.29,1,2132762,2132327,435
149406041,31.6536,30.5328,436,47924,0.530683,0.29,1,2132792,2132356,436
149408961,25.5307,23.7066,438,47968,0.578137,0.35,1,2132816,2132378,438
149411881,34.7061,33.5413,439,48012,0.619627,0.35,1,2132853,2132414,439
149414801,24.5412,24.3083,439,48056,0.627926,0.35,1,2132875,2132436,439
149417721,6.50825,6.46165,439,48100,0.661585,0.35,1,2132877,2132438,439
149420641,22.9016,21.2923,441,48144,0.636317,0.43,1,2132904,2132463,441
149423561,30.1803,29.8585,441,48188,0.711263,0.39,1,2132936,2132495,441
149426481,25.2361,25.1717,441,48232,0.726253,0.39,1,2132960,2132519,441
149429401,25.8472,25.8343,441,48276,0.713251,0.39,1,2132986,2132545,441
149432321,19.5694,19.5669,441,48320,0.71065,0.41,1,2133004,2132563,441
149435241,27.9139,27.1134,442,48364,0.74213,0.43,1,2133034,2132592,442
149438161,46.3828,45.4227,443,48408,0.700426,0.49,1,2133085,2132642,443
149441081,32.4766,31.4845,444,48452,0.756085,0.45,2,2133114,2132670,444
149444001,28.8953,28.6969,444,48495,0.735217,0.47,1,2133142,2132698,444
149446921,24.9791,23.3394,446,48538,0.779043,0.55,2,2133166,2132720,446
149449841,39.3958,38.2679,447,48581,0.739809,0.53,1,2133209,2132762,447
149452761,32.6792,31.6536,448,48624,0.747962,0.59,1,2133240,2132792,448
149455681,28.1358,25.5307,451,48667,0.733592,0.63,1,2133267,2132816,451
149458601,36.0272,34.7061,452,48710,0.698718,0.63,1,2133305,2132853,452
149461521,25.6054,24.5412,453,48753,0.675744,0.67,1,2133328,2132875,453
149464441,6.72109,6.50825,453,48796,0.639149,0.63,1,2133330,2132877,453
149467361,24.5442,22.9016,455,48839,0.64783,0.63,1,2133359,2132904,455
149470281,30.5088,4.58033,487,48882,0.665566,0.73,1,2133391,2132904,487
149473201,25.3018,26.5161,479,48925,0.685113,0.73,1,2133415,2132936,479
149476121,26.6604,24.5032,482,48968,0.705023,0.71,1,2133442,2132960,482
149479041,19.7321,25.7006,474,49011,0.725004,0.71,1,2133460,2132986,474
149481961,27.9464,19.5401,486,49054,0.729001,0.75,1,2133490,2133004,486
149484881,45.5893,27.908,506,49097,0.7298,0.69,1,2133540,2133034,506
149487801,33.9179,46.3816,486,49140,0.71396,0.77,1,2133571,2133085,486
149490721,29.1836,32.4763,485,49183,0.710792,0.73,1,2133599,2133114,485
149493641,25.8367,28.8953,482,49226,0.710158,0.79,1,2133624,2133142,482
149496561,38.7673,24.9791,500,49269,0.726032,0.73,1,2133666,2133166,500
149499481,31.7535,39.3958,487,49312,0.761206,0.75,2,2133696,2133209,487
149502401,27.1507,32.6792,482,49355,0.800241,0.73,2,2133722,2133240,482
149505321,34.2301,28.1358,491,49398,0.808048,0.69,2,2133758,2133267,491
149508241,24.446,36.0272,475,49441,0.82561,0.67,2,2133780,2133305,475
149511161,6.48921,25.6054,454,49484,0.829122,0.63,2,2133782,2133328,454
149514081,25.2978,6.72109,482,49527,0.861824,0.65,2,2133812,2133330,482
149517001,32.2596,24.5442,487,49570,0.852365,0.67,2,2133846,2133359,487
149519921,25.6519,30.5088,479,49613,0.898473,0.69,2,2133870,2133391,479
149522841,28.3304,25.3018,484,49655,0.939695,0.71,2,2133899,2133415,484
149790021,39,45,462,24820,0.55,0.81,1,2136680,2136218,462
149792941,57.4,37,489,24905,0.614,0.71,1,2136742,2136253,489
149795861,57.88,53.8,489,24990,0.7068,0.67,1,2136800,2136311,489
149798781,61.176,69.16,478,25075,0.74136,0.61,1,2136862,2136384,478
149801701,44.2352,53.032,469,25160,0.828272,0.49,2,2136902,2136433,469
149804621,23.247,28.2064,465,25244,0.845654,0.49,2,2136920,2136455,465
149807541,31.8494,34.4413,463,25328,0.881131,0.45,2,2136954,2136491,463
149810461,58.3699,34.0883,494,25412,0.888226,0.61,2,2137019,2136525,494
149813381,67.674,72.4176,482,25495,0.889645,0.55,2,2137089,2136607,482
149816301,98.3348,72.8835,515,25578,0.921929,0.63,2,2137195,2136680,515
149819221,69.267,64.1767,515,25661,0.864386,0.73,2,2137257,2136742,515
149822141,65.0534,59.2353,521,25744,0.852877,0.75,2,2137321,2136800,521
149825061,48.2107,61.4471,503,25826,0.818575,0.85,2,2137365,2136862,503
149827981,24.0421,44.2894,481,25908,0.811715,0.85,2,2137383,2136902,481
149830901,32.0084,23.2579,497,25990,0.842343,0.89,2,2137417,2136920,497
149833821,60.0017,31.8516,530,26072,0.864469,0.89,2,2137484,2136954,530
149836741,68.0003,58.3703,535,26153,0.900894,0.89,2,2137554,2137019,535
149839661,100,67.6741,573,26234,0.908179,0.93,2,2137662,2137089,573
149947701,51,27,515,29073,0.25,1,1,2139632,2139117,515
149950621,47,32.6,527,29146,0.074,1,1,2139678,2139151,527
149953541,46.2,58.52,508,29219,0.0228,1,1,2139724,2139216,508
149956461,38.84,37.304,513,29291,0.01256,1,1,2139761,2139248,513
149959381,34.968,32.2608,516,29363,0.002512,1,1,2139795,2139279,516
149962301,67.7936,38.4522,552,29435,0.0885024,1,1,2139871,2139319,552
149965221,53.5587,65.2904,530,29507,0.0897005,1,1,2139921,2139391,530
149968141,71.5117,63.4581,543,29579,0.0259401,0.59,1,2139997,2139454,543
149971061,35.1023,87.0916,476,29651,0.045188,0.51,1,2140023,2139547,476
149973981,39.0205,44.6183,482,29722,0.0330376,0.25,1,2140063,2139581,482
149976901,36.6041,49.7237,467,29793,0.0306075,0.03,1,2140099,2139632,467
149979821,8.92082,46.7447,423,29864,0.0621215,0.01,1,2140101,2139678,423
149982741,39.3842,46.1489,424,29935,0.0124243,0.01,1,2140148,2139724,424
149985661,35.8768,38.8298,422,30006,0.00248486,0,1,2140183,2139761,422
149988581,36.7754,34.966,425,30077,0.000496972,0.11,1,2140220,2139795,425
149991501,66.5551,67.7932,423,30147,0.0240994,0.09,1,2140294,2139871,423
149994421,54.111,53.5586,424,30217,0.0448199,0.01,1,2140345,2139921,424
149997341,70.8222,71.5117,423,30287,0.096964,0.05,1,2140420,2139997,423
150000261,34.1644,35.1023,422,30357,0.0913928,0.03,1,2140445,2140023,422
150003181,40.4329,39.0205,424,30427,0.0582786,0.03,1,2140487,2140063,424
150006101,36.0866,36.6041,423,30497,0.0836557,0.07,1,2140522,2140099,423
150009021,8.81732,8.92082,423,30566,0.0887311,0,1,2140524,2140101,423
150011941,38.5635,39.3842,422,30635,0.0177462,0,1,2140570,2140148,422
150014861,35.7127,35.8768,422,30704,0.0595492,0,1,2140605,2140183,422
150017781,36.7425,36.7754,422,30773,0.0119098,0.03,1,2140642,2140220,422
150020701,68.1485,66.5551,424,30842,0.074382,0.05,1,2140718,2140294,424
150023621,54.4297,54.111,424,30911,0.0708764,0.11,1,2140769,2140345,424
150026541,71.6859,70.8222,425,30979,0.0861753,0.09,1,2140845,2140420,425
150029461,33.5372,34.1644,424,31047,0.0892351,0.05,1,2140869,2140445,424
150032381,38.7074,40.4329,422,31115,0.121847,0.09,1,2140909,2140487,422
150035301,37.3415,36.0866,424,31183,0.160369,0.09,1,2140946,2140522,424
150038221,9.0683,8.81732,424,31251,0.136074,0,1,2140948,2140524,424
150041141,37.0137,38.5635,422,31319,0.0272148,0,1,2140992,2140570,422
150044061,34.6027,7.71269,456,31387,0.029443,0.07,1,2141026,2140570,456
150046981,36.5205,29.5425,458,31454,0.00588859,0,1,2141063,2140605,458
150049901,69.7041,35.5085,499,31521,0.0571777,0.09,1,2141141,2140642,499
150052821,53.9408,67.9017,473,31588,0.0514355,0.07,1,2141191,2140718,473
150055741,73.9882,54.3803,501,31655,0.0662871,0.09,1,2141270,2140769,501
150058661,33.9976,71.6761,449,31722,0.101257,0.09,1,2141294,2140845,449
150061581,38.7995,33.5352,465,31789,0.124251,0.13,1,2141334,2140869,465
150064501,38.9599,38.707,464,31856,0.14485,0.17,1,2141373,2140909,464
150067421,9.39198,37.3414,429,31922,0.14897,0.13,1,2141375,2140946,429
150070341,32.2784,9.06828,465,31988,0.085794,0,1,2141413,2140948,465
150073261,33.6557,37.0137,455,32054,0.0891588,0.03,1,2141447,2140992,455
150076181,37.9311,34.6027,460,32120,0.0178318,0,1,2141486,2141026,460
150079101,70.7862,36.5205,502,32186,0.0435663,0.07,1,2141565,2141063,502
150082021,53.3572,69.7041,473,32252,0.0167133,0.05,1,2141614,2141141,473
150084941,74.6714,53.9408,503,32318,0.0753427,0.07,1,2141694,2141191,503
150087861,35.7343,73.9882,450,32383,0.0710685,0.11,1,2141720,2141270,450
150090781,39.9469,33.9976,467,32448,0.0862137,0.13,1,2141761,2141294,467
150093701,39.9894,38.7995,467,32513,0.105243,0.15,1,2141801,2141334,467
150096621,9.59787,38.9599,430,32578,0.109049,0.15,1,2141803,2141373,430
150099541,28.3196,9.39198,461,32643,0.12581,0.07,1,2141836,2141375,461
150102461,32.8639,32.2784,457,32708,0.0651619,0.09,1,2141870,2141413,457
150105381,8.17278,33.6557,425,32773,0.0530324,0,1,2141872,2141447,425
150108301,31.2346,37.9311,423,32838,0.0186065,0.05,1,2141909,2141486,423
150111221,70.2469,70.7862,424,32902,0.0597213,0.01,1,2141989,2141565,424
150114141,53.2494,53.3572,424,32966,0.0359443,0.09,1,2142038,2141614,424
150117061,76.2499,74.6714,426,33030,0.0791889,0.07,1,2142120,2141694,426
150119981,35.25,35.7343,425,33094,0.119838,0.09,1,2142145,2141720,425
150122901,40.65,39.9469,426,33158,0.143968,0.11,1,2142187,2141761,426
150125821,40.93,39.9894,427,33222,0.132794,0.11,1,2142228,2141801,427
150128741,9.786,9.59787,427,33286,0.178559,0.13,1,2142230,2141803,427
150131661,27.5572,28.3196,426,33350,0.219712,0.05,1,2142262,2141836,426
150134581,31.9114,32.8639,425,33413,0.211942,0.05,1,2142295,2141870,425
150137501,7.98229,8.17278,425,33476,0.210388,0.01,1,2142297,2141872,425
150140421,28.7965,31.2346,422,33539,0.178078,0.07,1,2142331,2141909,422
150143341,70.5593,70.2469,423,33602,0.123616,0.03,1,2142412,2141989,423
150146261,52.5119,53.2494,422,33665,0.176723,0.09,1,2142460,2142038,422
150149181,78.5024,76.2499,425,33728,0.219345,0.13,1,2142545,2142120,425
150152101,36.5005,35.25,426,33791,0.243869,0.15,1,2142571,2142145,426
150155021,41.7001,40.65,427,33854,0.296774,0.13,1,2142614,2142187,427
150157941,42.74,40.93,429,33916,0.307355,0.19,1,2142657,2142228,429
150160861,10.148,9.786,429,33978,0.309471,0.23,1,2142659,2142230,429
150163781,29.2296,27.5572,431,34040,0.309894,0.21,1,2142693,2142262,431
150166701,31.4459,31.9114,430,34102,0.341979,0.21,1,2142725,2142295,430
150169621,7.88918,7.98229,430,34164,0.316396,0.17,1,2142727,2142297,430
150172541,25.5778,28.7965,426,34226,0.311279,0.17,1,2142757,2142331,426
150175461,70.7156,5.75929,508,34288,0.326256,0.11,1,2142839,2142331,508
150178381,54.9431,65.9519,478,34350,0.345251,0.19,1,2142890,2142412,478
150181301,78.9886,51.5904,515,34412,0.38105,0.23,1,2142975,2142460,515
150184221,37.3977,78.3181,457,34473,0.40421,0.25,1,2143002,2142545,457
150187141,44.2795,36.4636,477,34534,0.408842,0.31,1,2143048,2142571,477
150190061,44.8559,41.6927,479,34595,0.409768,0.31,1,2143093,2142614,479
150192981,10.5712,42.7385,438,34656,0.409954,0.31,1,2143095,2142657,438
150195901,29.3142,10.1477,470,34717,0.425991,0.31,1,2143129,2142659,470
150198821,31.4628,29.2295,468,34778,0.461198,0.35,1,2143161,2142693,468
150201741,7.89257,31.4459,438,34839,0.46824,0.31,1,2143163,2142725,438
150204661,25.5785,7.88918,466,34900,0.469648,0.31,1,2143193,2142727,466
150207581,73.1157,25.5778,521,34961,0.51793,0.33,1,2143278,2142757,521
150210501,55.4231,70.7156,490,35021,0.591586,0.35,1,2143329,2142839,490
150213421,81.4846,54.9431,527,35081,0.622317,0.39,1,2143417,2142890,527
150216341,37.0969,78.9886,468,35141,0.596463,0.41,1,2143443,2142975,468
150219261,44.2194,37.3977,487,35201,0.607293,0.41,1,2143489,2143002,487
150222181,44.8439,44.2795,486,35261,0.625459,0.41,1,2143534,2143048,486
150225101,10.5688,44.8559,443,35321,0.629092,0.41,1,2143536,2143093,443
150228021,30.9138,10.5712,477,35381,0.629818,0.43,1,2143572,2143095,477
150230941,32.5828,29.3142,476,35441,0.613964,0.47,1,2143605,2143129,476
150233861,8.11655,31.4628,446,35501,0.610793,0.47,1,2143607,2143161,446
150236781,25.6233,7.89257,474,35561,0.626159,0.47,1,2143637,2143163,474
150239701,75.5247,25.5785,532,35620,0.597232,0.53,1,2143725,2143193,532
150242621,57.5049,73.1157,500,35679,0.623446,0.61,1,2143778,2143278,500
150245541,13.101,55.4231,451,35738,0.628689,0.63,1,2143780,2143329,451
150248461,73.0202,81.4846,451,35797,0.677738,0.59,1,2143868,2143417,451
150251381,35.404,37.0969,451,35856,0.687548,0.61,1,2143894,2143443,451
150254301,44.6808,44.2194,452,35915,0.68951,0.63,1,2143941,2143489,452
150257221,45.7362,44.8439,453,35974,0.721902,0.63,1,2143987,2143534,453
150260141,10.7472,10.5688,453,36033,0.72838,0.63,1,2143989,2143536,453
150263061,30.9494,30.9138,453,36092,0.777676,0.61,2,2144025,2143572,453
150265981,31.7899,32.5828,452,36151,0.755535,0.61,2,2144057,2143605,452
150268901,7.95798,8.11655,452,36209,0.751107,0.63,2,2144059,2143607,452
150271821,26.3916,25.6233,453,36267,0.782221,0.59,2,2144090,2143637,453
150274741,74.0783,75.5247,451,36325,0.804444,0.63,2,2144176,2143725,451
150277661,58.8157,57.5049,453,36383,0.840889,0.63,2,2144231,2143778,453
150280581,13.3631,13.101,453,36441,0.880178,0.69,2,2144233,2143780,453
150432421,37,30,503,39343,0.73,1,1,2146306,2145803,503
150435341,29,34.8,494,39397,0.714,1,1,2146333,2145839,494
150438261,41,38.16,499,39451,0.5508,1,1,2146377,2145878,499
150441181,38.6,31.632,507,39505,0.47016,1,1,2146415,2145908,507
150444101,32.52,31.9264,506,39558,0.422032,1,1,2146446,2145940,506
150447021,18.504,28.7853,493,39611,0.380406,1,1,2146461,2145968,493
150449941,22.1008,29.7571,486,39664,0.324081,1,1,2146484,2145998,486
150452861,25.2202,17.9514,497,39717,0.168816,1,1,2146510,2146013,497
150455781,29.044,43.5903,477,39770,0.233763,0.99,1,2146540,2146063,477
150458701,71.4088,66.3181,487,39823,0.102753,1,1,2146622,2146135,487
150461621,40.6818,43.6636,482,39876,0.124551,0.91,1,2146655,2146173,482
150464541,38.5364,49.5327,469,39929,0.12891,0.85,1,2146693,2146224,469
150467461,36.5073,45.9065,460,39982,0.161782,0.73,1,2146729,2146269,460
150470381,32.9015,38.7813,455,40035,0.168356,0.71,1,2146761,2146306,455
150473301,28.1803,29.3563,455,40088,0.153671,0.71,1,2146788,2146333,455
150476221,31.2361,5.87125,487,40141,0.118734,0.51,1,2146820,2146333,487
150479141,35.8472,36.3743,480,40194,0.127747,0.45,1,2146857,2146377,480
150482061,29.5694,37.6748,470,40247,0.145549,0.41,1,2146885,2146415,470
150484981,16.3139,32.335,452,40299,0.16511,0.37,1,2146898,2146446,452
150487901,20.8628,18.467,459,40351,0.201022,0.31,1,2146920,2146461,459
150490821,28.1726,22.0934,466,40403,0.192204,0.13,1,2146950,2146484,466
150493741,28.0345,25.2187,468,40455,0.222441,0.25,1,2146978,2146510,468
150496661,61.6069,29.0437,508,40507,0.244488,0.07,1,2147048,2146540,508
150499581,40.3214,71.4087,461,40559,0.232898,0.13,1,2147083,2146622,461
150502501,37.6643,40.6817,465,40611,0.24658,0.13,1,2147120,2146655,465
150505421,36.3329,38.5363,463,40663,0.249316,0.17,1,2147156,2146693,463
150508341,34.4666,36.5073,461,40715,0.281863,0.17,1,2147190,2146729,461
150511261,26.0933,32.9015,453,40767,0.304373,0.15,1,2147214,2146761,453
150514181,30.8187,28.1803,458,40819,0.324875,0.11,1,2147246,2146788,458
150517101,38.1637,31.2361,466,40871,0.344975,0.13,1,2147286,2146820,466
150520021,29.2327,35.8472,456,40923,0.380995,0.15,1,2147313,2146857,456
150522941,17.8465,29.5694,443,40975,0.404199,0.17,1,2147328,2146885,443
150525861,22.7693,16.3139,454,41027,0.40884,0.21,1,2147352,2146898,454
150528781,26.9539,20.8628,460,41078,0.377768,0.19,1,2147380,2146920,460
150531701,29.3908,28.1726,460,41129,0.371554,0.23,1,2147410,2146950,460
150534621,61.0782,28.0345,501,41180,0.434311,0.25,1,2147479,2146978,501
150537541,39.4156,61.6069,465,41231,0.446862,0.23,1,2147513,2147048,465
150540461,39.8831,40.3214,470,41282,0.433372,0.25,1,2147553,2147083,470
150543381,36.7766,37.6643,469,41333,0.430675,0.25,1,2147589,2147120,469
150546301,36.1553,36.3329,469,41384,0.414135,0.29,1,2147625,2147156,469
150549221,27.2311,34.4666,460,41435,0.426827,0.31,1,2147650,2147190,460
150552141,31.8462,26.0933,469,41486,0.445365,0.33,1,2147683,2147214,469
150555061,39.1692,30.8187,478,41537,0.497073,0.35,1,2147724,2147246,478
150557981,9.43385,38.1637,440,41588,0.507415,0.39,1,2147726,2147286,440
150560901,24.2868,29.2327,441,41639,0.541483,0.41,1,2147754,2147313,441
150563821,16.0574,17.8465,440,41690,0.548297,0.41,1,2147768,2147328,440
150566741,22.4115,22.7693,440,41741,0.549659,0.37,1,2147792,2147352,440
150569661,26.8823,26.9539,440,41792,0.517932,0.37,1,2147820,2147380,440
150572581,30.9765,29.3908,442,41843,0.575586,0.45,1,2147852,2147410,442
150575501,62.9953,61.0782,444,41893,0.619117,0.45,1,2147923,2147479,444
150578421,39.7991,39.4156,444,41943,0.627823,0.43,1,2147957,2147513,444
150581341,39.1598,39.8831,443,41993,0.677565,0.43,1,2147996,2147553,443
150584261,37.432,36.7766,444,42043,0.687513,0.41,1,2148033,2147589,444
150587181,34.6864,36.1553,442,42093,0.705503,0.43,1,2148067,2147625,442
150590101,27.7373,27.2311,443,42143,0.741101,0.45,1,2148093,2147650,443
150593021,32.7475,31.8462,444,42193,0.71622,0.51,1,2148127,2147683,444
150595941,41.7495,39.1692,447,42243,0.807244,0.51,2,2148171,2147724,447
150598861,9.9499,9.43385,447,42293,0.793449,0.55,2,2148173,2147726,447
150601781,24.39,24.2868,447,42343,0.82269,0.55,2,2148201,2147754,447
150604701,16.078,16.0574,447,42393,0.828538,0.55,2,2148215,2147768,447
150607621,22.4156,22.4115,447,42443,0.829708,0.51,2,2148239,2147792,447
150610541,27.6831,26.8823,448,42493,0.845942,0.59,2,2148268,2147820,448
150613461,31.9366,30.9765,449,42543,0.833188,0.63,2,2148301,2147852,449
150616381,65.5873,62.9953,452,42593,0.910638,0.63,2,2148375,2147923,452
150619301,41.1175,39.7991,453,42643,0.878128,0.69,2,2148410,2147957,453
150622221,40.2235,39.1598,454,42692,0.871625,0.69,2,2148450,2147996,454
150625141,39.2447,37.432,456,42741,0.886325,0.71,2,2148489,2148033,456
150845601,99,57,487,20544,0.15,0.39,1,2151346,2150859,487
150848521,67,71.4,471,20647,0.198,0.25,1,2151405,2150934,471
150851441,79,87.88,461,20750,0.1916,0.15,1,2151487,2151026,461
150854361,71,70.376,464,20852,0.20632,0.13,1,2151556,2151092,464
150857281,40.6,54.8752,446,20954,0.241264,0.15,1,2151589,2151143,446
150860201,64.92,37.375,484,21055,0.248253,0.17,1,2151660,2151176,484
150863121,26.584,64.275,430,21156,0.281651,0.15,1,2151677,2151247,430
150866041,82.9168,92.055,428,21256,0.32033,0.21,1,2151774,2151346,428
150868961,66.9834,65.611,432,21356,0.360066,0.19,1,2151837,2151405,432
150871881,79.7967,78.7222,433,21455,0.448013,0.21,1,2151920,2151487,433
150874801,70.3593,70.9444,432,21554,0.481603,0.25,1,2151988,2151556,432
150877721,41.2719,40.5889,433,21652,0.488321,0.25,1,2152022,2151589,433
150880641,65.8544,64.9178,434,21750,0.505664,0.29,1,2152094,2151660,434
150883561,28.3709,26.5836,436,21848,0.509133,0.33,1,2152113,2151677,436
150886481,83.2742,82.9167,436,21945,0.509827,0.37,1,2152210,2151774,436
150889401,68.6548,66.9833,438,22042,0.557965,0.47,1,2152275,2151837,438
150892321,84.131,79.7967,443,22138,0.535593,0.49,1,2152363,2151920,443
150895241,72.0262,70.3593,444,22234,0.563119,0.49,1,2152432,2151988,444
150898161,41.6052,41.2719,444,22329,0.568624,0.51,1,2152466,2152022,444
150901081,68.321,65.8544,447,22424,0.633725,0.51,1,2152541,2152094,447
150904001,28.8642,28.3709,447,22519,0.678745,0.51,1,2152560,2152113,447
150906921,82.5728,5.67417,543,22613,0.671749,0.51,1,2152656,2152113,543
150909841,69.3146,78.7348,512,22707,0.70235,0.57,1,2152722,2152210,512
150912761,84.2629,67.747,535,22800,0.77247,0.53,2,2152810,2152275,535
150915681,73.6526,83.9494,518,22893,0.802494,0.57,2,2152881,2152363,518
150918601,41.9305,71.9899,483,22986,0.808499,0.57,2,2152915,2152432,483
150921521,72.3861,41.598,529,23078,0.8417,0.65,2,2152995,2152466,529
150924441,28.8772,68.3196,472,23170,0.84834,0.69,2,2153013,2152541,472
150927361,83.3754,28.8639,550,23261,0.881668,0.67,2,2153110,2152560,550
150930281,71.0751,82.5728,522,23352,0.920334,0.71,2,2153178,2152656,522
151009121,44,72,509,25689,0.81,1,2,2154808,2154299,509
151012041,70.4,41.6,552,25771,0.57,1,1,2154885,2154333,552
151014961,47.68,76.32,509,25853,0.506,1,1,2154927,2154418,509
151017881,73.536,40.864,557,25935,0.3652,1,1,2155007,2154450,557
151020801,77.9072,77.7728,549,26017,0.17704,1,1,2155086,2154537,549
151023721,34.7814,73.1546,501,26098,0.059408,1,1,2155110,2154609,501
151026641,58.9563,33.8309,542,26179,0.0518816,0.85,1,2155175,2154633,542
151029561,55.7913,62.7662,527,26260,0.0503763,0.83,1,2155230,2154703,527
151032481,38.3583,61.3532,500,26341,0.146075,0.81,1,2155264,2154764,500
151035401,66.8717,47.4706,530,26421,0.133215,0.51,1,2155338,2154808,530
151038321,36.5743,71.0941,482,26501,0.162643,0.49,1,2155367,2154885,482
151041241,67.3149,47.8188,515,26581,0.152529,0.33,1,2155442,2154927,515
151044161,68.663,73.5638,504,26661,0.198506,0.13,1,2155511,2155007,504
151047081,30.5326,77.9128,446,26740,0.207701,0.03,1,2155532,2155086,446
151050001,58.9065,34.7826,488,26819,0.20954,0.05,1,2155598,2155110,488
151052921,58.1813,58.9565,481,26898,0.225908,0.05,1,2155656,2155175,481
151055841,13.2363,55.7913,428,26977,0.197182,0.17,1,2155658,2155230,428
151058761,28.2473,38.3583,426,27056,0.239436,0.13,1,2155690,2155264,426
151061681,66.4494,66.8717,428,27134,0.295887,0.17,1,2155766,2155338,428
151064601,38.0899,36.5743,430,27212,0.307177,0.15,1,2155797,2155367,430
151067521,66.818,67.3149,429,27290,0.373435,0.21,1,2155871,2155442,429
151070441,70.9636,68.663,432,27368,0.434687,0.21,1,2155943,2155511,432
151073361,31.7927,30.5326,433,27445,0.414937,0.21,1,2155965,2155532,433
151076281,58.3585,58.9065,432,27522,0.474987,0.23,1,2156030,2155598,432
151079201,58.0717,58.1813,432,27599,0.454997,0.19,1,2156088,2155656,432
151082121,13.2143,13.2363,432,27676,0.450999,0.25,1,2156090,2155658,432
151085041,28.2429,28.2473,432,27753,0.4822,0.31,1,2156122,2155690,432
151087961,69.6486,66.4494,436,27829,0.48844,0.31,1,2156202,2155766,436
151090881,39.5297,38.0899,437,27905,0.489688,0.39,1,2156234,2155797,437
151093801,68.7059,66.818,439,27981,0.473938,0.45,1,2156310,2155871,439
151096721,73.7412,70.9636,442,28057,0.486788,0.41,1,2156385,2155943,442
151099641,32.3482,31.7927,442,28132,0.489358,0.49,1,2156407,2155965,442
151102561,60.0696,58.3585,444,28207,0.521872,0.45,1,2156474,2156030,444
151105481,56.8139,58.0717,442,28282,0.560374,0.45,1,2156530,2156088,442
151108401,12.9628,13.2143,442,28357,0.600075,0.45,1,2156532,2156090,442
151111321,28.9926,2.64287,475,28432,0.592015,0.49,1,2156565,2156090,475
151114241,69.7985,26.1286,523,28506,0.638403,0.49,1,2156645,2156122,523
151117161,40.3597,69.2257,476,28580,0.695681,0.49,1,2156678,2156202,476
151120081,68.8719,39.4451,520,28654,0.707136,0.47,1,2156754,2156234,520
151123001,74.5744,68.689,520,28728,0.741427,0.49,1,2156830,2156310,520
151125921,32.5149,73.7378,467,28802,0.748285,0.49,1,2156852,2156385,467
151128841,60.903,32.3476,513,28876,0.733657,0.53,1,2156920,2156407,513
151131761,59.3806,60.0695,505,28949,0.746731,0.57,1,2156979,2156474,505
151134681,13.4761,56.8139,451,29022,0.749346,0.61,1,2156981,2156530,451
151137601,29.8952,12.9628,483,29095,0.765869,0.59,2,2157015,2156532,483
151140521,73.179,28.9926,534,29168,0.801174,0.65,2,2157099,2156565,534
151143441,41.0358,69.7985,487,29241,0.840235,0.71,2,2157132,2156645,487
151146361,70.6072,40.3597,532,29313,0.864047,0.71,2,2157210,2156678,532
151149281,76.5214,68.8719,534,29385,0.884809,0.75,2,2157288,2156754,534
151152201,32.9043,74.5744,480,29457,0.888962,0.75,2,2157310,2156830,480
151155121,60.1809,32.5149,525,29529,0.873792,0.73,2,2157377,2156852,525
151158041,60.0362,60.903,517,29601,0.886759,0.75,2,2157437,2156920,517
151160961,13.6072,59.3806,460,29673,0.905352,0.75,2,2157439,2156979,460
151163881,30.7214,13.4761,493,29744,0.94107,0.77,2,2157474,2156981,493
151166801,74.9443,29.8952,545,29815,0.948214,0.81,2,2157560,2157015,545
151169721,16.5889,73.179,463,29886,0.949643,0.85,2,2157562,2157099,463
151260241,29,29,503,32009,0.75,1,2,2159044,2158541,503
151263161,41,24.2,524,32075,0.75,1,1,2159088,2158564,524
151266081,84.2,53.64,558,32141,0.67,1,1,2159183,2158625,558
151269001,43.24,77.128,508,32207,0.638,1,1,2159216,2158708,508
151271921,51.048,36.2256,535,32273,0.4716,1,1,2159269,2158734,535
151274841,55.8096,51.2451,537,32339,0.42232,1,1,2159326,2158789,537
151277761,34.3619,64.649,498,32404,0.396464,1,1,2159355,2158857,498
151280681,24.4724,34.5298,493,32469,0.359293,0.99,1,2159377,2158884,493
151283601,59.2945,22.906,541,32534,0.303859,0.87,1,2159445,2158904,541
151286521,37.4589,66.1812,496,32599,0.324772,0.87,1,2159477,2158981,496
151289441,27.4918,40.4362,487,32664,0.328954,0.75,1,2159502,2159015,487
151292361,37.4984,31.2872,498,32729,0.281791,0.75,1,2159542,2159044,498
151295281,9.09967,41.4574,456,32794,0.272358,0.65,1,2159544,2159088,456
151298201,73.8199,84.2915,451,32858,0.286472,0.63,1,2159634,2159183,451
151301121,41.964,43.2583,452,32922,0.369294,0.43,1,2159668,2159216,452
151304041,42.7928,51.0517,442,32986,0.385859,0.41,1,2159711,2159269,442
151306961,54.1586,55.8103,442,33050,0.421172,0.39,1,2159768,2159326,442
151309881,31.6317,34.3621,439,33114,0.428234,0.35,1,2159794,2159355,439
151312801,24.7263,24.4724,440,33178,0.413647,0.29,1,2159817,2159377,440
151315721,56.1453,59.2945,436,33242,0.426729,0.33,1,2159881,2159445,436
151318641,37.6291,37.4589,437,33306,0.477346,0.33,1,2159914,2159477,437
151321561,27.5258,27.4918,437,33370,0.503469,0.27,1,2159939,2159502,437
151324481,35.1052,37.4984,434,33433,0.492694,0.27,1,2159976,2159542,434
151327401,8.62103,9.09967,434,33496,0.490539,0.29,1,2159978,2159544,434
151330321,76.1242,73.8199,437,33559,0.522108,0.39,1,2160071,2159634,437
151333241,45.6248,41.964,441,33622,0.528422,0.39,1,2160109,2159668,441
151336161,43.525,42.7928,441,33685,0.561684,0.43,1,2160152,2159711,441
151339081,54.305,54.1586,441,33748,0.536337,0.43,1,2160209,2159768,441
151342001,31.661,31.6317,441,33811,0.563267,0.41,1,2160235,2159794,441
151344921,25.5322,24.7263,442,33874,0.568653,0.43,1,2160259,2159817,442
151347841,57.1064,56.1453,443,33936,0.585731,0.49,1,2160324,2159881,443
151350761,40.2213,37.6291,446,33998,0.589146,0.51,1,2160360,2159914,446
151353681,27.2443,27.5258,445,34060,0.621829,0.49,1,2160384,2159939,445
151356601,35.8489,35.1052,446,34122,0.596366,0.49,1,2160422,2159976,446
151359521,8.76977,8.62103,446,34184,0.623273,0.53,1,2160424,2159978,446
151362441,76.154,76.1242,446,34246,0.676655,0.53,1,2160517,2160071,446
151365361,44.8308,15.2248,483,34308,0.687331,0.53,1,2160554,2160071,483
151368281,44.9662,33.445,490,34370,0.737466,0.57,1,2160599,2160109,490
151371201,54.5932,41.089,504,34432,0.731493,0.53,1,2160656,2160152,504
151374121,31.7186,53.8178,473,34493,0.730299,0.57,1,2160682,2160209,473
151377041,25.5437,31.5636,471,34554,0.73006,0.57,1,2160706,2160235,471
151379961,58.7087,25.5127,514,34615,0.778012,0.59,2,2160773,2160259,514
151382881,41.3417,57.1025,486,34676,0.739602,0.59,1,2160810,2160324,486
151385801,27.4684,40.2205,474,34737,0.74792,0.63,1,2160834,2160360,474
151388721,35.8937,27.2441,488,34798,0.749584,0.59,1,2160872,2160384,488
151391641,8.77873,35.8488,452,34859,0.749917,0.63,1,2160874,2160422,452
151394561,78.5557,8.76976,546,34920,0.765983,0.69,2,2160970,2160424,546
151397481,47.7111,76.154,493,34981,0.769197,0.69,2,2161010,2160517,493
151400401,47.1422,44.8308,503,35041,0.849839,0.75,2,2161057,2160554,503
151403321,54.2284,44.9662,514,35101,0.897968,0.73,2,2161113,2160599,514
151406241,31.6457,54.5932,483,35161,0.907594,0.73,2,2161139,2160656,483
151409161,25.5291,31.7186,481,35221,0.909519,0.73,2,2161163,2160682,481
151412081,59.5058,25.5437,525,35281,0.925904,0.79,2,2161231,2160706,525
151415001,40.7012,58.7087,494,35341,0.929181,0.73,2,2161267,2160773,494
151417921,28.1402,41.3417,482,35401,0.929836,0.75,2,2161292,2160810,482
151420841,36.028,27.4684,496,35461,0.945967,0.75,2,2161330,2160834,496
151546401,38,39,509,37940,0.83,1,2,2163040,2162531,509
151549321,31.6,33.4,507,37996,0.806,1,2,2163070,2162563,507
151552241,39.92,26.68,524,38052,0.8412,1,2,2163112,2162588,524
151555161,41.584,54.936,504,38108,0.80024,1,2,2163154,2162650,504
151558081,47.5168,39.7872,517,38163,0.760048,0.89,2,2163203,2162686,517
151561001,31.1034,32.7574,513,38218,0.72001,1,1,2163230,2162717,513
151563921,31.0207,36.9515,506,38273,0.696002,1,1,2163261,2162755,506
151566841,66.2041,29.7903,553,38328,0.6912,0.97,1,2163336,2162783,553
151569761,37.2408,67.5581,506,38383,0.67424,1,1,2163366,2162860,506
151572681,41.0482,44.7116,509,38438,0.718848,0.99,1,2163408,2162899,509
151575601,28.2096,37.7423,498,38493,0.74377,0.91,1,2163433,2162935,498
151578521,35.2419,31.5485,505,38548,0.732754,0.85,1,2163470,2162965,505
151581441,34.2484,35.9097,502,38603,0.762551,0.83,2,2163504,2163002,502
151584361,8.44968,37.5819,466,38658,0.76851,0.8,2,2163506,2163040,466
151587281,22.4899,31.5164,462,38713,0.785702,0.85,2,2163532,2163070,462
151590201,33.298,39.9033,456,38768,0.80514,0.79,2,2163568,2163112,456
151593121,43.4596,41.5807,460,38822,0.809028,0.75,2,2163614,2163154,460
151596041,45.4919,47.5161,457,38876,0.857806,0.71,2,2163660,2163203,457
151598961,30.6984,31.1032,457,38930,0.899561,0.69,2,2163687,2163230,457
151601881,30.9397,31.0206,457,38984,0.859912,0.69,2,2163718,2163261,457
151604801,66.9879,66.2041,458,39038,0.915982,0.67,2,2163794,2163336,458
151796061,44,56,511,19314,0.41,1,1,2166315,2165804,511
151798981,87.2,82.4,520,19424,0.298,1,1,2166413,2165893,520
151801901,78.24,95.68,497,19533,0.0996,0.97,1,2166489,2165992,497
151804821,31.648,47.136,482,19642,0.04392,1,1,2166509,2166027,482
151807741,83.1296,29.4272,553,19750,0.032784,0.83,1,2166605,2166052,553
151810661,104.626,81.8854,568,19857,0.0465568,0.55,1,2166715,2166147,568
151813581,46.5252,115.577,476,19964,0.0653114,0.41,1,2166747,2166271,476
151816501,82.105,58.3154,523,20070,0.0370623,0.27,1,2166838,2166315,523
151819421,74.821,90.0631,498,20176,0.0954125,0.05,1,2166911,2166413,498
151822341,30.1642,78.8126,441,20281,0.139082,0.03,1,2166930,2166489,441
151825261,83.6328,31.7625,518,20386,0.0838165,0.03,1,2167027,2166509,518
151828181,106.327,83.1525,534,20490,0.200763,0.05,1,2167139,2166605,534
151831101,45.2653,104.631,454,20594,0.224153,0.07,1,2167169,2166715,454
151834021,82.6531,46.5261,514,20697,0.228831,0.03,1,2167261,2166747,514
151836941,78.1306,82.1052,500,20799,0.245766,0.11,1,2167338,2166838,500
151839861,28.4261,74.821,443,20901,0.233153,0.15,1,2167354,2166911,443
151842781,83.2852,30.1642,521,21002,0.230631,0.07,1,2167451,2166930,521
151845701,18.257,83.6328,426,21103,0.246126,0.23,1,2167453,2167027,426
151848621,98.8514,106.327,433,21204,0.249225,0.23,1,2167572,2167139,433
151851541,43.7703,45.2653,433,21304,0.265845,0.23,1,2167602,2167169,433
151854461,80.7541,82.6531,431,21404,0.301169,0.25,1,2167692,2167261,431
151857381,78.5508,78.1306,432,21503,0.356234,0.23,1,2167770,2167338,432
151860301,29.3102,28.4261,433,21602,0.399247,0.23,1,2167787,2167354,433
151863221,84.262,83.2852,434,21700,0.439849,0.25,1,2167885,2167451,434
151866141,18.4524,18.257,434,21798,0.44797,0.25,1,2167887,2167453,434
151869061,98.8905,98.8514,434,21895,0.513594,0.27,1,2168006,2167572,434
151871981,44.5781,43.7703,435,21992,0.510719,0.31,1,2168037,2167602,435
151874901,82.5156,80.7541,437,22088,0.558144,0.37,1,2168129,2167692,437
151877821,82.1031,78.5508,441,22184,0.615629,0.41,1,2168211,2167770,441
151880741,31.6206,29.3102,443,22280,0.659126,0.45,1,2168230,2167787,443
151883661,85.5241,84.262,444,22375,0.683825,0.45,1,2168329,2167885,444
151886581,18.7048,18.4524,444,22470,0.720765,0.53,1,2168331,2167887,444
151889501,100.541,98.8905,446,22564,0.776153,0.53,2,2168452,2168006,446
151892421,44.9082,19.7781,477,22658,0.755231,0.51,2,2168483,2168006,477
151895341,84.9816,28.7556,541,22752,0.783046,0.57,2,2168578,2168037,541
151898261,84.9963,79.3511,534,22845,0.788609,0.63,2,2168663,2168129,534
151901181,32.1993,81.4702,471,22938,0.773722,0.67,2,2168682,2168211,471
151904101,88.0399,31.494,554,23030,0.770744,0.69,2,2168784,2168230,554
151907021,19.208,85.4988,457,23122,0.770149,0.73,2,2168786,2168329,457
151909941,103.042,18.6998,579,23214,0.80203,0.79,2,2168910,2168331,579
151912861,45.4083,100.54,489,23305,0.840406,0.75,2,2168941,2168452,489
151915781,86.6817,44.908,555,23396,0.912081,0.79,2,2169038,2168483,555
