#Ack,ack_ewma(ms),send_ewma(ms),rtt_ratio,cwnd (Bytes),Last Router Ocupation Ack Arriaval(Packets),Last Router Ocupation Packet Sent(Packets),Network Situation,AckArrival(ms),TSInsideAck(ms),RTTAck(ms)
4381,2,0,452,16060,0.79,0.55,2,130901,130449,452
7301,2,0,454,17520,0.79,0.55,2,130903,130449,454
10221,2,0,456,18980,0.79,0.55,2,130905,130449,456
13141,2,0,458,20440,0.79,0.55,2,130907,130449,458
14601,161.2,0,659,21900,0.87,0.79,2,131108,130449,659
17521,233.84,360,461,23360,0.918,0.79,2,131360,130899,461
20441,48.368,73.6,461,24820,0.8956,0.79,2,131362,130901,461
23361,11.2736,14.72,463,26280,0.92312,0.79,2,131364,130901,463
26281,3.85472,4.544,463,27740,0.896624,0.79,2,131366,130903,463
29201,2.37094,2.5088,463,29200,0.923325,0.79,2,131368,130905,463
32121,2.07419,0.50176,465,30660,0.896665,0.79,2,131370,130905,465
35041,2.01484,1.70035,465,32120,0.907333,0.89,2,131372,130907,465
164981,243,203,512,45260,0.81,0.99,2,133237,132725,512
167901,53.4,75.8,474,45260,0.81,0.97,2,133243,132769,474
170821,12.28,19.16,471,45260,0.81,0.97,2,133245,132774,471
173741,4.056,5.432,471,45260,0.81,0.97,2,133247,132776,471
176661,2.4112,2.6864,471,45260,0.81,0.97,2,133249,132778,471
179581,3.68224,2.13728,473,45260,0.81,0.97,2,133253,132780,473
182501,2.33645,3.62746,471,45260,0.81,0.99,2,133255,132784,471
185421,5.26729,3.12549,474,45260,0.81,0.99,2,133261,132787,474
188341,4.25346,5.4251,472,45260,0.81,0.95,2,133265,132793,472
191261,4.05069,4.28502,472,45260,0.81,0.95,2,133269,132797,472
194181,5.61014,4.057,474,45260,0.81,0.97,2,133275,132801,474
197101,4.32203,4.8114,473,45260,0.81,0.97,2,133279,132806,473
200021,5.66441,4.16228,475,45260,0.81,0.97,2,133285,132810,475
202941,131.533,5.63246,632,45260,0.746,0.87,1,133448,132816,632
205861,32.7066,137.126,470,45260,0.7332,0.87,1,133456,132986,470
207321,167.341,33.8253,663,45260,0.71464,0.81,1,133657,132994,663
210241,67.0683,201.165,462,45260,0.774928,0.81,2,133699,133237,462
213161,18.2137,45.033,462,45260,0.754986,0.81,2,133705,133243,462
216081,5.24273,10.6066,462,45260,0.782997,0.81,2,133707,133245,462
219001,2.64855,3.72132,462,45260,0.756599,0.81,2,133709,133247,462
221921,2.12971,2.34426,462,45260,0.75132,0.81,2,133711,133249,462
224841,3.62594,3.66885,462,45260,0.750264,0.81,2,133715,133253,462
227761,2.32519,2.33377,462,45260,0.750053,0.81,2,133717,133255,462
230681,5.26504,5.26675,462,45260,0.750011,0.81,2,133723,133261,462
233601,4.25301,4.25335,462,45260,0.750002,0.81,2,133727,133265,462
236521,4.0506,4.05067,462,45260,0.75,0.81,2,133731,133269,462
239441,5.61012,5.61013,462,45260,0.75,0.81,2,133737,133275,462
242361,4.32202,4.32203,462,45260,0.75,0.81,2,133741,133279,462
245281,5.6644,5.66441,462,45260,0.75,0.73,1,133747,133285,462
248201,128.333,131.533,458,45260,0.766,0.73,2,133906,133448,458
251121,32.0666,32.7066,458,45260,0.7692,0.71,2,133914,133456,458
254041,200.813,167.341,500,45260,0.72184,0.79,1,134157,133657,500
256961,44.9627,67.0683,464,45260,0.712368,0.75,1,134163,133699,464
259881,10.5925,18.2137,460,45260,0.710474,0.79,1,134165,133705,460
262801,3.71851,5.24273,460,45260,0.710095,0.75,1,134167,133707,460
265721,2.3437,2.64855,460,45260,0.710019,0.75,1,134169,133709,460
268641,3.66874,2.12971,462,45260,0.710004,0.75,1,134173,133711,462
271561,2.33375,3.62594,460,45260,0.710001,0.75,1,134175,133715,460
274481,5.26675,2.32519,464,45260,0.71,0.75,1,134181,133717,464
277401,4.25335,5.26504,462,45260,0.71,0.75,1,134185,133723,462
280321,4.05067,4.25301,462,45260,0.71,0.75,1,134189,133727,462
283241,5.61013,4.0506,464,46720,0.71,0.75,1,134195,133731,464
286161,4.32203,5.61012,462,46720,0.71,0.75,1,134199,133737,462
289081,6.46441,4.32202,465,46720,0.742,0.75,1,134206,133741,465
292001,126.893,5.6644,616,46720,0.7004,0.77,1,134363,133747,616
294921,31.7786,128.333,465,46720,0.69208,0.77,1,134371,133906,465
296381,167.156,32.0666,658,46720,0.658416,0.71,1,134572,133914,658
299301,67.0311,200.813,457,46720,0.683683,0.71,1,134614,134157,457
302221,18.2062,44.9627,457,46720,0.688737,0.71,1,134620,134163,457
305141,5.24125,10.5925,457,46720,0.689747,0.71,1,134622,134165,457
308061,2.64825,3.71851,457,46720,0.68995,0.71,1,134624,134167,457
310981,2.12965,2.3437,457,46720,0.68999,0.71,1,134626,134169,457
313901,3.62593,3.66874,457,46720,0.689998,0.71,1,134630,134173,457
316821,2.32519,2.33375,457,46720,0.69,0.71,1,134632,134175,457
319741,5.26504,5.26675,457,46720,0.69,0.71,1,134638,134181,457
322661,4.25301,4.25335,457,46720,0.69,0.71,1,134642,134185,457
325581,4.0506,4.05067,457,48180,0.69,0.71,1,134646,134189,457
328501,5.61012,0.810134,463,48180,0.69,0.71,1,134652,134189,463
331421,4.32202,4.96203,461,48180,0.706,0.71,1,134656,134195,461
334341,5.6644,4.19241,463,48180,0.7092,0.75,1,134662,134199,463
337261,125.933,6.43848,612,48180,0.70984,0.69,1,134818,134206,612
340181,31.5866,126.888,463,48180,0.709968,0.69,1,134826,134363,463
343101,166.317,31.7775,655,48180,0.709994,0.69,1,135026,134371,655
346021,68.4635,200.756,456,48180,0.677999,0.69,1,135070,134614,456
348941,18.4927,44.9511,456,48180,0.7036,0.69,1,135076,134620,456
351861,5.29854,10.5902,456,48180,0.67672,0.69,1,135078,134622,456
354781,2.65971,3.71804,456,48180,0.671344,0.69,1,135080,134624,456
357701,2.13194,2.34361,456,48180,0.702269,0.69,1,135082,134626,456
360621,3.62639,3.66872,456,48180,0.676454,0.69,1,135086,134630,456
363541,2.32528,2.33374,456,48180,0.671291,0.69,1,135088,134632,456
366461,5.26506,5.26675,456,48180,0.702258,0.69,1,135094,134638,456
369381,4.25301,4.25335,456,49640,0.676452,0.69,1,135098,134642,456
372301,4.0506,0.85067,460,49640,0.67129,0.69,1,135102,134642,460
375221,5.61012,3.37013,462,49640,0.686258,0.69,1,135108,134646,462
378141,4.32202,5.47403,460,49640,0.689252,0.71,1,135112,134652,460
381061,6.4644,4.29481,463,49640,0.70585,0.71,1,135119,134656,463
383981,125.293,5.65896,612,49640,0.66117,0.71,1,135274,134662,612
386901,31.4586,125.932,464,49640,0.652234,0.71,1,135282,134818,464
389821,165.492,31.5864,655,49640,0.618447,0.71,1,135481,134826,655
392741,67.4983,166.317,498,49640,0.643689,0.67,1,135524,135026,498
395661,18.2997,68.4635,460,49640,0.648738,0.71,1,135530,135070,460
398581,5.25993,18.4927,456,49640,0.649748,0.67,1,135532,135076,456
401501,2.65199,5.29854,456,49640,0.649949,0.67,1,135534,135078,456
404421,2.1304,2.65971,456,49640,0.64999,0.71,1,135536,135080,456
407341,3.62608,2.13194,458,49640,0.649998,0.67,1,135540,135082,458
410261,2.32522,3.62639,456,49640,0.65,0.67,1,135542,135086,456
413181,5.26504,2.32528,460,49640,0.65,0.71,1,135548,135088,460
416101,2.65301,5.26506,456,49640,0.65,0.67,1,135550,135094,456
419021,3.7306,4.25301,456,49640,0.65,0.67,1,135554,135098,456
421941,3.94612,4.0506,456,49640,0.65,0.69,1,135558,135102,456
424861,5.58922,5.61012,456,49640,0.65,0.69,1,135564,135108,456
427781,4.31784,4.32202,456,49640,0.65,0.71,1,135568,135112,456
430701,5.66357,6.4644,455,49640,0.65,0.65,1,135574,135119,455
433621,124.333,125.293,454,49640,0.698,0.65,1,135728,135274,454
436541,31.2665,31.4586,454,49640,0.7076,0.61,1,135736,135282,454
439461,163.853,165.492,452,49640,0.70952,0.65,1,135933,135481,452
442381,68.7707,67.4983,454,49640,0.661904,0.65,1,135978,135524,454
445301,18.5541,18.2997,454,49640,0.652381,0.65,1,135984,135530,454
448221,5.31083,5.25993,454,49640,0.650476,0.65,1,135986,135532,454
451141,2.66217,2.65199,454,49640,0.650095,0.65,1,135988,135534,454
454061,2.13243,2.1304,454,49640,0.650019,0.65,1,135990,135536,454
456981,3.62649,3.62608,454,49640,0.650004,0.65,1,135994,135540,454
459901,2.3253,2.32522,454,49640,0.650001,0.65,1,135996,135542,454
462821,5.26506,5.26504,454,51100,0.65,0.65,1,136002,135548,454
465741,2.65301,2.65301,454,51100,0.65,0.65,1,136004,135550,454
468661,3.7306,3.7306,454,51100,0.666,0.65,1,136008,135554,454
471581,3.94612,3.94612,454,51100,0.6692,0.65,1,136012,135558,454
474501,5.58922,5.58922,454,51100,0.66984,0.65,1,136018,135564,454
477421,4.31784,4.31784,454,51100,0.669968,0.65,1,136022,135568,454
480341,6.46357,5.66357,455,51100,0.685994,0.71,1,136029,135574,455
483261,124.493,124.333,455,51100,0.641199,0.71,1,136183,135728,455
486181,31.2985,31.2665,455,51100,0.63224,0.71,1,136191,135736,455
489101,163.86,163.853,455,51100,0.630448,0.65,1,136388,135933,455
492021,67.9719,68.7707,454,51100,0.64609,0.65,1,136432,135978,454
494941,18.3944,18.5541,454,51100,0.681218,0.65,1,136438,135984,454
497861,5.27888,5.31083,454,51100,0.656244,0.65,1,136440,135986,454
500781,2.65578,2.66217,454,51100,0.651249,0.65,1,136442,135988,454
503701,2.13116,2.13243,454,51100,0.68225,0.65,1,136444,135990,454
506621,3.62623,3.62649,454,51100,0.65645,0.65,1,136448,135994,454
509541,2.32525,2.3253,454,52560,0.65129,0.65,1,136450,135996,454
512461,5.26505,0.465059,460,52560,0.682258,0.65,1,136456,135996,460
515381,2.65301,4.89301,456,52560,0.656452,0.65,1,136458,136002,456
518301,3.7306,2.5786,458,52560,0.66729,0.67,1,136462,136004,458
521221,3.94612,3.71572,458,52560,0.669458,0.67,1,136466,136008,458
524141,5.58922,3.94314,460,52560,0.669892,0.67,1,136472,136012,460
527061,4.31784,5.58863,458,52560,0.669978,0.67,1,136476,136018,458
529981,5.66357,4.31773,460,52560,0.669996,0.69,1,136482,136022,460
532901,123.533,6.46355,606,52560,0.685999,0.63,1,136635,136029,606
535821,31.1065,124.493,460,52560,0.6892,0.63,1,136643,136183,460
538741,163.821,31.2985,649,52560,0.67384,0.63,1,136840,136191,649
541661,68.7643,163.86,497,52560,0.654768,0.65,1,136885,136388,497
544581,18.5529,67.9719,459,52560,0.650954,0.69,1,136891,136432,459
547501,5.31057,18.3944,455,52560,0.650191,0.65,1,136893,136438,455
550421,2.66211,5.27888,455,52560,0.650038,0.65,1,136895,136440,455
553341,2.13242,2.65578,455,52560,0.650008,0.69,1,136897,136442,455
556261,3.62648,2.13116,457,52560,0.650002,0.65,1,136901,136444,457
559181,2.3253,3.62623,455,54020,0.65,0.65,1,136903,136448,455
562101,2.06506,2.32525,455,54020,0.65,0.69,1,136905,136450,455
565021,5.21301,5.26505,455,54020,0.65,0.65,1,136911,136456,455
567941,2.6426,2.65301,455,54020,0.666,0.67,1,136913,136458,455
570861,3.72852,3.7306,455,54020,0.6692,0.67,1,136917,136462,455
573781,3.9457,3.94612,455,54020,0.66984,0.67,1,136921,136466,455
576701,5.58914,5.58922,455,54020,0.669968,0.67,1,136927,136472,455
579621,5.11783,4.31784,456,54020,0.685994,0.67,1,136932,136476,456
582541,5.82357,5.66357,456,54020,0.689199,0.69,1,136938,136482,456
585461,123.565,123.533,456,54020,0.65784,0.69,1,137091,136635,456
588381,31.1129,31.1065,456,54020,0.651568,0.67,1,137099,136643,456
591301,163.023,163.821,455,54020,0.650314,0.65,1,137295,136840,455
594221,67.8045,68.7643,454,54020,0.666063,0.65,1,137339,136885,454
597141,18.3609,18.5529,454,54020,0.701213,0.65,1,137345,136891,454
600061,5.27218,5.31057,454,54020,0.676243,0.65,1,137347,136893,454
602981,2.65444,2.66211,454,54020,0.671249,0.65,1,137349,136895,454
605901,2.13089,2.13242,454,54020,0.70225,0.65,1,137351,136897,454
608821,3.62618,3.62648,454,55480,0.67645,0.65,1,137355,136901,454
611741,2.32524,0.725297,456,55480,0.67129,0.65,1,137357,136901,456
614661,2.06505,1.74506,456,55480,0.670258,0.65,1,137359,136903,456
617581,5.21301,1.94901,460,55480,0.686052,0.65,1,137365,136905,460
620501,2.6426,5.1898,456,55480,0.68921,0.67,1,137367,136911,456
623421,3.72852,2.63796,458,55480,0.689842,0.67,1,137371,136913,458
626341,3.9457,3.72759,458,55480,0.689968,0.67,1,137375,136917,458
629261,5.58914,3.94552,460,55480,0.689994,0.67,1,137381,136921,460
632181,4.31783,5.5891,458,55480,0.689999,0.69,1,137385,136927,458
635101,5.66357,5.11782,459,55480,0.69,0.69,1,137391,136932,459
638021,123.533,5.82356,606,55480,0.706,0.65,1,137544,136938,606
640941,31.1065,123.565,461,55480,0.7092,0.65,1,137552,137091,461
643861,163.021,31.1129,649,55480,0.69384,0.65,1,137748,137099,649
646781,68.6043,163.023,498,55480,0.674768,0.67,1,137793,137295,498
649701,18.5209,67.8045,460,55480,0.670954,0.71,1,137799,137339,460
652621,5.30417,18.3609,456,55480,0.670191,0.67,1,137801,137345,456
655541,2.66083,5.27218,456,55480,0.670038,0.67,1,137803,137347,456
658461,2.13217,2.65444,456,55480,0.670008,0.71,1,137805,137349,456
661381,2.02643,2.13089,456,56940,0.670002,0.67,1,137807,137351,456
664301,3.60529,3.62618,456,56940,0.67,0.67,1,137811,137355,456
667221,2.32106,2.32524,456,56940,0.67,0.67,1,137813,137357,456
670141,2.06421,2.06505,456,56940,0.67,0.69,1,137815,137359,456
673061,5.21284,5.21301,456,56940,0.686,0.69,1,137821,137365,456
675981,2.64257,2.6426,456,56940,0.6892,0.69,1,137823,137367,456
678901,3.72851,3.72852,456,56940,0.68984,0.69,1,137827,137371,456
681821,3.9457,3.9457,456,56940,0.689968,0.69,1,137831,137375,456
684741,5.58914,5.58914,456,56940,0.689994,0.69,1,137837,137381,456
687661,5.11783,4.31783,457,56940,0.705999,0.69,1,137842,137385,457
690581,6.62357,5.66357,458,56940,0.6932,0.71,1,137849,137391,458
693501,122.925,123.533,457,56940,0.67464,0.71,1,138001,137544,457
696421,30.9849,31.1065,457,56940,0.670928,0.69,1,138009,137552,457
699341,162.197,163.021,456,56940,0.670186,0.67,1,138204,137748,456
702261,67.6394,68.6043,455,56940,0.686037,0.67,1,138248,137793,455
705181,18.3279,18.5209,455,56940,0.721207,0.67,1,138254,137799,455
708101,5.26558,5.30417,455,56940,0.696241,0.67,1,138256,137801,455
711021,2.65312,2.66083,455,56940,0.691248,0.67,1,138258,137803,455
713941,2.13062,2.13217,455,58400,0.72225,0.67,1,138260,137805,455
716861,2.02612,0.426433,457,58400,0.69645,0.67,1,138262,137805,457
719781,3.60522,1.68529,459,58400,0.69129,0.67,1,138266,137807,459
722701,2.32104,3.53706,457,58400,0.690258,0.67,1,138268,137811,457
725621,2.06421,2.30741,457,58400,0.706052,0.67,1,138270,137813,457
728541,5.21284,2.06148,461,58400,0.70921,0.69,1,138276,137815,461
731461,2.64257,5.2123,457,58400,0.709842,0.69,1,138278,137821,457
734381,3.72851,2.64246,459,58400,0.709968,0.69,1,138282,137823,459
737301,3.9457,3.72849,459,58400,0.709994,0.69,1,138286,137827,459
740221,5.58914,3.9457,461,58400,0.709999,0.69,1,138292,137831,461
743141,4.31783,5.58914,459,58400,0.71,0.71,1,138296,137837,459
746061,5.66357,5.11783,460,58400,0.71,0.69,1,138302,137842,460
748981,123.533,6.62357,606,58400,0.726,0.67,1,138455,137849,606
751901,31.1065,122.925,462,58400,0.7292,0.67,1,138463,138001,462
754821,162.221,30.9849,649,58400,0.71384,0.67,1,138658,138009,649
757741,68.4443,162.197,499,58400,0.694768,0.69,1,138703,138204,499
760661,18.4889,67.6394,461,58400,0.690954,0.73,1,138709,138248,461
763581,5.29777,18.3279,457,58400,0.690191,0.69,1,138711,138254,457
766501,2.65955,5.26558,457,58400,0.690038,0.69,1,138713,138256,457
769421,2.13191,2.65312,457,59860,0.690008,0.73,1,138715,138258,457
772341,2.02638,2.13062,457,59860,0.690002,0.69,1,138717,138260,457
775261,2.00528,2.02612,457,59860,0.69,0.69,1,138719,138262,457
778181,3.60106,3.60522,457,59860,0.69,0.69,1,138723,138266,457
781101,2.32021,2.32104,457,59860,0.706,0.71,1,138725,138268,457
784021,2.06404,2.06421,457,59860,0.7092,0.71,1,138727,138270,457
786941,5.21281,5.21284,457,59860,0.70984,0.71,1,138733,138276,457
789861,2.64256,2.64257,457,59860,0.709968,0.71,1,138735,138278,457
792781,3.72851,3.72851,457,59860,0.709994,0.71,1,138739,138282,457
795701,3.9457,3.9457,457,59860,0.709999,0.71,1,138743,138286,457
798621,6.38914,5.58914,458,59860,0.726,0.71,1,138750,138292,458
801541,4.47783,4.31783,458,59860,0.7292,0.71,1,138754,138296,458
804461,6.49557,5.66357,459,59860,0.71384,0.73,1,138761,138302,459
807381,122.899,123.533,458,59860,0.694768,0.73,1,138913,138455,458
810301,30.9798,31.1065,458,59860,0.690954,0.71,1,138921,138463,458
813221,161.396,162.221,457,59860,0.690191,0.69,1,139115,138658,457
816141,67.4792,68.4443,456,59860,0.706038,0.69,1,139159,138703,456
819061,18.2958,18.4889,456,59860,0.741208,0.69,1,139165,138709,456
821981,5.25917,5.29777,456,59860,0.716242,0.69,1,139167,138711,456
824901,2.65183,2.65955,456,61320,0.711248,0.69,1,139169,138713,456
827821,2.13037,0.531911,458,61320,0.74225,0.69,1,139171,138713,458
830741,2.02607,1.70638,458,61320,0.71645,0.69,1,139173,138715,458
833661,2.00521,1.94128,458,61320,0.71129,0.69,1,139175,138717,458
836581,3.60104,1.98826,460,61320,0.726258,0.69,1,139179,138719,460
839501,2.32021,3.59765,458,61320,0.729252,0.71,1,139181,138723,458
842421,2.06404,2.31953,458,61320,0.72985,0.71,1,139183,138725,458
845341,5.21281,2.06391,462,61320,0.73797,0.71,1,139189,138727,462
848261,2.64256,5.21278,458,61320,0.731594,0.71,1,139191,138733,458
851181,3.72851,2.64256,460,61320,0.730319,0.71,1,139195,138735,460
854101,3.9457,3.72851,460,61320,0.730064,0.71,1,139199,138739,460
857021,5.58914,3.9457,462,61320,0.730013,0.73,1,139205,138743,462
859941,4.31783,6.38914,459,61320,0.730003,0.73,1,139209,138750,459
862861,5.66357,4.47783,461,61320,0.746001,0.71,1,139215,138754,461
865781,123.533,6.49557,607,61320,0.7492,0.69,1,139368,138761,607
868701,31.1065,122.899,463,61320,0.74984,0.69,1,139376,138913,463
871621,161.421,30.9798,649,61320,0.733968,0.69,1,139570,138921,649
874541,68.2843,161.396,500,61320,0.714794,0.71,1,139615,139115,500
877461,18.4569,67.4792,462,61320,0.710959,0.75,1,139621,139159,462
880381,5.29137,18.2958,458,61320,0.710192,0.71,1,139623,139165,458
883301,2.65827,5.25917,458,62780,0.710038,0.71,1,139625,139167,458
886221,2.13165,2.65183,458,62780,0.710008,0.75,1,139627,139169,458
889141,2.02633,2.13037,458,62780,0.710002,0.71,1,139629,139171,458
892061,2.00527,2.02607,458,62780,0.71,0.71,1,139631,139173,458
894981,2.00105,2.00521,458,62780,0.71,0.73,1,139633,139175,458
897901,3.60021,3.60104,458,62780,0.726,0.73,1,139637,139179,458
900821,2.32004,2.32021,458,62780,0.7292,0.73,1,139639,139181,458
903741,2.06401,2.06404,458,62780,0.72984,0.74,1,139641,139183,458
906661,5.2128,5.21281,458,62780,0.729968,0.73,1,139647,139189,458
909581,2.64256,2.64256,458,62780,0.729994,0.73,1,139649,139191,458
912501,3.72851,3.72851,458,62780,0.729999,0.73,1,139653,139195,458
915421,3.9457,3.9457,458,62780,0.73,0.73,1,139657,139199,458
918341,6.38914,5.58914,459,62780,0.746,0.73,1,139664,139205,459
921261,4.47783,4.31783,459,62780,0.7492,0.75,1,139668,139209,459
924181,6.49557,5.66357,460,62780,0.73384,0.75,1,139675,139215,460
927101,122.899,123.533,459,62780,0.714768,0.75,1,139827,139368,459
930021,30.9798,31.1065,459,62780,0.710954,0.73,1,139835,139376,459
932941,160.596,161.421,458,62780,0.718191,0.71,1,140028,139570,458
935861,67.3192,68.2843,457,62780,0.727638,0.71,1,140072,139615,457
938781,18.2638,18.4569,457,62780,0.761528,0.71,2,140078,139621,457
941701,5.25277,5.29137,457,64240,0.736306,0.71,1,140080,139623,457
944621,2.65055,1.05827,459,64240,0.731261,0.71,1,140082,139623,459
947541,2.13011,1.81165,459,64240,0.762252,0.71,2,140084,139625,459
950461,2.02602,1.96233,459,64240,0.73645,0.71,1,140086,139627,459
953381,2.0052,1.99247,459,64240,0.73129,0.71,1,140088,139629,459
956301,2.00104,1.99849,459,64240,0.746258,0.71,1,140090,139631,459
959221,3.60021,1.9997,461,64240,0.749252,0.73,1,140094,139633,461
962141,2.32004,3.59994,459,64240,0.74985,0.73,1,140096,139637,459
965061,2.06401,2.31999,459,64240,0.74997,0.73,1,140098,139639,459
967981,5.2128,2.064,463,64240,0.749994,0.73,1,140104,139641,463
970901,2.64256,5.2128,459,64240,0.749999,0.73,1,140106,139647,459
973821,3.72851,2.64256,461,64240,0.75,0.73,1,140110,139649,461
976741,3.9457,3.72851,461,64240,0.75,0.73,1,140114,139653,461
979661,5.58914,3.9457,463,64240,0.75,0.75,1,140120,139657,463
982581,4.31783,6.38914,460,64240,0.75,0.75,1,140124,139664,460
985501,5.66357,4.47783,462,64240,0.766,0.73,2,140130,139668,462
988421,123.533,6.49557,608,64240,0.7692,0.71,2,140283,139675,608
991341,31.1065,122.899,464,64240,0.76984,0.71,2,140291,139827,464
1003021,2,6,459,65700,0.93,0.73,2,140537,140078,459
1005941,2,2.8,459,65700,0.93,0.73,2,140539,140080,459
1008861,2,2.16,459,65700,0.93,0.77,2,140541,140082,459
1011781,2,2.032,459,65700,0.93,0.73,2,140543,140084,459
1014701,2,2.0064,459,65700,0.93,0.73,2,140545,140086,459
1017621,2,2.00128,459,65700,0.946,0.75,2,140547,140088,459
1379701,59,200,521,49275,0.67,1,1,143363,142842,521
1382621,24.6,89.6,475,49275,0.702,1,1,143379,142904,475
1385541,12.92,26.72,474,49275,0.7164,1,1,143389,142915,474
1388461,9.784,11.744,475,49275,0.69528,1,1,143398,142923,475
1391381,8.3568,7.9488,476,49275,0.691056,1,1,143406,142930,476
1394301,4.07136,6.38976,473,49275,0.674211,1,1,143409,142936,473
1397221,6.41427,7.67795,472,49275,0.670842,0.96,1,143416,142944,472
1400141,9.28285,9.53559,472,49275,0.654168,0.96,1,143426,142954,472
1403061,5.05657,6.70712,470,49275,0.650834,0.95,1,143430,142960,470
1405981,5.81131,5.34142,471,49275,0.650167,0.93,1,143436,142965,471
1408901,4.36226,7.46828,467,49275,0.650033,0.91,1,143440,142973,467
1411821,12.8725,11.0937,470,49275,0.682007,0.9,1,143455,142985,470
1414741,11.3745,13.4187,467,49275,0.672401,0.85,1,143466,142999,467
1417661,3.8749,5.88375,465,49275,0.67048,0.81,1,143468,143003,465
1420581,6.37498,5.17675,467,49275,0.654096,0.83,1,143475,143008,467
1423501,227.675,74.6353,658,49275,0.634819,0.71,1,143758,143100,658
1426421,92.735,178.127,513,49275,0.662964,0.67,1,143817,143304,513
1429341,32.947,82.8254,472,49275,0.668593,0.71,1,143835,143363,472
1432261,12.9894,29.3651,464,49275,0.669719,0.72,1,143843,143379,464
1435181,8.99788,13.873,462,49275,0.669944,0.69,1,143851,143389,462
1438101,9.79958,9.9746,463,49275,0.669989,0.69,1,143861,143398,463
1441021,3.55992,8.39492,457,49275,0.669998,0.67,1,143863,143406,457
1443941,5.51198,4.07898,460,49275,0.67,0.67,1,143869,143409,460
1446861,9.1024,6.4158,463,49275,0.67,0.65,1,143879,143416,463
1449781,5.02048,9.28316,457,49275,0.67,0.65,1,143883,143426,457
1452701,6.6041,5.05663,460,49275,0.686,0.65,1,143890,143430,460
1455621,4.52082,5.81133,458,49275,0.6892,0.65,1,143894,143436,458
1458541,12.1042,4.36227,468,49275,0.68984,0.69,1,143908,143440,468
1461461,12.0208,12.8725,465,49275,0.689968,0.67,1,143920,143455,465
1464381,4.00417,11.3745,456,49275,0.689994,0.67,1,143922,143466,456
1467301,6.40083,3.8749,461,49275,0.673999,0.65,1,143929,143468,461
1468761,162.88,6.37498,656,49275,0.6708,0.63,1,144131,143475,656
1471681,96.576,227.675,453,49275,0.68616,0.67,1,144211,143758,453
1474601,68.1152,92.735,455,49275,0.689232,0.67,1,144272,143817,455
1477521,28.023,32.947,455,49275,0.721846,0.67,1,144290,143835,455
1480441,12.0046,12.9894,455,49275,0.736369,0.67,1,144298,143843,455
1483361,8.80092,8.99788,455,49275,0.731274,0.67,1,144306,143851,455
1486281,9.76018,9.79958,455,49275,0.698255,0.67,1,144316,143861,455
1489201,3.55204,3.55992,455,49275,0.691651,0.67,1,144318,143863,455
1492121,5.51041,5.51198,455,49275,0.70633,0.67,1,144324,143869,455
1495041,9.10208,9.1024,455,49275,0.677266,0.67,1,144334,143879,455
1497961,5.02042,5.02048,455,49275,0.671453,0.69,1,144338,143883,455
1500881,7.40408,6.6041,456,49275,0.702291,0.69,1,144346,143890,456
1503801,4.68082,4.52082,456,49275,0.708458,0.69,1,144350,143894,456
1506721,12.1362,12.1042,456,49275,0.677692,0.69,1,144364,143908,456
1509641,12.0272,12.0208,456,49275,0.671538,0.69,1,144376,143920,456
1512561,4.00545,4.00417,456,49275,0.670308,0.67,1,144378,143922,456
1515481,5.60109,6.40083,455,49640,0.670062,0.67,1,144384,143929,455
1518401,225.12,162.88,533,49640,0.686012,0.69,1,144664,144131,533
1521321,95.424,96.576,516,49640,0.689202,0.69,1,144727,144211,516
1524241,33.4848,68.1152,473,49640,0.68984,0.73,1,144745,144272,473
1527161,13.097,28.023,463,49640,0.689968,0.74,1,144753,144290,463
1530081,9.01939,12.0046,463,49640,0.689994,0.73,1,144761,144298,463
1533001,9.00388,8.80092,464,49640,0.705999,0.69,1,144770,144306,464
1535921,3.40078,9.76018,456,49640,0.7092,0.69,1,144772,144316,456
1538841,5.48016,3.55204,460,49640,0.69384,0.71,1,144778,144318,460
1541761,9.09603,5.51041,464,49640,0.690768,0.67,1,144788,144324,464
1544681,5.01921,9.10208,458,49640,0.690154,0.67,1,144792,144334,458
1547601,6.60384,5.02042,461,49640,0.706031,0.71,1,144799,144338,461
1550521,5.32077,7.40408,458,49640,0.693206,0.71,1,144804,144346,458
1553441,12.2642,4.68082,468,49640,0.690641,0.67,1,144818,144350,468
1556361,12.0528,12.1362,466,49640,0.690128,0.67,1,144830,144364,466
1559281,4.01057,12.0272,456,49640,0.690026,0.67,1,144832,144376,456
1562201,2.40211,4.00545,456,51100,0.690005,0.67,1,144834,144378,456
1565121,5.28042,5.60109,456,51100,0.690001,0.69,1,144840,144384,456
1568041,225.056,225.12,456,51100,0.754,0.69,2,145120,144664,456
1570961,95.4112,95.424,456,51100,0.7668,0.69,2,145183,144727,456
1573881,33.4822,33.4848,456,51100,0.76936,0.69,2,145201,144745,456
1576801,13.0964,13.097,456,51100,0.769872,0.69,2,145209,144753,456
1579721,9.01929,9.01939,456,51100,0.769974,0.71,2,145217,144761,456
1582641,9.00386,9.00388,456,51100,0.753995,0.71,2,145226,144770,456
1585561,3.40077,3.40078,456,51100,0.750799,0.69,2,145228,144772,456
1588481,5.48015,5.48016,456,51100,0.76616,0.69,2,145234,144778,456
1591401,9.09603,9.09603,456,51100,0.737232,0.69,1,145244,144788,456
1594321,5.01921,5.01921,456,51100,0.731446,0.71,1,145248,144792,456
1597241,5.80384,6.60384,455,51100,0.730289,0.69,1,145254,144799,455
1600161,5.96077,5.32077,456,51100,0.762058,0.69,2,145260,144804,456
1603081,12.3922,12.2642,456,51100,0.736412,0.69,1,145274,144818,456
1606001,12.0784,12.0528,456,51100,0.731282,0.69,1,145286,144830,456
1608921,4.01569,4.01057,456,52560,0.730256,0.69,1,145288,144832,456
1611841,2.40314,0.802113,458,52560,0.762051,0.69,2,145290,144832,458
1614761,5.28063,1.76042,462,52560,0.73641,0.69,1,145296,144834,462
1616221,161.856,5.15208,657,52560,0.731282,0.77,1,145497,144840,657
1619141,97.1712,225.03,458,52560,0.778256,0.77,2,145578,145120,458
1622061,69.8342,95.4061,458,52560,0.819651,0.77,2,145641,145183,458
1624981,28.3668,33.4812,458,52560,0.82793,0.77,2,145659,145201,458
1627901,12.0734,13.0962,458,52560,0.829586,0.77,2,145667,145209,458
1630821,8.81467,9.01925,458,52560,0.829917,0.75,2,145675,145217,458
1633741,8.96293,9.00385,458,52560,0.813983,0.75,2,145684,145226,458
1636661,3.39259,3.40077,458,52560,0.810797,0.77,2,145686,145228,458
1639581,5.47852,5.48015,458,52560,0.826159,0.73,2,145692,145234,458
1642501,9.0957,9.09603,458,52560,0.797232,0.73,2,145702,145244,458
1645421,5.01914,5.01921,458,52560,0.791446,0.73,2,145706,145248,458
1648341,5.80383,5.80384,458,52560,0.790289,0.77,2,145712,145254,458
1651261,5.96077,5.96077,458,52560,0.822058,0.73,2,145718,145260,458
1654181,12.3922,12.3922,458,52560,0.796412,0.73,2,145732,145274,458
1657101,12.0784,12.0784,458,54020,0.807282,0.73,2,145744,145286,458
1660021,4.01569,2.41569,460,54020,0.809456,0.73,2,145746,145286,460
1662941,2.40314,2.08314,460,54020,0.841891,0.77,2,145748,145288,460
1665861,5.28063,2.01663,464,54020,0.816378,0.73,2,145754,145290,464
1667321,161.856,5.20333,659,54020,0.779276,0.73,2,145955,145296,659
1670241,97.1712,161.841,539,54020,0.771855,0.79,2,146036,145497,539
1673161,71.4342,97.1681,523,54020,0.802371,0.83,2,146101,145578,523
1676081,28.6868,69.8336,478,54020,0.808474,0.83,2,146119,145641,478
1679001,12.1374,28.3667,468,54020,0.809695,0.83,2,146127,145659,468
1681921,8.82747,12.0733,468,54020,0.809939,0.83,2,146135,145667,468
1684841,8.96549,8.81467,469,54020,0.825988,0.81,2,146144,145675,469
1687761,3.3931,8.96293,462,54020,0.845197,0.81,2,146146,145684,462
1690681,5.47862,3.39259,466,54020,0.81704,0.83,2,146152,145686,466
1693601,9.09572,5.47852,470,54020,0.811408,0.79,2,146162,145692,470
1696521,5.01914,9.0957,464,54020,0.810282,0.79,2,146166,145702,464
1699441,5.80383,5.01914,466,54020,0.810056,0.79,2,146172,145706,466
1702361,5.96077,5.80383,466,54020,0.810011,0.83,2,146178,145712,466
1705281,12.3922,5.96077,474,54020,0.810002,0.79,2,146192,145718,474
1708201,4.07843,12.3922,462,55480,0.81,0.81,2,146194,145732,462
1711121,10.4157,12.0784,462,55480,0.826,0.81,2,146206,145744,462
1714041,3.68314,4.01569,462,55480,0.8292,0.85,2,146208,145746,462
1716961,2.33663,2.40314,462,55480,0.86184,0.81,2,146210,145748,462
1719881,5.26733,5.28063,462,55480,0.836368,0.77,2,146216,145754,462
1722801,224.253,161.856,540,55480,0.831274,0.77,2,146495,145955,540
1725721,98.4507,97.1712,526,55480,0.830255,0.81,2,146562,146036,526
1728641,34.0901,71.4342,479,55480,0.830051,0.81,2,146580,146101,479
1731561,13.218,28.6868,469,55480,0.83001,0.81,2,146588,146119,469
1734481,9.84361,12.1374,470,55480,0.846002,0.81,2,146597,146127,470
1737401,8.36872,8.82747,470,55480,0.8492,0.83,2,146605,146135,470
1740321,3.27374,8.96549,463,55480,0.83384,0.85,2,146607,146144,463
1743241,5.45475,3.3931,467,55480,0.830768,0.81,2,146613,146146,467
1746161,9.09095,5.47862,471,55480,0.814154,0.81,2,146623,146152,471
1749081,5.01819,9.09572,465,55480,0.810831,0.81,2,146627,146162,465
1752001,5.80364,5.01914,467,55480,0.810166,0.81,2,146633,146166,467
1754921,5.96073,5.80383,467,55480,0.810033,0.81,2,146639,146172,467
1757841,12.3921,5.96077,475,55480,0.810007,0.81,2,146653,146178,475
1760761,4.07843,12.3922,463,55480,0.810001,0.81,2,146655,146192,463
1763681,2.41569,4.07843,463,55480,0.81,0.83,2,146657,146194,463
1766601,10.0831,10.4157,463,55480,0.81,0.83,2,146669,146206,463
1769521,3.61663,3.68314,463,55480,0.81,0.87,2,146671,146208,463
1772441,2.32333,2.33663,463,55480,0.842,0.83,2,146673,146210,463
1775361,5.26467,5.26733,463,55480,0.8164,0.83,2,146679,146216,463
1778281,224.253,224.253,463,55480,0.84328,0.83,2,146958,146495,463
1781201,98.4506,98.4507,463,55480,0.848656,0.83,2,147025,146562,463
1784121,34.0901,34.0901,463,55480,0.849731,0.83,2,147043,146580,463
1787041,13.218,13.218,463,55480,0.849946,0.85,2,147051,146588,463
1789961,9.8436,9.84361,463,55480,0.833989,0.85,2,147060,146597,463
1792881,7.56872,8.36872,462,55480,0.846798,0.83,2,147067,146605,462
1795801,3.11374,3.27374,462,55480,0.83336,0.83,2,147069,146607,462
1798721,5.42275,5.45475,462,55480,0.830672,0.81,2,147075,146613,462
1801641,9.08455,9.09095,462,55480,0.814134,0.81,2,147085,146623,462
1804561,5.01691,5.01819,462,55480,0.810827,0.81,2,147089,146627,462
1807481,5.80338,5.80364,462,55480,0.810165,0.81,2,147095,146633,462
1810401,5.96068,5.96073,462,55480,0.810033,0.81,2,147101,146639,462
1813321,12.3921,12.3921,462,55480,0.810007,0.81,2,147115,146653,462
1816241,4.07843,4.07843,462,55480,0.842001,0.81,2,147117,146655,462
1819161,2.41569,2.41569,462,55480,0.8164,0.81,2,147119,146657,462
1822081,10.0831,10.0831,462,55480,0.81128,0.81,2,147131,146669,462
1825001,3.61663,3.61663,462,55480,0.810256,0.85,2,147133,146671,462
1827921,2.32333,2.32333,462,55480,0.842051,0.81,2,147135,146673,462
1830841,5.26467,5.26467,462,55480,0.81641,0.85,2,147141,146679,462
1833761,224.253,224.253,462,55480,0.843282,0.85,2,147420,146958,462
1836681,98.4506,98.4506,462,55480,0.800656,0.85,2,147487,147025,462
1839601,34.0901,34.0901,462,55480,0.824131,0.85,2,147505,147043,462
1842521,13.218,13.218,462,55480,0.828826,0.83,2,147513,147051,462
1845441,9.8436,9.8436,462,55480,0.813765,0.85,2,147522,147060,462
1848361,7.56872,7.56872,462,55480,0.794753,0.83,2,147529,147067,462
1851281,3.11374,3.11374,462,55480,0.806951,0.83,2,147531,147069,462
1854201,5.42275,5.42275,462,55480,0.80939,0.81,2,147537,147075,462
1857121,9.08455,9.08455,462,55480,0.777878,0.81,2,147547,147085,462
1860041,5.01691,5.01691,462,55480,0.771576,0.81,2,147551,147089,462
1862961,5.80338,5.80338,462,55480,0.770315,0.81,2,147557,147095,462
1865881,5.96068,5.96068,462,55480,0.802063,0.81,2,147563,147101,462
1868801,12.3921,12.3921,462,55480,0.776413,0.85,2,147577,147115,462
1871721,4.07843,4.07843,462,55480,0.803283,0.81,2,147579,147117,462
1874641,2.41569,2.41569,462,55480,0.776657,0.81,2,147581,147119,462
1877561,10.0831,10.0831,462,55480,0.771331,0.81,2,147593,147131,462
1880481,3.61663,3.61663,462,55480,0.770266,0.85,2,147595,147133,462
1883401,2.32333,2.32333,462,55480,0.802053,0.81,2,147597,147135,462
1886321,5.26467,5.26467,462,55480,0.776411,0.85,2,147603,147141,462
1889241,224.253,224.253,462,55480,0.787282,0.79,2,147882,147420,462
1892161,97.6506,98.4506,461,55480,0.789456,0.83,2,147948,147487,461
1895081,33.9301,34.0901,461,55480,0.789891,0.83,2,147966,147505,461
1898001,13.186,13.218,461,55480,0.789978,0.81,2,147974,147513,461
1900921,9.8372,9.8436,461,55480,0.773996,0.79,2,147983,147522,461
1903841,6.76744,7.56872,460,55480,0.770799,0.81,2,147989,147529,460
1906761,2.95349,3.11374,460,55480,0.78616,0.81,2,147991,147531,460
1909681,5.3907,5.42275,460,55480,0.757232,0.77,2,147997,147537,460
1912601,9.07814,9.08455,460,55480,0.751446,0.77,2,148007,147547,460
1915521,5.01563,5.01691,460,55480,0.750289,0.77,2,148011,147551,460
1918441,5.80313,5.80338,460,56940,0.750058,0.81,2,148017,147557,460
1921361,5.96063,5.96068,460,56940,0.798012,0.77,2,148023,147563,460
1924281,12.3921,12.3921,460,56940,0.775602,0.81,2,148037,147577,460
1927201,4.07842,4.07843,460,56940,0.77112,0.77,2,148039,147579,460
1930121,2.41568,2.41569,460,56940,0.770224,0.77,2,148041,147581,460
1933041,10.0831,10.0831,460,56940,0.770045,0.77,2,148053,147593,460
1935961,3.61663,3.61663,460,56940,0.770009,0.81,2,148055,147595,460
1938881,2.32333,2.32333,460,56940,0.770002,0.77,2,148057,147597,460
1941801,5.26467,5.26467,460,56940,0.77,0.79,2,148063,147603,460
1944721,223.453,224.253,459,56940,0.786,0.79,2,148341,147882,459
1947641,97.4906,97.6506,459,56940,0.7892,0.79,2,148407,147948,459
1950561,33.8981,33.9301,459,56940,0.78984,0.79,2,148425,147966,459
1953481,13.1796,13.186,459,56940,0.789968,0.77,2,148433,147974,459
1956401,9.83592,9.8372,459,56940,0.773994,0.77,2,148442,147983,459
1959321,6.76719,6.76744,459,56940,0.770799,0.79,2,148448,147989,459
1962241,2.95344,2.95349,459,56940,0.78616,0.75,2,148450,147991,459
1965161,5.39069,5.3907,459,56940,0.757232,0.75,2,148456,147997,459
1968081,9.07814,9.07814,459,56940,0.751446,0.75,2,148466,148007,459
1971001,5.01563,5.01563,459,58400,0.750289,0.75,2,148470,148011,459
1973921,5.80313,1.00313,465,58400,0.750058,0.75,2,148476,148011,465
1976841,5.96063,5.00063,465,58400,0.766012,0.81,2,148482,148017,465
1979761,12.3921,5.80013,473,58400,0.769202,0.77,2,148496,148023,473
1982681,4.07842,12.36,461,58400,0.76984,0.77,2,148498,148037,461
1985601,2.41568,4.072,461,58400,0.769968,0.77,2,148500,148039,461
1988521,10.0831,2.4144,471,58400,0.769994,0.77,2,148512,148041,471
1991441,3.61663,10.0829,461,58400,0.769999,0.77,2,148514,148053,461
1994361,2.32333,3.61658,461,58400,0.77,0.77,2,148516,148055,461
1997281,5.26467,2.32332,465,58400,0.77,0.77,2,148522,148057,465
1998741,161.853,5.26466,660,58400,0.754,0.79,2,148723,148063,660
2001661,93.9706,223.453,459,58400,0.7828,0.79,2,148800,148341,459
2004581,71.5941,97.4906,459,58400,0.78856,0.79,2,148866,148407,459
2007501,28.7188,33.8981,459,58400,0.789712,0.79,2,148884,148425,459
2010421,12.1438,13.1796,459,58400,0.789942,0.77,2,148892,148433,459
2013341,9.62875,9.83592,459,58400,0.773988,0.77,2,148901,148442,459
2016261,6.72575,6.76719,459,58400,0.770798,0.79,2,148907,148448,459
2019181,2.94515,2.95344,459,58400,0.78616,0.75,2,148909,148450,459
2022101,5.38903,5.39069,459,58400,0.757232,0.75,2,148915,148456,459
2025021,9.07781,9.07814,459,59860,0.751446,0.75,2,148925,148466,459
2027941,5.01556,1.81563,463,59860,0.766289,0.75,2,148929,148466,463
2030861,5.80311,3.56313,465,59860,0.769258,0.75,2,148935,148470,465
2033781,5.96062,5.51263,465,59860,0.769852,0.77,2,148941,148476,465
2036701,12.3921,5.90253,473,59860,0.76997,0.77,2,148955,148482,473
2039621,4.07842,12.3805,461,59860,0.769994,0.77,2,148957,148496,461
2042541,2.41568,4.0761,461,59860,0.769999,0.77,2,148959,148498,461
2045461,10.0831,2.41522,471,59860,0.77,0.77,2,148971,148500,471
2048381,3.61663,10.083,461,59860,0.77,0.77,2,148973,148512,461
2051301,2.32333,3.61661,461,59860,0.77,0.77,2,148975,148514,461
2054221,5.26467,2.32332,465,59860,0.77,0.77,2,148981,148516,465
2055681,161.853,5.26466,660,59860,0.754,0.75,2,149182,148522,660
2058601,93.1706,161.853,535,59860,0.7668,0.79,2,149258,148723,535
2061521,71.4341,93.9706,524,59860,0.76936,0.79,2,149324,148800,524
2064441,28.6868,71.5941,476,59860,0.769872,0.79,2,149342,148866,476
2067361,12.1374,28.7188,466,59860,0.769974,0.79,2,149350,148884,466
2070281,9.62747,12.1438,467,59860,0.785995,0.77,2,149359,148892,467
2073201,6.72549,9.62875,464,59860,0.757199,0.77,2,149365,148901,464
2076121,2.9451,6.72575,460,59860,0.76744,0.79,2,149367,148907,460
2079041,5.38902,2.94515,464,59860,0.769488,0.75,2,149373,148909,464
2081961,2.6778,5.38903,460,59860,0.769898,0.75,2,149375,148915,460
2084881,8.53556,9.07781,460,59860,0.76998,0.77,2,149385,148925,460
2087801,4.90711,5.01556,460,59860,0.769996,0.77,2,149389,148929,460
2090721,5.78142,5.80311,460,59860,0.769999,0.77,2,149395,148935,460
2093641,5.95628,5.96062,460,59860,0.802,0.77,2,149401,148941,460
2096561,12.3913,12.3921,460,59860,0.7764,0.77,2,149415,148955,460
2099481,4.07825,4.07842,460,59860,0.80328,0.77,2,149417,148957,460
2102401,2.41565,2.41568,460,59860,0.776656,0.77,2,149419,148959,460
2105321,10.0831,10.0831,460,59860,0.771331,0.77,2,149431,148971,460
2108241,3.61663,3.61663,460,59860,0.770266,0.77,2,149433,148973,460
2111161,2.32333,2.32333,460,59860,0.802053,0.77,2,149435,148975,460
2114081,5.26467,5.26467,460,59860,0.776411,0.75,2,149441,148981,460
2117001,221.853,161.853,535,59860,0.771282,0.77,2,149717,149182,535
2119921,97.1706,93.1706,525,59860,0.770256,0.77,2,149783,149258,525
2122841,33.8341,71.4341,477,59860,0.770051,0.77,2,149801,149324,477
2125761,13.1668,28.6868,467,59860,0.77001,0.77,2,149809,149342,467
2128681,9.83336,12.1374,468,59860,0.786002,0.79,2,149818,149350,468
2131601,6.76667,9.62747,465,59860,0.7572,0.75,2,149824,149359,465
2134521,2.95333,6.72549,461,59860,0.76744,0.77,2,149826,149365,461
2137441,5.39067,2.9451,465,59860,0.769488,0.77,2,149832,149367,465
2140361,2.67813,5.38902,461,61320,0.769898,0.77,2,149834,149373,461
2143281,8.53563,2.6778,469,61320,0.78598,0.77,2,149844,149375,469
2146201,4.90713,8.53556,463,61320,0.789196,0.77,2,149848,149385,463
2149121,5.78143,4.90711,465,61320,0.789839,0.77,2,149854,149389,465
2152041,5.95629,5.78142,465,61320,0.789968,0.81,2,149860,149395,465
2154961,12.3913,5.95628,473,61320,0.789994,0.77,2,149874,149401,473
2157881,4.07825,12.3913,461,61320,0.789999,0.81,2,149876,149415,461
2160801,2.41565,4.07825,461,61320,0.79,0.77,2,149878,149417,461
2163721,10.0831,2.41565,471,61320,0.79,0.77,2,149890,149419,471
2166641,3.61663,10.0831,461,61320,0.79,0.77,2,149892,149431,461
2169561,2.32333,3.61663,461,61320,0.79,0.81,2,149894,149433,461
2172481,5.26467,2.32333,465,61320,0.79,0.77,2,149900,149435,465
2173941,161.853,5.26467,660,61320,0.774,0.77,2,150101,149441,660
2176861,93.1706,221.853,460,61320,0.8188,0.77,2,150177,149717,460
2179781,71.4341,97.1706,460,61320,0.82776,0.77,2,150243,149783,460
2182701,28.6868,33.8341,460,61320,0.829552,0.77,2,150261,149801,460
2185621,12.1374,13.1668,460,61320,0.82991,0.79,2,150269,149809,460
2188541,9.62747,9.83336,460,61320,0.813982,0.75,2,150278,149818,460
2191461,6.72549,6.76667,460,61320,0.810796,0.77,2,150284,149824,460
2194381,2.9451,2.95333,460,61320,0.842159,0.77,2,150286,149826,460
2197301,5.38902,5.39067,460,61320,0.816432,0.77,2,150292,149832,460
2200221,2.6778,1.07813,462,61320,0.811286,0.77,2,150294,149832,462
2203141,8.53556,1.81563,470,61320,0.810257,0.79,2,150304,149834,470
2206061,4.90711,8.36313,464,61320,0.810052,0.79,2,150308,149844,464
2208981,5.78142,4.87263,466,61320,0.81001,0.79,2,150314,149848,466
2211901,5.95628,5.77453,466,61320,0.810002,0.79,2,150320,149854,466
2214821,12.3913,5.95491,474,61320,0.81,0.79,2,150334,149860,474
2217741,4.07825,12.391,462,61320,0.81,0.79,2,150336,149874,462
2220661,2.41565,4.0782,462,61320,0.81,0.79,2,150338,149876,462
2223581,10.0831,2.41564,472,61320,0.81,0.79,2,150350,149878,472
2226501,3.61663,10.0831,462,61320,0.81,0.79,2,150352,149890,462
2229421,2.32333,3.61663,462,61320,0.81,0.79,2,150354,149892,462
2232341,5.26467,2.32333,466,61320,0.81,0.79,2,150360,149894,466
2695161,4,4,470,61320,0.91,0.97,2,154180,153710,470
2698081,2.4,2.4,470,61320,0.91,0.97,2,154182,153712,470
2701001,2.88,2.08,471,61320,0.926,0.96,2,154185,153714,471
2703921,2.176,2.016,471,61320,0.9292,0.96,2,154187,153716,471
2706841,2.0352,2.0032,471,61320,0.92984,0.98,2,154189,153718,471
2709761,11.607,13.2006,469,61320,0.897968,0.94,2,154203,153734,469
2712681,11.9214,10.6401,471,61320,0.891594,0.99,2,154215,153744,471
2715601,11.9843,11.728,471,61320,0.890319,0.99,2,154227,153756,471
2718521,13.5969,13.5456,471,61320,0.890064,1,2,154241,153770,471
2721441,76.3194,77.1091,470,61320,0.922013,0.99,2,154333,153863,470
2724361,100.864,99.4218,472,61320,0.928403,0.99,2,154440,153968,472
2727281,68.9728,71.0844,469,61320,0.91368,0.95,2,154501,154032,469
2730201,29.7946,30.2169,469,61320,0.910736,0.95,2,154521,154052,469
2733121,14.7589,15.6434,468,61320,0.926147,0.94,2,154532,154064,468
2736041,14.1518,13.5287,469,61320,0.929229,0.93,2,154546,154077,469
2738961,15.6304,16.3057,468,61320,0.929846,0.97,2,154562,154094,468
2741881,19.1261,19.2611,468,61320,0.929969,0.97,2,154582,154114,468
2744801,23.0252,23.0522,468,61320,0.897994,0.95,2,154606,154138,468
2747721,17.405,18.2104,467,61320,0.923599,0.95,2,154622,154155,467
2750641,15.481,15.6421,467,61320,0.92872,0.91,2,154637,154170,467
2753561,7.8962,7.92842,467,61320,0.897744,0.91,2,154643,154176,467
2756481,4.77924,4.78568,467,61320,0.891549,0.91,2,154647,154180,467
2759401,2.55585,2.55714,467,61320,0.89031,0.93,2,154649,154182,467
2762321,2.11117,2.91143,466,61320,0.890062,0.93,2,154651,154185,466
2765241,2.02223,2.18229,466,61320,0.890012,0.93,2,154653,154187,466
2768161,2.00445,2.03646,466,61320,0.922002,0.89,2,154655,154189,466
2771081,11.6009,11.6073,466,61320,0.9124,0.89,2,154669,154203,466
2774001,11.9202,11.9215,466,61320,0.91048,0.89,2,154681,154215,466
2776921,11.984,11.9843,466,61320,0.910096,0.89,2,154693,154227,466
2779841,13.5968,13.5969,466,61320,0.910019,0.93,2,154707,154241,466
2782761,76.3194,76.3194,466,61320,0.942004,0.93,2,154799,154333,466
2785681,102.464,100.864,468,61320,0.900401,0.91,2,154908,154440,468
2788601,68.4928,68.9728,467,61320,0.92408,0.91,2,154968,154501,467
2791521,29.6986,29.7946,467,61320,0.896816,0.93,2,154988,154521,467
2794441,13.9397,14.7589,466,61320,0.875363,0.93,2,154998,154532,466
2797361,13.9879,14.1518,466,61320,0.871073,0.93,2,155012,154546,466
2800281,15.5976,15.6304,466,61320,0.902215,0.93,2,155028,154562,466
2803201,19.1195,19.1261,466,61320,0.908443,0.89,2,155048,154582,466
2806121,23.0239,23.0252,466,61320,0.909689,0.93,2,155072,154606,466
2809041,17.4048,17.405,466,61320,0.877938,0.93,2,155088,154622,466
2811961,15.481,15.481,466,61320,0.887588,0.89,2,155103,154637,466
2814881,7.89619,7.8962,466,61320,0.857517,0.89,2,155109,154643,466
2817801,4.77924,4.77924,466,61320,0.851504,0.89,2,155113,154647,466
2820721,3.35585,2.55585,467,61320,0.866301,0.89,2,155116,154649,467
2823641,2.27117,2.11117,467,61320,0.86926,0.89,2,155118,154651,467
2826561,2.05423,2.02223,467,61320,0.869852,0.93,2,155120,154653,467
2829481,2.01085,2.00445,467,61320,0.86997,0.91,2,155122,154655,467
2832401,11.6022,11.6009,467,61320,0.837994,0.91,2,155136,154669,467
2835321,11.9204,11.9202,467,61320,0.831599,0.91,2,155148,154681,467
2838241,11.9841,11.984,467,61320,0.83032,0.91,2,155160,154693,467
2841161,13.5968,13.5968,467,61320,0.862064,0.95,2,155174,154707,467
2844081,76.3194,76.3194,467,61320,0.820413,0.89,2,155266,154799,467
2847001,101.664,102.464,466,61320,0.876083,0.93,2,155374,154908,466
2849921,68.3328,68.4928,466,61320,0.855217,0.89,2,155434,154968,466
2852841,28.8666,29.6986,465,61320,0.867043,0.87,2,155453,154988,465
2855761,13.7733,13.9397,465,61320,0.853409,0.87,2,155463,154998,465
2858681,13.9547,13.9879,465,61320,0.882682,0.91,2,155477,155012,465
2861601,15.5909,15.5976,465,61320,0.856536,0.91,2,155493,155028,465
2864521,19.1182,19.1195,465,61320,0.883307,0.91,2,155513,155048,465
2867441,23.0236,23.0239,465,61320,0.856661,0.87,2,155537,155072,465
2870361,17.4047,17.4048,465,61320,0.883332,0.89,2,155553,155088,465
2873281,14.6809,15.481,464,61320,0.888667,0.85,2,155567,155103,464
2876201,7.73619,7.89619,464,61320,0.857733,0.85,2,155573,155109,464
2879121,4.74724,4.77924,464,61320,0.851547,0.87,2,155577,155113,464
2882041,2.54945,3.35585,463,61320,0.850309,0.87,2,155579,155116,463
2884961,2.10989,2.27117,463,61320,0.850062,0.87,2,155581,155118,463
2887881,2.02198,2.05423,463,61320,0.850012,0.87,2,155583,155120,463
2890801,2.0044,2.01085,463,61320,0.850002,0.83,2,155585,155122,463
2893721,11.6009,11.6022,463,61320,0.866,0.83,2,155599,155136,463
2896641,11.9202,11.9204,463,61320,0.8692,0.83,2,155611,155148,463
2899561,11.984,11.9841,463,61320,0.86984,0.87,2,155623,155160,463
2902481,13.5968,13.5968,463,61320,0.901968,0.81,2,155637,155174,463
2905401,75.5194,76.3194,462,61320,0.908394,0.89,2,155728,155266,462
2908321,103.104,101.664,464,61320,0.877679,0.85,2,155838,155374,464
2911241,68.6208,68.3328,464,61320,0.871536,0.87,2,155898,155434,464
2914161,28.9242,28.8666,464,61320,0.854307,0.85,2,155917,155453,464
2917081,13.7848,13.7733,464,61320,0.818861,0.89,2,155927,155463,464
2920001,13.957,13.9547,464,61320,0.843772,0.85,2,155941,155477,464
2922921,15.5914,15.5909,464,61320,0.848754,0.89,2,155957,155493,464
2925841,19.1183,19.1182,464,61320,0.849751,0.85,2,155977,155513,464
2928761,23.0237,23.0236,464,61320,0.84995,0.89,2,156001,155537,464
2931681,17.4047,17.4047,464,61320,0.83399,0.89,2,156017,155553,464
2934601,14.6809,14.6809,464,61320,0.830798,0.85,2,156031,155567,464
2937521,7.73619,7.73619,464,61320,0.79816,0.85,2,156037,155573,464
2940441,4.74724,4.74724,464,61320,0.791632,0.85,2,156041,155577,464
2943361,2.54945,2.54945,464,61320,0.790326,0.85,2,156043,155579,464
2946281,2.10989,2.10989,464,61320,0.790065,0.85,2,156045,155581,464
2949201,2.82198,2.02198,465,61320,0.806013,0.85,2,156048,155583,465
2952121,2.1644,2.0044,465,61320,0.809203,0.87,2,156050,155585,465
2955041,11.6329,11.6009,465,61320,0.793841,0.87,2,156064,155599,465
2957961,11.9266,11.9202,465,61320,0.790768,0.87,2,156076,155611,465
2960881,11.9853,11.984,465,61320,0.790154,0.91,2,156088,155623,465
2963801,13.5971,13.5968,465,61320,0.822031,0.91,2,156102,155637,465
2966721,75.5194,75.5194,465,61320,0.812406,0.87,2,156193,155728,465
2969641,101.504,103.104,463,61320,0.826481,0.87,2,156301,155838,463
2972561,68.3008,68.6208,463,61320,0.829296,0.85,2,156361,155898,463
2975481,28.0602,28.9242,462,61320,0.829859,0.81,2,156379,155917,462
2978401,13.612,13.7848,462,61320,0.797972,0.85,2,156389,155927,462
2981321,13.9224,13.957,462,61320,0.823594,0.85,2,156403,155941,462
2984241,15.5845,15.5914,462,61320,0.828719,0.85,2,156419,155957,462
2987161,19.1169,19.1183,462,61320,0.829744,0.85,2,156439,155977,462
2990081,23.0234,23.0237,462,61320,0.829949,0.83,2,156463,156001,462
2993001,16.6047,17.4047,461,61320,0.81399,0.83,2,156478,156017,461
2995921,14.5209,14.6809,461,61320,0.826798,0.79,2,156492,156031,461
2998841,7.70419,7.73619,461,61320,0.79736,0.79,2,156498,156037,461
3001761,4.74084,4.74724,461,61320,0.791472,0.79,2,156502,156041,461
3004681,2.54817,2.54945,461,61320,0.790294,0.79,2,156504,156043,461
3007601,2.10963,2.10989,461,61320,0.790059,0.81,2,156506,156045,461
3010521,2.82193,2.82198,461,61320,0.806012,0.81,2,156509,156048,461
3013441,2.16439,2.1644,461,61320,0.809202,0.79,2,156511,156050,461
3016361,11.6329,11.6329,461,61320,0.80984,0.79,2,156525,156064,461
3019281,11.9266,11.9266,461,61320,0.809968,0.79,2,156537,156076,461
3022201,11.9853,11.9853,461,61320,0.809994,0.83,2,156549,156088,461
3025121,13.5971,13.5971,461,61320,0.809999,0.81,2,156563,156102,461
3028041,75.5194,75.5194,461,61320,0.842,0.83,2,156654,156193,461
3030961,101.504,101.504,461,61320,0.8484,0.83,2,156762,156301,461
3033881,68.3008,68.3008,461,61320,0.84968,0.83,2,156822,156361,461
3036801,28.0602,28.0602,461,61320,0.849936,0.79,2,156840,156379,461
3039721,13.612,13.612,461,61320,0.817987,0.83,2,156850,156389,461
3042641,13.9224,13.9224,461,61320,0.811597,0.83,2,156864,156403,461
3045561,15.5845,15.5845,461,61320,0.842319,0.83,2,156880,156419,461
3048481,19.1169,19.1169,461,61320,0.848464,0.83,2,156900,156439,461
3051401,23.0234,23.0234,461,61320,0.849693,0.81,2,156924,156463,461
3054321,16.6047,16.6047,461,61320,0.833939,0.83,2,156939,156478,461
3057241,14.5209,14.5209,461,61320,0.830788,0.79,2,156953,156492,461
3060161,7.70419,7.70419,461,61320,0.798158,0.79,2,156959,156498,461
3063081,4.74084,4.74084,461,61320,0.791631,0.79,2,156963,156502,461
3066001,2.54817,2.54817,461,61320,0.790326,0.79,2,156965,156504,461
3068921,2.10963,2.10963,461,61320,0.790065,0.81,2,156967,156506,461
3071841,3.62193,2.82193,462,61320,0.822013,0.81,2,156971,156509,462
3074761,2.32439,2.16439,462,61320,0.796403,0.81,2,156973,156511,462
3077681,11.6649,11.6329,462,61320,0.791281,0.81,2,156987,156525,462
3080601,11.933,11.9266,462,61320,0.790256,0.81,2,156999,156537,462
3083521,11.9866,11.9853,462,61320,0.790051,0.81,2,157011,156549,462
3086441,13.5973,13.5971,462,61320,0.82201,0.85,2,157025,156563,462
3089361,75.5195,75.5194,462,61320,0.828402,0.85,2,157116,156654,462
3092281,101.504,101.504,462,61320,0.82968,0.85,2,157224,156762,462
3095201,68.3008,68.3008,462,61320,0.829936,0.85,2,157284,156822,462
3098121,28.0602,28.0602,462,61320,0.829987,0.81,2,157302,156840,462
3101041,13.612,13.612,462,61320,0.797997,0.81,2,157312,156850,462
3103961,13.9224,13.9224,462,61320,0.823599,0.85,2,157326,156864,462
3106881,15.5845,15.5845,462,61320,0.82872,0.85,2,157342,156880,462
3109801,19.1169,19.1169,462,61320,0.829744,0.85,2,157362,156900,462
3112721,23.0234,23.0234,462,61320,0.829949,0.83,2,157386,156924,462
3115641,15.8047,16.6047,461,61320,0.79799,0.83,2,157400,156939,461
3118561,14.3609,14.5209,461,61320,0.823598,0.79,2,157414,156953,461
3121481,7.67219,7.70419,461,61320,0.79672,0.79,2,157420,156959,461
3124401,4.73444,4.74084,461,61320,0.791344,0.79,2,157424,156963,461
3127321,2.54689,2.54817,461,61320,0.790269,0.79,2,157426,156965,461
3130241,2.10938,2.10963,461,61320,0.790054,0.83,2,157428,156967,461
3133161,3.62188,3.62193,461,61320,0.822011,0.79,2,157432,156971,461
3136081,2.32438,2.32439,461,61320,0.796402,0.79,2,157434,156973,461
3139001,11.6649,11.6649,461,61320,0.79128,0.79,2,157448,156987,461
3141921,11.933,11.933,461,61320,0.790256,0.79,2,157460,156999,461
3144841,11.9866,11.9866,461,61320,0.790051,0.83,2,157472,157011,461
3147761,13.5973,13.5973,461,61320,0.82201,0.83,2,157486,157025,461
3150681,75.5195,75.5195,461,61320,0.860402,0.83,2,157577,157116,461
3153601,101.504,101.504,461,61320,0.83608,0.83,2,157685,157224,461
3156521,68.3008,68.3008,461,61320,0.863216,0.83,2,157745,157284,461
3159441,28.0602,28.0602,461,61320,0.868643,0.79,2,157763,157302,461
3162361,13.612,13.612,461,61320,0.837729,0.83,2,157773,157312,461
3165281,13.9224,13.9224,461,61320,0.863546,0.83,2,157787,157326,461
3168201,15.5845,15.5845,461,61320,0.868709,0.83,2,157803,157342,461
3171121,19.1169,19.1169,461,61320,0.869742,0.83,2,157823,157362,461
3174041,23.0234,23.0234,461,61320,0.869948,0.79,2,157847,157386,461
3176961,15.8047,15.8047,461,61320,0.83799,0.83,2,157861,157400,461
3179881,14.3609,14.3609,461,61320,0.863598,0.79,2,157875,157414,461
3182801,7.67219,7.67219,461,61320,0.83672,0.79,2,157881,157420,461
3185721,4.73444,4.73444,461,61320,0.831344,0.79,2,157885,157424,461
3188641,2.54689,2.54689,461,61320,0.830269,0.79,2,157887,157426,461
3191561,2.10938,2.10938,461,61320,0.830054,0.83,2,157889,157428,461
3194481,3.62188,3.62188,461,61320,0.862011,0.79,2,157893,157432,461
3197401,2.32438,2.32438,461,61320,0.836402,0.79,2,157895,157434,461
3200321,11.6649,11.6649,461,61320,0.83128,0.79,2,157909,157448,461
3203241,11.933,11.933,461,61320,0.830256,0.79,2,157921,157460,461
3206161,11.9866,11.9866,461,61320,0.830051,0.83,2,157933,157472,461
3209081,13.5973,13.5973,461,61320,0.86201,0.87,2,157947,157486,461
3212001,77.1195,75.5195,463,61320,0.868402,0.83,2,158040,157577,463
3214921,101.824,101.504,463,61320,0.85368,0.87,2,158148,157685,463
3217841,68.3648,68.3008,463,61320,0.850736,0.87,2,158208,157745,463
3220761,28.073,28.0602,463,61320,0.882147,0.83,2,158226,157763,463
3223681,13.6146,13.612,463,61320,0.856429,0.87,2,158236,157773,463
3226601,13.9229,13.9224,463,61320,0.883286,0.87,2,158250,157787,463
3229521,15.5846,15.5845,463,61320,0.888657,0.87,2,158266,157803,463
3232441,19.1169,19.1169,463,61320,0.889731,0.87,2,158286,157823,463
3235361,23.0234,23.0234,463,61320,0.857946,0.83,2,158310,157847,463
3238281,15.8047,15.8047,463,61320,0.851589,0.87,2,158324,157861,463
3241201,14.3609,14.3609,463,61320,0.882318,0.83,2,158338,157875,463
3244121,7.67219,7.67219,463,61320,0.856464,0.83,2,158344,157881,463
3247041,4.73444,4.73444,463,61320,0.851293,0.83,2,158348,157885,463
3249961,2.54689,2.54689,463,61320,0.850259,0.83,2,158350,157887,463
3252881,2.10938,2.10938,463,61320,0.850052,0.87,2,158352,157889,463
3255801,3.62188,3.62188,463,61320,0.88201,0.83,2,158356,157893,463
3258721,2.32438,2.32438,463,61320,0.856402,0.83,2,158358,157895,463
3261641,11.6649,11.6649,463,61320,0.85128,0.83,2,158372,157909,463
3264561,11.933,11.933,463,61320,0.850256,0.83,2,158384,157921,463
3267481,11.9866,11.9866,463,61320,0.850051,0.87,2,158396,157933,463
3270401,13.5973,13.5973,463,61320,0.88201,0.87,2,158410,157947,463
3273321,77.1195,77.1195,463,61320,0.904402,0.85,2,158503,158040,463
3276241,102.624,101.824,464,61320,0.90888,0.85,2,158612,158148,464
3279161,68.5248,68.3648,464,61320,0.909776,0.89,2,158672,158208,464
3282081,28.105,28.073,464,61320,0.909955,0.85,2,158690,158226,464
3285001,13.621,13.6146,464,61320,0.877991,0.89,2,158700,158236,464
3287921,13.9242,13.9229,464,61320,0.903598,0.89,2,158714,158250,464
3290841,15.5848,15.5846,464,61320,0.90872,0.89,2,158730,158266,464
3293761,19.117,19.1169,464,61320,0.909744,0.85,2,158750,158286,464
3296681,23.0234,23.0234,464,61320,0.909949,0.85,2,158774,158310,464
3299601,15.8047,15.8047,464,61320,0.87799,0.89,2,158788,158324,464
3302521,14.3609,14.3609,464,61320,0.903598,0.85,2,158802,158338,464
3305441,7.67219,7.67219,464,61320,0.87672,0.85,2,158808,158344,464
3308361,4.73444,4.73444,464,61320,0.871344,0.85,2,158812,158348,464
3311281,2.54689,2.54689,464,61320,0.870269,0.85,2,158814,158350,464
3314201,2.10938,2.10938,464,61320,0.870054,0.89,2,158816,158352,464
3317121,3.62188,3.62188,464,61320,0.902011,0.85,2,158820,158356,464
3320041,2.32438,2.32438,464,61320,0.876402,0.85,2,158822,158358,464
3322961,11.6649,11.6649,464,61320,0.87128,0.85,2,158836,158372,464
3325881,11.933,11.933,464,61320,0.870256,0.85,2,158848,158384,464
3328801,11.9866,11.9866,464,61320,0.870051,0.89,2,158860,158396,464
3331721,13.5973,13.5973,464,61320,0.90201,0.91,2,158874,158410,464
3334641,77.9195,77.1195,465,61320,0.924402,0.91,2,158968,158503,465
3337561,102.784,102.624,465,61320,0.89688,0.91,2,159077,158612,465
3340481,68.5568,68.5248,465,61320,0.923376,0.91,2,159137,158672,465
3343401,28.1114,28.105,465,61320,0.912675,0.87,2,159155,158690,465
3346321,13.6223,13.621,465,61320,0.878535,0.91,2,159165,158700,465
3349241,13.9245,13.9242,465,61320,0.903707,0.91,2,159179,158714,465
3352161,15.5849,15.5848,465,61320,0.908741,0.91,2,159195,158730,465
3355081,19.117,19.117,465,61320,0.909748,0.91,2,159215,158750,465
3358001,23.0234,23.0234,465,61320,0.89395,0.87,2,159239,158774,465
3360921,15.8047,15.8047,465,61320,0.85879,0.91,2,159253,158788,465
3363841,14.3609,14.3609,465,61320,0.883758,0.87,2,159267,158802,465
3366761,7.67219,7.67219,465,61320,0.856752,0.87,2,159273,158808,465
3369681,4.73444,4.73444,465,61320,0.85135,0.87,2,159277,158812,465
3372601,2.54689,2.54689,465,61320,0.85027,0.87,2,159279,158814,465
3375521,2.10938,2.10938,465,61320,0.850054,0.91,2,159281,158816,465
3378441,3.62188,3.62188,465,61320,0.882011,0.87,2,159285,158820,465
3381361,2.32438,2.32438,465,61320,0.856402,0.87,2,159287,158822,465
3384281,11.6649,11.6649,465,61320,0.85128,0.87,2,159301,158836,465
3387201,11.933,11.933,465,61320,0.850256,0.87,2,159313,158848,465
3390121,11.9866,11.9866,465,61320,0.850051,0.91,2,159325,158860,465
3393041,13.5973,13.5973,465,61320,0.88201,0.93,2,159339,158874,465
3395961,78.7195,77.9195,466,61320,0.904402,0.89,2,159434,158968,466
3398881,102.944,102.784,466,61320,0.90888,0.93,2,159543,159077,466
3401801,68.5888,68.5568,466,61320,0.909776,0.91,2,159603,159137,466
3404721,27.3178,28.1114,465,61320,0.925955,0.87,2,159620,159155,465
3407641,13.4636,13.6223,465,61320,0.897191,0.91,2,159630,159165,465
3410561,13.8927,13.9245,465,61320,0.923438,0.91,2,159644,159179,465
3413481,15.5785,15.5849,465,61320,0.896688,0.91,2,159660,159195,465
3416401,19.1157,19.117,465,61320,0.923338,0.89,2,159680,159215,465
3419321,22.2231,23.0234,464,61320,0.928668,0.85,2,159703,159239,464
3422241,15.6446,15.8047,464,61320,0.897734,0.89,2,159717,159253,464
3425161,14.3289,14.3609,464,61320,0.923547,0.85,2,159731,159267,464
3428081,7.66579,7.67219,464,61320,0.896709,0.85,2,159737,159273,464
3431001,4.73316,4.73444,464,61320,0.891342,0.85,2,159741,159277,464
3433921,2.54663,2.54689,464,61320,0.890268,0.85,2,159743,159279,464
3436841,2.10933,2.10938,464,61320,0.890054,0.89,2,159745,159281,464
3439761,3.62187,3.62188,464,61320,0.922011,0.85,2,159749,159285,464
3442681,2.32437,2.32438,464,61320,0.896402,0.85,2,159751,159287,464
3445601,11.6649,11.6649,464,61320,0.89128,0.85,2,159765,159301,464
3448521,11.933,11.933,464,61320,0.890256,0.85,2,159777,159313,464
3451441,11.9866,11.9866,464,61320,0.890051,0.89,2,159789,159325,464
3454361,13.5973,13.5973,464,61320,0.89001,0.91,2,159803,159339,464
3457281,79.5195,78.7195,465,61320,0.938002,0.91,2,159899,159434,465
3460201,103.104,102.944,465,61320,0.9156,0.91,2,160008,159543,465
3463121,68.6208,68.5888,465,61320,0.94312,0.93,2,160068,159603,465
3466041,28.1242,27.3178,466,61320,0.948624,0.89,2,160086,159620,466
3468961,13.6248,13.4636,466,61320,0.917725,0.93,2,160096,159630,466
3471881,13.925,13.8927,466,61320,0.911545,0.89,2,160110,159644,466
3474801,15.585,15.5785,466,61320,0.910309,0.93,2,160126,159660,466
3477721,19.117,19.1157,466,61320,0.942062,0.93,2,160146,159680,466
3480641,22.2234,22.2231,466,61320,0.932412,0.89,2,160169,159703,466
3483561,15.6447,15.6446,466,61320,0.898483,0.93,2,160183,159717,466
3486481,14.3289,14.3289,466,61320,0.923697,0.89,2,160197,159731,466
3489401,7.66579,7.66579,466,61320,0.896739,0.89,2,160203,159737,466
3492321,4.73316,4.73316,466,61320,0.891348,0.89,2,160207,159741,466
3495241,2.54663,2.54663,466,61320,0.89027,0.89,2,160209,159743,466
3498161,2.10933,2.10933,466,61320,0.890054,0.93,2,160211,159745,466
3501081,3.62187,3.62187,466,61320,0.922011,0.89,2,160215,159749,466
3504001,2.32437,2.32437,466,61320,0.896402,0.89,2,160217,159751,466
3506921,11.6649,11.6649,466,61320,0.89128,0.89,2,160231,159765,466
3509841,11.933,11.933,466,61320,0.890256,0.89,2,160243,159777,466
3512761,11.9866,11.9866,466,61320,0.890051,0.89,2,160255,159789,466
3515681,13.5973,13.5973,466,61320,0.92201,0.95,2,160269,159803,466
3518601,80.3195,79.5195,467,61320,0.944402,0.91,2,160366,159899,467
3521521,103.264,103.104,467,61320,0.94888,0.95,2,160475,160008,467
3816441,24,27,482,49275,0.67,1,1,162741,162259,482
3819361,94.4,10.2,588,49275,0.67,1,1,162853,162265,588
3822281,58.08,101.24,513,49275,0.654,0.91,1,162902,162389,513
3825201,38.016,84.248,466,49275,0.6828,0.91,1,162935,162469,466
3828121,20.4032,30.4496,465,49275,0.67256,0.81,1,162951,162486,465
3831041,21.6806,18.8899,471,49275,0.702512,0.75,1,162973,162502,471
3833961,29.9361,22.178,480,49275,0.676502,0.79,1,163005,162525,480
3836881,19.5872,26.8356,469,49275,0.671301,0.79,1,163022,162553,469
3839801,31.1174,38.9671,461,49275,0.70226,0.77,1,163056,162595,461
3842721,22.2235,21.3934,464,49275,0.708452,0.73,1,163076,162612,464
3845641,17.2447,17.8787,463,49275,0.70969,0.77,1,163092,162629,463
3848561,14.6489,14.7757,463,49275,0.709938,0.77,1,163106,162643,463
3851481,13.3298,14.1551,462,49275,0.693988,0.73,1,163119,162657,462
3854401,10.666,13.231,459,49275,0.658798,0.67,1,163129,162670,459
3857321,10.1332,9.04621,461,49275,0.65176,0.71,1,163139,162678,461
3860241,27.6266,14.6092,477,49275,0.650352,0.71,1,163171,162694,477
3863161,24.7253,21.3218,478,49275,0.65007,0.67,1,163195,162717,478
3866081,96.1451,23.4644,568,49275,0.666014,0.67,1,163309,162741,568
3869001,56.029,94.2929,502,49275,0.669203,0.65,1,163355,162853,502
3871921,37.6058,58.0586,486,49275,0.685841,0.69,1,163388,162902,486
3874841,21.1212,38.0117,470,49275,0.689168,0.67,1,163405,162935,470
3877761,21.8242,20.4023,476,49275,0.689834,0.71,1,163427,162951,476
3880681,29.9648,21.6805,486,49275,0.689967,0.67,1,163459,162973,486
3883601,19.593,29.9361,471,49275,0.673993,0.67,1,163476,163005,471
3886521,31.1186,19.5872,488,49275,0.686799,0.71,1,163510,163022,488
3889441,22.2237,31.1174,474,49275,0.68936,0.71,1,163530,163056,474
3892361,17.2447,22.2235,470,49275,0.705872,0.71,1,163546,163076,470
3895281,14.6489,17.2447,468,49275,0.709174,0.71,1,163560,163092,468
3898201,12.5298,14.6489,466,49275,0.709835,0.69,1,163572,163106,466
3901121,10.506,13.3298,463,49275,0.709967,0.65,1,163582,163119,463
3904041,10.1012,10.666,463,49275,0.709993,0.65,1,163592,163129,463
3906961,27.6202,10.1332,485,49275,0.709999,0.65,1,163624,163139,485
3909881,24.724,27.6266,477,49275,0.71,0.65,1,163648,163171,477
3912801,96.9448,24.7253,568,49275,0.726,0.67,1,163763,163195,568
3915721,56.189,96.1451,500,49275,0.7292,0.67,1,163809,163309,500
3918641,39.2378,56.029,489,49275,0.71384,0.69,1,163844,163355,489
3921561,20.6476,37.6058,472,49275,0.726768,0.69,1,163860,163388,472
3924481,21.7295,21.1212,477,49275,0.729354,0.69,1,163882,163405,477
3927401,29.9459,21.8242,487,49275,0.729871,0.69,1,163914,163427,487
3930321,18.7892,29.9648,471,49275,0.745974,0.67,1,163930,163459,471
3933241,31.7578,19.593,489,49275,0.749195,0.69,1,163965,163476,489
3936161,23.1516,31.1186,476,49275,0.765839,0.69,2,163986,163510,476
3939081,17.4303,22.2237,472,49275,0.785168,0.71,2,164002,163530,472
3942001,14.6861,17.2447,470,49275,0.789034,0.71,2,164016,163546,470
3944921,12.5372,14.6489,468,49275,0.789807,0.71,2,164028,163560,468
3947841,10.5074,12.5298,466,49275,0.789961,0.71,2,164038,163572,466
3950761,10.1015,10.506,466,49275,0.789992,0.71,2,164048,163582,466
3953681,27.6203,10.1012,488,49275,0.789998,0.71,2,164080,163592,488
3956601,24.7241,27.6202,480,49275,0.79,0.71,2,164104,163624,480
3959521,97.7448,24.724,572,49275,0.79,0.73,2,164220,163648,572
3962441,56.349,96.9448,503,49275,0.79,0.73,2,164266,163763,503
3965361,39.2698,56.189,492,49275,0.774,0.71,2,164301,163809,492
3968281,20.654,39.2378,473,49275,0.8188,0.73,2,164317,163844,473
3971201,21.7308,20.6476,479,49275,0.82776,0.73,2,164339,163860,479
3974121,29.9462,21.7295,489,49275,0.829552,0.73,2,164371,163882,489
3977041,19.5892,29.9459,474,49275,0.81391,0.75,2,164388,163914,474
3979961,31.9178,18.7892,493,49275,0.858782,0.75,2,164423,163930,493
3982881,24.7836,31.7578,481,49275,0.883756,0.77,2,164446,163965,481
3985801,17.7567,23.1516,476,49275,0.856751,0.79,2,164462,163986,476
3988721,14.7513,17.4303,474,49275,0.85135,0.79,2,164476,164002,474
3991641,12.5503,14.6861,472,49275,0.85027,0.79,2,164488,164016,472
3994561,10.5101,12.5372,470,49275,0.850054,0.79,2,164498,164028,470
3997481,10.102,10.5074,470,49275,0.850011,0.79,2,164508,164038,470
4000401,27.6204,10.1015,492,49275,0.850002,0.79,2,164540,164048,492
4003321,24.7241,27.6203,484,49275,0.85,0.79,2,164564,164080,484
4006241,97.7448,24.7241,576,49275,0.85,0.79,2,164680,164104,576
4009161,56.349,97.7448,506,49275,0.85,0.79,2,164726,164220,506
4012081,40.8698,56.349,497,49275,0.85,0.77,2,164763,164266,497
4015001,20.974,39.2698,478,49275,0.85,0.83,2,164779,164301,478
4017921,21.7948,20.654,484,49275,0.85,0.83,2,164801,164317,484
4020841,29.959,21.7308,494,49275,0.85,0.83,2,164833,164339,494
4023761,18.7918,29.9462,478,49275,0.866,0.81,2,164849,164371,478
4026681,34.1584,19.5892,499,49275,0.9012,0.87,2,164887,164388,499
4029601,24.4317,31.9178,486,49275,0.90824,0.89,2,164909,164423,486
4032521,17.6863,24.7836,479,49275,0.909648,0.85,2,164925,164446,479
4035441,14.7373,17.7567,477,49275,0.90993,0.85,2,164939,164462,477
4038361,12.5475,14.7513,475,49275,0.909986,0.85,2,164951,164476,475
4041281,10.5095,12.5503,473,49275,0.909997,0.85,2,164961,164488,473
4044201,10.1019,10.5101,473,49275,0.909999,0.85,2,164971,164498,473
4047121,27.6204,10.102,495,49275,0.91,0.85,2,165003,164508,495
4050041,24.7241,27.6204,487,49275,0.91,0.85,2,165027,164540,487
4052961,97.7448,24.7241,579,49275,0.91,0.85,2,165143,164564,579
4055881,56.349,97.7448,509,49275,0.926,0.85,2,165189,164680,509
4187281,32,10,501,49275,0.93,0.97,2,166406,165905,501
4190201,25.6,27.6,493,49275,0.93,0.97,2,166430,165937,493
4193121,97.92,24.72,585,49275,0.93,0.97,2,166546,165961,585
4196041,57.984,97.744,517,49275,0.946,0.95,2,166594,166077,517
4198961,44.3968,58.7488,509,49275,0.9332,0.99,2,166635,166126,509
4201881,21.6794,42.9498,486,49275,0.93064,0.99,2,166651,166165,486
4204801,21.9359,21.39,492,49275,0.930128,0.99,2,166673,166181,492
4207721,29.1872,21.878,501,49275,0.946026,0.99,2,166704,166203,501
4210641,20.2374,29.9756,487,49275,0.933205,0.97,2,166722,166235,487
4213561,34.4475,20.3951,507,49275,0.930641,0.97,2,166760,166253,507
4216481,24.4895,34.479,491,49275,0.930128,0.97,2,166782,166291,491
4219401,17.6979,24.4958,485,49275,0.930026,0.97,2,166798,166313,485
4222321,13.1396,17.6992,481,49275,0.930005,0.95,2,166810,166329,481
4225241,11.4279,13.9398,479,49275,0.946001,0.95,2,166821,166342,479
4228161,10.2856,12.388,477,49275,0.9332,0.93,2,166831,166354,477
4231081,10.0571,10.4776,477,49275,0.93064,0.93,2,166841,166364,477
4234001,27.6114,10.0955,499,49275,0.930128,0.93,2,166873,166374,499
4236921,24.7223,27.6191,491,49275,0.930026,0.93,2,166897,166406,491
4239841,97.7445,24.7238,583,49275,0.930005,0.93,2,167013,166430,583
4271961,11,12,478,49275,0.95,0.95,2,167288,166810,478
4274881,10.2,11.2,477,49275,0.918,0.93,2,167298,166821,477
4277801,10.04,10.24,477,49275,0.9116,0.93,2,167308,166831,477
4280721,27.608,10.048,499,49275,0.91032,0.93,2,167340,166841,499
4283641,24.7216,27.6096,491,49275,0.910064,0.93,2,167364,166873,491
4286561,97.7443,24.7219,583,49275,0.910013,0.93,2,167480,166897,583
4289481,60.3489,97.7444,518,49275,0.910003,0.97,2,167531,167013,518
4292401,44.0698,58.7489,509,49275,0.910001,0.97,2,167571,167062,509
4295321,21.614,43.7498,485,49275,0.91,0.97,2,167587,167102,485
4298241,21.9228,21.55,491,49275,0.91,0.97,2,167609,167118,491
4301161,28.3846,21.91,499,49275,0.91,0.95,2,167639,167140,499
4304081,20.0769,29.182,486,49275,0.926,0.95,2,167657,167171,486
4307001,34.4154,20.2364,506,49275,0.9292,0.95,2,167695,167189,506
4309921,24.4831,34.4473,490,49275,0.92984,0.95,2,167717,167227,490
4312841,16.8966,24.4895,483,49275,0.945968,0.95,2,167732,167249,483
4315761,12.9793,17.6979,479,49275,0.933194,0.93,2,167744,167265,479
4318681,10.5959,13.1396,477,49275,0.930639,0.95,2,167754,167277,477
4321601,10.1192,11.4279,476,49275,0.930128,0.91,2,167764,167288,476
4324521,10.0238,10.2856,476,49275,0.930026,0.91,2,167774,167298,476
4327441,27.6048,10.0571,498,49275,0.930005,0.91,2,167806,167308,498
4330361,24.721,27.6114,490,49275,0.930001,0.91,2,167830,167340,490
4333281,97.7442,24.7223,582,49275,0.93,0.91,2,167946,167364,582
4365401,10,12,477,49275,0.93,0.93,2,168221,167744,477
4368321,10,10.4,477,49275,0.93,0.93,2,168231,167754,477
4371241,10,10.08,477,49275,0.93,0.93,2,168241,167764,477
4374161,27.6,10.016,499,49275,0.93,0.93,2,168273,167774,499
4377081,24.72,27.6032,491,49275,0.93,0.93,2,168297,167806,491
4380001,97.744,24.7206,583,49275,0.946,0.93,2,168413,167830,583
4382921,61.9488,97.7441,520,49275,0.9332,0.97,2,168466,167946,520
4385841,44.3898,60.3488,509,49275,0.93064,0.97,2,168506,167997,509
4388761,21.678,44.0698,485,49275,0.930128,0.97,2,168522,168037,485
4391681,21.9356,21.614,491,49275,0.930026,0.97,2,168544,168053,491
4394601,28.3871,21.9228,499,49275,0.930005,0.99,2,168574,168075,499
4417961,10,10,477,49275,0.95,0.93,2,168708,168231,477
4420881,27.6,10,499,49275,0.95,0.93,2,168740,168241,499
4511401,10,10,478,49275,0.95,0.95,2,169644,169166,478
4514321,27.6,10,500,49275,0.95,0.95,2,169676,169176,500
11307701,41,44,499,35040,0.83,1,2,243542,243043,499
11310621,42.6,42.4,500,35040,0.814,0.96,2,243585,243085,500
11313541,38.92,37.28,502,35040,0.8108,1,2,243623,243121,502
11316461,40.584,45.056,496,35040,0.79416,1,2,243664,243168,496
11319381,42.5168,43.4112,496,35040,0.806832,0.94,2,243707,243211,496
11322301,34.9034,39.0822,491,35040,0.793366,1,2,243740,243249,491
11325221,38.1807,40.6164,489,35040,0.806673,1,2,243779,243290,489
11328141,39.6361,42.5233,486,35040,0.793335,0.96,2,243819,243333,486
11331061,31.9272,35.7047,482,35040,0.790667,0.99,2,243849,243367,482
11333981,47.1854,59.9409,467,35040,0.806133,0.87,2,243900,243433,467
11336901,31.0371,36.7882,463,35040,0.761227,0.85,2,243927,243464,463
11339821,39.8074,36.9576,468,35040,0.784245,0.83,2,243969,243501,468
11342741,39.9615,40.1915,467,35040,0.788849,0.81,2,244009,243542,467
11345661,38.3923,42.4383,462,35040,0.78977,0.81,2,244047,243585,462
11348581,42.8785,38.8877,468,35040,0.789954,0.79,2,244091,243623,468
11351501,40.5757,40.5775,467,35040,0.821991,0.81,2,244131,243664,467
11354421,38.5151,42.5155,462,35040,0.796398,0.79,2,244169,243707,462
11357341,38.103,34.9031,467,35040,0.82328,0.81,2,244207,243740,467
11360261,38.8206,38.1806,467,35040,0.812656,0.79,2,244246,243779,467
11363181,34.9641,39.6361,461,35040,0.858531,0.79,2,244280,243819,461
11366101,32.5928,31.9272,463,35040,0.867706,0.81,2,244312,243849,463
11369021,44.9186,47.1854,460,35040,0.869541,0.75,2,244360,243900,460
11371941,29.7837,31.0371,459,35040,0.837908,0.79,2,244386,243927,459
11374861,39.5567,39.8074,459,35040,0.863582,0.79,2,244428,243969,459
11377781,39.9113,39.9615,459,35040,0.868716,0.79,2,244468,244009,459
11380701,38.3823,38.3923,459,35040,0.869743,0.79,2,244506,244047,459
11383621,42.8765,42.8785,459,35040,0.885949,0.83,2,244550,244091,459
11386541,42.1753,40.5757,461,35040,0.90519,0.79,2,244592,244131,461
11389461,38.8351,38.5151,461,35040,0.877038,0.83,2,244630,244169,461
11392381,38.167,38.103,461,35040,0.903408,0.81,2,244668,244207,461
11395301,39.6334,38.8206,462,35040,0.908682,0.87,2,244708,244246,462
15788441,63,69,504,27740,0.67,1,1,313722,313218,504
15791361,47.8,57,494,27740,0.67,1,1,313766,313272,494
15794281,40.76,33,506,27740,0.67,0.97,1,313805,313299,506
15797201,57.752,56.2,506,27740,0.67,0.87,1,313867,313361,506
15800121,43.5504,44.84,504,27740,0.638,0.93,1,313907,313403,504
15803041,52.7101,63.368,491,27740,0.6956,0.81,1,313962,313471,491
15805961,51.342,42.2736,505,27740,0.78712,0.79,2,314013,313508,505
15808881,31.0684,55.6547,472,27740,0.773424,0.79,2,314039,313567,472
15811801,73.4137,38.3309,522,27740,0.738685,0.73,1,314123,313601,522
15814721,60.2827,54.0662,521,27740,0.683737,0.67,1,314180,313659,521
15817641,44.0565,61.2132,498,27740,0.688747,0.67,1,314220,313722,498
15820561,36.8113,47.4426,489,27740,0.705749,0.67,1,314255,313766,489
15823481,60.1623,40.6885,516,27740,0.70915,0.67,1,314321,313805,516
15826401,40.8325,57.7377,490,27740,0.75783,0.63,2,314357,313867,490
15829321,56.9665,43.5475,511,27740,0.799566,0.71,2,314418,313907,511
15832241,54.5933,52.7095,510,27740,0.775913,0.81,2,314472,313962,510
15835161,31.7187,51.3419,485,27740,0.771183,0.77,2,314498,314013,485
15838081,71.9437,31.0684,541,27740,0.850237,0.73,2,314580,314039,541
15841001,57.5887,73.4137,511,27740,0.882047,0.67,2,314634,314123,511
15843921,44.3177,60.2827,495,27740,0.888409,0.69,2,314675,314180,495
15846841,37.6636,44.0565,491,27740,0.905682,0.71,2,314711,314220,491
15849761,61.1327,36.8113,523,27740,0.925136,0.71,2,314778,314255,523
15981161,65,50,536,27740,0.81,0.82,2,317159,316623,536
15984081,51.4,66,514,27740,0.778,0.95,2,317207,316693,514
15987001,48.68,52.4,513,27740,0.7716,0.91,2,317255,316742,513
15989921,37.736,48.08,501,27740,0.78632,0.95,2,317290,316789,501
15992841,49.9472,34.416,523,27740,0.741264,0.94,1,317343,316820,523
15995761,53.1894,50.8832,522,27740,0.764253,0.91,2,317397,316875,522
15998681,65.8379,52.5766,538,27740,0.704851,0.97,1,317466,316928,538
16001601,49.1676,67.3153,512,27740,0.69297,0.87,1,317511,316999,512
16004521,47.4335,51.0631,512,27740,0.770594,0.85,2,317558,317046,512
16007441,59.0867,48.6126,526,27740,0.786119,0.81,2,317620,317094,526
16010361,48.6173,61.7225,507,27740,0.789224,0.77,2,317666,317159,507
16013281,48.1235,50.7445,507,27740,0.789845,0.77,2,317714,317207,507
16016201,38.4247,48.5489,495,27740,0.789969,0.79,2,317750,317255,495
16019121,46.0849,37.7098,508,27740,0.837994,0.73,2,317798,317290,508
16022041,57.217,49.942,515,27740,0.863599,0.77,2,317858,317343,515
16024961,60.2434,53.1884,522,27740,0.86872,0.69,2,317919,317397,522
16027881,49.6487,65.8377,500,27740,0.901744,0.69,2,317966,317466,500
16030801,49.9297,49.1675,505,27740,0.940349,0.79,2,318016,317511,505
