#Ack,ack_ewma(ms),send_ewma(ms),rtt_ratio,cwnd (Bytes),Last Router Ocupation Ack Arriaval(Packets),Last Router Ocupation Packet Sent(Packets),Network Situation,AckArrival(ms),TSInsideAck(ms),RTTAck(ms)
23361,12,0,537,26280,0.8,1,2,91465,90928,537
26281,11.2,1.6,546,27740,0.856,1,2,91476,90930,546
29201,10.24,1.92,554,29200,0.8432,1,2,91486,90932,554
32121,10.048,0.384,564,30660,0.90464,1,2,91496,90932,564
43801,12,0,474,30660,0.61,0.81,1,91915,91441,474
46721,4,9.6,464,30660,0.594,0.8,1,91917,91453,464
49641,10.4,11.52,464,30660,0.5588,0.8,1,91929,91465,464
105121,6,93,515,33580,0.61,1,1,92870,92355,515
108041,8.4,25,516,33580,0.626,1,1,92879,92363,516
110961,9.68,7.4,523,33580,0.5972,1,1,92889,92366,523
113881,9.936,30.28,497,33580,0.59144,1,1,92899,92402,497
116801,9.1872,13.256,497,33580,0.590288,1,1,92908,92411,497
119721,8.23744,9.0512,497,33580,0.622058,1,1,92916,92419,497
122641,8.04749,8.21024,497,33580,0.628412,1,1,92924,92427,497
125561,6.4095,6.44205,497,35040,0.661682,1,1,92930,92433,497
128481,6.0819,4.48841,499,35040,0.668337,1,1,92936,92437,499
131401,60.4164,57.6977,502,35040,0.637667,0.66,1,93010,92508,502
146001,10,10,460,35040,0.81,0.59,2,93349,92889,460
208781,8,4,451,37960,0.45,1,1,94258,93807,451
211701,36,7.2,486,37960,0.482,1,1,94301,93815,486
214621,16.8,6.24,492,37960,0.4884,1,1,94313,93821,492
217541,22.56,14.048,500,37960,0.47368,1,1,94337,93837,500
220461,14.112,10.8096,502,37960,0.486736,1,1,94349,93847,502
223381,13.2224,10.9619,504,39420,0.505347,1,1,94362,93858,504
226301,10.6445,2.19238,514,39420,0.477069,1,1,94372,93858,514
229221,10.1289,8.43848,514,39420,0.471414,1,1,94382,93868,514
232141,9.22578,9.6877,513,39420,0.454283,1,1,94391,93878,513
235061,6.64516,9.93754,509,39420,0.466857,1,1,94397,93888,509
237981,26.929,8.38751,533,39420,0.453371,0.98,1,94429,93896,533
300761,8,12,507,40880,0.75,1,2,95313,94806,507
303681,9.6,10.4,507,40880,0.742,1,1,95323,94816,507
306601,9.92,10.08,507,40880,0.7244,1,1,95333,94826,507
309521,9.984,9.216,508,40880,0.72088,1,1,95343,94835,508
312441,8.3968,6.6432,510,40880,0.744176,1,1,95351,94841,510
315361,6.47936,24.5286,487,40880,0.780835,1,2,95357,94870,487
318281,157.296,165.706,481,40880,0.612167,1,1,95552,95071,481
321201,113.059,48.3411,564,40880,0.610433,1,1,95654,95090,564
324121,28.2118,85.6682,476,40880,0.610087,1,1,95661,95185,476
327041,14.4424,23.5336,479,40880,0.610017,1,1,95672,95193,479
329961,17.2885,11.1067,489,40880,0.562003,1,1,95690,95201,489
332881,10.6577,8.62135,490,40880,0.536401,0.74,1,95699,95209,490
335801,50.9315,72.1243,463,40880,0.49928,0.69,1,95760,95297,463
338721,14.9863,20.8249,461,40880,0.491856,0.75,1,95766,95305,461
341641,7.79726,10.565,459,40880,0.458371,0.74,1,95772,95313,459
344561,9.55945,10.113,459,40880,0.435674,0.72,1,95782,95323,459
347481,9.91189,10.0226,459,40880,0.399135,0.72,1,95792,95333,459
408801,10,10,510,43800,0.73,1,1,96632,96122,510
411721,10,2,520,43800,0.794,1,2,96642,96122,520
414641,10,14.8,512,43800,0.8308,1,2,96652,96140,512
417561,60.4,10.16,576,43800,0.82216,1,2,96725,96149,576
420481,16.88,46.032,527,43800,0.764432,1,2,96731,96204,527
423401,8.176,14.0064,527,43800,0.792886,1,2,96737,96210,527
426321,8.0352,6.80128,530,43800,0.774577,1,2,96745,96215,530
429241,8.00704,7.76026,530,43800,0.754915,1,2,96753,96223,530
432161,8.80141,31.9521,501,43800,0.766983,1,2,96762,96261,501
435081,8.16028,14.3904,499,43800,0.721397,1,1,96770,96271,499
438001,6.43206,9.27808,497,43800,0.768279,1,2,96776,96279,497
440921,161.286,6.65562,691,43800,0.545656,1,1,96976,96285,691
443841,108.257,176.531,567,43800,0.869131,0.77,2,97071,96504,567
519761,12,10,521,43800,0.88,1,2,97743,97222,521
522681,11.2,6.8,526,43800,0.872,1,2,97754,97228,526
525601,10.24,7.76,528,43800,0.8544,1,2,97764,97236,528
528521,104.448,148.752,472,43800,0.64288,1,1,97892,97420,472
531441,145.69,144.15,485,43800,0.568576,1,1,98048,97563,485
534361,35.5379,36.8301,483,43800,0.529715,1,1,98056,97573,483
537281,15.1076,15.366,483,43800,0.513943,1,1,98066,97583,483
540201,19.8215,11.0732,494,43800,0.526789,1,1,98087,97593,494
543121,18.3643,10.2146,502,43800,0.513358,1,1,98105,97603,502
546041,11.6729,10.0429,502,43800,0.510672,1,1,98115,97613,502
548961,21.5346,58.0086,456,43800,0.526134,1,1,98139,97683,456
551881,25.1069,21.2017,470,43800,0.529227,1,1,98165,97695,470
554801,27.4214,13.8403,486,43800,0.513845,0.83,1,98193,97707,486
557721,11.8843,12.3681,482,43800,0.510769,0.85,1,98201,97719,482
560641,8.77686,12.0736,478,43800,0.478154,0.88,1,98209,97731,478
624881,10,11,486,45260,0.53,1,1,99000,98514,486
627801,10,18.2,476,45260,0.506,1,1,99010,98534,476
630721,10,18.04,468,45260,0.4692,1,1,99020,98552,468
633641,51.6,11.608,520,45260,0.44584,1,1,99082,98562,520
636561,23.92,20.7216,514,45260,0.497168,1,1,99099,98585,514
639481,19.984,24.9443,507,45260,0.499434,1,1,99118,98611,507
642401,25.5968,26.5889,507,45260,0.507887,1,1,99145,98638,507
645321,14.7194,34.9178,482,45260,0.477577,1,1,99157,98675,482
648241,10.9439,14.1836,483,45260,0.455515,1,1,99167,98684,483
651161,10.1888,8.43671,486,45260,0.451103,1,1,99177,98691,486
654081,8.43775,7.28734,487,46720,0.450221,1,1,99185,98698,487
657001,7.28755,1.45747,494,46720,0.498044,1,1,99192,98698,494
659921,65.4575,5.09149,568,46720,0.459609,1,1,99272,98704,568
662841,136.292,63.4183,644,46720,0.371922,0.59,1,99426,98782,644
665761,36.8583,171.084,458,46720,0.338384,0.5,1,99438,98980,458
668681,13.7717,42.2167,456,46720,0.275677,0.53,1,99446,98990,456
671601,9.15433,16.4433,454,46720,0.343135,0.5,1,99454,99000,454
674521,8.23087,11.2887,452,46720,0.332627,0.46,1,99462,99010,452
677441,51.2462,10.2577,504,46720,0.0665254,0.44,1,99524,99020,504
680361,25.4492,51.6515,461,46720,0.0133051,0.51,1,99543,99082,461
683281,21.0898,23.9303,464,46720,0.010661,0.5,1,99563,99099,464
759201,13,9,481,48180,0.43,1,1,100354,99873,481
762121,12.2,12.2,480,48180,0.446,1,1,100366,99886,480
765041,10.44,7.24,484,48180,0.4332,1,1,100376,99892,484
767961,9.288,5.448,488,48180,0.44664,0.96,1,100385,99897,488
770881,37.8576,40.2896,484,48180,0.441328,0.84,1,100430,99946,484
773801,13.9715,24.0579,472,48180,0.440266,0.92,1,100438,99966,472
776721,55.5943,58.4116,471,48180,0.544053,0.99,1,100504,100033,471
779641,30.3189,32.4823,469,48180,0.532811,0.96,1,100528,100059,469
782561,15.6638,16.8965,468,48180,0.562562,0.96,1,100540,100072,468
785481,14.3328,12.9793,470,48180,0.576512,0.96,1,100554,100084,470
788401,9.26655,2.59586,478,48180,0.579302,0.96,1,100562,100084,478
791321,9.85331,8.51917,478,48180,0.547861,1,1,100572,100094,478
794241,6.77066,8.10383,476,48180,0.541572,1,1,100578,100102,476
797161,6.15413,7.22077,475,48180,0.532314,1,1,100584,100109,475
800081,64.4308,6.24415,548,48180,0.466463,0.69,1,100663,100115,548
867241,10,44,520,48180,0.43,1,1,101391,100871,520
870161,13.2,15.2,526,48180,0.414,1,1,101405,100879,526
873081,50.64,61.44,513,48180,0.5068,1,1,101465,100952,513
876001,29.328,31.488,513,48180,0.54136,1,1,101489,100976,513
878921,14.6656,15.8976,512,48180,0.524272,1,1,101500,100988,512
881841,12.5331,14.3795,510,48180,0.520854,1,1,101512,101002,510
884761,11.3066,9.2759,513,48180,0.528171,1,1,101523,101010,513
887681,10.2613,9.05518,514,48180,0.521634,1,1,101533,101019,514
890601,10.8523,6.61104,519,48180,0.536327,1,1,101544,101025,519
893521,65.3705,6.12221,592,48180,0.483265,1,1,101623,101031,592
896441,112.274,60.4244,642,48180,0.344653,0.95,1,101747,101105,642
899361,28.0548,136.085,494,48180,0.292931,1,1,101754,101260,494
902281,12.011,38.417,488,48180,0.250586,1,1,101762,101274,488
905201,7.20219,18.8834,480,48180,0.234117,0.95,1,101768,101288,480
908121,6.24044,14.9767,472,48180,0.222823,0.9,1,101774,101302,472
963601,15,11,524,48180,0.93,1,2,102358,101834,524
975281,13,11,513,48180,0.61,1,1,102458,101945,513
978201,13.8,12.6,514,48180,0.61,1,1,102472,101958,514
981121,10.76,11.32,513,48180,0.562,1,1,102482,101969,513
984041,10.152,10.264,513,48180,0.5204,1,1,102492,101979,513
986961,76.4304,10.0528,596,48180,0.47208,1,1,102585,101989,596
989881,104.886,64.4106,630,48180,0.390416,1,1,102697,102067,630
992801,24.1772,104.082,520,48180,0.374083,1,1,102701,102181,520
995721,7.23544,25.6164,517,48180,0.362817,0.99,1,102704,102187,517
998641,15.0471,10.7233,527,48180,0.368563,1,1,102721,102194,527
1001561,7.80942,36.5447,490,48180,0.369713,1,1,102727,102237,490
1004481,57.5619,16.1089,549,48180,0.305943,0.68,1,102797,102248,549
1007401,24.3124,69.6218,482,48180,0.261189,0.75,1,102813,102331,482
1010321,16.0625,23.5244,484,48180,0.236238,0.93,1,102827,102343,484
1013241,12.8125,16.7049,481,48180,0.207248,0.86,1,102839,102358,481
1016161,16.1625,16.141,482,48180,0.193449,0.79,1,102856,102374,482
1086241,11,112,513,48180,0.45,1,1,103650,103137,513
1089161,11.8,25.6,521,48180,0.45,1,1,103662,103141,521
1092081,10.36,8.32,527,48180,0.418,1,1,103672,103145,527
1095001,10.072,12.864,523,48180,0.4116,1,1,103682,103159,523
1097921,42.0144,7.3728,567,48180,0.42632,1,1,103732,103165,567
1100841,25.2029,53.4746,523,48180,0.413264,1,1,103753,103230,523
1103761,12.2406,22.6949,517,48180,0.410653,1,1,103762,103245,517
1106681,10.4481,14.939,514,48180,0.418131,1,1,103772,103258,514
1109601,18.0896,12.5878,522,48180,0.395626,1,1,103792,103270,522
1112521,12.4179,46.5176,478,48180,0.407125,1,1,103803,103325,478
1115441,64.8836,20.5035,542,48180,0.329425,0.87,1,103881,103339,542
1118361,27.3767,52.1007,500,48180,0.281885,1,1,103899,103399,500
1121281,14.2753,32.8201,483,48180,0.304377,1,1,103910,103427,483
1124201,10.8551,15.364,482,48180,0.260875,1,1,103920,103438,482
1188441,12,10,524,48180,0.79,1,2,104637,104113,524
1191361,12,10,526,48180,0.838,1,2,104649,104123,526
1194281,12,42.8,487,48180,0.8156,1,2,104661,104174,487
1197201,12.8,24.56,480,48180,0.76312,1,2,104674,104194,480
1200121,11.36,12.112,482,48180,0.720624,1,1,104685,104203,482
1203041,19.872,10.4224,494,48180,0.616125,1,1,104707,104213,494
1205961,12.7744,17.2845,486,48180,0.611225,1,1,104718,104232,486
1208881,92.9549,12.2569,588,48180,0.434245,1,1,104831,104243,588
1211801,28.991,60.8514,528,48180,0.382849,1,1,104844,104316,528
1214721,11.3982,26.5703,517,48180,0.37257,1,1,104851,104334,517
1217641,7.07964,12.5141,514,48180,0.370514,1,1,104857,104343,514
1220561,16.6159,9.70281,524,48180,0.370103,1,1,104876,104352,524
1223481,98.5232,46.7406,587,48180,0.298021,1,1,104995,104408,587
1226401,27.7046,96.5481,488,48180,0.267604,1,1,105005,104517,488
1229321,64.7409,29.7096,549,48180,0.157521,0.74,1,105079,104530,549
1232241,19.3482,73.1419,473,48180,0.135504,0.73,1,105087,104614,473
1235161,12.6696,23.4284,473,48180,0.147101,0.79,1,105098,104625,473
1238081,10.5339,14.2857,471,48180,0.58142,0.85,1,105108,104637,471
1241001,10.1068,12.4571,469,48180,0.684284,0.81,1,105118,104649,469
1243921,10.8214,12.0914,468,48180,0.720857,0.75,1,105129,104661,468
1246841,8.56427,12.8183,463,48180,0.728171,0.71,1,105137,104674,463
1249761,17.7129,11.3637,472,48180,0.729634,0.59,1,105157,104685,472
1252681,10.7426,19.8727,459,48180,0.729927,0.61,1,105166,104707,459
1255601,86.1485,12.7745,553,48180,0.609985,0.39,1,105271,104718,553
1322761,12,9,521,48180,0.13,1,1,105958,105437,521
1325681,11.2,57,463,48180,0.114,1,1,105969,105506,463
1328601,63.04,17.8,531,48180,0.0628,1,1,106045,105514,531
1331521,17.408,34.76,498,48180,0.05256,1,1,106051,105553,498
1334441,10.6816,15.752,496,48180,0.050512,1,1,106060,105564,496
1337361,11.7363,11.1504,498,48180,0.0821024,1,1,106072,105574,498
1340281,13.5473,11.8301,500,48180,0.0724205,1,1,106086,105586,500
1343201,12.3095,8.76602,504,48180,0.0864841,1,1,106098,105594,504
1346121,13.6619,17.7532,498,48180,0.0892968,1,1,106112,105614,498
1349041,101.932,10.7506,613,48180,0.0658594,1,1,106236,105623,613
1351961,28.3865,99.7501,501,48180,0.0531719,1,1,106246,105745,501
1354881,15.2773,29.55,501,48180,0.0506344,1,1,106258,105757,501
1357801,11.0555,15.51,499,48180,0.0501269,1,1,106268,105769,499
1360721,7.01109,12.702,493,48180,0.0660254,1,1,106274,105781,493
1363641,74.2022,11.3404,573,48180,0.0532051,0.19,1,106365,105792,573
1366561,21.2404,118.268,436,48180,0.050641,0.13,1,106373,105937,436
1369481,12.2481,30.8536,437,48180,0.0501282,0.13,1,106383,105946,437
1372401,8.84962,15.7707,433,48180,0.0340256,0.11,1,106391,105958,433
1384081,12,9,437,48180,0.37,0.09,1,106497,106060,437
1387001,13.6,11.4,439,48180,0.338,0.07,1,106511,106072,439
1427881,8,6,450,48180,0.75,0.29,2,106925,106475,450
1430801,9.6,9.2,450,48180,0.75,0.37,1,106935,106485,450
1433721,37.92,11.44,483,48180,0.718,0.33,1,106980,106497,483
1436641,17.184,13.488,481,48180,0.7116,0.98,1,106992,106511,481
1439561,14.6368,12.2976,483,49640,0.61432,0.97,1,107006,106523,483
1442481,131.727,13.6595,630,49640,0.266864,1,1,107167,106537,630
1445401,35.9455,100.332,520,49640,0.197373,1,1,107179,106659,520
1448321,18.3891,27.2664,525,49640,0.183475,1,1,107193,106668,525
1451241,11.6778,15.8533,522,49640,0.156695,1,1,107203,106681,522
1454161,8.73556,11.1707,520,49640,0.175339,1,1,107211,106691,520
1457081,45.7471,7.03413,569,49640,0.171068,0.74,1,107266,106697,569
1460001,13.9494,74.2068,484,49640,0.170214,0.64,1,107272,106788,484
1462921,9.18988,21.2414,484,49640,0.154043,0.71,1,107280,106796,484
1465841,38.638,11.4483,521,49640,0.150809,1,1,107326,106805,521
1468761,46.1276,46.2897,514,49640,0.134162,0.79,1,107374,106860,514
1471681,10.8255,51.6579,463,49640,0.114832,0.77,1,107376,106913,463
1474601,8.5651,13.5316,467,49640,0.0949665,0.75,1,107384,106917,467
1477521,8.11302,9.10632,467,49640,0.0909933,0.75,1,107392,106925,467
1480441,36.8226,9.82126,501,49640,0.0901987,0.71,1,107436,106935,501
1483361,12.9645,37.9643,463,49640,0.0740397,0.71,1,107443,106980,463
1486281,4.1929,17.1929,453,49640,0.0548079,0.59,1,107445,106992,453
1489201,9.63858,14.6386,450,49640,0.0989616,0.18,1,107456,107006,450
1492121,113.128,131.728,428,49640,0.0357923,0.18,1,107595,107167,428
1495041,33.8255,35.9455,430,49640,0.0151585,0.18,1,107609,107179,430
1497961,17.1651,18.3891,429,49640,0.0270317,0.15,1,107622,107193,429
1500881,11.433,11.6778,429,49640,0.0134063,0.18,1,107632,107203,429
1503801,9.4866,8.73556,430,49640,0.00268127,0.17,1,107641,107211,430
1547601,13,13,422,51100,0.45,0.01,1,108044,107622,422
1550521,10.6,10.6,422,51100,0.354,0,1,108054,107632,422
1553441,31.72,9.32,450,51100,0.1908,1,1,108091,107641,450
1556361,35.144,45.064,432,51100,0.07016,1,1,108127,107695,432
1559281,68.6288,13.8128,503,51100,0.110032,1,1,108204,107701,503
1562201,31.3258,9.16256,517,51100,0.150006,1,1,108226,107709,517
1565121,15.8652,37.8325,484,51100,0.214001,1,1,108238,107754,484
1568041,9.57303,44.3665,446,51100,0.2028,1,1,108246,107800,446
1570961,7.51461,10.4733,451,51100,0.20056,1,1,108253,107802,451
1573881,35.9029,8.49466,486,51100,0.256112,1,1,108296,107810,486
1576801,33.5806,8.09893,511,51100,0.299222,1,1,108329,107818,511
1579721,15.5161,36.0198,479,52560,0.307844,1,1,108340,107861,479
1582641,11.1032,7.20396,489,52560,0.293569,1,1,108350,107861,489
1585561,10.2206,7.84079,491,52560,0.290714,1,1,108360,107869,491
1588481,9.24413,3.16816,498,52560,0.274143,1,1,108369,107871,498
1591401,78.6488,10.2336,582,52560,0.302829,0.7,1,108465,107883,582
1594321,22.1298,109.247,456,52560,0.308566,0.56,1,108473,108017,456
1597241,10.826,33.0493,450,52560,0.309713,0.45,1,108481,108031,450
1600161,5.36519,17.0099,441,52560,0.309943,0.33,1,108485,108044,441
1603081,25.873,11.402,462,52560,0.325989,0.15,1,108516,108054,462
1606001,30.7746,31.8804,457,52560,0.329198,0.04,1,108548,108091,457
1608921,72.5549,35.1761,504,52560,0.12184,0.12,1,108631,108127,504
1611841,34.511,68.6352,452,52560,0.0483679,0.16,1,108656,108204,452
1614761,16.5022,31.327,442,52560,0.0336736,0.23,1,108668,108226,442
1617681,10.5004,15.8654,439,52560,0.0467347,0.2,1,108677,108238,439
1620601,9.30009,9.57308,440,52560,0.0173469,0.2,1,108686,108246,440
1670241,9,9,423,52560,0.81,0.01,2,109100,108677,423
1673161,9,9,423,52560,0.834,1,2,109109,108686,423
1684841,10,11,515,54020,0.27,1,1,109291,108776,515
1687761,10,10.2,515,54020,0.238,1,1,109301,108786,515
1690681,10,10.04,515,54020,0.1996,1,1,109311,108796,515
1693601,10,9.208,516,54020,0.15992,1,1,109321,108805,516
1696521,54.8,79.4416,485,54020,0.151984,1,1,109387,108902,485
1699441,22.16,22.2883,491,54020,0.134397,1,1,109401,108910,491
1702361,14.832,10.8577,496,54020,0.130879,1,1,109414,108918,496
1705281,10.9664,5.37153,502,54020,0.114176,1,1,109424,108922,502
1708201,10.1933,25.0743,482,54020,0.110835,1,1,109434,108952,482
1711121,42.8387,27.4149,505,54020,0.118167,1,1,109485,108980,505
1714041,62.9677,65.483,498,54020,0.143633,0.78,1,109553,109055,498
1716961,22.1935,32.2966,486,54020,0.148727,0.74,1,109565,109079,486
1719881,12.4387,16.0593,484,54020,0.133745,0.81,1,109575,109091,484
1722801,7.28774,10.4119,481,54020,0.146749,0.84,1,109581,109100,481
1725721,7.85755,9.28237,480,54020,0.13335,1,1,109589,109109,480
1728641,46.3715,51.4565,474,54020,0.16267,1,1,109645,109171,474
1731561,57.2743,10.2913,534,54020,0.064534,0.34,1,109705,109171,534
1734481,19.4549,80.4583,446,54020,0.0929068,0.34,1,109715,109269,446
1737401,10.291,25.6917,442,54020,0.0825814,0.27,1,109723,109281,442
1740321,8.45819,13.1383,440,54020,0.0805163,0.23,1,109731,109291,440
1743241,8.09164,10.6277,438,54020,0.0881033,0.19,1,109739,109301,438
1746161,8.01833,10.1255,436,54020,0.0896207,0.15,1,109747,109311,436
1749081,55.2037,10.0251,493,54020,0.0899241,0.15,1,109814,109321,493
1752001,22.2407,54.805,441,54020,0.105985,0.13,1,109828,109387,441
1754921,14.0481,22.161,439,54020,0.141197,0.13,1,109840,109401,439
1757841,10.8096,14.8322,436,54020,0.148239,0.11,1,109850,109414,436
1760761,10.1619,10.9664,436,54020,0.141648,0.11,1,109860,109424,436
1763681,42.8324,10.1933,477,54020,0.0843296,0.12,1,109911,109434,477
1807481,12,14,440,54020,0.52,0.15,1,110268,109828,440
1810401,9.6,12.4,437,54020,0.576,0.15,1,110277,109840,437
1813321,9.92,10.48,437,54020,0.6352,0.14,1,110287,109850,437
1816241,41.184,10.096,476,54020,0.31104,0.07,1,110336,109860,476
1819161,68.2368,42.8192,500,54020,0.118208,1,1,110411,109911,500
1822081,71.2474,63.7638,503,54020,0.0796416,1,1,110483,109980,503
1825001,40.6495,22.3528,524,54020,0.0559283,1,1,110516,109992,524
1827921,16.9299,12.4706,525,54020,0.267186,1,1,110527,110002,525
1830841,14.586,7.29411,533,54020,0.269437,1,1,110541,110008,533
1833761,10.1172,7.85882,534,54020,0.237887,1,1,110550,110016,534
1836681,65.2234,47.9718,555,54020,0.215577,1,1,110629,110074,555
1839601,22.6447,54.3944,511,54020,0.275116,1,1,110641,110130,511
1842521,10.9289,18.8789,509,54020,0.255023,1,1,110649,110140,509
1845441,8.58579,10.1758,509,54020,0.267005,1,1,110657,110148,509
1848361,8.11716,8.43515,509,54020,0.269401,1,1,110665,110156,509
1851281,8.02343,8.08703,509,54020,0.25388,1,1,110673,110164,509
1854201,28.0047,8.01741,534,54020,0.250776,0.55,1,110706,110172,534
1857121,12.0009,55.2035,475,54020,0.250155,0.52,1,110714,110239,475
1860041,10.4002,24.6407,468,54020,0.250031,0.52,1,110724,110256,468
1862961,8.48004,14.5281,464,54020,0.250006,0.59,1,110732,110268,464
1865881,7.29601,10.1056,462,54020,0.234001,0.65,1,110739,110277,462
1868801,20.6592,10.0211,476,54020,0.2468,0.23,1,110763,110287,476
1871721,61.7318,41.2042,499,54020,0.26536,0.07,1,110835,110336,499
1874641,69.9464,68.2408,496,54020,0.269072,0.07,1,110907,110411,496
1877561,49.1893,71.2482,468,54020,0.237814,0.05,1,110951,110483,468
1880481,16.2379,40.6496,443,54020,0.311563,0.32,1,110959,110516,443
1883401,15.2476,16.9299,447,54020,0.342313,0.27,1,110974,110527,447
1886321,10.2495,14.586,442,54020,0.332462,0.23,1,110983,110541,442
1889241,66.8499,10.1172,514,54020,0.818493,0.21,2,111064,110550,514
1892161,22.97,65.2234,447,54020,0.923698,0.29,2,111076,110629,447
1947641,9,12,490,54020,0.41,1,1,111566,111076,490
1950561,11.4,8.8,494,54020,0.41,1,1,111578,111084,494
1953481,8.68,7.36,495,54020,0.41,1,1,111586,111091,495
1956401,8.936,7.872,496,54020,0.394,1,1,111595,111099,496
1959321,8.9872,7.9744,497,54020,0.4068,1,1,111604,111107,497
1962241,10.5974,27.1949,476,54020,0.42536,1,1,111615,111139,476
1965161,43.7195,11.839,520,54020,0.381072,1,1,111667,111147,520
1968081,18.3439,10.3678,522,54020,0.372214,1,1,111679,111157,522
1971001,14.8688,8.47356,528,54020,0.426443,1,1,111693,111165,528
1973921,12.5738,8.09471,532,54020,0.413289,1,1,111705,111173,532
1976841,56.9148,20.8189,576,54020,0.458658,1,1,111773,111197,576
1979761,37.7829,61.7638,537,54020,0.467732,1,1,111806,111269,537
1982681,62.7566,69.9528,534,54020,0.469546,1,1,111875,111341,534
1985601,21.3513,52.3906,497,54020,0.485909,1,1,111886,111389,497
1988521,14.6703,16.8781,502,54020,0.529182,1,1,111899,111397,502
1991441,19.7341,15.3756,508,54020,0.513836,1,1,111920,111412,508
1994361,60.7468,35.8751,538,54020,0.574767,0.44,1,111991,111453,538
1997281,18.5494,82.375,452,54020,0.586953,0.44,1,111999,111547,452
2000201,10.1099,24.475,450,54020,0.589391,0.41,1,112007,111557,450
2003121,11.622,12.095,453,54020,0.589878,0.41,1,112019,111566,453
2006041,8.72439,12.019,449,54020,0.589976,0.41,1,112027,111578,449
2008961,8.14488,8.8038,449,54020,0.589995,0.39,1,112035,111586,449
2011881,9.62898,8.96076,450,54020,0.589999,0.41,1,112045,111595,450
2014801,11.5258,8.99215,453,54020,0.59,0.43,1,112057,111604,453
2017721,42.3052,10.5984,492,54020,0.558,0.37,1,112107,111615,492
2020641,20.461,43.7197,455,54020,0.5836,0.37,1,112122,111667,455
2023561,13.6922,18.3439,455,54020,0.58872,0.44,1,112134,111679,455
2026481,12.3384,14.8688,453,54020,0.645744,0.41,1,112146,111693,453
2029401,58.4677,12.5738,511,54020,0.489149,0.47,1,112216,111705,511
2032321,38.0935,56.9148,476,54020,0.36183,0.47,1,112249,111773,476
2213361,16,21,486,51100,0.69,1,1,113955,113469,486
2216281,14.4,13,489,51100,0.658,1,1,113969,113480,489
2219201,14.08,12.2,491,51100,0.6196,1,1,113983,113492,491
2222121,12.416,12.04,491,51100,0.67592,1,1,113995,113504,491
2225041,29.6832,12.008,513,51100,0.655184,1,1,114029,113516,513
2227961,20.3366,17.6016,512,51100,0.651037,1,1,114047,113535,512
2230881,18.4673,16.3203,514,51100,0.682207,1,1,114065,113551,514
2233801,18.0935,18.4641,513,51100,0.688441,1,1,114083,113570,513
2236721,16.4187,13.2928,517,51100,0.657688,1,1,114099,113582,517
2239641,13.6837,26.6586,500,51100,0.667538,1,1,114112,113612,500
2242561,38.7367,34.9317,508,51100,0.645508,1,1,114157,113649,508
2245481,102.147,97.3863,513,51100,0.617101,1,1,114275,113762,513
2248401,38.8295,35.4773,516,51100,0.61942,1,1,114298,113782,516
2251321,23.7659,20.6955,519,49640,0.603884,1,1,114318,113799,519
2254241,43.9532,19.3391,549,49640,0.560777,1,1,114367,113818,549
2257161,23.9906,66.2678,490,49640,0.552155,0.83,1,114386,113896,490
2260081,14.3981,34.0536,476,49640,0.550431,0.73,1,114398,113922,476
2263001,12.4796,20.4107,471,49640,0.550086,0.69,1,114410,113939,471
2265921,12.0959,16.8821,467,49640,0.550017,0.65,1,114422,113955,467
2268841,13.6192,14.5764,467,49640,0.550003,0.61,1,114436,113969,467
2271761,12.3238,14.1153,465,49640,0.550001,0.69,1,114448,113983,465
2274681,29.6648,12.4231,487,49640,0.55,0.65,1,114482,113995,487
2277601,21.133,29.6846,472,49640,0.55,0.65,1,114501,114029,472
2280521,18.6266,20.3369,472,49640,0.55,0.69,1,114519,114047,472
2283441,18.1253,18.4674,472,49640,0.614,0.69,1,114537,114065,472
2286361,16.4251,18.0935,470,49640,0.6268,0.65,1,114553,114083,470
2289281,12.085,16.4187,465,49640,0.64536,0.67,1,114564,114099,465
2292201,38.417,13.6837,497,49640,0.553072,0.64,1,114609,114112,497
2295121,101.283,38.7367,569,49640,0.654614,0.61,1,114726,114157,569
2333081,18,18,453,49640,0.84,0.63,2,114990,114537,453
2350601,13,20,460,49640,0.51,1,1,115229,114769,460
2353521,72.2,41.6,500,49640,0.51,1,1,115316,114816,500
2356441,25.64,23.52,495,49640,0.526,1,1,115330,114835,495
2359361,16.328,14.304,497,49640,0.5292,1,1,115344,114847,497
2362281,13.6656,12.4608,498,49640,0.56184,1,1,115357,114859,498
2365201,12.3331,12.0922,498,49640,0.568368,1,1,115369,114871,498
2368121,12.0666,13.6184,496,49640,0.569674,1,1,115381,114885,496
2371041,14.4133,12.3237,499,49640,0.569935,0.91,1,115396,114897,499
2373961,33.2827,29.6647,503,49640,0.553987,0.92,1,115434,114931,503
2376881,14.6565,21.1329,494,49640,0.542797,0.88,1,115444,114950,494
2379801,10.9313,21.8266,482,49640,0.548559,0.84,1,115454,114972,482
2382721,13.3863,18.7653,478,49640,0.581712,0.96,1,115468,114990,478
2385641,15.4773,16.5531,478,49640,0.572342,1,1,115484,115006,478
2388561,11.0955,12.1106,477,49640,0.554468,0.95,1,115494,115017,477
2391481,23.0191,32.8221,465,49640,0.582894,0.55,1,115520,115055,465
2394401,107.004,123.364,447,49640,0.548579,0.53,1,115648,115201,447
2397321,34.2008,36.6729,448,49640,0.533716,0.51,1,115664,115216,448
2400241,17.2402,17.7346,448,49640,0.530743,0.51,1,115677,115229,448
2403161,73.848,73.1469,449,49640,0.546149,0.53,1,115765,115316,449
2406081,25.9696,25.8294,449,49640,0.53323,0.53,1,115779,115330,449
2409001,17.1939,16.3659,450,49640,0.906646,0.57,2,115794,115344,450
2458641,37,15,469,49640,0.47,1,1,116263,115794,469
2461561,17,12.6,469,49640,0.438,1,1,116275,115806,469
2464481,13,12.12,469,49640,0.4316,1,1,116287,115818,469
2467401,12.2,12.824,468,49640,0.41432,1,1,116299,115831,468
2470321,12.04,14.5648,465,49640,0.410864,1,1,116311,115846,465
2473241,68.808,32.513,511,49640,0.378173,1,1,116394,115883,511
2476161,26.5616,14.5026,517,49640,0.419635,1,1,116410,115893,517
2479081,18.1123,10.9005,523,49640,0.427927,1,1,116426,115903,523
2482001,16.4225,13.3801,525,49640,0.429585,1,1,116442,115917,525
2484921,15.2845,15.476,524,49640,0.413917,1,1,116457,115933,524
2487841,11.8569,11.0952,525,49640,0.458783,1,1,116468,115943,525
2490761,11.9714,23.019,511,49640,0.435757,1,1,116480,115969,511
2493681,83.9943,105.404,487,49640,0.463151,1,1,116582,116095,487
2496601,46.3989,33.8808,508,49640,0.46863,1,1,116619,116111,508
2499521,14.8798,17.1762,502,49640,0.437726,0.57,1,116626,116124,502
2502441,30.976,73.8352,449,49640,0.447545,0.51,1,116661,116212,449
2505361,14.1952,25.967,445,49640,0.449509,0.47,1,116671,116226,445
2508281,29.239,34.7934,441,49640,0.473902,0.43,1,116704,116263,441
2511201,15.4478,16.5587,441,49640,0.47878,0.43,1,116716,116275,441
2514121,11.8896,12.9117,440,49640,0.447756,0.41,1,116727,116287,440
2517041,11.9779,12.1823,440,49640,0.441551,0.41,1,116739,116299,440
2519961,11.9956,12.0365,440,49640,0.44831,0.37,1,116751,116311,440
2522881,69.5991,68.8073,441,49640,0.433662,0.43,1,116835,116394,441
2525801,26.7198,26.5615,441,49640,0.422732,0.43,1,116851,116410,441
2528721,18.144,18.1123,441,49640,0.420547,0.43,1,116867,116426,441
2531641,16.4288,16.4225,441,49640,0.884109,0.41,2,116883,116442,441
2578361,15,16,441,49640,0.91,1,2,117308,116867,441
2592961,64,103,436,49640,0.41,1,1,117462,117026,436
2595881,93.6,48.6,502,49640,0.298,1,1,117563,117061,502
2598801,27.52,16.92,504,49640,0.2596,1,1,117574,117070,504
2601721,21.504,31.384,489,49640,0.26792,1,1,117594,117105,489
2604641,17.9008,14.2768,496,49640,0.269584,1,1,117611,117115,496
2607561,17.1802,29.2554,480,49640,0.285917,1,1,117628,117148,480
2610481,14.636,14.6511,483,49640,0.273183,1,1,117642,117159,483
2613401,14.1272,10.9302,487,49640,0.286637,1,1,117656,117169,487
2616321,14.0254,11.786,489,49640,0.289327,1,1,117670,117181,489
2619241,14.0051,11.9572,491,49640,0.289865,0.86,1,117684,117193,491
2622161,66.001,69.5914,486,49640,0.281973,0.88,1,117763,117277,486
2625081,22.0002,26.7183,481,49640,0.304395,0.91,1,117774,117293,481
2628001,12.4,17.3437,476,49640,0.292879,1,1,117784,117308,476
2630921,34.48,41.0687,469,49640,0.290576,0.99,1,117824,117355,469
2633841,18.096,21.0137,467,49640,0.290115,0.93,1,117838,117371,467
2636761,9.2192,13.0027,463,49640,0.306023,0.7,1,117845,117382,463
2639681,11.4438,15.4005,459,49640,0.325205,0.41,1,117857,117398,459
2642601,36.6888,54.2801,438,49640,0.329041,0.27,1,117900,117462,438
2645521,84.1378,91.656,433,49640,0.297808,0.25,1,117996,117563,433
2648441,26.4276,27.1312,434,49640,0.275562,0.27,1,118008,117574,434
2651361,22.8855,21.4262,436,49640,0.303112,0.27,1,118030,117594,436
2654281,18.1771,17.8852,436,49640,0.284622,0.29,1,118047,117611,436
2657201,17.2354,17.177,436,49640,0.288925,0.27,1,118064,117628,436
2706841,54,17,474,49640,0.67,1,1,118538,118064,474
2709761,23.6,15.4,475,49640,0.622,1,1,118554,118079,475
2712681,17.52,14.28,477,49640,0.5964,1,1,118570,118093,477
2715601,14.704,14.056,477,49640,0.55928,1,1,118584,118107,477
2718521,27.7408,14.0112,494,49640,0.519856,1,1,118615,118121,494
2721441,23.1482,65.2022,438,51100,0.463971,1,1,118637,118199,438
2724361,39.0296,21.8404,470,51100,0.340794,1,1,118680,118210,470
2727281,53.4059,12.3681,517,51100,0.236159,1,1,118737,118220,517
2730201,25.0812,34.4736,495,51100,0.215232,1,1,118755,118260,495
2733121,17.8162,18.0947,497,51100,0.211046,1,1,118771,118274,497
2736041,13.1632,10.0189,501,51100,0.226209,1,1,118783,118282,501
2738961,10.6326,11.6038,499,51100,0.229242,1,1,118793,118294,499
2741881,45.3265,36.7208,510,51100,0.245848,1,1,118847,118337,510
2744801,56.2653,82.5442,475,51100,0.26517,0.97,1,118906,118431,475
2747721,17.6531,26.1088,471,51100,0.237034,0.68,1,118914,118443,471
2750641,13.9306,23.6218,461,51100,0.247407,0.7,1,118927,118466,461
2753561,12.3861,19.1244,455,51100,0.265481,0.67,1,118939,118484,455
2756481,43.2772,47.0249,452,51100,0.253096,0.61,1,118990,118538,452
2759401,20.6554,22.205,451,51100,0.226619,0.59,1,119005,118554,451
2762321,15.3311,17.241,449,51100,0.213324,0.55,1,119019,118570,449
2765241,13.4662,14.6482,448,51100,0.210665,0.51,1,119032,118584,448
2768161,25.0932,27.7296,445,51100,0.226133,0.51,1,119060,118615,445
2771081,22.6186,5.54593,467,51100,0.197227,0.45,1,119082,118615,467
2832401,16,20,496,51100,0.29,1,1,119683,119187,496
2835321,14.4,16.8,494,51100,0.226,1,1,119697,119203,494
2838241,12.48,12.96,494,51100,0.1812,1,1,119709,119215,494
2841161,56.096,10.592,551,51100,0.14024,1,1,119776,119225,551
2844081,24.0192,43.7184,515,51100,0.196048,1,1,119792,119277,515
2847001,17.6038,57.5437,470,51100,0.20721,1,1,119808,119338,470
2849921,14.7208,17.9087,476,51100,0.193442,1,1,119822,119346,476
2852841,34.9442,13.9817,503,51100,0.190688,1,1,119862,119359,503
2855761,59.7888,12.3963,557,51100,0.158138,1,1,119928,119371,557
2858681,22.3578,42.4793,520,51100,0.199628,1,1,119941,119421,520
2861601,13.2716,19.6959,517,51100,0.223926,1,1,119952,119435,517
2864521,11.4543,15.1392,514,51100,0.228785,1,1,119963,119449,514
2867441,11.0909,13.4278,512,51100,0.229757,1,1,119974,119462,512
2870361,10.2182,25.0856,494,51100,0.213951,1,1,119984,119490,494
2873281,50.0436,22.6171,532,51100,0.14679,1,1,120044,119512,532
2876201,46.8087,54.9234,515,51100,0.133358,0.4,1,120090,119575,515
2879121,18.9617,69.3847,454,51100,0.114672,0.37,1,120102,119648,454
2882041,13.3923,29.0769,447,51100,0.110934,0.29,1,120114,119667,447
2884961,10.6785,18.6154,441,51100,0.110187,0.21,1,120124,119683,441
2887881,10.1357,14.9231,437,51100,0.110037,0.17,1,120134,119697,437
2890801,57.2271,12.5846,494,51100,0.0940075,0.13,1,120203,119709,494
2893721,23.4454,56.1169,442,51100,0.106802,0.21,1,120218,119776,442
2896641,17.4891,24.0234,442,51100,0.0933603,0.21,1,120234,119792,442
2899561,14.6978,17.6047,440,51100,0.650672,0.19,1,120248,119808,440
2902481,34.9396,14.7209,466,51100,0.778134,0.19,2,120288,119822,466
2949201,15,16,475,51100,0.75,0.79,2,120709,120234,475
2952121,34.2,14.4,500,51100,0.638,0.81,1,120748,120248,500
2955041,65.24,34.88,533,51100,0.3916,1,1,120821,120288,533
2957961,23.448,63.776,475,51100,0.35832,1,1,120834,120359,475
2960881,15.0896,23.1552,475,51100,0.367664,1,1,120847,120372,475
2963801,13.4179,13.431,477,51100,0.353533,1,1,120860,120383,477
2966721,21.8836,11.4862,490,51100,0.270707,1,1,120884,120394,490
2969641,13.9767,11.0972,491,51100,0.254141,0.93,1,120896,120405,491
2972561,22.7953,10.2194,506,51100,0.266828,1,1,120921,120415,506
2975481,73.3591,48.4439,534,51100,0.301366,0.96,1,121007,120473,534
2978401,21.0718,44.0888,499,51100,0.308273,1,1,121015,120516,499
2981321,16.2144,18.4178,502,51100,0.357655,1,1,121030,120528,502
2984241,14.4429,13.2836,504,51100,0.399531,1,1,121044,120540,504
2987161,12.4886,10.6567,506,51100,0.407906,1,1,121056,120550,506
2990081,28.0977,10.1313,528,51100,0.377581,0.52,1,121088,120560,528
2993001,15.2195,56.4263,472,51100,0.339516,0.52,1,121100,120628,472
2995921,43.8439,23.2853,508,51100,0.315903,0.71,1,121151,120643,508
2998841,18.3688,45.457,469,51100,0.343181,0.75,1,121163,120694,469
3001761,30.8738,21.0914,488,51100,0.348636,0.61,1,121197,120709,488
3004681,54.9748,35.4183,510,51100,0.365727,0.33,1,121258,120748,510
3007601,22.1949,65.4837,451,51100,0.369145,0.35,1,121272,120821,451
3010521,14.039,23.4967,450,51100,0.369829,0.37,1,121284,120834,450
3013441,12.4078,15.0993,449,51100,0.369966,0.35,1,121296,120847,449
3016361,19.2816,13.4199,457,51100,0.385993,0.25,1,121317,120860,457
3019281,13.4563,21.884,445,51100,0.389199,0.25,1,121329,120884,445
3022201,25.8913,13.9768,462,51100,0.38984,0.27,1,121358,120896,462
3025121,73.1783,22.7954,522,51100,0.469968,0.31,1,121443,120921,522
3028041,24.2356,73.3591,448,51100,0.485994,0.31,1,121455,121007,448
3030961,17.6471,21.0718,456,51100,0.489199,0.37,1,121471,121015,456
3033881,13.1294,16.2144,453,51100,0.48984,0.41,1,121483,121030,453
3036801,12.2259,14.4429,451,51100,0.489968,0.41,1,121495,121044,451
3039721,26.4452,12.4886,469,51100,0.489994,0.37,1,121525,121056,469
3042641,14.889,28.0977,449,51100,0.489999,0.33,1,121537,121088,449
3045561,44.5778,15.2195,489,51100,0.49,0.31,1,121589,121100,489
3048481,18.5156,43.8439,450,51100,0.506,0.35,1,121601,121151,450
3051401,30.9031,18.3688,472,51100,0.5092,0.35,1,121635,121163,472
3054321,55.7806,30.8738,500,51100,0.50984,0.37,1,121697,121197,500
3057241,22.3561,54.9748,453,51100,0.509968,0.37,1,121711,121258,453
3060161,14.0712,22.1949,451,51100,0.509994,0.37,1,121723,121272,451
3063081,12.4142,14.039,451,51100,0.509999,0.37,1,121735,121284,451
3066001,20.0828,12.4078,461,51100,0.51,0.39,1,121757,121296,461
3068921,13.6166,19.2816,452,51100,0.51,0.39,1,121769,121317,452
3071841,26.7233,13.4563,470,51100,0.478,0.39,1,121799,121329,470
3074761,76.5447,25.8913,530,51100,0.5036,0.49,1,121888,121358,530
3077681,24.9089,73.1783,457,51100,0.50872,0.49,1,121900,121443,457
3080601,17.7818,24.2356,461,51100,0.509744,0.49,1,121916,121455,461
3083521,13.1564,17.6471,457,51100,0.509949,0.49,1,121928,121471,457
3086441,12.2313,13.1294,457,51100,0.50999,0.49,1,121940,121483,457
3089361,26.4463,12.2259,475,51100,0.509998,0.49,1,121970,121495,475
3092281,14.8893,26.4452,457,51100,0.51,0.49,1,121982,121525,457
3095201,45.3779,14.889,498,51100,0.526,0.49,1,122035,121537,498
3098121,18.6756,44.5778,458,51100,0.5612,0.51,1,122047,121589,458
3101041,30.9351,18.5156,480,51100,0.56824,0.51,1,122081,121601,480
3103961,55.787,30.9031,508,51100,0.569648,0.51,1,122143,121635,508
3106881,22.3574,55.7806,460,51100,0.56993,0.51,1,122157,121697,460
3109801,14.0715,22.3561,458,51100,0.569986,0.51,1,122169,121711,458
3112721,12.4143,14.0712,458,51100,0.569997,0.51,1,122181,121723,458
3115641,20.0829,12.4142,468,51100,0.569999,0.51,1,122203,121735,468
3118561,13.6166,20.0828,458,51100,0.57,0.51,1,122215,121757,458
3121481,26.7233,13.6166,476,51100,0.57,0.47,1,122245,121769,476
3124401,76.5447,26.7233,535,51100,0.57,0.51,1,122334,121799,535
3127321,24.9089,76.5447,458,51100,0.57,0.51,1,122346,121888,458
3130241,17.7818,24.9089,462,51100,0.57,0.51,1,122362,121900,462
3133161,13.1564,17.7818,458,51100,0.57,0.51,1,122374,121916,458
3136081,12.2313,13.1564,458,51100,0.57,0.51,1,122386,121928,458
3139001,26.4463,12.2313,476,51100,0.57,0.51,1,122416,121940,476
3141921,14.8893,26.4463,458,51100,0.57,0.51,1,122428,121970,458
3144841,47.7778,14.8893,502,51100,0.57,0.53,1,122484,121982,502
3147761,19.1556,45.3779,461,51100,0.554,0.57,1,122496,122035,461
3150681,31.0311,18.6756,483,51100,0.5508,0.57,1,122530,122047,483
3153601,55.8062,30.9351,511,51100,0.55016,0.57,1,122592,122081,511
3156521,22.3612,55.787,463,51100,0.550032,0.57,1,122606,122143,463
3159441,14.0722,22.3574,461,51100,0.550006,0.57,1,122618,122157,461
3162361,12.4145,14.0715,461,51100,0.550001,0.57,1,122630,122169,461
3165281,20.0829,12.4143,471,51100,0.55,0.57,1,122652,122181,471
3168201,13.6166,20.0829,461,51100,0.55,0.57,1,122664,122203,461
3171121,26.7233,13.6166,479,51100,0.55,0.57,1,122694,122215,479
3174041,76.5447,26.7233,538,51100,0.582,0.57,1,122783,122245,538
3176961,24.9089,76.5447,461,51100,0.5884,0.57,1,122795,122334,461
3179881,17.7818,24.9089,465,51100,0.58968,0.57,1,122811,122346,465
3182801,13.1564,17.7818,461,51100,0.589936,0.57,1,122823,122362,461
3185721,12.2313,13.1564,461,51100,0.589987,0.57,1,122835,122374,461
3188641,26.4463,12.2313,479,51100,0.589997,0.57,1,122865,122386,479
3191561,14.8893,26.4463,461,51100,0.589999,0.57,1,122877,122416,461
3194481,46.9779,14.8893,504,51100,0.606,0.57,1,122932,122428,504
3197401,18.9956,47.7778,460,51100,0.5772,0.55,1,122944,122484,460
3200321,30.9991,19.1556,482,51100,0.55544,0.55,1,122978,122496,482
3203241,55.7998,31.0311,510,51100,0.551088,0.55,1,123040,122530,510
3206161,22.36,55.8062,462,51100,0.550218,0.55,1,123054,122592,462
3209081,14.072,22.3612,460,51100,0.550044,0.55,1,123066,122606,460
3212001,12.4144,14.0722,460,51100,0.550009,0.55,1,123078,122618,460
3214921,20.0829,12.4145,470,51100,0.550002,0.55,1,123100,122630,470
3217841,13.6166,20.0829,460,51100,0.55,0.55,1,123112,122652,460
3220761,26.7233,13.6166,478,51100,0.55,0.55,1,123142,122664,478
3223681,78.1447,26.7233,539,51100,0.566,0.59,1,123233,122694,539
3226601,25.2289,76.5447,462,51100,0.5692,0.59,1,123245,122783,462
3229521,17.8458,24.9089,466,51100,0.58584,0.59,1,123261,122795,466
3232441,13.1692,17.7818,462,51100,0.589168,0.59,1,123273,122811,462
3235361,12.2338,13.1564,462,51100,0.589834,0.59,1,123285,122823,462
3238281,26.4468,12.2313,480,51100,0.589967,0.59,1,123315,122835,480
3241201,14.8894,26.4463,462,51100,0.589993,0.59,1,123327,122865,462
3244121,46.1779,14.8893,504,51100,0.589999,0.61,1,123381,122877,504
3247041,18.0356,46.9779,460,51100,0.606,0.57,1,123392,122932,460
3249961,30.8071,18.9956,482,51100,0.6092,0.55,1,123426,122944,482
3252881,55.7614,30.9991,510,51100,0.60984,0.55,1,123488,122978,510
3255801,22.3523,55.7998,462,51100,0.609968,0.55,1,123502,123040,462
3258721,14.0705,22.36,460,51100,0.609994,0.55,1,123514,123054,460
3261641,12.4141,14.072,460,51100,0.609999,0.55,1,123526,123066,460
3264561,20.0828,12.4144,470,51100,0.61,0.55,1,123548,123078,470
3267481,13.6166,20.0829,460,51100,0.61,0.55,1,123560,123100,460
3270401,26.7233,13.6166,478,51100,0.61,0.55,1,123590,123112,478
3273321,78.9447,26.7233,540,51100,0.626,0.57,1,123682,123142,540
3276241,25.3889,78.1447,461,51100,0.6292,0.57,1,123694,123233,461
3279161,18.6778,25.2289,466,51100,0.61384,0.59,1,123711,123245,466
3282081,13.3356,17.8458,462,51100,0.610768,0.59,1,123723,123261,462
3285001,12.2671,13.1692,462,51100,0.610154,0.59,1,123735,123273,462
3287921,26.4534,12.2338,480,51100,0.610031,0.59,1,123765,123285,480
3290841,14.8907,26.4468,462,51100,0.610006,0.59,1,123777,123315,462
3293761,46.1781,14.8894,504,51100,0.610001,0.59,1,123831,123327,504
3296681,18.8356,46.1779,462,51100,0.61,0.61,1,123843,123381,462
3299601,30.9671,18.0356,485,51100,0.61,0.61,1,123877,123392,485
3302521,55.7934,30.8071,513,51100,0.61,0.61,1,123939,123426,513
3305441,22.3587,55.7614,465,51100,0.61,0.61,1,123953,123488,465
3308361,14.0717,22.3523,463,51100,0.61,0.61,1,123965,123502,463
3311281,12.4143,14.0705,463,51100,0.61,0.61,1,123977,123514,463
3314201,20.0829,12.4141,473,51100,0.61,0.61,1,123999,123526,473
3317121,13.6166,20.0828,463,51100,0.61,0.61,1,124011,123548,463
3320041,26.7233,13.6166,481,51100,0.61,0.61,1,124041,123560,481
3322961,79.7447,26.7233,544,51100,0.61,0.63,1,124134,123590,544
3325881,25.5489,78.9447,464,51100,0.61,0.63,1,124146,123682,464
3328801,17.9098,25.3889,468,51100,0.626,0.61,1,124162,123694,468
3331721,13.182,18.6778,463,51100,0.6292,0.61,1,124174,123711,463
3334641,12.2364,13.3356,463,51100,0.62984,0.61,1,124186,123723,463
3337561,26.4473,12.2671,481,51100,0.629968,0.61,1,124216,123735,481
3340481,14.8895,26.4534,463,51100,0.629994,0.61,1,124228,123765,463
3343401,46.1779,14.8907,505,51100,0.629999,0.61,1,124282,123777,505
3346321,18.8356,46.1781,463,51100,0.646,0.61,1,124294,123831,463
3349241,30.9671,18.8356,485,51100,0.6492,0.61,1,124328,123843,485
3352161,55.7934,30.9671,513,51100,0.64984,0.61,1,124390,123877,513
3355081,22.3587,55.7934,465,51100,0.649968,0.61,1,124404,123939,465
3358001,14.0717,22.3587,463,51100,0.649994,0.61,1,124416,123953,463
3360921,12.4143,14.0717,463,51100,0.649999,0.61,1,124428,123965,463
3363841,20.0829,12.4143,473,51100,0.65,0.61,1,124450,123977,473
3366761,13.6166,20.0829,463,51100,0.65,0.61,1,124462,123999,463
3369681,26.7233,13.6166,481,51100,0.65,0.61,1,124492,124011,481
3372601,79.7447,26.7233,544,51100,0.65,0.61,1,124585,124041,544
3375521,25.5489,79.7447,463,51100,0.65,0.61,1,124597,124134,463
3378441,18.7098,25.5489,468,51100,0.634,0.63,1,124614,124146,468
3381361,13.342,17.9098,464,51100,0.6308,0.63,1,124626,124162,464
3384281,12.2684,13.182,464,51100,0.63016,0.63,1,124638,124174,464
3387201,26.4537,12.2364,482,51100,0.630032,0.63,1,124668,124186,482
3390121,14.8907,26.4473,464,51100,0.630006,0.63,1,124680,124216,464
3393041,46.9781,14.8895,507,51100,0.646001,0.63,1,124735,124228,507
3395961,18.9956,46.1779,465,51100,0.6332,0.65,1,124747,124282,465
3398881,30.9991,18.8356,487,51100,0.63064,0.65,1,124781,124294,487
3401801,55.7998,30.9671,515,51100,0.630128,0.65,1,124843,124328,515
3404721,22.36,55.7934,467,51100,0.630026,0.65,1,124857,124390,467
3407641,14.072,22.3587,465,51100,0.630005,0.65,1,124869,124404,465
3410561,12.4144,14.0717,465,51100,0.630001,0.65,1,124881,124416,465
3413481,20.0829,12.4143,475,51100,0.63,0.65,1,124903,124428,475
3416401,13.6166,20.0829,465,51100,0.63,0.65,1,124915,124450,465
3419321,26.7233,13.6166,483,51100,0.63,0.65,1,124945,124462,483
3422241,79.7447,26.7233,546,51100,0.646,0.65,1,125038,124492,546
3425161,25.5489,79.7447,465,51100,0.6492,0.65,1,125050,124585,465
3428081,17.9098,25.5489,469,51100,0.66584,0.63,1,125066,124597,469
3431001,13.182,18.7098,464,51100,0.669168,0.63,1,125078,124614,464
3433921,12.2364,13.342,464,51100,0.669834,0.63,1,125090,124626,464
3436841,26.4473,12.2684,482,51100,0.669967,0.63,1,125120,124638,482
3439761,14.8895,26.4537,464,51100,0.669993,0.63,1,125132,124668,464
3442681,46.9779,14.8907,507,51100,0.653999,0.65,1,125187,124680,507
3445601,18.9956,46.9781,464,51100,0.6508,0.63,1,125199,124735,464
3448521,30.9991,18.9956,486,51100,0.65016,0.63,1,125233,124747,486
3451441,55.7998,30.9991,514,51100,0.650032,0.63,1,125295,124781,514
3454361,22.36,55.7998,466,51100,0.650006,0.63,1,125309,124843,466
3457281,14.072,22.36,464,51100,0.650001,0.63,1,125321,124857,464
3460201,12.4144,14.072,464,51100,0.65,0.63,1,125333,124869,464
3463121,20.0829,12.4144,474,51100,0.65,0.63,1,125355,124881,474
3466041,13.6166,20.0829,464,51100,0.65,0.63,1,125367,124903,464
3468961,26.7233,13.6166,482,51100,0.65,0.63,1,125397,124915,482
3471881,80.5447,26.7233,546,51100,0.634,0.65,1,125491,124945,546
3474801,25.7089,79.7447,465,51100,0.6308,0.65,1,125503,125038,465
3477721,18.7418,25.5489,470,51100,0.61416,0.67,1,125520,125050,470
3480641,13.3484,17.9098,466,51100,0.610832,0.67,1,125532,125066,466
3483561,12.2697,13.182,466,51100,0.610166,0.67,1,125544,125078,466
3486481,26.4539,12.2364,484,51100,0.610033,0.67,1,125574,125090,484
3489401,14.8908,26.4473,466,51100,0.610007,0.67,1,125586,125120,466
3492321,46.1782,14.8895,508,51100,0.610001,0.65,1,125640,125132,508
3495241,18.8356,46.9779,465,51100,0.626,0.65,1,125652,125187,465
3498161,30.9671,18.9956,487,51100,0.6292,0.65,1,125686,125199,487
3501081,55.7934,30.9991,515,51100,0.62984,0.65,1,125748,125233,515
3504001,22.3587,55.7998,467,51100,0.629968,0.65,1,125762,125295,467
3506921,14.0717,22.36,465,51100,0.629994,0.65,1,125774,125309,465
3509841,12.4143,14.072,465,51100,0.629999,0.65,1,125786,125321,465
3512761,20.0829,12.4144,475,51100,0.63,0.65,1,125808,125333,475
3515681,13.6166,20.0829,465,51100,0.63,0.65,1,125820,125355,465
3518601,26.7233,13.6166,483,51100,0.63,0.65,1,125850,125367,483
3521521,79.7447,26.7233,546,51100,0.598,0.63,1,125943,125397,546
3524441,25.5489,80.5447,464,51100,0.5916,0.63,1,125955,125491,464
3527361,17.9098,25.7089,468,51100,0.60632,0.61,1,125971,125503,468
3530281,13.182,18.7418,463,51100,0.609264,0.61,1,125983,125520,463
3533201,12.2364,13.3484,463,51100,0.609853,0.61,1,125995,125532,463
3536121,26.4473,12.2697,481,51100,0.609971,0.61,1,126025,125544,481
3539041,14.8895,26.4539,463,51100,0.609994,0.61,1,126037,125574,463
3541961,46.9779,14.8908,506,51100,0.593999,0.61,1,126092,125586,506
3544881,18.9956,46.1782,464,51100,0.5908,0.63,1,126104,125640,464
3547801,30.9991,18.8356,486,51100,0.59016,0.63,1,126138,125652,486
3550721,55.7998,30.9671,514,51100,0.590032,0.63,1,126200,125686,514
3553641,22.36,55.7934,466,51100,0.590006,0.63,1,126214,125748,466
3556561,14.072,22.3587,464,51100,0.590001,0.63,1,126226,125762,464
3559481,12.4144,14.0717,464,51100,0.59,0.63,1,126238,125774,464
3562401,20.0829,12.4143,474,51100,0.59,0.63,1,126260,125786,474
3565321,13.6166,20.0829,464,51100,0.59,0.63,1,126272,125808,464
3568241,26.7233,13.6166,482,51100,0.59,0.63,1,126302,125820,482
3571161,78.1447,26.7233,543,51100,0.59,0.59,1,126393,125850,543
3574081,25.2289,79.7447,462,51100,0.59,0.59,1,126405,125943,462
3577001,18.6458,25.5489,467,51100,0.574,0.61,1,126422,125955,467
3579921,13.3292,17.9098,463,51100,0.5708,0.61,1,126434,125971,463
3582841,12.2658,13.182,463,51100,0.57016,0.61,1,126446,125983,463
3585761,26.4532,12.2364,481,51100,0.570032,0.61,1,126476,125995,481
3588681,14.8906,26.4473,463,51100,0.570006,0.61,1,126488,126025,463
3591601,46.1781,14.8895,505,51100,0.570001,0.59,1,126542,126037,505
3594521,18.8356,46.9779,462,51100,0.586,0.59,1,126554,126092,462
3597441,30.9671,18.9956,484,51100,0.5892,0.59,1,126588,126104,484
3600361,55.7934,30.9991,512,51100,0.58984,0.59,1,126650,126138,512
3603281,22.3587,55.7998,464,51100,0.589968,0.59,1,126664,126200,464
3606201,14.0717,22.36,462,51100,0.589994,0.59,1,126676,126214,462
3609121,12.4143,14.072,462,51100,0.589999,0.59,1,126688,126226,462
3612041,20.0829,12.4144,472,51100,0.59,0.59,1,126710,126238,472
3614961,13.6166,20.0829,462,51100,0.59,0.59,1,126722,126260,462
3617881,26.7233,13.6166,480,51100,0.59,0.59,1,126752,126272,480
3620801,78.1447,26.7233,541,51100,0.558,0.59,1,126843,126302,541
3623721,25.2289,78.1447,462,51100,0.5516,0.59,1,126855,126393,462
3626641,17.8458,25.2289,466,51100,0.56632,0.57,1,126871,126405,466
3629561,13.1692,18.6458,461,51100,0.569264,0.57,1,126883,126422,461
3632481,12.2338,13.3292,461,51100,0.569853,0.57,1,126895,126434,461
3635401,26.4468,12.2658,479,51100,0.569971,0.57,1,126925,126446,479
3638321,14.8894,26.4532,461,51100,0.569994,0.57,1,126937,126476,461
3641241,46.9779,14.8906,504,51100,0.553999,0.57,1,126992,126488,504
3644161,18.9956,46.1781,462,51100,0.5508,0.59,1,127004,126542,462
3647081,30.9991,18.8356,484,51100,0.55016,0.59,1,127038,126554,484
3650001,55.7998,30.9671,512,51100,0.550032,0.59,1,127100,126588,512
3652921,22.36,55.7934,464,51100,0.550006,0.59,1,127114,126650,464
3655841,14.072,22.3587,462,51100,0.550001,0.59,1,127126,126664,462
3658761,12.4144,14.0717,462,51100,0.55,0.59,1,127138,126676,462
3661681,20.0829,12.4143,472,51100,0.55,0.59,1,127160,126688,472
3664601,13.6166,20.0829,462,51100,0.55,0.59,1,127172,126710,462
3667521,26.7233,13.6166,480,51100,0.55,0.59,1,127202,126722,480
3670441,76.5447,26.7233,539,51100,0.55,0.55,1,127291,126752,539
3673361,24.9089,78.1447,460,51100,0.55,0.55,1,127303,126843,460
3676281,18.5818,25.2289,465,51100,0.534,0.57,1,127320,126855,465
3679201,13.3164,17.8458,461,51100,0.5308,0.57,1,127332,126871,461
3682121,12.2633,13.1692,461,51100,0.53016,0.57,1,127344,126883,461
3685041,26.4527,12.2338,479,51100,0.530032,0.57,1,127374,126895,479
3687961,14.8905,26.4468,461,51100,0.530006,0.57,1,127386,126925,461
3690881,46.1781,14.8894,503,51100,0.530001,0.55,1,127440,126937,503
3693801,18.8356,46.9779,460,51100,0.546,0.55,1,127452,126992,460
3696721,30.9671,18.9956,482,51100,0.5492,0.55,1,127486,127004,482
3699641,55.7934,30.9991,510,51100,0.54984,0.55,1,127548,127038,510
3702561,22.3587,55.7998,462,51100,0.549968,0.55,1,127562,127100,462
3705481,14.0717,22.36,460,51100,0.549994,0.55,1,127574,127114,460
3708401,12.4143,14.072,460,51100,0.549999,0.55,1,127586,127126,460
3711321,20.0829,12.4144,470,51100,0.55,0.55,1,127608,127138,470
3714241,13.6166,20.0829,460,51100,0.55,0.55,1,127620,127160,460
3717161,26.7233,13.6166,478,51100,0.55,0.55,1,127650,127172,478
3720081,76.5447,26.7233,537,51100,0.518,0.55,1,127739,127202,537
3723001,24.9089,76.5447,460,51100,0.5116,0.55,1,127751,127291,460
3725921,17.7818,24.9089,464,51100,0.51032,0.53,1,127767,127303,464
3728841,13.1564,18.5818,459,51100,0.510064,0.53,1,127779,127320,459
3731761,12.2313,13.3164,459,51100,0.510013,0.53,1,127791,127332,459
3734681,26.4463,12.2633,477,51100,0.510003,0.53,1,127821,127344,477
3737601,14.8893,26.4527,459,51100,0.51,0.53,1,127833,127374,459
3740521,46.9779,14.8905,502,51100,0.526,0.53,1,127888,127386,502
3743441,18.9956,46.1781,460,51100,0.4972,0.55,1,127900,127440,460
3746361,30.9991,18.8356,482,51100,0.49144,0.55,1,127934,127452,482
3749281,55.7998,30.9671,510,51100,0.490288,0.55,1,127996,127486,510
3752201,22.36,55.7934,462,51100,0.490058,0.55,1,128010,127548,462
3755121,14.072,22.3587,460,51100,0.490012,0.55,1,128022,127562,460
3758041,12.4144,14.0717,460,51100,0.490002,0.55,1,128034,127574,460
3760961,20.0829,12.4143,470,51100,0.49,0.55,1,128056,127586,470
3763881,13.6166,20.0829,460,51100,0.49,0.55,1,128068,127608,460
3766801,26.7233,13.6166,478,51100,0.49,0.55,1,128098,127620,478
3769721,74.9447,26.7233,535,51100,0.49,0.51,1,128185,127650,535
3772641,24.5889,76.5447,458,51100,0.49,0.51,1,128197,127739,458
3775561,17.7178,24.9089,462,51100,0.49,0.51,1,128213,127751,462
3778481,13.1436,17.7818,458,51100,0.49,0.51,1,128225,127767,458
3781401,12.2287,13.1564,458,51100,0.49,0.51,1,128237,127779,458
3784321,26.4457,12.2313,476,51100,0.49,0.51,1,128267,127791,476
3787241,14.8891,26.4463,458,51100,0.49,0.51,1,128279,127821,458
3790161,46.1778,14.8893,500,51100,0.49,0.53,1,128333,127833,500
3793081,18.8356,46.9779,457,51100,0.49,0.49,1,128345,127888,457
3796001,30.9671,18.9956,479,51100,0.49,0.49,1,128379,127900,479
3798921,55.7934,30.9991,507,51100,0.49,0.49,1,128441,127934,507
3801841,22.3587,55.7998,459,51100,0.49,0.49,1,128455,127996,459
3804761,14.0717,22.36,457,51100,0.49,0.49,1,128467,128010,457
3807681,12.4143,14.072,457,51100,0.49,0.49,1,128479,128022,457
3810601,20.0829,12.4144,467,51100,0.49,0.49,1,128501,128034,467
3813521,13.6166,20.0829,457,51100,0.49,0.49,1,128513,128056,457
3816441,26.7233,13.6166,475,51100,0.49,0.49,1,128543,128068,475
3819361,74.9447,26.7233,532,51100,0.474,0.49,1,128630,128098,532
3822281,24.5889,74.9447,457,51100,0.4708,0.49,1,128642,128185,457
3825201,17.7178,24.5889,461,51100,0.47016,0.49,1,128658,128197,461
3828121,13.1436,17.7178,457,51100,0.470032,0.49,1,128670,128213,457
3831041,12.2287,13.1436,457,51100,0.470006,0.49,1,128682,128225,457
3833961,26.4457,12.2287,475,51100,0.470001,0.49,1,128712,128237,475
3836881,14.8891,26.4457,457,51100,0.47,0.49,1,128724,128267,457
3839801,46.1778,14.8891,499,51100,0.47,0.49,1,128778,128279,499
3842721,18.8356,46.1778,457,51100,0.47,0.49,1,128790,128333,457
3845641,30.9671,18.8356,479,51100,0.47,0.49,1,128824,128345,479
3848561,55.7934,30.9671,507,51100,0.47,0.49,1,128886,128379,507
3851481,22.3587,55.7934,459,51100,0.47,0.49,1,128900,128441,459
3854401,14.0717,22.3587,457,51100,0.47,0.49,1,128912,128455,457
3857321,12.4143,14.0717,457,51100,0.47,0.49,1,128924,128467,457
3860241,20.0829,12.4143,467,51100,0.47,0.49,1,128946,128479,467
3863161,13.6166,20.0829,457,51100,0.47,0.49,1,128958,128501,457
3866081,26.7233,13.6166,475,51100,0.47,0.49,1,128988,128513,475
3869001,74.1447,26.7233,531,51100,0.47,0.47,1,129074,128543,531
3871921,24.4289,74.9447,456,51100,0.47,0.47,1,129086,128630,456
3874841,17.6858,24.5889,460,51100,0.47,0.47,1,129102,128642,460
3877761,13.1372,17.7178,456,51100,0.47,0.47,1,129114,128658,456
3880681,12.2274,13.1436,456,51100,0.47,0.47,1,129126,128670,456
3883601,26.4455,12.2287,474,51100,0.47,0.47,1,129156,128682,474
3886521,14.8891,26.4457,456,51100,0.47,0.47,1,129168,128712,456
3889441,46.1778,14.8891,498,51100,0.47,0.47,1,129222,128724,498
3892361,18.8356,46.1778,456,51100,0.47,0.47,1,129234,128778,456
3895281,30.9671,18.8356,478,51100,0.47,0.47,1,129268,128790,478
3898201,55.7934,30.9671,506,51100,0.47,0.47,1,129330,128824,506
3901121,22.3587,55.7934,458,51100,0.47,0.47,1,129344,128886,458
3904041,14.0717,22.3587,456,51100,0.47,0.47,1,129356,128900,456
3906961,12.4143,14.0717,456,51100,0.47,0.47,1,129368,128912,456
3909881,20.0829,12.4143,466,51100,0.47,0.47,1,129390,128924,466
3912801,13.6166,20.0829,456,51100,0.47,0.47,1,129402,128946,456
3915721,26.7233,13.6166,474,51100,0.47,0.47,1,129432,128958,474
3918641,74.1447,26.7233,530,51100,0.47,0.47,1,129518,128988,530
3921561,24.4289,74.1447,456,51100,0.47,0.47,1,129530,129074,456
3924481,17.6858,24.4289,460,51100,0.47,0.47,1,129546,129086,460
3927401,13.1372,17.6858,456,51100,0.47,0.47,1,129558,129102,456
3930321,12.2274,13.1372,456,51100,0.47,0.47,1,129570,129114,456
3933241,26.4455,12.2274,474,51100,0.47,0.47,1,129600,129126,474
3936161,14.8891,26.4455,456,51100,0.47,0.47,1,129612,129156,456
3939081,46.1778,14.8891,498,51100,0.47,0.47,1,129666,129168,498
3942001,18.8356,46.1778,456,51100,0.47,0.47,1,129678,129222,456
3944921,30.9671,18.8356,478,51100,0.47,0.47,1,129712,129234,478
3947841,55.7934,30.9671,506,51100,0.47,0.47,1,129774,129268,506
3950761,22.3587,55.7934,458,51100,0.47,0.47,1,129788,129330,458
3953681,14.0717,22.3587,456,51100,0.47,0.47,1,129800,129344,456
3956601,12.4143,14.0717,456,51100,0.47,0.47,1,129812,129356,456
3959521,20.0829,12.4143,466,51100,0.47,0.47,1,129834,129368,466
3962441,13.6166,20.0829,456,51100,0.47,0.47,1,129846,129390,456
3965361,26.7233,13.6166,474,51100,0.47,0.47,1,129876,129402,474
3968281,74.1447,26.7233,530,51100,0.47,0.47,1,129962,129432,530
3971201,24.4289,74.1447,456,51100,0.47,0.47,1,129974,129518,456
3974121,17.6858,24.4289,460,51100,0.47,0.47,1,129990,129530,460
3977041,13.1372,17.6858,456,51100,0.47,0.47,1,130002,129546,456
3979961,12.2274,13.1372,456,51100,0.478,0.47,1,130014,129558,456
3982881,26.4455,12.2274,474,51100,0.4716,0.47,1,130044,129570,474
3985801,14.8891,26.4455,456,51100,0.47032,0.47,1,130056,129600,456
3988721,46.1778,14.8891,498,51100,0.470064,0.47,1,130110,129612,498
3991641,18.8356,46.1778,456,51100,0.470013,0.47,1,130122,129666,456
3994561,30.9671,18.8356,478,51100,0.470003,0.47,1,130156,129678,478
3997481,55.7934,30.9671,506,51100,0.470001,0.47,1,130218,129712,506
4000401,22.3587,55.7934,458,51100,0.47,0.47,1,130232,129774,458
4003321,14.0717,22.3587,456,51100,0.47,0.47,1,130244,129788,456
4006241,12.4143,14.0717,456,51100,0.47,0.47,1,130256,129800,456
4009161,20.0829,12.4143,466,51100,0.47,0.47,1,130278,129812,466
4012081,13.6166,20.0829,456,51100,0.47,0.47,1,130290,129834,456
4015001,26.7233,13.6166,474,51100,0.47,0.47,1,130320,129846,474
4017921,74.1447,26.7233,530,51100,0.47,0.47,1,130406,129876,530
4020841,24.4289,74.1447,456,51100,0.47,0.47,1,130418,129962,456
4023761,17.6858,24.4289,460,51100,0.47,0.47,1,130434,129974,460
4026681,13.1372,17.6858,456,51100,0.47,0.47,1,130446,129990,456
4029601,12.2274,13.1372,456,51100,0.638,0.48,1,130458,130002,456
4032521,26.4455,12.2274,474,51100,0.6636,0.47,1,130488,130014,474
4035441,14.8891,26.4455,456,51100,0.66872,0.47,1,130500,130044,456
4038361,46.1778,14.8891,498,51100,0.669744,0.47,1,130554,130056,498
4041281,18.8356,46.1778,456,51100,0.669949,0.47,1,130566,130110,456
4044201,30.9671,18.8356,478,51100,0.66999,0.47,1,130600,130122,478
4047121,55.7934,30.9671,506,51100,0.669998,0.47,1,130662,130156,506
4050041,22.3587,55.7934,458,51100,0.67,0.47,1,130676,130218,458
4052961,14.0717,22.3587,456,51100,0.67,0.47,1,130688,130232,456
4055881,12.4143,14.0717,456,51100,0.67,0.47,1,130700,130244,456
4058801,20.0829,12.4143,466,51100,0.67,0.47,1,130722,130256,466
4061721,13.6166,20.0829,456,51100,0.67,0.47,1,130734,130278,456
4064641,26.7233,13.6166,474,51100,0.67,0.47,1,130764,130290,474
4067561,74.1447,26.7233,530,51100,0.67,0.47,1,130850,130320,530
4070481,24.4289,74.1447,456,51100,0.67,0.47,1,130862,130406,456
4073401,17.6858,24.4289,460,51100,0.67,0.47,1,130878,130418,460
4076321,21.1372,17.6858,466,51100,0.67,0.47,1,130900,130434,466
4079241,13.8274,13.1372,466,51100,0.734,0.68,1,130912,130446,466
4082161,26.7655,12.2274,484,51100,0.7468,0.67,1,130942,130458,484
4085081,14.9531,26.4455,466,51100,0.74936,0.67,1,130954,130488,466
4088001,46.1906,14.8891,508,51100,0.749872,0.67,1,131008,130500,508
4090921,18.8381,46.1778,466,51100,0.765974,0.67,2,131020,130554,466
4093841,30.9676,18.8356,488,51100,0.769195,0.67,2,131054,130566,488
4096761,55.7935,30.9671,516,51100,0.801839,0.67,2,131116,130600,516
4099681,22.3587,55.7934,468,51100,0.808368,0.67,2,131130,130662,468
4102601,14.0717,22.3587,466,51100,0.809674,0.67,2,131142,130676,466
4105521,12.4143,14.0717,466,51100,0.809935,0.67,2,131154,130688,466
4108441,20.0829,12.4143,476,51100,0.809987,0.67,2,131176,130700,476
4111361,13.6166,20.0829,466,51100,0.809997,0.67,2,131188,130722,466
4114281,26.7233,13.6166,484,51100,0.809999,0.67,2,131218,130734,484
4117201,74.1447,26.7233,540,51100,0.81,0.67,2,131304,130764,540
4120121,24.4289,74.1447,466,51100,0.81,0.67,2,131316,130850,466
4123041,17.6858,24.4289,470,51100,0.81,0.67,2,131332,130862,470
4125961,24.3372,17.6858,480,51100,0.858,0.67,2,131358,130878,480
4146401,64,34,523,51100,0.95,0.81,2,131577,131054,523
4149321,24,56.4,475,51100,0.95,0.81,2,131591,131116,475
4169761,12,86,473,51100,0.93,0.81,2,131777,131304,473
4172681,15.2,26.8,477,51100,0.93,0.81,2,131793,131316,477
4263201,29,12,500,49640,0.91,1,2,132617,132117,500
4266121,73,26.4,554,49640,0.894,1,2,132701,132147,554
4269041,27.4,73.28,485,49640,0.8588,1,2,132717,132232,485
4271961,16.68,24.256,487,49640,0.85176,1,2,132731,132244,487
4274881,28.936,17.6512,503,49640,0.850352,1,2,132763,132260,503
4277801,16.9872,30.7302,483,49640,0.85007,1,2,132777,132294,483
4280721,31.3974,15.746,506,49640,0.866014,0.99,2,132812,132306,506
4283641,15.8795,31.1492,483,49640,0.869203,0.99,2,132824,132341,483
4286561,41.5759,15.8298,519,49640,0.869841,0.98,2,132872,132353,519
4289481,17.9152,42.366,482,49640,0.869968,1,2,132884,132402,482
4292401,35.583,18.0732,510,49640,0.853994,1,2,132924,132414,510
4295321,53.5166,34.8146,529,49640,0.834799,0.99,2,132982,132453,529
4298241,22.7033,54.9629,484,49640,0.79896,0.97,2,132997,132513,484
4301161,17.3407,22.1926,486,49640,0.791792,0.93,2,133013,132527,486
4304081,13.0681,17.2385,482,49640,0.822358,0.95,2,133025,132543,482
4307001,18.6136,30.6477,468,48180,0.812472,0.93,2,133045,132577,468
4309921,12.5227,14.9295,468,48180,0.810494,0.91,2,133056,132588,468
4312841,24.9045,26.1859,467,48180,0.810099,0.89,2,133084,132617,467
4315761,69.7809,72.4372,464,48180,0.77802,0.85,2,133165,132701,464
4318681,26.7562,27.2874,464,48180,0.787604,0.85,2,133181,132717,464
4321601,18.1512,16.6575,466,48180,0.789521,0.85,2,133197,132731,466
4324521,29.2302,28.9315,466,48180,0.789904,0.85,2,133229,132763,466
4327441,15.446,16.9863,464,48180,0.789981,0.87,2,133241,132777,464
4330361,31.8892,31.3973,465,48180,0.789996,0.87,2,133277,132812,465
4333281,15.9778,15.8795,465,48180,0.821999,0.87,2,133289,132824,465
4336201,39.9956,41.5759,463,48180,0.7964,0.87,2,133335,132872,463
4339121,17.5991,17.9152,463,48180,0.79128,0.85,2,133347,132884,463
4342041,36.3198,35.583,464,48180,0.758256,0.83,2,133388,132924,464
4344961,52.064,53.5166,462,48180,0.735651,0.79,1,133444,132982,462
4347881,23.2128,22.7033,463,48180,0.69913,0.79,1,133460,132997,463
4350801,17.4426,17.3407,463,48180,0.691826,0.83,1,133476,133013,463
4353721,26.6885,13.0681,480,48180,0.674365,0.81,1,133505,133025,480
4356641,13.3377,18.6136,470,48180,0.654873,0.81,1,133515,133045,470
4359561,25.0675,12.5227,487,48180,0.650975,0.81,1,133543,133056,487
4362481,69.8135,24.9045,540,48180,0.618195,0.77,1,133624,133084,540
4365401,27.5627,69.7809,476,48180,0.595639,0.79,1,133641,133165,476
4368321,18.3125,26.7562,476,48180,0.591128,0.79,1,133657,133181,476
4371241,29.2625,18.1512,492,48180,0.590226,0.79,1,133689,133197,492
4374161,15.4525,29.2302,472,48180,0.590045,0.79,1,133701,133229,472
4377081,31.8905,15.446,496,48180,0.590009,0.79,1,133737,133241,496
4380001,15.9781,31.8892,472,48180,0.590002,0.83,1,133749,133277,472
4382921,38.3956,15.9778,504,48180,0.606,0.79,1,133793,133289,504
4385841,17.2791,39.9956,470,48180,0.6092,0.79,1,133805,133335,470
4388761,34.6558,17.5991,497,48180,0.60984,0.75,1,133844,133347,497
4391681,50.9312,36.3198,511,48180,0.593968,0.73,1,133899,133388,511
4394601,22.9862,52.064,471,48180,0.590794,0.69,1,133915,133444,471
4397521,17.3972,23.2128,471,48180,0.590159,0.69,1,133931,133460,471
4400441,25.0794,17.4426,482,48180,0.606032,0.67,1,133958,133476,482
4403361,13.0159,26.6885,463,48180,0.593206,0.65,1,133968,133505,463
4406281,25.0032,13.3377,481,48180,0.590641,0.65,1,133996,133515,481
4409201,68.2006,25.0675,532,48180,0.590128,0.61,1,134075,133543,532
4412121,26.4401,69.8135,467,48180,0.590026,0.59,1,134091,133624,467
4415041,18.088,27.5627,466,48180,0.606005,0.59,1,134107,133641,466
4417961,29.2176,18.3125,482,48180,0.609201,0.59,1,134139,133657,482
4420881,15.4435,29.2625,462,48180,0.60984,0.59,1,134151,133689,462
4423801,31.8887,15.4525,486,48180,0.609968,0.59,1,134187,133701,486
4426721,15.9777,31.8905,462,48180,0.609994,0.59,1,134199,133737,462
4429641,39.1955,15.9781,495,48180,0.593999,0.61,1,134244,133749,495
4432561,17.4391,38.3956,463,48180,0.5908,0.61,1,134256,133793,463
4435481,34.6878,17.2791,490,48180,0.57416,0.61,1,134295,133805,490
4438401,50.1376,34.6558,505,48180,0.570832,0.59,1,134349,133844,505
4441321,22.8275,50.9312,466,48180,0.570166,0.59,1,134365,133899,466
4444241,17.3655,22.9862,466,48180,0.570033,0.59,1,134381,133915,466
4447161,25.0731,17.3972,477,48180,0.554007,0.61,1,134408,133931,477
4450081,13.0146,25.0794,460,48180,0.550801,0.59,1,134418,133958,460
4453001,25.0029,13.0159,478,48180,0.55016,0.59,1,134446,133968,478
4455921,68.2006,25.0032,529,48180,0.534032,0.59,1,134525,133996,529
4458841,27.2401,68.2006,467,48180,0.546806,0.59,1,134542,134075,467
4461761,18.248,26.4401,467,48180,0.517361,0.61,1,134558,134091,467
4464681,29.2496,18.088,483,48180,0.511472,0.61,1,134590,134107,483
4467601,15.4499,29.2176,463,48180,0.526294,0.61,1,134602,134139,463
4470521,31.89,15.4435,487,48180,0.529259,0.61,1,134638,134151,487
4473441,15.978,31.8887,463,48180,0.529852,0.61,1,134650,134187,463
4476361,38.3956,15.9777,495,48180,0.54597,0.59,1,134694,134199,495
4479281,17.2791,39.1955,462,48180,0.549194,0.59,1,134706,134244,462
4482201,33.8558,17.4391,488,48180,0.549839,0.57,1,134744,134256,488
4485121,49.9712,34.6878,503,48180,0.549968,0.57,1,134798,134295,503
4488041,22.7942,50.1376,465,48180,0.549994,0.57,1,134814,134349,465
4490961,17.3588,22.8275,465,48180,0.549999,0.57,1,134830,134365,465
4493881,24.2718,17.3655,475,48180,0.55,0.55,1,134856,134381,475
4496801,12.8544,25.0731,458,48180,0.55,0.55,1,134866,134408,458
4499721,24.9709,13.0146,476,48180,0.55,0.55,1,134894,134418,476
4502641,67.3942,25.0029,526,48180,0.55,0.53,1,134972,134446,526
4505561,26.2788,68.2006,463,48180,0.55,0.55,1,134988,134525,463
4508481,18.0558,27.2401,462,48180,0.566,0.51,1,135004,134542,462
4511401,30.0112,18.248,479,48180,0.5532,0.51,1,135037,134558,479
4514321,15.6022,29.2496,459,48180,0.56664,0.53,1,135049,134590,459
4517241,31.9204,15.4499,483,48180,0.569328,0.53,1,135085,134602,483
4520161,15.9841,31.89,459,48180,0.569866,0.53,1,135097,134638,459
4523081,39.1968,15.978,492,48180,0.553973,0.55,1,135142,134650,492
4526001,17.4394,38.3956,460,48180,0.550795,0.55,1,135154,134694,460
4528921,33.8879,17.2791,486,48180,0.550159,0.55,1,135192,134706,486
4531841,49.9776,33.8558,502,48180,0.550032,0.55,1,135246,134744,502
4534761,22.7955,49.9712,464,48180,0.550006,0.55,1,135262,134798,464
4537681,17.3591,22.7942,464,48180,0.550001,0.55,1,135278,134814,464
4540601,24.2718,17.3588,474,48180,0.55,0.55,1,135304,134830,474
4543521,12.8544,24.2718,458,48180,0.55,0.55,1,135314,134856,458
4546441,24.9709,12.8544,476,48180,0.55,0.55,1,135342,134866,476
4549361,67.3942,24.9709,526,48180,0.55,0.55,1,135420,134894,526
4552281,27.0788,67.3942,465,48180,0.566,0.55,1,135437,134972,465
4555201,18.2158,26.2788,465,48180,0.5532,0.57,1,135453,134988,465
4558121,30.0432,18.0558,482,48180,0.56664,0.55,1,135486,135004,482
4561041,15.6086,30.0112,461,48180,0.585328,0.57,1,135498,135037,461
4563961,31.9217,15.6022,485,48180,0.589066,0.57,1,135534,135049,485
4566881,15.9843,31.9204,461,48180,0.589813,0.57,1,135546,135085,461
4569801,38.3969,15.9841,493,48180,0.605963,0.55,1,135590,135097,493
4572721,17.2794,39.1968,460,48180,0.609192,0.55,1,135602,135142,460
4575641,33.8559,17.4394,486,48180,0.609838,0.55,1,135640,135154,486
4578561,49.9712,33.8879,502,48180,0.609968,0.55,1,135694,135192,502
4581481,22.7942,49.9776,464,48180,0.609994,0.55,1,135710,135246,464
4584401,17.3588,22.7955,464,48180,0.609999,0.55,1,135726,135262,464
4587321,24.2718,17.3591,474,48180,0.61,0.55,1,135752,135278,474
4590241,12.8544,24.2718,458,48180,0.61,0.55,1,135762,135304,458
4593161,24.9709,12.8544,476,48180,0.61,0.55,1,135790,135314,476
4596081,67.3942,24.9709,526,48180,0.61,0.55,1,135868,135342,526
4599001,27.0788,67.3942,465,48180,0.626,0.57,1,135885,135420,465
4601921,18.2158,27.0788,464,48180,0.5972,0.55,1,135901,135437,464
4604841,31.6432,18.2158,483,48180,0.60744,0.57,1,135936,135453,483
4607761,15.9286,30.0432,462,48180,0.625488,0.59,1,135948,135486,462
4610681,31.9857,15.6086,486,48180,0.629098,0.59,1,135984,135498,486
4613601,15.9971,31.9217,462,48180,0.62982,0.59,1,135996,135534,462
4616521,39.1994,15.9843,495,48180,0.613964,0.61,1,136041,135546,495
4619441,17.4399,38.3969,463,48180,0.610793,0.61,1,136053,135590,463
4622361,33.888,17.2794,489,48180,0.610159,0.61,1,136091,135602,489
4625281,49.9776,33.8559,505,48180,0.610032,0.61,1,136145,135640,505
4628201,22.7955,49.9712,467,48180,0.610006,0.61,1,136161,135694,467
4631121,17.3591,22.7942,467,48180,0.610001,0.61,1,136177,135710,467
4634041,24.2718,17.3588,477,48180,0.61,0.61,1,136203,135726,477
4636961,12.8544,24.2718,461,48180,0.61,0.61,1,136213,135752,461
4639881,24.9709,12.8544,479,48180,0.61,0.61,1,136241,135762,479
4642801,67.3942,24.9709,529,48180,0.61,0.61,1,136319,135790,529
4645721,26.2788,67.3942,467,48180,0.61,0.63,1,136335,135868,467
4648641,18.0558,27.0788,466,48180,0.61,0.59,1,136351,135885,466
4651561,33.2112,18.2158,487,48180,0.61,0.61,1,136388,135901,487
4654481,16.2422,31.6432,464,48180,0.61,0.63,1,136400,135936,464
4657401,32.0484,15.9286,488,48180,0.61,0.63,1,136436,135948,488
4660321,16.0097,31.9857,464,48180,0.61,0.63,1,136448,135984,464
4663241,38.4019,15.9971,496,48180,0.626,0.61,1,136492,135996,496
4666161,17.2804,39.1994,463,48180,0.6292,0.61,1,136504,136041,463
4669081,33.8561,17.4399,489,48180,0.62984,0.61,1,136542,136053,489
4672001,49.9712,33.888,505,48180,0.629968,0.61,1,136596,136091,505
4674921,22.7942,49.9776,467,48180,0.629994,0.61,1,136612,136145,467
4677841,17.3588,22.7955,467,48180,0.629999,0.61,1,136628,136161,467
4680761,24.2718,17.3591,477,48180,0.63,0.61,1,136654,136177,477
4683681,12.8544,24.2718,461,48180,0.614,0.61,1,136664,136203,461
4686601,24.9709,12.8544,479,48180,0.6108,0.61,1,136692,136213,479
4689521,67.3942,24.9709,529,48180,0.59416,0.61,1,136770,136241,529
4692441,26.2788,67.3942,467,48180,0.590832,0.61,1,136786,136319,467
4695361,18.0558,26.2788,467,48180,0.606166,0.61,1,136802,136335,467
4698281,33.2112,18.0558,488,48180,0.609233,0.61,1,136839,136351,488
4701201,16.2422,33.2112,463,48180,0.609847,0.61,1,136851,136388,463
4704121,32.0484,16.2422,487,48180,0.609969,0.61,1,136887,136400,487
4707041,16.0097,32.0484,463,48180,0.609994,0.61,1,136899,136436,463
4709961,39.2019,16.0097,496,48180,0.593999,0.63,1,136944,136448,496
4712881,17.4404,38.4019,464,48180,0.5908,0.63,1,136956,136492,464
4715801,33.8881,17.2804,490,48180,0.59016,0.63,1,136994,136504,490
4718721,49.9776,33.8561,506,48180,0.590032,0.63,1,137048,136542,506
4721641,22.7955,49.9712,468,48180,0.590006,0.63,1,137064,136596,468
4724561,17.3591,22.7942,468,48180,0.590001,0.63,1,137080,136612,468
4727481,23.4718,17.3588,477,48180,0.606,0.63,1,137105,136628,477
4730401,12.6944,24.2718,461,48180,0.5932,0.61,1,137115,136654,461
4733321,24.9389,12.8544,479,48180,0.59064,0.61,1,137143,136664,479
4736241,66.5878,24.9709,528,48180,0.590128,0.59,1,137220,136692,528
4739161,26.9176,67.3942,467,48180,0.574026,0.59,1,137237,136770,467
4742081,18.1835,26.2788,467,48180,0.602805,0.61,1,137253,136786,467
4745001,33.2367,18.0558,488,48180,0.592561,0.61,1,137290,136802,488
4747921,16.2473,33.2112,463,48180,0.590512,0.61,1,137302,136839,463
4750841,32.0495,16.2422,487,48180,0.590102,0.61,1,137338,136851,487
4753761,16.0099,32.0484,463,48180,0.59002,0.61,1,137350,136887,463
4756681,38.402,16.0097,495,48180,0.606004,0.59,1,137394,136899,495
4759601,17.2804,39.2019,462,48180,0.609201,0.59,1,137406,136944,462
4762521,33.8561,17.4404,488,48180,0.59384,0.59,1,137444,136956,488
4765441,49.9712,33.8881,504,48180,0.590768,0.59,1,137498,136994,504
4768361,22.7942,49.9776,466,48180,0.590154,0.59,1,137514,137048,466
4771281,17.3588,22.7955,466,48180,0.590031,0.59,1,137530,137064,466
4774201,23.4718,17.3591,475,48180,0.574006,0.61,1,137555,137080,475
4777121,12.6944,23.4718,460,48180,0.570801,0.59,1,137565,137105,460
4780041,24.9389,12.6944,478,48180,0.57016,0.59,1,137593,137115,478
4782961,66.5878,24.9389,527,48180,0.554032,0.59,1,137670,137143,527
4785881,27.7176,66.5878,468,48180,0.550806,0.57,1,137688,137220,468
4788801,18.3435,26.9176,467,48180,0.550161,0.61,1,137704,137237,467
4791721,32.4687,18.1835,487,48180,0.550032,0.59,1,137740,137253,487
4794641,16.0937,33.2367,462,48180,0.550006,0.59,1,137752,137290,462
4797561,32.0187,16.2473,486,48180,0.550001,0.59,1,137788,137302,486
4800481,16.0037,32.0495,462,48180,0.55,0.59,1,137800,137338,462
4803401,39.2007,16.0099,495,48180,0.534,0.61,1,137845,137350,495
4806321,17.4401,38.402,463,48180,0.5308,0.61,1,137857,137394,463
4809241,33.088,17.2804,488,48180,0.54616,0.59,1,137894,137406,488
4812161,49.8176,33.8561,504,48180,0.549232,0.59,1,137948,137444,504
4815081,22.7635,49.9712,466,48180,0.549846,0.59,1,137964,137498,466
4818001,17.3527,22.7942,466,48180,0.549969,0.59,1,137980,137514,466
4820921,22.6705,17.3588,474,48180,0.549994,0.57,1,138004,137530,474
4823841,12.5341,23.4718,459,48180,0.549999,0.57,1,138014,137555,459
4826761,24.9068,12.6944,477,48180,0.55,0.57,1,138042,137565,477
4829681,65.7814,24.9389,525,48180,0.55,0.55,1,138118,137593,525
4832601,27.5563,66.5878,466,48180,0.55,0.55,1,138136,137670,466
4835521,18.3113,27.7176,464,48180,0.55,0.55,1,138152,137688,464
4838441,32.4623,18.3435,484,48180,0.55,0.55,1,138188,137704,484
4841361,16.0925,32.4687,460,48180,0.55,0.55,1,138200,137740,460
4844281,32.0185,16.0937,484,48180,0.55,0.55,1,138236,137752,484
4847201,16.0037,32.0187,460,48180,0.55,0.55,1,138248,137788,460
4850121,38.4007,16.0037,492,48180,0.566,0.53,1,138292,137800,492
4853041,17.2801,39.2007,459,48180,0.5692,0.53,1,138304,137845,459
4855961,33.856,17.4401,485,48180,0.56984,0.55,1,138342,137857,485
4858881,49.9712,33.088,502,48180,0.569968,0.55,1,138396,137894,502
4861801,22.7942,49.8176,464,48180,0.569994,0.55,1,138412,137948,464
4864721,17.3588,22.7635,464,48180,0.569999,0.55,1,138428,137964,464
4867641,22.6718,17.3527,472,48180,0.57,0.55,1,138452,137980,472
4870561,12.5344,22.6705,458,48180,0.57,0.55,1,138462,138004,458
4873481,24.9069,12.5341,476,48180,0.57,0.55,1,138490,138014,476
4876401,65.7814,24.9068,524,48180,0.57,0.55,1,138566,138042,524
4879321,27.5563,65.7814,466,48180,0.57,0.55,1,138584,138118,466
4882241,18.3113,27.5563,464,48180,0.57,0.55,1,138600,138136,464
4885161,32.4623,18.3113,484,48180,0.586,0.55,1,138636,138152,484
4888081,16.0925,32.4623,460,48180,0.5892,0.55,1,138648,138188,460
4891001,32.0185,16.0925,484,48180,0.58984,0.55,1,138684,138200,484
4893921,16.0037,32.0185,460,48180,0.589968,0.55,1,138696,138236,460
4896841,39.2007,16.0037,493,48180,0.573994,0.57,1,138741,138248,493
4899761,17.4401,38.4007,461,48180,0.570799,0.57,1,138753,138292,461
4902681,33.888,17.2801,487,48180,0.57016,0.57,1,138791,138304,487
4905601,49.9776,33.856,503,48180,0.570032,0.57,1,138845,138342,503
4908521,22.7955,49.9712,465,48180,0.570006,0.57,1,138861,138396,465
4911441,17.3591,22.7942,465,48180,0.570001,0.57,1,138877,138412,465
4914361,22.6718,17.3588,473,48180,0.57,0.57,1,138901,138428,473
4917281,12.5344,22.6718,459,48180,0.57,0.57,1,138911,138452,459
4920201,24.9069,12.5344,477,48180,0.57,0.57,1,138939,138462,477
4923121,65.7814,24.9069,525,48180,0.57,0.57,1,139015,138490,525
4926041,27.5563,65.7814,467,48180,0.57,0.57,1,139033,138566,467
4928961,18.3113,27.5563,465,48180,0.57,0.57,1,139049,138584,465
4931881,33.2623,18.3113,486,48180,0.586,0.59,1,139086,138600,486
4934801,16.2525,32.4623,462,48180,0.5892,0.59,1,139098,138636,462
4937721,32.0505,16.0925,486,48180,0.58984,0.59,1,139134,138648,486
4940641,16.0101,32.0185,462,48180,0.589968,0.59,1,139146,138684,462
4943561,38.402,16.0037,494,48180,0.605994,0.57,1,139190,138696,494
4946481,17.2804,39.2007,461,48180,0.609199,0.57,1,139202,138741,461
4949401,33.8561,17.4401,487,48180,0.60984,0.57,1,139240,138753,487
4952321,49.9712,33.888,503,48180,0.609968,0.57,1,139294,138791,503
4955241,22.7942,49.9776,465,48180,0.609994,0.57,1,139310,138845,465
4958161,17.3588,22.7955,465,48180,0.609999,0.57,1,139326,138861,465
4961081,22.6718,17.3591,473,48180,0.61,0.57,1,139350,138877,473
4964001,12.5344,22.6718,459,48180,0.61,0.57,1,139360,138901,459
4966921,24.9069,12.5344,477,48180,0.61,0.57,1,139388,138911,477
4969841,65.7814,24.9069,525,48180,0.61,0.57,1,139464,138939,525
4972761,27.5563,65.7814,467,48180,0.61,0.57,1,139482,139015,467
4975681,18.3113,27.5563,465,48180,0.61,0.57,1,139498,139033,465
4978601,34.0623,18.3113,487,48180,0.626,0.59,1,139536,139049,487
4981521,16.4125,33.2623,462,48180,0.6292,0.59,1,139548,139086,462
4984441,32.0825,16.2525,486,48180,0.62984,0.59,1,139584,139098,486
4987361,16.0165,32.0505,462,48180,0.629968,0.59,1,139596,139134,462
4990281,39.2033,16.0101,495,48180,0.613994,0.61,1,139641,139146,495
4993201,17.4407,38.402,463,48180,0.610799,0.61,1,139653,139190,463
4996121,33.8881,17.2804,489,48180,0.61016,0.61,1,139691,139202,489
4999041,49.9776,33.8561,505,48180,0.610032,0.61,1,139745,139240,505
5001961,22.7955,49.9712,467,48180,0.610006,0.61,1,139761,139294,467
5004881,17.3591,22.7942,467,48180,0.610001,0.61,1,139777,139310,467
5007801,22.6718,17.3588,475,48180,0.61,0.61,1,139801,139326,475
5010721,12.5344,22.6718,461,48180,0.61,0.61,1,139811,139350,461
5013641,24.9069,12.5344,479,48180,0.61,0.61,1,139839,139360,479
5016561,65.7814,24.9069,527,48180,0.61,0.61,1,139915,139388,527
5019481,27.5563,65.7814,469,48180,0.61,0.61,1,139933,139464,469
5022401,18.3113,27.5563,467,48180,0.61,0.61,1,139949,139482,467
5025321,34.8623,18.3113,490,48180,0.61,0.63,1,139988,139498,490
5028241,16.5725,34.0623,464,48180,0.61,0.63,1,140000,139536,464
5031161,32.1145,16.4125,488,48180,0.618,0.63,1,140036,139548,488
5034081,16.0229,32.0825,464,48180,0.6116,0.63,1,140048,139584,464
5037001,38.4046,16.0165,496,48180,0.62632,0.61,1,140092,139596,496
5039921,17.2809,39.2033,463,48180,0.629264,0.61,1,140104,139641,463
5042841,33.8562,17.4407,489,48180,0.629853,0.61,1,140142,139653,489
5045761,49.9712,33.8881,505,48180,0.629971,0.61,1,140196,139691,505
5048681,22.7942,49.9776,467,48180,0.629994,0.61,1,140212,139745,467
5051601,17.3588,22.7955,467,48180,0.629999,0.61,1,140228,139761,467
5054521,22.6718,17.3591,475,48180,0.63,0.61,1,140252,139777,475
5057441,12.5344,22.6718,461,48180,0.63,0.61,1,140262,139801,461
5060361,24.9069,12.5344,479,48180,0.63,0.61,1,140290,139811,479
5063281,65.7814,24.9069,527,48180,0.614,0.61,1,140366,139839,527
5066201,27.5563,65.7814,469,48180,0.6108,0.61,1,140384,139915,469
5069121,18.3113,27.5563,467,48180,0.61016,0.61,1,140400,139933,467
5072041,34.8623,18.3113,490,48180,0.642032,0.61,1,140439,139949,490
5074961,16.5725,34.8623,463,48180,0.648406,0.61,1,140451,139988,463
5077881,32.1145,16.5725,487,48180,0.817681,0.62,2,140487,140000,487
5080801,16.0229,32.1145,463,48180,0.843536,0.61,2,140499,140036,463
5083721,39.2046,16.0229,496,48180,0.832707,0.63,2,140544,140048,496
5086641,17.4409,38.4046,464,48180,0.830541,0.63,2,140556,140092,464
5089561,33.8882,17.2809,490,48180,0.830108,0.63,2,140594,140104,490
5092481,49.9776,33.8562,506,48180,0.830022,0.63,2,140648,140142,506
5095401,22.7955,49.9712,468,48180,0.830004,0.63,2,140664,140196,468
5098321,17.3591,22.7942,468,48180,0.830001,0.63,2,140680,140212,468
5101241,22.6718,17.3588,476,48180,0.83,0.63,2,140704,140228,476
5104161,12.5344,22.6718,462,48180,0.814,0.63,2,140714,140252,462
5107081,24.9069,12.5344,480,48180,0.8108,0.63,2,140742,140262,480
5110001,64.9814,24.9069,527,48180,0.82616,0.61,2,140817,140290,527
5112921,27.3963,65.7814,469,48180,0.829232,0.61,2,140835,140366,469
5115841,18.2793,27.5563,467,48180,0.829846,0.61,2,140851,140384,467
5118761,36.4558,18.3113,492,48180,0.829969,0.65,2,140892,140400,492
5121681,24.8912,34.8623,475,48180,0.829994,0.65,2,140914,140439,475
5124601,33.7782,16.5725,499,48180,0.893999,0.86,2,140950,140451,499
5127521,16.3556,32.1145,475,48180,0.9068,0.85,2,140962,140487,475
5130441,38.4711,16.0229,507,48180,0.92536,0.83,2,141006,140499,507
5133361,17.2942,39.2046,474,48180,0.929072,0.83,2,141018,140544,474
5136281,33.8588,17.4409,500,48180,0.929814,0.83,2,141056,140556,500
5139201,49.9718,33.8882,516,48180,0.929963,0.83,2,141110,140594,516
5299801,18,19,476,45260,0.89,1,2,142715,142239,476
5302721,16.4,14.2,479,45260,0.89,1,2,142731,142252,479
5305641,30.48,37.24,470,45260,0.938,1,2,142765,142295,470
5308561,22.096,22.648,471,45260,0.9476,1,2,142785,142314,471
5311481,34.8192,30.9296,476,45260,0.91752,1,2,142823,142347,476
5314401,26.9638,26.9859,475,45260,0.927504,1,2,142848,142373,475
5317321,42.1928,43.7972,473,45260,0.945501,1,2,142894,142421,473
5320241,18.0386,17.5594,474,45260,0.9011,0.96,2,142906,142432,474
5323161,22.8077,25.1119,471,45260,0.89222,1,2,142930,142459,471
5326081,56.5615,57.8224,470,45260,0.906444,0.97,2,142995,142525,470
5329001,24.1123,24.3645,470,45260,0.877289,0.94,2,143011,142541,470
5331921,35.2225,16.8729,493,45260,0.871458,0.93,2,143049,142556,493
5334841,17.4445,22.5746,482,45260,0.886292,0.97,2,143062,142580,482
5337761,25.0889,17.3149,493,45260,0.841258,0.95,2,143089,142596,493
5340681,63.4178,25.863,538,45260,0.800252,0.89,2,143162,142624,538
5343601,27.0836,63.5726,483,45260,0.79205,0.89,2,143180,142697,483
5346521,18.2167,27.1145,481,45260,0.79041,0.89,2,143196,142715,481
5349441,30.0433,18.2229,498,45260,0.774082,0.95,2,143229,142731,498
5352361,23.6087,30.8446,486,45260,0.770816,0.95,2,143251,142765,486
5355281,35.1217,22.1689,504,45260,0.770163,0.91,2,143289,142785,504
5358201,27.8243,34.8338,492,45260,0.770033,0.93,2,143315,142823,492
5361121,40.7649,26.9668,511,45260,0.770007,0.95,2,143359,142848,511
5364041,17.753,42.1934,477,45260,0.754001,0.89,2,143371,142894,477
5366961,21.9506,18.0387,488,45260,0.7188,0.89,1,143394,142906,488
5369881,56.3901,22.8077,529,45260,0.69576,0.91,1,143459,142930,529
5372801,24.078,56.5615,480,45260,0.691152,0.87,1,143475,142995,480
5375721,35.2156,24.1123,502,45260,0.69023,0.87,1,143513,143011,502
5378641,17.4431,35.2225,477,45260,0.674046,0.89,1,143526,143049,477
5381561,23.4886,17.4445,489,45260,0.670809,0.83,1,143551,143062,489
5384481,61.4977,25.0889,533,45260,0.670162,0.79,1,143622,143089,533
5387401,26.6995,63.4178,478,45260,0.670032,0.79,1,143640,143162,478
5390321,18.1399,27.0836,476,45260,0.670007,0.79,1,143656,143180,476
5393241,29.228,18.2167,492,45260,0.670001,0.77,1,143688,143196,492
5396161,23.4456,30.0433,481,45260,0.686,0.77,1,143710,143229,481
5399081,35.0891,23.6087,497,45260,0.6892,0.77,1,143748,143251,497
5402001,27.8178,35.1217,485,45260,0.68984,0.77,1,143774,143289,485
5404921,39.9636,27.8243,502,45260,0.689968,0.77,1,143817,143315,502
5407841,17.5927,40.7649,470,45260,0.689994,0.75,1,143829,143359,470
5410761,20.3185,17.753,479,45260,0.689999,0.71,1,143850,143371,479
5413681,55.2637,21.9506,520,45260,0.69,0.69,1,143914,143394,520
5416601,23.8527,56.3901,471,45260,0.69,0.69,1,143930,143459,471
5419521,35.1705,24.078,493,45260,0.69,0.69,1,143968,143475,493
5422441,16.6341,35.2156,467,45260,0.69,0.67,1,143980,143513,467
5425361,23.3268,17.4431,479,45260,0.658,0.67,1,144005,143526,479
5428281,61.4654,23.4886,525,45260,0.6356,0.67,1,144076,143551,525
5431201,26.6931,61.4977,472,45260,0.63112,0.67,1,144094,143622,472
5434121,18.1386,26.6995,470,45260,0.630224,0.67,1,144110,143640,470
5437041,30.0277,18.1399,487,45260,0.614045,0.67,1,144143,143656,487
5439961,23.6055,29.228,477,45260,0.610809,0.69,1,144165,143688,477
5442881,35.1211,23.4456,493,45260,0.610162,0.69,1,144203,143710,493
5445801,27.8242,35.0891,481,45260,0.610032,0.69,1,144229,143748,481
5448721,39.9648,27.8178,498,45260,0.610006,0.69,1,144272,143774,498
5451641,17.593,39.9636,467,45260,0.610001,0.69,1,144284,143817,467
5454561,20.3186,17.5927,476,45260,0.594,0.69,1,144305,143829,476
5457481,55.2637,20.3185,519,45260,0.5908,0.69,1,144369,143850,519
5460401,23.8527,55.2637,471,45260,0.59016,0.69,1,144385,143914,471
5463321,35.1705,23.8527,493,45260,0.590032,0.69,1,144423,143930,493
5466241,15.8341,35.1705,466,45260,0.606006,0.69,1,144434,143968,466
5469161,22.3668,16.6341,478,45260,0.593201,0.65,1,144458,143980,478
5472081,60.4734,23.3268,523,45260,0.59064,0.63,1,144528,144005,523
5475001,26.4947,61.4654,470,45260,0.590128,0.63,1,144546,144076,470
5477921,18.0989,26.6931,468,45260,0.590026,0.63,1,144562,144094,468
5480841,29.2198,18.1386,484,45260,0.590005,0.61,1,144594,144110,484
5483761,23.444,30.0277,473,45260,0.606001,0.61,1,144616,144143,473
5486681,35.0888,23.6055,489,45260,0.6092,0.61,1,144654,144165,489
5489601,27.8178,35.1211,477,45260,0.60984,0.61,1,144680,144203,477
5492521,39.9636,27.8242,494,45260,0.625968,0.61,1,144723,144229,494
5495441,17.5927,39.9648,463,45260,0.629194,0.61,1,144735,144272,463
5498361,19.5185,17.593,471,45260,0.629839,0.59,1,144755,144284,471
5501281,55.1037,20.3186,514,45260,0.629968,0.59,1,144819,144305,514
5504201,23.8207,55.2637,466,45260,0.629994,0.59,1,144835,144369,466
5507121,35.1641,23.8527,488,45260,0.629999,0.59,1,144873,144385,488
5510041,15.8328,35.1705,461,45260,0.646,0.61,1,144884,144423,461
5512961,22.3666,15.8341,474,45260,0.6172,0.59,1,144908,144434,474
5515881,60.4733,22.3668,520,45260,0.59544,0.59,1,144978,144458,520
5518801,26.4947,60.4734,468,45260,0.591088,0.59,1,144996,144528,468
5521721,18.0989,26.4947,466,45260,0.590218,0.59,1,145012,144546,466
5524641,30.0198,18.0989,483,45260,0.606044,0.59,1,145045,144562,483
5527561,23.604,29.2198,473,45260,0.593209,0.61,1,145067,144594,473
5530481,35.1208,23.444,489,45260,0.590642,0.61,1,145105,144616,489
5533401,28.6242,35.0888,478,45260,0.606128,0.61,1,145132,144654,478
5536321,40.1248,27.8178,495,45260,0.609226,0.63,1,145175,144680,495
5539241,17.625,39.9636,464,45260,0.609845,0.63,1,145187,144723,464
5542161,19.525,17.5927,472,45260,0.609969,0.63,1,145207,144735,472
5545081,55.105,19.5185,516,45260,0.609994,0.63,1,145271,144755,516
5548001,23.821,55.1037,468,45260,0.609999,0.63,1,145287,144819,468
5550921,35.1642,23.8207,490,45260,0.61,0.63,1,145325,144835,490
5553841,15.0328,35.1641,462,45260,0.61,0.65,1,145335,144873,462
5556761,22.2066,15.8328,475,45260,0.61,0.61,1,145359,144884,475
5559681,59.6413,22.3666,520,45260,0.626,0.59,1,145428,144908,520
5562601,26.3283,60.4733,468,45260,0.6292,0.59,1,145446,144978,468
5565521,18.0657,26.4947,466,45260,0.62984,0.59,1,145462,144996,466
5568441,30.0131,18.0989,483,45260,0.645968,0.61,1,145495,145012,483
5571361,23.6026,30.0198,472,45260,0.617194,0.59,1,145517,145045,472
5574281,35.1205,23.604,488,45260,0.611439,0.59,1,145555,145067,488
5577201,30.2241,35.1208,479,45260,0.642288,0.61,1,145584,145105,479
5580121,39.6448,28.6242,494,45260,0.664458,0.61,1,145626,145132,494
5583041,17.529,40.1248,463,45260,0.668892,0.61,1,145638,145175,463
5585961,19.5058,17.625,471,45260,0.669778,0.61,1,145658,145187,471
5588881,55.1012,19.525,515,45260,0.669956,0.61,1,145722,145207,515
5591801,23.8202,55.105,467,45260,0.669991,0.61,1,145738,145271,467
5594721,35.164,23.821,489,45260,0.669998,0.61,1,145776,145287,489
5597641,15.0328,35.1642,461,45260,0.67,0.61,1,145786,145325,461
5600561,22.2066,15.0328,475,45260,0.67,0.61,1,145810,145335,475
5603481,60.4413,22.2066,521,45260,0.67,0.63,1,145880,145359,521
5606401,26.4883,59.6413,470,45260,0.67,0.63,1,145898,145428,470
5609321,18.0977,26.3283,468,45260,0.67,0.63,1,145914,145446,468
5612241,29.2195,18.0657,484,45260,0.67,0.65,1,145946,145462,484
5615161,23.4439,30.0131,473,45260,0.67,0.61,1,145968,145495,473
5618081,35.0888,23.6026,489,45260,0.67,0.61,1,146006,145517,489
5621001,31.8178,35.1205,482,45260,0.67,0.65,1,146037,145555,482
5623921,40.7636,30.2241,496,45260,0.654,0.67,1,146080,145584,496
5626841,17.7527,39.6448,466,45260,0.6508,0.67,1,146092,145626,466
5629761,19.5505,17.529,474,45260,0.65016,0.67,1,146112,145638,474
5632681,55.1101,19.5058,518,45260,0.650032,0.67,1,146176,145658,518
5635601,23.822,55.1012,470,45260,0.650006,0.67,1,146192,145722,470
5638521,35.1644,23.8202,492,45260,0.650001,0.67,1,146230,145738,492
5641441,15.0329,35.164,464,45260,0.65,0.67,1,146240,145776,464
5644361,22.2066,15.0328,478,45260,0.65,0.67,1,146264,145786,478
5647281,60.4413,22.2066,524,45260,0.65,0.67,1,146334,145810,524
5650201,26.4883,60.4413,472,45260,0.65,0.67,1,146352,145880,472
5653121,18.0977,26.4883,470,45260,0.65,0.67,1,146368,145898,470
5656041,29.2195,18.0977,486,45260,0.65,0.67,1,146400,145914,486
5658961,23.4439,29.2195,476,45260,0.666,0.67,1,146422,145946,476
5661881,35.0888,23.4439,492,45260,0.6692,0.67,1,146460,145968,492
5664801,31.8178,35.0888,485,45260,0.66984,0.67,1,146491,146006,485
5667721,39.9636,31.8178,496,45260,0.685968,0.65,1,146533,146037,496
5670641,17.5927,40.7636,465,45260,0.689194,0.65,1,146545,146080,465
5673561,19.5185,17.7527,473,45260,0.689839,0.65,1,146565,146092,473
5676481,55.1037,19.5505,517,45260,0.689968,0.65,1,146629,146112,517
5679401,23.8207,55.1101,469,45260,0.689994,0.65,1,146645,146176,469
5682321,35.1641,23.822,491,45260,0.689999,0.65,1,146683,146192,491
5685241,15.0328,35.1644,463,45260,0.69,0.65,1,146693,146230,463
5688161,22.2066,15.0329,477,45260,0.674,0.65,1,146717,146240,477
5691081,60.4413,22.2066,523,45260,0.6708,0.65,1,146787,146264,523
5694001,26.4883,60.4413,471,45260,0.67016,0.65,1,146805,146334,471
5696921,18.0977,26.4883,469,45260,0.670032,0.65,1,146821,146352,469
5699841,30.0195,18.0977,486,45260,0.686006,0.65,1,146854,146368,486
5702761,23.6039,29.2195,476,45260,0.673201,0.67,1,146876,146400,476
5705681,35.1208,23.4439,492,45260,0.67064,0.67,1,146914,146422,492
5708601,31.8242,35.0888,485,45260,0.702128,0.67,1,146945,146460,485
5711521,40.7648,31.8178,497,45260,0.692426,0.69,1,146988,146491,497
5714441,17.753,39.9636,467,45260,0.690485,0.69,1,147000,146533,467
5717361,19.5506,17.5927,475,45260,0.690097,0.69,1,147020,146545,475
5720281,55.1101,19.5185,519,45260,0.690019,0.69,1,147084,146565,519
5723201,23.822,55.1037,471,45260,0.690004,0.69,1,147100,146629,471
5726121,35.1644,23.8207,493,45260,0.690001,0.69,1,147138,146645,493
5729041,15.0329,35.1641,465,45260,0.69,0.69,1,147148,146683,465
5731961,21.4066,15.0328,478,45260,0.706,0.67,1,147171,146693,478
5734881,60.2813,22.2066,524,45260,0.7092,0.67,1,147241,146717,524
5737801,26.4563,60.4413,472,45260,0.70984,0.67,1,147259,146787,472
5740721,18.0913,26.4883,470,45260,0.709968,0.67,1,147275,146805,470
5743641,30.0182,18.0977,487,45260,0.725994,0.69,1,147308,146821,487
5746561,23.6037,30.0195,476,45260,0.697199,0.67,1,147330,146854,476
5749481,35.1207,23.6039,492,45260,0.69144,0.67,1,147368,146876,492
5752401,33.4241,35.1208,487,45260,0.722288,0.71,1,147401,146914,487
5755321,40.2848,31.8242,498,45260,0.744458,0.69,1,147443,146945,498
5758241,17.657,40.7648,467,45260,0.748892,0.69,1,147455,146988,467
5761161,19.5314,17.753,475,45260,0.749778,0.69,1,147475,147000,475
5764081,55.1063,19.5506,519,45260,0.749956,0.69,1,147539,147020,519
5767001,23.8213,55.1101,471,45260,0.749991,0.69,1,147555,147084,471
5769921,35.1643,23.822,493,45260,0.749998,0.69,1,147593,147100,493
5772841,15.0328,35.1644,465,45260,0.734,0.69,1,147603,147138,465
5775761,22.2066,15.0329,479,45260,0.7308,0.71,1,147627,147148,479
5778681,60.4413,21.4066,526,45260,0.73016,0.71,1,147697,147171,526
5781601,26.4883,60.2813,474,45260,0.730032,0.71,1,147715,147241,474
5784521,18.0977,26.4563,472,45260,0.730006,0.71,1,147731,147259,472
5787441,29.2195,18.0913,488,45260,0.730001,0.73,1,147763,147275,488
5790361,23.4439,30.0182,477,45260,0.73,0.69,1,147785,147308,477
5793281,35.0888,23.6037,493,45260,0.73,0.69,1,147823,147330,493
5796201,35.0178,35.1207,490,45260,0.73,0.73,1,147858,147368,490
5799121,41.4036,33.4241,500,45260,0.714,0.75,1,147901,147401,500
5802041,17.8807,40.2848,470,45260,0.7108,0.75,1,147913,147443,470
5804961,19.5761,17.657,478,45260,0.71016,0.75,1,147933,147455,478
5807881,55.1152,19.5314,522,45260,0.710032,0.75,1,147997,147475,522
5810801,23.823,55.1063,474,45260,0.710006,0.75,1,148013,147539,474
5813721,34.3646,23.8213,495,45260,0.726001,0.75,1,148050,147555,495
5816641,14.8729,35.1643,467,45260,0.7132,0.73,1,148060,147593,467
5819561,22.1746,15.0328,481,45260,0.71064,0.73,1,148084,147603,481
5822481,60.4349,22.2066,527,45260,0.710128,0.73,1,148154,147627,527
5825401,26.487,60.4413,475,45260,0.710026,0.73,1,148172,147697,475
5828321,18.0974,26.4883,473,45260,0.710005,0.73,1,148188,147715,473
5831241,29.2195,18.0977,489,45260,0.710001,0.73,1,148220,147731,489
5834161,23.4439,29.2195,479,45260,0.726,0.73,1,148242,147763,479
5837081,35.8888,23.4439,496,45260,0.7612,0.73,2,148281,147785,496
5840001,34.3778,35.0888,492,45260,0.73624,0.73,1,148315,147823,492
5842921,40.4756,35.0178,499,45260,0.747248,0.71,1,148357,147858,499
5845841,17.6951,41.4036,468,45260,0.74945,0.71,1,148369,147901,468
5848761,19.539,17.8807,476,45260,0.73389,0.71,1,148389,147913,476
5851681,55.1078,19.5761,520,45260,0.730778,0.71,1,148453,147933,520
5854601,23.8216,55.1152,472,45260,0.730156,0.71,1,148469,147997,472
5857521,34.3643,23.823,493,45260,0.746031,0.73,1,148506,148013,493
5860441,14.8729,34.3646,466,45260,0.717206,0.71,1,148516,148050,466
5863361,22.1746,14.8729,480,45260,0.711441,0.71,1,148540,148060,480
5866281,60.4349,22.1746,526,45260,0.710288,0.71,1,148610,148084,526
5869201,26.487,60.4349,474,45260,0.710058,0.71,1,148628,148154,474
5872121,18.0974,26.487,472,45260,0.710012,0.71,1,148644,148172,472
5875041,30.0195,18.0974,489,45260,0.726002,0.71,1,148677,148188,489
5877961,23.6039,29.2195,479,45260,0.7132,0.73,1,148699,148220,479
5880881,35.9208,23.4439,496,45260,0.72664,0.77,1,148738,148242,496
5883801,34.3842,35.8888,491,45260,0.729328,0.73,1,148772,148281,491
5886721,41.2768,34.3778,500,45260,0.713866,0.75,1,148815,148315,500
5889641,17.0554,40.4756,469,45260,0.726773,0.75,1,148826,148357,469
5892561,19.4111,17.6951,477,45260,0.729355,0.73,1,148846,148369,477
5895481,55.0822,19.539,521,45260,0.729871,0.73,1,148910,148389,521
5898401,23.8164,55.1078,473,45260,0.729974,0.73,1,148926,148453,473
5901321,33.5633,23.8216,493,45260,0.729995,0.75,1,148962,148469,493
5904241,14.7127,34.3643,466,45260,0.729999,0.71,1,148972,148506,466
5907161,22.1425,14.8729,480,45260,0.73,0.71,1,148996,148516,480
5910081,60.4285,22.1746,526,45260,0.73,0.71,1,149066,148540,526
5913001,26.4857,60.4349,474,45260,0.73,0.71,1,149084,148610,474
5915921,18.0971,26.487,472,45260,0.73,0.71,1,149100,148628,472
5918841,30.0194,18.0974,489,45260,0.746,0.73,1,149133,148644,489
5921761,23.6039,30.0195,478,45260,0.7172,0.71,1,149155,148677,478
5924681,36.7208,23.6039,496,45260,0.72744,0.73,1,149195,148699,496
5927601,34.5442,35.9208,491,45260,0.729488,0.73,1,149229,148738,491
5930521,40.5088,34.3842,499,45260,0.745898,0.71,1,149271,148772,499
5933441,17.7018,41.2768,468,45260,0.74918,0.73,1,149283,148815,468
5936361,19.5404,17.0554,477,45260,0.749836,0.73,1,149303,148826,477
5939281,55.1081,19.4111,521,45260,0.749967,0.73,1,149367,148846,521
5942201,23.8216,55.0822,473,45260,0.749993,0.73,1,149383,148910,473
5945121,33.5643,23.8164,493,45260,0.733999,0.73,1,149419,148926,493
5948041,14.7129,33.5633,467,45260,0.7308,0.73,1,149429,148962,467
5950961,22.1426,14.7127,481,45260,0.73016,0.73,1,149453,148972,481
5953881,60.4285,22.1425,527,45260,0.730032,0.73,1,149523,148996,527
5956801,26.4857,60.4285,475,45260,0.730006,0.73,1,149541,149066,475
5959721,18.0971,26.4857,473,45260,0.730001,0.73,1,149557,149084,473
5962641,29.2194,18.0971,489,45260,0.73,0.75,1,149589,149100,489
5965561,23.4439,30.0194,478,45260,0.746,0.71,1,149611,149133,478
5968481,37.4888,23.6039,497,45260,0.7492,0.73,1,149652,149155,497
5971401,34.6978,36.7208,491,45260,0.74984,0.73,1,149686,149195,491
5974321,41.3396,34.5442,500,45260,0.733968,0.75,1,149729,149229,500
5977241,17.8679,40.5088,470,45260,0.730794,0.75,1,149741,149271,470
5980161,19.5736,17.7018,478,45260,0.730159,0.75,1,149761,149283,478
5983081,55.1147,19.5404,522,45260,0.730032,0.75,1,149825,149303,522
5986001,23.8229,55.1081,474,45260,0.730006,0.75,1,149841,149367,474
5988921,32.7646,23.8216,493,45260,0.746001,0.73,1,149876,149383,493
5991841,14.5529,33.5643,467,45260,0.7492,0.73,1,149886,149419,467
5994761,22.1106,14.7129,481,45260,0.74984,0.73,1,149910,149429,481
5997681,60.4221,22.1426,527,45260,0.749968,0.73,1,149980,149453,527
6000601,26.4844,60.4285,475,45260,0.749994,0.73,1,149998,149523,475
6003521,18.0969,26.4857,473,45260,0.757999,0.73,2,150014,149541,473
6006441,30.0194,18.0971,490,45260,0.7756,0.73,2,150047,149557,490
6009361,23.6039,29.2194,480,45260,0.75512,0.75,2,150069,149589,480
6012281,37.5208,23.4439,499,45260,0.767024,0.75,2,150110,149611,499
6015201,34.7042,37.4888,492,45260,0.769405,0.75,2,150144,149652,492
6018121,40.5408,34.6978,500,45260,0.785881,0.73,2,150186,149686,500
6021041,17.7082,41.3396,469,45260,0.789176,0.73,2,150198,149729,469
6023961,19.5416,17.8679,477,45260,0.789835,0.73,2,150218,149741,477
6026881,55.1083,19.5736,521,45260,0.789967,0.73,2,150282,149761,521
6029801,23.8217,55.1147,473,45260,0.789993,0.73,2,150298,149825,473
6032721,33.5643,23.8229,493,45260,0.789999,0.75,2,150334,149841,493
6035641,14.7129,32.7646,468,45260,0.79,0.75,2,150344,149876,468
6038561,22.1426,14.5529,482,45260,0.79,0.75,2,150368,149886,482
6041481,60.4285,22.1106,528,45260,0.79,0.75,2,150438,149910,528
6044401,26.4857,60.4221,476,45260,0.79,0.75,2,150456,149980,476
6275081,25,50,493,42340,0.81,1,2,152956,152463,493
6278001,52.2,30,527,42340,0.794,0.94,2,153015,152488,527
6280921,26.44,47.6,495,42340,0.7748,1,2,153035,152540,495
6283841,16.488,28.72,485,42340,0.78696,1,2,153049,152564,485
6286761,44.0976,16.944,522,42340,0.797392,1,2,153100,152578,522
6289681,52.8195,44.9888,525,42340,0.759478,0.95,2,153155,152630,525
6292601,18.5639,54.5978,478,42340,0.751896,0.95,2,153165,152687,478
6295521,21.3128,18.9196,490,42340,0.750379,0.99,2,153187,152697,490
6298441,55.4626,19.7839,534,42340,0.766076,0.91,2,153251,152717,534
6301361,30.2925,55.1568,494,42340,0.737215,0.97,1,153275,152781,494
6304281,17.2585,31.0314,483,42340,0.731443,0.95,1,153289,152806,483
6336401,22,10,480,42340,0.69,0.75,1,153645,153165,480
6339321,54.8,19.6,521,42340,0.674,0.77,1,153708,153187,521
6342241,30.16,55.12,481,42340,0.6868,0.73,1,153732,153251,481
6345161,15.632,30.224,469,42340,0.68936,0.73,1,153744,153275,469
6348081,35.1264,17.2448,495,42340,0.657872,1,1,153784,153289,495
6351001,44.6253,27.449,512,42340,0.635574,1,1,153831,153319,512
6353921,37.7251,34.2898,512,42340,0.663115,1,1,153867,153355,512
6356841,21.945,37.258,492,42340,0.668623,1,1,153885,153393,492
6359761,56.389,25.0516,535,42340,0.669725,1,1,153950,153415,535
6362681,26.4778,53.0103,494,42340,0.653945,0.99,1,153969,153475,494
6365601,13.2956,25.8021,485,42340,0.682789,0.97,1,153979,153494,485
6368521,41.8591,16.3604,520,42340,0.704558,1,1,154028,153508,520
6371441,41.9718,43.2721,512,42340,0.676912,0.76,1,154070,153558,512
6374361,14.7944,52.6544,465,42340,0.671382,0.73,1,154078,153613,465
6377281,20.5589,18.5309,477,42340,0.670276,0.69,1,154100,153623,477
6380201,54.5118,21.3062,518,42340,0.686055,0.67,1,154163,153645,518
6383121,30.1024,54.6612,479,42340,0.657211,0.69,1,154187,153708,479
6386041,14.8205,30.1322,466,42340,0.667442,0.69,1,154198,153732,466
6388961,34.1641,15.6264,493,42340,0.621488,0.65,1,154237,153744,493
6391881,43.6328,35.1253,499,42340,0.612298,0.63,1,154283,153784,499
6394801,37.5266,44.6251,488,42340,0.62646,0.67,1,154319,153831,488
6397721,21.9053,37.725,470,42340,0.629292,0.67,1,154337,153867,470
6400641,57.9811,21.945,519,42340,0.629858,0.67,1,154404,153885,519
6403561,27.5962,56.389,474,42340,0.629972,0.65,1,154424,153950,474
6406481,13.5192,26.4778,465,42340,0.629994,0.69,1,154434,153969,465
6409401,41.1038,13.2956,503,42340,0.629999,0.71,1,154482,153979,503
6412321,41.8208,41.8591,496,42340,0.646,0.67,1,154524,154028,496
6415241,14.7642,41.9718,462,42340,0.6492,0.67,1,154532,154070,462
6418161,20.5528,14.7944,476,42340,0.64984,0.67,1,154554,154078,476
6421081,53.7106,20.5589,516,42340,0.649968,0.69,1,154616,154100,516
6424001,29.9421,54.5118,477,42340,0.649994,0.65,1,154640,154163,477
6426921,13.9884,30.1024,463,42340,0.665999,0.67,1,154650,154187,463
6429841,33.1977,14.8205,490,42340,0.6692,0.61,1,154688,154198,490
6432761,43.4395,34.1641,497,42340,0.66984,0.61,1,154734,154237,497
6435681,38.2879,43.6328,488,42340,0.669968,0.63,1,154771,154283,488
6438601,22.0576,37.5266,470,42340,0.669994,0.63,1,154789,154319,470
6441521,58.0115,21.9053,519,42340,0.685999,0.63,1,154856,154337,519
6444441,27.6023,57.9811,472,42340,0.6892,0.63,1,154876,154404,472
6447361,13.5205,27.5962,462,42340,0.68984,0.63,1,154886,154424,462
6450281,41.1041,13.5192,500,42340,0.689968,0.63,1,154934,154434,500
6453201,42.6208,41.1038,495,42340,0.705994,0.65,1,154977,154482,495
6456121,14.9242,41.8208,461,42340,0.709199,0.65,1,154985,154524,461
6459041,20.5848,14.7642,475,42340,0.70984,0.65,1,155007,154532,475
6461961,53.717,20.5528,515,42340,0.709968,0.65,1,155069,154554,515
6464881,30.7434,53.7106,478,42340,0.725994,0.65,1,155094,154616,478
6467801,14.1487,29.9421,464,42340,0.713199,0.67,1,155104,154640,464
6470721,33.2297,13.9884,492,42340,0.71064,0.67,1,155142,154650,492
6473641,44.2459,33.1977,501,42340,0.726128,0.67,1,155189,154688,501
6476561,37.6492,43.4395,491,42340,0.745226,0.67,1,155225,154734,491
6479481,21.9298,38.2879,472,42340,0.749045,0.67,1,155243,154771,472
6482401,58.786,22.0576,522,42340,0.765809,0.69,2,155311,154789,522
6485321,27.7572,58.0115,475,42340,0.769162,0.69,2,155331,154856,475
6488241,13.5514,27.6023,465,42340,0.769832,0.69,2,155341,154876,465
6491161,41.1103,13.5205,503,42340,0.769966,0.69,2,155389,154886,503
6494081,43.4221,41.1041,499,42340,0.785993,0.71,2,155433,154934,499
6497001,15.0844,42.6208,464,42340,0.789199,0.71,2,155441,154977,464
6499921,20.6169,14.9242,478,42340,0.78984,0.71,2,155463,154985,478
6502841,53.7234,20.5848,518,42340,0.789968,0.71,2,155525,155007,518
6505761,30.7447,53.717,481,42340,0.805994,0.73,2,155550,155069,481
6508681,14.1489,30.7434,466,42340,0.777199,0.71,2,155560,155094,466
6511601,33.2298,14.1487,494,42340,0.75544,0.71,2,155598,155104,494
6514521,45.846,33.2297,505,42340,0.767088,0.73,2,155647,155142,505
6517441,37.9692,44.2459,494,42340,0.785418,0.75,2,155683,155189,494
6520361,21.9938,37.6492,476,42340,0.789083,0.75,2,155701,155225,476
6523281,59.5988,21.9298,527,42340,0.789817,0.77,2,155770,155243,527
6526201,27.9198,58.786,479,42340,0.789963,0.77,2,155790,155311,479
6529121,13.584,27.7572,469,42340,0.789993,0.77,2,155800,155331,469
6532041,41.1168,13.5514,507,42340,0.805999,0.77,2,155848,155341,507
6534961,44.2234,41.1103,504,42340,0.7932,0.79,2,155893,155389,504
6537881,15.2447,43.4221,468,42340,0.79064,0.79,2,155901,155433,468
6540801,20.6489,15.0844,482,42340,0.790128,0.79,2,155923,155441,482
6543721,53.7298,20.6169,522,42340,0.790026,0.79,2,155985,155463,522
6546641,29.946,53.7234,484,42340,0.790005,0.81,2,156009,155525,484
6549561,13.1892,30.7447,468,42340,0.774001,0.77,2,156018,155550,468
6552481,33.0378,14.1489,496,42340,0.7868,0.75,2,156056,155560,496
6555401,47.4076,33.2298,509,42340,0.82136,0.77,2,156107,155598,509
6558321,38.2815,45.846,496,42340,0.796272,0.79,2,156143,155647,496
6561241,22.0563,37.9692,478,42340,0.791254,0.79,2,156161,155683,478
6564161,59.6113,21.9938,529,42340,0.774251,0.79,2,156230,155701,529
6567081,27.9223,59.5988,480,42340,0.77085,0.79,2,156250,155770,480
6570001,13.5844,27.9198,470,42340,0.77017,0.79,2,156260,155790,470
6572921,41.9169,13.584,509,42340,0.802034,0.81,2,156309,155800,509
6575841,43.5834,41.1168,505,42340,0.808407,0.79,2,156353,155848,505
6578761,15.1167,44.2234,468,42340,0.809681,0.79,2,156361,155893,468
6581681,20.6233,15.2447,482,42340,0.809936,0.79,2,156383,155901,482
6584601,53.7247,20.6489,522,42340,0.809987,0.79,2,156445,155923,522
6587521,29.9449,53.7298,484,42340,0.809997,0.79,2,156469,155985,484
6590441,13.189,29.946,469,42340,0.842,0.77,2,156478,156009,469
6593361,33.0378,13.1892,498,42340,0.8164,0.79,2,156516,156018,498
6596281,47.4076,33.0378,511,42340,0.81128,0.83,2,156567,156056,511
6599201,38.2815,47.4076,496,42340,0.810256,0.79,2,156603,156107,496
6602121,22.0563,38.2815,478,42340,0.810051,0.79,2,156621,156143,478
6605041,58.8113,22.0563,528,42340,0.82601,0.77,2,156689,156161,528
6607961,27.7623,59.6113,479,42340,0.829202,0.77,2,156709,156230,479
6610881,13.5524,27.9223,469,42340,0.83784,0.77,2,156719,156250,469
6613801,43.5105,13.5844,510,42340,0.815568,0.81,2,156770,156260,510
6616721,43.9021,41.9169,505,42340,0.811114,0.81,2,156814,156309,505
6619641,15.1804,43.5834,469,42340,0.810223,0.81,2,156822,156353,469
6622561,20.6361,15.1167,483,42340,0.810045,0.81,2,156844,156361,483
6625481,53.7272,20.6233,523,42340,0.810009,0.81,2,156906,156383,523
6628401,30.7454,53.7247,486,42340,0.826002,0.81,2,156931,156445,486
6631321,12.5491,29.9449,470,42340,0.8132,0.85,2,156939,156469,470
6634241,32.9098,13.189,499,42340,0.81064,0.81,2,156977,156478,499
6637161,47.382,33.0378,512,42340,0.826128,0.81,2,157028,156516,512
6640081,38.2764,47.4076,497,42340,0.829226,0.81,2,157064,156567,497
6643001,22.0553,38.2815,479,42340,0.829845,0.81,2,157082,156603,479
6645921,59.6111,22.0563,530,42340,0.813969,0.83,2,157151,156621,530
6648841,27.9222,58.8113,482,42340,0.810794,0.83,2,157171,156689,482
6651761,13.5844,27.7623,472,42340,0.810159,0.84,2,157181,156709,472
6654681,42.7169,13.5524,512,42340,0.810032,0.81,2,157231,156719,512
6657601,43.7434,43.5105,505,42340,0.810006,0.81,2,157275,156770,505
6660521,15.1487,43.9021,469,42340,0.810001,0.81,2,157283,156814,469
6663441,20.6297,15.1804,483,42340,0.81,0.81,2,157305,156822,483
6666361,53.7259,20.6361,523,42340,0.81,0.81,2,157367,156844,523
6669281,30.7452,53.7272,486,42340,0.81,0.83,2,157392,156906,486
6672201,12.549,30.7454,469,42340,0.778,0.81,2,157400,156931,469
6675121,32.9098,12.5491,499,42340,0.7716,0.81,2,157438,156939,499
6678041,48.182,32.9098,513,42340,0.81832,0.83,2,157490,156977,513
6680961,38.4364,47.382,498,42340,0.827664,0.83,2,157526,157028,498
6683881,22.0873,38.2764,480,42340,0.829533,0.83,2,157544,157064,480
6686801,58.8175,22.0553,530,42340,0.845906,0.81,2,157612,157082,530
6689721,27.7635,59.6111,481,42340,0.849181,0.81,2,157632,157151,481
6692641,13.5527,27.9222,471,42340,0.849836,0.81,2,157642,157171,471
6695561,42.7105,13.5844,511,42340,0.849967,0.81,2,157692,157181,511
6698481,43.7421,42.7169,505,42340,0.849993,0.81,2,157736,157231,505
6701401,15.1484,43.7434,469,42340,0.849999,0.81,2,157744,157275,469
6704321,20.6297,15.1487,483,42340,0.85,0.81,2,157766,157283,483
6707241,53.7259,20.6297,523,42340,0.85,0.81,2,157828,157305,523
6710161,29.1452,53.7259,484,42340,0.866,0.81,2,157851,157367,484
6713081,12.229,30.7452,467,42340,0.8532,0.77,2,157859,157392,467
6716001,32.8458,12.549,497,42340,0.85064,0.77,2,157897,157400,497
6718921,50.5692,32.9098,514,42340,0.850128,0.83,2,157952,157438,514
6721841,38.9138,48.182,498,42340,0.850026,0.83,2,157988,157490,498
6724761,22.1828,38.4364,480,42340,0.850005,0.83,2,158006,157526,480
6727681,59.6366,22.0873,531,42340,0.834001,0.85,2,158075,157544,531
6730601,27.9273,58.8175,483,42340,0.8308,0.85,2,158095,157612,483
6733521,13.5855,27.7635,473,42340,0.83016,0.85,2,158105,157632,473
6736441,42.7171,13.5527,513,42340,0.830032,0.85,2,158155,157642,513
6739361,43.7434,42.7105,507,42340,0.830006,0.85,2,158199,157692,507
6742281,15.1487,43.7421,471,42340,0.830001,0.85,2,158207,157736,471
6745201,20.6297,15.1484,485,42340,0.83,0.85,2,158229,157744,485
6748121,53.7259,20.6297,525,42340,0.83,0.85,2,158291,157766,525
6751041,29.1452,53.7259,486,42340,0.846,0.87,2,158314,157828,486
6753961,12.229,29.1452,471,42340,0.8332,0.85,2,158322,157851,471
6756881,32.8458,12.229,501,42340,0.83064,0.85,2,158360,157859,501
6759801,50.5692,32.8458,518,42340,0.830128,0.85,2,158415,157897,518
6762721,38.9138,50.5692,499,42340,0.830026,0.85,2,158451,157952,499
6765641,22.1828,38.9138,481,42340,0.830005,0.85,2,158469,157988,481
6768561,58.8366,22.1828,531,42340,0.846001,0.83,2,158537,158006,531
6771481,27.7673,59.6366,482,42340,0.8492,0.83,2,158557,158075,482
6774401,13.5535,27.9273,472,42340,0.84984,0.83,2,158567,158095,472
6777321,42.7107,13.5855,512,42340,0.849968,0.83,2,158617,158105,512
6780241,43.7421,42.7171,506,42340,0.849994,0.83,2,158661,158155,506
6783161,15.1484,43.7434,470,42340,0.849999,0.83,2,158669,158199,470
6786081,20.6297,15.1487,484,42340,0.85,0.83,2,158691,158207,484
6789001,53.7259,20.6297,524,42340,0.834,0.83,2,158753,158229,524
6791921,29.1452,53.7259,485,42340,0.8308,0.85,2,158776,158291,485
6794841,12.229,29.1452,470,42340,0.81416,0.83,2,158784,158314,470
6797761,32.8458,12.229,500,42340,0.810832,0.83,2,158822,158322,500
6800681,50.5692,32.8458,517,42340,0.842166,0.83,2,158877,158360,517
6803601,38.9138,50.5692,498,42340,0.848433,0.83,2,158913,158415,498
6806521,22.1828,38.9138,480,42340,0.849687,0.83,2,158931,158451,480
6809441,59.6366,22.1828,531,42340,0.833937,0.85,2,159000,158469,531
6812361,27.9273,58.8366,483,42340,0.830787,0.85,2,159020,158537,483
6815281,13.5855,27.7673,473,42340,0.830157,0.85,2,159030,158557,473
6818201,42.7171,13.5535,513,42340,0.830032,0.85,2,159080,158567,513
6821121,43.7434,42.7107,507,42340,0.830006,0.85,2,159124,158617,507
6824041,15.1487,43.7421,471,42340,0.830001,0.85,2,159132,158661,471
6826961,20.6297,15.1484,485,42340,0.83,0.85,2,159154,158669,485
6829881,52.1259,20.6297,523,42340,0.862,0.83,2,159214,158691,523
6832801,28.8252,53.7259,484,42340,0.8684,0.83,2,159237,158753,484
6835721,12.165,29.1452,469,42340,0.83768,0.81,2,159245,158776,469
6838641,32.833,12.229,499,42340,0.831536,0.81,2,159283,158784,499
6841561,52.1666,32.8458,518,42340,0.862307,0.85,2,159340,158822,518
6844481,39.2333,50.5692,499,42340,0.868461,0.85,2,159376,158877,499
6847401,22.2467,38.9138,481,42340,0.869692,0.85,2,159394,158913,481
6850321,58.8493,22.1828,531,42340,0.885938,0.83,2,159462,158931,531
6853241,27.7699,59.6366,482,42340,0.889188,0.83,2,159482,159000,482
6856161,13.554,27.9273,472,42340,0.889838,0.83,2,159492,159020,472
6859081,42.7108,13.5855,512,42340,0.889968,0.83,2,159542,159030,512
6862001,43.7422,42.7171,506,42340,0.889993,0.83,2,159586,159080,506
6864921,15.1484,43.7434,470,42340,0.889999,0.83,2,159594,159124,470
6867841,20.6297,15.1487,484,42340,0.89,0.83,2,159616,159132,484
6870761,52.9259,20.6297,523,42340,0.874,0.87,2,159677,159154,523
6873681,28.1852,52.1259,485,42340,0.8708,0.87,2,159699,159214,485
6876601,12.037,28.8252,470,42340,0.87016,0.83,2,159707,159237,470
6879521,32.8074,12.165,500,42340,0.870032,0.83,2,159745,159245,500
6882441,53.7615,32.833,521,42340,0.870006,0.87,2,159804,159283,521
6885361,39.5523,52.1666,500,42340,0.870001,0.87,2,159840,159340,500
6888281,22.3105,39.2333,482,42340,0.87,0.87,2,159858,159376,482
6891201,59.6621,22.2467,533,42340,0.854,0.89,2,159927,159394,533
6894121,27.9324,58.8493,485,42340,0.8508,0.89,2,159947,159462,485
6897041,13.5865,27.7699,475,42340,0.85016,0.89,2,159957,159482,475
6899961,42.7173,13.554,515,42340,0.850032,0.89,2,160007,159492,515
6902881,43.7435,42.7108,509,42340,0.858006,0.89,2,160051,159542,509
6905801,15.1487,43.7422,473,42340,0.851601,0.89,2,160059,159586,473
6908721,20.6297,15.1484,487,42340,0.85032,0.89,2,160081,159594,487
6911641,52.1259,20.6297,525,42340,0.850064,0.87,2,160141,159616,525
6914561,28.0252,52.9259,486,42340,0.850013,0.87,2,160163,159677,486
6917481,12.005,28.1852,472,42340,0.850003,0.87,2,160171,159699,472
6920401,32.801,12.037,502,42340,0.866001,0.87,2,160209,159707,502
6923321,53.7602,32.8074,523,42340,0.8532,0.87,2,160268,159745,523
6926241,39.552,53.7615,500,42340,0.85064,0.87,2,160304,159804,500
6929161,22.3104,39.5523,482,42340,0.850128,0.87,2,160322,159840,482
6932081,58.8621,22.3105,532,42340,0.866026,0.85,2,160390,159858,532
6935001,27.7724,59.6621,483,42340,0.869205,0.85,2,160410,159927,483
6937921,13.5545,27.9324,473,42340,0.869841,0.85,2,160420,159947,473
6940841,42.7109,13.5865,513,42340,0.869968,0.85,2,160470,159957,513
7142321,91,16,568,39420,0.87,0.98,2,162882,162314,568
7145241,41.4,80.8,500,39420,0.854,1,2,162911,162411,500
7148161,20.28,38.56,487,39420,0.9148,1,2,162926,162439,487
7151081,27.256,20.512,500,39420,0.87896,1,2,162955,162455,500
7154001,31.8512,27.3024,504,39420,0.855792,0.93,2,162988,162484,504
7156921,27.1702,32.6605,496,39420,0.851158,0.97,2,163014,162518,496
7159841,20.634,27.3321,489,39420,0.834232,1,2,163033,162544,489
7162761,44.1268,22.2664,518,39420,0.830846,0.99,2,163083,162565,518
7165681,50.4254,45.2533,519,39420,0.830169,0.95,2,163135,162616,519
7168601,27.6851,49.8507,490,39420,0.830034,1,2,163157,162667,490
7171521,50.337,26.7701,525,39420,0.830007,0.91,2,163213,162688,525
7174441,30.8674,52.554,492,39420,0.830001,0.93,2,163239,162747,492
7177361,20.5735,32.1108,483,39420,0.846,0.91,2,163257,162774,483
7180281,73.7147,20.0222,553,39420,0.8492,0.87,2,163344,162791,553
7183201,41.1429,76.8044,495,39420,0.83384,0.85,2,163377,162882,495
7186121,19.4286,38.5609,480,39420,0.830768,0.93,2,163391,162911,480
7189041,26.2857,19.7122,493,39420,0.830154,0.87,2,163419,162926,493
7191961,30.8571,27.1424,496,39420,0.814031,0.85,2,163451,162955,496
7194881,26.9714,31.8285,489,39420,0.810806,0.85,2,163477,162988,489
7197801,19.7943,27.1657,481,39420,0.810161,0.83,2,163495,163014,481
7200721,43.9589,20.6331,512,39420,0.810032,0.83,2,163545,163033,512
7203641,50.3918,44.1266,514,39420,0.810006,0.83,2,163597,163083,514
7206561,27.6784,50.4253,484,39420,0.810001,0.83,2,163619,163135,484
7209481,50.3357,27.6851,518,39420,0.81,0.83,2,163675,163157,518
7212401,30.8671,50.337,488,39420,0.794,0.83,2,163701,163213,488
7215321,21.3734,30.8674,481,39420,0.7908,0.85,2,163720,163239,481
7218241,73.0747,20.5735,549,39420,0.79016,0.85,2,163806,163257,549
7221161,41.0149,73.7147,495,39420,0.822032,0.83,2,163839,163344,495
7224081,19.403,41.1429,476,39420,0.828406,0.83,2,163853,163377,476
7227001,26.2806,19.4286,490,39420,0.829681,0.83,2,163881,163391,490
7229921,30.0561,26.2857,493,39420,0.829936,0.81,2,163912,163419,493
7232841,26.8112,30.8571,487,39420,0.829987,0.81,2,163938,163451,487
7235761,19.7622,26.9714,479,39420,0.829997,0.81,2,163956,163477,479
7238681,43.9524,19.7943,511,39420,0.829999,0.81,2,164006,163495,511
7241601,50.3905,43.9589,513,39420,0.83,0.81,2,164058,163545,513
7244521,27.6781,50.3918,483,39420,0.83,0.81,2,164080,163597,483
7247441,49.5356,27.6784,516,39420,0.846,0.81,2,164135,163619,516
7250361,31.5071,50.3357,487,39420,0.8652,0.79,2,164162,163675,487
7253281,20.7014,30.8671,479,39420,0.86904,0.79,2,164180,163701,479
7256201,72.9403,21.3734,546,39420,0.837808,0.79,2,164266,163720,546
7259121,42.5881,73.0747,495,39420,0.863562,0.83,2,164301,163806,495
7262041,19.7176,41.0149,476,39420,0.868712,0.83,2,164315,163839,476
7264961,26.3435,19.403,490,39420,0.869742,0.83,2,164343,163853,490
7267881,30.0687,26.2806,493,39420,0.853948,0.83,2,164374,163881,493
7270801,26.8137,30.0561,488,39420,0.85079,0.83,2,164400,163912,488
7273721,19.7627,26.8112,480,39420,0.850158,0.83,2,164418,163938,480
7276641,43.9525,19.7622,512,39420,0.850032,0.83,2,164468,163956,512
7279561,50.3905,43.9524,514,39420,0.850006,0.83,2,164520,164006,514
7282481,27.6781,50.3905,484,39420,0.850001,0.83,2,164542,164058,484
7285401,49.5356,27.6781,517,39420,0.834,0.85,2,164597,164080,517
7288321,33.1071,49.5356,491,39420,0.8308,0.87,2,164626,164135,491
7291241,21.0214,31.5071,482,39420,0.83016,0.87,2,164644,164162,482
7294161,71.4043,20.7014,548,39420,0.830032,0.83,2,164728,164180,548
7297081,43.8809,72.9403,499,39420,0.830006,0.87,2,164765,164266,499
7300001,19.9762,42.5881,478,39420,0.830001,0.87,2,164779,164301,478
7302921,26.3952,19.7176,492,39420,0.83,0.87,2,164807,164315,492
7305841,29.279,26.3435,494,39420,0.83,0.85,2,164837,164343,494
7308761,26.6558,30.0687,489,39420,0.83,0.85,2,164863,164374,489
7311681,19.7312,26.8137,481,39420,0.83,0.85,2,164881,164400,481
7314601,43.9462,19.7627,513,39420,0.83,0.85,2,164931,164418,513
7317521,50.3892,43.9525,515,39420,0.83,0.85,2,164983,164468,515
7320441,27.6778,50.3905,485,39420,0.83,0.85,2,165005,164520,485
7323361,48.7356,27.6781,517,39420,0.83,0.83,2,165059,164542,517
7326281,32.9471,49.5356,491,39420,0.862,0.83,2,165088,164597,491
7329201,20.9894,33.1071,480,39420,0.8684,0.83,2,165106,164626,480
7332121,71.3979,21.0214,546,39420,0.88568,0.83,2,165190,164644,546
7335041,43.8796,71.4043,499,39420,0.889136,0.83,2,165227,164728,499
7337961,19.9759,43.8809,476,39420,0.889827,0.83,2,165241,164765,476
7340881,26.3952,19.9762,490,39420,0.889966,0.83,2,165269,164779,490
7343801,29.279,26.3952,492,39420,0.889993,0.83,2,165299,164807,492
7346721,26.6558,29.279,488,39420,0.889999,0.83,2,165325,164837,488
7349641,19.7312,26.6558,480,39420,0.89,0.83,2,165343,164863,480
7352561,43.9462,19.7312,512,39420,0.89,0.83,2,165393,164881,512
7355481,50.3892,43.9462,514,39420,0.89,0.83,2,165445,164931,514
7358401,27.6778,50.3892,484,39420,0.89,0.83,2,165467,164983,484
7361321,48.7356,27.6778,516,39420,0.874,0.83,2,165521,165005,516
7364241,34.5471,48.7356,493,39420,0.8708,0.87,2,165552,165059,493
7367161,21.3094,32.9471,482,39420,0.87016,0.87,2,165570,165088,482
7370081,72.2619,20.9894,549,39420,0.870032,0.89,2,165655,165106,549
7373001,44.0524,71.3979,502,39420,0.902006,0.89,2,165692,165190,502
7375921,20.0105,43.8796,479,39420,0.908401,0.89,2,165706,165227,479
7378841,26.4021,19.9759,493,39420,0.90968,0.89,2,165734,165241,493
7381761,29.2804,26.3952,495,39420,0.909936,0.89,2,165764,165269,495
7384681,26.6561,29.279,491,39420,0.909987,0.89,2,165790,165299,491
7387601,19.7312,26.6558,483,39420,0.909997,0.89,2,165808,165325,483
7390521,43.9462,19.7312,515,39420,0.91,0.89,2,165858,165343,515
7393441,50.3893,43.9462,517,39420,0.91,0.89,2,165910,165393,517
7396361,27.6778,50.3892,487,39420,0.91,0.89,2,165932,165445,487
7399281,48.7356,27.6778,519,39420,0.926,0.87,2,165986,165467,519
7402201,33.7471,48.7356,495,39420,0.9452,0.87,2,166016,165521,495
7425561,18,26,484,39420,0.93,0.91,2,166274,165790,484
7428481,43.6,19.6,516,39420,0.93,0.91,2,166324,165808,516
7431401,50.32,43.92,518,39420,0.93,0.91,2,166376,165858,518
7434321,27.664,50.384,488,39420,0.93,0.91,2,166398,165910,488
7437241,50.3328,27.6768,522,39420,0.93,0.93,2,166454,165932,522
7440161,34.0666,48.7354,498,39420,0.898,0.95,2,166484,165986,498
7443081,21.2133,33.7471,486,39420,0.8916,0.95,2,166502,166016,486
7446001,70.6427,21.1494,551,39420,0.89032,0.91,2,166585,166034,551
7448921,46.9285,72.2299,507,39420,0.890064,0.95,2,166626,166119,507
7451841,20.5857,45.646,482,39420,0.890013,0.95,2,166640,166158,482
7454761,25.7171,20.3292,495,39420,0.906003,0.95,2,166667,166172,495
7457681,29.1434,26.4658,497,39420,0.893201,0.93,2,166697,166200,497
7460601,26.6287,29.2932,493,39420,0.89064,0.93,2,166723,166230,493
7463521,19.7257,26.6586,485,39420,0.890128,0.93,2,166741,166256,485
7466441,43.9451,19.7317,517,39420,0.890026,0.93,2,166791,166274,517
7469361,50.389,43.9463,519,39420,0.874005,0.93,2,166843,166324,519
7472281,27.6778,50.3893,489,39420,0.870801,0.93,2,166865,166376,489
7475201,48.7356,27.6779,521,39420,0.87016,0.93,2,166919,166398,521
7478121,33.7471,50.3356,495,39420,0.870032,0.89,2,166949,166454,495
7481041,21.1494,34.0671,483,39420,0.870006,0.89,2,166967,166484,483
7483961,71.4299,21.2134,549,39420,0.902001,0.89,2,167051,166502,549
7486881,46.286,70.6427,506,39420,0.8764,0.89,2,167091,166585,506
7489801,20.4572,46.9285,479,39420,0.87128,0.89,2,167105,166626,479
7492721,25.6914,20.5857,492,39420,0.886256,0.91,2,167132,166640,492
7495641,29.1383,25.7171,495,39420,0.857251,0.89,2,167162,166667,495
7498561,26.6277,29.1434,491,39420,0.85145,0.89,2,167188,166697,491
7501481,19.7255,26.6287,483,39420,0.85029,0.89,2,167206,166723,483
7504401,43.1451,19.7257,514,39420,0.866058,0.89,2,167255,166741,514
7507321,50.229,43.9451,516,39420,0.853212,0.87,2,167307,166791,516
7510241,27.6458,50.389,486,39420,0.850642,0.87,2,167329,166843,486
7513161,48.7292,27.6778,518,39420,0.834128,0.87,2,167383,166865,518
7516081,33.7458,48.7356,494,39420,0.830826,0.87,2,167413,166919,494
7519001,21.1492,33.7471,482,39420,0.830165,0.87,2,167431,166949,482
7521921,71.4298,21.1494,548,39420,0.846033,0.91,2,167515,166967,548
7524841,46.286,71.4299,504,39420,0.849207,0.87,2,167555,167051,504
7527761,20.4572,46.286,478,39420,0.849841,0.87,2,167569,167091,478
7530681,24.8914,20.4572,490,39420,0.849968,0.89,2,167595,167105,490
7533601,28.9783,25.6914,493,39420,0.849994,0.85,2,167625,167132,493
7536521,26.5957,29.1383,489,39420,0.849999,0.85,2,167651,167162,489
7539441,19.7191,26.6277,481,39420,0.85,0.85,2,167669,167188,481
7542361,43.1438,19.7255,512,39420,0.866,0.87,2,167718,167206,512
7545281,50.2288,43.1451,515,39420,0.8372,0.85,2,167770,167255,515
7548201,27.6458,50.229,485,39420,0.83144,0.85,2,167792,167307,485
7551121,47.9292,27.6458,516,39420,0.846288,0.83,2,167845,167329,516
7554041,33.5858,48.7292,492,39420,0.849258,0.83,2,167875,167383,492
7556961,21.1172,33.7458,480,39420,0.849852,0.83,2,167893,167413,480
7559881,72.2234,21.1492,547,39420,0.88197,0.85,2,167978,167431,547
7562801,46.4447,71.4298,503,39420,0.888394,0.85,2,168018,167515,503
7565721,20.4889,46.286,477,39420,0.889679,0.85,2,168032,167555,477
7568641,24.8978,20.4572,489,39420,0.889936,0.85,2,168058,167569,489
7571561,28.9796,24.8914,493,39420,0.889987,0.85,2,168088,167595,493
7574481,26.5959,28.9783,489,39420,0.889997,0.85,2,168114,167625,489
7577401,19.7192,26.5957,481,39420,0.89,0.85,2,168132,167651,481
7580321,42.3438,19.7191,511,39420,0.89,0.87,2,168180,167669,511
7583241,50.0688,43.1438,514,39420,0.89,0.83,2,168232,167718,514
7586161,27.6138,50.2288,484,39420,0.89,0.83,2,168254,167770,484
7589081,48.7228,27.6458,516,39420,0.89,0.85,2,168308,167792,516
7592001,33.7445,47.9292,493,39420,0.89,0.85,2,168338,167845,493
7594921,21.1489,33.5858,481,39420,0.89,0.85,2,168356,167875,481
7597841,73.8298,21.1172,550,39420,0.89,0.89,2,168443,167893,550
7600761,46.766,72.2234,505,39420,0.89,0.89,2,168483,167978,505
7603681,20.5532,46.4447,479,39420,0.89,0.89,2,168497,168018,479
7606601,24.9106,20.4889,491,39420,0.89,0.89,2,168523,168032,491
7609521,28.9821,24.8978,495,39420,0.89,0.89,2,168553,168058,495
7612441,26.5964,28.9796,491,39420,0.89,0.89,2,168579,168088,491
7615361,19.7193,26.5959,483,39420,0.89,0.89,2,168597,168114,483
7618281,42.3439,19.7192,513,39420,0.89,0.89,2,168645,168132,513
7621201,50.0688,42.3438,517,39420,0.89,0.89,2,168697,168180,517
7624121,27.6138,50.0688,487,39420,0.89,0.89,2,168719,168232,487
7627041,48.7228,27.6138,519,39420,0.89,0.89,2,168773,168254,519
7629961,33.7445,48.7228,495,39420,0.89,0.89,2,168803,168308,495
7632881,21.1489,33.7445,483,39420,0.89,0.89,2,168821,168338,483
7635801,73.8298,21.1489,552,39420,0.922,0.89,2,168908,168356,552
7638721,46.766,73.8298,505,39420,0.9284,0.89,2,168948,168443,505
7641641,20.5532,46.766,479,39420,0.92968,0.89,2,168962,168483,479
7644561,24.9106,20.5532,491,39420,0.929936,0.89,2,168988,168497,491
7647481,28.9821,24.9106,495,39420,0.929987,0.89,2,169018,168523,495
7650401,26.5964,28.9821,491,39420,0.929998,0.89,2,169044,168553,491
7653321,19.7193,26.5964,483,39420,0.929999,0.89,2,169062,168579,483
7656241,42.3439,19.7193,513,39420,0.93,0.89,2,169110,168597,513
7659161,50.0688,42.3439,517,39420,0.93,0.89,2,169162,168645,517
7662081,27.6138,50.0688,487,39420,0.93,0.89,2,169184,168697,487
7665001,48.7228,27.6138,519,39420,0.93,0.89,2,169238,168719,519
7667921,33.7445,48.7228,495,39420,0.93,0.89,2,169268,168773,495
7670841,21.1489,33.7445,483,39420,0.93,0.89,2,169286,168803,483
7673761,75.4298,21.1489,554,39420,0.93,0.93,2,169375,168821,554
7676681,47.086,73.8298,507,39420,0.93,0.93,2,169415,168908,507
7679601,20.6172,46.766,481,39420,0.93,0.93,2,169429,168948,481
7682521,24.9234,20.5532,493,39420,0.93,0.93,2,169455,168962,493
7685441,28.9847,24.9106,497,39420,0.93,0.93,2,169485,168988,497
7688361,26.5969,28.9821,493,39420,0.93,0.93,2,169511,169018,493
7691281,19.7194,26.5964,485,39420,0.93,0.93,2,169529,169044,485
7694201,42.3439,19.7193,515,39420,0.93,0.93,2,169577,169062,515
7697121,50.0688,42.3439,519,39420,0.93,0.93,2,169629,169110,519
7700041,27.6138,50.0688,489,39420,0.93,0.93,2,169651,169162,489
7702961,48.7228,27.6138,521,39420,0.93,0.93,2,169705,169184,521
7705881,33.7445,48.7228,497,39420,0.93,0.93,2,169735,169238,497
7708801,21.1489,33.7445,485,39420,0.93,0.93,2,169753,169268,485
7764281,26,30,494,39420,0.93,0.95,2,170446,169952,494
7767201,19.6,26.8,486,39420,0.93,0.95,2,170464,169978,486
7954081,32,21,499,36500,0.95,1,2,172830,172331,499
7957001,50.4,26.6,526,36500,0.934,1,2,172885,172359,526
7971601,103,17,574,36500,0.93,0.91,2,173140,172566,574
7974521,38.2,86.6,492,36500,0.93,0.91,2,173162,172670,492
7977441,36.44,34.92,506,36500,0.93,0.95,2,173198,172692,506
7980361,23.288,37.384,488,36500,0.93,0.95,2,173218,172730,488
7983281,27.0576,23.4768,496,36500,0.93,0.93,2,173246,172750,496
7986201,21.4115,27.8954,487,36500,0.93,0.91,2,173266,172779,487
7989121,29.8823,20.7791,500,36500,0.93,0.95,2,173298,172798,500
7992041,49.1765,29.7558,522,36500,0.93,0.93,2,173352,172830,522
7994961,38.6353,49.9512,503,36500,0.93,0.91,2,173388,172885,503
7997881,39.7271,39.5902,506,36500,0.93,0.93,2,173428,172922,506
8000801,55.1454,37.518,528,36500,0.93,0.93,2,173487,172959,528
8003721,25.4291,56.3036,485,36500,0.93,0.95,2,173505,173020,485
8006641,86.6858,24.8607,570,36500,0.93,0.93,2,173607,173037,570
8009561,34.9372,87.3721,489,36500,0.93,0.93,2,173629,173140,489
8012481,35.7874,35.0744,503,36500,0.93,0.93,2,173665,173162,503
8015401,23.1575,35.8149,487,36500,0.93,0.93,2,173685,173198,487
8018321,27.0315,23.163,495,36500,0.93,0.93,2,173713,173218,495
8021241,21.4063,27.0326,487,36500,0.93,0.93,2,173733,173246,487
8024161,29.8813,21.4065,499,36500,0.93,0.93,2,173765,173266,499
8027081,49.1763,29.8813,521,36500,0.93,0.93,2,173819,173298,521
8030001,38.6353,49.1763,503,36500,0.93,0.93,2,173855,173352,503
8032921,40.527,38.6353,508,36500,0.914,0.93,2,173896,173388,508
8035841,54.5054,39.7271,526,36500,0.9268,0.93,2,173954,173428,526
8038761,25.3011,55.1454,485,36500,0.92936,0.93,2,173972,173487,485
8041681,86.6602,25.4291,569,36500,0.929872,0.93,2,174074,173505,569
8044601,34.932,86.6858,489,36500,0.929974,0.93,2,174096,173607,489
8047521,35.7864,34.9372,503,36500,0.929995,0.93,2,174132,173629,503
8050441,23.1573,35.7874,487,36500,0.929999,0.93,2,174152,173665,487
8053361,27.0315,23.1575,495,36500,0.93,0.93,2,174180,173685,495
8056281,21.4063,27.0315,487,36500,0.93,0.93,2,174200,173713,487
8059201,29.8813,21.4063,499,36500,0.93,0.93,2,174232,173733,499
8082561,36,22,503,36500,0.95,0.93,2,174599,174096,503
10173281,34,33,477,35040,0.79,0.99,2,203246,202769,477
10176201,50.8,42.6,487,35040,0.79,1,2,203301,202814,487
10179121,35.76,26.12,497,35040,0.726,1,1,203333,202836,497
10182041,49.552,60.424,481,35040,0.6812,0.93,1,203386,202905,481
10184961,43.5104,39.2848,489,35040,0.57624,1,1,203428,202939,489
10187881,36.7021,35.857,489,35040,0.539248,1,1,203463,202974,489
10190801,39.3404,39.1714,489,35040,0.45185,0.9,1,203503,203014,489
10193721,33.4681,37.4343,484,35040,0.53037,1,1,203535,203051,484
10196641,39.4936,50.6869,471,35040,0.530074,1,1,203576,203105,471
10199561,32.6987,34.1374,472,35040,0.578015,0.84,1,203607,203135,472
10202481,39.3397,43.6275,467,35040,0.571603,0.83,1,203648,203181,467
10205401,32.6679,33.5255,467,35040,0.570321,0.79,1,203679,203212,467
10208321,28.9336,33.9051,461,35040,0.602064,0.79,1,203707,203246,461
10211241,46.5867,50.781,457,35040,0.640413,0.71,1,203758,203301,457
10214161,30.1173,35.7562,451,35040,0.616083,0.67,1,203784,203333,451
10217081,50.0235,49.5512,453,35040,0.595217,0.55,1,203839,203386,453
10220001,40.4047,43.5103,449,35040,0.623043,0.53,1,203877,203428,449
10222921,33.6809,36.702,446,35040,0.628609,0.43,1,203909,203463,446
10225841,39.5362,39.3404,447,35040,0.581722,0.55,1,203950,203503,447
10228761,33.5072,33.4681,447,35040,0.572344,0.53,1,203982,203535,447
10231681,41.9014,39.4936,450,35040,0.634469,0.59,1,204026,203576,450
10234601,32.3803,32.6987,449,35040,0.614894,0.57,1,204056,203607,449
10237521,38.4761,39.3397,448,35040,0.610979,0.57,1,204096,203648,448
10240441,34.0952,32.6679,450,35040,0.642196,0.61,1,204129,203679,450
10243361,29.219,28.9336,450,35040,0.712439,0.65,1,204157,203707,450
10246281,48.2438,46.5867,452,35040,0.758488,0.61,2,204210,203758,452
10249201,30.4488,30.1173,452,35040,0.751698,0.59,2,204236,203784,452
10252121,49.2898,50.0235,451,35040,0.75034,0.63,2,204290,203839,451
10255041,40.2579,40.4047,451,35040,0.782068,0.63,2,204328,203877,451
10257961,33.6516,33.6809,451,35040,0.772414,0.57,2,204360,203909,451
10260881,38.7303,39.5362,450,35040,0.770483,0.57,2,204400,203950,450
10263801,33.3461,33.5072,450,35040,0.770097,0.65,2,204432,203982,450
10266721,43.4692,41.9014,452,35040,0.818019,0.61,2,204478,204026,452
10269641,32.6938,32.3803,452,35040,0.843604,0.61,2,204508,204056,452
10272561,38.5388,38.4761,452,35040,0.848721,0.65,2,204548,204096,452
10275481,35.7078,34.0952,454,35040,0.833744,0.73,2,204583,204129,454
10278401,31.9416,29.219,457,35040,0.878749,0.77,2,204614,204157,457
10281321,49.5883,48.2438,458,35040,0.91975,0.75,2,204668,204210,458
10439001,34,36,481,35040,0.91,1,2,206817,206336,481
10441921,38,40,479,35040,0.926,1,2,206856,206377,479
10444841,32.4,35.2,476,35040,0.8812,0.98,2,206887,206411,476
10447761,29.68,32.64,473,35040,0.87224,1,2,206916,206443,473
10450681,41.136,45.728,468,35040,0.902448,0.95,2,206960,206492,468
10453601,35.4272,37.9456,466,35040,0.87649,0.95,2,206994,206528,466
10456521,41.4854,41.1891,467,35040,0.887298,0.99,2,207037,206570,467
10459441,32.2971,31.4378,468,35040,0.88946,0.91,2,207067,206599,468
10462361,52.8594,56.6876,463,35040,0.889892,0.93,2,207125,206662,463
10465281,40.9719,39.3375,466,35040,0.889978,0.87,2,207163,206697,466
10468201,48.9944,45.4675,470,35040,0.873996,0.91,2,207214,206744,470
10471121,40.1989,40.2935,469,35040,0.902799,0.91,2,207252,206783,469
10474041,30.4398,35.2587,463,35040,0.87656,0.93,2,207280,206817,463
10476961,39.688,38.2517,466,35040,0.903312,0.87,2,207322,206856,466
10479881,31.9376,32.4503,465,35040,0.876662,0.87,2,207352,206887,465
10482801,29.5875,29.6901,465,35040,0.871332,0.91,2,207381,206916,465
10485721,41.1175,41.138,465,35040,0.902267,0.87,2,207425,206960,465
10488641,35.4235,35.4276,465,35040,0.876453,0.89,2,207459,206994,465
10491561,40.6847,41.4855,464,35040,0.871291,0.89,2,207501,207037,464
10494481,32.1369,32.2971,464,35040,0.870258,0.89,2,207531,207067,464
10497401,52.8274,52.8594,464,35040,0.902052,0.89,2,207589,207125,464
10500321,40.9655,40.9719,464,35040,0.90841,0.87,2,207627,207163,464
10503241,49.7931,48.9944,465,35040,0.893682,0.91,2,207679,207214,465
10506161,40.3586,40.1989,465,35040,0.938736,0.87,2,207717,207252,465
10509081,30.4717,30.4398,465,35040,0.915747,0.91,2,207745,207280,465
10512001,39.6943,39.688,465,35040,0.943149,0.87,2,207787,207322,465
10514921,31.9389,31.9376,465,35040,0.91663,0.87,2,207817,207352,465
10517841,29.5878,29.5875,465,35040,0.895326,0.91,2,207846,207381,465
10520761,41.1176,41.1175,465,35040,0.923065,0.87,2,207890,207425,465
10523681,35.4235,35.4235,465,35040,0.896613,0.87,2,207924,207459,465
10526601,40.6847,40.6847,465,35040,0.891323,0.87,2,207966,207501,465
10529521,32.1369,32.1369,465,35040,0.890265,0.91,2,207996,207531,465
10532441,52.8274,52.8274,465,35040,0.922053,0.91,2,208054,207589,465
10535361,40.9655,40.9655,465,35040,0.928411,0.89,2,208092,207627,465
10914961,39,38,487,35040,0.77,0.99,2,213272,212785,487
10917881,34.2,34.8,486,35040,0.786,1,2,213305,212819,486
10920801,47.64,54.96,477,35040,0.8372,1,2,213356,212879,477
10923721,51.928,45.392,487,35040,0.73544,0.97,1,213409,212922,487
10926641,43.1856,54.6784,471,35040,0.747088,1,1,213450,212979,471
10929561,38.2371,38.1357,474,35040,0.765418,0.97,2,213487,213013,474
10932481,43.6474,46.0271,471,35040,0.801084,0.92,2,213532,213061,471
10935401,33.5295,34.0054,471,35040,0.760217,0.97,2,213563,213092,471
10938321,32.3059,34.8011,468,35040,0.784043,0.85,2,213595,213127,468
10941241,41.6612,42.9602,467,35040,0.804809,0.9,2,213639,213172,467
10944161,33.1322,33.392,467,35040,0.808962,0.91,2,213670,213203,467
10947081,32.2264,30.6784,469,35040,0.809792,0.77,2,213702,213233,469
10950001,32.0453,37.3357,462,35040,0.777958,0.79,2,213734,213272,462
10952921,35.2091,33.8671,465,35040,0.771592,0.85,2,213770,213305,465
10955841,43.8418,47.5734,460,35040,0.786318,0.71,2,213816,213356,460
10958761,49.5684,51.9147,458,35040,0.805264,0.75,2,213867,213409,458
10961681,43.5137,43.1829,459,35040,0.777053,0.77,2,213909,213450,459
10964601,39.1027,38.2366,460,35040,0.771411,0.81,2,213947,213487,460
10967521,43.8205,43.6473,460,35040,0.834282,0.75,2,213992,213532,460
10970441,32.7641,33.5295,459,35040,0.814856,0.79,2,214022,213563,459
10973361,32.9528,32.3059,460,35040,0.826971,0.81,2,214055,213595,460
10976281,41.7906,41.6612,460,35040,0.925394,0.81,2,214099,213639,460
10979201,33.1581,33.1322,460,35040,0.929079,0.81,2,214130,213670,460
10982121,32.2316,32.2264,460,35040,0.929816,0.77,2,214162,213702,460
10985041,32.0463,32.0453,460,35040,0.913963,0.77,2,214194,213734,460
10987961,35.2093,35.2091,460,35040,0.926793,0.79,2,214230,213770,460
10990881,44.6419,43.8418,461,35040,0.913359,0.81,2,214277,213816,461
10993801,48.9284,49.5684,460,35040,0.942672,0.77,2,214327,213867,460
10996721,43.3857,43.5137,460,35040,0.916534,0.77,2,214369,213909,460
10999641,39.0771,39.1027,460,35040,0.911307,0.85,2,214407,213947,460
11604081,24,35,477,35040,0.81,0.99,2,222719,222242,477
11607001,42.4,40.6,482,35040,0.682,0.99,1,222766,222284,482
11609921,36.48,34.52,484,35040,0.6564,0.96,1,222801,222317,484
11612841,31.296,34.104,480,35040,0.63528,0.95,1,222831,222351,480
11615761,43.8592,41.2208,484,35040,0.519056,0.88,1,222878,222394,484
11618681,35.9718,37.8442,481,35040,0.431811,1,1,222912,222431,481
11621601,39.9944,44.3688,476,35040,0.398362,1,1,222953,222477,476
11624521,36.7989,43.2738,469,35040,0.407672,0.99,1,222989,222520,469
11627441,36.9598,39.8548,467,35040,0.361535,0.95,1,223026,222559,467
11630361,46.592,48.7709,465,35040,0.400307,0.73,1,223075,222610,465
11633281,49.3184,51.3542,463,35040,0.376061,0.75,1,223125,222662,463
11636201,35.4637,36.6708,462,35040,0.371212,0.81,1,223157,222695,462
11639121,23.8927,26.5342,459,35040,0.386242,0.65,1,223178,222719,459
11642041,36.7785,42.9068,452,35040,0.357248,0.65,1,223218,222766,452
11644961,35.3557,36.5814,452,35040,0.36745,0.63,1,223253,222801,452
11647881,30.2711,31.3163,451,35040,0.35349,0.49,1,223282,222831,451
11650801,39.6542,43.8633,446,35040,0.382698,0.41,1,223324,222878,446
11653721,33.5308,35.9727,444,35040,0.38854,0.39,1,223356,222912,444
11656641,35.5062,39.9945,439,35040,0.389708,0.41,1,223392,222953,439
11659561,35.1012,36.7989,438,35040,0.373942,0.35,1,223427,222989,438
11662481,37.4202,36.9598,439,35040,0.370788,0.41,1,223465,223026,439
11665401,47.484,46.592,440,35040,0.434158,0.37,1,223515,223075,440
11668321,49.4968,49.3184,440,35040,0.414832,0.37,1,223565,223125,440
11671241,35.4994,35.4637,440,35040,0.410966,0.39,1,223597,223157,440
11674161,23.0999,23.8927,439,35040,0.442193,0.35,1,223617,223178,439
11677081,36.62,36.7785,439,35040,0.448439,0.37,1,223657,223218,439
11680001,36.124,35.3557,440,35040,0.481688,0.35,1,223693,223253,440
11682921,29.6248,30.2711,439,35040,0.472338,0.39,1,223721,223282,439
11685841,39.525,39.6542,439,35040,0.502468,0.39,1,223763,223324,439
11688761,33.505,33.5308,439,36500,0.540493,0.39,1,223795,223356,439
11691681,35.501,35.5062,439,36500,0.548099,0.37,1,223831,223392,439
11694601,34.3002,35.1012,438,36500,0.56562,0.37,1,223865,223427,438
11697521,38.86,37.4202,440,36500,0.569124,0.45,1,223905,223465,440
11700441,49.372,47.484,442,36500,0.585825,0.41,1,223957,223515,442
11703361,49.8744,49.4968,442,36500,0.573165,0.41,1,224007,223565,442
11706281,35.5749,35.4994,442,36500,0.618633,0.45,1,224039,223597,442
11709201,24.715,23.0999,444,36500,0.595727,0.45,1,224061,223617,444
11712121,36.943,36.62,444,36500,0.607145,0.49,1,224101,223657,444
11715041,36.1886,36.124,444,36500,0.657429,0.47,1,224137,223693,444
11717961,30.4377,29.6248,445,36500,0.619486,0.51,1,224166,223721,445
11720881,40.4875,39.525,446,37960,0.675897,0.51,1,224209,223763,446
11723801,33.6975,7.90499,478,37960,0.655179,0.55,1,224241,223763,478
11726721,35.5395,27.181,482,37960,0.667036,0.55,1,224277,223795,482
11729641,35.1079,34.2362,481,37960,0.701407,0.57,1,224312,223831,481
11732561,39.0216,34.0472,487,37960,0.788282,0.57,2,224352,223865,487
11735481,50.2043,38.8094,500,37960,0.789656,0.59,2,224405,223905,500
11738401,51.6409,49.3619,500,37960,0.789931,0.57,2,224457,223957,500
11741321,35.9282,49.8724,482,37960,0.805986,0.63,2,224489,224007,482
11744241,25.5856,35.5745,473,37960,0.793197,0.59,2,224512,224039,473
11747161,37.1171,24.7149,491,37960,0.806639,0.61,2,224552,224061,491
11750081,37.0234,36.943,488,37960,0.841328,0.67,2,224589,224101,488
11753001,30.6047,36.1886,481,37960,0.880266,0.61,2,224618,224137,481
11755921,7.72094,30.4377,454,39420,0.888053,0.69,2,224620,224166,454
21178761,70,80,473,20440,0.77,0.93,2,393158,392685,473
21181681,98,106.4,465,20440,0.77,0.94,2,393263,392798,465
21184601,66,68.48,464,20440,0.706,0.87,1,393321,392857,464
21187521,72.4,74.496,462,20440,0.7092,0.85,1,393395,392933,462
21190441,60.08,61.2992,461,20440,0.64584,0.71,1,393452,392991,461
21193361,67.216,70.6598,457,20440,0.633168,0.73,1,393521,393064,457
21196281,35.0432,33.332,460,20440,0.614634,0.77,1,393548,393088,460
21199201,63.0086,62.6664,460,20440,0.578927,0.77,1,393618,393158,460
21202121,95.8017,96.5333,459,20440,0.507785,0.69,1,393722,393263,459
21205041,63.1603,65.7067,456,20440,0.493557,0.71,1,393777,393321,456
21207961,71.0321,72.3413,455,20440,0.538711,0.63,1,393850,393395,455
21210881,58.2064,60.0683,453,20440,0.563742,0.63,1,393905,393452,453
21213801,65.2413,67.2137,451,20440,0.664748,0.61,1,393972,393521,451
21216721,34.6483,35.0427,451,20440,0.70095,0.57,1,393999,393548,451
21219641,59.7297,63.0085,447,20440,0.74019,0.49,1,394065,393618,447
21222561,92.7459,95.8017,444,20440,0.716038,0.49,1,394166,393722,444
21225481,64.1492,63.1603,446,20440,0.743208,0.55,1,394223,393777,446
21228401,72.0298,71.0321,447,20440,0.780641,0.57,2,394297,393850,447
21231321,61.606,58.2064,451,20440,0.804128,0.69,2,394356,393905,451
21234241,68.3212,65.2413,454,20440,0.840826,0.71,2,394426,393972,454
21237161,38.4642,34.6483,458,20440,0.912165,0.75,2,394457,393999,458
21356881,103,110,487,23360,0.63,1,1,397092,396605,487
21359801,56.6,69.2,473,23360,0.566,0.98,1,397137,396664,473
21362721,60.12,64.24,471,23360,0.5532,1,1,397198,396727,471
21365641,59.224,61.648,469,23360,0.55064,0.69,1,397257,396788,469
21368561,32.6448,35.5296,466,23360,0.566128,0.95,1,397283,396817,466
21371481,58.529,60.7059,464,23360,0.617226,0.82,1,397348,396884,464
21374401,44.5058,44.9412,464,23360,0.611445,0.85,1,397389,396925,464
21377321,53.7012,60.1882,456,23360,0.690289,0.63,1,397445,396989,456
21380241,97.9402,94.4376,462,23360,0.674058,0.55,1,397554,397092,462
21383161,45.988,54.8875,450,23360,0.654812,0.55,1,397587,397137,450
21386081,54.7976,59.7775,446,23360,0.602962,0.55,1,397644,397198,446
21389001,58.9595,59.1555,447,23360,0.656592,0.57,1,397704,397257,447
21391921,35.7919,32.6311,451,23360,0.699318,0.63,1,397734,397283,451
21394841,60.7584,58.5262,453,23360,0.755864,0.61,2,397801,397348,453
21397761,45.7517,44.5052,454,23360,0.847173,0.71,2,397843,397389,454
21400681,54.7503,53.701,455,23360,0.881435,0.67,2,397900,397445,455
21403601,96.5501,97.9402,453,23360,0.904287,0.65,2,398007,397554,453
21406521,44.91,45.988,452,23360,0.876857,0.59,2,398039,397587,452
