#Ack,ack_ewma(ms),send_ewma(ms),rtt_ratio,cwnd (Bytes),Last Router Ocupation Ack Arriaval(Packets),Last Router Ocupation Packet Sent(Packets),Network Situation,AckArrival(ms),TSInsideAck(ms),RTTAck(ms)
4381,2,0,423,16060,0,0,1,50843,50420,423
7301,2,0,425,17520,0,0,1,50845,50420,425
10221,2,0,427,18980,0,0,1,50847,50420,427
13141,2,0,429,20440,0,0,1,50849,50420,429
14601,161.2,0,630,21900,0,0,1,51050,50420,630
17521,204.24,336.8,424,23360,0,0,1,51265,50841,424
20441,42.448,68.96,424,24820,0,0,1,51267,50843,424
23361,10.0896,13.792,426,26280,0,0,1,51269,50843,426
26281,3.61792,4.3584,426,27740,0,0,1,51271,50845,426
29201,2.32358,2.47168,426,29200,0,0,1,51273,50847,426
32121,2.06472,0.494336,428,30660,0,0,1,51275,50847,428
35041,2.01294,1.69887,428,32120,0.024,0,1,51277,50849,428
37961,156.403,161.14,422,33580,0.0208,0,1,51472,51050,422
40881,203.281,204.228,422,35040,0.08416,0,1,51687,51265,422
43801,42.2561,40.8456,424,36500,0.064832,0,1,51689,51265,424
46721,10.0512,9.76912,424,37960,0.0289664,0,1,51691,51267,424
49641,3.61024,3.55382,424,39420,0.00579328,0,1,51693,51269,424
52561,2.32205,0.710765,426,40880,0.00115866,0,1,51695,51269,426
55481,2.06441,1.74215,426,42340,0.000231731,0,1,51697,51271,426
58401,2.01288,1.94843,426,43800,0.0240463,0,1,51699,51273,426
61321,2.80258,0.389686,429,45260,0.0768093,0,1,51702,51273,429
64241,2.96052,1.67794,430,46720,0.0873619,0.03,1,51705,51275,430
67161,2.1921,1.93559,430,48180,0.105472,0.03,1,51707,51277,430
70081,149.238,0.387117,616,49640,0.0210945,0.02,1,51893,51277,616
73001,31.4477,156.077,423,51100,0.00421889,0.1,1,51895,51472,423
75921,177.49,203.215,422,52560,0.128844,0.1,1,52109,51687,422
78841,37.0979,40.6431,424,54020,0.121769,0.06,1,52111,51687,424
81761,9.01958,9.72862,424,55480,0.176354,0.02,1,52113,51689,424
84681,3.40392,3.54572,424,56940,0.155271,0.02,1,52115,51691,424
87601,2.28078,0.709145,426,58400,0.119054,0,1,52117,51691,426
90521,2.05616,1.74183,426,59860,0.0878108,0,1,52119,51693,426
93441,2.01123,1.94837,426,61320,0.137562,0,1,52121,51695,426
96361,2.00225,0.389673,428,62780,0.163512,0,1,52123,51695,428
99281,2.00045,1.67793,428,64240,0.200702,0.03,1,52125,51697,428
102201,2.00009,1.93559,428,65700,0.22414,0.03,1,52127,51699,428
105121,2.00002,0.387117,430,67160,0.228828,0.09,1,52129,51699,430
108041,2,2.47742,429,68620,0.245766,0.09,1,52131,51702,429
110961,2,2.89548,428,70080,0.265153,0.09,1,52133,51705,428
113881,2,0.579097,430,71540,0.285031,0.11,1,52135,51705,430
116801,2,1.71582,430,73000,0.305006,0,1,52137,51707,430
119721,146,149.143,426,74460,0.0610012,0,1,52319,51893,426
122641,30.8,29.8286,428,75920,0.0122002,0,1,52321,51893,428
125561,7.76,7.56573,428,77380,0.00244005,0.16,1,52323,51895,428
128481,172.752,172.713,428,78840,0.048488,0.16,1,52537,52109,428
131401,36.1504,34.5426,430,80300,0.0256976,0.12,1,52539,52109,430
134321,8.83008,8.50852,430,81760,0.00513952,0.19,1,52541,52111,430
137241,3.36602,3.3017,430,83220,0.0010279,0.19,1,52543,52113,430
140161,2.2732,0.660341,432,84680,0.000205581,0.15,1,52545,52113,432
143081,2.05464,1.73207,432,86140,0.144041,0.11,1,52547,52115,432
146001,2.01093,1.94641,432,87600,0.188808,0.11,1,52549,52117,432
148921,2.00219,0.389283,434,89060,0.213762,0.08,1,52551,52117,434
151841,2.00044,1.67786,434,90520,0.234752,0.15,1,52553,52119,434
154761,2.00009,1.93557,434,91980,0.25495,0.15,1,52555,52121,434
157681,2.00002,0.387114,436,93440,0.29099,0.17,1,52557,52121,436
160601,2,1.67742,436,94900,0.314198,0.21,1,52559,52123,436
163521,2,1.93548,436,96360,0.33484,0.21,1,52561,52125,436
166441,2,0.387097,438,97820,0.354968,0.23,1,52563,52125,438
169361,2,1.67742,438,99280,0.374994,0.23,1,52565,52127,438
172281,2,1.93548,438,100740,0.394999,0.23,1,52567,52129,438
175201,2,0.387097,440,102200,0.415,0.25,1,52569,52129,440
178121,2,1.67742,440,100740,0.435,0.27,1,52571,52131,440
181041,2,1.93548,440,100740,0.463,0.27,1,52573,52133,440
183961,2,0.387097,442,100740,0.4846,0.29,1,52575,52133,442
186881,2,1.67742,442,100740,0.50492,0.31,1,52577,52135,442
189801,2,1.93548,442,100740,0.524984,0.31,1,52579,52137,442
192721,132.4,0.387097,607,100740,0.104997,0,1,52744,52137,607
195641,28.08,145.677,427,100740,0.0209994,0,1,52746,52319,427
198561,8.816,30.7355,429,100740,0.00419987,0,1,52750,52321,429
201481,3.3632,6.1471,431,100740,0.000839974,0,1,52752,52321,431
204401,2.27264,2.82942,431,100740,0.000167995,0.06,1,52754,52323,431
207321,170.855,171.766,430,100740,0.112034,0.06,1,52967,52537,430
210241,35.7709,34.3532,432,100740,0.102407,0.02,1,52969,52537,432
213161,8.75418,8.47063,432,100740,0.0684813,0,1,52971,52539,432
216081,3.35084,3.29413,432,100740,0.0296963,0,1,52973,52541,432
219001,2.27017,0.658825,434,100740,0.00593925,0,1,52975,52541,434
221921,2.05403,1.73177,434,100740,0.145188,0,1,52977,52543,434
224841,2.01081,1.94635,434,100740,0.173038,0,1,52979,52545,434
227761,3.60216,0.389271,438,100740,0.178608,0.18,1,52983,52545,438
230681,2.32043,1.67785,438,100740,0.179722,0.2,1,52985,52547,438
233601,2.06409,1.93557,438,100740,0.171944,0.2,1,52987,52549,438
236521,2.01282,0.387114,440,100740,0.170389,0.22,1,52989,52549,440
239441,2.00256,1.67742,440,100740,0.170078,0.24,1,52991,52551,440
242361,2.00051,1.93548,440,100740,0.138016,0.24,1,52993,52553,440
245281,2.0001,0.387097,442,100740,0.131603,0.26,1,52995,52553,442
248201,2.00002,1.67742,442,100740,0.130321,0.3,1,52997,52555,442
251121,2,1.93548,442,100740,0.130064,0.3,1,52999,52557,442
254041,2,0.387097,444,100740,0.130013,0.32,1,53001,52557,444
256961,2,1.67742,444,100740,0.154003,0.34,1,53003,52559,444
259881,2,1.93548,444,100740,0.158801,0.34,1,53005,52561,444
262801,2,0.387097,446,100740,0.15976,0.36,1,53007,52561,446
265721,2,1.67742,446,100740,0.159952,0.38,1,53009,52563,446
268641,2,1.93548,446,100740,0.15999,0.38,1,53011,52565,446
271561,2,0.387097,448,100740,0.167998,0.4,1,53013,52565,448
274481,2,1.67742,448,100740,0.1696,0.42,1,53015,52567,448
277401,2,1.93548,448,100740,0.16992,0.44,1,53017,52569,448
280321,2,1.9871,448,100740,0.169984,0.47,1,53019,52571,448
283241,2,1.99742,448,100740,0.169997,0.49,1,53021,52573,448
286161,2,1.99948,448,100740,0.169999,0.51,1,53023,52575,448
289081,2,1.9999,448,100740,0.17,0.53,1,53025,52577,448
292001,112.4,1.99998,586,100740,0.034,0,1,53165,52579,586
294921,29.68,132.4,430,100740,0.00679999,0,1,53174,52744,430
297841,7.536,28.08,430,100740,0.02536,0,1,53176,52746,430
300761,3.1072,8.816,428,100740,0.005072,0,1,53178,52750,428
303681,3.02144,3.3632,429,100740,0.0010144,0,1,53181,52752,429
305141,162.204,2.27264,629,100740,0.120203,0.14,1,53383,52754,629
308061,43.6409,170.855,430,100740,0.0320406,0.1,1,53397,52967,430
310981,10.3282,35.7709,430,100740,0.00640811,0.06,1,53399,52969,430
313901,3.66563,8.75418,430,100740,0.00128162,0.02,1,53401,52971,430
316821,2.33313,3.35084,430,100740,0.144256,0,1,53403,52973,430
319741,2.06663,2.27017,430,100740,0.140851,0.18,1,53405,52975,430
322661,2.01333,2.05403,430,100740,0.10817,0.18,1,53407,52977,430
325581,2.00267,2.01081,430,100740,0.101634,0.18,1,53409,52979,430
328501,2.00053,3.60216,428,100740,0.100327,0.18,1,53411,52983,428
331421,2.00011,2.32043,428,100740,0.180065,0.17,1,53413,52985,428
334341,2.00002,2.06409,428,100740,0.196013,0.17,1,53415,52987,428
337261,2,2.01282,428,100740,0.207203,0.17,1,53417,52989,428
340181,2,2.00256,428,100740,0.209441,0.13,1,53419,52991,428
343101,3.6,2.00051,430,100740,0.201888,0.13,1,53423,52993,430
346021,2.32,2.0001,430,100740,0.208378,0.13,1,53425,52995,430
348941,2.064,2.00002,430,100740,0.209676,0.13,1,53427,52997,430
351861,2.0128,2,430,100740,0.209935,0.13,1,53429,52999,430
354781,2.00256,2,430,100740,0.209987,0.16,1,53431,53001,430
357701,2.00051,2,430,100740,0.177997,0.16,1,53433,53003,430
360621,2.0001,2,430,100740,0.171599,0.16,1,53435,53005,430
363541,2.00002,2,430,100740,0.17032,0.16,1,53437,53007,430
366461,2,2,430,100740,0.194064,0.16,1,53439,53009,430
369381,2,2,430,100740,0.198813,0.17,1,53441,53011,430
372301,2,2,430,100740,0.199763,0.17,1,53443,53013,430
375221,2,2,430,100740,0.199953,0.17,1,53445,53015,430
378141,2,2,430,100740,0.207991,0.17,1,53447,53017,430
381061,2,2,430,100740,0.209598,0.17,1,53449,53019,430
383981,2,2,430,100740,0.20992,0.17,1,53451,53021,430
386901,2,2,430,100740,0.209984,0.17,1,53453,53023,430
389821,2,2,430,100740,0.209997,0,1,53455,53025,430
392741,106,112.4,422,100740,0.0419994,0,1,53587,53165,422
395661,28.4,29.68,422,100740,0.00839987,0.03,1,53596,53174,422
398581,12.88,7.536,429,100740,0.00167997,0,1,53605,53176,429
401501,4.176,3.1072,429,100740,0.024336,0,1,53607,53178,429
404421,2.4352,3.02144,428,100740,0.0048672,0.15,1,53609,53181,428
407341,170.887,162.204,439,100740,0.160973,0.01,1,53822,53383,439
410261,35.7774,43.6409,427,100740,0.160195,0,1,53824,53397,427
413181,9.55548,10.3282,428,100740,0.112039,0,1,53827,53399,428
416101,7.5111,3.66563,433,100740,0.118408,0.18,1,53834,53401,433
419021,3.10222,2.33313,433,100740,0.119682,0.14,1,53836,53403,433
421941,2.22044,2.06663,433,100740,0.119936,0.1,1,53838,53405,433
424861,2.04409,2.01333,433,100740,0.0959873,0.1,1,53840,53407,433
427781,2.00882,2.00267,433,100740,0.131197,0.1,1,53842,53409,433
430701,2.00176,2.00053,433,100740,0.106239,0.2,1,53844,53411,433
433621,2.00035,2.00011,433,100740,0.101248,0.2,1,53846,53413,433
436541,2.00007,2.00002,433,100740,0.17225,0.21,1,53848,53415,433
439461,2.00001,2,433,100740,0.19445,0.21,1,53850,53417,433
442381,2,2,433,100740,0.19889,0.2,1,53852,53419,433
445301,2,3.6,431,100740,0.199778,0.21,1,53854,53423,431
448221,2.8,2.32,432,100740,0.215956,0.21,1,53857,53425,432
451141,2.96,2.064,433,100740,0.195191,0.21,1,53860,53427,433
454061,2.192,2.0128,433,100740,0.191038,0.21,1,53862,53429,433
456981,2.0384,2.00256,433,100740,0.190208,0.17,1,53864,53431,433
459901,2.00768,2.00051,433,100740,0.190042,0.17,1,53866,53433,433
462821,2.00154,2.0001,433,100740,0.190008,0.17,1,53868,53435,433
465741,2.00031,2.00002,433,100740,0.158002,0.2,1,53870,53437,433
468661,2.00006,2,433,100740,0.1516,0.2,1,53872,53439,433
471581,2.00001,2,433,100740,0.15032,0.2,1,53874,53441,433
474501,2,2,433,100740,0.150064,0.2,1,53876,53443,433
477421,2,2,433,100740,0.150013,0.21,1,53878,53445,433
480341,2,2,433,100740,0.150003,0.21,1,53880,53447,433
483261,2,2,433,100740,0.150001,0.21,1,53882,53449,433
486181,2,2,433,100740,0.174,0.21,1,53884,53451,433
489101,2,2,433,100740,0.1788,0.21,1,53886,53453,433
492021,98,2,553,100740,0.03576,0,1,54008,53455,553
494941,26.8,106,430,100740,0.007152,0,1,54017,53587,430
497861,17.36,28.4,436,100740,0.0014304,0,1,54032,53596,436
500781,5.072,12.88,429,100740,0.00028608,0.03,1,54034,53605,429
503701,2.6144,4.176,429,100740,5.7216e-05,0,1,54036,53607,429
505161,161.323,2.4352,628,100740,0.0640114,0.2,1,54237,53609,628
508081,42.6646,170.887,428,100740,0.108802,0.16,1,54250,53822,428
511001,10.1329,35.7774,428,100740,0.0857605,0.1,1,54252,53824,428
513921,3.62658,9.55548,427,100740,0.169152,0.12,1,54254,53827,427
516841,6.32532,7.5111,427,100740,0.18583,0.12,1,54261,53834,427
519761,2.86506,3.10222,427,100740,0.189166,0.12,1,54263,53836,427
522681,5.37301,2.22044,431,100740,0.157833,0.09,1,54269,53838,431
525601,2.6746,2.04409,431,100740,0.127567,0.14,1,54271,53840,431
528521,2.13492,2.00882,431,100740,0.121513,0.1,1,54273,53842,431
531441,2.02698,2.00176,431,100740,0.120303,0.1,1,54275,53844,431
534361,2.0054,2.00035,431,100740,0.0880605,0.19,1,54277,53846,431
537281,2.00108,2.00007,431,100740,0.0576121,0.2,1,54279,53848,431
540201,2.00022,2.00001,431,100740,0.0515224,0.2,1,54281,53850,431
543121,2.00004,2,431,100740,0.170304,0.2,1,54283,53852,431
546041,2.00001,2,431,100740,0.194061,0.22,1,54285,53854,431
548961,2,2.8,430,100740,0.198812,0.19,1,54287,53857,430
551881,2,2.96,429,100740,0.199762,0.19,1,54289,53860,429
554801,2,2.192,429,100740,0.199952,0.19,1,54291,53862,429
557721,2,2.0384,429,100740,0.19999,0.19,1,54293,53864,429
560641,2,2.00768,429,100740,0.207998,0.19,1,54295,53866,429
563561,2,2.00154,429,100740,0.2096,0.15,1,54297,53868,429
566481,2,2.00031,429,100740,0.20992,0.15,1,54299,53870,429
569401,2,2.00006,429,100740,0.209984,0.15,1,54301,53872,429
572321,3.6,2.00001,431,100740,0.209997,0.15,1,54305,53874,431
575241,2.32,2,431,100740,0.209999,0.15,1,54307,53876,431
578161,2.064,2,431,100740,0.21,0.15,1,54309,53878,431
581081,2.0128,2,431,100740,0.21,0.15,1,54311,53880,431
584001,2.00256,2,431,100740,0.21,0.18,1,54313,53882,431
586921,2.00051,2,431,100740,0.202,0.18,1,54315,53884,431
589841,2.0001,2,431,100740,0.2004,0,1,54317,53886,431
592761,90.8,98,422,100740,0.04008,0,1,54430,54008,422
595681,25.36,26.8,422,100740,0.008016,0,1,54439,54017,422
598601,18.672,17.36,424,100740,0.0016032,0,1,54456,54032,424
601521,9.3344,5.072,429,100740,0.00032064,0,1,54463,54034,429
604441,3.46688,2.6144,429,100740,6.4128e-05,0.08,1,54465,54036,429
607361,172.693,161.323,443,100740,0.0320128,0.12,1,54680,54237,443
610281,36.1387,42.6646,432,100740,0.00640256,0.08,1,54682,54250,432
613201,8.82773,10.1329,432,100740,0.129281,0.19,1,54684,54252,432
616121,4.96555,3.62658,434,100740,0.0898561,0.19,1,54688,54254,434
619041,2.59311,6.32532,429,100740,0.0499712,0.19,1,54690,54261,429
621961,2.11862,2.86506,429,100740,0.0339942,0.15,1,54692,54263,429
624881,2.02372,5.37301,425,100740,0.0307989,0.12,1,54694,54269,425
627801,8.40474,2.6746,433,100740,0.11816,0.12,1,54704,54271,433
630721,3.28095,2.13492,433,100740,0.143632,0.12,1,54706,54273,433
633641,2.25619,2.02698,433,100740,0.140726,0.08,1,54708,54275,433
636561,2.05124,2.0054,433,100740,0.108145,0.05,1,54710,54277,433
639481,2.01025,2.00108,433,100740,0.0696291,0.05,1,54712,54279,433
642401,2.00205,2.00022,433,100740,0.0299258,0.2,1,54714,54281,433
645321,2.00041,2.00004,433,100740,0.149985,0.2,1,54716,54283,433
648241,2.00008,2.00001,433,100740,0.173997,0.2,1,54718,54285,433
651161,2.00002,2,433,100740,0.178799,0.2,1,54720,54287,433
654081,2,2,433,100740,0.17976,0.2,1,54722,54289,433
657001,2,2,433,100740,0.179952,0.2,1,54724,54291,433
659921,2,2,433,100740,0.17199,0.21,1,54726,54293,433
662841,2,2,433,100740,0.170398,0.21,1,54728,54295,433
665761,2,2,433,100740,0.17008,0.21,1,54730,54297,433
668681,2,2,433,100740,0.170016,0.21,1,54732,54299,433
671601,3.6,2,435,102200,0.170003,0.21,1,54736,54301,435
674521,2.32,3.6,433,102200,0.170001,0.21,1,54738,54305,433
677441,2.064,2.32,433,102200,0.17,0.21,1,54740,54307,433
680361,2.0128,2.064,433,102200,0.17,0.21,1,54742,54309,433
683281,2.00256,2.0128,433,102200,0.186,0.21,1,54744,54311,433
686201,2.00051,2.00256,433,102200,0.1572,0.2,1,54746,54313,433
689121,2.0001,2.00051,433,102200,0.15144,0.2,1,54748,54315,433
692041,82.8,2.0001,534,102200,0.030288,0,1,54851,54317,534
694961,23.76,90.8,430,102200,0.0060576,0,1,54860,54430,430
697881,18.352,25.36,438,102200,0.00121152,0,1,54877,54439,438
700801,12.4704,18.672,432,102200,0.0242423,0,1,54888,54456,432
703721,4.09408,9.3344,427,102200,0.00484846,0,1,54890,54463,427
705181,161.619,3.46688,626,102200,0.13697,0.04,1,55091,54465,626
708101,41.9238,172.693,423,102200,0.139394,0,1,55103,54680,423
711021,9.98475,36.1387,423,102200,0.107879,0.16,1,55105,54682,423
713941,5.19695,8.82773,425,102200,0.0375758,0.08,1,55109,54684,425
716861,7.43939,4.96555,429,102200,0.143515,0.04,1,55117,54688,429
719781,3.08788,2.59311,429,102200,0.140703,0.03,1,55119,54690,429
722701,2.21758,2.11862,429,102200,0.164141,0.03,1,55121,54692,429
725621,2.04352,2.02372,429,102200,0.136828,0.14,1,55123,54694,429
728541,3.6087,8.40474,423,102200,0.0753656,0.15,1,55127,54704,423
731461,7.92174,3.28095,430,102200,0.183073,0.14,1,55136,54706,430
734381,3.18435,2.25619,430,102200,0.204615,0.1,1,55138,54708,430
737301,2.23687,2.05124,430,102200,0.184923,0.06,1,55140,54710,430
740221,2.04737,2.01025,430,102200,0.148985,0.02,1,55142,54712,430
743141,2.00947,2.00205,430,102200,0.109797,0.18,1,55144,54714,430
746061,2.00189,2.00041,430,102200,0.189959,0.18,1,55146,54716,430
748981,2.00038,2.00008,430,102200,0.197992,0.18,1,55148,54718,430
751901,2.00008,2.00002,430,102200,0.199598,0.18,1,55150,54720,430
754821,2.00002,2,430,102200,0.19992,0.18,1,55152,54722,430
757741,2,2,430,102200,0.199984,0.17,1,55154,54724,430
760661,2,2,430,102200,0.191997,0.17,1,55156,54726,430
763581,2,2,430,102200,0.190399,0.17,1,55158,54728,430
766501,2,2,430,102200,0.19008,0.17,1,55160,54730,430
769421,2,2,430,102200,0.190016,0.17,1,55162,54732,430
772341,2,0.4,432,102200,0.190003,0.17,1,55164,54732,432
775261,2,3.28,430,102200,0.190001,0.17,1,55166,54736,430
778181,2,2.256,430,102200,0.19,0.17,1,55168,54738,430
781101,2,2.0512,430,102200,0.19,0.17,1,55170,54740,430
784021,2,2.01024,430,102200,0.19,0.19,1,55172,54742,430
786941,2,2.00205,430,102200,0.19,0.15,1,55174,54744,430
789861,3.6,2.00041,432,102200,0.19,0.15,1,55178,54746,432
792781,75.92,2.00008,524,102200,0.054,0,1,55272,54748,524
795701,22.384,82.8,430,102200,0.0108,0,1,55281,54851,430
798621,18.0768,23.76,438,102200,0.00216,0,1,55298,54860,438
801541,12.4154,18.352,432,102200,0.024432,0.03,1,55309,54877,432
804461,4.08307,12.4704,423,102200,0.0048864,0,1,55311,54888,423
805921,161.617,4.09408,622,102200,0.00097728,0.17,1,55512,54890,622
808841,46.7233,161.619,439,102200,0.248195,0.14,1,55530,55091,439
811761,13.3447,41.9238,432,102200,0.257639,0.1,1,55535,55103,432
814681,4.26893,9.98475,432,102200,0.235528,0.02,1,55537,55105,432
817601,4.85379,5.19695,433,102200,0.183106,0.17,1,55542,55109,433
820521,6.57076,7.43939,432,102200,0.300621,0.14,1,55549,55117,432
823441,2.91415,3.08788,432,102200,0.292124,0.17,1,55551,55119,432
826361,2.18283,2.21758,432,102200,0.290425,0.13,1,55553,55121,432
829281,3.63657,2.04352,434,102200,0.226085,0.06,1,55557,55123,434
832201,7.92731,3.6087,439,102200,0.221217,0.21,1,55566,55127,439
835121,3.18546,7.92174,432,102200,0.276243,0.21,1,55568,55136,432
838041,2.23709,3.18435,432,102200,0.255249,0.18,1,55570,55138,432
840961,2.04742,2.23687,432,102200,0.22705,0.14,1,55572,55140,432
843881,2.00948,2.04737,432,102200,0.18941,0.1,1,55574,55142,432
846801,2.0019,2.00947,432,102200,0.237882,0.21,1,55576,55144,432
849721,2.00038,2.00189,432,102200,0.247576,0.2,1,55578,55146,432
852641,2.00008,2.00038,432,102200,0.249515,0.2,1,55580,55148,432
855561,2.00002,2.00008,432,102200,0.249903,0.2,1,55582,55150,432
858481,2,2.00002,432,102200,0.281981,0.2,1,55584,55152,432
861401,2,2,432,102200,0.288396,0.19,1,55586,55154,432
864321,2,2,432,102200,0.289679,0.19,1,55588,55156,432
867241,2,2,432,102200,0.297936,0.19,1,55590,55158,432
870161,2,2,432,102200,0.299587,0.19,1,55592,55160,432
873081,2,2,432,102200,0.299917,0.19,1,55594,55162,432
876001,2,2,432,102200,0.299983,0.19,1,55596,55164,432
878921,2,2,432,102200,0.299997,0.19,1,55598,55166,432
881841,2,2,432,102200,0.307999,0.19,1,55600,55168,432
884761,2,2,432,102200,0.3096,0.19,1,55602,55170,432
887681,2,2,432,102200,0.30992,0.19,1,55604,55172,432
890601,2,2,432,102200,0.309984,0.19,1,55606,55174,432
893521,70,3.6,515,102200,0.0619968,0.02,1,55693,55178,515
896441,21.2,75.92,430,102200,0.100399,0,1,55702,55272,430
899361,17.84,22.384,438,102200,0.0200799,0,1,55719,55281,438
902281,12.368,18.0768,432,102200,0.028016,0.03,1,55730,55298,432
905201,4.0736,12.4154,423,102200,0.00560319,0,1,55732,55309,423
906661,161.615,4.08307,622,102200,0.0651206,0,1,55933,55311,622
909581,52.3229,161.617,446,102200,0.0930241,0.31,1,55958,55512,446
912501,19.2646,46.7233,439,102200,0.178605,0.26,1,55969,55530,439
915421,6.25292,13.3447,437,102200,0.147721,0.23,1,55972,55535,437
918341,3.65058,4.26893,438,102200,0.0935442,0.17,1,55975,55537,438
921261,6.33012,4.85379,440,102200,0.218709,0.33,1,55982,55542,440
924181,2.86602,6.57076,435,102200,0.243742,0.29,1,55984,55549,435
927101,2.1732,2.91415,435,102200,0.248748,0.29,1,55986,55551,435
930021,2.83464,2.18283,436,102200,0.24975,0.21,1,55989,55553,436
932941,9.36693,3.63657,443,102200,0.28195,0.22,1,56000,55557,443
935861,3.47339,7.92731,436,102200,0.26439,0.29,1,56002,55566,436
938781,2.29468,3.18546,436,102200,0.252878,0.25,1,56004,55568,436
941701,2.85894,2.23709,437,102200,0.210576,0.22,1,56007,55570,437
944621,2.97179,2.04742,438,102200,0.146115,0.18,1,56010,55572,438
947541,2.19436,2.00948,438,102200,0.133223,0.25,1,56012,55574,438
950461,2.03887,2.0019,438,102200,0.258645,0.25,1,56014,55576,438
953381,2.00777,2.00038,438,102200,0.283729,0.25,1,56016,55578,438
956301,2.00155,2.00008,438,102200,0.296746,0.25,1,56018,55580,438
959221,2.00031,2.00002,438,102200,0.267349,0.29,1,56020,55582,438
962141,2.00006,2,438,102200,0.26147,0.29,1,56022,55584,438
965061,2.00001,2,438,102200,0.260294,0.29,1,56024,55586,438
967981,2,2,438,102200,0.284059,0.3,1,56026,55588,438
970901,2,2,438,102200,0.288812,0.3,1,56028,55590,438
973821,2,2,438,102200,0.297762,0.3,1,56030,55592,438
976741,2,2,438,102200,0.299552,0.3,1,56032,55594,438
979661,2,2,438,102200,0.29991,0.3,1,56034,55596,438
982581,2,2,438,102200,0.299982,0.31,1,56036,55598,438
985501,2,2,438,102200,0.299996,0.31,1,56038,55600,438
988421,2,2,438,102200,0.299999,0.31,1,56040,55602,438
991341,2,2,438,102200,0.308,0.31,1,56042,55604,438
994261,60.4,2,511,102200,0.0616,0,1,56117,55606,511
997181,16.88,70,430,102200,0.01232,0.11,1,56123,55693,430
1000101,16.976,21.2,438,102200,0.026464,0,1,56140,55702,438
1003021,12.1952,17.84,432,102200,0.0292928,0.03,1,56151,55719,432
1005941,4.03904,12.368,423,102200,0.00585856,0,1,56153,55730,423
1007401,161.608,4.0736,622,102200,0.0571717,0.08,1,56354,55732,622
1010321,59.5216,161.615,455,102200,0.0114343,0.1,1,56388,55933,455
1013241,23.9043,52.3229,445,102200,0.0822869,0.2,1,56403,55958,445
1016161,6.38086,19.2646,436,102200,0.0644574,0.14,1,56405,55969,436
1019081,2.87617,6.25292,435,102200,0.0288915,0.08,1,56407,55972,435
1022001,4.57523,3.65058,437,102200,0.0697783,0.25,1,56412,55975,437
1024921,2.51505,6.33012,432,102200,0.0779557,0.25,1,56414,55982,432
1027841,2.90301,2.86602,433,102200,0.0555911,0.25,1,56417,55984,433
1030761,6.1806,2.1732,438,102200,0.123118,0.25,1,56424,55986,438
1033681,4.43612,2.83464,439,102200,0.136624,0.29,1,56428,55989,439
1036601,3.28722,9.36693,431,102200,0.0833247,0.26,1,56431,56000,431
1039521,7.85745,3.47339,438,102200,0.0566649,0.25,1,56440,56002,438
1042441,3.17149,2.29468,438,102200,0.051333,0.2,1,56442,56004,438
1045361,2.2343,2.85894,437,102200,0.106267,0.13,1,56444,56007,437
1048281,2.04686,2.97179,436,102200,0.0852533,0.13,1,56446,56010,436
1051201,2.80937,2.19436,437,102200,0.0330507,0.29,1,56449,56012,437
1054121,2.96187,2.03887,438,102200,0.10261,0.29,1,56452,56014,438
1057041,2.19237,2.00777,438,102200,0.116522,0.3,1,56454,56016,438
1059961,2.03847,2.00155,438,102200,0.119304,0.26,1,56456,56018,438
1062881,2.00769,2.00031,438,102200,0.127861,0.26,1,56458,56020,438
1065801,2.00154,2.00006,438,102200,0.169572,0.26,1,56460,56022,438
1068721,2.00031,2.00001,438,102200,0.145914,0.29,1,56462,56024,438
1071641,2.00006,2,438,102200,0.141183,0.29,1,56464,56026,438
1074561,2.00001,2,438,102200,0.148237,0.3,1,56466,56028,438
1077481,2,2,438,102200,0.149647,0.3,1,56468,56030,438
1080401,2,2,438,102200,0.157929,0.3,1,56470,56032,438
1083321,2,2,438,102200,0.159586,0.3,1,56472,56034,438
1086241,2,2,438,102200,0.159917,0.3,1,56474,56036,438
1089161,2,2,438,102200,0.159983,0.3,1,56476,56038,438
1092081,2,2,438,102200,0.159997,0.31,1,56478,56040,438
1095001,48.4,2,496,102200,0.0319993,0,1,56538,56042,496
1097921,19.28,60.4,433,102200,0.0703999,0,1,56550,56117,433
1100841,12.656,16.88,438,102200,0.03808,0.03,1,56561,56123,438
1103761,11.3312,16.976,432,102200,0.087616,0.03,1,56572,56140,432
1106681,3.86624,12.1952,423,102200,0.0655232,0,1,56574,56151,423
1108141,161.573,4.03904,622,102200,0.0131046,0.07,1,56775,56153,622
1111061,60.3146,161.608,456,102200,0.00262093,0,1,56810,56354,456
1113981,24.8629,59.5216,438,102200,0.000524185,0.1,1,56826,56388,438
1116901,6.57259,23.9043,425,102200,0.000104837,0.06,1,56828,56403,425
1119821,2.91452,6.38086,425,102200,2.09674e-05,0.02,1,56830,56405,425
1122741,7.7829,2.87617,432,102200,0.128004,0.08,1,56839,56407,432
1125661,3.15658,4.57523,429,102200,0.153601,0.08,1,56841,56412,429
1128581,2.23132,2.51505,429,102200,0.21472,0.05,1,56843,56414,429
1131501,5.24626,2.90301,432,102200,0.138944,0.14,1,56849,56417,432
1134421,2.64925,6.1806,427,102200,0.123789,0.14,1,56851,56424,427
1137341,2.12985,4.43612,425,102200,0.120758,0.07,1,56853,56428,425
1140261,11.626,3.28722,436,102200,0.152152,0.05,1,56867,56431,436
1143181,3.92519,7.85745,429,102200,0.11843,0.05,1,56869,56440,429
1146101,2.38504,3.17149,429,102200,0.199686,0.12,1,56871,56442,429
1149021,2.07701,2.2343,429,102200,0.183937,0.08,1,56873,56444,429
1151941,2.8154,2.04686,430,102200,0.132787,0.02,1,56876,56446,430
1154861,2.96308,2.80937,430,102200,0.106557,0.12,1,56879,56449,430
1157781,2.19262,2.96187,429,102200,0.101311,0.12,1,56881,56452,429
1160701,2.03852,2.19237,429,102200,0.212262,0.12,1,56883,56454,429
1163621,2.0077,2.03847,429,102200,0.234452,0.13,1,56885,56456,429
1166541,3.60154,2.00769,431,102200,0.21489,0.18,1,56889,56458,431
1169461,2.32031,2.00154,431,102200,0.242978,0.14,1,56891,56460,431
1172381,2.06406,2.00031,431,102200,0.248596,0.14,1,56893,56462,431
1175301,2.01281,2.00006,431,102200,0.249719,0.15,1,56895,56464,431
1178221,2.00256,2.00001,431,102200,0.257944,0.15,1,56897,56466,431
1181141,2.00051,2,431,102200,0.227589,0.16,1,56899,56468,431
1184061,2.0001,2,431,102200,0.229518,0.16,1,56901,56470,431
1186981,2.00002,2,431,102200,0.229904,0.16,1,56903,56472,431
1189901,2,2,431,102200,0.229981,0.16,1,56905,56474,431
1192821,2,2,431,102200,0.229996,0.16,1,56907,56476,431
1195741,42,2,481,102200,0.0459992,0,1,56959,56478,481
1198661,18,48.4,433,102200,0.0171998,0.08,1,56971,56538,433
1201581,15.6,19.28,436,102200,0.03544,0.03,1,56986,56550,436
1204501,8.72,12.656,432,102200,0.023088,0.1,1,56993,56561,432
1207421,3.344,11.3312,423,102200,0.0046176,0.06,1,56995,56572,423
1208881,161.469,3.86624,622,102200,0.00092352,0,1,57196,56574,622
1211801,61.8938,161.573,458,102200,0.104185,0,1,57233,56775,458
1214721,29.1788,60.3146,444,102200,0.0208369,0,1,57254,56810,444
1217641,7.43575,24.8629,430,102200,0.00416739,0,1,57256,56826,430
1220561,3.08715,6.57259,430,102200,0.000833478,0,1,57258,56828,430
1223481,7.01743,2.91452,436,102200,0.136167,0.16,1,57266,56830,436
1226401,3.00349,7.7829,429,102200,0.163233,0.16,1,57268,56839,429
1229321,2.2007,3.15658,429,102200,0.176647,0.23,1,57270,56841,429
1232241,7.64014,2.23132,436,102200,0.131329,0.12,1,57279,56843,436
1235161,3.12803,5.24626,432,102200,0.194266,0.12,1,57281,56849,432
1238081,2.22561,2.64925,432,102200,0.182853,0.12,1,57283,56851,432
1241001,7.64512,2.12985,439,102200,0.0925706,0.16,1,57292,56853,439
1243921,3.12902,11.626,427,102200,0.194514,0.11,1,57294,56867,427
1246841,3.0258,3.92519,428,102200,0.166903,0.22,1,57297,56869,428
1249761,7.80516,2.38504,435,102200,0.0973806,0.18,1,57306,56871,435
1252681,3.16103,2.07701,435,102200,0.179476,0.12,1,57308,56873,435
1255601,3.03221,2.8154,435,102200,0.147895,0.1,1,57311,56876,435
1258521,3.80644,2.96308,436,102200,0.133579,0.1,1,57315,56879,436
1261441,2.36129,2.19262,436,102200,0.138716,0.24,1,57317,56881,436
1264361,2.07226,2.03852,436,102200,0.139743,0.24,1,57319,56883,436
1267281,2.01445,2.0077,436,102200,0.107949,0.21,1,57321,56885,436
1270201,2.00289,3.60154,434,102200,0.10959,0.25,1,57323,56889,434
1273121,2.00058,2.32031,434,102200,0.0779179,0.25,1,57325,56891,434
1276041,2.00012,2.06406,434,102200,0.0715836,0.25,1,57327,56893,434
1278961,2.80002,2.01281,435,102200,0.174317,0.26,1,57330,56895,435
1281881,2.96,2.00256,436,102200,0.178863,0.22,1,57333,56897,436
1284801,2.192,2.00051,436,102200,0.179773,0.23,1,57335,56899,436
1287721,2.0384,2.0001,436,102200,0.179955,0.23,1,57337,56901,436
1290641,2.00768,2.00002,436,102200,0.179991,0.23,1,57339,56903,436
1293561,2.00154,2,436,102200,0.187998,0.23,1,57341,56905,436
1296481,31.6003,2,473,102200,0.0535996,0,1,57380,56907,473
1299401,15.9201,42,433,102200,0.0187199,0.01,1,57392,56959,433
1302321,15.184,18,436,102200,0.00374398,0.04,1,57407,56971,436
1305241,8.6368,15.6,428,102200,0.000748797,0.02,1,57414,56986,428
1308161,3.32736,8.72,423,102200,0.0641498,0,1,57416,56993,423
1309621,161.465,3.344,622,102200,0.11683,0,1,57617,56995,622
1312541,66.6931,161.469,464,102200,0.055366,0.13,1,57660,57196,464
1315461,30.1386,61.8938,448,102200,0.0750732,0,1,57681,57233,448
1318381,10.0277,29.1788,432,102200,0.0150146,0,1,57686,57254,432
1321301,3.60554,7.43575,432,102200,0.00300293,0,1,57688,57256,432
1324221,3.92111,3.08715,434,102200,0.0646006,0.17,1,57692,57258,434
1327141,2.38422,7.01743,428,102200,0.0449201,0.17,1,57694,57266,428
1330061,5.27684,3.00349,432,102200,0.104984,0.18,1,57700,57268,432
1332981,2.65537,2.2007,432,102200,0.0849968,0.12,1,57702,57270,432
1335901,2.13107,7.64014,425,102200,0.0809994,0.21,1,57704,57279,425
1338821,7.62622,3.12803,432,102200,0.0721999,0.18,1,57713,57281,432
1341741,4.72524,2.22561,434,102200,0.03844,0.07,1,57717,57283,434
1344661,2.54505,7.64512,427,102200,0.00768799,0.22,1,57719,57292,427
1347581,6.90901,3.12902,433,102200,0.0255376,0.16,1,57727,57294,433
1350501,6.1818,3.0258,436,102200,0.117108,0.08,1,57733,57297,436
1353421,2.83636,7.80516,429,102200,0.103422,0.2,1,57735,57306,429
1356341,2.16727,3.16103,429,102200,0.0686843,0.14,1,57737,57308,429
1359261,2.03345,3.03221,428,102200,0.141737,0.13,1,57739,57311,428
1362181,2.00669,3.80644,426,102200,0.132347,0.14,1,57741,57315,426
1365101,2.80134,2.36129,427,102200,0.106469,0.14,1,57744,57317,427
1368021,6.16027,2.07226,432,102200,0.0932939,0.1,1,57751,57319,432
1370941,2.83205,2.01445,432,102200,0.0906588,0.11,1,57753,57321,432
1373861,2.16641,2.00289,432,102200,0.146132,0.07,1,57755,57323,432
1376781,2.03328,2.00058,432,102200,0.125226,0.07,1,57757,57325,432
1379701,2.00666,2.00012,432,102200,0.0890453,0.2,1,57759,57327,432
1382621,2.00133,2.80002,431,102200,0.0498091,0.18,1,57761,57330,431
1385541,2.80027,2.96,431,102200,0.153962,0.18,1,57764,57333,431
1388461,2.96005,2.192,432,102200,0.166792,0.18,1,57767,57335,432
1391381,2.19201,2.0384,432,102200,0.161358,0.18,1,57769,57337,432
1394301,2.0384,2.00768,432,102200,0.160272,0.19,1,57771,57339,432
1397221,24.4077,2.00154,460,102200,0.0320543,0.02,1,57801,57341,460
1400141,14.4815,31.6003,433,102200,0.0144109,0.01,1,57813,57380,433
1403061,17.2963,15.9201,439,102200,0.00288217,0,1,57831,57392,439
1405981,7.45926,15.184,429,102200,0.000576435,0,1,57836,57407,429
1408901,6.29185,8.6368,428,102200,0.0241153,0.08,1,57842,57414,428
1411821,159.658,3.32736,624,102200,0.00482306,0.04,1,58040,57416,624
1414741,66.3317,195.865,423,102200,0.0649646,0.08,1,58083,57660,423
1417661,31.6663,55.9731,425,102200,0.0129929,0,1,58106,57681,425
1420581,7.93327,15.1946,422,102200,0.00259858,0,1,58108,57686,422
1423501,3.18665,4.63892,422,102200,0.000519717,0.08,1,58110,57688,422
1426421,7.03733,4.12778,426,102200,0.160104,0.04,1,58118,57692,426
1429341,3.00747,2.42556,426,102200,0.192021,0.12,1,58120,57694,426
1432261,3.80149,5.28511,424,102200,0.166404,0.08,1,58124,57700,424
1435181,2.3603,2.65702,424,102200,0.185281,0.08,1,58126,57702,424
1438101,2.07206,2.1314,424,102200,0.165056,0.07,1,58128,57704,424
1441021,8.41441,7.62628,425,102200,0.209011,0.03,1,58138,57713,425
1443941,4.88288,4.72526,425,102200,0.209802,0,1,58142,57717,425
1446861,6.57658,2.54505,430,102200,0.12196,0.03,1,58149,57719,430
1449781,4.51532,6.90901,426,102200,0.200392,0.14,1,58153,57727,426
1452701,5.70306,6.1818,426,102200,0.120078,0.1,1,58159,57733,426
1455621,2.74061,2.83636,426,102200,0.104016,0.06,1,58161,57735,426
1458541,2.14812,2.16727,426,102200,0.156803,0.16,1,58163,57737,426
1461461,2.02962,2.03345,426,102200,0.159361,0.13,1,58165,57739,426
1464381,2.00592,2.00669,426,102200,0.127872,0.1,1,58167,57741,426
1467301,5.20119,2.80134,429,102200,0.0975744,0.09,1,58173,57744,429
1470221,4.24024,6.16027,426,102200,0.179515,0.09,1,58177,57751,426
1473141,5.64805,2.83205,430,103660,0.155903,0.16,1,58183,57753,430
1476061,2.72961,2.16641,430,103660,0.151181,0.12,1,58185,57755,430
1478981,2.14592,2.03328,430,103660,0.166236,0.08,1,58187,57757,430
1481901,2.02918,2.00666,430,103660,0.185247,0.04,1,58189,57759,430
1484821,2.00584,2.00133,430,103660,0.213049,0.18,1,58191,57761,430
1487741,2.00117,2.80027,429,103660,0.19461,0.17,1,58193,57764,429
1490661,2.00023,2.96005,428,103660,0.190922,0.16,1,58195,57767,428
1493581,2.00005,2.19201,428,103660,0.222184,0.16,1,58197,57769,428
1496501,2.00001,2.0384,428,103660,0.228437,0,1,58199,57771,428
1499421,19.6,24.4077,422,103660,0.125687,0.01,1,58223,57801,422
1502341,13.52,14.4815,422,103660,0.137137,0,1,58235,57813,422
1505261,17.104,17.2963,422,103660,0.0274275,0,1,58253,57831,422
1508181,11.4208,7.45926,427,103660,0.0054855,0.03,1,58263,57836,427
1511101,3.88416,6.29185,423,103660,0.0090971,0,1,58265,57842,423
1514021,158.377,159.658,422,103660,0.00181942,0.08,1,58462,58040,422
1516941,68.4754,66.3317,425,103660,0.0163639,0,1,58508,58083,425
1519861,37.6951,31.6663,432,103660,0.0192728,0,1,58538,58106,432
1522781,9.13901,7.93327,432,103660,0.00385456,0,1,58540,58108,432
1525701,3.4278,3.18665,432,103660,0.000770911,0.2,1,58542,58110,432
1528621,5.48556,7.03733,430,103660,0.000154182,0.2,1,58548,58118,430
1531541,2.69711,3.00747,430,103660,0.168031,0.16,1,58550,58120,430
1534461,5.33942,3.80149,432,103660,0.161606,0.19,1,58556,58124,432
1537381,2.66788,2.3603,432,103660,0.128321,0.16,1,58558,58126,432
1540301,3.73358,2.07206,434,103660,0.185664,0.22,1,58562,58128,434
1543221,2.34672,8.41441,426,103660,0.189133,0.21,1,58564,58138,426
1546141,3.66934,4.88288,426,103660,0.165827,0.1,1,58568,58142,426
1549061,6.33387,6.57658,426,103660,0.209165,0.22,1,58575,58149,426
1551981,7.66677,4.51532,430,103660,0.169833,0.1,1,58583,58153,430
1554901,3.13335,5.70306,426,103660,0.217967,0.1,1,58585,58159,426
1557821,2.22667,2.74061,426,103660,0.227593,0.17,1,58587,58161,426
1560741,3.64533,2.14812,428,103660,0.189519,0.16,1,58591,58163,428
1563661,5.52907,2.02962,432,103660,0.157904,0.12,1,58597,58165,432
1566581,2.70581,2.00592,432,103660,0.159581,0.09,1,58599,58167,432
1569501,3.74116,5.20119,430,103660,0.207916,0.2,1,58603,58173,430
1572421,3.94823,4.24024,430,105120,0.153583,0.2,1,58607,58177,430
1575341,5.58965,0.848047,436,105120,0.102717,0.15,1,58613,58177,436
1578261,3.51793,4.96961,433,105120,0.212543,0.15,1,58616,58183,433
1581181,3.10359,2.59392,434,105120,0.218509,0.17,1,58619,58185,434
1584101,2.22072,2.11878,434,105120,0.187702,0.19,1,58621,58187,434
1587021,2.04414,2.02376,434,105120,0.14954,0.22,1,58623,58189,434
1589941,2.00883,2.00475,434,105120,0.141908,0.19,1,58625,58191,434
1592861,2.00177,2.00095,434,105120,0.212382,0.19,1,58627,58193,434
1595781,2.00035,2.00019,434,105120,0.186476,0.23,1,58629,58195,434
1598701,2.00007,2.00004,434,105120,0.221295,0.23,1,58631,58197,434
1601621,15.6,2.00001,451,105120,0.132259,0.1,1,58650,58199,451
1604541,7.92,19.6,433,105120,0.106452,0.14,1,58656,58223,433
1607461,15.984,13.52,439,105120,0.10129,0,1,58674,58235,439
1610381,11.1968,17.104,431,105120,0.0202581,0,1,58684,58253,431
1613301,4.63936,11.4208,424,105120,0.00405161,0.01,1,58687,58263,424
1616221,157.728,3.88416,618,105120,0.0168103,0,1,58883,58265,618
1619141,69.1456,158.377,468,105120,0.123362,0.02,1,58930,58462,468
1622061,37.8291,68.4754,452,105120,0.0406724,0.02,1,58960,58508,452
1624981,16.3658,37.6951,433,105120,0.0321345,0,1,58971,58538,433
1627901,4.87316,9.13901,433,105120,0.0064269,0,1,58973,58540,433
1630821,3.37463,3.4278,434,105120,0.00128538,0,1,58976,58542,434
1633741,4.67493,5.48556,433,105120,0.000257076,0.21,1,58981,58548,433
1636661,4.13499,2.69711,435,105120,0.168051,0.16,1,58985,58550,435
1639581,2.427,5.33942,431,105120,0.20161,0.12,1,58987,58556,431
1642501,5.2854,2.66788,435,105120,0.136322,0.2,1,58993,58558,435
1645421,2.65708,3.73358,433,105120,0.147264,0.19,1,58995,58562,433
1648341,2.13142,2.34672,433,105120,0.157453,0.16,1,58997,58564,433
1651261,9.22628,3.66934,440,105120,0.191491,0.22,1,59008,58568,440
1654181,5.04526,6.33387,437,105120,0.134298,0.16,1,59012,58575,437
1657101,2.60905,7.66677,431,105120,0.0908596,0.23,1,59014,58583,431
1660021,2.12181,3.13335,431,105120,0.138172,0.23,1,59016,58585,431
1662941,5.22436,2.22667,435,105120,0.131634,0.18,1,59022,58587,435
1665861,2.64487,3.64533,433,105120,0.130327,0.15,1,59024,58591,433
1668781,2.12897,5.52907,429,105120,0.138065,0.16,1,59026,58597,429
1671701,2.02579,2.70581,429,105120,0.139613,0.22,1,59028,58599,429
1674621,2.00516,3.74116,427,105120,0.0999226,0.14,1,59030,58603,427
1677541,7.60103,3.94823,432,105120,0.179985,0.09,1,59039,58607,432
1680461,3.12021,5.58965,428,105120,0.195997,0.24,1,59041,58613,428
1683381,3.82404,3.51793,429,105120,0.143199,0.22,1,59045,58616,429
1686301,6.36481,3.10359,433,105120,0.17264,0.18,1,59052,58619,433
1689221,3.67296,2.22072,434,105120,0.130528,0.14,1,59055,58621,434
1692141,2.33459,2.04414,434,105120,0.122106,0.14,1,59057,58623,434
1695061,2.06692,2.00883,434,105120,0.0964211,0.23,1,59059,58625,434
1697981,2.01338,2.00177,434,105120,0.131284,0.18,1,59061,58627,434
1700901,2.00268,2.00035,434,105120,0.138257,0.23,1,59063,58629,434
1703821,2.00054,2.00007,434,105120,0.147651,0.11,1,59065,58631,434
1706741,6.80011,15.6,423,105120,0.18953,0.1,1,59073,58650,423
1709661,6.96002,7.92,424,105120,0.141906,0.1,1,59080,58656,424
1712581,14.192,15.984,422,105120,0.100381,0,1,59096,58674,422
1715501,10.8384,11.1968,422,105120,0.100076,0,1,59106,58684,422
1718421,4.56768,4.63936,422,105120,0.0840152,0.02,1,59109,58687,422
1721341,157.714,157.728,422,105120,0.016803,0.15,1,59305,58883,422
1724261,76.3427,69.1456,431,105120,0.0353606,0.02,1,59361,58930,431
1727181,32.0685,37.8291,422,105120,0.0710721,0.03,1,59382,58960,422
1730101,15.2137,16.3658,422,105120,0.0382144,0,1,59393,58971,422
1733021,6.24274,4.87316,424,105120,0.00764288,0,1,59397,58973,424
1735941,9.24855,3.37463,431,105120,0.00152858,0,1,59407,58976,431
1738861,3.44971,4.67493,428,105120,0.00830572,0.21,1,59409,58981,428
1741781,5.48994,4.13499,430,105120,0.0496611,0.21,1,59415,58985,430
1744701,2.69799,2.427,430,105120,0.0259322,0.12,1,59417,58987,430
1747621,2.1396,5.2854,426,105120,0.0291864,0.15,1,59419,58993,426
1750541,3.62792,2.65708,428,105120,0.00583729,0.16,1,59423,58995,428
1753461,4.72558,2.13142,431,105120,0.129167,0.2,1,59428,58997,431
1756381,7.34512,9.22628,428,105120,0.121833,0.12,1,59436,59008,428
1759301,4.66902,5.04526,428,105120,0.128367,0.08,1,59440,59012,428
1762221,2.5338,2.60905,428,105120,0.0976733,0.15,1,59442,59014,428
1765141,2.10676,2.12181,428,105120,0.155535,0.13,1,59444,59016,428
1768061,2.02135,5.22436,424,105120,0.127107,0.13,1,59446,59022,424
1770981,7.60427,2.64487,431,105120,0.113421,0.14,1,59455,59024,431
1773901,3.12085,2.12897,431,105120,0.166684,0.14,1,59457,59026,431
1776821,2.22417,2.02579,431,106580,0.145337,0.09,1,59459,59028,431
1779741,2.04483,2.00516,431,106580,0.165067,0.2,1,59461,59030,431
1782661,6.80897,7.60103,430,106580,0.129013,0.2,1,59469,59039,430
1785581,2.96179,3.12021,430,106580,0.129803,0.13,1,59471,59041,430
1788501,2.19236,3.82404,428,106580,0.129961,0.18,1,59473,59045,428
1791421,6.03847,6.36481,428,106580,0.193992,0.12,1,59480,59052,428
1794341,4.40769,3.67296,429,106580,0.214798,0.12,1,59484,59055,429
1797261,2.48154,2.33459,429,106580,0.18696,0.09,1,59486,59057,429
1800181,3.69631,2.06692,431,106580,0.125392,0.14,1,59490,59059,431
1803101,2.33926,2.01338,431,106580,0.169078,0.14,1,59492,59061,431
1806021,2.06785,2.00268,431,106580,0.145816,0.15,1,59494,59063,431
1808941,2.01357,2.00054,431,106580,0.197163,0.2,1,59496,59065,431
1811861,5.20271,6.80011,429,106580,0.183433,0.13,1,59502,59073,429
1814781,2.64054,6.96002,424,106580,0.204687,0.09,1,59504,59080,424
1817701,15.7281,14.192,427,106580,0.104937,0.1,1,59523,59096,427
1820621,7.14562,10.8384,422,106580,0.0689875,0.08,1,59528,59106,422
1823541,3.82912,4.56768,422,106580,0.0537975,0,1,59531,59109,422
1826461,157.566,157.714,422,106580,0.122759,0.04,1,59727,59305,422
1829381,79.5132,76.3427,426,106580,0.0885519,0.08,1,59787,59361,426
1832301,29.5026,32.0685,422,106580,0.0337104,0.03,1,59804,59382,422
1835221,14.7005,15.2137,422,106580,0.190742,0,1,59815,59393,422
1838141,6.14011,6.24274,422,106580,0.158148,0,1,59819,59397,422
1841061,10.028,9.24855,423,106580,0.0556297,0.01,1,59830,59407,423
1843981,3.6056,3.44971,423,106580,0.0111259,0.06,1,59832,59409,423
1846901,10.3211,5.48994,429,106580,0.0102252,0.02,1,59844,59415,429
1849821,3.66422,2.69799,429,106580,0.066045,0.03,1,59846,59417,429
1852741,2.33284,2.1396,429,106580,0.045209,0,1,59848,59419,429
1855661,2.06657,3.62792,427,106580,0.0090418,0.16,1,59850,59423,427
1858581,5.21331,4.72558,428,106580,0.113808,0.12,1,59856,59428,428
1861501,7.44266,7.34512,428,106580,0.110762,0.13,1,59864,59436,428
1864421,3.08853,4.66902,426,106580,0.0781523,0.09,1,59866,59440,426
1867341,2.21771,2.5338,426,106580,0.0716305,0.17,1,59868,59442,426
1870261,2.04354,2.10676,426,106580,0.0383261,0.12,1,59870,59444,426
1873181,5.20871,2.02135,430,106580,0.159665,0.11,1,59876,59446,430
1876101,5.84174,7.60427,427,106580,0.175933,0.18,1,59882,59455,427
1879021,2.76835,3.12085,427,108040,0.147187,0.18,1,59884,59457,427
1881941,2.15367,0.624171,429,108040,0.117437,0.14,1,59886,59457,429
1884861,2.03073,1.72483,429,108040,0.167487,0.17,1,59888,59459,429
1887781,10.0061,1.94497,439,108040,0.193497,0.12,1,59900,59461,439
1890701,3.60123,6.78899,433,108040,0.1747,0.13,1,59902,59469,433
1893621,2.32025,2.9578,433,108040,0.13894,0.13,1,59904,59471,433
1896541,2.86405,2.19156,434,108040,0.155788,0.21,1,59907,59473,434
1899461,4.57281,6.03831,432,108040,0.111158,0.22,1,59912,59480,432
1902381,5.71456,4.40766,434,108040,0.182232,0.18,1,59918,59484,434
1905301,2.74291,2.48153,434,108040,0.164446,0.11,1,59920,59486,434
1908221,2.14858,3.69631,432,108040,0.128889,0.18,1,59922,59490,432
1911141,3.62972,2.33926,434,108040,0.0817778,0.14,1,59926,59492,434
1914061,2.32594,2.06785,434,108040,0.112356,0.21,1,59928,59494,434
1916981,5.26519,2.01357,438,108040,0.118471,0.18,1,59934,59496,438
1919901,2.65304,5.20271,434,108040,0.0956942,0.21,1,59936,59502,434
1922821,7.73061,2.64054,441,108040,0.0991388,0.08,1,59945,59504,441
1925741,8.74612,15.7281,431,108040,0.0518278,0.06,1,59954,59523,431
1928661,3.34922,7.14562,428,108040,0.0423656,0.05,1,59956,59528,428
1931581,155.07,3.82912,618,108040,0.0724731,0.14,1,60149,59531,618
1934501,81.414,157.566,485,108040,0.0864946,0.08,1,60212,59727,485
1937421,33.0828,79.5132,446,108040,0.0572989,0.02,1,60233,59787,446
1940341,10.6166,29.5026,434,108040,0.0754598,0.23,1,60238,59804,434
1943261,3.72331,14.7005,425,108040,0.047092,0.15,1,60240,59815,425
1946181,9.54466,6.14011,432,108040,0.145418,0.03,1,60251,59819,432
1949101,3.50893,10.028,423,108040,0.133084,0,1,60253,59830,423
1952021,15.9018,3.6056,440,108040,0.0266167,0.01,1,60272,59832,440
1954941,4.78036,10.3211,430,108040,0.0693233,0.08,1,60274,59844,430
1957861,2.55607,3.66422,430,108040,0.0458647,0.04,1,60276,59846,430
1960781,2.11121,2.33284,430,108040,0.00917293,0,1,60278,59848,430
1963701,2.02224,2.06657,430,108040,0.00183459,0.14,1,60280,59850,430
1966621,5.20445,5.21331,430,108040,0.00836692,0.11,1,60286,59856,430
1969541,9.04089,7.44266,432,108040,0.0656734,0.07,1,60296,59864,432
1972461,3.40818,3.08853,432,108040,0.0691347,0.07,1,60298,59866,432
1975381,2.28164,2.21771,432,108040,0.0378269,0.03,1,60300,59868,432
1978301,2.85633,2.04354,433,108040,0.0555654,0.19,1,60303,59870,433
1981221,4.57127,5.20871,432,108040,0.0591131,0.18,1,60308,59876,432
1984141,2.51425,5.84174,428,109500,0.0678226,0.14,1,60310,59882,428
1987061,3.70285,2.76835,430,109500,0.109565,0.11,1,60314,59884,430
1989981,3.94057,2.15367,432,109500,0.0459129,0.18,1,60318,59886,432
1992901,2.38811,2.03073,432,109500,0.105183,0.2,1,60320,59888,432
1995821,6.07762,10.0061,427,109500,0.0770365,0.17,1,60327,59900,427
1998741,4.41552,3.60123,429,109500,0.127407,0.13,1,60331,59902,429
2001661,4.0831,2.32025,431,109500,0.0734815,0.16,1,60335,59904,431
2004581,2.41662,2.86405,430,109500,0.0386963,0.1,1,60337,59907,430
2007501,2.08332,4.57281,427,109500,0.0877393,0.2,1,60339,59912,427
2010421,6.01666,5.71456,428,109500,0.0575479,0.16,1,60346,59918,428
2013341,2.80333,2.74291,428,109500,0.0515096,0.12,1,60348,59920,428
2016261,2.16067,2.14858,428,109500,0.138302,0.07,1,60350,59922,428
2019181,2.03213,3.62972,426,109500,0.12366,0.12,1,60352,59926,426
2022101,3.60643,2.32594,428,109500,0.0567321,0.12,1,60356,59928,428
2025021,3.92129,5.26519,426,109500,0.115346,0.09,1,60360,59934,426
2027941,2.38426,2.65304,426,109500,0.127069,0.1,1,60362,59936,426
2030861,5.27685,7.73061,423,109500,0.0974139,0.04,1,60368,59945,423
2033781,13.0554,8.74612,429,109500,0.0834828,0.04,1,60383,59954,429
2036701,4.21107,3.34922,429,109500,0.0486966,0.08,1,60385,59956,429
2039621,149.642,155.07,422,109500,0.00973931,0.09,1,60571,60149,422
2042541,85.1284,81.414,428,109500,0.0739479,0.05,1,60640,60212,428
2045461,29.0257,33.0828,422,109500,0.0787896,0.08,1,60655,60233,422
2048381,15.4051,10.6166,429,109500,0.0957579,0.04,1,60667,60238,429
2051301,4.68103,3.72331,429,109500,0.0671516,0.17,1,60669,60240,429
2054221,5.73621,9.54466,424,109500,0.0134303,0.13,1,60675,60251,424
2057141,2.74724,3.50893,424,109500,0.0666861,0,1,60677,60253,424
2060061,14.1494,15.9018,422,109500,0.0133372,0.08,1,60694,60272,422
2062981,4.42989,4.78036,422,109500,0.0346674,0.04,1,60696,60274,422
2065901,2.48598,2.55607,422,109500,0.00693349,0,1,60698,60276,422
2068821,3.6972,2.11121,424,109500,0.0013867,0,1,60702,60278,424
2071741,6.33944,2.02224,429,109500,0.0242773,0.01,1,60709,60280,429
2074661,2.86789,5.20445,425,109500,0.0688555,0.08,1,60711,60286,425
2077581,8.57358,9.04089,425,109500,0.125771,0.07,1,60721,60296,425
2080501,3.31472,3.40818,425,109500,0.137154,0.03,1,60723,60298,425
2083421,2.26294,2.28164,425,109500,0.107431,0.06,1,60725,60300,425
2086341,3.65259,2.85633,426,109500,0.0534862,0.06,1,60729,60303,426
2089261,2.33052,4.57127,423,110960,0.0106972,0.06,1,60731,60308,423
2092181,5.2661,0.914253,429,110960,0.0101394,0.07,1,60737,60308,429
2095101,2.65322,1.78285,429,110960,0.00202789,0.12,1,60739,60310,429
2098021,2.13064,3.55657,427,110960,0.168406,0.03,1,60741,60314,427
2100941,5.22613,3.91131,429,110960,0.129681,0.12,1,60747,60318,429
2103861,2.64523,2.38226,429,110960,0.121936,0.07,1,60749,60320,429
2106781,5.32905,6.07645,428,110960,0.152387,0.14,1,60755,60327,428
2109701,2.66581,4.41529,426,110960,0.126477,0.06,1,60757,60331,426
2112621,2.13316,4.08306,424,110960,0.121295,0.03,1,60759,60335,424
2115541,6.82663,2.41661,430,110960,0.120259,0.1,1,60767,60337,430
2118461,3.76533,2.08332,431,110960,0.136052,0.05,1,60770,60339,431
2121381,4.75307,6.01666,429,110960,0.12321,0.05,1,60775,60346,429
2124301,2.55061,2.80333,429,110960,0.0886421,0.16,1,60777,60348,429
2127221,2.11012,2.16067,429,110960,0.0817284,0.12,1,60779,60350,429
2130141,2.02202,2.03213,429,110960,0.0803457,0.04,1,60781,60352,429
2133061,2.0044,3.60643,427,110960,0.0560691,0.13,1,60783,60356,427
2135981,2.00088,3.92129,425,110960,0.139214,0.13,1,60785,60360,425
2138901,9.20018,2.38426,434,110960,0.203843,0.09,1,60796,60362,434
2141821,9.04004,5.27685,437,110960,0.120769,0.08,1,60805,60368,437
2144741,3.40801,13.0554,424,110960,0.104154,0.04,1,60807,60383,424
2147661,148.682,4.21107,607,110960,0.116831,0,1,60992,60385,607
2150581,84.9363,149.642,490,110960,0.0553661,0.09,1,61061,60571,490
2153501,32.9873,85.1284,441,110960,0.163073,0.08,1,61081,60640,441
2156421,15.3975,29.0257,437,110960,0.0966146,0.1,1,61092,60655,437
2159341,4.67949,15.4051,427,110960,0.0513229,0.06,1,61094,60667,427
2162261,5.7359,4.68103,431,110960,0.0742646,0,1,61100,60669,431
2165181,2.74718,5.73621,427,110960,0.0708529,0.08,1,61102,60675,427
2168101,10.9494,2.74724,438,110960,0.0941706,0,1,61115,60677,438
2171021,3.78989,14.1494,423,110960,0.0668341,0.04,1,61117,60694,423
2173941,2.35798,4.42989,423,110960,0.0373668,0,1,61119,60696,423
2176861,5.2716,2.48598,427,110960,0.0394734,0,1,61125,60698,427
2179781,9.85432,3.6972,434,110960,0.0398947,0.03,1,61136,60702,434
2182701,3.57086,6.33944,429,110960,0.0159789,0.08,1,61138,60709,429
2185621,3.91417,2.86789,431,110960,0.00319579,0.14,1,61142,60711,431
2188541,2.38283,8.57358,423,110960,0.000639157,0.14,1,61144,60721,423
2191461,2.07657,3.31472,423,110960,0.0961278,0.1,1,61146,60723,423
2194381,4.41531,2.26294,426,110960,0.0992256,0.04,1,61151,60725,426
2197301,4.08306,3.65259,426,112420,0.107845,0,1,61155,60729,426
2200221,7.21661,2.33052,432,112420,0.101569,0.01,1,61163,60731,432
2203141,3.04332,5.2661,428,112420,0.0683138,0,1,61165,60737,428
2206061,2.20866,2.65322,428,112420,0.0696628,0.21,1,61167,60739,428
2208981,2.04173,2.13064,428,112420,0.0379326,0.12,1,61169,60741,428
2211901,5.20835,5.22613,428,112420,0.103587,0.12,1,61175,60747,428
2214821,2.64167,2.64523,428,112420,0.116717,0.16,1,61177,60749,428
2217741,5.32833,5.32905,428,112420,0.119343,0.12,1,61183,60755,428
2220661,2.66567,2.66581,428,112420,0.0878687,0.12,1,61185,60757,428
2223581,2.13313,2.13316,428,112420,0.129574,0.12,1,61187,60759,428
2226501,5.22663,6.82663,426,112420,0.0979148,0.14,1,61193,60767,426
2229421,2.64533,3.76533,425,112420,0.0995829,0.12,1,61195,60770,425
2232341,7.72907,4.75307,429,112420,0.115917,0.08,1,61204,60775,429
2235261,3.14581,2.55061,429,112420,0.119183,0.08,1,61206,60777,429
2238181,3.82916,2.11012,431,112420,0.119837,0.08,1,61210,60779,431
2241101,2.36583,2.02202,431,112420,0.0879673,0.05,1,61212,60781,431
2244021,2.07317,2.0044,431,112420,0.137593,0.16,1,61214,60783,431
2246941,2.01463,2.00088,431,112420,0.147519,0.22,1,61216,60785,431
2249861,5.20293,9.20018,426,112420,0.125504,0.1,1,61222,60796,426
2252781,5.84059,9.04004,423,112420,0.129101,0.1,1,61228,60805,423
2255701,2.76812,3.40801,423,112420,0.0978201,0.12,1,61230,60807,423
2258621,147.754,148.682,422,112420,0.107564,0.04,1,61414,60992,422
2261541,91.1507,84.9363,430,112420,0.0215128,0.19,1,61491,61061,430
2264461,30.2301,32.9873,425,112420,0.140303,0.08,1,61506,61081,425
2267381,15.646,15.3975,426,112420,0.108061,0.04,1,61518,61092,426
2270301,4.72921,4.67949,426,112420,0.0696121,0.08,1,61520,61094,426
2273221,7.34584,5.7359,428,112420,0.0859224,0.07,1,61528,61100,428
2276141,3.06917,2.74718,428,112420,0.177184,0.1,1,61530,61102,428
2279061,7.81383,10.9494,424,112420,0.115437,0.06,1,61539,61115,424
2281981,3.16277,3.78989,424,112420,0.191087,0.03,1,61541,61117,424
2284901,2.23255,2.35798,424,112420,0.174217,0.04,1,61543,61119,424
2287821,4.44651,5.2716,423,112420,0.0908435,0.04,1,61548,61125,423
2290741,13.6893,9.85432,428,112420,0.0821687,0.01,1,61564,61136,428
2293661,4.33786,3.57086,428,112420,0.0484337,0,1,61566,61138,428
2296581,2.46757,3.91417,426,112420,0.00968675,0,1,61568,61142,426
2299501,2.09351,2.38283,426,112420,0.00193735,0.12,1,61570,61144,426
2302421,2.0187,2.07657,426,112420,0.00038747,0.1,1,61572,61146,426
2305341,4.40374,4.41531,426,113880,0.0800775,0.1,1,61577,61151,426
2308261,2.48075,0.883063,428,113880,0.104015,0.11,1,61579,61151,428
2311181,8.49615,3.37661,434,113880,0.100803,0.1,1,61589,61155,434
2314101,3.29923,7.07532,428,113880,0.100161,0.06,1,61591,61163,428
2317021,2.25985,3.01506,428,113880,0.0600321,0.07,1,61593,61165,428
2319941,3.65197,2.20301,430,113880,0.0920064,0.03,1,61597,61167,430
2322861,3.13039,2.0406,431,113880,0.0824013,0.12,1,61600,61169,431
2325781,4.62608,5.20812,430,113880,0.12848,0.12,1,61605,61175,430
2328701,4.12522,2.64162,432,113880,0.113696,0.12,1,61609,61177,432
2331621,2.42504,5.32832,428,113880,0.110739,0.08,1,61611,61183,428
2334541,2.08501,2.66566,428,113880,0.118148,0.14,1,61613,61185,428
2337461,5.217,2.13313,432,113880,0.0556296,0.09,1,61619,61187,432
2340381,2.6434,5.22663,428,113880,0.0511259,0.1,1,61621,61193,428
2343301,10.1287,2.64533,438,113880,0.0662252,0.12,1,61633,61195,438
2346221,3.62574,7.72907,431,113880,0.037245,0.12,1,61635,61204,431
2349141,2.32515,3.14581,431,113880,0.071449,0.12,1,61637,61206,431
2352061,2.06503,3.82916,429,113880,0.0462898,0.08,1,61639,61210,429
2354981,2.01301,2.36583,429,113880,0.00925796,0.15,1,61641,61212,429
2357901,2.0026,2.07317,429,113880,0.0658516,0.15,1,61643,61214,429
2360821,6.00052,2.01463,434,113880,0.14117,0.12,1,61650,61216,434
2363741,4.4001,5.20293,432,113880,0.156234,0.13,1,61654,61222,432
2366661,2.48002,5.84059,428,113880,0.127247,0.09,1,61656,61228,428
2369581,143.696,2.76812,605,113880,0.121449,0.11,1,61835,61230,605
2372501,95.1392,147.754,504,113880,0.0402899,0,1,61918,61414,504
2375421,30.2278,91.1507,441,113880,0.112058,0.17,1,61932,61491,441
2378341,14.8456,30.2301,437,113880,0.0464116,0.1,1,61943,61506,437
2381261,9.36911,15.646,433,113880,0.137282,0.06,1,61951,61518,433
2384181,3.47382,4.72921,433,113880,0.123456,0.09,1,61953,61520,433
2387101,6.29476,7.34584,432,113880,0.104691,0.2,1,61960,61528,432
2390021,3.65895,3.06917,433,113880,0.0849383,0.1,1,61963,61530,433
2392941,7.13179,7.81383,432,113880,0.120988,0.21,1,61971,61539,432
2395861,3.02636,3.16277,432,113880,0.144198,0.17,1,61973,61541,432
2398781,2.20527,2.23255,432,113880,0.14884,0.07,1,61975,61543,432
2401701,11.6411,4.44651,441,113880,0.125768,0.08,1,61989,61548,441
2404621,3.92821,13.6893,427,113880,0.0891536,0.04,1,61991,61564,427
2407541,2.38564,4.33786,427,113880,0.0498307,0,1,61993,61566,427
2410461,2.07713,2.46757,427,113880,0.0739661,0,1,61995,61568,427
2413381,2.01543,2.09351,427,113880,0.0467932,0,1,61997,61570,427
2416301,2.00309,2.0187,427,115340,0.00935865,0.1,1,61999,61572,427
2419221,3.60062,4.40374,426,115340,0.00987173,0.11,1,62003,61577,426
2422141,2.32012,2.48075,426,115340,0.00997435,0.1,1,62005,61579,426
2425061,7.66402,8.49615,425,115340,0.0979949,0.1,1,62014,61589,425
2427981,6.33281,3.29923,429,115340,0.099599,0.05,1,62020,61591,429
2430901,2.86656,2.25985,429,115340,0.0679198,0.1,1,62022,61593,429
2433821,2.17331,3.65197,427,115340,0.029584,0.08,1,62024,61597,427
2436741,2.03466,3.13039,426,115340,0.0299168,0.14,1,62026,61600,426
2439661,4.40693,4.62608,426,115340,0.181983,0.11,1,62031,61605,426
2442581,2.48139,4.12522,424,115340,0.212397,0.11,1,62033,61609,424
2445501,2.09628,2.42504,424,115340,0.218479,0.12,1,62035,61611,424
2448421,3.61926,2.08501,426,115340,0.187696,0.04,1,62039,61613,426
2451341,4.72385,5.217,425,115340,0.157539,0.05,1,62044,61619,425
2454261,2.54477,2.6434,425,115340,0.175508,0.07,1,62046,61621,425
2457181,10.909,10.1287,426,115340,0.187102,0.03,1,62059,61633,426
2460101,3.78179,3.62574,426,115340,0.14942,0.08,1,62061,61635,426
2463021,2.35636,2.32515,426,115340,0.109884,0.04,1,62063,61637,426
2465941,3.67127,2.06503,428,115340,0.0379768,0,1,62067,61639,428
2468861,2.33425,2.01301,428,115340,0.135595,0.08,1,62069,61641,428
2471781,2.06685,2.0026,428,115340,0.155119,0.16,1,62071,61643,428
2474701,3.61337,6.00052,425,115340,0.159024,0.16,1,62075,61650,425
2477621,3.92267,4.4001,425,115340,0.135805,0.12,1,62079,61654,425
2480541,2.38453,2.48002,425,115340,0.131161,0.12,1,62081,61656,425
2483461,141.277,143.696,422,115340,0.0262322,0.02,1,62257,61835,422
2486381,96.2554,95.1392,424,115340,0.0852464,0.13,1,62342,61918,424
2489301,28.8511,30.2278,422,115340,0.0250493,0.03,1,62354,61932,422
2492221,18.5702,14.8456,427,115340,0.0690099,0.16,1,62370,61943,427
2495141,9.31404,9.36911,426,115340,0.013802,0.12,1,62377,61951,426
2498061,5.06281,3.47382,428,115340,0.0267604,0.1,1,62381,61953,428
2500981,5.81256,6.29476,427,115340,0.0853521,0.08,1,62387,61960,427
2503901,5.96251,3.65895,430,115340,0.11307,0.13,1,62393,61963,430
2506821,5.9925,7.13179,428,115340,0.0546141,0.15,1,62399,61971,428
2509741,2.7985,3.02636,428,115340,0.138923,0.15,1,62401,61973,428
2512661,3.7597,2.20527,430,115340,0.123785,0.12,1,62405,61975,430
2515581,5.55194,11.6411,422,115340,0.0487569,0.08,1,62411,61989,422
2518501,2.71039,3.92821,422,115340,0.0337514,0.04,1,62413,61991,422
2521421,2.14208,2.38564,422,115340,0.0867503,0.08,1,62415,61993,422
2524341,2.02842,2.07713,422,115340,0.0973501,0.04,1,62417,61995,422
2527261,3.60568,2.01543,424,116800,0.04347,0.04,1,62421,61997,424
2530181,5.52114,0.403085,430,116800,0.120694,0,1,62427,61997,430
2533101,2.70423,1.68062,430,116800,0.152139,0.01,1,62429,61999,430
2536021,2.14085,3.53612,428,116800,0.126428,0.01,1,62431,62003,428
2538941,4.42817,2.30722,431,116800,0.0732855,0.12,1,62436,62005,431
2541861,5.68563,7.66145,428,116800,0.158657,0.1,1,62442,62014,428
2544781,9.13713,6.33229,432,116800,0.0557314,0.06,1,62452,62020,432
2547701,3.42743,2.86646,432,116800,0.0911463,0.02,1,62454,62022,432
2550621,2.28549,2.17329,432,116800,0.0662293,0.03,1,62456,62024,432
2553541,2.0571,2.03466,432,116800,0.0292459,0.22,1,62458,62026,432
2556461,2.01142,4.40693,429,116800,0.00584917,0.22,1,62460,62031,429
2559381,2.80228,2.48139,430,116800,0.0251698,0.22,1,62463,62033,430
2562301,2.96046,2.09628,431,116800,0.013034,0.18,1,62466,62035,431
2565221,3.79209,3.61926,431,116800,0.170607,0.15,1,62470,62039,431
2568141,2.35842,4.72385,428,116800,0.186121,0.18,1,62472,62044,428
2571061,13.2717,2.54477,442,116800,0.101224,0.19,1,62488,62046,442
2573981,4.25434,10.909,431,116800,0.0522449,0.14,1,62490,62059,431
2576901,2.45087,3.78179,431,116800,0.122449,0.1,1,62492,62061,431
2579821,2.09017,2.35636,431,116800,0.10449,0.02,1,62494,62063,431
2582741,2.01803,3.67127,429,116800,0.068898,0.16,1,62496,62067,429
2585661,2.00361,2.33425,429,116800,0.0297796,0.16,1,62498,62069,429
2588581,4.40072,2.06685,432,116800,0.0459559,0.16,1,62503,62071,432
2591501,4.08014,3.61337,432,116800,0.185191,0.13,1,62507,62075,432
2594421,2.41603,3.92267,430,116800,0.213038,0.13,1,62509,62079,430
2597341,140.483,2.38453,603,116800,0.0426076,0,1,62684,62081,603
2600261,91.2966,141.277,506,116800,0.136522,0.1,1,62763,62257,506
2603181,31.0593,96.2554,437,116800,0.0593043,0.01,1,62779,62342,437
2606101,15.8119,28.8511,437,116800,0.115861,0.08,1,62791,62354,437
2609021,11.9624,18.5702,432,116800,0.0711722,0,1,62802,62370,432
2611941,4.79247,9.31404,428,116800,0.0142344,0.03,1,62805,62377,428
2614861,4.95849,5.06281,429,116800,0.0748469,0.1,1,62810,62381,429
2617781,8.1917,5.81256,432,116800,0.0789694,0.12,1,62819,62387,432
2620701,3.23834,5.96251,428,116800,0.0797939,0.04,1,62821,62393,428
2623621,2.24767,5.9925,424,116800,0.0479588,0.16,1,62823,62399,424
2626541,6.84953,2.7985,430,116800,0.0175918,0.12,1,62831,62401,430
2629461,3.76991,3.7597,429,116800,0.147518,0.03,1,62834,62405,429
2632381,3.15398,5.55194,426,116800,0.133504,0.03,1,62837,62411,426
2635301,3.0308,2.71039,427,116800,0.0747007,0.1,1,62840,62413,427
2638221,4.60616,2.14208,430,116800,0.12694,0.1,1,62845,62415,430
2641141,2.52123,2.02842,430,118260,0.105388,0.03,1,62847,62417,430
2643681,2.10425,3.60568,428,118260,0.101078,0.14,1,62849,62421,428
2646601,6.82085,5.52114,430,118260,0.156216,0.16,1,62857,62427,430
2649521,2.96417,2.70423,430,118260,0.183243,0.12,1,62859,62429,430
2652441,2.19283,2.14085,430,118260,0.180649,0.06,1,62861,62431,430
2655361,2.03857,4.42817,427,118260,0.14013,0.18,1,62863,62436,427
2658281,3.60771,5.68563,425,118260,0.0840259,0.03,1,62867,62442,425
2661201,6.32154,9.13713,422,118260,0.176805,0.1,1,62874,62452,422
2664121,2.86431,3.42743,422,118260,0.163361,0.06,1,62876,62454,422
2667041,3.77286,2.28549,424,118260,0.152672,0.02,1,62880,62456,424
2669961,7.95457,2.0571,431,118260,0.126534,0,1,62889,62458,431
2672801,3.19091,2.01142,431,118260,0.121307,0.03,1,62891,62460,431
2675721,2.23818,2.80228,430,118260,0.0882614,0.01,1,62893,62463,430
2678641,2.04764,2.96046,429,118260,0.0416523,0.21,1,62895,62466,429
2681561,3.60953,3.79209,429,118260,0.00833046,0.19,1,62899,62470,429
2684481,3.12191,2.35842,430,118260,0.177666,0.08,1,62902,62472,430
2687401,7.82438,13.2717,423,118260,0.179533,0.04,1,62911,62488,423
2690321,3.16488,4.25434,423,118260,0.179907,0.14,1,62913,62490,423
2693241,2.23298,2.45087,423,118260,0.147981,0.1,1,62915,62492,423
2696161,2.0466,2.09017,423,118260,0.109596,0.06,1,62917,62494,423
2699081,9.20932,2.01803,432,118260,0.189919,0.02,1,62928,62496,432
2702001,3.44186,2.00361,432,118260,0.189984,0.05,1,62930,62498,432
2704921,2.28837,4.40072,429,118260,0.157997,0.22,1,62932,62503,429
2707841,2.05767,4.08014,427,118260,0.103599,0.22,1,62934,62507,427
2710761,2.01153,2.41603,427,118260,0.18072,0,1,62936,62509,427
2713681,139.602,140.483,426,118260,0.036144,0.16,1,63110,62684,426
2716601,92.7205,91.2966,428,118260,0.167229,0.04,1,63191,62763,428
2719521,30.5441,31.0593,427,118260,0.153446,0.13,1,63206,62779,427
2722441,12.5088,15.8119,423,118260,0.0786892,0.06,1,63214,62791,423
2725361,12.1018,11.9624,424,118260,0.0637378,0,1,63226,62802,424
2728281,4.02035,4.79247,423,118260,0.0927476,0.09,1,63228,62805,423
2731201,6.40407,4.95849,425,118260,0.0425495,0.08,1,63235,62810,425
2734121,6.08081,8.1917,422,118260,0.0885099,0.08,1,63241,62819,422
2737041,2.81616,3.23834,422,118260,0.065702,0.04,1,63243,62821,422
2739961,3.76323,2.24767,424,118260,0.0931404,0.01,1,63247,62823,424
2742881,6.35265,6.84953,423,118260,0.0586281,0.18,1,63254,62831,423
2745801,7.67053,3.76991,428,118260,0.0277256,0.13,1,63262,62834,428
2748721,3.13411,3.15398,427,118260,0.0855451,0.06,1,63264,62837,427
2751641,2.22682,3.0308,426,118260,0.097109,0.14,1,63266,62840,426
2754561,5.24536,4.60616,427,119720,0.0514218,0.14,1,63272,62845,427
2757481,5.04907,0.921232,432,119720,0.154284,0.1,1,63277,62845,432
2760401,2.60981,1.78425,432,119720,0.142857,0.1,1,63279,62847,432
2763321,2.12196,1.95685,432,119720,0.124571,0.17,1,63281,62849,432
2766241,2.02439,6.79137,426,119720,0.120914,0.19,1,63283,62857,426
2769161,6.80488,2.95827,432,119720,0.112183,0.18,1,63291,62859,432
2772081,2.96098,2.19165,432,119720,0.110437,0.13,1,63293,62861,432
2775001,2.9922,2.03833,433,119720,0.102087,0.07,1,63296,62863,433
2777921,2.99844,3.60767,432,119720,0.0524175,0.2,1,63299,62867,432
2780841,2.19969,6.32153,427,119720,0.0664835,0.16,1,63301,62874,427
2783761,3.63994,2.86431,429,119720,0.0772967,0.15,1,63305,62876,429
2786681,5.52799,3.77286,431,119720,0.0554593,0.12,1,63311,62880,431
2789601,9.1056,7.95457,432,119720,0.0590919,0.12,1,63321,62889,432
2792521,3.42112,3.19091,432,119720,0.0598184,0.08,1,63323,62891,432
2795441,2.28422,2.23818,432,119720,0.0359637,0.03,1,63325,62893,432
2798361,3.65684,2.04764,434,119720,0.0391927,0,1,63329,62895,434
2801281,2.33137,3.60953,432,119720,0.00783855,0.22,1,63331,62899,432
2804201,7.66627,3.12191,438,119720,0.0255677,0.18,1,63340,62902,438
2807121,3.93325,7.82438,432,119720,0.133114,0.18,1,63343,62911,432
2810041,2.38665,3.16488,432,119720,0.122623,0.14,1,63345,62913,432
2812961,2.07733,2.23298,432,119720,0.0885245,0.1,1,63347,62915,432
2815881,7.61547,2.0466,439,119720,0.129705,0.21,1,63356,62917,439
2818801,3.12309,9.20932,430,119720,0.129941,0.19,1,63358,62928,430
2821721,2.22462,3.44186,430,119720,0.0899882,0.15,1,63360,62930,430
2824641,2.84492,2.28837,431,119720,0.0339976,0.09,1,63363,62932,431
2827561,2.96898,2.05767,432,119720,0.0387995,0.2,1,63366,62934,432
2830481,132.594,2.01153,595,119720,0.0077599,0,1,63531,62936,595
2833401,95.3188,139.602,507,119720,0.097552,0.2,1,63617,63110,507
2836321,27.8638,92.7205,437,119720,0.14751,0.15,1,63628,63191,437
2839241,13.5727,30.5441,432,119720,0.0615021,0.06,1,63638,63206,432
2842161,10.7145,12.5088,434,119720,0.1163,0.06,1,63648,63214,434
2845081,3.74291,12.1018,424,119720,0.12726,0.1,1,63650,63226,424
2848001,6.34858,4.02035,429,119720,0.129452,0.03,1,63657,63228,429
2850921,6.06972,6.40407,428,119720,0.12989,0.1,1,63663,63235,428
2853841,2.81394,6.08081,424,119720,0.105978,0.06,1,63665,63241,424
2856761,3.76279,2.81616,426,119720,0.0691956,0.1,1,63669,63243,426
2859681,9.55256,3.76323,433,119720,0.141839,0.05,1,63680,63247,433
2862601,5.91051,6.35265,431,119720,0.0683678,0.02,1,63685,63254,431
2865521,5.9821,7.67053,429,119720,0.0456736,0.1,1,63691,63262,429
2868441,2.79642,3.13411,429,119720,0.0171347,0.1,1,63693,63264,429
2871361,2.15928,2.22682,429,121180,0.00342694,0.04,1,63695,63266,429
2874281,3.63186,5.24536,427,121180,0.144685,0.18,1,63699,63272,427
2877201,3.92637,5.04907,426,121180,0.140937,0.14,1,63703,63277,426
2880121,2.38527,2.60981,426,121180,0.156187,0.12,1,63705,63279,426
2883041,2.07705,2.12196,426,121180,0.159237,0.12,1,63707,63281,426
2885961,2.01541,2.02439,426,121180,0.191848,0.11,1,63709,63283,426
2888881,6.80308,6.80488,426,121180,0.21437,0.11,1,63717,63291,426
2891801,2.96062,2.96098,426,121180,0.218874,0.1,1,63719,63293,426
2894721,2.19212,2.9922,425,121180,0.195775,0.04,1,63721,63296,425
2897641,2.03842,2.99844,424,121180,0.159155,0.07,1,63723,63299,424
2900561,2.00768,2.19969,424,121180,0.143831,0.08,1,63725,63301,424
2903481,2.00154,3.63994,422,121180,0.108766,0.05,1,63727,63305,422
2906401,7.60031,5.52799,425,121180,0.197753,0.06,1,63736,63311,425
2909321,7.12006,9.1056,422,121180,0.167551,0.06,1,63743,63321,422
2912241,3.02401,3.42112,422,121180,0.13751,0.03,1,63745,63323,422
2915161,2.2048,2.28422,422,121180,0.139502,0.04,1,63747,63325,422
2918081,3.64096,3.65684,422,121180,0.0759004,0,1,63751,63329,422
2921001,2.32819,2.33137,422,121180,0.15918,0.03,1,63753,63331,422
2923921,10.8656,7.66627,426,121180,0.127836,0.16,1,63766,63340,426
2926841,5.37313,3.93325,427,121180,0.0735672,0.12,1,63770,63343,427
2929761,2.67463,2.38665,427,121180,0.0227134,0.08,1,63772,63345,427
2931761,1.33493,2.07733,426,121180,0.132543,0.14,1,63773,63347,426
2934681,5.86698,7.61547,424,121180,0.130509,0.13,1,63780,63356,424
2937601,2.7734,3.12309,424,121180,0.138102,0.08,1,63782,63358,424
2940521,2.15468,2.22462,424,121180,0.15562,0.02,1,63784,63360,424
2943441,2.03094,2.84492,423,121180,0.127124,0.04,1,63786,63363,423
2946361,2.00619,2.96898,422,121180,0.0974248,0,1,63788,63366,422
2949281,132.401,132.594,422,121180,0.051485,0.12,1,63953,63531,422
2952201,100.88,95.3188,429,121180,0.122297,0.16,1,64046,63617,429
2955121,24.976,27.8638,424,121180,0.136459,0.04,1,64052,63628,424
2958041,16.1952,13.5727,428,121180,0.0512919,0.13,1,64066,63638,428
2960961,11.239,10.7145,428,121180,0.0902584,0.13,1,64076,63648,428
2963881,3.84781,3.74291,428,121180,0.0980517,0.13,1,64078,63650,428
2966801,3.96956,6.34858,425,121180,0.10761,0.13,1,64082,63657,425
2969721,7.99391,6.06972,428,121180,0.133522,0.1,1,64091,63663,428
2972641,4.79878,2.81394,430,121180,0.114704,0.06,1,64095,63665,430
2975561,2.55976,3.76279,428,121180,0.126941,0.16,1,64097,63669,428
2978481,5.31195,9.55256,423,121180,0.0733882,0.05,1,64103,63680,423
2981401,4.26239,5.91051,422,121180,0.0386776,0.04,1,64107,63685,422
2984321,10.4525,5.9821,428,121180,0.119736,0.01,1,64119,63691,428
2987241,3.6905,2.79642,428,122640,0.103947,0.01,1,64121,63693,428
2990161,2.3381,0.559284,430,122640,0.0687894,0,1,64123,63693,430
2993081,6.06762,1.71186,435,122640,0.0537579,0.18,1,64130,63695,435
2994581,2.01352,3.54237,432,122640,0.0347516,0.14,1,64131,63699,432
2997501,2.0027,3.90847,430,122640,0.18295,0.16,1,64133,63703,430
3000421,3.60054,2.38169,432,122640,0.18059,0.16,1,64137,63705,432
3003341,3.12011,2.07634,433,122640,0.156118,0.2,1,64140,63707,433
3006021,2.22402,2.01527,433,122640,0.167224,0.22,1,64142,63709,433
3008941,2.0448,6.80305,427,122640,0.161445,0.22,1,64144,63717,427
3011861,2.00896,2.96061,427,122640,0.128289,0.19,1,64146,63719,427
3014781,3.60179,2.19212,429,122640,0.161658,0.15,1,64150,63721,429
3017461,5.52036,2.03842,433,122640,0.192332,0.14,1,64156,63723,433
3020381,2.70407,2.00768,433,122640,0.150466,0.1,1,64158,63725,433
3023301,2.14081,2.00154,433,122640,0.110093,0.22,1,64160,63727,433
3026221,3.62816,7.60031,428,122640,0.158019,0.16,1,64164,63736,428
3029141,8.72563,7.12006,431,122640,0.151604,0.13,1,64174,63743,431
3032061,3.34513,3.02401,431,122640,0.174321,0.14,1,64176,63745,431
3034981,2.26903,2.2048,431,122640,0.146864,0.06,1,64178,63747,431
3037901,2.05381,3.64096,429,122640,0.101373,0.18,1,64180,63751,429
3039921,1.21076,2.32819,428,122640,0.0762746,0.18,1,64181,63753,428
3042841,9.04215,5.26564,433,122640,0.199255,0.12,1,64192,63759,433
3045761,6.60843,6.65313,432,122640,0.191851,0.06,1,64198,63766,432
3048681,2.92169,4.53063,430,122640,0.15037,0.01,1,64200,63770,430
3051601,2.18434,2.50613,430,122640,0.110074,0.13,1,64202,63772,430
3054521,2.03687,6.90123,424,122640,0.190015,0.14,1,64204,63780,424
3057441,3.60737,2.98024,426,122640,0.134003,0.16,1,64208,63782,426
3060361,4.72147,2.19605,429,122640,0.194801,0.16,1,64213,63784,429
3062181,1.74429,0.43921,430,122640,0.19096,0.09,1,64214,63784,430
3065101,1.94886,3.28784,428,122640,0.190192,0.09,1,64216,63788,428
3068021,126.79,0.657568,586,122640,0.0380384,0.04,1,64374,63788,586
3070941,103.758,132.132,519,122640,0.103608,0.14,1,64472,63953,519
3073861,23.9516,100.826,430,122640,0.116722,0.14,1,64476,64046,430
3076781,16.7903,24.9653,439,122640,0.0473443,0.03,1,64491,64052,439
3079701,14.5581,16.1931,439,122640,0.00946886,0.1,1,64505,64066,439
3082621,4.51161,11.2386,431,122640,0.121894,0.1,1,64507,64076,431
3085541,2.50232,3.84772,431,122640,0.120379,0.11,1,64509,64078,431
3088461,5.30046,3.96954,433,122640,0.0720758,0.14,1,64515,64082,433
3091381,2.66009,7.99391,426,122640,0.0624152,0.11,1,64517,64091,426
3094301,2.13202,4.79878,424,122640,0.108483,0.13,1,64519,64095,424
3097221,8.4264,2.55976,432,122640,0.0376966,0.06,1,64529,64097,432
3100141,3.28528,5.31195,428,122640,0.0795393,0.03,1,64531,64103,428
3103061,7.85706,4.26239,433,122640,0.0479079,0.14,1,64540,64107,433
3105981,3.17141,10.4525,423,124100,0.0415816,0.1,1,64542,64119,423
3108901,3.83428,3.6905,425,124100,0.00831631,0.06,1,64546,64121,425
3111821,7.96686,2.3381,432,124100,0.113663,0.05,1,64555,64123,432
3114741,4.79337,6.06762,429,124100,0.110733,0.03,1,64559,64130,429
3117661,2.55867,2.01352,430,124100,0.134147,0.22,1,64561,64131,430
3120581,5.31174,2.0027,434,124100,0.162829,0.18,1,64567,64133,434
3122501,1.86235,3.60054,431,124100,0.152566,0.15,1,64568,64137,431
3125421,1.97247,3.12011,430,124100,0.158513,0.17,1,64570,64140,430
3128341,1.99449,2.22402,430,124100,0.159703,0.16,1,64572,64142,430
3131261,1.9989,2.0448,430,124100,0.127941,0.16,1,64574,64144,430
3132901,1.99978,0.408961,432,124100,0.129588,0.21,1,64576,64144,432
3135821,3.59996,5.68179,429,124100,0.0979176,0.21,1,64580,64151,429
3138741,3.11999,1.13636,432,124100,0.139584,0.14,1,64583,64151,432
3141661,2.224,5.82727,427,124100,0.147917,0.1,1,64585,64158,427
3144581,3.6448,2.76545,429,124100,0.157583,0.17,1,64589,64160,429
3147501,3.92896,3.75309,429,124100,0.127517,0.15,1,64593,64164,429
3150421,9.58579,8.75062,430,124100,0.137503,0.18,1,64604,64174,430
3153341,3.51716,3.35012,430,124100,0.115501,0.14,1,64606,64176,430
3156261,2.30343,2.27002,430,124100,0.0791001,0.14,1,64608,64178,430
3157861,1.26069,0.454005,431,124100,0.05582,0.09,1,64609,64178,431
3160781,1.85214,1.6908,431,124100,0.123164,0.07,1,64611,64180,431
3163701,5.17043,1.13816,436,124100,0.0966328,0.23,1,64617,64181,436
3166621,7.43409,9.02763,433,124100,0.147327,0.19,1,64625,64192,433
3169541,3.88682,6.60553,430,124100,0.173465,0.14,1,64628,64198,430
3172461,4.77736,2.92111,433,124100,0.138693,0.1,1,64633,64200,433
3175381,2.55547,2.18422,433,124100,0.107739,0.21,1,64635,64202,433
3177621,2.11109,2.03684,433,124100,0.101548,0.23,1,64637,64204,433
3180541,2.02222,6.80737,427,124100,0.22831,0.21,1,64639,64212,427
3183461,2.80444,2.16147,429,124100,0.205662,0.19,1,64642,64213,429
3186381,4.56089,2.83229,431,124100,0.249132,0.19,1,64647,64216,431
3189061,119.312,0.566459,579,124100,0.0498265,0,1,64795,64216,579
3191981,107.062,126.513,525,124100,0.0259653,0.12,1,64899,64374,525
3194901,23.0125,103.703,429,124100,0.117193,0.12,1,64901,64472,429
3197821,14.2025,23.9405,437,124100,0.0794386,0.03,1,64913,64476,437
3200741,15.6405,16.7881,438,124100,0.0958877,0,1,64929,64491,438
3203661,4.7281,14.5576,426,124100,0.0671775,0.15,1,64931,64505,426
3206581,4.94562,4.51152,429,124100,0.0134355,0.12,1,64936,64507,429
3208821,4.18912,2.5023,431,124100,0.146687,0.12,1,64940,64509,431
3211741,2.43782,8.50046,423,124100,0.173337,0.12,1,64942,64519,423
3214661,2.08756,1.70009,425,124100,0.146667,0.12,1,64944,64519,425
3217581,6.01751,0.340018,432,124100,0.149333,0.02,1,64951,64519,432
3220501,2.8035,8.068,424,124100,0.141867,0.09,1,64953,64529,424
3223381,12.5607,3.2136,437,124100,0.148373,0.04,1,64968,64531,437
3226301,4.11214,7.84272,430,124100,0.117675,0.04,1,64970,64540,430
3229221,2.42243,3.16854,430,124100,0.0795349,0,1,64972,64542,430
3232141,2.08449,3.83371,428,124100,0.039907,0.14,1,64974,64546,428
3235061,5.2169,7.96674,425,124100,0.103981,0.11,1,64980,64555,425
3237981,7.44338,4.79335,429,124100,0.0767963,0.14,1,64988,64559,429
3240901,3.08868,2.55867,429,124100,0.0473593,0.17,1,64990,64561,429
3242721,3.81774,5.31173,427,124100,0.0494719,0.16,1,64994,64567,427
3245641,2.36355,5.06235,424,124100,0.0178944,0.16,1,64996,64572,424
3248561,2.07271,1.01247,426,124100,0.147579,0.16,1,64998,64572,426
3251481,2.01454,0.202494,428,124100,0.173516,0.12,1,65000,64572,428
3254401,2.00291,1.6405,428,124100,0.178703,0.13,1,65002,64574,428
3257321,5.20058,1.9281,432,124100,0.131741,0.09,1,65008,64576,432
3260241,3.44012,3.58562,431,124100,0.0983481,0.15,1,65011,64580,431
3262901,4.68802,3.11712,433,124100,0.14767,0.15,1,65016,64583,433
3265821,2.5376,2.22342,433,124100,0.125534,0.16,1,65018,64585,433
3268741,2.10752,3.64468,431,124100,0.121107,0.12,1,65020,64589,431
3271661,7.6215,3.92894,436,124100,0.112221,0.14,1,65029,64593,436
3274581,3.1243,9.58579,427,124100,0.166444,0.11,1,65031,64604,427
3276421,1.42486,3.51716,426,124100,0.169289,0.07,1,65032,64606,426
3279341,1.88497,2.30343,426,124100,0.137858,0.05,1,65034,64608,426
3282261,6.77699,1.26069,433,124100,0.187572,0.14,1,65042,64609,433
3284321,2.9554,1.85214,433,124100,0.181514,0.22,1,65044,64611,433
3287241,5.39108,9.17043,428,124100,0.100303,0.16,1,65050,64622,428
3290161,2.67822,4.23409,427,124100,0.0680606,0.18,1,65052,64625,427
3293081,3.73564,3.24682,428,124100,0.0776121,0.13,1,65056,64628,428
3294721,5.54713,4.64936,429,124100,0.143522,0.11,1,65062,64633,429
3297641,2.70943,1.72987,430,124100,0.156704,0.1,1,65064,64634,430
3300561,5.34189,1.14597,435,124100,0.0873409,0.26,1,65070,64635,435
3303041,2.66838,3.42919,433,124100,0.0414682,0.23,1,65072,64639,433
3305961,3.73368,5.48584,431,124100,0.00829364,0.23,1,65076,64645,431
3308881,2.34674,1.09717,433,124100,0.145659,0.26,1,65078,64645,433
3311801,110.869,1.81943,569,124100,0.0291317,0.02,1,65216,64647,569
3314721,108.574,201.964,425,124100,0.0858264,0.14,1,65324,64899,425
3317641,23.3148,41.9928,425,124100,0.0651653,0.07,1,65326,64901,425
3320561,11.863,17.9986,422,124100,0.125033,0.1,1,65335,64913,422
3323481,21.5726,16.3997,430,124100,0.0890066,0.06,1,65359,64929,430
3326401,5.91452,4.87994,430,124100,0.0498013,0,1,65361,64931,430
3328001,1.9829,4.97599,426,124100,0.0259603,0.16,1,65362,64936,426
3330921,3.59658,2.5952,428,124100,0.0211921,0.18,1,65366,64938,428
3333841,2.31932,2.11904,428,124100,0.00423841,0.18,1,65368,64940,428
3336761,7.66386,2.02381,435,124100,0.000847682,0.14,1,65377,64942,435
3339681,3.13277,2.00476,435,124100,0.0961695,0.15,1,65379,64944,435
3342601,2.22655,6.00095,430,124100,0.123234,0.14,1,65381,64951,430
3345521,11.6453,2.80019,442,124100,0.128647,0.15,1,65395,64953,442
3348441,3.92906,12.56,429,124100,0.0977294,0.11,1,65397,64968,429
3350881,2.38581,4.11201,429,124100,0.0835459,0.12,1,65399,64970,429
3353801,3.67716,8.8224,423,124100,0.120709,0.12,1,65403,64980,423
3356721,2.33543,1.76448,425,124100,0.0961418,0.12,1,65405,64980,425
3359641,10.0671,0.352896,437,124100,0.227228,0.07,1,65417,64980,437
3362561,3.61342,6.47058,431,124100,0.221446,0.04,1,65419,64988,431
3365481,2.32268,2.89412,431,124100,0.188289,0.01,1,65421,64990,431
3368401,2.06454,5.37882,427,124100,0.149658,0.01,1,65423,64996,427
3370021,2.81291,1.07576,430,124100,0.0939316,0.2,1,65426,64996,430
3372941,2.16258,4.21515,427,124100,0.0747863,0.2,1,65428,65001,427
3375861,2.03252,0.843031,429,124100,0.0709573,0.18,1,65430,65001,429
3378781,3.6065,0.968606,432,124100,0.182191,0.12,1,65434,65002,432
3381701,2.3213,4.99372,428,124100,0.164438,0.09,1,65436,65008,428
3384621,5.26426,3.39874,431,124100,0.192888,0.16,1,65442,65011,431
3387541,2.65285,4.67975,428,124100,0.182578,0.12,1,65444,65016,428
3389781,2.93057,2.53595,429,124100,0.156516,0.12,1,65447,65018,429
3392701,2.98611,2.10719,430,124100,0.103303,0.11,1,65450,65020,430
3395621,2.19722,7.62144,423,124100,0.108661,0.18,1,65452,65029,423
3398541,7.63944,3.12429,430,124100,0.205732,0.17,1,65461,65031,430
3401461,3.12789,1.42486,431,124100,0.225146,0.13,1,65463,65032,431
3403301,1.42558,1.88497,430,124100,0.205029,0.2,1,65464,65034,430
3406221,1.88512,6.77699,424,124100,0.169006,0.18,1,65466,65042,424
3409141,5.17702,2.9554,428,124100,0.217801,0.08,1,65472,65044,428
3411621,7.4354,5.39108,430,124100,0.20356,0.06,1,65480,65050,430
3414541,3.08708,2.67822,430,124100,0.160712,0.08,1,65482,65052,430
3417441,2.21742,3.73564,428,124100,0.176142,0.14,1,65484,65056,428
3420361,6.04348,9.54713,424,124100,0.115228,0.07,1,65491,65067,424
3423281,6.8087,4.30943,428,124100,0.175046,0.03,1,65498,65070,428
3426201,4.56174,2.46189,430,124100,0.123009,0,1,65502,65072,430
3427841,4.11235,3.69238,430,124100,0.0726018,0.17,1,65506,65076,430
3430761,3.22247,3.13848,430,124100,0.0385204,0.17,1,65509,65079,430
3433681,103.044,0.627695,558,124100,0.0877041,0,1,65637,65079,558
3436601,111.809,109.726,535,124100,0.129541,0.1,1,65751,65216,535
3439521,23.9618,108.345,429,124100,0.105908,0.06,1,65753,65324,429
3442441,9.59236,23.269,433,124100,0.0291816,0.14,1,65759,65326,433
3445361,18.7185,11.8538,445,124100,0.00583633,0.08,1,65780,65335,445
3448281,5.34369,21.5708,423,124100,0.00116727,0.04,1,65782,65359,423
3450721,2.66874,5.91415,423,124100,0.000233453,0,1,65784,65361,423
3453641,14.9337,12.3828,427,124100,4.66906e-05,0,1,65802,65375,427
3456561,4.58675,2.47657,429,124100,9.33812e-06,0,1,65804,65375,429
3459481,2.51735,2.09531,429,124100,1.86762e-06,0.12,1,65806,65377,429
3462401,3.70347,2.01906,431,124100,3.73525e-07,0.13,1,65810,65379,431
3464241,1.54069,2.00381,430,124100,7.47049e-08,0.17,1,65811,65381,430
3467161,8.30814,5.20076,434,124100,0.136,0.13,1,65821,65387,434
3470081,3.26163,7.44015,428,125560,0.1312,0.09,1,65823,65395,428
3473001,2.25233,3.08803,428,125560,0.09824,0.08,1,65825,65397,428
3475061,2.05047,2.21761,428,125560,0.179648,0.13,1,65827,65399,428
3477981,9.21009,3.64352,435,125560,0.21193,0.09,1,65838,65403,435
3480901,3.44202,2.3287,435,125560,0.186386,0.26,1,65840,65405,435
3483821,2.2884,10.0657,425,125560,0.221277,0.22,1,65842,65417,425
3486741,2.05768,3.61315,425,125560,0.188255,0.18,1,65844,65419,425
3488581,8.41154,2.32263,433,125560,0.221651,0.07,1,65854,65421,433
3491501,3.28231,6.06453,428,125560,0.19633,0.07,1,65856,65428,428
3494421,2.25646,1.21291,430,125560,0.159266,0.07,1,65858,65428,430
3497341,2.05129,0.242581,432,125560,0.119853,0.07,1,65860,65428,432
3500261,3.61026,1.64852,434,125560,0.119971,0.21,1,65864,65430,434
3502101,1.52205,3.5297,431,125560,0.119994,0.24,1,65865,65434,431
3505021,1.90441,5.50594,427,125560,0.111999,0.2,1,65867,65440,427
3507941,1.98088,2.70119,427,125560,0.0863998,0.18,1,65869,65442,427
3510861,3.59618,2.14024,429,125560,0.21728,0.15,1,65873,65444,429
3513541,5.51924,2.82805,432,125560,0.251456,0.09,1,65879,65447,432
3516461,4.30385,2.96561,433,125560,0.186291,0.11,1,65883,65450,433
3519381,2.46077,2.19312,433,125560,0.141258,0.23,1,65885,65452,433
3522301,6.89215,7.63862,432,125560,0.204252,0.23,1,65893,65461,432
3525221,2.97843,3.12772,432,125560,0.22485,0.2,1,65895,65463,432
3528101,2.19569,1.42554,433,125560,0.19697,0.16,1,65897,65464,433
3531021,3.63914,1.88511,435,125560,0.127394,0.23,1,65901,65466,435
3533941,3.92783,5.17702,433,125560,0.121479,0.2,1,65905,65472,433
3536861,2.38557,7.4354,427,125560,0.240296,0.15,1,65907,65480,427
3539781,7.67711,3.08708,434,125560,0.216059,0.18,1,65916,65482,434
3541621,2.33542,2.21742,433,125560,0.219212,0.26,1,65917,65484,433
3544541,2.06708,8.44348,425,125560,0.227842,0.19,1,65919,65494,425
3547461,3.61342,4.8887,425,125560,0.181568,0.11,1,65923,65498,425
3550381,9.52268,4.17774,432,125560,0.196314,0.06,1,65934,65502,432
3552021,2.70454,4.03555,429,125560,0.175263,0.03,1,65935,65506,429
3554941,98.9409,3.20711,549,125560,0.0350525,0.1,1,66058,65509,549
3557861,118.188,103.041,544,125560,0.199011,0.14,1,66181,65637,544
3560781,25.2376,111.808,432,125560,0.199802,0.1,1,66183,65751,432
3563701,6.64753,23.9617,432,125560,0.23996,0.01,1,66185,65753,432
3566621,14.1295,9.59233,442,125560,0.183992,0,1,66201,65759,442
3569541,4.4259,18.7185,423,125560,0.148798,0,1,66203,65780,423
3572461,2.48518,5.34369,423,125560,0.10976,0,1,66205,65782,423
3574901,14.897,2.66874,439,125560,0.101952,0,1,66223,65784,439
3577821,6.17941,14.9337,425,125560,0.0443904,0,1,66227,65802,425
3580741,10.0359,4.58675,434,125560,0.0328781,0,1,66238,65804,434
3583221,6.80718,2.51735,438,125560,0.00657562,0.27,1,66244,65806,438
3586141,2.96144,8.50347,430,125560,0.00131512,0.27,1,66246,65816,430
3589061,2.99229,1.70069,433,125560,0.128263,0.17,1,66249,65816,433
3591981,2.99846,4.34014,431,125560,0.129653,0.13,1,66252,65821,431
3594901,2.19969,2.46803,431,125560,0.0979305,0.13,1,66254,65823,431
3596741,5.23994,0.493606,437,125560,0.123586,0.23,1,66260,65823,437
3599661,3.44799,6.49872,432,125560,0.184717,0.22,1,66263,65831,432
3602581,3.8896,6.89974,429,125560,0.124943,0.18,1,66267,65838,429
3605501,7.17792,2.97995,435,125560,0.160989,0.18,1,66275,65840,435
3607141,2.23558,0.59599,436,125560,0.152198,0.31,1,66276,65840,436
3610061,2.04712,8.1192,428,125560,0.16644,0.31,1,66278,65850,428
3612981,2.00942,1.62384,430,125560,0.137288,0.19,1,66280,65850,430
3615901,2.00188,5.12477,426,125560,0.0914576,0.15,1,66282,65856,426
3618581,9.20038,2.62495,435,125560,0.106292,0.17,1,66293,65858,435
3621501,3.44008,2.92499,434,125560,0.149258,0.12,1,66295,65861,434
3624421,2.28802,2.985,433,125560,0.125852,0.12,1,66297,65864,433
3627341,2.0576,1.397,434,125560,0.13717,0.12,1,66299,65865,434
3628981,2.81152,0.2794,437,125560,0.0914341,0.29,1,66302,65865,437
3631901,2.1623,8.85588,428,125560,0.0822868,0.29,1,66304,65876,428
3634821,2.03246,1.77118,430,125560,0.0724574,0.29,1,66306,65876,430
3637741,2.00649,0.354235,432,125560,0.134491,0.17,1,66308,65876,432
3640661,6.8013,5.67085,433,125560,0.154898,0.17,1,66316,65883,433
3642501,2.16026,1.13417,434,125560,0.15098,0.25,1,66317,65883,434
3645421,2.03205,6.62683,428,125560,0.198196,0.22,1,66319,65891,428
3648341,2.80641,2.92537,429,125560,0.159639,0.23,1,66322,65893,429
3650401,2.96128,2.18507,430,125560,0.199928,0.19,1,66325,65895,430
3653321,6.19226,2.03701,435,125560,0.159986,0.11,1,66332,65897,435
3655601,2.83845,3.6074,433,125560,0.183997,0.12,1,66334,65901,433
3658521,2.16769,3.92148,431,125560,0.172799,0.27,1,66336,65905,431
3661441,3.63354,2.3843,433,125560,0.13856,0.27,1,66340,65907,433
3663301,3.92671,0.476859,437,125560,0.171712,0.21,1,66344,65907,437
3666221,7.18534,7.29537,436,125560,0.130342,0.22,1,66352,65916,436
3668501,3.03707,2.25907,437,125560,0.154068,0.32,1,66354,65917,437
3671421,2.20741,8.45181,429,125560,0.150814,0.32,1,66356,65927,429
3674341,6.84148,1.69036,437,125560,0.110163,0.2,1,66364,65927,437
3677261,2.9683,5.93807,432,125560,0.198033,0,1,66366,65934,432
3680181,98.1937,100.388,430,125560,0.0636065,0.24,1,66488,66058,430
3683101,117.239,118.478,429,125560,0.220721,0.2,1,66610,66181,429
3685761,25.0477,25.2955,429,125560,0.252144,0.11,1,66612,66183,429
3688681,17.0095,15.4591,431,125560,0.186429,0.17,1,66627,66196,431
3691601,5.00191,7.09182,428,125560,0.141286,0.14,1,66629,66201,428
3694081,2.60038,3.01836,428,125560,0.188257,0.13,1,66631,66203,428
3697001,6.12008,6.20367,428,125560,0.133651,0.1,1,66638,66210,428
3699921,6.82402,11.6407,422,125560,0.14673,0.03,1,66645,66223,422
3702841,4.5648,5.52815,422,125560,0.125346,0.03,1,66649,66227,422
3705761,14.513,9.90563,428,125560,0.0570692,0,1,66666,66238,428
3708641,6.10259,6.78113,426,125560,0.0114138,0.14,1,66670,66244,426
3711561,2.82052,3.75623,425,125560,0.00228277,0.16,1,66672,66247,425
3714481,3.7641,2.35125,427,125560,0.000456554,0.13,1,66676,66249,427
3716961,3.15282,2.87025,427,125560,0.112091,0.22,1,66679,66252,427
3719881,5.43056,8.57405,423,125560,0.0624183,0.22,1,66685,66262,423
3722801,3.48611,1.71481,426,125560,0.0124837,0.2,1,66688,66262,426
3725721,6.29722,1.14296,432,125560,0.0264967,0.11,1,66695,66263,432
3727361,2.05944,3.42859,429,125560,0.0612993,0.17,1,66696,66267,429
3730281,7.61189,7.08572,430,125560,0.0442599,0.15,1,66705,66275,430
3733201,3.12238,2.21714,431,125560,0.064852,0.17,1,66707,66276,431
3735061,1.42448,2.04343,430,125560,0.10897,0.2,1,66708,66278,430
3737981,1.8849,5.20869,426,125560,0.0857941,0.2,1,66710,66284,426
3740901,1.97698,1.04174,428,125560,0.0491588,0.11,1,66712,66284,428
3743821,5.1954,7.40835,425,125560,0.129832,0.16,1,66718,66293,425
3746081,2.63908,3.08167,425,125560,0.137966,0.16,1,66720,66295,425
3749001,6.92782,3.01633,430,125560,0.115593,0.14,1,66728,66298,430
3751921,2.98556,1.40327,431,125560,0.111119,0.08,1,66730,66299,431
3754841,2.99711,2.68065,431,125560,0.118224,0.08,1,66733,66302,431
3756901,2.99942,2.13613,432,125560,0.0956447,0.17,1,66736,66304,432
3759821,2.19988,2.82723,431,125560,0.0671289,0.15,1,66738,66307,431
3762741,2.03998,1.36545,432,125560,0.0614258,0.16,1,66740,66308,432
3765661,6.808,6.67309,432,125560,0.148285,0.15,1,66748,66316,432
3767921,2.9616,2.13462,433,125560,0.165657,0.15,1,66750,66317,433
3770841,2.19232,4.42692,430,125560,0.177131,0.15,1,66752,66322,430
3773761,2.03846,0.885385,432,125560,0.155426,0.21,1,66754,66322,432
3776241,8.40769,2.57708,439,125560,0.159085,0.19,1,66764,66325,439
3779161,3.28154,7.71542,432,125560,0.135817,0.19,1,66766,66334,432
3782081,2.25631,1.54308,434,125560,0.0991634,0.17,1,66768,66334,434
3784981,3.65126,1.90862,436,125560,0.0598327,0.2,1,66772,66336,436
3787901,2.33025,5.98172,431,125560,0.0199665,0.12,1,66774,66343,431
3790821,3.66605,8.39634,426,125560,0.147993,0.16,1,66778,66352,426
3793301,7.93321,3.27927,433,125560,0.117599,0.16,1,66787,66354,433
3796221,3.18664,3.85585,431,125560,0.15152,0.1,1,66789,66358,431
3799141,3.83733,5.57117,429,125560,0.126304,0.22,1,66793,66364,429
3802061,5.56747,2.71423,433,125560,0.0732608,0.22,1,66799,66366,433
3803701,91.5135,0.542847,546,125560,0.182652,0.03,1,66912,66366,546
3806621,118.303,97.7086,549,125560,0.0365304,0.26,1,67037,66488,549
3809541,30.0605,117.142,435,125560,0.151306,0.26,1,67045,66610,435
3812021,12.4121,25.0283,441,125560,0.142261,0.17,1,67053,66612,441
3814941,4.08242,17.0057,428,125560,0.196452,0.13,1,67055,66627,428
3816801,1.61648,5.00113,427,125560,0.22329,0.14,1,67056,66629,427
3819721,6.7233,7.40023,427,125560,0.188658,0.12,1,67064,66637,427
3822641,2.94466,2.28005,428,125560,0.181732,0.15,1,67066,66638,428
3825121,2.18893,6.05601,423,125560,0.164346,0.12,1,67068,66645,423
3828041,8.43779,4.4112,429,125560,0.200869,0.04,1,67078,66649,429
3830961,11.2876,14.4822,424,125560,0.200174,0,1,67090,66666,424
3833441,7.85751,6.09645,427,125560,0.0800348,0.17,1,67097,66670,427
3836361,5.5715,7.61929,424,127020,0.024007,0.17,1,67102,66678,424
3839281,2.7143,1.52386,426,127020,0.00480139,0.14,1,67104,66678,426
3842201,2.14286,1.10477,427,127020,0.0809603,0.05,1,67106,66679,427
3844881,2.82857,5.02095,424,127020,0.0881921,0.07,1,67109,66685,424
3847801,6.96571,7.40419,424,127020,0.0336384,0.03,1,67117,66693,424
3850721,2.99314,3.08084,424,127020,0.00672768,0.07,1,67119,66695,424
3853201,11.7986,1.41617,437,127020,0.0493455,0.09,1,67133,66696,437
3856121,3.95973,8.28323,429,127020,0.0178691,0.07,1,67135,66706,429
3859041,2.39195,2.45665,430,127020,0.00357382,0.12,1,67137,66707,430
3861941,2.07839,1.29133,431,127020,0.112715,0.04,1,67139,66708,431
3864861,2.01568,3.45827,429,127020,0.094543,0.04,1,67141,66712,429
3867781,3.60314,0.691653,433,127020,0.0509086,0.15,1,67145,66712,433
3870261,5.52063,4.93833,433,127020,0.0421817,0.11,1,67151,66718,433
3873181,2.70413,8.98767,425,127020,0.0644363,0.11,1,67153,66728,425
3876101,2.14083,3.39753,425,127020,0.0448873,0.11,1,67155,66730,425
3878581,8.42816,0.679507,435,127020,0.0569775,0.08,1,67165,66730,435
3881501,3.28563,5.7359,430,127020,0.0273955,0.06,1,67167,66737,430
3884421,2.25713,1.94718,431,127020,0.0294791,0.06,1,67169,66738,431
3887341,2.05143,1.98944,431,127020,0.0698958,0.06,1,67171,66740,431
3888981,4.41029,0.397887,436,127020,0.0379792,0.17,1,67176,66740,436
3891901,2.48206,6.47958,430,127020,0.0235958,0.17,1,67178,66748,430
3893761,1.29641,2.89592,429,127020,0.00471917,0.17,1,67179,66750,429
3896681,3.45928,9.37918,422,127020,0.0329438,0.17,1,67183,66761,422
3899601,3.09186,1.87584,425,127020,0.0625888,0.16,1,67186,66761,425
3902521,7.01837,2.77517,430,127020,0.0525178,0.13,1,67194,66764,430
3904161,2.20367,2.15503,429,127020,0.0345035,0.07,1,67195,66766,429
3907081,2.04073,2.83101,428,127020,0.0949007,0.05,1,67197,66769,428
3910001,3.60815,2.9662,429,127020,0.11498,0.01,1,67201,66772,429
3912481,2.32163,2.19324,429,127020,0.086996,0.18,1,67203,66774,429
3915401,3.66433,3.63865,429,127020,0.0173992,0.11,1,67207,66778,429
3918321,4.73287,7.92773,425,127020,0.11548,0.16,1,67212,66787,425
3921241,2.54657,3.18555,425,127020,0.135096,0.12,1,67214,66789,425
3923301,9.30931,3.83711,432,127020,0.115019,0.05,1,67225,66793,432
3926221,3.46186,7.96742,425,127020,0.111004,0.21,1,67227,66802,425
3929141,86.2924,89.5935,422,127020,0.0462008,0,1,67334,66912,422
3932061,126.058,117.919,433,127020,0.00924015,0.18,1,67470,67037,433
3934321,31.6117,29.9837,433,127020,0.129848,0.14,1,67478,67045,433
3937241,11.1223,12.3967,431,127020,0.11397,0.21,1,67484,67053,431
3940161,3.82447,4.07935,431,127020,0.166794,0.23,1,67486,67055,431
3942021,1.56489,1.61587,431,127020,0.161359,0.18,1,67487,67056,431
3944941,3.51298,6.72317,427,127020,0.120272,0.18,1,67491,67064,427
3947841,7.1026,2.94463,433,127020,0.144054,0.21,1,67499,67066,433
3950761,8.62052,10.1889,430,127020,0.0768109,0.21,1,67508,67078,430
3953681,4.1241,2.03779,433,127020,0.111362,0.2,1,67511,67078,433
3956601,9.62482,10.0076,432,127020,0.174272,0.05,1,67522,67090,432
3958241,2.72496,7.60151,426,128480,0.170854,0.01,1,67523,67097,426
3961161,2.14499,3.1203,426,128480,0.138171,0.01,1,67525,67099,426
3964081,2.029,3.02406,425,128480,0.123634,0,1,67527,67102,425
3965941,6.8058,2.20481,431,128480,0.0647268,0.08,1,67535,67104,431
3968861,2.96116,7.64096,424,128480,0.0289454,0.08,1,67537,67113,424
3971781,2.19223,1.52819,426,128480,0.0697891,0.02,1,67539,67113,426
3974701,3.63845,3.50564,426,128480,0.0859578,0,1,67543,67117,426
3977381,5.52769,2.30113,430,128480,0.0331916,0.06,1,67549,67119,430
3980301,8.30554,11.6602,425,128480,0.0626383,0.01,1,67558,67133,425
3982581,3.26111,3.93204,425,128480,0.0765277,0,1,67560,67135,425
3985501,2.25222,2.38641,425,128480,0.0473055,0.14,1,67562,67137,425
3987781,5.25044,2.07728,429,128480,0.0574611,0.07,1,67568,67139,429
3990701,2.65009,6.01546,424,128480,0.0674922,0.07,1,67570,67146,424
3993621,2.13002,1.20309,426,128480,0.101498,0.04,1,67572,67146,426
3996541,3.626,4.24062,425,128480,0.1003,0.07,1,67576,67151,425
3998801,2.3252,2.44812,425,128480,0.0760599,0.14,1,67578,67153,425
4001721,2.06504,4.48962,422,128480,0.055212,0.06,1,67580,67158,422
4004641,6.01301,6.49792,422,128480,0.115042,0.02,1,67587,67165,422
4007121,2.8026,2.89958,422,128480,0.127008,0.04,1,67589,67167,422
4010041,6.96052,5.37992,424,128480,0.0254017,0.04,1,67597,67173,424
4012961,2.9921,1.07598,426,128480,0.00508034,0.03,1,67599,67173,426
4015881,2.19842,2.6152,425,128480,0.0970161,0.02,1,67601,67176,425
4017521,4.43968,2.12304,428,128480,0.155403,0.07,1,67606,67178,428
4020441,2.48794,6.82461,422,128480,0.127081,0.07,1,67608,67186,422
4023361,2.09759,1.36492,424,128480,0.145416,0.07,1,67610,67186,424
4026281,2.01952,0.272984,426,128480,0.117083,0.05,1,67612,67186,426
4028341,10.0039,6.4546,430,128480,0.111417,0.14,1,67624,67194,430
4031261,3.60078,6.09092,426,128480,0.0862833,0.14,1,67626,67200,426
4034181,2.32016,1.21818,428,128480,0.113257,0.12,1,67628,67200,428
4037101,2.06403,1.04364,429,128480,0.158651,0.08,1,67630,67201,429
4038741,2.81281,1.80873,430,128480,0.12773,0,1,67633,67203,430
4041661,2.16256,3.56175,428,128480,0.105546,0.14,1,67635,67207,428
4043521,2.03251,4.71235,425,128480,0.0771092,0.15,1,67637,67212,425
4046441,6.0065,5.74247,426,128480,0.151422,0.15,1,67644,67218,426
4049361,4.4013,1.14849,430,128480,0.134284,0.11,1,67648,67218,430
4051841,2.48026,7.4297,423,128480,0.0988569,0.03,1,67650,67227,423
4054761,88.4961,87.0859,426,128480,0.203771,0,1,67760,67334,426
4057681,128.899,126.217,429,128480,0.0407543,0.16,1,67899,67470,429
4060161,32.1798,31.6434,429,128480,0.168151,0.11,1,67907,67478,429
4063081,8.03597,11.1287,425,128480,0.19363,0.18,1,67909,67484,425
4065361,3.20719,3.82574,425,128480,0.190726,0.15,1,67911,67486,425
4068281,10.2414,11.1651,424,128480,0.182145,0.15,1,67923,67499,424
4071201,3.64829,2.23303,426,128480,0.156429,0.15,1,67925,67499,426
4074121,2.32966,0.446606,428,128480,0.111286,0.06,1,67927,67499,428
4075761,9.26593,7.28932,430,128480,0.0942572,0.12,1,67938,67508,430
4078681,3.45319,3.85786,429,128480,0.0508514,0.12,1,67940,67511,429
4081601,5.49064,0.771573,435,128480,0.0901703,0.19,1,67946,67511,435
4084081,2.69813,8.95431,426,129940,0.0660341,0.09,1,67948,67522,426
4087001,5.33963,8.19086,424,129940,0.0132068,0.09,1,67954,67530,424
4089921,2.66793,1.63817,426,129940,0.114641,0.09,1,67956,67530,426
4092841,2.13359,0.327634,428,129940,0.126928,0.05,1,67958,67530,428
4094481,1.22672,4.06553,424,129940,0.113386,0.07,1,67959,67535,424
4097401,7.44534,9.61311,422,129940,0.102677,0.07,1,67968,67546,422
4100321,3.08907,1.92262,424,129940,0.140535,0.07,1,67970,67546,424
4103241,2.21781,0.384524,426,129940,0.116107,0.02,1,67972,67546,426
4104881,1.24356,2.4769,424,129940,0.0872214,0.07,1,67973,67549,424
4107801,8.24871,7.69538,425,129940,0.129444,0.07,1,67983,67558,425
4109461,5.64974,1.53908,430,129940,0.0978889,0.04,1,67988,67558,430
4112381,2.72995,5.90782,425,129940,0.155578,0.04,1,67990,67565,425
4115301,2.14599,1.18156,427,129940,0.143116,0.07,1,67992,67565,427
4117781,6.0292,4.23631,429,129940,0.100623,0.12,1,67999,67570,429
4120701,2.80584,4.84726,426,129940,0.108125,0.1,1,68001,67575,426
4123621,2.16117,1.76945,427,129940,0.0776249,0.1,1,68003,67576,427
4126101,6.03223,0.35389,434,129940,0.151525,0.13,1,68010,67576,434
4129021,2.80645,10.4708,423,129940,0.134305,0.13,1,68012,67589,423
4131941,2.16129,2.09416,425,129940,0.098861,0.13,1,68014,67589,425
4134861,2.03226,0.418831,427,129940,0.0597722,0.13,1,68016,67589,427
4136501,7.60645,0.0837662,436,129940,0.163954,0,1,68025,67589,436
4139421,3.12129,7.21675,429,129940,0.160791,0,1,68027,67598,429
4141701,2.22426,2.24335,430,129940,0.128158,0.12,1,68029,67599,430
4144621,2.04485,7.64867,423,129940,0.0896316,0.12,1,68031,67608,423
4147541,2.00897,1.52973,425,129940,0.0499263,0.12,1,68033,67608,425
4150021,6.80179,0.305947,433,129940,0.0899853,0.02,1,68041,67608,433
4152941,2.96036,7.26119,426,129940,0.065997,0.02,1,68043,67617,426
4155861,6.19207,1.45224,433,129940,0.133199,0.08,1,68050,67617,433
4158341,7.63841,7.49045,432,129940,0.0426399,0.19,1,68058,67626,432
4161261,3.12768,3.89809,431,129940,0.00852798,0.17,1,68060,67629,431
4164181,2.22554,1.57962,432,129940,0.0577056,0.17,1,68062,67630,432
4166661,3.64511,0.315924,436,129940,0.123541,0.19,1,68066,67630,436
4169581,2.32902,10.4632,425,129940,0.104708,0.19,1,68068,67643,425
4172501,2.0658,2.09264,427,129940,0.0929416,0.17,1,68070,67643,427
4174561,2.01316,1.21853,428,129940,0.0585883,0.09,1,68072,67644,428
4177481,6.80263,5.04371,430,129940,0.171718,0.09,1,68080,67650,430
4179761,2.96053,1.00874,432,129940,0.186344,0.23,1,68082,67650,432
4182681,90.1921,88.2017,434,129940,0.205269,0.23,1,68194,67760,434
4184341,126.038,17.6403,569,129940,0.0410537,0,1,68329,67760,569
4186421,31.6077,114.728,438,129940,0.00821075,0.21,1,68337,67899,438
4189341,7.92154,31.7456,429,129940,0.169642,0.21,1,68339,67910,429
4192261,3.18431,6.34912,431,129940,0.177928,0.19,1,68341,67910,431
4194741,7.83686,2.06982,439,129940,0.0675857,0.18,1,68350,67911,439
4196401,2.36737,10.014,428,129940,0.101517,0.17,1,68351,67923,428
4199321,2.07347,8.40279,422,129940,0.0843034,0.17,1,68353,67931,422
4202241,2.01469,1.68056,424,129940,0.0488607,0.09,1,68355,67931,424
4204721,6.80294,5.93611,425,129940,0.161772,0.06,1,68363,67938,425
4207641,12.5606,9.98722,428,131400,0.152354,0.06,1,68377,67949,428
4210561,4.11212,1.99744,430,131400,0.118471,0.06,1,68379,67949,430
4213481,2.42242,0.399489,432,131400,0.0876942,0,1,68381,67949,432
4215121,1.28448,4.0799,428,131400,0.0655388,0.15,1,68382,67954,428
4218041,5.8569,9.61598,424,131400,0.125108,0.15,1,68389,67965,424
4220961,2.77138,1.9232,426,131400,0.105022,0.15,1,68391,67965,426
4223881,2.15428,0.384639,428,131400,0.157004,0.1,1,68393,67965,428
4225521,2.83086,2.47693,428,131400,0.135401,0.22,1,68396,67968,428
4228441,6.96617,9.29539,425,131400,0.14708,0.22,1,68404,67979,425
4231361,2.99323,1.85908,427,131400,0.117416,0.22,1,68406,67979,427
4234281,2.19865,0.371815,429,131400,0.0874832,0.14,1,68408,67979,429
4235921,1.23973,3.27436,426,131400,0.105497,0.15,1,68409,67983,426
4238841,8.24795,11.0549,423,131400,0.125099,0.15,1,68419,67996,423
4241761,3.24959,2.21097,425,131400,0.10502,0.15,1,68421,67996,425
4244681,2.24992,0.442195,427,131400,0.197004,0.09,1,68423,67996,427
4246321,4.44998,2.48844,429,131400,0.191401,0.09,1,68428,67999,429
4249241,8.09,12.4977,423,131400,0.11828,0.09,1,68437,68014,423
4252161,3.218,2.49954,425,131400,0.135656,0.09,1,68439,68014,425
4255081,2.2436,0.499907,427,131400,0.115131,0.09,1,68441,68014,427
4258001,2.04872,0.0999815,429,131400,0.0790262,0.09,1,68443,68014,429
4259841,1.20974,0.0199963,430,131400,0.0638052,0.21,1,68444,68014,430
4262761,1.84195,8.004,422,131400,0.028761,0.21,1,68446,68024,422
4265041,1.96839,1.6008,424,131400,0.141752,0.14,1,68448,68024,424
4267961,10.7937,12.3202,422,131400,0.12435,0.14,1,68461,68039,422
4270881,3.75874,2.46403,424,131400,0.0888701,0.14,1,68463,68039,424
4273801,2.35175,0.492806,426,131400,0.105774,0.14,1,68465,68039,426
4276721,2.07035,0.0985613,428,131400,0.0691548,0.1,1,68467,68039,428
4278561,1.21407,1.61971,427,131400,0.045831,0.16,1,68468,68041,427
4281481,4.24281,8.32394,422,131400,0.0891662,0.16,1,68473,68051,422
4284401,2.44856,1.66479,424,131400,0.105833,0.02,1,68475,68051,424
4286881,8.48971,5.93296,427,131400,0.0851666,0.11,1,68485,68058,427
4289801,8.89794,9.98659,425,131400,0.0810333,0.11,1,68494,68069,425
4292721,3.37959,1.99732,427,131400,0.104207,0.11,1,68496,68069,427
4295641,2.27592,0.399464,429,131400,0.0768413,0.11,1,68498,68069,429
4298561,2.05518,0.0798927,431,131400,0.0473683,0.09,1,68500,68069,431
4300401,1.21104,0.815979,431,131400,0.0254737,0.2,1,68501,68070,431
4303321,8.24221,8.1632,431,131400,0.237095,0.2,1,68511,68080,431
4305601,3.24844,1.63264,433,131400,0.247419,0.24,1,68513,68080,433
4308521,7.04969,9.12653,430,131400,0.169484,0.21,1,68521,68091,430
4310801,83.0099,84.2253,429,131400,0.305897,0.17,1,68623,68194,429
4312881,125.402,20.0451,561,131400,0.0611793,0.21,1,68759,68198,561
4315801,26.6804,116.009,423,131400,0.0122359,0.21,1,68761,68338,423
4318501,14.1361,24.0018,433,131400,0.0184472,0.04,1,68772,68339,433
4321421,6.02722,13.6004,426,131400,0.00368943,0.04,1,68776,68350,426
4323281,2.80544,2.72007,428,131400,0.0487379,0,1,68778,68350,428
4326201,6.16109,6.94401,427,131400,0.00974758,0,1,68785,68358,427
4329121,2.83222,1.3888,429,131400,0.0339495,0,1,68787,68358,429
4332041,2.16644,0.277761,431,131400,0.10279,0.19,1,68789,68358,431
4334101,5.23329,4.05555,432,132860,0.076558,0.14,1,68795,68363,432
4335761,1.84666,8.81111,423,132860,0.0633116,0.06,1,68796,68373,423
4338681,9.16933,8.96222,425,132860,0.0606623,0.06,1,68807,68382,425
4341601,3.43387,1.79244,427,132860,0.0681325,0.06,1,68809,68382,427
4344081,2.28677,0.358489,429,132860,0.0456265,0.17,1,68811,68382,429
4347001,6.85735,8.8717,426,132860,0.0731253,0.17,1,68819,68393,426
4349921,2.97147,1.77434,428,132860,0.0466251,0.17,1,68821,68393,428
4352821,5.39429,0.354868,434,132860,0.049325,0.1,1,68827,68393,434
4355741,2.67886,6.47097,428,132860,0.113865,0.1,1,68829,68401,428
4358021,6.93577,1.29419,436,132860,0.054773,0.19,1,68837,68401,436
4360941,2.98715,8.25884,428,132860,0.0109546,0.19,1,68839,68411,428
4363861,2.19743,1.65177,430,132860,0.00219092,0.19,1,68841,68411,430
4366781,2.03949,0.330354,432,132860,0.000438184,0.19,1,68843,68411,432
4368421,4.4079,0.0660707,437,132860,0.192088,0.11,1,68848,68411,437
4370501,9.68158,7.21321,439,132860,0.142418,0.12,1,68859,68420,439
4373421,5.13632,14.2426,427,132860,0.100484,0.12,1,68863,68436,427
4376341,3.42726,2.84853,430,132860,0.0520967,0.12,1,68866,68436,430
4378821,2.28545,0.569706,432,132860,0.0824193,0.02,1,68868,68436,432
4381741,2.05709,8.11394,424,132860,0.0644839,0.02,1,68870,68446,424
4384661,2.01142,1.62279,426,132860,0.0288968,0.02,1,68872,68446,426
4387581,2.00228,0.324558,428,132860,0.00577935,0.02,1,68874,68446,428
4390501,2.00046,0.0649115,430,132860,0.0491559,0.02,1,68876,68446,430
4392341,1.20009,0.0129823,431,132860,0.0418312,0.08,1,68877,68446,431
4395261,1.84002,5.6026,426,132860,0.00836623,0.08,1,68879,68453,426
4397541,9.168,1.12052,437,132860,0.0816732,0.17,1,68890,68453,437
4400461,3.4336,13.0241,423,132860,0.216335,0.17,1,68892,68469,423
4403381,2.28672,2.60482,425,132860,0.211267,0.17,1,68894,68469,425
4406301,2.05734,0.520964,427,132860,0.170253,0.17,1,68896,68469,427
4409221,2.01147,0.104193,429,132860,0.130051,0.17,1,68898,68469,429
4411061,9.20229,0.0208386,440,132860,0.10601,0.08,1,68909,68469,440
4413981,3.44046,12.8042,426,132860,0.061202,0.08,1,68911,68485,426
4416261,14.2881,2.56083,443,132860,0.0682404,0.04,1,68928,68485,443
4419181,4.45762,12.5122,430,132860,0.0456481,0.04,1,68930,68500,430
4422101,2.49152,2.50243,432,132860,0.00912962,0.04,1,68932,68500,432
4425021,2.0983,0.500487,434,132860,0.00182592,0.04,1,68934,68500,434
4427701,5.21966,0.100097,440,132860,0.128365,0.29,1,68940,68500,440
4430621,2.64393,8.82002,431,132860,0.121673,0.29,1,68942,68511,431
4432901,9.32879,1.764,442,132860,0.120335,0.17,1,68953,68511,442
4435821,3.46576,7.5528,435,132860,0.0880669,0.17,1,68955,68520,435
4438101,3.89315,1.51056,439,132860,0.113613,0.28,1,68959,68520,439
4440181,82.3786,9.10211,530,132860,0.174723,0.36,1,69061,68531,530
4441841,17.2757,77.8204,436,132860,0.170945,0.04,1,69062,68626,436
4444761,108.255,131.564,422,132860,0.0341889,0.04,1,69193,68771,422
4447461,24.851,26.3128,426,132860,0.0868378,0,1,69197,68771,426
4449121,5.77021,9.26256,422,132860,0.0813676,0.02,1,69198,68776,422
4452041,8.35404,5.05251,427,132860,0.0482735,0.02,1,69207,68780,427
4454321,3.27081,1.0105,429,132860,0.0096547,0.15,1,69209,68780,429
4457241,6.25416,9.0021,425,132860,0.0979309,0.15,1,69216,68791,425
4460161,2.85083,1.80042,427,132860,0.155586,0.15,1,69218,68791,427
4462641,2.17017,0.360084,429,132860,0.135117,0.04,1,69220,68791,429
4465561,2.03403,4.87202,425,132860,0.155023,0.04,1,69222,68797,425
4468261,15.6068,0.974403,444,132860,0.111005,0.1,1,69241,68797,444
4471181,4.72136,16.9949,425,132860,0.0702009,0.1,1,69243,68818,425
4474101,2.54427,3.39898,427,132860,0.0300402,0.1,1,69245,68818,427
4476581,7.70885,0.679795,436,132860,0.094008,0.06,1,69254,68818,436
4479501,3.14177,12.136,423,132860,0.0748016,0.06,1,69256,68833,423
4482421,2.22835,2.42719,425,132860,0.13496,0.06,1,69258,68833,425
4485341,2.04567,0.485438,427,132860,0.178992,0.06,1,69260,68833,427
4488021,8.40913,0.0970877,437,132860,0.0357984,0,1,69270,68833,437
4490941,3.28183,7.21942,430,132860,0.00715968,0,1,69272,68842,430
4493861,2.25637,1.44388,432,132860,0.113432,0,1,69274,68842,432
4496341,2.05127,0.288777,434,132860,0.102686,0.22,1,69276,68842,434
4499041,2.01025,5.65776,429,132860,0.0685373,0.02,1,69278,68849,429
4501961,15.6021,19.5316,425,132860,0.0617075,0.02,1,69297,68872,425
4504881,4.72041,3.90631,427,132860,0.116341,0.02,1,69299,68872,427
4507801,2.54408,0.781262,429,132860,0.103268,0.02,1,69301,68872,429
4510721,2.10882,0.156252,431,132860,0.0686537,0.02,1,69303,68872,431
4512561,1.22176,0.0312505,432,132860,0.0457307,0.1,1,69304,68872,432
4515481,1.84435,6.40625,426,132860,0.00914615,0.1,1,69306,68880,426
4518401,1.96887,1.28125,428,132860,0.0658292,0.1,1,69308,68880,428
4521321,1.99377,0.25625,430,132860,0.125166,0.1,1,69310,68880,430
4524241,1.99875,0.05125,432,132860,0.105033,0.1,1,69312,68880,432
4526081,1.19975,0.01025,433,132860,0.0930066,0.25,1,69313,68880,433
4528161,7.43995,9.60205,430,132860,0.178601,0.21,1,69322,68892,430
4531081,4.68799,9.12041,425,132860,0.13172,0.21,1,69326,68901,425
4534001,2.5376,1.82408,427,132860,0.0903441,0.21,1,69328,68901,427
4536921,2.10752,0.364816,429,132860,0.0500688,0.21,1,69330,68901,429
4539601,2.0215,0.0729633,431,132860,0.130014,0.15,1,69332,68901,431
4542521,6.8043,10.4146,426,132860,0.130003,0.15,1,69340,68914,426
4544801,2.96086,2.08292,428,132860,0.170001,0.16,1,69342,68914,428
4547721,17.3922,21.2166,423,132860,0.0820001,0.16,1,69363,68940,423
4550641,5.07843,4.24332,425,132860,0.0324,0.16,1,69365,68940,425
4553561,2.61569,0.848663,427,132860,0.00648,0.16,1,69367,68940,427
4555201,1.32314,0.169733,428,132860,0.113296,0.04,1,69368,68940,428
4558121,1.86463,4.83395,424,132860,0.134659,0.04,1,69370,68946,424
4561041,1.97293,0.966789,426,132860,0.106932,0.04,1,69372,68946,426
4562901,10.7946,0.193358,439,132860,0.0453864,0.21,1,69385,68946,439
4565821,3.75892,12.8387,425,132860,0.169077,0.21,1,69387,68962,425
4568721,2.35178,2.56773,427,132860,0.193815,0.07,1,69389,68962,427
4571641,87.6704,87.7136,427,132860,0.182763,0.07,1,69498,69071,427
4574341,125.534,17.5427,562,132860,0.0365526,0.06,1,69633,69071,562
4577261,26.7068,111.509,429,132860,0.0393105,0.06,1,69635,69206,429
4580161,6.94136,22.3017,431,132860,0.0078621,0,1,69637,69206,431
4583081,2.98827,8.46034,428,134320,0.00157242,0,1,69639,69211,428
4585361,2.19765,1.69207,430,134320,0.000314484,0.17,1,69641,69211,430
4587441,6.03953,5.93841,430,134320,6.28968e-05,0.16,1,69648,69218,430
4590361,4.40791,8.38768,425,134320,0.0800126,0.16,1,69652,69227,425
4593281,2.48158,1.67754,427,134320,0.0640025,0.16,1,69654,69227,427
4595761,2.09632,0.335507,429,134320,0.0288005,0,1,69656,69227,429
4598681,11.6193,15.2671,424,134320,0.21376,0,1,69670,69246,424
4601601,3.92385,3.05342,426,134320,0.218752,0,1,69672,69246,426
4604521,2.38477,0.610684,428,134320,0.19575,0,1,69674,69246,428
4606581,8.47695,0.122137,438,134320,0.11915,0.13,1,69684,69246,438
4609501,3.29539,13.6244,423,134320,0.07183,0.13,1,69686,69263,423
4612421,2.25908,2.72489,425,134320,0.118366,0.13,1,69688,69263,425
4615341,2.05182,0.544977,427,134320,0.175673,0.13,1,69690,69263,427
4616981,2.01036,0.108995,429,134320,0.155135,0,1,69692,69263,429
4618641,1.20207,6.4218,422,134320,0.135027,0.12,1,69693,69271,422
4621561,5.84041,4.48436,425,134320,0.115005,0.12,1,69700,69275,425
4624481,2.76808,0.896872,427,134320,0.0870011,0.12,1,69702,69275,427
4626341,4.55362,0.179374,432,134320,0.0174002,0.15,1,69707,69275,432
4629261,2.51072,8.03587,424,134320,0.00348004,0.15,1,69709,69285,424
4631541,14.9021,1.60717,442,134320,0.224696,0.13,1,69727,69285,442
4633621,6.18043,11.5214,432,134320,0.260939,0.14,1,69731,69299,432
4636541,2.83609,11.1043,423,134320,0.308188,0.14,1,69733,69310,423
4639461,2.16722,2.22086,425,134320,0.285638,0.14,1,69735,69310,425
4642381,2.03344,0.444171,427,134320,0.249128,0.14,1,69737,69310,427
4645301,2.00669,0.0888343,429,134320,0.209826,0.14,1,69739,69310,429
4648221,2.00134,0.0177669,431,134320,0.169965,0.14,1,69741,69310,431
4650261,7.60027,0.00355337,440,134320,0.217993,0.2,1,69750,69310,440
4653181,3.12005,9.60071,430,134320,0.195599,0.2,1,69752,69322,430
4656101,2.22401,1.92014,432,134320,0.15112,0.2,1,69754,69322,432
4658581,3.6448,0.384028,436,134320,0.0782239,0.04,1,69758,69322,436
4661501,2.32896,6.47681,430,134320,0.103645,0.04,1,69760,69330,430
4664401,2.06579,1.29536,432,134320,0.068729,0.16,1,69762,69330,432
4667321,5.21316,7.45907,429,134320,0.165746,0.16,1,69768,69339,429
4670241,2.64263,1.49181,431,134320,0.153149,0.16,1,69770,69339,431
4672101,2.92853,0.298363,434,134320,0.0946298,0.09,1,69773,69339,434
4675021,2.18571,6.45967,428,134320,0.050926,0.09,1,69775,69347,428
4677301,18.0371,1.29193,450,134320,0.170185,0.03,1,69797,69347,450
4680221,5.20743,23.4584,423,134320,0.162037,0.03,1,69799,69376,423
4683141,2.64149,4.69168,425,134320,0.128407,0.03,1,69801,69376,425
4686061,2.1283,0.938335,427,134320,0.0896815,0.03,1,69803,69376,427
4688981,2.02566,0.187667,429,134320,0.0499363,0.03,1,69805,69376,429
4691441,2.00513,0.0375334,431,134320,0.105987,0.18,1,69807,69376,431
4694361,10.001,11.2075,429,134320,0.229197,0.18,1,69819,69390,429
4697281,3.60021,2.2415,431,134320,0.253839,0.18,1,69821,69390,431
4699761,2.32004,0.4483,433,134320,0.258768,0.01,1,69823,69390,433
4701841,86.064,93.6897,423,134320,0.275754,0,1,69930,69507,423
4704761,129.213,131.538,422,135780,0.0871507,0,1,70070,69648,422
4707681,27.4426,26.3076,424,135780,0.0174301,0,1,70072,69648,424
4710601,7.08851,5.26152,426,135780,0.00348603,0,1,70074,69648,426
4713521,3.0177,1.0523,428,135780,0.000697206,0,1,70076,69648,428
4716401,2.20354,0.210461,430,135780,0.000139441,0.18,1,70078,69648,430
4719321,8.44071,8.04209,430,135780,0.136028,0.18,1,70088,69658,430
4722241,3.28814,1.60842,432,135780,0.131206,0.18,1,70090,69658,432
4725161,2.25763,0.321684,434,135780,0.106241,0.18,1,70092,69658,434
4726801,1.25153,0.0643367,435,135780,0.157248,0.26,1,70093,69658,435
4729721,6.65031,14.4129,425,135780,0.16745,0.26,1,70101,69676,425
4732641,2.93006,2.88257,427,135780,0.12949,0.26,1,70103,69676,427
4735121,2.18601,0.576515,429,135780,0.089898,0.13,1,70105,69676,429
4738041,13.2372,18.5153,422,135780,0.15398,0.13,1,70121,69699,422
4740961,4.24744,3.70306,424,135780,0.142796,0.13,1,70123,69699,424
4743881,2.44949,0.740612,426,135780,0.108559,0.13,1,70125,69699,426
4746801,2.0899,0.148122,428,135780,0.0697118,0.13,1,70127,69699,428
4749681,2.01798,0.0296245,430,135780,0.0299424,0.08,1,70129,69699,430
4752601,8.4036,12.8059,424,135780,0.0859885,0.08,1,70139,69715,424
4755521,4.88072,2.56118,428,135780,0.105198,0.08,1,70143,69715,428
4758441,4.17614,0.512237,432,135780,0.0530395,0.08,1,70147,69715,432
4760081,2.43523,0.102447,434,135780,0.0106079,0.31,1,70149,69715,434
4762161,8.48705,11.2205,430,135780,0.00212158,0.2,1,70159,69729,430
4765081,6.49741,10.2441,426,135780,0.0484243,0.2,1,70165,69739,426
4768001,2.89948,2.04882,428,135780,0.113685,0.2,1,70167,69739,428
4770921,2.1799,0.409764,430,135780,0.102737,0.2,1,70169,69739,430
4772561,1.23598,0.0819528,431,135780,0.0845474,0.24,1,70170,69739,431
4775481,1.8472,8.01639,423,135780,0.184909,0.24,1,70172,69749,423
4778401,1.96944,1.60328,425,135780,0.196982,0.24,1,70174,69749,425
4780261,6.79389,0.320656,433,135780,0.135396,0.1,1,70182,69749,433
4783181,2.95878,5.66413,428,135780,0.171079,0.1,1,70184,69756,428
4786101,2.19176,1.13283,430,135780,0.154216,0.1,1,70186,69756,430
4788581,2.83835,0.226565,433,135780,0.102843,0.19,1,70189,69756,433
4791501,2.16767,9.64531,423,135780,0.0685686,0.19,1,70191,69768,423
4794421,2.03353,1.92906,425,135780,0.0297137,0.19,1,70193,69768,425
4796901,6.00671,0.385812,432,135780,0.173943,0.02,1,70200,69768,432
4799821,2.80134,6.47716,426,135780,0.250789,0.02,1,70202,69776,426
4802741,2.16027,1.29543,428,135780,0.234158,0.02,1,70204,69776,428
4805661,2.03205,0.259086,430,135780,0.198832,0.02,1,70206,69776,430
4807301,19.6064,0.0518173,454,135780,0.207766,0.1,1,70230,69776,454
4810221,6.32128,25.6104,425,135780,0.153553,0.1,1,70233,69808,425
4813141,2.86426,5.12207,427,135780,0.110711,0.1,1,70235,69808,427
4816061,2.17285,1.02441,429,135780,0.230142,0.1,1,70237,69808,429
4818981,2.03457,0.204883,431,135780,0.222028,0.1,1,70239,69808,431
4821901,2.00691,0.0409766,433,135780,0.188406,0.1,1,70241,69808,433
4823941,6.80138,0.00819531,441,135780,0.0856811,0.16,1,70249,69808,441
4826861,2.96028,16.0016,423,135780,0.0251362,0.16,1,70251,69828,423
4829781,2.19206,3.20033,425,135780,0.133027,0.16,1,70253,69828,425
4832261,88.4384,0.640065,535,135780,0.130605,0.25,1,70363,69828,535
4834341,128.888,88.928,563,137240,0.0261211,0,1,70502,69939,563
4837261,27.3775,127.386,428,137240,0.0532242,0,1,70504,70076,428
4840181,7.07551,25.4771,430,137240,0.0266448,0,1,70506,70076,430
4842661,3.0151,5.09542,432,137240,0.00532897,0,1,70508,70076,432
4845581,2.20302,5.81908,428,137240,0.00106579,0,1,70510,70082,428
4847441,1.2406,1.16382,429,137240,0.000213159,0.08,1,70511,70082,429
4850361,7.44812,13.0328,422,137240,4.26317e-05,0.08,1,70520,70098,422
4853281,3.08962,2.60655,424,137240,8.52635e-06,0.08,1,70522,70098,424
4856201,2.21792,0.52131,426,137240,0.160002,0.08,1,70524,70098,426
4857841,1.24358,0.104262,427,137240,0.176,0.06,1,70525,70098,427
4860761,2.64872,6.42085,422,137240,0.1312,0.06,1,70528,70106,422
4863681,2.12974,1.28417,424,137240,0.17824,0.06,1,70530,70106,424
4866161,2.02595,0.256834,426,137240,0.155648,0.06,1,70532,70106,426
4869081,14.8052,16.8514,423,137240,0.18313,0.06,1,70550,70127,423
4872001,4.56104,3.37027,425,137240,0.156626,0.06,1,70552,70127,425
4874481,2.51221,0.674055,427,137240,0.119325,0.14,1,70554,70127,427
4877401,2.10244,3.33481,425,137240,0.071865,0.14,1,70556,70131,425
4880321,2.02049,0.666962,427,137240,0.030373,0.14,1,70558,70131,427
4882181,4.4041,0.133392,432,137240,0.0060746,0.15,1,70563,70131,432
4884261,13.6808,8.02668,438,137240,0.0892149,0.02,1,70579,70141,438
4887181,4.33616,13.6053,425,137240,0.137843,0.02,1,70581,70156,425
4890101,2.46723,2.72107,427,137240,0.115569,0.02,1,70583,70156,427
4892581,9.29345,0.544213,438,137240,0.119114,0.12,1,70594,70156,438
4894661,3.45869,4.90884,434,137240,0.175823,0.1,1,70596,70162,434
4897581,2.29174,6.58177,429,137240,0.195165,0.1,1,70598,70169,429
4899861,11.6583,1.31635,443,137240,0.135033,0.18,1,70612,70169,443
4902781,3.93167,12.2633,430,137240,0.0910066,0.18,1,70614,70184,430
4905701,2.38633,2.45265,432,137240,0.106201,0.18,1,70616,70184,432
4908621,2.07727,0.490531,434,137240,0.0772403,0.18,1,70618,70184,434
4910881,2.01545,0.0981061,436,137240,0.0474481,0.06,1,70620,70184,436
4913801,2.00309,5.61962,431,137240,0.00948961,0.06,1,70622,70191,431
4916721,2.00062,1.12392,433,137240,0.00189792,0.06,1,70624,70191,433
4919201,2.00012,0.224785,435,137240,0.21638,0.3,1,70626,70191,435
4922121,2.00002,8.04496,427,137240,0.227276,0.3,1,70628,70201,427
4925041,2,1.60899,429,137240,0.197455,0.3,1,70630,70201,429
4927521,2,0.321798,431,137240,0.247491,0.22,1,70632,70201,431
4930441,8.4,10.4644,428,137240,0.113498,0.22,1,70642,70214,428
4933361,3.28,2.09287,430,137240,0.2067,0.22,1,70644,70214,430
4935841,2.256,0.418574,432,137240,0.19334,0.18,1,70646,70214,432
4938761,14.0512,21.6837,422,137240,0.190668,0.18,1,70663,70241,422
4941681,4.41024,4.33674,424,137240,0.238134,0.18,1,70665,70241,424
4944601,2.48205,0.867349,426,137240,0.215627,0.18,1,70667,70241,426
4947521,2.09641,0.17347,428,137240,0.179125,0.18,1,70669,70241,428
4949361,1.21928,0.0346939,429,137240,0.163825,0.16,1,70670,70241,429
4952281,6.64386,9.60694,425,137240,0.208765,0.16,1,70678,70253,425
4955201,2.92877,1.92139,427,137240,0.185753,0.16,1,70680,70253,427
4957681,2.18575,0.384278,429,137240,0.149151,0.18,1,70682,70253,429
4960601,3.63715,8.07686,423,137240,0.29383,0.18,1,70686,70263,423
4962261,91.9274,1.61537,537,137240,0.170766,0.01,1,70800,70263,537
4964341,125.585,85.1231,565,138700,0.0341532,0.04,1,70934,70369,565
4967261,26.7171,132.225,423,138700,0.00683064,0.04,1,70936,70513,423
4970181,6.94342,26.4449,425,138700,0.00136613,0.04,1,70938,70513,425
4973101,2.98868,5.28898,427,138700,0.0642732,0.04,1,70940,70513,427
4976021,2.19774,1.0578,429,138700,0.0448546,0.04,1,70942,70513,429
4978481,2.03955,0.211559,431,138700,0.00897093,0.2,1,70944,70513,431
4981401,6.80791,8.84231,428,138700,0.0177942,0.2,1,70952,70524,428
4983681,2.96158,1.76846,430,138700,0.115559,0.13,1,70954,70524,430
4986601,3.79232,7.55369,425,138700,0.0711118,0.13,1,70958,70533,425
4989521,2.35846,1.51074,427,138700,0.0302224,0.13,1,70960,70533,427
4992441,2.07169,0.302148,429,138700,0.0700445,0.13,1,70962,70533,429
4995361,2.01434,0.0604295,431,138700,0.134009,0.13,1,70964,70533,431
4997201,1.20287,0.0120859,432,138700,0.130802,0.11,1,70965,70533,432
5000121,12.2406,16.8024,426,138700,0.13816,0.11,1,70980,70554,426
5002401,5.64811,3.36048,430,138700,0.0756321,0,1,70984,70554,430
5005321,6.72962,7.0721,429,138700,0.0151264,0,1,70991,70562,429
5008241,2.94592,1.41442,431,138700,0.00302528,0,1,70993,70562,431
5010721,2.18918,0.282884,433,138700,0.0246051,0.23,1,70995,70562,433
5012801,5.23784,8.85658,428,138700,0.00492101,0.12,1,71001,70573,428
5015721,9.04757,10.5713,427,138700,0.0729842,0.12,1,71011,70584,427
5018641,3.40951,2.11426,429,138700,0.150597,0.12,1,71013,70584,429
5021121,2.2819,0.422853,431,138700,0.190119,0.19,1,71015,70584,431
5023201,3.65638,9.68457,423,138700,0.150024,0.05,1,71019,70596,423
5026121,9.53128,9.13691,425,138700,0.110005,0.05,1,71030,70605,425
5028401,3.50626,1.82738,427,138700,0.094001,0.13,1,71032,70605,427
5031321,13.5013,8.36548,433,138700,0.1148,0.13,1,71048,70615,433
5033601,4.30025,1.6731,435,138700,0.09496,0.02,1,71050,70615,435
5036521,2.46005,5.13462,431,138700,0.066992,0.02,1,71052,70621,431
5039441,2.09201,1.02692,433,138700,0.0293984,0.02,1,71054,70621,433
5041921,2.0184,0.205385,435,138700,0.11788,0.26,1,71056,70621,435
5044841,2.00368,8.84108,426,138700,0.103576,0.26,1,71058,70632,426
5047761,2.00074,1.76822,428,138700,0.0687152,0.26,1,71060,70632,428
5050681,2.00015,0.353643,430,138700,0.029743,0.26,1,71062,70632,430
5053601,2.00003,0.0707286,432,138700,0.0539486,0.26,1,71064,70632,432
5055441,1.20001,0.0141457,433,138700,0.0747897,0.25,1,71065,70632,433
5058361,9.84,8.80283,434,138700,0.0629579,0.25,1,71077,70643,434
5060641,3.568,1.76057,436,138700,0.0205916,0.32,1,71079,70643,436
5063561,5.5136,8.35211,432,138700,0.0681183,0.32,1,71085,70653,432
5066481,2.70272,1.67042,434,138700,0.165624,0.32,1,71087,70653,434
5068341,13.3405,0.334084,450,138700,0.145125,0.29,1,71103,70653,450
5071261,4.26811,17.6668,430,138700,0.109025,0.29,1,71105,70675,430
5074181,2.45362,3.53336,432,138700,0.069805,0.29,1,71107,70675,432
5077101,2.09072,0.706673,434,138700,0.149961,0.29,1,71109,70675,434
5080021,2.01814,0.141335,436,138700,0.157992,0.29,1,71111,70675,436
5081861,2.80363,0.0282669,439,138700,0.183598,0.16,1,71114,70675,439
5084781,2.16073,6.40565,433,138700,0.15672,0.16,1,71116,70683,433
5087701,2.03215,1.28113,435,138700,0.111344,0.16,1,71118,70683,435
5090181,5.20643,0.256226,441,138700,0.0302688,0.33,1,71124,70683,441
5092261,90.6413,8.05125,543,138700,0.110054,0,1,71236,70693,543
5094341,120.528,93.6102,556,138700,0.0220108,0.04,1,71364,70808,556
5097261,25.7057,125.922,424,138700,0.00440215,0.04,1,71366,70942,424
5100181,6.74113,25.1844,426,138700,0.00088043,0.04,1,71368,70942,426
5103101,2.94823,5.03688,428,138700,0.0641761,0.04,1,71370,70942,428
5104741,2.18965,1.00738,430,138700,0.0448352,0.02,1,71372,70942,430
5107661,2.03793,7.40148,423,138700,0.00896704,0.02,1,71374,70951,423
5109521,1.20759,1.4803,424,138700,0.00179341,0.08,1,71375,70951,424
5112441,6.64152,5.09606,426,138700,0.000358682,0.08,1,71383,70957,426
5114721,2.9283,1.01921,428,138700,0.112072,0.1,1,71385,70957,428
5117641,3.78566,7.40384,423,138700,0.0944143,0.1,1,71389,70966,423
5120561,2.35713,1.48077,425,138700,0.0588829,0.1,1,71391,70966,425
5123481,2.07143,0.296154,427,138700,0.0277766,0.1,1,71393,70966,427
5126401,2.01429,0.0592307,429,138700,0.0695553,0.1,1,71395,70966,429
5128241,1.20286,0.0118461,430,138700,0.0619111,0,1,71396,70966,430
5131161,17.8406,21.6024,425,138700,0.100382,0,1,71418,70993,425
5134081,5.16811,4.32047,427,138700,0.0840764,0,1,71420,70993,427
5136981,5.83362,0.864095,433,138700,0.0328153,0.08,1,71426,70993,433
5139901,2.76672,7.37282,426,138700,0.0385631,0.08,1,71428,71002,426
5142821,2.15334,1.47456,428,138700,0.00771261,0.08,1,71430,71002,428
5145301,6.83067,0.294913,436,138700,0.00154252,0.17,1,71438,71002,436
5147381,9.36613,8.85898,435,138700,0.0883085,0.08,1,71448,71013,435
5150301,3.47323,10.5718,426,138700,0.0736617,0.08,1,71450,71024,426
5153221,2.29465,2.11436,428,138700,0.102732,0.08,1,71452,71024,428
5155701,8.45893,0.422872,438,138700,0.164546,0.14,1,71462,71024,438
5158621,3.29179,8.88457,429,138700,0.152909,0.14,1,71464,71035,429
5160901,13.4584,1.77691,445,138700,0.166582,0.1,1,71480,71035,445
5163821,4.29167,18.7554,424,138700,0.137316,0.1,1,71482,71058,424
5166741,2.45833,3.75108,426,138700,0.187463,0.1,1,71484,71058,426
5169661,2.09167,0.750215,428,138700,0.165493,0.1,1,71486,71058,428
5172581,2.01833,0.150043,430,138700,0.137099,0.1,1,71488,71058,430
5174421,2.00367,0.0300086,432,138700,0.13942,0.2,1,71490,71058,432
5177341,2.00073,8.806,423,138700,0.107884,0.2,1,71492,71069,423
5180261,2.00015,1.7612,425,138700,0.0695768,0.2,1,71494,71069,425
5183181,2.00003,0.35224,427,138700,0.0379154,0.2,1,71496,71069,427
5186101,2.00001,0.070448,429,138700,0.207583,0.2,1,71498,71069,429
5187941,12.4,0.0140896,444,138700,0.169517,0.16,1,71513,71069,444
5190861,4.08,18.4028,423,138700,0.129903,0.16,1,71515,71092,423
5193781,2.416,3.68056,425,138700,0.0899807,0.16,1,71517,71092,425
5196701,2.0832,0.736113,427,138700,0.121996,0.16,1,71519,71092,427
5198341,13.2166,0.147223,443,138700,0.152399,0.19,1,71535,71092,443
5201261,4.24333,17.6294,423,138700,0.13448,0.19,1,71537,71114,423
5204181,2.44867,3.52589,425,138700,0.218896,0.19,1,71539,71114,425
5207101,2.08973,0.705178,427,138700,0.235779,0.19,1,71541,71114,427
5210021,2.01795,0.141036,429,138700,0.215156,0.19,1,71543,71114,429
5211861,2.80359,0.0282071,432,138700,0.235031,0.04,1,71546,71114,432
5214781,2.16072,5.60564,427,138700,0.207006,0.04,1,71548,71121,427
5217701,2.03214,1.12113,429,138700,0.161401,0.04,1,71550,71121,429
5220181,3.60643,0.224226,433,138700,0.12028,0.12,1,71554,71121,433
5222261,91.9213,7.24485,538,138700,0.192056,0.04,1,71668,71130,538
5224341,119.184,90.249,553,138700,0.0384112,0.02,1,71794,71241,553
5227261,25.4369,123.65,423,138700,0.00768224,0.02,1,71796,71373,423
5230181,6.68737,24.73,425,138700,0.00153645,0.02,1,71798,71373,425
5233101,2.93747,4.94599,427,138700,0.00030729,0.02,1,71800,71373,427
5235361,2.18749,0.989198,429,138700,0.0960615,0.16,1,71802,71373,429
5238281,3.6375,8.99784,422,138700,0.0512123,0.16,1,71806,71384,422
5241201,2.3275,1.79957,424,138700,0.0102425,0.16,1,71808,71384,424
5244101,6.8655,0.359914,432,138700,0.0900485,0.08,1,71816,71384,432
5247021,2.9731,8.87198,423,138700,0.0740097,0.08,1,71818,71395,423
5249941,2.19462,1.7744,425,138700,0.0868019,0.08,1,71820,71395,425
5252861,2.03892,0.354879,427,138700,0.0653604,0.08,1,71822,71395,427
5255541,3.60778,0.0709759,431,138700,0.0290721,0.02,1,71826,71395,431
5258461,2.32156,6.4142,425,138700,0.00581442,0.02,1,71828,71403,425
5260741,19.6643,1.28284,449,138700,0.0571629,0,1,71852,71403,449
5263661,6.33286,21.8566,425,138700,0.0274326,0,1,71855,71430,425
5266581,2.86657,4.37131,427,138700,0.00548651,0,1,71857,71430,427
5269501,2.17331,0.874263,429,138700,0.0010973,0,1,71859,71430,429
5272181,5.23466,0.174853,435,138700,0.0482195,0.17,1,71865,71430,435
5275101,2.64693,8.03497,427,138700,0.0256439,0.17,1,71867,71440,427
5277381,10.9294,1.60699,440,138700,0.0371288,0.07,1,71880,71440,440
5279461,6.98588,8.3214,436,138700,0.127426,0.15,1,71886,71450,436
5282381,4.59718,12.8643,426,138700,0.161485,0.15,1,71890,71464,426
5285301,4.11944,2.57286,430,138700,0.136297,0.15,1,71894,71464,430
5287781,3.22389,0.514571,433,138700,0.123259,0.12,1,71897,71464,433
5289441,1.44478,3.30291,430,138700,0.104652,0.15,1,71898,71468,430
5292361,13.889,15.8606,428,138700,0.10093,0.15,1,71915,71487,428
5295281,4.37779,3.17212,430,138700,0.156186,0.15,1,71917,71487,430
5298201,2.47556,0.634423,432,138700,0.183237,0.15,1,71919,71487,432
5299841,1.29511,0.126885,433,138700,0.164647,0.25,1,71920,71487,433
5302761,2.65902,8.82538,425,138700,0.112929,0.25,1,71923,71498,425
5305681,2.1318,1.76508,427,138700,0.214586,0.25,1,71925,71498,427
5308601,2.02636,0.353015,429,138700,0.202917,0.25,1,71927,71498,429
5311521,2.00527,0.070603,431,138700,0.168583,0.25,1,71929,71498,431
5313361,1.20105,0.0141206,432,138700,0.145717,0.27,1,71930,71498,432
5316281,3.44021,8.00282,426,138700,0.269143,0.27,1,71934,71508,426
5317941,11.088,1.60056,439,138700,0.277829,0.13,1,71947,71508,439
5320861,3.81761,9.12011,430,138700,0.271566,0.13,1,71949,71519,430
5323781,2.36352,1.82402,432,138700,0.238313,0.13,1,71951,71519,432
5326261,13.2727,0.364804,448,138700,0.223663,0.18,1,71967,71519,448
5328341,7.45454,12.073,439,138700,0.220733,0.25,1,71973,71534,439
5331261,3.09091,11.2146,430,138700,0.228146,0.25,1,71975,71545,430
5334181,2.21818,2.24292,432,138700,0.229629,0.25,1,71977,71545,432
5337101,2.04364,0.448584,434,138700,0.277926,0.25,1,71979,71545,434
5340021,2.00873,0.0897167,436,138700,0.287585,0.25,1,71981,71545,436
5341861,2.80175,0.0179433,439,138700,0.281517,0.11,1,71984,71545,439
5344781,2.16035,7.20359,432,138700,0.240303,0.11,1,71986,71554,432
5347701,2.03207,1.44072,434,138700,0.224061,0.11,1,71988,71554,434
5350181,2.00641,0.288144,436,138700,0.188812,0.22,1,71990,71554,436
5352261,90.0013,7.25763,539,138700,0.149762,0.09,1,72102,71563,539
5354341,114.8,90.2515,549,138700,0.125952,0.12,1,72223,71674,549
5357261,24.5601,120.45,423,138700,0.14519,0.12,1,72225,71802,423
5360181,6.51201,24.0901,425,138700,0.117038,0.12,1,72227,71802,425
5363101,2.9024,4.81801,427,138700,0.0714076,0.12,1,72229,71802,427
5364741,2.98048,0.963602,430,138700,0.0702815,0,1,72232,71802,430
5367661,2.1961,4.99272,426,138700,0.0460563,0,1,72234,71808,426
5369941,10.0392,0.998544,438,138700,0.0332113,0.06,1,72246,71808,438
5372861,3.60784,11.3997,426,138700,0.00664225,0.06,1,72248,71822,426
5375781,2.32157,2.27994,428,138700,0.00132845,0.06,1,72250,71822,428
5378701,2.06431,0.455988,430,138700,0.0322657,0.06,1,72252,71822,430
5380961,2.01286,0.0911977,432,138700,0.0304531,0,1,72254,71822,432
5383881,3.60257,5.61824,429,138700,0.00609063,0,1,72258,71829,429
5386801,2.32051,1.12365,431,138700,0.00121813,0,1,72260,71829,431
5389281,2.0641,0.22473,433,138700,0.000243625,0.11,1,72262,71829,433
5392201,19.6128,26.4449,424,138700,0.0320487,0.11,1,72286,71862,424
5395121,5.52256,5.28899,426,138700,0.0624097,0.11,1,72288,71862,426
5398041,2.70451,1.0578,428,138700,0.0444819,0.11,1,72290,71862,428
5399681,1.3409,0.21156,429,138700,0.0648964,0,1,72291,71862,429
5402601,1.86818,6.44231,423,138700,0.0449793,0,1,72293,71870,423
5405521,1.97364,1.28846,425,138700,0.00899586,0,1,72295,71870,425
5407381,12.3947,0.257692,440,138700,0.161799,0.2,1,72310,71870,440
5409461,6.47895,8.85154,434,138700,0.18436,0.17,1,72315,71881,434
5411541,7.69579,8.97031,433,138700,0.156872,0.07,1,72323,71890,433
5414461,3.13916,11.3941,423,138700,0.175374,0.07,1,72325,71902,423
5417381,2.22783,2.27881,425,138700,0.155075,0.07,1,72327,71902,425
5420301,2.04557,0.455762,427,138700,0.119015,0.07,1,72329,71902,427
5421941,17.2091,0.0911525,448,138700,0.199803,0.1,1,72350,71902,448
5424861,5.84182,16.8182,430,138700,0.199961,0.1,1,72353,71923,430
5427781,2.76836,3.36365,432,138700,0.167992,0.1,1,72355,71923,432
5430701,2.15367,0.672729,434,138700,0.169598,0.1,1,72357,71923,434
5432341,1.23073,0.134546,435,138700,0.15392,0.18,1,72358,71923,435
5435261,1.84615,4.02691,432,138700,0.150784,0.18,1,72360,71928,432
5438181,1.96923,0.805382,434,138700,0.118157,0.18,1,72362,71928,434
5440661,3.59385,0.161076,438,138700,0.247631,0.3,1,72366,71928,438
5443581,2.31877,4.83222,434,138700,0.249526,0.3,1,72368,71934,434
5445861,5.26375,0.966443,440,138700,0.305905,0.3,1,72374,71934,440
5447941,9.05275,8.19329,440,138700,0.333181,0.25,1,72384,71944,440
5450861,3.41055,6.43866,436,138700,0.306636,0.25,1,72386,71950,436
5453141,7.08211,1.28773,444,138700,0.301327,0.28,1,72394,71950,444
5454801,2.21642,9.85755,433,138700,0.268265,0.23,1,72395,71962,433
5456881,8.44328,8.37151,435,138700,0.205653,0.28,1,72405,71970,435
5459801,8.08866,12.8743,429,138700,0.305131,0.28,1,72413,71984,429
5462721,3.21773,2.57486,431,138700,0.301026,0.28,1,72415,71984,431
5465641,2.24355,0.514972,433,138700,0.276205,0.28,1,72417,71984,433
5468561,2.04871,0.102994,435,138700,0.351241,0.28,1,72419,71984,435
5470401,1.20974,0.0205989,436,138700,0.350248,0.18,1,72420,71984,436
5473321,1.84195,4.80412,432,138700,0.35005,0.18,1,72422,71990,432
5476241,1.96839,0.960824,434,138700,0.31801,0.18,1,72424,71990,434
5478721,1.99368,0.192165,436,138700,0.295602,0.23,1,72426,71990,436
5480801,9.19874,12.0384,432,138700,0.25112,0.25,1,72437,72005,432
5482881,82.6398,88.8077,425,138700,0.250224,0.09,1,72538,72113,425
5485801,106.128,109.762,422,138700,0.402045,0.09,1,72650,72228,422
5488721,22.8256,21.9523,424,138700,0.568409,0.09,1,72652,72228,424
5491201,6.16512,4.39046,426,138700,0.569682,0.07,1,72654,72228,426
5493281,4.43302,4.07809,426,138700,0.577936,0.08,1,72658,72232,426
5496201,4.0866,7.21562,422,138700,0.515587,0.08,1,72662,72240,422
5498481,2.41732,1.44312,424,138700,0.471117,0.04,1,72664,72240,424
5501401,8.48346,9.88863,422,138700,0.470224,0.04,1,72674,72252,422
5504321,3.29669,1.97772,424,138700,0.462045,0.04,1,72676,72252,424
5506801,2.25934,0.395545,426,138700,0.428409,0,1,72678,72252,426
5509721,5.25187,4.87911,426,138700,0.357682,0,1,72684,72258,426
5512001,2.65037,0.975822,428,138700,0.311536,0.11,1,72686,72258,428
5514921,3.73007,6.59516,424,138700,0.318307,0.11,1,72690,72266,424
5517841,2.34601,1.31903,426,138700,0.279661,0.11,1,72692,72266,426
5520321,2.0692,0.263807,428,138700,0.239932,0,1,72694,72266,428
5523241,22.0138,26.4528,422,138700,0.175986,0,1,72721,72299,422
5526161,6.00277,5.29055,424,138700,0.139197,0,1,72723,72299,424
5529081,2.80055,1.05811,426,138700,0.219839,0,1,72725,72299,426
5532001,2.16011,0.211622,428,138700,0.195968,0,1,72727,72299,428
5534921,2.03202,0.0423244,430,138700,0.159194,0,1,72729,72299,430
5537381,14.0064,0.00846488,447,138700,0.0318387,0.08,1,72746,72299,447
5540081,4.40128,17.6017,427,138700,0.00636774,0.13,1,72748,72321,427
5543001,8.88026,9.12034,430,138700,0.0812735,0.13,1,72758,72328,430
5545921,3.37605,1.82407,432,138700,0.0882547,0.13,1,72760,72328,432
5548401,2.27521,0.364813,434,138700,0.0576509,0.27,1,72762,72328,434
5550481,9.25504,10.473,432,138700,0.0675302,0.2,1,72773,72341,432
5552561,16.251,11.6946,438,138700,0.149506,0.13,1,72791,72353,438
5555481,4.8502,8.73892,432,138700,0.125901,0.13,1,72793,72361,432
5558401,2.57004,1.74778,434,138700,0.0891802,0.13,1,72795,72361,434
5561321,2.11401,0.349557,436,138700,0.121836,0.13,1,72797,72361,436
5564241,2.0228,0.0699113,438,138700,0.104367,0.13,1,72799,72361,438
5566081,1.20456,0.0139823,439,138700,0.0848734,0.3,1,72800,72361,439
5569001,3.44091,3.2028,439,138700,0.160975,0.3,1,72804,72365,439
5570661,9.48818,0.640559,450,138700,0.112195,0.35,1,72815,72365,450
5573581,3.49764,12.9281,436,138700,0.070439,0.35,1,72817,72381,436
5576481,2.29953,2.58562,438,138700,0.0700878,0.29,1,72819,72381,438
5579401,2.05991,7.71712,431,138700,0.190018,0.29,1,72821,72390,431
5581681,2.01198,1.54342,433,138700,0.182004,0.26,1,72823,72390,433
5583761,4.4024,4.30868,433,138700,0.100401,0.24,1,72828,72395,433
5585841,10.4805,6.46174,438,138700,0.0840801,0.37,1,72840,72402,438
5587921,5.2961,5.29235,437,138700,0.080816,0.35,1,72844,72407,437
5590841,9.05922,11.4585,434,138700,0.128163,0.35,1,72854,72420,434
5593761,3.41184,2.29169,436,138700,0.177633,0.35,1,72856,72420,436
5596681,2.28237,0.458339,438,138700,0.155527,0.35,1,72858,72420,438
5599361,2.05647,0.0916677,440,138700,0.119105,0.34,1,72860,72420,440
5602281,6.81129,9.61833,436,138700,0.103821,0.34,1,72868,72432,436
5605201,2.96226,1.92367,438,138700,0.156764,0.34,1,72870,72432,438
5608121,2.19245,0.384733,440,138700,0.135353,0.34,1,72872,72432,440
5609761,1.23849,0.0769467,441,138700,0.147071,0.35,1,72873,72432,441
5611841,11.4477,12.8154,439,140160,0.0934141,0.16,1,72887,72448,439
5613921,79.0895,83.3631,434,140160,0.154683,0.5,1,72983,72549,434
5616841,111.018,107.073,440,140160,0.126937,0.5,1,73102,72662,440
5619761,23.8036,21.4145,442,140160,0.241387,0.5,1,73104,72662,442
5622681,6.36072,4.2829,444,140160,0.232277,0.5,1,73106,72662,444
5624321,2.07214,0.856581,445,140160,0.214456,0.46,1,73107,72662,445
5627241,5.21443,11.3713,437,140160,0.122891,0.46,1,73113,72676,437
5630161,2.64289,2.27426,439,140160,0.192578,0.46,1,73115,72676,439
5633061,2.12858,0.454853,441,140160,0.174516,0.35,1,73117,72676,441
5635981,2.02572,9.69097,431,140160,0.146903,0.35,1,73119,72688,431
5638901,2.00514,1.93819,433,140160,0.229381,0.35,1,73121,72688,433
5641821,2.00103,0.387639,435,140160,0.213876,0.35,1,73123,72688,435
5644501,6.00021,0.0775278,442,140160,0.186775,0.27,1,73130,72688,442
5646581,2.80004,3.21551,440,140160,0.149355,0.21,1,73132,72692,440
5649501,2.16001,3.0431,439,140160,0.101871,0.21,1,73134,72695,439
5651361,1.232,0.60862,440,140160,0.0763742,0.17,1,73135,72695,440
5654281,12.2464,26.5217,422,140160,0.119275,0.17,1,73150,72728,422
5657201,4.04928,5.30434,424,140160,0.143855,0.17,1,73152,72728,424
5660121,2.40986,1.06087,426,140160,0.188771,0.17,1,73154,72728,426
5662801,2.08197,0.212174,428,140160,0.165754,0.14,1,73156,72728,428
5665721,3.61639,8.04243,422,140160,0.225151,0.14,1,73160,72738,422
5667381,11.9233,1.60849,436,140160,0.0450302,0,1,73174,72738,436
5669461,10.3847,8.3217,436,140160,0.097006,0.09,1,73184,72748,436
5672381,3.67693,11.2643,426,140160,0.155401,0.09,1,73186,72760,426
5674661,10.3354,2.25287,438,140160,0.0710802,0.09,1,73198,72760,438
5677581,3.66708,6.85057,432,140160,0.102216,0.09,1,73200,72768,432
5679441,1.53342,1.37011,433,140160,0.140443,0.19,1,73201,72768,433
5681521,5.10668,7.47402,430,140160,0.148089,0.13,1,73207,72777,430
5684441,15.4213,17.4948,428,140160,0.125618,0.13,1,73225,72797,428
5687361,4.68427,3.49896,430,140160,0.0891235,0.13,1,73227,72797,430
5690261,6.53685,0.699792,437,140160,0.0338247,0.15,1,73234,72797,437
5693181,3.70737,10.54,427,140160,0.134765,0.15,1,73237,72810,427
5696101,2.34147,2.10799,429,140160,0.122953,0.15,1,73239,72810,429
5699021,2.06829,0.421598,431,140160,0.120591,0.15,1,73241,72810,431
5700661,5.21366,0.0843197,437,140160,0.0801181,0.22,1,73247,72810,437
5703581,2.64273,8.81686,428,140160,0.128024,0.22,1,73249,72821,428
5706501,2.12855,1.76337,430,140160,0.105605,0.22,1,73251,72821,430
5708981,6.82571,0.352675,438,140160,0.197121,0.17,1,73259,72821,438
5711901,2.96514,11.2705,426,140160,0.183424,0.17,1,73261,72835,426
5714801,2.19303,2.25411,428,140160,0.156685,0.15,1,73263,72835,428
5717721,10.0386,8.45082,430,140160,0.063337,0.15,1,73275,72845,430
5720421,9.20772,1.69016,439,140160,0.156667,0.13,1,73284,72845,439
5723341,3.44154,11.538,427,140160,0.143333,0.13,1,73286,72859,427
5726261,2.28831,2.30761,429,140160,0.108667,0.13,1,73288,72859,429
5728741,6.85766,0.461521,437,140160,0.109733,0.19,1,73296,72859,437
5731661,2.97153,8.0923,429,140160,0.0779467,0.19,1,73298,72869,429
5733941,8.59431,1.61846,439,140160,0.175589,0.12,1,73308,72869,439
5736861,3.31886,11.5237,427,140160,0.155118,0.12,1,73310,72883,427
5739781,2.26377,2.30474,429,140160,0.207024,0.12,1,73312,72883,429
5742261,14.8528,0.460948,447,140160,0.153405,0.17,1,73330,72883,447
5744341,72.5705,13.6922,517,140160,0.150681,0.13,1,73417,72900,517
5746421,109.714,72.3384,549,140160,0.134136,0.18,1,73536,72987,549
5749341,23.5428,112.068,429,140160,0.0988272,0.18,1,73538,73109,429
5752261,6.30856,22.4135,431,140160,0.0677655,0.18,1,73540,73109,431
5755181,2.86171,4.48271,433,140160,0.0295531,0.18,1,73542,73109,433
5756821,3.77234,0.896541,437,140160,0.117911,0.17,1,73546,73109,437
5759741,2.35447,6.57931,431,140160,0.103582,0.17,1,73548,73117,431
5762021,2.87089,1.31586,434,140160,0.108716,0.18,1,73551,73117,434
5764941,2.17418,10.6632,423,140160,0.0777433,0.18,1,73553,73130,423
5767861,2.03484,2.13263,425,140160,0.0475487,0.18,1,73555,73130,425
5770781,2.00697,0.426527,427,140160,0.12951,0.18,1,73557,73130,427
5773461,2.00139,0.0853054,429,140160,0.121902,0.16,1,73559,73130,429
5775121,1.20028,0.817061,429,140160,0.10438,0.17,1,73560,73131,429
5778041,9.84006,8.96341,430,140160,0.100876,0.17,1,73572,73142,430
5780961,3.56801,1.79268,432,140160,0.0681752,0.17,1,73574,73142,432
5783861,7.9136,0.358536,441,140160,0.165635,0.15,1,73583,73142,441
5785941,4.78272,8.07171,435,140160,0.129127,0.17,1,73587,73152,435
5788861,2.55654,12.8143,423,140160,0.0898254,0.17,1,73589,73166,423
5791781,2.11131,2.56287,425,140160,0.105965,0.17,1,73591,73166,425
5794701,2.02226,0.512574,427,140160,0.077193,0.17,1,73593,73166,427
5797381,10.0045,0.102515,439,140160,0.0314386,0.14,1,73605,73166,439
5799461,5.20089,8.8205,432,140160,0.118288,0.19,1,73609,73177,432
5801541,14.6402,8.1641,441,140160,0.0556575,0.07,1,73626,73185,441
5803201,4.52804,11.2328,431,140160,0.0671315,0.19,1,73628,73197,431
5806121,7.30561,11.8466,427,140160,0.117426,0.19,1,73636,73209,427
5809041,3.06112,2.36931,429,140160,0.0954853,0.19,1,73638,73209,429
5811961,2.21222,0.473863,431,140160,0.0990971,0.19,1,73640,73209,431
5814021,17.2424,0.0947725,452,140160,0.0678194,0.16,1,73661,73209,452
5816941,5.04849,22.419,426,140160,0.0855639,0.16,1,73663,73237,426
5819861,2.6097,4.48379,428,140160,0.0651128,0.16,1,73665,73237,428
5822341,2.12194,0.896758,430,140160,0.0610226,0.07,1,73667,73237,430
5825261,2.02439,6.57935,424,140160,0.220205,0.07,1,73669,73245,424
5828181,2.00488,1.31587,426,140160,0.252041,0.07,1,73671,73245,426
5830661,7.60098,0.263174,435,140160,0.106408,0.16,1,73680,73245,435
5832741,8.7202,2.45263,441,140160,0.117282,0.15,1,73689,73248,441
5835661,4.14404,14.0905,427,140160,0.0714563,0.15,1,73692,73265,427
5838581,2.42881,2.81811,429,140160,0.0622913,0.15,1,73694,73265,429
5841501,2.08576,0.563621,431,140160,0.0364583,0.15,1,73696,73265,431
5844421,2.01715,0.112724,433,140160,0.119292,0.15,1,73698,73265,433
5847301,10.8034,0.0225448,446,140160,0.0638583,0.2,1,73711,73265,446
5849381,9.36069,14.4045,437,140160,0.0927717,0.13,1,73720,73283,437
5852301,4.27214,12.4809,428,140160,0.0505543,0.13,1,73723,73295,428
5855221,2.45443,2.49618,430,140160,0.0421109,0.13,1,73725,73295,430
5857281,2.09089,0.499236,432,140160,0.0164222,0.06,1,73727,73295,432
5860201,3.61818,4.89985,430,140160,0.107284,0.06,1,73731,73301,430
5862481,2.32364,0.979969,432,140160,0.165457,0.23,1,73733,73301,432
5865401,8.46473,11.396,428,140160,0.177091,0.23,1,73743,73315,428
5868321,3.29295,2.2792,430,140160,0.147418,0.23,1,73745,73315,430
5870801,2.25859,0.45584,432,140160,0.141484,0,1,73747,73315,432
5872881,18.8517,20.8912,429,140160,0.116297,0.12,1,73770,73341,429
5874961,70.9703,74.5782,425,140160,0.0872594,0.16,1,73854,73429,425
5877881,106.194,107.716,424,140160,0.0654519,0.16,1,73969,73545,424
5880801,22.8388,21.5431,426,140160,0.0290904,0.16,1,73971,73545,426
5883721,6.16776,4.30863,428,140160,0.117818,0.16,1,73973,73545,428
5885361,2.03355,0.861725,429,140160,0.119564,0.09,1,73974,73545,429
5888281,3.60671,5.77234,426,140160,0.0559127,0.09,1,73978,73552,426
5891201,2.32134,1.15447,428,140160,0.0111825,0.09,1,73980,73552,428
5894101,2.06427,0.230894,430,140160,0.0982365,0.12,1,73982,73552,430
5897021,2.01285,5.64618,425,140160,0.0836473,0.12,1,73984,73559,425
5899941,2.00257,1.12924,427,140160,0.0487295,0.12,1,73986,73559,427
5902421,3.60051,0.225847,431,140160,0.00974589,0.15,1,73990,73559,431
5905341,2.3201,8.04517,423,140160,0.00194918,0.15,1,73992,73569,423
5907621,13.264,1.60903,439,140160,0.13639,0.19,1,74008,73569,439
5910541,4.2528,11.5218,427,140160,0.131278,0.19,1,74010,73583,427
5912821,6.45056,2.30436,434,140160,0.178256,0.09,1,74017,73583,434
5915741,2.89011,10.8609,423,140160,0.163651,0.09,1,74019,73596,423
5918661,2.17802,2.17217,425,140160,0.12873,0.09,1,74021,73596,425
5921581,2.0356,0.434435,427,140160,0.089746,0.09,1,74023,73596,427
5924501,2.00712,0.086887,429,140160,0.137949,0.09,1,74025,73596,429
5926341,6.80142,0.0173774,437,140160,0.0995898,0.18,1,74033,73596,437
5928001,2.16028,8.80348,427,140160,0.083918,0.2,1,74034,73607,427
5930081,8.43206,11.3607,425,140160,0.128784,0.12,1,74044,73619,425
5933001,13.6864,11.8721,428,140160,0.169757,0.12,1,74059,73631,428
5935701,10.7373,2.37443,438,140160,0.217951,0.17,1,74069,73631,438
5938621,3.74746,10.0749,428,140160,0.19559,0.17,1,74071,73643,428
5941541,2.34949,2.01498,430,140160,0.247118,0.17,1,74073,73643,430
5944021,17.2699,0.402995,451,140160,0.217424,0.22,1,74094,73643,451
5946941,5.05398,24.0806,423,140160,0.171485,0.22,1,74096,73673,423
5949861,2.6108,4.81612,425,140160,0.186297,0.22,1,74098,73673,425
5952781,2.12216,0.963224,427,140160,0.157259,0.22,1,74100,73673,427
5955701,2.02443,0.192645,429,140160,0.303452,0.22,1,74102,73673,429
5958621,2.00489,0.0385289,431,140160,0.34069,0.22,1,74104,73673,431
5960661,10.801,0.00770579,444,140160,0.340138,0.06,1,74117,73673,444
5963581,3.7602,16.8015,425,140160,0.340028,0.06,1,74119,73694,425
5966481,2.35204,3.36031,427,140160,0.300006,0.11,1,74121,73694,427
5969401,8.47041,11.8721,423,140160,0.276001,0.11,1,74131,73708,423
5972321,3.29408,2.37441,425,140160,0.2312,0.11,1,74133,73708,425
5974801,2.25882,0.474882,427,140160,0.27824,0.05,1,74135,73708,427
5977721,3.65176,7.29498,422,140160,0.287648,0.05,1,74139,73717,422
5979381,12.7304,1.459,437,140160,0.30553,0.13,1,74154,73717,437
5982301,4.94607,11.4918,426,140160,0.269106,0.13,1,74157,73731,426
5985221,2.58921,2.29836,428,140160,0.229821,0.13,1,74159,73731,428
5988141,2.11784,0.459672,430,140160,0.189964,0.13,1,74161,73731,430
5989781,6.82357,0.0919344,438,140160,0.229993,0.18,1,74169,73731,438
5992701,3.76471,9.61839,429,141620,0.189999,0.18,1,74172,73743,429
5994981,2.35294,1.92368,431,141620,0.302,0.14,1,74174,73743,431
5997061,3.67059,1.98474,433,141620,0.3244,0.19,1,74178,73745,433
5999981,2.33412,8.39695,425,141620,0.32088,0.19,1,74180,73755,425
6001841,1.26682,1.67939,426,141620,0.328176,0.21,1,74181,73755,426
6003921,17.8534,17.9359,426,141620,0.169635,0.08,1,74203,73777,426
6006001,77.9707,74.7872,430,141620,0.241927,0.04,1,74296,73866,430
6008921,105.194,110.957,422,141620,0.152385,0.04,1,74408,73986,422
6011841,22.6388,22.1915,424,141620,0.102477,0.04,1,74410,73986,424
6014761,6.12776,4.4383,426,141620,0.0684954,0.04,1,74412,73986,426
6017681,2.82555,0.887659,428,141620,0.0296991,0.04,1,74414,73986,428
6020601,2.16511,0.177532,430,141620,0.00593982,0.04,1,74416,73986,430
6023521,2.03302,0.0355064,432,141620,0.113188,0.04,1,74418,73986,432
6026441,2.0066,0.00710127,434,141620,0.102638,0.04,1,74420,73986,434
6029301,2.00132,0.00142025,436,141620,0.0685275,0,1,74422,73986,436
6032221,2.00026,7.20028,429,141620,0.0297055,0,1,74424,73995,429
6035141,2.00005,1.44006,431,141620,0.0059411,0,1,74426,73995,431
6037621,14.8,0.288011,449,141620,0.0331882,0.16,1,74444,73995,449
6040541,4.56,19.2576,427,141620,0.0466376,0.16,1,74446,74019,427
6043441,2.512,3.85152,429,141620,0.0253275,0.09,1,74448,74019,429
6046361,6.1024,11.9703,422,141620,0.133066,0.09,1,74455,74033,422
6049281,2.82048,2.39406,424,141620,0.226613,0.09,1,74457,74033,424
6052201,2.1641,0.478812,426,141620,0.213323,0.09,1,74459,74033,426
6054881,2.03282,0.0957624,428,141620,0.178665,0.08,1,74461,74033,428
6056961,2.00656,0.819152,429,141620,0.219733,0.24,1,74463,74034,429
6059881,15.6013,12.9638,432,141620,0.107947,0.24,1,74482,74050,432
6062581,15.9203,2.59277,448,141620,0.165589,0.16,1,74498,74050,448
6064661,9.58405,11.7186,442,141620,0.169118,0.26,1,74506,74064,442
6067581,3.51681,12.7437,431,141620,0.169824,0.26,1,74508,74077,431
6070501,2.30336,2.54874,433,141620,0.145965,0.26,1,74510,74077,433
6072561,2.06067,0.509748,435,141620,0.149193,0.34,1,74512,74077,435
6075481,17.2121,20.1019,431,141620,0.205839,0.34,1,74533,74102,431
6078401,5.04243,4.02039,433,141620,0.201168,0.34,1,74535,74102,433
6081321,2.60849,0.804078,435,141620,0.168234,0.34,1,74537,74102,435
6082961,1.3217,0.160816,436,141620,0.137647,0.31,1,74538,74102,436
6085881,1.86434,3.23216,434,141620,0.0995293,0.31,1,74540,74106,434
6088801,1.97287,0.646433,436,141620,0.251906,0.31,1,74542,74106,436
6090661,9.99457,0.129287,448,141620,0.250381,0.23,1,74554,74106,448
6093581,3.59891,14.4259,432,141620,0.250076,0.23,1,74556,74124,432
6096501,2.31978,2.88517,434,141620,0.210015,0.23,1,74558,74124,434
6098981,10.064,0.577034,446,141620,0.170003,0.34,1,74570,74124,446
6101901,3.61279,12.9154,432,141620,0.170001,0.34,1,74572,74140,432
6104821,2.32256,2.58308,434,141620,0.258,0.34,1,74574,74140,434
6107741,2.06451,0.516616,436,141620,0.2836,0.34,1,74576,74140,436
6109381,13.2129,0.103323,452,141620,0.27272,0.2,1,74592,74140,452
6112301,5.04258,17.6207,433,141620,0.278544,0.2,1,74595,74162,433
6115221,2.60852,3.52413,435,141620,0.247709,0.2,1,74597,74162,435
6118141,2.1217,0.704827,437,141620,0.217542,0.2,1,74599,74162,437
6119781,6.02434,0.140965,444,141620,0.171508,0.22,1,74606,74162,444
6121861,4.40487,6.42819,440,143080,0.274302,0.34,1,74610,74170,440
6124781,2.48097,8.48564,433,143080,0.30286,0.34,1,74612,74179,433
6127681,2.09619,1.69713,435,143080,0.308572,0.27,1,74614,74179,435
6130601,2.01924,5.93943,430,143080,0.317714,0.27,1,74616,74186,430
6132881,2.00385,1.18789,432,143080,0.287543,0.35,1,74618,74186,432
6134961,20.4008,19.4376,433,143080,0.201509,0.21,1,74643,74210,433
6137041,71.2802,74.2875,429,143080,0.312302,0,1,74727,74298,429
6139961,103.056,109.258,422,143080,0.26246,0,1,74838,74416,422
6142881,22.2112,21.8515,424,143080,0.220492,0,1,74840,74416,424
6145801,6.04224,4.3703,426,143080,0.292098,0,1,74842,74416,426
6148481,2.80845,0.87406,428,143080,0.27442,0,1,74844,74416,428
6151401,3.76169,8.17481,422,143080,0.278884,0,1,74848,74426,422
6154321,2.35234,1.63496,424,143080,0.239777,0,1,74850,74426,424
6157241,2.07047,0.326992,426,143080,0.223955,0,1,74852,74426,426
6160161,2.01409,0.0653985,428,143080,0.276791,0,1,74854,74426,428
6163041,2.00282,0.0130797,430,143080,0.255358,0,1,74856,74426,430
6165961,2.00056,6.40262,424,143080,0.211072,0,1,74858,74434,424
6167621,18.0001,1.28052,446,143080,0.0742143,0,1,74880,74434,446
6170541,5.20002,14.6561,430,143080,0.0148429,0,1,74882,74452,430
6173461,2.64,2.93122,432,143080,0.00296857,0,1,74884,74452,432
6175941,4.528,0.586244,437,143080,0.144594,0.19,1,74889,74452,437
6178861,2.5056,6.51725,431,143080,0.228919,0.19,1,74891,74460,431
6181781,2.10112,1.30345,433,143080,0.213784,0.19,1,74893,74460,433
6184261,4.42022,0.26069,438,143080,0.218757,0.2,1,74898,74460,438
6187181,4.08404,10.4521,429,143080,0.163751,0.2,1,74902,74473,429
6189461,10.4168,2.09043,441,143080,0.15275,0.23,1,74914,74473,441
6191541,13.2834,10.8181,442,143080,0.24655,0.17,1,74928,74486,442
6193201,3.45667,14.1636,428,143080,0.24931,0.17,1,74929,74501,428
6195281,7.89133,8.43272,430,143080,0.209862,0.18,1,74938,74508,430
6198201,8.77827,10.4865,428,143080,0.193972,0.18,1,74947,74519,428
6201121,4.95565,2.09731,432,143080,0.198794,0.18,1,74951,74519,432
6203601,2.59113,0.419462,434,143080,0.231759,0.12,1,74953,74519,434
6206521,12.5182,16.0839,429,143080,0.230352,0.12,1,74968,74539,429
6209441,4.10365,3.21678,431,143080,0.23007,0.12,1,74970,74539,431
6212361,2.42073,0.643356,433,143080,0.198014,0.12,1,74972,74539,433
6214001,1.28415,0.128671,434,143080,0.255603,0.32,1,74973,74539,434
6216921,5.05683,8.02573,430,143080,0.259121,0.32,1,74979,74549,430
6219201,2.61137,1.60515,432,143080,0.235824,0.26,1,74981,74549,432
6222121,11.7223,10.721,433,143080,0.215165,0.26,1,74995,74562,433
6225041,3.94445,2.14421,435,143080,0.179033,0.26,1,74997,74562,435
6227521,2.38889,0.428841,437,143080,0.139807,0.28,1,74999,74562,437
6230441,5.27778,9.68577,431,143080,0.219961,0.28,1,75005,74574,431
6232721,2.65556,1.93715,433,143080,0.251992,0.25,1,75007,74574,433
6235641,9.33111,8.38743,434,143080,0.210398,0.25,1,75018,74584,434
6237921,3.46622,1.67749,436,143080,0.20208,0.24,1,75020,74584,436
6240841,7.09324,10.7355,431,143080,0.224416,0.24,1,75028,74597,431
6243121,3.81865,2.1471,434,143080,0.180883,0.32,1,75031,74597,434
6246041,11.9637,10.0294,436,144540,0.0841766,0.32,1,75045,74609,436
6248961,3.99275,2.00588,438,144540,0.0648353,0.32,1,75047,74609,438
6251861,3.99855,0.401177,442,144540,0.0689671,0.27,1,75051,74609,442
6254781,2.39971,12.8802,428,144540,0.157793,0.27,1,75053,74625,428
6257701,2.07994,2.57605,430,144540,0.175559,0.27,1,75055,74625,430
6260621,2.01599,0.515209,432,144540,0.203112,0.27,1,75057,74625,432
6263541,2.0032,0.103042,434,144540,0.176622,0.27,1,75059,74625,434
6265381,22.8006,0.0206084,462,144540,0.0993245,0.35,1,75087,74625,462
6267461,72.5601,22.4041,519,144540,0.107865,0.38,1,75172,74653,519
6269541,95.312,73.2808,534,144540,0.173573,0.29,1,75273,74739,534
6272461,20.6624,97.8562,432,144540,0.162715,0.29,1,75275,74843,432
6275381,5.73248,19.5712,434,144540,0.128543,0.29,1,75277,74843,434
6277861,2.7465,3.91425,436,144540,0.257709,0.29,1,75279,74843,436
6280781,2.1493,9.58285,427,144540,0.251542,0.29,1,75281,74854,427
6283701,2.02986,1.91657,429,144540,0.210308,0.29,1,75283,74854,429
6286621,2.00597,0.383314,431,144540,0.170062,0.29,1,75285,74854,431
6289301,2.00119,0.0766628,433,144540,0.130012,0.23,1,75287,74854,433
6292221,2.00024,8.01533,425,144540,0.0900025,0.23,1,75289,74864,425
6295141,2.00005,1.60307,427,144540,0.0500005,0.23,1,75291,74864,427
6297621,19.6,0.320613,451,144540,0.114,0,1,75315,74864,451
6300541,5.52,18.4641,430,144540,0.0948,0,1,75317,74887,430
6303461,2.704,3.69282,432,144540,0.06696,0,1,75319,74887,432
6305941,6.9408,0.738565,440,144540,0.109392,0.24,1,75327,74887,440
6308861,2.98816,8.14771,432,144540,0.0858784,0.24,1,75329,74897,432
6311781,2.19763,1.62954,434,144540,0.0491757,0.24,1,75331,74897,434
6314261,8.43953,0.325908,444,144540,0.193835,0.24,1,75341,74897,444
6317181,4.08791,9.66518,435,144540,0.206767,0.24,1,75344,74909,435
6319461,5.61758,1.93304,441,144540,0.153353,0.1,1,75350,74909,441
6321541,9.12352,6.78661,443,144540,0.166671,0.21,1,75360,74917,443
6324241,3.4247,14.1573,429,144540,0.129334,0.16,1,75362,74933,429
6326321,11.8849,10.0315,434,144540,0.129867,0.2,1,75376,74942,434
6329241,10.377,12.4063,431,144540,0.153973,0.2,1,75386,74955,431
6332161,3.6754,2.48126,433,144540,0.206795,0.2,1,75388,74955,433
6334641,2.33508,0.496252,435,144540,0.185359,0.26,1,75390,74955,435
6337561,11.667,15.2993,430,144540,0.189072,0.26,1,75404,74974,430
6340481,3.9334,3.05985,432,144540,0.157814,0.26,1,75406,74974,432
6343401,2.38668,0.61197,434,144540,0.127563,0.26,1,75408,74974,434
6345041,1.27734,0.122394,435,144540,0.105513,0.24,1,75409,74974,435
6347121,5.05547,4.82448,435,144540,0.0531025,0.29,1,75415,74980,435
6350041,4.21109,8.1649,430,144540,0.16262,0.29,1,75419,74989,430
6351701,8.84222,1.63298,440,144540,0.216524,0.3,1,75429,74989,440
6354621,3.36844,9.1266,431,144540,0.203305,0.3,1,75431,75000,431
6357541,2.27369,1.82532,433,144540,0.192661,0.3,1,75433,75000,433
6360021,8.45474,0.365064,443,144540,0.238532,0.29,1,75443,75000,443
6362941,3.29095,11.273,431,144540,0.215706,0.29,1,75445,75014,431
6365221,8.65819,2.2546,441,144540,0.267141,0.23,1,75455,75014,441
6368141,3.33164,11.6509,429,144540,0.253428,0.23,1,75457,75028,429
6370421,14.2663,2.33018,446,144540,0.290686,0.06,1,75474,75028,446
6373341,4.45327,14.066,431,144540,0.266137,0.06,1,75476,75045,431
6375621,4.09065,2.81321,435,144540,0.229227,0.09,1,75480,75045,435
6378541,2.41813,4.56264,432,144540,0.197845,0.09,1,75482,75050,432
6380821,2.08363,0.912528,434,144540,0.191569,0.17,1,75484,75050,434
6383741,2.01673,7.38251,427,144540,0.158314,0.17,1,75486,75059,427
6386661,2.00335,1.4765,429,144540,0.223663,0.17,1,75488,75059,429
6389581,2.00067,0.2953,431,144540,0.236733,0.17,1,75490,75059,431
6392261,3.60013,0.05906,435,144540,0.183347,0.17,1,75494,75059,435
6393921,1.52003,4.01181,431,144540,0.156669,0.3,1,75495,75064,431
6396001,26.704,24.8024,434,144540,0.231334,0.16,1,75528,75094,434
6398081,71.7408,74.5605,430,144540,0.310267,0.16,1,75611,75181,430
6401001,93.5482,98.1121,425,144540,0.246053,0.16,1,75710,75285,425
6403921,20.3096,19.6224,427,144540,0.201211,0.16,1,75712,75285,427
6406841,5.66193,3.92448,429,144540,0.216242,0.16,1,75714,75285,429
6409761,2.73239,0.784897,431,144540,0.195248,0.16,1,75716,75285,431
6412681,2.14648,0.156979,433,144540,0.21505,0.16,1,75718,75285,433
6414721,2.0293,0.0313959,435,144540,0.18701,0.08,1,75720,75285,435
6417641,2.00586,7.20628,428,144540,0.189402,0.08,1,75722,75294,428
6420561,2.00117,1.44126,430,144540,0.16588,0.08,1,75724,75294,430
6423481,2.00023,0.288251,432,144540,0.129176,0.08,1,75726,75294,432
6426161,2.00005,0.0576502,434,144540,0.0978352,0,1,75728,75294,434
6429081,15.6,23.2115,424,144540,0.091567,0,1,75747,75323,424
6432001,6.32,4.64231,428,144540,0.154313,0,1,75751,75323,428
6434481,4.464,0.928461,432,144540,0.0948627,0.06,1,75755,75323,432
6437401,4.8928,5.78569,430,144540,0.0669725,0.06,1,75760,75330,430
6439681,2.57856,1.15714,432,144540,0.0533945,0.24,1,75762,75330,432
6442601,3.71571,4.23143,431,144540,0.0586789,0.24,1,75766,75335,431
6444261,12.7431,0.846285,446,144540,0.0837358,0.23,1,75781,75335,446
6447181,4.94863,16.1693,429,144540,0.104747,0.23,1,75784,75355,429
6450081,2.58973,3.23385,431,144540,0.0849494,0.21,1,75786,75355,431
6453001,7.71795,10.2468,428,144540,0.15299,0.21,1,75795,75367,428
6455281,3.14359,2.04935,430,144540,0.134598,0.18,1,75797,75367,430
6458201,18.2287,18.8099,429,144540,0.0909196,0.18,1,75819,75390,429
6461121,5.24574,3.76197,431,144540,0.242184,0.18,1,75821,75390,431
6464021,4.24915,0.752395,435,144540,0.216437,0.25,1,75825,75390,435
6465681,1.64983,8.95048,425,144540,0.187287,0.15,1,75826,75401,425
6467761,10.73,5.7901,433,144540,0.157457,0.21,1,75839,75406,433
6470681,6.94599,10.758,427,144540,0.207491,0.21,1,75845,75418,427
6473601,2.9892,2.1516,429,144540,0.177498,0.21,1,75847,75418,429
6476521,2.19784,0.430321,431,144540,0.2115,0.21,1,75849,75418,431
6478161,1.23957,0.0860641,432,144540,0.2023,0.21,1,75850,75418,432
6480241,1.84791,3.21721,430,144540,0.23246,0.2,1,75852,75422,430
6482321,10.7696,7.84344,434,144540,0.158492,0.3,1,75865,75431,434
6485241,8.55392,7.96869,434,144540,0.127698,0.3,1,75873,75439,434
6488161,3.31078,1.59374,436,144540,0.0895397,0.3,1,75875,75439,436
6490021,3.06216,0.318748,439,144540,0.185908,0.23,1,75878,75439,439
6492101,7.01243,4.06375,442,144540,0.173182,0.25,1,75886,75444,442
6495021,3.00249,11.2128,431,144540,0.170636,0.25,1,75888,75457,431
6497301,7.0005,2.24255,439,144540,0.138127,0.23,1,75896,75457,439
6498961,2.2001,4.44851,435,144540,0.187625,0.26,1,75897,75462,435
6501041,6.84002,12.0897,429,144540,0.157525,0.17,1,75905,75476,429
6503961,9.368,9.61794,430,144540,0.199505,0.17,1,75915,75485,430
6506881,3.4736,1.92359,432,144540,0.175901,0.17,1,75917,75485,432
6509801,2.29472,0.384718,434,144540,0.13918,0.17,1,75919,75485,434
6511441,1.25894,0.0769435,435,144540,0.139836,0.27,1,75920,75485,435
6514361,3.45179,9.61539,427,144540,0.171967,0.27,1,75924,75497,427
6517281,2.29036,1.92308,429,144540,0.154393,0.27,1,75926,75497,429
6520201,2.05807,0.384616,431,144540,0.158879,0.27,1,75928,75497,431
6523121,2.01161,0.0769231,433,144540,0.191776,0.27,1,75930,75497,433
6524961,1.20232,0.0153846,434,144540,0.182355,0.31,1,75931,75497,434
6527041,32.2405,32.0031,434,144540,0.252471,0.26,1,75971,75537,434
6529121,70.4481,70.4006,434,144540,0.266494,0.2,1,76051,75617,434
6532041,88.4896,95.6801,425,144540,0.101299,0.2,1,76144,75719,425
6534961,19.2979,19.136,427,144540,0.22026,0.2,1,76146,75719,427
6537881,5.45958,3.8272,429,144540,0.220052,0.2,1,76148,75719,429
6540801,2.69192,0.765441,431,144540,0.18801,0.2,1,76150,75719,431
6543681,2.13838,0.153088,433,144540,0.149602,0.12,1,76152,75719,433
6546601,2.02768,5.63062,428,144540,0.10992,0.12,1,76154,75726,428
6549521,2.00554,1.12612,430,144540,0.0699841,0.12,1,76156,75726,430
6552421,2.00111,0.225225,432,144540,0.0299968,0.18,1,76158,75726,432
6555341,2.00022,5.64504,427,144540,0.133999,0.18,1,76160,75733,427
6557201,1.20004,1.12901,428,144540,0.1388,0.17,1,76161,75733,428
6559281,11.44,14.6258,424,144540,0.10776,0.05,1,76175,75751,424
6562201,11.888,11.7252,425,144540,0.157552,0.05,1,76187,75762,425
6565121,3.9776,2.34503,427,144540,0.19951,0.05,1,76189,75762,427
6567601,2.39552,0.469006,429,144540,0.175902,0.16,1,76191,75762,429
6570521,6.0791,8.8938,425,144540,0.12318,0.16,1,76198,75773,425
6572801,2.81582,1.77876,427,144540,0.0806361,0.13,1,76200,75773,427
6574881,10.9632,8.35575,430,144540,0.224127,0.07,1,76213,75783,430
6577801,8.59263,8.07115,430,144540,0.164825,0.07,1,76221,75791,430
6580721,3.31853,1.61423,432,144540,0.128965,0.07,1,76223,75791,432
6582581,1.46371,0.322846,433,144540,0.105793,0.13,1,76224,75791,433
6584661,8.29274,4.86457,437,144540,0.173159,0.13,1,76234,75797,437
6586321,2.45855,10.5729,426,144540,0.178632,0.21,1,76235,75809,426
6589241,14.0917,14.9146,427,144540,0.195726,0.21,1,76252,75825,427
6591521,4.41834,2.98292,429,144540,0.175145,0.15,1,76254,75825,429
6594441,4.08367,5.39658,427,144540,0.227029,0.15,1,76258,75831,427
6596721,2.41673,1.07932,429,144540,0.245406,0.18,1,76260,75831,429
6598801,11.6833,8.21586,433,144540,0.161081,0.22,1,76274,75841,433
6601721,5.53667,8.04317,429,144540,0.136216,0.22,1,76278,75849,429
6604001,2.70733,1.60863,431,144540,0.0992433,0.2,1,76280,75849,431
6606921,5.34147,9.12173,426,144540,0.227849,0.2,1,76286,75860,426
6609841,2.66829,1.82435,428,144540,0.24557,0.2,1,76288,75860,428
6612741,12.5337,0.364869,443,144540,0.241114,0.14,1,76303,75860,443
6614821,10.5067,9.67297,441,144540,0.256223,0.17,1,76313,75872,441
6617741,3.70135,13.1346,429,144540,0.227245,0.17,1,76315,75886,429
6620641,2.34027,2.62692,431,144540,0.221449,0.16,1,76317,75886,431
6623561,8.46805,10.9254,428,144540,0.14829,0.16,1,76327,75899,428
6626481,3.29361,2.18508,430,144540,0.189658,0.16,1,76329,75899,430
6629401,2.25872,0.437015,432,144540,0.197932,0.16,1,76331,75899,432
6631461,5.25174,0.0874031,438,144540,0.207586,0.26,1,76337,75899,438
6633541,9.05035,8.01748,438,144540,0.201517,0.15,1,76347,75909,438
6636461,3.41007,8.8035,431,144540,0.160303,0.15,1,76349,75918,431
6638741,3.88201,1.7607,435,144540,0.160061,0.17,1,76353,75918,435
6641661,2.3764,5.95214,430,144540,0.160012,0.17,1,76355,75925,430
6644561,2.07528,1.19043,432,144540,0.136002,0.12,1,76357,75925,432
6647481,6.81506,13.0381,424,144540,0.1072,0.12,1,76365,75941,424
6650401,2.96301,2.60762,426,144540,0.0694401,0.12,1,76367,75941,426
6653321,2.1926,0.521523,428,144540,0.189888,0.12,1,76369,75941,428
6656001,2.03852,0.104305,430,144540,0.213978,0.18,1,76371,75941,430
6658081,34.0077,36.0209,427,144540,0.242796,0.27,1,76413,75986,427
6660161,72.4015,67.2042,434,144540,0.200559,0.08,1,76495,76061,434
6663081,82.4803,88.6408,425,144540,0.0881118,0.08,1,76580,76155,425
6666001,18.0961,17.7282,427,144540,0.0336224,0.08,1,76582,76155,427
6668921,5.21921,3.54563,429,144540,0.00672447,0.08,1,76584,76155,429
6671841,2.64384,0.709127,431,144540,0.00134489,0.08,1,76586,76155,431
6674761,2.12877,0.141825,433,144540,0.192269,0.08,1,76588,76155,433
6676801,2.02575,0.0283651,435,144540,0.198454,0.25,1,76590,76155,435
6679721,2.00515,9.60567,425,144540,0.223691,0.25,1,76592,76167,425
6682641,2.00103,1.92113,427,144540,0.196738,0.25,1,76594,76167,427
6685561,2.00021,0.384227,429,144540,0.159348,0.25,1,76596,76167,429
6688241,2.00004,0.0768454,431,144540,0.11987,0.21,1,76598,76167,431
6690321,13.2,14.4154,429,144540,0.0239739,0.17,1,76614,76185,429
6693241,9.84,9.28307,430,144540,0.140795,0.17,1,76623,76193,430
6696161,3.568,1.85661,432,144540,0.124159,0.17,1,76625,76193,432
6698641,2.3136,0.371323,434,144540,0.0888318,0.21,1,76627,76193,434
6701561,5.26272,6.47426,432,144540,0.105766,0.21,1,76633,76201,432
6703841,2.65254,1.29485,434,144540,0.0771533,0.12,1,76635,76201,434
6706761,14.1305,17.859,429,144540,0.231431,0.12,1,76652,76223,429
6709461,7.6261,3.57179,435,144540,0.214286,0.22,1,76658,76223,435
6712381,3.12522,6.31436,430,144540,0.178857,0.22,1,76660,76230,430
6714661,4.62504,1.26287,435,144540,0.179771,0.16,1,76665,76230,435
6717361,3.32501,5.85257,431,144540,0.163954,0.25,1,76668,76237,431
6720281,17.465,19.5705,429,144540,0.176791,0.25,1,76689,76260,429
6723201,5.093,3.9141,431,144540,0.179358,0.25,1,76691,76260,431
6726101,2.6186,0.78282,433,144540,0.147872,0.17,1,76693,76260,433
6727761,1.32372,5.75656,427,144540,0.133574,0.14,1,76694,76267,427
6729841,13.8647,9.15131,434,144540,0.0747149,0.21,1,76711,76277,434
6732761,7.57295,12.2303,427,144540,0.182943,0.21,1,76717,76290,427
6735681,3.11459,2.44605,429,144540,0.204589,0.21,1,76719,76290,429
6738601,2.22292,0.48921,431,144540,0.184918,0.21,1,76721,76290,431
6740241,1.24458,0.0978421,432,144540,0.252984,0.22,1,76722,76290,432
6743161,18.6489,21.6196,428,144540,0.194597,0.22,1,76745,76317,428
6746081,5.32978,4.32391,430,144540,0.270919,0.22,1,76747,76317,430
6748561,2.66596,0.864783,432,144540,0.286184,0.18,1,76749,76317,432
6751481,6.93319,6.57296,432,144540,0.257237,0.18,1,76757,76325,432
6753141,3.78664,1.31459,435,144540,0.203447,0.2,1,76760,76325,435
6756061,2.35733,6.66292,429,144540,0.200689,0.2,1,76762,76333,429
6758981,2.07147,1.33258,431,144540,0.288138,0.2,1,76764,76333,431
6761461,3.61429,0.266517,435,144540,0.281628,0.14,1,76768,76333,435
6763541,11.1229,6.4533,440,144540,0.176326,0.13,1,76781,76341,440
6766461,3.82457,14.0907,426,144540,0.211265,0.13,1,76783,76357,426
6769381,2.36491,2.81813,428,144540,0.218253,0.13,1,76785,76357,428
6772301,2.07298,0.563626,430,144540,0.195651,0.13,1,76787,76357,430
6773941,6.0146,0.112725,437,144540,0.20713,0.08,1,76794,76357,437
6776861,2.80292,7.22255,430,144540,0.185426,0.08,1,76796,76366,430
6779141,2.16058,1.44451,432,144540,0.149085,0.18,1,76798,76366,432
6782061,2.03212,7.4889,425,144540,0.141817,0.18,1,76800,76375,425
6784981,2.00642,1.49778,427,144540,0.260363,0.18,1,76802,76375,427
6787041,2.00128,0.299556,429,144540,0.284073,0.13,1,76804,76375,429
6789121,41.2003,41.6599,428,144540,0.296815,0.25,1,76855,76427,428
6791201,69.04,65.932,432,144540,0.235363,0.22,1,76931,76499,432
6794121,81.808,85.1864,427,144540,0.0950726,0.22,1,77016,76589,427
6797041,17.9616,17.0373,429,144540,0.187015,0.22,1,77018,76589,429
6799961,5.19232,3.40746,431,144540,0.181403,0.22,1,77020,76589,431
6802881,2.63846,0.681491,433,144540,0.148281,0.22,1,77022,76589,433
6805761,2.12769,0.136298,435,144540,0.109656,0.19,1,77024,76589,435
6808681,2.02554,12.0273,422,144540,0.0699312,0.19,1,77026,76604,422
6811601,2.00511,2.40545,424,144540,0.0299862,0.19,1,77028,76604,424
6814521,2.00102,0.48109,426,144540,0.00599725,0.19,1,77030,76604,426
6817441,2.0002,0.0962181,428,144540,0.201199,0.19,1,77032,76604,428
6819281,1.20004,0.0192436,429,144540,0.23224,0.19,1,77033,76604,429
6821361,13.04,14.4038,427,144540,0.110448,0.12,1,77049,76622,427
6824281,7.408,10.0808,424,144540,0.11809,0.12,1,77055,76631,424
6827201,4.6816,2.01615,428,144540,0.207618,0.12,1,77059,76631,428
6829681,4.13632,0.403231,432,144540,0.241524,0.05,1,77063,76631,432
6832601,6.42726,4.08065,434,144540,0.176305,0.05,1,77070,76636,434
6834881,2.88545,0.816129,436,144540,0.131261,0.17,1,77072,76636,436
6837801,14.9771,19.3632,430,144540,0.170252,0.17,1,77090,76660,430
6840081,5.39542,3.87265,433,144540,0.18605,0.14,1,77093,76660,433
6843001,5.87908,7.97453,430,144540,0.22121,0.14,1,77099,76669,430
6845921,2.77582,1.59491,432,144540,0.196242,0.14,1,77101,76669,432
6848401,2.15516,0.318981,434,144540,0.183248,0.17,1,77103,76669,434
6851321,23.631,28.0638,428,144540,0.10865,0.17,1,77132,76704,428
6854241,6.32621,5.61276,430,144540,0.10173,0.17,1,77134,76704,430
6857161,2.86524,1.12255,432,144540,0.236346,0.17,1,77136,76704,432
6858801,1.37305,0.22451,433,144540,0.247269,0.21,1,77137,76704,433
6861721,11.4746,12.0449,432,144540,0.289454,0.21,1,77151,76719,432
6864421,8.69492,2.40898,440,144540,0.241891,0.22,1,77159,76719,440
6867341,3.33898,7.6818,433,144540,0.288378,0.22,1,77161,76728,433
6870261,2.2678,1.53636,435,144540,0.257676,0.22,1,77163,76728,435
6872741,17.2536,0.307272,456,144540,0.259535,0.34,1,77184,76728,456
6875661,5.85071,19.2615,435,144540,0.243907,0.34,1,77187,76752,435
6878581,2.77014,3.85229,437,144540,0.256781,0.34,1,77189,76752,437
6881061,3.75403,0.770458,441,144540,0.291356,0.22,1,77193,76752,441
6883761,2.35081,7.35409,434,144540,0.298271,0.27,1,77195,76761,434
6886681,5.27016,9.47082,430,144540,0.283654,0.27,1,77201,76771,430
6889601,2.65403,1.89416,432,144540,0.272731,0.27,1,77203,76771,432
6892081,2.13081,0.378833,434,144540,0.238546,0.16,1,77205,76771,434
6895001,13.2262,16.0758,430,144540,0.231709,0.16,1,77221,76791,430
6897921,4.24523,3.21515,432,144540,0.206342,0.16,1,77223,76791,432
6900841,2.44905,0.643031,434,144540,0.169268,0.16,1,77225,76791,434
6902481,1.28981,0.128606,435,144540,0.145854,0.29,1,77226,76791,435
6905401,3.45796,10.4257,426,144540,0.173171,0.29,1,77230,76804,426
6908321,2.29159,2.08514,428,144540,0.234634,0.29,1,77232,76804,428
6911241,2.05832,0.417029,430,144540,0.214927,0.29,1,77234,76804,430
6914161,2.01166,0.0834058,432,144540,0.186985,0.29,1,77236,76804,432
6916001,1.20233,0.0166812,433,144540,0.157397,0.14,1,77237,76804,433
6918081,8.24047,6.40334,435,144540,0.159479,0.12,1,77247,76812,435
6920161,40.0481,44.4807,429,144540,0.239896,0.3,1,77295,76866,429
6922241,70.4096,66.4961,435,144540,0.223979,0.16,1,77373,76938,435
6925161,71.6819,79.6992,424,144540,0.156796,0.16,1,77445,77021,424
6928081,17.5364,15.9398,428,144540,0.0793592,0.16,1,77449,77021,428
6930561,6.70728,3.18797,432,144540,0.159872,0,1,77453,77021,432
6933481,4.54146,7.03759,428,144540,0.111974,0,1,77457,77029,428
6936401,2.50829,1.40752,430,144540,0.0703949,0,1,77459,77029,430
6939321,2.10166,0.281504,432,144540,0.054079,0,1,77461,77029,432
6942001,2.02033,0.0563007,434,144540,0.0828158,0.23,1,77463,77029,434
6944921,3.60407,9.61126,426,144540,0.0325632,0.23,1,77467,77041,426
6947841,2.32081,1.92225,428,144540,0.0705126,0.23,1,77469,77041,428
6950321,2.06416,0.38445,430,144540,0.118103,0.27,1,77471,77041,430
6953241,12.4128,12.8769,429,144540,0.135621,0.27,1,77486,77057,429
6955941,7.28257,2.57538,435,144540,0.171124,0.18,1,77492,77057,435
6958861,4.65651,10.1151,427,144540,0.154225,0.18,1,77496,77069,427
6960721,3.3313,2.02302,430,144540,0.126845,0.25,1,77499,77069,430
6963641,10.2663,10.0046,430,144540,0.113369,0.25,1,77511,77081,430
6965921,3.65325,2.00092,432,144540,0.0866738,0.21,1,77513,77081,432
6968001,8.73065,9.20018,431,144540,0.185335,0.16,1,77523,77092,431
6970921,8.14613,5.84004,434,144540,0.101067,0.16,1,77531,77097,434
6972581,4.02923,1.16801,437,144540,0.188213,0.26,1,77534,77097,437
6975501,2.40585,6.6336,431,144540,0.173643,0.26,1,77536,77105,431
6978421,2.08117,1.32672,433,144540,0.138729,0.26,1,77538,77105,433
6980901,21.2162,0.265344,459,144540,0.0997457,0.27,1,77564,77105,459
6983821,6.64325,26.4531,429,144540,0.147949,0.27,1,77567,77138,429
6986741,2.92865,5.29061,431,144540,0.18959,0.27,1,77569,77138,431
6989661,2.18573,1.05812,433,144540,0.165918,0.27,1,77571,77138,433
6991301,17.2371,0.211625,454,144540,0.201184,0.27,1,77592,77138,454
6994221,5.04743,19.2423,432,144540,0.184237,0.27,1,77594,77162,432
6997141,2.60949,3.84846,434,144540,0.204847,0.27,1,77596,77162,434
6999621,6.9219,0.769693,442,144540,0.208969,0.29,1,77604,77162,442
7001281,2.18438,8.15394,433,144540,0.193794,0.28,1,77605,77172,433
7004201,13.2369,16.0308,431,144540,0.222759,0.28,1,77621,77190,431
7007121,4.24738,3.20616,433,144540,0.268552,0.28,1,77623,77190,433
7009601,2.44947,0.641231,435,144540,0.27771,0.23,1,77625,77190,435
7012521,6.8899,12.1282,428,144540,0.191542,0.23,1,77633,77205,428
7015441,2.97798,2.42565,430,144540,0.158308,0.23,1,77635,77205,430
7018361,2.1956,0.48513,432,144540,0.175662,0.23,1,77637,77205,432
7020001,1.23912,0.097026,433,144540,0.155132,0.29,1,77638,77205,433
7022921,8.24782,10.4194,430,144540,0.151026,0.29,1,77648,77218,430
7024581,8.84956,2.08388,439,144540,0.262205,0.25,1,77657,77218,439
7027501,3.36991,11.6168,427,144540,0.252441,0.25,1,77659,77232,427
7030421,2.27398,2.32336,429,144540,0.218488,0.25,1,77661,77232,429
7033341,2.0548,0.464671,431,144540,0.187698,0.25,1,77663,77232,431
7035601,2.01096,0.0929342,433,144540,0.17354,0.1,1,77665,77232,433
7038521,5.20219,7.21859,430,144540,0.202708,0.1,1,77671,77241,430
7041441,2.64044,1.44372,432,144540,0.232542,0.1,1,77673,77241,432
7044361,2.12809,0.288743,434,144540,0.214508,0.1,1,77675,77241,434
7047041,2.02562,0.0577487,436,144540,0.210902,0.28,1,77677,77241,436
7049121,11.6051,16.0115,430,144540,0.28218,0.08,1,77691,77261,430
7051201,35.121,40.0023,425,144540,0.280436,0.25,1,77732,77307,425
7053281,75.8242,72.8005,430,144540,0.352087,0.06,1,77818,77388,430
7055361,59.9648,63.3601,425,144540,0.334417,0.1,1,77874,77449,425
7058281,16.793,19.072,423,144540,0.234884,0.1,1,77880,77457,423
7061201,4.95859,3.8144,425,144540,0.310977,0.1,1,77882,77457,425
7063061,8.99172,0.762881,435,144540,0.174195,0.13,1,77892,77457,435
7065981,3.39834,11.3526,423,144540,0.290839,0.13,1,77894,77471,423
7068901,2.27967,2.27052,425,144540,0.282168,0.13,1,77896,77471,425
7071821,2.05593,0.454103,427,144540,0.280434,0.13,1,77898,77471,427
7074741,2.01119,0.0908206,429,144540,0.256087,0.13,1,77900,77471,429
7077661,2.00224,0.0181641,431,144540,0.219217,0.13,1,77902,77471,431
7079701,6.80045,0.00363282,439,144540,0.275843,0,1,77910,77471,439
7081361,2.16009,7.20073,431,144540,0.271169,0.1,1,77911,77480,431
7083441,3.63202,7.84015,427,144540,0.254234,0.12,1,77915,77488,427
7086361,7.9264,10.368,425,144540,0.322847,0.12,1,77924,77499,425
7089281,3.18528,2.07361,427,144540,0.304569,0.12,1,77926,77499,427
7091141,13.4371,0.414721,443,144540,0.276914,0.11,1,77942,77499,443
7093221,5.88741,9.68294,435,144540,0.207383,0.25,1,77946,77511,435
7096141,2.77748,9.93659,427,144540,0.169477,0.25,1,77948,77521,427
7098421,8.5555,1.98732,437,144540,0.225895,0.21,1,77958,77521,437
7101121,3.3111,10.7975,426,144540,0.205179,0.18,1,77960,77534,426
7104041,9.46222,10.9595,426,144540,0.225036,0.18,1,77971,77545,426
7106961,3.49244,2.1919,428,144540,0.197007,0.18,1,77973,77545,428
7109441,2.29849,0.43838,430,144540,0.279401,0.16,1,77975,77545,430
7112361,26.0597,27.2877,428,144540,0.23188,0.16,1,78007,77579,428
7115281,6.81194,5.45754,430,144540,0.246376,0.16,1,78009,77579,430
7118201,2.96239,1.09151,432,144540,0.273275,0.16,1,78011,77579,432
7119841,1.39248,0.218301,433,144540,0.278655,0.25,1,78012,77579,433
7122761,11.4785,15.2437,428,144540,0.159731,0.25,1,78026,77598,428
7125681,3.8957,3.04873,430,144540,0.135946,0.25,1,78028,77598,430
7128161,2.37914,0.609746,432,144540,0.139189,0.25,1,78030,77598,432
7131081,8.47583,8.12195,432,144540,0.227838,0.25,1,78040,77608,432
7133781,16.8952,1.62439,451,144540,0.181568,0.2,1,78059,77608,451
7136701,4.97903,18.7249,430,144540,0.180314,0.2,1,78061,77631,430
7139621,2.59581,3.74498,432,144540,0.252063,0.2,1,78063,77631,432
7142101,3.71916,0.748995,436,144540,0.234413,0.15,1,78067,77631,436
7145021,2.34383,5.7498,431,144540,0.238882,0.15,1,78069,77638,431
7147941,2.06877,1.14996,433,144540,0.207777,0.15,1,78071,77638,433
7150421,6.81375,0.229992,441,144540,0.121555,0.17,1,78079,77638,441
7152501,4.56275,5.646,438,144540,0.192311,0.26,1,78083,77645,438
7154581,8.91255,8.3292,439,144540,0.190462,0.21,1,78093,77654,439
7157501,3.38251,7.26584,434,144540,0.222092,0.21,1,78095,77661,434
7159781,4.6765,1.45317,439,144540,0.212418,0.13,1,78100,77661,439
7162701,3.3353,6.69063,434,144540,0.186484,0.13,1,78103,77669,434
7165621,2.26706,1.33813,436,144540,0.149297,0.13,1,78105,77669,436
7168101,2.05341,0.267625,438,144540,0.133859,0.24,1,78107,77669,438
7170181,2.81068,3.25353,437,144540,0.122772,0.19,1,78110,77673,437
7173101,2.96214,4.6507,435,144540,0.184554,0.19,1,78113,77678,435
7176021,2.19243,0.930141,437,144540,0.228911,0.19,1,78115,77678,437
7178081,2.03849,0.186028,439,144540,0.213782,0.31,1,78117,77678,439
7180161,14.8077,20.0372,432,144540,0.226756,0.26,1,78135,77703,432
7182241,39.7615,36.8074,437,144540,0.253351,0.36,1,78181,77744,437
7184321,75.9523,72.1615,441,144540,0.27467,0.31,1,78266,77825,441
7187241,56.7905,60.8323,435,144540,0.222934,0.31,1,78318,77883,435
7190161,12.9581,12.1665,437,144540,0.260587,0.31,1,78320,77883,437
7193061,5.79162,2.43329,441,144540,0.204117,0.3,1,78324,77883,441
7195981,2.75832,10.0867,431,144540,0.160823,0.3,1,78326,77895,431
7198261,6.15166,2.01733,438,144540,0.0561647,0.26,1,78333,77895,438
7201181,2.83033,3.60347,436,144540,0.123233,0.26,1,78335,77899,436
7203461,2.16607,0.720693,438,144540,0.104647,0.23,1,78337,77899,438
7205121,1.23321,1.74414,437,144540,0.0849293,0.29,1,78338,77901,437
7208041,8.24664,9.94883,435,144540,0.136986,0.29,1,78348,77913,435
7210961,3.24933,1.98977,437,144540,0.115397,0.29,1,78350,77913,437
7213861,8.64987,0.397953,447,144540,0.191079,0.31,1,78360,77913,447
7216781,3.32997,12.0796,434,144540,0.198216,0.31,1,78362,77928,434
7219681,2.26599,2.41592,436,144540,0.199643,0.11,1,78364,77928,436
7222601,14.0532,22.0832,426,144540,0.239929,0.11,1,78381,77955,426
7225521,4.41064,4.41664,428,144540,0.215986,0.11,1,78383,77955,428
7228421,9.68213,0.883327,439,144540,0.227197,0.14,1,78394,77955,439
7231341,3.53643,6.57667,433,144540,0.221439,0.14,1,78396,77963,433
7233621,7.10729,1.31533,441,144540,0.244288,0.31,1,78404,77963,441
7236541,3.02146,9.06307,432,144540,0.208858,0.31,1,78406,77974,432
7238821,8.60429,1.81261,442,144540,0.185772,0.2,1,78416,77974,442
7240481,2.52086,9.96252,431,144540,0.157154,0.19,1,78417,77986,431
7243401,28.5042,30.7925,430,144540,0.119431,0.19,1,78452,78022,430
7246321,8.90083,6.1585,434,144540,0.231886,0.19,1,78456,78022,434
7249241,3.38017,1.2317,436,144540,0.294377,0.19,1,78458,78022,436
7250881,1.47603,0.24634,437,144540,0.290875,0.36,1,78459,78022,437
7253801,5.89521,8.04927,434,144540,0.202175,0.36,1,78466,78032,434
7256721,2.77904,1.60985,436,144540,0.160435,0.36,1,78468,78032,436
7259201,2.15581,0.321971,438,144540,0.160087,0.34,1,78470,78032,438
7261281,6.83116,12.0644,431,144540,0.176017,0.2,1,78478,78047,431
7264201,14.9662,21.6129,424,144540,0.203203,0.2,1,78495,78071,424
7267121,4.59325,4.32258,426,144540,0.176641,0.2,1,78497,78071,426
7270041,2.51865,0.864515,428,144540,0.251328,0.2,1,78499,78071,428
7272961,2.10373,0.172903,430,144540,0.266266,0.2,1,78501,78071,430
7275841,2.02075,0.0345806,432,144540,0.237253,0.21,1,78503,78071,432
7278761,10.0041,9.60692,432,144540,0.215451,0.21,1,78515,78083,432
7281041,3.60083,1.92138,434,144540,0.21109,0.21,1,78517,78083,434
7283121,5.52017,5.98428,433,144540,0.258218,0.23,1,78523,78090,433
7285201,2.70403,5.19686,430,144540,0.243644,0.18,1,78525,78095,430
7288121,8.54081,7.43937,432,144540,0.200729,0.18,1,78535,78103,432
7290401,3.30816,1.48787,434,144540,0.192146,0.24,1,78537,78103,434
7293321,3.86163,9.89758,426,144540,0.158429,0.24,1,78541,78115,426
7296241,2.37233,1.97951,428,144540,0.127686,0.24,1,78543,78115,428
7299161,2.07447,0.395903,430,144540,0.185537,0.24,1,78545,78115,430
7302081,2.01489,0.0791806,432,144540,0.173107,0.24,1,78547,78115,432
7303921,1.20298,0.0158361,433,144540,0.154621,0.15,1,78548,78115,433
7306841,3.4406,5.60317,430,144540,0.118924,0.15,1,78552,78122,430
7309121,2.28812,1.12063,432,144540,0.111785,0.27,1,78554,78122,432
7311201,22.0576,22.6241,431,144540,0.254357,0.27,1,78581,78150,431
7313281,36.4115,34.1248,434,144540,0.210871,0.3,1,78621,78187,434
7315361,78.4823,78.825,433,144540,0.226174,0.04,1,78710,78277,433
7318281,50.8965,58.965,423,144540,0.253235,0.04,1,78754,78331,423
7321201,11.7793,11.793,425,144540,0.282647,0.04,1,78756,78331,425
7324121,3.95586,2.3586,427,144540,0.264529,0.04,1,78758,78331,427
7326801,2.39117,0.47172,429,144540,0.228906,0.17,1,78760,78331,429
7329721,8.47823,8.09434,429,144540,0.197781,0.17,1,78770,78341,429
7332641,3.29565,1.61887,431,144540,0.159556,0.17,1,78772,78341,431
7335561,2.25913,0.323774,433,144540,0.247911,0.17,1,78774,78341,433
7337621,6.85183,0.0647547,441,144540,0.257582,0.11,1,78782,78341,441
7339701,5.37037,7.21295,437,144540,0.179516,0.25,1,78787,78350,437
7341361,2.67407,7.84259,431,144540,0.259903,0.2,1,78789,78358,431
7344281,5.33481,6.36852,431,144540,0.275981,0.2,1,78795,78364,431
7347201,2.66696,1.2737,433,144540,0.255196,0.2,1,78797,78364,433
7349061,6.13339,0.254741,440,144540,0.259039,0.28,1,78804,78364,440
7350721,2.02668,9.65095,429,144540,0.251808,0.16,1,78805,78376,429
7353641,10.8053,11.5302,430,144540,0.306362,0.16,1,78818,78388,430
7355921,3.76107,2.30604,432,144540,0.293272,0.27,1,78820,78388,432
7358841,10.3522,12.4612,429,144540,0.274654,0.27,1,78832,78403,429
7361761,3.67044,2.49224,431,144540,0.238931,0.27,1,78834,78403,431
7363621,5.53409,0.498448,437,144540,0.231786,0.16,1,78840,78403,437
7366541,3.50682,7.29969,431,144540,0.302357,0.16,1,78843,78412,431
7368821,7.90136,1.45994,440,144540,0.228471,0.24,1,78852,78412,440
7371521,3.18027,8.29199,432,144540,0.181694,0.25,1,78854,78422,432
7374441,28.6361,32.8584,428,144540,0.308339,0.25,1,78889,78461,428
7377361,7.32721,6.57168,430,144540,0.301668,0.25,1,78891,78461,430
7380281,3.06544,1.31434,432,144540,0.324334,0.25,1,78893,78461,432
7381921,1.41309,0.262867,433,144540,0.312867,0.26,1,78894,78461,433
7384841,8.28262,10.4526,430,144540,0.230573,0.26,1,78904,78474,430
7387761,3.25652,2.09051,432,144540,0.206115,0.26,1,78906,78474,432
7390241,2.2513,0.418103,434,144540,0.201223,0.28,1,78908,78474,434
7392321,6.85026,8.08362,432,144540,0.288245,0.27,1,78916,78484,432
7395241,12.5701,15.2167,429,144540,0.169649,0.27,1,78930,78501,429
7398161,4.11401,3.04334,431,144540,0.27393,0.27,1,78932,78501,431
7400641,2.4228,0.608669,433,144540,0.294786,0.19,1,78934,78501,433
7403561,5.28456,6.52173,431,144540,0.274957,0.19,1,78940,78509,431
7406481,2.65691,1.30435,433,144540,0.238991,0.19,1,78942,78509,433
7408341,6.13138,0.260869,440,144540,0.319798,0.29,1,78949,78509,440
7411261,2.82628,8.85217,431,144540,0.30396,0.29,1,78951,78520,431
7413541,10.9653,1.77043,444,144540,0.276792,0.21,1,78964,78520,444
7416241,3.79305,11.5541,432,144540,0.279358,0.17,1,78966,78534,432
7419161,5.55861,12.7108,425,144540,0.255872,0.17,1,78972,78547,425
7422081,2.71172,2.54216,427,144540,0.275174,0.17,1,78974,78547,427
7425001,2.14234,0.508433,429,144540,0.247035,0.17,1,78976,78547,429
7427921,2.02847,0.101687,431,144540,0.265407,0.17,1,78978,78547,431
7429761,1.20569,0.0203373,432,144540,0.261081,0.23,1,78979,78547,432
7432681,6.64114,8.80407,429,144540,0.180216,0.23,1,78987,78558,429
7435601,2.92823,1.76081,431,144540,0.260043,0.23,1,78989,78558,431
7438521,2.18565,0.352163,433,144540,0.284009,0.23,1,78991,78558,433
7440161,1.23713,0.0704325,434,144540,0.272802,0.26,1,78992,78558,434
7442241,20.2474,22.4141,431,144540,0.32656,0.26,1,79017,78586,431
7444321,38.4495,39.6828,430,144540,0.273312,0.31,1,79060,78630,430
7446401,77.2899,78.3366,429,144540,0.262662,0.18,1,79147,78718,429
7449321,50.658,50.8673,429,144540,0.228532,0.18,1,79191,78762,429
7452241,11.7316,10.1735,431,144540,0.245706,0.18,1,79193,78762,431
7455161,3.94632,2.03469,433,144540,0.217141,0.18,1,79195,78762,433
7457841,2.38926,0.406938,435,144540,0.179428,0.34,1,79197,78762,435
7460761,10.8779,12.0814,433,144540,0.195886,0.34,1,79210,78777,433
7463681,3.77557,2.41628,435,144540,0.167177,0.34,1,79212,78777,435
7466161,2.35511,0.483255,437,144540,0.137435,0.28,1,79214,78777,437
7469081,8.47102,9.69665,435,144540,0.171487,0.28,1,79224,78789,435
7471781,4.8942,1.93933,439,144540,0.114297,0.27,1,79228,78789,439
7473861,8.97884,3.58787,445,144540,0.142859,0.21,1,79238,78793,445
7476781,3.39577,11.9176,433,144540,0.116572,0.21,1,79240,78807,433
7479701,2.27915,2.38351,435,144540,0.119314,0.21,1,79242,78807,435
7481761,2.05583,0.476703,437,144540,0.143863,0.23,1,79244,78807,437
7484681,10.8112,14.4953,432,144540,0.116773,0.23,1,79257,78825,432
7486961,3.76223,2.89907,434,144540,0.0873545,0.23,1,79259,78825,434
7489041,10.3524,7.77981,437,144540,0.193471,0.31,1,79271,78834,437
7491961,6.87049,10.356,432,144540,0.118694,0.31,1,79277,78845,432
7494881,2.9741,2.07119,434,144540,0.127739,0.31,1,79279,78845,434
7497361,2.19482,0.414238,436,144540,0.0895478,0.31,1,79281,78845,436
7500281,5.23896,10.4828,429,144540,0.18591,0.31,1,79287,78858,429
7502561,2.64779,2.09657,431,144540,0.173182,0.3,1,79289,78858,431
7505481,34.1296,33.2193,432,144540,0.170636,0.3,1,79331,78899,432
7508401,8.42591,6.64386,434,144540,0.194127,0.3,1,79333,78899,434
7511321,3.28518,1.32877,436,144540,0.182825,0.3,1,79335,78899,436
7512961,1.45704,0.265754,437,144540,0.188565,0.27,1,79336,78899,437
7515881,10.6914,16.8532,429,144540,0.189713,0.27,1,79349,78920,429
7518801,3.73828,3.37063,431,144540,0.157943,0.27,1,79351,78920,431
7521721,2.34766,0.674126,433,144540,0.151589,0.27,1,79353,78920,433
7523361,1.26953,0.134825,434,144540,0.142318,0.35,1,79354,78920,434
7526281,10.6539,12.827,431,144540,0.228464,0.35,1,79367,78936,431
7529201,3.73078,2.56539,433,144540,0.245693,0.35,1,79369,78936,433
7531681,2.34616,0.513079,435,144540,0.225139,0.3,1,79371,78936,435
7534601,11.6692,12.1026,434,144540,0.157028,0.3,1,79385,78951,434
7537521,3.93385,2.42052,436,144540,0.111406,0.3,1,79387,78951,436
7540421,2.38677,0.484105,438,144540,0.102281,0.29,1,79389,78951,438
7542081,1.27735,2.49682,436,144540,0.0844562,0.28,1,79390,78954,436
7544161,8.25547,10.0994,434,144540,0.136891,0.29,1,79400,78966,434
7547081,8.05109,10.8199,431,144540,0.219378,0.29,1,79408,78977,431
7550001,3.21022,2.16397,433,144540,0.203876,0.29,1,79410,78977,433
7552921,2.24204,0.432795,435,144540,0.224775,0.29,1,79412,78977,435
7555601,2.04841,0.086559,437,144540,0.196955,0.18,1,79414,78977,437
7558521,6.80968,7.21731,436,144540,0.175391,0.18,1,79422,78986,436
7560801,2.96194,1.44346,438,144540,0.203078,0.29,1,79424,78986,438
7563721,8.59239,10.6887,435,144540,0.208616,0.29,1,79434,78999,435
7566641,3.31848,2.13774,437,144540,0.217723,0.29,1,79436,78999,437
7569561,2.2637,0.427548,439,144540,0.187545,0.29,1,79438,78999,439
7571201,1.25274,0.0855095,440,144540,0.197509,0.41,1,79439,78999,440
7573281,15.4505,19.2171,435,144540,0.263502,0.24,1,79458,79023,435
7575361,43.0901,42.2434,437,144540,0.1967,0.29,1,79508,79071,437
7577441,67.818,73.2487,430,144540,0.23134,0.19,1,79582,79152,430
7580361,47.9636,49.8497,429,144540,0.198268,0.19,1,79625,79196,429
7583281,11.1927,9.96995,431,144540,0.167654,0.19,1,79627,79196,431
7585761,3.83854,1.99399,433,144540,0.129531,0.17,1,79629,79196,433
7588681,3.96771,6.7988,429,144540,0.129906,0.17,1,79633,79204,429
7590341,10.3935,1.35976,441,144540,0.0579812,0.09,1,79645,79204,441
7593261,3.67871,13.872,426,144540,0.163596,0.09,1,79647,79221,426
7596181,2.33574,2.77439,428,144540,0.168719,0.09,1,79649,79221,428
7598661,13.2671,0.554878,444,144540,0.0977438,0.15,1,79665,79221,444
7601581,4.25343,13.711,429,144540,0.139549,0.15,1,79667,79238,429
7603861,6.45069,2.7422,436,144540,0.13991,0.15,1,79674,79238,436
7606781,2.89014,10.1484,426,144540,0.115982,0.15,1,79676,79250,426
7609701,2.17803,2.02969,428,144540,0.0791964,0.15,1,79678,79250,428
7612621,2.03561,0.405938,430,144540,0.0398393,0.15,1,79680,79250,430
7614261,10.0071,0.0811875,442,144540,0.0479679,0.27,1,79692,79250,442
7617181,3.60142,13.6162,427,144540,0.0255936,0.27,1,79694,79267,427
7619461,11.9203,2.72325,441,144540,0.189119,0.13,1,79708,79267,441
7622161,3.98406,10.1446,431,144540,0.197824,0.19,1,79710,79279,431
7625081,2.39681,10.8289,422,144540,0.223565,0.19,1,79712,79290,422
7628001,2.07936,2.16579,424,144540,0.196713,0.19,1,79714,79290,424
7630921,2.01587,0.433157,426,144540,0.279343,0.19,1,79716,79290,426
7633601,2.00317,0.0866314,428,144540,0.287869,0.18,1,79718,79290,428
7636521,37.2006,36.0173,429,144540,0.265574,0.18,1,79764,79335,429
7638801,9.04013,7.20346,431,144540,0.301115,0.11,1,79766,79335,431
7641721,8.20803,8.64069,430,144540,0.268223,0.11,1,79774,79344,430
7644001,3.2416,1.72814,432,144540,0.229645,0.22,1,79776,79344,432
7646921,7.04832,9.14563,429,144540,0.301929,0.22,1,79784,79355,429
7649841,3.00966,1.82913,431,144540,0.284386,0.22,1,79786,79355,431
7652761,2.20193,0.365825,433,144540,0.280877,0.22,1,79788,79355,433
7654401,1.24039,0.073165,434,144540,0.272175,0.2,1,79789,79355,434
7657321,15.4481,20.0146,428,144540,0.286435,0.2,1,79808,79380,428
7660241,4.68962,4.00293,430,144540,0.257287,0.2,1,79810,79380,430
7662721,2.53792,0.800585,432,144540,0.259457,0.27,1,79812,79380,432
7665641,10.1076,11.3601,430,144540,0.211891,0.27,1,79824,79394,430
7668561,3.62152,2.27202,432,144540,0.170378,0.27,1,79826,79394,432
7671481,2.3243,0.454405,434,144540,0.306076,0.27,1,79828,79394,434
7673121,1.26486,0.0908809,435,144540,0.317215,0.17,1,79829,79394,435
7675201,3.45297,5.61818,432,144540,0.327443,0.23,1,79833,79401,432
7678121,7.89059,9.92364,430,144540,0.249489,0.23,1,79842,79412,430
7680401,3.17812,1.98473,432,144540,0.201898,0.24,1,79844,79412,432
7683321,7.03562,5.99695,433,144540,0.31238,0.24,1,79852,79419,433
7686241,3.00712,1.19939,435,144540,0.310476,0.24,1,79854,79419,435
7688101,4.60142,0.239878,440,144540,0.294095,0.32,1,79859,79419,440
7691021,2.52028,8.04798,432,144540,0.346819,0.32,1,79861,79429,432
7693301,7.70406,1.6096,441,144540,0.317364,0.3,1,79870,79429,441
7696221,3.94081,10.7219,431,144540,0.263473,0.3,1,79873,79442,431
7699141,2.38816,2.14438,433,144540,0.252695,0.3,1,79875,79442,433
7702061,2.07763,0.428877,435,144540,0.314539,0.3,1,79877,79442,435
7703701,9.21553,0.0857753,446,144540,0.278908,0.21,1,79888,79442,446
7705781,54.6431,20.0172,487,144540,0.319782,0.17,1,79954,79467,487
7707861,60.5286,49.6034,492,144540,0.335956,0.2,1,80016,79524,492
7709941,46.5057,62.7207,469,144540,0.203191,0.22,1,80059,79590,469
7712861,11.7011,48.5441,427,144540,0.272638,0.22,1,80062,79635,427
7715781,3.94023,9.70883,429,144540,0.254528,0.22,1,80064,79635,429
7718701,2.38805,1.94177,431,144540,0.322906,0.22,1,80066,79635,431
7720341,11.6776,0.388353,445,144540,0.288581,0.13,1,80080,79635,445
7723261,3.93552,16.0777,427,144540,0.305716,0.13,1,80082,79655,427
7726181,2.3871,3.21553,429,144540,0.309143,0.13,1,80084,79655,429
7728661,12.4774,0.643107,444,144540,0.381829,0.11,1,80099,79655,444
7731581,4.09548,16.9286,425,144540,0.396366,0.11,1,80101,79676,425
7734481,2.4191,3.38572,427,144540,0.375273,0.09,1,80103,79676,427
7737401,9.28382,11.8771,424,144540,0.323055,0.09,1,80114,79690,424
7740321,3.45676,2.37543,426,144540,0.280611,0.09,1,80116,79690,426
7742801,2.29135,0.475086,428,144540,0.248122,0.14,1,80118,79690,428
7745721,10.8583,8.09502,431,144540,0.273624,0.14,1,80131,79700,431
7748001,3.77165,1.619,433,144540,0.246725,0.19,1,80133,79700,433
7750921,10.3543,11.5238,431,144540,0.249345,0.19,1,80145,79714,431
7753841,3.67087,2.30476,433,144540,0.281869,0.19,1,80147,79714,433
7756741,7.93417,0.460952,442,144540,0.296374,0.23,1,80156,79714,442
7759661,3.18683,9.69219,432,144540,0.259275,0.23,1,80158,79726,432
7762581,2.23737,1.93844,434,144540,0.219855,0.23,1,80160,79726,434
7764641,2.04747,0.387688,436,144540,0.187971,0.3,1,80162,79726,436
7767561,36.4095,35.2775,437,144540,0.293594,0.3,1,80207,79770,437
7769841,8.8819,7.05551,439,144540,0.282719,0.33,1,80209,79770,439
7772761,6.57638,10.2111,434,144540,0.248544,0.33,1,80215,79781,434
7775041,2.91528,2.04222,436,144540,0.209709,0.3,1,80217,79781,436
7777961,8.58306,10.0084,434,144540,0.185942,0.3,1,80227,79793,434
7780881,3.31661,2.00169,436,144540,0.301188,0.3,1,80229,79793,436
7783801,2.26332,0.400338,438,144540,0.292238,0.3,1,80231,79793,438
7785441,1.25266,0.0800675,439,144540,0.274448,0.35,1,80232,79793,439
7788361,14.6505,19.216,433,144540,0.25489,0.35,1,80250,79817,433
7791281,6.13011,3.8432,437,144540,0.226978,0.35,1,80254,79817,437
7793761,2.82602,0.76864,439,144540,0.189396,0.16,1,80256,79817,439
7795841,5.3652,7.35373,436,144540,0.117879,0.26,1,80262,79826,436
7798761,4.27304,11.0707,428,144540,0.175576,0.26,1,80266,79838,428
7801681,2.45461,2.21415,430,144540,0.187115,0.26,1,80268,79838,430
7804601,2.09092,0.44283,432,144540,0.189423,0.26,1,80270,79838,432
7806241,1.21818,0.088566,433,144540,0.213885,0.25,1,80271,79838,433
7809161,10.6436,8.81771,435,144540,0.178777,0.25,1,80284,79849,435
7811441,3.72873,1.76354,437,144540,0.139755,0.33,1,80286,79849,437
7814361,5.54575,5.15271,437,144540,0.107951,0.33,1,80292,79855,437
7816641,2.70915,1.03054,439,144540,0.0775902,0.38,1,80294,79855,439
7819561,6.94183,8.20611,437,144540,0.191518,0.38,1,80302,79865,437
7821841,2.98837,1.64122,439,144540,0.182304,0.27,1,80304,79865,439
7824761,5.39767,7.52824,436,144540,0.260461,0.27,1,80310,79874,436
7827041,2.67953,1.50565,438,144540,0.276092,0.32,1,80312,79874,438
7829961,5.33591,6.70113,436,144540,0.271218,0.32,1,80318,79882,436
7832241,2.66718,1.34023,438,144540,0.238244,0.33,1,80320,79882,438
7834321,8.53344,10.668,435,144540,0.191649,0.26,1,80330,79895,435
7836401,60.9067,58.9336,438,144540,0.21433,0.37,1,80404,79966,438
7838481,55.3813,56.5867,436,144540,0.410866,0.36,1,80458,80022,436
7841401,43.8763,45.7173,434,144540,0.378173,0.36,1,80499,80065,434
7844321,11.9753,9.14347,438,144540,0.435635,0.36,1,80503,80065,438
7846801,3.99505,1.82869,440,144540,0.423127,0.27,1,80505,80065,440
7848881,5.59901,5.96574,439,144540,0.420625,0.27,1,80511,80072,439
7851801,9.9198,12.3931,436,144540,0.356125,0.27,1,80522,80086,436
7854721,3.58396,2.47863,438,144540,0.399225,0.27,1,80524,80086,438
7857201,2.31679,0.495726,440,144540,0.367845,0.38,1,80526,80086,440
7860121,13.2634,19.2991,432,144540,0.409569,0.38,1,80542,80110,432
7863041,4.25267,3.85983,434,144540,0.425914,0.38,1,80544,80110,434
7865521,2.45053,0.771966,436,144540,0.397183,0.22,1,80546,80110,436
7868441,5.29011,7.35439,433,144540,0.351437,0.22,1,80552,80119,433
7871361,2.65802,1.47088,435,144540,0.310287,0.22,1,80554,80119,435
7873841,2.1316,0.294176,437,144540,0.302057,0.18,1,80556,80119,437
7876761,10.8263,13.6588,433,144540,0.372411,0.18,1,80569,80136,433
7879041,3.76526,2.73177,435,144540,0.370482,0.25,1,80571,80136,435
7881961,13.5531,18.1464,429,144540,0.402096,0.25,1,80587,80158,429
7884881,4.31061,3.62927,431,144540,0.384419,0.25,1,80589,80158,431
7887361,2.46212,0.725854,433,144540,0.348884,0.17,1,80591,80158,433
7890281,6.89242,6.54517,433,144540,0.373777,0.17,1,80599,80166,433
7893201,2.97848,1.30903,435,144540,0.402755,0.17,1,80601,80166,435
7895681,2.1957,0.261807,437,144540,0.376551,0.27,1,80603,80166,437
7898601,38.0391,41.6524,432,144540,0.45131,0.27,1,80650,80218,432
7901521,9.20783,8.33047,434,144540,0.434262,0.27,1,80652,80218,434
7904441,3.44157,1.66609,436,144540,0.422852,0.27,1,80654,80218,436
7906081,1.48831,0.333219,437,144540,0.46057,0.28,1,80655,80218,437
7909001,9.89766,14.4666,431,144540,0.388114,0.28,1,80667,80236,431
7911921,3.57953,2.89333,433,144540,0.373623,0.28,1,80669,80236,433
7914841,2.31591,0.578666,435,144540,0.338725,0.28,1,80671,80236,435
7916481,1.26318,0.115733,436,144540,0.315745,0.22,1,80672,80236,436
7918561,10.6526,14.4231,431,144540,0.415149,0.23,1,80685,80254,431
7921481,10.1305,10.8846,431,144540,0.45103,0.23,1,80695,80264,431
7924401,3.62611,2.17693,433,144540,0.450206,0.23,1,80697,80264,433
7926881,2.32522,0.435385,435,144540,0.450041,0.21,1,80699,80264,435
7929801,2.06504,4.08708,432,144540,0.410008,0.21,1,80701,80269,432
7932081,2.01301,0.817415,434,144540,0.402002,0.17,1,80703,80269,434
7935001,5.2026,12.1635,425,144540,0.4084,0.17,1,80709,80284,425
7937281,2.64052,2.4327,427,144540,0.37768,0.25,1,80711,80284,427
7940201,12.5281,10.0865,430,144540,0.363536,0.25,1,80726,80296,430
7943121,4.10562,2.01731,432,144540,0.336707,0.25,1,80728,80296,432
7946041,2.42112,0.403462,434,144540,0.331341,0.25,1,80730,80296,434
7947681,1.28422,0.0806923,435,144540,0.426268,0.2,1,80731,80296,435
7949761,5.05685,5.61614,434,144540,0.469254,0.28,1,80737,80303,434
7952681,5.81137,8.32323,431,144540,0.501851,0.28,1,80743,80312,431
7954961,2.76227,1.66465,433,144540,0.53237,0.21,1,80745,80312,433
7957881,5.35245,7.53293,430,144540,0.506474,0.21,1,80751,80321,430
7960801,2.67049,1.50659,432,144540,0.485295,0.21,1,80753,80321,432
7963281,2.1341,0.301317,434,144540,0.449059,0.23,1,80755,80321,434
7965361,8.42682,11.2603,430,144540,0.409812,0.27,1,80765,80335,430
7967441,64.8854,65.4521,430,144540,0.401962,0.38,1,80844,80414,430
7969521,62.5771,53.8904,441,144540,0.512392,0.39,1,80906,80465,441
7972441,43.7154,45.9781,436,144540,0.470478,0.39,1,80945,80509,436
7975361,10.3431,9.19562,438,144540,0.518096,0.39,1,80947,80509,438
7977841,3.66862,1.83912,440,144540,0.527619,0.3,1,80949,80509,440
7979921,7.13372,6.76782,440,144540,0.505524,0.39,1,80957,80517,440
7982841,6.22674,7.75356,438,144540,0.509105,0.39,1,80963,80525,438
7985121,2.84535,1.55071,440,144540,0.533821,0.42,1,80965,80525,440
7988041,11.7691,12.3101,439,144540,0.434764,0.42,1,80979,80540,439
7989701,3.15381,2.46203,440,144540,0.390953,0.43,1,80980,80540,440
7991781,8.63076,3.69241,446,144540,0.422191,0.31,1,80990,80544,446
7994701,3.32615,9.53848,437,144540,0.452438,0.31,1,80992,80555,437
7997621,2.26523,1.9077,439,144540,0.506488,0.31,1,80994,80555,439
8000541,2.05305,0.381539,441,144540,0.485298,0.31,1,80996,80555,441
8003221,8.41061,0.0763078,451,144540,0.44906,0.41,1,81006,80555,451
8004881,2.48212,10.4153,439,144540,0.425812,0.39,1,81007,80568,439
8007801,8.49642,6.88305,443,144540,0.413162,0.39,1,81017,80574,443
8010081,3.29928,1.37661,445,144540,0.386632,0.36,1,81019,80574,445
8013001,9.45986,13.0753,440,144540,0.445326,0.36,1,81030,80590,440
8015281,3.49197,2.61506,442,144540,0.473065,0.46,1,81032,80590,442
8018201,7.09839,4.52301,445,144540,0.446613,0.46,1,81040,80595,445
8019861,8.61968,0.904603,454,144540,0.513323,0.39,1,81049,80595,454
8022781,3.32394,14.5809,438,144540,0.542665,0.39,1,81051,80613,438
8025701,2.26479,2.91618,440,144540,0.540533,0.39,1,81053,80613,440
8028181,37.253,0.583237,486,144540,0.524107,0.42,1,81099,80613,486
8031101,9.85059,39.3166,440,144540,0.504821,0.42,1,81102,80662,440
8034021,3.57012,7.86333,442,144540,0.540964,0.42,1,81104,80662,442
8036941,2.31402,1.57267,444,144540,0.540193,0.42,1,81106,80662,444
8038581,4.4628,0.314533,449,144540,0.580039,0.35,1,81111,80662,449
8041501,2.49256,6.46291,443,144540,0.556008,0.35,1,81113,80670,443
8043781,5.29851,1.29258,449,144540,0.503202,0.46,1,81119,80670,449
8046701,2.6597,6.65852,443,144540,0.46064,0.46,1,81121,80678,443
8048981,11.7319,1.3317,457,144540,0.476128,0.5,1,81135,80678,457
8051061,10.3464,12.2663,452,144540,0.607226,0.43,1,81145,80693,452
8053981,3.66928,14.4533,439,144540,0.601445,0.43,1,81147,80708,439
8056901,2.33386,2.89065,441,144540,0.568289,0.43,1,81149,80708,441
8059821,2.06677,0.578131,443,144540,0.529658,0.43,1,81151,80708,443
8062741,2.01335,0.115626,445,144540,0.601932,0.43,1,81153,80708,445
8064581,11.6027,0.0231252,459,144540,0.480386,0.4,1,81167,80708,459
8067501,3.92053,12.8046,445,144540,0.576077,0.4,1,81169,80724,445
8069781,2.38411,2.56092,447,144540,0.571215,0.47,1,81171,80724,447
8072701,2.07682,6.91219,441,144540,0.538243,0.47,1,81173,80732,441
8075621,2.01536,1.38244,443,144540,0.531649,0.47,1,81175,80732,443
8078541,2.00307,0.276487,445,144540,0.64233,0.47,1,81177,80732,445
8080181,7.60061,0.0552975,454,144540,0.528466,0.4,1,81186,80732,454
8082261,6.32012,7.21106,451,144540,0.633693,0.5,1,81192,80741,451
8085181,2.86402,7.84221,445,144540,0.654739,0.5,1,81194,80749,445
8087461,2.1728,1.56844,447,144540,0.658948,0.46,1,81196,80749,447
8090381,2.03456,5.91369,442,144540,0.66779,0.46,1,81198,80756,442
8093301,2.00691,1.18274,444,144540,0.661558,0.46,1,81200,80756,444
8095781,11.6014,0.236548,458,144540,0.636312,0.43,1,81214,80756,458
8097861,70.3203,16.0473,523,144540,0.551262,0.39,1,81299,80776,523
8099941,57.2641,68.8095,495,144540,0.718252,0.49,1,81353,80858,495
8102021,44.2528,55.3619,484,144540,0.55165,0.49,1,81394,80910,484
8104941,10.4506,43.8724,445,144540,0.48633,0.49,1,81396,80951,445
8107861,3.69011,8.77447,447,144540,0.481266,0.49,1,81398,80951,447
8110341,7.13802,1.75489,455,144540,0.584253,0.53,1,81406,80951,455
8112421,7.0276,9.15098,451,144540,0.540851,0.45,1,81413,80962,451
8115341,3.80552,9.0302,445,144540,0.61217,0.45,1,81416,80971,445
8117621,10.3611,1.80604,457,144540,0.514434,0.49,1,81428,80971,457
8120321,3.67222,9.16121,448,144540,0.550887,0.46,1,81430,80982,448
8122401,8.73444,9.83224,448,144540,0.598177,0.52,1,81440,80992,448
8125321,4.94689,9.96645,442,144540,0.591635,0.52,1,81444,81002,442
8128241,2.58938,1.99329,444,144540,0.606327,0.52,1,81446,81002,444
8130721,2.11788,0.398658,446,144540,0.601265,0.39,1,81448,81002,446
8133641,7.62358,7.27973,446,144540,0.616253,0.39,1,81457,81011,446
8135921,3.12472,1.45595,448,144540,0.587251,0.4,1,81459,81011,448
8138001,5.42494,5.89119,447,144540,0.56545,0.46,1,81465,81018,447
8140921,9.08499,10.7782,445,144540,0.64909,0.46,1,81475,81030,445
8142581,4.217,2.15565,448,144540,0.617818,0.42,1,81478,81030,448
8145501,2.4434,4.43113,445,144540,0.587564,0.42,1,81480,81035,445
8147781,13.2887,0.886226,461,144540,0.509513,0.57,1,81496,81035,461
8149861,5.05774,9.77725,452,144540,0.525903,0.54,1,81499,81047,452
8152781,2.61155,6.75545,448,144540,0.537181,0.54,1,81501,81053,448
8155061,4.52231,1.35109,453,144540,0.627436,0.53,1,81506,81053,453
8156721,2.50446,9.87022,443,144540,0.645487,0.55,1,81508,81065,443
8159641,38.9009,40.374,443,144540,0.641097,0.55,1,81556,81113,443
8162561,9.38018,8.07481,445,144540,0.60822,0.55,1,81558,81113,445
8165481,3.47604,1.61496,447,144540,0.625644,0.55,1,81560,81113,447
8168401,2.29521,0.322992,449,144540,0.629129,0.55,1,81562,81113,449
8170661,7.65904,0.0645985,458,144540,0.517826,0.61,1,81571,81113,458
8173581,3.13181,10.4129,447,144540,0.519565,0.61,1,81573,81126,447
8176501,2.22636,2.08258,449,144540,0.511913,0.61,1,81575,81126,449
8178981,16.4453,0.416517,469,144540,0.542383,0.66,1,81595,81126,469
8181061,8.08905,12.8833,459,144540,0.636477,0.59,1,81601,81142,459
8183981,3.21781,14.5767,446,144540,0.623295,0.59,1,81603,81157,446
8186901,2.24356,2.91533,448,144540,0.588659,0.59,1,81605,81157,448
8189821,2.04871,0.583066,450,144540,0.549732,0.59,1,81607,81157,450
8192741,2.00974,0.116613,452,144540,0.549946,0.59,1,81609,81157,452
8194581,10.0019,0.0233227,464,144540,0.557989,0.67,1,81621,81157,464
8197501,3.60039,16.0047,446,144540,0.655598,0.67,1,81623,81177,446
8200421,2.32008,3.20093,448,144540,0.64312,0.67,1,81625,81177,448
8203341,2.06402,0.640187,450,144540,0.608624,0.67,1,81627,81177,450
8206261,2.0128,0.128037,452,144540,0.561725,0.67,1,81629,81177,452
8208101,7.60256,0.0256075,461,144540,0.416345,0.68,1,81638,81177,461
8210801,3.12051,8.00512,453,144540,0.475269,0.68,1,81640,81187,453
8213721,5.4241,8.00102,451,144540,0.647054,0.68,1,81646,81195,451
8216001,2.68482,1.6002,453,144540,0.681411,0.68,1,81648,81195,453
8218921,2.13696,5.12004,449,144540,0.664282,0.68,1,81650,81201,449
8221841,2.02739,1.02401,451,144540,0.668856,0.68,1,81652,81201,451
8224321,2.00548,0.204802,453,144540,0.725771,0.55,1,81654,81201,453
8226401,20.4011,22.441,450,144540,0.641154,0.55,1,81679,81229,450
8228481,65.6802,69.2882,446,144540,0.632231,0.63,1,81756,81310,446
8230561,59.536,53.8576,454,144540,0.806446,0.63,2,81814,81360,454
8233481,43.9072,46.7715,449,144540,0.689289,0.63,1,81854,81405,449
8236401,10.3814,9.3543,451,144540,0.633858,0.63,1,81856,81405,451
8238881,3.67629,1.87086,453,144540,0.622772,0.59,1,81858,81405,453
8241801,13.5353,13.1742,453,144540,0.700554,0.59,1,81874,81421,453
8244721,4.30705,2.63483,455,144540,0.740111,0.59,1,81876,81421,455
8247621,8.86141,0.526967,465,144540,0.772022,0.64,2,81886,81421,465
8250541,3.37228,11.3054,453,144540,0.754404,0.64,2,81888,81435,453
8252821,5.47446,2.26108,459,144540,0.742881,0.63,1,81894,81435,459
8255521,2.69489,8.45222,451,144540,0.740576,0.59,1,81896,81445,451
8258441,5.33898,6.49044,451,143080,0.708115,0.59,1,81902,81451,451
8261361,2.6678,1.29809,453,143080,0.773623,0.59,2,81904,81451,453
8263221,2.93356,0.259618,456,143080,0.746725,0.56,1,81907,81451,456
8266141,2.18671,7.25192,449,143080,0.789345,0.56,2,81909,81460,449
8268421,9.23734,1.45038,460,143080,0.701869,0.57,1,81920,81460,460
8270501,12.2475,8.29008,463,143080,0.676374,0.65,1,81933,81470,463
8273421,4.04949,14.458,449,143080,0.727275,0.65,1,81935,81486,449
8276321,2.4099,2.8916,451,143080,0.705455,0.53,1,81937,81486,451
8278401,13.282,10.9783,454,143080,0.789091,0.67,2,81953,81499,454
8281321,5.8564,8.59566,450,143080,0.749818,0.67,1,81957,81507,450
8284241,2.77128,1.71913,452,143080,0.717964,0.67,1,81959,81507,452
8287141,6.15426,0.343827,459,143080,0.799593,0.58,2,81966,81507,459
8289221,41.2309,10.4688,496,143080,0.791919,0.49,2,82016,81520,496
8292141,10.6462,42.8938,448,143080,0.822384,0.49,2,82019,81571,448
8295061,3.72923,8.57875,450,143080,0.804477,0.49,2,82021,81571,450
8297981,2.34585,1.71575,452,143080,0.800895,0.49,2,82023,81571,452
8300661,2.86917,0.34315,455,143080,0.792179,0.63,2,82026,81571,455
8303581,2.97383,8.06863,448,143080,0.798436,0.63,2,82029,81581,448
8306501,2.19477,1.61373,450,143080,0.767687,0.63,2,82031,81581,450
8308981,18.839,0.322745,473,143080,0.761537,0.58,2,82054,81581,473
8311901,5.36779,19.2645,451,143080,0.760307,0.58,2,82056,81605,451
8314801,2.67356,3.85291,453,143080,0.760062,0.6,2,82058,81605,453
8317721,5.33471,6.37058,452,143080,0.824012,0.6,2,82064,81612,452
8320641,2.66694,1.27412,454,143080,0.804802,0.6,2,82066,81612,454
8323121,2.13339,0.254823,456,143080,0.76896,0.51,2,82068,81612,456
8326041,9.22668,15.251,448,143080,0.809792,0.51,2,82079,81631,448
8328961,3.44534,3.05019,450,143080,0.777958,0.51,2,82081,81631,450
8331881,2.28907,0.610039,452,143080,0.739592,0.51,1,82083,81631,452
8334801,2.05781,0.122008,454,143080,0.787918,0.51,2,82085,81631,454
8336641,1.21156,0.0244015,455,143080,0.781584,0.7,2,82086,81631,455
8339561,9.84231,9.60488,455,143080,0.836317,0.7,2,82098,81643,455
8341841,3.56846,1.92098,457,143080,0.847263,0.74,2,82100,81643,457
8344761,2.31369,9.1842,448,143080,0.849453,0.74,2,82102,81654,448
8347681,2.06274,1.83684,450,143080,0.849891,0.74,2,82104,81654,450
8350601,2.01255,0.367368,452,143080,0.849978,0.74,2,82106,81654,452
8352241,1.20251,0.0734735,453,143080,0.881996,0.67,2,82107,81654,453
8355161,8.2405,8.81469,452,143080,0.888399,0.67,2,82117,81665,452
8356821,22.4481,1.76294,478,143080,0.83368,0.69,2,82143,81665,478
8358901,62.0896,21.9526,523,143080,0.878736,0.66,2,82215,81692,523
8368261,7,0,469,143080,0.81,0.8,2,82327,81858,469
8369921,3.8,9.6,460,143080,0.802,0.81,2,82330,81870,460
8498881,2,0,475,141620,0.92,1,2,82805,82330,475
8501801,10,11.2,473,141620,0.984,1,2,82817,82344,473
8651561,2,7,472,138700,0.86,1,2,83326,82854,472
8654481,2,1.4,474,138700,0.972,1,2,83328,82854,474
8656961,2,0.28,476,138700,0.9944,1,2,83330,82854,476
8659881,12.4,12.856,475,138700,0.99888,1,2,83345,82870,475
8662581,15.28,2.5712,491,138700,0.887776,0.91,2,83361,82870,491
8665501,4.656,17.3142,472,138700,0.905555,0.91,2,83363,82891,472
8668401,2.5312,3.46285,474,138700,0.893111,1,2,83365,82891,474
8671321,8.50624,11.0926,471,138700,0.978622,1,2,83375,82904,471
8688181,4,0,481,138700,0.88,1,2,83456,82975,481
8690661,3.2,0,484,138700,0.928,1,2,83459,82975,484
8693581,3.84,9.6,476,138700,0.9056,1,2,83463,82987,476
8706901,2,0,479,138700,0.94,0.97,2,83485,83006,479
8709381,5.2,0,485,138700,0.86,0.9,2,83491,83006,485
8711461,6.64,4.8,486,138700,0.78,1,2,83498,83012,486
8713121,3.728,2.56,487,138700,0.852,1,2,83501,83014,487
8716041,3.1456,11.712,476,138700,0.9464,1,2,83504,83028,476
8725821,6,12,481,138700,0.9,1,2,83525,83044,481
8728721,5.2,2.4,486,138700,0.956,1,2,83530,83044,486
8754721,26,22,473,138700,0.88,0.88,2,83748,83275,473
8757641,16.4,16.4,472,138700,0.864,0.88,2,83762,83290,472
8759921,8.08,3.28,478,138700,0.9488,1,2,83768,83290,478
8770741,11,0,478,137240,0.88,0.91,2,83794,83316,478
8773661,3.8,5.6,473,137240,0.848,0.91,2,83796,83323,473
8776581,2.36,1.12,475,137240,0.8096,0.91,2,83798,83323,475
8779061,4.472,0.224,480,137240,0.88192,1,2,83803,83323,480
8781981,3.2944,8.8448,472,137240,0.848384,1,2,83806,83334,472
8784901,2.25888,1.76896,474,137240,0.817677,1,2,83808,83334,474
8787821,2.05178,0.353792,476,137240,0.883535,1,2,83810,83334,476
8789461,11.6104,0.0707584,490,137240,0.840707,0.94,2,83824,83334,490
8791541,11.9221,17.6142,480,137240,0.904141,0.9,2,83836,83356,480
8794461,3.98441,9.92283,474,137240,0.884828,0.9,2,83838,83364,474
8796321,1.59688,1.98457,475,137240,0.864966,0.96,2,83839,83364,475
8799241,5.11938,7.59691,472,137240,0.892993,0.96,2,83845,83373,472
8800901,2.62388,1.51938,474,137240,0.866599,0.95,2,83847,83373,474
8803821,3.72478,7.50388,469,137240,0.86132,0.95,2,83851,83382,469
8806101,9.54496,1.50078,480,137240,0.828264,0.87,2,83862,83382,480
8816081,2,0,473,137240,0.95,0.9,2,83927,83454,473
8819001,5.2,7.2,470,137240,0.894,0.9,2,83933,83463,470
8821281,2.64,1.44,472,137240,0.8588,0.94,2,83935,83463,472
8824201,6.128,6.688,471,137240,0.93176,0.94,2,83942,83471,471
8827121,2.8256,1.3376,473,137240,0.914352,0.94,2,83944,83471,473
8829601,2.16512,0.26752,475,137240,0.98287,0.82,2,83946,83471,475
8847701,6,0,476,137240,1,1,2,83984,83508,476
8894501,2,0,469,135780,0.88,0.93,2,84250,83781,469
8897421,2,5.6,464,135780,0.944,0.93,2,84252,83788,464
8899701,7.6,1.12,473,135780,0.9088,0.85,2,84261,83788,473
8902621,3.12,9.024,464,135780,0.94176,0.85,2,84263,83799,464
8912601,9,13,465,135780,0.83,0.94,2,84282,83817,465
8915521,3.4,2.6,467,135780,0.918,0.94,2,84284,83817,467
8918001,2.28,0.52,469,135780,0.9356,0.84,2,84286,83817,469
8920081,9.256,11.304,466,135780,0.90712,0.9,2,84297,83831,466
8923001,14.6512,13.4608,468,135780,0.885424,0.9,2,84313,83845,468
8925921,4.53024,2.69216,470,135780,0.857085,0.9,2,84315,83845,470
8947561,2,0,472,135780,0.79,0.85,2,84407,83935,472
8949201,2.8,0,475,135780,0.774,0.95,2,84410,83935,475
8952121,3.76,5.6,472,135780,0.8668,0.95,2,84414,83942,472
8953781,1.552,1.12,473,135780,0.87736,1,2,84415,83942,473
8956701,3.5104,3.424,473,135780,0.871472,1,2,84419,83946,473
8958981,2.30208,0.6848,475,135780,0.878294,1,2,84421,83946,475
8960641,1.26042,5.73696,469,135780,0.863659,1,2,84422,83953,469
8962721,1.85208,6.74739,464,135780,0.860732,0.98,2,84424,83960,464
8965641,13.1704,11.7495,467,135780,0.812146,0.98,2,84440,83973,467
8968561,4.23408,2.3499,469,135780,0.858429,0.98,2,84442,83973,469
8971041,2.44682,0.469979,471,135780,0.867686,0.92,2,84444,83973,471
8973121,3.68936,4.094,470,135780,0.853537,0.96,2,84448,83978,470
8976041,10.3379,13.6188,466,135780,0.842707,0.96,2,84460,83994,466
8978961,3.66757,2.72376,468,135780,0.840542,0.96,2,84462,83994,468
8981441,2.33351,0.544752,470,135780,0.904108,0.99,2,84464,83994,470
8984361,10.0667,8.90895,471,135780,0.788822,0.99,2,84476,84005,471
8987281,5.21334,1.78179,475,135780,0.837764,0.99,2,84480,84005,475
8989141,4.24267,0.356358,479,135780,0.895553,0.98,2,84484,84005,479
8992061,3.24853,7.27127,473,135780,0.891111,0.98,2,84487,84014,473
8994961,2.24971,1.45425,475,135780,0.866222,1,2,84489,84014,475
8997881,2.84994,9.09085,467,135780,0.869244,1,2,84492,84025,467
9000801,2.16999,1.81817,469,135780,0.877849,1,2,84494,84025,469
9003721,2.034,0.363634,471,135780,0.92757,1,2,84496,84025,471
9005361,1.2068,0.0727268,472,135780,0.921514,0.92,2,84497,84025,472
9008281,33.0414,36.8145,467,135780,0.928303,0.92,2,84538,84071,467
9010981,65.8083,7.36291,541,135780,0.937661,0.96,2,84612,84071,541
9013061,65.9617,59.0726,535,135780,0.795532,0.77,2,84678,84143,535
9015141,43.5923,62.2145,510,135780,0.855106,0.96,2,84716,84206,510
9017841,10.3185,44.4429,472,134320,0.875021,0.96,2,84718,84246,472
9020761,3.66369,13.6886,468,134320,0.887004,0.96,2,84720,84252,468
9023681,2.33274,2.73772,470,134320,0.865401,0.96,2,84722,84252,470
9026581,3.66655,0.547543,474,134320,0.86108,0.94,2,84726,84252,474
9028241,1.53331,2.50951,472,134320,0.844216,0.84,2,84727,84255,472
9031161,8.30666,14.1019,465,134320,0.744843,0.84,1,84737,84272,465
9034081,3.26133,2.82038,467,134320,0.692969,0.84,1,84739,84272,467
9037001,2.25227,0.564076,469,134320,0.826594,0.84,2,84741,84272,469
9038641,1.25045,0.112815,470,134320,0.837319,0.88,2,84742,84272,470
9040721,3.45009,4.82256,468,134320,0.919464,0.95,2,84746,84278,468
9042801,3.89002,4.96451,467,134320,0.871893,0.95,2,84750,84283,467
9045721,7.178,9.7929,464,134320,0.878379,0.95,2,84758,84294,464
9048641,3.0356,1.95858,466,134320,0.871676,0.95,2,84760,84294,466
9050501,7.80712,0.391716,475,134320,0.902335,0.84,2,84769,84294,475
9052581,13.5614,10.4783,477,134320,0.860467,0.84,2,84784,84307,477
9055501,4.31228,9.29567,470,134320,0.884093,0.84,2,84786,84316,470
9057781,4.86246,1.85913,475,134320,0.904819,0.86,2,84791,84316,475
9060701,3.37249,13.1718,462,134320,0.884964,0.86,2,84794,84332,462
9063621,2.2745,2.63437,464,134320,0.848993,0.86,2,84796,84332,464
9065681,2.0549,0.526873,466,134320,0.817799,0.9,2,84798,84332,466
9068601,20.411,21.7054,464,134320,0.91556,0.9,2,84823,84359,464
9071301,44.0822,4.34107,514,134320,0.871112,0.79,2,84873,84359,514
9074221,10.4164,39.2682,468,134320,0.862222,0.79,2,84875,84407,468
9076501,8.48329,7.85364,476,134320,0.772444,0.86,2,84883,84407,476
9079421,3.29666,13.5707,463,134320,0.738489,0.86,1,84885,84422,463
9082341,2.25933,2.71415,465,134320,0.739698,0.86,1,84887,84422,465
9085261,2.05187,0.542829,467,134320,0.75594,0.86,2,84889,84422,467
9088181,2.01037,0.108566,469,134320,0.879188,0.86,2,84891,84422,469
9091061,8.40207,0.0217132,479,134320,0.911838,0.89,2,84901,84422,479
9093761,3.28041,10.4043,468,134320,0.886367,0.87,2,84903,84435,468
9095841,2.25608,7.68087,463,134320,0.849274,0.79,2,84905,84442,463
9098761,11.6512,10.3362,466,134320,0.833855,0.79,2,84919,84453,466
9101681,3.93024,2.06723,468,134320,0.886771,0.79,2,84921,84453,468
9104161,2.38605,0.413447,470,134320,0.857354,0.84,2,84923,84453,470
9106241,3.67721,7.28269,465,134320,0.811471,0.84,2,84927,84462,465
9109161,10.3354,9.45654,467,134320,0.826294,0.84,2,84939,84472,467
9112081,3.66709,1.89131,469,134320,0.829259,0.84,2,84941,84472,469
9113941,7.93342,0.378261,478,134320,0.813852,0.91,2,84950,84472,478
9116861,3.18668,9.67565,468,134320,0.78677,0.91,2,84952,84484,468
9119141,3.03734,1.93513,471,134320,0.821354,0.88,2,84955,84484,471
9122061,2.20747,8.38703,463,134320,0.828271,0.88,2,84957,84494,463
9124981,2.04149,1.67741,465,134320,0.853654,0.88,2,84959,84494,465
9127901,2.0083,0.335481,467,134320,0.850731,0.88,2,84961,84494,467
9129541,1.20166,0.0670962,468,134320,0.834146,0.88,2,84962,84494,468
9132461,1.84033,10.4134,457,134320,0.822829,0.88,2,84964,84507,457
9135381,1.96807,2.08268,459,134320,0.788566,0.88,2,84966,84507,459
9137861,34.7936,0.416537,502,134320,0.845713,0.97,2,85009,84507,502
9149521,2,0,459,132860,0.8,0.8,2,85188,84729,459
9152441,2,0,461,132860,0.816,0.8,2,85190,84729,461
9155361,2,0,463,132860,0.8032,0.8,2,85192,84729,463
9158281,2,0,465,132860,0.82464,0.8,2,85194,84729,465
9160741,9.2,0,476,132860,0.700928,0.95,1,85205,84729,476
9163661,4.24,12,464,132860,0.780186,0.95,2,85208,84744,464
9166581,2.448,2.4,466,132860,0.772037,0.95,2,85210,84744,466
9169501,2.0896,0.48,468,132860,0.738407,0.95,1,85212,84744,468
9171141,1.21792,0.096,469,132860,0.715681,0.9,1,85213,84744,469
9173221,1.84358,3.2192,467,132860,0.679136,0.82,1,85215,84748,467
9175301,9.16872,3.84384,474,132860,0.703827,0.89,1,85226,84752,474
9177381,3.43374,6.36877,469,132860,0.708765,0.93,1,85228,84759,469
9179041,1.48675,8.47375,461,132860,0.701753,0.78,1,85229,84768,461
9181121,13.0973,11.2948,465,132860,0.668351,0.93,1,85245,84780,465
9184041,9.81947,10.259,464,132860,0.74967,0.93,1,85254,84790,464
9186321,5.16389,2.05179,468,132860,0.805934,0.84,2,85258,84790,468
9189241,4.23278,5.21036,466,132860,0.793187,0.84,2,85262,84796,466
9191521,2.44656,1.04207,468,132860,0.766637,0.93,2,85264,84796,468
9194441,3.68931,9.00841,461,132860,0.737328,0.93,1,85268,84807,461
9196721,2.33786,1.80168,463,132860,0.755465,0.92,2,85270,84807,463
9198801,22.0676,20.3603,465,132860,0.823093,0.86,2,85297,84832,465
9201721,34.0135,38.4721,459,132860,0.780619,0.86,2,85334,84875,459
9203381,19.6027,7.69441,475,132860,0.756124,0.76,2,85350,84875,475
9206301,5.52054,12.7389,463,132860,0.719225,0.76,1,85352,84889,463
9209221,2.70411,2.54778,465,132860,0.687845,0.76,1,85354,84889,465
9212141,2.14082,0.509555,467,132860,0.745569,0.76,1,85356,84889,467
9214821,2.02816,0.101911,469,132860,0.757114,0.83,2,85358,84889,469
9217741,2.00563,7.22038,462,132860,0.783423,0.83,2,85360,84898,462
9220021,3.60113,1.44408,466,132860,0.732685,0.81,1,85364,84898,466
9222941,2.32023,6.68882,460,132860,0.690537,0.81,1,85366,84906,460
9225861,2.06405,1.33776,462,132860,0.682107,0.81,1,85368,84906,462
9228341,16.4128,0.267553,482,132860,0.728421,0.85,1,85388,84906,482
9231261,4.88256,13.6535,467,132860,0.737684,0.85,1,85390,84923,467
9233541,7.37651,2.7307,475,132860,0.763537,0.9,2,85398,84923,475
9236461,3.0753,8.54614,467,132860,0.736707,0.9,1,85400,84933,467
9238741,10.2151,1.70923,479,132860,0.795341,0.81,2,85412,84933,479
9241661,3.64301,12.3418,466,132860,0.799068,0.81,2,85414,84948,466
9243941,4.7286,2.46837,471,132860,0.743814,0.85,1,85419,84948,471
9246861,2.54572,10.8937,460,132860,0.756763,0.85,2,85421,84961,460
9249781,2.10914,2.17873,462,132860,0.743353,0.85,1,85423,84961,462
9252701,2.02183,0.435747,464,132860,0.70867,0.85,1,85425,84961,464
9255621,2.00437,0.0871494,466,132860,0.677734,0.85,1,85427,84961,466
9257461,1.20087,0.0174299,467,132860,0.655547,0.78,1,85428,84961,467
9260381,1.84017,4.00349,464,132860,0.699109,0.78,1,85430,84966,464
9263281,1.96803,0.800697,466,132860,0.675822,0.8,1,85432,84966,466
9266201,3.59361,7.36014,461,132860,0.719164,0.8,1,85436,84975,461
9267861,37.5187,1.47203,507,132860,0.751833,0.95,2,85482,84975,507
9269941,73.1037,31.4944,550,132860,0.774367,0.88,2,85564,85014,550
9272641,16.2207,74.2989,467,132860,0.786873,0.91,2,85566,85099,467
9274721,52.0441,65.2598,465,131400,0.797375,0.79,2,85627,85162,465
9277641,30.4088,40.252,456,131400,0.807475,0.79,2,85652,85196,456
9280561,7.68177,8.05039,458,131400,0.793495,0.79,2,85654,85196,458
9283481,3.13635,1.61008,460,131400,0.766699,0.79,2,85656,85196,460
9286401,2.22727,0.322016,462,131400,0.73734,0.79,1,85658,85196,462
9289281,2.04545,0.0644031,464,131400,0.699468,0.78,1,85660,85196,464
9292201,9.20909,10.4129,462,131400,0.651894,0.78,1,85671,85209,462
9294481,3.44182,2.08258,464,131400,0.762379,0.77,2,85673,85209,464
9297401,3.88836,11.6165,454,131400,0.776476,0.77,2,85677,85223,454
9300321,2.37767,2.3233,456,131400,0.755295,0.77,2,85679,85223,456
9303241,2.07553,0.464661,458,131400,0.719059,0.77,1,85681,85223,458
9305301,7.61511,0.0929321,467,131400,0.695812,0.71,1,85690,85223,467
9308221,3.12302,9.61859,457,131400,0.779162,0.71,2,85692,85235,457
9310081,1.4246,1.92372,458,131400,0.779832,0.75,2,85693,85235,458
9313001,16.2849,16.3847,458,131400,0.835966,0.75,2,85713,85255,458
9315701,11.257,3.27695,468,131400,0.767193,0.75,2,85723,85255,468
9318621,3.8514,10.2554,458,131400,0.721439,0.75,1,85725,85267,458
9321541,2.37028,2.05108,460,131400,0.744288,0.75,1,85727,85267,460
9324021,3.67406,0.410216,464,131400,0.740858,0.74,1,85731,85267,464
9326941,2.33481,6.48204,458,131400,0.700172,0.74,1,85733,85275,458
9329221,25.267,1.29641,489,131400,0.796034,0.81,2,85764,85275,489
9331301,41.8534,25.0593,504,131400,0.783207,0.79,2,85810,85306,504
9333381,13.1707,38.6119,468,131400,0.708641,0.76,1,85816,85348,468
9336301,4.23414,15.7224,460,131400,0.685728,0.76,1,85818,85358,460
9339221,2.44683,3.14447,462,131400,0.689146,0.76,1,85820,85358,462
9342141,2.08937,0.628895,464,131400,0.657829,0.76,1,85822,85358,464
9343781,1.21787,0.125779,465,131400,0.667566,0.77,1,85823,85358,465
9346701,1.84357,2.42516,464,131400,0.653513,0.77,1,85825,85361,464
9348561,1.16871,0.485031,465,131400,0.618703,0.84,1,85826,85361,465
9351481,5.03374,11.297,457,131400,0.659741,0.84,1,85832,85375,457
9354401,2.60675,2.2594,459,131400,0.731948,0.84,1,85834,85375,459
9356881,2.12135,0.45188,461,131400,0.71439,0.8,1,85836,85375,461
9359801,20.4243,16.8904,465,131400,0.638878,0.8,1,85861,85396,465
9362081,5.68485,3.37808,467,131400,0.727776,0.87,1,85863,85396,467
9365001,5.93697,11.0756,460,131400,0.801555,0.87,2,85869,85409,460
9367281,2.78739,2.21512,462,131400,0.784311,0.74,2,85871,85409,462
9370201,6.95748,11.643,456,131400,0.756862,0.74,2,85879,85423,456
9373121,2.9915,2.3286,458,131400,0.719372,0.74,1,85881,85423,458
9376041,2.1983,0.465721,460,131400,0.815875,0.74,2,85883,85423,460
9377681,1.23966,0.0931442,461,131400,0.819175,0.75,2,85884,85423,461
9380601,3.44793,9.61863,453,131400,0.763835,0.75,2,85888,85435,453
9383521,2.28959,1.92373,455,131400,0.776767,0.75,2,85890,85435,455
9386441,2.05792,0.384745,457,131400,0.739353,0.75,1,85892,85435,457
9389361,2.01158,0.076949,459,131400,0.755871,0.75,2,85894,85435,459
9392281,2.00232,0.0153898,461,131400,0.727174,0.75,1,85896,85435,461
9394321,2.00046,0.00307796,463,131400,0.721435,0.63,1,85898,85435,463
9396401,3.60009,7.20062,458,131400,0.776287,0.81,2,85902,85444,458
9398481,43.12,43.0401,459,131400,0.747257,0.76,1,85955,85496,459
9401401,74.224,71.808,462,129940,0.645451,0.76,1,86037,85575,462
9403681,17.2448,14.3616,465,129940,0.61709,0.81,1,86040,85575,465
9405761,46.649,51.6723,458,129940,0.667418,0.64,1,86094,85636,458
9408681,26.1298,31.1345,453,129940,0.725484,0.64,1,86115,85662,453
9411601,6.82596,6.22689,455,129940,0.705097,0.64,1,86117,85662,455
9414521,2.96519,1.24538,457,129940,0.669019,0.64,1,86119,85662,457
9417441,2.19304,0.249076,459,129940,0.645804,0.64,1,86121,85662,459
9420321,2.03861,0.0498151,461,129940,0.729161,0.73,1,86123,85662,461
9423241,11.6077,14.41,457,129940,0.729832,0.73,1,86137,85680,457
9426161,3.92154,2.88199,459,129940,0.721967,0.73,1,86139,85680,459
9429081,2.38431,0.576398,461,129940,0.688393,0.73,1,86141,85680,461
9430721,1.27686,0.11528,462,129940,0.673679,0.73,1,86142,85680,462
9433641,8.25537,13.6231,455,129940,0.670736,0.73,1,86152,85697,455
9436561,3.25107,2.72461,457,129940,0.638147,0.73,1,86154,85697,457
9439481,2.25021,0.544922,459,129940,0.599629,0.73,1,86156,85697,459
9441121,1.25004,0.108984,460,129940,0.575926,0.77,1,86157,85697,460
9443201,17.05,16.8218,460,129940,0.651185,0.76,1,86178,85718,460
9446121,11.41,12.9644,458,129940,0.682237,0.76,1,86188,85730,458
9449041,3.882,2.59287,460,129940,0.680447,0.76,1,86190,85730,460
9451961,2.3764,0.518574,462,129940,0.648089,0.76,1,86192,85730,462
9454021,3.67528,0.103715,466,129940,0.649618,0.82,1,86196,85730,466
9456941,2.33506,9.62074,456,129940,0.617924,0.82,1,86198,85742,456
9459221,30.067,1.92415,493,129940,0.699585,0.74,1,86235,85742,493
9461301,38.8134,29.9848,497,129940,0.587917,0.68,1,86276,85779,497
9464001,9.36268,37.197,460,129940,0.565583,0.67,1,86278,85818,460
9466921,3.47254,11.4394,457,129940,0.593117,0.67,1,86280,85823,457
9469841,2.29451,2.28788,459,129940,0.566623,0.67,1,86282,85823,459
9472321,2.0589,0.457576,461,129940,0.593325,0.75,1,86284,85823,461
9475241,5.21178,8.89152,456,129940,0.534665,0.75,1,86290,85834,456
9478161,2.64236,1.7783,458,129940,0.586933,0.75,1,86292,85834,458
9481081,2.12847,0.355661,460,129940,0.565387,0.75,1,86294,85834,460
9483141,2.82569,0.0711321,463,129940,0.673077,0.72,1,86297,85834,463
9486061,2.96514,3.21423,462,129940,0.686615,0.72,1,86300,85838,462
9487921,1.39303,0.642845,463,129940,0.697323,0.8,1,86301,85838,463
9490841,22.6786,27.3286,457,129940,0.731465,0.8,1,86329,85872,457
9493761,6.13572,5.46571,459,129940,0.730293,0.8,1,86331,85872,459
9496681,2.82714,1.09314,461,129940,0.730059,0.8,1,86333,85872,461
9498321,1.36543,0.218629,462,129940,0.714012,0.84,1,86334,85872,462
9501241,5.07309,8.84373,457,129940,0.702802,0.84,1,86340,85883,457
9503521,2.61462,1.76875,459,129940,0.668561,0.76,1,86342,85883,459
9506441,3.72292,6.75375,455,129940,0.685712,0.76,1,86346,85891,455
9509361,2.34458,1.35075,457,129940,0.657142,0.76,1,86348,85891,457
9512281,2.06892,0.27015,459,129940,0.611428,0.76,1,86350,85891,459
9513921,1.21378,0.05403,460,129940,0.642286,0.74,1,86351,85891,460
9516841,1.84276,3.21081,458,129940,0.616457,0.74,1,86353,85895,458
9519761,1.96855,0.642161,460,129940,0.611291,0.74,1,86355,85895,460
9521621,1.19371,0.128432,461,129940,0.594258,0.7,1,86356,85895,461
9524541,1.83874,3.22569,459,129940,0.566852,0.7,1,86358,85899,459
9526821,6.76775,0.645137,467,129940,0.54537,0.79,1,86366,85899,467
9528901,100.554,10.529,578,129940,0.677074,0.62,1,86490,85912,578
9530981,34.5107,102.106,471,128480,0.583415,0.67,1,86508,86037,471
9533901,40.5021,30.8212,500,128480,0.524683,0.68,1,86550,86050,500
9536181,24.1004,41.3642,476,128480,0.536937,0.74,1,86570,86094,476
9538261,7.22009,25.0728,458,128480,0.635387,0.73,1,86573,86115,458
9541181,4.64402,13.0146,452,128480,0.655077,0.73,1,86577,86125,452
9544101,3.3288,2.60291,455,128480,0.611015,0.73,1,86580,86125,455
9547021,2.26576,0.520583,457,128480,0.602203,0.73,1,86582,86125,457
9549941,2.05315,0.104117,459,128480,0.576441,0.73,1,86584,86125,459
9552821,10.8106,9.62082,460,128480,0.643288,0.73,1,86597,86137,460
9555741,3.76213,9.92416,452,128480,0.648658,0.73,1,86599,86147,452
9558661,2.35243,1.98483,454,128480,0.617732,0.73,1,86601,86147,454
9561581,7.67049,0.396967,463,128480,0.651546,0.67,1,86610,86147,463
9563221,2.3341,4.07939,459,128480,0.650309,0.57,1,86611,86152,459
9566141,2.06682,4.81588,456,128480,0.610062,0.57,1,86613,86157,456
9569061,2.01336,0.963176,458,128480,0.634012,0.57,1,86615,86157,458
9571541,14.0027,0.192635,475,128480,0.678802,0.67,1,86632,86157,475
9573621,9.20053,16.8385,462,128480,0.719761,0.69,1,86640,86178,462
9575701,8.24011,11.3677,460,128480,0.671952,0.67,1,86648,86188,460
9578621,4.04802,7.87354,456,128480,0.67839,0.67,1,86651,86195,456
9581541,2.4096,1.57471,458,128480,0.703678,0.65,1,86653,86195,458
9584021,2.08192,1.11494,459,128480,0.676736,0.72,1,86655,86196,459
9586941,29.2164,8.22299,485,128480,0.647347,0.72,1,86691,86206,485
9589221,35.4433,24.8446,493,128480,0.625469,0.56,1,86728,86235,493
9591301,14.2887,37.7689,461,128480,0.533094,0.58,1,86737,86276,461
9594221,5.25773,14.7538,455,128480,0.530619,0.58,1,86740,86285,455
9597141,2.65155,2.95076,457,128480,0.498124,0.58,1,86742,86285,457
9600061,2.13031,0.590151,459,128480,0.515625,0.58,1,86744,86285,459
9602981,3.62606,0.11803,463,128480,0.479125,0.52,1,86748,86285,463
9604821,3.12521,4.02361,461,128480,0.551825,0.7,1,86751,86290,461
9607741,2.22504,9.60472,452,128480,0.534365,0.7,1,86753,86301,452
9610661,2.04501,1.92094,454,128480,0.498873,0.7,1,86755,86301,454
9613581,2.009,0.384189,456,128480,0.547775,0.7,1,86757,86301,456
9616501,2.0018,0.0768378,458,128480,0.597555,0.7,1,86759,86301,458
9618341,21.2004,0.0153676,484,128480,0.607511,0.74,1,86785,86301,484
9620421,5.84007,22.4031,458,128480,0.609502,0.71,1,86787,86329,458
9623341,2.76801,8.48061,455,128480,0.5779,0.71,1,86789,86334,455
9626261,2.1536,1.69612,457,128480,0.60358,0.71,1,86791,86334,457
9628741,6.83072,0.339225,465,128480,0.584716,0.65,1,86799,86334,465
9631661,2.96614,11.2678,453,128480,0.548943,0.65,1,86801,86348,453
9634581,2.19323,2.25357,455,128480,0.509789,0.65,1,86803,86348,455
9636641,2.03865,0.450714,457,128480,0.549958,0.56,1,86805,86348,457
9639561,2.00773,8.09014,449,128480,0.525992,0.56,1,86807,86358,449
9642481,2.00155,1.61803,451,128480,0.593198,0.56,1,86809,86358,451
9645401,2.00031,0.323606,453,128480,0.60664,0.56,1,86811,86358,453
9648321,2.00006,0.0647211,455,128480,0.585328,0.56,1,86813,86358,455
9651241,2.00001,0.0129442,457,128480,0.541066,0.56,1,86815,86358,457
9653701,6.8,0.00258884,465,128480,0.404213,0.69,1,86823,86358,465
9656621,2.96,8.80052,456,128480,0.544843,0.56,1,86825,86369,456
9659541,138.992,112.96,490,127020,0.404969,0.51,1,86998,86508,490
9661601,29.3984,56.192,450,127020,0.440994,0.54,1,87000,86550,450
9664521,23.4797,27.2384,452,127020,0.480199,0.66,1,87022,86570,452
9666181,11.8959,7.84768,458,127020,0.51204,0.6,1,87031,86573,458
9669101,3.97919,8.76954,451,127020,0.526408,0.6,1,87033,86582,451
9672021,2.39584,1.75391,453,127020,0.497282,0.6,1,87035,86582,453
9674941,2.07917,0.350781,455,127020,0.459456,0.6,1,87037,86582,455
9676581,4.41583,0.0701563,460,127020,0.395891,0.67,1,87042,86582,460
9679501,3.28317,9.61403,451,127020,0.367178,0.66,1,87045,86594,451
9681781,8.65663,4.32281,458,127020,0.449436,0.57,1,87055,86597,458
9684701,3.33133,5.66456,454,127020,0.513887,0.57,1,87057,86603,454
9687621,2.26627,1.13291,456,127020,0.486777,0.66,1,87059,86603,456
9689681,2.05325,5.82658,451,127020,0.489356,0.56,1,87061,86610,451
9692601,9.21065,8.36532,453,127020,0.417871,0.56,1,87072,86619,453
9695521,3.44213,1.67306,455,127020,0.483574,0.56,1,87074,86619,455
9698441,12.6884,0.334613,470,127020,0.520715,0.69,1,87089,86619,470
9700081,6.53769,10.4669,462,127020,0.488143,0.75,1,87094,86632,462
9703001,5.30754,9.29338,458,127020,0.441629,0.68,1,87099,86641,458
9705701,6.66151,9.85868,455,127020,0.488326,0.65,1,87106,86651,455
9708621,2.9323,5.97174,452,127020,0.489665,0.65,1,87108,86656,452
9711541,2.18646,1.19435,454,127020,0.457933,0.64,1,87110,86656,454
9714461,27.6373,28.2389,453,127020,0.435587,0.64,1,87144,86691,453
9716101,30.3275,5.64777,484,127020,0.399117,0.62,1,87175,86691,484
9719021,12.4655,30.7296,455,127020,0.391823,0.53,1,87183,86728,455
9721301,10.4931,15.7459,453,127020,0.438365,0.5,1,87193,86740,453
9724221,3.69862,7.14918,450,127020,0.471673,0.5,1,87195,86745,450
9727141,2.33972,1.42984,452,127020,0.446335,0.47,1,87197,86745,452
9730061,3.66794,2.68597,453,127020,0.457267,0.47,1,87201,86748,453
9731701,4.73359,0.537193,458,127020,0.523453,0.6,1,87206,86748,458
9734621,2.54672,11.3074,446,127020,0.504691,0.6,1,87208,86762,446
9737541,2.10934,2.26149,448,127020,0.500938,0.6,1,87210,86762,448
9740461,2.02187,0.452297,450,127020,0.476188,0.6,1,87212,86762,450
9743381,2.00437,0.0904595,452,127020,0.471238,0.6,1,87214,86762,452
9746301,18.0009,0.0180919,474,127020,0.438248,0.61,1,87236,86762,474
9748341,5.20017,20.0036,451,127020,0.58365,0.65,1,87238,86787,451
9751261,2.64003,9.60072,446,127020,0.58073,0.65,1,87240,86794,446
9754181,2.12801,1.92014,448,127020,0.564146,0.58,1,87242,86794,448
9757101,7.6256,4.38403,452,127020,0.448829,0.54,1,87251,86799,452
9758741,2.32512,2.47681,451,127020,0.409766,0.58,1,87252,86801,451
9761661,2.06502,10.0954,441,127020,0.369953,0.58,1,87254,86813,441
9764581,2.013,2.01907,443,127020,0.425991,0.58,1,87256,86813,443
9767501,2.0026,0.403814,445,127020,0.485198,0.58,1,87258,86813,445
9770421,2.00052,0.0807629,447,127020,0.46504,0.58,1,87260,86813,447
9773341,2.0001,0.0161526,449,127020,0.549008,0.58,1,87262,86813,449
9776001,2.00002,0.00323051,451,127020,0.541802,0.37,1,87264,86813,451
9778921,6.8,8.00065,449,127020,0.52436,0.37,1,87272,86823,449
9781841,2.96,1.60013,451,127020,0.504872,0.58,1,87274,86823,451
9783701,137.392,1.92003,620,125560,0.436974,0.37,1,87445,86825,620
9786621,29.0784,138.784,449,125560,0.391395,0.45,1,87447,86998,449
9788901,23.4157,29.3568,469,125560,0.382279,0.49,1,87469,87000,469
9791821,6.28314,23.4714,449,125560,0.356456,0.53,1,87471,87022,449
9794721,2.85663,13.4943,440,125560,0.319291,0.49,1,87473,87033,440
9797641,2.17133,4.29885,440,125560,0.399858,0.45,1,87475,87035,440
9799921,7.63427,2.45977,447,125560,0.423972,0.4,1,87484,87037,447
9802841,4.72685,3.69195,447,125560,0.420794,0.36,1,87488,87041,447
9805121,2.54537,3.93839,445,125560,0.428159,0.47,1,87490,87045,445
9808041,8.50907,8.78768,445,125560,0.477632,0.53,1,87500,87055,445
9810321,3.30181,3.35754,445,125560,0.471526,0.5,1,87502,87057,445
9813241,5.46036,5.47151,445,125560,0.430305,0.5,1,87508,87063,445
9816161,2.69207,1.0943,447,125560,0.390061,0.4,1,87510,87063,447
9819081,5.33841,7.41886,444,125560,0.422012,0.5,1,87516,87072,444
9820721,5.86768,3.08377,448,125560,0.436402,0.43,1,87522,87074,448
9823641,7.57354,3.81675,452,125560,0.367281,0.53,1,87530,87078,452
9825921,8.71471,9.56335,450,125560,0.409456,0.56,1,87539,87089,450
9828841,9.74294,12.3127,447,125560,0.337891,0.5,1,87549,87102,447
9831761,5.14859,5.66253,447,125560,0.323578,0.49,1,87553,87106,447
9834661,8.22972,2.73251,454,125560,0.416716,0.51,1,87562,87108,454
9837581,4.04594,6.1465,450,125560,0.443343,0.43,1,87565,87115,450
9840501,23.2092,24.4293,449,125560,0.416669,0.39,1,87593,87144,449
9843421,33.4418,29.6859,454,125560,0.387334,0.39,1,87629,87175,454
9846341,12.2884,12.3372,453,125560,0.293467,0.45,1,87636,87183,453
9849261,4.85767,10.4674,446,125560,0.314693,0.48,1,87639,87193,446
9851301,11.3715,3.69349,457,125560,0.310939,0.54,1,87652,87195,457
9854221,3.87431,9.5387,448,125560,0.278188,0.54,1,87654,87206,448
9857141,2.37486,1.90774,450,125560,0.271638,0.54,1,87656,87206,450
9860061,2.07497,0.381548,452,125560,0.278327,0.5,1,87658,87206,452
9861701,1.21499,1.67631,451,125560,0.287665,0.49,1,87659,87208,451
9864621,1.843,2.73526,450,125560,0.289533,0.47,1,87661,87211,450
9867541,1.9686,1.34705,451,125560,0.393907,0.47,1,87663,87212,451
9870021,3.59372,1.86941,453,125560,0.406781,0.43,1,87667,87214,453
9872941,11.9187,17.9739,445,125560,0.441356,0.62,1,87681,87236,445
9875221,8.78375,5.19478,451,125560,0.352271,0.52,1,87689,87238,451
9878141,3.35675,7.43896,445,125560,0.342454,0.52,1,87691,87246,445
9881061,2.27135,1.48779,447,125560,0.340491,0.42,1,87693,87246,447
9883981,3.65427,4.29756,446,125560,0.428098,0.4,1,87697,87251,446
9886661,5.53085,1.65951,451,125560,0.40562,0.52,1,87703,87252,451
9889581,2.70617,4.3319,448,125560,0.433124,0.52,1,87705,87257,448
9892501,2.14123,0.86638,450,125560,0.406625,0.5,1,87707,87257,450
9895421,2.02825,0.973276,451,125560,0.369325,0.46,1,87709,87258,451
9897061,3.60565,1.79466,453,125560,0.345865,0.55,1,87713,87260,453
9899981,3.12113,5.95893,449,125560,0.453173,0.55,1,87716,87267,449
9902901,2.22423,1.19179,451,125560,0.434635,0.52,1,87718,87267,451
9905821,3.64485,4.23836,450,125560,0.398927,0.5,1,87722,87272,450
9908501,133.529,2.44767,614,124100,0.343785,0.38,1,87888,87274,614
9911421,28.3058,138.89,443,124100,0.300757,0.38,1,87890,87447,443
9914341,22.4612,45.3779,442,124100,0.364151,0.35,1,87911,87469,442
9917261,6.09223,10.6756,442,124100,0.34483,0.31,1,87913,87471,442
9918901,5.21845,3.73512,445,124100,0.252966,0.46,1,87918,87473,445
9921821,2.64369,4.74702,442,124100,0.202593,0.43,1,87920,87478,442
9924741,2.12874,5.7494,438,124100,0.192519,0.42,1,87922,87484,438
9927661,9.22575,4.34988,445,124100,0.350504,0.42,1,87933,87488,445
9929301,2.64515,0.869976,446,124100,0.374101,0.49,1,87934,87488,446
9932221,5.32903,9.774,440,124100,0.39482,0.47,1,87940,87500,440
9935141,5.86581,3.5548,444,124100,0.454964,0.42,1,87946,87502,444
9937621,2.77316,5.51096,440,124100,0.434993,0.38,1,87948,87508,440
9940541,2.15463,2.70219,440,124100,0.406999,0.43,1,87950,87510,440
9943441,6.83093,5.34044,442,124100,0.3934,0.44,1,87958,87516,442
9946361,13.3662,5.86809,451,124100,0.42268,0.35,1,87973,87522,451
9949281,4.27324,7.57362,445,124100,0.396536,0.42,1,87975,87530,445
9952201,9.65465,8.71472,447,124100,0.455307,0.32,1,87986,87539,447
9953841,2.73093,9.74294,438,124100,0.451061,0.32,1,87987,87549,438
9956761,6.94619,5.14859,442,124100,0.378212,0.44,1,87995,87553,442
9959681,7.78924,8.22972,441,124100,0.443642,0.45,1,88003,87562,441
9962161,7.15785,4.04594,445,124100,0.472728,0.41,1,88010,87565,445
9965081,20.6316,23.2092,441,124100,0.502546,0.38,1,88034,87593,441
9968001,31.3263,33.4418,439,124100,0.452509,0.27,1,88068,87629,439
9970921,11.8653,12.2884,439,124100,0.442502,0.27,1,88075,87636,439
9972981,6.37305,2.45767,444,124100,0.4005,0.34,1,88080,87636,444
9975901,14.0746,7.69153,451,124100,0.3681,0.27,1,88096,87645,451
9978821,4.41492,8.73831,444,124100,0.39362,0.27,1,88098,87654,444
9981301,2.48298,3.34766,444,124100,0.398724,0.29,1,88100,87656,444
9984221,2.0966,4.66953,441,124100,0.423745,0.29,1,88102,87661,441
9987141,2.01932,0.933906,443,124100,0.396749,0.29,1,88104,87661,443
9990061,2.00386,0.186781,445,124100,0.35935,0.42,1,88106,87661,445
9992321,2.00077,1.63736,445,124100,0.35987,0.36,1,88108,87663,445
9995241,5.20015,5.92747,444,124100,0.463974,0.45,1,88114,87670,444
9998161,5.84003,9.98549,439,124100,0.452795,0.33,1,88120,87681,439
10001081,9.96801,8.3971,442,124100,0.466559,0.34,1,88131,87689,442
10003761,3.5936,3.27942,442,124100,0.437312,0.44,1,88133,87691,442
10006681,5.51872,7.05588,440,124100,0.343462,0.44,1,88139,87699,440
10009601,3.50374,1.41118,443,124100,0.460692,0.4,1,88142,87699,443
10012521,6.30075,3.48224,446,124100,0.412138,0.44,1,88149,87703,446
10014161,2.06015,2.29645,445,124100,0.418428,0.43,1,88150,87705,445
10017081,5.21203,10.8593,438,124100,0.419686,0.43,1,88156,87718,438
10020001,2.64241,2.17186,440,124100,0.411937,0.43,1,88158,87718,440
10022921,2.12848,0.434372,442,124100,0.482387,0.43,1,88160,87718,442
10025841,2.0257,0.0868743,444,124100,0.480477,0.43,1,88162,87718,444
10028761,3.60514,0.0173749,448,124100,0.472096,0.33,1,88166,87718,448
10031681,128.721,136.003,438,124100,0.430419,0.29,1,88326,87888,438
10034601,32.1442,28.8007,444,124100,0.382084,0.38,1,88334,87890,444
10037521,12.8288,22.5601,431,124100,0.460417,0.34,1,88342,87911,431
10040441,5.76577,6.11203,433,124100,0.484083,0.23,1,88346,87913,433
10043361,12.3532,5.22241,442,124100,0.448817,0.19,1,88360,87918,442
10046281,4.07063,2.64448,442,124100,0.409763,0.19,1,88362,87920,442
10048901,9.61413,2.1289,451,124100,0.473953,0.39,1,88373,87922,451
10051821,3.52283,9.22578,442,124100,0.462791,0.38,1,88375,87933,442
10054741,5.50457,2.64516,447,124100,0.420558,0.4,1,88381,87934,447
10057221,5.90091,5.32903,447,124100,0.420112,0.47,1,88387,87940,447
10060141,2.78018,5.86581,443,124100,0.388022,0.43,1,88389,87946,443
10063041,2.15604,2.77316,443,124100,0.429604,0.44,1,88391,87948,443
10065961,6.83121,4.55463,446,124100,0.445921,0.39,1,88399,87953,446
10068881,15.7662,4.91093,459,124100,0.377184,0.43,1,88417,87958,459
10071801,4.75325,12.9822,446,124100,0.331437,0.39,1,88419,87973,446
10074721,5.75065,4.19644,450,124100,0.266287,0.47,1,88425,87975,450
10077641,2.75013,9.63929,441,124100,0.413257,0.36,1,88427,87986,441
10079681,10.95,9.12786,445,124100,0.434651,0.46,1,88440,87995,445
10082601,10.19,8.22557,447,124100,0.29493,0.48,1,88450,88003,447
10085521,5.238,7.24511,444,124100,0.410986,0.51,1,88454,88010,444
10088441,21.8476,20.649,446,124100,0.442197,0.44,1,88480,88034,446
10091361,27.5695,31.3298,441,124100,0.424439,0.44,1,88509,88068,441
10094281,13.5139,11.866,444,124100,0.380888,0.39,1,88519,88075,444
10097201,15.5028,6.37319,455,124100,0.428178,0.36,1,88535,88080,455
10100121,4.70056,14.0746,441,124100,0.437636,0.4,1,88537,88096,441
10103041,3.34011,4.41493,442,124100,0.407527,0.4,1,88540,88098,442
10105061,5.46802,2.48299,446,124100,0.441505,0.42,1,88546,88100,446
10107981,2.6936,2.8966,445,124100,0.448301,0.39,1,88548,88103,445
10110901,2.13872,1.37932,446,124100,0.41766,0.35,1,88550,88104,446
10113821,2.02774,1.87586,446,124100,0.411532,0.36,1,88552,88106,446
10116501,6.80555,1.97517,452,124100,0.442306,0.51,1,88560,88108,452
10119421,4.56111,7.59503,447,124100,0.448461,0.45,1,88564,88117,447
10122341,9.71222,3.91901,455,124100,0.481692,0.47,1,88575,88120,455
10125261,3.54244,9.5838,446,124100,0.456338,0.43,1,88577,88131,446
10128181,2.30849,3.51676,446,124100,0.451268,0.32,1,88579,88133,446
10131101,5.2617,5.50335,446,124100,0.450254,0.49,1,88585,88139,446
10133141,2.65234,3.50067,445,124100,0.450051,0.4,1,88587,88142,445
10136061,5.33047,6.30013,444,124100,0.41001,0.42,1,88593,88149,444
10138981,7.46609,2.06003,451,124100,0.354002,0.42,1,88601,88150,451
10141901,3.09322,5.21201,447,124100,0.3108,0.41,1,88603,88156,447
10144821,2.21864,2.6424,447,124100,0.37416,0.5,1,88605,88158,447
10146661,2.84373,2.12848,448,124100,0.346832,0.49,1,88608,88160,448
10149581,2.16875,6.0257,443,124100,0.341366,0.49,1,88610,88167,443
10152501,2.03375,1.20514,445,124100,0.380273,0.42,1,88612,88167,445
10155421,124.407,127.441,441,124100,0.508055,0.37,1,88767,88326,441
10158341,33.6813,31.8882,444,124100,0.477611,0.48,1,88778,88334,444
10161261,13.1363,12.7776,444,124100,0.367522,0.49,1,88786,88342,444
10164181,5.82725,5.75553,444,124100,0.441504,0.44,1,88790,88346,444
10167101,10.7655,12.3511,442,124100,0.448301,0.4,1,88802,88360,442
10170021,5.35309,4.07022,444,124100,0.40166,0.49,1,88806,88362,444
10172941,9.07062,9.61404,443,124100,0.432332,0.46,1,88816,88373,443
10175861,3.41412,3.52281,443,124100,0.446466,0.41,1,88818,88375,443
10177861,5.48282,5.50456,443,124100,0.385293,0.42,1,88824,88381,443
10180781,7.49657,5.90091,445,124100,0.437059,0.38,1,88832,88387,445
10183701,3.09931,2.78018,445,124100,0.415412,0.44,1,88834,88389,445
10185761,2.21986,2.15604,445,124100,0.475082,0.45,1,88836,88391,445
10188681,6.84397,6.83121,445,124100,0.415016,0.36,1,88844,88399,445
10191601,14.9688,15.7662,444,124100,0.475003,0.32,1,88861,88417,444
10194521,4.59376,4.75325,444,124100,0.463001,0.25,1,88863,88419,444
10197441,4.11875,5.75065,442,124100,0.3966,0.45,1,88867,88425,442
10200361,2.42375,2.75013,442,124100,0.35132,0.44,1,88869,88427,442
10203281,8.48475,10.95,439,124100,0.470264,0.26,1,88879,88440,439
10206201,10.497,10.19,440,124100,0.454053,0.44,1,88890,88450,440
10209121,7.69939,5.238,443,124100,0.522811,0.45,1,88897,88454,443
10212041,20.7399,21.8476,441,124100,0.512562,0.42,1,88921,88480,441
10214961,26.548,27.5695,440,124100,0.486512,0.37,1,88949,88509,440
10217881,16.5096,13.5139,444,124100,0.505302,0.44,1,88963,88519,444
10220801,16.9019,15.5028,445,124100,0.509061,0.44,1,88980,88535,445
10223721,4.98038,4.70056,445,124100,0.509812,0.4,1,88982,88537,445
10225281,1.79608,3.34011,443,124100,0.493962,0.34,1,88983,88540,443
10228201,1.95922,3.06802,442,124100,0.458793,0.45,1,88985,88543,442
10231121,6.79184,4.6136,445,124100,0.395758,0.41,1,88993,88548,445
10234041,2.95837,2.52272,445,124100,0.423152,0.41,1,88995,88550,445
10236961,2.19167,2.10454,445,124100,0.42063,0.45,1,88997,88552,445
10238801,6.03833,6.82091,444,124100,0.380126,0.49,1,89004,88560,444
10241721,4.40767,2.96418,446,124100,0.372025,0.45,1,89008,88562,446
10244641,8.88153,2.19284,454,124100,0.482405,0.49,1,89018,88564,454
10247121,3.37631,9.23857,445,124100,0.512481,0.45,1,89020,88575,445
10250041,2.27526,5.04771,443,124100,0.526496,0.45,1,89022,88579,443
10252961,4.45505,1.00954,448,124100,0.449299,0.45,1,89027,88579,448
10255881,2.49101,5.00191,444,124100,0.51386,0.4,1,89029,88585,444
10258801,3.6982,7.40038,440,124100,0.502772,0.34,1,89033,88593,440
10261721,7.93964,7.88008,441,124100,0.444554,0.3,1,89042,88601,441
10264641,6.38793,3.17602,445,124100,0.368911,0.39,1,89048,88603,445
10267561,2.87759,2.2352,445,124100,0.481782,0.34,1,89050,88605,445
10270001,3.77552,2.84704,446,124100,0.496356,0.48,1,89054,88608,446
10272921,2.3551,4.56941,443,124100,0.467271,0.48,1,89056,88613,443
10275841,2.07102,0.913882,445,124100,0.437454,0.54,1,89058,88613,445
10278761,123.614,123.383,445,124100,0.415491,0.47,1,89212,88767,445
10281681,29.5228,33.4766,440,124100,0.467098,0.34,1,89218,88778,440
10284601,14.7046,13.0953,443,124100,0.38942,0.46,1,89229,88786,443
10287521,6.14091,5.81906,443,124100,0.309884,0.45,1,89233,88790,443
10290441,4.42818,10.7638,435,124100,0.301977,0.39,1,89237,88802,435
10293361,12.0856,5.35276,445,124100,0.324395,0.44,1,89251,88806,445
10296281,5.61713,9.07055,439,124100,0.440879,0.45,1,89255,88816,439
10299201,2.72343,3.41411,439,124100,0.432176,0.37,1,89257,88818,439
10301621,12.5447,5.48282,448,124100,0.414435,0.45,1,89272,88824,448
10304541,4.10894,7.49656,442,124100,0.394887,0.41,1,89274,88832,442
10307461,2.42179,3.09931,442,124100,0.358977,0.49,1,89276,88834,442
10309941,9.28436,2.21986,451,124100,0.471795,0.4,1,89287,88836,451
10312861,17.0569,6.84397,462,124100,0.486359,0.49,1,89306,88844,462
10315781,5.01137,14.9688,447,124100,0.481272,0.46,1,89308,88861,447
10318701,4.20227,4.59376,449,124100,0.408254,0.38,1,89312,88863,449
10320341,3.24046,4.11875,448,124100,0.353651,0.47,1,89315,88867,448
10323261,2.24809,3.22375,447,124100,0.35073,0.5,1,89317,88870,447
10326181,5.24962,7.84475,444,124100,0.454146,0.45,1,89323,88879,444
10329101,13.0499,10.369,448,124100,0.482829,0.54,1,89338,88890,448
10332021,5.80998,7.67379,445,124100,0.416566,0.51,1,89342,88897,445
10334941,21.962,20.7348,447,124100,0.451313,0.48,1,89368,88921,447
10337861,25.1924,26.547,445,124100,0.322263,0.51,1,89394,88949,445
10340781,17.0385,16.5094,446,124100,0.384453,0.51,1,89409,88963,446
10343701,13.0077,16.9019,441,124100,0.38089,0.51,1,89421,88980,441
10346621,4.20154,4.98038,441,124100,0.380178,0.49,1,89423,88982,441
10349461,7.24031,1.79608,448,124100,0.404036,0.41,1,89431,88983,448
10352381,3.04806,3.55922,446,124100,0.408807,0.38,1,89433,88987,446
10355301,2.20961,5.51184,442,124100,0.409761,0.43,1,89435,88993,442
10358221,2.04192,2.70237,442,124100,0.385952,0.42,1,89437,88995,442
10359861,7.60838,2.14047,449,124100,0.30919,0.37,1,89446,88997,449
10362781,6.32168,6.02809,448,124100,0.317838,0.37,1,89452,89004,448
10365701,4.46434,4.40562,448,124100,0.303568,0.51,1,89456,89008,448
10368621,5.69287,8.88112,444,124100,0.292714,0.52,1,89462,89018,444
10371541,5.93857,3.37622,448,124100,0.378543,0.53,1,89468,89020,448
10373381,1.98771,2.27524,447,124100,0.419709,0.43,1,89469,89022,447
10376301,1.99754,4.45505,444,124100,0.403942,0.53,1,89471,89027,444
10379221,1.99951,2.49101,444,124100,0.392788,0.5,1,89473,89029,444
10382141,1.9999,3.6982,442,124100,0.374558,0.43,1,89475,89033,442
10385061,10.8,7.93964,446,124100,0.410912,0.35,1,89488,89042,446
10387981,3.76,6.38793,442,124100,0.418182,0.51,1,89490,89048,442
10390901,2.352,2.87759,442,124100,0.411636,0.5,1,89492,89050,442
10392721,2.8704,3.77552,441,124100,0.354327,0.46,1,89495,89054,441
10395641,5.37408,2.3551,445,124100,0.342865,0.43,1,89501,89056,445
10398561,2.67482,2.07102,445,124100,0.412573,0.41,1,89503,89058,445
10401481,121.335,123.614,442,124100,0.498515,0.48,1,89654,89212,442
10404401,27.467,29.5228,440,124100,0.475703,0.37,1,89658,89218,440
10407321,11.0934,14.7046,436,124100,0.391141,0.29,1,89665,89229,436
10410241,8.61868,6.14091,440,124100,0.398228,0.3,1,89673,89233,440
10412481,4.12374,4.42818,439,124100,0.359646,0.35,1,89676,89237,439
10415401,15.2247,4.88564,452,124100,0.359929,0.33,1,89694,89242,452
10418321,6.24495,8.17713,447,124100,0.295986,0.47,1,89698,89251,447
10420801,4.44899,4.83543,447,124100,0.347197,0.49,1,89702,89255,447
10423721,10.4898,6.56708,452,124100,0.357439,0.41,1,89714,89262,452
10426641,6.09796,9.31342,447,124100,0.279488,0.39,1,89719,89272,447
10429561,2.81959,3.46268,447,124100,0.327898,0.35,1,89721,89274,447
10431621,8.56392,2.29254,455,124100,0.36158,0.5,1,89731,89276,455
10434541,11.3128,9.25851,456,124100,0.368316,0.49,1,89743,89287,456
10437461,9.46256,17.0517,446,124100,0.369663,0.48,1,89752,89306,446
10440381,5.09251,5.01034,448,124100,0.337933,0.39,1,89756,89308,448
10442021,5.0185,4.20207,449,124100,0.315587,0.5,1,89761,89312,449
10444941,2.6037,6.44041,444,124100,0.311117,0.5,1,89763,89319,444
10447861,2.12074,1.28808,446,124100,0.310223,0.48,1,89765,89319,446
10450781,7.62415,3.45762,451,124100,0.406045,0.49,1,89774,89323,451
10453701,10.3248,12.6915,447,124100,0.425209,0.4,1,89785,89338,447
10456621,19.665,5.7383,465,124100,0.437042,0.46,1,89807,89342,465
10459541,26.333,21.9477,467,124100,0.431408,0.29,1,89835,89368,467
10462461,14.8666,25.1895,453,124100,0.438282,0.4,1,89847,89394,453
10465381,15.7733,17.0379,454,124100,0.439656,0.38,1,89863,89409,454
10468301,4.75466,13.0076,444,124100,0.407931,0.38,1,89865,89421,444
10471221,2.55093,4.20152,444,124100,0.377586,0.41,1,89867,89423,444
10474141,2.11019,7.2403,438,124100,0.395517,0.41,1,89869,89431,438
10476961,2.02204,3.04806,438,124100,0.399103,0.38,1,89871,89433,438
10479881,2.00441,3.80961,436,124100,0.423821,0.38,1,89873,89437,436
10482801,8.40088,0.761922,446,124100,0.372764,0.32,1,89883,89437,446
10485721,8.08018,12.1524,439,124100,0.434553,0.3,1,89891,89452,439
10488641,8.01604,5.63048,443,124100,0.478911,0.29,1,89899,89456,443
10490481,4.00321,5.9261,440,124100,0.471782,0.42,1,89902,89462,440
10493401,2.40064,1.98522,441,124100,0.446356,0.4,1,89904,89463,441
10496321,2.08013,4.39704,438,124100,0.417271,0.4,1,89906,89468,438
10498801,6.81603,3.27941,443,124100,0.475454,0.37,1,89914,89471,443
10501721,2.96321,3.85588,441,124100,0.495091,0.37,1,89916,89475,441
10504641,2.19264,0.771176,443,124100,0.499018,0.37,1,89918,89475,443
10507561,6.83853,0.154235,451,124100,0.507804,0.42,1,89926,89475,451
10510481,2.96771,10.4308,440,124100,0.509561,0.42,1,89928,89488,440
10512321,6.19354,3.68617,445,124100,0.493912,0.36,1,89935,89490,445
10515241,4.43871,5.53723,443,124100,0.530782,0.36,1,89939,89496,443
10518161,2.48774,1.10745,445,124100,0.514156,0.34,1,89941,89496,445
10521081,2.09755,4.22149,442,124100,0.478831,0.43,1,89943,89501,442
10524001,119.62,2.4443,589,124100,0.495766,0.52,1,90092,89503,589
10526921,31.1239,121.289,447,124100,0.523153,0.47,1,90101,89654,447
10528961,7.82478,27.4578,445,124100,0.568631,0.48,1,90103,89658,445
10531881,6.36496,12.6916,442,124100,0.481726,0.4,1,90109,89667,442
10534801,2.87299,7.33831,438,124100,0.432345,0.35,1,90111,89673,438
10537721,15.7746,3.86766,454,124100,0.462469,0.36,1,90130,89676,454
10540641,6.35492,15.1735,440,124100,0.476494,0.28,1,90134,89694,440
10543521,7.67098,6.23471,444,124100,0.463299,0.36,1,90142,89698,444
10546441,8.7342,14.0469,437,124100,0.43666,0.26,1,90151,89714,437
10549361,9.74684,6.80939,442,124100,0.463332,0.34,1,90161,89719,442
10552281,3.54937,2.96188,442,124100,0.468666,0.37,1,90163,89721,442
10555201,7.90987,8.59238,441,124100,0.365733,0.37,1,90172,89731,441
10558121,10.382,11.3185,440,124100,0.433147,0.37,1,90183,89743,440
10561041,6.8764,9.4637,437,124100,0.510629,0.33,1,90189,89752,437
10563961,4.57528,5.09274,437,124100,0.526126,0.31,1,90193,89756,437
10566881,9.71506,5.01855,443,124100,0.545225,0.31,1,90204,89761,443
10569801,4.34301,2.60371,444,124100,0.541045,0.31,1,90207,89763,444
10572021,8.0686,2.12074,451,124100,0.428209,0.43,1,90216,89765,451
10574941,5.61372,7.62415,447,124100,0.477642,0.43,1,90221,89774,447
10577861,21.9227,10.3248,462,124100,0.503528,0.44,1,90247,89785,462
10580781,29.9845,19.665,472,124100,0.420706,0.43,1,90279,89807,472
10583701,12.3969,26.333,452,124100,0.364141,0.44,1,90287,89835,452
10586621,18.4794,14.8666,460,124100,0.416828,0.44,1,90307,89847,460
10589541,5.29588,15.7733,446,124100,0.395366,0.4,1,90309,89863,446
10592461,2.65918,4.75466,446,124100,0.359073,0.37,1,90311,89865,446
10594901,3.73184,2.55093,448,124100,0.367815,0.47,1,90315,89867,448
10597821,2.34637,8.51019,440,124100,0.337563,0.47,1,90317,89877,440
10600741,2.06927,1.70204,442,124100,0.331513,0.47,1,90319,89877,442
10603661,2.01385,0.340407,444,124100,0.330303,0.36,1,90321,89877,444
10606581,6.80277,4.86808,446,124100,0.41006,0.45,1,90329,89883,446
10609501,7.76055,7.37362,446,124100,0.418012,0.49,1,90337,89891,446
10612421,6.35211,7.87472,444,124100,0.427602,0.47,1,90343,89899,444
10614661,7.67042,3.97494,449,124100,0.41352,0.44,1,90351,89902,449
10617581,3.13408,2.39499,449,124100,0.418704,0.41,1,90353,89904,449
10620501,7.02682,2.079,455,124100,0.395741,0.49,1,90361,89906,455
10623421,3.00536,6.8158,449,124100,0.463148,0.5,1,90363,89914,449
10626341,2.20107,2.96316,449,124100,0.47663,0.5,1,90365,89916,449
10628181,2.04021,2.19263,449,124100,0.447326,0.51,1,90367,89918,449
10631101,6.00804,6.83853,448,124100,0.353465,0.51,1,90374,89926,448
10634021,2.80161,2.96771,448,124100,0.430693,0.49,1,90376,89928,448
10636941,8.56032,6.19354,451,124100,0.422139,0.54,1,90386,89935,451
10639861,3.31206,4.43871,449,124100,0.452428,0.51,1,90388,89939,449
10642781,2.26241,2.48774,449,124100,0.426486,0.47,1,90390,89941,449
10645701,120.452,2.09755,597,124100,0.605297,0.5,1,90540,89943,597
10648621,25.6905,119.62,450,124100,0.641059,0.53,1,90542,90092,450
10651541,12.3381,31.1239,450,124100,0.696212,0.58,1,90551,90101,450
10654461,4.06762,7.82478,450,124100,0.707242,0.46,1,90553,90103,450
10657381,2.41352,6.36496,446,124100,0.677449,0.42,1,90555,90109,446
10659381,16.4827,2.87299,464,124100,0.62349,0.47,1,90575,90111,464
10662301,6.49654,15.7746,449,124100,0.556698,0.48,1,90579,90130,449
10665221,6.89931,6.35492,452,124100,0.60734,0.46,1,90586,90134,452
10668141,10.1799,7.67098,455,124100,0.633468,0.43,1,90597,90142,455
10671061,3.63597,8.7342,448,124100,0.606694,0.47,1,90599,90151,448
10673981,2.32719,9.74684,440,124100,0.569339,0.47,1,90601,90161,440
10676901,10.8654,3.54937,451,124100,0.545868,0.34,1,90614,90163,451
10679821,14.9731,7.90987,458,124100,0.637174,0.45,1,90630,90172,458
10682741,4.59462,10.382,449,124100,0.623435,0.53,1,90632,90183,449
10685661,7.31892,6.8764,451,124100,0.620687,0.53,1,90640,90189,451
10688581,4.66378,4.57528,451,124100,0.620137,0.55,1,90644,90193,451
10691501,3.33276,9.71506,443,124100,0.644027,0.54,1,90647,90204,443
10694421,10.2666,4.34301,452,124100,0.672805,0.4,1,90659,90207,452
10697341,7.65331,8.0686,450,124100,0.574561,0.49,1,90666,90216,450
10700261,23.1307,5.61372,472,124100,0.586912,0.51,1,90693,90221,472
10703181,30.2261,21.9227,478,124100,0.613382,0.4,1,90725,90247,478
10706101,9.24523,29.9845,450,124100,0.554676,0.35,1,90729,90279,450
10709021,14.649,12.3969,458,124100,0.614935,0.43,1,90745,90287,458
10711941,4.52981,18.4794,440,124100,0.626987,0.39,1,90747,90307,440
10714081,2.50596,5.29588,440,124100,0.629397,0.35,1,90749,90309,440
10717001,8.50119,8.25918,441,124100,0.62188,0.35,1,90759,90318,441
10719921,3.30024,1.65183,443,124100,0.668376,0.35,1,90761,90318,443
10722841,2.26005,0.330367,445,124100,0.645675,0.33,1,90763,90318,445
10725761,2.05201,0.866073,446,124100,0.601135,0.33,1,90765,90319,446
10728681,6.8104,1.77321,452,124100,0.632227,0.43,1,90773,90321,452
10731601,6.16208,6.75464,450,124100,0.566445,0.42,1,90779,90329,450
10734521,6.03242,7.75093,448,124100,0.601289,0.43,1,90785,90337,448
10737441,6.80648,6.35019,449,124100,0.624258,0.42,1,90792,90343,449
10740361,6.9613,9.27004,446,124100,0.612852,0.39,1,90799,90353,446
10743201,2.99226,8.25401,440,124100,0.62657,0.48,1,90801,90361,440
10746121,6.19845,4.8508,443,124100,0.573314,0.48,1,90808,90365,443
10749041,2.83969,0.97016,445,124100,0.570663,0.44,1,90810,90365,445
10751961,2.16794,1.79403,445,124100,0.570133,0.33,1,90812,90367,445
10754881,5.23359,5.95881,444,122640,0.626027,0.45,1,90818,90374,444
10757801,2.64672,2.79176,444,122640,0.645205,0.42,1,90820,90376,444
10760721,5.32934,8.55835,440,122640,0.625041,0.46,1,90826,90386,440
10763641,7.46587,3.31167,446,122640,0.637008,0.42,1,90834,90388,446
10766561,3.09317,2.26233,446,122640,0.663402,0.65,1,90836,90390,446
10769481,129.419,120.452,457,122640,0.76468,0.65,2,90997,90540,457
10772401,27.4837,25.6905,457,122640,0.784936,0.71,2,90999,90542,457
10775321,7.09674,12.3381,450,122640,0.756987,0.71,2,91001,90551,450
10778241,3.01935,4.06762,450,122640,0.743397,0.67,1,91003,90553,450
10781061,7.80387,2.41352,457,122640,0.77268,0.61,2,91012,90555,457
10783981,16.7608,16.4827,456,122640,0.666536,0.54,1,91031,90575,456
10786901,9.75215,6.49654,460,122640,0.637307,0.62,1,91039,90579,460
10789821,8.35043,6.89931,461,122640,0.663461,0.64,1,91047,90586,461
10792741,3.27009,10.1799,452,122640,0.636692,0.6,1,91049,90597,452
10795661,2.25402,3.63597,452,122640,0.679338,0.56,1,91051,90599,452
10798581,11.6508,2.32719,464,122640,0.703868,0.54,1,91065,90601,464
10801501,15.9302,10.8654,468,122640,0.668773,0.66,1,91082,90614,468
10804421,4.78603,14.9731,454,122640,0.661755,0.62,1,91084,90630,454
10807341,7.35721,4.59462,460,122640,0.700351,0.62,1,91092,90632,460
10809141,2.27144,7.31892,453,122640,0.72407,0.62,1,91093,90640,453
10812061,3.65429,4.66378,453,122640,0.704814,0.65,1,91097,90644,453
10814981,3.93086,3.33276,454,122640,0.676963,0.68,1,91101,90647,454
10817901,12.7862,10.2666,457,122640,0.751393,0.55,2,91116,90659,457
10820821,7.35723,7.65331,456,122640,0.670278,0.59,1,91122,90666,456
10823741,24.6714,23.1307,458,122640,0.686056,0.62,1,91151,90693,458
10826661,29.7343,30.2261,457,122640,0.697211,0.54,1,91182,90725,457
10829581,9.14686,9.24523,457,122640,0.667442,0.63,1,91186,90729,457
10832501,11.4294,14.649,453,122640,0.757488,0.63,2,91198,90745,453
10835421,3.88587,4.52981,453,122640,0.807498,0.63,2,91200,90747,453
10838261,9.57717,2.50596,462,122640,0.7695,0.62,2,91211,90749,462
10841181,5.91543,8.50119,457,122640,0.7379,0.68,1,91216,90759,457
10844101,2.78309,3.30024,457,122640,0.69958,0.64,1,91218,90761,457
10846581,2.95662,2.26005,458,122640,0.715916,0.66,1,91221,90763,458
10849501,2.99132,7.65201,452,122640,0.703183,0.64,1,91224,90772,452
10852421,3.79826,2.3304,455,122640,0.740637,0.55,1,91228,90773,455
10855341,7.15965,5.26608,457,122640,0.764127,0.61,2,91236,90779,457
10858261,4.63193,5.85322,455,122640,0.784825,0.63,2,91240,90785,455
10861181,5.72639,6.77064,454,122640,0.780965,0.61,2,91246,90792,454
10864101,4.34528,6.95413,451,122640,0.780193,0.63,2,91250,90799,451
10867021,2.46906,2.99083,451,122640,0.804039,0.56,2,91252,90801,451
10869941,10.0938,6.19816,456,122640,0.784808,0.57,2,91264,90808,456
10872861,3.61876,2.83963,456,122640,0.772962,0.57,2,91266,90810,456
10875701,7.12375,2.16793,462,121180,0.658592,0.64,1,91274,90812,462
10878621,3.02475,5.23359,458,121180,0.627718,0.65,1,91276,90818,458
10881541,5.40495,2.64672,462,121180,0.685544,0.62,1,91282,90820,462
10884461,2.68099,5.32934,458,121180,0.697109,0.64,1,91284,90826,458
10887381,2.1362,7.46587,452,121180,0.707422,0.67,1,91286,90834,452
10890301,134.027,3.09317,617,121180,0.885484,0.79,2,91453,90836,617
10910741,3,8,456,121180,0.91,0.67,2,91495,91039,456
10913661,10.2,8,460,121180,0.91,0.63,2,91507,91047,460
10916261,3.64,3.2,460,121180,0.878,0.69,2,91509,91049,460
10919181,8.728,2.24,468,121180,0.8396,0.71,2,91519,91051,468
10922101,18.5456,11.648,475,121180,0.87992,0.66,2,91540,91065,475
10925021,5.30912,15.9296,460,121180,0.847984,0.66,2,91542,91082,460
10927941,4.26182,4.78592,462,121180,0.881597,0.71,2,91546,91084,462
10930821,3.25236,7.35718,457,121180,0.840319,0.7,2,91549,91092,457
10933741,6.25047,5.47144,459,121180,0.824064,0.67,2,91556,91097,459
10936661,4.45009,4.29429,459,121180,0.916813,0.77,2,91560,91101,459
10960021,11,11,460,121180,0.97,0.73,2,91671,91211,460
10962941,5.4,6.2,459,121180,0.914,0.69,2,91675,91216,459
10965861,4.28,2.84,461,121180,0.8948,0.72,2,91679,91218,461
10968781,2.456,2.968,460,121180,0.85896,0.7,2,91681,91221,460
10971701,3.6912,2.9936,461,121180,0.875792,0.7,2,91685,91224,461
10973461,3.13824,0.59872,464,121180,0.887158,0.77,2,91688,91224,464
10996581,14,10,460,119720,0.95,0.62,2,91734,91274,460
10999501,4.4,3.6,460,119720,0.926,0.7,2,91736,91276,460
11002421,5.68,5.52,460,119720,0.9212,0.7,2,91742,91282,460
11005341,2.736,2.704,460,119720,0.92024,0.71,2,91744,91284,460
11008261,2.1472,2.1408,460,119720,0.920048,0.93,2,91746,91286,460
11150081,5,2,479,118260,0.9,1,2,92442,91963,479
11153001,2.6,7.6,472,118260,0.884,0.98,2,92444,91972,472
11185121,16,18,477,118260,0.92,1,2,92579,92102,477
11188041,11.2,10,479,118260,0.928,0.95,2,92589,92110,479
11199721,4,6,474,118260,0.87,1,2,92616,92142,474
11202641,7.2,5.2,477,118260,0.91,1,2,92624,92147,477
11205561,7.84,5.04,480,118260,0.902,1,2,92632,92152,480
11208481,8.768,4.208,485,118260,0.7964,0.97,2,92641,92156,485
11211401,6.5536,2.4416,489,118260,0.90328,1,2,92647,92158,489
11214321,5.31072,8.48832,484,118260,0.932656,1,2,92652,92168,484
11217241,3.46214,5.69766,482,118260,0.914531,1,2,92655,92173,482
11220161,2.29243,4.33953,480,118260,0.918906,1,2,92657,92177,480
11223081,2.05849,4.06791,478,118260,0.919781,1,2,92659,92181,478
11237681,7,2,481,116800,0.81,1,2,92688,92207,481
11240601,4.6,5.2,479,116800,0.826,1,2,92692,92213,479
11243521,4.12,2.64,481,116800,0.8612,1,2,92696,92215,481
11246441,139.224,3.728,650,116800,0.86024,1,2,92869,92219,650
11258121,2,1,472,116800,0.96,1,2,92880,92408,472
11269261,2,5,471,116800,0.83,0.88,2,92913,92442,471
11272181,12.4,2.6,484,116800,0.894,0.95,2,92928,92444,484
11275101,19.28,11.72,491,116800,0.8508,0.85,2,92949,92458,491
11278021,8.656,19.144,476,116800,0.82616,0.9,2,92955,92479,476
11280941,3.3312,9.4288,471,116800,0.917232,0.98,2,92957,92486,471
11283861,3.86624,5.88576,470,116800,0.903446,0.95,2,92961,92491,470
11301381,16,36,485,116800,0.91,0.92,2,93048,92563,485
11304301,11.2,20,479,116800,0.846,0.93,2,93058,92579,479
11307221,8.64,12,477,116800,0.9212,0.94,2,93066,92589,477
11310141,4.928,10.4,471,116800,0.93624,0.86,2,93070,92599,471
11313061,8.9856,6.88,475,116800,0.883248,0.91,2,93080,92605,475
11315981,3.39712,6.976,470,116800,0.92865,0.87,2,93082,92612,470
11318901,5.47942,4.5952,472,116800,0.92173,0.92,2,93088,92616,472
11321821,10.6959,7.31904,476,116800,0.928346,0.9,2,93100,92624,476
11324741,8.53918,7.86381,476,116800,0.865669,0.77,2,93108,92632,476
11327661,7.30784,8.77276,474,116800,0.869134,0.93,2,93115,92641,474
11330581,7.86157,6.55455,476,116800,0.845827,0.94,2,93123,92647,476
11333501,3.17231,5.31091,473,116800,0.865165,0.91,2,93125,92652,473
11336421,2.23446,3.46218,472,116800,0.877033,0.92,2,93127,92655,472
11339341,2.04689,2.29244,472,116800,0.871407,0.92,2,93129,92657,472
11342261,2.00938,2.05849,472,116800,0.830281,0.99,2,93131,92659,472
11345181,2.00188,3.6117,470,116800,0.838056,0.89,2,93133,92663,470
11348101,6.80038,11.9223,464,115340,0.895611,0.88,2,93141,92677,464
11351021,4.56008,5.58447,464,115340,0.907122,0.81,2,93145,92681,464
11353941,8.11202,6.71689,466,115340,0.869424,0.83,2,93154,92688,466
11356861,3.2224,4.54338,464,115340,0.885885,0.87,2,93156,92692,464
11359781,7.04448,4.10868,468,115340,0.801177,0.86,2,93164,92696,468
11362701,140.609,139.222,469,115340,0.856235,0.97,2,93338,92869,469
11365621,34.5218,31.8443,472,115340,0.915247,0.96,2,93346,92874,472
11368541,8.50436,7.96887,472,115340,0.903049,0.92,2,93348,92876,472
11371461,3.30087,3.19377,472,115340,0.90061,0.96,2,93350,92878,472
11374381,2.26017,2.23875,472,115340,0.900122,0.98,2,93352,92880,472
11377301,3.65203,8.44775,466,115340,0.844024,0.85,2,93356,92890,466
11380221,11.9304,14.4896,464,115340,0.856805,0.87,2,93370,92906,464
11383141,11.1861,6.89791,470,115340,0.779361,0.83,2,93381,92911,470
11386061,3.83722,2.97958,470,115340,0.867872,0.91,2,93383,92913,470
11388981,11.1674,12.5959,468,115340,0.789574,0.84,2,93396,92928,468
11391901,19.0335,19.3192,468,115340,0.845915,0.82,2,93417,92949,468
11394821,8.6067,8.66384,468,115340,0.769183,0.94,2,93423,92955,468
11397741,6.52134,3.33277,472,115340,0.849837,0.9,2,93429,92957,472
11400661,4.50427,3.86655,472,115340,0.865967,0.97,2,93433,92961,472
11403581,5.70085,11.1733,465,115340,0.813193,0.92,2,93439,92974,465
11406501,9.14017,5.43466,471,115340,0.866639,0.91,2,93449,92978,471
11409421,10.628,12.2869,468,115340,0.869328,0.88,2,93460,92992,468
11412341,5.32561,5.65739,468,115340,0.837866,0.85,2,93464,92996,468
11415261,32.2651,29.9315,471,115340,0.791573,0.91,2,93503,93032,471
11418181,16.053,18.7863,467,115340,0.862315,0.83,2,93515,93048,467
11421101,14.4106,11.7573,471,115340,0.860463,0.94,2,93529,93058,471
11424021,6.08212,8.75145,467,115340,0.836093,0.94,2,93533,93066,467
11426941,6.01642,4.95029,469,115340,0.847218,0.87,2,93539,93070,469
11429861,8.40329,8.99006,468,115340,0.857444,0.94,2,93548,93080,468
11432781,5.68066,3.39801,471,115340,0.819489,0.92,2,93553,93082,471
11435701,4.33613,5.4796,469,115340,0.819898,0.93,2,93557,93088,469
11438621,8.86723,10.6959,467,115340,0.85198,0.85,2,93567,93100,467
11441541,8.17345,8.53918,467,115340,0.786396,0.87,2,93575,93108,467
11444461,8.03469,7.30784,468,115340,0.773279,0.84,2,93583,93115,468
11447381,6.40694,7.86157,466,115340,0.794656,0.87,2,93589,93123,466
11450301,2.88139,3.17231,466,115340,0.798931,0.88,2,93591,93125,466
11453221,2.17628,2.23446,466,115340,0.775786,0.87,2,93593,93127,466
11456141,5.23526,2.04689,470,115340,0.795157,0.82,2,93599,93129,470
11459061,2.64705,2.00938,470,115340,0.799031,0.84,2,93601,93131,470
11461981,5.32941,2.00188,474,113880,0.815806,0.91,2,93607,93133,474
11464901,3.46588,6.80038,469,113880,0.795161,0.91,2,93610,93141,469
11467821,4.69318,4.56008,470,113880,0.799032,0.86,2,93615,93145,470
11470741,6.53864,8.11202,468,113880,0.791806,0.89,2,93622,93154,468
11473661,6.10773,3.2224,472,113880,0.758361,0.78,2,93628,93156,472
11476581,142.822,7.04448,641,113880,0.807672,0.87,2,93805,93164,641
11479501,32.5643,140.609,472,113880,0.865534,0.93,2,93810,93338,472
11482421,8.91286,34.5218,467,113880,0.861107,0.9,2,93813,93346,467
11485341,3.38257,8.50436,467,113880,0.860221,0.9,2,93815,93348,467
11488261,2.27651,3.30087,467,113880,0.860044,0.9,2,93817,93350,467
11491181,4.4553,2.26017,470,113880,0.852009,0.83,2,93822,93352,470
11494101,6.49106,3.65203,473,113880,0.882402,0.86,2,93829,93356,473
11497021,10.0982,11.9304,470,113880,0.84048,0.76,2,93840,93370,470
11499941,3.61964,11.1861,461,113880,0.800096,0.89,2,93842,93381,461
11502861,9.52393,3.83722,470,113880,0.752019,0.77,2,93853,93383,470
11505781,23.5048,11.1674,484,113880,0.790404,0.86,2,93880,93396,484
11508701,11.101,19.0335,471,113880,0.774081,0.75,2,93888,93417,471
11511621,3.82019,8.6067,467,113880,0.826816,0.87,2,93890,93423,467
11514541,4.76404,6.52134,466,113880,0.829363,0.87,2,93895,93429,466
11517461,8.15281,4.50427,471,113880,0.845873,0.8,2,93904,93433,471
11520381,8.03056,5.70085,473,113880,0.857175,0.88,2,93912,93439,473
11523301,12.8061,9.14017,477,113880,0.859435,0.87,2,93926,93449,477
11526221,5.76122,10.628,470,113880,0.835887,0.83,2,93930,93460,470
11529141,31.5522,5.32561,504,113880,0.831177,0.78,2,93968,93464,504
11532061,14.3104,32.2651,475,113880,0.870236,0.88,2,93978,93503,475
11534981,14.0621,16.053,477,113880,0.838047,0.86,2,93992,93515,477
11537901,6.01242,14.4106,467,113880,0.831609,0.83,2,93996,93529,467
11540821,6.00248,6.08212,469,113880,0.790322,0.85,2,94002,93533,469
11543741,6.8005,6.01642,470,113880,0.838064,0.86,2,94009,93539,470
11546661,8.5601,8.40329,470,113880,0.751613,0.81,2,94018,93548,470
11549581,3.31202,5.68066,467,113880,0.734323,0.82,1,94020,93553,467
11552501,7.8624,4.33613,472,113880,0.722865,0.86,1,94029,93557,472
11555421,5.57248,8.86723,467,113880,0.704573,0.77,1,94034,93567,467
11558341,9.1145,8.17345,469,113880,0.780915,0.77,2,94044,93575,469
11561261,7.4229,8.03469,468,113880,0.708183,0.8,1,94051,93583,468
11564181,3.08458,6.40694,464,113880,0.693637,0.8,1,94053,93589,464
11567101,2.21692,2.88139,464,113880,0.690727,0.77,1,94055,93591,464
11570021,5.24338,2.17628,468,113880,0.714145,0.8,1,94061,93593,468
11572941,2.64868,5.23526,464,113880,0.726829,0.82,1,94063,93599,464
11575861,6.92974,7.44705,464,112420,0.721366,0.79,1,94071,93607,464
11578781,2.98595,3.88941,463,112420,0.720273,0.8,1,94073,93610,463
11581701,3.79719,4.77788,462,112420,0.736055,0.79,1,94077,93615,462
11584621,7.15944,6.55558,463,112420,0.731211,0.75,1,94085,93622,463
11587541,4.63189,6.11112,461,112420,0.778242,0.82,2,94089,93628,461
11590461,146.526,142.822,466,112420,0.723648,0.88,1,94271,93805,466
11593381,32.5053,32.5644,465,112420,0.72073,0.86,1,94275,93810,465
11596301,8.10105,8.91289,464,112420,0.720146,0.86,1,94277,93813,464
11599221,5.62021,3.38258,467,112420,0.712029,0.86,1,94282,93815,467
11602141,2.72404,2.27652,467,112420,0.766406,0.85,2,94284,93817,467
11605061,3.74481,4.4553,466,112420,0.777281,0.89,2,94288,93822,466
11607981,4.74896,6.49106,464,112420,0.731456,0.83,1,94293,93829,464
11610901,5.74979,10.0982,459,112420,0.738291,0.79,1,94299,93840,459
11613821,2.74996,3.61964,459,112420,0.707658,0.74,1,94301,93842,459
11616741,10.15,9.52393,460,112420,0.733532,0.8,1,94313,93853,460
11619661,28.43,23.5048,466,112420,0.706706,0.77,1,94346,93880,466
11622581,8.886,11.101,462,112420,0.669341,0.84,1,94350,93888,462
11625501,4.9772,3.82019,464,112420,0.629868,0.83,1,94354,93890,464
11628421,6.59544,4.76404,466,112420,0.717974,0.85,1,94361,93895,466
11631341,9.31909,8.15281,467,112420,0.655595,0.86,1,94371,93904,467
11634261,8.26382,8.03056,467,112420,0.755119,0.86,2,94379,93912,467
11637181,6.45276,12.8061,459,112420,0.719024,0.83,1,94385,93926,459
11640101,4.49055,5.76122,459,112420,0.711805,0.83,1,94389,93930,459
11643021,36.0981,31.5522,465,112420,0.782361,0.88,2,94433,93968,465
11645941,15.2196,14.3104,465,112420,0.780472,0.83,2,94443,93978,465
11648861,11.0439,14.0621,461,112420,0.780094,0.83,2,94453,93992,461
11651781,8.60878,6.01242,465,112420,0.772019,0.78,2,94461,93996,465
11654701,4.12176,6.00248,462,112420,0.794404,0.85,2,94464,94002,462
11657621,2.42435,6.8005,457,112420,0.766881,0.73,2,94466,94009,457
11660541,7.68487,8.5601,457,112420,0.705376,0.73,1,94475,94018,457
11663461,3.13697,3.31202,457,112420,0.765075,0.72,2,94477,94020,457
11666381,8.62739,7.8624,458,112420,0.665015,0.7,1,94487,94029,458
11669301,9.72548,5.57248,463,112420,0.709003,0.8,1,94497,94034,463
11672221,5.1451,9.1145,457,112420,0.717801,0.69,1,94501,94044,457
11675141,9.02902,7.4229,460,112420,0.75156,0.69,2,94511,94051,460
11678061,3.4058,3.08458,460,112420,0.758312,0.69,2,94513,94053,460
11680981,3.88116,2.21692,462,112420,0.695662,0.72,1,94517,94055,462
11683901,3.97623,5.24338,460,112420,0.747132,0.73,1,94521,94061,460
11686821,7.99525,2.64868,467,110960,0.717426,0.72,1,94530,94063,467
11689741,3.99905,6.92974,462,110960,0.679485,0.72,1,94533,94071,462
11692661,4.79981,2.98595,465,110960,0.711897,0.74,1,94538,94073,465
11695581,7.35996,3.79719,469,110960,0.718379,0.73,1,94546,94077,469
11698501,3.07199,7.15944,463,110960,0.695676,0.79,1,94548,94085,463
11701421,143.014,4.63189,637,110960,0.731135,0.71,1,94726,94089,637
11704341,35.0029,146.526,463,110960,0.802227,0.72,2,94734,94271,463
11707261,8.60058,32.5053,461,110960,0.816445,0.72,2,94736,94275,461
11710181,3.32012,8.10105,461,110960,0.827289,0.71,2,94738,94277,461
11713101,2.26402,5.62021,458,110960,0.797458,0.78,2,94740,94282,458
11716021,5.2528,2.72404,462,110960,0.743492,0.78,1,94746,94284,462
11718941,2.65056,3.74481,460,110960,0.788698,0.72,2,94748,94288,460
11721861,2.13011,4.74896,457,110960,0.79774,0.74,2,94750,94293,457
11724781,2.82602,5.74979,454,110960,0.791548,0.7,2,94753,94299,454
11727701,15.7652,2.74996,471,110960,0.68631,0.74,1,94772,94301,471
11730621,29.553,10.15,492,110960,0.689262,0.7,1,94805,94313,492
11733541,9.11061,28.43,463,110960,0.665852,0.66,1,94809,94346,463
11736461,3.42212,8.886,461,110960,0.68517,0.62,1,94811,94350,461
11739381,3.88442,4.9772,461,110960,0.657034,0.74,1,94815,94354,461
11742301,13.5769,6.59544,470,110960,0.715407,0.64,1,94831,94361,470
11745221,7.51538,9.31909,466,110960,0.671081,0.78,1,94837,94371,466
11748141,7.90308,8.26382,466,110960,0.662216,0.71,1,94845,94379,466
11751061,4.78062,6.45276,464,110960,0.668443,0.71,1,94849,94385,464
11753981,36.9561,4.49055,505,110960,0.741689,0.8,1,94894,94389,505
11756901,15.3912,36.0981,471,110960,0.660338,0.78,1,94904,94433,471
11759821,11.0782,15.2196,471,110960,0.748068,0.78,1,94914,94443,471
11762741,4.61565,11.0439,464,110960,0.741614,0.77,1,94917,94453,464
11765661,2.52313,8.60878,458,110960,0.748323,0.8,1,94919,94461,458
11768581,2.90463,4.12176,458,110960,0.765665,0.76,2,94922,94464,458
11771501,5.38093,2.42435,462,110960,0.761133,0.69,2,94928,94466,462
11774421,2.67619,7.68487,455,110960,0.760227,0.78,2,94930,94475,455
11777341,12.5352,3.13697,468,110960,0.720045,0.64,1,94945,94477,468
11780261,10.507,8.62739,468,110960,0.704009,0.72,1,94955,94487,468
11783181,6.90141,9.72548,464,110960,0.708802,0.72,1,94961,94497,464
11786101,9.38028,5.1451,470,110960,0.71776,0.76,1,94971,94501,470
11789021,3.47606,9.02902,462,110960,0.759552,0.76,2,94973,94511,462
11791941,2.29521,3.4058,462,110960,0.77591,0.68,2,94975,94513,462
11794861,2.05904,3.88116,460,110960,0.747182,0.71,1,94977,94517,460
11797781,8.41181,11.1762,457,109500,0.773436,0.67,2,94987,94530,457
11800701,4.88236,4.63525,458,109500,0.762687,0.72,2,94991,94533,458
11803621,4.17647,4.92705,457,109500,0.704537,0.72,1,94995,94538,457
11806541,5.63529,7.38541,455,109500,0.676907,0.69,1,95001,94546,455
11809461,2.72706,3.07708,455,109500,0.671382,0.74,1,95003,94548,455
11812381,148.545,143.015,462,109500,0.694276,0.82,1,95188,94726,462
11815301,32.9091,35.0031,458,109500,0.746855,0.82,1,95192,94734,458
11818221,9.78182,8.60062,460,109500,0.733371,0.83,1,95196,94736,460
11821141,5.15636,3.32012,462,109500,0.730674,0.79,1,95200,94738,462
11824061,2.63127,2.26402,462,109500,0.730135,0.73,1,95202,94740,462
11826981,5.32625,5.25281,462,109500,0.690027,0.8,1,95208,94746,462
11829901,2.66525,2.65056,462,109500,0.650005,0.8,1,95210,94748,462
11832821,2.13305,2.13011,462,109500,0.706001,0.79,1,95212,94750,462
11835741,2.02661,2.82602,461,109500,0.7172,0.66,1,95214,94753,461
11838661,14.0053,15.7652,459,109500,0.68744,0.69,1,95231,94772,459
11841581,26.8011,29.553,456,109500,0.681488,0.66,1,95261,94805,456
11844501,13.3602,9.11061,462,109500,0.664298,0.69,1,95271,94809,462
11847421,4.27204,3.42212,462,109500,0.66086,0.65,1,95273,94811,462
11850341,4.05441,3.88442,462,109500,0.644172,0.73,1,95277,94815,462
11853261,10.4109,13.5769,458,109500,0.696834,0.66,1,95289,94831,458
11856181,5.28218,7.51538,456,109500,0.691367,0.66,1,95293,94837,456
11859101,9.85644,7.90308,459,109500,0.706273,0.67,1,95304,94845,459
11862021,5.17129,4.78062,459,109500,0.669255,0.76,1,95308,94849,459
11864941,34.6343,36.9561,456,109500,0.637851,0.64,1,95350,94894,456
11867861,19.7269,15.3912,462,109500,0.67957,0.77,1,95366,94904,462
11870781,11.1454,11.0782,461,109500,0.671914,0.74,1,95375,94914,461
11873701,3.82907,4.61565,460,109500,0.670383,0.75,1,95377,94917,460
11876621,2.36581,2.52313,460,109500,0.670077,0.77,1,95379,94919,460
11879541,2.07316,2.90463,459,109500,0.718015,0.76,1,95381,94922,459
11882461,2.01463,5.38093,455,109500,0.711603,0.76,1,95383,94928,455
11885381,3.60293,2.67619,457,109500,0.686321,0.71,1,95387,94930,457
11888301,13.5206,12.5352,458,109500,0.593264,0.7,1,95403,94945,458
11891221,7.50412,10.507,454,109500,0.606653,0.71,1,95409,94955,454
11894141,10.3008,6.90141,459,109500,0.545331,0.72,1,95420,94961,459
11897061,7.66016,9.38028,456,109500,0.597066,0.77,1,95427,94971,456
11899981,3.13203,3.47606,456,109500,0.607413,0.78,1,95429,94973,456
11902901,2.22641,2.29521,456,109500,0.609483,0.74,1,95431,94975,456
11905821,10.0453,2.05904,466,108040,0.561897,0.78,1,95443,94977,466
11908741,5.20906,8.41181,460,108040,0.496379,0.76,1,95447,94987,460
11911661,6.64181,4.88236,463,108040,0.579276,0.69,1,95454,94991,463
11914581,3.72836,4.17647,462,108040,0.547855,0.67,1,95457,94995,462
11917501,3.94567,5.63529,460,108040,0.573571,0.67,1,95461,95001,460
11920421,148.789,2.72706,643,108040,0.594714,0.7,1,95646,95003,643
11923341,32.9578,148.545,462,108040,0.526943,0.76,1,95650,95188,462
11926261,8.19156,32.9091,460,108040,0.481389,0.73,1,95652,95192,460
11929181,3.23831,9.78182,458,108040,0.472278,0.73,1,95654,95196,458
11932101,5.44766,5.15636,460,108040,0.566456,0.73,1,95660,95200,460
11935021,4.28953,2.63127,462,108040,0.593291,0.68,1,95664,95202,462
11937941,2.45791,5.32625,458,108040,0.598658,0.64,1,95666,95208,458
11940861,2.09158,2.66525,458,108040,0.575732,0.72,1,95668,95210,458
11943781,2.01832,2.13305,458,108040,0.539146,0.72,1,95670,95212,458
11946701,6.80366,2.02661,464,108040,0.595829,0.68,1,95678,95214,464
11949621,30.9607,14.0053,484,108040,0.527166,0.68,1,95715,95231,484
11952541,14.9921,26.8011,465,108040,0.609433,0.66,1,95726,95261,465
11955461,5.39843,13.3602,458,108040,0.617887,0.66,1,95729,95271,458
11958381,4.27969,4.27204,460,108040,0.587577,0.64,1,95733,95273,460
11961301,7.25594,4.05441,464,108040,0.581515,0.71,1,95741,95277,464
11964221,7.85119,10.4109,460,108040,0.588303,0.69,1,95749,95289,460
11967141,6.37024,5.28218,462,108040,0.589661,0.71,1,95755,95293,462
11970061,9.27405,9.85644,461,108040,0.597932,0.66,1,95765,95304,461
11972981,28.2548,5.17129,490,108040,0.519586,0.63,1,95798,95308,490
11975901,22.451,34.6343,469,108040,0.495917,0.69,1,95819,95350,469
11978821,11.6902,19.7269,462,108040,0.451183,0.67,1,95828,95366,462
11981741,3.93804,11.1454,455,108040,0.530237,0.67,1,95830,95375,455
11984661,2.38761,3.82907,455,108040,0.514047,0.67,1,95832,95377,455
11987581,2.07752,2.36581,455,108040,0.574809,0.73,1,95834,95379,455
11990501,2.0155,2.07316,455,108040,0.554962,0.71,1,95836,95381,455
11993421,2.0031,2.01463,455,108040,0.534992,0.68,1,95838,95383,455
11996341,9.20062,3.60293,462,108040,0.586998,0.57,1,95849,95387,462
11999261,6.64012,13.5206,452,108040,0.5334,0.61,1,95855,95403,452
12002181,14.128,7.50412,462,108040,0.49868,0.53,1,95871,95409,462
12005101,6.0256,10.3008,455,108040,0.451736,0.61,1,95875,95420,455
12008021,3.60512,7.66016,451,108040,0.402347,0.61,1,95878,95427,451
12010941,3.92102,3.13203,453,108040,0.480469,0.55,1,95882,95429,453
12013861,11.1842,11.8264,452,106580,0.536094,0.48,1,95895,95443,452
12016781,3.83684,5.56528,450,106580,0.547219,0.6,1,95897,95447,450
12019701,5.56737,6.71306,449,106580,0.533444,0.54,1,95903,95454,449
12022621,2.71347,3.74261,448,106580,0.506689,0.58,1,95905,95457,448
12025541,3.74269,3.94852,448,106580,0.501338,0.6,1,95909,95461,448
12028461,149.549,148.79,449,106580,0.532268,0.51,1,96095,95646,449
12031381,36.3097,32.9579,453,106580,0.498454,0.47,1,96103,95650,453
12034301,8.86194,8.19159,453,106580,0.531691,0.47,1,96105,95652,453
12037221,3.37239,3.23832,453,106580,0.562338,0.59,1,96107,95654,453
12040141,2.27448,5.44766,449,106580,0.536468,0.6,1,96109,95660,449
12043061,3.6549,4.28953,449,106580,0.491294,0.6,1,96113,95664,449
12045981,3.93098,2.45791,451,106580,0.482259,0.57,1,96117,95666,451
12048901,3.9862,2.09158,453,106580,0.592452,0.53,1,96121,95668,453
12051821,2.39724,2.01832,453,106580,0.58249,0.61,1,96123,95670,453
12054741,5.27945,6.80366,451,106580,0.572498,0.51,1,96129,95678,451
12057661,31.4559,30.9607,452,106580,0.4905,0.63,1,96167,95715,452
12060581,11.8912,14.9921,448,106580,0.4661,0.62,1,96174,95726,448
12063501,3.97824,5.39843,447,106580,0.50922,0.58,1,96176,95729,447
12066421,9.59565,4.27969,454,106580,0.565844,0.58,1,96187,95733,454
12069341,6.71913,7.25594,452,106580,0.529169,0.59,1,96193,95741,452
12072261,6.14383,7.85119,450,106580,0.505834,0.59,1,96199,95749,450
12075181,8.42877,6.37024,453,106580,0.541167,0.6,1,96208,95755,453
12078101,9.68575,9.27405,453,106580,0.564233,0.5,1,96218,95765,453
12081021,25.9372,28.2548,450,106580,0.560847,0.49,1,96248,95798,450
12083941,21.9874,22.451,450,106580,0.544169,0.44,1,96269,95819,450
12086861,11.5975,11.6902,450,106580,0.548834,0.55,1,96278,95828,450
12089781,3.9195,3.93804,450,106580,0.549767,0.51,1,96280,95830,450
12092701,2.3839,2.38761,450,106580,0.589953,0.59,1,96282,95832,450
12095621,2.07678,2.07752,450,106580,0.565991,0.55,1,96284,95834,450
12098541,3.61536,2.0155,452,106580,0.537198,0.53,1,96288,95836,452
12101461,2.32307,2.0031,452,106580,0.53144,0.6,1,96290,95838,452
12104381,3.66461,9.20062,445,106580,0.594288,0.52,1,96294,95849,445
12107301,9.53292,6.64012,450,106580,0.622858,0.49,1,96305,95855,450
12110221,11.5066,14.128,446,106580,0.620571,0.44,1,96317,95871,446
12113141,10.3013,6.0256,452,106580,0.588114,0.39,1,96327,95875,452
12116061,3.66026,3.60512,451,106580,0.605623,0.5,1,96329,95878,451
12118981,10.3321,3.92102,459,105120,0.601125,0.55,1,96341,95882,459
12121901,3.66641,11.1842,448,105120,0.568225,0.55,1,96343,95895,448
12124821,7.93328,3.83684,455,105120,0.521645,0.53,1,96352,95897,455
12127741,3.18666,5.56737,451,105120,0.512329,0.5,1,96354,95903,451
12130661,2.23733,2.71347,451,105120,0.486466,0.5,1,96356,95905,451
12133581,149.247,3.74269,633,105120,0.577293,0.54,1,96542,95909,633
12136501,34.6495,149.549,453,105120,0.635459,0.49,1,96548,96095,453
12139421,8.5299,36.3097,447,105120,0.615092,0.54,1,96550,96103,447
12142341,4.10598,8.86194,448,105120,0.651018,0.57,1,96553,96105,448
12145261,4.8212,3.37239,451,105120,0.602204,0.53,1,96558,96107,451
12148181,4.16424,2.27448,453,105120,0.584441,0.48,1,96562,96109,453
12151101,2.43285,3.6549,451,105120,0.580888,0.48,1,96564,96113,451
12154021,3.68657,3.93098,451,105120,0.588178,0.62,1,96568,96117,451
12156941,2.33731,3.9862,449,105120,0.597636,0.58,1,96570,96121,449
12159861,6.86746,2.39724,455,105120,0.559527,0.57,1,96578,96123,455
12162781,30.1735,5.27945,485,105120,0.559905,0.47,1,96614,96129,485
12165701,14.0347,31.4559,457,105120,0.575981,0.46,1,96624,96167,457
12168621,4.40694,11.8912,452,105120,0.579196,0.52,1,96626,96174,452
12171541,5.68139,3.97824,456,105120,0.507839,0.58,1,96632,96176,456
12174461,7.53628,9.59565,453,105120,0.517568,0.52,1,96640,96187,453
12177381,6.30726,6.71913,453,105120,0.575514,0.5,1,96646,96193,453
12180301,9.26145,6.14383,457,105120,0.539103,0.55,1,96656,96199,457
12183221,8.25229,8.42877,456,105120,0.499821,0.57,1,96664,96208,456
12186141,28.8505,9.68575,480,105120,0.539964,0.56,1,96698,96218,480
12189061,21.7701,25.9372,470,105120,0.603993,0.54,1,96718,96248,470
12191981,10.754,21.9874,457,105120,0.576799,0.55,1,96726,96269,457
12194901,3.7508,11.5975,450,105120,0.54736,0.55,1,96728,96278,450
12197821,2.35016,3.9195,450,105120,0.541472,0.6,1,96730,96280,450
12200741,5.27003,2.3839,454,105120,0.564294,0.56,1,96736,96282,454
12203661,2.65401,2.07678,454,105120,0.560859,0.53,1,96738,96284,454
12206581,2.1308,3.61536,452,105120,0.584172,0.53,1,96740,96288,452
12209501,5.22616,2.32307,456,105120,0.524834,0.61,1,96746,96290,456
12212421,5.04523,3.66461,457,105120,0.536967,0.63,1,96751,96294,457
12215341,14.609,9.53292,463,105120,0.491393,0.62,1,96768,96305,463
12218261,11.7218,11.5066,462,105120,0.554279,0.58,1,96779,96317,462
12221181,3.94436,10.3013,454,105120,0.534856,0.6,1,96781,96327,454
12224101,7.18887,13.2603,448,103660,0.522971,0.56,1,96789,96341,448
12227021,3.03777,4.25205,448,103660,0.592594,0.51,1,96791,96343,448
12229941,7.80756,8.05041,448,103660,0.590519,0.51,1,96800,96352,448
12232861,3.16151,3.21008,448,103660,0.590104,0.48,1,96802,96354,448
12235781,2.2323,2.24202,448,103660,0.590021,0.6,1,96804,96356,448
12238701,151.646,149.248,451,103660,0.462004,0.65,1,96993,96542,451
12241621,35.1293,34.6497,451,103660,0.532401,0.61,1,96999,96548,451
12244541,8.62586,8.52994,451,103660,0.57048,0.66,1,97001,96550,451
12247461,3.32517,4.10599,450,103660,0.546096,0.59,1,97003,96553,450
12250381,6.26503,4.8212,452,103660,0.589219,0.58,1,97010,96558,452
12253301,4.45301,4.16424,452,103660,0.597844,0.58,1,97014,96562,452
12256221,2.4906,2.43285,452,103660,0.567569,0.59,1,97016,96564,452
12259141,2.09812,3.68657,450,103660,0.529514,0.6,1,97018,96568,450
12262061,3.61962,2.33731,452,103660,0.545903,0.55,1,97022,96570,452
12264981,4.72392,6.86746,449,103660,0.557181,0.56,1,97027,96578,449
12267901,31.3448,30.1735,451,103660,0.439436,0.58,1,97065,96614,451
12270821,14.269,14.0347,451,103660,0.471887,0.58,1,97075,96624,451
12273741,4.45379,4.40694,451,103660,0.550377,0.49,1,97077,96626,451
12276661,5.69076,5.68139,451,103660,0.510076,0.52,1,97083,96632,451
12279581,7.53815,7.53628,451,103660,0.550015,0.59,1,97091,96640,451
12282501,4.70763,6.30726,449,103660,0.526003,0.53,1,97095,96646,449
12285421,12.9415,9.26145,454,103660,0.529201,0.49,1,97110,96656,454
12288341,7.38831,8.25229,452,103660,0.44184,0.55,1,97116,96664,452
12291261,27.8777,28.8505,451,103660,0.496368,0.62,1,97149,96698,451
12294181,19.9755,21.7701,449,103660,0.523274,0.57,1,97167,96718,449
12297101,11.9951,10.754,451,103660,0.488655,0.54,1,97177,96726,451
12300021,3.99902,3.7508,451,103660,0.537731,0.54,1,97179,96728,451
12302941,3.9998,2.35016,453,103660,0.523546,0.57,1,97183,96730,453
12305861,2.39996,5.27003,449,103660,0.488709,0.56,1,97185,96736,449
12308781,2.07999,2.65401,449,103660,0.537742,0.59,1,97187,96738,449
12311701,2.016,2.1308,449,103660,0.547548,0.51,1,97189,96740,449
12314621,6.8032,5.22616,451,103660,0.50951,0.54,1,97197,96746,451
12317541,4.56064,5.04523,450,103660,0.533902,0.48,1,97201,96751,450
12320461,14.5121,14.609,450,103660,0.51478,0.57,1,97218,96768,450
12323381,11.7024,11.7218,450,103660,0.526956,0.53,1,97229,96779,450
12326301,8.74049,3.94436,456,102200,0.513391,0.52,1,97237,96781,456
12329221,3.3481,7.18887,450,102200,0.502678,0.61,1,97239,96789,450
12332141,7.86962,3.03777,457,102200,0.564536,0.59,1,97248,96791,457
12335061,3.17392,7.80756,450,102200,0.576907,0.59,1,97250,96800,450
12337981,2.23478,3.16151,450,102200,0.547381,0.59,1,97252,96802,450
12340901,151.647,2.2323,637,102200,0.525476,0.43,1,97441,96804,637
12343821,36.7294,151.646,456,102200,0.585095,0.55,1,97449,96993,456
12346741,8.94588,35.1293,452,102200,0.565019,0.58,1,97451,96999,452
12349661,3.38918,8.62586,452,102200,0.553004,0.54,1,97453,97001,452
12352581,5.47784,3.32517,456,102200,0.558601,0.6,1,97459,97003,456
12355501,4.29557,6.26503,453,102200,0.55972,0.6,1,97463,97010,453
12358421,2.45911,4.45301,451,102200,0.559944,0.56,1,97465,97014,451
12361341,2.09182,2.4906,451,102200,0.535989,0.52,1,97467,97016,451
12364261,3.61836,2.09812,453,102200,0.507198,0.55,1,97471,97018,453
12367181,3.92367,3.61962,453,102200,0.49344,0.56,1,97475,97022,453
12370101,29.5847,4.72392,484,102200,0.458688,0.41,1,97511,97027,484
12373021,11.5169,31.3448,453,102200,0.499738,0.48,1,97518,97065,453
12375941,8.70339,14.269,451,102200,0.507948,0.57,1,97526,97075,451
12378861,4.94068,4.45379,453,102200,0.541589,0.5,1,97530,97077,453
12381781,8.98814,5.69076,457,102200,0.588318,0.56,1,97540,97083,457
12384701,4.99763,7.53815,453,102200,0.565664,0.52,1,97544,97091,453
12387621,7.39953,4.70763,457,102200,0.601133,0.53,1,97552,97095,457
12390541,10.2799,12.9415,453,102200,0.608227,0.42,1,97563,97110,453
12393461,25.256,7.38831,476,102200,0.617645,0.51,1,97592,97116,476
12396381,21.0512,27.8777,463,102200,0.635529,0.53,1,97612,97149,463
12399301,15.4102,19.9755,459,102200,0.607106,0.48,1,97626,97167,459
12402221,4.68205,11.9951,451,102200,0.569421,0.55,1,97628,97177,451
12405141,2.53641,3.99902,451,102200,0.617884,0.52,1,97630,97179,451
12408061,2.10728,3.9998,449,102200,0.595577,0.48,1,97632,97183,449
12410981,2.82146,2.39996,450,102200,0.599115,0.55,1,97635,97185,450
12413901,2.96429,2.07999,451,102200,0.591823,0.55,1,97638,97187,451
12416821,3.79286,2.016,453,102200,0.590365,0.5,1,97642,97189,453
12419741,3.95857,6.8032,449,102200,0.622073,0.54,1,97646,97197,449
12422661,15.1917,4.56064,463,102200,0.540415,0.51,1,97664,97201,463
12425581,11.8383,14.5121,457,102200,0.508083,0.51,1,97675,97218,457
12428501,11.9677,18.1024,450,100740,0.549617,0.5,1,97687,97237,450
12431421,3.99353,5.22048,450,100740,0.565923,0.58,1,97689,97239,450
12434341,3.99871,8.2441,445,100740,0.505185,0.58,1,97693,97248,445
12437261,2.39974,3.24882,445,100740,0.493037,0.54,1,97695,97250,445
12440181,2.07995,2.24976,445,100740,0.562607,0.52,1,97697,97252,445
12443101,154.816,151.65,449,100740,0.528521,0.6,1,97890,97441,449
12446021,38.1632,36.73,450,100740,0.441704,0.56,1,97899,97449,450
12448941,9.23264,8.946,450,100740,0.552341,0.55,1,97901,97451,450
12451861,3.44653,3.3892,450,100740,0.542468,0.56,1,97903,97453,450
12454781,2.28931,5.47784,446,100740,0.508494,0.56,1,97905,97459,446
12457701,3.65786,4.29557,446,100740,0.477699,0.56,1,97909,97463,446
12460621,2.33157,2.45911,446,100740,0.47154,0.53,1,97911,97465,446
12463541,3.66631,2.09182,448,100740,0.550308,0.5,1,97915,97467,448
12466461,3.93326,3.61836,448,100740,0.566062,0.49,1,97919,97471,448
12469381,3.98665,3.92367,448,100740,0.569212,0.45,1,97923,97475,448
12472301,31.1973,29.5847,450,100740,0.481842,0.51,1,97961,97511,450
12475221,9.43947,11.5169,447,100740,0.408368,0.51,1,97965,97518,447
12478141,9.08789,8.70339,448,100740,0.473674,0.55,1,97974,97526,448
12481061,9.81758,4.94068,454,100740,0.438735,0.6,1,97984,97530,454
12483981,8.36352,8.98814,452,100740,0.495747,0.56,1,97992,97540,452
12486901,6.4727,4.99763,454,100740,0.515149,0.61,1,97998,97544,454
12489821,6.09454,7.39953,452,100740,0.49503,0.61,1,98004,97552,452
12492741,6.01891,10.2799,447,100740,0.499006,0.62,1,98010,97563,447
12495661,26.0038,25.256,449,100740,0.563801,0.64,1,98041,97592,449
12498581,22.0008,21.0512,450,100740,0.48876,0.6,1,98062,97612,450
12501501,17.2002,15.4102,452,100740,0.529752,0.56,1,98078,97626,452
12504421,5.04003,4.68205,452,100740,0.50595,0.63,1,98080,97628,452
12507341,2.60801,2.53641,452,100740,0.46919,0.59,1,98082,97630,452
12510261,3.7216,2.10728,454,100740,0.525838,0.6,1,98086,97632,454
12513181,2.34432,2.82146,453,100740,0.505168,0.59,1,98088,97635,453
12516101,3.66886,2.96429,454,100740,0.501034,0.59,1,98092,97638,454
12519021,3.93377,3.79286,454,100740,0.460207,0.63,1,98096,97642,454
12521941,3.98675,3.95857,454,100740,0.476041,0.52,1,98100,97646,454
12524861,8.79735,15.1917,446,100740,0.495208,0.5,1,98110,97664,446
12527781,22.5595,11.8383,461,99280,0.427042,0.56,1,98136,97675,461
12530701,6.11189,11.9677,451,99280,0.381408,0.57,1,98138,97687,451
12533621,4.42238,3.99353,453,99280,0.372282,0.49,1,98142,97689,453
12536541,2.48448,3.99871,451,99280,0.410456,0.49,1,98144,97693,451
12539461,2.0969,2.39974,451,99280,0.466091,0.58,1,98146,97695,451
12542381,154.819,2.07995,642,99280,0.493218,0.52,1,98339,97697,642
12545301,34.1639,154.816,453,99280,0.554644,0.42,1,98343,97890,453
12548221,8.43277,38.1632,446,99280,0.534929,0.58,1,98345,97899,446
12551141,8.08655,9.23264,452,99280,0.570986,0.54,1,98353,97901,452
12554061,3.21731,3.44653,452,99280,0.578197,0.5,1,98355,97903,452
12556981,3.84346,2.28931,454,99280,0.547639,0.47,1,98359,97905,454
12559901,2.36869,3.65786,452,99280,0.509528,0.47,1,98361,97909,452
12562821,2.07374,2.33157,452,99280,0.565906,0.57,1,98363,97911,452
12565741,2.01475,3.66631,450,99280,0.577181,0.57,1,98365,97915,450
12568661,6.80295,3.93326,454,99280,0.619436,0.57,1,98373,97919,454
12571581,27.7606,3.98665,483,99280,0.603887,0.46,1,98406,97923,483
12574501,8.75212,31.1973,449,99280,0.536777,0.39,1,98410,97961,449
12577421,8.15042,9.43947,453,99280,0.571356,0.49,1,98418,97965,453
12580341,11.2301,9.08789,456,99280,0.586271,0.43,1,98430,97974,456
12583261,8.64602,9.81758,454,99280,0.493254,0.51,1,98438,97984,454
12586181,6.5292,8.36352,452,99280,0.562651,0.52,1,98444,97992,452
12589101,6.10584,6.4727,452,99280,0.57653,0.49,1,98450,97998,452
12592021,6.02117,6.09454,452,99280,0.539306,0.5,1,98456,98004,452
12594941,27.6042,6.01891,479,99280,0.611861,0.58,1,98489,98010,479
12597861,22.3208,26.0038,469,99280,0.610372,0.47,1,98510,98041,469
12600781,15.6642,22.0008,462,99280,0.618074,0.54,1,98524,98062,462
12603701,4.73283,17.2002,448,99280,0.587615,0.5,1,98526,98078,448
12606621,2.54657,5.04003,448,99280,0.589523,0.46,1,98528,98080,448
12609541,2.90931,2.60801,449,99280,0.565905,0.54,1,98531,98082,449
12612461,2.98186,3.7216,448,99280,0.593181,0.5,1,98534,98086,448
12615381,2.19637,2.34432,448,99280,0.598636,0.5,1,98536,98088,448
12618301,4.43927,3.66886,449,99280,0.623727,0.45,1,98541,98092,449
12621221,5.68786,3.93377,451,99280,0.660745,0.48,1,98547,98096,451
12624141,7.53757,3.98675,455,99280,0.596149,0.41,1,98555,98100,455
12627061,23.9075,29.5974,447,97820,0.60723,0.37,1,98583,98136,447
12629981,6.3815,7.51947,447,97820,0.577446,0.37,1,98585,98138,447
12632901,4.4763,4.70389,447,97820,0.531489,0.42,1,98589,98142,447
12635821,2.49526,2.54078,447,97820,0.546298,0.48,1,98591,98144,447
12638741,2.09905,2.10816,447,97820,0.58926,0.5,1,98593,98146,447
12641661,158.82,154.822,452,97820,0.557852,0.57,1,98791,98339,452
12644581,34.964,34.1643,452,97820,0.48757,0.53,1,98795,98343,452
12647501,8.59279,8.43286,452,97820,0.441514,0.58,1,98797,98345,452
12650421,8.11856,8.08657,452,97820,0.528303,0.58,1,98805,98353,452
12653341,4.82371,3.21731,454,97820,0.553661,0.54,1,98809,98355,454
12656261,4.16474,3.84346,454,97820,0.550732,0.5,1,98813,98359,454
12659181,2.43295,2.36869,454,97820,0.534146,0.58,1,98815,98361,454
12662101,2.08659,2.07374,454,97820,0.530829,0.58,1,98817,98363,454
12665021,2.01732,2.01475,454,97820,0.490166,0.63,1,98819,98365,454
12667941,3.60346,6.80295,450,97820,0.562033,0.6,1,98823,98373,450
12670861,27.9207,27.7606,451,97820,0.544407,0.52,1,98857,98406,451
12673781,8.78414,8.75212,451,97820,0.476881,0.58,1,98861,98410,451
12676701,6.55683,8.15042,449,97820,0.487376,0.59,1,98867,98418,449
12679621,10.9114,11.2301,449,97820,0.545475,0.47,1,98879,98430,449
12682541,10.9823,8.64602,452,97820,0.549095,0.58,1,98890,98438,452
12685461,5.39645,6.5292,450,97820,0.533819,0.58,1,98894,98444,450
12688381,8.27929,6.10584,453,97820,0.554764,0.53,1,98903,98450,453
12691301,4.85586,6.02117,451,97820,0.574953,0.63,1,98907,98456,451
12694221,30.5712,27.6042,455,97820,0.562991,0.61,1,98944,98489,455
12697141,22.9142,22.3208,455,97820,0.520598,0.62,1,98965,98510,455
12700061,13.3828,15.6642,452,97820,0.56812,0.58,1,98976,98524,452
12702981,4.27657,4.73283,452,97820,0.577624,0.59,1,98978,98526,452
12705901,4.05531,2.54657,454,97820,0.595525,0.56,1,98982,98528,454
12708821,2.41106,2.90931,453,97820,0.567105,0.6,1,98984,98531,453
12711741,2.08221,2.98186,452,97820,0.585421,0.6,1,98986,98534,452
12714661,3.61644,2.19637,454,97820,0.589084,0.63,1,98990,98536,454
12717581,3.92329,4.43927,453,97820,0.621817,0.67,1,98994,98541,453
12720501,3.98466,5.68786,451,97820,0.628363,0.58,1,98998,98547,451
12723421,31.1969,7.53757,481,96360,0.557673,0.61,1,99036,98555,481
12726341,7.83939,23.9075,455,96360,0.511535,0.57,1,99038,98583,455
12729261,4.76788,6.3815,457,96360,0.470307,0.52,1,99042,98585,457
12732181,2.55358,4.4763,455,96360,0.486061,0.55,1,99044,98589,455
12735101,2.11072,2.49526,455,96360,0.465212,0.6,1,99046,98591,455
12738021,154.822,2.09905,646,96360,0.509043,0.55,1,99239,98593,646
12740941,34.1644,158.82,452,96360,0.453808,0.47,1,99243,98791,452
12743861,8.43289,34.964,450,96360,0.530762,0.43,1,99245,98795,450
12746781,6.48658,8.59279,454,96360,0.610152,0.55,1,99251,98797,454
12749701,3.69732,8.11856,449,96360,0.65003,0.56,1,99254,98805,449
12752621,8.73946,4.82371,455,96360,0.602006,0.55,1,99264,98809,455
12755541,4.14789,4.16474,454,96360,0.576401,0.53,1,99267,98813,454
12758461,2.42958,2.43295,454,96360,0.53928,0.53,1,99269,98815,454
12761381,2.08592,2.08659,454,96360,0.499856,0.48,1,99271,98817,454
12764301,3.61718,2.01732,456,96360,0.635971,0.58,1,99275,98819,456
12767221,22.3234,3.60346,479,96360,0.639194,0.54,1,99302,98823,479
12770141,7.66469,27.9207,449,96360,0.575839,0.46,1,99306,98857,449
12773061,8.73294,8.78414,454,96360,0.627168,0.49,1,99315,98861,454
12775981,10.5466,6.55683,459,96360,0.557434,0.56,1,99326,98867,459
12778901,11.7093,10.9114,459,96360,0.543487,0.55,1,99338,98879,459
12781821,8.74186,10.9823,456,96360,0.580697,0.53,1,99346,98890,456
12784741,7.34837,5.39645,459,96360,0.57214,0.56,1,99353,98894,459
12787661,5.46967,8.27929,455,96360,0.594428,0.58,1,99358,98903,455
12790581,28.2939,4.85586,485,96360,0.598886,0.56,1,99392,98907,485
12793501,22.4588,30.5712,469,96360,0.575777,0.51,1,99413,98944,469
12796421,15.6918,22.9142,462,96360,0.539155,0.58,1,99427,98965,462
12799341,4.73835,13.3828,453,96360,0.587831,0.58,1,99429,98976,453
12802261,2.54767,4.27657,453,96360,0.565566,0.6,1,99431,98978,453
12805181,5.30953,4.05531,455,96360,0.577113,0.56,1,99437,98982,455
12808101,2.66191,2.41106,455,96360,0.587423,0.59,1,99439,98984,455
12811021,2.13238,2.08221,455,96360,0.629485,0.59,1,99441,98986,455
12813941,3.62648,3.61644,455,96360,0.613897,0.63,1,99445,98990,455
12816861,5.5253,3.92329,457,96360,0.586779,0.54,1,99451,98994,457
12819781,28.3051,34.3847,449,94900,0.549356,0.5,1,99485,99036,449
12822701,9.66101,8.47693,452,94900,0.469871,0.46,1,99490,99038,452
12825621,5.1322,4.89539,452,94900,0.389974,0.49,1,99494,99042,452
12828541,2.62644,2.57908,452,94900,0.493995,0.46,1,99496,99044,452
12831461,2.12529,2.11582,452,94900,0.482799,0.52,1,99498,99046,452
12834381,156.425,154.823,454,94900,0.51256,0.44,1,99693,99239,454
12837301,34.485,34.1646,454,94900,0.454512,0.55,1,99697,99243,454
12840221,8.497,8.43293,454,94900,0.410902,0.63,1,99699,99245,454
12843141,4.8994,6.48659,452,94900,0.458181,0.66,1,99703,99251,452
12846061,2.57988,3.69732,451,94900,0.467636,0.59,1,99705,99254,451
12848981,10.916,8.73946,454,94900,0.533527,0.57,1,99718,99264,454
12851901,3.7832,4.14789,453,94900,0.546705,0.53,1,99720,99267,453
12854821,2.35664,2.42958,453,94900,0.525341,0.49,1,99722,99269,453
12857741,3.67133,2.08592,455,94900,0.457068,0.67,1,99726,99271,455
12860661,3.93427,3.61718,455,94900,0.403414,0.64,1,99730,99275,455
12863581,20.7869,22.3234,453,94900,0.440683,0.56,1,99755,99302,453
12866501,7.35737,7.66469,453,94900,0.536137,0.64,1,99759,99306,453
12869421,4.67147,8.73294,448,94900,0.491227,0.54,1,99763,99315,448
12872341,9.73429,10.5466,448,94900,0.554245,0.54,1,99774,99326,448
12875261,14.7469,11.7093,452,94900,0.542849,0.59,1,99790,99338,452
12878181,10.1494,8.74186,453,94900,0.49257,0.57,1,99799,99346,453
12881101,6.82987,7.34837,452,94900,0.530514,0.6,1,99805,99353,452
12884021,4.56597,5.46967,451,94900,0.506103,0.6,1,99809,99358,451
12886941,29.7132,28.2939,453,94900,0.485221,0.57,1,99845,99392,453
12889861,20.3426,22.4588,450,94900,0.537044,0.53,1,99863,99413,450
12892781,17.6685,15.6918,453,94900,0.523409,0.6,1,99880,99427,453
12895701,5.13371,4.73835,453,94900,0.488682,0.56,1,99882,99429,453
12898621,4.22674,2.54767,455,94900,0.537736,0.58,1,99886,99431,455
12901541,2.44535,5.30953,451,94900,0.515547,0.59,1,99888,99437,451
12904461,2.08907,2.66191,451,94900,0.535109,0.64,1,99890,99439,451
12907381,2.01781,2.13238,451,94900,0.547022,0.61,1,99892,99441,451
12910301,6.80356,3.62648,455,94900,0.533404,0.58,1,99900,99445,455
12913221,22.1607,5.5253,475,93440,0.482681,0.54,1,99926,99451,475
12916141,10.8321,28.3051,449,93440,0.408536,0.45,1,99934,99485,449
12919061,8.56643,9.66101,452,93440,0.457707,0.37,1,99942,99490,452
12921981,4.11329,5.1322,451,93440,0.451541,0.52,1,99945,99494,451
12924901,4.82266,2.62644,454,93440,0.498308,0.48,1,99950,99496,454
12927821,151.365,2.12529,640,93440,0.443662,0.52,1,100138,99498,640
12930741,36.6729,156.425,453,93440,0.440732,0.44,1,100146,99693,453
12933661,8.93458,34.485,451,93440,0.408146,0.4,1,100148,99697,451
12936581,4.18692,8.497,452,93440,0.537629,0.47,1,100151,99699,452
12939501,4.03738,4.8994,452,93440,0.531526,0.47,1,100155,99703,452
12942421,4.00748,2.57988,454,93440,0.530305,0.55,1,100159,99705,454
12945341,2.4015,10.916,443,93440,0.498061,0.55,1,100161,99718,443
12948261,2.8803,3.7832,444,93440,0.475612,0.52,1,100164,99720,444
12951181,8.57606,2.35664,452,93440,0.559122,0.44,1,100174,99722,452
12954101,4.91521,3.67133,452,93440,0.543824,0.39,1,100178,99726,452
12957021,16.183,3.93427,467,93440,0.564765,0.45,1,100197,99730,467
12959941,12.8366,20.7869,454,93440,0.488953,0.56,1,100209,99755,454
12962861,4.16732,7.35737,452,93440,0.593791,0.48,1,100211,99759,452
12965781,5.63346,4.67147,454,93440,0.518758,0.57,1,100217,99763,454
12968701,17.9267,9.73429,464,93440,0.471752,0.54,1,100238,99774,464
12971621,9.98534,14.7469,456,93440,0.49435,0.48,1,100246,99790,456
12974541,6.79707,10.1494,453,93440,0.54687,0.54,1,100252,99799,453
12977461,7.75941,6.82987,455,93440,0.557374,0.5,1,100260,99805,455
12980381,29.5519,4.56597,486,93440,0.551475,0.48,1,100295,99809,486
12983301,17.9104,29.7132,465,93440,0.574295,0.55,1,100310,99845,465
12986221,19.5821,20.3426,467,93440,0.498859,0.52,1,100330,99863,467
12989141,5.51641,17.6685,452,93440,0.459772,0.48,1,100332,99880,452
12992061,2.70328,5.13371,452,93440,0.419954,0.55,1,100334,99882,452
12994981,2.14066,4.22674,450,93440,0.403991,0.51,1,100336,99886,450
12997901,2.02813,2.44535,450,93440,0.504798,0.54,1,100338,99888,450
13000821,5.20563,2.08907,454,93440,0.50096,0.55,1,100344,99890,454
13003741,4.24113,2.01781,456,93440,0.564192,0.47,1,100348,99892,456
13006661,21.6482,27.6036,448,91980,0.528838,0.39,1,100374,99926,448
13009581,8.32964,11.9207,445,91980,0.537768,0.47,1,100379,99934,445
13012501,9.66593,8.78414,447,91980,0.419554,0.45,1,100389,99942,447
13015421,3.53319,4.15683,446,91980,0.387911,0.51,1,100391,99945,446
13018341,7.10664,4.83137,449,91980,0.461582,0.43,1,100399,99950,449
13021261,146.221,151.366,442,91980,0.772316,0.44,2,100580,100138,442
13024181,40.4443,36.6733,448,91980,0.770463,0.4,2,100594,100146,448
13027101,9.68885,8.93465,448,91980,0.794093,0.57,2,100596,100148,448
13030021,3.53777,4.18693,447,91980,0.766819,0.53,2,100598,100151,447
13032941,3.90755,4.03739,447,91980,0.697364,0.53,1,100602,100155,447
13035861,5.58151,4.00748,449,91980,0.779473,0.49,2,100608,100159,449
13038781,2.7163,2.4015,449,91980,0.795895,0.47,2,100610,100161,449
13041701,5.34326,2.8803,452,91980,0.735179,0.58,1,100616,100164,452
13044621,2.66865,8.57606,444,91980,0.723036,0.54,1,100618,100174,444
13047541,10.9337,4.91521,453,91980,0.784607,0.57,2,100631,100178,453
13050461,10.9867,16.183,445,91980,0.820921,0.47,2,100642,100197,445
13053381,11.7973,12.8366,445,91980,0.796184,0.62,2,100654,100209,445
13056301,3.95947,4.16732,445,91980,0.791237,0.5,2,100656,100211,445
13059221,10.3919,5.63346,451,91980,0.822247,0.46,2,100668,100217,451
13062141,15.6784,17.9267,447,91980,0.820449,0.5,2,100685,100238,447
13065061,9.53568,9.98534,447,91980,0.71609,0.56,1,100693,100246,447
13067981,9.90714,6.79707,451,91980,0.743218,0.56,1,100703,100252,451
13070901,9.98143,7.75941,453,91980,0.748644,0.55,1,100713,100260,453
13073821,26.7963,29.5519,449,91980,0.757729,0.58,2,100744,100295,449
13076741,18.1593,17.9104,450,91980,0.775546,0.48,2,100760,100310,450
13079661,18.0319,19.5821,448,91980,0.851109,0.45,2,100778,100330,448
13082581,5.20637,5.51641,448,91980,0.842222,0.41,2,100780,100332,448
13085501,2.64127,2.70328,448,91980,0.808444,0.4,2,100782,100334,448
13088421,5.32825,2.14066,452,91980,0.793689,0.53,2,100788,100336,452
13091341,2.66565,2.02813,452,91980,0.798738,0.5,2,100790,100338,452
13094261,2.13313,5.20563,448,91980,0.799748,0.58,2,100792,100344,448
13097181,21.2266,4.24113,470,91980,0.68795,0.52,1,100818,100348,470
13100101,5.84533,21.6482,446,91980,0.67359,0.54,1,100820,100374,446
13103021,13.1691,8.32964,456,91980,0.750718,0.39,2,100835,100379,456
13105941,4.23381,9.66593,448,91980,0.734144,0.38,1,100837,100389,448
13108861,5.64676,3.53319,452,91980,0.754829,0.48,2,100843,100391,452
13111781,153.929,7.10664,635,91980,0.838966,0.85,2,101034,100399,635
13114701,43.5859,146.221,470,91980,0.855793,0.77,2,101050,100580,470
13117621,11.1172,40.4443,459,91980,0.819159,0.8,2,101053,100594,459
13120541,7.82343,9.68885,464,91980,0.915832,0.76,2,101060,100596,464
13123461,3.16469,3.53777,464,91980,0.935166,0.68,2,101062,100598,464
13126381,3.83294,3.90755,464,91980,0.907033,0.8,2,101066,100602,464
13129301,2.36659,5.58151,460,91980,0.869407,0.8,2,101068,100608,460
13132221,2.07332,2.7163,460,91980,0.837881,0.72,2,101070,100610,460
13135141,2.81466,5.34326,457,91980,0.847576,0.72,2,101073,100616,457
13138061,17.3629,2.66865,476,91980,0.769515,0.8,2,101094,100618,476
13140981,11.4726,10.9337,473,91980,0.769903,0.83,2,101104,100631,473
13143901,6.29452,10.9867,467,91980,0.881981,0.79,2,101109,100642,467
13146821,10.0589,11.7973,466,91980,0.944396,0.79,2,101120,100654,466
13149741,5.21178,3.95947,468,91980,0.900879,0.83,2,101124,100656,468
13152661,21.0424,10.3919,481,91980,0.820176,0.82,2,101149,100668,481
13155581,7.40847,15.6784,468,91980,0.740035,0.69,1,101153,100685,468
13158501,9.48169,9.53568,470,91980,0.788007,0.75,2,101163,100693,470
13161421,9.89634,9.90714,470,91980,0.861601,0.75,2,101173,100703,470
13164341,27.5793,9.98143,492,91980,0.84432,0.76,2,101205,100713,492
13167261,19.9159,26.7963,479,91980,0.832864,0.78,2,101223,100744,479
13170181,16.7832,18.1593,479,91980,0.822573,0.87,2,101239,100760,479
13173101,4.95663,18.0319,463,91980,0.820515,0.84,2,101241,100778,463
13176021,2.59133,5.20637,463,91980,0.820103,0.8,2,101243,100780,463
13178941,6.91827,2.64127,469,91980,0.876021,0.79,2,101251,100782,469
13181861,2.98365,5.32825,465,91980,0.887204,0.8,2,101253,100788,465
13184781,2.19673,2.66565,465,91980,0.897441,0.8,2,101255,100790,465
13187701,19.6393,2.13313,487,91980,0.883488,0.66,2,101279,100792,487
13190621,6.32787,21.2266,464,91980,0.912698,0.67,2,101282,100818,464
13193541,10.8656,5.84533,474,91980,0.902539,0.77,2,101294,100820,474
13196461,4.57311,13.1691,462,91980,0.844508,0.73,2,101297,100835,462
13199381,6.51462,4.23381,467,91980,0.856902,0.76,2,101304,100837,467
13437361,33,33,479,89060,0.94,1,2,102626,102147,479
13440281,16.2,19.4,475,89060,0.924,1,2,102638,102163,475
13443201,12.84,15.08,473,89060,0.9608,1,2,102650,102177,473
13446121,5.768,4.616,475,89060,0.97616,1,2,102654,102179,475
13449041,4.3536,3.3232,476,89060,0.947232,1,2,102658,102182,476
13451961,2.47072,5.46464,472,89060,0.909446,1,2,102660,102188,472
13454881,21.2941,5.89293,492,87600,0.877889,0.94,2,102686,102194,492
13457801,9.05883,16.3786,479,87600,0.919578,0.99,2,102692,102213,479
13460721,9.01177,9.67572,480,87600,0.871916,0.89,2,102701,102221,480
13463641,3.40235,9.13514,473,87600,0.918383,1,2,102703,102230,473
13466561,5.48047,3.42703,477,87600,0.839677,0.89,2,102709,102232,477
13468021,161.896,7.08541,670,87600,0.935935,1,2,102910,102240,670
13595041,5,6,479,86140,1,1,2,103485,103006,479
13612561,34,14,507,86140,0.87,0.95,2,103572,103065,507
13615481,14.8,28.4,485,86140,0.806,1,2,103582,103097,485
13618401,11.76,14.48,485,86140,0.8732,1,2,103593,103108,485
13621321,4.752,11.696,477,86140,0.87864,1,2,103596,103119,477
13624241,3.3504,7.1392,474,86140,0.871728,1,2,103599,103125,474
13627161,26.2701,24.6278,477,84680,0.798346,1,2,103631,103154,477
13630081,6.85402,7.32557,476,84680,0.887669,1,2,103633,103157,476
13633001,5.3708,7.06511,474,84680,0.857534,1,2,103638,103164,474
13635921,4.27416,3.81302,475,84680,0.851507,1,2,103642,103167,475
13638841,5.65483,6.3626,474,84680,0.818301,1,2,103648,103174,474
13641761,173.131,162.073,488,84680,0.86766,0.98,2,103863,103375,488
13653441,2,7,475,84680,0.92,0.99,2,103892,103417,475
13656361,2,3,475,84680,0.968,0.99,2,103894,103419,475
13670961,8,3,477,84680,0.91,0.97,2,103917,103440,477
13673881,19.2,5.4,493,84680,0.83,0.91,2,103939,103446,493
13676801,11.84,22.68,476,84680,0.886,0.87,2,103949,103473,476
13679721,3.968,10.136,471,84680,0.8972,1,2,103951,103480,471
13682641,8.7936,6.0272,476,84680,0.86744,0.94,2,103961,103485,476
13685561,6.55872,7.60544,474,84680,0.837488,1,2,103967,103493,474
13688481,2.91174,5.52109,471,84680,0.799498,0.94,2,103969,103498,471
13691401,15.7823,4.30422,486,84680,0.8079,0.78,2,103988,103502,486
13694321,16.7565,17.6608,482,84680,0.86558,0.79,2,104005,103523,482
13697241,28.1513,15.5322,498,84680,0.909116,0.87,2,104036,103538,498
13700161,12.8303,30.3064,473,84680,0.877823,0.79,2,104045,103572,473
13703081,14.5661,14.0613,478,84680,0.815565,0.89,2,104060,103582,478
13706001,4.51321,11.6123,469,84680,0.771113,0.88,2,104062,103593,469
13708921,3.30264,4.72245,469,84680,0.786223,0.78,2,104065,103596,469
13711841,26.2605,28.9445,466,83220,0.773245,0.91,2,104097,103631,466
13714761,6.85211,7.3889,466,83220,0.810649,0.85,2,104099,103633,466
13717681,7.77042,5.47778,469,83220,0.85013,0.85,2,104107,103638,469
13720601,3.15408,4.29556,467,83220,0.858026,0.81,2,104109,103642,467
13723521,3.83082,5.65911,465,83220,0.859605,0.88,2,104113,103648,465
13726441,177.566,173.132,471,83220,0.747921,0.97,1,104334,103863,471
13729361,43.5132,44.2264,469,83220,0.781584,0.93,2,104344,103875,469
13732281,16.7026,15.2453,471,83220,0.756317,0.92,2,104354,103883,471
13735201,8.14053,8.64905,470,83220,0.783263,0.92,2,104360,103890,470
13738121,3.22811,3.32981,470,83220,0.756653,0.98,2,104362,103892,470
13741041,2.24562,2.26596,470,83220,0.727331,0.97,1,104364,103894,470
13743961,6.84912,6.05319,471,83220,0.777466,0.96,2,104372,103901,471
13746881,2.96982,4.41064,469,83220,0.787493,0.95,2,104374,103905,469
13749801,2.19396,2.48213,469,83220,0.789499,0.91,2,104376,103907,469
13752721,2.03879,2.09643,469,83220,0.7819,0.91,2,104378,103909,469
13755641,6.80776,6.81929,469,83220,0.74038,0.81,1,104386,103917,469
13758561,18.1616,18.9639,468,83220,0.684076,0.9,1,104407,103939,468
13761481,8.43231,11.7928,464,83220,0.680815,0.9,1,104413,103949,464
13764401,4.88646,3.95855,466,83220,0.664163,0.86,1,104417,103951,466
13767321,12.1773,8.79171,470,83220,0.724833,0.83,1,104431,103961,470
13770241,5.63546,6.55834,468,83220,0.712967,0.79,1,104435,103967,468
13773161,2.72709,2.91167,468,83220,0.734593,0.81,1,104437,103969,468
13776081,10.9454,15.7823,462,83220,0.730919,0.88,1,104450,103988,462
13779001,15.7891,16.7565,462,83220,0.738184,0.92,1,104467,104005,462
13781921,31.9578,28.1513,467,83220,0.739637,0.87,1,104503,104036,467
13784841,12.7916,12.8303,466,83220,0.739927,0.8,1,104511,104045,466
13787761,10.5583,14.5661,461,83220,0.723985,0.76,1,104521,104060,461
13790681,9.31166,4.51321,468,83220,0.712797,0.79,1,104530,104062,468
13793601,26.6623,3.30264,496,81760,0.606559,0.77,1,104561,104065,496
13796521,6.93247,26.2605,466,81760,0.585312,0.82,1,104563,104097,466
13799441,4.58649,6.85211,468,81760,0.637062,0.86,1,104567,104099,468
13802361,2.5173,7.77042,462,81760,0.623412,0.86,1,104569,104107,462
13805281,3.70346,3.15408,464,81760,0.596682,0.86,1,104573,104109,464
13806741,161.541,3.83082,661,81760,0.719336,0.72,1,104774,104113,661
13809661,49.9081,177.566,462,81760,0.719867,0.79,1,104796,104334,462
13812581,16.3816,43.5132,460,81760,0.687973,0.75,1,104804,104344,460
13815501,9.67633,16.7026,458,81760,0.649595,0.79,1,104812,104354,458
13818421,8.33527,8.14053,460,81760,0.761919,0.75,2,104820,104360,460
13821341,4.86705,3.22811,462,81760,0.760384,0.72,2,104824,104362,462
13824261,2.57341,2.24562,462,81760,0.784077,0.79,2,104826,104364,462
13827181,5.31468,6.84912,460,81760,0.764815,0.79,2,104832,104372,460
13830101,2.66294,2.96982,460,81760,0.728963,0.79,1,104834,104374,460
13833021,2.13259,2.19396,460,81760,0.745793,0.78,1,104836,104376,460
13835941,3.62652,2.03879,462,81760,0.725159,0.73,1,104840,104378,462
13838861,7.1253,6.80776,462,81760,0.769032,0.67,2,104848,104386,462
13841781,14.2251,18.1616,457,81760,0.673806,0.68,1,104864,104407,457
13844701,9.24501,8.43231,459,81760,0.646761,0.66,1,104872,104413,459
13847621,3.449,4.88646,457,81760,0.609352,0.74,1,104874,104417,457
13850541,15.0898,12.1773,461,81760,0.64987,0.71,1,104892,104431,461
13853461,6.21796,5.63546,461,81760,0.657974,0.74,1,104896,104435,461
13856381,2.84359,2.72709,461,81760,0.627595,0.73,1,104898,104437,461
13859301,10.9687,10.9454,461,81760,0.669519,0.74,1,104911,104450,461
13862221,14.1937,15.7891,459,81760,0.621904,0.74,1,104926,104467,459
13865141,30.0387,31.9578,457,81760,0.580381,0.74,1,104960,104503,457
13868061,14.0077,12.7916,459,81760,0.564076,0.72,1,104970,104511,459
13870981,10.8015,10.5583,459,81760,0.624815,0.71,1,104980,104521,459
13873901,28.5603,9.31166,483,80300,0.476963,0.58,1,105013,104530,483
13876821,7.31206,26.6623,454,80300,0.447393,0.58,1,105015,104561,454
13879741,7.86241,6.93247,460,80300,0.441479,0.65,1,105023,104563,460
13882661,3.17248,4.58649,458,80300,0.440296,0.62,1,105025,104567,458
13885581,2.2345,2.5173,458,80300,0.560059,0.59,1,105027,104569,458
13887041,161.247,3.70346,655,80300,0.616012,0.75,1,105228,104573,655
13889961,49.8494,161.541,476,80300,0.563202,0.72,1,105250,104774,476
13892881,21.9699,49.9081,469,80300,0.528641,0.68,1,105265,104796,469
13895801,9.19397,16.3816,467,80300,0.545728,0.64,1,105271,104804,467
13898721,8.23879,9.67633,467,80300,0.501146,0.79,1,105279,104812,467
13901641,4.04776,8.33527,462,80300,0.508229,0.76,1,105282,104820,462
13904561,3.20955,4.86705,461,80300,0.589646,0.79,1,105285,104824,461
13907481,6.24191,2.57341,466,80300,0.589929,0.76,1,105292,104826,466
13910401,3.64838,5.31468,463,80300,0.597986,0.72,1,105295,104832,463
13913321,2.32968,2.66294,463,80300,0.599597,0.75,1,105297,104834,463
13916241,2.06594,2.13259,463,80300,0.599919,0.72,1,105299,104836,463
13919161,5.21319,3.62652,465,80300,0.567984,0.78,1,105305,104840,465
13922081,9.84264,7.1253,468,80300,0.585597,0.65,1,105316,104848,468
13925001,8.36853,14.2251,460,80300,0.517119,0.64,1,105324,104864,460
13927921,3.27371,9.24501,454,80300,0.511424,0.6,1,105326,104872,454
13930841,11.8547,3.449,466,80300,0.590285,0.66,1,105340,104874,466
13933761,6.37095,15.0898,453,80300,0.582057,0.66,1,105345,104892,453
13936681,7.67419,6.21796,457,80300,0.532411,0.62,1,105353,104896,457
13939601,10.3348,2.84359,466,80300,0.546482,0.68,1,105364,104898,466
13942521,13.267,10.9687,467,80300,0.501296,0.61,1,105378,104911,467
13945441,28.2534,14.1937,484,80300,0.564259,0.57,1,105410,104926,484
13948361,16.8507,30.0387,464,80300,0.560852,0.56,1,105424,104960,464
13951281,11.3701,14.0077,464,80300,0.60017,0.44,1,105434,104970,464
13954201,21.474,37.2016,445,78840,0.520034,0.44,1,105458,105013,445
13957121,5.89481,9.04031,445,78840,0.552007,0.44,1,105460,105015,445
13960041,10.779,8.20806,449,78840,0.542401,0.44,1,105472,105023,449
13962961,3.75579,3.24161,449,78840,0.50848,0.59,1,105474,105025,449
13965881,2.35116,2.24832,449,78840,0.469696,0.63,1,105476,105027,449
13968801,178.87,161.25,471,78840,0.485939,0.55,1,105699,105228,471
13971721,45.374,49.8499,461,78840,0.545188,0.52,1,105711,105250,461
13974641,13.8748,21.97,452,78840,0.525038,0.55,1,105717,105265,452
13977561,13.175,9.194,459,78840,0.521008,0.49,1,105730,105271,459
13980481,4.23499,8.2388,453,78840,0.536202,0.51,1,105732,105279,453
13983401,4.047,4.04776,454,78840,0.47524,0.61,1,105736,105282,454
13986321,4.0094,3.20955,455,78840,0.551048,0.59,1,105740,105285,455
13989241,4.00188,6.24191,452,78840,0.56621,0.6,1,105744,105292,452
13992161,4.00038,3.64838,453,78840,0.545242,0.6,1,105748,105295,453
13995081,2.40008,2.32968,453,78840,0.541048,0.6,1,105750,105297,453
13998001,4.48002,2.06594,456,78840,0.55621,0.56,1,105755,105299,456
14000921,8.096,5.21319,459,78840,0.487242,0.59,1,105764,105305,459
14003841,4.8192,9.84264,452,78840,0.489448,0.5,1,105768,105316,452
14006761,8.96384,8.36853,454,78840,0.48189,0.51,1,105778,105324,454
14009681,7.39277,3.27371,459,78840,0.440378,0.61,1,105785,105326,459
14012601,8.67855,11.8547,454,78840,0.520076,0.58,1,105794,105340,454
14015521,7.33571,6.37095,456,78840,0.504015,0.52,1,105801,105345,456
14018441,10.2671,7.67419,459,78840,0.516803,0.55,1,105812,105353,459
14021361,10.8534,10.3348,459,78840,0.495361,0.49,1,105823,105364,459
14024281,31.7707,13.267,482,78840,0.379072,0.58,1,105860,105378,482
14027201,19.1541,28.2534,466,78840,0.379814,0.56,1,105876,105410,466
14030121,10.2308,16.8507,460,78840,0.427963,0.5,1,105884,105424,460
14033041,19.6462,30.5701,448,78840,0.365593,0.56,1,105906,105458,448
14035961,5.52923,7.71403,448,78840,0.425119,0.54,1,105908,105460,448
14038881,9.90585,11.1428,447,78840,0.413024,0.5,1,105919,105472,447
14041801,3.58117,3.82856,447,78840,0.450605,0.46,1,105921,105474,447
14044721,2.31623,2.36571,447,78840,0.426121,0.49,1,105923,105476,447
14047641,181.263,178.873,450,78840,0.485224,0.56,1,106149,105699,450
14050561,44.2526,45.3746,448,78840,0.457045,0.52,1,106159,105711,448
14053481,13.6505,13.8749,448,78840,0.451409,0.52,1,106165,105717,448
14056401,14.7301,13.175,450,78840,0.482282,0.54,1,106180,105730,450
14059321,4.54602,4.235,450,78840,0.488456,0.46,1,106182,105732,450
14062241,3.3092,4.047,449,78840,0.489691,0.57,1,106185,105736,449
14065161,3.86184,4.0094,449,78840,0.489938,0.57,1,106189,105740,449
14068081,3.97237,4.00188,449,78840,0.489988,0.54,1,106193,105744,449
14071001,2.39447,4.00038,447,78840,0.489998,0.54,1,106195,105748,447
14073921,2.07889,2.40008,447,78840,0.522,0.56,1,106197,105750,447
14076841,2.81578,4.48002,445,78840,0.5124,0.47,1,106200,105755,445
14079761,9.36316,8.096,447,78840,0.48648,0.49,1,106211,105764,447
14082681,5.07263,4.8192,447,78840,0.449296,0.48,1,106215,105768,447
14085601,4.21453,8.96384,441,78840,0.441859,0.43,1,106219,105778,441
14088521,11.2429,7.39277,447,78840,0.480372,0.54,1,106232,105785,447
14091441,10.2486,8.67855,448,78840,0.488074,0.5,1,106242,105794,448
14094361,6.04972,7.33571,446,78840,0.481615,0.52,1,106247,105801,446
14097281,9.20994,10.2671,445,78840,0.448323,0.49,1,106257,105812,445
14100201,10.642,10.8534,445,78840,0.489665,0.35,1,106268,105823,445
14103121,30.1284,31.7707,443,78840,0.497933,0.38,1,106303,105860,443
14106041,18.0257,19.1541,442,78840,0.499587,0.44,1,106318,105876,442
14108961,10.0051,10.2308,442,78840,0.491917,0.35,1,106326,105884,442
14111881,18.801,19.6462,441,78840,0.426383,0.44,1,106347,105906,441
14114801,5.36021,5.52923,441,78840,0.373277,0.41,1,106349,105908,441
14117721,9.87204,9.90585,441,78840,0.378655,0.46,1,106360,105919,441
14120641,6.77441,3.58117,445,78840,0.435731,0.42,1,106366,105921,445
14123561,2.95488,2.31623,445,78840,0.415146,0.5,1,106368,105923,445
14126481,181.391,181.263,445,78840,0.579029,0.45,1,106594,106149,445
14129401,45.8782,44.2526,447,78840,0.595806,0.45,1,106606,106159,447
14132321,13.9756,13.6505,447,78840,0.599161,0.49,1,106612,106165,447
14135241,13.1951,14.7301,445,78840,0.575832,0.49,1,106625,106180,445
14138161,4.23903,4.54602,445,78840,0.603166,0.49,1,106627,106182,445
14141081,4.04781,3.3092,446,78840,0.592633,0.49,1,106631,106185,446
14144001,4.00956,3.86184,446,78840,0.558527,0.49,1,106635,106189,446
14146921,4.00191,3.97237,446,78840,0.591705,0.49,1,106639,106193,446
14149841,2.40038,2.39447,446,78840,0.566341,0.53,1,106641,106195,446
14152761,2.08008,2.07889,446,78840,0.593268,0.51,1,106643,106197,446
14155681,2.01602,2.81578,445,78840,0.574654,0.48,1,106645,106200,445
14158601,8.4032,9.36316,444,78840,0.562931,0.44,1,106655,106211,444
14161521,6.48064,5.07263,446,78840,0.552586,0.44,1,106661,106215,446
14164441,4.49613,4.21453,446,78840,0.550517,0.49,1,106665,106219,446
14167361,12.0992,11.2429,447,78840,0.558103,0.49,1,106679,106232,447
14170281,7.21985,10.2486,443,78840,0.511621,0.48,1,106685,106242,443
14173201,6.24397,6.04972,444,78840,0.542324,0.44,1,106691,106247,444
14176121,10.8488,9.20994,446,78840,0.500465,0.5,1,106703,106257,446
14179041,10.9698,10.642,446,78840,0.588093,0.5,1,106714,106268,446
14181961,30.194,30.1284,446,78840,0.613619,0.5,1,106749,106303,446
14184881,18.8388,18.0257,447,78840,0.610724,0.49,1,106765,106318,447
14187801,10.1678,10.0051,447,78840,0.538145,0.41,1,106773,106326,447
14190721,12.4336,18.801,439,78840,0.587629,0.36,1,106786,106347,439
14193641,4.08671,5.36021,439,78840,0.597526,0.38,1,106788,106349,439
14196561,9.61734,9.87204,439,78840,0.495505,0.45,1,106799,106360,439
14199481,6.72347,6.77441,439,78840,0.499101,0.41,1,106805,106366,439
14202401,2.94469,2.95488,439,78840,0.49982,0.62,1,106807,106368,439
14205321,186.989,181.391,446,78840,0.563964,0.6,1,107040,106594,446
14208241,50.1978,45.8782,450,78840,0.536793,0.6,1,107056,106606,450
14211161,14.8396,13.9756,450,78840,0.555359,0.57,1,107062,106612,450
14214081,13.3679,13.1951,450,78840,0.575072,0.61,1,107075,106625,450
14217001,4.27358,4.23903,450,78840,0.579014,0.59,1,107077,106627,450
14219921,4.05472,4.04781,450,78840,0.571803,0.55,1,107081,106631,450
14222841,4.01094,4.00956,450,78840,0.538361,0.6,1,107085,106635,450
14225761,4.00219,4.00191,450,78840,0.587672,0.56,1,107089,106639,450
14228681,2.40044,2.40038,450,78840,0.565534,0.6,1,107091,106641,450
14231601,2.08009,2.08008,450,78840,0.593107,0.57,1,107093,106643,450
14234521,2.01602,2.01602,450,78840,0.566621,0.56,1,107095,106645,450
14237441,8.4032,8.4032,450,78840,0.561324,0.55,1,107105,106655,450
14240361,4.88064,6.48064,448,78840,0.576265,0.55,1,107109,106661,448
14243281,4.17613,4.49613,448,78840,0.571253,0.56,1,107113,106665,448
14246201,12.0352,12.0992,448,78840,0.562251,0.5,1,107127,106679,448
14249121,9.60705,7.21985,451,78840,0.51245,0.55,1,107136,106685,451
14252041,3.52141,6.24397,447,78840,0.50249,0.49,1,107138,106691,447
14254961,11.1043,10.8488,448,78840,0.508498,0.61,1,107151,106703,448
14257881,11.8209,10.9698,449,78840,0.4857,0.62,1,107163,106714,449
14260801,27.9642,30.194,446,78840,0.52114,0.61,1,107195,106749,446
14263721,22.3928,18.8388,451,78840,0.480228,0.52,1,107216,106765,451
14266641,10.8786,10.1678,451,78840,0.480046,0.6,1,107224,106773,451
14269561,6.97571,12.4336,444,78840,0.544009,0.6,1,107230,106786,444
14272481,2.99514,4.08671,444,78840,0.556802,0.47,1,107232,106788,444
14275401,9.39903,9.61734,444,78840,0.55136,0.5,1,107243,106799,444
14278321,10.6798,6.72347,449,78840,0.566272,0.5,1,107254,106805,449
14281241,3.73596,2.94469,449,78840,0.537254,0.58,1,107256,106807,449
14284161,187.947,186.989,450,78840,0.611451,0.53,1,107490,107040,450
14287081,50.3894,50.1978,450,78840,0.61829,0.56,1,107506,107056,450
14290001,14.8779,14.8396,450,78840,0.563658,0.58,1,107512,107062,450
14292921,12.5756,13.3679,449,78840,0.608732,0.58,1,107524,107075,449
14295841,4.11512,4.27358,449,78840,0.617746,0.57,1,107526,107077,449
14298761,4.02302,4.05472,449,78840,0.635549,0.53,1,107530,107081,449
14301681,4.0046,4.01094,449,78840,0.60711,0.6,1,107534,107085,449
14304601,4.00092,4.00219,449,78840,0.633422,0.56,1,107538,107089,449
14307521,2.40018,2.40044,449,78840,0.606684,0.6,1,107540,107091,449
14310441,2.08004,2.08009,449,78840,0.633337,0.56,1,107542,107093,449
14313361,2.01601,2.01602,449,78840,0.606667,0.56,1,107544,107095,449
14316281,7.6032,8.4032,448,78840,0.625333,0.58,1,107553,107105,448
14319201,4.72064,4.88064,448,78840,0.629067,0.57,1,107557,107109,448
14322121,4.14413,4.17613,448,78840,0.629813,0.56,1,107561,107113,448
14325041,10.4288,12.0352,446,78840,0.621963,0.5,1,107573,107127,446
14327961,11.6858,9.60705,449,78840,0.628393,0.5,1,107585,107136,449
14330881,3.93715,3.52141,449,78840,0.629679,0.51,1,107587,107138,449
14333801,9.58743,11.1043,447,78840,0.621936,0.48,1,107598,107151,447
14336721,12.3175,11.8209,448,78840,0.628387,0.53,1,107611,107163,448
14339641,28.8635,27.9642,449,78840,0.621677,0.47,1,107644,107195,449
14342561,19.3727,22.3928,445,78840,0.604335,0.48,1,107661,107216,445
14345481,13.4745,10.8786,449,78840,0.608867,0.56,1,107673,107224,449
14348401,7.49491,6.97571,449,78840,0.585773,0.56,1,107679,107230,449
14351321,3.09898,2.99514,449,78840,0.637155,0.55,1,107681,107232,449
14354241,9.4198,9.39903,449,78840,0.631431,0.57,1,107692,107243,449
14357161,8.28396,10.6798,446,78840,0.534286,0.53,1,107700,107254,446
14360081,3.25679,3.73596,446,78840,0.482857,0.63,1,107702,107256,446
14363001,193.451,187.947,453,78840,0.584571,0.62,1,107943,107490,453
14365921,48.2903,50.3894,449,78840,0.644914,0.55,1,107955,107506,449
14368841,17.6581,14.8779,453,78840,0.632983,0.62,1,107965,107512,453
14371761,12.3316,12.5756,452,78840,0.582597,0.62,1,107976,107524,452
14374681,4.06632,4.11512,452,78840,0.572519,0.64,1,107978,107526,452
14377601,4.01326,4.02302,452,78840,0.626504,0.6,1,107982,107530,452
14380521,4.00265,4.0046,452,78840,0.605301,0.64,1,107986,107534,452
14383441,4.00053,4.00092,452,78840,0.63306,0.6,1,107990,107538,452
14386361,2.40011,2.40018,452,78840,0.606612,0.64,1,107992,107540,452
14389281,2.08002,2.08004,452,78840,0.633322,0.6,1,107994,107542,452
14392201,2.016,2.01601,452,78840,0.606664,0.63,1,107996,107544,452
14395121,8.4032,7.6032,453,78840,0.601333,0.63,1,108006,107553,453
14398041,4.88064,4.72064,453,78840,0.640267,0.63,1,108010,107557,453
14400961,4.17613,4.14413,453,78840,0.648053,0.62,1,108014,107561,453
14403881,11.2352,10.4288,454,78840,0.633611,0.63,1,108027,107573,454
14406801,10.247,11.6858,452,78840,0.614722,0.63,1,108037,107585,452
14409721,3.64941,3.93715,452,78840,0.610944,0.62,1,108039,107587,452
14412641,5.52988,9.58743,447,78840,0.658189,0.63,1,108045,107598,447
14415561,17.106,12.3175,454,78840,0.571638,0.62,1,108065,107611,454
14418481,29.0212,28.8635,453,78840,0.642328,0.6,1,108097,107644,453
14421401,13.0042,19.3727,445,78840,0.624466,0.61,1,108106,107661,445
14424321,17.8008,13.4745,452,78840,0.540893,0.58,1,108125,107673,452
14427241,8.36017,7.49491,452,78840,0.612179,0.65,1,108131,107679,452
14430161,3.27203,3.09898,452,78840,0.594436,0.63,1,108133,107681,452
14433081,3.85441,9.4198,445,78840,0.590887,0.51,1,108137,107692,445
14436001,9.57088,8.28396,448,78840,0.638177,0.47,1,108148,107700,448
14438921,3.51418,3.25679,448,78840,0.615635,0.61,1,108150,107702,448
14441841,197.503,193.451,453,78840,0.651127,0.66,1,108396,107943,453
14444761,49.1006,48.2903,453,78840,0.698225,0.63,1,108408,107955,453
14447681,14.6201,17.6581,449,78840,0.675645,0.57,1,108414,107965,449
14450601,14.124,12.3316,452,78840,0.687129,0.57,1,108428,107976,452
14453521,4.4248,4.06632,452,78840,0.657426,0.64,1,108430,107978,452
14456441,4.08496,4.01326,452,78840,0.651485,0.6,1,108434,107982,452
14459361,4.01699,4.00265,452,78840,0.618297,0.64,1,108438,107986,452
14462281,4.0034,4.00053,452,78840,0.611659,0.6,1,108442,107990,452
14465201,2.40068,2.40011,452,78840,0.666332,0.64,1,108444,107992,452
14468121,2.08014,2.08002,452,78840,0.709266,0.6,1,108446,107994,452
14471041,2.01603,2.016,452,78840,0.685853,0.6,1,108448,107996,452
14473961,8.40321,8.4032,452,78840,0.681171,0.65,1,108458,108006,452
14476881,4.88064,4.88064,452,78840,0.680234,0.65,1,108462,108010,452
14479801,4.17613,4.17613,452,78840,0.680047,0.63,1,108466,108014,452
14482721,11.2352,11.2352,452,78840,0.720009,0.61,1,108479,108027,452
14485641,11.047,10.247,453,78840,0.712002,0.61,1,108490,108037,453
14488561,3.80941,3.64941,453,78840,0.7104,0.67,1,108492,108039,453
14491481,5.56188,5.52988,453,78840,0.71008,0.55,1,108498,108045,453
14494401,17.1124,17.106,453,78840,0.678016,0.66,1,108518,108065,453
14497321,29.0225,29.0212,453,78840,0.695603,0.62,1,108550,108097,453
14500241,13.0045,13.0042,453,78840,0.691121,0.52,1,108559,108106,453
14503161,14.6009,17.8008,449,78840,0.690224,0.63,1,108574,108125,449
14506081,10.9202,8.36017,453,78840,0.562045,0.59,1,108584,108131,453
14509001,3.78404,3.27203,453,78840,0.568409,0.59,1,108586,108133,453
14511921,3.95681,3.85441,453,78840,0.537682,0.65,1,108590,108137,453
14514841,10.3914,9.57088,454,78840,0.603536,0.61,1,108602,108148,454
14517761,3.67827,3.51418,454,78840,0.640707,0.66,1,108604,108150,454
14520681,199.136,197.503,456,78840,0.608141,0.71,1,108852,108396,456
14523601,49.4271,49.1006,456,78840,0.641628,0.67,1,108864,108408,456
14526521,14.6854,14.6201,456,78840,0.616326,0.69,1,108870,108414,456
14529441,10.9371,14.124,452,78840,0.627265,0.65,1,108880,108428,452
14532361,3.78742,4.4248,452,78840,0.621453,0.65,1,108882,108430,452
14535281,7.15748,4.08496,456,78840,0.612291,0.61,1,108890,108434,456
14538201,4.6315,4.01699,456,78840,0.610458,0.61,1,108894,108438,456
14541121,4.1263,4.0034,456,78840,0.578092,0.68,1,108898,108442,456
14544041,2.42526,2.40068,456,78840,0.539618,0.72,1,108900,108444,456
14546961,2.08505,2.08014,456,78840,0.531924,0.68,1,108902,108446,456
14549881,2.01701,2.01603,456,78840,0.530385,0.68,1,108904,108448,456
14552801,8.4034,8.40321,456,78840,0.586077,0.68,1,108914,108458,456
14555721,4.88068,4.88064,456,78840,0.597215,0.68,1,108918,108462,456
14558641,4.17614,4.17613,456,78840,0.599443,0.73,1,108922,108466,456
14561561,11.2352,11.2352,456,78840,0.631889,0.71,1,108935,108479,456
14564481,10.247,11.047,455,78840,0.646378,0.71,1,108945,108490,455
14567401,3.64941,3.80941,455,78840,0.649276,0.71,1,108947,108492,455
14570321,5.52988,5.56188,455,78840,0.649855,0.67,1,108953,108498,455
14573241,12.306,17.1124,449,78840,0.649971,0.7,1,108967,108518,449
14576161,32.8612,29.0225,455,78840,0.649994,0.69,1,109005,108550,455
14579081,13.7722,13.0045,455,78840,0.649999,0.69,1,109014,108559,455
14582001,9.15445,14.6009,448,78840,0.658,0.53,1,109022,108574,448
14584921,13.8309,10.9202,453,78840,0.6196,0.57,1,109037,108584,453
14587841,4.36618,3.78404,453,78840,0.57992,0.53,1,109039,108586,453
14590761,4.07324,3.95681,453,78840,0.507984,0.62,1,109043,108590,453
14593681,5.61465,10.3914,447,78840,0.581597,0.65,1,109049,108602,447
14596601,2.72293,3.67827,447,78840,0.628319,0.6,1,109051,108604,447
14599521,202.945,199.136,452,78840,0.653664,0.65,1,109304,108852,452
14602441,50.1889,49.4271,452,78840,0.658733,0.61,1,109316,108864,452
14605361,14.8378,14.6854,452,78840,0.667747,0.63,1,109322,108870,452
14608281,10.9676,10.9371,452,78840,0.653549,0.62,1,109332,108880,452
14611201,3.79351,3.78742,452,78840,0.68271,0.61,1,109334,108882,452
14614121,3.9587,7.15748,448,78840,0.680542,0.61,1,109338,108890,448
14617041,5.59174,4.6315,450,78840,0.656108,0.57,1,109344,108894,450
14619961,5.91835,4.1263,452,78840,0.683222,0.53,1,109350,108898,452
14622881,2.78367,2.42526,452,78840,0.656644,0.53,1,109352,108900,452
14625801,2.15673,2.08505,452,78840,0.619329,0.53,1,109354,108902,452
14628721,2.03135,2.01701,452,78840,0.611866,0.6,1,109356,108904,452
14631641,8.40627,8.4034,452,78840,0.634373,0.6,1,109366,108914,452
14634561,4.88125,4.88068,452,78840,0.670875,0.6,1,109370,108918,452
14637481,4.17625,4.17614,452,78840,0.678175,0.64,1,109374,108922,452
14640401,12.8353,11.2352,454,78840,0.663635,0.65,1,109389,108935,454
14643321,10.567,10.247,454,78840,0.636727,0.65,1,109399,108945,454
14646241,3.71341,3.64941,454,78840,0.663345,0.65,1,109401,108947,454
14649161,5.54268,5.52988,454,78840,0.668669,0.65,1,109407,108953,454
14652081,12.3085,12.306,454,78840,0.669734,0.65,1,109421,108967,454
14655001,32.0617,32.8612,453,78840,0.637947,0.65,1,109458,109005,453
14657921,12.8123,13.7722,452,78840,0.631589,0.66,1,109466,109014,452
14660841,8.96247,9.15445,452,78840,0.654318,0.61,1,109474,109022,452
14663761,7.39249,13.8309,444,78840,0.642864,0.57,1,109481,109037,444
14666681,8.6785,4.36618,451,78840,0.632573,0.49,1,109490,109039,451
14669601,4.9357,4.07324,451,78840,0.598515,0.6,1,109494,109043,451
14672521,4.18714,5.61465,449,78840,0.647703,0.64,1,109498,109049,449
14675441,2.43743,2.72293,449,78840,0.625541,0.66,1,109500,109051,449
14678361,206.887,202.945,454,78840,0.669108,0.66,1,109758,109304,454
14681281,50.9775,50.1889,454,78840,0.725822,0.67,1,109770,109316,454
14684201,14.9955,14.8378,454,78840,0.705164,0.65,1,109776,109322,454
14687121,10.9991,10.9676,454,78840,0.709033,0.69,1,109786,109332,454
14690041,3.79982,3.79351,454,78840,0.709807,0.68,1,109788,109334,454
14692961,3.95996,3.9587,454,78840,0.709961,0.65,1,109792,109338,454
14695881,3.99199,5.59174,452,78840,0.717992,0.69,1,109796,109344,452
14698801,5.5984,5.91835,452,78840,0.711598,0.65,1,109802,109350,452
14701721,4.31968,2.78367,454,78840,0.71032,0.61,1,109806,109352,454
14704641,2.46394,2.15673,454,78840,0.710064,0.61,1,109808,109354,454
14707561,2.09279,2.03135,454,78840,0.710013,0.64,1,109810,109356,454
14710481,8.41856,8.40627,454,78840,0.702003,0.68,1,109820,109366,454
14713401,4.88371,4.88125,454,78840,0.7004,0.68,1,109824,109370,454
14716321,4.17674,4.17625,454,78840,0.70008,0.66,1,109828,109374,454
14719241,12.0353,12.8353,453,78840,0.700016,0.63,1,109842,109389,453
14722161,10.4071,10.567,453,78840,0.700003,0.67,1,109852,109399,453
14725081,3.68141,3.71341,453,78840,0.700001,0.67,1,109854,109401,453
14728001,5.53628,5.54268,453,78840,0.708,0.67,1,109860,109407,453
14730921,12.3073,12.3085,453,78840,0.7096,0.63,1,109874,109421,453
14733841,32.0615,32.0617,453,78840,0.68592,0.63,1,109911,109458,453
14736761,12.8123,12.8123,453,78840,0.689184,0.66,1,109919,109466,453
14739681,8.96246,8.96247,453,78840,0.657837,0.64,1,109927,109474,453
14742601,6.59249,7.39249,452,78840,0.651567,0.63,1,109933,109481,452
14745521,8.5185,8.6785,452,78840,0.674313,0.59,1,109942,109490,452
14748441,4.9037,4.9357,452,78840,0.646863,0.66,1,109946,109494,452
14751361,2.58074,4.18714,450,78840,0.617373,0.62,1,109948,109498,450
14754281,3.71615,2.43743,452,78840,0.603474,0.68,1,109952,109500,452
14757201,211.143,206.887,457,78840,0.608695,0.74,1,110215,109758,457
14760121,51.8286,50.9775,457,78840,0.673739,0.7,1,110227,109770,457
14763041,15.1657,14.9955,457,78840,0.686748,0.71,1,110233,109776,457
14765961,11.0331,10.9991,457,78840,0.65735,0.71,1,110243,109786,457
14768881,3.80663,3.79982,457,78840,0.68347,0.71,1,110245,109788,457
14771801,3.96133,3.95996,457,78840,0.696694,0.72,1,110249,109792,457
14774721,3.99227,3.99199,457,78840,0.667339,0.71,1,110253,109796,457
14777641,3.99845,5.5984,455,78840,0.701468,0.71,1,110257,109802,455
14780561,2.39969,4.31968,453,78840,0.676294,0.71,1,110259,109806,453
14783481,2.07994,2.46394,453,78840,0.703259,0.71,1,110261,109808,453
14786401,5.21599,2.09279,457,78840,0.676652,0.7,1,110267,109810,457
14789321,9.0432,8.41856,457,78840,0.60733,0.7,1,110277,109820,457
14792241,5.00864,4.88371,457,78840,0.625466,0.7,1,110281,109824,457
14795161,4.20173,4.17674,457,78840,0.685093,0.7,1,110285,109828,457
14798081,12.0403,12.0353,457,78840,0.697019,0.7,1,110299,109842,457
14801001,10.4081,10.4071,457,78840,0.667404,0.7,1,110309,109852,457
14803921,3.68161,3.68141,457,78840,0.693481,0.71,1,110311,109854,457
14806841,5.53632,5.53628,457,78840,0.698696,0.71,1,110317,109860,457
14809761,12.3073,12.3073,457,78840,0.707739,0.68,1,110331,109874,457
14812681,30.4615,32.0615,455,78840,0.685548,0.69,1,110366,109911,455
14815601,12.4923,12.8123,455,78840,0.66511,0.65,1,110374,109919,455
14818521,8.89846,8.96246,455,78840,0.653022,0.65,1,110382,109927,455
14821441,6.57969,6.59249,455,78840,0.682604,0.68,1,110388,109933,455
14824361,7.71594,8.5185,454,78840,0.656521,0.64,1,110396,109942,454
14827281,6.34319,4.9037,456,78840,0.627304,0.61,1,110402,109946,456
14830201,2.86864,2.58074,456,78840,0.589461,0.6,1,110404,109948,456
14833121,2.17373,3.71615,454,78840,0.621892,0.61,1,110406,109952,454
14836041,211.635,211.143,455,78840,0.868378,0.69,2,110670,110215,455
14838961,51.9269,51.8286,455,78840,0.933676,0.69,2,110682,110227,455
14841881,15.1854,15.1657,455,78840,0.914735,0.65,2,110688,110233,455
14844801,11.0371,11.0331,455,78840,0.910947,0.69,2,110698,110243,455
14847721,3.80742,3.80663,455,78840,0.918189,0.7,2,110700,110245,455
14850641,3.96148,3.96133,455,78840,0.919638,0.66,2,110704,110249,455
14853561,3.9923,3.99227,455,78840,0.919928,0.71,2,110708,110253,455
14856481,3.99846,3.99845,455,78840,0.919986,0.67,2,110712,110257,455
14859401,2.39969,2.39969,455,78840,0.919997,0.71,2,110714,110259,455
14862321,2.07994,2.07994,455,78840,0.927999,0.67,2,110716,110261,455
14865241,2.01599,5.21599,451,78840,0.9296,0.59,2,110718,110267,451
14868161,11.6032,9.0432,455,78840,0.91392,0.63,2,110732,110277,455
14871081,5.52064,5.00864,455,78840,0.910784,0.7,2,110736,110281,455
14874001,4.30413,4.20173,455,78840,0.902157,0.7,2,110740,110285,455
14876921,12.0608,12.0403,455,78840,0.900431,0.66,2,110754,110299,455
14879841,10.4122,10.4081,455,78840,0.900086,0.7,2,110764,110309,455
14882761,3.68243,3.68161,455,78840,0.900017,0.7,2,110766,110311,455
14885681,5.53649,5.53632,455,78840,0.900003,0.71,2,110772,110317,455
14888601,12.3073,12.3073,455,78840,0.908001,0.68,2,110786,110331,455
14891521,30.4615,30.4615,455,78840,0.8616,0.66,2,110821,110366,455
14894441,12.4923,12.4923,455,78840,0.80432,0.65,2,110829,110374,455
14897361,8.89846,8.89846,455,78840,0.832864,0.69,2,110837,110382,455
14900281,6.57969,6.57969,455,78840,0.838573,0.65,2,110843,110388,455
14903201,6.91594,7.71594,454,78840,0.855715,0.62,2,110850,110396,454
14906121,4.58319,6.34319,452,78840,0.859143,0.58,2,110854,110402,452
14909041,4.11664,2.86864,454,78840,0.795829,0.63,2,110858,110404,454
14911961,2.42333,2.17373,454,78840,0.751166,0.93,2,110860,110406,454
14914881,222.085,211.635,467,78840,0.894233,0.95,2,111137,110670,467
14917801,54.0169,51.9269,467,78840,0.898847,0.91,2,111149,110682,467
15389381,13,8,485,70080,0.87,1,2,114060,113575,485
15392301,9.8,9.6,484,70080,0.846,0.96,2,114069,113585,484
15395221,5.96,8.32,481,70080,0.8892,1,2,114074,113593,481
15398141,4.392,5.664,480,70080,0.89784,0.97,2,114078,113598,480
15401061,2.4784,4.3328,478,70080,0.915568,1,2,114080,113602,478
15403981,5.29568,4.06656,480,70080,0.871114,1,2,114086,113606,480
15406901,8.25914,5.61331,483,70080,0.830223,1,2,114095,113612,483
15409821,9.65183,7.52266,485,70080,0.798045,1,2,114105,113620,485
15412741,6.73037,7.10453,484,70080,0.799609,1,2,114111,113627,484
15415661,6.14607,6.22091,484,70080,0.831922,1,2,114117,113633,484
15418581,6.02921,8.44418,481,70080,0.846384,1,2,114123,113642,481
15421501,6.00584,12.8888,473,70080,0.849277,1,2,114129,113656,473
15424421,54.8012,8.97777,532,70080,0.881855,1,2,114196,113664,532
15427341,18.9602,15.3956,525,70080,0.888371,1,2,114206,113681,525
15430261,17.392,11.0791,532,70080,0.873674,1,2,114223,113691,532
15433181,15.4784,7.01582,541,70080,0.846735,1,2,114238,113697,541
15436101,11.8957,9.40316,542,70080,0.833347,1,2,114249,113707,542
15439021,68.7791,6.68063,619,70080,0.790669,1,2,114332,113713,619
15441941,108.956,129.336,578,70080,0.646134,1,1,114451,113873,578
15444861,36.1912,114.667,485,70080,0.569227,1,1,114469,113984,485
15447781,27.2382,30.1334,501,70080,0.497845,1,1,114494,113993,501
15450701,14.2476,22.8267,491,70080,0.451569,0.99,1,114505,114014,491
15453621,9.24953,14.9653,486,70080,0.434314,0.87,1,114513,114027,486
15456541,6.64991,18.9931,472,68620,0.414863,0.87,1,114519,114047,472
15459461,11.73,14.1986,472,68620,0.378973,0.84,1,114532,114060,472
15462381,7.146,10.0397,469,68620,0.339795,0.9,1,114538,114069,469
15465301,4.6292,6.00794,468,68620,0.315959,0.9,1,114542,114074,468
15468221,2.52584,4.40159,466,68620,0.343192,0.92,1,114544,114078,466
15471141,2.10517,2.48032,466,68620,0.348638,0.86,1,114546,114080,466
15474061,5.22103,5.29606,466,68620,0.301728,0.82,1,114552,114086,466
15476981,5.84421,8.25921,463,68620,0.292346,0.79,1,114558,114095,463
15479901,9.16884,9.65184,463,68620,0.290469,0.8,1,114568,114105,463
15482821,8.23377,6.73037,465,68620,0.290094,0.84,1,114576,114111,465
15485741,6.44675,6.14607,465,68620,0.274019,0.85,1,114582,114117,465
15488661,6.08935,6.02921,465,68620,0.270804,0.85,1,114588,114123,465
15491581,6.01787,6.00584,465,68620,0.270161,0.89,1,114594,114129,465
15494501,55.6036,54.8012,466,68620,0.270032,0.89,1,114662,114196,466
15497421,17.5207,18.9602,464,68620,0.270006,0.87,1,114670,114206,464
15500341,14.7041,17.392,461,68620,0.270001,0.84,1,114684,114223,461
15503261,15.7408,15.4784,462,68620,0.254,0.83,1,114700,114238,462
15506181,11.1482,11.8957,461,68620,0.2188,0.78,1,114710,114249,461
15509101,68.6296,68.7791,461,68620,0.10776,0.61,1,114793,114332,461
15512021,100.926,108.956,451,68620,0.045552,0.55,1,114902,114451,451
15514941,32.1852,36.1912,448,68620,0.0331104,0.48,1,114917,114469,448
15517861,22.437,27.2382,443,68620,0.806622,0.44,2,114937,114494,443
15582101,15,109,436,68620,0.58,0.03,1,115338,114902,436
15585021,51.8,33.8,482,68620,0.452,1,1,115399,114917,482
15587941,19.96,22.76,474,68620,0.5704,1,1,115411,114937,474
15590861,12.792,13.352,474,68620,0.57808,1,1,115422,114948,474
15593781,9.7584,10.6704,473,68620,0.539616,1,1,115431,114958,473
15596701,7.55168,10.1341,470,68620,0.563923,1,1,115438,114968,470
15599621,21.5103,6.82682,489,68620,0.536785,1,1,115463,114974,489
15602541,7.50207,3.76536,490,68620,0.459357,1,1,115467,114977,490
15605461,8.70041,2.35307,497,68620,0.523871,1,1,115476,114979,497
15608381,6.54008,2.07061,501,68620,0.496774,1,1,115482,114981,501
15611301,6.10802,5.21412,501,68620,0.435355,0.96,1,115488,114987,501
15614221,7.6216,5.84282,503,68620,0.551071,0.98,1,115496,114993,503
15617141,5.52432,9.16856,498,68620,0.582214,0.95,1,115501,115003,498
15620061,5.90486,7.43371,497,68620,0.596443,0.97,1,115507,115010,497
15622981,5.98097,6.28674,497,68620,0.631289,1,1,115513,115016,497
15625901,5.99619,6.05735,497,68620,0.638258,1,1,115519,115022,497
15628821,53.1992,6.01147,556,68620,0.615651,1,1,115584,115028,556
15631741,17.0398,54.0023,498,68620,0.61113,0.97,1,115592,115094,498
15634661,13.808,17.2005,503,68620,0.626226,0.99,1,115605,115102,503
15637581,12.3616,14.6401,501,68620,0.629245,1,1,115617,115116,501
15640501,9.67232,14.928,495,68620,0.613849,1,1,115626,115131,495
15643421,47.5345,10.1856,543,68620,0.59477,0.76,1,115683,115140,543
15646341,80.7069,63.6371,555,68620,0.590954,0.64,1,115772,115217,555
15649261,25.7414,97.5274,461,68620,0.614191,0.58,1,115784,115323,461
15652181,56.3483,31.5055,510,68620,0.522838,0.42,1,115848,115338,510
15655101,20.8697,55.1011,461,68620,0.624568,0.6,1,115860,115399,461
15658021,12.1739,20.6202,459,67160,0.692914,0.58,1,115870,115411,459
15660941,8.83479,12.924,456,67160,0.658583,0.53,1,115878,115422,456
15663861,7.36696,9.78481,454,67160,0.643717,0.57,1,115885,115431,454
15666781,22.2734,7.55696,473,67160,0.640743,0.53,1,115911,115438,473
15669701,6.85468,21.5114,451,67160,0.592149,0.44,1,115914,115463,451
15672621,3.77094,7.50228,450,67160,0.53443,0.54,1,115917,115467,450
15675541,12.7542,8.70046,456,67160,0.698886,0.49,1,115932,115476,456
15678461,7.35084,6.54009,456,67160,0.643777,0.42,1,115938,115482,456
15681381,7.87017,6.10802,458,67160,0.680755,0.58,1,115946,115488,458
15684301,6.37403,7.6216,456,67160,0.728151,0.59,1,115952,115496,456
15687221,6.07481,5.52432,457,67160,0.74563,0.6,1,115958,115501,457
15690141,6.01496,5.90486,457,67160,0.757126,0.64,2,115964,115507,457
15693061,6.80299,5.98097,458,67160,0.783425,0.64,2,115971,115513,458
15695981,52.5606,5.99619,516,67160,0.724685,0.61,1,116035,115519,516
15698901,16.9121,53.1992,459,67160,0.712937,0.61,1,116043,115584,459
15701821,14.5824,17.0398,465,67160,0.710587,0.63,1,116057,115592,465
15704741,12.5165,13.808,464,67160,0.710118,0.63,1,116069,115605,464
15707661,8.9033,12.3616,460,67160,0.710024,0.61,1,116077,115617,460
15710581,46.5807,9.67232,507,67160,0.710005,0.59,1,116133,115626,507
15713501,80.5161,47.5345,539,67160,0.726001,0.59,1,116222,115683,539
15716421,27.3032,80.7069,464,67160,0.6972,0.62,1,116236,115772,464
15719341,54.2606,25.7414,513,67160,0.65944,0.5,1,116297,115784,513
15722261,26.8521,56.3483,469,67160,0.651888,0.71,1,116317,115848,469
15725181,11.7704,28.8697,455,65700,0.666378,0.65,1,116325,115870,455
15728101,8.75409,12.1739,455,65700,0.693276,0.64,1,116333,115878,455
15731021,8.15082,8.03479,456,65700,0.666655,0.64,1,116341,115885,456
15733941,21.6302,22.407,455,65700,0.653331,0.58,1,116366,115911,455
15736861,9.12603,6.88139,458,65700,0.610666,0.52,1,116372,115914,458
15739781,3.42521,3.77628,457,65700,0.570133,0.74,1,116374,115917,457
15742701,12.685,12.7553,457,65700,0.626027,0.63,1,116389,115932,457
15745621,8.93701,7.35105,459,65700,0.629205,0.69,1,116397,115938,459
15748541,8.1874,7.87021,459,65700,0.653841,0.74,1,116405,115946,459
15751461,6.43748,6.37404,459,65700,0.658768,0.75,1,116411,115952,459
15754381,6.0875,6.07481,459,65700,0.699754,0.76,1,116417,115958,459
15757301,6.0175,6.01496,459,65700,0.707951,0.79,1,116423,115964,459
15760221,6.0035,6.80299,458,65700,0.71759,0.71,1,116429,115971,458
15763141,51.6007,52.5606,457,65700,0.711518,0.71,1,116492,116035,457
15766061,16.7201,16.9121,457,65700,0.710304,0.71,1,116500,116043,457
15768981,14.544,14.5824,457,65700,0.710061,0.71,1,116514,116057,457
15771901,12.5088,12.5165,457,65700,0.742012,0.71,1,116526,116069,457
15774821,8.90176,8.9033,457,65700,0.716402,0.71,1,116534,116077,457
15777741,46.5804,46.5807,457,65700,0.71128,0.73,1,116590,116133,457
15780661,81.3161,80.5161,458,65700,0.726256,0.69,1,116680,116222,458
15783581,27.4632,27.3032,458,65700,0.761251,0.65,2,116694,116236,458
15786501,54.2926,54.2606,458,65700,0.68025,0.65,1,116755,116297,458
15789421,30.0585,26.8521,462,65700,0.65605,0.67,1,116779,116317,462
15792341,10.8117,11.7704,460,65700,0.65921,0.7,1,116785,116325,460
15795261,6.96234,8.75409,458,65700,0.667842,0.66,1,116791,116333,458
15798181,18.9925,8.15082,472,65700,0.549568,0.65,1,116813,116341,472
15801101,14.9985,21.6302,461,65700,0.613914,0.6,1,116827,116366,461
15804021,4.5997,9.12603,457,65700,0.594783,0.56,1,116829,116372,457
15806941,10.5199,3.42521,467,65700,0.582957,0.64,1,116841,116374,467
15809861,10.104,12.685,462,65700,0.556591,0.63,1,116851,116389,462
15812781,9.2208,8.93701,463,65700,0.559318,0.66,1,116860,116397,463
15815701,7.44416,8.1874,462,65700,0.591864,0.66,1,116867,116405,462
15818621,6.28883,6.43748,462,65700,0.566373,0.71,1,116873,116411,462
15821541,6.05777,6.0875,462,65700,0.577275,0.71,1,116879,116417,462
15824461,6.01155,6.0175,462,65700,0.579455,0.72,1,116885,116423,462
15827381,51.6023,6.0035,519,65700,0.571891,0.71,1,116948,116429,519
15830301,16.7205,51.6007,464,65700,0.570378,0.71,1,116956,116492,464
15833221,14.5441,16.7201,470,65700,0.570076,0.71,1,116970,116500,470
15836141,12.5088,14.544,468,65700,0.570015,0.75,1,116982,116514,468
15839061,8.90176,12.5088,464,65700,0.570003,0.71,1,116990,116526,464
15841981,46.5804,8.90176,512,65700,0.570001,0.71,1,117046,116534,512
15844901,82.1161,46.5804,547,65700,0.586,0.73,1,117137,116590,547
15847821,26.0232,81.3161,469,65700,0.5892,0.77,1,117149,116680,469
15850741,46.8046,27.4632,507,65700,0.52584,0.66,1,117201,116694,507
15853661,35.7609,54.2926,479,65700,0.585168,0.65,1,117234,116755,479
15856581,11.9522,30.0585,461,65700,0.541034,0.66,1,117240,116779,461
15859501,7.19044,10.8117,461,65700,0.564207,0.67,1,117246,116785,461
15862421,15.8381,6.96234,473,65700,0.512841,0.52,1,117264,116791,473
15865341,11.9676,18.9925,462,65700,0.566568,0.63,1,117275,116813,462
15868261,3.99352,14.9985,450,65700,0.545314,0.59,1,117277,116827,450
15871181,8.7987,4.5997,458,65700,0.581063,0.58,1,117287,116829,458
15874101,10.5597,10.5199,457,65700,0.580213,0.55,1,117298,116841,457
15877021,11.7119,10.104,459,65700,0.596043,0.56,1,117310,116851,459
15879941,8.74239,9.2208,458,65700,0.583209,0.6,1,117318,116860,458
15882861,6.54848,7.44416,457,65700,0.620642,0.56,1,117324,116867,457
15885781,6.1097,6.28883,457,65700,0.604128,0.58,1,117330,116873,457
15888701,6.02194,6.05777,457,65700,0.624826,0.58,1,117336,116879,457
15891621,50.0044,6.01155,512,65700,0.612965,0.57,1,117397,116885,512
15894541,16.4009,51.6023,457,65700,0.610593,0.57,1,117405,116948,457
15897461,14.4802,16.7205,463,65700,0.610119,0.57,1,117419,116956,463
15900381,12.496,14.5441,461,65700,0.610024,0.57,1,117431,116970,461
15903301,8.89921,12.5088,457,65700,0.610005,0.57,1,117439,116982,457
15906221,46.5798,8.90176,505,65700,0.610001,0.57,1,117495,116990,505
15909141,82.916,46.5804,541,65700,0.61,0.59,1,117587,117046,541
15912061,26.1832,82.1161,462,65700,0.61,0.59,1,117599,117137,462
15914981,45.2366,26.0232,500,65700,0.594,0.51,1,117649,117149,500
15917901,37.0473,46.8046,483,65700,0.4948,0.6,1,117684,117201,483
15920821,12.2095,35.7609,456,65700,0.57096,0.53,1,117690,117234,456
15923741,7.24189,11.9522,456,65700,0.562192,0.57,1,117696,117240,456
15926661,14.2484,7.19044,466,65700,0.568438,0.5,1,117712,117246,466
15929581,13.2497,15.8381,461,65700,0.585688,0.58,1,117725,117264,461
15932501,4.24994,11.9676,452,65700,0.565138,0.54,1,117727,117275,452
15935421,8.04999,3.99352,459,65700,0.601027,0.59,1,117736,117277,459
15938341,12.01,8.7987,462,65700,0.600205,0.58,1,117749,117287,462
15941261,12.002,10.5597,463,65700,0.536041,0.6,1,117761,117298,463
15944181,7.2004,11.7119,457,65700,0.611208,0.58,1,117767,117310,457
15947101,7.04008,8.74239,456,65700,0.586242,0.63,1,117774,117318,456
15950021,7.00802,6.54848,457,65700,0.589248,0.6,1,117781,117324,457
15952941,6.2016,6.1097,457,65700,0.60585,0.63,1,117787,117330,457
15955861,50.0403,6.02194,512,65700,0.59317,0.61,1,117848,117336,512
15958781,16.4081,50.0044,459,65700,0.590634,0.61,1,117856,117397,459
15961701,14.4816,16.4009,465,65700,0.590127,0.61,1,117870,117405,465
15964621,12.4963,14.4802,463,65700,0.590025,0.61,1,117882,117419,463
15967541,8.89926,12.496,459,65700,0.590005,0.61,1,117890,117431,459
15970461,46.5799,8.89921,507,65700,0.590001,0.61,1,117946,117439,507
15973381,82.916,46.5798,543,65700,0.59,0.61,1,118038,117495,543
15976301,26.1832,82.916,463,65700,0.59,0.61,1,118050,117587,463
15979221,40.4366,26.1832,495,65700,0.598,0.59,1,118094,117599,495
15982141,40.0873,45.2366,485,65700,0.5516,0.47,1,118134,117649,485
15985061,14.4175,37.0473,458,65700,0.49432,0.59,1,118142,117684,458
15987981,7.68349,12.2095,458,65700,0.538864,0.56,1,118148,117690,458
15990901,14.3367,7.24189,468,65700,0.579773,0.57,1,118164,117696,468
15993821,11.6673,14.2484,463,65700,0.603955,0.59,1,118175,117712,463
15996741,3.93347,13.2497,452,65700,0.576791,0.56,1,118177,117725,452
15999661,7.18669,4.24994,458,65700,0.515358,0.61,1,118185,117727,458
16002581,9.43734,8.04999,459,65700,0.575072,0.6,1,118195,117736,459
16005501,15.4875,12.01,463,65700,0.523014,0.52,1,118212,117749,463
16008421,7.89749,12.002,457,65700,0.568603,0.63,1,118218,117761,457
16011341,7.9795,7.2004,459,65700,0.577721,0.58,1,118226,117767,459
16014261,7.1959,7.04008,459,65700,0.563544,0.59,1,118233,117774,459
16017181,6.23918,7.00802,458,65700,0.576709,0.61,1,118239,117781,458
16020101,48.4478,6.2016,511,65700,0.587342,0.59,1,118298,117787,511
16023021,16.0896,50.0403,458,65700,0.589468,0.59,1,118306,117848,458
16025941,14.4179,16.4081,464,65700,0.589894,0.59,1,118320,117856,464
16028861,12.4836,14.4816,462,65700,0.589979,0.59,1,118332,117870,462
16031781,8.89672,12.4963,458,65700,0.589996,0.59,1,118340,117882,458
16034701,46.5793,8.89926,506,65700,0.589999,0.59,1,118396,117890,506
16037621,82.9159,46.5799,542,65700,0.59,0.59,1,118488,117946,542
16040541,26.9832,82.916,463,65700,0.606,0.59,1,118501,118038,463
16043461,37.3966,26.1832,491,65700,0.4252,0.6,1,118541,118050,491
16046381,38.6793,40.4366,486,65700,0.46904,0.54,1,118580,118094,486
16049301,17.3359,40.0873,458,65700,0.533808,0.48,1,118592,118134,458
16052221,8.26717,14.4175,456,65700,0.466762,0.55,1,118598,118142,456
16055141,7.25343,7.68349,457,65700,0.541352,0.59,1,118605,118148,457
16058061,15.0507,14.3367,458,65700,0.54027,0.61,1,118622,118164,458
16060981,4.61014,11.6673,449,65700,0.548054,0.57,1,118624,118175,449
16063901,10.522,3.93347,459,65700,0.533611,0.5,1,118636,118177,459
16066821,9.30441,7.18669,460,65700,0.482722,0.59,1,118645,118185,460
16069741,16.2609,9.43734,468,65700,0.392544,0.51,1,118663,118195,468
16072661,8.05218,15.4875,457,65700,0.462509,0.58,1,118669,118212,457
16075581,8.01044,7.89749,459,65700,0.468502,0.58,1,118677,118218,459
16078501,6.40209,7.9795,457,65700,0.4777,0.56,1,118683,118226,457
16081421,6.08042,7.1959,456,65700,0.47954,0.58,1,118689,118233,456
16084341,48.4161,6.23918,509,65700,0.439908,0.59,1,118748,118239,509
16087261,16.0832,48.4478,458,65700,0.431982,0.59,1,118756,118298,458
16090181,14.4166,16.0896,464,65700,0.430396,0.59,1,118770,118306,464
16093101,12.4833,14.4179,462,65700,0.430079,0.59,1,118782,118320,462
16096021,8.89667,12.4836,458,65700,0.430016,0.59,1,118790,118332,458
16098941,46.5793,8.89672,506,65700,0.430003,0.59,1,118846,118340,506
16101861,82.9159,46.5793,542,65700,0.414001,0.59,1,118938,118396,542
16104781,26.1832,82.9159,462,65700,0.4108,0.61,1,118950,118488,462
16107701,36.4366,26.9832,488,65700,0.38616,0.38,1,118989,118501,488
16110621,37.6873,37.3966,486,65700,0.421232,0.48,1,119027,118541,486
16113541,17.9375,38.6793,460,65700,0.420246,0.55,1,119040,118580,460
16116461,8.38749,17.3359,454,65700,0.420049,0.45,1,119046,118592,454
16119381,6.4775,8.26717,454,65700,0.38801,0.56,1,119052,118598,454
16122301,8.4955,7.25343,456,65700,0.453602,0.54,1,119061,118605,456
16125221,8.8991,15.0507,448,65700,0.34672,0.55,1,119070,118622,448
16128141,8.17982,4.61014,454,65700,0.397344,0.53,1,119078,118624,454
16131061,11.236,10.522,454,65700,0.431469,0.47,1,119090,118636,454
16133981,15.8472,9.30441,462,65700,0.430294,0.37,1,119107,118645,462
16136901,7.96944,16.2609,450,65700,0.422059,0.48,1,119113,118663,450
16139821,7.99389,8.05218,452,65700,0.444412,0.47,1,119121,118669,452
16142741,6.39878,8.01044,450,65700,0.456882,0.48,1,119127,118677,450
16145661,6.07976,6.40209,450,65700,0.467376,0.48,1,119133,118683,450
16148581,46.816,6.08042,501,65700,0.485475,0.43,1,119190,118689,501
16151501,15.7632,48.4161,450,65700,0.489095,0.43,1,119198,118748,450
16154421,14.3526,16.0832,456,65700,0.489819,0.43,1,119212,118756,456
16157341,12.4705,14.4166,454,65700,0.489964,0.43,1,119224,118770,454
16160261,8.89411,12.4833,450,65700,0.489993,0.43,1,119232,118782,450
16163181,46.5788,8.89667,498,65700,0.489999,0.43,1,119288,118790,498
16166101,82.1158,46.5793,533,65700,0.474,0.41,1,119379,118846,533
16169021,26.0232,82.9159,453,65700,0.4708,0.41,1,119391,118938,453
16171941,37.2046,26.1832,481,65700,0.46216,0.38,1,119431,118950,481
16174861,37.8409,36.4366,480,65700,0.404432,0.43,1,119469,118989,480
16177781,15.5682,37.6873,452,65700,0.432886,0.42,1,119479,119027,452
16180701,10.3136,17.9375,448,65700,0.422577,0.42,1,119488,119040,448
16183621,7.66273,8.38749,449,65700,0.452515,0.38,1,119495,119046,449
16186541,3.13255,6.4775,445,65700,0.458503,0.47,1,119497,119052,445
16189461,11.8265,8.4955,450,65700,0.467701,0.32,1,119511,119061,450
16192381,10.3653,8.8991,451,65700,0.43754,0.41,1,119521,119070,451
16195301,10.8731,8.17982,454,65700,0.399508,0.44,1,119532,119078,454
16198221,14.1746,11.236,457,65700,0.431902,0.43,1,119547,119090,457
16201141,10.8349,15.8472,450,65700,0.43038,0.42,1,119557,119107,450
16204061,8.56698,7.96944,452,65700,0.422076,0.45,1,119565,119113,452
16206981,6.5134,7.99389,450,65700,0.420415,0.46,1,119571,119121,450
16209901,6.10268,6.39878,450,65700,0.428083,0.47,1,119577,119127,450
16212821,47.6205,6.07976,502,65700,0.429617,0.49,1,119635,119133,502
16215741,15.9241,46.816,453,65700,0.429923,0.49,1,119643,119190,453
16218661,14.3848,15.7632,459,65700,0.429985,0.49,1,119657,119198,459
16221581,12.477,14.3526,457,65700,0.429997,0.49,1,119669,119212,457
16224501,8.89539,12.4705,453,65700,0.429999,0.49,1,119677,119224,453
16227421,46.5791,8.89411,501,65700,0.43,0.49,1,119733,119232,501
16230341,81.3158,46.5788,535,65700,0.446,0.47,1,119823,119288,535
16233261,25.8632,82.1158,456,65700,0.4492,0.47,1,119835,119379,456
16236181,36.3726,26.0232,483,65700,0.36984,0.46,1,119874,119391,483
16239101,37.6745,37.2046,481,65700,0.417968,0.39,1,119912,119431,481
16242021,13.9349,37.8409,451,65700,0.427594,0.44,1,119920,119469,451
16244941,11.587,15.5682,452,65700,0.453519,0.42,1,119931,119479,452
16247861,7.9174,10.3136,450,65700,0.434704,0.46,1,119938,119488,450
16250781,3.18348,7.66273,445,65700,0.438941,0.46,1,119940,119495,445
16253701,11.8367,3.13255,457,65700,0.423788,0.47,1,119954,119497,457
16256621,7.96734,11.8265,450,65700,0.356758,0.43,1,119961,119511,450
16259541,12.7935,10.3653,454,65700,0.431352,0.39,1,119975,119521,454
16262461,14.5587,10.8731,458,65700,0.42227,0.44,1,119990,119532,458
16265381,10.1117,14.1746,452,65700,0.428454,0.43,1,119999,119547,452
16268301,8.42235,10.8349,450,65700,0.421691,0.42,1,120007,119557,450
16271221,6.48447,8.56698,448,65700,0.436338,0.42,1,120013,119565,448
16274141,6.09689,6.5134,448,65700,0.431268,0.43,1,120019,119571,448
16277061,47.6194,6.10268,500,65700,0.430254,0.43,1,120077,119577,500
16279981,15.9239,47.6205,450,65700,0.430051,0.43,1,120085,119635,450
16282901,14.3848,15.9241,456,65700,0.43001,0.43,1,120099,119643,456
16285821,12.477,14.3848,454,65700,0.430002,0.43,1,120111,119657,454
16288741,8.89539,12.477,450,65700,0.43,0.43,1,120119,119669,450
16291661,46.5791,8.89539,498,65700,0.43,0.43,1,120175,119677,498
16294581,82.1158,46.5791,533,65700,0.414,0.45,1,120266,119733,533
16297501,26.0232,81.3158,455,65700,0.4108,0.45,1,120278,119823,455
16300421,36.4046,25.8632,482,65700,0.38616,0.35,1,120317,119835,482
16303341,36.0809,36.3726,479,65700,0.437232,0.43,1,120353,119874,479
16306261,15.2162,37.6745,451,65700,0.399446,0.43,1,120363,119912,451
16309181,11.0432,13.9349,453,65700,0.399889,0.46,1,120373,119920,453
16312101,6.20865,11.587,447,65700,0.407978,0.43,1,120378,119931,447
16315021,4.44173,7.9174,444,65700,0.417596,0.44,1,120382,119938,444
16317941,11.2883,3.18348,455,65700,0.411519,0.42,1,120395,119940,455
16320861,8.65767,11.8367,449,65700,0.418304,0.34,1,120403,119954,449
16323781,9.73153,7.96734,452,65700,0.427661,0.45,1,120413,119961,452
16326701,16.3463,12.7935,456,65700,0.421532,0.42,1,120431,119975,456
16329621,11.2693,14.5587,451,65700,0.444306,0.43,1,120441,119990,451
16332541,8.65385,10.1117,450,65700,0.448861,0.42,1,120449,119999,450
16335461,6.53077,8.42235,448,65700,0.625772,0.44,1,120455,120007,448
16338381,6.10615,6.48447,448,65700,0.661155,0.43,1,120461,120013,448
16341301,47.6212,6.09689,500,65700,0.652231,0.43,1,120519,120019,500
16344221,15.9242,47.6194,450,65700,0.650446,0.43,1,120527,120077,450
16347141,14.3848,15.9239,456,65700,0.650089,0.43,1,120541,120085,456
16350061,12.477,14.3848,454,65700,0.650018,0.43,1,120553,120099,454
16352981,8.89539,12.477,450,65700,0.650004,0.43,1,120561,120111,450
16355901,46.5791,8.89539,498,65700,0.650001,0.43,1,120617,120119,498
16358821,81.3158,46.5791,532,65700,0.65,0.41,1,120707,120175,532
16361741,25.8632,82.1158,453,65700,0.65,0.41,1,120719,120266,453
16364661,37.1726,26.0232,481,65700,0.586,0.38,1,120759,120278,481
16367581,34.6345,36.4046,476,65700,0.6052,0.45,1,120793,120317,476
16370501,15.7269,36.0809,451,65700,0.64104,0.39,1,120804,120353,451
16373421,11.1454,15.2162,451,65700,0.632208,0.4,1,120814,120363,451
16376341,6.22908,11.0432,446,65700,0.662442,0.41,1,120819,120373,446
16379261,6.04582,6.20865,447,65700,0.668488,0.42,1,120825,120378,447
16382181,10.0092,4.44173,454,65700,0.669698,0.41,1,120836,120382,454
16385101,10.0018,11.2883,451,65700,0.50194,0.42,1,120846,120395,451
16388021,10.0004,8.65767,453,65700,0.620388,0.43,1,120856,120403,453
16390941,17.2001,9.73153,462,65700,0.588078,0.42,1,120875,120413,462
16393861,10.64,16.3463,453,65700,0.629616,0.45,1,120884,120431,453
16396781,16.528,11.2693,461,65700,0.677923,0.45,1,120902,120441,461
16399701,8.1056,8.65385,459,65700,0.711585,0.67,1,120908,120449,459
16402621,6.42112,6.53077,459,65700,0.702317,0.67,1,120914,120455,459
16405541,47.6842,6.10615,511,65700,0.708463,0.65,1,120972,120461,511
16408461,15.9368,47.6212,461,65700,0.709693,0.65,1,120980,120519,461
16411381,14.3874,15.9242,467,65700,0.709939,0.65,1,120994,120527,467
16414301,12.4775,14.3848,465,65700,0.725988,0.65,1,121006,120541,465
16417221,8.89549,12.477,461,65700,0.729198,0.65,1,121014,120553,461
16420141,46.5791,8.89539,509,65700,0.72984,0.65,1,121070,120561,509
16423061,81.3158,46.5791,543,65700,0.777968,0.65,2,121160,120617,543
16425981,25.8632,81.3158,465,65700,0.787594,0.65,2,121172,120707,465
16428901,35.5726,25.8632,491,65700,0.741519,0.57,1,121210,120719,491
16431821,35.9145,37.1726,487,65700,0.756304,0.61,2,121246,120759,487
16434741,15.1829,34.6345,463,65700,0.751261,0.65,2,121256,120793,463
16437661,11.8366,15.7269,463,65700,0.766252,0.63,2,121267,120804,463
16440581,5.56732,11.1454,457,65700,0.78525,0.67,2,121271,120814,457
16443501,5.91346,6.22908,458,65700,0.76505,0.67,2,121277,120819,458
16446421,2.78269,6.04582,454,65700,0.76101,0.67,2,121279,120825,454
16449341,16.5565,10.0092,463,65700,0.760202,0.46,2,121299,120836,463
16452261,11.3113,10.0018,463,65700,0.78404,0.65,2,121309,120846,463
16455181,16.6623,10.0004,471,65700,0.772808,0.58,2,121327,120856,471
16458101,11.3325,17.2001,462,65700,0.778562,0.64,2,121337,120875,462
16461021,19.0665,10.64,474,65700,0.811712,0.69,2,121358,120884,474
16463941,8.6133,16.528,462,65700,0.866342,0.72,2,121364,120902,462
16466861,6.52266,8.1056,462,65700,0.917269,0.7,2,121370,120908,462
16469781,47.7045,6.42112,514,65700,0.927454,0.71,2,121428,120914,514
16472701,15.9409,47.6842,464,65700,0.929491,0.71,2,121436,120972,464
16475621,15.1882,15.9368,471,65700,0.945898,0.71,2,121451,120980,471
16478541,12.6376,14.3874,469,65700,0.91718,0.73,2,121463,120994,469
16481461,8.92753,12.4775,465,65700,0.911436,0.73,2,121471,121006,465
16484381,46.5855,8.89549,513,65700,0.910287,0.73,2,121527,121014,513
16487301,83.7171,46.5791,550,65700,0.910057,0.79,2,121620,121070,550
16490221,26.3434,81.3158,472,65700,0.910012,0.79,2,121632,121160,472
16493141,33.2687,25.8632,495,65700,0.926002,0.73,2,121667,121172,495
16496061,37.0537,35.5726,495,64240,0.8812,0.76,2,121705,121210,495
16498981,15.4107,35.9145,469,64240,0.88024,0.75,2,121715,121246,469
16501901,12.6821,15.1829,471,64240,0.888048,0.77,2,121727,121256,471
16504821,5.73643,11.8366,464,64240,0.87361,0.79,2,121731,121267,464
16507741,5.94729,5.56732,466,64240,0.870722,0.76,2,121737,121271,466
16510661,2.78946,5.91346,462,64240,0.870144,0.76,2,121739,121277,462
16513581,16.5579,2.78269,480,64240,0.862029,0.76,2,121759,121279,480
16516501,11.3116,16.5565,470,64240,0.876406,0.79,2,121769,121299,470
16519421,16.6623,11.3113,478,64240,0.871281,0.77,2,121787,121309,478
16522341,10.5325,16.6623,469,64240,0.894256,0.78,2,121796,121327,469
16563221,10,10,467,62780,0.91,0.89,2,122182,121715,467
16566141,10.8,11.6,466,62780,0.934,0.87,2,122193,121727,466
16569061,5.36,5.52,466,62780,0.9388,0.87,2,122197,121731,466
16571981,5.872,5.904,466,62780,0.91576,0.87,2,122203,121737,466
16574901,2.7744,2.7808,466,62780,0.951152,0.86,2,122205,121739,466
16577821,16.5549,16.5562,466,62780,0.93423,0.88,2,122225,121759,466
16589501,35,29,470,62780,0.92,0.98,2,122295,121825,470
16592421,11.8,10.6,470,62780,0.928,0.97,2,122301,121831,470
16595341,7.16,6.92,470,62780,0.8976,0.95,2,122307,121837,470
16598261,47.032,47.784,469,62780,0.89152,0.95,2,122364,121895,469
16601181,16.6064,15.9568,470,62780,0.874304,0.97,2,122373,121903,470
16604101,14.5213,14.3914,470,62780,0.870861,0.97,2,122387,121917,470
16607021,12.5043,12.4783,470,62780,0.886172,0.97,2,122399,121929,470
16609941,8.90085,8.89565,470,62780,0.857234,0.97,2,122407,121937,470
16612861,46.5802,46.5791,470,62780,0.835447,0.97,2,122463,121993,470
16615781,83.716,83.7158,470,62780,0.879089,0.97,2,122556,122086,470
16618701,26.3432,26.3432,470,62780,0.887818,0.92,2,122568,122098,470
16621621,62.0686,32.4686,507,61320,0.833564,0.88,2,122639,122132,507
16624541,20.4137,38.4937,477,61320,0.798713,0.91,2,122649,122172,477
16627461,12.0827,15.6987,477,61320,0.807743,0.94,2,122659,122182,477
16630381,5.61655,11.9397,470,61320,0.817549,0.94,2,122663,122193,470
16633301,5.92331,5.58795,472,61320,0.81951,0.91,2,122669,122197,472
16636221,2.78466,5.91759,468,61320,0.811902,0.96,2,122671,122203,468
16639141,16.5569,2.78352,486,61320,0.81038,0.93,2,122691,122205,486
16642061,11.3114,16.5567,476,61320,0.794076,0.95,2,122701,122225,476
16644981,15.8623,10.5113,484,61320,0.790815,0.94,2,122718,122234,484
16647901,9.57246,16.5023,474,61320,0.790163,0.95,2,122726,122252,474
16650821,29.1145,9.70045,500,61320,0.790033,0.92,2,122760,122260,500
16653741,10.6229,29.9401,471,61320,0.790006,0.93,2,122766,122295,471
16656661,6.92458,10.788,471,61320,0.790001,0.89,2,122772,122301,471
16659581,45.3849,6.9576,520,61320,0.79,0.89,2,122827,122307,520
16662501,15.477,46.9915,471,61320,0.79,0.87,2,122835,122364,471
16665421,15.0954,16.5983,477,61320,0.822,0.87,2,122850,122373,477
16668341,12.6191,14.5197,475,61320,0.7964,0.89,2,122862,122387,475
16671261,8.92382,12.5039,471,61320,0.79128,0.85,2,122870,122399,471
16674181,45.7848,8.90079,518,61320,0.790256,0.83,2,122925,122407,518
16677101,84.357,46.5802,556,61320,0.742051,0.89,1,123019,122463,556
16680021,26.4714,83.716,475,61320,0.73241,0.82,1,123031,122556,475
16682941,61.2943,83.1432,462,59860,0.714482,0.79,1,123101,122639,462
16685861,21.0589,24.6286,463,59860,0.710896,0.81,1,123112,122649,463
16688781,12.2118,12.9257,463,59860,0.686179,0.82,1,123122,122659,463
16691701,5.64235,5.78515,463,59860,0.713236,0.82,1,123126,122663,463
16694621,5.12847,5.95703,462,59860,0.710647,0.81,1,123131,122669,462
16697541,2.62569,2.79141,462,59860,0.710129,0.81,1,123133,122671,462
16700461,15.7251,16.5583,461,59860,0.694026,0.79,1,123152,122691,461
16703381,11.945,11.3117,462,59860,0.698805,0.79,1,123163,122701,462
16706301,15.189,15.8623,461,59860,0.715761,0.79,1,123179,122718,461
16709221,9.4378,9.57247,461,59860,0.719152,0.79,1,123187,122726,461
16712141,29.0876,29.1145,461,59860,0.69583,0.79,1,123221,122760,461
16715061,10.6175,10.6229,461,59860,0.723166,0.79,1,123227,122766,461
16717981,6.9235,6.92458,461,59860,0.696633,0.79,1,123233,122772,461
16720901,45.3847,45.3849,461,59860,0.691327,0.79,1,123288,122827,461
16723821,15.4769,15.477,461,59860,0.690265,0.83,1,123296,122835,461
16726741,15.0954,15.0954,461,59860,0.690053,0.79,1,123311,122850,461
16729661,12.6191,12.6191,461,59860,0.658011,0.79,1,123323,122862,461
16732581,8.92382,8.92382,461,59860,0.651602,0.79,1,123331,122870,461
16735501,45.7848,45.7848,461,59860,0.63432,0.73,1,123386,122925,461
16738421,81.957,84.357,458,59860,0.678864,0.73,1,123477,123019,458
16741341,80.3914,26.4714,526,59860,0.671773,0.71,1,123557,123031,526
16744261,24.0783,61.2943,466,59860,0.678355,0.71,1,123567,123101,466
16747181,12.8157,21.0589,465,59860,0.679671,0.68,1,123577,123112,465
16750101,5.76313,12.2118,459,59860,0.679934,0.72,1,123581,123122,459
16753021,5.15263,5.64235,460,59860,0.695987,0.71,1,123586,123126,460
16755941,2.63053,5.12847,457,59860,0.699197,0.71,1,123588,123131,457
16758861,15.7261,2.62569,474,59860,0.659839,0.69,1,123607,123133,474
16761781,11.9452,15.7251,466,59860,0.651968,0.7,1,123618,123152,466
16764701,15.189,11.945,471,59860,0.618394,0.72,1,123634,123163,471
16767621,9.43781,15.189,463,59860,0.611679,0.72,1,123642,123179,463
16770541,29.0876,9.4378,489,59860,0.610336,0.69,1,123676,123187,489
16773461,10.6175,29.0876,461,59860,0.610067,0.73,1,123682,123221,461
16776381,6.9235,10.6175,461,59860,0.610013,0.69,1,123688,123227,461
16779301,43.7847,6.9235,508,59860,0.610003,0.69,1,123741,123233,508
16782221,15.1569,45.3847,461,59860,0.610001,0.69,1,123749,123288,461
16785141,15.0314,15.4769,468,59860,0.594,0.69,1,123764,123296,468
16788061,12.6063,15.0954,465,59860,0.5908,0.65,1,123776,123311,465
16790981,8.92126,12.6191,461,59860,0.59016,0.65,1,123784,123323,461
16793901,44.9843,8.92382,507,59860,0.590032,0.63,1,123838,123331,507
16796821,82.5968,45.7848,544,59860,0.590006,0.69,1,123930,123386,544
16799741,81.3194,81.957,534,59860,0.574001,0.67,1,124011,123477,534
16802661,24.2639,80.3914,464,59860,0.6028,0.68,1,124021,123557,464
16805581,12.8528,24.0783,464,59860,0.60856,0.68,1,124031,123567,464
16808501,5.77055,12.8157,458,59860,0.609712,0.68,1,124035,123577,458
16811421,3.55411,5.76313,457,59860,0.593942,0.7,1,124038,123581,457
16814341,2.31082,5.15263,454,59860,0.606788,0.7,1,124040,123586,454
16817261,15.6622,2.63053,471,59860,0.561358,0.65,1,124059,123588,471
16820181,11.1324,15.7261,462,59860,0.584272,0.65,1,124069,123607,462
16823101,15.0265,11.9452,467,59860,0.604854,0.61,1,124085,123618,467
16826021,9.4053,15.189,459,59860,0.608971,0.61,1,124093,123634,459
16828941,29.0811,9.43781,485,59860,0.609794,0.61,1,124127,123642,485
16831861,10.6162,29.0876,457,59860,0.609959,0.61,1,124133,123676,457
16834781,6.92324,10.6175,457,59860,0.609992,0.61,1,124139,123682,457
16837701,43.7846,6.9235,504,59860,0.577998,0.61,1,124192,123688,504
16840621,15.1569,43.7847,459,59860,0.5716,0.61,1,124200,123741,459
16843541,14.2314,15.1569,465,59860,0.57032,0.59,1,124214,123749,465
16846461,12.4463,15.0314,462,59860,0.586064,0.59,1,124226,123764,462
16849381,8.88926,12.6063,458,59860,0.589213,0.59,1,124234,123776,458
16852301,44.9779,8.92126,504,59860,0.589843,0.59,1,124288,123784,504
16855221,82.5956,44.9843,542,59860,0.589969,0.59,1,124380,123838,542
16858141,82.1191,82.5968,532,59860,0.581994,0.57,1,124462,123930,532
16861061,24.4238,81.3194,461,59860,0.588399,0.61,1,124472,124011,461
16863981,12.0848,24.2639,460,59860,0.60568,0.61,1,124481,124021,460
16866901,5.61695,12.8528,454,59860,0.609136,0.61,1,124485,124031,454
16869821,2.72339,5.77055,452,59860,0.577827,0.59,1,124487,124035,452
16872741,2.14468,3.55411,451,59860,0.555565,0.61,1,124489,124038,451
16875661,16.4289,2.31082,469,59860,0.551113,0.55,1,124509,124040,469
16878581,12.0858,15.6622,461,59860,0.566223,0.59,1,124520,124059,461
16881501,15.2172,11.1324,467,59860,0.537245,0.61,1,124536,124069,467
16884421,9.44343,15.0265,459,59860,0.531449,0.61,1,124544,124085,459
16887341,29.0887,9.4053,485,59860,0.54629,0.61,1,124578,124093,485
16890261,10.6177,29.0811,457,59860,0.549258,0.61,1,124584,124127,457
16893181,6.92355,10.6162,457,59860,0.549852,0.61,1,124590,124133,457
16896101,42.1847,6.92324,502,59860,0.56597,0.57,1,124641,124139,502
16899021,14.8369,43.7846,457,59860,0.569194,0.57,1,124649,124192,457
16901941,14.9674,15.1569,464,59860,0.585839,0.57,1,124664,124200,464
16904861,12.5935,14.2314,462,59860,0.557168,0.59,1,124676,124214,462
16907781,8.9187,12.4463,458,59860,0.551434,0.59,1,124684,124226,458
16910701,44.9837,8.88926,504,59860,0.550287,0.59,1,124738,124234,504
16913621,82.5967,44.9779,542,59860,0.550057,0.59,1,124830,124288,542
16916541,82.1193,82.5956,532,59860,0.550011,0.58,1,124912,124380,532
16919461,24.4239,82.1191,460,59860,0.550002,0.59,1,124922,124462,460
16922381,10.4848,24.4238,457,59860,0.566,0.61,1,124929,124472,457
16925301,5.29695,12.0848,452,59860,0.5692,0.61,1,124933,124481,452
16928221,2.65939,5.61695,450,59860,0.56984,0.57,1,124935,124485,450
16931141,2.13188,2.72339,450,59860,0.553968,0.55,1,124937,124487,450
16934061,16.4264,2.14468,468,59860,0.550794,0.55,1,124957,124489,468
16936981,11.2853,16.4289,458,59860,0.550159,0.57,1,124967,124509,458
16939901,15.0571,12.0858,463,59860,0.566032,0.53,1,124983,124520,463
16942821,9.41141,15.2172,455,59860,0.569206,0.53,1,124991,124536,455
16945741,29.8823,9.44343,482,59860,0.569841,0.55,1,125026,124544,482
16948661,10.7765,29.0887,454,59860,0.569968,0.55,1,125032,124578,454
16951581,6.95529,10.6177,454,59860,0.569994,0.55,1,125038,124584,454
16954501,42.9911,6.92355,500,59860,0.569999,0.57,1,125090,124590,500
16957421,14.9982,42.1847,457,59860,0.57,0.57,1,125098,124641,457
16960341,14.1996,14.8369,463,59860,0.57,0.59,1,125112,124649,463
16963261,12.4399,14.9674,460,59860,0.586,0.55,1,125124,124664,460
16966181,8.88799,12.5935,456,59860,0.5892,0.55,1,125132,124676,456
16969101,44.9776,8.9187,502,59860,0.58984,0.55,1,125186,124684,502
16972021,82.5955,44.9837,540,59860,0.589968,0.55,1,125278,124738,540
16974941,82.1191,82.5967,530,59860,0.589994,0.55,1,125360,124830,530
16977861,24.4238,82.1193,458,59860,0.589999,0.55,1,125370,124912,458
16980781,10.4848,24.4239,455,59860,0.59,0.57,1,125377,124922,455
16983701,5.29695,10.4848,452,59860,0.59,0.57,1,125381,124929,452
16986621,2.65939,5.29695,450,59860,0.59,0.57,1,125383,124933,450
16989541,2.13188,2.65939,450,59860,0.558,0.55,1,125385,124935,450
16992461,16.4264,2.13188,468,59860,0.5516,0.55,1,125405,124937,468
16995381,12.0853,16.4264,459,59860,0.56632,0.55,1,125416,124957,459
16998301,15.2171,11.2853,465,59860,0.553264,0.57,1,125432,124967,465
17001221,9.44341,15.0571,457,59860,0.550653,0.57,1,125440,124983,457
17004141,29.8887,9.41141,484,59860,0.582131,0.57,1,125475,124991,484
17007061,10.7777,29.8823,455,59860,0.588426,0.57,1,125481,125026,455
17009981,6.95555,10.7765,455,59860,0.589685,0.57,1,125487,125032,455
17012901,42.9911,6.95529,501,59860,0.589937,0.57,1,125539,125038,501
17015821,14.9982,42.9911,457,59860,0.589987,0.57,1,125547,125090,457
17018741,14.9996,14.9982,464,59860,0.605997,0.57,1,125562,125098,464
17021661,12.5999,14.1996,462,59860,0.5772,0.59,1,125574,125112,462
17024581,8.91999,12.4399,458,59860,0.57144,0.59,1,125582,125124,458
17027501,44.984,8.88799,504,59860,0.570288,0.59,1,125636,125132,504
17030421,82.5968,44.9776,542,59860,0.570058,0.59,1,125728,125186,542
17033341,82.1194,82.5955,532,59860,0.570011,0.59,1,125810,125278,532
17036261,23.6239,82.1191,459,59860,0.586002,0.59,1,125819,125360,459
17039181,9.52477,24.4238,455,59860,0.5732,0.59,1,125825,125370,455
17042101,5.10495,10.4848,452,59860,0.57064,0.59,1,125829,125377,452
17045021,2.62099,5.29695,450,59860,0.570128,0.59,1,125831,125381,450
17047941,2.1242,2.65939,450,59860,0.570026,0.55,1,125833,125383,450
17050861,16.4248,2.13188,468,59860,0.570005,0.55,1,125853,125385,468
17053781,12.085,16.4264,459,59860,0.586001,0.57,1,125864,125405,459
17056701,15.217,12.0853,464,59860,0.5572,0.55,1,125880,125416,464
17059621,9.4434,15.2171,456,59860,0.55144,0.55,1,125888,125432,456
17062541,31.4887,9.44341,485,59860,0.582288,0.59,1,125925,125440,485
17065461,11.0977,29.8887,456,59860,0.588458,0.59,1,125931,125475,456
17068381,7.01955,10.7777,456,59860,0.589692,0.59,1,125937,125481,456
17071301,43.0039,6.95555,502,59860,0.589938,0.59,1,125989,125487,502
17074221,15.0008,42.9911,458,59860,0.589988,0.59,1,125997,125539,458
17077141,14.2002,14.9982,464,59860,0.589998,0.61,1,126011,125547,464
17080061,12.44,14.9996,461,59860,0.605999,0.57,1,126023,125562,461
17082981,8.88801,12.5999,457,59860,0.6092,0.57,1,126031,125574,457
17085901,44.9776,8.91999,503,59860,0.60984,0.57,1,126085,125582,503
17088821,82.5955,44.984,541,59860,0.609968,0.57,1,126177,125636,541
17091741,82.1191,82.5968,531,59860,0.609994,0.57,1,126259,125728,531
17094661,23.6238,82.1194,458,59860,0.625999,0.59,1,126268,125810,458
17097581,9.52476,23.6239,455,59860,0.5812,0.57,1,126274,125819,455
17100501,5.10495,9.52477,453,59860,0.57224,0.57,1,126278,125825,453
17103421,2.62099,5.10495,451,59860,0.570448,0.57,1,126280,125829,451
17106341,2.1242,2.62099,451,59860,0.57009,0.57,1,126282,125831,451
17109261,16.4248,2.1242,469,59860,0.570018,0.57,1,126302,125833,469
17112181,11.285,16.4248,459,59860,0.570004,0.59,1,126312,125853,459
17115101,15.057,12.085,464,59860,0.570001,0.55,1,126328,125864,464
17118021,9.4114,15.217,456,59860,0.57,0.55,1,126336,125880,456
17120941,33.0823,9.4434,487,59860,0.57,0.59,1,126375,125888,487
17123861,11.4165,31.4887,456,59860,0.57,0.59,1,126381,125925,456
17126781,7.08329,11.0977,456,59860,0.57,0.59,1,126387,125931,456
17129701,43.0167,7.01955,502,59860,0.57,0.59,1,126439,125937,502
17132621,15.0033,43.0039,458,59860,0.57,0.59,1,126447,125989,458
17135541,15.0007,15.0008,465,59860,0.586,0.59,1,126462,125997,465
17138461,12.6001,14.2002,463,59860,0.5572,0.61,1,126474,126011,463
17141381,8.92003,12.44,459,59860,0.55144,0.61,1,126482,126023,459
17144301,44.984,8.88801,505,59860,0.550288,0.61,1,126536,126031,505
17147221,82.5968,44.9776,543,59860,0.550058,0.61,1,126628,126085,543
17150141,82.1194,82.5955,533,59860,0.550012,0.61,1,126710,126177,533
17153061,22.0239,82.1191,458,59860,0.566002,0.63,1,126717,126259,458
17155981,9.20477,23.6238,455,59860,0.5532,0.57,1,126723,126268,455
17158901,5.04095,9.52476,453,59860,0.55064,0.57,1,126727,126274,453
17161821,2.60819,5.10495,451,59860,0.550128,0.57,1,126729,126278,451
17164741,2.12164,2.62099,451,59860,0.550026,0.57,1,126731,126280,451
17167661,16.4243,2.1242,469,59860,0.550005,0.57,1,126751,126282,469
17170581,11.2849,16.4248,459,59860,0.550001,0.57,1,126761,126302,459
17173501,15.057,11.285,465,59860,0.566,0.57,1,126777,126312,465
17176421,9.41139,15.057,457,59860,0.5692,0.57,1,126785,126328,457
17179341,33.0823,9.4114,488,59860,0.56984,0.57,1,126824,126336,488
17182261,11.4165,33.0823,455,59860,0.569968,0.57,1,126830,126375,455
17185181,7.08329,11.4165,455,59860,0.569994,0.57,1,126836,126381,455
17188101,43.0167,7.08329,501,59860,0.569999,0.57,1,126888,126387,501
17191021,15.0033,43.0167,457,59860,0.57,0.57,1,126896,126439,457
17193941,14.2007,15.0033,463,59860,0.57,0.59,1,126910,126447,463
17196861,12.4401,15.0007,460,59860,0.586,0.55,1,126922,126462,460
17199781,8.88803,12.6001,456,59860,0.5892,0.55,1,126930,126474,456
17202701,44.9776,8.92003,502,59860,0.58984,0.55,1,126984,126482,502
17205621,82.5955,44.984,540,59860,0.589968,0.55,1,127076,126536,540
17208541,82.1191,82.5968,530,59860,0.589994,0.55,1,127158,126628,530
17211461,22.0238,82.1194,455,59860,0.573999,0.57,1,127165,126710,455
17214381,9.20476,22.0239,454,59860,0.5548,0.55,1,127171,126717,454
17217301,5.04095,9.20477,452,59860,0.55096,0.55,1,127175,126723,452
17220221,2.60819,5.04095,450,59860,0.550192,0.55,1,127177,126727,450
17223141,2.12164,2.60819,450,59860,0.550038,0.55,1,127179,126729,450
17226061,16.4243,2.12164,468,59860,0.550008,0.55,1,127199,126731,468
17228981,12.0849,16.4243,459,59860,0.566002,0.55,1,127210,126751,459
17231901,15.217,11.2849,465,59860,0.5532,0.57,1,127226,126761,465
17234821,9.44339,15.057,457,59860,0.55064,0.57,1,127234,126777,457
17237741,33.0887,9.41139,488,59860,0.582128,0.57,1,127273,126785,488
17240661,11.4177,33.0823,455,59860,0.588426,0.57,1,127279,126824,455
17243581,7.08355,11.4165,455,59860,0.589685,0.57,1,127285,126830,455
17246501,43.0167,7.08329,501,59860,0.589937,0.57,1,127337,126836,501
17249421,15.0033,43.0167,457,59860,0.589987,0.57,1,127345,126888,457
17252341,15.0007,15.0033,464,59860,0.605997,0.57,1,127360,126896,464
17255261,12.6001,14.2007,462,59860,0.5772,0.59,1,127372,126910,462
17258181,8.92003,12.4401,458,59860,0.57144,0.59,1,127380,126922,458
17261101,44.984,8.88803,504,59860,0.570288,0.59,1,127434,126930,504
17264021,82.5968,44.9776,542,59860,0.570058,0.59,1,127526,126984,542
17266941,81.3194,82.5955,531,59860,0.586012,0.59,1,127607,127076,531
17269861,21.0639,82.1191,455,59860,0.589202,0.57,1,127613,127158,455
17272781,9.01277,22.0238,454,59860,0.57384,0.55,1,127619,127165,454
17275701,5.00255,9.20476,452,59860,0.570768,0.55,1,127623,127171,452
17278621,2.60051,5.04095,450,59860,0.570154,0.55,1,127625,127175,450
17281541,2.1201,2.60819,450,59860,0.570031,0.55,1,127627,127177,450
17284461,16.424,2.12164,468,59860,0.570006,0.55,1,127647,127179,468
17287381,12.0848,16.4243,459,59860,0.586001,0.57,1,127658,127199,459
17290301,15.217,12.0849,464,59860,0.5572,0.55,1,127674,127210,464
17293221,9.44339,15.217,456,59860,0.55144,0.55,1,127682,127226,456
17296141,34.6887,9.44339,489,59860,0.582288,0.59,1,127723,127234,489
17299061,11.7377,33.0887,456,59860,0.588458,0.59,1,127729,127273,456
17301981,7.14755,11.4177,456,59860,0.589692,0.59,1,127735,127279,456
17304901,43.0295,7.08355,502,59860,0.589938,0.59,1,127787,127285,502
17307821,15.0059,43.0167,458,59860,0.589988,0.59,1,127795,127337,458
17310741,14.2012,15.0033,464,59860,0.589998,0.61,1,127809,127345,464
17313661,12.4402,15.0007,461,59860,0.605999,0.57,1,127821,127360,461
17316581,8.88805,12.6001,457,59860,0.6092,0.57,1,127829,127372,457
17319501,44.9776,8.92003,503,59860,0.60984,0.57,1,127883,127380,503
17322421,82.5955,44.984,541,59860,0.609968,0.57,1,127975,127434,541
17325341,81.3191,82.5968,530,59860,0.593994,0.59,1,128056,127526,530
17328261,21.0638,81.3194,455,59860,0.558799,0.59,1,128062,127607,455
17331181,9.01276,21.0639,455,59860,0.56776,0.57,1,128068,127613,455
17334101,5.00255,9.01277,453,59860,0.569552,0.57,1,128072,127619,453
17337021,2.60051,5.00255,451,59860,0.56991,0.57,1,128074,127623,451
17339941,2.1201,2.60051,451,59860,0.569982,0.57,1,128076,127625,451
17342861,16.424,2.1201,469,59860,0.569996,0.57,1,128096,127627,469
17345781,11.2848,16.424,459,59860,0.569999,0.59,1,128106,127647,459
17348701,15.057,12.0848,464,59860,0.57,0.55,1,128122,127658,464
17351621,9.41139,15.217,456,59860,0.57,0.55,1,128130,127674,456
17354541,36.2823,9.44339,491,59860,0.57,0.59,1,128173,127682,491
17357461,12.0565,34.6887,456,59860,0.57,0.59,1,128179,127723,456
17360381,7.21129,11.7377,456,59860,0.57,0.59,1,128185,127729,456
17363301,43.0423,7.14755,502,59860,0.57,0.59,1,128237,127735,502
17366221,15.0085,43.0295,458,59860,0.57,0.59,1,128245,127787,458
17369141,15.0017,15.0059,465,59860,0.586,0.59,1,128260,127795,465
17372061,12.6003,14.2012,463,59860,0.5572,0.61,1,128272,127809,463
17374981,8.92007,12.4402,459,59860,0.55144,0.61,1,128280,127821,459
17377901,44.984,8.88805,505,59860,0.550288,0.61,1,128334,127829,505
17380821,82.5968,44.9776,543,59860,0.550058,0.61,1,128426,127883,543
17383741,79.7194,82.5955,530,59860,0.566012,0.59,1,128505,127975,530
17386661,20.7439,81.3191,455,59860,0.537202,0.55,1,128511,128056,455
17389581,8.94877,21.0638,455,59860,0.54744,0.57,1,128517,128062,455
17392501,4.98975,9.01276,453,59860,0.549488,0.57,1,128521,128068,453
17395421,2.59795,5.00255,451,59860,0.549898,0.57,1,128523,128072,451
17398341,2.11959,2.60051,451,59860,0.54998,0.57,1,128525,128074,451
17401261,16.4239,2.1201,469,59860,0.549996,0.57,1,128545,128076,469
17404181,11.2848,16.424,459,59860,0.549999,0.57,1,128555,128096,459
17407101,15.057,11.2848,465,59860,0.566,0.57,1,128571,128106,465
17410021,9.41139,15.057,457,59860,0.5692,0.57,1,128579,128122,457
17412941,36.2823,9.41139,492,59860,0.56984,0.57,1,128622,128130,492
17415861,12.0565,36.2823,455,59860,0.569968,0.57,1,128628,128173,455
17418781,7.21129,12.0565,455,59860,0.569994,0.57,1,128634,128179,455
17421701,43.0423,7.21129,501,59860,0.569999,0.57,1,128686,128185,501
17424621,15.0085,43.0423,457,59860,0.57,0.57,1,128694,128237,457
17427541,14.2017,15.0085,463,59860,0.57,0.59,1,128708,128245,463
17430461,12.4403,15.0017,460,59860,0.586,0.55,1,128720,128260,460
17433381,8.88807,12.6003,456,59860,0.5892,0.55,1,128728,128272,456
17436301,44.9776,8.92007,502,59860,0.58984,0.55,1,128782,128280,502
17439221,82.5955,44.984,540,59860,0.589968,0.55,1,128874,128334,540
17442141,79.7191,82.5968,527,59860,0.605994,0.57,1,128953,128426,527
17445061,20.7438,79.7194,454,59860,0.561199,0.53,1,128959,128505,454
17447981,8.94876,20.7439,454,59860,0.55224,0.55,1,128965,128511,454
17450901,4.98975,8.94877,452,59860,0.550448,0.55,1,128969,128517,452
17453821,2.59795,4.98975,450,59860,0.55009,0.55,1,128971,128521,450
17456741,2.11959,2.59795,450,59860,0.550018,0.55,1,128973,128523,450
17459661,16.4239,2.11959,468,59860,0.550004,0.55,1,128993,128525,468
17462581,11.2848,16.4239,458,59860,0.550001,0.55,1,129003,128545,458
17465501,15.857,11.2848,465,59860,0.55,0.57,1,129020,128555,465
17468421,9.57139,15.057,457,59860,0.55,0.57,1,129028,128571,457
17471341,36.3143,9.41139,492,59860,0.582,0.57,1,129071,128579,492
17474261,12.0629,36.2823,455,59860,0.5884,0.57,1,129077,128622,455
17477181,7.21257,12.0565,455,59860,0.58968,0.57,1,129083,128628,455
17480101,43.0425,7.21129,501,59860,0.589936,0.57,1,129135,128634,501
17483021,15.0085,43.0423,457,59860,0.589987,0.57,1,129143,128686,457
17485941,15.0017,15.0085,464,59860,0.605997,0.57,1,129158,128694,464
17488861,12.6003,14.2017,462,59860,0.5772,0.59,1,129170,128708,462
17491781,8.92007,12.4403,458,59860,0.57144,0.59,1,129178,128720,458
17494701,44.984,8.88807,504,59860,0.570288,0.59,1,129232,128728,504
17497621,82.5968,44.9776,542,59860,0.570058,0.59,1,129324,128782,542
17500541,78.1194,82.5955,527,59860,0.586012,0.61,1,129401,128874,527
17503461,20.4239,79.7191,454,59860,0.573202,0.55,1,129407,128953,454
17506381,8.88477,20.7438,454,59860,0.570641,0.55,1,129413,128959,454
17509301,4.97695,8.94876,452,59860,0.570128,0.55,1,129417,128965,452
17512221,2.59539,4.98975,450,59860,0.570026,0.55,1,129419,128969,450
17515141,2.11908,2.59795,450,59860,0.570005,0.55,1,129421,128971,450
17518061,16.4238,2.11959,468,59860,0.570001,0.55,1,129441,128973,468
17520981,11.2848,16.4239,458,59860,0.57,0.55,1,129451,128993,458
17523901,15.857,11.2848,465,59860,0.554,0.55,1,129468,129003,465
17526821,9.57139,15.857,456,59860,0.5508,0.55,1,129476,129020,456
17529741,37.9143,9.57139,493,59860,0.58216,0.59,1,129521,129028,493
17532661,12.3829,36.3143,456,59860,0.588432,0.59,1,129527,129071,456
17535581,7.27657,12.0629,456,59860,0.589686,0.59,1,129533,129077,456
17538501,43.0553,7.21257,502,59860,0.589937,0.59,1,129585,129083,502
17541421,15.0111,43.0425,458,59860,0.589987,0.59,1,129593,129135,458
17544341,14.2022,15.0085,464,59860,0.589997,0.61,1,129607,129143,464
17547261,12.4404,15.0017,461,59860,0.605999,0.57,1,129619,129158,461
17550181,8.88809,12.6003,457,59860,0.6092,0.57,1,129627,129170,457
17553101,44.9776,8.92007,503,59860,0.60984,0.57,1,129681,129178,503
17556021,82.5955,44.984,541,59860,0.609968,0.57,1,129773,129232,541
17558941,78.1191,82.5968,526,59860,0.625994,0.59,1,129850,129324,526
17561861,20.4238,78.1194,455,59860,0.581199,0.57,1,129856,129401,455
17564781,8.88476,20.4239,455,59860,0.57224,0.57,1,129862,129407,455
17567701,4.97695,8.88477,453,59860,0.570448,0.57,1,129866,129413,453
17570621,2.59539,4.97695,451,59860,0.57009,0.57,1,129868,129417,451
17573541,2.11908,2.59539,451,59860,0.570018,0.57,1,129870,129419,451
17576461,16.4238,2.11908,469,59860,0.570004,0.57,1,129890,129421,469
17579381,11.2848,16.4238,459,59860,0.570001,0.57,1,129900,129441,459
17582301,15.057,11.2848,465,59860,0.57,0.55,1,129916,129451,465
17585221,9.41139,15.857,456,59860,0.57,0.55,1,129924,129468,456
17588141,39.4823,9.57139,495,59860,0.57,0.59,1,129971,129476,495
17591061,12.6965,37.9143,456,59860,0.57,0.59,1,129977,129521,456
17593981,7.33929,12.3829,456,59860,0.57,0.59,1,129983,129527,456
17596901,43.0679,7.27657,502,59860,0.578,0.59,1,130035,129533,502
17599821,15.0136,43.0553,458,59860,0.5716,0.59,1,130043,129585,458
17602741,15.0027,15.0111,465,59860,0.58632,0.59,1,130058,129593,465
17605661,12.6005,14.2022,463,59860,0.557264,0.61,1,130070,129607,463
17608581,8.92011,12.4404,459,59860,0.551453,0.61,1,130078,129619,459
17611501,44.984,8.88809,505,59860,0.550291,0.61,1,130132,129627,505
17614421,82.5968,44.9776,543,59860,0.550058,0.61,1,130224,129681,543
17617341,76.5194,82.5955,526,59860,0.566012,0.63,1,130299,129773,526
17620261,20.1039,78.1191,455,59860,0.553202,0.57,1,130305,129850,455
17623181,8.82077,20.4238,455,59860,0.55064,0.57,1,130311,129856,455
17626101,4.96415,8.88476,453,59860,0.550128,0.57,1,130315,129862,453
17629021,2.59283,4.97695,451,59860,0.550026,0.57,1,130317,129866,451
17631941,2.11857,2.59539,451,59860,0.550005,0.57,1,130319,129868,451
17634861,16.4237,2.11908,469,59860,0.550001,0.57,1,130339,129870,469
17637781,11.2847,16.4238,459,59860,0.55,0.57,1,130349,129890,459
17640701,15.0569,11.2848,465,59860,0.55,0.57,1,130365,129900,465
17643621,9.41139,15.057,457,59860,0.566,0.57,1,130373,129916,457
17646541,39.4823,9.41139,496,59860,0.5692,0.57,1,130420,129924,496
17649461,12.6965,39.4823,455,59860,0.56984,0.57,1,130426,129971,455
17652381,7.33929,12.6965,455,59860,0.569968,0.57,1,130432,129977,455
17655301,43.0679,7.33929,501,59860,0.737994,0.58,1,130484,129983,501
17658221,15.0136,43.0679,457,59860,0.763599,0.57,2,130492,130035,457
17661141,14.2027,15.0136,463,59860,0.76872,0.59,2,130506,130043,463
17664061,12.4405,15.0027,460,59860,0.785744,0.55,2,130518,130058,460
17666981,8.88811,12.6005,456,59860,0.789149,0.55,2,130526,130070,456
17669901,44.9776,8.92011,502,59860,0.78983,0.55,2,130580,130078,502
17672821,82.5955,44.984,540,59860,0.789966,0.55,2,130672,130132,540
17675741,76.5191,82.5968,523,59860,0.773993,0.57,2,130747,130224,523
17678661,20.1038,76.5194,454,59860,0.754799,0.55,2,130753,130299,454
17681581,8.82076,20.1039,454,59860,0.75096,0.55,2,130759,130305,454
17684501,4.96415,8.82077,452,59860,0.750192,0.55,2,130763,130311,452
17687421,2.59283,4.96415,450,59860,0.750038,0.55,2,130765,130315,450
17690341,2.11857,2.59283,450,59860,0.750008,0.55,2,130767,130317,450
17693261,16.4237,2.11857,468,59860,0.750002,0.55,2,130787,130319,468
17696181,11.2847,16.4237,458,59860,0.75,0.55,2,130797,130339,458
17699101,15.8569,11.2847,465,59860,0.766,0.55,2,130814,130349,465
17702021,9.57139,15.0569,457,59860,0.7532,0.57,2,130822,130365,457
17704941,39.5143,9.41139,496,59860,0.78264,0.57,2,130869,130373,496
17707861,12.7029,39.4823,455,59860,0.788528,0.57,2,130875,130420,455
17710781,7.34057,12.6965,455,59860,0.789706,0.57,2,130881,130426,455
17713701,51.0681,7.33929,511,59860,0.853941,0.78,2,130943,130432,511
17716621,16.6136,43.0679,467,59860,0.866788,0.77,2,130951,130484,467
17719541,15.3227,15.0136,474,59860,0.869358,0.77,2,130966,130492,474
17722461,12.6645,14.2027,472,59860,0.869871,0.79,2,130978,130506,472
17725381,8.93291,12.4405,468,59860,0.869974,0.79,2,130986,130518,468
17728301,44.9866,8.88811,514,59860,0.869995,0.79,2,131040,130526,514
17731221,82.5973,44.9776,552,59860,0.917999,0.79,2,131132,130580,552
17734141,74.9195,82.5955,533,59860,0.8956,0.77,2,131205,130672,533
17737061,19.7839,76.5191,464,59860,0.89112,0.75,2,131211,130747,464
17739981,8.75678,20.1038,464,59860,0.890224,0.75,2,131217,130753,464
17742901,4.95136,8.82076,462,59860,0.890045,0.75,2,131221,130759,462
17745821,2.59027,4.96415,460,59860,0.890009,0.75,2,131223,130763,460
17748741,2.11805,2.59283,460,59860,0.890002,0.75,2,131225,130765,460
17751661,16.4236,2.11857,478,59860,0.89,0.75,2,131245,130767,478
17754581,11.2847,16.4237,468,59860,0.89,0.75,2,131255,130787,468
17757501,15.8569,11.2847,475,59860,0.906,0.77,2,131272,130797,475
17760421,9.57139,15.8569,466,59860,0.8772,0.75,2,131280,130814,466
17763341,41.1143,9.57139,507,59860,0.90344,0.79,2,131329,130822,507
17766261,13.0229,39.5143,466,59860,0.908688,0.79,2,131335,130869,466
17769181,7.40457,12.7029,466,59860,0.909738,0.79,2,131341,130875,466
17921021,3,3,479,55480,0.95,1,2,132641,132162,479
17958981,46,6,520,55480,0.87,0.97,2,132919,132399,520
17961901,142.8,174.8,470,54020,0.838,0.93,2,133086,132616,470
17964821,33.36,39.76,470,54020,0.8316,0.99,2,133092,132622,470
17967741,9.872,11.952,469,54020,0.83032,0.95,2,133096,132627,469
17970661,5.1744,5.5904,469,54020,0.830064,0.97,2,133100,132631,469
17973581,7.43488,6.71808,470,54020,0.862013,0.95,2,133108,132638,470
17976501,3.08698,3.74362,469,54020,0.836403,0.95,2,133110,132641,469
17979421,10.2174,10.3487,469,54020,0.86328,0.97,2,133122,132653,469
17982341,8.44348,7.66974,470,54020,0.868656,0.95,2,133130,132660,470
17985261,20.0887,19.9339,470,54020,0.853731,0.97,2,133153,132683,470
17988181,10.4177,10.3868,470,54020,0.850746,0.99,2,133161,132691,470
17991101,41.2835,40.4774,471,54020,0.802149,0.99,2,133210,132739,471
17994021,14.6567,14.4955,471,54020,0.82443,0.95,2,133218,132747,471
17996941,7.73134,7.69909,471,54020,0.828886,0.97,2,133224,132753,471
17999861,52.7463,55.1398,468,54020,0.797777,0.95,2,133288,132820,468
18002781,20.9493,19.828,470,54020,0.807555,0.93,2,133301,132831,470
18005701,19.3899,21.5656,467,54020,0.793511,0.93,2,133320,132853,467
18008621,12.678,13.1131,467,54020,0.758702,0.93,2,133331,132864,467
18011541,8.93559,9.82262,466,54020,0.71974,0.87,1,133339,132873,466
18014461,168.987,38.7645,629,54020,0.711948,0.83,1,133548,132919,629
18017381,38.5974,141.353,468,54020,0.71039,0.83,1,133554,133086,468
18020301,10.9195,33.0706,466,54020,0.710078,0.83,1,133558,133092,466
18023221,5.3839,9.81412,466,54020,0.710016,0.83,1,133562,133096,466
18026141,7.47678,5.16282,470,54020,0.710003,0.87,1,133570,133100,470
18029061,3.09536,7.43256,464,54020,0.710001,0.83,1,133572,133108,464
18031981,10.2191,3.08651,474,54020,0.71,0.87,1,133584,133110,474
18034901,8.44381,10.2173,470,54020,0.71,0.87,1,133592,133122,470
18037821,19.2888,8.44346,484,54020,0.71,0.85,1,133614,133130,484
18040741,10.2578,20.0887,469,54020,0.71,0.85,1,133622,133153,469
18043661,40.4516,10.4177,509,54020,0.742,0.79,1,133670,133161,509
18046581,14.4903,41.2835,468,54020,0.7484,0.83,1,133678,133210,468
18049501,7.69806,14.6567,466,54020,0.74968,0.83,1,133684,133218,466
18052421,52.7396,7.73134,524,54020,0.765936,0.79,2,133748,133224,524
18055341,19.3479,52.7463,471,54020,0.801187,0.81,2,133759,133288,471
18058261,18.2696,20.9493,476,54020,0.792237,0.79,2,133777,133301,476
18061181,11.6539,19.3899,467,54020,0.774448,0.75,2,133787,133320,467
18064101,8.73078,12.678,464,54020,0.77089,0.71,2,133795,133331,464
18065561,162.546,8.93559,657,52560,0.738178,0.71,1,133996,133339,657
18068481,39.7092,168.987,457,52560,0.731636,0.71,1,134005,133548,457
18071401,12.7418,38.5974,457,52560,0.746327,0.71,1,134011,133554,457
18074321,5.74837,10.9195,457,52560,0.749265,0.71,1,134015,133558,457
18077241,4.34967,5.3839,457,52560,0.749853,0.71,1,134019,133562,457
18080161,7.26993,7.47678,457,52560,0.781971,0.71,2,134027,133570,457
18083081,3.05399,3.09536,457,52560,0.756394,0.71,2,134029,133572,457
18086001,10.2108,10.2191,457,52560,0.751279,0.71,2,134041,133584,457
18088921,8.44216,8.44381,457,52560,0.750256,0.71,2,134049,133592,457
18091841,19.2884,19.2888,457,52560,0.782051,0.71,2,134071,133614,457
18094761,11.0577,10.2578,458,52560,0.77241,0.75,2,134080,133622,458
18097681,41.4115,40.4516,459,52560,0.754482,0.75,2,134129,133670,459
18100601,14.6823,14.4903,459,52560,0.718896,0.75,1,134137,133678,459
18103521,8.53646,7.69806,460,52560,0.727779,0.77,1,134144,133684,460
18106441,53.7073,52.7396,461,52560,0.729556,0.81,1,134209,133748,461
18109361,21.1415,19.3479,463,52560,0.713911,0.79,1,134222,133759,463
18112281,16.2283,18.2696,460,52560,0.710782,0.77,1,134237,133777,460
18115201,11.2457,11.6539,460,52560,0.694156,0.77,1,134247,133787,460
18116661,167.849,8.73078,659,52560,0.706831,0.73,1,134454,133795,659
18119581,40.7698,162.546,467,52560,0.677366,0.73,1,134463,133996,467
18122501,12.954,39.7092,464,52560,0.655473,0.75,1,134469,134005,464
18125421,5.79079,12.7418,462,52560,0.651095,0.75,1,134473,134011,462
18128341,4.35816,5.74837,462,52560,0.650219,0.75,1,134477,134015,462
18131261,7.27163,4.34967,466,52560,0.650044,0.79,1,134485,134019,466
18134181,3.05433,7.26993,460,52560,0.650009,0.75,1,134487,134027,460
18137101,10.2109,3.05399,470,52560,0.650002,0.75,1,134499,134029,470
18140021,8.44217,10.2108,466,52560,0.65,0.75,1,134507,134041,466
18142941,19.2884,8.44216,480,52560,0.65,0.79,1,134529,134049,480
18145861,10.2577,19.2884,466,52560,0.65,0.77,1,134537,134071,466
18148781,40.4515,11.0577,505,52560,0.682,0.75,1,134585,134080,505
18151701,14.4903,41.4115,464,52560,0.6884,0.71,1,134593,134129,464
18154621,7.69806,14.6823,462,52560,0.68968,0.73,1,134599,134137,462
18157541,53.5396,8.53646,520,52560,0.705936,0.73,1,134664,134144,520
18160461,20.3079,53.7073,467,52560,0.725187,0.71,1,134676,134209,467
18163381,16.8616,21.1415,470,52560,0.713037,0.71,1,134692,134222,470
18166301,11.3723,16.2283,465,52560,0.710607,0.69,1,134702,134237,465
18167761,163.074,11.2457,656,52560,0.726122,0.71,1,134903,134247,656
18170681,43.0149,167.849,462,52560,0.713224,0.67,1,134916,134454,462
18173601,13.403,40.7698,459,52560,0.710645,0.65,1,134922,134463,459
18176521,5.8806,12.954,457,52560,0.710129,0.65,1,134926,134469,457
18179441,4.37612,5.79079,457,52560,0.710026,0.65,1,134930,134473,457
18182361,7.27522,4.35816,461,52560,0.710005,0.65,1,134938,134477,461
18185281,3.05504,7.27163,455,52560,0.710001,0.65,1,134940,134485,455
18188201,10.211,3.05433,465,52560,0.71,0.65,1,134952,134487,465
18191121,8.4422,10.2109,461,52560,0.71,0.65,1,134960,134499,461
18194041,19.2884,8.44217,475,52560,0.71,0.65,1,134982,134507,475
18196961,11.0577,19.2884,462,52560,0.694,0.65,1,134991,134529,462
18199881,41.4115,10.2577,503,52560,0.7068,0.69,1,135040,134537,503
18202801,14.6823,40.4515,463,52560,0.70936,0.69,1,135048,134585,463
18205721,8.53646,14.4903,462,52560,0.693872,0.69,1,135055,134593,462
18208641,54.5073,7.69806,522,52560,0.706774,0.71,1,135121,134599,522
18211561,21.3015,53.5396,470,52560,0.661355,0.73,1,135134,134664,470
18214481,15.4603,20.3079,472,52560,0.668271,0.71,1,135148,134676,472
18217401,11.0921,16.8616,466,52560,0.653654,0.71,1,135158,134692,466
18218861,163.018,11.3723,657,52560,0.634731,0.73,1,135359,134702,657
18221781,43.0037,163.074,469,52560,0.614946,0.71,1,135372,134903,469
18224701,13.4007,43.0149,462,52560,0.610989,0.71,1,135378,134916,462
18227621,5.88015,13.403,460,52560,0.610198,0.71,1,135382,134922,460
18230541,4.37603,5.8806,460,52560,0.61004,0.71,1,135386,134926,460
18233461,7.27521,4.37612,464,52560,0.610008,0.71,1,135394,134930,464
18236381,3.05504,7.27522,458,52560,0.610002,0.71,1,135396,134938,458
18239301,10.211,3.05504,468,52560,0.61,0.71,1,135408,134940,468
18242221,8.4422,10.211,464,52560,0.61,0.71,1,135416,134952,464
18245141,19.2884,8.4422,478,52560,0.61,0.71,1,135438,134960,478
18248061,10.2577,19.2884,464,52560,0.61,0.69,1,135446,134982,464
18250981,42.0515,11.0577,505,52560,0.626,0.71,1,135496,134991,505
18253901,14.8103,41.4115,464,52560,0.6292,0.71,1,135504,135040,464
18256821,7.76206,14.6823,462,52560,0.62984,0.69,1,135510,135048,462
18259741,53.5524,8.53646,520,52560,0.661968,0.71,1,135575,135055,520
18262661,20.3105,54.5073,466,52560,0.684394,0.65,1,135587,135121,466
18265581,15.2621,21.3015,467,52560,0.672879,0.67,1,135601,135134,467
18268501,11.0524,15.4603,463,52560,0.686576,0.65,1,135611,135148,463
18271421,161.41,11.0921,652,52560,0.705315,0.61,1,135810,135158,652
18274341,43.4821,173.418,452,52560,0.693063,0.61,1,135824,135372,452
18277261,13.4964,39.4837,452,52560,0.690613,0.61,1,135830,135378,452
18280181,5.89928,11.0967,452,52560,0.690123,0.61,1,135834,135382,452
18283101,4.37986,5.41935,452,52560,0.690024,0.61,1,135838,135386,452
18286021,7.27597,7.48387,452,52560,0.722005,0.61,1,135846,135394,452
18288941,3.05519,3.09677,452,52560,0.696401,0.61,1,135848,135396,452
18291861,10.211,10.2194,452,52560,0.69128,0.61,1,135860,135408,452
18294781,8.44221,8.44387,452,52560,0.690256,0.61,1,135868,135416,452
18297701,19.2884,19.2888,452,52560,0.690051,0.61,1,135890,135438,452
18300621,11.0577,10.2578,453,52560,0.70601,0.63,1,135899,135446,453
18303541,42.2115,42.0516,453,52560,0.677202,0.63,1,135949,135496,453
18306461,14.8423,14.8103,453,52560,0.67144,0.63,1,135957,135504,453
18309381,8.56846,7.76206,454,52560,0.686288,0.67,1,135964,135510,454
18312301,55.3137,53.5524,456,52560,0.689258,0.69,1,136031,135575,456
18315221,21.4627,20.3105,457,52560,0.641851,0.67,1,136044,135587,457
18318141,14.6925,15.2621,456,52560,0.66437,0.69,1,136057,135601,456
18321061,10.9385,11.0524,456,52560,0.636874,0.71,1,136067,135611,456
18323981,161.388,161.41,456,52560,0.647375,0.69,1,136266,135810,456
18326901,43.4775,43.4821,456,52560,0.649475,0.69,1,136280,135824,456
18329821,13.4955,13.4964,456,52560,0.649895,0.69,1,136286,135830,456
18332741,5.8991,5.89928,456,52560,0.617979,0.69,1,136290,135834,456
18335661,4.37982,4.37986,456,52560,0.643596,0.73,1,136294,135838,456
18338581,7.27596,7.27597,456,52560,0.616719,0.69,1,136302,135846,456
18341501,3.05519,3.05519,456,52560,0.611344,0.69,1,136304,135848,456
18344421,10.211,10.211,456,52560,0.642269,0.69,1,136316,135860,456
18347341,8.44221,8.44221,456,52560,0.648454,0.69,1,136324,135868,456
18350261,19.2884,19.2884,456,52560,0.649691,0.71,1,136346,135890,456
18353181,10.2577,11.0577,455,52560,0.649938,0.67,1,136354,135899,455
18356101,42.0515,42.2115,455,52560,0.665988,0.67,1,136404,135949,455
18359021,14.8103,14.8423,455,52560,0.669198,0.69,1,136412,135957,455
18361941,7.76206,8.56846,454,52560,0.637839,0.69,1,136418,135964,454
18364861,55.1524,55.3137,454,52560,0.679568,0.63,1,136485,136031,454
18367781,21.4305,21.4627,454,52560,0.703914,0.67,1,136498,136044,454
18370701,13.8861,14.6925,453,52560,0.676783,0.63,1,136510,136057,453
18373621,10.7772,10.9385,453,52560,0.671357,0.65,1,136520,136067,453
18376541,160.555,161.388,452,52560,0.718271,0.65,1,136718,136266,452
18379461,43.3111,43.4775,452,52560,0.679654,0.65,1,136732,136280,452
18382381,13.4622,13.4955,452,52560,0.671931,0.61,1,136738,136286,452
18385301,5.89244,5.8991,452,52560,0.670386,0.65,1,136742,136290,452
18388221,4.37849,4.37982,452,52560,0.670077,0.61,1,136746,136294,452
18391141,7.2757,7.27596,452,52560,0.702015,0.61,1,136754,136302,452
18394061,3.05514,3.05519,452,52560,0.676403,0.65,1,136756,136304,452
18396981,10.211,10.211,452,52560,0.703281,0.65,1,136768,136316,452
18399901,8.44221,8.44221,452,52560,0.708656,0.65,1,136776,136324,452
18402821,19.2884,19.2884,452,52560,0.677731,0.65,1,136798,136346,452
18405741,11.0577,10.2577,453,52560,0.687546,0.67,1,136807,136354,453
18408661,42.2115,42.0515,453,52560,0.657509,0.67,1,136857,136404,453
18411581,14.8423,14.8103,453,52560,0.683502,0.63,1,136865,136412,453
18414501,8.56846,7.76206,454,52560,0.6727,0.69,1,136872,136418,454
18417421,56.9137,55.1524,456,52560,0.67054,0.71,1,136941,136485,456
18420341,20.9827,21.4305,455,52560,0.638108,0.67,1,136953,136498,455
18423261,13.7965,13.8861,455,52560,0.647622,0.67,1,136965,136510,455
18426181,10.7593,10.7772,455,52560,0.649524,0.73,1,136975,136520,455
18429101,160.552,160.555,455,52560,0.649905,0.67,1,137173,136718,455
18432021,43.3104,43.3111,455,52560,0.665981,0.67,1,137187,136732,455
18434941,13.4621,13.4622,455,52560,0.669196,0.67,1,137193,136738,455
18437861,5.89241,5.89244,455,52560,0.637839,0.67,1,137197,136742,455
18440781,4.37848,4.37849,455,52560,0.663568,0.71,1,137201,136746,455
18443701,7.2757,7.2757,455,52560,0.636714,0.67,1,137209,136754,455
18446621,3.05514,3.05514,455,52560,0.631343,0.71,1,137211,136756,455
18449541,10.211,10.211,455,52560,0.630269,0.71,1,137223,136768,455
18452461,8.44221,8.44221,455,52560,0.630054,0.67,1,137231,136776,455
18455381,19.2884,19.2884,455,52560,0.662011,0.69,1,137253,136798,455
18458301,10.2577,11.0577,454,52560,0.636402,0.65,1,137261,136807,454
18461221,42.0515,42.2115,454,52560,0.67928,0.69,1,137311,136857,454
18464141,14.8103,14.8423,454,52560,0.655856,0.67,1,137319,136865,454
18467061,7.76206,8.56846,453,52560,0.651171,0.67,1,137325,136872,453
18469981,56.7524,56.9137,453,52560,0.714234,0.63,1,137394,136941,453
18472901,21.7505,20.9827,454,52560,0.726847,0.65,1,137407,136953,454
18475821,13.9501,13.7965,454,52560,0.697369,0.65,1,137419,136965,454
18478741,10.79,10.7593,454,52560,0.699474,0.65,1,137429,136975,454
18481661,159.758,160.552,453,52560,0.723895,0.67,1,137626,137173,453
18484581,43.1516,43.3104,453,52560,0.696779,0.67,1,137640,137187,453
18487501,13.4303,13.4621,453,52560,0.691356,0.63,1,137646,137193,453
18490421,5.88606,5.89241,453,52560,0.690271,0.67,1,137650,137197,453
18493341,4.37721,4.37848,453,52560,0.690054,0.63,1,137654,137201,453
18496261,7.27544,7.2757,453,52560,0.722011,0.63,1,137662,137209,453
18499181,3.05509,3.05514,453,52560,0.696402,0.63,1,137664,137211,453
18502101,10.211,10.211,453,52560,0.72328,0.63,1,137676,137223,453
18505021,8.4422,8.44221,453,52560,0.728656,0.67,1,137684,137231,453
18507941,19.2884,19.2884,453,52560,0.697731,0.63,1,137706,137253,453
18510861,11.0577,10.2577,454,52560,0.707546,0.69,1,137715,137261,454
18513781,42.2115,42.0515,454,52560,0.677509,0.65,1,137765,137311,454
18516701,14.8423,14.8103,454,52560,0.703502,0.65,1,137773,137319,454
18519621,8.56846,7.76206,455,52560,0.6927,0.73,1,137780,137325,455
18522541,58.5137,56.7524,457,52560,0.69054,0.73,1,137851,137394,457
18525461,21.3027,21.7505,456,52560,0.658108,0.69,1,137863,137407,456
18528381,13.8605,13.9501,456,52560,0.667622,0.7,1,137875,137419,456
18531301,10.7721,10.79,456,52560,0.669524,0.73,1,137885,137429,456
18534221,159.754,159.758,456,52560,0.685905,0.69,1,138082,137626,456
18537141,43.1509,43.1516,456,52560,0.689181,0.69,1,138096,137640,456
18540061,13.4302,13.4303,456,52560,0.689836,0.69,1,138102,137646,456
18542981,5.88604,5.88606,456,52560,0.657967,0.69,1,138106,137650,456
18545901,4.37721,4.37721,456,52560,0.683593,0.73,1,138110,137654,456
18548821,7.27544,7.27544,456,52560,0.656719,0.69,1,138118,137662,456
18551741,3.05509,3.05509,456,52560,0.651344,0.73,1,138120,137664,456
18554661,10.211,10.211,456,52560,0.682269,0.73,1,138132,137676,456
18557581,8.4422,8.4422,456,52560,0.688454,0.69,1,138140,137684,456
18560501,19.2884,19.2884,456,52560,0.689691,0.71,1,138162,137706,456
18563421,10.2577,11.0577,455,52560,0.689938,0.67,1,138170,137715,455
18566341,42.0515,42.2115,455,52560,0.705988,0.71,1,138220,137765,455
18569261,14.8103,14.8423,455,52560,0.709198,0.69,1,138228,137773,455
18572181,7.76206,8.56846,454,52560,0.67784,0.69,1,138234,137780,454
18575101,58.3524,58.5137,454,52560,0.735568,0.65,1,138305,137851,454
18578021,22.0705,21.3027,455,52560,0.747114,0.67,1,138318,137863,455
18580941,14.0141,13.8605,455,52560,0.717423,0.67,1,138330,137875,455
18583861,10.8028,10.7721,455,52560,0.711485,0.69,1,138340,137885,455
18586781,158.961,159.754,454,52560,0.758297,0.69,2,138536,138082,454
18589701,42.9921,43.1509,454,52560,0.719659,0.69,1,138550,138096,454
18592621,13.3984,13.4302,454,52560,0.711932,0.65,1,138556,138102,454
18595541,5.87968,5.88604,454,52560,0.710386,0.69,1,138560,138106,454
18598461,4.37594,4.37721,454,52560,0.710077,0.65,1,138564,138110,454
18601381,7.27519,7.27544,454,52560,0.742015,0.65,1,138572,138118,454
18604301,3.05504,3.05509,454,52560,0.716403,0.69,1,138574,138120,454
18607221,10.211,10.211,454,52560,0.743281,0.69,1,138586,138132,454
18610141,8.4422,8.4422,454,52560,0.748656,0.69,1,138594,138140,454
18613061,19.2884,19.2884,454,52560,0.717731,0.69,1,138616,138162,454
18615981,11.0577,10.2577,455,52560,0.727546,0.71,1,138625,138170,455
18618901,42.2115,42.0515,455,52560,0.697509,0.71,1,138675,138220,455
18621821,14.8423,14.8103,455,52560,0.723502,0.67,1,138683,138228,455
18624741,8.56846,7.76206,456,52560,0.7127,0.75,1,138690,138234,456
18627661,60.1137,58.3524,458,52560,0.71054,0.75,1,138763,138305,458
18630581,21.6227,22.0705,457,52560,0.678108,0.71,1,138775,138318,457
18633501,13.9245,14.0141,457,52560,0.687622,0.71,1,138787,138330,457
18636421,10.7849,10.8028,457,52560,0.689524,0.77,1,138797,138340,457
18639341,158.957,158.961,457,52560,0.689905,0.71,1,138993,138536,457
18642261,42.9914,42.9921,457,52560,0.705981,0.71,1,139007,138550,457
18645181,13.3983,13.3984,457,52560,0.709196,0.71,1,139013,138556,457
18648101,5.87966,5.87968,457,52560,0.677839,0.71,1,139017,138560,457
18651021,4.37593,4.37594,457,52560,0.703568,0.75,1,139021,138564,457
18653941,7.27519,7.27519,457,52560,0.676714,0.71,1,139029,138572,457
18656861,3.05504,3.05504,457,52560,0.671343,0.75,1,139031,138574,457
18659781,10.211,10.211,457,52560,0.670269,0.75,1,139043,138586,457
18662701,8.4422,8.4422,457,52560,0.670054,0.71,1,139051,138594,457
18665621,19.2884,19.2884,457,52560,0.702011,0.73,1,139073,138616,457
18668541,10.2577,11.0577,456,52560,0.676402,0.69,1,139081,138625,456
18671461,42.0515,42.2115,456,52560,0.71928,0.73,1,139131,138675,456
18674381,14.8103,14.8423,456,52560,0.695856,0.71,1,139139,138683,456
18677301,7.76206,8.56846,455,52560,0.691171,0.71,1,139145,138690,455
18680221,59.9524,60.1137,455,52560,0.754234,0.67,2,139218,138763,455
18683141,22.3905,21.6227,456,52560,0.766847,0.69,2,139231,138775,456
18686061,14.0781,13.9245,456,52560,0.737369,0.69,1,139243,138787,456
18688981,10.8156,10.7849,456,52560,0.731474,0.69,1,139253,138797,456
18691901,158.163,158.957,455,52560,0.762295,0.71,2,139448,138993,455
18694821,42.8326,42.9914,455,52560,0.736459,0.71,1,139462,139007,455
18697741,13.3665,13.3983,455,52560,0.731292,0.67,1,139468,139013,455
18700661,5.8733,5.87966,455,52560,0.730258,0.71,1,139472,139017,455
18703581,4.37466,4.37593,455,52560,0.730052,0.67,1,139476,139021,455
18706501,7.27493,7.27519,455,52560,0.76201,0.67,2,139484,139029,455
18709421,3.05499,3.05504,455,52560,0.736402,0.67,1,139486,139031,455
18712341,10.211,10.211,455,52560,0.76328,0.67,2,139498,139043,455
18715261,8.4422,8.4422,455,52560,0.768656,0.71,2,139506,139051,455
18718181,19.2884,19.2884,455,52560,0.737731,0.67,1,139528,139073,455
18721101,11.0577,10.2577,456,52560,0.747546,0.73,1,139537,139081,456
18724021,42.2115,42.0515,456,52560,0.717509,0.69,1,139587,139131,456
18726941,14.8423,14.8103,456,52560,0.743502,0.69,1,139595,139139,456
18729861,8.56846,7.76206,457,52560,0.7327,0.77,1,139602,139145,457
18732781,61.7137,59.9524,459,52560,0.73054,0.77,1,139677,139218,459
18735701,21.9427,22.3905,458,52560,0.698108,0.73,1,139689,139231,458
18738621,13.9885,14.0781,458,52560,0.707622,0.73,1,139701,139243,458
18741541,10.7977,10.8156,458,52560,0.709524,0.77,1,139711,139253,458
18744461,158.16,158.163,458,52560,0.693905,0.73,1,139906,139448,458
18747381,42.8319,42.8326,458,52560,0.722781,0.73,1,139920,139462,458
18750301,13.3664,13.3665,458,52560,0.728556,0.73,1,139926,139468,458
18753221,5.87328,5.8733,458,52560,0.697711,0.73,1,139930,139472,458
18756141,4.37466,4.37466,458,52560,0.723542,0.77,1,139934,139476,458
18759061,7.27493,7.27493,458,52560,0.696708,0.73,1,139942,139484,458
18761981,3.05499,3.05499,458,52560,0.691342,0.77,1,139944,139486,458
18764901,10.211,10.211,458,52560,0.722268,0.77,1,139956,139498,458
18767821,8.4422,8.4422,458,52560,0.728454,0.73,1,139964,139506,458
18770741,19.2884,19.2884,458,52560,0.729691,0.75,1,139986,139528,458
18773661,10.2577,11.0577,457,52560,0.729938,0.71,1,139994,139537,457
18776581,42.0515,42.2115,457,52560,0.753988,0.75,2,140044,139587,457
18779501,14.8103,14.8423,457,52560,0.750798,0.73,2,140052,139595,457
18782421,7.76206,8.56846,456,52560,0.718159,0.73,1,140058,139602,456
18785341,61.5524,61.7137,456,52560,0.775632,0.69,2,140133,139677,456
18788261,22.7105,21.9427,457,52560,0.787126,0.71,2,140146,139689,457
18791181,14.1421,13.9885,457,52560,0.757425,0.71,2,140158,139701,457
18794101,10.8284,10.7977,457,52560,0.751485,0.69,2,140168,139711,457
18797021,157.366,158.16,456,52560,0.766297,0.73,2,140362,139906,456
18799941,42.6731,42.8319,456,52560,0.753259,0.73,2,140376,139920,456
18802861,13.3346,13.3664,456,52560,0.750652,0.69,2,140382,139926,456
18805781,5.86693,5.87328,456,52560,0.75013,0.73,2,140386,139930,456
18808701,4.37339,4.37466,456,52560,0.750026,0.69,2,140390,139934,456
18811621,7.27468,7.27493,456,52560,0.782005,0.69,2,140398,139942,456
18814541,3.05494,3.05499,456,52560,0.756401,0.73,2,140400,139944,456
18817461,10.211,10.211,456,52560,0.78328,0.73,2,140412,139956,456
18820381,8.4422,8.4422,456,52560,0.788656,0.73,2,140420,139964,456
18823301,19.2884,19.2884,456,52560,0.757731,0.73,2,140442,139986,456
18826221,11.0577,10.2577,457,52560,0.767546,0.76,2,140451,139994,457
18840821,12,13,459,52560,0.93,0.75,2,140605,140146,459
18843741,12,12.2,459,52560,0.93,0.75,2,140617,140158,459
18855421,6,6,459,52560,0.95,0.75,2,140841,140382,459
18858341,4.4,4.4,459,52560,0.918,0.75,2,140845,140386,459
18861261,4.08,4.08,459,52560,0.9436,0.79,2,140849,140390,459
18864181,7.216,7.216,459,52560,0.91672,0.75,2,140857,140398,459
18867101,3.0432,3.0432,459,52560,0.911344,0.79,2,140859,140400,459
18870021,10.2086,10.2086,459,52560,0.910269,0.79,2,140871,140412,459
18872941,8.44173,8.44173,459,52560,0.910054,0.75,2,140879,140420,459
18875861,19.2883,19.2883,459,52560,0.942011,0.77,2,140901,140442,459
18878781,10.2577,11.0577,458,52560,0.916402,0.94,2,140909,140451,458
19109461,19,13,482,52560,0.87,1,2,143017,142535,482
19112381,147,149.8,477,52560,0.758,1,2,143196,142719,477
19115301,36.6,41.96,471,51100,0.7196,1,1,143205,142734,471
19118221,15.32,14.792,473,51100,0.69592,1,1,143215,142742,473
19121141,9.464,8.5584,474,51100,0.691184,1,1,143223,142749,474
19124061,9.0928,7.31168,476,51100,0.706237,1,1,143232,142756,476
19126981,11.4186,11.0623,476,51100,0.677247,1,1,143244,142768,476
19129901,11.8837,11.0125,477,51100,0.671449,0.99,1,143256,142779,477
19132821,7.17674,7.80249,476,51100,0.67029,1,1,143262,142786,476
19135741,6.23535,5.5605,477,51100,0.670058,1,1,143268,142791,477
19138661,8.44707,9.1121,476,51100,0.654012,1,1,143277,142801,476
19141581,8.08941,8.22242,476,51100,0.682802,1,1,143285,142809,476
19144501,50.4179,50.4445,476,51100,0.672561,1,1,143346,142870,476
19147421,17.2836,18.8889,474,51100,0.654512,0.98,1,143355,142881,474
19150341,11.4567,9.37778,477,51100,0.666902,1,1,143365,142888,477
19153261,44.6913,50.6756,469,51100,0.68538,0.9,1,143418,142949,469
19156181,32.1383,38.1351,463,51100,0.689076,0.87,1,143447,142984,463
19159101,16.8277,18.827,462,51100,0.673815,0.87,1,143460,142998,462
19162021,17.7655,18.9654,461,51100,0.670763,0.73,1,143478,143017,461
19164941,149.153,146.993,464,51100,0.654153,0.71,1,143660,143196,464
19167861,37.8306,36.5986,465,51100,0.618831,0.69,1,143670,143205,465
19170781,13.9661,15.3197,463,51100,0.611766,0.69,1,143678,143215,463
19173701,9.19322,9.46394,463,51100,0.610353,0.71,1,143686,143223,463
19176621,11.4386,9.09279,466,51100,0.610071,0.67,1,143698,143232,466
19179541,11.8877,11.4186,466,51100,0.626014,0.67,1,143710,143244,466
19182461,7.17755,11.8837,460,51100,0.629203,0.67,1,143716,143256,460
19185381,4.63551,7.17674,458,51100,0.629841,0.67,1,143720,143262,458
19188301,8.9271,6.23535,462,51100,0.637968,0.65,1,143730,143268,462
19191221,8.18542,8.44707,461,51100,0.631594,0.69,1,143738,143277,461
19194141,52.0371,8.08941,516,51100,0.662319,0.67,1,143801,143285,516
19197061,16.8074,50.4179,463,51100,0.636464,0.65,1,143809,143346,463
19199981,12.9615,17.2836,466,51100,0.663293,0.67,1,143821,143355,466
19202901,42.5923,11.4567,506,51100,0.668659,0.69,1,143871,143365,506
19205821,31.7185,44.6913,482,51100,0.653732,0.69,1,143900,143418,482
19208741,17.5437,32.1383,467,51100,0.682746,0.67,1,143914,143447,467
19211661,17.9087,16.8277,472,51100,0.688549,0.67,1,143932,143460,472
19214581,146.782,17.7655,633,51100,0.67371,0.65,1,144111,143478,633
19217501,37.3563,149.153,461,51100,0.670742,0.61,1,144121,143660,461
19220421,13.8713,37.8306,459,51100,0.670148,0.61,1,144129,143670,459
19223341,9.17425,13.9661,459,51100,0.67003,0.61,1,144137,143678,459
19226261,12.2349,9.19322,464,51100,0.670006,0.61,1,144150,143686,464
19229181,12.047,11.4386,464,51100,0.670001,0.63,1,144162,143698,464
19232101,7.20939,11.8877,458,51100,0.67,0.63,1,144168,143710,458
19235021,4.64188,7.17755,456,51100,0.67,0.63,1,144172,143716,456
19237941,8.92838,4.63551,462,51100,0.67,0.64,1,144182,143720,462
19240861,8.18568,8.9271,460,51100,0.67,0.63,1,144190,143730,460
19243781,53.6371,8.18542,517,51100,0.702,0.67,1,144255,143738,517
19246701,17.1274,52.0371,462,51100,0.6764,0.63,1,144263,143801,462
19249621,13.0255,16.8074,466,51100,0.70328,0.67,1,144275,143809,466
19252541,42.6051,12.9615,504,51100,0.692656,0.67,1,144325,143821,504
19255461,32.521,42.5923,484,51100,0.658531,0.65,1,144355,143871,484
19258381,17.7042,31.7185,469,51100,0.683706,0.69,1,144369,143900,469
19261301,17.9408,17.5437,473,51100,0.688741,0.69,1,144387,143914,473
19264221,145.988,17.9087,633,51100,0.705748,0.67,1,144565,143932,633
19267141,37.1976,146.782,464,51100,0.70915,0.67,1,144575,144111,464
19270061,13.8395,37.3563,462,51100,0.70983,0.67,1,144583,144121,462
19272981,9.96791,13.8713,463,51100,0.725966,0.67,1,144592,144129,463
19275901,11.5936,9.17425,467,51100,0.697193,0.67,1,144604,144137,467
19278821,11.9187,12.2349,466,51100,0.691439,0.67,1,144616,144150,466
19281741,7.18374,12.047,460,51100,0.690288,0.67,1,144622,144162,460
19284661,4.63675,7.20939,458,51100,0.690058,0.67,1,144626,144168,458
19287581,8.92735,4.64188,464,51100,0.690012,0.67,1,144636,144172,464
19290501,8.18547,8.92838,462,51100,0.690002,0.67,1,144644,144182,462
19293421,55.2371,8.18568,521,51100,0.69,0.71,1,144711,144190,521
19296341,17.4474,53.6371,464,51100,0.69,0.67,1,144719,144255,464
19299261,13.0895,17.1274,468,51100,0.69,0.71,1,144731,144263,468
19302181,41.8179,13.0255,505,51100,0.69,0.69,1,144780,144275,505
19305101,32.3636,42.6051,485,51100,0.69,0.65,1,144810,144325,485
19308021,17.6727,32.521,469,51100,0.69,0.69,1,144824,144355,469
19310941,18.7345,17.7042,474,51100,0.722,0.69,1,144843,144369,474
19313861,146.147,17.9408,634,51100,0.7284,0.71,1,145021,144387,634
19316781,37.2294,145.988,466,51100,0.72968,0.71,1,145031,144565,466
19319701,13.8459,37.1976,464,51100,0.729936,0.71,1,145039,144575,464
19322621,9.16918,13.8395,464,51100,0.729987,0.73,1,145047,144583,464
19325541,11.4338,9.96791,467,51100,0.729997,0.69,1,145059,144592,467
19328461,11.8868,11.5936,467,51100,0.745999,0.69,1,145071,144604,467
19331381,7.17735,11.9187,461,51100,0.7492,0.69,1,145077,144616,461
19334301,4.63547,7.18374,459,51100,0.74984,0.69,1,145081,144622,459
19337221,8.92709,4.63675,465,51100,0.749968,0.69,1,145091,144626,465
19340141,8.18542,8.92735,463,51100,0.749994,0.69,1,145099,144636,463
19343061,55.2371,8.18547,522,51100,0.749999,0.69,1,145166,144644,522
19345981,17.4474,55.2371,463,51100,0.75,0.69,1,145174,144711,463
19348901,13.0895,17.4474,467,51100,0.75,0.69,1,145186,144719,467
19351821,41.8179,13.0895,504,51100,0.75,0.69,1,145235,144731,504
19354741,32.3636,41.8179,485,51100,0.75,0.69,1,145265,144780,485
19357661,17.6727,32.3636,469,51100,0.75,0.69,1,145279,144810,469
19360581,20.3345,17.6727,476,51100,0.75,0.73,1,145300,144824,476
19363501,146.467,18.7345,635,51100,0.75,0.73,1,145478,144843,635
19366421,37.2934,146.147,467,51100,0.75,0.73,1,145488,145021,467
19369341,13.8587,37.2294,465,51100,0.75,0.73,1,145496,145031,465
19372261,9.17174,13.8459,465,51100,0.75,0.73,1,145504,145039,465
19375181,12.2343,9.16918,470,51100,0.782,0.73,2,145517,145047,470
19378101,12.0469,11.4338,470,51100,0.7724,0.75,2,145529,145059,470
19381021,7.20937,11.8868,464,51100,0.77048,0.75,2,145535,145071,464
19383941,4.64187,7.17735,462,51100,0.770096,0.75,2,145539,145077,462
19386861,8.92837,4.63547,468,51100,0.770019,0.75,2,145549,145081,468
19389781,8.18567,8.92709,466,51100,0.770004,0.75,2,145557,145091,466
19392701,55.2371,8.18542,525,51100,0.802001,0.75,2,145624,145099,525
19395621,17.4474,55.2371,466,51100,0.8084,0.75,2,145632,145166,466
19398541,13.0895,17.4474,470,51100,0.80968,0.75,2,145644,145174,470
19401461,41.8179,13.0895,507,51100,0.809936,0.75,2,145693,145186,507
19404381,32.3636,41.8179,488,51100,0.809987,0.75,2,145723,145235,488
19407301,17.6727,32.3636,472,51100,0.809997,0.75,2,145737,145265,472
19410221,20.3345,17.6727,479,51100,0.81,0.75,2,145758,145279,479
19413141,146.467,20.3345,636,51100,0.794,0.75,2,145936,145300,636
19416061,37.2934,146.467,468,51100,0.7908,0.75,2,145946,145478,468
19418981,13.8587,37.2934,466,51100,0.79016,0.75,2,145954,145488,466
19421901,9.97174,13.8587,467,51100,0.806032,0.75,2,145963,145496,467
19424821,12.3943,9.17174,472,51100,0.809206,0.79,2,145976,145504,472
19427741,12.0789,12.2343,471,51100,0.777841,0.77,2,145988,145517,471
19430661,7.21577,12.0469,465,51100,0.771568,0.77,2,145994,145529,465
19433581,4.64315,7.20937,463,51100,0.770314,0.77,2,145998,145535,463
19436501,8.92863,4.64187,469,51100,0.770063,0.77,2,146008,145539,469
19439421,8.18573,8.92837,467,51100,0.770013,0.77,2,146016,145549,467
19442341,56.8371,8.18567,528,51100,0.802003,0.81,2,146085,145557,528
19445261,17.7674,55.2371,469,51100,0.808401,0.81,2,146093,145624,469
19448181,13.1535,17.4474,473,51100,0.80968,0.81,2,146105,145632,473
19451101,41.8307,13.0895,510,51100,0.809936,0.81,2,146154,145644,510
19454021,32.3661,41.8179,491,51100,0.809987,0.81,2,146184,145693,491
19456941,18.4732,32.3636,476,51100,0.825997,0.81,2,146199,145723,476
19459861,19.6946,17.6727,482,51100,0.8452,0.81,2,146219,145737,482
19462781,145.539,20.3345,638,51100,0.84904,0.79,2,146396,145758,638
19465701,37.1078,146.467,470,51100,0.849808,0.79,2,146406,145936,470
19468621,13.8216,37.2934,468,51100,0.849962,0.79,2,146414,145946,468
19471541,9.96431,13.8587,469,51100,0.833992,0.81,2,146423,145954,469
19474461,11.5929,9.97174,472,51100,0.830799,0.81,2,146435,145963,472
19477381,11.9186,12.3943,471,51100,0.83016,0.77,2,146447,145976,471
19480301,7.18371,12.0789,465,51100,0.830032,0.77,2,146453,145988,465
19483221,4.63674,7.21577,463,51100,0.830006,0.77,2,146457,145994,463
19486141,8.92735,4.64315,469,51100,0.830001,0.77,2,146467,145998,469
19489061,8.18547,8.92863,467,51100,0.83,0.77,2,146475,146008,467
19491981,58.4371,8.18573,530,51100,0.83,0.81,2,146546,146016,530
19494901,18.0874,56.8371,469,51100,0.83,0.81,2,146554,146085,469
19497821,13.2175,17.7674,473,51100,0.83,0.81,2,146566,146093,473
19500741,41.8435,13.1535,510,51100,0.814,0.81,2,146615,146105,510
19503661,32.3687,41.8307,491,51100,0.8108,0.81,2,146645,146154,491
19506581,20.0737,32.3661,478,51100,0.79416,0.83,2,146662,146184,478
19509501,20.0147,18.4732,483,51100,0.822832,0.85,2,146682,146199,483
19512421,145.603,19.6946,640,51100,0.812566,0.85,2,146859,146219,640
19515341,37.1206,145.539,473,51100,0.810513,0.85,2,146869,146396,473
19518261,13.8241,37.1078,471,51100,0.810103,0.85,2,146877,146406,471
19521181,9.16482,13.8216,471,51100,0.810021,0.83,2,146885,146414,471
19524101,11.433,9.96431,474,51100,0.810004,0.83,2,146897,146423,474
19527021,11.8866,11.5929,474,51100,0.826001,0.83,2,146909,146435,474
19529941,7.17732,11.9186,468,51100,0.8292,0.83,2,146915,146447,468
19532861,4.63546,7.18371,466,51100,0.82984,0.83,2,146919,146453,466
19535781,8.92709,4.63674,472,51100,0.829968,0.83,2,146929,146457,472
19538701,8.18542,8.92735,470,51100,0.829994,0.83,2,146937,146467,470
19541621,58.4371,8.18547,533,51100,0.829999,0.83,2,147008,146475,533
19544541,18.0874,58.4371,470,51100,0.83,0.83,2,147016,146546,470
19547461,13.2175,18.0874,474,51100,0.83,0.83,2,147028,146554,474
19550381,41.0435,13.2175,510,51100,0.83,0.81,2,147076,146566,510
19553301,32.2087,41.8435,491,51100,0.83,0.81,2,147106,146615,491
19556221,20.8417,32.3687,479,51100,0.83,0.79,2,147124,146645,479
19559141,20.1683,20.0737,482,51100,0.83,0.83,2,147144,146662,482
19562061,144.834,20.0147,638,49640,0.814,0.81,2,147320,146682,638
19564981,36.9667,145.603,471,49640,0.8108,0.81,2,147330,146859,471
19567901,13.7933,37.1206,469,49640,0.81016,0.81,2,147338,146869,469
19570821,9.15867,13.8241,469,49640,0.810032,0.81,2,147346,146877,469
19573741,12.2317,9.16482,474,49640,0.794006,0.81,2,147359,146885,474
19576661,12.0463,11.433,474,49640,0.822801,0.83,2,147371,146897,474
19579581,7.20927,11.8866,468,49640,0.82856,0.83,2,147377,146909,468
19582501,4.64185,7.17732,466,49640,0.829712,0.83,2,147381,146915,466
19585421,8.92837,4.63546,472,49640,0.829942,0.83,2,147391,146919,472
19588341,8.18567,8.92709,470,49640,0.829988,0.83,2,147399,146929,470
19591261,58.4371,8.18542,533,49640,0.813998,0.83,2,147470,146937,533
19594181,18.0874,58.4371,470,49640,0.8108,0.83,2,147478,147008,470
19597101,13.2175,18.0874,474,49640,0.81016,0.83,2,147490,147016,474
19600021,41.0435,13.2175,510,49640,0.794032,0.83,2,147538,147028,510
19602941,32.2087,41.0435,492,49640,0.790806,0.83,2,147568,147076,492
19605861,20.8417,32.2087,480,49640,0.790161,0.83,2,147586,147106,480
19608781,20.1683,20.8417,482,49640,0.790032,0.81,2,147606,147124,482
19611701,144.834,160.968,462,48180,0.790006,0.81,2,147782,147320,462
19614621,36.9667,40.1937,462,48180,0.758001,0.81,2,147792,147330,462
19617541,13.7933,14.4387,462,48180,0.7516,0.81,2,147800,147338,462
19620461,9.15867,9.28775,462,48180,0.78232,0.79,2,147808,147346,462
19623381,13.0317,12.2575,463,48180,0.756464,0.83,2,147822,147359,463
19626301,12.2063,12.0515,463,48180,0.783293,0.83,2,147834,147371,463
19629221,7.24127,7.2103,463,48180,0.788658,0.83,2,147840,147377,463
19632141,4.64825,4.64206,463,48180,0.757732,0.83,2,147844,147381,463
19635061,8.92965,8.92841,463,48180,0.751546,0.83,2,147854,147391,463
19637981,8.18593,8.18568,463,48180,0.782309,0.81,2,147862,147399,463
19640901,57.6372,58.4371,462,48180,0.788462,0.81,2,147932,147470,462
19643821,17.9274,18.0874,462,48180,0.757692,0.81,2,147940,147478,462
19646741,13.1855,13.2175,462,48180,0.783538,0.79,2,147952,147490,462
19649661,40.2371,41.0435,461,48180,0.756708,0.79,2,147999,147538,461
19652581,32.0474,32.2087,461,48180,0.775342,0.79,2,148029,147568,461
19655501,20.8095,20.8417,461,48180,0.771068,0.79,2,148047,147586,461
19658421,158.562,20.1683,634,48180,0.770214,0.79,2,148240,147606,634
19661341,39.7124,144.834,468,48180,0.770043,0.75,2,148250,147782,468
19664261,14.3425,36.9667,466,48180,0.770009,0.75,2,148258,147792,466
19667181,9.2685,13.7933,466,48180,0.770002,0.79,2,148266,147800,466
19670101,13.0537,9.15867,472,48180,0.77,0.75,2,148280,147808,472
19673021,12.2107,13.0317,470,48180,0.77,0.79,2,148292,147822,470
19675941,7.24215,12.2063,464,48180,0.77,0.79,2,148298,147834,464
19678861,4.64843,7.24127,462,48180,0.77,0.75,2,148302,147840,462
19681781,8.92969,4.64825,468,48180,0.77,0.75,2,148312,147844,468
19684701,8.18594,8.92965,466,48180,0.77,0.79,2,148320,147854,466
19687621,57.6372,8.18593,528,48180,0.77,0.79,2,148390,147862,528
19690541,17.9274,57.6372,466,48180,0.77,0.75,2,148398,147932,466
19693461,13.1855,17.9274,470,48180,0.77,0.79,2,148410,147940,470
19696381,40.2371,13.1855,505,48180,0.77,0.75,2,148457,147952,505
19699301,32.8474,40.2371,489,48180,0.778,0.78,2,148488,147999,489
19702221,20.9695,32.0474,477,48180,0.7716,0.77,2,148506,148029,477
19705141,158.594,20.8095,652,48180,0.75432,0.77,2,148699,148047,652
19708061,39.7188,158.562,469,48180,0.750864,0.77,2,148709,148240,469
19710981,14.3438,39.7124,467,48180,0.750173,0.77,2,148717,148250,467
19713901,9.26875,14.3425,467,48180,0.750035,0.77,2,148725,148258,467
19716821,13.0537,9.2685,473,48180,0.766007,0.77,2,148739,148266,473
19719741,12.2108,13.0537,471,48180,0.769201,0.77,2,148751,148280,471
19722661,7.24215,12.2107,465,48180,0.76984,0.77,2,148757,148292,465
19725581,4.64843,7.24215,463,48180,0.769968,0.77,2,148761,148298,463
19728501,8.92969,4.64843,469,48180,0.769994,0.77,2,148771,148302,469
19731421,8.18594,8.92969,467,48180,0.769999,0.77,2,148779,148312,467
19734341,57.6372,8.18594,529,48180,0.77,0.77,2,148849,148320,529
19737261,17.9274,57.6372,467,48180,0.77,0.77,2,148857,148390,467
19740181,13.1855,17.9274,471,48180,0.77,0.77,2,148869,148398,471
19743101,40.2371,13.1855,506,48180,0.77,0.77,2,148916,148410,506
19746021,32.8474,40.2371,490,48180,0.778,0.78,2,148947,148457,490
19748941,20.9695,32.8474,477,48180,0.7716,0.77,2,148965,148488,477
19751861,157.794,20.9695,651,48180,0.77032,0.75,2,149157,148506,651
19754781,39.5588,158.594,468,48180,0.770064,0.75,2,149167,148699,468
19757701,14.3118,39.7188,466,48180,0.770013,0.75,2,149175,148709,466
19760621,10.0624,14.3438,467,48180,0.786003,0.75,2,149184,148717,467
19763541,13.2125,9.26875,473,48180,0.773201,0.77,2,149198,148725,473
19766461,12.2425,13.0537,471,48180,0.77064,0.77,2,149210,148739,471
19769381,7.2485,12.2108,465,48180,0.770128,0.77,2,149216,148751,465
19772301,4.6497,7.24215,463,48180,0.770026,0.77,2,149220,148757,463
19775221,8.92994,4.64843,469,48180,0.770005,0.77,2,149230,148761,469
19778141,8.18599,8.92969,467,48180,0.770001,0.77,2,149238,148771,467
19781061,57.6372,8.18594,529,48180,0.77,0.77,2,149308,148779,529
19783981,17.9274,57.6372,467,48180,0.77,0.77,2,149316,148849,467
19786901,13.1855,17.9274,471,48180,0.77,0.77,2,149328,148857,471
19789821,41.0371,13.1855,507,48180,0.786,0.77,2,149376,148869,507
19792741,32.2074,40.2371,490,48180,0.7892,0.78,2,149406,148916,490
19795661,20.8415,32.8474,477,48180,0.78984,0.77,2,149424,148947,477
19798581,157.768,20.9695,651,48180,0.789968,0.77,2,149616,148965,651
19801501,39.5537,157.794,469,48180,0.789994,0.77,2,149626,149157,469
19804421,14.3107,39.5588,467,48180,0.789999,0.77,2,149634,149167,467
19807341,10.0621,14.3118,468,48180,0.806,0.79,2,149643,149175,468
19810261,13.2124,10.0624,473,48180,0.7772,0.77,2,149657,149184,473
19813181,12.2425,13.2125,471,48180,0.77144,0.77,2,149669,149198,471
19816101,7.2485,12.2425,465,48180,0.770288,0.77,2,149675,149210,465
19819021,4.6497,7.2485,463,48180,0.770058,0.77,2,149679,149216,463
19821941,8.92994,4.6497,469,48180,0.770012,0.77,2,149689,149220,469
19824861,8.18599,8.92994,467,48180,0.770002,0.77,2,149697,149230,467
19827781,57.6372,8.18599,529,48180,0.77,0.77,2,149767,149238,529
19830701,17.9274,57.6372,467,48180,0.77,0.77,2,149775,149308,467
19833621,13.1855,17.9274,471,48180,0.77,0.77,2,149787,149316,471
19836541,41.8371,13.1855,508,48180,0.77,0.79,2,149836,149328,508
19839461,32.3674,41.0371,490,48180,0.786,0.79,2,149866,149376,490
19842381,20.8735,32.2074,478,48180,0.7892,0.79,2,149884,149406,478
19845301,157.775,20.8415,652,48180,0.78984,0.79,2,150076,149424,652
19848221,39.5549,157.768,470,48180,0.789968,0.79,2,150086,149616,470
19851141,14.311,39.5537,468,48180,0.789994,0.79,2,150094,149626,468
19854061,9.2622,14.3107,468,48180,0.789999,0.81,2,150102,149634,468
19856981,13.0524,10.0621,473,48180,0.806,0.77,2,150116,149643,473
19859901,12.2105,13.2124,471,48180,0.8092,0.77,2,150128,149657,471
19862821,7.2421,12.2425,465,48180,0.80984,0.77,2,150134,149669,465
19865741,4.64842,7.2485,463,48180,0.809968,0.77,2,150138,149675,463
19868661,8.92968,4.6497,469,48180,0.809994,0.77,2,150148,149679,469
19871581,8.18594,8.92994,467,48180,0.809999,0.77,2,150156,149689,467
19874501,57.6372,8.18599,529,48180,0.81,0.77,2,150226,149697,529
19877421,17.9274,57.6372,467,48180,0.81,0.77,2,150234,149767,467
19880341,13.1855,17.9274,471,48180,0.81,0.77,2,150246,149775,471
19883261,42.6371,13.1855,509,48180,0.81,0.77,2,150296,149787,509
19886181,32.5274,41.8371,490,48180,0.81,0.79,2,150326,149836,490
19889101,20.9055,32.3674,478,48180,0.81,0.79,2,150344,149866,478
20262861,16,20,485,42340,0.93,0.96,2,154354,153869,485
20265781,22.4,16.8,493,42340,0.93,0.97,2,154378,153885,493
20268701,26.88,22.56,497,42340,0.93,0.96,2,154406,153909,497
20271621,16.576,26.912,483,42340,0.93,1,2,154420,153937,483
20274541,18.5152,16.5824,488,42340,0.914,0.97,2,154439,153951,488
20277461,17.303,17.7165,487,42340,0.9268,0.99,2,154456,153969,487
20280381,11.4606,17.1433,480,42340,0.92936,0.99,2,154466,153986,480
20283301,11.8921,11.4287,482,42340,0.929872,0.99,2,154478,153996,482
20286221,8.77842,11.8857,478,42340,0.929974,0.99,2,154486,154008,478
20289141,9.75568,8.77715,480,42340,0.929995,0.99,2,154496,154016,480
20292061,61.9511,11.3554,543,42340,0.913999,0.95,2,154571,154028,543
20294981,23.5902,62.2711,482,42340,0.9108,0.95,2,154585,154103,482
20297901,162.318,23.6542,665,42340,0.92616,0.91,2,154782,154117,665
20300821,50.0636,163.931,488,42340,0.929232,0.91,2,154804,154316,488
20303741,23.6127,50.3862,483,42340,0.913846,0.93,2,154821,154338,483
20306661,23.9225,22.8772,491,42340,0.910769,0.93,2,154845,154354,491
20309581,27.1845,23.7754,495,42340,0.910154,0.93,2,154873,154378,495
20312501,16.6369,27.1551,481,42340,0.910031,0.93,2,154887,154406,481
20315421,17.7274,16.631,485,42340,0.910006,0.91,2,154905,154420,485
20318341,17.9455,18.5262,484,42340,0.910001,0.93,2,154923,154439,484
20321261,11.5891,17.3052,477,42340,0.91,0.93,2,154933,154456,477
20324181,11.9178,11.461,479,42340,0.91,0.93,2,154945,154466,479
20327101,8.78356,11.8922,475,42340,0.91,0.93,2,154953,154478,475
20330021,9.75671,8.77844,477,42340,0.91,0.93,2,154963,154486,477
20332941,61.1513,9.75569,541,42340,0.894,0.91,2,155037,154496,541
20335861,23.4303,61.9511,480,42340,0.8908,0.91,2,155051,154571,480
20338781,163.086,23.5902,664,42340,0.84216,0.93,2,155249,154585,664
20341701,50.2172,162.318,489,42340,0.832432,0.93,2,155271,154782,489
20344621,22.8434,50.0636,483,42340,0.846486,0.91,2,155287,154804,483
20347541,23.7687,23.6127,490,42340,0.865297,0.91,2,155311,154821,490
20350461,27.1537,23.9225,494,42340,0.869059,0.91,2,155339,154845,494
20353381,16.6307,27.1845,480,42340,0.869812,0.91,2,155353,154873,480
20356301,17.7261,16.6369,484,42340,0.869962,0.91,2,155371,154887,484
20359221,17.9452,17.7274,484,42340,0.869992,0.91,2,155389,154905,484
20362141,11.589,17.9455,476,42340,0.869998,0.91,2,155399,154923,476
20365061,11.9178,11.5891,478,42340,0.87,0.91,2,155411,154933,478
20367981,8.78356,11.9178,474,42340,0.87,0.91,2,155419,154945,474
20370901,9.75671,8.78356,476,42340,0.87,0.91,2,155429,154953,476
20373821,60.3513,9.75671,539,42340,0.87,0.89,2,155502,154963,539
20376741,23.2703,61.1513,479,42340,0.87,0.89,2,155516,155037,479
20379661,160.654,23.4303,660,42340,0.886,0.83,2,155711,155051,660
20382581,49.7308,163.086,484,42340,0.8892,0.83,2,155733,155249,484
20385501,24.3462,50.2172,480,42340,0.85784,0.85,2,155751,155271,480
20388421,24.0692,22.8434,488,42340,0.851568,0.87,2,155775,155287,488
20391341,27.2138,23.7687,492,42340,0.850314,0.87,2,155803,155311,492
20394261,16.6428,27.1537,478,42340,0.850063,0.87,2,155817,155339,478
20397181,17.7286,16.6307,482,42340,0.850013,0.87,2,155835,155353,482
20400101,17.9457,17.7261,482,42340,0.850003,0.87,2,155853,155371,482
20403021,11.5891,17.9452,474,42340,0.85,0.87,2,155863,155389,474
20405941,11.9178,11.589,476,42340,0.85,0.87,2,155875,155399,476
20408861,8.78357,11.9178,472,42340,0.85,0.87,2,155883,155411,472
20411781,9.75671,8.78356,474,42340,0.85,0.87,2,155893,155419,474
20414701,60.3513,9.75671,537,42340,0.834,0.87,2,155966,155429,537
20417621,23.2703,60.3513,478,42340,0.8308,0.87,2,155980,155502,478
20420541,161.454,23.2703,660,42340,0.79816,0.89,2,156176,155516,660
20423461,49.8908,160.654,487,42340,0.791632,0.89,2,156198,155711,487
20426381,22.7782,49.7308,481,42340,0.806326,0.85,2,156214,155733,481
20429301,23.7556,24.3462,487,42340,0.809265,0.85,2,156238,155751,487
20432221,27.1511,24.0692,491,42340,0.809853,0.85,2,156266,155775,491
20435141,16.6302,27.2138,477,42340,0.809971,0.85,2,156280,155803,477
20438061,17.726,16.6428,481,42340,0.809994,0.85,2,156298,155817,481
20440981,17.9452,17.7286,481,42340,0.809999,0.85,2,156316,155835,481
20443901,11.589,17.9457,473,42340,0.81,0.85,2,156326,155853,473
20446821,11.9178,11.5891,475,42340,0.81,0.85,2,156338,155863,475
20449741,8.78356,11.9178,471,42340,0.81,0.85,2,156346,155875,471
20452661,9.75671,8.78357,473,42340,0.81,0.85,2,156356,155883,473
20455581,59.5513,9.75671,535,42340,0.81,0.83,2,156428,155893,535
20458501,23.1103,60.3513,476,42340,0.81,0.83,2,156442,155966,476
20461421,159.822,23.2703,656,42340,0.842,0.79,2,156636,155980,656
20464341,50.3644,161.454,483,42340,0.8324,0.79,2,156659,156176,483
20467261,22.8729,49.8908,477,42340,0.83048,0.81,2,156675,156198,477
20470181,23.7746,22.7782,485,42340,0.830096,0.81,2,156699,156214,485
20473101,27.1549,23.7556,489,42340,0.830019,0.81,2,156727,156238,489
20476021,16.631,27.1511,475,42340,0.830004,0.81,2,156741,156266,475
20478941,17.7262,16.6302,479,42340,0.830001,0.81,2,156759,156280,479
20481861,17.9452,17.726,479,42340,0.83,0.81,2,156777,156298,479
20484781,11.589,17.9452,471,42340,0.83,0.81,2,156787,156316,471
20487701,11.9178,11.589,473,42340,0.83,0.81,2,156799,156326,473
20490621,8.78356,11.9178,469,42340,0.83,0.81,2,156807,156338,469
20493541,9.75671,8.78356,471,42340,0.83,0.81,2,156817,156346,471
20496461,59.5513,9.75671,533,42340,0.83,0.81,2,156889,156356,533
20499381,23.1103,59.5513,475,42340,0.83,0.81,2,156903,156428,475
20502301,161.422,23.1103,657,42340,0.798,0.85,2,157099,156442,657
20505221,49.8844,159.822,485,42340,0.8076,0.83,2,157121,156636,485
20508141,22.7769,50.3644,478,42340,0.80952,0.83,2,157137,156659,478
20511061,23.7554,22.8729,486,42340,0.809904,0.83,2,157161,156675,486
20513981,27.1511,23.7746,490,42340,0.809981,0.83,2,157189,156699,490
20516901,16.6302,27.1549,476,42340,0.809996,0.83,2,157203,156727,476
20519821,17.726,16.631,480,42340,0.809999,0.83,2,157221,156741,480
20522741,17.9452,17.7262,480,42340,0.81,0.83,2,157239,156759,480
20525661,11.589,17.9452,472,42340,0.81,0.83,2,157249,156777,472
20528581,11.9178,11.589,474,42340,0.81,0.83,2,157261,156787,474
20531501,8.78356,11.9178,470,42340,0.81,0.83,2,157269,156799,470
20534421,9.75671,8.78356,472,42340,0.81,0.83,2,157279,156807,472
20537341,59.5513,9.75671,534,42340,0.81,0.83,2,157351,156817,534
20540261,23.1103,59.5513,476,42340,0.81,0.83,2,157365,156889,476
20543181,159.822,23.1103,656,42340,0.826,0.79,2,157559,156903,656
20546101,50.3644,161.422,483,42340,0.8452,0.81,2,157582,157099,483
20549021,22.8729,49.8844,477,42340,0.84904,0.81,2,157598,157121,477
20551941,23.7746,22.7769,485,42340,0.849808,0.81,2,157622,157137,485
20554861,27.1549,23.7554,489,42340,0.849962,0.81,2,157650,157161,489
20557781,16.631,27.1511,475,42340,0.849992,0.81,2,157664,157189,475
20560701,17.7262,16.6302,479,42340,0.849998,0.81,2,157682,157203,479
20563621,17.9452,17.726,479,42340,0.85,0.81,2,157700,157221,479
20566541,11.589,17.9452,471,42340,0.85,0.81,2,157710,157239,471
20569461,11.9178,11.589,473,42340,0.85,0.81,2,157722,157249,473
20572381,8.78356,11.9178,469,42340,0.85,0.81,2,157730,157261,469
20575301,9.75671,8.78356,471,42340,0.85,0.81,2,157740,157269,471
20578221,59.5513,9.75671,533,42340,0.85,0.81,2,157812,157279,533
20581141,23.1103,59.5513,475,42340,0.85,0.81,2,157826,157351,475
20584061,160.622,23.1103,656,42340,0.85,0.83,2,158021,157365,656
20586981,51.3244,159.822,486,42340,0.85,0.85,2,158045,157559,486
20589901,23.0649,50.3644,479,42340,0.866,0.85,2,158061,157582,479
20592821,23.813,22.8729,487,42340,0.8692,0.85,2,158085,157598,487
20595741,27.1626,23.7746,491,42340,0.86984,0.85,2,158113,157622,491
20598661,16.6325,27.1549,477,42340,0.869968,0.85,2,158127,157650,477
20601581,17.7265,16.631,481,42340,0.869994,0.85,2,158145,157664,481
20604501,17.9453,17.7262,481,42340,0.869999,0.85,2,158163,157682,481
20607421,11.5891,17.9452,473,42340,0.87,0.85,2,158173,157700,473
20610341,11.9178,11.589,475,42340,0.87,0.85,2,158185,157710,475
20613261,8.78356,11.9178,471,42340,0.87,0.85,2,158193,157722,471
20616181,9.75671,8.78356,473,42340,0.87,0.85,2,158203,157730,473
20619101,59.5513,9.75671,535,42340,0.87,0.85,2,158275,157740,535
20622021,23.1103,59.5513,477,42340,0.87,0.85,2,158289,157812,477
20624941,160.622,23.1103,658,42340,0.886,0.85,2,158484,157826,658
20627861,51.3244,160.622,487,42340,0.8892,0.85,2,158508,158021,487
20630781,23.8649,51.3244,480,42340,0.88984,0.87,2,158525,158045,480
20633701,23.973,23.0649,488,42340,0.889968,0.87,2,158549,158061,488
20636621,27.1946,23.813,492,42340,0.889994,0.87,2,158577,158085,492
20639541,16.6389,27.1626,478,42340,0.889999,0.87,2,158591,158113,478
20642461,17.7278,16.6325,482,42340,0.89,0.87,2,158609,158127,482
20645381,17.9456,17.7265,482,42340,0.89,0.87,2,158627,158145,482
20648301,11.5891,17.9453,474,42340,0.89,0.87,2,158637,158163,474
20651221,11.9178,11.5891,476,42340,0.89,0.87,2,158649,158173,476
20654141,8.78356,11.9178,472,42340,0.89,0.87,2,158657,158185,472
20657061,9.75671,8.78356,474,42340,0.89,0.87,2,158667,158193,474
20659981,59.5513,9.75671,536,42340,0.89,0.87,2,158739,158203,536
20662901,23.1103,59.5513,478,42340,0.89,0.87,2,158753,158275,478
20665821,161.422,23.1103,660,42340,0.906,0.89,2,158949,158289,660
20668741,51.4844,160.622,489,42340,0.9092,0.89,2,158973,158484,489
20671661,23.8969,51.3244,482,42340,0.90984,0.89,2,158990,158508,482
20674581,23.9794,23.8649,489,42340,0.909968,0.89,2,159014,158525,489
20677501,27.1959,23.973,493,42340,0.909994,0.89,2,159042,158549,493
20680421,16.6392,27.1946,479,42340,0.909999,0.89,2,159056,158577,479
20683341,17.7278,16.6389,483,42340,0.91,0.89,2,159074,158591,483
20686261,17.9456,17.7278,483,42340,0.91,0.89,2,159092,158609,483
20689181,11.5891,17.9456,475,42340,0.91,0.89,2,159102,158627,475
20692101,11.9178,11.5891,477,42340,0.91,0.89,2,159114,158637,477
20695021,8.78356,11.9178,473,42340,0.91,0.89,2,159122,158649,473
20697941,9.75671,8.78356,475,42340,0.91,0.89,2,159132,158657,475
20700861,59.5513,9.75671,537,42340,0.894,0.89,2,159204,158667,537
20703781,23.1103,59.5513,479,42340,0.8908,0.89,2,159218,158739,479
20706701,162.222,23.1103,662,42340,0.89016,0.91,2,159415,158753,662
20709621,51.6444,161.422,490,42340,0.890032,0.91,2,159439,158949,490
20712541,23.9289,51.4844,483,42340,0.890006,0.91,2,159456,158973,483
20715461,23.9858,23.8969,490,42340,0.890001,0.91,2,159480,158990,490
20718381,27.1972,23.9794,494,42340,0.89,0.91,2,159508,159014,494
20721301,16.6394,27.1959,480,42340,0.89,0.91,2,159522,159042,480
20724221,17.7279,16.6392,484,42340,0.89,0.91,2,159540,159056,484
20727141,17.9456,17.7278,484,42340,0.89,0.91,2,159558,159074,484
20730061,11.5891,17.9456,476,42340,0.89,0.91,2,159568,159092,476
20732981,11.9178,11.5891,478,42340,0.89,0.91,2,159580,159102,478
20735901,8.78356,11.9178,474,42340,0.89,0.91,2,159588,159114,474
20738821,9.75671,8.78356,476,42340,0.89,0.91,2,159598,159122,476
20741741,58.7513,9.75671,537,42340,0.906,0.89,2,159669,159132,537
20744661,22.9503,59.5513,479,42340,0.9092,0.89,2,159683,159204,479
20747581,162.19,23.1103,662,42340,0.92584,0.89,2,159880,159218,662
20750501,51.638,162.222,489,42340,0.929168,0.89,2,159904,159415,489
20753421,23.9276,51.6444,482,42340,0.929834,0.89,2,159921,159439,482
20756341,23.9855,23.9289,489,42340,0.929967,0.89,2,159945,159456,489
20759261,27.1971,23.9858,493,42340,0.929993,0.89,2,159973,159480,493
20762181,16.6394,27.1972,479,42340,0.929999,0.89,2,159987,159508,479
20765101,17.7279,16.6394,483,42340,0.93,0.89,2,160005,159522,483
20768021,17.9456,17.7279,483,42340,0.938,0.89,2,160023,159540,483
20770941,11.5891,17.9456,475,42340,0.9396,0.89,2,160033,159558,475
20773861,11.9178,11.5891,477,42340,0.93992,0.89,2,160045,159568,477
20776781,8.78356,11.9178,473,42340,0.939984,0.89,2,160053,159580,473
20779701,9.75671,8.78356,475,42340,0.931997,0.89,2,160063,159588,475
20782621,59.5513,9.75671,537,42340,0.930399,0.91,2,160135,159598,537
20785541,23.1103,58.7513,480,42340,0.93008,0.91,2,160149,159669,480
20788461,163.022,22.9503,664,42340,0.930016,0.93,2,160347,159683,664
20791381,51.8044,162.19,491,42340,0.930003,0.93,2,160371,159880,491
20794301,23.9609,51.638,484,42340,0.930001,0.93,2,160388,159904,484
20797221,23.9922,23.9276,491,42340,0.93,0.93,2,160412,159921,491
20800141,27.1984,23.9855,495,42340,0.93,0.93,2,160440,159945,495
20803061,16.6397,27.1971,481,42340,0.93,0.93,2,160454,159973,481
20805981,17.7279,16.6394,485,42340,0.93,0.93,2,160472,159987,485
20981181,53,23,531,39420,0.85,1,2,162504,161973,531
20984101,26.6,44.6,501,39420,0.786,1,2,162524,162023,501
20987021,156.52,29.72,664,39420,0.7252,0.95,1,162713,162049,664
20989941,48.904,154.744,500,39420,0.68104,1,1,162735,162235,500
20992861,25.7808,58.1488,486,39420,0.704208,1,1,162755,162269,486
20995781,25.9562,26.0298,494,39420,0.676842,1,1,162781,162287,494
20998701,20.3912,22.806,491,39420,0.655368,1,1,162800,162309,491
21001621,22.4782,21.3612,493,39420,0.699074,1,1,162823,162330,493
21004541,25.2957,21.0722,498,39420,0.643815,1,1,162849,162351,498
21007461,18.6591,27.4144,486,39420,0.712763,1,1,162866,162380,486
21010381,18.9318,19.0829,488,39420,0.678553,0.99,1,162885,162397,488
21013301,15.7864,19.8166,483,39420,0.655711,0.97,1,162900,162417,483
21016221,16.7573,17.5633,483,39420,0.699142,0.89,1,162917,162434,483
21019141,41.7515,17.1127,514,37960,0.707828,0.85,1,162965,162451,514
21022061,25.1503,45.8225,482,37960,0.693566,0.77,1,162986,162504,482
21024981,149.83,25.1645,643,37960,0.658713,0.71,1,163167,162524,643
21027901,45.966,156.233,474,37960,0.651743,0.67,1,163187,162713,474
21030821,25.1932,48.8466,472,37960,0.650348,0.71,1,163207,162735,472
21033741,29.0386,25.7693,482,37960,0.65007,0.67,1,163237,162755,482
21036661,18.6077,25.9539,472,37960,0.650014,0.65,1,163253,162781,472
21039581,22.9215,20.3908,477,37960,0.650003,0.71,1,163277,162800,477
21042501,23.7843,22.4782,478,37960,0.666001,0.63,1,163301,162823,478
21045421,19.1569,25.2956,470,37960,0.6692,0.73,1,163319,162849,470
21048341,19.8314,18.6591,473,37960,0.66984,0.67,1,163339,162866,473
21051261,15.1663,18.9318,468,37960,0.669968,0.65,1,163353,162885,468
21054181,17.4333,15.7864,471,37960,0.669994,0.71,1,163371,162900,471
21057101,42.6867,55.1573,455,37960,0.701999,0.69,1,163420,162965,455
21060021,26.1373,27.8315,456,37960,0.6764,0.65,1,163442,162986,456
21062941,148.427,150.366,454,37960,0.71928,0.65,1,163621,163167,454
21065861,45.6855,46.0733,454,37960,0.695856,0.65,1,163641,163187,454
21068781,25.1371,25.2147,454,37960,0.723171,0.65,1,163661,163207,454
21071701,29.0274,29.0429,454,37960,0.696634,0.65,1,163691,163237,454
21074621,18.6055,18.6086,454,37960,0.691327,0.65,1,163707,163253,454
21077541,22.9211,22.9217,454,37960,0.722265,0.67,1,163731,163277,454
21080461,24.5842,23.7843,455,37960,0.744453,0.67,1,163756,163301,455
21083381,19.3168,19.1569,455,37960,0.748891,0.67,1,163774,163319,455
21086301,19.8634,19.8314,455,37960,0.717778,0.67,1,163794,163339,455
21089221,15.1727,15.1663,455,37960,0.711556,0.67,1,163808,163353,455
21092141,17.4345,17.4333,455,37960,0.742311,0.71,1,163826,163371,455
21095061,42.6869,42.6867,455,37960,0.748462,0.67,1,163875,163420,455
21097981,26.1374,26.1373,455,37960,0.717692,0.73,1,163897,163442,455
21100901,149.227,148.427,456,37960,0.759538,0.69,2,164077,163621,456
21103821,45.8455,45.6855,456,37960,0.767908,0.73,2,164097,163641,456
21106741,25.1691,25.1371,456,37960,0.801582,0.69,2,164117,163661,456
21109661,29.0338,29.0274,456,37960,0.776316,0.69,2,164147,163691,456
21112581,18.6068,18.6055,456,37960,0.771263,0.73,2,164163,163707,456
21115501,22.9214,22.9211,456,37960,0.770253,0.75,2,164187,163731,456
21118421,25.3843,24.5842,457,37960,0.802051,0.75,2,164213,163756,457
21121341,19.4769,19.3168,457,37960,0.80841,0.71,2,164231,163774,457
21124261,19.8954,19.8634,457,37960,0.777682,0.71,2,164251,163794,457
21127181,15.1791,15.1727,457,37960,0.803536,0.75,2,164265,163808,457
21130101,17.4358,17.4345,457,37960,0.808707,0.75,2,164283,163826,457
21133021,42.6872,42.6869,457,37960,0.841742,0.71,2,164332,163875,457
21135941,26.1374,26.1374,457,37960,0.848348,0.77,2,164354,163897,457
21138861,151.627,149.227,460,37960,0.86567,0.77,2,164537,164077,460
21141781,46.3255,45.8455,460,37960,0.837134,0.81,2,164557,164097,460
21144701,25.2651,25.1691,460,37960,0.863427,0.77,2,164577,164117,460
21147621,29.053,29.0338,460,37960,0.836685,0.77,2,164607,164147,460
21150541,18.6106,18.6068,460,37960,0.831337,0.77,2,164623,164163,460
21153461,22.9221,22.9214,460,37960,0.862267,0.81,2,164647,164187,460
21156381,25.3844,25.3843,460,37960,0.868453,0.81,2,164673,164213,460
21159301,19.4769,19.4769,460,37960,0.869691,0.77,2,164691,164231,460
21162221,19.8954,19.8954,460,37960,0.837938,0.81,2,164711,164251,460
21165141,15.1791,15.1791,460,37960,0.831588,0.81,2,164725,164265,460
21168061,17.4358,17.4358,460,37960,0.862318,0.85,2,164743,164283,460
21170981,44.2872,42.6872,462,37960,0.868463,0.85,2,164794,164332,462
21173901,26.4574,26.1374,462,37960,0.837693,0.87,2,164816,164354,462
21176821,152.491,151.627,463,37960,0.879539,0.83,2,165000,164537,463
21179741,46.4983,46.3255,463,37960,0.887908,0.87,2,165020,164557,463
21182661,25.2997,25.2651,463,37960,0.921582,0.83,2,165040,164577,463
21185581,29.0599,29.053,463,37960,0.896316,0.83,2,165070,164607,463
21188501,18.612,18.6106,463,37960,0.891263,0.87,2,165086,164623,463
21191421,22.9224,22.9221,463,37960,0.890253,0.87,2,165110,164647,463
21194341,25.3845,25.3844,463,37960,0.922051,0.87,2,165136,164673,463
21197261,19.4769,19.4769,463,37960,0.92841,0.83,2,165154,164691,463
21200181,19.8954,19.8954,463,37960,0.897682,0.83,2,165174,164711,463
21203101,15.1791,15.1791,463,37960,0.939536,0.87,2,165188,164725,463
21206021,17.4358,17.4358,463,37960,0.947907,0.87,2,165206,164743,463
21296541,20,20,469,37960,0.95,0.95,2,166443,165974,469
21299461,28,28,469,37960,0.918,0.95,2,166473,166004,469
21302381,18.4,18.4,469,37960,0.9116,0.95,2,166489,166020,469
21305301,22.88,22.88,469,37960,0.94232,0.99,2,166513,166044,469
21308221,25.376,25.376,469,37960,0.916464,0.99,2,166539,166070,469
21311141,19.4752,19.4752,469,37960,0.943293,0.97,2,166557,166088,469
21314061,21.495,22.295,468,37960,0.916659,0.97,2,166579,166111,468
21316981,15.499,15.659,468,37960,0.911332,0.95,2,166593,166125,468
21319901,19.8998,18.3318,470,37960,0.942266,0.97,2,166614,166144,470
21322821,45.58,45.2664,470,37960,0.948453,1,2,166666,166196,470
21325741,26.716,26.6533,470,37960,0.949691,0.95,2,166688,166218,470
21328661,150.943,153.331,467,37960,0.949938,0.91,2,166870,166403,467
21331581,46.1886,46.6661,467,37960,0.917988,0.95,2,166890,166423,467
21334501,25.2377,25.3332,467,37960,0.943597,0.91,2,166910,166443,467
21337421,29.0475,29.0666,467,37960,0.916719,0.91,2,166940,166473,467
21340341,18.6095,18.6133,467,37960,0.911344,0.95,2,166956,166489,467
21343261,22.9219,22.9227,467,37960,0.942269,0.91,2,166980,166513,467
21346181,25.3844,25.3845,467,37960,0.948454,0.95,2,167006,166539,467
21349101,19.4769,19.4769,467,37960,0.949691,0.91,2,167024,166557,467
21352021,21.4954,21.4954,467,37960,0.917938,0.91,2,167046,166579,467
21354941,16.2991,15.4991,468,37960,0.943588,0.95,2,167061,166593,468
21372461,20,20,467,37960,0.93,0.91,2,167377,166910,467
21375381,28,28,467,37960,0.898,0.91,2,167407,166940,467
21378301,18.4,18.4,467,37960,0.8916,0.95,2,167423,166956,467
21381221,22.88,22.88,467,37960,0.92232,0.95,2,167447,166980,467
21384141,25.376,25.376,467,37960,0.928464,0.95,2,167473,167006,467
21387061,19.4752,19.4752,467,37960,0.929693,0.91,2,167491,167024,467
21389981,21.495,21.495,467,37960,0.913939,0.95,2,167513,167046,467
21392901,17.899,16.299,469,37960,0.926788,0.95,2,167530,167061,469
21395821,19.5798,19.2598,469,37960,0.929358,0.99,2,167550,167081,469
21398741,45.516,45.452,469,37960,0.929871,0.99,2,167602,167133,469
21401661,26.7032,26.6904,469,37960,0.929974,0.93,2,167624,167155,469
21404581,148.541,150.938,466,37960,0.945995,0.89,2,167803,167337,466
21407501,45.7081,46.1876,466,37960,0.917199,0.93,2,167823,167357,466
21410421,25.1416,25.2375,466,37960,0.94344,0.89,2,167843,167377,466
21413341,29.0283,29.0475,466,37960,0.916688,0.89,2,167873,167407,466
21416261,18.6057,18.6095,466,37960,0.911338,0.93,2,167889,167423,466
21419181,22.9211,22.9219,466,37960,0.942268,0.93,2,167913,167447,466
21422101,25.3842,25.3844,466,37960,0.948454,0.93,2,167939,167473,466
21425021,19.4768,19.4769,466,37960,0.949691,0.91,2,167957,167491,466
21448381,20,20,467,37960,0.95,0.91,2,168310,167843,467
21451301,28,28,467,37960,0.918,0.91,2,168340,167873,467
21454221,18.4,18.4,467,37960,0.9116,0.95,2,168356,167889,467
21457141,22.88,22.88,467,37960,0.94232,0.95,2,168380,167913,467
21460061,25.376,25.376,467,37960,0.948464,0.95,2,168406,167939,467
21471741,20,20,469,37960,0.95,0.95,2,168485,168016,469
21474661,45.6,45.6,469,37960,0.95,0.99,2,168537,168068,469
21477581,26.72,26.72,469,37960,0.95,0.95,2,168559,168090,469
27183261,84,43,564,30660,0.83,1,2,243622,243058,564
27186181,49.6,78.2,518,30660,0.782,1,2,243663,243145,518
27189101,43.52,47.64,520,30660,0.8044,0.99,2,243705,243185,520
27192021,35.104,43.928,510,30660,0.79288,0.93,2,243738,243228,510
27194941,38.2208,39.1856,511,30660,0.806576,0.99,2,243777,243266,511
27197861,39.6442,41.4371,509,29200,0.793315,0.94,2,243817,243308,509
27200781,37.5288,40.2874,506,29200,0.774663,1,2,243854,243348,506
27203701,41.9058,37.6575,512,29200,0.786933,1,2,243897,243385,512
27206621,60.3812,41.9315,534,29200,0.773387,0.85,2,243962,243428,534
27209541,44.0762,63.5863,505,29200,0.770677,0.87,2,244002,243497,505
27212461,77.6152,45.5173,550,29200,0.770136,0.83,2,244088,243538,550
27215381,47.523,76.3035,506,29200,0.802027,0.77,2,244128,243622,506
27218301,39.9046,48.0607,503,29200,0.808405,0.81,2,244166,243663,503
27221221,36.7809,43.2121,497,29200,0.809681,0.79,2,244202,243705,497
27224141,39.3562,35.0424,504,29200,0.809936,0.79,2,244242,243738,504
27227061,36.6712,70.2085,461,29200,0.857987,0.77,2,244278,243817,461
27229981,39.3342,43.6417,464,29200,0.867597,0.79,2,244318,243854,464
27232901,39.8668,43.1283,461,29200,0.869519,0.77,2,244358,243897,461
27235821,59.1734,60.6257,460,29200,0.869904,0.77,2,244422,243962,460
27238741,43.8347,44.1251,460,29200,0.837981,0.77,2,244462,244002,460
27241661,77.5669,77.625,460,29200,0.879596,0.81,2,244548,244088,460
27244581,49.1134,47.525,462,29200,0.903919,0.81,2,244590,244128,462
27247501,40.2227,39.905,462,29200,0.876784,0.81,2,244628,244166,462
27250421,36.8445,36.781,462,29200,0.903357,0.81,2,244664,244202,462
27253341,39.3689,39.3562,462,29200,0.908671,0.87,2,244704,244242,462
31312141,63,62,497,27740,0.61,0.99,1,313812,313315,497
31315061,35,53.2,474,27740,0.61,0.89,1,313840,313366,474
31317981,34.2,44.24,466,27740,0.642,0.77,1,313874,313408,466
31320901,60.44,41.648,492,27740,0.6484,0.79,1,313941,313449,492
31323821,36.888,57.9296,461,27740,0.69768,0.85,1,313972,313511,461
31326741,52.9776,41.9859,480,27740,0.723536,0.79,1,314029,313549,480
31329661,48.9955,58.7972,465,27740,0.696707,0.69,1,314077,313612,465
31332581,51.3991,29.3594,495,27740,0.723341,0.71,1,314129,313634,495
31335501,67.8798,54.6719,506,27740,0.696668,0.61,1,314201,313695,506
31338421,61.576,54.1344,512,27740,0.707334,0.61,1,314261,313749,512
31341341,37.9152,61.2269,481,27740,0.709467,0.61,1,314293,313812,481
31344261,34.783,34.6454,487,27740,0.709893,0.65,1,314327,313840,487
31347181,63.7566,34.1291,524,27740,0.757979,0.65,2,314398,313874,524
31350101,36.7513,60.4258,487,27740,0.799596,0.71,2,314428,313941,487
31353021,55.3503,36.8852,516,27740,0.775919,0.73,2,314488,313972,516
31355941,47.8701,52.977,505,27740,0.787184,0.69,2,314534,314029,505
31358861,52.774,48.9954,511,27740,0.853437,0.73,2,314588,314077,511
31361781,63.3548,51.3991,525,27740,0.898687,0.69,2,314654,314129,525
31364701,63.071,67.8798,516,27740,0.907737,0.71,2,314717,314201,516
31367621,38.2142,61.576,488,27740,0.909548,0.71,2,314749,314261,488
31370541,35.6428,37.9152,491,27740,0.89391,0.71,2,314784,314293,491
31481501,50,49,537,27740,0.93,0.92,2,316796,316259,537
31507781,47,50,516,27740,0.79,0.93,2,317262,316746,516
31510701,38.2,50,502,27740,0.79,1,2,317298,316796,502
31513621,62.04,36.4,537,27740,0.71,0.84,1,317366,316829,537
31516541,46.808,65.68,507,27740,0.822,1,2,317409,316902,507
31519461,70.1616,42.736,546,27740,0.6684,0.89,1,317485,316939,546
31522381,46.8323,72.5472,507,27740,0.70168,0.89,1,317526,317019,507
31525301,52.5665,44.1094,524,27740,0.740336,0.88,1,317580,317056,524
31528221,47.3133,59.2219,507,27740,0.780067,0.8,2,317626,317119,507
31531141,47.8627,48.6444,509,27740,0.788013,0.73,2,317674,317165,509
31534061,46.3725,49.7289,505,27740,0.789603,0.79,2,317720,317215,505
31536981,39.6745,47.5458,496,27740,0.789921,0.79,2,317758,317262,496
31539901,59.1349,38.3092,524,27740,0.853984,0.69,2,317822,317298,524
31542821,47.027,62.0618,500,27740,0.866797,0.85,2,317866,317366,500
31545741,67.8054,46.8124,530,27740,0.901359,0.63,2,317939,317409,530
31548661,51.1611,70.1625,501,27740,0.908272,0.71,2,317986,317485,501
38158081,89,87,570,18980,0.82,1,2,474519,473949,570
38161001,95.4,89.4,577,18980,0.884,0.91,2,474616,474039,577
38175601,89,93,560,18980,0.89,0.82,2,474990,474430,560
38178521,96.2,89.8,569,18980,0.93,0.9,2,475088,474519,569
39527561,87,86,569,18980,0.86,0.89,2,512133,511564,569
