#Ack,ack_ewma(ms),send_ewma(ms),rtt_ratio,cwnd (Bytes),Last Router Ocupation Ack Arriaval(Packets),Last Router Ocupation Packet Sent(Packets),Network Situation,AckArrival(ms),TSInsideAck(ms),RTTAck(ms)
4381,2,0,423,16060,0.02,0.01,1,190843,190420,423
7301,2,0,425,18980,0.004,0.01,1,190845,190420,425
10221,2,0,427,21900,0.0168,0.01,1,190847,190420,427
13141,2,0,429,24820,0.01136,0.01,1,190849,190420,429
14601,161.2,0,630,27740,0.058272,0,1,191050,190420,630
17521,214.64,336.8,437,29200,0.0116544,0.01,1,191278,190841,437
20441,71.728,91.36,443,32120,0.0583309,0.18,1,191314,190871,443
23361,37.5456,42.272,442,35040,0.0756662,0.12,1,191343,190901,442
26281,27.5091,32.4544,437,37960,0.0791332,0.01,1,191368,190931,437
29201,28.7018,30.4909,436,40880,0.0398266,0.01,1,191397,190961,436
32121,30.5404,30.0982,437,43800,0.00796533,0,1,191428,190991,437
35041,32.5081,30.0196,440,46720,0.0815931,0.07,1,191461,191021,440
37961,28.1016,30.0039,437,49640,0.0883186,0.01,1,191488,191051,437
40881,30.4203,30.0008,438,52560,0.0256637,0.07,1,191519,191081,438
43801,33.2841,30.0002,442,55480,0.0691327,0,1,191553,191111,442
46721,137.057,139.6,438,58400,0.0858265,0.04,1,191716,191278,438
49641,54.6114,51.92,442,61320,0.0731653,0.11,1,191750,191308,442
52561,33.3223,34.384,440,64240,0.0946331,0.08,1,191778,191338,440
55481,29.0645,30.8768,438,67160,0.0829266,0.05,1,191806,191368,438
58401,27.4129,30.1754,435,70080,0.0405853,0.01,1,191833,191398,435
61321,31.8826,28.4351,440,73000,0.0401171,0.09,1,191866,191426,440
64241,25.5765,26.487,438,75920,0.104023,0.1,1,191890,191452,438
67161,19.5153,22.8974,434,78840,0.116805,0.08,1,191908,191474,434
70081,18.3031,20.5795,432,81760,0.103361,0,1,191926,191494,432
73001,20.4606,20.1159,433,84680,0.0766722,0.02,1,191947,191514,433
75921,24.0921,20.0232,438,87600,0.0793344,0.09,1,191972,191534,438
78841,22.4184,20.0046,440,90520,0.0798669,0.15,1,191994,191554,440
81761,18.8837,20.0009,438,93440,0.0799734,0.15,1,192012,191574,438
84681,24.5767,20.0002,444,96360,0.135995,0.24,1,192038,191594,444
87601,19.3153,20,442,99280,0.219199,0.22,1,192056,191614,442
90521,23.0631,20,446,102200,0.28384,0.26,1,192080,191634,446
93441,19.8126,20,445,105120,0.352768,0.3,1,192099,191654,445
96361,15.9625,20,440,108040,0.326554,0.16,1,192114,191674,440
99281,15.9925,20,436,110960,0.313311,0.09,1,192130,191694,436
102201,15.9985,20,432,113880,0.294662,0.02,1,192146,191714,432
105121,21.5997,20,435,116800,0.250932,0.08,1,192169,191734,435
108041,18.7199,20,433,119720,0.314186,0.08,1,192187,191754,433
110961,18.144,16.8,435,122640,0.366837,0.14,1,192205,191770,435
113881,14.8288,16.16,433,125560,0.401367,0.12,1,192219,191786,433
116801,14.9658,16.032,432,128480,0.496273,0.07,1,192234,191802,432
119721,14.1932,16.0064,430,131400,0.507255,0.04,1,192248,191818,430
122641,18.0386,16.0013,433,134320,0.525451,0.09,1,192267,191834,433
125561,15.6077,16.0003,432,137240,0.55309,0.04,1,192282,191850,432
128481,18.3215,16.0001,435,140160,0.638618,0.12,1,192301,191866,435
131401,16.4643,16,435,143080,0.751724,0.12,2,192317,191882,435
134321,17.6929,16,437,146000,0.846345,0.12,2,192335,191898,437
137241,14.7386,16,435,148920,0.889269,0.14,2,192349,191914,435
140161,13.3477,16,432,151840,0.889854,0.11,2,192362,191930,432
143081,13.0695,14.4,431,154760,0.897971,0.06,2,192375,191944,431
146001,14.6139,14.08,432,157680,0.875594,0.09,2,192390,191958,432
148921,14.1228,14.016,432,160600,0.919119,0.09,2,192404,191972,432
186881,9,10,439,198560,0.96,0.28,2,192568,192129,439
189801,10.6,10,440,201480,0.928,0.32,2,192579,192139,440
192721,8.52,10,438,204400,0.9376,0.29,2,192587,192149,438
270401,5,14,467,283340,0.91,0.9,2,192842,192375,467
273321,5.8,6.8,468,285000,0.934,0.89,2,192848,192380,468
274981,16.36,6.16,481,287920,0.9388,0.94,2,192867,192386,481
276641,8.872,14.032,472,289580,0.95576,1,2,192874,192402,472
647321,13,4,492,4294967295,0.62,1,1,194772,194280,492
650241,10.6,4,498,4294967295,0.62,1,1,194782,194284,498
653161,10.92,4,505,4294967295,0.596,1,1,194793,194288,505
656081,10.984,4,512,4294967295,0.5352,1,1,194804,194292,512
659001,11.7968,4,520,4294967295,0.51504,1,1,194816,194296,520
661921,7.15936,4,522,4294967295,0.487008,1,1,194822,194300,522
664841,6.23187,4,524,4294967295,0.465402,1,1,194828,194304,524
667681,4.44637,4,524,4294967295,0.43708,1,1,194832,194308,524
670601,7.28927,40.8,482,4294967295,0.415416,1,1,194840,194358,482
673521,5.45785,11.36,483,4294967295,0.387083,0.94,1,194845,194362,483
676441,5.89157,5.472,485,4294967295,0.365417,0.95,1,194851,194366,485
679361,11.5783,4.2944,494,4294967295,0.369083,0.99,1,194864,194370,494
682281,11.1157,4.05888,501,4294967295,0.305817,1,1,194875,194374,501
685201,10.2231,4.01178,507,4294967295,0.245163,1,1,194885,194378,507
688121,10.8446,4.00236,514,4294967295,0.153033,1,1,194896,194382,514
691041,10.1689,4.00047,520,4294967295,0.110607,1,1,194906,194386,520
693961,10.0338,4.00009,526,4294967295,0.0701213,1,1,194916,194390,526
696881,9.20676,4.00002,531,4294967295,0.0540243,1,1,194925,194394,531
699801,6.64135,4,533,4294967295,0.0108049,1,1,194931,194398,533
702721,7.72827,4,537,4294967295,0.026161,1,1,194939,194402,537
705641,3.14565,4,535,4294967295,0.0132322,1,1,194941,194406,535
708561,3.82913,4,535,4294967295,0.0346464,1,1,194945,194410,535
711481,5.56583,4,537,4294967295,0.00692929,1,1,194951,194414,537
714401,2.71317,4,535,4294967295,0.00938586,1,1,194953,194418,535
717321,4.54263,4,536,4294967295,0.00987717,1,1,194958,194422,536
847601,352.909,442.4,424,246440,0.0899754,0,1,195398,194974,424
850521,415.382,433.28,424,4294967295,0.433995,0.05,1,195829,195405,424
853441,87.0763,89.856,425,4294967295,0.494799,0.01,1,195834,195409,425
856361,21.4153,21.1712,426,4294967295,0.47496,0.06,1,195839,195413,426
859281,7.48305,7.43424,426,4294967295,0.430992,0.07,1,195843,195417,426
862201,4.69661,4.68685,426,4294967295,0.398198,0.09,1,195847,195421,426
865121,4.93932,4.13737,427,4294967295,0.37564,0.1,1,195852,195425,427
868041,4.98786,4.02747,428,4294967295,0.395128,0.11,1,195857,195429,428
870961,4.99757,4.00549,429,4294967295,0.423026,0.12,1,195862,195433,429
873881,4.19951,4.0011,429,4294967295,0.428605,0.13,1,195866,195437,429
876801,3.2399,4.00022,428,4294967295,0.437721,0.14,1,195869,195441,428
879721,4.64798,4.00004,429,4294967295,0.455544,0.14,1,195874,195445,429
882641,5.7296,4.00001,431,4294967295,0.451109,0.13,1,195880,195449,431
885561,5.14592,4,432,4294967295,0.426222,0.15,1,195885,195453,432
888481,3.42918,4,431,4294967295,0.397244,0.19,1,195888,195457,431
891401,3.08584,4,430,4294967295,0.447449,0.19,1,195891,195461,430
894321,3.81717,4,430,4294967295,0.46549,0.19,1,195895,195465,430
897241,3.96343,4,430,4294967295,0.461098,0.17,1,195899,195469,430
900161,3.99269,4,430,4294967295,0.45222,0.17,1,195903,195473,430
903081,3.99854,4,430,4294967295,0.458444,0.17,1,195907,195477,430
906001,5.59971,4,432,4294967295,0.459689,0.17,1,195913,195481,432
908921,5.91994,4,434,4294967295,0.475938,0.17,1,195919,195485,434
911841,5.98399,4,436,4294967295,0.463188,0.21,1,195925,195489,436
914761,7.5968,4,440,4294967295,0.492638,0.24,1,195933,195493,440
917681,4.71936,4,440,4294967295,0.506527,0.29,1,195937,195497,440
920601,5.74387,4,442,4294967295,0.533306,0.38,1,195943,195501,442
923521,6.74877,4,445,4294967295,0.506661,0.39,1,195950,195505,445
926441,6.14975,4,447,4294967295,0.501332,0.44,1,195956,195509,447
929361,7.62995,4,451,4294967295,0.532266,0.49,1,195964,195513,451
932281,4.72599,4,451,4294967295,0.562453,0.53,1,195968,195517,451
935201,3.3452,4,450,4294967295,0.648491,0.62,1,195971,195521,450
938121,6.26904,4,453,4294967295,0.609698,0.61,1,195978,195525,453
941041,6.85381,4,456,4294967295,0.68194,0.57,1,195985,195529,456
943961,6.97076,4,459,4294967295,0.648388,0.64,1,195992,195533,459
946881,6.19415,4,461,4294967295,0.633678,0.69,1,195998,195537,461
949801,6.83883,4,464,4294967295,0.662736,0.75,1,196005,195541,464
952721,7.76777,4,468,4294967295,0.700547,0.78,1,196013,195545,468
955641,6.35355,4,470,4294967295,0.740109,0.86,1,196019,195549,470
958561,6.87071,4,473,4294967295,0.748022,0.92,1,196026,195553,473
961481,7.77414,4,477,4294967295,0.757604,0.95,2,196034,195557,477
964401,10.3548,4,484,4294967295,0.807521,1,2,196045,195561,484
967321,10.871,4,491,4294967295,0.825504,1,2,196056,195565,491
970241,9.37419,4,496,4294967295,0.781101,1,2,196065,195569,496
973161,9.87484,4,502,4294967295,0.83622,1,2,196075,195573,502
976081,10.775,4,509,4294967295,0.847244,1,2,196086,195577,509
978641,6.95499,4,511,4294967295,0.857449,0.46,2,196092,195581,511
981561,152.591,208,441,4294967295,0.54749,0.45,1,196281,195840,441
984481,34.5182,44.8,442,4294967295,0.469498,0.42,1,196286,195844,442
987401,10.9036,12.16,443,4294967295,0.4219,0.39,1,196291,195848,443
990321,6.18073,5.632,444,4294967295,0.38038,0.41,1,196296,195852,444
993201,5.23615,4.3264,445,4294967295,0.340076,0.43,1,196301,195856,445
996121,5.84723,5.66528,445,4294967295,0.332015,0.45,1,196307,195862,445
998401,5.16945,4.33306,446,4294967295,0.330403,0.46,1,196312,195866,446
1001321,5.83389,7.26661,444,4294967295,0.338081,0.47,1,196318,195874,444
1004241,5.16678,4.65332,445,4294967295,0.339616,0.41,1,196323,195878,445
1007161,5.03336,4.13066,446,4294967295,0.355923,0.43,1,196328,195882,446
1010081,4.20667,4.02613,446,4294967295,0.359185,0.47,1,196332,195886,446
1013001,3.24133,4.00523,445,4294967295,0.391837,0.48,1,196335,195890,445
1015921,4.64827,4.00105,446,4294967295,0.382367,0.48,1,196340,195894,446
1018841,4.92965,4.00021,447,4294967295,0.380473,0.48,1,196345,195898,447
1021761,4.18593,4.00004,447,4294967295,0.396095,0.48,1,196349,195902,447
1024681,4.03719,4.00001,447,4294967295,0.383219,0.51,1,196353,195906,447
1027601,2.40744,4,445,4294967295,0.372644,0.49,1,196355,195910,445
1030521,3.68149,4,445,4294967295,0.362529,0.5,1,196359,195914,445
1033441,4.7363,4,446,4294967295,0.376506,0.48,1,196364,195918,446
1036361,6.54726,4,449,4294967295,0.379301,0.46,1,196371,195922,449
1038961,5.30945,4,450,4294967295,0.41186,0.51,1,196376,195926,450
1041881,7.46189,5.6,452,4294967295,0.442372,0.53,1,196384,195932,452
1043541,10.2924,4.32,459,4294967295,0.504474,0.54,1,196395,195936,459
1046461,6.05848,10.464,452,4294967295,0.580895,0.51,1,196400,195948,452
1049381,6.0117,5.2928,454,4294967295,0.588179,0.54,1,196406,195952,454
1052301,6.80234,4.25856,457,4294967295,0.589636,0.55,1,196413,195956,457
1054561,3.76047,4.05171,456,4294967295,0.557927,0.62,1,196416,195960,456
1057481,7.15209,5.61034,458,4294967295,0.575585,0.68,1,196424,195966,458
1059761,3.83042,4.32207,457,4294967295,0.579117,0.68,1,196427,195970,457
1062681,8.76608,8.86441,457,4294967295,0.555823,0.71,1,196437,195980,457
1065601,4.95322,4.97288,457,4294967295,0.583165,0.69,1,196441,195984,457
1068521,4.19064,4.19458,457,4294967295,0.588633,0.66,1,196445,195988,457
1071201,5.63813,4.03892,459,4294967295,0.565727,0.67,1,196451,195992,459
1074121,9.92763,8.00778,461,4294967295,0.561145,0.69,1,196462,196001,461
1077041,5.98553,4.80156,462,4294967295,0.640229,0.71,1,196467,196005,462
1079961,4.3971,4.16031,462,4294967295,0.664046,0.77,1,196471,196009,462
1082021,9.67942,4.03206,469,4294967295,0.652809,0.77,1,196482,196013,469
1084941,5.93588,8.80641,464,4294967295,0.674562,0.77,1,196487,196023,464
1087221,8.38718,4.96128,469,4294967295,0.718912,0.82,1,196496,196027,469
1090141,6.47744,7.39226,467,4294967295,0.727782,0.81,1,196502,196035,467
1092001,2.89549,4.67845,465,4294967295,0.737556,0.83,1,196504,196039,465
1094921,12.5791,14.5357,463,4294967295,0.707511,0.83,1,196519,196056,463
1096581,9.71582,6.10714,468,4294967295,0.701502,0.81,1,196528,196060,468
1098241,5.94316,6.02143,467,4294967295,0.6763,0.82,1,196533,196066,467
1100321,5.18863,6.80429,465,4294967295,0.71126,0.88,1,196538,196073,465
1103241,5.83773,6.16086,465,4294967295,0.742252,0.86,1,196544,196079,465
1104901,9.16755,4.43217,471,4294967295,0.74845,0.83,1,196554,196083,471
1106561,5.03351,9.68643,464,4294967295,0.79769,0.85,2,196558,196094,464
1109481,6.6067,5.93729,466,4294967295,0.799538,0.88,2,196565,196099,466
1248441,10,4,478,4294967295,0.91,1,2,197229,196751,478
1251361,10,4,484,4294967295,0.918,1,2,197239,196755,484
1346601,8,82,479,237100,0.84,1,2,197909,197430,479
1419001,3,4,460,4294967295,0.01,0.77,1,198301,197841,460
1421921,3.8,4,460,4294967295,0.01,0.75,1,198305,197845,460
1424841,3.96,4,460,4294967295,0.042,0.75,1,198309,197849,460
1427761,3.192,4,459,4294967295,0.0804,0.76,1,198312,197853,459
1430681,4.6384,4,460,4294967295,0.09608,0.76,1,198317,197857,460
1433601,4.12768,4,460,4294967295,0.043216,0.74,1,198321,197861,460
1436521,3.22554,4,459,4294967295,0.0486432,0.77,1,198324,197865,459
1439441,5.44511,4,461,4294967295,0.0417286,0.75,1,198330,197869,461
1442361,5.08902,4,462,4294967295,0.00834573,0.73,1,198335,197873,462
1445281,5.0178,4,463,4294967295,0.00966915,0.78,1,198340,197877,463
1445601,2.60356,4,461,4294967295,0.00993383,0.88,1,198342,197881,461
1448521,28.5207,24.8,466,4294967295,0.00198677,0.87,1,198377,197911,466
1451441,10.5041,8.16,468,4294967295,0.000397353,0.88,1,198383,197915,468
1454361,6.10083,4.832,469,4294967295,0.0240795,0.89,1,198388,197919,469
1457281,5.22017,4.1664,470,4294967295,0.00481589,0.92,1,198393,197923,470
1460201,5.84403,4.03328,472,4294967295,0.00896318,0.94,1,198399,197927,472
1463121,6.76881,4.00666,475,4294967295,0.00979264,0.97,1,198406,197931,475
1466041,6.15376,4.00133,477,4294967295,0.00995853,1,1,198412,197935,477
1468961,7.63075,4.00027,481,4294967295,0.00999171,1,1,198420,197939,481
1471881,7.92615,4.00005,485,4294967295,0.0259983,1,1,198428,197943,485
1474801,8.78523,5.60001,488,4294967295,0.0691997,1,1,198437,197949,488
1476801,8.15705,5.12,491,4294967295,0.0298399,1,1,198445,197954,491
1479721,4.83141,5.824,489,4294967295,0.00596799,1,1,198449,197960,489
1482641,5.76628,4.3648,491,4294967295,0.0411936,1,1,198455,197964,491
1485561,4.35326,4.07296,491,4294967295,0.0562387,1,1,198459,197968,491
1488481,7.27065,4.01459,495,4294967295,0.0272477,1,1,198467,197972,495
1491401,4.65413,4.00292,495,4294967295,0.00544955,1,1,198471,197976,495
1494321,4.93083,4.00058,496,4294967295,0.00108991,1,1,198476,197980,496
1497241,4.98617,4.00012,497,4294967295,0.024218,1,1,198481,197984,497
1500161,4.19723,4.00002,497,4294967295,0.0448436,1,1,198485,197988,497
1503081,4.03945,4,497,4294967295,0.0329687,1,1,198489,197992,497
1506001,5.60789,4,499,4294967295,0.0225937,1,1,198495,197996,499
1508921,5.12158,4,500,4294967295,0.00451875,1,1,198500,198000,500
1511841,5.02432,4,501,4294967295,0.00890375,1,1,198505,198004,501
1514761,6.60486,4,504,4294967295,0.0257808,1,1,198512,198008,504
1517681,6.92097,4,507,4294967295,0.0291562,1,1,198519,198012,507
1520601,4.58419,4,507,4294967295,0.0298312,1,1,198523,198016,507
1522061,4.11684,4,507,4294967295,0.0459662,1,1,198527,198020,507
1648201,339.223,408,421,235860,0.0171932,0.03,1,198950,198529,421
1651121,70.2447,82.4,423,4294967295,0.00343865,0,1,198953,198530,423
1652561,16.4489,20.48,421,4294967295,0.00868773,0,1,198956,198535,421
1655481,344.89,344.096,423,4294967295,0.00173755,0,1,199383,198960,423
1658401,72.178,72.0192,423,4294967295,0.000347509,0,1,199387,198964,423
1661321,17.6356,17.6038,423,4294967295,6.95018e-05,0.01,1,199391,198968,423
1664241,6.72712,6.72077,423,4294967295,1.39004e-05,0.01,1,199395,198972,423
1667161,4.54542,4.54415,423,4294967295,2.78007e-06,0.01,1,199399,198976,423
1670081,4.10908,4.10883,423,4294967295,5.56015e-07,0.01,1,199403,198980,423
1673001,4.02182,4.02177,423,4294967295,0.00800011,0.01,1,199407,198984,423
1675921,4.00436,4.00435,423,4294967295,0.00960002,0.01,1,199411,198988,423
1678841,4.00087,4.00087,423,4294967295,0.00992,0.01,1,199415,198992,423
1681761,4.00017,4.00017,423,4294967295,0.009984,0.01,1,199419,198996,423
1684681,4.00003,4.00003,423,4294967295,0.0019968,0.01,1,199423,199000,423
1687601,4.00001,4.00001,423,4294967295,0.00839936,0.01,1,199427,199004,423
1690521,4,4,423,4294967295,0.00967987,0.03,1,199431,199008,423
1693441,4,4,423,4294967295,0.00193597,0.01,1,199435,199012,423
1696361,4,4,423,4294967295,0.0243872,0.01,1,199439,199016,423
1699281,4,4,423,4294967295,0.00487744,0.03,1,199443,199020,423
1702201,4,4,423,4294967295,0.000975488,0.01,1,199447,199024,423
1705121,4.8,4,424,4294967295,0.0081951,0.01,1,199452,199028,424
1708041,3.36,4,423,4294967295,0.00163902,0.03,1,199455,199032,423
1710961,3.872,4,423,4294967295,0.000327804,0.03,1,199459,199036,423
1713881,3.9744,4,423,4294967295,0.0160656,0.03,1,199463,199040,423
1716801,3.99488,4,423,4294967295,0.00321311,0.03,1,199467,199044,423
1719721,3.99898,4,423,4294967295,0.000642622,0.03,1,199471,199048,423
1722641,3.9998,4,423,4294967295,0.0161285,0.01,1,199475,199052,423
1725561,3.99996,4,423,4294967295,0.0032257,0.03,1,199479,199056,423
1728481,3.99999,4,423,4294967295,0.000645141,0.01,1,199483,199060,423
1731401,4,4,423,4294967295,0.016129,0.01,1,199487,199064,423
1734321,4,4,423,4294967295,0.00322581,0.03,1,199491,199068,423
1737241,4,4,423,4294967295,0.000645161,0.01,1,199495,199072,423
1740161,4,4,423,4294967295,0.016129,0.01,1,199499,199076,423
1743081,4,4,423,4294967295,0.00322581,0.03,1,199503,199080,423
1746001,4,4,423,4294967295,0.000645161,0.01,1,199507,199084,423
1748921,4,4,423,4294967295,0.016129,0.01,1,199511,199088,423
1751841,4,4,423,4294967295,0.00322581,0.03,1,199515,199092,423
1754761,4,4,423,4294967295,0.000645161,0.01,1,199519,199096,423
1757681,4,4,423,4294967295,0.016129,0.01,1,199523,199100,423
1760601,4,4,423,4294967295,0.00322581,0.03,1,199527,199104,423
1763521,4,4,423,4294967295,0.000645161,0.01,1,199531,199108,423
1766441,4,4,423,4294967295,0.000129032,0.01,1,199535,199112,423
1769361,4,4,423,4294967295,2.58064e-05,0.03,1,199539,199116,423
1772281,4,4,423,4294967295,5.16129e-06,0.01,1,199543,199120,423
1775201,4.8,4,424,4294967295,0.00800103,0.01,1,199548,199124,424
1778121,4.96,4,425,4294967295,0.0176002,0.03,1,199553,199128,425
1781041,4.992,4,426,4294967295,0.02752,0.05,1,199558,199132,426
1783601,3.3984,4,425,4294967295,0.00550401,0,1,199561,199136,425
1786521,205.48,207.2,423,4294967295,0.0331008,0,1,199817,199394,423
1789441,44.2959,44.64,423,4294967295,0.0146202,0.01,1,199821,199398,423
1792361,12.0592,12.128,423,4294967295,0.00292403,0.01,1,199825,199402,423
1795281,5.61184,5.6256,423,4294967295,0.000584806,0.01,1,199829,199406,423
1798161,4.32237,4.32512,423,4294967295,0.000116961,0.03,1,199833,199410,423
1801081,4.06447,4.06502,423,4294967295,0.0320234,0.01,1,199837,199414,423
1804001,4.01289,4.013,423,4294967295,0.0384047,0,1,199841,199418,423
1806481,4.00258,4.0026,423,4294967295,0.00768094,0.01,1,199845,199422,423
1809401,5.60052,4.80052,424,4294967295,0.0255362,0.03,1,199851,199427,424
1812321,4.3201,4.1601,424,4294967295,0.0451072,0,1,199855,199431,424
1815241,3.26402,4.03202,423,4294967295,0.0730214,0.06,1,199858,199435,423
1818161,3.8528,4.0064,423,4294967295,0.0706043,0.03,1,199862,199439,423
1821081,4.77056,4.00128,424,4294967295,0.0781209,0.01,1,199867,199443,424
1824001,3.35411,4.00026,423,4294967295,0.0636242,0.04,1,199870,199447,423
1826921,3.87082,4.00005,423,4294967295,0.0527248,0.03,1,199874,199451,423
1829841,4.77416,4.00001,424,4294967295,0.066545,0.01,1,199879,199455,424
1832761,3.35483,4,423,4294967295,0.101309,0.04,1,199882,199459,423
1835681,3.87097,4,423,4294967295,0.0842618,0.03,1,199886,199463,423
1838601,4.77419,4,424,4294967295,0.0568524,0.01,1,199891,199467,424
1841521,3.35484,4,423,4294967295,0.0673705,0.04,1,199894,199471,423
1844441,3.87097,4,423,4294967295,0.0534741,0.03,1,199898,199475,423
1847361,4.77419,4,424,4294967295,0.0346948,0.01,1,199903,199479,424
1850281,4.15484,4,424,4294967295,0.038939,0.04,1,199907,199483,424
1853201,3.23097,4,423,4294967295,0.0157878,0.03,1,199910,199487,423
1856121,4.64619,4,424,4294967295,0.0111576,0.03,1,199915,199491,424
1859041,3.32924,4,423,4294967295,0.0262315,0.04,1,199918,199495,423
1861961,3.86585,4,423,4294967295,0.0292463,0.03,1,199922,199499,423
1864881,4.77317,4,424,4294967295,0.0138493,0.01,1,199927,199503,424
1867801,3.35463,4,423,4294967295,0.0267699,0.04,1,199930,199507,423
1870721,3.87093,4,423,4294967295,0.013354,0.03,1,199934,199511,423
1873641,4.77419,4,424,4294967295,0.0106708,0.01,1,199939,199515,424
1876161,3.35484,4,423,4294967295,0.0421342,0,1,199942,199519,423
1879081,7.87097,7.2,424,4294967295,0.0164268,0,1,199951,199527,424
1882001,3.97419,4.64,423,4294967295,0.0272854,0,1,199954,199531,423
1884921,3.99484,4.128,423,4294967295,0.0134571,0.03,1,199958,199535,423
1887841,4.79897,4.0256,424,4294967295,0.0106914,0.01,1,199963,199539,424
1890761,3.35979,4.00512,423,4294967295,0.0101383,0.04,1,199966,199543,423
1893681,3.87196,4.00102,423,4294967295,0.00202766,0.03,1,199970,199547,423
1896601,4.77439,4.0002,424,4294967295,0.00840553,0.01,1,199975,199551,424
1899521,3.35488,4.00004,423,4294967295,0.0336811,0.04,1,199978,199555,423
1902441,4.67098,4.00001,424,4294967295,0.0147362,0.03,1,199983,199559,424
1905361,4.9342,4,425,4294967295,0.0189472,0.04,1,199988,199563,425
1908281,2.58684,4,423,4294967295,0.0117894,0.06,1,199990,199567,423
1911201,3.71737,4,423,4294967295,0.0183579,0.05,1,199994,199571,423
1914121,4.74347,4,424,4294967295,0.0436716,0.03,1,199999,199575,424
1914641,160.949,4,620,4294967295,0.120734,0,1,200199,199579,620
1917561,72.1897,197.6,424,4294967295,0.288147,0.01,1,200249,199825,424
1919841,18.4379,42.72,425,4294967295,0.321629,0.03,1,200254,199829,425
1922761,8.48759,13.344,425,4294967295,0.336326,0.05,1,200260,199835,425
1925681,5.69752,5.8688,426,4294967295,0.355265,0.02,1,200265,199839,426
1928601,3.5395,4.37376,425,4294967295,0.367053,0.08,1,200268,199843,425
1931521,3.9079,4.07475,425,4294967295,0.417411,0.09,1,200272,199847,425
1934441,4.78158,4.01495,426,4294967295,0.451482,0.09,1,200277,199851,426
1937361,4.15632,4.00299,426,4294967295,0.474296,0.07,1,200281,199855,426
1938981,4.03126,4.0006,426,4294967295,0.534859,0.09,1,200285,199859,426
1941901,4.00625,4.00012,426,4294967295,0.586972,0.1,1,200289,199863,426
1944821,3.20125,4.00002,425,4294967295,0.597394,0.1,1,200292,199867,425
1947741,5.44025,4,427,4294967295,0.647479,0.1,1,200298,199871,427
1950661,4.28805,4,427,4294967295,0.705496,0.09,1,200302,199875,427
1953581,3.25761,4,426,4294967295,0.749099,0.11,1,200305,199879,426
1956501,3.05152,4,425,4294967295,0.78182,0.13,2,200308,199883,425
1959421,3.8103,4,425,4294967295,0.828364,0.09,2,200312,199887,425
1962341,3.16206,4,424,4294967295,0.869673,0.08,2,200315,199891,424
1965261,3.83241,4,424,4294967295,0.909935,0.07,2,200319,199895,424
2016581,3,4,423,4294967295,0.89,0.01,2,200393,199970,423
2019501,4.6,4,424,4294967295,0.882,0.06,2,200398,199974,424
2022421,3.32,4,423,4294967295,0.8644,0.03,2,200401,199978,423
2025341,3.864,4,423,4294967295,0.88488,0.03,2,200405,199982,423
2028261,4.7728,4,424,4294967295,0.896976,0.03,2,200410,199986,424
2031181,4.95456,4,425,4294967295,0.915395,0.04,2,200415,199990,425
2034101,4.19091,4,425,4294967295,0.903079,0.06,2,200419,199994,425
2037021,4.03818,4,425,4294967295,0.900616,0.08,2,200423,199998,425
2039861,6.40764,4,428,4294967295,0.876123,0.08,2,200430,200002,428
2052341,14,4,453,4294967295,0.02,0.48,1,200715,200262,453
2055261,8.4,8.8,450,4294967295,0.044,0.48,1,200722,200272,450
2058181,6.48,4.96,452,4294967295,0.0328,0.5,1,200728,200276,452
2061101,6.896,4.192,455,4294967295,0.03056,0.56,1,200735,200280,455
2063781,7.7792,4.0384,459,4294967295,0.038112,0.63,1,200743,200284,459
2066701,7.15584,6.40768,459,4294967295,0.0236224,0.66,1,200750,200291,459
2069621,7.03117,4.48154,462,4294967295,0.0207245,0.69,1,200757,200295,462
2072541,6.20623,4.09631,464,4294967295,0.0121449,0.74,1,200763,200299,464
2075461,6.04125,4.01926,466,4294967295,0.026429,0.8,1,200769,200303,466
2077921,7.60825,4.00385,470,4294967295,0.0932858,0.82,1,200777,200307,470
2080841,6.32165,3.20077,473,4294967295,0.114657,0.89,1,200783,200310,473
2083761,7.66433,3.84015,477,4294967295,0.0869314,0.96,1,200791,200314,477
2086681,9.53287,3.96803,483,4294967295,0.0733863,1,1,200801,200318,483
2089601,8.30657,3.99361,487,4294967295,0.102677,1,1,200809,200322,487
2092521,6.46131,3.99872,489,4294967295,0.0685355,1,1,200815,200326,489
2095441,2.89226,3.99974,487,4294967295,0.0537071,1,1,200817,200330,487
2098361,3.77845,3.99995,487,4294967295,0.0587414,1,1,200821,200334,487
2101281,2.35569,3.99999,485,4294967295,0.0517483,1,1,200823,200338,485
2104201,2.07114,4,483,4294967295,0.0583497,1,1,200825,200342,483
2107041,7.61423,4,488,4294967295,0.0756699,1,1,200834,200346,488
2109961,3.12285,7.2,482,4294967295,0.103134,1,1,200836,200354,482
2112881,3.82457,4.64,482,4294967295,0.0926268,1,1,200840,200358,482
2115801,2.36491,4.128,480,4294967295,0.0825254,1,1,200842,200362,480
2118721,2.07298,4.0256,478,4294967295,0.0965051,1,1,200844,200366,478
2121641,2.0146,4.00512,476,4294967295,0.107301,1,1,200846,200370,476
2124561,3.60292,4.00102,476,4294967295,0.11746,1,1,200850,200374,476
2127481,2.32058,4.0002,474,5840,0.111492,1,1,200852,200378,474
2130401,3.66412,4.00004,474,5840,0.126298,0.99,1,200856,200382,474
2133321,3.93282,4.00001,474,5840,0.11326,0.9,1,200860,200386,474
2136241,3.18656,4,473,5840,0.0866519,0.9,1,200863,200390,473
2139161,3.83731,4,473,5840,0.0733304,0.9,1,200867,200394,473
2142081,3.16746,4,472,5840,0.0226661,0.88,1,200870,200398,472
2145001,3.03349,4,471,5840,0.0125332,0.92,1,200873,200402,471
2147921,3.8067,4,471,5840,0.00250664,0.92,1,200877,200406,471
2150841,3.96134,4,471,5840,0.00850133,0.93,1,200881,200410,471
2153761,3.19227,4,470,5840,0.00970027,0.93,1,200884,200414,470
2156681,3.83845,4,470,5840,0.00194005,0.91,1,200888,200418,470
2159601,7.96769,4,475,5840,0.032388,0.91,1,200897,200422,475
2162521,8.79354,4,480,5840,0.0144776,0.91,1,200906,200426,480
2165441,9.75871,4,486,5840,0.0268955,1,1,200916,200430,486
2168361,9.95174,4,492,5840,0.0453791,1,1,200926,200434,492
2171281,9.99035,4,498,5840,0.0170758,1,1,200936,200438,498
2174201,7.59807,4,501,5840,0.00341516,1,1,200943,200442,501
2175681,3.11961,4,499,5840,0.024683,0,1,200945,200446,499
2178601,147.824,207.2,425,5840,0.0129366,0.01,1,201129,200704,425
2180881,32.7648,44.64,425,5840,0.0105873,0.03,1,201133,200708,425
2183801,22.553,24.928,425,5840,0.0101175,0.03,1,201153,200728,425
2186081,6.91059,8.1856,424,5840,0.0100235,0.05,1,201156,200732,424
2189001,7.78212,8.83712,423,5840,0.0020047,0.04,1,201164,200741,423
2191281,5.55642,4.96742,424,5840,0.00840094,0.05,1,201169,200745,424
2194201,8.31128,7.39348,425,5840,0.00968019,0.05,1,201178,200753,425
2197121,5.66226,4.6787,426,5840,0.00193604,0.01,1,201183,200757,426
2200041,4.33245,4.13574,426,5840,0.0243872,0.08,1,201187,200761,426
2202721,5.66649,4.02715,428,5840,0.0128774,0.09,1,201193,200765,428
2205641,6.7333,5.60543,429,5840,0.00257549,0.11,1,201200,200771,429
2207301,5.34666,4.32109,430,5840,0.0085151,0.14,1,201205,200775,430
2208961,5.06933,8.06422,426,5840,0.017703,0.13,1,201210,200784,426
2211881,10.6139,9.61284,428,5840,0.0515406,0.09,1,201222,200794,428
2214161,4.52277,5.12257,427,5840,0.0183081,0.11,1,201225,200798,427
2217081,8.90455,9.82451,426,5840,0.00366162,0.08,1,201235,200809,426
2218741,4.98091,5.1649,426,5840,0.00873232,0.07,1,201239,200813,426
2220401,3.39618,4.23298,425,5840,0.0337465,0.06,1,201242,200817,425
2223321,4.67924,4.0466,426,5840,0.0307493,0.1,1,201247,200821,426
2225601,5.73585,4.00932,428,5840,0.0461499,0.09,1,201253,200825,428
2228521,6.74717,7.20186,427,5840,0.00922997,0.12,1,201260,200833,427
2231441,5.34943,4.64037,428,5840,0.00984599,0.12,1,201265,200837,428
2234361,4.26989,4.12807,428,5840,0.0259692,0.12,1,201269,200841,428
2237281,4.05398,4.02561,428,5840,0.00519384,0.13,1,201273,200845,428
2238741,162.411,4.00512,626,5840,0.0170388,0.03,1,201475,200849,626
2241661,208.482,336.801,426,5840,0.00340775,0.05,1,201695,201269,426
2243121,204.096,72.1602,623,4294967295,0.704682,0.02,1,201898,201275,623
2244581,201.619,174.432,624,4294967295,0.172936,0,1,202099,201475,624
2247501,57.9239,210.886,426,4294967295,0.0585873,0.01,1,202121,201695,426
2250421,15.5848,45.3773,427,5840,0.0197175,0.01,1,202126,201699,427
2253341,7.11695,12.2755,428,8760,0.0199435,0.1,1,202131,201703,428
2256261,3.82339,5.65509,427,11680,0.0279887,0.11,1,202134,201707,427
2259181,4.76468,4.33102,428,14600,0.00559774,0.13,1,202139,201711,428
2262101,5.75294,4.0662,430,17520,0.00111955,0.12,1,202145,201715,430
2265021,5.15059,4.01324,431,20440,0.00022391,0.13,1,202150,201719,431
2267941,5.03012,4.00265,432,23360,4.47819e-05,0.17,1,202155,201723,432
2270861,3.40602,4.00053,431,26280,0.032009,0.2,1,202158,201727,431
2273781,4.6812,4.00011,432,29200,0.0304018,0.21,1,202163,201731,432
2276701,5.73624,4.00002,434,32120,0.00608036,0.19,1,202169,201735,434
2279621,5.14725,4,435,35040,0.0252161,0.22,1,202174,201739,435
2282541,5.02945,4,436,37960,0.00504321,0.25,1,202179,201743,436
2285461,3.40589,4,435,40880,0.0250086,0.27,1,202182,201747,435
2288381,4.68118,4,436,43800,0.0370017,0.3,1,202187,201751,436
2291301,5.73624,4,438,46720,0.0554003,0.27,1,202193,201755,438
2294221,5.14725,4,439,49640,0.0430801,0.29,1,202198,201759,439
2297141,5.02945,4,440,52560,0.016616,0.34,1,202203,201763,440
2300061,3.40589,4,439,55480,0.0113232,0.35,1,202206,201767,439
2302981,5.48118,4,441,58400,0.0102646,0.37,1,202212,201771,441
2305901,5.89624,4,443,61320,0.0340529,0.36,1,202218,201775,443
2308821,5.17925,4,444,64240,0.0308106,0.39,1,202223,201779,444
2311741,5.03585,4,445,67160,0.0221621,0.43,1,202228,201783,445
2314661,3.40717,4,444,70080,0.0124324,0.46,1,202231,201787,444
2317581,4.68143,4,445,73000,0.0104865,0.47,1,202236,201791,445
2320501,5.73629,4,447,75920,0.0340973,0.45,1,202242,201795,447
2323421,5.14726,4,448,78840,0.0468195,0.47,1,202247,201799,448
2326341,5.02945,4,449,81760,0.0573639,0.51,1,202252,201803,449
2329261,4.20589,4,449,84680,0.0674728,0.54,1,202256,201807,449
2332181,5.64118,4,451,87600,0.0774946,0.55,1,202262,201811,451
2335101,5.12824,4,452,90520,0.111499,0.55,1,202267,201815,452
2338021,5.82565,4,454,93440,0.0862998,0.6,1,202273,201819,454
2340941,4.36513,4,454,96360,0.11326,0.61,1,202277,201823,454
2343861,7.27303,4,458,99280,0.094652,0.65,1,202285,201827,458
2346781,5.45461,4,459,102200,0.10693,0.65,1,202290,201831,459
2349701,5.09092,4,460,105120,0.141386,0.74,1,202295,201835,460
2352621,5.01818,4,461,108040,0.148277,0.74,1,202300,201839,461
2355541,5.00364,4,462,110960,0.157655,0.76,1,202305,201843,462
2358461,5.00073,4,463,113880,0.151531,0.81,1,202310,201847,463
2361381,5.80015,4,465,116800,0.150306,0.81,1,202316,201851,465
2364301,5.16003,4,466,119720,0.142061,0.82,1,202321,201855,466
2367221,5.83201,4,468,122640,0.164412,0.87,1,202327,201859,468
2370141,3.5664,4,467,125560,0.192882,0.89,1,202330,201863,467
2372241,5.51328,4,469,128480,0.206576,0.77,1,202336,201867,469
2374741,153.903,36,616,130580,0.737315,0.04,1,202527,201911,616
2697561,426,421,426,17320,0.03,0.03,1,206026,205600,426
2700481,93.2,92.2,426,20240,0.006,0.01,1,206036,205610,426
2703401,26.64,26.44,426,23160,0.0012,0.01,1,206046,205620,426
2706321,13.328,13.288,426,26080,0.00824,0.01,1,206056,205630,426
2709241,10.6656,10.6576,426,29000,0.001648,0.01,1,206066,205640,426
2710701,166.133,10.1315,621,31920,0.0003296,0.03,1,206271,205650,621
2713621,178.027,302.826,426,33380,0.00806592,0.03,1,206452,206026,426
2716541,43.6053,68.5653,426,36300,0.00961318,0.03,1,206462,206036,426
2719461,15.9211,21.7131,425,39220,0.0259226,0,1,206471,206046,425
2722381,10.3842,10.7426,426,42140,0.0131845,0.01,1,206480,206054,426
2725301,8.47684,8.54852,426,45060,0.0186369,0.02,1,206488,206062,426
2728221,8.09537,8.1097,426,47980,0.0437274,0.04,1,206496,206070,426
2731141,8.81907,8.02194,427,50900,0.0647455,0.06,1,206505,206078,427
2734061,7.36381,8.00439,426,53820,0.140949,0.05,1,206512,206086,426
2736981,7.87276,8.00088,426,56740,0.18019,0.04,1,206520,206094,426
2739901,7.97455,8.00018,426,59660,0.204038,0,1,206528,206102,426
2742821,135.995,136.8,425,62580,0.0488076,0.01,1,206696,206271,425
2745741,171.999,172.16,425,65500,0.0177615,0.01,1,206877,206452,425
2748661,40.7998,40.832,425,68420,0.0115523,0.01,1,206885,206460,425
2751581,14.56,14.5664,425,71340,0.0263105,0.01,1,206893,206468,425
2754501,10.912,9.31328,427,74260,0.0132621,0.03,1,206903,206476,427
2757421,8.5824,8.26266,427,77180,0.0266524,0.07,1,206911,206484,427
2760341,8.91648,8.05253,428,80100,0.0453305,0.07,1,206920,206492,428
2763261,11.3833,8.01051,432,83020,0.0730661,0.11,1,206932,206500,432
2766181,10.2767,8.0021,434,85940,0.118613,0.19,1,206942,206508,434
2769101,8.45533,8.00042,434,88860,0.143723,0.22,1,206950,206516,434
2772021,6.49107,8.00008,432,91780,0.212745,0.21,1,206956,206524,432
2774941,6.89821,8.00002,431,94700,0.250549,0.17,1,206963,206532,431
2777861,6.17964,8,429,97620,0.30611,0.15,1,206969,206540,429
2780781,6.83593,8,428,100540,0.333222,0.13,1,206976,206548,428
2783701,6.96719,8,427,103460,0.378644,0.09,1,206983,206556,427
2786621,6.19344,8,425,106380,0.443729,0.07,1,206989,206564,425
2789541,7.63869,8,425,109300,0.488746,0.05,1,206997,206572,425
2792461,7.92774,8,425,112220,0.545749,0.03,1,207005,206580,425
2795381,7.98555,8,425,115140,0.59715,0.03,1,207013,206588,425
2798301,7.99711,8,425,118060,0.57543,0.03,1,207021,206596,425
2801221,7.99942,8,425,120980,0.571086,0.01,1,207029,206604,425
2804141,75.9999,75.2,426,123900,0.490217,0.01,1,207122,206696,426
2807061,20.8,21.44,425,126820,0.458043,0.01,1,207129,206704,425
2809981,142.56,142.688,425,129740,0.0916087,0.01,1,207302,206877,425
2812901,34.912,34.9376,425,100325,0.0183217,0.03,1,207310,206885,425
2815821,13.3824,13.3875,425,103245,0.00366435,0.01,1,207318,206893,425
2818741,9.87648,9.0775,426,106165,0.000732869,0.01,1,207327,206901,426
2821661,9.1753,8.2155,427,109085,0.000146574,0.05,1,207336,206909,427
2824581,9.03506,8.0431,428,112005,0.0240293,0.06,1,207345,206917,428
2827501,10.607,8.00862,431,114925,0.0128059,0.09,1,207356,206925,431
2830421,10.1214,8.00172,433,117845,0.0185612,0.14,1,207366,206933,433
2833341,10.8243,8.00034,436,120765,0.0277122,0.16,1,207377,206941,436
2836261,10.1649,8.00007,438,123685,0.0375424,0.23,1,207387,206949,438
2839181,10.033,8.00001,440,126605,0.0555085,0.3,1,207397,206957,440
2842101,10.8066,8,443,129525,0.0191017,0.34,1,207408,206965,443
2845021,10.1613,8,445,132445,0.0358203,0.41,1,207418,206973,445
2847941,10.8323,8,448,135365,0.0311641,0.46,1,207429,206981,448
2850861,10.9665,8,451,138285,0.0142328,0.5,1,207440,206989,451
2853781,10.1933,8,453,141205,0.0268466,0.56,1,207450,206997,453
2856701,8.43866,8,453,141754,0.0373693,0.61,1,207458,207005,453
2859621,8.08773,8,453,141754,0.0554739,0.57,1,207466,207013,453
2862541,6.41755,8,451,141754,0.0110948,0.57,1,207472,207021,451
2865461,6.88351,8,450,141754,0.010219,0.55,1,207479,207029,450
2868381,6.9767,8,449,141754,0.0500438,0.51,1,207486,207037,449
2871301,6.19534,8,447,141754,0.0100088,0.5,1,207492,207045,447
2874221,7.63907,8,447,141754,0.0100018,0.47,1,207500,207053,447
2877141,9.52781,8,449,141754,0.0340004,0.47,1,207510,207061,449
2880061,9.90556,8,451,141754,0.0308001,0.48,1,207520,207069,451
2882981,8.38111,8,451,143980,0.04616,0.56,1,207528,207077,451
2885901,8.07622,8,451,146900,0.017232,0.55,1,207536,207085,451
2888821,6.41524,8,449,149820,0.0434464,0.54,1,207542,207093,449
2891741,7.68305,8,449,152740,0.0566893,0.52,1,207550,207101,449
2894661,7.13661,8,448,155660,0.0353379,0.49,1,207557,207109,448
2897581,6.22732,8,446,158580,0.0150676,0.47,1,207563,207117,446
2900501,6.84546,8,445,161500,0.0430135,0.45,1,207570,207125,445
2903421,7.76909,8,445,164420,0.0486027,0.41,1,207578,207133,445
2906341,6.35382,8,443,167340,0.0337205,0.41,1,207584,207141,443
2909261,6.87076,8,442,170260,0.0307441,0.39,1,207591,207149,442
2912181,5.37415,8,439,173180,0.0141488,0.36,1,207596,207157,439
2915101,4.27483,8,435,176100,0.0108298,0.29,1,207600,207165,435
2918021,4.85497,8,432,179020,0.0421659,0.23,1,207605,207173,432
2920941,5.77099,8,430,181940,0.0484332,0.15,1,207611,207181,430
2923861,4.3542,8,426,184860,0.0416866,0.11,1,207615,207189,426
2926781,6.47084,8,425,187780,0.0643373,0.05,1,207622,207197,425
2929701,7.69417,8,425,190700,0.0768675,0.01,1,207630,207205,425
2932621,7.93883,8,425,193620,0.0873735,0.01,1,207638,207213,425
2935541,7.98777,8,425,196540,0.0974747,0.03,1,207646,207221,425
2938461,109.598,100.8,436,199460,0.0274949,0.05,1,207781,207345,436
2941381,42.7195,40.96,436,202380,0.029499,0.06,1,207807,207371,436
2944301,30.1439,28.992,437,205300,0.0138998,0.09,1,207834,207397,437
2947221,24.4288,26.5984,434,208220,0.06678,0.06,1,207857,207423,434
2950141,27.2858,26.1197,436,211140,0.085356,0.06,1,207885,207449,436
2953061,25.4572,26.0239,435,214060,0.129071,0.03,1,207910,207475,435
2955981,27.4914,26.0048,437,216980,0.145814,0.06,1,207938,207501,437
2958901,24.6983,26.001,435,219900,0.157163,0.05,1,207962,207527,435
2961821,18.5397,22.0002,431,222820,0.239433,0.05,1,207979,207548,431
2964741,16.5079,17.2,431,225740,0.263887,0.04,1,207995,207564,431
2967661,14.5016,15.44,430,228660,0.276777,0.07,1,208009,207579,430
2970581,14.1003,14.288,430,231580,0.327355,0.07,1,208023,207593,430
2973501,12.4201,12.4576,430,234500,0.345471,0.07,1,208035,207605,430
2976421,12.084,12.0915,430,237420,0.365094,0.09,1,208047,207617,430
2979341,10.4168,11.2183,429,240340,0.369019,0.11,1,208057,207628,429
2982261,10.0834,10.2437,429,243260,0.385804,0.12,1,208067,207638,429
2985181,8.41667,10.0487,427,246180,0.373161,0.07,1,208075,207648,427
2988101,10.4833,10.0097,428,249100,0.378632,0.03,1,208086,207658,428
2991021,8.49667,10.0019,426,252020,0.379726,0.03,1,208094,207668,426
2993941,11.2993,10.0004,428,253987,0.339945,0.03,1,208106,207678,428
2996861,8.65987,10.0001,426,253987,0.331989,0.03,1,208114,207688,426
2999781,10.532,10,427,253987,0.314398,0.03,1,208125,207698,427
3002701,9.30639,10,426,253987,0.27088,0.05,1,208134,207708,426
3005621,10.6613,10,427,253987,0.190176,0.03,1,208145,207718,427
3008541,10.1323,10,427,253987,0.102035,0.03,1,208155,207728,427
3011461,10.8265,10,428,253987,0.068407,0.03,1,208166,207738,428
3014381,9.36529,10,427,253987,0.0456814,0.01,1,208175,207748,427
3017301,9.87306,10,427,253987,0.0491363,0.03,1,208185,207758,427
3020221,9.97461,10,427,253987,0.0178273,0.03,1,208195,207768,427
3023141,9.19492,10,426,253987,0.0115655,0.04,1,208204,207778,426
3026061,10.639,10,427,253987,0.0183131,0.07,1,208215,207788,427
3028981,10.1278,10,427,253987,0.0116626,0.06,1,208225,207798,427
3031901,10.0256,10,427,253987,0.0183325,0.09,1,208235,207808,427
3034821,9.20511,10,426,253987,0.0116665,0.04,1,208244,207818,426
3037741,12.241,10,429,253987,0.0423333,0.07,1,208257,207828,429
3040661,10.4482,10,429,253987,0.0644667,0.07,1,208267,207838,429
3043581,10.0896,10,429,253987,0.0848933,0.11,1,208277,207848,429
3046501,10.8179,10,430,253987,0.112979,0.09,1,208288,207858,430
3049421,10.1636,10,430,253987,0.134596,0.14,1,208298,207868,430
3052341,10.0327,10,430,253987,0.146919,0.13,1,208308,207878,430
3055261,10.0065,10,430,253987,0.173384,0.12,1,208318,207888,430
3058181,11.6013,10,432,253987,0.154677,0.15,1,208330,207898,432
3061101,10.3203,10,432,253987,0.150935,0.15,1,208340,207908,432
3064021,11.6641,10,434,253987,0.110187,0.21,1,208352,207918,434
3066941,9.53281,10,433,253987,0.166037,0.17,1,208361,207928,433
3069861,11.5066,10,435,253987,0.129207,0.19,1,208373,207938,435
3072781,10.3013,10,435,253987,0.169841,0.22,1,208383,207948,435
3075701,11.6603,10,437,253987,0.193968,0.23,1,208395,207958,437
3078621,11.1321,10,438,253987,0.190794,0.27,1,208406,207968,438
3081541,11.0264,10,439,253987,0.222159,0.28,1,208417,207978,439
3084461,10.2053,10,439,253987,0.228432,0.31,1,208427,207988,439
3087381,11.6411,10,441,253987,0.245686,0.3,1,208439,207998,441
3090301,11.1282,10,442,253987,0.289137,0.32,1,208450,208008,442
3093221,11.0256,10,443,253987,0.329827,0.36,1,208461,208018,443
3096141,10.2051,10,443,253987,0.289965,0.41,1,208471,208028,443
3099061,11.641,10,445,253987,0.289993,0.38,1,208483,208038,445
3101981,10.3282,10,445,253987,0.329999,0.4,1,208493,208048,445
3104901,10.8656,10,446,253987,0.322,0.4,1,208504,208058,446
3107821,9.37313,10,445,253987,0.3204,0.42,1,208513,208068,445
3110741,9.87463,10,445,253987,0.35208,0.42,1,208523,208078,445
3113661,7.57492,10,442,253987,0.374416,0.36,1,208530,208088,442
3116581,9.51498,10,442,253987,0.346883,0.36,1,208540,208098,442
3119501,7.503,10,439,253987,0.325377,0.34,1,208547,208108,439
3122421,9.5006,10,439,253987,0.305075,0.31,1,208557,208118,439
3125341,5.90012,10,434,253987,0.277015,0.22,1,208562,208128,434
3128261,5.98002,10,430,253987,0.239403,0.15,1,208568,208138,430
3131181,7.596,10,428,253987,0.191881,0.09,1,208576,208148,428
3134101,8.7192,10,427,253987,0.174376,0.06,1,208585,208158,427
3137021,8.94384,10,426,253987,0.114875,0.05,1,208594,208168,426
3139941,10.5888,10,427,253987,0.102975,0.07,1,208605,208178,427
3142861,9.31775,10,426,253987,0.068595,0.03,1,208614,208188,426
3145781,10.6636,10,427,253987,0.029719,0.03,1,208625,208198,427
3148701,9.33271,10,426,253987,0.0619438,0.03,1,208634,208208,426
3151621,10.6665,10,427,253987,0.0523888,0.05,1,208645,208218,427
3154541,9.33331,10,426,253987,0.0584778,0.01,1,208654,208228,426
3157461,11.4667,10,428,253987,0.0116955,0.05,1,208666,208238,428
3160381,11.8933,10,430,253987,0.0103391,0.1,1,208678,208248,430
3163301,10.3787,10,430,253987,0.0580678,0.11,1,208688,208258,430
3166221,11.6757,10,432,253987,0.0756136,0.15,1,208700,208268,432
3169141,10.3351,10,432,253987,0.0791227,0.16,1,208710,208278,432
3172061,11.667,10,434,253987,0.0878245,0.19,1,208722,208288,434
3174981,10.3334,10,434,253987,0.113565,0.19,1,208732,208298,434
3177901,9.26668,10,433,253987,0.110713,0.22,1,208741,208308,433
3180821,9.05334,10,432,253987,0.118143,0.19,1,208750,208318,432
3183741,9.81067,10,432,253987,0.183629,0.16,1,208760,208328,432
3186661,10.7621,10,433,253987,0.156726,0.15,1,208771,208338,433
3189581,10.9524,10,434,253987,0.191345,0.18,1,208782,208348,434
3192501,10.1905,10,434,253987,0.150269,0.19,1,208792,208358,434
3195421,10.8381,10,435,253987,0.166054,0.21,1,208803,208368,435
3198341,10.1676,10,435,253987,0.153211,0.22,1,208813,208378,435
3201261,10.0335,10,435,253987,0.182642,0.23,1,208823,208388,435
3204181,10.0067,10,435,255631,0.180528,0.24,1,208833,208398,435
3207101,12.4013,10,438,255631,0.204106,0.26,1,208846,208408,438
3210021,10.4803,10,438,255631,0.240821,0.26,1,208856,208418,438
3212941,12.4961,10,441,255631,0.264164,0.26,1,208869,208428,441
3215861,10.4992,10,441,255631,0.300833,0.34,1,208879,208438,441
3217761,8.49984,10,439,255631,0.300167,0.35,1,208887,208448,439
3220681,12.1,10,442,255631,0.268033,0.35,1,208900,208458,442
3223601,11.22,10,443,255631,0.277607,0.34,1,208911,208468,443
3225461,7.844,10,440,255631,0.295521,0.34,1,208918,208478,440
3228381,10.3688,8.4,443,255631,0.331104,0.36,1,208929,208486,443
3231301,9.27376,9.68,442,255631,0.362221,0.38,1,208938,208496,442
3234221,11.4548,9.936,444,255631,0.376444,0.35,1,208950,208506,444
3237141,10.291,9.9872,444,255631,0.387289,0.37,1,208960,208516,444
3240061,10.0582,9.99744,444,255631,0.405458,0.41,1,208970,208526,444
3242981,6.81164,9.99949,440,255631,0.425092,0.33,1,208976,208536,440
3245901,8.56233,9.9999,439,255631,0.445018,0.34,1,208985,208546,439
3248821,8.11247,9.99998,437,255631,0.449004,0.27,1,208993,208556,437
3251741,8.02249,10,435,255631,0.441801,0.22,1,209001,208566,435
3254661,8.0045,10,433,255631,0.41636,0.18,1,209009,208576,433
3257581,7.2009,10,430,255631,0.387272,0.13,1,209016,208586,430
3260501,9.44018,10,430,255631,0.373454,0.09,1,209026,208596,430
3263421,7.48804,10,427,255631,0.370691,0.1,1,209033,208606,427
3266341,10.2976,10,428,255631,0.370138,0.03,1,209044,208616,428
3269261,10.8595,10,429,255631,0.346028,0.07,1,209055,208626,429
3272181,9.3719,10,428,255631,0.309206,0.09,1,209064,208636,428
3275101,9.07438,10,427,252711,0.301841,0.07,1,209073,208646,427
3278021,10.6149,10,428,252711,0.332368,0.01,1,209084,208656,428
3280941,9.32298,10,427,252711,0.370474,0.04,1,209093,208666,427
3283861,11.4646,10,429,252711,0.354095,0.05,1,209105,208676,429
3286781,10.2929,10,429,252711,0.358819,0.11,1,209115,208686,429
3289701,12.4586,10,432,252711,0.383764,0.09,1,209128,208696,432
3292621,8.89172,10,430,252711,0.356753,0.11,1,209136,208706,430
3295541,9.77834,10,430,252711,0.327351,0.14,1,209146,208716,430
3298461,11.5557,10,432,253722,0.30547,0.12,1,209158,208726,432
3301381,11.1111,10,433,253722,0.317094,0.15,1,209169,208736,433
3304301,11.8222,10,435,253722,0.311419,0.18,1,209181,208746,435
3307221,11.1644,10,436,253722,0.358284,0.23,1,209192,208756,436
3310141,9.43289,10,435,253722,0.367657,0.19,1,209201,208766,435
3313061,7.48658,10,432,253722,0.369531,0.2,1,209208,208776,432
3315981,11.8973,10,435,253722,0.353906,0.17,1,209221,208786,435
3318901,10.3795,10,435,253722,0.318781,0.2,1,209231,208796,435
3321821,10.0759,10,435,253722,0.319756,0.17,1,209241,208806,435
3324741,10.0152,10,435,253722,0.367951,0.22,1,209251,208816,435
3327661,10.803,10,436,253722,0.36159,0.2,1,209262,208826,436
3330581,12.5606,10,439,253722,0.368318,0.23,1,209275,208836,439
3333501,10.5121,10,439,253722,0.401664,0.27,1,209285,208846,439
3336421,10.1024,10,439,253722,0.408333,0.27,1,209295,208856,439
3339341,10.8205,10,440,253722,0.417667,0.3,1,209306,208866,440
3342261,10.1641,10,440,253722,0.427533,0.31,1,209316,208876,440
3345181,9.23282,10,439,253722,0.429507,0.31,1,209325,208886,439
3348101,12.2466,10,442,253722,0.461901,0.32,1,209338,208896,442
3350261,9.64931,10,441,253722,0.49238,0.33,1,209347,208906,441
3352341,8.32986,9.2,440,253722,0.506476,0.34,1,209355,208915,440
3355261,12.066,7.44,446,253722,0.509295,0.36,1,209368,208922,446
3357541,11.2132,9.488,447,253722,0.501859,0.38,1,209379,208932,447
3359201,10.2426,9.8976,447,253722,0.540372,0.42,1,209389,208942,447
3362121,10.0485,9.97952,447,254742,0.556074,0.4,1,209399,208952,447
3365041,11.6097,9.9959,449,254742,0.551215,0.45,1,209411,208962,449
3367961,11.1219,9.99918,450,254742,0.526243,0.45,1,209422,208972,450
3370881,7.82439,9.99984,447,254742,0.545249,0.47,1,209429,208982,447
3373801,9.56488,9.99997,447,254742,0.54105,0.45,1,209439,208992,447
3376721,9.11298,9.99999,446,254742,0.51621,0.45,1,209448,209002,446
3379641,9.0226,10,445,254742,0.487242,0.41,1,209457,209012,445
3382561,9.00452,10,444,254742,0.481448,0.4,1,209466,209022,444
3385481,9.8009,10,444,254742,0.45629,0.39,1,209476,209032,444
3388401,7.56018,10,441,254742,0.475258,0.34,1,209483,209042,441
3391321,9.51204,10,441,254742,0.471052,0.33,1,209493,209052,441
3394241,9.90241,10,441,254742,0.46221,0.32,1,209503,209062,441
3397161,11.5805,10,443,254742,0.452442,0.36,1,209515,209072,443
3400081,11.1161,10,444,254742,0.450488,0.39,1,209526,209082,444
3403001,9.42322,10,443,254742,0.466098,0.38,1,209535,209092,443
3405921,11.4846,10,445,254742,0.49322,0.35,1,209547,209102,445
3408841,10.2969,10,445,254742,0.538644,0.41,1,209557,209112,445
3411761,7.65939,10,442,254742,0.523729,0.41,1,209564,209122,442
3414681,9.53188,10,442,254742,0.568746,0.39,1,209574,209132,442
3417601,9.10638,10,441,254742,0.593749,0.33,1,209583,209142,441
3420521,10.6213,10,442,254742,0.59075,0.35,1,209594,209152,442
3423441,9.32426,10,441,254742,0.63815,0.32,1,209603,209162,441
3426361,13.0649,10,445,254742,0.57563,0.36,1,209617,209172,445
3429281,11.413,10,446,254742,0.555126,0.39,1,209628,209182,446
3432201,9.48259,10,445,254742,0.575025,0.42,1,209637,209192,445
3435121,9.09652,10,444,254742,0.611005,0.38,1,209646,209202,444
3438041,9.0193,10,443,254742,0.610201,0.37,1,209655,209212,443
3440961,10.6039,10,444,254742,0.59404,0.36,1,209666,209222,444
3443881,10.9208,10,445,254742,0.630808,0.34,1,209677,209232,445
3446801,9.38415,10,444,254742,0.598162,0.4,1,209686,209242,444
3449721,9.87683,10,444,254742,0.631632,0.4,1,209696,209252,444
3452641,12.3754,10,447,254742,0.630326,0.44,1,209709,209262,447
3455561,12.0751,10,449,254742,0.590065,0.41,1,209721,209272,449
3458481,9.61501,10,448,254742,0.598013,0.46,1,209730,209282,448
3461401,10.723,10,449,254742,0.647603,0.47,1,209741,209292,449
3464321,10.1446,10,449,254742,0.665521,0.49,1,209751,209302,449
3467241,10.8289,10,450,254742,0.661104,0.46,1,209762,209312,450
3470161,9.36578,10,449,254742,0.652221,0.47,1,209771,209322,449
3473081,10.6732,10,450,254742,0.674444,0.53,1,209782,209332,450
3476001,12.5346,10,453,254742,0.726889,0.55,1,209795,209342,453
3478801,9.70693,10,452,254742,0.753378,0.54,2,209804,209352,452
3481721,10.7414,10,453,254742,0.710675,0.55,1,209815,209362,453
3484641,11.7483,10,455,254742,0.734135,0.56,1,209827,209372,455
3487561,11.1497,10,456,254742,0.682827,0.57,1,209838,209382,456
3490241,10.2299,10,456,254742,0.688565,0.58,1,209848,209392,456
3492321,9.24599,11.6,453,254742,0.705713,0.52,1,209857,209404,453
3495241,17.8492,16.72,455,254742,0.693143,0.59,1,209877,209422,455
3496901,8.36984,11.344,451,254742,0.658629,0.53,1,209883,209432,451
3499821,8.07397,9.4688,450,254742,0.683726,0.52,1,209891,209441,450
3502741,9.61479,9.89376,450,254742,0.688745,0.51,1,209901,209451,450
3505661,8.32296,9.97875,448,254742,0.673749,0.48,1,209909,209461,448
3508581,9.66459,9.99575,448,254742,0.71075,0.47,1,209919,209471,448
3511501,9.93292,9.99915,448,254742,0.72615,0.48,1,209929,209481,448
3514421,9.18658,9.99983,447,254742,0.71323,0.49,1,209938,209491,447
3517341,10.6373,9.99997,448,254742,0.710646,0.44,1,209949,209501,448
3520261,10.1275,9.99999,448,254742,0.750129,0.48,2,209959,209511,448
3523181,11.6255,10,450,254742,0.742026,0.49,1,209971,209521,450
3526101,11.1251,10,451,254742,0.716405,0.54,1,209982,209531,451
3529021,12.625,10,454,254742,0.735281,0.56,1,209995,209541,454
3531941,9.725,10,453,254742,0.739056,0.55,1,210004,209551,453
3534861,12.345,10,456,254742,0.763811,0.57,2,210017,209561,456
3537781,8.869,10,454,254742,0.792762,0.62,2,210025,209571,454
3540701,10.5738,10,455,254742,0.846552,0.61,2,210036,209581,455
3543621,10.9148,10,456,254742,0.817311,0.63,2,210047,209591,456
3546541,9.38295,10,455,254742,0.867462,0.59,2,210056,209601,455
3549461,9.87659,10,455,254742,0.893492,0.6,2,210066,209611,455
3552381,9.97532,10,455,254742,0.906699,0.6,2,210076,209621,455
3555301,11.5951,10,457,254742,0.88534,0.63,2,210088,209631,457
3558221,11.119,10,458,254742,0.865068,0.67,2,210099,209641,458
3561141,9.4238,10,457,254742,0.845014,0.67,2,210108,209651,457
3564061,10.6848,10,458,257662,0.841003,0.66,2,210119,209661,458
3566981,10.137,10,458,257662,0.824201,0.65,2,210129,209671,458
3569901,10.8274,10,459,257662,0.85284,0.67,2,210140,209681,459
3572821,10.1655,10,459,257662,0.866568,0.63,2,210150,209691,459
3575741,10.0331,10,459,257662,0.837314,0.63,2,210160,209701,459
3578661,10.0066,10,459,257662,0.831463,0.62,2,210170,209711,459
3581581,12.4013,10,462,257662,0.862293,0.66,2,210183,209721,462
3584501,8.88026,10,460,257662,0.860459,0.68,2,210191,209731,460
3587421,11.3761,10,462,257662,0.884092,0.72,2,210203,209741,462
3590341,8.67521,10,460,257662,0.888818,0.67,2,210211,209751,460
3593261,9.73504,10,460,257662,0.873764,0.7,2,210221,209761,460
3596181,10.747,10,461,257662,0.846753,0.71,2,210232,209771,461
3599101,11.7494,10,463,257662,0.833351,0.79,2,210244,209781,463
3602021,11.1499,10,464,257662,0.84667,0.77,2,210255,209791,464
3604941,7.02998,10,460,257662,0.825334,0.75,2,210261,209801,460
3607861,11.806,10,463,257662,0.845067,0.73,2,210274,209811,463
3610781,8.7612,10,461,257662,0.857013,0.73,2,210282,209821,461
3613381,14.5522,10,467,257662,0.899403,0.7,2,210298,209831,467
3616301,10.9104,14,462,257662,0.907881,0.72,2,210308,209846,462
3619221,10.1821,10.8,462,257662,0.893576,0.71,2,210318,209856,462
3622141,10.8364,10.16,463,257662,0.914715,0.7,2,210329,209866,463
3624821,10.9673,10.032,464,257662,0.886943,0.66,2,210340,209876,464
3626901,10.1935,9.2064,465,257662,0.849389,0.72,2,210350,209885,465
3628981,6.83869,10.6413,460,257662,0.833878,0.69,2,210356,209896,460
3631901,10.1677,7.72826,464,257662,0.878776,0.71,2,210367,209903,464
3634821,9.23355,9.54565,463,257662,0.855755,0.74,2,210376,209913,463
3637301,13.0467,9.90913,467,257662,0.835151,0.71,2,210390,209923,467
3640221,12.2093,13.9818,464,257662,0.84703,0.74,2,210402,209938,464
3643141,10.4419,10.7964,464,257662,0.825406,0.78,2,210412,209948,464
3646061,10.0884,10.1593,464,257662,0.805081,0.75,2,210422,209958,464
3648981,8.41767,10.0319,462,257662,0.817016,0.74,2,210430,209968,462
3651861,11.2835,10.0064,464,257662,0.819403,0.74,2,210442,209978,464
3654781,10.2567,10.0013,464,257662,0.795881,0.77,2,210452,209988,464
3657701,11.6513,10.0003,466,257662,0.799176,0.77,2,210464,209998,466
3669381,11,10,468,257662,0.78,0.87,2,210506,210038,468
3671201,10.2,10,468,257662,0.78,0.89,2,210516,210048,468
3674121,8.44,6.8,470,257662,0.724,0.93,1,210524,210054,470
3677041,10.488,9.36,471,257662,0.6488,0.91,1,210535,210064,471
3679961,8.4976,9.872,469,257662,0.61776,0.91,1,210543,210074,469
3682641,8.89952,9.9744,468,257662,0.611552,0.88,1,210552,210084,468
3685561,10.5799,9.19488,470,257662,0.59431,0.89,1,210563,210093,470
3688481,9.31598,9.83898,469,257662,0.558862,0.85,1,210572,210103,469
3690341,9.0632,9.1678,469,257662,0.567772,0.85,1,210581,210112,469
3693261,9.01264,8.23356,470,257662,0.545555,0.84,1,210590,210120,470
3695121,7.40253,8.04671,469,257662,0.517111,0.9,1,210597,210128,469
3697201,7.88051,9.60934,467,257662,0.471422,0.86,1,210605,210138,467
3700121,9.5761,8.32187,469,257662,0.454284,0.85,1,210615,210146,469
3701781,7.51522,8.06437,468,257662,0.434857,0.84,1,210622,210154,468
3703441,7.90304,8.81287,467,257662,0.366971,0.83,1,210630,210163,467
3706361,7.18061,5.76257,469,257662,0.305394,0.87,1,210637,210168,469
3709281,8.63612,7.55252,470,257662,0.277079,0.88,1,210646,210176,470
3711761,8.12722,7.9105,470,257662,0.271416,0.87,1,210654,210184,470
3714681,10.4254,8.7821,472,257662,0.246283,0.89,1,210665,210193,472
3716341,16.4851,8.15642,482,257662,0.193257,0.9,1,210683,210201,482
3719261,8.09702,16.8313,469,257662,0.174651,0.85,1,210689,210220,469
3722181,7.2194,9.76626,468,257662,0.16293,0.84,1,210696,210228,468
3725101,9.44388,8.35325,470,257662,0.120586,0.85,1,210706,210236,470
3727781,12.2888,8.07065,475,257662,0.0561172,0.81,1,210719,210244,475
3729441,8.85776,13.6141,468,257662,0.0352234,0.83,1,210727,210259,468
3732361,12.1716,11.5228,470,257662,0.0150447,0.85,1,210740,210270,470
3735281,8.83431,8.70457,470,257662,0.0350089,0.88,1,210748,210278,470
3738201,8.96686,8.14091,471,257662,0.00700179,0.89,1,210757,210286,471
3741121,8.19337,8.02818,471,257662,0.00140036,0.89,1,210765,210294,471
3744001,7.23867,8.00564,470,257662,0.00828007,0.91,1,210772,210302,470
3746921,10.2477,8.00113,473,257662,0.025656,0.92,1,210783,210310,473
3749841,6.84955,8.00023,471,257662,0.0291312,0.92,1,210789,210318,471
3751701,8.56991,8.00005,472,257662,0.00582624,0.93,1,210798,210326,472
3753781,9.71398,9.60001,472,257662,0.00916525,0.9,1,210808,210336,472
3755441,7.5428,10.72,468,257662,0.00983305,0.88,1,210815,210347,468
3757521,9.50856,7.744,471,257662,0.00196661,0.88,1,210825,210354,471
3759601,9.10171,9.5488,470,257662,0.000393322,0.86,1,210834,210364,470
3762521,10.6203,10.7098,470,257662,0.0320787,0.82,1,210845,210375,470
3765441,7.72407,8.54195,469,257662,0.0144157,0.84,1,210852,210383,469
3767921,6.34481,8.10839,467,257662,0.00288315,0.82,1,210858,210391,467
3770841,19.669,19.2217,468,257662,0.0245766,0.84,1,210881,210413,468
3773761,9.53379,10.2443,467,257662,0.0209153,0.84,1,210888,210421,467
3776241,7.50676,8.44887,466,257662,0.0281831,0.82,1,210895,210429,466
3779161,6.30135,7.28977,465,257662,0.0136366,0.81,1,210901,210436,465
3782081,7.66027,7.85795,465,257662,0.0427273,0.79,1,210909,210444,465
3783941,4.73205,7.97159,461,257662,0.0485455,0.79,1,210913,210452,461
3785601,13.7464,5.59432,472,257662,0.0337091,1,1,210929,210457,472
3788521,9.14928,11.5189,467,257662,0.0387418,0.95,1,210937,210470,467
3790801,7.42986,8.70377,466,257662,0.0237484,0.85,1,210944,210478,466
3793721,14.286,16.1408,464,257662,0.0367497,0.78,1,210960,210496,464
3796641,10.0572,9.62815,465,257662,0.0553499,0.79,1,210969,210504,465
3799561,6.81144,8.32563,463,257662,0.04307,0.75,1,210975,210512,463
3802241,5.36229,8.06513,460,257662,0.056614,0.7,1,210980,210520,460
3804321,6.67246,7.21303,460,257662,0.0193228,0.63,1,210987,210527,460
3807241,11.7345,11.8426,460,257662,0.0358646,0.61,1,211000,210540,460
3808901,5.5469,8.76852,456,257662,0.0231729,0.64,1,211004,210548,456
3810561,5.10938,5.7537,456,257662,0.0126346,0.62,1,211009,210553,456
3813481,4.22188,5.15074,455,257662,0.0265269,0.59,1,211013,210558,455
3815761,8.04438,7.43015,456,257662,0.0373054,0.57,1,211022,210566,456
3818681,11.2089,13.486,453,257662,0.0314611,0.55,1,211034,210581,453
3820341,5.44177,9.09721,449,257662,0.0142922,0.54,1,211038,210589,449
3823261,5.88836,7.41944,448,257662,0.0348584,0.48,1,211044,210596,448
3826161,6.77767,7.88389,447,257662,0.0149717,0.45,1,211051,210604,447
3828241,6.95553,7.97678,446,257662,0.00299434,0.42,1,211058,210612,446
3831161,7.79111,11.9954,441,257662,0.000598867,0.32,1,211066,210625,441
3833861,7.95822,8.79907,441,257662,0.00811977,0.28,1,211074,210633,441
3836561,5.59164,8.15981,438,257662,0.041624,0.28,1,211079,210641,438
3839481,8.31833,8.83196,438,257662,0.0483248,0.23,1,211088,210650,438
3841141,8.06367,8.16639,438,257662,0.065665,0.25,1,211096,210658,438
3842801,6.41273,9.63328,434,257662,0.053133,0.2,1,211102,210668,434
3844881,7.68255,9.12666,433,257662,0.0346266,0.19,1,211110,210677,433
3846961,7.93651,6.62533,435,257662,0.0309253,0.18,1,211118,210683,435
3849881,7.9873,14.1251,427,257662,0.0621851,0.11,1,211126,210699,427
3852801,7.99746,9.22501,427,257662,0.020437,0.07,1,211134,210707,427
3855281,7.19949,8.245,426,257662,0.0440874,0.05,1,211141,210715,426
3858201,8.6399,9.649,425,257662,0.0488175,0.03,1,211150,210725,425
3859861,8.92798,8.3298,426,257662,0.0497635,0.02,1,211159,210733,426
3861941,12.1856,7.26596,432,257662,0.0979527,0.03,1,211172,210740,432
3864861,9.63712,13.4532,426,257662,0.107591,0.01,1,211181,210755,426
3867781,9.12742,9.09064,427,257662,0.0855181,0.04,1,211190,210763,427
3870261,6.62548,8.21813,425,257662,0.0411036,0.05,1,211196,210771,425
3873181,7.7251,7.24363,426,257662,0.0402207,0.05,1,211204,210778,426
3876101,7.94502,7.84873,426,257662,0.0160441,0.04,1,211212,210786,426
3879021,7.989,7.96975,426,257662,0.0352088,0.03,1,211220,210794,426
3881701,6.3978,7.99395,424,257662,0.0310418,0.03,1,211226,210802,424
3883781,10.8796,7.19879,429,257662,0.0382084,0.03,1,211238,210809,429
3886481,7.77591,10.2398,425,257662,0.0236417,0.05,1,211245,210820,425
3888561,7.15518,7.64795,425,257662,0.0367283,0.02,1,211252,210827,425
3890641,8.63104,7.92959,426,257662,0.0233457,0.02,1,211261,210835,426
3893561,16.1262,15.9859,426,257662,0.0366691,0.02,1,211279,210853,426
3896481,9.62524,9.59718,426,257662,0.0153338,0.04,1,211287,210861,426
3898961,9.12505,8.31944,427,257662,0.0110668,0.05,1,211296,210869,427
3901881,20.225,20.0639,427,257662,0.0422134,0.01,1,211319,210892,427
3904801,9.645,10.4128,426,257662,0.0404427,0.06,1,211326,210900,426
3907721,8.329,8.48256,426,257662,0.0480885,0.06,1,211334,210908,426
3910641,8.8658,8.09651,427,257662,0.0656177,0.05,1,211343,210916,427
3913561,7.37316,8.0193,426,257662,0.0851235,0.07,1,211350,210924,426
3916481,8.67463,8.00386,427,257662,0.137025,0.04,1,211359,210932,427
3918721,8.13493,8.00077,427,257662,0.139405,0.06,1,211367,210940,427
3921641,9.62699,8.00015,429,257662,0.163881,0.02,1,211377,210948,429
3923301,7.5254,8.00003,428,257662,0.192776,0.08,1,211384,210956,428
3925381,15.9051,8.80001,437,257662,0.238555,0.05,1,211402,210965,437
3928301,10.381,16.96,427,257662,0.271711,0.05,1,211411,210984,427
3931221,6.8762,9.792,425,257662,0.294342,0.05,1,211417,210992,425
3934141,8.57524,8.3584,426,257662,0.314868,0.02,1,211426,211000,426
3937061,8.11505,8.07168,426,257662,0.342974,0.04,1,211434,211008,426
3939981,8.82301,8.01434,427,257662,0.332595,0.07,1,211443,211016,427
3942901,6.5646,8.00287,425,257662,0.354519,0.04,1,211449,211024,425
3945821,7.71292,8.00057,425,257662,0.398904,0.01,1,211457,211032,425
3948741,7.94258,8.00011,425,257662,0.407781,0.04,1,211465,211040,425
3951661,8.78852,8.00002,426,257662,0.433556,0.03,1,211474,211048,426
3954581,8.1577,8,426,257662,0.462711,0.04,1,211482,211056,426
3957501,8.83154,8,427,257662,0.484542,0.06,1,211491,211064,427
3960421,8.16631,8,427,257662,0.520908,0.06,1,211499,211072,427
3962821,8.03326,8,427,257662,0.528182,0.07,1,211507,211080,427
3965741,7.20665,7.2,427,257662,0.585636,0.09,1,211514,211087,427
3968661,7.04133,7.84,426,257662,0.613127,0.05,1,211521,211095,426
3971581,7.80827,7.968,426,257662,0.650625,0.06,1,211529,211103,426
3973841,9.56165,7.9936,428,260582,0.634125,0.08,1,211539,211111,428
3976761,13.1123,12.7987,428,262842,0.646825,0.03,1,211553,211125,428
3979681,9.02247,8.95974,428,262878,0.729365,0.06,1,211561,211133,428
3982601,8.20449,8.19195,428,262878,0.737873,0.06,1,211569,211141,428
3985521,8.8409,8.03839,429,262878,0.795575,0.08,2,211578,211149,429
3988401,6.56818,8.00768,427,262878,0.839115,0.07,2,211584,211157,427
3990481,8.51364,8.00154,428,262988,0.855823,0.06,2,211593,211165,428
3992561,10.5027,8.80031,430,265068,0.931165,0.1,2,211604,211174,430
4246121,92,0,600,229360,0.17,1,1,213028,212428,600
4264421,43.2,112,491,229360,0.034,1,1,213059,212568,491
4272741,54.24,22.4,548,228740,0.0068,1,1,213116,212568,548
4283981,48.448,94.88,482,228740,0.00136,1,1,213163,212681,482
4294581,36.0896,18.976,515,228540,0.000272,1,1,213196,212681,515
4302901,32.8179,3.7952,547,228340,0.0240544,1,1,213228,212681,547
4303961,34.5636,0.75904,582,228340,0.0128109,0.9,1,213263,212681,582
4307681,10.9127,97.7518,465,229400,0.0105622,0.01,1,213268,212803,465
4310601,27.7825,47.5504,462,132792,0.0741124,0.75,1,213300,212838,462
4313521,11.9565,17.5101,460,135712,0.0868225,0.72,1,213308,212848,460
4316441,8.7913,11.502,458,138632,0.0973645,0.68,1,213316,212858,458
4319361,8.15826,10.3004,456,141552,0.123473,0.64,1,213324,212868,456
4322281,7.23165,10.0601,453,144472,0.144695,0.58,1,213331,212878,453
4325201,8.64633,10.012,452,147392,0.180939,0.56,1,213340,212888,452
4328121,10.5293,10.0024,453,150312,0.172188,0.57,1,213351,212898,453
4331041,8.50585,10.0005,451,153232,0.178438,0.52,1,213359,212908,451
4333961,7.30117,10.0001,448,156152,0.163688,0.49,1,213366,212918,448
4336881,7.86023,10,446,159072,0.200738,0.44,1,213374,212928,446
4339801,5.57205,8.4,443,161992,0.224147,0.41,1,213379,212936,443
4342001,7.51441,7.28,444,164912,0.24483,0.4,1,213387,212943,444
4344921,8.70288,7.056,446,167112,0.216966,0.4,1,213396,212950,446
4347841,7.34058,9.4112,443,170032,0.211393,0.38,1,213403,212960,443
4350761,7.86812,9.88224,441,172952,0.178279,0.34,1,213411,212970,441
4353681,8.77362,9.97645,440,175872,0.203656,0.35,1,213420,212980,440
4356601,8.15472,9.99529,438,178792,0.232731,0.28,1,213428,212990,438
4359521,8.03094,9.99906,436,181712,0.230546,0.27,1,213436,213000,436
4362441,8.00619,9.99981,434,184632,0.246109,0.22,1,213444,213010,434
4365361,8.00124,9.99996,432,187552,0.201222,0.17,1,213452,213020,432
4368281,7.20025,9.99999,429,190472,0.232244,0.14,1,213459,213030,429
4371201,7.84005,10,427,193392,0.206449,0.03,1,213467,213040,427
4374121,9.56801,10,427,196312,0.21729,0,1,213477,213050,427
4376321,5.1136,9.2,422,199232,0.179458,0.02,1,213481,213059,422
4379241,10.6227,8.24,426,201432,0.123892,0.01,1,213493,213067,426
4382161,10.1245,9.648,426,204352,0.0647783,0.01,1,213503,213077,426
4385081,10.0249,9.9296,426,207272,0.0209557,0.03,1,213513,213087,426
4388001,10.005,9.98592,426,210192,0.0121911,0.04,1,213523,213097,426
4390921,10.001,9.99718,426,213112,0.0344382,0.01,1,213533,213107,426
4393841,10.0002,9.99944,426,216032,0.0388876,0.04,1,213543,213117,426
4396761,10,9.99989,426,218952,0.0157775,0.02,1,213553,213127,426
4399681,26.8,9.99998,447,221872,0.0111555,0,1,213584,213137,447
4402601,13.36,26.8,426,224792,0.0102311,0.01,1,213594,213168,426
4405521,11.472,13.36,427,227712,0.00204622,0.03,1,213605,213178,427
4408441,9.4944,10.672,426,230632,0.00840924,0,1,213614,213188,426
4411361,6.69888,8.5344,424,233552,0.00168185,0.01,1,213620,213196,424
4414281,8.53978,7.30688,426,236472,0.00833637,0.04,1,213629,213203,426
4417201,11.308,9.46138,428,239392,0.00166727,0.02,1,213641,213213,428
4420121,8.66159,9.89228,426,242312,0.000333455,0.07,1,213649,213223,426
4423041,6.53232,5.97845,427,245232,6.66909e-05,0.06,1,213655,213228,427
4425961,9.30646,9.19569,427,248152,1.33382e-05,0.07,1,213665,213238,427
4428881,9.86129,9.83914,427,251072,2.66764e-06,0.01,1,213675,213248,427
4431801,14.7723,13.9678,428,253992,5.33527e-07,0.07,1,213691,213263,428
4434721,12.5545,10.7936,430,256912,0.0240001,0.09,1,213703,213273,430
4437641,20.1109,10.1587,442,259832,0.00480002,0.09,1,213725,213283,442
4440181,12.8222,19.6317,431,262752,0.00896,0.11,1,213736,213305,431
4443101,11.3644,11.1263,433,265292,0.009792,0.17,1,213747,213314,433
4446021,11.8729,10.2253,435,265723,0.0099584,0.19,1,213759,213324,435
4448501,9.57458,10.0451,434,265723,0.00199168,0.22,1,213768,213334,434
4451421,8.31492,8.40901,434,265723,0.000398336,0.22,1,213776,213342,434
4454341,10.463,9.6818,435,265723,0.0400797,0.2,1,213787,213352,435
4457261,11.6926,9.93636,437,265723,0.00801593,0.21,1,213799,213362,437
4460181,11.1385,9.98727,438,265723,0.00160319,0.28,1,213810,213372,438
4463101,9.4277,9.99745,437,265723,0.000320637,0.27,1,213819,213382,437
4466021,8.28554,9.99949,435,265723,0.0240641,0.24,1,213827,213392,435
4468941,10.4571,9.9999,436,265723,0.0208128,0.21,1,213838,213402,436
4471861,10.8914,9.99998,437,265723,0.00416256,0.26,1,213849,213412,437
4474781,11.7783,10,439,265723,0.000832513,0.27,1,213861,213422,439
4477701,8.75566,10,437,265723,0.0081665,0.27,1,213869,213432,437
4480621,8.95113,10,436,265723,0.0096333,0.23,1,213878,213442,436
4483541,11.3902,10,438,265723,0.0179267,0.24,1,213890,213452,438
4486461,9.47805,10,437,265723,0.0355853,0.27,1,213899,213462,437
4489381,5.09561,10,431,265723,0.0151171,0.19,1,213903,213472,431
4492301,7.41912,10,429,265723,0.00302341,0.13,1,213911,213482,429
4495221,7.88382,10,427,265723,0.00860468,0.07,1,213919,213492,427
4498141,9.57676,10,427,265723,0.0337209,0.03,1,213929,213502,427
4501061,9.11535,10,426,265723,0.0307442,0.03,1,213938,213512,426
4503981,9.82307,10,426,265723,0.0141488,0.05,1,213948,213522,426
4506901,10.7646,10,427,265723,0.0108298,0.05,1,213959,213532,427
4509821,10.1529,10,427,265723,0.010166,0.03,1,213969,213542,427
4512741,9.23058,10,426,265723,0.0100332,0.03,1,213978,213552,426
4515661,9.84612,10,426,265723,0.0100066,0.03,1,213988,213562,426
4518581,10.7692,10,427,265723,0.0100013,0.05,1,213999,213572,427
4521501,10.1538,10,427,265723,0.0100003,0.03,1,214009,213582,427
4524421,9.23077,10,426,265723,0.0180001,0.05,1,214018,213592,426
4527341,10.6462,10,427,265723,0.0276,0.05,1,214029,213602,427
4530261,10.1292,10,427,265723,0.01352,0.03,1,214039,213612,427
4533181,9.22585,10,426,265723,0.026704,0.05,1,214048,213622,426
4536101,9.84517,10,426,265723,0.0293408,0.03,1,214058,213632,426
4539021,9.96903,10,426,265723,0.0298682,0.03,1,214068,213642,426
4541941,9.99381,10,426,265723,0.0299736,0.03,1,214078,213652,426
4544861,9.99876,10,426,265723,0.0299947,0.03,1,214088,213662,426
4547781,9.99975,10,426,265723,0.0299989,0.05,1,214098,213672,426
4550701,10.8,10,427,265723,0.0379998,0.05,1,214109,213682,427
4553621,9.35999,10,426,265723,0.0316,0.05,1,214118,213692,426
4556541,10.672,10,427,265723,0.03832,0.05,1,214129,213702,427
4559461,10.1344,10,427,265723,0.055664,0.03,1,214139,213712,427
4562381,9.22688,10,426,265723,0.0511328,0.07,1,214148,213722,426
4565301,10.6454,10,427,265723,0.0662266,0.05,1,214159,213732,427
4568221,10.1291,10,427,265723,0.101245,0.03,1,214169,213742,427
4570801,9.22582,10,426,265723,0.132249,0.01,1,214178,213752,426
4573721,9.84516,9.2,427,265723,0.12245,0.05,1,214188,213761,427
4576641,10.769,9.84,428,265723,0.13649,0.04,1,214199,213771,428
4579561,9.35381,9.968,427,265723,0.147298,0.03,1,214208,213781,427
4582481,10.6708,9.9936,428,265723,0.13346,0.05,1,214219,213791,428
4585401,9.33415,9.99872,427,265723,0.0506919,0.03,1,214228,213801,427
4588321,9.86683,9.99974,427,265723,0.0341384,0.03,1,214238,213811,427
4591241,9.97337,9.99995,427,265723,0.0148277,0.04,1,214248,213821,427
4594161,9.99467,9.99999,427,265723,0.0349655,0.03,1,214258,213831,427
4597081,9.99893,10,427,265723,0.0149931,0.03,1,214268,213841,427
4599921,9.99979,10,427,265723,0.0109986,0.05,1,214278,213851,427
4602001,9.19996,10,426,265723,0.00219972,0.02,1,214287,213861,426
4604921,14.64,14.8,426,265723,0.00843995,0.01,1,214303,213877,426
4607841,10.928,10.96,426,265723,0.00968799,0.03,1,214313,213887,426
4610761,10.1856,10.192,426,265723,0.0099376,0.01,1,214323,213897,426
4613681,10.0371,10.0384,426,265723,0.0179875,0.03,1,214333,213907,426
4616601,10.0074,10.0077,426,265723,0.0115975,0.03,1,214343,213917,426
4619521,10.8015,10.0015,427,265723,0.0183195,0.05,1,214354,213927,427
4622441,9.3603,10.0003,426,265723,0.0116639,0.01,1,214363,213937,426
4625361,9.87206,10.0001,426,265723,0.0263328,0.01,1,214373,213947,426
4628281,9.97441,10,426,265723,0.0212666,0.01,1,214383,213957,426
4631201,9.99488,10,426,265723,0.0122533,0.03,1,214393,213967,426
4634121,9.99898,10,426,265723,0.0104507,0.03,1,214403,213977,426
4637041,9.9998,10,426,265723,0.0100901,0.01,1,214413,213987,426
4639961,9.99996,10,426,265723,0.010018,0.01,1,214423,213997,426
4642881,9.99999,10,426,265723,0.0100036,0.02,1,214433,214007,426
4645801,10.8,10,427,265723,0.0100007,0.03,1,214444,214017,427
4648721,9.36,10,426,265723,0.0260001,0.02,1,214453,214027,426
4651641,10.672,10,427,265723,0.0292,0.05,1,214464,214037,427
4654561,10.1344,10,427,265723,0.02184,0.05,1,214474,214047,427
4657481,10.8269,10,428,265723,0.028368,0.05,1,214485,214057,428
4660401,9.36538,10,427,265723,0.0136736,0.03,1,214494,214067,427
4663321,9.87308,10,427,265723,0.0267347,0.03,1,214504,214077,427
4666241,9.97461,10,427,265723,0.0133469,0.03,1,214514,214087,427
4669161,9.99492,10,427,265723,0.0106694,0.03,1,214524,214097,427
4672081,9.99898,10,427,265723,0.0101339,0.03,1,214534,214107,427
4675001,10.7998,10,428,265723,0.0100268,0.03,1,214545,214117,428
4677921,9.35996,10,427,265723,0.0100054,0.07,1,214554,214127,427
4680841,10.672,10,428,265723,0.0260011,0.05,1,214565,214137,428
4683761,10.9344,10,429,265723,0.00520021,0.1,1,214576,214147,429
4686681,12.5869,10,432,265723,0.03304,0.13,1,214589,214157,432
4689601,11.3174,10,433,265723,0.078608,0.16,1,214600,214167,433
4692521,8.66348,10,431,265723,0.111722,0.15,1,214608,214177,431
4695441,9.73269,10,431,265723,0.158344,0.14,1,214618,214187,431
4698361,9.94654,10,431,265723,0.191669,0.15,1,214628,214197,431
4701281,9.18931,10,430,265723,0.190334,0.17,1,214637,214207,430
4704201,6.63786,10,426,265723,0.238067,0.05,1,214643,214217,426
4707121,9.32757,10,426,265723,0.295613,0.03,1,214653,214227,426
4710041,9.86551,10,426,265723,0.315123,0.03,1,214663,214237,426
4712961,9.9731,10,426,265723,0.319025,0.04,1,214673,214247,426
4715881,9.99462,10,426,265723,0.287805,0.01,1,214683,214257,426
4718801,10.7989,10,427,265723,0.233561,0.01,1,214694,214267,427
4721721,9.35978,10,426,265723,0.166712,0.01,1,214703,214277,426
4724641,9.87196,10,426,265723,0.105342,0.02,1,214713,214287,426
4727561,9.97439,10,426,265723,0.109068,0.03,1,214723,214297,426
4730481,9.99488,10,426,265723,0.101814,0.01,1,214733,214307,426
4733401,9.99898,10,426,265723,0.100363,0.01,1,214743,214317,426
4736321,9.99979,10,426,265723,0.0600725,0.03,1,214753,214327,426
4739241,9.99996,10,426,265723,0.0200145,0.03,1,214763,214337,426
4742161,9.99999,10,426,265723,0.0120029,0.03,1,214773,214347,426
4745081,10.8,10,427,265723,0.0104006,0.01,1,214784,214357,427
4748001,10.16,10,427,265723,0.0100801,0.03,1,214794,214367,427
4750921,9.232,10,426,265723,0.010016,0.01,1,214803,214377,426
4753841,9.8464,10,426,265723,0.0260032,0.02,1,214813,214387,426
4756761,9.96928,10,426,265723,0.0132006,0.03,1,214823,214397,426
4759681,9.99386,10,426,265723,0.0186401,0.03,1,214833,214407,426
4762601,9.99877,10,426,265723,0.027728,0.01,1,214843,214417,426
4765521,9.99975,10,426,265723,0.0135456,0.01,1,214853,214427,426
4768441,10.8,10,427,265723,0.0107091,0.03,1,214864,214437,427
4771361,9.35999,10,426,265723,0.0261418,0.03,1,214873,214447,426
4774281,9.872,10,426,265723,0.0132284,0.03,1,214883,214457,426
4777201,10.7744,10,427,265723,0.0106457,0.03,1,214894,214467,427
4780121,9.35488,10,426,265723,0.0421291,0.01,1,214903,214477,426
4783041,10.671,10,427,268643,0.0644258,0.03,1,214914,214487,427
4785961,9.3342,10,426,268643,0.0368852,0.01,1,214923,214497,426
4788881,9.86684,10,426,268643,0.00737703,0.01,1,214933,214507,426
4791801,9.97337,10,426,268643,0.0174754,0.01,1,214943,214517,426
4794721,9.99467,10,426,268643,0.00349508,0.01,1,214953,214527,426
4797641,9.99893,10,426,268643,0.016699,0.01,1,214963,214537,426
4800561,9.99979,10,426,268643,0.0033398,0.01,1,214973,214547,426
4803481,9.99996,10,426,268643,0.016668,0.03,1,214983,214557,426
4806401,9.99999,10,426,268643,0.00333359,0.03,1,214993,214567,426
4809321,10.8,10,427,268643,0.0406667,0.03,1,215004,214577,427
4812241,12.56,10,430,268643,0.0321333,0.09,1,215017,214587,430
4815161,12.112,10,432,268643,0.0704267,0.14,1,215029,214597,432
4818081,12.0224,10,434,268643,0.0700853,0.18,1,215041,214607,434
4821001,12.0045,10,436,268643,0.0140171,0.22,1,215053,214617,436
4823921,12.0009,10,438,268643,0.0188034,0.23,1,215065,214627,438
4826841,12.8002,10,441,268643,0.0517607,0.3,1,215078,214637,441
4829761,11.36,10,442,268643,0.0903521,0.35,1,215089,214647,442
4832681,10.272,10,442,268643,0.12207,0.34,1,215099,214657,442
4835601,8.4544,10,440,268643,0.144414,0.3,1,215107,214667,440
4838521,7.29088,10,437,268643,0.124883,0.27,1,215114,214677,437
4841441,6.25818,10,433,268643,0.120977,0.2,1,215120,214687,433
4844361,6.85164,10,430,268643,0.160195,0.13,1,215127,214697,430
4847281,10.1703,10,431,268643,0.152039,0.12,1,215138,214707,431
4850201,10.0341,10,431,268643,0.110408,0.14,1,215148,214717,431
4853121,10.0068,10,431,268643,0.0700816,0.11,1,215158,214727,431
4856041,7.60136,10,428,268643,0.0700163,0.1,1,215165,214737,428
4858961,7.92027,10,426,268643,0.0940033,0.03,1,215173,214747,426
4861881,9.58405,10,426,268643,0.114801,0.05,1,215183,214757,426
4864801,9.91681,10,426,268643,0.13496,0.01,1,215193,214767,426
4867721,9.98336,10,426,268643,0.090992,0.03,1,215203,214777,426
4870641,9.99667,10,426,268643,0.0501984,0.01,1,215213,214787,426
4873561,10.7993,10,427,268643,0.0340397,0.03,1,215224,214797,427
4876481,9.35987,10,426,268643,0.00680794,0.03,1,215233,214807,426
4879401,9.87197,10,426,268643,0.0413616,0.01,1,215243,214817,426
4882321,10.7744,10,427,268643,0.0322723,0.03,1,215254,214827,427
4885241,9.35488,10,426,268643,0.0304545,0.03,1,215263,214837,426
4888161,9.87098,10,426,268643,0.00609089,0.01,1,215273,214847,426
4891081,10.7742,10,427,268643,0.0332182,0.01,1,215284,214857,427
4894001,9.35484,10,426,268643,0.00664364,0.03,1,215293,214867,426
4896921,9.87097,10,426,268643,0.0333287,0.05,1,215303,214877,426
4899841,11.5742,10,428,268643,0.0786657,0.03,1,215315,214887,428
4902761,11.1148,10,429,268643,0.0237331,0.07,1,215326,214897,429
4905681,8.62297,10,427,268643,0.0527466,0.09,1,215334,214907,427
4908601,7.32459,8.4,426,268643,0.0505493,0.05,1,215341,214915,426
4911521,7.86492,8.08,426,268643,0.0661099,0.04,1,215349,214923,426
4914441,7.97298,8.016,426,268643,0.037222,0.04,1,215357,214931,426
4917361,7.9946,8.0032,426,268643,0.0394444,0.02,1,215365,214939,426
4920281,7.99892,8.00064,426,268643,0.00788888,0.04,1,215373,214947,426
4923201,8.79978,8.00013,427,268643,0.00157778,0.02,1,215382,214955,427
4926121,7.35996,8.00003,426,268643,0.0243156,0.04,1,215389,214963,426
4928561,7.87199,8.00001,426,268643,0.0288631,0.03,1,215397,214971,426
4930641,6.3744,7.2,425,268643,0.0137726,0,1,215403,214978,425
4933561,16.4749,13.44,429,268643,0.0107545,0.04,1,215422,214993,429
4935221,12.095,9.088,432,268643,0.0181509,0.05,1,215433,215001,432
4938141,9.619,12.2176,428,268643,0.0196302,0.05,1,215442,215014,428
4941061,9.9238,8.84352,430,268643,0.043926,0.08,1,215452,215022,430
4943121,5.98476,8.1687,427,268643,0.0167852,0.13,1,215457,215030,427
4945201,4.39695,6.43374,425,268643,0.051357,0.01,1,215461,215036,425
4948121,14.4794,14.0867,426,268643,0.0342714,0.03,1,215478,215052,426
4951041,10.8959,9.21735,428,268643,0.00685428,0.06,1,215488,215060,428
4952901,6.97918,8.24347,426,268643,0.0173709,0.07,1,215494,215068,426
4954561,8.59584,7.24869,428,268643,0.0594742,0.07,1,215503,215075,428
4957481,8.91917,7.04974,430,268643,0.0518948,0.12,1,215512,215082,430
4960401,8.98383,7.80995,431,268643,0.106379,0.15,1,215521,215090,431
4962261,10.5968,7.96199,434,268643,0.173276,0.16,1,215532,215098,434
4965181,8.51935,9.5924,432,268643,0.210655,0.15,1,215540,215108,432
4968101,9.70387,8.31848,434,268643,0.234131,0.16,1,215550,215116,434
4970581,5.94077,8.0637,431,268643,0.238826,0.19,1,215555,215124,431
4972241,4.38815,7.21274,428,268643,0.271765,0.16,1,215559,215131,428
4975161,4.87763,5.44255,428,268643,0.254353,0.13,1,215564,215136,428
4976821,9.77553,7.48851,431,268643,0.282871,0.08,1,215575,215144,431
4979741,10.7551,10.2977,431,268643,0.296574,0.1,1,215586,215155,431
4982021,11.751,8.45954,435,268643,0.411315,0.12,1,215598,215163,435
4984941,6.3502,8.89191,431,268643,0.498263,0.16,1,215603,215172,431
4987861,7.67004,8.17838,431,268643,0.523653,0.16,1,215611,215180,431
4990781,6.33401,8.03568,429,268643,0.512731,0.15,1,215617,215188,429
4993461,6.8668,8.00714,428,268643,0.510546,0.07,1,215624,215196,428
4996381,7.77336,9.60143,426,268643,0.534109,0.01,1,215632,215206,426
4998241,6.35467,8.32029,424,268643,0.514822,0.03,1,215638,215214,424
5001161,7.67093,7.26406,425,268643,0.486964,0.01,1,215646,215221,425
5004081,9.53419,7.85281,427,268643,0.529393,0,1,215656,215229,427
5005941,9.90684,7.97056,429,268643,0.489879,0.09,1,215666,215237,429
5008861,8.38137,10.3941,426,268643,0.449976,0.02,1,215674,215248,426
5011141,7.27627,8.47882,425,268643,0.441995,0.03,1,215681,215256,425
5014061,9.45525,8.09576,427,268643,0.408399,0.01,1,215691,215264,427
5015921,6.69105,8.01915,425,268643,0.40968,0.04,1,215697,215272,425
5018841,12.5382,11.2038,427,268643,0.369936,0,1,215711,215284,427
5021121,7.30764,8.64077,425,268643,0.393987,0.06,1,215717,215292,425
5024041,8.66153,6.52815,428,268643,0.358797,0.02,1,215726,215298,428
5025701,8.13231,7.70563,428,268643,0.327759,0.11,1,215734,215306,428
5027361,6.42646,9.54113,424,268643,0.345552,0.05,1,215740,215316,424
5030281,10.0853,7.50822,428,268037,0.37311,0.01,1,215751,215323,428
5033201,6.81706,7.90165,426,268037,0.370622,0.06,1,215757,215331,426
5035061,5.36341,7.98033,423,268037,0.362124,0.05,1,215762,215339,423
5036721,5.87268,5.59607,424,267431,0.336425,0.05,1,215768,215344,424
5039641,9.17454,7.51921,426,267431,0.323285,0.03,1,215778,215352,426
5042561,7.43491,7.90384,425,267431,0.296657,0.05,1,215785,215360,425
5045041,7.88698,7.98077,425,267431,0.283331,0.03,1,215793,215368,425
5047961,10.3774,9.59615,426,267431,0.312666,0.01,1,215804,215378,426
5050881,8.47548,8.31923,426,267431,0.238533,0.04,1,215812,215386,426
5053801,8.0951,8.06385,426,267431,0.159707,0.04,1,215820,215394,426
5056481,8.81902,8.01277,427,267431,0.127941,0.06,1,215829,215402,427
5059401,6.5638,7.20255,426,267431,0.0975883,0.04,1,215835,215409,426
5061681,7.71276,7.84051,426,267431,0.0835177,0.05,1,215843,215417,426
5063761,11.9426,11.9681,426,267879,0.0167035,0.04,1,215856,215430,426
5065841,9.58851,7.19362,429,267439,0.0513407,0.05,1,215865,215436,429
5068761,8.3177,8.63872,428,267439,0.0502681,0.04,1,215873,215445,428
5070421,5.66354,8.12774,425,267439,0.0420536,0.07,1,215878,215453,425
5073341,8.33271,5.62555,429,267439,0.0484107,0.14,1,215887,215458,429
5076241,5.66654,7.52511,426,267439,0.0336821,0.04,1,215892,215466,426
5079161,21.9333,20.705,428,267439,0.0307364,0.09,1,215918,215490,428
5082081,10.7867,10.541,428,267439,0.0461473,0.1,1,215926,215498,428
5085001,10.9573,8.5082,431,267439,0.0412295,0.09,1,215937,215506,431
5087061,10.1915,8.10164,433,267439,0.0322459,0.13,1,215947,215514,433
5089141,14.0383,6.42033,442,267439,0.0384492,0.22,1,215962,215520,442
5090801,9.20766,11.6841,437,267439,0.0556898,0.26,1,215970,215533,437
5093721,11.4415,11.1368,438,267659,0.083138,0.25,1,215982,215544,438
5096641,7.88831,8.62736,437,267659,0.0726276,0.28,1,215989,215552,437
5099561,9.57766,8.12547,439,267659,0.0785255,0.28,1,215999,215560,439
5102481,11.5155,8.02509,443,267659,0.0877051,0.31,1,216011,215568,443
5105401,11.1031,8.00502,446,267659,0.105541,0.34,1,216022,215576,446
5107441,10.2206,8.001,448,267659,0.101108,0.4,1,216032,215584,448
5110361,12.4441,8.8002,452,267659,0.0602216,0.54,1,216045,215593,452
5112021,6.48882,8.16004,449,267659,0.100044,0.53,1,216050,215601,449
5114941,8.49777,8.03201,450,267659,0.148009,0.51,1,216059,215609,450
5117221,8.89955,8.0064,451,267659,0.181602,0.51,1,216068,215617,451
5120141,8.97991,8.00128,452,267659,0.20432,0.52,1,216077,215625,452
5123061,7.39598,8.00026,451,267659,0.240864,0.51,1,216084,215633,451
5125981,8.6792,8.00005,452,267659,0.248173,0.5,1,216093,215641,452
5128901,6.53584,8.00001,450,267659,0.289635,0.54,1,216099,215649,450
5131821,5.30717,8,447,267659,0.329927,0.49,1,216104,215657,447
5134481,6.66143,8,446,267659,0.337985,0.46,1,216111,215665,446
5136561,7.73229,7.2,447,267659,0.323597,0.45,1,216119,215672,447
5139481,11.1465,11.04,447,267659,0.328719,0.41,1,216131,215684,447
5141761,7.82929,8.608,446,267659,0.385744,0.39,1,216138,215692,446
5144681,12.7659,12.1216,447,267659,0.469149,0.39,1,216152,215705,447
5147601,6.55317,8.82432,444,267659,0.48583,0.39,1,216157,215713,444
5150501,6.11063,8.16486,442,267659,0.529166,0.35,1,216163,215721,442
5152161,7.62213,8.03297,442,267659,0.553833,0.34,1,216171,215729,442
5155081,8.72443,7.20659,444,267659,0.566767,0.38,1,216180,215736,444
5158001,8.94489,7.84132,445,267659,0.569353,0.4,1,216189,215744,445
5160481,6.58898,7.96826,443,267659,0.585871,0.36,1,216195,215752,443
5163401,8.5178,9.59365,442,267659,0.613174,0.36,1,216204,215762,442
5165061,9.70356,8.31873,444,267659,0.578635,0.35,1,216214,215770,444
5167981,7.54071,8.86375,442,267659,0.619727,0.32,1,216221,215779,442
5169841,5.50814,8.17275,439,267659,0.627945,0.32,1,216226,215787,439
5172761,6.70163,10.4345,435,267659,0.613589,0.3,1,216233,215798,435
5175681,4.54033,8.48691,431,267659,0.602718,0.24,1,216237,215806,431
5178601,6.50806,8.09738,430,267659,0.568544,0.16,1,216244,215814,430
5181521,6.10161,8.01948,428,267659,0.569709,0.13,1,216250,215822,428
5184401,6.82032,8.0039,427,267659,0.545942,0.1,1,216257,215830,427
5187321,6.16406,8.00078,425,267659,0.525188,0.06,1,216263,215838,425
5190241,9.23281,8.00016,427,267659,0.489038,0.03,1,216273,215846,427
5192721,9.04656,8.00003,428,267659,0.473808,0.08,1,216282,215854,428
5194801,6.60931,7.20001,427,267659,0.422761,0.05,1,216288,215861,427
5196881,10.9219,11.04,427,267659,0.460552,0.07,1,216300,215873,427
5199801,5.38437,7.008,425,267659,0.50011,0.06,1,216304,215879,425
5202501,11.4769,7.8016,430,267659,0.540022,0.05,1,216317,215887,430
5205421,9.49538,11.9603,426,267659,0.524004,0.02,1,216326,215900,426
5207281,8.29908,8.79206,426,267659,0.520801,0.08,1,216334,215908,426
5209361,13.6598,12.9584,427,267659,0.56816,0.08,1,216349,215922,427
5212281,9.93196,9.79168,427,267859,0.593632,0.05,1,216358,215931,427
5213941,6.78639,8.35834,425,267859,0.614726,0.04,1,216364,215939,425
5216861,8.55728,7.27167,427,267859,0.634945,0.02,1,216373,215946,427
5219141,18.5115,7.85433,440,267859,0.622989,0.09,1,216394,215954,440
5221221,12.5023,16.7709,432,267859,0.572598,0.11,1,216405,215973,432
5223921,7.30046,11.3542,428,267859,0.55452,0.11,1,216411,215983,428
5226841,9.46009,7.87083,431,267859,0.566904,0.11,1,216421,215990,431
5228501,14.692,7.97417,439,267859,0.585381,0.09,1,216437,215998,439
5230161,8.5384,15.1948,429,267859,0.629076,0.11,1,216444,216015,429
5233081,8.90768,8.63897,431,267859,0.597815,0.11,1,216453,216022,431
5234741,6.58154,8.12779,429,267859,0.599563,0.12,1,216459,216030,429
5237661,11.7163,8.82556,433,267859,0.607913,0.09,1,216472,216039,433
5239941,11.1433,8.16511,436,267859,0.585583,0.17,1,216483,216047,436
5242021,10.2287,6.43302,440,267859,0.661116,0.25,1,216493,216053,440
5244941,7.64573,10.0866,436,267859,0.668223,0.24,1,216500,216064,436
5247841,7.92915,8.41732,436,267859,0.669645,0.25,1,216508,216072,436
5250761,14.3858,11.2835,440,267859,0.693929,0.28,1,216524,216084,440
5252421,10.8772,8.65669,442,267859,0.666786,0.33,1,216534,216092,442
5255341,10.1754,9.73134,442,267859,0.677357,0.35,1,216544,216102,442
5258261,8.43509,8.34627,442,267859,0.695471,0.36,1,216552,216110,442
5261181,8.08702,8.06925,442,267859,0.723094,0.35,1,216560,216118,442
5264101,12.0174,8.01385,447,267859,0.728619,0.38,1,216573,216126,447
5267021,12.0035,8.00277,451,267859,0.753724,0.47,2,216585,216134,451
5269681,8.0007,8.00055,450,267859,0.814745,0.49,2,216592,216142,450
5272601,13.6001,9.60011,455,267859,0.786949,0.53,2,216607,216152,455
5275521,8.32003,8.32002,454,267859,0.79739,0.59,2,216614,216160,454
5278441,8.06401,8.064,454,267859,0.839478,0.59,2,216622,216168,454
5281361,8.8128,8.0128,455,267859,0.871896,0.57,2,216631,216176,455
5284281,8.96256,8.00256,456,267859,0.910379,0.61,2,216640,216184,456
5286741,9.79251,8.00051,458,267859,0.918076,0.65,2,216650,216192,458
5323801,10,8,454,267859,0.95,0.54,2,216752,216298,454
5613101,41,0,524,238960,0.53,1,1,218327,217803,524
5697121,14.6,36,487,238960,0.482,0.79,1,218335,217848,487
5700041,278.12,300.8,464,132792,0.1444,0.68,1,218679,218215,464
5702961,62.024,68.16,462,135712,0.05288,0.72,1,218687,218225,462
5705881,18.8048,21.632,460,138632,0.026576,0.7,1,218695,218235,460
5708801,14.161,12.3264,463,141552,0.0933152,0.75,1,218708,218245,463
5711721,10.0322,10.4653,462,144472,0.162663,0.77,1,218717,218255,462
5714641,10.0064,10.0931,462,147392,0.208533,0.73,1,218727,218265,462
5717561,7.60129,10.0186,459,150312,0.281707,0.71,1,218734,218275,459
5720481,6.32026,10.0037,455,153232,0.272341,0.69,1,218740,218285,455
5723401,7.66405,6.00074,458,156152,0.278468,0.69,1,218748,218290,458
5726321,9.53281,9.20015,458,159072,0.183694,0.63,1,218758,218300,458
5729241,7.50656,9.84003,455,161992,0.0847387,0.59,1,218765,218310,455
5732161,7.10131,9.96801,452,164912,0.0409477,0.53,1,218772,218320,452
5735081,7.82026,9.9936,450,167832,0.00818955,0.48,1,218780,218330,450
5738001,7.96405,9.99872,448,170752,0.0256379,0.47,1,218788,218340,448
5740921,7.99281,9.99974,446,173672,0.0291276,0.44,1,218796,218350,446
5743841,7.99856,9.99995,444,176592,0.0458255,0.43,1,218804,218360,444
5746761,10.3997,9.99999,445,179512,0.0251651,0.42,1,218815,218370,445
5749681,8.47994,10,443,182432,0.045033,0.38,1,218823,218380,443
5752601,8.89599,10,442,185352,0.0490066,0.34,1,218832,218390,442
5755521,8.9792,10,441,188272,0.0178013,0.3,1,218841,218400,441
5758441,8.19584,10,439,191192,0.0195603,0.3,1,218849,218410,439
5761361,9.63917,10,439,194112,0.0199121,0.26,1,218859,218420,439
5764281,9.92783,10,439,197032,0.00398241,0.28,1,218869,218430,439
5767201,7.58557,10,436,199952,0.000796482,0.26,1,218876,218440,436
5770121,8.71711,10,435,202872,0.000159296,0.21,1,218885,218450,435
5773041,8.14342,10,433,205792,0.00803186,0.17,1,218893,218460,433
5775961,7.22868,10,430,208712,0.00160637,0.17,1,218900,218470,430
5778881,7.84574,10,428,211632,0.00832127,0.09,1,218908,218480,428
5781801,7.96915,10,426,214552,0.00166425,0.03,1,218916,218490,426
5784721,10.3938,10,427,217472,0.00833285,0.03,1,218927,218500,427
5787641,9.27877,10,426,220392,0.00166657,0.02,1,218936,218510,426
5790561,11.4558,10,428,223312,0.00833331,0.03,1,218948,218520,428
5793481,12.6912,10,431,226232,0.0176667,0.13,1,218961,218530,431
5796401,11.3382,10,432,229152,0.0275333,0.14,1,218972,218540,432
5799321,11.8676,10,434,232072,0.0295067,0.2,1,218984,218550,434
5802241,13.5735,10,438,234992,0.0219013,0.23,1,218998,218560,438
5805161,13.1147,10,441,237912,0.0283803,0.31,1,219011,218570,441
5808081,13.0229,10,444,240832,0.0616761,0.35,1,219024,218580,444
5811001,10.6046,10,444,243752,0.0603352,0.39,1,219034,218590,444
5813921,6.92092,10,440,246672,0.068067,0.31,1,219040,218600,440
5816841,8.58418,10,439,249592,0.0456134,0.28,1,219049,218610,439
5819761,8.11684,10,437,252512,0.0331227,0.27,1,219057,218620,437
5822681,8.02337,10,435,255432,0.0146245,0.22,1,219065,218630,435
5825601,9.60467,10,435,258352,0.00292491,0.21,1,219075,218640,435
5828161,9.12093,10,434,261272,0.00858498,0.03,1,219084,218650,434
5831081,29.8242,33.2,430,263832,0.041717,0.07,1,219119,218689,430
5834001,17.1648,14.64,434,264919,0.0403434,0.14,1,219133,218699,434
5836481,13.033,10.928,436,264919,0.0400687,0.21,1,219145,218709,436
5839401,13.0066,8.5856,441,264919,0.0640137,0.28,1,219158,218717,441
5841061,7.40132,9.71712,437,264919,0.0688027,0.27,1,219164,218727,437
5843981,8.68026,9.14342,437,264919,0.0777605,0.27,1,219173,218736,437
5846901,4.93605,9.82868,431,264919,0.0395521,0.21,1,219177,218746,431
5849821,5.78721,9.96574,427,264919,0.0399104,0.08,1,219183,218756,427
5852741,8.35744,9.99315,426,264919,0.0319821,0.01,1,219192,218766,426
5855661,10.4715,9.99863,427,264919,0.0383964,0.01,1,219203,218776,427
5858581,10.0943,9.99973,427,264919,0.0476793,0.05,1,219213,218786,427
5861501,10.0189,9.99995,427,264919,0.0735359,0.06,1,219223,218796,427
5864421,10.8038,9.99999,428,264919,0.0707072,0.05,1,219234,218806,428
5867341,10.1608,10,428,264919,0.0941414,0.07,1,219244,218816,428
5870261,9.23215,10,427,264919,0.106828,0.05,1,219253,218826,427
5873181,9.84643,10,427,264919,0.109366,0.03,1,219263,218836,427
5876101,9.16929,10,426,264919,0.141873,0.03,1,219272,218846,426
5879021,9.83386,10,426,264919,0.148375,0.01,1,219282,218856,426
5881941,9.96677,10,426,264919,0.141675,0.01,1,219292,218866,426
5884861,9.99335,10,426,264919,0.092335,0.01,1,219302,218876,426
5887781,9.99867,10,426,264919,0.042467,0.01,1,219312,218886,426
5890701,9.99973,10,426,264919,0.0324934,0.03,1,219322,218896,426
5893621,9.99995,10,426,264919,0.0304987,0.01,1,219332,218906,426
5896541,9.99999,10,426,264919,0.0300997,0.01,1,219342,218916,426
5899461,10,10,426,264919,0.0300199,0.01,1,219352,218926,426
5902381,10.8,10,427,264919,0.038004,0.01,1,219363,218936,427
5905301,10.16,10,427,264919,0.0396008,0.03,1,219373,218946,427
5908221,10.032,10,427,264919,0.0239202,0.03,1,219383,218956,427
5911141,10.0064,10,427,264919,0.044784,0.03,1,219393,218966,427
5914061,10.0013,10,427,264919,0.0329568,0.05,1,219403,218976,427
5916981,10.0003,10,427,264919,0.0305914,0.03,1,219413,218986,427
5919901,10.8001,10,428,264919,0.0461183,0.07,1,219424,218996,428
5922821,10.96,10,429,264919,0.0652236,0.12,1,219435,219006,429
5925741,10.192,10,429,264919,0.101045,0.09,1,219445,219016,429
5928661,10.8384,10,430,264919,0.124209,0.07,1,219456,219026,430
5931581,7.76768,10,427,264919,0.144842,0.08,1,219463,219036,427
5934501,9.55354,10,427,264919,0.156968,0.03,1,219473,219046,427
5937421,9.91071,10,427,264919,0.0873937,0.03,1,219483,219056,427
5940341,9.98214,10,427,264919,0.0414787,0.03,1,219493,219066,427
5943261,9.99643,10,427,264919,0.0162957,0.03,1,219503,219076,427
5946181,9.99929,10,427,264919,0.0112591,0.03,1,219513,219086,427
5949101,9.99986,10,427,264919,0.0102518,0.03,1,219523,219096,427
5952021,9.99997,10,427,264919,0.0100504,0.05,1,219533,219106,427
5954941,9.99999,10,427,264919,0.0500101,0.03,1,219543,219116,427
5957861,10,10,427,264919,0.018002,0.06,1,219553,219126,427
5960781,10.8,10,428,264919,0.0276004,0.07,1,219564,219136,428
5963701,10.96,10,429,264919,0.0295201,0.07,1,219575,219146,429
5966621,10.192,10,429,264919,0.013904,0.06,1,219585,219156,429
5969541,8.4384,10,427,264919,0.0267808,0.05,1,219593,219166,427
5972461,9.68768,10,427,264919,0.0293562,0.03,1,219603,219176,427
5975381,9.93754,10,427,264919,0.0138712,0.03,1,219613,219186,427
5978301,9.98751,10,427,264919,0.0107742,0.03,1,219623,219196,427
5981221,11.5975,10,429,264919,0.00215485,0.05,1,219635,219206,429
5984141,10.3195,10,429,264919,0.00043097,0.1,1,219645,219216,429
5987061,10.0639,10,429,264919,0.0240862,0.1,1,219655,219226,429
5989981,11.6128,10,431,264919,0.0288172,0.11,1,219667,219236,431
5992901,9.52256,10,430,264919,0.0137634,0.11,1,219676,219246,430
5995821,11.5045,10,432,264919,0.0347527,0.14,1,219688,219256,432
5998741,11.1009,10,433,264919,0.0389505,0.17,1,219699,219266,433
6001661,9.42018,10,432,264919,0.0557901,0.19,1,219708,219276,432
6004581,7.48404,10,429,264919,0.035158,0.14,1,219715,219286,429
6007501,7.89681,10,427,264919,0.0550316,0.05,1,219723,219296,427
6010421,9.57936,10,427,264919,0.0590063,0.03,1,219733,219306,427
6013341,9.91587,10,427,264919,0.0358013,0.03,1,219743,219316,427
6016261,9.98317,10,427,264919,0.0151603,0.03,1,219753,219326,427
6019181,9.99663,10,427,264919,0.0110321,0.03,1,219763,219336,427
6022101,9.99933,10,427,264919,0.0342064,0.03,1,219773,219346,427
6025021,9.99987,10,427,264919,0.0148413,0.03,1,219783,219356,427
6027941,9.19997,10,426,264919,0.0109683,0.03,1,219792,219366,426
6030861,9.83999,10,426,264919,0.0101937,0.03,1,219802,219376,426
6033781,9.968,10,426,264919,0.0260387,0.05,1,219812,219386,426
6036701,9.9936,10,426,264919,0.0292077,0.03,1,219822,219396,426
6039621,10.7987,10,427,264919,0.0618416,0.03,1,219833,219406,427
6042541,10.9597,10,428,264919,0.0443683,0.07,1,219844,219416,428
6045461,10.9919,10,429,264919,0.0568737,0.1,1,219855,219426,429
6048381,12.5984,10,432,264919,0.0673747,0.12,1,219868,219436,432
6051301,11.3197,10,433,264919,0.109475,0.15,1,219879,219446,433
6054221,10.2639,10,433,264919,0.117895,0.17,1,219889,219456,433
6057141,6.85279,10,429,264919,0.095579,0.15,1,219895,219466,429
6060061,6.97056,10,426,264919,0.139116,0.05,1,219902,219476,426
6062981,9.39411,10,426,264919,0.0838232,0.01,1,219912,219486,426
6065901,9.87882,10,426,264919,0.0247646,0.01,1,219922,219496,426
6068821,9.97576,10,426,264919,0.0129529,0.01,1,219932,219506,426
6071741,9.99515,10,426,264919,0.0105906,0.01,1,219942,219516,426
6074661,11.599,10,428,264919,0.0101181,0.01,1,219954,219526,428
6077581,8.71981,10,426,264919,0.0100236,0.03,1,219962,219536,426
6080501,9.74396,10,426,264919,0.0100047,0.01,1,219972,219546,426
6083421,9.94879,10,426,264919,0.0100009,0.05,1,219982,219556,426
6086341,10.7898,10,427,264919,0.0100002,0.04,1,219993,219566,427
6089261,9.35795,10,426,264919,0.042,0.02,1,220002,219576,426
6092181,9.87159,10,426,264919,0.0324,0.02,1,220012,219586,426
6095101,9.97432,10,426,264919,0.06248,0.02,1,220022,219596,426
6098021,9.99486,10,426,264919,0.076496,0.03,1,220032,219606,426
6100941,9.99897,10,426,264919,0.0232992,0.01,1,220042,219616,426
6103861,10.7998,10,427,264919,0.0126598,0.02,1,220053,219626,427
6106781,9.35996,10,426,264919,0.010532,0.03,1,220062,219636,426
6109701,10.672,10,427,264919,0.0101064,0.05,1,220073,219646,427
6112621,9.3344,10,426,264919,0.0340213,0.05,1,220082,219656,426
6115541,9.86688,10,426,264919,0.0308043,0.05,1,220092,219666,426
6118461,10.7734,10,427,264919,0.0621608,0.06,1,220103,219676,427
6121381,10.1547,10,427,264919,0.108432,0.05,1,220113,219686,427
6124301,10.0309,10,427,264919,0.0936864,0.03,1,220123,219696,427
6127221,10.0062,10,427,264919,0.114737,0.06,1,220133,219706,427
6130141,11.6012,10,429,264919,0.0949475,0.05,1,220145,219716,429
6133061,7.92025,10,426,264919,0.106989,0.03,1,220152,219726,426
6135981,9.58405,10,426,264919,0.117398,0.01,1,220162,219736,426
6138901,9.91681,10,426,264919,0.0954796,0.03,1,220172,219746,426
6141821,10.7834,10,427,264919,0.0430959,0.01,1,220183,219756,427
6144741,9.35667,10,426,264919,0.0166192,0.01,1,220192,219766,426
6147661,9.87133,10,426,264919,0.0113238,0.03,1,220202,219776,426
6150581,9.97427,10,426,264919,0.0102648,0.01,1,220212,219786,426
6153501,10.7949,10,427,264919,0.010053,0.01,1,220223,219796,427
6156421,10.159,10,427,264919,0.0340106,0.01,1,220233,219806,427
6159341,10.0318,10,427,264919,0.0468021,0.05,1,220243,219816,427
6162261,9.20636,10,426,264919,0.0173604,0.1,1,220252,219826,426
6165181,10.6413,10,427,264919,0.0434721,0.05,1,220263,219836,427
6168101,10.9283,10,428,264919,0.0726944,0.09,1,220274,219846,428
6171021,10.9857,10,429,264919,0.0865389,0.1,1,220285,219856,429
6173941,10.9971,10,430,267839,0.113308,0.13,1,220296,219866,430
6176861,10.1994,10,430,267839,0.134662,0.12,1,220306,219876,430
6179781,12.4399,10,433,267839,0.194932,0.16,1,220319,219886,433
6182701,7.28798,10,429,267839,0.238986,0.14,1,220325,219896,429
6185621,7.0576,10,426,267839,0.255797,0.07,1,220332,219906,426
6188541,9.41152,10,426,267839,0.259159,0.01,1,220342,219916,426
6191461,9.8823,10,426,267839,0.187832,0.03,1,220352,219926,426
6194381,9.97646,10,426,267839,0.141566,0.01,1,220362,219936,426
6197301,9.99529,10,426,267839,0.100313,0.01,1,220372,219946,426
6200221,9.99906,10,426,267839,0.0440627,0.03,1,220382,219956,426
6203141,9.99981,10,426,267839,0.0248125,0.01,1,220392,219966,426
6206061,9.99996,10,426,267839,0.00496251,0.01,1,220402,219976,426
6208981,11.6,10,428,267839,0.0329925,0.05,1,220414,219986,428
6211901,9.52,10,427,267839,0.0145985,0.05,1,220423,219996,427
6214821,11.504,10,429,267839,0.19492,0.05,1,220435,220006,429
6217741,10.3008,10,429,267839,0.270984,0.09,1,220445,220016,429
6220661,7.66016,10,426,267839,0.230197,0.06,1,220452,220026,426
6223581,9.53203,10,426,267839,0.262039,0.01,1,220462,220036,426
6226501,9.90641,10,426,267839,0.276408,0.03,1,220472,220046,426
6229421,9.98128,10,426,267839,0.279282,0.03,1,220482,220056,426
6232341,10.7963,10,427,267839,0.247856,0.01,1,220493,220066,427
6235261,10.1593,10,427,267839,0.233571,0.03,1,220503,220076,427
6238181,11.6319,10,429,267839,0.158714,0.07,1,220515,220086,429
6241101,11.9264,10,431,267839,0.0877428,0.11,1,220527,220096,431
6244021,8.78527,10,429,267839,0.105549,0.12,1,220535,220106,429
6246941,11.3571,10,431,267839,0.13311,0.11,1,220547,220116,431
6249861,9.47141,10,430,267839,0.138622,0.1,1,220556,220126,430
6252781,10.6943,10,431,267839,0.155724,0.1,1,220567,220136,431
6255701,10.1389,10,431,267839,0.151145,0.14,1,220577,220146,431
6258621,9.22777,10,430,267839,0.142229,0.12,1,220586,220156,430
6261541,6.64555,10,426,267839,0.148446,0.07,1,220592,220166,426
6264461,9.32911,10,426,267839,0.165689,0.01,1,220602,220176,426
6267381,9.86582,10,426,267839,0.0971378,0.01,1,220612,220186,426
6270301,9.97316,10,426,267839,0.0194276,0.03,1,220622,220196,426
6273221,9.99463,10,426,267839,0.00388551,0.01,1,220632,220206,426
6276141,10.7989,10,427,267839,0.0247771,0.01,1,220643,220216,427
6279061,9.35979,10,426,267839,0.00495542,0.03,1,220652,220226,426
6281981,9.87196,10,426,267839,0.000991084,0.01,1,220662,220236,426
6284901,10.7744,10,427,267839,0.00819822,0.06,1,220673,220246,427
6287821,10.9549,10,428,267839,0.0256396,0.07,1,220684,220256,428
6290741,11.791,10,430,267839,0.0451279,0.1,1,220696,220266,430
6293661,11.9582,10,432,267839,0.0570256,0.08,1,220708,220276,432
6296581,9.59164,10,431,267839,0.0194051,0.13,1,220717,220286,431
6299501,9.91833,8.4,433,267839,0.043881,0.16,1,220727,220294,433
6302421,9.98367,8.08,435,267839,0.0407762,0.19,1,220737,220302,435
6305341,9.99673,8.016,437,267839,0.0801552,0.23,1,220747,220310,437
6307601,9.99935,8.0032,439,267839,0.112031,0.27,1,220757,220318,439
6310521,6.79987,6.40064,439,267839,0.142406,0.32,1,220763,220324,439
6312801,5.35997,7.68013,436,267839,0.188481,0.26,1,220768,220332,436
6315721,8.27199,11.136,433,267839,0.197696,0.21,1,220777,220344,433
6318641,6.4544,8.62721,431,267839,0.183539,0.18,1,220783,220352,431
6321561,6.09088,8.12544,429,267839,0.180708,0.15,1,220789,220360,429
6324481,6.01818,8.02509,427,267839,0.140142,0.09,1,220795,220368,427
6326741,6.80364,8.00502,426,267839,0.100028,0.05,1,220802,220376,426
6328821,10.9607,8.001,430,267839,0.0600057,0.02,1,220814,220384,430
6330481,6.99215,11.2002,424,267839,0.0120011,0.03,1,220820,220396,424
6333401,8.59843,7.84004,426,267839,0.0424002,0,1,220829,220403,426
6336321,8.11969,7.96801,426,267839,0.03248,0.04,1,220837,220411,426
6338181,16.8239,7.9936,437,267839,0.014496,0.07,1,220856,220419,437
6341101,8.96479,7.99872,436,267839,0.0028992,0.24,1,220863,220427,436
6342961,8.99296,7.99974,437,267839,0.00857984,0.3,1,220872,220435,437
6345041,7.39859,7.19995,437,267839,0.033716,0.27,1,220879,220442,437
6347961,14.2797,11.04,441,267859,0.0627432,0.31,1,220895,220454,441
6350881,6.85594,8.608,438,267859,0.0525486,0.33,1,220900,220462,438
6353801,7.77119,8.1216,438,267859,0.0665097,0.28,1,220908,220470,438
6356721,7.15424,8.02432,437,267859,0.0933019,0.25,1,220915,220478,437
6359601,7.83085,8.00486,437,267859,0.12266,0.26,1,220923,220486,437
6362521,9.56617,14.401,431,267859,0.112532,0.15,1,220933,220502,431
6365441,5.91323,9.28019,428,267859,0.0625064,0.16,1,220938,220510,428
6368361,9.18265,8.25604,430,267859,0.0525013,0.1,1,220948,220518,430
6370421,11.4365,8.05121,434,267859,0.0345003,0.13,1,220960,220526,434
6372081,7.08731,9.61024,430,267859,0.0869001,0.14,1,220966,220536,430
6374161,6.21746,5.92205,431,267859,0.07338,0.14,1,220972,220541,431
6377081,13.2435,13.1844,431,267859,0.134676,0.16,1,220987,220556,431
6380001,10.6487,9.03688,433,267859,0.210935,0.17,1,220997,220564,433
6382921,7.72974,8.20738,432,267859,0.218187,0.18,1,221004,220572,432
6384981,10.3459,8.04148,435,267859,0.219637,0.19,1,221015,220580,435
6386641,6.86919,9.60829,431,267859,0.227927,0.19,1,221021,220590,431
6389561,6.17384,8.32166,429,267859,0.245586,0.15,1,221027,220598,429
6391841,5.23477,8.06433,426,267859,0.273117,0.07,1,221032,220606,426
6394761,8.24695,9.61287,425,267859,0.318623,0.04,1,221041,220616,425
6397681,8.04939,8.32257,425,267859,0.303725,0.01,1,221049,220624,425
6400601,8.00988,8.06451,425,267859,0.292745,0.03,1,221057,220632,425
6402661,7.20198,8.0129,424,267859,0.266549,0.03,1,221064,220640,424
6404741,9.4404,6.40258,428,267859,0.22131,0.04,1,221074,220646,428
6407661,7.48808,9.28052,425,267859,0.204262,0.03,1,221081,220656,425
6410581,7.89762,8.2561,425,267859,0.168852,0.03,1,221089,220664,425
6412641,7.97952,8.05122,425,267859,0.15377,0.03,1,221097,220672,425
6415561,7.9959,6.41024,427,267859,0.0867541,0,1,221105,220678,427
6417221,7.19918,7.68205,426,267859,0.0813508,0.09,1,221112,220686,426
6418881,7.03984,7.13641,426,267859,0.0242702,0.08,1,221119,220693,426
6420961,11.808,12.6273,425,267859,0.076854,0.04,1,221132,220707,425
6423881,15.1616,12.1255,429,267859,0.103371,0.07,1,221148,220719,429
6426801,8.63232,8.82509,428,267859,0.116674,0.06,1,221155,220727,428
6429721,8.92646,8.16502,429,267859,0.135335,0.1,1,221164,220735,429
6431781,7.38529,8.033,428,267859,0.131067,0.11,1,221171,220743,428
6434701,10.2771,6.4066,433,267859,0.186213,0.13,1,221182,220749,433
6436981,10.0554,7.68132,435,267859,0.165243,0.22,1,221192,220757,435
6438641,8.41108,7.93626,435,267859,0.129049,0.19,1,221200,220765,435
6441561,7.28222,8.78725,433,267859,0.15381,0.2,1,221207,220774,433
6444481,6.25644,8.15745,431,267859,0.134762,0.15,1,221213,220782,431
6447401,6.05129,8.03149,429,267859,0.146952,0.13,1,221219,220790,429
6450321,6.01026,8.0063,427,267859,0.14939,0.08,1,221225,220798,427
6453241,6.80205,8.00126,426,267859,0.125878,0.05,1,221232,220806,426
6456161,8.56041,8.00025,427,267859,0.0971756,0.02,1,221241,220814,427
6459081,7.31208,8.00005,426,267859,0.0594351,0.04,1,221248,220822,426
6462001,8.66242,8.00001,427,267859,0.051887,0.04,1,221257,220830,427
6464921,7.33248,8,426,267859,0.0343774,0.03,1,221264,220838,426
6466721,7.0665,8,425,267859,0.0148755,0,1,221271,220846,425
6468801,16.6133,15.2,427,267859,0.0109751,0.05,1,221290,220863,427
6471721,12.1227,11.84,427,267859,0.010195,0.03,1,221301,220874,427
6474001,9.62453,8.768,428,267859,0.010039,0.06,1,221310,220882,428
6476081,8.32491,8.1536,428,267859,0.0340078,0.05,1,221318,220890,428
6478161,9.66498,8.03072,430,267859,0.0308016,0.08,1,221328,220898,430
6481081,9.133,8.00614,431,267859,0.0301603,0.11,1,221337,220906,431
6484001,7.4266,8.00123,430,267859,0.0460321,0.14,1,221344,220914,430
6485861,8.68532,8.00025,431,267859,0.0492064,0.12,1,221353,220922,431
6488781,8.93706,11.2,428,267859,0.0898413,0.05,1,221362,220934,428
6491701,7.38741,8.64001,427,267859,0.0419683,0.05,1,221369,220942,427
6494621,11.0775,8.128,431,267859,0.0163937,0.06,1,221381,220950,431
6497541,8.6155,8.0256,431,267859,0.0192787,0.1,1,221389,220958,431
6500461,10.5231,8.00512,434,267859,0.0678557,0.17,1,221400,220966,434
6503381,7.70462,8.00102,433,267859,0.0775711,0.18,1,221407,220974,433
6505201,8.74092,8.0002,434,267859,0.0955142,0.24,1,221416,220982,434
6508121,17.7482,15.2,437,267859,0.147103,0.26,1,221436,220999,437
6511041,10.7496,9.44001,438,267859,0.125421,0.22,1,221445,221007,438
6513961,8.54993,8.288,438,267859,0.145084,0.26,1,221453,221015,438
6516881,10.51,8.0576,441,267859,0.189017,0.3,1,221464,221023,441
6519761,9.302,8.01152,442,267859,0.221803,0.33,1,221473,221031,442
6522681,6.6604,8.0023,440,267859,0.220361,0.32,1,221479,221039,440
6524341,6.93208,8.00046,439,267859,0.260072,0.3,1,221486,221047,439
6527261,7.78642,8.80009,438,267859,0.268014,0.28,1,221494,221056,438
6530181,6.35728,8.16002,436,267859,0.221603,0.23,1,221500,221064,436
6533101,6.87146,8.032,435,267859,0.236321,0.21,1,221507,221072,435
6535361,5.37429,8.0064,432,267859,0.223264,0.21,1,221512,221080,432
6538281,4.27486,6.40128,430,267859,0.220653,0.18,1,221516,221086,430
6539941,8.05497,7.68026,431,267859,0.188131,0.11,1,221525,221094,431
6542861,6.41099,10.3361,426,267859,0.173626,0.1,1,221531,221105,426
6545761,9.2822,8.46721,428,267859,0.130725,0.06,1,221541,221113,428
6547841,8.25644,8.09344,428,267859,0.138145,0.11,1,221549,221121,428
6549921,8.85129,6.41869,431,267859,0.179629,0.14,1,221558,221127,431
6552001,12.1703,12.4837,430,267859,0.195926,0.12,1,221571,221141,430
6554081,12.0341,9.69675,433,267859,0.279185,0.18,1,221583,221150,433
6557001,12.8068,11.5393,434,267859,0.271837,0.14,1,221596,221162,434
6559921,9.76136,8.70787,435,267859,0.302367,0.18,1,221605,221170,435
6562401,6.75227,8.14157,433,267859,0.292473,0.17,1,221611,221178,433
6565321,13.3505,13.6283,433,267859,0.314495,0.13,1,221626,221193,433
6568241,8.27009,9.12566,432,267859,0.374899,0.17,1,221633,221201,432
6571141,9.65402,8.22513,434,267859,0.41898,0.15,1,221643,221209,434
6574061,5.1308,8.04503,430,267859,0.427796,0.15,1,221647,221217,430
6576341,5.82616,8.00901,428,267859,0.405559,0.14,1,221653,221225,428
6579261,5.96523,6.4018,428,267859,0.449112,0.1,1,221659,221231,428
6582181,7.59305,7.68036,428,267859,0.401822,0.07,1,221667,221239,428
6585101,6.31861,7.93607,426,267859,0.400364,0.07,1,221673,221247,426
6588021,6.86372,7.98721,425,267859,0.384073,0.05,1,221680,221255,425
6590941,8.57274,7.99744,426,267859,0.388815,0.01,1,221689,221263,426
6593861,7.31455,7.99949,425,267859,0.389763,0.03,1,221696,221271,425
6596781,9.46291,7.9999,427,267859,0.373953,0.01,1,221706,221279,427
6599221,14.6926,7.99998,435,267859,0.354791,0.04,1,221722,221287,435
6601301,8.53852,16,424,267859,0.374958,0.03,1,221729,221305,424
6603381,13.7077,8,433,267859,0.418992,0.04,1,221744,221311,433
6606301,9.14154,12.8,427,267859,0.451798,0.08,1,221752,221325,427
6609201,9.02831,8.96,428,267859,0.41836,0.06,1,221761,221333,428
6611281,8.20566,8.192,428,267859,0.395672,0.09,1,221769,221341,428
6614201,7.24113,6.4384,429,267859,0.423134,0.09,1,221776,221347,429
6615861,7.04823,7.68768,428,267859,0.444627,0.07,1,221783,221355,428
6617941,9.40965,8.73754,429,267859,0.448925,0.06,1,221793,221364,429
6620861,9.88193,10.5475,428,267859,0.441785,0.06,1,221803,221375,428
6622721,8.37639,8.5095,428,267859,0.440357,0.09,1,221811,221383,428
6625641,8.87528,8.1019,429,267859,0.448071,0.11,1,221820,221391,429
6628561,8.17506,8.02038,429,267859,0.481614,0.08,1,221828,221399,429
6631481,9.63501,8.00408,431,267859,0.512323,0.12,1,221838,221407,431
6634401,9.927,8.00082,433,267859,0.526465,0.17,1,221848,221415,433
6636241,6.7854,8.00016,431,267859,0.545293,0.2,1,221854,221423,431
6638321,14.9571,14.4,432,267859,0.613059,0.15,1,221871,221439,432
6641241,12.5914,10.88,434,267859,0.682612,0.16,1,221883,221449,434
6644161,10.5183,8.576,436,267859,0.680522,0.19,1,221893,221457,436
6646021,14.9037,8.1152,444,267859,0.672104,0.26,1,221909,221465,444
6648941,8.58073,12.023,438,267859,0.710421,0.27,1,221916,221478,438
6651861,6.51615,8.80461,436,267859,0.686084,0.29,1,221922,221486,436
6654781,6.90323,8.16092,435,267859,0.753217,0.29,2,221929,221494,435
6657701,7.78065,8.03218,435,267859,0.734643,0.22,1,221937,221502,435
6660621,7.15613,8.00644,434,267859,0.706929,0.21,1,221944,221510,434
6663541,7.83123,8.00129,434,267859,0.693386,0.21,1,221952,221518,434
6666461,5.56625,8.00026,431,267859,0.682677,0.17,1,221957,221526,431
6669381,7.51325,8.00005,431,267859,0.680535,0.14,1,221965,221534,431
6672301,9.50265,8.00001,433,267859,0.720107,0.13,1,221975,221542,433
6675221,9.10053,8,434,267859,0.712021,0.2,1,221984,221550,434
6678141,10.6201,8,437,267859,0.734404,0.18,1,221995,221558,437
6680961,8.52402,8,437,267859,0.762881,0.26,2,222003,221566,437
6683041,10.5048,8,440,267859,0.800576,0.31,2,222014,221574,440
6685121,9.30096,9.6,439,267859,0.840115,0.32,2,222023,221584,439
6687201,17.0602,14.72,442,267859,0.880023,0.29,2,222042,221600,442
6690121,12.212,11.744,442,267859,0.912005,0.32,2,222053,221611,442
7022121,12,10,490,144472,0.82,1,2,223819,223329,490
7025041,12,10,492,147392,0.7,1,1,223831,223339,492
7027961,8.8,10,490,150312,0.66,1,1,223839,223349,490
7030881,6.56,10,486,153232,0.612,1,1,223845,223359,486
7033801,11.712,10,489,156152,0.4904,1,1,223858,223369,489
7036721,12.7424,10,492,159072,0.38608,1,1,223871,223379,492
7039641,12.1485,10,494,161992,0.437216,1,1,223883,223389,494
7042561,12.0297,10,496,164912,0.455443,1,1,223895,223399,496
7045481,12.0059,10,498,167832,0.491089,1,1,223907,223409,498
7048401,11.2012,10,499,170752,0.482218,1,1,223918,223419,499
7051321,10.2402,10,499,173672,0.520444,1,1,223928,223429,499
7054241,10.048,10,499,176592,0.592089,1,1,223938,223439,499
7057161,10.0096,10,499,179512,0.646418,1,1,223948,223449,499
7060081,14.0019,10,504,182432,0.697284,1,1,223963,223459,504
7063001,13.2004,10,507,185352,0.731457,1,1,223976,223469,507
7065921,13.8401,10,511,188272,0.738291,1,1,223990,223479,511
7068841,13.168,10,514,191192,0.723658,1,1,224003,223489,514
7071761,12.2336,10,516,194112,0.688732,1,1,224015,223499,516
7074681,12.0467,10,518,197032,0.689746,1,1,224027,223509,518
7077601,11.2093,10,519,199952,0.713949,1,1,224038,223519,519
7080521,8.64187,10,517,202872,0.71879,1,1,224046,223529,517
7083441,7.32837,10,514,205792,0.711758,1,1,224053,223539,514
7086361,7.06567,10,511,208712,0.654352,1,1,224060,223549,511
7089281,7.81313,10,509,211632,0.67487,1,1,224068,223559,509
7092201,10.3626,10,510,214552,0.686974,1,1,224079,223569,510
7095121,9.27253,10,509,217472,0.649395,1,1,224088,223579,509
7098041,9.05451,10,508,220392,0.593879,1,1,224097,223589,508
7100961,10.6109,10,509,223312,0.590776,1,1,224108,223599,509
7103881,11.7222,10,511,226232,0.558155,1,1,224120,223609,511
7106801,10.3444,10,511,229152,0.543631,1,1,224130,223619,511
7109721,10.8689,10,512,232072,0.572726,1,1,224141,223629,512
7112641,10.1738,10,512,234992,0.562545,1,1,224151,223639,512
7115561,6.83476,10,508,237912,0.536509,1,1,224157,223649,508
7118481,6.16695,10,504,240832,0.507302,1,1,224163,223659,504
7121401,7.63339,10,502,243752,0.46946,1,1,224171,223669,502
7124321,4.72668,10,496,246672,0.453892,1,1,224175,223679,496
7127241,7.34534,10,494,249592,0.418778,1,1,224183,223689,494
7130161,7.86907,10,492,252512,0.363756,0.97,1,224191,223699,492
7133081,11.1738,10,494,255432,0.304751,1,1,224203,223709,494
7136001,6.23476,10,489,258352,0.29295,1,1,224208,223719,489
7138561,5.24695,10,484,261272,0.29059,0.95,1,224213,223729,484
7140641,29.8494,39.6,473,263832,0.306118,0.94,1,224249,223776,473
7143561,11.5699,13.52,473,264939,0.325224,0.99,1,224256,223783,473
7145221,4.71398,10.704,466,264939,0.361045,0.92,1,224259,223793,466
7146881,5.7428,6.9408,466,264939,0.360209,0.82,1,224265,223799,466
7149801,7.54856,14.1882,458,264939,0.360042,0.78,1,224273,223815,458
7151461,5.50971,10.8376,453,264939,0.368008,0.69,1,224278,223825,453
7154381,5.90194,6.96753,453,264939,0.393602,0.67,1,224284,223831,453
7156661,5.98039,9.39351,449,264939,0.38272,0.54,1,224290,223841,449
7159581,6.79608,10.6787,445,264939,0.356544,0.42,1,224297,223852,445
7162501,10.9592,10.1357,447,264939,0.351309,0.43,1,224309,223862,447
7165421,11.7918,10.0271,449,264939,0.422262,0.47,1,224321,223872,449
7168341,11.1584,10.0054,450,264939,0.532452,0.49,1,224332,223882,450
7171221,12.6317,10.0011,453,264939,0.63449,0.52,1,224345,223892,453
7172881,9.72633,11.6002,450,264939,0.654898,0.51,1,224354,223904,450
7175801,9.94527,8.72004,452,264939,0.69098,0.55,1,224364,223912,452
7177461,11.5891,9.74401,454,264939,0.666196,0.61,1,224376,223922,454
7180381,12.7178,8.3488,459,264939,0.685239,0.65,1,224389,223930,459
7182241,11.3436,9.66976,460,264939,0.649048,0.66,1,224400,223940,460
7184321,8.66871,8.33395,460,264939,0.64981,0.71,1,224408,223948,460
7187241,16.1337,13.6668,463,264939,0.585962,0.76,1,224426,223963,463
7190161,11.2267,10.7334,463,264939,0.565192,0.76,1,224436,223973,463
7193081,11.0453,10.1467,464,264939,0.505038,0.78,1,224447,223983,464
7195141,8.60907,10.0293,462,264939,0.437008,0.74,1,224455,223993,462
7196801,8.12181,9.20587,461,264939,0.407402,0.72,1,224463,224002,461
7199721,9.62436,9.84117,461,264939,0.33748,0.76,1,224473,224012,461
7202001,9.92487,9.96823,461,264939,0.307496,0.75,1,224483,224022,461
7204921,8.38497,8.39365,461,264939,0.293499,0.76,1,224491,224030,461
7207841,8.877,9.67873,460,264939,0.2667,0.75,1,224500,224040,460
7209701,8.1754,9.93575,458,264939,0.28534,0.67,1,224508,224050,458
7212621,9.63508,9.98715,458,264939,0.289068,0.73,1,224518,224060,458
7215541,10.727,9.99743,459,264939,0.249814,0.71,1,224529,224070,459
7218461,7.7454,9.99949,456,264939,0.257963,0.66,1,224536,224080,456
7221381,9.54908,9.9999,456,264939,0.259593,0.62,1,224546,224090,456
7224301,9.10982,9.99998,455,264939,0.267918,0.63,1,224555,224100,455
7227221,9.02196,10,454,264939,0.221584,0.59,1,224564,224110,454
7230141,9.80439,10,454,264939,0.236317,0.58,1,224574,224120,454
7233061,9.96088,10,454,264939,0.255263,0.59,1,224584,224130,454
7235981,9.19218,10,453,264939,0.283053,0.59,1,224593,224140,453
7238821,7.43843,10,450,264939,0.328611,0.54,1,224600,224150,450
7241741,7.88769,10,448,264939,0.361722,0.48,1,224608,224160,448
7244661,7.17754,10,445,264939,0.360344,0.43,1,224615,224170,445
7247581,7.03551,10,442,264939,0.400069,0.37,1,224622,224180,442
7250501,7.8071,10,440,264939,0.456014,0.31,1,224630,224190,440
7253421,9.56142,10,440,264939,0.499203,0.31,1,224640,224200,440
7256341,7.51228,10,437,264939,0.523841,0.29,1,224647,224210,437
7259261,10.3025,10,438,264939,0.608768,0.24,1,224658,224220,438
7262181,11.6605,10,440,264939,0.673754,0.31,1,224670,224230,440
7265101,11.9321,10,442,264939,0.710751,0.36,1,224682,224240,442
7268021,11.9864,10,444,264939,0.78215,0.39,2,224694,224250,444
7270941,11.1973,10,445,264939,0.82843,0.38,2,224705,224260,445
7273861,10.2395,10,445,264939,0.877686,0.41,2,224715,224270,445
7276781,8.44789,10,443,264939,0.935537,0.42,2,224723,224280,443
7294301,11,10,459,264939,0.78,0.67,2,224799,224340,459
7297221,10.2,10,459,264939,0.74,0.68,1,224809,224350,459
7300141,9.24,10,458,264939,0.708,0.69,1,224818,224360,458
7303061,10.648,10,459,264939,0.6616,0.7,1,224829,224370,459
7305981,9.3296,10,458,264939,0.62032,0.68,1,224838,224380,458
7308901,9.06592,10,457,264939,0.564064,0.66,1,224847,224390,457
7311821,8.21318,10,455,264939,0.504813,0.68,1,224855,224400,455
7314741,12.0426,10,458,264939,0.452963,0.61,1,224868,224410,458
7316821,12.0085,12.4,457,264939,0.362593,0.57,1,224880,224423,457
7318901,8.80171,13.68,451,264939,0.336518,0.49,1,224888,224437,451
7321821,8.16034,13.936,445,264939,0.307304,0.43,1,224896,224451,445
7324741,8.03207,10.7872,443,264939,0.245461,0.36,1,224904,224461,443
7327661,7.20641,10.1574,440,264939,0.233092,0.32,1,224911,224471,440
7330581,8.64128,10.0315,439,264939,0.190618,0.31,1,224920,224481,439
7333501,10.5283,10.0063,440,264939,0.150124,0.28,1,224931,224491,440
7336421,10.9057,10.0013,441,264939,0.0700247,0.3,1,224942,224501,441
7338241,6.98113,10.0003,437,264939,0.0460049,0.31,1,224948,224511,437
7341161,11.7962,10.8001,439,264939,0.033201,0.3,1,224961,224522,439
7344081,11.1592,10.16,440,264939,0.0146402,0.3,1,224972,224532,440
7346561,8.63185,10.032,438,264939,0.026928,0.29,1,224980,224542,438
7349481,7.32637,10.0064,435,264939,0.0133856,0.23,1,224987,224552,435
7352401,11.0653,10.0013,437,264939,0.0106771,0.23,1,224999,224562,437
7355321,12.6131,10.0003,440,264939,0.0101354,0.27,1,225012,224572,440
7358241,12.1226,10.0001,442,264939,0.0340271,0.31,1,225024,224582,442
7361161,12.0245,10,444,264939,0.0868054,0.38,1,225036,224592,444
7364081,12.0049,10,446,264939,0.0733611,0.4,1,225048,224602,446
7367001,13.601,10,450,264939,0.142672,0.45,1,225062,224612,450
7369921,12.3202,10,452,264939,0.188534,0.51,1,225074,224622,452
7372841,12.064,10,454,264939,0.173707,0.58,1,225086,224632,454
7375761,12.8128,10,457,264939,0.218741,0.63,1,225099,224642,457
7378681,12.9626,10,460,264939,0.243748,0.67,1,225112,224652,460
7381601,12.1925,10,462,264939,0.27275,0.71,1,225124,224662,462
7384521,12.0385,10,464,264939,0.29455,0.78,1,225136,224672,464
7387441,12.8077,10,467,264939,0.26691,0.81,1,225149,224682,467
7390361,12.9615,10,470,264939,0.293382,0.89,1,225162,224692,470
7393281,12.1923,10,472,264939,0.282676,0.91,1,225174,224702,472
7396201,12.0385,10,474,264939,0.232535,0.97,1,225186,224712,474
7399121,12.0077,10,476,264939,0.262507,1,1,225198,224722,476
7402041,11.2015,10,477,264939,0.244501,1,1,225209,224732,477
7404961,9.44031,10,476,264939,0.2889,1,1,225218,224742,476
7407881,8.28806,10,474,264939,0.34578,1,1,225226,224752,474
7410801,7.25761,10,471,264939,0.349156,0.96,1,225233,224762,471
7413721,7.85152,10,469,264939,0.349831,0.9,1,225241,224772,469
7416641,7.1703,10,466,264939,0.309966,0.84,1,225248,224782,466
7419561,7.83406,10,464,264939,0.253993,0.79,1,225256,224792,464
7422481,7.16681,10,461,264939,0.210799,0.77,1,225263,224802,461
7425401,7.83336,10,459,264939,0.19416,0.7,1,225271,224812,459
7428321,7.16667,10,456,264939,0.142832,0.65,1,225278,224822,456
7431241,7.03333,10,453,264939,0.116566,0.6,1,225285,224832,453
7434161,7.00667,10,450,264939,0.0793133,0.55,1,225292,224842,450
7437041,7.80133,10,448,264939,0.0478627,0.49,1,225300,224852,448
7439961,7.16027,10,445,264939,0.0175725,0.44,1,225307,224862,445
7442881,7.83205,10,443,264939,0.0275145,0.38,1,225315,224872,443
7445361,7.16641,10,440,264939,0.0055029,0.35,1,225322,224882,440
7448281,7.03328,8.4,439,264939,0.0171006,0.31,1,225329,224890,439
7450981,7.00666,9.68,436,264939,0.0274201,0.24,1,225336,224900,436
7452641,6.20133,9.136,433,267639,0.013484,0.21,1,225342,224909,433
7455561,6.84027,9.8272,430,267859,0.0106968,0.15,1,225349,224919,430
7458481,6.96805,9.96544,427,267859,0.0261394,0.1,1,225356,224929,427
7461401,10.1936,9.99309,428,267859,0.0212279,0.05,1,225367,224939,428
7464321,9.23872,9.99862,427,267859,0.0282456,0.05,1,225376,224949,427
7467241,9.84774,9.99972,427,267859,0.0296491,0.03,1,225386,224959,427
7470161,9.96955,9.99994,427,267859,0.0299298,0.05,1,225396,224969,427
7473081,10.7939,9.99999,428,267859,0.021986,0.05,1,225407,224979,428
7476001,9.35878,10,427,267859,0.0283972,0.05,1,225416,224989,427
7478921,10.6718,10,428,267859,0.0376794,0.05,1,225427,224999,428
7481841,10.9344,10,429,267859,0.0155359,0.09,1,225438,225009,429
7484761,11.7869,10,431,267859,0.0591072,0.11,1,225450,225019,431
7487681,9.55737,10,430,267859,0.0998214,0.11,1,225459,225029,430
7490501,10.7115,10,431,267859,0.115964,0.09,1,225470,225039,431
7493421,12.5423,9.2,435,267859,0.175193,0.19,1,225483,225048,435
7495701,16.1085,9.84,442,267859,0.235039,0.24,1,225500,225058,442
7498621,9.62169,13.968,435,267859,0.295008,0.2,1,225508,225073,435
7501541,11.5243,10.7936,437,267859,0.307002,0.22,1,225520,225083,437
7503601,11.1049,10.1587,438,267859,0.3494,0.26,1,225531,225093,438
7506521,11.821,10.0317,440,267859,0.38188,0.26,1,225543,225103,440
7508181,8.76419,10.0063,438,267859,0.428376,0.32,1,225551,225113,438
7510261,12.1528,9.20127,442,267859,0.389675,0.3,1,225564,225122,442
7513181,10.4306,11.4403,440,267859,0.405935,0.32,1,225574,225134,440
7515041,10.0861,10.2881,440,267859,0.377187,0.3,1,225584,225144,440
7517961,14.8172,16.4576,438,267859,0.467437,0.31,1,225600,225162,438
7520881,9.36344,11.2915,436,267859,0.485487,0.28,1,225608,225172,436
7523361,10.6727,10.2583,437,267859,0.489097,0.28,1,225619,225182,437
7526281,13.3345,11.6517,439,267859,0.553819,0.28,1,225633,225194,439
7529201,13.8669,10.3303,443,267859,0.582764,0.3,1,225647,225204,443
7532121,10.7734,10.0661,443,267859,0.572553,0.37,1,225657,225214,443
7535041,10.1547,10.0132,443,267859,0.554511,0.41,1,225667,225224,443
7537921,7.63094,10.0026,440,267859,0.574902,0.37,1,225674,225234,440
7540841,7.92619,10.0005,438,267859,0.61898,0.28,1,225682,225244,438
7543761,7.18524,10.0001,435,267859,0.659796,0.22,1,225689,225254,435
7546681,7.03705,10,432,267859,0.619959,0.18,1,225696,225264,432
7549601,7.00741,10,429,267859,0.619992,0.13,1,225703,225274,429
7552521,7.80148,10,427,267859,0.587998,0.07,1,225711,225284,427
7555441,8.7603,10,426,267859,0.5656,0.03,1,225720,225294,426
7558361,9.75206,10,426,267859,0.53712,0.05,1,225730,225304,426
7561281,10.7504,10,427,267859,0.531424,0.05,1,225741,225314,427
7564201,10.1501,10,427,267859,0.498285,0.07,1,225751,225324,427
7567121,9.23002,10,426,267859,0.467657,0.01,1,225760,225334,426
7570041,8.246,9.2,425,267859,0.453531,0.01,1,225768,225343,425
7572961,8.8492,8.24,426,267859,0.394706,0.01,1,225777,225351,426
7575881,7.36984,8.048,425,267859,0.366941,0.04,1,225784,225359,425
7578801,7.87397,8.0096,425,267859,0.353388,0.03,1,225792,225367,425
7581721,7.97479,8.00192,425,267859,0.334678,0.03,1,225800,225375,425
7584641,7.99496,8.00038,425,267859,0.266936,0.03,1,225808,225383,425
7587561,8.79899,8.00008,426,267859,0.213387,0.01,1,225817,225391,426
7590481,7.3598,8.00002,425,267859,0.202677,0.04,1,225824,225399,425
7593401,7.87196,8,425,267859,0.176535,0.03,1,225832,225407,425
7596321,7.97439,8,425,267859,0.147307,0.03,1,225840,225415,425
7599241,7.99488,8,425,267859,0.125461,0.03,1,225848,225423,425
7602161,9.59898,8,427,267859,0.0970923,0.01,1,225858,225431,427
7605081,9.9198,8,429,267859,0.0914185,0.08,1,225868,225439,429
7608001,10.784,8,432,267859,0.138284,0.14,1,225879,225447,432
7610921,7.75679,8,431,267859,0.155657,0.17,1,225886,225455,431
7613841,8.75136,8,432,267859,0.159131,0.15,1,225895,225463,432
7616761,10.5503,8,435,267859,0.0958263,0.17,1,225906,225471,435
7619681,9.31005,8,436,267859,0.115165,0.22,1,225915,225479,436
7622601,10.662,8,439,267859,0.143033,0.26,1,225926,225487,439
7624241,6.9324,8,437,267859,0.164607,0.31,1,225932,225495,437
7626321,13.3865,10.4,441,5840,0.120921,0.31,1,225947,225506,441
7629241,16.2773,13.28,444,5840,0.0481843,0.33,1,225964,225520,444
7632161,11.2555,9.056,446,5840,0.00963685,0.38,1,225974,225528,446
7634641,10.2511,8.2112,448,5840,0.00192737,0.44,1,225984,225536,448
7636721,11.6502,13.6422,445,5840,0.0243855,0.4,1,225996,225551,445
7638801,9.53004,7.52845,448,5840,0.0128771,0.46,1,226005,225557,448
7640881,10.706,11.9057,446,5840,0.00257542,0.4,1,226016,225570,446
7643801,13.3412,11.1811,449,5840,0.000515084,0.42,1,226030,225581,449
7645461,12.2682,8.63623,453,5840,0.00810302,0.53,1,226042,225589,453
7647541,16.0536,10.5272,459,5840,0.0096206,0.54,1,226059,225600,459
7650461,11.2107,13.3054,455,5840,0.00992412,0.54,1,226069,225614,455
7653381,10.2421,9.06109,457,5840,0.00998482,0.57,1,226079,225622,457
7655861,10.8484,8.21222,460,5840,0.00199696,0.62,1,226090,225630,460
7657941,13.3697,12.0424,461,5840,0.00839939,0.57,1,226104,225643,461
7659601,9.87394,13.6085,456,5840,0.0176799,0.54,1,226113,225657,456
7662521,8.37479,8.3217,457,5840,0.00353598,0.6,1,226121,225664,457
7664181,6.47496,8.06434,455,5840,0.00870719,0.62,1,226127,225672,455
7665841,6.09499,5.61287,456,5840,0.00974144,0.68,1,226133,225677,456
7668761,9.219,9.92257,455,5840,0.00194829,0.65,1,226143,225688,455
7671681,7.4438,8.38451,454,5840,0.00838966,0.61,1,226150,225696,454
7674601,7.08876,8.0769,453,5840,0.00167793,0.59,1,226157,225704,453
7677521,7.81775,8.01538,453,5840,0.000335586,0.59,1,226165,225712,453
7680441,7.96355,8.00308,453,5840,6.71172e-05,0.57,1,226173,225720,453
7683361,7.19271,8.00062,452,5840,0.0160134,0.56,1,226180,225728,452
7686281,5.43854,8.00012,449,5840,0.0112027,0.54,1,226185,225736,449
7689201,6.68771,8.00002,448,5840,0.00224054,0.5,1,226192,225744,448
7692121,6.93754,8,447,5840,0.000448107,0.48,1,226199,225752,447
7695041,6.98751,8,446,5840,8.96215e-05,0.46,1,226206,225760,446
7697961,6.1975,8,444,5840,1.79243e-05,0.4,1,226212,225768,444
7700161,5.2395,8,441,5840,0.00800359,0.37,1,226217,225776,441
7703081,9.8479,11.2,440,5840,0.00160072,0.34,1,226228,225788,440
7706001,6.76958,8.64,438,5840,0.00832014,0.31,1,226234,225796,438
7708921,5.35392,8.128,435,5840,0.00166403,0.25,1,226239,225804,435
7711841,7.47078,8.0256,435,5840,0.000332806,0.23,1,226247,225812,435
7714761,7.09416,8.00512,434,5840,0.00806656,0.23,1,226254,225820,434
7717681,6.21883,8.00102,432,5840,0.00961331,0.18,1,226260,225828,432
7720601,6.84377,8.0002,431,5840,0.0259227,0.17,1,226267,225836,431
7723521,6.96875,8.00004,430,5840,0.0131845,0.12,1,226274,225844,430
7726441,6.99375,8.00001,429,5840,0.00263691,0.11,1,226281,225852,429
7729361,8.59875,8,430,5840,0.00852738,0.09,1,226290,225860,430
7732281,9.71975,8,432,5840,0.00170548,0.15,1,226300,225868,432
7733861,7.54395,8,431,5840,0.0083411,0.19,1,226307,225876,431
7736781,7.10879,7.2,431,5840,0.0256682,0.18,1,226314,225883,431
7739701,5.42176,7.84,428,5840,0.00513364,0.14,1,226319,225891,428
7742621,9.08435,7.968,430,5840,0.00102673,0.11,1,226329,225899,430
7744881,9.01687,7.9936,431,5840,0.00820535,0.13,1,226338,225907,431
7747801,12.2034,9.59872,434,5840,0.0176411,0.18,1,226351,225917,434
7750721,8.84067,8.31974,434,5840,0.0275282,0.02,1,226359,225925,434
7753641,336.968,342.464,427,5840,0.00550564,0.05,1,226778,226351,427
7756561,74.5936,76.4928,426,10946,0.00910113,0,1,226787,226361,426
7758021,505.319,348.899,622,13866,0.00982023,0.07,1,227400,226778,622
7760941,198.664,240.18,531,15326,0.017964,0.05,1,227522,226991,531
7763861,215.733,222.436,533,17184,0.0515928,0.03,1,227742,227209,533
7766781,215.947,218.887,531,17184,0.0343186,0.03,1,227958,227427,531
7769701,220.789,218.177,535,20104,0.110864,0.01,1,228180,227645,535
7772621,215.358,218.035,531,20104,0.0221727,0.07,1,228394,227863,531
7775541,186.272,200.407,514,20104,0.0364345,0.19,1,228573,228059,514
7778461,178.854,179.281,517,20143,0.119287,0.01,1,228750,228233,517
7781381,169.371,175.056,510,20143,0.0478574,0.03,1,228917,228407,510
7784301,177.074,174.211,515,20143,0.0335715,0.15,1,229096,228581,515
7787221,169.015,174.042,508,20143,0.0227143,0.02,1,229263,228755,508
7790141,175.403,174.008,511,20143,0.0365429,0.05,1,229440,228929,511
7793061,176.681,174.002,514,20143,0.00730857,0.02,1,229617,229103,514
7795981,171.336,174,510,20143,0.0654617,0.09,1,229787,229277,510
7798901,173.467,174,510,20143,0.0530923,0.03,1,229961,229451,510
7801821,173.093,174,509,20143,0.0426185,0.06,1,230134,229625,509
7804741,176.219,174,512,20143,0.0485237,0.05,1,230311,229799,512
7807661,172.044,174,509,20143,0.193705,0.01,1,230482,229973,509
7810581,174.409,174,510,20143,0.126741,0.04,1,230657,230147,510
7813501,174.882,174,511,20143,0.121348,0.16,1,230832,230321,511
7816421,173.376,174,510,20143,0.0722696,0.1,1,231005,230495,510
7819341,173.075,174,509,20143,0.0304539,0.13,1,231178,230669,509
7822261,173.815,174,509,20143,0.0140908,0.02,1,231352,230843,509
7825181,174.763,174,510,20143,0.0108182,0.02,1,231527,231017,510
7828101,173.353,174,509,20143,0.00216363,0,1,231700,231191,509
7831021,173.871,174,509,20143,0.760433,0.01,2,231874,231365,509
7833941,173.974,174,509,20143,0.640087,0.06,1,232048,231539,509
7836861,193.995,174,534,20143,0.712017,1,1,232247,231713,534
7839781,190.799,174,550,20143,0.790404,0.59,2,232437,231887,550
7842701,160.56,174,529,20143,0.750081,0.64,2,232590,232061,529
7889421,206,184,581,19384,0,0.78,1,235461,234880,581
7892341,138,184,518,19384,0.008,0.01,1,235582,235064,518
7895261,170.8,184,513,19418,0.0016,0.01,1,235761,235248,513
7898181,182.96,184,515,19615,0.04032,0,1,235947,235432,515
7901101,182.192,184,513,19615,0.008064,0.01,1,236129,235616,513
7904021,185.238,184,515,19836,0.0016128,0.01,1,236315,235800,515
7906941,181.048,182.4,513,19836,0.00832256,0.01,1,236495,235982,513
7909861,181.01,182.08,512,19836,0.00166451,0.05,1,236676,236164,512
7912781,179.402,178.816,513,19836,0.0563329,0,1,236855,236342,513
7915701,175.88,178.163,510,5840,0.0192666,0.01,1,237030,236520,510
7918621,178.376,178.033,511,5840,0.0118533,0.01,1,237209,236698,511
7921541,318.075,301.207,532,5840,0.0103707,0.05,1,237562,237030,532
7924461,246.015,237.841,538,19381,0.0580741,0.01,1,237790,237252,538
7927381,294.803,295.568,535,19381,0.0116148,0.01,1,238097,237562,535
7930301,235.761,236.714,534,19381,0.114323,0.02,1,238318,237784,534
7933221,227.952,224.943,538,19381,0.0708646,0.18,1,238544,238006,538
7936141,223.19,222.589,538,19381,0.214173,0,1,238766,238228,538
7939061,221.438,222.118,537,19381,0.122835,0.19,1,238987,238450,537
7941981,226.688,222.024,543,19381,0.376567,0,1,239215,238672,543
7944901,218.938,222.005,538,19381,0.491313,0.21,1,239432,238894,538
7947821,232.588,222.001,552,22301,0.746263,0.55,1,239668,239116,552
7971181,193,178,569,22301,0.03,0.85,1,241175,240606,569
7974101,151.4,178,532,22301,0.038,0,1,241316,240784,532
7977021,155.88,178,511,22301,0.0156,0,1,241473,240962,511
7979941,173.576,178,511,22301,0.01112,0.05,1,241651,241140,511
8000381,193,174,569,22622,0.03,0.98,1,242943,242374,569
8003301,153.8,174,539,22622,0.014,0.35,1,243087,242548,539
8006221,148.36,174,512,22622,0.0188,0.03,1,243234,242722,512
8009141,165.672,174,508,22740,0.00376,0,1,243404,242896,508
8012061,173.934,174,510,22740,0.000752,0,1,243580,243070,510
8014981,174.787,174,511,23031,0.0001504,0.05,1,243755,243244,511
8017901,173.357,174,510,23031,3.008e-05,0.02,1,243928,243418,510
8020821,171.471,174,507,23031,6.016e-06,0.04,1,244099,243592,507
8023741,169.494,170.8,506,23004,1.2032e-06,0.04,1,244268,243762,506
8026661,169.899,170.16,506,22949,0.0560002,0.02,1,244438,243932,506
8029581,170.78,170.032,507,22894,0.0112,0.02,1,244609,244102,507
8032501,169.356,170.006,506,22839,0.00224001,0.05,1,244778,244272,506
8035421,169.871,170.001,506,22784,0.056448,0.04,1,244948,244442,506
8038341,170.774,170,507,22756,0.0432896,0.02,1,245119,244612,507
8041261,172.555,170,510,22729,0.0406579,0.08,1,245292,244782,510
8044181,172.111,170,512,22701,0.0161316,0.01,1,245464,244952,512
8047101,166.422,170,507,22701,0.0672263,0.04,1,245629,245122,507
8050021,169.284,170,507,22674,0.0614453,0.01,1,245799,245292,507
8052941,169.857,170,507,22646,0.0842891,0.14,1,245969,245462,507
8055861,172.371,170,510,22619,0.0808578,0.05,1,246142,245632,510
8058781,167.274,170,506,22619,0.0241716,0.05,1,246308,245802,506
8061701,173.455,170,511,22591,0.172834,0.08,1,246483,245972,511
8064621,171.491,170,512,22591,0.0585669,0.01,1,246654,246142,512
8067541,166.298,170,507,22591,0.0597134,0.16,1,246819,246312,507
8070461,173.26,170,512,22591,0.0679427,0.07,1,246994,246482,512
8073381,165.852,170,506,22591,0.0455885,0.04,1,247158,246652,506
8076301,173.17,170,511,22591,0.0811177,0.12,1,247333,246822,511
8079221,169.034,170,509,22591,0.0882235,0.03,1,247501,246992,509
8082141,169.007,170,508,22591,0.0256447,0.06,1,247670,247162,508
8085061,170.601,170,509,22591,0.0131289,0.08,1,247841,247332,509
8087981,169.32,170,508,22591,0.0346258,0,1,248010,247502,508
8090901,169.064,170,507,22591,0.0629252,0,1,248179,247672,507
8093821,171.413,170,509,22591,0.116585,0.01,1,248351,247842,509
8096741,171.883,170,511,22591,0.039317,0.02,1,248523,248012,511
8099661,167.977,170,508,22591,0.0318634,0.12,1,248690,248182,508
8102581,171.195,170,510,22591,0.0783727,0.04,1,248862,248352,510
8105501,167.839,170,507,22591,0.0476745,0.02,1,249029,248522,507
8108421,172.768,170,511,22591,0.0415349,0.09,1,249203,248692,511
8111341,172.954,170,514,21730,0.072307,0.03,1,249376,248862,514
8114261,170.591,170,514,21730,0.0384614,0.04,1,249546,249032,514
8117181,164.518,170,507,21730,0.0956923,0.11,1,249709,249202,507
8120101,176.104,174,511,21730,0.0271385,0.04,1,249888,249377,511
8123021,181.621,178.8,514,21730,0.0454277,0.04,1,250071,249557,514
8125941,182.724,179.76,517,21730,0.0410855,0.01,1,250254,249737,517
8128861,175.745,179.952,511,21730,0.0482171,0.04,1,250428,249917,511
8131781,179.949,179.99,512,21730,0.0336434,0.03,1,250609,250097,512
8134701,181.59,179.998,514,21730,0.0307287,0.08,1,250791,250277,514
8137621,180.318,180,514,21730,0.142146,0,1,250971,250457,514
8140541,178.464,180,512,21730,0.108429,0.05,1,251149,250637,512
8143461,186.893,180,521,21730,0.0296858,0.24,1,251338,250817,521
8146381,175.779,180,514,21730,0.0939372,0,1,251511,250997,514
8149301,177.556,180,512,21730,0.250787,0.04,1,251689,251177,512
8152221,186.711,180,521,21730,0.0661575,0.17,1,251878,251357,521
8155141,181.342,180,521,21730,0.0132315,0.26,1,252058,251537,521
8158061,173.068,180,512,21730,0.0586463,0,1,252229,251717,512
8160981,178.614,180,512,21730,0.0357293,0.01,1,252409,251897,512
8163901,178.923,180,511,21730,0.00714585,0.05,1,252588,252077,511
8166821,184.585,180,517,21730,0.121429,0.05,1,252774,252257,517
8169741,179.317,180,515,21730,0.0482858,0.1,1,252952,252437,515
8172661,180.663,180,516,21624,0.129657,0.07,1,253133,252617,516
8175581,178.533,180,514,21624,0.0339314,0.03,1,253311,252797,514
8178501,179.707,180,514,21624,0.0147863,0.14,1,253491,252977,514
8181421,182.341,181.6,515,21624,0.0669573,0.04,1,253674,253159,515
8184341,180.468,181.92,513,21624,0.0213915,0.08,1,253854,253341,513
8187261,184.094,181.984,516,21624,0.0442783,0.05,1,254039,253523,516
8190181,181.619,181.997,515,21624,0.0408557,0.07,1,254220,253705,515
8193101,181.924,181.999,515,21624,0.0321711,0.04,1,254402,253887,515
8196021,181.985,182,515,21624,0.0624342,0.03,1,254584,254069,515
8198941,181.997,182,515,21624,0.0604868,0.04,1,254766,254251,515
8201861,180.399,182,513,21624,0.0520974,0.04,1,254946,254433,513
8204781,185.68,182,518,21624,0.0584195,0.11,1,255133,254615,518
8207701,182.736,182,518,21624,0.0356839,0.05,1,255315,254797,518
8210621,181.347,182,517,21624,0.00713678,0.04,1,255496,254979,517
8213541,179.469,182,514,21624,0.0654274,0.01,1,255675,255161,514
8216461,183.094,182,516,20885,0.0610855,0.1,1,255859,255343,516
8219381,179.819,182,513,20885,0.0282171,0.01,1,256038,255525,513
8222301,185.564,182,518,20885,0.0776434,0.01,1,256225,255707,518
8225221,193.113,190,521,20885,0.135529,0.03,1,256420,255899,521
8228141,191.423,191.6,520,20885,0.115106,0.05,1,256611,256091,520
8231061,195.085,191.92,524,20885,0.0230211,0.08,1,256807,256283,524
8233981,187.017,191.984,517,20885,0.0766042,0.02,1,256992,256475,517
8236901,191.803,191.997,518,20885,0.0633208,0.11,1,257185,256667,518
8239821,195.961,191.999,523,20885,0.0366642,0.03,1,257382,256859,523
8242741,191.192,192,521,20885,0.0153328,0.07,1,257572,257051,521
8245661,188.638,192,517,20885,0.0510666,0,1,257760,257243,517
8248581,192.128,192,518,20885,0.0102133,0.01,1,257953,257435,518
8251501,192.026,192,518,20885,0.0180427,0.02,1,258145,257627,518
8254421,193.605,192,520,20885,0.0996085,0,1,258339,257819,520
8257341,189.921,192,517,20885,0.0359217,0.01,1,258528,258011,517
8260261,197.184,192,524,20885,0.0311843,0.04,1,258727,258203,524
8263181,189.037,192,519,20885,0.0382369,0.08,1,258914,258395,519
8266101,194.607,192,523,20885,0.0556474,0.09,1,259110,258587,523
8269021,190.921,192,521,20885,0.0191295,0.05,1,259300,258779,521
8271941,190.984,192,520,5840,0.0918259,0.09,1,259491,258971,520
8274861,193.397,192,522,5840,0.0583652,0.11,1,259685,259163,522
8277781,317.879,300.8,543,5840,0.051673,0.07,1,260034,259491,543
8280701,254.776,252.16,542,18094,0.0583346,0.05,1,260273,259731,542
8283621,294.955,292.832,544,18094,0.179667,0.05,1,260578,260034,544
8286541,253.391,252.166,545,18094,0.0359334,0.14,1,260821,260276,545
8289461,249.878,244.033,552,18094,0.0151867,0.07,1,261070,260518,552
8292381,236.376,242.407,543,18094,0.0270373,0.02,1,261303,260760,543
8295301,240.075,242.081,542,18094,0.00540747,0.03,1,261544,261002,542
8298221,244.015,242.016,545,18094,0.425082,0.01,1,261789,261244,545
8301141,240.803,242.003,543,18094,0.589016,0.22,1,262029,261486,543
8333261,186,204,568,20399,0.03,0.45,1,264643,264075,568
8336181,170,202.4,532,20399,0.014,0,1,264809,264277,532
8339101,189.2,202.08,524,20399,0.2748,0.3,1,265003,264479,524
8350781,163,202,524,20538,0.04,0.18,1,265811,265287,524
8353701,201.4,200.4,535,20538,0.328,0.31,1,266022,265487,535
8356621,189.08,200.08,521,20538,0.2816,0.03,1,266208,265687,521
8359541,211.416,200.016,538,20538,0.38432,0.41,1,266425,265887,538
8362461,197.483,200.003,532,20538,0.108864,0.76,1,266619,266087,532
8365381,208.297,200.001,543,20538,0.269773,0.28,1,266830,266287,543
8368301,188.059,200,526,20538,0.509955,0.1,1,267013,266487,526
8371221,201.612,200,531,20538,0.605991,0.27,1,267218,266687,531
8374141,211.522,200,545,20538,0.801198,0.54,2,267432,266887,545
8388741,195,200,570,20538,0.1,0.77,1,268457,267887,570
8391661,186.2,200,554,20538,0.092,0.28,1,268641,268087,554
8429621,208,250,547,18498,0.01,0.05,1,271639,271092,547
8432541,244,250,550,18498,0.01,0.1,1,271892,271342,550
8435461,248.8,250,550,18498,0.002,0,1,272142,271592,550
8438381,248.16,250,548,21418,0.0084,0.02,1,272390,271842,548
8441301,248.832,250,547,21418,0.11368,0,1,272639,272092,547
8473421,120,186,514,22284,0,0.01,1,274747,274233,514
8476341,175.2,186,517,22502,0.024,0.13,1,274936,274419,517
8479261,184.64,186,518,22502,0.0608,0,1,275123,274605,518
8482181,181.728,186,513,22425,0.02016,0.01,1,275304,274791,513
8485101,184.346,184.4,514,22567,0.044032,0.18,1,275489,274975,514
8488021,183.269,184.08,513,22464,0.0168064,0,1,275672,275159,513
8490941,184.654,184.016,514,22386,0.0113613,0.03,1,275857,275343,514
8493861,179.331,180.803,512,22308,0.0102723,0.03,1,276035,275523,512
8496781,180.666,180.161,513,22231,0.00205445,0,1,276216,275703,513
8499701,180.133,180.032,513,22179,0.00841089,0,1,276396,275883,513
8502621,179.227,180.006,512,22127,0.00168218,0.01,1,276575,276063,512
8505541,179.845,180.001,512,22075,0.0483364,0.01,1,276755,276243,512
8508461,179.969,180,512,22024,0.00966729,0.03,1,276935,276423,512
8511381,179.994,180,512,21998,0.00193346,0.01,1,277115,276603,512
8514301,179.199,180,511,21972,0.248387,0.01,1,277294,276783,511
8517221,179.84,180,511,21946,0.0496773,0,1,277474,276963,511
8520141,189.568,180,523,21920,0.249935,0.37,1,277666,277143,523
8523061,172.314,180,511,21920,0.369987,0.03,1,277834,277323,511
8525981,179.263,180,512,21920,0.0819974,0.34,1,278015,277503,512
8528901,199.053,180,536,21894,0.3844,0.17,1,278219,277683,536
8531821,166.211,180,514,21894,0.0768799,0.09,1,278377,277863,514
8534741,181.242,180,519,21894,0.455376,0.49,1,278562,278043,519
8613581,178,188,550,21276,0.19,0.19,1,283529,282979,550
8616501,158,188,515,21276,0.11,0.01,1,283682,283167,515
8619421,183.6,188,517,21476,0.03,0.09,1,283872,283355,517
8622341,187.12,188,517,21476,0.238,0.02,1,284060,283543,517
8625261,186.224,188,515,21476,0.0636,0.02,1,284246,283731,515
8628181,189.245,186.4,519,21476,0.14872,0.42,1,284436,283917,519
8631101,185.849,186.08,518,21476,0.117744,0,1,284621,284103,518
8634021,189.97,186.016,523,21476,0.159549,0.22,1,284812,284289,523
8636941,194.794,186.003,533,21476,0.33591,0,1,285008,284475,533
8639861,173.359,186.001,515,21476,0.187182,0.21,1,285176,284661,515
8642781,194.672,186,529,21476,0.221436,0.42,1,285376,284847,529
8645701,181.334,186,521,21476,0.228287,0.07,1,285554,285033,521
8648621,187.467,186,524,21476,0.605657,0.28,1,285743,285219,524
8651541,191.093,186,530,21476,0.833132,0.53,2,285935,285405,530
8680741,182,186,567,21476,0.01,0.79,1,287832,287265,567
8683661,154.8,186,529,21476,0.01,0,1,287980,287451,529
8686581,167.76,186,514,21476,0.002,0.01,1,288151,287637,514
8689501,183.152,186,515,5840,0.0244,0,1,288338,287823,515
8692421,186.23,186,516,5840,0.02888,0.03,1,288525,288009,516
8695341,317.246,300.4,537,5840,0.173776,0.01,1,288875,288338,537
8698261,255.449,244.08,547,19327,0.130755,0.21,1,289115,288568,547
8701181,289.49,294.416,538,19327,0.034151,0.09,1,289413,288875,538
8704101,253.898,242.883,553,19327,0.15083,0.11,1,289658,289105,553
8707021,221.98,232.577,537,19327,0.046166,0.11,1,289872,289335,537
8709941,235.596,230.515,546,19327,0.209233,0.01,1,290111,289565,546
8712861,224.719,230.103,538,22247,0.0418466,0.21,1,290333,289795,538
8715781,238.544,230.021,550,22247,0.592369,0.11,1,290575,290025,550
8718701,185.309,211.604,515,22247,0.542474,0.21,1,290747,290232,515
8721621,207.462,189.521,544,22222,0.812495,0.69,2,290960,290416,544
8762501,188,184,559,22222,0.31,0.64,1,293551,292992,559
8765421,148,184,513,22222,0.07,0,1,293689,293176,513
8768341,195.2,184,536,22691,0.022,0.3,1,293896,293360,536
8771261,167.84,184,513,22691,0.0044,0.01,1,294057,293544,513
8774181,178.368,184,510,22691,0.00888,0,1,294238,293728,510
8777101,178.074,179.2,510,22691,0.001776,0.01,1,294416,293906,510
8780021,178.815,178.24,511,22639,0.0003552,0,1,294595,294084,511
8782941,177.363,178.048,510,22560,7.104e-05,0,1,294772,294262,510
8785861,177.873,178.01,510,22481,0.00801421,0,1,294950,294440,510
8788781,180.375,178.002,513,22403,0.00160284,0,1,295131,294618,513
8791701,176.875,178,511,22350,0.000320568,0,1,295307,294796,511
8794621,177.775,178,511,22297,0.00806411,0.05,1,295485,294974,511
8797541,177.155,178,510,22245,0.0896128,0.01,1,295662,295152,510
8800461,178.631,178,511,22192,0.0179226,0.01,1,295841,295330,511
8803381,178.126,178,511,22166,0.0115845,0.02,1,296019,295508,511
8806301,178.825,178,512,22140,0.202317,0,1,296198,295686,512
8809221,177.365,178,511,22114,0.0484634,0.04,1,296375,295864,511
8812141,180.273,178,514,22087,0.0336927,0.28,1,296556,296042,514
8815061,176.055,178,511,22087,0.0467385,0.01,1,296731,296220,511
8817981,179.211,178,513,22061,0.0173477,0.08,1,296911,296398,513
8820901,178.242,178,513,22061,0.0754695,0.07,1,297089,296576,513
8823821,176.448,178,511,22061,0.0150939,0.07,1,297265,296754,511
8826741,179.29,178,513,22035,0.0590188,0.1,1,297445,296932,513
8829661,178.258,178,513,22035,0.0918038,0.01,1,297623,297110,513
8832581,177.252,178,512,22035,0.0423607,0.11,1,297800,297288,512
8835501,179.45,178,514,22035,0.0244722,0.1,1,297980,297466,514
8838421,175.09,178,510,22035,0.0208944,0.08,1,298154,297644,510
8841341,179.818,178,513,22009,0.0441789,0.01,1,298335,297822,513
8844261,178.364,178,513,22009,0.0248358,0.01,1,298513,298000,513
8847181,177.273,178,512,22009,0.0289672,0.03,1,298690,298178,512
8850101,178.655,178,513,22009,0.0297934,0.01,1,298869,298356,513
8853021,177.331,178,512,22009,0.0299587,0,1,299046,298534,512
8855941,178.666,178,513,22009,0.0379917,0.06,1,299225,298712,513
8858861,180.533,178,516,22009,0.0475983,0,1,299406,298890,516
8861781,176.107,178,513,22009,0.0335197,0.03,1,299581,299068,513
8864701,180.021,178,516,21137,0.0947039,0.03,1,299762,299246,516
8867621,176.004,178,513,21137,0.0269408,0,1,299937,299424,513
8870541,181.601,178,518,21137,0.0773882,0.01,1,300120,299602,518
8873461,187.52,187.6,517,21137,0.0314776,0,1,300309,299792,517
8876381,189.504,189.52,517,21137,0.00629553,0.07,1,300499,299982,517
8879301,189.901,189.904,517,21137,0.129259,0.01,1,300689,300172,517
8882221,192.38,189.981,520,21137,0.0258518,0.09,1,300882,300362,520
8885141,191.276,189.996,521,21137,0.14917,0.03,1,301073,300552,521
8888061,188.655,189.999,519,21137,0.0298341,0.19,1,301261,300742,519
8890981,193.731,190,524,21137,0.0299668,0.21,1,301456,300932,524
8893901,185.946,190,518,21137,0.221993,0,1,301640,301122,518
8896821,189.989,190,519,21137,0.260399,0.08,1,301831,301312,519
8899741,194.798,190,525,21137,0.41208,0.24,1,302027,301502,525
8902661,194.96,190,530,21137,0.714416,0.3,1,302222,301692,530
8975661,151,194,539,20721,0.01,0.62,1,306991,306452,539
8978581,203,194,561,20721,0.026,0.69,1,307207,306646,561
8981501,169.4,194,528,20721,0.1252,0.01,1,307368,306840,528
8984421,181.88,194,519,20721,0.25704,0.01,1,307553,307034,519
8987341,192.376,194,520,21059,0.203408,0.35,1,307748,307228,520
9036981,320,348,540,19220,0.01,0,1,311402,310862,540
9039901,255.2,260,541,19220,0.026,0.01,1,311641,311100,541
9042821,240.64,242.4,540,19220,0.6612,0,1,311878,311338,540
9045741,242.528,238.88,545,19196,0.14824,1,1,312121,311576,545
9074941,169,238,518,22217,0,0.01,1,314474,313956,518
9077861,191.4,199.6,525,22217,0,0.03,1,314671,314146,525
9080781,186.28,195.12,516,22217,0,0,1,314856,314340,516
9083701,186.856,189.424,515,22217,0,0.01,1,315043,314528,515
9086621,187.771,188.285,515,22168,0,0,1,315231,314716,515
9089541,187.954,188.057,515,22044,0.008,0.01,1,315419,314904,515
9092461,187.991,188.011,515,21945,0.0096,0,1,315607,315092,515
9095381,187.998,188.002,515,21846,0.00192,0,1,315795,315280,515
9098301,188.8,188,516,21771,0.040384,0,1,315984,315468,516
9101221,187.36,188,515,21697,0.0080768,0.03,1,316171,315656,515
9104141,189.472,188,517,21648,0.00961536,0.01,1,316361,315844,517
9107061,186.694,188,515,21598,0.00992307,0,1,316547,316032,515
9109981,188.539,188,516,21548,0.00998461,0.03,1,316736,316220,516
9112901,188.108,188,516,21499,0.217997,0.01,1,316924,316408,516
9115821,188.822,188,517,21474,0.131599,0.02,1,317113,316596,517
9118741,195.364,188,526,21449,0.28232,0.2,1,317310,316784,526
9121661,180.673,188,515,21449,0.256464,0.19,1,317487,316972,515
9124581,196.135,188,527,21424,0.235293,0.36,1,317687,317160,527
9127501,206.427,188,548,21424,0.295059,0,1,317896,317348,548
9130421,170.085,188,521,21424,0.291012,0.18,1,318057,317536,521
9133341,188.417,188,526,21424,0.354202,0.25,1,318250,317724,526
9136261,181.683,188,518,21424,0.26284,0.33,1,318430,317912,518
9139181,198.737,188,533,21424,0.444568,0.5,1,318633,318100,533
9142101,187.747,188,530,21424,0.536914,0.28,1,318818,318288,530
9145021,193.549,188,537,21424,0.715383,0.47,1,319013,318476,537
9147941,193.91,188,543,21424,0.847077,0.55,2,319207,318664,543
9150861,190.782,188,545,21424,0.905415,0.74,2,319397,318852,545
9153781,204.556,188,565,21424,0.925083,0.95,2,319605,319040,565
9156701,187.311,188,560,21424,0.945017,0.99,2,319788,319228,560
9191741,203,196,564,20849,0.18,1,1,322092,321528,564
9194661,183,196,546,20849,0.044,0.23,1,322270,321724,546
9197581,171.8,196,519,20849,0.0168,0.19,1,322439,321920,519
9200501,195.96,196,525,20885,0.02736,0.01,1,322641,322116,525
9203421,191.992,196,520,20885,0.045472,0.01,1,322832,322312,520
9206341,195.198,196,520,20885,0.137094,0.02,1,323028,322508,520
9209261,198.24,196,523,20885,0.0434189,0.02,1,323227,322704,523
9212181,198.048,196,525,20885,0.00868377,0.01,1,323425,322900,525
9215101,191.61,196,519,20885,0.0177368,0.02,1,323615,323096,519
9218021,196.722,196,521,20885,0.171547,0.08,1,323813,323292,521
9220941,196.144,196,521,20885,0.0903095,0.17,1,324009,323488,521
9223861,203.229,196,530,20885,0.258062,0.14,1,324214,323684,530
9226781,191.046,196,522,20885,0.579612,0.06,1,324402,323880,522
9253061,186,196,574,20885,0.01,0.96,1,326218,325644,574
9255981,166,196,539,20885,0.01,0.03,1,326379,325840,539
9258901,174,196,519,20885,0.002,0,1,326555,326036,519
9261821,191.6,196,519,21054,0.0004,0.01,1,326751,326232,519
9264741,195.92,196,520,21188,0.00808,0,1,326948,326428,520
9267661,195.184,196,519,21188,0.009616,0.01,1,327143,326624,519
9270581,192.637,194.4,517,21188,0.0019232,0,1,327335,326818,517
9273501,192.927,192.48,518,21188,0.00038464,0.01,1,327528,327010,518
9276421,191.385,192.096,517,21188,0.00807693,0,1,327719,327202,517
9279341,191.877,192.019,517,5840,0.00161539,0,1,327911,327394,517
9282261,191.975,192.004,517,5840,0.000323077,0,1,328103,327586,517
9285181,318.395,298.401,542,5840,0.00806462,0,1,328453,327911,542
9288101,255.679,251.68,542,18415,0.00161292,0.01,1,328693,328151,542
9291021,291.936,291.936,541,18415,0.000322585,0,1,328994,328453,541
9293941,250.387,250.387,541,18415,6.45169e-05,0,1,329234,328693,541
9296861,242.877,242.077,542,18415,1.29034e-05,0.03,1,329475,328933,542
9299781,240.575,240.415,542,18415,0.00800258,0,1,329715,329173,542
9302701,240.115,240.083,542,18415,0.0176005,0.01,1,329955,329413,542
9305621,240.023,240.017,542,18415,0.0115201,0.01,1,330195,329653,542
9308541,239.205,240.003,541,18415,0.162304,0.03,1,330434,329893,541
9311461,240.641,240.001,542,18415,0.0404608,0,1,330675,330133,542
9314381,240.128,240,542,18415,0.0480922,0.01,1,330915,330373,542
9317301,239.226,240,541,18415,0.00961843,0,1,331154,330613,541
9320221,241.445,240,543,21335,0.0259237,0,1,331396,330853,543
9323141,238.689,240,541,21335,0.0371847,0.02,1,331634,331093,541
9326061,202.138,220.8,518,21335,0.00743695,0,1,331827,331309,518
9328981,194.828,197.76,519,21335,0.0414874,0.01,1,332020,331501,519
9331901,192.566,193.152,519,22294,0.0722975,0,1,332212,331693,519
9334821,193.713,192.23,521,22294,0.0304595,0.03,1,332406,331885,521
9337741,189.143,192.046,517,22294,0.0060919,0.09,1,332594,332077,517
9340661,181.829,182.409,517,22294,0.0732184,0,1,332774,332257,517
9343581,180.366,180.482,517,22242,0.0146437,0.1,1,332954,332437,517
9346501,180.073,180.096,517,22215,0.122929,0.05,1,333134,332617,517
9349421,177.615,180.019,514,22189,0.144586,0.01,1,333311,332797,514
9352341,179.523,180.004,514,22163,0.156917,0.1,1,333491,332977,514
9355261,183.905,180.001,519,22137,0.223383,0.1,1,333676,333157,519
9358181,179.981,180,518,22111,0.236677,0.22,1,333855,333337,518
9361101,183.196,180,522,22085,0.247335,0.24,1,334039,333517,522
9364021,181.439,180,523,22085,0.137467,0.26,1,334220,333697,523
9366941,177.888,180,520,22085,0.235493,0.17,1,334397,333877,520
9369861,179.578,180,520,22085,0.255099,0.14,1,334577,334057,520
9372781,179.916,180,520,22085,0.14702,0.2,1,334757,334237,520
9375701,181.583,180,522,22085,0.0454039,0.17,1,334939,334417,522
9378621,174.717,180,515,22085,0.0810808,0.03,1,335112,334597,515
9381541,176.543,180,512,22059,0.0962162,0.03,1,335289,334777,512
9384461,179.309,180,512,22033,0.0752432,0.03,1,335469,334957,512
9387381,183.862,180,517,22007,0.199049,0.06,1,335654,335137,517
9390301,176.772,180,512,22007,0.30381,0.16,1,335829,335317,512
9393221,184.954,180,519,21981,0.180762,0.3,1,336016,335497,519
9396141,188.191,180,528,21981,0.188152,0.18,1,336205,335677,528
9399061,174.438,180,519,21981,0.20563,0.15,1,336376,335857,519
9401981,180.488,180,521,21981,0.265126,0.23,1,336558,336037,521
9404901,181.698,180,523,21981,0.229025,0.24,1,336740,336217,523
9407821,182.74,180,526,21981,0.269805,0.2,1,336923,336397,526
9410741,178.148,180,523,21981,0.333961,0.26,1,337100,336577,523
9413661,183.63,180,528,21981,0.338792,0.31,1,337285,336757,528
9416581,183.126,180,531,21981,0.251758,0.37,1,337468,336937,531
9419501,178.225,180,528,21981,0.242352,0.35,1,337645,337117,528
9422421,182.045,180,531,21981,0.24847,0.18,1,337828,337297,531
9425341,169.209,180,517,21177,0.345694,0.21,1,337994,337477,517
9428261,180.242,180,520,21236,0.421139,0.28,1,338177,337657,520
9431181,190.448,180,533,21236,0.452228,0.31,1,338370,337837,533
9434101,194.09,188,538,21236,0.554446,0.46,1,338565,338027,538
9437021,192.418,189.6,540,21236,0.718889,0.55,1,338757,338217,540
9439941,196.884,189.92,548,21236,0.759778,0.52,2,338955,338407,548
9442861,196.177,189.984,554,21236,0.791956,0.77,2,339151,338597,554
9445781,196.835,189.997,561,21236,0.862391,0.73,2,339348,338787,561
9448701,188.967,189.999,558,21236,0.948478,0.71,2,339535,338977,558
9477901,179,190,561,21236,0.02,0.54,1,341438,340877,561
9480821,159,190,525,21236,0.028,0.01,1,341592,341067,525
9483741,179,190,519,21236,0.0136,0.06,1,341776,341257,519
9486661,186.2,190,517,21276,0.08272,0.02,1,341964,341447,517
9489581,189.24,190,517,21315,0.024544,0.03,1,342154,341637,517
9492501,194.648,190,523,21315,0.220909,0.01,1,342350,341827,523
9495421,183.73,188.4,516,21315,0.108182,0.01,1,342531,342015,516
9498341,195.946,188.08,527,21315,0.693636,0.43,1,342730,342203,527
9518781,203,188,564,21315,0.06,0.71,1,344083,343519,564
9521701,163,188,529,21315,0.052,0.16,1,344236,343707,529
9524621,175.8,188,520,21315,0.1144,0.06,1,344415,343895,520
9527541,182.36,188,516,21355,0.03888,0.07,1,344599,344083,516
9530461,191.672,188,522,21355,0.023776,0.13,1,344793,344271,522
9533381,183.934,188,516,21355,0.628755,0.05,1,344975,344459,516
9561121,160,194,632,5840,0.24,0.42,1,346977,346345,632
9564041,255.2,272.4,619,20552,0.088,0.24,1,347256,346637,619
9566961,251.04,326.48,529,20552,0.0496,0,1,347506,346977,529
9569881,222.208,236.496,530,20552,0.22592,0.02,1,347721,347191,530
9572801,214.842,218.499,529,20552,0.069184,0,1,347934,347405,529
9575721,222.968,214.9,540,20552,0.109837,0.41,1,348159,347619,540
9578641,206.994,214.18,529,20552,0.0299674,0.01,1,348362,347833,529
9581561,220.599,214.036,539,20552,0.125993,0.18,1,348586,348047,539
9584481,208.12,214.007,530,20642,0.129199,0,1,348791,348261,530
9587401,219.224,214.001,538,20642,0.0658397,0.22,1,349013,348475,538
9590321,208.645,214,530,20874,0.213168,0,1,349219,348689,530
9593241,213.729,214,531,20846,0.162634,0.19,1,349434,348903,531
9596161,221.146,214,540,20791,0.256527,0.03,1,349657,349117,540
9599081,208.229,210.8,535,23683,0.323305,0.32,1,349862,349327,535
9602001,215.246,210.16,542,23655,0.384661,0.3,1,350079,349537,542
9604921,190.249,210.032,516,23655,0.412932,0.31,1,350263,349747,516
9607841,177.25,176.406,522,23572,0.610586,0.4,1,350437,349915,522
9610761,173.85,169.681,527,23517,0.818117,0.39,2,350610,350083,527
9613681,171.57,168.336,530,23489,0.891623,0.67,2,350781,350251,530
9654561,148,168,547,23461,0.09,1,1,353150,352603,547
9657481,157.6,168,539,23461,0.042,0.25,1,353310,352771,539
9660401,140.32,168,507,23461,0.1284,0.04,1,353446,352939,507
9663321,163.264,168,508,23721,0.09768,0.06,1,353615,353107,508
9666241,164.653,168,505,23962,0.019536,0.07,1,353780,353275,505
9669161,172.931,168,512,23962,0.0519072,0.08,1,353955,353443,512
9672081,161.786,167.2,504,23876,0.0183814,0.01,1,354114,353610,504
9675001,165.157,165.44,505,23762,0.107676,0.03,1,354280,353775,505
9677921,173.031,164.288,516,23676,0.141535,0,1,354455,353939,516
9680841,157.006,164.058,505,23648,0.172307,0.07,1,354608,354103,505
9683761,165.001,164.012,508,23562,0.0824614,0.11,1,354775,354267,508
9686681,161.8,164.002,505,23505,0.424492,0.11,1,354936,354431,505
9689601,165.16,164,507,23448,0.756899,0.08,2,355102,354595,507
9692521,178.632,164,525,23419,0.87938,0.56,2,355284,354759,525
9724641,155,164,555,23419,0,0.81,1,357118,356563,555
9727561,137.4,164,524,23419,0.056,0,1,357251,356727,524
9730481,142.68,164,504,23419,0.0112,0,1,357395,356891,504
9733401,158.936,164,503,23605,0.01824,0.01,1,357558,357055,503
9736321,167.787,164,509,23906,0.003648,0.03,1,357728,357219,509
9739241,159.957,164,503,23906,0.0007296,0,1,357886,357383,503
9742161,162.391,163.2,503,23906,0.00814592,0.05,1,358049,357546,503
9745081,158.078,160.64,500,23906,0.0576292,0.03,1,358206,357706,500
9748001,158.816,158.528,501,23906,0.0115258,0,1,358365,357864,501
9750921,157.363,158.106,500,23906,0.00230517,0.05,1,358522,358022,500
9753841,159.473,158.021,502,23877,0.00846103,0,1,358682,358180,502
9756761,156.695,158.004,500,23818,0.00169221,0,1,358838,358338,500
9759681,158.539,158.001,501,23759,0.00833844,0.03,1,358997,358496,501
9762601,158.108,158,501,23730,0.00966769,0.01,1,359155,358654,501
9765521,157.222,158,500,23700,0.00193354,0.03,1,359312,358812,500
9768441,160.244,158,503,23671,0.000386707,0.05,1,359473,358970,503
9771361,156.849,158,501,23641,0.0160773,0,1,359629,359128,501
9774281,156.97,158,500,23612,0.0112155,0.04,1,359786,359286,500
9777201,159.394,158,502,23582,0.0502431,0,1,359946,359444,502
9780121,157.479,158,501,23553,0.0100486,0,1,360103,359602,501
9783041,157.896,158,501,23524,0.0100097,0.03,1,360261,359760,501
9785961,160.379,158,504,23524,0.210002,0.01,1,360422,359918,504
9788881,155.276,158,500,23524,0.0580004,0.01,1,360576,360076,500
9791801,158.255,158,501,23494,0.1156,0.14,1,360735,360234,501
9794721,169.251,158,515,23494,0.16712,0.03,1,360907,360392,515
9797641,149.85,158,502,23494,0.073424,0.06,1,361052,360550,502
9800561,161.97,158,509,23494,0.318685,0.2,1,361217,360708,509
9803481,151.594,158,500,23494,0.503737,0.04,1,361366,360866,500
9806401,160.719,158,505,23494,0.268747,0.29,1,361529,361024,505
9809321,172.944,158,523,23494,0.64575,0.59,1,361705,361182,523
9812241,157.789,158,519,23494,0.80115,0.21,2,361859,361340,519
9815161,157.158,158,518,23494,0.71223,0.53,1,362016,361498,518
9856041,151,166,550,22791,0.25,0.57,1,364320,363770,550
9858961,152.6,166,537,25711,0.194,0.47,1,364473,363936,537
9861881,152.12,166,523,26361,0.0548,0.3,1,364625,364102,523
9864801,148.024,166,504,26361,0.01096,0.11,1,364772,364268,504
9867721,146.405,153.2,500,26361,0.154192,0.26,1,364918,364418,500
9870641,126.881,137.84,488,26361,0.0308384,0,1,365040,364552,488
9873561,133.376,134.768,489,28784,0.0141677,0.03,1,365175,364686,489
9876481,138.675,134.154,495,28784,0.0108335,0.19,1,365315,364820,495
9879401,130.135,134.031,489,28784,0.0101667,0.01,1,365443,364954,489
9882321,126.827,134.006,481,28784,0.0100333,0.02,1,365569,365088,481
9885241,122.965,122.801,483,28784,0.00200667,0.02,1,365691,365208,483
9888161,119.793,120.56,482,28784,0.0404013,0.02,1,365810,365328,482
9891081,119.159,120.112,481,28784,0.0320803,0.01,1,365929,365448,481
9894001,121.432,120.022,483,28706,0.0144161,0.01,1,366051,365568,483
9896921,120.286,120.004,483,28628,0.0428832,0.05,1,366171,365688,483
9899841,120.057,120.001,483,28550,0.200577,0.01,1,366291,365808,483
9902761,118.411,120,481,28472,0.0481153,0.03,1,366409,365928,481
9905681,120.482,120,482,28394,0.321623,0.05,1,366530,366048,482
9908601,125.696,120,489,28355,0.216325,0.21,1,366657,366168,489
9911521,114.739,120,481,28355,0.251265,0,1,366769,366288,481
9914441,124.548,120,488,28315,0.098253,0.37,1,366896,366408,488
9917361,122.51,120,490,28315,0.563651,0.16,1,367018,366528,490
9920281,129.302,120,501,28315,0.61673,0.29,1,367149,366648,501
9923201,105.86,120,481,28315,0.403346,0.07,1,367249,366768,481
9926121,123.572,120,489,28528,0.312669,0.57,1,367377,366888,489
9929041,143.114,120,517,28528,0.510534,0.71,1,367525,367008,517
9931961,119.023,120,510,28528,0.614107,0.36,1,367638,367128,510
9934881,105.405,120,492,28528,0.498821,0.32,1,367740,367248,492
9937801,125.881,119.2,504,28564,0.723764,0.46,1,367871,367367,504
9940721,122.776,118.24,508,28564,0.816753,0.66,2,367993,367485,508
9943641,123.755,118.048,514,28564,0.859351,0.43,2,368117,367603,514
9946561,116.751,118.01,511,28564,0.85987,0.69,2,368232,367721,511
10007881,104,96,515,35503,0.18,0.94,1,370560,370045,515
10010801,89.6,96,505,35503,0.068,0.72,1,370646,370141,505
10013721,102.72,96,515,38423,0.0216,0.69,1,370752,370237,515
10016641,73.344,96,485,40377,0.17232,0.17,1,370818,370333,485
10019561,85.0688,96,477,40377,0.370464,0.11,1,370906,370429,477
10022481,88.2138,93.6,473,40377,0.0820928,0.09,1,370995,370522,473
10025401,84.8428,90.72,467,40377,0.0404186,0.07,1,371079,370612,467
10028321,77.7685,84.544,460,40377,0.160084,0.07,1,371155,370695,460
10031241,85.1537,77.7088,471,40538,0.112017,0.27,1,371242,370771,471
10034161,88.2307,76.3418,484,40538,0.198403,0.31,1,371331,370847,484
10037081,60.0461,76.0683,461,40538,0.0956807,0.03,1,371384,370923,461
10040001,71.2092,76.0137,459,40351,0.0271361,0.03,1,371458,370999,459
10042921,79.0418,76.0027,464,40753,0.0694272,0.18,1,371539,371075,464
10045841,75.0084,76.0005,462,41008,0.0618854,0.1,1,371613,371151,462
10048761,78.2017,76.0001,465,41454,0.300377,0.23,1,371692,371227,465
10051681,80.4403,76,470,41322,0.516075,0.09,1,371773,371303,470
10054601,69.6881,76,461,41432,0.439215,0.01,1,371840,371379,461
10057521,73.9376,76,460,42643,0.111843,0,1,371915,371455,460
10060441,78.7875,75.2,465,42506,0.0783686,0.13,1,371995,371530,465
10063361,74.9575,73.44,466,42437,0.167674,0.33,1,372069,371603,466
10130521,58,58,501,56773,0,1,1,373568,373067,501
10133441,59.6,58,503,56773,0,1,1,373628,373125,503
10136361,51.12,58,494,56773,0,1,1,373677,373183,494
10139281,73.424,58,515,56773,0.008,0.84,1,373756,373241,515
10142201,44.2848,55.6,497,56773,0.0016,1,1,373793,373296,497
10145121,49.657,52.72,496,56773,0.04832,0.75,1,373844,373348,496
10148041,52.3314,52.144,497,56773,0.017664,0.96,1,373897,373400,497
10150961,30.4663,47.2288,476,56773,0.0275328,0.45,1,373922,373446,476
10153881,22.0933,46.2458,450,56773,0.0295066,0.01,1,373942,373492,450
10156801,36.4187,46.0492,444,58521,0.0619013,0.01,1,373982,373538,444
10159721,44.8837,46.0098,445,61441,0.0123803,0.06,1,374029,373584,445
10162641,44.9767,46.002,444,63887,0.00247605,0,1,374074,373630,444
10165561,45.7953,46.0004,444,63887,0.00049521,0.01,1,374120,373676,444
10168481,45.9591,46.0001,444,63887,9.90421e-05,0,1,374166,373722,444
10171401,47.5918,46,446,66807,1.98084e-05,0.03,1,374214,373768,446
10174321,47.9184,46,448,67737,3.96168e-06,0.07,1,374262,373814,448
10177241,43.1837,46,444,67488,7.92336e-07,0.01,1,374304,373860,444
10180161,47.0367,46,446,67684,1.58467e-07,0.03,1,374352,373906,446
10183081,46.2073,46,446,68112,3.16935e-08,0.04,1,374398,373952,446
10186001,40.4415,44.4,441,67858,6.33869e-09,0.01,1,374437,373996,441
10188921,40.8883,40.88,442,67604,1.26774e-09,0,1,374478,374036,442
10191841,39.3777,40.176,441,67350,2.53548e-10,0,1,374517,374076,441
10194761,39.8755,40.0352,441,67096,0.008,0.02,1,374557,374116,441
10197681,39.9751,40.007,441,66969,0.0096,0,1,374597,374156,441
10200601,38.395,39.2014,440,66842,0.00192,0,1,374635,374195,440
10203521,38.079,38.2403,440,69762,0.000384,0,1,374673,374233,440
10206441,38.0158,38.0481,440,70015,7.68e-05,0,1,374711,374271,440
10209361,38.0032,38.0096,440,69881,0.00801536,0,1,374749,374309,440
10212281,38.0006,38.0019,440,69746,0.00160307,0,1,374787,374347,440
10215201,36.4001,37.2004,439,69611,0.000320614,0,1,374823,374384,439
10218121,36.88,36.2401,440,70231,6.41229e-05,0,1,374860,374420,440
10221041,36.176,36.048,440,71400,1.28246e-05,0,1,374896,374456,440
10223961,35.2352,36.0096,439,74320,2.56491e-06,0.01,1,374931,374492,439
10226881,35.847,36.0019,439,76811,5.12983e-07,0.01,1,374967,374528,439
10229801,36.7694,36.0004,440,76811,1.02597e-07,0,1,375004,374564,440
10232721,35.3539,36.0001,439,76811,0.00800002,0,1,375039,374600,439
10235641,35.8708,36,439,76811,0.0096,0,1,375075,374636,439
10238561,33.5742,34.4,438,76811,0.00192,0,1,375108,374670,438
10241481,33.9148,34.08,438,76659,0.008384,0.01,1,375142,374704,438
10244401,33.983,34.016,438,76659,0.0016768,0,1,375176,374738,438
10247321,33.9966,34.0032,438,76659,0.00033536,0,1,375210,374772,438
10250241,33.9993,34.0006,438,76803,6.7072e-05,0,1,375244,374806,438
10253161,33.9999,34.0001,438,79723,0.00801342,0,1,375278,374840,438
10256081,34,34,438,82352,0.00160268,0,1,375312,374874,438
10259001,32.4,34,436,82352,0.000320537,0,1,375344,374908,436
10261921,30.48,30.8,436,82187,6.41073e-05,0,1,375374,374938,436
10264841,30.096,30.16,436,82022,0.00801282,0,1,375404,374968,436
10267761,30.0192,30.032,436,82022,0.00160256,0.01,1,375434,374998,436
10270681,30.0038,30.0064,436,82022,0.000320513,0,1,375464,375028,436
10273601,30.0008,30.0013,436,82178,6.41026e-05,0,1,375494,375058,436
10276521,30.0002,30.0003,436,85098,0.0160128,0,1,375524,375088,436
10279441,30.8,30.0001,437,87714,0.0272026,0.01,1,375555,375118,437
10282361,29.36,30,436,87714,0.0294405,0,1,375584,375148,436
10285281,29.872,30,436,87714,0.0058881,0,1,375614,375178,436
10288201,29.9744,30,436,87714,0.00117762,0,1,375644,375208,436
10291121,29.9949,30,436,87714,0.000235524,0,1,375674,375238,436
10294041,28.399,29.2,435,87714,4.71048e-05,0,1,375702,375267,435
10296961,28.0798,28.24,435,87874,0.0400094,0,1,375730,375295,435
10299881,28.016,28.048,435,90794,0.00800188,0,1,375758,375323,435
10302801,28.0032,28.0096,435,93420,0.00960038,0,1,375786,375351,435
10305721,28.0006,28.0019,435,93420,0.00192008,0,1,375814,375379,435
10308641,28.8001,28.0004,436,93420,0.000384015,0,1,375843,375407,436
10311561,27.36,28.0001,435,93420,0.0160768,0,1,375870,375435,435
10314481,27.872,28,435,93420,0.00321536,0.01,1,375898,375463,435
10317401,27.9744,28,435,93420,0.000643072,0.02,1,375926,375491,435
10320321,26.3949,27.2,434,93420,0.000128614,0,1,375952,375518,434
10323241,26.879,26.24,435,93229,2.57229e-05,0.01,1,375979,375544,435
10326161,25.3758,26.048,434,93776,5.14458e-06,0,1,376004,375570,434
10329081,25.8752,26.0096,434,96696,0.00800103,0,1,376030,375596,434
10332001,25.975,26.0019,434,99347,0.00160021,0,1,376056,375622,434
10334921,25.995,26.0004,434,99347,0.000320041,0,1,376082,375648,434
10337841,25.999,26.0001,434,99347,0.00806401,0,1,376108,375674,434
10340761,25.9998,26,434,99347,0.0016128,0,1,376134,375700,434
10343681,26,26,434,99347,0.00032256,0,1,376160,375726,434
10346601,25.2,25.2,434,99347,6.45121e-05,0.02,1,376185,375751,434
10349521,23.44,24.24,433,99347,1.29024e-05,0,1,376208,375775,433
10352441,23.888,24.048,433,100129,2.58048e-06,0,1,376232,375799,433
10355361,23.9776,24.0096,433,103049,5.16096e-07,0,1,376256,375823,433
10358281,23.9955,24.0019,433,105749,1.03219e-07,0.01,1,376280,375847,433
10361201,23.9991,24.0004,433,105749,2.06439e-08,0,1,376304,375871,433
10364121,23.9998,24.0001,433,105749,4.12877e-09,0,1,376328,375895,433
10367041,24,24,433,105749,8.25754e-10,0,1,376352,375919,433
10369961,24,24,433,105749,0.008,0,1,376376,375943,433
10372881,24,24,433,105749,0.0256,0.01,1,376400,375967,433
10375801,25.6,24,435,108669,0.01312,0.05,1,376426,375991,435
10378721,21.92,24,432,111368,0.034624,0.01,1,376447,376015,432
10381641,21.984,22.4,432,111135,0.0549248,0.01,1,376469,376037,432
10384561,21.9968,22.08,432,111135,0.042985,0.01,1,376491,376059,432
10387481,22.7994,22.016,433,111135,0.016597,0.03,1,376514,376081,433
10390401,21.3599,22.0032,432,111135,0.0193194,0.01,1,376535,376103,432
10393321,21.872,22.0006,432,111135,0.00386388,0.01,1,376557,376125,432
10396241,22.7744,22.0001,433,111359,0.000772776,0.03,1,376580,376147,433
10399161,21.3549,22,432,114279,0.0241546,0.01,1,376601,376169,432
10402081,22.671,22,433,116978,0.00483091,0.03,1,376624,376191,433
10405001,21.3342,22,432,116978,0.000966182,0.01,1,376645,376213,432
10407921,21.8668,22,432,116978,0.00819324,0.01,1,376667,376235,432
10410841,21.9734,22,432,116978,0.00163865,0.01,1,376689,376257,432
10413761,21.9947,22,432,116978,0.000327729,0.01,1,376711,376279,432
10416681,22.7989,22,433,116978,6.55459e-05,0.03,1,376734,376301,433
10419601,22.1598,22,433,116978,1.31092e-05,0.03,1,376756,376323,433
10422521,22.032,22,433,116978,2.62183e-06,0.03,1,376778,376345,433
10425441,21.2064,22,432,116978,0.00800052,0.01,1,376799,376367,432
10428361,22.6413,22,433,117456,0.0016001,0.04,1,376822,376389,433
10431281,21.3283,22,432,120376,0.00832002,0,1,376843,376411,432
10434201,21.8657,20.4,434,123100,0.041664,0.05,1,376865,376431,434
10437121,19.5731,20.08,433,123100,0.0163328,0.04,1,376884,376451,433
10440041,19.9146,20.016,433,123100,0.0352666,0.04,1,376904,376471,433
10442961,19.1829,20.0032,432,123100,0.0390533,0.03,1,376923,376491,432
10445881,19.8366,20.0006,432,123100,0.0478107,0,1,376943,376511,432
10448801,19.1673,20.0001,431,123100,0.0335621,0,1,376962,376531,431
10451721,20.6335,20,432,122839,0.0387124,0.03,1,376983,376551,432
10454641,19.3267,20,431,122839,0.00774249,0,1,377002,376571,431
10457561,18.2653,19.2,430,123345,0.0015485,0,1,377020,376590,430
10460481,19.6531,18.24,432,126265,0.000309699,0.08,1,377040,376608,432
10463401,16.7306,18.048,430,128726,0.00806194,0,1,377056,376626,430
10466321,17.7461,18.0096,430,128726,0.0576124,0,1,377074,376644,430
10469241,17.9492,18.0019,430,128726,0.0115225,0,1,377092,376662,430
10472161,17.9898,18.0004,430,128726,0.0023045,0.01,1,377110,376680,430
10475081,18.798,18.0001,431,129260,0.0084609,0.04,1,377129,376698,431
10478001,17.3596,18,430,132180,0.00169218,0,1,377146,376716,430
10480921,17.8719,18,430,134929,0.00833844,0,1,377164,376734,430
10483841,17.9744,18,430,134929,0.00966769,0,1,377182,376752,430
10486761,18.7949,18,431,134929,0.0259335,0,1,377201,376770,431
10489681,17.359,18,430,134929,0.00518671,0,1,377218,376788,430
10492601,17.8718,18,430,137849,0.00103734,0,1,377236,376806,430
10495521,18.7744,18,431,140012,0.000207468,0.03,1,377255,376824,431
10498441,19.7549,18,433,140012,0.00804149,0.09,1,377275,376842,433
10501361,17.551,18,432,140012,0.0096083,0.05,1,377292,376860,432
10504281,17.9102,18,432,140012,0.00192166,0.05,1,377310,376878,432
10507201,17.982,18,432,140012,0.00838433,0.03,1,377328,376896,432
10510121,18.7964,18,433,140304,0.0336769,0.07,1,377347,376914,433
10513041,17.3593,18,432,140598,0.0147354,0.05,1,377364,376932,432
10515961,17.0719,18,431,143518,0.0269471,0.03,1,377381,376950,431
10518881,18.6144,18,432,146266,0.0133894,0.05,1,377400,376968,432
10521801,17.3229,18,431,146266,0.0106779,0.05,1,377417,376986,431
10524721,17.0646,18,430,146266,0.0421356,0.01,1,377434,377004,430
10527641,17.8129,18,430,146266,0.0164271,0,1,377452,377022,430
10530561,15.5626,16.4,429,146266,0.0112854,0.01,1,377467,377038,429
10533481,17.5125,16.08,431,145950,0.0102571,0.1,1,377485,377054,431
10536401,15.5025,16.016,430,145950,0.0260514,0.01,1,377500,377070,430
10539321,15.1005,16.0032,429,145950,0.0132103,0,1,377515,377086,429
10542241,15.8201,16.0006,429,146566,0.0266421,0.01,1,377531,377102,429
10545161,16.764,16.0001,430,147187,0.0133284,0,1,377548,377118,430
10548081,15.3528,16,429,150107,0.0426657,0,1,377563,377134,429
10551001,15.8706,16,429,152894,0.00853314,0.01,1,377579,377150,429
10553921,16.7741,16,430,152894,0.00970663,0.01,1,377596,377166,430
10556841,16.1548,16,430,152894,0.00994133,0,1,377612,377182,430
10559761,15.231,16,429,152894,0.00198826,0.03,1,377627,377198,429
10562681,17.4462,16,431,152894,0.000397653,0,1,377645,377214,431
10565601,14.6892,16,429,152894,7.95306e-05,0,1,377659,377230,429
10568521,15.7378,16,429,152894,0.0240159,0.03,1,377675,377246,429
10571441,17.5476,16,431,155814,0.0368032,0.04,1,377693,377262,431
10574361,15.5095,16,430,157928,0.0313606,0.01,1,377708,377278,430
10577281,16.7019,16,431,157928,0.0542721,0.01,1,377725,377294,431
10580201,15.3404,16,430,157928,0.0508544,0.05,1,377740,377310,430
10583121,16.6681,16,431,157928,0.0421709,0.05,1,377757,377326,431
10586041,16.1336,16,431,157928,0.0404342,0.03,1,377773,377342,431
10588961,15.2267,16,430,157928,0.0960868,0.03,1,377788,377358,430
10591881,15.0453,15.2,430,157928,0.0832174,0.03,1,377803,377373,430
10594801,14.2091,14.24,430,160848,0.136643,0.03,1,377817,377387,430
10597721,13.2418,14.048,429,162916,0.115329,0.03,1,377830,377401,429
10600641,15.4484,14.0096,431,162916,0.143066,0.09,1,377846,377415,431
10603561,11.8897,14.0019,428,162916,0.132613,0.01,1,377857,377429,428
10606481,13.5779,14.0004,428,163599,0.130523,0.01,1,377871,377443,428
10609401,13.9156,14.0001,428,166519,0.0741045,0.01,1,377885,377457,428
10612321,14.7831,14,429,169280,0.0388209,0.05,1,377900,377471,429
10615241,13.3566,14,428,169280,0.0397642,0.05,1,377913,377485,428
10618161,13.8713,14,428,169280,0.0399528,0.01,1,377927,377499,428
10621081,14.7743,14,429,169280,0.0159906,0.01,1,377942,377513,429
10624001,13.3549,14,428,169280,0.0271981,0.01,1,377955,377527,428
10626921,14.671,14,429,169280,0.00543962,0.05,1,377970,377541,429
10629841,14.1342,14,429,169642,0.00908792,0.01,1,377984,377555,429
10632761,13.2268,14,428,172562,0.0338176,0.01,1,377997,377569,428
10635681,13.8454,14,428,175336,0.00676352,0.01,1,378011,377583,428
10638601,13.9691,14,428,175336,0.0013527,0.01,1,378025,377597,428
10641521,13.9938,14,428,175336,0.0242705,0.01,1,378039,377611,428
10644441,13.9988,14,428,175336,0.0128541,0.01,1,378053,377625,428
10647361,13.9998,14,428,175336,0.00257082,0.01,1,378067,377639,428
10650281,14.8,14,429,175336,0.000514164,0.03,1,378082,377653,429
10653201,13.36,14,428,176091,0.000102833,0.01,1,378095,377667,428
10656121,13.872,14,428,179011,2.05666e-05,0.03,1,378109,377681,428
10659041,13.9744,14,428,181811,0.0240041,0.03,1,378123,377695,428
10661961,17.1949,14,432,181811,0.0528008,0.06,1,378141,377709,432
10664881,13.039,14,430,181811,0.0425602,0,1,378153,377723,430
10667801,12.2078,14,428,181811,0.040512,0.01,1,378165,377737,428
10670721,14.4416,14,429,181811,0.0161024,0.05,1,378180,377751,429
10673641,15.6883,14,431,181811,0.0352205,0.09,1,378196,377765,431
10676561,15.1377,14,432,184731,0.0630441,0.13,1,378211,377779,432
10679481,15.8275,14,434,186322,0.0926088,0.13,1,378227,377793,434
10682401,14.3655,14,434,186322,0.0665218,0.15,1,378241,377807,434
10685321,14.8731,14,435,186322,0.0773044,0.17,1,378256,377821,435
10688241,14.1746,14,435,186322,0.0954609,0.15,1,378270,377835,435
10691161,13.2349,14,434,186322,0.0990922,0.15,1,378283,377849,434
10694081,9.04698,14,428,186322,0.107818,0.06,1,378291,377863,428
10697001,12.2094,14,427,186322,0.0855637,0.05,1,378304,377877,427
10699921,12.0419,12.4,427,185911,0.105113,0.06,1,378316,377889,427
10702841,12.8084,12.08,428,185911,0.0450226,0.05,1,378329,377901,428
10705761,11.3617,12.016,427,185911,0.0170045,0.05,1,378340,377913,427
10708681,11.8723,12.0032,427,185911,0.0274009,0.01,1,378352,377925,427
10711601,11.9745,12.0006,427,186311,0.0774802,0.04,1,378364,377937,427
10714521,11.9949,12.0001,427,187117,0.039496,0.01,1,378376,377949,427
10717441,11.999,12,427,188339,0.0158992,0.01,1,378388,377961,427
10720361,11.9998,12,427,191259,0.0111798,0.03,1,378400,377973,427
10723281,12,12,427,194085,0.026236,0.04,1,378412,377985,427
10726201,12,12,427,194085,0.0132472,0.03,1,378424,377997,427
10729121,12,12,427,194085,0.0346494,0.03,1,378436,378009,427
10732041,12,12,427,194085,0.00692989,0.01,1,378448,378021,427
10734961,12,12,427,194085,0.049386,0.04,1,378460,378033,427
10737881,12,12,427,194085,0.0098772,0.01,1,378472,378045,427
10740801,12.8,12,428,197005,0.0339754,0.01,1,378485,378057,428
10743721,11.36,12,427,199395,0.0147951,0.01,1,378496,378069,427
10746641,11.872,12,427,199395,0.034959,0.04,1,378508,378081,427
10749561,11.9744,12,427,199395,0.0389918,0.01,1,378520,378093,427
10752481,11.9949,12,427,199395,0.0397984,0.01,1,378532,378105,427
10755401,12.799,12,428,199395,0.0159597,0.03,1,378545,378117,428
10758321,12.1598,12,428,199395,0.0591919,0.07,1,378557,378129,428
10761241,12.832,12,429,202315,0.0198384,0.06,1,378570,378141,429
10764161,10.5664,12,427,204681,0.0519677,0.05,1,378580,378153,427
10767081,12.5133,12,428,204681,0.0183935,0.06,1,378593,378165,428
10770001,11.3027,12,427,204681,0.0276787,0.08,1,378604,378177,427
10772921,13.4605,12,429,204681,0.0135357,0.1,1,378618,378189,429
10775841,13.0921,12,430,207601,0.0667071,0.08,1,378631,378201,430
10778761,13.0184,12,431,209032,0.0693414,0.13,1,378644,378213,431
10781681,10.6037,12,429,209032,0.0698683,0.09,1,378654,378225,429
10784601,14.1207,12,432,209032,0.0539737,0.11,1,378669,378237,432
10787521,10.8241,12,430,209032,0.106795,0.11,1,378679,378249,430
10790441,13.3648,12,432,211952,0.133359,0.15,1,378693,378261,432
10793361,12.273,12,432,213325,0.138672,0.15,1,378705,378273,432
10796281,12.0546,12,432,213325,0.155734,0.15,1,378717,378285,432
10799201,11.2109,12,431,213325,0.151147,0.11,1,378728,378297,431
10802121,10.2422,12,429,216245,0.150229,0.12,1,378738,378309,429
10805041,10.0484,12,427,217068,0.150046,0.01,1,378748,378321,427
10807961,11.6097,12,427,217068,0.126009,0.01,1,378760,378333,427
10810881,13.5219,12,429,217068,0.0492018,0.08,1,378774,378345,429
10813801,11.5044,12,428,217068,0.00984037,0.07,1,378785,378357,428
10816721,11.1009,12,427,217068,0.0339681,0.01,1,378796,378369,427
10819641,12.6202,12,428,217068,0.0387936,0.01,1,378809,378381,428
10822561,11.324,12,427,217068,0.0397587,0.01,1,378820,378393,427
10825481,9.46481,10.4,426,217068,0.0319517,0.04,1,378829,378403,426
10828401,10.693,10.08,427,216584,0.0223903,0.03,1,378840,378413,427
10831321,9.33859,10.016,426,216584,0.0284781,0.01,1,378849,378423,426
10834241,9.86772,10.0032,426,216584,0.0136956,0.01,1,378859,378433,426
10837161,11.5735,10.0006,428,216584,0.00273912,0.05,1,378871,378443,428
10840081,8.71471,10.0001,426,216584,0.0245478,0.01,1,378879,378453,426
10843001,9.74294,10,426,219504,0.0289096,0.01,1,378889,378463,426
10845921,10.7486,10,427,221829,0.00578191,0.07,1,378900,378473,427
10848841,9.34972,10,426,221829,0.0251564,0.03,1,378909,378483,426
10851761,10.6699,10,427,221829,0.00503128,0.01,1,378920,378493,427
10854681,10.134,10,427,221829,0.00100626,0.03,1,378930,378503,427
10857601,9.2268,10,426,222316,0.0242013,0.03,1,378939,378513,426
10860521,9.84536,10,426,225236,0.0128403,0.05,1,378949,378523,426
10863441,10.7691,10,427,228049,0.00256805,0.03,1,378960,378533,427
10866361,11.7538,10,429,228049,0.00051361,0.01,1,378972,378543,429
10869281,7.95076,10,426,228049,0.0161027,0.04,1,378979,378553,426
10872201,11.1902,10,428,228049,0.0112205,0.1,1,378991,378563,428
10875121,9.43803,10,427,230969,0.0262441,0.03,1,379000,378573,427
10878041,9.88761,10,427,233267,0.0372488,0.05,1,379010,378583,427
10880961,11.5775,10,429,233267,0.0154498,0.05,1,379022,378593,429
10883881,7.9155,10,426,233267,0.03509,0.06,1,379029,378603,426
10886801,11.9831,10,429,233267,0.047018,0.05,1,379042,378613,429
10889721,11.1966,10,430,233267,0.0894036,0.11,1,379053,378623,430
10892641,8.63932,10,428,236187,0.0578807,0.1,1,379061,378633,428
10895561,10.5279,10,429,237419,0.0275761,0.09,1,379072,378643,429
10898481,9.30557,10,428,237419,0.0295152,0.05,1,379081,378653,428
10901401,12.2611,10,431,237939,0.029903,0.05,1,379094,378663,431
10904321,10.4522,10,431,240859,0.0539806,0.11,1,379104,378673,431
10907241,8.49044,10,429,243632,0.0107961,0.16,1,379112,378683,429
10910161,12.0981,10,432,243632,0.0581592,0.11,1,379125,378693,432
10913081,11.2196,10,433,243632,0.0596318,0.13,1,379136,378703,433
10916001,11.8439,10,435,243632,0.0599264,0.18,1,379148,378713,435
10918921,8.76878,10,433,243632,0.0999853,0.18,1,379156,378723,433
10921841,9.75376,10,433,243632,0.0759971,0.18,1,379166,378733,433
10924761,9.15075,10,432,243632,0.0791994,0.16,1,379175,378743,432
10927681,7.43015,10,429,243632,0.0798399,0.08,1,379182,378753,429
10930601,7.08603,10,426,246552,0.087968,0.05,1,379189,378763,426
10933521,10.2172,10,427,249325,0.0815936,0.03,1,379200,378773,427
10936441,10.0434,10,427,249325,0.0163187,0.05,1,379210,378783,427
10939361,10.0087,10,427,249874,0.0272637,0.07,1,379220,378793,427
10942281,10.0017,10,427,250425,0.0454527,0.03,1,379230,378803,427
10945201,10.0003,10,427,253345,0.0650905,0.01,1,379240,378813,427
10948121,10.0001,10,427,256144,0.0210181,0.03,1,379250,378823,427
10951041,10,10,427,256144,0.00420362,0.05,1,379260,378833,427
10953961,9.2,10,426,256144,0.00884072,0.07,1,379269,378843,426
10956881,9.84,10,426,256144,0.00176814,0.03,1,379279,378853,426
10959801,10.768,10,427,256144,0.000353629,0.03,1,379290,378863,427
10962721,10.1536,10,427,256144,0.0480707,0.01,1,379300,378873,427
10965641,9.23072,10,426,256144,0.0176141,0.03,1,379309,378883,426
10968561,10.6461,10,427,256144,0.00352283,0.03,1,379320,378893,427
10971481,9.32923,10,426,256144,0.0167046,0.03,1,379329,378903,426
10974401,9.86585,10,426,256144,0.00334091,0.01,1,379339,378913,426
10977321,10.7732,10,427,256144,0.0166682,0.03,1,379350,378923,427
10980241,9.35463,10,426,256144,0.0113336,0.01,1,379359,378933,426
10983161,9.87093,10,426,256144,0.00226673,0.01,1,379369,378943,426
10986081,10.7742,10,427,256144,0.00845334,0.05,1,379380,378953,427
10989001,9.35484,10,426,256144,0.0336907,0.05,1,379389,378963,426
10991921,10.671,10,427,256144,0.00673813,0.01,1,379400,378973,427
10994841,10.1342,10,427,256144,0.00134763,0.04,1,379410,378983,427
10997761,10.0268,10,427,256144,0.0322695,0.02,1,379420,378993,427
11000681,7.60537,8.4,426,256144,0.0464539,0.05,1,379427,379001,426
11003601,7.92107,8.08,426,256144,0.0172908,0.07,1,379435,379009,426
11006521,8.78421,8.016,427,256144,0.0674582,0.06,1,379444,379017,427
11008401,7.35684,8.0032,426,259064,0.0534916,0.05,1,379451,379025,426
11011321,5.47137,5.60064,426,260944,0.0426983,0.07,1,379456,379030,426
11014241,9.89427,7.52013,429,263317,0.0325397,0.06,1,379467,379038,429
11016101,9.17885,7.90403,430,263317,0.0225079,0.09,1,379476,379046,430
11019021,6.63577,9.58081,426,263317,0.0205016,0.09,1,379482,379056,426
11021301,9.32715,8.31616,428,263317,0.0601003,0.04,1,379492,379064,428
11024221,9.86543,9.66323,428,263317,0.0920201,0.06,1,379502,379074,428
11027141,8.37309,8.33265,428,263317,0.138404,0.07,1,379510,379082,428
11029201,7.27462,8.06653,427,263317,0.179681,0.07,1,379517,379090,427
11032121,11.8549,12.0133,427,263317,0.163936,0.01,1,379530,379103,427
11035041,9.57098,8.80266,428,263317,0.184787,0.07,1,379539,379111,428
11037521,9.1142,8.16053,429,263317,0.172957,0.11,1,379548,379119,429
11040441,13.0228,13.6321,428,265389,0.130591,0.09,1,379562,379134,428
11043361,11.4046,9.12642,431,265389,0.162118,0.11,1,379573,379142,431
11045221,9.48091,8.22528,432,265389,0.168424,0.13,1,379582,379150,432
11048141,9.09618,12.0451,428,265389,0.161685,0.07,1,379591,379163,428
11051061,9.01924,8.80901,429,265389,0.144337,0.11,1,379600,379171,429
11053981,9.80385,8.1618,431,265389,0.164867,0.09,1,379610,379179,431
11056661,8.36077,8.03236,431,265389,0.200973,0.08,1,379618,379187,431
11059581,8.07215,12.0065,426,265389,0.160195,0.03,1,379626,379200,426
11062501,7.21443,8.80129,425,265389,0.144039,0.06,1,379633,379208,425
11065421,8.64289,8.16026,426,264790,0.132808,0.01,1,379642,379216,426
11068341,9.72858,8.03205,428,264790,0.114562,0.05,1,379652,379224,428
11071261,5.94572,8.00641,425,264790,0.126912,0.09,1,379657,379232,425
11074181,8.38914,8.00128,426,264790,0.105382,0.01,1,379666,379240,426
11076001,7.27783,8.00026,425,264790,0.101076,0,1,379673,379248,425
11078921,11.8556,11.2001,426,264790,0.0202153,0.01,1,379686,379260,426
11080581,5.57111,8.64001,422,264790,0.0360431,0,1,379690,379268,422
11083501,7.51422,5.728,425,264191,0.0152086,0.03,1,379698,379273,425
11085781,8.70284,7.5456,426,265684,0.0110417,0,1,379707,379281,426
11088701,9.74057,8.70912,427,265684,0.0102083,0.05,1,379717,379290,427
11090561,5.94811,8.14182,424,265684,0.00204167,0.03,1,379722,379298,424
11093481,9.18962,8.82836,425,265684,0.0404083,0.01,1,379732,379307,425
11095761,9.03792,8.16567,426,265684,0.00808167,0.01,1,379741,379315,426
11098681,6.60759,6.43313,426,265684,0.00161633,0.04,1,379747,379321,426
11100341,8.52152,7.68663,427,265684,0.0163233,0.01,1,379756,379329,427
11102001,7.3043,8.73733,425,265684,0.00326465,0.02,1,379763,379338,425
11104921,7.86086,7.34746,426,266084,0.000652931,0.02,1,379771,379345,426
11106581,11.9722,7.86949,431,266084,0.00813059,0.01,1,379784,379353,431
11109501,7.19443,11.1739,425,266084,0.00162612,0.03,1,379790,379365,425
11112421,8.63889,8.63478,426,266084,0.000325223,0.01,1,379799,379373,426
11114901,7.32778,8.12696,425,266084,6.50447e-05,0.05,1,379806,379381,425
11117821,7.86556,7.22539,426,266084,0.016013,0.04,1,379814,379388,426
11119681,6.37311,7.84508,424,266084,0.0272026,0.04,1,379820,379396,424
11122601,9.27462,7.96902,426,266084,0.00544052,0.01,1,379830,379404,426
11124261,8.25492,7.9938,426,267735,0.0090881,0.05,1,379838,379412,426
11126341,14.451,7.19876,435,267735,0.0418176,0.03,1,379854,379419,435
11129261,10.0902,15.0398,427,268155,0.0323635,0.08,1,379863,379436,427
11132181,7.61804,9.40795,426,268155,0.0144727,0.03,1,379870,379444,426
11135101,7.92361,8.28159,426,268155,0.0108945,0.05,1,379878,379452,426
11138021,8.78472,8.05632,427,268155,0.0341789,0.08,1,379887,379460,427
11140941,8.15694,8.01126,427,268155,0.0868358,0.02,1,379895,379468,427
11143861,8.83139,8.00225,428,268155,0.0733671,0.1,1,379904,379476,428
11146721,10.5663,8.00045,431,268155,0.0386734,0.11,1,379915,379484,431
11149641,11.7133,9.60009,433,268155,0.0637347,0.14,1,379927,379494,433
11152561,7.94265,8.32002,432,268155,0.0847469,0.16,1,379934,379502,432
11155041,6.38853,8.064,430,268155,0.104949,0.16,1,379940,379510,430
11157961,10.8777,8.8128,433,268155,0.10899,0.13,1,379952,379519,433
11160241,9.37554,8.16256,434,268155,0.109798,0.19,1,379961,379527,434
11162321,8.27511,9.63251,432,268155,0.10196,0.17,1,379969,379537,432
11165241,11.255,10.7265,433,268155,0.172392,0.14,1,379981,379548,433
11166901,8.651,8.5453,433,268155,0.178478,0.16,1,379989,379556,433
11169821,8.9302,8.90906,433,268155,0.147696,0.17,1,379998,379565,433
11172741,8.98604,8.18181,434,268155,0.213539,0.18,1,380007,379573,434
11175221,11.3972,8.03636,438,268155,0.274708,0.16,1,380019,379581,438
11177301,7.87944,12.8073,431,268155,0.278942,0.17,1,380026,379595,431
11180221,9.57589,7.36145,435,268155,0.247788,0.19,1,380036,379601,435
11183141,5.91518,7.87229,432,268155,0.265558,0.22,1,380041,379609,432
11185621,8.38304,7.97446,433,268155,0.237112,0.17,1,380050,379617,433
11187281,6.47661,8.79489,430,268155,0.247422,0.14,1,380056,379626,430
11190201,6.89532,7.35898,430,268155,0.257484,0.13,1,380063,379633,430
11193121,7.77906,7.8718,430,268155,0.251497,0.13,1,380071,379641,430
11196041,7.95581,7.97436,430,268155,0.290299,0.14,1,380079,379649,430
11198961,7.99116,7.99487,430,268155,0.26606,0.11,1,380087,379657,430
11201881,5.59823,7.99897,427,268155,0.261212,0.1,1,380092,379665,427
11204801,5.91965,7.99979,425,268155,0.212242,0.03,1,380098,379673,425
11207041,7.58393,7.99996,425,268155,0.178448,0.01,1,380106,379681,425
11209961,6.31679,6.39999,425,268266,0.17969,0.02,1,380112,379687,425
11212661,10.8634,7.68,429,268585,0.131938,0.02,1,380124,379695,429
11215581,7.77267,10.336,425,268585,0.0503876,0.02,1,380131,379706,425
11217861,16.7545,8.4672,436,268585,0.0100775,0.03,1,380150,379714,436
11220781,10.5509,16.8934,426,268585,0.0100155,0,1,380159,379733,426
11223681,8.51018,9.77869,426,268585,0.0100031,0.01,1,380167,379741,426
11226601,11.302,12.3557,425,268585,0.0100006,0.01,1,380179,379754,425
11229521,8.66041,8.87115,425,268585,0.00200012,0,1,380187,379762,425
11232441,8.93208,8.17423,426,268585,0.000400025,0.03,1,380196,379770,426
11235121,8.18642,8.03485,426,268585,0.00808,0.04,1,380204,379778,426
11238041,12.8373,13.607,425,268585,0.017616,0.01,1,380218,379793,425
11240961,8.96746,9.12139,425,268585,0.0035232,0.01,1,380226,379801,425
11243881,8.19349,8.22428,425,268585,0.00870464,0,1,380234,379809,425
11246801,8.8387,8.04486,426,268585,0.00174093,0,1,380243,379817,426
11249721,7.36774,8.00897,425,268585,0.0483482,0.04,1,380250,379825,425
11252181,9.47355,8.00179,427,268585,0.00966964,0,1,380260,379833,427
11254881,9.89471,9.60036,427,268585,0.0339339,0.05,1,380270,379843,427
11256961,15.5789,16.3201,426,268634,0.0147868,0.05,1,380287,379861,426
11259881,15.1158,14.464,427,268634,0.0829574,0.01,1,380302,379875,427
11262801,10.2232,9.2928,428,268634,0.0885915,0.09,1,380311,379883,428
11265281,8.44463,8.25856,428,268634,0.0977183,0.09,1,380319,379891,428
11268201,9.68893,10.4517,427,268634,0.0995437,0.08,1,380329,379902,427
11271121,9.13779,8.49034,428,268634,0.0999087,0.07,1,380338,379910,428
11274041,9.02756,8.09807,429,268634,0.147982,0.09,1,380347,379918,429
11276961,9.80551,8.01961,431,268634,0.125596,0.13,1,380357,379926,431
11279221,8.3611,8.00392,431,268634,0.145119,0.15,1,380365,379934,431
11282141,7.27222,6.40078,432,268634,0.117024,0.15,1,380372,379940,432
11285061,6.25444,7.68016,430,268634,0.111405,0.14,1,380378,379948,430
11287541,11.6509,7.93603,435,268634,0.150281,0.14,1,380391,379956,435
11290461,10.3302,10.3872,434,268634,0.134056,0.16,1,380401,379967,434
11293361,7.66604,8.47744,433,268634,0.122811,0.21,1,380408,379975,433
11296281,10.3332,9.69549,434,268634,0.120562,0.18,1,380419,379985,434
11298981,14.0666,8.3391,441,268634,0.0801124,0.24,1,380434,379993,441
11300641,8.41333,10.4678,437,268634,0.104022,0.29,1,380441,380004,437
11303561,12.0827,10.8936,439,268634,0.252805,0.29,1,380454,380015,439
11305221,5.61653,8.57871,435,268634,0.290561,0.31,1,380458,380023,435
11307301,10.7233,7.31574,440,268634,0.346112,0.28,1,380470,380030,440
11309381,8.54466,9.46315,438,268634,0.389222,0.25,1,380478,380040,438
11312301,9.70893,9.09263,439,268634,0.373845,0.26,1,380488,380049,439
11315221,8.34179,8.21853,439,268634,0.450769,0.28,1,380496,380057,439
11318141,8.86836,8.04371,440,268634,0.474154,0.33,1,380505,380065,440
11321061,6.57367,8.00874,438,268634,0.502831,0.31,1,380511,380073,438
11323521,6.11473,8.00175,436,268634,0.500566,0.29,1,380517,380081,436
11326441,6.82295,7.20035,436,268634,0.500113,0.21,1,380524,380088,436
11328101,3.76459,7.84007,431,268634,0.516023,0.22,1,380527,380096,431
11331021,4.75292,5.56801,431,268634,0.495205,0.19,1,380532,380101,431
11333941,6.55058,7.5136,430,268634,0.451041,0.18,1,380539,380109,430
11336861,4.51012,7.90272,426,268634,0.426208,0.11,1,380543,380117,426
11339781,7.30202,7.98054,426,268634,0.421242,0.03,1,380551,380125,426
11342701,7.0604,7.99611,425,268634,0.404248,0.04,1,380558,380133,425
11344741,7.01208,7.99922,424,268634,0.36085,0.03,1,380565,380141,424
11346401,7.00242,6.39984,425,268634,0.31217,0.04,1,380572,380147,425
11348481,7.80048,7.67997,425,268634,0.246434,0.02,1,380580,380155,425
11351401,7.1601,6.33599,426,268634,0.201287,0.02,1,380587,380161,426
11353061,7.83202,7.6672,426,268634,0.160257,0.01,1,380595,380169,426
11355981,7.9664,7.93344,426,268634,0.120051,0.02,1,380603,380177,426
11358261,7.99328,7.98669,426,268634,0.0640103,0.03,1,380611,380185,426
11359921,7.99866,8.79734,425,268634,0.0448021,0.01,1,380619,380194,425
11362841,7.99973,7.35947,426,268834,0.0249604,0.02,1,380627,380201,426
11365761,7.99995,7.87189,426,268834,0.0209921,0.03,1,380635,380209,426
11367621,5.59999,7.97438,423,268834,0.00419842,0.01,1,380640,380217,423
11369701,9.92,5.59488,429,268834,0.0328397,0.02,1,380651,380222,429
11371361,6.784,9.91898,424,268834,0.0545679,0.03,1,380657,380233,424
11374281,6.1568,5.98379,425,268834,0.0829136,0.01,1,380663,380238,425
11377201,7.63136,7.59676,425,268834,0.0565827,0.05,1,380671,380246,425
11379061,9.52627,7.91935,427,268834,0.0753165,0.03,1,380681,380254,427
11381981,7.50525,8.78387,425,268834,0.0310633,0.03,1,380688,380263,425
11384261,11.9011,8.15677,430,268834,0.0382127,0.02,1,380701,380271,430
11385921,9.58021,10.4314,428,268834,0.00764253,0.11,1,380710,380282,428
11388001,13.116,11.6863,430,268834,0.00952851,0.1,1,380724,380294,430
11390081,12.2232,12.7373,429,268834,0.0499057,0.11,1,380736,380307,429
11393001,10.4446,9.74745,430,268834,0.0339811,0.1,1,380746,380316,430
11395921,10.0889,8.34949,432,268834,0.0307962,0.13,1,380756,380324,432
11397781,9.21779,8.0699,433,268834,0.0381592,0.13,1,380765,380332,433
11399861,9.84356,8.81398,434,268834,0.0316318,0.18,1,380775,380341,434
11401521,7.56871,9.7628,431,268834,0.0623264,0.19,1,380782,380351,431
11404441,7.11374,8.35256,430,268834,0.0844653,0.14,1,380789,380359,430
11407361,7.82275,8.07051,430,268834,0.120893,0.13,1,380797,380367,430
11410281,10.3645,8.0141,433,268834,0.144179,0.17,1,380808,380375,433
11412961,6.07291,8.00282,430,268834,0.124836,0.2,1,380813,380383,430
11415881,8.41458,7.20056,432,268834,0.160967,0.16,1,380822,380390,432
11417541,8.88292,7.84011,433,268834,0.208193,0.13,1,380831,380398,433
11420461,8.97658,10.368,431,268834,0.177639,0.11,1,380840,380409,431
11423381,5.79532,8.4736,428,268834,0.171528,0.12,1,380845,380417,428
11425861,9.95906,8.09472,431,268834,0.242306,0.07,1,380856,380425,431
11427941,20.3918,8.81894,445,268834,0.240461,0.32,1,380879,380434,445
11430861,11.2784,12.1638,441,268834,0.216092,0.31,1,380888,380447,441
11433761,9.45567,8.83276,442,268834,0.155218,0.38,1,380897,380455,442
11435841,9.89113,8.16655,444,268834,0.127044,0.4,1,380907,380463,444
11438761,20.3782,16.0333,449,268834,0.169409,0.41,1,380930,380481,449
11441461,9.67564,9.60666,448,268834,0.177882,0.47,1,380937,380489,448
11443121,9.13513,7.52133,450,268834,0.211576,0.47,1,380946,380496,450
11446041,6.62703,5.50427,451,268834,0.250315,0.48,1,380952,380501,451
11448321,6.92541,7.50085,450,268834,0.298063,0.52,1,380959,380509,450
11451241,7.78508,6.30017,452,268834,0.267613,0.51,1,380967,380515,452
11454161,4.75702,7.66003,448,268834,0.261523,0.5,1,380971,380523,448
11456021,4.9514,7.93201,445,268834,0.276304,0.46,1,380976,380531,445
11458941,8.19028,7.9864,446,268834,0.327261,0.42,1,380985,380539,446
11461861,5.63806,7.99728,443,268834,0.337452,0.44,1,380990,380547,443
11464781,5.92761,7.99946,441,268834,0.37949,0.38,1,380996,380555,441
11467701,4.38552,7.99989,437,268834,0.371898,0.33,1,381000,380563,437
11470621,5.6771,7.99998,435,268834,0.32238,0.26,1,381006,380571,435
11473541,5.93542,8,433,268834,0.280476,0.19,1,381012,380579,433
11476461,5.98708,8,431,268834,0.256095,0.15,1,381018,380587,431
11479381,5.19742,8,428,268834,0.267219,0.11,1,381023,380595,428
11482301,5.83948,8,426,268834,0.277444,0.05,1,381029,380603,426
11485221,7.5679,8,426,268834,0.271489,0.04,1,381037,380611,426
11488141,7.91358,8,426,268834,0.238298,0.02,1,381045,380619,426
11490961,7.98272,8,426,268834,0.21566,0.02,1,381053,380627,426
11493881,7.99654,8,426,268834,0.179132,0.03,1,381061,380635,426
11496801,11.1993,8,430,268834,0.155826,0.04,1,381073,380643,430
11499701,10.2399,8,432,268834,0.159165,0.08,1,381083,380651,432
11502621,10.048,12,429,268834,0.151833,0.06,1,381093,380664,429
11504481,6.00959,8.8,426,268834,0.142367,0.08,1,381098,380672,426
11507401,7.60192,8.16,426,268834,0.116473,0.04,1,381106,380680,426
11510321,7.12038,8.032,425,268834,0.127295,0.04,1,381113,380688,425
11512801,8.62408,8.0064,426,268834,0.0654589,0.03,1,381122,380696,426
11514881,6.52482,7.20128,425,268834,0.0530918,0.01,1,381128,380703,425
11517801,19.705,18.2403,427,268834,0.0506184,0.03,1,381151,380724,427
11520501,11.941,10.0481,429,268834,0.114124,0.07,1,381161,380732,429
11522581,15.1882,10.8096,434,268834,0.198825,0.05,1,381177,380743,434
11524661,7.03764,12.5619,426,268834,0.199765,0.05,1,381182,380756,426
11526321,9.40753,9.71238,427,268834,0.215953,0.05,1,381192,380765,427
11528401,11.4815,9.14248,430,268834,0.195191,0.07,1,381204,380774,430
11530481,7.8963,6.6285,431,268834,0.175038,0.14,1,381211,380780,431
11533401,9.57926,9.3257,431,268834,0.179008,0.16,1,381221,380790,431
11536101,9.91585,8.26514,433,268834,0.195802,0.18,1,381231,380798,433
11537761,9.98317,9.65303,433,268834,0.15116,0.11,1,381241,380808,433
11540681,9.99663,8.33061,435,268834,0.166232,0.2,1,381251,380816,435
11543601,6.79933,8.06612,433,268834,0.201246,0.23,1,381257,380824,433
11546081,8.55987,8.01322,434,268834,0.224249,0.19,1,381266,380832,434
11548161,9.71197,7.20264,437,268834,0.26085,0.26,1,381276,380839,437
11551081,13.1424,12.6405,437,268834,0.32417,0.24,1,381290,380853,437
11554001,9.82848,8.92811,438,268834,0.312834,0.27,1,381299,380861,438
11556481,7.5657,8.18562,437,268834,0.278567,0.25,1,381306,380869,437
11558561,9.51314,13.6371,432,268834,0.255713,0.14,1,381316,380884,432
11561481,14.7026,13.1274,435,268834,0.235143,0.15,1,381332,380897,435
11563141,10.1405,9.02548,436,268834,0.255029,0.23,1,381341,380905,436
11566061,6.82811,9.0051,433,268834,0.283006,0.22,1,381347,380914,433
11568341,18.9656,8.20102,447,268834,0.344601,0.21,1,381369,380922,447
11570421,10.9931,16.8402,437,268834,0.37292,0.25,1,381378,380941,437
11573341,9.39863,8.16804,440,268834,0.394584,0.28,1,381387,380947,440
11575621,6.67973,8.03361,438,268834,0.390917,0.27,1,381393,380955,438
11577701,8.53595,8.00672,439,268834,0.430183,0.26,1,381402,380963,439
11579361,8.10719,6.40134,441,268834,0.438037,0.28,1,381410,380969,441
11582281,8.02144,6.88027,442,268834,0.471607,0.35,1,381418,380976,442
11585201,8.00429,7.77605,442,268834,0.478321,0.36,1,381426,380984,442
11588101,8.80086,7.95521,443,268834,0.487664,0.36,1,381435,380992,443
11591021,6.56017,9.59104,439,268834,0.457533,0.29,1,381441,381002,439
11593941,7.71203,8.31821,439,268834,0.435507,0.27,1,381449,381010,439
11596861,6.34241,8.06364,437,268834,0.423101,0.27,1,381455,381018,437
11599781,7.66848,8.01273,437,268834,0.40462,0.28,1,381463,381026,437
11602701,7.1337,8.00255,436,268834,0.424924,0.26,1,381470,381034,436
11605621,7.02674,8.00051,435,268834,0.388985,0.23,1,381477,381042,435
11608541,7.00535,8.0001,434,268834,0.365797,0.19,1,381484,381050,434
11611461,5.40107,8.00002,431,268834,0.377159,0.17,1,381489,381058,431
11614381,8.28021,8,432,268834,0.403432,0.11,1,381498,381066,432
11617301,8.05604,8,432,268834,0.392686,0.17,1,381506,381074,432
11620221,8.01121,8,432,268834,0.374537,0.13,1,381514,381082,432
11623141,5.60224,8,429,268834,0.354907,0.16,1,381519,381090,429
11626061,9.12045,8,431,268834,0.382981,0.11,1,381529,381098,431
11628981,5.82409,8,428,268834,0.372596,0.12,1,381534,381106,428
11631901,6.76482,8,427,268834,0.386519,0.05,1,381541,381114,427
11634821,6.15296,8,425,268834,0.397304,0.03,1,381547,381122,425
11637741,10.8306,8,429,268834,0.359461,0.05,1,381559,381130,429
11640661,7.76612,8,428,268834,0.375892,0.07,1,381566,381138,428
11643581,10.3532,8,431,268834,0.323178,0.09,1,381577,381146,431
11646501,10.0706,8,433,268834,0.280636,0.15,1,381587,381154,433
11648001,9.21413,8,434,268834,0.336127,0.21,1,381596,381162,434
11650921,7.44283,7.2,434,268834,0.395225,0.22,1,381603,381169,434
11652581,11.8886,7.84,439,268834,0.503045,0.23,1,381616,381177,439
11655281,10.3777,12.768,435,268834,0.572609,0.23,1,381626,381191,435
11657361,10.0755,10.5536,435,268834,0.594522,0.19,1,381636,381201,435
11660281,10.0151,11.7107,433,268834,0.590904,0.2,1,381646,381213,433
11662981,10.803,8.74214,436,268834,0.630181,0.18,1,381657,381221,436
11665901,10.9606,11.3484,435,268834,0.686036,0.14,1,381668,381233,435
11668801,7.79212,8.66969,434,268834,0.697207,0.18,1,381675,381241,434
11670881,12.7584,12.1339,435,268834,0.691441,0.21,1,381689,381254,435
11673801,12.1517,10.4268,437,268834,0.722288,0.28,1,381701,381264,437
11675461,10.4303,8.48536,439,268834,0.800458,0.26,2,381711,381272,439
11677121,7.68607,7.29707,439,268834,0.840092,0.34,2,381718,381279,439
11680041,8.73721,10.2594,437,268834,0.832018,0.34,2,381727,381290,437
11682741,17.7474,8.45188,449,268834,0.854404,0.29,2,381747,381298,449
11685661,8.34949,16.8904,436,268834,0.866881,0.24,2,381753,381317,436
11688581,8.8699,9.77808,437,268834,0.861376,0.23,2,381762,381325,437
11691061,13.774,8.35562,444,268834,0.900275,0.32,2,381777,381333,444
12000161,7,10,441,18760,0,0.37,1,384322,383881,441
12003081,9.4,10,441,21680,0,0.29,1,384332,383891,441
12006001,5.88,10,436,24600,0.016,0.27,1,384337,383901,436
12008921,9.176,10,436,27520,0.0112,0,1,384347,383911,436
12011841,317.035,325.2,426,30440,0.01024,0.06,1,384741,384315,426
12014761,71.407,73.04,426,33360,0.018048,0.03,1,384751,384325,426
12017681,22.2814,22.608,426,36280,0.0036096,0.01,1,384761,384335,426
12020601,14.0563,12.5216,428,39200,0.00072192,0.04,1,384773,384345,428
12023521,9.21126,10.5043,426,42120,0.00814438,0.06,1,384781,384355,426
12026441,9.84225,10.1009,426,45040,0.00162888,0.07,1,384791,384365,426
12029361,10.7685,10.0202,427,47960,0.0483258,0.01,1,384802,384375,427
12032281,9.35369,10.004,426,50880,0.00966515,0.05,1,384811,384385,426
12035201,9.87074,10.0008,426,53800,0.00193303,0.01,1,384821,384395,426
12038121,11.5741,10.0002,428,56720,0.000386606,0.01,1,384833,384405,428
12041041,271.115,270.8,428,59640,7.73212e-05,0.04,1,385169,384741,428
12043961,60.623,62.16,426,62560,0.0160155,0.03,1,385177,384751,426
12046881,20.9246,20.432,427,65480,0.0752031,0.03,1,385188,384761,427
12049801,11.3849,12.0864,426,68400,0.0470406,0.03,1,385197,384771,426
12052721,10.277,10.4173,426,71320,0.0414081,0.03,1,385207,384781,426
12055641,10.8554,10.0835,427,74240,0.0322816,0.07,1,385218,384791,427
12058561,10.1711,10.0167,427,77160,0.0304563,0.03,1,385228,384801,427
12061481,9.23422,10.0033,426,80080,0.0380913,0.03,1,385237,384811,426
12064401,10.6468,10.0007,427,83000,0.0876183,0.03,1,385248,384821,427
12067321,9.32937,10.0001,426,85920,0.0495236,0.04,1,385257,384831,426
12070241,10.6659,10,427,88840,0.0339047,0.03,1,385268,384841,427
12073161,10.9332,10,428,91760,0.0547809,0.03,1,385279,384851,428
12076081,8.58663,10,426,94680,0.0749562,0.04,1,385287,384861,426
12079001,9.71733,10,426,97600,0.102991,0.05,1,385297,384871,426
12081921,10.7435,10,427,100520,0.108598,0.05,1,385308,384881,427
12084841,11.7487,10,429,103440,0.0617196,0.06,1,385320,384891,429
12087761,10.3497,10,429,106360,0.0123439,0.09,1,385330,384901,429
12090681,11.6699,10,431,109280,0.0264688,0.13,1,385342,384911,431
12093601,12.734,10,434,112200,0.0292938,0.2,1,385355,384921,434
12096521,11.3468,10,435,115120,0.0458588,0,1,385366,384931,435
12099441,184.669,192.4,425,118040,0.713172,0.02,1,385594,385169,425
12102361,44.9339,44.88,427,120960,0.790634,0.03,2,385604,385177,427
12105281,14.5868,15.376,426,123880,0.806127,0.05,2,385611,385185,426
12108201,10.1174,9.4752,427,126800,0.785225,0.04,2,385620,385193,427
12111121,7.62347,8.29504,426,129720,0.749045,0.03,1,385627,385201,426
12114041,7.92469,8.05901,426,132640,0.725809,0.06,1,385635,385209,426
12116961,7.18494,8.0118,425,135560,0.705162,0.04,1,385642,385217,425
12119881,8.63699,8.00236,426,138480,0.685032,0,1,385651,385225,426
12122801,10.5274,8.00047,429,141400,0.641006,0.06,1,385662,385233,429
12125721,6.90548,8.00009,427,144320,0.616201,0.07,1,385668,385241,427
12128641,6.1811,8.00002,425,147240,0.61124,0.06,1,385674,385249,425
12131561,8.43622,8,426,150160,0.570248,0.03,1,385683,385257,426
12134481,8.88724,8,427,153080,0.56205,0.04,1,385692,385265,427
12137401,10.5774,8,430,156000,0.58441,0.1,1,385703,385273,430
12140321,8.51549,8,430,158920,0.596882,0.13,1,385711,385281,430
12143241,7.3031,8,429,161840,0.607376,0.13,1,385718,385289,429
12146161,7.86062,8,429,164760,0.585475,0.11,1,385726,385297,429
12149081,6.37212,8,427,167680,0.581095,0.11,1,385732,385305,427
12152001,6.87442,8,426,170600,0.596219,0.05,1,385739,385313,426
12154921,8.57489,8,427,173520,0.623244,0.02,1,385748,385321,427
12157841,7.31498,8,426,176440,0.700649,0.09,1,385755,385329,426
12160761,8.663,8,427,179360,0.69213,0.04,1,385764,385337,427
12163681,8.9326,8,428,182280,0.746426,0.06,1,385773,385345,428
12166601,8.98652,8,429,185200,0.709285,0.1,1,385782,385353,429
12169521,9.7973,8,431,188120,0.741857,0.11,1,385792,385361,431
12172441,7.55946,8,430,191040,0.724371,0.14,1,385799,385369,430
12175361,10.3119,8,433,193960,0.792874,0.16,2,385810,385377,433
12178281,8.46238,8,433,196880,0.846575,0.17,2,385818,385385,433
12181201,9.69248,8,435,199800,0.841315,0.2,2,385828,385393,435
12184121,10.7385,8,438,202720,0.920263,0.23,2,385839,385401,438
12452981,38,0,541,217020,0.89,1,2,387385,386844,541
12453621,41.2,0,583,216200,0.714,1,1,387427,386844,583
12457961,13.04,76,494,216200,0.6388,1,1,387433,386939,494
12476881,11.408,38.4,476,216200,0.62376,1,1,387444,386968,476
12477721,63.8816,7.68,553,215580,0.452752,1,1,387521,386968,553
12501841,18.3763,55.936,492,215580,0.33855,0.89,1,387528,387036,492
12504761,98.0753,117.587,477,132792,0.0997101,0.64,1,387646,387169,477
12507681,32.4151,31.5174,483,135712,0.043942,1,1,387662,387179,483
12510601,14.483,14.3035,483,138632,0.0567884,1,1,387672,387189,483
12513521,10.0966,10.8607,482,141552,0.0273577,1,1,387681,387199,482
12516441,7.61932,10.1721,479,144472,0.0694715,1,1,387688,387209,479
12519361,8.72386,10.0344,478,147392,0.0538943,1,1,387697,387219,478
12522281,12.1448,10.0069,481,150312,0.0347789,0.99,1,387710,387229,481
12525201,8.82895,10.0014,479,153232,0.0309558,0.99,1,387718,387239,479
12528121,8.96579,6.00028,483,156152,0.0461912,1,1,387727,387244,483
12531041,8.19316,9.20005,481,159072,0.0732382,1,1,387735,387254,481
12533961,8.83863,9.84001,480,161992,0.102648,1,1,387744,387264,480
12536881,7.36773,9.968,477,164912,0.0925295,1,1,387751,387274,477
12539801,7.07355,9.9936,474,167832,0.0745059,1,1,387758,387284,474
12542721,10.2147,9.99872,475,170752,0.0629012,1,1,387769,387294,475
12545641,6.04294,9.99974,470,173672,0.0445802,1,1,387774,387304,470
12548561,6.00859,5.99995,471,176592,0.048916,0.92,1,387780,387309,471
12551481,7.60172,9.19999,469,179512,0.0737832,0.73,1,387788,387319,469
12554401,7.12034,9.84,466,182432,0.0467566,0.75,1,387795,387329,466
12557321,8.62407,9.968,465,185352,0.00935133,0.73,1,387804,387339,465
12559461,8.12481,8.3936,465,188272,0.0258703,0.78,1,387812,387347,465
12562381,10.425,7.27872,469,190412,0.0531741,0.85,1,387823,387354,469
12565301,10.885,9.45574,470,193332,0.0426348,0.89,1,387834,387364,470
12568221,10.177,9.89115,470,196252,0.048527,0.92,1,387844,387374,470
12570481,5.2354,9.97823,464,199172,0.0657054,0.9,1,387848,387384,464
12573401,13.0471,13.9956,464,201432,0.149141,0.82,1,387863,387399,464
12576321,7.40942,10.7991,460,204352,0.125828,0.76,1,387869,387409,460
12579241,6.28188,10.1598,456,207272,0.0651656,0.67,1,387875,387419,456
12582161,5.25638,8.43197,453,210192,0.0370331,0.62,1,387880,387427,453
12585081,9.85128,7.28639,457,213112,0.00740662,0.62,1,387891,387434,457
12588001,5.97025,9.45728,452,216032,0.00148133,0.65,1,387896,387444,452
12588161,3.59405,5.89146,450,218952,0.000296265,0.62,1,387899,387449,450
12591081,7.91881,5.97829,453,219112,0.0320593,0.55,1,387908,387455,453
12594001,11.1838,9.19566,455,222032,0.0144118,0.57,1,387920,387465,455
12596921,11.8368,9.83913,457,224952,0.0668824,0.59,1,387932,387475,457
12599841,11.1674,9.96783,458,227872,0.0773765,0.73,1,387943,387485,458
12602761,7.03347,9.99357,454,230792,0.0234753,0.41,1,387949,387495,454
12605681,7.00669,22.7987,435,233712,0.00469506,0.23,1,387956,387521,435
12608601,6.20134,14.1597,429,236632,0.00893901,0.13,1,387962,387533,429
12611521,8.44027,10.8319,428,239552,0.0017878,0.11,1,387971,387543,428
12614441,8.88805,10.1664,427,242472,0.0163576,0.03,1,387980,387553,427
12617361,8.97761,10.0333,426,245392,0.00327151,0.03,1,387989,387563,426
12620281,9.79552,10.0067,426,248312,0.0246543,0.03,1,387999,387573,426
12623201,10.7591,10.0013,427,251232,0.0289309,0.05,1,388010,387583,427
12626121,9.35182,10.0003,426,254152,0.00578617,0.01,1,388019,387593,426
12629041,42.6704,10.0001,467,257072,0.0251572,0.05,1,388070,387603,467
12631961,14.1341,40.4,426,259992,0.0450314,0.05,1,388077,387651,426
12634881,11.6268,16.08,427,262912,0.0570063,0.07,1,388088,387661,427
12637801,12.7254,11.216,430,265714,0.0354013,0.07,1,388101,387671,430
12640721,8.94507,10.2432,428,265714,0.00708025,0.11,1,388109,387681,428
12643641,8.98901,10.0486,427,265714,0.0174161,0.05,1,388118,387691,427
12646561,10.5978,10.0097,428,265714,0.0114832,0.14,1,388129,387701,428
12649481,10.1196,10.0019,428,265714,0.0102966,0.03,1,388139,387711,428
12652401,12.4239,10.0004,431,265714,0.0260593,0.09,1,388152,387721,431
12655321,9.68478,10.0001,430,265714,0.00521187,0.11,1,388161,387731,430
12658241,9.93696,10,430,265714,0.00104237,0.14,1,388171,387741,430
12661161,9.18739,10,429,265714,0.000208475,0.14,1,388180,387751,429
12664081,9.83748,10,429,265714,4.16949e-05,0.07,1,388190,387761,429
12667001,9.9675,10,429,265714,8.33898e-06,0.05,1,388200,387771,429
12669921,8.3935,10,427,265714,0.0400017,0.11,1,388208,387781,427
12672841,10.4787,10,428,265714,0.0160003,0.05,1,388219,387791,428
12675761,10.0957,10,428,265714,0.00320007,0.03,1,388229,387801,428
12678681,10.0191,10,428,265714,0.00864001,0.05,1,388239,387811,428
12681601,10.0038,10,428,265714,0.001728,0.07,1,388249,387821,428
12684521,11.6008,10,430,265714,0.0163456,0.1,1,388261,387831,430
12687441,12.7202,10,433,265714,0.0432691,0.13,1,388274,387841,433
12690361,9.74403,10,432,265714,0.0326538,0.17,1,388283,387851,432
12693281,6.74881,10,428,265714,0.0145308,0.13,1,388289,387861,428
12696201,9.34976,10,428,265714,0.00290615,0.06,1,388299,387871,428
12699121,9.06995,10,427,265714,0.00858123,0.05,1,388308,387881,427
12702041,10.614,10,428,265714,0.0177162,0.05,1,388319,387891,428
12704961,9.3228,10,427,265714,0.0195432,0.07,1,388328,387901,427
12707881,11.4646,10,429,265714,0.00390865,0.03,1,388340,387911,429
12710801,11.8929,10,431,265714,0.0247817,0.1,1,388352,387921,431
12713721,7.97858,10,428,265714,0.0289563,0.11,1,388359,387931,428
12716641,9.59572,10,428,265714,0.0137913,0.05,1,388369,387941,428
12719561,9.11914,10,427,265714,0.0267583,0.01,1,388378,387951,427
12722481,9.02383,10,426,265714,0.0293517,0.01,1,388387,387961,426
12725401,9.80477,10,426,265714,0.0138703,0.04,1,388397,387971,426
12728321,9.96095,10,426,265714,0.0267741,0.03,1,388407,387981,426
12731241,11.5922,10,428,265714,0.0133548,0.05,1,388419,387991,428
12734161,8.71844,10,426,265714,0.010671,0.05,1,388427,388001,426
12737081,9.74369,10,426,265714,0.0181342,0.03,1,388437,388011,426
12740001,9.94874,10,426,265714,0.0356268,0.03,1,388447,388021,426
12742921,10.7897,10,427,265714,0.00712537,0.01,1,388458,388031,427
12745841,9.35795,10,426,265714,0.0254251,0.03,1,388467,388041,426
12748761,9.87159,10,426,265714,0.029085,0.05,1,388477,388051,426
12751681,11.5743,10,428,265714,0.045817,0.08,1,388489,388061,428
12754601,11.9149,10,430,265714,0.0331634,0.08,1,388501,388071,430
12757521,9.58297,10,429,265714,0.0466327,0.11,1,388510,388081,429
12760441,7.51659,10,426,265714,0.105327,0.05,1,388517,388091,426
12763361,10.3033,10,427,265714,0.125065,0.03,1,388528,388101,427
12766281,10.0607,10,427,250108,0.0890131,0.01,1,388538,388111,427
12769201,9.21213,10,426,251769,0.0418026,0.05,1,388547,388121,426
12772121,9.84243,10,426,251769,0.0483605,0.03,1,388557,388131,426
12775041,9.96849,10,426,251769,0.0336721,0.05,1,388567,388141,426
12777961,10.7937,10,427,251769,0.0227344,0.01,1,388578,388151,427
12780881,10.1587,10,427,251769,0.00454688,0.03,1,388588,388161,427
12783801,9.23175,10,426,252328,0.00890938,0.01,1,388597,388171,426
12786721,9.84635,10,426,252328,0.0417819,0.07,1,388607,388181,426
12789641,11.5693,10,428,252328,0.00835637,0.01,1,388619,388191,428
12792561,9.51385,10,427,252328,0.0336713,0.06,1,388628,388201,427
12795481,9.10277,10,426,252328,0.0307343,0.02,1,388637,388211,426
12798401,9.82055,10,426,252328,0.0461469,0.03,1,388647,388221,426
12801321,10.7641,10,427,252328,0.00922937,0.01,1,388658,388231,427
12804241,10.9528,10,428,252328,0.00184587,0.01,1,388669,388241,428
12807161,8.59056,10,426,252328,0.00836917,0.04,1,388677,388251,426
12810081,10.5181,10,427,252328,0.0176738,0.1,1,388688,388261,427
12813001,10.1036,10,427,252328,0.0115348,0.06,1,388698,388271,427
12815921,10.0207,10,427,252328,0.018307,0.03,1,388708,388281,427
12818841,9.20415,10,426,252889,0.0116614,0.02,1,388717,388291,426
12821761,9.84083,10,426,253453,0.0503323,0.03,1,388727,388301,426
12824681,10.7682,10,427,253453,0.0420665,0.03,1,388738,388311,427
12827601,10.1536,10,427,253453,0.00841329,0.01,1,388748,388321,427
12830521,10.0307,10,427,253453,0.00168266,0.01,1,388758,388331,427
12833441,10.0061,10,427,253453,0.0163365,0.05,1,388768,388341,427
12836361,10.0012,10,427,253453,0.0112673,0.06,1,388778,388351,427
12839281,10.0002,10,427,253453,0.0342535,0.03,1,388788,388361,427
12842201,10,10,427,253453,0.0148507,0.01,1,388798,388371,427
12845121,9.20001,10,426,253453,0.0429701,0.04,1,388807,388381,426
12848041,10.64,10,427,253453,0.032594,0.01,1,388818,388391,427
12850961,10.928,10,428,253453,0.0065188,0.07,1,388829,388401,428
12853881,8.5856,10,426,253453,0.00930376,0.01,1,388837,388411,426
12856801,10.5171,10,427,253453,0.0178608,0.05,1,388848,388421,427
12859721,10.1034,10,427,253453,0.00357215,0.01,1,388858,388431,427
12862641,9.22068,10,426,253453,0.0407144,0.03,1,388867,388441,426
12865561,10.6441,10,427,253453,0.00814289,0.01,1,388878,388451,427
12868481,10.1288,10,427,253453,0.0176286,0.03,1,388888,388461,427
12871401,10.8258,10,428,253453,0.00352572,0.01,1,388899,388471,428
12874321,9.36515,10,427,253453,0.000705143,0.05,1,388908,388481,427
12877241,11.473,10,429,253453,0.040141,0.05,1,388920,388491,429
12880161,11.8946,10,431,253453,0.0480282,0.08,1,388932,388501,431
12883081,10.3789,10,431,253453,0.0176056,0.12,1,388942,388511,431
12886001,9.27578,10,430,253453,0.0275211,0.12,1,388951,388521,430
12888921,7.45516,10,427,253453,0.0375042,0.09,1,388958,388531,427
12891841,10.291,10,428,253453,0.0475008,0.06,1,388969,388541,428
12894761,9.25821,10,427,253453,0.0255002,0.03,1,388978,388551,427
12897681,9.85164,10,427,253453,0.0131,0.02,1,388988,388561,427
12900601,9.17033,10,426,253453,0.02662,0.05,1,388997,388571,426
12903521,9.83407,10,426,253453,0.037324,0.05,1,389007,388581,426
12906441,11.5668,10,428,253453,0.0074648,0.05,1,389019,388591,428
12909361,9.51336,10,427,253453,0.041493,0.04,1,389028,388601,427
12912281,9.90267,10,427,253453,0.0562986,0.01,1,389038,388611,427
12915201,9.98053,10,427,253453,0.0512597,0.05,1,389048,388621,427
12918121,10.7961,10,428,253453,0.0182519,0.01,1,389059,388631,428
12921041,8.55922,10,426,253453,0.0276504,0.03,1,389067,388641,426
12923961,9.71184,10,426,253453,0.0775301,0.01,1,389077,388651,426
12926881,9.94237,10,426,253453,0.071506,0.05,1,389087,388661,426
12929801,10.7885,10,427,253453,0.0143012,0.01,1,389098,388671,427
12932721,9.35769,10,426,253453,0.0108602,0.03,1,389107,388681,426
12935641,10.6715,10,427,253453,0.00217205,0.03,1,389118,388691,427
12938561,9.33431,10,426,253453,0.0404344,0.07,1,389127,388701,426
12941481,11.4669,10,428,253453,0.00808688,0.05,1,389139,388711,428
12944401,10.2934,10,428,253453,0.00161738,0.01,1,389149,388721,428
12947321,8.45867,10,426,253453,0.0243235,0.01,1,389157,388731,426
12950241,9.69173,10,426,253453,0.0288647,0.03,1,389167,388741,426
12953161,10.7383,10,427,253453,0.00577294,0.01,1,389178,388751,427
12956081,10.1477,10,427,253453,0.00115459,0.07,1,389188,388761,427
12959001,10.0295,10,427,253453,0.000230918,0.03,1,389198,388771,427
12961921,10.0059,10,427,253453,0.0160462,0.05,1,389208,388781,427
12964841,10.0012,10,427,253453,0.0272092,0.03,1,389218,388791,427
12967761,10.0002,10,427,253453,0.0134418,0.01,1,389228,388801,427
12970681,9.20005,10,426,253453,0.0106884,0.05,1,389237,388811,426
12973601,9.84001,10,426,256373,0.0501377,0.03,1,389247,388821,426
12976521,10.768,10,427,256373,0.0340275,0.03,1,389258,388831,427
12979441,9.3536,10,426,256373,0.00680551,0.03,1,389267,388841,426
12982361,11.4707,10,428,256373,0.0093611,0.03,1,389279,388851,428
12985281,8.69414,10,426,256373,0.0578722,0.03,1,389287,388861,426
12988201,10.5388,10,427,256373,0.0595744,0.01,1,389298,388871,427
12991121,9.30777,10,426,256373,0.0119149,0.01,1,389307,388881,426
12994041,9.86155,10,426,256373,0.00238298,0.01,1,389317,388891,426
12996961,9.97231,10,426,256373,0.0244766,0.03,1,389327,388901,426
12999881,10.7945,10,427,256373,0.0528953,0.07,1,389338,388911,427
13002801,10.1589,10,427,256373,0.0185791,0.05,1,389348,388921,427
13005721,10.0318,10,427,256373,0.00371581,0.03,1,389358,388931,427
13008641,10.0064,10,427,256373,0.0247432,0.05,1,389368,388941,427
13011561,10.8013,10,428,256373,0.0289486,0.01,1,389379,388951,428
13014481,9.36025,10,427,256373,0.0217897,0.05,1,389388,388961,427
13017401,9.07205,10,426,256373,0.00435795,0.01,1,389397,388971,426
13020321,10.6144,10,427,256373,0.000871589,0.03,1,389408,388981,427
13023241,10.1229,10,427,256373,0.00817432,0.03,1,389418,388991,427
13026161,10.0246,10,427,256373,0.0336349,0.03,1,389428,389001,427
13029081,10.8049,10,428,256373,0.038727,0.03,1,389439,389011,428
13032001,10.961,10,429,256373,0.00774539,0.09,1,389450,389021,429
13034921,10.1922,10,429,256373,0.00954908,0.09,1,389460,389031,429
13037841,7.63844,10,426,256373,0.0739098,0.05,1,389467,389041,426
13040761,10.3277,10,427,256373,0.118782,0.05,1,389478,389051,427
13043681,12.4655,10,430,256373,0.143756,0.05,1,389491,389061,430
13046601,9.69311,10,429,256373,0.148751,0.1,1,389500,389071,429
13049521,7.53862,10,426,256373,0.15775,0.03,1,389507,389081,426
13052441,9.50772,10,426,256373,0.15955,0.03,1,389517,389091,426
13055361,9.90154,10,426,256373,0.07191,0.03,1,389527,389101,426
13058281,11.5803,10,428,256373,0.014382,0.01,1,389539,389111,428
13061201,9.51606,10,427,256373,0.0108764,0.04,1,389548,389121,427
13064121,9.10321,10,426,256373,0.00217528,0.01,1,389557,389131,426
13067041,10.6206,10,427,256373,0.0164351,0.03,1,389568,389141,427
13069961,10.1241,10,427,256373,0.011287,0.08,1,389578,389151,427
13072881,9.22483,10,426,256373,0.0502574,0.01,1,389587,389161,426
13075801,9.84497,10,426,256373,0.0340515,0.01,1,389597,389171,426
13078721,9.96899,10,426,256373,0.0228103,0.05,1,389607,389181,426
13081641,10.7938,10,427,256373,0.00456206,0.03,1,389618,389191,427
13084561,9.35876,10,426,256373,0.00891241,0.03,1,389627,389201,426
13087481,9.87175,10,426,256373,0.00978248,0.03,1,389637,389211,426
13090401,9.97435,10,426,256373,0.0259565,0.06,1,389647,389221,426
13093321,11.5949,10,428,256373,0.0451913,0.03,1,389659,389231,428
13096241,8.71897,10,426,256373,0.0490383,0.06,1,389667,389241,426
13099161,7.34379,8.4,425,256373,0.0418077,0.06,1,389674,389249,425
13102081,8.66876,8.08,426,256373,0.00836153,0,1,389683,389257,426
13105001,7.33375,8.016,425,256373,0.0176723,0.01,1,389690,389265,425
13107921,10.2668,8.0032,428,257509,0.0115345,0.05,1,389701,389273,428
13110241,8.45335,8.00064,428,260429,0.0103069,0.1,1,389709,389281,428
13113161,5.69067,6.40013,427,262749,0.00206138,0.08,1,389714,389287,427
13114821,7.53813,7.68003,427,263241,0.0244123,0.03,1,389722,389295,427
13117741,7.90763,8.73601,426,263241,0.0128825,0.04,1,389730,389304,426
13120661,7.98153,8.1472,426,263241,0.0185765,0.04,1,389738,389312,426
13123581,8.79631,8.02944,427,265322,0.0277153,0.02,1,389747,389320,427
13126501,7.35926,8.00589,426,265322,0.0215431,0.06,1,389754,389328,426
13129381,8.67185,8.00118,427,265322,0.0123086,0.02,1,389763,389336,427
13131461,9.73437,8.00024,429,265322,0.0104617,0.04,1,389773,389344,429
13133121,7.54687,9.60005,426,265322,0.00209234,0.07,1,389780,389354,426
13136041,8.70937,9.12001,426,265322,0.0164185,0.04,1,389789,389363,426
13137701,8.94188,8.224,427,266853,0.0512837,0.03,1,389798,389371,427
13139361,6.58838,8.8448,424,266853,0.0422567,0.02,1,389804,389380,424
13142281,8.51768,7.36896,426,266853,0.0404513,0,1,389813,389387,426
13143941,8.10354,7.87379,426,266853,0.0160903,0.01,1,389821,389395,426
13146861,8.02071,8.77476,425,266853,0.0112181,0.01,1,389829,389404,425
13149781,9.60414,8.15495,427,266853,0.0182436,0,1,389839,389412,427
13152701,6.72083,8.03099,425,266853,0.0116487,0.04,1,389845,389420,425
13155381,12.5442,8.0062,431,266853,0.0503297,0.03,1,389859,389428,431
13157041,8.10883,11.2012,426,266853,0.034066,0,1,389866,389440,426
13159961,11.2218,10.2402,428,266853,0.0628132,0,1,389878,389450,428
13162241,10.2444,8.44805,430,266853,0.0365626,0.09,1,389888,389458,430
13165161,10.8489,8.88961,432,266853,0.0393125,0.13,1,389899,389467,432
13166821,8.56977,8.17792,432,266853,0.0878625,0.16,1,389907,389475,432
13169741,8.11395,7.23558,433,266853,0.0975725,0.17,1,389915,389482,433
13172661,7.22279,7.84712,432,266853,0.107515,0.16,1,389922,389490,432
13175581,7.84456,7.96942,432,266853,0.117503,0.17,1,389930,389498,432
13178261,7.16891,7.99388,431,266853,0.175501,0.14,1,389937,389506,431
13179921,3.03378,7.19878,426,266853,0.1951,0.1,1,389939,389513,426
13182841,10.2068,11.0398,426,266853,0.21502,0,1,389951,389525,426
13185761,7.64135,8.60795,425,266853,0.211004,0.02,1,389958,389533,425
13187621,7.12827,8.12159,424,266853,0.194201,0.01,1,389965,389541,424
13189281,7.02565,7.22432,424,266853,0.17484,0.03,1,389972,389548,424
13191361,8.60513,7.04486,426,266853,0.130968,0.01,1,389981,389555,426
13194281,8.12103,8.60897,425,266853,0.122194,0.02,1,389989,389564,425
13197201,9.62421,8.12179,427,266853,0.0964387,0.01,1,389999,389572,427
13200121,7.52484,8.02436,426,266853,0.0992877,0.05,1,390006,389580,426
13202181,12.705,8.00487,432,266853,0.107858,0.02,1,390020,389588,432
13203841,6.54099,12.001,424,266853,0.117572,0.06,1,390025,389601,424
13206761,10.9082,11.2002,425,266853,0.0635143,0.01,1,390037,389612,425
13209681,8.58164,8.64004,425,266853,0.0367029,0.01,1,390045,389620,425
13212601,8.91633,8.12801,426,266853,0.0473406,0.03,1,390054,389628,426
13215281,8.98327,8.0256,427,266853,0.0334681,0.01,1,390063,389636,427
13218201,9.79665,8.80512,428,266853,0.0146936,0.05,1,390073,389645,428
13220481,7.55933,8.16102,427,266853,0.0109387,0.05,1,390080,389653,427
13223401,11.1119,12.8322,425,266853,0.00218774,0.01,1,390092,389667,425
13225061,7.02237,8.96644,423,266853,0.000437549,0.03,1,390098,389675,423
13227981,7.80447,5.79329,426,266249,0.0240875,0.04,1,390106,389680,426
13230901,7.96089,7.55866,426,266249,0.0048175,0.04,1,390114,389688,426
13233821,7.19218,7.91173,425,266249,0.0249635,0.02,1,390121,389696,425
13236501,14.2384,7.98235,433,266249,0.0049927,0,1,390137,389704,433
13239421,8.44769,12.7965,426,266249,0.00099854,0.07,1,390144,389718,426
13242341,8.08954,8.95929,426,266249,0.0161997,0.06,1,390152,389726,426
13245261,7.21791,8.19186,425,266249,0.0272399,0.01,1,390159,389734,425
13248181,8.64358,8.03837,426,266249,0.069448,0.01,1,390168,389742,426
13251101,8.12872,8.00767,426,266249,0.0538896,0.02,1,390176,389750,426
13254021,7.22574,8.00153,425,266249,0.0187779,0.02,1,390183,389758,425
13256941,8.64515,8.00031,426,266249,0.00375558,0.03,1,390192,389766,426
13259861,7.32903,8.00006,425,266249,0.000751117,0.02,1,390199,389774,425
13261461,7.06581,8.00001,424,266249,0.0321502,0.03,1,390206,389782,424
13264381,8.61316,6.4,427,266249,0.05443,0.08,1,390215,389788,427
13266241,8.12263,7.68,427,266249,0.042886,0.06,1,390223,389796,427
13269161,13.6245,14.336,426,266249,0.0485772,0.03,1,390238,389812,426
13272081,9.92491,9.2672,427,266249,0.0497154,0.03,1,390247,389820,427
13273941,7.58498,8.25344,426,266249,0.0179431,0.07,1,390254,389828,426
13276861,7.917,8.85069,425,266249,0.0355886,0.01,1,390262,389837,425
13279781,9.5834,8.17014,427,266249,0.0391177,0.03,1,390272,389845,427
13282701,8.31668,8.03403,427,266249,0.0158235,0.05,1,390280,389853,427
13284341,6.46334,8.00681,425,266249,0.0111647,0.08,1,390286,389861,425
13286001,6.89267,6.40136,426,266249,0.0342329,0.09,1,390293,389867,426
13288081,8.57853,8.48027,426,266249,0.0628466,0.06,1,390302,389876,426
13290161,9.71571,8.89605,427,266249,0.0525693,0.08,1,390312,389885,427
13293081,11.5431,10.5792,428,266249,0.0105139,0.09,1,390324,389896,428
13294741,7.90863,8.51584,427,266249,0.0181028,0.08,1,390331,389904,427
13297441,11.1817,7.30317,432,266249,0.0676206,0.16,1,390343,389911,432
13300361,15.8363,12.6606,435,266249,0.0695241,0.13,1,390360,389925,435
13303281,10.3673,8.93213,436,266249,0.0939048,0.18,1,390369,389933,436
13306201,9.27345,8.18643,437,266249,0.162781,0.24,1,390378,389941,437
13309121,5.85469,8.03729,434,266249,0.168556,0.23,1,390383,389949,434
13312041,6.77094,8.00746,433,266249,0.201711,0.19,1,390390,389957,433
13314501,8.55419,8.00149,434,266249,0.240342,0.19,1,390399,389965,434
13317421,8.11084,10.4003,431,266249,0.240068,0.15,1,390407,389976,431
13319701,6.42217,8.48006,429,266249,0.200014,0.15,1,390413,389984,429
13322621,7.68443,6.49601,431,266249,0.176003,0.11,1,390421,389990,431
13325541,6.33689,7.6992,429,266249,0.251201,0.1,1,390427,389998,429
13327601,8.46738,7.93984,430,266249,0.42624,0.13,1,390436,390006,430
13330521,10.4935,11.188,429,266249,0.525248,0.15,1,390447,390018,429
13332181,5.2987,8.63759,425,266249,0.53705,0.09,1,390451,390026,425
13334881,6.65974,7.32752,425,266249,0.57141,0.01,1,390458,390033,425
13336961,10.1319,9.4655,426,266249,0.626282,0.05,1,390469,390043,426
13339881,10.8264,10.6931,426,266249,0.581256,0.03,1,390480,390054,426
13341541,5.36528,8.53862,422,266249,0.556251,0.04,1,390484,390062,422
13344461,8.27306,5.70772,426,266249,0.51125,0.05,1,390493,390067,426
13347381,7.25461,7.54154,425,266249,0.49425,0.03,1,390500,390075,425
13349861,7.05092,7.90831,424,266249,0.56285,0.03,1,390507,390083,424
13351521,8.61018,7.18166,426,266249,0.60057,0,1,390516,390090,426
13353601,7.32204,7.83633,425,266249,0.656114,0.04,1,390523,390098,425
13355681,7.86441,6.36727,427,266249,0.659223,0.07,1,390531,390104,427
13358601,11.9729,13.2735,425,266249,0.691845,0,1,390544,390119,425
13361521,8.79458,9.05469,425,266249,0.706369,0.03,1,390552,390127,425
13364441,8.15892,8.21094,425,266249,0.645274,0,1,390560,390135,425
13367121,8.03178,8.04219,425,266249,0.633055,0.05,1,390568,390143,425
13370041,13.6064,11.2084,428,266249,0.550611,0,1,390583,390155,428
13372961,8.32127,8.64169,427,266249,0.526122,0.08,1,390590,390163,427
13375441,6.46425,8.12834,425,266249,0.529224,0.05,1,390596,390171,425
13378361,7.69285,7.22567,426,266249,0.497845,0,1,390604,390178,426
13381281,7.93857,7.84513,426,266249,0.427569,0.06,1,390612,390186,426
13384201,9.58771,7.96903,428,266249,0.317514,0.02,1,390622,390194,428
13386261,5.91754,7.99381,425,266249,0.319503,0.08,1,390627,390202,425
13389181,7.58351,6.39876,427,266249,0.271901,0.07,1,390635,390208,427
13392101,8.7167,7.67975,428,266249,0.25438,0.06,1,390644,390216,428
13395021,7.34334,7.93595,427,266249,0.226876,0.07,1,390651,390224,427
13397281,7.06867,7.98719,426,266249,0.221375,0.07,1,390658,390232,426
13399361,8.61373,9.59744,425,266249,0.244275,0.05,1,390667,390242,425
13402281,8.92275,8.31949,426,266249,0.216855,0.03,1,390676,390250,426
13404561,8.98455,8.0639,427,266249,0.219371,0.03,1,390685,390258,427
13407481,8.99691,10.4128,425,266249,0.251874,0.03,1,390694,390269,425
13410401,9.79938,8.48256,427,266249,0.306375,0.02,1,390704,390277,427
13412881,7.55988,8.09651,426,266249,0.277275,0.07,1,390711,390285,426
13415801,11.912,11.2193,427,266249,0.271455,0.1,1,390724,390297,427
13418501,7.98239,8.64386,426,266249,0.238291,0.07,1,390731,390305,426
13420581,9.59648,7.32877,429,266249,0.279658,0.03,1,390741,390312,429
13422661,10.7193,10.2658,429,266249,0.287932,0.04,1,390752,390323,429
13425361,7.74386,8.45315,428,266249,0.289586,0.15,1,390759,390331,428
13428281,20.7488,19.2906,430,266249,0.321917,0.13,1,390783,390353,430
13429941,14.5498,10.2581,435,266249,0.336383,0.19,1,390796,390361,435
13432021,10.91,10.0516,435,266249,0.331277,0.2,1,390806,390371,435
13434941,10.182,8.41032,437,266249,0.354255,0.22,1,390816,390379,437
13436801,7.6364,8.08206,436,266249,0.382851,0.25,1,390823,390387,436
13439721,5.52728,5.61641,436,266249,0.41257,0.23,1,390828,390392,436
13442641,5.90546,7.52328,434,266249,0.370514,0.22,1,390834,390400,434
13445561,9.18109,7.90466,436,266249,0.362103,0.2,1,390844,390408,436
13448241,9.03622,7.98093,437,266249,0.344421,0.27,1,390853,390416,437
13451161,17.8072,7.19619,450,266249,0.396884,0.27,1,390873,390423,450
13454081,11.5614,7.83924,452,266249,0.383377,0.51,1,390883,390431,452
13457001,8.71229,7.96785,452,266249,0.356675,0.55,1,390891,390439,452
13458641,9.74246,7.99357,454,266249,0.391335,0.54,1,390901,390447,454
13461561,9.94849,7.99871,456,266249,0.406267,0.62,1,390911,390455,456
13464481,7.5897,7.99974,455,266249,0.457253,0.64,1,390918,390463,455
13467381,5.51794,7.99995,452,266249,0.451451,0.59,1,390923,390471,452
13469461,12.3036,7.99999,458,266249,0.41829,0.52,1,390937,390479,458
13472161,10.4607,13.6,453,266249,0.427658,0.59,1,390947,390494,453
13475081,15.6921,12.32,458,266249,0.477532,0.63,1,390964,390506,458
13478001,10.3384,8.864,459,266249,0.463506,0.69,1,390973,390514,459
13480921,8.46769,8.1728,459,266249,0.508701,0.68,1,390981,390522,459
13482561,8.09354,8.03456,459,266249,0.49374,0.68,1,390989,390530,459
13485481,8.81871,7.20691,461,266249,0.498748,0.72,1,390998,390537,461
13488181,4.96374,7.84138,457,266249,0.48375,0.71,1,391002,390545,457
13490261,4.99275,7.16828,455,266249,0.48875,0.67,1,391007,390552,455
13493181,5.79855,6.23366,455,266249,0.48175,0.63,1,391013,390558,455
13495041,4.35971,7.64673,451,266249,0.48835,0.59,1,391017,390566,451
13497961,7.27194,7.12935,452,266249,0.48167,0.55,1,391025,390573,452
13499621,6.25439,7.82587,450,266249,0.504334,0.53,1,391031,390581,450
13501701,10.0509,7.96517,453,266249,0.484867,0.48,1,391042,390589,453
13504621,5.21018,14.393,441,266249,0.472973,0.39,1,391046,390605,441
13507541,6.64203,9.27861,440,266249,0.486595,0.31,1,391053,390613,440
13510461,5.32841,8.25572,437,266249,0.529319,0.29,1,391058,390621,437
13513381,7.46568,8.05114,437,266249,0.529864,0.27,1,391066,390629,437
13516301,7.89314,8.01023,437,266249,0.505973,0.26,1,391074,390637,437
13519221,7.17863,8.00205,436,266249,0.469195,0.22,1,391081,390645,436
13522141,8.63573,8.00041,437,266249,0.445839,0.25,1,391090,390653,437
13525061,6.52715,8.00008,435,266249,0.489168,0.26,1,391096,390661,435
13527981,7.70543,8.00002,435,266249,0.481834,0.23,1,391104,390669,435
13530901,9.54109,8,437,266249,0.504367,0.22,1,391114,390677,437
13533821,9.90822,8,439,266249,0.492873,0.27,1,391124,390685,439
13536741,8.38164,8,439,266249,0.474575,0.33,1,391132,390693,439
13539141,14.4763,8,447,266249,0.454915,0.31,1,391148,390701,447
13542061,8.49527,14.4,438,266249,0.458983,0.26,1,391155,390717,438
13544981,8.89905,9.28,439,266249,0.507797,0.24,1,391164,390725,439
13547461,8.97981,8.256,440,266249,0.509559,0.3,1,391173,390733,440
13549121,5.79596,7.2512,438,266249,0.517912,0.33,1,391178,390740,438
13551201,8.35919,7.05024,440,266249,0.495582,0.29,1,391187,390747,440
13553281,8.07184,8.61005,439,266249,0.427116,0.32,1,391195,390756,439
13556201,12.8144,9.72201,443,266249,0.365423,0.28,1,391209,390766,443
13557861,19.3629,8.3444,456,266249,0.377085,0.36,1,391230,390774,456
13560561,9.47257,19.2689,441,266249,0.403417,0.38,1,391237,390796,441
13562641,17.8945,15.8538,446,266249,0.368683,0.44,1,391257,390811,446
13565561,11.5789,13.5708,443,266249,0.329737,0.4,1,391267,390824,443
13568481,7.91578,9.11415,442,266249,0.321947,0.4,1,391274,390832,442
13571381,7.18316,8.22283,441,266249,0.312389,0.37,1,391281,390840,441
13574301,8.63663,8.04457,442,266249,0.230478,0.36,1,391290,390848,442
13576161,8.12733,8.00891,442,266249,0.198096,0.34,1,391298,390856,442
13579081,9.62547,5.60178,447,266249,0.167619,0.37,1,391308,390861,447
13580741,12.3251,7.52036,452,266249,0.177524,0.36,1,391321,390869,452
13582821,8.86502,15.1041,443,266249,0.211505,0.37,1,391329,390886,443
13584481,8.973,7.82081,446,266249,0.202301,0.39,1,391338,390892,446
13587401,6.5946,5.56416,447,266249,0.22446,0.43,1,391344,390897,447
13589681,9.31892,7.51283,449,266249,0.228892,0.48,1,391354,390905,449
13591761,8.26378,10.3026,446,266249,0.285778,0.47,1,391362,390916,446
13594681,8.85276,10.0605,445,266249,0.289156,0.44,1,391371,390926,445
13597601,9.77055,8.4121,447,266249,0.241831,0.37,1,391381,390934,447
13600081,6.75411,8.08242,445,266249,0.240366,0.44,1,391387,390942,445
13603001,15.7508,12.0165,450,266249,0.232073,0.5,1,391405,390955,450
13604661,8.75016,8.8033,449,266249,0.214415,0.49,1,391412,390963,449
13606741,15.35,7.36066,459,266249,0.202883,0.52,1,391429,390970,459
13609661,8.67001,15.0721,449,266249,0.248577,0.53,1,391436,390987,449
13612581,8.934,9.41443,450,266249,0.297715,0.52,1,391445,390995,450
13615501,8.1868,8.28289,450,266249,0.275543,0.5,1,391453,391003,450
13618421,8.03736,8.05658,450,266249,0.279109,0.52,1,391461,391011,450
13621341,7.20747,8.01132,449,266249,0.279822,0.54,1,391468,391019,449
13624261,7.04149,8.00226,448,266249,0.271964,0.54,1,391475,391027,448
13627181,8.6083,8.00045,449,266249,0.278393,0.48,1,391484,391035,449
13630101,10.5217,8.00009,452,266249,0.287679,0.54,1,391495,391043,452
13632321,8.50433,8.00002,452,266249,0.281536,0.56,1,391503,391051,452
13635241,6.50087,6.4,452,266249,0.256307,0.55,1,391509,391057,452
13638161,6.10017,7.68,450,266249,0.283261,0.51,1,391515,391065,450
13641081,5.22003,7.936,447,266249,0.280652,0.46,1,391520,391073,447
13644001,9.84401,7.9872,450,266249,0.27213,0.45,1,391531,391081,450
13646921,7.5688,7.99744,449,266249,0.262426,0.49,1,391538,391089,449
13649841,8.71376,7.99949,450,266249,0.292485,0.49,1,391547,391097,450
13652761,6.54275,7.9999,448,266249,0.314497,0.51,1,391553,391105,448
13655681,8.50855,7.99998,449,266249,0.294899,0.49,1,391562,391113,449
13658601,5.70171,8,446,266249,0.29898,0.48,1,391567,391121,446
13661521,9.14034,8,448,266249,0.339796,0.45,1,391577,391129,448
13664441,8.22807,8,448,266249,0.347959,0.45,1,391585,391137,448
13667361,8.04561,8,448,266249,0.293592,0.46,1,391593,391145,448
13669761,8.80912,8,449,266249,0.330718,0.53,1,391602,391153,449
13672681,9.76182,8.8,450,266249,0.378144,0.53,1,391612,391162,450
13675601,8.35236,8.16,450,266249,0.379629,0.53,1,391620,391170,450
13678081,6.47047,8.032,448,266249,0.371926,0.41,1,391626,391178,448
13681001,12.4941,15.2064,445,266249,0.394385,0.38,1,391640,391195,445
13683701,8.89882,9.44128,445,266249,0.414877,0.38,1,391648,391203,445
13685781,11.3798,9.08826,448,266249,0.442975,0.37,1,391660,391212,448
13687861,15.076,10.6177,453,266249,0.440595,0.36,1,391676,391223,453
13690781,11.0152,18.1235,443,266249,0.384119,0.35,1,391686,391243,443
13693061,17.403,10.0247,454,266249,0.460824,0.34,1,391705,391251,454
13695981,6.68061,19.6049,436,266249,0.492165,0.31,1,391709,391273,436
13698901,6.93612,10.321,435,266249,0.522433,0.23,1,391716,391281,435
13701821,6.98722,8.4642,434,266249,0.552487,0.21,1,391723,391289,434
13703461,5.39744,8.09284,431,266249,0.606497,0.2,1,391728,391297,431
13706381,8.27949,8.01857,432,266249,0.577299,0.19,1,391737,391305,432
13709281,8.8559,8.00371,433,266249,0.51546,0.21,1,391746,391313,433
13711361,14.5712,12.8007,435,266249,0.527092,0.17,1,391762,391327,435
13713441,11.7142,8.96015,438,266249,0.553418,0.23,1,391773,391335,438
13716361,9.54285,8.19203,439,266249,0.598684,0.28,1,391782,391343,439
13719061,17.1086,8.03841,450,266249,0.615737,0.33,1,391801,391351,450
13721981,9.82171,17.6077,438,266249,0.659147,0.27,1,391809,391371,438
13724881,5.96434,9.92154,435,266249,0.739829,0.26,1,391814,391379,435
13727801,8.39287,8.38431,436,266249,0.715966,0.23,1,391823,391387,436
13730721,7.27857,8.07686,435,266249,0.711193,0.25,1,391830,391395,435
13732581,11.8557,8.01537,440,266249,0.766239,0.26,2,391843,391403,440
13734661,13.5711,12.0031,441,266249,0.777248,0.21,2,391857,391416,441
13736741,13.9142,10.4006,445,266449,0.87545,0.29,2,391871,391426,445
13738821,5.98285,11.6801,437,266449,0.90309,0.32,2,391875,391438,437
13740481,4.39657,7.13602,435,266449,0.932618,0.24,2,391879,391444,435
13743401,13.6793,11.0272,439,266449,0.938524,0.29,2,391895,391456,439
13746321,9.93586,8.60544,440,266449,0.923705,0.26,2,391904,391464,440
14095541,1623,1422,623,1460,0.05,0,1,397486,396863,623
14098461,794.2,782.8,587,5840,0.074,0.02,1,398073,397486,587
14101381,422.04,418.96,588,8760,0.0708,0,1,398402,397814,588
14104301,319.608,346.192,554,11680,0.02216,0.05,1,398696,398142,554
14107221,273.522,278.838,554,14600,0.020432,0.07,1,398958,398404,554
14110141,263.504,265.368,553,15733,0.0920864,0.01,1,399219,398666,553
14113061,266.301,262.674,558,15733,0.146417,0.14,1,399486,398928,558
14115981,258.86,262.135,553,15733,0.157283,0.09,1,399743,399190,553
14118901,266.972,262.027,560,15733,0.239457,0.18,1,400012,399452,560
14121821,262.994,262.005,560,15733,0.247891,0.18,1,400274,399714,560
14124741,265.399,262.001,564,5840,0.185578,0.19,1,400540,399976,564
14127661,266.68,262,569,5840,0.0371157,0.17,1,400807,400238,569
14130581,309.336,294,587,14935,0.0394231,0.03,1,401127,400540,587
14133501,324.267,321.2,587,14935,0.287885,0.02,1,401455,400868,587
14153941,217,262,557,16107,0,0,1,403655,403098,557
14156861,250.6,262,554,16107,0,0.01,1,403914,403360,554
14159781,299.72,282.8,578,16338,0,0,1,404226,403648,578
14162701,307.944,307.76,574,16338,0.008,0,1,404536,403962,574
14165621,306.389,306.352,574,16338,0.0016,0,1,404842,404268,574
14168541,307.678,306.07,576,16338,0.01632,0,1,405150,404574,576
14171461,304.736,306.014,574,16338,0.003264,0.01,1,405454,404880,574
14174381,305.747,306.003,574,16338,0.0326528,0,1,405760,405186,574
14177301,307.549,306.001,576,16338,0.0625306,0,1,406068,405492,576
14180221,304.71,306,574,16338,0.0125061,0.12,1,406372,405798,574
14183141,307.342,306,576,16338,0.226501,0.01,1,406680,406104,576
14186061,311.068,306,582,16338,0.2853,0.36,1,406992,406410,582
14206501,270,306,575,16338,0,0,1,409127,408552,575
14209421,298,306,574,16338,0.024,0,1,409432,408858,574
14212341,304.4,306,574,16338,0.0128,0.07,1,409738,409164,574
14215261,305.68,306,574,16338,0.00256,0.02,1,410044,409470,574
14218181,306.736,306,575,16338,0.000512,0.01,1,410351,409776,575
14221101,306.947,306,576,16338,0.0241024,0.01,1,410658,410082,576
14224021,306.189,306,576,15320,0.0528205,0,1,410964,410388,576
14226941,319.638,306,593,5840,0.0185641,0.05,1,411287,410694,593
14228401,362.328,336.4,622,5840,0.0517128,0.05,1,411660,411038,622
14229861,245.266,240.08,622,12942,0.122343,0.05,1,411876,411254,622
14231321,223.453,220.816,624,12942,0.240469,0.06,1,412094,411470,624
14232781,216.691,216.963,623,12942,0.664094,0.1,1,412309,411686,623
14248841,210,216,659,15862,0.02,0.73,1,414721,414062,659
14251761,198,216,638,15862,0.06,0.09,1,414916,414278,638
14254681,321.2,353.6,602,15862,0.1,0.06,1,415268,414666,602
14257601,347.44,345.92,612,16811,0.548,0.32,1,415622,415010,612
14283881,271,310,578,16811,0.16,0,1,418412,417834,578
14286801,306.2,310,583,16811,0.032,0.19,1,418727,418144,583
14289721,305.24,310,578,16811,0.6784,0,1,419032,418454,578
14292641,328.248,310,602,16811,0.29568,0.62,1,419366,418764,602
14295561,292.85,310,576,16811,0.115136,0.18,1,419650,419074,576
14298481,309.77,310,580,16811,0.767027,0.07,2,419964,419384,580
14313081,251,310,576,16811,0.01,0,1,421510,420934,576
14316001,299.8,310,578,16811,0.258,0.03,1,421822,421244,578
14318921,306.36,310,576,5840,0.7236,0.61,1,422130,421554,576
14337901,170,218,642,15962,0.01,0.03,1,424808,424166,642
14340821,275.6,322,596,16293,0.002,0.01,1,425110,424514,596
14343741,329.52,342.8,591,17496,0.0724,0,1,425453,424862,591
14346661,318.704,337.36,571,17496,0.01448,0,1,425769,425198,571
14349581,298.941,304.272,569,17496,0.002896,0.01,1,426063,425494,569
14352501,297.388,297.654,570,17496,0.0165792,0.02,1,426360,425790,570
14355421,297.078,296.331,571,17496,0.0673158,0.01,1,426657,426086,571
14358341,295.416,296.066,570,17496,0.0214632,0.05,1,426952,426382,570
14361261,295.083,296.013,569,17496,0.0282926,0.01,1,427247,426678,569
14364181,301.417,296.003,576,17496,0.0616585,0.01,1,427550,426974,576
14367101,292.283,296.001,570,17464,0.0203317,0.1,1,427840,427270,570
14370021,296.057,296,571,17417,0.00406634,0,1,428137,427566,571
14372941,296.011,296,571,17369,0.0488133,0,1,428433,427862,571
14375861,294.402,296,569,17322,0.0177627,0.08,1,428727,428158,569
14378781,296.48,296,570,17290,0.0595525,0,1,429024,428454,570
14381701,298.496,296,573,17259,0.107911,0,1,429323,428750,573
14384621,293.299,296,569,17243,0.0215821,0.03,1,429615,429046,569
14387541,296.26,296,570,17212,0.0123164,0.01,1,429912,429342,570
14390461,299.252,296,574,17196,0.00246328,0.01,1,430212,429638,574
14393381,293.45,296,570,17180,0.000492657,0.04,1,430504,429934,570
14396301,296.29,296,571,17164,9.85313e-05,0,1,430801,430230,571
14399221,296.058,296,571,17148,0.0320197,0.05,1,431097,430526,571
14402141,295.212,296,570,17133,0.0144039,0.01,1,431392,430822,570
14405061,295.042,296,569,15527,0.0108808,0.06,1,431687,431118,569
14407981,319.808,296,599,15513,0.0101762,0.01,1,432013,431414,599
14410901,347.962,342.4,600,15513,0.00203523,0,1,432368,431768,600
14413821,351.192,351.68,598,15513,0.00840705,0.01,1,432720,432122,598
14416741,354.238,353.536,599,15513,0.00968141,0,1,433075,432476,599
14419661,355.648,353.907,601,15513,0.00193628,0.05,1,433431,432830,601
14422581,353.53,353.981,600,15513,0.00838726,0.01,1,433784,433184,600
14425501,354.706,353.996,601,15513,0.00167745,0.01,1,434139,433538,601
14428421,354.141,353.999,601,15513,0.0323355,0,1,434493,433892,601
14431341,352.428,354,599,15513,0.0064671,0.04,1,434845,434246,599
14434261,353.686,354,599,15513,0.00129342,0.01,1,435199,434600,599
14437181,353.937,354,599,15513,0.000258684,0.05,1,435553,434954,599
14440101,353.987,354,599,15486,5.17368e-05,0.02,1,435907,435308,599
14443021,353.997,354,599,15486,0.00801035,0.01,1,436261,435662,599
14445941,353.199,354,598,15486,0.0656021,0.05,1,436614,436016,598
14448861,353.84,354,598,15486,0.0131204,0,1,436968,436370,598
14451781,353.968,354,598,15486,0.00262408,0.08,1,437322,436724,598
14454701,354.794,354,599,15486,0.000524816,0,1,437677,437078,599
14457621,354.959,354,600,15486,0.00810496,0,1,438032,437432,600
14460541,354.192,354,600,15486,0.017621,0,1,438386,437786,600
14463461,353.238,354,599,15486,0.0275242,0,1,438739,438140,599
14466381,353.848,354,599,15486,0.00550484,0.01,1,439093,438494,599
14469301,353.17,354,598,14135,0.00110097,0.01,1,439446,438848,598
14470761,373.834,354,623,14141,0.0322202,0,1,439825,439202,623
14472221,244.367,240.4,623,14141,0.054444,0.02,1,440037,439414,623
14473681,217.673,217.68,622,14141,0.0908888,0.03,1,440248,439626,622
14475141,213.135,213.136,622,14141,0.0181778,0.04,1,440460,439838,622
14476601,212.227,212.227,622,14141,0.0116356,0.09,1,440672,440050,622
14478061,216.045,212.045,627,14141,0.00232711,0.03,1,440889,440262,627
14479521,208.809,212.009,622,14141,0.0164654,0.07,1,441096,440474,622
14480981,214.562,212.002,626,14141,0.00329308,0,1,441312,440686,626
14482441,209.312,212,622,14141,0.0486586,0.02,1,441520,440898,622
14483901,211.462,212,622,14141,0.0257317,0.01,1,441732,441110,622
14485361,211.092,212,621,5840,0.00514634,0.04,1,441943,441322,621
14486821,211.819,212,621,5840,0.00102927,0,1,442155,441534,621
14488281,211.964,212,621,5840,0.0242059,0.01,1,442367,441746,621
14489741,255.193,254.4,622,11673,0.0288412,0,1,442633,442011,622
14491201,263.039,262.88,622,11673,0.00576823,0,1,442898,442276,622
14492661,264.608,264.576,622,11673,0.00115365,0.01,1,443163,442541,622
14494121,264.922,264.915,622,11673,0.00823073,0.01,1,443428,442806,622
14495581,264.984,264.983,622,11673,0.00964615,0.01,1,443693,443071,622
14497041,264.997,264.997,622,11673,0.0339292,0.04,1,443958,443336,622
14498501,264.199,264.999,621,11673,0.00678585,0,1,444222,443601,621
14499961,264.84,265,621,11673,0.0173572,0.01,1,444487,443866,621
