#Ack,ack_ewma(ms),send_ewma(ms),rtt_ratio,cwnd (Bytes),Last Router Ocupation Ack Arriaval(Packets),Last Router Ocupation Packet Sent(Packets),Network Situation,AckArrival(ms),TSInsideAck(ms),RTTAck(ms)
4381,2,0,440,16060,0.76,0.3,2,290870,290430,440
7301,2,0,442,18980,0.736,0.3,1,290872,290430,442
10221,2,0,444,21900,0.7632,0.3,2,290874,290430,444
13141,2,0,446,24820,0.75264,0.3,2,290876,290430,446
249661,23,25,497,216520,0.19,1,1,293428,292931,497
255501,63,72.2,486,216520,0.366,1,1,293501,293015,486
274981,23.8,33.64,476,216520,0.3532,1,1,293515,293039,476
276041,51.16,6.728,534,216120,0.27064,0.83,1,293573,293039,534
282681,15.032,65.3456,460,216120,0.190128,1,1,293579,293119,460
287881,21.4064,13.0691,483,215920,0.118026,1,1,293602,293119,483
299521,13.8813,2.61382,495,215300,0.0316051,1,1,293614,293119,495
300161,26.7763,0.522765,525,214480,0.00632102,0.25,1,293644,293119,525
307221,9.35525,80.9046,429,214480,0.0092642,1,1,293649,293220,429
308481,25.0711,16.1809,458,214280,0.00185284,0.01,1,293678,293220,458
317001,5.81421,34.4362,420,214280,0.000370568,0,1,293679,293259,420
326561,21.9628,26.8872,421,214280,0.00807411,0.02,1,293705,293284,421
327601,34.7926,33.3774,424,4294967295,0.00161482,0.09,1,293743,293319,424
330521,10.9585,9.87549,425,4294967295,0.000322965,0.36,1,293748,293323,425
333441,6.1917,6.7751,424,4294967295,6.45929e-05,0.03,1,293753,293329,424
336361,6.03834,6.15502,424,4294967295,0.00801292,0.03,1,293759,293335,424
339281,6.80767,6.031,425,4294967295,0.00160258,0.03,1,293766,293341,425
342201,5.36153,6.0062,424,4294967295,0.00832052,0.04,1,293771,293347,424
345121,5.87231,6.00124,424,4294967295,0.0096641,0.02,1,293777,293353,424
348041,5.97446,6.00025,424,4294967295,0.00993282,0.01,1,293783,293359,424
350961,6.79489,6.00005,425,4294967295,0.0179866,0.08,1,293790,293365,425
352561,35.759,33.2,428,4294967295,0.0115973,0.11,1,293833,293405,428
355481,28.7518,13.84,446,4294967295,0.00231946,0.21,1,293860,293414,446
358401,13.7504,16.368,439,4294967295,0.000463892,0.23,1,293870,293431,439
361321,9.15007,8.0736,441,4294967295,9.27785e-05,0.29,1,293878,293437,441
364241,8.23001,6.41472,443,4294967295,1.85557e-05,0.34,1,293886,293443,443
367161,9.646,6.08294,447,4294967295,0.00800371,0.4,1,293896,293449,447
370081,7.5292,6.01659,448,4294967295,0.00160074,0.42,1,293903,293455,448
373001,6.30584,6.00332,448,4294967295,0.00832015,0.51,1,293909,293461,448
375921,6.06117,6.00066,448,4294967295,0.025664,0.41,1,293915,293467,448
378841,22.8122,28.4001,441,4294967295,0.00513281,0.37,1,293942,293501,441
380641,8.56245,10.48,440,4294967295,0.00102656,0.39,1,293947,293507,440
383561,6.51249,5.29601,442,4294967295,0.000205312,0.36,1,293953,293511,442
385841,6.1025,6.6592,441,4294967295,4.10624e-05,0.36,1,293959,293518,441
388761,6.8205,7.73184,440,4294967295,0.00800821,0.36,1,293966,293526,440
391681,6.1641,6.34637,440,4294967295,0.00160164,0.32,1,293972,293532,440
394601,5.23282,6.06927,439,4294967295,0.00832033,0.32,1,293977,293538,439
397521,5.84656,6.01385,439,4294967295,0.00966407,0.33,1,293983,293544,439
400441,4.36931,6.00277,437,4294967295,0.00193281,0.25,1,293987,293550,437
403361,15.2739,19.6006,432,4294967295,0.00838656,0.15,1,294005,293573,432
405601,9.45477,11.1201,431,4294967295,0.00167731,0.1,1,294013,293582,431
408521,13.091,18.224,425,4294967295,0.000335462,0.05,1,294027,293602,425
411441,7.41819,8.4448,425,4294967295,0.00806709,0.01,1,294033,293608,425
414361,4.68364,6.48896,423,4294967295,0.00161342,0.02,1,294037,293614,423
417281,4.93673,3.69779,425,4294967295,0.000322684,0.01,1,294042,293617,425
420201,4.98735,5.53956,424,4294967295,0.0160645,0.03,1,294047,293623,424
423121,5.79747,5.90791,424,4294967295,0.0112129,0.01,1,294053,293629,424
426041,18.7595,17.1816,426,4294967295,0.0182426,0.05,1,294075,293649,426
428961,6.9519,8.23632,424,4294967295,0.0116485,0.05,1,294079,293655,424
431881,17.3904,6.44726,438,4294967295,0.0103297,0,1,294099,293661,438
434801,8.27808,17.2895,424,4294967295,0.00206594,0,1,294105,293681,424
437721,6.45562,8.25789,424,4294967295,0.000413188,0,1,294111,293687,424
440641,6.09112,6.45158,424,4294967295,8.26376e-05,0.01,1,294117,293693,424
443561,11.6182,10.8903,425,4294967295,0.00801653,0.01,1,294130,293705,425
446481,6.32364,6.97806,424,4294967295,0.0176033,0,1,294135,293711,424
448661,5.26473,6.19561,423,4294967295,0.00352066,0.01,1,294140,293717,423
451581,21.0529,4.43912,444,4294967295,0.000704132,0,1,294165,293721,444
454501,9.81059,22.4878,424,4294967295,0.000140826,0.03,1,294172,293748,424
457421,7.56212,9.29756,425,4294967295,0.00802817,0.01,1,294179,293754,425
460341,5.51242,6.65951,424,4294967295,0.0256056,0,1,294184,293760,424
463261,5.90248,6.1319,424,4294967295,0.0531211,0,1,294190,293766,424
466181,5.9805,6.02638,424,4294967295,0.0106242,0,1,294196,293772,424
469101,5.9961,6.00528,424,4294967295,0.00212485,0.01,1,294202,293778,424
472021,5.99922,6.00106,424,4294967295,0.000424969,0.02,1,294208,293784,424
474941,5.99984,6.00021,424,4294967295,0.00808499,0.01,1,294214,293790,424
477861,6.79997,6.00004,425,4294967295,0.001617,0.01,1,294221,293796,425
480781,5.35999,6.00001,424,4294967295,0.0003234,0,1,294226,293802,424
482981,32.272,6,457,4294967295,6.46799e-05,0.02,1,294265,293808,457
485061,30.4544,31.6,449,4294967295,1.2936e-05,0.01,1,294295,293846,449
487981,10.8909,31.12,424,4294967295,2.5872e-06,0,1,294301,293877,424
490901,6.97818,11.024,424,4294967295,5.17439e-07,0,1,294307,293883,424
493381,10.9956,7.0048,430,4294967295,0.0160001,0.03,1,294319,293889,430
496301,7.79913,11.001,425,4294967295,0.0112,0.03,1,294326,293901,425
498161,5.55983,7.00019,424,4294967295,0.00224,0.02,1,294331,293907,424
501081,6.71196,6.20004,425,4294967295,0.000448001,0,1,294338,293913,425
504001,5.34239,6.04001,424,4294967295,0.0080896,0.06,1,294343,293919,424
506481,5.86848,6.008,424,4294967295,0.0176179,0,1,294349,293925,424
509401,22.7737,22.8016,424,4294967295,0.00352358,0,1,294376,293952,424
511681,9.35474,9.36032,424,4294967295,0.000704717,0.03,1,294382,293958,424
514601,5.87095,5.87206,424,4294967295,0.000140943,0.03,1,294387,293963,424
517521,5.97419,5.97441,424,4294967295,2.81887e-05,0.02,1,294393,293969,424
520421,9.19484,5.99488,428,4294967295,0.00800564,0.02,1,294403,293975,428
523341,7.43897,9.19898,425,4294967295,0.00960113,0,1,294410,293985,425
526261,5.48779,6.6398,424,4294967295,0.00192023,0,1,294415,293991,424
529181,5.89756,6.12796,424,4294967295,0.024384,0.01,1,294421,293997,424
531441,5.97951,6.02559,424,4294967295,0.00487681,0.03,1,294427,294003,424
533521,5.1959,5.20512,424,4294967295,0.00897536,0,1,294432,294008,424
536441,12.2392,12.241,424,4294967295,0.00179507,0.01,1,294446,294022,424
538101,6.44784,7.2482,423,4294967295,0.00835901,0.03,1,294451,294028,423
540181,5.28957,5.44964,423,4294967295,0.0016718,0,1,294456,294033,423
541841,4.25791,4.28993,423,4294967295,0.000334361,0,1,294460,294037,423
544761,4.85158,4.85799,423,4294967295,6.68721e-05,0.03,1,294465,294042,423
546421,4.97032,4.1716,424,4294967295,0.00801338,0.02,1,294470,294046,424
549341,3.39406,4.03432,423,4294967295,0.00160267,0.03,1,294473,294050,423
551201,3.07881,4.00686,422,4294967295,0.00832053,0.03,1,294476,294054,422
553281,8.61576,8.00137,423,4294967295,0.00166411,0.01,1,294486,294063,423
556201,18.5232,17.6003,424,4294967295,0.000332821,0,1,294507,294083,424
559121,6.10463,6.72005,423,4294967295,6.65643e-05,0,1,294510,294087,423
560981,21.2209,4.54401,444,4294967295,1.33129e-05,0,1,294535,294091,444
563901,6.64419,20.1088,423,4294967295,0.00800266,0.01,1,294538,294115,423
566821,4.52884,7.22176,423,4294967295,0.00160053,0.03,1,294542,294119,423
569741,4.10577,4.64435,423,4294967295,0.00832011,0.01,1,294546,294123,423
572421,8.82115,4.12887,429,4294967295,0.00166402,0,1,294556,294127,429
574081,4.16423,8.82577,422,4294967295,0.000332804,0.01,1,294559,294137,422
577001,6.43285,6.56515,423,4294967295,6.65608e-05,0.01,1,294566,294143,423
579281,5.28657,4.51303,424,4294967295,1.33122e-05,0,1,294571,294147,424
582201,25.8573,24.9026,425,4294967295,2.66243e-06,0,1,294602,294177,425
585121,7.57146,8.18052,424,4294967295,5.32487e-07,0.02,1,294605,294181,424
586981,5.51429,4.8361,425,4294967295,0.00800011,0.06,1,294610,294185,425
589901,3.50286,4.96722,423,4294967295,0.00160002,0.03,1,294613,294190,423
592181,7.10057,4.19344,427,4294967295,0.000320004,0.04,1,294621,294194,427
595101,3.02011,5.63869,423,4294967295,6.40008e-05,0.02,1,294623,294200,423
598021,3.80402,4.32774,423,4294967295,1.28002e-05,0.05,1,294627,294204,423
600081,3.9608,4.06555,423,4294967295,0.0240026,0.01,1,294631,294208,423
602161,5.59216,5.61311,423,4294967295,0.0128005,0.01,1,294637,294214,423
605081,9.91843,9.92262,423,4294967295,0.0025601,0.01,1,294648,294225,423
608001,5.18369,5.18452,423,4294967295,0.00851202,0.01,1,294652,294229,423
609861,7.43674,4.2369,427,4294967295,0.0017024,0.01,1,294660,294233,427
611521,3.08735,6.44738,422,4294967295,0.000340481,0.01,1,294662,294240,422
613601,27.8175,26.8895,424,4294967295,6.80962e-05,0.01,1,294696,294272,424
616521,28.7635,29.3779,423,4294967295,0.0240136,0,1,294725,294302,423
618801,9.7527,9.07558,424,4294967295,0.0288027,0.01,1,294730,294306,424
621721,8.35054,9.01512,423,4294967295,0.0137605,0.02,1,294738,294315,423
623381,12.0701,5.00302,432,4294967295,0.0347521,0,1,294751,294319,432
626301,5.61402,11.4006,423,4294967295,0.0389504,0,1,294755,294332,423
629201,5.1228,5.48012,424,4294967295,0.0317901,0.01,1,294760,294336,424
632121,9.02456,9.09602,424,4294967295,0.014358,0.01,1,294770,294346,424
634401,4.20491,5.0192,423,4294967295,0.0108716,0,1,294773,294350,423
637321,4.84098,5.00384,423,4294967295,0.00217432,0.03,1,294778,294355,423
638981,26.5682,4.20077,451,4294967295,0.00843486,0,1,294810,294359,451
641901,8.51364,26.4402,423,4294967295,0.00168697,0,1,294814,294391,423
644801,4.90273,8.48803,423,4294967295,0.000337395,0.01,1,294818,294395,423
647721,4.98055,4.89761,424,4294967295,6.74789e-05,0.03,1,294823,294399,424
649381,8.19611,4.17952,429,4294967295,1.34958e-05,0.03,1,294832,294403,429
651041,3.23922,8.0359,422,4294967295,2.69916e-06,0,1,294834,294412,422
653961,6.24784,5.60718,424,4294967295,0.00800054,0.03,1,294841,294417,424
656881,3.64957,4.32144,423,4294967295,0.00160011,0,1,294844,294421,423
658741,3.92991,4.06429,423,4294967295,0.000320022,0.03,1,294848,294425,423
660821,10.386,4.01286,431,4294967295,0.032064,0,1,294860,294429,431
663741,6.0772,10.4026,424,4294967295,0.0144128,0,1,294865,294441,424
666021,8.41544,5.28051,429,4294967295,0.00288256,0.03,1,294874,294445,429
668721,5.68309,9.0561,424,4294967295,0.000576512,0,1,294879,294455,424
670801,2.73662,4.21122,423,4294967295,0.000115302,0,1,294881,294458,423
672881,6.14732,6.44224,423,4294967295,2.30605e-05,0.01,1,294888,294465,423
675801,10.0295,10.0884,423,4294967295,0.00800461,0,1,294899,294476,423
678721,6.00589,5.21769,424,4294967295,0.00160092,0.03,1,294904,294480,424
681641,3.60118,4.24354,423,4294967295,0.000320184,0.01,1,294907,294484,423
683701,5.52024,4.04871,425,4294967295,6.40369e-05,0.03,1,294913,294488,425
685781,16.304,4.80974,439,4294967295,0.00801281,0,1,294932,294493,439
688701,6.46081,16.9619,423,4294967295,0.00160256,0.01,1,294936,294513,423
690981,21.2922,6.59239,444,4294967295,0.00832051,0,1,294961,294517,444
693901,7.45843,21.3185,423,4294967295,0.0176641,0.01,1,294965,294542,423
696181,3.89169,7.4637,422,4294967295,0.0115328,0,1,294968,294546,422
699101,4.77834,3.89274,424,4294967295,0.00230656,0.03,1,294973,294549,424
701381,12.1557,3.97855,434,4294967295,0.00846131,0,1,294987,294553,434
704301,4.03113,11.1957,423,4294967295,0.00169226,0,1,294989,294566,423
706581,3.20623,5.43914,422,4294967295,0.000338452,0.05,1,294992,294570,422
709501,5.44125,3.48783,425,4294967295,0.0160677,0.03,1,294998,294573,425
711781,29.8883,3.89757,457,4294967295,0.00321354,0.01,1,295034,294577,457
714701,10.7776,31.1795,425,4294967295,0.00864271,0,1,295040,294615,425
717601,4.55553,9.4359,424,4294967295,0.00172854,0.01,1,295043,294619,424
720521,5.71111,7.48718,423,4294967295,0.00834571,0.07,1,295049,294626,423
723441,4.34222,4.69744,423,4294967295,0.00166914,0.01,1,295053,294630,423
726361,4.06844,4.13949,423,4294967295,0.00833383,0.01,1,295057,294634,423
729281,4.01369,4.0279,423,4294967295,0.00966677,0.01,1,295061,294638,423
731121,3.20274,4.00558,422,4294967295,0.00193335,0.01,1,295064,294642,422
734041,9.44055,8.80112,423,4294967295,0.0243867,0,1,295075,294652,423
736741,11.4881,4.96022,431,4294967295,0.0128773,0,1,295087,294656,431
739661,5.49762,10.592,423,4294967295,0.00257547,0.01,1,295091,294668,423
742561,4.29952,5.31841,423,4294967295,0.0245151,0,1,295095,294672,423
744641,26.4599,25.8637,424,4294967295,0.00490302,0.01,1,295127,294703,424
747561,33.292,33.1727,424,4294967295,0.0089806,0.01,1,295162,294738,424
749841,10.6584,9.83455,425,4294967295,0.00179612,0.04,1,295167,294742,425
751921,7.73168,9.16691,423,4294967295,0.00835922,0.03,1,295174,294751,423
754841,5.54634,5.83338,423,4294967295,0.00167184,0.03,1,295179,294756,423
757761,4.30927,4.36668,423,4294967295,0.000334369,0.02,1,295183,294760,423
760241,4.06185,4.07334,423,4294967295,0.00806687,0,1,295187,294764,423
763161,12.8124,11.2147,425,4294967295,0.0176134,0,1,295202,294777,425
765441,4.16247,5.44293,423,4294967295,0.0115227,0.01,1,295204,294781,423
767521,6.43249,5.88859,424,4294967295,0.0103045,0,1,295211,294787,424
770441,25.2865,25.9777,423,4294967295,0.00206091,0,1,295241,294818,423
772721,9.0573,8.39554,424,4294967295,0.0164122,0.03,1,295246,294822,424
775641,7.41146,8.07911,423,4294967295,0.00328244,0.02,1,295253,294830,423
777921,4.68229,4.81582,423,4294967295,0.000656487,0.02,1,295257,294834,423
780841,5.73646,5.76316,423,4294967295,0.000131297,0.03,1,295263,294840,423
783541,7.54729,4.35263,427,4294967295,0.0160263,0.04,1,295271,294844,427
786461,3.90946,6.47053,423,4294967295,0.00320525,0.02,1,295274,294851,423
789361,3.98189,4.49411,423,4294967295,0.00864105,0.03,1,295278,294855,423
791441,7.99638,8.09882,423,4294967295,0.00172821,0,1,295287,294864,423
794361,12.7993,12.8198,423,4294967295,0.000345642,0,1,295301,294878,423
797281,6.55985,5.76395,424,4294967295,6.91284e-05,0,1,295306,294882,424
800201,3.71197,4.35279,423,4294967295,1.38257e-05,0.03,1,295309,294886,423
803121,3.94239,4.07056,423,4294967295,2.76514e-06,0.03,1,295313,294890,423
805381,15.1885,4.01411,437,4294967295,0.00800055,0,1,295331,294894,437
808301,5.4377,14.4028,423,4294967295,0.00160011,0.01,1,295334,294911,423
811221,4.28754,6.08056,423,4294967295,0.000320022,0.03,1,295338,294915,423
814141,4.05751,4.41611,423,4294967295,6.40044e-05,0.01,1,295342,294919,423
815781,22.4115,4.08322,446,4294967295,1.28009e-05,0.01,1,295369,294923,446
818701,7.6823,22.4166,423,4294967295,2.56018e-06,0.01,1,295373,294950,423
820981,16.7365,7.68333,438,4294967295,5.12035e-07,0,1,295392,294954,438
823901,7.34729,16.7367,424,4294967295,0.0080001,0,1,295397,294973,424
826801,4.66946,6.54733,424,4294967295,0.00160002,0.01,1,295401,294977,424
829721,4.93389,6.10947,423,4294967295,0.03232,0.03,1,295406,294983,423
831381,8.98678,4.42189,429,4294967295,0.006464,0.02,1,295416,294987,429
834301,5.79736,8.88438,424,4294967295,0.0012928,0,1,295421,294997,424
837221,3.55947,4.97688,423,4294967295,0.00025856,0.03,1,295424,295001,423
840141,3.91189,4.19538,423,4294967295,0.0160517,0.03,1,295428,295005,423
841781,27.1824,4.03908,452,4294967295,0.00321034,0,1,295461,295009,452
843861,10.2365,26.4078,426,4294967295,0.000642068,0.01,1,295467,295041,426
846781,5.2473,10.8816,423,4294967295,0.000128414,0,1,295471,295048,423
848641,4.24946,5.37631,423,4294967295,0.00802568,0.01,1,295475,295052,423
851561,5.64989,5.07526,424,4294967295,0.00160514,0.01,1,295481,295057,424
853841,4.32998,4.21505,424,4294967295,0.00832103,0.01,1,295485,295061,424
856761,6.466,6.44301,424,4294967295,0.0096642,0.01,1,295492,295068,424
859681,4.4932,4.4886,424,4294967295,0.00993284,0.01,1,295496,295072,424
862161,3.29864,4.09772,423,4294967295,0.00198657,0.03,1,295499,295076,423
864241,7.05973,7.21954,423,4294967295,0.000397314,0,1,295507,295084,423
867161,9.41195,8.64391,424,4294967295,7.94627e-05,0,1,295517,295093,424
870081,5.08239,4.92878,424,4294967295,0.0160159,0.02,1,295521,295097,424
873001,3.41648,4.18576,423,4294967295,0.0112032,0.06,1,295524,295101,423
875061,28.6833,4.03715,454,4294967295,0.0102406,0.01,1,295559,295105,454
877141,36.1367,27.2074,459,4294967295,0.0100481,0.01,1,295597,295138,459
880061,11.2273,37.4415,424,4294967295,0.00200963,0.01,1,295602,295178,424
882981,6.24547,10.6883,425,4294967295,0.0244019,0.03,1,295607,295182,425
885041,3.64909,5.33766,424,4294967295,0.0288804,0.07,1,295610,295186,424
887961,6.32982,7.46753,423,4294967295,0.0297761,0.04,1,295617,295194,423
890881,4.46596,4.69351,423,4294967295,0.0459552,0.02,1,295621,295198,423
892741,6.49319,4.1387,426,4294967295,0.081191,0.03,1,295628,295202,426
895661,5.29864,6.42774,424,4294967295,0.104238,0,1,295633,295209,424
898561,4.25973,4.48555,424,4294967295,0.0848476,0,1,295637,295213,424
901481,32.0519,32.8971,423,4294967295,0.0409695,0,1,295676,295253,423
904401,10.4104,9.77942,424,4294967295,0.0401939,0,1,295681,295257,424
907301,6.08208,5.15588,425,4294967295,0.0240388,0.01,1,295686,295261,425
910221,5.21642,5.83118,424,4294967295,0.0208078,0.03,1,295691,295267,424
912501,2.64328,4.36624,422,4294967295,0.0121616,0.01,1,295693,295271,422
914161,2.92866,3.27325,422,4294967295,0.0184323,0.03,1,295696,295274,422
917081,6.18573,4.65465,424,4294967295,0.0356865,0.01,1,295703,295279,424
920001,4.43715,4.13093,424,4294967295,0.0391373,0,1,295707,295283,424
921861,16.0874,4.02619,439,4294967295,0.0398275,0,1,295726,295287,439
924781,5.61749,16.0052,423,4294967295,0.0239655,0.01,1,295729,295306,423
927681,4.3235,6.40105,423,4294967295,0.0127931,0.03,1,295733,295310,423
930601,4.0647,4.48021,423,4294967295,0.0185586,0.01,1,295737,295314,423
933521,4.01294,4.09604,423,4294967295,0.0357117,0,1,295741,295318,423
935381,12.8026,4.01921,434,4294967295,0.00714234,0,1,295756,295322,434
938301,6.56052,12.8038,424,4294967295,0.0174285,0.01,1,295761,295337,424
940581,2.9121,5.76077,422,4294967295,0.00348569,0.01,1,295763,295341,422
943501,4.58242,3.55215,424,4294967295,0.000697139,0.01,1,295768,295344,424
945781,28.9165,3.91043,455,4294967295,0.000139428,0.01,1,295803,295348,455
948701,8.9833,29.5821,423,4294967295,2.78855e-05,0,1,295807,295384,423
950981,9.79666,9.11642,429,4294967295,5.57711e-06,0.01,1,295817,295388,429
953901,5.15933,9.02328,424,4294967295,1.11542e-06,0,1,295821,295397,424
956821,3.43187,5.00466,423,4294967295,2.23084e-07,0.05,1,295824,295401,423
959301,11.8864,4.20093,433,4294967295,4.46169e-08,0,1,295838,295405,433
961381,5.57727,11.2402,424,4294967295,8.92337e-09,0,1,295842,295418,424
963461,8.31546,6.24804,428,4294967295,1.78467e-09,0.01,1,295851,295423,428
966381,5.66309,8.44961,424,4294967295,0.016,0,1,295856,295432,424
969301,3.53262,4.88992,423,4294967295,0.0272,0.03,1,295859,295436,423
971781,28.7065,4.17798,454,4294967295,0.00544,0.01,1,295894,295440,454
974701,8.9413,28.8356,423,4294967295,0.001088,0.01,1,295898,295475,423
977621,4.98826,8.96712,423,4294967295,0.0002176,0.01,1,295902,295479,423
980541,4.19765,4.99342,423,4294967295,4.352e-05,0.01,1,295906,295483,423
983221,8.83953,4.19868,429,4294967295,0.0080087,0,1,295916,295487,429
986141,5.76791,8.83974,424,4294967295,0.0176017,0.01,1,295921,295497,424
988421,6.75358,4.96795,427,4294967295,0.00352035,0.05,1,295928,295501,427
991341,4.55072,7.39359,423,4294967295,0.00070407,0,1,295932,295509,423
993201,3.31014,4.67872,422,4294967295,0.0401408,0.05,1,295935,295513,422
996121,6.26203,5.73574,423,4294967295,0.00802816,0.01,1,295942,295519,423
998821,5.25241,4.34715,424,4294967295,0.00960563,0,1,295947,295523,424
1001741,4.25048,4.86943,423,4294967295,0.00192113,0.01,1,295951,295528,423
1003601,4.0501,4.17389,423,4294967295,0.00838422,0.02,1,295955,295532,423
1005681,31.21,30.4348,424,4294967295,0.00167684,0.06,1,295993,295569,424
1008601,35.842,35.687,424,4294967295,0.0243354,0.05,1,296030,295606,424
1011521,11.1684,10.3374,425,4294967295,0.0448671,0.06,1,296035,295610,425
1014441,7.03368,5.26748,427,4294967295,0.0329734,0.06,1,296041,295614,427
1017361,5.40674,4.2535,428,4294967295,0.0145947,0.07,1,296046,295618,428
1019621,9.08135,4.0507,434,4294967295,0.0509189,0.1,1,296056,295622,434
1022541,5.81627,11.2101,426,4294967295,0.0501838,0.09,1,296061,295635,426
1024821,7.56325,5.44203,430,4294967295,0.0660368,0.09,1,296069,295639,430
1027741,5.51265,6.68841,428,4294967295,0.0692073,0.1,1,296074,295646,428
1029601,4.30253,4.53768,428,4294967295,0.0538415,0.03,1,296078,295650,428
1032521,25.6605,28.1075,425,4294967295,0.0187683,0.01,1,296109,295684,425
1035441,8.3321,8.82151,425,4294967295,0.00375366,0.03,1,296113,295688,425
1037921,4.86642,4.9643,425,4294967295,0.000750732,0.05,1,296117,295692,425
1040841,8.17328,8.99286,424,4294967295,0.00815015,0.05,1,296126,295702,424
1043761,4.03466,4.99857,423,4294967295,0.00163003,0.01,1,296129,295706,423
1046661,4.00693,4.19971,423,4294967295,0.016326,0.06,1,296133,295710,423
1049581,4.80139,4.03994,424,4294967295,0.0512652,0.04,1,296138,295714,424
1051861,11.3603,4.00799,433,4294967295,0.114253,0.01,1,296151,295718,433
1053941,7.07206,11.2016,426,4294967295,0.150851,0.01,1,296157,295731,426
1056861,4.61441,7.84032,423,4294967295,0.17417,0.02,1,296161,295738,423
1058721,4.12288,4.76806,423,4294967295,0.162834,0.01,1,296165,295742,423
1061641,5.62458,4.95361,424,4294967295,0.144567,0.01,1,296171,295747,424
1063921,3.52492,4.19072,423,4294967295,0.124913,0.02,1,296174,295751,423
1066001,8.70498,8.03814,424,4294967295,0.184983,0,1,296184,295760,424
1068921,7.341,8.00763,423,4294967295,0.212997,0.02,1,296191,295768,423
1071201,5.4682,4.80153,424,4294967295,0.242599,0,1,296196,295772,424
1074121,6.69364,4.96031,426,4294967295,0.21652,0.05,1,296203,295777,426
1075781,27.7387,4.19206,455,4294967295,0.243304,0,1,296236,295781,455
1078701,7.94775,28.8384,423,4294967295,0.216661,0.01,1,296239,295816,423
1080981,3.98955,8.96768,422,4294967295,0.195332,0,1,296242,295820,422
1083901,3.99791,4.19354,423,4294967295,0.159066,0.01,1,296246,295823,423
1086181,6.39958,4.03871,426,4294967295,0.0878133,0.03,1,296253,295827,426
1087841,3.67992,6.40774,422,4294967295,0.0735627,0.03,1,296256,295834,422
1090761,9.53598,9.28155,423,4294967295,0.0387125,0,1,296267,295844,423
1093461,13.1072,5.05631,433,4294967295,0.00774251,0.01,1,296281,295848,433
1096381,5.02144,11.4113,423,4294967295,0.0015485,0.01,1,296284,295861,423
1098661,9.00429,5.48225,429,4294967295,0.0083097,0.04,1,296294,295865,429
1100321,5.00086,9.09645,423,4294967295,0.00966194,0,1,296298,295875,423
1103241,21.8002,22.6193,423,4294967295,0.00193239,0.01,1,296324,295901,423
1106161,7.56003,7.72386,423,4294967295,0.000386478,0.01,1,296328,295905,423
1108641,4.71201,4.74477,423,4294967295,0.0240773,0.01,1,296332,295909,423
1110721,4.1424,3.34895,424,4294967295,0.00481546,0.02,1,296336,295912,424
1113641,10.4285,10.2698,424,4294967295,0.00896309,0,1,296348,295924,424
1116561,4.4857,5.25396,423,4294967295,0.0177926,0,1,296351,295928,423
1119481,4.89714,4.25079,424,4294967295,0.00355852,0.06,1,296356,295932,424
1122161,3.37943,4.05016,423,4294967295,0.000711705,0.01,1,296359,295936,423
1125081,10.2759,9.61003,424,4294967295,0.00814234,0,1,296371,295947,424
1128001,5.25518,5.12201,424,4294967295,0.00962847,0.01,1,296375,295951,424
1130921,3.45104,4.2244,423,4294967295,0.00992569,0.03,1,296378,295955,423
1133841,3.89021,4.04488,423,4294967295,0.00998514,0.03,1,296382,295959,423
1136101,35.978,4.00898,463,4294967295,0.033997,0.01,1,296426,295963,463
1138181,33.5956,35.2018,453,4294967295,0.0147994,0.07,1,296459,296006,453
1141101,10.7191,33.4404,425,4294967295,0.00295988,0.03,1,296464,296039,425
1143381,9.34382,9.88807,430,4294967295,0.00859198,0.09,1,296473,296043,430
1146301,5.86876,9.17761,426,4294967295,0.0337184,0.06,1,296478,296052,426
1148161,3.57375,5.03552,425,4294967295,0.0707437,0.09,1,296481,296056,425
1151081,8.71475,9.0071,425,4294967295,0.0861487,0.1,1,296491,296066,425
1154001,5.74295,5.00142,426,4294967295,0.0572297,0.09,1,296496,296070,426
1156901,9.14859,4.20028,432,4294967295,0.083446,0.1,1,296506,296074,432
1159821,5.82972,9.64006,426,4294967295,0.0966892,0.09,1,296511,296085,426
1162101,26.7659,5.12801,454,4294967295,0.0273378,0.01,1,296543,296089,454
1165021,9.35319,28.2256,425,4294967295,0.00546757,0.01,1,296548,296123,425
1167941,5.87064,8.84512,426,4294967295,0.0330935,0.06,1,296553,296127,426
1170861,5.17413,4.96902,427,4294967295,0.0146187,0.08,1,296558,296131,427
1173781,5.03483,4.1938,428,4294967295,0.0109237,0.09,1,296563,296135,428
1176701,5.80697,4.03876,430,4294967295,0.0421847,0.13,1,296569,296139,430
1178741,4.36139,4.00775,430,4294967295,0.072437,0.13,1,296573,296143,430
1180401,3.27228,3.20155,430,4294967295,0.0784874,0.16,1,296576,296146,430
1182481,10.2545,9.44031,431,4294967295,0.135697,0.18,1,296588,296157,431
1185401,7.65089,7.48806,431,4294967295,0.17114,0.16,1,296595,296164,431
1188321,5.53018,4.69761,432,4294967295,0.162228,0.14,1,296600,296168,432
1191221,6.70604,4.13952,435,4294967295,0.128446,0.2,1,296607,296172,435
1194141,5.34121,5.6279,434,4294967295,0.129689,0.23,1,296612,296178,434
1196421,5.86824,4.32558,436,4294967295,0.121938,0.22,1,296618,296182,436
1198501,9.17365,4.86512,441,4294967295,0.152388,0.25,1,296628,296187,441
1200581,10.6347,9.77302,441,4294967295,0.150478,0.24,1,296639,296198,441
1203501,6.12695,9.1546,437,4294967295,0.150096,0.26,1,296644,296207,437
1205781,18.8254,5.03092,455,4294967295,0.0860191,0.17,1,296666,296211,455
1208701,6.96508,27.4062,426,4294967295,0.0732038,0.11,1,296670,296244,426
1210981,5.39302,8.68124,427,4294967295,0.0546408,0.1,1,296675,296248,427
1213901,4.2786,7.33625,424,4294967295,0.0749282,0.09,1,296679,296255,424
1216181,5.65572,4.66725,426,4294967295,0.0549856,0.07,1,296685,296259,426
1218881,4.33114,5.73345,424,4294967295,0.0669971,0.04,1,296689,296265,424
1220961,8.06623,8.34669,424,4294967295,0.101399,0.01,1,296698,296274,424
1223881,17.6132,17.6693,424,4294967295,0.14028,0.01,1,296718,296294,424
1226801,7.52265,6.73387,425,4294967295,0.108056,0.01,1,296723,296298,425
1228661,3.90453,4.54677,424,4294967295,0.0936112,0.06,1,296726,296302,424
1231361,3.18091,4.10935,423,4294967295,0.0907222,0.01,1,296729,296306,423
1234281,23.8362,24.0219,423,4294967295,0.0901445,0.01,1,296758,296335,423
1237201,7.96724,8.00437,423,4294967295,0.0660289,0,1,296762,296339,423
1239681,4.79345,4.80087,423,4294967295,0.0772058,0.02,1,296766,296343,423
1242601,7.35869,7.36017,423,4294967295,0.0394412,0.02,1,296774,296351,423
1245521,4.67174,4.67203,423,4294967295,0.0318882,0.01,1,296778,296355,423
1248421,7.33435,4.13441,427,4294967295,0.0383776,0.03,1,296786,296359,427
1251341,5.46687,7.22688,424,4294967295,0.0316755,0.01,1,296791,296367,424
1253201,2.69337,4.64538,422,4294967295,0.0303351,0.03,1,296793,296371,422
1256121,8.53867,7.32908,424,4294967295,0.014067,0,1,296803,296379,424
1259041,4.10773,4.66582,423,4294967295,0.0028134,0,1,296806,296383,423
1261521,4.82155,4.13316,424,4294967295,0.000562681,0.02,1,296811,296387,424
1264441,2.56431,3.22663,423,4294967295,0.00811254,0.03,1,296813,296390,423
1266101,39.7129,3.84533,468,4294967295,0.00962251,0.01,1,296862,296394,468
1268181,28.7426,39.9691,445,4294967295,0.0259245,0.01,1,296888,296443,445
1271101,10.5485,27.9938,426,4294967295,0.0211849,0.01,1,296894,296468,426
1273381,4.5097,8.79876,425,4294967295,0.012237,0.03,1,296897,296472,425
1275461,11.3019,4.15975,435,4294967295,0.0024474,0.1,1,296910,296475,435
1278381,7.06039,11.232,428,4294967295,0.0484895,0.09,1,296916,296488,428
1280661,6.21208,5.44639,430,4294967295,0.0496979,0.12,1,296922,296492,430
1282741,7.64242,5.88928,432,4294967295,0.0739396,0.1,1,296930,296498,432
1284401,4.72848,8.37786,427,4294967295,0.0707879,0.1,1,296934,296507,427
1287321,3.3457,4.87557,426,4294967295,0.0861576,0.11,1,296937,296511,426
1290241,4.66914,4.17511,427,4294967295,0.0892315,0.12,1,296942,296515,427
1292101,24.9338,4.03502,453,4294967295,0.0738463,0.05,1,296972,296519,453
1295021,9.78677,28.007,425,4294967295,0.0547693,0.04,1,296978,296553,425
1297301,8.35735,8.8014,429,4294967295,0.0189539,0.07,1,296986,296557,429
1300221,5.67147,7.36028,427,4294967295,0.0197908,0.06,1,296991,296564,427
1302501,4.33429,4.67206,427,4294967295,0.0119582,0.07,1,296995,296568,427
1305421,4.06686,3.33441,428,4294967295,0.0503916,0.09,1,296999,296571,428
1308341,5.61337,3.86688,430,4294967295,0.0420783,0.14,1,297005,296575,430
1311261,5.12267,3.97338,431,4294967295,0.0644157,0.13,1,297010,296579,431
1312901,6.62453,3.99468,434,4294967295,0.0928831,0.2,1,297017,296583,434
1314981,7.72491,7.19894,434,4294967295,0.0985766,0.18,1,297025,296591,434
1317061,10.345,8.63979,436,4294967295,0.0517153,0.13,1,297036,296600,436
1319981,5.269,10.528,429,4294967295,0.0423431,0.15,1,297040,296611,429
1321841,5.0538,5.30559,430,4294967295,0.0484686,0.2,1,297045,296615,430
1324761,9.81076,9.86112,430,4294967295,0.0576937,0.17,1,297056,296626,430
1327041,5.16215,5.17222,430,4294967295,0.0515387,0.17,1,297060,296630,430
1329961,9.03243,10.6344,428,4294967295,0.0983078,0.13,1,297070,296642,428
1332661,11.4065,5.32689,436,4294967295,0.0916616,0.13,1,297082,296646,436
1334321,5.4813,12.2654,426,4294967295,0.0823323,0.05,1,297086,296660,426
1337241,13.0963,14.4531,426,4294967295,0.104466,0.1,1,297101,296675,426
1340161,5.81925,6.09061,426,4294967295,0.132893,0.07,1,297105,296679,426
1343081,5.16385,4.41812,427,4294967295,0.106579,0.09,1,297110,296683,427
1346001,5.03277,4.08362,428,4294967295,0.0933157,0.11,1,297115,296687,428
1348261,9.80655,4.01672,435,4294967295,0.114663,0.15,1,297126,296691,435
1351181,6.76131,10.4033,429,4294967295,0.150933,0.12,1,297132,296703,429
1353461,20.5523,5.28067,449,4294967295,0.150187,0.06,1,297156,296707,449
1356381,8.91045,24.2561,426,4294967295,0.110037,0.05,1,297162,296736,426
1359301,5.78209,8.05123,427,4294967295,0.0940075,0.05,1,297167,296740,427
1362221,4.35642,4.81025,427,4294967295,0.0748015,0.09,1,297171,296744,427
1363861,15.2713,4.16205,441,4294967295,0.0709603,0.07,1,297189,296748,441
1366781,6.25426,17.6324,424,4294967295,0.0781921,0.05,1,297193,296769,424
1369701,4.45085,6.72648,424,4294967295,0.0556384,0.03,1,297197,296773,424
1372181,4.09017,4.5453,424,4294967295,0.0511277,0.03,1,297201,296777,424
1375101,3.21803,3.30906,424,4294967295,0.0502255,0.05,1,297204,296780,424
1377381,5.44361,3.86181,426,4294967295,0.0660451,0.03,1,297210,296784,426
1379041,3.48872,6.37236,422,4294967295,0.093209,0.01,1,297213,296791,422
1381961,7.89774,7.67447,423,4294967295,0.0986418,0.02,1,297222,296799,423
1384241,4.77955,4.73489,423,4294967295,0.0917284,0.01,1,297226,296803,423
1387161,7.35591,6.54698,424,4294967295,0.0743457,0.01,1,297234,296810,424
1389441,3.87118,4.5094,423,4294967295,0.0468691,0.01,1,297237,296814,423
1392361,3.97424,3.30188,424,4294967295,0.00937383,0.01,1,297241,296817,424
1394641,3.19485,3.86038,423,4294967295,0.00187477,0.04,1,297244,296821,423
1396721,43.039,42.3721,424,4294967295,0.00837495,0.02,1,297297,296873,424
1398801,24.6078,25.2744,423,4294967295,0.00967499,0.01,1,297317,296894,423
1401721,12.9216,11.4549,425,4294967295,0.009935,0.03,1,297327,296902,425
1404001,6.58431,5.49098,426,4294967295,0.025987,0.08,1,297332,296906,426
1406081,8.51686,7.4982,427,4294967295,0.0051974,0.09,1,297341,296914,427
1409001,9.70337,9.49964,427,4294967295,0.0490395,0.12,1,297351,296924,427
1411281,5.94067,5.09993,428,4294967295,0.0658079,0.09,1,297356,296928,428
1414201,8.38814,8.21999,428,4294967295,0.0611616,0.11,1,297365,296937,428
1416901,4.87763,4.844,428,4294967295,0.0522323,0.13,1,297369,296941,428
1419821,4.17553,3.3688,429,4294967295,0.0504465,0.14,1,297373,296944,429
1422101,21.6351,3.87376,451,4294967295,0.0500893,0.04,1,297399,296948,451
1424181,13.127,26.3748,430,4294967295,0.0340179,0.03,1,297410,296980,430
1427101,5.8254,12.475,425,4294967295,0.0228036,0.03,1,297414,296989,425
1429381,5.96508,5.69499,427,4294967295,0.0125607,0.07,1,297420,296993,427
1432301,4.39302,5.139,426,4294967295,0.0105121,0.09,1,297424,296998,426
1435221,4.8786,4.2278,427,4294967295,0.0421024,0.08,1,297429,297002,427
1437701,4.97572,4.04556,428,4294967295,0.0164205,0.07,1,297434,297006,428
1439361,4.19514,4.80911,427,4294967295,0.0112841,0.1,1,297438,297011,427
1442281,7.23903,8.16182,426,4294967295,0.0662568,0.12,1,297446,297020,426
1444981,9.44781,4.83236,432,4294967295,0.0692514,0.08,1,297456,297024,432
1447061,7.48956,9.76647,428,4294967295,0.0778503,0.05,1,297463,297035,428
1449141,10.2979,7.55329,432,4294967295,0.0795701,0.07,1,297474,297042,432
1452061,6.85958,10.3107,427,4294967295,0.135914,0.07,1,297480,297053,427
1454341,10.1719,5.26213,434,4294967295,0.107183,0.12,1,297491,297057,434
1457261,6.03438,10.6524,427,4294967295,0.109437,0.09,1,297496,297069,427
1459541,6.80688,5.33049,430,4294967295,0.101887,0.11,1,297503,297073,430
1461621,9.36138,6.6661,433,4294967295,0.132377,0.13,1,297513,297080,433
1464541,5.87227,9.33322,428,4294967295,0.162475,0.12,1,297518,297090,428
1466821,14.7745,5.06664,441,4294967295,0.136495,0.11,1,297535,297094,441
1469741,6.95489,14.6133,429,4294967295,0.139299,0.09,1,297540,297111,429
1472021,4.59098,6.12267,429,4294967295,0.12386,0.08,1,297544,297115,429
1474941,4.9182,3.62453,431,4294967295,0.088772,0.13,1,297549,297118,431
1476801,4.18364,3.92491,431,4294967295,0.0817544,0.19,1,297553,297122,431
1478881,7.23673,7.18498,431,4294967295,0.0643509,0.18,1,297561,297130,431
1481801,6.24735,6.237,431,4294967295,0.14887,0.2,1,297567,297136,431
1483461,18.8495,4.4474,449,4294967295,0.109774,0.09,1,297589,297140,449
1486381,7.76989,23.2895,426,4294967295,0.0539548,0.07,1,297594,297168,426
1488661,9.55398,7.8579,432,4294967295,0.026791,0.1,1,297604,297172,432
1491581,5.1108,9.57158,426,4294967295,0.0533582,0.08,1,297608,297182,426
1493861,9.82216,5.11432,433,4294967295,0.0506716,0.08,1,297619,297186,433
1496781,5.96443,10.6229,426,4294967295,0.0981343,0.07,1,297624,297198,426
1499061,9.19289,5.32457,432,4294967295,0.0836269,0.12,1,297634,297202,432
1501981,5.03858,8.26491,427,4294967295,0.0807254,0.08,1,297638,297211,427
1504901,4.20772,4.85298,427,4294967295,0.0721451,0.11,1,297642,297215,427
1507821,3.24154,4.1706,426,4294967295,0.086429,0.11,1,297645,297219,426
1510741,3.04831,4.03412,425,4294967295,0.105286,0.09,1,297648,297223,425
1513621,4.60966,4.00682,426,4294967295,0.0850572,0.07,1,297653,297227,426
1515281,3.32193,6.40136,422,4294967295,0.105011,0.02,1,297656,297234,422
1518201,5.46439,5.28027,423,4294967295,0.117002,0.01,1,297662,297239,423
1520481,4.29288,4.25605,423,4294967295,0.1114,0,1,297666,297243,423
1523401,3.25858,3.25121,423,4294967295,0.11828,0.01,1,297669,297246,423
1525681,3.85172,3.85024,423,4294967295,0.135656,0.02,1,297673,297250,423
1527761,44.7703,44.77,423,4294967295,0.0271312,0.04,1,297728,297305,423
1529841,21.7541,21.754,423,4294967295,0.0134262,0.03,1,297744,297321,423
1532761,17.9508,16.3508,425,4294967295,0.0106852,0,1,297761,297336,425
1535681,7.59016,6.47016,426,4294967295,0.00213705,0.02,1,297766,297340,426
1538581,15.118,4.49403,439,4294967295,0.0244274,0.06,1,297783,297344,439
1541501,6.22361,15.2988,425,4294967295,0.0208855,0.06,1,297787,297362,425
1543781,5.24472,6.25976,426,4294967295,0.0201771,0.05,1,297792,297366,426
1545861,10.6489,5.25195,433,4294967295,0.0280354,0.04,1,297804,297371,433
1548781,6.12979,11.4504,425,4294967295,0.0376071,0.05,1,297809,297384,425
1550641,3.62596,5.49008,424,4294967295,0.0635214,0.02,1,297812,297388,424
1553561,21.5252,21.898,424,4294967295,0.0767043,0.02,1,297838,297414,424
1556261,12.305,7.5796,430,4294967295,0.0393409,0.05,1,297848,297418,430
1559181,7.26101,10.3159,425,4294967295,0.00786817,0.02,1,297854,297429,425
1562101,5.4522,5.26318,426,4294967295,0.0255736,0.03,1,297859,297433,426
1565021,5.09044,4.25264,427,4294967295,0.0531147,0.08,1,297864,297437,427
1567701,4.21809,4.05053,427,4294967295,0.0586229,0.08,1,297868,297441,427
1570401,4.84362,4.81011,427,4294967295,0.0517246,0.08,1,297873,297446,427
1572481,8.96872,8.16202,428,4294967295,0.0423449,0.13,1,297883,297455,428
1575401,12.9937,11.2324,430,4294967295,0.080469,0.11,1,297897,297467,430
1577681,5.79875,5.44648,430,4294967295,0.0800938,0.15,1,297901,297471,430
1579761,7.55975,8.2893,429,4294967295,0.0560188,0.14,1,297909,297480,429
1582681,11.912,12.0579,429,4294967295,0.0592038,0.14,1,297922,297493,429
1584961,6.38239,5.61157,430,4294967295,0.0678407,0.09,1,297927,297497,430
1587881,3.67648,3.52231,430,4294967295,0.0695681,0.11,1,297930,297500,430
1589541,10.3353,3.90446,438,4294967295,0.0619136,0.18,1,297942,297504,438
1592241,6.06706,11.1809,430,4294967295,0.0523827,0.16,1,297947,297517,430
1595161,8.41341,9.43618,430,4294967295,0.0344765,0.16,1,297956,297526,430
1596821,7.28268,5.08724,433,4294967295,0.0388953,0.15,1,297963,297530,433
1598901,10.2565,9.81745,433,4294967295,0.0317791,0.11,1,297974,297541,433
1601821,6.05131,10.7635,427,4294967295,0.0303558,0.08,1,297979,297552,427
1604741,6.01026,5.3527,429,4294967295,0.0140712,0.08,1,297985,297556,429
1607661,4.40205,4.27054,429,4294967295,0.0108142,0.11,1,297989,297560,429
1609301,4.88041,4.05411,430,4294967295,0.0261628,0.17,1,297994,297564,430
1612001,4.97608,5.61082,429,4294967295,0.00523257,0.05,1,297999,297570,429
1614921,18.5952,22.7222,424,4294967295,0.0730465,0.03,1,298021,297597,424
1617201,7.71904,7.74443,425,4294967295,0.102609,0.05,1,298026,297601,425
1620121,8.74381,7.94889,426,4294967295,0.0525219,0.07,1,298035,297609,426
1622401,5.74876,4.78978,427,4294967295,0.0345044,0.1,1,298040,297613,427
1624481,7.54975,7.35796,427,4294967295,0.0149009,0.08,1,298048,297621,427
1627401,12.71,11.8716,428,4294967295,0.10698,0.12,1,298062,297634,428
1629061,6.54199,5.57432,429,4294967295,0.117396,0.09,1,298067,297638,429
1631981,5.3084,6.71486,427,4294967295,0.0794792,0.1,1,298072,297645,427
1634901,5.06168,4.54297,428,4294967295,0.0718958,0.1,1,298077,297649,428
1637381,5.81234,4.10859,430,4294967295,0.0943792,0.12,1,298083,297653,430
1640301,5.16247,4.82172,430,4294967295,0.0828758,0.15,1,298088,297658,430
1643221,3.43249,4.16434,429,4294967295,0.104575,0.15,1,298091,297662,429
1646141,3.0865,4.03287,428,4294967295,0.116915,0.16,1,298094,297666,428
1649061,3.8173,4.00657,428,4294967295,0.095383,0.16,1,298098,297670,428
1651981,3.16346,4.00131,427,4294967295,0.0590766,0.15,1,298101,297674,427
1654901,2.23269,4.00026,425,4294967295,0.0598153,0.13,1,298103,297678,425
1656721,2.84654,4.00005,424,4294967295,0.107963,0.01,1,298106,297682,424
1658801,43.7693,43.2,425,4294967295,0.0215926,0.06,1,298160,297735,425
1660881,18.3539,18.24,425,4294967295,0.0123185,0,1,298172,297747,425
1663801,19.6708,20.448,424,4294967295,0.0104637,0.01,1,298192,297768,424
1666081,7.93415,7.2896,425,4294967295,0.0100927,0.05,1,298197,297772,425
1669001,10.3868,11.0579,424,4294967295,0.00201855,0.05,1,298208,297784,424
1670661,11.6774,5.41158,432,4294967295,0.0484037,0.06,1,298220,297788,432
1673581,6.33547,9.88232,426,4294967295,0.0256807,0.03,1,298225,297799,426
1675861,3.66709,5.17646,425,4294967295,0.0211361,0.01,1,298228,297803,425
1677941,7.13342,3.43529,430,4294967295,0.0122272,0.07,1,298236,297806,430
1680861,4.62668,5.48706,428,4294967295,0.0264454,0.09,1,298240,297812,428
1683141,19.3253,4.29741,447,4294967295,0.0292891,0.03,1,298263,297816,447
1685221,11.0651,23.2595,428,4294967295,0.00585782,0.01,1,298272,297844,428
1686881,5.41301,11.8519,423,4294967295,0.0331716,0.04,1,298276,297853,423
1689801,5.8826,5.57038,425,4294967295,0.0626343,0.03,1,298282,297857,425
1691461,5.17652,4.31408,426,4294967295,0.0525269,0.06,1,298287,297861,426
1693121,4.2353,4.86282,425,4294967295,0.0425054,0.06,1,298291,297866,425
1696041,5.64706,5.77256,425,4294967295,0.0405011,0.07,1,298297,297872,425
1698961,5.92941,4.35451,427,4294967295,0.0321002,0.06,1,298303,297876,427
1701441,5.18588,4.0709,428,4294967295,0.04642,0.08,1,298308,297880,428
1703521,4.23718,5.61418,426,4294967295,0.041284,0.1,1,298312,297886,426
1706441,13.6474,15.5228,424,4294967295,0.0162568,0.07,1,298328,297904,424
1708721,5.92949,6.30457,424,4294967295,0.0352514,0.07,1,298332,297908,424
1710801,11.5859,9.26091,427,4294967295,0.0310503,0.07,1,298345,297918,427
1712881,8.71718,9.05218,426,4294967295,0.0462101,0.07,1,298353,297927,426
1715801,8.14344,8.21044,426,4294967295,0.041242,0.08,1,298361,297935,426
1718081,4.82869,4.84209,426,4294967295,0.0322484,0.07,1,298365,297939,426
1720161,6.56574,6.56842,426,4294967295,0.0144497,0.07,1,298372,297946,426
1723081,6.91315,6.91368,426,4294967295,0.0268899,0.09,1,298379,297953,426
1724741,10.1826,4.58274,433,4294967295,0.045378,0.04,1,298390,297957,433
1727441,5.23653,11.3165,424,4294967295,0.0650756,0.01,1,298394,297970,424
1730361,17.0473,17.4633,425,4294967295,0.0450151,0.05,1,298414,297989,425
1733281,6.60946,6.69266,425,4294967295,0.033003,0.03,1,298418,297993,425
1735761,5.32189,4.53853,426,4294967295,0.0306006,0.07,1,298423,297997,426
1738681,9.06438,7.30771,428,4294967295,0.0461201,0.08,1,298433,298005,428
1741601,5.81288,4.66154,429,4294967295,0.049224,0.12,1,298438,298009,429
1744501,8.36258,4.13231,434,4294967295,0.0738448,0.09,1,298447,298013,434
1746581,13.6725,12.8265,434,4294967295,0.078769,0.03,1,298462,298028,434
1749501,6.7345,13.7653,425,4294967295,0.0797538,0.03,1,298467,298042,425
1751781,6.1469,5.95306,427,4294967295,0.0479508,0.03,1,298473,298046,427
1753441,4.42938,3.59061,428,4294967295,0.0335902,0.07,1,298477,298049,428
1755521,4.88588,4.71812,428,4294967295,0.046718,0.13,1,298482,298054,428
1757601,10.5772,10.5436,428,4294967295,0.0813436,0.08,1,298494,298066,428
1760521,9.31544,10.1087,427,4294967295,0.0562687,0.08,1,298503,298076,427
1762801,5.86309,5.22174,428,4294967295,0.0112537,0.11,1,298508,298080,428
1765721,8.37262,9.84435,426,4294967295,0.0342507,0.12,1,298517,298091,426
1768641,5.67452,5.16887,427,4294967295,0.0228501,0.1,1,298522,298095,427
1771561,4.3349,4.23377,427,4294967295,0.00457003,0.08,1,298526,298099,427
1774481,4.06698,4.04675,427,4294967295,0.024914,0.11,1,298530,298103,427
1777401,4.0134,4.00935,427,4294967295,0.0129828,0.14,1,298534,298107,427
1780321,4.80268,4.00187,428,4294967295,0.0265966,0.13,1,298539,298111,428
1783241,4.16054,4.00037,428,4294967295,0.0293193,0.12,1,298543,298115,428
1786161,3.23211,4.00007,427,4294967295,0.0538639,0.14,1,298546,298119,427
1787761,3.84642,4.00001,427,4294967295,0.0507728,0.03,1,298550,298123,427
1790681,39.1693,41.6,424,4294967295,0.0181546,0.03,1,298598,298174,424
1793381,27.8339,11.52,445,4294967295,0.00363091,0.03,1,298623,298178,445
1796301,9.56677,21.504,426,4294967295,0.00872618,0.03,1,298628,298202,426
1798581,5.91335,7.5008,427,4294967295,0.00174524,0.06,1,298633,298206,427
1800661,12.3827,6.30016,435,4294967295,0.00834905,0.02,1,298647,298212,435
1803581,6.47653,14.06,424,4294967295,0.0256698,0.01,1,298652,298228,424
1805861,7.69531,6.01201,428,4294967295,0.037134,0.03,1,298660,298232,428
1808561,4.73906,5.2024,427,4294967295,0.0234268,0.07,1,298664,298237,427
1811481,5.74781,6.64048,426,4294967295,0.0206854,0.07,1,298670,298244,426
1813141,19.5496,4.5281,445,4294967295,0.0121371,0,1,298693,298248,445
1815221,11.9099,20.1056,431,4294967295,0.0104274,0.08,1,298703,298272,431
1817921,5.58198,12.0211,425,4294967295,0.0260855,0.05,1,298707,298282,425
1820841,6.7164,8.00422,425,4294967295,0.0052171,0.06,1,298714,298289,425
1823541,7.74328,4.80084,429,4294967295,0.0250434,0.07,1,298722,298293,429
1826241,4.74866,8.16017,424,4294967295,0.0450087,0.08,1,298726,298302,424
1829161,4.14973,5.63203,423,4294967295,0.0330017,0.06,1,298730,298307,423
1830821,7.22995,4.32641,427,4294967295,0.0546003,0.03,1,298738,298311,427
1833741,5.44599,6.46528,425,4294967295,0.11492,0.02,1,298743,298318,425
1836021,18.6892,4.49306,443,4294967295,0.102984,0.03,1,298765,298322,443
1838941,7.73784,18.4986,426,4294967295,0.0605968,0.03,1,298770,298344,426
1841221,4.74757,6.89972,426,4294967295,0.0361194,0.07,1,298774,298348,426
1843301,13.7495,6.97994,435,4294967295,0.0232239,0.05,1,298790,298355,435
1846221,6.7499,13.396,425,4294967295,0.0446448,0.04,1,298795,298370,425
1849121,5.34998,5.8792,426,4294967295,0.024929,0.06,1,298800,298374,426
1852041,5.87,5.97584,426,4294967295,0.0129858,0.06,1,298806,298380,426
1854741,10.774,4.39517,434,4294967295,0.0665972,0.07,1,298818,298384,434
1857661,5.3548,11.279,425,4294967295,0.0373194,0.07,1,298822,298397,425
1859941,16.271,5.45581,440,4294967295,0.0714639,0.03,1,298841,298401,440
1862021,10.4542,16.2912,430,4294967295,0.0542928,0.08,1,298850,298420,430
1864941,6.09084,10.4582,426,4294967295,0.0188586,0.07,1,298855,298429,426
1866801,5.21817,5.29165,427,4294967295,0.0117717,0.05,1,298860,298433,427
1868881,4.24363,5.05833,426,4294967295,0.0103543,0.12,1,298864,298438,426
1871801,8.84873,9.01167,426,4294967295,0.0580709,0.09,1,298874,298448,426
1874721,5.76975,5.00233,427,4294967295,0.0596142,0.08,1,298879,298452,427
1876581,8.35395,4.20047,432,4294967295,0.0839228,0.08,1,298888,298456,432
1879501,5.67079,10.4401,425,4294967295,0.0407846,0.05,1,298893,298468,425
1881781,8.33416,5.28802,430,4294967295,0.0481569,0.07,1,298902,298472,430
1884481,5.66683,7.4576,427,4294967295,0.0256314,0.05,1,298907,298480,427
1886561,2.73337,3.89152,426,4294967295,0.0371263,0.06,1,298909,298483,426
1888641,10.9467,13.5783,423,4294967295,0.0794253,0.02,1,298922,298499,423
1890721,8.58933,8.31566,424,4294967295,0.0798851,0.05,1,298930,298506,424
1893641,9.71787,9.66313,424,4294967295,0.103977,0.05,1,298940,298516,424
1895301,6.74357,5.13263,426,4294967295,0.156795,0.03,1,298946,298520,426
1898221,4.54871,5.82653,424,4294967295,0.135359,0.06,1,298950,298526,424
1901141,4.10974,4.36531,424,4294967295,0.131072,0.04,1,298954,298530,424
1903621,12.0219,4.07306,434,4294967295,0.162214,0.05,1,298968,298534,434
1906541,6.40439,12.0146,425,4294967295,0.152443,0.04,1,298973,298548,425
1909461,3.68088,5.60292,424,4294967295,0.150489,0.05,1,298976,298552,424
1912381,3.93618,4.32058,424,4294967295,0.126098,0.05,1,298980,298556,424
1915301,3.98724,4.06412,424,4294967295,0.11322,0.05,1,298984,298560,424
1918221,4.79745,4.01282,425,4294967295,0.0946439,0.06,1,298989,298564,425
1920261,34.5595,4.00256,463,4294967295,0.0429288,0.02,1,299031,298568,463
1922341,29.3119,35.2005,448,4294967295,0.00858576,0.03,1,299059,298611,448
1925261,9.06238,29.4401,424,4294967295,0.0177172,0,1,299063,298639,424
1928181,5.81248,9.08802,425,4294967295,0.00354343,0.05,1,299068,298643,425
1930661,10.7625,5.0176,433,4294967295,0.0487087,0.04,1,299080,298647,433
1933581,6.9525,11.4035,426,4294967295,0.0417417,0.04,1,299086,298660,426
1935861,4.5905,5.4807,426,4294967295,0.0563483,0.01,1,299090,298664,426
1938781,4.1181,3.49614,427,4294967295,0.0512697,0.05,1,299094,298667,427
1941681,4.02362,3.89923,427,4294967295,0.0502539,0.03,1,299098,298671,427
1944601,28.0047,29.5798,425,4294967295,0.0100508,0.02,1,299132,298707,425
1947301,12.8009,9.11597,430,4294967295,0.00201016,0.04,1,299141,298711,430
1950221,5.76019,9.82319,424,4294967295,0.000402031,0.05,1,299145,298721,424
1952501,7.55204,5.16464,428,4294967295,8.04063e-05,0.05,1,299153,298725,428
1955421,5.51041,5.03293,428,4294967295,0.0400161,0.1,1,299158,298730,428
1957281,4.30208,4.20659,428,4294967295,0.0400032,0.1,1,299162,298734,428
1960201,4.86042,4.84132,428,4294967295,0.0640006,0.15,1,299167,298739,428
1962901,5.77208,4.16826,430,4294967295,0.0528001,0.11,1,299173,298743,430
1964561,3.55442,5.63365,427,4294967295,0.06656,0.07,1,299176,298749,427
1967481,15.9109,19.5267,423,4294967295,0.117312,0.05,1,299195,298772,423
1969761,7.18218,7.10535,424,4294967295,0.103462,0.01,1,299200,298776,424
1971841,7.83644,7.82107,424,4294967295,0.0846925,0.06,1,299208,298784,424
1974761,12.7673,11.9642,425,4294967295,0.0569385,0.05,1,299222,298797,425
1977041,8.15346,5.59284,428,4294967295,0.0513877,0.12,1,299229,298801,428
1979961,8.83069,10.7186,425,4294967295,0.0582775,0.09,1,299238,298813,425
1982241,5.76614,5.34371,426,4294967295,0.0356555,0.03,1,299243,298817,426
1985161,5.15323,5.06874,426,4294967295,0.0151311,0.06,1,299248,298822,426
1988081,5.03065,4.21375,427,4294967295,0.0350262,0.07,1,299253,298826,427
1989941,17.0061,4.04275,443,4294967295,0.0710052,0.03,1,299273,298830,443
1992641,7.40123,20.0086,424,4294967295,0.0622011,0.01,1,299278,298854,424
1995561,6.28025,8.00171,425,4294967295,0.0844402,0.03,1,299284,298859,425
1997221,4.45605,4.80034,425,4294967295,0.056888,0.04,1,299288,298863,425
1999921,5.69121,4.16007,427,4294967295,0.0593776,0.09,1,299294,298867,427
2002001,8.33824,9.63201,425,4294967295,0.0598755,0.04,1,299303,298878,425
2004921,14.4676,15.5264,424,4294967295,0.0919751,0.02,1,299319,298895,424
2007841,6.89353,6.30528,425,4294967295,0.090395,0.02,1,299324,298899,425
2010321,5.37871,4.46106,426,4294967295,0.074079,0.03,1,299329,298903,426
2012401,4.27574,3.29221,427,4294967295,0.0708158,0.11,1,299333,298906,427
2015321,9.65515,9.45844,427,4294967295,0.110163,0.12,1,299344,298917,427
2017601,6.73103,5.09169,429,4294967295,0.134033,0.11,1,299350,298921,429
2019681,6.14621,3.41834,432,4294967295,0.138807,0.15,1,299356,298924,432
2021761,7.62924,7.08367,432,4294967295,0.0917613,0.15,1,299364,298932,432
2024681,12.7258,13.4167,431,4294967295,0.0823523,0.15,1,299378,298947,431
2027601,6.54517,5.88335,432,4294967295,0.0564705,0.16,1,299383,298951,432
2030501,6.90903,4.37667,435,4294967295,0.0352941,0.21,1,299390,298955,435
2032161,3.78181,7.27533,430,4294967295,0.0150588,0.16,1,299393,298963,430
2034241,6.35636,7.85507,429,4294967295,0.0270118,0.11,1,299400,298971,429
2037161,10.8713,11.971,428,4294967295,0.0614024,0.12,1,299412,298984,428
2040081,6.17425,5.5942,429,4294967295,0.0522805,0.1,1,299417,298988,429
2043001,4.43485,4.31884,429,4294967295,0.0264561,0.14,1,299421,298992,429
2045921,3.28697,4.06377,428,4294967295,0.0292912,0.16,1,299424,298996,428
2048801,3.05739,4.01275,427,4294967295,0.0138582,0.03,1,299427,299000,427
2050881,31.0115,34.4026,423,4294967295,0.00277165,0.03,1,299465,299042,423
2053801,25.4023,25.2805,424,4294967295,0.0325543,0.05,1,299489,299065,424
2056081,9.88046,8.2561,426,4294967295,0.0145109,0.07,1,299495,299069,426
2059001,9.17609,9.65122,425,4294967295,0.0269022,0.08,1,299504,299079,425
2060661,6.63522,5.13024,427,4294967295,0.0453804,0.06,1,299510,299083,427
2062741,6.92704,5.02605,429,4294967295,0.0250761,0.07,1,299517,299088,429
2065661,4.58541,9.00521,423,4294967295,0.0130152,0.03,1,299521,299098,423
2068581,4.91708,5.00104,424,4294967295,0.050603,0.03,1,299526,299102,424
2071501,4.18342,4.20021,424,4294967295,0.0341206,0.03,1,299530,299106,424
2074181,29.6367,4.04004,456,4294967295,0.00682412,0.03,1,299566,299110,456
2077101,9.12734,28.808,425,4294967295,0.00136482,0.02,1,299570,299145,425
2079381,6.62547,8.9616,427,4294967295,0.000272965,0.07,1,299576,299149,427
2081041,5.32509,6.59232,426,4294967295,0.0240546,0.04,1,299581,299155,426
2083961,7.46502,6.91846,427,4294967295,0.0128109,0.09,1,299589,299162,427
2086241,5.493,4.58369,428,4294967295,0.0105622,0.05,1,299594,299166,428
2089161,5.8986,6.51674,427,4294967295,0.0101124,0.08,1,299600,299173,427
2092081,5.17972,4.50335,428,4294967295,0.0100225,0.07,1,299605,299177,428
2095001,5.03594,4.10067,429,4294967295,0.0100045,0.12,1,299610,299181,429
2097061,15.4072,4.02013,443,4294967295,0.0660009,0.07,1,299628,299185,443
2099981,7.88144,20.004,425,4294967295,0.0932002,0.05,1,299634,299209,425
2102261,6.37629,7.20081,427,4294967295,0.05864,0.03,1,299640,299213,427
2104341,6.87526,6.24016,428,4294967295,0.059728,0.06,1,299647,299219,428
2106421,12.5751,6.04803,436,4294967295,0.0439456,0.07,1,299661,299225,436
2109341,6.51501,14.0096,425,4294967295,0.0167891,0.05,1,299666,299241,425
2111621,6.103,6.00192,427,4294967295,0.0193578,0.03,1,299672,299245,427
2113281,5.2206,3.60038,429,4294967295,0.0118716,0.11,1,299677,299248,429
2116201,6.64412,7.92008,427,4294967295,0.0263743,0.15,1,299684,299257,427
2118481,4.52882,4.78402,427,4294967295,0.0292749,0.1,1,299688,299261,427
2121401,15.3058,16.1568,426,4294967295,0.045855,0.09,1,299706,299280,426
2123681,7.06115,6.43136,427,4294967295,0.041171,0.09,1,299711,299284,427
2125761,5.41223,3.68627,429,4294967295,0.0242342,0.09,1,299716,299287,429
2128681,9.88245,11.9373,426,4294967295,0.0208468,0.09,1,299727,299301,426
2131601,6.77649,5.58745,428,4294967295,0.0441694,0.08,1,299733,299305,428
2134501,13.3553,4.31749,439,4294967295,0.0408339,0.11,1,299748,299309,439
2136581,9.07106,14.4635,430,4294967295,0.0801668,0.09,1,299756,299326,430
2139501,5.81421,7.6927,429,4294967295,0.0800334,0.11,1,299761,299332,429
2141361,5.16284,4.73854,430,4294967295,0.112007,0.12,1,299766,299336,430
2143441,5.83257,7.34771,428,4294967295,0.0944013,0.16,1,299772,299344,428
2146361,5.96651,7.06954,427,4294967295,0.0988803,0.15,1,299778,299351,427
2148641,4.3933,4.61391,427,4294967295,0.107776,0.07,1,299782,299355,427
2150721,6.47866,6.52278,427,4294967295,0.0455552,0.09,1,299789,299362,427
2152801,7.69573,9.30456,425,4294967295,0.025111,0.04,1,299797,299372,425
2155721,12.7391,13.8609,424,4294967295,0.0610222,0.03,1,299811,299387,424
2158001,6.54783,5.97218,425,4294967295,0.116204,0.05,1,299816,299391,425
2160921,6.90957,5.99444,426,4294967295,0.0872409,0.08,1,299823,299397,426
2163201,4.58191,4.39889,426,4294967295,0.0734482,0.07,1,299827,299401,426
2165281,8.11638,9.67978,424,4294967295,0.0386896,0.05,1,299836,299412,424
2167361,5.62328,5.93596,424,4294967295,0.0397379,0.05,1,299841,299417,424
2170281,6.72466,5.98719,425,4294967295,0.0639476,0.05,1,299848,299423,425
2173201,5.34493,4.39744,426,4294967295,0.0687895,0.03,1,299853,299427,426
2176121,5.86899,4.07949,428,4294967295,0.0617579,0.08,1,299859,299431,428
2179041,4.3738,4.0159,428,4294967295,0.0443516,0.09,1,299863,299435,428
2181301,27.2748,4.00318,457,4294967295,0.0328703,0.03,1,299896,299439,457
2183381,22.255,30.4006,441,4294967295,0.0145741,0.01,1,299917,299476,441
2186301,9.25099,23.6801,425,4294967295,0.0109148,0.01,1,299923,299498,425
2188581,8.2502,7.93603,429,4294967295,0.010183,0.07,1,299931,299502,429
2190661,12.05,9.5872,432,4294967295,0.0580366,0.07,1,299944,299512,432
2193581,6.41001,10.7174,426,4294967295,0.0516073,0.09,1,299949,299523,426
2196481,5.282,5.34349,427,4294967295,0.0423215,0.04,1,299954,299527,427
2199401,10.6564,13.0687,424,4294967295,0.0164643,0.05,1,299966,299542,424
2201681,6.13128,5.81374,425,4294967295,0.0272929,0.01,1,299971,299546,425
2204601,16.4263,17.9627,423,4294967295,0.0214586,0,1,299990,299567,423
2206261,11.2853,6.79255,429,4294967295,0.0122917,0.04,1,300000,299571,429
2209181,5.45705,9.35851,423,4294967295,0.0184583,0.03,1,300004,299581,423
2212081,4.29141,5.0717,423,4294967295,0.0116917,0.03,1,300008,299585,423
2215001,9.65828,9.81434,423,4294967295,0.0343383,0.03,1,300019,299596,423
2217281,5.93166,5.16287,424,4294967295,0.0548677,0.01,1,300024,299600,424
2220201,10.7863,9.03257,426,4294967295,0.0269735,0.08,1,300036,299610,426
2223121,6.95727,5.00651,428,4294967295,0.0373947,0.08,1,300042,299614,428
2225601,4.59145,4.2013,428,4294967295,0.0154789,0.05,1,300046,299618,428
2228521,15.3183,18.4403,424,4294967295,0.0350958,0.07,1,300064,299640,424
2230801,7.06366,6.88805,425,4294967295,0.0150192,0.07,1,300069,299644,425
2233721,11.0127,11.7776,424,4294967295,0.0110038,0.06,1,300081,299657,424
2236421,7.00255,5.55552,426,4294967295,0.0182008,0.03,1,300087,299661,426
2238501,7.80051,6.7111,427,4294967295,0.0436402,0.03,1,300095,299668,427
2241421,4.7601,6.94222,424,4294967295,0.048728,0.05,1,300099,299675,424
2244321,4.15202,4.58844,424,4294967295,0.0497456,0.03,1,300103,299679,424
2246401,7.2304,8.11769,423,4294967295,0.0339491,0.02,1,300111,299688,423
2249321,7.04608,5.62354,425,4294967295,0.0707898,0.01,1,300118,299693,425
2250981,20.6092,4.32471,445,4294967295,0.014158,0.05,1,300142,299697,445
2253901,8.12184,20.0649,426,4294967295,0.0108316,0.05,1,300147,299721,426
2256801,5.62437,7.21299,427,4294967295,0.0261663,0.11,1,300152,299725,427
2259721,13.1249,13.4426,427,4294967295,0.0452333,0.1,1,300167,299740,427
2262001,6.62497,5.88852,428,4294967295,0.0650466,0.09,1,300172,299744,428
2264921,6.92499,6.7777,428,4294967295,0.101009,0.09,1,300179,299751,428
2266581,6.985,4.55554,431,4294967295,0.0922019,0.12,1,300186,299755,431
2268661,6.997,7.31111,430,4294967295,0.0984404,0.13,1,300193,299763,430
2271581,4.5994,6.26222,428,4294967295,0.0596881,0.12,1,300197,299769,428
2273861,5.71988,4.45244,430,4294967295,0.0439376,0.07,1,300203,299773,430
2276561,4.34398,9.69049,423,4294967295,0.0407875,0.03,1,300207,299784,423
2279481,10.4688,10.7381,424,4294967295,0.0801575,0.02,1,300219,299795,424
2282401,8.49376,5.34762,428,4294967295,0.0800315,0.01,1,300227,299799,428
2285301,10.4988,4.26952,435,4294967295,0.0160063,0.13,1,300238,299803,435
2287381,11.6998,11.2539,434,4294967295,0.0352013,0.05,1,300250,299816,434
2290301,5.53995,12.6508,425,4294967295,0.0470403,0.05,1,300254,299829,425
2292581,8.30799,5.73016,430,4294967295,0.033408,0.08,1,300263,299833,430
2295501,4.8616,7.54603,426,4294967295,0.0386816,0.08,1,300267,299841,426
2298401,4.17232,4.70921,426,4294967295,0.0317363,0.08,1,300271,299845,426
2300481,5.63446,6.54184,425,4294967295,0.0143473,0.04,1,300277,299852,425
2303401,9.92689,11.7084,423,4294967295,0.0348695,0,1,300288,299865,423
2306321,6.78538,5.54167,425,4294967295,0.0389739,0,1,300294,299869,425
2309241,4.55708,4.30833,425,4294967295,0.0477948,0.03,1,300298,299873,425
2311301,20.9114,4.06167,446,4294967295,0.017559,0.01,1,300323,299877,446
2313381,26.5823,22.4123,447,4294967295,0.0115118,0.03,1,300351,299904,447
2316301,9.31646,26.0825,425,4294967295,0.0263024,0.03,1,300356,299931,425
2319201,5.86329,8.41649,426,4294967295,0.0292605,0.06,1,300361,299935,426
2322121,15.5727,17.6833,424,4294967295,0.0698521,0.05,1,300379,299955,424
2325041,6.31453,6.73666,424,4294967295,0.0779704,0.05,1,300383,299959,424
2327521,4.46291,4.54733,424,4294967295,0.0395941,0.06,1,300387,299963,424
2329601,4.89258,4.90947,424,4294967295,0.0159188,0.05,1,300392,299968,424
2332521,9.77852,8.98189,425,4294967295,0.0671838,0.02,1,300403,299978,425
2334181,21.1557,4.99638,445,4294967295,0.0694368,0,1,300427,299982,445
2336881,7.43114,20.1993,425,4294967295,0.205887,0.02,1,300431,300006,425
2339801,7.08623,8.83986,426,4294967295,0.185177,0.06,1,300438,300012,426
2342721,4.61725,4.96797,426,4294967295,0.125035,0.05,1,300442,300016,426
2344581,5.72345,4.19359,428,4294967295,0.0650071,0.09,1,300448,300020,428
2347501,4.34469,7.23872,424,4294967295,0.0530014,0.1,1,300452,300028,424
2349781,11.2689,4.64774,433,4294967295,0.0506003,0.03,1,300465,300032,433
2352701,6.25379,11.3295,425,4294967295,0.0741201,0.03,1,300470,300045,425
2354981,3.65076,5.46591,424,4294967295,0.054824,0.01,1,300473,300049,424
2356641,3.13015,3.49318,424,4294967295,0.0749648,0.01,1,300476,300052,424
2358721,13.426,13.4986,424,4294967295,0.054993,0.01,1,300492,300068,424
2361641,13.8852,13.0997,425,4294967295,0.0429986,0.04,1,300506,300081,425
2363301,6.77704,5.81995,426,4294967295,0.0165997,0.05,1,300511,300085,426
2366221,4.55541,5.16399,425,4294967295,0.00331994,0.08,1,300515,300090,425
2368501,8.11108,4.2328,430,4294967295,0.016664,0.07,1,300524,300094,430
2371421,5.62222,8.04656,426,4294967295,0.0673328,0.06,1,300529,300103,426
2374341,5.12444,4.80931,427,4294967295,0.0694666,0.06,1,300534,300107,427
2376821,6.62489,4.16186,430,4294967295,0.0778933,0.09,1,300541,300111,430
2378901,8.52498,8.03237,430,4294967295,0.0635787,0.08,1,300550,300120,430
2380981,21.705,9.60647,445,4294967295,0.0847157,0.03,1,300575,300130,445
2383901,9.141,22.7213,425,4294967295,0.0649431,0,1,300581,300156,425
2386821,6.6282,7.74426,427,4294967295,0.0449886,0.04,1,300587,300160,427
2389301,11.7256,4.74885,436,4294967295,0.0409977,0.08,1,300600,300164,436
2392221,6.34513,11.3498,428,4294967295,0.0241995,0.09,1,300605,300177,428
2395121,4.46903,5.46995,428,4294967295,0.00483991,0.05,1,300609,300181,428
2398041,11.2938,13.894,425,4294967295,0.016968,0.06,1,300622,300197,425
2400741,7.85876,5.9788,428,4294967295,0.0273936,0.05,1,300629,300201,428
2403661,3.97175,5.19576,426,4294967295,0.0294787,0.07,1,300632,300206,426
2405941,3.99435,4.23915,426,4294967295,0.0138957,0.07,1,300636,300210,426
2407601,5.59887,4.84783,427,4294967295,0.0427792,0.11,1,300642,300215,427
2410521,9.91977,12.1696,424,4294967295,0.0725558,0.06,1,300653,300229,424
2412801,5.98395,5.63391,425,4294967295,0.118511,0.08,1,300658,300233,425
2415721,9.19679,9.12678,425,4294967295,0.0957022,0.05,1,300668,300243,425
2417381,8.23936,5.02536,429,4294967295,0.10714,0.07,1,300676,300247,429
2419461,13.6479,7.40507,436,4294967295,0.149428,0.05,1,300691,300255,436
2422381,5.12957,14.281,423,4294967295,0.117886,0.05,1,300694,300271,423
2425301,5.02591,6.0562,424,4294967295,0.103577,0.06,1,300699,300275,424
2427781,7.40518,4.41124,428,4294967295,0.108715,0.05,1,300707,300279,428
2430701,5.48104,6.48225,426,4294967295,0.125743,0.07,1,300712,300286,426
2432981,4.29621,4.49645,426,4294967295,0.113149,0.05,1,300716,300290,426
2435061,12.0592,4.89929,435,4294967295,0.10263,0.02,1,300730,300295,435
2437981,4.81185,12.9799,423,4294967295,0.084526,0.04,1,300733,300310,423
2439841,4.16237,5.79597,423,4294967295,0.0729052,0,1,300737,300314,423
2441921,14.4325,13.9592,424,4294967295,0.046581,0.01,1,300754,300330,424
2444001,22.8865,21.9918,425,4294967295,0.0413162,0.01,1,300779,300354,425
2446921,11.7773,10.7984,426,4294967295,0.0242632,0.05,1,300788,300362,426
2449841,6.35546,5.35967,427,4294967295,0.00485265,0.05,1,300793,300366,427
2451701,17.2711,4.27193,443,4294967295,0.0169705,0.01,1,300813,300370,443
2454621,7.45422,17.6544,427,4294967295,0.0193941,0.03,1,300818,300391,427
2457541,3.89084,6.73088,426,4294967295,0.0118788,0.09,1,300821,300395,426
2460461,4.77817,4.54618,427,4294967295,0.0423758,0.13,1,300826,300399,427
2462101,5.75563,4.10924,429,4294967295,0.00847515,0.11,1,300832,300403,429
2464181,25.9511,4.82185,455,4294967295,0.065695,0.11,1,300863,300408,455
2467101,9.19023,28.1644,426,4294967295,0.037139,0.07,1,300868,300442,426
2470001,5.83804,8.83287,427,4294967295,0.0314278,0.05,1,300873,300446,427
2472921,4.36761,6.56657,425,4294967295,0.0302856,0.11,1,300877,300452,425
2475201,5.67352,4.51331,427,4294967295,0.0140571,0.08,1,300883,300456,427
2478121,5.1347,4.90266,427,4294967295,0.0668114,0.08,1,300888,300461,427
2479781,7.42694,4.18053,431,4294967295,0.101362,0.1,1,300896,300465,431
2482701,4.68539,8.03611,426,4294967295,0.108272,0.1,1,300900,300474,426
2484981,4.13708,4.80722,426,4294967295,0.101654,0.07,1,300904,300478,426
2487681,4.02742,4.96144,425,4294967295,0.124331,0.05,1,300908,300483,425
2489761,13.6055,14.5923,424,4294967295,0.144866,0.01,1,300924,300500,424
2492681,17.1211,15.7185,426,4294967295,0.140973,0,1,300942,300516,426
2495601,6.62422,6.34369,426,4294967295,0.156195,0.02,1,300946,300520,426
2498501,5.32484,4.46874,427,4294967295,0.159239,0.09,1,300951,300524,427
2500581,9.86497,4.09375,434,4294967295,0.151848,0.1,1,300962,300528,434
2503501,5.97299,10.4187,427,4294967295,0.15837,0.1,1,300967,300540,427
2505361,3.5946,5.28375,426,4294967295,0.143674,0.06,1,300970,300544,426
2507441,6.31892,5.85675,427,4294967295,0.148735,0.13,1,300977,300550,427
2509521,6.86378,5.17135,429,4294967295,0.165747,0.06,1,300984,300555,429
2512441,18.9728,22.6343,424,4294967295,0.169149,0.06,1,301006,300582,424
2514721,8.59455,7.72685,426,4294967295,0.12983,0.04,1,301012,300586,426
2517641,6.51891,8.74537,423,4294967295,0.113966,0.06,1,301018,300595,423
2519301,5.30378,4.94907,424,4294967295,0.0947932,0.05,1,301023,300599,424
2521381,12.2608,4.18981,434,4294967295,0.114959,0.04,1,301037,300603,434
2524301,6.45215,12.838,424,4294967295,0.142992,0.02,1,301042,300618,424
2526161,3.69043,5.76759,423,4294967295,0.140598,0.05,1,301045,300622,423
2529081,10.3381,8.35352,426,4294967295,0.17212,0.04,1,301057,300631,426
2531361,6.86762,4.8707,428,4294967295,0.170424,0.11,1,301063,300635,428
2534281,9.37352,8.97414,428,4294967295,0.178085,0.12,1,301073,300645,428
2537201,5.0747,4.99483,428,4294967295,0.171617,0.11,1,301077,300649,428
2540101,5.81494,4.19897,430,4294967295,0.226323,0.14,1,301083,300653,430
2543021,5.16299,6.43979,428,4294967295,0.221265,0.12,1,301088,300660,428
2545301,7.4326,4.48796,432,4294967295,0.252253,0.14,1,301096,300664,432
2547381,7.88652,6.49759,433,4294967295,0.226451,0.12,1,301104,300671,433
2549461,15.9773,7.69952,443,4294967295,0.21329,0.12,1,301122,300679,443
2552381,6.39546,16.7399,428,4294967295,0.186658,0.11,1,301126,300698,428
2554661,6.07909,6.54798,430,4294967295,0.181332,0.12,1,301132,300702,430
2556321,3.61582,5.3096,428,4294967295,0.164266,0.12,1,301135,300707,428
2559241,6.32316,6.66192,428,4294967295,0.168853,0.13,1,301142,300714,428
2561521,3.66463,4.53238,427,4294967295,0.193771,0.14,1,301145,300718,427
2563601,3.93293,3.30648,428,4294967295,0.222754,0.06,1,301149,300721,428
2566521,10.3866,14.2613,423,4294967295,0.228551,0.03,1,301161,300738,423
2569441,6.87732,6.05226,425,4294967295,0.20571,0.01,1,301167,300742,425
2572341,17.3755,4.41045,441,4294967295,0.201142,0.02,1,301187,300746,441
2574421,20.2751,18.4821,440,4294967295,0.104228,0.02,1,301208,300768,440
2576501,10.455,19.6964,428,4294967295,0.0608457,0.05,1,301216,300788,428
2579421,6.091,10.3393,425,4294967295,0.0441691,0.05,1,301221,300796,425
2581701,26.8182,5.26786,453,4294967295,0.00883383,0.02,1,301253,300800,453
2584621,9.36364,26.6536,426,4294967295,0.00976676,0.01,1,301258,300832,426
2587541,6.67273,8.53071,428,4294967295,0.00995335,0.05,1,301264,300836,428
2590461,5.33455,4.90614,429,4294967295,0.00199067,0.09,1,301269,300840,429
2592721,5.86691,4.18123,431,4294967295,0.0243981,0.05,1,301275,300844,431
2595641,17.9734,23.2362,424,4294967295,0.0208796,0.03,1,301296,300872,424
2597921,8.39468,7.84725,426,4294967295,0.0281759,0,1,301302,300876,426
2600841,7.27894,5.56945,428,4294967295,0.00563518,0.09,1,301309,300881,428
2603121,5.45579,4.31389,429,4294967295,0.025127,0.08,1,301314,300885,429
2606041,5.89116,6.46278,428,4294967295,0.0130254,0.11,1,301320,300892,428
2608321,5.17823,4.49256,429,4294967295,0.0506051,0.14,1,301325,300896,429
2611241,9.03565,8.89851,429,4294967295,0.034121,0.14,1,301335,300906,429
2614161,6.60713,4.9797,431,4294967295,0.0388242,0.13,1,301341,300910,431
2617061,5.32143,4.19594,432,4294967295,0.0317648,0.13,1,301346,300914,432
2618721,5.06429,4.03919,433,4294967295,0.038353,0.21,1,301351,300918,433
2620801,10.6129,11.2078,432,4294967295,0.0876706,0.2,1,301363,300931,432
2622881,10.9226,12.6416,430,4294967295,0.0415341,0.14,1,301374,300944,430
2625801,9.38451,9.72831,430,4294967295,0.0483068,0.16,1,301383,300953,430
2628721,5.0769,5.14566,430,4294967295,0.0336614,0.16,1,301387,300957,430
2630581,6.61538,4.22913,433,4294967295,0.0227323,0.15,1,301394,300961,433
2633501,6.12308,7.24583,431,4294967295,0.0525465,0.15,1,301400,300969,431
2635781,6.82462,4.64917,434,4294967295,0.0185093,0.22,1,301407,300973,434
2637861,10.1649,5.72983,439,4294967295,0.0437019,0.18,1,301418,300979,439
2640561,6.03298,10.746,432,4294967295,0.0407404,0.13,1,301423,300991,432
2643481,17.2066,22.1492,427,4294967295,0.0881481,0.13,1,301443,301016,427
2645761,7.44132,7.62984,428,4294967295,0.0576296,0.1,1,301448,301020,428
2648681,8.68826,6.32597,431,4294967295,0.0275259,0.13,1,301457,301026,431
2651381,16.1377,4.46519,445,4294967295,0.0375052,0.15,1,301475,301030,445
2654301,6.42753,15.293,431,4294967295,0.039501,0.18,1,301479,301048,431
2657201,5.28551,6.25861,432,4294967295,0.0879002,0.19,1,301484,301052,432
2659281,7.4571,7.65172,432,4294967295,0.08158,0.2,1,301492,301060,432
2662201,11.0914,9.53034,434,4294967295,0.096316,0.21,1,301504,301070,434
2664481,6.21828,5.10607,435,4294967295,0.0912632,0.25,1,301509,301074,435
2667401,10.0437,7.42121,438,4294967295,0.138253,0.26,1,301520,301082,438
2669061,5.20873,4.68424,438,4294967295,0.131651,0.27,1,301524,301086,438
2671981,4.24175,8.13685,433,4294967295,0.15433,0.25,1,301528,301095,433
2673841,4.84835,4.82737,434,4294967295,0.158866,0.25,1,301533,301099,434
2676761,8.16967,7.36547,435,4294967295,0.159773,0.27,1,301542,301107,435
2679461,19.2339,4.67309,453,4294967295,0.167955,0.2,1,301564,301111,453
2682381,7.84679,20.1346,434,4294967295,0.121591,0.22,1,301569,301135,434
2685281,5.56936,7.22692,435,4294967295,0.0883182,0.2,1,301574,301139,435
2688201,5.11387,6.24538,434,4294967295,0.0656636,0.25,1,301579,301145,434
2690901,9.02277,4.44908,440,4294967295,0.141133,0.29,1,301589,301149,440
2693821,5.80455,8.88982,435,4294967295,0.140227,0.25,1,301594,301159,435
2696721,4.36091,4.97796,435,4294967295,0.124045,0.22,1,301598,301163,435
2699641,5.67218,6.59559,434,4294967295,0.136809,0.24,1,301604,301170,434
2701301,12.3344,4.51912,444,4294967295,0.203362,0.12,1,301618,301174,444
2702961,5.66689,19.3038,425,4294967295,0.232672,0.05,1,301622,301197,425
2705881,19.5334,22.2608,425,4294967295,0.246534,0.05,1,301645,301220,425
2708581,7.90668,7.65215,426,4294967295,0.241307,0.06,1,301650,301224,426
2710241,3.98134,3.93043,426,4294967295,0.248261,0.01,1,301653,301227,426
2713161,26.3963,27.9861,424,4294967295,0.249652,0,1,301685,301261,424
2715441,9.27925,8.79722,425,4294967295,0.24993,0.05,1,301690,301265,425
2718361,7.45585,7.35944,425,4294967295,0.217986,0.05,1,301697,301272,425
2721281,3.89117,4.67189,424,4294967295,0.211597,0.05,1,301700,301276,424
2723761,4.77823,4.13438,425,4294967295,0.226319,0.04,1,301705,301280,425
2726681,20.9556,22.4269,423,4294967295,0.301264,0.01,1,301730,301307,423
2728961,8.19113,7.68537,424,4294967295,0.308253,0.01,1,301735,301311,424
2731881,8.83823,8.73708,424,4294967295,0.261651,0.09,1,301744,301320,424
2734161,5.76765,4.94741,425,4294967295,0.22833,0.07,1,301749,301324,425
2737081,7.55353,7.38948,425,4294967295,0.245666,0.07,1,301757,301332,425
2739361,6.31071,4.6779,427,4294967295,0.241133,0.07,1,301763,301336,427
2742281,6.86214,5.73558,428,4294967295,0.240227,0.08,1,301770,301342,428
2744561,6.17243,4.34712,430,4294967295,0.216045,0.16,1,301776,301346,430
2747481,6.03449,10.4694,424,4294967295,0.243209,0.12,1,301782,301358,424
2749761,4.4069,5.29388,424,4294967295,0.256642,0.09,1,301786,301362,424
2751841,5.68138,5.05878,425,4294967295,0.219328,0.03,1,301792,301367,425
2754761,17.1363,17.0118,425,4294967295,0.267866,0.02,1,301812,301387,425
2757461,10.6273,6.60235,430,4294967295,0.317573,0.06,1,301821,301391,430
2760381,6.92545,10.1205,425,4294967295,0.295515,0.03,1,301827,301402,425
2762661,9.38509,5.22409,431,4294967295,0.299103,0.07,1,301837,301406,431
2765581,5.87702,9.84482,425,4294967295,0.331821,0.05,1,301842,301417,425
2767861,5.1754,5.16896,426,4294967295,0.314364,0.05,1,301847,301421,426
2769941,4.23508,3.43379,427,4294967295,0.302873,0.09,1,301851,301424,427
2771601,4.04702,3.08676,428,4294967295,0.316575,0.05,1,301855,301427,428
2774521,16.0094,19.0174,424,4294967295,0.311315,0.03,1,301874,301450,424
2776801,7.20188,7.00347,425,4294967295,0.278263,0.08,1,301879,301454,425
2778881,13.4404,11.8007,427,4294967295,0.279653,0.04,1,301894,301467,427
2781801,11.4881,11.9601,426,4294967295,0.319931,0.11,1,301905,301479,426
2784721,6.29761,5.59203,427,4294967295,0.335986,0.1,1,301910,301483,427
2787641,5.25952,4.31841,428,4294967295,0.331197,0.11,1,301915,301487,428
2789701,7.4519,4.06368,432,4294967295,0.354239,0.11,1,301923,301491,432
2791781,15.8904,8.01274,441,4294967295,0.374848,0.17,1,301941,301500,441
2794701,7.17808,13.6025,431,4294967295,0.37897,0.16,1,301946,301515,431
2796981,5.43562,5.92051,432,4294967295,0.387794,0.15,1,301951,301519,432
2799061,11.4871,5.1841,440,4294967295,0.413559,0.17,1,301964,301524,440
2801981,7.09742,12.2368,432,4294967295,0.450712,0.17,1,301970,301538,432
2804901,3.81948,5.64736,431,4294967295,0.442142,0.19,1,301973,301542,431
2806961,4.7639,4.32947,432,4294967295,0.432428,0.14,1,301978,301546,432
2809881,16.9528,20.0659,428,4294967295,0.478486,0.08,1,301998,301570,428
2812801,8.19056,7.21318,430,4294967295,0.455697,0.08,1,302004,301574,430
2814661,6.43811,4.64264,432,4294967295,0.411139,0.18,1,302010,301578,432
2817581,4.48762,7.32853,428,4294967295,0.402228,0.19,1,302014,301586,428
2819861,8.89752,4.66571,434,4294967295,0.432446,0.16,1,302024,301590,434
2821521,5.7795,5.73314,433,4294967295,0.454489,0.14,1,302029,301596,433
2824441,8.3559,7.54663,434,4294967295,0.538898,0.24,1,302038,301604,434
2827361,6.47118,4.70933,436,4294967295,0.52378,0.24,1,302044,301608,436
2829841,4.49424,4.14187,436,4294967295,0.552756,0.24,1,302048,301612,436
2831921,9.69885,8.82837,437,4294967295,0.590551,0.28,1,302059,301622,437
2834001,8.33977,8.16567,437,4294967295,0.59011,0.23,1,302067,301630,437
2836921,18.468,20.8331,434,4294967295,0.606022,0.23,1,302088,301654,434
2839841,8.49359,7.36663,436,4294967295,0.601204,0.23,1,302094,301658,436
2842741,24.0987,4.67333,460,4294967295,0.632241,0.26,1,302122,301662,460
2844821,12.8197,24.9347,440,4294967295,0.606448,0.23,1,302132,301692,440
2847741,7.36395,11.3869,438,4294967295,0.67329,0.24,1,302138,301700,438
2850661,5.47279,5.47739,439,4294967295,0.686658,0.26,1,302143,301704,439
2853141,6.69456,4.29548,442,4294967295,0.657332,0.33,1,302150,301708,442
2854801,6.13891,5.6591,442,4294967295,0.651466,0.28,1,302156,301714,442
2857721,17.2278,22.7318,435,4294967295,0.690293,0.26,1,302176,301741,435
2860001,6.64556,7.74636,435,4294967295,0.698059,0.25,1,302180,301745,435
2862921,9.32911,8.74927,436,4294967295,0.739612,0.27,1,302190,301754,436
2865201,5.86582,4.94985,437,4294967295,0.779922,0.26,2,302195,301758,437
2868121,8.37316,8.98997,436,4294967295,0.779985,0.26,2,302204,301768,436
2870401,4.87463,4.99799,436,4294967295,0.779997,0.25,2,302208,301772,436
2873321,8.97493,8.9996,436,4294967295,0.787999,0.26,2,302218,301782,436
2875601,5.79499,4.99992,437,4294967295,0.7976,0.27,2,302223,301786,437
2878521,9.159,8.99998,437,4294967295,0.79152,0.25,2,302233,301796,437
2881441,5.8318,5,438,4294967295,0.790304,0.26,2,302238,301800,438
2884341,17.9664,4.2,455,4294967295,0.854061,0.33,2,302259,301804,455
2887261,7.59327,18.44,438,4294967295,0.850812,0.28,2,302264,301826,438
2890181,6.31865,6.888,440,4294967295,0.858162,0.29,2,302270,301830,440
2892661,7.66373,4.5776,444,4294967295,0.875632,0.36,2,302278,301834,444
3309721,10,4,481,4294967295,0.78,1,2,304335,303854,481
3312641,10.8,4,488,4294967295,0.852,1,2,304346,303858,488
3315561,9.36,4,493,4294967295,0.8344,1,2,304355,303862,493
3318481,5.872,4,494,4294967295,0.87088,1,2,304360,303866,494
3321401,5.1744,4,495,4294967295,0.894176,1,2,304365,303870,495
3324321,4.23488,4,495,4294967295,0.882835,1,2,304369,303874,495
3327241,4.04698,4,495,4294967295,0.904567,1,2,304373,303878,495
3330161,2.4094,4,493,4294967295,0.932913,1,2,304375,303882,493
3333081,2.08188,4,491,4294967295,0.946583,1,2,304377,303886,491
3336001,2.01638,4,489,4294967295,0.949317,1,2,304379,303890,489
3351321,10,4,498,4294967295,0.81,1,2,304467,303969,498
3354241,10,4,504,4294967295,0.826,1,2,304477,303973,504
3357161,10,4,510,4294967295,0.8532,1,2,304487,303977,510
3368841,4,4,522,4294967295,0.91,1,2,304515,303993,522
3371761,4.8,4,523,4294967295,0.902,1,2,304520,303997,523
3374681,8.16,4,528,4294967295,0.9244,1,2,304529,304001,528
3377601,11.232,4,536,4294967295,0.92888,1,2,304541,304005,536
3512921,34,36,468,4294967295,0.79,0.86,2,305512,305044,468
3515841,13.2,10.4,472,4294967295,0.734,0.9,1,305520,305048,472
3518761,5.84,5.28,472,4294967295,0.7148,0.93,1,305524,305052,472
3521681,7.568,4.256,476,4294967295,0.72696,1,1,305532,305056,476
3524601,7.9136,4.0512,480,4294967295,0.745392,1,1,305540,305060,480
3527521,11.1827,4.01024,488,4294967295,0.725078,1,1,305552,305064,488
3530441,11.8365,4.00205,496,4294967295,0.785016,1,2,305564,305068,496
3533361,10.3673,4.00041,502,4294967295,0.789003,1,2,305574,305072,502
3536281,10.8735,4.00008,509,4294967295,0.797801,1,2,305585,305076,509
3539201,9.37469,4.00002,514,4294967295,0.76756,1,2,305594,305080,514
3542121,7.47494,4,517,4294967295,0.785512,1,2,305601,305084,517
3545041,4.69499,4,517,4294967295,0.757102,1,2,305605,305088,517
3547961,6.539,4,520,4294967295,0.783421,1,2,305612,305092,520
3550881,5.3078,4,521,4294967295,0.820684,1,2,305617,305096,521
3553801,9.86156,4,528,4294967295,0.844137,1,2,305628,305100,528
3690561,4,4,474,4294967295,0.2,0.7,1,306595,306121,474
3693481,5.6,4,476,4294967295,0.16,0.86,1,306601,306125,476
3696401,5.12,4,477,4294967295,0.184,0.88,1,306606,306129,477
3699321,4.224,4,477,4294967295,0.2048,0.91,1,306610,306133,477
3702241,4.8448,4,478,4294967295,0.26496,0.95,1,306615,306137,478
3705161,7.36896,4,482,4294967295,0.332992,0.96,1,306623,306141,482
3708081,11.8738,4,491,4294967295,0.482598,1,1,306636,306145,491
3711001,10.3748,4,497,4294967295,0.59252,1,1,306646,306149,497
3713921,10.075,4,503,4294967295,0.566504,1,1,306656,306153,503
3716841,8.41499,4,507,4294967295,0.617301,1,1,306664,306157,507
3719761,6.483,4,509,4294967295,0.63546,1,1,306670,306161,509
3722681,4.4966,4,509,4294967295,0.647092,1,1,306674,306165,509
3725601,4.09932,4,509,4294967295,0.641418,1,1,306678,306169,509
3728521,4.01986,4,509,4294967295,0.656284,1,1,306682,306173,509
3731441,4.80397,4,510,4294967295,0.675257,1,1,306687,306177,510
3732561,6.56079,4,513,4294967295,0.711051,0.68,1,306694,306181,513
3735481,25.3122,36,499,4294967295,0.79021,0.84,2,306724,306225,499
3738401,9.06243,24.8,482,4294967295,0.774042,0.85,2,306729,306247,482
3740881,7.41249,8.16,485,4294967295,0.754808,0.98,2,306736,306251,485
3743801,8.6825,8.032,486,4294967295,0.790962,1,2,306745,306259,486
3746721,10.5365,4.8064,493,4294967295,0.838192,1,2,306756,306263,493
3749641,11.7073,4.16128,501,4294967295,0.839639,1,2,306768,306267,501
3752561,8.74146,4.03226,505,4294967295,0.847928,1,2,306776,306271,505
3755481,5.74829,4.00645,506,4294967295,0.889585,1,2,306781,306275,506
3758401,4.34966,4.00129,506,4294967295,0.873917,1,2,306785,306279,506
3761321,4.06993,4.00026,506,4294967295,0.886783,1,2,306789,306283,506
3764241,4.01399,4.00005,506,4294967295,0.889357,1,2,306793,306287,506
3767161,4.8028,4.00001,507,4294967295,0.849871,1,2,306798,306291,507
3770081,4.16056,4,507,4294967295,0.833974,1,2,306802,306295,507
3773001,4.03211,4,507,4294967295,0.806795,1,2,306806,306299,507
3775921,4.00642,4,507,4294967295,0.793359,1,2,306810,306303,507
3778841,4.00128,4,507,4294967295,0.790672,1,2,306814,306307,507
3781761,4.00026,4,507,5840,0.774134,1,2,306818,306311,507
3784681,4.00005,4,507,5840,0.770827,1,2,306822,306315,507
3787601,4.00001,4,507,5840,0.754165,1,2,306826,306319,507
3790521,8,4,512,5840,0.710833,1,1,306835,306323,512
3793441,10.4,4,519,5840,0.646167,1,1,306846,306327,519
3796361,10.08,4,525,5840,0.585233,1,1,306856,306331,525
3900881,369.216,432.8,444,5840,0.173047,0.03,1,307315,306871,444
3903801,377.843,402.56,429,5840,0.0346093,0.05,1,307695,307266,429
3906721,108.369,84.512,465,4294967295,0.126922,0,1,307736,307271,465
3909641,328.074,356.102,424,4294967295,0.465384,0.01,1,308119,307695,424
3912561,69.6147,74.4205,425,4294967295,0.501077,0.01,1,308124,307699,425
3915481,17.1229,18.0841,425,4294967295,0.500215,0.06,1,308128,307703,425
3918401,6.62459,6.81682,425,4294967295,0.492043,0.07,1,308132,307707,425
3921321,7.72492,4.56336,429,4294967295,0.458409,0.07,1,308140,307711,429
3924241,4.74498,4.11267,429,4294967295,0.459682,0.07,1,308144,307715,429
3927161,4.949,4.02253,430,4294967295,0.491936,0.15,1,308149,307719,430
3930081,4.1898,4.00451,430,4294967295,0.506387,0.17,1,308153,307723,430
3933001,4.03796,4.0009,430,4294967295,0.493277,0.17,1,308157,307727,430
3935921,5.60759,4.00018,432,4294967295,0.498655,0.17,1,308163,307731,432
3938841,4.32152,4.00004,432,4294967295,0.515731,0.18,1,308167,307735,432
3941761,4.8643,4.00001,433,4294967295,0.543146,0.22,1,308172,307739,433
3944681,4.17286,4,433,4294967295,0.564629,0.21,1,308176,307743,433
3947601,4.03457,4,433,4294967295,0.552926,0.23,1,308180,307747,433
3950521,5.60691,4,435,4294967295,0.566585,0.24,1,308186,307751,435
3953441,5.92138,4,437,4294967295,0.545317,0.23,1,308192,307755,437
3956361,7.58428,4,441,4294967295,0.533063,0.27,1,308200,307759,441
3959281,5.51686,4,442,4294967295,0.554613,0.31,1,308205,307763,442
3962201,5.90337,4,444,4294967295,0.622923,0.39,1,308211,307767,444
3965121,6.78067,4,447,4294967295,0.660585,0.41,1,308218,307771,447
3968041,6.95613,4,450,4294967295,0.668117,0.46,1,308225,307775,450
3970961,6.99123,4,453,4294967295,0.717623,0.5,1,308232,307779,453
3973881,6.19825,4,455,4294967295,0.735525,0.56,1,308238,307783,455
3976801,6.03965,4,457,4294967295,0.755105,0.62,2,308244,307787,457
3979721,6.80793,4,460,4294967295,0.759021,0.68,2,308251,307791,460
3982641,4.56159,4,460,4294967295,0.767804,0.71,2,308255,307795,460
3985561,6.51232,4,463,4294967295,0.817561,0.77,2,308262,307799,463
3988481,6.90246,4,466,4294967295,0.867512,0.79,2,308269,307803,466
3991401,6.98049,4,469,4294967295,0.925502,0.86,2,308276,307807,469
4003081,11,4,491,4294967295,0.92,1,2,308314,307823,491
4006001,10.2,4,497,4294967295,0.92,1,2,308324,307827,497
4008921,9.24,4,502,4294967295,0.872,1,2,308333,307831,502
4011841,7.448,4,505,4294967295,0.8944,1,2,308340,307835,505
4014761,5.4896,4,506,4294967295,0.90688,1,2,308345,307839,506
4044781,6,9,448,4294967295,0.43,0.49,1,308582,308134,448
4047701,4.4,5,448,4294967295,0.398,0.51,1,308586,308138,448
4050181,5.68,4.2,450,4294967295,0.3756,0.54,1,308592,308142,450
4053101,5.136,7.24,447,4294967295,0.36312,0.5,1,308597,308150,447
4056021,5.8272,4.648,449,4294967295,0.344624,0.49,1,308603,308154,449
4058941,5.16544,4.1296,450,4294967295,0.340925,0.5,1,308608,308158,450
4061621,3.43309,4.02592,449,4294967295,0.356185,0.52,1,308611,308162,449
4064541,4.68662,3.20518,451,4294967295,0.367237,0.51,1,308616,308165,451
4067461,4.93732,3.84104,452,4294967295,0.385447,0.55,1,308621,308169,452
4069521,4.18746,3.96821,452,4294967295,0.405089,0.57,1,308625,308173,452
4072441,9.63749,9.59364,452,4294967295,0.417018,0.55,1,308636,308184,452
4075361,5.1275,5.11873,452,4294967295,0.403404,0.55,1,308640,308188,452
4078281,3.4255,4.22375,451,4294967295,0.416681,0.6,1,308643,308192,451
4080961,4.6851,4.04475,452,4294967295,0.403336,0.55,1,308648,308196,452
4083881,6.53702,3.20895,456,4294967295,0.376667,0.59,1,308655,308199,456
4085541,10.1074,3.84179,463,4294967295,0.403333,0.66,1,308666,308203,463
4088461,6.02148,8.76836,458,4294967295,0.440667,0.68,1,308671,308213,458
4091381,3.6043,4.95367,457,4294967295,0.448133,0.7,1,308674,308217,457
4094301,4.72086,4.19073,458,4294967295,0.465627,0.74,1,308679,308221,458
4096981,10.5442,4.03815,466,4294967295,0.509125,0.73,1,308691,308225,466
4098641,4.50883,7.20763,461,4294967295,0.501825,0.78,1,308694,308233,461
4101561,12.1018,11.8415,462,4294967295,0.524365,0.78,1,308708,308246,462
4104481,8.82035,5.56831,466,4294967295,0.608873,0.78,1,308716,308250,466
4107401,6.56407,4.31366,468,4294967295,0.625775,0.82,1,308722,308254,468
4110321,5.31281,4.06273,469,4294967295,0.637155,0.88,1,308727,308258,469
4113241,3.46256,4.01255,468,4294967295,0.615431,0.91,1,308730,308262,468
4116161,4.69251,4.00251,469,4294967295,0.635086,0.93,1,308735,308266,469
4117781,4.1385,4.0005,469,4294967295,0.631017,0.96,1,308739,308270,469
4119441,2.4277,5.6001,465,4294967295,0.670203,0.96,1,308741,308276,465
4122361,12.4855,12.32,466,4294967295,0.798041,0.96,2,308756,308290,466
4124641,6.49711,5.664,467,4294967295,0.871608,0.9,2,308761,308294,467
4127561,5.29942,5.1328,467,4294967295,0.878322,0.9,2,308766,308299,467
4129221,9.05988,4.22656,473,4294967295,0.839664,0.93,2,308776,308303,473
4130881,5.01198,8.04531,468,4294967295,0.855933,0.91,2,308780,308312,468
4133801,5.0024,7.20906,466,4294967295,0.883187,0.94,2,308785,308319,466
4135461,9.00048,4.64181,472,4294967295,0.936637,0.87,2,308795,308323,472
4137541,7.4001,6.52836,472,4294967295,0.931327,0.9,2,308802,308330,472
4146701,6,13,471,4294967295,0.93,0.96,2,308832,308361,471
4470361,11,4,504,4294967295,0.55,1,1,310633,310129,504
4473281,11,4,511,4294967295,0.542,1,1,310644,310133,511
4476201,11,4,518,4294967295,0.5404,1,1,310655,310137,518
4479121,10.2,4,524,4294967295,0.48408,1,1,310665,310141,524
4482041,11.64,4,532,4294967295,0.480816,1,1,310677,310145,532
4484961,11.128,4,539,4294967295,0.408163,1,1,310688,310149,539
4487881,11.8256,4,547,4294967295,0.361633,1,1,310700,310153,547
4489341,11.9651,4,555,4294967295,0.304327,1,1,310712,310157,555
4515961,370.393,476.8,420,124160,0.0608653,0.03,1,311172,310752,420
4526181,127.679,147.36,422,123820,0.0201731,0.01,1,311239,310817,422
4619681,52.7357,57.472,421,122360,0.0120346,0,1,311273,310852,421
4622601,275.347,273.894,424,4294967295,0.00240692,0.01,1,311604,311180,424
4625521,57.4694,57.9789,423,4294967295,0.00848138,0.03,1,311607,311184,423
4628441,14.6939,14.7958,423,4294967295,0.0176963,0.01,1,311611,311188,423
4631361,6.93878,6.15915,424,4294967295,0.0195393,0.03,1,311616,311192,424
4634281,5.38776,4.43183,425,4294967295,0.0119079,0.04,1,311621,311196,425
4637201,2.67755,4.08637,423,4294967295,0.0343816,0.05,1,311623,311200,423
4640121,3.73551,4.01727,423,4294967295,0.0308763,0.05,1,311627,311204,423
4643041,3.9471,4.00345,423,4294967295,0.0141753,0.03,1,311631,311208,423
4645961,4.78942,4.00069,424,4294967295,0.0188351,0.01,1,311636,311212,424
4646721,2.55788,4.00014,422,4294967295,0.019767,0.01,1,311638,311216,422
4649641,22.9116,22.4,423,4294967295,0.0199534,0,1,311666,311243,423
4652561,27.7823,7.68001,448,4294967295,0.0679907,0,1,311695,311247,448
4655481,7.95646,23.936,423,4294967295,0.0775981,0.01,1,311698,311275,423
4658401,4.79129,7.9872,423,4294967295,0.0875196,0.03,1,311702,311279,423
4661321,4.15826,4.79744,423,4294967295,0.113504,0.01,1,311706,311283,423
4664241,4.03165,4.15949,423,4294967295,0.118701,0.01,1,311710,311287,423
4667161,4.80633,4.0319,424,4294967295,0.11974,0.04,1,311715,311291,424
4670081,3.36127,4.00638,423,4294967295,0.127948,0.03,1,311718,311295,423
4673001,3.87225,4.00128,423,4294967295,0.14559,0.03,1,311722,311299,423
4675921,3.97445,4.00026,423,4294967295,0.173118,0.04,1,311726,311303,423
4678841,3.99489,4.00005,423,4294967295,0.218624,0.01,1,311730,311307,423
4681761,4.79898,4.00001,424,4294967295,0.259725,0.04,1,311735,311311,424
4684681,4.1598,4,424,4294967295,0.299945,0.03,1,311739,311315,424
4687601,4.03196,4,424,4294967295,0.355989,0.03,1,311743,311319,424
4690521,4.00639,4,424,4294967295,0.407198,0.06,1,311747,311323,424
4693441,4.00128,4,424,4294967295,0.46544,0.05,1,311751,311327,424
4696361,3.20026,4,423,4294967295,0.501088,0.06,1,311754,311331,423
4699281,3.84005,4,423,4294967295,0.556218,0.05,1,311758,311335,423
4702201,3.96801,4,423,4294967295,0.615244,0.01,1,311762,311339,423
4705121,4.7936,4,424,4294967295,0.699049,0.01,1,311767,311343,424
4708041,4.15872,4,424,4294967295,0.72381,0.04,1,311771,311347,424
4710961,3.23174,4,423,4294967295,0.752762,0.05,2,311774,311351,423
4713881,4.64635,4,424,4294967295,0.806552,0.03,2,311779,311355,424
4716801,3.32927,4,423,4294967295,0.84131,0.01,2,311782,311359,423
4719721,3.86585,4,423,4294967295,0.864262,0.05,2,311786,311363,423
4722641,4.77317,4,424,4294967295,0.924852,0.04,2,311791,311367,424
4748921,5,4,424,4294967295,0.02,0.06,1,312036,311612,424
4751841,3.4,4,423,4294967295,0.004,0.03,1,312039,311616,423
4754761,3.88,4,423,4294967295,0.0248,0.05,1,312043,311620,423
4757681,4.776,4,424,4294967295,0.02896,0.04,1,312048,311624,424
4760601,4.1552,4,424,4294967295,0.045792,0.03,1,312052,311628,424
4763521,4.03104,4,424,4294967295,0.0331584,0.06,1,312056,311632,424
4766441,4.00621,4,424,4294967295,0.0466317,0.05,1,312060,311636,424
4769361,4.80124,4,425,4294967295,0.0333263,0.05,1,312065,311640,425
4772281,4.16025,4,425,4294967295,0.00666527,0.05,1,312069,311644,425
4775201,4.03205,4,425,4294967295,0.0173331,0.08,1,312073,311648,425
4777761,4.00641,4,425,4294967295,0.0434666,0.01,1,312077,311652,425
4779841,20.0013,20,425,4294967295,0.0486933,0.12,1,312101,311676,425
4782761,35.2003,31.2,430,4294967295,0.0737387,0.13,1,312140,311710,430
4785681,11.8401,9.44,432,4294967295,0.0387477,0.13,1,312146,311714,432
4788601,7.16801,5.088,434,4294967295,0.0477495,0.17,1,312152,311718,434
4791521,6.2336,4.2176,436,4294967295,0.0735499,0.22,1,312158,311722,436
4794441,6.04672,4.04352,438,4294967295,0.10271,0.25,1,312164,311726,438
4797361,6.80934,4.0087,441,4294967295,0.156542,0.29,1,312171,311730,441
4800281,6.16187,4.00174,443,4294967295,0.191308,0.33,1,312177,311734,443
4803201,6.83237,4.00035,446,4294967295,0.246262,0.39,1,312184,311738,446
4806121,6.96647,4.00007,449,4294967295,0.265252,0.43,1,312191,311742,449
4809041,6.1933,4.00001,451,4294967295,0.23705,0.49,1,312197,311746,451
4811961,6.83866,4,454,4294967295,0.27141,0.55,1,312204,311750,454
4814881,7.76773,4,458,4294967295,0.270282,0.59,1,312212,311754,458
4817801,5.55355,4,459,4294967295,0.294056,0.65,1,312217,311758,459
4820721,5.91071,4,461,4294967295,0.314811,0.73,1,312223,311762,461
4823641,5.98214,4,463,4294967295,0.294962,0.75,1,312229,311766,463
4826561,5.99643,4,465,4294967295,0.298992,0.8,1,312235,311770,465
4829481,5.99929,4,467,4294967295,0.347798,0.83,1,312241,311774,467
4832401,5.99986,4,469,4294967295,0.42156,0.87,1,312247,311778,469
4835321,5.99997,4,471,4294967295,0.500312,0.91,1,312253,311782,471
4838241,5.19999,4,472,4294967295,0.548062,0.95,1,312258,311786,472
4841161,8.24,4,477,4294967295,0.637612,0.99,1,312267,311790,477
4844081,12.048,4,486,4294967295,0.679522,1,1,312280,311794,486
4847001,10.4096,4,492,4294967295,0.711905,1,1,312290,311798,492
4849921,8.48192,4,496,4294967295,0.782381,1,2,312298,311802,496
4852841,8.89638,4,501,4294967295,0.828476,1,2,312307,311806,501
4855761,8.97928,4,506,4294967295,0.917695,1,2,312316,311810,506
5144061,5,37,502,203740,0.46,1,1,313946,313444,502
5145321,31.4,7.4,540,203540,0.188,1,1,313984,313444,540
5152581,10.28,34.28,504,203540,0.0616,1,1,313989,313485,504
5153841,21.256,6.856,528,203540,0.01232,1,1,314013,313485,528
5157781,8.2512,29.3712,498,204800,0.010464,1,1,314018,313520,498
5158621,11.2502,5.87424,510,205200,0.0020928,1,1,314030,313520,510
5160481,11.85,13.1748,507,207080,0.00041856,1,1,314042,313535,507
5163401,13.57,25.035,493,4294967295,0.0240837,1,1,314056,313563,493
5166321,13.914,8.20699,503,4294967295,0.0368167,1,1,314070,313567,503
5169241,13.1828,4.8414,512,4294967295,0.0153633,1,1,314083,313571,512
5172161,12.2366,4.16828,520,4294967295,0.0430727,1,1,314095,313575,520
5175081,12.8473,4.03366,529,4294967295,0.0166145,1,1,314108,313579,529
5178001,12.1695,4.00673,537,4294967295,0.0353229,1,1,314120,313583,537
5180921,12.0339,26.4013,517,4294967295,0.0150646,1,1,314132,313615,517
5183841,11.2068,8.48027,524,4294967295,0.0110129,1,1,314143,313619,524
5186761,10.2414,4.89605,530,4294967295,0.0342026,1,1,314153,313623,530
5189681,11.6483,4.17921,538,4294967295,0.0308405,1,1,314165,313627,538
5194061,353.53,444.836,422,245860,0.0061681,0.05,1,314604,314182,422
5320641,75.5059,92.9672,423,245860,0.00123362,0,1,314610,314187,423
5323561,359.101,362.593,423,4294967295,0.000246724,0,1,315040,314617,423
5326481,75.0202,75.7187,423,4294967295,4.93448e-05,0,1,315044,314621,423
5329401,18.204,18.3437,423,4294967295,0.00800987,0.01,1,315048,314625,423
5332321,6.84081,6.86875,423,4294967295,0.00160197,0.03,1,315052,314629,423
5335241,4.56816,4.57375,423,4294967295,0.000320395,0.01,1,315056,314633,423
5338161,4.11363,4.11475,423,4294967295,6.40789e-05,0.01,1,315060,314637,423
5341081,4.02273,4.02295,423,4294967295,1.28158e-05,0.01,1,315064,314641,423
5344001,4.00455,4.00459,423,4294967295,2.56316e-06,0.01,1,315068,314645,423
5346921,4.80091,4.00092,424,4294967295,5.12631e-07,0.01,1,315073,314649,424
5349841,3.36018,4.00018,423,4294967295,0.0080001,0.01,1,315076,314653,423
5352761,3.87204,4.00004,423,4294967295,0.00960002,0.06,1,315080,314657,423
5355681,3.97441,4.00001,423,4294967295,0.00992,0.01,1,315084,314661,423
5358601,3.99488,4,423,4294967295,0.009984,0.01,1,315088,314665,423
5361521,3.99898,4,423,4294967295,0.0099968,0.01,1,315092,314669,423
5364441,3.9998,4,423,4294967295,0.0419994,0.01,1,315096,314673,423
5367361,3.99996,4,423,4294967295,0.0563999,0.01,1,315100,314677,423
5370281,3.99999,4,423,4294967295,0.07528,0.01,1,315104,314681,423
5373201,4,4,423,4294967295,0.039056,0.01,1,315108,314685,423
5376121,4,4,423,4294967295,0.0158112,0.01,1,315112,314689,423
5379041,4,4,423,4294967295,0.0111622,0.01,1,315116,314693,423
5381961,4,4,423,4294967295,0.0102324,0.01,1,315120,314697,423
5384881,4,4,423,4294967295,0.0100465,0.01,1,315124,314701,423
5387801,4,4,423,4294967295,0.0100093,0.01,1,315128,314705,423
5390721,4,4,423,4294967295,0.0100019,0.01,1,315132,314709,423
5393641,4,4,423,4294967295,0.0100004,0.01,1,315136,314713,423
5396561,4,4,423,4294967295,0.0100001,0.01,1,315140,314717,423
5399481,4,4,423,4294967295,0.01,0.01,1,315144,314721,423
5402401,4,4,423,4294967295,0.026,0.01,1,315148,314725,423
5405321,4,4,423,4294967295,0.0132,0.01,1,315152,314729,423
5408241,4,4,423,4294967295,0.01064,0.01,1,315156,314733,423
5411161,4,4,423,4294967295,0.010128,0.04,1,315160,314737,423
5414081,4,4,423,4294967295,0.0100256,0.01,1,315164,314741,423
5417001,4,4,423,4294967295,0.0100051,0.01,1,315168,314745,423
5419921,4,4,423,4294967295,0.018001,0.03,1,315172,314749,423
5422841,4,4,423,4294967295,0.0116002,0.01,1,315176,314753,423
5425761,4,4,423,4294967295,0.01032,0.04,1,315180,314757,423
5428681,4,4,423,4294967295,0.010064,0.01,1,315184,314761,423
5431601,4,4,423,4294967295,0.0100128,0.01,1,315188,314765,423
5434521,4,4,423,4294967295,0.0100026,0.01,1,315192,314769,423
5437441,4,4,423,4294967295,0.0100005,0.01,1,315196,314773,423
5440361,4,4,423,4294967295,0.0100001,0.01,1,315200,314777,423
5443281,4,4,423,4294967295,0.01,0.01,1,315204,314781,423
5446201,4,4,423,4294967295,0.01,0.04,1,315208,314785,423
5449121,4,4,423,4294967295,0.01,0.01,1,315212,314789,423
5451681,4,4,423,4294967295,0.01,0.01,1,315216,314793,423
5454601,204.8,204.8,423,4294967295,0.002,0,1,315471,315048,423
5456881,44.16,44.16,423,4294967295,0.0004,0.01,1,315475,315052,423
5459801,17.632,17.632,423,4294967295,0.00808,0,1,315486,315063,423
5462721,6.7264,6.7264,423,4294967295,0.001616,0,1,315490,315067,423
5465641,4.54528,4.54528,423,4294967295,0.0003232,0.01,1,315494,315071,423
5468561,4.10906,4.10906,423,4294967295,6.464e-05,0.03,1,315498,315075,423
5471481,4.02181,4.02181,423,4294967295,0.00801293,0.04,1,315502,315079,423
5474401,5.60436,4.00436,425,4294967295,0.0176026,0.01,1,315508,315083,425
5477321,4.32087,4.00087,425,4294967295,0.00352052,0.01,1,315512,315087,425
5480241,4.86417,4.00017,426,4294967295,0.0087041,0.08,1,315517,315091,426
5483161,2.57283,4.00003,424,4294967295,0.0257408,0.07,1,315519,315095,424
5486081,2.91457,4.00001,423,4294967295,0.0211482,0.09,1,315522,315099,423
5489001,3.78291,4,423,4294967295,0.0202296,0.06,1,315526,315103,423
5491921,3.95658,4,423,4294967295,0.0280459,0.01,1,315530,315107,423
5494841,3.99132,4,423,4294967295,0.0296092,0.01,1,315534,315111,423
5497761,3.99826,4,423,4294967295,0.0299218,0.01,1,315538,315115,423
5500681,3.99965,4,423,4294967295,0.0299844,0.03,1,315542,315119,423
5503601,3.99993,4,423,4294967295,0.0139969,0.01,1,315546,315123,423
5506521,3.99999,4,423,4294967295,0.0107994,0.01,1,315550,315127,423
5509441,4,4,423,4294967295,0.00215987,0.01,1,315554,315131,423
5512361,4.8,4,424,4294967295,0.00843197,0.01,1,315559,315135,424
5515281,3.36,4,423,4294967295,0.00168639,0.01,1,315562,315139,423
5518201,3.872,4,423,4294967295,0.000337279,0.03,1,315566,315143,423
5521121,3.9744,4,423,4294967295,6.74558e-05,0.01,1,315570,315147,423
5524041,3.99488,4,423,4294967295,0.0160135,0.01,1,315574,315151,423
5526961,3.99898,4,423,4294967295,0.0032027,0.01,1,315578,315155,423
5529881,3.9998,4,423,4294967295,0.00864054,0.01,1,315582,315159,423
5532801,3.99996,4,423,4294967295,0.0177281,0.01,1,315586,315163,423
5535721,3.99999,4,423,4294967295,0.00354562,0.01,1,315590,315167,423
5538641,4,4,423,4294967295,0.000709124,0.01,1,315594,315171,423
5541561,4,4,423,4294967295,0.000141825,0.01,1,315598,315175,423
5544481,4,4,423,4294967295,0.0160284,0.01,1,315602,315179,423
5547401,4,4,423,4294967295,0.00320567,0.01,1,315606,315183,423
5550321,4,4,423,4294967295,0.000641135,0.01,1,315610,315187,423
5553241,4,4,423,4294967295,0.00812823,0.01,1,315614,315191,423
5556161,4,4,423,4294967295,0.00162565,0.01,1,315618,315195,423
5559081,4,4,423,4294967295,0.0163251,0.01,1,315622,315199,423
5562001,4,4,423,4294967295,0.00326503,0.01,1,315626,315203,423
5564921,4,4,423,4294967295,0.000653005,0.01,1,315630,315207,423
5567841,4,4,423,4294967295,0.000130601,0.01,1,315634,315211,423
5570761,4,4,423,4294967295,2.61202e-05,0.01,1,315638,315215,423
5573681,4,4,423,4294967295,5.22404e-06,0.01,1,315642,315219,423
5576601,4,4,423,4294967295,1.04481e-06,0.01,1,315646,315223,423
5579521,4,4,423,4294967295,2.08962e-07,0.01,1,315650,315227,423
5582441,4,4,423,4294967295,4.17923e-08,0.01,1,315654,315231,423
5582721,161.6,4,620,4294967295,0.00800001,0,1,315855,315235,620
5585641,70.72,196.8,423,4294967295,0.0016,0,1,315903,315480,423
5587921,17.344,42.56,423,4294967295,0.00032,0.01,1,315907,315484,423
5590841,9.0688,14.112,423,4294967295,0.008064,0.01,1,315914,315491,423
5593121,5.81376,6.0224,424,4294967295,0.0096128,0,1,315919,315495,424
5596041,4.36275,5.20448,423,4294967295,0.00192256,0.01,1,315923,315500,423
5598961,4.07255,4.2409,423,4294967295,0.00838451,0.02,1,315927,315504,423
5600821,4.81451,4.04818,424,4294967295,0.0016769,0.01,1,315932,315508,424
5603741,4.1629,4.00964,424,4294967295,0.0163354,0.01,1,315936,315512,424
5606021,3.23258,4.00193,423,4294967295,0.0192671,0.04,1,315939,315516,423
5608941,3.84652,3.20039,424,4294967295,0.0118534,0.03,1,315943,315519,424
5611861,3.9693,3.84008,424,4294967295,0.0263707,0.04,1,315947,315523,424
5614781,3.99386,3.96802,424,4294967295,0.0612741,0.05,1,315951,315527,424
5617701,3.19877,3.9936,423,4294967295,0.0682548,0.05,1,315954,315531,423
5620621,3.83975,3.99872,423,4294967295,0.045651,0.05,1,315958,315535,423
5622241,3.16795,3.99974,422,4294967295,0.0491302,0.01,1,315961,315539,422
5625161,8.63359,7.99995,423,4294967295,0.049826,0,1,315971,315548,423
5628081,4.92672,4.79999,423,4294967295,0.0499652,0,1,315975,315552,423
5631001,4.18534,4.16,423,4294967295,0.049993,0.01,1,315979,315556,423
5633921,4.83707,4.032,424,4294967295,0.0499986,0.04,1,315984,315560,424
5636841,3.36741,4.0064,423,4294967295,0.0499997,0.01,1,315987,315564,423
5639761,3.87348,4.00128,423,4294967295,0.0339999,0.03,1,315991,315568,423
5642681,4.7747,4.00026,424,4294967295,0.00679999,0.01,1,315996,315572,424
5645601,3.35494,4.00005,423,4294967295,0.00136,0.01,1,315999,315576,423
5648521,3.87099,4.00001,423,4294967295,0.000272,0.03,1,316003,315580,423
5651441,3.9742,4,423,4294967295,5.43999e-05,0.01,1,316007,315584,423
5654361,4.79484,4,424,4294967295,0.00801088,0.01,1,316012,315588,424
5657281,3.35897,4,423,4294967295,0.00160218,0.01,1,316015,315592,423
5660201,3.87179,4,423,4294967295,0.000320435,0.06,1,316019,315596,423
5663121,3.97436,4,423,4294967295,6.4087e-05,0.01,1,316023,315600,423
5666041,3.99487,4,423,4294967295,1.28174e-05,0.01,1,316027,315604,423
5668961,4.79897,4,424,4294967295,0.00800256,0.01,1,316032,315608,424
5671881,3.35979,4,423,4294967295,0.00960051,0.03,1,316035,315612,423
5674801,3.87196,4,423,4294967295,0.0099201,0.03,1,316039,315616,423
5677721,3.97439,4,423,4294967295,0.00998402,0.03,1,316043,315620,423
5680641,3.99488,4,423,4294967295,0.0179968,0.01,1,316047,315624,423
5683561,3.99898,4,423,4294967295,0.00359936,0.04,1,316051,315628,423
5686481,3.9998,4,423,4294967295,0.000719872,0.04,1,316055,315632,423
5689401,3.99996,4,423,4294967295,0.000143974,0.01,1,316059,315636,423
5692321,3.99999,4,423,4294967295,2.87949e-05,0.03,1,316063,315640,423
5695241,4.8,4,424,4294967295,0.00800576,0.01,1,316068,315644,424
5698161,3.36,4,423,4294967295,0.00160115,0.03,1,316071,315648,423
5701081,3.872,4,423,4294967295,0.00032023,0.03,1,316075,315652,423
5704001,3.9744,4,423,4294967295,0.00806405,0.01,1,316079,315656,423
5706921,3.99488,4,423,4294967295,0.00161281,0.01,1,316083,315660,423
5709841,3.99898,4,423,4294967295,0.000322562,0.04,1,316087,315664,423
5712721,3.9998,4,423,4294967295,6.45124e-05,0.03,1,316091,315668,423
5715221,196,160,468,4294967295,0.0080129,0,1,316335,315867,468
5718141,43.2,71.2,424,4294967295,0.00160258,0,1,316340,315916,424
5721061,11.04,17.44,423,4294967295,0.00832052,0.03,1,316343,315920,423
5723981,5.408,6.688,423,4294967295,0.0096641,0.03,1,316347,315924,423
5725621,9.8816,4.5376,430,4294967295,0.00193282,0.02,1,316358,315928,430
5728541,5.97632,8.90752,425,4294967295,0.00838656,0.01,1,316363,315938,425
5731441,5.19526,4.9815,426,4294967295,0.00167731,0.05,1,316368,315942,426
5734361,5.83905,6.5963,425,4294967295,0.00833546,0.1,1,316374,315949,425
5737281,4.36781,4.51926,425,4294967295,0.00966709,0.06,1,316378,315953,425
5740201,4.07356,4.10385,425,4294967295,0.00993342,0.07,1,316382,315957,425
5743121,4.01471,4.02077,425,4294967295,0.00998668,0.07,1,316386,315961,425
5746041,4.00294,4.00415,425,4294967295,0.00999734,0.07,1,316390,315965,425
5748961,4.00059,4.00083,425,4294967295,0.00999947,0.07,1,316394,315969,425
5751881,4.00012,4.00017,425,4294967295,0.00999989,0.07,1,316398,315973,425
5754801,4.00002,4.00003,425,4294967295,0.00999998,0.07,1,316402,315977,425
5757721,2.4,4.00001,423,4294967295,0.01,0.07,1,316404,315981,423
5759941,8.48,4,429,4294967295,0.05,0,1,316414,315985,429
5762861,4.896,8.8,423,4294967295,0.05,0,1,316418,315995,423
5765781,4.1792,4.96,423,4294967295,0.05,0.01,1,316422,315999,423
5768701,4.03584,4.192,423,4294967295,0.034,0.01,1,316426,316003,423
5771621,4.00717,4.0384,423,4294967295,0.0388,0.01,1,316430,316007,423
5774541,4.00143,4.00768,423,4294967295,0.03176,0.01,1,316434,316011,423
5777461,4.00029,4.00154,423,4294967295,0.022352,0.01,1,316438,316015,423
5780381,4.00006,4.00031,423,4294967295,0.0524704,0.01,1,316442,316019,423
5783301,4.00001,4.00006,423,4294967295,0.0264941,0.01,1,316446,316023,423
5786221,4,4.00001,423,4294967295,0.0132988,0.01,1,316450,316027,423
5789061,4,4,423,4294967295,0.0346598,0.03,1,316454,316031,423
5791981,4.8,4,424,4294967295,0.038932,0.03,1,316459,316035,424
5794901,3.36,4,423,4294967295,0.0477864,0.03,1,316462,316039,423
5797821,3.872,4,423,4294967295,0.0815573,0.05,1,316466,316043,423
5800741,3.9744,4,423,4294967295,0.120311,0.01,1,316470,316047,423
5803661,3.99488,4,423,4294967295,0.112062,0.01,1,316474,316051,423
5806581,3.99898,4,423,4294967295,0.0944125,0.01,1,316478,316055,423
5809501,3.9998,4,423,4294967295,0.0908825,0.01,1,316482,316059,423
5812421,3.99996,4,423,4294967295,0.0741765,0.01,1,316486,316063,423
5815341,3.99999,4,423,4294967295,0.0788353,0.01,1,316490,316067,423
5818261,4.8,4,424,4294967295,0.0957671,0.01,1,316495,316071,424
5819841,2.56,4,422,4294967295,0.0751534,0.01,1,316497,316075,422
5822761,4.512,4,423,4294967295,0.0550307,0.03,1,316502,316079,423
5825681,4.1024,4,423,4294967295,0.0510061,0,1,316506,316083,423
5828601,4.02048,4,423,4294967295,0.0342012,0.01,1,316510,316087,423
5831521,4.0041,4,423,4294967295,0.0468402,0.04,1,316514,316091,423
5834441,4.00082,4,423,4294967295,0.049368,0.01,1,316518,316095,423
5837361,4.00016,4,423,4294967295,0.0338736,0.03,1,316522,316099,423
5840281,4.00003,4,423,4294967295,0.0147747,0.01,1,316526,316103,423
5843201,4.00001,4,423,4294967295,0.0109549,0.01,1,316530,316107,423
5843761,161.6,4,620,4294967295,0.00219099,0.01,1,316731,316111,620
5846681,61.12,187.2,423,4294967295,0.000438198,0,1,316767,316344,423
5849601,15.424,40.64,423,4294967295,0.00808764,0,1,316771,316348,423
5852521,6.2848,11.328,423,4294967295,0.00961753,0.04,1,316775,316352,423
5854161,3.65696,5.4656,422,4294967295,0.00992351,0,1,316778,316356,422
5857081,11.1314,10.6931,423,4294967295,0.0179847,0.01,1,316791,316368,423
5860001,5.42628,5.33862,423,4294967295,0.0755969,0,1,316795,316372,423
5862481,4.28526,4.26772,423,4294967295,0.103119,0.01,1,316799,316376,423
5865401,5.65705,5.65355,423,4294967295,0.0846239,0.03,1,316805,316382,423
5867681,4.33141,4.33071,423,4294967295,0.0649248,0.03,1,316809,316386,423
5870601,7.26628,6.46614,424,4294967295,0.020985,0.03,1,316817,316393,424
5873521,4.65326,4.49323,424,4294967295,0.028197,0.03,1,316821,316397,424
5876441,4.93065,4.09865,425,4294967295,0.0296394,0.03,1,316826,316401,425
5879361,4.18613,4.01973,425,4294967295,0.0299279,0.06,1,316830,316405,425
5882281,4.03723,4.00395,425,4294967295,0.0459856,0.08,1,316834,316409,425
5885201,3.20745,4.00079,424,4294967295,0.0491971,0.07,1,316837,316413,424
5888121,3.84149,4.00016,424,4294967295,0.0338394,0.07,1,316841,316417,424
5889941,2.3683,4.00003,422,4294967295,0.0467679,0.04,1,316843,316421,422
5892861,3.67366,3.20001,423,4294967295,0.0573536,0.03,1,316847,316424,423
5895141,4.73473,3.84,424,4294967295,0.0594707,0.05,1,316852,316428,424
5898061,3.34695,3.168,424,4294967295,0.0518941,0.04,1,316855,316431,424
5900341,7.86939,3.8336,429,4294967295,0.0423788,0.04,1,316864,316435,429
5903261,3.97388,7.96672,423,4294967295,0.0644758,0,1,316867,316444,423
5906181,4.79478,4.79334,424,4294967295,0.0688951,0.03,1,316872,316448,424
5909101,4.95896,4.15867,425,4294967295,0.061779,0.03,1,316877,316452,425
5912021,5.79179,4.03173,427,4294967295,0.132356,0.05,1,316883,316456,427
5914941,5.15836,4.00635,428,4294967295,0.178471,0.08,1,316888,316460,428
5917861,3.43167,4.00127,427,4294967295,0.251694,0.11,1,316891,316464,427
5920781,3.88633,4.00025,427,4294967295,0.274339,0.13,1,316895,316468,427
5923701,3.17727,4.00005,426,4294967295,0.262868,0.11,1,316898,316472,426
5926621,3.83545,4.00001,426,4294967295,0.244574,0.11,1,316902,316476,426
5929541,4.76709,4,427,4294967295,0.280915,0.1,1,316907,316480,427
5932461,3.35342,4,426,4294967295,0.288183,0.09,1,316910,316484,426
5935381,3.07068,4,425,4294967295,0.305637,0.11,1,316913,316488,425
5938301,3.81414,4,425,4294967295,0.309127,0.09,1,316917,316492,425
5941221,3.16283,4,424,4294967295,0.293825,0.07,1,316920,316496,424
5944141,3.83257,4,424,4294967295,0.274765,0.07,1,316924,316500,424
5947061,3.96651,4,424,4294967295,0.270953,0.05,1,316928,316504,424
5949981,3.9933,4,424,4294967295,0.254191,0.05,1,316932,316508,424
5952341,3.19866,4,423,4294967295,0.250838,0.05,1,316935,316512,423
5955261,3.83973,4,423,4294967295,0.250168,0.06,1,316939,316516,423
5958181,3.96795,4,423,4294967295,0.250033,0.02,1,316943,316520,423
5961101,3.99359,4,423,4294967295,0.250007,0.01,1,316947,316524,423
5964021,3.99872,4,423,4294967295,0.266001,0.04,1,316951,316528,423
5966941,3.99974,4,423,4294967295,0.2532,0.01,1,316955,316532,423
5969861,3.99995,4,423,4294967295,0.21864,0.01,1,316959,316536,423
5972781,3.99999,4,423,4294967295,0.235728,0.03,1,316963,316540,423
5974801,156,4,613,4294967295,0.207146,0.02,1,317157,316544,613
5977721,65.6,187.2,423,4294967295,0.161429,0.01,1,317200,316777,423
5980641,17.92,40.64,425,4294967295,0.160286,0.01,1,317206,316781,425
5983561,8.384,11.328,427,4294967295,0.152057,0.03,1,317212,316785,427
5985201,4.0768,5.4656,426,4294967295,0.174411,0.11,1,317215,316789,426
5987281,5.61536,5.09312,427,4294967295,0.162882,0.08,1,317221,316794,427
5990201,6.72307,9.81862,423,4294967295,0.184576,0.06,1,317228,316805,423
5993121,5.34461,5.16372,424,4294967295,0.196915,0.03,1,317233,316809,424
5996041,4.26892,4.23274,424,4294967295,0.191383,0.03,1,317237,316813,424
5998961,4.05378,4.04655,424,4294967295,0.230277,0.05,1,317241,316817,424
6001881,4.81076,4.00931,425,4294967295,0.222055,0.05,1,317246,316821,425
6003921,4.16215,4.00186,425,4294967295,0.220411,0.07,1,317250,316825,425
6006841,6.43243,6.40037,425,4294967295,0.244082,0.07,1,317257,316832,425
6009761,5.28649,4.48007,426,4294967295,0.248816,0.04,1,317262,316836,426
6011621,3.4573,4.09601,425,4294967295,0.249763,0.07,1,317265,316840,425
6014541,4.69146,4.8192,425,4294967295,0.233953,0.08,1,317270,316845,425
6017461,4.13829,4.16384,425,4294967295,0.238791,0.06,1,317274,316849,425
6019941,4.02766,4.03277,425,4294967295,0.247758,0.08,1,317278,316853,425
6022861,4.80553,4.00655,426,4294967295,0.249552,0.07,1,317283,316857,426
6025761,4.16111,4.00131,426,4294967295,0.24191,0.06,1,317287,316861,426
6028681,4.03222,4.00026,426,4294967295,0.248382,0.09,1,317291,316865,426
6030961,6.40644,4.00005,429,4294967295,0.249676,0.09,1,317298,316869,429
6033881,5.28129,3.20001,431,4294967295,0.273935,0.08,1,317303,316872,431
6036801,6.65626,3.84,434,4294967295,0.310787,0.13,1,317310,316876,434
6039281,6.93125,3.968,437,4294967295,0.278157,0.3,1,317317,316880,437
6042201,12.5862,11.9936,437,4294967295,0.351631,0.28,1,317331,316894,437
6045121,6.51725,5.59872,438,4294967295,0.350326,0.28,1,317336,316898,438
6048041,5.30345,4.31974,439,4294967295,0.350065,0.3,1,317341,316902,439
6050961,3.46069,4.06395,438,4294967295,0.342013,0.33,1,317344,316906,438
6053881,3.09214,4.01279,437,4294967295,0.348403,0.35,1,317347,316910,437
6056801,3.81843,4.00256,437,4294967295,0.365681,0.33,1,317351,316914,437
6059721,3.16369,4.00051,436,4294967295,0.401136,0.31,1,317354,316918,436
6062641,3.03274,4.0001,435,4294967295,0.432227,0.32,1,317357,316922,435
6065561,3.80655,4.00002,435,4294967295,0.494445,0.3,1,317361,316926,435
6068481,3.96131,4,435,4294967295,0.538889,0.28,1,317365,316930,435
6071401,3.19226,4,434,4294967295,0.539778,0.27,1,317368,316934,434
6074321,4.63845,4,435,4294967295,0.579956,0.27,1,317373,316938,435
6077241,3.32769,4,434,4294967295,0.571991,0.25,1,317376,316942,434
6080161,3.06554,4,433,4294967295,0.586398,0.28,1,317379,316946,433
6083081,3.81311,4,433,4294967295,0.61328,0.26,1,317383,316950,433
6086001,3.96262,4,433,4294967295,0.618656,0.24,1,317387,316954,433
6088921,3.99252,4,433,4294967295,0.643731,0.24,1,317391,316958,433
6091841,3.9985,4,433,4294967295,0.648746,0.24,1,317395,316962,433
6094761,3.1997,4,432,4294967295,0.649749,0.23,1,317398,316966,432
6097681,4.63994,4,433,4294967295,0.66595,0.23,1,317403,316970,433
6100601,4.12799,4,433,4294967295,0.66919,0.21,1,317407,316974,433
6103521,3.2256,4,432,4294967295,0.677838,0.23,1,317410,316978,432
6105221,153.445,4,619,4294967295,0.247568,0.21,1,317601,316982,619
6107301,56.289,153.6,460,4294967295,0.145514,0.19,1,317633,317173,460
6109381,20.0578,57.12,438,4294967295,0.117103,0.18,1,317644,317206,438
6112301,8.81156,20.224,433,4294967295,0.111421,0.18,1,317650,317217,433
6114161,4.96231,7.2448,433,4294967295,0.118284,0.21,1,317654,317221,433
6117081,4.99246,5.44896,433,4294967295,0.127657,0.24,1,317659,317226,433
6120001,5.79849,4.28979,435,4294967295,0.129531,0.24,1,317665,317230,435
6121861,5.1597,4.05796,436,4294967295,0.169906,0.26,1,317670,317234,436
6124781,5.83194,6.41159,435,4294967295,0.225981,0.24,1,317676,317241,435
6126641,4.36639,4.48232,435,4294967295,0.221196,0.28,1,317680,317245,435
6129561,6.47328,6.49646,435,4294967295,0.228239,0.27,1,317687,317252,435
6132481,3.69466,4.49929,434,4294967295,0.205648,0.27,1,317690,317256,434
6135401,3.93893,4.09986,434,4294967295,0.19313,0.27,1,317694,317260,434
6137041,3.18779,4.01997,433,4294967295,0.182626,0.24,1,317697,317264,433
6139961,7.03756,7.20399,433,4294967295,0.180525,0.24,1,317705,317272,433
6142881,4.60751,4.6408,433,4294967295,0.148105,0.24,1,317709,317276,433
6145801,4.9215,4.12816,434,4294967295,0.165621,0.24,1,317714,317280,434
6148721,4.1843,4.02563,434,4294967295,0.169124,0.23,1,317718,317284,434
6151641,4.83686,4.00513,435,4294967295,0.169825,0.25,1,317723,317288,435
6154561,4.16737,4.00103,435,4294967295,0.161965,0.25,1,317727,317292,435
6157481,5.63347,4.00021,437,4294967295,0.160393,0.27,1,317733,317296,437
6160341,9.9267,4.00004,444,4294967295,0.184079,0.33,1,317744,317300,444
6163261,6.78534,8.00001,441,4294967295,0.180816,0.33,1,317750,317309,441
6166181,5.35707,4.8,442,4294967295,0.156163,0.33,1,317755,317313,442
6168661,8.27141,4.16,447,4294967295,0.135233,0.36,1,317764,317317,447
6170321,4.05428,9.632,439,4294967295,0.139047,0.42,1,317767,317328,439
6172401,5.61086,5.9264,440,4294967295,0.147809,0.36,1,317773,317333,440
6175321,10.7222,8.38528,443,4294967295,0.221562,0.37,1,317785,317342,443
6178241,8.54443,4.87706,447,4294967295,0.188312,0.39,1,317793,317346,447
6180101,6.50889,4.17541,449,4294967295,0.189662,0.43,1,317799,317350,449
6183021,5.30178,4.03508,450,4294967295,0.189932,0.5,1,317804,317354,450
6185941,5.86036,4.00702,452,4294967295,0.205986,0.56,1,317810,317358,452
6188861,4.37207,4.0014,452,4294967295,0.225197,0.57,1,317814,317362,452
6191781,4.07441,4.00028,452,4294967295,0.269039,0.61,1,317818,317366,452
6194701,4.81488,4.00006,453,4294967295,0.293808,0.62,1,317823,317370,453
6197621,4.96298,4.00001,454,4294967295,0.250762,0.62,1,317828,317374,454
6200541,4.9926,4,455,4294967295,0.250152,0.63,1,317833,317378,455
6203461,4.19852,4,455,4294967295,0.25003,0.66,1,317837,317382,455
6206381,4.0397,4,455,4294967295,0.226006,0.66,1,317841,317386,455
6209301,4.80794,4,456,4294967295,0.213201,0.67,1,317846,317390,456
6212221,4.16159,4,456,4294967295,0.23464,0.67,1,317850,317394,456
6215141,4.83232,4,457,4294967295,0.238928,0.7,1,317855,317398,457
6218061,4.16646,4,457,4294967295,0.255786,0.7,1,317859,317402,457
6220981,4.03329,4,457,4294967295,0.251157,0.72,1,317863,317406,457
6223901,4.80666,4,458,4294967295,0.266231,0.71,1,317868,317410,458
6226821,4.16133,4,458,4294967295,0.293246,0.71,1,317872,317414,458
6229741,5.63227,4,460,4294967295,0.266649,0.73,1,317878,317418,460
6232661,4.32645,4,460,4294967295,0.25333,0.73,1,317882,317422,460
6235221,119.265,4,604,4294967295,0.146666,0.11,1,318030,317426,604
6237301,51.8531,145.6,458,4294967295,0.285333,0.13,1,318065,317607,458
6239381,17.5706,56.32,433,4294967295,0.305067,0.13,1,318074,317641,433
6241461,10.7141,17.664,434,4294967295,0.277013,0.15,1,318083,317649,434
6244381,6.94282,9.9328,432,4294967295,0.263403,0.16,1,318089,317657,432
6246661,8.58857,5.18656,437,4294967295,0.308681,0.2,1,318098,317661,437
6248741,4.11771,5.83731,434,4294967295,0.309736,0.22,1,318101,317667,434
6251661,4.82354,3.56746,436,4294967295,0.357947,0.23,1,318106,317670,436
6253941,8.16471,3.91349,441,4294967295,0.343589,0.24,1,318115,317674,441
6256861,4.03294,10.3827,432,4294967295,0.348718,0.24,1,318118,317686,432
6259141,6.40659,5.27654,435,4294967295,0.413744,0.2,1,318125,317690,435
6262061,5.28132,8.25531,431,4294967295,0.386749,0.19,1,318130,317699,431
6264981,4.25626,4.85106,431,4294967295,0.34935,0.16,1,318134,317703,431
6267461,4.05125,4.17021,431,4294967295,0.34187,0.19,1,318138,317707,431
6270161,4.81025,3.23404,433,4294967295,0.372374,0.19,1,318143,317710,433
6273081,2.56205,3.04681,432,4294967295,0.330475,0.19,1,318145,317713,432
6274741,2.91241,3.80936,431,4294967295,0.314095,0.19,1,318148,317717,431
6277661,4.58248,4.76187,431,4294967295,0.310819,0.17,1,318153,317722,431
6280581,4.1165,4.15237,431,4294967295,0.310164,0.18,1,318157,317726,431
6283501,4.8233,4.03047,432,4294967295,0.342033,0.21,1,318162,317730,432
6286181,8.96466,4.00609,438,4294967295,0.364407,0.23,1,318172,317734,438
6287841,4.19293,9.60122,430,4294967295,0.384881,0.15,1,318175,317745,430
6290761,8.83859,9.92024,430,4294967295,0.388976,0.18,1,318185,317755,430
6293681,5.76772,5.18405,431,4294967295,0.357795,0.15,1,318190,317759,431
6295541,3.55354,4.23681,430,4294967295,0.351559,0.17,1,318193,317763,430
6298461,7.11071,4.84736,433,4294967295,0.366312,0.16,1,318201,317768,433
6300741,9.42214,4.16947,439,4294967295,0.361262,0.24,1,318211,317772,439
6303441,4.28443,8.03389,433,4294967295,0.336252,0.22,1,318214,317781,433
6305521,8.85689,8.80678,434,4294967295,0.323251,0.24,1,318224,317790,434
6308441,9.77138,9.76136,434,4294967295,0.36865,0.27,1,318234,317800,434
6310721,6.75428,5.15227,436,4294967295,0.36173,0.21,1,318240,317804,436
6313641,7.75086,5.83045,438,4294967295,0.384346,0.25,1,318248,317810,438
6315301,7.15017,4.36609,441,4294967295,0.396869,0.3,1,318255,317814,441
6318221,4.63003,9.67322,434,4294967295,0.399374,0.28,1,318259,317825,434
6321141,4.12601,5.13464,434,4294967295,0.399875,0.29,1,318263,317829,434
6323621,4.0252,4.22693,434,4294967295,0.423975,0.28,1,318267,317833,434
6326541,5.60504,4.84539,435,4294967295,0.396795,0.24,1,318273,317838,435
6329461,4.32101,4.16908,435,4294967295,0.359359,0.23,1,318277,317842,435
6332381,4.8642,4.03382,436,4294967295,0.399872,0.26,1,318282,317846,436
6335301,3.37284,4.00676,435,4294967295,0.431974,0.25,1,318285,317850,435
6338221,3.87457,4.00135,435,4294967295,0.478395,0.27,1,318289,317854,435
6341141,4.77491,4.00027,436,4294967295,0.519679,0.27,1,318294,317858,436
6344061,4.15498,4.00005,436,4294967295,0.511936,0.27,1,318298,317862,436
6346981,4.831,4.00001,437,4294967295,0.550387,0.3,1,318303,317866,437
6349621,4.9662,4,438,4294967295,0.566077,0.3,1,318308,317870,438
6352541,4.99324,5.6,437,4294967295,0.585216,0.29,1,318313,317876,437
6355461,4.19865,4.32,437,4294967295,0.581043,0.28,1,318317,317880,437
6358381,4.83973,4.064,438,4294967295,0.580209,0.3,1,318322,317884,438
6361301,4.96795,4.0128,439,4294967295,0.596042,0.3,1,318327,317888,439
6364181,120.994,4.00256,585,4294967295,0.335208,0.22,1,318477,317892,585
6365841,28.1987,124.001,436,4294967295,0.259042,0.32,1,318482,318046,436
6368761,33.6397,52.0001,437,4294967295,0.387808,0.29,1,318517,318080,437
6371461,12.3279,13.6,440,4294967295,0.389562,0.28,1,318524,318084,440
6373541,9.66559,6.72,444,4294967295,0.365912,0.34,1,318533,318089,444
6375201,5.13312,6.144,442,4294967295,0.385182,0.37,1,318537,318095,442
6378121,10.6266,11.6288,441,4294967295,0.389036,0.39,1,318549,318108,441
6381041,6.12532,5.52576,442,4294967295,0.413807,0.35,1,318554,318112,442
6383941,8.42507,4.30515,447,4294967295,0.410761,0.44,1,318563,318116,447
6386861,4.88501,9.66103,440,4294967295,0.442152,0.36,1,318567,318127,440
6389761,4.177,5.13221,440,4294967295,0.44843,0.37,1,318571,318131,440
6392681,6.4354,7.42644,439,4294967295,0.433686,0.39,1,318578,318139,439
6395601,4.48708,4.68529,439,4294967295,0.430737,0.33,1,318582,318143,439
6398521,4.89742,4.13706,440,4294967295,0.454147,0.36,1,318587,318147,440
6401441,4.17948,4.02741,440,4294967295,0.482829,0.36,1,318591,318151,440
6404361,4.8359,4.00548,441,4294967295,0.496566,0.38,1,318596,318155,441
6407281,4.16718,4.0011,441,4294967295,0.507313,0.37,1,318600,318159,441
6410201,4.83344,4.00022,442,4294967295,0.461463,0.4,1,318605,318163,442
6413121,4.96669,4.00004,443,4294967295,0.436293,0.39,1,318610,318167,443
6415141,7.39334,4.00001,447,4294967295,0.447259,0.41,1,318618,318171,447
6418061,4.67867,10.4,439,4294967295,0.457452,0.36,1,318622,318183,439
6420341,8.13573,5.28,444,4294967295,0.48349,0.38,1,318631,318187,444
6423261,7.22715,7.456,443,4294967295,0.528698,0.38,1,318638,318195,443
6425541,6.24543,4.6912,445,4294967295,0.53774,0.41,1,318644,318199,445
6428461,5.24909,8.13824,441,4294967295,0.547548,0.35,1,318649,318208,441
6430741,6.64982,4.82765,444,4294967295,0.54951,0.34,1,318656,318212,444
6433661,6.12996,7.36553,442,4294967295,0.517902,0.32,1,318662,318220,442
6435941,6.82599,4.67311,445,4294967295,0.51158,0.4,1,318669,318224,445
6438021,11.7652,8.13462,449,4294967295,0.518316,0.39,1,318682,318233,449
6440941,5.55304,9.62692,443,4294967295,0.551663,0.41,1,318686,318243,443
6443221,4.31061,5.12538,443,4294967295,0.558333,0.39,1,318690,318247,443
6445301,8.86212,3.42508,450,4294967295,0.575667,0.41,1,318700,318250,450
6447381,8.97242,7.08502,451,4294967295,0.555133,0.43,1,318709,318258,451
6450301,5.79448,10.217,445,4294967295,0.567027,0.39,1,318714,318269,445
6453221,5.9589,5.2434,447,4294967295,0.553405,0.39,1,318720,318273,447
6456141,5.19178,4.24868,448,4294967295,0.518681,0.42,1,318725,318277,448
6459061,5.03836,4.04974,449,4294967295,0.527736,0.49,1,318730,318281,449
6461941,4.20767,4.00995,449,4294967295,0.545547,0.51,1,318734,318285,449
6464861,6.44153,4.00199,452,4294967295,0.549109,0.54,1,318741,318289,452
6467781,4.48831,4.0004,452,4294967295,0.525822,0.53,1,318745,318293,452
6470261,4.89766,4.00008,453,4294967295,0.545164,0.56,1,318750,318297,453
6473181,4.97953,3.20002,455,4294967295,0.557033,0.57,1,318755,318300,455
6476101,3.39591,3.84,454,4294967295,0.567407,0.59,1,318758,318304,454
6478581,10.2792,3.968,462,4294967295,0.545481,0.6,1,318770,318308,462
6481501,5.25584,11.9936,452,4294967295,0.565096,0.61,1,318774,318322,452
6484421,2.65117,5.59872,450,4294967295,0.609019,0.58,1,318776,318326,450
6487341,4.53023,4.31974,451,4294967295,0.617804,0.57,1,318781,318330,451
6490261,4.10605,4.06395,451,4294967295,0.595561,0.55,1,318785,318334,451
6493141,111.221,4.01279,585,4294967295,0.575112,0.29,1,318923,318338,585
6496061,27.8442,122.403,440,4294967295,0.587022,0.31,1,318930,318490,440
6498341,35.1688,27.6805,473,4294967295,0.637405,0.42,1,318967,318494,473
6501261,11.0338,33.5361,443,4294967295,0.639481,0.4,1,318972,318529,443
6503541,11.0068,9.90722,450,4294967295,0.647896,0.42,1,318983,318533,450
6506241,7.00135,10.7814,445,4294967295,0.609579,0.46,1,318989,318544,445
6509161,13.4003,13.3563,446,4294967295,0.697916,0.45,1,319004,318558,446
6511441,5.88005,5.87126,446,4294967295,0.755583,0.49,2,319008,318562,446
6514361,7.57601,7.57425,446,4294967295,0.759117,0.46,2,319016,318570,446
6517281,5.5152,4.71485,447,4294967295,0.799823,0.45,2,319021,318574,447
6519141,4.30304,4.14297,447,4294967295,0.815965,0.47,2,319025,318578,447
6522061,4.86061,4.02859,448,4294967295,0.795193,0.48,2,319030,318582,448
6524981,4.97212,4.00572,449,4294967295,0.759039,0.51,2,319035,318586,449
6527461,7.39442,4.00114,453,4294967295,0.751808,0.49,2,319043,318590,453
6530381,6.27888,10.4002,447,4294967295,0.750362,0.48,2,319049,318602,447
6533301,4.45578,5.28005,447,4294967295,0.766072,0.45,2,319053,318606,447
6535361,4.89116,4.25601,448,4294967295,0.769214,0.5,2,319058,318610,448
6538281,5.77823,4.8512,449,4294967295,0.745843,0.49,1,319064,318615,449
6541201,4.35565,4.17024,449,4294967295,0.741169,0.49,1,319068,318619,449
6544121,4.87113,4.03405,450,4294967295,0.724234,0.53,1,319073,318623,450
6547041,4.97423,4.00681,451,4294967295,0.720847,0.53,1,319078,318627,451
6548881,3.39485,4.00136,450,4294967295,0.728169,0.54,1,319081,318631,450
6550961,6.27897,6.40027,450,4294967295,0.721634,0.58,1,319088,318638,450
6553881,12.4558,14.0801,448,4294967295,0.808327,0.55,2,319102,318654,448
6556801,5.69116,6.01601,448,4294967295,0.841665,0.51,2,319106,318658,448
6559721,4.33823,4.4032,448,4294967295,0.856333,0.5,2,319110,318662,448
6562641,5.66765,4.08064,450,4294967295,0.859267,0.51,2,319116,318666,450
6565561,5.13353,4.01613,451,4294967295,0.859853,0.52,2,319121,318670,451
6568021,9.82671,4.00323,458,4294967295,0.923971,0.59,2,319132,318674,458
6570101,7.56534,11.2006,452,4294967295,0.912794,0.59,2,319139,318687,452
6571761,4.71307,4.64013,453,4294967295,0.926559,0.56,2,319143,318690,453
6573841,3.34261,4.12803,452,4294967295,0.929312,0.61,2,319146,318694,452
6575921,7.86852,7.22561,453,4294967295,0.913862,0.59,2,319155,318702,453
6578841,11.1737,13.4451,450,4294967295,0.902772,0.56,2,319167,318717,450
6581121,7.03474,5.88902,452,4294967295,0.932555,0.54,2,319173,318721,452
6591541,5,4,452,4294967295,0.84,0.59,2,319195,318743,452
6594021,5,4,453,4294967295,0.872,0.58,2,319200,318747,453
6596941,4.2,6.4,450,4294967295,0.8944,0.57,2,319204,318754,450
6599861,4.84,4.48,451,4294967295,0.88288,0.56,2,319209,318758,451
6602781,6.568,4.096,454,4294967295,0.896576,0.58,2,319216,318762,454
6605701,4.5136,4.0192,454,4294967295,0.891315,0.58,2,319220,318766,454
6608581,6.50272,4.00384,457,4294967295,0.914263,0.66,2,319227,318770,457
6611501,6.10054,7.20077,455,4294967295,0.910853,0.64,2,319233,318778,455
6613781,6.02011,4.64015,457,4294967295,0.934171,0.63,2,319239,318782,457
6616701,6.00402,8.92803,453,4294967295,0.914834,0.58,2,319245,318792,453
6619621,6.0008,4.98561,455,4294967295,0.950967,0.56,2,319251,318796,455
6622101,108.4,4.19712,585,4294967295,0.886193,0.61,2,319385,318800,585
6625021,26.48,111.239,453,4294967295,0.929239,0.58,2,319391,318938,453
6626881,7.69601,25.4479,452,4294967295,0.897848,0.65,2,319394,318942,452
6691581,7,6,472,4294967295,0.86,0.88,2,319591,319119,472
6694501,3.8,4.4,471,4294967295,0.908,0.91,2,319594,319123,471
6696561,4.76,4.08,472,4294967295,0.8936,0.94,2,319599,319127,472
6699481,11.352,11.216,472,4294967295,0.93072,0.95,2,319612,319140,472
7255881,442,437,428,5840,0.02,0.07,1,323419,322991,428
7258801,92.4,90.6,429,8760,0.02,0.02,1,323424,322995,429
7261721,355.28,357.32,426,11680,0.116,0.03,1,323845,323419,426
7264641,76.656,74.664,429,14600,0.1112,0.08,1,323852,323423,429
7267561,19.3312,18.1328,430,17520,0.08624,0.09,1,323857,323427,430
7270481,7.86624,6.82656,431,20440,0.105248,0.14,1,323862,323431,431
7273401,332.773,332.565,431,23360,0.14105,0.11,1,324276,323845,431
7276321,72.9546,72.9131,431,26280,0.19621,0.14,1,324284,323853,431
7279241,20.9909,20.9826,431,29200,0.263242,0.17,1,324292,323861,431
7282161,11.3982,10.5965,432,32120,0.300648,0.17,1,324301,323869,432
7285081,9.47964,8.5193,433,35040,0.30813,0.14,1,324310,323877,433
7288001,9.89593,8.10386,435,37960,0.349626,0.22,1,324320,323885,435
7290921,8.37919,8.02077,435,40880,0.381925,0.22,1,324328,323893,435
7293841,8.87584,8.00415,436,43800,0.372385,0.15,1,324337,323901,436
7479261,422,537,422,5840,0.01,1,1,326417,325995,422
7490941,1221.2,1245,421,1460,0.002,1,1,327838,327417,421
7499701,1381.04,1385.8,421,1460,0.0084,1,1,329259,328838,421
7503601,1414.61,1413.96,423,1460,0.00968,0,1,330682,330259,423
7505061,1579.72,1421.19,621,1460,0.033936,0,1,332303,331682,621
7506521,1618.34,1581.04,628,1460,0.182787,0,1,333931,333303,628
7507981,1622.07,1618.61,623,1460,0.132557,0,1,335554,334931,623
7509441,1632.41,1622.12,635,1460,0.290511,0,1,337189,336554,635
7510901,1642.48,1632.42,645,1460,0.594102,0,1,338834,338189,645
7521121,1638,1626,638,1460,0.5,0,1,350386,349748,638
7526961,1676,1627,676,1460,0,0,1,356983,356307,676
7528421,1632.8,1666.2,622,1460,0.04,0,1,358605,357983,622
7529881,1624.16,1630.84,622,1460,0.04,0,1,360227,359605,622
7531341,1637.63,1623.77,641,1460,0.672,0,1,361868,361227,641
7543021,1621,1675,621,1460,0,0,1,375038,374417,621
7544481,1621.8,1631.8,622,1460,0,0,1,376660,376038,622
7545941,1621.96,1623.96,622,1460,0.088,0,1,378282,377660,622
7547401,1621.99,1622.39,622,1460,0.0736,0,1,379904,379282,622
7548861,1629.2,1622.08,631,1460,0.33472,0,1,381535,380904,631
7557621,1635,1622,635,1460,0.18,0,1,391399,390764,635
7563461,1622,1621,622,1460,0.01,0,1,397936,397314,622
7564921,1622,1621.8,622,1460,0.05,0,1,399558,398936,622
7566381,1623.6,1621.96,624,1460,0.01,0,1,401182,400558,624
7591201,1624,1622,624,1460,0.05,0,1,429051,428427,624
7592661,1622.4,1623.6,622,1460,0.018,0,1,430673,430051,622
7594121,1622.08,1622.32,622,1460,0.0116,0,1,432295,431673,622
7595581,1622.82,1622.06,623,1460,0.01032,0,1,433918,433295,623
7597041,1621.36,1622.81,621,1460,0.042064,0,1,435539,434918,621
7598501,1621.07,1621.36,621,1460,0.0164128,0,1,437160,436539,621
7599961,1621.01,1621.07,621,1460,0.0432826,0,1,438781,438160,621
7601421,1623.4,1621.01,624,1460,0.00865651,0,1,440405,439781,624
7602881,1623.08,1623.4,623,1460,0.0017313,0,1,442028,441405,623
7604341,1621.42,1623.08,621,1460,0.0163463,0,1,443649,443028,621
