#Ack,ack_ewma(ms),send_ewma(ms),rtt_ratio,cwnd (Bytes),Last Router Ocupation Ack Arriaval(Packets),Last Router Ocupation Packet Sent(Packets),Network Situation,AckArrival(ms),TSInsideAck(ms),RTTAck(ms)
4381,2,0,441,16060,0.53,0.39,1,140912,140471,441
7301,2,0,443,18980,0.642,0.39,1,140914,140471,443
10221,2,0,445,21900,0.6804,0.39,1,140916,140471,445
13141,2,0,447,24820,0.65608,0.39,1,140918,140471,447
14601,161.2,0,648,27740,0.507216,0.39,1,141119,140471,648
17521,226.64,351.2,452,29200,0.653443,0.53,1,141362,140910,452
20441,46.928,71.84,452,32120,0.666689,0.53,1,141364,140912,452
23361,10.9856,14.368,454,35040,0.669338,0.67,1,141366,140912,454
26281,3.79712,4.4736,454,37960,0.669868,0.67,1,141368,140914,454
29201,2.35942,0.89472,456,40880,0.669974,0.69,1,141370,140914,456
32121,2.07188,1.77894,456,43800,0.637995,0.69,1,141372,140916,456
35041,2.01438,0.355789,458,46720,0.663599,0.65,1,141374,140916,458
37961,2.00288,1.67116,458,49640,0.70072,0.65,1,141376,140918,458
40881,2.00058,0.334232,460,52560,0.740144,0.47,1,141378,140918,460
182501,4,20,533,99420,0.2,1,1,143069,142536,533
185421,30.4,78.4,477,85180,0.304,1,1,143106,142629,477
195641,14.88,24.48,477,86280,0.3088,0.75,1,143117,142640,477
202941,54.176,68.096,462,82260,0.06976,0.77,1,143181,142719,462
208781,30.8352,37.6192,457,80440,0.117952,0.77,1,143206,142749,457
216081,27.767,29.9238,456,76420,0.0635904,0.56,1,143233,142777,456
221921,27.9534,37.1848,445,73140,0.0207181,0.41,1,143261,142816,445
230681,24.7907,31.437,439,69120,0.0281436,0.35,1,143285,142846,439
236521,33.7581,37.4874,436,64380,0.0456287,0.25,1,143321,142885,436
242741,25.1516,29.0975,432,60360,0.00912574,0.15,1,143344,142912,432
250441,25.0303,29.0195,428,57080,0.00982515,0.11,1,143369,142941,428
255021,32.2061,32.2039,429,52700,0.025965,0.11,1,143403,142974,429
258761,21.6412,26.4408,423,51240,0.045193,0.03,1,143422,142999,423
273521,20.3282,22.0882,422,51240,0.0170386,0.27,1,143442,143020,422
307681,53,59,441,115340,0.67,0.01,1,143844,143403,441
310601,32.2,43,429,115340,0.67,0.01,1,143871,143442,429
313521,8.04,8.6,431,116800,0.67,0.01,1,143873,143442,431
316441,3.208,1.72,433,116800,0.67,0.01,1,143875,143442,433
319361,2.2416,0.344,435,116800,0.67,0.01,1,143877,143442,435
322281,2.04832,0.0688,437,118260,0.67,0.01,1,143879,143442,437
325201,2.00966,0.01376,439,118260,0.638,0.01,1,143881,143442,439
328121,2.00193,0.002752,441,118260,0.6476,0.01,1,143883,143442,441
331041,2.00039,0.0005504,443,119720,0.64952,0.01,1,143885,143442,443
333961,2.00008,0.00011008,445,119720,0.649904,0.01,1,143887,143442,445
336881,2.00002,2.2016e-05,447,119720,0.665981,0.01,1,143889,143442,447
339801,2,4.4032e-06,449,119720,0.645196,0.01,1,143891,143442,449
342721,2,8.80639e-07,451,121180,0.609039,0.01,1,143893,143442,451
345641,2,1.76128e-07,453,121180,0.569808,0.01,1,143895,143442,453
348561,2,3.52256e-08,455,121180,0.657962,0.01,1,143897,143442,455
351481,2,7.04511e-09,457,121180,0.675592,0.01,1,143899,143442,457
354401,2,1.40902e-09,459,121180,0.679119,0.01,1,143901,143442,459
357321,2,2.81805e-10,461,122640,0.695824,0.01,1,143903,143442,461
360241,2,5.63609e-11,463,122640,0.699165,0.01,1,143905,143442,463
363161,2,1.12722e-11,465,122640,0.699833,0.01,1,143907,143442,465
366081,2,2.25444e-12,467,122640,0.675967,0.01,1,143909,143442,467
369001,2,4.50887e-13,469,122640,0.639193,0.01,1,143911,143442,469
371921,6.8,9.01774e-14,477,124100,0.695839,0.01,1,143919,143442,477
374841,6.96,1.80355e-14,484,124100,0.707168,0.01,1,143926,143442,484
377761,4.592,3.6071e-15,488,124100,0.741434,0.01,1,143930,143442,488
380681,20.1184,7.21419e-16,512,124100,0.780287,0.99,2,143954,143442,512
383601,5.62368,40,464,124100,0.788057,0.99,2,143956,143492,464
386521,2.72474,8,466,125560,0.797611,0.95,2,143958,143492,466
389441,2.14495,3.2,466,125560,0.799522,0.95,2,143960,143494,466
392361,2.02899,0.64,468,125560,0.799904,0.91,2,143962,143494,468
395281,2.0058,1.728,468,125560,0.799981,0.87,2,143964,143496,468
398201,2.00116,1.9456,468,125560,0.799996,0.87,2,143966,143498,468
401121,2.00023,1.98912,468,125560,0.823999,0.83,2,143968,143500,468
404041,32.4,1.99782,506,127020,0.8448,0.97,2,144008,143502,506
406961,8.08001,32.3996,468,127020,0.84896,0.99,2,144010,143542,468
469881,2,6,453,132860,1,0.68,2,144354,143901,453
472801,2,1.2,455,132860,0.984,0.68,2,144356,143901,455
475721,2,0.24,457,132860,0.9488,0.7,2,144358,143901,457
478641,2,1.648,457,134320,0.98976,0.7,2,144360,143903,457
481561,2,1.9296,457,134320,0.997952,0.7,2,144362,143905,457
484481,2,1.98592,457,134320,0.99959,0.67,2,144364,143907,457
487401,2,1.99718,457,134320,0.967918,0.67,2,144366,143909,457
780441,37,0,508,68800,0.03,0.94,1,146006,145498,508
791241,20.2,47.2,465,68800,0.006,0.63,1,146022,145557,465
799141,96.04,111.84,452,63980,0.0092,0.56,1,146137,145685,452
871521,30.408,37.568,447,64420,0.05784,0.23,1,146151,145704,447
874441,198.082,164.314,491,105120,0.275568,0.03,1,146391,145900,491
877361,81.2163,117.663,437,106580,0.207114,0.01,1,146443,146006,437
880281,121.043,128.333,437,108040,0.0414227,0.07,1,146574,146137,437
883201,25.8087,36.8665,425,109500,0.0162845,0.07,1,146576,146151,425
886121,6.76173,7.3733,427,110960,0.0112569,0.07,1,146578,146151,427
889041,2.95235,1.47466,429,110960,0.0102514,0.07,1,146580,146151,429
891961,2.19047,0.294932,431,110960,0.0100503,0.07,1,146582,146151,431
894881,2.03809,0.0589864,433,110960,0.0100101,0.07,1,146584,146151,433
897801,2.00762,0.0117973,435,110960,0.026002,0.07,1,146586,146151,435
900721,2.00152,0.00235946,437,110960,0.0452004,0.07,1,146588,146151,437
903641,2.0003,0.000471891,439,110960,0.0490401,0.07,1,146590,146151,439
906561,2.00006,9.43782e-05,441,112420,0.049808,0.07,1,146592,146151,441
909481,2.00001,1.88756e-05,443,112420,0.0659616,0.07,1,146594,146151,443
912401,2,3.77513e-06,445,112420,0.0771923,0.07,1,146596,146151,445
915321,2,7.55026e-07,447,112420,0.0714385,0.07,1,146598,146151,447
918241,2,1.51005e-07,449,112420,0.0702877,0.07,1,146600,146151,449
921161,2,3.0201e-08,451,112420,0.0860575,0.07,1,146602,146151,451
924081,2,6.0402e-09,453,112420,0.0892115,0.07,1,146604,146151,453
927001,2,1.20804e-09,455,113880,0.0898423,0.07,1,146606,146151,455
929761,2,2.41608e-10,457,113880,0.0899685,0.07,1,146608,146151,457
932681,11.6,7.2,462,113880,0.137994,0.07,1,146622,146160,462
935601,3.92,1.44,464,113880,0.147599,0.07,1,146624,146160,464
938521,2.384,0.288,466,113880,0.14952,0.07,1,146626,146160,466
941441,2.0768,0.0576,468,113880,0.165904,0.07,1,146628,146160,468
944361,2.01536,0.01152,470,113880,0.137181,0.07,1,146630,146160,470
947281,18.0031,0.002304,492,113880,0.195436,0.07,1,146652,146160,492
950201,16.4006,0.0004608,508,113880,0.175087,0.07,1,146668,146160,508
953121,10.4801,9.216e-05,517,113880,0.139017,0.07,1,146677,146160,517
956041,3.69602,1.8432e-05,519,113880,0.163804,0.07,1,146679,146160,519
958961,2.3392,3.6864e-06,521,113880,0.136761,0.07,1,146681,146160,521
961881,2.06784,7.3728e-07,523,113880,0.163352,0.07,1,146683,146160,523
964801,2.01357,1.47456e-07,525,115340,0.16867,0.07,1,146685,146160,525
967721,2.00271,2.94912e-08,527,115340,0.137734,0.07,1,146687,146160,527
970641,2.00054,5.89824e-09,529,115340,0.131547,0.07,1,146689,146160,529
973561,5.20011,1.17965e-09,535,115340,0.146309,0.07,1,146695,146160,535
976481,2.64002,2.35929e-10,537,115340,0.149262,0.33,1,146697,146160,537
979401,102.928,184.8,434,115340,0.245852,0.33,1,146825,146391,434
982321,58.9856,36.96,482,115340,0.31317,0.19,1,146873,146391,482
985241,13.3971,48.992,432,115340,0.326634,0,1,146875,146443,432
988161,99.4794,114.598,422,115340,0.297327,0,1,146996,146574,422
991081,21.4959,22.9197,424,115340,0.259465,0.01,1,146998,146574,424
994001,5.89918,6.18394,424,116800,0.283893,0.01,1,147000,146576,424
996921,2.77984,2.83679,424,116800,0.288779,0.01,1,147002,146578,424
999841,2.15597,2.16736,424,116800,0.289756,0.01,1,147004,146580,424
1002761,2.83119,2.03347,425,116800,0.273951,0.01,1,147007,146582,425
1005681,2.16624,2.00669,425,116800,0.28679,0.03,1,147009,146584,425
1008601,2.03325,2.00134,425,116800,0.289358,0.05,1,147011,146586,425
1011521,2.00665,2.00027,425,116800,0.289872,0.05,1,147013,146588,425
1014441,2.00133,2.00005,425,116800,0.289974,0.05,1,147015,146590,425
1017361,2.00027,0.400011,427,116800,0.257995,0.05,1,147017,146590,427
1020281,2.00005,1.68,427,116800,0.251599,0.07,1,147019,146592,427
1023201,2.00001,1.936,427,116800,0.25032,0.08,1,147021,146594,427
1026121,2,1.9872,427,116800,0.250064,0.07,1,147023,146596,427
1029041,2,1.99744,427,116800,0.250013,0.07,1,147025,146598,427
1031961,2,1.99949,427,118260,0.250003,0.09,1,147027,146600,427
1034881,2,1.9999,427,118260,0.250001,0.09,1,147029,146602,427
1037801,2,1.99998,427,118260,0.25,0.09,1,147031,146604,427
1040721,2,2,427,118260,0.25,0.09,1,147033,146606,427
1043641,2,2,427,118260,0.25,0.15,1,147035,146608,427
1046561,12.4,11.6,428,118260,0.274,0.15,1,147050,146622,428
1049481,4.08,3.92,428,118260,0.3028,0.15,1,147052,146624,428
1052401,2.416,2.384,428,118260,0.30856,0.17,1,147054,146626,428
1055321,2.0832,2.0768,428,118260,0.309712,0.13,1,147056,146628,428
1058241,2.01664,2.01536,428,118260,0.309942,0.21,1,147058,146630,428
1061161,18.0033,18.0031,428,118260,0.309988,0.17,1,147080,146652,428
1064081,17.2007,16.4006,429,118260,0.293998,0.13,1,147097,146668,429
1067001,9.84013,10.4801,428,118260,0.3068,0.17,1,147105,146677,428
1069921,3.56803,3.69602,428,118260,0.27736,0.13,1,147107,146679,428
1072841,2.31361,2.3392,428,118260,0.303472,0.17,1,147109,146681,428
1075761,2.06272,2.06784,428,118260,0.308694,0.17,1,147111,146683,428
1078681,2.01254,0.413568,430,118260,0.277739,0.17,1,147113,146683,430
1081601,2.00251,1.68271,430,118260,0.271548,0.13,1,147115,146685,430
1084521,2.0005,1.93654,430,119720,0.27031,0.13,1,147117,146687,430
1087441,5.2001,1.98731,434,119720,0.270062,0.15,1,147123,146689,434
1090361,2.64002,5.19746,430,119720,0.270012,0.15,1,147125,146695,430
1093281,109.328,2.63949,564,119720,0.430002,0.27,1,147261,146697,564
1096201,61.0656,102.928,485,119720,0.526,0.33,1,147310,146825,485
1099121,13.8131,58.9856,439,119720,0.5452,0.33,1,147312,146873,439
1102041,96.3626,13.3971,554,119720,0.62904,0.29,1,147429,146875,554
1104961,20.8725,99.4794,435,119720,0.645808,0.25,1,147431,146996,435
1107881,5.7745,21.4959,435,119720,0.649162,0.29,1,147433,146998,435
1110801,2.7549,5.89918,435,121180,0.649832,0.29,1,147435,147000,435
1113721,2.15098,2.77984,435,121180,0.649966,0.29,1,147437,147002,435
1116641,2.0302,2.15597,435,121180,0.649993,0.27,1,147439,147004,435
1119561,2.00604,2.83119,434,121180,0.649999,0.29,1,147441,147007,434
1122481,2.00121,2.16624,434,121180,0.65,0.29,1,147443,147009,434
1125401,2.00024,2.03325,434,121180,0.666,0.29,1,147445,147011,434
1128321,2.00005,2.00665,434,121180,0.6692,0.29,1,147447,147013,434
1131241,2.00001,2.00133,434,121180,0.66984,0.25,1,147449,147015,434
1134161,2,2.00027,434,121180,0.661968,0.25,1,147451,147017,434
1137081,2,2.00005,434,121180,0.628394,0.25,1,147453,147019,434
1140001,2,2.00001,434,121180,0.669679,0.25,1,147455,147021,434
1142921,2,2,434,121180,0.677936,0.25,1,147457,147023,434
1145841,2,2,434,121180,0.679587,0.25,1,147459,147025,434
1148161,2,0.4,436,121180,0.679917,0.27,1,147461,147025,436
1151081,2,2.48,435,121180,0.679983,0.25,1,147463,147028,435
1154001,2,1.296,436,121180,0.671997,0.25,1,147465,147029,436
1156921,2,1.8592,436,121180,0.638399,0.25,1,147467,147031,436
1159841,2,1.97184,436,121180,0.59968,0.25,1,147469,147033,436
1162761,12.4,1.99437,449,121180,0.655936,0.28,1,147484,147035,449
1165681,4.08,12.3989,436,121180,0.667187,0.31,1,147486,147050,436
1168601,2.416,4.07977,436,122640,0.669437,0.31,1,147488,147052,436
1171521,2.0832,2.41595,436,122640,0.669888,0.31,1,147490,147054,436
1174441,2.01664,2.08319,436,122640,0.669977,0.31,1,147492,147056,436
1177361,18.0033,2.01664,456,122640,0.725995,0.31,1,147514,147058,456
1180281,17.2007,18.0033,451,122640,0.769199,0.29,2,147531,147080,451
1183201,9.84013,17.2007,442,122640,0.73784,0.31,1,147539,147097,442
1186121,3.56803,9.84013,436,122640,0.731568,0.27,1,147541,147105,436
1189041,2.31361,3.56803,436,122640,0.730314,0.31,1,147543,147107,436
1191961,2.06272,2.31361,436,122640,0.730063,0.31,1,147545,147109,436
1194881,2.01254,2.06272,436,122640,0.730013,0.27,1,147547,147111,436
1197801,2.00251,2.01254,436,122640,0.730003,0.27,1,147549,147113,436
1200161,2.0005,2.00251,436,122640,0.730001,0.31,1,147551,147115,436
1203081,3.6001,3.6005,436,122640,0.738,0.27,1,147555,147119,436
1206001,3.92002,3.9201,436,122640,0.7316,0.27,1,147559,147123,436
1208921,2.384,2.38402,436,122640,0.69832,0.47,1,147561,147125,436
1211841,117.277,109.277,446,122640,0.851664,0.55,2,147707,147261,446
1214761,65.0554,61.0554,449,122640,0.914333,0.55,2,147759,147310,449
1217681,14.6111,13.8111,449,122640,0.926867,0.65,2,147761,147312,449
1529221,1,0,543,125560,0.93,1,2,148964,148421,543
1532141,1.8,8.8,534,125560,0.922,1,2,148966,148432,534
1700841,483,565,462,82980,0.19,0.19,1,149558,149096,462
1802801,2,2,472,112420,0.31,0.99,1,150476,150004,472
1805721,2,2,472,112420,0.294,0.99,1,150478,150006,472
1808641,2,0.4,474,112420,0.4588,0.97,1,150480,150006,474
1811561,2,1.68,474,112420,0.47576,1,1,150482,150008,474
1814481,2,1.936,474,112420,0.495152,1,1,150484,150010,474
1817401,2,0.3872,476,112420,0.51503,0.96,1,150486,150010,476
1820321,2,1.67744,476,112420,0.519006,0.95,1,150488,150012,476
1823241,2,1.93549,476,112420,0.519801,0.95,1,150490,150014,476
1826161,2,0.387098,478,112420,0.51996,0.95,1,150492,150014,478
1829081,2,1.67742,478,112420,0.519992,0.99,1,150494,150016,478
1832001,2,1.93548,478,112420,0.511998,0.99,1,150496,150018,478
1834921,2,0.387097,480,112420,0.5104,1,1,150498,150018,480
1837841,2,1.67742,480,112420,0.51008,1,1,150500,150020,480
1840761,2,1.93548,480,112420,0.510016,1,1,150502,150022,480
1843681,2,0.387097,482,112420,0.510003,1,1,150504,150022,482
1846601,2,1.67742,482,112420,0.510001,1,1,150506,150024,482
1849521,9.2,1.93548,491,112420,0.526,1,1,150517,150026,491
1852441,14.64,1.9871,505,112420,0.4652,1,1,150533,150028,505
1855361,4.528,1.99742,505,112420,0.43704,1,1,150535,150030,505
1858281,2.5056,1.99948,505,113880,0.415408,1,1,150537,150032,505
1861201,2.10112,1.9999,505,113880,0.411082,1,1,150539,150034,505
1864121,2.02022,1.99998,505,113880,0.378216,1,1,150541,150036,505
1867041,2.00404,2,505,113880,0.387643,1,1,150543,150038,505
1869961,2.00081,2,505,113880,0.389529,1,1,150545,150040,505
1872881,2.00016,2,505,113880,0.405906,1,1,150547,150042,505
1875801,3.60003,18,487,113880,0.409181,1,1,150551,150064,487
1878721,15.92,18,488,113880,0.369836,1,1,150570,150082,488
1881641,12.784,13.2,488,113880,0.353967,1,1,150582,150094,488
1884561,17.7568,8.24,500,113880,0.302793,1,1,150601,150101,500
1887481,14.7514,5.648,509,113880,0.260559,1,1,150615,150106,509
1890401,14.9503,9.1296,514,113880,0.204112,1,1,150630,150116,514
1893321,12.5901,6.62592,520,113880,0.160822,1,1,150642,150122,520
1896241,5.71801,2.92518,522,113880,0.136164,1,1,150646,150124,522
1899161,2.7436,26.185,492,113880,0.131233,1,1,150648,150156,492
1902081,11.7487,5.23701,506,113880,0.114247,1,1,150662,150156,506
1903541,163.15,19.4474,684,113880,0.654849,0.33,1,150863,150179,684
1906461,75.8299,238.289,445,115340,0.79497,0.33,2,150917,150472,445
1909381,16.766,47.6579,447,115340,0.854994,0.33,2,150919,150472,447
1912301,4.9532,11.1316,447,115340,0.898999,0.31,2,150921,150474,447
1915221,2.59064,3.82632,447,115340,0.9398,0.29,2,150923,150476,447
2350201,12,20,504,67160,0.55,1,1,153085,152581,504
2354581,54.4,69.6,487,59860,0.486,1,1,153150,152663,487
2361881,27.68,30.72,487,57020,0.4092,1,1,153171,152684,487
2368081,37.536,36.544,489,54020,0.36184,0.99,1,153211,152722,489
2371001,141.107,34.5088,622,87600,0.400368,0.57,1,153378,152756,622
2373921,29.8214,147.702,448,89060,0.408074,0.57,1,153380,152932,448
2376841,7.56429,29.5404,450,90520,0.425615,0.57,1,153382,152932,450
2379761,3.11286,5.90807,452,90520,0.397123,0.57,1,153384,152932,452
2382681,2.22257,1.18161,454,91980,0.391425,0.57,1,153386,152932,454
2385601,2.04451,0.236323,456,91980,0.374285,0.57,1,153388,152932,456
2388521,2.0089,0.0472645,458,91980,0.386857,0.57,1,153390,152932,458
2391441,2.00178,0.00945291,460,91980,0.405371,0.57,1,153392,152932,460
2394361,2.00036,0.00189058,462,91980,0.409074,0.57,1,153394,152932,462
2397281,2.00007,0.000378116,464,91980,0.425815,0.57,1,153396,152932,464
2400201,2.00001,7.56233e-05,466,91980,0.429163,0.57,1,153398,152932,466
2403121,2,1.51247e-05,468,91980,0.429833,0.57,1,153400,152932,468
2406041,2,3.02493e-06,470,91980,0.429967,0.57,1,153402,152932,470
2408961,2,6.04986e-07,472,91980,0.429993,0.57,1,153404,152932,472
2411881,94,1.20997e-07,589,93440,0.461999,0.37,1,153521,152932,589
2414801,26,112.8,457,93440,0.4604,0.39,1,153530,153073,457
2417721,70,100.96,440,93440,0.59608,0.35,1,153611,153171,440
2420641,42,52.192,435,93440,0.575216,0.35,1,153646,153211,435
2423561,10,10.4384,437,93440,0.571043,0.35,1,153648,153211,437
2426481,3.6,2.08768,439,93440,0.602209,0.35,1,153650,153211,439
2429401,2.32,0.417536,441,93440,0.592442,0.35,1,153652,153211,441
2432321,2.064,0.0835072,443,93440,0.590488,0.35,1,153654,153211,443
2435241,2.0128,0.0167014,445,93440,0.558098,0.35,1,153656,153211,445
2438161,2.00256,0.00334029,447,94900,0.55162,0.35,1,153658,153211,447
2441081,2.00051,0.000668057,449,94900,0.550324,0.35,1,153660,153211,449
2444001,2.0001,0.000133611,451,94900,0.550065,0.35,1,153662,153211,451
2446921,2.00002,2.67223e-05,453,94900,0.550013,0.35,1,153664,153211,453
2449841,2,5.34446e-06,455,94900,0.550003,0.35,1,153666,153211,455
2452761,2,1.06889e-06,457,94900,0.566001,0.35,1,153668,153211,457
2455681,2,2.13778e-07,459,94900,0.5692,0.41,1,153670,153211,459
2458601,118.8,133.6,440,94900,0.58584,0.41,1,153818,153378,440
2461521,25.36,26.72,442,94900,0.589168,0.41,1,153820,153378,442
2464441,6.672,6.944,442,94900,0.621834,0.43,1,153822,153380,442
2467361,2.9344,2.9888,442,96360,0.628367,0.39,1,153824,153382,442
2470281,2.18688,2.19776,442,96360,0.629673,0.39,1,153826,153384,442
2473201,2.03738,0.439552,444,96360,0.613935,0.39,1,153828,153384,444
2476121,2.00748,1.68791,444,96360,0.610787,0.37,1,153830,153386,444
2479041,2.0015,1.93758,444,96360,0.610157,0.39,1,153832,153388,444
2481961,2.0003,1.98752,444,96360,0.626032,0.41,1,153834,153390,444
2484881,2.00006,1.9975,444,96360,0.629206,0.41,1,153836,153392,444
2487801,2.00001,1.9995,444,96360,0.629841,0.43,1,153838,153394,444
2490721,2,1.9999,444,97820,0.629968,0.43,1,153840,153396,444
2493641,2,1.99998,444,97820,0.629994,0.43,1,153842,153398,444
2496561,2,2,444,97820,0.629999,0.43,1,153844,153400,444
2499481,2,2,444,97820,0.63,0.43,1,153846,153402,444
2502401,2,2,444,97820,0.63,0.47,1,153848,153404,444
2505321,93.2,94,443,97820,0.734,0.46,1,153964,153521,443
2508241,29.84,26,448,97820,0.6588,0.63,1,153978,153530,448
2511161,72.368,70,450,97820,0.68376,0.57,1,154061,153611,450
2514081,41.6736,42,449,97820,0.688752,0.57,1,154095,153646,449
2517001,9.93472,10,449,97820,0.68975,0.61,1,154097,153648,449
2519921,3.58694,3.6,449,97820,0.68995,0.59,1,154099,153650,449
2522841,2.31739,2.32,449,99280,0.68999,0.59,1,154101,153652,449
2525761,2.06348,2.064,449,99280,0.657998,0.55,1,154103,153654,449
2528681,2.0127,2.0128,449,99280,0.6516,0.55,1,154105,153656,449
2531601,2.00254,0.40256,451,99280,0.65032,0.55,1,154107,153656,451
2534521,2.00051,1.68051,451,99280,0.650064,0.55,1,154109,153658,451
2537441,2.0001,1.9361,451,99280,0.666013,0.55,1,154111,153660,451
2540361,2.00002,1.98722,451,99280,0.669203,0.55,1,154113,153662,451
2543281,2,1.99744,451,99280,0.669841,0.55,1,154115,153664,451
2546201,2,1.99949,451,99280,0.669968,0.57,1,154117,153666,451
2549121,2,1.9999,451,99280,0.669994,0.57,1,154119,153668,451
2552041,120.4,1.99998,599,99280,0.701999,0.59,1,154269,153670,599
2554961,25.68,118.8,453,100740,0.7564,0.59,2,154271,153818,453
2557881,6.736,25.36,453,100740,0.76728,0.63,2,154273,153820,453
2560801,2.9472,6.672,453,100740,0.769456,0.63,2,154275,153822,453
2563721,2.18944,2.9344,453,100740,0.737891,0.63,1,154277,153824,453
2566641,2.03789,2.18688,453,100740,0.747578,0.61,1,154279,153826,453
2569561,2.00758,2.03738,453,100740,0.765516,0.61,2,154281,153828,453
2572481,2.00152,2.00748,453,100740,0.769103,0.61,2,154283,153830,453
2575401,2.0003,2.0015,453,100740,0.769821,0.63,2,154285,153832,453
2578321,2.00006,2.0003,453,100740,0.769964,0.63,2,154287,153834,453
2581241,2.00001,2.00006,453,100740,0.769993,0.63,2,154289,153836,453
2584161,2,2.00001,453,100740,0.769999,0.63,2,154291,153838,453
2587081,2,0.400002,455,100740,0.77,0.63,2,154293,153838,455
2590001,2,1.68,455,100740,0.77,0.63,2,154295,153840,455
2592921,2,1.936,455,100740,0.77,0.63,2,154297,153842,455
2595841,2,1.9872,455,100740,0.77,0.63,2,154299,153844,455
2598761,2,1.99744,455,100740,0.77,0.63,2,154301,153846,455
2601681,90.8,1.99949,566,100740,0.834,0.76,2,154414,153848,566
2604601,29.36,93.1999,464,102200,0.8628,0.64,2,154428,153964,464
2607521,75.472,29.84,537,102200,0.90056,0.69,2,154515,153978,537
2625041,2,2,455,102200,0.95,0.65,2,154558,154103,455
3137701,65,77,503,62780,0.27,1,1,158260,157757,503
3179301,80.2,71.4,517,61779,0.318,1,1,158344,157827,517
3182221,28.84,23.08,522,60958,0.2796,1,1,158360,157838,522
3185141,25.768,23.016,524,59317,0.23992,1,1,158385,157861,524
3188061,25.1536,4.6032,549,57676,0.279984,1,1,158410,157861,549
3190981,20.2307,16.1206,549,56035,0.463997,1,1,158429,157880,549
3193901,16.0461,29.6241,531,54394,0.468799,0.92,1,158444,157913,531
3196821,35.2092,72.3248,488,52753,0.43776,1,1,158484,157996,488
3199741,24.6418,32.065,488,51112,0.431552,1,1,158506,158018,488
3202661,20.9284,27.213,482,49640,0.46231,0.99,1,158526,158044,482
3205581,16.1857,23.8426,474,48180,0.452462,0.85,1,158541,158067,474
3208501,19.2371,20.7685,474,46720,0.442492,0.79,1,158561,158087,474
3211421,13.4474,23.3537,462,45260,0.384498,0.66,1,158573,158111,462
3214341,20.2895,21.4707,463,43800,0.2929,0.49,1,158595,158132,463
3217261,20.0579,36.2941,443,43800,0.25858,0.49,1,158615,158172,443
3220181,17.6116,7.25883,460,43800,0.251716,0.45,1,158632,158172,460
3223101,5.12232,19.8518,439,43800,0.218343,0.45,1,158634,158195,439
3226021,2.62446,3.97035,441,43800,0.227669,0.45,1,158636,158195,441
3228941,2.12489,0.794071,443,43800,0.213534,0.27,1,158638,158195,443
3231861,43.625,52.1588,432,43800,0.258707,0.27,1,158692,158260,432
3234781,10.325,10.4318,434,43800,0.251741,0.31,1,158694,158260,434
3237701,42.865,33.2864,446,43800,0.186348,0.29,1,158745,158299,446
3240621,36.573,24.2573,459,43800,0.20527,0.27,1,158780,158321,459
3243541,40.1146,36.0515,461,43800,0.177054,0.29,1,158821,158360,461
3246461,48.8229,47.2103,462,43800,0.139411,0.47,1,158872,158410,462
3249381,52.9646,36.6421,482,45260,0.195882,0.43,1,158926,158444,482
3252301,44.1929,56.9284,462,45260,0.255176,0.45,1,158968,158506,462
3255221,35.2386,39.3857,460,45260,0.235035,0.37,1,159001,158541,460
3258141,27.8477,33.4771,454,46720,0.279007,0.25,1,159027,158573,454
3261061,22.3695,40.2954,433,46720,0.319801,0.25,1,159048,158615,433
3263981,16.4739,21.6591,431,46720,0.31196,0.21,1,159063,158632,431
3266901,4.89478,5.93182,431,46720,0.310392,0.23,1,159065,158634,431
3269821,2.57896,2.78636,431,46720,0.310078,0.21,1,159067,158636,431
3272741,2.11579,2.15727,431,48180,0.342016,0.27,1,159069,158638,431
3275661,46.0232,43.6315,434,48180,0.380403,0.25,1,159126,158692,434
3278581,10.8046,10.3263,434,48180,0.436081,0.17,1,159128,158694,434
3281501,41.3609,42.8653,432,48180,0.383216,0.21,1,159177,158745,432
3284421,37.0722,36.5731,433,48180,0.500643,0.17,1,159213,158780,433
3287341,37.0144,40.1146,429,48180,0.556129,0.13,1,159250,158821,429
3290261,51.4029,48.8229,433,49640,0.615226,0.13,1,159305,158872,433
3293181,52.6806,9.76458,486,49640,0.627045,0.21,1,159358,158872,486
3296101,45.7361,45.1529,476,49640,0.709409,0.27,1,159402,158926,476
3299021,33.1472,42.6306,464,49640,0.789882,0.23,2,159432,158968,464
3301941,8.22944,34.9261,433,49640,0.773976,0.29,2,159434,159001,433
3304861,24.8459,27.7852,436,49640,0.802795,0.33,2,159463,159027,436
3307781,23.3692,22.357,438,49640,0.840559,0.31,2,159486,159048,438
3310701,15.8738,16.4714,437,49640,0.864112,0.31,2,159500,159063,437
3313621,4.77477,4.89428,437,51100,0.868822,0.31,2,159502,159065,437
3316541,2.55495,2.57886,437,51100,0.869764,0.31,2,159504,159067,437
3319461,2.11099,0.515771,439,51100,0.901953,0.35,2,159506,159067,439
3456701,22,37,485,54020,0.68,1,1,160856,160371,485
3459621,40.4,21.8,512,54020,0.592,1,1,160901,160389,512
3462541,24.08,21.96,510,54020,0.6064,1,1,160921,160411,510
3465461,23.216,21.192,512,54020,0.56128,1,1,160944,160432,512
3468381,23.8432,17.8384,519,54020,0.568256,1,1,160968,160449,519
3471301,23.9686,13.9677,530,54020,0.601651,1,1,160992,160462,530
3474221,19.1937,11.5935,537,54020,0.61633,1,1,161010,160473,537
3477141,19.0387,20.7187,533,54020,0.643266,1,1,161029,160496,533
3656721,24,25,494,52560,0.81,1,2,162874,162380,494
3659641,34.4,35.4,493,52560,0.826,1,2,162911,162418,493
3662561,27.68,31.88,488,52560,0.7972,1,2,162937,162449,488
3665481,21.536,27.976,481,52560,0.75944,1,2,162957,162476,481
3668401,23.5072,24.7952,481,52560,0.751888,1,2,162981,162500,481
3671321,29.5014,4.95904,512,52560,0.686378,1,1,163012,162500,512
3674241,24.3003,32.9918,495,52560,0.625275,1,1,163035,162540,495
3677161,31.2601,26.5984,503,52560,0.629055,1,1,163068,162565,503
3680081,28.652,28.5197,502,52560,0.597811,1,1,163096,162594,502
3683001,40.1304,27.3039,518,52560,0.711562,1,1,163139,162621,518
3685921,29.6261,41.4608,500,52560,0.694312,1,1,163166,162666,500
3688841,30.7252,29.8922,504,52560,0.642862,1,1,163197,162693,504
3691761,26.145,26.7784,503,52560,0.624573,0.82,1,163222,162719,503
3694681,20.429,26.1557,496,54020,0.628915,0.88,1,163241,162745,496
3697601,22.4858,24.4311,495,54020,0.549783,1,1,163264,162769,495
3700521,22.8972,27.2862,490,54020,0.469957,0.89,1,163287,162797,490
3703441,24.5794,27.0572,488,54020,0.501991,0.83,1,163312,162824,488
3706361,6.51589,26.2114,464,54020,0.508398,0.81,1,163314,162850,464
3709281,18.1032,24.4423,461,54020,0.50968,0.83,1,163335,162874,461
3712201,34.0206,34.4885,462,54020,0.413936,0.79,1,163373,162911,462
3715121,26.0041,27.6977,460,54020,0.378787,0.75,1,163397,162937,460
3718041,20.4008,21.5395,459,54020,0.371757,0.75,1,163416,162957,459
3720961,20.0802,23.5079,455,54020,0.338351,0.67,1,163436,162981,455
3723881,28.016,29.5016,454,54020,0.29967,0.61,1,163466,163012,454
3726801,24.0032,24.3003,454,54020,0.259934,0.63,1,163489,163035,454
3729721,28.8006,31.2601,451,54020,0.235987,0.59,1,163519,163068,451
3732641,26.5601,28.652,449,54020,0.215197,0.74,1,163545,163096,449
3735561,47.712,40.1304,459,54020,0.131039,0.69,1,163598,163139,459
3738481,30.3424,29.6261,458,54020,0.114208,0.63,1,163624,163166,458
3741401,27.6685,30.7252,454,54020,0.158842,0.62,1,163651,163197,454
3744321,23.9337,26.145,452,54020,0.103768,0.62,1,163674,163222,452
3747241,17.5867,5.22901,468,54020,0.0927537,0.63,1,163690,163222,468
3750161,18.7173,16.2458,468,54020,0.0905507,0.53,1,163709,163241,468
3753081,25.3435,21.6492,472,54020,0.0741101,0.45,1,163736,163264,472
3756001,23.4687,22.7298,472,54020,0.054822,0.51,1,163759,163287,472
3758921,6.29374,24.546,449,54020,0.0989644,0.51,1,163761,163312,449
3761841,16.4587,6.50919,466,54020,0.139793,0.51,1,163780,163314,466
3764761,28.8917,18.1018,477,54020,0.163959,0.39,1,163812,163335,477
3767681,24.9784,34.0204,463,54020,0.168792,0.37,1,163836,163373,463
3770601,18.5957,26.0041,456,54020,0.233758,0.37,1,163853,163397,456
3773521,15.7191,20.4008,452,54020,0.246752,0.33,1,163868,163416,452
3776441,27.9438,20.0802,463,54020,0.23335,0.29,1,163899,163436,463
3779361,22.3888,28.016,454,54020,0.21467,0.25,1,163920,163466,454
3782281,26.0778,24.0032,458,54020,0.274934,0.23,1,163947,163489,458
3785201,23.6155,28.8006,451,54020,0.334987,0.21,1,163970,163519,451
3788121,47.1231,26.5601,478,54020,0.0909974,0.11,1,164023,163545,478
3791041,31.8246,47.712,453,54020,0.0581995,0.11,1,164051,163598,453
3793961,26.3649,30.3424,452,54020,0.14764,0.17,1,164076,163624,452
3796881,24.473,27.6685,449,54020,0.181528,0.09,1,164100,163651,449
3799801,15.2946,23.9337,439,54020,0.236306,0.09,1,164113,163674,439
3802721,19.8589,17.5867,444,54020,0.263261,0.09,1,164134,163690,444
3805641,24.7718,18.7173,451,54020,0.268652,0.07,1,164160,163709,451
3808561,24.9544,25.3435,449,54020,0.26973,0.05,1,164185,163736,449
3811481,6.59087,23.4687,428,54020,0.285946,0.11,1,164187,163759,428
3814401,17.3182,6.29374,446,54020,0.305189,0.15,1,164207,163761,446
3817321,33.0636,16.4587,464,54020,0.309038,0.17,1,164244,163780,464
3820241,25.8127,28.8917,456,54020,0.309808,0.17,1,164268,163812,456
3823161,20.3625,24.9784,451,54020,0.309962,0.25,1,164287,163836,451
3826081,15.2725,18.5957,448,54020,0.341992,0.25,1,164301,163853,448
3829001,25.4545,15.7191,461,54020,0.380398,0.23,1,164329,163868,461
3831921,25.8909,27.9438,456,54020,0.38808,0.21,1,164355,163899,456
3834841,28.3782,22.3888,464,54020,0.437616,0.29,1,164384,163920,464
3837761,24.0756,26.0778,460,54020,0.463523,0.35,1,164407,163947,460
3840681,35.2151,23.6155,475,54020,0.420705,0.03,1,164445,163970,475
3843601,31.843,47.1231,453,54020,0.412141,0.05,1,164476,164023,453
3846521,29.5686,31.8246,454,54020,0.474428,0.17,1,164505,164051,454
3849441,29.1137,26.3649,458,54020,0.502886,0.19,1,164534,164076,458
3852361,16.2227,24.473,447,54020,0.492577,0.25,1,164547,164100,447
3855281,20.0445,15.2946,455,54020,0.506515,0.27,1,164568,164113,455
3858201,24.8089,19.8589,460,54020,0.541303,0.27,1,164594,164134,460
3861121,26.5618,24.7718,461,54020,0.564261,0.27,1,164621,164160,461
3864041,6.91236,24.9544,438,54020,0.600852,0.29,1,164623,164185,438
3866961,15.7825,6.59087,454,54020,0.62417,0.31,1,164641,164187,454
3869881,34.3565,17.3182,473,54020,0.644834,0.31,1,164680,164207,473
3872801,24.4713,33.0636,458,54020,0.648967,0.31,1,164702,164244,458
3875721,22.4943,25.8127,456,54020,0.713793,0.31,1,164724,164268,456
3878641,16.4989,20.3625,452,54020,0.710759,0.35,1,164739,164287,452
3881561,27.2998,15.2725,468,54020,0.774152,0.39,2,164769,164301,468
3884481,27.06,25.4545,467,54020,0.78683,0.39,2,164796,164329,467
3887401,30.212,25.8909,472,54020,0.773366,0.45,2,164827,164355,472
3890321,25.2424,28.3782,467,54020,0.786673,0.47,2,164851,164384,467
3893241,33.0485,24.0756,479,54020,0.837335,0.41,2,164886,164407,479
3896161,31.4097,35.2151,472,54020,0.911467,0.41,2,164917,164445,472
3899081,32.6819,31.843,474,54020,0.926293,0.49,2,164950,164476,474
4036321,22,24,488,56940,0.75,1,2,166138,165650,488
4039241,21.2,23.2,486,56940,0.798,1,2,166159,165673,486
4042161,17.04,18.24,485,58400,0.8556,1,2,166175,165690,485
4045081,33.008,29.248,490,58400,0.91512,1,2,166212,165722,490
4048001,29.8016,43.4496,472,58400,0.895024,1,2,166241,165769,472
4050921,24.3603,24.6899,475,58400,0.891005,1,2,166264,165789,475
4062601,26,21,481,59860,0.71,1,1,166394,165913,481
4275761,36,25,486,48180,0.81,0.75,2,168263,167777,486
4453881,27,42,487,43800,0.55,1,1,169735,169248,487
4456801,52.6,39.6,507,43800,0.574,0.94,1,169794,169287,507
4459721,44.92,39.92,510,45260,0.5708,1,1,169837,169327,510
4462641,24.984,46.384,482,45260,0.63416,1,1,169857,169375,482
4465561,40.1968,34.8768,494,45260,0.646832,0.97,1,169901,169407,494
4468481,54.4394,55.7754,491,45260,0.705366,0.93,1,169959,169468,491
4471401,38.0879,39.9551,489,45260,0.693073,0.87,1,169993,169504,489
4474321,31.6176,36.791,483,45260,0.714615,0.63,1,170023,169540,483
4477241,18.3235,35.3582,463,46720,0.718923,0.65,1,170038,169575,463
4480161,18.8647,22.2716,463,46720,0.711785,0.63,1,170057,169594,463
4483081,24.5729,25.2543,463,46720,0.790357,0.61,2,170083,169620,463
4486001,23.3146,25.8509,460,46720,0.870071,0.51,2,170106,169646,460
4488921,23.0629,25.1702,458,46720,0.902014,0.53,2,170129,169671,458
4652441,17,22,477,49640,0.88,0.89,2,171785,171308,477
4655361,36.2,37.2,477,49640,0.776,0.92,2,171826,171349,477
4658281,12.84,17.04,472,49640,0.7072,0.97,1,171833,171361,472
4661201,36.168,39.408,469,49640,0.59744,0.93,1,171875,171406,469
4664121,28.0336,30.2816,467,49640,0.767488,1,2,171901,171434,467
4667041,37.6067,27.6563,480,49640,0.817498,1,2,171941,171461,480
4669961,41.9213,40.7313,479,49640,0.731499,1,1,171984,171505,479
4672881,33.1843,30.5463,482,49640,0.7463,1,1,172015,171533,482
4675801,32.2369,26.9093,488,49640,0.73326,1,1,172047,171559,488
4678721,26.4474,22.9819,491,49640,0.762652,1,2,172072,171581,491
4681641,19.6895,14.1964,497,49640,0.78453,1,2,172090,171593,497
4684561,11.1379,16.4393,489,49640,0.724906,0.9,1,172099,171610,489
4687481,14.2276,27.2879,474,49640,0.792981,0.85,2,172114,171640,474
4690401,22.0455,25.4576,473,49640,0.918596,1,2,172138,171665,473
4880201,42,40,491,55480,0.5,1,1,173999,173508,491
4883121,30,32,488,55480,0.428,1,1,174026,173538,488
4886041,25.2,28.8,484,55480,0.3816,0.98,1,174050,173566,484
4888961,26.64,26.56,485,56940,0.40432,0.95,1,174077,173592,485
4891881,20.528,21.312,484,56940,0.408864,1,1,174096,173612,484
4894801,26.5056,16.2624,497,56940,0.393773,1,1,174124,173627,497
4897721,23.7011,20.8525,498,56940,0.422755,1,1,174147,173649,498
4900641,18.3402,23.3705,491,56940,0.412551,0.92,1,174164,173673,491
4903561,22.068,31.0741,481,56940,0.39451,0.92,1,174187,173706,481
4906481,22.0136,6.21482,503,58400,0.422902,1,1,174209,173706,503
4909401,22.8027,26.843,494,58400,0.38058,1,1,174232,173738,494
4912321,26.1605,24.5686,497,58400,0.476116,1,1,174259,173762,497
4915241,30.8321,25.7137,503,58400,0.487223,0.91,1,174291,173788,503
4918161,36.5664,25.9427,515,58400,0.537445,1,1,174329,173814,515
4921081,28.1133,41.1885,496,58400,0.595489,1,1,174355,173859,496
4924001,10.4227,29.0377,476,58400,0.655098,0.95,1,174361,173885,476
4926921,16.4845,25.8075,469,58400,0.731019,0.83,1,174379,173910,469
4929841,19.2969,25.9615,463,58400,0.794204,0.75,2,174399,173936,463
4932761,15.8594,21.9923,457,58400,0.774841,0.5,2,174414,173957,457
4935681,27.9719,37.9985,446,58400,0.786968,0.41,2,174445,173999,446
5121101,13,14,461,52560,0.69,0.75,1,176308,175847,461
5125481,61,62,460,52560,0.706,0.73,1,176381,175921,460
5131321,42.6,47.6,454,52560,0.6612,0.68,1,176419,175965,454
5137161,43.72,44.72,454,52560,0.66824,0.69,1,176463,176009,454
5141541,46.344,40.944,461,52560,0.733648,0.79,1,176510,176049,461
5147381,19.6688,18.5888,461,52560,0.68273,0.69,1,176523,176062,461
5156141,27.1338,30.1178,457,52560,0.664546,0.65,1,176552,176095,457
5161981,35.8268,40.4236,452,52560,0.620909,0.61,1,176590,176138,452
5166361,33.5653,34.4847,452,52560,0.580182,0.59,1,176623,176171,452
5199941,22.7131,22.8969,452,52560,0.636036,0.63,1,176643,176191,452
5202861,18.9426,12.5794,460,54020,0.711207,0.63,1,176661,176201,460
5205781,5.38852,2.51588,462,55480,0.694241,0.63,1,176663,176201,462
5208701,2.6777,0.503175,464,56940,0.658848,0.8,1,176665,176201,464
5211621,23.7355,7.30064,484,56940,0.73177,0.87,1,176694,176210,484
5214541,23.9471,24.6601,479,56940,0.778354,0.73,2,176718,176239,479
5217461,30.3894,32.932,476,58400,0.835671,0.69,2,176750,176274,476
5220381,38.8779,33.7864,483,58400,0.943134,0.71,2,176791,176308,483
5465661,58,61,450,49640,0.53,0.59,1,178716,178266,450
5468581,36.4,21,470,51100,0.578,0.43,1,178747,178277,470
5471501,37.68,37,467,52560,0.6356,0.42,1,178785,178318,467
5474421,55.536,57,465,54020,0.74312,0.41,1,178845,178380,465
5477341,43.9072,39.4,471,54020,0.780624,0.41,2,178886,178415,471
5480261,19.9814,38.28,447,54020,0.804125,0.41,2,178900,178453,447
5686121,500,578,461,40880,0.51,0.49,1,181028,180567,461
5691961,180,211.6,441,40880,0.654,0.33,1,181128,180687,441
5743061,75.2,80.72,442,40880,0.7788,0.43,2,181177,180735,442
5924101,38,43,466,40880,0.25,0.78,1,182922,182456,466
5927021,18.8,20.6,465,42340,0.266,0.55,1,182936,182471,465
5929941,34.16,38.52,460,42340,0.2052,0.39,1,182974,182514,460
5932861,39.632,45.304,454,43800,0.17704,0.27,1,183015,182561,454
5935781,36.7264,45.0608,445,43800,0.171408,0.13,1,183051,182606,445
5938701,36.9453,45.0122,437,43800,0.266282,0.01,1,183088,182651,437
5941621,37.7891,37.0024,440,43800,0.317256,0.03,1,183126,182686,440
5944541,36.3578,40.2005,435,43800,0.391451,0.01,1,183162,182727,435
5947461,47.2716,48.8401,434,43800,0.64629,0.19,1,183212,182778,434
5950381,40.6543,38.568,437,43800,0.633258,0.25,1,183251,182814,437
5953301,26.5309,28.5136,434,45260,0.694652,0.25,1,183274,182840,434
5956221,18.9062,7.30272,449,45260,0.77093,0.21,2,183291,182842,449
5959141,14.1812,22.2605,436,45260,0.770186,0.23,2,183304,182868,436
5962061,10.8362,17.2521,430,45260,0.866037,0.25,2,183314,182884,430
5964981,34.9672,33.8504,433,45260,0.901208,0.25,2,183355,182922,433
5967901,16.5934,6.77008,445,45260,0.908242,0.27,2,183367,182922,445
6144561,28,15,444,35040,0.53,0.19,1,185374,184930,444
6147481,26.4,23,445,36500,0.594,0.34,1,185400,184955,445
6150401,26.88,10.2,465,37960,0.5908,0.25,1,185427,184962,465
6153321,30.976,38.84,451,39420,0.62216,0.23,1,185459,185008,451
6156241,73.3952,42.968,491,39420,0.692432,0.33,1,185543,185052,491
6159161,49.079,60.5936,469,40880,0.730486,0.39,1,185586,185117,469
6162081,53.0158,47.3187,479,40880,0.698097,0.39,1,185640,185161,479
6165001,48.2032,49.4637,476,40880,0.627619,0.53,1,185687,185211,476
6167921,41.6406,39.4927,479,40880,0.645524,0.53,1,185727,185248,479
6170841,25.9281,39.8985,461,42340,0.617105,0.53,1,185749,185288,461
6173761,33.9856,31.9797,467,42340,0.595421,0.59,1,185785,185318,467
6176681,17.9971,28.7959,453,42340,0.623084,0.53,1,185799,185346,453
6179601,25.1994,28.1592,452,42340,0.628617,0.53,1,185826,185374,452
6182521,25.8399,5.63184,478,42340,0.517723,0.61,1,185852,185374,478
6185441,6.76798,21.9264,454,42340,0.495545,0.59,1,185854,185400,454
6188361,22.1536,25.9853,453,42340,0.491109,0.59,1,185880,185427,453
6191281,31.6307,5.19705,487,42340,0.458222,0.63,1,185914,185427,487
6194201,73.5261,26.6394,539,43800,0.499644,0.71,1,185998,185459,539
6197121,16.3052,72.5279,457,43800,0.475929,0.74,1,186000,185543,457
6200041,40.061,48.9056,460,43800,0.551186,0.69,1,186046,185586,460
6202961,45.6122,52.9811,453,43800,0.582237,0.61,1,186093,185640,453
6205881,47.5224,48.1962,454,43800,0.588447,0.65,1,186141,185687,454
6208801,40.7045,41.6392,453,45260,0.637689,0.65,1,186180,185727,453
6211721,23.3409,8.32785,472,45260,0.599538,0.61,1,186199,185727,472
6214641,35.0682,19.2656,488,45260,0.607908,0.59,1,186237,185749,488
6217561,16.6136,32.6531,464,45260,0.609581,0.63,1,186249,185785,464
6220481,25.7227,17.7306,478,45260,0.625916,0.63,1,186277,185799,478
6223401,21.9445,25.1461,472,45260,0.581183,0.49,1,186298,185826,472
6226321,5.98891,25.8292,448,45260,0.572237,0.49,1,186300,185852,448
6229241,21.1978,6.76584,471,45260,0.618447,0.49,1,186325,185854,471
6232161,29.8396,22.1532,477,45260,0.627689,0.45,1,186357,185880,477
6235081,7.56791,31.6306,445,45260,0.629538,0.51,1,186359,185914,445
6238001,69.5136,73.5261,446,45260,0.677908,0.47,1,186444,185998,446
6240921,15.5027,16.3052,446,45260,0.687581,0.57,1,186446,186000,446
6243841,41.5005,40.061,448,45260,0.737516,0.59,1,186494,186046,448
6246761,48.3001,45.6122,451,46720,0.747503,0.59,1,186544,186093,451
6249681,48.06,47.5224,451,46720,0.781501,0.59,2,186592,186141,451
6252601,40.812,9.50449,490,46720,0.8043,0.65,2,186631,186141,490
6255521,22.5624,33.1009,469,46720,0.80886,0.59,2,186649,186180,469
6258441,35.7125,21.8202,489,46720,0.825772,0.61,2,186688,186199,489
6261361,17.5425,34.764,464,46720,0.845154,0.61,2,186701,186237,464
6264281,24.3085,16.5528,478,46720,0.833031,0.63,2,186727,186249,478
6267201,23.2617,25.7106,473,46720,0.862606,0.57,2,186750,186277,473
6270121,6.25234,21.9421,454,46720,0.868521,0.57,2,186752,186298,454
6273041,21.2505,5.98842,477,48180,0.869704,0.63,2,186777,186300,477
6275961,29.8501,21.1977,484,48180,0.885941,0.63,2,186809,186325,484
6278881,7.57002,29.8395,454,48180,0.889188,0.63,2,186811,186357,454
6281801,70.314,7.56791,538,48180,0.873838,0.69,2,186897,186359,538
6284721,15.6628,69.5136,455,48180,0.870768,0.69,2,186899,186444,455
6287641,43.9326,15.5027,504,48180,0.902154,0.75,2,186950,186446,504
6290561,10.3865,41.5005,458,48180,0.908431,0.75,2,186952,186494,458
6467221,54,53,493,36500,0.03,0.87,1,188832,188339,493
6470141,30.8,42.6,478,37960,0.062,0.86,1,188857,188379,478
6473061,38.96,42.12,477,39420,0.0844,0.79,1,188898,188421,477
6475981,62.992,42.824,503,40880,0.23288,0.39,1,188967,188464,503
6478901,41.3984,75.7648,455,42340,0.470576,0.27,1,189003,188548,455
6481821,48.2797,62.353,446,42340,0.614115,0.19,1,189053,188607,446
6484741,28.8559,36.4706,440,42340,0.738823,0.11,1,189077,188637,440
6487661,27.3712,29.6941,439,43800,0.715765,0.09,1,189104,188665,439
6490581,19.8742,26.7388,431,43800,0.839153,0.01,2,189122,188691,431
6493501,26.3748,23.7478,436,43800,0.831831,0,2,189150,188714,436
6496421,10.075,19.9496,423,43800,0.782366,0.05,2,189156,188733,423
6747541,20,6,525,24820,0.59,1,1,194621,194096,525
6750461,8.8,5.2,526,24820,0.558,1,1,194627,194101,526
6753381,24.16,53.84,488,24820,0.4556,1,1,194655,194167,488
6756301,35.232,34.768,496,24820,0.30712,1,1,194693,194197,496
6759221,30.2464,27.7536,499,24820,0.181424,1,1,194722,194223,499
6762141,30.0493,23.1507,507,24820,0.0922848,0.72,1,194752,194245,507
6765061,229.21,265.43,460,24820,0.314457,0.72,1,195031,194571,460
6767981,61.842,53.086,480,24820,0.422891,0.63,1,195051,194571,480
6770901,25.9684,34.6172,467,24820,0.412578,0.59,1,195068,194601,467
6773821,9.99368,22.9234,453,26280,0.426516,0.55,1,195074,194621,453
6776741,17.9987,9.38469,467,26280,0.333303,0.43,1,195094,194627,467
6779661,29.1997,24.2769,471,26280,0.250661,0.27,1,195126,194655,471
6782581,24.2399,35.2554,456,26280,0.298132,0.15,1,195149,194693,456
6785501,25.648,30.2511,453,26280,0.355626,0.07,1,195175,194722,453
6786961,165.93,30.0502,624,26280,0.191125,0.37,1,195376,194752,624
6789881,112.386,229.21,444,26280,0.302225,0.45,1,195475,195031,444
6792801,38.4772,61.842,444,26280,0.324445,0.41,1,195495,195051,444
6795721,22.0954,25.9684,445,26280,0.328889,0.41,1,195513,195068,445
6798641,6.81909,5.19368,448,26280,0.313778,0.43,1,195516,195068,448
6801561,13.3638,5.83874,457,26280,0.294756,0.31,1,195531,195074,457
6804481,25.8728,17.1677,466,27740,0.386951,0.23,1,195560,195094,466
6807401,23.5746,29.0335,457,27740,0.38939,0.31,1,195583,195126,457
6810321,28.7149,24.2067,464,27740,0.421878,0.37,1,195613,195149,464
6813241,158.543,25.6413,629,27740,0.412376,0.33,1,195804,195175,629
6816161,117.309,245.128,436,27740,0.554475,0.33,1,195911,195475,436
6819081,40.2617,65.0257,437,27740,0.598895,0.33,1,195932,195495,437
6822001,23.2523,27.4051,438,29200,0.591779,0.31,1,195951,195513,438
6824921,6.25047,7.88103,437,29200,0.590356,0.29,1,195953,195516,437
6827841,14.0501,13.5762,438,29200,0.622071,0.29,1,195969,195531,438
6830761,30.01,2.71524,472,29200,0.612414,0.41,1,196003,195531,472
6833681,24.402,23.743,466,29200,0.626483,0.39,1,196026,195560,466
6836601,28.0804,23.1486,472,29200,0.629297,0.43,1,196055,195583,472
6839521,157.616,28.6297,632,29200,0.629859,0.41,1,196245,195613,632
6842441,124.323,158.526,557,30660,0.693972,0.59,1,196361,195804,557
6845361,41.6646,117.305,471,32120,0.754794,0.61,2,196382,195911,471
6848281,9.93293,40.261,452,32120,0.766959,0.59,2,196384,195932,452
6851201,16.3866,23.2522,451,33580,0.817392,0.59,2,196402,195951,451
6854121,4.87732,6.25044,451,33580,0.795478,0.63,2,196404,195953,451
6857041,13.7755,14.0501,451,33580,0.791096,0.61,2,196420,195969,451
6859961,30.7551,30.01,452,33580,0.806219,0.63,2,196455,196003,452
6862881,25.351,24.402,453,33580,0.809244,0.63,2,196479,196026,453
6865801,28.2702,28.0804,453,33580,0.857849,0.63,2,196508,196055,453
6868721,157.654,157.616,453,35040,0.93157,0.63,2,196698,196245,453
7041001,86,70,484,42340,0.51,0.77,1,198612,198128,484
7043921,100.4,107.6,471,43800,0.59,0.73,1,198716,198245,471
7046841,52.88,55.92,469,45260,0.814,0.59,2,198757,198288,469
7049761,29.776,37.584,460,46720,0.9068,0.63,2,198781,198321,460
7052681,13.1552,19.5168,454,48180,0.94136,0.51,2,198790,198336,454
7204521,49,47,478,37960,0.05,0.45,1,200466,199988,478
7241021,246.6,274.2,443,37960,0.418,0.43,1,200762,200319,443
7243941,65.32,64.44,451,39420,0.5556,0.39,1,200782,200331,451
7246861,19.464,22.488,447,40880,0.58312,0.31,1,200790,200343,447
7249781,26.2928,22.0976,453,40880,0.636624,0.19,1,200818,200365,453
7252701,23.6586,33.2195,440,42340,0.727325,0.03,1,200841,200401,440
7255621,43.1317,32.2439,456,42340,0.633465,0.03,1,200889,200433,456
7258541,44.6263,52.8488,443,42340,0.710693,0.19,1,200934,200491,443
7261461,33.7253,32.9698,446,42340,0.774139,0.21,2,200965,200519,446
7264381,101.945,69.794,486,42340,0.802828,0.25,2,201084,200598,486
7267301,50.789,69.9588,454,43800,0.840566,0.39,2,201122,200668,454
7270221,23.7578,30.7918,450,43800,0.928113,0.37,2,201139,200689,450
7273141,23.1516,21.3584,454,43800,0.897623,0.4,2,201162,200708,454
7276061,26.2303,21.0717,460,43800,0.923525,0.53,2,201189,200729,460
7278981,19.6461,21.0143,457,43800,0.880705,0.51,2,201207,200750,457
7281901,23.9292,13.8029,470,43800,0.856141,0.59,2,201232,200762,470
7284821,6.38584,18.7606,452,43800,0.851228,0.59,2,201234,200782,452
7287741,7.67717,10.1521,452,43800,0.818246,0.65,2,201242,200790,452
7290661,30.3354,24.4304,460,43800,0.747649,0.65,1,201278,200818,460
7293581,22.0671,4.88608,480,43800,0.63753,0.75,1,201298,200818,480
7296501,35.6134,19.3772,496,43800,0.631506,0.61,1,201337,200841,496
7422061,86,89,474,32120,0.09,0.9,1,203227,202753,474
7454181,45.2,52.2,466,32120,0.09,0.91,1,203262,202796,466
7457101,45.04,30.44,486,33580,0.266,0.77,1,203307,202821,486
7460021,90.608,38.088,548,35040,0.7652,0.49,2,203409,202861,548
7462941,70.1216,110.018,485,36500,0.83304,0.33,2,203474,202989,485
7465861,37.2243,68.4035,456,37960,0.830608,0.25,2,203503,203047,456
7468781,33.8449,41.6807,454,39420,0.878122,0.19,2,203536,203082,454
7480461,31,28,444,40880,0.89,0.09,2,203654,203210,444
7483381,23,25.6,440,40880,0.906,0.15,2,203675,203235,440
7486301,20.6,17.92,444,40880,0.9252,0.09,2,203695,203251,444
7648361,29,32,472,32120,0.61,0.95,1,205644,205172,472
7651281,103.4,16,582,33580,0.818,0.63,2,205766,205184,582
7757861,46,58,459,30660,0.35,0.67,1,207473,207014,459
7788521,49.2,56.4,453,30660,0.414,0.63,1,207523,207070,453
7791441,88.24,22.48,537,32120,0.5868,0.37,1,207621,207084,537
7876121,33,36,516,37960,0.55,1,1,208785,208269,516
7879041,33,32.8,517,37960,0.438,1,1,208818,208301,517
7881961,33,27.36,524,37960,0.3356,1,1,208851,208327,524
7884881,30.6,32.672,520,37960,0.25112,1,1,208881,208361,520
7887801,31.72,32.1344,520,37960,0.186224,1,1,208913,208393,520
7890721,31.144,37.6269,512,37960,0.173245,1,1,208944,208432,512
7893641,35.0288,33.1254,516,37960,0.106649,1,1,208980,208464,516
7896561,73.4058,93.8251,490,37960,0.14133,1,1,209063,208573,490
7899481,35.4812,41.165,488,37960,0.164266,0.98,1,209089,208601,488
7902401,24.6962,40.233,470,37960,0.168853,0.96,1,209111,208641,470
7905321,30.5392,36.0466,467,37960,0.185771,0.85,1,209143,208676,467
7908241,26.1078,32.8093,460,37960,0.189154,0.59,1,209168,208708,460
7911161,34.0216,41.7619,452,37960,0.269831,0.55,1,209204,208752,452
7914081,29.2043,34.7524,447,37960,0.253966,0.41,1,209232,208785,447
7917001,25.8409,33.3505,439,37960,0.330793,0.31,1,209257,208818,439
7919921,29.1682,33.0701,436,37960,0.282159,0.23,1,209287,208851,436
7922841,29.0336,30.614,435,37960,0.256432,0.17,1,209316,208881,435
7925761,30.6067,31.7228,434,37960,0.171286,0.17,1,209347,208913,434
7928681,27.7213,31.1446,430,37960,0.138257,0.09,1,209374,208944,430
7931601,34.3443,35.0289,430,37960,0.115651,0.15,1,209410,208980,430
7934521,71.6689,73.4058,428,37960,0.23913,0.17,1,209491,209063,428
7937441,36.7338,35.4812,430,37960,0.279826,0.17,1,209519,209089,430
7940361,24.1468,24.6962,429,37960,0.303965,0.19,1,209540,209111,429
7943281,32.0294,30.5392,431,37960,0.308793,0.19,1,209574,209143,431
7946201,24.8059,26.1078,429,37960,0.325759,0.29,1,209597,209168,429
7949121,40.1612,34.0216,437,37960,0.265152,0.25,1,209641,209204,437
7952041,28.8322,29.2043,435,37960,0.25303,0.35,1,209667,209232,435
7954961,28.1664,25.8409,438,37960,0.282606,0.27,1,209695,209257,438
7957881,27.2333,29.1682,435,37960,0.288521,0.25,1,209722,209287,435
7960801,25.4467,29.0336,431,37960,0.337704,0.15,1,209747,209316,431
7963721,29.0893,30.6067,430,37960,0.395541,0.13,1,209777,209347,430
7966641,24.2179,27.7213,426,37960,0.423108,0.11,1,209800,209374,426
7969561,36.0436,34.3443,429,37960,0.444622,0.27,1,209839,209410,429
7972481,76.0087,71.6689,434,37960,0.400924,0.29,1,209925,209491,434
7975401,40.0017,36.7338,437,37960,0.376185,0.31,1,209956,209519,437
7978321,24.8003,24.1468,437,37960,0.387237,0.31,1,209977,209540,437
7981241,30.5601,32.0294,435,37960,0.437447,0.33,1,210009,209574,435
7984161,23.712,24.8059,434,37960,0.423489,0.25,1,210031,209597,434
7987081,38.3424,40.1612,432,37960,0.476698,0.25,1,210073,209641,432
7990001,29.2685,28.8322,433,37960,0.51934,0.29,1,210100,209667,433
7992921,31.4537,28.1664,437,37960,0.559868,0.29,1,210132,209695,437
7995841,27.8907,27.2333,437,37960,0.599974,0.35,1,210159,209722,437
7998761,28.7781,25.4467,441,37960,0.623995,0.41,1,210188,209747,441
8001681,28.9556,29.0893,440,37960,0.612799,0.43,1,210217,209777,440
8004601,24.9911,24.2179,441,37960,0.61056,0.45,1,210241,209800,441
8007521,38.5982,36.0436,444,37960,0.610112,0.39,1,210283,209839,444
8010441,72.5196,76.0087,439,37960,0.690022,0.37,1,210364,209925,439
8013361,40.1039,40.0017,440,37960,0.706005,0.39,1,210396,209956,440
8016281,26.4208,24.8003,442,37960,0.709201,0.45,1,210419,209977,442
8019201,30.8842,30.5601,442,37960,0.72584,0.42,1,210451,210009,442
8030881,36,32,450,37960,0.93,0.61,2,210582,210132,450
8033801,30.4,28,452,37960,0.946,0.63,2,210611,210159,452
8225061,25,14,446,35040,0.77,0.21,2,212900,212454,446
8369601,48,18,467,32120,0.13,0.27,1,214669,214202,467
8372521,65.6,45.2,485,33580,0.242,0,1,214739,214254,485
8375441,47.52,81.84,437,35040,0.3124,0.01,1,214782,214345,437
8378361,59.104,60.368,444,35040,0.43848,0.01,1,214844,214400,444
8381281,32.6208,37.6736,438,35040,0.431696,0.01,1,214870,214432,438
8384201,24.9242,30.7347,432,35040,0.478339,0.03,1,214893,214461,432
8387121,26.5848,15.7469,447,35040,0.471668,0.01,1,214920,214473,447
8390041,19.717,25.5494,437,35040,0.486334,0.03,1,214938,214501,437
8392961,24.7434,30.7099,431,35040,0.425267,0.01,1,214964,214533,431
8395881,40.9487,42.142,431,35040,0.477053,0.03,1,215009,214578,431
8398801,36.9897,42.8284,424,35040,0.503411,0.13,1,215045,214621,424
8401721,49.7979,46.9657,429,35040,0.636682,0.13,1,215098,214669,429
8404641,69.1596,9.39314,503,35040,0.583336,0.27,1,215172,214669,503
8407561,15.4319,57.8786,435,36500,0.572667,0.33,1,215174,214739,435
8410481,46.2864,45.9757,446,36500,0.810533,0.47,2,215228,214782,446
8413401,54.0573,58.7951,440,36500,0.858107,0.43,2,215284,214844,440
8660141,45,0,540,40880,0.93,1,2,218416,217876,540
8768181,479,573,446,26280,0.07,0.09,1,220315,219869,446
8803221,183,219.4,424,26280,0.214,0.03,1,220424,220000,424
8806141,96.6,83.08,450,27740,0.5628,0.03,1,220499,220049,450
8809061,58.52,63.816,440,29200,0.74456,0.09,1,220548,220108,440
8811981,71.704,63.9632,451,30660,0.876912,0.05,2,220623,220172,451
8890821,52,83,477,32120,0.75,1,2,221812,221335,477
8893741,60,43.8,505,32120,0.606,1,1,221874,221369,505
8896661,58.4,71.96,484,32120,0.5612,1,1,221932,221448,484
8899581,54.88,43.192,502,32120,0.50424,1,1,221986,221484,502
8902501,39.776,33.4384,507,32120,0.444848,1,1,222022,221515,507
8905421,40.7552,53.8877,489,32120,0.51297,1,1,222063,221574,489
8908341,45.751,40.3775,499,32120,0.542594,1,1,222110,221611,499
8911261,33.9502,41.6755,488,32120,0.548519,0.97,1,222141,221653,488
8914181,25.99,35.5351,478,32120,0.613704,0.8,1,222165,221687,478
8917101,27.598,34.307,472,32120,0.690741,0.91,1,222193,221721,472
8920021,32.7196,38.0614,467,32120,0.722148,0.75,1,222227,221760,467
8922941,40.9439,49.2123,458,32120,0.85643,0.57,2,222270,221812,458
8925861,49.7888,59.4425,448,32120,0.899286,0.55,2,222322,221874,448
9042661,34,58,511,35040,0.79,1,2,224077,223566,511
9045581,31.6,38,509,35040,0.774,1,2,224108,223599,509
9048501,29.52,31.6,508,36500,0.7868,1,2,224137,223629,508
9051421,33.104,23.92,520,36500,0.82136,1,2,224171,223651,520
9054341,63.4208,41.584,545,36500,0.908272,0.99,2,224242,223697,545
9057261,40.6842,59.5168,516,36500,0.893654,1,2,224277,223761,516
9060181,80.1368,55.9034,551,36500,0.890731,0.93,2,224367,223816,551
9063101,17.6274,72.7807,476,37960,0.890146,1,2,224369,223893,476
9066021,33.1255,43.3561,477,37960,0.890029,1,2,224406,223929,477
9166761,102,120,451,33580,0.39,0.55,1,226154,225703,451
9175521,26,35.2,444,33580,0.454,0.41,1,226161,225717,444
9206181,54.8,59.84,440,33580,0.4668,0.37,1,226223,225783,440
9209101,50.16,25.568,472,35040,0.58136,0.27,1,226272,225800,472
9212021,36.432,47.5136,452,36500,0.684272,0.29,1,226305,225853,452
9214941,32.0864,38.3027,447,37960,0.800854,0.23,2,226336,225889,447
9217861,21.6173,28.4605,440,39420,0.888171,0.19,2,226355,225915,440
9220781,31.5235,16.8921,460,39420,0.841634,0.23,2,226389,225929,460
9223701,15.9047,31.3784,437,39420,0.896327,0.29,2,226401,225964,437
9337581,32,30,532,46720,0.81,1,2,227821,227289,532
9349261,408.8,474,450,32120,0.57,0.39,1,228324,227874,450
9356561,162.56,182.8,441,32120,0.682,0.19,1,228425,227984,441
9394521,90.912,102.96,431,32120,0.8324,0.25,2,228498,228067,431
9397441,56.5824,35.792,460,33580,0.91048,0.21,2,228546,228086,460
9499641,31,31,504,39420,0.75,1,2,229911,229407,504
9502561,31.8,6.2,536,39420,0.686,1,1,229943,229407,536
9505481,35.16,42.04,521,39420,0.6572,1,1,229979,229458,521
9508401,38.232,42.808,517,39420,0.65944,1,1,230018,229501,517
9511321,40.4464,36.5616,523,39420,0.603888,1,1,230059,229536,523
9514241,36.0893,32.1123,527,39420,0.592778,1,1,230094,229567,527
9517161,36.8179,32.0225,532,39420,0.494556,1,1,230131,229599,532
9520081,28.9636,37.6045,520,39420,0.426911,1,1,230158,229638,520
9523001,21.7927,37.1209,503,39420,0.429382,1,1,230178,229675,503
9525921,25.9585,25.0242,508,39420,0.397876,1,1,230205,229697,508
9528841,40.3917,37.8048,511,39420,0.391575,0.97,1,230249,229738,511
9531761,56.8783,38.761,533,39420,0.358315,0.8,1,230310,229777,533
9534681,35.3757,62.1522,495,39420,0.383663,0.81,1,230340,229845,495
9537601,29.4751,40.4304,488,39420,0.452733,0.75,1,230368,229880,488
9540521,31.495,32.8861,489,39420,0.498547,0.67,1,230400,229911,489
9543441,32.699,32.1772,490,39420,0.619709,0.65,1,230433,229943,490
9546361,36.9398,35.2354,492,39420,0.875942,0.66,2,230471,229979,492
9683601,68,18,494,27740,0.43,0.39,1,232330,231836,494
9686521,40.8,59.6,458,29200,0.574,0.33,1,232364,231906,458
9689441,53.76,40.72,479,30660,0.6508,0.39,1,232421,231942,479
9692361,35.552,47.344,461,32120,0.81016,0.39,2,232452,231991,461
9695281,33.5104,37.4688,459,33580,0.874032,0.29,2,232485,232026,459
9838361,505,571,466,26280,0.09,0.73,1,234413,233947,466
9841281,137,149.4,467,27740,0.122,0.71,1,234458,233991,467
9844201,73,65.08,480,29200,0.2724,0.53,1,234515,234035,480
9847121,73.8,57.016,499,30660,0.38248,0.19,1,234589,234090,499
9850041,48.36,78.6032,457,32120,0.484496,0.01,1,234631,234174,457
9852961,73.672,94.1206,439,33580,0.616899,0.11,1,234711,234272,439
9855881,42.7344,51.6241,433,35040,0.65938,0.07,1,234746,234313,433
9858801,30.9469,37.5248,427,35040,0.603876,0.07,1,234774,234347,427
9861721,24.5894,29.905,422,35040,0.608775,0.03,1,234797,234375,422
9864641,40.9179,21.181,448,35040,0.641755,0.09,1,234842,234394,448
9867561,43.3836,19.4362,473,35040,0.664351,0.13,1,234886,234413,473
9870481,10.2767,39.8872,430,36500,0.66887,0.31,1,234888,234458,430
9873401,50.0553,53.5774,433,36500,0.781774,0.31,2,234948,234515,433
9876321,78.8111,10.7155,519,36500,0.868355,0.41,2,235034,234515,519
9879241,17.3622,61.3431,447,36500,0.885671,0.51,2,235036,234589,447
9882161,39.4724,45.8686,450,36500,0.889134,0.51,2,235081,234631,450
10196061,58,57,501,29200,0.55,1,1,239406,238905,501
10198981,65.2,69.8,495,30660,0.55,1,1,239473,238978,495
10201901,67.44,55.56,511,32120,0.518,0.83,1,239541,239030,511
10204821,71.088,95.912,477,33580,0.3836,0.79,1,239613,239136,477
10207741,38.2176,48.7824,470,35040,0.43672,0.69,1,239643,239173,470
10210661,31.6435,34.5565,469,35040,0.415344,0.71,1,239673,239204,469
10213581,35.9287,36.5113,469,35040,0.395069,0.65,1,239710,239241,469
10216501,31.9857,36.9023,463,35040,0.455014,0.59,1,239741,239278,463
10219421,52.7971,19.3805,506,35040,0.595003,0.61,1,239799,239293,506
10222341,12.1594,47.8761,453,35040,0.623001,0.55,1,239801,239348,453
10225261,48.0319,55.9752,452,35040,0.8846,0.55,2,239858,239406,452
10323081,38,30,558,39420,0.69,1,1,241195,240637,558
10365421,400.4,481.2,455,26280,0.53,0.57,1,241686,241231,455
10368341,122.48,129.84,466,27740,0.514,0.51,1,241739,241273,466
10371261,86.896,78.768,478,29200,0.6548,0.39,1,241817,241339,478
10374181,70.1792,63.7536,484,30660,0.77896,0.45,2,241883,241399,484
10377101,49.2358,48.7507,483,32120,0.851792,0.37,2,241927,241444,483
10380021,61.8472,96.1501,440,33580,0.914358,0.39,2,241992,241552,440
10504121,61,82,489,29200,0.83,0.91,2,243736,243247,489
10507041,70.6,76.4,487,30660,0.926,0.87,2,243809,243322,487
10582961,41,37,514,32120,0.33,1,1,245012,244498,514
10585881,44.2,41,517,32120,0.234,1,1,245057,244540,517
10588801,43.24,32.2,530,32120,0.1828,1,1,245100,244570,530
10591721,37.448,44.04,519,32120,0.20456,1,1,245136,244617,519
10594641,25.8896,41.608,501,32120,0.144912,1,1,245159,244658,501
10597561,43.5779,46.7216,501,32120,0.116982,1,1,245207,244706,501
10600481,39.9156,43.7443,497,32120,0.0953965,0.8,1,245246,244749,497
10603401,56.7831,76.7489,473,32120,0.187079,1,1,245307,244834,473
10606321,40.9566,48.1498,469,32120,0.285416,0.74,1,245344,244875,469
10609241,38.5913,49.63,457,32120,0.305083,0.53,1,245382,244925,457
10612161,35.7183,46.726,446,32120,0.405017,0.33,1,245417,244971,446
10615081,33.5437,42.1452,438,32120,0.489003,0.21,1,245450,245012,438
10618001,38.7087,44.429,433,32120,0.473801,0.17,1,245490,245057,433
10620921,38.1417,43.2858,428,32120,0.56676,0.21,1,245528,245100,428
10623841,37.2283,37.4572,429,32120,0.569352,0.13,1,245565,245136,429
10626761,24.2457,25.8914,427,32120,0.60187,0.11,1,245586,245159,427
10629681,43.2491,43.5783,427,32120,0.736374,0.09,1,245634,245207,427
10632601,40.6498,39.9157,428,32120,0.859275,0.21,2,245674,245246,428
10728961,34,39,500,35040,0.87,1,2,247127,246627,500
10731881,75.6,87,487,35040,0.79,1,2,247213,246726,487
10734801,46.32,17.4,526,35040,0.774,1,2,247252,246726,526
10737721,49.264,37.88,533,35040,0.7548,1,2,247302,246769,533
10740641,43.4528,50.776,521,36500,0.79896,1,2,247344,246823,521
10743561,34.2906,43.7552,511,36500,0.759792,1,2,247376,246865,511
10746481,23.6581,35.151,499,36500,0.735958,0.83,1,247397,246898,499
10749401,30.3316,25.4302,508,36500,0.651192,1,1,247429,246921,508
10752321,37.2663,36.286,508,36500,0.626238,1,1,247468,246960,508
10755241,47.4533,38.4572,519,36500,0.677248,0.91,1,247518,246999,519
10758161,11.0907,50.0914,468,37960,0.68745,0.95,1,247520,247052,468
10761081,33.4181,42.8183,466,37960,0.67349,0.87,1,247559,247093,466
10764001,30.6836,35.7637,462,37960,0.734698,0.77,1,247589,247127,462
10766921,74.1367,75.9527,461,37960,0.85894,0.77,2,247674,247213,461
10872041,112,121,466,33580,0.91,0.77,2,249408,248942,466
10994681,94,115,441,29200,0.57,0.27,1,251107,250666,441
10999061,72.4,82.2,434,29200,0.714,0.17,1,251174,250740,434
11023881,47.28,50.84,432,29200,0.8868,0.21,2,251215,250783,432
11026801,34.256,22.168,448,30660,0.93736,0.17,2,251246,250798,448
11134841,100,64,529,26280,0.63,0.63,1,252984,252455,529
11137761,61.6,91.2,483,27740,0.678,0.43,1,253036,252553,483
11140681,71.52,63.84,500,29200,0.7676,0.33,2,253110,252610,500
11225361,41,89,501,35040,0.57,1,1,254414,253913,501
11228281,57,44.2,529,35040,0.394,1,1,254475,253946,529
11231201,43.4,41.64,528,35040,0.2468,1,1,254515,253987,528
11234121,36.68,37.128,527,35040,0.12136,1,1,254550,254023,527
11237041,41.736,45.8256,522,35040,0.064272,1,1,254593,254071,522
11239961,36.3472,42.7651,515,35040,0.0528544,1,1,254628,254113,515
11242881,44.0694,38.953,523,35040,0.0185709,1,1,254674,254151,523
11245801,36.8139,43.7906,513,35040,0.107714,1,1,254709,254196,513
11248721,20.9628,42.3581,488,35040,0.173543,0.99,1,254726,254238,488
11251641,23.3926,40.4716,472,35040,0.154709,0.94,1,254750,254278,472
11254561,31.0785,36.8943,469,35040,0.166942,0.71,1,254783,254314,469
11257481,43.0157,54.5789,456,35040,0.377388,0.57,1,254829,254373,456
11260401,36.6031,43.7158,450,35040,0.467478,0.35,1,254864,254414,450
11263321,46.5206,57.5432,438,35040,0.613496,0.21,1,254913,254475,438
11266241,35.7041,43.5086,431,35040,0.738699,0.09,1,254946,254515,431
11269161,32.7408,36.7017,428,35040,0.83574,0.05,2,254978,254550,428
11272081,37.7482,41.7403,424,35040,0.911148,0.05,2,255017,254593,424
11275001,34.7496,36.3481,423,35040,0.91023,0.01,2,255051,254628,423
11388881,41,33,509,36500,0.91,1,2,256642,256133,509
11524661,145,178,436,30660,0.61,0.19,1,258663,258227,436
11644381,109,121,422,29200,0.35,0.01,1,260537,260115,422
11675041,54.6,57.8,421,29200,0.27,0.05,1,260578,260157,421
11677961,38.92,25.96,438,30660,0.286,0.05,1,260613,260175,438
11680881,31.784,30.792,436,32120,0.4012,0.07,1,260643,260207,436
11683801,39.9568,33.3584,444,32120,0.47224,0.11,1,260685,260241,444
11686721,27.9914,34.6717,434,32120,0.582448,0.07,1,260710,260276,434
11689641,12.7983,19.7343,427,32120,0.60449,0.09,1,260719,260292,427
11692561,27.3597,16.7469,442,32120,0.688898,0.05,1,260750,260308,442
11695481,52.6719,30.5494,467,32120,0.83378,0.09,2,260809,260342,467
11877981,17,27,470,16060,0.71,0.93,1,266675,266205,470
11880901,31.4,8.6,501,17520,0.838,0.91,2,266710,266209,501
11883821,38.28,44.12,488,18980,0.8476,0.89,2,266750,266262,488
11886741,23.656,41.624,467,18980,0.84952,0.69,2,266770,266303,467
11971421,210,36,660,17520,0.93,1,2,269371,268711,660
12031281,109,163,565,18980,0.79,1,2,271031,270466,565
12034201,53.8,99.8,521,18980,0.758,1,2,271071,270550,521
12037121,39.56,43.96,527,18980,0.7356,1,1,271107,270580,527
12040041,33.512,39.992,520,18980,0.73112,1,1,271139,270619,520
12042961,116.302,34.3984,624,18980,0.842224,0.95,2,271276,270652,624
12101361,91,107,484,23360,0.09,1,1,272825,272341,484
12104281,99.8,101.4,486,23360,0.106,1,1,272927,272441,486
12107201,51.16,20.28,525,24820,0.0612,0.99,1,272966,272441,525
12110121,39.832,38.456,519,24820,0.08424,1,1,273003,272484,519
12113041,31.9664,43.6912,504,24820,0.088848,0.95,1,273033,272529,504
12115961,83.1933,38.3382,563,24820,0.12177,0.39,1,273129,272566,563
12118881,18.2387,110.068,437,26280,0.144354,0.31,1,273131,272694,437
12121801,30.8477,54.0135,431,26280,0.180871,0.09,1,273165,272734,431
12124721,78.9695,83.6027,431,26280,0.380174,0.11,1,273256,272825,431
12127641,92.5939,98.3205,425,27740,0.596035,0.11,1,273352,272927,425
12130561,48.1188,19.6641,462,29200,0.767207,0.05,2,273389,272927,462
12133481,43.2238,35.1328,465,29200,0.849441,0.09,2,273431,272966,465
12136401,31.0448,36.6266,456,29200,0.865888,0.09,2,273459,273003,456
12247361,82,75,467,27740,0.25,0.55,1,275222,274755,467
12250281,43.6,44.6,464,29200,0.33,0.51,1,275256,274792,464
12253201,31.12,37.72,456,30660,0.394,0.37,1,275284,274828,456
12256121,38.224,30.744,467,32120,0.4708,0.29,1,275324,274857,467
12259041,33.2448,46.1488,449,32120,0.55016,0.27,1,275356,274907,449
12261961,56.249,36.4298,477,32120,0.534032,0.17,1,275418,274941,477
12264881,43.2498,60.086,451,33580,0.530806,0,1,275458,275007,451
12267801,51.85,68.0172,435,33580,0.514161,0.05,1,275512,275077,435
12270721,55.97,51.2034,445,33580,0.702832,0.17,1,275569,275124,445
12273641,83.994,23.0407,520,33580,0.708566,0.25,1,275660,275140,520
12276561,18.3988,70.2081,440,33580,0.725713,0.35,1,275662,275222,440
12279481,29.2798,41.2416,438,33580,0.745143,0.35,1,275694,275256,438
12282401,28.256,8.24832,466,35040,0.685029,0.41,1,275722,275256,466
12285321,7.25119,24.0497,440,35040,0.673006,0.49,1,275724,275284,440
12288241,35.0502,36.8099,442,35040,0.734601,0.57,1,275766,275324,442
12291161,37.41,32.962,448,35040,0.84292,0.53,2,275804,275356,448
12294081,52.282,56.1924,442,35040,0.832584,0.53,2,275860,275418,442
12297001,48.0564,11.2385,489,35040,0.910517,0.53,2,275907,275418,489
12299921,53.6113,34.2477,504,36500,0.942103,0.51,2,275962,275458,504
12435701,20,25,475,26280,0.85,1,2,277869,277394,475
12513081,191,187,482,23360,0.09,0.01,1,279422,278940,482
12539361,243,289.4,423,24820,0.442,0.09,1,279678,279255,423
12650321,81,69,457,21900,0.61,0.25,1,281802,281345,457
12821141,47,44,521,24820,0.49,1,1,285261,284740,521
12824061,46.2,44,523,24820,0.522,1,1,285307,284784,523
12826981,46.84,41.6,529,24820,0.4644,1,1,285354,284825,529
12829901,33.368,41.12,518,24820,0.45288,1,1,285384,284866,518
12832821,34.6736,37.824,516,24820,0.498576,1,1,285419,284903,516
12835741,42.9347,44.3648,515,24820,0.443715,1,1,285464,284949,515
12838661,122.187,44.073,613,24820,0.368743,0.51,1,285606,284993,613
12841581,70.8374,144.015,502,24820,0.561749,0.55,1,285664,285162,502
12844501,50.9675,70.4029,496,24820,0.68035,0.49,1,285710,285214,496
12847421,42.9935,51.6806,490,24820,0.81607,0.53,2,285751,285261,490
12911661,56,142,531,26280,0.41,1,1,287044,286513,531
12914581,71.2,79.6,542,26280,0.234,1,1,287119,286577,542
12917501,52.64,67.12,526,27740,0.1828,1,1,287167,286641,526
12920421,61.728,51.024,543,27740,0.09256,1,1,287231,286688,543
12923341,44.3456,63.0048,517,27740,0.106512,1,1,287271,286754,517
12926261,25.6691,46.201,496,27740,0.157302,1,1,287292,286796,496
12929181,22.7338,39.6402,480,27740,0.13546,0.86,1,287314,286834,480
12932101,24.5468,33.528,473,27740,0.179092,0.61,1,287339,286866,473
12935021,83.3094,104.306,449,27740,0.363818,0.41,1,287437,286988,449
12937941,55.8619,65.6611,442,29200,0.432764,0.19,1,287486,287044,442
12940861,60.7724,73.1322,429,29200,0.606553,0.19,1,287548,287119,429
12943781,50.5545,14.6264,477,30660,0.705311,0.17,1,287596,287119,477
12946701,57.3109,41.3253,488,30660,0.853062,0.07,2,287655,287167,488
13050361,61,67,421,27740,0.51,0,1,289576,289155,421
13076641,56.2,57.4,421,27740,0.654,0,1,289631,289210,421
13079561,28.84,21.88,430,29200,0.7148,0.07,1,289653,289223,430
13082481,32.168,18.776,445,30660,0.85496,0.07,2,289686,289241,445
13159861,493,644,446,26280,0.03,0.05,1,291276,290830,446
13194901,194.6,244.8,421,26280,0.11,0.01,1,291396,290975,421
13197821,90.12,67.36,462,27740,0.238,0.05,1,291460,290998,462
13200741,73.224,60.672,472,29200,0.2956,0.07,1,291529,291057,472
13203661,25.8448,56.9344,430,30660,0.38712,0.05,1,291543,291113,430
13206581,39.569,16.9869,466,30660,0.501424,0.03,1,291586,291120,466
13209501,35.1138,36.9974,458,30660,0.636285,0.05,1,291620,291162,458
13212421,36.6228,36.1995,459,30660,0.679257,0.05,1,291657,291198,459
13215341,27.3246,36.8399,447,30660,0.671851,0.03,1,291682,291235,447
13218261,63.0649,40.168,478,30660,0.87837,0,2,291754,291276,478
13221181,68.613,69.6336,471,30660,0.871674,0.13,2,291824,291353,471
13317541,54,52,497,32120,0.65,1,1,293338,292841,497
13320461,38.8,36.8,499,32120,0.65,1,1,293373,292874,499
13323381,31.76,32.96,497,32120,0.65,0.99,1,293403,292906,497
13326301,39.152,32.192,506,32120,0.714,1,1,293444,292938,506
13329221,36.6304,36.8384,504,32120,0.7108,1,1,293480,292976,504
13332141,27.3261,41.7677,486,32120,0.67816,0.97,1,293505,293019,486
13335061,32.6652,35.5535,486,32120,0.735632,1,1,293539,293053,486
13337981,40.133,41.5107,485,32120,0.731126,1,1,293581,293096,485
13340901,31.2266,41.9021,472,32120,0.794225,0.93,2,293610,293138,472
13343821,50.2453,57.1804,466,32120,0.902845,0.77,2,293665,293199,466
13539461,54,116,461,24820,0.25,0.07,1,297086,296625,461
13542381,95.6,79.2,497,26280,0.122,0.05,1,297192,296695,497
13545301,51.12,91.04,443,26280,0.1764,0.13,1,297232,296789,443
13548221,49.424,55.008,446,26280,0.29928,0.11,1,297281,296835,446
13551141,40.2848,43.0016,444,26280,0.467856,0.15,1,297319,296875,444
13554061,32.057,37.4003,438,26280,0.549571,0.19,1,297349,296911,438
13556981,19.2114,25.0801,432,26280,0.629914,0.15,1,297365,296933,432
13559901,82.2423,84.216,431,26280,0.821983,0.15,2,297463,297032,431
13562821,61.2485,16.8432,487,26280,0.892397,0.25,2,297519,297032,487
13565741,13.8497,46.5686,435,26280,0.906479,0.09,2,297521,297086,435
13644581,41,39,500,26280,0.35,1,1,299030,298530,500
13647501,62.6,63,499,26280,0.222,1,1,299098,298599,499
13650421,42.12,42.2,499,26280,0.2444,1,1,299135,298636,499
13653341,62.824,64.44,497,26280,0.08888,1,1,299203,298706,497
13656261,32.5648,42.488,485,26280,0.137776,1,1,299228,298743,485
13659181,27.313,36.4976,476,26280,0.131555,1,1,299254,298778,476
13662101,31.0626,32.0995,477,26280,0.178311,0.82,1,299286,298809,477
13665021,68.6125,78.4199,465,26280,0.283662,0.53,1,299364,298899,465
13667941,70.5225,87.684,446,26280,0.496732,0.35,1,299435,298989,446
13670861,41.3045,50.3368,439,26280,0.635346,0.19,1,299469,299030,439
13673781,56.2609,64.4674,431,26280,0.695069,0.25,1,299529,299098,431
13676701,40.8522,42.4935,431,26280,0.835014,0.05,2,299566,299135,431
13752621,44,44,501,33580,0.65,1,1,300903,300402,501
13755541,40.8,8.8,541,33580,0.634,1,1,300943,300402,541
13758461,44.96,47.36,530,35040,0.6468,1,1,300989,300459,530
13761381,66.592,42.272,561,35040,0.66536,1,1,301061,300500,561
13764301,49.3184,66.8544,533,36500,0.797072,1,2,301106,300573,533
13767221,31.4637,53.3709,510,36500,0.759414,1,2,301133,300623,510
13770141,13.4927,41.8742,480,36500,0.711883,0.87,1,301142,300662,480
13773061,31.4985,43.5748,472,36500,0.758377,1,2,301178,300706,472
13775981,28.6997,34.315,468,37960,0.799675,0.83,2,301206,300738,468
13857741,99,116,462,30660,0.37,0.73,1,302791,302329,462
13860661,54.2,61.6,457,30660,0.402,0.63,1,302834,302377,457
13866501,20.44,31.52,445,30660,0.4564,0.43,1,302846,302401,445
13869421,58.488,64.704,440,30660,0.51528,0.31,1,302914,302474,440
13875261,23.6976,31.3408,432,30660,0.607056,0.33,1,302929,302497,432
13900081,81.5395,82.2682,433,30660,0.785411,0.27,2,303025,302592,433
13993521,72,89,452,27740,0.29,0.23,1,304658,304206,452
14019801,189.6,205,437,27740,0.658,0.31,1,304877,304440,437
14022721,67.52,53.8,458,29200,0.7796,0.33,2,304914,304456,458
14025641,50.304,44.36,462,30660,0.81992,0.35,2,304960,304498,462
14028561,28.4608,39.272,447,30660,0.811984,0.29,2,304983,304536,447
14031481,13.6922,23.0544,438,30660,0.762397,0.29,2,304993,304555,438
14034401,33.1384,29.4109,445,32120,0.752479,0.31,2,305031,304586,445
14317641,54,74,450,26280,0.55,0.09,1,309614,309164,450
14320561,65.2,72.4,446,27740,0.63,0.01,1,309682,309236,446
14431521,260,246,435,23360,0.85,0.45,2,311659,311224,435
14434441,100.8,78,460,24820,0.818,0.37,2,311720,311260,460
14552701,57,63,476,26280,0.41,0.47,1,313720,313244,476
14555621,61,74.2,461,27740,0.586,0.17,1,313782,313321,461
14558541,70.6,86.04,445,27740,0.8452,0.13,2,313855,313410,445
14665121,78,76,452,24820,0.35,0.07,1,315552,315100,452
14668041,69.2,72,448,26280,0.35,0.01,1,315619,315171,448
14670961,73.04,70.4,452,27740,0.51,0.01,1,315693,315241,452
14741041,45,35,533,33580,0.49,1,1,316871,316338,533
14743961,47.4,31,551,33580,0.33,1,1,316919,316368,551
14751261,412.68,511.8,423,23360,0.33,0.15,1,317423,317000,423
14757101,158.536,170.36,433,23360,0.378,0.11,1,317518,317085,433
14783381,113.307,120.472,427,23360,0.7556,0.11,2,317620,317193,427
14887041,60,67,467,24820,0.53,0.47,1,319373,318906,467
14957121,32,33,522,26280,0.55,1,1,320749,320227,522
14960041,54.4,47.4,531,26280,0.438,1,1,320809,320278,531
14962961,43.68,44.68,528,26280,0.3676,1,1,320850,320322,528
14965881,105.536,144.136,480,26280,0.25752,1,1,320971,320491,480
14968801,79.5072,68.0272,504,26280,0.459504,1,1,321044,320540,504
14971721,46.3014,47.2054,500,26280,0.483901,1,1,321082,320582,500
14974641,22.8603,41.4411,477,26280,0.58478,0.76,1,321099,320622,477
14977561,32.5721,42.6882,469,26280,0.700956,0.75,1,321134,320665,469
14980481,37.7144,50.1376,456,26280,0.708191,0.55,1,321173,320717,456
14983401,27.5429,35.6275,449,26280,0.741638,0.41,1,321198,320749,449
14986321,50.3086,55.1255,445,26280,0.764328,0.35,2,321254,320809,445
14989241,37.2617,43.8251,438,26280,0.848866,0.23,2,321288,320850,438
15073921,118,83,501,21900,0.35,0,1,323047,322546,501
15076841,60.4,98.2,445,23360,0.414,0.01,1,323093,322648,445
15079761,43.28,54.84,440,24820,0.5708,0.05,1,323132,322692,440
15082681,34.256,32.568,445,24820,0.55416,0.09,1,323164,322719,445
15085601,41.2512,39.3136,447,26280,0.742832,0.11,1,323207,322760,447
15174661,88,56,501,21900,0.35,0.23,1,325002,324501,501
15177581,49.6,85.6,448,23360,0.462,0.15,1,325042,324594,448
15180501,46.72,51.52,451,24820,0.5804,0.14,1,325088,324637,451
15183421,50.944,44.704,460,24820,0.79608,0.25,2,325140,324680,460
15330881,55,41,534,27740,0.49,1,1,328207,327673,534
15333801,54.2,45.8,541,27740,0.346,1,1,328261,327720,541
15364461,410.84,501.96,425,18980,0.4772,0.07,1,328761,328336,425
15367381,158.968,157.992,449,20440,0.66344,0.13,1,328857,328408,449
15471041,2,0,431,8760,0.93,0.91,2,332640,332209,431
15516301,35,20,443,14600,0.93,0.11,2,334567,334124,443
15554261,39,19,559,18980,0.78,1,2,335624,335065,559
15576161,424.6,513.4,443,13140,0.276,0.13,1,336145,335702,443
15760121,54,153,458,16060,0.69,0,1,341812,341354,458
15763041,52.4,78.6,450,17520,0.898,0.05,2,341864,341414,450
15942621,45,52,472,16060,0.47,0.51,1,347203,346731,472
15945541,45,53.6,463,17520,0.47,0.39,1,347248,346785,463
15948461,47.4,48.32,464,17520,0.598,0.23,1,347296,346832,464
16008321,50,53,447,16060,0.31,0.01,1,349098,348651,447
16011241,49.2,50.6,446,17520,0.342,0.01,1,349147,348701,446
16014161,48.24,47.72,447,17520,0.2684,0.03,1,349195,348748,447
16017081,102.448,122.344,422,17520,0.79768,0.25,2,349311,348889,422
16075481,31,54,478,16060,0.49,0.61,1,351041,350563,478
16078401,48.6,51.6,480,17520,0.65,0.65,1,351094,350614,480
16081321,53.72,48.72,487,18980,0.842,0.33,2,351149,350662,487
16084241,39.544,78.544,437,18980,0.8964,0.45,2,351185,350748,437
16139721,70,81,470,16060,0.49,0.47,1,352961,352491,470
16142641,50.8,59.4,462,17520,0.57,0.37,1,353007,352545,462
16145561,39.76,45.48,457,18980,0.698,0.19,1,353044,352587,457
16148481,26.352,51.496,427,18980,0.7876,0.35,2,353067,352640,427
16206881,45,45,462,16060,0.69,0.35,1,354882,354420,462
16209801,37.8,43.4,455,17520,0.77,0.31,2,354918,354463,455
16212721,40.36,40.68,456,18980,0.898,0.29,2,354959,354503,456
16326601,49,28,466,14600,0.63,0.19,1,358416,357950,466
16383541,52,50,452,16060,0.45,0.03,1,360205,359753,452
16386461,52.8,50.8,454,17520,0.61,0.05,1,360258,359804,454
16389381,47.36,56.56,442,17520,0.674,0.07,1,360304,359862,442
16447781,50,62,469,16060,0.87,0.35,2,362095,361626,469
16566041,27,26,432,14600,0.55,0.21,1,365600,365168,432
16617141,47,136,504,16060,0.57,0.92,1,367370,366866,504
16620061,47.8,76,491,17520,0.666,0.77,1,367418,366927,491
16622981,40.76,59.2,475,18980,0.8292,0.59,2,367457,366982,475
16625901,24.152,50.24,447,18980,0.89384,0.53,2,367477,367030,447
16684301,42,52,456,16060,0.87,0.35,2,369312,368856,456
16796721,48,54,489,16060,0.55,0.83,1,372717,372228,489
16799641,43.2,51.6,480,17520,0.694,0.53,1,372759,372279,480
16802561,45.44,57.52,467,18980,0.7388,0.51,1,372805,372338,467
16805481,24.288,45.104,444,18980,0.84376,0.45,2,372824,372380,444
16929581,57,70,442,16060,0.85,0.05,2,376585,376143,442
16932501,43.4,49.2,438,17520,0.946,0.11,2,376625,376187,438
17259541,62,59,554,18980,0.51,1,1,386934,386380,554
17262461,147.6,73.4,646,18980,0.366,1,1,387103,386457,646
17265381,79.12,153.88,534,18980,0.2092,1,1,387165,386631,534
17268301,61.424,76.376,534,18980,0.16184,1,1,387222,386688,534
17271221,47.4848,67.2752,513,18980,0.216368,0.83,1,387266,386753,513
17274141,55.097,57.455,515,18980,0.291274,0.69,1,387323,386808,515
17277061,57.4194,62.691,509,18980,0.466255,0.51,1,387381,386872,509
17329621,57,59,534,20440,0.51,1,1,388766,388232,534
17332541,172.2,56.6,679,20440,0.286,1,1,388967,388288,679
17335461,78.44,171.32,534,21900,0.3692,1,1,389022,388488,534
17338381,53.288,78.264,526,21900,0.46584,0.98,1,389069,388543,526
17341301,14.6576,59.6528,476,21900,0.517168,0.83,1,389074,388598,476
17344221,34.9315,54.3306,463,21900,0.575434,0.71,1,389114,388651,463
17347141,48.5863,57.2661,457,21900,0.667087,0.51,1,389166,388709,457
17350061,47.3173,57.0532,447,21900,0.813417,0.23,2,389213,388766,447
17577821,71,80,508,18980,0.53,0.21,1,394438,393930,508
17580741,49.4,92.8,456,20440,0.722,0.07,1,394482,394026,456
17799741,87,115,526,18980,0.25,0.33,1,399883,399357,526
17802661,55,111.8,462,20440,0.298,0.29,1,399930,399468,462
17805581,47.8,60.76,460,21900,0.5316,0.11,1,399976,399516,460
17808501,65.56,64.952,464,23360,0.62632,0.08,1,400046,399582,464
17811421,36.312,68.1904,424,23360,0.677264,0.11,1,400075,399651,424
17878581,102,78,498,17520,0.19,0.9,1,401764,401266,498
17881501,57.2,63.6,484,18980,0.142,0.75,1,401810,401326,484
17884421,54.64,55.12,485,20440,0.3084,0.59,1,401864,401379,485
17887341,57.328,61.424,480,21900,0.48568,0.57,1,401922,401442,480
17890261,49.0656,53.8848,475,21900,0.617136,0.17,1,401969,401494,475
17960341,139,80,578,18980,0.45,0.13,1,403644,403066,578
17963261,70.2,158.4,453,20440,0.578,0.03,1,403697,403244,453
17966181,60.44,78.88,452,21900,0.6516,0.03,1,403755,403303,452
17969101,52.888,59.776,448,23360,0.73032,0.13,1,403806,403358,448
18037721,186,23,620,17520,0.29,0.61,1,405531,404911,620
18040641,75.6,157.4,477,18980,0.434,0.49,1,405579,405102,477
18043561,50.32,76.28,465,20440,0.5588,0.47,1,405623,405158,465
18046481,49.264,55.256,464,21900,0.85576,0.29,2,405672,405208,464
18119481,62,32,453,17520,0.83,0.09,2,407455,407002,453
18122401,54.8,50.4,451,18980,0.91,0.13,2,407508,407057,451
18395421,489,625,442,16060,0.23,0.09,1,414507,414065,442
18417321,260.2,301.8,424,16060,0.758,0.05,2,414710,414286,424
18553101,54,31,464,17520,0.35,0.17,1,418189,417725,464
18556021,55.6,56.6,457,18980,0.414,0.03,1,418245,417788,457
18558941,54.32,56.12,455,20440,0.6508,0.03,1,418299,417844,455
18561861,54.864,62.424,446,21900,0.90616,0.01,2,418354,417908,446
18634861,100,99,515,18980,0.65,0.17,1,420096,419581,515
18637781,64.8,115.8,451,20440,0.714,0.05,1,420152,419701,451
18640701,58.56,64.76,456,21900,0.8068,0.05,2,420209,419753,456
18643621,47.712,56.152,447,23360,0.87336,0,2,420254,419807,447
18776481,84,31,474,17520,0.83,0.01,2,423832,423358,474
18779401,80,71,472,18980,0.942,0.21,2,423911,423439,472
18826121,72,92,556,18980,0.41,1,1,425148,424592,556
18829041,79.2,87.2,551,18980,0.202,1,1,425229,424678,551
18831961,95.84,82.24,570,18980,0.1284,1,1,425329,424759,570
18834881,92.768,83.648,578,18980,0.12968,1,1,425421,424843,578
18837801,62.5536,99.9296,529,18980,0.209936,0.84,1,425476,424947,529
18840721,53.3107,75.1859,511,18980,0.369987,0.69,1,425527,425016,511
18843641,57.0621,63.0372,509,18980,0.513997,0.41,1,425585,425076,509
18846561,68.2124,70.2074,508,18980,0.814799,0.15,2,425656,425148,508
18849481,96.0425,78.8415,530,18980,0.84296,0.11,2,425759,425229,530
18896201,60,73,521,21900,0.23,1,1,426968,426447,521
18899121,65.6,63.4,527,23360,0.054,1,1,427035,426508,527
18902041,65.12,74.28,515,23360,0.0188,1,1,427100,426585,515
18904961,82.624,94.856,502,23360,0.15576,1,1,427187,426685,502
18907881,84.5248,90.1712,498,24820,0.311152,1,1,427272,426774,498
18910801,46.505,18.0342,535,24820,0.42223,0.82,1,427309,426774,535
18913721,39.701,62.0068,500,24820,0.460446,0.49,1,427347,426847,500
18916641,47.9402,61.2014,489,26280,0.484089,0.23,1,427397,426908,489
18919561,11.188,60.2403,431,26280,0.504818,0.01,1,427399,426968,431
18922481,48.6376,65.6481,422,26280,0.652964,0.01,1,427457,427035,422
18925401,62.5275,65.1296,423,26280,0.778593,0.19,2,427523,427100,423
18980881,78,62,486,23360,0.35,1,1,429095,428609,486
18985261,49.2,66.8,460,23360,0.382,0.94,1,429137,428677,460
18988181,45.84,41.36,470,23360,0.4204,0.84,1,429182,428712,470
18996941,35.568,35.472,469,23360,0.43608,0.41,1,429215,428746,469
19001321,125.514,144.694,445,21900,0.719216,0.55,1,429363,428918,445
19237841,215,259,428,16060,0.33,0.11,1,434778,434350,428
19240761,91.8,75,460,17520,0.554,0.19,1,434839,434379,460
19243681,47.96,58.2,443,18980,0.6948,0.17,1,434876,434433,443
19296241,123,140,495,20440,0.03,1,1,436193,435698,495
19299161,103.8,96.8,508,20440,0.062,1,1,436292,435784,508
19302081,55.16,67.36,491,20440,0.1644,1,1,436335,435844,491
19305001,39.832,51.072,480,20440,0.21688,0.95,1,436371,435891,480
19307921,44.7664,59.0144,465,20440,0.187376,0.69,1,436417,435952,465
19310841,36.9533,50.2029,452,20440,0.173475,0.25,1,436452,436000,452
19313761,48.1907,66.0406,433,20440,0.234695,0.03,1,436503,436070,433
19316681,101.638,111.608,425,20440,0.294939,0.07,1,436618,436193,425
19319601,100.328,101.522,426,20440,0.818988,0.19,2,436718,436292,426
19322521,60.8655,54.7043,434,20440,0.891798,0.23,2,436769,436335,434
19375081,61,59,517,21900,0.23,1,1,437968,437451,517
19378001,77,91.8,498,21900,0.046,1,1,438049,437551,498
19380921,120.2,119.16,503,23360,0.0652,1,1,438180,437677,503
19383841,52.84,23.832,539,23360,0.06904,1,1,438216,437677,539
19386761,43.368,50.3664,523,23360,0.021808,1,1,438257,437734,523
19389681,54.2736,52.4733,527,24820,0.0763616,0.73,1,438314,437787,527
19392601,41.2547,58.4947,505,24820,0.135272,0.47,1,438352,437847,505
19395521,45.8509,59.6989,492,24820,0.211054,0.23,1,438399,437907,492
19398441,66.7702,60.7398,503,24820,0.466211,0,1,438471,437968,503
19401361,14.954,76.948,424,26280,0.485242,0.07,1,438473,438049,424
19469981,89,113,444,21900,0.35,0,1,440146,439702,444
19488961,117,139.4,422,21900,0.606,0.07,1,440270,439848,422
19491881,73,50.28,456,23360,0.8012,0.15,2,440332,439876,456
19580941,46,28,470,21900,0.81,0.57,2,442099,441629,470
19840821,59,143,539,18980,0.09,1,1,448978,448439,539
19843741,73.4,80.6,551,18980,0.026,1,1,449055,448504,551
19846661,46.68,68.12,526,18980,0.0772,1,1,449095,448569,526
19849581,83.736,59.224,562,18980,0.16744,0.93,1,449188,448626,562
19852501,55.1472,90.2448,512,18980,0.233488,0.55,1,449236,448724,512
19855421,99.8294,69.249,559,18980,0.486698,0.17,1,449347,448788,559
19858341,67.1659,118.65,487,18980,0.793339,0.09,2,449406,448919,487
19907981,107,56,588,20440,0.01,1,1,450726,450138,588
19910901,91.8,114.4,547,20440,0.042,1,1,450814,450267,547
19913821,75.96,80.48,547,21900,0.0804,1,1,450886,450339,547
19916741,18.392,66.496,488,21900,0.07208,1,1,450890,450402,488
19919661,47.6784,72.4992,469,21900,0.166416,0.59,1,450945,450476,469
19922581,59.1357,79.2998,450,21900,0.297283,0.31,1,451007,450557,450
19925501,50.2271,65.46,436,23360,0.483457,0.01,1,451055,450619,436
19928421,84.4454,98.692,422,23360,0.632691,0.05,1,451148,450726,422
19931341,88.0891,90.1384,423,23360,0.806538,0.05,2,451237,450814,423
20026241,79,88,429,23360,0.67,0.17,1,453045,452616,429
20029161,47,27.2,456,24820,0.83,0.23,2,453084,452628,456
20185381,117,34,561,18980,0.35,0.88,1,456414,455853,561
20188301,68.2,102.8,497,20440,0.462,0.67,1,456470,455973,497
20191221,53.64,78.96,474,21900,0.6124,0.27,1,456520,456046,474
20194141,55.528,67.792,465,23360,0.72248,0.19,1,456576,456111,465
20197061,53.5056,66.3584,452,23360,0.824496,0.19,2,456629,456177,452
20255461,50,67,464,17520,0.29,0.19,1,458170,457706,464
20272981,294.8,323,433,17520,0.642,0.21,1,458526,458093,433
20275901,79.76,86.2,432,18980,0.7604,0.29,2,458552,458120,432
20421901,121,88,564,18980,0.63,0.19,1,462042,461478,564
20424821,61.8,144,453,18980,0.646,0.25,1,462089,461636,453
20427741,65.96,74.4,463,20440,0.8732,0.27,2,462156,461693,463
20494901,114,220,462,16060,0.79,0.13,2,463998,463536,462
20616081,77,87,450,13140,0.51,0.39,1,467581,467131,450
20680321,561,665,440,13140,0.69,0.23,1,469400,468960,440
20732881,142,166,422,13140,0.83,0.11,2,471242,470820,422
20735801,58.8,59.6,427,14600,0.894,0.15,2,471280,470853,427
20881801,66,55,539,20440,0.27,1,1,476107,475568,539
20884721,62.8,58.2,542,20440,0.206,1,1,476169,475627,542
20887641,99.76,49.24,604,20440,0.1772,1,1,476278,475674,604
20890561,47.952,122.648,498,20440,0.21944,1,1,476313,475815,498
20893481,71.1904,110.93,467,20440,0.307888,0.69,1,476390,475923,467
20896401,55.0381,70.9859,457,20440,0.405578,0.45,1,476441,475984,457
20899321,47.0076,59.7972,445,20440,0.457116,0.27,1,476486,476041,445
20902241,54.2015,64.7594,435,20440,0.691423,0.19,1,476542,476107,435
20905161,58.0403,62.5519,432,20440,0.802285,0.17,2,476601,476169,432
20957721,71,63,504,20440,0.01,1,1,477878,477374,504
20960641,63.8,61.4,505,20440,0.002,1,1,477940,477435,505
20963561,66.36,67.48,503,20440,0.1524,1,1,478007,477504,503
20966481,71.672,65.496,511,20440,0.21448,0.97,1,478080,477569,511
20969401,66.3344,96.2992,472,20440,0.418896,0.71,1,478145,477673,472
20972321,58.8669,78.4598,455,20440,0.491779,0.27,1,478202,477747,455
20975241,41.3734,63.692,432,20440,0.586356,0.01,1,478239,477807,432
20978161,57.0747,69.5384,422,20440,0.781271,0,2,478300,477878,422
20981081,61.0149,63.5077,422,21900,0.772254,0.19,2,478362,477940,422
21141681,109,133,440,18980,0.79,0.39,2,481925,481485,440
21227821,116,141,421,18980,0.69,0.05,1,483802,483381,421
21422001,68,46,462,14600,0.81,0.15,2,489238,488776,462
21468721,106,58,581,16060,0.35,1,1,490736,490155,581
21471641,57.2,84.4,535,16060,0.494,1,1,490781,490246,535
21474561,57.04,66.48,530,16060,0.5388,0.8,1,490838,490308,530
21477481,144.208,61.296,636,16060,0.85176,0.51,2,491004,490368,636
21521281,158,65,636,18980,0.28,1,1,492409,491773,636
21524201,76.4,138.6,535,20440,0.304,1,1,492465,491930,535
21527121,54.48,89.32,507,20440,0.2928,1,1,492514,492007,507
21530041,80.496,102.664,488,20440,0.46656,0.84,1,492601,492113,488
21532961,54.4992,80.5328,461,21900,0.533312,0.84,1,492649,492188,461
21535881,49.2998,16.1066,509,21900,0.690662,0.57,1,492697,492188,509
21674581,94,116,449,17520,0.55,1,1,496185,495736,449
21864381,59,36,474,14600,0.57,0.31,1,501662,501188,474
21867301,56.6,63.2,460,16060,0.682,0.09,1,501718,501258,460
21911101,86,91,557,16060,0.31,1,1,503152,502595,557
21914021,66.8,70.2,554,16060,0.31,1,1,503214,502660,554
21916941,81.36,62.84,578,16060,0.422,1,1,503299,502721,578
21919861,117.072,91.768,605,16060,0.5404,0.79,1,503425,502820,605
21922781,92.2144,138.354,541,16060,0.82008,0.43,2,503511,502970,541
21966581,60,127,527,18980,0.09,1,1,504861,504334,527
21969501,73.6,111.8,496,20440,0.026,1,1,504938,504442,496
21972421,93.12,87.16,513,20440,0.2052,0.99,1,505036,504523,513
21975341,51.424,79.832,476,21900,0.36904,0.99,1,505077,504601,476
21978261,65.4848,15.9664,545,21900,0.337808,0.91,1,505146,504601,545
21981181,87.497,67.1933,558,21900,0.651562,0.33,1,505239,504681,558
22048341,82,88,422,21900,0.65,0.01,1,507007,506585,422
22051261,41.2,43.2,421,21900,0.602,0.07,1,507038,506617,421
22068781,44.24,41.44,425,21900,0.7364,0.11,1,507083,506658,425
22071701,63.248,33.888,461,23360,0.89128,0.11,2,507151,506690,461
22157841,184,204,429,20440,0.85,0.15,2,508947,508518,429
22225001,103,143,547,18980,0.31,0.63,1,510607,510060,547
22227921,59.8,123.8,477,20440,0.406,0.51,1,510656,510179,477
22230841,61.56,68.76,484,21900,0.5852,0.47,1,510718,510234,484
22233761,54.712,70.552,466,23360,0.78104,0.45,2,510771,510305,466
22236681,21.3424,42.1104,444,23360,0.852208,0.15,2,510784,510340,444
22298001,106,148,431,16060,0.37,0.03,1,512367,511936,431
22300921,90,84.8,448,17520,0.53,0.03,1,512453,512005,448
22303841,71.6,69.76,449,18980,0.498,0.05,1,512520,512071,449
22306761,61.52,59.552,451,20440,0.6196,0.19,1,512579,512128,451
22309681,56.304,55.1104,452,21900,0.77192,0.15,2,512634,512182,452
22381221,110,124,521,18980,0.61,0.03,1,514394,513873,521
22384141,82.8,129.6,466,20440,0.882,0.17,2,514470,514004,466
22562261,64,56,563,18980,0.53,1,1,519246,518683,563
22565181,68,81.6,544,18980,0.306,1,1,519315,518771,544
22568101,64,61.92,550,18980,0.2292,1,1,519378,518828,550
22571021,63.2,57.984,556,18980,0.14984,1,1,519441,518885,556
22573941,130.24,63.5968,638,18980,0.293968,0.9,1,519588,518950,638
22576861,69.248,144.719,527,18980,0.322794,0.87,1,519642,519115,527
22579781,53.0496,82.5439,509,18980,0.424559,0.53,1,519691,519182,509
22582701,53.0099,67.7088,498,18980,0.492912,0.25,1,519744,519246,498
22585621,61.002,68.7418,492,18980,0.570582,0.21,1,519807,519315,492
22588541,58.6004,64.1484,487,18980,0.730116,0.13,1,519865,519378,487
22635261,71,64,557,20440,0.51,1,1,521181,520624,557
22638181,64.6,68,551,21900,0.478,1,1,521244,520693,551
22641101,65.72,63.2,555,21900,0.4876,1,1,521310,520755,555
22644021,50.744,62.24,540,21900,0.47352,1,1,521357,520817,540
22646941,77.3488,134.048,472,21900,0.518704,0.85,1,521441,520969,472
22649861,51.4698,74.0096,458,23360,0.575741,0.55,1,521486,521028,458
22652781,68.694,80.4019,449,23360,0.747148,0.51,1,521559,521110,449
22736001,129,158,439,21900,0.71,0.45,1,523277,522838,439
22738921,76.2,61.2,465,23360,0.87,0.21,2,523340,522875,465
22800241,46,62,447,20440,0.39,0.47,1,524944,524497,447
22804621,55.6,62,443,20440,0.534,0.11,1,525002,524559,443
22819221,56.72,72.4,425,20440,0.7708,0.07,2,525059,524634,425
22893681,27,31,427,16060,0.65,0.11,1,526848,526421,427
22896601,55.8,33.4,456,17520,0.842,0.07,2,526911,526455,456
22971061,65,34,462,17520,0.81,0.11,2,528803,528341,462
23092241,61,51,538,18980,0.47,1,1,531832,531294,538
23095161,57.8,42.2,555,18980,0.438,1,1,531889,531334,555
23098081,96.36,57.24,600,18980,0.2556,1,1,531995,531395,600
23101001,103.272,116.248,574,18980,0.28312,1,1,532100,531526,574
23103921,87.0544,104.05,556,18980,0.432624,0.91,1,532183,531627,556
23106841,54.2109,94.4099,510,18980,0.558525,0.77,1,532229,531719,510
23109761,48.4422,60.482,505,18980,0.679705,0.47,1,532276,531771,505
23112681,56.0884,60.8964,502,18980,0.815941,0.43,2,532334,531832,502
23162321,66,78,538,21900,0.63,1,1,533698,533160,538
23165241,60.4,63.6,537,23360,0.614,1,1,533757,533220,537
23321461,173,187,423,16060,0.83,0.23,2,537778,537355,423
23505421,66,113,542,23360,0.25,1,1,542673,542131,542
23508341,70.8,101,516,23360,0.202,1,1,542745,542229,516
23511261,54.96,67.4,508,23360,0.2564,1,1,542796,542288,508
23514181,41.392,54.28,495,23360,0.42728,1,1,542834,542339,495
23517101,57.8784,64.456,490,23360,0.461456,1,1,542896,542406,490
23520021,40.3757,56.0912,472,23360,0.532291,0.63,1,542932,542460,472
23522941,44.0751,62.4182,453,23360,0.530458,0.39,1,542977,542524,453
23525861,63.215,78.8836,438,23360,0.754092,0.25,2,543045,542607,438
23755081,110,95,459,17520,0.85,0.01,2,548414,547955,459
24019341,108,96,450,17520,0.67,0.05,1,555670,555220,450
24074821,58,74,523,23360,0.49,1,1,556969,556446,523
24077741,54.8,58.8,522,23360,0.442,1,1,557023,556501,522
24080661,66.96,90.16,494,23360,0.4324,1,1,557093,556599,494
24083581,54.992,61.232,492,23360,0.35048,0.94,1,557145,556653,492
24086501,73.3984,85.0464,479,23360,0.446096,0.99,1,557223,556744,479
24089421,50.6797,57.8093,473,23360,0.449219,0.81,1,557268,556795,473
24092341,43.7359,57.1619,458,23360,0.561844,0.71,1,557310,556852,458
24095261,51.9472,58.6324,453,23360,0.616369,0.49,1,557364,556911,453
24098181,50.3894,58.1265,445,23360,0.803274,0.43,2,557414,556969,445
24162421,65,60,519,23360,0.49,1,1,558795,558276,519
24165341,47.4,54.4,509,24820,0.394,1,1,558838,558329,509
24168261,65.48,62.08,515,24820,0.4228,1,1,558908,558393,515
24171181,46.696,58.016,500,24820,0.34856,1,1,558950,558450,500
24174101,57.3392,63.6032,495,24820,0.349712,0.99,1,559010,558515,495
24177021,49.0678,71.9206,468,24820,0.381942,0.71,1,559057,558589,468
24179941,59.4136,75.1841,454,24820,0.468388,0.59,1,559119,558665,454
24182861,57.4827,67.0368,446,24820,0.597678,0.49,1,559176,558730,446
24185781,60.2965,65.4074,442,26280,0.783536,0.49,2,559237,558795,442
24188701,41.6593,13.0815,479,26280,0.916707,0.37,2,559274,558795,479
24248561,95,127,441,21900,0.71,0.33,1,560888,560447,441
24254401,33.4,47,432,21900,0.726,0.03,1,560906,560474,432
24257321,81.08,92.6,421,21900,0.8412,0.07,2,560999,560578,421
24270461,43.416,43.32,424,21900,0.81624,0.05,2,561033,560609,424
24331781,83,97,427,20440,0.37,0.07,1,562704,562277,427
24334701,68.6,73.8,424,20440,0.45,0.09,1,562769,562345,424
24337621,36.92,37.16,425,20440,0.546,0.07,1,562798,562373,425
24358061,33.784,33.832,425,20440,0.6452,0.01,1,562831,562406,425
24360981,53.1568,30.7664,453,21900,0.76104,0.17,2,562889,562436,453
24416461,502,682,438,16060,0.45,0.11,1,564474,564036,438
24438361,271.6,317.2,426,16060,0.77,0.13,2,564688,564262,426
24508441,50,24,468,17520,0.85,0.21,2,566489,566021,468
24561001,49,48,536,18980,0.77,1,2,567939,567403,536
24563921,56.2,51.2,542,18980,0.722,1,1,567997,567455,542
24566841,87.24,62.24,572,18980,0.6164,1,1,568092,567520,572
24569761,109.448,97.248,581,18980,0.80328,1,2,568207,567626,581
24619401,71,63,558,20440,0.51,1,1,569480,568922,558
24622321,107.8,87,582,21900,0.43,1,1,569597,569015,582
24625241,72.76,112.6,527,21900,0.366,1,1,569661,569134,527
24628161,67.352,95.32,502,23360,0.5132,1,1,569727,569225,502
24631081,46.2704,66.264,484,23360,0.55864,0.94,1,569768,569284,484
24634001,56.4541,63.6528,480,23360,0.583728,0.74,1,569827,569347,480
24636921,44.8908,62.3306,460,23360,0.668746,0.51,1,569869,569409,460
24639841,56.1782,69.2661,448,24820,0.781749,0.51,2,569928,569480,448
24724521,298,325,450,20440,0.71,0.55,1,571688,571238,450
24727441,98.8,88.2,470,21900,0.758,0.33,2,571737,571267,470
24730361,42.16,66.44,437,23360,0.8316,0.35,2,571765,571328,437
24733281,54.832,39.688,462,24820,0.94232,0.33,2,571823,571361,462
24956661,187,224,444,16060,0.51,0.39,1,577106,576662,444
24959581,55,67.2,438,17520,0.574,0.39,1,577128,576690,438
