#Ack,ack_ewma(ms),send_ewma(ms),rtt_ratio,cwnd (Bytes),Last Router Ocupation Ack Arriaval(Packets),Last Router Ocupation Packet Sent(Packets),Network Situation,AckArrival(ms),TSInsideAck(ms),RTTAck(ms)
4381,2,0,459,16060,0.19,0.73,1,190910,190451,459
7301,2,0,461,18980,0.222,0.73,1,190912,190451,461
10221,2,0,463,21900,0.2604,0.73,1,190914,190451,463
13141,2,0,465,24820,0.33208,0.73,1,190916,190451,465
14601,161.2,0,666,27740,0.522416,0.17,1,191117,190451,666
17521,216.24,365.6,439,29200,0.672483,0.19,1,191347,190908,439
20441,44.848,74.72,439,32120,0.734497,0.19,1,191349,190910,439
23361,10.5696,14.944,441,35040,0.746899,0.23,1,191351,190910,441
26281,3.71392,4.5888,441,37960,0.74938,0.23,1,191353,190912,441
29201,2.34278,0.91776,443,40880,0.781876,0.27,2,191355,190912,443
32121,2.06856,1.78355,443,43800,0.756375,0.27,2,191357,190914,443
35041,2.01371,0.35671,445,46720,0.783275,0.35,2,191359,190914,445
37961,2.00274,1.67134,445,49640,0.820655,0.35,2,191361,190916,445
40881,2.00055,0.334268,447,52560,0.860131,0.57,2,191363,190916,447
181041,17,48,681,89820,0.43,1,1,193213,192532,681
183961,45.8,74.4,653,82100,0.51,1,1,193266,192613,653
192721,9.96,40.48,622,82520,0.542,1,1,193267,192645,622
195641,4.392,56.096,565,79180,0.5164,1,1,193270,192705,565
200021,1.6784,23.2192,551,79600,0.52728,1,1,193271,192720,551
208781,1.93568,31.0438,520,77720,0.513456,0.98,1,193273,192753,520
216081,24.3871,58.2088,485,72300,0.462691,0.98,1,193303,192818,485
219001,18.4774,23.6418,487,67500,0.468538,1,1,193320,192833,487
226301,15.6955,23.1283,479,67920,0.421708,0.9,1,193335,192856,479
239621,33.5391,47.0257,464,63120,0.492341,0.82,1,193373,192909,464
242541,25.1078,29.4051,462,51860,0.554468,0.75,1,193396,192934,462
245461,18.6216,24.281,456,53320,0.470894,0.65,1,193413,192957,456
252721,11.7243,17.6562,450,52900,0.502179,1,1,193423,192973,450
252761,35.1449,3.53124,491,47520,0.604436,0.47,1,193464,192973,491
255641,17.429,49.5062,443,47520,0.656887,0.46,1,193477,193034,443
260021,13.0858,21.9012,440,48940,0.635377,0.34,1,193489,193049,440
261481,14.6172,15.5802,441,48980,0.679075,0.41,1,193504,193063,441
263541,15.7234,17.5161,439,48520,0.751815,0.38,2,193520,193081,439
271661,16.7447,16.3032,440,48980,0.782363,0.35,2,193537,193097,440
279761,33.7489,36.8606,436,45460,0.756473,0.33,2,193575,193139,436
396561,1441,1663,450,1460,0.65,1,1,196341,195891,450
601741,96,102,469,36500,0.43,0.75,1,198541,198072,469
636781,132,143.6,456,36500,0.622,0.75,1,198682,198226,456
639701,49.6,39.12,472,37960,0.6444,0.7,1,198711,198239,472
642621,31.52,32.624,468,39420,0.77688,0.65,2,198738,198270,468
645541,23.104,27.3248,463,40880,0.851376,0.58,2,198759,198296,463
648461,21.4208,24.665,460,42340,0.930275,0.65,2,198780,198320,460
651381,9.08416,16.133,452,43800,0.882055,0.57,2,198786,198334,452
868921,423,477,447,11680,0.45,0.59,1,203338,202891,447
871841,86.2,95.4,449,14600,0.498,0.53,1,203340,202891,449
874761,33.24,38.28,445,17520,0.6676,0.53,1,203360,202915,445
877681,8.248,7.656,447,20440,0.71752,0.45,1,203362,202915,447
1103981,31,40,498,20440,0.76,1,2,208721,208223,498
1106901,27,31.2,495,20440,0.64,1,1,208747,208252,495
1109821,179,180.64,494,20440,0.248,1,1,208964,208470,494
1112741,113.4,116.128,491,20440,0.1856,1,1,209061,208570,491
1115661,47.48,51.2256,487,20440,0.17312,0.89,1,209092,208605,487
1118581,43.896,51.8451,478,20440,0.138624,0.86,1,209135,208657,478
1121501,25.5792,36.769,466,20440,0.211725,0.76,1,209156,208690,466
1124421,25.1158,32.1538,460,20440,0.226345,0.61,1,209181,208721,460
1127341,19.4232,27.2308,452,20440,0.245269,0.15,1,209199,208747,452
1130261,155.885,179.046,425,20440,0.169054,0.17,1,209389,208964,425
1133181,111.177,113.409,428,20440,0.281811,0.17,1,209489,209061,428
1136101,49.4354,47.4818,431,20440,0.304362,0.13,1,209523,209092,431
1139021,43.4871,43.8964,430,20440,0.324872,0.23,1,209565,209135,430
1141941,23.8974,25.5793,428,20440,0.280974,0.23,1,209584,209156,428
1144861,27.9795,25.1159,432,20440,0.288195,0.25,1,209613,209181,432
1147781,22.3959,19.4232,435,20440,0.225639,0.15,1,209634,209199,435
1150701,151.679,155.885,429,20440,0.325128,0.31,1,209818,209389,429
1153621,114.336,111.177,434,20440,0.377026,0.31,1,209923,209489,434
1156541,52.4672,49.4354,437,20440,0.403405,0.33,1,209960,209523,437
1159461,43.2934,43.4871,436,20440,0.440681,0.27,1,210001,209565,436
1162381,24.6587,23.8974,437,20440,0.424136,0.29,1,210021,209584,437
1165301,24.9317,27.9795,433,20440,0.444827,0.21,1,210046,209613,433
1168221,21.7863,22.3959,433,20440,0.512965,0.35,1,210067,209634,433
1171141,157.157,151.679,440,20440,0.606593,0.39,1,210258,209818,440
1174061,114.631,114.336,439,20440,0.657319,0.41,1,210362,209923,439
1176981,53.3263,52.4672,440,20440,0.699464,0.45,1,210400,209960,440
1179901,45.0653,43.2934,442,20440,0.723893,0.42,1,210443,210001,442
1273341,32,25,528,35040,0.71,1,1,212317,211789,528
1274801,33.6,24.2,538,35040,0.646,1,1,212351,211813,538
1286481,390.72,464.84,443,23360,0.5372,0.19,1,212831,212388,443
1413501,186,16,597,23360,0.41,0.05,1,214926,214329,597
1416421,71.6,156,449,24820,0.394,0.01,1,214969,214520,449
1419341,70.32,98.4,435,24820,0.5188,0.05,1,215039,214604,435
1422261,40.464,45.28,436,24820,0.59176,0.13,1,215072,214636,436
1425181,40.8928,32.256,448,24820,0.574352,0.19,1,215113,214665,448
1428101,37.7786,35.2512,449,26280,0.63487,0.27,1,215150,214701,449
1431021,27.5557,31.8502,443,26280,0.598974,0.29,1,215175,214732,443
1433941,7.11114,12.77,437,26280,0.607795,0.41,1,215177,214740,437
1436861,156.622,151.354,445,26280,0.849559,0.41,2,215371,214926,445
1606221,36,37,525,30660,0.87,1,2,218446,217921,525
1609141,48,38.6,537,32120,0.918,1,2,218497,217960,537
1612061,39.2,46.92,525,32120,0.9116,1,2,218534,218009,525
1614981,36.64,41.384,521,32120,0.87832,1,2,218570,218049,521
1721561,113,141,427,29200,0.25,0.05,1,220406,219979,427
1749301,103.4,113.8,421,29200,0.57,0.05,1,220507,220086,421
1752221,49.48,37.16,439,30660,0.778,0.07,2,220543,220104,439
1755141,64.296,64.232,436,32120,0.8036,0.05,2,220611,220175,436
1839821,43,36,509,40880,0.83,1,2,221787,221278,509
1842741,35.8,36.8,506,40880,0.75,1,2,221821,221315,506
1845661,51.96,54.56,503,40880,0.59,1,1,221877,221374,503
1848581,41.592,41.312,504,40880,0.542,1,1,221916,221412,504
1851501,34.7184,8.2624,537,40880,0.5164,1,1,221949,221412,537
1854421,28.5437,32.0525,526,40880,0.52728,1,1,221976,221450,526
1857341,35.3087,34.4105,528,40880,0.465456,1,1,222013,221485,528
1860261,30.2617,31.6821,526,40880,0.437091,1,1,222042,221516,526
1863181,38.0523,30.3364,536,40880,0.511418,1,1,222082,221546,536
1866101,38.0105,46.0673,524,40880,0.526284,1,1,222120,221596,524
1869021,38.8021,53.2135,508,40880,0.577257,1,1,222159,221651,508
1871941,9.36042,37.0427,477,40880,0.587451,0.8,1,222161,221684,477
1874861,25.8721,35.4085,472,42340,0.68549,0.93,1,222191,221719,472
1877781,17.9744,27.0817,463,42340,0.753098,0.83,2,222207,221744,463
1880701,38.7949,39.8163,464,42340,0.84662,0.73,2,222251,221787,464
1883621,32.559,35.1633,461,42340,0.897324,0.55,2,222282,221821,461
1886541,42.5118,51.8327,450,42340,0.923465,0.53,2,222327,221877,450
1889461,38.1024,41.5665,448,42340,0.912693,0.51,2,222364,221916,448
2035461,35,52,499,42340,0.89,1,2,224058,223559,499
2038381,31.8,31.2,504,42340,0.842,1,2,224089,223585,504
2041301,35.16,31.04,509,42340,0.8324,1,2,224125,223616,509
2044221,32.632,28.608,513,42340,0.89448,1,2,224157,223644,513
2047141,32.1264,24.9216,521,42340,0.890896,1,2,224189,223668,521
2050061,28.8253,30.5843,517,42340,0.826179,0.99,2,224217,223700,517
2052981,39.3651,34.9169,523,42340,0.893236,1,2,224259,223736,523
2055901,36.673,43.7834,513,43800,0.842647,1,2,224295,223782,513
2058821,32.1346,36.7567,509,43800,0.832529,1,2,224326,223817,509
2061741,31.2269,32.9513,508,43800,0.846506,0.89,2,224357,223849,508
2064661,27.8454,32.1903,503,43800,0.929301,0.96,2,224384,223881,503
2067581,30.3691,32.0381,502,43800,0.89786,1,2,224415,223913,502
2229641,178,195,433,33580,0.81,0.25,2,226317,225884,433
2232561,56.4,50.2,445,35040,0.826,0.23,2,226343,225898,445
2235481,24.08,28.44,438,36500,0.8772,0.19,2,226359,225921,438
2238401,28.016,11.288,460,37960,0.85544,0.29,2,226388,225928,460
2403381,31,14,458,33580,0.77,0.29,2,228461,228003,458
2502661,36,22,524,39420,0.83,1,2,229873,229349,524
2505581,32,30.8,522,39420,0.782,1,2,229904,229382,522
2507041,32,30.96,523,39420,0.6924,1,1,229936,229413,523
2549381,397.6,453.392,453,26280,0.62648,0.66,1,230425,229972,453
2552301,128.32,132.278,462,27740,0.845296,0.61,2,230486,230024,462
2636981,40,30,535,37960,0.55,1,1,231789,231254,535
2639901,39.2,29.2,545,37960,0.486,1,1,231828,231283,545
2682241,401.44,480.24,444,26280,0.4252,0.37,1,232320,231876,444
2685161,136.288,140.048,459,27740,0.58904,0.37,1,232390,231931,459
2688081,84.8576,57.6096,494,29200,0.813808,0.33,2,232462,231968,494
2796121,40,27,498,39420,0.61,1,1,234012,233514,498
2799041,36,33.4,498,39420,0.61,1,1,234047,233549,498
2801961,31.2,32.28,496,39420,0.514,1,1,234077,233581,496
2804881,38.24,37.656,497,39420,0.3508,1,1,234117,233620,497
2807801,31.648,45.9312,479,39420,0.28616,1,1,234147,233668,479
2810721,35.1296,37.9862,479,39420,0.225232,1,1,234183,233704,479
2813641,35.0259,31.5972,484,39420,0.149046,1,1,234218,233734,484
2816561,39.8052,32.7194,492,39420,0.0858093,1,1,234259,233767,492
2819481,38.361,6.54389,530,39420,0.0251619,1,1,234297,233767,530
2822401,24.4722,29.3088,516,39420,0.109032,1,1,234318,233802,516
2825321,30.4944,37.0618,509,39420,0.0938065,0.97,1,234350,233841,509
2828241,28.4989,36.2124,501,39420,0.0747613,0.95,1,234378,233877,501
2831161,46.4998,33.6425,519,39420,0.182952,0.79,1,234429,233910,519
2834081,40.5,56.3285,496,39420,0.15659,0.61,1,234468,233972,496
2837001,31.3,43.2657,485,39420,0.151318,0.61,1,234497,234012,485
2839921,25.46,36.6531,474,39420,0.214264,0.49,1,234521,234047,474
2842841,29.092,31.3306,474,39420,0.354853,0.31,1,234551,234077,474
2845761,29.8184,38.2661,464,39420,0.414971,0.27,1,234581,234117,464
2848681,32.3637,31.6532,467,39420,0.506994,0.21,1,234614,234147,467
2851601,28.8727,35.1306,459,39420,0.589399,0.13,1,234642,234183,459
2854521,36.1745,35.0261,462,39420,0.78188,0.07,2,234680,234218,462
2857441,38.4349,39.8052,460,39420,0.692376,0.01,1,234719,234259,460
2860361,27.687,38.361,447,39420,0.674475,0.13,1,234744,234297,447
2863281,31.1374,24.4722,458,39420,0.606895,0.09,1,234776,234318,458
2866201,24.6275,30.4944,449,39420,0.609379,0.07,1,234799,234350,449
2869121,52.9255,28.4989,481,39420,0.673876,0.21,1,234859,234378,481
2872041,41.7851,46.4998,469,39420,0.734775,0.15,1,234898,234429,469
2874961,33.157,40.5,461,39420,0.762955,0.15,2,234929,234468,461
2877881,27.4314,31.3,458,39420,0.784591,0.23,2,234955,234497,458
2880801,29.4863,25.46,464,39420,0.852918,0.39,2,234985,234521,464
2883721,35.4973,29.092,471,39420,0.882584,0.43,2,235022,234551,471
2886641,35.8995,29.8184,477,39420,0.856517,0.53,2,235058,234581,477
2889561,35.1799,32.3637,479,39420,0.883303,0.61,2,235093,234614,479
3234121,52,74,485,27740,0.51,1,1,239470,238985,485
3237041,68,52.4,510,29200,0.51,0.97,1,239542,239032,510
3239961,74.4,67.28,515,29200,0.414,0.73,1,239618,239103,515
3242881,38.08,72.656,470,29200,0.4588,0.71,1,239647,239177,470
3245801,36.416,40.9312,473,29200,0.38776,0.69,1,239683,239210,473
3248721,34.4832,37.7862,470,30660,0.421552,0.65,1,239717,239247,470
3251641,34.0966,36.3572,468,30660,0.44431,0.63,1,239751,239283,468
3254561,16.4193,28.8714,453,30660,0.496862,0.67,1,239763,239310,453
3257481,87.2839,92.1743,450,30660,0.843372,0.67,2,239868,239418,450
3339241,34,46,525,30660,0.73,1,1,241165,240640,525
3342161,38,35.6,531,30660,0.698,1,1,241204,240673,531
3345081,68.4,33.52,574,30660,0.6596,1,1,241280,240706,574
3348001,49.68,87.504,518,30660,0.55592,1,1,241325,240807,518
3350921,45.936,54.3008,517,30660,0.439184,0.94,1,241370,240853,517
3353841,44.3872,42.0602,522,30660,0.511837,1,1,241414,240892,522
3356761,68.8774,50.812,544,30660,0.478367,1,1,241489,240945,544
3359681,40.9755,67.7624,506,30660,0.455673,0.93,1,241523,241017,506
3362601,40.9951,44.7525,508,30660,0.387135,0.88,1,241564,241056,508
3365521,29.799,40.9505,495,30660,0.389427,0.84,1,241591,241096,495
3368441,29.9598,36.1901,490,30660,0.405885,0.73,1,241621,241131,490
3371361,36.392,34.438,494,30660,0.441177,0.69,1,241659,241165,494
3374281,64.8784,38.0876,527,30660,0.496235,0.65,1,241731,241204,527
3377201,44.9757,68.4175,491,30660,0.539247,0.53,1,241771,241280,491
3380121,42.5951,49.6835,488,30660,0.675849,0.41,1,241813,241325,488
3383041,43.719,45.9367,487,30660,0.68717,0.53,1,241857,241370,487
3385961,68.7438,44.3873,518,30660,0.865434,0.47,2,241932,241414,518
3388881,40.9488,68.8775,477,30660,0.917087,0.45,2,241966,241489,477
3482321,39,31,519,37960,0.71,1,1,243422,242903,519
3485241,35.8,35,518,37960,0.55,1,1,243457,242939,518
3488161,38.36,29.4,529,37960,0.502,1,1,243496,242967,529
3491081,33.272,31.48,529,39420,0.4764,1,1,243528,242999,529
3494001,20.2544,36.696,508,39420,0.55128,1,1,243545,243037,508
3496921,36.8509,34.5392,515,39420,0.502256,1,1,243586,243071,515
3499841,38.5702,52.5078,497,39420,0.572451,1,1,243625,243128,497
3502761,54.114,47.3016,509,40880,0.74649,1,1,243683,243174,509
3505681,36.4228,54.2603,485,40880,0.829298,1,2,243715,243230,485
3508601,29.6846,10.8521,513,40880,0.84586,1,2,243743,243230,513
3618101,216,249,435,32120,0.41,0.17,1,245428,244993,435
3650221,138.4,149.8,429,29275,0.586,0.13,1,245547,245118,429
3653141,81.28,73.16,442,28414,0.6852,0.09,1,245614,245172,442
3656061,37.856,46.632,429,26692,0.78504,0.15,2,245641,245212,429
3740741,42,35,494,27740,0.77,1,2,247287,246793,494
3743661,42,7,536,27740,0.77,1,2,247329,246793,536
3746581,34.8,33.4,529,27740,0.786,1,2,247362,246833,529
3749501,26.16,39.48,512,27740,0.7412,0.97,1,247386,246874,512
3752421,17.232,34.296,494,27740,0.71624,0.8,1,247401,246907,494
3755341,35.4464,20.4592,517,27740,0.679248,1,1,247441,246924,517
3758261,95.0893,42.4918,579,27740,0.65585,0.97,1,247551,246972,579
3761181,107.818,98.0984,578,27740,0.84317,0.85,2,247662,247084,578
3764101,53.5636,116.42,497,27740,0.912634,0.83,2,247702,247205,497
3840021,116,73,596,29200,0.69,1,1,249062,248466,596
3842941,92,109,564,29200,0.738,1,1,249148,248584,564
3845861,39.2,83.4,513,30660,0.7156,1,1,249174,248661,513
3848781,39.04,45.48,516,30660,0.72712,1,1,249213,248697,516
3851701,40.608,38.696,520,30660,0.697424,1,1,249254,248734,520
3854621,36.9216,41.3392,514,30660,0.627485,0.94,1,249290,248776,514
3857541,24.1843,38.6678,497,30660,0.709497,0.95,1,249311,248814,497
3860461,24.8369,40.5336,481,30660,0.709899,0.83,1,249336,248855,481
3863381,27.3674,41.7067,467,30660,0.74198,0.87,1,249364,248897,467
3866301,43.8735,47.5413,466,30660,0.844396,0.69,2,249412,248946,466
3946601,115,112,468,26280,0.31,0.19,1,250956,250488,468
3971421,206.2,238.4,427,26280,0.678,0.15,1,251185,250758,427
3974341,62.04,64.48,432,27740,0.8316,0.17,2,251211,250779,432
3977261,43.608,31.296,448,29200,0.89432,0.17,2,251250,250802,448
4083841,57,20,488,26280,0.67,0.37,1,253026,252538,488
4086761,81.8,98.4,458,27740,0.75,0.33,2,253114,252656,458
4194801,133,87,517,23360,0.82,0.01,2,254985,254468,517
4384601,40,31,529,30660,0.67,1,1,258146,257617,529
4387521,41.6,34.2,536,30660,0.59,1,1,258188,257652,536
4390441,38.72,38.04,535,30660,0.398,1,1,258226,257691,535
4393361,79.744,41.208,583,30660,0.2316,1,1,258316,257733,583
4396281,43.9488,101.042,502,32120,0.13432,1,1,258351,257849,502
4399201,59.9898,52.2083,526,32120,0.114864,1,1,258415,257889,526
4402121,51.998,42.4417,536,32120,0.174973,1,1,258465,257929,536
4405041,39.9996,56.4883,513,32120,0.170995,1,1,258502,257989,513
4407961,31.9999,43.2977,503,32120,0.266199,0.85,1,258532,258029,503
4410881,33.6,39.0595,499,32120,0.30124,0.83,1,258566,258067,499
4413801,32.32,39.0119,492,32120,0.388248,0.67,1,258598,258106,492
4416721,33.664,39.8024,486,32120,0.54965,0.57,1,258632,258146,486
4419641,29.9328,41.5605,473,32120,0.59793,0.35,1,258661,258188,473
4422561,73.1866,38.7121,519,33580,0.847586,0.19,2,258745,258226,519
4425481,16.2373,79.7424,431,33580,0.897517,0.11,2,258747,258316,431
4505781,39,34,526,42340,0.68,1,1,259926,259400,526
4516001,395,460.4,443,29200,0.224,0.01,1,260410,259967,443
4520381,159,189.68,421,29200,0.3728,0.03,1,260510,260089,421
4555421,85.4,91.536,421,29200,0.29056,0.05,1,260577,260156,421
4558341,79.48,32.7072,481,30660,0.418112,0.03,1,260655,260174,481
4561261,47.896,70.5414,441,32120,0.475622,0.11,1,260695,260254,441
4564181,25.5792,36.5083,433,33580,0.615124,0.07,1,260715,260282,433
4567101,29.1158,16.1017,452,35040,0.659025,0.05,1,260745,260293,452
4570021,28.2232,27.2203,450,35040,0.747805,0.07,1,260773,260323,450
4572941,29.6446,26.2441,454,35040,0.781561,0.11,2,260803,260349,454
4575861,19.5289,29.2488,441,35040,0.868312,0.11,2,260820,260379,441
4711641,99,126,488,30660,0.95,1,2,263004,262516,488
4907281,78,63,503,33580,0.92,1,2,266159,265656,503
4910201,43.6,12.6,538,33580,0.928,1,2,266194,265656,538
4913121,23.92,36.12,515,33580,0.9456,1,2,266213,265698,515
4924801,43,39,522,33580,0.77,1,2,266374,265852,522
4927721,43,51,511,33580,0.738,1,1,266417,265906,511
4930641,40.6,43,510,33580,0.7156,0.98,1,266457,265947,510
4933561,52.12,41.4,524,33580,0.66312,0.95,1,266512,265988,524
4936481,38.424,51.48,505,33580,0.652624,0.84,1,266547,266042,505
4939401,70.8848,41.496,545,33580,0.778525,0.92,2,266626,266081,545
4942321,42.177,70.6992,502,33580,0.739705,0.93,1,266661,266159,502
4945241,23.6354,42.1398,486,33580,0.731941,0.95,1,266680,266194,486
4948161,29.5271,23.628,498,33580,0.826388,0.95,2,266711,266213,498
4951081,37.9054,30.3256,506,33580,0.829278,0.89,2,266751,266245,506
4954001,44.3811,38.8651,511,33580,0.861855,0.91,2,266797,266286,511
4956921,40.0762,43.773,505,33580,0.836371,0.77,2,266836,266331,505
4959841,38.4152,43.1546,500,33580,0.799274,0.73,2,266874,266374,500
4962761,36.483,43.0309,493,33580,0.791855,0.71,2,266910,266417,493
4965681,51.2966,40.6062,508,33580,0.902371,0.65,2,266965,266457,508
5088321,37,36,513,36500,0.73,1,1,268760,268247,513
5091241,35.4,35.2,513,36500,0.698,1,1,268795,268282,513
5094161,37.48,38.24,512,36500,0.6756,1,1,268833,268321,512
5097081,12.296,41.248,476,36500,0.63912,0.81,1,268839,268363,476
5100001,43.2592,57.8496,465,36500,0.711824,1,1,268890,268425,465
5123361,31,0,494,39420,0.87,0.73,2,269217,268723,494
5126281,35,29.6,493,39420,0.902,0.69,2,269253,268760,493
5129201,34.2,33.92,492,39420,0.9084,0.67,2,269287,268795,492
5132121,11.64,37.184,460,39420,0.92568,0.63,2,269293,268833,460
5135041,43.928,12.2368,506,39420,0.929136,0.73,2,269345,268839,506
5137961,83.9856,43.2474,549,40880,0.913827,1,2,269439,268890,549
5406601,279,276,466,20440,0.57,0.03,1,275476,275010,466
5409521,60.6,90.4,428,21900,0.57,0.07,1,275482,275054,428
5412441,37.72,23.68,453,23360,0.57,0.05,1,275514,275061,453
5415361,21.144,28.736,440,24820,0.586,0.11,1,275531,275091,440
5418281,36.2288,32.9472,446,24820,0.7332,0.17,1,275571,275125,446
5421201,52.0458,19.3894,486,24820,0.76264,0.19,2,275627,275141,486
5424121,12.0092,48.6779,432,24820,0.736528,0.57,1,275629,275197,432
5427041,239.202,232.936,449,24820,0.907306,0.57,2,275925,275476,449
5429961,52.6404,46.5871,455,24820,0.941461,0.57,2,275931,275476,455
5432881,12.1281,14.1174,451,24820,0.964292,0.57,2,275933,275482,451
5435801,28.0256,28.4235,451,26280,0.952858,0.57,2,275965,275514,451
5438721,16.8051,5.6847,465,26280,0.918572,0.59,2,275979,275514,465
5523401,187,259,536,20440,0.89,1,2,277871,277335,536
5611001,217,98,598,20440,0.79,0.05,2,279753,279155,598
5613921,75.4,174,445,21900,0.806,0.07,2,279793,279348,445
5702981,90,228,510,20440,0.39,0.51,1,281697,281187,510
5705901,51.6,116,464,21900,0.47,0.33,1,281739,281275,464
5708821,32.72,56.8,450,23360,0.598,0.17,1,281767,281317,450
5711741,40.944,41.76,455,24820,0.6876,0.23,1,281810,281355,455
5790581,159,238,535,20440,0.69,0.99,1,283610,283075,535
5793501,67,120.4,488,21900,0.754,0.98,2,283654,283166,488
5796421,47.8,57.68,489,23360,0.8148,0.97,2,283697,283208,489
5799341,39.16,41.936,488,24820,0.90696,0.87,2,283734,283246,488
5802261,35.832,39.5872,484,24820,0.893392,0.83,2,283769,283285,484
5866501,34,41,508,26280,0.73,1,1,285123,284615,508
5869421,34.8,37,507,26280,0.554,1,1,285158,284651,507
5872341,46.96,24.2,536,26280,0.5668,1,1,285208,284672,536
5873801,42.992,52.04,519,26280,0.55336,1,1,285250,284731,519
5903001,422.998,483.208,446,17520,0.822672,0.43,2,285768,285322,446
5955561,38,37,507,26280,0.59,1,1,287007,286500,507
5958481,45.2,33.8,521,26280,0.446,1,1,287054,286533,521
5961401,33.04,38.76,511,26280,0.2572,1,1,287084,286573,511
5964321,39.408,43.752,507,26280,0.18744,1,1,287125,286618,507
5967241,45.4816,40.7504,514,26280,0.189488,1,1,287172,286658,514
5970161,41.8963,47.3501,506,26280,0.109898,0.98,1,287213,286707,506
5973081,121.979,150.27,472,26280,0.17398,0.93,1,287355,286883,472
5976001,54.7959,67.654,463,26280,0.266796,0.69,1,287393,286930,463
5978921,34.9592,44.7308,454,26280,0.317359,0.59,1,287423,286969,454
5981841,33.3918,39.3462,449,26280,0.375472,0.41,1,287456,287007,449
5984761,35.4784,45.4692,438,26280,0.419094,0.21,1,287492,287054,438
5987681,27.8957,33.0938,434,26280,0.523819,0.17,1,287518,287084,434
5990601,37.5791,39.4188,433,26280,0.672764,0.19,1,287558,287125,433
5993521,41.9158,45.4838,429,26280,0.686553,0.09,1,287601,287172,429
5996441,37.1832,41.8967,424,26280,0.785311,0.19,2,287637,287213,424
6063601,47,32,526,26280,0.49,1,1,288959,288433,526
6065061,43.8,38.4,529,26280,0.314,1,1,289002,288473,529
6094261,390.36,467.68,431,17520,0.2788,0.01,1,289479,289048,431
6097181,234.072,151.136,554,18980,0.71976,0.01,1,289674,289120,554
6178941,84,46,462,18980,0.57,0.05,1,291604,291142,462
6181861,80,84.4,447,20440,0.666,0.01,1,291683,291236,447
6184781,45.6,49.68,443,21900,0.7652,0.05,2,291720,291277,443
6187701,37.12,37.936,443,23360,0.88104,0.01,2,291755,291312,443
6190621,46.624,41.1872,450,23360,0.920208,0.27,2,291804,291354,450
6266541,39,31,514,26280,0.69,1,1,293300,292786,514
6269461,112.6,119.8,503,26280,0.674,1,1,293431,292928,503
6272381,70.52,85.56,486,26280,0.6708,0.93,1,293491,293005,486
6275301,37.304,46.712,478,26280,0.65416,1,1,293520,293042,478
6278221,60.2608,57.3424,484,26280,0.698832,1,1,293586,293102,484
6281141,33.6522,42.6685,472,26280,0.755766,0.94,2,293613,293141,472
6284061,35.5304,38.9337,470,26280,0.863153,0.85,2,293649,293179,470
6286981,40.7061,42.9867,468,26280,0.916631,0.79,2,293691,293223,468
6354141,45,34,501,27740,0.45,1,1,294963,294462,501
6357061,50.6,62,484,27740,0.418,1,1,295015,294531,484
6359981,49.32,41.2,497,27740,0.3636,1,1,295064,294567,497
6362901,44.264,42.64,497,27740,0.32072,1,1,295107,294610,497
6365821,42.4528,43.728,495,27740,0.296144,1,1,295149,294654,495
6368741,38.0906,44.7456,487,27740,0.355229,0.98,1,295186,294699,487
6371661,30.0181,45.7491,469,27740,0.351046,0.57,1,295214,294745,469
6374581,90.8036,108.35,451,27740,0.398209,0.43,1,295320,294869,451
6377501,52.5607,60.87,445,29200,0.471642,0.43,1,295363,294918,445
6380421,41.7121,12.174,484,29200,0.438328,0.45,1,295402,294918,484
6383341,49.9424,38.4348,491,29200,0.527666,0.41,1,295454,294963,491
6386261,46.7885,49.287,485,29200,0.785533,0.35,2,295500,295015,485
6457801,51,67,438,24820,0.19,0.03,1,297073,296635,438
6470941,77.4,94.2,421,26280,0.27,0.11,1,297157,296736,421
6479701,140.28,140.44,425,26280,0.462,0.23,1,297313,296888,425
6504521,164.056,159.288,431,26280,0.8204,0.19,2,297483,297052,431
6507441,51.2112,48.6576,433,27740,0.92408,0.29,2,297506,297073,433
6641761,74,77,474,29200,0.65,0.27,1,299474,299000,474
6644681,51.6,61.8,462,30660,0.698,0.21,1,299520,299058,462
6647601,55.12,53.16,467,32120,0.8356,0.07,2,299576,299109,467
6869521,62,23,487,26280,0.55,0.37,1,302918,302431,487
6872441,65.2,85.4,452,27740,0.71,0.35,1,302984,302532,452
6875361,45.04,42.68,460,29200,0.822,0.25,2,303024,302564,460
6878281,33.808,42.936,448,29200,0.8284,0.23,2,303055,302607,448
6974641,95,67,510,23360,0.41,0.53,1,304752,304242,510
6977561,100.6,87,520,24820,0.57,0.35,1,304854,304334,520
6980481,64.12,112.6,456,26280,0.778,0.27,2,304909,304453,456
6983401,48.824,54.52,461,27740,0.8196,0.37,2,304954,304493,461
6986321,30.5648,44.504,445,27740,0.82792,0.31,2,304980,304535,445
6989241,30.913,32.1008,447,27740,0.765584,0.31,2,305011,304564,447
6992161,70.9826,16.8202,515,27740,0.897117,0.31,2,305092,304577,515
6995081,15.7965,67.364,437,29200,0.939423,0.41,2,305094,304657,437
7370301,271,331,422,23360,0.48,0.01,1,311448,311026,422
7373221,77.4,88.6,423,24820,0.472,0.15,1,311477,311054,423
7376141,55.48,37.72,448,26280,0.5984,0.17,1,311527,311079,448
7379061,94.296,85.944,454,26280,0.65568,0.45,1,311631,311177,454
7381981,89.2592,81.9888,461,26280,0.795136,0.37,2,311719,311258,461
7469581,44,41,518,27740,0.65,1,1,313265,312747,518
7472501,50.4,47.4,521,27740,0.506,1,1,313317,312796,521
7475421,47.68,44.68,524,27740,0.3652,1,1,313364,312840,524
7478341,44.736,40.136,529,27740,0.22504,1,1,313408,312879,529
7481261,43.3472,39.2272,533,27740,0.149008,1,1,313451,312918,533
7484181,49.4694,47.8454,534,27740,0.181802,1,1,313502,312968,534
7487101,73.8939,57.5691,554,27740,0.23636,1,1,313582,313028,554
7490021,70.7788,85.1138,532,27740,0.247272,0.86,1,313652,313120,532
7492941,38.1558,66.6228,500,27740,0.297454,0.89,1,313682,313182,500
7495861,36.4312,44.5246,497,27740,0.387491,0.65,1,313718,313221,497
7498781,38.4862,44.1049,492,27740,0.565498,0.47,1,313757,313265,492
7501701,40.4972,50.421,481,27740,0.7131,0.33,1,313798,313317,481
7669601,481,601,439,20440,0.13,0.01,1,317321,316882,439
7697341,209.8,248.2,421,20440,0.21,0.13,1,317463,317042,421
7700261,157.96,130.44,465,21900,0.706,0.15,1,317608,317143,465
7703181,58.792,62.088,454,23360,0.8372,0.07,2,317642,317188,454
7792241,149,160,443,20440,0.77,0.43,2,319461,319018,443
7860861,67,87,456,20440,0.69,0.23,1,321168,320712,456
7939701,493,610,443,16060,0.17,0.11,1,322918,322475,443
7960141,322.6,358.8,427,16060,0.586,0.09,1,323198,322771,427
7963061,91.72,90.16,438,17520,0.8612,0.13,2,323232,322794,438
8038981,233,70,629,17520,0.51,0.23,1,325056,324427,629
8041901,116.2,192.4,493,18980,0.766,0.27,2,325143,324650,493
8236081,52,45,528,18980,0.35,1,1,330125,329597,528
8239001,49.6,49,527,18980,0.19,1,1,330174,329647,527
8241921,146.72,47.4,651,18980,0.094,1,1,330345,329694,651
8244841,109.344,151.08,574,18980,0.1868,0.98,1,330445,329871,574
8247761,44.2688,113.416,498,18980,0.37336,0.73,1,330473,329975,498
8250681,43.2538,58.6832,496,18980,0.498672,0.53,1,330516,330020,496
8253601,44.6508,54.1366,488,18980,0.667734,0.35,1,330561,330073,488
8256521,40.9301,52.4273,476,18980,0.781547,0.15,2,330601,330125,476
8309081,57,41,535,21900,0.37,1,1,332017,331482,535
8312001,141,47.4,648,21900,0.178,1,1,332179,331531,648
8314921,62.6,151.08,514,23360,0.1876,1,1,332222,331708,514
8317841,63.72,107.816,481,23360,0.18952,1,1,332286,331805,481
8320761,51.144,66.3632,473,23360,0.253904,0.67,1,332334,331861,473
8323681,35.8288,50.8726,458,23360,0.266781,0.49,1,332366,331908,458
8326601,38.3658,51.7745,445,24820,0.301356,0.49,1,332405,331960,445
8329521,49.2732,10.3549,497,24820,0.356271,0.37,1,332457,331960,497
8332441,128.255,47.671,588,24820,0.623254,0.13,1,332605,332017,588
8335361,27.2509,139.134,428,26280,0.676651,0.19,1,332607,332179,428
8338281,40.6502,62.2268,429,26280,0.91133,0.19,2,332651,332222,429
8405441,63,71,446,23360,0.27,0.53,1,334336,333890,446
8428801,32.6,34.2,446,23360,0.35,0.25,1,334361,333915,446
8431721,71.32,62.84,457,24820,0.542,0.17,1,334442,333985,457
8434641,59.064,68.568,443,26280,0.6764,0.13,1,334498,334055,443
8437561,46.2128,45.7136,446,27740,0.84728,0.11,2,334541,334095,446
8440481,34.0426,39.5427,439,29200,0.897456,0.09,2,334572,334133,439
8500341,38,31,575,33580,0.77,1,2,335626,335051,575
8509101,410,511.8,446,23360,0.306,0.13,1,336129,335683,446
8539761,202,235.96,429,23360,0.5332,0.15,1,336279,335850,429
8542681,113.2,67.192,495,24820,0.80264,0.11,2,336370,335875,495
8936881,52,116,533,21900,0.31,1,1,345037,344504,533
8939801,52,66.4,531,21900,0.31,1,1,345089,344558,531
8942721,47.2,50.88,530,21900,0.31,1,1,345135,344605,530
8945641,36.64,38.176,529,21900,0.31,1,1,345169,344640,529
8948561,47.328,47.6352,529,21900,0.278,1,1,345219,344690,529
8951481,91.0656,54.327,575,21900,0.2876,0.89,1,345321,344746,575
8954401,104.613,95.6654,577,21900,0.49752,0.51,1,345429,344852,577
8957321,56.9226,125.533,489,21900,0.651504,0.31,1,345474,344985,489
8960241,53.7845,66.7066,490,21900,0.778301,0.31,2,345527,345037,490
9018641,56,128,531,21900,0.31,1,1,346873,346342,531
9021561,63.2,74.4,535,23360,0.262,1,1,346938,346403,535
9024481,49.44,55.68,530,23360,0.2204,1,1,346984,346454,530
9027401,44.288,53.536,520,23360,0.26008,1,1,347027,346507,520
9030321,40.0576,45.9072,515,23360,0.268016,1,1,347066,346551,515
9033241,84.8115,45.9814,565,23360,0.365603,0.71,1,347162,346597,565
9036161,91.3623,95.5963,550,23360,0.449121,0.41,1,347255,346705,550
9039081,59.8725,108.719,490,24820,0.657824,0.31,1,347307,346817,490
9042001,13.5745,66.5438,436,24820,0.683565,0.25,1,347309,346873,436
9129601,57,49,464,23360,0.15,0.05,1,348956,348492,464
9132521,89.8,100.2,449,24820,0.198,0.05,1,349054,348605,449
9135441,81.96,84.04,449,26280,0.3196,0.01,1,349134,348685,449
9138361,53.192,56.808,445,27740,0.34392,0.07,1,349180,348735,445
9141281,36.2384,45.7616,434,27740,0.492784,0.01,1,349212,348778,434
9144201,24.0477,18.7523,443,27740,0.506557,0.01,1,349233,348790,443
9332541,92,108,452,20440,0.41,0.57,1,352914,352462,452
9335461,29.6,36,448,21900,0.474,0.57,1,352928,352480,448
9338381,40.32,7.2,491,23360,0.4868,0.43,1,352971,352480,491
9341301,111.264,68.64,536,23360,0.85736,0.25,2,353100,352564,536
9402621,45,49,541,24820,0.53,1,1,354386,353845,541
9405541,44.2,41.8,545,24820,0.482,1,1,354430,353885,545
9408461,43.24,46.76,540,24820,0.3924,1,1,354473,353933,540
9411381,43.848,36.552,550,24820,0.35848,1,1,354517,353967,550
9414301,111.97,62.5104,610,24820,0.383696,1,1,354646,354036,610
9417221,63.1939,123.702,522,24820,0.532739,1,1,354697,354175,522
9420141,48.6388,63.1404,519,24820,0.610548,0.83,1,354742,354223,519
9423061,50.5278,62.2281,508,24820,0.56211,0.59,1,354793,354285,508
9425981,40.5056,57.2456,490,24820,0.616422,0.53,1,354831,354341,490
9428901,43.3011,47.4491,489,24820,0.659284,0.47,1,354875,354386,489
9431821,37.4602,44.6898,481,24820,0.779857,0.37,2,354911,354430,481
9434741,40.292,43.338,479,24820,0.883971,0.35,2,354952,354473,479
9496061,44,49,517,27740,0.45,1,1,356246,355729,517
9498981,56,41.8,536,27740,0.386,1,1,356305,355769,536
9501901,48.8,40.36,543,27740,0.2772,1,1,356352,355809,543
9504821,42.56,48.872,533,27740,0.22344,1,1,356393,355860,533
9507741,27.712,46.5744,511,29200,0.228688,1,1,356417,355906,511
9510661,79.9424,108.515,480,29200,0.309738,0.96,1,356510,356030,480
9513581,41.5885,57.703,467,29200,0.325947,0.73,1,356542,356075,467
9516501,56.3177,67.5406,457,29200,0.42519,0.73,1,356602,356145,457
9519421,52.0635,13.5081,508,30660,0.509038,0.57,1,356653,356145,508
9522341,40.8127,48.3016,489,30660,0.669808,0.45,1,356691,356202,489
9525261,48.1625,44.8603,495,30660,0.837961,0.37,2,356741,356246,495
9599721,87,123,448,26280,0.45,0.45,1,358353,357905,448
9611401,31,41.4,444,26280,0.562,0.09,1,358370,357926,444
9706301,498,614,430,23360,0.37,0.03,1,360130,359700,430
9710681,221.2,250.8,422,23360,0.562,0.07,1,360282,359860,422
9738421,96.24,100.56,424,23360,0.7924,0.07,2,360347,359923,424
9741341,43.248,33.712,437,24820,0.83848,0.11,2,360377,359940,437
9899021,184,120,585,21900,0.15,1,1,363611,363026,585
9901941,76.8,136.8,494,21900,0.214,0.87,1,363661,363167,494
9904861,48.16,70.56,481,21900,0.3868,0.59,1,363702,363221,481
9907781,45.632,56.512,473,23360,0.45336,0.49,1,363747,363274,473
9910701,37.1264,52.1024,457,23360,0.610672,0.43,1,363782,363325,457
9913621,25.8253,45.6205,436,23360,0.690134,0.17,1,363805,363369,436
9916541,45.9651,55.5241,429,23360,0.818027,0.17,2,363856,363427,429
9983701,53,30,462,17520,0.31,0.23,1,365565,365103,462
9986621,50.6,49.2,458,18980,0.518,0.23,1,365615,365157,458
9989541,42.12,45.04,454,20440,0.6396,0.21,1,365655,365201,454
9992461,42.824,47.408,449,20440,0.77592,0.09,2,365698,365249,449
10064001,86,111,465,18980,0.87,0.45,2,367507,367042,465
10119481,50,67,501,23360,0.69,1,1,368709,368208,501
10122401,114.8,123.8,494,23360,0.45,1,1,368840,368346,494
10125321,59.76,64.76,490,23360,0.322,1,1,368886,368396,490
10128241,65.552,61.752,496,23360,0.2484,1,1,368953,368457,496
10131161,45.9104,51.5504,488,23360,0.21768,1,1,368994,368506,488
10134081,39.5821,51.1101,475,23360,0.259536,0.86,1,369032,368557,475
10137001,39.9164,49.422,466,23360,0.315907,0.71,1,369072,368606,466
10139921,39.1833,52.2844,452,23360,0.407181,0.69,1,369111,368659,452
10142841,47.8367,50.4569,452,23360,0.457436,0.39,1,369161,368709,452
10145761,107.167,114.891,443,23360,0.771487,0.29,2,369283,368840,443
10148681,52.6335,59.7783,436,23360,0.834297,0.23,2,369322,368886,436
10204161,49,47,505,23360,0.61,1,1,370461,369956,505
10207081,49,46.2,508,23360,0.594,1,1,370510,370002,508
10210001,52.2,50.84,509,23360,0.4468,1,1,370563,370054,509
10212921,56.04,49.368,517,24820,0.36936,1,1,370620,370103,517
10215841,113.608,125.874,500,24820,0.273872,1,1,370748,370248,500
10218761,50.7216,63.5747,487,24820,0.254774,0.85,1,370783,370296,487
10221681,50.9443,71.1149,465,24820,0.330955,0.75,1,370834,370369,465
10224601,35.7889,48.623,454,24820,0.394191,0.61,1,370866,370412,454
10227521,50.3578,48.9246,459,24820,0.542838,0.59,1,370920,370461,459
10230441,39.6716,48.9849,447,26280,0.756568,0.41,2,370957,370510,447
10233361,43.9343,52.197,439,26280,0.911314,0.41,2,371002,370563,439
10300521,162,178,468,21900,0.45,0.45,1,372666,372198,468
10307821,141.2,163.6,444,23360,0.658,0.47,1,372802,372358,444
10383741,51,35,515,20440,0.89,1,2,374327,373812,515
10386661,51.8,43.8,521,20440,0.842,0.96,2,374379,373858,521
10389581,162.36,174.36,504,20440,0.8804,1,2,374569,374065,504
10456741,43,62,500,20440,0.05,1,1,376129,375629,500
10459661,41.4,46.8,498,20440,0.01,1,1,376170,375672,498
10462581,44.28,54.16,487,20440,0.074,1,1,376215,375728,487
10465501,52.856,47.632,496,21900,0.2308,1,1,376270,375774,496
10468421,36.9712,55.9264,471,21900,0.26216,0.35,1,376303,375832,471
10471341,144.194,172.785,440,21900,0.540432,0.21,1,376474,376034,440
10474261,64.0388,76.1571,432,21900,0.628086,0.05,1,376518,376086,432
10477181,40.0078,49.6314,423,21900,0.773617,0,2,376552,376129,423
10480101,41.6016,42.7263,424,23360,0.818723,0.09,2,376594,376170,424
10560401,48,54,424,20440,0.69,0.01,1,378352,377928,424
10563321,57.6,33.2,456,21900,0.738,0.13,1,378412,377956,456
10627561,121,158,431,20440,0.45,0.01,1,380114,379683,431
10650921,97,110,424,20440,0.578,0,1,380205,379781,424
10653841,60.2,40.4,452,21900,0.7636,0.01,2,380256,379804,452
10805681,46,27,456,17520,0.73,0.21,1,383799,383343,456
10808601,42,56.6,433,18980,0.874,0.19,2,383840,383407,433
10878681,56,28,451,17520,0.93,0.09,2,385693,385242,451
10925401,78,117,536,18980,0.39,1,1,387009,386473,536
10928321,54,73.8,521,18980,0.406,1,1,387057,386536,521
10931241,52.4,54.76,523,18980,0.3292,1,1,387109,386586,523
10934161,63.28,52.552,537,18980,0.20184,1,1,387175,386638,537
10937081,96.656,56.1104,585,18980,0.272368,0.74,1,387280,386695,585
10940001,97.7312,113.622,555,18980,0.430474,0.51,1,387378,386823,555
10942921,76.3462,109.124,518,18980,0.558095,0.39,1,387449,386931,518
10945841,53.6692,84.2249,488,18980,0.871619,0.41,2,387497,387009,488
10995481,63,105,542,21900,0.29,1,1,388828,388286,542
10998401,66.2,101.8,508,21900,0.298,1,1,388895,388387,508
11001321,55.64,61.96,509,23360,0.2276,1,1,388948,388439,509
11004241,42.328,57.192,492,23360,0.29352,1,1,388987,388495,492
11007161,53.2656,64.2384,482,23360,0.418704,0.81,1,389043,388561,482
11010081,71.4531,88.0477,464,23360,0.539741,0.81,1,389119,388655,464
11013001,87.0906,17.6095,555,24820,0.771948,0.51,2,389210,388655,555
11262661,506,588,431,16060,0.59,0.05,1,394444,394013,431
11399901,114,92,452,17520,0.05,0.09,1,397948,397496,452
11402821,178,120,519,18980,0.498,0.15,1,398142,397623,519
11405741,71.6,104,464,18980,0.7636,0.09,2,398187,397723,464
11459761,59,217,524,18980,0.03,1,1,399607,399083,524
11462681,57.4,82.6,532,18980,0.062,1,1,399664,399132,532
11465601,62.68,64.52,536,18980,0.0844,1,1,399728,399192,536
11468521,41.336,54.504,520,18980,0.02488,1,1,399764,399244,520
11471441,47.4672,48.5008,522,18980,0.092976,0.86,1,399813,399291,522
11474361,137.493,55.3002,625,18980,0.506595,0.17,1,399973,399348,625
11477281,72.2987,171.06,481,18980,0.645319,0.03,1,400029,399548,481
11480201,60.0597,81.412,479,18980,0.713064,0.07,1,400086,399607,479
11483121,64.8119,61.8824,488,18980,0.886613,0.09,2,400152,399664,488
11534221,54,52,564,26280,0.51,1,1,401504,400940,564
11563421,410.8,507.2,443,17520,0.782,0.23,2,402004,401561,443
11775121,122,117,426,14600,0.87,0.09,2,407478,407052,426
11834981,26,24,434,14600,0.77,0.23,2,409309,408875,434
11925501,255,222,566,16060,0.31,1,1,412517,411951,566
11928421,84.6,105.2,532,16060,0.278,1,1,412559,412027,532
11931341,68.92,69.84,536,16060,0.4956,1,1,412624,412088,536
11934261,48.984,61.968,520,16060,0.53912,0.85,1,412668,412148,520
11937181,45.7968,57.9936,508,16060,0.611824,0.63,1,412713,412205,508
11978061,54,81,488,17520,0.41,1,1,414034,413546,488
11980981,65.2,53,510,18980,0.314,1,1,414102,413592,510
11983901,61.04,56.2,513,18980,0.2468,1,1,414162,413649,513
11986821,177.808,197.64,487,18980,0.15336,0.92,1,414369,413882,487
11989741,58.7616,70.728,477,20440,0.134672,0.75,1,414398,413921,477
11992661,45.3523,61.3456,460,20440,0.130934,0.41,1,414440,413980,460
11995581,37.0705,55.4691,441,20440,0.130187,0.41,1,414475,414034,441
11998501,57.0141,11.0938,503,21900,0.290037,0.29,1,414537,414034,503
12001421,56.2028,56.6188,491,21900,0.498007,0.23,1,414593,414102,491
12056901,23,26,469,20440,0.21,0.59,1,416254,415785,469
12064201,98.2,117.2,446,17520,0.482,0.25,1,416371,415925,446
12145961,94,37,520,18980,0.25,0.21,1,418149,417629,520
12148881,67.6,105,459,20440,0.41,0.09,1,418210,417751,459
12151801,53.52,72.2,445,20440,0.586,0.07,1,418260,417815,445
12154721,61.904,58.44,454,21900,0.7652,0.09,2,418324,417870,454
12220421,56,209,480,17520,0.51,0.35,1,420036,419556,480
12223341,48,95.4,459,18980,0.574,0.17,1,420082,419623,459
12226261,59.2,68.68,459,20440,0.7308,0.13,1,420144,419685,459
12229181,54.24,56.936,458,20440,0.89016,0.13,2,420197,419739,458
12291961,50,106,482,17520,0.79,0.55,2,421917,421435,482
12294881,57.2,70,480,18980,0.838,0.41,2,421976,421496,480
12363501,61,123,451,17520,0.77,0.07,2,423804,423353,451
12435041,63,144,456,17520,0.67,0.05,1,425705,425249,456
12437961,55,79.2,446,18980,0.814,0.19,2,425758,425312,446
12686161,140,121,466,16060,0.95,0.13,2,432934,432468,466
12754781,148,124,459,16060,0.59,0.13,1,434844,434385,459
12757701,60,72,438,17520,0.75,0.07,2,434882,434444,438
12824861,52,24,455,16060,0.85,0.25,2,436748,436293,455
12935821,496,601,442,13140,0.41,0.21,1,440166,439724,442
13093501,60,55,537,16060,0.59,1,1,445163,444626,537
13096421,196.8,192.6,541,16060,0.446,1,1,445394,444853,541
13099341,80.96,83.32,537,16060,0.4492,1,1,445446,444909,537
13102261,64.192,65.464,536,16060,0.56184,0.79,1,445506,444970,536
13105181,55.2384,69.0928,519,16060,0.616368,0.71,1,445559,445040,519
13108101,54.2477,64.2186,510,16060,0.675274,0.59,1,445613,445103,510
13154821,60,61,513,17520,0.53,1,1,447059,446546,513
13157741,181.6,195.4,496,18980,0.418,1,1,447271,446775,496
13160661,50.72,62.28,485,18980,0.4276,1,1,447289,446804,485
13163581,64.544,63.656,489,18980,0.42952,0.88,1,447357,446868,489
13166501,46.5088,63.1312,468,20440,0.541904,0.65,1,447399,446931,468
13169421,48.5018,67.0262,449,20440,0.580381,0.53,1,447448,446999,449
13172341,54.5004,61.4052,445,20440,0.652076,0.53,1,447504,447059,445
13216141,75,66,485,18980,0.09,1,1,449039,448554,485
13226361,109.4,114,477,18980,0.074,0.17,1,449157,448680,477
13230741,184.28,225.2,427,17520,0.4548,0.19,1,449360,448933,427
13309581,94,88,462,17520,0.45,0.13,1,451070,450608,462
13312501,65.2,69.6,455,18980,0.594,0.05,1,451128,450673,455
13315421,65.04,69.12,451,18980,0.7188,0.07,1,451193,450742,451
13318341,62.608,61.024,454,20440,0.82376,0.05,2,451255,450801,454
13500841,43,32,463,14600,0.71,0.21,1,456540,456077,463
13503761,60.6,59.2,462,16060,0.758,0.17,2,456605,456143,462
13506681,47.32,55.84,451,17520,0.8956,0.21,2,456649,456198,451
13568001,283,219,518,14600,0.65,0.15,1,458492,457974,518
13570921,91,136.6,445,16060,0.73,0.27,1,458535,458090,445
13573841,51.8,67.32,437,17520,0.842,0.29,2,458577,458140,437
13690641,43,29,460,14600,0.59,0.09,1,462059,461599,460
13693561,57.4,51.4,464,16060,0.638,0.25,1,462120,461656,464
13753421,57,173,449,16060,0.79,0.11,2,463939,463490,449
13756341,66.6,82.6,458,17520,0.822,0.15,2,464008,463550,458
13877521,51,32,485,14600,0.39,0.47,1,467535,467050,485
13880441,118.2,145.6,446,16060,0.71,0.35,1,467670,467224,446
13934461,53,204,476,16060,0.45,0.43,1,469335,468859,476
13937381,53.8,88,471,17520,0.578,0.31,1,469389,468918,471
13940301,55.56,68.8,463,18980,0.7476,0.21,1,469445,468982,463
14001621,54,152,450,16060,0.71,0.05,1,471224,470774,450
14315521,60,57,494,13140,0.47,0.67,1,481844,481350,494
14318441,49.6,60.2,480,14600,0.646,0.43,1,481891,481411,480
14321361,29.92,62.44,442,16060,0.6972,0.39,1,481916,481474,442
14372461,61,66,452,13140,0.75,0.03,2,483809,483357,452
14461521,61,51,529,16060,0.63,1,1,486835,486306,529
14464441,66.6,57.4,538,16060,0.374,1,1,486903,486365,538
14467361,180.52,196.28,516,16060,0.1788,1,1,487112,486596,516
14470281,97.704,70.456,554,16060,0.23576,0.88,1,487189,486635,554
14473201,56.3408,77.2912,521,16060,0.215152,0.89,1,487235,486714,521
14476121,50.4682,63.4582,510,16060,0.37103,0.63,1,487284,486774,510
14479041,53.2936,61.4916,503,16060,0.418206,0.31,1,487338,486835,503
14524301,55,53,544,17520,0.25,1,1,488778,488234,544
14527221,164.6,57.8,677,17520,0.09,1,1,488970,488293,677
14530141,72.12,172.36,525,18980,0.154,1,1,489019,488494,525
14533061,51.224,111.272,475,18980,0.1988,0.79,1,489065,488590,475
14535981,55.0448,78.2544,461,18980,0.28776,0.49,1,489121,488660,461
14538901,45.409,66.0509,441,20440,0.513552,0.25,1,489164,488723,441
14541821,45.0818,57.2102,431,20440,0.67071,0.05,1,489209,488778,431
14832361,119,129,501,18980,0.59,0.41,1,496187,495686,501
14835281,75,97,476,20440,0.654,0.23,1,496251,495775,476
14838201,67.8,82.6,463,21900,0.8428,0.09,2,496317,495854,463
14908281,106,123,494,18980,0.45,0.79,1,498000,497506,494
14911201,82,88.6,490,20440,0.53,0.65,1,498076,497586,490
14914121,66.8,76.92,479,21900,0.754,0.59,2,498139,497660,479
14917041,62.16,66.584,476,21900,0.8628,0.45,2,498200,497724,476
14972521,56,88,502,23360,0.53,1,1,499440,498938,502
14975441,64,60,515,23360,0.354,1,1,499506,498991,515
14978361,68.8,68.8,514,23360,0.2388,1,1,499576,499062,514
14981281,56.16,60.16,509,23360,0.23176,0.99,1,499629,499120,509
14984201,68.832,64.832,515,23360,0.246352,1,1,499701,499186,515
14987121,50.5664,60.9664,501,23360,0.28127,0.78,1,499747,499246,501
14990041,39.7133,67.3933,469,23360,0.448254,0.69,1,499784,499315,469
14992961,51.1427,68.6787,454,23360,0.737651,0.53,1,499838,499384,454
14995881,49.4285,58.5357,447,23360,0.90753,0.31,2,499887,499440,447
15057201,71,67,506,24820,0.43,1,1,501199,500693,506
15060121,68.6,65.4,509,24820,0.302,1,1,501267,500758,509
15063041,68.92,65.08,513,24820,0.1484,1,1,501336,500823,513
15065961,59.384,59.416,512,24820,0.26168,0.89,1,501393,500881,512
15068881,36.6768,60.6832,482,26280,0.300336,1,1,501424,500942,482
15071801,56.1354,64.9366,477,26280,0.292067,0.75,1,501485,501008,477
15074721,44.8271,63.3873,456,26280,0.370413,0.75,1,501527,501071,456
15077641,48.9654,12.6775,506,26280,0.418083,0.63,1,501577,501071,506
15080561,57.7931,48.1355,509,26280,0.507617,0.43,1,501637,501128,509
15083481,61.9586,66.4271,501,27740,0.733523,0.27,1,501700,501199,501
15138961,79,91,466,23360,0.41,1,1,503173,502707,466
15150641,43,43.8,468,23360,0.346,0.75,1,503207,502739,468
15155021,173.4,181.56,458,23360,0.4932,0.49,1,503413,502955,458
15175461,104.28,119.512,441,23360,0.68264,0.49,1,503500,503059,441
15178381,52.856,51.9024,446,24820,0.768528,0.41,2,503540,503094,446
15236781,89,98,465,20440,0.37,0.51,1,505150,504685,465
15249921,51.4,70.8,443,21900,0.498,0.37,1,505192,504749,443
15336061,126,99,518,20440,0.59,0.07,1,506950,506432,518
15338981,68.4,113.4,455,21900,0.654,0.03,1,507004,506549,455
15341901,68.88,75.48,458,23360,0.7468,0.09,1,507073,506615,458
15344821,63.376,70.296,451,23360,0.90936,0.15,2,507135,506684,451
15484981,67,28,495,17520,0.51,0.41,1,510680,510185,495
15487901,66.2,74.4,475,18980,0.686,0.47,1,510746,510271,475
15537541,84,111,547,18980,0.01,1,1,512058,511511,547
15540461,97.6,88.6,565,18980,0.026,1,1,512159,511594,565
15543381,76.32,96.12,538,18980,0.1572,0.93,1,512230,511692,538
15546301,52.064,66.424,525,18980,0.16744,1,1,512276,511751,525
15549221,51.2128,57.2848,521,18980,0.281488,0.73,1,512327,511806,521
15552141,64.6426,61.857,526,18980,0.464298,0.03,1,512395,511869,526
15555061,80.1285,96.3714,505,18980,0.46886,0.01,1,512479,511974,505
15557981,97.6257,86.4743,523,18980,0.645772,0.03,1,512581,512058,523
15607621,64,74,526,21900,0.43,1,1,513840,513314,526
15610541,67.2,73.2,521,23360,0.27,1,1,513908,513387,521
15613461,99.84,116.24,502,23360,0.118,1,1,514016,513514,502
15616381,80.768,88.048,497,23360,0.0956,1,1,514092,513595,497
15619301,44.1536,17.6096,532,24820,0.12312,1,1,514127,513595,532
15622221,54.4307,44.3219,538,24820,0.240624,0.85,1,514184,513646,538
15625141,50.0861,62.4644,520,24820,0.264125,0.79,1,514233,513713,520
15628061,48.4172,62.8929,505,26280,0.380825,0.43,1,514281,513776,505
15630981,11.2834,63.7786,443,26280,0.388165,0.23,1,514283,513840,443
15633901,47.0567,67.1557,431,26280,0.581633,0.08,1,514339,513908,431
15636821,91.8113,99.8311,426,26280,0.652327,0.09,1,514442,514016,426
15696681,56,58,466,23360,0.45,0.65,1,516011,515545,466
15701061,47.2,62.8,447,23360,0.546,0.39,1,516056,515609,447
15703981,28.64,37.36,440,23360,0.5972,0.27,1,516080,515640,440
15714201,25.728,34.672,431,23360,0.67144,0.15,1,516105,515674,431
15788661,116,124,421,20440,0.77,0.05,2,518004,517583,421
15793041,52.8,49.6,427,20440,0.898,0.15,2,518041,517614,427
15883561,59,31,459,17520,0.75,0.07,2,519855,519396,459
15886481,35,58.2,423,18980,0.782,0.21,2,519884,519461,423
16001821,67,57,561,18980,0.31,1,1,522906,522345,561
16004741,129.4,64.2,640,18980,0.102,1,1,523051,522411,640
16007661,75.48,139.24,544,18980,0.1724,1,1,523113,522569,544
16010581,63.896,81.448,538,18980,0.25048,1,1,523174,522636,538
16013501,55.9792,69.8896,525,18980,0.554096,0.65,1,523228,522703,525
16016421,51.1958,73.1779,501,18980,0.662819,0.45,1,523278,522777,501
16019341,58.2392,64.2356,499,18980,0.860564,0.31,2,523338,522839,499
16066061,72,64,541,21900,0.17,1,1,524622,524081,541
16068981,66.4,70.4,534,23360,0.122,1,1,524687,524153,534
16071901,54.88,61.28,527,23360,0.0324,1,1,524739,524212,527
16074821,50.176,60.256,516,23360,0.17448,0.97,1,524788,524272,516
16077741,80.4352,117.651,472,23360,0.282896,0.97,1,524876,524404,472
16080661,61.687,23.5302,529,24820,0.320579,0.57,1,524933,524404,529
16083581,61.1374,70.306,508,24820,0.488116,0.51,1,524994,524486,508
16086501,54.6275,65.2612,497,26280,0.745623,0.17,1,525047,524550,497
16089421,12.5255,70.6522,427,26280,0.781125,0.11,2,525049,524622,427
16153661,52,62,451,23360,0.37,0.35,1,526753,526302,451
16158041,51.2,67.6,433,23360,0.498,0.21,1,526804,526371,433
16160961,31.84,36.72,431,23360,0.5236,0.12,1,526831,526400,431
16165341,30.368,34.544,427,23360,0.70472,0.07,1,526861,526434,427
16248561,65,94,443,20440,0.39,0.21,1,528665,528222,443
16269001,80.2,98,428,20440,0.582,0.15,1,528749,528321,428
16333241,105,94,489,17520,0.47,0.51,1,530394,529905,489
16336161,77,90.8,469,18980,0.566,0.27,1,530464,529995,469
16339081,56.2,68.56,457,20440,0.7612,0.15,2,530515,530058,457
16410621,81,52,479,17520,0.87,0.49,2,532344,531865,479
16413541,47.4,58.4,458,18980,0.902,0.35,2,532383,531925,458
16606261,57,64,459,16060,0.67,0.13,1,537670,537211,459
16609181,61,64,457,17520,0.894,0,2,537732,537275,457
16612101,56.2,63.2,449,17520,0.8908,0.11,2,537787,537338,449
16822341,67,60,538,18980,0.49,1,1,544496,543958,538
16825261,55.8,58.4,533,18980,0.554,1,1,544549,544016,533
16828181,51.16,58.88,524,18980,0.4868,1,1,544599,544075,524
16831101,130.232,50.176,626,18980,0.66536,1,1,544749,544123,626
16834021,84.4464,133.235,545,18980,0.765072,0.77,2,544822,544277,545
16889501,95,82,559,18980,0.13,1,1,546315,545756,559
16892421,61.4,71.6,543,18980,0.242,1,1,546368,545825,543
16895341,64.28,64.72,545,18980,0.3124,0.92,1,546433,545888,545
16898261,54.456,64.944,532,18980,0.31048,1,1,546485,545953,532
16901181,74.8912,62.5888,550,20440,0.470096,0.41,1,546565,546015,550
16904101,83.7782,101.318,525,20440,0.710019,0.17,1,546651,546126,525
17171281,53,124,478,16060,0.31,0.33,1,553684,553206,478
17174201,50.6,79.2,460,17520,0.486,0.11,1,553734,553274,460
17177121,56.52,67.84,453,18980,0.5852,0.01,1,553792,553339,453
17180041,33.704,60.768,422,18980,0.60504,0.17,1,553820,553398,422
17238441,56,189,465,16060,0.51,0.05,1,555595,555130,465
17241361,52.8,91.4,450,17520,0.622,0.03,1,555647,555197,450
17244281,56.96,65.48,449,18980,0.7244,0.01,1,555705,555256,449
17247201,28.192,49.896,424,18980,0.88888,0.41,2,555726,555302,424
17361081,59,34,489,14600,0.59,0.35,1,559157,558668,489
17530441,66,64,456,16060,0.63,0.03,1,564597,564141,456
17533361,68.4,65.6,459,16060,0.854,0.11,2,564666,564207,459
17578621,69,65,550,16060,0.25,1,1,566093,565543,550
17581541,68.2,70.6,546,16060,0.378,1,1,566161,565615,546
17584461,57.64,68.52,533,16060,0.3556,1,1,566216,565683,533
17587381,149.928,62.504,645,16060,0.57512,0.41,1,566389,565744,645
17590301,91.5856,174.901,519,16060,0.795024,0.41,2,566466,565947,519
17639941,63,92,525,21900,0.77,1,2,567915,567390,525
17642861,63,59.2,537,23360,0.706,1,1,567978,567441,537
17645781,77.4,62.24,555,23360,0.6292,1,1,568059,567504,555
17648701,51.48,68.448,530,24820,0.67784,1,1,568104,567574,530
17651621,47.096,62.4896,515,24820,0.639568,0.87,1,568150,567635,515
17720241,87,101,445,23360,0.85,0.47,2,569962,569517,445
17822441,22,25,456,20440,0.59,0.47,1,571658,571202,456
17825361,80.4,74.6,464,21900,0.766,0.33,2,571753,571289,464
17908581,127,91,546,18980,0.75,0.33,2,573619,573073,546
17981581,28,33,431,16060,0.89,0.21,2,575398,574967,431
