#Ack,ack_ewma(ms),send_ewma(ms),rtt_ratio,cwnd (Bytes),Last Router Ocupation Ack Arriaval(Packets),Last Router Ocupation Packet Sent(Packets),Network Situation,AckArrival(ms),TSInsideAck(ms),RTTAck(ms)
55481,3.8063,3.30632,429,42340,0.096572,0.11,1,161710,161281,429
70081,116.019,0.736577,623,49640,0.296871,0.23,1,161910,161287,623
75921,147.083,178.078,426,52560,0.403899,0.13,1,162126,161700,426
78841,60.0332,71.2311,428,54020,0.41956,0.13,1,162128,161700,428
81761,25.2133,29.6925,428,55480,0.449824,0.13,1,162130,161702,428
87601,5.71412,5.23079,430,58400,0.442772,0.13,1,162134,161704,430
90521,3.48565,3.29232,430,59860,0.435109,0.09,1,162136,161706,430
93441,2.59426,2.51693,430,61320,0.444044,0.09,1,162138,161708,430
119721,120.2,115.795,443,74460,0.760669,0.39,2,162353,161910,443
122641,49.2801,46.318,445,75920,0.802267,0.41,2,162355,161910,445
125561,20.912,20.3272,444,77380,0.818907,0.43,2,162357,161913,444
128481,135.565,135.931,443,78840,0.885563,0.43,2,162569,162126,443
420821,90.0931,104.174,451,51920,0.0724,0.53,1,164227,163776,451
426621,63.6372,75.2694,441,62920,0.09496,0.35,1,164273,163832,441
445961,50.502,59.3231,430,56300,0.0763936,0.11,1,164363,163933,430
513761,35.8008,42.3292,425,56300,0.0605574,0.05,1,164389,163964,425
516681,146.32,112.332,486,62953,0.042223,0.01,1,164609,164123,486
519601,83.1281,107.333,423,62986,0.0588892,0.01,1,164650,164227,423
522521,34.4512,42.9331,425,63019,0.0655557,0.01,1,164652,164227,425
525441,14.9805,17.1732,427,63052,0.0682223,0.01,1,164654,164227,427
528361,7.1922,6.86929,429,63085,0.0692889,0.01,1,164656,164227,429
531281,4.07688,2.74772,431,63118,0.0937156,0.11,1,164658,164227,431
534201,49.0308,28.6991,464,63151,0.0554862,0.05,1,164737,164273,464
537121,64.0123,65.4796,448,63184,0.0521945,0.05,1,164811,164363,448
540041,27.4049,41.7919,425,63217,0.0628778,0.05,1,164814,164389,425
542961,12.162,16.7167,427,63250,0.0671511,0.05,1,164816,164389,427
545881,6.06479,6.6867,429,63283,0.0688604,0.05,1,164818,164389,429
548801,3.62591,2.67468,431,63316,0.0695442,0.05,1,164820,164389,431
551721,2.65037,1.06987,433,63349,0.0698177,0.05,1,164822,164389,433
554641,2.26015,0.427948,435,63382,0.0699271,0.05,1,164824,164389,435
557561,2.10406,0.171179,437,63415,0.0699708,0.05,1,164826,164389,437
560481,2.04162,0.0684717,439,63448,0.0699883,0.05,1,164828,164389,439
563401,2.01665,0.0273887,441,63481,0.0699953,0.05,1,164830,164389,441
566321,2.00666,0.0109555,443,63514,0.0699981,0.05,1,164832,164389,443
569241,2.00266,0.00438219,445,63547,0.0699993,0.05,1,164834,164389,445
572161,2.00107,0.00175288,447,63580,0.0699997,0.05,1,164836,164389,447
575081,2.00043,0.00070115,449,63613,0.0699999,0.05,1,164838,164389,449
577621,117.8,0.00028046,644,63646,0.0579999,0.03,1,165033,164389,644
580541,71.7201,132,465,63679,0.0652,0.07,1,165074,164609,465
583461,29.888,77.4,426,63712,0.06808,0.07,1,165076,164650,426
586381,13.1552,32.16,426,63745,0.069232,0.07,1,165078,164652,426
589301,6.46208,14.064,426,63778,0.0816928,0.07,1,165080,164654,426
592221,3.78483,6.8256,426,63811,0.0866771,0.11,1,165082,164656,426
638941,117.2,2.00043,618,64339,0.074,0.05,1,165456,164838,618
641861,72.6801,117.8,466,64372,0.0716,0.07,1,165499,165033,466
644781,30.272,71.7201,427,64405,0.04664,0.07,1,165501,165074,427
647701,13.3088,29.888,427,64438,0.036656,0.07,1,165503,165076,427
650621,6.52352,13.1552,427,64471,0.0326624,0.09,1,165505,165078,427
653541,3.80941,6.46208,427,64504,0.031065,0.09,1,165507,165080,427
656461,50.1238,3.78483,506,64537,0.042426,0.11,1,165588,165082,506
659381,63.2495,48.9139,499,64570,0.0589704,0.11,1,165660,165161,499
662301,27.6998,63.3656,430,64603,0.0655882,0.11,1,165664,165234,430
665221,12.2799,27.7462,428,64635,0.0682353,0.11,1,165666,165238,428
668141,6.11197,12.2985,428,64667,0.0812941,0.11,1,165668,165240,428
671061,3.64479,6.1194,428,64699,0.0865176,0.11,1,165670,165242,428
673981,2.65791,3.64776,428,64731,0.0886071,0.11,1,165672,165244,428
676901,2.26317,2.6591,428,64763,0.0894428,0.11,1,165674,165246,428
679821,2.10527,2.26364,428,64795,0.0897771,0.11,1,165676,165248,428
682741,2.04211,2.10546,428,64827,0.0899108,0.11,1,165678,165250,428
685661,2.01684,2.04218,428,64859,0.0899643,0.11,1,165680,165252,428
688581,2.00674,2.01687,428,64891,0.0899857,0.11,1,165682,165254,428
691501,2.00269,2.00675,428,64923,0.0899943,0.11,1,165684,165256,428
694421,2.00108,2.0027,428,64955,0.0899977,0.11,1,165686,165258,428
697341,2.00043,2.00108,428,64987,0.0899991,0.11,1,165688,165260,428
700261,2.00017,2.00043,428,65019,0.0899996,0.05,1,165690,165262,428
703181,114.8,117.2,424,65051,0.0419999,0.07,1,165880,165456,424
706101,71.12,72.6801,423,65083,0.0347999,0.03,1,165922,165499,423
709021,29.648,30.272,423,65115,0.05592,0.03,1,165924,165501,423
711941,13.0592,13.3088,423,65147,0.064368,0.03,1,165926,165503,423
714861,6.42368,6.52352,423,65179,0.0677472,0.03,1,165928,165505,423
717781,3.76947,3.80941,423,65211,0.0450989,0.05,1,165930,165507,423
720701,50.7078,50.1238,424,65243,0.0840396,0.07,1,166012,165588,424
723621,64.6831,63.2495,426,65275,0.0756158,0.07,1,166086,165660,426
726541,28.2732,27.6998,426,65307,0.0722463,0.07,1,166090,165664,426
729461,12.5093,12.2799,426,65339,0.0708985,0.09,1,166092,165666,426
732381,6.20372,6.11197,426,65371,0.0703594,0.09,1,166094,165668,426
735301,3.68149,3.64479,426,65403,0.0701438,0.09,1,166096,165670,426
738221,2.67259,2.65791,426,65435,0.0700575,0.09,1,166098,165672,426
741141,2.26904,2.26317,426,65467,0.070023,0.09,1,166100,165674,426
744061,2.10762,2.10527,426,65499,0.0700092,0.09,1,166102,165676,426
746981,2.04305,2.04211,426,65531,0.0700037,0.09,1,166104,165678,426
749901,2.01722,2.01684,426,65563,0.0700015,0.09,1,166106,165680,426
752821,2.00689,2.00674,426,65595,0.0700006,0.09,1,166108,165682,426
755741,2.00275,2.00269,426,65627,0.0700002,0.09,1,166110,165684,426
758661,2.0011,2.00108,426,65659,0.0700001,0.09,1,166112,165686,426
761581,2.00044,2.00043,426,65691,0.07,0.09,1,166114,165688,426
764501,2.00018,2.00017,426,65723,0.07,0.01,1,166116,165690,426
767421,112.4,114.8,422,65755,0.058,0.03,1,166302,165880,422
770341,70.76,71.12,423,65787,0.0412,0.07,1,166345,165922,423
773261,29.504,29.648,423,65819,0.07048,0.07,1,166347,165924,423
776181,13.0016,13.0592,423,65851,0.082192,0.07,1,166349,165926,423
779101,6.40064,6.42368,423,65883,0.0868768,0.03,1,166351,165928,423
782021,3.76026,3.76947,423,65915,0.0887507,0.11,1,166353,165930,423
837501,29.312,70.6832,425,66523,0.20424,0.09,1,166770,166345,425
840421,12.9248,29.4733,425,66555,0.207696,0.09,1,166772,166347,425
843341,6.36992,12.9893,425,66587,0.209078,0.09,1,166774,166349,425
846261,3.74797,6.39572,425,66619,0.209631,0.09,1,166776,166351,425
849181,53.6992,3.75829,510,66650,0.221853,0.15,1,166863,166353,510
852101,67.0797,51.9033,502,66681,0.262741,0.19,1,166939,166437,502
855021,29.2319,65.1613,432,66712,0.279096,0.15,1,166943,166511,432
857941,12.8927,28.4645,430,66743,0.285639,0.15,1,166945,166515,430
860861,6.3571,12.5858,430,66774,0.288255,0.19,1,166947,166517,430
863781,3.74284,6.23432,430,66805,0.289302,0.15,1,166949,166519,430
866701,2.69714,3.69373,430,66836,0.289721,0.15,1,166951,166521,430
869621,2.27885,2.67749,430,66867,0.289888,0.15,1,166953,166523,430
872541,2.11154,2.271,430,66898,0.289955,0.15,1,166955,166525,430
875461,2.04462,2.1084,430,66929,0.289982,0.15,1,166957,166527,430
878381,2.01785,2.04336,430,66960,0.289993,0.15,1,166959,166529,430
881301,2.00714,2.01734,430,66991,0.289997,0.15,1,166961,166531,430
884221,2.00286,2.00694,430,67022,0.289999,0.15,1,166963,166533,430
887141,2.00114,2.00278,430,67053,0.29,0.15,1,166965,166535,430
890061,2.00046,2.00111,430,67084,0.29,0.15,1,166967,166537,430
892981,2.00018,2.00044,430,67115,0.29,0.15,1,166969,166539,430
907581,6.43904,12.9248,433,67270,0.405162,0.21,1,167205,166772,433
910501,3.77562,6.36992,433,67301,0.408065,0.21,1,167207,166774,433
913421,54.3102,3.74797,519,67332,0.421226,0.23,1,167295,166776,519
916341,69.1241,53.6992,511,67363,0.43849,0.29,1,167374,166863,511
919261,30.0496,67.0797,439,67394,0.445396,0.29,1,167378,166939,439
922181,13.2199,29.2319,437,67425,0.448158,0.29,1,167380,166943,437
925101,6.48794,12.8927,437,67456,0.449263,0.29,1,167382,166945,437
928021,3.79518,6.3571,437,67487,0.449705,0.29,1,167384,166947,437
930941,2.71807,3.74284,437,67518,0.449882,0.29,1,167386,166949,437
933861,2.28723,2.69714,437,67549,0.449953,0.29,1,167388,166951,437
936781,2.11489,2.27885,437,67580,0.449981,0.29,1,167390,166953,437
939701,2.04596,2.11154,437,67611,0.449992,0.29,1,167392,166955,437
942621,2.01838,2.04462,437,67642,0.449997,0.29,1,167394,166957,437
945541,2.00735,2.01785,437,67673,0.449999,0.29,1,167396,166959,437
948461,2.00294,2.00714,437,67704,0.45,0.29,1,167398,166961,437
951381,2.00118,2.00286,437,67735,0.45,0.29,1,167400,166963,437
954301,2.00047,2.00114,437,67766,0.45,0.29,1,167402,166965,437
957221,2.00019,2.00046,437,67797,0.45,0.29,1,167404,166967,437
1097381,47.84,47.12,450,69269,0.754,0.61,2,168490,168040,450
1100301,46.736,46.448,450,69299,0.7876,0.61,2,168536,168086,450
1103221,19.8944,18.5792,452,69329,0.80104,0.61,2,168538,168086,452
1106141,9.15776,8.63168,452,69359,0.782416,0.61,2,168540,168088,452
1109061,4.8631,4.65267,452,69389,0.774966,0.61,2,168542,168090,452
1111981,3.14524,3.06107,452,69419,0.795987,0.61,2,168544,168092,452
1114901,57.6581,2.42443,544,69449,0.792395,0.63,2,168638,168094,544
1117821,71.6632,56.1698,533,69479,0.802958,0.71,2,168719,168186,533
1120741,31.0653,69.8679,458,69509,0.807183,0.67,2,168723,168265,458
1123661,13.6261,30.3472,456,69539,0.808873,0.67,2,168725,168269,456
1126581,6.65045,13.3389,456,69569,0.809549,0.71,2,168727,168271,456
1129501,3.86018,6.53555,456,69599,0.80982,0.67,2,168729,168273,456
1132421,2.74407,3.81422,456,69629,0.809928,0.67,2,168731,168275,456
1135341,2.29763,2.72569,456,69659,0.809971,0.67,2,168733,168277,456
1138261,2.11905,2.29027,456,69689,0.809988,0.67,2,168735,168279,456
1141181,2.04762,2.11611,456,69719,0.809995,0.67,2,168737,168281,456
1144101,2.01905,2.04644,456,69749,0.809998,0.67,2,168739,168283,456
1147021,2.00762,2.01858,456,69779,0.809999,0.67,2,168741,168285,456
1149941,2.00305,2.00743,456,69809,0.81,0.67,2,168743,168287,456
1152861,2.00122,2.00297,456,69839,0.81,0.67,2,168745,168289,456
1155781,2.00049,2.00119,456,69869,0.81,0.67,2,168747,168291,456
1158701,2.0002,2.00048,456,69899,0.81,0.67,2,168749,168293,456
1161621,119.6,2.00019,652,69929,0.858,0.77,2,168947,168295,652
1164541,49.04,116.6,461,69959,0.8772,0.77,2,168949,168488,461
1167461,47.216,47.84,505,69989,0.89688,0.81,2,168995,168490,505
1476981,8.97083,4.11226,505,73128,0.865594,1,2,171118,170613,505
1479901,5.98833,2.8449,507,73157,0.844238,1,2,171122,170615,507
1482821,13.1953,2.33796,523,73186,0.865695,1,2,171140,170617,523
1485741,9.47813,2.13518,528,73215,0.868278,1,2,171147,170619,528
1488661,21.1913,2.05407,555,73244,0.785311,1,2,171176,170621,555
1490121,19.2765,2.02163,571,73273,0.752124,1,2,171194,170623,571
1571881,88.0897,91.8334,462,35160,0.078616,0.27,1,171753,171291,462
1574801,69.4359,68.5334,466,35220,0.0614464,0.01,1,171810,171344,466
1577721,54.7744,64.6133,449,35280,0.0245786,0.01,1,171855,171406,449
1580641,47.1097,52.8453,446,35340,0.00983142,0.13,1,171897,171451,446
1598161,19.4202,22.6714,424,35698,0.0725529,0.05,1,172072,171648,424
1601081,17.3681,16.2686,428,35757,0.0710212,0.09,1,172088,171660,428
1604001,26.1472,28.1074,424,35816,0.0944085,0.01,1,172120,171696,424
1639041,28.4433,26.1454,427,36518,0.439123,0.17,1,172547,172120,427
1653641,72.826,67.6655,441,36808,0.88234,0.41,2,172846,172405,441
1773361,26.9144,24.3487,518,39091,0.785014,1,2,174387,173869,518
1782121,22.1705,23.3263,496,39253,0.880881,1,2,174438,173942,496
1785041,25.6682,36.3305,479,39307,0.826352,1,2,174466,173987,479
1787961,24.6673,28.9322,479,39361,0.780541,1,2,174490,174011,479
1793801,36.8268,45.1892,474,39469,0.781287,0.89,2,174585,174111,474
1796721,52.5307,57.0757,472,39523,0.750515,0.51,2,174648,174176,472
1808401,52.7096,32.7859,473,39735,0.429661,1,1,174837,174364,473
1811321,35.4838,26.9144,474,39788,0.429864,0.99,1,174861,174387,474
1817161,15.7574,16.4263,470,39894,0.403578,0.83,1,174882,174412,470
1820081,21.903,22.1705,470,39947,0.431431,0.79,1,174908,174438,470
1907681,35.5339,49.0047,478,41503,0.781428,0.63,2,175944,175466,478
1910601,15.4135,34.6019,455,41554,0.774571,0.67,2,175946,175491,455
1913521,40.3654,48.0407,455,41605,0.795829,0.65,2,176003,175548,455
1916441,48.5462,52.2163,454,41656,0.804331,0.61,2,176057,175603,454
1919361,38.6185,40.0865,454,41707,0.807733,0.67,2,176089,175635,454
1922281,31.6474,31.6346,455,41758,0.833093,0.69,2,176116,175661,455
1925201,51.659,51.0538,456,41809,0.831237,0.69,2,176181,175725,456
1928121,36.2636,36.0215,456,41859,0.818495,0.69,2,176207,175751,456
1931041,18.7054,18.0086,457,41909,0.825398,0.71,2,176214,175757,457
1933961,15.8822,15.6034,457,41959,0.828159,0.71,2,176228,175771,457
1936881,23.1529,23.0414,457,42009,0.829264,0.71,2,176256,175799,457
1939801,27.2611,27.2166,457,42059,0.865705,0.73,2,176286,175829,457
1942721,24.7045,24.0866,458,42109,0.868282,0.75,2,176309,175851,458
1945641,51.2818,49.8346,460,42159,0.833313,0.81,2,176378,175918,460
1948561,37.3127,35.5339,462,42209,0.843325,0.77,2,176406,175944,462
1951481,16.1251,15.4135,462,42259,0.82333,0.81,2,176408,175946,462
1954401,40.65,40.3654,462,42309,0.851332,0.81,2,176465,176003,462
1957321,48.66,48.5462,462,42359,0.898533,0.81,2,176519,176057,462
2144201,30.5686,27.8521,486,45439,0.888133,1,2,178629,178143,486
2147121,26.6275,22.5408,491,45485,0.889253,1,2,178653,178162,491
2150041,28.051,23.4163,496,45531,0.853701,1,2,178682,178186,496
2152961,27.4204,19.5665,506,45577,0.79148,1,2,178709,178203,506
2176321,25.3381,28.0251,473,45945,0.43,0.87,1,178970,178497,473
2179241,28.7352,11.21,504,45991,0.274,1,1,179001,178497,504
2185081,28.9576,36.1136,494,46083,0.06904,0.86,1,179068,178574,494
2188001,26.5831,28.8454,495,46129,0.069616,0.88,1,179093,178598,495
2190921,23.2332,30.1382,485,46175,0.0338464,0.89,1,179114,178629,485
2193841,24.8933,26.4553,487,46221,0.0435386,0.83,1,179140,178653,487
2196761,23.7573,27.9821,481,46267,0.0234154,0.75,1,179163,178682,481
2199681,31.7029,27.3928,491,46313,0.0513662,0.65,1,179200,178709,491
2202601,27.6812,33.7571,478,46359,0.0385465,0.53,1,179225,178747,478
2205521,27.2725,31.5029,475,46404,0.0334186,0.51,1,179252,178777,475
2208441,32.509,28.2011,485,46449,0.0193674,0.49,1,179288,178803,485
2211361,42.4036,34.0805,496,46494,0.061747,0.55,1,179337,178841,496
2214281,33.7614,43.0322,475,46539,0.0786988,0.51,1,179365,178890,475
2231801,26.732,28.9576,448,46809,0.0789099,0.07,1,179516,179068,448
2234721,22.6928,26.5831,443,46854,0.097564,0.01,1,179536,179093,443
2237641,25.8771,23.2332,450,46899,0.0810256,0.05,1,179564,179114,450
2240561,22.9508,24.8933,445,46944,0.0384102,0.01,1,179585,179140,445
2243481,31.9803,23.7573,460,46989,0.0333641,0.07,1,179623,179163,460
2246401,27.1921,31.7029,447,47034,0.0313456,0.03,1,179647,179200,447
2249321,27.6769,27.6812,450,47079,0.0665383,0.03,1,179675,179225,450
2252241,33.2707,27.2725,460,47124,0.0686153,0.01,1,179712,179252,460
2255161,43.3083,32.509,474,47169,0.0814461,0.09,1,179762,179288,474
2293121,27.0763,27.1921,423,47746,0.0727235,0.09,1,180070,179647,423
2301881,43.9489,43.3083,426,47878,0.0903343,0.13,1,180188,179762,426
2304801,35.5796,34.1233,428,47922,0.0781337,0.11,1,180218,179790,428
2307721,31.0318,31.0493,427,47966,0.0612535,0.11,1,180246,179819,427
2310641,22.0127,22.0197,427,48010,0.0545014,0.11,1,180262,179835,427
2313561,20.8051,20.8079,427,48054,0.0518006,0.13,1,180282,179855,427
2316481,32.322,31.7232,428,48098,0.0747202,0.13,1,180322,179894,428
2319401,14.1288,13.8893,428,48142,0.0838881,0.17,1,180324,179896,428
2322321,17.6515,17.5557,428,48186,0.0995552,0.13,1,180344,179916,428
2342761,30.4195,29.4305,426,48493,0.441489,0.13,1,180527,180101,426
2407001,20.9224,21.8884,467,49439,0.761383,0.57,2,181153,180686,467
2409921,32.3689,20.7554,487,49482,0.766553,0.57,2,181193,180706,487
2412841,14.1476,32.3021,449,49525,0.768621,0.53,2,181195,180746,449
2415761,17.659,14.1209,467,49568,0.769449,0.51,2,181215,180748,467
2418681,22.6636,18.2483,472,49611,0.781779,0.55,2,181241,180769,472
2421601,22.2654,22.8993,468,49653,0.798712,0.51,2,181263,180795,468
2424521,26.3062,22.3597,475,49695,0.817485,0.53,2,181292,180817,475
2427441,29.7225,25.1439,480,49737,0.896994,0.59,2,181324,180844,480
2612861,28.7942,19.9677,540,52377,0.79791,1,2,183194,182654,540
2672721,92.8508,97.4459,457,24266,0.0839463,0,1,183776,183319,457
2675641,68.9403,77.3784,446,24353,0.0515785,0.03,1,183829,183383,446
2678561,82.7761,74.1513,466,24440,0.0206314,0.01,1,183921,183455,466
2681481,70.9105,74.6605,454,24527,0.00825256,0.03,1,183984,183530,454
2684401,66.1642,64.6642,459,24613,0.021301,0.03,1,184047,183588,459
2687321,39.0657,60.0657,423,24699,0.0265204,0.01,1,184068,183645,423
2690241,25.8263,29.4263,431,24785,0.0106082,0,1,184085,183654,431
2693161,47.5305,53.7705,423,24871,0.0102433,0.05,1,184147,183724,423
2696081,50.2122,52.7082,423,24956,0.0340973,0.03,1,184199,183776,423
2699001,51.8849,52.8833,423,25041,0.0196389,0,1,184252,183829,423
2701921,75.354,76.3533,422,25126,0.00785557,0,1,184343,183921,422
2704841,68.5416,68.3413,423,25210,0.00914223,0.03,1,184407,183984,423
2707761,65.2166,65.1365,423,25294,0.0456569,0.03,1,184470,184047,423
2710681,38.0867,38.6546,422,25378,0.0602628,0,1,184490,184068,422
2713601,26.6347,25.6618,424,25461,0.0301051,0,1,184509,184085,424
2716521,46.0539,10.2647,483,25544,0.030042,0.01,1,184568,184085,483
2719441,49.6215,41.3059,473,25627,0.0420168,0.05,1,184620,184147,473
2722361,51.6486,47.7224,474,25710,0.0348067,0.01,1,184673,184199,474
2725281,75.2594,50.8889,512,25792,0.0139227,0,1,184764,184252,512
2728201,68.5038,74.9556,485,25874,0.0115691,0.01,1,184828,184343,485
2731121,65.8015,68.3822,485,25956,0.0346276,0.07,1,184892,184407,485
2734041,37.7206,65.1529,441,26038,0.031851,0.07,1,184911,184470,441
2736961,26.4882,38.0612,440,26119,0.0427404,0.01,1,184930,184490,440
2739881,45.9953,26.6245,480,26200,0.0470962,0.03,1,184989,184509,480
2742801,49.5981,46.0498,473,26281,0.0488385,0.05,1,185041,184568,473
2745721,51.6392,49.6199,474,26362,0.0375354,0.03,1,185094,184620,474
2748641,75.2557,51.648,512,26442,0.0210142,0,1,185185,184673,512
2751561,68.5023,75.2592,485,26522,0.0264057,0.01,1,185249,184764,485
2754481,67.0009,68.5037,487,26602,0.0405623,0.05,1,185315,184828,487
2757401,37.6004,65.8015,441,26682,0.0462249,0.03,1,185333,184892,441
2760321,26.4401,37.7206,441,26761,0.03649,0.05,1,185352,184911,441
2763241,46.5761,26.4882,482,26840,0.032596,0.05,1,185412,184930,482
2766161,19.8304,45.9953,425,26919,0.0310384,0.05,1,185414,184989,425
2769081,37.3322,49.5981,422,26998,0.0184154,0.03,1,185463,185041,422
2772001,46.7329,51.6392,422,27076,0.0253661,0.01,1,185516,185094,422
2774921,73.2931,75.2557,422,27154,0.0161465,0.03,1,185607,185185,422
2777841,68.3173,68.5023,423,27232,0.0124586,0.05,1,185672,185249,423
2780761,67.5269,67.0009,424,27310,0.0349834,0.05,1,185739,185315,424
2783681,37.8108,37.6004,424,27388,0.0559934,0.03,1,185757,185333,424
2786601,25.9243,26.4401,423,27465,0.0403973,0.03,1,185775,185352,423
2789521,46.9697,46.5761,424,27542,0.0461589,0.03,1,185836,185412,424
2792441,19.9879,19.8304,424,27619,0.0484636,0.01,1,185838,185414,424
2795361,36.1952,37.3322,422,27696,0.0253854,0.03,1,185885,185463,422
2798281,46.2781,46.7329,422,27772,0.0641542,0.01,1,185938,185516,422
2801201,73.1112,73.2931,422,27848,0.0316617,0.01,1,186029,185607,422
2804121,68.2445,68.3173,422,27924,0.0306647,0.05,1,186094,185672,422
2807041,68.0978,67.5269,423,28000,0.0302659,0.07,1,186162,185739,423
2809961,38.0391,37.8108,423,28076,0.0541064,0.03,1,186180,185757,423
2812881,26.0156,25.9243,423,28151,0.0636425,0.05,1,186198,185775,423
2815801,46.4063,46.9697,422,28226,0.091457,0.05,1,186258,185836,422
2821641,36.105,36.1952,422,28376,0.0710331,0.01,1,186307,185885,422
2824561,46.842,14.4781,476,28451,0.0764133,0.09,1,186361,185885,476
2827481,72.1368,37.5912,512,28525,0.0485653,0.01,1,186450,185938,512
2830401,67.8547,69.6365,486,28599,0.0494261,0.03,1,186515,186029,486
2833321,68.5419,66.8546,490,28673,0.0377704,0.03,1,186584,186094,490
2836241,38.2168,67.5418,440,28747,0.0451082,0.07,1,186602,186162,440
2839161,26.0867,37.8167,440,28821,0.0480433,0.07,1,186620,186180,440
2842081,47.6347,25.9267,484,28894,0.0492173,0.11,1,186682,186198,484
2845001,20.2539,46.3707,426,28967,0.0496869,0.11,1,186684,186258,426
2847921,35.1015,19.7483,469,29040,0.0618748,0.05,1,186729,186260,469
2853761,70.6562,46.8397,510,29186,0.0615,0.03,1,186871,186361,510
2856681,67.2625,72.1359,486,29259,0.0426,0.05,1,186936,186450,486
2859601,69.505,67.8544,492,29331,0.02304,0.03,1,187007,186515,492
2862521,38.602,68.5417,441,29403,0.027216,0.05,1,187025,186584,441
2865441,26.2408,38.2167,441,29475,0.0288864,0.05,1,187043,186602,441
2868361,47.6963,26.0867,485,29547,0.0415546,0.05,1,187105,186620,485
2871281,20.2785,47.6347,425,29619,0.0466218,0.05,1,187107,186682,425
2874201,35.7114,20.2539,469,29690,0.0606487,0.07,1,187153,186684,469
2888801,62.0927,69.505,422,30045,0.0815778,0.03,1,187429,187007,422
2891721,36.2371,38.602,423,30115,0.0626311,0.03,1,187448,187025,423
2894641,25.2948,26.2408,423,30185,0.0430525,0.05,1,187466,187043,423
2897561,47.9179,47.6963,424,30255,0.059221,0.05,1,187529,187105,424
2900481,20.3672,20.2785,424,30325,0.0416884,0.07,1,187531,187107,424
2903401,36.3469,35.7114,425,30395,0.0706754,0.13,1,187578,187153,425
2906321,51.7387,49.6846,428,30465,0.0702701,0.15,1,187640,187212,428
2909241,70.4955,69.0738,429,30534,0.0701081,0.15,1,187723,187294,429
2912161,29.3982,28.8295,429,30603,0.0460432,0.17,1,187725,187296,429
2941361,29.2903,29.3982,424,31288,0.204,0.03,1,188149,187725,424
2944281,51.3161,11.7593,490,31356,0.2436,0.17,1,188215,187725,490
2947201,58.9264,41.9037,492,31423,0.29544,0.17,1,188279,187787,492
2973481,53.8063,29.2884,500,32023,0.420498,0.27,1,188649,188149,500
3046481,20.5774,19.9055,455,33635,0.787552,0.73,2,189657,189202,455
3049401,47.2309,46.3622,456,33698,0.825021,0.69,2,189722,189266,456
3052321,20.0924,19.7449,456,33761,0.840008,0.73,2,189724,189268,456
3055241,38.037,37.898,456,33824,0.822003,0.71,2,189774,189318,456
3058161,54.8148,55.3592,455,33887,0.826801,0.73,2,189840,189385,455
3061081,73.5259,71.9437,458,33949,0.85272,0.73,2,189926,189468,458
3064001,30.6104,29.9775,458,34011,0.887088,0.71,2,189928,189470,458
3192481,38.3952,51.0289,469,36646,0.79384,1,2,191723,191254,469
3195401,72.3581,75.0116,473,36704,0.419536,1,1,191818,191345,473
3201241,49.7373,46.8019,490,36819,0.0695257,1,1,191911,191421,490
3204161,64.8949,64.3207,489,36876,0.0458103,1,1,191986,191497,489
3207081,48.758,40.7283,502,36933,0.0183241,1,1,192024,191522,502
3210001,36.3032,27.6913,511,36990,0.00732965,1,1,192052,191541,511
3212921,26.5213,30.2765,499,37047,0.0209319,1,1,192072,191573,499
3215841,16.6085,28.3106,482,37104,0.0143727,1,1,192082,191600,482
3218761,16.8434,23.9242,478,37161,0.0237491,1,1,192099,191621,478
3221681,18.1374,9.5697,497,37218,0.0154996,0.84,1,192118,191621,497
3224601,19.8549,21.2279,489,37275,0.0121999,0.93,1,192139,191650,489
3227521,28.942,24.6912,497,37332,0.0228799,0.71,1,192174,191677,497
3230441,54.1768,37.4765,522,37389,0.063152,0.17,1,192245,191723,522
3233361,47.4707,71.9906,470,37446,0.0552608,0.01,1,192288,191818,470
3236281,45.3883,58.1962,465,37502,0.0221043,0,1,192332,191867,465
3239201,63.1553,49.6785,496,37558,0.0508417,0.03,1,192407,191911,496
3242121,50.4621,64.8714,463,37614,0.0383367,0,1,192449,191986,463
3245041,36.3848,48.7486,452,37670,0.0213347,0,1,192476,192024,452
3247961,24.7539,36.2994,441,37726,0.00853387,0.03,1,192493,192052,441
3250881,15.9016,26.5198,431,37782,0.0454135,0.01,1,192503,192072,431
3268401,46.6672,54.1768,464,38118,0.0958692,0.05,1,192709,192245,464
3271321,45.6669,47.4707,466,38173,0.0383477,0,1,192754,192288,466
3274241,62.6667,45.3883,496,38228,0.0453391,0.07,1,192828,192332,496
3277161,50.8667,63.1553,464,38283,0.0361356,0.03,1,192871,192407,464
3280081,35.9467,50.4621,448,38338,0.0204543,0.01,1,192897,192449,448
3283001,26.3787,36.3848,441,38393,0.0141817,0,1,192917,192476,441
3285921,18.3515,24.7539,437,38448,0.0356727,0.07,1,192930,192493,437
3288841,18.1406,15.9016,445,38503,0.0562691,0.15,1,192948,192503,445
3291761,19.2562,16.5606,448,38558,0.0765076,0.11,1,192968,192520,448
3297601,8.841,20.0497,428,38668,0.0974412,0.13,1,192989,192561,428
3309281,45.1159,45.6669,423,38886,0.0578865,0.05,1,193177,192754,423
3312201,61.8464,62.6667,422,38940,0.0651546,0.03,1,193250,192828,422
3315121,51.1385,50.8667,423,38994,0.0320618,0.01,1,193294,192871,423
3318041,36.0554,35.9467,423,39048,0.0128247,0.01,1,193320,192897,423
3320961,26.4222,26.3787,423,39102,0.00512989,0.05,1,193340,192917,423
3323881,19.5689,18.3515,425,39156,0.020052,0.07,1,193355,192930,425
3326801,19.2275,18.1406,426,39210,0.0260208,0.09,1,193374,192948,426
3329721,19.691,19.2562,426,39264,0.0524083,0.13,1,193394,192968,426
3332641,19.8764,19.1025,427,39318,0.0389633,0.09,1,193414,192987,427
3335561,9.15056,8.841,427,39372,0.0335853,0.13,1,193416,192989,427
3338481,24.6602,23.9364,428,39426,0.0434341,0.15,1,193451,193023,428
3341401,50.6641,50.9746,427,39480,0.0713737,0.15,1,193519,193092,427
3344321,43.6656,43.7898,427,39533,0.0705495,0,1,193558,193131,427
3347241,42.0663,45.1159,422,39586,0.0462198,0.07,1,193599,193177,422
3350161,61.2265,61.8464,423,39639,0.0364879,0.01,1,193673,193250,423
3353081,50.2906,51.1385,422,39692,0.0145952,0,1,193716,193294,422
3356001,35.7162,36.0554,422,39745,0.0238381,0,1,193742,193320,422
3358921,26.2865,26.4222,422,39798,0.0275352,0.03,1,193762,193340,422
3361841,19.5146,19.5689,422,39851,0.0290141,0.03,1,193777,193355,422
3364761,19.2058,19.2275,422,39904,0.0296056,0.07,1,193796,193374,422
3367681,20.2823,19.691,423,39957,0.0418423,0.03,1,193817,193394,423
3370601,19.5129,19.8764,422,40010,0.0587369,0.03,1,193836,193414,422
3373521,9.00517,9.15056,422,40063,0.0654948,0.03,1,193838,193416,422
3376441,25.2021,3.66022,458,40116,0.0921979,0.05,1,193874,193416,458
3391041,49.8017,61.1703,464,40378,0.0433185,0,1,194137,193673,464
3393961,35.5207,50.2681,447,40430,0.0353274,0.03,1,194163,193716,447
3396881,26.2083,35.7072,441,40482,0.032131,0.03,1,194183,193742,441
3399801,19.4833,26.2829,436,40534,0.0428524,0.03,1,194198,193762,436
3402721,19.7933,19.5132,441,40586,0.035141,0.03,1,194218,193777,441
3405641,21.1173,19.2053,444,40638,0.0440564,0.05,1,194240,193796,444
3408561,19.2469,20.2821,441,40690,0.0596226,0.07,1,194258,193817,441
3411481,8.89877,19.5128,424,40742,0.065849,0.07,1,194260,193836,424
3420241,44.0575,50.8808,468,40898,0.221894,0.19,1,194410,193942,468
3423161,39.823,43.1523,467,40950,0.250758,0.21,1,194447,193980,467
3426081,59.1292,41.2609,499,41002,0.214303,0.05,1,194519,194020,499
3431921,34.4207,49.8017,447,41104,0.0618885,0.03,1,194584,194137,447
3434841,25.7683,35.5207,441,41155,0.0247554,0.03,1,194604,194163,441
3437761,19.3073,26.2083,436,41206,0.0159022,0.05,1,194619,194183,436
3440681,20.3229,19.4833,442,41257,0.0243609,0.03,1,194640,194198,442
3443601,22.5292,19.7933,446,41308,0.0277443,0.05,1,194664,194218,446
3446521,19.8117,21.1173,442,41359,0.0290977,0.07,1,194682,194240,442
3449441,9.12467,19.2469,426,41410,0.0296391,0.07,1,194684,194258,426
3452361,33.0499,8.89877,473,41461,0.0298556,0.13,1,194733,194260,473
3455281,55.8199,29.3595,501,41512,0.0779423,0.23,1,194804,194303,501
3458201,23.528,53.1438,434,41563,0.0971769,0.25,1,194806,194372,434
3475721,23.9967,25.7683,422,41868,0.0984812,0.01,1,195026,194604,422
3478641,18.5987,19.3073,422,41918,0.0693925,0.03,1,195041,194619,422
3481561,20.6395,20.3229,423,41968,0.057757,0.03,1,195063,194640,423
3484481,22.6558,22.5292,423,42018,0.0291028,0.03,1,195087,194664,423
3487401,19.8623,19.8117,423,42068,0.0416411,0.03,1,195105,194682,423
3490321,9.14493,9.12467,423,42118,0.0466564,0.03,1,195107,194684,423
3493241,33.658,33.0499,424,42168,0.0366626,0.11,1,195157,194733,424
3496161,57.8632,55.8199,427,42218,0.032665,0.11,1,195231,194804,427
3499081,24.3453,23.528,427,42268,0.031066,0.15,1,195233,194806,427
3502001,32.5381,32.2112,427,42318,0.0424264,0.11,1,195271,194844,427
3504921,36.4152,35.6845,428,42368,0.0469706,0.13,1,195310,194882,428
3507841,54.7661,55.0738,427,42418,0.0367882,0.13,1,195377,194950,427
3510761,41.7064,41.2295,428,42468,0.0567153,0.15,1,195410,194982,428
3513681,31.0826,31.4918,427,42518,0.0766861,0.07,1,195434,195007,427
3516601,22.633,23.9967,425,42568,0.0966744,0.05,1,195451,195026,425
3519521,16.2532,18.5987,422,42618,0.0806698,0.05,1,195463,195041,422
3531201,9.08488,9.14493,422,42815,0.0951371,0.03,1,195529,195107,422
3534121,33.634,33.658,422,42864,0.0920549,0.03,1,195579,195157,422
3548721,54.5259,28.6061,488,43109,0.207851,0.03,1,195798,195310,488
3551641,42.8103,51.6424,456,43158,0.245141,0.07,1,195833,195377,456
3554561,31.5241,40.457,447,43207,0.260056,0.09,1,195857,195410,447
3557481,23.4097,30.5828,441,43256,0.278022,0.11,1,195875,195434,441
3560401,17.1639,22.4331,437,43305,0.273209,0.07,1,195888,195451,437
3583761,33.1083,24.3413,467,43694,0.422123,0.17,1,196122,195655,467
3715161,38.7707,38.0799,454,45814,0.790646,0.65,2,197508,197054,454
3718081,57.5083,58.432,452,45860,0.838258,0.65,2,197578,197126,452
3721001,24.2033,24.5728,452,45906,0.881303,0.65,2,197580,197128,452
3723921,32.4813,9.82911,490,45952,0.874521,0.63,2,197618,197128,490
3726841,27.3925,27.9316,474,45998,0.895809,0.63,2,197642,197168,474
4081621,349.374,368.045,516,23360,0.43,1,1,201733,201217,516
4125421,108.34,125.127,466,24090,0.094,0.83,1,201863,201397,466
4128341,81.1359,68.0508,499,24178,0.0796,0.61,1,201926,201427,499
4137101,60.6807,82.1393,437,24440,0.0739744,0.01,1,202102,201665,437
4140021,37.4723,49.0557,432,24527,0.0295898,0,1,202124,201692,432
4142941,33.5889,34.0223,439,24613,0.0178359,0,1,202155,201716,439
4145861,39.2356,32.2089,451,24699,0.0371344,0.03,1,202198,201747,451
4148781,67.2942,47.0836,480,24785,0.0448537,0.07,1,202284,201804,480
4151701,67.1177,92.0334,425,24871,0.0719415,0.13,1,202351,201926,425
4157541,60.0588,60.4453,434,25041,0.233511,0.01,1,202474,202040,434
4160461,54.0235,61.3781,422,25126,0.291404,0,1,202524,202102,422
4166301,33.9638,33.7005,425,25294,0.283025,0.05,1,202580,202155,425
4169221,38.1855,39.2802,423,25378,0.22721,0.05,1,202621,202198,423
4172141,66.8742,67.3121,423,25461,0.204884,0.05,1,202707,202284,423
4175061,67.5497,26.9248,491,25544,0.231954,0.09,1,202775,202284,491
4198421,71.3368,66.8477,503,26200,0.770353,0.25,2,203210,202707,503
4201341,78.3347,67.5391,518,26281,0.872141,0.45,2,203293,202775,518
4286021,61.1095,48.3757,535,28525,0.8428,1,2,204841,204306,535
4288941,43.6438,58.9503,501,28599,0.76312,1,2,204873,204372,501
4303541,51.686,78.7237,505,28967,0.293462,1,1,205153,204648,505
4306461,41.6744,47.6895,513,29040,0.231385,1,1,205188,204675,513
4312301,56.2279,52.2703,526,29186,0.0490216,0.79,1,205300,204774,526
4315221,41.0912,61.1081,490,29259,0.0736086,0.71,1,205331,204841,490
4318141,30.8365,43.6432,482,29331,0.0714435,0.65,1,205355,204873,482
4321061,36.3346,34.8573,493,29403,0.0585774,0.71,1,205395,204902,493
4323981,68.5338,37.3429,544,29475,0.077431,0.55,1,205485,204941,544
4326901,70.0135,75.5372,514,29547,0.0489724,0.39,1,205556,205042,514
4388221,65.4786,64.4771,454,31016,0.759122,0.67,2,206495,206041,454
4391141,47.7914,47.9908,453,31084,0.789649,0.65,2,206531,206078,453
4394061,41.3166,40.7963,454,31152,0.765859,0.73,2,206568,206114,454
4396981,54.3266,52.9185,456,31220,0.780344,0.73,2,206631,206175,456
4399901,22.9307,22.3674,456,31288,0.810138,0.73,2,206633,206177,456
4402821,27.1723,8.94696,486,31356,0.798055,0.69,2,206663,206177,486
4405741,24.0689,22.1788,477,31423,0.805222,0.67,2,206685,206208,477
4408661,32.4276,22.6715,492,31490,0.832089,0.67,2,206723,206231,492
4411581,72.371,31.8686,553,31557,0.878835,0.77,2,206822,206269,553
4414501,69.7484,69.1474,527,31624,0.897534,0.75,2,206890,206363,527
4613061,47.9853,51.5889,474,35887,0.863489,1,2,209854,209380,474
4615981,31.7941,34.4355,472,35946,0.843396,0.97,2,209875,209403,472
4618901,49.9176,51.5742,471,36005,0.835358,0.96,2,209937,209466,471
4621821,39.7671,38.0297,475,36064,0.844143,1,2,209970,209495,475
4624741,29.7068,30.8119,472,36123,0.823657,1,2,209993,209521,472
4627661,28.6827,29.1248,472,36182,0.821463,1,2,210021,209549,472
4630581,30.0731,33.2499,467,36240,0.814585,1,2,210052,209585,467
4633501,28.8292,29.5,468,36298,0.787834,0.96,2,210080,209612,468
4636421,42.7317,41.8,470,36356,0.777134,0.93,2,210132,209662,470
4639341,21.8927,21.52,470,36414,0.772853,0.95,2,210140,209670,470
4642261,40.5571,40.408,470,36472,0.783141,0.89,2,210193,209723,470
4645181,75.6228,77.9632,466,36530,0.811257,0.83,2,210292,209826,466
4648101,42.8491,47.9853,459,36588,0.810503,0.83,2,210313,209854,459
4651021,32.1397,31.7941,463,36646,0.834201,0.83,2,210338,209875,463
4653941,48.2559,49.9176,460,36704,0.86768,0.85,2,210397,209937,460
4776581,32.6497,29.9366,505,39048,0.87952,1,2,211987,211482,505
4779501,27.4599,42.5746,478,39102,0.849808,1,2,212011,211533,478
4791181,44.9398,51.8115,473,39318,0.224363,1,1,212212,211739,473
4799941,32.7561,27.3879,493,39480,0.0505992,1,1,212317,211824,493
4802861,28.1025,30.7552,485,39533,0.0862397,1,1,212342,211857,485
4808701,27.8964,31.5608,476,39639,0.0989983,0.88,1,212399,211923,476
4832061,38.9615,44.9759,423,40063,0.0860911,0.09,1,212680,212257,423
4834981,34.1846,17.9904,454,40116,0.0524364,0.09,1,212711,212257,454
4837901,32.2738,24.5961,456,40169,0.0269746,0.01,1,212742,212286,456
4840821,27.3095,28.4385,449,40222,0.0287898,0.11,1,212766,212317,449
4843741,30.1238,26.3754,456,40274,0.0295159,0.13,1,212798,212342,456
4846661,27.6495,28.5502,452,40326,0.0178064,0.09,1,212824,212372,452
4849581,22.4598,27.6201,444,40378,0.0371225,0.11,1,212843,212399,444
4852501,28.7839,23.048,457,40430,0.056849,0.15,1,212876,212419,457
4855421,22.9136,27.8192,445,40482,0.0407396,0.11,1,212895,212450,445
4858341,34.9654,23.1277,468,40534,0.0222958,0.11,1,212938,212470,468
4861261,31.9862,35.0511,455,40586,0.0509183,0.11,1,212968,212513,455
4864181,55.9945,32.0204,497,40638,0.0503673,0.11,1,213040,212543,497
4867101,37.9978,56.0082,451,40690,0.0381469,0.11,1,213066,212615,451
4870021,37.3991,37.4033,463,40742,0.0812588,0.07,1,213103,212640,463
4872941,32.9596,38.9613,453,40794,0.0385035,0.03,1,213133,212680,453
4875861,31.7839,34.1845,453,40846,0.0154014,0.01,1,213164,212711,453
4878781,28.3135,32.2738,448,40898,0.0481606,0.03,1,213190,212742,448
4881701,29.9254,27.3095,455,40950,0.0612642,0.03,1,213221,212766,455
4884621,28.1702,30.1238,450,41002,0.0905057,0.01,1,213248,212798,450
4910901,32.1358,37.3991,451,41461,0.0781538,0.01,1,213554,213103,451
4913821,31.4543,32.9596,452,41512,0.0612615,0,1,213585,213133,452
4916741,13.7817,31.7839,423,41563,0.0545046,0.07,1,213587,213164,423
4919661,22.3127,28.3135,425,41614,0.0278018,0.07,1,213615,213190,425
4922581,28.7251,29.9254,427,41665,0.0411207,0.11,1,213648,213221,427
4925501,27.69,28.1702,427,41716,0.0464483,0.11,1,213675,213248,427
4928421,22.476,22.0681,428,41767,0.0485793,0.15,1,213694,213266,428
4931341,28.7904,28.0272,429,41818,0.0374317,0.13,1,213727,213298,429
4934261,24.1162,23.2109,430,41868,0.0689727,0.11,1,213748,213318,430
4978061,37.1946,34.2465,429,42618,0.200373,0.17,1,214218,213789,429
4980981,34.0778,33.4986,428,42668,0.230149,0.17,1,214250,213822,428
4983901,56.8311,56.5994,428,42717,0.26606,0.17,1,214322,213894,428
4986821,35.9325,35.8398,428,42766,0.280424,0.19,1,214344,213916,428
4989741,36.573,35.9359,429,42815,0.27417,0.17,1,214381,213952,429
4992661,29.0292,29.3744,428,42864,0.271668,0.13,1,214405,213977,428
4995581,30.2117,29.7497,429,42913,0.282667,0.17,1,214436,214007,429
4998501,13.2847,13.0999,429,42962,0.287067,0.13,1,214438,214009,429
5021861,35.0158,37.139,463,43354,0.414356,0.25,1,214681,214218,463
5071501,37.8381,36.5625,484,44174,0.755587,0.51,2,215261,214777,484
5074421,30.7352,37.425,472,44222,0.764235,0.51,2,215287,214815,472
5077341,32.0941,29.37,481,44270,0.791694,0.55,2,215320,214839,481
5080261,14.0376,30.948,451,44318,0.802678,0.55,2,215322,214871,451
5083181,21.2151,13.5792,475,44366,0.807071,0.59,2,215348,214873,475
5086101,29.486,21.6317,483,44414,0.808828,0.59,2,215383,214900,483
5089021,28.5944,28.4527,478,44461,0.833531,0.59,2,215411,214933,478
5091941,12.6378,28.1811,452,44508,0.843413,0.61,2,215413,214961,452
5094861,15.8551,22.0724,452,44555,0.847365,0.59,2,215431,214979,452
5097781,29.142,32.229,451,44602,0.860946,0.61,2,215469,215018,451
5100701,26.6568,26.6916,453,44649,0.890378,0.63,2,215494,215041,453
5103621,40.6627,40.6766,453,44696,0.866151,0.67,2,215544,215091,453
5106541,37.8651,35.4707,457,44743,0.868461,0.75,2,215580,215123,457
5109461,63.146,60.9883,459,44790,0.893384,0.75,2,215660,215201,459
5305101,30.0185,27.8938,506,47841,0.898739,1,2,217757,217251,506
5308021,28.2074,24.9575,510,47885,0.857496,1,2,217784,217274,510
5363501,128.549,95.1973,505,21997,0.0963997,0.05,1,218469,217964,505
5366421,103.62,111.879,469,22093,0.0685599,0.05,1,218556,218087,469
5369341,80.4479,95.7516,449,22189,0.045424,0.01,1,218621,218172,449
5372261,59.7792,68.3006,445,22285,0.0241696,0.05,1,218667,218222,445
5375181,35.9117,42.3202,440,22380,0.0156678,0.09,1,218687,218247,440
5378101,29.9647,33.7281,438,22475,0.0242671,0.01,1,218713,218275,438
5381021,50.3859,43.4912,452,22569,0.0637069,0.07,1,218777,218325,452
5383941,88.5543,45.5965,519,22663,0.0674827,0.03,1,218891,218372,519
5386861,88.2217,76.4386,510,22757,0.0449931,0.05,1,218979,218469,510
5389781,73.6887,82.7754,487,22850,0.0359972,0.03,1,219043,218556,487
5392701,57.6755,72.1102,469,22943,0.0323989,0.01,1,219090,218621,469
5395621,33.8702,56.4441,441,23035,0.0309596,0.01,1,219108,218667,441
5398541,30.9481,34.5776,450,23127,0.0303838,0.03,1,219137,218687,450
5401461,51.3792,29.431,489,23219,0.0421535,0.09,1,219202,218713,489
5404381,87.1517,50.1724,536,23310,0.0588614,0.07,1,219313,218777,536
5407301,87.6607,88.469,510,23401,0.0535446,0.03,1,219401,218891,510
5410221,74.0643,88.1876,487,23492,0.0214178,0.03,1,219466,218979,487
5413141,57.2257,73.675,469,23582,0.0145671,0.03,1,219512,219043,469
5416061,33.6903,57.67,440,23672,0.0358269,0.03,1,219530,219090,440
5418981,30.8761,33.868,451,23762,0.0443307,0.03,1,219559,219108,451
5421901,51.9504,30.9472,488,23851,0.0717323,0.05,1,219625,219137,488
5424821,86.7802,51.3789,533,23940,0.0826929,0.07,1,219735,219202,533
5427741,35.9121,87.1516,424,24029,0.0870772,0.05,1,219737,219313,424
5433581,64.9059,74.0642,423,24205,0.0463323,0.01,1,219889,219466,423
5436501,53.5624,57.2257,423,24293,0.0365329,0.05,1,219935,219512,423
5439421,32.8249,33.6903,424,24380,0.0566132,0.05,1,219954,219530,424
5442341,30.53,30.8761,424,24467,0.0526453,0.09,1,219983,219559,424
5445261,53.012,51.9504,426,24554,0.0870581,0.09,1,220051,219625,426
5454021,68.4328,67.7648,427,24812,0.214132,0.01,1,220253,219826,427
5456941,62.1731,64.9059,422,24897,0.271653,0.03,1,220311,219889,422
5459861,52.4692,53.5624,422,24982,0.282661,0.07,1,220357,219935,422
5462781,32.9877,32.8249,423,25067,0.263064,0.05,1,220377,219954,423
5465701,29.9951,30.53,422,25152,0.267226,0.11,1,220405,219983,422
5468621,54.598,53.012,425,25236,0.44889,0.21,1,220476,220051,425
5491981,62.7039,28.944,518,25900,0.762887,0.57,2,220923,220405,518
5494901,97.0816,54.1776,567,25982,0.779155,0.63,2,221043,220476,567
5497821,40.0326,90.671,454,26064,0.785662,0.63,2,221045,220591,454
5500741,71.213,37.4684,544,26145,0.824265,0.65,2,221137,220593,544
5503661,65.0852,69.5874,514,26226,0.851706,0.65,2,221198,220684,514
5506581,53.6341,63.2349,501,26307,0.886682,0.67,2,221244,220743,501
5509501,34.0536,53.494,475,26388,0.888673,0.67,2,221265,220790,475
5605861,47.7183,66.1875,508,28919,0.0828448,1,1,223073,222565,508
5608781,55.6873,57.075,518,28992,0.0631379,1,1,223134,222616,518
5611701,40.8749,40.83,519,29065,0.0432552,1,1,223165,222646,519
5614621,35.55,37.332,516,29138,0.0593021,1,1,223197,222681,516
5617541,29.22,34.7328,508,29211,0.0657208,1,1,223222,222714,508
5620461,45.888,29.4931,539,29283,0.0562883,0.88,1,223279,222740,539
5623381,74.7552,51.9972,566,29355,0.0285153,0.37,1,223373,222807,566
5626301,44.9021,94.5989,468,29427,0.0534061,0.23,1,223398,222930,468
5629221,55.7608,58.2396,497,29499,0.0273625,0.07,1,223461,222964,497
5632141,42.1043,68.2958,455,29571,0.016945,0.01,1,223494,223039,455
5635061,54.0417,47.7183,483,29643,0.036778,0.05,1,223556,223073,483
5637981,40.2167,55.6873,453,29714,0.0567112,0.03,1,223587,223134,453
5640901,36.4867,40.8749,456,29785,0.0406845,0.07,1,223621,223165,456
5643821,15.7947,35.55,426,29856,0.0222738,0.07,1,223623,223197,426
5646741,18.9179,29.22,422,29927,0.0509095,0.05,1,223644,223222,422
5649661,41.7671,45.888,422,29998,0.0863638,0.01,1,223701,223279,422
5652581,74.3069,74.7552,424,30069,0.0345455,0.07,1,223797,223373,424
5655501,44.7227,44.9021,424,30139,0.0678182,0.01,1,223822,223398,424
5658421,55.0891,55.7608,423,30209,0.0451273,0.01,1,223884,223461,423
5661341,41.2356,42.1043,422,30279,0.0480509,0.05,1,223916,223494,422
5664261,54.2943,54.0417,423,30349,0.0492204,0.07,1,223979,223556,423
5667181,40.3177,40.2167,423,30419,0.0196881,0.03,1,224010,223587,423
5670101,35.9271,36.4867,422,30489,0.0138753,0.01,1,224043,223621,422
5673021,15.5708,15.7947,422,30558,0.0475501,0.07,1,224045,223623,422
5675941,18.8283,18.9179,422,30627,0.07302,0.11,1,224066,223644,422
5678861,41.7313,41.7671,422,30696,0.047208,0,1,224123,223701,422
5681781,74.8925,74.3069,423,30765,0.0248832,0.09,1,224220,223797,423
5684701,46.757,44.7227,426,30834,0.0279533,0.03,1,224248,223822,426
5687621,54.1028,55.0891,423,30903,0.0411813,0.05,1,224307,223884,423
5690541,40.8411,41.2356,423,30971,0.0344725,0.05,1,224339,223916,423
5693461,53.5364,54.2943,422,31039,0.043789,0,1,224401,223979,422
5696381,40.0146,40.3177,422,31107,0.0355156,0.01,1,224432,224010,422
5699301,37.6058,35.9271,425,31175,0.0322062,0.07,1,224468,224043,425
5702221,16.2423,15.5708,425,31243,0.0548825,0.09,1,224470,224045,425
5705141,19.6969,18.8283,426,31311,0.099953,0.09,1,224492,224066,426
5710981,73.8315,37.2125,518,31446,0.0747925,0.01,1,224641,224123,518
5713901,46.9326,73.085,450,31513,0.071917,0.03,1,224670,224220,450
5716821,54.773,46.034,482,31580,0.0827668,0.05,1,224730,224248,482
5719741,39.9092,53.8136,453,31647,0.0331067,0.03,1,224760,224307,453
5722661,54.3637,40.7254,485,31714,0.0432427,0.05,1,224824,224339,485
5725581,40.3455,53.4902,454,31781,0.0472971,0.03,1,224855,224401,454
5728501,38.3382,39.9961,460,31848,0.0489188,0.03,1,224892,224432,460
5731421,16.5353,37.5984,426,31914,0.0495675,0.07,1,224894,224468,426
5734341,21.0141,16.2394,448,31980,0.073827,0.13,1,224918,224470,448
5751861,53.5112,39.9092,485,32375,0.0936355,0.05,1,225245,224760,485
5754781,40.6045,54.3637,453,32440,0.0674542,0.05,1,225277,224824,453
5757701,39.0418,40.3455,460,32505,0.0569817,0.05,1,225315,224855,460
5760621,16.8167,38.3382,425,32570,0.0527927,0.05,1,225317,224892,425
5763541,21.7267,16.5353,448,32635,0.0391171,0.09,1,225342,224894,448
5766461,42.2907,21.0141,480,32700,0.0696468,0.13,1,225398,224918,480
5769381,72.7163,40.2056,520,32765,0.0818587,0.19,1,225491,224971,520
5772301,30.2865,71.2823,430,32830,0.0867435,0.19,1,225493,225063,430
5781061,33.2103,37.7781,427,33022,0.0912316,0.05,1,225608,225181,427
5783981,49.8841,53.5112,424,33086,0.0904926,0.05,1,225669,225245,424
5801501,72.4614,72.7163,426,33468,0.248636,0.09,1,225917,225491,426
5804421,30.1846,30.2865,426,33531,0.285455,0.13,1,225919,225493,426
5833621,75.325,72.4614,435,34156,0.436605,0.31,1,226352,225917,435
5897861,82.6672,48.7532,554,35493,0.805695,0.57,2,227251,226697,554
5900781,34.2669,80.1013,455,35553,0.832278,0.59,2,227253,226798,455
5903701,35.3067,33.2405,489,35612,0.842911,0.69,2,227289,226800,489
5906621,50.7227,33.6962,516,35671,0.859164,0.71,2,227350,226834,516
5909541,21.4891,49.4785,458,35730,0.865666,0.73,2,227352,226894,458
5912461,21.7956,32.9914,458,35789,0.868266,0.73,2,227374,226916,458
5915381,45.9183,50.3966,458,35848,0.869307,0.73,2,227436,226978,458
5918301,38.7673,40.5586,458,35907,0.893723,0.71,2,227470,227012,458
5927061,22.8091,22.4198,458,36084,0.896958,0.75,2,227537,227079,458
6236581,30.8688,39.7926,478,41835,0.865224,1,2,231595,231117,478
6239501,48.3475,43.517,492,41885,0.85609,1,2,231655,231163,492
6242421,38.539,40.2068,486,41935,0.840436,1,2,231687,231201,486
6245341,31.0156,36.4827,478,41985,0.846174,0.98,2,231713,231235,478
6248261,38.2062,32.5931,491,42035,0.80047,1,2,231756,231265,491
6251181,34.4825,33.4372,489,42085,0.782188,1,2,231788,231299,489
6254101,23.993,31.3749,476,42135,0.810875,1,2,231805,231329,476
6257021,25.1972,25.75,480,42185,0.84635,1,2,231831,231351,480
6259941,31.0789,30.1,482,42235,0.88454,1,2,231866,231384,482
6265781,25.9726,33.376,470,42335,0.886726,1,2,231922,231452,470
6489161,330.287,349.444,492,20440,0.43,1,1,234508,234016,492
6515441,221.566,223.431,452,21270,0.094,0.03,1,235124,234672,452
6518361,131.226,122.972,467,21370,0.0796,0.03,1,235195,234728,467
6521281,81.2906,91.789,444,21469,0.03784,0.05,1,235243,234799,444
6524201,77.5162,86.5156,436,21568,0.033136,0,1,235318,234882,436
6527121,52.6065,53.2062,441,21666,0.0312544,0.05,1,235354,234913,441
6530041,72.6426,56.6825,468,21764,0.0545018,0.03,1,235440,234972,468
6532961,58.457,79.073,423,21861,0.0518007,0.03,1,235489,235066,423
6535881,58.7828,66.4292,424,21958,0.0267203,0.07,1,235548,235124,424
6538801,65.5131,69.1717,423,22055,0.0406881,0.01,1,235618,235195,423
6541721,55.0052,56.4687,423,22151,0.0942752,0.03,1,235666,235243,423
6544641,67.0021,67.5875,423,22247,0.0677101,0.03,1,235741,235318,423
6547561,49.0008,48.635,424,22342,0.045084,0.07,1,235778,235354,424
6550481,70.6003,71.054,423,22437,0.0480336,0.05,1,235863,235440,423
6553401,57.0401,57.8216,422,22532,0.0372134,0.05,1,235911,235489,422
6556321,57.6161,23.1286,480,22626,0.0208854,0.01,1,235969,235489,480
6559241,66.8464,44.6515,494,22720,0.0143542,0.05,1,236042,235548,494
6562161,56.1386,59.8606,473,22813,0.0597417,0.13,1,236091,235618,473
6568001,48.8222,66.0977,459,22999,0.0731587,0.03,1,236200,235741,459
6570921,69.9289,48.6391,506,23091,0.0472635,0.05,1,236284,235778,506
6573841,56.7715,70.4556,469,23183,0.0249054,0.03,1,236332,235863,469
6576761,57.5086,56.9823,479,23274,0.0279622,0.01,1,236390,235911,479
6579681,67.4034,57.5929,495,23365,0.0411849,0.01,1,236464,235969,495
6582601,58.7614,66.8372,475,23456,0.0224739,0.09,1,236517,236042,475
6585521,68.5046,56.1349,501,23546,0.0749896,0.19,1,236592,236091,501
6588441,45.4018,65.0539,460,23636,0.0959958,0.03,1,236622,236162,460
6591361,69.1607,48.8216,507,23726,0.0443983,0.03,1,236707,236200,507
6594281,55.2643,69.9286,469,23815,0.0597593,0.01,1,236753,236284,469
6597201,56.9057,56.7715,479,23904,0.0299037,0.03,1,236811,236332,479
6600121,23.9623,57.5086,423,23993,0.0179615,0.05,1,236813,236390,423
6603041,53.9849,67.4034,423,24081,0.0251846,0.01,1,236887,236464,423
6605961,54.594,58.7614,425,24169,0.0400738,0.11,1,236942,236517,425
6620561,55.7658,56.9057,422,24604,0.0965544,0.01,1,237233,236811,422
6623481,23.5063,23.9623,422,24690,0.0686217,0.03,1,237235,236813,422
6626401,54.4025,53.9849,423,24776,0.0574487,0.05,1,237310,236887,423
6629321,55.361,54.594,424,24862,0.0409795,0.15,1,237366,236942,424
6632241,70.1444,68.0376,427,24947,0.0583918,0.15,1,237446,237019,427
6635161,46.6578,45.215,428,25032,0.0773567,0.13,1,237477,237049,428
6643921,53.1221,55.7658,422,25285,0.201511,0.05,1,237655,237233,422
6646841,22.4488,23.5063,422,25369,0.206604,0.05,1,237657,237235,422
6658521,47.7107,64.9218,456,25702,0.208857,0.09,1,237902,237446,456
6670201,22.6294,52.9884,431,26030,0.401395,0.21,1,238086,237655,431
6676041,55.4607,53.9581,486,26192,0.403823,0.19,1,238218,237732,486
6681881,50.1537,71.2733,466,26354,0.404212,0.23,1,238336,237870,466
6684801,74.0615,47.7093,524,26434,0.443685,0.37,1,238426,237902,524
6722761,55.3433,54.288,447,27457,0.758166,0.53,2,239049,238602,447
6725681,56.9373,55.9152,448,27534,0.777266,0.55,2,239107,238659,448
6728601,74.9749,72.1661,452,27611,0.796907,0.57,2,239194,238742,452
6731521,31.19,30.0664,452,27688,0.804763,0.63,2,239196,238744,452
6734441,34.676,33.0266,454,27764,0.843905,0.75,2,239233,238779,454
6737361,70.8704,68.4106,457,27840,0.895562,0.69,2,239328,238871,457
6868761,53.7029,50.1463,492,31076,0.76864,1,2,241610,241118,492
6874601,46.0325,57.7034,480,31212,0.404982,1,1,241697,241217,480
6880441,42.2852,17.3925,536,31348,0.0899972,1,1,241787,241251,536
6883361,36.7141,29.157,532,31415,0.0359989,1,1,241820,241288,532
6886281,42.2856,41.0628,529,31482,0.0323995,1,1,241866,241337,529
6889201,37.9143,42.2251,521,31549,0.0429598,1,1,241901,241380,521
6892121,54.1657,33.69,558,31616,0.0591839,0.94,1,241966,241408,558
6895041,63.6663,57.876,554,31683,0.0656736,0.91,1,242036,241482,554
6897961,39.2665,77.1504,487,31750,0.0922694,0.66,1,242059,241572,487
6900881,34.9066,53.6602,481,31817,0.0429078,0.45,1,242091,241610,481
6903801,37.9626,46.0641,480,31883,0.0711631,0.29,1,242131,241651,480
6906721,40.3851,46.0256,476,31949,0.0464652,0.03,1,242173,241697,476
6909641,37.154,50.2103,458,32015,0.0365861,0.03,1,242208,241750,458
6912561,34.6616,42.2841,454,32081,0.0146344,0,1,242241,241787,454
6915481,41.4646,36.7136,467,32147,0.0238538,0.03,1,242287,241820,467
6918401,37.5859,42.2855,456,32213,0.0275415,0.05,1,242322,241866,456
6921321,54.6343,37.9142,487,32279,0.0530166,0.07,1,242388,241901,487
6924241,65.0537,54.1657,494,32345,0.0272066,0.07,1,242460,241966,494
6927161,40.4215,63.6663,448,32410,0.0408827,0.11,1,242484,242036,448
6930081,34.7686,39.2665,456,32475,0.0583531,0.01,1,242515,242059,456
6933001,38.5074,34.9066,465,32540,0.0893412,0.09,1,242556,242091,465
6935921,38.803,37.9626,464,32605,0.0897365,0.03,1,242595,242131,464
6938841,35.9212,40.3851,456,32670,0.0358946,0.03,1,242629,242173,456
6941761,34.1685,37.154,454,32735,0.0143578,0,1,242662,242208,454
6944681,14.8674,34.6616,423,32800,0.0237431,0.03,1,242664,242241,423
6947601,32.947,41.4646,422,32864,0.0154973,0.03,1,242709,242287,422
6950521,34.1788,37.5859,422,32928,0.0241989,0.07,1,242744,242322,422
6953441,54.4715,54.6343,424,32992,0.0276796,0.01,1,242812,242388,424
6956361,64.3886,65.0537,423,33056,0.0290718,0.05,1,242883,242460,423
6959281,41.9554,40.4215,426,33120,0.0416287,0.07,1,242910,242484,426
6962201,35.3822,34.7686,426,33184,0.0346515,0.11,1,242941,242515,426
6965121,39.3529,38.5074,427,33248,0.0678606,0.09,1,242983,242556,427
6968041,38.5411,38.803,426,33312,0.0811442,0,1,243021,242595,426
6970961,34.6165,35.9212,424,33375,0.0324577,0,1,243053,242629,424
6973881,32.4466,34.1685,422,33438,0.0129831,0.03,1,243084,242662,422
6976801,14.1786,14.8674,422,33501,0.0111932,0.01,1,243086,242664,422
6979721,32.6715,32.947,422,33564,0.00447729,0.03,1,243131,242709,422
6982641,34.0686,34.1788,422,33627,0.0197909,0.03,1,243166,242744,422
6985561,55.6274,54.4715,424,33690,0.0259164,0.03,1,243236,242812,424
6988481,63.651,64.3886,422,33753,0.0403665,0.05,1,243305,242883,422
6991401,41.6604,41.9554,422,33816,0.0221466,0.03,1,243332,242910,422
6994321,35.2642,35.3822,422,33879,0.0268586,0.09,1,243363,242941,422
6997241,40.5057,39.3529,424,33941,0.0287435,0.09,1,243407,242983,424
7000161,39.0023,38.5411,424,34003,0.0654974,0,1,243445,243021,424
7003081,34.8009,34.6165,424,34065,0.032199,0,1,243477,243053,424
7006001,31.3204,32.4466,422,34127,0.0308796,0.01,1,243506,243084,422
7008921,13.7281,14.1786,422,34189,0.0123518,0,1,243508,243086,422
7011841,32.4913,32.6715,422,34251,0.0229407,0,1,243553,243131,422
7014761,33.3965,13.0686,456,34313,0.0391763,0.03,1,243587,243131,456
7017681,55.9586,26.2274,492,34375,0.0336705,0.03,1,243658,243166,492
7020601,63.1834,52.491,490,34437,0.0914682,0.05,1,243726,243236,490
7043961,32.528,13.7261,467,34925,0.0728931,0.03,1,243975,243508,467
7046881,32.8112,32.4904,455,34986,0.0471573,0.05,1,244008,243553,455
7049801,56.9245,33.3962,494,35046,0.0488629,0.03,1,244081,243587,494
7052721,65.9698,55.9585,495,35106,0.0495452,0.13,1,244153,243658,495
7055641,42.5879,63.1834,454,35166,0.0498181,0.13,1,244180,243726,454
7058561,36.2352,41.4734,459,35226,0.0619272,0.13,1,244212,243753,459
7061481,40.8941,35.7893,471,35286,0.0787709,0.13,1,244256,243785,471
7076081,31.9845,13.8199,468,35586,0.0836834,0.03,1,244398,243930,468
7079001,32.5938,32.528,456,35645,0.0514734,0.03,1,244431,243975,456
7081921,14.2375,32.8112,425,35704,0.0625893,0.05,1,244433,244008,425
7084841,47.695,56.9245,422,35763,0.0430357,0.05,1,244503,244081,422
7087761,64.078,65.9698,425,35822,0.0472143,0.05,1,244578,244153,425
7090681,41.8312,42.5879,425,35881,0.0608857,0.07,1,244605,244180,425
7093601,36.5325,36.2352,426,35940,0.0543543,0.09,1,244638,244212,426
7096521,41.613,40.8941,427,35999,0.0397417,0.13,1,244683,244256,427
7099441,41.8452,40.9576,428,36058,0.0698967,0.15,1,244725,244297,428
7102361,35.3381,34.383,429,36117,0.0579587,0.17,1,244756,244327,429
7105281,29.1352,28.1532,430,36176,0.0651835,0.17,1,244781,244351,430
7108201,12.8541,12.4613,430,36234,0.0680734,0.03,1,244783,244353,430
7111121,27.9416,31.9845,423,36292,0.0692294,0.03,1,244821,244398,423
7114041,31.5767,32.5938,424,36350,0.0936918,0.07,1,244855,244431,424
7149081,32.7461,31.5767,425,37041,0.21055,0.11,1,245280,244855,425
7154921,46.5194,46.3323,425,37155,0.229288,0.11,1,245350,244925,425
7157841,63.6078,18.5329,500,37212,0.253715,0.13,1,245425,244925,500
7160761,42.2431,52.4132,453,37269,0.263486,0.09,1,245453,245000,453
7189961,48.4273,14.2973,501,37832,0.400647,0.25,1,245783,245282,501
7192881,64.9709,46.5189,509,37888,0.442259,0.27,1,245859,245350,509
7251281,13.1412,13.2278,448,38988,0.755112,0.55,2,246522,246074,448
7254201,28.6565,28.0911,449,39042,0.752045,0.57,2,246561,246112,449
7265881,68.4232,67.0503,454,39258,0.808516,0.67,2,246757,246303,454
7268801,45.3693,43.6201,456,39312,0.833407,0.67,2,246787,246331,456
7271721,19.3477,18.6481,456,39366,0.855363,0.73,2,246789,246333,456
7435241,33.1218,30.9506,490,42264,0.889312,1,2,248799,248309,490
7441081,32.7795,31.4721,494,42364,0.89229,1,2,248864,248370,494
7444001,31.7118,32.3888,492,42414,0.806916,1,2,248895,248403,492
7464441,43.5456,43.1947,483,42762,0.211867,0.93,1,249160,248677,483
7470281,30.8473,28.5112,485,42860,0.0854986,1,1,249213,248728,485
7473201,30.3389,34.8045,476,42909,0.0641995,0.82,1,249243,248767,476
7476121,30.1356,33.1218,474,42958,0.0556798,0.95,1,249273,248799,474
7479041,28.2542,32.4487,469,43007,0.0402719,0.95,1,249300,248831,469
7481961,28.1017,12.9795,497,43056,0.0221088,0.87,1,249328,248831,497
7484881,25.6407,24.9918,488,43105,0.0268435,0.75,1,249352,248864,488
7487801,25.8563,28.5967,483,43154,0.0407374,0.67,1,249378,248895,483
7490721,23.5425,27.6387,478,43203,0.082295,0.63,1,249400,248922,478
7493641,24.417,27.2555,476,43252,0.086918,0.57,1,249425,248949,476
7496561,26.5668,31.3022,470,43301,0.0647672,0.43,1,249453,248983,470
7499481,34.0267,32.3209,476,43350,0.0439069,0.31,1,249492,249016,476
7502401,50.8107,38.1284,496,43399,0.0955628,0.25,1,249554,249058,496
7519921,27.5626,30.1354,448,43690,0.0984938,0.03,1,249721,249273,448
7522841,28.425,28.2542,450,43738,0.0573975,0.01,1,249750,249300,450
7525761,25.77,28.1017,446,43786,0.052959,0.03,1,249774,249328,446
7528681,27.108,25.6407,450,43834,0.0751836,0.05,1,249802,249352,450
7540361,33.67,26.5668,463,44026,0.0957647,0.03,1,249916,249453,463
7543281,52.468,34.0267,489,44074,0.0923059,0.13,1,249981,249492,489
7563721,26.3,27.5626,451,44410,0.20066,0.03,1,250172,249721,451
7566641,26.12,28.425,448,44457,0.218264,0.05,1,250198,249750,448
7569561,11.648,25.77,426,44504,0.225306,0.09,1,250200,249774,426
7572481,21.4592,27.108,426,44551,0.252122,0.15,1,250228,249802,426
7575401,24.1837,25.8432,427,44598,0.274849,0.13,1,250254,249827,427
7610441,26.4695,26.12,433,45162,0.40278,0.23,1,250631,250198,433
7613361,11.7878,11.648,433,45209,0.407112,0.27,1,250633,250200,433
7709721,22.21,25.2445,470,46723,0.769197,0.59,2,251604,251134,470
7712641,28.684,22.0978,483,46768,0.805679,0.61,2,251637,251154,483
7715561,34.8736,28.0391,490,46813,0.832272,0.61,2,251676,251186,490
7718481,54.7494,34.0157,520,46858,0.854909,0.65,2,251744,251224,520
7721401,42.2998,53.8063,487,46903,0.875963,0.67,2,251778,251291,487
7727241,30.288,29.729,485,46993,0.897354,0.69,2,251831,251346,485
7730161,33.7152,29.8916,491,47038,0.892942,0.71,2,251867,251376,491
7733081,29.0861,32.9566,482,47083,0.891177,0.69,2,251893,251411,482
7914121,36.6445,32.4108,522,49783,0.89319,1,2,253738,253216,522
7919961,34.4231,32.1857,521,49867,0.87131,1,2,253803,253282,521
7922881,29.9692,29.0743,521,49909,0.810524,1,2,253830,253309,521
7925801,26.9877,27.8297,519,49951,0.77421,1,2,253855,253336,519
7943321,21.1088,21.6948,505,50203,0.409303,1,1,254001,253496,505
7955001,43.4572,45.6946,485,50371,0.290846,1,1,254120,253635,485
7957921,35.3829,39.2778,480,50413,0.242338,0.88,1,254150,253670,480
7963761,32.0613,36.6445,468,50497,0.0999741,0.91,1,254206,253738,468
7966681,30.8245,32.0578,469,50539,0.0579897,0.85,1,254236,253767,469
7969601,32.1298,34.4231,466,50581,0.0411959,0.77,1,254269,253803,466
7972521,25.4519,29.9692,460,50623,0.0344783,0.75,1,254290,253830,460
7975441,23.9808,26.9877,458,50665,0.0317913,0.71,1,254313,253855,458
7978361,24.5923,27.5951,455,50707,0.0307165,0.61,1,254338,253883,455
7981281,28.4369,31.438,452,50749,0.0302866,0.55,1,254369,253917,452
7984201,25.1748,27.5752,450,50791,0.0301146,0.43,1,254392,253942,450
7987121,20.2699,25.4301,443,50832,0.0300459,0.45,1,254409,253966,443
7990041,15.308,16.772,444,50873,0.0420183,0.37,1,254421,253977,444
7992961,18.1232,21.1088,440,50914,0.0228073,0.37,1,254441,254001,440
7995881,22.8493,24.6435,439,50955,0.0271229,0.31,1,254467,254028,439
7998801,22.3397,24.8574,436,50996,0.0648492,0.31,1,254489,254053,436
8001721,10.1359,11.143,436,51037,0.0799397,0.27,1,254491,254055,436
8004641,38.8544,43.4572,429,51078,0.0979759,0.21,1,254549,254120,429
8007561,32.3417,35.3829,427,51119,0.0931903,0.13,1,254577,254150,427
8019241,31.9847,32.1298,423,51283,0.0823057,0.03,1,254692,254269,423
8025081,24.9176,23.9808,424,51365,0.0671689,0.03,1,254737,254313,424
8030921,28.7068,28.4369,423,51447,0.064747,0.03,1,254792,254369,423
8033841,24.6827,25.1748,422,51488,0.0798988,0.03,1,254814,254392,422
8036761,20.0731,20.2699,422,51529,0.0739595,0.05,1,254831,254409,422
8039681,15.2292,15.308,422,51570,0.0475838,0.01,1,254843,254421,422
8042601,18.6917,18.1232,423,51611,0.0610335,0.03,1,254864,254441,423
8045521,23.6767,22.8493,424,51652,0.0544134,0.09,1,254891,254467,424
8048441,23.8707,22.3397,426,51693,0.0517654,0.09,1,254915,254489,426
8051361,10.7483,10.1359,426,51734,0.0507061,0.11,1,254917,254491,426
8054281,38.4993,38.8544,425,51775,0.0622825,0.11,1,254974,254549,425
8057201,33.3997,15.5417,455,51816,0.042913,0.09,1,255004,254549,455
8060121,22.9599,23.0167,443,51857,0.0351652,0.15,1,255020,254577,443
8063041,29.584,19.4067,460,51898,0.0320661,0.11,1,255054,254594,460
8065961,30.4336,28.1627,457,51939,0.0668264,0.09,1,255085,254628,457
8068881,30.7734,29.8651,457,51980,0.0687306,0.07,1,255116,254659,457
8071801,25.5094,31.746,446,52021,0.0694922,0.15,1,255138,254692,446
8074721,23.4037,24.6984,448,52061,0.0697969,0.03,1,255160,254712,448
8077641,24.9615,24.8794,449,52101,0.0459188,0.15,1,255186,254737,449
8080561,26.7846,23.7517,454,52141,0.0483675,0.03,1,255214,254760,454
8083481,24.5138,28.7007,445,52181,0.061347,0.09,1,255237,254792,445
8086401,19.4055,24.6803,439,52221,0.0665388,0.07,1,255253,254814,439
8089321,15.5622,20.0721,435,52261,0.0686155,0.03,1,255266,254831,435
8092241,18.2249,15.2288,443,52301,0.0934462,0.07,1,255286,254843,443
8115601,31.8287,29.584,456,52621,0.216951,0.09,1,255510,255054,456
8118521,30.7315,30.4336,455,52661,0.236781,0.07,1,255540,255085,455
8121441,25.4926,30.7734,446,52701,0.256712,0.07,1,255562,255116,446
8124361,22.197,25.5094,444,52741,0.264685,0.07,1,255582,255138,444
8127281,24.4788,23.4037,448,52781,0.267874,0.03,1,255608,255160,448
8133121,24.9166,26.7846,447,52861,0.28406,0.07,1,255661,255214,447
8136041,20.1666,24.5138,441,52901,0.287624,0.07,1,255678,255237,441
8138961,16.4667,19.4055,439,52941,0.28905,0.07,1,255692,255253,439
8159401,23.4751,32.698,446,53221,0.415507,0.19,1,255872,255426,446
8162321,10.5901,22.6792,432,53261,0.424203,0.21,1,255874,255442,432
8165241,26.436,30.0717,434,53301,0.439681,0.23,1,255911,255477,434
8235321,29.2928,28.415,447,54237,0.757584,0.55,2,256521,256074,447
8238241,24.9171,24.566,447,54276,0.777034,0.51,2,256543,256096,447
8241161,21.3669,20.6264,448,54315,0.796813,0.57,2,256562,256114,448
8244081,18.7467,17.2506,450,54354,0.792725,0.61,2,256579,256129,450
8247001,20.6987,20.1002,450,54393,0.80309,0.57,2,256601,256151,450
8249921,24.4795,23.6401,451,54432,0.819236,0.57,2,256628,256177,451
8252841,25.3918,25.656,450,54471,0.825694,0.61,2,256654,256204,450
8255761,11.3567,11.4624,450,54510,0.804278,0.69,2,256656,256206,450
8258681,44.7427,41.785,455,54549,0.831711,0.65,2,256723,256268,455
8261601,34.6971,34.114,454,54588,0.842685,0.65,2,256751,256297,454
8264521,24.6788,24.4456,454,54627,0.823074,0.69,2,256769,256315,454
8267441,11.0715,10.9782,454,54666,0.83923,0.71,2,256771,256317,454
8270361,28.4286,27.7913,455,54704,0.833692,0.71,2,256811,256356,455
8273281,31.1714,11.1165,488,54742,0.831477,0.73,2,256844,256356,488
8276201,30.4686,23.6466,486,54780,0.830591,0.71,2,256874,256388,486
8279121,26.5874,27.4586,480,54818,0.842236,0.71,2,256898,256418,480
8282041,23.235,25.3835,477,54856,0.834895,0.73,2,256919,256442,477
8284961,26.094,22.1534,485,54894,0.831958,0.75,2,256947,256462,485
8287881,30.8376,25.0614,492,54932,0.830783,0.77,2,256981,256489,492
8290801,25.535,29.2245,482,54970,0.830313,0.79,2,257003,256521,482
8293721,21.014,24.8898,478,55008,0.830125,0.81,2,257021,256543,478
8296641,19.2056,21.3559,477,55046,0.84205,0.79,2,257039,256562,477
8299561,21.4822,18.7424,483,55084,0.84682,0.81,2,257062,256579,483
8302481,24.1929,20.6969,487,55122,0.848728,0.83,2,257088,256601,487
8305401,25.2772,24.4788,486,55160,0.849491,0.83,2,257114,256628,486
8308321,11.3109,25.3915,462,55198,0.849797,0.79,2,257116,256654,462
8311241,45.3243,11.3566,528,55236,0.861919,0.85,2,257184,256656,528
8314161,34.9297,44.7426,489,55274,0.866767,0.85,2,257212,256723,489
8317081,24.7719,34.6971,479,55312,0.880707,0.81,2,257230,256751,479
8320001,11.1088,24.6788,463,55350,0.886283,0.85,2,257232,256769,463
8501041,331.888,339.811,486,24820,0.754,0.95,2,259085,258599,486
8521481,189.902,202.81,454,26280,0.42664,0.61,1,259490,259036,454
8560901,49.9293,59.2588,455,27400,0.416258,0.35,1,259771,259316,455
8595941,50.797,50.6139,447,28313,0.755129,0.55,2,260386,259939,447
8598861,32.3188,32.2456,447,28388,0.776052,0.55,2,260406,259959,447
8601781,22.5275,12.8982,463,28463,0.760421,0.53,2,260422,259959,463
8604701,52.811,14.7593,520,28537,0.766168,0.55,2,260495,259975,520
8607621,57.1244,49.1037,508,28611,0.768467,0.57,2,260555,260047,508
8610541,64.8498,53.8415,521,28685,0.781387,0.73,2,260625,260104,521
8613461,52.9399,61.1366,500,28759,0.810555,0.73,2,260670,260170,500
8616381,64.376,50.2546,529,28833,0.846222,0.71,2,260742,260213,529
8619301,58.1504,63.9019,510,28906,0.884489,0.75,2,260796,260286,510
8622221,51.4602,57.9607,503,28979,0.899796,0.77,2,260843,260340,503
8736101,60.6758,65.0469,527,31703,0.80344,1,2,262746,262219,527
8750701,27.6223,32.7118,507,32035,0.442618,1,1,262906,262399,507
8756541,52.0596,55.2739,524,32167,0.230419,1,1,263028,262504,524
8759461,57.4238,53.3096,533,32233,0.230168,0.99,1,263089,262556,533
8765301,54.5478,61.6895,514,32364,0.0740268,0.71,1,263200,262686,514
8768221,38.6191,60.6758,482,32429,0.0476107,0.69,1,263228,262746,482
8771141,34.6476,42.8703,483,32494,0.0490443,0.63,1,263260,262777,483
8774061,37.8591,36.3481,491,32559,0.0376177,0.55,1,263300,262809,491
8776981,30.1436,42.1393,470,32624,0.0330471,0.47,1,263325,262855,470
8779901,26.4574,33.0557,467,32689,0.0672188,0.39,1,263349,262882,467
8800341,37.0513,38.6191,423,33139,0.2282,0.05,1,263651,263228,423
8803261,34.6205,34.6476,424,33203,0.24128,0.03,1,263684,263260,424
8806181,37.8482,37.8591,424,33267,0.246512,0.03,1,263724,263300,424
8809101,30.7393,30.1436,425,33331,0.248605,0.09,1,263750,263325,425
8812021,27.8957,26.4574,427,33394,0.297442,0.17,1,263776,263349,427
8826621,54.6908,53.8207,430,33709,0.432521,0.21,1,264003,263573,430
8920061,52.1102,36.72,513,35661,0.795299,0.63,2,265286,264773,513
8922981,22.0441,51.288,454,35720,0.81612,0.63,2,265288,264834,454
8925901,45.4176,57.1152,454,35779,0.860448,0.67,2,265349,264895,454
8928821,51.7671,55.8461,455,35838,0.878179,0.67,2,265405,264950,455
9063141,34.8487,57.6828,501,38455,0.893891,1,2,267205,266704,501
9066061,34.3395,35.0731,515,38510,0.867556,1,2,267239,266724,515
9286521,182.077,183.421,488,19092,0.264292,0.53,1,270033,269545,488
9289441,128.031,126.168,492,19203,0.207717,0.37,1,270125,269633,492
9292361,103.412,102.067,493,19314,0.221087,0.05,1,270212,269719,493
9298201,60.346,74.5308,448,19533,0.202174,0.07,1,270324,269876,448
9306961,90.3821,69.666,524,19857,0.202779,0.17,1,270557,270033,524
9309881,88.3529,83.0664,519,19964,0.219112,0.23,1,270644,270125,519
9312801,72.5411,85.4266,494,20070,0.237645,0.17,1,270706,270212,494
9315721,58.4165,73.1706,478,20176,0.245058,0.21,1,270755,270277,478
9318641,43.7666,57.4682,465,20281,0.284023,0.19,1,270789,270324,465
9330321,73.442,88.2792,495,20697,0.422903,0.25,1,271139,270644,495
9336161,45.3507,58.4047,470,20901,0.448064,0.31,1,271225,270755,470
9365361,75.0903,74.2784,447,21895,0.755448,0.51,2,271877,271430,447
9368281,83.4361,82.5114,448,21992,0.812179,0.59,2,271966,271518,448
9371201,72.9744,72.0045,449,22088,0.870872,0.55,2,272032,271583,449
9374121,59.7898,59.4018,449,22184,0.870349,0.61,2,272083,271634,449
9377041,45.5159,44.1607,451,22280,0.882139,0.69,2,272119,271668,451
9499681,82.1283,79.7082,560,25977,0.874,1,2,274808,274248,560
9502601,53.2513,77.4833,518,26059,0.8476,1,2,274842,274324,518
9505521,57.3005,64.5933,522,26140,0.82504,1,2,274902,274380,522
9508441,47.5202,50.4373,522,26221,0.756016,1,2,274943,274421,522
9558081,44.779,45.42,452,27562,0.773165,0.61,2,275852,275400,452
9561001,19.1116,19.368,452,27639,0.783266,0.61,2,275854,275402,452
9563921,28.0446,28.1472,452,27716,0.799306,0.65,2,275888,275436,452
9566841,65.2179,65.2589,452,27792,0.889723,0.61,2,275978,275526,452
9701161,38.8988,27.3878,511,31102,0.896748,1,2,278313,277802,511
9704081,35.3595,46.3551,485,31170,0.868699,0.94,2,278346,277861,485
9707001,33.3438,35.3421,489,31238,0.83348,1,2,278378,277889,489
9756641,33.8631,55.5743,466,32370,0.755766,0.51,2,279183,278717,466
9759561,38.7452,35.4297,486,32435,0.776307,0.51,2,279225,278739,486
9762481,34.6981,38.1719,478,32500,0.796523,0.49,2,279257,278779,478
9765401,31.2792,35.0688,474,32565,0.792609,0.57,2,279286,278812,474
9768321,36.5117,29.0275,489,32630,0.791044,0.59,2,279326,278837,489
9771241,33.8047,34.411,483,32695,0.790417,0.63,2,279358,278875,483
9774161,69.9219,33.5644,544,32760,0.790167,0.59,2,279452,278908,544
9777081,29.1687,68.0258,455,32825,0.790067,0.69,2,279454,278999,455
9780001,51.8675,65.6103,458,32889,0.754027,0.75,2,279521,279063,458
9782921,47.747,52.6441,459,32953,0.775611,0.75,2,279566,279107,459
9785841,53.2988,54.6576,460,33017,0.784244,0.77,2,279623,279163,460
9788761,33.3195,33.8631,460,33081,0.787698,0.79,2,279643,279183,460
9791681,39.1278,38.7452,461,33145,0.825079,0.81,2,279686,279225,461
9794601,35.4511,34.6981,462,33209,0.852032,0.79,2,279719,279257,462
9797521,30.9804,31.2792,461,33273,0.862813,0.79,2,279747,279286,461
9800441,36.3922,36.5117,461,33337,0.891125,0.79,2,279787,279326,461
9931841,31.7938,36.158,487,36079,0.841898,1,2,281688,281201,487
9934761,34.9175,35.4632,489,36138,0.750759,1,2,281725,281236,489
9940601,54.7868,53.1941,487,36254,0.411721,1,1,281864,281377,487
9946441,36.9659,45.3511,478,36370,0.283075,1,1,281932,281454,478
9952281,34.8345,33.8962,486,36486,0.0800921,0.91,1,282003,281517,486
9955201,24.7338,29.7585,477,36544,0.0620368,1,1,282021,281544,477
9958121,43.4935,41.9034,483,36602,0.0668147,0.93,1,282077,281594,483
9961041,32.9974,38.9614,472,36660,0.0687259,0.9,1,282103,281631,472
9963961,22.799,29.9845,464,36718,0.0574904,0.79,1,282119,281655,464
9966881,26.5196,31.7938,460,36776,0.0529961,0.69,1,282148,281688,460
9969801,27.4078,34.9175,451,36833,0.0631985,0.39,1,282176,281725,451
9972721,62.5631,70.967,442,36890,0.0552794,0.33,1,282262,281820,442
10001921,26.8922,22.2639,451,37459,0.0675423,0.05,1,282570,282119,451
10004841,26.9569,26.3056,449,37515,0.0810169,0.07,1,282597,282148,449
10007761,63.5828,27.3222,509,37571,0.0504068,0.05,1,282685,282176,509
10010681,52.4331,62.5289,468,37627,0.0261627,0.13,1,282730,282262,468
10013601,38.3732,50.2116,455,37683,0.0644651,0.17,1,282759,282304,455
10016521,34.5493,36.2846,460,37739,0.079786,0.15,1,282791,282331,460
10051561,35.3579,38.3732,458,38405,0.205456,0.09,1,283217,282759,458
10077841,25.6919,25.3553,431,38898,0.215156,0.15,1,283451,283020,431
10080761,61.2768,62.3421,429,38952,0.248063,0.17,1,283536,283107,429
10083681,53.9107,53.7369,430,39006,0.225225,0.17,1,283585,283155,430
10086601,38.9643,38.8947,430,39060,0.26409,0.23,1,283614,283184,430
10107041,32.033,31.6858,430,39438,0.417208,0.17,1,283810,283380,430
10109961,21.8132,21.0743,431,39492,0.436883,0.21,1,283825,283394,431
10156681,65.3634,25.6082,535,40338,0.764292,0.53,2,284417,283882,535
10159601,54.9454,62.4433,496,40390,0.791717,0.59,2,284465,283969,496
10162521,39.9781,53.7773,478,40442,0.826687,0.57,2,284495,284017,478
10165441,39.9913,40.1109,487,40494,0.840675,0.57,2,284535,284048,487
10168361,41.7965,38.8444,492,40546,0.85827,0.67,2,284578,284086,492
10171281,32.9186,39.5377,479,40598,0.889308,0.63,2,284605,284126,479
10174201,21.5674,31.4151,467,40650,0.877723,0.67,2,284619,284152,467
10177121,9.82698,20.366,456,40702,0.873089,0.67,2,284621,284165,456
10180041,37.5308,9.34642,510,40754,0.895236,0.69,2,284677,284167,510
10397581,325.475,362.31,468,18980,0.4036,0.79,1,287222,286754,468
10406341,89.7104,101.26,469,20031,0.0995104,0.17,1,287488,287019,469
10409261,69.4842,82.5039,455,20137,0.0698042,0.09,1,287544,287089,455
10418021,97.183,38.8563,541,20451,0.0853475,0.03,1,287763,287222,541
10420941,91.6732,87.5425,509,20555,0.064139,0.07,1,287851,287342,509
10435541,16.4101,37.7835,428,21066,0.201518,0.07,1,288055,287627,428
10438461,85.164,96.7134,423,21167,0.242607,0.05,1,288186,287763,423
10441381,87.4656,91.4854,424,21267,0.211043,0.13,1,288275,287851,424
10444301,73.3862,73.1941,427,21367,0.246417,0.11,1,288339,287912,427
10447221,62.9545,62.8777,427,21466,0.248567,0.19,1,288395,287968,427
10450141,65.9818,63.5511,431,21565,0.285427,0.21,1,288463,288032,431
10461821,87.2059,87.4653,432,21955,0.408059,0.27,1,288707,288275,432
10464741,73.8824,73.3861,433,22052,0.409224,0.25,1,288772,288339,433
10470581,68.1012,65.9818,437,22244,0.417076,0.33,1,288900,288463,437
10473501,41.0405,39.5927,438,22339,0.40083,0.33,1,288923,288485,438
10476421,17.6162,17.0371,438,22434,0.418332,0.41,1,288925,288487,438
10479341,88.6465,86.0148,442,22529,0.425333,0.41,1,289061,288619,442
10482261,87.0586,34.4059,528,22623,0.440133,0.43,1,289147,288619,528
10485181,74.4234,66.5624,506,22717,0.422053,0.41,1,289213,288707,506
10511461,68.3877,63.364,515,23543,0.755489,0.45,2,289784,289269,515
10514381,42.9551,67.9456,470,23633,0.788196,0.51,2,289810,289340,470
10517301,18.382,41.5782,448,23723,0.801278,0.51,2,289812,289364,448
10520221,93.1528,17.8313,589,23812,0.866511,0.63,2,289955,289366,589
10654541,70.528,74.7998,486,27608,0.854775,1,2,292641,292155,486
10657461,49.2112,49.1199,489,27685,0.82791,1,2,292676,292187,489
10660381,42.4845,41.248,491,27761,0.841164,0.99,2,292714,292223,491
10663301,31.9938,30.8992,492,27837,0.822466,1,2,292739,292247,492
10666221,46.9975,52.5597,482,27913,0.850986,1,2,292796,292314,482
10669141,78.799,87.6239,471,27989,0.838394,1,2,292896,292425,471
10672061,52.5196,57.2495,469,28065,0.845358,0.85,2,292931,292462,469
10674981,52.8078,55.2998,468,28140,0.836143,0.93,2,292984,292516,468
10677901,43.3231,44.3199,468,28215,0.844457,0.81,2,293021,292553,468
10680821,66.5293,70.528,462,28290,0.835783,0.81,2,293103,292641,462
10683741,47.6117,49.2112,462,28365,0.868313,0.81,2,293138,292676,462
10686661,40.0447,19.6845,497,28440,0.857325,0.85,2,293173,292676,497
10689581,31.0179,30.6738,484,28514,0.86493,0.81,2,293198,292714,484
10692501,49.0072,27.2695,520,28588,0.867972,0.87,2,293259,292739,520
10695421,78.4029,45.1078,561,28662,0.857189,0.83,2,293357,292796,561
10698341,51.7611,78.0431,495,28736,0.828875,0.85,2,293391,292896,495
10701261,52.5045,52.2172,513,28810,0.87755,0.83,2,293444,292931,513
10806381,21.6696,9.40763,525,31345,0.851075,1,2,295167,294642,525
10820981,70.2097,41.8343,561,31681,0.293307,1,1,295480,294919,561
10829741,37.0614,46.4534,502,31881,0.0962916,0.97,1,295595,295093,502
10835581,18.8898,28.6725,478,32013,0.0958067,0.81,1,295628,295150,478
10838501,60.3559,21.669,549,32079,0.0803227,0.55,1,295716,295167,549
10850181,62.5627,43.5243,515,32343,0.237208,0.23,1,295907,295392,515
10882301,64.2244,62.5627,434,33054,0.423713,0.35,1,296341,295907,434
10955301,39.7726,40.9003,493,34618,0.77246,0.73,2,297359,296866,493
10958221,27.909,39.1601,475,34679,0.782984,0.71,2,297379,296904,475
10961141,18.3636,27.0641,468,34740,0.787194,0.73,2,297391,296923,468
10964061,63.1454,18.6256,548,34801,0.812877,0.73,2,297484,296936,548
10966981,26.4582,63.2503,457,34862,0.823151,0.73,2,297486,297029,457
10969901,35.7833,26.5001,497,34923,0.82726,0.75,2,297528,297031,497
10972821,37.1133,35.2,494,34984,0.840904,0.73,2,297566,297072,494
10975741,39.4453,37.48,496,35044,0.858362,0.71,2,297607,297111,496
11121741,55.6821,40.443,543,37942,0.83841,1,2,299659,299116,543
11124661,41.4729,53.9772,512,37998,0.785364,1,2,299691,299179,512
11127581,36.3891,38.9909,516,38054,0.752146,1,2,299724,299208,516
11188901,26.4076,27.9531,446,39202,0.755676,0.51,2,300463,300017,446
11191821,34.563,33.3812,449,39256,0.77627,0.53,2,300503,300054,449
11194741,51.6252,51.7525,448,39310,0.784508,0.53,2,300566,300118,448
11197661,21.8501,21.901,448,39364,0.811803,0.53,2,300568,300120,448
11200581,26.74,25.5604,450,39418,0.822721,0.65,2,300598,300148,450
11203501,28.696,28.2242,450,39472,0.875089,0.65,2,300628,300178,450
11206421,42.6784,41.2897,452,39526,0.896035,0.65,2,300680,300228,452
11209341,38.6714,36.9159,454,39579,0.880414,0.63,2,300716,300262,454
11212261,42.4685,42.3663,453,39632,0.886166,0.69,2,300761,300308,453
11215181,36.1874,35.5465,454,39685,0.876466,0.69,2,300793,300339,454
11218101,30.675,28.6186,457,39738,0.872586,0.73,2,300820,300363,457
11221021,41.07,39.0474,459,39791,0.895035,0.75,2,300868,300409,459
11241461,29.5992,10.696,494,40162,0.891513,0.91,2,301092,300598,494
11390381,51.2066,50.0523,489,42760,0.895553,1,2,302938,302449,489
11393301,46.2827,45.8209,489,42809,0.820221,1,2,302981,302492,489
11396221,40.1131,34.5284,498,42858,0.802088,1,2,303017,302519,498
11399141,30.4452,26.4113,501,42907,0.770835,1,2,303041,302540,501
11413741,37.5694,38.0205,510,43152,0.400985,0.94,1,303175,302665,510
11422501,34.0604,33.2253,507,43299,0.089263,0.97,1,303276,302769,507
11425421,34.6242,34.2901,507,43348,0.0537052,0.94,1,303311,302804,507
11428341,31.8497,36.5161,499,43397,0.0394821,0.97,1,303341,302842,499
11431261,48.7399,35.0064,525,43446,0.0337928,0.85,1,303401,302876,525
11434181,42.2959,51.2026,501,43495,0.0435171,0.77,1,303439,302938,501
11437101,37.3184,46.281,492,43544,0.0594069,0.79,1,303473,302981,492
11440021,28.1274,40.1124,478,43592,0.0897627,0.75,1,303495,303017,478
11442941,16.0509,30.445,462,43640,0.0659051,0.67,1,303503,303041,462
11445861,20.8204,18.178,476,43688,0.080362,0.65,1,303527,303051,476
11448781,17.9282,22.2712,467,43736,0.0981448,0.59,1,303543,303076,467
11469221,31.5841,34.6242,452,44072,0.06279,0.03,1,303763,303311,452
11472141,48.0336,31.8497,481,44120,0.043116,0.03,1,303822,303341,481
11475061,43.2135,48.7399,461,44168,0.0472464,0.05,1,303862,303401,461
11477981,38.8854,42.2959,459,44216,0.0608986,0.07,1,303898,303439,459
11480901,27.5542,37.3184,445,44264,0.0663594,0.11,1,303918,303473,445
11483821,15.8217,28.1274,431,44312,0.0805438,0.05,1,303926,303495,431
11486741,23.7287,16.0509,452,44360,0.0982175,0.09,1,303955,303503,452
11510101,29.358,32.4602,424,44738,0.210696,0.03,1,304156,303732,424
11513021,30.3432,31.5841,424,44785,0.210278,0.03,1,304187,303763,424
11521781,39.55,38.8854,425,44926,0.0765778,0.07,1,304323,303898,425
11524701,28.42,27.5542,426,44973,0.0486311,0.09,1,304344,303918,426
11527621,16.168,15.8217,426,45020,0.0494524,0.11,1,304352,303926,426
11530541,24.4672,23.7287,427,45067,0.049781,0.11,1,304382,303955,427
11533461,18.7869,17.8915,428,45114,0.0619124,0.13,1,304397,303969,428
11536381,26.7148,26.3566,428,45161,0.090765,0.13,1,304429,304001,428
11548061,28.5767,27.4875,431,45349,0.208868,0.17,1,304528,304097,431
11550981,28.2307,28.395,430,45396,0.233547,0.23,1,304556,304126,430
11553901,29.8923,29.358,431,45442,0.207419,0.21,1,304587,304156,431
11556821,31.1569,30.3432,432,45488,0.208968,0.17,1,304619,304187,432
11559741,44.8628,46.9373,428,45534,0.221587,0.07,1,304673,304245,428
11562661,39.5451,43.3749,423,45580,0.202635,0.05,1,304709,304286,423
11580181,28.3249,26.7148,427,45856,0.26507,0.11,1,304856,304429,427
11583101,12.53,11.8859,427,45902,0.292028,0.17,1,304858,304431,427
11591861,30.1539,24.6167,458,46040,0.29589,0.25,1,304959,304501,458
11594781,28.8616,26.0467,459,46086,0.292356,0.25,1,304987,304528,459
11597701,29.5446,27.2187,461,46132,0.290942,0.19,1,305017,304556,461
11603541,44.0871,30.995,484,46224,0.299751,0.23,1,305103,304619,484
11629821,28.6863,12.5299,473,46632,0.424973,0.35,1,305331,304858,473
11696981,43.1079,40.6748,453,47661,0.750928,0.63,2,306030,305577,453
11699901,37.6431,36.6699,453,47705,0.786371,0.63,2,306064,305611,453
11702821,28.2573,27.868,453,47749,0.788549,0.63,2,306086,305633,453
11705741,16.1029,15.9472,453,47793,0.813419,0.63,2,306094,305641,453
11708661,28.0412,27.9789,453,47837,0.799368,0.63,2,306130,305677,453
11711581,20.8165,20.7915,453,47881,0.829747,0.63,2,306146,305693,453
11714501,31.1266,30.5166,454,47925,0.817899,0.63,2,306184,305730,454
11717421,13.6506,13.4066,454,47969,0.81316,0.61,2,306186,305732,454
11720341,30.0603,30.5627,453,48013,0.811264,0.63,2,306227,305774,453
11723261,33.6241,33.2251,454,48057,0.834506,0.65,2,306263,305809,454
11726181,14.6496,14.49,454,48101,0.867802,0.69,2,306265,305811,454
11729101,22.6599,22.596,454,48145,0.881121,0.67,2,306293,305839,454
11732021,26.4639,25.8384,455,48189,0.886448,0.69,2,306322,305867,455
11737861,34.7142,33.1741,458,48277,0.894232,0.73,2,306392,305934,458
11923281,29.6853,28.9171,519,50995,0.850768,1,2,308284,307765,519
11984601,62.5455,79.4843,452,23631,0.0834597,0.05,1,308963,308511,452
11987521,71.8182,67.7937,470,23721,0.0633839,0.03,1,309041,308571,470
11990441,56.3273,66.1175,451,23810,0.0433535,0.01,1,309087,308636,451
11993361,56.1309,57.647,455,23899,0.0353414,0,1,309143,308688,455
11996281,37.4524,56.6588,424,23988,0.0321366,0.07,1,309168,308744,424
11999201,24.5809,28.0635,431,24076,0.0128546,0.03,1,309184,308753,431
12002121,73.4324,78.4254,425,24164,0.0231419,0.07,1,309290,308865,425
12005041,71.373,73.3702,425,24252,0.0872567,0.07,1,309360,308935,425
12010881,64.0997,65.2592,423,24426,0.0919611,0.03,1,309464,309041,423
12013801,53.8399,53.7037,424,24513,0.0547844,0.03,1,309511,309087,424
12016721,54.5359,55.0815,423,24599,0.0519138,0.03,1,309566,309143,423
12019641,36.8144,37.0326,423,24685,0.0507655,0,1,309591,309168,423
12022561,24.3258,24.413,423,24771,0.0203062,0.03,1,309607,309184,423
12025481,73.3303,73.3652,423,24857,0.0381225,0.13,1,309713,309290,423
12037161,53.0309,53.8381,423,25196,0.0773439,0.05,1,309934,309511,423
12040081,53.6123,54.5353,422,25280,0.0609376,0.05,1,309988,309566,422
12043001,36.4449,36.8141,422,25364,0.054375,0,1,310013,309591,422
12045921,24.178,24.3256,422,25448,0.02175,0,1,310029,309607,422
12048841,73.8712,9.73026,529,25531,0.0267,0.05,1,310136,309607,529
12051761,77.5485,67.4921,503,25614,0.02868,0.17,1,310216,309713,503
12054681,47.8194,71.3968,457,25697,0.029472,0.19,1,310244,309787,457
12057601,62.9278,44.7587,503,25779,0.0777888,0.19,1,310317,309814,503
12060521,48.5711,61.7035,469,25861,0.0851155,0.01,1,310356,309887,469
12063441,51.2284,52.8814,475,25943,0.0760462,0.05,1,310409,309934,475
12066361,35.4914,53.5526,446,26025,0.0604185,0.05,1,310434,309988,446
12069281,23.7966,36.421,437,26106,0.0301674,0,1,310450,310013,437
12072201,74.3186,24.1684,529,26187,0.030067,0.03,1,310558,310029,529
12089721,34.7108,51.2284,448,26669,0.205684,0.05,1,310857,310409,448
12092641,22.2843,35.4914,437,26748,0.220274,0.01,1,310871,310434,437
12095561,74.9137,23.7965,531,26827,0.226109,0.03,1,310981,310450,531
12098481,82.1655,74.3186,510,26906,0.240444,0.19,1,311068,310558,510
12101401,34.0662,77.7274,432,26985,0.246178,0.21,1,311070,310638,432
12104321,30.4265,47.891,432,27063,0.248471,0.17,1,311098,310666,432
12107241,57.7706,65.3564,431,27141,0.297388,0.19,1,311174,310743,431
12113081,50.1633,50.777,432,27297,0.415982,0.21,1,311265,310833,432
12116001,35.0653,34.7108,433,27375,0.424393,0.23,1,311290,310857,433
12118921,22.4261,22.2843,433,27452,0.427757,0.23,1,311304,310871,433
12121841,74.9705,74.9137,433,27529,0.429103,0.25,1,311414,310981,433
12171481,24.0605,36.2826,468,28809,0.783451,0.69,2,312201,311733,468
12174401,76.2242,22.9131,565,28882,0.763381,0.69,2,312312,311747,565
12177321,83.8897,75.1652,544,28955,0.767352,0.69,2,312401,311857,544
12180241,34.7559,83.4661,457,29028,0.768941,0.73,2,312403,311946,457
12183161,33.1023,34.5864,487,29101,0.781576,0.71,2,312435,311948,487
12186081,62.4409,32.4346,538,29174,0.870631,0.71,2,312517,311979,538
12311641,31.6175,39.5629,514,32145,0.893277,1,2,314548,314034,514
12314561,31.247,35.0252,513,32211,0.819311,1,2,314579,314066,513
12381721,63.4872,62.8999,445,33688,0.755105,0.59,2,315573,315128,445
12384641,72.1949,69.56,449,33751,0.764042,0.55,2,315651,315202,449
12387561,52.2779,50.024,451,33814,0.827617,0.59,2,315690,315239,451
12390481,40.1112,40.4096,449,33877,0.853047,0.63,2,315722,315273,449
12393401,54.4445,52.1638,453,33939,0.875219,0.63,2,315786,315333,453
12396321,34.9778,35.2655,451,34001,0.872087,0.57,2,315808,315357,451
12399241,35.5911,35.1062,452,34063,0.870835,0.67,2,315844,315392,452
12402161,34.6364,33.8425,453,34125,0.870334,0.67,2,315878,315425,453
12405081,15.0546,14.737,453,34187,0.846134,0.69,2,315880,315427,453
12408001,25.8218,23.2948,457,34249,0.884453,0.69,2,315913,315456,457
12410921,27.7287,9.31792,486,34311,0.887781,0.77,2,315942,315456,486
12799281,40.7688,46.508,489,41710,0.856,1,2,321183,320694,489
12802201,39.1075,39.6032,492,41761,0.8164,1,2,321221,320729,492
12816801,35.8657,33.5947,499,42012,0.221835,1,1,321390,320891,499
12822641,39.3385,40.0551,493,42112,0.0606936,1,1,321470,320977,493
12825561,36.7354,36.4221,494,42162,0.0302774,1,1,321505,321011,494
12828481,25.4942,28.9688,488,42212,0.030111,1,1,321523,321035,488
12831401,35.9977,31.3875,498,42262,0.0180444,1,1,321566,321068,498
12834321,32.9991,33.555,494,42312,0.0372178,1,1,321597,321103,494
12837241,22.1996,34.422,474,42362,0.0448871,0.76,1,321612,321138,474
12840161,30.4799,40.7688,465,42412,0.0359548,0.79,1,321648,321183,465
12843081,33.1919,39.1075,462,42462,0.0323819,0.67,1,321683,321221,462
12846001,33.6768,38.443,458,42512,0.0309528,0.61,1,321717,321259,458
12848921,27.2707,32.7772,452,42562,0.0423811,0.51,1,321740,321288,452
12851841,21.7083,29.9109,442,42612,0.0469524,0.27,1,321758,321316,442
12854761,26.6833,34.1644,435,42662,0.060781,0.11,1,321788,321353,435
12857681,27.4733,35.8657,426,42711,0.0543124,0.03,1,321816,321390,426
12860601,34.3893,38.3463,425,42760,0.027725,0.03,1,321855,321430,425
12863521,37.7557,39.3385,425,42809,0.02909,0.01,1,321895,321470,425
12866441,36.1023,36.7354,425,42858,0.041636,0.03,1,321930,321505,425
12869361,24.0409,25.4942,423,42907,0.0226544,0.01,1,321946,321523,423
12872281,36.0164,35.9977,424,42956,0.0270618,0.05,1,321990,321566,424
12875201,32.4065,32.9991,423,43005,0.0168247,0.05,1,322020,321597,423
12878121,21.9626,13.1996,438,43054,0.0367299,0.05,1,322035,321597,438
12881041,29.185,14.2798,457,43103,0.044692,0.03,1,322069,321612,457
12883961,32.674,27.3119,456,43152,0.0718768,0.03,1,322104,321648,456
12886881,33.4696,31.9248,455,43201,0.0587507,0.03,1,322138,321683,455
12889801,27.1878,33.1699,444,43250,0.0415003,0.05,1,322161,321717,444
12892721,23.4751,27.068,442,43299,0.0346001,0.05,1,322182,321740,442
12895641,26.7901,21.6272,453,43348,0.04384,0.07,1,322211,321758,453
12901481,34.5264,27.4603,461,43446,0.0430144,0.01,1,322277,321816,461
12904401,37.8106,34.3841,462,43495,0.0352058,0.03,1,322317,321855,462
12907321,35.5242,37.7537,456,43544,0.0200823,0.05,1,322351,321895,456
12910241,24.4097,36.1015,438,43592,0.0140329,0.01,1,322368,321930,438
12913161,36.1639,24.0406,466,43640,0.0236132,0.03,1,322412,321946,466
12916081,31.8656,36.0162,451,43688,0.0274453,0.01,1,322441,321990,451
12919001,24.1462,32.4065,440,43736,0.0169781,0.05,1,322460,322020,440
12921921,30.0585,21.9626,459,43784,0.0247912,0.05,1,322494,322035,459
12924841,31.8234,29.185,458,43832,0.0759165,0.09,1,322527,322069,458
12945281,37.3662,34.5264,463,44168,0.0703914,0.03,1,322740,322277,463
12948201,34.7465,37.8106,456,44216,0.0281566,0.01,1,322773,322317,456
12951121,24.0986,35.5242,439,44264,0.0292626,0.01,1,322790,322351,439
12954041,36.0394,24.4097,466,44312,0.029705,0.03,1,322834,322368,466
12956961,31.8158,36.1639,451,44360,0.029882,0.03,1,322863,322412,451
12959881,24.1263,31.8656,441,44408,0.0179528,0.01,1,322882,322441,441
12962801,30.6505,24.1462,457,44456,0.0131811,0.03,1,322917,322460,457
12965721,13.4602,30.0585,425,44503,0.0112724,0.11,1,322919,322494,425
12968641,26.9841,31.8234,428,44550,0.022509,0.13,1,322955,322527,428
12971561,31.1936,33.1294,428,44597,0.0630036,0.13,1,322989,322561,428
12974481,26.2775,26.4517,429,44644,0.0672014,0.13,1,323012,322583,429
12977401,23.111,23.1807,429,44691,0.0928806,0.13,1,323033,322604,429
12980321,29.0444,28.4723,430,44738,0.0911522,0.21,1,323066,322636,430
12986161,30.3271,31.9156,429,44832,0.210184,0.01,1,323128,322699,429
12997841,35.7684,36.0394,423,45020,0.0855887,0.03,1,323257,322834,423
13000761,31.7074,31.8158,423,45067,0.0642355,0.01,1,323286,322863,423
13003681,24.0829,24.1263,423,45114,0.0436942,0.01,1,323305,322882,423
13006601,30.6332,30.6505,423,45161,0.0354777,0.01,1,323340,322917,423
13009521,13.4533,13.4602,423,45208,0.0321911,0.03,1,323342,322919,423
13012441,26.9813,26.9841,423,45255,0.0188764,0.09,1,323378,322955,423
13015361,31.7925,31.1936,424,45302,0.0135506,0.07,1,323413,322989,424
13018281,27.117,26.2775,425,45349,0.0234202,0.11,1,323437,323012,425
13021201,24.6468,23.111,427,45396,0.0393681,0.09,1,323460,323033,427
13024121,30.2587,29.0444,428,45442,0.0817472,0.19,1,323494,323066,428
13085441,36.0467,20.7786,475,46407,0.206187,0.19,1,324112,323637,475
13088361,28.8187,34.7114,455,46452,0.208475,0.19,1,324136,323681,455
13091281,22.3275,30.0846,446,46497,0.20939,0.17,1,324154,323708,446
13094201,29.331,23.4338,461,46542,0.209756,0.15,1,324188,323727,461
13097121,12.9324,30.3735,428,46587,0.209902,0.15,1,324190,323762,428
13100041,26.773,13.3494,462,46632,0.209961,0.11,1,324226,323764,462
13102961,32.3092,26.9398,462,46677,0.209984,0.09,1,324262,323800,462
13105881,27.3237,31.7759,451,46722,0.221994,0.13,1,324286,323835,451
13108801,25.3295,27.1104,451,46767,0.226798,0.15,1,324310,323859,451
13111721,32.3318,25.8441,463,46812,0.264719,0.13,1,324347,323884,463
13114641,35.1327,31.9377,464,46857,0.267888,0.15,1,324384,323920,464
13117561,33.2531,34.3751,460,46902,0.269155,0.15,1,324416,323956,460
13120481,33.1012,32.95,461,46947,0.281662,0.19,1,324449,323988,461
13132161,29.7002,36.0467,455,47127,0.405083,0.21,1,324567,324112,455
13135081,22.6801,28.8187,449,47172,0.420033,0.21,1,324585,324136,449
13138001,29.472,22.3275,465,47217,0.438013,0.21,1,324619,324154,465
13140921,12.9888,29.331,433,47262,0.445205,0.21,1,324621,324188,433
13143841,26.7955,12.9324,467,47307,0.448082,0.21,1,324657,324190,467
13146761,32.3182,26.773,467,47352,0.449233,0.21,1,324693,324226,467
13149681,14.1273,32.3092,433,47397,0.449693,0.23,1,324695,324262,433
13158441,32.9681,32.3318,436,47529,0.42982,0.27,1,324783,324347,436
13213921,36.5453,34.246,448,48365,0.773567,0.61,2,325334,324886,448
13216841,36.2181,34.0984,450,48409,0.795427,0.61,2,325370,324920,450
13219761,22.8872,22.0394,450,48453,0.816171,0.61,2,325384,324934,450
13222681,39.7549,38.2157,452,48496,0.836468,0.65,2,325435,324983,452
13225601,33.302,31.4863,454,48539,0.868587,0.65,2,325464,325010,454
13228521,24.7208,23.3945,455,48582,0.893435,0.73,2,325483,325028,455
13237281,27.7181,26.9372,457,48711,0.89694,0.71,2,325558,325101,457
13501541,103.719,94.3021,502,24266,0.09784,0.55,1,328239,327737,502
13504461,73.2877,85.7209,475,24353,0.045136,0.27,1,328292,327817,475
13507381,70.7151,77.4883,472,24440,0.0480544,0.03,1,328361,327889,472
13510301,66.686,80.1953,454,24527,0.0972218,0.05,1,328425,327971,454
13513221,69.8744,63.2781,474,24613,0.0388887,0.03,1,328497,328023,474
13516141,42.3498,63.1113,435,24699,0.0215555,0.01,1,328521,328086,435
13519061,30.7399,37.8445,437,24785,0.0386222,0.03,1,328544,328107,437
13521981,44.096,55.9378,422,24871,0.0694489,0.03,1,328597,328175,422
13524901,56.6384,60.7751,423,24956,0.0577796,0.01,1,328662,328239,423
13527821,54.4554,56.11,423,25041,0.0411118,0.05,1,328715,328292,423
13530741,63.1821,63.844,423,25126,0.0344447,0.13,1,328784,328361,423
13533661,63.6729,63.9376,423,25210,0.0437779,0,1,328848,328425,423
13536581,68.0691,68.775,422,25294,0.0355112,0.01,1,328919,328497,422
13539501,43.4277,41.91,425,25378,0.0442045,0.05,1,328946,328521,425
13542421,31.7711,30.564,426,25461,0.0596818,0.05,1,328970,328544,426
13551181,53.7533,53.6761,474,25710,0.0765396,0.03,1,329136,328662,474
13554101,62.9013,53.2704,490,25792,0.0366159,0.03,1,329205,328715,490
13557021,64.7605,62.7082,487,25874,0.0806463,0.05,1,329271,328784,487
13559941,67.3042,63.4833,492,25956,0.0742585,0.03,1,329340,328848,492
13562861,44.9217,67.9933,451,26038,0.0357034,0.05,1,329370,328919,451
13565781,32.9687,43.3973,449,26119,0.0322814,0.07,1,329395,328946,449
13568701,45.5875,31.7589,479,26200,0.0549125,0.17,1,329449,328970,479
13571621,54.235,42.7036,489,26281,0.075965,0.11,1,329509,329020,489
13574541,50.494,54.8814,474,26362,0.060386,0.05,1,329557,329083,474
13577461,61.5976,53.7526,490,26442,0.0421544,0.01,1,329626,329136,490
13580381,67.839,62.901,493,26522,0.0348618,0.11,1,329698,329205,493
13583301,65.5356,64.7604,491,26602,0.0199447,0.07,1,329762,329271,491
13586221,44.8142,67.3042,453,26682,0.0259779,0.01,1,329793,329340,453
13589141,32.9257,44.9217,448,26761,0.0403912,0.03,1,329818,329370,448
13592061,46.1703,32.9687,478,26840,0.0341565,0.07,1,329873,329395,478
13594981,19.6681,45.5875,426,26919,0.0316626,0.09,1,329875,329449,426
13597901,43.8672,54.235,426,26998,0.078665,0.05,1,329935,329509,426
13609581,65.6974,65.5356,424,27310,0.0979658,0.03,1,330186,329762,424
13612501,44.279,44.8142,423,27388,0.0691863,0.05,1,330216,329793,423
13615421,32.1116,32.9257,422,27465,0.0816745,0.03,1,330240,329818,422
13618341,46.4446,46.1703,423,27542,0.0746698,0.03,1,330296,329873,423
13621261,19.7779,19.6681,423,27619,0.0718679,0.11,1,330298,329875,423
13624181,45.1111,43.8672,425,27696,0.0947472,0.13,1,330360,329935,425
13644621,46.6852,46.4446,424,28226,0.212139,0.07,1,330720,330296,424
13647541,19.8741,19.7779,424,28301,0.222856,0.11,1,330722,330298,424
13650461,45.7496,45.1111,425,28376,0.263142,0.11,1,330785,330360,425
13665061,43.3344,61.2635,459,28747,0.402506,0.17,1,331067,330608,459
13667981,33.5338,42.5054,456,28821,0.443002,0.19,1,331094,330638,456
13726381,48.2842,49.7103,450,30255,0.758754,0.57,2,332048,331598,450
13729301,20.5137,21.0841,450,30325,0.765502,0.61,2,332050,331600,450
13732221,50.2055,49.2336,452,30395,0.756201,0.65,2,332120,331668,452
13735141,53.6822,52.0935,454,30465,0.80048,0.61,2,332176,331722,454
13738061,63.4729,64.0374,452,30534,0.818192,0.61,2,332246,331794,452
13740981,26.5891,26.815,452,30603,0.801277,0.73,2,332248,331796,452
13743901,55.0357,52.726,456,30672,0.878511,0.71,2,332322,331866,456
13746821,62.2143,60.6904,457,30741,0.897404,0.75,2,332389,331932,457
13851941,38.9657,48.791,481,33128,0.84328,1,2,333999,333518,481
13854861,55.1863,57.9164,483,33192,0.823312,1,2,334065,333582,483
13866541,59.0992,64.6075,479,33446,0.418853,1,1,334281,333802,479
13869461,41.0397,40.243,484,33509,0.401541,1,1,334310,333826,484
13901581,39.6495,41.0397,441,34197,0.403182,0.35,1,334751,334310,441
13904501,33.8598,35.6159,439,34259,0.431273,0.35,1,334781,334342,439
13977501,26.4345,32.4154,456,35769,0.783462,0.69,2,335743,335287,456
13980421,21.3738,23.7662,456,35828,0.799385,0.71,2,335761,335305,456
13983341,33.1495,32.9065,458,35887,0.793754,0.73,2,335802,335344,458
13986261,51.6598,52.7626,456,35946,0.827502,0.69,2,335866,335410,456
13989181,59.6639,60.105,456,36005,0.853001,0.67,2,335931,335475,456
14164381,31.7015,29.5837,521,39372,0.898,1,2,338253,337732,521
14167301,28.8806,31.0335,516,39426,0.8932,1,2,338280,337764,516
14173141,35.2209,43.1254,489,39533,0.856912,1,2,338355,337866,489
14176061,35.0884,35.2501,494,39586,0.828765,1,2,338390,337896,494
14184821,52.0457,46.416,492,39745,0.417121,1,1,338539,338047,492
14190661,33.1673,36.4666,488,39851,0.240739,1,1,338602,338114,488
14211101,29.6101,32.5089,495,40222,0.229806,0.81,1,338815,338320,495
14214021,30.444,34.0036,491,40274,0.253923,0.81,1,338846,338355,491
14216941,37.9776,34.6014,499,40326,0.227569,0.63,1,338889,338390,499
14219861,35.591,43.8406,483,40378,0.265028,0.49,1,338923,338440,483
14222781,47.2364,41.5362,498,40430,0.280011,0.31,1,338978,338480,498
14225701,39.2946,52.0145,473,40482,0.286004,0.25,1,339012,338539,473
14257821,34.8627,37.9776,467,41053,0.403408,0.29,1,339356,338889,467
14272421,40.0972,36.8871,478,41308,0.40231,0.37,1,339553,339075,478
14275341,28.0389,38.1549,459,41359,0.442924,0.37,1,339573,339114,459
14336661,38.0114,39.0494,449,42418,0.756296,0.59,2,340215,339766,449
14339581,34.4045,34.8197,449,42468,0.776518,0.55,2,340247,339798,449
14342501,47.9618,47.5279,450,42518,0.772607,0.57,2,340304,339854,450
14345421,39.5847,39.4112,450,42568,0.771043,0.63,2,340338,339888,450
14348341,28.4339,27.7645,451,42618,0.782417,0.59,2,340359,339908,451
14351261,36.5736,36.3058,451,42668,0.786967,0.65,2,340401,339950,451
14354181,44.0294,43.3223,452,42717,0.824787,0.65,2,340450,339998,452
14357101,29.6118,29.3289,452,42766,0.815915,0.65,2,340470,340018,452
14360021,25.0447,24.9316,452,42815,0.848366,0.65,2,340492,340040,452
14362941,23.2179,23.1726,452,42864,0.861346,0.69,2,340514,340062,452
14587781,36.3733,36.1705,522,46501,0.88552,1,2,343072,342550,522
14590701,33.1493,36.0682,517,46546,0.828208,1,2,343103,342586,517
14593621,34.8597,31.8273,524,46591,0.781283,1,2,343139,342615,524
14625741,32.1605,34.3325,501,47086,0.275324,0.97,1,343463,342962,501
14628661,34.4642,35.333,501,47131,0.21213,0.91,1,343499,342998,501
14637421,33.5257,33.1493,495,47266,0.0536563,0.75,1,343598,343103,495
14640341,28.4103,34.8597,484,47311,0.0994625,0.65,1,343623,343139,484
14643261,25.1641,30.1439,480,47356,0.045785,0.69,1,343646,343166,480
14646181,11.2656,27.0576,457,47401,0.036314,0.61,1,343648,343191,457
14649101,20.1063,30.023,451,47445,0.0445256,0.61,1,343674,343223,451
14652021,28.4425,30.0092,455,47489,0.0838102,0.61,1,343708,343253,455
14654941,28.177,31.8037,450,47533,0.0995241,0.55,1,343736,343286,450
14663701,26.0193,28.5074,440,47665,0.0973295,0.39,1,343803,343363,440
14669541,27.3231,29.4012,436,47753,0.0959727,0.23,1,343865,343429,436
14707501,19.2291,21.5483,423,48325,0.229945,0.09,1,344197,343774,423
14710421,26.8916,26.0193,426,48369,0.253978,0.11,1,344229,343803,426
14713341,33.5567,33.8077,425,48413,0.239591,0.09,1,344267,343842,425
14716261,27.8227,27.3231,426,48457,0.269837,0.11,1,344291,343865,426
14719181,29.7291,28.9292,427,48500,0.269935,0.15,1,344322,343895,427
14722101,32.2916,31.9717,427,48543,0.245974,0.15,1,344356,343929,427
14725021,33.3167,31.9887,429,48586,0.27239,0.19,1,344390,343961,429
14736701,22.9521,24.2621,427,48758,0.402253,0.11,1,344496,344069,427
14739621,10.3808,10.9048,427,48801,0.406901,0.13,1,344498,344071,427
14748381,30.1844,24.4819,459,48930,0.405962,0.19,1,344594,344135,459
14751301,21.6737,26.5928,447,48973,0.420385,0.21,1,344610,344163,447
14754221,19.4695,20.2371,449,49016,0.426154,0.25,1,344628,344179,449
14757141,27.5878,18.8948,464,49059,0.440462,0.27,1,344661,344197,464
14760061,34.4351,26.7579,471,49102,0.434185,0.23,1,344700,344229,471
14762981,28.174,33.5032,457,49145,0.431674,0.29,1,344724,344267,457
14765901,29.2696,27.8013,463,49188,0.43067,0.27,1,344754,344291,463
14768821,32.1078,29.7205,466,49231,0.430268,0.23,1,344788,344322,466
14771741,35.6431,32.2882,470,49274,0.442107,0.29,1,344826,344356,470
14850581,17.229,19.6731,447,50415,0.754361,0.55,2,345517,345070,447
14853501,29.0916,28.2692,450,50457,0.787745,0.59,2,345554,345104,450
14856421,35.0366,34.1077,451,50499,0.825098,0.59,2,345593,345142,451
14859341,28.4147,28.0431,451,50541,0.840039,0.59,2,345617,345166,451
14862261,29.3659,29.2172,451,50583,0.846016,0.59,2,345647,345196,451
14865181,32.1463,32.0869,451,50625,0.848406,0.57,2,345681,345230,451
14868101,36.2585,36.8348,450,50667,0.861363,0.59,2,345720,345270,450
14871021,33.7034,32.1339,453,50709,0.842545,0.63,2,345752,345299,453
14873941,35.6814,34.4536,454,50751,0.859018,0.65,2,345789,345335,454
15364501,66.4064,45.6249,555,29265,0.898,1,2,351745,351190,555
15367421,49.9626,68.65,510,29337,0.8452,1,2,351784,351274,510
15393701,43.6692,66.4064,464,29980,0.419591,0.81,1,352209,351745,464
15425821,41.1999,38.4677,446,30747,0.779321,0.53,2,352690,352244,446
15428741,56.08,54.3871,447,30816,0.773728,0.57,2,352756,352309,447
15431661,44.632,43.3548,448,30885,0.783491,0.57,2,352793,352345,448
15434581,57.4528,55.7419,450,30954,0.787397,0.55,2,352859,352409,450
15437501,45.1811,45.0968,449,31022,0.812959,0.55,2,352896,352447,449
15440421,34.8724,34.8387,449,31090,0.823183,0.71,2,352924,352475,449
15443341,56.549,52.9355,455,31158,0.791273,0.67,2,352995,352540,455
15446261,41.8196,40.3742,455,31226,0.814509,0.69,2,353027,352572,455
15449181,32.9278,31.7497,456,31294,0.835804,0.69,2,353054,352598,456
15452101,45.5711,12.6999,510,31362,0.796322,0.77,2,353108,352598,510
15455021,42.8285,36.8799,498,31429,0.780529,0.81,2,353149,352651,498
15457941,56.7314,38.152,525,31496,0.798211,0.77,2,353215,352690,525
15460861,44.2926,54.8608,495,31563,0.805285,0.79,2,353251,352756,495
15463781,57.317,44.1443,524,31630,0.808114,0.79,2,353317,352793,524
15466701,46.3268,57.2577,497,31697,0.857246,0.83,2,353356,352859,497
15589341,42.8795,32.0361,544,34389,0.874,1,2,355232,354688,544
15598101,58.1123,39.5623,544,34572,0.772336,1,2,355373,354829,544
15615621,56.4888,39.6134,539,34938,0.0765881,1,1,355623,355084,539
15618541,44.1955,57.2454,506,34999,0.0366352,1,1,355659,355153,506
15621461,44.6782,45.6982,513,35059,0.0326541,0.79,1,355704,355191,513
15624381,35.2713,42.8793,501,35119,0.0130616,0.95,1,355733,355232,501
15627301,35.1085,36.9517,503,35179,0.0472247,0.93,1,355768,355265,503
15630221,47.6434,35.7807,524,35239,0.0368899,0.67,1,355824,355300,524
15633141,37.6574,58.1123,482,35299,0.0207559,0.61,1,355855,355373,482
15636061,34.8629,43.6449,481,35359,0.0383024,0.53,1,355888,355407,481
15638981,31.3452,39.658,473,35419,0.021321,0.39,1,355917,355444,473
15641901,26.3381,36.2632,462,35479,0.0145284,0.21,1,355940,355478,462
15644821,36.3352,34.3053,472,35539,0.0478114,0.11,1,355983,355511,472
15647741,52.9341,40.7221,491,35598,0.0371245,0,1,356047,355556,491
15650661,43.9736,56.4888,462,35657,0.0328498,0.01,1,356085,355623,462
15653581,18.7895,44.1955,428,35716,0.0311399,0.03,1,356087,355659,428
15656501,31.5158,44.6782,423,35775,0.054456,0,1,356127,355704,423
15659421,29.4063,35.2713,422,35834,0.0217824,0.07,1,356155,355733,422
15662341,33.9625,35.1085,424,35893,0.050713,0.03,1,356192,355768,424
15665261,46.585,47.6434,423,35952,0.0622852,0.01,1,356247,355824,423
15668181,37.834,37.6574,424,36011,0.0549141,0.05,1,356279,355855,424
15671101,35.5336,34.8629,425,36070,0.0879656,0.01,1,356313,355888,425
15674021,30.4134,31.3452,423,36129,0.0891863,0.01,1,356340,355917,423
15676941,25.9654,26.3381,423,36187,0.0776745,0.07,1,356363,355940,423
15679861,37.3862,36.3352,425,36245,0.0370698,0.03,1,356408,355983,425
15682781,52.1545,52.9341,423,36303,0.0328279,0.03,1,356470,356047,423
15685701,43.6618,43.9736,423,36361,0.0191312,0.03,1,356508,356085,423
15688621,18.6647,18.7895,423,36419,0.0136525,0.07,1,356510,356087,423
15691541,30.8659,31.5158,422,36477,0.047461,0,1,356549,356127,422
15694461,29.1464,29.4063,422,36535,0.0189844,0.07,1,356577,356155,422
15697381,36.2585,33.9625,426,36593,0.0495938,0.07,1,356618,356192,426
15700301,45.7034,46.585,423,36651,0.0498375,0.05,1,356670,356247,423
15703221,37.4814,37.834,423,36709,0.025935,0.11,1,356702,356279,423
15706141,36.5925,35.5336,425,36767,0.016374,0.09,1,356738,356313,425
15709061,30.237,30.4134,424,36824,0.0485496,0.07,1,356764,356340,424
15711981,25.2948,25.9654,423,36881,0.0614198,0.01,1,356786,356363,423
15714901,37.7179,37.3862,424,36938,0.0425679,0.03,1,356832,356408,424
15729501,27.9344,12.3464,449,37223,0.0718119,0,1,356998,356549,449
15732421,36.3738,21.7385,463,37280,0.0587248,0.07,1,357040,356577,463
15735341,45.7495,33.2954,474,37337,0.0414899,0.05,1,357092,356618,474
15738261,36.8998,44.5182,453,37394,0.034596,0.01,1,357123,356670,453
15741181,36.3599,37.0073,457,37451,0.0318384,0.01,1,357159,356702,457
15744101,30.744,36.4029,448,37507,0.0547354,0.07,1,357186,356738,448
15747021,25.4976,30.1612,444,37563,0.0758941,0.07,1,357208,356764,444
15755781,43.7038,51.6823,463,37731,0.224937,0.13,1,357356,356893,463
15758701,18.6815,43.4729,427,37787,0.251975,0.13,1,357358,356931,427
15761621,30.8726,18.5892,464,37843,0.27479,0.09,1,357397,356933,464
15767461,36.6196,27.9343,465,37955,0.297166,0.05,1,357463,356998,465
15770381,45.2478,36.3737,474,38011,0.292867,0.03,1,357514,357040,474
15773301,36.0991,45.7495,452,38067,0.291147,0.03,1,357544,357092,452
15779141,31.6959,36.3599,451,38177,0.299783,0.07,1,357610,357159,451
15787901,56.7965,38.399,495,38342,0.294946,0.19,1,357750,357255,495
15790821,46.7186,53.7596,471,38397,0.291978,0.27,1,357790,357319,471
15793741,19.8874,43.7038,436,38452,0.290791,0.27,1,357792,357356,436
15796661,31.955,18.6815,474,38507,0.290317,0.29,1,357832,357358,474
15817101,30.8321,31.6959,436,38890,0.404907,0.31,1,358046,357610,436
15820021,26.7328,26.4783,437,38944,0.407963,0.35,1,358070,357633,437
15822941,41.2931,39.9913,439,38998,0.445185,0.27,1,358121,357682,439
15825861,56.1173,56.7965,437,39052,0.448074,0.29,1,358187,357750,437
15828781,45.8469,46.7186,436,39106,0.43723,0.29,1,358226,357790,436
15831701,19.5388,19.8874,436,39160,0.432892,0.29,1,358228,357792,436
15901781,57.0431,41.9324,518,40434,0.782369,0.65,2,359082,358564,518
15904701,45.6173,56.973,489,40486,0.798948,0.63,2,359120,358631,489
15907621,19.4469,46.1892,452,40538,0.805579,0.63,2,359122,358670,452
15910541,37.7788,19.6757,500,40590,0.808232,0.69,2,359172,358672,500
15913461,31.3115,34.8703,482,40642,0.833293,0.71,2,359199,358717,482
16114941,37.7166,30.7625,528,44081,0.835827,1,2,361610,361082,528
16117861,34.8867,30.305,531,44129,0.808331,1,2,361643,361112,531
16135381,27.4737,38.1791,505,44417,0.402247,1,1,361822,361317,505
16141221,22.3958,33.2287,494,44511,0.298359,0.99,1,361867,361373,494
16144141,28.1583,34.8915,490,44558,0.257344,1,1,361899,361409,490
16147061,32.8633,44.5566,475,44605,0.240938,0.97,1,361935,361460,475
16149981,38.9453,41.8226,478,44652,0.246375,0.99,1,361978,361500,478
16152901,35.3781,40.7291,471,44699,0.23655,0.95,1,362011,361540,471
16155821,28.5513,34.2916,465,44746,0.22062,0.75,1,362035,361570,465
16182101,22.5417,25.9895,435,45169,0.200156,0.29,1,362282,361847,435
16187941,26.6467,28.1583,434,45263,0.203625,0.23,1,362333,361899,434
16190861,31.0587,32.8633,432,45310,0.20745,0.25,1,362367,361935,432
16193781,38.8235,38.9453,433,45357,0.20898,0.23,1,362411,361978,433
16196701,34.1294,35.3781,431,45403,0.233592,0.21,1,362442,362011,431
16199621,27.4518,28.5513,430,45449,0.231437,0.17,1,362465,362035,430
16202541,31.9807,33.6205,428,45495,0.254575,0.15,1,362500,362072,428
16205461,28.9923,30.2482,427,45541,0.26383,0.09,1,362527,362100,427
16208381,27.1969,27.6993,427,45587,0.267532,0.13,1,362553,362126,427
16211301,28.2788,27.2797,429,45633,0.281013,0.15,1,362582,362153,429
16217141,29.7246,28.9648,430,45725,0.298162,0.15,1,362645,362215,430
16237581,39.461,28.9835,475,46047,0.402571,0.21,1,362842,362367,475
16240501,34.3844,37.9934,462,46093,0.407028,0.25,1,362873,362411,462
16243421,28.1538,33.7974,455,46139,0.420811,0.23,1,362897,362442,455
16290141,34.342,28.1538,480,46864,0.773804,0.47,2,363377,362897,480
16293061,29.3368,32.8615,470,46909,0.795522,0.47,2,363403,362933,470
16295981,28.5347,28.7446,472,46954,0.804209,0.47,2,363431,362959,472
16298901,28.8139,28.2978,473,46999,0.795683,0.47,2,363460,362987,473
16301821,34.9256,28.1191,484,47044,0.792273,0.53,2,363499,363015,484
16304741,30.7702,33.4477,475,47089,0.802909,0.55,2,363527,363052,475
16307661,23.7081,29.5791,467,47134,0.795164,0.57,2,363546,363079,467
16310581,29.8832,22.6316,483,47179,0.792066,0.61,2,363580,363097,483
16313501,23.9533,28.2526,471,47224,0.790826,0.61,2,363600,363129,471
16316421,23.3813,23.3011,474,47269,0.814331,0.61,2,363623,363149,474
16319341,29.7525,22.5204,486,47314,0.823732,0.67,2,363657,363171,486
16322261,31.101,28.2082,486,47359,0.827493,0.67,2,363689,363203,486
16325181,13.6404,30.4833,456,47404,0.828997,0.73,2,363691,363235,456
16328101,36.0562,41.5933,458,47448,0.829599,0.73,2,363742,363284,458
16331021,32.4225,34.6373,458,47492,0.84184,0.77,2,363772,363314,458
16333941,29.169,28.8549,460,47536,0.858736,0.79,2,363799,363339,460
16336861,35.6676,34.342,462,47580,0.889494,0.81,2,363839,363377,462
16339781,29.867,29.3368,462,47624,0.877798,0.81,2,363865,363403,462
16342701,28.7468,28.5347,462,47668,0.897119,0.79,2,363893,363431,462
16345621,28.8987,28.8139,462,47712,0.892848,0.79,2,363922,363460,462
16348541,34.3595,34.9256,461,47756,0.867139,0.81,2,363960,363499,461
16351461,31.1438,30.7702,462,47800,0.856856,0.79,2,363989,363527,462
16354381,23.2575,23.7081,461,47844,0.852742,0.79,2,364007,363546,461
16357301,29.703,29.8832,461,47888,0.851097,0.79,2,364041,363580,461
16360221,24.4812,23.9533,462,47932,0.862439,0.83,2,364062,363600,462
16363141,22.9925,23.3813,461,47976,0.866975,0.83,2,364084,363623,461
16366061,30.797,29.7525,463,48020,0.89279,0.83,2,364120,363657,463
16555861,34.6938,27.2497,512,50795,0.891145,1,2,366050,365538,512
16558781,31.2775,30.6999,508,50836,0.806458,1,2,366079,365571,508
16669741,26.4785,29.1925,472,52385,0.755233,0.53,2,367101,366629,472
16672661,29.1914,25.477,480,52425,0.764093,0.61,2,367132,366652,480
16675581,29.6766,27.5908,481,52465,0.791637,0.55,2,367162,366681,481
16678501,32.2706,30.8363,482,52505,0.802655,0.59,2,367196,366714,482
16681421,17.7083,30.3345,460,52545,0.807062,0.65,2,367204,366744,460
16684341,25.0833,17.5338,481,52585,0.844825,0.65,2,367234,366753,481
16687261,14.8333,25.0135,459,52625,0.85993,0.61,2,367242,366783,459
16690181,29.3333,14.8054,490,52665,0.877972,0.65,2,367281,366791,490
16693101,28.5333,28.1222,481,52705,0.885189,0.63,2,367309,366828,481
16696021,22.2133,28.6489,470,52745,0.888075,0.59,2,367327,366857,470
16698941,16.0853,22.2595,464,52785,0.88923,0.63,2,367339,366875,464
16920861,394.821,422.851,470,24820,0.778,0.91,2,369698,369228,470
16947141,72.7477,80.9683,476,26287,0.777751,0.63,2,370174,369698,476
16950061,33.8991,46.7873,460,26368,0.809101,0.63,2,370182,369722,460
16952981,25.5596,23.5149,472,26448,0.82164,0.65,2,370202,369730,472
16955901,48.6239,20.806,517,26528,0.826656,0.67,2,370266,369749,517
16958821,66.2495,44.9224,534,26608,0.852662,0.69,2,370344,369810,534
16961741,76.8998,65.369,539,26688,0.875065,0.67,2,370428,369889,539
17069781,87.4271,81.1723,563,29481,0.852326,1,2,372410,371847,563
17072701,56.5708,81.6689,517,29553,0.790931,1,2,372446,371929,517
17075621,43.0283,56.0676,512,29625,0.790372,1,2,372480,371968,512
17125261,67.2829,71.1247,449,30816,0.777389,0.59,2,373237,372788,449
17128181,77.9132,78.2499,451,30885,0.784955,0.63,2,373322,372871,451
17131101,51.5653,50.4999,453,30954,0.811982,0.57,2,373356,372903,453
17134021,42.2261,42.4,452,31022,0.870793,0.67,2,373392,372940,452
17136941,56.4904,55.96,453,31090,0.882317,0.63,2,373458,373005,453
17151541,44.6127,15.2073,514,31429,0.89956,0.77,2,373610,373096,514
17154461,69.4451,40.2829,543,31496,0.893824,0.81,2,373696,373153,543
17300461,38.6332,39.1302,512,34694,0.871358,0.98,2,375947,375435,512
17303381,27.4533,33.0521,503,34755,0.834543,1,2,375967,375464,503
17306301,32.5813,30.0208,511,34816,0.783817,1,2,376003,375492,511
17355941,30.3334,37.0978,451,35834,0.773962,0.53,2,376683,376232,451
17358861,55.3334,59.8391,448,35893,0.807585,0.61,2,376755,376307,448
17361781,44.3333,44.3356,451,35952,0.821034,0.55,2,376792,376341,451
17364701,35.7333,36.9343,449,36011,0.826414,0.57,2,376822,376373,449
17367621,35.2933,35.1737,450,36070,0.792565,0.55,2,376857,376407,450
17370541,23.1173,23.0695,450,36129,0.791026,0.61,2,376872,376422,450
17373461,32.0469,30.8278,452,36187,0.826411,0.57,2,376910,376458,452
17376381,37.4188,37.5311,451,36245,0.828564,0.65,2,376951,376500,451
17379301,38.9675,37.2124,454,36303,0.781426,0.71,2,376991,376537,454
17382221,67.787,64.085,459,36361,0.78657,0.75,2,377078,376619,459
17385141,28.3148,26.834,459,36419,0.788628,0.77,2,377080,376621,459
17388061,30.5259,29.3336,460,36477,0.801451,0.79,2,377112,376652,460
17390981,30.2104,30.3334,459,36535,0.86658,0.83,2,377142,376683,459
17393901,56.4841,55.3334,461,36593,0.868632,0.83,2,377216,376755,461
17536981,34.12,42.6099,487,39322,0.88888,1,2,379099,378612,487
17539901,29.848,30.844,491,39376,0.793552,1,2,379126,378635,491
17542821,36.5392,34.5376,495,39430,0.755421,1,2,379167,378672,495
17554501,34.8858,41.0362,482,39643,0.410299,1,1,379294,378812,482
17560341,37.7417,32.9658,491,39749,0.230048,1,1,379368,378877,491
17566181,50.0787,47.8745,482,39855,0.0668076,0.93,1,379478,378996,482
17569101,38.0315,40.7498,476,39908,0.0327231,0.99,1,379508,379032,476
17572021,34.4126,37.2999,473,39961,0.0670892,0.83,1,379540,379067,473
17574941,28.765,34.12,466,40014,0.0808357,0.73,1,379565,379099,466
17577861,23.506,29.848,459,40067,0.0623343,0.73,1,379585,379126,459
17580781,32.2024,11.9392,497,40120,0.0429337,0.73,1,379623,379126,497
17583701,30.881,29.3757,486,40173,0.0471735,0.65,1,379653,379167,486
17586621,22.5524,33.3503,467,40226,0.0368694,0.55,1,379670,379203,467
17589541,25.221,27.1401,471,40278,0.0327478,0.43,1,379697,379226,471
17592461,31.0884,28.256,477,40330,0.0550991,0.35,1,379732,379255,477
17595381,31.0354,34.7024,469,40382,0.0760396,0.31,1,379763,379294,469
17598301,30.4141,34.281,465,40434,0.0964159,0.15,1,379793,379328,465
17601221,46.9657,37.7124,483,40486,0.0685663,0.05,1,379851,379368,483
17604141,48.1863,51.685,471,40538,0.0934265,0.03,1,379900,379429,471
17607061,36.6745,50.074,451,40590,0.0673706,0.01,1,379929,379478,451
17609981,35.6698,38.0296,456,40642,0.0329482,0.09,1,379964,379508,456
17612901,27.4679,34.4118,446,40694,0.0431793,0.09,1,379986,379540,446
17615821,22.9872,28.7647,441,40746,0.0352717,0.05,1,380006,379565,441
17618741,32.5949,23.5059,460,40798,0.0561087,0.03,1,380045,379585,460
17621661,30.4379,32.2024,451,40850,0.0524435,0.05,1,380074,379623,451
17624581,24.7752,30.8809,442,40902,0.0509774,0.03,1,380095,379653,442
17627501,24.3101,22.5524,449,40954,0.062391,0.03,1,380119,379670,449
17630421,31.924,25.221,459,41006,0.0549564,0.07,1,380156,379697,459
17633341,32.5696,31.0884,457,41057,0.0639826,0.09,1,380189,379732,457
17636261,31.0278,31.0354,456,41108,0.079593,0.11,1,380219,379763,456
17639181,44.2111,30.4141,479,41159,0.0978372,0.05,1,380272,379793,479
17642101,48.8845,46.9657,473,41210,0.0811349,0.11,1,380324,379851,473
17645021,35.1538,48.1863,450,41261,0.086454,0.05,1,380350,379900,450
17647941,36.2615,36.6745,458,41312,0.0525816,0.01,1,380387,379929,458
17650861,28.3046,35.6698,446,41363,0.0390326,0.05,1,380410,379964,446
17653781,22.1218,27.4679,442,41414,0.0336131,0.03,1,380428,379986,442
17656701,34.0487,22.9872,464,41465,0.0674452,0.07,1,380470,380006,464
17688821,35.1384,36.2615,423,42022,0.211432,0.03,1,380810,380387,423
17691741,27.8554,28.3046,423,42072,0.234573,0.03,1,380833,380410,423
17694661,21.9421,22.1218,423,42122,0.243829,0.09,1,380851,380428,423
17697581,36.3769,34.0487,427,42172,0.211532,0.13,1,380897,380470,427
17709261,21.8784,21.5404,429,42372,0.213015,0.15,1,380973,380544,429
17712181,30.3514,30.2162,429,42422,0.223206,0.15,1,381009,380580,429
17715101,32.5406,32.4865,429,42472,0.227282,0.15,1,381043,380614,429
17718021,31.6162,31.5946,429,42522,0.264913,0.15,1,381074,380645,429
17744301,13.72,13.7403,430,42966,0.405156,0.19,1,381357,380927,430
17747221,19.288,18.6961,431,43015,0.420063,0.19,1,381380,380949,431
17755981,32.6744,28.5566,466,43162,0.402004,0.23,1,381475,381009,466
17758901,32.2698,31.8226,464,43211,0.406802,0.29,1,381507,381043,464
17761821,47.1079,31.329,490,43260,0.444721,0.35,1,381564,381074,490
17811461,37.3387,35.0173,485,44081,0.758524,0.53,2,382126,381641,485
17814381,29.3355,36.8069,471,44129,0.76541,0.53,2,382150,381679,471
17817301,23.7342,29.1228,467,44177,0.768164,0.51,2,382170,381703,467
17820221,36.4937,23.0491,493,44225,0.793266,0.57,2,382215,381722,493
17823141,33.1975,35.6196,480,44273,0.791306,0.61,2,382246,381766,480
17826061,14.479,31.6479,453,44321,0.790522,0.57,2,382248,381795,453
17828981,19.5916,13.8591,474,44369,0.778209,0.61,2,382271,381797,474
17831901,23.4366,19.3437,477,44417,0.773284,0.61,2,382297,381820,477
17834821,32.7747,22.1375,492,44464,0.831313,0.67,2,382336,381844,492
17837741,14.3099,31.055,457,44511,0.854525,0.73,2,382338,381881,457
17840661,27.3239,33.422,458,44558,0.88781,0.71,2,382374,381916,458
18030461,37.2426,38.5795,494,47536,0.881136,1,2,384455,383961,494
18033381,28.6971,35.2318,484,47580,0.802455,1,2,384478,383994,484
18047981,33.6932,32.2913,502,47800,0.404611,1,1,384655,384153,502
18053821,15.7109,20.5266,496,47888,0.411538,0.94,1,384683,384187,496
18056741,20.0844,28.0106,486,47932,0.410615,0.92,1,384706,384220,486
18120981,39.0076,12.6571,478,48890,0.423291,0.29,1,385327,384849,478
18123901,30.603,30.2628,461,48933,0.427317,0.33,1,385352,384891,461
18126821,23.6412,28.3051,453,48976,0.440927,0.31,1,385371,384918,453
18129741,30.4565,22.1221,470,49019,0.434371,0.31,1,385406,384936,470
18188141,35.9852,36.5332,481,49872,0.758793,0.51,2,385984,385503,481
18191061,25.1941,33.2133,468,49914,0.765517,0.59,2,386002,385534,468
18193981,14.8776,24.0853,458,49956,0.768207,0.59,2,386010,385552,458
18196901,19.1511,14.4341,472,49998,0.769283,0.55,2,386032,385560,472
18199821,22.0604,20.1737,472,50040,0.781713,0.55,2,386056,385584,472
18202741,31.0242,22.4695,485,50082,0.810685,0.57,2,386093,385608,485
18205661,22.0097,29.3878,467,50124,0.834274,0.61,2,386109,385642,467
18208581,25.6039,21.3551,479,50166,0.85571,0.61,2,386137,385658,479
18211501,30.6415,25.342,485,50208,0.864284,0.59,2,386171,385686,485
18214421,42.8566,31.1368,501,50250,0.843714,0.65,2,386222,385721,501
18217341,32.7426,40.6547,480,50292,0.859485,0.67,2,386248,385768,480
18220261,14.2971,31.8619,456,50334,0.865794,0.73,2,386250,385794,456
18223181,18.3188,24.1448,458,50376,0.892318,0.75,2,386271,385813,458
18496201,127.424,113.52,491,24905,0.216688,0.53,1,389172,388681,491
18507881,48.4109,48.9429,457,25244,0.211227,0.37,1,389306,388849,457
18510801,67.3643,45.3772,494,25328,0.270491,0.31,1,389386,388892,494
18513721,48.5457,57.1509,465,25412,0.282196,0.29,1,389422,388957,465
18525401,40.5308,36.1863,468,25744,0.425736,0.17,1,389652,389184,468
18528321,30.6123,37.2745,454,25826,0.416294,0.19,1,389676,389222,454
18531241,48.2449,30.5098,488,25908,0.424518,0.23,1,389736,389248,488
18557521,72.8352,48.244,531,26636,0.780282,0.53,2,390267,389736,531
18560441,50.7341,69.6976,483,26716,0.798113,0.51,2,390303,389820,483
18563361,67.6936,50.079,525,26795,0.793245,0.53,2,390382,389857,525
18566281,93.0775,66.2316,558,26874,0.827298,0.63,2,390492,389934,558
18569201,38.431,90.0926,454,26953,0.840919,0.65,2,390494,390040,454
18572121,24.3724,44.4371,455,27032,0.858368,0.71,2,390509,390054,455
18575041,34.349,41.1748,457,27110,0.829347,0.69,2,390550,390093,457
18577961,29.3396,31.4699,458,27188,0.853739,0.77,2,390576,390118,458
18580881,48.9358,48.588,460,27266,0.839496,0.81,2,390638,390178,460
18583801,74.1743,72.8352,462,27344,0.845798,0.81,2,390729,390267,462
18586721,51.2697,50.7341,462,27421,0.860319,0.79,2,390765,390303,462
18700601,95.3763,92.111,498,30287,0.874,1,2,392852,392354,498
18703521,60.3505,55.4444,504,30357,0.7996,1,2,392889,392385,504
18729801,83.2928,95.3763,461,30979,0.0962958,0.75,1,393313,392852,461
18732721,53.1171,60.3505,457,31047,0.0565183,0.69,1,393346,392889,457
18735641,39.8468,42.1402,458,31115,0.0526073,0.73,1,393377,392919,458
18738561,27.3387,31.2561,453,31183,0.0510429,0.61,1,393396,392943,453
18741481,23.5355,24.5024,454,31251,0.0504172,0.57,1,393417,392963,454
18744401,28.6142,35.001,444,31319,0.0621669,0.57,1,393449,393005,444
18747321,28.8457,14.0004,473,31387,0.0428667,0.55,1,393478,393005,473
18750241,45.1383,23.6002,499,31454,0.0831467,0.17,1,393534,393035,499
18773601,30.0795,23.53,456,31988,0.0883979,0.07,1,393873,393417,456
18776521,27.6318,28.612,450,32054,0.0773592,0.03,1,393899,393449,450
18788201,83.3058,55.4621,527,32318,0.235692,0.17,1,394163,393636,527
18791121,53.7223,80.9848,463,32383,0.244277,0.15,1,394197,393734,463
18794041,39.4889,52.7939,459,32448,0.271711,0.17,1,394227,393768,459
18796961,26.5956,39.1176,447,32513,0.282684,0.15,1,394245,393798,447
18799881,21.4382,28.247,444,32578,0.299074,0.09,1,394263,393819,444
18823241,55.1696,53.7223,436,33094,0.403133,0.29,1,394633,394197,436
18826161,40.0679,39.4889,436,33158,0.443253,0.29,1,394663,394227,436
18896241,22.3789,27.9053,469,34656,0.757814,0.63,2,395594,395125,469
18899161,30.5516,22.5621,486,34717,0.765126,0.63,2,395630,395144,486
18902081,28.4206,30.6248,477,34778,0.78005,0.65,2,395657,395180,477
18905001,12.5682,27.8499,453,34839,0.78602,0.65,2,395659,395206,453
18907921,42.8273,12.34,514,34900,0.812408,0.67,2,395722,395208,514
18910841,41.1309,42.136,492,34961,0.834963,0.65,2,395762,395270,492
18913761,58.4524,40.2544,523,35021,0.867985,0.67,2,395832,395309,523
19086041,37.4073,34.4339,534,38418,0.85,1,2,398186,397652,534
19088961,48.5629,58.7736,515,38473,0.766,1,2,398242,397727,515
19094801,67.6501,66.6438,535,38583,0.42616,1,1,398379,397844,535
19100641,39.984,43.063,514,38693,0.254186,1,1,398442,397928,514
19103561,30.9936,38.2252,504,38748,0.251674,1,1,398467,397963,504
19115241,25.1822,30.6138,478,38965,0.0902029,0.95,1,398561,398083,478
19118161,26.8729,32.0455,473,39019,0.0780811,0.92,1,398589,398116,473
19121081,23.3492,29.0182,467,39073,0.0852325,0.79,1,398610,398143,467
19124001,30.9397,37.4073,460,39127,0.076093,0.71,1,398646,398186,460
19126921,40.5759,48.5629,451,39181,0.0724372,0.49,1,398693,398242,451
19156121,25.8358,26.8729,425,39717,0.200606,0.09,1,399014,398589,425
19159041,22.3343,23.3492,424,39770,0.230242,0.07,1,399034,398610,424
19161961,30.5337,30.9397,424,39823,0.206097,0.07,1,399070,398646,424
19164881,42.2135,40.5759,427,39876,0.220439,0.17,1,399120,398693,427
19167801,49.2854,47.4303,429,39929,0.202175,0.15,1,399174,398745,429
19170721,59.3142,59.7721,427,39982,0.24287,0.13,1,399240,398813,427
19173641,36.3257,37.1089,426,40035,0.247148,0.15,1,399261,398835,426
19176561,36.7303,35.8435,428,40088,0.248859,0.15,1,399298,398870,428
19179481,29.0921,14.3374,452,40141,0.249544,0.15,1,399322,398870,452
19182401,18.8368,21.335,438,40194,0.261817,0.09,1,399334,398896,438
19185321,24.3347,16.334,453,40247,0.278727,0.13,1,399362,398909,453
19188241,28.9339,20.9336,461,40299,0.285491,0.17,1,399394,398933,461
19205761,49.552,42.2079,484,40611,0.431816,0.19,1,399604,399120,484
19252481,38.732,36.2483,485,41435,0.763866,0.51,2,400177,399692,485
19255401,32.2928,37.8993,474,41486,0.779546,0.55,2,400205,399731,474
19258321,21.3171,30.1597,463,41537,0.785819,0.59,2,400219,399756,463
19261241,9.72685,19.8639,452,41588,0.788327,0.61,2,400221,399769,452
19264161,20.6907,24.7456,452,41639,0.789331,0.63,2,400249,399797,452
19267081,29.2763,30.2982,453,41690,0.825732,0.63,2,400284,399831,453
19270001,26.1105,26.5193,453,41741,0.816293,0.63,2,400308,399855,453
19272921,26.0442,26.2077,453,41792,0.836517,0.63,2,400334,399881,453
19275841,24.2177,23.6831,454,41843,0.832607,0.65,2,400357,399903,454
19278761,29.4871,28.6732,455,41893,0.819043,0.65,2,400390,399935,455
19281681,45.3948,44.4693,456,41943,0.789617,0.73,2,400446,399990,456
19284601,54.7579,53.1877,458,41993,0.837847,0.73,2,400507,400049,458
19287521,62.7032,62.0751,458,42043,0.893139,0.73,2,400575,400117,458
19442281,342.209,345.776,515,20440,0.825939,0.97,2,402727,402212,515
19518201,88.6135,99.0936,448,21256,0.753572,0.55,2,403764,403316,448
19521121,79.2454,82.8374,449,21356,0.787429,0.51,2,403837,403388,449
19524041,70.0982,71.535,449,21455,0.800971,0.65,2,403901,403452,449
19526961,78.4393,75.414,455,21554,0.866389,0.67,2,403985,403530,455
19529881,58.9757,57.1656,456,21652,0.880555,0.71,2,404031,403575,456
19532801,42.7903,41.4662,457,21750,0.886222,0.71,2,404063,403606,457
19535721,38.7161,38.1865,457,21848,0.888489,0.79,2,404099,403642,457
19649601,89.7329,96.689,472,25356,0.802,1,2,406687,406215,472
19661281,49.8508,47.1728,543,25689,0.268739,1,1,406887,406344,543
19670041,70.7504,40.6991,567,25935,0.0601593,1,1,407056,406489,567
19672961,79.3002,75.6796,553,26017,0.0540637,0.67,1,407141,406588,553
19675881,67.1201,89.6718,513,26098,0.0396255,0.47,1,407200,406687,513
19678801,46.648,80.2687,472,26179,0.0338502,0.41,1,407233,406761,472
19681721,38.4592,54.3075,468,26260,0.0315401,0.27,1,407266,406798,468
19684641,45.9837,42.123,485,26341,0.018616,0.21,1,407317,406832,485
19687561,37.5935,49.8492,462,26421,0.0134464,0.11,1,407349,406887,462
19690481,39.6374,43.9397,463,26501,0.00537856,0.11,1,407390,406927,463
19693401,68.655,40.3759,513,26581,0.0321514,0.01,1,407478,406965,513
19696321,77.862,70.7503,506,26661,0.0188606,0.05,1,407562,407056,506
19699241,66.5448,79.3001,480,26740,0.0375442,0.03,1,407621,407141,480
19702161,47.0179,67.1201,455,26819,0.0330177,0.03,1,407655,407200,455
19705081,38.0072,46.648,454,26898,0.0132071,0.03,1,407687,407233,454
19708001,16.4029,38.4592,423,26977,0.0352828,0.01,1,407689,407266,423
19710921,36.5611,45.9837,422,27056,0.0561131,0.01,1,407739,407317,422
19713841,35.0245,37.5935,424,27134,0.0284453,0,1,407773,407349,424
19716761,37.4098,39.6374,422,27212,0.0413781,0.05,1,407812,407390,422
19719681,68.3639,68.655,423,27290,0.0465512,0.01,1,407901,407478,423
19722601,77.7456,77.862,423,27368,0.0366205,0.05,1,407985,407562,423
19725521,66.4982,66.5448,423,27445,0.0446482,0.03,1,408044,407621,423
19728441,47.5993,47.0179,424,27522,0.0238593,0,1,408079,407655,424
19731361,37.0397,38.0072,422,27599,0.0275437,0.05,1,408109,407687,422
19734281,16.0159,16.4029,422,27676,0.0110175,0.07,1,408111,407689,422
19737201,37.6064,36.5611,424,27753,0.034407,0.01,1,408163,407739,424
19740121,34.2425,35.0245,422,27829,0.0677628,0.05,1,408195,407773,422
19743041,37.097,37.4098,422,27905,0.0571051,0.05,1,408234,407812,422
19745961,68.2388,68.3639,422,27981,0.028842,0.03,1,408323,407901,422
19748881,77.6955,77.7456,422,28057,0.0655368,0.05,1,408407,407985,422
19751801,66.4782,66.4982,422,28132,0.0682147,0.01,1,408466,408044,422
19754721,47.5913,47.5993,422,28207,0.0272859,0.03,1,408501,408079,422
19757641,37.0365,37.0397,422,28282,0.0409144,0,1,408531,408109,422
19760561,16.0146,16.0159,422,28357,0.0223657,0,1,408533,408111,422
19763481,38.2058,6.40635,475,28432,0.0269463,0.05,1,408586,408111,475
19766401,34.4823,33.7625,455,28506,0.0287785,0.09,1,408618,408163,455
19769321,35.9929,32.705,460,28580,0.0295114,0.05,1,408655,408195,460
19772241,67.7972,36.482,510,28654,0.0298046,0.01,1,408744,408234,510
19775161,78.7189,67.9928,507,28728,0.0539218,0.09,1,408830,408323,507
19778081,66.8875,77.5971,482,28802,0.0635687,0.07,1,408889,408407,482
19781001,46.555,66.4388,456,28876,0.0914275,0,1,408922,408466,456
19783921,36.622,47.5755,451,28949,0.090571,0.05,1,408952,408501,451
19786841,15.8488,37.0302,423,29022,0.0902284,0.01,1,408954,408531,423
19789761,38.7395,16.0121,475,29095,0.0540914,0.03,1,409008,408533,475
19792681,34.6958,38.2048,454,29168,0.0516365,0.03,1,409040,408586,454
19795601,35.4783,34.4819,458,29241,0.0266546,0.03,1,409076,408618,458
19798521,67.5913,35.9928,510,29313,0.0406618,0.03,1,409165,408655,510
19801441,80.4365,67.7971,510,29385,0.0702647,0.07,1,409254,408744,510
19830641,82.0552,80.4365,428,30098,0.0800888,0.15,1,409682,409254,428
19833561,70.6221,68.7746,430,30168,0.0620355,0.17,1,409745,409315,430
19836481,46.8488,46.1098,430,30238,0.0788142,0.13,1,409776,409346,430
19839401,36.7395,36.4439,430,30308,0.0975257,0.13,1,409806,409376,430
19842321,15.8958,15.7776,430,30378,0.0810103,0.17,1,409808,409378,430
19859841,79.2956,82.0552,423,30794,0.210082,0.05,1,410105,409682,423
19862761,69.5183,70.6221,423,30863,0.270033,0.09,1,410168,409745,423
19891961,71.7021,76.8623,497,31542,0.425235,0.31,1,410602,410105,497
19894881,49.0808,68.5449,468,31609,0.440094,0.35,1,410636,410168,468
19929921,17.4055,39.4323,447,32404,0.767117,0.49,2,411116,410669,447
19932841,41.7622,16.9729,503,32469,0.828847,0.55,2,411174,410671,503
19935761,39.5049,39.7892,486,32534,0.853539,0.57,2,411212,410726,486
19938681,17.002,37.5157,452,32599,0.863415,0.57,2,411214,410762,452
19941601,26.6008,16.2063,483,32664,0.879366,0.59,2,411247,410764,483
19944521,64.6403,25.6825,541,32729,0.861747,0.65,2,411337,410796,541
19947441,27.0561,63.073,455,32794,0.854699,0.65,2,411339,410884,455
19950361,66.0225,81.0292,454,32858,0.875879,0.67,2,411431,410977,454
19953281,67.809,73.2117,455,32922,0.848352,0.69,2,411500,411045,455
19956201,50.5236,50.2847,459,32986,0.825341,0.77,2,411539,411080,459
19959121,42.4094,40.5139,462,33050,0.804136,0.79,2,411576,411114,462
19962041,18.1638,17.4055,462,33114,0.795655,0.87,2,411578,411116,462
19964961,43.8655,41.7622,465,33178,0.828262,0.87,2,411639,411174,465
19967881,40.3462,39.5049,465,33242,0.829305,0.87,2,411677,411212,465
19970801,17.3385,17.002,465,33306,0.853722,0.89,2,411679,411214,465
19973721,26.1354,26.6008,464,33370,0.875489,0.85,2,411711,411247,464
19976641,64.4542,64.6403,464,33433,0.896196,0.85,2,411801,411337,464
20093441,31.7026,24.9339,500,35876,0.874,1,2,413493,412993,500
20096361,33.0811,36.3736,490,35935,0.8656,1,2,413527,413037,490
20099281,38.4324,42.7494,485,35994,0.86824,1,2,413569,413084,485
20102201,36.973,33.2998,494,36053,0.785296,1,2,413605,413111,494
20110961,37.8863,37.9632,484,36229,0.414819,1,1,413720,413236,484
20113881,55.3545,56.5853,482,36287,0.207928,1,1,413787,413305,482
20119721,45.2167,40.8536,495,36403,0.0824684,1,1,413895,413400,495
20122641,36.6867,33.1415,498,36461,0.0389874,1,1,413926,413428,498
20125561,24.8747,34.2566,480,36519,0.0215949,0.79,1,413943,413463,480
20128481,24.3499,31.7026,474,36577,0.00863798,0.86,1,413967,413493,474
20131401,27.1399,33.0811,469,36635,0.0214552,0.87,1,413996,413527,469
20134321,31.856,38.4324,462,36693,0.0145821,0.73,1,414031,413569,462
20137241,31.9424,36.973,458,36751,0.0238328,0.61,1,414063,413605,458
20140161,28.977,35.7892,450,36809,0.0635331,0.45,1,414090,413640,450
20143081,36.1908,40.7157,447,36866,0.0434133,0.33,1,414131,413684,447
20146001,31.8763,37.8863,440,36923,0.0353653,0.07,1,414160,413720,440
20148921,44.5505,55.3545,426,36980,0.0441461,0.03,1,414213,413787,426
20151841,64.0202,69.5418,424,37037,0.0236584,0.07,1,414290,413866,424
20154761,43.0081,45.2167,424,37094,0.0274634,0.01,1,414319,413895,424
20157681,36.4032,36.6867,425,37151,0.0289854,0.01,1,414351,413926,425
20160601,22.3613,14.6747,438,37208,0.0115941,0.01,1,414364,413926,438
20163521,23.3445,16.0699,445,37265,0.00463766,0,1,414388,413943,445
20166441,26.7378,20.8279,450,37322,0.0318551,0.03,1,414417,413967,450
20169361,31.6951,25.7312,456,37379,0.042742,0.01,1,414452,413996,456
20172281,31.878,31.2925,453,37436,0.0170968,0.03,1,414484,414031,453
20175201,29.5512,31.717,449,37492,0.0248387,0.09,1,414512,414063,449
20178121,35.8205,28.8868,462,37548,0.0639355,0.03,1,414552,414090,462
20181041,31.7282,36.1547,450,37604,0.0915742,0.03,1,414581,414131,450
20183961,46.2913,31.8619,477,37660,0.0666297,0.05,1,414637,414160,477
20186881,62.9165,44.5448,498,37716,0.0446519,0.01,1,414711,414213,498
20189801,46.1666,64.0179,456,37772,0.0598608,0.03,1,414746,414290,456
20192721,34.0666,43.0072,453,37828,0.0299443,0.03,1,414772,414319,453
20195641,21.4267,36.4029,434,37884,0.0179777,0,1,414785,414351,434
20198561,22.9707,22.3611,445,37940,0.0131911,0,1,414809,414364,445
20201481,26.5883,23.3445,450,37996,0.0232764,0.05,1,414838,414388,450
20204401,31.6353,26.7378,456,38052,0.0273106,0.05,1,414873,414417,456
20207321,31.8541,31.6951,453,38108,0.0109242,0,1,414905,414452,453
20210241,30.7416,31.878,451,38163,0.0103697,0.03,1,414935,414484,451
20213161,37.4967,29.5512,465,38218,0.0221479,0.09,1,414977,414512,465
20216081,31.7987,35.8205,453,38273,0.0508591,0.11,1,415005,414552,453
20219001,47.5195,31.7282,482,38328,0.0623437,0.05,1,415063,414581,482
20221921,60.4078,46.2913,495,38383,0.0309375,0.03,1,415132,414637,495
20224841,46.9631,62.9165,459,38438,0.030375,0.07,1,415170,414711,459
20227761,33.1852,46.1666,448,38493,0.01215,0.01,1,415194,414746,448
20230681,21.0741,34.0666,435,38548,0.01086,0.01,1,415207,414772,435
20233601,22.2296,21.4267,445,38603,0.022344,0.01,1,415230,414785,445
20236521,10.0919,22.9707,423,38658,0.0269376,0.03,1,415232,414809,423
20239441,20.8367,26.5883,422,38713,0.016775,0.03,1,415260,414838,422
20242361,29.3347,31.6353,422,38768,0.02471,0,1,415295,414873,422
20245281,31.5339,31.8541,423,38822,0.015884,0.01,1,415328,414905,423
20248201,30.6136,30.7416,423,38876,0.0243536,0.03,1,415358,414935,423
20251121,38.6454,37.4967,425,38930,0.0157414,0.07,1,415402,414977,425
20254041,32.8582,31.7987,426,38984,0.0362966,0.07,1,415431,415005,426
20256961,49.1433,47.5195,428,39038,0.0565186,0.01,1,415491,415063,428
20259881,57.4573,60.4078,422,39092,0.0766075,0.03,1,415554,415132,422
20262801,46.3829,46.9631,423,39146,0.096643,0,1,415593,415170,423
20265721,32.9532,33.1852,423,39200,0.0806572,0.01,1,415617,415194,423
20268641,20.9813,21.0741,423,39254,0.0622629,0.03,1,415630,415207,423
20271561,22.1925,22.2296,423,39308,0.0309051,0.03,1,415653,415230,423
20274481,10.077,10.0919,423,39362,0.0183621,0.01,1,415655,415232,423
20277401,20.2308,20.8367,422,39416,0.0133448,0.03,1,415682,415260,422
20280321,29.0923,29.3347,422,39470,0.0233379,0.01,1,415717,415295,422
20283241,31.4369,31.5339,422,39524,0.0153352,0.03,1,415750,415328,422
20286161,30.5748,30.6136,422,39577,0.0121341,0.01,1,415780,415358,422
20289081,38.6299,38.6454,422,39630,0.0348536,0.05,1,415824,415402,422
20292001,34.052,32.8582,424,39683,0.0679414,0.07,1,415855,415431,424
20294921,50.8208,49.1433,426,39736,0.0691766,0.09,1,415917,415491,426
20318281,28.4692,8.09232,456,40160,0.0669689,0.03,1,416138,415682,456
20321201,31.1877,24.2369,454,40213,0.0447876,0.01,1,416171,415717,454
20324121,30.4751,29.4948,451,40266,0.035915,0.01,1,416201,415750,451
20327041,38.59,29.7979,465,40318,0.044366,0.05,1,416245,415780,465
20329961,35.236,38.3192,454,40370,0.0357464,0.09,1,416278,415824,454
20332881,50.6944,33.9277,484,40422,0.0322986,0.07,1,416339,415855,484
20335801,59.2778,50.7711,487,40474,0.0429194,0.17,1,416404,415917,487
20379601,33.7821,48.9111,450,41249,0.217996,0.13,1,416896,416446,450
20382521,20.1128,33.3644,438,41300,0.237199,0.15,1,416907,416469,438
20385441,20.6451,19.9458,448,41351,0.232879,0.15,1,416928,416480,448
20388361,9.45805,19.9783,430,41402,0.231152,0.15,1,416930,416500,430
20391281,19.9832,9.19132,455,41453,0.254461,0.15,1,416957,416502,455
20394201,27.7933,19.2765,462,41504,0.263784,0.19,1,416990,416528,462
20397121,12.3173,26.9106,432,41555,0.267514,0.21,1,416992,416560,432
20400041,22.9269,29.9642,430,41606,0.293005,0.15,1,417022,416592,430
20402961,25.9708,30.5857,427,41657,0.279202,0.13,1,417050,416623,427
20408801,35.1153,35.6137,428,41759,0.297872,0.13,1,417128,416700,428
20432161,21.241,19.9832,436,42160,0.403032,0.27,1,417393,416957,436
20435081,27.6964,27.7933,435,42210,0.431213,0.27,1,417425,416990,435
20516841,29.1407,23.2232,485,43590,0.773399,0.61,2,418321,417836,485
20519761,12.8563,29.0893,454,43638,0.78336,0.67,2,418323,417869,454
20522681,24.3425,12.8357,484,43686,0.823344,0.65,2,418355,417871,484
20525601,27.137,23.7343,482,43734,0.827338,0.65,2,418384,417902,482
20528521,38.4548,26.2937,500,43782,0.852935,0.69,2,418430,417930,500
20531441,35.7819,37.5175,489,43830,0.875174,0.69,2,418464,417975,489
20534361,52.7128,35.407,519,43878,0.88407,0.71,2,418528,418009,519
20537281,64.2851,51.9628,528,43926,0.899628,0.71,2,418600,418072,528
20705181,211.017,232.006,483,20440,0.2116,1,1,420902,420419,483
20741681,96.8827,90.641,493,21270,0.066256,0.67,1,421039,420546,493
20744601,74.1531,84.8564,471,21370,0.0805024,0.35,1,421098,420627,471
20747521,56.0612,72.9426,450,21469,0.086201,0.25,1,421142,420692,450
20750441,39.8245,48.977,446,21568,0.0764804,0.13,1,421171,420725,446
20753361,29.7298,39.3908,436,21666,0.0605922,0.07,1,421194,420758,436
20756281,46.6919,45.7563,444,21764,0.0542369,0.05,1,421252,420808,444
20759201,93.6768,74.7025,475,21861,0.0876947,0.01,1,421377,420902,475
20767961,54.0913,58.493,424,22151,0.0965725,0.07,1,421566,421142,424
20770881,39.6365,40.7972,425,22247,0.092629,0.05,1,421596,421171,425
20776721,46.5418,46.8476,423,22437,0.0640206,0.11,1,421675,421252,423
20779641,96.0167,93.739,427,22532,0.0556083,0.11,1,421804,421377,427
20782561,88.2067,37.4956,510,22626,0.0882433,0.11,1,421887,421377,510
20785481,71.8827,66.5982,485,22720,0.0892973,0.11,1,421948,421463,485
20788401,54.5531,63.2393,467,22813,0.0897189,0.09,1,421991,421524,467
20791321,39.8212,50.4957,455,22906,0.0898876,0.09,1,422021,421566,455
20794241,27.9285,38.1983,445,22999,0.089955,0.13,1,422041,421596,445
20800081,96.2686,46.3117,552,23183,0.0707928,0.05,1,422227,421675,552
20814681,27.8811,39.8189,445,23636,0.200165,0.09,1,422466,422021,445
20817601,44.7525,27.9275,481,23726,0.218066,0.11,1,422522,422041,481
20829281,52.4193,72.6429,431,24081,0.42083,0.19,1,422805,422374,431
20867241,99.6244,98.2283,449,25201,0.774743,0.61,2,423538,423089,449
20870161,98.0498,95.0913,453,25285,0.795897,0.65,2,423635,423182,453
20873081,40.4199,39.2365,453,25369,0.804359,0.71,2,423637,423184,453
20876001,57.568,54.6946,457,25453,0.831744,0.71,2,423706,423249,457
20878921,48.2272,21.8778,499,25536,0.818697,0.73,2,423748,423249,499
20881841,38.4909,33.9511,489,25619,0.813479,0.71,2,423780,423291,489
20884761,28.5963,33.3805,478,25702,0.823392,0.71,2,423802,423324,478
20887681,45.6385,26.5522,513,25784,0.827357,0.73,2,423859,423346,513
20890601,101.055,44.2209,595,25866,0.828943,0.81,2,423997,423402,595
20893521,98.6222,99.2884,556,25948,0.829577,0.81,2,424094,423538,556
20896441,40.6489,97.9153,461,26030,0.829831,0.81,2,424096,423635,461
20899361,58.8595,40.3661,530,26111,0.817932,0.85,2,424167,423637,530
20902281,48.7438,57.5465,503,26192,0.837173,0.81,2,424209,423706,503
20905201,38.6975,48.2186,493,26273,0.856869,0.81,2,424241,423748,493
20998641,67.5079,94.9628,517,28739,0.212343,1,1,426034,425517,517
21004481,43.4413,54.554,507,28886,0.0759749,1,1,426107,425600,507
21007401,44.9765,44.0216,516,28959,0.03039,0.99,1,426153,425637,516
21010321,34.1906,39.8086,506,29032,0.030156,1,1,426180,425674,506
21013241,34.0762,35.1235,508,29105,0.0120624,1,1,426214,425706,508
21016161,31.6305,35.6494,502,29178,0.082825,0.97,1,426244,425742,502
21019081,72.0522,34.0598,568,29251,0.07513,0.57,1,426343,425775,568
21022001,66.0209,87.4239,507,29323,0.096052,0.27,1,426405,425898,507
21030761,41.9053,45.6031,464,29539,0.0803073,0.05,1,426529,426065,464
21033681,44.9621,43.4413,469,29611,0.0741229,0,1,426576,426107,469
21036601,33.5849,44.9765,449,29682,0.0476492,0.03,1,426602,426153,449
21039521,34.4339,34.1906,457,29753,0.0370597,0,1,426637,426180,457
21042441,32.9736,34.0762,455,29824,0.0448239,0.13,1,426669,426214,455
21045361,14.3894,31.6305,427,29895,0.0479295,0.07,1,426671,426244,427
21057041,39.594,41.7633,427,30177,0.220827,0.03,1,426914,426487,427
21059961,38.0376,41.9053,422,30247,0.226331,0.07,1,426951,426529,422
21062881,44.015,44.9621,423,30317,0.204532,0.03,1,426999,426576,423
21080401,65.6876,64.4623,429,30733,0.204805,0.19,1,427263,426834,429
21083321,59.275,56.9849,432,30802,0.231922,0.25,1,427318,426886,432
21086241,40.51,39.594,432,30871,0.242769,0.23,1,427346,426914,432
21089161,37.804,38.0376,431,30940,0.259108,0.19,1,427382,426951,431
21092081,42.7216,44.015,429,31008,0.289643,0.09,1,427428,426999,429
21097921,32.9955,33.9224,426,31144,0.294743,0.13,1,427486,427060,426
21112521,60.3936,64.291,486,31482,0.413063,0.25,1,427749,427263,486
21115441,42.1574,58.7164,461,31549,0.423225,0.25,1,427779,427318,461
21118361,39.063,40.2866,470,31616,0.41529,0.27,1,427816,427346,470
21121281,43.2252,37.7146,480,31683,0.424116,0.31,1,427862,427382,480
21124201,31.6901,42.6858,458,31750,0.427646,0.31,1,427886,427428,458
21127121,33.676,31.4743,469,31817,0.417059,0.29,1,427921,427452,469
21130041,33.2704,32.9897,468,31883,0.400823,0.33,1,427954,427486,468
21141721,61.3605,66.9837,498,32147,0.429157,0.43,1,428191,427693,498
21176761,37.3702,42.5442,446,32928,0.753098,0.51,2,428667,428221,446
21179681,37.1481,38.6177,447,32992,0.763239,0.55,2,428704,428257,447
21182601,44.8592,43.6471,450,33056,0.779296,0.57,2,428754,428304,450
21185521,32.3437,31.8588,450,33120,0.785718,0.57,2,428778,428328,450
21188441,33.3375,33.1435,450,33184,0.812287,0.59,2,428812,428362,450
21191361,33.735,32.4574,452,33248,0.822915,0.59,2,428846,428394,452
21194281,14.694,14.183,452,33312,0.827166,0.63,2,428848,428396,452
21197201,73.0776,72.2732,453,33375,0.864866,0.71,2,428960,428507,453
21378241,39.6516,31.0335,510,37098,0.8596,1,2,431579,431069,510
21381161,35.0606,39.4134,497,37155,0.75784,1,2,431611,431114,497
21389921,35.0279,29.2825,526,37326,0.415942,1,1,431708,431182,526
21395761,33.8045,36.0052,519,37440,0.252551,1,1,431776,431257,519
21401601,51.7287,53.8808,522,37552,0.0488081,1,1,431879,431357,522
21404521,45.8915,44.3523,526,37608,0.0855232,1,1,431921,431395,526
21407441,47.1566,55.5409,511,37664,0.0762093,1,1,431969,431458,511
21410361,42.8626,43.8164,515,37720,0.0484837,0.94,1,432009,431494,515
21413281,34.5451,48.1265,493,37776,0.0253935,0.79,1,432038,431545,493
21416201,31.218,39.6506,488,37832,0.0401574,0.69,1,432067,431579,488
21419121,25.6872,35.0602,478,37888,0.034063,0.59,1,432089,431611,478
21422041,24.6749,31.4241,473,37944,0.0436252,0.47,1,432113,431640,473
21424961,28.47,30.5696,474,38000,0.0834501,0.33,1,432144,431670,474
21436641,49.66,39.3218,481,38222,0.0659283,0.01,1,432300,431819,481
21439561,46.864,51.7287,466,38277,0.0683713,0.11,1,432345,431879,466
21442481,45.7456,45.8915,469,38332,0.0693485,0.07,1,432390,431921,469
21445401,42.8982,47.1566,462,38387,0.0337394,0.03,1,432431,431969,462
21448321,34.5593,42.8626,451,38442,0.0434958,0.01,1,432460,432009,451
21451241,31.2237,34.5451,451,38497,0.0353983,0.05,1,432489,432038,451
21454161,26.2895,31.218,445,38552,0.0681593,0.03,1,432512,432067,445
21457081,24.3158,25.6872,446,38607,0.0692637,0.05,1,432535,432089,446
21460001,10.9263,24.6749,424,38662,0.0697055,0.11,1,432537,432113,424
21471681,32.5693,34.1501,425,38880,0.227336,0.03,1,432665,432240,425
21474601,47.8277,49.66,423,38934,0.216935,0.07,1,432723,432300,423
21480441,45.9324,45.7456,425,39042,0.0935095,0.01,1,432815,432390,425
21483361,41.773,42.8982,423,39096,0.0674038,0.05,1,432854,432431,423
21486281,35.9092,34.5593,426,39150,0.0689615,0.03,1,432886,432460,426
21489201,30.5637,31.2237,424,39204,0.0575846,0.09,1,432913,432489,424
21492121,26.0255,26.2895,424,39258,0.0650338,0.07,1,432936,432512,424
21495041,23.0102,24.3158,422,39312,0.0800135,0.07,1,432957,432535,422
21497961,10.4041,10.9263,422,39366,0.0860054,0.13,1,432959,432537,422
21518401,44.1892,45.9324,423,39740,0.0609031,0.05,1,433238,432815,423
21521321,40.4757,41.773,422,39793,0.0663613,0.07,1,433276,432854,422
21524241,35.9903,35.9092,423,39846,0.0925445,0.05,1,433309,432886,423
21533001,22.7514,23.0102,424,40005,0.0940029,0.09,1,433381,432957,424
21535921,10.3006,10.4041,424,40058,0.0916011,0.09,1,433383,432959,424
21559281,40.1983,44.179,461,40478,0.200359,0.07,1,433699,433238,461
21588481,49.5239,34.2477,488,40998,0.212752,0.17,1,434012,433524,488
21591401,42.0096,49.0991,466,41049,0.247101,0.19,1,434049,433583,466
21594321,40.8038,41.2396,470,41100,0.27284,0.19,1,434089,433619,470
21597241,39.7215,40.4959,469,41151,0.295136,0.21,1,434128,433659,469
21626441,33.7027,35.3098,432,41661,0.437841,0.23,1,434385,433953,432
21670241,50.721,49.4811,445,42414,0.77106,0.53,2,434890,434445,445
21673161,46.0884,43.7924,448,42464,0.794424,0.59,2,434933,434485,448
21676081,43.0354,41.517,449,42514,0.77977,0.55,2,434974,434525,449
21679001,41.2141,40.6068,449,42564,0.809908,0.61,2,435014,434565,449
21681921,37.4857,36.6427,450,42614,0.809963,0.57,2,435049,434599,450
21684841,32.9943,32.6571,450,42664,0.833985,0.57,2,435079,434629,450
21687761,27.5977,27.4628,450,42713,0.819594,0.59,2,435103,434653,450
21690681,24.2391,23.5851,451,42762,0.825838,0.59,2,435125,434674,451
21693601,10.8956,10.6341,451,42811,0.828335,0.63,2,435127,434676,451
21696521,28.9583,28.2536,452,42860,0.841334,0.65,2,435168,434716,452
21699441,32.5833,31.1014,454,42909,0.870534,0.65,2,435203,434749,454
21702361,14.2333,13.6406,454,42958,0.882213,0.69,2,435205,434751,454
21912601,23.6382,29.7856,510,46363,0.85,0.89,2,437595,437085,510
21915521,25.0553,28.7142,508,46408,0.778,1,2,437621,437113,508
21927201,34.5198,51.1639,503,46588,0.437565,1,1,437760,437257,503
21938881,35.0405,31.2282,511,46768,0.292914,1,1,437886,437375,511
21941801,30.2162,33.4913,503,46813,0.231165,1,1,437913,437410,503
21944721,40.8865,33.1965,518,46858,0.230466,1,1,437961,437443,518
21947641,28.9546,42.6786,490,46903,0.242186,1,1,437982,437492,490
21950561,28.9818,31.4714,495,46948,0.210875,1,1,438011,437516,495
21953481,28.3927,29.9886,494,46993,0.24635,0.85,1,438039,437545,494
21956401,20.9571,30.5954,479,47038,0.26054,0.81,1,438055,437576,479
21959321,22.7828,23.6382,484,47083,0.218216,0.73,1,438079,437595,484
21962241,25.3131,25.0553,485,47128,0.237286,0.67,1,438106,437621,485
21965161,19.7253,28.6221,470,47173,0.244915,0.57,1,438122,437652,470
21968081,37.8901,25.2488,497,47218,0.259966,0.43,1,438172,437675,497
21971001,31.956,44.2995,468,47263,0.265986,0.39,1,438200,437732,468
21973921,33.1824,34.5198,474,47308,0.280395,0.33,1,438234,437760,474
21976841,22.873,36.0079,453,47353,0.298158,0.39,1,438250,437797,453
22081961,31.2091,26.9552,483,48927,0.752441,0.67,2,439241,438758,483
22084881,44.8836,29.3821,506,48970,0.774976,0.67,2,439295,438789,506
22087801,32.3535,42.9528,478,49013,0.819991,0.69,2,439319,438841,478
22090721,29.1414,30.9811,482,49056,0.837996,0.69,2,439346,438864,482
22093641,30.8566,28.5925,487,49099,0.869199,0.69,2,439378,438891,487
22096561,20.7426,30.637,469,49142,0.881679,0.69,2,439392,438923,469
22099481,22.697,20.6548,479,49185,0.886672,0.73,2,439416,438937,479
22105321,20.1915,26.4648,471,49271,0.899067,0.73,2,439461,438990,471
22108241,38.6766,20.1859,506,49314,0.881627,0.69,2,439512,439006,506
22111161,32.2706,38.0744,484,49357,0.898651,0.71,2,439540,439056,484
22430901,337.627,342.122,512,24820,0.406,0.93,1,443122,442610,512
22477621,95.9003,111.74,467,24820,0.07216,0.91,1,443244,442777,467
22480541,74.3601,64.4958,494,24905,0.034864,0.69,1,443304,442810,494
22483461,68.1441,65.9983,491,24990,0.0319456,0.61,1,443368,442877,491
22486381,59.0576,68.3993,474,25075,0.0127782,0.09,1,443421,442947,474
22489301,50.623,75.9597,438,25160,0.0711113,0.03,1,443466,443028,438
22492221,39.4492,50.7839,436,25244,0.0344445,0.01,1,443498,443062,436
22495141,31.9797,35.9136,437,25328,0.0317778,0.01,1,443525,443088,437
22498061,35.5919,34.7654,441,25412,0.0187111,0.05,1,443563,443122,441
22500981,55.6368,41.5062,464,25495,0.0254845,0,1,443632,443168,464
22503901,79.2547,62.2025,483,25578,0.0101938,0.01,1,443727,443244,483
22506821,69.5019,60.881,486,25661,0.0340775,0.03,1,443790,443304,486
22509741,59.6008,62.7524,475,25744,0.091631,0,1,443843,443368,475
22512661,52.0403,56.901,469,25826,0.0906524,0.11,1,443890,443421,469
22515581,40.0161,49.7604,456,25908,0.078261,0.01,1,443922,443466,456
22518501,30.4064,39.1042,448,25990,0.0313044,0.03,1,443946,443498,448
22521421,34.9626,31.8417,459,26072,0.0305218,0.01,1,443984,443525,459
22524341,55.985,35.5367,491,26153,0.0302087,0.03,1,444054,443563,491
22527261,79.394,55.6147,517,26234,0.0120835,0,1,444149,443632,517
22530181,70.1576,79.2459,486,26315,0.0228334,0.05,1,444213,443727,486
22533101,61.063,69.4983,478,26396,0.0871334,0.13,1,444268,443790,478
22538941,38.4501,52.0397,454,26556,0.202341,0.07,1,444344,443890,454
22541861,29.18,40.0159,445,26636,0.206937,0,1,444367,443922,445
22547701,56.3888,34.9625,492,26795,0.0631098,0.03,1,444476,443984,492
22550621,79.5555,55.985,517,26874,0.0252439,0,1,444571,444054,517
22553541,33.0222,79.394,424,26953,0.0400976,0.03,1,444573,444149,424
22556461,51.6089,70.1576,424,27032,0.034039,0.13,1,444637,444213,424
22559381,56.0436,61.063,428,27110,0.0316156,0.21,1,444696,444268,428
22562301,53.0174,52.6252,432,27188,0.0666462,0.23,1,444747,444315,432
22565221,39.207,38.4501,433,27266,0.0566585,0.21,1,444777,444344,433
22568141,27.6828,29.18,430,27344,0.0406634,0.05,1,444797,444367,430
22571061,29.0731,34.472,422,27421,0.0582654,0.03,1,444827,444405,422
22573981,54.8292,56.3888,423,27498,0.0293061,0,1,444899,444476,423
22576901,78.3317,79.5555,422,27575,0.0297225,0.05,1,444993,444571,422
22579821,32.5327,33.0222,422,27652,0.011889,0.03,1,444995,444573,422
22582741,51.4131,51.6089,422,27729,0.0107556,0.03,1,445059,444637,422
22585661,56.5652,56.0436,423,27805,0.0103022,0.09,1,445119,444696,423
22588581,53.8261,53.0174,424,27881,0.0461209,0.05,1,445171,444747,424
22591501,38.3304,39.207,422,27957,0.0724484,0.03,1,445199,444777,422
22594421,27.9322,27.6828,423,28033,0.0469793,0.07,1,445220,444797,423
22597341,28.5729,29.0731,422,28109,0.0847917,0.01,1,445249,444827,422
22600261,54.6291,54.8292,422,28184,0.0639167,0.03,1,445321,444899,422
22603181,78.2517,78.3317,422,28259,0.0315667,0,1,445415,444993,422
22606101,32.5007,32.5327,422,28334,0.0126267,0.01,1,445417,444995,422
22609021,51.4003,51.4131,422,28409,0.0350507,0.01,1,445481,445059,422
22611941,55.9601,20.5652,481,28484,0.0440203,0.01,1,445540,445059,481
22614861,54.784,44.2261,475,28558,0.0956081,0.07,1,445594,445119,475
22617781,38.7136,48.8904,451,28632,0.0922432,0.09,1,445622,445171,451
22626541,53.0937,28.257,493,28854,0.0584636,0.05,1,445742,445249,493
22629461,77.6375,54.5028,515,28927,0.0413854,0.01,1,445836,445321,515
22632381,32.255,78.2011,423,29000,0.0165542,0,1,445838,445415,423
22635301,51.302,32.4804,485,29073,0.0246217,0.05,1,445902,445417,485
22638221,55.9208,51.3922,480,29146,0.0398487,0.05,1,445961,445481,480
22641141,57.1683,55.9569,479,29219,0.0579395,0.13,1,446019,445540,479
22644061,39.6673,54.7827,453,29291,0.0651758,0.09,1,446047,445594,453
22646981,29.0669,38.7131,447,29363,0.0800703,0.11,1,446069,445622,447
22661581,50.4663,32.255,485,29722,0.0980007,0.03,1,446323,445838,485
22664501,57.3865,51.302,483,29793,0.0692003,0.05,1,446385,445902,483
22667421,24.1546,55.9208,426,29864,0.0336801,0.07,1,446387,445961,426
22670341,43.8618,57.1683,425,29935,0.055472,0.07,1,446444,446019,425
22673261,34.9447,39.6673,426,30006,0.0881888,0.09,1,446473,446047,426
22682021,52.0845,49.4107,433,30217,0.0865241,0.17,1,446597,446164,433
22684941,74.2338,76.1643,428,30287,0.0766096,0.17,1,446686,446258,428
22687861,30.8935,31.6657,428,30357,0.0486438,0.05,1,446688,446260,428
22690781,46.5574,50.4663,422,30427,0.0374575,0.05,1,446745,446323,422
22693701,57.023,57.3865,424,30497,0.044983,0.01,1,446809,446385,424
22696621,24.6092,24.1546,425,30566,0.0599932,0.07,1,446812,446387,425
22699541,44.0437,43.8618,425,30635,0.0899973,0.11,1,446869,446444,425
22714141,73.652,74.2338,423,30979,0.229987,0.03,1,447109,446686,423
22717061,30.6608,30.8935,423,31047,0.229995,0.03,1,447111,446688,423
22719981,45.8643,46.5574,422,31115,0.205998,0.05,1,447167,446745,422
22722901,57.9457,57.023,424,31183,0.208399,0.07,1,447233,446809,424
22725821,24.3783,24.6092,423,31251,0.20936,0.11,1,447235,446812,423
22728741,45.1513,44.0437,425,31319,0.209744,0.11,1,447294,446869,425
22737501,32.1217,23.4588,462,31521,0.201344,0.13,1,447384,446922,462
22740421,51.8487,30.3835,492,31588,0.254537,0.19,1,447449,446957,492
22752101,57.7321,45.821,495,31856,0.427332,0.21,1,447662,447167,495
22755021,24.2928,57.9284,431,31922,0.440933,0.21,1,447664,447233,431
22757941,45.1171,24.3714,488,31988,0.446373,0.21,1,447723,447235,488
22760861,37.8469,45.1485,462,32054,0.448549,0.17,1,447756,447294,462
22801741,55.0485,54.5262,449,32966,0.770262,0.65,2,448333,447884,449
22833861,55.9009,55.0485,459,33665,0.794384,0.69,2,448792,448333,459
22836781,81.7604,83.8194,455,33728,0.839753,0.65,2,448891,448436,455
22839701,33.9041,34.7278,455,33791,0.857901,0.73,2,448893,448438,455
22842621,46.5617,46.2911,456,33854,0.877161,0.67,2,448948,448492,456
23003221,37.8414,34.4864,488,37131,0.859582,1,2,451188,450700,488
23006141,57.1365,62.3946,477,37188,0.805833,1,2,451258,450781,477
23009061,40.8546,24.9578,507,37245,0.760333,1,2,451288,450781,507
23049941,37.4917,44.5417,487,38032,0.807734,0.75,2,451822,451335,487
23052861,55.1967,40.0167,517,38088,0.833094,0.63,2,451889,451372,517
23055781,43.0787,56.2067,485,38143,0.855237,0.63,2,451924,451439,485
23058701,40.6315,44.0827,488,38198,0.888095,0.67,2,451963,451475,488
23263101,33.483,35.5032,508,41893,0.872444,1,2,454466,453958,508
23266021,32.5932,35.2013,505,41943,0.774978,1,2,454498,453993,505
23286461,32.1368,32.9311,490,42293,0.238577,1,1,454746,454256,490
23295221,22.9128,31.1716,472,42443,0.056069,0.95,1,454844,454372,472
23298141,19.9651,26.2686,467,42493,0.0284276,0.87,1,454862,454395,467
23301061,30.186,32.7075,467,42543,0.041371,0.85,1,454899,454432,467
23303981,31.2744,33.483,465,42593,0.0345484,0.71,1,454931,454466,465
23306901,28.7098,32.5932,460,42643,0.0198194,0.61,1,454958,454498,460
23309821,39.6839,46.0373,452,42692,0.0499277,0.61,1,455005,454553,452
23312741,39.2736,40.0149,455,42741,0.0739711,0.53,1,455044,454589,455
23315661,38.5094,42.406,449,42790,0.0955884,0.45,1,455082,454633,449
23318581,31.0038,33.7624,447,42839,0.0802354,0.49,1,455108,454661,447
23321501,19.6015,26.105,438,42888,0.0860941,0.29,1,455120,454682,438
23324421,25.2406,27.842,438,42937,0.0764377,0.15,1,455149,454711,438
23333181,34.2554,35.7419,455,43084,0.082892,0.11,1,455252,454797,455
23336101,22.1022,34.6968,435,43133,0.0331568,0,1,455266,454831,435
23339021,19.0409,21.6787,439,43182,0.0912627,0.01,1,455283,454844,439
23341941,29.8163,19.4715,458,43231,0.0545051,0.05,1,455320,454862,458
23344861,32.3265,29.9886,455,43280,0.087802,0.03,1,455354,454899,455
23347781,27.9306,31.1954,448,43329,0.0891208,0.01,1,455379,454931,448
23350701,41.1722,28.6782,471,43378,0.0536483,0.07,1,455429,454958,471
23353621,38.0689,39.6713,460,43427,0.0634593,0.09,1,455465,455005,460
23356541,39.8276,39.2685,462,43476,0.0793837,0.11,1,455506,455044,462
23400341,33.1961,39.8276,453,44197,0.227841,0.13,1,455959,455506,453
23403261,21.6784,30.931,442,44245,0.241136,0.15,1,455973,455531,442
23406181,26.0714,20.7724,457,44293,0.282455,0.17,1,456002,455545,457
23409101,28.4286,25.109,459,44341,0.298982,0.17,1,456032,455573,459
23412021,35.9714,28.0436,470,44389,0.293593,0.17,1,456073,455603,470
23414941,32.9886,35.8174,460,44437,0.279437,0.17,1,456104,455644,460
23417861,14.3954,32.327,432,44484,0.273775,0.17,1,456106,455674,432
23420781,12.9582,21.3308,430,44531,0.27151,0.17,1,456118,455688,430
23423701,17.7833,20.5323,431,44578,0.282604,0.19,1,456139,455708,431
23426621,27.5133,28.6129,431,44625,0.275042,0.17,1,456173,455742,431
23429541,33.2053,34.2452,430,44672,0.260017,0.17,1,456210,455780,430
23432461,28.2821,28.0981,431,44719,0.266007,0.15,1,456235,455804,431
23470421,27.8538,27.5133,435,45330,0.41343,0.25,1,456608,456173,435
23473341,32.7415,33.2053,434,45377,0.435372,0.27,1,456644,456210,434
23476261,27.4966,28.2821,433,45423,0.420149,0.33,1,456668,456235,433
23537581,28.2877,23.212,479,46388,0.761903,0.59,2,457323,456844,479
23540501,29.9151,27.8848,479,46433,0.766761,0.57,2,457354,456875,479
23543421,35.966,29.7539,488,46478,0.804705,0.59,2,457394,456906,488
23546341,34.7864,35.9016,482,46523,0.831882,0.59,2,457428,456946,482
23549261,15.1146,33.5606,452,46568,0.842753,0.59,2,457430,456978,452
23552181,13.2458,14.6243,462,46613,0.847101,0.63,2,457442,456980,462
23555101,17.2983,13.0497,470,46658,0.86084,0.59,2,457462,456992,470
23558021,29.7193,17.2199,488,46703,0.878336,0.61,2,457500,457012,488
23560941,34.0877,29.088,488,46748,0.885334,0.63,2,457537,457049,488
23753661,325.685,354.447,487,21900,0.418,0.87,1,459950,459463,487
23798921,118.95,114.072,489,22724,0.07528,0.65,1,460140,459651,489
23801841,86.5798,83.4286,491,22817,0.072112,0.07,1,460205,459714,491
23804761,70.0319,93.9715,449,22910,0.0288448,0.07,1,460264,459815,449
23807681,62.8128,71.1886,451,23003,0.0175379,0.03,1,460322,459871,451
23810601,43.7251,56.6754,435,23095,0.0250152,0.01,1,460353,459918,435
23813521,28.29,37.6702,428,23187,0.0160061,0.01,1,460371,459943,428
23816441,57.516,51.0681,445,23278,0.0244024,0.01,1,460448,460003,445
23819361,91.4064,67.2272,481,23369,0.015761,0.01,1,460562,460081,481
23822281,76.7626,62.2909,489,23460,0.0603044,0.07,1,460629,460140,489
23825201,64.905,63.9164,481,23550,0.0241218,0,1,460686,460205,481
23828121,60.162,60.9665,479,23640,0.0396487,0.01,1,460743,460264,479
23831041,42.6648,59.1866,452,23730,0.0458595,0.03,1,460774,460322,452
23833961,27.8659,42.2746,439,23819,0.0243438,0.01,1,460792,460353,439
23836881,57.3464,27.7099,498,23908,0.0277375,0.03,1,460869,460371,498
23839801,24.1385,57.2839,423,23997,0.011095,0.01,1,460871,460448,423
23842721,78.0554,91.3136,423,24085,0.022438,0.09,1,460985,460562,423
23845641,73.8222,76.7254,427,24173,0.0869752,0,1,461056,460629,427
23848561,61.3289,64.8902,423,24261,0.0767901,0.05,1,461109,460686,423
23851481,58.1315,60.1561,422,24348,0.036716,0.05,1,461165,460743,422
23854401,43.0526,42.6624,424,24435,0.0446864,0.01,1,461198,460774,424
23857321,26.821,27.865,422,24522,0.0598746,0.03,1,461214,460792,422
23860241,56.9284,57.346,422,24608,0.0539498,0,1,461291,460869,422
23863161,23.9714,24.1384,422,24694,0.0275799,0.03,1,461293,460871,422
23866081,77.9885,78.0554,422,24780,0.029032,0.13,1,461407,460985,422
23869001,77.3954,73.8221,428,24866,0.0416128,0.07,1,461484,461056,428
23871921,59.7582,61.3289,423,24951,0.0586451,0.01,1,461532,461109,423
23874841,56.9033,58.1315,422,25036,0.029458,0.05,1,461587,461165,422
23877761,44.3613,43.0526,425,25121,0.0297832,0.07,1,461623,461198,425
23880681,25.5445,26.821,422,25205,0.0659133,0.05,1,461636,461214,422
23883601,56.4178,56.9284,422,25289,0.0683653,0.01,1,461713,461291,422
23886521,23.7671,23.9714,422,25373,0.0693461,0.03,1,461715,461293,422
23889441,77.9068,77.9885,422,25457,0.0457384,0.03,1,461829,461407,422
23892361,77.3627,31.1954,499,25540,0.0482954,0.05,1,461906,461407,499
23895281,60.9451,58.6782,472,25623,0.0373182,0.07,1,461956,461484,472
23898201,55.578,52.2713,476,25706,0.0329273,0.01,1,462008,461532,476
23901121,45.6312,53.9085,460,25788,0.0431709,0.03,1,462047,461587,460
23904041,25.4525,43.1634,436,25870,0.0472684,0.09,1,462059,461623,436
23906961,55.781,25.0654,499,25952,0.0369073,0.07,1,462135,461636,499
23909881,23.5124,56.2261,424,26034,0.0327629,0.07,1,462137,461713,424
23912801,77.205,23.6905,535,26115,0.0191052,0.03,1,462250,461715,535
23915721,78.282,77.8762,500,26196,0.0256421,0.05,1,462329,461829,500
23918641,60.7128,77.3505,472,26277,0.0162568,0.03,1,462378,461906,472
23921561,54.8851,60.9402,473,26358,0.0245027,0.03,1,462429,461956,473
23924481,46.554,55.5761,462,26438,0.0758011,0.05,1,462470,462008,462
23927401,27.0216,45.6304,437,26518,0.0963204,0.05,1,462484,462047,437
23930321,54.6086,25.4522,498,26598,0.0445282,0.03,1,462557,462059,498
23933241,23.0435,55.7809,424,26678,0.0358113,0.03,1,462559,462135,424
23936161,77.0174,23.5123,535,26757,0.0563245,0.01,1,462672,462137,535
23939081,78.207,77.2049,501,26836,0.0525298,0.03,1,462751,462250,501
23942001,60.6828,78.282,471,26915,0.0390119,0.01,1,462800,462329,471
23944921,25.4731,60.7128,424,26994,0.0336048,0.03,1,462802,462378,424
23947841,41.3892,54.8851,425,27072,0.0314419,0.11,1,462854,462429,425
23950761,42.3557,46.554,427,27150,0.0905768,0.11,1,462897,462470,427
23988721,77.3249,76.6411,428,28147,0.207278,0.13,1,463523,463095,428
23991641,77.73,78.6564,426,28222,0.280911,0.11,1,463601,463175,426
23994561,60.492,60.2626,427,28297,0.298364,0.15,1,463650,463223,427
23997481,25.3968,25.305,427,28372,0.281346,0.15,1,463652,463225,427
24000401,40.7587,10.122,478,28447,0.274538,0.19,1,463703,463225,478
24003321,42.7035,35.2488,470,28521,0.271815,0.11,1,463747,463277,470
24006241,25.4814,41.6995,438,28595,0.270726,0.09,1,463761,463323,438
24009161,54.5926,24.4798,499,28669,0.29429,0.15,1,463835,463336,499
24017921,80.2459,77.2627,513,28890,0.414595,0.33,1,464036,463523,513
24020841,60.8984,77.7051,483,28963,0.423838,0.31,1,464084,463601,483
24023761,25.5593,60.482,436,29036,0.439535,0.27,1,464086,463650,436
24070481,85.8154,85.0075,451,30181,0.771999,0.61,2,464850,464399,451
24073401,82.3262,81.403,452,30251,0.8428,0.65,2,464930,464478,452
24076321,63.5305,61.9612,454,30321,0.85912,0.65,2,464981,464527,454
24079241,26.6122,25.9845,454,30391,0.889648,0.67,2,464983,464529,454
24082161,42.4449,41.5938,455,30461,0.889859,0.67,2,465036,464581,455
24225241,73.9539,79.8222,479,33694,0.825942,0.94,2,467296,466817,479
24228161,69.7816,69.7289,483,33757,0.768377,1,2,467363,466880,483
24234001,34.205,32.0366,489,33883,0.76014,1,2,467414,466925,489
24236921,27.482,34.4146,476,33945,0.766056,0.9,2,467437,466961,476
24239841,28.9928,31.7659,476,34007,0.768422,1,2,467467,466991,476
24242761,26.5971,25.9063,479,34069,0.769369,1,2,467492,467013,479
24245681,34.6388,36.7625,475,34131,0.781748,0.98,2,467532,467057,475
24248601,27.0555,30.905,470,34193,0.786699,0.91,2,467554,467084,470
24251521,41.4222,39.962,475,34255,0.78868,0.91,2,467605,467130,475
24254441,63.3689,15.9848,553,34317,0.789472,0.89,2,467683,467130,553
24257361,67.3476,59.7939,534,34379,0.777789,0.77,2,467753,467219,534
24260281,67.139,70.1176,524,34441,0.845115,0.73,2,467820,467296,524
24277801,33.6095,26.5814,498,34807,0.899516,0.79,2,467990,467492,498
24426721,43.8055,51.2038,518,37779,0.88408,1,2,470079,469561,518
24429641,52.3222,48.0815,530,37835,0.755632,1,2,470137,469607,530
24444241,37.6225,35.0399,517,38115,0.0670177,1,1,470321,469804,517
24447161,36.049,33.2159,520,38170,0.0568071,1,1,470356,469836,520
24450081,31.2196,34.2864,513,38225,0.0287228,1,1,470384,469871,513
24453001,28.0878,31.7146,509,38280,0.0654891,1,1,470410,469901,509
24455921,34.0351,36.0858,508,38335,0.0561957,0.98,1,470448,469940,508
24458841,49.0141,36.0343,531,38390,0.0284783,0.9,1,470507,469976,531
24461761,40.0056,54.0137,499,38445,0.0413913,0.85,1,470541,470042,499
24464681,44.2022,43.8055,509,38500,0.0345565,0.67,1,470588,470079,509
24467601,34.4809,52.3222,479,38555,0.0558226,0.55,1,470616,470137,479
24470521,33.5924,40.1289,480,38610,0.0643291,0.33,1,470649,470169,480
24473441,14.6369,41.8516,439,38665,0.0677316,0.21,1,470651,470212,439
24476361,17.8548,37.1406,425,38720,0.0690927,0.05,1,470671,470246,425
24479281,27.5419,37.0562,422,38775,0.0816371,0.01,1,470705,470283,422
24482201,33.8168,37.6225,422,38829,0.0866548,0.05,1,470743,470321,422
24485121,35.1267,36.049,423,38883,0.0646619,0.01,1,470779,470356,423
24490961,27.7003,28.0878,422,38991,0.0595459,0.05,1,470832,470410,422
24493881,33.8801,34.0351,422,39045,0.0538184,0.01,1,470870,470448,422
24496801,48.952,49.0141,422,39099,0.0275273,0.05,1,470929,470507,422
24499721,41.1808,40.0056,424,39153,0.0290109,0.03,1,470965,470541,424
24502641,44.0723,44.2022,423,39207,0.0536044,0.07,1,471011,470588,423
24505561,35.0289,34.4809,424,39261,0.0634418,0.07,1,471040,470616,424
24508481,33.2116,33.5924,423,39315,0.0673767,0.07,1,471072,470649,423
24511401,14.4846,14.6369,423,39369,0.0689507,0.07,1,471074,470651,423
24514321,18.3939,17.8548,424,39423,0.0935803,0.09,1,471095,470671,424
24517241,26.5575,27.5419,422,39477,0.0794321,0.09,1,471127,470705,422
24520161,33.423,33.8168,422,39530,0.0737728,0.05,1,471165,470743,422
24523081,34.9692,35.1267,422,39583,0.0475091,0.13,1,471201,470779,422
24526001,30.1877,30.2507,422,39636,0.0250037,0.03,1,471228,470806,422
24528921,27.6751,27.7003,422,39689,0.0400015,0.05,1,471254,470832,422
24531841,33.87,33.8801,422,39742,0.0220006,0.01,1,471292,470870,422
24534761,48.948,48.952,422,39795,0.0148002,0.03,1,471351,470929,422
24537681,41.7792,41.1808,423,39848,0.0239201,0.07,1,471388,470965,423
24540601,44.3117,44.0723,423,39901,0.039568,0.07,1,471434,471011,423
24543521,34.5247,35.0289,422,39954,0.0698272,0.07,1,471462,471040,422
24546441,34.8099,33.2116,425,40007,0.0699309,0.07,1,471497,471072,425
24549361,15.1239,14.4846,425,40060,0.0939724,0.07,1,471499,471074,425
24552281,18.0496,5.79385,445,40113,0.0915889,0.11,1,471519,471074,445
24555201,24.6198,14.9175,453,40166,0.0906356,0.07,1,471548,471095,453
24558121,32.6479,25.167,459,40219,0.0422542,0.07,1,471586,471127,459
24561041,34.6592,32.8668,457,40271,0.0229017,0.03,1,471622,471165,457
24563961,30.0637,34.7467,448,40323,0.0271607,0.01,1,471649,471201,448
24566881,27.6255,30.0987,447,40375,0.0648643,0.05,1,471675,471228,447
24569801,33.8502,27.6395,459,40427,0.0679457,0.01,1,471713,471254,459
24572721,48.9401,33.8558,480,40479,0.0811783,0.01,1,471772,471292,480
24575641,42.976,48.9423,460,40531,0.0504713,0.03,1,471811,471351,460
24578561,44.7904,41.7769,469,40583,0.0501885,0.05,1,471857,471388,469
24581481,34.7162,44.3108,451,40635,0.0260754,0.09,1,471885,471434,451
24584401,35.4865,34.5243,459,40687,0.0284302,0.07,1,471921,471462,459
24587321,15.3946,34.8097,426,40739,0.0293721,0.11,1,471923,471497,426
24590241,18.7578,15.1239,445,40791,0.0297488,0.09,1,471944,471499,445
24593161,23.7031,18.0496,452,40843,0.0418995,0.09,1,471971,471519,452
24596081,31.0813,24.6198,459,40895,0.0587598,0.01,1,472007,471548,459
24599001,34.6325,32.6479,458,40947,0.0415039,0.01,1,472044,471586,458
24601921,31.253,34.6592,451,40999,0.0346016,0.03,1,472073,471622,451
24604841,27.5012,30.0637,449,41050,0.0318406,0.09,1,472098,471649,449
24607761,35.0005,27.6255,463,41101,0.0547363,0.07,1,472138,471675,463
24610681,48.2002,33.8502,482,41152,0.0518945,0.09,1,472195,471713,482
24613601,42.0801,48.9401,461,41203,0.0387578,0.03,1,472233,471772,461
24616521,45.032,42.976,469,41254,0.0455031,0.05,1,472280,471811,469
24619441,34.2128,44.7904,450,41305,0.0482012,0.01,1,472307,471857,450
24622361,35.2851,34.7162,458,41356,0.0732805,0.03,1,472343,471885,458
24625281,15.314,35.4865,424,41407,0.0833122,0.03,1,472345,471921,424
24628201,18.7256,15.3946,443,41458,0.0753249,0.03,1,472366,471923,443
24631121,24.2902,18.7578,450,41509,0.07213,0.05,1,472394,471944,450
24634041,10.9161,23.7031,425,41560,0.070852,0.07,1,472396,471971,425
24636961,26.5664,31.0813,426,41611,0.0943408,0.03,1,472433,472007,426
24642801,30.4106,31.253,424,41713,0.0414945,0.03,1,472497,472073,424
24645721,26.5643,27.5012,423,41764,0.0465978,0.07,1,472521,472098,423
24648641,34.6257,35.0005,423,41815,0.0486391,0.05,1,472561,472138,423
24663241,36.4966,35.2851,426,42065,0.237282,0.09,1,472769,472343,426
24666161,15.7987,15.314,426,42115,0.232913,0.07,1,472771,472345,426
24669081,18.3195,18.7256,425,42165,0.231165,0.07,1,472791,472366,425
24672001,24.1278,24.2902,425,42215,0.230466,0.07,1,472819,472394,425
24674921,10.8511,10.9161,425,42265,0.230186,0.11,1,472821,472396,425
24677841,26.5404,26.5664,425,42315,0.218075,0.11,1,472858,472433,425
24680761,29.8162,31.0266,423,42365,0.24923,0,1,472890,472467,423
24683681,29.3265,30.4106,422,42415,0.249692,0.05,1,472919,472497,422
24686601,26.1306,26.5643,422,42465,0.249877,0.05,1,472943,472521,422
24689521,34.4522,34.6257,422,42515,0.249951,0.15,1,472983,472561,422
24707041,16.5222,15.7987,433,42812,0.428905,0.23,1,473204,472771,433
24709961,18.6089,18.3195,433,42861,0.429562,0.23,1,473224,472791,433
24712881,24.2435,24.1278,433,42910,0.441825,0.23,1,473252,472819,433
24715801,10.8974,10.8511,433,42959,0.44673,0.21,1,473254,472821,433
24812161,19.6366,26.2011,457,44552,0.771942,0.71,2,474277,473820,457
24815081,33.6547,36.2805,457,44599,0.782777,0.73,2,474320,473863,457
24818001,54.8619,56.5122,456,44646,0.799111,0.71,2,474389,473933,456
24820921,48.9447,48.4049,458,44693,0.793644,0.69,2,474434,473976,458
24823841,48.3779,49.3619,456,44740,0.863458,0.69,2,474482,474026,456
24826761,37.3512,37.7448,456,44787,0.891383,0.65,2,474512,474056,456
24832601,16.7762,17.3192,454,44881,0.883021,0.65,2,474554,474100,454
24835521,21.1105,20.1277,456,44928,0.899209,0.69,2,474578,474122,456
24981521,29.2464,24.6615,525,47219,0.8656,1,2,476147,475622,525
24990281,29.4958,22.0503,526,47354,0.889398,1,2,476221,475695,526
24993201,30.3983,26.2201,528,47399,0.805759,1,2,476252,475724,528
25001961,48.1695,48.3581,494,47531,0.439169,1,1,476378,475884,494
25007801,35.3071,41.6973,484,47619,0.225067,1,1,476445,475961,484
25013641,29.5291,28.0316,493,47707,0.0852107,1,1,476507,476014,493
25016561,30.4117,17.8126,513,47751,0.0520843,1,1,476538,476025,513
25019481,24.1647,25.7251,502,47795,0.0508337,1,1,476558,476056,502
25022401,18.6659,28.29,487,47839,0.0863335,0.89,1,476573,476086,487
25025321,19.4663,31.116,474,47883,0.0645334,0.82,1,476593,476119,474
25028241,22.7865,29.2464,471,47927,0.0558134,1,1,476618,476147,471
25031161,15.7146,20.0986,468,47971,0.0403253,0.95,1,476629,476161,468
25034081,20.6858,24.2394,465,48015,0.0341301,0.85,1,476653,476188,465
25037001,24.4743,29.4958,459,48059,0.0436521,0.75,1,476680,476221,459
25039921,29.5897,30.3983,461,48103,0.0714608,0.65,1,476713,476252,461
25042841,27.4359,32.5593,453,48147,0.0465843,0.53,1,476739,476286,453
25045761,28.9744,33.4237,449,48191,0.0606337,0.33,1,476769,476320,449
25048681,37.3897,48.1695,434,48235,0.0422535,0.27,1,476812,476378,434
25051601,34.1559,40.2678,431,48279,0.0709014,0.15,1,476844,476413,431
25054521,29.2624,35.3071,425,48323,0.0943606,0.13,1,476870,476445,425
25057441,32.7049,36.3228,423,48367,0.0797442,0.03,1,476905,476482,423
25060361,27.482,29.5291,422,48411,0.0738977,0.03,1,476929,476507,422
25063281,29.5928,30.4117,422,48455,0.0475591,0.05,1,476960,476538,422
25066201,25.6371,24.1647,425,48498,0.0250236,0.11,1,476983,476558,425
25069121,18.0548,18.6659,423,48541,0.0520095,0.05,1,476996,476573,423
25095401,37.0061,22.3897,464,48928,0.0768586,0.03,1,477233,476769,464
25098321,35.8024,34.7559,456,48971,0.0727434,0.09,1,477268,476812,456
25101241,29.321,33.1024,449,49014,0.0950974,0.11,1,477293,476844,449
25142121,35.3251,28.0152,466,49615,0.204699,0.05,1,477656,477190,466
25145041,35.7301,37.0061,459,49657,0.21988,0.07,1,477692,477233,459
25147961,30.492,35.8024,451,49699,0.213952,0.11,1,477719,477268,451
25150881,34.9968,29.321,464,49741,0.223581,0.13,1,477757,477293,464
25162561,18.7999,26.157,443,49909,0.202092,0.17,1,477849,477406,443
25165481,21.32,18.8628,452,49951,0.206837,0.13,1,477872,477420,452
25168401,21.728,21.9451,450,49993,0.208735,0.15,1,477894,477444,450
25171321,15.8912,21.978,440,50035,0.209494,0.15,1,477906,477466,440
25174241,19.5565,15.9912,450,50077,0.233798,0.15,1,477928,477478,450
25177161,25.2226,19.5965,457,50119,0.243519,0.13,1,477957,477500,457
25180081,32.289,24.6386,466,50161,0.271408,0.17,1,477994,477528,466
25183001,26.1156,31.4554,452,50203,0.282563,0.19,1,478016,477564,452
25185921,29.0462,25.7822,461,50245,0.287025,0.21,1,478047,477586,461
25229721,33.0623,32.289,436,50873,0.42469,0.29,1,478430,477994,436
25232641,26.4249,26.1156,436,50914,0.439876,0.29,1,478452,478016,436
25235561,29.17,29.0462,436,50955,0.44595,0.31,1,478483,478047,436
25291041,16.4063,15.9472,445,51734,0.755338,0.51,2,478972,478527,445
25293961,28.1625,27.9789,445,51775,0.776135,0.51,2,479008,478563,445
25296881,26.865,11.1916,471,51816,0.784454,0.53,2,479034,478563,471
25299801,32.346,20.0766,481,51857,0.811782,0.49,2,479070,478589,481
25302721,28.5384,29.6306,471,51898,0.822713,0.53,2,479096,478625,471
25305641,29.4154,27.4523,475,51939,0.827085,0.53,2,479126,478651,475
25308561,26.7661,28.9809,470,51980,0.840834,0.55,2,479151,478681,470
25311481,20.3065,25.9924,462,52021,0.846334,0.53,2,479167,478705,462
25314401,21.3226,19.3969,469,52061,0.848533,0.57,2,479189,478720,469
25317321,22.329,20.9588,470,52101,0.873413,0.59,2,479212,478742,470
25320241,18.5316,21.5835,464,52141,0.883365,0.59,2,479228,478764,464
25562601,20.1959,29.481,502,55388,0.873439,1,2,481493,480991,502
25565521,27.8784,23.1924,516,55426,0.763376,1,2,481526,481010,516
25632681,303.224,342.959,455,26280,0.283446,0.55,1,482085,481630,455
25638521,97.1159,96.6334,473,26441,0.0825514,0.17,1,482202,481729,473
25641441,72.4463,82.4533,456,26521,0.0990206,0.13,1,482258,481802,456
25647281,64.0314,76.7925,435,26681,0.0986433,0.03,1,482376,481941,435
25650201,61.6126,55.317,454,26760,0.0694573,0.03,1,482436,481982,454
25653121,45.045,55.1268,433,26839,0.0577829,0.03,1,482470,482037,433
25656041,22.218,29.8507,427,26918,0.0771132,0.03,1,482477,482050,427
25658961,26.8872,22.7403,439,26997,0.0608453,0.03,1,482507,482068,439
25661881,49.1549,55.2961,426,27075,0.0423381,0.05,1,482571,482145,426
25664801,52.662,56.3184,424,27153,0.0229352,0.11,1,482626,482202,424
25667721,57.0648,56.1274,428,27231,0.0751741,0.17,1,482686,482258,428
25670641,54.6259,53.051,430,27309,0.0840696,0.07,1,482739,482309,430
25679401,44.3201,44.6273,425,27541,0.24082,0.09,1,482895,482470,425
25682321,21.328,22.0509,424,27618,0.258328,0.05,1,482901,482477,424
25685241,25.3312,26.8204,422,27695,0.289331,0.03,1,482929,482507,422
25688161,48.5325,49.1281,422,27771,0.289733,0.01,1,482993,482571,422
25691081,52.413,52.6513,422,27847,0.265893,0.11,1,483048,482626,422
25694001,59.9652,57.0605,427,27923,0.280357,0.09,1,483113,482686,427
25696921,55.1861,54.6242,426,27999,0.286143,0.19,1,483165,482739,426
25729041,60.6417,62.1188,495,28820,0.41376,0.35,1,483727,483232,495
25731961,48.2567,60.2475,476,28893,0.435504,0.37,1,483767,483291,476
25734881,22.9027,47.499,443,28966,0.444202,0.33,1,483773,483330,443
25737801,26.5611,22.5996,466,29039,0.447681,0.35,1,483802,483336,466
25767001,50.6296,26.5611,511,29760,0.751028,0.53,2,484313,483802,511
25769921,55.0518,49.0244,505,29831,0.774411,0.55,2,484371,483866,505
25772841,23.2207,53.8098,450,29902,0.783765,0.61,2,484373,483923,450
25775761,48.8883,59.9239,452,29973,0.787506,0.61,2,484439,483987,452
25778681,51.3553,55.7696,452,30044,0.777002,0.61,2,484492,484040,452
25781601,61.3421,63.1078,452,30114,0.796801,0.67,2,484560,484108,452
25784521,62.9369,61.8431,455,30184,0.85272,0.71,2,484624,484169,455
25933441,54.6921,54.6912,484,33571,0.865264,1,2,486933,486449,484
25939281,57.8307,51.2306,492,33697,0.408442,1,1,487058,486566,492
25942201,41.1323,40.2922,489,33760,0.229377,1,1,487088,486599,489
25948041,49.1812,46.1668,492,33886,0.0835003,1,1,487174,486682,492
25950961,41.2725,42.4667,488,33948,0.0514001,1,1,487210,486722,488
25953881,33.909,36.7867,484,34010,0.02056,0.96,1,487239,486755,484
25956801,32.1636,36.3147,479,34072,0.038224,1,1,487270,486791,479
25959721,35.0654,40.3259,473,34134,0.0572896,0.87,1,487307,486834,473
25962641,28.4262,34.7303,466,34196,0.0409158,0.83,1,487331,486865,466
25965561,47.9705,54.6921,459,34258,0.0823663,0.83,1,487392,486933,459
25968481,52.1882,21.8769,514,34320,0.0629465,0.55,1,487447,486933,514
25971401,46.6753,51.9507,485,34382,0.0431786,0.23,1,487490,487005,485
25974321,34.2701,52.5803,458,34443,0.0352714,0.11,1,487516,487058,458
25977241,24.508,39.0321,446,34504,0.0321086,0.07,1,487534,487088,446
25980161,48.8032,30.6128,486,34565,0.0308434,0.05,1,487599,487113,486
25983081,41.1213,48.8451,461,34626,0.0543374,0.03,1,487635,487174,461
25986001,33.8485,41.1381,454,34687,0.0217349,0,1,487664,487210,454
25988921,29.7394,33.8552,452,34748,0.086694,0.05,1,487691,487239,452
25994761,27.6783,35.0568,445,34870,0.051071,0.03,1,487752,487307,445
25997681,49.4713,28.4227,485,34931,0.0744284,0.11,1,487816,487331,485
26012281,49.8957,24.508,489,35232,0.0918949,0.03,1,488023,487534,489
26015201,40.3583,48.8032,458,35292,0.054758,0.07,1,488057,487599,458
26018121,34.1433,41.1213,452,35352,0.0399032,0,1,488087,487635,452
26021041,32.2573,33.8485,454,35412,0.0459613,0.13,1,488118,487664,454
26023961,34.5029,29.7394,463,35472,0.0843845,0.13,1,488154,487691,463
26041481,28.9801,33.5982,431,35827,0.21412,0.19,1,488369,487938,431
26050241,38.1427,40.3583,423,36004,0.0835437,0.03,1,488480,488057,423
26053161,33.2571,34.1433,423,36063,0.0394175,0.05,1,488510,488087,423
26056081,33.1028,32.2573,425,36122,0.045767,0.11,1,488543,488118,425
26059001,36.0411,34.5029,427,36181,0.0363068,0.13,1,488581,488154,427
26061921,27.6165,26.4012,428,36239,0.0565227,0.15,1,488603,488175,428
26064841,51.8466,50.1605,430,36297,0.0886091,0.13,1,488671,488241,430
26117401,40.5515,19.1939,481,37331,0.205557,0.17,1,489299,488818,481
26120321,36.6206,38.8775,463,37388,0.220223,0.17,1,489333,488870,463
26123241,30.8482,35.951,456,37445,0.214089,0.19,1,489360,488904,456
26126161,31.5393,31.1804,460,37501,0.211636,0.09,1,489392,488932,460
26129081,36.0157,33.4722,464,37557,0.246654,0.13,1,489431,488967,464
26132001,27.6063,36.1889,448,37613,0.236662,0.09,1,489453,489005,448
26134921,52.4425,28.2755,494,37669,0.244665,0.15,1,489522,489028,494
26137841,59.977,52.1102,491,37725,0.295866,0.17,1,489587,489096,491
26149521,23.8122,29.9468,449,37949,0.412166,0.23,1,489677,489228,449
26205001,28.6594,27.8312,451,38993,0.758359,0.61,2,490336,489885,451
26207921,55.2638,54.3325,452,39047,0.801344,0.65,2,490409,489957,452
26210841,63.5055,61.933,454,39101,0.830537,0.65,2,490478,490024,454
26213761,26.6022,25.9732,454,39155,0.842215,0.67,2,490480,490026,454
26216681,35.8409,36.1893,453,39209,0.870886,0.65,2,490522,490069,453
26219601,32.9364,32.4757,454,39263,0.870354,0.67,2,490553,490099,454
26222521,25.7745,24.9903,455,39317,0.846142,0.67,2,490574,490119,455
26225441,11.5098,11.1961,455,39371,0.836457,0.75,2,490576,490121,455
26228361,40.0039,38.6784,457,39425,0.856583,0.71,2,490635,490178,457
26231281,37.6016,37.0714,457,39479,0.888633,0.73,2,490671,490214,457
26237121,31.6963,31.3714,458,39585,0.899381,0.75,2,490730,490272,458
26240041,37.8785,37.1486,459,39638,0.893753,0.77,2,490772,490313,459
26391881,36.0716,24.9823,521,42317,0.889213,1,2,492640,492119,521
26394801,30.6287,28.5929,517,42367,0.865685,1,2,492667,492150,517
26397721,31.4515,36.6372,507,42417,0.820274,1,2,492699,492192,507
26400641,32.3806,32.0549,511,42467,0.79011,1,2,492732,492221,511
26403561,40.5522,53.6219,489,42517,0.814044,1,2,492778,492289,489
26406481,54.6209,63.4488,483,42567,0.763618,1,2,492842,492359,483
26409401,35.0484,39.1795,482,42617,0.755447,1,2,492864,492382,482
26450281,34.908,54.3993,475,43304,0.750955,0.75,2,493317,492842,475
26453201,33.1632,34.9597,485,43353,0.750382,0.65,2,493349,492864,485
26456121,29.4653,32.5839,481,43402,0.786153,0.69,2,493376,492895,481
26459041,30.3861,29.8336,484,43451,0.788461,0.63,2,493407,492923,484
26461961,31.9544,31.1334,485,43500,0.813384,0.65,2,493440,492955,485
26464881,23.5818,29.8534,474,43549,0.823354,0.61,2,493458,492984,474
26467801,22.6327,25.7413,473,43597,0.839342,0.61,2,493480,493007,473
26470721,38.4531,23.4965,500,43645,0.857737,0.67,2,493529,493029,500
26473641,32.7812,36.9986,483,43693,0.877095,0.67,2,493558,493075,483
26476561,25.7125,33.3994,473,43741,0.884838,0.63,2,493579,493106,473
26704321,34.1235,36.5751,526,47356,0.822736,1,2,496136,495610,526
26707241,32.8494,33.23,527,47401,0.815094,1,2,496168,495641,527
26710161,24.5398,34.892,510,47445,0.800038,1,2,496187,495677,510
26770021,292.7,340.551,444,21900,0.23338,0.43,1,496798,496354,444
26775861,103.472,107.288,460,22093,0.0625407,0.11,1,496938,496478,460
26778781,68.3888,78.3152,446,22189,0.0550163,0.01,1,496983,496537,446
26781701,77.7555,84.7261,441,22285,0.0280065,0.01,1,497067,496626,441
26784621,73.1022,64.4904,460,22380,0.0292026,0.01,1,497137,496677,460
26787541,66.4409,64.7962,457,22475,0.029681,0.05,1,497199,496742,457
26790461,34.3764,46.9185,435,22569,0.0538724,0.03,1,497212,496777,435
26793381,64.1505,31.3674,498,22663,0.099549,0.03,1,497296,496798,498
26805061,71.6839,71.0654,493,23035,0.0501165,0.03,1,497560,497067,493
26807981,65.8735,70.4262,485,23127,0.0500466,0.03,1,497622,497137,485
26810901,34.7494,65.3705,437,23219,0.0380186,0.07,1,497636,497199,437
26813821,66.0998,33.9482,511,23310,0.0812075,0.13,1,497723,497212,511
26840101,51.0134,66.0398,428,24117,0.213763,0.15,1,498217,497789,428
26843021,48.0053,53.4159,429,24205,0.247505,0.17,1,498263,497834,429
26845941,65.4021,66.9664,430,24293,0.285002,0.09,1,498340,497910,430
26851781,63.2643,64.8346,426,24467,0.282,0.09,1,498470,498044,426
26854701,34.3057,34.3338,427,24554,0.2868,0.17,1,498485,498058,427
26857621,70.7223,68.3335,431,24640,0.27672,0.17,1,498580,498149,431
26860541,29.4889,28.5334,431,24726,0.272688,0.25,1,498582,498151,431
26863461,53.1956,51.0134,434,24812,0.283075,0.27,1,498651,498217,434
26866381,49.4782,48.0053,435,24897,0.28723,0.31,1,498698,498263,435
26886821,53.6562,53.1956,434,25487,0.428933,0.29,1,499085,498651,434
26916021,70.3705,50.8541,527,26307,0.797295,0.55,2,499661,499134,527
26918941,70.7482,67.7416,519,26388,0.840918,0.61,2,499732,499213,519
26921861,65.4993,67.8967,513,26468,0.858367,0.63,2,499794,499281,513
26924781,34.5997,63.7587,466,26548,0.865347,0.63,2,499808,499342,466
26927701,73.8399,33.9035,552,26628,0.868139,0.69,2,499908,499356,552
26930621,30.736,71.1614,458,26708,0.869255,0.69,2,499910,499452,458
27044501,39.6948,47.6712,511,29643,0.85288,1,2,501956,501445,511
27059101,41.8631,47.6971,489,29998,0.268749,1,1,502207,501718,489
27064941,39.2181,41.2315,480,30139,0.0633999,0.98,1,502299,501819,480
27067861,35.4872,41.0926,472,30209,0.05536,0.87,1,502332,501860,472
27070781,48.9949,57.237,462,30279,0.028144,0.81,1,502390,501928,462
27073701,31.598,39.6948,454,30349,0.0292576,0.65,1,502410,501956,454
27076621,46.8392,48.2779,457,30419,0.029703,0.53,1,502467,502010,457
27079541,58.9357,69.1112,441,30489,0.0178812,0.43,1,502534,502093,441
27082461,40.3743,45.6445,439,30558,0.0491525,0.31,1,502562,502123,439
27085381,36.5497,44.6578,429,30627,0.061661,0.19,1,502596,502167,429
27088301,41.0199,41.8631,433,30696,0.0666644,0.01,1,502640,502207,433
27097061,33.2973,35.4872,422,30903,0.0889865,0.01,1,502754,502332,422
27099981,48.1189,48.9949,422,30971,0.0775946,0.03,1,502812,502390,422
27102901,31.2476,31.598,422,31039,0.0490378,0.03,1,502832,502410,422
27105821,46.699,46.8392,422,31107,0.0376151,0.01,1,502889,502467,422
27108741,59.4796,58.9357,423,31175,0.0690461,0.07,1,502957,502534,423
27111661,39.9918,40.3743,422,31243,0.0936184,0.07,1,502984,502562,422
27132101,30.7144,47.8943,441,31714,0.0978388,0.03,1,503253,502812,441
27135021,47.6858,31.1577,480,31781,0.0451355,0.03,1,503312,502832,480
27137941,61.0743,46.6631,493,31848,0.0960542,0.09,1,503382,502889,493
27161301,26.8232,48.2861,440,32375,0.217886,0.07,1,503674,503234,440
27175901,41.3742,36.5319,472,32700,0.210983,0.13,1,503916,503444,472
27178821,54.9497,41.6128,491,32765,0.258393,0.17,1,503980,503489,491
27181741,23.1799,53.8451,431,32830,0.277357,0.19,1,503982,503551,431
27184661,22.4719,34.738,431,32894,0.284943,0.19,1,504004,503573,431
27193421,25.6782,26.8232,431,33086,0.400076,0.15,1,504105,503674,431
27272261,44.188,37.9517,498,34770,0.775186,0.65,2,505239,504741,498
27275181,59.6752,43.3807,521,34831,0.844074,0.59,2,505309,504788,521
27278101,25.0701,61.1523,450,34892,0.87163,0.59,2,505311,504861,450
27281021,24.428,25.6609,472,34953,0.894652,0.55,2,505335,504863,472
27286861,51.4285,29.0657,515,35073,0.895544,0.65,2,505434,504919,515
27289781,28.3714,48.8263,466,35133,0.880218,0.65,2,505447,504981,466
27292701,47.9486,26.7305,515,35193,0.886087,0.71,2,505508,504993,515
27450381,46.8084,67.9952,500,38300,0.86776,1,2,507695,507195,500
27462061,33.1423,31.2943,515,38520,0.436887,1,1,507829,507314,515
27467901,31.8228,29.3671,512,38630,0.234302,1,1,507887,507375,512
27476661,36.2367,41.7675,485,38795,0.0800353,1,1,508001,507516,485
27479581,34.8947,36.507,486,38849,0.0620141,0.96,1,508035,507549,486
27485421,48.1831,58.5211,465,38957,0.0831223,0.83,1,508121,507656,465
27488341,40.2733,46.8084,461,39011,0.0992489,0.63,1,508156,507695,461
27491261,35.3093,42.7234,453,39065,0.0576996,0.53,1,508188,507735,453
27494181,30.3237,33.8894,452,39119,0.0290798,0.49,1,508215,507763,452
27497101,28.9295,33.3557,447,39173,0.0536319,0.37,1,508243,507796,447
27500021,26.5718,33.1423,439,39227,0.0634528,0.31,1,508268,507829,439
27514621,36.2049,36.2367,425,39497,0.0934338,0.05,1,508426,508001,425
27517541,35.482,34.8947,426,39550,0.0793735,0.13,1,508461,508035,426
27552581,33.4047,29.3649,457,40186,0.0949382,0.07,1,508847,508390,457
27567181,34.4777,39.9017,458,40447,0.213756,0.13,1,509038,508580,458
27570101,29.9911,34.5607,454,40499,0.235502,0.15,1,509065,508611,454
27573021,29.9964,29.4243,458,40551,0.256201,0.17,1,509095,508637,458
27575941,26.3986,30.3697,451,40603,0.27648,0.11,1,509119,508668,451
27578861,23.7594,27.1479,448,40655,0.284592,0.11,1,509141,508693,448
27613901,27.4032,29.9964,459,41274,0.407253,0.29,1,509554,509095,459
27616821,24.7613,26.3986,458,41325,0.408901,0.29,1,509577,509119,458
27622661,30.4818,28.7038,468,41427,0.405024,0.35,1,509641,509173,468
27625581,34.9927,29.4815,476,41478,0.43201,0.37,1,509679,509203,476
27672301,15.1726,14.7188,445,42285,0.753029,0.49,2,510159,509714,445
27675221,29.469,28.6875,446,42335,0.775212,0.55,2,510198,509752,446
27678141,26.7876,25.875,447,42385,0.820085,0.65,2,510223,509776,447
27681061,52.715,49.35,452,42435,0.886034,0.65,2,510293,509841,452
27683981,42.686,41.34,452,42485,0.888414,0.61,2,510329,509877,452
27686901,36.2744,35.736,452,42535,0.889365,0.63,2,510361,509909,452
27719021,28.4129,11.7876,488,43076,0.893584,0.85,2,510686,510198,488
27911741,33.2495,31.1465,529,46197,0.875404,1,2,512890,512361,529
27913201,33.6998,28.6586,536,46243,0.812161,1,2,512924,512388,536
27967221,105.381,118.498,459,21370,0.0997383,0.11,1,513556,513097,459
27973061,63.0609,73.0797,444,21568,0.0771581,0.03,1,513675,513231,444
27975981,83.4244,64.6319,482,21666,0.0608633,0.03,1,513772,513290,482
27978901,51.9697,80.4528,422,21764,0.0423453,0.01,1,513803,513381,422
27981821,39.9879,41.7811,438,21861,0.0349381,0.07,1,513835,513397,438
27990581,68.0312,68.722,426,22151,0.214156,0.05,1,514052,513626,426
27996421,80.725,80.9555,424,22342,0.078665,0.03,1,514196,513772,424
27999341,50.89,50.9822,424,22437,0.037466,0.03,1,514227,513803,424
28002261,40.156,39.5929,425,22532,0.0569864,0.03,1,514260,513835,425
28005181,69.4624,15.8372,514,22626,0.0647946,0.17,1,514349,513835,514
28008101,64.385,58.5349,488,22720,0.0679178,0.19,1,514410,513922,488
28011021,69.554,58.2139,503,22813,0.0571671,0.25,1,514483,513980,503
28013941,52.4216,66.4856,472,22906,0.0408669,0.11,1,514524,514052,472
28016861,76.7686,54.1942,519,22999,0.0343467,0.03,1,514617,514098,519
28019781,49.3075,80.4777,452,23091,0.0437387,0.01,1,514648,514196,452
28022701,40.123,50.7911,455,23183,0.0594955,0.07,1,514682,514227,455
28031461,68.9999,64.3786,496,23456,0.261328,0.05,1,514906,514410,496
28057741,51.3684,51.5999,439,24257,0.401341,0.35,1,515385,514946,439
28060661,76.3474,76.44,439,24344,0.430536,0.35,1,515478,515039,439
28084021,78.2646,76.3474,443,25032,0.756328,0.47,2,515921,515478,443
28086941,50.5058,49.7389,443,25117,0.800531,0.45,2,515953,515510,443
28089861,42.4023,41.4956,444,25201,0.782212,0.51,2,515990,515546,444
28092781,75.7609,72.9982,448,25285,0.822885,0.55,2,516088,515640,448
28095701,31.5044,30.3993,448,25369,0.839154,0.59,2,516090,515642,448
28098621,51.0018,48.7597,451,25453,0.821662,0.59,2,516154,515703,451
28101541,69.6007,19.5039,533,25536,0.850665,0.69,2,516236,515703,533
28104461,55.4403,55.2016,500,25619,0.838266,0.75,2,516282,515782,500
28107381,81.5761,48.4806,555,25702,0.809306,0.79,2,516381,515826,555
28110301,51.8304,76.3923,492,25784,0.797723,0.83,2,516413,515921,492
28113221,42.3322,49.7569,496,25866,0.805089,0.77,2,516449,515953,496
28116141,76.9329,42.1028,559,25948,0.832036,0.85,2,516549,515990,559
28119061,31.9731,75.6411,463,26030,0.842814,0.85,2,516551,516088,463
28121981,51.1893,31.4564,525,26111,0.883126,0.81,2,516615,516090,525
28124901,71.4757,50.9826,546,26192,0.89925,0.87,2,516700,516154,546
28212501,42.6154,58.9471,497,28517,0.8452,1,2,518299,517802,497
28215421,37.4462,41.5788,501,28591,0.76408,1,2,518333,517832,501
28224181,41.2526,46.821,508,28813,0.0618611,1,1,518506,517998,508
28227101,75.901,40.3284,571,28886,0.0247444,1,1,518605,518034,571
28230021,56.7604,73.1314,520,28959,0.00989778,1,1,518649,518129,520
28232941,40.7042,56.8525,504,29032,0.00395911,1,1,518679,518175,504
28235861,43.8817,41.341,519,29105,0.0315836,0.88,1,518725,518206,519
28238781,37.3527,49.5364,497,29178,0.0126335,0.79,1,518758,518261,497
28241701,32.3411,42.6146,488,29251,0.0590534,0.71,1,518787,518299,488
28244621,58.5364,37.4458,530,29323,0.0536214,0.11,1,518863,518333,530
28247541,40.8146,78.5783,453,29395,0.0274485,0.01,1,518892,518439,453
28250461,37.3258,50.6313,456,29467,0.0169794,0,1,518927,518471,456
28253381,74.3303,41.2525,520,29539,0.0247918,0,1,519026,518506,520
28256301,56.1321,75.901,465,29611,0.00991671,0,1,519070,518605,465
28259221,41.0529,56.7604,452,29682,0.00396668,0,1,519101,518649,452
28262141,43.4211,40.7042,467,29753,0.0315867,0.05,1,519146,518679,467
28265061,38.9685,43.8817,457,29824,0.0186347,0,1,519182,518725,457
28267981,16.7874,37.3527,426,29895,0.0134539,0.09,1,519184,518758,426
28270901,22.915,32.3411,424,29966,0.0953815,0.05,1,519211,518787,424
28279661,36.6986,37.3258,423,30177,0.0766644,0.03,1,519350,518927,423
28282581,73.4794,74.3303,422,30247,0.0486658,0,1,519448,519026,422
28285501,57.5918,56.1321,425,30317,0.0374663,0,1,519495,519070,425
28288421,40.4367,41.0529,423,30387,0.0329865,0.05,1,519524,519101,423
28291341,43.7747,43.4211,424,30457,0.0311946,0.01,1,519570,519146,424
28294261,38.5099,38.9685,423,30526,0.0184778,0.01,1,519605,519182,423
28297181,16.6039,16.7874,423,30595,0.0253911,0.15,1,519607,519184,423
28300101,25.2416,22.915,427,30664,0.0881565,0.21,1,519638,519211,427
28303021,59.2966,55.366,432,30733,0.0892626,0.21,1,519720,519288,432
28311781,72.195,73.4794,422,30940,0.0606728,0.03,1,519870,519448,422
28314701,57.078,57.5918,422,31008,0.0302691,0.03,1,519917,519495,422
28317621,40.2312,40.4367,422,31076,0.0181076,0.03,1,519946,519524,422
28320541,44.2925,43.7747,423,31144,0.0132431,0.01,1,519993,519570,423
28323461,38.117,38.5099,422,31212,0.0112972,0.03,1,520027,519605,422
28326381,16.4468,16.6039,422,31280,0.0105189,0.03,1,520029,519607,422
28329301,27.5787,6.64158,457,31348,0.0462076,0.13,1,520064,519607,457
28332221,59.0315,21.2566,506,31415,0.096483,0.09,1,520144,519638,506
28335141,35.6126,57.7027,444,31482,0.0925932,0.11,1,520164,519720,444
28340981,71.098,33.2324,519,31616,0.0688149,0.03,1,520291,519772,519
28343901,56.6392,72.093,468,31683,0.045526,0.01,1,520338,519870,468
28346821,40.0557,57.0372,450,31750,0.0242104,0.01,1,520367,519917,450
28349741,44.2223,40.2149,468,31817,0.0156842,0.01,1,520414,519946,468
28352661,38.0889,44.2859,455,31883,0.0242737,0.01,1,520448,519993,455
28355581,16.4356,38.1144,423,31949,0.0277095,0.01,1,520450,520027,423
28358501,30.5742,16.4458,461,32015,0.0290838,0.07,1,520490,520029,461
28367261,33.7807,35.6125,458,32213,0.220981,0.15,1,520622,520164,458
28370181,68.1123,32.245,519,32279,0.214393,0.03,1,520713,520194,519
28376021,38.978,56.6392,450,32410,0.0955028,0.01,1,520788,520338,450
28378941,44.3912,40.0557,469,32475,0.0802011,0.01,1,520836,520367,469
28381861,37.5565,44.2223,455,32540,0.0500804,0.03,1,520869,520414,455
28384781,16.2226,38.0889,423,32605,0.0200322,0.03,1,520871,520448,423
28387701,31.089,16.4356,462,32670,0.0260129,0.03,1,520912,520450,462
28390621,64.0356,30.5742,508,32735,0.0404052,0.17,1,520998,520490,508
28393541,26.8142,59.6297,431,32800,0.0461621,0.17,1,521000,520569,431
28396461,23.9257,36.4519,432,32864,0.0604648,0.27,1,521022,520590,432
28408141,35.8205,38.978,423,33120,0.204828,0.07,1,521211,520788,423
28416901,15.7805,16.2226,422,33312,0.090149,0.03,1,521293,520871,422
28419821,31.5122,31.089,423,33375,0.0420596,0.05,1,521335,520912,423
28422741,64.8049,64.0356,424,33438,0.0708238,0.05,1,521422,520998,424
28425661,27.122,26.8142,424,33501,0.0583295,0.07,1,521424,521000,424
28437341,53.5519,52.0512,431,33753,0.207653,0.21,1,521617,521186,431
28440261,35.8208,35.8205,430,33816,0.233061,0.09,1,521641,521211,430
28443181,40.7283,43.1282,426,33879,0.219225,0.11,1,521685,521259,426
28446101,34.8913,36.4513,425,33941,0.22569,0.07,1,521716,521291,425
28449021,15.1565,15.7805,425,34003,0.252276,0.01,1,521718,521293,425
28451941,29.4626,31.5122,422,34065,0.22691,0.09,1,521757,521335,422
28454861,65.785,64.8049,425,34127,0.228764,0.05,1,521847,521422,425
28457781,27.514,27.122,425,34189,0.229506,0.15,1,521849,521424,425
28460701,27.2056,25.2488,428,34251,0.217802,0.15,1,521876,521448,428
28463621,32.4822,10.0995,464,34313,0.225121,0.15,1,521912,521448,464
28469461,55.4772,62.4559,477,34437,0.202819,0.25,1,522048,521571,477
28472381,36.5909,52.5824,455,34498,0.219128,0.25,1,522072,521617,455
28475301,41.0363,35.4329,475,34559,0.237651,0.21,1,522116,521641,475
28478221,35.6145,40.5732,463,34620,0.24506,0.23,1,522148,521685,463
28481141,15.4458,34.8293,434,34681,0.248024,0.27,1,522150,521716,434
28484061,28.9783,15.1317,470,34742,0.27321,0.21,1,522188,521718,470
28486981,64.9913,29.4527,520,34803,0.295284,0.23,1,522277,521757,520
28501581,56.6834,65.1928,481,35106,0.413145,0.21,1,522480,521999,481
28551221,29.4099,29.702,452,36117,0.761285,0.61,2,523075,522623,452
28554141,67.564,66.4808,454,36176,0.766514,0.65,2,523168,522714,454
28557061,28.2256,27.7923,454,36234,0.768606,0.61,2,523170,522716,454
28559981,28.0902,29.1169,452,36292,0.793442,0.59,2,523198,522746,452
28562901,32.8361,33.8468,451,36350,0.779377,0.59,2,523234,522783,451
28565821,14.3344,14.7387,451,36408,0.809751,0.65,2,523236,522785,451
28568741,59.1338,57.4955,454,36466,0.8459,0.69,2,523325,522871,454
28571661,57.2535,55.9982,455,36524,0.89636,0.71,2,523381,522926,455
28726421,34.2338,33.1075,492,39474,0.899392,1,2,525405,524913,492
28732261,29.3574,27.1372,496,39581,0.848303,1,2,525461,524965,496
28746861,29.3809,30.852,503,39846,0.238232,1,1,525657,525154,503
28752701,43.8209,49.6963,481,39952,0.0561171,0.88,1,525751,525270,481
28755621,34.3284,40.2785,475,40005,0.0284469,1,1,525779,525304,475
28758541,35.9314,34.7114,481,40058,0.0293787,1,1,525816,525335,481
28761461,29.9725,13.8846,507,40111,0.0297515,1,1,525842,525335,507
28764381,29.389,27.7538,499,40164,0.0179006,0.84,1,525871,525372,499
28767301,26.7556,30.9015,491,40217,0.0131602,0.91,1,525896,525405,491
28770221,25.1022,28.5606,488,40270,0.0112641,0.81,1,525920,525432,488
28773141,42.4409,28.8242,513,40322,0.0225056,0.61,1,525974,525461,513
28776061,36.7764,51.7297,479,40374,0.00900226,0.49,1,526007,525528,479
28778981,32.7105,43.4919,471,40426,0.0336009,0.41,1,526037,525566,471
28781901,29.8842,36.5968,467,40478,0.0314404,0.25,1,526065,525598,467
28784821,23.9537,34.4387,454,40530,0.0305761,0.17,1,526085,525631,454
28787741,35.9815,29.3755,472,40582,0.0302305,0.05,1,526129,525657,472
28790661,40.7926,40.5502,468,40634,0.0180922,0.01,1,526173,525705,468
28793581,32.517,43.8201,449,40686,0.0252369,0.01,1,526200,525751,449
28796501,35.2068,34.328,458,40738,0.0760948,0.03,1,526237,525779,458
28799421,29.6827,35.9312,447,40790,0.0484379,0.03,1,526263,525816,447
28802341,29.8731,29.9725,451,40842,0.0373752,0.01,1,526293,525842,451
28805261,26.9492,29.389,447,40894,0.0569501,0.01,1,526318,525871,447
28808181,25.1797,26.7556,446,40946,0.02278,0.01,1,526342,525896,446
28811101,43.6719,25.1022,478,40998,0.027112,0.03,1,526398,525920,478
28814021,35.4688,42.4409,454,41049,0.0168448,0,1,526428,525974,454
28816941,33.3875,36.7764,453,41100,0.0607379,0.05,1,526460,526007,453
28819861,30.155,32.7105,451,41151,0.0782952,0.03,1,526488,526037,451
28822781,25.262,29.8842,445,41202,0.0973181,0.03,1,526510,526065,445
28828621,40.2819,35.9815,466,41304,0.0839709,0.01,1,526595,526129,466
28831541,32.9128,40.7926,450,41355,0.0395884,0.03,1,526623,526173,450
28834461,34.1651,32.517,458,41406,0.0338353,0.11,1,526658,526200,458
28837381,30.466,35.2068,449,41457,0.0195341,0.03,1,526686,526237,449
28840301,29.5864,29.6827,452,41508,0.0258137,0.03,1,526715,526263,452
28843221,13.0346,29.8731,424,41559,0.0283255,0.07,1,526717,526293,424
28846141,19.6138,26.9492,423,41610,0.0293302,0,1,526741,526318,423
28849061,22.2455,25.1797,423,41661,0.0297321,0.03,1,526765,526342,423
28851981,43.0982,43.6719,424,41712,0.0418928,0.01,1,526822,526398,424
28854901,34.6393,35.4688,423,41763,0.0347571,0.09,1,526851,526428,423
28857821,34.8557,33.3875,426,41814,0.0199029,0.09,1,526886,526460,426
28860741,32.5423,30.155,429,41864,0.0379611,0.11,1,526917,526488,429
28863661,24.4169,25.262,426,41914,0.0691845,0.11,1,526936,526510,426
28866581,33.7668,34.7048,425,41964,0.0696738,0.07,1,526976,526551,425
28869501,38.7067,40.2819,423,42014,0.0818695,0.01,1,527018,526595,423
28872421,32.8827,32.9128,424,42064,0.0387478,0.03,1,527047,526623,424
28875341,33.5531,34.1651,423,42114,0.0334991,0.01,1,527081,526658,423
28878261,30.8212,30.466,424,42164,0.0193996,0.03,1,527110,526686,424
28881181,29.1285,29.5864,423,42214,0.0137599,0.03,1,527138,526715,423
28884101,12.8514,13.0346,423,42264,0.0115039,0.03,1,527140,526717,423
28887021,19.5406,19.6138,423,42314,0.0226016,0.03,1,527164,526741,423
28889941,21.6162,22.2455,422,42364,0.0390406,0.05,1,527187,526765,422
28892861,42.8465,43.0982,422,42414,0.0216163,0.03,1,527244,526822,422
28895781,35.1386,34.6393,423,42464,0.0506465,0.01,1,527274,526851,423
28898701,35.0554,34.8557,423,42514,0.0382586,0.05,1,527309,526886,423
28901621,33.2222,32.5423,424,42564,0.0333034,0.09,1,527341,526917,424
28904541,24.6889,24.4169,424,42614,0.0553214,0.07,1,527360,526936,424
28907461,34.4755,33.7668,425,42664,0.0761285,0.09,1,527401,526976,425
28910381,40.1902,38.7067,427,42713,0.0844514,0.01,1,527445,527018,427
28913301,30.4761,32.8827,422,42762,0.0877806,0.03,1,527469,527047,422
28919141,31.0362,30.8212,423,42860,0.0824449,0.01,1,527533,527110,423
28922061,28.6145,29.1285,422,42909,0.062978,0.01,1,527560,527138,422
28924981,12.6458,12.8514,422,42958,0.0551912,0.03,1,527562,527140,422
28927901,20.0583,19.5406,423,43007,0.0640765,0.03,1,527587,527164,423
28930821,20.6233,7.81622,444,43056,0.0316306,0.05,1,527608,527164,444
28933741,43.0493,16.9265,479,43105,0.0426522,0.01,1,527666,527187,479
28936661,34.6197,40.9706,451,43154,0.0350609,0.07,1,527695,527244,451
28939581,34.8479,34.3882,456,43203,0.0320244,0.03,1,527730,527274,456
28942501,34.3392,34.7553,455,43252,0.0308097,0.03,1,527764,527309,455
28945421,25.7357,33.1021,443,43301,0.0423239,0.07,1,527784,527341,443
28948341,35.4943,24.6408,466,43350,0.0829296,0.09,1,527826,527360,466
28951261,40.5977,34.4563,469,43399,0.0991718,0.09,1,527870,527401,469
28968781,20.4903,12.6457,447,43690,0.200952,0.07,1,528009,527562,447
28971701,20.7961,20.0583,443,43738,0.242381,0.01,1,528030,527587,443
28974621,43.7184,20.6233,481,43786,0.258952,0.05,1,528089,527608,481
28977541,34.2874,43.0493,451,43834,0.277581,0.03,1,528117,527666,451
28980461,34.7149,34.6197,457,43882,0.273032,0.03,1,528152,527695,457
28983381,34.886,34.8479,457,43930,0.271213,0.03,1,528187,527730,457
28986301,26.5544,34.3392,444,43978,0.294485,0.05,1,528208,527764,444
29015501,45.1186,20.7961,493,44457,0.409027,0.27,1,528523,528030,493
29018421,19.2474,43.7184,436,44504,0.421611,0.29,1,528525,528089,436
29024261,28.9996,34.7149,433,44598,0.438258,0.27,1,528585,528152,433
29027181,33.7998,34.886,435,44645,0.421303,0.31,1,528622,528187,435
29030101,27.3199,26.5544,437,44692,0.438521,0.33,1,528645,528208,437
29033021,37.928,37.0218,438,44739,0.445409,0.35,1,528690,528252,438
29091421,28.9037,28.0997,447,45673,0.75447,0.51,2,529299,528852,447
29129381,36.4295,31.1847,495,46271,0.759457,0.71,2,529699,529204,495
29132301,33.1718,35.8739,487,46317,0.777783,0.75,2,529730,529243,487
29135221,28.8687,31.7495,484,46363,0.797113,0.77,2,529756,529272,484
29138141,12.7475,28.8998,459,46408,0.804845,0.73,2,529758,529299,459
29141061,21.899,12.7599,485,46453,0.819938,0.75,2,529786,529301,485
29143981,20.7596,22.504,476,46498,0.837975,0.71,2,529806,529330,476
29146901,49.7038,21.0016,525,46543,0.89319,0.71,2,529875,529350,525
29374661,16.9865,27.3514,491,49951,0.883141,0.95,2,532220,531729,491
29380501,29.1178,26.4562,512,50035,0.898503,1,2,532285,531773,512
29383421,38.0471,32.1825,520,50077,0.857401,1,2,532329,531809,520
29386341,35.6189,39.873,509,50119,0.84096,1,2,532363,531854,509
29389261,32.8475,29.1492,518,50161,0.858384,1,2,532394,531876,518
29392181,30.539,33.2597,511,50203,0.817354,1,2,532423,531912,511
29395101,21.8156,31.9039,496,50245,0.836941,0.94,2,532439,531943,496
29398021,16.5262,24.7615,489,50287,0.856777,0.92,2,532452,531963,489
29400941,22.8105,20.1046,499,50329,0.816711,1,2,532479,531980,499
29403861,24.1242,26.6418,493,50371,0.836684,1,2,532504,532011,493
29406781,18.0497,31.0567,473,50413,0.868674,0.91,2,532518,532045,473
29409701,31.2199,37.6227,471,50455,0.881469,0.99,2,532558,532087,471
29412621,29.8879,28.8491,477,50497,0.898588,0.97,2,532587,532110,477
29415541,29.9552,32.5396,472,50539,0.893435,0.94,2,532617,532145,472
29672501,325.207,367.97,488,24820,0.442,0.95,1,535541,535053,488
29676881,190.083,220.388,466,24820,0.2188,0.74,1,535641,535175,466
29720681,56.4533,46.4221,486,24905,0.065008,0.49,1,535697,535211,486
29723601,71.1813,61.7688,495,24990,0.0680032,0.21,1,535778,535283,495
29726521,63.8725,78.7075,464,25075,0.0692013,0.05,1,535837,535373,464
29729441,62.749,83.683,439,25160,0.0576805,0.03,1,535899,535460,439
29732361,42.4996,53.2732,435,25244,0.0530722,0.01,1,535928,535493,435
29735281,33.7998,38.1093,435,25328,0.0392289,0.07,1,535956,535521,435
29738201,44.1199,27.2437,466,25412,0.0336916,0.07,1,536007,535541,466
29741121,52.448,51.0975,457,25495,0.0794766,0.05,1,536065,535608,457
29744041,53.3792,52.839,457,25578,0.0857907,0.03,1,536119,535662,457
29746961,71.1517,42.1356,505,25661,0.0883163,0.07,1,536202,535697,505
29770321,72.2118,53.3698,509,26315,0.213438,0.09,1,536628,536119,509
29773241,66.0847,71.1479,488,26396,0.223375,0.15,1,536690,536202,488
29776161,61.2339,64.4592,486,26476,0.23935,0.17,1,536748,536262,486
29779081,41.8936,61.1837,456,26556,0.25774,0.13,1,536777,536321,456
29782001,33.5574,41.8735,455,26636,0.265096,0.15,1,536805,536350,455
29784921,42.223,34.1494,474,26716,0.292038,0.13,1,536853,536379,474
29796601,59.9289,72.2118,433,27032,0.408516,0.23,1,537061,536628,433
29855001,62.3048,48.7323,509,28558,0.755036,0.59,2,538077,537568,509
29857921,41.7219,56.0929,476,28632,0.788014,0.57,2,538105,537629,476
29860841,34.6888,39.8372,477,28706,0.801206,0.59,2,538135,537658,477
29863761,46.8755,33.3349,503,28780,0.830482,0.61,2,538190,537687,503
29866681,58.9502,43.9339,519,28854,0.878193,0.67,2,538257,537738,519
29980561,58.0767,46.2799,549,31588,0.877656,1,2,540162,539613,549
29986401,51.4123,66.8048,510,31722,0.823225,1,2,540264,539754,510
29989321,52.3649,45.9219,531,31789,0.76729,1,2,540317,539786,531
30050641,52.0315,51.0104,450,33158,0.759136,0.51,2,541224,540774,450
30053561,61.0126,60.6042,450,33222,0.753654,0.59,2,541291,540841,450
30056481,47.805,47.0417,451,33286,0.775462,0.59,2,541330,540879,451
30059401,33.522,33.2167,451,33350,0.784185,0.57,2,541354,540903,451
30062321,34.4088,34.2867,451,33413,0.799674,0.61,2,541389,540938,451
30065241,14.9635,14.9147,451,33476,0.80587,0.59,2,541391,540940,451
30068161,28.7854,28.1659,452,33539,0.784348,0.65,2,541429,540977,452
30071081,36.1142,34.6663,454,33602,0.787739,0.67,2,541470,541016,454
30074001,52.8457,52.8665,453,33665,0.765096,0.71,2,541534,541081,453
30082761,54.2621,52.0315,459,33854,0.768246,0.75,2,541683,541224,459
30085681,61.9048,61.0126,459,33916,0.853298,0.79,2,541750,541291,459
30088601,49.3619,47.805,461,33978,0.899319,0.79,2,541791,541330,461
30225841,37.1555,36.3086,493,36789,0.888819,1,2,543730,543237,493
30228761,38.8622,34.3234,500,36846,0.841527,1,2,543770,543270,500
30231681,36.5449,29.3294,509,36903,0.786611,1,2,543805,543296,509
30313441,36.2017,39.0447,484,38473,0.761653,0.57,2,544843,544359,484
30316361,33.6807,35.4179,483,38528,0.778661,0.61,2,544875,544392,483
30319281,30.2723,32.7671,480,38583,0.785465,0.69,2,544903,544423,480
30322201,13.3089,29.3069,455,38638,0.788186,0.73,2,544905,544450,455
30325121,30.5236,35.1227,458,38693,0.837274,0.69,2,544947,544489,458
30328041,63.2094,66.2491,456,38748,0.88091,0.71,2,545032,544576,456
30330961,46.8838,47.4996,457,38803,0.886364,0.69,2,545068,544611,457
30514921,36.2136,33.522,504,42093,0.862,1,2,547332,546828,504
30517841,30.0854,28.4088,505,42143,0.8248,1,2,547358,546853,505
30520761,30.6342,32.3635,501,42193,0.75592,1,2,547389,546888,501
30538281,30.1981,34.8897,489,42493,0.417615,1,1,547607,547118,489
30558721,27.7901,30.0854,465,42839,0.405411,0.71,1,547823,547358,465
30637561,30.2175,34.4444,476,44149,0.760892,0.59,2,548684,548208,476
30640481,30.087,30.5778,478,44197,0.766357,0.53,2,548714,548236,478
30643401,28.2348,28.4311,478,44245,0.768543,0.63,2,548741,548263,478
30646321,34.6939,26.9724,491,44293,0.805417,0.57,2,548780,548289,491
30649241,37.8776,34.189,492,44341,0.820167,0.61,2,548820,548328,492
30652161,36.751,38.2756,487,44389,0.826067,0.65,2,548856,548369,487
30655081,35.1004,35.7102,487,44437,0.852427,0.65,2,548890,548403,487
30658001,15.2402,34.6841,455,44484,0.862971,0.65,2,548892,548437,455
30853641,22.2937,31.8124,503,47554,0.877456,1,2,551003,550500,503
30856561,29.9175,37.925,496,47598,0.800982,1,2,551038,550542,496
30859481,32.967,32.57,502,47642,0.758393,1,2,551073,550571,502
30862401,27.5868,31.628,495,47686,0.753357,1,2,551097,550602,495
30865321,21.2347,27.0512,488,47730,0.751343,1,2,551114,550626,488
30897441,24.3424,28.7343,461,48214,0.412103,0.86,1,551446,550985,461
30900361,21.137,22.2937,462,48258,0.410841,0.75,1,551465,551003,462
30903281,29.4548,29.9175,462,48302,0.446337,0.73,1,551500,551038,462
30906201,30.3819,32.967,458,48346,0.436535,0.75,1,551531,551073,458
30999641,31.6288,30.1959,485,49722,0.753835,0.65,2,552427,551942,485
31002561,25.8515,30.6784,476,49764,0.763534,0.65,2,552449,551973,476
31005481,18.7406,26.0713,467,49806,0.767414,0.65,2,552463,551996,467
31008401,27.8962,18.8285,487,49848,0.780965,0.65,2,552497,552010,487
31011321,30.9585,27.9314,486,49890,0.774386,0.67,2,552530,552044,486
31014241,33.9834,29.7726,491,49932,0.807755,0.67,2,552566,552075,491
31017161,38.1934,34.109,495,49974,0.821102,0.69,2,552607,552112,495
31020081,35.6773,37.6436,489,50016,0.838441,0.69,2,552641,552152,489
31023001,25.0709,35.4574,473,50058,0.845376,0.69,2,552659,552186,473
31025921,26.2284,24.983,482,50100,0.836151,0.69,2,552686,552204,482
31028841,22.4913,26.1932,475,50142,0.83246,0.69,2,552706,552231,475
31031761,28.1965,22.4773,487,50184,0.842984,0.73,2,552738,552251,487
31034681,34.0786,28.1909,493,50226,0.883194,0.73,2,552776,552283,493
31037601,25.0314,32.8764,476,50268,0.899278,0.73,2,552795,552319,476
31258061,324.683,350.117,489,24820,0.429902,1,1,554923,554434,489
31266821,73.0037,84.6155,481,25075,0.0704737,0.45,1,555104,554623,481
31269741,64.6015,77.0462,468,25160,0.0701895,0.29,1,555163,554695,468
31296021,61.6435,57.1504,488,25908,0.211607,0.13,1,555651,555163,488
31298941,63.0574,59.4601,491,25990,0.246643,0.13,1,555715,555224,491
31301861,36.023,60.3841,448,26072,0.260657,0.15,1,555733,555285,448
31304781,33.0092,34.9536,461,26153,0.254263,0.11,1,555764,555303,461
31345661,60.8523,62.9819,439,27266,0.405061,0.35,1,556522,556083,439
31348581,63.9409,64.7927,439,27344,0.444024,0.35,1,556588,556149,439
31371941,61.1611,60.8523,442,27957,0.75332,0.47,2,556964,556522,442
31374861,65.2645,63.9409,444,28033,0.787328,0.51,2,557032,556588,444
31377781,37.5058,36.3764,445,28109,0.812931,0.53,2,557051,556606,445
31380701,36.0023,34.9505,446,28184,0.835172,0.59,2,557086,556640,446
31383621,64.8009,62.5802,449,28259,0.868069,0.55,2,557170,556721,449
31386541,27.1204,26.2321,449,28334,0.857228,0.63,2,557172,556723,449
31389461,51.6481,48.8928,453,28409,0.888891,0.63,2,557240,556787,453
31704821,32.1125,34.3418,512,35561,0.880816,1,2,562254,561742,512
31707741,33.245,37.7367,506,35620,0.874326,1,2,562288,561782,506
31710661,36.698,31.8947,517,35679,0.835731,1,2,562327,561810,517
31713581,33.8792,35.5579,511,35738,0.760292,1,2,562359,561848,511
31734021,35.5134,37.953,470,36151,0.426376,0.93,1,562653,562183,470
31736941,38.2053,42.7812,464,36209,0.404551,0.83,1,562693,562229,464
31739861,31.4821,32.1125,466,36267,0.43182,0.87,1,562720,562254,466
31742781,31.7929,33.245,464,36325,0.430728,0.81,1,562752,562288,464
31745701,33.7171,36.698,460,36383,0.442291,0.71,1,562787,562327,460
31748621,30.2869,33.8792,456,36441,0.422917,0.69,1,562815,562359,456
31751541,33.7147,36.3517,454,36499,0.439167,0.67,1,562851,562397,454
31795341,42.6576,39.4777,487,37359,0.754205,0.59,2,563423,562936,487
31798261,52.463,37.3911,510,37416,0.811682,0.67,2,563482,562972,510
31801181,40.1852,49.7564,484,37472,0.834673,0.69,2,563514,563030,484
31804101,35.8741,38.5026,486,37528,0.855869,0.67,2,563547,563061,486
31807021,38.9496,34.601,495,37584,0.864348,0.71,2,563588,563093,495
31809941,32.3799,38.4404,482,37640,0.867739,0.67,2,563616,563134,482
31812861,33.9519,32.1762,489,37696,0.869096,0.71,2,563651,563162,489
31976381,36.6598,44.8577,516,40715,0.84328,1,2,565747,565231,516
31979301,35.6639,32.3431,527,40767,0.763312,1,2,565782,565255,527
32008501,30.492,39.5588,497,41282,0.447871,0.98,1,566130,565633,497
32087341,37.8281,36.5611,449,42643,0.76917,0.55,2,566998,566549,449
32090261,29.5312,29.0244,449,42692,0.805668,0.59,2,567022,566573,449
32093181,40.0125,39.8098,449,42741,0.844267,0.55,2,567069,566620,449
32096101,32.205,31.5239,450,42790,0.847707,0.61,2,567096,566646,450
32099021,36.282,34.8096,452,42839,0.837083,0.63,2,567135,566683,452
32101941,27.7128,27.7238,451,42888,0.868833,0.65,2,567157,566706,451
32104861,32.0851,31.4895,452,42937,0.881533,0.65,2,567192,566740,452
32107781,14.034,13.7958,452,42986,0.886613,0.65,2,567194,566742,452
32110701,28.4136,5.51832,490,43035,0.876645,0.63,2,567232,566742,490
32113621,33.5654,25.0073,489,43084,0.884658,0.69,2,567269,566780,489
32116541,30.2262,31.6029,481,43133,0.887863,0.69,2,567297,566816,481
32119461,35.4905,29.4412,492,43182,0.877145,0.67,2,567336,566844,492
32268381,32.3506,34.5321,491,45607,0.864247,1,2,569043,568552,491
32426061,26.5178,23.6416,501,48038,0.88696,1,2,570725,570224,501
32428981,20.8071,19.6566,501,48082,0.846784,1,2,570742,570241,501
32431901,13.7229,24.0627,483,48126,0.824714,1,2,570751,570268,483
32434821,28.2891,29.4251,488,48170,0.803885,1,2,570789,570301,488
32437741,29.9157,27.97,492,48214,0.783554,1,2,570820,570328,492
32528261,25.8336,10.2965,486,49553,0.761872,0.59,2,571697,571211,486
32531181,28.3334,26.9186,478,49596,0.766749,0.57,2,571727,571249,478
32534101,26.3334,28.1674,474,49638,0.7927,0.55,2,571752,571278,474
32537021,26.7334,26.867,475,49680,0.83908,0.61,2,571779,571304,475
32539941,44.2933,25.1468,507,49722,0.869632,0.61,2,571835,571328,507
32785221,314.249,356.841,454,24820,0.414638,0.25,1,574630,574176,454
32834861,100.8,97.8945,454,24905,0.072342,0.01,1,574767,574313,454
32837781,76.9199,76.9578,452,24990,0.0709368,0.03,1,574828,574376,452
32840701,76.968,75.1831,455,25075,0.0463747,0.01,1,574905,574450,455
32843621,62.5872,66.6732,447,25160,0.0485499,0.09,1,574958,574511,447
32846541,61.0349,60.2693,451,25244,0.08542,0.03,1,575018,574567,451
32849461,34.0139,41.5077,438,25328,0.088168,0.07,1,575034,574596,438
32858221,59.6089,43.9605,471,25578,0.0812427,0.01,1,575189,574718,471
32861141,60.4436,46.9842,483,25661,0.0504971,0.07,1,575250,574767,483
32864061,70.9774,55.3937,500,25744,0.0501988,0.03,1,575328,574828,500
32866981,59.591,68.3575,475,25826,0.0380795,0.05,1,575380,574905,475
32869901,61.6364,59.143,485,25908,0.0332318,0.11,1,575443,574958,485
32872821,34.2546,59.6572,441,25990,0.0552927,0.09,1,575459,575018,441
32875741,24.5018,33.4629,443,26072,0.0761171,0.15,1,575477,575034,443
32878661,55.4007,23.5852,502,26153,0.0724468,0.13,1,575553,575051,502
32881581,56.9603,54.4341,485,26234,0.0949787,0.05,1,575611,575126,485
32884501,59.3841,59.5736,483,26315,0.0559915,0.03,1,575672,575189,483
32887421,70.5536,60.4295,500,26396,0.0643966,0.05,1,575750,575250,500
32890341,59.4215,70.9718,474,26476,0.0437586,0.03,1,575802,575328,474
32893261,62.1686,59.5887,486,26556,0.0235035,0.03,1,575866,575380,486
32896181,35.6674,61.6355,441,26636,0.0394014,0.07,1,575884,575443,441
32899101,25.067,34.2542,443,26716,0.0457605,0.09,1,575902,575459,443
32902021,55.6268,24.5017,501,26795,0.0723042,0.07,1,575978,575477,501
32913701,64.5248,70.5536,423,27110,0.073611,0.03,1,576173,575750,423
32916621,57.0099,59.4215,423,27188,0.0714444,0.01,1,576225,575802,423
32919541,61.804,62.1686,424,27266,0.0825778,0.05,1,576290,575866,424
32922461,35.5216,35.6674,424,27344,0.0750311,0.05,1,576308,575884,424
32934141,24.6886,23.7803,429,27652,0.219793,0.19,1,576466,576037,429
32937061,45.8754,44.3121,431,27729,0.273917,0.01,1,576526,576095,431
32939981,60.3502,64.5248,423,27805,0.283567,0.07,1,576596,576173,423
32942901,55.3401,57.0099,423,27881,0.263427,0.09,1,576648,576225,423
32945821,62.336,61.804,425,27957,0.219371,0.07,1,576715,576290,425
32957501,61.6534,58.7214,432,28259,0.209184,0.25,1,576896,576464,432
32963341,48.1445,45.8754,435,28409,0.241069,0.31,1,576961,576526,435
32966261,60.0578,18.3502,503,28484,0.234428,0.29,1,577029,576526,503
32969181,55.2231,49.3401,485,28558,0.267771,0.25,1,577081,576596,485
32972101,59.2893,50.936,495,28632,0.293108,0.19,1,577143,576648,495
32995461,57.2361,60.0549,487,29219,0.421939,0.29,1,577516,577029,487
33042181,26.5828,26.4401,448,30357,0.76598,0.55,2,578216,577768,448
33045101,49.0331,48.3761,449,30427,0.780392,0.61,2,578280,577831,449
33048021,64.0132,61.9504,452,30497,0.834157,0.61,2,578354,577902,452
33050941,26.8053,25.9802,452,30566,0.855663,0.65,2,578356,577904,452
33196941,42.719,41.6918,497,33854,0.822966,1,2,580672,580175,497
33205701,37.102,43.1083,496,34040,0.40427,1,1,580811,580315,496
33211541,43.9763,42.1773,503,34164,0.250683,1,1,580917,580414,503
33214461,31.9905,37.8709,492,34226,0.226273,1,1,580941,580449,492
33223221,41.6234,43.2237,516,34412,0.0852815,0.97,1,581051,580535,516
33226141,44.2494,44.2895,517,34473,0.0761126,0.85,1,581097,580580,517
33229061,35.6997,50.7158,492,34534,0.096445,0.77,1,581127,580635,492
33234901,38.952,60.7945,474,34656,0.0958312,0.47,1,581219,580745,474
33261181,36.9866,44.2493,456,35201,0.208919,0.11,1,581553,581097,456
33264101,50.7946,35.6997,486,35261,0.245568,0.11,1,581613,581127,486
33267021,40.1179,50.8799,458,35321,0.272227,0.09,1,581646,581188,458
33269941,31.6471,38.952,453,35381,0.282891,0.13,1,581672,581219,453
33272861,49.2589,32.3808,486,35441,0.299156,0.13,1,581733,581247,486
33293301,41.4787,42.9666,434,35856,0.416871,0.23,1,581954,581520,434
33296221,35.7915,36.9866,433,35915,0.400748,0.27,1,581986,581553,433
33299141,51.5166,50.7946,435,35974,0.418299,0.29,1,582048,581613,435
33302061,41.0066,40.1179,436,36033,0.43732,0.29,1,582082,581646,436
33354621,36.7413,35.6096,451,37074,0.761328,0.63,2,582750,582299,451
33357541,15.8965,15.4439,451,37131,0.778531,0.69,2,582752,582301,451
33360461,36.3586,34.3775,454,37188,0.773412,0.69,2,582802,582348,454
33363381,42.7434,13.751,501,37245,0.783365,0.71,2,582849,582348,501
33366301,36.8974,33.7004,487,37302,0.799346,0.69,2,582882,582395,487
33369221,51.959,32.6802,517,37359,0.805738,0.69,2,582944,582427,517
33372141,41.7836,50.2721,490,37416,0.832295,0.69,2,582979,582489,490
33375061,32.3134,42.3088,479,37472,0.842918,0.69,2,583005,582526,479
33377981,51.9254,32.5235,518,37528,0.847167,0.69,2,583070,582552,518
33380901,45.9701,50.8094,497,37584,0.884867,0.71,2,583112,582615,497
33383821,35.7881,44.9238,485,37640,0.887947,0.75,2,583141,582656,485
33386741,27.5152,35.3695,478,37696,0.889179,0.71,2,583163,582685,478
33547341,34.5847,36.0286,513,40663,0.853092,1,2,585215,584702,513
33550261,40.8339,37.8114,519,40715,0.839237,1,2,585260,584741,519
33553181,33.1335,37.9246,509,40767,0.797695,1,2,585288,584779,509
33570701,41.1483,47.6943,514,41078,0.426833,1,1,585530,585016,514
33576541,29.1437,34.1511,505,41180,0.439093,0.91,1,585582,585077,505
33579461,30.8575,32.2604,506,41231,0.433637,0.92,1,585614,585108,506
33582381,29.143,36.9042,494,41282,0.407455,0.91,1,585642,585148,494
33585301,30.8572,33.9617,494,41333,0.420982,0.81,1,585674,585180,494
33591141,30.1372,40.8339,483,41435,0.438157,0.77,1,585743,585260,483
33596981,32.5419,34.8534,485,41537,0.445705,0.57,1,585809,585324,485
33649541,48.0253,47.5899,448,42443,0.809188,0.59,2,586386,585938,448
33652461,37.8101,37.0359,449,42493,0.845675,0.59,2,586417,585968,449
33655381,31.9241,31.6144,449,42543,0.86027,0.57,2,586445,585996,449
33658301,28.3696,28.8458,448,42593,0.842108,0.55,2,586471,586023,448
33661221,31.1478,30.1383,450,42643,0.846843,0.63,2,586504,586054,450
33664141,32.2591,30.6553,452,42692,0.836737,0.65,2,586537,586085,452
33667061,32.7037,31.4621,453,42741,0.844695,0.63,2,586570,586117,453
33669981,40.6815,39.5849,454,42790,0.859878,0.69,2,586616,586162,454
33672901,30.6726,30.2339,454,42839,0.865951,0.73,2,586640,586186,454
33675821,35.069,33.6936,456,42888,0.86838,0.69,2,586678,586222,456
33678741,33.2276,32.6774,456,42937,0.881352,0.69,2,586710,586254,456
33856861,35.4519,39.2397,495,45837,0.87928,1,2,588712,588217,495
33859781,30.3808,28.8959,500,45883,0.849712,1,2,588739,588239,500
33862701,41.5523,36.1583,508,45929,0.753885,1,2,588788,588280,508
33880221,32.3427,31.4767,526,46205,0.414373,1,1,588965,588439,526
33886061,27.6148,37.4363,510,46297,0.2835,1,1,589021,588511,510
33888981,30.2459,37.7745,504,46343,0.2754,1,1,589053,588549,504
33891901,32.4984,36.7098,502,46388,0.27216,0.9,1,589087,588585,502
33894821,25.5993,32.6839,493,46433,0.282864,0.92,1,589108,588615,493
33897741,27.6397,28.0736,497,46478,0.299146,0.92,1,589137,588640,497
33912341,27.3742,37.6209,475,46703,0.297697,0.59,1,589298,588823,475
33921101,29.112,24.3917,474,46838,0.401373,0.47,1,589370,588896,474
33926941,30.6979,32.3427,467,46928,0.42302,0.23,1,589432,588965,467
33929861,27.8792,31.5371,462,46973,0.427208,0.27,1,589458,588996,462
34002861,28.5751,28.5371,449,48082,0.769677,0.55,2,590185,589736,449
34005781,12.63,12.6149,449,48126,0.781871,0.59,2,590187,589738,449
34008701,17.052,17.0459,449,48170,0.786748,0.57,2,590207,589758,449
34011621,18.2208,17.0184,451,48214,0.788699,0.59,2,590226,589775,451
34014541,30.0883,29.6074,451,48258,0.80148,0.61,2,590264,589813,451
34017461,31.2353,30.4429,452,48302,0.842592,0.65,2,590296,589844,452
34020381,30.4941,30.1772,452,48346,0.871037,0.59,2,590326,589874,452
34023301,27.7977,28.2709,451,48390,0.870415,0.63,2,590352,589901,451
34251061,341.215,343.252,499,23360,0.79,1,2,592679,592180,499
34259821,79.6537,80.9841,509,23631,0.4324,1,1,592856,592347,509
34265661,71.3046,79.7975,500,23810,0.255184,1,1,593001,592501,500
34271501,49.2087,71.4476,473,23988,0.202829,0.73,1,593112,592639,473
34280261,56.9814,69.1806,441,24252,0.205701,0.33,1,593240,592799,441
34286101,64.077,72.1489,432,24426,0.228512,0.21,1,593367,592935,432
34289021,62.2308,68.4596,427,24513,0.229405,0.15,1,593428,593001,427
34300701,33.0907,32.8806,431,24857,0.410849,0.21,1,593598,593167,431
34303621,56.4363,56.9522,430,24942,0.446339,0.19,1,593670,593240,430
34306541,59.1745,58.1809,432,25027,0.448536,0.25,1,593731,593299,432
34353261,62.2634,57.7652,516,26349,0.764801,0.67,2,594628,594112,516
34356181,69.3054,60.3061,528,26429,0.77992,0.71,2,594702,594174,528
34359101,63.7221,67.3224,516,26509,0.797968,0.71,2,594762,594246,516
34362021,82.4889,62.929,551,26589,0.817187,0.73,2,594857,594306,551
34364941,52.1955,80.9716,490,26669,0.824875,0.71,2,594889,594399,490
34367861,32.8782,52.7886,476,26748,0.82795,0.71,2,594909,594433,476
34370781,34.1513,33.1155,491,26827,0.85318,0.73,2,594944,594453,491
34373701,59.8605,33.6462,534,26906,0.875272,0.73,2,595021,594487,534
34376621,25.1442,59.6585,459,26985,0.884109,0.79,2,595023,594564,459
34467141,72.7444,58.5004,562,29319,0.8812,1,2,596727,596165,562
34470061,55.4978,79.8002,512,29391,0.75448,1,2,596771,596259,512
34484661,32.279,43.1416,505,29749,0.0873579,1,1,596980,596475,505
34487581,54.3116,32.2567,549,29820,0.0529431,1,1,597049,596500,549
34490501,30.7246,60.9027,484,29891,0.0511773,0.98,1,597064,596580,484
34493421,45.2899,66.3611,469,29962,0.0504709,0.81,1,597119,596650,469
34496341,58.9159,72.7444,460,30033,0.0621884,0.67,1,597187,596727,460
34499261,45.1664,55.4978,452,30103,0.0428753,0.55,1,597223,596771,452
34502181,34.8666,41.3991,448,30173,0.0231501,0.41,1,597251,596803,448
34505101,33.7466,39.3596,443,30243,0.0512601,0.19,1,597284,596841,443
34508021,50.6986,60.7439,430,30313,0.086504,0.03,1,597346,596916,430
34516781,55.3967,54.3116,427,30522,0.0931363,0.05,1,597476,597049,427
34519701,28.7587,30.7246,423,30591,0.0912545,0.05,1,597487,597064,423
34522621,43.9035,45.2899,422,30660,0.0665018,0.07,1,597541,597119,422
34525541,58.9614,58.9159,423,30729,0.0926007,0.03,1,597610,597187,423
34531381,34.6338,34.8666,422,30867,0.0928161,0.07,1,597673,597251,422
34543061,28.7506,28.9918,426,31140,0.20268,0.07,1,597829,597403,426
34554741,59.9008,37.0014,493,31412,0.206837,0.11,1,598034,597541,493
34557661,46.1603,56.2006,461,31479,0.220735,0.15,1,598071,597610,461
34560581,34.0641,43.4802,452,31546,0.226294,0.07,1,598097,597645,452
34563501,36.4257,34.1921,462,31613,0.204518,0.11,1,598135,597673,462
34566421,53.5703,34.6768,492,31680,0.207807,0.13,1,598200,597708,492
34578101,27.2818,54.6957,439,31947,0.205336,0.17,1,598340,597901,439
34581021,41.5127,27.8783,480,32013,0.220134,0.17,1,598391,597911,480
34583941,61.6051,41.7513,504,32079,0.226054,0.23,1,598466,597962,504
34586861,46.842,59.9005,469,32145,0.264421,0.23,1,598503,598034,469
34589781,34.3368,46.1602,458,32211,0.291769,0.23,1,598529,598071,458
34610221,42.0725,27.2818,483,32668,0.405122,0.23,1,598823,598340,483
34613141,61.829,41.5127,507,32733,0.444049,0.23,1,598898,598391,507
34662781,46.7199,46.5894,450,33814,0.784351,0.57,2,599562,599112,450
34665701,31.888,31.8358,450,33877,0.79974,0.63,2,599584,599134,450
34668621,56.5552,54.1343,454,33939,0.817896,0.65,2,599657,599203,454
34671541,28.6221,27.6537,454,34001,0.837159,0.71,2,599667,599213,454
34674461,43.2488,42.2615,455,34063,0.880863,0.67,2,599720,599265,455
34832141,49.9119,32.1879,545,37267,0.804108,1,2,601939,601394,545
34858421,26.6729,34.3676,495,37774,0.282434,1,1,602284,601789,495
34861341,26.8691,28.7471,497,37830,0.286974,0.87,1,602311,601814,497
34864261,26.9477,30.6988,492,37886,0.252789,0.92,1,602338,601846,492
34867181,46.1791,30.2795,521,37942,0.239116,0.73,1,602397,601876,521
34870101,35.8716,49.9118,487,37998,0.257646,0.59,1,602426,601939,487
34873021,49.1487,40.9647,510,38054,0.253059,0.59,1,602484,601974,510
34875941,38.2595,54.7859,477,38110,0.299223,0.49,1,602515,602038,477
34887621,36.3698,40.2633,471,38330,0.403132,0.31,1,602669,602198,471
34899301,27.0047,26.8691,461,38550,0.416832,0.23,1,602772,602311,461
34902221,46.2019,26.9477,493,38605,0.412733,0.23,1,602831,602338,493
34905141,19.6807,46.1791,436,38660,0.411093,0.27,1,602833,602397,436
34908061,25.8723,35.8716,437,38715,0.434437,0.25,1,602863,602426,437
34951861,41.3362,38.9396,450,39526,0.758193,0.59,2,603404,602954,450
34954781,30.9345,30.5758,449,39579,0.789277,0.55,2,603428,602979,449
34957701,50.7738,50.6303,449,39632,0.825711,0.61,2,603492,603043,449
34960621,40.1095,39.4521,450,39685,0.828284,0.61,2,603525,603075,450
34963541,36.4438,36.1809,450,39738,0.841314,0.59,2,603559,603109,450
34966461,30.7775,29.4723,452,39791,0.858525,0.67,2,603586,603134,452
34969381,29.711,27.9889,454,39844,0.87741,0.69,2,603615,603161,454
34972301,28.6844,26.7956,456,39897,0.896964,0.69,2,603643,603187,456
35179621,46.5107,54.0101,518,43495,0.8116,1,2,606176,605658,518
35189841,35.4867,30.5379,539,43688,0.273305,1,1,606315,605776,539
35238021,170.198,181.526,451,19818,0.0557288,0.07,1,606867,606416,451
35240941,107.079,111.61,451,19925,0.0402915,0.07,1,606932,606481,451
35243861,94.4317,81.8442,475,20031,0.0941166,0.01,1,607018,606543,475
35246781,76.1727,86.7377,449,20137,0.0676466,0.01,1,607082,606633,449
35249701,80.8691,70.6951,473,20242,0.0570587,0.03,1,607166,606693,473
35252621,44.3476,59.478,441,20347,0.0888235,0.05,1,607186,606745,441
35255541,80.1391,43.5912,512,20451,0.0355294,0,1,607290,606778,512
35258461,69.8556,70.8365,486,20555,0.0202118,0.03,1,607353,606867,486
35261381,83.1422,67.3346,513,20658,0.0260847,0.13,1,607445,606932,513
35264301,68.6569,78.5338,486,20761,0.0524339,0.05,1,607504,607018,486
35267221,79.6628,69.8135,509,20863,0.0509736,0.05,1,607591,607082,509
35270141,43.2651,78.3254,444,20965,0.0743894,0.11,1,607610,607166,444
35273061,18.506,43.3302,426,21066,0.0837558,0,1,607612,607186,426
35275981,68.0024,79.7321,423,21167,0.0335023,0.01,1,607713,607290,423
35278901,64.401,69.6928,422,21267,0.0194009,0.03,1,607775,607353,422
35281821,81.5604,83.0771,423,21367,0.0137604,0.07,1,607868,607445,423
35284741,70.4242,68.6309,427,21466,0.0115041,0.05,1,607931,607504,427
35287661,79.1697,79.6523,425,21565,0.0346017,0.09,1,608016,607591,425
35290581,44.2679,43.2609,427,21663,0.0438407,0.09,1,608037,607610,427
35293501,18.9071,18.5044,427,21761,0.0475363,0,1,608039,607612,427
35296421,65.1629,68.0018,422,21858,0.0190145,0.01,1,608135,607713,422
35299341,63.8651,64.4007,423,21955,0.0496058,0.01,1,608198,607775,423
35302261,80.7461,81.5603,422,22052,0.0258423,0.01,1,608290,607868,422
35305181,70.0984,70.4241,422,22148,0.0403369,0.05,1,608353,607931,422
35308101,79.0394,79.1696,422,22244,0.0341348,0.05,1,608438,608016,422
35311021,44.8157,44.2679,423,22339,0.0436539,0.05,1,608460,608037,423
35313941,19.1263,18.9071,423,22434,0.0474616,0,1,608462,608039,423
35316861,65.2505,65.1629,423,22529,0.0369846,0,1,608558,608135,423
35319781,64.5002,26.0651,487,22623,0.0327938,0.07,1,608622,608135,487
35322701,79.2001,48.2261,513,22717,0.0191175,0.01,1,608711,608198,513
35325621,71.28,74.4904,487,22810,0.037647,0.05,1,608777,608290,487
35328541,77.712,67.5962,506,22903,0.0450588,0.03,1,608859,608353,506
35331461,44.2848,78.0385,443,22996,0.0480235,0.05,1,608881,608438,443
35334381,18.9139,44.4154,423,23088,0.0492094,0.05,1,608883,608460,423
35337301,65.7656,18.9662,518,23180,0.0856838,0.03,1,608980,608462,518
35343141,77.9625,64.4746,510,23362,0.0821094,0.01,1,609132,608622,510
35346061,71.985,79.1898,489,23453,0.0748438,0.05,1,609200,608711,489
35360661,65.4334,65.7655,490,23901,0.249435,0.11,1,609470,608980,490
35363581,27.3734,65.9062,426,23990,0.273774,0.07,1,609472,609046,426
35375261,44.0928,44.3976,428,24341,0.412945,0.13,1,609732,609304,428
35378181,18.8371,18.959,428,24428,0.423178,0.23,1,609734,609306,428
35392781,68.0659,65.5797,442,24859,0.421233,0.39,1,610067,609625,442
35436581,66.7791,28.555,542,26108,0.759097,0.67,2,610890,610348,542
35439501,71.1116,64.222,528,26189,0.789639,0.65,2,610964,610436,528
35442421,80.0447,70.0888,540,26270,0.789856,0.65,2,611050,610510,540
35445341,46.4179,80.2355,477,26351,0.813942,0.67,2,611074,610597,477
35448261,19.7671,45.8942,456,26431,0.835577,0.67,2,611076,610620,456
35556301,53.2899,23.7601,557,29248,0.867856,1,2,613086,612529,557
35565061,64.1306,43.3766,545,29464,0.438823,1,1,613243,612698,545
35567981,83.8522,66.5507,560,29536,0.241529,1,1,613340,612780,560
35573821,48.6964,70.8881,510,29679,0.0758447,0.84,1,613442,612932,510
35576741,32.0785,48.1552,498,29750,0.0483379,1,1,613463,612965,498
35579661,26.6314,36.0621,493,29821,0.0733351,1,1,613486,612993,493
35582581,12.4526,28.2248,473,29892,0.0473341,0.79,1,613489,613016,473
35585501,37.981,53.2899,458,29963,0.0729336,0.63,1,613544,613086,458
35588421,37.3924,45.316,455,30034,0.0711735,0.57,1,613581,613126,455
35620541,35.5172,33.557,428,30799,0.212884,0.13,1,614040,613612,428
35623461,53.8069,54.2228,426,30868,0.223154,0.13,1,614106,613680,426
35626381,72.5228,72.6891,426,30937,0.275261,0.11,1,614191,613765,426
35661421,48.1806,70.9779,469,31748,0.419752,0.41,1,614730,614261,469
35664341,31.2722,46.3911,459,31815,0.449901,0.37,1,614750,614291,459
35702301,37.8354,13.1636,499,32668,0.772642,0.47,2,615280,614781,499
35705221,39.7341,38.2654,485,32733,0.783057,0.49,2,615321,614836,485
35708141,17.0937,38.7062,448,32798,0.811223,0.55,2,615323,614875,448
35711061,28.4375,35.8825,450,32862,0.858489,0.57,2,615359,614909,450
35883341,59.2758,61.5444,490,36464,0.7636,1,2,617893,617403,490
35892101,42.2656,37.0828,502,36638,0.0966304,1,1,618056,617554,502
35895021,29.5063,38.2331,484,36696,0.0926522,1,1,618077,617593,484
35897941,41.8025,36.2933,499,36754,0.0550609,1,1,618127,617628,499
35900861,33.521,31.9173,498,36811,0.0220243,1,1,618155,617657,498
35903781,24.2084,25.3669,495,36868,0.0268097,1,1,618173,617678,495
35906701,24.6834,31.1468,485,36925,0.0407239,1,1,618198,617713,485
35909621,28.4733,34.0587,480,36982,0.0162896,1,1,618229,617749,480
35912541,28.1893,35.2235,472,37039,0.0245158,0.94,1,618257,617785,472
35915461,26.2757,32.6894,466,37096,0.0158063,0.63,1,618282,617816,466
35918381,48.3103,59.2758,452,37153,0.0123225,0.63,1,618345,617893,452
35921301,59.5241,23.7103,519,37210,0.022929,0.31,1,618412,617893,519
35924221,43.0096,61.6841,464,37267,0.0091716,0,1,618444,617980,464
35927141,37.0039,50.4736,454,37324,0.00966864,0.03,1,618477,618023,454
35930061,28.0015,39.9895,443,37381,0.0338675,0.09,1,618499,618056,443
35932981,42.4006,28.5958,474,37438,0.013547,0.03,1,618551,618077,474
35935901,32.5602,41.4383,450,37494,0.00541879,0,1,618577,618127,450
35938821,23.2241,33.3753,439,37550,0.0321675,0.03,1,618594,618155,439
35941741,24.2896,24.1501,446,37606,0.030867,0.05,1,618619,618173,446
35944661,29.5159,24.6601,454,37662,0.0123468,0,1,618652,618198,454
35947581,27.4063,28.464,449,37718,0.0109387,0.03,1,618678,618229,449
35950501,25.9625,28.1856,446,37774,0.0223755,0.01,1,618703,618257,446
35953421,48.185,26.2742,484,37830,0.0149502,0.01,1,618766,618282,484
35962181,36.2038,43.0096,454,37998,0.0664768,0.01,1,618898,618444,454
35965101,27.6815,37.0038,443,38054,0.0565907,0.05,1,618920,618477,443
35968021,42.2726,28.0015,473,38110,0.0286363,0,1,618972,618499,473
35970941,33.109,42.4006,448,38165,0.0114545,0,1,618999,618551,448
35973861,22.8436,32.5602,438,38220,0.0225818,0.05,1,619015,618577,438
35976781,24.7374,23.2241,447,38275,0.0270327,0.03,1,619041,618594,447
35979701,29.095,24.2896,454,38330,0.0408131,0,1,619073,618619,454
35982621,27.238,29.5159,447,38385,0.0463252,0.01,1,619099,618652,447
35985541,26.4952,27.4063,447,38440,0.0485301,0.03,1,619125,618678,447
35988461,47.7981,25.9625,484,38495,0.037412,0.01,1,619187,618703,484
35991381,65.9192,48.185,499,38550,0.0569648,0.17,1,619265,618766,499
35994301,40.7677,61.274,453,38605,0.0647859,0.13,1,619289,618836,453
35997221,17.5071,42.5096,425,38660,0.0679144,0.03,1,619291,618866,425
36000141,25.0028,36.2038,423,38715,0.0931657,0.05,1,619321,618898,423
36003061,23.2011,27.6815,423,38770,0.0672663,0.01,1,619343,618920,423
36005981,40.4805,42.2726,423,38824,0.0269065,0,1,619395,618972,423
36008901,32.3922,33.109,423,38878,0.0107626,0.03,1,619422,618999,423
36011821,22.5569,22.8436,423,38932,0.010305,0.03,1,619438,619015,423
36014741,24.6227,24.7374,423,38986,0.046122,0.05,1,619464,619041,423
36017661,28.4491,29.095,422,39040,0.0724488,0.05,1,619495,619073,422
36020581,26.9796,27.238,422,39094,0.0589795,0.05,1,619521,619099,422
36023501,26.9919,26.4952,423,39148,0.0415918,0.03,1,619548,619125,423
36026421,47.9967,47.7981,423,39202,0.0346367,0.07,1,619610,619187,423
36029341,67.1987,65.9192,425,39256,0.0138547,0.07,1,619690,619265,425
36032261,41.2795,40.7677,425,39310,0.0235419,0.07,1,619714,619289,425
36035181,17.7118,17.5071,425,39364,0.0274168,0.11,1,619716,619291,425
36038101,23.2847,25.0028,422,39418,0.0409667,0.05,1,619743,619321,422
36041021,23.7139,23.2011,424,39472,0.0583867,0,1,619767,619343,424
36043941,39.4856,40.4805,422,39526,0.0413547,0,1,619817,619395,422
36046861,31.9942,32.3922,422,39579,0.0165419,0.01,1,619844,619422,422
36049781,22.3977,22.5569,422,39632,0.0126167,0.07,1,619860,619438,422
36052701,25.1591,24.6227,423,39685,0.0470467,0.09,1,619887,619464,423
36055621,29.2636,28.4491,424,39738,0.0848187,0.05,1,619919,619495,424
36058541,26.1055,26.9796,422,39791,0.0759275,0.03,1,619943,619521,422
36061461,26.6422,26.9919,422,39844,0.060371,0.03,1,619970,619548,422
36064381,47.8569,47.9967,422,39897,0.0541484,0,1,620032,619610,422
36067301,67.7428,67.1987,423,39950,0.0396594,0.03,1,620113,619690,423
36070221,41.4971,41.2795,423,40003,0.0458637,0.03,1,620137,619714,423
36073141,17.7988,17.7118,423,40056,0.0483455,0.05,1,620139,619716,423
36076061,23.3195,23.2847,423,40109,0.0613382,0.05,1,620166,619743,423
36078981,24.3278,9.31389,448,40162,0.0425353,0.07,1,620191,619743,448
36081901,39.1311,18.1256,473,40215,0.0230141,0.03,1,620240,619767,473
36084821,30.6525,37.2502,448,40268,0.00920564,0,1,620265,619817,448
36087741,21.861,31.1001,437,40320,0.0216823,0.01,1,620281,619844,437
36090661,25.5444,22.04,449,40372,0.0266729,0.07,1,620309,619860,449
36093581,30.6178,25.016,456,40424,0.0166692,0.11,1,620343,619887,456
36096501,26.6471,29.2064,448,40476,0.0246677,0.07,1,620367,619919,448
36099421,25.0588,26.0826,448,40528,0.0398671,0.05,1,620391,619943,448
36102341,47.8235,26.633,484,40580,0.0219468,0.05,1,620454,619970,484
36105261,67.1294,47.8532,502,40632,0.0267787,0.03,1,620534,620032,502
36108181,41.8518,67.7413,446,40684,0.0407115,0.05,1,620559,620113,446
36111101,17.9407,41.4965,424,40736,0.0462846,0.05,1,620561,620137,424
36114021,23.3763,17.7986,449,40788,0.0605138,0.07,1,620588,620139,449
36116941,24.3505,23.3194,447,40840,0.0902055,0.03,1,620613,620166,447
36122781,31.0161,39.1311,447,40944,0.0636329,0,1,620687,620240,447
36125701,22.0064,30.6524,438,40996,0.0314532,0.03,1,620703,620265,438
36128621,25.6026,21.861,450,41047,0.0425813,0.03,1,620731,620281,450
36131541,30.641,25.5444,456,41098,0.0470325,0.01,1,620765,620309,456
36134461,26.6564,30.6178,446,41149,0.096813,0.03,1,620789,620343,446
36140301,46.865,25.0588,484,41251,0.0982901,0.01,1,620875,620391,484
36143221,67.346,47.8235,502,41302,0.057316,0.03,1,620956,620454,502
36146141,42.5384,67.1294,448,41353,0.0529264,0.05,1,620982,620534,448
36149061,18.2154,41.8518,425,41404,0.0511706,0.05,1,620984,620559,425
36151981,24.6861,17.9407,452,41455,0.0744682,0.07,1,621013,620561,452
36154901,25.4745,23.3763,451,41506,0.0957873,0.11,1,621039,620588,451
36195781,26.937,25.4745,428,42212,0.201337,0.11,1,621467,621039,428
36198701,11.9748,11.3898,428,42262,0.206535,0.15,1,621469,621041,428
36204541,23.996,26.0624,425,42362,0.204646,0.09,1,621534,621109,425
36213301,31.3437,31.14,427,42512,0.214937,0.15,1,621618,621191,427
36216221,29.3375,28.056,429,42562,0.223975,0.13,1,621646,621217,429
36219141,27.335,27.4224,428,42612,0.25159,0.17,1,621672,621244,428
36236661,26.0227,26.937,430,42907,0.405926,0.21,1,621897,621467,430
36292141,27.7901,20.879,472,43832,0.416983,0.39,1,622454,621982,472
36295061,31.5161,27.5516,474,43880,0.448793,0.41,1,622488,622014,474
36327181,24.1685,32.2211,457,44408,0.756926,0.37,2,622841,622384,457
36330101,22.8674,23.6884,461,44456,0.76477,0.37,2,622863,622402,461
36333021,10.347,21.4754,443,44503,0.767908,0.45,2,622865,622422,443
36335941,23.9388,27.7901,444,44550,0.817163,0.47,2,622898,622454,444
36338861,30.5755,31.5161,445,44597,0.836865,0.47,2,622933,622488,445
36341781,29.0302,29.4064,445,44644,0.844746,0.47,2,622961,622516,445
36344701,29.0121,28.5626,446,44691,0.859898,0.63,2,622990,622544,446
36559321,318.182,338.678,481,21900,0.417232,0.79,1,625749,625268,481
36563701,196.873,220.071,456,21900,0.208893,0.59,1,625865,625409,456
36603121,90.8997,71.3314,490,21997,0.0514228,0.03,1,625988,625498,490
36606041,84.3599,97.5326,455,22093,0.0505691,0.01,1,626068,625613,455
36608961,64.9439,82.213,435,22189,0.0262277,0.03,1,626120,625685,435
36611881,45.1776,50.2852,438,22285,0.0404911,0.05,1,626152,625714,438
36614801,27.671,34.5141,430,22380,0.0341964,0.03,1,626168,625738,430
36617721,39.2684,20.4056,466,22475,0.0676786,0.03,1,626215,625749,466
36620641,58.9074,53.1623,463,22569,0.0810714,0.05,1,626287,625824,463
36623561,96.7629,69.8649,504,22663,0.0384286,0.01,1,626409,625905,504
36626481,87.3052,77.746,502,22757,0.0153714,0.05,1,626490,625988,502
36629401,66.1221,79.0984,474,22850,0.0361486,0.01,1,626542,626068,474
36632321,45.0488,62.8394,453,22943,0.0564594,0.05,1,626573,626120,453
36635241,27.6195,44.3357,437,23035,0.0405838,0.03,1,626589,626152,437
36638161,40.4478,27.3343,470,23127,0.0702335,0.09,1,626638,626168,470
36641081,59.3791,39.1337,495,23219,0.0940934,0.09,1,626710,626215,495
36646921,86.5407,96.7414,502,23401,0.0906549,0,1,626911,626409,502
36649841,65.8163,87.2966,473,23492,0.054262,0.05,1,626963,626490,473
36652761,46.7265,66.1186,455,23582,0.0397048,0.07,1,626997,626542,455
36655681,27.0906,45.0474,438,23672,0.0338819,0.03,1,627011,626573,438
36658601,42.0362,27.619,474,23762,0.0315528,0.09,1,627063,626589,474
36661521,60.6145,40.4476,498,23851,0.0426211,0.11,1,627136,626638,498
36664441,99.2458,59.379,551,23940,0.0350484,0.19,1,627261,626710,551
36667361,40.8983,96.3516,432,24029,0.0320194,0.05,1,627263,626831,432
36670281,59.5593,86.5406,424,24117,0.0668078,0.03,1,627335,626911,424
36673201,54.4237,65.8163,423,24205,0.0567231,0.03,1,627386,626963,423
36676121,42.1695,46.7265,423,24293,0.0286892,0.03,1,627420,626997,423
36679041,25.2678,27.0906,423,24380,0.0534757,0.03,1,627434,627011,423
36681961,41.3071,42.0362,423,24467,0.0513903,0.05,1,627486,627063,423
36684881,61.5228,60.6145,425,24554,0.0385561,0.03,1,627561,627136,425
36687801,98.4091,99.2458,423,24640,0.0934224,0.03,1,627684,627261,423
36702401,25.3024,25.2678,423,25067,0.0992894,0.05,1,627857,627434,423
36705321,40.721,41.3071,422,25152,0.0697158,0.03,1,627908,627486,422
36708241,61.2884,61.5228,422,25236,0.0698863,0.13,1,627983,627561,422
36711161,100.715,98.4091,426,25320,0.0939545,0.13,1,628110,627684,426
36728681,39.1215,22.9514,472,25818,0.228348,0.05,1,628329,627857,472
36731601,61.2486,39.7805,497,25900,0.265339,0.07,1,628405,627908,497
36740361,62.4799,41.426,501,26145,0.439622,0.13,1,628613,628112,501
36792921,58.1159,59.9633,448,27567,0.757973,0.53,2,629562,629114,448
36795841,24.4464,25.1853,448,27644,0.777189,0.55,2,629564,629116,448
36798761,29.5785,29.2741,449,27721,0.760876,0.59,2,629597,629148,449
36801681,20.2314,20.1096,449,27797,0.79035,0.61,2,629611,629162,449
36804601,41.0926,40.4439,450,27873,0.80214,0.61,2,629666,629216,450
36807521,63.837,61.7775,453,27949,0.794856,0.73,2,629745,629292,453
36810441,108.935,106.311,456,28025,0.827942,0.73,2,629884,629428,456
36813361,44.7739,43.7244,456,28101,0.841177,0.71,2,629886,629430,456
36816281,65.3096,64.2898,457,28176,0.834471,0.79,2,629965,629508,457
36819201,59.7238,58.1159,459,28251,0.879788,0.79,2,630021,629562,459
36822121,25.0895,24.4464,459,28326,0.897915,0.75,2,630023,629564,459
37026521,42.1891,33.521,500,33150,0.837682,1,2,633425,632925,500
37029441,37.8756,27.2084,512,33214,0.899073,1,2,633460,632948,512
37041121,101.179,107.06,489,33468,0.830328,0.95,2,633691,633202,489
37076161,58.4263,60.2717,459,34218,0.758437,0.69,2,634183,633724,459
37079081,36.5705,24.1087,481,34280,0.765375,0.65,2,634205,633724,481
37082001,27.8282,25.2435,477,34342,0.76815,0.67,2,634227,633750,477
37084921,49.5313,22.6974,520,34404,0.81726,0.71,2,634291,633771,520
37087841,25.8125,46.279,468,34465,0.836904,0.69,2,634301,633833,468
37090761,36.725,27.5116,497,34526,0.844762,0.69,2,634345,633848,497
37093681,33.89,37.4046,485,34587,0.871905,0.65,2,634377,633892,485
37096601,31.556,35.3619,481,34648,0.894762,0.63,2,634407,633926,481
37379841,30.5658,11.8723,529,40133,0.849397,1,2,638265,637736,529
37428021,141.492,137.344,469,18482,0.0711614,0.07,1,638991,638522,469
37430941,106.397,104.738,469,18597,0.0584646,0.01,1,639074,638605,469
37433861,70.1588,85.695,442,18711,0.0893858,0.05,1,639120,638678,442
37436781,50.8635,61.278,435,18824,0.0537543,0.07,1,639158,638723,435
37439701,35.3454,38.9112,436,18937,0.0395017,0.05,1,639183,638747,436
37442621,93.3382,100.764,426,19049,0.0218007,0,1,639315,638889,426
37445541,96.7353,101.506,423,19160,0.00872028,0.05,1,639414,638991,423
37448461,89.0941,90.4023,424,19271,0.00948811,0.11,1,639498,639074,424
37451381,63.8376,63.7609,425,19381,0.0217952,0.03,1,639545,639120,425
37454301,47.7351,48.3044,424,19490,0.0387181,0.03,1,639582,639158,424
37457221,34.694,34.3217,425,19599,0.0454872,0.03,1,639608,639183,425
37460141,90.6776,13.7287,553,19707,0.0361949,0.01,1,639736,639183,553
37463061,95.671,84.6915,520,19815,0.014478,0,1,639835,639315,520
37465981,88.6684,93.2766,505,19922,0.0357912,0.01,1,639919,639414,505
37468901,63.6674,87.7106,468,20028,0.0443165,0.03,1,639966,639498,468
37471821,48.8669,63.2843,460,20134,0.0837266,0.05,1,640005,639545,460
37483501,89.6766,95.6569,507,20552,0.0860954,0.05,1,640342,639835,507
37486421,64.6706,88.6628,471,20655,0.0764382,0.05,1,640390,639919,471
37489341,51.0683,63.6651,466,20758,0.0965753,0.11,1,640432,639966,466
37498101,38.7884,90.9786,434,21063,0.211861,0.17,1,640592,640158,434
37501021,70.7153,95.1914,428,21164,0.246744,0.03,1,640684,640256,428
37503941,76.8861,89.6766,423,21264,0.272698,0.07,1,640765,640342,423
37506861,60.7545,64.6706,425,21364,0.259079,0.11,1,640815,640390,425
37509781,50.7018,51.0683,427,21463,0.265632,0.13,1,640859,640432,427
37512701,35.8807,35.4273,428,21562,0.256253,0.23,1,640885,640457,428
37515621,97.1523,93.9709,433,21660,0.240501,0.23,1,641023,640590,433
37518541,40.0609,38.7884,433,21758,0.2342,0.27,1,641025,640592,433
37521461,72.4244,70.7153,435,21855,0.26768,0.29,1,641119,640684,435
37530221,51.1472,50.7018,434,22145,0.443132,0.25,1,641293,640859,434
37533141,36.0589,35.8807,434,22241,0.447253,0.23,1,641319,640885,434
37547741,59.9977,60.7879,485,22714,0.448033,0.41,1,641686,641201,485
37574021,37.7767,53.9945,471,23540,0.782841,0.49,2,642207,641736,471
37576941,103.311,37.1978,592,23630,0.859137,0.63,2,642354,641762,592
37579861,42.5243,98.8791,454,23720,0.889655,0.63,2,642356,641902,454
37830981,56.6208,58.9783,487,30452,0.861471,1,2,647115,646628,487
37836821,54.0593,43.8765,498,30590,0.419835,1,1,647211,646713,498
37839741,43.8237,38.5506,500,30659,0.209934,0.98,1,647248,646748,500
37842661,60.7295,61.0202,496,30728,0.0899736,1,1,647320,646824,496
37845581,47.0918,47.8081,495,30797,0.0419895,1,1,647358,646863,495
37848501,57.2367,61.1232,489,30866,0.0467958,1,1,647422,646933,489
37851421,46.8947,48.4493,489,30935,0.0607183,0.97,1,647462,646973,489
37854341,39.7579,43.3797,484,31003,0.0242873,0.96,1,647497,647013,484
37857261,26.1031,36.5519,469,31071,0.0637149,0.79,1,647514,647045,469
37860181,45.2413,56.6208,457,31139,0.055486,0.55,1,647572,647115,457
37863101,31.2965,43.6483,444,31207,0.0401944,0.25,1,647594,647150,444
37866021,41.3186,54.0593,431,31275,0.0460778,0.07,1,647642,647211,431
37868941,34.5274,43.8237,424,31343,0.0364311,0.07,1,647672,647248,424
37871861,55.211,17.5295,493,31411,0.0325724,0.01,1,647741,647248,493
37874781,45.4844,50.2118,460,31478,0.013029,0.01,1,647780,647320,460
37877701,58.9938,42.8847,490,31545,0.0352116,0.05,1,647848,647358,490
37880621,44.5975,55.5539,461,31612,0.0680846,0.07,1,647883,647422,461
37883541,41.239,46.2216,460,31679,0.0332339,0,1,647922,647462,460
37886461,24.8956,39.4886,439,31746,0.0432935,0.09,1,647936,647497,439
37889381,44.1582,25.9954,479,31813,0.0713174,0.05,1,647993,647514,479
37898141,34.0981,41.3117,451,32012,0.0844843,0.03,1,648093,647642,451
37901061,55.0393,34.5247,490,32078,0.0637937,0.03,1,648162,647672,490
37903981,45.4157,55.2099,460,32144,0.0315175,0,1,648201,647741,460
37906901,61.3663,45.4839,493,32210,0.042607,0.05,1,648273,647780,493
37909821,46.1465,58.9936,461,32276,0.0710428,0.09,1,648309,647848,461
37912741,40.0586,44.5974,462,32342,0.0464171,0.01,1,648345,647883,462
37915661,26.2234,41.239,440,32407,0.0245668,0.05,1,648362,647922,440
37918581,44.6894,24.8956,483,32472,0.0278267,0.09,1,648419,647936,483
37921501,31.0758,44.1582,448,32537,0.0411307,0.17,1,648441,647993,448
37930261,52.5568,34.0981,490,32732,0.0758324,0.05,1,648583,648093,490
37933181,22.2227,55.0393,423,32797,0.0483329,0.01,1,648585,648162,423
37936101,31.6891,45.4157,422,32861,0.0253332,0.05,1,648623,648201,422
37939021,57.0756,61.3663,424,32925,0.0401333,0.09,1,648697,648273,424
37941941,45.6303,46.1465,426,32989,0.0580533,0.03,1,648735,648309,426
37944861,38.0521,40.0586,423,33053,0.0892213,0.01,1,648768,648345,423
37947781,25.4208,26.2234,423,33117,0.0656885,0.03,1,648785,648362,423
37950701,44.9683,44.6894,424,33181,0.0922754,0.05,1,648843,648419,424
37953621,32.9873,31.0758,427,33245,0.0909102,0.15,1,648868,648441,427
37968221,31.125,31.6891,422,33561,0.0848253,0.05,1,649045,648623,422
37971141,56.85,57.0756,422,33624,0.0759301,0.07,1,649119,648697,422
37974061,47.94,45.6303,426,33687,0.048372,0.11,1,649161,648735,426
37976981,38.376,38.0521,425,33750,0.0493488,0.05,1,649193,648768,425
37979901,24.9504,25.4208,424,33813,0.0497395,0.11,1,649209,648785,424
37982821,45.3802,44.9683,425,33876,0.0738958,0.09,1,649268,648843,425
37985741,34.3521,32.9873,427,33938,0.0715583,0.19,1,649295,648868,427
37988661,44.9408,43.1949,429,34000,0.0946233,0.19,1,649347,648918,429
38000341,29.4897,31.125,422,34248,0.200422,0.05,1,649467,649045,422
38003261,56.1959,12.45,496,34310,0.0861689,0.07,1,649541,649045,496
38006181,47.0783,49.38,463,34372,0.0644676,0.03,1,649582,649119,463
38009101,38.0313,44.952,453,34434,0.067787,0.05,1,649614,649161,453
38012021,24.8125,37.1808,437,34495,0.0811148,0.05,1,649630,649193,437
38014941,46.525,24.4723,482,34556,0.0864459,0.09,1,649691,649209,482
38052901,49.2015,34.21,485,35343,0.202321,0.11,1,650202,649717,485
38055821,37.6806,47.884,458,35403,0.230928,0.15,1,650232,649774,458
38058741,48.6722,36.5536,485,35463,0.230371,0.17,1,650288,649803,485
38061661,20.6689,47.6214,432,35523,0.254149,0.17,1,650290,649858,432
38064581,29.8676,20.2486,466,35583,0.263659,0.21,1,650326,649860,466
38067501,49.747,29.0994,494,35642,0.279464,0.11,1,650389,649895,494
38070421,21.0988,52.4398,428,35701,0.285786,0.13,1,650391,649963,428
38093781,48.883,48.6722,434,36173,0.42652,0.27,1,650722,650288,434
38096701,20.7532,20.6689,434,36231,0.440608,0.27,1,650724,650290,434
38155101,35.8713,49.2511,474,37380,0.754138,0.55,2,651464,650990,474
38158021,50.3485,35.3005,508,37437,0.775655,0.59,2,651524,651016,508
38160941,39.9394,50.1202,481,37493,0.820262,0.61,2,651557,651076,481
38163861,51.3758,38.6481,509,37549,0.826105,0.59,2,651616,651107,509
38166781,21.7503,50.8592,452,37605,0.828442,0.59,2,651618,651166,452
38169701,30.9001,21.5437,487,37661,0.817377,0.65,2,651655,651168,487
38172621,54.9601,30.2175,522,37717,0.848951,0.73,2,651726,651204,522
38175541,23.184,52.287,457,37773,0.86158,0.73,2,651728,651271,457
38178461,36.8736,22.1148,501,37829,0.878632,0.75,2,651774,651273,501
38181381,35.7494,35.8459,491,37885,0.885453,0.73,2,651809,651318,491
38184301,25.0998,34.7384,475,37941,0.888181,0.73,2,651827,651352,475
38336141,34.3787,26.59,532,40735,0.899632,1,2,653785,653253,532
38339061,28.1515,25.636,531,40787,0.845853,1,2,653809,653278,531
38341981,29.2606,32.4544,524,40839,0.776341,1,2,653839,653315,524
38359501,39.4196,31.4915,525,41148,0.222538,1,1,654083,653558,525
38368261,27.2669,36.1675,493,41301,0.0783224,0.9,1,654178,653685,493
38371181,32.5067,31.867,500,41352,0.031329,0.95,1,654214,653714,500
38374101,32.2027,34.9468,495,41403,0.0185316,0.87,1,654246,653751,495
38377021,25.4811,34.3787,482,41454,0.0374126,0.81,1,654267,653785,482
38379941,25.1924,28.1515,483,41505,0.0149651,0.73,1,654292,653809,483
38382861,11.277,29.2606,455,41556,0.047986,0.57,1,654294,653839,455
38385781,28.5108,37.5042,452,41607,0.0371944,0.55,1,654334,653882,452
38388701,36.0043,43.2017,446,41658,0.0448778,0.47,1,654375,653929,446
38391621,34.2017,40.6807,440,41709,0.0479511,0.31,1,654408,653968,440
38394541,37.0807,40.8723,438,41760,0.0611804,0.29,1,654447,654009,438
38397461,31.6323,35.5489,434,41811,0.0784722,0.15,1,654475,654041,434
38400381,34.8529,39.4196,429,41861,0.0973889,0.13,1,654512,654083,429
38406221,31.8565,33.6671,426,41961,0.0959822,0.05,1,654581,654155,426
38409141,24.7426,27.2669,423,42011,0.0803929,0,1,654601,654178,423
38412061,32.697,32.5067,425,42061,0.0741572,0.01,1,654639,654214,425
38414981,31.6788,32.2027,424,42111,0.0356629,0.05,1,654670,654246,424
38417901,24.6715,25.4811,423,42161,0.0562651,0,1,654690,654267,423
38420821,25.4686,25.1924,424,42211,0.0405061,0.07,1,654716,654292,424
38423741,11.3874,11.277,424,42261,0.0342024,0.03,1,654718,654294,424
38426661,27.355,28.5108,422,42311,0.019681,0.05,1,654756,654334,422
38429581,36.142,36.0043,423,42361,0.0858724,0.05,1,654798,654375,423
38455861,30.4939,31.6788,423,42808,0.203504,0.07,1,655093,654670,423
38458781,23.5976,24.6715,422,42857,0.219402,0.03,1,655112,654690,422
38467541,27.9822,27.355,424,43004,0.201962,0.01,1,655180,654756,424
38470461,37.5929,10.942,468,43053,0.218785,0.13,1,655224,654756,468
38473381,35.4372,29.5768,460,43102,0.249514,0.17,1,655258,654798,460
38476301,38.7749,31.0307,469,43151,0.261806,0.17,1,655299,654830,469
38479221,31.1099,37.0123,454,43200,0.290722,0.19,1,655325,654871,454
38517181,40.5893,35.4372,477,43831,0.409094,0.27,1,655735,655258,477
38520101,31.8357,38.7749,462,43879,0.433638,0.31,1,655761,655299,462
38613541,40.486,40.6487,450,45395,0.784061,0.63,2,656740,656290,450
38616461,33.5944,33.0595,451,45441,0.787625,0.63,2,656769,656318,451
38619381,25.4378,25.2238,451,45487,0.81305,0.59,2,656789,656338,451
38622301,37.1751,36.4895,452,45533,0.83522,0.65,2,656834,656382,452
38625221,33.47,33.1958,452,45579,0.856088,0.65,2,656865,656413,452
38628141,24.188,24.0783,452,45625,0.888435,0.65,2,656883,656431,452
38631061,25.2752,25.2313,452,45671,0.889374,0.65,2,656909,656457,452
38633981,11.3101,11.2925,452,45717,0.88975,0.65,2,656911,656459,452
38800421,33.6648,31.187,498,48276,0.891378,1,2,658714,658216,498
38806261,33.1064,31.0299,496,48364,0.87582,1,2,658777,658281,496
38809181,32.4425,34.012,492,48408,0.764328,1,2,658809,658317,492
38864661,29.2788,32.5401,478,49226,0.415858,0.49,1,659350,658872,478
38867581,19.5115,31.616,460,49269,0.436343,0.57,1,659363,658903,460
38870501,34.2046,22.2464,488,49312,0.444537,0.49,1,659407,658919,488
38873421,30.4818,34.0986,474,49355,0.447815,0.43,1,659435,658961,474
38882181,19.2548,23.0383,455,49484,0.44938,0.31,1,659490,659035,455
38885101,24.5019,20.6153,464,49527,0.449752,0.31,1,659518,659054,464
38888021,26.6008,26.8461,461,49570,0.449901,0.31,1,659546,659085,461
38998981,29.5861,30.7846,451,51158,0.767581,0.61,2,660574,660123,451
39001901,29.8344,29.7138,452,51199,0.781032,0.61,2,660604,660152,452
39004821,29.3338,28.6855,453,51240,0.786413,0.63,2,660633,660180,453
39007741,29.1335,28.8742,453,51281,0.848565,0.63,2,660662,660209,453
39010661,32.0534,33.1497,451,51322,0.873426,0.65,2,660696,660245,451
39013581,22.4214,22.2599,452,51363,0.88337,0.65,2,660712,660260,452
39016501,34.7685,34.704,452,51404,0.887348,0.67,2,660755,660303,452
39272001,335.908,358.683,472,24820,0.754,0.99,2,663413,662941,472
39324561,56.8001,83.7702,494,26315,0.761646,0.73,2,664412,663918,494
39327481,43.12,55.7081,491,26396,0.814658,0.73,2,664446,663955,491
39330401,43.048,42.0832,501,26476,0.823863,0.75,2,664489,663988,501
39333321,42.4192,42.6333,500,26556,0.827545,0.75,2,664531,664031,500
39336241,64.9677,42.2533,538,26636,0.853018,0.73,2,664611,664073,538
39339161,58.3871,65.5013,511,26716,0.899207,0.75,2,664665,664154,511
39455961,49.9558,57.0109,514,29722,0.444784,1,1,666818,666304,514
39461801,37.9929,38.5217,515,29864,0.245165,1,1,666889,666374,515
39467641,32.9589,35.9235,509,30006,0.0512265,1,1,666950,666441,509
39470561,36.5835,53.3694,483,30077,0.0264906,1,1,666989,666506,483
39473481,41.0334,50.1478,479,30147,0.0285962,0.91,1,667033,666554,479
39476401,52.4134,65.0591,464,30217,0.0414385,0.59,1,667093,666629,464
39479321,78.5653,90.2236,453,30287,0.0585754,0.49,1,667189,666736,453
39482241,50.6261,58.8895,447,30357,0.0654302,0.35,1,667221,666774,447
39485161,39.4505,49.9558,435,30427,0.0441721,0.25,1,667253,666818,435
39488081,35.5802,40.9823,433,30497,0.0596688,0.19,1,667286,666853,433
39491001,31.6321,37.9929,426,30566,0.0418675,0.05,1,667315,666889,426
39493921,28.2528,31.3972,425,30635,0.070747,0,1,667341,666916,425
39496841,31.7011,32.9589,425,30704,0.0342988,0.01,1,667375,666950,425
39499761,35.4805,36.5835,424,30773,0.0197195,0.03,1,667413,666989,424
39502681,39.9922,41.0334,423,30842,0.0618878,0.05,1,667456,667033,423
39505601,52.5969,52.4134,424,30911,0.0427551,0.07,1,667517,667093,424
39511441,51.3755,50.6261,424,31047,0.0968408,0.03,1,667645,667221,424
39526041,31.7894,11.3011,458,31387,0.0717532,0.01,1,667799,667341,458
39528961,33.7158,24.9205,459,31454,0.0587013,0.01,1,667834,667375,459
39531881,41.0863,32.7682,467,31521,0.0654805,0.09,1,667880,667413,467
39534801,51.8345,38.9073,483,31588,0.0441922,0.03,1,667939,667456,483
39537721,80.1338,52.1629,521,31655,0.0596769,0.15,1,668038,667517,521
39540641,51.2535,77.2652,459,31722,0.0418708,0.09,1,668070,667611,459
39543561,38.5014,51.3061,455,31789,0.0467483,0.11,1,668100,667645,455
39546481,35.8006,39.1224,458,31856,0.0606993,0.13,1,668134,667676,458
39549401,32.3202,35.449,455,31922,0.0662797,0.13,1,668164,667709,455
39552321,29.1281,32.1796,452,31988,0.0565119,0.09,1,668191,667739,452
39555241,30.8512,28.4718,458,32054,0.0646048,0.05,1,668223,667765,458
39558161,32.7405,31.7887,458,32120,0.0798419,0.05,1,668257,667799,458
39561081,40.6962,33.7155,469,32186,0.0859368,0.07,1,668303,667834,469
39564001,51.0785,41.0862,481,32252,0.0883747,0.03,1,668361,667880,481
39566921,79.8314,51.8345,521,32318,0.0653499,0.07,1,668460,667939,521
39569841,51.7326,80.1338,455,32383,0.06814,0.03,1,668493,668038,455
39572761,38.693,51.2535,453,32448,0.081256,0.05,1,668523,668070,453
39593201,39.1523,40.6962,428,32902,0.22112,0.09,1,668731,668303,428
39596121,49.8609,51.0785,427,32966,0.250448,0.05,1,668788,668361,427
39599041,77.5444,79.8314,424,33030,0.250179,0.07,1,668884,668460,424
39601961,51.4177,51.7326,425,33094,0.274072,0.09,1,668918,668493,425
39604881,39.1671,38.693,426,33158,0.295629,0.13,1,668949,668523,426
39625321,41.438,39.1523,433,33602,0.415043,0.27,1,669164,668731,433
39628241,51.9752,49.8609,435,33665,0.436017,0.25,1,669223,668788,435
39698321,53.3129,78.4448,490,35141,0.755888,0.67,2,670251,669761,490
39701241,41.7252,52.9779,488,35201,0.776355,0.65,2,670285,669797,488
39704161,41.2901,40.9912,496,35261,0.772542,0.65,2,670326,669830,496
39707081,34.516,42.1965,483,35321,0.807017,0.65,2,670356,669873,483
39710001,29.4064,34.8786,479,35381,0.832807,0.65,2,670382,669903,479
39712921,33.3626,29.5514,489,35441,0.879123,0.67,2,670418,669929,489
39715841,14.545,32.2206,457,35501,0.873649,0.67,2,670420,669963,457
39718761,28.618,14.0882,493,35561,0.88346,0.67,2,670458,669965,493
39721681,43.8472,29.0353,508,35620,0.887384,0.67,2,670512,670004,508
39867681,39.0758,51.2673,504,38473,0.865644,1,2,672494,671990,504
39879361,34.8787,36.602,516,38693,0.448736,1,1,672690,672174,516
39882281,34.9515,38.6408,511,38748,0.413495,1,1,672725,672214,511
39899801,26.7231,28.9738,470,39073,0.406255,0.93,1,672882,672412,470
39902721,34.6892,36.1895,469,39127,0.444502,0.81,1,672922,672453,469
39961121,27.1508,25.9773,468,40194,0.753879,0.53,2,673632,673164,468
39964041,30.0603,23.5909,478,40247,0.751552,0.65,2,673664,673186,478
39966961,20.4241,25.6364,465,40299,0.762621,0.63,2,673678,673213,465
39969881,28.5697,19.2545,484,40351,0.767048,0.57,2,673712,673228,484
39972801,34.8279,28.7018,488,40403,0.756819,0.57,2,673751,673263,488
39975721,28.3311,33.0807,476,40455,0.752728,0.63,2,673775,673299,476
39978641,37.1325,27.6323,495,40507,0.751091,0.65,2,673818,673323,495
39981561,37.053,36.2529,490,40559,0.750436,0.67,2,673855,673365,490
39984481,50.8212,36.1012,514,40611,0.762175,0.71,2,673915,673401,514
39987401,59.9285,50.4405,520,40663,0.76687,0.75,2,673981,673461,520
39990321,38.3714,58.5762,480,40715,0.780748,0.73,2,674005,673525,480
39993241,32.1486,37.2305,485,40767,0.786299,0.73,2,674033,673548,485
39996161,32.0594,31.6922,489,40819,0.80052,0.73,2,674065,673576,489
39999081,27.2238,31.8769,481,40871,0.830208,0.77,2,674089,673608,481
40002001,31.2895,27.1508,491,40923,0.830083,0.75,2,674123,673632,491
40004921,20.9158,30.0603,473,40975,0.854033,0.77,2,674137,673664,473
40007841,28.7663,20.4241,493,41027,0.863613,0.77,2,674171,673678,493
40219541,315.146,363.754,472,20440,0.416848,0.72,1,676657,676185,472
40222461,175.259,178.502,499,20544,0.232739,0.33,1,676739,676240,499
40234141,62.2786,60.1296,451,20954,0.0748381,0.09,1,677017,676566,451
40237061,42.3114,57.6519,424,21055,0.0839353,0.01,1,677046,676622,424
40239981,37.9246,33.8607,441,21156,0.0515741,0.11,1,677081,676640,441
40242901,66.7698,72.9443,428,21256,0.0986296,0.15,1,677167,676739,428
40251661,51.6013,53.1484,428,21554,0.241752,0.01,1,677381,676953,428
40254581,56.6405,59.6594,424,21652,0.234701,0.09,1,677441,677017,424
40257501,40.0562,41.2637,424,21750,0.21988,0.03,1,677470,677046,424
40266261,100.268,97.4409,431,22042,0.205352,0.23,1,677716,677285,431
40269181,77.307,74.9764,433,22138,0.232141,0.27,1,677778,677345,433
40272101,52.5228,51.5905,433,22234,0.254856,0.23,1,677814,677381,433
40275021,55.8091,56.6362,431,22329,0.287943,0.21,1,677872,677441,431
40277941,39.1237,40.0545,430,22424,0.289177,0.13,1,677900,677470,430
40286701,101.144,60.4275,551,22707,0.440667,0.23,1,678146,677595,551
40330501,43.9013,104.867,450,24068,0.758663,0.61,2,679041,678591,450
40333421,58.3605,81.5466,452,24156,0.837465,0.63,2,679109,678657,452
40336341,45.5442,54.2186,453,24244,0.892986,0.67,2,679146,678693,453
40473581,92.7804,98.282,480,28057,0.850576,1,2,681859,681379,480
40476501,73.7122,71.1128,488,28132,0.76623,1,2,681920,681432,488
40499861,83.4008,37.7523,588,28728,0.279509,0.77,1,682318,681730,588
40502781,66.9603,92.5009,515,28802,0.285804,0.71,1,682374,681859,515
40505701,46.5841,73.6004,487,28876,0.276321,0.63,1,682407,681920,487
40508621,43.8337,51.6401,492,28949,0.284529,0.63,1,682449,681957,492
40511541,37.9335,47.0561,482,29022,0.263811,0.51,1,682483,682001,482
40514461,36.1734,42.8224,477,29095,0.291525,0.51,1,682518,682041,477
40526141,82.6508,39.0019,546,29385,0.444023,0.25,1,682751,682205,546
40584541,86.8745,85.041,452,30794,0.762851,0.63,2,683649,683197,452
40587461,68.9498,67.6164,453,30863,0.81514,0.63,2,683706,683253,453
40590381,47.9799,47.4466,453,30932,0.872056,0.65,2,683740,683287,453
40710101,66.0792,70.0944,485,33622,0.814,1,2,685607,685122,485
40730541,34.3297,34.4049,484,34060,0.06004,1,1,685880,685396,484
40733461,27.5319,29.3619,481,34122,0.042016,1,1,685903,685422,481
40736381,22.4128,26.7448,475,34184,0.0348064,0.85,1,685922,685447,475
40739301,61.1651,67.6979,467,34246,0.0199226,0.85,1,686009,685542,467
40742221,56.266,27.0792,520,34308,0.025969,0.75,1,686062,685542,520
40745141,41.7064,49.8317,487,34370,0.0163876,0.59,1,686094,685607,487
40748061,38.8826,45.1327,482,34432,0.024555,0.53,1,686131,685649,482
40750981,33.553,40.2531,475,34493,0.027822,0.45,1,686161,685686,475
40753901,35.0212,35.9012,478,34554,0.0651288,0.27,1,686197,685719,478
40756821,47.6085,41.3605,489,34615,0.0560515,0.07,1,686253,685764,489
40759741,28.0434,53.1442,443,34676,0.0404206,0.05,1,686268,685825,443
40762661,31.0174,33.2577,456,34737,0.0461682,0.03,1,686301,685845,456
40765581,28.6069,34.3031,448,34798,0.0244673,0.03,1,686328,685880,448
40768501,22.2428,27.5212,443,34859,0.0277869,0.03,1,686346,685903,443
40771421,59.2971,22.4085,508,34920,0.0531148,0.01,1,686430,685922,508
40774341,56.1188,61.1634,475,34981,0.0512459,0.03,1,686484,686009,475
40777261,41.6475,56.2654,454,35041,0.0204984,0.01,1,686516,686062,454
40780181,38.259,41.7061,458,35101,0.0381993,0.03,1,686552,686094,458
40783101,35.1036,38.8825,454,35161,0.0692797,0.03,1,686585,686131,454
40786021,35.0414,33.553,459,35221,0.0817119,0.09,1,686620,686161,459
40797701,28.8715,31.0174,449,35461,0.0975638,0.01,1,686750,686301,449
40803541,60.8994,22.2428,508,35581,0.0768102,0.07,1,686854,686346,508
40806461,57.9598,59.2971,480,35640,0.0487241,0.05,1,686910,686430,480
40809381,24.3839,56.1188,428,35699,0.0614896,0,1,686912,686484,428
40812301,26.5536,41.6475,424,35758,0.0425959,0.05,1,686940,686516,424
40815221,31.0214,38.259,422,35817,0.0470383,0.09,1,686974,686552,422
40818141,34.6086,35.1036,426,35876,0.0248153,0.09,1,687011,686585,426
40821061,34.8434,35.0414,426,35935,0.0399261,0.13,1,687046,686620,426
40823981,48.7374,47.6166,428,35994,0.0459705,0.13,1,687104,686676,428
40826901,27.8949,27.4466,428,36053,0.0723882,0.15,1,687118,686690,428
40829821,29.758,30.1787,427,36112,0.0829553,0.07,1,687149,686722,427
40832741,28.1032,28.8715,426,36171,0.0751821,0.13,1,687176,686750,426
40835661,22.0413,21.7486,427,36229,0.0720728,0.05,1,687194,686767,427
40838581,59.2165,60.8994,424,36287,0.0828291,0.03,1,687278,686854,424
40841501,57.8866,57.9598,425,36345,0.0631317,0.07,1,687335,686910,425
40844421,24.3546,24.3839,425,36403,0.0552527,0.03,1,687337,686912,425
40847341,24.7419,26.5536,422,36461,0.0641011,0.05,1,687362,686940,422
40850261,30.2967,31.0214,422,36519,0.0676404,0.01,1,687396,686974,422
40853181,34.9187,34.6086,423,36577,0.0570562,0.05,1,687434,687011,423
40856101,35.5675,34.8434,424,36635,0.0528225,0.05,1,687470,687046,424
40859021,49.027,48.7374,424,36693,0.063129,0.09,1,687528,687104,424
40861941,28.0108,27.8949,424,36751,0.0672516,0.09,1,687542,687118,424
40876541,57.0814,57.8866,424,37037,0.235361,0.05,1,687759,687335,424
40879461,24.0326,24.3546,424,37094,0.256144,0.07,1,687761,687337,424
40882381,24.013,24.7419,423,37151,0.288458,0.07,1,687785,687362,423
40888221,33.9621,24.3587,459,37265,0.294553,0.05,1,687855,687396,459
40894061,50.6739,34.6174,482,37379,0.295529,0.07,1,687952,687470,482
40896981,28.6696,48.647,438,37436,0.292211,0.07,1,687966,687528,438
40905741,24.0829,27.4974,448,37604,0.298782,0.19,1,688047,687599,448
40917421,25.0437,24.0319,459,37828,0.297713,0.31,1,688220,687761,459
40929101,50.2827,35.1848,496,38052,0.418261,0.29,1,688387,687891,496
40932021,28.5131,50.6739,449,38108,0.437305,0.29,1,688401,687952,449
40975821,29.2183,28.5621,447,38930,0.760237,0.51,2,688909,688462,447
40978741,23.6873,23.4248,447,38984,0.766095,0.55,2,688929,688482,447
40981661,64.0749,62.7699,449,39038,0.756438,0.63,2,689020,688571,449
40984581,63.43,59.908,454,39092,0.776575,0.63,2,689083,688629,454
40987501,26.572,25.1632,454,39146,0.78463,0.65,2,689085,688631,454
40990421,27.4288,26.2653,455,39200,0.787852,0.67,2,689113,688658,455
40993341,31.3715,30.9061,455,39254,0.765141,0.67,2,689147,688692,455
40996261,34.1486,33.9624,455,39308,0.756056,0.67,2,689183,688728,455
40999181,14.8594,14.785,455,39362,0.788423,0.69,2,689185,688730,455
41002101,29.3438,28.714,456,39416,0.789369,0.75,2,689224,688768,456
41005021,50.1375,49.2856,457,39470,0.789748,0.75,2,689288,688831,457
41007941,28.455,28.1142,457,39524,0.789899,0.75,2,689302,688845,457
41010861,34.782,34.0457,458,39577,0.82596,0.77,2,689341,688883,458
41013781,29.5128,29.2183,458,39630,0.852384,0.77,2,689367,688909,458
41016701,23.8051,23.6873,458,39683,0.862953,0.75,2,689387,688929,458
41215261,336.116,370.258,453,18980,0.40343,0.41,1,691834,691381,453
41218181,202.847,212.303,460,19818,0.203372,0.23,1,691948,691488,460
41221101,121.939,129.921,453,19925,0.0993488,0.19,1,692016,691563,453
41224021,87.1754,74.7685,479,20031,0.0817395,0.19,1,692080,691601,479
41226941,66.0702,80.9074,446,20137,0.0986958,0.07,1,692132,691686,446
41229861,53.4281,46.763,467,20242,0.0934783,0.07,1,692177,691710,467
41232781,35.7712,44.5052,448,20347,0.0913913,0.07,1,692201,691753,448
41238621,86.9634,94.9608,491,20555,0.253423,0.03,1,692439,691948,491
41256141,114.059,116.467,436,21167,0.427249,0.29,1,692808,692372,436
41259061,85.8234,86.7866,436,21267,0.4409,0.35,1,692875,692439,436
41261981,75.1294,73.7147,439,21367,0.44636,0.33,1,692943,692504,439
41299941,87.1721,46.4196,516,22623,0.773206,0.63,2,693767,693251,516
41302861,76.8688,58.1678,520,22717,0.807283,0.63,2,693837,693317,520
41305781,65.5475,64.0671,510,22810,0.796913,0.71,2,693895,693385,510
41308701,54.419,59.2269,501,22903,0.816765,0.75,2,693942,693441,501
41311621,39.1676,50.6907,485,22996,0.824706,0.75,2,693971,693486,485
41314541,16.867,36.4763,460,23088,0.827882,0.75,2,693973,693513,460
41407981,105.003,32.0272,631,25863,0.862,1,2,696056,695425,631
41419661,40.6705,42.5319,517,26189,0.408803,1,1,696258,695741,517
41422581,46.8682,49.4128,514,26270,0.265521,1,1,696309,695795,514
41431341,94.9196,34.5064,614,26511,0.0911534,0.77,1,696518,695904,614
41434261,79.3678,105.003,531,26591,0.0424613,0.59,1,696587,696056,531
41437181,53.3471,93.601,481,26671,0.0469845,0.53,1,696623,696142,481
41440101,44.1389,61.4404,479,26750,0.0367938,0.43,1,696661,696182,479
41443021,36.8555,49.1762,470,26829,0.0687175,0.35,1,696693,696223,470
41445941,41.1422,40.6705,479,26908,0.057487,0.17,1,696737,696258,479
41448861,17.6569,46.8682,430,26987,0.0289948,0.11,1,696739,696309,430
41451781,31.0628,45.7473,425,27065,0.0775979,0.09,1,696779,696354,425
41454701,29.2251,36.2989,423,27143,0.0730392,0.07,1,696807,696384,423
41457621,92.09,94.9196,423,27221,0.0592157,0.01,1,696941,696518,423
41460541,78.236,79.3678,423,27299,0.0416863,0.05,1,697010,696587,423
41463461,52.8944,53.3471,423,27377,0.0466745,0.03,1,697046,696623,423
41466381,45.7578,44.1389,426,27454,0.0186698,0.09,1,697087,696661,426
41469301,37.5031,36.8555,426,27531,0.0374679,0.05,1,697119,696693,426
41472221,40.8012,41.1422,425,27608,0.0689872,0.01,1,697162,696737,425
41475141,17.5205,17.6569,425,27685,0.0815949,0.11,1,697164,696739,425
41498501,41.0911,40.8012,424,28290,0.218879,0.09,1,697586,697162,424
41501421,17.6364,17.5205,424,28365,0.225552,0.09,1,697588,697164,424
41504341,31.6546,7.0082,465,28440,0.216221,0.13,1,697629,697164,465
41507261,30.0618,26.8033,454,28514,0.236488,0.15,1,697658,697204,454
41510181,92.4247,27.5213,560,28588,0.256595,0.09,1,697792,697232,560
41513101,77.1699,91.4085,493,28662,0.276638,0.15,1,697859,697366,493
41516021,52.468,76.1634,463,28736,0.284655,0.13,1,697895,697432,463
41518941,45.5872,52.0654,468,28810,0.299862,0.13,1,697936,697468,468
41533541,30.7951,31.6535,462,29175,0.407048,0.25,1,698091,697629,462
41568581,77.8022,78.1272,451,30034,0.783913,0.61,2,698745,698294,451
41571501,53.9209,52.8509,453,30104,0.811565,0.63,2,698783,698330,453
41574421,46.1683,45.1404,454,30174,0.810626,0.63,2,698824,698370,454
41577341,42.4673,42.6561,453,30244,0.81025,0.67,2,698864,698411,453
41580261,46.3869,45.2625,455,30314,0.8101,0.67,2,698913,698458,455
41583181,19.7548,19.305,455,30384,0.83404,0.71,2,698915,698460,455
41586101,34.9019,33.522,457,30454,0.795616,0.71,2,698960,698503,457
41589021,32.5608,31.4088,458,30523,0.792246,0.71,2,698991,698533,458
41591941,14.2243,13.7635,458,30592,0.790899,0.77,2,698993,698535,458
41594861,89.6897,89.5054,458,30661,0.838359,0.81,2,699133,698675,458
41597781,79.6759,77.8022,461,30730,0.869344,0.83,2,699206,698745,461
41600701,54.6704,53.9209,461,30799,0.869737,0.81,2,699244,698783,461
41603621,47.0681,46.1683,462,30868,0.893895,0.81,2,699286,698824,462
41714581,90.6363,92.7256,487,33373,0.826,1,2,701029,700542,487
41723341,41.8007,37.9504,509,33562,0.257104,1,1,701173,700664,509
41726261,28.7203,38.5802,490,33625,0.216842,1,1,701193,700703,490
41729181,37.2881,40.0321,492,33688,0.0867366,1,1,701236,700744,492
41732101,35.9152,46.0128,477,33751,0.0646947,1,1,701271,700794,477
41735021,38.9661,34.6051,491,33814,0.0318779,1,1,701312,700821,491
41737941,29.9864,29.4421,489,33877,0.0787511,1,1,701336,700847,489
41740861,33.5946,24.9768,503,33939,0.0495005,1,1,701372,700869,503
41743781,27.2378,25.5907,500,34001,0.0258002,0.71,1,701395,700895,500
41746701,68.4951,90.6363,462,34063,0.0283201,0.49,1,701491,701029,462
41749621,62.1981,81.2545,445,34125,0.041328,0.23,1,701549,701104,445
41752541,39.8792,53.5018,435,34187,0.0465312,0.17,1,701574,701139,435
41755461,33.3517,41.8007,430,34249,0.0846125,0.17,1,701603,701173,430
41758381,21.7407,16.7203,444,34311,0.051845,0.19,1,701617,701173,444
41761301,32.6963,18.6881,464,34373,0.074738,0,1,701657,701193,464
41764221,34.0785,33.2752,456,34435,0.0358952,0.05,1,701692,701236,456
41767141,38.2314,34.3101,462,34496,0.0443581,0.01,1,701733,701271,462
41770061,29.6926,38.324,445,34557,0.0357432,0.11,1,701757,701312,445
41772981,33.477,29.7296,457,34618,0.0202973,0.03,1,701793,701336,457
41775901,27.7908,33.4918,445,34679,0.0381189,0.01,1,701817,701372,445
41778821,68.7163,27.1967,518,34740,0.0332476,0.03,1,701913,701395,518
41781741,63.4865,68.4787,482,34801,0.031299,0.05,1,701973,701491,482
41784661,39.7946,62.1915,448,34862,0.0665196,0.05,1,701997,701549,448
41787581,32.7178,39.8766,451,34923,0.0806078,0.11,1,702025,701574,451
41790501,21.4871,33.3506,436,34984,0.0862431,0.03,1,702039,701603,436
41793421,31.9949,21.7403,461,35044,0.0764973,0.09,1,702078,701617,461
41796341,33.7979,32.6961,456,35104,0.0485989,0.01,1,702113,701657,456
41799261,38.1192,34.0784,462,35164,0.0374396,0.05,1,702154,701692,462
41802181,30.8477,38.2314,447,35224,0.0449758,0.03,1,702180,701733,447
41805101,33.3391,29.6925,458,35284,0.0479903,0.01,1,702215,701757,458
41808021,27.7356,33.477,446,35344,0.0731961,0.05,1,702239,701793,446
41810941,68.6943,27.7908,518,35404,0.0592785,0.03,1,702335,701817,518
41813861,64.6777,68.7163,484,35464,0.0897114,0.03,1,702397,701913,484
41831381,30.7814,33.7979,422,35820,0.0974369,0.03,1,702535,702113,422
41834301,36.9126,38.1192,422,35879,0.0809748,0.05,1,702576,702154,422
41837221,31.565,30.8477,424,35938,0.0383899,0.05,1,702604,702180,424
41840141,33.026,33.3391,423,35997,0.057356,0.09,1,702638,702215,423
41843061,27.6104,27.7356,423,36056,0.0649424,0.05,1,702662,702239,423
41845981,69.8442,68.6943,425,36115,0.055977,0.11,1,702760,702335,425
41848901,66.3377,64.6777,427,36174,0.0763908,0.11,1,702824,702397,427
41851821,41.5351,40.8711,427,36232,0.0845563,0.11,1,702849,702422,427
41881021,68.9309,69.8442,422,36811,0.0588586,0.09,1,703182,702760,422
41883941,67.7723,66.3377,425,36868,0.0535434,0.09,1,703249,702824,425
41886861,41.5089,41.5351,424,36925,0.0274174,0.13,1,703273,702849,424
41889781,34.6036,33.414,426,36982,0.0289669,0.11,1,703303,702877,426
41892701,22.2414,21.1656,427,37039,0.0415868,0.11,1,703317,702890,427
41895621,10.0966,9.66624,427,37096,0.0586347,0.13,1,703319,702892,427
41901461,28.3755,10.6666,457,37210,0.0945816,0.15,1,703387,702930,457
41904381,35.9502,21.0666,470,37267,0.0798326,0.23,1,703428,702958,470
41907301,28.7801,32.4267,454,37324,0.0739331,0.11,1,703452,702998,454
41910221,31.912,29.7707,460,37381,0.0715732,0.13,1,703486,703026,460
41913141,27.7648,32.9083,450,37438,0.0706293,0.13,1,703511,703061,450
41916061,66.3059,28.1633,517,37494,0.0462517,0.01,1,703603,703086,517
41918981,66.7224,68.8653,488,37550,0.0605007,0.05,1,703670,703182,488
41921901,41.6889,67.7461,446,37606,0.0662003,0.01,1,703695,703249,446
41924821,35.2756,41.4985,453,37662,0.0684801,0.03,1,703726,703273,453
41927741,23.1102,34.5994,438,37718,0.081392,0.05,1,703741,703303,438
41930661,10.4441,22.2398,426,37774,0.0865568,0.07,1,703743,703317,426
41945261,31.8119,28.7801,458,38054,0.224595,0.07,1,703910,703452,458
41948181,27.7248,31.912,449,38110,0.251838,0.07,1,703935,703486,449
41951101,65.0899,27.7648,514,38165,0.262735,0.03,1,704025,703511,514
41954021,68.036,66.3059,492,38220,0.243094,0.07,1,704095,703603,492
41956941,41.6144,66.7224,449,38275,0.235238,0.07,1,704119,703670,449
41959861,36.4458,41.6889,457,38330,0.244095,0.07,1,704152,703695,457
41962781,22.9783,35.2756,440,38385,0.247638,0.09,1,704166,703726,440
41965701,10.3913,23.1102,427,38440,0.249055,0.09,1,704168,703741,427
41968621,29.9565,10.4441,468,38495,0.261622,0.13,1,704211,703743,468
41989061,65.0014,65.0899,435,38878,0.443506,0.23,1,704460,704025,435
42032861,42.2528,41.1202,447,39685,0.756283,0.51,2,704999,704552,447
42035781,37.9011,36.8481,448,39738,0.752513,0.55,2,705034,704586,448
42038701,24.7604,23.7392,449,39791,0.751005,0.55,2,705050,704601,449
42041621,11.1042,10.6957,449,39844,0.750402,0.57,2,705052,704603,449
42044541,32.0417,31.2783,450,39897,0.750161,0.57,2,705098,704648,450
42050381,37.6467,36.9245,451,40003,0.757226,0.59,2,705169,704718,451
42053301,16.2587,15.9698,451,40056,0.78889,0.61,2,705171,704720,451
42056221,24.5035,23.1879,453,40109,0.801556,0.61,2,705201,704748,453
42059141,32.0014,9.27517,490,40162,0.770622,0.69,2,705238,704748,490
42067901,71.0001,66.6896,528,40320,0.7566,0.77,2,705432,704904,528
42070821,42.8,69.2758,481,40372,0.77664,0.77,2,705456,704975,481
42073741,38.72,42.1103,493,40424,0.784656,0.75,2,705492,704999,493
42076661,25.088,37.8441,474,40476,0.787862,0.75,2,705508,705034,474
42079581,11.2352,24.7377,460,40528,0.789145,0.75,2,705510,705050,460
42082501,31.4941,11.0951,503,40580,0.813658,0.75,2,705555,705052,503
42085421,29.9976,32.038,486,40632,0.811463,0.73,2,705584,705098,486
42088341,38.3991,29.6152,502,40684,0.810585,0.77,2,705628,705126,502
42091261,16.5596,37.6461,461,40736,0.810234,0.81,2,705630,705169,461
42094181,24.6238,16.2584,489,40788,0.822094,0.81,2,705660,705171,489
42097101,31.4495,24.5034,495,40840,0.838838,0.75,2,705696,705201,495
42100021,28.1798,32.0013,484,40892,0.869535,0.73,2,705722,705238,484
42234341,36.7474,45.1722,512,43201,0.8632,1,2,707386,706874,512
42237261,36.299,40.8689,510,43250,0.89128,1,2,707422,706912,510
42240181,30.1196,28.9475,515,43299,0.866512,1,2,707448,706933,515
42243101,25.8478,29.579,508,43348,0.880605,1,2,707471,706963,508
42246021,27.7391,23.2316,518,43397,0.850242,1,2,707500,706982,518
42248941,30.8957,26.6926,522,43446,0.778097,1,2,707533,707011,522
42319021,28.1572,33.6796,453,44597,0.782732,0.63,2,708303,707850,453
42321941,33.4629,34.4718,455,44644,0.763093,0.63,2,708340,707885,455
42324861,28.3851,29.3887,454,44691,0.803237,0.63,2,708365,707911,454
42327781,22.1541,23.1555,453,44738,0.819295,0.61,2,708383,707930,453
42330701,27.4616,28.4622,452,44785,0.825718,0.63,2,708414,707962,452
42333621,29.5846,29.3849,453,44832,0.852287,0.61,2,708445,707992,453
42336541,29.2339,29.754,452,44879,0.898915,0.63,2,708474,708022,452
42555541,169.052,174.641,505,21997,0.8644,1,2,710887,710382,505
42558461,103.621,104.657,507,22093,0.81976,0.92,2,710947,710440,507
42599341,55.9352,58.6929,503,23401,0.792264,0.59,2,711855,711352,503
42602261,66.1741,55.2771,523,23492,0.802906,0.57,2,711928,711405,523
42605181,88.8696,65.3109,555,23582,0.795162,0.69,2,712032,711477,555
42608101,78.7478,86.1243,527,23672,0.816065,0.71,2,712104,711577,527
42611021,62.6991,77.6497,507,23762,0.836426,0.67,2,712156,711649,507
42613941,45.4797,62.8599,488,23851,0.85657,0.69,2,712190,711702,488
42616861,59.5919,44.344,525,23940,0.888628,0.77,2,712259,711734,525
42719061,36.6373,43.6185,510,26866,0.87208,1,2,714260,713750,510
42721981,35.0549,48.0474,493,26945,0.858832,1,2,714294,713801,493
42751181,63.0763,75.822,450,27721,0.203574,0.43,1,714847,714397,450
42754101,63.0305,74.7288,439,27797,0.20743,0.29,1,714910,714471,439
42757021,52.8122,56.8915,440,27873,0.208972,0.29,1,714956,714516,440
42759941,48.1249,52.7566,435,27949,0.245589,0.11,1,715001,714566,435
42762861,56.45,60.7026,431,28025,0.260235,0.15,1,715063,714632,431
42765781,35.78,40.4811,426,28101,0.278094,0.17,1,715085,714659,426
42768701,43.712,43.1924,430,28176,0.261238,0.17,1,715134,714704,430
42771621,37.8848,36.477,432,28251,0.254495,0.21,1,715168,714736,432
42789141,57.8412,45.7028,496,28698,0.417462,0.27,1,715497,715001,496
42792061,37.5365,55.4811,458,28772,0.424985,0.29,1,715521,715063,458
42794981,42.0146,35.3924,481,28846,0.439994,0.25,1,715566,715085,481
42797901,39.6058,43.557,470,28919,0.433998,0.25,1,715604,715134,470
42844621,56.2061,58.3148,450,30069,0.793753,0.57,2,716389,715939,450
42847541,36.8824,37.7259,450,30139,0.815501,0.63,2,716413,715963,450
42850461,42.953,41.4904,453,30209,0.7882,0.65,2,716460,716007,453
42853381,41.7812,39.9961,455,30279,0.78928,0.67,2,716501,716046,455
42856301,32.3125,31.5985,455,30349,0.789712,0.71,2,716527,716072,455
42859221,67.525,65.4394,458,30419,0.837885,0.69,2,716618,716160,458
42999381,37.3605,33.4701,493,33594,0.874,1,2,718820,718327,493
43002301,35.3442,24.788,508,33657,0.7876,1,2,718854,718346,508
43016901,41.9088,49.4279,480,33970,0.0858154,1,1,719097,718617,480
43019821,42.5635,40.7712,488,34032,0.0523262,1,1,719140,718652,488
43022741,27.8254,32.5085,479,34094,0.0509305,1,1,719158,718679,479
43025661,49.5302,58.0034,468,34156,0.0383722,0.9,1,719222,718754,468
43028581,37.8121,42.4014,466,34218,0.0333489,0.9,1,719252,718786,466
43031501,31.9248,16.9605,494,34280,0.0313395,0.83,1,719280,718786,494
43034421,29.5699,27.1842,488,34342,0.0185358,0.73,1,719308,718820,488
43037341,26.828,31.2737,479,34404,0.0254143,0.59,1,719333,718854,479
43040261,28.7312,32.3095,476,34465,0.0281657,0.47,1,719363,718887,476
43043181,51.6925,33.9238,508,34526,0.0532663,0.19,1,719430,718922,508
43046101,57.877,62.1695,489,34587,0.0513065,0.01,1,719492,719003,489
43049021,40.5508,65.6678,450,34648,0.0385226,0.05,1,719521,719071,450
43051941,40.2203,41.8671,464,34709,0.069409,0.03,1,719561,719097,464
43054861,26.8881,42.5468,439,34770,0.0577636,0.05,1,719579,719140,439
43057781,49.1553,27.8187,485,34831,0.0531054,0.03,1,719643,719158,485
43060701,37.6621,49.5275,451,34892,0.0392422,0.03,1,719673,719222,451
43063621,34.2648,37.811,453,34953,0.0216969,0.03,1,719705,719252,453
43066541,28.7059,31.9244,450,35013,0.0626787,0.01,1,719730,719280,450
43069461,27.6824,29.5698,449,35073,0.0790715,0.03,1,719757,719308,449
43072381,28.473,26.8279,453,35133,0.0496286,0.03,1,719786,719333,453
43075301,50.3892,28.7312,488,35193,0.0498514,0.07,1,719851,719363,488
43078221,57.3557,51.6925,483,35253,0.0499406,0.05,1,719913,719430,483
43081141,41.5423,57.877,452,35313,0.0259762,0.03,1,719944,719492,452
43084061,39.4169,40.5508,461,35373,0.0403905,0.09,1,719982,719521,461
43086981,26.5668,40.2203,439,35433,0.0341562,0.05,1,720000,719561,439
43089901,49.0267,26.8881,485,35493,0.0436625,0.05,1,720064,719579,485
43092821,38.8107,49.1553,453,35553,0.035465,0.03,1,720096,719643,453
43095741,34.7243,37.6621,455,35612,0.032186,0.01,1,720128,719673,455
43098661,31.2897,34.2648,452,35671,0.0308744,0.09,1,720157,719705,452
43101581,13.7159,28.7059,429,35730,0.0303498,0.09,1,720159,719730,429
43104501,19.8864,27.6824,426,35789,0.0541399,0.03,1,720183,719757,426
43107421,23.5545,28.473,423,35848,0.075656,0.05,1,720209,719786,423
43110341,49.0218,50.3892,424,35907,0.0962624,0.05,1,720275,719851,424
43113261,55.6087,57.3557,422,35966,0.068505,0.01,1,720335,719913,422
43116181,40.8435,41.5423,422,36025,0.069402,0.05,1,720366,719944,422
43119101,39.7374,39.4169,423,36084,0.0577608,0.03,1,720405,719982,423
43122021,27.295,26.5668,424,36143,0.0411043,0.05,1,720424,720000,424
43124941,49.318,49.0267,424,36201,0.0704417,0.03,1,720488,720064,424
43127861,38.3272,38.8107,423,36259,0.0701767,0.03,1,720519,720096,423
43130781,33.9309,34.7243,422,36317,0.0460707,0.03,1,720550,720128,422
43133701,31.5723,31.2897,423,36375,0.0364283,0.03,1,720580,720157,423
43136621,13.8289,13.7159,423,36433,0.0565713,0.07,1,720582,720159,423
43139541,20.5316,19.8864,424,36491,0.0526285,0.09,1,720607,720183,424
43148301,54.57,55.6087,424,36665,0.203768,0.07,1,720759,720335,424
43154141,38.7312,39.7374,422,36781,0.0962029,0.03,1,720827,720405,422
43157061,26.8925,27.295,422,36838,0.0684812,0.09,1,720846,720424,422
43159981,50.357,49.318,424,36895,0.0453925,0.07,1,720912,720488,424
43162901,38.1428,38.3272,423,36952,0.072157,0.03,1,720942,720519,423
43165821,33.2571,33.9309,422,37009,0.0948628,0.03,1,720972,720550,422
43168741,31.9028,31.5723,423,37066,0.0679451,0.07,1,721003,720580,423
43171661,13.9611,13.8289,423,37123,0.033178,0.05,1,721005,720582,423
43174581,21.1845,20.5316,424,37180,0.0432712,0.05,1,721031,720607,424
43177501,25.8738,8.21263,453,37237,0.0593085,0.15,1,721060,720607,453
43180421,51.1495,18.8851,495,37294,0.0777234,0.15,1,721128,720633,495
43183341,57.6598,48.954,488,37351,0.0730894,0.25,1,721190,720702,488
43186261,36.2639,53.7816,453,37408,0.0832357,0.09,1,721212,720759,453
43189181,37.9056,39.5126,462,37464,0.0992943,0.07,1,721251,720789,462
43195021,49.7449,26.842,488,37576,0.0698871,0.03,1,721334,720846,488
43197941,38.498,50.3368,453,37632,0.0459548,0.09,1,721365,720912,453
43200861,32.7992,38.1347,452,37688,0.0603819,0.11,1,721394,720942,452
43203781,31.1197,33.2539,452,37744,0.0661528,0.05,1,721424,720972,452
43206701,13.6479,31.9016,423,37800,0.0684611,0.01,1,721426,721003,423
43209621,22.2591,13.9606,449,37856,0.0693844,0.05,1,721454,721005,449
43212541,26.9037,21.1842,453,37912,0.0817538,0.07,1,721484,721031,453
43241741,13.7196,31.1197,426,38465,0.205632,0.07,1,721850,721424,426
43253421,48.6248,52.7615,430,38685,0.2264,0.15,1,721984,721554,430
43256341,55.4499,57.7046,429,38740,0.22856,0.17,1,722044,721615,429
43259261,35.98,36.2818,430,38795,0.277424,0.15,1,722067,721637,430
43265101,24.9568,25.2451,429,38903,0.297588,0.19,1,722123,721694,429
43270941,37.5931,38.1192,430,39011,0.416014,0.19,1,722218,721788,430
43273861,34.2372,33.2477,432,39065,0.412406,0.21,1,722250,721818,432
43276781,31.6949,31.2991,432,39119,0.410962,0.21,1,722280,721848,432
43279701,13.878,13.7196,432,39173,0.434385,0.19,1,722282,721850,432
43291381,48.6865,48.6248,432,39389,0.438368,0.23,1,722416,721984,432
43332261,58.6925,19.4746,508,40133,0.752917,0.51,2,722924,722416,508
43335181,39.677,44.9898,473,40186,0.775167,0.55,2,722951,722478,473
43338101,40.4708,32.9959,489,40239,0.772067,0.61,2,722992,722503,489
43341021,25.7883,37.1984,465,40291,0.794827,0.61,2,723008,722543,465
43343941,54.1153,24.4793,522,40343,0.815931,0.65,2,723081,722559,522
43346861,40.8461,52.3917,483,40395,0.800372,0.67,2,723113,722630,483
43349781,36.1385,38.9567,486,40447,0.806149,0.69,2,723146,722660,486
43352701,32.4554,34.7827,484,40499,0.80846,0.71,2,723176,722692,484
43355621,14.1822,31.9131,456,40551,0.809384,0.67,2,723178,722722,456
43358541,23.6729,13.9652,484,40603,0.809754,0.73,2,723208,722724,484
43361461,27.4691,22.9861,485,40655,0.809901,0.69,2,723238,722753,485
43364381,12.1877,27.1944,457,40707,0.821961,0.69,2,723240,722783,457
43367301,51.0751,12.0778,532,40759,0.838784,0.75,2,723317,722785,532
43370221,60.03,49.2311,524,40811,0.857514,0.77,2,723383,722859,524
43373141,40.812,58.6924,487,40863,0.889005,0.79,2,723411,722924,487
43530821,62.154,39.719,545,43565,0.8428,1,2,725275,724730,545
43545421,32.9136,24.3933,532,43805,0.426585,1,1,725438,724906,532
43551261,33.7062,38.4629,511,43901,0.259054,1,1,725501,724990,511
43560021,27.3572,32.2216,504,44045,0.0710594,1,1,725594,725090,504
43562941,27.1429,24.8887,511,44093,0.0284238,1,1,725621,725110,511
43565861,15.0572,29.1555,486,44141,0.0413695,1,1,725628,725142,486
43568781,27.6229,19.4622,509,44189,0.0345478,0.97,1,725664,725155,509
43571701,50.6491,29.3849,539,44237,0.0318191,0.75,1,725730,725191,539
43574621,38.2597,62.154,485,44285,0.0427276,0.67,1,725760,725275,485
43577541,35.1039,44.0616,486,44333,0.0350911,0.51,1,725793,725307,486
43580461,28.4415,41.0246,471,44381,0.0140364,0.53,1,725817,725346,471
43583381,27.5766,33.2099,470,44429,0.0356146,0.43,1,725844,725374,470
43586301,12.2306,31.2839,442,44476,0.0442458,0.39,1,725846,725404,442
43589221,23.4923,32.9136,439,44523,0.0596983,0.37,1,725877,725438,439
43592141,20.7969,28.7654,432,44570,0.0418793,0.17,1,725896,725464,432
43595061,28.7188,33.7062,429,44617,0.0227517,0.13,1,725930,725501,429
43597981,34.2875,37.4825,427,44664,0.0271007,0.05,1,725968,725541,427
43600901,29.915,32.393,425,44711,0.0288403,0.05,1,725995,725570,425
43603821,25.766,27.3572,424,44758,0.0295361,0,1,726018,725594,424
43606741,27.1064,27.1429,425,44805,0.0118144,0.05,1,726046,725621,425
43609661,15.0426,15.0572,425,44852,0.0227258,0.03,1,726053,725628,425
43612581,26.417,27.6229,423,44899,0.0510903,0.03,1,726087,725664,423
43615501,50.1668,50.6491,423,44946,0.0624361,0.05,1,726153,725730,423
43618421,37.4667,38.2597,422,44993,0.0549745,0.03,1,726182,725760,422
43621341,35.3867,35.1039,423,45040,0.0399898,0,1,726216,725793,423
43624261,28.5547,28.4415,423,45087,0.0459959,0.05,1,726240,725817,423
43627181,27.6219,27.5766,423,45134,0.0363984,0.05,1,726267,725844,423
43630101,12.2487,12.2306,423,45181,0.0325593,0.07,1,726269,725846,423
43633021,22.8995,23.4923,422,45228,0.0670237,0.03,1,726299,725877,422
43638861,28.6239,28.7188,422,45322,0.0719238,0.03,1,726352,725930,422
43650541,26.6864,27.1064,422,45507,0.0940492,0.03,1,726468,726046,422
43653461,15.4745,15.0426,423,45553,0.0556197,0.07,1,726476,726053,423
43656381,26.5898,26.417,423,45599,0.0402479,0.07,1,726510,726087,423
43659301,52.0359,50.1668,426,45645,0.0940991,0.05,1,726579,726153,426
43673901,12.2064,12.2487,422,45875,0.0990276,0.09,1,726691,726269,422
43676821,25.2826,22.8995,426,45921,0.057611,0.09,1,726725,726299,426
43679741,20.913,9.1598,444,45967,0.0410444,0.13,1,726743,726299,444
43682661,28.1652,15.0639,458,46013,0.0464178,0.05,1,726776,726318,458
43685581,36.4661,26.4256,466,46059,0.0845671,0.17,1,726818,726352,466
43708941,34.1659,35.8129,460,46426,0.216896,0.15,1,727064,726604,460
43711861,28.0663,34.7252,450,46471,0.224759,0.15,1,727088,726638,450
43714781,26.2265,28.2901,451,46516,0.215903,0.09,1,727113,726662,451
43717701,11.6906,27.516,426,46561,0.236361,0.09,1,727115,726689,426
43720621,23.8762,12.2064,456,46606,0.244545,0.03,1,727147,726691,456
43723541,21.5505,25.2826,442,46651,0.247818,0.03,1,727167,726725,442
43726461,29.6202,20.913,459,46696,0.237127,0.05,1,727202,726743,459
43729381,37.6481,28.1652,469,46741,0.244851,0.11,1,727245,726776,469
43732301,30.6592,36.4661,453,46786,0.29594,0.13,1,727271,726818,453
43784861,24.5489,25.1855,438,47591,0.420316,0.33,1,727756,727318,438
43787781,14.6196,14.8742,438,47635,0.438126,0.39,1,727764,727326,438
43849101,28.6964,28.1279,449,48557,0.769947,0.59,2,728407,727958,449
43852021,28.8785,27.4512,451,48600,0.793979,0.59,2,728436,727985,451
43854941,12.7514,12.1805,451,48643,0.803591,0.63,2,728438,727987,451
43857861,24.9006,24.6722,451,48686,0.807437,0.59,2,728471,728020,451
43860781,21.9602,21.8689,451,48729,0.832975,0.61,2,728491,728040,451
43863701,29.1841,29.7475,450,48772,0.81919,0.61,2,728525,728075,450
43866621,12.8736,13.099,450,48815,0.837676,0.57,2,728527,728077,450
43869541,31.5495,31.6396,450,48858,0.85707,0.57,2,728571,728121,450
43872461,30.0198,12.6558,479,48901,0.864828,0.65,2,728600,728121,479
43875381,27.6079,21.2623,478,48944,0.879931,0.67,2,728626,728148,478
43878301,26.6432,22.9049,480,48987,0.897972,0.71,2,728652,728172,480
43887061,58.2732,29.8819,531,49116,0.89723,0.73,2,728777,728246,531
44110441,331.686,339.398,494,23360,0.406,0.9,1,730978,730484,494
44116281,94.7098,83.9437,511,24266,0.08296,0.75,1,731075,730564,511
44119201,77.4839,78.5775,502,24353,0.039184,0.45,1,731141,730639,502
44122121,66.3936,87.231,468,24440,0.0456736,0.03,1,731200,730732,468
44125041,61.3574,76.2924,457,24527,0.0242694,0,1,731258,730801,457
44127961,82.743,70.717,487,24613,0.00970777,0,1,731355,730868,487
44130881,48.0972,75.0868,434,24699,0.00388311,0,1,731380,730946,434
44133801,31.2389,46.2347,427,24785,0.0315532,0,1,731400,730973,427
44136721,40.0955,49.0939,422,24871,0.0126213,0.03,1,731446,731024,422
44139641,47.2382,50.2376,423,24956,0.0350485,0.01,1,731498,731075,423
44142561,57.8953,59.695,422,25041,0.0200194,0.05,1,731563,731141,422
44145481,59.7581,59.278,424,25126,0.0260078,0.01,1,731624,731200,424
44148401,58.1032,58.5112,423,25210,0.0104031,0,1,731681,731258,423
44151321,80.8413,81.6045,422,25294,0.00416124,0,1,731777,731355,422
44154241,49.7365,47.6418,426,25378,0.0076645,0.05,1,731806,731380,426
44157161,29.4946,31.0567,422,25461,0.0450658,0.05,1,731822,731400,422
44160081,38.7978,12.4227,467,25544,0.0180263,0,1,731867,731400,467
44163001,46.7191,32.5691,473,25627,0.0252105,0.05,1,731919,731446,473
44165921,58.8877,44.2276,488,25710,0.0280842,0.01,1,731986,731498,488
44168841,58.9551,56.6911,482,25792,0.0292337,0.03,1,732045,731563,482
44171761,58.382,59.2764,479,25874,0.0116935,0,1,732103,731624,479
44174681,80.3528,57.9106,517,25956,0.00467739,0,1,732198,731681,517
44177601,50.1411,80.7642,451,26038,0.00187096,0.01,1,732228,731777,451
44180521,29.6564,49.7057,438,26119,0.0187484,0.07,1,732244,731806,438
44183441,38.2626,29.4823,466,26200,0.0134994,0,1,732288,731822,466
44186361,47.105,38.7929,474,26281,0.0233997,0.03,1,732341,731867,474
44189281,59.042,46.7172,489,26362,0.0153599,0.03,1,732408,731919,489
44192201,59.6168,58.8869,482,26442,0.00614396,0.03,1,732468,731986,482
44195121,58.0467,58.9547,480,26522,0.0204576,0,1,732525,732045,480
44198041,79.6187,58.3819,516,26602,0.00818303,0,1,732619,732103,516
44200961,49.8475,80.3528,451,26682,0.00327321,0,1,732649,732198,451
44203881,30.139,50.1411,438,26761,0.0193093,0.03,1,732666,732228,438
44206801,37.8556,29.6564,465,26840,0.0137237,0.01,1,732709,732244,465
44209721,16.3422,38.2626,423,26919,0.00548949,0.03,1,732711,732288,423
44212641,38.9369,47.105,424,26998,0.0441958,0.01,1,732765,732341,424
44215561,55.1748,59.042,423,27076,0.0176783,0,1,732831,732408,423
44218481,58.6699,59.6168,424,27154,0.0130713,0.03,1,732892,732468,424
44221401,57.068,58.0467,423,27232,0.0232285,0,1,732948,732525,423
44224321,78.6272,79.6187,422,27310,0.0392914,0,1,733041,732619,422
44227241,50.0509,49.8475,423,27388,0.0217166,0.03,1,733072,732649,423
44230161,30.2203,30.139,423,27465,0.0146866,0.01,1,733089,732666,423
44233081,37.2881,37.8556,422,27542,0.0118746,0,1,733131,732709,422
44236001,16.1153,16.3422,422,27619,0.0227499,0.07,1,733133,732711,422
44238921,39.4461,38.9369,423,27696,0.0630999,0,1,733188,732765,423
44241841,54.7784,55.1748,422,27772,0.09124,0.01,1,733253,732831,422
44244761,58.5114,58.6699,422,27848,0.090496,0.03,1,733314,732892,422
44247681,57.0046,57.068,422,27924,0.0901984,0.05,1,733370,732948,422
44250601,78.6018,78.6272,422,28000,0.0780794,0.01,1,733463,733041,422
44253521,50.6407,50.0509,423,28076,0.0732317,0.01,1,733495,733072,423
44256441,29.8563,30.2203,422,28151,0.0592927,0.01,1,733511,733089,422
44259361,37.1425,37.2881,422,28226,0.0537171,0.03,1,733553,733131,422
44262281,16.057,16.1153,422,28301,0.0514868,0.09,1,733555,733133,422
44265201,40.6228,39.4461,424,28376,0.0505947,0.09,1,733612,733188,424
44268121,55.8491,15.7784,490,28451,0.0862379,0.11,1,733678,733188,490
44271041,58.9396,45.3114,486,28525,0.0764952,0.09,1,733739,733253,486
44273961,55.9759,54.7246,479,28599,0.0725981,0.09,1,733793,733314,479
44276881,76.9903,55.4898,514,28673,0.0710392,0.07,1,733884,733370,514
44279801,49.9961,77.9959,453,28747,0.0284157,0.07,1,733916,733463,453
44282721,30.1985,50.3984,438,28821,0.0413663,0.05,1,733933,733495,438
44285641,36.6794,29.7593,463,28894,0.0825465,0.05,1,733974,733511,463
44288561,15.8718,37.1037,423,28967,0.0990186,0.05,1,733976,733553,423
44291481,41.7487,16.0415,480,29040,0.0456074,0.05,1,734035,733555,480
44294401,56.8995,40.6166,490,29113,0.048243,0.11,1,734102,733612,490
44297321,59.3598,55.8466,485,29186,0.0612972,0.07,1,734163,733678,485
44300241,56.7439,58.9387,479,29259,0.0905189,0.07,1,734218,733739,479
44303161,76.6976,55.9755,515,29331,0.0662076,0.07,1,734308,733793,515
44306081,48.679,76.9902,454,29403,0.044483,0,1,734338,733884,454
44309001,30.2716,49.9961,440,29475,0.0357932,0.05,1,734356,733916,440
44311921,36.1086,30.1984,463,29547,0.0323173,0.11,1,734396,733933,463
44314841,15.6435,36.6794,424,29619,0.0309269,0.11,1,734398,733974,424
44317761,41.6574,15.8717,481,29690,0.0303708,0.01,1,734457,733976,481
44320681,57.463,41.7487,490,29761,0.0421483,0.05,1,734525,734035,490
44323601,60.1852,56.8995,485,29832,0.0588593,0.07,1,734587,734102,485
44326521,25.2741,59.3598,426,29903,0.0655437,0.11,1,734589,734163,426
44329441,43.7096,56.7439,427,29974,0.0922175,0.05,1,734645,734218,427
44349881,57.8265,57.463,424,30465,0.211691,0.07,1,734949,734525,424
44352801,60.9306,60.1852,425,30534,0.222676,0.07,1,735012,734587,425
44355721,25.5722,25.2741,425,30603,0.227071,0.11,1,735014,734589,425
44358641,45.0289,43.7096,427,30672,0.252828,0.15,1,735072,734645,427
44361561,70.2116,69.6839,427,30741,0.275131,0.15,1,735159,734732,427
44364481,45.4846,45.2735,427,30810,0.272053,0.11,1,735188,734761,427
44367401,28.9938,28.9094,427,30879,0.294821,0.15,1,735206,734779,427
44382001,62.6595,60.9306,433,31220,0.432379,0.23,1,735445,735012,433
44384921,26.2638,25.5722,433,31288,0.430952,0.23,1,735447,735014,433
44443321,27.1741,65.0653,451,32613,0.760574,0.57,2,736338,735887,451
44446241,47.4696,27.2261,510,32678,0.76623,0.57,2,736399,735889,510
44449161,72.9879,47.4904,539,32743,0.792492,0.61,2,736489,735950,539
44452081,30.3951,71.7962,453,32808,0.802997,0.63,2,736491,736038,453
44455001,28.9581,45.5185,453,32872,0.843199,0.65,2,736519,736066,453
44457921,24.1832,29.6074,455,32936,0.847279,0.65,2,736540,736085,455
44460841,36.6733,38.843,455,33000,0.872912,0.69,2,736585,736130,455
44463761,15.8693,16.7372,455,33064,0.883165,0.69,2,736587,736132,455
44466681,45.3477,45.0949,456,33128,0.899266,0.73,2,736652,736196,456
44603921,68.5154,68.0013,487,36005,0.75016,1,2,738695,738208,487
44624361,22.4149,22.3301,489,36414,0.264306,1,1,738957,738468,489
44627281,20.366,25.132,481,36472,0.231723,1,1,738976,738495,481
44630201,23.1464,28.0528,476,36530,0.218689,0.86,1,739001,738525,476
44633121,19.4586,26.2211,468,36588,0.213476,0.89,1,739018,738550,468
44641881,40.5573,43.6062,455,36762,0.0691024,0.69,1,739177,738722,455
44644801,34.2229,36.6425,453,36819,0.045641,0.51,1,739207,738754,453
44647721,68.8892,73.457,447,36876,0.0482564,0.39,1,739299,738852,447
44650641,46.1557,50.9828,442,36933,0.0373026,0.33,1,739330,738888,442
44653561,31.6623,36.5931,437,36990,0.032921,0.27,1,739352,738915,437
44656481,25.8649,29.0372,435,37047,0.0911684,0.23,1,739374,738939,435
44662321,17.9384,20.366,430,37161,0.0949869,0.21,1,739406,738976,430
44682761,68.4668,34.1729,513,37558,0.0948642,0.05,1,739720,739207,513
44685681,46.5867,68.8692,453,37614,0.0799457,0.03,1,739752,739299,453
44688601,32.4347,46.1477,445,37670,0.0499783,0.03,1,739775,739330,445
44691521,28.5739,31.6591,449,37726,0.0619913,0.13,1,739801,739352,449
44694441,19.8295,25.8636,441,37782,0.0787965,0.11,1,739815,739374,441
44697361,17.5318,19.3454,442,37838,0.0975186,0.09,1,739831,739389,442
44717801,68.1756,33.167,516,38228,0.263723,0.07,1,740144,739628,516
44747001,58.9619,59.868,430,38778,0.414564,0.17,1,740431,740001,430
44749921,37.9848,38.3472,430,38832,0.411825,0.19,1,740455,740025,430
44752841,31.3939,30.9389,431,38886,0.42273,0.32,1,740482,740051,431
44755761,72.5576,68.1756,438,38940,0.427092,0.37,1,740582,740144,438
44825841,39.5074,59.5826,474,40222,0.755018,0.59,2,741347,740873,474
44828761,31.403,38.233,476,40274,0.764007,0.63,2,741373,740897,476
44831681,74.3612,30.8932,553,40326,0.755603,0.61,2,741476,740923,553
44834601,50.1445,73.5573,485,40378,0.776241,0.65,2,741510,741025,485
44837521,35.0578,49.8229,476,40430,0.796497,0.65,2,741535,741059,476
44840441,30.2231,34.3292,479,40482,0.792599,0.65,2,741562,741083,479
44843361,21.0892,30.5317,466,40534,0.779039,0.61,2,741577,741111,466
44846281,18.6357,20.6127,469,40586,0.797616,0.63,2,741594,741125,469
44849201,26.6543,17.8451,485,40638,0.805046,0.67,2,741626,741141,485
44852121,19.0617,25.738,468,40690,0.808019,0.71,2,741640,741172,468
44855041,8.82468,18.6952,456,40742,0.809207,0.71,2,741642,741186,456
44857961,38.9299,8.67808,513,40794,0.821683,0.71,2,741701,741188,513
44860881,64.172,37.6712,537,40846,0.862673,0.75,2,741782,741245,537
44863801,40.0688,61.2685,484,40898,0.891069,0.77,2,741806,741322,484
45015641,16.5765,23.3549,519,43501,0.864962,1,2,743593,743074,519
45018561,22.8306,27.942,515,43550,0.843985,1,2,743620,743105,515
45021481,43.9322,29.7768,542,43598,0.871594,1,2,743678,743136,542
45024401,45.1729,53.3107,519,43646,0.762638,1,2,743724,743205,519
45056521,17.0663,26.4412,478,44174,0.759944,0.78,2,744061,743583,478
45059441,21.2265,16.5765,492,44222,0.801978,0.83,2,744085,743593,492
45062361,39.6906,22.8306,517,44270,0.806791,0.89,2,744137,743620,517
45065281,40.4762,43.9322,500,44318,0.820717,0.69,2,744178,743678,500
45068201,25.1905,45.1729,469,44366,0.850287,0.65,2,744193,743724,469
45071121,29.8762,25.8692,489,44414,0.850115,0.69,2,744226,743737,489
45074041,55.1505,30.1477,528,44461,0.838046,0.63,2,744298,743770,528
45076961,23.2602,55.2591,458,44508,0.833218,0.67,2,744300,743842,458
45079881,23.7041,38.3036,455,44555,0.867287,0.61,2,744324,743869,455
45082801,27.4816,33.3214,455,44602,0.880915,0.71,2,744354,743899,455
45085721,39.7927,42.1286,455,44649,0.886366,0.67,2,744402,743947,455
45088641,27.9171,27.6514,457,44696,0.888546,0.71,2,744422,743965,457
45301801,39.7154,36.6319,494,48017,0.7924,1,2,746758,746264,494
45310561,30.9098,10.7924,541,48149,0.407594,1,1,746851,746310,541
45367501,164.17,169.555,455,22724,0.087766,0.03,1,747417,746962,455
45370421,120.868,119.422,461,22817,0.0411064,0.07,1,747509,747048,461
45373341,88.5472,87.3688,462,22910,0.0704426,0.09,1,747576,747114,462
45376261,73.8189,75.7475,458,23003,0.094177,0.01,1,747640,747182,458
45382101,44.571,62.2796,423,23187,0.0594683,0.03,1,747724,747301,423
45385021,30.4284,30.9118,434,23278,0.0537873,0.05,1,747745,747311,434
45387941,67.9714,27.9647,501,23369,0.0215149,0.03,1,747838,747337,501
45390861,82.3885,59.1859,513,23460,0.038606,0.01,1,747930,747417,513
45393781,75.5554,78.8744,492,23550,0.0454424,0.09,1,748001,747509,492
45396701,69.2222,71.7497,490,23640,0.048177,0.11,1,748066,747576,490
45399621,55.8889,67.0999,473,23730,0.0732708,0.11,1,748113,747640,473
45402541,41.5555,56.24,456,23819,0.0833083,0.03,1,748145,747689,456
45405461,30.4222,43.496,444,23908,0.0873233,0.05,1,748168,747724,444
45408381,13.3689,29.9984,425,23997,0.0889293,0,1,748170,747745,425
45411301,59.3476,67.7994,422,24085,0.0355717,0.05,1,748260,747838,422
45414221,78.939,82.3197,422,24173,0.0142287,0.05,1,748352,747930,422
45417141,75.9756,75.5279,425,24261,0.0356915,0.05,1,748426,748001,425
45420061,69.3902,69.2112,425,24348,0.0322766,0.09,1,748491,748066,425
45422981,56.5561,55.8845,426,24435,0.0669106,0.09,1,748539,748113,426
45425901,41.8224,41.5538,426,24522,0.0927643,0.09,1,748571,748145,426
45428821,30.529,30.4215,426,24608,0.0671057,0.09,1,748594,748168,426
45431741,13.4116,13.3686,426,24694,0.0568423,0,1,748596,748170,426
45434661,56.9646,59.3474,422,24780,0.0887369,0,1,748682,748260,422
45437581,77.9859,78.939,422,24866,0.0534948,0.05,1,748774,748352,422
45440501,75.5943,75.9756,422,24951,0.0633979,0.03,1,748848,748426,422
45443421,69.8377,69.3902,423,25036,0.0433592,0.09,1,748914,748491,423
45446341,57.3351,56.5561,424,25121,0.0953437,0.11,1,748963,748539,424
45452181,30.8936,30.529,425,25289,0.095655,0.05,1,749019,748594,425
45455101,13.5574,13.4116,425,25373,0.092262,0.11,1,749021,748596,425
45460941,76.3292,22.7859,513,25540,0.0591619,0.03,1,749195,748682,513
45463861,75.5317,64.3143,496,25623,0.0416648,0.07,1,749270,748774,496
45466781,69.2127,70.1257,487,25706,0.0586659,0.03,1,749335,748848,487
45469701,59.4851,67.6503,474,25788,0.0534664,0.13,1,749388,748914,474
45472621,42.994,56.4601,457,25870,0.0513865,0.11,1,749420,748963,457
45475541,30.3976,42.384,446,25952,0.0625546,0.09,1,749442,748996,446
45478461,13.359,30.7536,425,26034,0.0670218,0.09,1,749444,749019,425
45487221,75.495,76.3202,497,26277,0.0770094,0.03,1,749692,749195,497
45507661,70.8373,56.3436,509,26836,0.242279,0.11,1,750038,749529,509
45510581,75.1349,74.7374,500,26915,0.246912,0.05,1,750116,749616,500
45513501,31.254,75.495,426,26994,0.224765,0.13,1,750118,749692,426
45516421,52.7016,69.198,428,27072,0.251906,0.15,1,750185,749757,428
45519341,54.6806,60.0792,430,27150,0.262762,0.15,1,750241,749811,430
45522261,41.0723,43.8317,429,27228,0.267105,0.17,1,750273,749844,429
45525181,30.8289,31.3327,430,27306,0.244842,0.13,1,750297,749867,430
45528101,13.5316,13.7331,430,27384,0.235937,0.19,1,750299,749869,430
45531021,61.8126,60.0932,433,27461,0.244375,0.29,1,750393,749960,433
45533941,73.3251,70.8373,436,27538,0.28375,0.25,1,750474,750038,436
45545621,54.1107,54.6806,433,27844,0.410704,0.27,1,750674,750241,433
45548541,40.8443,41.0723,433,27920,0.422282,0.23,1,750706,750273,433
45551461,30.7377,30.8289,433,27996,0.438913,0.23,1,750730,750297,433
45554381,13.4951,13.5316,433,28072,0.421565,0.25,1,750732,750299,433
45557301,62.998,61.8126,435,28147,0.438626,0.31,1,750828,750393,435
45598181,56.3408,55.6396,502,29182,0.774728,0.53,2,751561,751059,502
45601101,41.7363,55.2558,479,29255,0.807891,0.53,2,751593,751114,479
45604021,32.2945,41.3023,473,29327,0.821156,0.55,2,751619,751146,473
45606941,14.1178,31.5209,450,29399,0.826463,0.55,2,751621,751171,450
45609861,63.8471,13.8084,545,29471,0.852585,0.57,2,751718,751173,545
45612781,78.9388,63.1234,538,29543,0.875034,0.63,2,751807,751269,538
45750021,36.2842,32.0407,528,32739,0.8812,1,2,754028,753500,528
45755861,27.0455,35.3665,513,32868,0.890992,1,2,754079,753566,513
45758781,30.6182,39.3466,504,32932,0.830397,1,2,754112,753608,504
45831781,42.9149,67.0385,475,34502,0.761027,0.57,2,755179,754704,475
45834701,56.7659,42.4154,515,34563,0.766411,0.67,2,755245,754730,515
45837621,41.3064,55.9662,481,34624,0.780564,0.67,2,755276,754795,481
45840541,55.5225,39.7865,517,34685,0.822226,0.63,2,755341,754824,517
45843461,38.409,54.9146,479,34746,0.86289,0.71,2,755368,754889,479
45995301,29.9736,34.1133,507,37779,0.828495,1,2,757421,756914,507
46009901,52.5088,51.4405,524,38059,0.203431,0.94,1,757654,757130,524
46012821,50.4035,46.3762,530,38115,0.0873724,1,1,757703,757173,530
46015741,51.3614,58.7505,515,38170,0.040949,1,1,757755,757240,515
46018661,31.9446,45.7002,497,38225,0.0583796,0.91,1,757774,757277,497
46021581,28.3778,30.2801,503,38280,0.0653518,0.94,1,757800,757297,503
46024501,29.3511,30.712,502,38335,0.0681407,0.99,1,757830,757328,502
46030341,25.5762,31.4339,489,38445,0.0841025,0.77,1,757881,757392,489
46042021,15.9091,45.4303,437,38665,0.086873,0.21,1,757988,757551,437
46050781,46.3062,50.4035,423,38829,0.0821199,0.01,1,758126,757703,423
46053701,50.3225,51.3614,424,38883,0.0508479,0.07,1,758179,757755,424
46056621,30.329,31.9446,422,38937,0.0263392,0.07,1,758196,757774,422
46059541,30.1316,28.3778,426,38991,0.0645357,0.07,1,758226,757800,426
46062461,31.2526,29.3511,428,39045,0.0558143,0.13,1,758258,757830,428
46065381,26.3011,27.9405,424,39099,0.0643257,0.07,1,758281,757857,424
46068301,26.7204,25.5762,427,39153,0.0797303,0.15,1,758308,757881,427
46071221,24.4882,22.8305,429,39207,0.0738921,0.11,1,758331,757902,429
46074141,39.7953,37.9322,431,39261,0.0595568,0.11,1,758381,757950,431
46077061,35.1181,36.7729,427,39315,0.0778227,0.07,1,758413,757986,427
46079981,15.2472,15.9091,427,39369,0.0851291,0.11,1,758415,757988,427
46082901,28.8989,29.1637,427,39423,0.0760516,0.15,1,758453,758026,427
46085821,42.1596,42.2655,427,39477,0.0844207,0.05,1,758504,758077,427
46088741,44.4638,46.3062,424,39530,0.0757683,0.03,1,758550,758126,424
46091661,48.3855,50.3225,422,39583,0.0603073,0.01,1,758601,758179,422
46094581,29.5542,30.329,422,39636,0.0421229,0.09,1,758618,758196,422
46097501,31.0217,30.1316,424,39689,0.0348492,0.05,1,758650,758226,424
46100421,31.6087,31.2526,424,39742,0.0439397,0.07,1,758682,758258,424
46103341,26.4435,26.3011,424,39795,0.0595759,0.09,1,758705,758281,424
46106261,26.7774,26.7204,424,39848,0.0418303,0.07,1,758732,758308,424
46109181,25.711,24.4882,426,39901,0.0467321,0.05,1,758757,758331,426
46112101,39.0844,39.7953,424,39954,0.0966929,0.09,1,758805,758381,424
46141301,26.0683,31.5937,445,40479,0.213568,0.07,1,759127,758682,445
46144221,26.6273,26.4375,449,40531,0.235427,0.03,1,759154,758705,449
46147141,26.2509,26.775,448,40583,0.256171,0.05,1,759180,758732,448
46150061,40.5004,25.71,473,40635,0.288468,0.13,1,759230,758757,473
46170501,28.2595,46.2946,445,40999,0.405214,0.17,1,759467,759022,445
46173421,31.7038,29.3178,461,41050,0.408086,0.15,1,759501,759040,461
46176341,34.2815,30.9271,465,41101,0.421234,0.21,1,759537,759072,465
46179261,26.9126,32.1709,454,41152,0.426494,0.23,1,759559,759105,454
46185101,26.866,26.6273,460,41254,0.439039,0.27,1,759614,759154,460
46188021,41.9464,26.2509,486,41305,0.445616,0.31,1,759666,759180,486
46252261,26.8223,26.8078,449,42415,0.759787,0.57,2,760358,759909,449
46255181,32.3289,31.7231,450,42465,0.753915,0.61,2,760394,759944,450
46258101,35.1316,34.2893,451,42515,0.763566,0.61,2,760431,759980,451
46261021,27.2526,27.5157,450,42565,0.767426,0.65,2,760453,760003,450
46263941,28.901,27.8063,452,42615,0.780971,0.63,2,760483,760031,452
46266861,27.7604,26.7225,453,42665,0.798388,0.63,2,760510,760057,453
46269781,44.1042,43.689,453,42714,0.805355,0.69,2,760565,760112,453
46272701,41.0417,40.2756,454,42763,0.820142,0.69,2,760604,760150,454
46275621,17.6167,17.3102,454,42812,0.826057,0.63,2,760606,760152,454
46278541,31.0467,30.9241,454,42861,0.852423,0.71,2,760646,760192,454
46439141,36.1396,43.2443,486,45490,0.874,1,2,762461,761975,486
46442061,35.4559,44.8977,475,45536,0.7876,1,2,762496,762021,475
46459581,31.4011,33.1791,489,45812,0.406451,1,1,762704,762215,489
46465421,22.4242,27.3887,483,45904,0.291832,1,1,762751,762268,483
46468341,25.1697,28.3555,481,45950,0.278733,1,1,762778,762297,481
46485861,32.6555,35.9654,495,46226,0.0736236,0.73,1,762956,762461,495
46488781,39.4622,35.3862,504,46272,0.0354494,0.69,1,763000,762496,504
46491701,29.5849,39.9545,484,46318,0.0321798,0.61,1,763023,762539,484
46494621,32.234,35.7818,485,46364,0.0668719,0.59,1,763057,762572,485
46497541,28.4936,36.5127,474,46409,0.0267488,0.51,1,763083,762609,474
46500461,28.7974,32.0051,474,46454,0.0886995,0.45,1,763112,762638,474
46520901,28.147,32.1071,455,46769,0.202865,0.13,1,763293,762838,455
46523821,20.2588,30.2429,441,46814,0.219146,0.13,1,763308,762867,441
46526741,32.7035,21.0971,467,46859,0.237658,0.09,1,763349,762882,467
46529661,30.4814,33.6389,454,46904,0.233063,0.05,1,763378,762924,454
46532581,38.5926,32.6555,466,46949,0.231225,0.01,1,763422,762956,466
46535501,29.237,39.4622,445,46994,0.23049,0.03,1,763445,763000,445
46538421,34.4948,29.5849,460,47039,0.254196,0.09,1,763483,763023,460
46541341,27.5979,32.234,449,47084,0.263678,0,1,763506,763057,449
46544261,32.0392,28.4936,458,47129,0.255471,0.13,1,763541,763083,458
46547181,27.8157,28.7974,454,47174,0.252189,0.15,1,763566,763112,454
46550101,26.7263,28.319,452,47219,0.262875,0.13,1,763592,763140,452
46553021,21.4905,26.3276,445,47264,0.26715,0.15,1,763610,763165,445
46555941,24.7962,21.931,453,47309,0.25686,0.17,1,763637,763184,453
46558861,24.9185,23.1724,454,47354,0.240744,0.17,1,763662,763208,454
46561781,11.1674,23.669,432,47399,0.234298,0.21,1,763664,763232,432
46593901,27.6274,27.8157,434,47883,0.403882,0.27,1,764000,763566,434
46596821,27.2509,26.7263,435,47927,0.407553,0.27,1,764027,763592,435
46663981,19.7449,20.9001,459,48928,0.7549,0.53,2,764622,764163,459
46666901,34.2979,16.7601,489,48971,0.76396,0.55,2,764666,764177,489
46669821,30.5192,31.904,475,49014,0.803584,0.57,2,764694,764219,475
46672741,38.6077,29.5616,491,49057,0.819434,0.57,2,764738,764247,491
46675661,31.6431,38.2246,474,49100,0.837773,0.53,2,764765,764291,474
46678581,37.2572,30.8899,489,49143,0.833109,0.61,2,764806,764317,489
46681501,28.1029,36.3559,471,49186,0.843244,0.61,2,764828,764357,471
46684421,31.6412,27.7424,483,49229,0.859298,0.59,2,764862,764379,483
46687341,30.0565,32.097,477,49272,0.877719,0.63,2,764891,764414,477
46690261,31.2226,29.0388,482,49315,0.861088,0.63,2,764923,764441,482
46693181,24.489,29.0155,473,49358,0.866435,0.67,2,764943,764470,473
46696101,25.3956,23.0062,480,49401,0.880574,0.71,2,764969,764489,480
46699021,27.5582,24.8025,483,49444,0.89823,0.73,2,764998,764515,483
46958901,70.8499,77.7741,502,24353,0.29752,1,1,767645,767143,502
46961821,78.1399,73.7096,514,24440,0.257008,1,1,767728,767214,514
46982261,48.8159,53.6362,437,25041,0.200099,0.23,1,768082,767645,437
46985181,64.5264,71.2545,429,25126,0.20604,0.15,1,768157,767728,429
46988101,58.2105,62.1018,427,25210,0.244416,0.11,1,768211,767784,427
46991021,81.4842,83.6407,426,25294,0.295766,0.11,1,768308,767882,426
47005621,49.1339,52.8606,473,25710,0.427569,0.21,1,768511,768038,473
47061101,61.3547,62.0655,452,27232,0.792834,0.65,2,769545,769093,452
47064021,88.1419,87.2262,454,27310,0.803134,0.65,2,769651,769197,454
47066941,53.8568,52.8905,455,27388,0.807253,0.67,2,769682,769227,455
47069861,34.7427,34.3562,455,27465,0.832901,0.67,2,769704,769249,455
47072781,34.2971,34.1425,455,27542,0.843161,0.67,2,769738,769283,455
47075701,14.9188,14.857,455,27619,0.871264,0.67,2,769740,769285,455
47078621,50.9675,51.5428,454,27696,0.882506,0.75,2,769815,769361,454
47385221,48.0556,45.8358,525,34810,0.895477,1,2,774857,774332,525
47388141,40.8222,42.3343,521,34871,0.832191,1,2,774893,774372,521
47408581,71.7931,38.5461,570,35293,0.266663,1,1,775204,774634,570
47434861,24.3309,30.1426,439,35828,0.210192,0.33,1,775480,775041,439
47437781,32.5324,35.4571,438,35887,0.246077,0.33,1,775518,775080,438
47440701,27.4129,27.9828,439,35946,0.260431,0.21,1,775542,775103,439
47452381,43.9258,43.1868,432,36182,0.400603,0.19,1,775750,775318,432
47455301,35.5703,35.8747,431,36240,0.430241,0.17,1,775780,775349,431
47458221,46.6281,48.5499,428,36298,0.418096,0.15,1,775834,775406,428
47461141,30.0512,28.42,432,36356,0.425239,0.17,1,775853,775421,432
47464061,13.2205,12.568,432,36414,0.428095,0.19,1,775855,775423,432
47510781,28.7871,31.8072,473,37332,0.763104,0.57,2,776426,775953,473
47513701,70.9149,27.1229,548,37389,0.767242,0.57,2,776525,775977,548
47516621,50.5659,70.2492,486,37446,0.792897,0.57,2,776562,776076,486
47519541,37.0264,50.2997,477,37502,0.803159,0.59,2,776590,776113,477
47522461,49.0106,36.3199,507,37558,0.831263,0.65,2,776647,776140,507
47525381,37.6042,45.7279,485,37614,0.866505,0.69,2,776677,776192,485
47528301,47.4417,36.2912,509,37670,0.880602,0.69,2,776731,776222,509
47531221,31.5767,46.9165,476,37726,0.874241,0.73,2,776752,776276,476
47534141,13.8307,31.3666,457,37782,0.871696,0.73,2,776754,776297,457
47537061,25.9323,13.7466,489,37838,0.870678,0.71,2,776788,776299,489
47539981,27.1729,25.2987,484,37894,0.894271,0.71,2,776816,776332,484
47545821,30.5077,35.9678,484,38006,0.888283,0.79,2,776886,776402,484
47548741,71.0031,28.7871,558,38062,0.877313,0.77,2,776984,776426,558
47551661,51.8012,70.9148,498,38118,0.884925,0.81,2,777023,776525,498
47554581,37.5205,50.5659,489,38173,0.88797,0.81,2,777051,776562,489
47560421,39.3633,49.0105,495,38283,0.894475,0.89,2,777142,776647,495
47691821,27.7971,19.7316,524,40690,0.839091,1,2,778763,778239,524
47694741,28.5188,31.2926,514,40742,0.761636,1,2,778792,778278,514
47703501,42.9612,43.9547,519,40898,0.402745,1,1,778910,778391,519
47706421,38.7845,45.1819,509,40950,0.239098,1,1,778946,778437,509
47712261,38.3655,48.3891,506,41053,0.0946557,1,1,779035,778529,506
47715181,48.3462,41.5556,524,41104,0.0438623,0.99,1,779090,778566,524
47721021,35.6954,38.4489,505,41206,0.049018,0.98,1,779154,778649,505
47723941,27.4782,37.5796,490,41257,0.0376072,0.87,1,779176,778686,490
47726861,25.9913,28.2318,493,41308,0.0570429,0.91,1,779201,778708,493
47729781,23.5965,27.4927,488,41359,0.0768171,0.79,1,779223,778735,488
47732701,22.6386,27.7971,482,41410,0.0847269,0.71,1,779245,778763,482
47738541,31.2222,27.0075,485,41512,0.0987563,0.39,1,779303,778818,485
47741461,13.6889,38.403,441,41563,0.0695025,0.33,1,779305,778864,441
47744381,27.6755,42.9612,432,41614,0.093801,0.13,1,779342,778910,432
47747301,26.6702,38.7845,422,41665,0.0795204,0.01,1,779368,778946,422
47750221,46.0681,50.9138,422,41716,0.0318082,0.09,1,779427,779005,422
47753141,36.4272,38.3655,422,41767,0.0427233,0.01,1,779457,779035,422
47756061,48.1709,48.3462,423,41818,0.0590893,0.15,1,779513,779090,423
47758981,37.2684,36.7385,424,41868,0.0656357,0.01,1,779543,779119,424
47761901,35.3073,35.6954,423,41918,0.0262543,0.03,1,779577,779154,423
47764821,28.5229,27.4782,425,41968,0.0165017,0.07,1,779601,779176,425
47767741,27.0092,25.9913,426,42018,0.0366007,0.09,1,779627,779201,426
47770661,24.0037,23.5965,426,42068,0.0566403,0.09,1,779649,779223,426
47773581,22.8015,22.6386,426,42118,0.0646561,0.13,1,779671,779245,426
47776501,21.7206,21.0554,427,42168,0.0798624,0.09,1,779692,779265,427
47796941,47.713,48.1709,423,42518,0.097009,0.07,1,779936,779513,423
47799861,37.0852,37.2684,423,42568,0.0448036,0,1,779966,779543,423
47802781,34.6341,35.3073,422,42618,0.0479214,0.01,1,779999,779577,422
47805701,28.2536,28.5229,422,42668,0.0491686,0.05,1,780023,779601,422
47808621,28.1015,27.0092,424,42717,0.0496674,0.07,1,780051,779627,424
47811541,23.8406,24.0037,423,42766,0.085867,0.07,1,780072,779649,423
47878701,43.019,35.664,476,43886,0.203275,0.09,1,780783,780307,476
47881621,35.2076,44.2656,456,43934,0.24331,0.11,1,780813,780357,456
47884541,33.283,35.7062,458,43982,0.259324,0.11,1,780845,780387,458
47887461,28.9132,34.0825,451,44030,0.26573,0.11,1,780871,780420,451
47890381,30.1653,28.633,457,44078,0.256292,0.11,1,780902,780445,457
47893301,26.4661,29.4532,451,44126,0.288517,0.15,1,780926,780475,451
47922501,40.4155,43.019,435,44602,0.42512,0.27,1,781218,780783,435
47995501,28.9539,28.7495,449,45768,0.764875,0.59,2,781940,781491,449
47998421,27.1816,27.0998,449,45814,0.77995,0.61,2,781966,781517,449
48001341,45.0726,44.4399,450,45860,0.79798,0.61,2,782023,781573,450
48004261,19.229,18.976,450,45906,0.805192,0.61,2,782025,781575,450
48007181,30.4916,7.59039,488,45952,0.808077,0.63,2,782063,781575,488
48010101,43.3966,24.6362,504,45998,0.809231,0.67,2,782115,781611,504
48013021,37.1587,40.4545,486,46044,0.809692,0.69,2,782148,781662,486
48015941,34.6635,34.7818,488,46090,0.821877,0.71,2,782181,781693,488
48018861,29.4654,33.7127,481,46136,0.838751,0.69,2,782207,781726,481
48021781,30.9862,29.0851,487,46182,0.8455,0.71,2,782239,781752,487
48024701,27.9945,31.434,480,46228,0.8482,0.69,2,782265,781785,480
48027621,26.7978,27.5736,481,46274,0.84928,0.73,2,782291,781810,481
48030541,23.3191,26.6294,476,46320,0.849712,0.71,2,782312,781836,476
48033461,36.3276,22.6518,501,46366,0.873885,0.73,2,782357,781856,501
48036381,15.7311,35.4607,459,46411,0.883554,0.73,2,782359,781900,459
48039301,29.6924,15.3843,496,46456,0.899422,0.79,2,782398,781902,496
48264141,307.353,348.102,463,21900,0.419056,0.65,1,784737,784274,463
48275821,71.9674,80.4458,458,23003,0.2166,0.09,1,785024,784566,458
48278741,55.787,68.1783,443,23095,0.22464,0.07,1,785069,784626,443
48281661,61.9148,62.6713,450,23187,0.239856,0.03,1,785135,784685,450
48284581,31.3659,41.8685,433,23278,0.257942,0.07,1,785146,784713,433
48287501,66.5464,31.1474,499,23369,0.253177,0.03,1,785236,784737,499
48290421,83.6185,56.259,521,23460,0.287271,0.17,1,785331,784810,521
48310861,59.9841,66.3654,435,24085,0.449918,0.31,1,785671,785236,435
48313781,83.3937,83.5461,439,24173,0.449967,0.35,1,785770,785331,439
48342981,69.2341,66.983,449,25036,0.784896,0.63,2,786345,785896,449
48345901,58.2936,54.9932,453,25121,0.787958,0.67,2,786396,785943,453
48348821,62.9175,61.5973,453,25205,0.777183,0.63,2,786462,786009,453
48351741,31.167,30.6389,453,25289,0.784873,0.63,2,786472,786019,453
48354661,13.6668,13.4556,453,25373,0.811949,0.65,2,786474,786021,453
48357581,62.4667,61.7822,454,25457,0.85878,0.65,2,786569,786115,454
48468541,43.3915,18.2841,537,28447,0.894252,1,2,788718,788181,537
48471461,51.5566,46.3137,529,28521,0.855701,0.92,2,788775,788246,529
48474381,60.8226,44.9255,552,28595,0.81628,1,2,788842,788290,552
48477301,47.1291,65.3702,511,28669,0.776512,0.98,2,788880,788369,511
48503581,44.6097,60.8222,497,29327,0.784502,0.75,2,789339,788842,497
48506501,34.6439,47.1289,487,29399,0.799801,0.69,2,789367,788880,487
48509421,44.4576,37.4515,507,29471,0.79392,0.67,2,789418,788911,507
48512341,72.383,45.5806,547,29543,0.839568,0.67,2,789509,788962,547
48515261,57.7532,74.6322,501,29615,0.857827,0.71,2,789557,789056,501
48518181,49.5013,56.8529,500,29686,0.865131,0.65,2,789601,789101,500
48526941,22.0801,49.3106,462,29899,0.894168,0.77,2,789699,789237,462
48655421,29.2066,35.5687,506,32868,0.869392,1,2,791756,791250,506
48658341,42.2826,47.8275,501,32932,0.797757,1,2,791807,791306,501
48670021,63.3528,58.9924,496,33188,0.402839,1,1,792049,791553,496
48675861,32.5765,39.3188,486,33316,0.298454,0.88,1,792108,791622,486
48678781,30.4306,39.7275,475,33379,0.257382,1,1,792137,791662,475
48687541,25.0596,29.2066,465,33568,0.0858324,0.75,1,792221,791756,465
48690461,38.2238,42.2826,461,33631,0.040333,0.69,1,792268,791807,461
48693381,40.4895,47.513,452,33694,0.0461332,0.57,1,792310,791858,452
48696301,62.9958,68.2052,448,33757,0.0484533,0.43,1,792388,791940,448
48699221,43.7983,48.8821,443,33820,0.0853813,0.33,1,792419,791976,443
48705061,42.2877,46.9411,430,33945,0.058061,0.29,1,792515,792085,430
48710901,28.006,30.4306,429,34069,0.0944898,0.11,1,792566,792137,429
48748861,28.96,29.7985,456,34868,0.209765,0.13,1,793053,792597,456
48751781,23.584,28.7194,448,34929,0.221906,0.15,1,793073,792625,448
48754701,36.4336,22.2878,475,34990,0.226762,0.17,1,793118,792643,475
48757621,38.5734,36.5151,469,35050,0.240705,0.21,1,793158,792689,469
48760541,64.0294,39.806,508,35110,0.258282,0.15,1,793239,792731,508
48763461,44.8117,63.9224,460,35170,0.241313,0.17,1,793271,792811,460
48766381,56.3247,44.169,493,35230,0.222525,0.19,1,793335,792842,493
48769301,42.9299,55.4676,464,35290,0.21501,0.17,1,793369,792905,464
48772221,33.372,43.187,456,35350,0.236004,0.19,1,793396,792940,456
48775141,28.9488,32.8748,456,35410,0.244402,0.15,1,793422,792966,456
48778061,31.9795,28.7499,464,35470,0.259761,0.19,1,793456,792992,464
48795581,61.3364,64.0294,435,35825,0.4116,0.23,1,793674,793239,435
48798501,42.5345,44.8117,433,35884,0.43464,0.21,1,793704,793271,433
48845221,30.0288,29.9321,449,36816,0.781632,0.59,2,794306,793857,449
48848141,33.0115,32.3728,450,36873,0.786653,0.61,2,794341,793891,450
48851061,33.6046,32.1491,452,36930,0.800661,0.63,2,794375,793923,452
48853981,25.4418,25.4597,451,36987,0.830264,0.63,2,794395,793944,451
48856901,38.3767,37.1839,453,37044,0.806106,0.63,2,794442,793989,453
48859821,16.5507,16.0735,453,37101,0.796442,0.61,2,794444,793991,453
48862741,30.6203,31.0294,452,37158,0.816577,0.61,2,794484,794032,452
48865661,63.2481,12.4118,537,37215,0.836631,0.69,2,794569,794032,537
48868581,43.2992,55.3647,483,37272,0.868652,0.65,2,794599,794116,483
49040861,41.1624,34.4538,522,40479,0.899008,1,2,796822,796300,522
49043781,39.265,35.9815,523,40531,0.893603,1,2,796860,796337,523
49046701,37.906,35.3926,525,40583,0.891441,1,2,796897,796372,525
49049621,49.3624,35.757,546,40635,0.806576,1,2,796954,796408,546
49067141,26.7773,32.5768,508,40947,0.758069,1,2,797145,796637,508
49093421,35.8999,41.345,493,41407,0.759009,0.67,2,797483,796990,493
49096341,33.56,35.738,493,41458,0.777603,0.73,2,797515,797022,493
49099261,31.424,35.8952,487,41509,0.761041,0.73,2,797545,797058,487
49102181,13.7696,32.3581,459,41560,0.754417,0.75,2,797547,797088,459
49105101,25.9078,33.9432,458,41611,0.775767,0.77,2,797581,797123,458
49108021,23.5631,26.7773,458,41662,0.796307,0.67,2,797603,797145,458
49110941,29.2253,31.7109,456,41713,0.792523,0.69,2,797636,797180,456
49113861,27.2901,29.4844,454,41764,0.803009,0.65,2,797662,797208,454
49116781,34.916,35.7937,454,41815,0.819204,0.63,2,797702,797248,454
49119701,34.3664,35.3175,453,41865,0.861681,0.65,2,797736,797283,453
49287601,321.176,356.099,481,20440,0.418,0.59,1,800111,799630,481
49334321,82.9965,85.4841,471,20750,0.0618208,0.09,1,800466,799995,471
49337241,47.5986,67.7936,439,20852,0.0427283,0.07,1,800490,800051,439
49340161,35.8394,45.1175,437,20954,0.0590913,0.03,1,800518,800081,437
49343081,53.9358,36.047,473,21055,0.0656365,0.03,1,800584,800111,473
49351841,72.4759,84.315,427,21356,0.217561,0.03,1,800817,800390,427
49360601,34.1105,35.2522,423,21652,0.0948039,0.07,1,800941,800518,423
49363521,54.4442,53.7009,425,21750,0.0919215,0.21,1,801009,800584,425
49378121,40.0845,43.2737,425,22234,0.204663,0.07,1,801338,800913,425
49381041,32.8338,34.1095,425,22329,0.231865,0.09,1,801366,800941,425
49383961,54.5335,54.4438,426,22424,0.254746,0.11,1,801435,801009,426
49386881,81.8134,81.1775,427,22519,0.227898,0.11,1,801535,801108,427
49389801,72.3254,32.471,493,22613,0.289159,0.13,1,801601,801108,493
49398561,41.0368,67.0941,450,22893,0.408506,0.23,1,801768,801318,450
49401481,33.8147,38.8377,459,22986,0.433402,0.25,1,801797,801338,459
49436521,33.3365,78.3376,451,24068,0.753503,0.59,2,802569,802118,451
49439441,55.3346,73.3351,451,24156,0.811401,0.59,2,802639,802188,451
49442361,35.9338,42.534,452,24244,0.834561,0.61,2,802662,802210,452
49445281,32.9735,35.0136,453,24331,0.855824,0.61,2,802693,802240,453
49448201,55.7894,57.2054,452,24418,0.85233,0.65,2,802764,802312,452
49451121,83.5158,82.8822,454,24505,0.874932,0.69,2,802866,802412,454
49553321,76.8263,81.432,486,27368,0.8788,1,2,804920,804434,486
49556241,51.7305,49.3728,493,27445,0.78952,1,2,804955,804462,493
49576681,77.0333,84.0657,468,27981,0.75247,0.85,2,805316,804848,468
49579601,70.4133,76.8263,462,28057,0.774988,0.73,2,805382,804920,462
49585441,40.1861,42.2922,459,28207,0.773198,0.67,2,805450,804991,459
49588361,47.2745,49.3169,457,28282,0.807279,0.67,2,805502,805045,457
49591281,33.3098,38.9268,449,28357,0.868912,0.67,2,805526,805077,449
49594201,34.9239,15.5707,485,28432,0.893565,0.71,2,805562,805077,485
49722681,57.185,78.0211,517,31542,0.838,1,2,807809,807292,517
49725601,40.274,53.4085,509,31609,0.8092,1,2,807838,807329,509
49728521,37.1096,38.7634,515,31676,0.76168,1,2,807873,807358,515
49772321,51.6028,41.846,513,32664,0.781285,0.67,2,808539,808026,513
49775241,53.6411,52.7384,508,32729,0.834514,0.63,2,808594,808086,508
49778161,22.6564,55.2954,453,32794,0.855806,0.69,2,808596,808143,453
50011761,42.2332,48.0354,517,37604,0.847228,1,2,811970,811453,517
50014681,51.6933,53.4141,518,37660,0.788891,1,2,812028,811510,518
50017601,42.8773,45.3657,515,37716,0.753556,1,2,812065,811550,515
50026361,29.5521,38.5914,496,37884,0.772308,1,2,812168,811672,496
50078921,52.157,53.477,454,38876,0.76923,0.63,2,812809,812355,454
50081841,45.4628,46.5908,453,38930,0.793692,0.59,2,812850,812397,453
50084761,39.7851,40.2363,453,38984,0.803477,0.59,2,812886,812433,453
50087681,49.5141,50.8945,451,39038,0.855391,0.57,2,812942,812491,451
50090601,39.0056,40.1578,450,39092,0.852156,0.55,2,812974,812524,450
50093521,37.8022,38.2631,450,39146,0.886863,0.61,2,813011,812561,450
50099361,27.0484,27.2421,451,39254,0.894298,0.63,2,813076,812625,451
50102281,30.0193,28.8968,453,39308,0.891719,0.63,2,813108,812655,453
50105201,13.2077,12.7587,453,39362,0.890688,0.71,2,813110,812657,453
50108121,25.0831,23.7035,455,39416,0.890275,0.75,2,813143,812688,455
50353401,41.564,33.8016,526,43686,0.894986,1,2,816157,815631,526
50356321,37.0256,36.9206,521,43734,0.867994,1,2,816191,815670,521
50359241,36.4102,34.5683,524,43782,0.845198,1,2,816227,815703,524
50362161,31.9641,28.8273,528,43830,0.752079,1,2,816256,815728,528
50373841,36.2807,39.2724,517,44022,0.432869,1,1,816395,815878,517
50376761,31.3123,43.909,498,44070,0.431148,1,1,816423,815925,498
50385521,26.988,32.2822,500,44214,0.272153,1,1,816516,816016,500
50388441,26.9952,30.3129,498,44262,0.210861,1,1,816543,816045,498
50400121,34.3583,37.0256,496,44454,0.071398,0.83,1,816687,816191,496
50403041,14.9433,36.4102,462,44501,0.0705592,0.69,1,816689,816227,462
50405961,20.3773,31.9641,457,44548,0.0822237,0.59,1,816713,816256,457
50423481,30.5389,32.9249,439,44830,0.210425,0.27,1,816896,816457,439
50426401,32.0156,35.97,434,44877,0.23417,0.25,1,816929,816495,434
50429321,24.2062,26.988,432,44924,0.243668,0.17,1,816948,816516,432
50432241,24.0825,26.9952,429,44971,0.259467,0.15,1,816972,816543,429
50435161,30.033,30.5981,430,45018,0.289787,0.09,1,817006,816576,430
50441001,33.6053,34.8957,425,45112,0.282766,0.05,1,817078,816653,425
50478961,32.2511,30.033,437,45716,0.414097,0.31,1,817443,817006,437
50481881,35.7004,36.0132,435,45762,0.423639,0.27,1,817481,817046,435
50484801,33.4802,33.6053,435,45808,0.439456,0.35,1,817513,817078,435
50566561,33.9229,23.746,493,47080,0.779999,0.69,2,818338,817845,493
50569481,36.3692,32.2984,493,47125,0.798,0.65,2,818376,817883,493
50572401,34.9477,36.9194,487,47170,0.8052,0.67,2,818410,817923,487
50575321,36.7791,34.5677,492,47215,0.84408,0.67,2,818448,817956,492
50578241,15.9116,36.6271,456,47260,0.859632,0.67,2,818450,817994,456
50581161,20.7647,15.8508,478,47305,0.865853,0.65,2,818474,817996,478
50584081,25.1059,21.3403,481,47350,0.868341,0.65,2,818502,818021,481
50587001,11.2423,25.3361,455,47395,0.869336,0.67,2,818504,818049,455
50589921,24.8969,29.9345,456,47439,0.869735,0.73,2,818538,818082,456
50592841,29.1588,29.9738,458,47483,0.893894,0.73,2,818570,818112,458
50779721,323.206,347.517,490,21900,0.886,1,2,820509,820019,490
50794321,65.7941,73.6683,500,23095,0.0885318,0.92,1,820872,820372,500
50811841,79.4376,77.7682,514,23640,0.234274,0.07,1,821248,820734,514
50832281,65.9792,66.5638,432,24261,0.241187,0.27,1,821592,821160,432
50835201,79.7917,79.4255,433,24348,0.270475,0.09,1,821681,821248,433
50838121,55.9167,58.7702,428,24435,0.25819,0.09,1,821721,821293,428
50841041,66.7667,67.9081,428,24522,0.289276,0.13,1,821795,821367,428
50858561,80.8814,79.7917,434,25036,0.447161,0.25,1,822115,821681,434
50893601,16.9028,36.5843,451,26034,0.755375,0.53,2,822699,822248,451
50896521,63.7611,15.8337,544,26115,0.76415,0.63,2,822794,822250,544
50899441,50.1044,61.5335,493,26196,0.75566,0.63,2,822835,822342,493
50902361,70.4418,48.6134,537,26277,0.776264,0.65,2,822919,822382,537
50905281,83.9767,69.8454,546,26358,0.796506,0.67,2,823012,822466,546
50908201,58.7907,83.1381,496,26438,0.816602,0.69,2,823054,822558,496
50911121,72.7163,57.8553,537,26518,0.836641,0.73,2,823136,822599,537
50914041,39.8865,71.1421,475,26598,0.832656,0.75,2,823154,822679,475
50916961,17.1546,39.2568,459,26678,0.831063,0.77,2,823156,822697,459
50919881,65.0618,16.9027,554,26757,0.878425,0.77,2,823253,822699,554
51033761,48.815,61.8392,506,29686,0.863018,1,2,825292,824786,506
51039601,47.0504,64.9743,503,29828,0.436883,1,1,825403,824900,503
51048361,44.9152,48.4624,484,30041,0.0915605,0.91,1,825541,825057,484
51051281,40.7661,44.5849,480,30111,0.0426242,1,1,825579,825099,480
51054201,42.7064,41.234,485,30181,0.0350497,1,1,825623,825138,485
51057121,35.0826,38.0936,479,30251,0.0200199,0.91,1,825653,825174,479
51060041,54.833,62.0374,469,30321,0.050008,0.81,1,825721,825252,469
51062961,41.1332,48.815,461,30391,0.0740032,0.47,1,825753,825292,461
51068801,37.6613,47.0504,442,30530,0.0730405,0.25,1,825845,825403,442
51080481,38.2313,40.7661,422,30806,0.0793898,0.03,1,826001,825579,422
51083401,42.2925,42.7064,423,30875,0.0377559,0.01,1,826046,825623,423
51086321,36.117,35.0826,425,30944,0.0571024,0.07,1,826078,825653,425
51089241,55.2468,54.833,425,31012,0.088841,0.09,1,826146,825721,425
51095081,57.3195,56.6533,426,31148,0.0994145,0.05,1,826246,825820,426
51098001,36.7278,37.6613,424,31216,0.0937658,0.15,1,826269,825845,424
51103841,49.9164,11.5458,490,31352,0.0954025,0.11,1,826358,825868,490
51106761,38.5666,43.0183,457,31419,0.092161,0.13,1,826389,825932,457
51112601,41.0907,37.1229,466,31553,0.0951458,0.01,1,826467,826001,466
51115521,36.2363,41.8492,454,31620,0.0560583,0.07,1,826500,826046,454
51118441,57.6945,35.9397,494,31687,0.0284233,0.11,1,826572,826078,494
51121361,42.8778,55.1759,459,31754,0.0653693,0.13,1,826605,826146,459
51141801,38.0136,35.2265,466,32217,0.205004,0.09,1,826888,826422,466
51144721,35.6054,41.0906,455,32283,0.208002,0.03,1,826922,826467,455
51147641,58.0422,36.2362,495,32349,0.221201,0.01,1,826995,826500,495
51153481,59.0867,42.8778,494,32479,0.226192,0.13,1,827099,826605,494
51156401,36.8347,57.3511,449,32544,0.240477,0.13,1,827121,826672,449
51159321,32.1339,36.1404,456,32609,0.270191,0.17,1,827150,826694,456
51173921,34.4359,38.0136,432,32932,0.404671,0.21,1,827320,826888,432
51176841,34.7744,35.6054,433,32996,0.407868,0.23,1,827355,826922,433
51179761,56.5097,58.0422,431,33060,0.421147,0.17,1,827426,826995,431
51182681,43.0039,44.2169,430,33124,0.402459,0.25,1,827460,827030,430
51220641,40.3447,38.2006,447,33945,0.780117,0.57,2,828003,827556,447
51223561,34.7379,33.2802,448,34007,0.786047,0.55,2,828034,827586,448
51226481,54.0952,52.9121,449,34069,0.776419,0.55,2,828101,827652,449
51229401,42.6381,41.5648,450,34131,0.820568,0.57,2,828136,827686,450
51232321,18.2552,17.8259,450,34193,0.838227,0.61,2,828138,827688,450
51235241,27.1021,26.3304,451,34255,0.833291,0.61,2,828171,827720,451
51238161,36.0408,10.5321,493,34317,0.807316,0.63,2,828213,827720,493
51241081,36.6163,28.8129,489,34379,0.820926,0.67,2,828250,827761,489
51244001,57.8465,33.1251,525,34441,0.802371,0.69,2,828322,827797,525
51246921,44.1386,55.2501,490,34502,0.806948,0.69,2,828357,827867,490
51249841,65.6554,42.5,536,34563,0.784779,0.77,2,828437,827901,536
51252761,42.4622,63.2,486,34624,0.775912,0.81,2,828464,827978,486
51255681,34.9849,40.28,491,34685,0.772365,0.79,2,828494,828003,491
51258601,54.794,34.712,528,34746,0.806946,0.77,2,828562,828034,528
51261521,42.9176,54.0848,496,34807,0.832778,0.85,2,828597,828101,496
51264441,18.367,42.6339,463,34868,0.843111,0.85,2,828599,828136,463
51267361,26.5468,18.2536,493,34929,0.871244,0.83,2,828631,828138,493
51270281,35.8187,27.1014,502,34990,0.894498,0.79,2,828673,828171,502
51395841,56.4966,33.9576,545,37499,0.822813,1,2,830452,829907,545
51410441,29.4755,32.3292,524,37779,0.422598,1,1,830628,830104,524
51416281,29.3161,26.5327,533,37891,0.280016,1,1,830690,830157,533
51419201,27.3264,35.2131,518,37947,0.250006,0.98,1,830716,830198,518
51425041,41.9322,62.6341,506,38059,0.096401,0.87,1,830820,830314,506
51430881,50.6292,37.7415,527,38170,0.0838242,0.73,1,830910,830383,527
51433801,46.6517,56.4966,502,38225,0.0755297,0.63,1,830954,830452,502
51436721,37.2607,53.1986,482,38280,0.0962119,0.59,1,830985,830503,482
51439641,30.5043,41.6795,474,38335,0.0924847,0.49,1,831011,830537,474
51451321,26.7825,32.7902,460,38555,0.207856,0.23,1,831123,830663,460
51454241,24.513,29.3161,456,38610,0.233142,0.23,1,831146,830690,456
51457161,11.0052,27.3264,432,38665,0.243257,0.11,1,831148,830716,432
51460081,41.6021,52.3306,425,38720,0.259303,0.05,1,831210,830785,425
51463001,37.6408,41.9322,425,38775,0.265721,0.11,1,831245,830820,425
51465921,32.4563,33.5729,426,38829,0.280288,0.07,1,831274,830848,426
51468841,48.3825,50.6292,423,38883,0.298115,0.07,1,831333,830910,423
51471761,45.753,46.6517,423,38937,0.281246,0.11,1,831377,830954,423
51474681,38.7012,37.2607,426,38991,0.286498,0.09,1,831411,830985,426
51498041,41.124,41.6021,433,39423,0.410602,0.27,1,831643,831210,433
51500961,37.4496,37.6408,433,39477,0.434241,0.29,1,831678,831245,433
51503881,32.9798,32.4563,434,39530,0.443696,0.31,1,831708,831274,434
51579801,34.1062,39.1111,485,40895,0.751447,0.69,2,832606,832121,485
51582721,50.2425,33.6445,516,40947,0.774579,0.67,2,832667,832151,516
51585641,46.497,50.6578,498,40999,0.783832,0.67,2,832711,832213,498
51588561,41.3988,46.6631,492,41050,0.799533,0.69,2,832749,832257,492
51591481,35.1595,40.8652,486,41101,0.805813,0.69,2,832780,832294,486
51594401,34.4638,34.9461,489,41152,0.808325,0.71,2,832814,832325,489
51597321,30.5855,34.3784,483,41203,0.79733,0.69,2,832842,832359,483
51600241,31.4342,30.5514,487,41254,0.804932,0.69,2,832874,832387,487
51603161,29.3737,31.4206,483,41305,0.819973,0.69,2,832902,832419,483
51606081,27.3495,29.3682,481,41356,0.837989,0.69,2,832928,832447,481
51609001,12.1398,26.1473,459,41407,0.845196,0.69,2,832930,832471,459
51611921,43.8559,11.6589,522,41458,0.884078,0.73,2,832995,832473,522
51752081,39.7266,45.5562,509,43835,0.885492,1,2,834627,834118,509
51755001,33.8906,38.6225,505,43883,0.852197,1,2,834657,834152,505
51772521,29.5572,29.2886,508,44171,0.443165,1,1,834853,834345,508
51778361,30.6492,43.0862,501,44267,0.247306,1,1,834925,834424,501
51781281,29.0597,35.2345,499,44315,0.224923,1,1,834953,834454,499
51790041,31.0918,33.791,502,44458,0.070795,0.93,1,835049,834547,502
51792961,13.6367,36.3164,466,44505,0.034318,0.85,1,835051,834585,466
51795881,28.8547,39.7266,463,44552,0.0557272,0.83,1,835090,834627,463
51798801,28.3419,33.8906,461,44599,0.0642909,0.61,1,835118,834657,461
51801721,32.3368,36.3562,458,44646,0.0557164,0.59,1,835153,834695,458
51804641,27.9347,33.1425,452,44693,0.0522865,0.61,1,835178,834726,452
51807561,32.7739,35.457,451,44740,0.0749146,0.49,1,835214,834763,451
51810481,29.3096,33.9828,445,44787,0.0719658,0.41,1,835241,834796,445
51813401,26.7238,30.3931,442,44834,0.0587863,0.43,1,835266,834824,442
51816321,27.4895,29.5572,441,44881,0.0535145,0.31,1,835294,834853,441
51819241,34.3958,40.6229,432,44928,0.0994058,0.17,1,835333,834901,432
51842601,28.6485,28.3419,424,45304,0.233023,0.05,1,835542,835118,424
51845521,31.8594,32.3368,423,45351,0.279209,0.05,1,835576,835153,423
51848441,28.3438,27.9347,424,45398,0.273684,0.09,1,835602,835178,424
51871801,24.3768,24.8573,428,45766,0.400138,0.19,1,835832,835404,428
51880561,13.0801,13.3029,429,45904,0.412729,0.17,1,835904,835475,429
51915601,23.9904,26.4402,462,46454,0.400575,0.41,1,836271,835809,462
51918521,36.5962,24.3761,484,46499,0.41823,0.37,1,836316,835832,484
51921441,30.2385,36.7504,465,46544,0.437292,0.39,1,836342,835877,465
51924361,13.2954,29.7002,442,46589,0.444917,0.43,1,836344,835902,442
51974001,30.9608,28.7182,476,47354,0.752919,0.51,2,836859,836383,476
51976921,13.5843,30.0873,447,47399,0.763168,0.51,2,836861,836414,447
51979841,25.8337,32.4349,447,47443,0.791267,0.53,2,836895,836448,447
51982761,27.1335,28.574,449,47487,0.802507,0.57,2,836923,836474,449
51985681,34.2534,34.2296,450,47531,0.843003,0.59,2,836962,836512,450
51988601,32.3014,31.0918,452,47575,0.859201,0.61,2,836993,836541,452
51991521,27.9205,26.8367,453,47619,0.85368,0.63,2,837018,836565,453
51994441,29.1682,28.7347,453,47663,0.875472,0.65,2,837048,836595,453
51997361,38.6673,37.8939,454,47707,0.896189,0.63,2,837093,836639,454
52003201,27.5468,27.663,453,47795,0.88379,0.67,2,837143,836690,453
52006121,25.4187,24.2652,455,47839,0.875516,0.71,2,837167,836712,455
52295201,57.2185,79.4814,440,24353,0.0824214,0,1,840140,839700,440
52298121,78.6874,67.1926,474,24440,0.0509686,0.01,1,840233,839759,474
52301041,65.675,71.877,456,24527,0.0383874,0.05,1,840290,839834,456
52303961,59.27,68.3508,445,24613,0.015355,0.09,1,840345,839900,445
52306881,36.908,53.1403,424,24699,0.060142,0.03,1,840367,839943,424
52309801,33.3632,29.0561,442,24785,0.0420568,0.03,1,840398,839956,442
52312721,61.3453,69.2225,426,24871,0.0168227,0.05,1,840478,840052,426
52321481,69.0141,72.2782,422,25126,0.0733166,0.03,1,840655,840233,422
52324401,61.8056,63.1113,422,25210,0.0473267,0,1,840712,840290,422
52327321,58.3223,58.2445,423,25294,0.0189307,0.09,1,840768,840345,423
52330241,37.1289,36.4978,424,25378,0.0135723,0.03,1,840791,840367,424
52333161,33.4516,33.1991,424,25461,0.0234289,0.03,1,840822,840398,424
52336081,60.1806,13.2796,502,25544,0.0513716,0,1,840900,840398,502
52339001,65.4723,53.3119,491,25627,0.0865486,0.19,1,840969,840478,491
52344841,66.5156,39.2499,511,25792,0.0462478,0.03,1,841078,840567,511
52347761,59.6062,68.5,478,25874,0.0244991,0.03,1,841133,840655,478
52350681,57.4425,61.6,477,25956,0.00979964,0,1,841189,840712,477
52353601,36.777,58.24,444,26038,0.0219199,0.01,1,841212,840768,444
52356521,33.3108,37.096,452,26119,0.0147679,0.03,1,841243,840791,452
52359441,60.7243,33.4384,500,26200,0.0479072,0.07,1,841322,840822,500
52365281,42.8359,65.4701,452,26362,0.203265,0.11,1,841421,840969,452
52368201,65.1344,41.7881,506,26442,0.231306,0.01,1,841501,840995,506
52371121,58.4537,66.5152,477,26522,0.206522,0.01,1,841555,841078,477
52376961,36.9526,57.4424,445,26682,0.0750436,0.03,1,841634,841189,445
52379881,32.781,36.777,452,26761,0.0600174,0.01,1,841664,841212,452
52382801,62.3124,33.3108,503,26840,0.042007,0.07,1,841746,841243,503
52385721,26.125,60.7243,426,26919,0.0348028,0.19,1,841748,841322,426
52420761,64.7951,63.688,428,27848,0.248216,0.15,1,842363,841935,428
52423681,56.5181,56.0752,428,27924,0.297286,0.19,1,842414,841986,428
52455801,35.5052,49.8746,461,28747,0.415391,0.33,1,842922,842461,461
52458721,33.4021,34.3498,469,28821,0.436156,0.39,1,842954,842485,469
52499601,75.2151,41.2423,544,29832,0.760506,0.59,2,843691,843147,544
52502521,31.286,72.2969,453,29903,0.766202,0.67,2,843693,843240,453
52505441,44.3144,58.9188,456,29974,0.792481,0.71,2,843746,843290,456
52508361,48.3258,53.5675,457,30045,0.802992,0.73,2,843797,843340,457
52511281,34.3303,35.827,458,30115,0.843197,0.71,2,843822,843364,458
52514201,33.5321,34.1308,458,30185,0.847279,0.73,2,843855,843397,458
52517121,61.4128,61.6523,458,30255,0.860911,0.73,2,843935,843477,458
52520041,25.7651,25.8609,458,30325,0.866365,0.75,2,843937,843479,458
52522961,61.9061,61.3444,459,30395,0.892546,0.75,2,844023,843564,459
52525881,42.7624,42.5377,459,30465,0.891018,0.77,2,844053,843594,459
52657281,45.7577,45.7334,496,33446,0.89464,1,2,846164,845668,496
52660201,38.1031,38.6934,495,33509,0.873856,1,2,846197,845702,495
52663121,35.0412,32.8774,499,33572,0.829542,1,2,846230,845731,499
52666041,35.6165,29.3509,508,33635,0.817817,1,2,846266,845758,508
52668961,37.6466,41.1404,498,33698,0.777127,1,2,846305,845807,498
52680641,61.6598,65.8388,483,33949,0.25831,0.99,1,846512,846029,483
52686481,47.4256,55.8942,470,34073,0.0713297,0.87,1,846595,846125,470
52689401,41.7702,45.7577,469,34135,0.0585319,0.86,1,846633,846164,469
52692321,32.9081,38.1031,463,34197,0.0534127,0.8,1,846660,846197,463
52695241,31.1632,35.0412,460,34259,0.0393651,0.8,1,846690,846230,460
52698161,34.6653,14.0165,497,34321,0.021746,0.81,1,846727,846230,497
52701081,34.2661,27.2066,495,34383,0.0386984,0.75,1,846761,846266,495
52704001,32.3064,34.2826,487,34444,0.0574794,0.69,1,846792,846305,487
52706921,41.7226,34.7131,500,34505,0.0649917,0.47,1,846840,846340,500
52709841,37.689,48.0852,478,34566,0.0319967,0.37,1,846875,846397,478
52712761,51.6756,44.4341,497,34627,0.0187987,0.13,1,846936,846439,497
52715681,40.4702,61.5736,457,34688,0.00751947,0,1,846969,846512,457
52718601,44.3881,45.0295,470,34749,0.0330078,0.05,1,847016,846546,470
52721521,40.5552,47.4118,459,34810,0.0312031,0.05,1,847054,846595,459
52724441,32.4221,41.7647,448,34871,0.0124812,0.05,1,847081,846633,448
52727361,30.9688,32.9059,451,34932,0.0349925,0.03,1,847111,846660,451
52730281,35.7875,31.1624,460,34993,0.031997,0.01,1,847150,846690,460
52733201,34.115,34.6649,456,35053,0.0787988,0.05,1,847183,846727,456
52736121,33.446,34.266,455,35113,0.0615195,0.07,1,847216,846761,455
52739041,40.3784,32.3064,469,35173,0.0906078,0.07,1,847261,846792,469
52747801,39.6642,51.6756,454,35353,0.0717989,0,1,847390,846936,454
52750721,45.8657,40.4702,471,35413,0.0347196,0.05,1,847440,846969,471
52753641,39.9463,44.3881,460,35473,0.0438878,0.03,1,847476,847016,460
52756561,32.1785,40.5552,449,35533,0.0355551,0,1,847503,847054,449
52759481,30.8714,32.4221,452,35592,0.0202221,0.05,1,847533,847081,452
52762401,36.9486,30.9688,463,35651,0.0260888,0.03,1,847574,847111,463
52765321,15.9794,35.7875,426,35710,0.0284355,0.11,1,847576,847150,426
52768241,27.3918,34.115,428,35769,0.0413742,0.05,1,847611,847183,428
52771161,30.1567,33.446,427,35828,0.0945497,0.11,1,847643,847216,427
52779921,51.85,52.6605,426,36005,0.202131,0.05,1,847785,847359,426
52782841,36.94,39.6642,422,36064,0.266852,0.01,1,847812,847390,422
52788681,39.9904,39.9463,424,36182,0.0918964,0.03,1,847900,847476,424
52791601,31.5962,32.1785,423,36240,0.0427586,0.01,1,847926,847503,423
52794521,30.6385,30.8714,423,36298,0.0351034,0.03,1,847956,847533,423
52797441,36.8554,36.9486,423,36356,0.0140414,0.03,1,847997,847574,423
52800361,15.9422,15.9794,423,36414,0.0356165,0.05,1,847999,847576,423
52803281,27.9769,27.3918,424,36472,0.0322466,0.13,1,848035,847611,424
52806201,32.7907,30.1567,428,36530,0.0188986,0.13,1,848071,847643,428
52809121,40.1163,39.0627,428,36588,0.0735595,0.19,1,848116,847688,428
52817881,37.7034,36.94,433,36762,0.204628,0.03,1,848245,847812,433
52823721,38.3126,39.9904,424,36876,0.21634,0.01,1,848324,847900,424
52826641,29.725,31.5962,422,36933,0.200536,0.03,1,848348,847926,422
52832481,36.556,36.8554,422,37047,0.0764858,0.05,1,848419,847997,422
52835401,15.8224,15.9422,422,37104,0.0305943,0.03,1,848421,847999,422
52838321,28.529,27.9769,423,37161,0.0182377,0.03,1,848458,848035,423
52841241,32.4116,11.1907,458,37218,0.0252951,0.01,1,848493,848035,458
52844161,42.9646,26.0763,472,37275,0.040118,0.11,1,848543,848071,472
52847081,38.7859,37.4305,463,37332,0.0820472,0.17,1,848579,848116,463
52850001,57.5143,36.5722,497,37389,0.0988189,0.19,1,848649,848152,497
52882121,40.8947,42.9646,462,38006,0.21176,0.11,1,849005,848543,462
52885041,58.3579,38.7858,496,38062,0.258704,0.11,1,849075,848579,496
52887961,38.9431,57.5143,452,38118,0.277482,0.11,1,849101,848649,452
52890881,42.5773,38.6057,471,38173,0.272993,0.17,1,849146,848675,471
52893801,39.2309,40.6423,466,38228,0.271197,0.17,1,849183,848717,466
52896721,27.6924,38.4569,449,38283,0.270479,0.17,1,849203,848754,449
52899641,28.4769,27.3828,458,38338,0.282192,0.19,1,849232,848774,458
52923001,55.7874,58.3579,436,38778,0.406481,0.29,1,849511,849075,436
52925921,37.9149,38.9431,436,38832,0.444592,0.27,1,849537,849101,436
52978481,36.8572,35.0049,451,39798,0.761035,0.63,2,850158,849707,451
52996001,35.8858,7.67823,498,40116,0.760847,0.65,2,850333,849835,498
52998921,59.9543,31.2713,527,40169,0.766339,0.69,2,850409,849882,527
53001841,40.1817,55.7085,482,40222,0.804536,0.75,2,850436,849954,482
53004761,43.6727,37.8834,502,40274,0.831814,0.71,2,850482,849980,502
53007681,40.2691,42.7534,494,40326,0.854726,0.75,2,850520,850026,494
53010601,29.9076,39.9013,479,40378,0.85189,0.75,2,850543,850064,479
53013521,31.1631,28.5605,490,40430,0.862756,0.75,2,850575,850085,490
53016441,36.4652,30.6242,498,40482,0.879102,0.77,2,850615,850117,498
53019361,15.7861,36.8497,459,40534,0.885641,0.73,2,850617,850158,459
53025201,32.1658,27.9759,492,40638,0.894103,0.73,2,850688,850196,492
53182881,26.8028,26.8699,526,43354,0.878834,1,2,852587,852061,526
53185801,26.3211,28.7479,522,43403,0.813533,1,2,852613,852091,522
53197481,57.669,34.9119,553,43598,0.431274,1,1,852781,852228,553
53200401,42.2676,60.7648,507,43646,0.29851,0.97,1,852813,852306,507
53203321,34.907,42.9059,506,43694,0.233404,1,1,852843,852337,506
53209161,32.9451,34.8249,505,43790,0.0817446,0.93,1,852909,852404,505
53212081,31.7781,31.93,506,43838,0.0506978,1,1,852940,852434,506
53215001,29.5112,33.172,500,43886,0.0382791,1,1,852968,852468,500
53217921,29.2045,30.6688,500,43934,0.0453117,0.93,1,852997,852497,500
53220841,29.6818,33.2675,495,43982,0.0601247,0.9,1,853027,852532,495
53223761,23.2727,32.507,482,44030,0.0540499,0.85,1,853046,852564,482
53226681,24.3091,26.8028,484,44078,0.0396199,0.77,1,853071,852587,484
53229601,24.7236,26.3211,483,44126,0.045848,0.67,1,853096,852613,483
53232521,23.6895,27.3284,478,44174,0.0603392,0.57,1,853119,852641,478
53235441,26.8758,28.9314,477,44222,0.0781357,0.45,1,853148,852671,477
53238361,52.1503,33.1726,510,44270,0.0732543,0.37,1,853217,852707,510
53244201,30.784,42.2676,457,44366,0.0849207,0.19,1,853270,852813,457
53247121,30.9136,34.907,458,44414,0.0879683,0.11,1,853301,852843,458
53250041,30.3654,34.3628,454,44461,0.0771873,0.03,1,853331,852877,454
53252961,13.3462,32.9451,424,44508,0.0728749,0.03,1,853333,852909,424
53285081,36.357,36.4601,426,45025,0.210163,0.07,1,853669,853243,426
53290921,32.4571,30.9136,428,45119,0.205226,0.07,1,853729,853301,428
53293841,30.9828,30.3654,428,45166,0.20809,0.07,1,853759,853331,428
53299681,22.8373,23.3385,427,45260,0.236094,0.11,1,853790,853363,427
53302601,26.5349,26.1354,428,45307,0.268438,0.13,1,853819,853391,428
53305521,27.414,28.4542,426,45354,0.281375,0.13,1,853847,853421,426
53328881,37.6721,36.357,431,45722,0.294881,0.19,1,854100,853669,431
53352241,32.6396,26.892,469,46090,0.401947,0.33,1,854316,853847,469
53355161,23.8558,30.5568,454,46136,0.406779,0.35,1,854334,853880,454
53358081,22.7423,23.0227,458,46182,0.408711,0.33,1,854356,853898,458
53361001,24.6969,23.0091,461,46228,0.421485,0.33,1,854382,853921,461
53363921,23.0788,24.8036,457,46274,0.426594,0.29,1,854404,853947,457
53366841,28.4315,23.1215,467,46320,0.440638,0.33,1,854436,853969,467
53442761,31.8667,33.1867,454,47489,0.755909,0.63,2,855210,854756,454
53445681,23.5467,24.6747,453,47533,0.776364,0.61,2,855228,854775,453
53448601,24.4187,23.6699,455,47577,0.808545,0.67,2,855253,854798,455
53451521,25.3675,25.068,455,47621,0.809418,0.69,2,855279,854824,455
53454441,23.947,23.2272,456,47665,0.821767,0.67,2,855302,854846,456
53457361,29.3788,29.0909,456,47709,0.874707,0.69,2,855335,854879,456
53680741,214.312,228.374,473,23360,0.4492,0.91,1,857725,857252,473
53704101,59.5212,44.5807,479,24076,0.405366,0.31,1,858160,857681,479
53707021,70.6085,89.8323,437,24164,0.444147,0.29,1,858238,857801,437
53756661,71.814,57.6802,526,25614,0.759905,0.69,2,859207,858681,526
53759581,68.9256,66.8721,520,25697,0.777962,0.67,2,859274,858754,520
53762501,58.7702,65.7488,507,25779,0.845185,0.67,2,859326,858819,507
53765421,27.1081,58.0995,460,25861,0.884074,0.71,2,859332,858872,460
53768341,28.8432,26.8398,484,25943,0.89963,0.65,2,859362,858878,484
53888061,49.8597,55.1463,517,29101,0.875632,1,2,861672,861155,517
53890981,42.1439,40.0585,524,29174,0.812253,1,2,861709,861185,524
53893901,39.0576,41.8234,518,29247,0.762901,1,2,861746,861228,518
53905581,54.6015,61.7715,530,29535,0.44985,1,1,861958,861428,530
53940621,54.7964,54.3362,448,30383,0.782075,0.57,2,862542,862094,448
53943541,45.3186,43.9345,450,30453,0.78683,0.57,2,862581,862131,450
53946461,41.5274,39.7738,452,30522,0.800732,0.57,2,862620,862168,452
53949381,17.811,17.1095,452,30591,0.782293,0.65,2,862622,862170,452
53952301,28.1244,27.8438,452,30660,0.810917,0.65,2,862657,862205,452
53955221,41.2498,39.3375,455,30729,0.822367,0.67,2,862707,862252,455
53958141,28.4999,27.735,455,30798,0.802947,0.71,2,862727,862272,455
53961061,64.2,62.694,457,30867,0.831179,0.75,2,862815,862358,457
53963981,52.68,51.4776,458,30936,0.830472,0.75,2,862860,862402,458
53966901,84.072,82.991,459,31004,0.806189,0.81,2,862965,862506,459
53969821,55.8288,54.7964,460,31072,0.808475,0.79,2,863002,862542,460
53972741,45.1315,45.3186,459,31140,0.83339,0.81,2,863040,862581,459
53975661,42.6526,41.5274,461,31208,0.831356,0.77,2,863081,862620,461
53978581,18.261,17.811,461,31276,0.830542,0.77,2,863083,862622,461
53981501,28.9044,7.12439,497,31344,0.818217,0.83,2,863119,862622,497
53984421,40.3618,23.8498,510,31412,0.837287,0.83,2,863167,862657,510
53987341,28.1447,39.5399,480,31479,0.844915,0.79,2,863187,862707,480
53990261,64.6579,27.816,549,31546,0.895966,0.85,2,863276,862727,549
54115821,42.9799,14.5768,545,34311,0.894312,0.95,2,865197,864652,545
54118741,37.592,42.4307,518,34373,0.855725,1,2,865231,864713,518
54121661,81.6368,44.5723,583,34435,0.81629,1,2,865342,864759,583
54124581,55.4547,85.6289,508,34496,0.764516,1,2,865380,864872,508
54142101,28.0226,27.6802,502,34862,0.808923,1,2,865581,865079,502
54145021,34.009,30.8721,507,34923,0.797569,1,2,865619,865112,507
54147941,41.2036,33.9488,517,34984,0.793028,0.83,2,865665,865148,517
54150861,35.6814,42.9795,500,35044,0.791211,0.83,2,865697,865197,500
54153781,79.6726,37.5918,575,35104,0.814484,0.79,2,865806,865231,575
54156701,53.469,81.6367,500,35164,0.823794,0.73,2,865842,865342,500
54159621,49.5876,55.4547,509,35224,0.839518,0.69,2,865889,865380,509
54162541,36.035,54.5819,482,35284,0.833807,0.75,2,865916,865434,482
54165461,34.814,35.6327,493,35344,0.843523,0.73,2,865950,865457,493
54168381,37.3256,35.8531,496,35404,0.895409,0.75,2,865989,865493,496
54337741,48.1538,57.2712,496,38715,0.868,1,2,868284,867788,496
54340661,42.0615,44.5085,498,38770,0.7972,1,2,868322,867824,498
54358181,33.1565,31.0826,498,39094,0.400991,1,1,868525,868027,498
54366941,41.698,46.6533,487,39256,0.249583,1,1,868644,868157,487
54378621,35.2387,42.0615,463,39472,0.210533,0.67,1,868785,868322,463
54381541,27.2955,34.2246,456,39526,0.222213,0.61,1,868807,868351,456
54384461,34.3182,39.4898,452,39579,0.214885,0.55,1,868846,868394,452
54401981,30.9147,36.745,429,39897,0.21318,0.19,1,869028,868599,429
54404901,39.9659,41.698,430,39950,0.223272,0.11,1,869074,868644,430
54410741,35.1945,34.9917,432,40056,0.214524,0.19,1,869143,868711,432
54413661,38.0778,38.5967,431,40109,0.211809,0.19,1,869183,868752,431
54416581,34.4311,15.4387,463,40162,0.210724,0.23,1,869215,868752,463
54419501,26.9725,25.9755,452,40215,0.23429,0.23,1,869237,868785,452
54422421,34.189,23.5902,469,40268,0.267716,0.21,1,869276,868807,469
54425341,34.0756,32.8361,464,40320,0.257086,0.19,1,869310,868846,464
54428261,31.6302,34.7344,458,40372,0.276835,0.13,1,869340,868882,458
54431181,24.6521,32.4938,447,40424,0.284734,0.19,1,869360,868913,447
54434101,29.0608,23.1975,462,40476,0.287894,0.19,1,869392,868930,462
54445781,36.1584,39.9635,464,40684,0.436154,0.17,1,869538,869074,464
54507101,33.6945,32.5506,454,41761,0.752939,0.65,2,870229,869775,454
54510021,25.4778,25.0202,454,41812,0.787176,0.65,2,870249,869795,454
54512941,29.3911,29.2081,454,41862,0.78887,0.63,2,870281,869827,454
54515861,33.3564,33.8832,453,41912,0.789548,0.67,2,870317,869864,453
54518781,36.1426,35.1533,455,41962,0.801819,0.67,2,870355,869900,455
54521701,42.057,42.2613,454,42012,0.818728,0.67,2,870401,869947,454
54524621,38.4228,37.9045,455,42062,0.837491,0.67,2,870437,869982,455
54527541,36.9691,36.7618,455,42112,0.844997,0.67,2,870473,870018,455
54530461,39.9876,39.9047,455,42162,0.871999,0.71,2,870515,870060,455
54705661,35.8185,26.3158,505,45067,0.864928,1,2,872511,872006,505
54708581,30.5274,23.7263,510,45114,0.891971,1,2,872538,872028,510
54711501,30.211,27.4905,510,45161,0.830788,1,2,872568,872058,510
54726101,32.1247,29.5836,512,45396,0.446834,1,1,872727,872215,512
54731941,28.9,37.2534,489,45488,0.420693,1,1,872775,872286,489
54740701,37.1296,37.6642,480,45626,0.259484,1,1,872886,872406,480
54743621,31.6518,34.8657,475,45672,0.217794,0.9,1,872914,872439,475
54746541,30.0607,35.5463,468,45718,0.213118,0.82,1,872943,872475,468
54749461,31.8243,35.8185,465,45764,0.211247,0.91,1,872976,872511,465
54766981,27.5741,21.3318,481,46040,0.0994669,0.53,1,873143,872662,481
54775741,25.7887,20.7572,473,46178,0.0939659,0.37,1,873214,872741,473
54799101,27.1458,29.5294,454,46542,0.226339,0.15,1,873458,873004,454
54802021,31.2583,28.6118,460,46587,0.276535,0.09,1,873492,873032,460
54804941,28.7033,31.8447,453,46632,0.272614,0.17,1,873519,873066,453
54822461,30.4071,25.7887,458,46902,0.425151,0.15,1,873672,873214,458
54898381,25.2135,25.4323,447,48057,0.752269,0.53,2,874423,873976,447
54901301,11.2854,11.3729,447,48101,0.762908,0.53,2,874425,873978,447
54904221,23.7142,23.1492,448,48145,0.779163,0.53,2,874457,874009,448
54907141,27.4857,27.2597,448,48189,0.845665,0.53,2,874487,874039,448
54910061,16.9943,16.9039,448,48233,0.848266,0.53,2,874497,874049,448
54912981,24.7977,24.7615,448,48277,0.861306,0.61,2,874527,874079,448
54915901,33.3191,32.1046,450,48321,0.866523,0.59,2,874566,874116,450
54918821,36.1276,35.0418,451,48365,0.868609,0.65,2,874604,874153,451
54921741,37.8511,36.8167,452,48409,0.881444,0.61,2,874643,874191,452
54924661,30.7404,30.3267,452,48453,0.886577,0.63,2,874669,874217,452
54930501,33.2385,31.9723,454,48539,0.858252,0.69,2,874736,874282,454
54933421,30.0954,29.5889,454,48582,0.865301,0.65,2,874764,874310,454
54936341,30.0382,29.8356,454,48625,0.85612,0.71,2,874794,874340,454
54939261,34.8153,32.3342,458,48668,0.852448,0.75,2,874832,874374,458
54942181,30.1261,28.5337,459,48711,0.886979,0.77,2,874859,874400,459
54945101,26.4504,25.2135,460,48754,0.876792,0.77,2,874883,874423,460
54948021,11.7802,11.2854,460,48797,0.896717,0.79,2,874885,874425,460
54968461,38.4474,35.9819,504,49098,0.898027,0.89,2,875108,874604,504
54971381,30.979,37.7928,491,49141,0.893211,0.89,2,875134,874643,491
55145121,333.327,332.93,507,21900,0.885996,0.87,2,876967,876460,507
55169941,392.531,417.572,465,23360,0.408399,0.89,1,877399,876934,465
55172861,167.812,176.029,468,23451,0.217359,0.81,1,877417,876949,468
55178701,56.97,51.0846,477,23631,0.0863775,0.61,1,877475,876998,477
55190381,64.8856,82.7494,447,23988,0.231123,0.09,1,877752,877305,447
55193301,69.1543,58.2997,477,24076,0.290449,0.09,1,877824,877347,477
55210821,68.1919,68.1646,431,24599,0.426644,0.27,1,878121,877690,431
55213741,67.4768,64.4658,436,24685,0.428658,0.33,1,878188,877752,436
55216661,70.1907,68.9863,436,24771,0.405463,0.33,1,878260,877824,436
55275061,68.4746,37.9703,539,26429,0.812119,0.57,2,879326,878787,539
55277981,68.1898,68.5881,518,26509,0.894848,0.65,2,879394,878876,518
55386021,48.8201,70.6467,518,29319,0.849328,1,2,881335,880817,518
55429821,27.6556,27.0122,452,30383,0.75177,0.63,2,882071,881619,452
55432741,27.2623,26.4049,453,30453,0.774708,0.61,2,882098,881645,453
55435661,30.1049,31.562,450,30522,0.783883,0.63,2,882130,881680,450
55438581,24.042,22.8248,453,30591,0.811553,0.63,2,882150,881697,453
55441501,48.6168,48.1299,453,30660,0.810621,0.65,2,882215,881762,453
55444421,43.4467,42.652,454,30729,0.810249,0.65,2,882255,881801,454
55447341,76.1787,75.8608,454,30798,0.882099,0.69,2,882353,881899,454
55569981,68.023,69.2065,488,33562,0.868776,1,2,884257,883769,488
55578741,42.5375,41.8692,498,33751,0.422562,1,1,884438,883940,498
55584581,23.246,30.3391,489,33877,0.26801,0.97,1,884481,883992,489
55590421,36.4794,35.3343,497,34001,0.0944816,1,1,884559,884062,497
55593341,30.1917,35.7337,487,34063,0.0557926,0.96,1,884585,884098,487
55596261,35.4767,38.8935,485,34125,0.028317,0.97,1,884624,884139,485
55599181,33.3907,30.5574,492,34187,0.0173268,0.8,1,884656,884164,492
55602101,51.1563,68.023,462,34249,0.0849307,0.8,1,884719,884257,462
55605021,78.0625,27.2092,558,34311,0.0399723,0.61,1,884815,884257,558
55607941,49.825,79.2837,475,34373,0.0579889,0.41,1,884846,884371,475
55610861,36.73,53.3135,467,34435,0.0651956,0.35,1,884874,884407,467
55613781,27.292,39.9254,457,34496,0.0560782,0.31,1,884895,884438,457
55619621,27.1667,22.8281,461,34618,0.0941725,0.09,1,884942,884481,461
55622541,34.8667,32.5312,462,34679,0.079669,0.05,1,884982,884520,462
55625461,30.1467,36.4125,450,34740,0.0498676,0.03,1,885009,884559,450
55628381,33.6587,30.165,460,34801,0.025947,0.01,1,885045,884585,460
55631301,35.0635,35.466,457,34862,0.0103788,0.01,1,885081,884624,457
55634221,50.6254,33.3864,486,34923,0.0581515,0.13,1,885142,884656,486
55637141,77.8502,51.1546,519,34984,0.0532606,0.01,1,885238,884719,519
55640061,50.9401,78.0618,456,35044,0.0633042,0.07,1,885271,884815,456
55648821,20.4202,27.292,440,35224,0.201571,0.13,1,885335,884895,440
55651741,28.5681,19.9168,459,35284,0.218629,0.09,1,885369,884910,459
55654661,34.2272,27.1667,465,35344,0.261451,0.07,1,885407,884942,465
55657581,29.2909,34.8667,451,35404,0.278581,0.03,1,885433,884982,451
55660501,31.5164,30.1467,457,35464,0.237432,0.01,1,885466,885009,457
55692621,30.6467,29.2909,437,36115,0.21437,0.21,1,885870,885433,437
55695541,27.8587,31.5164,430,36174,0.223748,0.09,1,885896,885466,430
55698461,30.3435,34.2065,426,36232,0.227499,0.13,1,885928,885502,426
55701381,52.3374,52.6826,428,36290,0.277,0.17,1,885995,885567,428
55704301,76.735,76.873,428,36348,0.2728,0.17,1,886088,885660,428
55707221,31.894,31.9492,428,36406,0.27112,0.17,1,886090,885662,428
55710141,36.1576,34.3797,431,36464,0.282448,0.19,1,886129,885698,431
55713061,31.263,31.7519,429,36522,0.298979,0.17,1,886157,885728,429
55721821,29.4568,28.7921,431,36696,0.402415,0.19,1,886233,885802,431
55724741,36.3827,36.1168,431,36754,0.442966,0.23,1,886274,885843,431
55730581,27.9012,27.8587,431,36868,0.441675,0.23,1,886327,885896,431
55736421,54.3842,52.3374,435,36982,0.429468,0.27,1,886430,885995,435
55739341,77.5537,76.735,435,37039,0.417787,0.27,1,886523,886088,435
55742261,32.2215,31.894,435,37096,0.413115,0.29,1,886525,886090,435
55745181,35.6886,36.1576,434,37153,0.435246,0.29,1,886563,886129,434
55748101,32.2754,14.463,464,37210,0.408098,0.31,1,886593,886129,464
55759781,38.8231,28.9015,484,37438,0.401695,0.47,1,886717,886233,484
55762701,31.1292,36.1606,469,37494,0.406678,0.47,1,886743,886274,469
55765621,28.0517,30.6642,468,37550,0.408671,0.43,1,886769,886301,468
55768541,31.0207,27.8657,475,37606,0.445468,0.47,1,886802,886327,475
55771461,53.8083,30.9463,511,37662,0.448187,0.41,1,886871,886360,511
55803581,32.8612,28.0517,477,38275,0.76083,0.47,2,887246,886769,477
55806501,53.9445,31.0207,512,38330,0.766332,0.45,2,887314,886802,512
55809421,79.1778,53.8083,539,38385,0.828533,0.51,2,887410,886871,539
55812341,32.8711,77.3233,448,38440,0.853413,0.51,2,887412,886964,448
55815261,37.1484,32.1293,486,38495,0.863365,0.53,2,887452,886966,486
55818181,32.2594,36.2517,476,38550,0.891346,0.55,2,887481,887005,476
56010901,40.6197,38.5359,493,42012,0.82504,1,2,889876,889383,493
56022581,19.8271,19.6777,509,42212,0.408241,1,1,889973,889464,509
56025501,24.1308,28.2711,502,42262,0.229296,1,1,890000,889498,502
56028421,33.0523,34.7084,502,42312,0.0917185,1,1,890039,889537,502
56031341,30.0209,29.4834,504,42362,0.0666874,1,1,890067,889563,504
56034261,29.4084,34.5934,495,42412,0.026675,1,1,890096,889601,495
56037181,33.3633,34.2373,497,42462,0.01667,1,1,890132,889635,497
56040101,33.7453,38.8949,489,42512,0.024668,1,1,890166,889677,489
56043021,58.4981,63.558,484,42562,0.0398672,0.94,1,890241,889757,484
56045941,38.9993,44.6232,478,42612,0.0219469,0.87,1,890267,889789,478
56048861,40.7997,49.0493,468,42662,0.0387788,0.77,1,890309,889841,468
56051781,31.9199,40.6197,459,42711,0.0575115,0.65,1,890335,889876,459
56054701,27.168,33.0479,455,42760,0.0530046,0.51,1,890359,889904,455
56057621,20.4672,29.4192,444,42809,0.0392018,0.43,1,890375,889931,444
56060541,21.9869,28.5677,439,42858,0.0456807,0.35,1,890398,889959,439
56063461,13.5947,19.8271,433,42907,0.0602723,0.11,1,890406,889973,433
56066381,19.2379,24.1308,429,42956,0.0241089,0,1,890429,890000,429
56069301,27.4952,33.0523,423,43005,0.0276436,0,1,890462,890039,423
56072221,27.1981,13.2209,450,43054,0.0530574,0.05,1,890489,890039,450
56075141,28.2792,22.0884,451,43103,0.039223,0,1,890518,890067,451
56078061,32.3117,26.2354,457,43152,0.0336892,0.01,1,890553,890096,457
56080981,33.3247,32.0941,455,43201,0.0194757,0.03,1,890587,890132,455
56083901,58.9299,33.2377,497,43250,0.0377903,0.05,1,890663,890166,497
56086821,39.7719,58.2951,449,43299,0.0331161,0.01,1,890690,890241,449
56089741,40.5088,38.918,464,43348,0.0552464,0.05,1,890731,890267,464
56092661,33.0035,40.7672,450,43397,0.0520986,0.07,1,890759,890309,450
56095581,25.8014,31.9069,445,43446,0.0868394,0.05,1,890780,890335,445
56098501,20.5206,27.1628,438,43495,0.0887358,0.03,1,890797,890359,438
56101421,22.0082,20.4651,445,43544,0.0894943,0.05,1,890820,890375,445
56104341,13.6033,21.986,430,43592,0.0897977,0.07,1,890828,890398,430
56107261,19.8413,13.5944,446,43640,0.0779191,0,1,890852,890406,446
56110181,26.5365,19.2378,454,43688,0.0851676,0.03,1,890883,890429,454
56113101,26.8146,27.4951,448,43736,0.0760671,0.07,1,890910,890462,448
56116021,29.3258,27.198,452,43784,0.0484268,0.03,1,890941,890489,452
56118941,31.5303,28.2792,456,43832,0.0613707,0.03,1,890974,890518,456
56121861,33.0121,32.3117,455,43880,0.0425483,0.01,1,891008,890553,455
56124781,60.0049,33.3247,499,43928,0.0470193,0.05,1,891086,890587,499
56127701,39.6019,58.9299,449,43976,0.0368077,0.03,1,891112,890663,449
56130621,41.0408,39.7719,464,44024,0.0447231,0.07,1,891154,890690,464
56133541,33.8163,40.5088,452,44072,0.0598892,0.05,1,891183,890731,452
56136461,27.3265,33.0035,447,44120,0.0419557,0.11,1,891206,890759,447
56139381,21.1306,25.8014,443,44168,0.0227823,0.09,1,891223,890780,443
56142301,21.6522,20.5206,448,44216,0.0511129,0.09,1,891245,890797,448
56145221,13.4609,22.0082,433,44264,0.0624452,0.09,1,891253,890820,433
56151061,26.5137,19.8413,456,44360,0.0951912,0.09,1,891308,890852,456
56153981,25.6055,26.5365,450,44408,0.0920765,0.07,1,891333,890883,450
56156901,28.2422,26.8146,453,44456,0.0788306,0.03,1,891363,890910,453
56159821,12.4969,29.3258,424,44503,0.0495322,0.07,1,891365,890941,424
56162741,24.7988,31.5303,424,44550,0.0618129,0.03,1,891398,890974,424
56165661,29.1195,33.0121,422,44597,0.0427252,0.05,1,891430,891008,422
56168581,60.2478,60.0049,425,44644,0.0350901,0.03,1,891511,891086,425
56171501,38.4991,39.6019,423,44691,0.020036,0.05,1,891535,891112,423
56174421,41.1996,41.0408,424,44738,0.0140144,0.07,1,891578,891154,424
56177341,33.2799,33.8163,423,44785,0.0116058,0.03,1,891606,891183,423
56180261,27.1119,27.3265,423,44832,0.0106423,0.01,1,891629,891206,423
56183181,21.6448,21.1306,424,44879,0.0102569,0.07,1,891647,891223,424
56186101,22.4579,21.6522,425,44926,0.0581028,0.07,1,891670,891245,425
56189021,13.7832,13.4609,425,44973,0.0532411,0.13,1,891678,891253,425
56191941,20.5133,19.7844,426,45020,0.0752964,0.09,1,891703,891277,426
56203621,11.6899,12.4969,424,45208,0.215288,0.07,1,891789,891365,424
56206541,25.076,24.7988,425,45255,0.224115,0.03,1,891823,891398,425
56209461,27.4304,29.1195,422,45302,0.203646,0.03,1,891852,891430,422
56218221,41.0915,41.1996,422,45442,0.0703933,0.01,1,892000,891578,422
56221141,33.2366,33.2799,422,45488,0.0581573,0.01,1,892028,891606,422
56224061,27.0946,27.1119,422,45534,0.0772629,0.01,1,892051,891629,422
56226981,21.6379,21.6448,422,45580,0.0609052,0.09,1,892069,891647,422
56229901,23.6551,22.4579,424,45626,0.0423621,0.05,1,892094,891670,424
56232821,16.0621,13.7832,427,45672,0.0469448,0.09,1,892105,891678,427
56235741,21.4248,20.5133,427,45718,0.0847779,0.15,1,892130,891703,427
56244501,27.0992,26.2248,431,45856,0.0882258,0.23,1,892218,891787,431
56282461,29.142,21.4232,459,46452,0.207569,0.15,1,892589,892130,459
56285381,27.8568,28.3693,453,46497,0.209027,0.11,1,892616,892163,453
56288301,27.3427,28.7477,451,46542,0.233611,0.07,1,892643,892192,451
56291221,12.1371,27.0991,427,46587,0.243444,0.11,1,892645,892218,427
56294141,26.4548,12.0396,461,46632,0.235378,0.15,1,892681,892220,461
56297061,26.7819,25.2159,454,46677,0.232151,0.15,1,892708,892254,454
56314581,21.5181,26.5501,446,46947,0.401108,0.15,1,892920,892474,446
56317501,23.0072,21.4201,452,46992,0.406443,0.15,1,892944,892492,452
56320421,15.8029,22.968,439,47037,0.420577,0.15,1,892955,892516,439
56323341,24.9212,16.3872,458,47082,0.444231,0.19,1,892986,892528,458
56326261,30.9685,23.3549,465,47127,0.435692,0.23,1,893021,892556,465
56329181,27.9874,29.142,458,47172,0.444277,0.21,1,893047,892589,458
56332101,27.395,27.8568,458,47217,0.435711,0.25,1,893074,892616,458
56335021,12.158,27.3427,433,47262,0.432284,0.25,1,893076,892643,433
56337941,27.0632,12.1371,468,47307,0.442914,0.23,1,893113,892645,468
56399261,40.4507,39.6794,453,48233,0.779738,0.67,2,893744,893291,453
56402181,34.1803,33.8717,453,48277,0.821895,0.65,2,893774,893321,453
56405101,26.8721,27.3487,452,48321,0.838758,0.61,2,893796,893344,452
56408021,21.5488,21.7395,452,48365,0.833503,0.65,2,893814,893362,452
56410941,23.0195,23.0958,452,48409,0.831401,0.63,2,893838,893386,452
56413861,15.8078,15.8383,452,48453,0.842561,0.59,2,893849,893397,452
56416781,26.1231,26.1353,452,48496,0.847024,0.63,2,893882,893430,452
56419701,31.4493,31.4541,452,48539,0.87281,0.61,2,893917,893465,452
56422621,28.1797,28.1817,452,48582,0.859124,0.63,2,893943,893491,452
56425541,27.4719,26.8727,453,48625,0.86565,0.63,2,893970,893517,453
56428461,12.1888,11.9491,453,48668,0.89226,0.65,2,893972,893519,453
56434301,31.7102,30.2319,456,48754,0.883162,0.69,2,894045,893589,456
56437221,13.8841,13.2927,456,48797,0.899265,0.73,2,894047,893591,456
56664981,209.645,231.063,464,23360,0.446186,0.83,1,896446,895982,464
56673741,61.1293,85.996,454,24353,0.402716,0.53,1,896652,896198,454
56676661,63.4517,52.9984,488,24440,0.407086,0.37,1,896717,896229,488
56679581,42.1807,60.1994,451,24527,0.432835,0.37,1,896745,896294,451
56682501,22.8723,34.2797,444,24613,0.443134,0.33,1,896755,896311,444
56685421,43.3489,42.5119,453,24699,0.447254,0.29,1,896812,896359,453
56702941,42.2298,41.1296,444,25210,0.774799,0.45,2,897189,896745,444
56705861,23.4919,22.4519,445,25294,0.78392,0.45,2,897200,896755,445
56708781,42.9968,43.1807,444,25378,0.763568,0.51,2,897256,896812,444
56723381,64.2457,50.1327,525,25792,0.761813,0.77,2,897618,897093,525
56726301,43.6983,59.6531,489,25874,0.802725,0.81,2,897648,897159,489
56729221,23.4793,41.8612,469,25956,0.81909,0.79,2,897658,897189,469
56732141,42.9917,23.3445,514,26038,0.837636,0.75,2,897714,897200,514
56735061,60.3967,42.9378,530,26119,0.845054,0.71,2,897786,897256,530
56737981,75.1587,61.5751,541,26200,0.860022,0.67,2,897871,897330,541
56840181,73.8227,57.1201,559,28894,0.772432,1,2,899764,899205,559
56860621,30.6599,35.6038,500,29403,0.0580565,1,1,900076,899576,500
56863541,54.864,34.6415,537,29475,0.0532226,0.88,1,900147,899610,537
56866461,64.5456,54.0566,541,29547,0.051289,0.67,1,900218,899677,541
56869381,44.4182,73.8226,485,29619,0.0265156,0.57,1,900249,899764,485
56872301,59.7673,50.5291,520,29690,0.0406062,0.37,1,900319,899799,520
56875221,36.5069,69.4116,459,29761,0.0822425,0.23,1,900340,899881,459
56878141,62.0028,43.9646,511,29832,0.062897,0.11,1,900419,899908,511
56881061,26.0011,69.1859,427,29903,0.0791588,0.11,1,900421,899994,427
56895661,63.2442,64.5456,423,30255,0.204475,0.01,1,900641,900218,423
56898581,43.2977,44.4182,422,30325,0.26779,0.05,1,900671,900249,422
56921941,52.1961,53.1104,428,30879,0.400964,0.25,1,900999,900571,428
56992021,40.0166,61.9925,474,32483,0.763889,0.59,2,902100,901626,474
56994941,62.8067,39.197,528,32548,0.803556,0.59,2,902178,901650,528
56997861,26.3227,62.4788,452,32613,0.819422,0.59,2,902180,901728,452
57000781,32.1291,26.1915,486,32678,0.825769,0.57,2,902216,901730,486
57003701,21.2516,32.6766,463,32743,0.828308,0.57,2,902230,901767,463
57006621,9.70065,21.4706,451,32808,0.829323,0.61,2,902232,901781,451
57009541,26.0803,30.1883,452,32872,0.865729,0.67,2,902269,901817,452
57012461,52.4321,52.2753,455,32936,0.892292,0.71,2,902339,901884,455
57120501,49.9469,71.8903,504,35233,0.8932,1,2,903987,903483,504
57123421,61.3787,44.3561,547,35293,0.87928,1,2,904056,903509,547
57126341,47.3515,65.7424,505,35353,0.849712,1,2,904094,903589,505
57129261,37.5406,43.097,508,35413,0.849885,1,2,904125,903617,508
57132181,21.0162,34.6388,489,35473,0.861954,1,2,904135,903646,489
57138021,28.8026,14.9022,517,35592,0.863913,1,2,904187,903670,517
57140941,28.321,24.5609,514,35651,0.879565,1,2,904215,903701,514
57143861,12.5284,34.4244,475,35710,0.873826,1,2,904217,903742,475
57146781,57.2114,64.1697,478,35769,0.89553,0.95,2,904304,903826,478
57389141,44.8752,43.683,517,40378,0.868,1,2,907577,907060,517
57406661,30.241,33.9043,521,40690,0.28668,1,1,907761,907240,521
57412501,34.7186,35.9047,523,40794,0.0626689,1,1,907836,907313,523
57415421,32.4874,30.5619,527,40846,0.0550675,1,1,907867,907340,527
57418341,51.995,32.6248,558,40898,0.022027,1,1,907932,907374,558
57421261,39.998,61.0499,510,40950,0.0268108,1,1,907964,907454,510
57424181,36.9992,47.22,507,41002,0.0407243,0.95,1,907999,907492,507
57427101,39.3997,41.688,510,41053,0.0582897,0.8,1,908040,907530,510
57430021,30.7599,44.8752,488,41104,0.0653159,0.63,1,908065,907577,488
57456301,13.1434,32.4874,425,41563,0.0887823,0,1,908292,907867,425
57459221,43.0574,51.995,423,41614,0.0535129,0.03,1,908355,907932,423
57462141,37.6229,39.998,425,41665,0.0754052,0.05,1,908389,907964,425
57465061,34.2492,36.9992,422,41716,0.0721621,0.07,1,908421,907999,422
57467981,40.0997,39.3997,425,41767,0.0828648,0.07,1,908465,908040,425
57485501,27.1861,25.538,430,42068,0.212309,0.17,1,908621,908191,430
57488421,34.8745,33.6152,431,42118,0.210924,0.11,1,908661,908230,431
57491341,30.7498,32.6461,427,42168,0.210369,0.11,1,908689,908262,427
57494261,27.8999,29.8584,425,42218,0.210148,0.07,1,908715,908290,425
57497181,12.36,13.1434,425,42268,0.210059,0.03,1,908717,908292,425
57500101,40.944,43.0574,422,42318,0.222024,0.09,1,908777,908355,422
57503021,37.9776,37.6229,424,42368,0.250809,0.07,1,908813,908389,424
57505941,33.791,34.2492,423,42418,0.250324,0.09,1,908844,908421,423
57508861,41.7164,40.0997,426,42468,0.27413,0.13,1,908891,908465,426
57511781,32.8866,32.2399,426,42518,0.283652,0.17,1,908918,908492,426
57526381,28.0731,27.1861,431,42766,0.414063,0.21,1,909052,908621,431
57529301,35.8292,34.8745,432,42815,0.423625,0.21,1,909093,908661,432
57532221,31.1317,30.7498,432,42864,0.42745,0.21,1,909121,908689,432
57543901,38.3474,16.3776,468,43060,0.443951,0.27,1,909245,908777,468
57546821,33.3389,28.151,462,43109,0.44758,0.25,1,909275,908813,462
57637341,33.1035,34.6608,451,44602,0.782299,0.59,2,910249,909798,451
57640261,37.8414,37.8643,452,44649,0.81092,0.61,2,910290,909838,452
57643181,21.1366,21.1457,452,44696,0.822368,0.61,2,910300,909848,452
57646101,25.8546,25.2583,453,44743,0.838947,0.61,2,910329,909876,453
57649021,28.9418,29.3033,452,44790,0.857579,0.61,2,910360,909908,452
57651941,28.3767,28.5213,452,44837,0.865031,0.65,2,910388,909936,452
57654861,38.9507,37.8085,454,44884,0.892013,0.67,2,910434,909980,454
57885541,37.7665,36.8938,524,48457,0.873279,1,2,912932,912408,524
57888461,35.5066,38.7575,518,48500,0.835312,1,2,912966,912448,518
57891381,30.4026,38.303,507,48543,0.760125,1,2,912993,912486,507
57908901,28.1938,28.5633,502,48801,0.42952,1,1,913154,912652,502
57911821,19.6775,33.0253,480,48844,0.405808,1,1,913168,912688,480
57917661,28.7084,24.4841,508,48930,0.289329,1,1,913228,912720,508
57920581,36.0834,31.9936,512,48973,0.241732,1,1,913269,912757,512
57923501,36.0333,36.7974,508,49016,0.210693,0.92,1,913305,912797,508
57929341,32.5253,25.0876,508,49102,0.0997108,0.91,1,913358,912850,508
57932261,35.2101,35.835,502,49145,0.0578843,0.83,1,913395,912893,502
57935181,32.6841,37.734,494,49188,0.0651537,0.81,1,913426,912932,494
57938101,26.2736,35.4936,482,49231,0.0560615,0.71,1,913448,912966,482
57941021,30.3094,30.3974,488,49274,0.0524246,0.71,1,913481,912993,488
57943941,27.7238,31.359,482,49317,0.0389698,0.63,1,913507,913025,482
57946861,19.4895,29.9436,467,49360,0.0575879,0.57,1,913521,913054,467
57949781,18.5958,25.7774,462,49403,0.0530352,0.53,1,913539,913077,462
57952701,23.0383,21.711,469,49446,0.0272141,0.39,1,913565,913096,469
57955621,24.2153,25.4844,466,49489,0.0288856,0.41,1,913590,913124,466
57958541,20.4861,28.1938,454,49532,0.0295542,0.39,1,913608,913154,454
57961461,23.7945,19.6775,466,49575,0.0418217,0.31,1,913634,913168,466
57964381,25.1178,25.271,463,49617,0.0467287,0.25,1,913660,913197,463
57967301,33.4471,28.7084,471,49659,0.0726915,0.21,1,913699,913228,471
57970221,34.9788,36.0834,466,49701,0.0950766,0.19,1,913735,913269,466
57973141,19.3915,36.0333,439,49743,0.0920306,0.15,1,913744,913305,439
57984821,24.626,32.6841,445,49911,0.224548,0.05,1,913871,913426,445
57987741,30.2504,26.2736,457,49953,0.263819,0.05,1,913905,913448,457
57990661,26.5002,30.3094,448,49995,0.255528,0.03,1,913929,913481,448
57993581,19.6001,27.7238,437,50037,0.276211,0.07,1,913944,913507,437
57996501,18.64,19.4895,441,50079,0.272484,0.05,1,913962,913521,441
57999421,23.056,18.5958,449,50121,0.270994,0.01,1,913988,913539,449
58002341,23.6224,23.0383,447,50163,0.282398,0.03,1,914012,913565,447
58008181,24.6596,20.4861,449,50247,0.298384,0.05,1,914057,913608,449
58011101,25.4638,23.7945,449,50289,0.293353,0.05,1,914083,913634,449
58014021,11.3855,25.1178,425,50331,0.291341,0.09,1,914085,913660,425
58037381,30.5704,30.2504,434,50667,0.429621,0.25,1,914339,913905,434
58040301,26.6281,26.5002,434,50709,0.441848,0.29,1,914363,913929,434
58098701,23.4296,23.1602,445,51531,0.784419,0.53,2,914868,914423,445
58101621,24.9718,24.2641,446,51572,0.811768,0.57,2,914894,914448,446
58104541,21.3887,19.9056,448,51613,0.810707,0.53,2,914913,914465,448
58107461,25.9555,24.7623,449,51654,0.834283,0.57,2,914942,914493,449
58110381,25.9822,26.1049,448,51695,0.819713,0.57,2,914968,914520,448
58113301,11.5929,11.642,448,51736,0.837885,0.55,2,914970,914522,448
58116221,31.0372,30.4568,449,51777,0.833154,0.55,2,915014,914565,449
58119141,34.6149,12.1827,486,51818,0.831262,0.57,2,915051,914565,486
58122061,18.6459,26.4731,458,51859,0.830505,0.63,2,915059,914601,458
58124981,31.4584,15.3892,490,51900,0.842202,0.59,2,915099,914609,490
58127901,35.3834,30.1557,488,51941,0.846881,0.59,2,915137,914649,488
58130821,36.3533,34.8623,487,51982,0.836752,0.59,2,915174,914687,487
58133741,28.3413,36.1449,473,52023,0.820701,0.63,2,915197,914724,473
58136661,34.7365,27.658,490,52063,0.82628,0.65,2,915236,914746,490
58139581,29.4946,32.0632,481,52103,0.864512,0.71,2,915262,914781,481
58142501,23.1978,27.8253,475,52143,0.867805,0.73,2,915281,914806,475
58145421,20.6791,21.9301,476,52183,0.857122,0.77,2,915300,914824,476
58148341,25.0717,19.572,486,52223,0.852849,0.81,2,915328,914842,486
58151261,25.6287,23.4288,486,52263,0.85114,0.83,2,915354,914868,486
58154181,22.2515,24.9715,480,52303,0.850456,0.81,2,915374,914894,480
58157101,26.3006,21.3886,490,52343,0.862182,0.85,2,915403,914913,490
58160021,26.7202,25.9554,488,52383,0.866873,0.81,2,915430,914942,488
58162941,11.8881,25.9822,464,52423,0.868749,0.85,2,915432,914968,464
58165861,31.1552,11.5929,506,52463,0.8695,0.83,2,915476,914970,506
58168781,34.6621,31.0371,499,52503,0.8578,0.83,2,915513,915014,499
58171701,18.6648,34.6149,470,52543,0.85312,0.83,2,915521,915051,470
58174621,32.0659,18.6459,503,52583,0.875248,0.85,2,915562,915059,503
58177541,35.6264,31.4584,501,52623,0.896099,0.85,2,915600,915099,501
58373181,26.6199,24.3471,533,55238,0.871769,1,2,917404,916871,533
58376101,19.648,28.3388,517,55276,0.846707,1,2,917419,916902,517
58393621,31.8893,25.7243,523,55504,0.405841,1,1,917603,917080,523
58405301,24.6676,27.7401,506,55656,0.201958,1,1,917686,917180,506
58414061,24.2107,29.4474,494,55770,0.0957253,0.92,1,917765,917271,494
58416981,21.0843,23.7789,493,55808,0.0442901,0.92,1,917784,917291,493
58419901,26.4337,23.3116,500,55846,0.047716,0.93,1,917814,917314,500
58422821,29.7735,29.1246,499,55884,0.0850864,0.89,1,917846,917347,499
58425741,21.5094,32.0499,481,55922,0.0640346,0.85,1,917862,917381,481
58428661,18.2038,26.6199,474,55960,0.0796138,0.83,1,917878,917404,474
58431581,15.0815,19.648,472,55998,0.0978455,0.67,1,917891,917419,472
58437421,28.813,27.8637,482,56074,0.0960553,0.53,1,917953,917471,482
58469541,21.9791,24.2107,423,56482,0.220551,0.01,1,918188,917765,423
58472461,19.5916,21.0843,422,56519,0.21422,0.05,1,918206,917784,422
58489981,24.9095,24.0326,428,56741,0.213423,0.09,1,918349,917921,428
58492901,27.9638,28.813,426,56778,0.271369,0.11,1,918379,917953,426
58495821,31.5855,31.3252,427,56815,0.282548,0.13,1,918413,917986,427
58498741,25.2342,24.5301,428,56852,0.299019,0.13,1,918434,918006,428
58527941,17.4966,19.5916,428,57222,0.416926,0.13,1,918634,918206,428
58530861,24.9986,27.0366,426,57259,0.40077,0.17,1,918664,918238,426
58533781,32.1995,31.2147,429,57296,0.406308,0.19,1,918701,918272,429
58536701,23.6798,22.0859,431,57333,0.408523,0.19,1,918719,918288,431
58539621,19.0719,18.4343,431,57370,0.409409,0.19,1,918735,918304,431
58542541,16.6288,15.7737,432,57407,0.433764,0.23,1,918750,918318,432
58644741,33.4827,25.1689,487,58673,0.753859,0.57,2,919591,919104,487
58647661,24.1931,32.8675,467,58709,0.763544,0.57,2,919609,919142,467
58650581,19.2772,23.947,465,58745,0.779417,0.59,2,919625,919160,465
58653501,19.1109,19.7788,467,58781,0.773767,0.59,2,919644,919177,467
58656421,28.0444,18.1115,484,58817,0.795507,0.61,2,919678,919194,484
58659341,31.0177,27.0446,484,58853,0.804203,0.61,2,919711,919227,484
58662261,35.2071,30.6178,489,58889,0.819681,0.63,2,919749,919260,489
58665181,27.2828,33.8471,475,58925,0.825872,0.65,2,919771,919296,475
58668101,12.1131,26.7389,455,58961,0.828349,0.65,2,919773,919318,455
58671021,21.6453,11.8955,481,58997,0.84134,0.65,2,919801,919320,481
58673941,21.8581,21.5582,475,59033,0.846536,0.65,2,919823,919348,475
58676861,18.9432,21.8233,470,59069,0.860614,0.65,2,919840,919370,470
58679781,8.7773,18.3293,456,59105,0.842246,0.69,2,919842,919386,456
58682701,14.3109,18.1317,456,59141,0.834898,0.71,2,919860,919404,456
58685621,20.7244,21.6527,457,59177,0.867959,0.73,2,919885,919428,457
58688541,26.8897,27.2611,457,59213,0.869184,0.73,2,919916,919459,457
58691461,27.5559,27.1044,458,59248,0.857673,0.73,2,919944,919486,458
58694381,24.2224,24.0418,458,59283,0.865069,0.73,2,919966,919508,458
58697301,18.0889,18.0167,458,59318,0.868028,0.73,2,919980,919522,458
58700221,25.8356,25.2067,459,59353,0.881211,0.77,2,920011,919552,459
58703141,34.3342,33.4827,460,59388,0.886484,0.77,2,920051,919591,460
58706061,25.1337,24.1931,461,59423,0.876594,0.79,2,920070,919609,461
58708981,19.6535,19.2772,461,59458,0.872638,0.77,2,920086,919625,461
58711901,18.6614,19.1109,460,59493,0.871055,0.81,2,920104,919644,460
58911921,336.777,349.835,503,27740,0.43,1,1,922183,921680,503
58927981,200.711,220.334,479,29200,0.214,0.67,1,922293,921814,479
58977621,153.914,180.693,424,29200,0.20824,0.07,1,922556,922132,424
58998061,45.017,48.8105,441,29704,0.20455,0.09,1,922820,922379,441
59000981,54.0068,44.1242,460,29775,0.20782,0.11,1,922880,922420,460
59003901,49.8027,51.8497,450,29846,0.221128,0.19,1,922927,922477,450
59006821,55.9211,62.7399,440,29917,0.250451,0.15,1,922987,922547,440
59009741,30.7684,41.2959,427,29988,0.28618,0.11,1,923001,922574,427
59015581,24.7229,27.0074,426,30129,0.270189,0.17,1,923052,922626,426
59018501,53.0892,53.4029,427,30199,0.294076,0.19,1,923124,922697,427
59041861,30.5427,30.3061,435,30755,0.408181,0.25,1,923466,923031,435
59044781,24.2171,24.7224,434,30824,0.421273,0.31,1,923486,923052,434
59103181,24.8489,31.9675,471,32168,0.772918,0.61,2,924379,923908,471
59106101,54.9395,24.787,526,32234,0.807167,0.59,2,924454,923928,526
59109021,44.1758,55.5148,487,32300,0.808867,0.65,2,924491,924004,487
59111941,50.6703,42.6059,508,32365,0.857547,0.63,2,924546,924038,508
59240421,48.8009,34.5374,541,35124,0.867693,1,2,926437,925896,541
59243341,39.3204,48.6149,516,35184,0.893077,1,2,926470,925954,516
59246261,67.3281,50.646,550,35244,0.867231,1,2,926556,926006,550
59249181,47.9313,62.2584,515,35304,0.820892,1,2,926591,926076,515
59252101,71.9725,53.1034,556,35364,0.778357,1,2,926679,926123,556
59333861,21.9813,22.3675,446,37000,0.758593,0.57,2,927686,927240,446
59339701,25.597,25.7788,447,37114,0.753775,0.49,2,927739,927292,447
59342621,19.8388,20.5115,446,37171,0.76351,0.49,2,927755,927309,446
59345541,33.7355,8.20461,489,37228,0.767404,0.57,2,927798,927309,489
59348461,36.8942,28.4818,486,37285,0.768962,0.53,2,927837,927351,486
59351381,60.9577,34.7927,524,37342,0.757585,0.61,2,927914,927390,524
59354301,43.5831,58.9171,481,37399,0.765034,0.59,2,927946,927465,481
59357221,69.6332,42.1668,537,37455,0.780014,0.65,2,928033,927496,537
59360141,46.4533,67.2667,484,37511,0.798005,0.67,2,928064,927580,484
59363061,40.7813,44.9067,491,37567,0.841202,0.73,2,928101,927610,491
59365981,31.9125,38.3627,483,37623,0.870481,0.77,2,928127,927644,483
59368901,22.365,30.9451,473,37679,0.882192,0.77,2,928143,927670,473
59371821,24.546,21.978,483,37735,0.886877,0.71,2,928169,927686,483
59570381,324.712,357.709,480,17520,0.801828,1,2,930722,930242,480
59622941,42.071,62.4589,478,20239,0.766978,0.63,2,932065,931587,478
59625861,79.8284,41.7836,555,20344,0.816791,0.63,2,932170,931615,555
59628781,115.931,78.5134,592,20448,0.872716,0.65,2,932310,931718,592
59716381,52.1475,74.0653,518,23359,0.878799,1,2,934325,933807,518
59725141,85.5854,52.7162,587,23630,0.418403,1,1,934560,933973,587
59728061,53.4342,88.8865,506,23720,0.281361,1,1,934592,934086,506
59733901,75.9895,81.4218,543,23898,0.0870178,0.92,1,934759,934216,543
59736821,47.7958,76.3687,499,23987,0.0528071,0.83,1,934788,934289,499
59739741,20.3183,52.1475,465,24075,0.0391228,0.61,1,934790,934325,465
59742661,55.5273,76.659,451,24163,0.0816491,0.59,1,934869,934418,451
59745581,40.2109,50.4636,448,24251,0.0746597,0.27,1,934899,934451,448
59748501,73.0844,85.5854,434,24338,0.0958639,0.19,1,934994,934560,434
59754341,67.4935,75.9737,422,24512,0.0837382,0.05,1,935105,934683,422
59757261,73.1974,75.9895,423,24598,0.0874953,0.03,1,935182,934759,423
59763101,19.8716,20.3183,423,24770,0.0823992,0.11,1,935213,934790,423
59774781,47.5871,47.2337,425,25111,0.213165,0.07,1,935449,935024,425
59777701,68.8348,67.4935,427,25195,0.235266,0.09,1,935532,935105,427
59780621,71.9339,73.1974,424,25279,0.208106,0.11,1,935606,935182,424
59783541,46.7736,46.679,425,25363,0.209243,0.07,1,935636,935211,425
59786461,19.9094,19.8716,425,25447,0.209697,0.07,1,935638,935213,425
59789381,58.3638,7.94863,509,25530,0.221879,0.19,1,935722,935213,509
59792301,40.7455,51.7795,457,25613,0.214752,0.21,1,935751,935294,457
59795221,75.0982,37.5118,527,25696,0.235901,0.19,1,935849,935322,527
59798141,48.0393,73.2047,460,25778,0.25636,0.23,1,935879,935419,460
59801061,69.6157,47.2819,514,25860,0.264544,0.25,1,935963,935449,514
59812741,60.1646,19.9016,516,26186,0.297604,0.23,1,936154,935638,516
59815661,40.8658,58.3606,460,26267,0.293042,0.21,1,936182,935722,460
59821501,49.1385,75.0977,464,26428,0.403287,0.27,1,936313,935849,464
59859461,21.0074,20.2275,449,27451,0.760395,0.57,2,936953,936504,449
59862381,60.603,59.091,451,27528,0.778158,0.57,2,937040,936589,451
59865301,41.0412,41.0364,450,27605,0.809263,0.61,2,937068,936618,450
59868221,17.6165,17.6146,450,27682,0.797705,0.69,2,937070,936620,450
59871141,71.8466,69.4458,454,27759,0.823082,0.65,2,937178,936724,454
59874061,47.9386,46.9783,454,27835,0.875233,0.75,2,937210,936756,454
60008381,52.9799,55.6665,491,31139,0.8956,1,2,939556,939065,491
60011301,37.392,38.4666,491,31207,0.89224,1,2,939583,939092,491
60014221,33.5568,37.5866,485,31275,0.830896,1,2,939614,939129,485
60020061,67.0491,23.7739,557,31411,0.426943,1,1,939760,939203,557
60028821,40.6751,45.0575,511,31612,0.0914044,1,1,939878,939367,511
60031741,46.8701,45.023,517,31679,0.0785618,1,1,939929,939412,517
60034661,41.548,45.0092,510,31746,0.0494247,0.94,1,939967,939457,510
60037581,47.2192,40.8037,523,31813,0.0257699,0.85,1,940018,939495,523
60040501,35.0877,52.9215,489,31880,0.040308,0.89,1,940045,939556,489
60043421,30.8351,37.3686,490,31946,0.0161232,0.79,1,940073,939583,490
60046341,49.534,33.5474,521,32012,0.0244493,0.55,1,940135,939614,521
60049261,58.2136,56.619,513,32078,0.0517797,0.27,1,940199,939686,513
60052181,37.0854,67.0476,462,32144,0.0867119,0.23,1,940222,939760,462
60055101,41.2342,44.219,477,32210,0.0406848,0.05,1,940266,939789,477
60058021,36.2937,50.6876,455,32276,0.0222739,0.05,1,940299,939844,455
60060941,45.7175,40.675,473,32342,0.0509096,0.07,1,940351,939878,473
60063861,41.687,46.87,461,32407,0.0383638,0.03,1,940390,939929,461
60066781,46.0748,41.548,472,32472,0.0813455,0.01,1,940439,939967,472
60069701,35.8299,47.2192,450,32537,0.0505382,0.05,1,940468,940018,450
60072621,31.132,35.0877,451,32602,0.0502153,0,1,940496,940045,451
60075541,49.0528,30.8351,484,32667,0.0380861,0.03,1,940557,940073,484
60078461,59.2211,49.534,488,32732,0.0692344,0.07,1,940623,940135,488
60081381,24.8884,58.2136,426,32797,0.0936938,0.11,1,940625,940199,426
60093061,45.6035,45.7175,425,33053,0.0756946,0.03,1,940776,940351,425
60095981,41.0414,41.687,424,33117,0.0722778,0.11,1,940814,940390,424
60098901,45.2166,46.0748,423,33181,0.0709111,0.03,1,940862,940439,423
60101821,35.4866,35.8299,423,33245,0.0823645,0.05,1,940891,940468,423
60104741,31.5947,31.132,424,33309,0.0749458,0.03,1,940920,940496,424
60107661,48.6379,49.0528,423,33372,0.0599783,0.09,1,940980,940557,423
60110581,62.0551,59.2211,428,33435,0.0539913,0.11,1,941051,940623,428
60113501,26.0221,24.8884,428,33498,0.0515965,0.19,1,941053,940625,428
60116421,26.6088,25.5554,429,33561,0.0506386,0.15,1,941080,940651,429
60119341,32.2435,33.0222,427,33624,0.0862554,0.09,1,941116,940689,427
60125181,43.439,45.6035,423,33750,0.0822009,0.07,1,941199,940776,423
60128101,40.1756,41.0414,423,33813,0.0988804,0.07,1,941237,940814,423
60154381,32.1918,25.8574,456,34372,0.217472,0.11,1,941572,941116,456
60157301,43.4767,29.543,475,34434,0.224989,0.07,1,941623,941148,475
60160221,40.1907,42.4172,462,34495,0.227995,0.11,1,941661,941199,462
60163141,48.4763,39.7669,478,34556,0.229198,0.17,1,941715,941237,478
60166061,36.1905,46.5067,455,34617,0.229679,0.19,1,941743,941288,455
60168981,33.0762,34.8027,459,34678,0.277872,0.15,1,941774,941315,459
60171901,48.0305,31.9211,487,34739,0.273149,0.17,1,941832,941345,487
60174821,61.8122,46.9684,501,34800,0.271259,0.17,1,941903,941402,501
60177741,25.9249,61.9874,431,34861,0.270504,0.17,1,941905,941474,431
60180661,27.77,25.9949,458,34922,0.282202,0.19,1,941934,941476,458
60201101,33.9257,36.1905,465,35343,0.425123,0.31,1,942208,941743,465
60247821,28.6492,28.3917,447,36289,0.76173,0.55,2,942816,942369,447
60250741,36.0597,34.7567,449,36347,0.754692,0.55,2,942857,942408,449
60253661,15.6239,15.1027,449,36405,0.751877,0.57,2,942859,942410,449
60256581,26.6496,25.8411,450,36463,0.750751,0.65,2,942893,942443,450
60259501,43.0598,41.5364,452,36521,0.7623,0.63,2,942947,942495,452
60262421,41.2239,40.0146,453,36579,0.79092,0.69,2,942987,942534,453
60265341,49.4896,48.4058,454,36637,0.790368,0.67,2,943042,942588,454
60268261,38.9958,37.9623,455,36695,0.790147,0.65,2,943074,942619,455
60271181,35.3983,34.9849,455,36753,0.814059,0.73,2,943107,942652,455
60274101,50.1593,49.394,456,36810,0.847624,0.73,2,943167,942711,456
60277021,65.0637,63.5576,458,36867,0.885049,0.77,2,943242,942784,458
60428861,38.9682,32.3721,517,39737,0.8644,1,2,945230,944713,517
60431781,26.9873,30.9488,506,39790,0.77176,1,2,945249,944743,506
60452221,26.744,14.2791,510,40161,0.271759,1,1,945456,944946,510
60455141,28.0976,23.1117,510,40214,0.234704,1,1,945485,944975,510
60496021,44.6837,28.0976,489,40943,0.212502,0.09,1,945974,945485,489
60498941,67.0735,47.239,511,40995,0.247001,0.21,1,946056,945545,511
60501861,47.2294,69.2956,461,41046,0.2608,0.07,1,946090,945629,461
60504781,35.6918,48.7182,454,41097,0.26632,0.09,1,946118,945664,454
60507701,23.2767,34.4873,444,41148,0.280528,0.11,1,946133,945689,444
60609901,24.9022,24.1428,451,42906,0.754015,0.61,2,947209,946758,451
60612821,11.1609,10.8571,451,42955,0.763606,0.63,2,947211,946760,451
60621581,70.3623,41.1829,538,43102,0.780151,0.65,2,947389,946851,538
60624501,49.1449,68.6731,486,43151,0.78606,0.67,2,947424,946938,486
60627421,37.058,47.8693,481,43200,0.800424,0.69,2,947453,946972,481
60630341,24.4232,35.9477,469,43249,0.81817,0.65,2,947469,947000,469
60633261,33.1693,23.9791,492,43298,0.837268,0.71,2,947508,947016,492
60636181,25.2677,32.3916,474,43347,0.856907,0.69,2,947528,947054,474
60639101,26.9071,25.5567,481,43396,0.876763,0.67,2,947556,947075,481
60642021,26.3628,26.4227,480,43445,0.896705,0.69,2,947582,947102,480
60831821,29.0192,29.0249,528,46496,0.860707,0.98,2,949683,949155,528
60834741,54.8077,36.81,558,46541,0.830283,1,2,949755,949197,558
60837661,39.3231,66.924,500,46586,0.794113,0.92,2,949784,949284,500
60840581,35.5292,40.5696,510,46631,0.791645,1,2,949817,949307,510
60843501,34.0117,37.8278,507,46676,0.778658,1,2,949850,949343,507
60846421,32.8047,36.1311,504,46721,0.809463,1,2,949882,949378,504
60849341,27.5219,33.0525,497,46766,0.773785,0.99,2,949906,949409,497
60852261,18.8087,28.821,484,46811,0.795514,0.91,2,949919,949435,484
60855181,19.5235,20.5284,489,46856,0.780206,0.97,2,949939,949450,489
60861021,29.0438,29.5645,495,46946,0.769233,0.95,2,950002,949507,495
60863941,33.2175,31.6258,498,46991,0.769693,0.97,2,950038,949540,498
60866861,25.887,31.2503,488,47036,0.817877,0.89,2,950059,949571,488
60869781,31.3548,26.3001,500,47081,0.813151,0.89,2,950094,949594,500
60872701,25.1419,32.1201,485,47126,0.82326,0.91,2,950115,949630,485
60875621,28.0568,26.048,493,47171,0.839304,0.83,2,950145,949652,493
60878541,52.6227,29.0192,531,47216,0.869722,0.81,2,950214,949683,531
60881461,39.6491,54.8077,490,47261,0.893889,0.77,2,950245,949755,490
61119441,211.495,213.492,488,23451,0.2236,0.93,1,952985,952497,488
61142801,35.1327,42.4076,423,24164,0.226356,0.07,1,953408,952985,423
61148641,80.8612,80.1052,428,24339,0.215017,0.15,1,953600,953172,428
61151561,69.5445,68.6421,429,24426,0.236007,0.17,1,953662,953233,429
61154481,57.8178,56.8568,430,24513,0.268403,0.17,1,953712,953282,430
61169081,80.5274,80.6088,431,24942,0.448889,0.23,1,953950,953519,431
61224561,61.7343,72.5455,501,26509,0.754602,0.57,2,955044,954543,501
61227481,44.4937,60.2182,482,26589,0.787841,0.57,2,955077,954595,482
61230401,34.5975,43.2873,478,26669,0.813136,0.57,2,955105,954627,478
61233321,31.839,34.7149,479,26748,0.823255,0.59,2,955135,954656,479
61236241,36.7356,32.486,488,26827,0.839302,0.55,2,955175,954687,488
61239161,83.6942,36.9944,563,26906,0.869721,0.57,2,955290,954727,563
61242081,34.6777,82.5978,452,26985,0.881888,0.67,2,955292,954840,452
61396841,38.9444,37.458,493,30867,0.8884,1,2,958029,957536,493
61405601,56.5644,49.1013,503,31072,0.205418,1,1,958203,957700,503
61408521,55.6258,63.4405,485,31140,0.088167,1,1,958258,957773,485
61411441,51.0503,46.9762,497,31208,0.0532668,1,1,958306,957809,497
61414361,42.6201,43.3905,493,31276,0.0393067,1,1,958343,957850,493
61417281,39.248,17.3562,530,31344,0.0457227,1,1,958380,957850,530
61420201,42.6992,36.3425,526,31412,0.0242891,1,1,958425,957899,526
61423121,34.4797,48.737,498,31479,0.00971563,0.91,1,958454,957956,498
61426041,34.7919,41.6948,496,31546,0.00388625,0.85,1,958489,957993,496
61428961,34.3168,38.2779,494,31613,0.0075545,0.51,1,958523,958029,494
61431881,50.3267,46.5112,503,31680,0.0330218,0.39,1,958584,958081,503
61434801,46.5307,58.8045,480,31747,0.0312087,0.01,1,958628,958148,480
61437721,49.8123,56.5218,477,31814,0.0184835,0.01,1,958680,958203,477
61440641,49.3249,55.6087,471,31881,0.00739339,0.03,1,958729,958258,471
61443561,41.33,51.0435,459,31947,0.0689574,0.03,1,958765,958306,459
61446481,39.332,42.6174,460,32013,0.0455829,0.05,1,958803,958343,460
61449401,41.5328,39.247,466,32079,0.0182332,0.01,1,958846,958380,466
61452321,34.0131,42.6988,450,32145,0.00729327,0,1,958875,958425,450
61455241,35.2052,34.4795,457,32211,0.00291731,0,1,958911,958454,457
61458161,35.0821,34.7918,457,32277,0.00716692,0.01,1,958946,958489,457
61461081,50.6328,34.3167,484,32343,0.0448668,0.05,1,959007,958523,484
61464001,45.4531,50.3267,465,32408,0.0479467,0.03,1,959049,958584,465
61466921,49.9813,46.5307,474,32473,0.0251787,0.01,1,959102,958628,474
61469841,49.3925,49.8123,471,32538,0.0100715,0,1,959151,958680,471
61472761,44.357,49.3249,463,32603,0.0220286,0.11,1,959192,958729,463
61475681,36.9428,41.33,459,32668,0.0148114,0.03,1,959224,958765,459
61478601,41.7771,39.332,466,32733,0.0239246,0,1,959269,958803,466
61481521,17.9108,41.5328,425,32798,0.00956983,0,1,959271,958846,425
61484441,22.7643,34.0131,422,32862,0.00982793,0,1,959297,958875,422
61487361,31.9057,35.2052,424,32926,0.00993117,0.01,1,959335,958911,424
61490281,33.7623,35.0821,424,32990,0.0579725,0.07,1,959370,958946,424
61493201,50.7049,50.6328,425,33054,0.077189,0.05,1,959432,959007,425
61496121,44.882,45.4531,424,33118,0.0728756,0.01,1,959473,959049,424
61499041,48.5528,49.9813,422,33182,0.0591502,0,1,959524,959102,422
61501961,48.8211,49.3925,422,33246,0.0236601,0.03,1,959573,959151,422
61504881,44.7284,44.357,423,33310,0.039464,0.01,1,959615,959192,423
61507801,38.2914,36.9428,425,33373,0.0457856,0.03,1,959649,959224,425
61510721,41.7166,41.7771,424,33436,0.0363142,0,1,959693,959269,424
61513641,17.8866,17.9108,424,33499,0.0325257,0.01,1,959695,959271,424
61516561,21.5546,22.7643,422,33562,0.0190103,0.01,1,959719,959297,422
61519481,31.4219,31.9057,422,33625,0.0736041,0.09,1,959757,959335,422
61522401,35.3687,33.7623,425,33688,0.0474416,0.09,1,959795,959370,425
61525321,50.7475,50.7049,424,33751,0.0489767,0.07,1,959856,959432,424
61528241,44.299,44.882,423,33814,0.0495907,0.05,1,959896,959473,423
61531161,47.7196,48.5528,422,33877,0.0618363,0,1,959946,959524,422
61534081,48.4878,48.8211,422,33939,0.0247345,0.05,1,959995,959573,422
61537001,44.5951,44.7284,422,34001,0.0158938,0.05,1,960037,959615,422
61539921,38.2381,38.2914,422,34063,0.00635752,0.03,1,960071,959649,422
61542841,41.6952,41.7166,422,34125,0.032543,0.03,1,960115,959693,422
61545761,17.8781,17.8866,422,34187,0.0430172,0.01,1,960117,959695,422
61548681,21.5512,21.5546,422,34249,0.0472069,0.01,1,960141,959719,422
61551601,31.4205,8.62186,460,34311,0.0368828,0.11,1,960179,959719,460
61554521,34.7682,26.2487,459,34373,0.0447531,0.03,1,960216,959757,459
61557441,50.5073,33.2995,482,34435,0.0359012,0.05,1,960277,959795,482
61560361,44.2029,49.9198,461,34496,0.0683605,0.05,1,960317,959856,461
61563281,48.2812,43.9679,472,34557,0.0453442,0.07,1,960368,959896,472
61566201,48.1125,47.5872,470,34618,0.0181377,0,1,960416,959946,470
61569121,44.445,48.4349,463,34679,0.0252551,0.01,1,960458,959995,463
61572041,38.178,44.5739,455,34740,0.016102,0,1,960492,960037,455
61574961,41.6712,38.2296,465,34801,0.0484408,0.05,1,960536,960071,465
61577881,17.8685,41.6918,423,34862,0.0613763,0.05,1,960538,960115,423
61580801,21.5474,17.8767,445,34923,0.0665505,0.05,1,960562,960117,445
61583721,32.619,21.5507,461,34984,0.0326202,0.03,1,960602,960141,461
61586641,35.2476,31.4203,460,35044,0.0670481,0.05,1,960639,960179,460
61589561,50.099,34.7681,483,35104,0.0808192,0.03,1,960699,960216,483
61598321,47.0543,48.2812,469,35284,0.0615724,0,1,960837,960368,469
61601241,45.2217,48.1125,465,35344,0.042629,0.03,1,960881,960416,465
61604161,37.8887,44.445,456,35404,0.0230516,0.01,1,960914,960458,456
61607081,42.7555,38.178,468,35464,0.0392206,0.07,1,960960,960492,468
61610001,18.3022,41.6712,426,35524,0.0456883,0.07,1,960962,960536,426
61612921,20.5209,17.8685,446,35584,0.0482753,0.07,1,960984,960538,446
61615841,34.0084,21.5474,465,35643,0.0253101,0.01,1,961027,960562,465
61618761,14.8033,32.619,427,35702,0.016124,0.09,1,961029,960602,427
61621681,27.5213,35.2476,426,35761,0.0484496,0.09,1,961065,960639,426
61630441,47.3614,47.1358,429,35938,0.201101,0.01,1,961219,960790,429
61633361,42.9445,47.0543,422,35997,0.20644,0.03,1,961259,960837,422
61645041,18.4754,18.3022,424,36232,0.228533,0.05,1,961386,960962,424
61647961,20.5902,20.5209,424,36290,0.217413,0.01,1,961408,960984,424
61650881,33.4361,34.0084,423,36348,0.212965,0.01,1,961450,961027,423
61656721,27.4298,27.5213,423,36464,0.212874,0.15,1,961488,961065,423
61659641,49.3719,47.0085,427,36522,0.25915,0.19,1,961552,961125,427
61665481,49.4195,47.3614,431,36638,0.294664,0.21,1,961650,961219,431
61668401,43.1678,42.9445,430,36696,0.279866,0.17,1,961689,961259,430
61671321,43.0671,44.1778,428,36754,0.285946,0.17,1,961732,961304,428
61674241,38.2268,37.4711,430,36811,0.276379,0.21,1,961767,961337,430
61680081,19.0763,18.4754,432,36925,0.297421,0.21,1,961818,961386,432
61683001,20.8305,20.5902,432,36982,0.292968,0.21,1,961840,961408,432
61712201,45.2147,38.1594,484,37550,0.439283,0.33,1,962251,961767,484
61715121,19.2859,44.6638,437,37606,0.433713,0.29,1,962253,961816,437
61718041,20.9144,19.0655,457,37662,0.443485,0.29,1,962275,961818,457
61773521,40.0591,50.7827,451,38715,0.766121,0.63,2,962973,962522,451
61776441,41.8236,44.3131,454,38770,0.816448,0.65,2,963016,962562,454
61779361,43.1294,44.1252,454,38824,0.872579,0.67,2,963060,962606,454
61782281,41.2518,41.0501,455,38878,0.883032,0.65,2,963100,962645,455
61785201,45.3007,45.82,454,38932,0.899213,0.65,2,963148,962694,454
61983761,35.1494,32.7425,487,42462,0.268728,1,1,965557,965070,487
61986681,23.6598,28.697,477,42512,0.233491,1,1,965573,965096,477
61992521,33.0656,32.4315,486,42612,0.0937586,1,1,965647,965161,486
61995441,23.4262,26.1726,481,42662,0.0375034,1,1,965664,965183,481
61998361,42.3705,38.669,489,42711,0.0330014,1,1,965719,965230,489
62001281,39.7482,49.6676,470,42760,0.0792006,0.96,1,965757,965287,470
62004201,33.8993,39.667,467,42809,0.0496802,0.93,1,965787,965320,467
62007121,33.9597,36.2668,467,42858,0.0618721,0.87,1,965821,965354,467
62010041,28.5839,31.3067,464,42907,0.0667488,0.61,1,965846,965382,464
62012961,27.0336,33.5227,455,42956,0.0686995,0.57,1,965872,965417,455
62015881,26.4134,33.2091,448,43005,0.0694798,0.57,1,965898,965450,448
62018801,28.5654,13.2836,478,43054,0.0697919,0.39,1,965928,965450,478
62021721,27.6261,28.7135,466,43103,0.0939168,0.27,1,965955,965489,466
62024641,31.4505,30.6854,468,43152,0.0555667,0.21,1,965989,965521,468
62027561,20.3802,33.8742,445,43201,0.0642267,0.21,1,966002,965557,445
62036321,22.5443,32.9839,439,43348,0.0609905,0,1,966086,965647,439
62039241,41.4177,23.3936,476,43397,0.0663962,0.03,1,966140,965664,476
62042161,39.9671,42.3574,460,43446,0.0445585,0.11,1,966179,965719,460
62045081,33.3868,39.743,451,43495,0.0478234,0.03,1,966208,965757,451
62048001,35.5547,33.8972,458,43544,0.0971294,0.07,1,966245,965787,458
62059681,30.747,26.4134,455,43736,0.0707905,0.07,1,966353,965898,455
62062601,27.8988,28.5653,451,43784,0.0823162,0.11,1,966379,965928,451
62080121,40.2674,22.5443,475,44072,0.0952639,0.07,1,966561,966086,475
62083041,39.507,41.4177,460,44120,0.0681055,0.03,1,966600,966140,460
62085961,35.6028,39.9671,454,44168,0.0572422,0.05,1,966633,966179,454
62088881,35.2411,33.3868,460,44216,0.0648969,0.13,1,966668,966208,460
62091801,29.0964,35.5547,448,44264,0.0559588,0.11,1,966693,966245,448
62094721,29.0386,27.4219,455,44312,0.0883835,0.13,1,966722,966267,455
62118081,30.6677,30.4214,429,44691,0.212514,0.13,1,966922,966493,429
62121001,19.4671,21.1686,426,44738,0.223006,0.07,1,966934,966508,426
62123921,37.1868,40.2674,422,44785,0.263202,0.05,1,966983,966561,422
62126841,38.8747,39.507,423,44832,0.231281,0.05,1,967023,966600,423
62147281,28.5155,28.4505,427,45161,0.215101,0.11,1,967231,966804,427
62150201,12.6062,12.5802,427,45208,0.224041,0.13,1,967233,966806,427
62153121,26.0425,25.4321,428,45255,0.215616,0.17,1,967268,966840,428
62156041,20.617,19.1728,430,45302,0.248246,0.21,1,967285,966855,430
62158961,30.4468,28.6691,432,45349,0.249299,0.23,1,967322,966890,432
62161881,31.9787,30.6677,433,45396,0.261719,0.23,1,967355,966922,433
62164801,19.9915,19.4671,433,45442,0.278688,0.29,1,967367,966934,433
62167721,36.7966,37.1868,432,45488,0.297475,0.21,1,967415,966983,432
62199841,21.7434,10.417,451,45994,0.403482,0.27,1,967719,967268,451
62202761,30.2974,14.3668,470,46040,0.419393,0.25,1,967755,967285,470
62205681,33.1189,27.9467,468,46086,0.425757,0.27,1,967790,967322,468
62208601,20.4476,30.9787,447,46132,0.428303,0.29,1,967802,967355,447
62211521,36.979,19.5915,483,46178,0.441321,0.31,1,967850,967367,483
62214441,38.7916,36.6366,475,46224,0.422528,0.31,1,967890,967415,475
62217361,33.5166,38.0546,466,46270,0.427011,0.31,1,967920,967454,466
62220281,36.2067,33.2219,474,46316,0.440805,0.33,1,967958,967484,474
62302041,35.7073,36.0707,450,47573,0.757091,0.61,2,968741,968291,450
62304961,40.0829,39.0283,452,47617,0.788837,0.61,2,968784,968332,452
62307881,34.0332,33.6113,452,47661,0.825535,0.65,2,968814,968362,452
62310801,38.2133,36.8445,454,47705,0.852214,0.67,2,968855,968401,454
62313721,32.0853,30.9378,455,47749,0.850886,0.65,2,968883,968428,455
62316641,32.0341,32.1751,454,47793,0.850354,0.65,2,968915,968461,454
62319561,26.6136,26.67,454,47837,0.886142,0.65,2,968938,968484,454
62526881,30.6312,27.9204,512,50872,0.853387,1,2,971031,970519,512
62529801,23.0525,29.1681,500,50913,0.827355,1,2,971049,970549,500
62532721,23.621,25.4673,501,50954,0.816942,1,2,971073,970572,501
62535641,28.6484,20.3869,516,50995,0.800777,1,2,971105,970589,516
62538561,29.4594,18.9548,528,51036,0.794311,1,2,971135,970607,528
62541481,19.5837,21.3819,518,51077,0.779724,1,2,971148,970630,518
62544401,18.6335,39.7528,484,51118,0.76189,1,2,971166,970682,484
62547321,28.4534,33.9011,489,51159,0.778756,1,2,971201,970712,489
62550241,28.1814,37.5604,477,51200,0.809502,1,2,971229,970752,477
62553161,37.0725,37.2242,483,51241,0.857801,0.93,2,971272,970789,483
62556081,27.429,32.2897,475,51282,0.88912,1,2,971293,970818,475
62559001,27.7716,30.3159,474,51323,0.889648,1,2,971321,970847,474
62561921,29.1086,31.9263,471,51364,0.865859,0.95,2,971351,970880,471
62564841,29.6435,31.9705,469,51405,0.880344,0.91,2,971381,970912,469
62567761,26.2574,28.9882,466,51446,0.862138,0.93,2,971405,970939,466
62570681,26.703,27.1953,467,51487,0.866855,0.91,2,971432,970965,467
62573601,31.6812,33.0781,465,51528,0.844742,0.81,2,971467,971002,465
62576521,28.8725,30.6312,463,51569,0.847897,0.81,2,971494,971031,463
62579441,22.949,23.0525,464,51610,0.885159,0.81,2,971513,971049,464
62582361,21.1796,23.621,460,51651,0.888063,0.79,2,971533,971073,460
62588201,28.8287,29.4594,459,51733,0.88249,0.77,2,971594,971135,459
62591121,19.3315,19.5837,459,51774,0.886996,0.77,2,971607,971148,459
62594041,17.9326,7.8335,476,51815,0.876798,0.75,2,971624,971148,476
62596961,27.573,13.9334,492,51856,0.896719,0.79,2,971658,971166,492
62881661,311.231,361.855,454,24820,0.41944,0.53,1,974328,973874,454
62890421,75.7908,83.9267,457,25798,0.0928442,0.01,1,974514,974057,457
62893341,58.5163,70.1707,443,25880,0.0431377,0.05,1,974561,974118,443
62896261,52.2065,52.6683,450,25962,0.0232551,0.05,1,974609,974159,450
62899181,57.4826,57.6673,450,26044,0.00930202,0.03,1,974670,974220,450
62902101,51.793,68.6669,422,26125,0.0457208,0.03,1,974718,974296,422
62905021,35.7172,32.2668,439,26206,0.0722883,0.05,1,974743,974304,439
62907941,55.6869,27.3067,484,26287,0.0829153,0.05,1,974812,974328,484
62910861,64.8748,48.1227,493,26368,0.0751661,0.13,1,974883,974390,493
62913781,58.3499,60.0491,479,26448,0.0720665,0.05,1,974937,974458,479
62916701,50.34,57.6196,468,26528,0.0708266,0.01,1,974982,974514,468
62919621,49.536,51.2479,470,26608,0.0343306,0.01,1,975031,974561,470
62922541,58.2144,49.2991,486,26688,0.0437323,0,1,975095,974609,486
62925461,50.8858,56.3197,471,26767,0.0474929,0.07,1,975141,974670,471
62928381,36.5543,51.3279,450,26846,0.0609972,0.09,1,975168,974718,450
62931301,15.8217,35.5311,427,26925,0.0663989,0.09,1,975170,974743,427
62934221,45.9287,55.6125,424,27004,0.0925595,0.07,1,975236,974812,424
62942981,48.0114,50.3352,422,27238,0.202964,0.01,1,975404,974982,422
62948821,57.4818,58.2136,422,27394,0.0624742,0.05,1,975517,975095,422
62951741,51.7927,50.8855,424,27471,0.0549897,0.07,1,975565,975141,424
62954661,38.1171,36.5542,426,27548,0.0759959,0.07,1,975594,975168,426
62957581,16.4468,15.8217,426,27625,0.0843983,0.11,1,975596,975170,426
62972181,44.0951,49.2046,422,28006,0.224611,0.03,1,975876,975454,422
62975101,55.4381,57.4818,422,28082,0.203845,0.05,1,975939,975517,422
62983861,17.228,16.4468,427,28307,0.205766,0.17,1,976023,975596,427
62986781,48.8912,46.7787,430,28382,0.232306,0.17,1,976093,975663,430
62989701,63.9565,18.7115,504,28457,0.230923,0.19,1,976167,975663,504
62992621,57.9826,51.8846,484,28531,0.254369,0.19,1,976221,975737,484
62995541,48.393,54.3538,470,28605,0.263748,0.19,1,976263,975793,470
62998461,45.7572,46.9415,472,28679,0.291499,0.25,1,976307,975835,472
63018901,59.6161,63.9535,488,29192,0.405987,0.27,1,976655,976167,488
63021821,49.6464,57.9814,477,29265,0.432395,0.27,1,976698,976221,477
63024741,47.4586,48.3926,481,29337,0.442958,0.31,1,976744,976263,481
63071461,68.2451,65.7301,450,30471,0.825705,0.57,2,977490,977040,450
63086061,54.6518,53.594,454,30816,0.882871,0.69,2,977705,977251,454
63088981,54.2607,52.6376,456,30885,0.887148,0.73,2,977759,977303,456
63223301,67.3739,71.2947,483,33893,0.882024,1,2,979861,979378,483
63226221,67.1496,68.1179,484,33955,0.76681,1,2,979928,979444,484
63229141,45.4598,44.0472,487,34017,0.756724,1,2,979959,979472,487
63255421,63.7374,44.8658,544,34572,0.767284,0.85,2,980323,979779,544
63258341,60.8949,67.1463,521,34633,0.756913,0.69,2,980382,979861,521
63261261,44.158,67.0585,487,34694,0.764765,0.75,2,980415,979928,487
63264181,33.2632,45.4234,482,34755,0.779906,0.69,2,980441,979959,482
63267101,35.5053,35.5694,490,34816,0.809962,0.59,2,980478,979988,490
63270021,35.2021,37.0277,487,34877,0.833985,0.59,2,980513,980026,487
63272941,33.8808,34.6111,487,34938,0.843594,0.65,2,980546,980059,487
63275861,43.5523,32.4444,506,34999,0.859438,0.69,2,980596,980090,506
63278781,33.0209,41.1778,485,35059,0.877775,0.73,2,980622,980137,485
63281701,33.6084,33.2711,491,35119,0.88511,0.71,2,980656,980165,491
63287541,63.6973,40.8434,538,35239,0.898818,0.79,2,980782,980244,538
63296301,34.0046,44.158,486,35419,0.897284,0.79,2,980901,980415,486
63433541,51.9859,58.8147,518,38122,0.892336,1,2,982779,982261,518
63439381,36.6377,38.6903,508,38232,0.887974,1,2,982840,982332,508
63442301,40.4551,37.0761,515,38287,0.78119,1,2,982883,982368,515
63445221,31.782,36.4305,505,38342,0.774476,1,2,982909,982404,505
63483181,28.783,31.782,456,39052,0.415053,0.63,1,983365,982909,456
63486101,42.1132,43.3128,456,39106,0.436021,0.59,1,983416,982960,456
63524061,42.5189,42.1132,443,39802,0.755381,0.49,2,983859,983416,443
63526981,43.4076,40.8453,447,39855,0.788152,0.51,2,983903,983456,447
63529901,37.163,36.1381,447,39908,0.789261,0.57,2,983936,983489,447
63532821,35.2652,32.4552,451,39961,0.801704,0.57,2,983970,983519,451
63535741,35.7061,34.5821,451,40014,0.806682,0.63,2,984006,983555,451
63538661,23.8824,23.4328,451,40067,0.784673,0.63,2,984022,983571,451
63541581,22.153,9.37313,472,40120,0.763869,0.63,2,984043,983571,472
63544501,41.8612,15.1493,508,40173,0.791548,0.71,2,984098,983590,508
63547421,46.1445,37.2597,505,40226,0.802619,0.73,2,984147,983642,505
63550341,29.2578,44.9039,473,40278,0.807048,0.71,2,984165,983692,473
63553261,33.3031,28.1616,492,40330,0.820819,0.73,2,984201,983709,492
63556181,36.7212,33.4646,494,40382,0.814328,0.75,2,984240,983746,494
63559101,29.0885,36.1858,480,40434,0.811731,0.73,2,984264,983784,480
63562021,44.0354,28.2743,511,40486,0.810692,0.77,2,984318,983807,511
63564941,44.0142,42.5097,503,40538,0.834277,0.81,2,984362,983859,503
63567861,38.0057,43.4039,493,40590,0.867711,0.79,2,984396,983903,493
63570781,35.0023,37.1616,493,40642,0.869084,0.81,2,984429,983936,493
63731381,33.5167,37.2852,510,43407,0.877382,1,2,986329,985819,510
63734301,34.4067,32.9141,515,43456,0.824953,1,2,986364,985849,515
63737221,31.7627,36.5656,506,43505,0.803981,1,2,986394,985888,506
63751821,36.8724,37.0378,514,43745,0.446367,1,1,986577,986063,514
63757661,31.6996,34.846,510,43841,0.401419,1,1,986641,986131,510
63763501,31.8319,32.9354,506,43937,0.293427,0.89,1,986700,986194,506
63766421,28.9328,33.5741,499,43985,0.267371,0.98,1,986727,986228,499
63778101,30.3711,34.4067,487,44177,0.0877247,0.79,1,986851,986364,487
63781021,30.7484,31.7627,488,44225,0.0650899,0.69,1,986882,986394,488
63783941,36.8994,33.7051,494,44273,0.0440359,0.59,1,986923,986429,494
63786861,31.5597,39.882,478,44321,0.0356144,0.53,1,986951,986473,478
63789781,33.6239,33.9528,483,44369,0.0802458,0.45,1,986986,986503,483
63792701,32.0496,35.1811,478,44417,0.0860983,0.41,1,987017,986539,478
63795621,31.4198,36.8724,471,44464,0.0524393,0.35,1,987048,986577,471
63798541,13.7679,35.749,438,44511,0.0629757,0.41,1,987050,986612,438
63807301,28.1211,31.8319,435,44652,0.20635,0.25,1,987135,986700,435
63810221,25.6485,28.9328,432,44699,0.20854,0.15,1,987159,986727,432
63813141,28.2594,30.1731,431,44746,0.233416,0.17,1,987189,986758,431
63816061,28.7038,30.0692,430,44793,0.255366,0.07,1,987218,986788,430
63818981,28.2815,32.4277,424,44840,0.240147,0.07,1,987246,986822,424
63821901,28.7126,30.3711,424,44887,0.258059,0.05,1,987275,986851,424
63824821,30.085,30.7484,424,44934,0.265223,0.03,1,987306,986882,424
63827741,36.634,36.8994,424,44981,0.292089,0.03,1,987347,986923,424
63848181,23.31,23.8029,427,45310,0.429693,0.25,1,987531,987104,427
63851101,32.124,28.1211,434,45357,0.441877,0.21,1,987569,987135,434
63932861,24.5351,15.2328,482,46639,0.753302,0.61,2,988401,987919,482
63941621,28.8342,33.2549,477,46774,0.760291,0.61,2,988490,988013,477
63944541,30.1337,28.902,482,46819,0.802117,0.61,2,988521,988039,482
63947461,29.4535,29.5608,481,46864,0.806847,0.65,2,988550,988069,481
63950381,28.5814,28.6243,481,46909,0.808739,0.65,2,988578,988097,481
63953301,30.6326,28.2497,485,46954,0.809495,0.65,2,988610,988125,485
63956221,31.453,30.4999,485,46999,0.833798,0.65,2,988642,988157,485
63959141,39.5812,31.4,498,47044,0.831519,0.65,2,988687,988189,498
63962061,32.6325,39.56,481,47089,0.830608,0.67,2,988715,988234,481
63964981,41.853,33.224,500,47134,0.782243,0.73,2,988763,988263,500
63967901,32.3412,39.0896,483,47179,0.762897,0.73,2,988789,988306,483
63970821,34.5365,31.2358,493,47224,0.779159,0.73,2,988825,988332,493
63973741,15.0146,34.0943,459,47269,0.785664,0.73,2,988827,988368,459
63976661,24.6058,14.8377,488,47314,0.812265,0.77,2,988858,988370,488
63979581,24.8423,24.5351,482,47359,0.834906,0.73,2,988883,988401,482
63982501,11.1369,24.214,460,47404,0.843962,0.75,2,988885,988425,460
63985421,27.8548,33.0856,460,47448,0.871585,0.77,2,988924,988464,460
64166461,20.8356,29.5053,497,50124,0.87753,1,2,990794,990297,497
64370861,209.963,199.243,503,24178,0.4156,0.79,1,993107,992604,503
64382541,71.5815,67.2606,479,24527,0.410431,0.29,1,993366,992887,479
64385461,70.0326,85.1042,451,24613,0.446173,0.29,1,993435,992984,451
64432181,71.8081,68.9063,526,25956,0.785344,0.71,2,994335,993809,526
64435101,47.9233,70.7625,486,26038,0.824138,0.73,2,994367,993881,486
64438021,27.5693,46.905,469,26119,0.839655,0.73,2,994381,993912,469
64440941,51.8277,27.162,523,26200,0.881862,0.69,2,994449,993926,523
64560661,93.938,80.0765,570,29331,0.760427,0.97,2,996726,996156,570
64578181,54.2373,39.2658,547,29761,0.282196,0.98,1,996969,996422,547
64586941,48.9512,71.345,468,29974,0.0706206,0.63,1,997085,996617,468
64589861,73.5805,93.938,449,30045,0.0462482,0.55,1,997175,996726,449
64592781,48.6322,59.1752,445,30115,0.0364993,0.49,1,997207,996762,445
64595701,39.2529,45.2701,442,30185,0.0805997,0.39,1,997240,996798,442
64598621,38.5012,42.708,439,30255,0.0382399,0.35,1,997278,996839,439
64601541,30.4005,34.4832,435,30325,0.021296,0.29,1,997303,996868,435
64604461,31.9602,33.5933,435,30395,0.00851838,0.25,1,997336,996901,435
64607381,52.3841,54.2373,433,30465,0.0454074,0.11,1,997402,996969,433
64610301,35.3536,42.6949,422,30534,0.0601629,0.05,1,997426,997004,422
64613221,24.9415,27.878,422,30603,0.0780652,0.05,1,997444,997022,422
64616141,47.7766,48.9512,422,30672,0.0492261,0.03,1,997507,997085,422
64619061,73.1106,73.5805,422,30741,0.0376904,0.03,1,997597,997175,422
64621981,48.4443,48.6322,422,30810,0.0450762,0.11,1,997629,997207,422
64624901,39.1777,39.2529,422,30879,0.0480305,0.01,1,997662,997240,422
64627821,38.4711,38.5012,422,30948,0.0372122,0.01,1,997700,997278,422
64630741,30.3884,30.4005,422,31016,0.0208849,0,1,997725,997303,422
64633661,31.9554,31.9602,422,31084,0.0143539,0.07,1,997758,997336,422
64636581,54.1822,52.3841,425,31152,0.0717416,0.07,1,997827,997402,425
64639501,35.4729,35.3536,424,31220,0.0946966,0.09,1,997850,997426,424
64645341,45.9957,9.97658,484,31356,0.0595515,0.03,1,997928,997444,484
64648261,72.3983,41.7906,511,31423,0.0658206,0.03,1,998018,997507,511
64651181,48.1593,70.7163,453,31490,0.0563282,0.05,1,998050,997597,453
64654101,39.0637,47.4865,454,31557,0.0405313,0.05,1,998083,997629,454
64657021,38.4255,38.7946,459,31624,0.0462125,0.03,1,998121,997662,459
64659941,30.3702,38.3178,446,31691,0.036485,0.01,1,998146,997700,446
64662861,31.9481,30.3271,454,31758,0.044594,0.01,1,998179,997725,454
64665781,55.9792,31.9309,493,31825,0.0598376,0.11,1,998251,997758,493
64677461,71.3211,45.995,511,32089,0.0768438,0.07,1,998439,997928,511
64680381,48.9284,72.398,455,32155,0.0487375,0.05,1,998473,998018,455
64683301,38.7714,48.1592,455,32221,0.049495,0.03,1,998505,998050,455
64686221,37.7085,39.0637,459,32287,0.049798,0.05,1,998542,998083,459
64689141,30.6834,38.4255,447,32353,0.0379192,0.03,1,998568,998121,447
64692061,31.4734,30.3702,454,32418,0.0331677,0.05,1,998600,998146,454
64694981,58.1893,31.9481,497,32483,0.0132671,0.07,1,998676,998179,497
64697901,40.0757,55.9792,453,32548,0.0353068,0.13,1,998704,998251,453
64700821,28.0303,37.3917,448,32613,0.0321227,0.17,1,998724,998276,448
64703741,41.8121,25.7567,481,32678,0.0668491,0.15,1,998775,998294,481
64706661,68.3248,43.3027,512,32743,0.0687396,0.03,1,998861,998349,512
64709581,28.5299,71.3211,424,32808,0.0814959,0.03,1,998863,998439,424
64712501,31.212,48.9284,423,32872,0.0745983,0.05,1,998896,998473,423
64715421,32.8848,38.7714,425,32936,0.0958393,0.05,1,998930,998505,425
64724181,30.5206,31.4734,422,33128,0.0918137,0,1,999022,998600,422
64727101,57.8083,58.1893,422,33192,0.0367255,0.05,1,999098,998676,422
64730021,40.5233,40.0757,423,33256,0.0326902,0.03,1,999127,998704,423
64732941,28.2093,28.0303,423,33320,0.0550761,0.09,1,999147,998724,423
64735861,43.6837,41.8121,426,33383,0.0520304,0.07,1,999201,998775,426
64750461,35.7571,34.7539,428,33698,0.235512,0.13,1,999394,998966,428
64753381,27.5028,28.3016,426,33761,0.232205,0.07,1,999416,998990,426
64756301,28.4011,30.5206,423,33824,0.254882,0,1,999445,999022,423
64759221,56.3605,57.8083,422,33887,0.227953,0.03,1,999520,999098,422
64767981,44.4311,43.6837,424,34073,0.202989,0.17,1,999625,999201,424
64770901,71.7724,69.0735,428,34135,0.267196,0.17,1,999715,999287,428
64773821,29.909,28.8294,428,34197,0.292878,0.19,1,999717,999289,428
64779661,34.9054,12.2927,466,34321,0.288061,0.19,1,999787,999321,466
64782581,37.3622,26.5171,469,34383,0.265224,0.27,1,999826,999357,469
64785501,28.7449,32.8068,455,34444,0.29209,0.23,1,999849,999394,455
64788421,28.2979,26.3227,461,34505,0.278836,0.27,1,999877,999416,461
64791341,54.5192,27.9291,504,34566,0.285534,0.21,1,999949,999445,504
64803021,74.6245,44.419,524,34810,0.414974,0.31,1,1000149,999625,524
64805941,31.0498,71.7676,436,34871,0.447989,0.31,1,1000151,999715,436
64873101,31.5933,32.5022,449,36240,0.750674,0.57,2,1001044,1000595,449
64876021,34.8373,34.0009,451,36298,0.76227,0.57,2,1001081,1000630,451
64878941,36.1349,35.8004,451,36356,0.778908,0.57,2,1001118,1000667,451
64881861,15.654,15.5201,451,36414,0.785563,0.59,2,1001120,1000669,451
64884781,29.0616,29.0081,451,36472,0.848225,0.63,2,1001158,1000707,451
64887701,28.4246,27.2032,453,36530,0.88529,0.65,2,1001186,1000733,453
64890621,28.7699,27.6813,454,36588,0.888116,0.69,2,1001215,1000761,454
65029321,29.852,27.6707,505,39264,0.896692,1,2,1003104,1002599,505
65096481,101.446,101.567,449,18582,0.795177,0.59,2,1004379,1003930,449
65099401,69.3785,67.627,452,18696,0.828071,0.61,2,1004427,1003975,452
65102321,45.7514,45.0508,452,18810,0.829228,0.63,2,1004457,1004005,452
65105241,38.1006,37.2203,453,18923,0.817691,0.71,2,1004490,1004037,453
65108161,86.0402,83.8881,456,19035,0.825077,0.79,2,1004608,1004152,456
65111081,117.816,113.955,461,19146,0.852031,0.83,2,1004747,1004286,461
65114001,104.126,101.382,463,19257,0.886812,0.85,2,1004842,1004379,463
65116921,69.8506,69.3528,462,19367,0.864725,0.83,2,1004889,1004427,462
65119841,46.5402,45.7411,463,19477,0.87989,0.81,2,1004920,1004457,463
65122761,37.8161,38.0965,462,19586,0.897956,0.81,2,1004952,1004490,462
65204521,118.157,114.898,485,22420,0.77416,1,2,1007118,1006633,485
65222041,65.7185,37.5485,560,22982,0.270855,1,1,1007438,1006878,560
65224961,101.887,68.4194,597,23074,0.294342,0.63,1,1007564,1006967,597
65227881,75.555,117.968,504,23166,0.279737,0.47,1,1007622,1007118,504
65286281,32.0547,32.1338,451,24931,0.751768,0.69,2,1008680,1008229,451
65292121,105.329,105.821,452,25101,0.757483,0.67,2,1008898,1008446,452
65295041,76.9315,76.5286,453,25185,0.776993,0.63,2,1008956,1008503,453
65297961,51.1726,51.0114,453,25269,0.796797,0.73,2,1008990,1008537,453
65300881,68.469,66.6046,456,25353,0.864719,0.73,2,1009070,1008614,456
65303801,28.5876,27.8418,456,25437,0.891888,0.73,2,1009072,1008616,456
65306721,30.035,11.1367,487,25520,0.878755,0.73,2,1009103,1008616,487
65309641,32.414,22.4547,491,25603,0.873502,0.77,2,1009137,1008646,491
65312561,63.9656,29.3819,542,25686,0.883401,0.73,2,1009222,1008680,542
65400161,74.8081,73.6799,489,28054,0.885975,1,2,1010984,1010495,489
65403081,49.7232,48.0719,491,28129,0.86439,1,2,1011017,1010526,491
65406001,34.2893,35.4288,488,28204,0.771756,0.99,2,1011041,1010553,488
65417681,90.1194,27.931,621,28503,0.404669,1,1,1011271,1010650,621
65423521,47.0591,80.069,499,28651,0.296347,1,1,1011362,1010863,499
65426441,65.0236,50.0276,546,28725,0.268539,0.81,1,1011439,1010893,546
65429361,46.4095,74.611,489,28799,0.257416,0.85,1,1011473,1010984,489
65432281,32.3638,49.6444,479,28873,0.264966,0.71,1,1011496,1011017,479
65435201,30.9455,34.2578,485,28946,0.279987,0.63,1,1011526,1011041,485
65438121,32.7782,31.1031,490,29019,0.285995,0.67,1,1011560,1011070,490
65441041,33.5113,35.2412,486,29092,0.288398,0.51,1,1011594,1011108,486
65449801,47.2647,72.6474,465,29310,0.440137,0.27,1,1011797,1011332,465
65499441,82.8525,81.2583,451,30515,0.765495,0.59,2,1012593,1012142,451
65502361,34.341,33.7033,451,30584,0.780198,0.63,2,1012595,1012144,451
65505281,52.7364,51.2813,453,30653,0.786079,0.69,2,1012660,1012207,453
65508201,43.8946,41.5125,456,30722,0.788432,0.71,2,1012698,1012242,456
65511121,63.1578,61.605,457,30791,0.837373,0.75,2,1012774,1012317,457
65514041,47.4631,46.842,457,30860,0.820949,0.75,2,1012811,1012354,457
65516961,30.9853,30.7368,457,30929,0.81438,0.71,2,1012831,1012374,457
65519881,32.7941,32.6947,457,30997,0.835752,0.73,2,1012865,1012408,457
65522801,35.3176,34.0779,459,31065,0.856301,0.73,2,1012902,1012443,459
65662961,33.2522,30.8872,487,34182,0.873578,0.89,2,1015094,1014607,487
65665881,49.9009,55.5549,476,34244,0.883431,0.89,2,1015155,1014679,476
65668801,36.7603,22.222,504,34306,0.875372,0.96,2,1015183,1014679,504
65671721,27.9041,29.8888,491,34368,0.848149,0.97,2,1015205,1014714,491
65674641,31.5617,25.7555,502,34430,0.82526,1,2,1015239,1014737,502
65677561,32.4247,29.5022,503,34491,0.816104,0.99,2,1015272,1014769,503
65680481,32.7699,31.6009,503,34552,0.812442,0.93,2,1015305,1014802,503
65683401,84.5079,35.4404,584,34613,0.810977,0.91,2,1015424,1014840,584
65686321,48.2032,83.7761,492,34674,0.762391,0.95,2,1015448,1014956,492
65689241,51.6813,48.5105,521,34735,0.790956,0.91,2,1015502,1014981,521
65692161,37.4725,51.8042,495,34796,0.778382,0.9,2,1015530,1015035,495
65695081,31.189,38.1217,493,34857,0.761353,0.85,2,1015557,1015064,493
65698001,49.0756,33.2487,524,34918,0.754541,0.89,2,1015618,1015094,524
65700921,37.6302,49.8995,493,34979,0.775817,0.87,2,1015648,1015155,493
65703841,26.4521,36.7598,484,35039,0.808327,0.83,2,1015667,1015183,484
65706761,29.7808,27.9039,494,35099,0.809331,0.81,2,1015699,1015205,494
65709681,32.3123,31.5616,494,35159,0.833732,0.81,2,1015733,1015239,494
65712601,32.7249,32.4246,494,35219,0.867493,0.81,2,1015766,1015272,494
66127241,123.089,128.632,485,19203,0.0964,0.43,1,1021305,1020820,485
66130161,91.8358,98.8526,477,19314,0.09256,0.05,1,1021376,1020899,477
66133081,81.1343,91.1411,465,19424,0.091024,0.15,1,1021450,1020985,465
66136001,79.8537,97.6564,442,19533,0.0544096,0.09,1,1021529,1021087,442
66138921,40.9415,55.2626,430,19642,0.0637638,0,1,1021544,1021114,430
66141841,75.7766,34.705,508,19750,0.0555055,0.01,1,1021643,1021135,508
66144761,80.7106,66.082,505,19857,0.0882022,0.05,1,1021727,1021222,505
66147681,75.4843,76.2328,494,19964,0.0772809,0.09,1,1021799,1021305,494
66150601,75.7937,73.0931,499,20070,0.0609124,0.09,1,1021875,1021376,499
66153521,75.3175,73.6372,500,20176,0.0783649,0.03,1,1021950,1021450,500
66156441,39.727,76.8549,437,20281,0.061346,0.07,1,1021966,1021529,437
66159361,75.2908,39.742,521,20386,0.0545384,0.05,1,1022065,1021544,521
66162281,82.9163,75.2968,510,20490,0.0638154,0.11,1,1022153,1021643,510
66182721,66.4231,82.9155,426,21204,0.0728322,0.15,1,1022579,1022153,426
66185641,70.3692,75.1662,429,21304,0.0951329,0.21,1,1022652,1022223,429
66211921,72.615,72.2191,427,22184,0.209167,0.15,1,1023228,1022801,427
66214841,39.246,38.4876,428,22280,0.209667,0.17,1,1023245,1022817,428
66217761,74.4984,72.9951,430,22375,0.233867,0.21,1,1023343,1022913,430
66220681,30.9994,30.398,430,22470,0.243547,0.19,1,1023345,1022915,430
66223601,63.9997,64.3592,429,22564,0.295419,0.19,1,1023431,1023002,429
66232361,74.056,70.359,500,22845,0.406027,0.23,1,1023658,1023158,500
66235281,40.4224,70.1436,448,22938,0.432411,0.21,1,1023676,1023228,448
66258641,78.4928,40.4208,546,23667,0.771776,0.51,2,1024222,1023676,546
66261561,32.5971,76.1683,448,23757,0.78271,0.51,2,1024224,1023776,448
66264481,67.0388,31.6673,536,23846,0.787084,0.55,2,1024314,1023778,536
66267401,77.2155,65.4669,532,23935,0.800834,0.59,2,1024398,1023866,532
66270321,32.0862,74.1868,454,24024,0.806333,0.69,2,1024400,1023946,454
66273241,61.4345,77.0747,456,24112,0.844533,0.75,2,1024481,1024025,456
66276161,71.3738,75.8299,459,24200,0.871813,0.77,2,1024559,1024100,459
66390041,55.7409,51.4139,501,27408,0.888093,1,2,1026807,1026306,501
66392961,42.6964,49.9655,486,27485,0.865237,1,2,1026841,1026355,486
66395881,56.0785,65.5862,475,27562,0.772095,1,2,1026906,1026431,475
66398801,47.6314,45.4345,485,27639,0.770838,1,2,1026948,1026463,485
66448441,56.7865,37.4745,515,28914,0.780397,0.55,2,1027815,1027300,515
66451361,44.3146,55.1898,484,28987,0.798159,0.63,2,1027851,1027367,484
66454281,36.3258,42.4759,481,29060,0.829264,0.67,2,1027882,1027401,481
66457201,64.9303,34.3904,536,29133,0.877705,0.71,2,1027966,1027430,536
66708321,65.8555,43.2891,559,34826,0.8476,1,2,1031969,1031410,559
66725841,36.7814,34.4818,514,35188,0.27586,1,1,1032175,1031661,514
66734601,40.178,42.7428,509,35368,0.0601351,1,1,1032314,1031805,509
66737521,40.6712,41.0971,510,35428,0.024054,0.99,1,1032355,1031845,510
66740441,58.2685,41.6389,538,35488,0.0396216,0.75,1,1032425,1031887,538
66743361,38.9074,65.8555,482,35548,0.0818487,0.67,1,1032451,1031969,482
66746281,33.563,44.3422,482,35607,0.0627395,0.55,1,1032481,1031999,482
66749201,30.8252,39.3369,475,35666,0.0550958,0.41,1,1032510,1032035,475
66752121,13.5301,34.3348,446,35725,0.0520383,0.43,1,1032512,1032066,446
66755041,24.612,37.1339,439,35784,0.0868153,0.27,1,1032544,1032105,439
66775481,60.4151,58.2685,427,36196,0.0730673,0.11,1,1032852,1032425,427
66778401,37.966,38.9074,424,36254,0.0832269,0.05,1,1032875,1032451,424
66781321,33.7864,33.563,425,36312,0.0752908,0.05,1,1032906,1032481,425
66784241,29.7146,30.8252,423,36370,0.0721163,0.05,1,1032933,1032510,423
66787161,13.0858,13.5301,423,36428,0.0708465,0.11,1,1032935,1032512,423
66790081,26.2343,24.612,426,36486,0.0583386,0.11,1,1032970,1032544,426
66793001,24.8937,24.8448,425,36544,0.0773354,0.13,1,1032994,1032569,425
66795921,33.3575,31.5379,428,36602,0.0489342,0.15,1,1033033,1032605,428
66798841,54.143,52.2152,430,36660,0.0855737,0.23,1,1033101,1032671,430
66801761,37.8572,36.4861,431,36718,0.0882295,0.17,1,1033128,1032697,431
66804681,37.3429,38.5944,428,36776,0.0892918,0.11,1,1033165,1032737,428
66807601,37.7372,40.0378,425,36833,0.0897167,0.03,1,1033203,1032778,425
66810521,58.2949,60.4151,423,36890,0.0778867,0.09,1,1033275,1032852,423
66813441,37.7179,37.966,424,36947,0.0851547,0.07,1,1033299,1032875,424
66845561,57.8648,37.6727,495,37571,0.238773,0.07,1,1033698,1033203,495
66848481,38.1459,58.2691,448,37627,0.269509,0.09,1,1033723,1033275,448
66851401,34.4584,37.7076,456,37683,0.281804,0.15,1,1033755,1033299,456
66868921,54.7676,32.8943,499,38019,0.405643,0.17,1,1033954,1033455,499
66871841,39.3071,55.1577,458,38075,0.420257,0.17,1,1033983,1033525,458
66921481,40.2093,39.4927,449,39006,0.757188,0.57,2,1034607,1034158,449
66924401,36.4837,34.9971,451,39060,0.788875,0.61,2,1034641,1034190,451
66927321,33.7935,32.5988,452,39114,0.77755,0.61,2,1034673,1034221,452
66930241,14.7174,14.2395,452,39168,0.77302,0.63,2,1034675,1034223,452
66933161,26.887,26.0958,453,39222,0.771208,0.61,2,1034710,1034257,453
66939001,12.2219,12.3353,452,39330,0.760593,0.65,2,1034740,1034288,452
66944841,52.8355,52.3737,454,39438,0.758895,0.67,2,1034850,1034396,454
66947761,40.3342,39.5495,455,39492,0.801558,0.71,2,1034882,1034427,455
66950681,39.5337,38.0198,457,39545,0.818623,0.69,2,1034921,1034464,457
66953601,39.8135,39.8079,456,39598,0.849449,0.77,2,1034961,1034505,456
66956521,63.9254,61.5232,460,39651,0.83778,0.77,2,1035041,1034581,460
66959441,41.1702,40.2093,460,39704,0.833112,0.81,2,1035067,1034607,460
66962361,36.8681,36.4837,460,39757,0.855245,0.77,2,1035101,1034641,460
66965281,32.7472,33.7935,458,39810,0.864098,0.77,2,1035131,1034673,458
66968201,14.2989,14.7174,458,39863,0.843639,0.77,2,1035133,1034675,458
66971121,26.7196,26.887,458,39916,0.895456,0.73,2,1035168,1034710,458
67120041,43.4129,39.6303,493,42530,0.892,1,2,1037011,1036518,493
67122961,34.1651,32.6521,493,42580,0.8548,1,2,1037039,1036546,493
67125881,34.6661,26.2608,506,42630,0.81592,1,2,1037074,1036568,506
67128801,31.8664,25.5043,511,42680,0.752368,1,2,1037104,1036593,511
67181361,31.3481,31.7494,487,43561,0.766756,0.65,2,1037668,1037181,487
67184281,32.3392,30.6998,490,43609,0.804702,0.77,2,1037701,1037211,490
67187201,32.1357,32.6799,488,43657,0.819881,0.75,2,1037733,1037245,488
67190121,29.0543,29.872,487,43705,0.813952,0.71,2,1037760,1037273,487
67193041,23.6217,29.3488,478,43753,0.811581,0.69,2,1037780,1037302,478
67195961,55.0487,24.9395,532,43801,0.846632,0.65,2,1037856,1037324,532
67198881,40.0195,56.1758,485,43849,0.860653,0.73,2,1037886,1037401,485
67406201,24.432,28.9827,519,47142,0.895246,1,2,1040147,1039628,519
67409121,30.1728,34.9931,514,47187,0.868098,1,2,1040181,1039667,514
67412041,31.8691,33.7972,514,47232,0.821239,1,2,1040214,1039700,514
67414961,36.7476,34.5189,519,47277,0.754496,1,2,1040254,1039735,519
67441241,31.8378,32.6236,479,47676,0.269224,0.97,1,1040511,1040032,479
67444161,25.3351,32.2494,468,47720,0.26969,0.92,1,1040532,1040064,468
67447081,28.134,32.6998,465,47764,0.221876,0.93,1,1040562,1040097,465
67485041,24.9048,27.0945,435,48336,0.221586,0.21,1,1040911,1040476,435
67487961,29.1619,31.8378,432,48380,0.262634,0.27,1,1040943,1040511,432
67490881,24.2648,25.3351,432,48424,0.279054,0.19,1,1040964,1040532,432
67517161,26.5637,27.5122,428,48812,0.419508,0.15,1,1041214,1040786,428
67520081,21.4255,22.4049,427,48855,0.413803,0.15,1,1041232,1040805,427
67523001,30.1702,8.96196,463,48898,0.411521,0.19,1,1041268,1040805,463
67525921,25.2681,23.3848,452,48941,0.410609,0.15,1,1041290,1040838,452
67528841,26.3072,23.7539,455,48984,0.422243,0.19,1,1041317,1040862,455
67531761,26.1229,23.9016,457,49027,0.426897,0.25,1,1041343,1040886,457
67534681,30.2492,24.5606,465,49070,0.440759,0.29,1,1041376,1040911,465
67537601,26.4997,29.0243,457,49113,0.446304,0.29,1,1041400,1040943,457
67613521,22.225,27.859,464,50216,0.757717,0.51,2,1042119,1041655,464
67616441,30.49,21.9436,482,50258,0.801087,0.51,2,1042155,1041673,482
67619361,25.396,30.3774,468,50300,0.830435,0.51,2,1042177,1041709,468
67622281,11.3584,25.351,448,50342,0.854174,0.55,2,1042179,1041731,448
67625201,20.1434,26.3404,447,50384,0.86367,0.55,2,1042205,1041758,447
67628121,26.6573,27.9362,449,50426,0.891468,0.59,2,1042236,1041787,449
67631041,31.0629,30.3745,451,50468,0.878587,0.59,2,1042270,1041819,451
67633961,28.0252,27.7498,451,50510,0.873435,0.61,2,1042296,1041845,451
67636881,28.0101,26.6999,453,50552,0.895374,0.63,2,1042324,1041871,453
67639801,29.204,28.68,453,50594,0.88015,0.63,2,1042354,1041901,453
67642721,21.2816,21.072,453,50636,0.88606,0.65,2,1042370,1041917,453
67645641,29.5126,28.8288,454,50678,0.876424,0.67,2,1042405,1041951,454
67648561,33.4051,32.5315,455,50720,0.87257,0.67,2,1042441,1041986,455
67660241,30.5048,28.5624,460,50885,0.87573,0.77,2,1042561,1042101,460
67663161,24.2019,22.225,462,50926,0.884292,0.83,2,1042581,1042119,462
67666081,32.4808,30.49,464,50967,0.887717,0.85,2,1042619,1042155,464
67864641,30.8688,27.8658,506,53702,0.89608,1,2,1044503,1043997,506
67867561,29.7475,33.3463,498,53741,0.868432,1,2,1044532,1044034,498
67870481,25.699,28.9385,495,53780,0.833373,0.9,2,1044555,1044060,495
67873401,28.8796,31.3754,493,53819,0.759349,1,2,1044586,1044093,493
67902601,33.5856,30.6546,487,54209,0.435563,1,1,1044845,1044358,487
67905521,32.6342,32.0619,486,54248,0.444225,0.95,1,1044877,1044391,486
68016481,20.173,23.9365,472,55703,0.75888,0.67,2,1045813,1045341,472
68019401,21.2692,19.7746,477,55741,0.753552,0.67,2,1045835,1045358,477
68022321,28.9077,21.7098,488,55779,0.763421,0.69,2,1045869,1045381,488
68025241,25.9631,28.4839,479,55817,0.767368,0.67,2,1045893,1045414,479
68028161,22.3852,26.3936,474,55855,0.768947,0.67,2,1045913,1045439,474
68031081,25.7541,22.5574,482,55893,0.781579,0.67,2,1045941,1045459,482
68034001,25.9016,25.823,480,55931,0.810632,0.67,2,1045967,1045487,480
68036921,31.3607,25.9292,489,55969,0.846253,0.71,2,1046002,1045513,489
68039841,22.1443,30.1717,472,56007,0.860501,0.73,2,1046018,1045546,472
68042761,13.6577,21.0687,465,56045,0.8662,0.73,2,1046026,1045561,465
68045681,22.2631,14.4275,483,56083,0.88048,0.69,2,1046054,1045571,483
68302641,60.4899,56.8993,491,27631,0.761767,0.71,2,1048715,1048224,491
68305561,55.996,59.9597,482,27708,0.790707,0.69,2,1048768,1048286,482
68308481,64.3984,81.5839,456,27784,0.874283,0.67,2,1048838,1048382,456
68445721,78.0848,72.92,491,31164,0.829494,1,2,1051238,1050747,491
68448641,52.2339,50.168,491,31232,0.781798,1,2,1051273,1050782,491
68451561,40.0936,41.0672,488,31300,0.750719,1,2,1051305,1050817,488
68454481,30.4374,16.4269,512,31368,0.750288,1,2,1051329,1050817,512
68457401,25.375,25.7708,502,31435,0.750115,1,2,1051351,1050849,502
68460321,27.55,26.5083,504,31502,0.750046,1,2,1051380,1050876,504
68463241,35.62,32.2033,509,31569,0.762018,0.94,2,1051421,1050912,509
68466161,57.448,35.6813,543,31636,0.754807,0.99,2,1051493,1050950,543
68469081,63.7792,58.0725,538,31703,0.775923,1,2,1051561,1051023,538
68472001,54.9117,66.429,515,31770,0.808369,0.87,2,1051610,1051095,515
68474921,71.7647,57.1716,547,31837,0.857348,0.77,2,1051693,1051146,547
68477841,50.9059,78.0686,492,31903,0.840939,0.75,2,1051730,1051238,492
68480761,40.1623,52.2275,490,31969,0.882376,0.73,2,1051763,1051273,490
68483681,30.4649,40.091,482,32035,0.89895,0.75,2,1051787,1051305,482
68498281,65.0496,57.448,529,32364,0.885887,0.79,2,1052022,1051493,529
68623841,33.8801,13.9785,566,35063,0.888858,1,2,1053871,1053305,566
68626761,33.952,60.1914,509,35123,0.853543,1,2,1053905,1053396,509
68635521,71.4369,81.9483,531,35303,0.276627,0.87,1,1054124,1053593,531
68638441,39.3748,60.9793,502,35363,0.224651,1,1,1054142,1053640,502
68644281,41.1,39.6367,512,35483,0.0827441,0.96,1,1054221,1053709,512
68650121,26.496,29.5019,500,35602,0.0864391,1,1,1054268,1053768,500
68653041,32.7984,31.0007,505,35661,0.0885756,0.99,1,1054305,1053800,505
68655961,14.3194,35.2003,469,35720,0.0654302,0.82,1,1054307,1053838,469
68658881,23.1277,33.8801,465,35779,0.0441721,0.83,1,1054336,1053871,465
68661801,29.6511,33.952,465,35838,0.0836688,0.55,1,1054370,1053905,465
68664721,43.0604,54.9808,448,35897,0.0514675,0.33,1,1054422,1053974,448
68667641,56.2242,67.5923,437,35956,0.074587,0.15,1,1054487,1054050,437
68679321,37.3769,41.1,423,36191,0.0981494,0.13,1,1054644,1054221,423
68693921,22.5328,23.1277,422,36481,0.074493,0.11,1,1054758,1054336,422
68708521,40.7696,39.3559,428,36771,0.21324,0.15,1,1055004,1054576,428
68711441,33.1078,31.9423,429,36828,0.235296,0.07,1,1055032,1054603,429
68714361,36.0431,37.3769,426,36885,0.256118,0.15,1,1055070,1054644,426
68717281,28.8173,28.7508,427,36942,0.240447,0.11,1,1055094,1054667,427
68720201,29.5269,30.7003,425,36999,0.246179,0.11,1,1055124,1054699,425
68723121,29.8108,29.0801,427,37056,0.260472,0.11,1,1055154,1054727,427
68726041,13.1243,12.832,427,37113,0.266189,0.05,1,1055156,1054729,427
68728961,19.6497,22.5328,422,37170,0.280475,0.05,1,1055180,1054758,422
68731881,34.2599,9.01313,466,37227,0.26219,0.13,1,1055224,1054758,466
68734801,42.504,26.4053,476,37284,0.278876,0.15,1,1055272,1054796,476
68758161,31.2404,29.5234,465,37734,0.401947,0.27,1,1055589,1055124,465
68766921,33.7514,19.6495,478,37902,0.402765,0.25,1,1055658,1055180,478
68793201,31.3953,30.101,472,38400,0.421784,0.43,1,1056029,1055557,472
68796121,13.7581,31.2404,442,38455,0.438714,0.39,1,1056031,1055589,442
68799041,19.9032,13.6962,464,38510,0.445485,0.39,1,1056055,1055591,464
68834081,14.2479,13.7581,444,39163,0.770246,0.45,2,1056475,1056031,444
68837001,20.0992,19.9032,444,39217,0.782098,0.47,2,1056499,1056055,444
68839921,34.4397,33.1613,446,39271,0.774839,0.51,2,1056543,1056097,446
68842841,43.7759,42.0645,448,39325,0.807936,0.51,2,1056593,1056145,448
68845761,18.7103,18.0258,448,39379,0.821174,0.61,2,1056595,1056147,448
68848681,50.6841,49.2103,450,39433,0.88647,0.65,2,1056667,1056217,450
69088121,51.5929,27.2523,557,43604,0.848939,1,2,1059591,1059034,557
69091041,40.4372,54.1009,518,43652,0.801576,1,2,1059624,1059106,518
69166961,33.315,33.9512,445,44890,0.78246,0.49,2,1060406,1059961,445
69169881,32.526,32.1805,446,44937,0.822984,0.49,2,1060438,1059992,446
69172801,49.6104,47.6722,449,44984,0.863194,0.55,2,1060499,1060050,449
69472101,322.944,354.099,471,21900,0.802,1,2,1063672,1063201,471
69498381,64.7691,62.6725,514,23460,0.789695,0.65,2,1064269,1063755,514
69501301,62.5076,61.669,514,23550,0.837878,0.69,2,1064330,1063816,514
69661901,52.454,42.7962,502,28072,0.854464,1,2,1067507,1067005,502
69664821,42.5816,52.5185,479,28147,0.779786,1,2,1067543,1067064,479
69676501,41.7509,20.8709,528,28447,0.0803945,1,1,1067772,1067244,528
69679421,54.5004,25.1483,563,28521,0.0981578,0.96,1,1067835,1067272,563
69682341,50.0001,60.4593,526,28595,0.0812631,1,1,1067882,1067356,526
69685261,46.4001,59.5837,511,28669,0.0625052,1,1,1067926,1067415,511
69688181,41.96,44.8335,515,28743,0.0430021,0.76,1,1067965,1067450,515
69691101,37.784,52.1334,493,28817,0.0712008,0.73,1,1068000,1067507,493
69694021,50.5136,42.4534,516,28890,0.0824803,0.53,1,1068059,1067543,516
69696941,61.6054,63.1813,508,28963,0.0869921,0.23,1,1068128,1067620,508
69702781,37.4569,51.869,458,29109,0.0631187,0.01,1,1068195,1067737,458
69705701,52.1827,41.7476,485,29182,0.0432475,0.11,1,1068257,1067772,485
69708621,48.4731,54.499,468,29255,0.083299,0.07,1,1068303,1067835,468
69711541,46.3892,49.9996,466,29327,0.0753196,0.05,1,1068348,1067882,466
69714461,41.9557,46.3998,461,29399,0.0841278,0.03,1,1068387,1067926,461
69717381,39.5823,41.9599,460,29471,0.0756511,0.09,1,1068425,1067965,460
69746581,38.6857,39.5823,425,30181,0.214508,0.15,1,1068850,1068425,425
69749501,51.4743,48.8329,430,30251,0.235803,0.15,1,1068910,1068480,430
69752421,63.7897,63.3332,429,30321,0.256321,0.19,1,1068982,1068553,429
69755341,48.9159,47.5333,431,30391,0.252529,0.17,1,1069021,1068590,431
69758261,33.9664,35.2133,428,30461,0.227011,0.13,1,1069045,1068617,428
69761181,48.9865,50.6853,426,30530,0.228805,0.09,1,1069104,1068678,426
69764101,20.7946,21.4741,426,30599,0.253522,0.13,1,1069106,1068680,426
69767021,39.5178,38.5897,428,30668,0.275409,0.19,1,1069158,1068730,428
69769941,41.6071,40.0359,430,30737,0.296163,0.21,1,1069201,1068771,430
69781621,64.7659,63.7897,433,31012,0.436174,0.25,1,1069415,1068982,433
69840021,67.4125,53.9547,522,32349,0.788614,0.47,2,1070304,1069782,522
69842941,50.365,67.1819,485,32414,0.837446,0.53,2,1070343,1069858,485
69845861,35.746,49.6727,473,32479,0.868978,0.55,2,1070369,1069896,473
69848781,50.2984,34.8691,508,32544,0.893591,0.53,2,1070429,1069921,508
69854621,39.1277,21.4191,498,32674,0.895375,0.55,2,1070482,1069984,498
70000621,46.466,53.4438,495,35766,0.898948,1,2,1072594,1072099,495
70003541,66.5864,72.9775,489,35825,0.869579,1,2,1072674,1072185,489
70006461,49.4346,50.791,491,35884,0.821832,1,2,1072712,1072221,491
70009381,37.1738,41.9164,484,35943,0.826733,1,2,1072741,1072257,484
70012301,38.8695,39.5666,486,36002,0.828693,1,2,1072781,1072295,486
70015221,37.7478,37.4266,487,36061,0.793477,1,2,1072818,1072331,487
70018141,32.4991,35.3707,482,36120,0.767391,0.92,2,1072847,1072365,482
70021061,36.3997,39.9483,478,36179,0.780956,1,2,1072886,1072408,478
70050261,35.7919,37.7478,459,36759,0.767173,0.75,2,1073277,1072818,459
70053181,30.5168,32.4991,457,36816,0.804869,0.79,2,1073304,1072847,457
70056101,38.0067,36.3997,461,36873,0.795948,0.63,2,1073347,1072886,461
70059021,38.6027,38.5599,460,36930,0.816379,0.71,2,1073386,1072926,460
70061941,24.4411,26.8239,456,36987,0.836552,0.71,2,1073401,1072945,456
70064861,28.3764,29.3296,456,37044,0.832621,0.69,2,1073432,1072976,456
70067781,32.9506,33.3318,456,37101,0.867048,0.69,2,1073468,1073012,456
70070701,41.9802,43.3327,454,37158,0.868819,0.69,2,1073516,1073062,454
70073621,62.9921,17.3331,531,37215,0.893528,0.75,2,1073593,1073062,531
70298461,55.8938,38.4588,546,41356,0.762402,1,2,1076499,1075953,546
70321821,25.6113,30.6417,468,41764,0.288722,0.89,1,1076727,1076259,468
70324741,31.8445,33.2567,469,41815,0.241489,0.99,1,1076763,1076294,469
70351021,21.7357,24.6917,438,42265,0.200859,0.39,1,1077062,1076624,438
70353941,15.8943,17.6767,437,42315,0.218344,0.29,1,1077074,1076637,437
70356861,31.5577,34.0707,434,42365,0.213338,0.31,1,1077116,1076682,434
70359781,23.4231,25.0283,433,42415,0.259335,0.27,1,1077134,1076701,433
70362701,24.9692,25.6113,433,42465,0.229734,0.21,1,1077160,1076727,433
70365621,29.1877,31.8445,429,42515,0.241894,0.15,1,1077192,1076763,429
70368541,32.6751,34.9378,427,42565,0.246757,0.15,1,1077227,1076800,427
70371461,30.47,31.9751,426,42615,0.284703,0.11,1,1077256,1076830,426
70374381,30.188,30.79,426,42665,0.287881,0.19,1,1077286,1076860,426
70415261,30.2981,30.431,465,43351,0.416047,0.29,1,1077721,1077256,465
70461981,52.2462,30.1192,511,44123,0.754529,0.51,2,1078262,1077751,511
70464901,40.6985,51.0477,479,44171,0.787812,0.53,2,1078295,1077816,479
70467821,37.8794,39.6191,483,44219,0.801125,0.53,2,1078331,1077848,483
70470741,31.9518,37.4476,475,44267,0.80645,0.51,2,1078359,1077884,475
70473661,22.9807,32.3791,463,44315,0.79658,0.51,2,1078376,1077913,463
70476581,15.1923,22.5516,457,44363,0.816632,0.53,2,1078386,1077929,457
70479501,34.2769,15.0206,494,44411,0.824653,0.53,2,1078433,1077939,494
70482421,25.1108,33.6083,467,44458,0.815861,0.55,2,1078452,1077985,467
70485341,11.2443,24.2433,451,44505,0.812344,0.59,2,1078454,1078003,451
70488261,20.0977,25.2973,451,44552,0.810938,0.61,2,1078480,1078029,451
70491181,28.4391,29.9189,452,44599,0.834375,0.63,2,1078514,1078062,452
70494101,35.3756,35.3676,453,44646,0.84375,0.67,2,1078554,1078101,453
70497021,34.5503,33.347,455,44693,0.8235,0.69,2,1078588,1078133,455
70499941,33.6201,32.5388,456,44740,0.8154,0.77,2,1078621,1078165,456
70502861,34.448,31.6155,460,44787,0.83616,0.77,2,1078656,1078196,460
70505781,53.3792,52.2462,460,44834,0.844464,0.81,2,1078722,1078262,460
70508701,42.3517,40.6985,462,44881,0.871786,0.81,2,1078757,1078295,462
70718941,337.89,355.39,494,21900,0.406,0.95,1,1080991,1080497,494
70721861,183.156,177.556,515,21997,0.2044,0.79,1,1081071,1080556,515
70727701,81.7449,103.169,464,22189,0.062704,0.37,1,1081222,1080758,464
70730621,69.298,74.2676,470,22285,0.0430816,0.15,1,1081283,1080813,470
70733541,46.9192,67.507,439,22380,0.0472326,0.05,1,1081315,1080876,439
70736461,48.1677,56.4028,439,22475,0.0488931,0.05,1,1081364,1080925,439
70739381,37.2671,43.5611,434,22569,0.0195572,0.01,1,1081394,1080960,434
70742301,75.5068,36.0244,504,22663,0.0498229,0.07,1,1081495,1080991,504
70745221,92.6027,62.4098,528,22757,0.0739292,0.05,1,1081599,1081071,528
70748141,64.0411,88.5639,467,22850,0.0835717,0.03,1,1081644,1081177,467
70762741,76.2663,36.7725,525,23310,0.092315,0.07,1,1081919,1081394,525
70765661,93.5065,75.309,529,23401,0.054926,0.09,1,1082024,1081495,529
70768581,64.4026,92.5236,470,23492,0.0879704,0.09,1,1082069,1081599,470
70783181,73.8115,36.165,526,23940,0.0912656,0.05,1,1082342,1081816,526
70786101,30.7246,76.266,425,24029,0.0545062,0.03,1,1082344,1081919,425
70789021,74.6898,93.5064,424,24117,0.0518025,0.11,1,1082448,1082024,424
70791941,58.6759,64.4026,427,24205,0.062721,0.13,1,1082496,1082069,427
70794861,63.0704,64.761,428,24293,0.0550884,0.17,1,1082562,1082134,428
70800701,48.1313,47.3218,431,24467,0.206814,0.19,1,1082647,1082216,431
70803621,34.8525,34.5287,431,24554,0.220726,0.03,1,1082673,1082242,431
70806541,69.141,73.8115,423,24640,0.22629,0.03,1,1082765,1082342,423
70809461,28.8564,30.7246,423,24726,0.204516,0.05,1,1082767,1082344,423
70815301,58.017,58.6759,423,24897,0.223523,0.05,1,1082919,1082496,423
70818221,64.0068,63.0704,425,24982,0.251409,0.15,1,1082987,1082562,425
70821141,49.0027,46.8281,428,25067,0.250564,0.27,1,1083026,1082598,428
70824061,52.0011,48.1313,433,25152,0.274225,0.23,1,1083080,1082647,433
70826981,36.4004,34.8525,433,25236,0.28369,0.23,1,1083106,1082673,433
70829901,68.5602,69.141,431,25320,0.299476,0.19,1,1083196,1082765,431
70847421,53.0778,46.1403,487,25818,0.404997,0.29,1,1083513,1083026,487
70882461,74.4923,29.4129,551,26787,0.751671,0.53,2,1084185,1083634,551
70885381,59.7969,74.1652,497,26866,0.762668,0.51,2,1084235,1083738,497
70888301,25.1188,59.0661,450,26945,0.767067,0.65,2,1084237,1083787,450
70891221,55.0475,66.2264,454,27024,0.780827,0.69,2,1084312,1083858,454
70894141,46.619,49.8906,456,27102,0.774331,0.73,2,1084353,1083897,456
70897061,55.2476,55.3562,458,27180,0.831732,0.69,2,1084414,1083956,458
70899981,37.699,38.9425,456,27258,0.842693,0.73,2,1084440,1083984,456
71016781,66.6747,75.214,479,30209,0.8848,1,2,1086541,1086062,479
71019701,51.2699,52.8856,482,30279,0.87592,1,2,1086582,1086100,482
71022621,45.1079,36.1542,498,30349,0.788368,1,2,1086623,1086125,498
71040141,65.6427,66.4668,481,30765,0.0967773,0.97,1,1086910,1086429,481
71043061,44.8571,45.1867,481,30834,0.0807109,0.82,1,1086941,1086460,481
71045981,56.9428,66.6747,465,30903,0.0742844,0.87,1,1087006,1086541,465
71048901,46.1771,51.2699,463,30971,0.0297137,0.73,1,1087045,1086582,463
71051821,38.2709,45.1079,455,31039,0.0778855,0.59,1,1087078,1086623,455
71075181,57.9066,42.898,489,31580,0.0898014,0.07,1,1087430,1086941,489
71078101,44.7626,56.1592,460,31647,0.0539206,0,1,1087466,1087006,460
71081021,40.7051,45.8637,459,31714,0.0275682,0.11,1,1087504,1087045,459
71083941,35.482,38.1455,458,31781,0.0650273,0.15,1,1087536,1087078,458
71086861,37.5928,35.0582,464,31848,0.0560109,0.19,1,1087575,1087111,464
71089781,28.2371,33.8233,453,31914,0.0524044,0.15,1,1087597,1087144,453
71092701,41.2949,28.5293,478,31980,0.0509617,0.19,1,1087647,1087169,478
71095621,36.3179,41.4117,461,32046,0.0743847,0.19,1,1087680,1087219,461
71098541,57.7272,35.1647,502,32112,0.0597539,0.05,1,1087752,1087250,502
71101461,47.0909,62.6659,461,32178,0.0779015,0.13,1,1087792,1087331,461
71139421,41.8323,42.8145,429,33022,0.264522,0.15,1,1088317,1087888,429
71142341,39.5329,39.9258,429,33086,0.291809,0.19,1,1088355,1087926,429
71145261,36.8132,35.7703,431,33150,0.278723,0.19,1,1088390,1087959,431
71159861,56.1808,57.0101,429,33468,0.405334,0.15,1,1088604,1088175,429
71165701,34.0689,34.2016,429,33594,0.416453,0.21,1,1088647,1088218,429
71168621,53.8276,52.0806,432,33657,0.400581,0.31,1,1088714,1088282,432
71186141,42.74,41.38,439,34032,0.438105,0.39,1,1088940,1088501,439
71235781,44.6752,52.4782,486,35073,0.770553,0.55,2,1089638,1089152,486
71238701,44.2701,43.7913,492,35133,0.818221,0.61,2,1089682,1089190,492
71241621,38.108,40.9165,487,35193,0.837289,0.63,2,1089716,1089229,487
71244541,40.4432,37.3666,494,35253,0.880915,0.67,2,1089758,1089264,494
71446021,35.1903,34.4056,486,39173,0.865076,1,2,1092471,1091985,486
71448941,35.6761,32.9623,490,39227,0.78403,1,2,1092507,1092017,490
71530701,30.0381,28.9235,479,40707,0.763721,0.57,2,1093469,1092990,479
71533621,30.0152,29.5694,479,40759,0.779488,0.63,2,1093499,1093020,479
71536541,20.4061,28.6278,465,40811,0.761795,0.61,2,1093513,1093048,465
71539461,22.5624,19.8511,475,40863,0.754718,0.61,2,1093537,1093062,475
71542381,37.825,22.3404,499,40915,0.787887,0.61,2,1093585,1093086,499
71545301,41.53,37.7362,495,40967,0.801155,0.61,2,1093629,1093134,495
71548221,60.412,40.8945,525,41019,0.854462,0.67,2,1093702,1093177,525
71551141,39.7648,58.9578,480,41070,0.887785,0.69,2,1093728,1093248,480
71977461,33.062,32.0376,506,47987,0.866925,1,2,1098508,1098002,506
71980381,37.2248,30.815,516,48031,0.84477,1,2,1098548,1098032,516
71983301,34.0899,25.526,526,48075,0.883908,1,2,1098580,1098054,526
71986221,28.636,30.0104,518,48119,0.803563,1,2,1098605,1098087,518
71987681,30.0544,31.8042,516,48163,0.759425,1,2,1098636,1098120,516
72046081,71.6942,72.0942,458,22189,0.0957133,0.01,1,1099319,1098861,458
72049001,74.8777,78.0377,453,22285,0.0442853,0.03,1,1099396,1098943,453
72051921,70.7511,72.6151,452,22380,0.0477141,0.01,1,1099464,1099012,452
72054841,59.5004,60.846,451,22475,0.0370856,0.09,1,1099516,1099065,451
72057761,34.6002,41.1384,441,22569,0.0328343,0.03,1,1099534,1099093,441
72060681,69.0401,34.4554,503,22663,0.0311337,0.07,1,1099626,1099123,503
72063601,71.416,61.1821,497,22757,0.0544535,0.11,1,1099699,1099202,497
72066521,54.9664,67.0729,470,22850,0.0637814,0.07,1,1099743,1099273,470
72069441,66.9866,54.4291,499,22943,0.0795126,0.01,1,1099818,1099319,499
72072361,68.7946,67.9717,492,23035,0.049805,0.05,1,1099888,1099396,492
72075281,57.5178,67.9887,474,23127,0.037922,0.03,1,1099938,1099464,474
72078201,35.0071,58.3955,442,23219,0.0331688,0.03,1,1099958,1099516,442
72081121,68.0029,34.1582,514,23310,0.0312675,0.03,1,1100048,1099534,514
72084041,72.2011,68.8633,497,23401,0.078507,0.07,1,1100123,1099626,497
72113241,65.9476,67.3522,430,24293,0.229515,0.09,1,1100673,1100243,430
72116161,64.7791,67.7409,426,24380,0.277806,0.11,1,1100737,1100311,426
72119081,55.9116,56.4963,427,24467,0.297122,0.13,1,1100787,1100360,427
72122001,35.5646,35.1985,428,24554,0.292849,0.17,1,1100809,1100381,428
72136601,69.5514,65.9476,434,24982,0.434624,0.31,1,1101107,1100673,434
72189161,58.1848,68.9602,501,26468,0.761172,0.61,2,1102119,1101618,501
72192081,36.4739,57.5841,473,26548,0.790469,0.59,2,1102141,1101668,473
72195001,72.1896,36.8336,546,26628,0.838188,0.67,2,1102237,1101691,546
72197921,30.0758,69.9335,456,26708,0.857275,0.67,2,1102239,1101783,456
72200841,61.8303,29.1734,537,26787,0.87691,0.67,2,1102322,1101785,537
72203761,54.7321,61.4694,504,26866,0.896764,0.71,2,1102372,1101868,504
72343921,52.7734,60.2435,484,30419,0.868,1,2,1104850,1104366,484
72346841,43.9094,47.4974,483,30489,0.8092,1,2,1104888,1104405,483
72361441,45.68,47.5245,484,30834,0.413128,1,1,1105137,1104653,484
72384801,44.2895,18.6502,491,31379,0.271983,0.51,1,1105481,1104990,491
72387721,51.9158,35.0601,502,31446,0.258793,0.45,1,1105538,1105036,502
72393561,58.8265,43.8896,508,31580,0.270607,0.35,1,1105645,1105137,508
72396481,41.5306,57.1558,472,31647,0.282243,0.31,1,1105675,1105203,472
72399401,28.0122,44.4623,455,31714,0.298897,0.33,1,1105694,1105239,455
72416921,53.5983,44.2884,494,32112,0.410509,0.25,1,1105975,1105481,494
72419841,44.2393,51.9153,475,32178,0.446204,0.33,1,1106013,1105538,475
72457801,42.0892,41.8783,449,33022,0.758159,0.55,2,1106559,1106110,449
72460721,28.8357,28.7513,449,33086,0.801263,0.57,2,1106579,1106130,449
72463641,42.7343,42.1005,450,33150,0.830505,0.61,2,1106631,1106181,450
72466561,41.6937,40.2402,452,33214,0.866202,0.61,2,1106672,1106220,452
72469481,47.2775,46.0961,453,33278,0.880481,0.65,2,1106723,1106270,453
72472401,42.311,41.2384,454,33342,0.874192,0.67,2,1106762,1106308,454
72475321,44.5244,43.4954,455,33405,0.883677,0.67,2,1106808,1106353,455
72478241,56.2098,55.7982,455,33468,0.887471,0.67,2,1106872,1106417,455
72481161,23.6839,23.5193,455,33531,0.888988,0.69,2,1106874,1106419,455
72618401,45.1018,49.2363,487,36375,0.89656,1,2,1108883,1108396,487
72621321,39.0407,33.4945,499,36433,0.832624,1,2,1108918,1108419,499
72624241,33.0163,30.7978,499,36491,0.75905,1,2,1108947,1108448,499
72641761,42.7636,44.0999,483,36838,0.26561,1,1,1109185,1108702,483
72650521,29.4489,33.2544,466,37009,0.074359,0.85,1,1109296,1108830,466
72653441,39.3795,45.1018,459,37066,0.0717436,0.79,1,1109342,1108883,459
72656361,35.5518,39.0407,457,37123,0.0466974,0.71,1,1109375,1108918,457
72659281,29.8207,33.0163,454,37180,0.048679,0.71,1,1109401,1108947,454
72662201,17.3283,13.2065,463,37237,0.0494716,0.67,1,1109410,1108947,463
72665121,30.3313,10.6826,493,37294,0.0497886,0.35,1,1109449,1108956,493
72668041,33.7325,35.473,477,37351,0.0199155,0.27,1,1109485,1109008,477
72670961,42.293,35.7892,489,37408,0.0619662,0.29,1,1109533,1109044,489
72673881,43.3172,48.5157,476,37464,0.0547865,0.37,1,1109577,1109101,476
72676801,39.5269,45.2063,470,37520,0.0639146,0.21,1,1109614,1109144,470
72679721,47.0108,42.6825,481,37576,0.0435658,0.11,1,1109666,1109185,481
72682641,36.2043,51.273,453,37632,0.0954263,0.07,1,1109695,1109242,453
72688481,38.3127,29.4437,467,37744,0.0476682,0.07,1,1109763,1109296,467
72691401,35.7251,39.3775,455,37800,0.0370673,0.03,1,1109797,1109342,455
72694321,29.89,35.551,448,37856,0.0328269,0.05,1,1109823,1109375,448
72697241,16.756,29.8204,430,37912,0.0311308,0.05,1,1109831,1109401,430
72700161,31.3024,17.3282,462,37968,0.0304523,0.05,1,1109872,1109410,462
72703081,33.521,30.3313,458,38024,0.0301809,0,1,1109907,1109449,458
72706001,42.2084,33.7325,470,38080,0.0300724,0.09,1,1109955,1109485,470
72717681,38.6837,47.0108,456,38300,0.20117,0.13,1,1110122,1109666,456
72720601,26.2735,36.2043,445,38355,0.206468,0.11,1,1110140,1109695,445
72723521,36.9094,28.2817,466,38410,0.220587,0.01,1,1110184,1109718,466
72743961,41.6266,42.2084,423,38795,0.0630275,0.15,1,1110378,1109955,423
72746881,50.2506,45.6834,431,38849,0.079211,0.19,1,1110434,1110003,431
72752721,47.0401,45.7093,432,38957,0.210674,0.21,1,1110520,1110088,432
72755641,39.216,38.6837,432,39011,0.24627,0.21,1,1110554,1110122,432
72758561,27.0864,26.2735,433,39065,0.248508,0.23,1,1110573,1110140,433
72761481,37.2346,36.9094,433,39119,0.273403,0.17,1,1110617,1110184,433
72764401,34.0938,35.7638,430,39173,0.259361,0.13,1,1110649,1110219,430
72767321,28.0375,29.9055,428,39227,0.277745,0.11,1,1110673,1110245,428
72770241,15.415,16.1622,428,39281,0.273098,0.15,1,1110680,1110252,428
72773161,7.366,7.66488,428,39335,0.271239,0.15,1,1110682,1110254,428
72776081,26.9464,27.666,427,39389,0.270496,0.09,1,1110722,1110295,427
72779001,28.7786,32.0664,422,39443,0.282198,0.03,1,1110752,1110330,422
72781921,40.9114,41.6266,423,39497,0.298879,0.09,1,1110801,1110378,423
72784841,51.7646,50.2506,426,39550,0.293552,0.15,1,1110860,1110434,426
72793601,40.5609,39.216,433,39709,0.400147,0.25,1,1110987,1110554,433
72796521,27.0244,27.0864,432,39762,0.418059,0.29,1,1111005,1110573,432
72799441,38.4097,37.2346,434,39815,0.413224,0.25,1,1111051,1110617,434
72802361,34.5639,34.0938,434,39868,0.447289,0.29,1,1111083,1110649,434
72805281,28.2256,28.0375,434,39921,0.448916,0.27,1,1111107,1110673,434
72889961,28.1093,7.29138,488,41427,0.773341,0.51,2,1112046,1111558,488
72892881,29.8437,28.1166,477,41478,0.771336,0.53,2,1112077,1111600,477
72895801,40.7375,29.2466,495,41529,0.770535,0.53,2,1112125,1111630,495
72898721,17.495,40.4986,449,41580,0.770214,0.53,2,1112127,1111678,449
72901641,43.598,52.7995,449,41631,0.782085,0.57,2,1112188,1111739,449
72904561,40.8392,43.3198,451,41682,0.798834,0.63,2,1112227,1111776,451
72907481,53.5357,53.3279,453,41733,0.865534,0.63,2,1112289,1111836,453
72910401,43.6143,42.9312,454,41784,0.892213,0.67,2,1112326,1111872,454
73152761,326.626,354.382,479,20440,0.418,0.81,1,1115103,1114624,479
73158601,118.5,127.861,472,20647,0.07528,0.15,1,1115250,1114778,472
73161521,85.8001,94.3444,464,20750,0.036112,0.07,1,1115314,1114850,464
73164441,85.32,92.3378,458,20852,0.0564448,0.05,1,1115399,1114941,458
73167361,85.128,81.3351,469,20954,0.0645779,0.05,1,1115484,1115015,469
73170281,45.4512,66.134,432,21055,0.0318312,0.01,1,1115503,1115071,432
73173201,31.3805,39.6536,432,21156,0.0187325,0.01,1,1115525,1115093,432
73176121,49.7522,58.4614,423,21256,0.013493,0.01,1,1115587,1115164,423
73179041,71.5009,74.9846,423,21356,0.0113972,0.01,1,1115673,1115250,423
73181961,66.4004,68.3938,422,21455,0.0105589,0.07,1,1115736,1115314,422
73184881,78.1601,78.3575,423,21554,0.0222236,0.07,1,1115822,1115399,423
73187801,83.4641,82.343,425,21652,0.0508894,0.01,1,1115909,1115484,425
73190721,42.9856,44.3372,422,21750,0.0383558,0.01,1,1115925,1115503,422
73193641,30.3942,30.9349,422,21848,0.0213423,0.01,1,1115947,1115525,422
73196561,49.3577,49.574,422,21945,0.0145369,0.01,1,1116009,1115587,422
73199481,71.3431,71.4296,422,22042,0.00581477,0.01,1,1116095,1115673,422
73202401,66.3372,66.3718,422,22138,0.0323259,0.03,1,1116158,1115736,422
73205321,78.1349,78.1487,422,22234,0.0309304,0.07,1,1116244,1115822,422
73208241,84.054,83.4595,423,22329,0.0543721,0.03,1,1116332,1115909,423
73211161,42.6216,42.9838,422,22424,0.0517489,0.01,1,1116347,1115925,422
73214081,30.2486,30.3935,422,22519,0.0386995,0.01,1,1116369,1115947,422
73217001,48.6995,12.1574,483,22613,0.0334798,0.01,1,1116430,1115947,483
73219921,71.0798,42.063,507,22707,0.0193919,0,1,1116516,1116009,507
73222841,66.2319,68.4252,484,22800,0.0257568,0.05,1,1116579,1116095,484
73225761,78.0928,65.1701,507,22893,0.0523027,0.03,1,1116665,1116158,507
73228681,84.6371,77.668,510,22986,0.0389211,0.07,1,1116754,1116244,510
73231601,42.2548,83.8672,436,23078,0.0335684,0.05,1,1116768,1116332,436
73234521,30.1019,42.5469,443,23170,0.0314274,0.03,1,1116790,1116347,443
73237441,48.6408,30.2188,482,23261,0.0425709,0.03,1,1116851,1116369,482
73240361,71.0563,48.6875,507,23352,0.0350284,0.01,1,1116937,1116430,507
73243281,66.2225,71.075,484,23443,0.0140114,0.03,1,1117000,1116516,484
73246201,78.089,66.23,507,23533,0.0116045,0.07,1,1117086,1116579,507
73249121,85.2356,78.092,511,23623,0.0346418,0.03,1,1117176,1116665,511
73252041,42.4942,84.6368,436,23713,0.0438567,0.03,1,1117190,1116754,436
73254961,30.1977,42.2547,444,23802,0.0475427,0.03,1,1117212,1116768,444
73257881,48.0791,30.1019,482,23891,0.0490171,0.05,1,1117272,1116790,482
73260801,70.8316,48.6408,507,23980,0.0256068,0.03,1,1117358,1116851,507
73263721,29.5327,71.0563,423,24068,0.0162427,0,1,1117360,1116937,423
73266641,49.0131,66.2225,422,24156,0.0124971,0.01,1,1117422,1117000,422
73269561,71.8052,78.089,423,24244,0.0229988,0.05,1,1117509,1117086,423
73272481,83.3221,85.2356,424,24331,0.0511995,0.05,1,1117600,1117176,424
73275401,42.9288,42.4942,426,24418,0.0504798,0.05,1,1117616,1117190,426
73278321,29.7715,30.1977,425,24505,0.0501919,0.05,1,1117637,1117212,425
73281241,46.1086,48.0791,422,24591,0.0500768,0.01,1,1117694,1117272,422
73284161,70.6434,70.8316,423,24677,0.0380307,0.01,1,1117781,1117358,423
73287081,29.4574,29.5327,423,24763,0.0332123,0.01,1,1117783,1117360,423
73290001,48.383,49.0131,422,24849,0.0672849,0.03,1,1117844,1117422,422
73292921,72.1532,71.8052,423,24934,0.032914,0.07,1,1117932,1117509,423
73295841,84.0613,83.3221,424,25019,0.0431656,0.05,1,1118024,1117600,424
73298761,42.6245,42.9288,423,25104,0.0592662,0.05,1,1118039,1117616,423
73307521,69.808,70.6434,422,25356,0.077473,0.03,1,1118203,1117781,422
73310441,29.1232,29.4574,422,25440,0.0609892,0.03,1,1118205,1117783,422
73313361,47.6493,11.7829,482,25523,0.0663957,0.09,1,1118265,1117783,482
73316281,71.8597,41.3132,509,25606,0.0445583,0.01,1,1118353,1117844,509
73319201,85.1439,69.3253,515,25689,0.0478233,0.05,1,1118447,1117932,515
73322121,43.6576,82.9301,439,25771,0.0491293,0.07,1,1118463,1118024,439
73325041,30.063,42.172,445,25853,0.0736517,0.13,1,1118484,1118039,445
73339641,71.1904,47.6446,510,26260,0.081711,0.03,1,1118775,1118265,510
73342561,85.4762,71.8579,517,26341,0.0626844,0.05,1,1118870,1118353,517
73345481,44.3905,85.1431,440,26421,0.0670738,0.05,1,1118887,1118447,440
73348401,31.5562,43.6573,447,26501,0.0448295,0.09,1,1118910,1118463,447
73351321,49.8225,30.0629,488,26581,0.0599318,0.13,1,1118972,1118484,488
73354241,68.529,48.6252,508,26661,0.0659727,0.15,1,1119053,1118545,508
73357161,28.6116,66.8501,431,26740,0.0923891,0.15,1,1119055,1118624,431
73383441,28.6115,28.6116,425,27445,0.229614,0.13,1,1119480,1119055,425
73386361,51.6446,49.2446,429,27522,0.241846,0.19,1,1119547,1119118,429
73389281,69.2578,67.0979,431,27599,0.234738,0.19,1,1119628,1119197,431
73392201,28.9031,28.0391,431,27676,0.231895,0.13,1,1119630,1119199,431
73395121,67.3613,68.2157,429,27753,0.254758,0.19,1,1119723,1119294,429
73398041,36.5445,36.8863,429,27829,0.275903,0.17,1,1119739,1119310,429
73406801,69.4428,68.5287,432,28057,0.422058,0.25,1,1119910,1119478,432
73409721,28.9771,28.6115,432,28132,0.426823,0.25,1,1119912,1119480,432
73444761,30.0648,69.905,449,29022,0.751634,0.53,2,1120510,1120061,449
73447681,69.6259,29.162,543,29095,0.762654,0.55,2,1120606,1120063,543
73450601,39.8504,68.0648,469,29168,0.767061,0.57,2,1120626,1120157,469
73453521,30.3401,38.0259,475,29241,0.792825,0.61,2,1120650,1120175,475
73456441,52.3361,29.6104,518,29313,0.82713,0.57,2,1120717,1120199,518
73459361,75.5344,52.6441,541,29385,0.792852,0.69,2,1120808,1120267,541
73462281,31.4138,72.6577,457,29457,0.779141,0.65,2,1120810,1120353,457
73465201,53.9655,30.2631,524,29529,0.821656,0.71,2,1120879,1120355,524
73468121,74.3862,52.9052,544,29601,0.886663,0.75,2,1120967,1120423,544
73590761,56.8484,43.7746,545,32469,0.8332,1,2,1122945,1122400,545
73602441,32.9097,28.447,519,32729,0.42333,1,1,1123076,1122557,519
73608281,50.8656,64.7915,488,32858,0.215333,1,1,1123170,1122682,488
73611201,37.7462,41.5166,491,32922,0.0861331,1,1,1123199,1122708,491
73614121,38.4985,46.0066,481,32986,0.0344532,1,1,1123238,1122757,481
73617041,65.1994,74.8027,470,33050,0.0197813,0.98,1,1123321,1122851,470
73619961,41.6798,49.1211,464,33114,0.0259125,0.73,1,1123347,1122883,464
73622881,49.6719,56.8484,457,33178,0.052365,0.65,1,1123402,1122945,457
73625801,37.2688,41.3394,455,33242,0.038946,0.49,1,1123431,1122976,455
73628721,32.3075,39.9357,445,33306,0.0455784,0.45,1,1123460,1123015,445
73631641,26.123,32.7743,439,33370,0.0242314,0.37,1,1123482,1123043,439
73634561,26.6492,32.9097,433,33433,0.0396925,0.29,1,1123509,1123076,433
73637481,27.4597,31.1639,431,33496,0.045877,0.13,1,1123537,1123106,431
73640401,45.7839,50.8656,425,33559,0.0483508,0,1,1123595,1123170,425
73643321,34.5135,37.7462,423,33622,0.0193403,0,1,1123622,1123199,423
73646241,38.4054,38.4985,425,33685,0.0257361,0.01,1,1123663,1123238,425
73649161,63.9622,65.1994,423,33748,0.0642944,0.03,1,1123744,1123321,423
73652081,40.5849,41.6798,422,33811,0.0437178,0.07,1,1123769,1123347,422
73655001,50.4339,49.6719,424,33874,0.0954871,0.03,1,1123826,1123402,424
73657921,36.9736,37.2688,423,33936,0.0441948,0.05,1,1123854,1123431,423
73660841,31.5894,32.3075,422,33998,0.0956779,0.01,1,1123882,1123460,422
73663761,25.8358,26.123,422,34060,0.0802712,0.05,1,1123904,1123482,422
73666681,28.3343,26.6492,425,34122,0.0741085,0.05,1,1123934,1123509,425
73669601,26.9337,27.4597,423,34184,0.0836434,0.05,1,1123960,1123537,423
73681281,64.5967,34.0102,504,34432,0.0905093,0.09,1,1124167,1123663,504
73684201,39.6387,62.2041,446,34493,0.0902037,0.03,1,1124190,1123744,446
73687121,52.4555,39.8816,482,34554,0.0540815,0.13,1,1124251,1123769,482
73690041,36.5822,50.1527,451,34615,0.0276326,0.01,1,1124277,1123826,451
73692961,32.0329,36.8611,452,34676,0.041053,0.13,1,1124306,1123854,452
73695881,24.8131,31.5444,444,34737,0.0464212,0.07,1,1124326,1123882,444
73698801,30.9253,25.8178,457,34798,0.0365685,0.07,1,1124361,1123904,457
73701721,26.7701,28.3271,451,34859,0.0686274,0.09,1,1124385,1123934,451
73719241,50.7481,39.6387,483,35221,0.201103,0.03,1,1124673,1124190,483
73722161,35.8992,52.4555,448,35281,0.206441,0.01,1,1124699,1124251,448
73725081,32.3597,36.5822,452,35341,0.208577,0.05,1,1124729,1124277,452
73728001,24.9439,32.0329,443,35401,0.221431,0.05,1,1124749,1124306,443
73730921,31.5776,24.8131,459,35461,0.226572,0.03,1,1124785,1124326,459
73733841,28.831,30.9253,451,35521,0.228629,0.09,1,1124812,1124361,451
73736761,48.7324,26.7701,489,35581,0.265452,0.15,1,1124874,1124385,489
73739681,32.693,47.308,450,35640,0.292181,0.13,1,1124896,1124446,450
73760121,33.7032,32.3597,433,36053,0.416892,0.23,1,1125162,1124729,433
73763041,25.4813,24.9439,433,36112,0.412757,0.23,1,1125182,1124749,433
73765961,32.3925,31.5776,434,36171,0.423103,0.23,1,1125219,1124785,434
73768881,29.757,28.831,435,36229,0.403241,0.29,1,1125247,1124812,435
73824361,51.7115,36.1861,504,37322,0.780799,0.55,2,1125991,1125487,504
73827281,35.0846,49.2744,470,37379,0.798319,0.51,2,1126015,1125545,470
73830201,35.0338,34.1098,481,37436,0.817328,0.53,2,1126050,1125569,481
73833121,27.8135,34.0439,470,37492,0.824931,0.61,2,1126073,1125603,470
73836041,33.3254,26.2176,486,37548,0.839972,0.61,2,1126110,1125624,486
73838961,30.7302,32.087,479,37604,0.833989,0.63,2,1126139,1125660,479
73841881,52.4921,30.2348,517,37660,0.843596,0.61,2,1126206,1125689,517
73844801,35.9968,51.6939,476,37716,0.835438,0.67,2,1126231,1125755,476
73847721,15.5987,35.0776,454,37772,0.832175,0.63,2,1126233,1125779,454
73850641,33.2395,15.231,497,37828,0.84287,0.69,2,1126278,1125781,497
73853561,65.4958,32.4924,540,37884,0.871148,0.75,2,1126365,1125825,540
73856481,40.5983,62.197,482,37940,0.882459,0.75,2,1126389,1125907,482
74022921,30.9209,28.8834,527,40994,0.868106,1,2,1128496,1127969,527
74025841,30.9684,29.5534,528,41045,0.785242,1,2,1128527,1127999,528
74037521,29.1176,36.9822,503,41249,0.42383,1,1,1128653,1128150,503
74043361,46.7788,73.3571,507,41351,0.0702128,1,1,1128788,1128281,507
74046281,40.3115,51.5429,506,41402,0.0460851,1,1,1128824,1128318,506
74049201,34.1246,42.2171,500,41453,0.0484341,0.96,1,1128854,1128354,500
74052121,20.2498,34.2869,482,41504,0.0613736,1,1,1128865,1128383,482
74055041,9.29994,21.5147,471,41555,0.0545494,0.97,1,1128867,1128396,471
74057961,19.92,29.0059,464,41606,0.0398198,0.89,1,1128894,1128430,464
74060881,27.768,33.8024,460,41657,0.0219279,0.83,1,1128927,1128467,460
74063801,29.7072,30.9209,462,41708,0.0267712,0.73,1,1128958,1128496,462
74066721,28.0829,30.9684,458,41759,0.0287085,0.67,1,1128985,1128527,458
74069641,28.0332,31.5874,454,41810,0.0414834,0.55,1,1129013,1128559,454
74072561,28.0133,34.2349,446,41860,0.0585934,0.43,1,1129041,1128595,446
74075481,26.8053,32.294,441,41910,0.0234373,0.37,1,1129067,1128626,441
74078401,22.7221,29.1176,434,41960,0.0393749,0.01,1,1129087,1128653,434
74081321,67.8889,76.447,424,42010,0.05775,0,1,1129185,1128761,424
74084241,43.3555,46.7788,424,42060,0.0411,0.03,1,1129212,1128788,424
74087161,37.7422,40.3115,422,42110,0.04644,0.05,1,1129246,1128824,422
74090081,34.2969,34.1246,424,42160,0.072576,0.07,1,1129278,1128854,424
74093001,20.9188,20.2498,425,42210,0.0710304,0.05,1,1129290,1128865,425
74095921,9.5675,9.29994,425,42260,0.0704122,0.03,1,1129292,1128867,425
74098841,18.227,19.92,422,42310,0.0281649,0.01,1,1129316,1128894,422
74101761,27.0908,27.768,422,42360,0.0412659,0.03,1,1129349,1128927,422
74104681,30.0363,29.7072,423,42410,0.0465064,0.03,1,1129381,1128958,423
74107601,27.6145,28.0829,422,42460,0.0486025,0.05,1,1129407,1128985,422
74110521,27.8458,28.0332,422,42510,0.061441,0.07,1,1129435,1129013,422
74113441,27.9383,28.0133,422,42560,0.0905764,0,1,1129463,1129041,422
74116361,26.7753,26.8053,422,42610,0.0542306,0.05,1,1129489,1129067,422
74119281,22.7101,22.7221,422,42660,0.0756922,0.07,1,1129509,1129087,422
74122201,68.4841,67.8889,423,42709,0.0602769,0.03,1,1129608,1129185,423
74125121,43.5936,43.3555,423,42758,0.0241108,0.05,1,1129635,1129212,423
74128041,37.2374,37.7422,422,42807,0.0096443,0.09,1,1129668,1129246,422
74130961,35.895,34.2969,425,42856,0.0218577,0.07,1,1129703,1129278,425
74133881,20.358,20.9188,423,42905,0.0267431,0.07,1,1129713,1129290,423
74136801,9.3432,9.5675,423,42954,0.0526972,0,1,1129715,1129292,423
74139721,17.5373,18.227,422,43003,0.0390789,0,1,1129738,1129316,422
74142641,26.2149,7.2908,454,43052,0.0576316,0.05,1,1129770,1129316,454
74145561,29.686,22.7163,453,43101,0.0410526,0.05,1,1129802,1129349,453
74148481,27.4744,28.2865,447,43150,0.034421,0.05,1,1129828,1129381,447
74151401,29.5898,26.9146,452,43199,0.0557684,0.07,1,1129859,1129407,452
74154321,28.6359,27.5658,452,43248,0.0763074,0.11,1,1129887,1129435,452
74157241,25.2544,27.8263,447,43297,0.072523,0.03,1,1129910,1129463,447
74160161,23.3017,26.7305,443,43346,0.0470092,0.09,1,1129932,1129489,443
74163081,67.5207,22.6922,520,43395,0.0608037,0.05,1,1130029,1129509,520
74166001,43.2083,68.4769,448,43444,0.0303215,0,1,1130056,1129608,448
74168921,37.0833,43.5908,454,43493,0.0181286,0,1,1130089,1129635,454
74171841,36.4333,37.2363,457,43542,0.0252514,0.03,1,1130125,1129668,457
74174761,20.5733,35.8945,432,43590,0.0281006,0.03,1,1130135,1129703,432
74177681,9.42933,20.3578,424,43638,0.0292402,0.07,1,1130137,1129713,424
74180601,16.9717,9.34312,444,43686,0.0296961,0.03,1,1130159,1129715,444
74183521,27.1887,17.5372,455,43734,0.0658784,0.07,1,1130193,1129738,455
74186441,28.8755,26.2149,453,43782,0.0323514,0.03,1,1130223,1129770,453
74189361,27.7502,29.686,448,43830,0.0309405,0.03,1,1130250,1129802,448
74192281,30.9001,27.4744,455,43878,0.0303762,0.07,1,1130283,1129828,455
74195201,29.76,29.5898,453,43926,0.0301505,0.09,1,1130312,1129859,453
74198121,23.304,28.6359,444,43974,0.0540602,0.07,1,1130331,1129887,444
74201041,23.1216,25.2544,444,44022,0.0396241,0.03,1,1130354,1129910,444
74203961,68.6486,23.3017,521,44070,0.0578496,0.07,1,1130453,1129932,521
74206881,42.4595,67.5207,449,44118,0.0771399,0.01,1,1130478,1130029,449
74209801,36.1838,43.2083,454,44166,0.0968559,0.01,1,1130510,1130056,454
74212721,36.6735,37.0833,458,44214,0.0567424,0.03,1,1130547,1130089,458
74215641,20.6694,36.4333,432,44262,0.0406969,0.03,1,1130557,1130125,432
74218561,9.46776,20.5733,424,44310,0.0342788,0.03,1,1130559,1130135,424
74221481,16.9871,9.42933,444,44358,0.0317115,0.03,1,1130581,1130137,444
74224401,28.9948,16.9717,459,44406,0.0426846,0.09,1,1130618,1130159,459
74227321,27.1979,27.1887,451,44454,0.0590738,0.01,1,1130644,1130193,451
74230241,12.0792,28.8755,423,44501,0.0656295,0.03,1,1130646,1130223,423
74233161,21.0317,27.7502,423,44548,0.0802518,0.03,1,1130673,1130250,423
74239001,29.2851,29.76,424,44642,0.0980403,0.07,1,1130736,1130312,424
74241921,23.114,23.304,424,44689,0.0812161,0.03,1,1130755,1130331,424
74244841,23.0456,23.1216,424,44736,0.0624864,0.07,1,1130778,1130354,424
74247761,69.2182,68.6486,425,44783,0.0549946,0.09,1,1130878,1130453,425
74250681,43.2873,42.4595,426,44830,0.0759978,0.11,1,1130904,1130478,426
74253601,34.7149,36.1838,423,44877,0.0603991,0.03,1,1130933,1130510,423
74256521,36.086,36.6735,423,44924,0.0901597,0.03,1,1130970,1130547,423
74259441,20.4344,20.6694,423,44971,0.0900639,0.03,1,1130980,1130557,423
74297401,35.4398,34.7149,425,45578,0.20067,0.11,1,1131358,1130933,425
74300321,36.9759,36.086,426,45624,0.218268,0.09,1,1131396,1130970,426
74303241,20.7904,20.4344,426,45670,0.201307,0.13,1,1131406,1130980,426
74306161,9.51614,9.37375,426,45716,0.218523,0.13,1,1131408,1130982,426
74309081,17.0065,16.9495,426,45762,0.225409,0.13,1,1131430,1131004,426
74312001,29.6026,29.5798,426,45808,0.216164,0.11,1,1131468,1131042,426
74314921,28.641,28.6319,426,45854,0.236465,0.13,1,1131496,1131070,426
74317841,12.6564,12.6528,426,45900,0.244586,0.09,1,1131498,1131072,426
74320761,20.6626,21.8611,424,45946,0.283834,0.09,1,1131524,1131100,424
74332441,22.0426,21.1516,448,46130,0.404082,0.15,1,1131626,1131178,448
74417121,23.853,30.1509,453,47439,0.772767,0.63,2,1132480,1132027,453
74420041,20.3412,22.8604,453,47483,0.807107,0.65,2,1132498,1132045,453
74422961,21.9365,22.3441,454,47527,0.832843,0.67,2,1132521,1132067,454
74425881,74.7746,74.3377,455,47571,0.831137,0.69,2,1132631,1132176,455
74428801,46.1098,45.3351,456,47615,0.866455,0.69,2,1132658,1132202,456
74431721,36.4439,36.134,456,47659,0.856582,0.73,2,1132688,1132232,456
74434641,39.7776,38.4536,458,47703,0.852633,0.73,2,1132730,1132272,458
74437561,21.911,21.3814,458,47747,0.827053,0.73,2,1132740,1132282,458
74440481,9.96441,9.75258,458,47791,0.840821,0.73,2,1132742,1132284,458
74443401,17.7858,17.101,459,47835,0.846328,0.75,2,1132765,1132306,459
74446321,29.9143,29.6404,459,47879,0.872531,0.73,2,1132803,1132344,459
74449241,30.5657,30.4562,459,47923,0.883013,0.73,2,1132834,1132375,459
74452161,13.4263,13.3825,459,47967,0.887205,0.73,2,1132836,1132377,459
74455081,23.3705,23.953,458,48011,0.888882,0.75,2,1132866,1132408,458
74641961,29.5233,26.7965,503,50746,0.852093,1,2,1134775,1134272,503
74644881,28.6093,26.9186,504,50788,0.754837,1,2,1134803,1134299,504
74704741,129.046,113.907,464,23451,0.0678518,0.05,1,1135512,1135048,464
74707661,80.4184,86.9627,443,23541,0.0451407,0.07,1,1135560,1135117,443
74710581,58.5674,61.1851,443,23631,0.0240563,0.03,1,1135604,1135161,443
74713501,67.2269,55.674,464,23721,0.0276225,0.01,1,1135677,1135213,464
74716421,41.2908,48.0696,445,23810,0.065049,0.03,1,1135701,1135256,445
74719341,29.1163,33.6278,442,23899,0.0800196,0.09,1,1135722,1135280,442
74722261,43.4465,28.4511,470,23988,0.0500078,0.01,1,1135775,1135305,470
74725181,58.1786,59.3805,458,24076,0.0200031,0.01,1,1135843,1135385,458
74728101,79.0714,99.9522,424,24164,0.0380013,0.03,1,1135936,1135512,424
74731021,59.2286,68.7809,422,24252,0.0332005,0.01,1,1135982,1135560,422
74733941,50.0914,53.9123,422,24339,0.0432802,0.03,1,1136026,1135604,422
74736861,64.4366,65.3649,423,24426,0.0173121,0.09,1,1136100,1135677,423
74739781,40.7746,40.546,424,24513,0.0249248,0.09,1,1136125,1135701,424
74742701,31.3099,28.8184,428,24599,0.0279699,0.03,1,1136150,1135722,428
74745621,42.5239,43.3274,425,24685,0.029188,0,1,1136200,1135775,425
74748541,57.8096,58.1309,425,24771,0.0296752,0.05,1,1136268,1135843,425
74751461,77.1238,79.0524,422,24857,0.0178701,0.03,1,1136358,1135936,422
74754381,58.4495,59.221,422,24942,0.025148,0.05,1,1136404,1135982,422
74757301,50.3798,50.0884,423,25027,0.0520592,0,1,1136449,1136026,423
74760221,63.9519,64.4354,422,25112,0.0208237,0.03,1,1136522,1136100,422
74763141,41.1808,40.7741,423,25196,0.0263295,0.03,1,1136548,1136125,423
74766061,31.4723,31.3097,423,25280,0.0285318,0.03,1,1136573,1136150,423
74768981,42.5889,42.5239,423,25364,0.0294127,0.03,1,1136623,1136200,423
74771901,57.2356,57.8095,422,25448,0.0177651,0.03,1,1136690,1136268,422
74774821,76.2942,23.1238,511,25531,0.025106,0.01,1,1136779,1136268,511
74777741,58.1177,63.2495,467,25614,0.0280424,0.03,1,1136825,1136358,467
74780661,50.8471,52.8998,467,25697,0.017217,0.07,1,1136871,1136404,467
74783581,63.5388,48.1599,494,25779,0.0368868,0,1,1136943,1136449,494
74786501,42.2155,63.064,449,25861,0.0207547,0.03,1,1136971,1136522,449
74789421,31.2862,40.8256,447,25943,0.0503019,0.03,1,1136995,1136548,447
74792341,43.1145,31.3302,473,26025,0.0741208,0.03,1,1137046,1136573,473
74795261,56.2458,42.5321,488,26106,0.0476483,0.01,1,1137111,1136623,488
74798181,76.4983,57.2128,511,26187,0.0250593,0.03,1,1137201,1136690,511
74801101,57.5993,76.2851,467,26268,0.0280237,0.03,1,1137246,1136779,467
74804021,51.2397,58.1141,468,26349,0.0172095,0.01,1,1137293,1136825,468
74806941,63.0959,50.8456,493,26429,0.0608838,0.05,1,1137364,1136871,493
74821541,76.5639,56.2458,512,26827,0.0977274,0.01,1,1137623,1137111,512
74824461,57.0255,76.4983,466,26906,0.039091,0.03,1,1137667,1137201,466
74827381,24.0102,57.5993,423,26985,0.0216364,0.01,1,1137669,1137246,423
74830301,37.8041,51.2397,423,27063,0.0266546,0.09,1,1137716,1137293,423
74833221,60.1216,63.0959,427,27141,0.0766618,0.15,1,1137791,1137364,427
74847821,72.1721,76.5639,423,27529,0.0839882,0,1,1138046,1137623,423
74850741,54.6688,57.0255,422,27606,0.0395953,0.01,1,1138089,1137667,422
74853661,23.0675,24.0102,422,27683,0.0218381,0.03,1,1138091,1137669,422
74856581,37.427,37.8041,422,27760,0.0267352,0.11,1,1138138,1137716,422
74859501,61.7708,60.1216,425,27836,0.0406941,0.17,1,1138216,1137791,425
74862421,46.3083,43.8487,428,27912,0.0582776,0.13,1,1138252,1137824,428
74865341,33.5233,31.9395,429,27988,0.0773111,0.15,1,1138277,1137848,429
74868261,45.2093,44.5758,429,28064,0.0849244,0.13,1,1138330,1137901,429
74877021,53.0294,54.6688,422,28289,0.215915,0.01,1,1138511,1138089,422
74879941,22.4118,23.0675,422,28364,0.224366,0.01,1,1138513,1138091,422
74882861,36.5647,9.22701,468,28439,0.203746,0.03,1,1138559,1138091,468
74897461,55.296,45.0676,487,28809,0.224643,0.13,1,1138817,1138330,487
74900381,70.1184,54.627,506,28882,0.263857,0.15,1,1138897,1138391,506
74903301,54.4474,68.0508,473,28955,0.291543,0.27,1,1138941,1138468,473
74926661,72.0824,55.296,515,29535,0.429354,0.29,1,1139332,1138817,515
74973381,33.4254,33.252,448,30660,0.759735,0.59,2,1139991,1139543,448
74976301,31.3702,30.7008,449,30729,0.753894,0.69,2,1140021,1139572,449
74979221,49.1481,45.2803,455,30798,0.763557,0.71,2,1140082,1139627,455
74982141,59.8592,58.3121,455,30867,0.803423,0.71,2,1140149,1139694,455
74985061,74.3437,73.7249,455,30936,0.819369,0.69,2,1140233,1139778,455
74987981,57.3375,55.8899,457,31004,0.861748,0.69,2,1140279,1139822,457
74990901,24.135,23.556,457,31072,0.878699,0.73,2,1140281,1139824,457
75119381,62.7073,63.6566,486,33939,0.842646,1,2,1142312,1141826,486
75131061,30.2085,30.468,493,34187,0.432692,1,1,1142425,1141932,493
75136901,44.6734,13.9949,540,34311,0.245631,1,1,1142510,1141970,540
75139821,82.0693,45.798,580,34373,0.0982523,0.99,1,1142617,1142037,580
75145661,26.3311,52.2077,484,34496,0.0721204,1,1,1142657,1142173,484
75148581,36.3324,29.8831,512,34557,0.0468481,0.97,1,1142700,1142188,512
75151501,54.733,39.5532,533,34618,0.0487393,0.75,1,1142767,1142234,533
75154421,36.2932,62.6213,479,34679,0.0254957,0.65,1,1142791,1142312,479
75157341,25.9173,41.8485,470,34740,0.0161983,0.51,1,1142810,1142340,470
75160261,26.5669,33.5394,469,34801,0.0604793,0.43,1,1142837,1142368,469
75163181,26.2268,29.0158,469,34862,0.0661917,0.39,1,1142863,1142394,469
75166101,25.4907,30.2063,463,34923,0.0564767,0.31,1,1142888,1142425,463
75169021,37.1963,30.6825,477,34984,0.0765907,0.17,1,1142933,1142456,477
75171941,79.6785,44.673,531,35044,0.0726363,0,1,1143041,1142510,531
75174861,49.2714,82.0692,453,35104,0.0470545,0.11,1,1143070,1142617,453
75177781,25.7086,50.8277,433,35164,0.0608218,0.05,1,1143080,1142647,433
75180701,35.4834,26.3311,465,35224,0.0783287,0.03,1,1143122,1142657,465
75183621,55.5934,36.3324,491,35284,0.0973315,0.05,1,1143191,1142700,491
75195301,25.404,26.5669,449,35524,0.229196,0.07,1,1143286,1142837,449
75198221,25.1616,26.2268,448,35584,0.205678,0.05,1,1143311,1142863,448
75201141,37.0646,25.4907,468,35643,0.220271,0.09,1,1143356,1142888,468
75204061,16.0259,37.1963,425,35702,0.226109,0.07,1,1143358,1142933,425
75215741,34.7063,35.4834,426,35938,0.202156,0.11,1,1143548,1143122,426
75218661,57.0825,55.5934,429,35997,0.218863,0.21,1,1143620,1143191,429
75221581,36.633,35.4373,430,36056,0.249545,0.19,1,1143643,1143213,430
75224501,27.2532,26.7749,430,36115,0.261818,0.21,1,1143664,1143234,430
75227421,30.1013,27.51,434,36174,0.266727,0.25,1,1143696,1143262,434
75230341,25.2405,25.404,432,36232,0.280691,0.19,1,1143718,1143286,432
75233261,26.2962,25.1616,434,36290,0.274276,0.23,1,1143745,1143311,434
75236181,36.9185,37.0646,433,36348,0.283711,0.23,1,1143789,1143356,433
75239101,15.9674,16.0259,433,36406,0.287484,0.17,1,1143791,1143358,433
75242021,70.587,72.4103,430,36464,0.276994,0.19,1,1143898,1143468,430
75244941,45.0348,45.1641,431,36522,0.284797,0.19,1,1143926,1143495,431
75247861,25.2139,25.2657,431,36580,0.287919,0.21,1,1143938,1143507,431
75303341,27.7853,25.811,466,37662,0.427503,0.37,1,1144618,1144152,466
75344221,17.5597,38.1141,449,38440,0.753978,0.53,2,1145112,1144663,449
75347141,70.0239,16.4456,552,38495,0.787591,0.53,2,1145217,1144665,552
75350061,46.6096,69.5783,478,38550,0.825037,0.57,2,1145248,1144770,478
75352981,27.6438,45.2313,464,38605,0.864015,0.61,2,1145263,1144799,464
75355901,12.2575,25.8925,453,38660,0.879606,0.67,2,1145265,1144812,453
75358821,32.503,36.757,455,38715,0.897842,0.67,2,1145311,1144856,455
75566141,39.6709,33.9627,498,42412,0.778303,1,2,1147888,1147390,498
75577821,29.0956,32.0022,495,42612,0.248741,1,1,1148008,1147513,495
75580741,50.6382,54.2009,491,42662,0.0994962,1,1,1148073,1147582,491
75583661,44.8553,43.8804,495,42711,0.0457985,1,1,1148114,1147619,495
75586581,37.7421,36.7521,496,42760,0.0483194,1,1,1148147,1147651,496
75589501,34.2968,33.3009,497,42809,0.0253278,0.89,1,1148179,1147682,497
75592421,25.1187,35.5203,479,42858,0.0281311,0.97,1,1148198,1147719,479
75595341,28.6475,35.2081,475,42907,0.0112524,1,1,1148229,1147754,475
75598261,22.859,28.4833,470,42956,0.034501,0.94,1,1148248,1147778,470
75601181,25.3436,31.1933,464,43005,0.0198004,0.94,1,1148275,1147811,464
75604101,27.5374,12.4773,493,43054,0.0259202,0.88,1,1148304,1147811,493
75607021,32.015,24.1909,496,43103,0.0103681,0.69,1,1148339,1147843,496
75609941,29.006,36.6764,478,43152,0.0341472,0.49,1,1148366,1147888,478
75612861,24.2024,35.6705,464,43201,0.0316589,0.45,1,1148387,1147923,464
75615781,24.681,29.8682,463,43250,0.0666636,0.27,1,1148412,1147949,463
75618701,23.0724,30.5473,454,43299,0.0566654,0.17,1,1148434,1147980,454
75621621,45.229,29.0189,486,43348,0.0226662,0,1,1148494,1148008,486
75624541,42.6916,50.6076,462,43397,0.0270665,0.01,1,1148535,1148073,462
75627461,36.8766,44.843,454,43446,0.0168266,0.05,1,1148568,1148114,454
75630381,33.9507,37.7372,453,43495,0.0127306,0.01,1,1148600,1148147,453
75633301,24.9803,34.2949,440,43544,0.0350923,0.03,1,1148619,1148179,440
75636221,28.5921,25.118,452,43592,0.0140369,0,1,1148650,1148198,452
75639141,22.8368,28.6472,440,43640,0.0356148,0.05,1,1148669,1148229,440
75642061,25.3347,22.8589,448,43688,0.0322459,0.01,1,1148696,1148248,448
75644981,27.5339,25.3435,450,43736,0.0308984,0.03,1,1148725,1148275,450
75647901,32.6136,27.5374,457,43784,0.0123593,0,1,1148761,1148304,457
75650821,29.8454,32.015,450,43832,0.0349437,0.05,1,1148789,1148339,450
75653741,23.9382,29.006,443,43880,0.0679775,0.03,1,1148809,1148366,443
75656661,26.3753,24.2024,450,43928,0.093191,0.09,1,1148837,1148387,450
75662501,44.18,23.0724,481,44024,0.0413106,0,1,1148915,1148434,481
75665421,42.272,45.229,462,44072,0.0225242,0.03,1,1148956,1148494,462
75668341,37.3088,42.6916,455,44120,0.0390097,0.01,1,1148990,1148535,455
75671261,35.3235,36.8766,456,44168,0.0216039,0.01,1,1149024,1148568,456
75674181,23.7294,33.9507,440,44216,0.0266415,0.05,1,1149040,1148600,440
75677101,28.6918,24.9803,453,44264,0.0106566,0,1,1149072,1148619,453
75680021,22.2767,28.5921,440,44312,0.0222626,0.05,1,1149090,1148650,440
75682941,25.7107,22.8368,449,44360,0.0389051,0.03,1,1149118,1148669,449
75685861,27.6843,25.3347,451,44408,0.057562,0.03,1,1149147,1148696,451
75688781,32.6737,27.5339,458,44456,0.0230248,0,1,1149183,1148725,458
75691701,14.2695,32.6136,424,44503,0.0152099,0.05,1,1149185,1148761,424
75694621,23.1078,29.8454,425,44550,0.036084,0.09,1,1149214,1148789,425
75697541,22.4431,23.9382,427,44597,0.0564336,0.11,1,1149236,1148809,427
75700461,25.7772,26.3753,427,44644,0.0885734,0.11,1,1149264,1148837,427
75703381,21.7109,21.9501,427,44691,0.0894294,0,1,1149283,1148856,427
75706301,41.6844,44.18,423,44738,0.0657717,0.01,1,1149338,1148915,423
75709221,41.2737,42.272,423,44785,0.0443087,0.05,1,1149379,1148956,423
75712141,37.5095,37.3088,424,44832,0.0237235,0.01,1,1149414,1148990,424
75715061,34.8038,35.3235,423,44879,0.0274894,0.03,1,1149447,1149024,423
75717981,23.5215,23.7294,423,44926,0.0409958,0,1,1149463,1149040,423
75720901,28.6086,28.6918,423,44973,0.0343983,0.03,1,1149495,1149072,423
75723821,21.6434,22.2767,422,45020,0.0557593,0.05,1,1149512,1149090,422
75726741,27.8574,25.7107,426,45067,0.0283037,0.07,1,1149544,1149118,426
75729661,26.743,27.6843,423,45114,0.0173215,0,1,1149570,1149147,423
75732581,32.2972,32.6737,423,45161,0.0129286,0.01,1,1149606,1149183,423
75735501,14.1189,14.2695,423,45208,0.0231714,0.05,1,1149608,1149185,423
75738421,24.2475,23.1078,425,45255,0.0272686,0.07,1,1149639,1149214,425
75741341,22.899,22.4431,425,45302,0.0649074,0.11,1,1149661,1149236,425
75744261,25.9596,25.7772,425,45349,0.079963,0.09,1,1149689,1149264,425
75747181,22.9838,21.7109,427,45396,0.0979852,0.05,1,1149710,1149283,427
75753021,40.8774,41.2737,423,45488,0.0816776,0.01,1,1149802,1149379,423
75755941,36.751,37.5095,422,45534,0.050671,0.03,1,1149836,1149414,422
75758861,34.5004,34.8038,422,45580,0.0382684,0.05,1,1149869,1149447,422
75761781,25.2002,23.5215,425,45626,0.0213074,0.03,1,1149888,1149463,425
75764701,28.0801,28.6086,423,45672,0.0145229,0.07,1,1149918,1149495,423
75767621,22.032,21.6434,424,45718,0.0358092,0.01,1,1149936,1149512,424
75770541,26.8128,27.8574,422,45764,0.0323237,0.01,1,1149966,1149544,422
75773461,26.3251,26.743,422,45810,0.0669295,0.01,1,1149992,1149570,422
75776381,32.13,32.2972,422,45856,0.0447718,0.03,1,1150028,1149606,422
75779301,14.052,14.1189,422,45902,0.0359087,0.03,1,1150030,1149608,422
75782221,26.0208,24.2475,425,45948,0.0203635,0.03,1,1150064,1149639,425
75785141,23.6083,9.69902,447,45994,0.0261454,0.09,1,1150086,1149639,447
75788061,26.2433,17.0796,453,46040,0.0404582,0.09,1,1150114,1149661,453
75790981,23.0973,23.6318,446,46086,0.0581833,0.11,1,1150135,1149689,446
75793901,38.6389,22.0527,474,46132,0.0652733,0.15,1,1150184,1149710,474
75796821,40.6556,38.8211,466,46178,0.0801093,0.05,1,1150226,1149760,466
75799741,35.4622,40.7284,456,46224,0.0620437,0.03,1,1150258,1149802,456
75802661,33.3849,36.6914,454,46270,0.0248175,0.03,1,1150290,1149836,454
75805581,24.754,34.4766,440,46316,0.015927,0.01,1,1150309,1149869,440
75808501,27.9016,25.1906,451,46362,0.0243708,0.01,1,1150339,1149888,451
75811421,21.9606,28.0762,439,46407,0.0277483,0.05,1,1150357,1149918,439
75814341,27.9843,22.0305,453,46452,0.0650993,0.03,1,1150389,1149936,453
75817261,26.7937,26.8122,449,46497,0.0680397,0.09,1,1150415,1149966,449
75820181,31.1175,26.3249,457,46542,0.0332159,0.03,1,1150449,1149992,457
75823101,13.647,32.13,423,46587,0.0192864,0.03,1,1150451,1150028,423
75826021,25.8588,14.052,455,46632,0.0377145,0.01,1,1150485,1150030,455
75828941,24.1435,26.0208,444,46677,0.0210858,0.03,1,1150508,1150064,444
75831861,27.0574,23.6083,451,46722,0.0624343,0.05,1,1150537,1150086,451
75834781,24.023,26.2433,445,46767,0.0789737,0.07,1,1150559,1150114,445
75837701,39.6092,23.0973,474,46812,0.0855895,0.07,1,1150609,1150135,474
75855221,22.3949,27.9016,440,47082,0.0752095,0.03,1,1150779,1150339,440
75858141,28.758,21.9606,455,47127,0.0600838,0.09,1,1150812,1150357,455
75861061,28.3032,27.9843,451,47172,0.0660335,0.07,1,1150840,1150389,451
75863981,29.9213,26.7937,456,47217,0.0324134,0.01,1,1150871,1150415,456
75866901,13.1685,31.1175,424,47262,0.0189654,0.01,1,1150873,1150449,424
75869821,25.0674,13.647,455,47307,0.0375861,0.05,1,1150906,1150451,455
75872741,24.427,25.8588,445,47352,0.0450345,0.01,1,1150930,1150485,445
75875661,10.9708,24.1435,424,47397,0.0240138,0.09,1,1150932,1150508,424
75878581,22.9883,27.0574,426,47441,0.0396055,0.09,1,1150963,1150537,426
75881501,22.3953,24.023,426,47485,0.0218422,0.09,1,1150985,1150559,426
75884421,40.1581,39.6092,428,47529,0.0147369,0.17,1,1151037,1150609,428
75887341,41.2633,39.8437,430,47573,0.0358948,0.19,1,1151079,1150649,430
75890261,36.3053,35.7375,430,47617,0.0563579,0.19,1,1151112,1150682,430
75942821,23.1171,22.3688,428,48409,0.240583,0.15,1,1151585,1151157,428
75945741,24.8468,23.9475,429,48453,0.282233,0.11,1,1151611,1151182,429
75948661,20.7387,21.579,427,48496,0.274893,0.11,1,1151629,1151202,427
75951581,28.6955,29.0316,427,48539,0.295957,0.11,1,1151663,1151236,427
75954501,30.0782,29.0126,429,48582,0.292383,0.15,1,1151694,1151265,429
75977861,41.2553,16.8572,481,48926,0.298249,0.17,1,1151888,1151407,481
75980781,42.3021,37.9429,472,48969,0.2933,0.15,1,1151931,1151459,472
75983701,39.1208,41.5772,465,49012,0.29132,0.19,1,1151968,1151503,465
75986621,35.4483,37.6309,463,49055,0.278528,0.21,1,1152001,1151538,463
75989541,24.3793,33.6523,449,49098,0.297411,0.27,1,1152018,1151569,449
76018741,22.2934,10.8641,466,49528,0.400888,0.31,1,1152248,1151782,466
76021661,22.1174,22.3457,458,49571,0.430355,0.31,1,1152270,1151812,458
76082981,34.6424,34.6654,449,50454,0.756848,0.57,2,1152884,1152435,449
76085901,26.457,25.2662,451,50496,0.800739,0.57,2,1152905,1152454,451
76088821,26.7828,26.3065,451,50538,0.806296,0.59,2,1152932,1152481,451
76091741,21.5131,21.3226,451,50580,0.820518,0.59,2,1152950,1152499,451
76094661,30.8052,30.729,451,50622,0.826207,0.61,2,1152987,1152536,451
76097581,30.9221,30.2916,452,50664,0.840483,0.61,2,1153018,1152566,452
76100501,29.1688,28.9166,452,50706,0.882193,0.61,2,1153046,1152594,452
76103421,12.8675,12.7667,452,50748,0.898877,0.65,2,1153048,1152596,452
76109261,24.8588,24.9627,453,50831,0.89622,0.63,2,1153110,1152657,453
76112181,11.1435,11.1851,453,50872,0.892488,0.63,2,1153112,1152659,453
76347241,338.113,344.201,499,24820,0.766,0.73,2,1155598,1155099,499
76383741,157.298,154.672,481,24905,0.43576,0.67,1,1155947,1155466,481
76398341,66.2149,58.4504,492,25328,0.405291,0.49,1,1156184,1155692,492
76401261,62.486,67.7802,478,25412,0.432116,0.47,1,1156244,1155766,478
76445061,67.3016,43.4251,531,26636,0.807824,0.59,2,1157074,1156543,531
76447981,62.9206,65.97,510,26716,0.83313,0.57,2,1157134,1156624,510
76450901,62.3683,62.988,511,26795,0.867252,0.55,2,1157196,1156685,511
76453821,77.1473,61.7952,537,26874,0.880901,0.63,2,1157283,1156746,537
76456741,32.0589,74.5181,456,26953,0.88636,0.67,2,1157285,1156829,456
76722461,35.0038,33.9802,509,33350,0.890118,1,2,1161773,1161264,509
76725381,33.2015,33.9921,507,33413,0.854047,1,2,1161805,1161298,507
76728301,36.6806,29.7968,519,33476,0.815619,1,2,1161844,1161325,519
76731221,32.0722,34.7187,510,33539,0.836248,1,2,1161873,1161363,510
76734141,29.0289,35.4875,501,33602,0.832499,1,2,1161900,1161399,501
76737061,50.6116,63.395,484,33665,0.771,1,2,1161965,1161481,484
76763341,31.3129,32.0722,463,34226,0.432801,0.85,1,1162336,1161873,463
76766261,26.9252,12.8289,487,34288,0.41912,0.83,1,1162360,1161873,487
76769181,50.3701,21.3316,526,34350,0.413648,0.73,1,1162426,1161900,526
76772101,81.948,47.5326,564,34412,0.411459,0.67,1,1162529,1161965,564
76775021,53.1792,87.413,484,34473,0.410584,0.69,1,1162563,1162079,484
76777941,41.6717,54.1652,486,34534,0.446233,0.63,1,1162597,1162111,486
76818821,30.3706,33.3075,474,35381,0.77232,0.53,2,1163128,1162654,474
76821741,28.9482,29.523,475,35441,0.782928,0.51,2,1163156,1162681,475
76824661,35.5793,29.2092,486,35501,0.799171,0.51,2,1163196,1162710,486
76827581,29.8317,35.6837,472,35561,0.829669,0.49,2,1163222,1162750,472
76830501,27.5327,30.4735,471,35620,0.853867,0.51,2,1163248,1162777,471
76833421,52.4131,27.1894,515,35679,0.887547,0.57,2,1163317,1162802,515
76836341,22.1652,49.8758,452,35738,0.877019,0.67,2,1163319,1162867,452
77198421,129.033,117.366,519,19203,0.86104,1,2,1168163,1167644,519
77236381,112.23,79.9316,582,20594,0.768478,0.59,2,1169199,1168617,582
77239301,80.8921,111.173,510,20697,0.805391,0.55,2,1169259,1168749,510
77242221,70.7568,81.6691,512,20799,0.832157,0.57,2,1169323,1168811,512
77245141,48.7027,71.6676,481,20901,0.854863,0.59,2,1169357,1168876,481
77429101,66.5495,37.7016,573,26543,0.817206,1,2,1173334,1172761,573
77464141,42.8693,43.1872,452,27485,0.75683,0.63,2,1173998,1173546,452
77469981,33.4991,32.1099,455,27639,0.782293,0.63,2,1174070,1173615,455
77472901,28.3996,29.044,453,27716,0.798917,0.67,2,1174095,1173642,453
77475821,38.3599,38.0176,454,27792,0.805567,0.69,2,1174140,1173686,454
77478741,33.3439,33.207,454,27868,0.820227,0.69,2,1174170,1173716,454
77481661,60.1376,60.0828,454,27944,0.850091,0.69,2,1174248,1173794,454
77484581,109.255,107.433,457,28020,0.898036,0.77,2,1174390,1173933,457
77604301,39.7883,43.3996,482,30966,0.285059,1,1,1176411,1175929,482
77610141,32.8861,33.9439,486,31102,0.0828095,1,1,1176478,1175992,486
77613061,29.3545,33.9776,479,31170,0.0511238,1,1,1176505,1176026,479
77615981,30.9418,29.191,485,31238,0.0384495,1,1,1176537,1176052,485
77618901,26.7767,32.0764,475,31306,0.0213798,1,1,1176561,1176086,475
77621821,44.3107,12.8306,531,31374,0.0265519,0.92,1,1176617,1176086,531
77624741,91.5243,40.5322,595,31441,0.0166208,0.57,1,1176740,1176145,595
77627661,63.6097,105.613,491,31508,0.0366483,0.45,1,1176785,1176294,491
77630581,40.4439,73.4452,464,31575,0.0566593,0.39,1,1176810,1176346,464
77633501,31.7776,47.9781,459,31642,0.0766637,0.17,1,1176836,1176377,459
77636421,33.711,39.5912,460,31709,0.0486655,0.03,1,1176871,1176411,460
77639341,30.8844,38.6365,451,31776,0.0734662,0.05,1,1176900,1176449,451
77645181,30.0215,29.3418,453,31909,0.0729546,0.03,1,1176958,1176505,453
77648101,27.0086,30.9367,446,31975,0.0291818,0.01,1,1176983,1176537,446
77651021,45.6034,26.7747,480,32041,0.0536727,0.03,1,1177041,1176561,480
77653941,91.4414,44.3099,546,32107,0.0994691,0.01,1,1177163,1176617,546
77668541,32.146,33.711,453,32435,0.0701674,0.09,1,1177324,1176871,453
77671461,28.4584,30.8844,450,32500,0.0580669,0.13,1,1177350,1176900,450
77674381,29.3834,28.5538,453,32565,0.0412268,0.05,1,1177380,1176927,453
77677301,26.1533,30.0215,446,32630,0.0464907,0,1,1177404,1176958,446
77680221,48.8613,27.0086,485,32695,0.0185963,0.07,1,1177468,1176983,485
77683141,92.7445,45.6034,549,32760,0.0734385,0.13,1,1177590,1177041,549
77686061,38.2978,91.4414,429,32825,0.0953754,0.13,1,1177592,1177163,429
77712341,49.0513,48.8613,424,33400,0.0747536,0.11,1,1177892,1177468,424
77715261,94.6205,92.7445,427,33463,0.0959014,0.11,1,1178017,1177590,427
77718181,39.0482,38.2978,427,33526,0.0803606,0.11,1,1178019,1177592,427
77744461,46.4265,49.0513,422,34089,0.207782,0.11,1,1178314,1177892,422
77747381,95.3706,94.6205,425,34151,0.245113,0.07,1,1178442,1178017,425
77750301,39.3482,39.0482,425,34213,0.284045,0.07,1,1178444,1178019,425
77753221,42.1393,15.6193,469,34275,0.299618,0.13,1,1178488,1178019,469
77756141,33.0557,32.6477,452,34337,0.293847,0.11,1,1178515,1178063,452
77764901,34.5396,27.1455,465,34521,0.296966,0.21,1,1178606,1178141,465
77779501,98.0202,46.4204,562,34826,0.405387,0.27,1,1178876,1178314,562
77782421,40.4081,95.3682,436,34887,0.432155,0.31,1,1178878,1178442,436
77832061,33.0126,33.9811,449,35902,0.751968,0.53,2,1179490,1179041,449
77843741,50.5875,48.5147,453,36138,0.761282,0.65,2,1179636,1179183,453
77846661,101.835,101.606,452,36196,0.814513,0.61,2,1179772,1179320,452
77849581,41.934,41.8424,452,36254,0.811805,0.67,2,1179774,1179322,452
77852501,48.5736,46.1369,456,36312,0.822722,0.69,2,1179827,1179371,456
77855421,35.0294,34.0548,456,36370,0.827089,0.69,2,1179853,1179397,456
77858341,15.2118,14.8219,456,36428,0.828836,0.69,2,1179855,1179399,456
77861261,20.4847,20.3288,456,36486,0.817534,0.75,2,1179879,1179423,456
77864181,26.1939,25.5315,457,36544,0.861014,0.77,2,1179909,1179452,457
77867101,33.8776,33.0126,458,36602,0.890405,0.73,2,1179948,1179490,458
77870021,29.151,28.805,458,36660,0.878162,0.75,2,1179974,1179516,458
77872941,29.6604,28.922,459,36718,0.885265,0.75,2,1180004,1179545,459
78020401,119.785,114.934,515,17881,0.41848,0.79,1,1182237,1181722,515
78023321,84.5139,92.7735,498,18000,0.413392,0.65,1,1182298,1181800,498
78026241,53.0056,74.3094,468,18118,0.435357,0.61,1,1182330,1181862,468
78029161,36.8022,48.9238,462,18235,0.432143,0.51,1,1182356,1181894,462
78055441,100.413,99.4612,448,19257,0.778521,0.55,2,1183127,1182679,448
78058361,77.3653,76.3845,449,19367,0.797408,0.59,2,1183189,1182740,449
78061281,51.3461,49.7538,451,19477,0.816963,0.61,2,1183223,1182772,451
78064201,37.9384,36.7015,452,19586,0.812785,0.61,2,1183252,1182800,452
78067121,49.9754,14.6806,510,19694,0.835114,0.75,2,1183310,1182800,510
78070041,138.79,38.2722,654,19802,0.856046,0.71,2,1183508,1182854,654
78078801,52.5866,76.8014,496,20122,0.896467,0.83,2,1183685,1183189,496
78081721,37.8346,51.1206,490,20227,0.892587,0.81,2,1183713,1183223,490
78084641,51.7339,37.8482,522,20332,0.891035,0.85,2,1183774,1183252,522
78153261,46.9651,56.8723,519,22703,0.211792,1,1,1185531,1185012,519
78159101,37.2744,43.4196,509,22889,0.0614867,1,1,1185616,1185107,509
78162021,48.5098,34.1678,537,22982,0.0545947,1,1,1185672,1185135,537
78164941,123.204,53.2671,644,23074,0.0518379,0.53,1,1185845,1185201,644
78167861,67.2816,141.907,473,23166,0.0507351,0.39,1,1185875,1185402,473
78170781,56.9126,78.9627,486,23258,0.0382941,0.21,1,1185925,1185439,486
78173701,38.965,66.3851,455,23349,0.0813176,0.13,1,1185952,1185497,455
78176621,50.986,46.954,480,23440,0.086527,0.09,1,1186011,1185531,480
78182461,49.4378,37.2726,480,23620,0.0510443,0.05,1,1186096,1185616,480
78185381,121.775,48.5091,594,23710,0.0744177,0.05,1,1186266,1185672,594
78188301,67.91,123.204,453,23799,0.0837671,0.05,1,1186298,1185845,453
78191221,58.364,67.2814,475,23888,0.0755068,0.03,1,1186350,1185875,475
78205821,45.2165,49.4378,424,24328,0.085282,0.09,1,1186520,1186096,424
78229181,41.6428,45.2165,422,25016,0.252463,0.17,1,1186942,1186520,422
78232101,123.457,121.287,428,25101,0.274985,0.15,1,1187120,1186692,428
78235021,69.7828,68.3146,429,25185,0.283994,0.19,1,1187154,1186725,429
78252541,43.7848,30.4108,482,25686,0.413213,0.29,1,1187376,1186894,482
78305101,125.926,124.226,450,27131,0.753734,0.61,2,1188445,1187995,450
78308021,71.9703,70.0903,452,27209,0.763493,0.65,2,1188481,1188029,452
78310941,61.1881,59.2361,454,27287,0.803397,0.65,2,1188535,1188081,454
78313861,42.4752,41.6944,454,27365,0.795359,0.65,2,1188565,1188111,454
78316781,18.1901,17.8778,454,27442,0.792144,0.67,2,1188567,1188113,454
78319701,48.076,47.3511,455,27519,0.826857,0.67,2,1188635,1188180,455
78322621,34.2304,33.3404,456,27596,0.852743,0.67,2,1188660,1188204,456
78325541,14.8922,14.5362,456,27673,0.863097,0.77,2,1188662,1188206,456
78328461,40.1569,38.8145,458,27750,0.891239,0.77,2,1188719,1188261,458
78451101,54.7931,44.0931,502,30791,0.823312,1,2,1190977,1190475,502
78454021,44.1172,36.2372,508,30860,0.755325,1,2,1191014,1190506,508
78462781,34.9835,34.6712,503,31065,0.407621,1,1,1191109,1190606,503
78471541,66.6789,71.267,485,31269,0.0584877,1,1,1191325,1190840,485
78474461,45.2716,47.7068,484,31337,0.0653951,1,1,1191356,1190872,484
78477381,34.9086,19.0827,512,31405,0.026158,1,1,1191384,1190872,512
78480301,45.1635,34.0331,520,31472,0.0404632,0.71,1,1191436,1190916,520
78483221,37.8654,50.2132,492,31539,0.0461853,0.71,1,1191469,1190977,492
78486141,29.5462,42.2853,479,31606,0.0604741,0.63,1,1191493,1191014,479
78489061,24.4185,34.9141,470,31673,0.0781896,0.57,1,1191514,1191044,470
78491981,28.3674,30.1656,474,31740,0.0492759,0.27,1,1191545,1191071,474
78494901,26.947,34.8663,462,31807,0.0617103,0.25,1,1191571,1191109,462
78497821,88.7788,31.9465,562,31874,0.0666841,0.01,1,1191701,1191139,562
78500741,63.1115,96.1786,469,31940,0.0326737,0.01,1,1191747,1191278,469
78503661,45.0446,66.6714,455,32006,0.0310695,0.07,1,1191780,1191325,455
78506581,34.2178,45.2686,451,32072,0.0304278,0,1,1191807,1191356,451
78527021,88.3651,26.9469,552,32531,0.0904331,0.07,1,1192123,1191571,552
78529941,62.946,88.7788,468,32596,0.0421732,0.01,1,1192169,1191701,468
78532861,44.9784,63.1115,455,32661,0.0468693,0.03,1,1192202,1191747,455
78535781,35.3914,45.0446,451,32726,0.0367477,0.03,1,1192231,1191780,451
78538701,15.3565,34.2178,426,32791,0.0326991,0.17,1,1192233,1191807,426
78541621,39.1426,44.2871,430,32856,0.0310796,0.11,1,1192288,1191858,430
78544541,34.857,38.7149,427,32920,0.0544319,0.11,1,1192320,1191893,427
78547461,29.5428,29.8859,429,32984,0.0397727,0.15,1,1192346,1191917,429
78550381,24.4171,23.9544,430,33048,0.0339091,0.19,1,1192367,1191937,430
78553301,29.5669,28.7818,431,33112,0.0675636,0.19,1,1192400,1191969,431
78556221,26.2267,25.9127,431,33176,0.0930255,0.03,1,1192424,1191993,431
78564981,44.6865,44.9784,424,33368,0.0628336,0.03,1,1192626,1192202,424
78567901,34.0746,35.3914,422,33431,0.0311334,0.03,1,1192653,1192231,422
78570821,14.8298,15.3565,422,33494,0.0184534,0.03,1,1192655,1192233,422
78573741,39.5319,39.1426,423,33557,0.0613814,0.07,1,1192711,1192288,423
78591261,86.3073,84.2907,428,33934,0.238391,0.11,1,1192975,1192547,428
78594181,58.5229,60.7163,423,33996,0.281356,0.03,1,1193015,1192592,423
78640901,37.5218,40.6364,471,34979,0.413865,0.35,1,1193606,1193135,471
78643821,31.2087,36.0546,465,35039,0.435546,0.37,1,1193633,1193168,465
78646741,25.6835,29.4218,462,35099,0.432218,0.35,1,1193655,1193193,462
78649661,33.0734,26.1687,476,35159,0.442887,0.37,1,1193693,1193217,476
78722661,26.5343,26.837,451,36633,0.761112,0.67,2,1194613,1194162,451
78725581,92.8137,91.7348,453,36691,0.826445,0.65,2,1194750,1194297,453
78728501,64.7255,63.6939,454,36749,0.888578,0.69,2,1194796,1194342,454
78973781,33.5816,33.2166,511,41299,0.889293,1,2,1197932,1197421,511
78976701,32.6326,32.4866,511,41350,0.853717,1,2,1197964,1197453,511
78979621,34.6531,27.9947,522,41401,0.815487,1,2,1198000,1197478,522
78982541,28.8612,29.1979,517,41452,0.800195,1,2,1198025,1197508,517
78985461,34.3445,32.0791,521,41503,0.782078,1,2,1198063,1197542,521
79064301,25.985,26.6819,443,42855,0.761222,0.45,2,1198928,1198485,443
79067221,33.794,32.8728,445,42904,0.754489,0.49,2,1198967,1198522,445
79070141,32.7176,32.3491,445,42953,0.775795,0.49,2,1198999,1198554,445
79073061,46.087,44.7396,447,43002,0.808318,0.49,2,1199054,1198607,447
79075981,41.2348,17.8959,485,43051,0.845327,0.53,2,1199092,1198607,485
79078901,32.6939,30.5583,473,43100,0.848131,0.53,2,1199119,1198646,473
79081821,30.4776,28.4233,475,43149,0.837252,0.51,2,1199148,1198673,475
79084741,27.791,28.1693,473,43198,0.868901,0.61,2,1199174,1198701,473
79087661,29.7164,25.0677,481,43247,0.86956,0.63,2,1199205,1198724,481
79090581,35.2866,28.6271,489,43296,0.881824,0.65,2,1199244,1198755,489
79093501,25.5146,33.0508,472,43345,0.87473,0.69,2,1199263,1198791,472
79096421,31.2058,24.6203,488,43394,0.883892,0.71,2,1199298,1198810,488
79356301,331.922,367.013,476,21900,0.418,0.87,1,1202186,1201710,476
79362141,110.107,117.402,487,22093,0.09688,0.53,1,1202335,1201848,487
79365061,82.443,88.9608,481,22189,0.056752,0.21,1,1202399,1201918,481
79367981,78.5772,91.3843,464,22285,0.0767008,0.11,1,1202475,1202011,464
79379661,73.8676,28.4562,511,22663,0.0873555,0,1,1202697,1202186,511
79382581,65.547,65.3825,481,22757,0.0649422,0.05,1,1202757,1202276,481
79385501,64.6188,61.553,486,22850,0.0679769,0.03,1,1202821,1202335,486
79388421,72.6475,63.0212,500,22943,0.0691908,0.09,1,1202899,1202399,500
79391341,63.859,70.8085,482,23035,0.0936763,0.13,1,1202957,1202475,482
79405941,64.492,65.4675,488,23492,0.265775,0.07,1,1203245,1202757,488
79426381,49.9978,65.2299,435,24117,0.411425,0.31,1,1203616,1203181,435
79476021,64.1578,20.791,520,25570,0.787745,0.67,2,1204580,1204060,520
79478941,74.8631,49.1164,534,25653,0.825098,0.61,2,1204662,1204128,534
79481861,64.7453,69.4466,509,25736,0.840039,0.59,2,1204720,1204211,509
79484781,56.4981,63.1786,501,25818,0.870016,0.65,2,1204771,1204270,501
79487701,33.3992,55.2715,469,25900,0.882006,0.65,2,1204789,1204320,469
79598661,49.7391,56.0391,519,28846,0.8932,1,2,1206893,1206374,519
79601581,49.2957,41.6156,536,28919,0.77128,1,2,1206942,1206406,536
79674581,39.7811,37.3842,455,30696,0.763274,0.67,2,1208089,1207634,455
79677501,71.7124,70.7537,455,30765,0.77931,0.69,2,1208182,1207727,455
79680421,47.285,47.5015,454,30834,0.797724,0.65,2,1208213,1207759,454
79683341,44.114,44.2006,454,30903,0.81709,0.67,2,1208255,1207801,454
79686261,41.6456,42.2802,453,30971,0.836836,0.71,2,1208295,1207842,453
79689181,46.6582,45.7121,455,31039,0.856734,0.69,2,1208345,1207890,455
79692101,52.8633,51.8848,456,31107,0.852694,0.71,2,1208402,1207946,456
79695021,42.7453,42.9539,455,31175,0.887078,0.67,2,1208438,1207983,455
79697941,18.2981,18.3816,455,31243,0.876831,0.75,2,1208440,1207985,455
79817661,41.437,43.0671,484,33908,0.87664,1,2,1210344,1209860,484
79820581,33.3748,29.8268,491,33970,0.812656,1,2,1210372,1209881,491
79841021,32.4043,31.4458,505,34404,0.421253,1,1,1210679,1210174,505
79855621,47.5485,33.3268,516,34709,0.414474,0.65,1,1210888,1210372,516
79858541,38.8194,51.1307,486,34770,0.435789,0.61,1,1210921,1210435,486
79928621,61.4242,60.4984,451,36201,0.777558,0.63,2,1211889,1211438,451
79931541,47.9697,45.7993,454,36259,0.761023,0.67,2,1211928,1211474,454
79934461,34.7879,33.3197,455,36317,0.802409,0.69,2,1211954,1211499,455
79937381,33.7151,32.5279,456,36375,0.830964,0.69,2,1211987,1211531,456
79940301,14.6861,14.2112,456,36433,0.842385,0.73,2,1211989,1211533,456
79943221,26.2744,26.0845,456,36491,0.846954,0.75,2,1212023,1211567,456
79946141,34.5098,33.8338,457,36549,0.848782,0.73,2,1212063,1211606,457
79949061,54.6039,54.3335,457,36607,0.861513,0.75,2,1212131,1211674,457
79951981,36.2416,36.1334,457,36665,0.890605,0.71,2,1212155,1211698,457
80089221,28.7318,28.2136,502,39281,0.851174,1,2,1213970,1213468,502
80106741,37.1105,37.5289,490,39603,0.294326,0.97,1,1214190,1213700,490
80112581,38.6977,44.5246,478,39709,0.0650922,1,1,1214292,1213814,478
80115501,29.8791,35.2098,473,39762,0.0680369,0.87,1,1214316,1213843,473
80118421,32.3516,35.6839,471,39815,0.0452147,0.99,1,1214350,1213879,471
80121341,33.3407,34.0736,472,39868,0.0240859,0.93,1,1214384,1213912,472
80124261,30.1363,32.8294,468,39921,0.0636344,0.79,1,1214412,1213944,468
80127181,24.0545,28.7318,462,39974,0.0554537,0.67,1,1214432,1213970,462
80130101,18.6218,25.2927,454,40027,0.0401815,0.67,1,1214447,1213993,454
80133021,34.4487,38.3171,452,40080,0.0700726,0.67,1,1214492,1214040,452
80135941,29.9795,15.3268,479,40133,0.070029,0.53,1,1214519,1214040,479
80138861,25.1918,26.5307,467,40186,0.0700116,0.43,1,1214541,1214074,467
80141781,40.0767,28.0123,488,40239,0.0580046,0.27,1,1214591,1214103,488
80144701,32.2307,44.8049,459,40291,0.0412019,0.25,1,1214618,1214159,459
80150541,36.2369,62.0088,444,40395,0.0965923,0.01,1,1214713,1214269,444
80153461,29.4948,38.6035,446,40447,0.0926369,0.07,1,1214738,1214292,446
80156381,31.5979,29.8414,455,40499,0.0910548,0.03,1,1214771,1214316,455
80159301,33.6392,32.3366,456,40551,0.0664219,0.01,1,1214806,1214350,456
80162221,31.4557,33.3346,452,40603,0.0685688,0.09,1,1214836,1214384,452
80165141,22.7823,30.1339,441,40655,0.0934275,0.05,1,1214853,1214412,441
80170981,35.0852,18.6214,468,40759,0.0713484,0.09,1,1214915,1214447,468
80173901,29.6341,34.4486,449,40811,0.0705394,0.07,1,1214941,1214492,449
80176821,25.0536,29.9794,444,40863,0.0942157,0.07,1,1214963,1214519,444
80217701,11.4861,25.0536,428,41580,0.205686,0.13,1,1215391,1214963,428
80220621,35.1945,40.6215,428,41631,0.220275,0.13,1,1215442,1215014,428
80223541,30.8778,33.0486,428,41682,0.22611,0.17,1,1215470,1215042,428
80238141,34.7975,34.2274,430,41935,0.205787,0.13,1,1215661,1215231,430
80241061,31.919,32.891,428,41985,0.208315,0.13,1,1215691,1215263,428
80243981,22.3676,22.7564,428,42035,0.209326,0.13,1,1215707,1215279,428
80249821,35.2588,34.721,429,42135,0.224292,0.21,1,1215767,1215338,429
80252741,33.3035,31.2884,432,42185,0.251717,0.21,1,1215799,1215367,432
80255661,26.5214,25.7154,432,42235,0.262687,0.21,1,1215821,1215389,432
80258581,11.8086,11.4861,432,42285,0.267075,0.23,1,1215823,1215391,432
80281941,31.6817,31.919,430,42684,0.438084,0.21,1,1216121,1215691,430
80284861,22.2727,22.3676,430,42733,0.445234,0.17,1,1216137,1215707,430
80287781,16.1091,16.147,430,42782,0.448094,0.25,1,1216149,1215719,430
80346181,31.4979,36.6881,473,43757,0.776284,0.49,2,1216783,1216310,473
80349101,58.7992,31.4752,522,43805,0.832514,0.51,2,1216860,1216338,522
80352021,34.3197,58.1901,464,43853,0.855005,0.51,2,1216878,1216414,464
80354941,31.1279,34.076,475,43901,0.876002,0.55,2,1216907,1216432,475
80357861,34.6511,29.8304,485,43949,0.872401,0.57,2,1216944,1216459,485
80360781,37.8605,33.5322,489,43997,0.85896,0.63,2,1216984,1216495,489
80363701,35.5442,35.6129,486,44045,0.877584,0.63,2,1217018,1216532,486
80366621,23.8177,33.4451,470,44093,0.897034,0.67,2,1217034,1216564,470
80639641,98.6949,112.66,454,22093,0.0935423,0,1,1220039,1219585,454
80642561,76.078,81.6641,454,22189,0.0554169,0.09,1,1220100,1219646,454
80645481,85.0312,88.4656,452,22285,0.0401668,0.03,1,1220191,1219739,452
80648401,71.2125,73.7863,450,22380,0.0220667,0.01,1,1220253,1219803,450
80651321,60.885,63.1145,448,22475,0.00882668,0.01,1,1220307,1219859,448
80654241,33.354,42.0458,435,22569,0.0455307,0,1,1220322,1219887,435
80657161,63.7416,36.0183,487,22663,0.0362123,0.05,1,1220406,1219919,487
80660081,58.4966,53.4073,477,22757,0.0324849,0.03,1,1220461,1219984,477
80663001,59.9987,54.3629,483,22850,0.018994,0.03,1,1220522,1220039,483
80665921,79.1995,58.3452,514,22943,0.0375976,0.03,1,1220614,1220100,514
80668841,69.4798,77.9381,486,23035,0.021039,0.01,1,1220677,1220191,486
80671761,58.9919,68.3752,476,23127,0.00841561,0,1,1220729,1220253,476
80674681,34.3968,59.7501,440,23219,0.0453662,0.07,1,1220747,1220307,440
80677601,63.5587,32.9,508,23310,0.0361465,0.03,1,1220830,1220322,508
80680521,58.4235,63.56,479,23401,0.0324586,0.03,1,1220885,1220406,479
80683441,59.3694,58.424,484,23492,0.0309834,0.01,1,1220945,1220461,484
80686361,78.9478,59.9696,515,23582,0.0303934,0.05,1,1221037,1220522,515
80689281,68.7791,79.1878,485,23672,0.0181573,0.01,1,1221099,1220614,485
80692201,58.1116,69.4751,473,23762,0.0732629,0,1,1221150,1220677,473
80695121,35.8447,58.9901,442,23851,0.0473052,0.07,1,1221171,1220729,442
80698041,63.5379,34.396,506,23940,0.0249221,0.03,1,1221253,1220747,506
80700961,26.6151,63.5584,425,24029,0.0159688,0.03,1,1221255,1220830,425
80703881,43.0461,58.4234,424,24117,0.0243875,0.03,1,1221309,1220885,424
80706801,52.6184,59.3693,423,24205,0.015755,0.03,1,1221368,1220945,423
80709721,76.2474,78.9477,423,24293,0.012302,0.01,1,1221460,1221037,423
80712641,68.2989,68.7791,424,24380,0.0349208,0.11,1,1221523,1221099,424
80715561,57.3196,58.1116,423,24467,0.0559683,0.03,1,1221573,1221150,423
80718481,35.5278,35.8447,423,24554,0.0283873,0.01,1,1221594,1221171,423
80721401,63.4111,63.5379,423,24640,0.0533549,0.01,1,1221676,1221253,423
80724321,26.5645,26.6151,423,24726,0.063342,0.03,1,1221678,1221255,423
80727241,42.4258,43.0461,422,24812,0.0313368,0.01,1,1221731,1221309,422
80730161,52.3703,52.6184,422,24897,0.0425347,0.01,1,1221790,1221368,422
80733081,76.1481,76.2474,422,24982,0.0470139,0.05,1,1221882,1221460,422
80736001,68.2593,68.2989,422,25067,0.0608056,0.07,1,1221945,1221523,422
80738921,57.9037,57.3196,423,25152,0.0663222,0.01,1,1221996,1221573,423
80741841,35.7615,35.5278,423,25236,0.0805289,0.07,1,1222017,1221594,423
80753521,51.5363,16.9703,480,25570,0.0642215,0.05,1,1222211,1221731,480
80756441,75.8145,42.1881,513,25653,0.0316886,0.05,1,1222303,1221790,513
80759361,68.1258,72.0753,484,25736,0.0186754,0.07,1,1222366,1221882,484
80762281,59.6503,66.6301,475,25818,0.0494702,0.07,1,1222420,1221945,475
80765201,35.8601,57.252,444,25900,0.0617881,0.09,1,1222440,1221996,444
80773961,40.935,26.5601,476,26145,0.205794,0.15,1,1222577,1222101,476
80779801,74.5896,51.5296,513,26307,0.0893271,0.01,1,1222724,1222211,513
80782721,67.6358,75.8118,484,26388,0.0537308,0.01,1,1222787,1222303,484
80785641,61.2543,68.1247,478,26468,0.0634923,0.07,1,1222844,1222366,478
80788561,36.5017,59.6499,444,26548,0.0793969,0.07,1,1222864,1222420,444
80803161,19.4797,49.974,426,26945,0.205898,0.05,1,1223059,1222633,426
80809001,61.6768,67.6358,423,27102,0.0845436,0.07,1,1223210,1222787,423
80811921,60.0707,61.2543,425,27180,0.0518175,0.09,1,1223269,1222844,425
80814841,37.2283,36.5017,427,27258,0.038727,0.13,1,1223291,1222864,427
80817761,71.8913,69.8007,430,27336,0.0454908,0.17,1,1223386,1222956,430
80820681,29.9565,29.1203,430,27413,0.0481963,0.21,1,1223388,1222958,430
80823601,43.7826,42.2481,432,27490,0.0972785,0.21,1,1223441,1223009,432
80846961,30.2816,29.9565,424,28101,0.0940432,0.13,1,1223812,1223388,424
80858641,58.5672,57.6901,429,28401,0.207896,0.19,1,1224003,1223574,429
80861561,57.0269,23.076,485,28476,0.209158,0.17,1,1224059,1223574,485
80864481,57.6108,44.0304,485,28550,0.209663,0.09,1,1224117,1223632,485
80867401,35.0443,53.6122,445,28624,0.221865,0.11,1,1224137,1223692,445
80870321,72.8177,34.0449,522,28698,0.298746,0.09,1,1224235,1223713,522
80879081,49.7323,44.9709,479,28919,0.44032,0.21,1,1224346,1223867,479
80922881,30.9993,35.796,447,29998,0.757747,0.57,2,1225016,1224569,447
80925801,77.1997,76.7184,451,30069,0.789099,0.57,2,1225124,1224673,451
80928721,32.0799,31.8874,451,30139,0.801639,0.61,2,1225126,1224675,451
80931641,50.632,48.1549,455,30209,0.806656,0.67,2,1225189,1224734,455
80934561,54.4528,53.462,455,30279,0.796662,0.67,2,1225246,1224791,455
80937481,22.9811,22.5848,455,30349,0.816665,0.71,2,1225248,1224793,455
80940401,61.3924,60.0339,457,30419,0.860666,0.73,2,1225335,1224878,457
80943321,58.757,57.6136,458,30489,0.890266,0.73,2,1225392,1224934,458
80949161,45.2811,44.4982,459,30627,0.894843,0.77,2,1225453,1224994,459
80955001,77.565,77.1997,460,30765,0.876375,0.81,2,1225584,1225124,460
80957921,32.226,32.0799,460,30834,0.86055,0.81,2,1225586,1225126,460
80960841,50.6904,50.632,460,30903,0.87822,0.79,2,1225649,1225189,460
80966681,23.2305,22.9811,461,31039,0.897715,0.89,2,1225709,1225248,461
81077641,46.0892,40.6675,499,33531,0.875319,1,2,1227502,1227003,499
81080561,33.4357,26.467,507,33594,0.824128,1,2,1227527,1227020,507
81083481,29.5743,41.7868,482,33657,0.767651,1,2,1227554,1227072,482
81092241,57.2368,58.3544,495,33846,0.28361,1,1,1227715,1227220,495
81098081,39.6379,37.2967,489,33970,0.0969775,0.91,1,1227791,1227302,489
81101001,38.6552,39.5187,486,34032,0.056791,1,1,1227829,1227343,486
81103921,32.2621,33.8075,484,34094,0.0527164,0.87,1,1227857,1227373,484
81106841,61.5048,74.723,463,34156,0.0870866,0.85,1,1227938,1227475,463
81109761,39.0019,46.0892,460,34218,0.0648346,0.85,1,1227962,1227502,460
81112681,28.2008,18.4357,481,34280,0.0679338,0.79,1,1227983,1227502,481
81115601,25.6803,22.3743,480,34342,0.0571735,0.73,1,1228007,1227527,480
81118521,39.6721,25.1497,502,34404,0.0648694,0.53,1,1228056,1227554,502
81121441,32.0688,45.4599,470,34465,0.0799478,0.39,1,1228083,1227613,470
81133121,39.5426,39.5926,463,34709,0.0970387,0.03,1,1228254,1227791,463
81136041,33.217,38.637,454,34770,0.0808155,0.05,1,1228283,1227829,454
81138961,58.8868,32.2548,502,34831,0.0623262,0.11,1,1228359,1227857,502
81141881,39.1547,61.5019,447,34892,0.0669305,0.05,1,1228385,1227938,447
81144801,28.8619,39.0008,445,34953,0.0807722,0.07,1,1228407,1227962,445
81147721,26.5448,28.2003,449,35013,0.0743089,0.05,1,1228432,1227983,449
81150641,40.6179,25.6801,475,35073,0.0837236,0.07,1,1228482,1228007,475
81153561,31.8472,39.6721,452,35133,0.0874894,0.09,1,1228508,1228056,452
81162321,37.6542,40.891,464,35313,0.205519,0.09,1,1228642,1228178,464
81165241,37.2617,37.3564,466,35373,0.232208,0.09,1,1228679,1228213,466
81168161,30.5047,39.5426,451,35433,0.266883,0.07,1,1228705,1228254,451
81171081,58.4019,33.217,499,35493,0.244753,0.05,1,1228782,1228283,499
81174001,39.5607,58.8868,450,35553,0.235901,0.07,1,1228809,1228359,450
81176921,29.6243,39.1547,447,35612,0.256361,0.09,1,1228832,1228385,447
81179841,26.2497,28.8619,449,35671,0.264544,0.07,1,1228856,1228407,449
81182761,11.6999,26.5448,426,35730,0.267818,0.09,1,1228858,1228432,426
81185681,34.68,40.6179,426,35789,0.269127,0.09,1,1228908,1228482,426
81188601,29.472,31.8472,426,35848,0.269651,0.17,1,1228934,1228508,426
81191521,50.7888,49.3389,430,35907,0.26986,0.19,1,1228999,1228569,430
81194441,45.5155,43.1355,433,35966,0.293944,0.23,1,1229041,1228608,433
81206121,57.3348,58.4019,434,36201,0.402997,0.23,1,1229216,1228782,434
81209041,39.1339,39.5607,434,36259,0.431199,0.27,1,1229243,1228809,434
81211961,30.0536,29.6243,435,36317,0.44248,0.27,1,1229267,1228832,435
81214881,26.4214,26.2497,435,36375,0.446992,0.27,1,1229291,1228856,435
81217801,11.7686,11.6999,435,36433,0.448797,0.27,1,1229293,1228858,435
81241161,58.436,57.3348,442,36895,0.446825,0.45,1,1229658,1229216,442
81293721,30.3046,35.9491,473,37912,0.773031,0.53,2,1230262,1229789,473
81296641,50.5219,29.9796,511,37968,0.795212,0.53,2,1230326,1229815,511
81299561,45.4087,50.3919,489,38024,0.804085,0.53,2,1230368,1229879,489
81302481,39.7635,45.3567,483,38080,0.807634,0.55,2,1230404,1229921,483
81305401,42.3054,39.1427,492,38135,0.869054,0.63,2,1230448,1229956,492
81308321,34.3222,39.6571,481,38190,0.881621,0.63,2,1230477,1229996,481
81539001,24.5731,33.6323,497,42335,0.894644,1,2,1233353,1232856,497
81541921,30.8292,32.6529,500,42385,0.891858,1,2,1233388,1232888,500
81544841,33.9317,46.6612,480,42435,0.806743,1,2,1233424,1232944,480
81609081,34.4474,32.8623,486,43517,0.768557,0.61,2,1234153,1233667,486
81612001,31.179,35.3449,478,43565,0.805423,0.57,2,1234182,1233704,478
81614921,35.2716,31.538,487,43613,0.832169,0.61,2,1234220,1233733,487
81617841,33.3086,34.2152,483,43661,0.854868,0.55,2,1234252,1233769,483
81620761,24.7235,33.4861,469,43709,0.875947,0.63,2,1234271,1233802,469
81623681,30.2894,24.1944,485,43757,0.884379,0.67,2,1234305,1233820,485
81626601,31.3158,28.2778,486,43805,0.899751,0.65,2,1234337,1233851,486
81793041,34.4358,34.4528,515,46471,0.898487,1,2,1236191,1235676,515
82045621,52.9106,59.6528,494,23819,0.793876,0.51,2,1239263,1238769,494
82048541,34.9642,51.4611,471,23908,0.80355,0.55,2,1239286,1238815,471
82051461,15.1857,33.7844,451,23997,0.80742,0.63,2,1239288,1238837,451
82054381,80.4743,85.5138,455,24085,0.832968,0.65,2,1239412,1238957,455
82057301,74.1897,76.8055,454,24173,0.819187,0.65,2,1239482,1239028,454
82060221,69.2759,70.3222,454,24261,0.837675,0.73,2,1239548,1239094,454
82063141,67.9104,65.9289,458,24348,0.84507,0.77,2,1239615,1239157,458
82066061,64.9641,61.7716,462,24435,0.884028,0.83,2,1239678,1239216,462
82068981,54.7857,52.9086,463,24522,0.887611,0.81,2,1239726,1239263,463
82290901,64.979,64.1515,483,30391,0.82504,1,2,1243869,1243386,483
82293821,48.1916,46.0606,486,30461,0.756016,1,2,1243906,1243420,486
82299661,42.0307,35.2097,495,30599,0.405363,1,1,1244004,1243509,495
82311341,37.7384,48.1718,485,30875,0.0485373,0.99,1,1244142,1243657,485
82314261,66.6954,79.8687,470,30944,0.0494149,0.9,1,1244228,1243758,470
82317181,50.0781,55.9475,469,31012,0.049766,0.75,1,1244267,1243798,469
82320101,57.8313,64.979,461,31080,0.0979064,0.71,1,1244330,1243869,461
82323021,42.9325,48.1916,457,31148,0.0571626,0.41,1,1244363,1243906,457
82325941,48.373,60.0766,441,31216,0.052865,0.31,1,1244415,1243974,441
82328861,33.1492,42.0307,434,31284,0.099146,0.31,1,1244438,1244004,434
82334701,28.8239,25.3249,459,31419,0.0722634,0.11,1,1244494,1244035,459
82337621,30.1295,29.33,458,31486,0.0829053,0.05,1,1244525,1244067,458
82340541,34.8518,32.732,461,31553,0.0751621,0.01,1,1244563,1244102,461
82343461,67.3407,37.0928,510,31620,0.0720649,0.05,1,1244652,1244142,510
82346381,48.5363,66.4371,460,31687,0.0588259,0.05,1,1244688,1244228,460
82349301,59.0145,49.9748,487,31754,0.0775304,0.13,1,1244754,1244267,487
82352221,43.4058,57.7899,457,31821,0.0850122,0.03,1,1244787,1244330,457
82369741,32.7133,30.1294,459,32217,0.212752,0.07,1,1244984,1244525,459
82375581,48.3141,67.3407,459,32349,0.0712403,0.05,1,1245111,1244652,459
82378501,60.1257,48.5363,491,32414,0.0824961,0.09,1,1245179,1244688,491
82381421,43.8503,59.0145,458,32479,0.0989984,0.09,1,1245212,1244754,458
82404781,62.4124,68.2853,423,32996,0.227055,0.05,1,1245499,1245076,423
82407701,45.9649,48.3141,423,33060,0.240822,0.09,1,1245534,1245111,423
82428141,13.0731,12.5681,430,33505,0.404676,0.23,1,1245777,1245347,430
82436901,63.7407,62.4124,433,33694,0.449019,0.25,1,1245932,1245499,433
82498221,32.1276,25.6721,487,34990,0.759801,0.61,2,1246738,1246251,487
82501141,67.451,31.8688,542,35050,0.80192,0.61,2,1246829,1246287,542
82504061,50.3804,67.3475,490,35110,0.806768,0.59,2,1246868,1246378,490
82506981,65.7522,50.339,527,35170,0.796707,0.63,2,1246944,1246417,527
82509901,47.3009,65.1356,487,35230,0.780683,0.65,2,1246979,1246492,487
82512821,53.7203,46.4542,511,35290,0.822273,0.69,2,1247037,1246526,511
82515741,35.8881,52.1817,479,35350,0.838909,0.69,2,1247061,1246582,479
82518661,32.3553,35.2727,485,35410,0.857564,0.69,2,1247091,1246606,485
82521581,31.5421,32.1091,486,35470,0.889026,0.71,2,1247122,1246636,486
82524501,13.8168,30.2436,459,35530,0.87761,0.71,2,1247124,1246665,459
82527421,27.7267,13.2975,494,35589,0.897044,0.77,2,1247161,1246667,494
82682181,49.4131,31.9645,555,38610,0.875552,1,2,1249300,1248745,555
82685101,20.9652,58.3858,481,38665,0.848221,1,2,1249302,1248821,481
82688021,35.9861,46.1543,489,38720,0.813288,1,2,1249348,1248859,489
82690941,38.9944,49.0617,479,38775,0.811315,0.94,2,1249389,1248910,479
82787301,29.5127,35.4119,479,40531,0.772577,0.71,2,1250535,1250056,479
82790221,36.4051,29.1648,495,40583,0.807031,0.75,2,1250576,1250081,495
82793141,34.362,35.0659,489,40635,0.844812,0.71,2,1250609,1250120,489
82796061,44.9448,33.2264,509,40687,0.859925,0.73,2,1250661,1250152,509
82798981,19.1779,45.6905,457,40739,0.86597,0.73,2,1250663,1250206,457
82956661,39.3763,36.2879,521,43449,0.89679,1,2,1252554,1252033,521
82959581,33.7505,46.3152,498,43498,0.892716,1,2,1252584,1252086,498
82962501,39.9002,28.7261,525,43547,0.843086,1,2,1252628,1252103,525
82965421,32.7601,36.6904,511,43595,0.823235,1,2,1252656,1252145,511
82968341,32.304,38.0762,504,43643,0.779294,1,2,1252688,1252184,504
82997541,39.5061,39.9407,507,44123,0.429013,0.87,1,1253022,1252515,507
83000461,33.2024,39.3763,497,44171,0.429605,0.89,1,1253051,1252554,497
83003381,36.081,33.7505,505,44219,0.441842,0.81,1,1253089,1252584,505
83079301,32.5666,32.0528,453,45444,0.762127,0.67,2,1253843,1253390,453
83082221,34.0267,33.8211,453,45490,0.802851,0.67,2,1253878,1253425,453
83085141,38.8107,37.5285,455,45536,0.81914,0.71,2,1253920,1253465,455
83088061,33.5243,33.0114,455,45582,0.849656,0.71,2,1253950,1253495,455
83090981,36.8097,36.6046,455,45628,0.825862,0.69,2,1253989,1253534,455
83093901,33.3239,32.6418,456,45674,0.828345,0.71,2,1254020,1253564,456
83096821,27.7296,28.0567,455,45720,0.817338,0.67,2,1254044,1253589,455
83099741,23.0918,23.2227,455,45766,0.848935,0.67,2,1254064,1253609,455
83102661,27.2367,28.4891,453,45812,0.885574,0.65,2,1254094,1253641,453
83105581,33.0947,32.9956,454,45858,0.86423,0.69,2,1254131,1253677,454
83108501,14.4379,14.3983,454,45904,0.879692,0.65,2,1254133,1253679,454
83111421,18.3752,17.7593,455,45950,0.885877,0.65,2,1254154,1253699,455
83114341,25.9501,7.10372,486,45996,0.852351,0.75,2,1254185,1253699,486
83117261,40.38,20.8415,506,46042,0.85094,0.75,2,1254235,1253729,506
83120181,37.152,38.3366,491,46088,0.838376,0.71,2,1254270,1253779,491
83123101,34.0608,35.7346,489,46134,0.85735,0.79,2,1254302,1253813,489
83126021,35.2243,32.2939,495,46180,0.84094,0.83,2,1254338,1253843,495
83128941,40.4897,33.9175,504,46226,0.858376,0.83,2,1254382,1253878,504
83131861,34.1959,38.767,492,46272,0.87735,0.87,2,1254412,1253920,492
83134781,36.4784,33.5068,500,46318,0.88494,0.81,2,1254450,1253950,500
83137701,32.5913,36.8027,491,46364,0.887976,0.83,2,1254480,1253989,491
83312901,70.6833,72.1094,503,22380,0.431809,0.9,1,1256549,1256046,503
83327501,73.9392,84.2373,522,22850,0.438467,0.57,1,1256870,1256348,522
83353781,63.3849,63.163,508,23672,0.75008,0.49,2,1257434,1256926,508
83356701,59.554,62.4652,503,23762,0.750032,0.51,2,1257491,1256988,503
83368381,69.6606,81.7639,456,24117,0.802513,0.69,2,1257699,1257243,456
83371301,72.2642,75.9056,458,24205,0.831005,0.75,2,1257773,1257315,458
83374221,63.1057,63.9622,459,24293,0.854402,0.77,2,1257830,1257371,459
83377141,63.6423,63.3849,460,24380,0.899761,0.75,2,1257894,1257434,460
83479341,42.7436,42.5247,493,27258,0.898,1,2,1259884,1259391,493
83482261,63.2974,69.8099,482,27336,0.8812,1,2,1259961,1259479,482
83485181,47.519,48.324,485,27413,0.85048,1,2,1259998,1259513,485
83488101,60.4076,63.1296,481,27490,0.838192,1,2,1260067,1259586,481
83491021,51.163,57.0518,473,27567,0.809277,1,2,1260112,1259639,473
83493941,34.8652,38.4207,471,27644,0.821711,0.95,2,1260136,1259665,471
83496861,50.5461,54.3683,467,27721,0.838684,0.87,2,1260197,1259730,467
83499781,59.2184,63.1473,463,27797,0.833474,0.91,2,1260262,1259799,463
83502701,56.0874,55.8589,466,27873,0.81939,0.89,2,1260316,1259850,466
83505621,41.6349,42.7436,464,27949,0.825756,0.87,2,1260348,1259884,464
83508541,64.654,63.2974,467,28025,0.864302,0.83,2,1260428,1259961,467
83511461,46.8616,47.519,465,28101,0.891721,0.83,2,1260463,1259998,465
83514381,60.7446,60.4076,466,28176,0.878688,0.79,2,1260533,1260067,466
83517301,48.2979,51.163,461,28251,0.873475,0.83,2,1260573,1260112,461
83607821,60.0675,62.2191,482,30489,0.864016,1,2,1262147,1261665,482
83610741,43.227,42.8876,484,30558,0.855606,1,2,1262179,1261695,484
83613661,46.6908,38.7551,497,30627,0.756243,1,2,1262228,1261731,497
83628261,39.5895,48.6791,475,30971,0.416829,1,1,1262469,1261994,475
83645781,33.964,18.6763,485,31379,0.404955,0.63,1,1262713,1262228,485
83648701,56.7856,26.0705,526,31446,0.407982,0.47,1,1262785,1262259,526
83651621,46.7142,57.2282,488,31513,0.445193,0.51,1,1262825,1262337,488
83721701,32.8194,34.2196,454,33086,0.761178,0.65,2,1263839,1263385,454
83724621,37.1278,37.6878,454,33150,0.790471,0.65,2,1263879,1263425,454
83727541,56.2511,56.4751,454,33214,0.802188,0.67,2,1263948,1263494,454
83730461,41.1004,41.1901,454,33278,0.806875,0.65,2,1263979,1263525,454
83733381,47.0402,48.276,452,33342,0.79675,0.61,2,1264030,1263578,452
83736301,35.6161,36.1104,452,33405,0.8047,0.61,2,1264058,1263606,452
83739221,57.4464,57.6442,452,33468,0.84388,0.61,2,1264130,1263678,452
83742141,24.1786,24.2577,452,33531,0.859552,0.67,2,1264132,1263680,452
83745061,38.4714,37.3031,454,33594,0.877821,0.71,2,1264180,1263726,454
83747981,51.9886,49.1212,458,33657,0.885128,0.79,2,1264241,1263783,458
83856021,36.3466,39.9305,492,35907,0.848224,1,2,1265774,1265282,492
83870621,51.0093,56.9135,473,36201,0.436337,1,1,1266006,1265533,473
83879381,52.2486,49.9145,481,36375,0.254726,0.96,1,1266133,1265652,481
83893981,43.9232,48.7386,456,36665,0.221018,0.65,1,1266287,1265831,456
83896901,41.5693,45.8955,452,36723,0.250407,0.55,1,1266327,1265875,452
83899821,36.4277,40.5582,448,36781,0.262163,0.49,1,1266360,1265912,448
83914421,47.7327,52.2486,426,37066,0.406701,0.11,1,1266559,1266133,426
83917341,29.2931,30.4994,427,37123,0.44468,0.15,1,1266576,1266149,427
83920261,31.5172,30.7998,429,37180,0.447872,0.15,1,1266609,1266180,429
83923181,26.4069,12.3199,452,37237,0.437149,0.21,1,1266632,1266180,452
83926101,28.5628,18.128,460,37294,0.44486,0.17,1,1266662,1266202,460
84002021,44.5383,46.8815,457,38740,0.773845,0.71,2,1267621,1267164,457
84004941,46.0153,46.9526,457,38795,0.795538,0.69,2,1267668,1267211,457
84007861,38.2061,38.581,457,38849,0.792215,0.69,2,1267701,1267244,457
84010781,33.2825,34.0324,456,38903,0.802886,0.71,2,1267731,1267275,456
84013701,50.513,50.213,457,38957,0.843154,0.71,2,1267793,1267336,457
84016621,34.6052,34.4852,457,39011,0.847262,0.71,2,1267817,1267360,457
84019541,32.4421,31.7941,458,39065,0.860905,0.73,2,1267848,1267390,458
84022461,52.5768,51.7176,459,39119,0.878362,0.75,2,1267914,1267455,459
84025381,30.6307,30.2871,459,39173,0.861345,0.71,2,1267930,1267471,459
84028301,32.6523,33.7148,457,39227,0.878538,0.69,2,1267964,1267507,457
84031221,26.2609,27.2859,456,39281,0.897415,0.73,2,1267986,1267530,456
84168461,50.1553,53.5769,497,41733,0.860596,1,2,1269694,1269197,497
84171381,39.2621,36.4308,504,41784,0.830238,1,2,1269726,1269222,504
84174301,36.7049,33.7723,507,41835,0.806095,1,2,1269761,1269254,507
84177221,54.8819,56.7089,502,41885,0.760438,1,2,1269828,1269326,502
84180141,41.1528,39.4836,506,41935,0.754175,1,2,1269860,1269354,506
84206421,29.446,32.3884,464,42385,0.79277,0.79,2,1270096,1269632,464
84209341,44.1784,50.1553,456,42435,0.827108,0.81,2,1270150,1269694,456
84212261,38.6714,39.2621,459,42485,0.852843,0.79,2,1270185,1269726,459
84215181,35.8685,36.7049,458,42535,0.887137,0.73,2,1270219,1269761,458
84513021,26.4847,25.4098,514,47326,0.897247,1,2,1273541,1273027,514
84518861,18.7575,30.3456,492,47415,0.86956,1,2,1273582,1273090,492
84521781,42.903,48.1382,491,47459,0.845824,1,2,1273641,1273150,491
84524701,36.9612,38.4553,492,47503,0.86033,1,2,1273674,1273182,492
84527621,32.7845,38.1821,484,47547,0.806132,0.9,2,1273704,1273220,484
84530541,28.1138,33.8728,478,47591,0.784453,1,2,1273729,1273251,478
84533461,33.4455,32.1491,484,47635,0.763781,1,2,1273766,1273282,484
84536381,27.1782,29.6597,479,47679,0.779512,0.95,2,1273789,1273310,479
84539301,22.8713,29.2639,470,47723,0.785805,0.86,2,1273809,1273339,470
84542221,21.7485,26.1055,467,47767,0.788322,0.93,2,1273830,1273363,467
84545141,27.2994,29.6422,466,47811,0.789329,0.93,2,1273861,1273395,466
84548061,31.9198,34.0569,464,47855,0.765732,0.93,2,1273896,1273432,464
84550981,29.5679,29.8228,465,47899,0.780293,0.89,2,1273924,1273459,465
84553901,28.0272,27.5291,466,47943,0.798117,0.91,2,1273951,1273485,466
84556821,29.2109,30.2116,464,47987,0.805247,0.89,2,1273981,1273517,464
84559741,26.6843,26.4847,465,48031,0.796099,0.95,2,1274006,1273541,465
84562661,26.2737,27.3939,463,48075,0.804439,0.83,2,1274032,1273569,463
84565581,18.3095,18.7575,463,48119,0.843776,0.83,2,1274045,1273582,463
84568501,40.9238,42.903,460,48163,0.85951,0.87,2,1274101,1273641,460
84793341,31.4368,31.7236,522,51421,0.888746,1,2,1276396,1275874,522
84796261,29.9747,32.4895,518,51462,0.853498,1,2,1276425,1275907,518
84799181,33.5899,23.1958,537,51503,0.839399,1,2,1276461,1275924,537
84802101,30.236,23.6783,541,51544,0.80976,1,2,1276489,1275948,541
84803561,30.0944,30.4713,536,51585,0.809904,1,2,1276519,1275983,536
84898461,76.3916,77.206,451,25294,0.776678,0.63,2,1277850,1277399,451
84901381,46.7566,47.0824,451,25378,0.808671,0.61,2,1277877,1277426,451
84904301,37.9027,37.433,452,25461,0.821469,0.61,2,1277909,1277457,452
84907221,64.3611,14.9732,534,25544,0.826587,0.65,2,1277991,1277457,534
84910141,40.1444,55.7893,475,25627,0.828635,0.67,2,1278015,1277540,475
84913061,64.6578,36.1157,533,25710,0.877454,0.67,2,1278096,1277563,533
84915981,62.4631,63.0463,513,25792,0.896982,0.71,2,1278157,1277644,513
85056141,65.5578,58.3993,537,29475,0.274555,1,1,1280807,1280270,537
85061981,61.9693,46.7839,555,29619,0.0811289,0.94,1,1280915,1280360,555
85064901,43.9877,58.9136,520,29690,0.0504515,1,1,1280947,1280427,520
85067821,37.3951,40.3654,525,29761,0.0741806,1,1,1280980,1280455,525
85070741,50.958,38.9462,547,29832,0.0716722,0.99,1,1281040,1280493,547
85073661,21.5832,59.9785,475,29903,0.0706689,0.87,1,1281042,1280567,475
85076581,25.4333,45.5914,467,29974,0.0342676,0.61,1,1281070,1280603,467
85079501,50.3733,72.2366,444,30045,0.043707,0.43,1,1281137,1280693,444
85082421,39.3493,52.8946,436,30115,0.0594828,0.09,1,1281169,1280733,436
85085341,56.5397,65.5578,430,30185,0.0537931,0.03,1,1281237,1280807,430
85088261,43.0159,48.4231,427,30255,0.0515172,0.05,1,1281271,1280844,427
85091181,57.4064,61.9693,423,30325,0.0626069,0.03,1,1281338,1280915,423
85094101,42.1625,43.9877,423,30395,0.0310428,0.09,1,1281370,1280947,423
85097021,36.065,37.3951,422,30465,0.0424171,0.07,1,1281402,1280980,422
85099941,51.026,50.958,423,30534,0.0709668,0.07,1,1281463,1281040,423
85102861,21.6104,21.5832,423,30603,0.0823867,0.01,1,1281465,1281042,423
85108701,50.7377,50.3733,423,30741,0.0959819,0.07,1,1281560,1281137,423
85111621,38.8951,39.3493,422,30810,0.0683927,0.05,1,1281591,1281169,422
85114541,56.958,56.5397,423,30879,0.0693571,0.05,1,1281660,1281237,423
85117461,42.5832,43.0159,422,30948,0.0577428,0.07,1,1281693,1281271,422
85120381,57.8333,57.4064,423,31016,0.0530971,0.01,1,1281761,1281338,423
85123301,41.7333,42.1625,422,31084,0.0272389,0.05,1,1281792,1281370,422
85126221,36.4933,36.065,423,31152,0.0168955,0.09,1,1281825,1281402,423
85129141,51.7973,51.026,424,31220,0.0247582,0.09,1,1281887,1281463,424
85132061,21.9189,21.6104,424,31288,0.0639033,0.09,1,1281889,1281465,424
85134981,25.5676,8.64416,452,31356,0.0915613,0.17,1,1281917,1281465,452
85143741,56.3563,38.0652,491,31557,0.20578,0.07,1,1282082,1281591,491
85149581,57.137,42.4504,489,31691,0.0989248,0.05,1,1282182,1281693,489
85152501,41.4548,57.7802,452,31758,0.0575699,0.01,1,1282213,1281761,452
85155421,36.3819,41.7121,454,31825,0.041028,0.01,1,1282246,1281792,454
85158341,53.5528,36.4848,486,31891,0.0464112,0.03,1,1282311,1281825,486
85161261,22.6211,51.7939,426,31957,0.0485645,0.09,1,1282313,1281887,426
85164181,27.6484,21.9176,455,32023,0.0854258,0.11,1,1282344,1281889,455
85170021,39.9438,49.2268,462,32155,0.204468,0.19,1,1282444,1281982,462
85172941,57.9775,38.8907,500,32221,0.207787,0.23,1,1282514,1282014,500
85178781,52.7164,42.3425,490,32353,0.216846,0.05,1,1282605,1282115,490
85181701,39.0866,57.137,453,32418,0.200738,0.03,1,1282635,1282182,453
85187541,54.6138,36.3819,490,32548,0.0669181,0.05,1,1282736,1282246,490
85190461,23.0455,53.5528,427,32613,0.0447673,0.05,1,1282738,1282311,427
85193381,28.4182,22.6211,457,32678,0.0479069,0.11,1,1282770,1282313,457
85219661,52.7946,54.6138,423,33256,0.214888,0.03,1,1283159,1282736,423
85222581,22.3178,23.0455,423,33320,0.223955,0.05,1,1283161,1282738,423
85225501,30.5271,28.4182,427,33383,0.203582,0.15,1,1283197,1282770,427
85237181,53.1735,52.4427,430,33635,0.21646,0.19,1,1283376,1282946,430
85240101,40.4694,38.9771,432,33698,0.236584,0.17,1,1283408,1282976,432
85243021,52.1878,52.7908,430,33761,0.292634,0.21,1,1283468,1283038,430
85263461,23.7362,24.0843,429,34197,0.403252,0.21,1,1283703,1283274,429
85269301,53.3578,11.7735,499,34321,0.42812,0.23,1,1283806,1283307,499
85272221,42.3431,46.1094,465,34383,0.441248,0.25,1,1283841,1283376,465
85304341,43.4314,53.3575,479,35053,0.773709,0.45,2,1284285,1283806,479
85307261,56.3726,42.343,509,35113,0.795484,0.53,2,1284350,1283841,509
85310181,38.149,54.1372,473,35173,0.828193,0.53,2,1284376,1283903,473
85313101,33.2596,37.2549,477,35233,0.841277,0.53,2,1284406,1283929,477
85316021,57.1038,32.902,520,35293,0.810511,0.57,2,1284479,1283959,520
85318941,24.0415,55.1608,452,35353,0.798204,0.57,2,1284481,1284029,452
85321861,28.8166,23.2643,482,35413,0.817282,0.59,2,1284513,1284031,482
85324781,60.1266,28.5057,531,35473,0.812913,0.67,2,1284594,1284063,531
85327701,25.2507,57.6023,456,35533,0.811165,0.67,2,1284596,1284140,456
85330621,32.3003,24.2409,491,35592,0.834466,0.71,2,1284633,1284142,491
85333541,59.1201,30.6964,533,35651,0.843786,0.79,2,1284710,1284177,533
85336461,24.848,56.0785,462,35710,0.847515,0.79,2,1284712,1284250,462
85339381,30.3392,43.4314,461,35769,0.885006,0.81,2,1284746,1284285,461
85508741,44.2784,31.3993,505,39048,0.886,1,2,1287042,1286537,505
85511661,39.3114,40.7597,494,39102,0.8644,1,2,1287078,1286584,494
85514581,34.3245,33.1039,497,39156,0.80776,1,2,1287109,1286612,497
85517501,30.5298,30.6416,496,39210,0.773104,1,2,1287137,1286641,496
85537941,40.1864,42.3497,483,39586,0.415717,0.95,1,1287404,1286921,483
85546701,38.9079,44.2784,463,39745,0.216926,0.85,1,1287505,1287042,463
85552541,32.8653,34.3245,462,39851,0.0695081,0.75,1,1287571,1287109,462
85555461,24.5461,30.5298,453,39904,0.0278033,0.73,1,1287590,1287137,453
85558381,31.4184,34.4119,452,39957,0.0411213,0.65,1,1287626,1287174,452
85561301,35.3674,37.7648,450,40010,0.0464485,0.49,1,1287664,1287214,450
85564221,37.547,37.9059,451,40063,0.0365794,0.49,1,1287703,1287252,451
85567141,33.0188,15.1624,481,40116,0.0446318,0.49,1,1287733,1287252,481
85570061,32.4075,24.0649,483,40169,0.0358527,0.57,1,1287765,1287282,483
85572981,37.563,33.026,485,40222,0.0563411,0.49,1,1287806,1287321,485
85575901,39.0252,39.0104,482,40274,0.0885364,0.35,1,1287846,1287364,482
85581741,26.884,31.4417,463,40378,0.0993658,0.27,1,1287893,1287430,463
85590501,29.2246,37.1483,451,40534,0.204839,0.03,1,1287992,1287541,451
85616781,30.2207,39.0252,450,41002,0.217286,0.13,1,1288296,1287846,450
85619701,25.2883,28.2101,451,41053,0.224914,0.09,1,1288318,1287867,451
85622621,35.3153,26.884,467,41104,0.203966,0.13,1,1288360,1287893,467
85625541,35.7261,34.1536,464,41155,0.207586,0.15,1,1288396,1287932,464
85631381,22.0362,29.2246,448,41257,0.200014,0.15,1,1288440,1287992,448
85634301,29.8145,23.6898,463,41308,0.218006,0.19,1,1288475,1288012,463
85637221,37.1258,31.0759,469,41359,0.225202,0.21,1,1288517,1288048,469
85640141,37.0503,35.2304,468,41410,0.240081,0.15,1,1288554,1288086,468
85643061,33.4201,37.4921,460,41461,0.246032,0.13,1,1288585,1288125,460
85645981,33.7681,32.9969,464,41512,0.248413,0.13,1,1288619,1288155,464
85648901,14.7072,34.1987,431,41563,0.249365,0.21,1,1288621,1288190,431
85651821,31.6829,38.8795,432,41614,0.249746,0.21,1,1288664,1288232,432
85654741,36.6732,39.5518,432,41665,0.273898,0.23,1,1288704,1288272,432
85657661,29.6693,30.2207,433,41716,0.295559,0.23,1,1288729,1288296,433
85678101,38.088,37.1258,433,42068,0.409208,0.25,1,1288950,1288517,433
85681021,38.0352,37.0503,434,42118,0.433683,0.25,1,1288988,1288554,434
85683941,33.8141,33.4201,434,42168,0.431473,0.25,1,1289019,1288585,434
85686861,34.5256,33.7681,435,42218,0.442589,0.25,1,1289054,1288619,435
85689781,15.0103,14.7072,435,42268,0.447036,0.25,1,1289056,1288621,435
85756941,30.4826,22.7895,487,43403,0.785563,0.63,2,1289799,1289312,487
85759861,38.593,29.5158,497,43452,0.812225,0.67,2,1289843,1289346,497
85762781,39.4372,38.8063,492,43501,0.82289,0.69,2,1289883,1289391,492
85765701,34.3749,38.9225,484,43550,0.851156,0.71,2,1289914,1289430,484
85768621,35.95,33.569,491,43598,0.874462,0.73,2,1289951,1289460,491
85771541,15.58,35.0276,457,43646,0.883785,0.73,2,1289953,1289496,457
85961341,31.3991,29.0237,516,46681,0.798122,1,2,1292066,1291550,516
85984701,34.192,39.2176,511,47041,0.412816,1,1,1292322,1291811,511
85990541,27.3107,31.8348,500,47131,0.273651,0.96,1,1292374,1291874,500
85993461,30.7243,27.1339,509,47176,0.24746,0.99,1,1292407,1291898,509
85996381,31.4897,36.6536,498,47221,0.212984,0.96,1,1292439,1291941,498
86025581,31.3386,37.4501,443,47665,0.209151,0.43,1,1292697,1292254,443
86028501,33.5354,35.9801,443,47709,0.209661,0.37,1,1292732,1292289,443
86034341,25.6457,29.2768,434,47797,0.229146,0.23,1,1292782,1292348,434
86040181,30.8633,30.7243,434,47885,0.215463,0.19,1,1292841,1292407,434
86043101,29.7453,31.4897,431,47929,0.224185,0.19,1,1292870,1292439,431
86046021,27.4981,28.1959,431,47973,0.227674,0.19,1,1292896,1292465,431
86048941,29.5993,30.4784,430,48017,0.25307,0.11,1,1292927,1292497,430
86051861,27.4397,28.3913,429,48061,0.263228,0.17,1,1292953,1292524,429
86054781,12.1759,12.5565,429,48105,0.267291,0.19,1,1292955,1292526,429
86057701,27.6704,27.2226,430,48149,0.292916,0.17,1,1292993,1292563,430
86069381,27.6172,27.3465,430,48325,0.411707,0.23,1,1293093,1292663,430
86072301,32.0469,31.3386,431,48369,0.446683,0.21,1,1293128,1292697,431
86162821,29.4799,28.3573,480,49701,0.773134,0.61,2,1293984,1293504,480
86165741,33.392,28.7429,487,49743,0.795254,0.61,2,1294020,1293533,487
86168661,34.3568,34.2972,484,49785,0.804101,0.59,2,1294055,1293571,484
86171581,30.5427,34.1189,478,49827,0.831641,0.61,2,1294083,1293605,478
86174501,27.8171,29.8475,477,49869,0.842656,0.63,2,1294109,1293632,477
86177421,27.3268,26.939,479,49911,0.847063,0.63,2,1294136,1293657,479
86180341,32.5307,26.9756,488,49953,0.848825,0.63,2,1294172,1293684,488
86183261,31.6123,32.3902,483,49995,0.84953,0.65,2,1294203,1293720,483
86186181,28.8449,30.9561,480,50037,0.837812,0.67,2,1294230,1293750,480
86189101,33.138,27.9824,490,50079,0.857125,0.73,2,1294266,1293776,490
86192021,28.8552,30.993,483,50121,0.87685,0.73,2,1294292,1293809,483
86194941,12.7421,27.9972,459,50163,0.88474,0.73,2,1294294,1293835,459
86197861,29.6968,12.3989,498,50205,0.887896,0.71,2,1294335,1293837,498
86200781,26.2787,29.5596,481,50247,0.889158,0.75,2,1294359,1293878,481
86430001,437.453,478.524,435,21900,0.2524,0.25,1,1296851,1296416,435
86453361,37.4227,49.2449,423,24785,0.203526,0.05,1,1297274,1296851,423
86456281,57.5691,61.098,425,24871,0.25541,0.13,1,1297345,1296920,425
86459201,56.0276,56.8392,426,24956,0.240164,0.15,1,1297400,1296974,426
86462121,67.411,65.3357,430,25041,0.258066,0.19,1,1297475,1297045,430
86465041,63.5644,62.1343,431,25126,0.265226,0.13,1,1297536,1297105,431
86488401,64.2161,65.9675,496,25792,0.417847,0.27,1,1297971,1297475,496
86491321,70.0865,62.987,509,25874,0.413139,0.39,1,1298045,1297536,509
86494241,41.2346,67.7948,460,25956,0.411255,0.39,1,1298067,1297607,460
86497161,40.4938,40.3179,478,26038,0.410502,0.37,1,1298107,1297629,478
86500081,39.5975,40.7272,476,26119,0.434201,0.41,1,1298146,1297670,476
86535121,64.5967,69.9502,450,27076,0.792362,0.61,2,1298801,1298351,450
86538041,63.6387,64.5801,452,27154,0.814945,0.63,2,1298864,1298412,452
86540961,70.4555,70.232,453,27232,0.895978,0.65,2,1298939,1298486,453
86660681,71.3471,67.3038,496,30255,0.88216,1,2,1301036,1300540,496
86663601,45.9388,43.1215,498,30325,0.802864,1,2,1301065,1300567,498
86672361,57.2761,64.0558,484,30534,0.410663,1,1,1301232,1300748,484
86675281,54.7104,46.0223,503,30603,0.278265,1,1,1301285,1300782,503
86678201,41.0842,44.8089,491,30672,0.213306,1,1,1301317,1300826,491
86698641,56.9608,65.1902,441,31152,0.229073,0.35,1,1301621,1301180,441
86701561,50.9843,57.2761,436,31220,0.229629,0.19,1,1301668,1301232,436
86704481,49.7937,54.7104,432,31288,0.217852,0.19,1,1301717,1301285,432
86707401,36.7175,21.8842,460,31356,0.249141,0.17,1,1301745,1301285,460
86710321,29.687,27.9537,453,31423,0.261656,0.17,1,1301770,1301317,453
86713241,37.0748,27.9815,467,31490,0.242663,0.17,1,1301812,1301345,467
86716161,39.4299,35.7926,467,31557,0.271065,0.13,1,1301853,1301386,467
86719081,54.772,38.317,492,31624,0.282426,0.11,1,1301918,1301426,492
86722001,41.7088,54.9268,459,31691,0.27497,0.19,1,1301951,1301492,459
86724921,30.4835,39.3707,453,31758,0.259988,0.17,1,1301974,1301521,453
86727841,59.5934,31.3483,506,31825,0.289995,0.27,1,1302053,1301547,506
86742441,39.0746,29.6864,477,32155,0.434134,0.23,1,1302247,1301770,477
86786241,30.1125,29.6371,446,33128,0.771053,0.55,2,1302853,1302407,446
86789161,63.045,61.0548,449,33192,0.794421,0.57,2,1302938,1302489,449
86792081,56.418,54.4219,451,33256,0.827769,0.61,2,1302990,1302539,451
86795001,51.3672,49.9688,452,33320,0.817107,0.61,2,1303038,1302586,452
86797921,38.5469,37.9875,452,33383,0.860843,0.61,2,1303068,1302616,452
86800841,31.6188,30.795,453,33446,0.866337,0.61,2,1303095,1302642,453
86803761,13.8475,13.518,453,33509,0.868535,0.69,2,1303097,1302644,453
86806681,34.939,34.2072,454,33572,0.881414,0.71,2,1303146,1302692,454
86809601,39.7756,38.8829,455,33635,0.886566,0.71,2,1303189,1302734,455
86955601,60.0613,69.4387,482,36646,0.8956,1,2,1305312,1304830,482
86958521,51.6245,54.1755,484,36704,0.82024,1,2,1305358,1304874,484
86973121,32.6579,27.6143,506,36990,0.440927,1,1,1305541,1305035,506
86990641,54.3745,28.8133,544,37332,0.414992,0.85,1,1305778,1305234,544
86993561,44.5498,58.3253,504,37389,0.411997,0.77,1,1305816,1305312,504
86996481,49.6199,50.9301,511,37446,0.410799,0.55,1,1305869,1305358,511
86999401,35.448,55.1721,479,37502,0.410319,0.45,1,1305895,1305416,479
87002321,28.5792,40.6688,472,37558,0.422128,0.45,1,1305919,1305447,472
87005241,33.0317,33.0675,480,37614,0.402851,0.49,1,1305955,1305475,480
87008161,30.6127,33.627,475,37670,0.41914,0.41,1,1305984,1305509,475
87011081,30.8451,32.6508,474,37726,0.413656,0.33,1,1306015,1305541,474
87014001,27.938,35.2603,463,37782,0.435463,0.39,1,1306041,1305578,463
87051961,45.4441,27.938,500,38503,0.753277,0.51,2,1306541,1306041,500
87057801,30.3111,32.3101,474,38613,0.769724,0.53,2,1306595,1306121,474
87060721,13.3244,29.124,449,38668,0.78189,0.57,2,1306597,1306148,449
87063641,49.1298,54.8496,450,38723,0.786756,0.53,2,1306670,1306220,450
87066561,43.0519,44.7398,451,38778,0.800702,0.55,2,1306709,1306258,451
87069481,47.2208,49.0959,449,38832,0.818281,0.55,2,1306759,1306310,449
87072401,33.2883,34.0384,449,38886,0.825312,0.59,2,1306783,1306334,449
87075321,30.1153,29.2153,451,38940,0.852125,0.65,2,1306811,1306360,451
87078241,36.6461,33.2861,456,38994,0.88685,0.71,2,1306852,1306396,456
87279721,30.8249,31.1059,496,42568,0.8668,1,2,1309312,1308816,496
87297241,38.4583,31.7045,504,42864,0.0977014,1,1,1309553,1309049,504
87300161,36.3833,37.8818,497,42913,0.0570806,1,1,1309588,1309091,497
87303081,34.3533,38.5527,491,42962,0.0228322,1,1,1309621,1309130,491
87306001,32.3413,34.6211,490,43011,0.0271329,1,1,1309652,1309162,490
87308921,28.5365,13.8484,516,43060,0.0288532,1,1,1309678,1309162,516
87311841,24.0146,20.5394,512,43109,0.0535413,1,1,1309699,1309187,512
87314761,24.0058,26.8157,505,43158,0.0394165,1,1,1309723,1309218,505
87317681,23.4023,29.3263,497,43207,0.0217666,0.92,1,1309746,1309249,497
87320601,25.5609,31.5305,491,43256,0.0267066,0.81,1,1309773,1309282,491
87323521,27.0244,30.6122,489,43305,0.0286827,0.61,1,1309801,1309312,489
87326441,36.0097,35.0449,493,43354,0.0294731,0.57,1,1309843,1309350,493
87329361,33.0039,41.618,478,43403,0.0297892,0.37,1,1309874,1309396,478
87332281,31.2016,40.6472,468,43452,0.0419157,0.29,1,1309904,1309436,468
87335201,34.0806,37.8589,468,43501,0.0227663,0.09,1,1309940,1309472,468
87338121,34.0323,42.1435,457,43550,0.0391065,0.03,1,1309974,1309517,457
87341041,34.6129,38.4574,456,43598,0.0576426,0.03,1,1310009,1309553,456
87343961,33.6452,36.383,454,43646,0.041057,0,1,1310042,1309588,454
87346881,32.0581,34.3532,452,43694,0.0224228,0.03,1,1310073,1309621,452
87349801,29.0232,32.3413,448,43742,0.0269691,0.03,1,1310100,1309652,448
87352721,24.8093,28.5365,444,43790,0.0287877,0.07,1,1310122,1309678,444
87355641,23.7237,24.0146,446,43838,0.0775151,0.03,1,1310145,1309699,446
87358561,23.2895,24.0058,445,43886,0.085006,0.01,1,1310168,1309723,445
87361481,26.1158,23.4023,450,43934,0.0880024,0.03,1,1310196,1309746,450
87364401,26.6463,25.5609,450,43982,0.053201,0.03,1,1310223,1309773,450
87367321,36.4585,27.0244,465,44030,0.0512804,0.03,1,1310266,1309801,465
87370241,33.1834,36.0097,454,44078,0.0865122,0.03,1,1310297,1309843,454
87373161,30.0734,33.0039,451,44126,0.0886049,0.05,1,1310325,1309874,451
87376081,35.4293,31.2016,460,44174,0.0894419,0.01,1,1310364,1309904,460
87381921,33.7487,34.0323,456,44270,0.0827107,0.07,1,1310430,1309974,456
87384841,33.8995,34.6129,455,44318,0.0510843,0.03,1,1310464,1310009,455
87387761,33.3598,33.6452,455,44366,0.0264337,0.01,1,1310497,1310042,455
87390681,27.7439,32.0581,448,44414,0.0405735,0.03,1,1310521,1310073,448
87393601,25.4976,29.0232,445,44461,0.0162294,0.03,1,1310545,1310100,445
87396521,11.399,24.8093,425,44508,0.0244918,0.11,1,1310547,1310122,425
87399441,19.5596,23.7237,427,44555,0.0637967,0.09,1,1310572,1310145,427
87402361,19.8238,23.2895,424,44602,0.0795187,0.09,1,1310592,1310168,424
87405281,25.9295,26.1158,426,44649,0.0978075,0.03,1,1310622,1310196,426
87411121,37.5087,36.4585,426,44743,0.0528492,0.11,1,1310692,1310266,426
87414041,33.0035,33.1834,425,44790,0.0391397,0.09,1,1310722,1310297,425
87416961,29.4014,30.0734,424,44837,0.0696559,0.09,1,1310749,1310325,424
87419881,36.3606,35.4293,426,44884,0.0938624,0.11,1,1310790,1310364,426
87422801,34.3442,33.3717,427,44931,0.0915449,0.07,1,1310823,1310396,427
87434481,26.7128,27.7439,422,45119,0.20476,0,1,1310943,1310521,422
87446161,20.0758,19.8238,424,45307,0.0944738,0.11,1,1311016,1310592,424
87469521,33.7758,31.1377,431,45676,0.212719,0.17,1,1311283,1310852,431
87472441,34.5103,33.4551,431,45722,0.223088,0.17,1,1311318,1310887,431
87475361,34.2041,33.782,431,45768,0.227235,0.23,1,1311352,1310921,431
87478281,25.6816,26.7128,429,45814,0.228894,0.13,1,1311372,1310943,429
87481201,22.2727,25.6851,424,45860,0.205558,0.09,1,1311392,1310968,424
87484121,10.1091,11.474,424,45906,0.220223,0.09,1,1311394,1310970,424
87487041,20.2436,4.58962,451,45952,0.214089,0.09,1,1311421,1310970,451
87489961,20.0974,17.4358,445,45998,0.211636,0.09,1,1311441,1310996,445
87495801,25.7756,26.7897,451,46090,0.200662,0.17,1,1311499,1311048,451
87498721,35.5102,25.1159,469,46136,0.218265,0.15,1,1311541,1311072,469
87501641,32.2041,35.8464,456,46182,0.237306,0.11,1,1311571,1311115,456
87504561,29.6816,32.3385,454,46228,0.244922,0.15,1,1311599,1311145,454
87507481,38.8727,29.7354,471,46274,0.211969,0.21,1,1311644,1311173,471
87516241,34.9598,33.7751,466,46411,0.215886,0.23,1,1311749,1311283,466
87519161,33.7839,34.51,464,46456,0.212354,0.23,1,1311782,1311318,464
87522081,25.5136,34.204,450,46501,0.222942,0.23,1,1311802,1311352,450
87525001,22.2054,25.6816,450,46546,0.227177,0.19,1,1311822,1311372,450
87527921,10.0822,22.2726,432,46591,0.228871,0.23,1,1311824,1311392,432
87530841,20.8329,10.1091,458,46636,0.229548,0.21,1,1311852,1311394,458
87533761,20.3331,20.2436,451,46681,0.241819,0.21,1,1311872,1311421,451
87536681,28.5333,20.0974,465,46726,0.282728,0.17,1,1311906,1311441,465
87539601,26.4133,28.439,456,46771,0.287091,0.21,1,1311931,1311475,456
87557121,34.9896,37.7491,463,47041,0.417303,0.15,1,1312144,1311681,463
87560041,35.5958,34.8996,466,47086,0.436921,0.25,1,1312180,1311714,466
87562961,34.6383,34.9598,465,47131,0.444769,0.21,1,1312214,1311749,465
87565881,25.8553,33.7839,452,47176,0.447907,0.23,1,1312234,1311782,452
87621361,23.3031,21.4547,448,48017,0.760136,0.53,2,1312733,1312285,448
87624281,21.3212,20.5819,448,48061,0.778054,0.53,2,1312753,1312305,448
87627201,9.7285,9.43276,448,48105,0.809222,0.57,2,1312755,1312307,448
87630121,25.4914,25.3731,448,48149,0.821689,0.53,2,1312791,1312343,448
87633041,25.7966,25.7492,448,48193,0.826675,0.55,2,1312817,1312369,448
87635961,38.5186,37.2997,450,48237,0.87667,0.57,2,1312864,1312414,450
87638881,33.4074,32.9199,450,48281,0.872668,0.57,2,1312894,1312444,450
87935261,320.012,354.645,463,23360,0.418806,0.73,1,1315847,1315384,463
87941101,108.682,111.583,477,24266,0.097009,0.29,1,1315986,1315509,477
87944021,66.8728,84.2333,450,24353,0.0568036,0.11,1,1316025,1315575,450
87946941,65.7491,66.6933,460,24440,0.0647214,0.01,1,1316090,1315630,460
87949861,55.6996,53.6773,464,24527,0.0438886,0.07,1,1316139,1315675,464
87952781,73.2799,67.0709,473,24613,0.0595554,0.05,1,1316224,1315751,473
87955701,36.5119,57.4284,434,24699,0.0298222,0.05,1,1316236,1315802,434
87958621,33.8048,42.1713,434,24785,0.0179289,0.05,1,1316268,1315834,434
87961541,59.1219,67.8685,425,24871,0.0971715,0.03,1,1316344,1315919,425
87973221,53.4975,53.0542,424,25210,0.0869196,0.07,1,1316563,1316139,424
87976141,71.199,72.2217,422,25294,0.0527678,0.01,1,1316646,1316224,422
87979061,37.4796,36.0887,425,25378,0.0391071,0.01,1,1316661,1316236,425
87981981,32.9918,33.6355,423,25461,0.0696429,0.01,1,1316691,1316268,423
87984901,61.7967,13.4542,504,25544,0.0698571,0.15,1,1316772,1316268,504
87987821,61.9187,50.9817,490,25627,0.0819429,0.13,1,1316834,1316344,490
88034541,26.3818,62.636,429,26919,0.204253,0.13,1,1317625,1317196,429
88037461,47.7527,62.8544,428,26998,0.243701,0.19,1,1317687,1317259,428
88040381,44.3011,48.5418,431,27076,0.28348,0.17,1,1317729,1317298,431
88052061,37.3645,36.4651,431,27388,0.410409,0.19,1,1317939,1317508,431
88054981,35.3458,34.386,432,27465,0.410164,0.21,1,1317973,1317541,432
88081261,35.9485,35.3458,442,28151,0.750192,0.49,2,1318415,1317973,442
88084181,64.7794,63.3383,444,28226,0.774077,0.49,2,1318499,1318055,444
88087101,27.1118,26.5353,444,28301,0.783631,0.51,2,1318501,1318057,444
88090021,51.6447,49.0141,448,28376,0.823452,0.51,2,1318569,1318121,448
88092941,46.4579,19.6057,491,28451,0.851381,0.55,2,1318612,1318121,491
88095861,62.3832,33.6423,521,28525,0.862552,0.61,2,1318685,1318164,521
88098781,51.3533,56.6569,493,28599,0.867021,0.57,2,1318729,1318236,493
88101701,75.1413,49.0628,540,28673,0.868808,0.67,2,1318820,1318280,540
88224341,62.5979,34.1786,556,31624,0.8428,1,2,1320851,1320295,556
88236021,61.2233,51.9278,535,31891,0.292344,1,1,1321045,1320510,535
88244781,59.5503,32.2914,554,32089,0.09383,1,1,1321179,1320625,554
88247701,46.6201,65.7166,504,32155,0.067532,1,1,1321217,1320713,504
88250621,33.048,42.4866,501,32221,0.0570128,0.92,1,1321241,1320740,501
88253541,54.6192,34.9946,540,32287,0.0408051,0.77,1,1321310,1320770,540
88256461,34.4477,62.5979,480,32353,0.022322,0.67,1,1321331,1320851,480
88259381,46.1791,41.2391,507,32418,0.0269288,0.49,1,1321385,1320878,507
88262301,34.0716,51.8957,474,32483,0.0527715,0.45,1,1321411,1320937,474
88265221,49.0287,40.5583,500,32548,0.0871086,0.15,1,1321470,1320970,500
88268141,37.0115,61.2233,454,32613,0.0528434,0.07,1,1321499,1321045,454
88271061,29.2046,43.6893,446,32678,0.0391374,0.11,1,1321523,1321077,446
88273981,58.4818,31.8757,500,32743,0.081655,0.07,1,1321601,1321101,500
88276901,24.5927,59.5503,424,32808,0.074662,0.05,1,1321603,1321179,424
88279821,33.2371,46.6201,425,32872,0.0718648,0.05,1,1321642,1321217,425
88282741,27.6948,33.048,425,32936,0.0947459,0.03,1,1321666,1321241,425
88288581,32.8712,34.4477,422,33064,0.0979593,0.03,1,1321753,1321331,422
88291501,46.7485,46.1791,424,33128,0.0451837,0.07,1,1321809,1321385,424
88294421,34.8994,34.0716,425,33192,0.0600735,0.11,1,1321836,1321411,425
88297341,48.7598,49.0287,424,33256,0.0420294,0.03,1,1321894,1321470,424
88300261,36.9039,37.0115,424,33320,0.0708118,0.03,1,1321923,1321499,424
88303181,28.5616,29.2046,423,33383,0.0703247,0.11,1,1321946,1321523,423
88306101,59.4246,58.4818,425,33446,0.0701299,0.07,1,1322026,1321601,425
88309021,24.9698,24.5927,425,33509,0.0940519,0.07,1,1322028,1321603,425
88311941,33.9879,33.2371,426,33572,0.0916208,0.11,1,1322068,1321642,426
88326541,35.3928,34.8994,425,33887,0.205159,0.03,1,1322261,1321836,425
88329461,48.3571,48.7598,424,33949,0.220064,0.09,1,1322318,1321894,424
88332381,36.7429,36.9039,424,34011,0.238025,0.07,1,1322347,1321923,424
88335301,29.0971,28.5616,425,34073,0.26921,0.07,1,1322371,1321946,425
88338221,60.2389,59.4246,426,34135,0.209684,0.11,1,1322452,1322026,426
88344061,32.9182,33.9879,424,34259,0.200349,0.09,1,1322492,1322068,424
88349901,52.3069,20.4381,493,34383,0.210856,0.11,1,1322586,1322093,493
88352821,31.7228,48.3752,444,34444,0.234342,0.15,1,1322604,1322160,444
88355741,46.8891,30.1501,483,34505,0.279737,0.19,1,1322661,1322178,483
88358661,36.7556,44.46,459,34566,0.297895,0.23,1,1322691,1322232,459
88370341,57.7441,29.0838,510,34810,0.406266,0.17,1,1322881,1322371,510
88373261,24.2977,60.2335,431,34871,0.420506,0.17,1,1322883,1322452,431
88376181,32.5191,25.2934,467,34932,0.438203,0.21,1,1322921,1322454,467
88379101,29.2076,32.9174,456,34993,0.433281,0.17,1,1322948,1322492,456
88382021,54.2831,28.7669,501,35053,0.443312,0.23,1,1323019,1322518,501
88384941,32.5132,52.3068,451,35113,0.447325,0.25,1,1323037,1322586,451
88387861,49.0053,31.7227,493,35173,0.44893,0.31,1,1323097,1322604,493
88457941,49.39,47.9536,451,36588,0.760749,0.59,2,1323992,1323541,451
88460861,38.356,37.7814,451,36646,0.7663,0.61,2,1324023,1323572,451
88463781,51.9424,51.1126,452,36704,0.76852,0.65,2,1324084,1323632,452
88466701,39.977,39.645,452,36762,0.805408,0.59,2,1324116,1323664,452
88469621,32.7908,33.258,451,36819,0.832163,0.65,2,1324144,1323693,451
88472541,61.1163,60.7032,452,36876,0.866865,0.61,2,1324224,1323772,452
88475461,25.6465,25.4813,452,36933,0.880746,0.69,2,1324226,1323774,452
88671101,32.5245,34.7884,521,40586,0.814326,1,2,1326791,1326270,521
88682781,32.5366,39.185,514,40794,0.235647,1,1,1326927,1326413,514
88688621,32.6859,29.3096,525,40898,0.0581035,1,1,1326995,1326470,525
88691541,35.8743,34.5238,525,40950,0.0292414,1,1,1327033,1326508,525
88694461,32.9497,33.0095,524,41002,0.0176966,1,1,1327064,1326540,524
88697381,53.3799,47.4038,534,41053,0.0490786,0.89,1,1327131,1326597,534
88700301,38.752,54.3615,504,41104,0.0496314,0.99,1,1327160,1326656,504
88703221,37.1008,40.9446,508,41155,0.0378526,1,1,1327196,1326688,508
88706141,31.6403,39.7778,497,41206,0.045141,0.91,1,1327224,1326727,497
88709061,27.6561,36.3111,488,41257,0.0240564,0.73,1,1327249,1326761,488
88711981,21.2625,32.5245,475,41308,0.0276226,0.65,1,1327266,1326791,475
88714901,28.305,28.0098,483,41359,0.041049,0.49,1,1327299,1326816,483
88717821,29.322,37.6039,469,41410,0.0584196,0.27,1,1327329,1326860,469
88720741,24.9288,37.8416,453,41461,0.0893678,0.13,1,1327351,1326898,453
88723661,32.1715,32.5366,461,41512,0.0357471,0.01,1,1327388,1326927,461
88726581,14.0686,35.2147,426,41563,0.0442989,0.03,1,1327390,1326964,426
88729501,22.4274,32.6859,423,41614,0.0477195,0.01,1,1327418,1326995,423
88732421,31.771,35.8743,423,41665,0.0370878,0.01,1,1327456,1327033,423
88735341,31.9084,32.9497,424,41716,0.0208351,0.07,1,1327488,1327064,424
88738261,52.3634,53.3799,423,41767,0.038334,0.05,1,1327554,1327131,423
88741181,39.5453,38.752,425,41818,0.0573336,0.03,1,1327585,1327160,425
88744101,36.8181,37.1008,424,41868,0.0649334,0.05,1,1327620,1327196,424
88747021,32.1273,31.6403,425,41918,0.0799734,0.01,1,1327649,1327224,425
88749941,26.0509,27.6561,422,41968,0.0859893,0.03,1,1327671,1327249,422
88752861,22.4204,21.2625,425,42018,0.0343957,0.05,1,1327691,1327266,425
88755781,29.3681,28.305,426,42068,0.0437583,0.07,1,1327725,1327299,426
88758701,29.7473,29.322,426,42118,0.0475033,0.11,1,1327755,1327329,426
88761621,23.8989,24.9288,424,42168,0.0730013,0,1,1327775,1327351,424
88764541,31.7596,32.1715,424,42218,0.0472005,0.05,1,1327812,1327388,424
88767461,13.9038,14.0686,424,42268,0.0188802,0.05,1,1327814,1327390,424
88770381,21.1615,22.4274,422,42318,0.0135521,0.03,1,1327840,1327418,422
88773301,31.2646,31.771,422,42368,0.0474208,0.01,1,1327878,1327456,422
88776221,31.7058,31.9084,422,42418,0.0609683,0.05,1,1327910,1327488,422
88779141,53.4823,52.3634,424,42468,0.0303873,0.07,1,1327978,1327554,424
88782061,40.5929,39.5453,425,42518,0.0541549,0.07,1,1328010,1327585,425
88784981,37.2372,36.8181,425,42568,0.039662,0.09,1,1328045,1327620,425
88787901,32.8949,32.1273,426,42618,0.0578648,0.09,1,1328075,1327649,426
88790821,23.9579,26.0509,422,42668,0.0651459,0,1,1328093,1327671,422
88793741,21.5832,22.4204,422,42717,0.0260584,0.05,1,1328113,1327691,422
88796661,29.6333,29.3681,423,42766,0.0404233,0.05,1,1328148,1327725,423
88799581,30.4533,29.7473,424,42815,0.0581693,0.09,1,1328179,1327755,424
88802501,24.1813,23.8989,424,42864,0.0892677,0.03,1,1328199,1327775,424
88805421,30.6725,31.7596,422,42913,0.0777071,0,1,1328234,1327812,422
88808341,13.469,13.9038,422,42962,0.0490828,0.01,1,1328236,1327814,422
88811261,20.9876,21.1615,422,43011,0.0376331,0.01,1,1328262,1327840,422
88814181,30.595,8.46461,459,43060,0.0330533,0.07,1,1328299,1327840,459
88817101,32.038,26.1858,454,43109,0.0192213,0.07,1,1328332,1327878,454
88820021,53.0152,29.6743,489,43158,0.0376885,0.01,1,1328399,1327910,489
88822941,41.6061,52.6697,455,43207,0.0930754,0.07,1,1328433,1327978,455
88828781,33.177,37.1072,452,43305,0.0832921,0.07,1,1328497,1328045,452
88831701,24.0708,32.8429,440,43354,0.0753168,0.07,1,1328515,1328075,440
88834621,21.0283,23.9371,441,43403,0.0601267,0,1,1328534,1328093,441
88837541,30.6113,21.5749,458,43452,0.0780507,0.05,1,1328571,1328113,458
88840461,31.4445,29.6299,455,43501,0.0972203,0.07,1,1328603,1328148,455
88857981,32.3621,30.595,455,43790,0.0705838,0.01,1,1328754,1328299,455
88860901,54.3449,32.038,491,43838,0.0462335,0.05,1,1328823,1328332,491
88863821,42.7379,53.0152,459,43886,0.0484934,0.13,1,1328858,1328399,459
88866741,36.2952,41.6061,457,43934,0.0613974,0.11,1,1328890,1328433,457
88869661,33.1181,36.4424,455,43982,0.0905589,0.07,1,1328921,1328466,455
88930981,31.8301,30.6053,431,44978,0.208292,0.19,1,1329515,1329084,431
88936821,21.1728,21.5768,430,45072,0.204927,0.17,1,1329543,1329113,430
88939741,30.6691,30.2307,431,45119,0.231971,0.19,1,1329580,1329149,431
88942661,29.6677,28.8923,432,45166,0.242788,0.19,1,1329609,1329177,432
88945581,13.0671,12.7569,432,45213,0.247115,0.13,1,1329611,1329179,432
88948501,41.8268,45.3028,426,45260,0.248846,0.13,1,1329672,1329246,426
88951421,40.1307,40.3211,428,45307,0.249538,0.13,1,1329711,1329283,428
88954341,35.2523,35.3284,428,45354,0.285815,0.13,1,1329743,1329315,428
88983541,30.7335,30.6691,432,45814,0.422214,0.25,1,1330012,1329580,432
89059461,27.4775,32.776,470,46996,0.750297,0.51,2,1330794,1330324,470
89062381,34.991,26.9104,487,47041,0.774119,0.55,2,1330834,1330347,487
89065301,15.1964,34.1642,450,47086,0.783647,0.55,2,1330836,1330386,450
89068221,21.6786,14.8657,474,47131,0.799459,0.53,2,1330862,1330388,474
89071141,32.0714,22.1463,486,47176,0.793784,0.55,2,1330901,1330415,486
89074061,32.0286,31.6585,480,47221,0.791513,0.57,2,1330933,1330453,480
89076981,14.0114,30.6634,452,47266,0.790605,0.57,2,1330935,1330483,452
89079901,45.8046,13.4654,517,47311,0.814242,0.67,2,1331002,1330485,517
89082821,43.5218,43.1861,496,47356,0.835697,0.69,2,1331044,1330548,496
89085741,18.6087,41.8745,457,47401,0.844279,0.71,2,1331046,1330589,457
89088661,26.6435,35.9498,457,47445,0.871711,0.69,2,1331078,1330621,457
89091581,31.0574,35.3799,456,47489,0.882685,0.69,2,1331112,1330656,456
89415701,63.858,67.3107,502,27063,0.810736,1,2,1335717,1335215,502
89436141,35.2699,36.1122,474,27606,0.445024,0.87,1,1336072,1335598,474
89439061,30.908,36.6449,465,27683,0.43601,0.75,1,1336100,1335635,465
89441981,57.3632,63.858,458,27760,0.444404,0.63,1,1336175,1335717,458
89444901,44.5453,47.7432,457,27836,0.447762,0.55,1,1336211,1335754,457
89459501,28.5784,29.6748,444,28214,0.42279,0.43,1,1336477,1336033,444
89465341,28.5725,30.908,441,28364,0.448046,0.43,1,1336541,1336100,441
89506221,57.8042,87.7937,486,29391,0.757669,0.53,2,1337321,1336835,486
89509141,33.9217,57.9175,466,29463,0.753068,0.57,2,1337339,1336873,466
89514981,37.4675,31.9468,490,29607,0.793691,0.59,2,1337411,1336921,490
89517901,28.187,36.7787,472,29678,0.839476,0.59,2,1337433,1336961,472
89520821,59.8748,27.9115,531,29749,0.845791,0.61,2,1337514,1336983,531
89523741,45.5499,59.1646,487,29820,0.824316,0.65,2,1337550,1337063,487
89526661,19.42,44.0658,455,29891,0.815726,0.71,2,1337552,1337097,455
89529581,59.368,68.0263,457,29962,0.836291,0.73,2,1337638,1337181,457
89532501,86.1472,89.0105,458,30033,0.844516,0.79,2,1337742,1337284,458
89535421,57.2589,57.8042,459,30103,0.871807,0.75,2,1337780,1337321,459
89538341,33.7035,33.9217,459,30173,0.858723,0.73,2,1337798,1337339,459
89541261,32.6814,32.1687,460,30243,0.853489,0.83,2,1337830,1337370,460
89544181,40.6726,37.4675,465,30313,0.887396,0.87,2,1337876,1337411,465
89652221,56.26,81.5473,517,32798,0.847696,1,2,1339664,1339147,517
89655141,41.104,52.4189,515,32862,0.777078,1,2,1339695,1339180,515
89701861,56.5375,58.6161,451,33877,0.772507,0.61,2,1340337,1339886,451
89704781,39.415,40.8464,450,33939,0.783003,0.59,2,1340365,1339915,450
89707701,35.566,34.9386,452,34001,0.823201,0.65,2,1340398,1339946,452
89710621,47.8264,46.3754,454,34063,0.89928,0.71,2,1340454,1340000,454
89865381,37.1145,13.9425,548,37210,0.871696,1,2,1342685,1342137,548
89868301,26.2458,25.377,534,37267,0.846678,1,2,1342704,1342170,534
89882901,72.574,46.6922,584,37550,0.424571,1,1,1342947,1342363,584
89885821,48.2296,79.8769,514,37606,0.403828,1,1,1342979,1342465,514
89888741,41.4918,58.9507,506,37662,0.407531,1,1,1343016,1342510,506
89891661,31.5967,42.7803,499,37718,0.409013,0.94,1,1343041,1342542,499
89897501,34.6955,36.9648,503,37830,0.441042,0.85,1,1343112,1342609,503
89900421,34.8782,38.7859,498,37886,0.410417,0.85,1,1343147,1342649,498
89906261,26.9405,26.2457,487,37998,0.405267,0.63,1,1343191,1342704,487
89915021,33.8362,35.0877,478,38165,0.298817,0.49,1,1343293,1342815,478
89926701,30.367,41.4918,464,38385,0.409938,0.41,1,1343480,1343016,464
89944221,20.2704,26.9405,440,38715,0.406932,0.33,1,1343631,1343191,440
89947141,26.7081,29.9762,439,38770,0.408773,0.33,1,1343662,1343223,439
89950061,32.2833,33.5905,439,38824,0.409509,0.27,1,1343698,1343259,439
89952981,30.9133,33.8362,435,38878,0.433804,0.37,1,1343728,1343293,435
90002621,30.9941,30.7146,446,39791,0.759547,0.51,2,1344369,1343923,446
90005541,35.7976,35.0858,447,39844,0.789819,0.55,2,1344408,1343961,447
90008461,35.9191,33.8343,450,39897,0.813927,0.57,2,1344444,1343994,450
90011381,34.7676,33.9337,450,39950,0.835571,0.61,2,1344478,1344028,450
90014301,22.307,21.9735,450,40003,0.868228,0.57,2,1344492,1344042,450
90017221,10.1228,9.9894,450,40056,0.857291,0.57,2,1344494,1344044,450
90020141,20.8491,20.7958,450,40109,0.852917,0.57,2,1344522,1344072,450
90023061,26.3397,8.3183,480,40162,0.851167,0.59,2,1344552,1344072,480
90025981,33.3359,21.3273,488,40215,0.850467,0.59,2,1344590,1344102,488
90028901,31.3343,31.3309,480,40268,0.850187,0.63,2,1344620,1344140,480
90031821,77.3337,30.5324,558,40320,0.838075,0.69,2,1344728,1344170,558
90034741,53.1335,75.213,490,40372,0.85723,0.71,2,1344765,1344275,490
90037661,43.4534,51.0852,492,40424,0.888892,0.73,2,1344802,1344310,492
90236221,108.696,109.319,497,20031,0.433454,0.59,1,1347325,1346828,497
90274181,90.6043,91.1159,450,21367,0.771143,0.53,2,1348217,1347767,450
90277101,77.0417,77.2464,450,21466,0.842457,0.65,2,1348285,1347835,450
90280021,73.4167,71.0985,454,21565,0.894983,0.67,2,1348356,1347902,454
90388061,64.8524,72.2989,477,24944,0.83464,1,2,1350729,1350252,477
90426021,50.091,69.2559,490,26027,0.791986,0.69,2,1351441,1350951,490
90428941,69.8364,49.9024,536,26108,0.802794,0.63,2,1351524,1350988,536
90431861,61.5346,69.1609,510,26189,0.807118,0.65,2,1351580,1351070,510
90434781,61.8138,63.0644,513,26270,0.832847,0.65,2,1351642,1351129,513
90437701,51.7255,61.2257,498,26351,0.867139,0.65,2,1351687,1351189,498
90440621,45.2902,51.4903,494,26431,0.868856,0.71,2,1351728,1351234,494
90443541,46.9161,42.7961,505,26511,0.893542,0.73,2,1351776,1351271,505
90569101,48.8309,48.9505,520,29750,0.82168,1,2,1354095,1353575,520
90580781,36.6213,55.2963,483,30034,0.212123,1,1,1354238,1353755,483
90586621,74.0194,69.2074,496,30174,0.0471397,1,1,1354375,1353879,496
90589541,66.8078,74.483,480,30244,0.0968559,0.93,1,1354437,1353957,480
90592461,48.3231,53.1932,477,30314,0.0387423,0.91,1,1354473,1353996,477
90595381,44.5292,53.0773,466,30384,0.0334969,0.75,1,1354515,1354049,466
90598301,38.2117,48.8309,454,30454,0.0313988,0.57,1,1354549,1354095,454
90601221,33.2847,42.3324,446,30523,0.0425595,0.45,1,1354579,1354133,446
90604141,32.5139,39.1329,441,30592,0.0710238,0.25,1,1354611,1354170,441
90607061,25.6055,33.0532,433,30661,0.0944095,0.11,1,1354632,1354199,433
90609981,28.8422,36.6213,425,30730,0.0677638,0.03,1,1354663,1354238,425
90612901,33.1369,38.0485,422,30799,0.0451055,0.01,1,1354699,1354277,422
90615821,72.6548,74.0194,423,30868,0.0360422,0.13,1,1354798,1354375,423
90618741,66.8619,66.8078,424,30937,0.0324169,0,1,1354861,1354437,424
90621661,47.1448,48.3231,422,31005,0.0309668,0.03,1,1354895,1354473,422
90624581,44.0579,44.5292,422,31073,0.0423867,0.03,1,1354937,1354515,422
90627501,38.0232,38.2117,422,31141,0.0709547,0.05,1,1354971,1354549,422
90630421,33.8093,33.2847,423,31209,0.0463819,0.09,1,1355002,1354579,423
90633341,33.9237,32.5139,425,31277,0.0605527,0.09,1,1355036,1354611,425
90636261,24.9695,13.0055,444,31345,0.0542211,0.11,1,1355055,1354611,444
90639181,27.9878,17.8022,453,31413,0.0516884,0.05,1,1355085,1354632,453
90642101,32.7951,25.7209,458,31480,0.0386754,0.03,1,1355121,1354663,458
90645021,72.518,31.8884,521,31547,0.0334702,0.03,1,1355220,1354699,521
90647941,66.8072,72.1553,485,31614,0.0313881,0.03,1,1355283,1354798,485
90650861,46.5229,66.6621,455,31681,0.0425552,0.03,1,1355316,1354861,455
90653781,43.8092,47.0649,463,31748,0.0350221,0.05,1,1355358,1354895,463
90656701,38.5237,44.0259,456,31815,0.0800088,0.09,1,1355393,1354937,456
90659621,34.0095,38.0104,453,31881,0.0860035,0.03,1,1355424,1354971,453
90665461,25.9615,33.9217,442,32013,0.0869606,0.05,1,1355478,1355036,442
90668381,30.1846,24.9687,456,32079,0.0887842,0.05,1,1355511,1355055,456
90671301,31.2738,27.9875,458,32145,0.0775137,0.03,1,1355543,1355085,458
90674221,72.5095,32.795,522,32211,0.0730055,0.03,1,1355643,1355121,522
90677141,66.2038,72.518,485,32277,0.0472022,0.03,1,1355705,1355220,485
90680061,46.2815,66.8072,455,32343,0.0248809,0.05,1,1355738,1355283,455
90682981,43.7126,46.5229,464,32408,0.0279523,0.03,1,1355780,1355316,464
90685901,40.885,43.8092,461,32473,0.0411809,0.11,1,1355819,1355358,461
90688821,34.954,38.5237,457,32538,0.0584724,0.09,1,1355850,1355393,457
90691741,33.1816,34.0095,458,32603,0.0773889,0.13,1,1355882,1355424,458
90694661,25.2726,33.4038,445,32668,0.0969556,0.07,1,1355902,1355457,445
90706341,68.5478,72.5095,423,32926,0.0880661,0.03,1,1356066,1355643,423
90709261,64.6191,66.2038,423,32990,0.0892264,0.01,1,1356128,1355705,423
90712181,45.6476,46.2815,423,33054,0.0896906,0.03,1,1356161,1355738,423
90738461,66.0526,68.5478,424,33625,0.207877,0.09,1,1356490,1356066,424
90741381,64.221,64.6191,425,33688,0.221151,0.09,1,1356553,1356128,425
90744301,47.2884,45.6476,428,33751,0.22646,0.19,1,1356589,1356161,428
90747221,44.7154,43.4591,429,33814,0.252584,0.11,1,1356632,1356203,429
90750141,40.6861,41.3836,427,33877,0.287034,0.11,1,1356670,1356243,427
90770581,67.4006,10.2526,525,34311,0.40039,0.23,1,1356922,1356397,525
90773501,64.7602,59.901,495,34373,0.418156,0.23,1,1356985,1356490,495
90776421,48.7041,61.7604,470,34435,0.449262,0.23,1,1357023,1356553,470
90843581,43.8935,49.9076,453,35820,0.809995,0.63,2,1357920,1357467,453
90846501,43.9574,46.3631,453,35879,0.845998,0.65,2,1357964,1357511,453
90849421,40.983,41.3452,454,35938,0.860399,0.65,2,1358003,1357549,454
90852341,35.5932,35.7381,454,35997,0.89016,0.61,2,1358035,1357581,454
90998341,35.8658,37.1328,490,38824,0.892355,1,2,1359972,1359482,490
91001261,33.5463,32.2531,493,38878,0.830942,1,2,1360004,1359511,493
91004181,30.2185,31.5012,490,38932,0.770377,1,2,1360032,1359542,490
91012941,62.822,60.4321,494,39094,0.437864,1,1,1360178,1359684,494
91015861,44.9288,40.9728,499,39148,0.289146,1,1,1360211,1359712,499
91018781,38.3715,38.5891,496,39202,0.217658,1,1,1360245,1359749,496
91030461,31.3711,36.6615,472,39418,0.089908,0.93,1,1360373,1359901,472
91036301,30.9394,35.8658,464,39526,0.0827853,0.79,1,1360436,1359972,464
91039221,26.7758,33.5463,456,39579,0.0871141,0.73,1,1360460,1360004,456
91042141,28.1103,30.2185,457,39632,0.0888456,0.61,1,1360489,1360032,457
91045061,25.6441,28.8874,453,39685,0.0655383,0.55,1,1360513,1360060,453
91047981,27.6576,32.555,447,39738,0.0682153,0.33,1,1360542,1360095,447
91050901,53.6631,62.822,435,39791,0.0932861,0.19,1,1360613,1360178,435
91065501,30.5985,31.9278,426,40056,0.24012,0.07,1,1360768,1360342,426
91068421,28.4394,31.3711,422,40109,0.258048,0.07,1,1360795,1360373,422
91071341,31.7758,12.5484,456,40162,0.253219,0.11,1,1360829,1360373,456
91074261,30.7103,24.8194,453,40215,0.227288,0.07,1,1360859,1360406,453
91077181,26.6841,27.9278,447,40268,0.264915,0.09,1,1360883,1360436,447
91080101,26.8736,25.5711,450,40320,0.267966,0.09,1,1360910,1360460,450
91083021,26.3495,27.6284,447,40372,0.281186,0.05,1,1360936,1360489,447
91085941,27.3398,25.4514,451,40424,0.286475,0.07,1,1360964,1360513,451
91088861,54.7359,27.5806,495,40476,0.28859,0.11,1,1361037,1360542,495
91106381,29.1766,30.5982,459,40788,0.407924,0.27,1,1361227,1360768,459
91109301,31.4707,28.4393,465,40840,0.42117,0.25,1,1361260,1360795,465
91112221,32.3883,31.7757,464,40892,0.426468,0.21,1,1361293,1360829,464
91196901,26.0423,26.1089,450,42362,0.757888,0.59,2,1362213,1361763,450
91199821,26.6169,26.0436,451,42412,0.753155,0.69,2,1362240,1361789,451
91202741,28.6468,26.6174,454,42462,0.751262,0.65,2,1362270,1361816,454
91205661,28.2587,27.447,454,42512,0.774505,0.71,2,1362298,1361844,454
91208581,55.7035,54.1788,456,42562,0.807802,0.71,2,1362372,1361916,456
91211501,43.8814,42.6715,457,42612,0.845121,0.73,2,1362408,1361951,457
91214421,40.3526,40.4686,456,42662,0.860048,0.71,2,1362446,1361990,456
91217341,36.541,37.1874,455,42711,0.866019,0.67,2,1362480,1362025,455
91220261,33.8164,34.075,455,42760,0.880408,0.71,2,1362512,1362057,455
91430501,41.331,46.3995,508,46178,0.899573,1,2,1364867,1364359,508
91439261,34.8772,37.9376,502,46316,0.892053,1,2,1364968,1364466,502
91442181,31.3509,34.375,499,46362,0.854821,0.99,2,1364997,1364498,499
91445101,23.3403,32.35,486,46407,0.839928,0.95,2,1365015,1364529,486
91448021,25.5361,24.34,494,46452,0.857971,0.93,2,1365042,1364548,494
91450941,30.6145,24.136,504,46497,0.853189,0.93,2,1365076,1364572,504
91453861,30.8458,30.0544,501,46542,0.863275,1,2,1365107,1364606,501
91456781,23.1383,31.2218,487,46587,0.84331,0.89,2,1365125,1364638,487
91459701,16.4553,23.2887,481,46632,0.835324,0.96,2,1365137,1364656,481
91462621,20.3821,16.5155,492,46677,0.84413,0.97,2,1365160,1364668,492
91465541,29.7529,19.8062,506,46722,0.883652,0.93,2,1365196,1364690,506
91693301,22.4325,31.1359,503,50118,0.897971,1,2,1367571,1367068,503
91696221,19.773,20.8544,507,50160,0.845188,1,2,1367589,1367082,507
91699141,30.7092,20.3417,525,50202,0.788075,1,2,1367627,1367102,525
91713741,33.1714,31.0713,508,50412,0.421052,1,1,1367767,1367259,508
91719581,39.1474,36.8914,507,50496,0.267768,1,1,1367842,1367335,507
91722501,38.459,32.7566,515,50538,0.257107,1,1,1367880,1367365,515
91734181,28.7189,30.2578,491,50706,0.0408539,1,1,1367982,1367491,491
91737101,25.8876,33.7031,479,50748,0.0823416,0.93,1,1368006,1367527,479
91748781,25.1715,30.7092,454,50913,0.0607159,0.69,1,1368081,1367627,454
91751701,29.2686,33.8837,450,50954,0.0422864,0.61,1,1368113,1367663,450
91754621,24.3074,25.5535,451,50995,0.0589146,0.61,1,1368134,1367683,451
91757541,14.523,16.8214,448,51036,0.0415658,0.41,1,1368142,1367694,448
91760461,25.0092,28.9286,443,51077,0.0586263,0.37,1,1368174,1367731,443
91763381,28.0037,33.1714,437,51118,0.0534505,0.31,1,1368204,1367767,437
91766301,31.6015,31.8686,440,51159,0.0513802,0.21,1,1368238,1367798,440
91769221,31.2406,39.1474,427,51200,0.0505521,0.25,1,1368269,1367842,427
91772141,35.2962,38.459,427,51241,0.0502208,0.13,1,1368307,1367880,427
91775061,29.7185,30.9836,427,51282,0.0860883,0.13,1,1368333,1367906,427
91777981,20.8874,21.9934,426,51323,0.0884353,0.07,1,1368348,1367922,426
91783821,29.502,28.7189,427,51405,0.0705497,0.11,1,1368409,1367982,427
91786741,26.8008,25.8876,428,51446,0.0582199,0.17,1,1368434,1368006,428
91789661,17.3203,17.555,427,51487,0.0652879,0.13,1,1368445,1368018,427
91792581,17.1281,17.822,426,51528,0.0801152,0.09,1,1368462,1368036,426
91795501,12.8513,14.9288,423,51569,0.0620461,0.03,1,1368472,1368049,423
91798421,23.7405,25.1715,422,51610,0.0788184,0.03,1,1368503,1368081,422
91801341,29.8962,29.2686,424,51651,0.0975274,0.07,1,1368537,1368113,424
91804261,23.9585,24.3074,423,51692,0.081011,0.03,1,1368557,1368134,423
91807181,15.5834,14.523,425,51733,0.0504044,0.07,1,1368567,1368142,425
91810101,24.8334,25.0092,424,51774,0.0741617,0.07,1,1368598,1368174,424
91813021,27.3333,10.0037,453,51815,0.0476647,0.05,1,1368627,1368174,453
91815941,31.3333,22.0015,457,51856,0.0730659,0.05,1,1368661,1368204,457
91818861,30.5333,29.2006,453,51897,0.0832263,0.05,1,1368691,1368238,453
91850981,30.1821,23.7404,458,52340,0.211178,0.11,1,1368961,1368503,458
91853901,22.8728,29.8962,442,52380,0.222471,0.07,1,1368979,1368537,442
91856821,15.1491,23.9585,432,52420,0.226989,0.03,1,1368989,1368557,432
91859741,25.2597,15.5834,454,52460,0.228795,0.09,1,1369021,1368567,454
91862661,28.1039,24.8334,453,52500,0.253518,0.03,1,1369051,1368598,453
91865581,32.2415,27.3333,459,52540,0.299407,0.09,1,1369086,1368627,459
91886021,25.9314,28.7555,452,52820,0.400054,0.13,1,1369284,1368832,452
91888941,17.5725,26.5022,439,52860,0.418022,0.13,1,1369296,1368857,439
91891861,17.229,17.8009,444,52900,0.413209,0.13,1,1369313,1368869,444
91894781,14.6916,16.7204,441,52940,0.423283,0.15,1,1369326,1368885,441
91897701,24.4766,13.8881,460,52980,0.427313,0.21,1,1369357,1368897,460
91900621,31.3907,22.9553,467,53020,0.428925,0.23,1,1369393,1368926,467
91903541,23.3563,30.1821,450,53060,0.44157,0.23,1,1369411,1368961,450
91994061,18.2284,17.8947,447,54275,0.756325,0.55,2,1370186,1369739,447
91996981,16.8914,16.7579,447,54314,0.76453,0.55,2,1370202,1369755,447
92005741,33.793,32.3445,450,54431,0.78501,0.59,2,1370287,1369837,450
92008661,24.3172,24.3378,449,54470,0.800004,0.55,2,1370305,1369856,449
92011581,15.7269,15.7351,449,54509,0.806002,0.59,2,1370315,1369866,449
92014501,25.4908,25.494,449,54548,0.844401,0.63,2,1370347,1369898,449
92017421,30.5963,29.3976,451,54587,0.87176,0.65,2,1370381,1369930,451
92020341,37.4385,35.759,453,54626,0.870704,0.67,2,1370423,1369970,453
92023261,16.1754,15.5036,453,54665,0.870282,0.61,2,1370425,1369972,453
92026181,24.4702,24.8014,452,54703,0.870113,0.61,2,1370455,1370003,452
92029101,34.9881,9.92058,494,54741,0.858045,0.65,2,1370497,1370003,494
92032021,31.3952,27.9682,483,54779,0.889218,0.73,2,1370526,1370043,483
92275841,121.331,104.232,510,27088,0.2188,1,1,1372792,1372282,510
92284601,60.3252,72.2629,486,27322,0.0963232,0.75,1,1372972,1372486,486
92302121,60.8845,76.7692,425,27784,0.213647,0.07,1,1373217,1372792,425
92305041,60.9538,66.7077,426,27860,0.259459,0.09,1,1373278,1372852,426
92307961,65.7815,68.6831,425,27936,0.253784,0.09,1,1373347,1372922,425
92310881,58.1126,57.4732,428,28012,0.275513,0.17,1,1373400,1372972,428
92313801,65.245,64.9893,428,28088,0.284205,0.15,1,1373470,1373042,428
92316721,37.498,38.5957,426,28163,0.299682,0.11,1,1373489,1373063,426
92331321,62.4134,54.5891,494,28537,0.283322,0.29,1,1373711,1373217,494
92334241,66.3654,58.4357,502,28611,0.299329,0.25,1,1373780,1373278,502
92351761,26.093,27.9494,461,29052,0.429937,0.33,1,1373998,1373537,461
92383881,63.2766,62.0372,508,29844,0.752139,0.51,2,1374592,1374084,508
92389721,56.2042,67.166,454,29986,0.781542,0.65,2,1374670,1374216,454
92392641,56.0817,60.4664,454,30057,0.846617,0.69,2,1374726,1374272,454
92395561,68.0327,67.9866,457,30127,0.860647,0.71,2,1374802,1374345,457
92559081,38.6606,28.2605,512,33835,0.83512,1,2,1377338,1376826,512
92576601,37.842,41.8552,480,34207,0.0679998,1,1,1377617,1377137,480
92579521,42.7368,16.7421,526,34269,0.0331999,1,1,1377663,1377137,526
92582441,33.2947,36.6968,503,34331,0.04328,1,1,1377690,1377187,503
92585361,33.1179,35.6787,501,34393,0.023312,0.97,1,1377723,1377222,501
92588281,37.2472,35.2715,506,34454,0.0153248,0.85,1,1377763,1377257,506
92591201,32.8989,40.5086,492,34515,0.0361299,0.79,1,1377793,1377301,492
92594121,29.9595,38.4034,483,34576,0.032452,0.65,1,1377821,1377338,483
92597041,57.5838,34.5614,527,34637,0.0189808,0.41,1,1377897,1377370,527
92599961,44.6335,67.2246,474,34698,0.0615923,0.27,1,1377933,1377459,474
92602881,38.2534,50.8898,468,34759,0.0546369,0.27,1,1377967,1377499,468
92605801,38.1014,43.7559,467,34820,0.0638548,0.05,1,1378005,1377538,467
92608721,35.6405,45.1024,455,34881,0.0255419,0.01,1,1378039,1377584,455
92611641,41.2562,37.8409,467,34942,0.0102168,0.01,1,1378084,1377617,467
92614561,34.5025,42.7364,451,35003,0.0460867,0.05,1,1378114,1377663,451
92617481,33.001,33.2946,456,35063,0.0724347,0.01,1,1378146,1377690,456
92620401,36.0004,33.1178,461,35123,0.0709739,0.01,1,1378184,1377723,461
92623321,33.0002,37.2471,452,35183,0.0823895,0.05,1,1378215,1377763,452
92643761,40.9989,35.6405,466,35602,0.0590003,0,1,1378505,1378039,466
92646681,36.1996,41.2562,454,35661,0.0416001,0.07,1,1378538,1378084,454
92649601,15.6798,34.5025,426,35720,0.03464,0.09,1,1378540,1378114,426
92652521,24.2719,33.001,424,35779,0.055856,0.07,1,1378570,1378146,424
92655441,31.3088,36.0004,422,35838,0.0643424,0.09,1,1378606,1378184,422
92658361,34.1235,33.0002,427,35897,0.043737,0.15,1,1378642,1378215,427
92661281,32.2494,30.6001,429,35956,0.0354948,0.11,1,1378673,1378244,429
92664201,56.0998,56.64,427,36015,0.0921979,0.13,1,1378745,1378318,427
92681721,35.8588,36.1996,423,36365,0.0833812,0.03,1,1378961,1378538,423
92684641,15.5435,15.6798,423,36423,0.0633525,0.07,1,1378963,1378540,423
92687561,24.2174,24.2719,423,36481,0.055341,0.07,1,1378993,1378570,423
92690481,31.287,31.3088,423,36539,0.0881364,0.03,1,1379029,1378606,423
92705081,39.7927,38.736,429,36828,0.204567,0.17,1,1379247,1378818,429
92713841,34.7067,38.6471,424,36999,0.214932,0.05,1,1379351,1378927,424
92716761,34.2827,35.8588,424,37056,0.223973,0.05,1,1379385,1378961,424
92719681,14.9131,15.5435,424,37113,0.203589,0.05,1,1379387,1378963,424
92731361,34.1498,32.3899,459,37341,0.202348,0.15,1,1379525,1379066,459
92734281,59.2599,30.956,505,37398,0.206939,0.15,1,1379601,1379096,505
92737201,48.304,58.5824,469,37454,0.256776,0.23,1,1379642,1379173,469
92760561,31.187,23.965,466,37902,0.405254,0.19,1,1379883,1379417,466
92766401,33.5499,35.8744,462,38014,0.404441,0.21,1,1379954,1379492,462
92816041,42.2072,41.0925,451,38947,0.781066,0.61,2,1380606,1380155,451
92818961,33.6829,33.837,450,39001,0.798427,0.57,2,1380634,1380184,450
92821881,35.0731,35.1348,450,39055,0.781371,0.59,2,1380670,1380220,450
92824801,35.6293,35.0539,451,39109,0.786548,0.59,2,1380706,1380255,451
92827721,15.4517,15.2216,451,39163,0.800619,0.61,2,1380708,1380257,451
92830641,25.3807,24.6886,452,39217,0.818248,0.61,2,1380740,1380288,452
92833561,31.7523,31.4755,452,39271,0.849299,0.61,2,1380776,1380324,452
92836481,35.5009,35.3902,452,39325,0.83772,0.61,2,1380814,1380362,452
92839401,15.4004,15.3561,452,39379,0.833088,0.61,2,1380816,1380364,452
92842321,25.3601,25.3424,452,39433,0.843235,0.69,2,1380848,1380396,452
92845241,64.7441,61.737,457,39487,0.895294,0.71,2,1380939,1380482,457
93035041,28.9796,32.6091,502,42822,0.896818,1,2,1383240,1382738,502
93037961,22.9918,31.0436,491,42871,0.868727,1,2,1383259,1382768,491
93055481,34.3771,36.2149,504,43165,0.407563,1,1,1383487,1382983,504
93073001,31.6638,29.6102,500,43459,0.428937,0.93,1,1383678,1383178,500
93075921,26.4655,33.4441,487,43508,0.429575,0.87,1,1383701,1383214,487
93078841,20.7862,28.9776,478,43556,0.42983,0.85,1,1383718,1383240,478
93081761,40.1145,22.991,512,43604,0.429932,0.67,1,1383771,1383259,512
93157681,32.8744,31.735,454,44843,0.773614,0.67,2,1384573,1384119,454
93160601,26.3498,26.494,453,44890,0.759445,0.63,2,1384595,1384142,453
93163521,20.1399,20.1976,453,44937,0.777778,0.65,2,1384611,1384158,453
93166441,42.256,41.679,454,44984,0.773111,0.67,2,1384668,1384214,454
93169361,40.9024,40.0716,455,45031,0.819245,0.67,2,1384708,1384253,455
93172281,27.161,26.8286,455,45078,0.837698,0.67,2,1384726,1384271,455
93175201,31.2644,31.1315,455,45125,0.857079,0.67,2,1384760,1384305,455
93178121,32.9058,32.8526,455,45172,0.876832,0.67,2,1384794,1384339,455
93181041,14.3623,14.341,455,45219,0.884733,0.69,2,1384796,1384341,455
93183961,28.5449,27.9364,456,45266,0.875893,0.67,2,1384834,1384378,456
93186881,26.418,26.1746,456,45313,0.896357,0.75,2,1384859,1384403,456
93189801,36.3672,34.4698,459,45360,0.892543,0.71,2,1384902,1384443,459
93382521,20.949,29.953,497,48331,0.848848,1,2,1386959,1386462,497
93385441,26.9796,30.5812,497,48375,0.801539,1,2,1386990,1386493,497
93388361,35.9918,27.8325,513,48419,0.794616,1,2,1387032,1386519,513
93391281,29.3967,35.733,497,48463,0.755846,1,2,1387057,1386560,497
93394201,28.5587,34.0932,492,48506,0.776339,1,2,1387085,1386593,492
93402961,31.1798,36.886,485,48635,0.754086,0.96,2,1387186,1386701,485
93405881,29.8719,35.7544,479,48678,0.823634,1,2,1387215,1386736,479
93408801,32.3488,31.7018,484,48721,0.791454,1,2,1387249,1386765,484
93411721,31.5395,31.8807,483,48764,0.802581,0.94,2,1387280,1386797,483
93414641,28.2158,34.9523,472,48807,0.831033,1,2,1387306,1386834,472
93417561,22.0863,25.3809,471,48850,0.842413,1,2,1387324,1386853,471
93420481,19.0345,10.1524,488,48893,0.822965,0.93,2,1387341,1386853,488
93423401,29.2138,17.8609,501,48936,0.815186,0.97,2,1387377,1386876,501
93426321,30.2855,28.7444,496,48979,0.800074,0.87,2,1387408,1386912,496
93429241,18.7142,31.8978,473,49022,0.80603,0.81,2,1387419,1386946,473
93432161,26.6857,20.5591,492,49065,0.784412,0.77,2,1387451,1386959,492
93435081,35.2743,26.8236,502,49108,0.799765,0.79,2,1387492,1386990,502
93438001,29.7097,35.9295,486,49151,0.829906,0.73,2,1387518,1387032,486
93440921,28.6839,29.3718,489,49194,0.817962,0.79,2,1387546,1387057,489
93443841,31.2736,28.5487,494,49237,0.825185,0.65,2,1387579,1387085,494
93446761,35.9094,33.6195,496,49280,0.840074,0.75,2,1387618,1387122,496
93449681,31.1638,34.4478,489,49323,0.85803,0.77,2,1387646,1387157,489
93683281,97.1362,87.3352,504,24266,0.439792,0.59,1,1390122,1389618,504
93730001,76.0197,44.6654,536,25627,0.775718,0.65,2,1391014,1390478,536
93732921,67.6079,68.8661,513,25710,0.796287,0.65,2,1391076,1390563,513
93735841,66.0431,63.5465,518,25792,0.816515,0.71,2,1391141,1390623,518
93738761,48.6173,63.8186,491,25874,0.824606,0.71,2,1391178,1390687,491
93741681,37.4469,47.7274,484,25956,0.827842,0.69,2,1391208,1390724,484
93744601,36.5788,36.491,491,26038,0.877137,0.77,2,1391244,1390753,491
93747521,62.6315,34.9964,537,26119,0.896855,0.75,2,1391324,1390787,537
93858481,43.3992,44.8633,523,29040,0.8356,1,2,1393377,1392854,523
93870161,41.9782,49.2925,515,29331,0.258751,1,1,1393587,1393072,515
93876001,70.3165,37.4068,567,29475,0.0954002,1,1,1393714,1393147,567
93878921,52.7266,71.3627,514,29547,0.0681601,1,1,1393755,1393241,514
93881841,51.6906,56.7451,518,29619,0.057264,0.89,1,1393806,1393288,518
93884761,38.6763,54.498,495,29690,0.0529056,0.77,1,1393836,1393341,495
93887681,53.2705,43.3992,522,29761,0.0271622,0.55,1,1393899,1393377,522
93890601,36.9082,64.1597,470,29832,0.0288649,0.49,1,1393925,1393455,470
93893521,15.9633,44.8639,440,29903,0.053546,0.23,1,1393927,1393487,440
93896441,43.5853,59.9455,432,29974,0.0394184,0.19,1,1393989,1393557,432
93899361,33.0341,41.9782,428,30045,0.0157674,0.15,1,1394015,1393587,428
93902281,34.2136,37.7913,428,30115,0.0483069,0.03,1,1394050,1393622,428
93916881,54.2073,53.2705,425,30465,0.0827379,0.03,1,1394324,1393899,425
93919801,36.6829,36.9082,424,30534,0.0630951,0.07,1,1394349,1393925,424
93922721,15.8732,15.9633,424,30603,0.0552381,0.03,1,1394351,1393927,424
93925641,42.9493,43.5853,423,30672,0.0520952,0,1,1394412,1393989,423
93928561,32.7797,33.0341,423,30741,0.0268381,0.07,1,1394438,1394015,423
93931481,33.5119,34.2136,422,30810,0.0407352,0.17,1,1394472,1394050,422
93934401,66.2048,65.2855,424,30879,0.0462941,0.13,1,1394560,1394136,424
93937321,55.2819,53.1142,427,30948,0.0845176,0.09,1,1394608,1394181,427
93966521,55.8958,65.9609,472,31624,0.209601,0.11,1,1395032,1394560,472
93969441,52.3583,55.1844,474,31691,0.269841,0.15,1,1395082,1394608,474
93972361,40.7433,50.8738,459,31758,0.293936,0.13,1,1395115,1394656,459
93989881,32.2597,32.6216,460,32155,0.417208,0.13,1,1395320,1394860,460
93992801,70.5039,32.8487,523,32221,0.424883,0.15,1,1395416,1394893,523
94042441,16.3928,16.1499,454,33320,0.753697,0.63,2,1396096,1395642,454
94045361,41.3571,41.86,453,33383,0.775479,0.63,2,1396154,1395701,453
94048281,33.3428,33.544,453,33446,0.784191,0.63,2,1396182,1395729,453
94051201,14.5371,14.6176,453,33509,0.763677,0.63,2,1396184,1395731,453
94054121,25.6149,25.047,454,33572,0.767471,0.67,2,1396217,1395763,454
94057041,69.6459,69.4188,454,33635,0.780988,0.65,2,1396316,1395862,454
94059961,60.2584,60.1675,454,33698,0.798395,0.65,2,1396370,1395916,454
94062881,56.5034,56.467,454,33761,0.841358,0.65,2,1396424,1395970,454
94065801,42.4013,42.3868,454,33824,0.822543,0.73,2,1396457,1396003,454
94068721,57.1605,55.9547,456,33887,0.887017,0.75,2,1396524,1396068,456
94071641,39.6642,37.9819,458,33949,0.888807,0.77,2,1396552,1396094,458
94074561,17.0657,16.3928,458,34011,0.889523,0.79,2,1396554,1396096,458
94246841,39.7529,44.5855,505,37502,0.8356,1,2,1399010,1398505,505
94261441,36.3437,35.5791,519,37782,0.268342,1,1,1399202,1398683,519
94270201,33.502,34.9891,512,37950,0.0639739,1,1,1399307,1398795,512
94273121,39.8008,32.5956,525,38006,0.0555896,1,1,1399351,1398826,525
94276041,45.3203,49.6383,513,38062,0.0642358,0.95,1,1399400,1398887,513
94278961,37.9281,47.4553,500,38118,0.0796943,0.91,1,1399433,1398933,500
94281881,34.3713,42.3821,493,38173,0.0618777,0.77,1,1399465,1398972,493
94284801,40.7485,39.7528,500,38228,0.0667511,0.61,1,1399510,1399010,500
94287721,30.6994,48.3011,470,38283,0.0687004,0.49,1,1399534,1399064,470
94293561,30.2319,36.6482,467,38393,0.0961921,0.31,1,1399596,1399129,467
94311081,35.0534,39.8008,429,38723,0.0833322,0.07,1,1399780,1399351,429
94314001,42.2214,45.3203,427,38778,0.0633329,0.09,1,1399827,1399400,427
94325681,29.8233,30.6994,425,38994,0.0946933,0.13,1,1399959,1399534,425
94343201,30.1344,32.3339,426,39318,0.212089,0.17,1,1400155,1399729,426
94349041,32.9015,35.0534,423,39426,0.205534,0.05,1,1400203,1399780,423
94351961,40.7606,42.2214,422,39480,0.232214,0.13,1,1400249,1399827,422
94354881,38.5042,35.4885,428,39533,0.266885,0.13,1,1400286,1399858,428
94357801,33.4017,33.3954,426,39586,0.280754,0.09,1,1400316,1399890,426
94378241,36.8357,36.3361,431,39957,0.405997,0.23,1,1400560,1400129,431
94381161,30.3343,30.1344,431,40010,0.420399,0.19,1,1400586,1400155,431
94384081,13.3337,13.2538,431,40063,0.42616,0.19,1,1400588,1400157,431
94387001,32.9335,5.30151,477,40116,0.428464,0.21,1,1400634,1400157,477
94389921,41.3734,29.7206,478,40169,0.441386,0.25,1,1400681,1400203,478
94392841,39.3494,39.4882,470,40222,0.422554,0.29,1,1400719,1400249,470
94395761,34.9397,37.9953,465,40274,0.415022,0.29,1,1400751,1400286,465
94398681,43.3759,33.1981,484,40326,0.448009,0.33,1,1400800,1400316,484
94454161,39.3546,33.6093,493,41308,0.751336,0.65,2,1401454,1400961,493
94457081,31.3419,37.4437,479,41359,0.762534,0.63,2,1401480,1401001,479
94460001,13.7367,31.1775,454,41410,0.767014,0.63,2,1401482,1401028,454
94462921,33.0947,13.671,498,41461,0.780806,0.63,2,1401528,1401030,498
94465841,40.8379,33.0684,498,41512,0.786322,0.63,2,1401574,1401076,498
94468761,17.5352,40.8274,454,41563,0.788529,0.65,2,1401576,1401122,454
94471681,29.8141,39.1309,454,41614,0.789412,0.69,2,1401614,1401160,454
94474601,31.7256,35.4524,454,41665,0.801765,0.67,2,1401647,1401193,454
94477521,43.2902,45.381,453,41716,0.794706,0.63,2,1401698,1401245,453
94480441,30.5161,31.3524,453,41767,0.791882,0.65,2,1401720,1401267,453
94483361,36.8064,36.541,454,41818,0.874753,0.69,2,1401761,1401307,454
94892161,40.5108,44.3855,491,48369,0.885059,1,2,1406299,1405808,491
94895081,36.6043,41.7542,485,48413,0.876024,1,2,1406333,1405848,485
94898001,31.4417,35.9017,481,48457,0.896409,0.91,2,1406361,1405880,481
94903841,41.2707,38.9843,483,48543,0.898225,1,2,1406437,1405954,483
94906761,33.3083,32.9937,482,48586,0.89329,0.98,2,1406465,1405983,482
95176861,325.665,357.968,462,21900,0.2776,0.67,1,1409567,1409105,462
95206061,116.426,139.475,425,23360,0.081616,0,1,1409733,1409308,425
95208981,98.1706,78.59,473,24178,0.0326464,0.01,1,1409819,1409346,473
95211901,83.0682,83.636,459,24266,0.0310586,0.01,1,1409892,1409433,459
95214821,74.6273,70.6544,466,24353,0.0124234,0,1,1409961,1409495,466
95217741,46.6509,71.4618,422,24440,0.0229694,0.01,1,1409989,1409567,422
95220661,51.0604,49.5847,441,24527,0.0151877,0.03,1,1410043,1409602,441
95223581,53.4241,57.6339,433,24613,0.0120751,0.11,1,1410098,1409665,433
95232341,65.9631,72.0406,422,24871,0.0530928,0.03,1,1410241,1409819,422
95235261,70.1853,72.6162,422,24956,0.0512371,0,1,1410314,1409892,422
95238181,70.0741,70.4465,423,25041,0.0264948,0.03,1,1410384,1409961,423
95241101,44.2296,44.9786,422,25126,0.0285979,0.01,1,1410411,1409989,422
95244021,51.2919,50.3914,424,25210,0.0174392,0.01,1,1410467,1410043,424
95246941,55.3167,53.1566,427,25294,0.0249757,0.17,1,1410525,1410098,427
95249861,34.1267,32.6626,428,25378,0.0159903,0.15,1,1410545,1410117,428
95252781,35.8507,35.8651,427,25461,0.0363961,0.15,1,1410582,1410155,427
95255701,62.3403,14.346,507,25544,0.0145584,0,1,1410662,1410155,507
95258621,70.5361,57.3384,497,25627,0.00582338,0.05,1,1410738,1410241,497
95261541,68.4144,66.7354,491,25710,0.00832935,0.01,1,1410805,1410314,491
95264461,43.5658,68.6941,448,25792,0.0453317,0.03,1,1410832,1410384,448
95267381,51.0263,43.6777,477,25874,0.0361327,0.01,1,1410888,1410411,477
95270301,55.2105,51.0711,479,25956,0.0444531,0.03,1,1410946,1410467,479
95273221,34.0842,55.2284,441,26038,0.0357812,0.01,1,1410966,1410525,441
95276141,37.0337,34.0914,460,26119,0.0443125,0.05,1,1411005,1410545,460
95279061,62.2135,35.8365,502,26200,0.017725,0,1,1411084,1410582,502
95281981,70.4854,62.3346,498,26281,0.00709,0,1,1411160,1410662,498
95284901,68.3942,70.5338,489,26362,0.008836,0.01,1,1411227,1410738,489
95287821,42.9577,68.4135,448,26442,0.0335344,0.07,1,1411253,1410805,448
95290741,51.3831,43.5654,478,26522,0.0314138,0.03,1,1411310,1410832,478
95293661,54.7532,51.0262,479,26602,0.0305655,0.05,1,1411367,1410888,479
95296581,34.5013,55.2105,442,26682,0.0302262,0.03,1,1411388,1410946,442
95299501,37.8005,34.0842,462,26761,0.0180905,0.05,1,1411428,1410966,462
95302421,61.3202,37.0337,500,26840,0.0492362,0,1,1411505,1411005,500
95305341,25.7281,62.2135,423,26919,0.0376945,0,1,1411507,1411084,423
95308261,55.8912,70.4854,423,26998,0.0210778,0.01,1,1411583,1411160,423
95311181,61.9565,68.3942,422,27076,0.0144311,0.05,1,1411649,1411227,422
95314101,40.3826,42.9577,422,27154,0.0117724,0.03,1,1411675,1411253,422
95317021,50.953,51.3831,423,27232,0.010709,0.03,1,1411733,1411310,423
95319941,54.5812,54.7532,423,27310,0.0102836,0.03,1,1411790,1411367,423
95322861,34.4325,34.5013,423,27388,0.0221134,0.01,1,1411811,1411388,423
95325781,37.773,37.8005,423,27465,0.0268454,0.07,1,1411851,1411428,423
95328701,60.7092,61.3202,422,27542,0.0287382,0.03,1,1411927,1411505,422
95331621,25.4837,25.7281,422,27619,0.0414953,0.01,1,1411929,1411507,422
95334541,55.7935,55.8912,422,27696,0.0345981,0.01,1,1412005,1411583,422
95337461,61.9174,61.9565,422,27772,0.0138392,0.01,1,1412071,1411649,422
95340381,41.567,40.3826,424,27848,0.0595357,0.01,1,1412099,1411675,424
95343301,50.2268,50.953,422,27924,0.0298143,0.01,1,1412155,1411733,422
95346221,54.2907,54.5812,422,28000,0.0659257,0.03,1,1412212,1411790,422
95349141,34.3163,34.4325,422,28076,0.0683703,0.03,1,1412233,1411811,422
95352061,37.7265,37.773,422,28151,0.0453481,0.03,1,1412273,1411851,422
95354981,60.6906,60.7092,422,28226,0.0481392,0.05,1,1412349,1411927,422
95357901,25.4762,25.4837,422,28301,0.0492557,0.03,1,1412351,1411929,422
95360821,55.7905,55.7935,422,28376,0.0617023,0.03,1,1412427,1412005,422
95363741,61.3162,22.3174,487,28451,0.0306809,0,1,1412492,1412005,487
95366661,42.5265,48.527,451,28525,0.0182724,0.09,1,1412522,1412071,451
95369581,49.4106,36.2108,477,28599,0.0133089,0.01,1,1412576,1412099,477
95372501,55.1642,48.0843,480,28673,0.0473236,0.09,1,1412635,1412155,480
95375421,34.0657,53.4337,443,28747,0.0609294,0.07,1,1412655,1412212,443
95378341,37.0263,33.9735,461,28821,0.0903718,0.03,1,1412694,1412233,461
95381261,60.4105,37.5894,497,28894,0.0541487,0.05,1,1412770,1412273,497
95384181,25.3642,60.6358,423,28967,0.0396595,0.05,1,1412772,1412349,423
95387101,55.7457,25.4543,497,29040,0.0578638,0.07,1,1412848,1412351,497
95390021,61.2983,55.7817,486,29113,0.0651455,0.01,1,1412913,1412427,486
95392941,43.1193,61.3127,452,29186,0.0440582,0.01,1,1412944,1412492,452
95395861,49.6477,42.5251,476,29259,0.0356233,0.01,1,1412998,1412522,476
95398781,56.4591,49.41,483,29331,0.0322493,0.07,1,1413059,1412576,483
95401701,34.5836,55.164,444,29403,0.0428997,0.07,1,1413079,1412635,444
95404621,37.2335,34.0656,463,29475,0.0351599,0.11,1,1413118,1412655,463
95407541,59.8934,37.0262,499,29547,0.044064,0.03,1,1413193,1412694,499
95410461,25.1574,60.4105,425,29619,0.0236256,0.03,1,1413195,1412770,425
95413381,56.2629,25.3642,500,29690,0.0634502,0.07,1,1413272,1412772,500
95416301,59.7052,55.7457,486,29761,0.0913801,0.07,1,1413334,1412848,486
95419221,43.0821,61.2983,453,29832,0.078552,0.03,1,1413366,1412913,453
95422141,18.4328,43.1193,424,29903,0.0734208,0.03,1,1413368,1412944,424
95425061,39.1731,49.6477,423,29974,0.0593683,0.03,1,1413421,1412998,423
95427981,52.2693,56.4591,423,30045,0.0897473,0.05,1,1413482,1413059,423
95448421,42.6155,43.0821,425,30534,0.218082,0.07,1,1413791,1413366,425
95451341,18.2462,18.4328,425,30603,0.213233,0.05,1,1413793,1413368,425
95457181,52.5994,52.2693,425,30741,0.205717,0.11,1,1413907,1413482,425
95460101,33.6398,33.5077,425,30810,0.220287,0.11,1,1413928,1413503,425
95463021,37.4559,36.2031,427,30879,0.262115,0.13,1,1413968,1413541,427
95465941,59.3824,59.4812,426,30948,0.278846,0.13,1,1414042,1413616,426
95492221,39.6435,32.9391,475,31557,0.423017,0.29,1,1414403,1413928,475
95553541,37.0848,42.1135,453,32936,0.764963,0.61,2,1415300,1414847,453
95556461,59.2339,61.8454,452,33000,0.815985,0.61,2,1415374,1414922,452
95559381,24.8936,25.9382,452,33064,0.836394,0.59,2,1415376,1414924,452
95562301,59.1574,60.1753,451,33128,0.880558,0.59,2,1415458,1415007,451
95565221,64.463,64.8701,451,33192,0.874223,0.59,2,1415526,1415075,451
95568141,46.1852,45.748,452,33256,0.871689,0.61,2,1415560,1415108,452
95571061,19.6741,19.4992,452,33320,0.846676,0.61,2,1415562,1415110,452
95573981,39.0696,38.9997,452,33383,0.84867,0.71,2,1415614,1415162,452
95576901,58.2279,55.1999,457,33446,0.885468,0.71,2,1415685,1415228,457
95719981,33.155,32.395,500,36414,0.8884,1,2,1417707,1417207,500
95722901,42.062,57.358,474,36472,0.82936,1,2,1417755,1417281,474
95734581,42.1552,44.0636,484,36704,0.416512,1,1,1417939,1417455,484
95737501,43.2621,41.0254,489,36762,0.280605,1,1,1417983,1417494,489
95743341,41.7219,45.8041,478,36876,0.0844967,1,1,1418059,1417581,478
95746261,38.8888,36.9216,484,36933,0.0637987,1,1,1418096,1417612,484
95752101,27.3422,33.3875,465,37047,0.0642078,0.85,1,1418139,1417674,465
95755021,28.3369,33.155,461,37104,0.0436831,0.79,1,1418168,1417707,461
95757941,38.3348,42.062,458,37161,0.0174732,0.79,1,1418213,1417755,458
95760861,41.1339,16.8248,501,37218,0.0129893,0.65,1,1418256,1417755,501
95763781,36.8536,34.3299,489,37275,0.0111957,0.67,1,1418290,1417801,489
95766701,49.5414,35.932,510,37332,0.0224783,0.45,1,1418348,1417838,510
95769621,34.8166,55.7728,466,37389,0.0389913,0.33,1,1418373,1417907,466
95772541,37.3266,41.5091,473,37446,0.0335965,0.19,1,1418412,1417939,473
95775461,30.5307,43.0036,455,37502,0.0434386,0.09,1,1418438,1417983,455
95778381,37.4123,35.2015,467,37558,0.0833754,0.03,1,1418480,1418013,467
95781301,41.3649,41.6806,465,37614,0.0633502,0.05,1,1418524,1418059,465
95784221,21.346,38.8722,436,37670,0.0553401,0.15,1,1418532,1418096,436
95787141,25.3384,23.3489,451,37726,0.022136,0.03,1,1418560,1418109,451
95790061,27.5354,27.3396,450,37782,0.0868544,0.03,1,1418589,1418139,450
95792981,38.0141,28.3358,466,37838,0.0347418,0,1,1418634,1418168,466
95795901,41.0057,38.3343,464,37894,0.0558967,0.01,1,1418677,1418213,464
95798821,37.4023,41.1337,456,37950,0.0403587,0.01,1,1418712,1418256,456
95801741,49.7609,36.8535,480,38006,0.0581435,0.03,1,1418770,1418290,480
95804661,35.5044,49.5414,448,38062,0.0652574,0.05,1,1418796,1418348,448
95807581,37.6017,34.8166,462,38118,0.056103,0.03,1,1418835,1418373,462
95810501,30.6407,37.3266,449,38173,0.0524412,0.05,1,1418861,1418412,449
95813421,37.4563,30.5306,465,38228,0.0269765,0.11,1,1418903,1418438,465
95816341,41.3825,37.4123,467,38283,0.0287906,0.05,1,1418947,1418480,467
95819261,20.153,41.3649,429,38338,0.0295162,0.05,1,1418953,1418524,429
95822181,26.6612,21.346,452,38393,0.0298065,0,1,1418984,1418532,452
95825101,29.8645,25.3384,456,38448,0.0539226,0.13,1,1419016,1418560,456
95828021,35.3458,27.5354,466,38503,0.039569,0,1,1419055,1418589,466
95830941,41.1383,38.0141,466,38558,0.0578276,0.07,1,1419100,1418634,466
95833861,36.8553,41.0057,457,38613,0.077131,0.03,1,1419134,1418677,457
95836781,15.9421,37.4023,424,38668,0.0848524,0.07,1,1419136,1418712,424
95845541,35.4363,37.6017,424,38832,0.227431,0.05,1,1419259,1418835,424
95848461,29.7745,30.6407,424,38886,0.252972,0.01,1,1419285,1418861,424
95851381,35.9098,37.4563,422,38940,0.239189,0.03,1,1419325,1418903,422
95854301,41.3639,41.3825,423,38994,0.233676,0.03,1,1419370,1418947,423
95857221,20.1456,20.153,423,39048,0.20747,0.03,1,1419376,1418953,423
95906861,40.4863,41.8485,426,39957,0.218559,0.09,1,1419951,1419525,426
95909781,37.1945,37.7394,426,40010,0.237424,0.13,1,1419986,1419560,426
95912701,16.0778,16.2958,426,40063,0.220969,0.13,1,1419988,1419562,426
95915621,45.4311,6.5183,491,40116,0.214388,0.15,1,1420053,1419562,491
95918541,32.5724,41.6073,450,40169,0.211755,0.13,1,1420077,1419627,450
95921461,37.029,31.6429,465,40222,0.222702,0.13,1,1420117,1419652,465
95924381,31.0116,36.6572,452,40274,0.227081,0.13,1,1420144,1419692,452
95927301,37.6046,30.2629,468,40326,0.264832,0.13,1,1420186,1419718,468
95930221,41.4419,36.7051,471,40378,0.291933,0.15,1,1420230,1419759,471
95956501,32.408,45.4311,455,40846,0.404409,0.21,1,1420508,1420053,455
96003221,30.8727,31.8253,449,41665,0.756212,0.55,2,1421026,1420577,449
96006141,38.7491,39.1301,449,41716,0.776485,0.59,2,1421070,1420621,449
96009061,43.0996,43.252,449,41767,0.808594,0.55,2,1421116,1420667,449
96011981,20.8398,20.9008,449,41818,0.845438,0.57,2,1421122,1420673,449
96014901,25.7359,25.1603,450,41868,0.860175,0.55,2,1421151,1420701,450
96017821,30.6944,31.0641,449,41918,0.86607,0.55,2,1421185,1420736,449
96020741,33.8778,34.0257,449,41968,0.868428,0.57,2,1421221,1420772,449
96023661,44.1511,42.4103,452,42018,0.881371,0.59,2,1421272,1420820,452
96026581,40.4604,40.3641,451,42068,0.898548,0.6,2,1421310,1420859,451
96029501,17.3842,17.3456,451,42118,0.881419,0.61,2,1421312,1420861,451
96032421,45.9537,45.3383,452,42168,0.886568,0.61,2,1421377,1420925,452
96035341,35.1815,33.1353,455,42218,0.888627,0.61,2,1421405,1420950,455
96038261,15.2726,14.4541,455,42268,0.889451,0.77,2,1421407,1420952,455
96049941,44.8678,43.0996,463,42468,0.89805,0.87,2,1421579,1421116,463
96251421,32.8422,33.3298,496,45768,0.86152,1,2,1423866,1423370,496
96254341,29.3369,28.9319,497,45814,0.830608,1,2,1423893,1423396,497
96257261,26.7348,28.9728,493,45860,0.830243,1,2,1423918,1423425,493
96260181,33.4939,31.9891,497,45906,0.782097,1,2,1423956,1423459,497
96312741,24.3441,31.999,472,46726,0.400823,0.55,1,1424494,1424022,472
96315661,31.9377,26.5996,486,46771,0.442329,0.51,1,1424531,1424045,486
96374061,39.6102,37.8064,450,47665,0.816846,0.57,2,1425108,1424658,450
96376981,30.2441,29.5226,450,47709,0.848738,0.57,2,1425132,1424682,450
96379901,21.6976,22.609,448,47753,0.837495,0.53,2,1425148,1424700,448
96382821,33.8791,34.2436,448,47797,0.844998,0.57,2,1425190,1424742,448
96385741,33.9516,32.8974,450,47841,0.871999,0.57,2,1425224,1424774,450
96391581,23.4323,23.2636,450,47929,0.89672,0.57,2,1425266,1424816,450
96400341,30.7077,29.0169,454,48061,0.88227,0.61,2,1425367,1424913,454
96403261,13.4831,12.8067,454,48105,0.874908,0.67,2,1425369,1424915,454
96406181,20.9932,20.1227,455,48149,0.871963,0.71,2,1425395,1424940,455
96420781,42.2649,39.6102,463,48369,0.876068,0.87,2,1425571,1425108,463
96423701,31.306,30.2441,463,48413,0.860427,0.83,2,1425595,1425132,463
96426621,22.1224,21.6976,463,48457,0.854171,0.85,2,1425611,1425148,463
96429541,35.849,33.8791,466,48500,0.863668,0.89,2,1425656,1425190,466
96432461,34.7396,33.9516,466,48543,0.879467,0.93,2,1425690,1425224,466
96435381,25.8958,25.5806,466,48586,0.885787,0.89,2,1425710,1425244,466
96622261,33.411,32.1464,491,51285,0.877859,1,2,1427564,1427073,491
96625181,32.5644,30.8585,493,51326,0.837144,1,2,1427596,1427103,493
96628101,26.8258,26.1434,493,51367,0.772857,1,2,1427619,1427126,493
96631021,24.5303,21.8574,497,51408,0.759143,1,2,1427642,1427145,497
96695261,23.8275,20.8886,479,52303,0.760057,0.71,2,1428244,1427765,479
96698181,29.931,24.5554,486,52343,0.754023,0.75,2,1428278,1427792,486
96706941,18.6436,20.7955,469,52463,0.779537,0.63,2,1428336,1427867,469
96709861,19.4574,19.1182,471,52503,0.773815,0.53,2,1428356,1427885,471
96712781,28.183,22.0473,481,52543,0.831526,0.61,2,1428390,1427909,481
96715701,29.2732,28.0189,479,52583,0.84261,0.53,2,1428420,1427941,479
96718621,26.7093,29.2076,474,52623,0.859044,0.53,2,1428445,1427971,474
96721541,34.6837,26.083,490,52663,0.853618,0.61,2,1428485,1427995,490
96724461,30.0735,33.8332,478,52703,0.863447,0.61,2,1428512,1428034,478
96727381,22.2294,29.7333,468,52743,0.867379,0.61,2,1428529,1428061,468
96730301,23.8918,21.4933,477,52783,0.880952,0.63,2,1428554,1428077,477
96733221,41.9567,22.9973,507,52823,0.886381,0.71,2,1428608,1428101,507
96943461,32.936,24.3932,515,55618,0.892209,1,2,1430496,1429981,515
96946381,39.5744,39.7573,509,55656,0.866884,0.98,2,1430540,1430031,509
96949301,32.0298,36.3029,502,55694,0.832753,0.86,2,1430567,1430065,502
96952221,26.0119,30.7212,497,55732,0.891101,1,2,1430589,1430092,497
96955141,29.0048,29.6885,499,55770,0.866441,1,2,1430620,1430121,499
96958061,29.6019,31.0754,497,55808,0.856576,1,2,1430650,1430153,497
96960981,28.0408,26.8302,500,55846,0.828631,0.97,2,1430677,1430177,500
96963901,19.0163,27.5321,485,55884,0.805452,0.98,2,1430690,1430205,485
96966821,25.6065,19.4128,501,55922,0.796181,1,2,1430720,1430219,501
96969741,28.8426,26.3651,501,55960,0.768472,1,2,1430751,1430250,501
96972661,18.737,26.1461,487,55998,0.793389,1,2,1430763,1430276,487
96975581,24.8948,20.6584,499,56036,0.779356,0.95,2,1430792,1430293,499
96993101,18.687,21.3502,468,56260,0.773114,0.91,2,1430904,1430436,468
96996021,17.6748,19.3401,467,56297,0.771246,0.87,2,1430921,1430454,467
96998941,29.8699,32.936,463,56334,0.794498,0.85,2,1430959,1430496,463
97001861,37.148,39.5744,461,56371,0.779799,0.81,2,1431001,1430540,461
97004781,32.2592,32.0298,463,56408,0.83392,0.93,2,1431030,1430567,463
97007701,25.5037,26.0119,462,56445,0.819568,0.85,2,1431051,1430589,462
97010621,27.6015,29.0048,460,56482,0.825827,0.85,2,1431080,1430620,460
97317221,181.662,199.42,479,26280,0.2188,0.11,1,1433873,1433394,479
97352261,73.2104,81.8589,442,27892,0.0953632,0.03,1,1434315,1433873,442
97355181,40.0841,48.3435,434,27968,0.0921453,0.05,1,1434333,1433899,434
97358101,55.0337,45.7374,455,28044,0.0548581,0.03,1,1434398,1433943,455
97361021,62.2135,62.695,448,28120,0.0639432,0.05,1,1434465,1434017,448
97363941,57.2854,61.078,442,28195,0.0795773,0.01,1,1434519,1434077,442
97366861,66.7142,49.6312,473,28270,0.0978309,0.07,1,1434592,1434119,473
97369781,41.0857,55.8525,437,28345,0.0811324,0.05,1,1434616,1434179,437
97372701,35.0343,37.341,443,28420,0.0984529,0.11,1,1434647,1434204,443
97375621,56.6137,31.7364,486,28495,0.0933812,0.07,1,1434718,1434232,486
97384381,47.4473,23.6791,486,28717,0.0604564,0.03,1,1434819,1434333,486
97387301,59.7789,48.4717,489,28791,0.0421826,0.07,1,1434887,1434398,489
97390221,56.9116,59.5887,477,28865,0.058873,0.09,1,1434942,1434465,477
97393141,67.1646,56.2355,497,28938,0.0895492,0.11,1,1435016,1434519,497
97407741,22.9569,37.0347,440,29302,0.224626,0.15,1,1435182,1434742,440
97410661,44.5828,22.6139,486,29374,0.26385,0.01,1,1435241,1434755,486
97416501,58.0132,59.7782,479,29518,0.0890161,0.07,1,1435366,1434887,479
97419421,69.4053,56.9113,501,29590,0.0656064,0.11,1,1435443,1434942,501
97422341,40.9621,67.1645,449,29662,0.0922426,0.13,1,1435465,1435016,449
97425261,36.1848,40.0658,460,29733,0.090897,0.13,1,1435498,1435038,460
97428181,60.0739,35.8263,503,29804,0.0903588,0.17,1,1435574,1435071,503
97431101,25.2296,58.7305,431,29875,0.0901435,0.21,1,1435576,1435145,431
97445701,54.9313,58.0132,425,30228,0.215397,0.05,1,1435791,1435366,425
97448621,69.3725,69.4053,427,30298,0.224159,0.11,1,1435870,1435443,427
97451541,40.949,40.9621,427,30368,0.263663,0.09,1,1435892,1435465,427
97454461,35.5796,36.1848,426,30438,0.279465,0.09,1,1435924,1435498,426
97457381,59.8318,60.0739,426,30508,0.285786,0.09,1,1436000,1435574,426
97471981,53.4242,51.8283,432,30853,0.406827,0.23,1,1436166,1435734,432
97474901,54.9697,54.9313,431,30922,0.432731,0.23,1,1436222,1435791,431
97477821,70.5879,69.3725,433,30990,0.419092,0.29,1,1436303,1435870,433
97480741,42.0351,40.949,434,31058,0.449637,0.29,1,1436326,1435892,434
97530381,57.3203,48.3954,509,32197,0.764885,0.61,2,1437056,1436547,509
97533301,57.1281,55.3582,506,32263,0.815954,0.59,2,1437113,1436607,506
97536221,72.0512,55.7433,532,32329,0.848382,0.61,2,1437195,1436663,532
97539141,43.8205,70.8973,476,32394,0.861353,0.61,2,1437220,1436744,476
97542061,37.3282,42.7589,485,32459,0.878541,0.63,2,1437253,1436768,485
97544981,62.3313,36.9036,531,32524,0.885416,0.65,2,1437332,1436801,531
97547901,26.1325,61.5614,455,32589,0.888167,0.65,2,1437334,1436879,455
97550821,28.453,25.8246,483,32654,0.865267,0.67,2,1437364,1436881,483
97553741,19.7812,27.1298,469,32719,0.880107,0.69,2,1437378,1436909,469
97556661,9.11248,19.2519,457,32784,0.886043,0.71,2,1437380,1436923,457
97559581,47.445,50.3008,459,32849,0.876417,0.81,2,1437453,1436994,459
97562501,57.978,57.3203,462,32913,0.896567,0.85,2,1437518,1437056,462
97723101,325.562,363.645,472,16060,0.789939,0.89,2,1439865,1439393,472
97746461,84.2394,117.31,511,17088,0.757066,0.63,2,1440670,1440159,511
97749381,69.6958,82.3242,512,17212,0.776826,0.65,2,1440730,1440218,512
97752301,36.2783,67.7297,468,17335,0.78473,0.69,2,1440744,1440276,468
97753761,135.111,36.0919,654,17457,0.859892,0.75,2,1440945,1440291,654
97832601,58.8969,92.1445,512,20487,0.886,1,2,1443024,1442512,512
97858881,41.9446,48.6635,451,21402,0.411478,0.35,1,1443583,1443132,451
97861801,127.778,135.865,442,21501,0.434591,0.33,1,1443768,1443326,442
97864721,67.3111,71.7462,440,21600,0.443837,0.37,1,1443795,1443355,440
97891001,34.2884,33.5698,446,22468,0.761886,0.55,2,1444333,1443887,446
97893921,35.9153,35.0279,447,22562,0.754754,0.55,2,1444370,1443923,447
97902681,131.491,40.4018,640,22843,0.762784,0.67,2,1444665,1444025,640
97905601,71.1962,127.161,486,22936,0.803114,0.77,2,1444696,1444210,486
97908521,83.6785,68.2643,549,23028,0.843245,0.77,2,1444788,1444239,549
97911441,34.6714,82.5057,459,23120,0.859298,0.77,2,1444790,1444331,459
97914361,35.4686,34.2023,493,23212,0.889719,0.75,2,1444826,1444333,493
98016561,105.406,35.2317,629,26219,0.823216,1,2,1447023,1446394,629
98028241,44.4344,53.4715,513,26541,0.417122,1,1,1447232,1446719,513
98034081,35.7895,37.4754,509,26701,0.25274,0.91,1,1447302,1446793,509
98039921,96.4463,41.5161,604,26859,0.0896383,0.73,1,1447479,1446875,604
98042841,39.7785,105.406,458,26938,0.0418553,0.67,1,1447481,1447023,458
98045761,39.9114,69.1626,453,27017,0.0347421,0.47,1,1447521,1447068,453
98048681,63.3646,83.465,439,27095,0.0678969,0.43,1,1447600,1447161,439
98051601,44.5458,52.586,439,27173,0.0451587,0.37,1,1447632,1447193,439
98054521,39.4183,44.4344,436,27251,0.0360635,0.25,1,1447668,1447232,436
98057441,36.7673,39.9738,434,27329,0.0204254,0.21,1,1447703,1447269,434
98060361,33.3069,35.7895,432,27406,0.0141702,0.13,1,1447734,1447302,432
98063281,36.1228,40.1158,427,27483,0.0836681,0.03,1,1447772,1447345,427
98074961,64.6687,63.3646,425,27790,0.0976139,0.03,1,1448025,1447600,425
98077881,45.0675,44.5458,425,27866,0.0810456,0.03,1,1448057,1447632,425
98080801,39.027,39.4183,424,27942,0.0624182,0.01,1,1448092,1447668,424
98083721,36.0108,36.7673,423,28018,0.0909673,0.01,1,1448126,1447703,423
98101241,63.1609,15.4687,506,28469,0.217719,0.07,1,1448449,1447943,506
98104161,43.2644,55.3875,454,28543,0.225087,0.07,1,1448479,1448025,454
98107081,39.5057,41.355,459,28617,0.252035,0.05,1,1448516,1448057,459
98110001,36.2023,37.542,458,28691,0.250814,0.11,1,1448550,1448092,458
98112921,33.6809,35.4168,456,28765,0.286326,0.13,1,1448582,1448126,456
98124601,40.1118,38.4907,469,29058,0.409042,0.21,1,1448799,1448330,469
98127521,65.2447,39.3963,511,29131,0.433617,0.23,1,1448881,1448370,511
98174241,98.0557,96.2916,451,30272,0.753002,0.59,2,1449647,1449196,451
98183001,66.2276,66.4747,451,30482,0.796272,0.59,2,1449775,1449324,451
98185921,27.691,27.7899,451,30551,0.816509,0.61,2,1449777,1449326,451
98188841,32.0764,30.3159,454,30620,0.824604,0.65,2,1449812,1449358,454
98191761,35.6306,34.9264,454,30689,0.863841,0.67,2,1449850,1449396,454
98194681,35.2522,34.3706,455,30758,0.891537,0.67,2,1449885,1449430,455
98200521,43.0804,41.1393,458,30896,0.883046,0.77,2,1449969,1449511,458
98329001,58.2037,53.9602,498,33776,0.420546,1,1,1452045,1451547,498
98337761,42.077,45.2855,488,33963,0.0561949,1,1,1452179,1451691,488
98340681,28.8308,34.3142,481,34025,0.022478,1,1,1452199,1451718,481
98343601,24.1323,31.1257,473,34087,0.00899119,0.93,1,1452220,1451747,473
98346521,29.4529,33.4503,471,34149,0.00959648,1,1,1452253,1451782,471
98349441,30.9812,32.5801,471,34211,0.0218386,1,1,1452285,1451814,471
98352361,30.3925,13.032,501,34273,0.0267354,0.99,1,1452315,1451814,501
98355281,27.757,25.6128,493,34335,0.0406942,0.91,1,1452341,1451848,493
98358201,74.1028,27.6451,569,34397,0.0162777,0.45,1,1452446,1451877,569
98361121,49.4411,90.2581,470,34458,0.0485111,0.27,1,1452479,1452009,470
98364041,37.7764,57.7032,464,34519,0.0734044,0.23,1,1452509,1452045,464
98366961,51.7106,42.2813,493,34580,0.0953618,0.03,1,1452570,1452077,493
98369881,39.2842,60.1125,452,34641,0.0921447,0,1,1452601,1452149,452
98372801,28.9137,42.045,444,34702,0.0368579,0,1,1452623,1452179,444
98375721,22.3655,28.818,442,34763,0.0207432,0,1,1452641,1452199,442
98378641,28.7462,24.1272,454,34824,0.0142973,0.01,1,1452674,1452220,454
98381561,30.6985,29.4509,453,34885,0.0237189,0.03,1,1452706,1452253,453
98384481,30.8794,30.9804,452,34946,0.0274876,0.03,1,1452737,1452285,452
98387401,27.9518,30.3921,448,35006,0.028995,0.05,1,1452763,1452315,448
98390321,74.7807,27.7569,528,35066,0.017598,0,1,1452869,1452341,528
98393241,49.1123,74.1027,455,35126,0.0490392,0.07,1,1452901,1452446,455
98396161,39.4449,49.4411,455,35186,0.0496157,0.09,1,1452934,1452479,455
98399081,53.578,37.7764,488,35246,0.0858463,0.11,1,1452997,1452509,488
98407841,22.245,28.9137,441,35426,0.0714942,0.01,1,1453064,1452623,441
98410761,28.098,22.3655,455,35486,0.0285977,0.01,1,1453096,1452641,455
98413681,29.8392,28.7462,453,35546,0.0414391,0.03,1,1453127,1452674,453
98416601,31.1357,30.6985,453,35605,0.0345756,0.03,1,1453159,1452706,453
98419521,28.6543,30.8794,449,35664,0.0318302,0.03,1,1453186,1452737,449
98422441,12.6617,27.9518,425,35723,0.0127321,0.01,1,1453188,1452763,425
98425361,67.4647,74.7807,423,35782,0.0230928,0.07,1,1453292,1452869,423
98428281,47.3859,49.1123,425,35841,0.0392371,0.05,1,1453326,1452901,425
98431201,38.1543,39.4449,424,35900,0.0216949,0.11,1,1453358,1452934,424
98434121,55.4617,53.578,428,35959,0.0626779,0.15,1,1453425,1452997,428
98437041,38.3847,37.0312,429,36018,0.0670712,0.09,1,1453452,1453023,429
98448721,28.5826,29.8392,422,36252,0.095557,0.03,1,1453549,1453127,422
98451641,30.6331,31.1357,422,36310,0.0442228,0.03,1,1453581,1453159,422
98454561,29.0532,28.6543,423,36368,0.0236891,0,1,1453609,1453186,423
98457481,12.8213,12.6617,423,36426,0.0154756,0.03,1,1453611,1453188,423
98460401,66.9285,67.4647,422,36484,0.0241903,0.05,1,1453714,1453292,422
98463321,47.1714,47.3859,422,36542,0.0516761,0.01,1,1453748,1453326,422
98466241,38.6686,38.1543,423,36600,0.0746704,0.09,1,1453781,1453358,423
98469161,56.2674,55.4617,424,36658,0.0598682,0.07,1,1453849,1453425,424
98472081,39.907,38.3847,426,36716,0.0539473,0.15,1,1453878,1453452,426
98475001,28.5628,27.3539,427,36774,0.0395789,0.13,1,1453899,1453472,427
98477921,22.2251,21.1416,428,36831,0.0698316,0.09,1,1453917,1453489,428
98480841,24.49,26.4566,424,36888,0.0819326,0.09,1,1453943,1453519,424
98489601,28.3034,29.0532,422,37059,0.0549237,0.01,1,1454031,1453609,422
98492521,12.5213,12.8213,422,37116,0.0279695,0.03,1,1454033,1453611,422
98495441,67.4085,66.9285,423,37173,0.0411878,0.03,1,1454137,1453714,423
98498361,47.9634,26.7714,458,37230,0.0344751,0.07,1,1454172,1453714,458
98501281,38.3854,31.1086,456,37287,0.04379,0.09,1,1454204,1453748,456
98504201,54.9541,32.2434,489,37344,0.059516,0.05,1,1454270,1453781,489
98507121,39.3817,53.6974,450,37401,0.0898064,0.05,1,1454299,1453849,450
98521721,26.4941,28.3697,452,37681,0.211361,0.13,1,1454426,1453974,452
98524641,26.1977,28.7479,449,37737,0.222544,0.01,1,1454452,1454003,449
98527561,11.6791,28.2992,423,37793,0.227018,0.01,1,1454454,1454031,423
98530481,68.2716,12.5197,527,37849,0.204807,0.05,1,1454560,1454033,527
98542161,40.6998,54.9541,455,38073,0.211691,0.11,1,1454725,1454270,455
98548001,24.752,29.5527,449,38183,0.217471,0.23,1,1454771,1454322,449
98550921,26.1008,23.2211,457,38238,0.236988,0.17,1,1454798,1454341,457
98553841,31.4403,26.0884,464,38293,0.244795,0.19,1,1454833,1454369,464
98556761,27.5761,30.2354,456,38348,0.271918,0.23,1,1454858,1454402,456
98577201,51.1222,55.2494,431,38733,0.449155,0.23,1,1455125,1454694,431
98580121,40.2489,40.6998,433,38788,0.437662,0.19,1,1455158,1454725,433
98583041,30.4996,31.8799,431,38842,0.445065,0.23,1,1455182,1454751,431
98585961,25.3998,24.752,433,38896,0.448026,0.25,1,1455204,1454771,433
98644361,49.2935,48.6029,452,39967,0.757408,0.65,2,1455917,1455465,452
98647281,20.9174,20.6412,452,40020,0.788963,0.65,2,1455919,1455467,452
98650201,27.567,27.4565,452,40073,0.813585,0.65,2,1455951,1455499,452
98653121,54.2268,10.9826,524,40126,0.811434,0.71,2,1456023,1455499,524
98656041,40.8907,46.393,486,40179,0.822574,0.69,2,1456055,1455569,486
98658961,31.3563,38.3572,478,40232,0.839029,0.69,2,1456080,1455602,478
98661881,25.7425,29.7429,476,40284,0.821612,0.69,2,1456102,1455626,476
98664801,28.897,25.6972,484,40336,0.814645,0.65,2,1456133,1455649,484
98667721,31.9588,28.2789,488,40388,0.847858,0.69,2,1456167,1455679,488
98670641,32.5835,32.3115,486,40440,0.885143,0.71,2,1456200,1455714,486
98834161,321.306,349.249,476,18980,0.418,0.47,1,1458566,1458090,476
98870661,222.722,255.5,440,18980,0.2092,0.37,1,1458723,1458283,440
98876501,105.956,101.6,471,19925,0.094672,0.09,1,1458875,1458404,471
98879421,87.9822,89.24,466,20031,0.0558688,0.11,1,1458951,1458485,466
98882341,42.9929,64.496,431,20137,0.0763475,0.03,1,1458964,1458533,431
98885261,32.1972,38.9984,434,20242,0.060539,0.05,1,1458989,1458555,434
98888181,65.0789,55.7994,454,20347,0.0782156,0.07,1,1459076,1458622,454
98896941,82.717,83.5872,498,20658,0.0830058,0.03,1,1459373,1458875,498
98899861,41.4868,79.0349,436,20761,0.0512023,0.09,1,1459387,1458951,436
98902781,30.9947,39.4139,447,20863,0.0624809,0.05,1,1459411,1458964,447
98905701,66.3979,30.7656,512,20965,0.0429924,0.09,1,1459501,1458989,512
98908621,27.7592,64.5062,427,21066,0.0351969,0.25,1,1459503,1459076,427
98911541,93.3037,105.002,432,21167,0.0800788,0.15,1,1459640,1459208,432
98929061,27.5997,27.7582,423,21761,0.0955965,0.11,1,1459926,1459503,423
98934901,93.576,90.7213,429,21955,0.201295,0.15,1,1460158,1459729,429
98937821,76.4304,76.4885,427,22052,0.266518,0.15,1,1460223,1459796,427
98940741,38.9722,38.9954,427,22148,0.292607,0.11,1,1460237,1459810,427
98943661,30.5889,29.9982,428,22244,0.291043,0.09,1,1460262,1459834,428
98958261,78.703,70.9104,499,22717,0.405921,0.31,1,1460657,1460158,499
98961181,39.8812,67.3642,448,22810,0.420368,0.31,1,1460671,1460223,448
98964101,31.5525,35.3457,460,22903,0.426147,0.29,1,1460697,1460237,460
99004981,32.0419,40.6723,457,24166,0.765881,0.71,2,1461570,1461113,457
99007901,28.4168,31.8689,457,24254,0.756352,0.65,2,1461596,1461139,457
99010821,64.1667,66.1476,456,24341,0.800541,0.65,2,1461684,1461228,456
99013741,26.8667,27.659,456,24428,0.794216,0.67,2,1461686,1461230,456
99016661,98.3467,99.2636,455,24515,0.839687,0.67,2,1461832,1461377,455
99019581,103.539,103.905,455,24601,0.893875,0.67,2,1461939,1461484,455
99113021,85.2028,90.1664,486,27221,0.754,1,2,1463724,1463238,486
99115941,99.4811,102.067,485,27299,0.4276,1,1,1463833,1463348,485
99118861,61.9924,58.2266,493,27377,0.21304,1,1,1463870,1463377,493
99121781,50.597,53.8906,485,27454,0.085216,1,1,1463913,1463428,485
99124701,34.0388,39.5563,478,27531,0.0520864,1,1,1463936,1463458,478
99127621,29.8155,34.4225,474,27608,0.0388346,1,1,1463963,1463489,474
99130541,32.9262,31.169,480,27685,0.0335338,1,1,1463998,1463518,480
99133461,44.3705,44.2676,479,27761,0.0434135,0.95,1,1464050,1463571,479
99136381,36.3482,40.507,472,27837,0.0353654,0.61,1,1464081,1463609,472
99139301,70.9393,85.2028,451,27913,0.0321462,0.21,1,1464175,1463724,451
99142221,81.1757,99.4811,430,27989,0.0308585,0.07,1,1464263,1463833,430
99145141,51.0703,61.9924,424,28065,0.0783434,0,1,1464294,1463870,424
99148061,45.6281,50.597,423,28140,0.0313374,0.03,1,1464336,1463913,423
99150981,31.4512,34.0388,422,28215,0.0305349,0.03,1,1464358,1463936,422
99153901,28.7805,29.8155,422,28290,0.030214,0.03,1,1464385,1463963,422
99156821,33.1122,32.9262,423,28365,0.0420856,0.03,1,1464421,1463998,423
99159741,43.2449,13.1705,473,28440,0.0468342,0.05,1,1464471,1463998,473
99162661,35.898,36.4682,452,28514,0.0487337,0.03,1,1464502,1464050,452
99165581,70.7592,33.1873,515,28588,0.0194935,0.03,1,1464596,1464081,515
99168501,82.3037,69.6749,511,28662,0.0377974,0.03,1,1464686,1464175,511
99171421,52.1215,80.67,455,28736,0.057119,0.11,1,1464718,1464263,455
99174341,44.8486,50.868,464,28810,0.0408476,0,1,1464758,1464294,464
99177261,30.5394,45.5472,443,28883,0.046339,0.03,1,1464779,1464336,443
99180181,29.0158,31.4189,449,28956,0.0365356,0.03,1,1464807,1464358,449
99183101,32.6063,28.7676,457,29029,0.0446142,0.05,1,1464842,1464385,457
99186021,43.6425,33.107,472,29102,0.0478457,0.05,1,1464893,1464421,472
99188941,35.457,43.2428,452,29175,0.0731383,0.05,1,1464923,1464471,452
99191861,72.3828,35.8971,518,29248,0.0352553,0,1,1465020,1464502,518
99194781,82.3531,70.7588,513,29320,0.0321021,0.05,1,1465109,1464596,513
99197701,52.7412,82.3035,456,29392,0.0308408,0.07,1,1465142,1464686,456
99200621,43.8965,52.1214,462,29464,0.0423363,0.03,1,1465180,1464718,462
99203541,29.5586,44.8486,442,29536,0.0469345,0.05,1,1465200,1464758,442
99206461,29.2234,30.5394,450,29608,0.0247738,0.03,1,1465229,1464779,450
99209381,33.8894,29.0158,459,29679,0.0279095,0.05,1,1465266,1464807,459
99212301,43.5558,32.6063,474,29750,0.0171638,0.05,1,1465316,1464842,474
99215221,36.6223,43.6425,455,29821,0.0248655,0.09,1,1465348,1464893,455
99218141,15.8489,35.457,427,29892,0.0279462,0.01,1,1465350,1464923,427
99221061,62.1396,72.3828,423,29963,0.0651785,0.03,1,1465443,1465020,423
99232741,28.1924,29.5586,422,30244,0.208117,0.01,1,1465622,1465200,422
99241501,43.5643,43.5558,423,30454,0.0773995,0.03,1,1465739,1465316,423
99244421,37.2257,36.6223,424,30523,0.0729598,0.03,1,1465772,1465348,424
99247341,16.0903,15.8489,424,30592,0.0711839,0.09,1,1465774,1465350,424
99250261,64.0361,62.1396,427,30661,0.0584736,0.17,1,1465870,1465443,427
99253181,79.6144,78.2558,428,30730,0.0893894,0.17,1,1465960,1465532,428
99279461,63.3458,6.43612,518,31345,0.230641,0.05,1,1466292,1465774,518
99282381,81.7383,60.1744,516,31413,0.266256,0.11,1,1466386,1465870,516
99285301,54.2953,78.0698,462,31480,0.280503,0.15,1,1466422,1465960,462
99288221,45.7181,52.8279,466,31547,0.286201,0.17,1,1466462,1465996,466
99294061,28.1949,27.4125,456,31681,0.282192,0.17,1,1466507,1466051,456
99296981,32.278,27.165,464,31748,0.286877,0.17,1,1466542,1466078,464
99311581,84.2854,63.3454,529,32079,0.431683,0.29,1,1466821,1466292,529
99361221,42.7071,42.5232,448,33182,0.76185,0.51,2,1467474,1467026,448
99364141,37.4828,38.0093,447,33246,0.77874,0.51,2,1467508,1467061,447
99367061,16.1931,16.4037,447,33310,0.785496,0.55,2,1467510,1467063,447
99369981,68.8773,67.7615,449,33373,0.824198,0.61,2,1467614,1467165,449
99372901,89.3509,87.1046,452,33436,0.815679,0.61,2,1467717,1467265,452
99375821,36.9404,36.0418,452,33499,0.836272,0.63,2,1467719,1467267,452
99378741,38.1761,36.6167,454,33562,0.832509,0.71,2,1467758,1467304,454
99381661,41.6705,39.2467,457,33625,0.891003,0.71,2,1467802,1467345,457
99384581,26.2682,25.2987,457,33688,0.890401,0.71,2,1467818,1467361,457
99530581,33.4696,35.2933,492,36696,0.804688,1,2,1469882,1469390,492
99539341,85.9021,87.8908,492,36868,0.23894,1,1,1470099,1469607,492
99545181,35.7043,42.1425,483,36982,0.0922304,1,1,1470153,1469670,483
99548101,30.4817,33.657,482,37039,0.0428922,1,1,1470180,1469698,482
99551021,27.1927,27.8628,483,37096,0.0831569,0.95,1,1470205,1469722,483
99556861,23.6708,13.338,498,37210,0.0865051,0.99,1,1470257,1469759,498
99562701,25.1473,26.7341,489,37324,0.0918408,0.91,1,1470307,1469818,489
99600661,28.0919,25.1473,456,38054,0.20492,0.17,1,1470763,1470307,456
99603581,26.8368,27.4589,453,38110,0.207968,0.09,1,1470789,1470336,453
99606501,53.3347,28.9836,494,38165,0.257187,0.11,1,1470860,1470366,494
99609421,77.7339,52.3934,520,38220,0.276875,0.15,1,1470954,1470434,520
99612341,45.4936,75.5574,453,38275,0.29675,0.15,1,1470978,1470525,453
99621101,29.2876,29.9157,456,38440,0.299072,0.11,1,1471060,1470604,456
99644461,55.0659,53.3347,436,38878,0.410045,0.29,1,1471296,1470860,436
99647381,78.4264,77.7339,436,38932,0.446018,0.31,1,1471390,1470954,436
99688261,48.9654,46.9705,446,39685,0.754207,0.51,2,1471862,1471416,446
99691181,35.7862,34.3882,447,39738,0.763683,0.53,2,1471889,1471442,447
99694101,30.5145,29.3553,448,39791,0.767473,0.57,2,1471916,1471468,448
99697021,30.8058,30.3421,448,39844,0.780989,0.53,2,1471947,1471499,448
99699941,31.5223,31.3368,448,39897,0.786396,0.53,2,1471979,1471531,448
99702861,25.2089,24.5347,449,39950,0.776558,0.57,2,1472000,1471551,449
99705781,23.2836,23.6139,448,40003,0.772623,0.57,2,1472022,1471574,448
99708701,10.5134,10.6456,448,40056,0.771049,0.59,2,1472024,1471576,448
99711621,22.2054,21.0582,450,40109,0.79442,0.59,2,1472054,1471604,450
99714541,29.2821,8.42329,484,40162,0.791768,0.65,2,1472088,1471604,484
99717461,29.7129,21.9693,483,40215,0.802707,0.67,2,1472118,1471635,483
99720381,56.8851,26.1877,529,40268,0.819083,0.71,2,1472193,1471664,529
99723301,80.3541,55.4751,550,40320,0.837633,0.71,2,1472289,1471739,550
99726221,50.7416,78.59,487,40372,0.833053,0.79,2,1472320,1471833,487
99729141,37.6966,48.836,487,40424,0.831221,0.77,2,1472349,1471862,487
99732061,30.6787,35.7344,486,40476,0.830489,0.77,2,1472375,1471889,486
99734981,30.2715,30.4938,489,40528,0.842195,0.79,2,1472405,1471916,489
99737901,31.3086,30.7975,490,40580,0.846878,0.79,2,1472437,1471947,490
99740821,25.7234,31.519,480,40632,0.848751,0.77,2,1472459,1471979,480
99743741,23.4894,25.2076,481,40684,0.8495,0.77,2,1472481,1472000,481
99746661,10.5957,23.283,461,40736,0.8498,0.77,2,1472483,1472022,461
99749581,23.4383,10.5132,491,40788,0.87392,0.81,2,1472515,1472024,491
99996321,93.4111,97.2676,489,22529,0.7948,1,2,1476578,1476089,489
100010921,42.3805,60.4296,503,22996,0.0836811,1,1,1476876,1476373,503
100013841,47.5522,46.9718,516,23088,0.0514725,0.97,1,1476927,1476411,516
100016761,83.2209,42.7887,583,23180,0.050589,0.67,1,1477034,1476451,583
100019681,60.8884,93.3155,502,23271,0.0622356,0.59,1,1477080,1476578,502
100022601,74.1553,67.3262,535,23362,0.0908942,0.45,1,1477163,1476628,535
100034281,45.5064,42.3795,472,23723,0.0641989,0.03,1,1477348,1476876,472
100037201,82.4026,47.5518,528,23812,0.0556796,0.05,1,1477455,1476927,528
100040121,61.761,83.2207,469,23901,0.0762718,0.07,1,1477503,1477034,469
100045961,61.3618,74.1553,427,24078,0.0734035,0.13,1,1477590,1477163,427
100048881,65.3447,68.6621,430,24166,0.0953614,0.13,1,1477658,1477228,430
100063481,62.9126,61.761,426,24601,0.0767301,0.13,1,1477929,1477503,426
100066401,26.3651,25.9044,426,24687,0.084692,0.05,1,1477931,1477505,426
100069321,60.346,61.3618,424,24773,0.0998768,0.11,1,1478014,1477590,424
100086841,62.2438,62.9126,424,25282,0.204342,0.09,1,1478353,1477929,424
100092681,62.639,60.346,428,25450,0.211495,0.11,1,1478442,1478014,428
100095601,67.0556,24.1384,498,25533,0.246598,0.15,1,1478512,1478014,498
100098521,53.8222,52.8554,471,25616,0.284639,0.17,1,1478557,1478086,471
100101441,37.7289,47.5421,454,25699,0.299856,0.15,1,1478584,1478130,454
100118961,68.9942,62.6153,504,26189,0.411334,0.27,1,1478946,1478442,504
100121881,55.7977,67.0461,481,26270,0.434534,0.31,1,1478993,1478512,481
100156921,78.2746,79.9631,448,27221,0.768139,0.55,2,1479615,1479167,448
100159841,63.7098,63.7852,449,27299,0.781256,0.55,2,1479669,1479220,449
100162761,26.6839,26.7141,449,27377,0.810502,0.55,2,1479671,1479222,449
100165681,67.6736,67.0856,450,27454,0.822201,0.59,2,1479766,1479316,450
100168601,70.8694,70.0343,451,27531,0.82688,0.63,2,1479839,1479388,451
100171521,58.9478,57.4137,453,27608,0.840752,0.63,2,1479890,1479437,453
100174441,24.7791,24.1655,453,27685,0.846301,0.65,2,1479892,1479439,453
100177361,27.9116,26.4662,455,27761,0.87252,0.75,2,1479922,1479467,455
100291241,28.6342,29.01,497,30592,0.886173,1,2,1481900,1481403,497
100294161,60.0537,72.204,477,30661,0.804469,1,2,1481981,1481504,477
100297081,60.0215,55.8816,492,30730,0.759788,1,2,1482041,1481549,492
100326281,58.5467,53.1815,519,31413,0.781586,0.73,2,1482500,1481981,519
100329201,42.6187,57.2726,491,31480,0.810635,0.69,2,1482532,1482041,491
100332121,57.2475,43.309,524,31547,0.810254,0.69,2,1482599,1482075,524
100335041,61.299,58.1236,520,31614,0.822102,0.67,2,1482663,1482143,520
100337961,43.7196,61.6494,488,31681,0.826841,0.71,2,1482695,1482207,488
100340881,40.8878,45.0598,493,31748,0.816736,0.65,2,1482734,1482241,493
100343801,37.9551,41.4239,490,31815,0.824695,0.71,2,1482770,1482280,490
100346721,31.9821,36.9696,484,31881,0.863878,0.71,2,1482798,1482314,484
100486881,39.4173,48.2034,511,34923,0.8668,1,2,1484947,1484436,511
100489801,39.1669,42.6814,511,34984,0.86872,1,2,1484986,1484475,511
100492721,36.0668,35.0725,515,35044,0.869488,1,2,1485020,1484505,515
100495641,34.8267,44.029,499,35104,0.857795,1,2,1485054,1484555,499
100498561,51.7307,36.2116,531,35164,0.781118,1,2,1485117,1484586,531
100501481,41.6923,42.6846,519,35224,0.750447,1,2,1485152,1484633,519
100545281,45.0609,44.0203,457,36115,0.773021,0.69,2,1485718,1485261,457
100548201,70.2244,71.6081,454,36174,0.783209,0.67,2,1485805,1485351,454
100551121,47.8897,47.8432,455,36232,0.799283,0.69,2,1485838,1485383,455
100554041,38.9559,38.9373,455,36290,0.781713,0.65,2,1485871,1485416,455
100556961,36.5824,37.1749,454,36348,0.798685,0.65,2,1485906,1485452,454
100559881,15.8329,16.07,454,36406,0.805474,0.69,2,1485908,1485454,454
100562801,27.9332,27.428,455,36464,0.82019,0.69,2,1485944,1485489,455
100565721,30.9733,29.5712,457,36522,0.862076,0.73,2,1485977,1485520,457
100847501,324.186,365.771,468,18980,0.4204,0.61,1,1489648,1489180,468
100853341,115.71,127.883,460,19203,0.092464,0.03,1,1489809,1489349,460
100856261,97.2839,94.9534,472,19314,0.0669856,0.03,1,1489894,1489422,472
100859181,78.5136,84.1813,461,19424,0.0327942,0.03,1,1489960,1489499,461
100862101,68.0054,76.2725,451,19533,0.0131177,0,1,1490021,1489570,451
100865021,45.2022,48.509,451,19642,0.0472471,0.07,1,1490051,1489600,451
100867941,84.0809,48.2036,513,19750,0.0368988,0.03,1,1490161,1489648,513
100870861,75.0323,73.8814,491,19857,0.0447595,0.03,1,1490230,1489739,491
100873781,82.8129,71.5526,509,19964,0.0359038,0.05,1,1490318,1489809,509
100876701,72.1252,79.621,489,20070,0.0143615,0.01,1,1490383,1489894,489
100879621,64.8501,71.4484,483,20176,0.00574461,0,1,1490443,1489960,483
100882541,43.94,65.1794,452,20281,0.0202978,0.07,1,1490473,1490021,452
100885461,83.576,44.0717,532,20386,0.0381191,0.03,1,1490583,1490051,532
100888381,76.6304,83.6287,494,20490,0.0332477,0.05,1,1490655,1490161,494
100891301,82.8522,74.8515,512,20594,0.0312991,0.03,1,1490742,1490230,512
100894221,71.5409,82.7406,488,20697,0.0305196,0,1,1490806,1490318,488
100897141,64.0163,72.0962,482,20799,0.0302079,0,1,1490865,1490383,482
100900061,43.6065,64.8385,452,20901,0.0300831,0.03,1,1490895,1490443,452
100902981,84.0426,43.9354,533,21002,0.0660333,0.05,1,1491006,1490473,533
100905901,34.817,83.5742,425,21103,0.0804133,0.03,1,1491008,1490583,425
100911741,74.2107,82.8519,423,21304,0.0860661,0.03,1,1491165,1490742,423
100914661,68.0843,71.5407,423,21404,0.0764265,0.03,1,1491229,1490806,423
100917581,62.0337,64.0163,422,21503,0.0485706,0.03,1,1491287,1490865,422
100920501,43.4135,43.6065,423,21602,0.0194282,0.09,1,1491318,1490895,423
100923421,85.7654,84.0426,426,21700,0.0857713,0.09,1,1491432,1491006,426
100926341,35.5062,34.817,426,21798,0.0883085,0.13,1,1491434,1491008,426
100932181,72.161,74.2107,423,21992,0.0633294,0.07,1,1491588,1491165,423
100935101,67.2644,68.0843,423,22088,0.0433317,0.03,1,1491652,1491229,423
100938021,61.1058,62.0337,422,22184,0.0593327,0,1,1491709,1491287,422
100940941,43.0423,43.4135,422,22280,0.0537331,0.13,1,1491740,1491318,422
100943861,88.0169,85.7654,426,22375,0.0634932,0.09,1,1491858,1491432,426
100946781,36.4068,35.5062,426,22470,0.0673973,0.13,1,1491860,1491434,426
100949701,57.7627,57.4025,426,22564,0.0689589,0.13,1,1491932,1491506,426
100952621,69.9051,22.961,504,22658,0.0935836,0.03,1,1492010,1491506,504
100955541,66.362,58.3844,486,22752,0.0794334,0.03,1,1492074,1491588,486
100967221,36.5277,87.6642,424,23122,0.205122,0.07,1,1492282,1491858,424
100978901,64.7367,66.353,488,23487,0.216499,0.17,1,1492562,1492074,488
100981821,43.8947,60.7412,461,23577,0.2486,0.21,1,1492592,1492131,461
100984741,88.9579,42.2965,550,23667,0.27344,0.21,1,1492711,1492161,550
100987661,36.7831,88.3186,433,23757,0.283376,0.21,1,1492713,1492280,433
101011021,36.5515,36.7831,436,24462,0.404906,0.35,1,1493149,1492713,436
101046061,51.2939,49.8717,448,25482,0.761353,0.57,2,1493818,1493370,448
101048981,60.7175,19.9487,515,25565,0.790541,0.57,2,1493885,1493370,515
101051901,43.487,47.5795,481,25648,0.802216,0.59,2,1493917,1493436,481
101054821,92.3948,38.8318,573,25731,0.878887,0.69,2,1494042,1493469,573
101165781,73.1197,55.2166,556,28693,0.898,1,2,1496111,1495555,556
101168701,46.0479,65.2866,512,28767,0.8572,1,2,1496139,1495627,512
101171621,43.0192,42.3147,526,28841,0.75688,1,2,1496180,1495654,526
101180381,36.3532,42.2121,511,29060,0.425,1,1,1496323,1495812,511
101183301,66.1413,35.4849,566,29133,0.248,1,1,1496409,1495843,566
101194981,42.0372,73.1196,488,29422,0.0858848,0.83,1,1496599,1496111,488
101197901,36.6149,46.0478,493,29494,0.0883539,0.69,1,1496632,1496139,493
101203741,38.1384,68.2077,464,29638,0.0945366,0.43,1,1496729,1496265,464
101221261,63.0954,67.593,424,30064,0.220579,0.07,1,1496998,1496574,424
101224181,41.4381,42.0372,426,30134,0.250231,0.09,1,1497025,1496599,426
101227101,35.1753,36.6149,424,30204,0.274093,0.11,1,1497056,1496632,424
101230021,58.4701,57.846,426,30274,0.259637,0.09,1,1497130,1496704,426
101232941,38.388,38.1384,426,30344,0.289855,0.19,1,1497155,1496729,426
101314701,37.1176,45.4636,482,32239,0.781492,0.61,2,1498387,1497905,482
101317621,59.8471,36.1854,527,32305,0.798597,0.63,2,1498462,1497935,527
101320541,41.3388,59.4742,481,32370,0.817439,0.65,2,1498491,1498010,481
101323461,35.7355,40.5897,485,32435,0.824975,0.65,2,1498523,1498038,485
101326381,64.0942,35.4359,536,32500,0.86399,0.67,2,1498606,1498070,536
101329301,26.8377,63.3743,456,32565,0.879596,0.67,2,1498608,1498152,456
101332221,29.9351,26.5497,486,32630,0.897838,0.65,2,1498640,1498154,486
101335141,43.774,29.2199,508,32695,0.893135,0.67,2,1498693,1498185,508
101443181,31.8276,23.8005,524,35008,0.879952,1,2,1500289,1499765,524
101446101,40.931,22.7202,549,35068,0.765981,1,2,1500336,1499787,549
101504501,44.3854,45.1044,447,36254,0.757147,0.53,2,1501145,1500698,447
101507421,28.5542,29.4418,446,36312,0.764859,0.57,2,1501163,1500717,446
101510341,32.4217,30.3767,450,36370,0.755943,0.53,2,1501198,1500748,450
101513261,14.1687,13.3507,450,36428,0.752377,0.57,2,1501200,1500750,450
101516181,32.0675,31.7403,450,36486,0.798951,0.59,2,1501244,1500794,450
101519101,36.227,35.4961,451,36544,0.79358,0.55,2,1501283,1500832,451
101522021,33.6908,34.5984,449,36602,0.815432,0.63,2,1501315,1500866,449
101524941,56.0763,54.6394,452,36660,0.860173,0.67,2,1501386,1500934,452
101720581,53.3553,33.4353,548,40338,0.895252,1,2,1503952,1503404,548
101723501,51.3421,56.5741,526,40390,0.892101,1,2,1504002,1503476,526
101726421,39.7368,53.2296,507,40442,0.84284,1,2,1504034,1503527,507
101729341,41.0947,41.6919,515,40494,0.775136,0.94,2,1504076,1503561,515
101732261,33.2379,40.0767,504,40546,0.772054,1,2,1504104,1503600,504
101793581,38.7544,44.6551,450,41626,0.758033,0.57,2,1504782,1504332,450
101796501,28.7018,31.062,450,41677,0.765213,0.61,2,1504804,1504354,450
101799421,51.0807,50.8248,452,41728,0.792085,0.63,2,1504870,1504418,452
101802341,49.8323,49.1299,453,41779,0.802834,0.67,2,1504919,1504466,453
101805261,36.7329,36.452,453,41830,0.855134,0.63,2,1504947,1504494,453
101808181,36.8932,36.7808,453,41880,0.864053,0.65,2,1504984,1504531,453
101811101,34.5573,32.1123,457,41930,0.855621,0.69,2,1505017,1504560,457
101814021,28.8229,28.4449,456,41980,0.876249,0.73,2,1505042,1504586,456
101816941,27.1292,25.778,458,42030,0.884499,0.73,2,1505068,1504610,458
101995061,31.5196,28.0479,516,44989,0.890493,1,2,1507113,1506597,516
101997981,35.4079,28.0192,526,45036,0.830197,1,2,1507151,1506625,526
102000901,27.9631,24.4077,527,45083,0.818079,1,2,1507174,1506647,527
102003821,14.7853,29.5631,500,45130,0.819232,1,2,1507180,1506680,500
102006741,26.3141,32.2252,500,45177,0.861693,1,2,1507214,1506714,500
102009661,30.3256,43.4901,482,45224,0.806677,1,2,1507247,1506765,482
102012581,37.9303,39.596,488,45271,0.784671,1,2,1507290,1506802,488
102027181,29.5282,32.5482,474,45503,0.769478,1,2,1507461,1506987,474
102030101,32.8113,34.6193,473,45549,0.769791,1,2,1507496,1507023,473
102033021,30.5245,34.2477,468,45595,0.805917,0.92,2,1507525,1507057,468
102035941,25.4098,26.2991,469,45641,0.796367,0.85,2,1507547,1507078,469
102038861,31.7639,31.5196,470,45687,0.828547,0.79,2,1507583,1507113,470
102041781,32.5056,35.4079,465,45733,0.829419,0.81,2,1507616,1507151,465
102044701,25.6022,27.9631,463,45779,0.817768,0.82,2,1507637,1507174,463
102047621,13.8409,14.7853,463,45825,0.813107,0.89,2,1507643,1507180,463
102050541,25.3364,26.3141,462,45871,0.835243,0.77,2,1507676,1507214,462
102053461,27.5345,30.3256,458,45917,0.856097,0.77,2,1507705,1507247,458
102056381,36.8138,12.1303,501,45963,0.840439,0.77,2,1507748,1507247,501
102059301,40.5255,30.6521,501,46009,0.870176,0.67,2,1507791,1507290,501
102062221,38.4102,41.6608,489,46055,0.88207,0.63,2,1507828,1507339,489
102065141,36.9641,39.4643,487,46101,0.886828,0.71,2,1507864,1507377,487
102307501,239.906,270.836,446,21900,0.2596,0.51,1,1510523,1510077,446
102327941,75.0631,70.9796,459,23278,0.228297,0.13,1,1510924,1510465,459
102330861,73.2253,63.1918,473,23369,0.277319,0.13,1,1510996,1510523,473
102333781,70.0901,53.4767,494,23460,0.296928,0.11,1,1511064,1510570,494
102351301,32.3906,74.7736,436,23997,0.417628,0.31,1,1511360,1510924,436
102395101,82.6787,80.4839,455,25289,0.78417,0.67,2,1512256,1511801,455
102398021,34.2715,33.3935,455,25373,0.823668,0.73,2,1512258,1511803,455
102400941,58.7086,57.7574,456,25457,0.815467,0.73,2,1512333,1511877,456
102403861,67.2834,23.103,529,25540,0.824187,0.71,2,1512406,1511877,529
102406781,63.5134,53.0412,517,25623,0.875675,0.71,2,1512467,1511950,517
102409701,43.4053,57.2165,487,25706,0.89627,0.73,2,1512497,1512010,487
102538181,40.987,54.0432,504,29109,0.431961,1,1,1514920,1514416,504
102544021,44.5979,38.0469,519,29255,0.211914,1,1,1515005,1514486,519
102549861,46.2557,71.0075,500,29399,0.0591062,0.96,1,1515123,1514623,500
102552781,41.3023,47.603,506,29471,0.0416425,0.85,1,1515161,1514655,506
102555701,73.5209,44.2412,559,29543,0.058657,0.63,1,1515256,1514697,559
102558621,45.6084,81.2965,480,29615,0.0294628,0.57,1,1515283,1514803,480
102561541,45.8433,52.9186,492,29686,0.0657851,0.45,1,1515329,1514837,492
102564461,36.9373,49.9674,475,29757,0.068314,0.37,1,1515360,1514885,475
102567381,32.1749,40.987,469,29828,0.0453256,0.27,1,1515389,1514920,469
102570301,14.07,37.9948,435,29899,0.0361302,0.13,1,1515391,1514956,435
102584901,73.3143,73.5209,424,30251,0.0910804,0.01,1,1515680,1515256,424
102614101,72.7465,73.3143,425,30944,0.212083,0.11,1,1516105,1515680,425
102617021,45.8986,46.1257,425,31012,0.234833,0.11,1,1516133,1515708,425
102619941,46.5594,46.6503,425,31080,0.267933,0.13,1,1516180,1515755,425
102622861,39.0238,37.2601,428,31148,0.269173,0.15,1,1516214,1515786,428
102625781,33.6095,32.304,429,31216,0.293669,0.15,1,1516244,1515815,429
102628701,14.6438,14.1216,429,31284,0.279468,0.15,1,1516246,1515817,429
102631621,29.8575,5.64865,469,31352,0.297787,0.17,1,1516286,1515817,469
102652061,39.7576,46.5456,468,31821,0.416462,0.27,1,1516648,1516180,468
102654981,33.9031,39.0182,464,31887,0.448585,0.31,1,1516678,1516214,464
102704621,71.7939,74.4196,446,32996,0.772238,0.49,2,1517422,1516976,446
102707541,46.7176,47.7679,446,33060,0.818895,0.53,2,1517452,1517006,446
102710461,48.687,47.9071,448,33124,0.837558,0.55,2,1517502,1517054,448
102713381,42.2748,41.3629,449,33188,0.869023,0.59,2,1517540,1517091,449
102716301,36.7099,35.1451,451,33252,0.869609,0.59,2,1517573,1517122,451
102719221,15.884,15.2581,451,33316,0.893844,0.61,2,1517575,1517124,451
102722141,32.7536,31.9032,452,33379,0.891537,0.63,2,1517619,1517167,452
102900261,36.6984,38.0482,497,37044,0.862,1,2,1520202,1519705,497
102903181,35.0794,33.2193,501,37101,0.7828,1,2,1520236,1519735,501
102917781,39.941,42.4131,507,37386,0.0892607,1,1,1520442,1519935,507
102920701,34.5764,37.3653,504,37443,0.0357043,1,1,1520473,1519969,504
102923621,33.6306,31.1461,510,37499,0.0202817,1,1,1520506,1519996,510
102926541,35.6522,34.6584,510,37555,0.0261127,1,1,1520543,1520033,510
102929461,49.6609,34.8634,534,37611,0.0284451,1,1,1520602,1520068,534
102932381,46.2644,52.3454,514,37667,0.029378,1,1,1520646,1520132,514
102935301,31.7057,43.7381,498,37723,0.0117512,0.77,1,1520668,1520170,498
102938221,28.8823,36.6953,493,37779,0.0347005,0.73,1,1520695,1520202,493
102941141,26.5529,35.0781,484,37835,0.0438802,0.63,1,1520720,1520236,484
102944061,30.4212,35.6312,481,37891,0.0355521,0.47,1,1520753,1520272,481
102946981,34.3685,39.4525,476,37947,0.0442208,0.17,1,1520790,1520314,476
102949901,38.3474,43.381,471,38003,0.0356883,0.03,1,1520831,1520360,471
102952821,37.539,44.3524,463,38059,0.0202753,0.05,1,1520868,1520405,463
102955741,31.8156,39.941,454,38115,0.0261101,0,1,1520896,1520442,454
102958661,31.3262,34.5764,454,38170,0.0284441,0.01,1,1520927,1520473,454
102961581,35.3305,33.6306,459,38225,0.0533776,0.03,1,1520965,1520506,459
102964501,49.5322,35.6522,481,38280,0.051351,0.03,1,1521024,1520543,481
102967421,46.2129,49.6609,466,38335,0.0625404,0.03,1,1521068,1520602,466
102970341,31.6852,46.2644,444,38390,0.0670162,0,1,1521090,1520646,444
102973261,28.8741,31.7057,449,38445,0.0808065,0.05,1,1521117,1520668,449
102976181,26.5496,28.8823,447,38500,0.0743226,0.05,1,1521142,1520695,447
102979101,31.0199,26.5529,456,38555,0.047729,0.03,1,1521176,1520720,456
102982021,33.4079,30.4212,458,38610,0.0610916,0.05,1,1521211,1520753,458
102984941,14.5632,34.3685,423,38665,0.0664366,0.03,1,1521213,1520790,423
102987861,31.6253,38.3474,425,38720,0.0445747,0.01,1,1521256,1520831,425
102990781,33.6501,37.539,423,38775,0.0178299,0.03,1,1521291,1520868,423
102993701,30.26,31.8156,423,38829,0.0251319,0.03,1,1521319,1520896,423
102996621,30.104,31.3262,422,38883,0.0280528,0.07,1,1521349,1520927,422
102999541,34.8416,35.3305,422,38937,0.0292211,0.05,1,1521387,1520965,422
103002461,51.7366,49.5322,426,38991,0.0776884,0.07,1,1521450,1521024,426
103028741,33.8996,33.6501,425,39477,0.0822001,0.03,1,1521716,1521291,425
103031661,28.5599,30.26,422,39530,0.05088,0.03,1,1521741,1521319,422
103034581,29.4239,30.104,422,39583,0.038352,0.03,1,1521771,1521349,422
103037501,34.5696,34.8416,422,39636,0.0333408,0.11,1,1521809,1521387,422
103040421,53.4278,51.7366,425,39689,0.0433363,0.13,1,1521875,1521450,425
103043341,46.5711,45.2947,426,39742,0.0233345,0.11,1,1521917,1521491,426
103046261,34.2285,33.1179,427,39795,0.0513338,0.15,1,1521943,1521516,427
103049181,28.6914,28.2471,427,39848,0.0625335,0.11,1,1521968,1521541,427
103052101,25.8766,25.6989,427,39901,0.0430134,0.15,1,1521992,1521565,427
103055021,30.1506,30.0795,427,39954,0.0592054,0.13,1,1522025,1521598,427
103057941,34.8602,35.4318,426,40007,0.0896821,0.13,1,1522063,1521637,426
103063781,31.2576,6.14909,468,40113,0.0947491,0.13,1,1522107,1521639,468
103072541,28.8805,27.9695,451,40271,0.0970239,0.03,1,1522192,1521741,451
103075461,34.3522,29.1878,459,40323,0.0688096,0.03,1,1522230,1521771,459
103078381,53.3409,34.4751,487,40375,0.0695238,0.05,1,1522296,1521809,487
103081301,47.1364,53.3901,464,40427,0.0578095,0.01,1,1522339,1521875,464
103084221,34.4545,46.556,448,40479,0.0531238,0.07,1,1522365,1521917,448
103087141,28.7818,34.2224,447,40531,0.0392495,0.07,1,1522390,1521943,447
103090061,26.5127,28.689,447,40583,0.0216998,0.03,1,1522415,1521968,447
103092981,31.0051,25.8756,457,40635,0.0266799,0.07,1,1522449,1521992,457
103095901,35.802,30.1502,463,40687,0.076672,0.11,1,1522488,1522025,463
103098821,15.5208,34.8601,427,40739,0.0966688,0.11,1,1522490,1522063,427
103104661,31.1633,31.2576,456,40843,0.095867,0.11,1,1522563,1522107,456
103107581,26.8653,30.503,450,40895,0.0563468,0.11,1,1522587,1522137,450
103110501,28.1461,27.2012,454,40947,0.0765387,0.09,1,1522616,1522162,454
103113421,32.2585,28.8805,459,40999,0.0726155,0.05,1,1522651,1522192,459
103116341,54.3034,34.3522,490,41050,0.0710462,0.07,1,1522720,1522230,490
103119261,46.9214,53.3409,466,41101,0.0704185,0.05,1,1522762,1522296,466
103122181,34.3685,47.1364,449,41152,0.0821674,0.05,1,1522788,1522339,449
103125101,28.1474,34.4545,447,41203,0.086867,0.03,1,1522812,1522365,447
103154301,30.5751,32.2585,425,41713,0.226533,0.07,1,1523076,1522651,425
103157221,53.63,54.3034,425,41764,0.288613,0.07,1,1523145,1522720,425
103183501,30.819,30.7143,430,42215,0.412842,0.17,1,1523418,1522988,430
103189341,18.611,18.5943,430,42315,0.417655,0.19,1,1523442,1523012,430
103192261,26.0444,25.4377,431,42365,0.425062,0.25,1,1523473,1523042,431
103253581,34.1521,26.1843,486,43400,0.761253,0.55,2,1524186,1523700,486
103256501,40.0609,33.2737,492,43449,0.766501,0.55,2,1524230,1523738,492
103259421,17.2243,40.9095,448,43498,0.768601,0.55,2,1524232,1523784,448
103265261,32.3959,32.8255,480,43595,0.772176,0.63,2,1524309,1523829,480
103268181,14.1584,31.1302,452,43643,0.78287,0.63,2,1524311,1523859,452
103271101,18.8633,13.6521,472,43691,0.787148,0.59,2,1524333,1523861,472
103274021,26.7453,18.6608,482,43739,0.800859,0.59,2,1524365,1523883,482
103276941,34.6981,26.6643,490,43787,0.782344,0.65,2,1524405,1523915,490
103279861,60.6793,34.0657,529,43835,0.762937,0.71,2,1524483,1523954,529
103282781,51.2717,56.8263,502,43883,0.827175,0.75,2,1524528,1524026,502
103285701,36.1087,49.1305,484,43931,0.85287,0.75,2,1524554,1524070,484
103288621,30.0435,35.2522,484,43979,0.863148,0.75,2,1524580,1524096,484
103291541,28.2174,29.7009,485,44027,0.855259,0.75,2,1524607,1524122,485
103294461,34.087,26.8804,498,44075,0.852104,0.77,2,1524645,1524147,498
103297381,40.0348,34.1521,503,44123,0.874841,0.77,2,1524689,1524186,503
103300301,17.2139,40.0609,461,44171,0.883937,0.77,2,1524691,1524230,461
103303221,33.8856,17.2243,504,44219,0.899575,0.73,2,1524736,1524232,504
103306141,33.3542,34.4897,491,44267,0.89383,0.79,2,1524769,1524278,491
103309061,14.5417,32.3959,462,44315,0.891532,0.79,2,1524771,1524309,462
103311981,19.0167,14.1584,482,44363,0.890613,0.79,2,1524793,1524311,482
103478421,32.7422,31.1578,514,46994,0.872257,1,2,1526642,1526128,514
103481341,29.8969,29.2631,514,47039,0.870903,1,2,1526670,1526156,514
103484261,32.3587,30.3053,517,47084,0.858361,1,2,1526704,1526187,517
103487181,26.1435,26.5221,515,47129,0.829344,1,2,1526726,1526211,515
103490101,21.8574,28.0088,505,47174,0.805738,1,2,1526745,1526240,505
103493021,20.143,23.8035,503,47219,0.808295,1,2,1526764,1526261,503
103495941,27.2572,25.7214,508,47264,0.773318,1,2,1526796,1526288,508
103498861,39.7029,30.6886,522,47309,0.831327,1,2,1526844,1526322,522
103501781,42.8812,39.8754,521,47354,0.830531,1,2,1526889,1526368,521
103504701,27.9525,45.9502,489,47399,0.830212,1,2,1526907,1526418,489
103507621,27.981,39.3801,482,47443,0.782085,0.91,2,1526935,1526453,482
103510541,26.1924,37.352,471,47487,0.774834,0.96,2,1526960,1526489,471
103513461,22.477,28.7408,468,47531,0.795934,0.91,2,1526980,1526512,468
103516381,27.5908,30.0963,468,47575,0.792373,0.93,2,1527011,1526543,468
103519301,33.8363,33.6385,470,47619,0.814949,0.89,2,1527049,1526579,470
103522221,29.1345,30.8554,467,47663,0.83598,0.85,2,1527075,1526608,467
103525141,32.0538,32.7422,467,47707,0.844392,0.87,2,1527109,1526642,467
103528061,27.2215,29.8969,463,47751,0.835757,0.85,2,1527133,1526670,463
103530981,31.8886,32.3587,464,47795,0.844303,0.81,2,1527168,1526704,464
103533901,24.1554,26.1435,461,47839,0.835721,0.79,2,1527187,1526726,461
103536821,20.4622,21.8574,460,47883,0.832288,0.81,2,1527205,1526745,460
103539741,19.5849,20.143,460,47927,0.818915,0.75,2,1527224,1526764,460
103542661,28.2339,27.2572,462,47971,0.837566,0.87,2,1527258,1526796,462
103545581,40.6936,39.7029,463,48015,0.881026,0.83,2,1527307,1526844,463
103548501,42.6774,42.8812,462,48059,0.898411,0.83,2,1527351,1526889,462
103766041,333.465,355.119,485,23360,0.429926,0.89,1,1529945,1529460,485
103770421,195.186,212.247,471,23360,0.273971,0.87,1,1530048,1529577,471
103817141,77.1888,73.7423,490,23631,0.0681176,0.05,1,1530299,1529809,490
103820061,50.6755,80.4969,438,23721,0.0272471,0.07,1,1530332,1529894,438
103822981,34.0702,47.1988,436,23810,0.0528988,0.05,1,1530355,1529919,436
103825901,20.2281,28.4795,431,23899,0.0511595,0.11,1,1530366,1529935,431
103828821,53.0912,38.9918,460,23988,0.0384638,0.17,1,1530441,1529981,460
103831741,66.8365,55.7967,469,24076,0.0453855,0.13,1,1530517,1530048,469
103834661,62.7346,84.7187,425,24164,0.0841542,0.11,1,1530577,1530152,425
103840501,72.3175,78.355,422,24339,0.0986647,0,1,1530721,1530299,422
103843421,49.927,51.142,424,24426,0.0574659,0.07,1,1530756,1530332,424
103846341,33.1708,34.2568,423,24513,0.0529863,0.05,1,1530778,1530355,423
103849261,19.8683,20.3027,423,24599,0.0391945,0.03,1,1530789,1530366,423
103852181,54.1473,53.1211,425,24685,0.0336778,0.05,1,1530866,1530441,425
103855101,68.4589,66.8484,427,24771,0.0434711,0.11,1,1530944,1530517,427
103858021,63.9836,62.7394,428,24857,0.0713885,0.13,1,1531005,1530577,428
103866781,48.1349,49.9273,422,25112,0.241929,0.05,1,1531178,1530756,422
103869701,32.454,33.1709,422,25196,0.234772,0.03,1,1531200,1530778,422
103872621,20.7816,19.8684,424,25280,0.243909,0.03,1,1531213,1530789,424
103878461,69.3251,68.4589,424,25448,0.0978254,0.05,1,1531368,1530944,424
103881381,65.53,27.3836,487,25531,0.0931301,0.09,1,1531431,1530944,487
103887221,73.6048,58.0214,507,25697,0.215301,0.23,1,1531577,1531070,507
103890141,49.2419,68.2085,465,25779,0.29612,0.27,1,1531610,1531145,465
103942701,31.3087,34.3697,438,27219,0.427114,0.33,1,1532508,1532070,438
103974821,49.034,46.7694,447,28064,0.789584,0.55,2,1533033,1532586,447
103977741,68.8136,67.9078,447,28139,0.801834,0.59,2,1533115,1532668,447
103980661,68.9254,67.3631,449,28214,0.854733,0.65,2,1533184,1532735,449
103983581,72.5702,70.1452,452,28289,0.899893,0.65,2,1533259,1532807,452
103986501,30.2281,29.2581,452,28364,0.893957,0.65,2,1533261,1532809,452
104129581,62.1088,46.5485,552,31814,0.423456,0.94,1,1535736,1535184,552
104135421,36.2174,46.5678,506,31947,0.200953,1,1,1535793,1535287,506
104141261,27.5148,34.2108,500,32079,0.0885525,0.96,1,1535852,1535352,500
104144181,24.8059,25.0843,504,32145,0.077421,1,1,1535875,1535371,504
104147101,68.1224,30.4337,567,32211,0.0369684,1,1,1535972,1535405,567
104150021,47.0489,73.3735,498,32277,0.0327874,0.87,1,1536005,1535507,498
104152941,62.0196,50.9494,534,32343,0.0191149,0.61,1,1536077,1535543,534
104155861,42.2078,73.1798,475,32408,0.049646,0.45,1,1536106,1535631,475
104158781,55.8831,50.2719,505,32473,0.0618584,0.33,1,1536171,1535666,505
104161701,31.3533,62.1088,450,32538,0.0667434,0.23,1,1536186,1535736,450
104164621,30.5413,38.0435,458,32603,0.0326973,0.13,1,1536216,1535758,458
104167541,34.4165,36.2174,460,32668,0.0670789,0.11,1,1536253,1535793,460
104170461,27.5666,37.287,445,32733,0.0928316,0.05,1,1536276,1535831,445
104173381,12.2266,27.5148,426,32798,0.0791326,0.07,1,1536278,1535852,426
104176301,16.2907,24.8059,422,32862,0.0616531,0.01,1,1536297,1535875,422
104179221,64.7163,68.1224,422,32926,0.0546612,0.03,1,1536394,1535972,422
104182141,46.2865,47.0489,423,32990,0.0638645,0.01,1,1536428,1536005,423
104187981,43.6458,42.2078,425,33118,0.0834183,0.07,1,1536531,1536106,425
104190901,57.0583,55.8831,426,33182,0.0873673,0.07,1,1536597,1536171,426
104193821,31.2233,31.3533,425,33246,0.0889469,0.01,1,1536611,1536186,425
104196741,31.6893,30.5413,427,33310,0.0775788,0.09,1,1536643,1536216,427
104199661,34.2757,34.4165,426,33373,0.0970315,0.11,1,1536679,1536253,426
104205501,11.9641,12.2266,425,33499,0.083925,0.05,1,1536703,1536278,425
104208421,16.1856,16.2907,425,33562,0.08757,0.05,1,1536722,1536297,425
104211341,62.8743,64.7163,422,33625,0.077028,0.07,1,1536816,1536394,422
104214261,46.1497,46.2865,423,33688,0.0488112,0.13,1,1536851,1536428,423
104217181,61.6599,61.1146,424,33751,0.0975245,0.07,1,1536923,1536499,424
104225941,31.1142,31.2233,424,33939,0.209042,0.07,1,1537035,1536611,424
104228861,31.6457,31.6893,424,34001,0.221617,0.11,1,1537067,1536643,424
104231781,34.8583,34.2757,425,34063,0.238647,0.11,1,1537104,1536679,425
104234701,27.1433,26.9103,425,34125,0.221459,0.07,1,1537126,1536701,425
104237621,12.0573,11.9641,425,34187,0.238583,0.09,1,1537128,1536703,425
104240541,16.8229,16.1856,426,34249,0.245433,0.09,1,1537148,1536722,426
104243461,60.1292,6.47426,515,34311,0.260173,0.07,1,1537237,1536722,515
104249301,64.1007,44.5959,499,34435,0.222828,0.13,1,1537350,1536851,499
104252221,46.0403,61.0384,461,34496,0.251131,0.15,1,1537384,1536923,461
104255141,58.0161,44.2153,494,34557,0.286452,0.21,1,1537450,1536956,494
104272661,17.4725,12.0563,452,34923,0.412132,0.25,1,1537580,1537128,452
104275581,61.589,16.8225,523,34984,0.410853,0.27,1,1537671,1537148,523
104278501,43.8356,60.129,466,35044,0.434341,0.13,1,1537703,1537237,466
104313541,30.2062,43.8356,444,35761,0.436609,0.35,1,1538147,1537703,444
104357341,58.8718,57.6612,448,36638,0.782305,0.53,2,1538775,1538327,448
104360261,33.1487,32.6645,448,36696,0.810922,0.53,2,1538791,1538343,448
104363181,34.2595,33.4658,449,36754,0.810369,0.61,2,1538826,1538377,449
104366101,37.1038,36.1863,450,36811,0.846148,0.61,2,1538865,1538415,450
104369021,28.6415,28.2745,450,36868,0.848459,0.61,2,1538888,1538438,450
104371941,12.6566,12.5098,450,36925,0.873384,0.57,2,1538890,1538440,450
104374861,17.0626,17.0039,450,36982,0.883353,0.65,2,1538910,1538460,450
104377781,63.8251,62.6016,452,37039,0.875341,0.65,2,1539005,1538553,452
104380701,26.73,26.2406,452,37096,0.872137,0.69,2,1539007,1538555,452
104383621,32.892,31.4963,454,37153,0.858855,0.69,2,1539044,1538590,454
104386541,62.3568,12.5985,536,37210,0.889542,0.69,2,1539126,1538590,536
104570501,52.2213,40.0476,535,40632,0.892,1,2,1541509,1540974,535
104573421,42.4885,50.8191,513,40684,0.8668,1,2,1541545,1541032,513
104576341,51.7954,50.9276,520,40736,0.80872,1,2,1541603,1541083,520
104599701,29.5548,33.457,510,41149,0.439984,1,1,1541851,1541341,510
104614301,46.0332,42.4885,515,41404,0.408637,0.77,1,1542060,1541545,515
104617221,32.2133,51.7954,480,41455,0.421455,0.71,1,1542083,1541603,480
104620141,27.8853,38.7182,475,41506,0.414582,0.65,1,1542108,1541633,475
104625981,30.1417,37.9949,451,41608,0.437133,0.51,1,1542152,1541701,451
104628901,21.0567,30.798,440,41659,0.444853,0.53,1,1542167,1541727,440
104687301,36.3184,35.5742,448,42662,0.770968,0.55,2,1542810,1542362,448
104690221,46.9274,46.0297,449,42711,0.782387,0.57,2,1542864,1542415,449
104693141,40.9709,39.4119,451,42760,0.822955,0.55,2,1542901,1542450,451
104696061,47.5884,48.1647,449,42809,0.815182,0.59,2,1542953,1542504,449
104698981,31.6354,31.2659,450,42858,0.836073,0.61,2,1542974,1542524,450
104701901,29.4541,29.3064,450,42907,0.892429,0.57,2,1543002,1542552,450
104704821,12.9817,12.9225,450,42956,0.890972,0.61,2,1543004,1542554,450
104707741,30.9927,29.769,452,43005,0.878389,0.61,2,1543047,1542595,452
104710661,23.1971,11.9076,470,43054,0.873355,0.63,2,1543065,1542595,470
104713581,28.4788,15.563,484,43103,0.883342,0.67,2,1543097,1542613,484
104716501,29.3915,25.4252,482,43152,0.899337,0.67,2,1543127,1542645,482
104932581,170.683,171.364,497,21270,0.4276,0.95,1,1545622,1545125,497
104944261,87.0927,87.5373,493,21666,0.0723386,0.31,1,1545947,1545454,493
104947181,43.8371,75.2149,441,21764,0.0829354,0.39,1,1545962,1545521,441
104950101,34.9348,38.486,456,21861,0.0631742,0.29,1,1545991,1545535,456
104958861,75.0278,82.3351,425,22151,0.238043,0.05,1,1546204,1545779,425
104961781,79.2111,82.134,425,22247,0.221217,0.05,1,1546286,1545861,425
104964701,83.2845,84.4536,425,22342,0.250487,0.09,1,1546372,1545947,425
104967621,41.7138,42.7814,424,22437,0.262195,0.05,1,1546386,1545962,424
104970541,34.0855,34.5126,424,22532,0.278878,0.05,1,1546415,1545991,424
104973461,56.2342,13.805,495,22626,0.261551,0.15,1,1546486,1545991,495
104976381,57.8937,45.722,487,22720,0.27862,0.19,1,1546545,1546058,487
104985141,84.6572,78.6702,518,22999,0.410232,0.27,1,1546804,1546286,518
104988061,42.2629,83.0681,446,23091,0.434093,0.27,1,1546818,1546372,446
104990981,34.9051,41.6272,462,23183,0.443637,0.29,1,1546848,1546386,462
105034781,35.5106,35.3204,456,24518,0.766007,0.69,2,1547747,1547291,456
105037701,58.6042,58.5282,456,24604,0.780403,0.73,2,1547821,1547365,456
105040621,24.6417,24.6113,456,24690,0.786161,0.73,2,1547823,1547367,456
105043541,47.6567,47.6445,456,24776,0.776464,0.71,2,1547886,1547430,456
105046461,77.2627,77.2578,456,24862,0.832586,0.69,2,1547983,1547527,456
105145741,78.1366,85.1743,479,27611,0.88456,1,2,1549957,1549478,479
105148661,51.6546,52.0697,483,27688,0.797824,1,2,1549991,1549508,483
105160341,46.1064,51.085,477,27992,0.261336,1,1,1550189,1549712,477
105166181,34.497,36.8536,478,28143,0.0550138,0.93,1,1550257,1549779,478
105169101,67.7988,72.3414,472,28218,0.0400055,0.85,1,1550347,1549875,472
105172021,70.9195,78.1366,463,28293,0.0220022,0.74,1,1550420,1549957,463
105174941,45.7678,51.6546,458,28368,0.0388009,0.74,1,1550449,1549991,458
105177861,57.9071,20.6619,524,28443,0.0455204,0.53,1,1550515,1549991,524
105180781,42.3628,56.2647,476,28517,0.0362081,0.41,1,1550547,1550071,476
105183701,31.9451,44.7059,464,28591,0.0324833,0.33,1,1550572,1550108,464
105186621,39.1781,35.2824,479,28665,0.0789933,0.17,1,1550616,1550137,479
105189541,36.0712,45.3129,461,28739,0.0495973,0.03,1,1550650,1550189,461
105192461,31.2285,40.9252,451,28813,0.0378389,0.01,1,1550678,1550227,451
105195381,67.0914,34.3701,512,28886,0.0331356,0.03,1,1550769,1550257,512
105198301,70.6366,67.748,495,28959,0.0792542,0.01,1,1550842,1550347,495
105204141,57.8619,45.7597,488,29105,0.0786807,0.05,1,1550937,1550449,488
105207061,42.9447,57.9039,455,29178,0.0734723,0.03,1,1550970,1550515,455
105215821,37.1165,39.1778,460,29395,0.0855822,0.03,1,1551076,1550616,460
105218741,29.2466,36.0711,450,29467,0.0522329,0.03,1,1551100,1550650,450
105221661,65.6986,31.2285,512,29539,0.0388932,0.03,1,1551190,1550678,512
105224581,71.8795,67.0914,497,29611,0.0575573,0.11,1,1551266,1550769,497
105227501,50.3518,70.6366,460,29682,0.0410229,0.15,1,1551302,1550842,460
105230421,55.5407,45.6546,490,29753,0.0464092,0.05,1,1551361,1550871,490
105233341,43.8163,57.8618,460,29824,0.0725637,0.07,1,1551397,1550937,460
105236261,18.7265,42.9447,429,29895,0.0830255,0.13,1,1551399,1550970,429
105239181,20.6906,30.9779,428,29966,0.0872102,0.11,1,1551421,1550993,428
105242101,37.0762,41.7912,427,30037,0.0648841,0.07,1,1551469,1551042,427
105245021,34.0305,37.1165,425,30107,0.0559536,0.03,1,1551501,1551076,425
105247941,26.8122,29.2466,423,30177,0.0643815,0.03,1,1551523,1551100,423
105250861,64.7249,65.6986,423,30247,0.0317526,0.07,1,1551613,1551190,423
105253781,72.69,71.8795,425,30317,0.030701,0.03,1,1551691,1551266,425
105256701,50.676,50.3518,425,30387,0.0662804,0.05,1,1551727,1551302,425
105262541,43.6282,43.8163,424,30526,0.206205,0.09,1,1551821,1551397,424
105265461,18.6513,18.7265,424,30595,0.232482,0.09,1,1551823,1551399,424
105268381,20.6605,20.6906,424,30664,0.254993,0.05,1,1551845,1551421,424
105271301,37.0642,37.0762,424,30733,0.287997,0.05,1,1551893,1551469,424
105274221,34.0257,34.0305,424,30802,0.277199,0.07,1,1551925,1551501,424
105277141,25.6103,26.8122,422,30871,0.29688,0.01,1,1551945,1551523,422
105282981,72.4976,72.69,422,31008,0.0967007,0.09,1,1552113,1551691,422
105285901,53.5991,50.676,427,31076,0.0686803,0.19,1,1552154,1551727,427
105312181,68.6837,64.1295,499,31683,0.227458,0.03,1,1552534,1552035,499
105315101,53.8735,72.4518,465,31750,0.252983,0.05,1,1552578,1552113,465
105318021,59.9494,53.5807,488,31817,0.275193,0.19,1,1552642,1552154,488
105320941,47.9798,57.4323,468,31883,0.284077,0.17,1,1552682,1552214,468
105323861,20.3919,46.3729,431,31949,0.287631,0.17,1,1552684,1552253,431
105335541,25.8468,34.4319,449,32213,0.417907,0.17,1,1552808,1552359,449
105338461,58.9387,25.7728,510,32279,0.437163,0.21,1,1552889,1552379,510
105341381,69.1755,57.7091,507,32345,0.444865,0.25,1,1552965,1552458,507
105361821,17.4701,38.5427,442,32800,0.440939,0.43,1,1553198,1552756,442
105364741,26.7881,34.6171,443,32864,0.446376,0.43,1,1553231,1552788,443
105405621,70.7345,68.9144,447,33753,0.771848,0.51,2,1553856,1553409,447
105408541,56.4938,55.7658,447,33816,0.782739,0.57,2,1553903,1553456,447
105411461,64.5975,62.5063,450,33879,0.787096,0.59,2,1553973,1553523,450
105414381,50.439,49.6025,450,33941,0.812838,0.61,2,1554014,1553564,450
105417301,21.3756,21.041,450,34003,0.823135,0.63,2,1554016,1553566,450
105420221,22.9502,22.2164,451,34065,0.851254,0.63,2,1554040,1553589,451
105423141,39.7801,38.8866,452,34127,0.862502,0.65,2,1554091,1553639,452
105426061,17.112,16.7546,452,34189,0.867001,0.63,2,1554093,1553641,452
105428981,29.0448,27.1019,455,34251,0.8808,0.63,2,1554130,1553675,455
105431901,24.2179,10.8407,476,34313,0.87432,0.73,2,1554151,1553675,476
105577901,41.1132,61.3958,506,37269,0.873638,1,2,1556263,1555757,506
105580821,74.6453,49.1583,562,37326,0.775455,1,2,1556360,1555798,562
105598341,30.1644,29.7661,507,37664,0.429157,1,1,1556540,1556033,507
105601261,31.2658,28.7064,511,37720,0.405663,1,1,1556572,1556061,511
105604181,23.9063,32.4826,495,37776,0.408265,0.98,1,1556591,1556096,495
105610021,54.105,37.9572,538,37888,0.440922,0.93,1,1556700,1556162,538
105685941,38.4755,38.8472,448,39312,0.768217,0.53,2,1557619,1557171,448
105688861,16.5902,16.7389,448,39366,0.793287,0.59,2,1557621,1557173,448
105691781,62.4361,61.8956,449,39420,0.839315,0.59,2,1557714,1557265,449
105694701,46.5744,46.3582,449,39474,0.869726,0.59,2,1557750,1557301,449
105697621,33.6298,32.9433,450,39528,0.89389,0.61,2,1557775,1557325,450
105700541,34.4519,32.9773,452,39581,0.891556,0.65,2,1557810,1557358,452
105948741,314.296,363.177,465,18980,0.402371,0.79,1,1560821,1560356,465
105954581,113.887,110.068,488,19925,0.0967794,0.47,1,1560966,1560478,488
105960421,75.222,93.2109,463,20137,0.0958847,0.19,1,1561127,1560664,463
105969181,69.1342,47.3895,487,20451,0.208457,0.01,1,1561308,1560821,487
105977941,71.2646,94.4729,479,20761,0.215181,0.09,1,1561555,1561076,479
105980861,75.9058,68.3892,507,20863,0.272072,0.17,1,1561634,1561127,507
105983781,36.3623,75.3557,437,20965,0.294829,0.15,1,1561644,1561207,437
105992541,71.2792,75.4788,429,21267,0.426629,0.19,1,1561817,1561388,429
106030501,65.5018,65.8767,454,22529,0.755645,0.65,2,1562636,1562182,454
106033421,74.8007,26.3507,535,22623,0.776258,0.69,2,1562717,1562182,535
106036341,101.92,57.9403,576,22717,0.796503,0.69,2,1562837,1562261,576
106039261,76.1681,95.7761,514,22810,0.816601,0.73,2,1562896,1562382,514
106042181,82.0672,72.5104,543,22903,0.80064,0.71,2,1562982,1562439,543
106045101,38.8269,81.2042,466,22996,0.794256,0.71,2,1562992,1562526,466
106048021,16.7308,38.4817,458,23088,0.791703,0.75,2,1562994,1562536,458
106050941,67.2923,16.5927,557,23180,0.850681,0.77,2,1563095,1562538,557
106053861,74.9169,65.4371,539,23271,0.898272,0.79,2,1563175,1562636,539
106126861,78.9383,84.0618,481,25450,0.883965,1,2,1564732,1564251,481
106129781,70.5753,33.6247,546,25533,0.899586,1,2,1564797,1564251,546
106132701,67.2301,51.8499,547,25616,0.833834,1,2,1564862,1564315,547
106135621,50.2921,70.54,503,25699,0.783534,1,2,1564901,1564398,503
106138541,41.7168,43.216,514,25781,0.751414,0.93,2,1564937,1564423,514
106173581,75.5508,43.2778,551,26750,0.779542,0.59,2,1565650,1565099,551
106176501,65.0203,77.3111,509,26829,0.821817,0.53,2,1565708,1565199,509
106179421,63.2081,68.1245,509,26908,0.886727,0.59,2,1565770,1565261,509
106342941,54.7408,55.0298,483,31005,0.857488,1,2,1568615,1568132,483
106345861,68.6963,65.8119,488,31073,0.780995,1,2,1568693,1568205,488
106348781,44.2785,47.9248,480,31141,0.750398,1,2,1568721,1568241,480
106404261,68.6457,52.4802,528,32408,0.753639,0.57,2,1569604,1569076,528
106407181,42.4583,67.7921,475,32473,0.799456,0.61,2,1569629,1569154,475
106410101,42.1833,40.9168,494,32538,0.829782,0.55,2,1569671,1569177,494
106413021,31.2733,42.7667,474,32603,0.841913,0.57,2,1569695,1569221,474
106415941,25.1093,32.1067,470,32668,0.870765,0.55,2,1569716,1569246,470
106418861,26.2437,25.4427,476,32733,0.894306,0.63,2,1569743,1569267,476
106745901,59.819,55.5361,496,39310,0.7948,1,2,1574368,1573872,496
106754661,38.6764,33.5543,503,39472,0.427907,1,1,1574476,1573973,503
106760501,34.0282,35.0087,503,39579,0.268865,1,1,1574544,1574041,503
106766341,33.4045,30.4414,507,39685,0.0430184,1,1,1574611,1574104,507
106769261,33.7618,26.5766,517,39738,0.0472074,1,1,1574645,1574128,517
106772181,29.7047,33.4306,506,39791,0.0368829,1,1,1574672,1574166,506
106775101,27.4819,36.1722,494,39844,0.0147532,1,1,1574698,1574204,494
106778021,32.5928,46.8689,476,39897,0.0239013,0.97,1,1574734,1574258,476
106780941,32.2371,41.5476,470,39950,0.0635605,0.67,1,1574766,1574296,470
106783861,44.6948,59.819,451,40003,0.0914242,0.59,1,1574819,1574368,451
106786781,37.0779,46.7276,445,40056,0.0785697,0.41,1,1574851,1574406,445
106792621,30.0525,14.6764,472,40162,0.0857712,0.37,1,1574908,1574436,472
106795541,31.221,29.8706,464,40215,0.0763085,0.31,1,1574940,1574476,464
106798461,29.2884,33.5482,456,40268,0.0845234,0.21,1,1574968,1574512,456
106801381,30.3154,32.6193,455,40320,0.0638094,0,1,1574999,1574544,455
106804301,32.5261,33.4477,455,40372,0.0255237,0,1,1575033,1574578,455
106807221,32.8105,33.1791,455,40424,0.0282095,0.05,1,1575066,1574611,455
106810141,30.5242,33.6716,450,40476,0.0292838,0.03,1,1575095,1574645,450
106813061,26.6097,29.6687,447,40528,0.0297135,0,1,1575119,1574672,447
106815981,32.2439,27.4675,457,40580,0.0118854,0.03,1,1575155,1574698,457
106818901,33.8975,32.587,456,40632,0.0347542,0.09,1,1575190,1574734,456
106821821,44.159,32.2348,475,40684,0.0679017,0.11,1,1575241,1574766,475
106824741,38.0636,44.6939,456,40736,0.0811607,0.07,1,1575275,1574819,456
106827661,31.4254,37.0776,451,40788,0.0504643,0.13,1,1575302,1574851,451
106830581,30.5702,31.631,453,40840,0.0381857,0.07,1,1575332,1574879,453
106833501,32.0281,30.0524,457,40892,0.0812743,0.07,1,1575365,1574908,457
106836421,30.2112,31.221,454,40944,0.0865097,0.09,1,1575394,1574940,454
106842261,30.9938,30.3154,456,41047,0.0942416,0,1,1575455,1574999,456
106845181,31.5975,32.5261,454,41098,0.0376966,0.03,1,1575487,1575033,454
106848101,30.039,32.8105,450,41149,0.0450786,0.03,1,1575516,1575066,450
106851021,26.4156,30.5242,445,41200,0.0240315,0.03,1,1575540,1575095,445
106853941,35.1662,26.6097,462,41251,0.0276126,0,1,1575581,1575119,462
106856861,34.4665,32.2439,460,41302,0.065045,0.05,1,1575615,1575155,460
106859781,44.3866,33.8975,476,41353,0.092018,0.09,1,1575666,1575190,476
106874381,25.1544,32.0281,425,41608,0.229624,0.09,1,1575790,1575365,425
106877301,28.0617,30.2112,426,41659,0.22985,0.11,1,1575820,1575394,426
106880221,29.2247,29.4845,427,41710,0.22994,0.09,1,1575850,1575423,427
106883141,28.4899,30.9938,423,41761,0.241976,0,1,1575878,1575455,423
106886061,29.996,31.5975,422,41812,0.25879,0.05,1,1575909,1575487,422
106888981,29.3984,30.039,422,41862,0.205516,0.01,1,1575938,1575516,422
106903581,38.6684,38.1546,427,42112,0.201141,0.13,1,1576127,1575700,427
106906501,30.4674,29.6619,428,42162,0.230457,0.15,1,1576152,1575724,428
106909421,32.5869,30.4647,431,42212,0.266183,0.19,1,1576186,1575755,431
106956141,28.1744,26.6939,438,43005,0.402205,0.31,1,1576661,1576223,438
106959061,29.2698,10.6776,468,43054,0.406882,0.35,1,1576691,1576223,468
106961981,29.7079,22.271,468,43103,0.408753,0.35,1,1576721,1576253,468
106967821,29.8333,26.9634,469,43201,0.417,0.39,1,1576779,1576310,469
106970741,27.5333,28.7853,465,43250,0.4368,0.37,1,1576805,1576340,465
107043741,29.9657,29.9517,475,44456,0.770778,0.49,2,1577607,1577132,475
107046661,13.1863,29.9807,447,44503,0.782311,0.53,2,1577609,1577162,447
107049581,21.4745,27.5923,448,44550,0.822924,0.51,2,1577636,1577188,448
107052501,27.7898,30.8369,447,44597,0.81517,0.53,2,1577668,1577221,447
107055421,27.9159,28.5348,448,44644,0.824068,0.57,2,1577696,1577248,448
107058341,28.5664,27.6139,450,44691,0.815627,0.59,2,1577725,1577275,450
107061261,34.8265,33.8456,451,44738,0.860251,0.61,2,1577764,1577313,451
107064181,37.9306,36.9382,452,44785,0.8661,0.63,2,1577804,1577352,452
107286101,97.9142,85.9507,519,22093,0.891568,0.98,2,1580418,1579899,519
107289021,76.9657,81.7803,503,22189,0.878627,0.83,2,1580481,1579978,503
107291941,63.7863,83.1121,474,22285,0.813451,0.87,2,1580536,1580062,474
107294861,45.3145,49.4448,480,22380,0.78738,0.77,2,1580569,1580089,480
107297781,42.1258,43.7779,480,22475,0.776952,0.91,2,1580609,1580129,480
107300701,63.0503,47.5112,507,22569,0.772781,0.91,2,1580686,1580179,507
107303621,93.0201,81.4045,516,22663,0.771112,0.93,2,1580799,1580283,516
107306541,84.6081,63.1618,544,22757,0.770445,0.87,2,1580878,1580334,544
107309461,73.4432,75.6647,526,22850,0.758178,0.87,2,1580944,1580418,526
107312381,59.9773,68.0659,514,22943,0.777271,0.77,2,1580995,1580481,514
107315301,44.3909,60.2264,493,23035,0.784908,0.77,2,1581029,1580536,493
107318221,41.1564,43.8905,499,23127,0.799963,0.77,2,1581068,1580569,499
107321141,63.2625,41.5562,537,23219,0.805985,0.77,2,1581146,1580609,537
107324061,92.505,62.8225,572,23310,0.808394,0.77,2,1581258,1580686,572
107326981,84.402,92.929,538,23401,0.845358,0.77,2,1581337,1580799,538
107329901,72.7608,84.5716,524,23492,0.872143,0.75,2,1581402,1580878,524
107405821,52.9144,50.302,525,25736,0.8116,1,2,1582927,1582402,525
107417501,49.9402,97.1773,501,26064,0.424793,1,1,1583182,1582681,501
107423341,64.6304,58.3884,545,26226,0.299567,1,1,1583307,1582762,545
107426261,41.4522,68.9553,495,26307,0.293827,0.89,1,1583333,1582838,495
107429181,47.1809,46.7821,514,26388,0.279531,0.73,1,1583384,1582870,514
107437941,91.1716,61.6261,562,26628,0.40549,0.37,1,1583601,1583039,562
107440861,46.0686,100.85,451,26708,0.432196,0.39,1,1583617,1583166,451
107481741,42.7725,42.0705,449,27797,0.773013,0.65,2,1584270,1583821,449
107484661,41.109,39.0282,452,27873,0.819205,0.67,2,1584310,1583858,452
107487581,58.4436,55.8113,455,27949,0.837682,0.69,2,1584380,1583925,455
107490501,95.9774,94.3245,456,28025,0.857073,0.69,2,1584501,1584045,456
107493421,49.791,48.5298,457,28101,0.876829,0.73,2,1584520,1584063,457
107496341,51.7164,50.6119,458,28176,0.896732,0.75,2,1584573,1584115,458
107618981,35.1417,41.5391,495,31175,0.8932,1,2,1586645,1586150,495
107621901,35.0567,28.0156,511,31243,0.78328,1,2,1586680,1586169,511
107683221,35.5615,31.7742,487,32635,0.767784,0.65,2,1587623,1587136,487
107686141,36.4246,33.1097,490,32700,0.793114,0.69,2,1587660,1587170,490
107689061,83.5698,36.0439,567,32765,0.827245,0.65,2,1587775,1587208,567
107691981,34.6279,82.8175,455,32830,0.840898,0.71,2,1587777,1587322,455
107694901,24.0512,44.527,453,32894,0.870359,0.65,2,1587794,1587341,453
107697821,37.2205,44.8108,454,32958,0.882144,0.67,2,1587840,1587386,454
107703661,44.7153,44.3697,456,33086,0.886343,0.75,2,1587952,1587496,456
107855501,52.1378,51.7518,483,36259,0.8956,1,2,1590165,1589682,483
107858421,51.4551,41.1007,500,36317,0.78424,1,2,1590216,1589716,500
107893461,47.5404,51.4551,460,37009,0.296236,0.63,1,1590676,1590216,460
107896381,40.6161,43.382,458,37066,0.268494,0.57,1,1590712,1590254,458
107899301,33.6465,37.1528,454,37123,0.245398,0.63,1,1590741,1590287,454
107902221,31.4586,32.2611,455,37180,0.260159,0.63,1,1590771,1590316,455
107905141,35.3834,12.9045,493,37237,0.242064,0.65,1,1590809,1590316,493
107908061,30.9534,29.1618,481,37294,0.258825,0.55,1,1590837,1590356,481
107910981,22.5813,30.2647,467,37351,0.27753,0.53,1,1590854,1590387,467
107913901,31.2325,25.9059,481,37408,0.249012,0.43,1,1590891,1590410,481
107916821,34.693,34.9624,477,37464,0.261605,0.47,1,1590928,1590451,477
107919741,27.0772,36.7849,461,37520,0.266642,0.33,1,1590950,1590489,461
107922661,58.2309,29.114,516,37576,0.268657,0.29,1,1591029,1590513,516
107925581,41.2924,60.8456,464,37632,0.293463,0.29,1,1591059,1590595,464
107954781,27.438,34.693,456,38190,0.401804,0.27,1,1591384,1590928,456
108021941,19.7273,19.0048,451,39443,0.759457,0.61,2,1592179,1591728,451
108024861,30.6909,29.8019,452,39497,0.789783,0.65,2,1592217,1591765,452
108027781,35.6764,34.7208,453,39550,0.801913,0.63,2,1592256,1591803,453
108030701,27.4705,28.2883,451,39603,0.806765,0.65,2,1592278,1591827,451
108033621,62.5882,61.7153,453,39656,0.856706,0.67,2,1592364,1591911,453
108036541,41.8353,41.4861,453,39709,0.852682,0.69,2,1592392,1591939,453
108039461,50.9341,49.5945,455,39762,0.875073,0.69,2,1592449,1591994,455
108348981,325.409,362.574,474,20440,0.406,0.92,1,1596127,1595653,474
108351901,178.764,182.23,493,20544,0.2044,0.69,1,1596208,1595715,493
108357741,94.7222,88.9167,494,20750,0.062704,0.35,1,1596362,1595868,494
108360661,73.8889,97.9667,450,20852,0.0550816,0.27,1,1596422,1595972,450
108363581,76.3555,69.1867,478,20954,0.0520326,0.11,1,1596500,1596022,478
108366501,39.5422,65.4747,430,21055,0.0868131,0.05,1,1596515,1596085,430
108369421,36.8169,39.3899,443,21156,0.0407252,0.07,1,1596550,1596107,443
108372341,63.3268,76.3559,423,21256,0.0222901,0.05,1,1596631,1596208,423
108375261,69.7307,74.3424,424,21356,0.074916,0.03,1,1596705,1596281,424
108378181,76.4923,78.337,424,21455,0.0299664,0.05,1,1596786,1596362,424
108381101,65.9969,67.3348,423,21554,0.0419866,0.05,1,1596845,1596422,423
108384021,74.9988,73.7339,426,21652,0.0707946,0.11,1,1596926,1596500,426
108386941,38.3995,38.4936,425,21750,0.0823179,0.01,1,1596940,1596515,425
108389861,34.5598,36.3974,422,21848,0.0869271,0.01,1,1596972,1596550,422
108401541,66.9039,65.9862,425,22234,0.0854093,0.09,1,1597270,1596845,425
108404461,75.9616,74.9945,426,22329,0.0761637,0.09,1,1597352,1596926,426
108407381,38.7846,38.3978,426,22424,0.0844655,0.09,1,1597366,1596940,426
108416141,71.3622,55.3295,502,22707,0.207726,0.11,1,1597557,1597055,502
108430741,35.1467,38.6997,458,23170,0.200262,0.17,1,1597824,1597366,458
108436581,73.0635,64.392,507,23352,0.210842,0.25,1,1597988,1597481,507
108439501,73.6254,71.3568,505,23443,0.258337,0.19,1,1598062,1597557,505
108442421,65.4502,73.5427,490,23533,0.289335,0.19,1,1598122,1597632,490
108454101,64.7571,35.1467,515,23891,0.425247,0.17,1,1598339,1597824,515
108477461,67.7949,64.7571,446,24591,0.7511,0.53,2,1598785,1598339,446
108480381,78.718,75.1028,450,24677,0.81044,0.53,2,1598871,1598421,450
108483301,32.6872,31.2411,450,24763,0.834176,0.69,2,1598873,1598423,450
108486221,62.2749,58.0965,456,24849,0.85567,0.69,2,1598955,1598499,456
108489141,60.9099,59.2386,456,24934,0.876268,0.75,2,1599015,1598559,456
108492061,76.564,75.2954,457,25019,0.872507,0.71,2,1599102,1598645,457
108494981,40.2256,39.7182,457,25104,0.895003,0.73,2,1599118,1598661,457
108497901,37.0902,37.4873,456,25188,0.892001,0.77,2,1599153,1598697,456
108608861,65.0068,67.0998,490,28207,0.88216,1,2,1601336,1600846,490
108617621,54.0324,16.9664,546,28432,0.415738,1,1,1601476,1600930,546
108620541,42.013,47.5866,512,28506,0.280295,1,1,1601510,1600998,512
108629301,72.7208,68.2055,544,28728,0.0484189,0.96,1,1601698,1601154,544
108632221,44.6883,72.2822,495,28802,0.0733676,1,1,1601724,1601229,495
108635141,61.0753,46.9129,537,28876,0.047347,0.81,1,1601796,1601259,537
108638061,45.4301,64.9652,495,28949,0.0369388,0.63,1,1601831,1601336,495
108640981,36.7721,51.1861,484,29022,0.0327755,0.57,1,1601862,1601378,484
108643901,43.5088,42.0744,496,29095,0.0311102,0.27,1,1601910,1601414,496
108646821,36.6035,54.0298,466,29168,0.0664441,0.19,1,1601942,1601476,466
108649741,29.6414,42.0119,457,29241,0.0685776,0.13,1,1601967,1601510,457
108652661,56.2566,36.0048,499,29313,0.0334311,0.05,1,1602041,1601542,499
108655581,69.9026,58.8019,504,29385,0.0193724,0.01,1,1602120,1601616,504
108658501,42.961,72.7208,447,29457,0.037749,0.09,1,1602145,1601698,447
108661421,61.5844,44.6883,495,29529,0.0210996,0.03,1,1602219,1601724,495
108664341,45.0338,61.0753,457,29601,0.0384398,0.03,1,1602253,1601796,457
108667261,36.6135,45.4301,453,29673,0.0213759,0.03,1,1602284,1601831,453
108670181,44.0454,36.7721,471,29744,0.0625504,0.03,1,1602333,1601862,471
108684781,67.1393,69.9026,422,30098,0.0497445,0.05,1,1602542,1602120,422
108687701,41.8557,42.961,422,30168,0.0258978,0.01,1,1602567,1602145,422
108690621,61.7423,61.5844,423,30238,0.0403591,0.05,1,1602642,1602219,423
108693541,44.4969,45.0338,422,30308,0.0341436,0.01,1,1602675,1602253,422
108696461,36.9988,36.6135,423,30378,0.0196575,0.09,1,1602707,1602284,423
108699381,47.1995,44.0454,428,30448,0.049863,0.15,1,1602761,1602333,428
108702301,38.6798,36.8182,429,30518,0.0859452,0.15,1,1602794,1602365,429
108713981,64.379,67.1393,423,30794,0.241864,0.01,1,1602965,1602542,423
108716901,40.1516,41.8557,422,30863,0.270746,0.05,1,1602989,1602567,422
108719821,61.0606,61.7423,422,30932,0.222298,0.03,1,1603064,1602642,422
108722741,44.8243,44.4969,423,31000,0.202919,0.01,1,1603098,1602675,423
108725661,36.5297,36.9988,422,31068,0.207168,0.07,1,1603129,1602707,422
108731501,41.1248,38.6798,428,31204,0.204747,0.11,1,1603222,1602794,428
108734421,17.6499,16.6719,428,31272,0.207899,0.19,1,1603224,1602796,428
108737341,23.86,22.8688,429,31340,0.22116,0.19,1,1603252,1602823,429
108740261,52.144,9.14751,500,31408,0.202464,0.23,1,1603323,1602823,500
108743181,65.2576,44.459,506,31475,0.206986,0.27,1,1603397,1602891,506
108746101,41.103,62.1836,457,31542,0.220794,0.29,1,1603422,1602965,457
108749021,58.4412,39.2734,503,31609,0.250318,0.19,1,1603492,1602989,503
108751941,43.7765,60.7094,462,31676,0.262127,0.19,1,1603526,1603064,462
108754861,36.7106,44.6838,460,31743,0.266851,0.21,1,1603558,1603098,460
108757781,49.4842,36.4735,487,31810,0.28074,0.19,1,1603616,1603129,487
108760701,40.7937,48.7894,465,31877,0.274296,0.21,1,1603651,1603186,465
108763621,17.5175,41.1158,431,31943,0.271718,0.21,1,1603653,1603222,431
108766541,24.407,17.6463,458,32009,0.258687,0.23,1,1603682,1603224,458
108772381,65.5851,52.1434,505,32141,0.28259,0.21,1,1603828,1603323,505
108789901,40.3187,49.4842,469,32534,0.403764,0.27,1,1604085,1603616,469
108792821,17.3275,40.7937,436,32599,0.407506,0.27,1,1604087,1603651,436
108795741,24.931,17.5175,464,32664,0.409002,0.25,1,1604117,1603653,464
108798661,53.1724,24.407,507,32729,0.445601,0.33,1,1604189,1603682,507
108833701,23.1987,22.469,445,33496,0.779909,0.53,2,1604636,1604191,445
108836621,56.0795,52.7876,450,33559,0.809963,0.61,2,1604714,1604264,450
108839541,41.6318,39.115,452,33622,0.857985,0.71,2,1604746,1604294,452
109005981,40.8523,42.6122,488,37037,0.8236,1,2,1607124,1606636,488
109020581,38.7895,32.3707,527,37322,0.419266,1,1,1607317,1606790,527
109029341,30.5145,36.3197,502,37492,0.242113,1,1,1607423,1606921,502
109035181,34.1623,42.7712,503,37604,0.0927381,1,1,1607500,1606997,503
109038101,46.0649,36.3085,525,37660,0.0550952,0.84,1,1607554,1607029,525
109041021,35.826,51.1234,493,37716,0.0520381,0.77,1,1607583,1607090,493
109043941,27.5304,40.8494,481,37772,0.0508152,0.65,1,1607605,1607124,481
109046861,42.2122,34.3397,503,37828,0.0263261,0.57,1,1607657,1607154,503
109049781,37.2849,44.3359,486,37884,0.0405304,0.51,1,1607691,1607205,486
109052701,32.9139,39.9344,479,37940,0.0342122,0.45,1,1607721,1607242,479
109055621,35.3656,36.9737,481,37996,0.0196849,0.37,1,1607758,1607277,481
109058541,36.3462,38.7895,478,38052,0.073874,0.33,1,1607795,1607317,478
109061461,34.9385,40.7158,470,38108,0.0955496,0.29,1,1607829,1607359,470
109064381,25.9754,40.2863,450,38163,0.0802198,0.19,1,1607849,1607399,450
109067301,37.3902,30.5145,471,38218,0.0740879,0.05,1,1607894,1607423,471
109073141,44.7424,34.1623,476,38328,0.0730541,0.03,1,1607976,1607500,476
109076061,35.897,46.0649,452,38383,0.0472216,0.05,1,1608006,1607554,452
109078981,28.7588,35.826,447,38438,0.0368886,0.05,1,1608030,1607583,447
109081901,40.9035,27.5304,474,38493,0.0447555,0.01,1,1608079,1607605,474
109084821,36.7614,42.2122,456,38548,0.0719022,0.05,1,1608113,1607657,456
109087741,32.7046,37.2849,452,38603,0.0347609,0.03,1,1608143,1607691,452
109090661,14.2818,32.9139,424,38658,0.0319044,0.01,1,1608145,1607721,424
109093581,27.3127,35.3656,423,38713,0.0307617,0.11,1,1608181,1607758,423
109096501,35.5251,36.3462,427,38768,0.0663047,0.11,1,1608222,1607795,427
109114021,35.3754,35.897,423,39092,0.0951215,0.03,1,1608429,1608006,423
109116941,27.9502,28.7588,422,39146,0.0680486,0.05,1,1608452,1608030,422
109119861,40.5801,40.9035,422,39200,0.0332194,0.09,1,1608501,1608079,422
109122781,37.832,36.7614,424,39254,0.0432878,0.01,1,1608537,1608113,424
109125701,32.5328,32.7046,423,39308,0.0713151,0.03,1,1608566,1608143,423
109128621,14.2131,14.2818,423,39362,0.058526,0.03,1,1608568,1608145,423
109131541,26.6852,27.3127,422,39416,0.0774104,0.09,1,1608603,1608181,422
109134461,37.6741,35.5251,426,39470,0.0969642,0.13,1,1608648,1608222,426
109140301,27.9879,27.164,428,39577,0.220714,0.15,1,1608705,1608277,428
109143221,37.5951,37.8656,427,39630,0.238286,0.13,1,1608749,1608322,427
109146141,31.8381,31.3462,428,39683,0.233314,0.13,1,1608777,1608349,428
109149061,42.1352,41.9385,428,39736,0.243326,0.07,1,1608826,1608398,428
109151981,32.4541,35.3754,423,39789,0.29533,0.05,1,1608852,1608429,423
109154901,26.1816,27.9502,422,39842,0.292132,0.01,1,1608874,1608452,422
109157821,40.4727,40.5801,423,39895,0.266853,0.05,1,1608924,1608501,423
109160741,38.3891,37.832,424,39948,0.244741,0.09,1,1608961,1608537,424
109163661,32.7556,32.5328,424,40001,0.247896,0.05,1,1608990,1608566,424
109166581,14.3022,14.2131,424,40054,0.225159,0.09,1,1608992,1608568,424
109169501,27.3209,26.6852,425,40107,0.240063,0.09,1,1609028,1608603,425
109172421,38.5284,10.6741,471,40160,0.246025,0.11,1,1609074,1608603,471
109175341,38.2113,31.2696,464,40213,0.24841,0.23,1,1609112,1608648,464
109178261,29.6845,32.9079,454,40266,0.249364,0.25,1,1609136,1608682,454
109181181,38.2738,26.9631,475,40318,0.285746,0.25,1,1609180,1608705,475
109207461,27.1608,14.302,467,40786,0.412518,0.25,1,1609459,1608992,467
109210381,39.6643,27.3208,479,40838,0.411007,0.25,1,1609507,1609028,479
109213301,38.6657,38.5283,471,40890,0.410403,0.25,1,1609545,1609074,471
109216221,30.4663,38.2113,458,40942,0.410161,0.25,1,1609570,1609112,458
109219141,40.3865,29.6845,481,40994,0.422064,0.31,1,1609617,1609136,481
109222061,34.1546,38.2738,467,41045,0.426826,0.35,1,1609647,1609180,467
109224981,44.8618,32.7095,490,41096,0.42873,0.37,1,1609699,1609209,490
109227901,33.5447,43.6838,465,41147,0.441492,0.35,1,1609725,1609260,465
109274621,40.252,39.6872,446,41960,0.751131,0.51,2,1610242,1609796,446
109277541,37.7008,38.0749,445,42010,0.750453,0.47,2,1610278,1609833,445
109280461,32.4803,32.0299,446,42060,0.762181,0.47,2,1610307,1609861,446
109283381,14.1921,14.012,446,42110,0.766872,0.49,2,1610309,1609863,446
109286301,28.4769,28.4048,446,42160,0.768749,0.51,2,1610347,1609901,446
109289221,40.1907,39.5619,447,42210,0.7695,0.51,2,1610395,1609948,447
109292141,17.2763,17.0248,447,42260,0.8058,0.53,2,1610397,1609950,447
109295061,30.3105,29.6099,448,42310,0.82032,0.59,2,1610436,1609988,448
109297981,27.7242,26.244,450,42360,0.874128,0.65,2,1610462,1610012,450
109452741,28.0432,29.493,498,44924,0.89008,1,2,1612263,1611765,498
109455661,29.8173,30.9972,497,44971,0.860032,1,2,1612294,1611797,497
109458581,29.9269,27.9989,501,45018,0.818013,1,2,1612324,1611823,501
109461501,34.1708,28.5996,509,45065,0.777205,1,2,1612361,1611852,509
109490701,33.2082,36.52,477,45532,0.235739,1,1,1612682,1612205,477
109493621,31.2833,35.608,472,45578,0.208296,0.82,1,1612712,1612240,472
109499461,28.6453,29.8173,470,45670,0.0825273,0.79,1,1612764,1612294,470
109502381,25.8581,29.9269,464,45716,0.0390109,0.75,1,1612788,1612324,464
109505301,31.3433,34.1708,462,45762,0.0456044,0.69,1,1612823,1612361,462
109508221,25.1373,28.6683,458,45808,0.0182417,0.69,1,1612844,1612386,458
109511141,27.4549,28.2673,459,45854,0.0252967,0.73,1,1612873,1612414,459
109514061,30.782,31.7069,458,45900,0.0281187,0.57,1,1612906,1612448,458
109516981,29.1128,33.6828,451,45946,0.0532475,0.57,1,1612934,1612483,451
109519901,26.6451,13.4731,476,45992,0.027299,0.51,1,1612959,1612483,476
109522821,27.458,25.1892,471,46038,0.0169196,0.41,1,1612987,1612516,471
109525741,29.5832,29.2757,470,46084,0.0607678,0.27,1,1613018,1612548,470
109534501,30.6933,33.3136,462,46222,0.0727691,0.19,1,1613111,1612649,462
109537421,28.4773,33.1255,456,46268,0.0951077,0.19,1,1613138,1612682,456
109546181,24.6225,28.64,445,46405,0.0840869,0.01,1,1613209,1612764,445
109549101,31.449,25.856,457,46450,0.0996348,0.05,1,1613245,1612788,457
109552021,24.5796,31.3424,442,46495,0.0578539,0,1,1613265,1612823,442
109554941,27.2318,25.137,450,46540,0.0291416,0.03,1,1613294,1612844,450
109557861,30.6927,27.4548,454,46585,0.0656566,0.03,1,1613327,1612873,454
109560781,30.2771,30.7819,451,46630,0.0682627,0.07,1,1613357,1612906,451
109563701,27.7108,29.1128,449,46675,0.0573051,0.01,1,1613383,1612934,449
109566621,27.2843,26.6451,451,46720,0.076922,0.01,1,1613410,1612959,451
109569541,30.1137,27.458,455,46765,0.0607688,0.09,1,1613442,1612987,455
109572461,30.0455,29.5832,454,46810,0.0543075,0.13,1,1613472,1613018,454
109575381,33.6182,29.8333,460,46855,0.051723,0.11,1,1613508,1613048,460
109578301,30.2473,31.7333,455,46900,0.0506892,0.05,1,1613536,1613081,455
109581221,30.0989,30.6933,455,46945,0.0502757,0.11,1,1613566,1613111,455
109584141,22.8396,28.4773,446,46990,0.0501103,0.15,1,1613584,1613138,446
109587061,25.3358,23.3909,453,47035,0.0380441,0.09,1,1613611,1613158,453
109589981,23.3343,25.5564,448,47080,0.0452176,0.07,1,1613633,1613185,448
109592901,30.9337,24.6225,460,47125,0.0720871,0.11,1,1613669,1613209,460
109595821,22.5735,31.449,441,47170,0.0948348,0.03,1,1613686,1613245,441
109598741,27.6294,24.5796,452,47215,0.0439339,0.01,1,1613717,1613265,452
109601661,32.6518,27.2318,459,47260,0.0595736,0.09,1,1613753,1613294,459
109604581,30.4607,30.6927,455,47305,0.0418294,0.07,1,1613782,1613327,455
109607501,27.7843,30.2771,451,47350,0.0707318,0.05,1,1613808,1613357,451
109610421,12.3137,27.7108,427,47395,0.0822927,0.09,1,1613810,1613383,427
109613341,20.5255,27.2843,426,47439,0.0869171,0.05,1,1613836,1613410,426
109627941,29.8953,30.0989,424,47659,0.2121,0.05,1,1613990,1613566,424
109630861,22.7581,22.8396,424,47703,0.24684,0.03,1,1614008,1613584,424
109633781,25.3032,25.3358,424,47747,0.248736,0.05,1,1614035,1613611,424
109636701,23.9213,23.3343,425,47791,0.237494,0.09,1,1614058,1613633,425
109639621,31.7685,30.9337,426,47835,0.220998,0.11,1,1614095,1613669,426
109660061,21.2135,20.5255,427,48143,0.206514,0.11,1,1614263,1613836,427
109662981,28.2854,27.4102,428,48187,0.268605,0.15,1,1614296,1613868,428
109680501,24.8873,25.3032,432,48451,0.410677,0.23,1,1614467,1614035,432
109686341,30.862,31.7685,430,48537,0.417308,0.17,1,1614525,1614095,430
109689261,21.9448,22.3074,430,48580,0.400923,0.19,1,1614541,1614111,430
109692181,26.1779,25.723,431,48623,0.442369,0.19,1,1614570,1614139,431
109756421,30.8721,22.4757,482,49569,0.753782,0.51,2,1615178,1614696,482
109759341,29.7488,30.5903,475,49612,0.775513,0.51,2,1615207,1614732,475
109762261,36.4995,29.0361,488,49654,0.772205,0.55,2,1615248,1614760,488
109768101,33.9199,32.8458,483,49738,0.760753,0.61,2,1615314,1614831,483
109771021,25.568,32.3383,471,49780,0.754301,0.65,2,1615334,1614863,471
109773941,25.8272,23.7353,479,49822,0.76372,0.65,2,1615360,1614881,479
109776861,23.5309,25.0941,475,49864,0.767488,0.65,2,1615382,1614907,475
109779781,31.0123,23.2377,489,49906,0.768995,0.65,2,1615418,1614929,489
109782701,22.0049,30.8951,469,49948,0.769598,0.65,2,1615434,1614965,469
109785621,28.002,21.958,485,49990,0.769839,0.67,2,1615466,1614981,485
109788541,35.2008,27.3832,494,50032,0.781936,0.69,2,1615506,1615012,494
109791461,33.8803,34.3533,488,50074,0.798774,0.75,2,1615539,1615051,488
109794381,30.3521,32.9413,484,50116,0.81751,0.73,2,1615567,1615083,484
109797301,13.3409,29.3765,459,50158,0.825004,0.73,2,1615569,1615110,459
109800221,23.3363,12.9506,487,50200,0.840002,0.73,2,1615599,1615112,487
109803141,32.1345,23.1802,495,50242,0.846001,0.77,2,1615637,1615142,495
109806061,30.2538,30.8721,488,50284,0.8364,0.79,2,1615666,1615178,488
109808981,13.3015,29.7488,461,50326,0.83256,0.77,2,1615668,1615207,461
109811901,29.3206,36.4995,460,50368,0.855024,0.73,2,1615708,1615248,460
109814821,29.7282,33.7998,458,50410,0.86401,0.77,2,1615738,1615280,458
109817741,34.0913,33.9199,461,50452,0.891604,0.75,2,1615775,1615314,461
110001701,31.9776,24.8975,519,53018,0.897616,1,2,1617539,1617020,519
110004621,28.991,28.559,515,53058,0.857046,1,2,1617566,1617051,515
110007541,22.3964,28.2236,505,53098,0.780819,0.97,2,1617584,1617079,505
110019221,27.7077,27.7897,521,53258,0.415941,1,1,1617703,1617182,521
110080541,168.357,169.107,460,24905,0.0710202,0.07,1,1618290,1617830,460
110083461,105.743,105.443,461,24990,0.0824081,0.03,1,1618354,1617893,461
110086381,66.2972,75.177,446,25075,0.0749632,0.05,1,1618394,1617948,446
110089301,57.1189,60.0708,447,25160,0.0599853,0.05,1,1618445,1617998,447
110092221,46.2475,49.2283,444,25244,0.0779941,0.01,1,1618484,1618040,444
110095141,64.099,50.2913,469,25328,0.0851976,0.09,1,1618560,1618091,469
110098061,39.4396,60.9165,424,25412,0.0760791,0.05,1,1618583,1618159,424
110100981,34.9758,35.1666,438,25495,0.0844316,0.09,1,1618615,1618177,438
110103901,72.1903,32.0666,505,25578,0.0637726,0.03,1,1618712,1618207,505
110106821,69.0761,62.6267,489,25661,0.0435091,0.09,1,1618779,1618290,489
110109741,52.2305,63.4507,466,25744,0.0714036,0.07,1,1618820,1618354,466
110112661,48.4922,49.3803,472,25826,0.0585614,0.05,1,1618866,1618394,472
110115581,45.1969,50.3521,464,25908,0.0654246,0.09,1,1618909,1618445,464
110118501,63.6788,43.5408,501,25990,0.0801698,0.09,1,1618985,1618484,501
110121421,38.6715,63.0163,447,26072,0.0980679,0.07,1,1619007,1618560,447
110127261,70.3874,34.8026,520,26234,0.0648909,0.05,1,1619135,1618615,520
110130181,67.755,72.121,489,26315,0.0439563,0.03,1,1619201,1618712,489
110133101,53.502,69.0484,466,26396,0.0475825,0.09,1,1619245,1618779,466
110136021,47.8008,52.2194,469,26476,0.073033,0.05,1,1619289,1618820,469
110138941,45.5203,48.4877,467,26556,0.0712132,0.07,1,1619333,1618866,467
110141861,64.4081,45.1951,501,26636,0.0824853,0.09,1,1619410,1618909,501
110144781,39.5632,63.678,448,26716,0.0989941,0.11,1,1619433,1618985,448
110150621,68.3701,36.4685,516,26874,0.0770391,0.03,1,1619558,1619042,516
110153541,28.548,70.3874,425,26953,0.0608156,0.03,1,1619560,1619135,425
110156461,49.8192,67.755,423,27032,0.0783262,0.05,1,1619624,1619201,423
110159381,46.9277,53.502,424,27110,0.0973305,0.09,1,1619669,1619245,424
110176901,66.1705,68.3701,424,27575,0.204884,0.05,1,1619982,1619558,424
110179821,27.6682,28.548,424,27652,0.243954,0.09,1,1619984,1619560,424
110182741,50.6673,49.8192,426,27729,0.247582,0.11,1,1620050,1619624,426
110185661,48.4669,46.9277,428,27805,0.273033,0.19,1,1620097,1619669,428
110206101,28.0371,27.6682,433,28334,0.416951,0.25,1,1620417,1619984,433
110258661,29.9343,69.6025,455,29651,0.757339,0.63,2,1621312,1620857,455
110261581,53.9737,29.041,523,29722,0.764936,0.67,2,1621382,1620859,523
110264501,50.9895,53.0164,503,29793,0.803974,0.67,2,1621431,1620928,503
110267421,21.5958,50.6066,456,29864,0.81959,0.69,2,1621433,1620977,456
110270341,38.6383,50.2426,456,29935,0.825836,0.67,2,1621483,1621027,456
110273261,40.6553,45.8971,455,30006,0.840334,0.71,2,1621525,1621070,455
110425101,34.992,33.028,494,33476,0.861071,1,2,1623939,1623445,494
110428021,41.5968,47.4112,483,33539,0.854428,1,2,1623985,1623502,483
110430941,46.0387,50.7645,479,33602,0.815771,1,2,1624034,1623555,479
110433861,39.4155,42.5058,477,33665,0.836309,1,2,1624069,1623592,477
110439701,44.3465,47.2409,476,33791,0.761409,0.95,2,1624187,1623711,476
110442621,47.1386,52.4964,469,33854,0.790564,0.93,2,1624236,1623767,469
110445541,38.6554,41.9985,467,33916,0.814226,0.94,2,1624269,1623802,467
110448461,36.4622,35.9994,470,33978,0.83569,0.93,2,1624304,1623834,470
110451381,31.9849,34.1998,466,34040,0.856276,0.89,2,1624333,1623867,466
110454301,34.3939,36.4799,464,34102,0.88851,0.83,2,1624369,1623905,464
110460141,41.623,41.5968,464,34226,0.899362,0.85,2,1624449,1623985,464
110603221,36.2624,32.1962,509,37131,0.8476,1,2,1626488,1625979,509
110611981,38.0088,31.8446,530,37302,0.421206,1,1,1626625,1626095,530
110617821,35.0014,37.4951,520,37416,0.222193,1,1,1626690,1626170,520
110626581,35.0241,35.9757,514,37584,0.0754203,1,1,1626790,1626276,514
110629501,33.8096,40.1903,504,37640,0.0481681,1,1,1626823,1626319,504
110632421,54.9239,37.0761,538,37696,0.0612673,0.9,1,1626892,1626354,538
110635341,40.5695,55.6304,501,37752,0.0425069,0.88,1,1626923,1626422,501
110638261,31.8278,42.6522,493,37808,0.0710028,0.81,1,1626949,1626456,493
110641181,46.9311,36.2609,518,37864,0.0824011,0.51,1,1627006,1626488,518
110644101,36.1725,55.3044,479,37920,0.0869604,0.45,1,1627035,1626556,479
110647021,31.269,42.5217,473,37976,0.0887842,0.35,1,1627063,1626590,473
110661621,34.3944,30.5602,459,38253,0.0644707,0.05,1,1627211,1626752,459
110664541,34.1578,35.0241,455,38308,0.0437883,0.03,1,1627245,1626790,455
110667461,55.0631,33.8096,491,38363,0.0235153,0.07,1,1627314,1626823,491
110670381,41.8252,54.9239,455,38418,0.0274061,0.03,1,1627347,1626892,455
110673301,32.3301,40.5695,450,38473,0.0529625,0.09,1,1627373,1626923,450
110676221,47.732,31.8278,482,38528,0.087185,0.09,1,1627431,1626949,482
110679141,34.6928,46.9311,451,38583,0.088874,0.09,1,1627457,1627006,451
110682061,15.0771,36.1725,424,38638,0.0655496,0.09,1,1627459,1627035,424
110684981,24.6309,31.269,427,38693,0.0922198,0.11,1,1627490,1627063,427
110687901,21.2523,23.9076,427,38748,0.0908879,0.13,1,1627509,1627082,427
110708341,43.1878,41.8252,425,39127,0.0890146,0.07,1,1627772,1627347,425
110728781,28.7469,26.5009,430,39505,0.215466,0.13,1,1627969,1627539,430
110731701,25.8988,27.4004,426,39558,0.200186,0.15,1,1627993,1627567,426
110734621,30.7595,28.9601,430,39611,0.218075,0.19,1,1628027,1627597,430
110737541,33.3038,33.1841,429,39664,0.21323,0.15,1,1628062,1627633,429
110740461,33.1215,33.6736,428,39717,0.223292,0.09,1,1628095,1627667,428
110743381,54.0486,55.4694,426,39770,0.287317,0.07,1,1628163,1627737,426
110775501,32.7053,30.3729,464,40351,0.412903,0.21,1,1628491,1628027,464
110778421,35.2821,33.1492,466,40403,0.435161,0.23,1,1628528,1628062,466
110781341,56.1129,33.0597,503,40455,0.432064,0.33,1,1628598,1628095,503
110784261,45.2451,54.0239,473,40507,0.406826,0.33,1,1628636,1628163,473
110787181,34.8981,43.2095,465,40559,0.40873,0.35,1,1628664,1628199,465
110790101,51.7592,33.4838,501,40611,0.433492,0.37,1,1628727,1628226,501
110863101,44.9491,44.5269,447,41893,0.754445,0.53,2,1629524,1629077,447
110866021,35.3797,34.6107,448,41943,0.811778,0.57,2,1629553,1629105,448
110868941,54.3519,52.8443,450,41993,0.870711,0.59,2,1629620,1629170,450
110871861,37.9407,36.1377,452,42043,0.894284,0.59,2,1629647,1629195,452
111064581,190.447,220.637,460,20440,0.417996,1,1,1632280,1631820,460
111099621,107.512,75.622,526,20544,0.288879,0.57,1,1632460,1631934,526
111102541,92.8046,102.849,488,20647,0.253552,0.43,1,1632543,1632055,488
111105461,45.5219,72.3395,450,20750,0.263421,0.33,1,1632557,1632107,450
111108381,40.4087,46.9358,457,20852,0.255368,0.31,1,1632594,1632137,457
111111301,37.1635,41.5743,454,20954,0.252147,0.33,1,1632629,1632175,454
111114221,47.8654,49.0297,455,21055,0.286859,0.29,1,1632684,1632229,455
111117141,88.7462,50.2119,520,21156,0.276744,0.27,1,1632800,1632280,520
111131741,37.3561,37.6902,436,21652,0.42941,0.31,1,1633065,1632629,436
111134661,48.5424,48.0761,437,21750,0.429764,0.27,1,1633121,1632684,437
111178461,93.1326,48.7124,576,23170,0.833143,0.75,2,1634140,1633564,576
111274821,91.2153,111.611,549,26017,0.8476,1,2,1636236,1635687,549
111277741,54.4861,87.8445,507,26098,0.78904,1,2,1636266,1635759,507
111295261,107.627,82.5955,595,26581,0.261766,0.99,1,1636626,1636031,595
111298181,84.4508,108.038,539,26661,0.230706,0.75,1,1636695,1636156,539
111301101,49.3803,91.2153,485,26740,0.242283,0.75,1,1636721,1636236,485
111304021,37.7521,54.4861,485,26819,0.222913,0.69,1,1636751,1636266,485
111306941,37.3009,42.7944,487,26898,0.215165,0.59,1,1636788,1636301,487
111309861,16.1203,41.1178,449,26977,0.212066,0.53,1,1636790,1636341,449
111312781,22.6481,32.0471,450,27056,0.210826,0.43,1,1636817,1636367,450
111315701,27.0593,34.4188,444,27134,0.246331,0.29,1,1636847,1636403,444
111318621,59.4237,66.5675,437,27212,0.284532,0.19,1,1636928,1636491,437
111333221,36.7199,37.3009,433,27599,0.409886,0.21,1,1637221,1636788,433
111336141,15.8879,16.1203,433,27676,0.421955,0.21,1,1637223,1636790,433
111339061,23.1552,22.6481,434,27753,0.426782,0.27,1,1637251,1636817,434
111382861,38.4219,50.1507,484,28876,0.781345,0.69,2,1638079,1637595,484
111385781,36.9688,38.6603,489,28949,0.798538,0.69,2,1638115,1637626,489
111388701,15.9875,37.0641,455,29022,0.805415,0.69,2,1638117,1637662,455
111391621,23.195,16.0256,481,29095,0.808166,0.63,2,1638145,1637664,481
111394541,28.478,23.8103,484,29168,0.809266,0.65,2,1638177,1637693,484
111397461,63.5912,29.3241,538,29241,0.869707,0.65,2,1638264,1637726,538
111400381,110.036,62.7296,594,29313,0.893883,0.67,2,1638405,1637811,594
111543461,330.939,363.272,472,13140,0.4084,0.41,1,1640652,1640180,472
111546381,264.976,270.709,484,14023,0.24136,0,1,1640873,1640389,484
111552221,99.2761,107.633,465,14325,0.0854176,0,1,1641014,1640549,465
111555141,63.7104,75.4534,451,14473,0.088167,0.03,1,1641054,1640603,451
111559521,79.5537,156.433,428,14765,0.209707,0.07,1,1641301,1640873,428
111562441,77.4215,108.773,427,14909,0.233883,0.05,1,1641377,1640950,427
111582881,141.618,50.9675,630,16013,0.275583,0.17,1,1642108,1641478,630
111596021,141.959,52.5405,632,16665,0.423369,0.33,1,1642539,1641907,632
111598941,60.9835,141.616,438,16792,0.427348,0.37,1,1642546,1642108,438
111616461,94.0662,60.9835,502,17537,0.751562,0.51,2,1643048,1642546,502
111619381,85.0265,57.9934,525,17658,0.834625,0.59,2,1643127,1642602,525
111622301,66.4106,69.3974,502,17778,0.86785,0.59,2,1643181,1642679,502
111625221,54.7642,60.1589,495,17897,0.89314,0.61,2,1643228,1642733,495
111712821,54.0186,46.7006,531,21365,0.843818,1,2,1645593,1645062,531
111724501,40.9781,54.3651,473,21759,0.0785777,1,1,1645897,1645424,473
111727421,57.7912,61.9461,475,21856,0.0614311,0.98,1,1645966,1645491,475
111730341,44.7165,51.7784,466,21953,0.0905724,0.75,1,1646002,1645536,466
111733261,47.8866,54.9114,459,22050,0.054229,0.09,1,1646052,1645593,459
111736181,124.755,146.765,427,22146,0.0876916,0.07,1,1646228,1645801,427
111739101,61.3019,72.5058,423,22242,0.0530766,0.07,1,1646247,1645824,423
111742021,49.7207,53.0023,425,22337,0.0512307,0.05,1,1646289,1645864,425
111744941,37.8883,41.0009,422,22432,0.0204923,0.05,1,1646319,1645897,422
111747861,57.7553,57.8004,424,22527,0.0381969,0.05,1,1646390,1645966,424
111750781,44.7021,23.1201,460,22621,0.0332788,0.11,1,1646426,1645966,460
111753701,47.8809,30.8481,474,22715,0.0913115,0.03,1,1646476,1646002,474
111756621,124.752,42.3392,600,22808,0.210525,0.11,1,1646652,1646052,600
111759541,60.1009,122.536,441,22901,0.24621,0.03,1,1646669,1646228,441
111762461,48.6404,60.4143,463,22994,0.260484,0.05,1,1646710,1646247,463
111765381,37.4561,49.3657,451,23086,0.218194,0,1,1646740,1646289,451
111797501,38.608,49.6532,428,24076,0.22153,0.13,1,1647331,1646903,428
111800421,126.443,130.261,429,24164,0.262612,0.15,1,1647516,1647087,429
111803341,60.1773,61.7045,429,24252,0.279045,0.13,1,1647532,1647103,429
111806261,48.0709,49.2818,428,24339,0.285618,0.13,1,1647572,1647144,428
111809181,34.8284,35.3127,428,24426,0.276247,0.15,1,1647598,1647170,428
111855901,36.9354,47.342,476,25779,0.752815,0.57,2,1648483,1648007,476
111858821,56.7742,35.1368,519,25861,0.775126,0.55,2,1648553,1648034,519
111861741,46.7097,57.8547,486,25943,0.78405,0.55,2,1648593,1648107,486
111864661,19.8839,47.1419,448,26025,0.78762,0.55,2,1648595,1648147,448
111867581,40.9535,20.0568,501,26106,0.801048,0.51,2,1648650,1648149,501
111869041,136.981,41.0227,647,26187,0.854419,0.71,2,1648851,1648204,647
111871961,55.9926,131.609,457,26268,0.875768,0.73,2,1648853,1648396,457
111985841,29.8042,32.5436,516,29247,0.880278,1,2,1650843,1650327,516
111994601,41.6275,44.7548,510,29463,0.428098,1,1,1650980,1650470,510
111997521,35.251,35.3019,512,29535,0.285239,1,1,1651011,1650499,512
112009201,32.28,41.5261,497,29820,0.0733021,0.88,1,1651281,1650784,497
112012121,14.112,37.0105,465,29891,0.0593208,0.85,1,1651283,1650818,465
112015041,17.6448,29.8042,460,29962,0.0537283,0.61,1,1651303,1650843,460
112017961,36.4579,44.9217,454,30033,0.0634913,0.53,1,1651352,1650898,454
112020881,34.3832,42.5687,446,30103,0.0673965,0.31,1,1651385,1650939,446
112023801,34.7533,41.6275,440,30173,0.0449586,0.19,1,1651420,1650980,440
112026721,28.3013,35.251,433,30243,0.0359834,0.05,1,1651444,1651011,433
112029641,128.321,136.5,424,30313,0.0203934,0.13,1,1651639,1651215,424
112032561,59.7282,63.0002,424,30383,0.0141574,0.09,1,1651653,1651229,424
112035481,38.8913,40.2001,424,30453,0.0236629,0.05,1,1651678,1651254,424
112038401,31.7565,32.28,424,30522,0.0154652,0.05,1,1651705,1651281,424
112041321,13.9026,14.112,424,30591,0.0361861,0.05,1,1651707,1651283,424
112044241,16.361,17.6448,422,30660,0.0804744,0.07,1,1651725,1651303,422
112047161,36.5444,36.4579,423,30729,0.0621898,0.07,1,1651775,1651352,423
112050081,34.4178,34.3832,423,30798,0.0548759,0.03,1,1651808,1651385,423
112053001,34.1671,34.7533,422,30867,0.0639504,0.03,1,1651842,1651420,422
112055921,29.8668,28.3013,425,30936,0.0555801,0.01,1,1651869,1651444,425
112058841,127.147,128.321,422,31004,0.0522321,0.01,1,1652061,1651639,422
112061761,59.2587,59.7282,422,31072,0.0268928,0.03,1,1652075,1651653,422
112064681,39.3035,38.8913,423,31140,0.0167571,0.01,1,1652101,1651678,423
112067601,31.3214,31.7565,422,31208,0.0607029,0.05,1,1652127,1651705,422
112070521,13.7286,13.9026,422,31276,0.0782811,0.05,1,1652129,1651707,422
112073441,18.0914,5.56104,443,31344,0.0853125,0.11,1,1652150,1651707,443
112088041,126.541,29.7814,613,31680,0.0991872,0.05,1,1652482,1651869,613
112090961,59.0166,127.113,435,31747,0.0576749,0.01,1,1652496,1652061,435
112093881,39.2066,59.245,447,31814,0.04107,0.01,1,1652522,1652075,447
112096801,32.4827,39.298,449,31881,0.022428,0.09,1,1652550,1652101,449
112099721,14.1931,31.3192,425,31947,0.0269712,0.09,1,1652552,1652127,425
112102641,20.0772,13.7277,447,32013,0.0167885,0.09,1,1652576,1652129,447
112105561,36.2309,18.0911,473,32079,0.0367154,0.11,1,1652623,1652150,473
112108481,35.4924,34.8364,462,32145,0.0686862,0.11,1,1652658,1652196,462
112111401,35.1969,34.3346,463,32211,0.0814745,0.15,1,1652693,1652230,463
112114321,29.6788,34.1338,455,32277,0.0865898,0.15,1,1652719,1652264,455
112117241,122.872,29.8535,613,32343,0.0646359,0.07,1,1652904,1652291,613
112120161,57.5486,126.541,436,32408,0.0558544,0.03,1,1652918,1652482,436
112123081,38.0194,59.0166,447,32473,0.0403417,0.03,1,1652943,1652496,447
112126001,33.2078,39.2066,451,32538,0.0341367,0.01,1,1652973,1652522,451
112128921,14.4831,32.4827,425,32603,0.0316547,0.03,1,1652975,1652550,425
112131841,20.7932,14.1931,448,32668,0.0186619,0.01,1,1653000,1652552,448
112134761,37.1173,20.0772,472,32733,0.0374647,0.05,1,1653048,1652576,472
112137681,16.0469,36.2309,427,32798,0.0449859,0.09,1,1653050,1652623,427
112140601,26.8188,35.4924,426,32862,0.0599944,0.09,1,1653084,1652658,426
112149361,121.116,122.872,424,33054,0.20232,0.05,1,1653328,1652904,424
112152281,56.8466,57.5486,424,33118,0.206928,0.03,1,1653342,1652918,424
112155201,37.7386,38.0194,424,33182,0.220771,0.03,1,1653367,1652943,424
112158121,32.4954,33.2078,423,33246,0.226308,0.03,1,1653396,1652973,423
112161041,14.1982,14.4831,423,33310,0.228523,0.01,1,1653398,1652975,423
112163961,20.6793,20.7932,423,33373,0.241409,0.05,1,1653423,1653000,423
112166881,37.6717,37.1173,424,33436,0.282564,0.05,1,1653472,1653048,424
112169801,16.2687,16.0469,424,33499,0.275025,0.07,1,1653474,1653050,424
112184401,58.0546,56.8466,432,33814,0.416125,0.23,1,1653774,1653342,432
112187321,38.8218,37.7386,433,33877,0.43645,0.23,1,1653800,1653367,433
112245721,130.946,31.1777,648,35104,0.755846,0.71,2,1654659,1654011,648
112248641,60.7783,127.071,471,35164,0.776339,0.73,2,1654673,1654202,471
112251561,39.9113,59.2284,483,35224,0.784535,0.71,2,1654699,1654216,483
112254481,34.5645,39.8914,487,35284,0.787814,0.75,2,1654730,1654243,487
112257401,15.0258,34.5565,458,35344,0.789126,0.75,2,1654732,1654274,458
112260321,20.4103,15.0226,480,35404,0.78965,0.71,2,1654756,1654276,480
112263241,39.3641,20.409,508,35464,0.81386,0.71,2,1654808,1654300,508
112266161,16.9457,39.3636,458,35524,0.823544,0.71,2,1654810,1654352,458
112269081,31.9783,16.9454,498,35584,0.827418,0.69,2,1654852,1654354,498
112272001,34.9913,30.7782,495,35643,0.816967,0.77,2,1654889,1654394,495
112274921,15.1965,33.9113,461,35702,0.812787,0.73,2,1654891,1654430,461
112277841,24.0786,33.3645,458,35761,0.823115,0.77,2,1654921,1654463,458
112280761,129.031,130.946,461,35820,0.899246,0.79,2,1655120,1654659,461
112420921,108.779,28.2669,657,38550,0.874,1,2,1657003,1656346,657
112423841,60.9117,119.307,506,38605,0.7516,1,2,1657032,1656526,506
112438441,26.5524,29.2604,501,38878,0.448845,1,1,1657176,1656675,501
112450121,25.9757,31.3011,483,39094,0.297042,1,1,1657273,1656790,483
112453041,21.7903,22.1204,486,39148,0.220817,1,1,1657292,1656806,486
112455961,27.9161,30.4482,482,39202,0.214327,0.79,1,1657324,1656842,482
112473481,25.927,28.8809,444,39526,0.200372,0.39,1,1657595,1657151,444
112485161,21.0781,22.9394,435,39738,0.210617,0.27,1,1657680,1657245,435
112488081,24.0313,25.9757,433,39791,0.222247,0.17,1,1657706,1657273,433
112491001,21.0125,21.7903,433,39844,0.238899,0.21,1,1657725,1657292,433
112493921,25.805,27.9161,430,39897,0.23356,0.09,1,1657754,1657324,430
112496841,90.722,93.9664,426,39950,0.279424,0.13,1,1657888,1657462,426
112499761,51.2888,52.5866,426,40003,0.28577,0.11,1,1657913,1657487,426
112511441,24.9578,19.567,454,40215,0.441476,0.21,1,1658024,1657570,454
112616561,53.5484,53.1293,452,42062,0.773062,0.61,2,1659249,1658797,452
112619481,41.8194,41.6517,452,42112,0.759225,0.59,2,1659283,1658831,452
112622401,35.9277,36.4607,451,42162,0.76569,0.61,2,1659315,1658864,451
112625321,32.9711,32.5843,452,42212,0.804276,0.61,2,1659346,1658894,452
112628241,14.3884,14.2337,452,42262,0.79571,0.67,2,1659348,1658896,452
112631161,19.5554,18.8935,453,42312,0.840284,0.67,2,1659371,1658918,453
112634081,24.6222,23.1574,455,42362,0.870114,0.69,2,1659399,1658944,455
112637001,20.0489,19.463,455,42412,0.882045,0.71,2,1659416,1658961,455
112803441,16.8049,17.2528,490,45161,0.837845,1,2,1661326,1660836,490
112806361,24.122,26.7011,486,45208,0.797138,1,2,1661355,1660869,486
112826801,45.8882,51.4043,484,45534,0.0730123,1,1,1661624,1661140,484
112829721,42.3553,44.5617,484,45580,0.0712049,1,1,1661664,1661180,484
112835561,28.7368,34.1299,472,45672,0.0725928,0.96,1,1661718,1661246,472
112838481,27.0947,30.452,470,45718,0.0470371,0.94,1,1661744,1661274,470
112841401,22.8379,24.7808,469,45764,0.0368148,0.93,1,1661764,1661295,469
112844321,14.5352,19.5123,462,45810,0.0447259,0.77,1,1661773,1661311,462
112847241,13.0141,16.8049,459,45856,0.0478904,0.77,1,1661785,1661326,459
112850161,21.4056,24.122,457,45902,0.0611561,0.65,1,1661812,1661355,457
112853081,26.5622,30.6488,452,45948,0.0784625,0.65,1,1661842,1661390,452
112856001,22.6249,12.2595,472,45994,0.085385,0.65,1,1661862,1661390,472
112858921,22.25,20.5038,468,46040,0.064154,0.47,1,1661884,1661416,468
112873521,42.9632,45.8128,466,46270,0.0861257,0.07,1,1662090,1661624,466
112876441,32.7853,42.3251,452,46316,0.0404503,0.13,1,1662116,1661664,452
112879361,26.9141,34.3301,446,46362,0.0581801,0.05,1,1662139,1661693,446
112882281,26.9656,28.732,448,46407,0.041272,0.03,1,1662166,1661718,448
112885201,22.7863,27.0928,442,46452,0.0585088,0.03,1,1662186,1661744,442
112888121,15.1145,22.8371,432,46497,0.0414035,0.05,1,1662196,1661764,432
112891041,13.2458,14.5348,435,46542,0.0345614,0.05,1,1662208,1661773,435
112893961,20.8983,13.0139,449,46587,0.0318246,0.07,1,1662234,1661785,449
112896881,28.1593,21.4056,455,46632,0.0427298,0.09,1,1662267,1661812,455
112899801,22.0637,26.5622,443,46677,0.0590919,0.09,1,1662285,1661842,443
112902721,23.2255,22.6249,447,46722,0.0896368,0.05,1,1662309,1661862,447
112905641,29.0902,22.25,458,46767,0.0898547,0.13,1,1662342,1661884,458
112926081,27.6611,26.9141,451,47082,0.0944142,0.03,1,1662590,1662139,451
112964041,41.07,41.0791,428,47661,0.227899,0.11,1,1662941,1662513,428
112966961,32.028,32.6316,427,47705,0.253159,0.09,1,1662967,1662540,427
112969881,25.4112,25.6527,427,47749,0.251264,0.09,1,1662988,1662561,427
112972801,27.5645,27.6611,427,47793,0.274506,0.13,1,1663017,1662590,427
112975721,22.4258,21.8644,428,47837,0.295802,0.13,1,1663036,1662608,428
112978641,14.9703,14.7458,428,47881,0.292321,0.13,1,1663046,1662618,428
113007841,38.8312,38.1749,430,48321,0.43709,0.25,1,1663328,1662898,430
113060401,33.3618,42.4186,470,49098,0.758859,0.45,2,1663843,1663373,470
113063321,27.1447,33.1674,466,49141,0.753544,0.49,2,1663866,1663400,466
113066241,27.6579,27.067,471,49184,0.751417,0.49,2,1663894,1663423,471
113080841,31.7213,21.5296,485,49399,0.773707,0.55,2,1664008,1663523,485
113083761,23.4885,30.2119,467,49442,0.783483,0.61,2,1664026,1663559,467
113086681,10.5954,22.8847,451,49485,0.787393,0.57,2,1664028,1663577,451
113089601,19.2382,10.3539,474,49528,0.776957,0.63,2,1664053,1663579,474
113092521,26.8953,18.5416,482,49571,0.772783,0.59,2,1664085,1663603,482
113095441,25.1581,26.6166,474,49614,0.771113,0.61,2,1664109,1663635,474
113098361,63.4632,24.4466,540,49656,0.818445,0.69,2,1664198,1663658,540
113101281,42.7853,60.7787,484,49698,0.825378,0.73,2,1664227,1663743,484
113104201,46.5141,40.5115,506,49740,0.828151,0.77,2,1664276,1663770,506
113107121,34.2056,44.4046,485,49782,0.841261,0.77,2,1664302,1663817,485
113110041,26.8823,33.3618,481,49824,0.846504,0.75,2,1664324,1663843,481
113112961,27.5529,27.1447,486,49866,0.848602,0.75,2,1664352,1663866,486
113115881,24.8212,27.6579,481,49908,0.837441,0.73,2,1664375,1663894,481
113118801,17.1285,24.8632,470,49950,0.856976,0.75,2,1664387,1663917,470
113121721,15.2514,17.1453,472,49992,0.86479,0.75,2,1664401,1663929,472
113124641,22.9006,15.2581,486,50034,0.879916,0.75,2,1664429,1663943,486
113127561,32.5602,22.3032,498,50076,0.873966,0.79,2,1664468,1663970,498
113130481,23.8241,31.7213,478,50118,0.895587,0.79,2,1664486,1664008,478
113343641,324.747,351.522,490,23360,0.418,1,1,1666549,1666059,490
113349481,116.88,113.964,520,24266,0.07888,0.8,1,1666713,1666193,520
113352401,76.1518,93.5854,489,24353,0.049552,0.79,1,1666762,1666273,489
113355321,68.8607,69.2342,500,24440,0.0378208,0.63,1,1666826,1666326,500
113358241,44.9443,67.8937,462,24527,0.0811283,0.43,1,1666855,1666393,462
113369921,67.885,81.2261,425,24871,0.0745089,0,1,1667067,1666642,425
113372841,67.954,75.0904,422,24956,0.0358036,0.03,1,1667135,1666713,422
113375761,56.5816,59.4362,422,25041,0.0323214,0.03,1,1667184,1666762,422
113378681,62.2326,62.1745,424,25126,0.0549286,0.11,1,1667250,1666826,424
113381601,42.8931,42.2698,425,25210,0.0999714,0.13,1,1667280,1666855,425
113402041,63.7655,55.4171,490,25792,0.0718009,0.07,1,1667674,1667184,490
113404961,45.9062,61.7668,458,25874,0.0467204,0.13,1,1667708,1667250,458
113407881,65.7625,42.7067,507,25956,0.0846881,0.15,1,1667787,1667280,507
113410801,35.305,64.4827,443,26038,0.0878753,0.17,1,1667802,1667359,443
113413721,29.722,34.7931,454,26119,0.0891501,0.15,1,1667828,1667374,454
113416641,65.2888,29.5172,517,26200,0.08966,0.15,1,1667917,1667400,517
113431241,67.6852,45.9061,505,26602,0.239929,0.11,1,1668213,1667708,505
113434161,35.4741,65.7624,440,26682,0.257972,0.09,1,1668227,1667787,440
113437081,29.7896,35.305,451,26761,0.277189,0.09,1,1668253,1667802,451
113451681,61.3889,62.2825,431,27154,0.410099,0.21,1,1668528,1668097,431
113454601,44.9556,44.713,432,27232,0.43404,0.27,1,1668562,1668130,432
113504241,63.333,38.6289,523,28525,0.758891,0.63,2,1669421,1668898,523
113507161,45.7332,58.6515,485,28599,0.801556,0.61,2,1669455,1668970,485
113510081,73.4933,43.8606,543,28673,0.806623,0.63,2,1669547,1669004,543
113513001,37.7973,71.5442,467,28747,0.808649,0.69,2,1669561,1669094,467
113515921,33.1189,37.0177,483,28821,0.83346,0.67,2,1669591,1669108,483
113518841,69.0476,32.2071,547,28894,0.855384,0.69,2,1669684,1669137,547
113521761,28.819,68.0828,457,28967,0.864154,0.69,2,1669686,1669229,457
113524681,52.3276,28.4331,523,29040,0.879661,0.71,2,1669754,1669231,523
113527601,53.931,51.5733,511,29113,0.897865,0.77,2,1669809,1669298,511
113638561,38.5075,40.0862,514,31758,0.777693,1,2,1671638,1671124,514
113644401,61.4812,58.7338,537,31891,0.406431,1,1,1671777,1671240,537
113653161,57.7188,29.103,564,32089,0.0608116,0.95,1,1671918,1671354,564
113656081,32.0875,63.8412,492,32155,0.0423246,1,1,1671933,1671441,492
113659001,27.835,38.1365,496,32221,0.0469299,1,1,1671958,1671462,496
113661921,57.334,32.0546,545,32287,0.0367719,0.95,1,1672035,1671490,545
113664841,40.3336,61.4218,493,32353,0.0327088,0.87,1,1672064,1671571,493
113667761,34.7334,43.7687,492,32418,0.0550835,0.69,1,1672095,1671603,492
113682361,55.4107,37.797,492,32743,0.0666408,0.03,1,1672339,1671847,492
113685281,23.3643,57.7188,423,32808,0.0326563,0.03,1,1672341,1671918,423
113688201,18.3457,32.0875,423,32872,0.0430625,0.05,1,1672356,1671933,423
113691121,21.7383,27.835,422,32936,0.047225,0.03,1,1672380,1671958,422
113694041,56.0953,57.334,424,33000,0.03689,0.03,1,1672459,1672035,424
113696961,38.6381,40.3336,422,33064,0.044756,0.07,1,1672486,1672064,422
113714481,53.8649,55.4107,424,33446,0.22731,0.01,1,1672763,1672339,424
113717401,22.746,23.3643,424,33509,0.240924,0.05,1,1672765,1672341,424
113720321,18.0984,18.3457,424,33572,0.23437,0.05,1,1672780,1672356,424
113723241,21.0394,21.7383,423,33635,0.255748,0.03,1,1672803,1672380,423
113726161,55.8157,56.0953,423,33698,0.228299,0.05,1,1672882,1672459,423
113729081,37.9263,38.6381,422,33761,0.21732,0.15,1,1672908,1672486,422
113732001,39.7705,37.0552,427,33824,0.236928,0.13,1,1672949,1672522,427
113734921,51.9082,50.2221,428,33887,0.232771,0.17,1,1673009,1672581,428
113737841,53.7633,51.8888,430,33949,0.267108,0.23,1,1673064,1672634,430
113740761,42.5053,41.1555,431,34011,0.244843,0.19,1,1673099,1672668,431
113743681,33.2021,32.6622,431,34073,0.223937,0.25,1,1673126,1672695,431
113746601,55.8809,53.8649,434,34135,0.239575,0.25,1,1673197,1672763,434
113749521,23.5523,22.746,434,34197,0.24583,0.23,1,1673199,1672765,434
113752441,17.8209,18.0984,433,34259,0.260332,0.23,1,1673213,1672780,433
113755361,21.5284,7.23935,457,34321,0.254133,0.27,1,1673237,1672780,457
113758281,54.2114,16.6957,510,34383,0.263653,0.21,1,1673313,1672803,510
113761201,37.2845,54.0783,457,34444,0.267461,0.21,1,1673339,1672882,457
113764121,39.5138,37.2313,472,34505,0.292985,0.25,1,1673380,1672908,472
113775801,32.49,42.4875,458,34749,0.41478,0.21,1,1673557,1673099,458
113778721,56.196,33.195,503,34810,0.435912,0.25,1,1673629,1673126,503
113781641,23.6784,55.878,434,34871,0.444365,0.25,1,1673631,1673197,434
113784561,17.8714,23.5512,446,34932,0.423746,0.27,1,1673645,1673199,446
113787481,22.1485,17.8205,457,34993,0.415498,0.25,1,1673670,1673213,457
113790401,55.0594,21.5282,510,35053,0.424199,0.27,1,1673747,1673237,510
113793321,37.6238,54.2113,460,35113,0.42768,0.27,1,1673773,1673313,460
113796241,40.8495,37.2845,477,35173,0.441072,0.31,1,1673816,1673339,477
113840041,45.9226,44.1824,448,36064,0.753834,0.55,2,1674421,1673973,448
113842961,35.169,33.8729,449,36123,0.787534,0.57,2,1674449,1674000,449
113845881,56.6676,55.5492,450,36182,0.825013,0.57,2,1674520,1674070,450
113848801,23.867,23.4197,450,36240,0.840005,0.55,2,1674522,1674072,450
113851721,19.1468,18.3679,451,36298,0.858002,0.59,2,1674538,1674087,451
113854641,22.0587,21.7471,451,36356,0.889201,0.59,2,1674562,1674111,451
114026921,50.4821,53.4745,484,39639,0.86872,1,2,1676889,1676405,484
114038601,32.0987,29.5401,502,39851,0.276879,1,1,1677035,1676533,502
114044441,32.3758,28.6064,510,39957,0.0839007,1,1,1677099,1676589,510
114047361,26.1503,27.6426,505,40010,0.0875603,1,1,1677121,1676616,505
114050281,27.2601,31.457,499,40063,0.0350241,1,1,1677149,1676650,499
114053201,31.9041,12.5828,534,40116,0.0320096,1,1,1677184,1676650,534
114056121,38.5616,26.0331,542,40169,0.0188039,1,1,1677227,1676685,542
114059041,36.4246,47.0133,516,40222,0.0135215,0.92,1,1677262,1676746,516
114061961,40.9699,42.8053,520,40274,0.0234086,0.96,1,1677306,1676786,520
114064881,42.1879,47.7221,512,40326,0.00936345,0.81,1,1677349,1676837,512
114067801,41.4752,50.2888,501,40378,0.0217454,0.65,1,1677390,1676889,501
114070721,33.3901,50.7155,478,40430,0.0386982,0.53,1,1677418,1676940,478
114073641,28.956,40.0862,471,40482,0.0334793,0.37,1,1677444,1676973,471
114076561,24.7824,35.2345,461,40534,0.0313917,0.15,1,1677466,1677005,461
114079481,27.313,32.0938,460,40586,0.0305567,0.09,1,1677495,1677035,460
114082401,27.7252,31.4375,457,40638,0.0182227,0.03,1,1677523,1677066,457
114085321,23.6901,32.375,445,40690,0.0132891,0.09,1,1677544,1677099,445
114088241,25.076,26.15,449,40742,0.00531563,0,1,1677570,1677121,449
114091161,31.0304,27.26,456,40794,0.0201263,0.03,1,1677605,1677149,456
114094081,38.2122,31.904,464,40846,0.0260505,0.01,1,1677648,1677184,464
114097001,37.4849,38.5616,458,40898,0.0404202,0.01,1,1677685,1677227,458
114099921,40.1939,36.4246,465,40950,0.0341681,0.03,1,1677727,1677262,465
114102841,42.4776,40.9699,465,41002,0.0556672,0,1,1677771,1677306,465
114105761,41.591,42.1879,463,41053,0.0402669,0.03,1,1677812,1677349,463
114108681,33.4364,41.4752,450,41104,0.0581068,0.05,1,1677840,1677390,450
114111601,28.3746,33.3901,447,41155,0.0412427,0.03,1,1677865,1677418,447
114114521,24.5498,28.956,443,41206,0.0344971,0.03,1,1677887,1677444,443
114117441,28.4199,24.7824,452,41257,0.0557988,0.03,1,1677918,1677466,452
114120361,26.968,27.313,449,41308,0.0523195,0.01,1,1677944,1677495,449
114123281,23.9872,27.7252,443,41359,0.0269278,0.01,1,1677966,1677523,443
114126201,24.5949,23.6901,447,41410,0.0107711,0,1,1677991,1677544,447
114129121,30.8379,25.076,456,41461,0.0103084,0.03,1,1678026,1677570,456
114132041,38.1352,31.0304,464,41512,0.0341234,0.03,1,1678069,1677605,464
114134961,16.4541,38.2122,423,41563,0.0196494,0.05,1,1678071,1677648,423
114137881,29.3816,37.4849,424,41614,0.0378597,0.03,1,1678109,1677685,424
114140801,36.9527,40.1939,424,41665,0.0451439,0.07,1,1678151,1677727,424
114143721,40.5811,42.4776,423,41716,0.0480576,0.03,1,1678194,1677771,423
114146641,40.2324,41.591,422,41767,0.037223,0.07,1,1678234,1677812,422
114149561,34.693,33.4364,425,41818,0.0328892,0.03,1,1678265,1677840,425
114152481,27.6772,28.3746,423,41868,0.0191557,0.03,1,1678288,1677865,423
114155401,27.2709,24.5498,428,41918,0.0376623,0.07,1,1678315,1677887,428
114158321,27.7084,28.4199,425,41968,0.0570649,0.05,1,1678343,1677918,425
114161241,26.0833,26.968,424,42018,0.064826,0.01,1,1678368,1677944,424
114164161,24.8333,23.9872,426,42068,0.0919304,0,1,1678392,1677966,426
114167081,23.1333,24.5949,423,42118,0.0787722,0.01,1,1678414,1677991,423
114170001,29.6533,30.8379,422,42168,0.0615089,0.05,1,1678448,1678026,422
114172921,37.6613,38.1352,422,42218,0.0246035,0.01,1,1678491,1678069,422
114175841,16.2645,16.4541,422,42268,0.0398414,0.05,1,1678493,1678071,422
114178761,29.3058,29.3816,422,42318,0.0219366,0.05,1,1678531,1678109,422
114181681,38.1223,36.9527,424,42368,0.0147746,0.05,1,1678575,1678151,424
114184601,39.8489,40.5811,422,42418,0.0119099,0.03,1,1678616,1678194,422
114187521,41.1396,40.2324,424,42468,0.0227639,0.03,1,1678658,1678234,424
114190441,34.4558,34.693,423,42518,0.0631056,0.01,1,1678688,1678265,423
114193361,26.9823,27.6772,422,42568,0.0552422,0.05,1,1678710,1678288,422
114196281,28.1929,27.2709,424,42618,0.0520969,0.07,1,1678739,1678315,424
114199201,28.6772,27.7084,425,42668,0.0388388,0.07,1,1678768,1678343,425
114202121,27.6709,26.0833,427,42717,0.0335355,0.11,1,1678795,1678368,427
114205041,25.4683,24.8333,427,42766,0.0194142,0.07,1,1678819,1678392,427
114207961,20.3873,23.1333,422,42815,0.0497657,0.05,1,1678836,1678414,422
114210881,29.1549,29.6533,423,42864,0.0499063,0,1,1678871,1678448,423
114213801,36.862,37.6613,422,42913,0.0199625,0.05,1,1678913,1678491,422
114216721,15.9448,16.2645,422,42962,0.037985,0.01,1,1678915,1678493,422
114219641,29.1779,29.3058,422,43011,0.021194,0.01,1,1678953,1678531,422
114222561,37.4712,11.7223,465,43060,0.0264776,0.01,1,1678996,1678531,465
114225481,39.5885,31.0889,462,43109,0.028591,0.01,1,1679037,1678575,462
114228401,41.6354,37.0356,464,43158,0.0414364,0.03,1,1679080,1678616,464
114231321,35.2542,40.0142,453,43207,0.0705746,0.09,1,1679111,1678658,453
114254681,36.6985,29.1542,463,43598,0.0729263,0,1,1679334,1678871,463
114257601,15.8794,36.8617,423,43646,0.0591705,0.05,1,1679336,1678913,423
114260521,29.1518,15.9447,459,43694,0.0416682,0.01,1,1679374,1678915,459
114263441,38.0607,29.1779,465,43742,0.0346673,0.03,1,1679418,1678953,465
114266361,39.8243,37.4711,463,43790,0.0318669,0.03,1,1679459,1678996,463
114269281,42.9297,39.5885,467,43838,0.0307468,0.05,1,1679504,1679037,467
114272201,36.9719,41.6354,457,43886,0.0422987,0.09,1,1679537,1679080,457
114275121,27.3888,35.2542,447,43934,0.0349195,0.13,1,1679558,1679111,447
114278041,28.9555,26.7017,456,43982,0.0439678,0.11,1,1679588,1679132,456
114280961,28.9822,28.6807,455,44030,0.0355871,0.13,1,1679617,1679162,455
114283881,27.1929,28.2723,453,44078,0.0442348,0.17,1,1679643,1679190,453
114286801,25.2772,26.9089,451,44126,0.0476939,0.13,1,1679667,1679216,451
114289721,21.5109,25.1636,446,44174,0.0610776,0.13,1,1679686,1679240,446
114292641,27.2043,20.8654,459,44222,0.090431,0.09,1,1679717,1679258,459
114310161,17.1372,39.8243,424,44508,0.203996,0.03,1,1679883,1679459,424
114313081,33.2549,42.9297,423,44555,0.207598,0.05,1,1679927,1679504,423
114316001,33.702,36.9719,424,44602,0.221039,0.03,1,1679961,1679537,424
114318921,25.4808,27.3888,423,44649,0.238416,0.05,1,1679981,1679558,423
114321841,28.7923,28.9555,424,44696,0.233366,0.03,1,1680012,1679588,424
114324761,28.9169,28.9822,424,44743,0.255347,0.05,1,1680041,1679617,424
114327681,27.1668,27.1929,424,44790,0.264139,0.05,1,1680067,1679643,424
114330601,25.2667,25.2772,424,44837,0.279655,0.07,1,1680091,1679667,424
114333521,22.7067,21.5109,426,44884,0.297862,0.11,1,1680112,1679686,426
114351041,40.8842,39.8431,432,45166,0.412064,0.21,1,1680313,1679881,432
114353961,17.5537,17.1372,432,45213,0.422825,0.21,1,1680315,1679883,432
114459081,27.8312,30.5621,471,46861,0.758986,0.51,2,1681391,1680920,471
114462001,26.7325,28.4248,470,46906,0.765594,0.47,2,1681417,1680947,470
114467841,32.3572,22.788,484,46996,0.783695,0.55,2,1681477,1680993,484
114470761,40.5429,30.1152,495,47041,0.775478,0.55,2,1681523,1681028,495
114473681,17.4172,39.0461,452,47086,0.772191,0.55,2,1681525,1681073,452
114476601,29.7669,16.8184,488,47131,0.794876,0.57,2,1681563,1681075,488
114479521,40.7067,30.1274,497,47176,0.839951,0.59,2,1681611,1681114,497
114482441,42.0827,39.6509,494,47221,0.86998,0.63,2,1681654,1681160,494
114485361,18.0331,41.0604,454,47266,0.881992,0.63,2,1681656,1681202,454
114751081,95.7041,113.889,438,23360,0.222544,0.25,1,1684490,1684052,438
114756921,84.9127,73.5422,475,23541,0.089607,0.03,1,1684639,1684164,475
114759841,79.5651,80.4169,466,23631,0.0358428,0.09,1,1684715,1684249,466
114762761,39.026,56.1667,438,23721,0.0323371,0.13,1,1684727,1684289,438
114765681,23.4104,35.0667,430,23810,0.0429348,0.11,1,1684740,1684310,430
114768601,32.1642,26.6267,447,23899,0.0711739,0.13,1,1684778,1684331,447
114771521,60.8657,52.0507,458,23988,0.0464696,0.19,1,1684858,1684400,458
114774441,61.5463,58.0203,458,24076,0.0605878,0.15,1,1684920,1684462,458
114777361,56.4185,73.0081,428,24164,0.0902351,0.03,1,1684973,1684545,428
114806561,74.4405,75.9871,427,25027,0.250583,0.15,1,1685565,1685138,427
114809481,35.7762,37.5949,425,25112,0.274233,0.07,1,1685575,1685150,425
114812401,22.7105,23.4379,425,25196,0.283693,0.15,1,1685589,1685164,425
114824081,57.2982,25.0032,482,25531,0.415311,0.17,1,1685827,1685345,482
114827001,81.7193,43.0013,525,25614,0.448124,0.21,1,1685925,1685400,525
114862041,37.0492,23.2298,493,26589,0.750995,0.53,2,1686517,1686024,493
114882481,30.2825,38.0577,458,27141,0.759607,0.73,2,1686915,1686457,458
114885401,21.113,23.6231,459,27219,0.753843,0.77,2,1686930,1686471,459
114888321,36.6452,37.0492,460,27297,0.823537,0.71,2,1686977,1686517,460
114891241,63.8581,65.8197,457,27375,0.863415,0.67,2,1687059,1686602,457
114993441,31.5791,20.8275,521,29962,0.87112,1,2,1688859,1688338,521
114996361,30.6316,34.131,508,30033,0.870448,1,2,1688889,1688381,508
115005121,60.0884,68.8804,478,30243,0.293069,1,1,1689079,1688601,478
115010961,48.2541,50.6209,474,30383,0.088891,1,1,1689201,1688727,474
115013881,42.1017,46.0483,469,30453,0.0415564,0.97,1,1689239,1688770,469
115016801,35.4407,37.6193,468,30522,0.0346226,0.85,1,1689270,1688802,468
115019721,25.5763,29.4477,463,30591,0.031849,0.85,1,1689289,1688826,463
115022641,30.6305,31.5791,464,30660,0.0187396,0.87,1,1689323,1688859,464
115025561,30.2522,30.6316,464,30729,0.0134958,0.61,1,1689353,1688889,464
115028481,45.1009,53.0527,451,30798,0.0353983,0.37,1,1689408,1688957,451
115031401,48.6404,57.2211,442,30867,0.0801593,0.15,1,1689459,1689017,442
115037241,76.3025,81.6354,427,31004,0.0980255,0.07,1,1689602,1689175,427
115040161,43.721,48.2541,423,31072,0.0692102,0.01,1,1689624,1689201,423
115043081,39.6884,42.1017,422,31140,0.0936841,0.03,1,1689661,1689239,422
115046001,34.4754,35.4407,422,31208,0.0794736,0.03,1,1689692,1689270,422
115048921,25.7901,25.5763,423,31276,0.0617894,0.03,1,1689712,1689289,423
115051841,29.5161,10.2305,455,31344,0.0427158,0.01,1,1689744,1689289,455
115054761,29.8064,24.4922,451,31412,0.0350863,0.01,1,1689774,1689323,451
115057681,46.1226,27.7969,478,31479,0.0560345,0.05,1,1689831,1689353,478
115060601,49.649,44.1188,475,31546,0.0524138,0.11,1,1689883,1689408,475
115063521,49.2596,48.2475,473,31613,0.0629655,0.13,1,1689932,1689459,473
115083961,31.0838,29.5154,455,32079,0.0931606,0.03,1,1690199,1689744,455
115092721,49.6054,49.649,473,32277,0.220762,0.07,1,1690356,1689883,473
115119001,39.5674,46.0335,429,32862,0.206013,0.21,1,1690684,1690255,429
115121921,48.227,49.0134,432,32926,0.292405,0.25,1,1690738,1690306,432
115136521,34.6574,34.7883,430,33246,0.41421,0.17,1,1690973,1690543,430
115139441,25.8629,25.9153,430,33310,0.423684,0.17,1,1690993,1690563,430
115194921,46.2578,75.6683,474,34496,0.785482,0.61,2,1691795,1691321,474
115197841,41.3031,44.0673,489,34557,0.800193,0.61,2,1691833,1691344,489
115200761,36.9213,40.4269,485,34618,0.818077,0.61,2,1691867,1691382,485
115203681,26.7685,36.5708,471,34679,0.825231,0.61,2,1691887,1691416,471
115206601,29.9074,26.6283,483,34740,0.864092,0.63,2,1691919,1691436,483
115209521,32.363,29.2513,486,34801,0.891637,0.65,2,1691953,1691467,486
115215361,41.0581,13.8002,512,34923,0.895062,0.67,2,1692014,1691502,512
115218281,52.4232,40.3201,514,34984,0.892025,0.69,2,1692074,1691560,514
115221201,53.9693,51.528,510,35044,0.89081,0.69,2,1692129,1691619,510
115355521,55.5718,37.2578,544,37718,0.840112,1,2,1693970,1693426,544
115367201,45.7842,71.125,503,37942,0.215475,1,1,1694151,1693648,503
115370121,47.7137,46.45,522,37998,0.0921899,1,1,1694200,1693678,522
115373041,36.4855,41.38,513,38054,0.036876,1,1,1694229,1693716,513
115375961,34.3942,39.352,508,38110,0.0207504,1,1,1694262,1693754,508
115378881,28.7577,31.3408,507,38165,0.0143002,1,1,1694287,1693780,507
115381801,28.9031,26.3363,513,38220,0.0117201,0.93,1,1694316,1693803,513
115384721,25.9612,30.9345,503,38275,0.022688,0.95,1,1694340,1693837,503
115387641,26.5845,28.5738,503,38330,0.0270752,0.99,1,1694367,1693864,503
115390561,45.4338,32.4295,526,38385,0.0168301,0.75,1,1694425,1693899,526
115393481,36.1735,55.5718,485,38440,0.024732,0.67,1,1694455,1693970,485
115396401,29.4694,39.6287,481,38495,0.0278928,0.59,1,1694480,1693999,481
115399321,51.3878,35.6515,514,38550,0.0171571,0.19,1,1694546,1694032,514
115402241,36.1551,66.4606,453,38605,0.0488629,0.11,1,1694572,1694119,453
115405161,15.662,45.7842,423,38660,0.0615451,0.01,1,1694574,1694151,423
115408081,35.0648,47.7137,422,38715,0.0426181,0,1,1694622,1694200,422
115411001,35.0259,36.4855,428,38770,0.0230472,0.01,1,1694657,1694229,428
115413921,32.0104,34.3942,425,38824,0.0872189,0.01,1,1694687,1694262,425
115419761,28.0417,28.9031,423,38932,0.094355,0.03,1,1694739,1694316,423
115422681,25.6167,25.9612,423,38986,0.091742,0.03,1,1694763,1694340,423
115425601,26.4467,26.5845,423,39040,0.0546968,0.01,1,1694790,1694367,423
115428521,44.7787,45.4338,422,39094,0.0518787,0.03,1,1694847,1694425,422
115431441,36.5115,36.1735,423,39148,0.0387515,0.03,1,1694878,1694455,423
115434361,29.6046,29.4694,423,39202,0.0575006,0.01,1,1694903,1694480,423
115437281,51.4418,51.3878,423,39256,0.0650002,0.07,1,1694969,1694546,423
115440201,39.1767,36.1551,428,39310,0.0800001,0.07,1,1695000,1694572,428
115443121,16.8707,15.662,428,39364,0.086,0.03,1,1695002,1694574,428
115446041,31.9483,35.0648,422,39418,0.0524,0.01,1,1695044,1694622,422
115448961,33.7793,35.0259,422,39472,0.02696,0.13,1,1695079,1694657,422
115451881,35.1117,32.0104,428,39526,0.052784,0.11,1,1695115,1694687,428
115454801,24.8447,26.6041,423,39579,0.0751136,0.09,1,1695133,1694710,423
115457721,29.1379,28.0417,426,39632,0.0840454,0.09,1,1695165,1694739,426
115460641,23.6551,25.6167,422,39685,0.0996182,0.03,1,1695185,1694763,422
115463561,25.6621,26.4467,422,39738,0.0938473,0.05,1,1695212,1694790,422
115469401,36.9859,36.5115,423,39844,0.0834156,0.07,1,1695301,1694878,423
115472321,29.7944,29.6046,423,39897,0.0633662,0.07,1,1695326,1694903,423
115475241,52.7178,51.4418,425,39950,0.0673465,0.09,1,1695394,1694969,425
115478161,40.2871,39.1767,426,40003,0.0809386,0.09,1,1695426,1695000,426
115481081,17.3148,16.8707,426,40056,0.0863754,0.03,1,1695428,1695002,426
115486921,32.2904,12.7793,456,40162,0.0822201,0.01,1,1695500,1695044,456
115489841,35.7162,26.1117,459,40215,0.038888,0.07,1,1695538,1695079,459
115492761,25.0865,32.0447,441,40268,0.0335552,0.09,1,1695556,1695115,441
115495681,29.8346,23.6179,456,40320,0.0314221,0.09,1,1695589,1695133,456
115498601,23.9338,28.6472,444,40372,0.0545688,0.11,1,1695609,1695165,444
115501521,26.3735,23.4589,452,40424,0.0878275,0.09,1,1695637,1695185,452
115527801,34.1939,32.2903,459,40892,0.083851,0.01,1,1695959,1695500,459
115530721,25.6776,35.7161,441,40944,0.0395404,0.03,1,1695979,1695538,441
115533641,30.071,25.0865,456,40996,0.0338162,0.03,1,1696012,1695556,456
115536561,24.6284,29.8346,444,41047,0.0435265,0.07,1,1696033,1695589,444
115539481,27.8514,23.9338,454,41098,0.0474106,0.11,1,1696063,1695609,454
115542401,44.1405,26.3735,481,41149,0.0369642,0.13,1,1696118,1695637,481
115545321,37.4562,42.9494,460,41200,0.0327857,0.15,1,1696151,1695691,460
115548241,31.1825,36.3798,455,41251,0.0671143,0.15,1,1696178,1695723,455
115551161,53.873,30.1519,498,41302,0.0928457,0.15,1,1696247,1695749,498
115554081,41.3492,54.0608,461,41353,0.0911383,0.17,1,1696280,1695819,461
115557001,17.7397,40.8243,431,41404,0.0904553,0.17,1,1696282,1695851,431
115559921,28.6959,17.5297,465,41455,0.0901821,0.15,1,1696318,1695853,465
115562841,30.6783,29.2119,460,41506,0.0900728,0.17,1,1696350,1695890,460
115565761,13.4713,31.4848,429,41557,0.0900291,0.03,1,1696352,1695923,429
115580361,27.4691,27.8514,424,41812,0.239549,0.03,1,1696487,1696063,424
115583281,43.3877,44.1405,423,41862,0.29382,0.03,1,1696541,1696118,423
115594961,41.0563,41.3492,426,42062,0.404626,0.09,1,1696706,1696280,426
115597881,17.6225,17.7397,426,42112,0.41985,0.09,1,1696708,1696282,426
115600801,28.649,28.6959,426,42162,0.42594,0.09,1,1696744,1696318,426
115603721,30.6596,30.6783,426,42212,0.428376,0.09,1,1696776,1696350,426
115606641,13.4638,13.4713,426,42262,0.40535,0.17,1,1696778,1696352,426
115673801,56.7089,34.8473,520,43397,0.771774,0.63,2,1697564,1697044,520
115676721,43.6836,55.9389,485,43446,0.79471,0.63,2,1697599,1697114,485
115679641,18.6734,42.1756,454,43495,0.803884,0.63,2,1697601,1697147,454
115682561,29.0694,18.0702,488,43544,0.831554,0.63,2,1697637,1697149,488
115685481,32.0277,28.8281,486,43592,0.842621,0.65,2,1697671,1697185,486
115688401,14.0111,31.3312,455,43640,0.847049,0.65,2,1697673,1697218,455
115691321,26.6044,13.7325,488,43688,0.836819,0.67,2,1697708,1697220,488
115694241,23.8418,25.893,476,43736,0.832728,0.67,2,1697730,1697254,476
115697161,29.9367,23.5572,488,43784,0.843091,0.65,2,1697764,1697276,488
115700081,23.9747,30.4229,473,43832,0.859236,0.65,2,1697784,1697311,473
115703001,30.5899,24.1692,488,43880,0.853695,0.67,2,1697819,1697331,488
115705921,50.036,30.0677,517,43928,0.851478,0.75,2,1697882,1697365,517
115708841,41.6144,46.8271,495,43976,0.850591,0.75,2,1697918,1697423,495
115711761,37.0458,40.9308,492,44024,0.850237,0.75,2,1697952,1697460,492
115714681,58.0183,36.7723,530,44072,0.826095,0.79,2,1698024,1697494,530
115717601,44.8073,56.7089,496,44120,0.828438,0.81,2,1698060,1697564,496
115720521,19.1229,43.6836,463,44168,0.829375,0.81,2,1698062,1697599,463
115723441,30.4492,18.6734,499,44216,0.82975,0.85,2,1698100,1697601,499
115726361,32.5797,29.0694,497,44264,0.8659,0.85,2,1698134,1697637,497
115729281,14.2319,32.0277,465,44312,0.88036,0.85,2,1698136,1697671,465
115732201,26.0927,14.0111,497,44360,0.886144,0.83,2,1698170,1697673,497
115735121,23.6371,26.6044,484,44408,0.888458,0.83,2,1698192,1697708,484
115738041,30.4548,23.8418,497,44456,0.877383,0.85,2,1698227,1697730,497
115740961,13.3819,29.9367,465,44503,0.872953,0.87,2,1698229,1697764,465
115743881,17.3528,23.9747,465,44550,0.895181,0.85,2,1698249,1697784,465
115929301,84.5626,91.0182,491,21568,0.401448,0.47,1,1700531,1700040,491
115967261,73.1798,82.1,512,22813,0.79259,0.65,2,1701340,1700828,512
115970181,79.0719,70.64,532,22906,0.839036,0.63,2,1701423,1700891,532
115973101,80.8288,77.456,532,22999,0.869614,0.71,2,1701505,1700973,532
116084061,74.5327,58.9719,562,26273,0.787619,1,2,1703784,1703222,562
116092821,40.5781,55.4702,509,26514,0.412568,1,1,1703944,1703435,509
116113261,63.4125,88.6131,444,27068,0.202335,0.43,1,1704326,1703882,444
116116181,41.565,53.4452,441,27146,0.266934,0.35,1,1704353,1703912,441
116119101,36.426,40.5781,442,27224,0.208774,0.35,1,1704386,1703944,442
116122021,44.5704,49.2312,437,27302,0.233509,0.29,1,1704436,1703999,437
116124941,25.0282,31.0925,430,27380,0.243404,0.11,1,1704448,1704018,430
116127861,73.0113,77.237,427,27457,0.271362,0.17,1,1704553,1704126,427
116130781,51.4045,50.6948,431,27534,0.294545,0.15,1,1704590,1704159,431
116151221,25.5908,25.0282,434,28068,0.404801,0.29,1,1704882,1704448,434
116203781,26.772,46.7596,465,29395,0.760414,0.63,2,1705775,1705310,465
116206701,77.9088,25.9039,565,29467,0.790166,0.65,2,1705887,1705322,565
116209621,54.5635,77.5615,492,29539,0.838066,0.63,2,1705926,1705434,492
116212541,69.8254,54.4246,533,29611,0.869227,0.65,2,1706006,1705473,533
116215461,29.1302,69.7698,455,29682,0.881691,0.65,2,1706008,1705553,455
116478261,34.1158,38.2837,506,35526,0.895437,1,2,1710100,1709594,506
116481181,28.0463,35.7135,496,35586,0.898175,1,2,1710124,1709628,496
116492861,61.0492,66.4487,482,35822,0.878593,1,2,1710296,1709814,482
116495781,45.4197,51.7795,475,35881,0.885437,1,2,1710331,1709856,475
116498701,60.1679,60.3118,479,35940,0.840175,0.93,2,1710401,1709922,479
116501621,49.2671,47.5247,482,35999,0.84607,0.93,2,1710443,1709961,482
116504541,37.7069,38.8099,479,36058,0.800428,1,2,1710473,1709994,479
116507461,39.6827,37.724,483,36117,0.794171,0.93,2,1710514,1710031,483
116510381,36.8731,37.2896,481,36176,0.815668,0.86,2,1710549,1710068,481
116513301,28.5492,34.1158,472,36234,0.836267,0.9,2,1710572,1710100,472
116516221,24.6197,28.0463,470,36292,0.868507,1,2,1710594,1710124,470
116519141,30.2479,31.0185,471,36350,0.893403,1,2,1710628,1710157,471
116522061,31.8992,32.8074,470,36408,0.879361,0.93,2,1710661,1710191,470
116524981,22.3597,25.123,466,36466,0.897744,0.83,2,1710677,1710211,466
116706021,34.0628,25.0555,525,39899,0.845958,1,2,1713119,1712594,525
116708941,26.2251,33.4222,507,39952,0.812383,1,2,1713140,1712633,507
116720621,34.7994,27.8988,519,40164,0.231949,1,1,1713299,1712780,519
116726461,33.6479,39.3838,507,40270,0.0767118,1,1,1713380,1712873,507
116729381,40.4592,31.3535,526,40322,0.0606847,1,1,1713425,1712899,526
116732301,43.1837,47.3414,513,40374,0.0542739,0.99,1,1713470,1712957,513
116735221,34.0735,42.3366,502,40426,0.0517096,0.93,1,1713498,1712996,502
116738141,25.6294,34.9346,492,40478,0.0266838,1,1,1713518,1713026,492
116741061,30.6518,28.3738,502,40530,0.0526735,0.92,1,1713552,1713050,502
116743981,28.4607,31.1495,496,40582,0.0510694,0.78,1,1713579,1713083,496
116746901,22.7843,34.0598,479,40634,0.0264278,0.79,1,1713598,1713119,479
116749821,32.5137,26.2239,497,40686,0.0645711,0.53,1,1713637,1713140,497
116752741,34.6055,43.4896,478,40738,0.0558284,0.35,1,1713673,1713195,478
116755661,24.6422,41.9958,455,40790,0.0523314,0.23,1,1713691,1713236,455
116758581,30.2569,32.9983,462,40842,0.0749326,0.17,1,1713725,1713263,462
116761501,43.3028,34.7993,478,40894,0.071973,0.09,1,1713777,1713299,478
116764421,31.7211,48.1197,445,40946,0.0287892,0.03,1,1713801,1713356,445
116767341,39.6884,33.6479,466,40998,0.0295157,0.05,1,1713846,1713380,466
116770261,42.8754,40.4592,466,41049,0.0298063,0.05,1,1713891,1713425,466
116773181,33.9502,43.1837,449,41100,0.0179225,0.05,1,1713919,1713470,449
116776101,25.5801,34.0735,441,41151,0.007169,0.01,1,1713939,1713498,441
116779021,32.432,25.6294,458,41202,0.0808676,0.07,1,1713976,1713518,458
116808221,39.7537,39.6884,426,41712,0.0933415,0.03,1,1714272,1713846,426
116811141,41.7015,42.8754,424,41763,0.0553366,0.01,1,1714315,1713891,424
116814061,34.0806,33.9502,425,41814,0.0281346,0,1,1714344,1713919,425
116816981,26.2322,25.5801,426,41864,0.0292539,0.13,1,1714365,1713939,426
116819901,34.4929,32.432,429,41914,0.0657015,0.17,1,1714405,1713976,429
116846181,26.3129,27.3843,429,42364,0.202456,0.03,1,1714653,1714224,429
116857861,27.136,26.2322,424,42564,0.0603349,0.09,1,1714789,1714365,424
116860781,35.4544,34.4929,425,42614,0.0541339,0.15,1,1714830,1714405,425
116863701,30.9818,29.3972,427,42664,0.0636536,0.11,1,1714858,1714431,427
116866621,21.9927,21.3589,427,42713,0.0674614,0.11,1,1714874,1714447,427
116895821,32.6974,38.476,453,43203,0.204197,0.09,1,1715190,1714737,453
116942541,34.6407,25.079,469,43978,0.201246,0.15,1,1715679,1715210,469
116945461,31.8563,34.6316,458,44026,0.206498,0.11,1,1715709,1715251,458
116948381,22.3425,31.8526,444,44074,0.220599,0.13,1,1715725,1715281,444
116951301,34.737,22.9411,470,44122,0.28624,0.11,1,1715768,1715298,470
116965901,37.7314,14.633,480,44362,0.403587,0.15,1,1715920,1715440,480
116968821,27.0926,37.0532,448,44410,0.431435,0.15,1,1715940,1715492,448
117030141,34.3128,34.7637,447,45397,0.756757,0.55,2,1716558,1716111,447
117033061,31.7251,31.9055,447,45443,0.776703,0.57,2,1716588,1716141,447
117035981,24.69,24.1622,448,45489,0.772681,0.55,2,1716608,1716160,448
117038901,38.076,37.8649,448,45535,0.807072,0.57,2,1716655,1716207,448
117041821,38.0304,37.946,448,45581,0.832829,0.55,2,1716693,1716245,448
117044741,28.4122,27.7784,449,45627,0.843132,0.59,2,1716715,1716266,449
117047661,37.1649,35.7114,451,45673,0.835253,0.59,2,1716758,1716307,451
117050581,16.0659,15.4845,451,45719,0.868101,0.65,2,1716760,1716309,451
117053501,41.2264,39.1938,454,45765,0.88124,0.71,2,1716818,1716364,454
117317761,87.0791,90.456,489,23003,0.0858589,0.51,1,1719765,1719276,489
117320681,70.2316,77.5824,479,23095,0.0643436,0.31,1,1719824,1719345,479
117335281,59.9713,65.462,481,23550,0.238787,0.05,1,1720096,1719615,481
117338201,80.9885,61.5848,517,23640,0.269515,0.07,1,1720191,1719674,517
117341121,67.7954,79.2339,485,23730,0.293806,0.05,1,1720250,1719765,485
117352801,44.3164,52.87,427,24085,0.402513,0.23,1,1720394,1719967,427
117358641,61.2106,59.9392,435,24261,0.416002,0.29,1,1720531,1720096,435
117411201,71.084,83.7375,514,25788,0.768369,0.63,2,1721589,1721075,514
117414121,63.2336,70.695,510,25870,0.805347,0.59,2,1721647,1721137,510
117417041,39.0934,64.278,473,25952,0.856139,0.61,2,1721670,1721197,473
117419961,16.8374,39.5112,452,26034,0.876456,0.63,2,1721672,1721220,452
117422881,46.335,17.0045,516,26115,0.884582,0.65,2,1721738,1721222,516
117513401,57.8932,60.7832,537,28521,0.8932,1,2,1723480,1722943,537
117516321,57.9573,65.1133,527,28595,0.78328,1,2,1723538,1723011,527
117528001,75.4757,36.9709,579,28890,0.448068,1,1,1723741,1723162,579
117536761,55.7824,51.3261,530,29109,0.247316,0.93,1,1723890,1723360,530
117539681,56.513,57.7305,525,29182,0.248927,0.85,1,1723947,1723422,525
117542601,49.0052,57.8922,511,29255,0.237571,0.71,1,1723991,1723480,511
117545521,33.4021,57.9569,476,29327,0.257028,0.69,1,1724014,1723538,476
117548441,32.5608,38.1827,483,29399,0.264811,0.67,1,1724046,1723563,483
117551361,40.0243,34.4731,496,29471,0.267925,0.53,1,1724091,1723595,496
117554281,69.4097,43.1892,536,29543,0.29317,0.35,1,1724180,1723644,536
117563041,51.5062,47.9561,491,29757,0.426523,0.21,1,1724320,1723829,491
117565961,55.4025,55.7824,488,29828,0.440609,0.25,1,1724378,1723890,488
117568881,23.361,56.513,433,29899,0.446244,0.23,1,1724380,1723947,433
117624361,57.2723,56.0343,455,31216,0.770526,0.67,2,1725277,1724822,455
117627281,24.1089,23.6137,455,31284,0.78221,0.67,2,1725279,1724824,455
117630201,39.0436,9.44548,504,31352,0.750884,0.71,2,1725328,1724824,504
117633121,28.8174,32.5782,478,31419,0.750354,0.71,2,1725350,1724872,478
117636041,31.927,26.2313,490,31486,0.762141,0.71,2,1725384,1724894,490
117638961,40.3708,32.0925,500,31553,0.778857,0.65,2,1725430,1724930,500
117641881,70.1483,41.037,543,31620,0.809543,0.65,2,1725520,1724977,543
117644801,57.4593,71.6148,500,31687,0.857817,0.67,2,1725569,1725069,500
117647721,49.3837,57.4459,496,31754,0.889127,0.67,2,1725613,1725117,496
117752841,33.0835,31.3081,486,34069,0.87496,1,2,1727220,1726734,486
117767441,62.9231,25.1952,575,34379,0.214544,1,1,1727420,1726845,575
117770361,53.9692,67.0781,528,34441,0.0918174,1,1,1727468,1726940,528
117773281,44.3877,62.8312,506,34502,0.042727,1,1,1727506,1727000,506
117776201,60.9551,49.7325,537,34563,0.0470908,1,1,1727578,1727041,537
117779121,56.182,61.893,520,34624,0.0488363,0.91,1,1727631,1727111,520
117782041,39.2728,55.9572,496,34685,0.0615345,0.89,1,1727659,1727163,496
117784961,28.9091,39.1829,490,34746,0.0426138,0.85,1,1727681,1727191,490
117787881,31.9637,33.0732,495,34807,0.0470455,0.65,1,1727715,1727220,495
117790801,27.7855,38.4293,478,34868,0.0368182,0.55,1,1727740,1727262,478
117793721,20.7142,32.1717,466,34929,0.0567273,0.43,1,1727756,1727290,466
117796641,16.0857,27.2687,455,34990,0.0766909,0.43,1,1727769,1727314,455
117802481,49.1337,62.923,471,35110,0.0662705,0.01,1,1727891,1727420,471
117805401,41.8535,53.9692,460,35170,0.0325082,0.01,1,1727928,1727468,460
117808321,60.5414,44.3877,495,35230,0.0430033,0.05,1,1728001,1727506,495
117811241,56.0166,60.9551,476,35290,0.0592013,0.05,1,1728054,1727578,476
117843361,60.9332,60.5414,425,35943,0.0804477,0.07,1,1728426,1728001,425
117846281,58.5733,56.0166,429,36002,0.0501791,0.13,1,1728483,1728054,429
117849201,40.8293,39.8066,429,36061,0.0380716,0.17,1,1728512,1728083,429
117852121,27.1317,27.3226,428,36120,0.0212286,0.13,1,1728530,1728102,428
117855041,31.8527,31.9291,428,36179,0.0624915,0.11,1,1728565,1728137,428
117857961,28.9411,28.9716,428,36237,0.0669966,0.13,1,1728592,1728164,428
117860881,22.3764,22.3886,428,36295,0.0447986,0.13,1,1728610,1728182,428
117863801,17.3506,17.3555,428,36353,0.0599195,0.13,1,1728624,1728196,428
117866721,8.14023,8.14218,428,36411,0.0659678,0.19,1,1728626,1728198,428
117869641,47.0561,46.4569,429,36469,0.0683871,0.19,1,1728699,1728270,429
117884241,40.0943,40.8293,422,36759,0.0977275,0.01,1,1728934,1728512,422
117887161,26.8377,27.1317,422,36816,0.081091,0.09,1,1728952,1728530,422
117898841,17.3238,17.3506,423,37044,0.207564,0.07,1,1729047,1728624,423
117901761,8.12954,8.14023,423,37101,0.233026,0.07,1,1729049,1728626,423
117904681,48.2518,47.0561,425,37158,0.23121,0.07,1,1729124,1728699,425
117907601,49.3007,18.8224,475,37215,0.242484,0.17,1,1729174,1728699,475
117910521,40.1203,36.329,461,37272,0.246994,0.19,1,1729208,1728747,461
117913441,54.4481,34.3316,492,37329,0.260797,0.07,1,1729272,1728780,492
117916361,55.9792,54.5326,481,37386,0.290319,0.11,1,1729329,1728848,481
117936801,8.55861,17.3209,433,37779,0.413597,0.25,1,1729480,1729047,433
117939721,49.0234,8.12835,507,37835,0.423439,0.23,1,1729556,1729049,507
117942641,50.2094,48.2513,483,37891,0.427376,0.25,1,1729607,1729124,483
117945561,41.0837,49.3005,468,37947,0.42895,0.25,1,1729642,1729174,468
117948481,54.8335,40.1202,498,38003,0.44158,0.27,1,1729706,1729208,498
117995201,28.6262,28.5893,446,38883,0.767489,0.53,2,1730261,1729815,446
117998121,37.8505,36.6357,448,38937,0.756995,0.55,2,1730305,1729857,448
118001041,33.1402,31.4543,450,38991,0.776798,0.59,2,1730335,1729885,450
118003961,24.0561,23.9817,449,39045,0.784719,0.55,2,1730353,1729904,449
118006881,19.8224,19.1927,450,39099,0.775888,0.55,2,1730370,1729920,450
118009801,9.12897,8.87707,450,39153,0.772355,0.65,2,1730372,1729922,450
118012721,52.2516,49.7508,454,39207,0.770942,0.69,2,1730453,1729999,454
118015641,52.1006,49.9003,456,39261,0.758377,0.67,2,1730505,1730049,456
118018561,41.2403,40.9601,455,39315,0.777351,0.67,2,1730539,1730084,455
118021481,17.6961,17.5841,455,39369,0.78494,0.71,2,1730541,1730086,455
118024401,47.2784,46.0336,457,39423,0.811976,0.77,2,1730608,1730151,457
118027321,55.5114,54.4134,458,39477,0.84679,0.73,2,1730669,1730211,458
118030241,39.0046,38.5654,458,39530,0.872716,0.79,2,1730697,1730239,458
118033161,29.4018,28.6262,459,39583,0.871086,0.75,2,1730720,1730261,459
118036081,38.1607,37.8505,459,39636,0.870435,0.79,2,1730764,1730305,459
118039001,33.2643,33.1402,459,39689,0.870174,0.79,2,1730794,1730335,459
118041921,24.1057,24.0561,459,39742,0.84607,0.77,2,1730812,1730353,459
118044841,19.2423,19.8224,458,39795,0.860428,0.77,2,1730828,1730370,458
118047761,8.89691,9.12897,458,39848,0.866171,0.77,2,1730830,1730372,458
118199601,29.8232,27.8891,489,42515,0.815044,1,2,1732734,1732245,489
118214201,42.4407,43.7505,493,42763,0.22785,1,1,1732924,1732431,493
118217121,31.9763,34.9002,489,42812,0.09714,0.97,1,1732949,1732460,489
118220041,34.3905,35.5601,489,42861,0.068856,1,1,1732985,1732496,489
118222961,46.7562,50.824,483,42910,0.0695424,1,1,1733040,1732557,483
118225881,33.1025,38.3296,477,42959,0.033817,0.97,1,1733064,1732587,477
118228801,24.041,28.5318,473,43008,0.0435268,0.97,1,1733082,1732609,473
118231721,24.6164,11.4127,498,43057,0.0354107,0.94,1,1733107,1732609,498
118234641,27.8466,20.7651,501,43106,0.0321643,0.89,1,1733137,1732636,501
118237561,29.7386,29.906,496,43155,0.0428657,0.91,1,1733168,1732672,496
118240481,23.8954,32.9624,481,43204,0.0231463,0.75,1,1733188,1732707,481
118243401,23.9582,29.385,478,43253,0.0152585,0.55,1,1733212,1732734,478
118246321,28.1833,30.354,478,43302,0.0121034,0.49,1,1733243,1732765,478
118249241,28.6733,31.9416,474,43351,0.0588414,0.39,1,1733272,1732798,474
118258001,29.0511,42.4363,447,43498,0.0865658,0.01,1,1733371,1732924,447
118260921,33.8204,31.9745,459,43547,0.0526263,0.05,1,1733408,1732949,459
118263841,45.3282,34.3898,476,43595,0.0390505,0.07,1,1733461,1732985,476
118266761,32.5313,46.7559,445,43643,0.0336202,0.01,1,1733485,1733040,445
118269681,23.8125,33.1024,439,43691,0.0194481,0.05,1,1733503,1733064,439
118272601,25.125,24.0409,447,43739,0.0257792,0.03,1,1733529,1733082,447
118275521,28.05,24.6164,452,43787,0.0523117,0.03,1,1733559,1733107,452
118278441,29.82,27.8466,453,43835,0.0269247,0.05,1,1733590,1733137,453
118281361,24.528,29.7386,443,43883,0.0647699,0.01,1,1733611,1733168,443
118284281,23.0112,23.8954,445,43931,0.0559079,0.01,1,1733633,1733188,445
118287201,29.6045,23.9582,455,43979,0.0403632,0.01,1,1733667,1733212,455
118290121,29.2418,28.1833,453,44027,0.0341453,0.09,1,1733696,1733243,453
118293041,37.4967,28.6733,467,44075,0.0676581,0.15,1,1733739,1733272,467
118295961,34.1987,36.0693,458,44123,0.0930633,0.11,1,1733771,1733313,458
118301801,32.2318,29.0511,459,44219,0.0712901,0.03,1,1733830,1733371,459
118304721,44.6927,33.8204,475,44267,0.058516,0.03,1,1733883,1733408,475
118307641,31.6771,45.3282,445,44315,0.0774064,0.03,1,1733906,1733461,445
118310561,23.4708,32.5313,439,44363,0.0489626,0.01,1,1733924,1733485,439
118313481,27.3883,23.8125,451,44411,0.025585,0.03,1,1733954,1733503,451
118316401,26.5553,25.125,451,44458,0.028234,0.07,1,1733980,1733529,451
118319321,11.8221,28.05,423,44505,0.0292936,0.01,1,1733982,1733559,423
118322241,23.9289,29.82,424,44552,0.0537174,0.09,1,1734014,1733590,424
118325161,22.1715,24.528,424,44599,0.063487,0.05,1,1734035,1733611,424
118328081,20.8686,23.0112,422,44646,0.0433948,0.03,1,1734055,1733633,422
118331001,29.3474,29.6045,423,44693,0.0473579,0.03,1,1734090,1733667,423
118333921,30.939,29.2418,426,44740,0.0489432,0.09,1,1734122,1733696,426
118336841,38.1756,37.4967,426,44787,0.0855773,0.11,1,1734165,1733739,426
118339761,35.0702,34.1987,427,44834,0.0882309,0.11,1,1734198,1733771,427
118342681,28.4281,28.0795,427,44881,0.0892924,0.05,1,1734222,1733795,427
118345601,29.9712,32.2318,423,44928,0.0537169,0.05,1,1734253,1733830,423
118348521,44.9885,44.6927,425,44975,0.0394868,0.09,1,1734308,1733883,425
118351441,31.7954,31.6771,425,45022,0.0577947,0.03,1,1734331,1733906,425
118354361,21.7182,23.4708,422,45069,0.0531179,0.01,1,1734346,1733924,422
118357281,27.2873,27.3883,423,45116,0.0392472,0.03,1,1734377,1733954,423
118360201,26.5149,26.5553,423,45163,0.0456989,0.03,1,1734403,1733980,423
118363121,11.806,11.8221,423,45210,0.0242795,0.07,1,1734405,1733982,423
118366041,24.5224,23.9289,424,45257,0.0277118,0.07,1,1734438,1734014,424
118368961,21.809,22.1715,423,45304,0.0530847,0.03,1,1734458,1734035,423
118371881,20.1236,20.8686,422,45351,0.0752339,0.05,1,1734477,1734055,422
118389401,28.7229,29.9712,422,45628,0.0995165,0.03,1,1734675,1734253,422
118392321,45.0892,44.9885,423,45674,0.0938066,0.07,1,1734731,1734308,423
118395241,31.8357,31.7954,423,45720,0.0915226,0.05,1,1734754,1734331,423
118398161,22.3343,21.7182,424,45766,0.0906091,0.03,1,1734770,1734346,424
118433201,26.9515,28.2831,452,46318,0.203103,0.09,1,1735098,1734646,452
118436121,44.9806,28.7132,480,46364,0.231241,0.09,1,1735155,1734675,480
118439041,32.3922,45.0853,448,46409,0.218497,0.09,1,1735179,1734731,448
118441961,23.7569,31.8341,443,46454,0.213399,0.09,1,1735197,1734754,443
118444881,25.1028,22.3336,453,46499,0.211359,0.11,1,1735223,1734770,453
118447801,26.2411,26.3335,451,46544,0.234544,0.13,1,1735250,1734799,451
118450721,11.6964,26.1334,427,46589,0.243818,0.13,1,1735252,1734825,427
118453641,25.0786,11.6534,459,46634,0.271527,0.13,1,1735286,1734827,459
118456561,23.8314,24.4613,449,46679,0.294611,0.13,1,1735309,1734860,449
118477001,27.3245,28.3787,457,46994,0.403977,0.21,1,1735529,1735072,457
118479921,45.1298,26.9515,488,47039,0.431591,0.25,1,1735586,1735098,488
118482841,32.4519,44.9806,455,47084,0.442636,0.21,1,1735610,1735155,455
118485761,23.7808,32.3922,449,47129,0.447055,0.21,1,1735628,1735179,449
118488681,25.7123,23.7569,458,47174,0.436822,0.21,1,1735655,1735197,458
118491601,27.0849,25.1028,460,47219,0.444729,0.25,1,1735683,1735223,460
118564601,38.697,36.8873,454,48323,0.762473,0.71,2,1736373,1735919,454
118570441,28.2715,27.742,455,48411,0.771196,0.65,2,1736426,1735971,455
118573361,46.7086,46.4968,455,48455,0.770478,0.71,2,1736485,1736030,455
118582121,26.4134,25.7998,456,48584,0.768591,0.71,2,1736555,1736099,456
118585041,29.1653,28.3199,457,48627,0.793436,0.71,2,1736586,1736129,457
118587961,12.8661,12.528,457,48670,0.779374,0.69,2,1736588,1736131,457
118590881,26.7465,27.2112,456,48713,0.82175,0.67,2,1736624,1736168,456
118593801,25.0986,27.0845,453,48756,0.8627,0.67,2,1736648,1736195,453
118596721,11.2394,12.0338,453,48799,0.87908,0.65,2,1736650,1736197,453
118599641,17.6958,17.4135,454,48842,0.885632,0.65,2,1736672,1736218,454
118969021,333.966,346,499,24820,0.802,1,2,1740785,1740286,499
119039101,361.715,392.32,432,23360,0.28792,0.13,1,1741354,1740922,432
119044941,118.114,113.291,471,24990,0.0952672,0.03,1,1741491,1741020,471
119047861,79.6457,94.5165,443,25075,0.0681069,0.03,1,1741545,1741102,443
119050781,67.2583,53.4066,476,25160,0.0332427,0.01,1,1741604,1741128,476
119053701,46.7033,57.3626,449,25244,0.0192971,0.03,1,1741637,1741188,449
119056621,33.6813,45.1451,437,25328,0.0377188,0.05,1,1741662,1741225,437
119068301,69.0318,52.8757,499,25661,0.0931736,0.03,1,1741914,1741415,499
119071221,60.0127,66.7503,477,25744,0.0552694,0.05,1,1741968,1741491,477
119074141,59.4051,59.1001,482,25826,0.0521078,0.01,1,1742027,1741545,482
119077061,42.962,59.04,455,25908,0.0268431,0.01,1,1742059,1741604,455
119079981,32.7848,43.416,448,25990,0.0287372,0.05,1,1742085,1741637,448
119082901,41.9139,32.3664,471,26072,0.0654949,0.17,1,1742133,1741662,471
119085821,58.7656,39.3466,497,26153,0.092198,0.13,1,1742203,1741706,497
119103341,32.5558,42.9599,448,26636,0.0965792,0.03,1,1742507,1742059,448
119106261,44.2223,32.784,474,26716,0.0926317,0.09,1,1742559,1742085,474
119120861,51.2944,57.185,429,27110,0.204574,0.13,1,1742818,1742389,429
119123781,56.5178,59.474,428,27188,0.26783,0.13,1,1742878,1742450,428
119126701,38.8071,42.3896,424,27266,0.281132,0.07,1,1742905,1742481,424
119135461,61.1157,59.6889,427,27498,0.298072,0.19,1,1743056,1742629,427
119155901,33.1597,31.7228,436,28033,0.42349,0.31,1,1743368,1742932,436
119158821,43.2639,43.2891,435,28109,0.439396,0.29,1,1743418,1742983,435
119199701,51.8075,54.456,501,29146,0.773639,0.61,2,1744137,1743636,501
119202621,61.523,51.7824,519,29219,0.807456,0.63,2,1744205,1743686,519
119205541,42.0092,60.913,481,29291,0.808982,0.67,2,1744234,1743753,481
119208461,35.4037,39.9652,486,29363,0.797593,0.65,2,1744265,1743779,486
119211381,44.1615,35.1861,504,29435,0.805037,0.67,2,1744315,1743811,504
119214301,64.4646,44.0744,532,29507,0.832015,0.71,2,1744393,1743861,532
119217221,73.7858,63.2298,536,29579,0.866806,0.73,2,1744473,1743937,536
119220141,30.7143,71.4919,461,29651,0.880722,0.77,2,1744475,1744014,461
119342781,46.3219,48.6037,517,32513,0.25091,1,1,1746482,1745965,517
119348621,49.8915,34.1766,533,32643,0.0653456,1,1,1746569,1746036,533
119351541,39.1566,47.8706,508,32708,0.0561382,1,1,1746601,1746093,508
119354461,31.8626,36.5483,506,32773,0.0284553,1,1,1746628,1746122,506
119357381,22.3451,32.6193,492,32838,0.0293821,0.92,1,1746644,1746152,492
119360301,25.138,38.2477,477,32902,0.0177528,0.91,1,1746671,1746194,477
119363221,51.4552,62.6991,467,32966,0.0131011,0.61,1,1746740,1746273,467
119366141,63.7821,80.2796,447,33030,0.0472405,0.51,1,1746812,1746365,447
119369061,41.1128,49.5119,444,33094,0.0368962,0.37,1,1746838,1746394,444
119371981,35.0451,43.8047,435,33158,0.0807585,0.11,1,1746869,1746434,435
119374901,37.4181,46.3219,426,33222,0.0743034,0.03,1,1746908,1746482,426
119377821,31.7672,34.7288,427,33286,0.0597214,0.03,1,1746936,1746509,427
119380741,46.9069,49.8915,424,33350,0.0238885,0.05,1,1746993,1746569,424
119383661,39.1628,39.1566,426,33413,0.0155554,0.01,1,1747027,1746601,426
119386581,31.8651,31.8626,426,33476,0.0722222,0.03,1,1747054,1746628,426
119389501,19.946,22.3451,422,33539,0.0948889,0.01,1,1747066,1746644,422
119392421,24.1784,25.138,422,33602,0.0679555,0.01,1,1747093,1746671,422
119395341,51.0714,51.4552,422,33665,0.0691822,0.07,1,1747162,1746740,422
119398261,64.2285,63.7821,423,33728,0.0816729,0.03,1,1747235,1746812,423
119401181,40.6914,41.1128,422,33791,0.0866691,0.11,1,1747260,1746838,422
119404101,36.0766,35.0451,424,33854,0.0766677,0.07,1,1747293,1746869,424
119407021,37.8306,37.4181,424,33916,0.0966671,0.05,1,1747332,1746908,424
119409941,31.9323,31.7672,424,33978,0.0926668,0,1,1747360,1746936,424
119412861,45.7729,46.9069,422,34040,0.0370667,0.01,1,1747415,1746993,422
119415781,38.7092,39.1628,422,34102,0.0208267,0.11,1,1747449,1747027,422
119418701,33.4837,31.8651,425,34164,0.0743307,0.11,1,1747479,1747054,425
119421621,18.7935,19.946,422,34226,0.0837323,0.11,1,1747488,1747066,422
119424541,23.1174,7.97842,448,34288,0.0634929,0.05,1,1747514,1747066,448
119427461,50.647,19.3914,490,34350,0.0433972,0.07,1,1747583,1747093,490
119430381,64.0588,49.1565,494,34412,0.0593589,0.09,1,1747656,1747162,494
119433301,41.8235,63.4626,448,34473,0.0537435,0.09,1,1747683,1747235,448
119436221,35.9294,40.385,455,34534,0.0514974,0.07,1,1747715,1747260,455
119439141,39.5718,35.954,464,34595,0.074599,0.11,1,1747757,1747293,464
119444981,43.2915,31.9126,476,34717,0.0611358,0,1,1747836,1747360,476
119447901,37.7166,45.7651,455,34778,0.0544543,0.01,1,1747870,1747415,455
119450821,34.8866,38.706,454,34839,0.0517817,0.11,1,1747903,1747449,454
119453741,18.7547,33.4824,432,34900,0.0507127,0.09,1,1747911,1747479,432
119456661,23.1019,18.793,449,34961,0.0622851,0.05,1,1747937,1747488,449
119459581,50.0407,23.1172,491,35021,0.042914,0.03,1,1748005,1747514,491
119462501,65.0163,50.6469,497,35081,0.0471656,0.07,1,1748080,1747583,497
119465421,41.6065,64.0588,450,35141,0.0488662,0.05,1,1748106,1747656,450
119468341,35.8426,41.8235,455,35201,0.0735465,0.05,1,1748138,1747683,455
119471261,40.737,35.9294,467,35261,0.0954186,0.09,1,1748182,1747715,467
119491701,49.1257,23.1019,490,35679,0.0621973,0.03,1,1748427,1747937,490
119494621,20.8503,50.0407,424,35738,0.0428789,0.05,1,1748429,1748005,424
119497541,53.3401,65.0163,424,35797,0.0471516,0.05,1,1748504,1748080,424
119500461,36.936,41.6065,424,35856,0.0488606,0.09,1,1748530,1748106,424
119503381,35.1744,35.8426,426,35915,0.0495442,0.11,1,1748564,1748138,426
119506301,41.0698,40.737,427,35974,0.0378177,0.15,1,1748609,1748182,427
119509221,35.0279,33.6948,429,36033,0.0331271,0.13,1,1748640,1748211,429
119512141,40.4112,41.6779,426,36092,0.0432508,0.11,1,1748684,1748258,426
119515061,37.1645,36.4712,428,36151,0.0713003,0.11,1,1748719,1748291,428
119532581,52.3298,53.3401,422,36499,0.229961,0.05,1,1748926,1748504,422
119535501,36.5319,36.936,422,36557,0.277984,0.05,1,1748952,1748530,422
119538421,35.0128,35.1744,422,36615,0.297194,0.03,1,1748986,1748564,422
119544261,35.242,35.0279,423,36731,0.283951,0.05,1,1749063,1748640,423
119561781,47.3716,46.561,430,37074,0.420282,0.21,1,1749280,1748850,430
119564701,20.1486,19.8244,430,37131,0.438113,0.25,1,1749282,1748852,430
119567621,54.2594,52.3298,433,37188,0.445245,0.25,1,1749359,1748926,433
119628941,25.2997,20.8916,477,38363,0.763588,0.63,2,1750106,1749629,477
119631861,49.7199,24.5567,516,38418,0.815435,0.61,2,1750172,1749656,516
119634781,21.0879,48.8227,453,38473,0.836174,0.61,2,1750174,1749721,453
119637701,56.4352,20.7291,531,38528,0.83247,0.63,2,1750254,1749723,531
119640621,39.9741,55.6916,481,38583,0.818988,0.65,2,1750283,1749802,481
119643541,17.1896,39.0767,455,38638,0.813595,0.69,2,1750285,1749830,455
119646461,27.8759,36.0307,456,38693,0.835438,0.67,2,1750320,1749864,456
119649381,39.3503,42.6123,456,38748,0.832175,0.69,2,1750367,1749911,456
119652301,33.7401,35.0449,456,38803,0.83087,0.73,2,1750397,1749941,456
119655221,44.6961,44.018,458,38857,0.842348,0.73,2,1750449,1749991,458
119658141,43.0784,42.8072,458,38911,0.882939,0.71,2,1750491,1750033,458
119661061,38.2314,38.1229,458,38965,0.887176,0.73,2,1750526,1750068,458
119663981,21.2925,21.2491,458,39019,0.86487,0.79,2,1750536,1750078,458
119666901,27.117,25.2997,461,39073,0.855948,0.85,2,1750567,1750106,461
119804141,32.1072,36.5508,511,41537,0.868,1,2,1752287,1751776,511
119812901,33.9509,45.6353,483,41690,0.873712,1,2,1752383,1751900,483
119815821,33.3803,39.2541,481,41741,0.799485,1,2,1752416,1751935,481
119830421,41.1217,44.9085,481,41993,0.243185,1,1,1752601,1752120,481
119836261,38.8595,34.4254,499,42093,0.0881096,1,1,1752689,1752190,499
119839181,35.9438,34.1701,499,42143,0.0892438,1,1,1752723,1752224,499
119842101,23.3775,32.2681,483,42193,0.0536975,0.78,1,1752738,1752255,483
119845021,26.151,32.1072,479,42243,0.063479,0.96,1,1752766,1752287,479
119847941,30.8604,31.4429,482,42293,0.0793916,1,1,1752800,1752318,482
119912181,38.7071,27.7069,472,43378,0.234039,0.13,1,1753461,1752989,472
119915101,46.6828,36.8828,481,43427,0.291616,0.19,1,1753513,1753032,481
119938461,29.0495,24.8654,460,43813,0.424957,0.11,1,1753729,1753269,460
120034821,35.6652,35.1418,447,45377,0.780297,0.51,2,1754716,1754269,447
120037741,28.6661,28.4567,447,45423,0.798119,0.53,2,1754740,1754293,447
120040661,40.8664,40.1827,448,45469,0.817248,0.55,2,1754789,1754341,448
120043581,50.5466,50.2731,448,45515,0.824899,0.59,2,1754846,1754398,448
120046501,38.8186,38.1092,449,45561,0.85196,0.59,2,1754877,1754428,449
120049421,34.7275,34.4437,449,45607,0.838784,0.59,2,1754909,1754460,449
120052341,21.091,20.9775,449,45653,0.845514,0.59,2,1754921,1754472,449
120055261,30.6364,29.391,451,45699,0.836205,0.67,2,1754958,1754507,451
120058181,35.0546,33.3564,453,45745,0.856482,0.67,2,1754996,1754543,453
120253821,336.147,343.302,494,21900,0.77608,1,2,1757071,1756577,494
120315141,35.6052,61.5179,472,23851,0.756447,0.67,2,1758416,1757944,472
120318061,46.0421,35.4072,507,23940,0.788579,0.69,2,1758469,1757962,507
120320981,19.6168,45.3629,457,24029,0.801432,0.73,2,1758471,1758014,457
120323901,87.0467,97.9451,456,24117,0.866573,0.69,2,1758603,1758147,456
120402741,67.0309,75.5096,534,26388,0.8908,1,2,1760212,1759678,534
120405661,66.4123,65.6039,541,26468,0.78232,1,2,1760278,1759737,541
120431941,54.4578,66.4123,457,27180,0.444952,0.69,1,1760735,1760278,457
120434861,35.5831,42.7649,453,27258,0.411981,0.75,1,1760758,1760305,453
120437781,35.8332,39.306,452,27336,0.410792,0.61,1,1760794,1760342,452
120440701,39.5333,42.7224,449,27413,0.422317,0.59,1,1760836,1760387,449
120443621,63.8133,67.489,445,27490,0.402927,0.49,1,1760916,1760471,445
120446541,75.3253,76.1956,446,27567,0.431171,0.57,1,1760999,1760553,446
120449461,49.3301,50.2782,445,27644,0.418468,0.45,1,1761031,1760586,445
120452381,39.5321,41.1113,443,27721,0.425387,0.45,1,1761064,1760621,443
120478661,40.3769,39.5321,443,28401,0.784603,0.43,2,1761507,1761064,443
120481581,50.3507,15.8128,500,28476,0.799841,0.51,2,1761564,1761064,500
120484501,55.5403,39.9251,503,28550,0.817936,0.51,2,1761623,1761120,503
120487421,34.2161,50.1701,466,28624,0.825175,0.51,2,1761643,1761177,466
120490341,37.6864,33.268,484,28698,0.82807,0.53,2,1761683,1761199,484
120493261,39.0746,35.5072,487,28772,0.817228,0.55,2,1761723,1761236,487
120496181,66.0298,37.6029,532,28846,0.836891,0.63,2,1761807,1761275,532
120499101,81.6119,63.0412,544,28919,0.856756,0.79,2,1761899,1761355,544
120502021,52.4448,76.8165,491,28992,0.864703,0.77,2,1761932,1761441,491
120504941,41.3779,49.9266,493,29065,0.867881,0.81,2,1761966,1761473,493
120507861,51.9512,40.3706,518,29138,0.869152,0.81,2,1762025,1761507,518
120510781,56.7805,50.3483,521,29211,0.881661,0.83,2,1762085,1761564,521
120513701,34.7122,55.5393,482,29283,0.886664,0.83,2,1762105,1761623,482
120519541,38.5539,37.6863,501,29427,0.894266,0.81,2,1762184,1761683,501
120642181,87.1877,68.5479,573,32310,0.862,1,2,1764266,1763693,573
120645101,55.2751,88.0191,506,32375,0.7708,1,2,1764300,1763794,506
120656781,39.263,41.6565,512,32635,0.29338,1,1,1764467,1763955,512
120659701,38.5052,35.8626,518,32700,0.267352,1,1,1764505,1763987,518
120662621,33.4021,34.145,515,32765,0.256941,1,1,1764535,1764020,515
120665541,25.9608,34.058,502,32830,0.228776,1,1,1764556,1764054,502
120674301,72.1735,87.1877,462,33022,0.0974417,0.71,1,1764728,1764266,462
120680141,43.5878,52.11,450,33150,0.0719907,0.41,1,1764800,1764350,450
120688901,33.5576,39.263,433,33342,0.0826074,0.25,1,1764900,1764467,433
120703501,42.046,42.4337,426,33657,0.210443,0.07,1,1765062,1764636,426
120706421,71.4184,72.1735,425,33720,0.222177,0.11,1,1765153,1764728,425
120709341,47.1674,47.4694,425,33783,0.262871,0.05,1,1765184,1764759,425
120712261,41.6669,43.5878,422,33846,0.267148,0.15,1,1765222,1764800,422
120715181,39.4668,37.2351,427,33908,0.268859,0.09,1,1765260,1764833,427
120718101,33.7867,35.894,422,33970,0.281544,0.07,1,1765290,1764868,422
120729781,23.5785,22.7877,429,34218,0.417848,0.19,1,1765412,1764983,429
120732701,25.0314,9.11507,455,34280,0.425139,0.19,1,1765438,1764983,455
120788181,38.7578,36.0333,489,35433,0.75166,0.59,2,1766251,1765762,489
120799861,46.3906,25.9737,510,35671,0.768475,0.61,2,1766390,1765880,510
120802781,19.7562,45.7895,453,35730,0.78139,0.65,2,1766392,1765939,453
120805701,64.3025,72.9158,456,35789,0.798556,0.69,2,1766486,1766030,456
120808621,46.121,49.5663,456,35848,0.817422,0.67,2,1766520,1766064,456
120811541,41.8484,43.2265,456,35907,0.812969,0.71,2,1766559,1766103,456
120814461,40.7394,40.0906,458,35966,0.823188,0.73,2,1766599,1766141,458
120817381,35.4957,35.2362,458,36025,0.851275,0.73,2,1766631,1766173,458
120820301,36.9983,36.8945,458,36084,0.86251,0.77,2,1766669,1766211,458
120823221,38.7993,38.7578,458,36143,0.843004,0.73,2,1766709,1766251,458
120826141,37.1197,37.1031,458,36201,0.811202,0.75,2,1766745,1766287,458
120829061,25.0479,24.4412,459,36259,0.822481,0.73,2,1766762,1766303,459
120831981,25.6192,25.9765,458,36317,0.802992,0.79,2,1766788,1766330,458
120834901,48.0477,46.3906,461,36375,0.867197,0.79,2,1766851,1766390,461
120837821,20.4191,19.7562,461,36433,0.892879,0.81,2,1766853,1766392,461
120983821,45.9286,46.235,482,39227,0.898059,1,2,1768828,1768346,482
121153181,44.0141,37.4153,500,42235,0.838,1,2,1770924,1770424,500
121164861,29.5908,32.8202,500,42435,0.438333,1,1,1771054,1770554,500
121170701,36.0545,37.2912,506,42535,0.212933,1,1,1771132,1770626,506
121173621,30.0218,34.1165,500,42585,0.0851733,1,1,1771158,1770658,500
121176541,33.6087,28.6466,511,42635,0.0880693,1,1,1771194,1770683,511
121179461,32.6435,36.6586,501,42684,0.0772277,1,1,1771226,1770725,501
121182381,28.0574,36.8635,489,42733,0.0488911,1,1,1771251,1770762,489
121185301,25.623,33.3454,482,42782,0.0495564,1,1,1771275,1770793,482
121188221,32.4492,40.3382,474,42831,0.0738226,0.95,1,1771312,1770838,474
121191141,32.7797,39.5353,468,42880,0.059529,0.75,1,1771345,1770877,468
121194061,36.5119,44.0141,460,42929,0.0298116,0.55,1,1771384,1770924,460
121196981,33.8047,41.6056,452,42978,0.0299246,0.51,1,1771416,1770964,452
121199901,33.9219,39.4423,448,43027,0.0179699,0.51,1,1771450,1771002,448
121202821,23.1688,15.7769,464,43076,0.0131879,0.47,1,1771466,1771002,464
121205741,25.4675,19.5108,469,43125,0.0112752,0.39,1,1771493,1771024,469
121208661,30.587,25.8043,473,43174,0.0225101,0.27,1,1771527,1771054,473
121211581,30.8348,36.1217,461,43223,0.015004,0.13,1,1771558,1771097,461
121214501,24.9339,35.4487,447,43272,0.0120016,0,1,1771579,1771132,447
121217421,31.5736,29.7795,457,43321,0.0228006,0.09,1,1771615,1771158,457
121220341,33.0294,33.5118,455,43370,0.0271203,0.07,1,1771649,1771194,455
121223261,27.6118,32.6047,447,43419,0.0408481,0.03,1,1771673,1771226,447
121226181,26.6447,28.0419,448,43468,0.0343392,0.05,1,1771699,1771251,448
121229101,31.0579,25.6168,458,43517,0.0557357,0.09,1,1771733,1771275,458
121232021,32.8232,32.4467,455,43565,0.0402943,0.05,1,1771767,1771312,455
121234941,36.5293,32.7787,461,43613,0.0341177,0.01,1,1771806,1771345,461
121237861,33.2117,36.5115,453,43661,0.0316471,0.03,1,1771837,1771384,453
121243701,23.0739,33.9218,437,43757,0.0998635,0.01,1,1771887,1771450,437
121246621,26.0295,23.1687,449,43805,0.0699454,0.01,1,1771915,1771466,449
121249541,31.4118,25.4675,457,43853,0.0579782,0.03,1,1771950,1771493,457
121252461,30.5647,30.587,453,43901,0.0411913,0.01,1,1771980,1771527,453
121255381,24.2259,30.8348,442,43949,0.0344765,0.01,1,1772000,1771558,442
121258301,32.4904,24.9339,459,43997,0.0677906,0.03,1,1772038,1771579,459
121261221,35.1961,31.5736,460,44045,0.0571162,0.03,1,1772075,1771615,460
121264141,25.4785,33.0294,445,44093,0.0288465,0.05,1,1772094,1771649,445
121267061,27.5914,27.6118,450,44141,0.0295386,0.03,1,1772123,1771673,450
121269981,30.2366,26.6447,456,44189,0.0418154,0.07,1,1772155,1771699,456
121272901,34.2946,31.0579,459,44237,0.0227262,0.03,1,1772192,1771733,459
121275821,35.3178,32.8232,461,44285,0.0390905,0.03,1,1772228,1771767,461
121278741,34.5271,36.5293,456,44333,0.0216362,0.03,1,1772262,1771806,456
121281661,35.4109,33.2117,461,44381,0.0146545,0.17,1,1772298,1771837,461
121284581,20.7643,33.6847,438,44429,0.0358618,0.09,1,1772309,1771871,438
121287501,9.50574,23.0739,424,44476,0.0443447,0.05,1,1772311,1771887,424
121290421,21.8023,26.0295,426,44523,0.0477379,0.05,1,1772341,1771915,426
121293341,28.5209,31.4118,424,44570,0.0610952,0.03,1,1772374,1771950,424
121296261,30.0084,30.5647,425,44617,0.0784381,0.03,1,1772405,1771980,425
121299181,22.2033,24.2259,422,44664,0.0973752,0.09,1,1772422,1772000,422
121302101,32.8813,32.4904,424,44711,0.0809501,0.05,1,1772462,1772038,424
121305021,34.7525,35.1961,423,44758,0.05038,0.01,1,1772498,1772075,423
121307941,24.701,25.4785,422,44805,0.026152,0.03,1,1772516,1772094,422
121310861,27.8804,27.5914,423,44852,0.0284608,0.05,1,1772546,1772123,423
121313781,30.9522,30.2366,424,44899,0.0533843,0.01,1,1772579,1772155,424
121316701,34.5809,34.2946,424,44946,0.0393537,0.05,1,1772616,1772192,424
121319621,36.0323,35.3178,425,44993,0.0457415,0.01,1,1772653,1772228,425
121322541,34.2129,34.5271,424,45040,0.0482966,0.01,1,1772686,1772262,424
121325461,34.6852,35.4109,423,45087,0.0733186,0.05,1,1772721,1772298,423
121328381,19.8741,20.7643,422,45134,0.0593275,0.05,1,1772731,1772309,422
121331301,9.14963,9.50574,422,45181,0.053731,0.05,1,1772733,1772311,422
121334221,21.6599,21.8023,422,45228,0.0874924,0.07,1,1772763,1772341,422
121351741,24.1325,24.701,422,45507,0.0847712,0.03,1,1772938,1772516,422
121354661,28.253,27.8804,423,45553,0.0639085,0.07,1,1772969,1772546,423
121357581,31.1012,30.9522,423,45599,0.0555634,0.03,1,1773002,1772579,423
121407221,35.9929,34.6371,461,46381,0.211772,0.11,1,1773500,1773039,461
121410141,34.7972,36.0548,458,46426,0.222709,0.11,1,1773534,1773076,458
121413061,36.1189,34.8219,461,46471,0.239083,0.13,1,1773571,1773110,461
121415981,20.4475,34.9288,436,46516,0.245633,0.11,1,1773581,1773145,436
121418901,9.37902,19.9715,428,46561,0.248253,0.11,1,1773583,1773155,428
121421821,24.1516,9.1886,460,46606,0.249301,0.15,1,1773617,1773157,460
121424741,31.2606,22.8754,464,46651,0.285721,0.13,1,1773653,1773189,464
121445181,30.8234,27.6392,461,46966,0.405112,0.13,1,1773852,1773391,461
121468541,32.7128,24.1516,472,47326,0.403431,0.31,1,1774089,1773617,472
121471461,32.8851,31.2606,469,47371,0.419373,0.31,1,1774122,1773653,469
121474381,14.354,31.7043,439,47415,0.401749,0.35,1,1774124,1773685,439
121477301,15.9416,22.2817,440,47459,0.4067,0.37,1,1774141,1773701,440
121480221,30.3766,32.9127,440,47503,0.40868,0.37,1,1774181,1773741,440
121483141,31.3507,32.3651,440,47547,0.433472,0.39,1,1774213,1773773,440
121486061,23.9403,23.146,442,47591,0.443389,0.41,1,1774232,1773790,442
121544461,36.7082,36.3921,447,48471,0.767058,0.51,2,1774818,1774371,447
121547381,35.6833,35.5568,447,48514,0.792823,0.55,2,1774853,1774406,447
121550301,38.2733,37.0227,449,48557,0.827129,0.55,2,1774893,1774444,449
121553221,21.3093,20.8091,449,48600,0.816852,0.59,2,1774903,1774454,449
121556141,9.72373,9.52364,449,48643,0.812741,0.59,2,1774905,1774456,449
121559061,27.2895,26.0095,451,48686,0.847096,0.65,2,1774944,1774493,451
121561981,34.9158,33.2038,453,48729,0.884838,0.65,2,1774984,1774531,453
121564901,33.7663,32.4815,454,48772,0.887935,0.69,2,1775017,1774563,454
121816021,143.871,165.48,444,23360,0.222736,0.43,1,1777682,1777238,444
121842301,73.9448,92.4126,430,24871,0.209661,0.19,1,1778191,1777761,430
121845221,51.1779,57.9651,431,24956,0.233864,0.11,1,1778227,1777796,431
121848141,43.2712,47.186,429,25041,0.243546,0.15,1,1778265,1777836,429
121851061,37.1085,39.8744,427,25126,0.295418,0.13,1,1778298,1777871,427
121862741,61.7324,61.8416,429,25461,0.423387,0.15,1,1778538,1778109,429
121865661,75.093,24.7366,513,25544,0.439355,0.25,1,1778622,1778109,513
121871501,44.2949,45.2379,471,25710,0.445897,0.25,1,1778698,1778227,471
121874421,38.7179,40.8951,468,25792,0.448359,0.33,1,1778733,1778265,468
121906541,58.1867,58.8748,505,26682,0.756644,0.55,2,1779363,1778858,505
121909461,63.4747,56.5499,517,26761,0.800658,0.61,2,1779430,1778913,517
121912381,77.5899,62.22,538,26840,0.842263,0.63,2,1779517,1778979,538
121915301,32.2359,76.488,454,26919,0.858905,0.63,2,1779519,1779065,454
121918221,34.4944,52.7952,453,26998,0.889562,0.63,2,1779555,1779102,453
122043781,47.2997,54.1049,478,30185,0.855203,1,2,1781766,1781288,478
122049621,67.808,59.4168,492,30325,0.414033,1,1,1781924,1781432,492
122055461,40.2493,35.1867,503,30465,0.273845,1,1,1781994,1781491,503
122058381,29.2997,35.6747,489,30534,0.211538,0.87,1,1782016,1781527,489
122064221,43.328,42.3079,487,30672,0.0830461,1,1,1782093,1781606,487
122067141,37.1312,42.1232,478,30741,0.0632184,0.93,1,1782126,1781648,478
122070061,59.8525,67.2493,469,30810,0.0552874,0.79,1,1782201,1781732,469
122072981,41.941,47.2997,465,30879,0.064115,0.43,1,1782231,1781766,465
122075901,63.5764,76.5199,447,30948,0.091646,0.29,1,1782309,1781862,447
122087581,25.9108,29.2997,427,31220,0.203322,0.13,1,1782443,1782016,427
122090501,22.9643,24.3199,427,31288,0.243329,0.13,1,1782464,1782037,427
122093421,40.3857,9.72795,479,31356,0.235332,0.03,1,1782516,1782037,479
122096341,35.9543,37.4912,456,31423,0.208133,0.05,1,1782549,1782093,456
122099261,58.1817,34.7965,496,31490,0.221253,0.05,1,1782622,1782126,496
122105101,63.3091,41.5674,502,31624,0.2142,0.11,1,1782733,1782231,502
122108021,56.5236,63.427,476,31691,0.25968,0.19,1,1782785,1782309,476
122110941,44.8095,54.1708,465,31758,0.277872,0.23,1,1782822,1782357,465
122113861,35.9238,42.6683,460,31825,0.285149,0.19,1,1782852,1782392,460
122116781,28.1695,36.2673,451,31891,0.28806,0.21,1,1782875,1782424,451
122119701,23.8678,25.9069,453,31957,0.277224,0.27,1,1782896,1782443,453
122122621,40.7471,22.9628,484,32023,0.28489,0.23,1,1782948,1782464,484
122125541,35.4988,40.3851,464,32089,0.287956,0.19,1,1782980,1782516,464
122140141,45.3414,56.5236,472,32418,0.41499,0.29,1,1783257,1782785,472
122143061,36.1366,44.8094,465,32483,0.423996,0.29,1,1783287,1782822,465
122145981,28.2546,35.9238,458,32548,0.415598,0.29,1,1783310,1782852,458
122148901,23.3019,28.1695,455,32613,0.412239,0.27,1,1783330,1782875,455
122151821,41.1207,23.8678,487,32678,0.422896,0.29,1,1783383,1782896,487
122154741,35.6483,40.7471,467,32743,0.439158,0.29,1,1783415,1782948,467
122157661,15.4593,35.4988,437,32808,0.445663,0.31,1,1783417,1782980,437
122201461,60.218,60.4006,447,33761,0.752427,0.53,2,1784110,1783663,447
122204381,45.6872,46.3602,446,33824,0.774971,0.53,2,1784146,1783700,446
122207301,36.2749,36.5441,446,33887,0.819988,0.53,2,1784176,1783730,446
122210221,27.71,27.8176,446,33949,0.825995,0.53,2,1784198,1783752,446
122213141,24.284,23.1271,448,34011,0.864398,0.59,2,1784220,1783772,448
122617561,133.402,139.717,495,19203,0.08584,0.61,1,1789762,1789267,495
122620481,112.161,107.487,507,19314,0.052336,0.37,1,1789860,1789353,507
122623401,82.0643,102.395,470,19424,0.0629344,0.13,1,1789922,1789452,470
122626321,65.8257,90.7579,442,19533,0.0911738,0.05,1,1789977,1789535,442
122629241,40.7303,52.5032,439,19642,0.0664695,0.09,1,1790001,1789562,439
122632161,61.8921,34.8013,492,19750,0.0805878,0.03,1,1790077,1789585,492
122635081,88.9568,56.5205,528,19857,0.0322351,0.01,1,1790184,1789656,528
122638001,94.3827,86.2082,520,19964,0.0548941,0.03,1,1790282,1789762,520
122640921,74.9531,93.2833,484,20070,0.0639576,0.07,1,1790344,1789860,484
122643841,64.1812,74.5133,479,20176,0.079583,0.11,1,1790401,1789922,479
122646761,38.2725,62.8053,445,20281,0.0978332,0.05,1,1790422,1789977,445
122649681,62.109,39.5221,499,20386,0.0571333,0.09,1,1790500,1790001,499
122652601,88.4436,61.4089,529,20490,0.0228533,0,1,1790606,1790077,529
122655521,94.1774,88.7635,520,20594,0.0631413,0.07,1,1790704,1790184,520
122658441,76.671,94.3054,487,20697,0.0312565,0.07,1,1790769,1790282,487
122661361,64.8684,74.9222,482,20799,0.0425026,0.09,1,1790826,1790344,482
122664281,39.7474,64.1689,448,20901,0.035001,0.11,1,1790849,1790401,448
122667201,59.6989,38.2675,500,21002,0.0680004,0.03,1,1790922,1790422,500
122670121,25.0796,62.107,424,21103,0.0812002,0,1,1790924,1790500,424
122673041,73.0318,88.4428,423,21204,0.0504801,0.09,1,1791029,1790606,423
122675961,88.6127,94.1771,424,21304,0.026192,0.01,1,1791128,1790704,424
122678881,74.4451,76.6708,424,21404,0.0164768,0.05,1,1791193,1790769,424
122681801,63.978,64.8683,424,21503,0.0485907,0.03,1,1791250,1790826,424
122684721,38.7912,39.7473,423,21602,0.0614363,0.09,1,1791272,1790849,423
122687641,61.1165,59.6989,426,21700,0.0545745,0.09,1,1791348,1790922,426
122690561,25.6466,25.0796,426,21798,0.0278298,0.03,1,1791350,1790924,426
122693481,70.8586,73.0318,422,21895,0.0411319,0.01,1,1791451,1791029,422
122696401,87.7435,88.6127,422,21992,0.0344528,0.01,1,1791550,1791128,422
122699321,74.0974,74.4451,422,22088,0.0317811,0.07,1,1791615,1791193,422
122702241,64.439,63.978,423,22184,0.0787124,0.07,1,1791673,1791250,423
122705161,38.9756,38.7912,423,22280,0.097485,0.05,1,1791695,1791272,423
122716841,87.1098,28.3435,520,22658,0.22008,0.03,1,1791971,1791451,520
122722681,65.7776,67.295,482,22845,0.202013,0.11,1,1792097,1791615,482
122725601,39.511,61.718,446,22938,0.218805,0.11,1,1792119,1791673,446
122728521,60.8044,37.8872,499,23030,0.249522,0.11,1,1792194,1791695,499
122731441,25.5218,60.1549,426,23122,0.261809,0.11,1,1792196,1791770,426
122751881,26.0061,60.8037,436,23757,0.402053,0.27,1,1792630,1792194,436
122754801,76.4025,25.5215,544,23846,0.442821,0.35,1,1792740,1792196,544
122795681,62.7672,61.737,451,25062,0.795305,0.59,2,1793521,1793070,451
122798601,26.3069,25.8948,451,25147,0.792122,0.61,2,1793523,1793072,451
122801521,78.9227,78.1579,452,25231,0.778849,0.67,2,1793637,1793185,452
122804441,96.3691,94.2632,455,25315,0.85754,0.67,2,1793745,1793290,455
122807361,39.7476,38.9053,455,25399,0.865016,0.69,2,1793747,1793292,455
122991321,49.3179,44.2735,493,30204,0.87208,1,2,1797171,1796678,493
122994241,40.7271,50.1094,474,30274,0.798832,1,2,1797206,1796732,474
123005921,37.5802,36.822,494,30553,0.417458,1,1,1797394,1796900,494
123014681,74.8851,86.2366,475,30760,0.241517,0.85,1,1797564,1797089,475
123017601,50.3541,57.2946,471,30829,0.210607,0.85,1,1797598,1797127,471
123023441,34.8166,40.7271,457,30966,0.217297,0.57,1,1797663,1797206,457
123026361,56.5267,63.6909,449,31034,0.224919,0.57,1,1797734,1797285,449
123029281,40.0107,45.8763,444,31102,0.251968,0.41,1,1797763,1797319,444
123032201,41.8043,42.9505,446,31170,0.214787,0.37,1,1797806,1797360,446
123035121,32.9217,37.5802,439,31238,0.259915,0.35,1,1797833,1797394,439
123038041,31.7687,36.0321,435,31306,0.289966,0.35,1,1797864,1797429,435
123040961,31.9075,14.4128,467,31374,0.289986,0.33,1,1797896,1797429,467
123058481,39.9409,56.4381,459,31776,0.437556,0.27,1,1798193,1797734,459
123125641,34.628,34.3898,451,33273,0.767454,0.59,2,1799163,1798712,451
123128561,33.0512,32.9559,451,33337,0.816981,0.65,2,1799195,1798744,451
123131481,37.2205,35.3824,454,33400,0.836793,0.65,2,1799235,1798781,454
123134401,71.8882,71.1529,454,33463,0.880717,0.65,2,1799330,1798876,454
123137321,29.9553,29.6612,454,33526,0.874287,0.69,2,1799332,1798878,454
123140241,33.5821,33.4645,454,33589,0.883715,0.73,2,1799368,1798914,454
123143161,35.6328,34.3858,456,33652,0.875486,0.69,2,1799405,1798949,456
123146081,34.6531,34.1543,456,33715,0.896194,0.69,2,1799439,1798983,456
123149001,58.2613,58.0617,456,33778,0.892478,0.77,2,1799513,1799057,456
123292081,35.5204,31.4035,493,36718,0.8968,1,2,1801537,1801044,493
123295001,37.0082,40.1614,485,36776,0.86872,1,2,1801575,1801090,485
123297921,37.0033,36.4646,488,36833,0.845488,1,2,1801612,1801124,488
123300841,64.6013,72.1858,475,36890,0.752195,1,2,1801695,1801220,475
123332961,31.7911,36.8134,496,37515,0.752245,0.83,2,1802071,1801575,496
123338801,53.8066,64.5701,504,37627,0.805559,0.61,2,1802199,1801695,504
123341721,49.1226,57.0281,498,37683,0.832224,0.65,2,1802245,1801747,498
123344641,43.6491,53.4112,487,37739,0.842889,0.65,2,1802285,1801798,487
123553421,196.689,178.426,531,18366,0.4492,0.81,1,1804959,1804428,531
123559261,126.39,123.228,508,18597,0.241072,0.55,1,1805182,1804674,508
123565101,61.0224,83.0765,450,18824,0.217372,0.41,1,1805277,1804827,450
123568021,36.409,42.8306,454,18937,0.224949,0.31,1,1805297,1804843,454
123570941,72.7636,86.7322,435,19049,0.275979,0.23,1,1805394,1804959,435
123573861,92.7054,99.4929,433,19160,0.296392,0.19,1,1805500,1805067,433
123582621,57.9171,58.2075,433,19490,0.408009,0.23,1,1805710,1805277,433
123603061,34.9257,57.6888,461,20239,0.750893,0.49,2,1806171,1805710,461
123605981,76.9703,33.8755,548,20344,0.822357,0.55,2,1806276,1805728,548
123608901,96.1881,73.5502,557,20448,0.862943,0.61,2,1806385,1805828,557
123611821,111.675,93.0201,573,20552,0.879177,0.63,2,1806507,1805934,573
123614741,74.6701,109.208,503,20655,0.837671,0.73,2,1806557,1806054,503
123617661,62.868,71.2832,512,20758,0.845068,0.75,2,1806612,1806100,512
123620581,36.5472,60.3133,478,20860,0.812027,0.77,2,1806631,1806153,478
123623501,80.0189,34.9253,569,20962,0.834811,0.87,2,1806740,1806171,569
123626421,33.2076,76.9701,466,21063,0.843924,0.89,2,1806742,1806276,466
123629341,78.683,96.1881,466,21164,0.89557,0.89,2,1806851,1806385,466
123711101,66.426,49.6597,559,23809,0.8668,1,2,1808734,1808175,559
123722781,49.2733,64.6409,478,24163,0.261374,1,1,1808969,1808491,478
123728621,70.7637,77.6625,467,24338,0.0490198,0.97,1,1809090,1808623,467
123731541,51.1055,52.065,470,24425,0.0256079,0.79,1,1809128,1808658,470
123734461,59.4422,66.426,459,24512,0.0282432,0.51,1,1809193,1808734,459
123737381,87.3769,99.7704,443,24598,0.0412973,0.35,1,1809299,1808856,443
123740301,54.7508,62.7082,438,24684,0.0465189,0.35,1,1809332,1808894,438
123743221,29.1003,34.6833,434,24770,0.0726076,0.17,1,1809344,1808910,434
123746141,40.4401,49.2733,423,24856,0.095043,0.03,1,1809392,1808969,423
123749061,31.776,35.9093,422,24941,0.0800172,0,1,1809418,1808996,422
123751981,69.7104,70.7637,423,25026,0.0380069,0.01,1,1809513,1809090,423
123754901,50.0842,51.1055,422,25111,0.0572028,0.03,1,1809550,1809128,422
123757821,59.6337,59.4422,423,25195,0.0288811,0.05,1,1809616,1809193,423
123772421,30.0164,33.456,447,25613,0.229995,0.07,1,1809839,1809392,447
123778261,50.4026,68.593,459,25778,0.0619992,0.07,1,1809972,1809513,459
123781181,60.361,49.6372,489,25860,0.0427997,0.01,1,1810039,1809550,489
123798701,63.8144,30.0146,516,26348,0.0940422,0.03,1,1810355,1809839,516
123801621,48.9258,69.0058,460,26428,0.0556169,0.03,1,1810394,1809934,460
123804541,60.9703,50.4023,491,26508,0.0402467,0.03,1,1810463,1809972,491
123819141,28.9328,42.59,450,26905,0.204191,0.19,1,1810698,1810248,450
123822061,12.7731,29.036,432,26984,0.207677,0.03,1,1810700,1810268,432
123824981,51.9093,63.8144,423,27062,0.269071,0.03,1,1810778,1810355,423
123827901,44.1637,48.9258,423,27140,0.269628,0.03,1,1810817,1810394,423
123830821,58.4655,60.9703,422,27218,0.221851,0.17,1,1810885,1810463,422
123833741,97.7862,95.1881,428,27296,0.214741,0.17,1,1811009,1810581,428
123845421,29.9545,28.9328,433,27605,0.200905,0.21,1,1811131,1810698,433
123848341,13.1818,12.7731,433,27682,0.206362,0.31,1,1811133,1810700,433
123851261,53.2727,51.9093,435,27759,0.244545,0.27,1,1811213,1810778,435
123854181,44.7091,44.1637,435,27835,0.247818,0.19,1,1811252,1810817,435
123857101,55.0836,58.4655,429,27911,0.249127,0.21,1,1811314,1810885,429
123860021,97.0335,97.7862,430,27987,0.285651,0.17,1,1811439,1811009,430
123868781,44.9461,43.3863,431,28213,0.401562,0.21,1,1811541,1811110,431
123871701,29.9785,29.9545,430,28288,0.430625,0.21,1,1811561,1811131,430
123874621,13.1914,13.1818,430,28363,0.44225,0.21,1,1811563,1811133,430
123930101,56.5838,13.5406,540,29748,0.761528,0.67,2,1812544,1812004,540
123933021,45.4335,57.0163,492,29819,0.814611,0.67,2,1812582,1812090,492
123935941,19.3734,45.6065,456,29890,0.835845,0.71,2,1812584,1812128,456
123938861,46.1494,56.0426,457,29961,0.880338,0.67,2,1812648,1812191,457
123941781,98.2597,103.417,455,30032,0.898135,0.67,2,1812781,1812326,455
123944701,62.1039,64.1668,455,30102,0.893254,0.67,2,1812819,1812364,455
123947621,32.0416,32.8667,455,30172,0.891302,0.69,2,1812831,1812376,455
124090701,90.538,95.644,484,33435,0.896222,1,2,1815154,1814670,484
124093621,53.0152,53.2576,487,33498,0.880489,1,2,1815182,1814695,487
124096541,35.0061,41.703,476,33561,0.826195,1,2,1815205,1814729,476
124099461,29.0024,32.2812,475,33624,0.816478,1,2,1815230,1814755,475
124102381,35.001,35.1125,477,33687,0.788591,1,2,1815269,1814792,477
124116981,36.4966,39.3624,466,34000,0.771554,0.93,2,1815452,1814986,466
124119901,44.5987,43.345,470,34062,0.806621,0.87,2,1815502,1815032,470
124122821,84.4395,90.538,459,34124,0.868649,0.87,2,1815613,1815154,459
124271741,342.111,340.964,501,16060,0.79,0.99,2,1817701,1817200,501
124306781,137.506,88.6623,616,17579,0.756729,0.51,2,1818874,1818258,616
124309701,98.2024,137.465,518,17700,0.788692,0.53,2,1818946,1818428,518
124312621,77.081,96.386,512,17820,0.765477,0.59,2,1819009,1818497,512
124315541,51.2324,73.9544,487,17939,0.816191,0.67,2,1819043,1818556,487
124318461,91.293,49.3818,572,18057,0.824476,0.71,2,1819161,1818589,572
124321381,37.7172,88.7527,459,18175,0.85179,0.81,2,1819163,1818704,459
124324301,119.487,137.501,463,18292,0.886716,0.81,2,1819337,1818874,463
124464461,61.409,48.464,540,23212,0.866416,1,2,1822805,1822265,540
124473221,58.9622,75.0537,516,23485,0.240971,1,1,1822983,1822467,516
124479061,66.4339,110.889,511,23665,0.0553553,1,1,1823168,1822657,511
124481981,48.7736,69.5554,506,23755,0.0401421,0.92,1,1823205,1822699,506
124484901,55.5094,50.0222,529,23844,0.0580568,0.81,1,1823265,1822736,529
124487821,37.8038,61.4089,486,23933,0.0292227,0.67,1,1823291,1822805,486
124490741,16.3215,46.7635,451,24022,0.0176891,0.33,1,1823293,1822842,451
124493661,52.1286,73.9054,435,24110,0.0490756,0.07,1,1823369,1822934,435
124496581,47.2514,58.9622,430,24198,0.0856303,0.07,1,1823413,1822983,430
124499501,105.301,113.585,424,24286,0.0762521,0,1,1823557,1823133,424
124502421,63.7202,66.4339,425,24373,0.0305008,0.03,1,1823593,1823168,425
124505341,47.6881,48.7736,425,24460,0.0182003,0.07,1,1823630,1823205,425
124508261,55.6752,55.5094,426,24547,0.0252801,0.01,1,1823691,1823265,426
124511181,35.4701,37.8038,422,24633,0.0521121,0.01,1,1823713,1823291,422
124514101,15.388,16.3215,422,24719,0.0628448,0.07,1,1823715,1823293,422
124517021,53.5552,52.1286,425,24805,0.0791379,0.11,1,1823794,1823369,425
124525781,62.7315,63.7202,422,25060,0.0998648,0.01,1,1824015,1823593,422
124528701,47.2926,47.6881,422,25145,0.0699459,0.03,1,1824052,1823630,422
124531621,56.717,55.6752,424,25229,0.0699784,0.07,1,1824115,1823691,424
124534541,35.2868,35.4701,423,25313,0.0819913,0.07,1,1824136,1823713,423
124537461,15.3147,15.388,423,25397,0.0867965,0.09,1,1824138,1823715,423
124543301,48.8904,21.4221,470,25563,0.0822874,0.15,1,1824264,1823794,470
124554981,56.5764,46.47,485,25893,0.218827,0.07,1,1824537,1824052,485
124557901,35.8306,56.388,444,25975,0.237531,0.09,1,1824559,1824115,444
124560821,15.5322,35.1552,425,26057,0.245012,0.09,1,1824561,1824136,425
124563741,56.0129,15.2621,506,26138,0.260005,0.11,1,1824644,1824138,506
124578341,58.6766,45.4404,497,26541,0.402934,0.25,1,1824970,1824473,497
124581261,36.6706,56.5762,455,26621,0.419174,0.25,1,1824992,1824537,455
124584181,15.8683,35.8305,435,26701,0.42567,0.25,1,1824994,1824559,435
124587101,57.9473,15.5322,519,26780,0.440268,0.27,1,1825080,1824561,519
124590021,50.7789,56.0129,482,26859,0.422107,0.35,1,1825126,1824644,482
124592941,21.5116,48.8052,440,26938,0.414843,0.39,1,1825128,1824688,440
124633821,37.7227,37.0449,453,28018,0.759104,0.61,2,1825888,1825435,453
124636741,16.2891,16.018,453,28094,0.765642,0.69,2,1825890,1825437,453
124639661,59.3156,58.6072,454,28169,0.804257,0.69,2,1825978,1825524,454
124642581,50.1263,49.8429,454,28244,0.807703,0.69,2,1826022,1825568,454
124645501,21.2505,21.1371,454,28319,0.809081,0.73,2,1826024,1825570,454
124648421,102.1,100.855,456,28394,0.869632,0.73,2,1826180,1825724,456
124651341,64.2401,40.3419,495,28469,0.857853,0.75,2,1826219,1825724,495
124654261,46.096,38.3368,492,28543,0.853141,0.73,2,1826253,1825761,492
124776901,32.9236,37.9697,508,31506,0.895378,1,2,1828299,1827791,508
124779821,49.7694,33.7879,538,31573,0.880151,1,2,1828360,1827822,538
124782741,41.5078,53.1152,508,31640,0.79006,1,2,1828396,1827888,508
124800261,38.2196,34.4295,512,32039,0.292643,0.95,1,1828704,1828192,512
124803181,36.8878,37.7718,508,32105,0.231057,0.89,1,1828740,1828232,508
124806101,29.7551,37.3087,496,32171,0.218423,0.88,1,1828765,1828269,496
124820701,49.3501,96.6412,467,32498,0.205133,0.39,1,1829037,1828570,467
124823621,41.3401,56.0565,474,32563,0.208053,0.33,1,1829073,1828599,474
124826541,31.536,44.6226,462,32628,0.221221,0.29,1,1829098,1828636,462
124829461,36.0144,34.049,474,32693,0.250488,0.27,1,1829137,1828663,474
124832381,34.2058,38.2196,466,32758,0.238195,0.19,1,1829170,1828704,466
124835301,14.8823,36.8878,432,32823,0.233278,0.21,1,1829172,1828740,432
124838221,19.7529,29.7551,430,32887,0.255311,0.15,1,1829195,1828765,430
124855741,43.1427,41.3401,434,33271,0.410668,0.23,1,1829507,1829073,434
124861581,37.5028,36.0144,433,33398,0.441307,0.23,1,1829570,1829137,433
124864501,34.8011,34.2058,433,33461,0.422523,0.23,1,1829603,1829170,433
124867421,15.1205,14.8823,433,33524,0.439009,0.27,1,1829605,1829172,433
124870341,21.6482,19.7529,436,33587,0.445604,0.35,1,1829631,1829195,436
124917061,49.329,90.7685,467,34580,0.759657,0.57,2,1830355,1829888,467
124919981,43.7316,48.3074,487,34641,0.777863,0.53,2,1830395,1829908,487
124922901,29.4926,43.323,467,34702,0.785145,0.57,2,1830415,1829948,467
124925821,39.9971,29.3292,494,34763,0.800058,0.57,2,1830462,1829968,494
124928741,35.1988,38.7317,481,34824,0.818023,0.61,2,1830494,1830013,481
124931661,15.2795,34.6927,451,34885,0.825209,0.61,2,1830496,1830045,451
124934581,21.1118,15.0771,474,34946,0.852084,0.57,2,1830521,1830047,474
124937501,45.0447,21.0308,510,35006,0.898833,0.59,2,1830582,1830072,510
125287901,19.0301,38.9616,477,41624,0.896743,0.99,2,1835193,1834716,477
125290821,38.2121,35.3846,495,41675,0.892697,1,2,1835244,1834749,495
125302501,32.0294,31.621,485,41878,0.889205,1,2,1835360,1834875,485
125305421,33.2118,33.6484,484,41928,0.877682,0.94,2,1835394,1834910,484
125311261,34.3539,38.2637,477,42028,0.897629,0.93,2,1835464,1834987,477
125317101,32.2566,34.8022,469,42128,0.896021,0.91,2,1835520,1835051,469
125320021,52.5027,54.7209,467,42178,0.880408,0.89,2,1835586,1835119,467
125322941,43.2011,44.6884,466,42228,0.898163,0.91,2,1835623,1835157,466
125337541,26.5217,25.4339,466,42478,0.887799,0.93,2,1835762,1835296,466
125340461,27.4087,27.5736,465,42528,0.88912,0.87,2,1835790,1835325,465
125489381,50.9493,41.0473,499,44987,0.862,1,2,1837527,1837028,499
125492301,43.7797,39.8189,499,45034,0.8068,1,2,1837566,1837067,499
125506901,29.6889,23.7127,517,45269,0.424566,1,1,1837722,1837205,517
125509821,19.6756,26.8851,501,45316,0.439826,1,1,1837735,1837234,501
125512741,17.4702,28.754,487,45363,0.40993,1,1,1837751,1837264,487
125541941,27.6783,30.7648,449,45823,0.437773,0.49,1,1838075,1837626,449
125614941,34.0365,17.1622,491,46960,0.761767,0.57,2,1838785,1838294,491
125617861,37.0146,31.4649,489,47005,0.814707,0.61,2,1838824,1838335,489
125620781,47.2058,35.386,505,47050,0.847883,0.63,2,1838878,1838373,505
125623701,41.0823,45.9544,489,47095,0.873153,0.65,2,1838915,1838426,489
125626621,34.4329,39.9818,483,47140,0.883261,0.71,2,1838945,1838462,483
125629541,29.3732,32.1927,482,47185,0.887304,0.71,2,1838971,1838489,482
125977021,73.9534,60.0123,548,26669,0.862,1,2,1843932,1843384,548
125991621,28.9131,38.8043,482,27063,0.252849,1,1,1844152,1843670,482
126000381,46.7544,52.8835,472,27297,0.0812224,0.79,1,1844316,1843844,472
126003301,62.5018,73.9534,457,27375,0.0624889,0.49,1,1844389,1843932,457
126006221,79.6007,88.9814,449,27452,0.0789956,0.39,1,1844480,1844031,449
126009141,48.0403,55.3925,443,27529,0.0975982,0.27,1,1844507,1844064,443
126023741,73.5979,76.3861,422,27912,0.0840682,0.05,1,1844711,1844289,422
126029581,62.2957,62.5018,423,28064,0.0866509,0.09,1,1844812,1844389,423
126032501,81.3183,79.6007,426,28139,0.0766604,0.11,1,1844906,1844480,426
126035421,46.9273,48.0403,423,28214,0.0726641,0.13,1,1844930,1844507,423
126041261,19.9884,18.9664,428,28364,0.0968263,0.13,1,1844979,1844551,428
126050021,69.3193,23.1739,527,28587,0.0779569,0.03,1,1845132,1844605,527
126052941,46.9277,72.8695,453,28661,0.0971828,0.13,1,1845164,1844711,453
126058781,81.9084,62.1791,518,28809,0.203949,0.07,1,1845330,1844812,518
126061701,47.1634,81.2717,448,28882,0.23158,0.07,1,1845354,1844906,448
126064621,47.6653,46.9087,472,28955,0.254632,0.13,1,1845402,1844930,472
126067541,20.2661,46.9635,427,29028,0.263853,0.09,1,1845404,1844977,427
126070461,26.7065,19.9854,456,29101,0.267541,0.11,1,1845435,1844979,456
126073381,25.6826,25.9942,451,29174,0.257016,0.13,1,1845460,1845009,451
126076301,67.273,24.7977,522,29247,0.252807,0.05,1,1845555,1845033,522
126079221,47.9092,69.3191,458,29319,0.263123,0.11,1,1845590,1845132,458
126087981,48.1862,81.9084,457,29535,0.41164,0.25,1,1845787,1845330,457
126090901,48.6745,47.1634,482,29607,0.422656,0.27,1,1845836,1845354,482
126093821,20.6698,47.6653,436,29678,0.427062,0.27,1,1845838,1845402,436
126096741,26.8679,20.2661,465,29749,0.416825,0.27,1,1845869,1845404,465
126099661,25.1472,26.7065,458,29820,0.42473,0.25,1,1845893,1845435,458
126102581,11.2589,25.6826,435,29891,0.427892,0.25,1,1845895,1845460,435
126149301,49.4727,49.1622,449,31004,0.76875,0.59,2,1846728,1846279,449
126152221,20.9891,20.8649,449,31072,0.7575,0.59,2,1846730,1846281,449
126155141,26.3956,26.346,449,31140,0.753,0.61,2,1846760,1846311,449
126158061,26.1583,25.5384,450,31208,0.7632,0.57,2,1846786,1846336,450
126160981,11.6633,11.4154,450,31276,0.76728,0.57,2,1846788,1846338,450
126163901,64.6653,4.56614,550,31344,0.840912,0.67,2,1846888,1846338,550
126166821,47.4661,59.4265,490,31412,0.882365,0.71,2,1846924,1846434,490
126169741,68.7865,45.3706,537,31479,0.898946,0.71,2,1847007,1846470,537
126277781,26.7622,23.9826,492,33877,0.891999,0.99,2,1848666,1848174,492
126286541,51.8488,62.9749,489,34063,0.855568,1,2,1848793,1848304,489
126289461,49.5395,49.79,496,34125,0.876227,1,2,1848841,1848345,496
126292381,39.6158,38.516,498,34187,0.800491,1,2,1848874,1848376,498
126347861,31.2439,27.2772,482,35344,0.771507,0.57,2,1849643,1849161,482
126350781,47.8976,30.7109,508,35404,0.830603,0.63,2,1849702,1849194,508
126353701,50.359,45.8844,504,35464,0.878241,0.67,2,1849754,1849250,504
126356621,39.3436,49.5537,484,35524,0.897296,0.61,2,1849786,1849302,484
126359541,37.3374,38.4215,489,35584,0.880919,0.63,2,1849822,1849333,489
126362461,72.535,35.7686,551,35643,0.898367,0.63,2,1849918,1849367,551
126505541,52.7217,79.8415,502,38440,0.85599,1,2,1851840,1851338,502
126508461,45.0887,49.9366,512,38495,0.840396,1,2,1851880,1851368,512
126511381,37.2355,39.1746,512,38550,0.786158,1,2,1851912,1851400,512
126514301,30.4942,30.6699,513,38605,0.788463,1,2,1851938,1851425,513
126528901,31.1263,39.2305,485,38878,0.439066,1,1,1852071,1851586,485
126537661,30.7921,35.5108,478,39040,0.2381,1,1,1852176,1851698,478
126540581,71.7168,77.8043,471,39094,0.22124,0.76,1,1852275,1851804,471
126558101,14.827,17.5991,448,39418,0.203503,0.47,1,1852424,1851976,448
126561021,23.3308,25.0396,447,39472,0.207401,0.45,1,1852453,1852006,447
126563941,26.1323,29.8159,442,39526,0.20896,0.41,1,1852481,1852039,442
126569781,31.9012,36.4505,436,39632,0.205034,0.31,1,1852547,1852111,436
126572701,36.1605,37.9802,436,39685,0.256013,0.17,1,1852586,1852150,436
126575621,27.0642,30.7921,431,39738,0.252405,0.21,1,1852607,1852176,431
126578541,67.8257,71.7168,427,39791,0.298962,0.17,1,1852702,1852275,427
126590221,28.2515,28.1688,428,40003,0.425781,0.21,1,1852821,1852393,428
126607741,33.1935,29.6836,464,40320,0.438761,0.21,1,1852978,1852514,464
126610661,37.8774,31.6734,472,40372,0.445504,0.29,1,1853019,1852547,472
126613581,27.751,36.0694,454,40424,0.448202,0.25,1,1853040,1852586,454
126674901,24.3979,14.7113,480,41506,0.771896,0.57,2,1853775,1853295,480
126677821,10.9591,23.8845,452,41557,0.758758,0.61,2,1853777,1853325,452
126680741,22.3837,27.5538,452,41608,0.789503,0.61,2,1853807,1853355,452
126683661,26.9535,29.0215,452,41659,0.777801,0.59,2,1853837,1853385,452
126686581,31.1814,32.6086,451,41710,0.797121,0.61,2,1853871,1853420,451
126689501,39.4726,38.8434,453,41761,0.804848,0.65,2,1853916,1853463,453
126692421,28.989,27.5374,455,41812,0.807939,0.67,2,1853938,1853483,455
126695341,74.5956,74.015,455,41862,0.833176,0.67,2,1854043,1853588,455
126698261,49.0382,48.806,455,41912,0.86727,0.69,2,1854075,1853620,455
126701181,43.0153,42.3224,456,41962,0.892908,0.71,2,1854114,1853658,456
126707021,30.0424,29.0916,458,42062,0.895265,0.75,2,1854170,1853712,458
126969821,67.7012,82.6209,532,22986,0.899432,1,2,1858162,1857630,532
126972741,51.0805,69.0484,512,23078,0.821773,1,2,1858202,1857690,512
126975661,46.2322,51.6193,515,23170,0.754709,1,2,1858245,1857730,515
126981501,92.8372,47.4991,595,23352,0.412353,1,1,1858409,1857814,595
126987341,74.9739,90.8799,536,23533,0.0911765,0.97,1,1858568,1858032,536
126990261,64.1896,77.7519,524,23623,0.0544706,0.87,1,1858625,1858101,524
126993181,47.2758,67.7008,499,23713,0.0517882,0.77,1,1858661,1858162,499
126996101,39.9103,51.0803,494,23802,0.0507153,0.71,1,1858696,1858202,494
126999021,36.3641,46.2321,485,23891,0.0262861,0.59,1,1858730,1858245,485
127007781,67.1753,95.9349,423,24156,0.220802,0.03,1,1858930,1858507,423
127013621,58.868,64.1896,423,24331,0.0845284,0.05,1,1859048,1858625,423
127016541,45.1472,47.2758,423,24418,0.0638113,0.05,1,1859084,1858661,423
127019461,39.6589,39.9103,424,24505,0.0555245,0.01,1,1859120,1858696,424
127022381,35.6636,36.3641,423,24591,0.0522098,0.17,1,1859153,1858730,423
127025301,84.4654,79.3457,432,24677,0.0628839,0.17,1,1859270,1858838,432
127028221,34.9862,32.9383,432,24763,0.0671536,0.27,1,1859272,1858840,432
127031141,67.3945,67.1753,431,24849,0.0808614,0.13,1,1859361,1858930,431
127051581,35.533,34.9862,425,25440,0.205356,0.07,1,1859697,1859272,425
127057421,61.2453,58.9978,482,25606,0.235657,0.15,1,1859843,1859361,482
127060341,56.2981,57.1991,479,25689,0.268263,0.15,1,1859896,1859417,479
127077861,68.3318,35.5193,519,26179,0.409907,0.17,1,1860216,1859697,519
127080781,63.9327,67.6077,491,26260,0.445963,0.27,1,1860277,1859786,491
127121661,89.1604,88.4937,452,27368,0.782512,0.59,2,1861016,1860564,452
127124581,36.8642,36.5975,452,27445,0.811005,0.63,2,1861018,1860566,452
127127501,69.3457,68.639,453,27522,0.834402,0.69,2,1861109,1860656,453
127130421,69.7383,67.6556,456,27599,0.819761,0.69,2,1861179,1860723,456
127133341,29.0953,28.2622,456,27676,0.813904,0.69,2,1861181,1860725,456
127136261,44.0381,43.7049,456,27753,0.871562,0.69,2,1861235,1860779,456
127139181,41.0152,40.882,456,27829,0.870625,0.73,2,1861274,1860818,456
127244301,34.171,33.9643,488,30448,0.886,1,2,1863127,1862639,488
127247221,43.0684,37.5857,497,30518,0.8944,1,2,1863176,1862679,497
127250141,37.6274,33.6343,500,30587,0.82576,1,2,1863210,1862710,500
127253061,32.4509,32.0537,498,30656,0.768304,1,2,1863239,1862741,498
127264741,57.1683,60.2974,495,30932,0.0890286,1,1,1863490,1862995,495
127267661,55.8673,67.3189,478,31000,0.0416114,1,1,1863545,1863067,478
127270581,48.7469,47.9276,487,31068,0.0166446,0.81,1,1863589,1863102,487
127273501,31.4988,34.171,482,31136,0.0366578,0.9,1,1863609,1863127,482
127276421,34.1995,43.0684,469,31204,0.0446631,0.78,1,1863645,1863176,469
127279341,31.0798,37.6274,464,31272,0.0478653,0.73,1,1863674,1863210,464
127282261,25.6319,32.4509,457,31340,0.0251461,0.73,1,1863696,1863239,457
127285181,27.0528,12.9804,485,31408,0.0640584,0.65,1,1863724,1863239,485
127288101,73.8211,22.5922,561,31475,0.0916234,0.15,1,1863829,1863268,561
127293941,51.1714,56.1747,479,31609,0.0998597,0.03,1,1863912,1863433,479
127296861,52.8686,56.6699,476,31676,0.0579439,0.01,1,1863966,1863490,476
127299781,47.5474,55.668,465,31743,0.0231776,0,1,1864010,1863545,465
127302701,31.619,48.6672,442,31810,0.063271,0.05,1,1864031,1863589,442
127305621,33.6476,31.4669,457,31877,0.0673084,0.05,1,1864066,1863609,457
127308541,30.859,34.1867,450,31943,0.0569234,0.05,1,1864095,1863645,450
127311461,25.5436,31.0747,443,32009,0.0527693,0.01,1,1864117,1863674,443
127314381,28.8174,25.6299,452,32075,0.0391077,0.09,1,1864148,1863696,452
127317301,74.527,27.052,529,32141,0.0336431,0.11,1,1864253,1863724,529
127320221,49.0108,73.8208,456,32207,0.0434572,0.13,1,1864285,1863829,456
127323141,49.6043,46.9283,477,32273,0.0713829,0.09,1,1864335,1863858,477
127326061,51.6417,51.1713,476,32339,0.0465532,0.03,1,1864388,1863912,476
127328981,48.2567,52.8685,468,32404,0.0246213,0,1,1864434,1863966,468
127331901,31.3027,47.5474,444,32469,0.0278485,0.09,1,1864454,1864010,444
127334821,34.1211,31.619,459,32534,0.0291394,0.07,1,1864490,1864031,459
127337741,29.8484,33.6476,451,32599,0.0536558,0.05,1,1864517,1864066,451
127340661,24.5394,30.859,443,32664,0.0514623,0.05,1,1864538,1864095,443
127343581,30.2157,25.5436,455,32729,0.0505849,0.03,1,1864572,1864117,455
127346501,13.2863,28.8174,426,32794,0.050234,0.03,1,1864574,1864148,426
127349421,67.1145,74.527,424,32858,0.0620936,0.05,1,1864677,1864253,424
127352341,46.6458,49.0108,425,32922,0.0908374,0.09,1,1864710,1864285,425
127384461,46.8791,46.6458,425,33622,0.233941,0.19,1,1865135,1864710,425
127387381,51.7517,49.2583,429,33685,0.255576,0.15,1,1865190,1864761,429
127413661,69.498,67.6978,430,34246,0.400613,0.21,1,1865532,1865102,430
127416581,49.3992,27.0791,466,34308,0.406245,0.27,1,1865568,1865102,466
127419501,53.3597,30.6317,489,34370,0.408498,0.27,1,1865624,1865135,489
127422421,52.5439,45.2527,486,34432,0.421399,0.35,1,1865676,1865190,486
127425341,46.2175,48.1011,478,34493,0.43856,0.35,1,1865718,1865240,478
127486661,42.7575,54.6722,453,35758,0.78445,0.63,2,1866518,1866065,453
127489581,48.903,53.6689,453,35817,0.78778,0.69,2,1866571,1866118,453
127492501,47.7612,47.8676,456,35876,0.777112,0.67,2,1866618,1866162,456
127495421,32.3045,32.947,455,35935,0.784845,0.67,2,1866640,1866185,455
127498341,36.9218,37.1788,455,35994,0.787938,0.69,2,1866680,1866225,455
127501261,32.1687,31.6715,456,36053,0.837175,0.69,2,1866709,1866253,456
127504181,24.8675,24.6686,456,36112,0.85687,0.69,2,1866729,1866273,456
127507101,32.147,32.0674,456,36171,0.852748,0.69,2,1866766,1866310,456
127510021,14.0588,14.027,456,36229,0.875099,0.75,2,1866768,1866312,456
127635581,34.2924,46.2808,497,38658,0.891735,1,2,1868516,1868019,497
127638501,26.9169,32.9123,495,38713,0.830694,1,2,1868538,1868043,495
127661861,36.9325,35.2957,490,39146,0.0661624,1,1,1868846,1868356,490
127664781,26.173,33.3183,477,39200,0.056465,0.91,1,1868865,1868388,477
127667701,41.6692,49.3273,469,39254,0.040586,0.91,1,1868917,1868448,469
127670621,36.4677,43.7309,462,39308,0.0462344,0.87,1,1868950,1868488,462
127673541,30.7871,34.2924,461,39362,0.0364938,0.79,1,1868977,1868516,461
127676461,23.7148,26.9169,458,39416,0.0445975,0.67,1,1868996,1868538,458
127679381,25.6859,31.1668,451,39470,0.035839,0.55,1,1869023,1868572,451
127682301,25.8744,31.0667,446,39524,0.0323356,0.47,1,1869049,1868603,446
127685221,27.1497,31.6267,442,39577,0.0549342,0.45,1,1869077,1868635,442
127688141,26.4599,30.0507,439,39630,0.0399737,0.27,1,1869103,1868664,439
127691061,29.184,31.8203,437,39683,0.0339895,0.09,1,1869134,1868697,437
127693981,48.2736,58.3281,422,39736,0.0315958,0.07,1,1869195,1868773,422
127696901,50.5094,50.3312,429,39789,0.0666383,0.03,1,1869247,1868818,429
127699821,34.6038,36.9325,425,39842,0.0806553,0.05,1,1869271,1868846,425
127702741,24.0415,26.173,423,39895,0.0622621,0.03,1,1869288,1868865,423
127705661,40.2166,41.6692,422,39948,0.0549049,0.05,1,1869339,1868917,422
127708581,35.8866,36.4677,422,40001,0.0519619,0.03,1,1869372,1868950,422
127711501,30.5547,30.7871,422,40054,0.0387848,0.05,1,1869399,1868977,422
127714421,23.6219,23.7148,422,40107,0.0695139,0.05,1,1869418,1868996,422
127717341,25.0487,9.48593,448,40160,0.0338056,0.03,1,1869444,1868996,448
127720261,26.2195,19.9944,448,40213,0.0315222,0.03,1,1869471,1869023,448
127723181,26.6878,23.5977,449,40266,0.0426089,0.07,1,1869498,1869049,449
127726101,26.2751,26.2391,447,40318,0.0230436,0.03,1,1869524,1869077,447
127729021,30.31,26.0956,454,40370,0.0392174,0.03,1,1869557,1869103,454
127731941,48.124,29.0383,483,40422,0.069687,0.03,1,1869617,1869134,483
127734861,51.0496,48.2153,475,40474,0.0698748,0.09,1,1869670,1869195,475
127737781,35.4198,50.4861,448,40526,0.0819499,0.09,1,1869695,1869247,448
127743621,39.6272,24.0378,472,40630,0.062312,0.05,1,1869760,1869288,472
127746541,36.8509,40.2151,456,40682,0.0429248,0.05,1,1869795,1869339,456
127749461,29.7403,35.886,448,40734,0.0471699,0.03,1,1869820,1869372,448
127752381,23.2961,30.5544,440,40786,0.060868,0.09,1,1869839,1869399,440
127755301,26.1185,23.6218,449,40838,0.0663472,0.01,1,1869867,1869418,449
127784501,35.95,39.6272,457,41351,0.0862548,0.03,1,1870217,1869760,457
127787421,31.18,36.8509,450,41402,0.0765019,0.05,1,1870245,1869795,450
127790341,24.472,29.7403,445,41453,0.0726008,0.07,1,1870265,1869820,445
127793261,25.9888,23.2961,453,41504,0.0710403,0.07,1,1870292,1869839,453
127796181,11.5955,26.1185,427,41555,0.0704161,0.15,1,1870294,1869867,427
127799101,21.4382,26.0474,429,41606,0.0941665,0.11,1,1870322,1869893,429
127807861,31.324,31.115,429,41759,0.0849867,0.09,1,1870409,1869980,429
127810781,49.7296,50.246,428,41810,0.0639947,0.13,1,1870471,1870043,428
127813701,51.0918,51.2984,428,41860,0.0795979,0.11,1,1870523,1870095,428
127834141,25.5492,25.9888,425,42210,0.200557,0.07,1,1870717,1870292,425
127837061,11.4197,11.5955,425,42260,0.206223,0.11,1,1870719,1870294,425
127839981,21.3679,21.4382,425,42310,0.220489,0.11,1,1870747,1870322,425
127842901,24.7471,24.7753,425,42360,0.286196,0.11,1,1870774,1870349,425
127845821,24.2989,24.3101,425,42410,0.288478,0.07,1,1870798,1870373,425
127863341,39.8201,38.7659,430,42709,0.41019,0.21,1,1871040,1870610,430
127866261,35.128,34.7064,430,42758,0.422076,0.17,1,1871072,1870642,430
127869181,30.8512,30.6825,430,42807,0.43883,0.19,1,1871100,1870670,430
127872101,24.9405,24.873,430,42856,0.433532,0.21,1,1871121,1870691,430
127880861,22.5722,21.3679,432,43003,0.443666,0.23,1,1871179,1870747,432
127927581,25.8444,27.0289,468,43782,0.772107,0.47,2,1871677,1871209,468
127930501,31.9378,25.2115,480,43830,0.818843,0.49,2,1871713,1871233,480
127933421,51.1751,31.0846,509,43878,0.849537,0.51,2,1871777,1871268,509
127936341,56.47,50.2338,506,43926,0.873815,0.57,2,1871837,1871331,506
127939261,39.388,54.2935,477,43974,0.895526,0.57,2,1871865,1871388,477
127945101,42.7821,22.607,505,44070,0.883684,0.65,2,1871933,1871428,505
127948021,36.9128,40.2428,486,44118,0.863474,0.65,2,1871966,1871480,486
127950941,32.7651,35.2971,484,44166,0.855389,0.69,2,1871996,1871512,484
127953861,26.3061,31.5188,477,44214,0.864156,0.69,2,1872018,1871541,477
127956781,26.7224,25.8075,482,44262,0.855662,0.71,2,1872045,1871563,482
127959701,11.889,25.923,458,44310,0.852265,0.71,2,1872047,1871589,458
127962621,24.5556,11.5692,489,44358,0.838906,0.71,2,1872080,1871591,489
127965541,29.6222,22.0277,493,44406,0.845562,0.77,2,1872113,1871620,493
127968461,26.8489,28.6111,485,44454,0.872225,0.79,2,1872138,1871653,485
127971381,11.9396,25.8444,463,44501,0.85889,0.85,2,1872140,1871677,463
127974301,26.9758,31.9378,464,44548,0.841556,0.87,2,1872177,1871713,464
127977221,49.7903,51.1751,465,44595,0.858622,0.89,2,1872242,1871777,465
127980141,56.5161,56.47,466,44642,0.853449,0.91,2,1872303,1871837,466
127983061,40.0065,39.388,467,44689,0.86338,0.91,2,1872332,1871865,467
127985981,23.2026,22.9552,467,44736,0.879352,0.87,2,1872344,1871877,467
127988901,41.681,42.7821,465,44783,0.897741,0.85,2,1872398,1871933,465
128164101,42.5601,35.2624,498,47527,0.828583,1,2,1874270,1873772,498
128167021,37.4241,36.305,495,47571,0.757433,1,2,1874304,1873809,495
128181621,25.7282,27.7039,498,47791,0.419087,1,1,1874449,1873951,498
128193301,24.5194,18.7668,507,47967,0.401401,1,1,1874551,1874044,507
128210821,36.7845,42.5601,456,48231,0.419496,0.71,1,1874726,1874270,456
128213741,33.3138,37.4241,453,48275,0.449798,0.67,1,1874757,1874304,453
128283821,29.7852,28.4662,478,49311,0.752381,0.63,2,1875421,1874943,478
128286741,25.1141,26.9865,474,49354,0.786953,0.59,2,1875443,1874969,474
128289661,22.0456,25.1946,470,49397,0.812781,0.63,2,1875463,1874993,470
128292581,19.6183,22.0778,468,49440,0.823112,0.61,2,1875481,1875013,468
128295501,17.4473,20.2311,465,49483,0.827245,0.59,2,1875497,1875032,465
128298421,37.5789,18.2925,499,49526,0.840898,0.57,2,1875548,1875049,499
128301341,32.4316,36.717,479,49569,0.870359,0.61,2,1875577,1875098,479
128304261,38.1726,31.4868,493,49612,0.894144,0.59,2,1875619,1875126,493
128339301,19.8741,22.0456,480,50116,0.897746,0.83,2,1875943,1875463,480
128342221,17.5497,19.6183,478,50158,0.893098,0.83,2,1875959,1875481,478
128520341,109.231,98.8171,519,24266,0.8308,1,2,1877792,1877273,519
128523261,71.8923,82.7268,494,24353,0.78232,1,2,1877839,1877345,494
128526181,76.1569,69.0907,513,24440,0.750928,1,2,1877918,1877405,513
128552461,70.5326,73.9777,451,25210,0.411096,0.49,1,1878446,1877995,451
128558301,45.0052,47.7164,445,25378,0.441375,0.45,1,1878555,1878110,445
128599181,74.2195,63.1091,528,26522,0.758873,0.63,2,1879338,1878810,528
128602101,82.4878,70.8436,540,26602,0.813549,0.63,2,1879426,1878886,540
128605021,48.5951,81.1375,478,26682,0.84742,0.69,2,1879452,1878974,478
128607941,36.238,46.255,483,26761,0.872968,0.67,2,1879480,1878997,483
128610861,38.4952,35.902,494,26840,0.883187,0.69,2,1879520,1879026,494
128613781,16.5981,37.7608,457,26919,0.887275,0.69,2,1879522,1879065,457
128742261,43.3618,54.0265,480,30185,0.88312,1,2,1881861,1881381,480
128745181,38.9447,40.8106,484,30255,0.863248,1,2,1881897,1881413,484
128748101,42.5779,37.3242,494,30325,0.867299,1,2,1881942,1881448,494
128751021,41.0312,46.1297,482,30395,0.82092,1,2,1881982,1881500,482
128753941,35.6125,36.4519,484,30465,0.790368,1,2,1882014,1881530,484
128756861,65.245,62.5808,489,30534,0.814147,1,2,1882099,1881610,489
128759781,42.898,46.6323,481,30603,0.751659,1,2,1882127,1881646,481
128762701,42.9592,45.6529,479,30672,0.798664,0.97,2,1882170,1881691,479
128765621,56.7837,66.2612,465,30741,0.781465,0.85,2,1882236,1881771,465
128768541,56.9135,61.9045,463,30810,0.762586,0.87,2,1882293,1881830,463
128771461,40.1654,43.3618,461,30879,0.779034,0.85,2,1882322,1881861,461
128774381,39.4662,38.9447,464,30948,0.773614,0.87,2,1882361,1881897,464
128786061,65.6903,65.245,461,31220,0.771437,0.71,2,1882560,1882099,461
128788981,43.6761,42.898,462,31288,0.770575,0.71,2,1882589,1882127,462
128815261,68.3995,36.709,545,31891,0.752014,0.81,2,1883020,1882475,545
128818181,42.9598,65.6836,486,31957,0.762806,0.77,2,1883046,1882560,486
128821101,40.5839,43.6734,496,32023,0.767122,0.73,2,1883085,1882589,496
128824021,54.6336,40.2694,522,32089,0.768849,0.73,2,1883149,1882627,522
128826941,54.2534,56.3077,509,32155,0.79354,0.63,2,1883203,1882694,509
128829861,40.9014,56.1231,485,32221,0.815416,0.67,2,1883235,1882750,485
128832781,39.1605,40.4492,493,32287,0.836166,0.69,2,1883273,1882780,493
128835701,39.6642,38.9797,495,32353,0.844467,0.71,2,1883313,1882818,495
128838621,39.8657,38.9919,496,32418,0.871787,0.73,2,1883353,1882857,496
128841541,36.9463,38.9968,492,32483,0.894715,0.73,2,1883388,1882896,492
128844461,69.3785,35.9987,549,32548,0.891886,0.77,2,1883479,1882930,549
128975861,47.787,68.441,499,35353,0.80438,1,2,1885395,1884896,499
128996301,18.1933,36.1089,479,35769,0.261738,1,1,1885648,1885169,479
129002141,31.3509,32.2974,481,35887,0.0634781,1,1,1885720,1885239,481
129005061,34.7404,36.919,478,35946,0.0913912,0.91,1,1885757,1885279,478
129007981,51.0961,60.9676,463,36005,0.0785565,0.71,1,1885819,1885356,463
129010901,39.6385,47.787,456,36064,0.0614226,0.63,1,1885851,1885395,456
129013821,41.0554,46.1148,453,36123,0.024569,0.47,1,1885893,1885440,453
129016741,42.8222,50.8459,443,36182,0.0758276,0.45,1,1885937,1885494,443
129019661,50.7289,52.7384,445,36240,0.084331,0.43,1,1885993,1885548,445
129051781,44.8474,42.8222,426,36876,0.0840761,0.09,1,1886363,1885937,426
129054701,52.139,50.7289,427,36933,0.0876304,0.15,1,1886420,1885993,427
129057621,35.2556,34.6915,427,36990,0.0890522,0.13,1,1886444,1886017,427
129086821,42.443,40.08,469,37558,0.205058,0.05,1,1886784,1886315,469
129089741,53.5772,44.832,482,37614,0.220023,0.09,1,1886845,1886363,482
129092661,36.4309,52.1328,450,37670,0.214009,0.09,1,1886870,1886420,450
129095581,33.1724,35.2531,457,37726,0.223604,0.17,1,1886901,1886444,457
129098501,29.4689,32.1012,454,37782,0.215441,0.15,1,1886928,1886474,454
129101421,15.3876,29.0405,433,37838,0.212177,0.11,1,1886934,1886501,433
129104341,30.155,15.2162,467,37894,0.234871,0.13,1,1886974,1886507,467
129107261,28.862,28.8865,457,37950,0.267948,0.17,1,1887002,1886545,457
129121861,43.8651,38.6075,477,38228,0.416648,0.23,1,1887216,1886739,477
129171501,30.7126,30.1053,446,39156,0.754711,0.47,2,1887807,1887361,446
129174421,15.885,15.6421,446,39210,0.763885,0.53,2,1887813,1887367,446
129177341,32.754,31.4569,448,39264,0.767554,0.55,2,1887857,1887409,448
129180261,31.1016,29.9827,449,39318,0.781021,0.55,2,1887887,1887438,449
129183181,13.6406,13.1931,449,39372,0.786409,0.55,2,1887889,1887440,449
129186101,27.6563,26.8772,450,39426,0.812563,0.61,2,1887926,1887476,450
129189021,51.8625,50.3509,452,39480,0.787025,0.61,2,1887994,1887542,452
129191941,36.945,35.7404,453,39533,0.78881,0.67,2,1888021,1887568,453
129194861,41.178,39.4961,455,39586,0.789524,0.71,2,1888065,1887610,455
129197781,47.0712,46.3985,455,39639,0.78981,0.73,2,1888116,1887661,455
129200701,56.6285,55.7594,456,39692,0.837924,0.75,2,1888179,1887723,456
129203621,37.6514,36.7038,457,39745,0.821169,0.73,2,1888204,1887747,457
129206541,34.2606,33.2815,458,39798,0.850468,0.77,2,1888236,1887778,458
129209461,31.1042,30.7126,458,39851,0.874187,0.77,2,1888265,1887807,458
129212381,16.0417,15.885,458,39904,0.883675,0.77,2,1888271,1887813,458
129215301,34.0167,32.754,460,39957,0.89947,0.79,2,1888317,1887857,460
129381741,29.5822,28.4527,511,42864,0.860072,1,2,1890332,1889821,511
129384661,33.4329,39.5811,500,42913,0.806029,1,2,1890368,1889868,500
129387581,31.3731,36.8324,495,42962,0.820412,1,2,1890398,1889903,495
129390501,28.1493,34.533,488,43011,0.790165,1,2,1890424,1889936,488
129425541,30.8774,29.5813,492,43598,0.437098,0.77,1,1890824,1890332,492
129428461,32.751,33.4325,490,43646,0.420839,0.83,1,1890858,1890368,490
129431381,26.3004,31.373,482,43694,0.414336,0.77,1,1890880,1890398,482
129434301,23.7202,28.1492,478,43742,0.411734,0.69,1,1890902,1890424,478
129437221,27.4881,25.0597,485,43790,0.422694,0.63,1,1890932,1890447,485
129498541,31.6274,31.9448,447,44790,0.752273,0.61,2,1891597,1891150,447
129501461,36.651,33.7779,452,44837,0.774909,0.63,2,1891637,1891185,452
129504381,27.8604,27.3112,451,44884,0.771964,0.57,2,1891659,1891208,451
129507301,26.1442,24.7245,453,44931,0.794785,0.61,2,1891684,1891231,453
129510221,31.4577,31.4898,452,44978,0.791914,0.63,2,1891719,1891267,452
129513141,31.7831,31.1959,453,45025,0.814766,0.61,2,1891751,1891298,453
129516061,26.5132,26.2784,453,45072,0.811906,0.65,2,1891774,1891321,453
129518981,25.0053,24.3113,454,45119,0.822763,0.65,2,1891798,1891344,454
129521901,28.0021,27.7245,454,45166,0.827105,0.65,2,1891828,1891374,454
129524821,12.4008,12.2898,454,45213,0.828842,0.71,2,1891830,1891376,454
129527741,52.9603,51.1159,457,45260,0.865537,0.71,2,1891910,1891453,457
129705861,38.6112,45.3155,490,48017,0.8884,1,2,1893804,1893314,490
129708781,35.8445,39.1262,489,48061,0.85336,1,2,1893838,1893349,489
129711701,25.1378,26.4505,489,48105,0.791344,1,2,1893856,1893367,489
129729221,36.0811,33.9193,494,48369,0.251376,1,1,1894045,1893551,494
129732141,28.8324,29.7677,491,48413,0.202551,1,1,1894069,1893578,491
129740901,27.5013,29.6251,486,48543,0.0885632,1,1,1894157,1893671,486
129743821,23.0005,28.0501,479,48586,0.0654253,0.95,1,1894177,1893698,479
129746741,24.2002,26.82,478,48629,0.0441701,0.93,1,1894202,1893724,478
129749661,27.6801,33.528,470,48672,0.047668,0.85,1,1894232,1893762,470
129752581,33.272,38.6112,465,48715,0.0850672,0.83,1,1894269,1893804,465
129825581,26.6867,32.0565,451,49785,0.201775,0.15,1,1894926,1894475,451
129828501,27.4747,26.6226,456,49827,0.20671,0.15,1,1894954,1894498,456
129831421,28.9899,27.449,458,49869,0.208684,0.17,1,1894984,1894526,458
129834341,27.196,28.3796,455,49911,0.245474,0.19,1,1895010,1894555,455
129837261,21.6784,27.5518,446,49953,0.272189,0.17,1,1895028,1894582,446
129840181,21.2714,22.4207,448,49995,0.294876,0.15,1,1895049,1894601,448
129866461,17.4093,22.4802,429,50373,0.412485,0.17,1,1895257,1894828,429
129869381,36.9637,37.7921,431,50415,0.410994,0.21,1,1895307,1894876,431
129872301,30.9855,30.7168,432,50457,0.410398,0.21,1,1895334,1894902,432
129875221,26.7942,26.6867,432,50499,0.446159,0.21,1,1895358,1894926,432
129968661,38.2141,6.9861,500,51818,0.752465,0.59,2,1896198,1895698,500
129971581,31.4857,33.9944,475,51859,0.786986,0.55,2,1896225,1895750,475
129974501,28.1943,29.1978,475,51900,0.800794,0.59,2,1896251,1895776,475
129977421,28.6777,26.6791,479,51941,0.794318,0.63,2,1896280,1895801,479
129980341,31.2711,27.4716,484,51982,0.815727,0.67,2,1896313,1895829,484
129983261,31.1084,30.1887,483,52023,0.824291,0.65,2,1896344,1895861,483
129986181,23.8434,30.0755,472,52063,0.815716,0.67,2,1896363,1895891,472
129989101,22.7373,22.8302,476,52103,0.824287,0.71,2,1896385,1895909,476
129992021,27.0949,22.3321,484,52143,0.827715,0.67,2,1896415,1895931,484
129994941,36.038,26.9328,496,52183,0.841086,0.71,2,1896457,1895961,496
129997861,33.0152,35.9731,485,52223,0.834434,0.65,2,1896488,1896003,485
130000781,21.6061,32.9893,468,52263,0.831774,0.69,2,1896502,1896034,468
130003701,22.4424,20.9957,478,52303,0.842709,0.75,2,1896525,1896047,478
130006621,27.577,21.5983,487,52343,0.871084,0.71,2,1896556,1896069,487
130244601,316.311,347.918,464,24820,0.447588,0.81,1,1898734,1898270,464
130247521,172.124,170.967,487,25633,0.209035,0.75,1,1898810,1898323,487
130253361,71.0999,71.1548,483,25798,0.0682456,0.45,1,1898915,1898432,483
130256281,62.04,67.4619,474,25880,0.0332983,0.31,1,1898971,1898497,474
130259201,57.816,68.3848,460,25962,0.0913193,0.21,1,1899026,1898566,460
130270881,65.8577,32.4658,500,26287,0.21109,0.05,1,1899234,1898734,500
130273801,58.1431,58.5863,477,26368,0.234436,0.07,1,1899287,1898810,477
130276721,53.8572,55.8345,474,26448,0.243774,0.03,1,1899338,1898864,474
130279641,55.1429,52.9338,479,26528,0.25951,0.01,1,1899394,1898915,479
130300081,55.8209,58.1133,434,27082,0.412375,0.25,1,1899721,1899287,434
130303001,52.9284,53.8453,434,27160,0.42295,0.27,1,1899772,1899338,434
130308841,59.9485,57.4553,439,27316,0.443272,0.37,1,1899892,1899453,439
130311761,59.9794,58.3821,440,27394,0.423309,0.35,1,1899952,1899512,440
130314681,43.7918,43.7528,439,27471,0.439324,0.35,1,1899985,1899546,439
130352641,58.6054,23.6619,504,28457,0.758838,0.57,2,1900611,1900107,504
130355561,55.2422,42.4647,502,28531,0.765535,0.59,2,1900664,1900162,502
130358481,58.0969,49.3859,508,28605,0.792214,0.65,2,1900724,1900216,508
130361401,60.4387,53.9544,513,28679,0.802886,0.65,2,1900786,1900273,513
130364321,59.5755,58.7817,510,28753,0.831154,0.61,2,1900845,1900335,510
130367241,46.0302,58.9127,488,28827,0.866462,0.63,2,1900882,1900394,488
130370161,39.4121,44.5651,488,28900,0.880585,0.75,2,1900917,1900429,488
130373081,16.9648,37.026,458,28973,0.886234,0.75,2,1900919,1900461,458
130586241,62.7085,60.3005,487,33893,0.826,1,2,1904423,1903936,487
130595001,46.4933,44.4192,498,34079,0.440944,1,1,1904567,1904069,498
130606681,43.2622,21.2011,521,34327,0.0814162,1,1,1904718,1904197,521
130609601,31.7049,30.0805,509,34389,0.0505665,1,1,1904742,1904233,509
130615441,32.0728,35.8929,501,34511,0.0860906,0.85,1,1904808,1904307,501
130618361,56.6291,35.9571,538,34572,0.0884363,0.77,1,1904881,1904343,538
130621281,42.4516,62.3829,491,34633,0.0653745,0.63,1,1904914,1904423,491
130624201,51.1807,48.9531,508,34694,0.0921498,0.49,1,1904971,1904463,508
130627121,40.8723,59.1813,476,34755,0.0908599,0.35,1,1905005,1904529,476
130630041,31.9489,46.4725,464,34816,0.090344,0.37,1,1905031,1904567,464
130685521,57.3311,57.8033,428,35952,0.22225,0.11,1,1905734,1905306,428
130688441,40.9324,41.7213,427,36011,0.2389,0.13,1,1905764,1905337,427
130691361,54.173,52.0885,431,36070,0.23356,0.21,1,1905827,1905396,431
130694281,42.6692,41.2354,432,36129,0.255424,0.19,1,1905862,1905430,432
130697201,33.8677,33.8942,431,36187,0.26417,0.19,1,1905890,1905459,431
130700121,26.1471,26.7577,430,36245,0.255668,0.15,1,1905911,1905481,430
130703041,39.2588,40.1031,429,36303,0.240267,0.19,1,1905959,1905530,429
130720561,58.5015,57.3311,432,36651,0.445551,0.25,1,1906166,1905734,432
130776041,43.6825,39.6585,495,37731,0.759854,0.63,2,1906887,1906392,495
130778961,18.673,41.6634,454,37787,0.765941,0.63,2,1906889,1906435,454
130781881,23.0692,17.8654,478,37843,0.768377,0.67,2,1906915,1906437,478
130784801,29.6277,22.7461,486,37899,0.781351,0.65,2,1906949,1906463,486
130787721,29.8511,28.8985,483,37955,0.79854,0.63,2,1906979,1906496,483
130790641,64.1404,30.1594,539,38011,0.829416,0.71,2,1907066,1906527,539
130793561,43.6562,61.8638,486,38067,0.841766,0.71,2,1907096,1906610,486
130796481,55.2625,42.7455,519,38122,0.870707,0.71,2,1907159,1906640,519
130799401,44.905,54.8982,494,38177,0.882283,0.69,2,1907197,1906703,494
130802321,36.562,44.1593,488,38232,0.886913,0.73,2,1907228,1906740,488
130968761,36.1467,34.3572,519,41261,0.881631,1,2,1909306,1908787,519
130971681,31.8587,33.5429,515,41312,0.802652,1,2,1909335,1908820,515
130989201,32.9381,45.4649,494,41618,0.278552,0.98,1,1909528,1909034,494
130992121,27.5752,39.186,483,41669,0.213421,1,1,1909552,1909069,483
130997961,37.172,37.2298,489,41771,0.0689473,1,1,1909639,1909150,489
131000881,25.6688,35.2919,473,41822,0.0575789,0.98,1,1909657,1909184,473
131003801,43.2675,45.9168,475,41872,0.0290316,0.89,1,1909712,1909237,475
131006721,32.907,39.3667,466,41922,0.0416126,0.85,1,1909738,1909272,466
131009641,30.5628,36.1467,461,41972,0.046645,0.75,1,1909767,1909306,461
131012561,25.4251,31.8587,454,42022,0.024658,0.71,1,1909789,1909335,454
131015481,28.17,30.1435,455,42072,0.00986321,0.69,1,1909819,1909364,455
131018401,25.668,29.4574,450,42122,0.0459453,0.51,1,1909843,1909393,450
131021321,27.0672,32.783,443,42172,0.0363781,0.37,1,1909871,1909428,443
131024241,28.8269,34.1132,438,42222,0.0325512,0.33,1,1909901,1909463,438
131027161,28.9308,32.8453,435,42272,0.0430205,0.21,1,1909930,1909495,435
131030081,27.1723,32.9381,428,42322,0.0592082,0.17,1,1909956,1909528,428
131033001,24.0689,27.5752,426,42372,0.0776833,0.07,1,1909978,1909552,426
131038841,35.651,37.172,422,42472,0.0496293,0.05,1,1910061,1909639,422
131041761,26.2604,25.6688,424,42522,0.0618517,0.01,1,1910081,1909657,424
131044681,44.7042,43.2675,426,42572,0.0427407,0.05,1,1910138,1909712,426
131047601,31.6817,32.907,423,42622,0.0230963,0.05,1,1910161,1909738,423
131050521,29.4727,30.5628,422,42672,0.0392385,0.01,1,1910189,1909767,422
131053441,24.9891,25.4251,422,42721,0.0156954,0,1,1910211,1909789,422
131056361,28.5956,28.17,423,42770,0.0242782,0.07,1,1910242,1909819,423
131059281,25.2383,25.668,422,42819,0.0397113,0.03,1,1910265,1909843,422
131062201,26.8953,27.0672,422,42868,0.0818845,0.03,1,1910293,1909871,422
131065121,29.3581,28.8269,423,42917,0.0867538,0.05,1,1910324,1909901,423
131070961,29.6573,27.1723,427,43015,0.0822806,0.07,1,1910383,1909956,427
131073881,22.6629,10.8689,445,43064,0.0869122,0.09,1,1910401,1909956,445
131082641,26.2904,34.6076,442,43211,0.0485224,0.07,1,1910503,1910061,442
131085561,44.1162,25.843,478,43260,0.061409,0.03,1,1910559,1910081,478
131088481,31.4465,44.5372,444,43309,0.0785636,0.01,1,1910582,1910138,444
131094321,25.1914,29.446,444,43407,0.0977702,0,1,1910633,1910189,444
131097241,28.0766,24.9784,452,43456,0.0691081,0.03,1,1910663,1910211,452
131100161,27.4306,28.5914,448,43505,0.0576432,0.05,1,1910690,1910242,448
131103081,28.3723,25.2365,454,43553,0.0650573,0.11,1,1910719,1910265,454
131106001,29.3489,26.8946,456,43601,0.0800229,0.09,1,1910749,1910293,456
131108921,28.5396,29.3578,453,43649,0.0860092,0.11,1,1910777,1910324,453
131111841,29.4158,29.1431,454,43697,0.0884037,0.07,1,1910807,1910353,454
131114761,23.7663,29.6573,444,43745,0.0893615,0.09,1,1910827,1910383,444
131123521,25.761,34.2261,443,43889,0.0474791,0.01,1,1910925,1910482,443
131126441,45.1044,26.2904,480,43937,0.0369917,0.07,1,1910983,1910503,480
131129361,32.4418,44.1162,448,43985,0.0447967,0.09,1,1911007,1910559,448
131132281,31.5767,31.4465,456,44033,0.0599187,0.13,1,1911038,1910582,456
131135201,23.4307,29.9786,445,44081,0.0779675,0.09,1,1911056,1910611,445
131138121,26.1723,25.1914,451,44129,0.085187,0.05,1,1911084,1910633,451
131141041,29.0689,28.0766,452,44177,0.0760748,0.05,1,1911115,1910663,452
131143961,28.4276,27.4306,453,44225,0.0724299,0.07,1,1911143,1910690,453
131158561,40.1225,23.7663,476,44464,0.203618,0.11,1,1911303,1910827,476
131161481,17.249,39.5065,428,44511,0.219447,0.13,1,1911305,1910877,428
131164401,20.0996,31.4026,424,44558,0.249779,0,1,1911327,1910903,424
131167321,20.0398,25.761,422,44605,0.213912,0.03,1,1911347,1910925,422
131176081,32.6025,31.5767,426,44746,0.20161,0.09,1,1911464,1911038,426
131179001,23.841,23.4307,426,44793,0.206644,0.09,1,1911482,1911056,426
131187761,28.2138,28.4276,425,44934,0.241945,0.13,1,1911568,1911143,425
131190681,31.6855,29.971,428,44981,0.282778,0.15,1,1911602,1911174,428
131196521,30.2697,29.5154,430,45075,0.298445,0.17,1,1911662,1911232,430
131219881,32.0776,32.6025,430,45449,0.402629,0.21,1,1911894,1911464,430
131222801,23.631,23.841,430,45495,0.407052,0.17,1,1911912,1911482,430
131225721,26.8524,26.3364,431,45541,0.408821,0.21,1,1911941,1911510,431
131231561,29.1364,28.2138,433,45633,0.441011,0.31,1,1912001,1911568,433
131325001,31.8758,34.4311,485,47089,0.75527,0.65,2,1912965,1912480,485
131327921,32.5503,32.9724,486,47134,0.776108,0.65,2,1912998,1912512,486
131330841,26.2201,32.389,476,47179,0.808443,0.67,2,1913020,1912544,476
131333761,45.8881,26.1556,513,47224,0.821377,0.73,2,1913079,1912566,513
131336681,19.5552,44.0622,459,47269,0.838551,0.73,2,1913081,1912622,459
131339601,21.0221,18.8249,479,47314,0.86942,0.71,2,1913103,1912624,479
131342521,19.2088,21.33,474,47359,0.881768,0.71,2,1913121,1912647,474
131345441,8.88353,19.332,458,47404,0.886707,0.75,2,1913123,1912665,458
131593641,33.6115,16.2868,521,51041,0.863586,1,2,1915724,1915203,521
131596561,31.4446,7.71473,549,51082,0.795434,1,2,1915754,1915205,549
131599481,18.5778,16.8859,536,51123,0.780174,1,2,1915764,1915228,536
131602401,11.6311,30.7544,503,51164,0.82207,0.99,2,1915771,1915268,503
131605321,15.4525,32.7017,487,51205,0.754828,0.96,2,1915789,1915302,487
131681241,32.7889,26.8293,486,52265,0.76133,0.61,2,1916532,1916046,486
131684161,28.7155,32.9317,475,52305,0.754532,0.65,2,1916558,1916083,475
131687081,22.8862,27.5727,470,52345,0.751813,0.63,2,1916577,1916107,470
131690001,25.9545,21.2291,481,52385,0.750725,0.67,2,1916605,1916124,481
131692921,28.3818,24.6916,484,52425,0.76229,0.65,2,1916635,1916151,484
131695841,31.1527,29.6767,484,52465,0.778916,0.65,2,1916668,1916184,484
131698761,19.0611,29.8707,465,52505,0.797566,0.67,2,1916679,1916214,465
131701681,11.2244,17.9483,461,52545,0.781027,0.67,2,1916685,1916224,461
131704601,14.0898,10.7793,471,52585,0.786411,0.69,2,1916701,1916230,471
131707521,18.8359,15.1117,475,52625,0.800564,0.67,2,1916723,1916248,475
131710441,26.7344,18.6447,486,52665,0.806226,0.63,2,1916755,1916269,486
131713361,30.4937,27.8579,485,52705,0.82049,0.63,2,1916788,1916303,485
131716281,32.5975,30.3432,487,52745,0.850196,0.61,2,1916822,1916335,487
131719201,33.439,32.5373,487,52785,0.862078,0.63,2,1916856,1916369,487
131722121,37.3756,32.8149,494,52825,0.854831,0.69,2,1916896,1916402,494
131725041,35.9502,35.326,492,52865,0.887933,0.75,2,1916931,1916439,492
131727961,28.7801,33.9304,483,52905,0.889173,0.77,2,1916955,1916472,483
131730881,33.712,27.9722,496,52945,0.877669,0.77,2,1916992,1916496,496
131733801,27.8848,32.7889,484,52985,0.897068,0.75,2,1917016,1916532,484
131736721,22.5539,28.7155,477,53025,0.892827,0.75,2,1917035,1916558,477
131973241,321.905,360.403,485,24820,0.814,1,2,1919196,1918711,485
131987841,70.2515,83.791,490,25962,0.44526,0.75,1,1919530,1919040,490
131990761,54.5006,64.1164,483,26044,0.448104,0.65,1,1919574,1919091,483
132037481,66.9495,65.3425,450,27316,0.756575,0.61,2,1920420,1919970,450
132040401,54.9798,53.137,452,27394,0.80063,0.65,2,1920467,1920015,452
132043321,66.3919,64.4548,454,27471,0.830252,0.65,2,1920541,1920087,454
132046241,28.9568,28.1819,454,27548,0.842101,0.65,2,1920545,1920091,454
132049161,12.7827,12.4728,454,27625,0.84684,0.71,2,1920547,1920093,454
132052081,33.9131,32.5891,456,27702,0.884736,0.69,2,1920595,1920139,456
132206841,51.8037,48.8818,539,31496,0.261251,1,1,1923328,1922789,539
132212681,51.6086,51.5011,530,31630,0.0730002,1,1,1923435,1922905,530
132215601,48.8434,59.0004,513,31697,0.0832001,1,1,1923482,1922969,513
132218521,35.1374,46.4002,501,31764,0.03928,1,1,1923508,1923007,501
132221441,32.0549,37.1601,500,31831,0.021712,1,1,1923538,1923038,500
132224361,41.022,33.464,516,31897,0.0266848,0.92,1,1923585,1923069,516
132227281,45.8088,43.3856,515,31963,0.0526739,0.55,1,1923634,1923119,515
132230201,35.1235,57.5542,476,32029,0.0390696,0.41,1,1923662,1923186,476
132233121,43.4494,44.0217,490,32095,0.0216278,0.31,1,1923711,1923221,490
132236041,42.5798,50.0087,478,32161,0.0746511,0.17,1,1923753,1923275,478
132238961,51.2319,51.8035,482,32227,0.0358605,0.13,1,1923810,1923328,482
132241881,48.6928,55.5214,471,32293,0.0323442,0,1,1923857,1923386,471
132244801,47.0771,51.6086,468,32359,0.0189377,0.09,1,1923903,1923435,468
132247721,35.6308,48.8434,449,32424,0.0255751,0.01,1,1923931,1923482,449
132250641,31.6523,35.1374,452,32489,0.01623,0.01,1,1923960,1923508,452
132253561,40.2609,32.0549,468,32554,0.036492,0.03,1,1924006,1923538,468
132256481,46.7044,41.022,472,32619,0.0445968,0.07,1,1924057,1923585,472
132259401,34.2817,45.8088,449,32684,0.0478387,0.03,1,1924083,1923634,449
132262321,43.7127,35.1235,471,32749,0.0191355,0.01,1,1924133,1923662,471
132265241,18.6851,43.4494,424,32814,0.0136542,0.11,1,1924135,1923711,424
132268161,33.274,42.5798,425,32878,0.0594617,0.01,1,1924178,1923753,425
132271081,46.3096,51.2319,423,32942,0.0297847,0.03,1,1924233,1923810,423
132274001,47.3238,48.6928,424,33006,0.0299139,0.01,1,1924281,1923857,424
132276921,45.9295,47.0771,423,33070,0.0419655,0.03,1,1924326,1923903,423
132279841,35.7718,35.6308,424,33134,0.0347862,0.01,1,1924355,1923931,424
132282761,30.5087,31.6523,422,33198,0.0319145,0.05,1,1924382,1923960,422
132285681,41.6035,40.2609,425,33262,0.0307658,0.05,1,1924431,1924006,425
132288601,46.0414,46.7044,423,33326,0.0783063,0.05,1,1924480,1924057,423
132291521,34.6166,34.2817,424,33389,0.0973225,0,1,1924507,1924083,424
132294441,43.8466,43.7127,424,33452,0.038929,0.01,1,1924557,1924133,424
132297361,18.7386,18.6851,424,33515,0.0215716,0.09,1,1924559,1924135,424
132300281,34.4955,33.274,426,33578,0.0386286,0.01,1,1924604,1924178,426
132303201,44.3982,46.3096,422,33641,0.0934515,0.03,1,1924655,1924233,422
132306121,46.5593,47.3238,422,33704,0.0673806,0.05,1,1924703,1924281,422
132309041,45.6237,45.9295,422,33767,0.0449522,0.03,1,1924748,1924326,422
132311961,36.2495,35.7718,423,33830,0.0779809,0.03,1,1924778,1924355,423
132317801,41.6799,41.6035,423,33955,0.0664769,0.11,1,1924854,1924431,423
132320721,47.272,46.0414,425,34017,0.0325908,0.11,1,1924905,1924480,425
132323641,35.1088,34.6166,425,34079,0.0550363,0,1,1924932,1924507,425
132326561,42.2435,43.8466,422,34141,0.0640145,0.01,1,1924979,1924557,422
132329481,18.0974,18.7386,422,34203,0.0436058,0.05,1,1924981,1924559,422
132332401,35.439,34.4955,424,34265,0.0594423,0.05,1,1925028,1924604,424
132335321,44.1756,13.7982,474,34327,0.0537769,0.13,1,1925078,1924604,474
132338241,46.4702,36.1193,471,34389,0.0515108,0.05,1,1925126,1924655,471
132341161,44.9881,43.2477,467,34450,0.0506043,0.03,1,1925170,1924703,467
132344081,37.1952,44.2991,454,34511,0.0682417,0.1,1,1925202,1924748,454
132347001,32.2781,35.7196,453,34572,0.0692967,0.15,1,1925231,1924778,453
132349921,39.9112,30.4879,471,34633,0.0817187,0.03,1,1925276,1924805,471
132352841,45.9645,41.5951,472,34694,0.0986875,0.01,1,1925326,1924854,472
132361601,17.8697,42.2381,423,34877,0.094396,0.03,1,1925402,1924979,423
132376201,38.3084,44.988,457,35179,0.0738402,0.08,1,1925627,1925170,457
132379121,32.7234,37.1952,454,35239,0.0835361,0.07,1,1925656,1925202,454
132382041,40.0893,32.2781,470,35299,0.0754144,0.09,1,1925701,1925231,470
132384961,47.2357,39.9112,477,35359,0.0841658,0.11,1,1925753,1925276,477
132402481,19.8861,45.8192,428,35716,0.203003,0.11,1,1925931,1925503,428
132405401,34.9545,45.9277,427,35775,0.231201,0.11,1,1925976,1925549,427
132408321,40.3818,44.7711,427,35834,0.25448,0.05,1,1926020,1925593,427
132411241,36.5527,38.3084,427,35893,0.251792,0.09,1,1926054,1925627,427
132414161,31.4211,32.7234,426,35952,0.226717,0.07,1,1926082,1925656,426
132417081,39.5684,40.0893,426,36011,0.240687,0.09,1,1926127,1925701,426
132420001,47.6274,47.2357,427,36070,0.282275,0.13,1,1926180,1925753,427
132425841,42.1804,40.6777,430,36187,0.415964,0.17,1,1926255,1925825,430
132428761,18.0722,17.4711,430,36245,0.448386,0.17,1,1926257,1925827,430
132431681,36.0289,35.7884,430,36303,0.437354,0.21,1,1926305,1925875,430
132478401,42.9082,13.8631,497,37223,0.773865,0.63,2,1926905,1926408,497
132481321,36.3633,32.5453,484,37280,0.807546,0.61,2,1926937,1926453,484
132484241,31.3453,32.8181,479,37337,0.821018,0.63,2,1926965,1926486,479
132487161,40.7381,30.5272,497,37394,0.838407,0.61,2,1927012,1926515,497
132490081,52.2952,39.8109,511,37451,0.857363,0.65,2,1927072,1926561,511
132493001,38.9181,49.5244,485,37507,0.852945,0.73,2,1927102,1926617,485
132495921,46.7672,37.8097,507,37563,0.851178,0.71,2,1927154,1926647,507
132498841,19.9069,45.7239,458,37619,0.850471,0.75,2,1927156,1926698,458
132501761,36.7628,19.4896,504,37675,0.862189,0.71,2,1927204,1926700,504
132504681,51.9051,36.5958,518,37731,0.866875,0.73,2,1927266,1926748,518
132507601,21.962,52.4383,457,37787,0.86875,0.69,2,1927268,1926811,457
132510521,36.3848,22.1753,501,37843,0.8815,0.73,2,1927314,1926813,501
132513441,46.3539,35.2701,510,37899,0.8866,0.81,2,1927367,1926857,510
132668201,35.0111,40.0807,516,40746,0.82312,1,2,1929334,1928818,516
132671121,30.2044,31.6323,517,40798,0.779248,1,2,1929361,1928844,517
132674041,25.2818,32.4529,506,40850,0.773699,1,2,1929383,1928877,506
132676961,29.9127,29.1812,512,40902,0.77148,1,2,1929416,1928904,512
132697401,32.1233,36.932,504,41261,0.442591,1,1,1929693,1929189,504
132700321,38.0493,32.1728,517,41312,0.423036,0.97,1,1929735,1929218,517
132706161,29.8479,38.0276,494,41414,0.402486,0.77,1,1929795,1929301,494
132709081,28.1392,35.0111,488,41465,0.430994,0.75,1,1929822,1929334,488
132712001,22.6557,30.2044,480,41516,0.406398,0.77,1,1929841,1929361,480
132714921,10.2623,25.2818,460,41567,0.420559,0.77,1,1929843,1929383,460
132717841,24.5049,29.9127,461,41618,0.426224,0.61,1,1929877,1929416,461
132761641,36.9898,36.202,443,42372,0.765879,0.47,2,1930364,1929921,443
132764561,36.3959,34.8808,445,42422,0.804352,0.47,2,1930400,1929955,445
132767481,34.9584,33.7523,446,42472,0.795741,0.53,2,1930434,1929988,446
132770401,42.7833,41.7009,447,42522,0.816296,0.53,2,1930482,1930035,447
132773321,44.1133,42.4804,449,42572,0.848519,0.59,2,1930527,1930078,449
132776241,33.2453,32.5921,449,42622,0.873407,0.57,2,1930553,1930104,449
132779161,31.8981,31.0369,450,42672,0.883363,0.65,2,1930584,1930134,450
132782081,40.9593,39.4147,452,42721,0.899345,0.65,2,1930631,1930179,452
132951441,38.1813,46.8656,479,45495,0.898604,0.96,2,1932534,1932055,479
132957281,34.909,34.1385,482,45587,0.884177,1,2,1932597,1932115,482
132960201,27.7636,30.4554,477,45633,0.887671,1,2,1932620,1932143,477
132963121,28.5054,28.9822,478,45679,0.853068,1,2,1932649,1932171,478
132966041,27.0022,26.5929,479,45725,0.899227,1,2,1932675,1932196,479
132968961,13.2009,14.2371,477,45771,0.893691,1,2,1932679,1932202,477
132971881,36.4803,36.2949,478,45817,0.879476,0.97,2,1932731,1932253,478
132974801,33.1921,34.3179,476,45863,0.891791,0.89,2,1932762,1932286,476
133211321,21.0676,33.1172,514,49449,0.890127,1,2,1935256,1934742,514
133214241,32.427,32.4469,522,49492,0.854051,1,2,1935296,1934774,522
133217161,30.9708,36.9788,512,49535,0.85162,1,2,1935326,1934814,512
133220081,31.5883,36.9915,507,49578,0.838648,1,2,1935358,1934851,507
133223001,25.8353,31.5966,501,49620,0.821459,1,2,1935380,1934879,501
133225921,34.9341,23.4386,524,49662,0.754584,1,2,1935421,1934897,524
133237601,32.7279,33.6768,513,49830,0.438213,1,1,1935533,1935020,513
133252201,30.2007,37.0562,498,50040,0.298391,0.88,1,1935686,1935188,498
133255121,23.4803,33.4225,486,50082,0.281357,0.9,1,1935705,1935219,486
133258041,18.3921,24.169,483,50124,0.286543,0.88,1,1935720,1935237,483
133260961,31.3568,21.0676,504,50166,0.252617,0.83,1,1935760,1935256,504
133263881,28.7427,32.427,491,50208,0.263047,0.85,1,1935787,1935296,491
133266801,30.0971,30.9708,492,50250,0.231219,0.83,1,1935818,1935326,492
133269721,24.0388,31.5883,480,50292,0.206487,0.81,1,1935838,1935358,480
133275561,25.9262,34.9341,455,50376,0.207038,0.69,1,1935876,1935421,455
133278481,25.9705,31.3737,452,50418,0.208815,0.65,1,1935902,1935450,452
133281401,16.9882,21.5495,448,50460,0.245526,0.45,1,1935913,1935465,448
133284321,20.5953,27.8198,439,50502,0.26021,0.37,1,1935936,1935497,439
133287241,28.0381,32.7279,436,50544,0.278084,0.35,1,1935969,1935533,436
133290161,34.6152,34.0912,440,50586,0.297234,0.37,1,1936008,1935568,440
133316441,27.0244,30.0971,430,50959,0.401245,0.19,1,1936248,1935818,430
133325201,25.3216,25.9262,431,51082,0.42672,0.21,1,1936307,1935876,431
133328121,27.5286,25.9705,434,51123,0.440688,0.27,1,1936336,1935902,434
133331041,17.0114,16.9882,433,51164,0.422275,0.27,1,1936346,1935913,433
133418641,25.6478,27.762,471,52385,0.758733,0.55,2,1937160,1936689,471
133421561,11.4591,24.9048,450,52425,0.765493,0.55,2,1937162,1936712,450
133424481,26.1836,11.1619,484,52465,0.792197,0.61,2,1937198,1936714,484
133427401,27.2735,25.4648,477,52505,0.802879,0.57,2,1937226,1936749,477
133430321,18.1094,26.9859,461,52545,0.807152,0.57,2,1937238,1936777,461
133433241,21.6438,17.9944,473,52585,0.832861,0.57,2,1937262,1936789,473
133436161,29.6575,21.5977,484,52625,0.879144,0.57,2,1937297,1936813,484
133439081,37.663,29.0391,493,52665,0.885658,0.61,2,1937340,1936847,493
133444921,21.6261,35.7263,463,52745,0.882105,0.61,2,1937387,1936924,463
133906281,332.734,360.69,492,24820,0.766,1,2,1941960,1941468,492
133938401,63.3004,67.5393,467,27740,0.0704416,0.87,1,1942301,1941834,467
133945701,34.3201,39.6157,461,27740,0.0581766,0.69,1,1942316,1941855,461
133948621,52.1281,58.4463,454,27740,0.0532707,0.61,1,1942380,1941926,454
133967601,29.8512,34.1785,451,27740,0.0393083,0.61,1,1942395,1941944,451
133970521,21.5405,23.2714,451,27816,0.0457233,0.61,1,1942411,1941960,451
133973441,29.6162,9.30856,486,27892,0.0362893,0.57,1,1942446,1941960,486
133976361,50.8465,37.9234,494,27968,0.0565157,0.27,1,1942511,1942017,494
133979281,48.5386,69.1694,451,28044,0.0526063,0.17,1,1942558,1942107,451
133982201,61.4154,66.0677,457,28120,0.0750425,0.03,1,1942628,1942171,457
133985121,65.3662,62.4271,465,28195,0.060017,0.01,1,1942696,1942231,465
133988041,51.9465,66.9708,438,28270,0.0420068,0.05,1,1942739,1942301,438
133990961,36.9786,42.9883,438,28345,0.0228027,0.03,1,1942766,1942328,438
133993881,36.3914,40.5953,435,28420,0.0151211,0.03,1,1942802,1942367,435
133996801,32.5566,33.0381,437,28495,0.0120484,0.05,1,1942832,1942395,437
133999721,34.6226,22.8153,457,28569,0.0108194,0.03,1,1942868,1942411,457
134002641,55.2491,30.1261,491,28643,0.0223277,0.07,1,1942937,1942446,491
134005561,48.4996,51.0504,470,28717,0.0389311,0.05,1,1942981,1942511,470
134008481,63.1999,48.6202,496,28791,0.0455724,0.09,1,1943054,1942558,496
134011401,64.2799,61.4481,491,28865,0.072229,0.05,1,1943119,1942628,491
134014321,50.912,65.3792,465,28938,0.0588916,0.03,1,1943161,1942696,465
134017241,35.9648,51.9517,448,29011,0.0655566,0.01,1,1943187,1942739,448
134020161,35.9859,36.9807,457,29084,0.0562227,0.01,1,1943223,1942766,457
134023081,32.3944,36.3923,451,29157,0.0764891,0.01,1,1943253,1942802,451
134026001,36.3577,32.5569,460,29230,0.0845956,0.01,1,1943292,1942832,460
134028921,54.7431,34.6228,491,29302,0.0758383,0.03,1,1943359,1942868,491
134031841,49.4972,55.2491,468,29374,0.0483353,0.05,1,1943405,1942937,468
134034761,64.1989,48.4996,498,29446,0.0973341,0.05,1,1943479,1942981,498
134043521,36.0047,50.912,450,29662,0.212869,0.07,1,1943611,1943161,450
134046441,36.0019,35.9648,460,29733,0.223148,0.05,1,1943647,1943187,460
134049361,31.8008,35.9859,453,29804,0.215259,0.09,1,1943676,1943223,453
134052281,13.9203,32.3944,425,29875,0.212104,0.09,1,1943678,1943253,425
134055201,29.5681,36.3577,426,29946,0.210841,0.07,1,1943718,1943292,426
134058121,51.4272,54.7431,425,30017,0.258337,0.03,1,1943784,1943359,425
134061041,48.7709,49.4972,426,30088,0.277335,0.13,1,1943831,1943405,426
134072721,37.1333,36.0047,433,30368,0.403628,0.23,1,1944044,1943611,433
134075641,36.4533,36.0019,433,30438,0.407451,0.21,1,1944080,1943647,433
134078561,31.3813,31.8008,432,30508,0.40898,0.21,1,1944108,1943676,432
134081481,13.7525,13.9203,432,30577,0.409592,0.21,1,1944110,1943678,432
134084401,29.501,29.5681,432,30646,0.421837,0.29,1,1944150,1943718,432
134148641,52.0835,53.4606,499,32131,0.779351,0.59,2,1945161,1944662,499
134151561,71.2334,50.7843,534,32197,0.809741,0.61,2,1945245,1944711,534
134154481,68.6934,70.1137,518,32263,0.857896,0.61,2,1945312,1944794,518
134282961,75.2477,54.7615,559,35032,0.865197,0.94,2,1947208,1946649,559
134285881,49.8991,68.7046,514,35092,0.868079,1,2,1947241,1946727,514
134294641,35.0415,46.8771,500,35272,0.870837,1,2,1947356,1946856,500
134469841,30.8189,32.073,524,38704,0.874,1,2,1949744,1949220,524
134472761,33.9276,36.2292,521,38759,0.8836,1,2,1949780,1949259,521
134475681,33.971,39.0917,514,38813,0.81544,1,2,1949814,1949300,514
134484441,32.0781,41.0699,498,38975,0.427788,1,1,1949911,1949413,498
134487361,33.8313,34.4279,503,39029,0.285115,1,1,1949946,1949443,503
134493201,49.213,57.4685,487,39137,0.0684184,1,1,1950040,1949553,487
134496121,48.4852,49.9874,490,39191,0.0813674,1,1,1950088,1949598,490
134499041,45.7941,48.795,486,39245,0.0505469,1,1,1950132,1949646,486
134501961,37.5176,41.118,482,39299,0.0502188,0.9,1,1950164,1949682,482
134504881,30.6071,38.0472,472,39353,0.0500875,0.83,1,1950190,1949718,472
134507801,25.4428,30.8189,468,39407,0.038035,0.89,1,1950212,1949744,468
134510721,28.1771,33.9276,462,39461,0.015214,0.77,1,1950242,1949780,462
134513641,29.2709,33.971,458,39515,0.0120856,0.65,1,1950272,1949814,458
134516561,27.9083,33.9884,451,39568,0.0108342,0.53,1,1950299,1949848,451
134519481,24.9633,32.1954,443,39621,0.0043337,0.31,1,1950322,1949879,443
134522401,24.9853,32.0781,436,39674,0.0317335,0.19,1,1950347,1949911,436
134525321,26.7941,33.8313,429,39727,0.0546934,0.07,1,1950375,1949946,429
134528241,27.5177,34.5325,422,39780,0.0398774,0.01,1,1950403,1949981,422
134531161,47.0071,49.213,423,39833,0.0219509,0.09,1,1950463,1950040,423
134534081,47.0028,48.4852,422,39886,0.0627804,0.03,1,1950510,1950088,422
134537001,45.2011,45.7941,422,39939,0.0431121,0.05,1,1950554,1950132,422
134539921,37.8805,37.5176,423,39992,0.0352449,0.05,1,1950587,1950164,423
134542841,30.1522,30.6071,422,40045,0.0320979,0.03,1,1950612,1950190,422
134545761,25.2609,25.4428,422,40098,0.0428392,0.03,1,1950634,1950212,422
134548681,28.1043,10.1771,452,40151,0.0171357,0,1,1950664,1950212,452
134551601,29.2417,22.0709,452,40204,0.0608543,0.01,1,1950694,1950242,452
134554521,27.8967,26.8283,449,40257,0.0303417,0.01,1,1950721,1950272,449
134557441,24.3587,26.9313,444,40309,0.0541367,0,1,1950743,1950299,444
134560361,26.5435,24.5725,449,40361,0.0216547,0.05,1,1950771,1950322,449
134563281,25.6174,24.829,449,40413,0.0386619,0.07,1,1950796,1950347,449
134566201,27.047,26.7316,449,40465,0.0214647,0.03,1,1950824,1950375,449
134569121,46.8188,27.4926,481,40517,0.0265859,0.01,1,1950884,1950403,481
134572041,46.9275,46.9971,468,40569,0.0406344,0.09,1,1950931,1950463,468
134574961,45.171,46.9988,465,40621,0.0342537,0.03,1,1950975,1950510,465
134577881,37.8684,45.1995,454,40673,0.0317015,0.03,1,1951008,1950554,454
134580801,30.1474,37.8798,446,40725,0.0186806,0.03,1,1951033,1950587,446
134583721,25.2589,30.1519,443,40777,0.0254722,0.05,1,1951055,1950612,443
134586641,30.5036,25.2608,455,40829,0.0281889,0,1,1951089,1950634,455
134589561,29.6014,28.1043,454,40881,0.0772756,0.09,1,1951118,1950664,454
134592481,26.8406,29.2417,449,40933,0.0729102,0.01,1,1951143,1950694,449
134595401,24.5362,27.8967,445,40985,0.0591641,0.07,1,1951166,1950721,445
134598321,26.0145,24.3587,450,41037,0.0416656,0,1,1951193,1950743,450
134601241,24.8058,26.5435,446,41088,0.0346663,0.05,1,1951217,1950771,446
134604161,26.7223,25.6174,449,41139,0.0438665,0.01,1,1951245,1950796,449
134607081,46.6889,27.047,481,41190,0.0235466,0.03,1,1951305,1950824,481
134610001,46.8756,46.8188,468,41241,0.0274186,0.05,1,1951352,1950884,468
134612921,45.7502,46.9275,466,41292,0.0169675,0.03,1,1951397,1950931,466
134615841,38.1001,45.171,455,41343,0.024787,0.03,1,1951430,1950975,455
134618761,29.64,37.8684,446,41394,0.0279148,0.01,1,1951454,1951008,446
134621681,25.056,30.1474,443,41445,0.0171659,0.03,1,1951476,1951033,443
134624601,32.2224,25.2589,458,41496,0.0248664,0.03,1,1951513,1951055,458
134627521,14.089,30.5036,426,41547,0.0279465,0.11,1,1951515,1951089,426
134630441,23.0356,29.6014,426,41598,0.0411786,0.07,1,1951544,1951118,426
134633361,23.6142,26.8406,425,41649,0.0464714,0.05,1,1951568,1951143,425
134636281,22.6457,24.5362,424,41700,0.0485886,0.03,1,1951590,1951166,424
134639201,24.6583,26.0145,423,41751,0.0494354,0.03,1,1951616,1951193,423
134642121,24.8633,24.8058,424,41802,0.0497742,0.05,1,1951641,1951217,424
134645041,27.3453,26.7223,425,41852,0.0739097,0.01,1,1951670,1951245,425
134647961,45.1381,46.6889,422,41902,0.0295639,0.03,1,1951727,1951305,422
134650881,46.8553,46.8756,423,41952,0.0298255,0.01,1,1951775,1951352,423
134653801,45.1421,45.7502,422,42002,0.0179302,0.03,1,1951819,1951397,422
134656721,37.8568,38.1001,422,42052,0.0251721,0.03,1,1951852,1951430,422
134659641,30.1427,29.64,423,42102,0.0400688,0.01,1,1951877,1951454,423
134662561,25.8571,25.056,424,42152,0.0460275,0.03,1,1951900,1951476,424
134665481,31.9428,32.2224,423,42202,0.036411,0.03,1,1951936,1951513,423
134668401,13.9771,14.089,423,42252,0.0325644,0.05,1,1951938,1951515,423
134671321,22.3909,23.0356,422,42302,0.0190258,0.05,1,1951966,1951544,422
134674241,23.3563,23.6142,422,42352,0.0376103,0.05,1,1951990,1951568,422
134677161,22.5425,22.6457,422,42402,0.0930441,0.05,1,1952012,1951590,422
134691761,47.2824,46.8553,424,42652,0.0705624,0.01,1,1952199,1951775,424
134694681,44.1129,45.1421,422,42701,0.0342249,0.03,1,1952241,1951819,422
134697601,37.4452,37.8568,422,42750,0.03169,0.05,1,1952274,1951852,422
134700521,29.9781,30.1427,422,42799,0.042676,0.05,1,1952299,1951877,422
134703441,26.3912,25.8571,423,42848,0.0230704,0.03,1,1952323,1951900,423
134706361,31.5565,31.9428,422,42897,0.0272282,0.03,1,1952358,1951936,422
134709281,13.8226,13.9771,422,42946,0.0288913,0.01,1,1952360,1951938,422
134712201,22.929,22.3909,423,42995,0.0415565,0.01,1,1952389,1951966,423
134715121,23.5716,8.95634,447,43044,0.0466226,0.05,1,1952413,1951966,447
134718041,23.8286,17.9825,447,43093,0.048649,0.13,1,1952437,1951990,447
134720961,26.3315,20.393,453,43142,0.0494596,0.11,1,1952465,1952012,453
134723881,26.7326,24.3572,453,43191,0.0617838,0.15,1,1952492,1952039,453
134726801,29.293,25.9429,457,43240,0.0667135,0.11,1,1952523,1952066,457
134729721,39.9172,28.3772,474,43289,0.0806854,0.09,1,1952570,1952096,474
134732641,47.1669,43.1509,473,43338,0.0502742,0.05,1,1952622,1952149,473
134735561,42.8668,47.2603,463,43387,0.0741097,0.01,1,1952662,1952199,463
134738481,36.9467,44.1041,454,43436,0.0596439,0.03,1,1952695,1952241,454
134741401,29.7787,37.4417,446,43485,0.0418575,0.05,1,1952720,1952274,446
134744321,26.3115,29.9767,445,43534,0.046743,0.01,1,1952744,1952299,445
134747241,31.5246,26.3907,456,43582,0.0246972,0.03,1,1952779,1952323,456
134750161,13.8098,31.5563,423,43630,0.0158789,0.03,1,1952781,1952358,423
134753081,24.1239,13.8225,452,43678,0.0363516,0.05,1,1952812,1952360,452
134756001,24.0496,22.929,447,43726,0.0685406,0.05,1,1952836,1952389,447
134758921,24.0198,23.5716,447,43774,0.0814162,0.05,1,1952860,1952413,447
134761841,26.4079,23.8286,451,43822,0.0985665,0.05,1,1952888,1952437,451
134823161,35.2689,35.7343,430,44822,0.228134,0.13,1,1953546,1953116,430
134826081,29.1076,30.4937,428,44869,0.289254,0.11,1,1953571,1953143,428
134837761,25.23,25.3038,427,45057,0.274237,0.13,1,1953663,1953236,427
134840681,25.692,25.1215,428,45104,0.271695,0.13,1,1953689,1953261,428
134846521,11.0707,10.9794,428,45198,0.296671,0.17,1,1953715,1953287,428
134861121,48.0154,46.4305,431,45432,0.413371,0.21,1,1953906,1953475,431
134864041,44.4062,43.1722,432,45478,0.423348,0.25,1,1953948,1953516,432
134945801,44.0925,28.6154,503,46757,0.76927,0.59,2,1954742,1954239,503
134948721,50.037,43.2461,504,46802,0.805708,0.57,2,1954796,1954292,504
134951641,46.4148,50.2985,493,46847,0.832283,0.59,2,1954840,1954347,493
134954561,39.5659,45.9194,485,46892,0.842913,0.61,2,1954875,1954390,485
134957481,34.4264,38.7678,482,46937,0.871165,0.65,2,1954906,1954424,482
134960401,27.5705,32.9071,476,46982,0.870466,0.67,2,1954929,1954453,476
134963321,31.4282,26.3628,488,47027,0.870186,0.65,2,1954963,1954475,488
134966241,13.7713,31.5451,455,47072,0.870075,0.65,2,1954965,1954510,455
134969161,25.3085,13.8181,486,47117,0.89403,0.67,2,1954998,1954512,486
134975001,26.9694,26.0909,482,47207,0.895445,0.69,2,1955053,1954571,482
134977921,11.9877,26.0364,458,47252,0.892178,0.71,2,1955055,1954597,458
135126841,336.562,333.726,520,21900,0.826,1,2,1957026,1956506,520
135179401,70.0166,73.5578,503,23003,0.417428,0.75,1,1957418,1956915,503
135182321,42.4067,64.2231,469,23095,0.424971,0.69,1,1957442,1956973,469
135185241,42.1627,46.6893,476,23187,0.403988,0.73,1,1957484,1957008,476
135188161,40.2651,38.4757,482,23278,0.407595,0.61,1,1957523,1957041,482
135191081,91.706,53.7903,544,23369,0.445038,0.55,1,1957649,1957105,544
135223201,66.4256,65.8158,449,24348,0.768421,0.59,2,1958307,1957858,449
135226121,43.3702,41.9263,451,24435,0.757368,0.59,2,1958335,1957884,451
135229041,41.9481,40.7705,452,24522,0.776947,0.63,2,1958376,1957924,452
135231961,40.7792,40.9082,451,24608,0.772779,0.63,2,1958416,1957965,451
135234881,17.5117,17.5633,451,24694,0.771112,0.69,2,1958418,1957967,451
135237801,85.0047,82.0253,456,24780,0.818445,0.75,2,1958548,1958092,456
135345841,43.6245,39.1736,491,27768,0.8896,1,2,1960677,1960186,491
135348761,48.0498,37.8694,505,27844,0.78184,1,2,1960728,1960223,505
135369201,43.9678,53.5612,463,28372,0.0662403,0.99,1,1961103,1960640,463
135372121,37.9871,21.4245,497,28447,0.0444961,0.82,1,1961137,1960640,497
135375041,40.9949,30.7698,503,28521,0.0597985,0.71,1,1961180,1960677,503
135377961,37.3979,42.9079,487,28595,0.0419194,0.65,1,1961215,1960728,487
135380881,34.7592,37.5632,486,28669,0.0587678,0.53,1,1961248,1960762,486
135383801,30.7037,37.2253,477,28743,0.0655071,0.41,1,1961276,1960799,477
135386721,55.4815,35.2901,515,28817,0.0802028,0.27,1,1961348,1960833,515
135392561,68.757,81.2464,490,28963,0.0908324,0.07,1,1961500,1961010,490
135395481,41.9028,73.8986,445,29036,0.054333,0.03,1,1961524,1961079,445
135398401,37.1611,43.9594,455,29109,0.0517332,0.03,1,1961558,1961103,455
135401321,43.6645,37.9838,469,29182,0.0746933,0.07,1,1961606,1961137,469
135404241,36.6658,40.9935,458,29255,0.0718773,0.03,1,1961638,1961180,458
135407161,33.8663,37.3974,455,29327,0.0827509,0.07,1,1961670,1961215,455
135410081,31.5465,34.759,452,29399,0.0751004,0.07,1,1961700,1961248,452
135418841,67.947,74.3926,489,29615,0.245526,0.07,1,1961924,1961435,489
135421761,40.3788,68.757,446,29686,0.272211,0.03,1,1961946,1961500,446
135424681,35.9515,41.9028,455,29757,0.270884,0.05,1,1961979,1961524,455
135427601,45.5806,37.1611,473,29828,0.222354,0.09,1,1962031,1961558,473
135430521,19.4322,43.6645,427,29899,0.202941,0.07,1,1962033,1961606,427
135433441,26.3729,36.6658,426,29970,0.207177,0.09,1,1962064,1961638,426
135436361,30.3492,33.8663,427,30041,0.220871,0.07,1,1962097,1961670,427
135439281,28.9397,31.5465,425,30111,0.238348,0.17,1,1962125,1961700,425
135442201,58.3759,56.4186,430,30181,0.233339,0.21,1,1962203,1961773,430
135445121,77.3503,75.3674,432,30251,0.267336,0.29,1,1962293,1961861,432
135459721,18.458,19.4322,431,30599,0.401704,0.21,1,1962464,1962033,431
135462641,26.5832,26.3729,432,30668,0.442682,0.23,1,1962496,1962064,432
135465561,29.8333,30.3492,431,30737,0.447073,0.25,1,1962528,1962097,431
135529801,60.2369,30.0796,529,32217,0.766175,0.55,2,1963530,1963001,529
135532721,81.0948,60.6319,543,32283,0.82847,0.57,2,1963625,1963082,543
135535641,77.4379,80.0527,525,32349,0.853388,0.63,2,1963700,1963175,525
135538561,44.7752,75.2211,476,32414,0.875355,0.65,2,1963723,1963247,476
135690401,322.951,356.297,471,14600,0.884676,0.89,2,1965896,1965425,471
135693321,259.38,252.319,505,15469,0.87587,0.79,2,1966113,1965608,505
135696241,147.552,154.928,488,15606,0.896348,0.79,2,1966186,1965698,488
135785301,57.4245,64.3662,487,19381,0.0693856,1,1,1968772,1968285,487
135788221,49.3698,49.1465,492,19490,0.0277542,0.91,1,1968816,1968324,492
135791141,106.148,123.459,463,19599,0.0291017,0.91,1,1968960,1968497,463
135794061,76.6592,49.3834,520,19707,0.0536407,0.57,1,1969017,1968497,520
135796981,86.4637,61.7534,543,19815,0.0634563,0.03,1,1969110,1968567,543
135799901,55.5855,94.3014,462,19922,0.0253825,0.01,1,1969145,1968683,462
135802821,51.0342,59.3205,474,20028,0.028153,0.03,1,1969193,1968719,474
135805741,46.8137,55.5282,465,20134,0.0772612,0,1,1969237,1968772,465
135808661,105.125,48.6113,565,20239,0.0609045,0.03,1,1969381,1968816,565
135811581,76.8502,105.845,479,20344,0.0423618,0.07,1,1969439,1968960,479
135814501,88.3401,76.5378,518,20448,0.0589447,0.07,1,1969535,1969017,518
135817421,54.536,86.4151,457,20552,0.0775779,0,1,1969567,1969110,457
135820341,50.6144,55.566,470,20655,0.0490312,0.03,1,1969615,1969145,470
135823261,46.6458,51.0264,466,20758,0.0616125,0.11,1,1969659,1969193,466
135826181,107.458,46.8106,570,20860,0.054645,0.05,1,1969807,1969237,570
135829101,77.1833,105.124,483,20962,0.027858,0.03,1,1969864,1969381,483
135832021,32.0733,76.8497,427,21063,0.0171432,0.07,1,1969866,1969439,427
135834941,70.4293,88.3399,427,21164,0.0608573,0.09,1,1969962,1969535,427
135837861,45.5717,54.5359,424,21264,0.0903429,0.03,1,1969991,1969567,424
135840781,45.8287,50.6144,422,21364,0.0541372,0.07,1,1970037,1969615,422
135843701,46.5315,46.6458,425,21463,0.0396549,0.05,1,1970084,1969659,425
135846621,106.813,107.458,424,21562,0.0338619,0.01,1,1970231,1969807,424
135849541,76.325,77.1833,423,21660,0.0315448,0.01,1,1970287,1969864,423
135852461,31.73,32.0733,423,21758,0.0306179,0.09,1,1970289,1969866,423
135855381,72.092,70.4293,426,21855,0.0182472,0.11,1,1970388,1969962,426
135858301,47.4368,45.5717,428,21952,0.0732989,0.03,1,1970419,1969991,428
135861221,42.9747,45.8287,422,22049,0.0833196,0.03,1,1970459,1970037,422
135864141,45.9899,46.5315,423,22145,0.0753278,0.03,1,1970507,1970084,423
135867061,106.596,106.813,423,22241,0.0841311,0.03,1,1970654,1970231,423
135869981,75.6384,76.325,422,22336,0.0876525,0.03,1,1970709,1970287,422
135872901,31.4554,31.73,422,22431,0.089061,0.01,1,1970711,1970289,422
135875821,73.1821,72.092,424,22526,0.0536244,0.01,1,1970812,1970388,424
135878741,48.4729,28.8368,456,22620,0.0634498,0.11,1,1970844,1970388,456
135881661,40.9891,30.1347,461,22714,0.0433799,0.09,1,1970880,1970419,461
135884581,45.7957,36.0539,470,22807,0.023352,0.07,1,1970929,1970459,470
135887501,107.118,43.2216,570,22900,0.0273408,0.09,1,1971077,1970507,570
135890421,75.8473,105.489,478,22993,0.0769363,0.09,1,1971132,1970654,478
135893341,31.5389,75.1954,425,23085,0.0967745,0.09,1,1971134,1970709,425
135919621,50.2037,72.0155,462,23898,0.207508,0.15,1,1971695,1971233,462
135922541,42.2815,48.6062,466,23987,0.233003,0.19,1,1971732,1971266,466
135925461,18.1126,40.4425,433,24075,0.219201,0.17,1,1971734,1971301,433
135928381,36.645,46.177,432,24163,0.249681,0.13,1,1971783,1971351,432
135937141,32.0093,32.5233,430,24425,0.41078,0.19,1,1971990,1971560,430
135940061,73.4037,73.0093,431,24512,0.422312,0.23,1,1972091,1971660,431
135942981,51.5615,50.2037,433,24598,0.414925,0.25,1,1972128,1971695,433
135945901,43.4246,42.2815,434,24684,0.44797,0.21,1,1972166,1971732,434
135948821,18.5698,18.1126,434,24770,0.437188,0.27,1,1972168,1971734,434
136001381,104.488,38.7923,593,26267,0.762319,0.51,2,1973257,1972664,593
136004301,80.7951,103.717,511,26348,0.838927,0.51,2,1973322,1972811,511
136007221,33.518,80.4868,448,26428,0.869571,0.55,2,1973324,1972876,448
136115261,77.2349,25.5677,589,29246,0.897559,0.94,2,1975347,1974758,589
136118181,45.294,76.8271,502,29318,0.881023,1,2,1975371,1974869,502
136121101,38.5176,46.3308,510,29390,0.862409,1,2,1975405,1974895,510
136124021,29.207,35.9323,504,29462,0.866964,1,2,1975428,1974924,504
136126941,37.4828,27.5729,525,29534,0.832785,1,2,1975471,1974946,525
136132781,67.9173,112.052,510,29677,0.753646,0.97,2,1975663,1975153,510
136135701,42.7669,69.4207,495,29748,0.787458,0.92,2,1975689,1975194,495
136138621,24.3068,43.9683,480,29819,0.812983,0.91,2,1975701,1975221,480
136141541,10.9227,26.5873,467,29890,0.823193,0.88,2,1975703,1975236,467
136144461,70.9691,77.2349,467,29961,0.887277,0.87,2,1975814,1975347,467
136318201,69.5188,85.1187,492,15174,0.092848,1,1,1978801,1978309,492
136321121,73.4075,57.4475,529,15314,0.0551392,0.37,1,1978877,1978348,529
136324041,112.163,157.979,442,15453,0.0640557,0.19,1,1979015,1978573,442
136326961,89.8652,115.992,429,15590,0.0556223,0.07,1,1979090,1978661,429
136329881,98.9461,110.597,427,15726,0.0522489,0.03,1,1979195,1978768,427
136332801,58.7784,64.0387,426,15861,0.0388996,0.03,1,1979227,1978801,426
136335721,67.3114,71.2155,423,15995,0.0335598,0.07,1,1979300,1978877,423
136338641,110.925,111.286,425,16128,0.0434239,0.05,1,1979440,1979015,425
136341561,89.3698,89.5145,425,16260,0.0473696,0.05,1,1979515,1979090,425
136350321,66.5597,67.2889,422,16650,0.225032,0.03,1,1979722,1979300,422
136356161,90.6895,94.7662,500,16905,0.202805,0.05,1,1979940,1979440,500
136359081,101.076,82.9065,533,17031,0.219122,0.15,1,1980048,1979515,533
136362001,59.0303,96.1626,459,17156,0.225649,0.19,1,1980079,1979620,459
136364921,67.4121,55.865,503,17280,0.26426,0.27,1,1980152,1979649,503
136367841,110.965,66.146,570,17403,0.279704,0.17,1,1980292,1979722,570
136370761,91.7859,111.058,508,17525,0.297882,0.21,1,1980371,1979863,508
136373681,102.714,90.6234,541,17646,0.293153,0.23,1,1980481,1979940,541
136414561,72.1904,67.7121,447,19260,0.769439,0.61,2,1981471,1981024,447
136417481,116.476,111.685,452,19370,0.865776,0.61,2,1981617,1981165,452
136420401,47.7905,45.8739,452,19480,0.88031,0.69,2,1981619,1981167,452
136528441,46.7719,64.3232,510,23169,0.898584,1,2,1984287,1983777,510
136531361,30.7087,44.9293,498,23261,0.869434,1,2,1984307,1983809,498
136534281,91.4835,36.5717,599,23352,0.869773,0.97,2,1984439,1983840,599
136621881,37.1039,43.6903,513,25935,0.875248,1,2,1986216,1985703,513
136624801,89.2416,31.8761,613,26017,0.860099,1,2,1986340,1985727,613
136627721,60.2966,98.5505,511,26098,0.80604,1,2,1986381,1985870,511
136630641,37.9186,59.8202,500,26179,0.760416,1,2,1986404,1985904,500
136665681,61.1142,63.9148,457,27134,0.791406,0.61,2,1987071,1986614,457
136668601,48.4457,51.3659,454,27212,0.850562,0.59,2,1987111,1986657,454
136671521,32.5783,34.9464,452,27290,0.874225,0.63,2,1987133,1986681,452
136782481,74.1829,84.4611,486,30098,0.754096,1,2,1989148,1988662,486
136817521,38.3699,40.1893,454,30932,0.769616,0.69,2,1989675,1989221,454
136820441,39.948,37.6757,459,31000,0.817847,0.71,2,1989716,1989257,459
136823361,33.3792,34.2703,456,31068,0.837139,0.61,2,1989745,1989289,456
136826281,61.9517,64.1081,453,31136,0.856855,0.63,2,1989826,1989373,453
136829201,43.9807,45.4432,452,31204,0.840742,0.63,2,1989858,1989406,452
136832121,34.3923,34.3773,453,31272,0.870297,0.63,2,1989886,1989433,453
136835041,41.9569,41.9509,453,31340,0.882119,0.63,2,1989933,1989480,453
136837961,36.5828,16.7804,486,31408,0.850847,0.69,2,1989966,1989480,486
136981041,52.0003,34.1679,543,34554,0.871539,1,2,1992180,1991637,543
136983961,50.2001,57.4671,519,34615,0.750615,1,2,1992229,1991710,519
136998561,67.4645,36.5059,565,34920,0.222659,0.99,1,1992459,1991894,565
137004401,33.9543,40.7609,504,35041,0.0476255,1,1,1992509,1992005,504
137007321,37.5817,35.5044,512,35101,0.0370502,0.95,1,1992549,1992037,512
137010241,37.8327,40.0018,507,35161,0.0208201,0.91,1,1992587,1992080,507
137013161,48.7331,40.0007,523,35221,0.026328,0.83,1,1992643,1992120,523
137016081,42.2932,52.0003,501,35281,0.0105312,0.67,1,1992681,1992180,501
137019001,36.1173,50.2001,484,35341,0.0222125,0.63,1,1992713,1992229,484
137021921,30.6469,41.08,476,35401,0.074885,0.59,1,1992740,1992264,476
137024841,34.4588,35.632,481,35461,0.095954,0.39,1,1992777,1992296,481
137027761,27.5835,40.6528,460,35521,0.0923816,0.33,1,1992800,1992340,460
137048201,48.9702,48.7331,424,35935,0.0832355,0,1,1993067,1992643,424
137051121,41.1881,42.2932,422,35994,0.0512942,0.03,1,1993103,1992681,422
137054041,38.6752,36.1173,427,36053,0.0385177,0.11,1,1993140,1992713,427
137056961,29.2701,30.6469,423,36112,0.0334071,0.11,1,1993163,1992740,423
137059881,35.108,34.4588,425,36171,0.0313628,0.09,1,1993202,1992777,425
137062801,27.2432,27.5835,424,36229,0.0665451,0.15,1,1993224,1992800,424
137080321,33.0578,35.4254,424,36577,0.222975,0.07,1,1993433,1993009,424
137083241,48.0231,48.9702,424,36635,0.22719,0.03,1,1993491,1993067,424
137086161,41.4093,41.1881,425,36693,0.240876,0.03,1,1993528,1993103,425
137089081,38.1637,38.6752,424,36751,0.22235,0.03,1,1993564,1993140,424
137092001,29.0655,29.2701,424,36809,0.22694,0.03,1,1993587,1993163,424
137094921,34.4262,35.108,423,36866,0.228776,0.09,1,1993625,1993202,423
137097841,27.5705,27.2432,424,36923,0.24151,0.13,1,1993648,1993224,424
137100761,64.4282,61.8973,428,36980,0.246604,0.15,1,1993737,1993309,428
137103681,38.3713,36.7589,429,37037,0.272642,0.15,1,1993758,1993329,429
137106601,16.5485,15.9036,429,37094,0.283057,0.19,1,1993760,1993331,429
137109521,25.2194,24.3614,430,37151,0.299223,0.19,1,1993791,1993361,430
137132881,28.2603,34.4022,456,37604,0.414794,0.25,1,1994081,1993625,456
137135801,65.3041,27.5609,523,37660,0.447918,0.25,1,1994171,1993648,523
137205881,29.9956,29.9982,450,38984,0.790522,0.57,2,1994974,1994524,450
137208801,66.5982,66.5993,450,39038,0.814209,0.57,2,1995065,1994615,450
137211721,39.8393,39.8397,450,39092,0.799684,0.57,2,1995087,1994637,450
137214641,17.1357,17.1359,450,39146,0.793873,0.55,2,1995089,1994639,450
137217561,24.8543,25.4544,449,39200,0.827549,0.59,2,1995119,1994670,449
137220481,36.3417,35.3817,451,39254,0.84102,0.61,2,1995163,1994712,451
137223401,39.1367,36.9527,454,39308,0.894408,0.65,2,1995204,1994750,454
137226321,16.8547,15.9811,454,39362,0.891763,0.67,2,1995206,1994752,454
137410281,39.6375,36.758,493,42610,0.884225,1,2,1997508,1997015,493
137413201,35.655,37.5032,488,42660,0.81569,1,2,1997541,1997053,488
137416121,35.262,31.8013,495,42709,0.800276,1,2,1997576,1997081,495
137419041,29.1048,23.5205,502,42758,0.84211,1,2,1997601,1997099,502
137421961,24.2419,28.0082,492,42807,0.894844,1,2,1997622,1997130,492
137424881,28.8968,34.0033,486,42856,0.831938,0.96,2,1997654,1997168,486
137427801,32.5587,32.8013,489,42905,0.830775,1,2,1997689,1997200,489
137430721,32.2235,32.9205,488,42954,0.84231,0.97,2,1997721,1997233,488
137433641,30.8894,35.3682,481,43003,0.834924,0.97,2,1997751,1997270,481
137436561,27.3558,14.1473,506,43052,0.87997,0.96,2,1997776,1997270,506
137439481,25.3423,25.4589,497,43101,0.885988,1,2,1997800,1997303,497
137620521,32.0513,39.3879,514,46038,0.872464,1,2,1999849,1999335,514
137623441,33.2205,42.7552,503,46084,0.822986,1,2,1999883,1999380,503
137626361,39.6882,33.9021,519,46130,0.791194,1,2,1999927,1999408,519
137629281,35.6753,34.5608,517,46176,0.766478,1,2,1999960,1999443,517
137690601,34.4799,30.5237,487,47125,0.752286,0.63,2,2000593,2000106,487
137713961,29.2504,31.6626,457,47483,0.767266,0.69,2,2000800,2000343,457
137716881,36.9002,38.465,456,47527,0.756907,0.71,2,2000842,2000386,456
137719801,33.9601,33.986,457,47571,0.764763,0.67,2,2000874,2000417,457
137722721,32.784,33.9944,455,47615,0.779905,0.65,2,2000906,2000451,455
137725641,25.7136,24.9978,457,47659,0.833962,0.73,2,2000927,2000470,457
137728561,24.6854,24.9991,456,47703,0.855585,0.73,2,2000951,2000495,456
137731481,27.8742,27.9996,456,47747,0.864234,0.73,2,2000981,2000525,456
137734401,30.3497,29.1999,458,47791,0.879694,0.77,2,2001013,2000555,458
137737321,34.9399,34.4799,458,47835,0.885877,0.73,2,2001051,2000593,458
138004501,315.086,344.866,469,23360,0.772893,0.88,2,2003752,2003283,469
138033701,76.6744,78.4426,451,24252,0.805077,0.65,2,2004372,2003921,451
138036621,63.6697,62.5771,454,24339,0.808031,0.67,2,2004427,2003973,454
138039541,69.2679,68.2308,455,24426,0.845212,0.67,2,2004500,2004045,455
138042461,47.5072,46.4923,456,24513,0.848085,0.65,2,2004533,2004077,456
138045381,61.0029,60.5969,456,24599,0.861234,0.71,2,2004603,2004147,456
138048301,38.8011,39.2388,455,24685,0.866494,0.69,2,2004627,2004172,455
138051221,31.7205,31.2955,456,24771,0.856597,0.77,2,2004654,2004198,456
138054141,68.4882,67.1182,458,24857,0.864639,0.85,2,2004747,2004289,458
138127141,83.0429,69.1493,560,26906,0.83416,1,2,2006241,2005681,560
138138821,46.1611,52.0358,478,27219,0.407418,1,1,2006418,2005940,478
138144661,40.7458,39.0457,486,27375,0.248787,0.91,1,2006518,2006032,486
138147581,26.4983,33.0183,474,27452,0.213515,0.97,1,2006535,2006061,474
138168021,59.1479,62.8644,436,27988,0.247692,0.19,1,2006928,2006492,436
138170941,36.8592,40.7458,432,28064,0.285077,0.19,1,2006950,2006518,432
138173861,22.5437,26.4983,428,28139,0.288031,0.11,1,2006963,2006535,428
138185541,40.1387,18.4864,465,28439,0.414654,0.15,1,2007190,2006725,465
138188461,51.4555,29.5945,487,28513,0.447861,0.19,1,2007249,2006762,487
138232261,75.0033,58.2632,535,29607,0.783815,0.61,2,2008013,2007478,535
138235181,48.6013,74.9053,480,29678,0.823526,0.55,2,2008044,2007564,480
138238101,42.8405,48.5621,488,29749,0.80341,0.61,2,2008083,2007595,488
138241021,54.9362,41.6248,514,29820,0.819364,0.65,2,2008146,2007632,514
138243941,23.1745,53.2499,455,29891,0.825746,0.67,2,2008148,2007693,455
138246861,32.0698,44.1,455,29962,0.864298,0.71,2,2008186,2007731,455
138249781,60.8279,64.44,457,30033,0.867719,0.71,2,2008266,2007809,457
138264381,49.3323,48.6013,462,30383,0.898642,0.79,2,2008506,2008044,462
138389941,56.0989,59.6743,488,33246,0.859485,1,2,2010511,2010023,488
138392861,41.0396,43.0697,487,33310,0.781794,1,2,2010542,2010055,487
138465861,37.3084,41.2397,481,34862,0.754859,0.61,2,2011556,2011075,481
138468781,29.3233,35.6959,473,34923,0.763943,0.57,2,2011580,2011107,473
138471701,21.3293,28.6784,465,34984,0.767577,0.59,2,2011596,2011131,465
138474621,40.9317,21.6713,502,35044,0.805031,0.59,2,2011650,2011148,502
138477541,72.1727,39.8685,543,35104,0.832012,0.63,2,2011743,2011200,543
138480461,46.2691,69.3474,483,35164,0.830805,0.67,2,2011772,2011289,483
138483381,38.3076,43.939,489,35224,0.866322,0.75,2,2011805,2011316,489
138486301,55.5231,36.1756,525,35284,0.880529,0.75,2,2011872,2011347,525
138489221,41.4092,54.6702,490,35344,0.886211,0.75,2,2011904,2011414,490
138646901,26.9111,29.3303,510,38440,0.898346,1,2,2013998,2013488,510
138649821,22.1644,23.1321,510,38495,0.845338,1,2,2014017,2013507,510
138652741,61.6658,26.6529,569,38550,0.812135,1,2,2014105,2013536,569
138655661,43.8663,63.4611,513,38605,0.750854,1,2,2014137,2013624,513
138693621,42,43.8663,459,39310,0.785109,0.71,2,2014596,2014137,459
138696541,36.6,38.5465,457,39364,0.812043,0.73,2,2014629,2014172,457
138699461,23.04,24.4186,456,39418,0.810817,0.69,2,2014643,2014187,456
138702381,50.016,50.5674,456,39472,0.834327,0.67,2,2014711,2014255,456
138705301,39.2064,38.827,457,39526,0.843731,0.73,2,2014743,2014286,457
138708221,33.6826,34.1308,456,39579,0.859492,0.65,2,2014773,2014317,456
138711141,33.873,35.2523,454,39632,0.865797,0.75,2,2014807,2014353,454
138714061,29.7492,28.5009,457,39685,0.868319,0.75,2,2014834,2014377,457
138716981,33.4997,33.0004,457,39738,0.893327,0.75,2,2014870,2014413,457
138725741,21.248,21,457,39897,0.894053,0.75,2,2014937,2014480,457
138851301,36.9655,35.5302,491,42112,0.890464,1,2,2016519,2016028,491
138857141,46.2345,49.7248,483,42212,0.863674,1,2,2016600,2016117,483
138860061,41.2938,40.2899,487,42262,0.75947,1,2,2016638,2016151,487
138877581,25.1585,30.9117,476,42562,0.422725,0.9,1,2016799,2016323,476
138883421,33.1854,31.5859,485,42662,0.222436,0.9,1,2016868,2016383,485
138889261,42.8697,47.4137,468,42760,0.0751898,0.86,1,2016957,2016489,468
138892181,35.7479,36.9655,469,42809,0.0600759,0.93,1,2016988,2016519,469
138895101,26.2991,28.5862,466,42858,0.0420304,0.83,1,2017008,2016542,466
138898021,41.7197,46.2345,460,42907,0.0348121,0.69,1,2017060,2016600,460
138900941,37.6879,41.2938,457,42956,0.0559249,0.67,1,2017095,2016638,457
138903861,28.8751,33.9175,451,43005,0.0643699,0.67,1,2017118,2016667,451
138906781,19.9501,13.567,465,43054,0.043748,0.61,1,2017132,2016667,465
138909701,20.58,14.4268,471,43103,0.0474992,0.67,1,2017153,2016682,471
138912621,35.832,18.9707,495,43152,0.0609997,0.45,1,2017199,2016704,495
138915541,23.9328,38.1883,460,43201,0.0423999,0.43,1,2017215,2016755,460
138918461,22.7731,27.8753,461,43250,0.0589599,0.39,1,2017237,2016776,461
138921381,27.7092,24.9501,469,43299,0.089584,0.27,1,2017268,2016799,469
138933061,34.391,42.8643,452,43495,0.0989174,0.05,1,2017409,2016957,452
138938901,41.5026,26.2983,473,43592,0.0650268,0.03,1,2017481,2017008,473
138941821,37.601,41.7193,456,43640,0.0440107,0.07,1,2017516,2017060,456
138944741,28.8404,37.6877,444,43688,0.0716043,0.07,1,2017539,2017095,444
138947661,21.1362,28.8751,437,43736,0.0586417,0.03,1,2017555,2017118,437
138950581,19.8545,19.95,442,43784,0.0774567,0.05,1,2017574,2017132,442
138953501,37.3418,20.58,470,43832,0.0729827,0.07,1,2017623,2017153,470
138956421,23.3367,35.832,438,43880,0.0711931,0.03,1,2017637,2017199,438
138959341,23.7347,23.9328,446,43928,0.0464772,0.07,1,2017661,2017215,446
138962261,29.8939,22.7731,458,43976,0.0485909,0.11,1,2017695,2017237,458
138965181,29.9575,27.7092,457,44024,0.0494364,0.11,1,2017725,2017268,457
138968101,33.583,28.4837,464,44072,0.0617745,0.15,1,2017761,2017297,464
138971021,38.0332,34.1935,467,44120,0.0907098,0.15,1,2017802,2017335,467
138973941,33.8133,39.4774,455,44168,0.0782839,0.07,1,2017833,2017378,455
138976861,24.9253,34.391,443,44216,0.0853136,0.13,1,2017852,2017409,443
138982701,36.7481,41.5026,458,44312,0.0988502,0.03,1,2017939,2017481,458
138985621,28.4992,37.601,446,44360,0.0815401,0.09,1,2017962,2017516,446
138988541,20.9997,28.8404,439,44408,0.074616,0.05,1,2017978,2017539,439
138991461,20.9999,21.1362,444,44456,0.0718464,0.09,1,2017999,2017555,444
138994381,9.59995,19.8545,427,44503,0.0707386,0.07,1,2018001,2017574,427
138997301,32.04,37.3418,425,44550,0.0822954,0.07,1,2018048,2017623,425
139000221,21.216,23.3367,425,44597,0.0869182,0.03,1,2018062,2017637,425
139003141,21.6864,23.7347,423,44644,0.0887673,0.05,1,2018084,2017661,423
139041101,32.5592,32.04,426,45255,0.225112,0.09,1,2018474,2018048,426
139044021,21.4237,21.216,426,45302,0.228045,0.09,1,2018488,2018062,426
139046941,21.7695,21.6864,426,45349,0.229218,0.11,1,2018510,2018084,426
139049861,30.3078,29.6746,427,45396,0.253687,0.15,1,2018546,2018119,427
139052781,30.7231,29.8698,428,45442,0.275475,0.11,1,2018577,2018149,428
139055701,34.4892,34.1479,428,45488,0.29619,0.11,1,2018614,2018186,428
139079061,20.8344,20.4951,429,45856,0.423885,0.19,1,2018853,2018424,429
139081981,9.53375,9.39804,429,45902,0.439554,0.25,1,2018855,2018426,429
139084901,34.4135,32.5592,432,45948,0.433822,0.25,1,2018906,2018474,432
139087821,22.1654,13.0237,446,45994,0.419529,0.23,1,2018920,2018474,446
139090741,22.0662,13.6095,454,46040,0.425811,0.23,1,2018942,2018488,454
139093661,31.6265,18.6438,470,46086,0.440325,0.27,1,2018980,2018510,470
139154981,46.6821,29.1546,506,47037,0.759154,0.59,2,2019653,2019147,506
139157901,36.6728,45.2618,480,47082,0.765661,0.59,2,2019683,2019203,480
139160821,29.0691,36.1047,474,47127,0.780265,0.57,2,2019707,2019233,474
139163741,21.2277,28.2419,467,47172,0.798106,0.61,2,2019723,2019256,467
139166661,22.2911,20.8968,474,47217,0.793242,0.61,2,2019746,2019272,474
139169581,10.1164,21.5587,454,47262,0.791297,0.61,2,2019748,2019294,454
139172501,37.0466,9.82348,507,47307,0.778519,0.67,2,2019803,2019296,507
139175421,24.4186,34.5294,472,47352,0.785407,0.73,2,2019819,2019347,472
139178341,10.9675,22.8118,459,47397,0.788163,0.75,2,2019821,2019362,459
139181261,18.187,22.3247,460,47441,0.813265,0.75,2,2019844,2019384,460
139184181,30.0748,32.3299,459,47485,0.823306,0.73,2,2019882,2019423,459
139187101,31.8299,32.732,459,47529,0.839322,0.75,2,2019915,2019456,459
139190021,35.532,35.8928,459,47573,0.881729,0.73,2,2019953,2019494,459
139192941,39.4128,40.1571,458,47617,0.898692,0.73,2,2019995,2019537,458
139391501,45.7339,42.441,501,50538,0.861754,1,2,2022017,2021516,501
139394421,39.8936,47.5764,486,50580,0.770702,1,2,2022053,2021567,486
139409021,29.3516,23.5349,516,50790,0.268695,1,1,2022199,2021683,516
139411941,22.5406,28.0139,503,50831,0.245478,1,1,2022217,2021714,503
139423621,18.6874,20.1764,496,50995,0.0702682,0.96,1,2022293,2021797,496
139426541,13.475,26.6705,475,51036,0.0581073,1,1,2022303,2021828,475
139429461,23.39,28.6682,475,51077,0.0292429,1,1,2022333,2021858,475
139432381,27.356,32.4673,470,51118,0.0176972,1,1,2022363,2021893,470
139435301,32.5424,34.5869,470,51159,0.0370789,0.95,1,2022399,2021929,470
139438221,32.217,34.8348,467,51200,0.0448315,0.79,1,2022431,2021964,467
139441141,38.6868,45.7339,457,51241,0.0359326,0.71,1,2022474,2022017,457
139444061,36.4747,39.8936,456,51282,0.044373,0.67,1,2022509,2022053,456
139446981,28.9899,33.3574,451,51323,0.0477492,0.53,1,2022533,2022082,451
139449901,25.396,30.743,445,51364,0.0370997,0.41,1,2022556,2022111,445
139452821,26.3584,29.6972,443,51405,0.0328399,0.27,1,2022583,2022140,443
139455741,24.3434,29.8789,436,51446,0.0431359,0.21,1,2022606,2022170,436
139458661,22.3373,29.3516,428,51487,0.0352544,0.23,1,2022627,2022199,428
139461581,20.9349,22.5406,430,51528,0.0561018,0.11,1,2022647,2022217,430
139464501,22.174,24.6162,427,51569,0.0764407,0.11,1,2022670,2022243,427
139467421,15.4696,17.0465,426,51610,0.0605763,0.13,1,2022681,2022255,426
139470341,18.1878,18.2186,427,51651,0.0542305,0.03,1,2022701,2022274,427
139473261,16.8751,18.6874,424,51692,0.0396922,0.05,1,2022717,2022293,424
139476181,12.1501,13.475,423,51733,0.0338769,0.01,1,2022726,2022303,423
139479101,22.86,23.39,423,51774,0.0195508,0.01,1,2022756,2022333,423
139482021,25.944,9.356,451,51815,0.0498203,0.01,1,2022784,2022333,451
139484941,31.9776,21.7424,457,51856,0.0379281,0.05,1,2022820,2022363,457
139487861,32.591,30.297,454,51897,0.0571712,0.05,1,2022853,2022399,454
139490781,38.2364,31.3188,464,51938,0.0288685,0.03,1,2022895,2022431,464
139493701,36.8946,38.3275,457,51979,0.0535474,0.05,1,2022931,2022474,457
139496621,28.5578,36.331,445,52020,0.063419,0.05,1,2022954,2022509,445
139499541,25.8231,28.9324,445,52060,0.0673676,0.03,1,2022978,2022533,445
139502461,26.5293,25.373,449,52100,0.032947,0.03,1,2023005,2022556,449
139505381,23.8117,26.3492,444,52140,0.0431788,0.05,1,2023027,2022583,444
139508301,22.1247,24.3397,442,52180,0.0232715,0.03,1,2023048,2022606,442
139511221,21.4499,22.3359,442,52220,0.0273086,0.07,1,2023069,2022627,442
139514141,22.3799,20.9343,445,52260,0.0649234,0.09,1,2023092,2022647,445
139517061,14.952,22.1737,432,52300,0.0799694,0.05,1,2023102,2022670,432
139519981,18.5808,15.4695,442,52340,0.0979878,0.05,1,2023123,2022681,442
139522901,16.4323,18.1878,437,52380,0.0931951,0.03,1,2023138,2022701,437
139525821,11.9729,16.8751,430,52420,0.079278,0.03,1,2023147,2022717,430
139528741,22.7892,12.15,451,52460,0.0497112,0.01,1,2023177,2022726,451
139531661,26.5157,22.86,450,52500,0.0378845,0.07,1,2023206,2022756,450
139534581,32.8063,25.944,459,52540,0.0151538,0.03,1,2023243,2022784,459
139537501,32.3225,31.9776,455,52580,0.0480615,0.07,1,2023275,2022820,455
139540421,39.329,32.591,466,52620,0.0252246,0.01,1,2023319,2022853,466
139543341,37.9316,38.2364,461,52660,0.0160898,0.07,1,2023356,2022895,461
139546261,28.3726,36.8946,447,52700,0.0364359,0.07,1,2023378,2022931,447
139549181,25.7491,28.5578,448,52740,0.0565744,0.07,1,2023402,2022954,448
139552101,25.2996,25.8231,449,52780,0.0526297,0.01,1,2023427,2022978,449
139555021,23.9198,26.5293,445,52820,0.0390519,0.05,1,2023450,2023005,445
139557941,20.9679,23.8117,442,52860,0.0216208,0.01,1,2023469,2023027,442
139560861,22.1872,22.1247,444,52900,0.0146483,0.03,1,2023492,2023048,444
139563781,23.8749,21.4499,448,52940,0.0238593,0.09,1,2023517,2023069,448
139566701,15.5499,22.3799,435,52980,0.0275437,0.09,1,2023527,2023092,435
139569621,18.22,14.952,445,53020,0.0290175,0.11,1,2023547,2023102,445
139572541,15.688,18.5808,438,53060,0.029607,0.09,1,2023561,2023123,438
139575461,11.0752,16.4323,431,53100,0.0298428,0.07,1,2023569,2023138,431
139578381,22.4301,11.9729,452,53140,0.0179371,0.03,1,2023599,2023147,452
139581301,27.572,22.7892,453,53180,0.0251748,0.03,1,2023630,2023177,453
139584221,32.6288,26.5157,460,53220,0.0280699,0,1,2023666,2023206,460
139587141,14.2515,32.8063,425,53260,0.029228,0.07,1,2023668,2023243,425
139590061,24.9006,32.3225,425,53300,0.0776912,0.01,1,2023700,2023275,425
139592981,35.1602,39.329,423,53339,0.0730765,0.01,1,2023742,2023319,423
139613421,23.0721,22.1872,424,53612,0.0876437,0.03,1,2023916,2023492,424
139616341,23.6289,23.8749,423,53651,0.0890575,0.03,1,2023940,2023517,423
139619261,15.4515,15.5499,423,53690,0.065623,0.03,1,2023950,2023527,423
139622181,18.1806,18.22,423,53729,0.0682492,0.03,1,2023970,2023547,423
139625101,15.6722,15.688,423,53768,0.0812997,0.03,1,2023984,2023561,423
139628021,11.0689,11.0752,423,53807,0.0865199,0.01,1,2023992,2023569,423
139630941,22.4276,22.4301,423,53846,0.0406079,0.03,1,2024022,2023599,423
139633861,28.771,27.572,425,53885,0.0222432,0.03,1,2024055,2023630,425
139636781,31.9084,32.6288,423,53924,0.0508973,0.03,1,2024089,2023666,423
139639701,13.9634,14.2515,423,53963,0.0743589,0.11,1,2024091,2023668,423
139642621,25.9853,24.9006,425,54002,0.0597436,0.07,1,2024125,2023700,425
139645541,35.5941,35.1602,425,54041,0.0778974,0.13,1,2024167,2023742,425
139648461,39.4377,36.8641,429,54080,0.097159,0.17,1,2024209,2023780,429
139689341,32.8523,31.9084,426,54626,0.0867386,0.09,1,2024515,2024089,426
139692261,14.3409,13.9634,426,54665,0.0766954,0.05,1,2024517,2024091,426
139695181,25.5364,25.9853,425,54703,0.0606782,0.05,1,2024550,2024125,425
139698101,35.4145,10.3941,467,54741,0.0542713,0.09,1,2024592,2024125,467
139701021,39.9658,29.3577,468,54779,0.0397085,0.11,1,2024635,2024167,468
139703941,29.7863,36.9431,449,54817,0.0458834,0.17,1,2024658,2024209,449
139706861,27.5145,27.9772,453,54855,0.0723534,0.19,1,2024684,2024231,453
139715621,18.6569,23.0305,443,54969,0.211271,0.17,1,2024743,2024300,443
139718541,21.8628,18.8122,451,55007,0.222508,0.17,1,2024767,2024316,451
139721461,23.7451,21.9249,452,55045,0.215003,0.19,1,2024792,2024340,452
139724381,15.498,23.17,438,55083,0.224001,0.17,1,2024802,2024364,438
139727301,19.3992,15.868,449,55121,0.239601,0.15,1,2024824,2024375,449
139730221,16.1597,18.9472,442,55159,0.26984,0.15,1,2024838,2024396,442
139733141,11.2639,15.9789,436,55197,0.281936,0.15,1,2024846,2024410,436
139736061,20.1055,11.1916,454,55235,0.286774,0.19,1,2024872,2024418,454
139741901,31.0569,29.6306,457,55311,0.294284,0.07,1,2024937,2024480,457
139744821,13.6228,32.8523,424,55349,0.291714,0.07,1,2024939,2024515,424
139747741,25.8491,14.3409,456,55387,0.290685,0.05,1,2024973,2024517,456
139765261,24.9706,23.6058,454,55615,0.428765,0.21,1,2025159,2024705,454
139768181,19.5883,22.6423,448,55653,0.441506,0.23,1,2025175,2024727,448
139771101,22.2353,18.6569,456,55691,0.446602,0.23,1,2025199,2024743,456
139774021,23.8941,21.8628,457,55729,0.436641,0.21,1,2025224,2024767,457
139858701,36.0131,36.9808,446,56812,0.760968,0.49,2,2025899,2025453,446
139861621,39.6052,39.9923,446,56849,0.802387,0.49,2,2025941,2025495,446
139864541,17.0421,17.1969,446,56886,0.818955,0.53,2,2025943,2025497,446
139867461,21.2168,21.2788,446,56923,0.825582,0.55,2,2025967,2025521,446
139870381,30.6867,28.9115,449,56960,0.816233,0.57,2,2026004,2025555,449
139873301,26.6747,25.3646,450,56997,0.812493,0.55,2,2026028,2025578,450
139876221,25.0699,25.1458,449,57034,0.822997,0.59,2,2026052,2025603,449
139879141,20.228,19.6583,450,57071,0.839199,0.59,2,2026069,2025619,450
139882061,23.6912,22.2633,452,57108,0.86968,0.63,2,2026095,2025643,452
139884981,25.6765,24.5053,453,57145,0.869872,0.63,2,2026122,2025669,453
139887901,16.2706,15.8021,453,57182,0.869949,0.63,2,2026132,2025679,453
139890821,22.7082,21.9209,454,57219,0.881979,0.67,2,2026159,2025705,454
139893741,18.6833,17.7683,455,57256,0.862792,0.67,2,2026175,2025720,455
139896661,12.2733,11.9073,455,57293,0.855117,0.69,2,2026183,2025728,455
139899581,22.3093,20.9629,457,57330,0.876047,0.73,2,2026212,2025755,457
139902501,27.5237,26.3852,458,57367,0.896419,0.75,2,2026243,2025785,458
139905421,32.0095,30.9541,459,57404,0.880567,0.75,2,2026278,2025819,459
139908341,14.0038,13.5816,459,57441,0.898227,0.75,2,2026280,2025821,459
139911261,27.2015,27.0327,459,57478,0.881291,0.77,2,2026316,2025857,459
139914181,37.2806,36.0131,461,57515,0.874516,0.83,2,2026360,2025899,461
139917101,40.1122,39.6052,461,57552,0.871807,0.83,2,2026402,2025941,461
139920021,17.2449,17.0421,461,57589,0.870723,0.83,2,2026404,2025943,461
139922941,21.298,21.2168,461,57626,0.870289,0.83,2,2026428,2025967,461
139925861,30.7192,8.48673,498,57662,0.894116,0.81,2,2026465,2025967,498
139928781,27.2877,25.5947,486,57698,0.891646,0.81,2,2026490,2026004,486
139931701,25.3151,24.6379,486,57734,0.890658,0.83,2,2026514,2026028,486
139934621,21.526,24.2552,481,57770,0.878263,0.85,2,2026533,2026052,481
139937541,23.6104,19.9021,489,57806,0.885305,0.89,2,2026558,2026069,489
140252901,52.3158,32.2275,511,29421,0.795348,0.57,2,2029747,2029236,511
140255821,53.9263,50.091,504,29493,0.828139,0.57,2,2029802,2029298,504
140258741,52.7705,52.4364,502,29565,0.877256,0.61,2,2029854,2029352,502
140393061,40.9106,58.0754,500,32694,0.885846,1,2,2032012,2031512,500
140395981,33.1642,37.0302,505,32759,0.864339,1,2,2032040,2031535,505
140398901,27.6657,29.8121,504,32824,0.807735,1,2,2032064,2031560,504
140401821,31.4663,48.5248,477,32888,0.785094,1,2,2032098,2031621,477
140433941,30.4674,31.4663,458,33588,0.772278,0.67,2,2032556,2032098,458
140436861,57.7869,58.7865,457,33651,0.782911,0.71,2,2032632,2032175,457
140439781,44.7148,45.1146,457,33714,0.823165,0.71,2,2032668,2032211,457
140442701,35.2859,36.0458,456,33777,0.851266,0.73,2,2032697,2032241,456
140445621,59.7144,61.2183,454,33840,0.898506,0.71,2,2032773,2032319,454
140448541,44.2857,43.0873,457,33902,0.893403,0.69,2,2032807,2032350,457
140591621,40.4708,39.8004,492,36832,0.812733,1,2,2034843,2034351,492
140594541,33.5883,36.9202,486,36889,0.763093,1,2,2034872,2034386,486
140597461,32.0353,33.3681,486,36946,0.767237,1,2,2034903,2034417,486
140603301,44.9657,52.0189,477,37060,0.755158,1,2,2034991,2034514,477
140623741,42.2099,42.4202,506,37458,0.759363,0.89,2,2035266,2034760,506
140626661,40.8839,43.9681,501,37514,0.765745,0.75,2,2035306,2034805,501
140629581,31.9536,40.3872,489,37570,0.768298,0.73,2,2035332,2034843,489
140632501,30.7814,33.5549,490,37626,0.781319,0.77,2,2035362,2034872,490
140635421,32.1126,32.022,492,37682,0.798528,0.71,2,2035395,2034903,492
140638341,43.445,34.4088,507,37738,0.817411,0.77,2,2035446,2034939,507
140641261,37.178,44.9635,488,37794,0.812964,0.73,2,2035479,2034991,488
140644181,33.4712,37.7854,486,37850,0.799186,0.69,2,2035510,2035024,486
140647101,27.7885,33.7142,479,37906,0.829674,0.73,2,2035534,2035055,479
140650021,48.9154,27.8857,518,37962,0.85387,0.75,2,2035597,2035079,518
140652941,47.1662,47.1543,504,38018,0.875548,0.73,2,2035643,2035139,504
140655861,42.8665,47.0617,497,38074,0.884219,0.75,2,2035683,2035186,497
140813541,41.8297,34.9973,526,40961,0.864074,1,2,2037664,2037138,526
140816461,36.5319,52.3989,495,41013,0.783629,1,2,2037697,2037202,495
140825221,33.274,32.3215,514,41166,0.412312,1,1,2037807,2037293,514
140833981,34.2655,40.2526,505,41319,0.225828,1,1,2037922,2037417,505
140848581,13.8389,32.6855,470,41574,0.0923317,0.87,1,2038046,2037576,470
140869021,38.8552,43.9096,434,41929,0.0867882,0.29,1,2038292,2037858,434
140871941,34.7421,36.1638,435,41979,0.0887153,0.17,1,2038324,2037889,435
140895301,32.1684,32.4542,426,42379,0.207932,0.11,1,2038547,2038121,426
140898221,29.6674,29.7817,426,42429,0.221173,0.13,1,2038575,2038149,426
140901141,36.4669,37.1127,425,42479,0.250469,0.11,1,2038616,2038191,425
140904061,29.5868,29.8451,425,42529,0.274188,0.11,1,2038641,2038216,425
140906981,31.6347,31.138,426,42579,0.259675,0.07,1,2038674,2038248,426
140909901,39.0539,38.8552,426,42629,0.28987,0.09,1,2038718,2038292,426
140944941,30.3713,35.3372,458,43218,0.416996,0.29,1,2039074,2038616,458
140947861,31.9485,29.1349,466,43267,0.436798,0.25,1,2039107,2038641,466
141006261,28.3851,28.8795,472,44232,0.7836,0.47,2,2039747,2039275,472
141009181,32.354,28.3518,479,44280,0.82344,0.51,2,2039782,2039303,479
141012101,14.1416,31.1407,448,44328,0.839376,0.51,2,2039784,2039336,448
141015021,33.2566,13.6563,492,44376,0.85775,0.53,2,2039830,2039338,492
141020861,15.4011,33.145,453,44471,0.89444,0.65,2,2039869,2039416,453
141029621,30.5777,31.3773,455,44612,0.893644,0.67,2,2039971,2039516,455
141041301,34.3924,32.5169,459,44800,0.886349,0.75,2,2040118,2039659,459
141047141,30.4628,28.9627,461,44894,0.882216,0.81,2,2040180,2039719,461
141050061,29.5851,28.3851,462,44941,0.886886,0.85,2,2040209,2039747,462
141052981,34.034,32.354,464,44988,0.888754,0.85,2,2040246,2039782,464
141250081,32.1517,27.2579,519,48071,0.8236,1,2,2042376,2041857,519
141308481,80.8151,83.3394,453,22189,0.0498362,0.07,1,2043066,2042613,453
141311401,74.926,78.9358,448,22285,0.0379345,0.07,1,2043137,2042689,448
141314321,67.1704,65.1743,454,22380,0.0331738,0.01,1,2043199,2042745,454
141317241,59.8682,63.2697,447,22475,0.0552695,0,1,2043254,2042807,447
141320161,35.3473,40.9079,440,22569,0.0281078,0.03,1,2043273,2042833,440
141331841,69.2521,63.4904,494,22943,0.0553436,0.03,1,2043560,2043066,494
141334761,64.3008,67.9962,484,23035,0.0401374,0.03,1,2043621,2043137,484
141337681,58.7203,64.3985,477,23127,0.082055,0.07,1,2043676,2043199,477
141340601,36.0881,58.7594,443,23219,0.062822,0.01,1,2043697,2043254,443
141343521,71.4353,34.9038,519,23310,0.0671288,0.21,1,2043792,2043273,519
141346441,66.3741,66.7615,494,23401,0.0928515,0.21,1,2043855,2043361,494
141352281,65.9399,63.6018,495,23582,0.0412562,0,1,2043982,2043487,495
141355201,62.9759,69.2407,483,23672,0.0225025,0.03,1,2044043,2043560,483
141358121,60.5904,64.2963,481,23762,0.051001,0.11,1,2044102,2043621,481
141361041,35.0361,58.7185,444,23851,0.0744004,0.05,1,2044120,2043676,444
141372721,54.5321,61.3496,427,24205,0.210465,0,1,2044340,2043913,427
141375641,60.8128,65.9398,423,24293,0.222186,0.01,1,2044405,2043982,423
141396081,55.9006,54.5321,431,24897,0.268605,0.23,1,2044771,2044340,431
141399001,61.3602,60.8128,431,24982,0.293442,0.17,1,2044836,2044405,431
141416521,53.7158,51.2514,432,25487,0.402829,0.21,1,2045144,2044712,432
141466161,63.5277,56.4016,522,26866,0.78989,0.67,2,2046109,2045587,522
141469081,26.6111,62.7607,457,26945,0.813956,0.71,2,2046111,2045654,457
141472001,50.8444,65.3043,457,27024,0.847582,0.71,2,2046178,2045721,457
141474921,55.7378,60.9217,458,27102,0.861033,0.73,2,2046237,2045779,458
141477841,59.4951,61.5687,458,27180,0.878413,0.73,2,2046299,2045841,458
141574201,45.1777,65.048,508,29643,0.841648,1,2,2048018,2047510,508
141597561,45.8308,45.3604,482,30209,0.084938,0.87,1,2048390,2047908,482
141600481,52.5323,64.9441,461,30279,0.0639752,0.79,1,2048447,2047986,461
141606321,34.9252,39.6711,454,30419,0.059436,0.59,1,2048508,2048054,454
141609241,48.1701,55.4684,445,30489,0.0897744,0.59,1,2048565,2048120,445
141615081,35.1872,39.9549,439,30627,0.0947639,0.27,1,2048612,2048173,439
141623841,37.148,41.0771,423,30834,0.213665,0.07,1,2048764,2048341,423
141644281,36.6717,35.1872,429,31311,0.209441,0.09,1,2049041,2048612,429
141647201,38.0687,14.0749,468,31379,0.221776,0.15,1,2049080,2048612,468
141650121,76.4275,30.23,529,31446,0.298711,0.23,1,2049182,2048653,529
141667641,51.1345,33.3356,489,31848,0.42131,0.15,1,2049420,2048931,489
141670561,21.6538,49.9342,430,31914,0.438524,0.15,1,2049422,2048992,430
141731881,22.4691,22.3463,451,33278,0.757466,0.59,2,2050316,2049865,451
141734801,40.7876,40.7385,451,33342,0.776986,0.63,2,2050369,2049918,451
141740641,81.046,80.9182,453,33468,0.785518,0.67,2,2050519,2050066,453
141743561,33.6184,33.5673,453,33531,0.824207,0.63,2,2050521,2050068,453
141746481,19.4474,19.4269,453,33594,0.815683,0.69,2,2050531,2050078,453
141749401,38.9789,38.3708,454,33657,0.872273,0.67,2,2050583,2050129,454
141752321,49.7916,48.9483,455,33720,0.894909,0.71,2,2050640,2050185,455
141901241,33.0735,34.7284,488,36781,0.868381,1,2,2052755,2052267,488
141904161,34.8294,27.6914,501,36838,0.809352,0.97,2,2052791,2052290,501
141921681,28.0549,26.2992,479,37180,0.755469,1,2,2053038,2052559,479
141924601,28.0219,10.5197,507,37237,0.776188,0.97,2,2053066,2052559,507
141927521,28.6088,25.8079,500,37294,0.796475,0.86,2,2053095,2052595,500
141930441,47.4435,30.1231,527,37351,0.80459,0.93,2,2053155,2052628,527
141933361,40.5774,50.4493,499,37408,0.819836,0.93,2,2053191,2052692,499
141936281,28.831,41.7797,484,37464,0.813934,0.83,2,2053212,2052728,484
141939201,34.3324,32.9119,495,37520,0.823574,0.77,2,2053250,2052755,495
142169881,73.5361,89.2782,446,18711,0.0993136,0.03,1,2056406,2055960,446
142172801,54.0144,73.5113,424,18824,0.0577255,0,1,2056447,2056023,424
142175721,41.4058,41.4045,437,18937,0.0530902,0.07,1,2056480,2056043,437
142178641,81.3623,87.9618,426,19049,0.0872361,0.09,1,2056588,2056162,426
142181561,95.5449,100.585,422,19160,0.0528944,0.15,1,2056693,2056271,422
142184481,91.018,90.0339,427,19271,0.0511578,0.07,1,2056781,2056354,427
142187401,67.0072,67.2136,426,19381,0.0504631,0.03,1,2056832,2056406,426
142190321,49.6029,51.4854,423,19490,0.0261852,0.05,1,2056870,2056447,423
142193241,39.6411,40.3942,423,19599,0.0644741,0.05,1,2056903,2056480,423
142196161,82.4565,16.1577,534,19707,0.0557896,0.11,1,2057014,2056480,534
142199081,92.9826,71.2631,526,19815,0.0643159,0.03,1,2057114,2056588,526
142202001,89.993,91.5052,509,19922,0.0437263,0.05,1,2057202,2056693,509
142204921,66.5972,89.4021,472,20028,0.0474905,0.05,1,2057253,2056781,472
142207841,50.0389,66.3608,460,20134,0.0249962,0.01,1,2057292,2056832,460
142210761,41.6156,49.3443,458,20239,0.0519985,0.09,1,2057328,2056870,458
142219521,90.0474,92.966,510,20552,0.0861279,0.03,1,2057624,2057114,510
142222441,67.219,89.9864,474,20655,0.0524512,0.05,1,2057676,2057202,474
142225361,50.2876,66.5946,462,20758,0.0629805,0.01,1,2057715,2057253,462
142228281,42.915,50.0378,461,20860,0.0431922,0.07,1,2057753,2057292,461
142231201,84.366,41.6151,537,20962,0.0472769,0.15,1,2057865,2057328,537
142234121,34.9464,82.0461,430,21063,0.0489107,0.11,1,2057867,2057437,430
142237041,69.7786,91.6184,425,21164,0.0855643,0.07,1,2057960,2057535,425
142239961,81.3114,90.0474,425,21264,0.0882257,0.03,1,2058049,2057624,425
142242881,62.5246,67.2189,423,21364,0.0412903,0.07,1,2058099,2057676,423
142245801,49.6098,50.2876,425,21463,0.0465161,0.03,1,2058140,2057715,425
142248721,41.4439,42.915,423,21562,0.0606064,0.05,1,2058176,2057753,423
142251641,84.3776,84.366,424,21660,0.0782426,0.05,1,2058289,2057865,424
142254561,34.951,34.9464,424,21758,0.097297,0.11,1,2058291,2057867,424
142260401,80.2322,81.3114,424,21952,0.203968,0.01,1,2058473,2058049,424
142263321,60.8929,62.5246,422,22049,0.255587,0.05,1,2058521,2058099,422
142266241,48.9571,49.6098,422,22145,0.252235,0.07,1,2058562,2058140,422
142269161,41.7829,41.4439,423,22241,0.262894,0.09,1,2058599,2058176,423
142272081,85.7131,84.3776,425,22336,0.291158,0.11,1,2058714,2058289,425
142292521,87.9544,40.6834,551,22993,0.426624,0.31,1,2059150,2058599,551
142295441,36.3818,85.2734,438,23085,0.44065,0.31,1,2059152,2058714,438
142333401,36.7575,41.6065,454,24251,0.769612,0.69,2,2059925,2059471,454
142336321,89.103,89.8426,456,24338,0.793845,0.69,2,2060049,2059593,456
142339241,36.8412,37.137,456,24425,0.803538,0.67,2,2060051,2059595,456
142342161,76.5365,77.2548,455,24512,0.831415,0.69,2,2060154,2059699,455
142345081,85.2146,84.9019,456,24598,0.842566,0.73,2,2060245,2059789,456
142441441,85.2385,88.5798,481,27296,0.898,1,2,2062141,2061660,481
142444361,65.2954,60.0319,492,27374,0.7732,1,2,2062193,2061701,492
142464801,58.9338,66.0962,472,27911,0.233912,0.83,1,2062515,2062043,472
142470641,58.0294,65.2954,454,28063,0.0722259,0.63,1,2062647,2062193,454
142473561,41.2118,48.3182,447,28138,0.0468904,0.59,1,2062677,2062230,447
142476481,39.2847,42.1273,447,28213,0.0367561,0.45,1,2062715,2062268,447
142479401,27.1139,28.8509,446,28288,0.0207025,0.45,1,2062734,2062288,446
142482321,34.2456,37.3404,442,28363,0.026281,0.45,1,2062773,2062331,442
142485241,60.4982,14.9361,520,28438,0.0285124,0.33,1,2062851,2062331,520
142505681,27.5585,39.248,441,28954,0.0966861,0.01,1,2063156,2062715,441
142508601,33.8234,27.0992,460,29027,0.0926744,0.03,1,2063194,2062734,460
142511521,62.7294,34.2397,503,29100,0.0790698,0.03,1,2063276,2062773,503
142514441,45.4917,60.4959,459,29173,0.0316279,0.15,1,2063310,2062851,459
142517361,52.3967,43.3983,484,29246,0.0786512,0.13,1,2063367,2062883,484
142520281,70.7587,52.7593,508,29318,0.0974605,0.15,1,2063450,2062942,508
142546561,43.7084,52.3967,427,29961,0.0869643,0.11,1,2063794,2063367,427
142564081,32.7211,33.3598,427,30382,0.200426,0.13,1,2064044,2063617,427
142567001,62.2884,61.9439,428,30452,0.23017,0.11,1,2064126,2063698,428
142569921,44.7154,45.1776,427,30521,0.290068,0.11,1,2064159,2063732,427
142578681,70.0138,68.4834,429,30728,0.421044,0.19,1,2064308,2063879,429
142637081,74.6065,45.7582,542,32078,0.758105,0.61,2,2065203,2064661,542
142640001,57.4426,72.9033,497,32144,0.801242,0.65,2,2065249,2064752,497
142642921,42.177,55.5613,485,32210,0.830497,0.65,2,2065281,2064796,485
142645841,39.6708,41.4245,491,32276,0.842199,0.65,2,2065319,2064828,491
142648761,26.0683,39.3698,470,32342,0.83488,0.67,2,2065336,2064866,470
142651681,36.2273,25.3479,497,32407,0.819952,0.71,2,2065379,2064882,497
142654601,66.0909,34.1392,543,32472,0.825981,0.73,2,2065465,2064922,543
142657521,46.8364,65.2557,491,32537,0.828392,0.71,2,2065499,2065008,491
142660441,19.9345,47.1023,458,32602,0.841357,0.71,2,2065501,2065043,458
142663361,47.5738,20.0409,522,32667,0.882543,0.71,2,2065567,2065045,522
142669201,32.0918,74.6065,463,32797,0.898407,0.83,2,2065666,2065203,463
142788921,38.9602,45.3547,516,35343,0.886,1,2,2067421,2066905,516
142791841,32.9841,33.1419,520,35403,0.8164,1,2,2067450,2066930,520
142803521,37.6508,36.7092,515,35642,0.447668,1,1,2067654,2067139,515
142806441,30.6603,37.4837,503,35701,0.413067,1,1,2067680,2067177,503
142809361,24.2641,35.3935,489,35760,0.423227,1,1,2067700,2067211,489
142812281,19.9057,32.7574,475,35819,0.427291,1,1,2067717,2067242,475
142856081,44.5475,44.426,442,36695,0.777908,0.47,2,2068298,2067856,442
142859001,35.219,33.3704,445,36753,0.773163,0.53,2,2068327,2067882,445
142861921,31.4876,30.1482,446,36810,0.783265,0.53,2,2068356,2067910,446
142864841,61.795,61.2593,446,36867,0.799306,0.49,2,2068438,2067992,446
142867761,51.718,50.9037,447,36924,0.829722,0.59,2,2068483,2068036,447
142870681,38.0872,36.5615,449,36981,0.829889,0.65,2,2068512,2068063,449
142873601,36.8349,34.4246,452,37038,0.805956,0.65,2,2068548,2068096,452
142876521,32.134,29.9698,454,37095,0.808382,0.65,2,2068577,2068123,454
142879441,24.8536,23.3879,455,37152,0.809353,0.65,2,2068597,2068142,455
142882361,20.7414,9.35517,473,37209,0.809741,0.71,2,2068615,2068142,473
142885281,23.8966,13.9421,482,37266,0.797896,0.71,2,2068641,2068159,482
142888201,54.5586,21.1768,531,37323,0.793159,0.75,2,2068716,2068185,531
142891121,46.4235,53.4707,497,37380,0.815263,0.81,2,2068757,2068260,497
142894041,35.9694,44.1883,488,37437,0.812105,0.77,2,2068786,2068298,488
142896961,32.3878,35.0753,489,37493,0.810842,0.79,2,2068816,2068327,489
142899881,63.3551,31.4301,544,37549,0.870337,0.81,2,2068900,2068356,544
142902801,52.942,61.7721,508,37605,0.870135,0.85,2,2068946,2068438,508
142905721,36.7768,51.7088,489,37661,0.870054,0.83,2,2068972,2068483,489
142908641,35.1107,38.0835,494,37717,0.870022,0.79,2,2069006,2068512,494
142911561,32.0443,36.8334,488,37773,0.882009,0.81,2,2069036,2068548,488
143054641,40.9708,59.1031,500,40423,0.88749,1,2,2070878,2070378,500
143057561,43.3883,39.2413,519,40475,0.792996,1,2,2070923,2070404,519
143069241,29.5555,33.5534,510,40683,0.409341,1,1,2071045,2070535,510
143075081,27.6489,29.3685,507,40787,0.249095,1,1,2071100,2070593,507
143080921,32.9838,32.059,512,40891,0.0578551,1,1,2071168,2070656,512
143083841,31.1935,37.4236,501,40943,0.023142,1,1,2071198,2070697,501
143086761,46.6774,31.1694,531,40995,0.0512568,0.97,1,2071255,2070724,531
143089681,52.271,49.0678,526,41046,0.0505027,0.87,1,2071311,2070785,526
143092601,37.7084,57.4271,491,41097,0.0202011,0.87,1,2071339,2070848,491
143095521,37.8834,40.9708,499,41148,0.0260804,0.73,1,2071377,2070878,499
143098441,33.7533,43.3883,485,41199,0.0164322,0.65,1,2071408,2070923,485
143101361,28.5013,36.5553,478,41250,0.0365729,0.53,1,2071433,2070955,478
143104281,25.2005,33.2221,470,41301,0.0566291,0.43,1,2071456,2070986,470
143107201,24.4802,31.8889,463,41352,0.0406517,0.35,1,2071480,2071017,463
143124721,28.3189,31.1935,424,41658,0.0793185,0.07,1,2071622,2071198,424
143127641,44.3276,46.6774,422,41709,0.0857274,0.05,1,2071677,2071255,422
143130561,51.331,52.271,422,41760,0.034291,0,1,2071733,2071311,422
143133481,37.3324,37.7084,422,41811,0.0437164,0.03,1,2071761,2071339,422
143136401,38.333,37.8834,423,41861,0.0474866,0.01,1,2071800,2071377,423
143139321,33.9332,33.7533,423,41911,0.0849946,0.05,1,2071831,2071408,423
143142241,28.5733,28.5013,423,41961,0.0879978,0.07,1,2071856,2071433,423
143145161,25.2293,25.2005,423,42011,0.0771991,0.03,1,2071879,2071456,423
143148081,25.6917,24.4802,425,42061,0.0728797,0.15,1,2071905,2071480,425
143151001,28.2767,25.3921,429,42111,0.0591519,0.19,1,2071935,2071506,429
143153921,23.9107,23.9568,427,42161,0.0896607,0.13,1,2071956,2071529,427
143174361,35.807,37.3324,422,42511,0.20251,0.05,1,2072183,2071761,422
143183121,28.5956,28.5733,424,42661,0.205681,0.07,1,2072280,2071856,424
143186041,24.6383,25.2293,423,42710,0.244272,0.07,1,2072302,2071879,423
143188961,25.4553,25.6917,423,42759,0.235709,0.05,1,2072328,2071905,423
143191881,28.7821,28.2767,424,42808,0.232284,0.11,1,2072359,2071935,424
143194801,25.9128,23.9107,427,42857,0.206913,0.13,1,2072383,2071956,427
143197721,29.5651,28.1643,428,42906,0.208765,0.13,1,2072415,2071987,428
143200641,13.0261,12.4657,428,42955,0.209506,0.13,1,2072417,2071989,428
143203561,20.8104,20.5863,428,43004,0.209802,0.13,1,2072443,2072015,428
143206481,27.5242,8.23451,460,43053,0.245921,0.17,1,2072475,2072015,460
143209401,45.2097,21.2938,487,43102,0.248368,0.17,1,2072532,2072045,487
143212321,50.4839,43.3175,483,43151,0.261347,0.21,1,2072586,2072103,483
143215241,35.7935,49.727,455,43200,0.266539,0.21,1,2072612,2072157,455
143218161,38.3174,35.4908,469,43249,0.256616,0.17,1,2072652,2072183,469
143221081,36.327,37.5963,465,43298,0.240646,0.21,1,2072687,2072222,465
143224001,29.5308,35.4385,456,43347,0.222258,0.21,1,2072712,2072256,456
143226921,25.0123,28.5754,454,43396,0.238903,0.27,1,2072734,2072280,454
143229841,26.2049,24.6302,459,43445,0.233561,0.23,1,2072761,2072302,459
143232761,28.482,25.4521,463,43494,0.255425,0.23,1,2072791,2072328,463
143235681,25.1928,28.7808,455,43543,0.25217,0.19,1,2072814,2072359,455
143238601,29.2771,25.9123,463,43591,0.274868,0.21,1,2072846,2072383,463
143241521,12.9108,29.5649,433,43639,0.283947,0.21,1,2072848,2072415,433
143244441,21.3643,13.026,458,43687,0.299579,0.21,1,2072875,2072417,458
143247361,27.7457,20.8104,464,43735,0.293832,0.27,1,2072907,2072443,464
143250281,46.4983,27.5242,491,43783,0.291533,0.25,1,2072966,2072475,491
143264881,28.5504,36.327,456,44023,0.404486,0.21,1,2073143,2072687,456
143267801,25.8202,29.5308,455,44071,0.419794,0.25,1,2073167,2072712,455
143270721,27.1281,25.0123,461,44119,0.425918,0.23,1,2073195,2072734,461
143273641,28.8512,26.2049,464,44167,0.440367,0.27,1,2073225,2072761,464
143323281,31.6939,30.2962,447,44972,0.759077,0.51,2,2073728,2073281,447
143332041,30.5404,28.171,452,45113,0.784661,0.59,2,2073794,2073342,452
143334961,47.0162,46.6684,451,45160,0.835864,0.59,2,2073852,2073401,451
143337881,20.0065,19.8674,451,45207,0.856346,0.63,2,2073854,2073403,451
143340801,41.0026,40.9469,451,45254,0.888538,0.63,2,2073909,2073458,451
143565641,34.6389,37.9322,492,48710,0.88,1,2,2076297,2075805,492
143568561,36.6556,34.3729,498,48753,0.85,1,2,2076335,2075837,498
143571481,35.6622,32.3492,502,48796,0.754,1,2,2076370,2075868,502
143628421,303.026,349.158,443,21900,0.249616,0.07,1,2076913,2076470,443
143634261,109.564,112.265,452,22817,0.0579386,0.07,1,2077049,2076597,452
143637181,73.2257,74.9061,451,22910,0.0411754,0,1,2077098,2076647,451
143640101,80.8903,82.7625,449,23003,0.0164702,0.05,1,2077184,2076735,449
143643021,68.9561,68.505,451,23095,0.0485881,0.03,1,2077245,2076794,451
143645941,59.3824,76.002,423,23187,0.0254352,0,1,2077298,2076875,423
143648861,38.753,39.4008,433,23278,0.0281741,0.01,1,2077323,2076890,433
143651781,56.3012,29.5603,478,23369,0.0652696,0.05,1,2077391,2076913,478
143654701,69.9205,46.0241,500,23460,0.0441079,0.01,1,2077470,2076970,500
143657621,57.3682,65.8097,470,23550,0.0236431,0.03,1,2077519,2077049,470
143660541,76.3473,55.7239,510,23640,0.0394573,0,1,2077608,2077098,510
143663461,67.1389,73.8895,485,23730,0.0457829,0.07,1,2077669,2077184,485
143666381,56.8556,66.1558,474,23819,0.0363132,0.01,1,2077719,2077245,474
143669301,38.3422,58.2623,447,23908,0.0325253,0.03,1,2077745,2077298,447
143672221,16.5369,38.3049,424,23997,0.0310101,0.09,1,2077747,2077323,424
143675141,48.0148,56.122,425,24085,0.054404,0.03,1,2077816,2077391,425
143678061,64.8059,69.8488,422,24173,0.0397616,0.01,1,2077892,2077470,422
143680981,55.9224,57.3395,423,24261,0.0339046,0.05,1,2077942,2077519,423
143683901,76.3689,76.3358,424,24348,0.0435619,0.05,1,2078032,2077608,424
143686821,67.1476,67.1343,424,24435,0.0354247,0.03,1,2078093,2077669,424
143689741,55.659,56.8537,422,24522,0.0321699,0.03,1,2078141,2077719,422
143692661,38.4636,38.3415,423,24608,0.018868,0.03,1,2078168,2077745,423
143695581,16.5854,16.5366,423,24694,0.0375472,0.07,1,2078170,2077747,423
143698501,49.2342,48.0146,425,24780,0.0570189,0.03,1,2078241,2077816,425
143701421,63.4937,64.8059,422,24866,0.0408075,0.03,1,2078314,2077892,422
143704341,55.3975,55.9223,422,24951,0.022323,0.05,1,2078364,2077942,422
143707261,76.159,76.3689,422,25036,0.0149292,0.03,1,2078454,2078032,422
143710181,67.6636,67.1476,423,25121,0.0119717,0.03,1,2078516,2078093,423
143713101,55.2654,55.659,422,25205,0.0107887,0.01,1,2078563,2078141,422
143716021,38.3062,38.4636,422,25289,0.0223155,0.05,1,2078590,2078168,422
143718941,16.5225,16.5854,422,25373,0.0269262,0.07,1,2078592,2078170,422
143721861,51.009,49.2342,425,25457,0.0527705,0.07,1,2078666,2078241,425
143724781,61.8036,19.6937,494,25540,0.0511082,0.03,1,2078735,2078241,494
143727701,54.7214,51.6775,471,25623,0.0264433,0.01,1,2078785,2078314,471
143730621,75.8886,50.671,511,25706,0.0285773,0.01,1,2078875,2078364,511
143733541,67.5554,74.2684,483,25788,0.0294309,0.01,1,2078937,2078454,483
143736461,55.2222,66.9074,468,25870,0.0537724,0.01,1,2078984,2078516,468
143739381,38.2889,54.9629,448,25952,0.0515089,0.03,1,2079011,2078563,448
143742301,16.5155,38.1852,423,26034,0.0266036,0.03,1,2079013,2078590,423
143745221,51.6062,16.4741,496,26115,0.0406414,0.07,1,2079088,2078592,496
143748141,61.4425,50.9896,490,26196,0.0462566,0.05,1,2079156,2078666,490
143751061,55.177,61.7959,472,26277,0.0245026,0.01,1,2079207,2078735,472
143753981,76.0708,54.7183,512,26358,0.0638011,0.03,1,2079297,2078785,512
143774421,54.7988,61.4425,472,26915,0.0622192,0.01,1,2079628,2079156,472
143777341,23.1195,55.177,423,26994,0.0248877,0.09,1,2079630,2079207,423
143780261,65.0478,76.0708,426,27072,0.0999551,0.13,1,2079723,2079297,426
143783181,65.0191,68.2283,428,27150,0.093982,0.15,1,2079788,2079360,428
143797781,60.4028,60.4971,427,27538,0.212652,0.03,1,2080004,2079577,427
143800701,52.3611,54.7988,423,27615,0.235061,0,1,2080051,2079628,423
143803621,22.1444,23.1195,423,27692,0.244024,0.15,1,2080053,2079630,423
143806541,67.0578,65.0478,427,27768,0.27161,0.09,1,2080150,2079723,427
143809461,65.2231,65.0191,426,27844,0.282644,0.11,1,2080214,2079788,426
143841581,38.0146,54.0389,463,28669,0.405151,0.35,1,2080725,2080262,463
143844501,16.4058,37.8156,438,28743,0.40806,0.35,1,2080727,2080289,438
143847421,52.1623,16.3262,512,28817,0.433224,0.35,1,2080803,2080291,512
143885381,71.693,22.3944,551,29757,0.759797,0.53,2,2081470,2080919,551
143888301,71.8772,71.3578,519,29828,0.801919,0.57,2,2081542,2081023,519
143891221,29.9509,69.9431,452,29899,0.818768,0.61,2,2081544,2081092,452
143894141,41.3804,56.7772,453,29970,0.861507,0.65,2,2081593,2081140,453
143897061,32.7521,38.3109,454,30041,0.866603,0.65,2,2081620,2081166,454
143899981,14.3009,16.5244,454,30111,0.892641,0.73,2,2081622,2081168,454
143902901,55.5203,54.0097,458,30181,0.891056,0.73,2,2081705,2081247,458
144051821,31.1149,19.9209,527,33568,0.875375,1,2,2084083,2083556,527
144057661,42.6584,64.7473,477,33694,0.89726,0.99,2,2084159,2083682,477
144060581,43.4634,45.6989,488,33757,0.892904,1,2,2084203,2083715,488
144063501,40.1853,37.4796,494,33820,0.867162,1,2,2084241,2083747,494
144066421,49.0741,56.3918,480,33883,0.856865,0.99,2,2084296,2083816,480
144069341,74.8297,83.7567,470,33945,0.828746,1,2,2084388,2083918,470
144072261,49.1319,53.3027,469,34007,0.793498,0.85,2,2084420,2083951,469
144075181,34.6527,36.9211,468,34069,0.767399,0.95,2,2084445,2083977,468
144078101,42.6611,39.9684,474,34131,0.79296,0.95,2,2084493,2084019,474
144081021,38.0644,38.7874,471,34193,0.851184,0.83,2,2084528,2084057,471
144083941,29.0258,31.1149,468,34255,0.862474,0.83,2,2084551,2084083,468
144086861,23.0103,12.446,487,34317,0.830989,0.93,2,2084570,2084083,487
144089781,42.2041,18.1784,520,34379,0.830396,0.89,2,2084625,2084105,520
144092701,43.2816,39.6714,510,34441,0.866158,0.89,2,2084669,2084159,510
144095621,37.1127,42.2685,499,34502,0.868463,0.85,2,2084702,2084203,499
144098541,47.8451,39.7074,516,34563,0.893385,0.85,2,2084757,2084241,516
144247461,33.9989,39.1598,509,37555,0.260099,1,1,2086877,2086368,509
144253301,29.9198,33.5056,508,37667,0.0632159,1,1,2086937,2086429,508
144256221,28.1679,33.2022,502,37723,0.0432863,1,1,2086964,2086462,502
144262061,34.6269,35.5524,506,37835,0.0429258,1,1,2087037,2086531,506
144264981,34.8507,34.6209,507,37891,0.0231703,1,1,2087072,2086565,507
144267901,25.3403,34.2484,492,37947,0.0272681,0.95,1,2087091,2086599,492
144270821,38.9361,29.2994,514,38003,0.0169073,0.89,1,2087139,2086625,514
144273741,56.3745,40.5197,534,38059,0.0367629,0.49,1,2087207,2086673,534
144276661,47.1498,69.6079,486,38115,0.0147052,0.33,1,2087248,2086762,486
144279581,38.0599,60.2432,464,38170,0.0478821,0.25,1,2087280,2086816,464
144282501,29.024,44.4973,453,38225,0.0731528,0.21,1,2087303,2086850,453
144285421,29.6096,33.9989,456,38280,0.0352611,0.09,1,2087333,2086877,456
144288341,27.4438,32.7996,450,38335,0.0321045,0,1,2087359,2086909,450
144291261,26.5775,29.9198,448,38390,0.0188418,0.03,1,2087385,2086937,448
144294181,34.631,28.1679,461,38445,0.0375367,0.15,1,2087425,2086964,461
144297101,33.6524,34.0672,456,38500,0.0330147,0,1,2087458,2087002,456
144300021,35.061,34.6269,457,38555,0.0792059,0.01,1,2087494,2087037,457
144302941,24.8244,34.8507,440,38610,0.0616823,0.03,1,2087512,2087072,440
144305861,11.1298,25.3403,423,38665,0.0546729,0.01,1,2087514,2087091,423
144308781,33.2519,38.9361,423,38720,0.0638692,0.05,1,2087562,2087139,423
144311701,54.1008,56.3745,423,38775,0.0675477,0,1,2087630,2087207,423
144314621,48.0403,47.1498,426,38829,0.0450191,0.07,1,2087674,2087248,426
144317541,39.6161,38.0599,428,38883,0.0600076,0.09,1,2087708,2087280,428
144320461,27.8464,29.024,425,38937,0.0660031,0.01,1,2087728,2087303,425
144323381,27.9386,29.6096,423,38991,0.0804012,0.03,1,2087756,2087333,423
144326301,26.7754,27.4438,423,39045,0.0621605,0.01,1,2087782,2087359,423
144329221,25.7102,26.5775,422,39099,0.0428642,0.05,1,2087807,2087385,422
144332141,36.6841,34.631,426,39153,0.0231457,0.03,1,2087851,2087425,426
144335061,32.6736,33.6524,423,39207,0.0272583,0.11,1,2087881,2087458,423
144337981,36.4695,35.061,426,39261,0.0169033,0.05,1,2087920,2087494,426
144340901,23.5878,24.8244,423,39315,0.0367613,0.05,1,2087935,2087512,423
144343821,10.6351,11.1298,423,39369,0.0447045,0.07,1,2087937,2087514,423
144346741,33.654,33.2519,424,39423,0.0718818,0.07,1,2087986,2087562,424
144349661,54.8616,54.1008,425,39477,0.0707527,0.03,1,2088055,2087630,425
144352581,47.7446,48.0403,424,39530,0.0343011,0.07,1,2088098,2087674,424
144355501,40.0979,39.6161,425,39583,0.0437204,0.07,1,2088133,2087708,425
144358421,27.4391,27.8464,424,39636,0.0714882,0.09,1,2088152,2087728,424
144367181,25.8041,25.7102,423,39795,0.0729752,0.01,1,2088230,2087807,423
144370101,36.7216,36.6841,423,39848,0.0471901,0.03,1,2088274,2087851,423
144373021,32.0887,32.6736,422,39901,0.036876,0.01,1,2088303,2087881,422
144375941,36.8355,36.4695,423,39954,0.0327504,0.05,1,2088343,2087920,423
144378861,24.3342,23.5878,424,40007,0.0551002,0.05,1,2088359,2087935,424
144381781,10.9337,10.6351,424,40060,0.0640401,0.05,1,2088361,2087937,424
144384701,33.1735,4.25404,472,40113,0.055616,0.09,1,2088409,2087937,472
144387621,54.0694,31.1016,491,40166,0.0642464,0.07,1,2088477,2087986,491
144390541,46.8278,53.8406,464,40219,0.0916986,0.01,1,2088519,2088055,464
144393461,41.5311,47.3363,459,40271,0.0906794,0.05,1,2088557,2088098,459
144408061,35.5901,25.7999,465,40531,0.0835174,0.03,1,2088695,2088230,465
144410981,31.636,36.72,450,40583,0.0634069,0.03,1,2088724,2088274,450
144413901,37.2544,32.088,462,40635,0.0433628,0.03,1,2088765,2088303,462
144416821,24.5018,36.8352,438,40687,0.0353451,0.07,1,2088781,2088343,438
144419741,11.0007,24.3341,424,40739,0.032138,0.07,1,2088783,2088359,424
144422661,33.8003,10.9336,471,40791,0.0548552,0.05,1,2088832,2088361,471
144425581,54.9201,33.1735,492,40843,0.0759421,0.07,1,2088901,2088409,492
144451861,37.1109,31.636,463,41305,0.0900208,0.03,1,2089187,2088724,463
144454781,24.4443,37.2544,438,41356,0.0780083,0.03,1,2089203,2088765,438
144457701,10.9777,24.5018,424,41407,0.0732033,0.03,1,2089205,2088781,424
144460621,34.9911,11.0007,473,41458,0.0712813,0.07,1,2089256,2088783,473
144463541,55.9964,33.8003,494,41509,0.0825125,0.09,1,2089326,2088832,494
144466461,23.5986,54.9201,427,41560,0.099005,0.13,1,2089328,2088901,427
144469381,35.2394,47.168,428,41611,0.093602,0.17,1,2089371,2088943,428
144492741,35.6026,37.1109,425,42015,0.204066,0.07,1,2089612,2089187,425
144495661,23.8411,24.4443,425,42065,0.231626,0.07,1,2089628,2089203,425
144498581,10.7364,10.9777,425,42115,0.24265,0.07,1,2089630,2089205,425
144501501,34.8946,34.9911,425,42165,0.25906,0.09,1,2089681,2089256,425
144504421,57.1578,55.9964,427,42215,0.277624,0.11,1,2089753,2089326,427
144507341,24.0631,23.5986,427,42265,0.26105,0.09,1,2089755,2089328,427
144510261,34.8253,35.2394,426,42315,0.27842,0.15,1,2089797,2089371,426
144513181,40.9301,40.4958,427,42365,0.297368,0.13,1,2089842,2089415,427
144536541,24.6419,23.8411,432,42763,0.417095,0.25,1,2090060,2089628,432
144539461,11.0568,10.7364,432,42812,0.424838,0.27,1,2090062,2089630,432
144542381,36.2227,34.8946,434,42861,0.427935,0.29,1,2090115,2089681,434
144609541,31.0427,22.9194,485,43979,0.761509,0.57,2,2090860,2090375,485
144612461,31.0171,30.7678,480,44027,0.766604,0.57,2,2090891,2090411,480
144615381,37.0068,30.3071,491,44075,0.792641,0.59,2,2090932,2090441,491
144618301,26.8027,36.7228,470,44123,0.803057,0.63,2,2090952,2090482,470
144621221,11.9211,25.4891,454,44171,0.807223,0.63,2,2090954,2090500,454
144624141,39.5684,11.3957,510,44219,0.832889,0.67,2,2091012,2090502,510
144627061,60.2274,37.5583,529,44267,0.807156,0.69,2,2091086,2090557,529
144629981,25.2909,58.8233,458,44315,0.796862,0.69,2,2091088,2090630,458
144632901,35.3164,24.7293,498,44363,0.840745,0.71,2,2091130,2090632,498
144635821,41.7266,35.0917,502,44411,0.858298,0.71,2,2091176,2090674,502
144638741,29.8906,41.6367,478,44458,0.865319,0.71,2,2091198,2090720,478
144641661,13.1562,29.8547,458,44505,0.868128,0.69,2,2091200,2090742,458
144644581,26.8625,33.5419,458,44552,0.881251,0.73,2,2091236,2090778,458
144851901,42.2247,40.2616,491,47795,0.881927,1,2,2093480,2092989,491
144854821,47.4899,41.3046,500,47839,0.886771,1,2,2093531,2093031,500
144857741,38.7959,35.1219,502,47883,0.888708,1,2,2093564,2093062,502
144860661,32.3184,34.4487,496,47927,0.865483,0.93,2,2093592,2093096,496
144863581,22.5274,31.7795,482,47971,0.856193,0.99,2,2093608,2093126,482
144866501,25.2109,29.5118,481,48015,0.864477,1,2,2093635,2093154,481
144869421,31.0844,31.6047,483,48059,0.891791,1,2,2093670,2093187,483
144872341,26.8338,33.0419,473,48103,0.878716,0.92,2,2093694,2093221,473
144875261,25.1335,28.2168,472,48147,0.897487,0.95,2,2093718,2093246,472
144878181,16.0534,17.2867,472,48191,0.856995,0.94,2,2093728,2093256,472
144881101,20.2214,20.1147,473,48235,0.864798,0.94,2,2093751,2093278,473
144886941,31.5554,33.3383,473,48323,0.895568,0.95,2,2093824,2093351,473
145154121,42.9166,42.8413,450,24426,0.760879,0.55,2,2097008,2096558,450
145157041,36.3667,35.7365,451,24513,0.790351,0.61,2,2097040,2096589,451
145159961,40.3467,39.4946,452,24599,0.802141,0.63,2,2097083,2096631,452
145162881,50.3387,49.3978,453,24685,0.830856,0.63,2,2097140,2096687,453
145165801,57.9355,57.5591,453,24771,0.830342,0.73,2,2097203,2096750,453
145168721,83.7742,81.8237,456,24857,0.866137,0.73,2,2097304,2096848,456
145308881,38.2373,39.9365,508,28661,0.211224,1,1,2099930,2099422,508
145320561,68.8989,86.4672,511,28955,0.0947353,0.45,1,2100192,2099681,511
145323481,47.3595,74.1869,478,29028,0.0678941,0.41,1,2100225,2099747,478
145326401,36.9438,53.0747,469,29101,0.0331577,0.33,1,2100255,2099786,469
145329321,33.9775,39.8299,470,29174,0.0312631,0.33,1,2100287,2099817,470
145332241,37.591,38.732,472,29247,0.0665052,0.27,1,2100327,2099855,472
145335161,37.2364,37.0928,473,29319,0.0566021,0.15,1,2100364,2099891,473
145343921,75.2711,57.1179,515,29535,0.213623,0.11,1,2100554,2100039,515
145346841,66.1085,76.2472,486,29607,0.247449,0.07,1,2100614,2100128,486
145349761,46.2434,68.8989,455,29678,0.27298,0.05,1,2100647,2100192,455
145352681,37.6974,47.3595,454,29749,0.271192,0.01,1,2100679,2100225,454
145367281,33.651,34.6946,427,30103,0.402972,0.19,1,2100824,2100397,427
145370201,56.6604,54.6778,431,30173,0.407189,0.25,1,2100896,2100465,431
145373121,77.8642,75.2711,434,30243,0.444876,0.27,1,2100988,2100554,434
145437361,48.7676,69.1541,486,31747,0.761809,0.67,2,2101982,2101496,486
145440281,38.7071,48.0616,484,31814,0.778723,0.63,2,2102014,2101530,484
145443201,34.0828,38.4247,483,31881,0.797489,0.63,2,2102045,2101562,483
145446121,14.8331,33.3699,455,31947,0.780996,0.69,2,2102047,2101592,455
145449041,32.3333,14.5479,497,32013,0.774398,0.63,2,2102091,2101594,497
145451961,38.1333,32.8192,494,32079,0.795759,0.67,2,2102133,2101639,494
145454881,36.8533,36.5277,491,32145,0.852304,0.71,2,2102169,2101678,491
145457801,59.7413,35.6111,531,32211,0.886921,0.71,2,2102244,2101713,531
145603801,34.3785,39.9173,502,35344,0.894198,1,2,2104464,2103962,502
145606721,32.3514,31.5669,507,35404,0.855679,1,2,2104495,2103988,507
145609641,32.1406,27.6268,514,35464,0.852272,1,2,2104527,2104013,514
145612561,32.6562,33.2507,510,35524,0.826909,1,2,2104560,2104050,510
145615481,25.0625,32.5003,498,35584,0.816763,1,2,2104580,2104082,498
145618401,24.425,28.0001,497,35643,0.752705,1,2,2104604,2104107,497
145670961,36.6982,36.4791,458,36696,0.753445,0.75,2,2105359,2104901,458
145673881,30.8793,31.3916,457,36754,0.763378,0.67,2,2105386,2104929,457
145676801,26.1517,27.5566,455,36811,0.755351,0.71,2,2105409,2104954,455
145679721,31.4607,30.2227,458,36868,0.76414,0.71,2,2105444,2104986,458
145682641,34.1843,34.2891,457,36925,0.755656,0.73,2,2105480,2105023,457
145694321,63.8511,65.7114,454,37153,0.765889,0.69,2,2105638,2105184,454
145697241,65.1404,26.2846,520,37210,0.780356,0.73,2,2105704,2105184,520
145700161,54.2562,49.5138,502,37267,0.798142,0.73,2,2105751,2105249,502
145703081,39.7025,46.8055,487,37324,0.817257,0.73,2,2105781,2105294,487
145706001,38.081,36.7222,494,37381,0.812903,0.77,2,2105818,2105324,494
145708921,31.4324,35.6889,486,37438,0.835161,0.77,2,2105845,2105359,486
145711841,25.773,30.4756,481,37494,0.844064,0.75,2,2105867,2105386,481
145714761,30.7092,25.9902,492,37550,0.847626,0.77,2,2105901,2105409,492
145717681,33.2837,31.3961,492,37606,0.88505,0.75,2,2105936,2105444,492
145723521,21.5254,25.6634,475,37718,0.894008,0.73,2,2105975,2105500,475
145843241,61.8832,60.9405,492,39950,0.862,1,2,2107603,2107111,492
145860761,32.7971,21.797,529,40268,0.262107,1,1,2107812,2107283,529
145866601,23.7275,30.4875,507,40372,0.0503371,1,1,2107856,2107349,507
145869521,23.891,25.995,508,40424,0.0201348,1,1,2107880,2107372,508
145872441,29.3564,29.598,509,40476,0.0140539,1,1,2107913,2107404,509
145875361,30.9426,31.6392,508,40528,0.0116216,1,1,2107945,2107437,508
145878281,47.777,31.2557,536,40580,0.00464863,1,1,2108004,2107468,536
145881201,53.3108,52.7023,526,40632,0.00785945,0.77,1,2108061,2107535,526
145884121,53.7243,61.8809,512,40684,0.0451438,0.65,1,2108115,2107603,512
145887041,38.8897,63.1524,477,40736,0.0840575,0.49,1,2108144,2107667,477
145904561,21.9359,26.3188,443,41047,0.0662099,0.01,1,2108277,2107834,443
145907481,25.5744,23.7275,449,41098,0.026484,0,1,2108305,2107856,449
145910401,28.8297,23.891,456,41149,0.0405936,0.01,1,2108336,2107880,456
145913321,30.1319,29.3564,454,41200,0.0462374,0.01,1,2108367,2107913,454
145916241,48.6528,30.9426,483,41251,0.024495,0,1,2108428,2107945,483
145919161,52.4611,47.777,479,41302,0.015798,0.01,1,2108483,2108004,479
145922081,53.9844,53.3108,477,41353,0.0963192,0.07,1,2108538,2108061,477
145936681,24.7947,26.2489,431,41608,0.203556,0.13,1,2108638,2108207,431
145939601,26.7179,29.0996,428,41659,0.231422,0.11,1,2108666,2108238,428
145942521,19.0872,21.8398,425,41710,0.242569,0.03,1,2108680,2108255,425
145945441,19.0349,21.9359,422,41761,0.259028,0,1,2108699,2108277,422
145957121,50.0329,48.6528,425,41962,0.0851111,0.01,1,2108853,2108428,425
145960041,52.4132,52.4611,424,42012,0.0520444,0.15,1,2108907,2108483,424
145962961,55.7653,53.9844,427,42062,0.0208178,0.11,1,2108965,2108538,427
145965881,42.1061,40.7938,428,42112,0.0383271,0.15,1,2108998,2108570,428
145968801,30.0424,28.9175,429,42162,0.0213308,0.17,1,2109020,2108591,429
145971721,18.017,16.967,430,42212,0.0385323,0.17,1,2109030,2108600,430
145974641,8.40679,7.9868,430,42262,0.0694129,0.23,1,2109032,2108602,430
145977561,26.7627,24.7947,433,42312,0.0457652,0.25,1,2109071,2108638,433
145980481,28.1051,26.7179,434,42362,0.0723061,0.25,1,2109100,2108666,434
145986321,18.6568,19.0349,433,42462,0.096769,0.15,1,2109132,2108699,433
145998001,47.196,50.0329,422,42662,0.0624293,0.03,1,2109275,2108853,422
146000921,51.2784,52.4132,422,42711,0.0309717,0,1,2109329,2108907,422
146003841,55.3114,55.7653,422,42760,0.0303887,0.05,1,2109387,2108965,422
146006761,41.9245,42.1061,422,42809,0.0541555,0.01,1,2109420,2108998,422
146009681,31.1698,30.0424,424,42858,0.0516622,0.05,1,2109444,2109020,424
146012601,18.4679,18.017,424,42907,0.0506649,0.09,1,2109454,2109030,424
146015521,8.58717,8.40679,424,42956,0.0502659,0.03,1,2109456,2109032,424
146018441,26.8349,26.7627,424,43005,0.0861064,0.03,1,2109495,2109071,424
146059321,28.0633,8.58706,464,43688,0.20115,0.11,1,2109920,2109456,464
146062241,29.8253,26.8348,456,43736,0.23046,0.11,1,2109951,2109495,456
146065161,20.9301,28.7339,441,43784,0.230184,0.11,1,2109966,2109525,441
146068081,19.172,19.8936,445,43832,0.266074,0.13,1,2109984,2109539,445
146091441,32.7275,41.5345,455,44216,0.402718,0.19,1,2110297,2109842,455
146094361,19.091,31.6138,440,44264,0.407087,0.19,1,2110307,2109867,440
146097281,8.8364,18.6455,432,44312,0.408835,0.19,1,2110309,2109877,432
146100201,29.3346,8.65821,473,44360,0.421534,0.21,1,2110352,2109879,473
146103121,30.9338,28.0633,464,44408,0.414614,0.25,1,2110384,2109920,464
146106041,20.7735,29.8253,447,44456,0.423845,0.23,1,2110398,2109951,447
146108961,9.50941,20.9301,434,44503,0.427538,0.29,1,2110400,2109966,434
146190721,31.5337,31.8985,452,45810,0.757958,0.65,2,2111279,2110827,452
146193641,21.0135,21.1594,452,45856,0.801183,0.65,2,2111293,2110841,452
146196561,9.6054,9.66376,452,45902,0.818473,0.63,2,2111295,2110843,452
146199481,17.6422,18.2655,451,45948,0.789389,0.63,2,2111318,2110867,451
146202401,25.6569,7.3062,482,45994,0.801756,0.63,2,2111349,2110867,482
146205321,29.4627,21.5225,483,46040,0.794702,0.65,2,2111381,2110898,483
146208241,28.5851,27.809,479,46086,0.803881,0.65,2,2111409,2110930,479
146211161,50.434,27.9236,516,46132,0.843552,0.65,2,2111474,2110958,516
146214081,50.1736,48.3694,504,46178,0.871421,0.69,2,2111524,2111020,504
146370301,24.3943,27.5551,506,48582,0.8848,1,2,2113188,2112682,506
146421401,297.758,321.222,469,21900,0.41992,0.84,1,2113668,2113199,469
146433081,87.9842,96.5961,473,23003,0.25243,0.23,1,2113963,2113490,473
146436001,75.3937,87.8384,458,23095,0.262972,0.11,1,2114030,2113572,458
146438921,63.7575,75.9354,446,23187,0.255189,0.11,1,2114086,2113640,446
146441841,27.903,42.9741,429,23278,0.252076,0.11,1,2114090,2113661,429
146506081,64.9013,64.9731,448,25205,0.751185,0.57,2,2115420,2114972,448
146509001,28.3605,28.3892,448,25289,0.774474,0.57,2,2115424,2114976,448
146511921,12.5442,12.5557,448,25373,0.78379,0.63,2,2115426,2114978,448
146514841,58.4177,56.0223,452,25457,0.811516,0.63,2,2115515,2115063,452
146517761,58.7671,22.4089,511,25540,0.810606,0.63,2,2115574,2115063,511
146520681,67.9068,43.7636,527,25623,0.870243,0.73,2,2115648,2115121,527
146611201,36.2729,31.0263,499,28072,0.889648,1,2,2117384,2116885,499
146614121,34.3091,41.2105,484,28147,0.865859,1,2,2117417,2116933,484
146617041,49.1237,54.8842,479,28222,0.832344,1,2,2117476,2116997,479
146637481,35.661,48.0367,494,28743,0.430609,0.87,1,2117850,2117356,494
146640401,33.4644,36.0147,498,28817,0.430244,0.85,1,2117882,2117384,498
146643321,43.9858,34.2059,516,28890,0.418097,0.81,1,2117933,2117417,516
146646241,54.1943,49.0823,518,28963,0.413239,0.63,1,2117994,2117476,518
146652081,69.6311,40.0132,542,29109,0.405718,0.53,1,2118110,2117568,542
146655001,60.8524,70.0053,507,29182,0.408287,0.55,1,2118165,2117658,507
146690041,41.116,45.3764,449,30041,0.75687,0.57,2,2118713,2118264,449
146722161,32.248,33.8464,455,30806,0.785386,0.71,2,2119197,2118742,455
146725081,33.2992,33.9386,455,30875,0.800154,0.71,2,2119231,2118776,455
146728001,43.3197,43.5754,455,30944,0.806062,0.65,2,2119281,2118826,455
146730921,53.3279,55.2302,452,31012,0.868425,0.65,2,2119341,2118889,452
146733841,36.9311,37.6921,452,31080,0.89337,0.71,2,2119367,2118915,452
146836041,40.9936,47.2076,487,33379,0.874,1,2,2121019,2120532,487
146838961,41.5974,39.8831,494,33442,0.8716,1,2,2121061,2120567,494
146841881,35.239,30.9532,500,33505,0.87064,1,2,2121092,2120592,500
146844801,33.2956,29.1813,504,33568,0.822256,1,2,2121124,2120620,504
146847721,28.3182,30.2725,498,33631,0.790902,1,2,2121149,2120651,498
146859401,69.4801,69.775,492,33883,0.447591,1,1,2121366,2120874,492
146868161,33.1267,40.9936,465,34069,0.286646,0.87,1,2121484,2121019,465
146871081,40.2507,41.5974,468,34131,0.264658,0.87,1,2121529,2121061,468
146874001,34.1003,35.239,467,34193,0.267863,0.79,1,2121559,2121092,467
146876921,29.8401,33.2956,462,34255,0.257145,0.79,1,2121586,2121124,462
146879841,27.536,13.3182,488,34317,0.228858,0.77,1,2121612,2121124,488
146882761,27.2144,20.3273,490,34379,0.229543,0.71,1,2121639,2121149,490
146885681,42.0858,27.9309,509,34441,0.205817,0.53,1,2121691,2121182,509
146888601,34.8343,48.9724,476,34502,0.220327,0.53,1,2121721,2121245,476
146891521,61.9337,38.1889,525,34563,0.250131,0.37,1,2121801,2121276,525
146894441,67.3735,69.2756,506,34624,0.250052,0.35,1,2121872,2121366,506
146897361,38.3494,66.7102,460,34685,0.238021,0.31,1,2121891,2121431,460
146900281,30.3398,42.2841,459,34746,0.269208,0.25,1,2121916,2121457,459
146911961,26.8071,29.8393,457,34990,0.403132,0.21,1,2122043,2121586,457
146914881,26.3228,27.5357,457,35050,0.431253,0.23,1,2122069,2121612,457
146917801,41.1291,27.2143,481,35110,0.442501,0.19,1,2122120,2121639,481
146987881,40.0765,38.8333,455,36527,0.755087,0.71,2,2123019,2122564,455
146990801,37.6306,37.1333,455,36585,0.764035,0.71,2,2123055,2122600,455
146993721,64.8522,64.6533,455,36643,0.803614,0.63,2,2123138,2122683,455
146996641,69.1409,70.2613,453,36701,0.831446,0.63,2,2123210,2122757,453
146999561,39.6564,40.1045,453,36759,0.818578,0.65,2,2123230,2122777,453
147002481,32.6625,33.4418,452,36816,0.813431,0.65,2,2123258,2122806,452
147005401,41.265,41.5767,452,36873,0.835373,0.63,2,2123305,2122853,452
147008321,35.106,34.6307,453,36930,0.892149,0.65,2,2123336,2122883,453
147151401,39.2934,40.7735,487,39636,0.85096,1,2,2125213,2124726,487
147154321,36.1173,33.7094,492,39689,0.802384,1,2,2125247,2124755,492
147180601,60.5005,41.6039,553,40166,0.431792,1,1,2125580,2125027,553
147183521,43.4002,66.4415,502,40219,0.406717,0.96,1,2125612,2125110,502
147195201,27.9766,36.0497,486,40427,0.40502,0.63,1,2125733,2125247,486
147198121,31.5907,32.4199,490,40479,0.408008,0.67,1,2125767,2125277,490
147201041,31.8363,37.568,481,40531,0.409203,0.61,1,2125799,2125318,481
147203961,28.3345,36.0272,472,40583,0.445681,0.67,1,2125825,2125353,472
147253601,38.8338,27.1094,492,41458,0.773163,0.55,2,2126396,2125904,492
147256521,58.7335,37.2438,520,41509,0.795265,0.57,2,2126468,2125948,520
147259441,24.6934,57.4975,451,41560,0.804106,0.61,2,2126470,2126019,451
147262361,28.4774,42.199,450,41611,0.819642,0.57,2,2126501,2126051,450
147265281,27.5909,30.0796,455,41662,0.837857,0.65,2,2126528,2126073,455
147268201,36.2364,36.6318,456,41713,0.845143,0.71,2,2126570,2126114,456
147271121,36.0946,35.6527,457,41764,0.860057,0.73,2,2126606,2126149,457
147274041,30.6378,29.8611,458,41815,0.866023,0.75,2,2126633,2126175,458
147276961,31.4551,30.5444,459,41865,0.844409,0.75,2,2126665,2126206,459
147279881,32.9821,32.6178,459,41915,0.859764,0.75,2,2126699,2126240,459
147282801,30.5928,30.4471,459,41965,0.877905,0.73,2,2126728,2126269,459
147285721,25.4371,24.7788,460,42015,0.861162,0.75,2,2126750,2126290,460
147288641,29.9749,29.7115,460,42065,0.854465,0.75,2,2126783,2126323,460
147291561,27.5899,28.0846,459,42115,0.851786,0.79,2,2126809,2126350,459
147460921,39.0078,43.4958,489,44928,0.8788,1,2,2128758,2128269,489
147472601,34.8338,28.3439,511,45116,0.419121,1,1,2128930,2128419,511
147475521,30.7335,32.9376,503,45163,0.425649,1,1,2128958,2128455,503
147478441,31.4934,29.375,508,45210,0.416259,1,1,2128990,2128482,508
147481361,32.3974,27.95,514,45257,0.436504,1,1,2129023,2128509,514
147487201,16.8236,32.192,483,45351,0.445441,1,1,2129058,2128575,483
147498881,21.6755,28.5489,468,45536,0.416571,0.97,1,2129156,2128688,468
147501801,20.0702,24.0196,466,45582,0.412629,0.81,1,2129175,2128709,466
147504721,34.4281,39.0078,461,45628,0.423051,0.61,1,2129219,2128758,461
147507641,46.7712,53.4031,453,45674,0.439221,0.55,1,2129274,2128821,453
147571881,28.4651,32.356,472,46679,0.773516,0.51,2,2129938,2129466,472
147574801,17.386,27.3424,458,46724,0.783406,0.55,2,2129948,2129490,458
147577721,23.7544,16.937,476,46769,0.811363,0.53,2,2129976,2129500,476
147580641,23.9018,25.3748,469,46814,0.822545,0.49,2,2130000,2129531,469
147583561,23.9607,23.3499,471,46859,0.839018,0.53,2,2130024,2129553,471
147586481,20.3843,23.74,465,46904,0.857607,0.51,2,2130042,2129577,465
147589401,20.1537,20.896,466,46949,0.877043,0.49,2,2130062,2129596,466
147796721,34.1251,32.701,514,50035,0.848648,1,2,2132234,2131720,514
147799641,34.65,34.0804,514,50077,0.801459,1,2,2132269,2131755,514
147802561,33.06,36.4322,508,50119,0.782584,1,2,2132301,2131793,508
147805481,31.824,30.1729,513,50161,0.775033,1,2,2132332,2131819,513
147808401,29.5296,30.0691,511,50203,0.772013,1,2,2132360,2131849,511
147814241,19.3647,24.1311,505,50287,0.767922,1,2,2132400,2131895,505
147817161,13.1459,12.6524,509,50329,0.769169,1,2,2132409,2131900,509
147823001,9.42334,20.7444,481,50413,0.760267,1,2,2132426,2131945,481
147825921,19.9693,22.0978,485,50455,0.778107,1,2,2132453,2131968,485
147828841,26.5877,31.6391,478,50497,0.761243,1,2,2132484,2132006,478
147831761,36.4351,39.6556,476,50539,0.766497,1,2,2132527,2132051,476
147834681,37.374,42.2623,470,50581,0.756599,0.94,2,2132565,2132095,470
147837601,31.7496,36.7049,465,50623,0.75264,0.96,2,2132593,2132128,465
147860961,27.2334,27.4118,463,50955,0.754876,0.79,2,2132849,2132386,463
147866801,10.8373,13.1459,458,51037,0.75798,0.73,2,2132867,2132409,458
147869721,9.73494,10.0584,459,51078,0.765192,0.77,2,2132876,2132417,459
147872641,10.494,9.42334,461,51119,0.768077,0.79,2,2132887,2132426,461
147875561,17.9976,19.9693,457,51160,0.757231,0.75,2,2132910,2132453,457
147878481,26.999,26.5877,459,51201,0.764892,0.77,2,2132943,2132484,459
147881401,37.1996,36.4351,460,51242,0.767957,0.75,2,2132987,2132527,460
147884321,35.8798,37.374,457,51283,0.805183,0.75,2,2133022,2132565,457
147887241,32.3519,31.7496,459,51324,0.796073,0.65,2,2133052,2132593,459
147890161,33.9408,36.0998,455,51365,0.828429,0.75,2,2133087,2132632,455
147893081,34.5763,34.2399,457,51406,0.829372,0.75,2,2133122,2132665,457
147896001,31.8305,31.696,457,51447,0.841749,0.73,2,2133152,2132695,457
147898921,34.3322,33.6784,458,51488,0.870699,0.75,2,2133188,2132730,458
147901841,32.9329,33.2714,457,51529,0.88228,0.73,2,2133220,2132763,457
148081421,333.809,341.511,515,24820,0.77224,0.97,2,2134907,2134392,515
148119381,61.3586,79.3529,495,25908,0.762364,0.53,2,2135688,2135193,495
148122301,52.1434,59.9412,494,25990,0.814946,0.63,2,2135734,2135240,494
148125221,40.6574,49.7765,484,26072,0.835978,0.61,2,2135767,2135283,484
148128141,36.6629,39.1106,486,26153,0.880391,0.61,2,2135801,2135315,486
148282901,54.0239,43.1958,498,30147,0.25144,1,1,2138633,2138135,498
148291661,52.9455,59.4045,482,30357,0.0453722,1,1,2138784,2138302,482
148294581,43.3782,43.5618,486,30427,0.0361489,1,1,2138821,2138335,486
148297501,32.3513,38.4247,476,30497,0.0324595,0.95,1,2138846,2138370,476
148300421,26.1405,30.3699,473,30566,0.0189838,0.87,1,2138868,2138395,473
148303341,41.6562,51.748,459,30635,0.0255935,0.45,1,2138920,2138461,459
148306261,59.2625,72.8992,443,30704,0.0162374,0.35,1,2138991,2138548,443
148309181,34.505,43.5597,437,30773,0.024495,0.11,1,2139009,2138572,437
148312101,42.602,54.0239,424,30842,0.039798,0.03,1,2139057,2138633,424
148315021,40.4408,44.4095,425,30911,0.0219192,0.11,1,2139096,2138671,425
148317941,52.1763,54.3638,424,30979,0.0507677,0,1,2139156,2138732,424
148320861,53.2705,52.9455,426,31047,0.0383071,0.03,1,2139210,2138784,426
148323781,42.3082,43.3782,424,31115,0.0333228,0.03,1,2139245,2138821,424
148326701,31.3233,32.3513,423,31183,0.0133291,0.01,1,2139269,2138846,423
148329621,25.7293,26.1405,423,31251,0.0353317,0.03,1,2139291,2138868,423
148332541,41.4917,41.6562,423,31319,0.0201327,0.03,1,2139343,2138920,423
148335461,57.9967,16.6625,492,31387,0.0740531,0.01,1,2139412,2138920,492
148341301,43.5995,30.506,471,31521,0.0970485,0.05,1,2139480,2139009,471
148344221,39.6398,41.0024,460,31588,0.0688194,0.01,1,2139517,2139057,460
148347141,51.8559,39.801,481,31655,0.0575278,0.07,1,2139577,2139096,481
148350061,53.7424,51.9204,476,31722,0.0650111,0.03,1,2139632,2139156,476
148355901,31.1588,42.2673,445,31856,0.0956018,0,1,2139690,2139245,445
148358821,25.6635,31.3069,443,31922,0.0682407,0.05,1,2139712,2139269,443
148361741,42.6654,25.7228,475,31988,0.0452963,0.01,1,2139766,2139291,475
148364661,60.2662,41.4891,495,32054,0.0601185,0.11,1,2139838,2139343,495
148367581,34.3065,57.9956,443,32120,0.0900474,0.13,1,2139855,2139412,443
148373421,37.289,43.5993,458,32252,0.0876076,0.05,1,2139938,2139480,458
148376341,52.1156,39.6397,483,32318,0.089043,0.05,1,2140000,2139517,483
148379261,54.4462,51.8559,479,32383,0.0776172,0.07,1,2140056,2139577,479
148440581,50.7498,51.9638,429,33728,0.232787,0.15,1,2140855,2140426,429
148443501,52.6999,54.3855,427,33791,0.267115,0.11,1,2140909,2140482,427
148446421,43.88,45.7542,425,33854,0.256846,0.11,1,2140947,2140522,425
148449341,29.552,30.3017,425,33916,0.288738,0.11,1,2140967,2140542,425
148469781,32.8717,33.5745,458,34350,0.414992,0.19,1,2141222,2140764,458
148472701,52.7487,30.2298,496,34412,0.435997,0.27,1,2141288,2140792,496
148475621,53.4995,49.8919,487,34473,0.420399,0.29,1,2141342,2140855,487
148478541,44.1998,52.3568,471,34534,0.42616,0.25,1,2141380,2140909,471
148516501,27.3203,30.8799,468,35321,0.760633,0.49,2,2141870,2141402,468
148519421,47.5281,26.152,506,35381,0.802253,0.55,2,2141931,2141425,506
148522341,67.6113,45.2608,529,35441,0.842901,0.61,2,2142012,2141483,529
148525261,28.2445,63.7043,455,35501,0.859161,0.61,2,2142014,2141559,455
148528181,23.8978,26.6817,474,35561,0.853664,0.65,2,2142035,2141561,474
148531101,41.9591,22.6727,508,35620,0.887466,0.65,2,2142089,2141581,508
148539861,45.6454,52.4511,458,35797,0.884558,0.75,2,2142187,2141729,458
148560301,29.0155,28.2445,465,36209,0.896974,0.85,2,2142479,2142014,465
148563221,24.8062,23.8978,466,36267,0.88079,0.91,2,2142501,2142035,466
148700461,56.4712,69.2275,472,38911,0.79,1,2,2144355,2143883,472
148712141,28.5609,29.233,505,39127,0.221104,1,1,2144505,2144000,505
148717981,33.4897,32.9973,503,39235,0.0725766,1,1,2144570,2144067,503
148720901,40.9959,48.5989,490,39289,0.0350307,1,1,2144616,2144126,490
148723821,39.1984,38.6396,496,39343,0.0320123,1,1,2144654,2144158,496
148726741,33.6793,34.6558,494,39397,0.0308049,1,1,2144684,2144190,494
148729661,29.0717,31.8623,490,39451,0.042322,1,1,2144710,2144220,490
148732581,26.6287,31.9449,483,39505,0.0229288,0.9,1,2144735,2144252,483
148735501,22.6515,30.178,474,39558,0.0271715,0.69,1,2144755,2144281,474
148738421,44.4606,56.4712,459,39611,0.0288686,0.45,1,2144814,2144355,459
148741341,45.9842,57.3885,448,39664,0.0175474,0.45,1,2144861,2144413,448
148744261,38.7937,45.7554,444,39717,0.049019,0.31,1,2144895,2144451,444
148747181,29.3175,36.9022,436,39770,0.0856076,0.11,1,2144918,2144482,436
148750101,19.527,28.5609,426,39823,0.064243,0.03,1,2144931,2144505,426
148753021,23.4108,28.2243,424,39876,0.0436972,0.05,1,2144957,2144533,424
148755941,31.5643,33.4897,424,39929,0.0234789,0.01,1,2144994,2144570,424
148758861,39.0257,40.9959,422,39982,0.0153916,0.03,1,2145038,2144616,422
148761781,38.4103,39.1984,422,40035,0.00615662,0.03,1,2145076,2144654,422
148764701,33.3641,33.6793,422,40088,0.0204626,0.03,1,2145106,2144684,422
148767621,29.5456,13.4717,449,40141,0.0381851,0.05,1,2145133,2144684,449
148770541,26.2183,20.9887,447,40194,0.045274,0.01,1,2145157,2144710,447
148773461,21.8873,23.3955,441,40247,0.0241096,0.03,1,2145176,2144735,441
148776381,44.1549,21.3582,480,40299,0.0156438,0.03,1,2145235,2144755,480
148779301,45.862,43.9433,468,40351,0.0482575,0.01,1,2145282,2144814,468
148782221,40.5448,45.7773,458,40403,0.085303,0.07,1,2145319,2144861,458
148793901,31.0907,23.4055,458,40611,0.0868078,0.01,1,2145415,2144957,458
148796821,38.8363,31.5622,465,40663,0.0527231,0.01,1,2145459,2144994,465
148799741,38.3345,39.0249,459,40715,0.0270892,0,1,2145497,2145038,459
148802661,33.3338,38.41,451,40767,0.0108357,0.03,1,2145527,2145076,451
148805581,30.1335,33.364,449,40819,0.0103343,0.05,1,2145555,2145106,449
148808501,25.8534,29.5456,445,40871,0.0341337,0.05,1,2145578,2145133,445
148811421,21.7414,26.2182,440,40923,0.0316535,0.01,1,2145597,2145157,440
148814341,44.6965,21.8873,481,40975,0.0186614,0.01,1,2145657,2145176,481
148817261,45.4786,44.1549,468,41027,0.0374646,0.07,1,2145703,2145235,468
148820181,42.1914,45.862,461,41078,0.0449858,0.11,1,2145743,2145282,461
148823101,33.0766,40.5448,451,41129,0.0239943,0.11,1,2145770,2145319,451
148826021,20.4306,29.4179,441,41180,0.0275977,0.15,1,2145782,2145341,441
148828941,22.5723,19.5672,452,41231,0.0410391,0.15,1,2145806,2145354,452
148831861,27.0289,22.2269,458,41282,0.0584156,0.05,1,2145836,2145378,458
148834781,37.8116,31.0907,466,41333,0.0413663,0.03,1,2145881,2145415,466
148837701,37.3246,38.8363,459,41384,0.0345465,0.01,1,2145918,2145459,459
148840621,33.5298,38.3345,452,41435,0.0318186,0,1,2145949,2145497,452
148843541,30.2119,33.3338,450,41486,0.0427274,0.01,1,2145977,2145527,450
148846461,25.2848,30.1335,444,41537,0.035091,0.05,1,2145999,2145555,444
148849381,11.3139,25.8534,423,41588,0.0320364,0.03,1,2146001,2145578,423
148852301,15.9256,21.7414,423,41639,0.0428146,0.01,1,2146020,2145597,423
148855221,42.3702,44.6965,423,41690,0.0471258,0.05,1,2146080,2145657,423
148858141,43.9481,45.4786,422,41741,0.0728503,0.05,1,2146125,2145703,422
148861061,42.7792,42.1914,424,41792,0.0591401,0.01,1,2146167,2145743,424
148863981,32.7117,33.0766,423,41843,0.053656,0.03,1,2146193,2145770,423
148866901,20.2847,20.4306,423,41893,0.0274624,0.05,1,2146205,2145782,423
148869821,23.1139,22.5723,424,41943,0.028985,0.07,1,2146230,2145806,424
148872741,26.6455,27.0289,423,41993,0.041594,0.03,1,2146259,2145836,423
148875661,37.6582,37.8116,423,42043,0.0346376,0.03,1,2146304,2145881,423
148878581,36.6633,37.3246,422,42093,0.043855,0.03,1,2146340,2145918,422
148881501,33.2653,33.5298,422,42143,0.035542,0.05,1,2146371,2145949,422
148884421,30.1061,30.2119,422,42193,0.0562168,0.03,1,2146399,2145977,422
148887341,25.8424,25.2848,423,42243,0.0284867,0.03,1,2146422,2145999,423
148890261,11.537,11.3139,423,42293,0.0173947,0.05,1,2146424,2146001,423
148893181,16.0148,15.9256,423,42343,0.0369579,0.05,1,2146443,2146020,423
148896101,41.8059,42.3702,422,42393,0.0447831,0.09,1,2146502,2146080,422
148899021,43.7224,43.9481,422,42443,0.0599133,0.05,1,2146547,2146125,422
148901941,42.6889,42.7792,422,42493,0.0419653,0.05,1,2146589,2146167,422
148904861,32.6756,32.7117,422,42543,0.0707861,0.01,1,2146615,2146193,422
148907781,20.2702,20.2847,422,42593,0.0823144,0.03,1,2146627,2146205,422
148910701,23.7081,23.1139,423,42643,0.0869258,0.05,1,2146653,2146230,423
148919461,35.9573,36.6633,422,42790,0.0643632,0.03,1,2146762,2146340,422
148922381,32.9829,33.2653,422,42839,0.0437453,0.07,1,2146793,2146371,422
148925301,30.5932,30.1061,423,42888,0.0354981,0.01,1,2146822,2146399,423
148928221,25.4373,25.8424,422,42937,0.0561992,0.01,1,2146844,2146422,422
148931141,11.3749,11.537,422,42986,0.0644797,0.01,1,2146846,2146424,422
148934061,15.35,4.61479,440,43035,0.0437919,0.05,1,2146864,2146424,440
148936981,41.54,13.2459,480,43084,0.0475168,0.05,1,2146923,2146443,480
148939901,44.216,40.6984,467,43133,0.0370067,0.07,1,2146969,2146502,467
148942821,42.8864,43.2793,464,43182,0.0328027,0.03,1,2147011,2146547,464
148945741,33.3546,42.5117,449,43231,0.0551211,0.09,1,2147038,2146589,449
148948661,20.5418,32.6047,435,43280,0.0640484,0.09,1,2147050,2146615,435
148951581,24.4167,20.2419,450,43329,0.0796194,0.09,1,2147077,2146627,450
148954501,30.1667,23.6968,458,43378,0.0618478,0.15,1,2147111,2146653,458
148957421,36.0667,27.4787,468,43427,0.0547391,0.11,1,2147151,2146683,468
148960341,33.6267,37.3915,456,43476,0.0758956,0.03,1,2147183,2146727,456
148963261,32.0507,35.9566,452,43525,0.0483583,0.03,1,2147214,2146762,452
148966181,30.8203,32.9826,451,43573,0.0373433,0.03,1,2147244,2146793,451
148969101,25.5281,30.5931,444,43621,0.0569373,0.07,1,2147266,2146822,444
148972021,11.4112,25.4372,424,43669,0.0647749,0.07,1,2147268,2146844,424
148974941,15.3645,11.3749,440,43717,0.09191,0.03,1,2147286,2146846,440
149036261,24.1568,23.9028,428,44719,0.214114,0.13,1,2147928,2147500,428
149039181,30.6627,29.9611,429,44766,0.247646,0.15,1,2147963,2147534,429
149042101,36.2651,37.1844,427,44813,0.273058,0.15,1,2148003,2147576,427
149045021,32.506,31.6738,429,44860,0.283223,0.15,1,2148033,2147604,429
149053781,26.5124,26.3391,428,45001,0.286206,0.13,1,2148118,2147690,428
149056701,11.805,11.7356,428,45048,0.276483,0.09,1,2148120,2147692,428
149059621,16.122,16.6943,427,45095,0.284593,0.13,1,2148139,2147712,427
149071301,41.7887,40.325,431,45283,0.412646,0.19,1,2148294,2147863,431
149074221,32.3155,31.73,431,45330,0.423058,0.19,1,2148320,2147889,431
149077141,20.7262,19.892,432,45377,0.415223,0.23,1,2148333,2147901,432
149080061,25.0905,24.1568,433,45423,0.412089,0.27,1,2148361,2147928,433
149155981,38.4225,19.0381,499,46613,0.799298,0.59,2,2149138,2148639,499
149158901,44.169,37.0152,498,46658,0.805719,0.61,2,2149186,2148688,498
149161821,33.2676,42.4061,478,46703,0.832288,0.63,2,2149212,2148734,478
149164741,20.507,32.5624,464,46748,0.854915,0.63,2,2149224,2148760,464
149167661,25.0028,20.225,480,46793,0.863966,0.63,2,2149252,2148772,480
149170581,32.8011,24.89,490,46838,0.867586,0.63,2,2149290,2148800,490
149173501,40.1205,32.756,497,46883,0.857035,0.63,2,2149335,2148838,497
149176421,34.6482,39.5024,484,46928,0.864814,0.67,2,2149366,2148882,484
149179341,33.0593,33.801,486,46973,0.891926,0.67,2,2149398,2148912,486
149380821,28.7644,22.006,524,49974,0.774567,1,2,2151436,2150912,524
149395421,35.5515,36.401,515,50184,0.289586,1,1,2151613,2151098,515
149398341,31.6206,34.3604,511,50226,0.217834,1,1,2151642,2151131,511
149407101,29.4077,24.9991,522,50352,0.0842614,1,1,2151727,2151205,522
149410021,18.9631,17.7996,521,50394,0.0877046,1,1,2151739,2151218,521
149412941,8.78523,26.3199,491,50436,0.0770818,0.91,1,2151741,2151250,491
149415861,17.9141,30.9279,481,50478,0.0488327,1,1,2151765,2151284,481
149418781,32.9656,38.1712,481,50520,0.0375331,1,1,2151808,2151327,481
149421701,20.3863,29.0685,470,50562,0.0330132,0.97,1,2151820,2151350,470
149424621,23.7545,29.0274,467,50604,0.0552053,0.85,1,2151846,2151379,467
149427541,21.5018,28.411,459,50646,0.0520821,0.69,1,2151866,2151407,459
149430461,20.0007,28.7644,449,50688,0.0508328,0.59,1,2151885,2151436,449
149433381,25.4003,30.1058,447,50730,0.0623331,0.53,1,2151914,2151467,447
149436301,25.1601,31.2423,440,50772,0.0429333,0.39,1,2151939,2151499,440
149439221,34.664,37.6969,439,50813,0.0591733,0.27,1,2151980,2151541,439
149442141,32.4656,37.8788,432,50854,0.0536693,0.25,1,2152011,2151579,432
149445061,32.7862,35.5515,431,50895,0.0394677,0.17,1,2152044,2151613,431
149447981,27.5145,31.6206,426,50936,0.0217871,0.07,1,2152068,2151642,426
149450901,26.0058,27.0482,427,50977,0.0267148,0.09,1,2152093,2151666,427
149453821,28.4023,30.0193,425,51018,0.0646859,0.07,1,2152123,2151698,425
149456741,29.3609,29.4077,426,51059,0.0918744,0.09,1,2152153,2151727,426
149471341,20.4837,20.3863,423,51264,0.0848928,0.07,1,2152243,2151820,423
149474261,23.7935,23.7545,423,51305,0.0639571,0.05,1,2152269,2151846,423
149477181,20.9174,21.5018,422,51346,0.0675828,0.05,1,2152288,2151866,422
149480101,20.367,20.0007,423,51387,0.0450331,0.07,1,2152308,2151885,423
149483021,25.5468,25.4003,423,51428,0.0480133,0.03,1,2152337,2151914,423
149485941,24.6187,25.1601,422,51469,0.0732053,0.07,1,2152361,2151939,422
149488861,34.4475,34.664,422,51510,0.0712821,0.05,1,2152402,2151980,422
149491781,32.979,32.4656,423,51551,0.0705128,0.03,1,2152434,2152011,423
149494701,32.3916,32.7862,422,51592,0.0582051,0.01,1,2152466,2152044,422
149497621,27.3566,27.5145,422,51633,0.0532821,0.03,1,2152490,2152068,422
149500541,26.5427,26.0058,423,51674,0.0513128,0.09,1,2152516,2152093,423
149503461,29.8171,28.4023,425,51715,0.0745251,0.11,1,2152548,2152123,425
149509301,17.4907,11.7444,436,51797,0.097124,0.15,1,2152589,2152153,436
149512221,8.19629,10.0977,429,51838,0.0928496,0.17,1,2152591,2152162,429
149515141,15.8785,5.2391,448,51879,0.0911398,0.17,1,2152612,2152164,448
149556021,33.3896,29.8171,458,52442,0.209664,0.13,1,2153006,2152548,458
149558941,18.1558,31.7268,433,52482,0.221866,0.09,1,2153014,2152581,433
149561861,8.46233,17.4907,427,52522,0.226746,0.09,1,2153016,2152589,427
149564781,15.9849,8.19629,446,52562,0.264699,0.09,1,2153037,2152591,446
149567701,32.194,15.8785,468,52602,0.291879,0.13,1,2153080,2152612,468
149593981,31.2385,32.7953,459,52962,0.404578,0.15,1,2153315,2152856,459
149596901,26.8954,31.7181,452,53002,0.407831,0.15,1,2153339,2152887,452
149599821,26.9582,27.0872,455,53042,0.433133,0.17,1,2153366,2152911,455
149602741,32.9833,26.4349,466,53082,0.431253,0.19,1,2153403,2152937,466
149617341,15.0929,15.9849,436,53282,0.414115,0.31,1,2153473,2153037,436
149626101,24.9659,24.831,438,53400,0.403543,0.33,1,2153558,2153120,438
149629021,21.3864,20.7324,439,53439,0.407417,0.37,1,2153577,2153138,439
149631941,20.5546,19.693,440,53478,0.432967,0.37,1,2153597,2153157,440
149634861,26.2218,25.8772,440,53517,0.443187,0.35,1,2153627,2153187,440
149707861,31.9702,31.689,446,54492,0.772255,0.51,2,2154290,2153844,446
149710781,34.3881,33.0756,448,54531,0.794902,0.53,2,2154326,2153878,448
149713701,19.7552,19.2302,448,54570,0.779961,0.57,2,2154336,2153888,448
149716621,9.10209,8.8921,448,54609,0.773984,0.53,2,2154338,2153890,448
149719541,4.84084,4.75684,448,54648,0.795594,0.55,2,2154340,2153892,448
149722461,15.7363,15.1027,449,54687,0.792237,0.55,2,2154363,2153914,449
149725381,32.6945,6.04109,493,54725,0.790895,0.59,2,2154407,2153914,493
149728301,20.2778,28.2164,462,54763,0.790358,0.63,2,2154419,2153957,462
149731221,27.3111,18.4866,482,54801,0.802143,0.63,2,2154451,2153969,482
149734141,22.9244,25.3946,472,54839,0.818857,0.63,2,2154471,2153999,472
149737061,22.3698,22.1579,474,54877,0.849543,0.71,2,2154493,2154019,474
149739981,28.1479,20.8631,486,54915,0.861817,0.73,2,2154525,2154039,486
149742901,25.6592,26.9453,479,54953,0.878727,0.73,2,2154549,2154070,479
149745821,36.0637,25.1781,498,54991,0.897491,0.71,2,2154592,2154094,498
150027601,312.1,361.059,445,26280,0.2524,0.59,1,2157285,2156840,445
150042201,28.273,29.8467,438,27400,0.0994582,0.03,1,2157445,2157007,438
150045121,77.9092,50.3387,485,27477,0.0937833,0.03,1,2157556,2157071,485
150048041,68.3637,75.9355,454,27554,0.0675133,0.09,1,2157618,2157164,454
150050961,48.9455,57.9742,444,27631,0.0810053,0.13,1,2157654,2157210,444
150053881,54.9782,51.9897,455,27708,0.0984021,0.11,1,2157713,2157258,455
150062641,30.5906,35.1513,425,27936,0.209098,0.11,1,2157824,2157399,425
150065561,26.0362,26.0605,428,28012,0.209639,0.09,1,2157847,2157419,428
150071401,77.2458,77.0097,426,28163,0.205142,0.05,1,2157982,2157556,426
150074321,67.4983,68.0039,425,28238,0.208057,0.09,1,2158043,2157618,425
150083081,44.9279,21.9682,465,28463,0.201236,0.15,1,2158178,2157713,465
150086001,53.3712,30.9873,487,28537,0.206494,0.21,1,2158237,2157750,487
150088921,31.5485,47.1949,446,28611,0.220598,0.23,1,2158254,2157808,446
150091841,26.4194,28.478,453,28685,0.238239,0.21,1,2158277,2157824,453
150094761,23.7678,25.1912,452,28759,0.245296,0.19,1,2158299,2157847,452
150097681,76.7071,23.2765,542,28833,0.284118,0.21,1,2158411,2157869,542
150106441,56.6053,49.7777,489,29052,0.419224,0.19,1,2158570,2158081,489
150109361,46.0421,55.3111,469,29125,0.449689,0.21,1,2158609,2158140,469
150141481,22.9705,53.8168,446,29915,0.760783,0.49,2,2159114,2158668,446
150144401,20.5882,32.3267,447,29986,0.790313,0.53,2,2159133,2158686,447
150147321,23.2353,27.3307,448,30057,0.790125,0.53,2,2159158,2158710,448
150150241,23.0941,24.1323,449,30127,0.80205,0.61,2,2159181,2158732,449
150153161,80.6376,78.6529,453,30197,0.80682,0.65,2,2159300,2158847,453
150156081,71.8551,70.4612,454,30267,0.808728,0.67,2,2159366,2158912,454
150159001,50.942,49.7845,455,30337,0.773491,0.71,2,2159403,2158948,455
150161921,60.5768,58.9138,457,30407,0.831396,0.73,2,2159470,2159013,457
150164841,48.8307,47.5655,458,30477,0.854559,0.77,2,2159511,2159053,458
150167761,56.7323,54.4262,461,30546,0.863823,0.77,2,2159573,2159112,461
150170681,23.8929,22.9705,461,30615,0.867529,0.81,2,2159575,2159114,461
150296241,28.4273,26.3539,497,33457,0.897999,1,2,2161545,2161048,497
150299161,33.5709,18.9416,520,33520,0.7732,1,2,2161582,2161062,520
150310841,42.221,50.0497,486,33772,0.214338,1,1,2161773,2161287,486
150313761,51.6884,57.8199,481,33835,0.0917352,1,1,2161831,2161350,481
150316681,48.2754,53.128,477,33897,0.0546941,1,1,2161877,2161400,477
150319601,59.5101,62.0512,476,33959,0.0398776,1,1,2161944,2161468,476
150322521,41.2041,43.4205,474,34021,0.045951,1,1,2161973,2161499,474
150325441,23.6816,27.5682,469,34083,0.0603804,0.83,1,2161985,2161516,469
150328361,23.2726,28.4273,463,34145,0.0781522,0.69,1,2162008,2161545,463
150331281,29.1091,33.5709,459,34207,0.0492609,0.69,1,2162041,2161582,459
150334201,26.0436,13.4284,483,34269,0.0497043,0.61,1,2162065,2161582,483
150337121,40.4175,25.7713,499,34331,0.0378817,0.57,1,2162115,2161616,499
150340041,50.967,43.9085,501,34393,0.0331527,0.21,1,2162173,2161672,501
150342961,35.3868,60.7634,454,34454,0.0312611,0.11,1,2162198,2161744,454
150345881,46.5547,41.7054,479,34515,0.0545044,0.01,1,2162252,2161773,479
150348801,46.2219,51.4821,467,34576,0.0518018,0.03,1,2162298,2161831,467
150351721,59.2888,48.1929,489,34637,0.0507207,0.03,1,2162366,2161877,489
150354641,42.3155,59.4771,453,34698,0.0382883,0.05,1,2162397,2161944,453
150357561,24.1262,41.1909,436,34759,0.0333153,0.07,1,2162409,2161973,436
150360481,22.8505,23.6763,446,34820,0.0673261,0.09,1,2162431,2161985,446
150363401,28.3402,23.2705,455,34881,0.0809304,0.03,1,2162463,2162008,455
150366321,25.7361,29.1082,446,34942,0.0863722,0.05,1,2162487,2162041,446
150378001,46.4892,35.3868,476,35183,0.227763,0.07,1,2162674,2162198,476
150386761,41.5193,59.2888,453,35363,0.0469768,0.03,1,2162819,2162366,453
150389681,23.8077,42.3155,434,35423,0.0367907,0.03,1,2162831,2162397,434
150392601,24.5231,24.1262,447,35483,0.0327163,0.09,1,2162856,2162409,447
150395521,29.0092,22.8505,457,35543,0.0550865,0.09,1,2162888,2162431,457
150398441,26.6037,28.3402,450,35602,0.0880346,0.09,1,2162913,2162463,450
150401361,42.4415,25.7361,479,35661,0.0892138,0.13,1,2162966,2162487,479
150404281,18.1766,40.8944,430,35720,0.0896855,0.21,1,2162968,2162538,430
150433481,27.8615,26.6037,427,36307,0.210523,0.09,1,2163340,2162913,427
150436401,42.3446,42.4415,426,36365,0.246209,0.09,1,2163392,2162966,426
150439321,18.1378,18.1766,426,36423,0.260484,0.17,1,2163394,2162968,426
150442241,43.8551,42.6706,428,36481,0.266193,0.19,1,2163455,2163027,428
150445161,33.1421,32.0683,429,36539,0.292477,0.21,1,2163481,2163052,429
150474361,18.5433,18.1378,433,37113,0.400372,0.27,1,2163827,2163394,433
150477281,44.0173,43.8551,433,37170,0.406149,0.27,1,2163888,2163455,433
150480201,33.8069,17.5421,460,37227,0.408459,0.31,1,2163915,2163455,460
150483121,48.3228,22.6168,492,37284,0.409384,0.33,1,2163973,2163481,492
150535681,31.3252,23.554,483,38290,0.754466,0.53,2,2164626,2164143,483
150538601,30.5301,31.0216,477,38345,0.763787,0.49,2,2164656,2164179,477
150541521,46.412,31.6086,502,38400,0.767515,0.55,2,2164713,2164211,502
150544441,19.7648,45.0435,450,38455,0.781006,0.55,2,2164715,2164265,450
150547361,46.3059,19.2174,512,38510,0.798402,0.57,2,2164779,2164267,512
150550281,34.1224,44.887,476,38565,0.817361,0.57,2,2164805,2164329,476
150553201,48.4489,34.1548,507,38620,0.836944,0.57,2,2164863,2164356,507
150556121,20.5796,48.4619,451,38675,0.844778,0.67,2,2164865,2164414,451
150559041,40.0318,48.7848,455,38730,0.883911,0.69,2,2164918,2164463,455
150561961,53.2127,55.5139,457,38785,0.887564,0.71,2,2164980,2164523,457
150564881,39.2851,40.2056,457,38839,0.889026,0.71,2,2165010,2164553,457
150570721,25.9656,24.3129,460,38947,0.899444,0.77,2,2165050,2164590,460
150573641,31.9862,31.3252,460,39001,0.893778,0.77,2,2165086,2164626,460
150943021,166.002,177.526,491,20544,0.4468,0.96,1,2169554,2169063,491
150948861,92.8004,96.2041,504,20750,0.264688,0.83,1,2169731,2169227,504
150951781,76.1201,80.4816,499,20852,0.219875,0.69,1,2169796,2169297,499
150954701,82.6481,86.7927,495,20954,0.22595,0.51,1,2169883,2169388,495
150957621,53.4592,77.9171,457,21055,0.20438,0.45,1,2169917,2169460,457
150960541,36.9837,50.3668,451,21156,0.243752,0.29,1,2169943,2169492,451
150963461,44.1935,57.3467,438,21256,0.295501,0.23,1,2169992,2169554,438
150975141,79.3954,79.8665,433,21652,0.401693,0.19,1,2170316,2169883,433
150978061,53.3581,52.3466,435,21750,0.418677,0.27,1,2170352,2169917,435
150980981,37.5433,36.5386,436,21848,0.437471,0.33,1,2170379,2169943,436
151016021,83.6064,68.218,543,22986,0.792901,0.65,2,2171211,2170668,543
151018941,56.2426,81.2872,491,23078,0.85116,0.71,2,2171249,2170758,491
151021861,39.297,54.7149,482,23170,0.898464,0.67,2,2171277,2170795,482
151112381,44.2682,58.7065,508,25853,0.88216,1,2,2173180,2172672,508
151115301,41.1073,43.2826,514,25935,0.826864,1,2,2173219,2172705,514
151132821,55.9196,86.9248,508,26421,0.0994617,0.97,1,2173614,2173106,508
151135741,38.5678,58.1699,496,26501,0.0817847,0.83,1,2173641,2173145,496
151138661,37.0271,44.268,497,26581,0.0387139,0.79,1,2173677,2173180,497
151141581,82.6109,41.1072,571,26661,0.0574856,0.47,1,2173790,2173219,571
151144501,49.8443,93.2429,471,26740,0.0889942,0.37,1,2173818,2173347,471
151147421,36.1377,58.2971,463,26819,0.0895977,0.21,1,2173845,2173382,463
151156181,72.7048,84.299,426,27056,0.0914143,0.09,1,2174003,2173577,426
151159101,53.0819,55.9196,429,27134,0.0665657,0.07,1,2174043,2173614,429
151162021,34.4328,38.5678,424,27212,0.0566263,0.01,1,2174065,2173641,424
151164941,35.3731,37.0271,424,27290,0.0286505,0.07,1,2174101,2173677,424
151167861,81.9492,82.6109,424,27368,0.0534602,0.11,1,2174214,2173790,424
151170781,51.3797,49.8443,427,27445,0.0753841,0.09,1,2174245,2173818,427
151173701,34.9519,36.1377,424,27522,0.0961536,0.13,1,2174269,2173845,424
151197061,52.8359,51.3797,426,28132,0.0978958,0.11,1,2174671,2174245,426
151223341,52.39,82.4757,458,28802,0.213546,0.07,1,2175096,2174638,458
151226261,36.556,52.7903,451,28876,0.235418,0.11,1,2175122,2174671,451
151229181,43.4224,36.1161,474,28949,0.268167,0.13,1,2175170,2174696,474
151232101,18.569,43.8464,427,29022,0.281267,0.13,1,2175172,2174745,427
151240861,37.7884,52.7982,454,29241,0.405121,0.15,1,2175347,2174893,454
151243781,33.7154,36.7193,459,29313,0.408048,0.17,1,2175378,2174919,459
151246701,83.0862,32.6877,545,29385,0.409219,0.21,1,2175494,2174949,545
151249621,53.6345,81.4751,465,29457,0.421688,0.23,1,2175528,2175063,465
151252541,38.2538,52.39,460,29529,0.426675,0.25,1,2175556,2175096,460
151305101,81.5669,80.1879,451,30794,0.787198,0.59,2,2176387,2175936,451
151308021,54.2267,53.0751,452,30863,0.836879,0.63,2,2176423,2175971,452
151310941,38.4907,38.6301,451,30932,0.856752,0.63,2,2176451,2176000,451
151313861,46.5963,45.452,453,31000,0.876701,0.63,2,2176503,2176050,453
151316781,19.8385,19.3808,453,31068,0.88468,0.73,2,2176505,2176052,453
151319701,76.9354,74.9523,456,31136,0.899872,0.75,2,2176620,2176164,456
151328461,25.5159,25.2929,457,31340,0.894472,0.71,2,2176695,2176238,457
151331381,30.6063,10.1172,491,31408,0.867789,0.73,2,2176729,2176238,491
151471541,36.9283,44.3358,511,34493,0.890859,1,2,2178923,2178412,511
151474461,63.9713,41.1343,554,34554,0.890344,1,2,2179005,2178451,554
151477381,45.3885,65.6537,505,34615,0.890137,1,2,2179038,2178533,505
151480301,42.7554,49.0615,508,34676,0.866055,1,2,2179079,2178571,508
151483221,33.9022,39.4246,503,34737,0.808422,0.92,2,2179107,2178604,503
151486141,35.7609,33.7698,510,34798,0.785369,0.97,2,2179144,2178634,510
151489061,34.7043,36.3079,506,34859,0.776148,1,2,2179178,2178672,506
151491981,54.0817,35.5232,538,34920,0.772459,0.92,2,2179245,2178707,538
151494901,41.4327,55.0093,503,34981,0.782984,1,2,2179278,2178775,503
151497821,34.5731,43.0037,498,35041,0.823193,0.99,2,2179308,2178810,498
151500741,42.6292,35.8015,515,35101,0.815277,0.93,2,2179356,2178841,515
151503661,33.8517,44.3206,493,35161,0.812111,0.85,2,2179384,2178891,493
151506581,67.5407,36.9282,551,35221,0.798844,0.89,2,2179474,2178923,551
151509501,44.4163,63.9713,498,35281,0.829538,0.89,2,2179503,2179005,498
151512421,41.7665,45.3885,505,35341,0.853815,0.85,2,2179543,2179038,505
151515341,30.5066,42.7554,487,35401,0.875526,0.77,2,2179566,2179079,487
151518261,35.0026,33.9022,497,35461,0.88421,0.77,2,2179604,2179107,497
151521181,33.8011,35.7609,493,35521,0.875684,0.77,2,2179637,2179144,493
151524101,53.1204,34.7043,525,35581,0.872274,0.77,2,2179703,2179178,525
151678861,28.6971,25.3419,520,38603,0.827805,1,2,2181762,2181242,520
151681781,26.4788,29.3368,513,38658,0.781122,1,2,2181787,2181274,513
151687621,44.0766,48.2539,484,38768,0.428579,1,1,2181887,2181403,484
151690541,41.0306,39.7016,489,38822,0.285432,1,1,2181926,2181437,489
151696381,34.8849,32.7522,494,38930,0.0996691,1,1,2181993,2181499,494
151699301,34.354,35.9009,490,38984,0.0398676,1,1,2182027,2181537,490
151702221,50.3416,52.7604,487,39038,0.0339471,0.98,1,2182088,2181601,487
151705141,34.5366,42.1041,476,39092,0.0435788,0.93,1,2182112,2181636,476
151708061,38.4147,42.6417,474,39146,0.0234315,0.95,1,2182153,2181679,474
151710981,29.7659,33.8567,470,39200,0.0393726,0.89,1,2182177,2181707,470
151713901,23.9063,29.7427,463,39254,0.045749,0.77,1,2182197,2181734,463
151716821,24.5625,28.6971,460,39308,0.0482996,0.75,1,2182222,2181762,460
151719741,21.825,26.4788,455,39362,0.0613198,0.39,1,2182242,2181787,455
151722661,36.33,44.1915,445,39416,0.0425279,0.35,1,2182288,2181843,445
151725581,34.932,44.0766,435,39470,0.0350112,0.19,1,2182322,2181887,435
151728501,33.7728,41.0306,429,39524,0.0200045,0.05,1,2182355,2181926,429
151731421,30.3091,36.2123,424,39577,0.0260018,0.07,1,2182383,2181959,424
151734341,32.5236,34.8849,424,39630,0.0164007,0,1,2182417,2181993,424
151737261,33.4095,34.354,424,39683,0.0125603,0.03,1,2182451,2182027,424
151740181,48.7638,50.3416,422,39736,0.0350241,0.05,1,2182510,2182088,422
151743101,34.5055,34.5366,423,39789,0.0200096,0.01,1,2182535,2182112,423
151746021,38.4022,38.4147,423,39842,0.0380039,0.05,1,2182576,2182153,423
151748941,29.1609,29.7659,422,39895,0.0452015,0.05,1,2182599,2182177,422
151751861,23.6644,23.9063,422,39948,0.0180806,0.05,1,2182619,2182197,422
151754781,24.4657,24.5625,422,40001,0.0252322,0.07,1,2182644,2182222,422
151757701,21.7863,21.825,422,40054,0.0160929,0.03,1,2182664,2182242,422
151760621,36.3145,36.33,422,40107,0.0244372,0.03,1,2182710,2182288,422
151763541,34.3258,14.532,455,40160,0.0277749,0.03,1,2182743,2182288,455
151766461,33.5303,26.2128,454,40213,0.0531099,0.01,1,2182776,2182322,454
151769381,30.8121,30.2851,450,40266,0.075244,0.03,1,2182805,2182355,450
151772301,33.3249,28.914,457,40318,0.0480976,0.01,1,2182840,2182383,457
151775221,33.1299,31.9656,456,40370,0.073239,0.01,1,2182873,2182417,456
151778141,48.052,33.1862,480,40422,0.0472956,0.05,1,2182931,2182451,480
151781061,34.8208,48.6745,447,40474,0.0369182,0.01,1,2182957,2182510,447
151783981,37.9283,34.4698,462,40526,0.0327673,0.05,1,2182997,2182535,462
151786901,28.9713,38.3879,444,40578,0.0311069,0.05,1,2183020,2182576,444
151789821,24.7885,29.1552,443,40630,0.0304428,0,1,2183042,2182599,443
151792741,23.7154,23.6621,446,40682,0.0181771,0.03,1,2183065,2182619,446
151795661,21.4862,24.4648,441,40734,0.0252708,0.01,1,2183085,2182644,441
151798581,36.1945,21.7859,467,40786,0.0161083,0.03,1,2183131,2182664,467
151801501,35.4778,36.3144,456,40838,0.0724433,0.03,1,2183166,2182710,456
151804421,34.5911,34.3257,457,40890,0.0949773,0.07,1,2183200,2182743,457
151813181,34.0138,33.3248,458,41045,0.0989586,0.09,1,2183298,2182840,458
151819021,34.6022,48.052,448,41147,0.0722334,0.03,1,2183379,2182931,448
151821941,37.2409,34.8208,461,41198,0.0348933,0.03,1,2183418,2182957,461
151824861,29.2964,37.9283,445,41249,0.0319573,0.03,1,2183442,2182997,445
151827781,24.9185,28.9713,444,41300,0.0187829,0.03,1,2183464,2183020,444
151830701,23.1674,24.7885,444,41351,0.0375132,0.01,1,2183486,2183042,444
151833621,21.267,23.7154,441,41402,0.0330053,0.03,1,2183506,2183065,441
151836541,38.5068,21.4862,471,41453,0.0432021,0.01,1,2183556,2183085,471
151839461,37.6027,36.1945,462,41504,0.0712808,0.11,1,2183593,2183131,462
151842381,16.2411,35.4778,429,41555,0.0945123,0.11,1,2183595,2183166,429
151859901,32.8081,34.6022,423,41860,0.212772,0.01,1,2183802,2183379,423
151862821,35.9232,37.2409,422,41910,0.223109,0.03,1,2183840,2183418,422
151868661,24.9477,24.9185,423,42010,0.0872974,0.05,1,2183887,2183464,423
151874501,20.9116,21.267,423,42110,0.0703676,0.05,1,2183929,2183506,423
151877421,40.7647,38.5068,427,42160,0.046147,0.09,1,2183983,2183556,427
151880341,38.5059,37.6027,427,42210,0.0484588,0.11,1,2184020,2183593,427
151883261,16.6023,16.2411,427,42260,0.0253835,0.11,1,2184022,2183595,427
151886181,25.8409,25.6964,427,42310,0.0281534,0.13,1,2184054,2183627,427
151889101,28.3364,28.8786,426,42360,0.0772614,0.13,1,2184084,2183658,426
151892021,31.1346,30.7514,427,42410,0.0849045,0.17,1,2184117,2183690,427
151894941,34.0538,33.3006,428,42460,0.0759618,0.21,1,2184153,2183725,428
151897861,47.2215,44.5202,432,42510,0.0723847,0.23,1,2184209,2183777,432
151900781,32.0886,32.8081,429,42560,0.0709539,0.23,1,2184231,2183802,429
151929981,28.5633,10.3364,454,43052,0.0895808,0.11,1,2184508,2184054,454
151944581,36.8032,31.9298,464,43297,0.246207,0.15,1,2184695,2184231,464
151947501,27.9213,35.5719,448,43346,0.284483,0.15,1,2184717,2184269,448
151950421,23.1685,27.4288,446,43395,0.299793,0.15,1,2184737,2184291,446
151976701,36.5387,30.6253,466,43830,0.448359,0.15,1,2185006,2184540,466
152043861,40.1605,40.0865,449,44924,0.760783,0.55,2,2185719,2185270,449
152046781,37.6642,37.6346,449,44971,0.790313,0.55,2,2185755,2185306,449
152049701,16.2657,16.2538,449,45018,0.802125,0.55,2,2185757,2185308,449
152052621,25.7063,25.7015,449,45065,0.80685,0.57,2,2185789,2185340,449
152055541,30.6825,30.0806,450,45112,0.83274,0.57,2,2185823,2185373,450
152058461,33.273,32.4322,451,45159,0.843096,0.57,2,2185858,2185407,451
152061381,14.5092,14.1729,451,45206,0.847238,0.63,2,2185860,2185409,451
152064301,32.8037,32.0692,452,45253,0.848895,0.61,2,2185905,2185453,452
152067221,46.7215,46.4277,452,45300,0.849558,0.59,2,2185961,2185509,452
152070141,33.0886,33.5711,451,45347,0.897823,0.71,2,2185985,2185534,451
152073061,42.0354,39.8284,455,45394,0.893129,0.69,2,2186033,2185578,455
152075981,31.8142,30.3314,456,45440,0.879252,0.69,2,2186058,2185602,456
152078901,24.7257,24.1325,456,45486,0.885701,0.73,2,2186078,2185622,456
152081821,26.0903,25.253,457,45532,0.87628,0.77,2,2186105,2185648,457
152084741,21.8361,20.9012,458,45578,0.884512,0.77,2,2186124,2185666,458
152289141,27.8603,30.3784,504,48709,0.899732,1,2,2188321,2187817,504
152292061,23.1441,36.7513,483,48752,0.863893,1,2,2188341,2187858,483
152294981,30.8576,33.9005,487,48795,0.819557,1,2,2188377,2187890,487
152297901,29.1431,31.5602,485,48838,0.765823,1,2,2188405,2187920,485
152306661,26.1772,18.9399,511,48967,0.776453,1,2,2188476,2187965,511
152309581,30.8709,35.1759,499,49010,0.760581,1,2,2188510,2188011,499
152327101,28.5983,27.4117,500,49268,0.449375,1,1,2188695,2188195,500
152376741,33.1068,28.5983,480,49990,0.777812,0.51,2,2189175,2188695,480
152379661,33.0427,31.2393,480,50032,0.761125,0.59,2,2189208,2188728,480
152382581,28.8171,31.0957,475,50074,0.75445,0.57,2,2189234,2188759,475
152385501,21.7268,28.6383,465,50116,0.78778,0.55,2,2189251,2188786,465
152388421,30.8907,22.2553,484,50158,0.789112,0.57,2,2189288,2188804,484
152391341,26.7563,29.9021,473,50200,0.801645,0.59,2,2189312,2188839,473
152394261,22.7025,25.7608,470,50242,0.806658,0.59,2,2189332,2188862,470
152397181,21.681,23.5043,469,50284,0.820663,0.59,2,2189353,2188884,469
152400101,9.8724,20.8017,452,50326,0.826265,0.69,2,2189355,2188903,452
152403021,22.549,25.7207,454,50368,0.852506,0.63,2,2189386,2188932,454
152405941,27.0196,28.8883,453,50410,0.863002,0.69,2,2189416,2188963,453
152408861,31.8078,30.1553,457,50452,0.855201,0.69,2,2189451,2188994,457
152411781,31.3231,29.4621,459,50494,0.86408,0.75,2,2189482,2189023,459
152414701,32.3293,30.9849,460,50536,0.867632,0.73,2,2189515,2189055,460
152417621,32.1317,32.7939,458,50578,0.869053,0.73,2,2189547,2189089,458
152420541,23.6527,23.9176,458,50620,0.845621,0.73,2,2189565,2189107,458
152423461,28.6611,28.767,458,50662,0.872248,0.81,2,2189597,2189139,458
152633701,33.1836,31.2267,507,53571,0.897206,1,2,2191615,2191108,507
152636621,34.2734,26.8907,518,53610,0.868883,1,2,2191650,2191132,518
152697941,97.8335,89.849,474,24990,0.0884885,0.15,1,2192260,2191786,474
152700861,56.5334,74.3396,439,25075,0.0773954,0.03,1,2192289,2191850,439
152703781,73.0134,60.9358,471,25160,0.0369582,0,1,2192373,2191902,471
152706701,60.4053,66.9743,452,25244,0.0327833,0.05,1,2192425,2191973,452
152709621,72.7621,57.9897,481,25328,0.0191133,0.03,1,2192506,2192025,481
152712541,47.7049,76.5959,423,25412,0.0736453,0.03,1,2192537,2192114,423
152715461,35.8819,39.0384,437,25495,0.0714581,0.03,1,2192565,2192128,437
152718381,47.3528,31.8153,465,25578,0.0705833,0.05,1,2192620,2192155,465
152721301,56.7411,39.1261,484,25661,0.0462333,0.03,1,2192683,2192199,484
152724221,40.6964,52.2505,453,25744,0.0484933,0.07,1,2192713,2192260,453
152727141,64.8786,38.3002,505,25826,0.0373973,0.01,1,2192794,2192289,505
152730061,57.1514,65.7201,473,25908,0.0329589,0.03,1,2192846,2192373,473
152732981,71.4606,57.488,502,25990,0.0791836,0.01,1,2192927,2192425,502
152735901,48.9842,71.5952,455,26072,0.0736734,0.11,1,2192961,2192506,455
152738821,35.1937,47.2381,450,26153,0.0714694,0.07,1,2192987,2192537,450
152741741,48.2775,35.6952,479,26234,0.0825877,0.07,1,2193044,2192565,479
152753421,56.5943,64.8738,474,26556,0.0469942,0.03,1,2193268,2192794,474
152756341,72.4377,57.1495,505,26636,0.0367977,0.11,1,2193351,2192846,505
152759261,49.3751,71.4598,458,26716,0.0327191,0.07,1,2193385,2192927,458
152762181,35.35,48.9839,450,26795,0.0310876,0.07,1,2193411,2192961,450
152765101,48.94,35.1936,482,26874,0.0664351,0.09,1,2193469,2192987,482
152768021,20.776,48.2774,427,26953,0.080574,0.15,1,2193471,2193044,427
152820581,21.0772,21.9464,427,28334,0.205964,0.13,1,2194326,2193899,427
152823501,46.8309,46.5785,428,28409,0.220385,0.13,1,2194390,2193962,428
152826421,39.7323,18.6314,463,28484,0.226154,0.11,1,2194425,2193962,463
152829341,62.0929,29.0526,504,28558,0.276462,0.17,1,2194502,2193998,504
152841021,35.9672,50.0445,454,28854,0.428277,0.19,1,2194693,2194239,454
152878981,43.148,48.7419,487,29793,0.755037,0.57,2,2195309,2194822,487
152881901,18.4592,42.2968,451,29864,0.764015,0.63,2,2195311,2194860,451
152884821,57.1837,64.3187,455,29935,0.779606,0.71,2,2195394,2194939,455
152887741,50.4735,53.3275,455,30006,0.845842,0.71,2,2195440,2194985,455
152890661,72.3894,72.331,457,30077,0.872337,0.73,2,2195527,2195070,457
152893581,52.3558,51.7324,458,30147,0.882935,0.67,2,2195566,2195108,458
152896501,37.7423,38.093,457,30217,0.887174,0.71,2,2195594,2195137,457
153027901,36.6269,43.8177,477,33222,0.863928,1,2,2197659,2197182,477
153039581,29.3728,32.0145,482,33476,0.428917,1,1,2197813,2197331,482
153042501,67.5491,64.4058,489,33539,0.213567,0.87,1,2197906,2197417,489
153048341,45.6079,43.4249,487,33665,0.0929707,1,1,2197979,2197492,487
153051261,42.2431,52.17,469,33728,0.0431883,0.98,1,2198019,2197550,469
153054181,33.0973,34.668,473,33791,0.0232753,0.87,1,2198046,2197573,473
153057101,43.8389,48.0672,467,33854,0.0393101,0.83,1,2198097,2197630,467
153060021,31.9356,36.6269,462,33916,0.033724,0.65,1,2198121,2197659,462
153062941,33.7742,37.4508,459,33978,0.0194896,0.49,1,2198156,2197697,459
153065861,43.5097,51.5803,448,34040,0.0377958,0.37,1,2198206,2197758,448
153068781,33.6039,40.4321,442,34102,0.0451183,0.41,1,2198233,2197791,442
153071701,21.8416,29.3728,434,34164,0.0480473,0.07,1,2198247,2197813,434
153074621,58.5366,67.5491,424,34226,0.0852189,0.07,1,2198330,2197906,424
153080461,44.6459,25.8079,471,34350,0.074835,0.07,1,2198402,2197931,471
153083381,40.6583,39.1231,461,34412,0.035934,0.01,1,2198440,2197979,461
153086301,32.4633,39.6493,448,34473,0.0203736,0.01,1,2198467,2198019,448
153089221,43.5853,32.0597,472,34534,0.0501494,0.05,1,2198518,2198046,472
153092141,32.4341,43.4239,446,34595,0.0740598,0.03,1,2198543,2198097,446
153097981,45.1495,33.7078,474,34717,0.0850496,0.05,1,2198630,2198156,474
153100901,32.4598,43.4831,448,34778,0.0880198,0.05,1,2198654,2198206,448
153103821,22.5839,33.5933,437,34839,0.0892079,0.05,1,2198670,2198233,437
153106741,61.2336,21.8373,510,34900,0.0896832,0.11,1,2198757,2198247,510
153127181,33.7429,32.4341,459,35321,0.20411,0.13,1,2199002,2198543,459
153130101,45.2972,33.3737,478,35381,0.219644,0.07,1,2199055,2198577,478
153133021,32.5189,45.1495,449,35441,0.201858,0.09,1,2199079,2198630,449
153138861,63.043,22.5839,515,35561,0.203897,0.09,1,2199185,2198670,515
153141781,37.2172,61.2336,448,35620,0.207559,0.15,1,2199205,2198757,448
153144701,44.2869,36.4934,477,35679,0.245024,0.17,1,2199254,2198777,477
153147621,18.9148,43.3974,431,35738,0.260009,0.19,1,2199256,2198825,431
153176821,37.4425,37.2172,432,36325,0.405391,0.27,1,2199637,2199205,432
153179741,46.177,44.2869,435,36383,0.432156,0.27,1,2199689,2199254,435
153182661,19.6708,18.9148,435,36441,0.442863,0.33,1,2199691,2199256,435
153185581,28.8683,27.9659,436,36499,0.435145,0.33,1,2199726,2199290,436
153188501,28.3473,27.9864,436,36557,0.444058,0.31,1,2199754,2199318,436
153191421,46.1389,44.7945,438,36615,0.435623,0.33,1,2199812,2199374,438
153194341,34.0556,33.5178,438,36673,0.432249,0.33,1,2199838,2199400,438
153197261,34.6222,33.8071,439,36731,0.4429,0.39,1,2199873,2199434,439
153246901,38.6022,64.3502,467,37696,0.754326,0.57,2,2200526,2200059,467
153249821,47.2409,37.7401,500,37752,0.78773,0.59,2,2200579,2200079,500
153252741,20.0964,46.296,450,37808,0.801092,0.55,2,2200581,2200131,450
153255661,29.0385,19.7184,483,37864,0.794437,0.57,2,2200616,2200133,483
153258581,29.6154,28.2874,479,37920,0.815775,0.61,2,2200646,2200167,479
153261501,46.6462,28.1149,509,37976,0.84831,0.63,2,2200704,2200195,509
153264421,34.8585,45.446,479,38032,0.849324,0.63,2,2200731,2200252,479
153267341,36.1434,34.9784,488,38088,0.89773,0.61,2,2200768,2200280,488
153430861,54.5651,32.713,550,41078,0.871293,1,2,2202864,2202314,550
153433781,41.026,58.0852,507,41129,0.774517,1,2,2202896,2202389,507
153495101,25.4858,26.3681,451,42193,0.769877,0.63,2,2203560,2203109,451
153498021,22.1943,23.7472,449,42243,0.757951,0.59,2,2203580,2203131,449
153503861,39.6711,37.7596,455,42343,0.753672,0.67,2,2203651,2203196,455
153506781,33.2684,33.7038,453,42393,0.787469,0.69,2,2203680,2203227,453
153509701,34.9074,34.4815,454,42443,0.776988,0.73,2,2203716,2203262,454
153512621,51.1629,49.7926,456,42493,0.796795,0.71,2,2203778,2203322,456
153515541,38.4652,38.517,455,42543,0.804718,0.73,2,2203808,2203353,455
153518461,49.5861,49.0068,456,42593,0.843887,0.71,2,2203865,2203409,456
153521381,30.6344,31.0027,455,42643,0.859555,0.73,2,2203883,2203428,455
153524301,35.0538,34.6011,456,42692,0.865822,0.71,2,2203921,2203465,456
153527221,29.6215,28.8404,457,42741,0.868329,0.73,2,2203947,2203490,457
153530141,22.0486,20.5362,459,42790,0.869332,0.75,2,2203964,2203505,459
153533061,26.2194,26.2145,458,42839,0.857733,0.79,2,2203993,2203535,458
153538901,21.2351,22.1943,457,42937,0.894437,0.71,2,2204037,2203580,457
153775421,57.9555,71.2099,465,21764,0.428921,0.35,1,2207086,2206621,465
153778341,90.9822,67.484,513,21861,0.441568,0.31,1,2207199,2206686,513
153825061,60.3771,73.7179,502,23365,0.79548,0.63,2,2208207,2207705,502
153827981,45.1509,60.0872,486,23456,0.804192,0.65,2,2208242,2207756,486
153830901,49.8603,43.8349,506,23546,0.819677,0.67,2,2208295,2207789,506
153833821,72.7441,48.7339,542,23636,0.849871,0.71,2,2208383,2207841,542
153836741,59.0977,72.2936,504,23726,0.885948,0.65,2,2208433,2207929,504
153915581,52.0982,78.2889,513,26030,0.8884,1,2,2210081,2209568,513
153918501,41.2393,45.7155,523,26111,0.88936,1,2,2210115,2209592,523
153921421,39.2957,46.4862,514,26192,0.871744,1,2,2210153,2209639,514
153924341,33.7183,38.9945,510,26273,0.834698,1,2,2210183,2209673,510
153927261,75.8873,38.9978,575,26354,0.855879,1,2,2210287,2209712,575
153930181,50.1549,71.3991,515,26434,0.876352,1,2,2210320,2209805,515
153933101,93.862,56.1596,592,26514,0.884541,1,2,2210443,2209851,592
153936021,82.5448,96.8639,543,26594,0.875816,0.86,2,2210518,2209975,543
153938941,52.8179,83.7455,501,26674,0.860327,0.87,2,2210551,2210050,501
153941861,40.9272,52.0982,503,26753,0.818131,0.89,2,2210584,2210081,503
153944781,37.3709,41.2393,504,26832,0.801252,0.86,2,2210619,2210115,504
153947701,31.1483,39.2957,493,26911,0.794501,0.81,2,2210646,2210153,493
153950621,13.6593,33.7183,465,26990,0.7918,0.87,2,2210648,2210183,465
153953541,67.8637,75.8873,465,27068,0.82672,0.89,2,2210752,2210287,465
153956461,46.3455,50.1549,464,27146,0.852688,0.89,2,2210784,2210320,464
153959381,92.9382,93.862,465,27224,0.899075,0.87,2,2210908,2210443,465
154105381,51.2195,43.9216,494,30871,0.84208,1,2,2213456,2212962,494
154108301,44.4878,41.5686,494,30940,0.786832,1,2,2213496,2213002,494
154114141,37.238,30.771,504,31076,0.431893,1,1,2213569,2213065,504
154117061,40.6952,48.9084,486,31144,0.250757,1,1,2213612,2213126,486
154122901,38.0712,34.8253,499,31280,0.0701212,1,1,2213691,2213192,499
154125821,41.6285,13.9301,543,31348,0.0460485,0.95,1,2213735,2213192,543
154128741,84.4514,44.5721,591,31415,0.0244194,1,1,2213848,2213257,591
154131661,51.1806,88.0288,503,31482,0.00976775,1,1,2213877,2213374,503
154134581,43.8722,56.2115,507,31549,0.0339071,0.74,1,2213916,2213409,507
154137501,39.7489,50.6846,497,31616,0.0555628,0.75,1,2213953,2213456,497
154140421,30.2996,44.2738,481,31683,0.0882251,0.55,1,2213977,2213496,481
154143341,26.5198,40.5095,467,31750,0.0532901,0.29,1,2214001,2213534,467
154146261,31.0079,37.2038,466,31817,0.051316,0.13,1,2214035,2213569,466
154149181,38.8032,40.6815,467,31883,0.0385264,0,1,2214079,2213612,467
154152101,35.3213,42.6726,456,31949,0.0214106,0.05,1,2214112,2213656,456
154155021,40.5285,38.069,465,32015,0.0385642,0.03,1,2214156,2213691,465
154157941,84.6114,41.6276,535,32081,0.0334257,0.01,1,2214270,2213735,535
154160861,51.8446,84.451,452,32147,0.0433703,0,1,2214300,2213848,452
154163781,43.5378,51.1804,461,32213,0.0353481,0.05,1,2214338,2213877,461
154166701,41.4151,43.8722,462,32279,0.0561392,0.07,1,2214378,2213916,462
154169621,30.9661,39.7489,449,32345,0.0524557,0.11,1,2214402,2213953,449
154172541,24.9864,30.2995,446,32410,0.0989823,0.03,1,2214423,2213977,446
154178381,38.1978,31.0079,466,32540,0.0962372,0.03,1,2214501,2214035,466
154181301,34.4791,38.8032,454,32605,0.0564949,0.01,1,2214533,2214079,454
154184221,40.1917,35.3213,465,32670,0.0525979,0.05,1,2214577,2214112,465
154187141,86.8767,40.5285,539,32735,0.0270392,0.03,1,2214695,2214156,539
154190061,35.9507,84.6114,427,32800,0.0288157,0.05,1,2214697,2214270,427
154192981,29.3803,51.8446,422,32864,0.0535263,0.03,1,2214722,2214300,422
154195901,37.5521,43.5378,427,32928,0.0634105,0.07,1,2214765,2214338,427
154213421,33.5706,34.4791,423,33312,0.0706872,0.05,1,2214956,2214533,423
154216341,39.2283,40.1917,422,33375,0.0342749,0.01,1,2214999,2214577,422
154219261,87.6913,86.8767,424,33438,0.01971,0.03,1,2215119,2214695,424
154222181,36.2765,35.9507,424,33501,0.025884,0.07,1,2215121,2214697,424
154225101,28.3106,29.3803,422,33564,0.0283536,0.07,1,2215144,2214722,422
154228021,38.9242,37.5521,425,33627,0.0293414,0.13,1,2215190,2214765,425
154230941,38.9697,37.8208,426,33690,0.0537366,0.13,1,2215229,2214803,426
154245541,30.5584,33.5706,423,34003,0.202486,0.01,1,2215379,2214956,423
154248461,37.4234,39.2283,422,34065,0.206994,0.01,1,2215421,2214999,422
154254301,35.9877,36.2765,422,34189,0.0751191,0.03,1,2215543,2215121,422
154257221,28.1951,28.3106,422,34251,0.0480476,0.03,1,2215566,2215144,422
154260141,39.478,11.3242,469,34313,0.0252191,0.03,1,2215613,2215144,469
154263061,39.7912,32.1297,463,34375,0.0400876,0.07,1,2215653,2215190,463
154265981,32.7165,36.2519,452,34437,0.058035,0.15,1,2215681,2215229,452
154268901,26.2866,30.1008,448,34498,0.041214,0.13,1,2215703,2215255,448
154271821,33.3146,24.0403,466,34559,0.0704856,0.19,1,2215741,2215275,466
154274741,37.9259,31.8161,470,34620,0.0701942,0.21,1,2215782,2215312,470
154277661,30.7703,37.3264,455,34681,0.0820777,0.21,1,2215808,2215353,455
154280581,36.9081,30.5306,470,34742,0.0748311,0.21,1,2215849,2215379,470
154283501,82.5633,37.4122,541,34803,0.0479324,0.05,1,2215962,2215421,541
154286421,34.2253,86.9649,423,34864,0.037173,0.05,1,2215964,2215541,423
154289341,27.4901,35.986,444,34925,0.0208692,0.03,1,2215987,2215543,444
154292261,39.796,28.1944,469,34986,0.0383477,0.01,1,2216035,2215566,469
154295181,41.1184,39.4778,464,35046,0.0213391,0.05,1,2216077,2215613,464
154298101,33.2474,39.7911,452,35106,0.0385356,0.07,1,2216105,2215653,452
154301021,26.4989,32.7164,446,35166,0.0454143,0.03,1,2216127,2215681,446
154303941,32.7996,26.2866,461,35226,0.0721657,0.09,1,2216164,2215703,461
154306861,38.3198,33.3146,465,35286,0.0948663,0.07,1,2216206,2215741,465
154315621,81.2445,36.9081,535,35466,0.0888714,0.03,1,2216384,2215849,535
154318541,33.6978,82.5633,424,35526,0.0655486,0.03,1,2216386,2215962,424
154321461,26.6791,34.2253,444,35586,0.0562194,0.01,1,2216408,2215964,444
154324381,39.4716,27.4901,469,35645,0.0524878,0.05,1,2216456,2215987,469
154327301,16.9887,39.796,423,35704,0.0509951,0.01,1,2216458,2216035,423
154330221,32.5955,41.1184,424,35763,0.038398,0.05,1,2216501,2216077,424
154333141,29.8382,33.2474,424,35822,0.0573592,0.05,1,2216529,2216105,424
154336061,25.1353,26.4989,424,35881,0.0409437,0.09,1,2216551,2216127,424
154338981,33.4541,32.7996,426,35940,0.0703775,0.11,1,2216590,2216164,426
154341901,39.1816,38.3198,427,35999,0.082151,0.15,1,2216633,2216206,427
154368181,29.5825,29.8382,423,36524,0.205735,0.03,1,2216952,2216529,423
154371101,25.633,25.1353,424,36582,0.208294,0.09,1,2216975,2216551,424
154374021,34.8532,33.4541,426,36640,0.233318,0.09,1,2217016,2216590,426
154376941,39.7413,39.1816,426,36698,0.267327,0.13,1,2217059,2216633,426
154379861,34.4965,33.0727,428,36756,0.280931,0.19,1,2217090,2216662,428
154382781,40.1986,39.0291,429,36813,0.298372,0.17,1,2217134,2216705,429
154397381,17.0792,16.8905,430,37098,0.402867,0.17,1,2217312,2216882,430
154400301,32.0317,31.9562,430,37155,0.443147,0.17,1,2217354,2216924,430
154403221,29.6127,12.7825,458,37212,0.435259,0.23,1,2217382,2216924,458
154406141,25.0451,21.913,452,37269,0.444103,0.21,1,2217404,2216952,452
154409061,35.818,22.5652,472,37326,0.435641,0.25,1,2217447,2216975,472
154476221,25.5838,30.3671,468,38607,0.772493,0.51,2,2218293,2217825,468
154479141,11.4335,25.3468,448,38662,0.782997,0.53,2,2218295,2217847,448
154482061,30.9734,36.5387,448,38717,0.787199,0.53,2,2218339,2217891,448
154484981,39.9894,42.2155,448,38772,0.82488,0.55,2,2218385,2217937,448
154487901,35.1957,34.8862,450,38826,0.851952,0.55,2,2218417,2217967,450
154490821,40.4783,40.9545,449,38880,0.862781,0.63,2,2218461,2218012,449
154493741,81.5913,79.3818,453,38934,0.867112,0.63,2,2218570,2218117,453
154496661,33.8365,32.9527,453,38988,0.868845,0.65,2,2218572,2218119,453
154499581,30.9346,29.9811,454,39042,0.893538,0.69,2,2218601,2218147,454
154709821,167.258,165.85,487,19092,0.2692,0.53,1,2221201,2220714,487
154718581,80.2325,94.1584,449,19424,0.0952288,0.05,1,2221452,2221003,449
154721501,74.093,89.2634,433,19533,0.0800915,0.15,1,2221522,2221089,433
154724421,47.0372,50.1053,438,19642,0.0380366,0.13,1,2221551,2221113,438
154727341,65.0149,35.0421,490,19750,0.0572146,0.13,1,2221628,2221138,490
154730261,65.006,51.8169,492,19857,0.0768859,0.15,1,2221693,2221201,492
154739021,70.5204,72.8443,492,20176,0.0536407,0.07,1,2221944,2221452,492
154741941,46.8082,71.1377,453,20281,0.0394563,0.01,1,2221975,2221522,453
154744861,64.3233,45.8551,500,20386,0.0337825,0.07,1,2222051,2221551,500
154750701,106.412,64.8168,559,20594,0.222605,0.17,1,2222252,2221693,559
154753621,71.9647,103.927,478,20697,0.275042,0.11,1,2222301,2221823,478
154771141,103.554,106.411,436,21304,0.410396,0.31,1,2222688,2222252,436
154774061,71.4217,71.9646,437,21404,0.434158,0.33,1,2222738,2222301,437
154776981,66.9687,67.7858,436,21503,0.431663,0.31,1,2222802,2222366,436
154779901,45.9875,45.7143,437,21602,0.430665,0.35,1,2222834,2222397,437
154817861,67.884,66.1845,519,22845,0.772097,0.67,2,2223699,2223180,519
154820781,46.3536,65.4738,486,22938,0.782839,0.67,2,2223731,2223245,486
154823701,70.7414,45.3895,541,23030,0.799136,0.65,2,2223818,2223277,541
154826621,29.4966,70.9558,455,23122,0.805654,0.65,2,2223820,2223365,455
154829541,58.5986,29.5823,531,23214,0.808262,0.69,2,2223898,2223367,531
154934661,40.4566,46.6162,508,26302,0.227893,1,1,2226099,2225591,508
154940501,45.5931,65.8986,504,26463,0.0664629,1,1,2226214,2225710,504
154943421,45.2372,43.7594,520,26543,0.0325852,0.88,1,2226259,2225739,520
154946341,100.895,43.9038,614,26623,0.0310341,0.59,1,2226397,2225783,614
154949261,56.558,115.962,477,26703,0.0184136,0.57,1,2226424,2225947,477
154952181,40.0232,67.3846,471,26782,0.0373654,0.39,1,2226453,2225982,471
154955101,40.0093,50.3538,472,26861,0.0209462,0.25,1,2226493,2226021,472
154958021,17.2037,44.1415,434,26940,0.0143785,0.15,1,2226495,2226061,434
154960941,27.2815,40.4566,430,27019,0.0477514,0.05,1,2226529,2226099,430
154963861,55.9126,65.9826,422,27097,0.0491006,0.03,1,2226604,2226182,422
154966781,43.365,45.5931,425,27175,0.0256402,0.01,1,2226639,2226214,425
154969701,43.146,45.2372,423,27253,0.0162561,0.03,1,2226682,2226259,423
154972621,101.258,100.895,425,27331,0.0365024,0.01,1,2226822,2226397,425
154975541,55.5034,56.558,423,27408,0.032601,0.05,1,2226847,2226424,423
154978461,41.4013,40.0232,426,27485,0.0910404,0.01,1,2226879,2226453,426
154981381,39.9605,40.0093,425,27562,0.0904162,0.01,1,2226918,2226493,425
154984301,17.1842,17.2037,425,27639,0.0661665,0.07,1,2226920,2226495,425
154987221,27.2737,27.2815,425,27716,0.0804666,0.05,1,2226954,2226529,425
154990141,55.3095,55.9126,424,27792,0.0381866,0.01,1,2227028,2226604,424
154993061,44.9238,43.365,427,27868,0.0332747,0.01,1,2227066,2226639,427
154995981,40.7695,43.146,422,27944,0.0313099,0.05,1,2227104,2226682,422
154998901,100.308,101.258,422,28020,0.0545239,0.03,1,2227244,2226822,422
155001821,55.7231,55.5034,423,28096,0.0518096,0.13,1,2227270,2226847,423
155004741,43.8892,41.4013,427,28171,0.0507238,0.09,1,2227306,2226879,427
155007661,39.1557,39.9605,424,28246,0.0502895,0.05,1,2227342,2226918,424
155010581,16.8623,17.1842,424,28321,0.0261158,0.09,1,2227344,2226920,424
155013501,27.1449,27.2737,424,28396,0.0644463,0.09,1,2227378,2226954,424
155019341,44.7832,48.7638,460,28545,0.0595114,0.03,1,2227488,2227028,460
155022261,40.1133,42.3055,459,28619,0.0418046,0.03,1,2227525,2227066,459
155025181,100.645,39.7222,562,28693,0.0587218,0.07,1,2227666,2227104,562
155028101,55.2581,99.8889,447,28767,0.0534887,0.05,1,2227691,2227244,447
155031021,43.7032,55.5556,457,28841,0.0513955,0.05,1,2227727,2227270,457
155033941,39.6813,43.8222,458,28914,0.0745582,0.05,1,2227764,2227306,458
155036861,17.0725,39.1289,424,28987,0.0598233,0.01,1,2227766,2227342,424
155039781,28.429,16.8516,458,29060,0.0539293,0.09,1,2227802,2227344,458
155042701,55.7716,27.1406,498,29133,0.0995717,0.13,1,2227876,2227378,498
155051461,101.873,40.113,565,29350,0.0848526,0.07,1,2228090,2227525,565
155054381,55.1494,100.645,448,29422,0.063941,0.05,1,2228114,2227666,448
155057301,43.6597,55.2581,459,29494,0.0555764,0.05,1,2228150,2227691,459
155060221,40.2639,43.7032,461,29566,0.0642306,0.09,1,2228188,2227727,461
155063141,17.3056,39.6813,426,29638,0.0916922,0.05,1,2228190,2227764,426
155066061,29.1222,17.0725,461,29709,0.0906769,0.05,1,2228227,2227766,461
155098181,57.3234,57.2489,427,30484,0.229203,0.11,1,2228730,2228303,427
155101101,24.1294,24.0996,427,30553,0.265681,0.13,1,2228732,2228305,427
155130301,24.9145,24.1294,434,31238,0.40177,0.33,1,2229166,2228732,434
155133221,30.9658,29.4517,436,31306,0.418708,0.33,1,2229201,2228765,436
155136141,33.3863,11.7807,471,31374,0.449483,0.33,1,2229236,2228765,471
155174101,44.8244,54.0617,485,32239,0.771958,0.53,2,2229888,2229403,485
155177021,43.7298,44.4247,490,32305,0.782783,0.53,2,2229931,2229441,490
155179941,18.6919,42.9699,450,32370,0.787113,0.53,2,2229933,2229483,450
155182861,31.4768,18.3879,488,32435,0.788845,0.57,2,2229973,2229485,488
155185781,61.7907,30.7552,531,32500,0.789538,0.65,2,2230055,2229524,531
155188701,25.9163,60.3021,453,32565,0.789815,0.61,2,2230057,2229604,453
155191621,32.5665,25.3208,488,32630,0.825926,0.61,2,2230094,2229606,488
155194541,37.6266,32.3283,492,32695,0.84037,0.69,2,2230135,2229643,492
155197461,104.451,35.1313,604,32760,0.858148,0.69,2,2230284,2229680,604
155200381,42.9803,101.653,460,32825,0.865259,0.79,2,2230286,2229826,460
155203301,32.1921,55.061,461,32889,0.868104,0.79,2,2230311,2229850,461
155337621,30.8427,31.0347,513,35725,0.859416,1,2,2232276,2231763,513
155340541,25.5371,34.0139,499,35784,0.781766,1,2,2232298,2231799,499
155343461,30.6148,29.8055,506,35843,0.786707,1,2,2232332,2231826,506
155346381,31.4459,28.7222,510,35902,0.752683,1,2,2232364,2231854,510
155360981,100.782,105.856,473,36196,0.435397,1,1,2232640,2232167,473
155363901,53.5129,58.5423,468,36254,0.420159,1,1,2232662,2232194,468
155369741,27.6421,30.6068,462,36370,0.402025,0.83,1,2232707,2232245,462
155372661,28.4568,30.8427,460,36428,0.41881,0.73,1,2232736,2232276,460
155375581,22.7827,25.5371,457,36486,0.413524,0.79,1,2232755,2232298,457
155378501,28.3131,30.6148,455,36544,0.42341,0.73,1,2232787,2232332,455
155381421,29.3252,31.4459,453,36602,0.427364,0.61,1,2232817,2232364,453
155384341,36.9301,40.1784,449,36660,0.428946,0.55,1,2232859,2232410,449
155387261,27.972,30.4713,447,36718,0.441578,0.55,1,2232881,2232434,447
155390181,29.1888,28.3885,450,36776,0.446631,0.51,1,2232911,2232461,450
155393101,26.6755,29.9554,444,36833,0.436653,0.37,1,2232936,2232492,444
155454421,39.4177,29.2398,495,38019,0.779248,0.59,2,2233752,2233257,495
155457341,28.9671,38.6959,472,38075,0.797699,0.59,2,2233774,2233302,472
155460261,28.3868,28.6784,478,38130,0.80508,0.59,2,2233802,2233324,478
155463181,27.5547,28.2713,477,38185,0.820032,0.61,2,2233829,2233352,477
155466101,101.022,26.9085,601,38240,0.862013,0.65,2,2233979,2233378,601
155469021,57.8088,99.5634,482,38295,0.890805,0.63,2,2234008,2233526,482
155647141,27.3491,28.6043,528,41524,0.840069,1,2,2236171,2235643,528
155650061,33.7397,27.0417,540,41575,0.810028,1,2,2236209,2235669,540
155652981,35.0959,28.8167,546,41626,0.786011,1,2,2236245,2235699,546
155655901,28.4383,32.5267,535,41677,0.812404,1,2,2236269,2235734,535
155676341,23.4744,25.826,475,42030,0.759279,0.99,2,2236521,2236046,475
155679261,30.9897,34.3304,471,42080,0.753712,0.99,2,2236557,2236086,471
155682181,29.7959,32.9322,468,42130,0.799485,0.87,2,2236586,2236118,468
155685101,26.9184,29.3729,466,42180,0.805794,0.79,2,2236611,2236145,466
155688021,22.7673,27.3491,460,42230,0.844318,0.79,2,2236631,2236171,460
155690941,31.3069,33.7397,459,42280,0.883727,0.77,2,2236668,2236209,459
155693861,32.3228,35.0959,456,42330,0.887491,0.83,2,2236701,2236245,456
155892421,31.4091,36.1711,494,45595,0.893336,1,2,2238978,2238484,494
155895341,28.1636,30.6685,493,45641,0.843334,1,2,2239004,2238511,493
155898261,23.2655,27.2674,488,45687,0.871334,1,2,2239024,2238536,488
155901181,28.5062,32.507,484,45733,0.774533,1,2,2239056,2238572,484
155909941,30.9364,29.5844,485,45871,0.41029,1,1,2239153,2238668,485
155912861,37.5746,35.2338,488,45917,0.290116,1,1,2239195,2238707,488
155921621,30.7728,37.535,503,46055,0.0629674,1,1,2239303,2238800,503
155924541,32.1091,34.814,503,46101,0.067187,1,1,2239336,2238833,503
155927461,22.4436,33.1256,487,46147,0.0448748,1,1,2239352,2238865,487
155930381,23.9775,24.0502,494,46193,0.0359499,0.93,1,2239377,2238883,494
155933301,32.391,25.2201,506,46239,0.04438,0.91,1,2239415,2238909,506
155936221,30.3564,33.488,496,46285,0.023752,0.87,1,2239444,2238948,496
155939141,24.7426,31.3952,487,46331,0.0155008,0.81,1,2239465,2238978,487
155942061,21.297,28.1581,480,46377,0.0122003,0.89,1,2239484,2239004,480
155944981,24.1188,23.2632,486,46422,0.0468801,0.71,1,2239510,2239024,486
155947901,27.6475,28.5053,484,46467,0.0607521,0.57,1,2239540,2239056,484
155950821,24.859,33.6021,470,46512,0.0423008,0.45,1,2239563,2239093,470
155953741,23.7436,30.8408,464,46557,0.0589203,0.33,1,2239586,2239122,464
155956661,31.6974,30.9363,470,46602,0.0895681,0.21,1,2239623,2239153,470
155959581,39.079,37.5745,472,46647,0.0658273,0.05,1,2239667,2239195,472
155962501,35.4316,43.8298,457,46692,0.0443309,0.09,1,2239700,2239243,457
155965421,32.7726,37.9319,454,46737,0.0357324,0.03,1,2239731,2239277,454
155968341,28.7091,30.7728,454,46782,0.0562929,0.07,1,2239757,2239303,454
155971261,21.0836,32.1091,437,46827,0.0405172,0.03,1,2239773,2239336,437
155974181,23.4334,22.4436,446,46872,0.0222069,0.03,1,2239798,2239352,446
155977101,32.1734,23.9775,459,46917,0.0628828,0.05,1,2239836,2239377,459
155982941,25.3077,30.3564,443,47007,0.0712612,0.01,1,2239887,2239444,443
155985861,21.5231,24.7426,441,47052,0.0705045,0.01,1,2239906,2239465,441
155988781,25.4092,21.297,450,47097,0.0702018,0.07,1,2239934,2239484,450
155991701,26.9637,24.1188,452,47142,0.0700807,0.07,1,2239962,2239510,452
155994621,26.3855,27.6475,448,47187,0.0580323,0.03,1,2239988,2239540,448
155997541,23.7542,24.859,447,47232,0.0772129,0.07,1,2240010,2239563,447
156000461,31.7017,23.7436,461,47277,0.0968852,0.11,1,2240047,2239586,461
156017981,18.1366,21.0836,422,47544,0.0971168,0.01,1,2240195,2239773,422
156020901,23.4546,23.4334,424,47588,0.0448467,0.09,1,2240222,2239798,424
156023821,32.7819,32.1734,425,47632,0.0479387,0.13,1,2240261,2239836,425
156026741,32.3127,30.2694,428,47676,0.0731755,0.05,1,2240293,2239865,428
156029661,23.7251,25.3077,424,47720,0.0952702,0.07,1,2240311,2239887,424
156050101,41.1589,39.6807,429,48028,0.232426,0.19,1,2240521,2240092,429
156053021,34.4636,33.2723,430,48072,0.25497,0.15,1,2240551,2240121,430
156055941,14.9854,14.5089,430,48116,0.263988,0.07,1,2240553,2240123,430
156058861,22.7942,25.6036,425,48160,0.267595,0.11,1,2240581,2240156,425
156061781,24.7177,25.8414,425,48204,0.257038,0.09,1,2240607,2240182,425
156064701,15.8871,18.1366,422,48248,0.252815,0.01,1,2240617,2240195,422
156067621,22.5548,23.4546,422,48292,0.203126,0.05,1,2240644,2240222,422
156082221,26.4303,25.396,429,48511,0.0881056,0.15,1,2240788,2240359,429
156088061,26.5489,26.9834,428,48597,0.0824969,0.15,1,2240842,2240414,428
156090981,25.0195,23.9933,430,48640,0.0869988,0.19,1,2240866,2240436,430
156134781,26.4905,27.3685,450,49285,0.213309,0.07,1,2241266,2240816,450
156137701,25.5962,26.5474,449,49328,0.235324,0.09,1,2241291,2240842,449
156140621,34.8385,25.019,466,49371,0.244129,0.13,1,2241332,2240866,466
156143541,43.3354,33.4076,476,49414,0.247652,0.17,1,2241381,2240905,476
156146461,35.3342,42.763,457,49457,0.273061,0.13,1,2241411,2240954,457
156149381,15.3337,35.1052,429,49500,0.283224,0.17,1,2241413,2240984,429
156152301,24.1335,15.2421,457,49543,0.29929,0.21,1,2241443,2240986,457
156175661,27.7874,21.6642,459,49880,0.402199,0.17,1,2241642,2241183,459
156178581,28.5149,26.0657,459,49922,0.43088,0.21,1,2241671,2241212,459
156231141,29.5904,27.606,447,50678,0.764383,0.51,2,2242145,2241698,447
156234061,28.0362,26.6424,448,50720,0.779753,0.61,2,2242172,2241724,448
156236981,38.8145,35.857,452,50762,0.797901,0.59,2,2242218,2241766,452
156239901,44.3258,43.7428,451,50803,0.829161,0.59,2,2242266,2241815,451
156242821,36.9303,36.6971,451,50844,0.853664,0.55,2,2242298,2241847,451
156245741,15.9721,15.8788,451,50885,0.839466,0.59,2,2242300,2241849,451
156248661,24.3888,24.3515,451,50926,0.833786,0.59,2,2242330,2241879,451
156251581,25.9555,25.3406,452,50967,0.855515,0.61,2,2242357,2241905,452
156254501,15.1822,14.9362,452,51008,0.864206,0.61,2,2242365,2241913,452
156257421,7.27289,7.1745,452,51049,0.867682,0.61,2,2242367,2241915,452
156260341,17.9092,17.2698,453,51090,0.893073,0.65,2,2242392,2241939,453
156280781,29.9213,29.5904,459,51377,0.889812,0.79,2,2242604,2242145,459
156286621,40.0674,38.8145,461,51459,0.88277,0.85,2,2242679,2242218,461
156289541,45.427,44.3258,462,51500,0.899108,0.87,2,2242728,2242266,462
156466201,336.677,335.263,514,24820,0.814,1,2,2244830,2244316,514
156528981,30.8012,45.5758,459,25244,0.417416,0.69,1,2245245,2244786,459
156531901,33.9205,26.0303,482,25328,0.412966,0.55,1,2245281,2244799,482
156534821,32.7682,39.2121,466,25412,0.423187,0.53,1,2245313,2244847,466
156537741,47.3073,53.4849,460,25495,0.439275,0.43,1,2245370,2244910,460
156540661,69.3229,44.1939,506,25578,0.44571,0.41,1,2245454,2244948,506
156566941,95.6516,69.3094,556,26315,0.75492,0.49,2,2246010,2245454,556
156569861,85.0606,93.1237,525,26396,0.787968,0.57,2,2246088,2245563,525
156572781,51.4243,82.2495,479,26476,0.813187,0.59,2,2246117,2245638,479
156575701,34.3697,49.6998,474,26556,0.835275,0.67,2,2246140,2245666,474
156578621,37.7479,31.8799,494,26636,0.85611,0.67,2,2246180,2245686,494
156581541,34.2992,34.952,489,26716,0.864444,0.73,2,2246212,2245723,489
156704181,52.9927,76.7595,504,29864,0.81304,1,2,2248466,2247962,504
156707101,37.9971,49.3038,501,29935,0.763216,1,2,2248494,2247993,501
156710021,21.7988,37.7215,482,30006,0.755286,1,2,2248505,2248023,482
156721701,52.6429,60.9657,478,30287,0.438903,1,1,2248700,2248222,478
156733381,48.1381,52.9927,461,30566,0.405652,0.73,1,2248927,2248466,461
156742141,39.4408,42.9195,452,30773,0.425082,0.53,1,2249014,2248562,452
156745061,34.9763,38.7678,448,30842,0.428033,0.47,1,2249046,2248598,448
156747981,35.5905,40.1071,443,30911,0.429213,0.39,1,2249082,2248639,443
156785941,57.0845,46.4103,510,31789,0.794035,0.53,2,2249696,2249186,510
156788861,75.6338,57.5641,533,31856,0.827614,0.59,2,2249784,2249251,533
156791781,48.2535,74.0256,478,31922,0.853046,0.59,2,2249814,2249336,478
156794701,34.9014,47.6103,474,31988,0.863218,0.59,2,2249840,2249366,474
156797621,18.7606,34.6441,456,32054,0.867287,0.59,2,2249848,2249392,456
156800541,42.3042,18.6576,506,32120,0.892915,0.55,2,2249906,2249400,506
156997641,117.673,14.9057,619,16790,0.769179,0.63,2,2253423,2252804,619
157000561,135.269,107.362,597,16916,0.829672,0.71,2,2253570,2252973,597
157082321,65.8874,100.857,518,20134,0.8932,1,2,2255824,2255306,518
157094001,47.0371,58.9435,508,20552,0.201378,1,1,2256102,2255594,508
157099841,61.6459,113.711,494,20758,0.0502205,0.85,1,2256284,2255790,494
157102761,90.0584,65.8844,569,20860,0.0380882,0.53,1,2256393,2255824,569
157105681,78.0233,101.954,513,20962,0.0572353,0.31,1,2256463,2255950,513
157108601,32.4093,89.9815,433,21063,0.0648941,0.21,1,2256465,2256032,433
157111521,26.7637,51.5926,430,21164,0.0559576,0.13,1,2256488,2256058,430
157117361,104.962,110.615,423,21364,0.0869532,0.01,1,2256678,2256255,423
157120281,59.3849,61.6459,423,21463,0.0647813,0.03,1,2256707,2256284,423
157123201,89.154,90.0584,423,21562,0.0679125,0.07,1,2256816,2256393,423
157126121,80.0616,78.0233,427,21660,0.069165,0.07,1,2256890,2256463,427
157129041,33.2246,32.4093,427,21758,0.069666,0.05,1,2256892,2256465,427
157131961,25.2899,26.7637,424,21855,0.0698664,0.15,1,2256912,2256488,424
157146561,80.1886,80.0616,425,22336,0.2202,0.07,1,2257315,2256890,425
157149481,33.2754,33.2246,425,22431,0.23808,0.07,1,2257317,2256892,425
157152401,25.3102,25.2899,425,22526,0.245232,0.07,1,2257337,2256912,425
157155321,34.1241,10.1159,465,22620,0.224093,0.13,1,2257377,2256912,465
157158241,103.65,28.0464,575,22714,0.263637,0.17,1,2257527,2256952,575
157161161,60.0598,100.019,458,22807,0.279455,0.11,1,2257558,2257100,458
157172841,25.4991,33.2133,451,23177,0.404354,0.25,1,2257768,2257317,451
157175761,34.1997,25.2853,471,23268,0.407742,0.21,1,2257808,2257337,471
157178681,106.08,34.1141,585,23359,0.433097,0.29,1,2257962,2257377,585
157219561,34.0941,34.3386,448,24598,0.795578,0.57,2,2258697,2258249,448
157222481,108.438,107.335,450,24684,0.828231,0.57,2,2258855,2258405,450
157225401,44.5751,44.1342,450,24770,0.841293,0.63,2,2258857,2258407,450
157228321,40.03,39.2537,451,24856,0.846517,0.69,2,2258894,2258443,451
157231241,88.012,85.3015,455,24941,0.872607,0.75,2,2259014,2258559,455
157353881,86.3826,84.8362,489,28288,0.897049,1,2,2261403,2260914,489
157356801,55.553,56.1345,487,28363,0.82082,1,2,2261438,2260951,487
157374321,43.2158,69.133,511,28808,0.250733,1,1,2261725,2261214,511
157391841,37.1967,46.9271,483,29246,0.221879,0.53,1,2262021,2261538,483
157394761,32.2787,40.3708,476,29318,0.226752,0.49,1,2262050,2261574,476
157397681,60.9115,35.3483,524,29390,0.240701,0.27,1,2262130,2261606,524
157400601,35.7646,70.5393,449,29462,0.27028,0.17,1,2262149,2261700,449
157403521,33.5058,43.2157,456,29534,0.270112,0.11,1,2262181,2261725,456
157406441,80.0023,37.0863,534,29606,0.282045,0.15,1,2262292,2261758,534
157409361,49.4009,78.4345,457,29677,0.298818,0.13,1,2262321,2261864,457
157429801,35.425,35.7646,436,30172,0.435066,0.27,1,2262585,2262149,436
157464841,82.3062,79.228,449,31003,0.790978,0.55,2,2263177,2262728,449
157467761,50.9225,49.6912,449,31071,0.790391,0.61,2,2263207,2262758,449
157470681,55.769,54.0765,451,31139,0.814157,0.63,2,2263266,2262815,451
157473601,47.5076,46.8306,451,31207,0.823663,0.63,2,2263308,2262857,451
157476521,20.203,19.9322,451,31275,0.803465,0.63,2,2263310,2262859,451
157479441,28.4812,28.3729,451,31343,0.795386,0.63,2,2263344,2262893,451
157482361,28.7925,11.3492,480,31411,0.816154,0.65,2,2263373,2262893,480
157485281,66.717,21.3397,544,31478,0.836462,0.69,2,2263465,2262921,544
157488201,37.4868,61.9359,473,31545,0.856585,0.73,2,2263483,2263010,473
157491121,37.1947,35.5743,492,31612,0.852634,0.75,2,2263520,2263028,492
157494041,85.0779,35.8297,573,31679,0.839054,0.83,2,2263637,2263064,573
157496961,52.0312,82.1319,490,31746,0.845621,0.79,2,2263667,2263177,490
157499881,56.2125,50.8528,519,31813,0.860249,0.83,2,2263726,2263207,519
157502801,47.685,55.7411,502,31880,0.878099,0.83,2,2263768,2263266,502
157505721,20.274,47.4964,462,31946,0.88524,0.79,2,2263770,2263308,462
157508641,28.5096,20.1986,494,32012,0.888096,0.79,2,2263804,2263310,494
157634201,32.9778,41.2938,508,34739,0.876928,1,2,2265740,2265232,508
157637121,29.9911,29.7175,514,34800,0.872771,1,2,2265768,2265254,514
157640041,35.3964,19.687,540,34861,0.847108,1,2,2265807,2265267,540
157642961,32.7586,27.0748,539,34922,0.788843,1,2,2265838,2265299,539
157645881,28.7034,48.0299,503,34983,0.813537,1,2,2265864,2265361,503
157648801,29.4814,34.212,508,35043,0.799415,1,2,2265894,2265386,508
157707201,36.3861,35.485,451,36231,0.75243,0.57,2,2266726,2266275,451
157710121,29.5544,29.794,450,36289,0.762972,0.55,2,2266751,2266301,450
157713041,26.2218,26.9176,449,36347,0.791189,0.55,2,2266775,2266326,449
157715961,11.6887,11.967,449,36405,0.778476,0.61,2,2266777,2266328,449
157718881,23.8755,23.3868,450,36463,0.77339,0.55,2,2266809,2266359,450
157721801,74.3502,74.7547,449,36521,0.831356,0.57,2,2266917,2266468,449
157724721,47.7401,48.5019,448,36579,0.854542,0.67,2,2266947,2266499,448
158057601,34.7621,34.442,494,42661,0.878798,1,2,2271155,2270661,494
158060521,48.1048,50.9768,489,42710,0.813519,1,2,2271212,2270723,489
158063441,44.4419,41.9907,495,42759,0.751408,1,2,2271254,2270759,495
158072201,44.6523,52.6074,478,42906,0.75537,1,2,2271379,2270901,478
158078041,38.7044,38.1772,487,43004,0.765259,0.9,2,2271461,2270974,487
158080961,22.0817,15.2709,498,43053,0.756104,1,2,2271472,2270974,498
158083881,11.8327,15.7083,487,43102,0.764441,1,2,2271477,2270990,487
158086801,15.5331,12.8833,494,43151,0.803777,1,2,2271495,2271001,494
158089721,30.2132,13.5533,520,43200,0.807511,0.99,2,2271535,2271015,520
158092641,30.0853,34.8213,501,43249,0.821004,0.93,2,2271565,2271064,501
158095561,21.6341,32.5285,486,43298,0.814402,0.95,2,2271581,2271095,486
158098481,35.0536,23.8114,512,43347,0.799761,0.83,2,2271625,2271113,512
158101401,41.0215,34.7246,515,43396,0.805904,0.77,2,2271670,2271155,515
158104321,42.8086,48.0898,502,43445,0.808362,0.71,2,2271714,2271212,502
158107241,33.9234,44.4359,488,43494,0.845345,0.63,2,2271742,2271254,488
158110161,44.7694,37.5744,507,43543,0.836138,0.77,2,2271794,2271287,507
158113081,45.5077,42.6297,507,43591,0.880455,0.77,2,2271840,2271333,507
158313101,186.039,177.882,516,21270,0.434339,0.92,1,2274067,2273551,516
158336461,80.541,86.5615,437,22055,0.402101,0.29,1,2274599,2274162,437
158368581,43.0587,70.7405,474,23091,0.771657,0.63,2,2275298,2274824,474
158371501,24.4235,41.4962,464,23183,0.782663,0.67,2,2275310,2274846,464
158374421,63.1694,23.7985,541,23274,0.811065,0.65,2,2275399,2274858,541
158377341,83.4678,62.3194,550,23365,0.858426,0.69,2,2275496,2274946,550
158494141,60.6557,49.2181,541,26753,0.870467,1,2,2277863,2277322,541
158497061,84.2623,55.6872,581,26832,0.846187,1,2,2277963,2277382,581
158499981,66.1049,83.4749,533,26911,0.812475,1,2,2278017,2277484,533
158502901,35.442,72.39,483,26990,0.79899,1,2,2278032,2277549,483
158505821,65.1768,84.756,475,27068,0.805596,0.97,2,2278117,2277642,475
158508741,45.8707,51.3024,479,27146,0.772238,0.92,2,2278150,2277671,479
158511661,36.3483,39.121,478,27224,0.782895,0.95,2,2278180,2277702,478
158514581,39.1393,43.8484,472,27302,0.751158,0.97,2,2278221,2277749,472
158517501,36.6557,42.1394,466,27380,0.798463,0.81,2,2278256,2277790,466
158520421,57.2623,60.6557,464,27457,0.781385,0.83,2,2278327,2277863,464
158523341,81.7049,84.2623,462,27534,0.798554,0.79,2,2278425,2277963,462
158526261,66.282,66.1049,464,27611,0.805422,0.79,2,2278481,2278017,464
158529181,33.7128,35.442,461,27688,0.808169,0.81,2,2278493,2278032,461
158532101,65.0851,65.1768,462,27764,0.809268,0.75,2,2278579,2278117,462
158535021,45.234,45.8707,461,27840,0.809707,0.79,2,2278611,2278150,461
158537941,33.6936,36.3483,457,27916,0.797883,0.73,2,2278637,2278180,457
158540861,39.2774,39.1393,459,27992,0.853153,0.83,2,2278680,2278221,459
158543781,37.911,36.6557,461,28068,0.899261,0.77,2,2278717,2278256,461
158669341,59.3114,59.3336,489,31144,0.242483,1,1,2280955,2280466,489
158675181,36.2498,42.6134,482,31280,0.0519973,1,1,2281023,2280541,482
158678101,33.6999,17.0454,514,31348,0.0387989,0.99,1,2281055,2280541,514
158681021,27.88,28.4181,502,31415,0.0335196,1,1,2281079,2280577,502
158683941,26.152,33.5673,490,31482,0.0434078,1,1,2281104,2280614,490
158686861,42.8608,25.4269,524,31549,0.0593631,0.98,1,2281158,2280634,524
158689781,66.3443,42.5708,552,31616,0.0297453,0.85,1,2281240,2280688,552
158692701,59.5377,75.2283,510,31683,0.0538981,0.51,1,2281295,2280785,510
158695621,41.2151,72.0913,469,31750,0.0755592,0.39,1,2281324,2280855,469
158698541,48.886,49.2365,489,31817,0.0722237,0.07,1,2281378,2280889,489
158701461,44.7544,59.2946,465,31883,0.0468895,0.03,1,2281420,2280955,465
158704381,32.9018,47.1178,451,31949,0.0247558,0.01,1,2281445,2280994,451
158707301,31.7607,36.2471,453,32015,0.0159023,0.03,1,2281476,2281023,453
158710221,28.9043,33.6989,448,32081,0.0243609,0.03,1,2281503,2281055,448
158713141,24.7617,27.8795,446,32147,0.0637444,0.05,1,2281525,2281079,446
158716061,42.9047,26.1518,476,32213,0.0434977,0.07,1,2281580,2281104,476
158718981,66.3619,42.8607,504,32279,0.0473991,0.01,1,2281662,2281158,504
158721901,60.7447,66.3443,479,32345,0.0969596,0.07,1,2281719,2281240,479
158736501,31.63,32.9018,453,32670,0.0744809,0.01,1,2281898,2281445,453
158739421,28.852,31.7607,449,32735,0.0477923,0.03,1,2281925,2281476,449
158742341,12.7408,28.9043,424,32800,0.0371169,0.09,1,2281927,2281503,424
158745261,17.0963,24.7617,422,32864,0.0328468,0.03,1,2281947,2281525,422
158748181,40.4385,42.9047,423,32928,0.0311387,0.05,1,2282003,2281580,423
158751101,64.7754,66.3619,422,32992,0.0304555,0.13,1,2282084,2281662,422
158754021,65.5102,60.7447,431,33056,0.0661822,0.15,1,2282150,2281719,431
158756941,42.4041,42.2979,428,33120,0.0924729,0.11,1,2282177,2281749,428
158771541,27.9497,28.852,423,33438,0.0985693,0.03,1,2282348,2281925,423
158774461,12.3799,12.7408,423,33501,0.0814277,0.03,1,2282350,2281927,423
158780301,40.3808,40.4385,423,33627,0.0622284,0.03,1,2282426,2282003,423
158783221,64.1523,64.7754,422,33690,0.0548914,0.09,1,2282506,2282084,422
158786141,67.6609,65.5102,426,33753,0.0519565,0.11,1,2282576,2282150,426
158789061,42.6644,42.4041,425,33816,0.0747826,0.19,1,2282602,2282177,425
158791981,50.6657,48.1616,429,33879,0.0839131,0.21,1,2282658,2282229,429
158812421,37.3121,6.78078,477,34313,0.205668,0.03,1,2282847,2282370,477
158815341,62.9248,36.3123,501,34375,0.208267,0.05,1,2282927,2282426,501
158818261,68.3699,62.5249,493,34437,0.221307,0.05,1,2282999,2282506,493
158821181,44.148,67.01,451,34498,0.238523,0.09,1,2283027,2282576,451
158824101,51.2592,42.404,481,34559,0.245409,0.09,1,2283083,2282602,481
158827021,48.1037,50.5616,471,34620,0.248164,0.15,1,2283129,2282658,471
158829941,30.0415,46.0246,446,34681,0.249265,0.15,1,2283147,2282701,446
158832861,30.0166,29.2099,458,34742,0.273706,0.15,1,2283177,2282719,458
158847461,64.7435,37.3119,512,35046,0.406819,0.21,1,2283359,2282847,512
158850381,69.6974,62.9248,505,35106,0.408727,0.23,1,2283432,2282927,505
158867901,29.8921,30.0166,464,35466,0.404066,0.35,1,2283641,2283177,464
158870821,13.1568,27.6066,440,35526,0.407626,0.35,1,2283643,2283203,440
158873741,17.2627,12.2427,458,35586,0.421051,0.35,1,2283663,2283205,458
158923381,44.6508,42.7316,452,36582,0.753513,0.61,2,2284352,2283900,452
158926301,52.6603,51.8927,452,36640,0.787405,0.67,2,2284410,2283958,452
158929221,48.0641,47.1571,453,36698,0.788962,0.67,2,2284455,2284002,453
158932141,30.0257,29.6628,453,36756,0.801585,0.71,2,2284473,2284020,453
158935061,35.4103,32.8651,457,36813,0.806634,0.73,2,2284512,2284055,457
158937981,30.9641,30.5461,456,36870,0.832654,0.73,2,2284540,2284084,456
158940901,13.5856,13.4184,456,36927,0.843061,0.73,2,2284542,2284086,456
158943821,17.4343,17.3674,456,36984,0.847225,0.75,2,2284562,2284106,456
158946741,41.1737,40.5469,457,37041,0.88489,0.71,2,2284619,2284162,457
158949661,17.6695,17.4188,457,37098,0.899956,0.73,2,2284621,2284164,457
159127781,37.1843,33.5911,515,40426,0.898,1,2,2287005,2286490,515
159130701,28.0737,33.8364,503,40478,0.8032,1,2,2287027,2286524,503
159133621,34.0295,30.9346,512,40530,0.80728,1,2,2287065,2286553,512
159145301,37.0632,49.5599,507,40738,0.240746,1,1,2287250,2286743,507
159151141,33.2901,31.6896,513,40842,0.0565194,1,1,2287310,2286797,513
159154061,39.116,34.2758,520,40894,0.0286078,1,1,2287353,2286833,520
159156981,32.4464,36.5103,510,40946,0.0294431,1,1,2287381,2286871,510
159159901,33.9786,32.0041,516,40998,0.0537772,1,1,2287416,2286900,516
159162821,28.5914,31.4017,510,41049,0.0635109,1,1,2287441,2286931,510
159165741,33.0366,32.9607,512,41100,0.0434044,0.83,1,2287477,2286965,512
159168661,21.6146,37.1843,486,41151,0.0473617,0.74,1,2287491,2287005,486
159171581,27.8459,28.0737,496,41202,0.0369447,0.81,1,2287523,2287027,496
159174501,29.1383,34.0295,488,41253,0.0327779,0.65,1,2287553,2287065,488
159177421,44.0553,34.6118,507,41304,0.0551112,0.47,1,2287607,2287100,507
159180341,49.4221,51.6447,497,41355,0.0880445,0.25,1,2287660,2287163,497
159189101,31.051,29.2253,459,41508,0.0879548,0.01,1,2287733,2287274,459
159192021,13.6204,33.2901,425,41559,0.0651819,0.01,1,2287735,2287310,425
159194941,29.4482,39.116,422,41610,0.0680728,0.03,1,2287775,2287353,422
159197861,28.5793,32.4464,422,41661,0.0932291,0.07,1,2287803,2287381,422
159200781,32.4317,33.9786,422,41712,0.0672916,0.07,1,2287838,2287416,422
159203701,27.9727,28.5914,422,41763,0.0689167,0.03,1,2287863,2287441,422
159206621,32.7891,33.0366,422,41814,0.0575667,0.05,1,2287899,2287477,422
159209541,23.3156,21.6146,425,41864,0.0410267,0.03,1,2287916,2287491,425
159212461,27.3263,27.8459,423,41914,0.0464107,0.03,1,2287946,2287523,423
159215381,30.1305,29.1383,425,41964,0.0605643,0.07,1,2287978,2287553,425
159218301,45.6522,44.0553,427,42014,0.0782257,0.11,1,2288034,2287607,427
159221221,50.6609,49.4221,428,42064,0.0972903,0.17,1,2288088,2287660,428
159229981,28.8023,31.051,424,42214,0.0731866,0.05,1,2288157,2287733,424
159232901,12.7209,13.6204,424,42264,0.0592746,0.07,1,2288159,2287735,424
159235821,29.6884,29.4482,425,42314,0.0777099,0.11,1,2288200,2287775,425
159238741,26.8753,28.5793,422,42364,0.0610839,0.05,1,2288225,2287803,422
159241661,31.7501,32.4317,422,42414,0.0544336,0.07,1,2288260,2287838,422
159244581,28.3001,27.9727,423,42464,0.0517734,0.05,1,2288286,2287863,423
159247501,32.32,32.7891,422,42514,0.0627094,0.03,1,2288321,2287899,422
159250421,23.728,23.3156,423,42564,0.0670837,0.05,1,2288339,2287916,423
159273781,12.4754,12.7209,424,42958,0.205462,0.09,1,2288583,2288159,424
159282541,31.0144,19.7501,456,43105,0.23899,0.05,1,2288681,2288225,456
159285461,28.0058,28.9001,447,43154,0.233596,0.05,1,2288707,2288260,447
159288381,32.8023,27.16,457,43203,0.243438,0.07,1,2288743,2288286,457
159291301,23.9209,31.864,440,43252,0.247375,0.07,1,2288761,2288321,440
159294221,30.5684,23.5456,457,43301,0.29695,0.13,1,2288796,2288339,457
159314661,12.7474,28.1882,431,43642,0.404534,0.21,1,2289012,2288581,431
159317581,30.299,12.4753,471,43690,0.407814,0.19,1,2289054,2288583,471
159320501,25.3196,29.5901,452,43738,0.409125,0.19,1,2289076,2288624,452
159323421,32.3278,25.036,467,43786,0.43365,0.27,1,2289113,2288646,467
159390581,34.5744,33.8694,449,44880,0.764674,0.55,2,2289850,2289401,449
159393501,23.4298,23.1478,449,44927,0.77987,0.57,2,2289866,2289417,449
159396421,30.3719,29.6591,450,44974,0.773948,0.57,2,2289901,2289451,450
159399341,13.3488,13.0636,450,45021,0.771579,0.57,2,2289903,2289453,450
159402261,30.5395,30.4255,450,45068,0.794632,0.57,2,2289945,2289495,450
159405181,26.6158,25.9702,451,45115,0.803853,0.61,2,2289969,2289518,451
159408101,34.6463,33.1881,453,45162,0.807541,0.62,2,2290009,2289556,453
159411021,15.0585,14.4752,453,45209,0.809016,0.73,2,2290011,2289558,453
159413941,23.4234,21.3901,456,45256,0.773607,0.71,2,2290040,2289584,456
159416861,32.7694,31.356,457,45303,0.759443,0.71,2,2290079,2289622,457
159419781,23.9077,23.3424,457,45350,0.753777,0.71,2,2290097,2289640,457
159422701,31.1631,30.937,457,45397,0.763511,0.71,2,2290133,2289676,457
159425621,34.6652,33.9748,458,45443,0.755404,0.73,2,2290170,2289712,458
159428541,49.8661,49.5899,458,45489,0.800162,0.73,2,2290230,2289772,458
159431461,53.5464,53.436,458,45535,0.854065,0.79,2,2290286,2289828,458
159434381,35.2186,34.5744,459,45581,0.899626,0.79,2,2290309,2289850,459
159443141,13.63,13.3488,460,45719,0.894456,0.81,2,2290363,2289903,460
159446061,30.652,30.5395,460,45765,0.867782,0.81,2,2290405,2289945,460
159448981,26.6608,26.6158,460,45811,0.893113,0.81,2,2290429,2289969,460
159646081,195.126,162.757,549,21997,0.4036,1,1,2292605,2292056,549
159654841,72.3681,89.7124,472,22285,0.40095,0.61,1,2292814,2292342,472
159657761,55.9472,58.685,479,22380,0.41838,0.45,1,2292859,2292380,479
159701561,55.8127,54.1282,504,23762,0.754777,0.61,2,2293805,2293301,504
159704481,30.7251,53.4513,465,23851,0.763911,0.61,2,2293819,2293354,465
159707401,84.89,29.7805,572,23940,0.803564,0.67,2,2293940,2293368,572
159710321,35.156,82.7122,456,24029,0.819426,0.69,2,2293942,2293486,456
159713241,62.6624,81.6849,456,24117,0.83777,0.69,2,2294023,2293567,456
159716161,70.065,77.074,457,24205,0.869108,0.77,2,2294098,2293641,457
159827121,91.0742,91.2166,489,27336,0.812598,1,2,2296319,2295830,489
159838801,44.1395,44.0567,480,27644,0.429235,0.94,1,2296480,2296000,480
159844641,41.8623,43.4091,484,27797,0.249878,0.87,1,2296583,2296099,484
159859241,33.0293,37.3719,447,28176,0.211906,0.39,1,2296822,2296375,447
159862161,51.0117,56.3487,441,28251,0.210762,0.39,1,2296885,2296444,441
159868001,56.0419,62.6558,429,28401,0.224522,0.23,1,2296984,2296555,429
159870921,38.6167,25.0623,456,28476,0.227809,0.21,1,2297011,2296555,456
159873841,38.8467,26.8249,467,28550,0.217124,0.07,1,2297050,2296583,467
159876761,48.5387,37.13,478,28624,0.200849,0.13,1,2297105,2296627,478
159879681,74.6155,46.052,518,28698,0.24234,0.13,1,2297197,2296679,518
159882601,46.0462,74.2208,452,28772,0.270936,0.17,1,2297224,2296772,452
159900121,37.0273,38.6128,468,29211,0.429713,0.21,1,2297479,2297011,468
159903041,48.4109,38.8451,485,29283,0.441885,0.19,1,2297535,2297050,485
159949761,59.6975,59.0403,449,30419,0.773286,0.57,2,2298307,2297858,449
159952681,40.079,39.2161,450,30489,0.771315,0.57,2,2298334,2297884,450
159955601,17.2316,16.8865,450,30558,0.770526,0.63,2,2298336,2297886,450
159958521,29.6926,28.9546,451,30627,0.75821,0.61,2,2298374,2297923,451
159961441,46.0771,45.7818,451,30696,0.789284,0.71,2,2298431,2297980,451
159964361,80.2308,77.7127,455,30765,0.813714,0.67,2,2298534,2298079,455
159967281,48.2923,46.6851,456,30834,0.835485,0.71,2,2298561,2298105,456
159970201,37.9169,37.274,456,30903,0.856194,0.73,2,2298592,2298136,456
160092841,32.3052,26.0345,508,33657,0.89128,1,2,2300522,2300014,508
160095761,34.5221,51.2138,476,33720,0.794512,1,2,2300558,2300082,476
160110361,35.3215,31.9923,495,34032,0.261374,1,1,2300779,2300284,495
160113281,26.7286,33.7969,481,34094,0.27855,1,1,2300800,2300319,481
160127881,31.3422,27.1781,490,34404,0.0745739,0.73,1,2301012,2300522,490
160130801,35.3369,32.4712,492,34465,0.0718296,0.59,1,2301050,2300558,492
160133721,49.5347,36.9885,511,34526,0.0947318,0.49,1,2301109,2300598,511
160151241,46.8026,69.4881,459,34892,0.210522,0.13,1,2301357,2300898,459
160154161,33.7211,47.5952,451,34953,0.222209,0.09,1,2301382,2300931,451
160157081,26.0884,34.6381,446,35013,0.238884,0.11,1,2301403,2300957,446
160160001,30.8354,25.8552,460,35073,0.257553,0.05,1,2301437,2300977,460
160162921,33.3341,31.3421,460,35133,0.289021,0.07,1,2301472,2301012,460
160189201,28.1168,33.7211,456,35671,0.415255,0.25,1,2301838,2301382,456
160192121,12.4467,26.0884,437,35730,0.424102,0.27,1,2301840,2301403,437
160197961,32.4715,33.3341,438,35848,0.438656,0.33,1,2301910,2301472,438
160200881,49.5886,49.3337,439,35907,0.445463,0.35,1,2301971,2301532,439
160244681,34.9188,34.4697,447,36781,0.763927,0.57,2,2302528,2302081,447
160247601,24.1675,23.3879,448,36838,0.791571,0.61,2,2302545,2302097,448
160250521,68.467,66.9551,450,36895,0.826628,0.63,2,2302643,2302193,450
160253441,49.5868,48.3821,451,36952,0.828651,0.61,2,2302680,2302229,451
160256361,35.4347,35.5528,450,37009,0.829461,0.61,2,2302706,2302256,450
160259281,29.1739,29.2211,450,37066,0.817784,0.61,2,2302731,2302281,450
160262201,12.8696,12.8885,450,37123,0.837114,0.61,2,2302733,2302283,450
160265121,24.3478,24.3554,450,37180,0.820845,0.61,2,2302765,2302315,450
160268041,33.7391,9.74215,490,37237,0.826338,0.65,2,2302805,2302315,490
160270961,52.4957,27.2969,516,37294,0.840535,0.69,2,2302870,2302354,516
160273881,53.3983,47.5187,509,37351,0.858214,0.75,2,2302924,2302415,509
160276801,38.7593,50.8075,485,37408,0.877286,0.73,2,2302953,2302468,485
160279721,36.5037,35.923,494,37464,0.896914,0.79,2,2302988,2302494,494
160452001,333.408,337.196,503,17520,0.418,1,1,2305237,2304734,503
160454921,168.163,166.678,508,18366,0.2092,0.95,1,2305295,2304787,508
160457841,133.865,135.671,504,18482,0.08968,0.75,1,2305406,2304902,504
160460761,131.546,132.269,504,18597,0.065872,0.57,1,2305536,2305032,504
160463681,80.2184,103.307,466,18711,0.0323488,0.11,1,2305582,2305116,466
160466601,65.0874,92.923,435,18824,0.0549395,0.01,1,2305637,2305202,435
160469521,39.2349,51.5692,433,18937,0.0399758,0.07,1,2305659,2305226,433
160472441,50.494,62.0277,422,19049,0.0339903,0.01,1,2305717,2305295,422
160475361,86.7976,91.4111,422,19160,0.0135961,0.05,1,2305828,2305406,422
160478281,114.519,114.564,425,19271,0.0234385,0.01,1,2305961,2305536,425
160481201,71.6076,73.4258,422,19381,0.0513754,0.07,1,2306004,2305582,422
160484121,61.643,62.3703,422,19490,0.0865502,0.03,1,2306059,2305637,422
160487041,37.8572,38.1481,422,19599,0.0526201,0.03,1,2306081,2305659,422
160489961,49.3429,15.2592,479,19707,0.027048,0.03,1,2306138,2305659,479
160492881,87.5372,40.9037,534,19815,0.0168192,0,1,2306251,2305717,534
160507481,49.0029,37.759,478,20344,0.0855834,0.01,1,2306559,2306081,478
160510401,88.6012,49.3036,536,20448,0.0522334,0.01,1,2306674,2306138,536
160522081,37.1642,61.0174,450,20860,0.209897,0.17,1,2306931,2306481,450
160525001,44.8657,37.0069,479,20962,0.209959,0.03,1,2306981,2306502,479
160527921,19.1463,49.0028,424,21063,0.209984,0.03,1,2306983,2306559,424
160530841,76.0585,88.6011,423,21164,0.0899934,0.15,1,2307097,2306674,423
160565881,44.1781,44.6134,429,22336,0.201271,0.19,1,2307842,2307413,429
160568801,18.8712,19.0454,429,22431,0.254509,0.05,1,2307844,2307415,429
160571721,65.7485,70.0181,422,22526,0.239803,0.05,1,2307941,2307519,422
160574641,116.299,28.0073,572,22620,0.209921,0.13,1,2308091,2307519,572
160577561,76.5198,99.4029,475,22714,0.221969,0.13,1,2308141,2307666,475
160580481,67.8079,68.5612,489,22807,0.274787,0.15,1,2308203,2307714,489
160595081,116.95,65.6797,582,23268,0.40347,0.19,1,2308523,2307941,582
160600921,71.1521,76.5087,500,23450,0.428155,0.31,1,2308641,2308141,500
160630121,46.806,48.5843,447,24338,0.76101,0.49,2,2309162,2308715,447
160633041,19.9224,20.6337,447,24425,0.766404,0.57,2,2309164,2308717,447
160635961,66.769,65.2535,450,24512,0.756562,0.65,2,2309262,2308812,450
160638881,120.308,117.301,454,24598,0.788625,0.67,2,2309418,2308964,454
160641801,78.723,76.9206,455,24684,0.82545,0.67,2,2309469,2309014,455
160644721,32.6892,31.9682,455,24770,0.81618,0.75,2,2309471,2309016,455
160647641,56.8757,54.7873,458,24856,0.848472,0.77,2,2309544,2309086,458
160650561,35.3503,34.5149,458,24941,0.849389,0.77,2,2309565,2309107,458
160653481,47.1401,46.806,458,25026,0.897756,0.77,2,2309620,2309162,458
160746921,42.9307,35.9073,495,27605,0.895446,1,2,2311467,2310972,495
160749841,39.3723,33.5629,500,27682,0.856179,1,2,2311504,2311004,500
160752761,34.9489,35.6252,495,27759,0.768471,1,2,2311536,2311041,495
160767361,41.6705,46.3171,474,28138,0.413191,0.84,1,2311853,2311379,474
160773201,38.7073,42.9307,464,28288,0.405711,0.83,1,2311931,2311467,464
160784881,46.8309,27.5998,512,28586,0.415074,0.59,1,2312077,2311565,512
160840361,44.0444,49.4753,451,29961,0.793968,0.65,2,2312973,2312522,451
160843281,110.018,109.79,455,30032,0.827587,0.69,2,2313127,2312672,455
160846201,72.2071,71.5161,456,30102,0.829035,0.71,2,2313174,2312718,456
160849121,41.4828,40.6064,457,30172,0.841614,0.71,2,2313195,2312738,457
160852041,42.3931,42.0426,457,30242,0.834646,0.71,2,2313238,2312781,457
160854961,39.7573,39.617,457,30312,0.855858,0.71,2,2313276,2312819,457
160857881,35.1029,35.0468,457,30382,0.864343,0.71,2,2313308,2312851,457
160860801,31.4412,30.8187,458,30452,0.855737,0.71,2,2313337,2312879,458
160863721,28.1765,28.5275,457,30521,0.864295,0.71,2,2313363,2312906,457
160866641,12.4706,12.611,457,30590,0.891718,0.85,2,2313365,2312908,457
161059361,61.3412,106.076,508,34861,0.8716,1,2,2316501,2315993,508
161062281,45.5365,64.6303,506,34922,0.89464,1,2,2316536,2316030,506
161065201,44.6146,51.6521,507,34983,0.759856,1,2,2316580,2316073,507
161079801,27.2581,32.8204,512,35283,0.22909,1,1,2316739,2316227,512
161088561,92.5125,30.1325,615,35463,0.0516217,0.84,1,2316933,2316318,615
161091481,55.605,100.853,498,35523,0.0266487,0.85,1,2316964,2316466,498
161094401,40.242,61.3412,493,35583,0.0106595,0.91,1,2316994,2316501,493
161097321,37.0968,45.5365,493,35642,0.0342638,0.67,1,2317029,2316536,493
161100241,16.0387,44.6146,451,35701,0.0437055,0.63,1,2317031,2316580,451
161103161,28.0155,40.6458,449,35760,0.0474822,0.53,1,2317067,2316618,449
161106081,28.6062,36.6583,444,35819,0.0489929,0.43,1,2317096,2316652,444
161109001,24.6425,30.8633,439,35878,0.0375971,0.25,1,2317118,2316679,439
161111921,29.657,35.1453,434,35937,0.0330389,0.15,1,2317151,2316717,434
161114841,23.2628,27.2581,431,35996,0.0312155,0.11,1,2317170,2316739,431
161117761,27.9051,30.7033,429,36055,0.0424862,0.11,1,2317201,2316772,429
161120681,26.162,27.2813,429,36114,0.0469945,0,1,2317226,2316797,429
161123601,88.4648,92.5125,423,36173,0.0727978,0.01,1,2317356,2316933,423
161126521,53.9859,55.605,423,36231,0.0471191,0,1,2317387,2316964,423
161129441,39.5944,40.242,423,36289,0.0368476,0.05,1,2317417,2316994,423
161132361,38.0377,37.0968,425,36347,0.0567391,0.05,1,2317454,2317029,425
161135281,16.4151,16.0387,425,36405,0.0646956,0.05,1,2317456,2317031,425
161138201,26.366,28.0155,422,36463,0.0678783,0.05,1,2317489,2317067,422
161141121,27.9464,28.6062,422,36521,0.0691513,0.03,1,2317518,2317096,422
161144041,24.3786,24.6425,422,36579,0.0696605,0.03,1,2317540,2317118,422
161146961,30.1514,29.657,423,36637,0.0938642,0.03,1,2317574,2317151,423
161149881,22.8606,23.2628,422,36695,0.0915457,0.05,1,2317592,2317170,422
161152801,28.3442,27.9051,423,36753,0.0906183,0.05,1,2317624,2317201,423
161155721,26.9377,26.162,424,36810,0.0902473,0.09,1,2317650,2317226,424
161184921,22.7797,29.139,442,37380,0.203942,0.09,1,2318016,2317574,442
161187841,27.7119,22.4556,455,37437,0.243577,0.09,1,2318047,2317592,455
161190761,26.6848,28.1822,449,37493,0.271431,0.09,1,2318073,2317624,449
161196601,53.2296,88.7492,455,37605,0.296629,0.15,1,2318235,2317780,455
161199521,39.2918,52.8997,456,37661,0.292652,0.11,1,2318265,2317809,456
161202441,38.5167,40.3599,462,37717,0.291061,0.15,1,2318303,2317841,462
161205361,16.6067,37.7439,428,37773,0.290424,0.11,1,2318305,2317877,428
161208281,28.8427,16.2976,463,37829,0.29017,0.15,1,2318342,2317879,463
161211201,28.3371,27.519,456,37885,0.290068,0.15,1,2318370,2317914,456
161307561,55.1086,55.2866,452,39684,0.799539,0.63,2,2319571,2319119,452
161310481,41.2434,40.7147,453,39737,0.805816,0.67,2,2319603,2319150,453
161313401,39.2974,39.0859,453,39790,0.844326,0.63,2,2319641,2319188,453
161316321,16.9189,16.8343,453,39843,0.83573,0.63,2,2319643,2319190,453
161319241,28.3676,28.3337,453,39896,0.844292,0.63,2,2319679,2319226,453
161322161,29.347,29.3335,453,39949,0.883717,0.65,2,2319709,2319256,453
161325081,27.3388,26.7334,454,40002,0.875487,0.69,2,2319735,2319281,454
161328001,12.1355,11.8934,454,40055,0.896195,0.65,2,2319737,2319283,454
161492981,331.445,349.966,498,18980,0.418,1,1,2321801,2321303,498
161495901,203.978,208.387,503,19092,0.2212,0.86,1,2321920,2321417,503
161498821,142.191,129.555,527,19203,0.09448,0.77,1,2322021,2321494,527
161501741,89.8765,108.222,488,19314,0.067792,0.41,1,2322076,2321588,488
161504661,65.9506,85.8887,467,19424,0.0691168,0,1,2322126,2321659,467
161507581,53.9802,79.3555,438,19533,0.0276467,0.05,1,2322172,2321734,438
161510501,41.3921,42.5422,453,19642,0.0290587,0.03,1,2322205,2321752,453
161513421,98.7568,46.4169,541,19750,0.0536235,0.09,1,2322342,2321801,541
161516341,100.103,89.9668,523,19857,0.0214494,0.01,1,2322443,2321920,523
161519261,73.0411,96.5867,477,19964,0.0505798,0.05,1,2322498,2322021,477
161522181,60.4164,71.6347,474,20070,0.0862319,0.07,1,2322550,2322076,474
161525101,49.9666,58.6539,467,20176,0.0344928,0,1,2322593,2322126,467
161528021,39.7866,51.0615,454,20281,0.0437971,0.03,1,2322626,2322172,454
161530941,98.7147,40.2246,559,20386,0.0355188,0.07,1,2322764,2322205,559
161533861,100.086,98.2899,523,20490,0.0142075,0,1,2322865,2322342,523
161536781,74.8343,99.9159,480,20594,0.047683,0.07,1,2322923,2322443,480
161539701,61.7337,72.9664,478,20697,0.0730732,0.11,1,2322976,2322498,478
161542621,47.4935,60.3865,464,20799,0.0472293,0,1,2323014,2322550,464
161545541,38.7974,49.9546,454,20901,0.0368917,0.05,1,2323047,2322593,454
161548461,98.919,39.7818,560,21002,0.0327567,0.03,1,2323186,2322626,560
161551381,40.7676,98.7127,424,21103,0.0311027,0,1,2323188,2322764,424
161554301,76.307,100.085,423,21204,0.0184411,0.07,1,2323288,2322865,423
161557221,66.5228,74.834,425,21304,0.0613764,0.09,1,2323348,2322923,425
161565981,37.0415,38.7974,422,21602,0.0896081,0.03,1,2323469,2323047,422
161568901,98.2166,98.919,422,21700,0.0538432,0.03,1,2323608,2323186,422
161571821,40.4866,40.7676,422,21798,0.0395373,0.01,1,2323610,2323188,422
161574741,76.1947,76.307,422,21895,0.0818149,0.09,1,2323710,2323288,422
161577661,67.6779,66.5228,424,21992,0.086726,0.13,1,2323772,2323348,424
161580581,61.2711,59.0091,427,22088,0.0766904,0.13,1,2323829,2323402,427
161583501,44.9085,44.6036,426,22184,0.0846762,0.07,1,2323863,2323437,426
161589341,97.3054,98.2166,422,22375,0.0795482,0.03,1,2324030,2323608,422
161592261,40.1221,40.4866,422,22470,0.0618193,0.11,1,2324032,2323610,422
161595181,77.8489,76.1947,425,22564,0.0547277,0.11,1,2324135,2323710,425
161598101,67.1395,30.4779,485,22658,0.0638911,0.09,1,2324195,2323710,485
161612701,39.0088,96.8372,423,23122,0.0734894,0.05,1,2324453,2324030,423
161615621,78.6035,39.9349,526,23214,0.0473958,0.05,1,2324558,2324032,526
161618541,68.6414,77.774,485,23305,0.0249583,0.07,1,2324620,2324135,485
161621461,65.8566,67.1096,489,23396,0.0519833,0.17,1,2324684,2324195,489
161624381,47.9426,61.6438,467,23487,0.0747933,0.21,1,2324720,2324253,467
161627301,35.977,46.2575,459,23577,0.0839173,0.21,1,2324748,2324289,459
161636061,78.2865,39.0085,527,23846,0.0790507,0.03,1,2324980,2324453,527
161650661,33.7508,35.977,426,24288,0.203878,0.13,1,2325174,2324748,426
161653581,89.1003,88.7908,428,24375,0.267551,0.13,1,2325300,2324872,428
161656501,36.8401,36.7163,428,24462,0.293021,0.05,1,2325302,2324874,428
161676941,92.0118,89.1003,435,25062,0.448638,0.31,1,2325735,2325300,435
161706141,78.8103,37.2108,550,25895,0.765809,0.55,2,2326287,2325737,550
161709061,73.5241,76.0843,518,25977,0.756324,0.59,2,2326357,2325839,518
161711981,30.6096,70.6337,453,26059,0.752529,0.59,2,2326359,2325906,453
161714901,52.4439,29.4535,518,26140,0.751012,0.63,2,2326426,2325908,518
161717821,44.9775,52.5814,490,26221,0.798405,0.61,2,2326466,2325976,490
161720741,36.591,43.8326,483,26302,0.793362,0.63,2,2326497,2326014,483
161723661,99.8364,35.533,595,26383,0.803345,0.75,2,2326639,2326044,595
161726581,41.1346,95.8132,461,26463,0.783338,0.75,2,2326641,2326180,461
161729501,80.0538,39.5253,565,26543,0.823335,0.79,2,2326747,2326182,565
161732421,72.8215,78.8101,528,26623,0.839334,0.75,2,2326815,2326287,528
161735341,30.3286,73.524,460,26703,0.845734,0.75,2,2326817,2326357,460
161738261,52.3314,30.6096,525,26782,0.848293,0.75,2,2326884,2326359,525
161741181,46.1326,52.4438,500,26861,0.885317,0.83,2,2326926,2326426,500
161837541,76.3388,79.3911,537,29350,0.886,1,2,2328697,2328160,537
161840461,49.7355,70.7565,504,29422,0.7924,1,2,2328729,2328225,504
161857981,45.3702,77.1682,499,29851,0.223687,1,1,2328996,2328497,499
161863821,53.5792,72.3469,472,29993,0.0609899,0.81,1,2329090,2328618,472
161866741,61.6317,76.3388,460,30064,0.0423959,0.73,1,2329157,2328697,460
161869661,43.2527,49.7355,459,30134,0.0589584,0.59,1,2329188,2328729,459
161872581,32.9011,41.4942,449,30204,0.0535834,0.55,1,2329214,2328765,449
161875501,35.9604,39.3977,449,30274,0.0514333,0.57,1,2329252,2328803,449
161878421,32.9842,36.1591,446,30344,0.0625733,0.53,1,2329283,2328837,446
161881341,26.3937,30.0636,442,30414,0.0670293,0.19,1,2329305,2328863,442
161884261,68.1575,77.4255,429,30484,0.0928117,0.15,1,2329401,2328972,429
161898861,42.4637,43.2527,423,30829,0.216115,0.05,1,2329611,2329188,423
161901781,33.1855,32.9011,424,30898,0.236446,0.05,1,2329638,2329214,424
161904701,34.8742,35.9604,422,30966,0.256578,0.07,1,2329674,2329252,422
161907621,33.1497,32.9842,423,31034,0.252631,0.07,1,2329706,2329283,423
161910541,26.4599,26.3937,423,31102,0.251053,0.11,1,2329728,2329305,423
161913461,69.9839,68.1575,426,31170,0.286421,0.13,1,2329827,2329401,426
161916381,41.7936,39.863,428,31238,0.288568,0.17,1,2329850,2329422,428
161919301,32.3174,32.7452,426,31306,0.277427,0.17,1,2329876,2329450,426
161922221,51.927,13.0981,491,31374,0.260971,0.19,1,2329941,2329450,491
161942661,70.6721,26.4277,533,31843,0.416402,0.31,1,2330261,2329728,533
161945581,42.0688,69.9711,457,31909,0.424561,0.29,1,2330284,2329827,457
161948501,32.4275,41.7884,460,31975,0.439824,0.27,1,2330310,2329850,460
161998141,33.431,34.3084,448,33081,0.772657,0.53,2,2331026,2330578,448
162001061,26.5724,26.9234,448,33145,0.807063,0.55,2,2331048,2330600,448
162003981,73.629,73.1694,449,33209,0.796825,0.55,2,2331153,2330704,449
162006901,43.2516,42.4677,450,33273,0.80473,0.59,2,2331176,2330726,450
162009821,34.7006,33.1871,452,33337,0.795892,0.65,2,2331205,2330753,452
162012741,54.6803,52.8748,454,33400,0.852357,0.65,2,2331273,2330819,454
162015661,67.4721,66.7499,454,33463,0.886943,0.65,2,2331349,2330895,454
162021501,32.2755,30.36,457,33589,0.894311,0.73,2,2331386,2330929,457
162363141,43.3143,42.0597,517,40286,0.879633,1,2,2336021,2335504,517
162366061,62.3257,49.2239,538,40338,0.873853,1,2,2336096,2335558,538
162368981,44.7303,53.2896,515,40390,0.835541,1,2,2336129,2335614,515
162371901,43.6921,50.7158,509,40442,0.808217,1,2,2336172,2335663,509
162374821,38.4768,38.8863,513,40494,0.797287,0.99,2,2336207,2335694,513
162377741,30.9907,37.1545,503,40546,0.804915,1,2,2336233,2335730,503
162380661,34.5963,34.6618,507,40598,0.771966,1,2,2336270,2335763,507
162383581,33.0385,34.8647,504,40650,0.770786,0.91,2,2336302,2335798,504
162386501,18.6154,32.5459,482,40702,0.794315,1,2,2336311,2335829,482
162389421,16.4462,20.8184,484,40754,0.803726,1,2,2336326,2335842,484
162392341,23.9785,15.5273,501,40806,0.83149,0.99,2,2336355,2335854,501
162395261,34.7914,25.4109,511,40858,0.830596,0.99,2,2336397,2335886,511
162398181,40.3166,35.9644,512,40910,0.818238,0.93,2,2336441,2335929,512
162401101,42.5266,43.7858,507,40962,0.861295,0.83,2,2336485,2335978,507
162404021,63.2106,43.3143,541,41014,0.866518,0.87,2,2336562,2336021,541
162406941,43.2843,62.3257,496,41065,0.856607,0.81,2,2336592,2336096,496
162409861,41.9137,44.7303,504,41116,0.852643,0.79,2,2336633,2336129,504
162412781,38.3655,43.6921,497,41167,0.863057,0.79,2,2336669,2336172,497
162415701,28.5462,38.4768,484,41218,0.867223,0.81,2,2336691,2336207,484
162418621,34.2185,30.9907,496,41269,0.892889,0.75,2,2336729,2336233,496
162421541,33.4874,34.5963,492,41320,0.879156,0.77,2,2336762,2336270,492
162424461,18.195,33.0385,468,41371,0.873662,0.81,2,2336770,2336302,468
162427381,17.478,18.6154,476,41422,0.883465,0.81,2,2336787,2336311,476
162430301,25.5912,16.4462,492,41473,0.899386,0.85,2,2336818,2336326,492
162879981,341.843,352.361,499,21900,0.766,1,2,2341873,2341374,499
162888741,92.6059,90.9031,511,22189,0.424624,0.98,1,2342087,2341576,511
162891661,89.8424,95.1612,501,22285,0.41585,0.89,1,2342175,2341674,501
162894581,67.7369,77.6645,488,22380,0.43634,0.71,1,2342228,2341740,488
162932541,86.726,70.6713,545,23582,0.773543,0.65,2,2343070,2342525,545
162935461,68.2904,82.2685,511,23672,0.807417,0.65,2,2343126,2342615,511
162938381,60.9162,66.5074,511,23762,0.832967,0.67,2,2343182,2342671,511
162941301,41.1665,60.803,482,23851,0.855187,0.67,2,2343210,2342728,482
162944221,45.2666,39.9212,504,23940,0.876075,0.67,2,2343258,2342754,504
162947141,19.3066,45.9685,456,24029,0.88443,0.75,2,2343260,2342804,456
162950061,70.7227,80.7874,457,24117,0.899772,0.77,2,2343365,2342908,457
162952981,69.0891,71.315,460,24205,0.893909,0.79,2,2343433,2342973,460
163066861,45.4608,45.2496,500,27413,0.87544,1,2,2345689,2345189,500
163078541,60.2374,67.8736,481,27721,0.442747,1,1,2345907,2345426,481
163087301,35.6552,41.8799,470,27949,0.259936,0.93,1,2346053,2345583,470
163096061,52.2499,59.5843,451,28176,0.229516,0.53,1,2346209,2345758,451
163098981,39.5,44.2337,448,28251,0.217806,0.47,1,2346240,2345792,448
163101901,38,44.0935,441,28326,0.249123,0.39,1,2346277,2345836,441
163104821,54.2,60.2374,435,28401,0.285649,0.39,1,2346342,2345907,435
163119421,41.0852,51.1368,463,28772,0.400605,0.21,1,2346579,2346116,463
163122341,52.4341,40.2547,490,28846,0.442242,0.25,1,2346639,2346149,490
163177821,55.3524,53.6511,452,30209,0.752776,0.61,2,2347535,2347083,452
163180741,41.3409,40.6604,452,30279,0.77511,0.63,2,2347567,2347115,452
163183661,39.9364,39.0642,453,30349,0.796044,0.69,2,2347606,2347153,453
163186581,59.1746,57.0257,456,30419,0.852418,0.67,2,2347678,2347222,456
163189501,74.0698,73.8103,455,30489,0.886967,0.67,2,2347762,2347307,455
163195341,33.9312,33.8896,455,30627,0.894315,0.71,2,2347800,2347345,455
163353021,38.9743,36.6173,495,34156,0.877264,1,2,2350294,2349799,495
163355941,37.1897,31.4469,503,34218,0.788906,1,2,2350330,2349827,503
163373461,77.468,45.1989,584,34587,0.216449,1,1,2350619,2350035,584
163376381,54.9872,80.4796,520,34648,0.22458,0.96,1,2350659,2350139,520
163382221,37.478,44.0767,505,34770,0.214733,0.97,1,2350723,2350218,505
163393901,30.105,37.6756,478,35013,0.213865,0.47,1,2350846,2350368,478
163396821,27.642,35.4702,470,35073,0.223546,0.47,1,2350872,2350402,470
163399741,33.2568,32.1881,477,35133,0.239418,0.43,1,2350909,2350432,477
163402661,38.5027,35.6752,481,35193,0.233767,0.27,1,2350951,2350470,481
163405581,74.8011,43.6701,531,35253,0.255507,0.13,1,2351050,2350519,531
163408501,54.5204,77.468,472,35313,0.276203,0.23,1,2351091,2350619,472
163411421,38.0082,54.9872,459,35373,0.296481,0.17,1,2351118,2350659,459
163431861,20.3481,27.642,433,35789,0.402056,0.25,1,2351305,2350872,433
163434781,29.7392,33.2568,432,35848,0.418822,0.23,1,2351341,2350909,432
163437701,37.6957,38.5027,433,35907,0.437529,0.27,1,2351384,2350951,433
163496101,30.6104,30.3054,451,37066,0.757959,0.63,2,2352170,2351719,451
163501941,21.5777,20.9289,452,37180,0.758473,0.65,2,2352199,2351747,452
163504861,30.8311,8.37155,489,37237,0.753389,0.63,2,2352236,2351747,489
163507781,37.5324,25.5486,494,37294,0.751356,0.63,2,2352278,2351784,494
163510701,76.213,35.4194,554,37351,0.774542,0.69,2,2352380,2351826,554
163513621,59.8852,74.1678,503,37408,0.831817,0.73,2,2352429,2351926,503
163516541,43.1541,57.8671,488,37464,0.866727,0.71,2,2352461,2351973,488
163519461,42.4616,43.5468,496,37520,0.856691,0.69,2,2352503,2352007,496
163522381,32.5847,41.4187,482,37576,0.864676,0.73,2,2352529,2352047,482
163525301,32.2339,32.7675,487,37632,0.879871,0.73,2,2352561,2352074,487
163700501,130.939,139.596,493,18482,0.23656,0.75,1,2354921,2354428,493
163712181,39.8944,52.9705,447,18937,0.20828,0.13,1,2355147,2354700,447
163715101,89.7578,106.388,428,19049,0.245312,0.17,1,2355270,2354842,428
163723861,69.7285,68.0328,432,19381,0.4129,0.19,1,2355497,2355065,432
163764741,40.0491,64.8908,475,20860,0.756597,0.61,2,2356475,2356000,475
163767661,94.6196,40.3563,582,20962,0.776639,0.65,2,2356606,2356024,582
163770581,39.0479,93.5425,455,21063,0.784656,0.65,2,2356608,2356153,455
163773501,67.2191,88.417,456,21164,0.799862,0.73,2,2356694,2356238,456
163776421,84.4877,91.7668,458,21264,0.817945,0.73,2,2356790,2356332,458
163779341,70.3951,73.3067,458,21364,0.849178,0.75,2,2356851,2356393,458
163782261,64.158,64.1227,460,21463,0.873671,0.77,2,2356911,2356451,460
163785181,40.6632,40.0491,461,21562,0.895468,0.79,2,2356936,2356475,461
163858181,80.0354,53.8319,577,23898,0.852016,1,2,2358669,2358092,577
163861101,63.2142,76.7328,537,23987,0.766806,1,2,2358721,2358184,537
163896141,90.5743,93.9319,449,25026,0.752504,0.61,2,2359414,2358965,449
163899061,51.8297,51.9728,451,25111,0.799002,0.61,2,2359440,2358989,451
163901981,50.1319,49.5891,452,25195,0.865601,0.69,2,2359489,2359037,452
164033381,67.6046,73.7747,535,28734,0.889425,1,2,2362020,2361485,535
164036301,46.8418,66.1099,507,28808,0.80577,1,2,2362053,2361546,507
164039221,39.1367,47.4439,506,28881,0.796308,1,2,2362087,2361581,506
164042141,37.8547,38.7776,510,28954,0.756523,1,2,2362124,2361614,510
164045061,36.1419,39.511,505,29027,0.764609,0.92,2,2362159,2361654,505
164047981,74.4568,38.0044,568,29100,0.767844,0.93,2,2362259,2361691,568
164050901,47.1827,75.8018,496,29173,0.793137,0.93,2,2362288,2361792,496
164053821,48.2731,48.3207,515,29246,0.815255,0.93,2,2362337,2361822,515
164056741,69.1092,47.5283,551,29318,0.824102,0.91,2,2362420,2361869,551
164059661,62.4437,70.0113,524,29390,0.851641,0.87,2,2362478,2361954,524
164191061,40.5796,52.3102,515,32472,0.8644,1,2,2364584,2364069,515
164202741,50.762,37.8383,538,32732,0.291745,1,1,2364794,2364256,538
164208581,32.8419,42.4141,506,32861,0.0694791,1,1,2364858,2364352,506
164217341,26.8939,39.1225,475,33053,0.0699667,0.86,1,2364970,2364495,475
164220261,35.9576,47.449,464,33117,0.0579867,0.83,1,2365012,2364548,464
164223181,32.383,40.5796,458,33181,0.0531947,0.59,1,2365042,2364584,458
164226101,56.7532,63.0318,453,33245,0.0392779,0.51,1,2365115,2364662,453
164229021,41.9013,48.0127,447,33309,0.0457111,0.45,1,2365147,2364700,447
164231941,35.9605,41.4051,442,33372,0.0722845,0.15,1,2365179,2364737,442
164234861,41.9842,50.762,431,33435,0.0829138,0.07,1,2365225,2364794,431
164240701,27.8375,32.8419,422,33561,0.0984662,0.17,1,2365280,2364858,422
164243621,50.735,50.3368,426,33624,0.0573865,0.13,1,2365346,2364920,426
164249461,24.9176,26.8939,422,33750,0.0943818,0.05,1,2365392,2364970,422
164252381,35.167,35.9576,422,33813,0.0677527,0.05,1,2365434,2365012,422
164255301,33.8668,32.383,425,33876,0.0571011,0.03,1,2365467,2365042,425
164269901,36.6156,36.5937,426,34186,0.226444,0.09,1,2365684,2365258,426
164272821,26.6462,27.8375,424,34248,0.240578,0.09,1,2365704,2365280,424
164281581,24.3134,35.6216,439,34434,0.097717,0.09,1,2365815,2365376,439
164299101,45.3471,36.8365,479,34800,0.0875318,0.21,1,2366083,2365604,479
164302021,37.3388,43.5346,463,34861,0.0890127,0.25,1,2366115,2365652,463
164322461,58.376,34.3701,500,35283,0.241762,0.09,1,2366391,2365891,500
164325381,43.7504,57.5481,461,35343,0.258705,0.13,1,2366425,2365964,461
164328301,37.9002,43.4192,461,35403,0.277482,0.11,1,2366459,2365998,461
164331221,44.5601,38.3677,475,35463,0.284993,0.07,1,2366508,2366033,475
164334141,37.624,45.3471,458,35523,0.287997,0.09,1,2366541,2366083,458
164337061,27.0496,37.3388,446,35583,0.289199,0.11,1,2366561,2366115,446
164357501,59.1273,58.376,433,35996,0.408212,0.27,1,2366824,2366391,433
164398381,40.1535,38.7404,446,36810,0.751433,0.53,2,2367341,2366895,446
164401301,46.6614,44.8961,448,36867,0.798573,0.55,2,2367392,2366944,448
164404221,39.0646,37.7585,449,36924,0.829429,0.57,2,2367426,2366977,449
164407141,28.8258,27.7034,450,36981,0.817772,0.61,2,2367448,2366998,450
164410061,47.5303,45.8814,452,37038,0.861109,0.61,2,2367508,2367056,452
164412981,20.2121,19.5525,452,37095,0.878443,0.61,2,2367510,2367058,452
164415901,29.6849,29.421,452,37152,0.885377,0.61,2,2367546,2367094,452
164418821,20.2739,11.7684,466,37209,0.888151,0.61,2,2367560,2367094,466
164421741,36.3096,13.7074,498,37266,0.88926,0.65,2,2367607,2367109,498
164427581,61.9695,33.3932,533,37380,0.882682,0.67,2,2367721,2367188,533
164430501,48.7878,60.7573,494,37437,0.851073,0.71,2,2367761,2367267,494
164433421,42.9151,47.7029,494,37493,0.838429,0.79,2,2367800,2367306,494
164436341,48.366,40.0812,511,37549,0.881372,0.83,2,2367852,2367341,511
164439261,40.3464,46.6325,495,37605,0.898549,0.85,2,2367887,2367392,495
164442181,29.9386,39.053,484,37661,0.893419,0.81,2,2367910,2367426,484
164445101,49.7754,28.8212,525,37717,0.879368,0.89,2,2367973,2367448,525
164448021,21.1102,47.5285,467,37773,0.873747,0.89,2,2367975,2367508,467
164450941,30.0441,20.2114,501,37829,0.895499,0.89,2,2368011,2367510,501
164579421,36.4179,52.4906,510,40214,0.86128,1,2,2369643,2369133,510
164596941,40.4064,46.7166,504,40527,0.0414094,1,1,2369901,2369397,504
164599861,32.9626,36.6867,502,40579,0.0225638,1,1,2369929,2369427,502
164602781,31.785,30.8747,506,40631,0.0090255,1,1,2369960,2369454,506
164605701,30.714,26.7499,512,40683,0.0096102,1,1,2369990,2369478,512
164608621,24.2856,28.6999,502,40735,0.0218441,1,1,2370010,2369508,502
164611541,28.3142,25.28,510,40787,0.0267376,0.88,1,2370041,2369531,510
164614461,34.1257,28.112,518,40839,0.0106951,0.92,1,2370079,2369561,518
164617381,30.4503,40.0448,498,40891,0.010278,0.82,1,2370107,2369609,498
164620301,32.5801,36.4179,498,40943,0.0341112,0.65,1,2370141,2369643,498
164623221,36.432,43.9672,488,40995,0.0316445,0.35,1,2370180,2369692,488
164626141,32.5728,48.1869,467,41046,0.0186578,0.23,1,2370210,2369743,467
164629061,31.0291,41.4747,460,41097,0.0374631,0.03,1,2370240,2369780,460
164631981,39.4117,38.7899,468,41148,0.0209852,0.07,1,2370285,2369817,468
164634901,38.5647,42.516,461,41199,0.0083941,0,1,2370323,2369862,461
164637821,32.2259,40.4064,450,41250,0.00935764,0.01,1,2370351,2369901,450
164640741,30.8903,32.9626,452,41301,0.0217431,0,1,2370381,2369929,452
164643661,32.1561,31.785,454,41352,0.0266972,0.01,1,2370414,2369960,454
164646581,23.0625,30.714,441,41403,0.0286789,0.03,1,2370431,2369990,441
164649501,28.425,24.2856,453,41454,0.0174716,0.03,1,2370463,2370010,453
164652421,33.57,28.3142,459,41505,0.00698862,0,1,2370500,2370041,459
164655341,14.628,34.1257,423,41556,0.00879545,0.01,1,2370502,2370079,423
164658261,22.0512,30.4503,422,41607,0.00351818,0.05,1,2370529,2370107,422
164661181,29.2205,32.5801,422,41658,0.0914073,0.03,1,2370563,2370141,422
164669941,30.9101,31.0291,423,41811,0.0608101,0.01,1,2370663,2370240,423
164672861,38.764,39.4117,422,41861,0.024324,0,1,2370707,2370285,422
164675781,38.9056,38.5647,423,41911,0.00972961,0.01,1,2370746,2370323,423
164678701,31.7622,32.2259,422,41961,0.0218918,0.03,1,2370773,2370351,422
164681621,30.7049,30.8903,422,42011,0.0147567,0.03,1,2370803,2370381,422
164684541,33.282,32.1561,424,42061,0.0359027,0.03,1,2370838,2370414,424
164687461,22.9128,23.0625,423,42111,0.0323611,0.01,1,2370854,2370431,423
164690381,27.7651,28.425,422,42161,0.0129444,0,1,2370885,2370463,422
164693301,33.306,33.57,422,42211,0.0231778,0.01,1,2370922,2370500,422
164696221,14.5224,14.628,422,42261,0.00927111,0,1,2370924,2370502,422
164699141,22.009,22.0512,422,42311,0.00970844,0.15,1,2370951,2370529,422
164702061,29.8036,29.2205,423,42361,0.0218834,0.11,1,2370986,2370563,423
164704981,37.1214,35.6882,425,42411,0.0507534,0.11,1,2371028,2370603,425
164707901,32.8486,32.2753,425,42461,0.0863013,0.03,1,2371058,2370633,425
164710821,29.9394,30.9101,423,42511,0.0765205,0,1,2371086,2370663,423
164713741,37.7758,38.764,422,42561,0.0306082,0,1,2371129,2370707,422
164716661,38.5103,38.9056,422,42611,0.0122433,0.03,1,2371168,2370746,422
164719581,31.6041,31.7622,422,42661,0.0468973,0.01,1,2371195,2370773,422
164722501,30.6416,30.7049,422,42710,0.0487589,0.05,1,2371225,2370803,422
164725421,33.8567,33.282,423,42759,0.0495036,0.03,1,2371261,2370838,423
164728341,22.5427,22.9128,422,42808,0.0618014,0,1,2371276,2370854,422
164731261,27.6171,27.7651,422,42857,0.0247206,0.03,1,2371307,2370885,422
164734181,33.2468,33.306,422,42906,0.0278882,0,1,2371344,2370922,422
164737101,14.4987,14.5224,422,42955,0.0111553,0.01,1,2371346,2370924,422
164740021,21.9995,22.009,422,43004,0.0344621,0.01,1,2371373,2370951,422
164742941,29.7998,8.80359,457,43053,0.0557849,0.03,1,2371408,2370951,457
164745861,37.7199,24.5214,465,43102,0.0403139,0.07,1,2371451,2370986,465
164748781,33.688,35.0086,454,43151,0.0461256,0.11,1,2371482,2371028,454
164751701,29.0752,32.0034,450,43200,0.0484502,0.07,1,2371508,2371058,450
164754621,36.8301,29.6014,464,43249,0.0253801,0,1,2371550,2371086,464
164757541,38.132,37.6405,460,43298,0.010152,0,1,2371589,2371129,460
164760461,31.4528,38.4562,448,43347,0.0100608,0.07,1,2371616,2371168,448
164763381,30.5811,31.5825,451,43396,0.0340243,0.05,1,2371646,2371195,451
164766301,35.0325,30.633,459,43445,0.0316097,0.05,1,2371684,2371225,459
164769221,21.813,33.8532,436,43494,0.0426439,0.07,1,2371697,2371261,436
164772141,27.3252,22.5413,452,43543,0.0230576,0,1,2371728,2371276,452
164775061,33.1301,27.6165,458,43591,0.015223,0.03,1,2371765,2371307,458
164777981,14.452,33.2466,423,43639,0.0120892,0,1,2371767,2371344,423
164780901,21.9808,14.4986,448,43687,0.0228357,0.05,1,2371794,2371346,448
164783821,31.5923,21.9995,459,43735,0.0271343,0.07,1,2371832,2371373,459
164786741,37.2369,29.7998,465,43783,0.0528537,0.03,1,2371873,2371408,465
164789661,34.0948,37.7199,454,43831,0.0991415,0.05,1,2371905,2371451,454
164798421,37.3181,36.8301,460,43975,0.0728251,0,1,2372010,2371550,460
164801341,31.1272,38.132,448,44023,0.04713,0.01,1,2372037,2371589,448
164804261,30.4509,31.4528,451,44071,0.036852,0.05,1,2372067,2371616,451
164807181,35.5804,30.5811,460,44119,0.0447408,0.03,1,2372106,2371646,460
164810101,21.4321,35.0325,434,44167,0.0478963,0.05,1,2372118,2371684,434
164813021,27.1729,21.813,452,44215,0.0251585,0.01,1,2372149,2371697,452
164815941,33.6691,27.3252,459,44263,0.0280634,0.01,1,2372187,2371728,459
164818861,14.6677,33.1301,424,44311,0.0112254,0.01,1,2372189,2371765,424
164821781,21.4671,14.452,448,44359,0.0104901,0.03,1,2372215,2371767,448
164824701,31.9868,21.9808,460,44407,0.0461961,0.03,1,2372254,2371794,460
164827621,39.1947,31.5923,466,44455,0.0844784,0.07,1,2372298,2371832,466
164830541,16.8779,37.2369,427,44502,0.0997914,0.13,1,2372300,2371873,427
164848061,29.764,30.4509,423,44784,0.0750987,0.05,1,2372490,2372067,423
164850981,35.9056,35.5804,424,44831,0.0720395,0.05,1,2372530,2372106,424
164853901,22.1622,21.4321,425,44878,0.0588158,0.01,1,2372543,2372118,425
164856821,25.6649,27.1729,422,44925,0.0415263,0.03,1,2372571,2372149,422
164859741,34.266,33.6691,424,44972,0.0166105,0,1,2372611,2372187,424
164862661,14.9064,14.6677,424,45019,0.0126442,0.01,1,2372613,2372189,424
164865581,20.3626,21.4671,422,45066,0.0350577,0.07,1,2372637,2372215,422
164868501,33.945,31.9868,426,45113,0.0320231,0.11,1,2372680,2372254,426
164871421,40.578,39.1947,427,45160,0.0788092,0.11,1,2372725,2372298,427
164874341,17.4312,16.8779,427,45207,0.0975237,0.13,1,2372727,2372300,427
164877261,27.3725,26.5512,428,45254,0.0930095,0.17,1,2372761,2372333,428
164912301,34.5166,33.945,423,45809,0.0769872,0.11,1,2373103,2372680,423
164915221,42.0067,40.578,425,45855,0.0967949,0.11,1,2373150,2372725,425
164970701,35.4801,27.0004,468,46721,0.221064,0.17,1,2373680,2373212,468
164973621,35.792,34.2002,465,46766,0.238426,0.15,1,2373716,2373251,465
164976541,30.5168,35.8801,455,46811,0.25737,0.15,1,2373743,2373288,455
164996981,20.0647,13.9286,454,47126,0.400007,0.19,1,2373913,2373459,454
164999901,33.2259,19.9715,472,47171,0.418003,0.17,1,2373955,2373483,472
165002821,42.6904,33.7886,478,47216,0.437201,0.19,1,2374004,2373526,478
165005741,18.2761,42.3154,432,47261,0.44488,0.19,1,2374006,2373574,432
165008661,28.3105,18.1262,465,47306,0.435952,0.19,1,2374041,2373576,465
165075821,35.3682,34.367,450,48320,0.753879,0.61,2,2374697,2374247,450
165084581,32.4076,32.9435,449,48452,0.767528,0.55,2,2374777,2374328,449
165087501,14.163,14.3774,449,48495,0.781011,0.61,2,2374779,2374330,449
165090421,21.2652,20.751,450,48538,0.810405,0.59,2,2374805,2374355,450
165093341,34.9061,34.1004,451,48581,0.834162,0.67,2,2374849,2374398,451
165096261,45.1624,43.6402,453,48624,0.867665,0.63,2,2374901,2374448,453
165099181,19.265,18.6561,453,48667,0.881066,0.65,2,2374903,2374450,453
165102101,29.306,28.4624,454,48710,0.862426,0.67,2,2374939,2374485,454
165312341,37.5317,25.3345,515,51732,0.852398,1,2,2377038,2376523,515
165332781,29.1179,29.7288,519,52019,0.273696,1,1,2377213,2376694,519
165335701,24.8471,28.6915,513,52059,0.211478,0.99,1,2377235,2376722,513
165341541,43.4555,47.0706,511,52139,0.0638365,1,1,2377320,2376809,511
165344461,33.5822,36.8283,508,52179,0.0255346,1,1,2377347,2376839,508
165347381,21.8329,28.5313,499,52219,0.0402138,1,1,2377361,2376862,499
165353221,25.5733,26.645,502,52299,0.0964342,1,1,2377414,2376912,502
165382421,24.073,30.7946,457,52699,0.202733,0.19,1,2377642,2377185,457
165385341,21.6292,29.1179,449,52739,0.219093,0.17,1,2377662,2377213,449
165388261,25.4517,24.8471,455,52779,0.237637,0.05,1,2377690,2377235,455
165399941,29.8164,21.8329,457,52939,0.0869635,0.15,1,2377818,2377361,457
165402861,25.7265,24.9332,453,52979,0.0647854,0.09,1,2377841,2377388,453
165405781,26.4906,25.5733,454,53019,0.0679142,0.17,1,2377868,2377414,454
165408701,20.1962,25.2293,445,53059,0.0691657,0.15,1,2377884,2377439,445
165411621,32.0785,21.4917,466,53099,0.0696663,0.13,1,2377924,2377458,466
165414541,28.4314,31.9967,453,53139,0.0938665,0.13,1,2377950,2377497,453
165423301,8.49161,15.4158,432,53259,0.0940875,0.21,1,2377979,2377547,432
165440821,25.3266,25.4517,432,53494,0.207363,0.15,1,2378122,2377690,432
165443741,40.1306,41.3807,430,53533,0.232945,0.17,1,2378172,2377742,430
165446661,32.8522,33.3523,430,53572,0.219178,0.17,1,2378200,2377770,430
165458341,25.753,26.4906,425,53728,0.202939,0.07,1,2378293,2377868,425
165461261,19.9012,20.1962,425,53767,0.231176,0.07,1,2378309,2377884,425
165464181,32.5605,32.0785,426,53806,0.24247,0.11,1,2378350,2377924,426
165467101,29.2242,28.4314,427,53845,0.270988,0.13,1,2378377,2377950,427
165470021,15.2897,15.5726,426,53884,0.282395,0.09,1,2378383,2377957,426
165472941,18.1159,18.229,426,53923,0.286958,0.09,1,2378403,2377977,426
165475861,8.44635,8.49161,426,53962,0.288783,0.13,1,2378405,2377979,426
165507981,25.9167,25.3825,431,54391,0.421975,0.21,1,2378698,2378267,431
165510901,26.5667,25.753,432,54430,0.42679,0.25,1,2378725,2378293,432
165513821,20.2267,19.9012,432,54469,0.428716,0.25,1,2378741,2378309,432
165516741,33.8907,32.5605,434,54508,0.441486,0.29,1,2378784,2378350,434
165519661,30.9563,29.2242,436,54547,0.434595,0.29,1,2378813,2378377,436
165522581,15.9825,15.2897,436,54586,0.407838,0.29,1,2378819,2378383,436
165525501,18.393,18.1159,436,54625,0.433135,0.29,1,2378839,2378403,436
165528421,8.5572,8.44635,436,54664,0.443254,0.33,1,2378841,2378405,436
165531341,12.4229,11.7785,437,54702,0.435302,0.33,1,2378856,2378419,437
165534261,21.7692,4.71142,465,54740,0.444121,0.31,1,2378884,2378419,465
165616021,26.888,26.9279,475,55804,0.783028,0.57,2,2379614,2379139,475
165618941,20.3552,26.3712,465,55842,0.799211,0.57,2,2379630,2379165,465
165621861,35.7421,20.1485,495,55880,0.793685,0.59,2,2379676,2379181,495
165624781,31.0968,34.4594,479,55918,0.815474,0.59,2,2379704,2379225,479
165627701,16.0387,31.1838,456,55956,0.83619,0.59,2,2379710,2379254,456
165630621,19.0155,16.0735,471,55994,0.832476,0.59,2,2379731,2379260,471
165633541,8.8062,18.4294,453,56032,0.83099,0.59,2,2379733,2379280,453
165636461,13.1225,8.57176,467,56070,0.830396,0.61,2,2379749,2379282,467
165639381,22.049,13.0287,479,56108,0.830158,0.61,2,2379777,2379298,479
165642301,31.6196,23.2115,487,56145,0.842063,0.65,2,2379815,2379328,487
165645221,13.8478,29.6846,455,56182,0.846825,0.67,2,2379817,2379362,455
165648141,17.5391,23.8738,455,56219,0.84873,0.67,2,2379837,2379382,455
165651061,22.6157,25.1495,455,56256,0.873492,0.67,2,2379863,2379408,455
165934301,321.416,351.815,471,27740,0.786424,1,2,2382308,2381837,471
165957661,22.8988,38.7213,453,28345,0.750896,0.63,2,2382712,2382259,453
165963501,62.5838,30.5554,519,28495,0.757343,0.61,2,2382827,2382308,519
165966421,71.2335,51.8222,530,28569,0.812937,0.65,2,2382904,2382374,530
165969341,57.2934,66.9289,501,28643,0.859175,0.67,2,2382952,2382451,501
165972261,63.7174,54.9715,522,28717,0.87767,0.67,2,2383020,2382498,522
165975181,57.8869,62.7886,508,28791,0.897068,0.69,2,2383074,2382566,508
165978101,56.1548,56.3154,511,28865,0.892827,0.73,2,2383129,2382618,511
166112421,51.3354,52.0845,521,32065,0.81688,1,2,2385338,2384817,521
166121181,47.5895,60.5014,513,32263,0.41588,1,1,2385498,2384985,513
166124101,43.6358,48.8006,513,32329,0.268352,1,1,2385539,2385026,513
166129941,39.5017,50.2881,509,32459,0.0801363,1,1,2385628,2385119,509
166132861,33.2007,33.9152,515,32524,0.0740545,1,1,2385657,2385142,515
166135781,48.6803,39.3661,531,32589,0.0356218,0.93,1,2385716,2385185,531
166138701,38.0721,52.3464,501,32654,0.0442487,0.89,1,2385747,2385246,501
166141621,44.0288,41.3386,515,32719,0.0176995,0.75,1,2385795,2385280,515
166144541,18.8115,51.3354,459,32784,0.0070798,0.65,1,2385797,2385338,459
166147461,30.9246,46.9342,454,32849,0.0328319,0.43,1,2385836,2385382,454
166150381,51.3698,67.9737,437,32913,0.0431328,0.33,1,2385901,2385464,437
166153301,37.9479,47.5895,432,32977,0.0472531,0.17,1,2385930,2385498,432
166156221,36.1792,43.6358,426,33041,0.0369012,0.03,1,2385965,2385539,426
166159141,48.6717,52.2543,425,33105,0.0327605,0.05,1,2386022,2385597,425
166162061,39.2687,39.5017,427,33169,0.0311042,0.07,1,2386055,2385628,427
166164981,31.3075,33.2007,424,33233,0.0304417,0.01,1,2386081,2385657,424
166167901,47.323,48.6803,423,33297,0.0301767,0.05,1,2386139,2385716,423
166170821,38.1292,38.0721,424,33361,0.0420707,0,1,2386171,2385747,424
166173741,44.0517,44.0288,424,33424,0.0348283,0,1,2386219,2385795,424
166176661,18.8207,18.8115,424,33487,0.0319313,0.05,1,2386221,2385797,424
166179581,29.7283,30.9246,422,33550,0.0307725,0.05,1,2386258,2385836,422
166182501,50.8913,51.3698,422,33613,0.030309,0.05,1,2386323,2385901,422
166185421,37.7565,37.9479,422,33676,0.0181236,0.03,1,2386352,2385930,422
166188341,36.7026,36.1792,423,33739,0.0492494,0.03,1,2386388,2385965,423
166191261,50.681,48.6717,426,33802,0.0376998,0.03,1,2386448,2386022,426
166194181,39.4724,39.2687,425,33865,0.0450799,0.03,1,2386480,2386055,425
166197101,30.789,31.3075,424,33927,0.018032,0.03,1,2386505,2386081,424
166200021,45.9156,47.323,422,33989,0.0372128,0.05,1,2386561,2386139,422
166202941,37.5662,38.1292,422,34051,0.0448851,0.03,1,2386593,2386171,422
166205861,43.8265,44.0517,422,34113,0.023954,0.03,1,2386641,2386219,422
166208781,18.7306,18.8207,422,34175,0.0275816,0.03,1,2386643,2386221,422
166211701,30.2922,29.7283,423,34237,0.0170326,0.03,1,2386681,2386258,423
166214621,49.9169,11.8913,486,34299,0.0368131,0.03,1,2386744,2386258,486
166217541,37.3668,43.7565,450,34361,0.0207252,0.01,1,2386773,2386323,450
166220461,37.1467,34.9026,458,34423,0.0502901,0.07,1,2386810,2386352,458
166223381,50.2587,35.561,481,34484,0.026116,0.03,1,2386869,2386388,481
166226301,39.3035,50.2244,453,34545,0.0404464,0.05,1,2386901,2386448,453
166229221,30.7214,39.2898,446,34606,0.0461786,0,1,2386926,2386480,446
166232141,45.8886,30.7159,477,34667,0.0364714,0.05,1,2386982,2386505,477
166235061,37.5554,45.8864,453,34728,0.0445886,0.05,1,2387014,2386561,453
166237981,43.8222,37.5545,469,34789,0.0358354,0.01,1,2387062,2386593,469
166240901,18.7289,43.8218,423,34850,0.0143342,0.03,1,2387064,2386641,423
166243821,30.8915,18.7287,460,34911,0.0237337,0.01,1,2387103,2386643,460
166246741,50.7566,30.2915,486,34972,0.0274935,0.05,1,2387167,2386681,486
166249661,37.1026,49.9166,451,35032,0.0169974,0.01,1,2387195,2386744,451
166252581,38.2411,37.3666,461,35092,0.036799,0.07,1,2387234,2386773,461
166255501,48.8964,37.1467,480,35152,0.0687196,0.01,1,2387290,2386810,480
166258421,39.9586,50.2587,455,35212,0.0694878,0.05,1,2387324,2386869,455
166261341,30.9834,39.3035,448,35272,0.0577951,0.05,1,2387349,2386901,448
166264261,44.7934,30.7214,477,35332,0.0411181,0.03,1,2387403,2386926,477
166267181,38.3173,45.8886,455,35392,0.0464472,0.05,1,2387437,2386982,455
166270101,42.9269,37.5554,469,35452,0.0185789,0.03,1,2387483,2387014,469
166273021,18.3708,43.8222,423,35512,0.0134316,0,1,2387485,2387062,423
166275941,31.9483,18.7289,462,35572,0.0593726,0.03,1,2387526,2387064,462
166278861,50.5793,30.8915,486,35631,0.053749,0.03,1,2387589,2387103,486
166281781,37.6317,50.7566,451,35690,0.0754996,0.01,1,2387618,2387167,451
166284701,16.2527,37.1026,425,35749,0.0601998,0.05,1,2387620,2387195,425
166287621,29.9011,38.2411,425,35808,0.0660799,0.09,1,2387659,2387234,425
166290541,46.7604,48.8964,427,35867,0.092432,0.07,1,2387717,2387290,427
166293461,37.9042,39.9586,425,35926,0.0789728,0.05,1,2387749,2387324,425
166296381,29.5617,30.9834,424,35985,0.0735891,0.03,1,2387773,2387349,424
166308061,18.152,18.3708,423,36220,0.0949559,0.09,1,2387908,2387485,423
166325581,46.9826,46.7604,425,36568,0.219501,0.07,1,2388142,2387717,425
166328501,37.9931,37.9042,425,36626,0.249801,0.07,1,2388174,2387749,425
166331421,29.5972,29.5617,425,36684,0.26192,0.13,1,2388198,2387773,425
166410261,42.2751,40.8182,493,38209,0.784514,0.61,2,2389219,2388726,493
166413181,18.11,41.5273,453,38264,0.799806,0.61,2,2389221,2388768,453
166416101,33.644,17.8109,495,38319,0.781922,0.61,2,2389265,2388770,495
166419021,53.6576,33.5244,518,38374,0.798769,0.63,2,2389332,2388814,518
166421941,38.863,53.0097,481,38429,0.793508,0.67,2,2389361,2388880,481
166424861,16.7452,38.6039,454,38484,0.791403,0.63,2,2389363,2388909,454
166427781,32.4981,16.6416,495,38539,0.802561,0.67,2,2389406,2388911,495
166430701,54.3992,31.2566,523,38594,0.807024,0.67,2,2389475,2388952,523
166433621,22.9597,53.3027,457,38649,0.80881,0.71,2,2389477,2389020,457
166436541,30.1839,41.1211,459,38704,0.845524,0.75,2,2389512,2389053,459
166439461,27.6736,32.0484,459,38759,0.84821,0.75,2,2389538,2389079,459
166442381,46.4694,48.2194,459,38813,0.837284,0.75,2,2389597,2389138,459
166445301,42.5878,42.6877,460,38867,0.856914,0.81,2,2389637,2389177,460
166448221,43.4351,42.2751,462,38921,0.876765,0.81,2,2389681,2389219,462
166451141,18.574,18.11,462,38975,0.884706,0.77,2,2389683,2389221,462
166617581,31.4639,30.9369,500,41952,0.865456,1,2,2391764,2391264,500
166620501,31.1855,32.1748,498,42002,0.856182,1,2,2391795,2391297,498
166623421,38.8742,47.6699,484,42052,0.828473,1,2,2391839,2391355,484
166626341,32.9497,41.868,475,42102,0.853389,1,2,2391868,2391393,475
166629261,31.7799,33.5472,478,42152,0.863356,1,2,2391899,2391421,478
166632181,26.5119,24.8189,482,42202,0.855342,1,2,2391922,2391440,482
166635101,28.0048,27.3276,482,42252,0.876137,1,2,2391951,2391469,482
166638021,31.6019,31.931,481,42302,0.824455,1,2,2391985,2391504,481
166640941,31.8408,31.3724,482,42352,0.803782,1,2,2392017,2391535,482
166643861,37.9363,45.549,469,42402,0.831513,1,2,2392059,2391590,469
166646781,38.5745,41.6196,469,42452,0.830605,0.99,2,2392098,2391629,469
166649701,31.0298,35.2478,464,42502,0.866242,0.94,2,2392124,2391660,464
166652621,40.0119,39.8991,467,42552,0.892497,0.89,2,2392170,2391703,467
166816141,39.1851,34.5626,493,45245,0.870357,1,2,2394026,2393533,493
166819061,37.274,26.425,508,45292,0.882143,1,2,2394062,2393554,508
166821981,32.9096,31.57,503,45339,0.862857,1,2,2394092,2393589,503
166824901,23.9638,31.828,489,45386,0.855143,1,2,2394110,2393621,489
166827821,21.5855,28.3312,483,45432,0.840057,1,2,2394130,2393647,483
166830741,33.2342,38.3325,479,45478,0.834023,1,2,2394171,2393692,479
166833661,39.0937,37.533,485,45524,0.843609,0.92,2,2394214,2393729,485
166836581,34.2375,33.6132,485,45570,0.883444,0.91,2,2394245,2393760,485
167090621,326.606,358.308,486,21900,0.43,0.33,1,2397147,2396661,486
167119821,311.842,353.323,438,21900,0.202,0.27,1,2397449,2397011,438
167128581,50.1019,58.3247,437,22910,0.086128,0.09,1,2397574,2397137,437
167131501,65.0408,58.7299,453,23003,0.0524512,0.07,1,2397649,2397196,453
167134421,65.0163,68.4919,443,23095,0.0869805,0.05,1,2397714,2397271,443
167160701,62.2064,59.7838,490,23908,0.222629,0.13,1,2398262,2397772,490
167163621,26.0825,61.7135,429,23997,0.239052,0.21,1,2398264,2397835,429
167166541,72.833,86.4854,430,24085,0.281621,0.17,1,2398368,2397938,430
167181141,62.8904,61.0143,433,24522,0.449889,0.25,1,2398632,2398199,433
167236621,75.6312,26.8413,560,26115,0.76153,0.63,2,2399702,2399142,560
167239541,54.2525,76.7365,490,26196,0.790612,0.59,2,2399742,2399252,490
167242461,39.701,54.6946,480,26277,0.838245,0.63,2,2399772,2399292,480
167245381,57.8804,38.0778,523,26358,0.869298,0.65,2,2399842,2399319,523
167248301,69.3522,57.2311,530,26438,0.881719,0.65,2,2399919,2399389,530
167251221,65.5409,69.0925,516,26518,0.874688,0.67,2,2399982,2399466,516
167335901,47.7493,65.7339,515,28743,0.841725,1,2,2401515,2401000,515
167338821,65.2997,44.8936,561,28817,0.78669,1,2,2401592,2401031,561
167385541,66.9259,72.4837,451,29970,0.754128,0.59,2,2402330,2401879,451
167388461,68.1703,70.3935,451,30041,0.823651,0.59,2,2402399,2401948,451
167391381,42.2681,42.5574,452,30111,0.839461,0.65,2,2402424,2401972,452
167394301,64.3073,62.623,455,30181,0.881784,0.69,2,2402503,2402048,455
167397221,50.9229,49.6492,456,30251,0.898714,0.67,2,2402545,2402089,456
167554901,41.3901,43.5262,496,33820,0.880837,1,2,2405021,2404525,496
167557821,42.356,40.2105,501,33883,0.778335,1,2,2405064,2404563,501
167572421,46.2344,46.4697,494,34193,0.0536277,1,1,2405289,2404795,494
167575341,38.2937,41.9879,488,34255,0.0394511,1,1,2405322,2404834,488
167578261,35.1175,16.7951,521,34317,0.0337804,1,1,2405355,2404834,521
167581181,48.847,32.5181,536,34379,0.0315122,0.96,1,2405413,2404877,536
167584101,44.7388,48.4072,519,34441,0.0426049,0.97,1,2405455,2404936,519
167587021,32.8955,49.3629,494,34502,0.0470419,0.82,1,2405480,2404986,494
167589941,32.9582,40.7452,492,34563,0.0488168,0.71,1,2405513,2405021,492
167592861,32.3833,42.0981,481,34624,0.0495267,0.51,1,2405545,2405064,481
167595781,30.3533,40.2392,471,34685,0.0498107,0.41,1,2405574,2405103,471
167598701,37.3413,36.4957,479,34746,0.0199243,0.23,1,2405616,2405137,479
167601621,47.9365,42.1983,488,34807,0.00796971,0,1,2405671,2405183,488
167604541,42.5746,57.0793,460,34868,0.00318788,0,1,2405710,2405250,460
167607461,37.4298,46.2317,455,34929,0.00127515,0.03,1,2405744,2405289,455
167610381,35.9719,38.2927,457,34990,0.0185101,0.03,1,2405779,2405322,457
167613301,47.3888,35.1171,479,35050,0.061404,0.03,1,2405834,2405355,479
167616221,44.7555,48.8468,464,35110,0.0545616,0.05,1,2405877,2405413,464
167619141,32.3022,44.7387,446,35170,0.0278246,0.05,1,2405901,2405455,446
167622061,33.3209,32.8955,455,35230,0.0291299,0.05,1,2405935,2405480,455
167624981,33.1284,32.9582,455,35290,0.0896519,0.05,1,2405968,2405513,455
167630821,36.9805,30.3533,463,35410,0.0947443,0,1,2406037,2405574,463
167633741,47.7922,37.3413,476,35470,0.0378977,0,1,2406092,2405616,476
167636661,42.5169,47.9365,460,35530,0.0331591,0,1,2406131,2405671,460
167639581,38.0068,42.5746,456,35589,0.0132636,0,1,2406166,2405710,456
167642501,36.2027,37.4298,457,35648,0.0113055,0.03,1,2406201,2405744,457
167645421,15.6811,35.9719,424,35707,0.0105222,0.09,1,2406203,2405779,424
167648341,40.4724,47.3888,426,35766,0.0462089,0.05,1,2406260,2405834,426
167651261,39.589,44.7555,422,35825,0.0724835,0.01,1,2406299,2405877,422
167654181,30.2356,32.3022,422,35884,0.0829934,0.03,1,2406323,2405901,422
167657101,35.4942,33.3209,427,35943,0.0391974,0.13,1,2406362,2405935,427
167660021,34.5977,33.1284,428,36002,0.0456789,0.11,1,2406396,2405968,428
167662941,30.0391,29.4513,428,36061,0.0962716,0.09,1,2406423,2405995,428
167668781,46.3263,47.7922,423,36179,0.0766034,0.03,1,2406515,2406092,423
167671701,41.3305,42.5169,422,36237,0.0726414,0,1,2406553,2406131,422
167674621,38.1322,38.0068,423,36295,0.0350566,0.01,1,2406589,2406166,423
167677541,36.2529,36.2027,423,36353,0.0200226,0.01,1,2406624,2406201,423
167680461,15.7012,15.6811,423,36411,0.026009,0.07,1,2406626,2406203,423
167683381,42.2805,40.4724,426,36469,0.0404036,0.09,1,2406686,2406260,426
167709661,37.7719,38.1322,422,36987,0.0532721,0.01,1,2407011,2406589,422
167712581,36.1088,36.2529,422,37044,0.0273088,0.03,1,2407046,2406624,422
167715501,15.6435,15.7012,422,37101,0.0289235,0.05,1,2407048,2406626,422
167718421,43.4574,42.2805,424,37158,0.0175694,0.05,1,2407110,2406686,424
167721341,42.583,16.9122,466,37215,0.0370278,0.17,1,2407152,2406686,466
167724261,30.8332,30.1649,450,37272,0.0568111,0.13,1,2407175,2406725,450
167727181,33.9333,25.2659,464,37329,0.0527244,0.15,1,2407211,2406747,464
167730101,34.5733,32.9064,461,37386,0.0750898,0.11,1,2407246,2406785,461
167733021,30.6293,34.7626,453,37443,0.0840359,0.09,1,2407274,2406821,453
167735941,35.6517,30.705,464,37499,0.0876144,0.15,1,2407313,2406849,464
167744701,37.2737,40.4131,458,37667,0.0572073,0.01,1,2407433,2406975,458
167747621,35.3095,37.7652,456,37723,0.0408829,0.01,1,2407467,2407011,456
167750541,15.3238,36.1061,423,37779,0.0343532,0.03,1,2407469,2407046,423
167753461,43.3295,15.6424,483,37835,0.0317413,0.01,1,2407531,2407048,483
167756381,43.7318,43.457,465,37891,0.0186965,0.05,1,2407575,2407110,465
167759301,30.6927,42.5828,445,37947,0.0254786,0.07,1,2407597,2407152,445
167762221,34.4771,30.8331,459,38003,0.0521914,0.05,1,2407634,2407175,459
167765141,35.9908,33.9332,460,38059,0.0508766,0.09,1,2407671,2407211,460
167768061,31.1963,34.5733,453,38115,0.0623506,0.09,1,2407699,2407246,453
167770981,35.8785,30.6293,464,38170,0.0669403,0.09,1,2407738,2407274,464
167782661,35.0945,37.2737,457,38390,0.0866257,0.03,1,2407890,2407433,457
167785581,15.2378,35.3095,425,38445,0.0526503,0.03,1,2407892,2407467,425
167788501,42.6951,15.3238,484,38500,0.0630601,0.03,1,2407953,2407469,484
167791421,43.478,43.3295,466,38555,0.043224,0.01,1,2407997,2407531,466
167794341,30.5912,43.7318,444,38610,0.0472896,0.03,1,2408019,2407575,444
167797261,13.4365,30.6927,424,38665,0.0489158,0.07,1,2408021,2407597,424
167800181,28.1746,34.4771,425,38720,0.0855663,0.05,1,2408059,2407634,425
167811861,46.5037,44.3514,429,38937,0.227935,0.17,1,2408217,2407788,429
167814781,40.8015,39.3406,430,38991,0.229174,0.09,1,2408254,2407824,430
167817701,30.7206,33.7362,424,39045,0.25367,0.07,1,2408278,2407854,424
167820621,32.6882,35.0945,422,39099,0.275468,0.03,1,2408312,2407890,422
167823541,14.2753,15.2378,422,39153,0.284187,0.07,1,2408314,2407892,422
167826461,44.1101,42.6951,425,39207,0.299675,0.03,1,2408378,2407953,425
167832301,30.5776,30.5912,424,39315,0.284348,0.05,1,2408443,2408019,424
167835221,13.431,13.4365,424,39369,0.275739,0.11,1,2408445,2408021,424
167846901,36.6942,35.2592,431,39583,0.417507,0.25,1,2408594,2408163,431
167849821,48.8777,46.5037,434,39636,0.413003,0.23,1,2408651,2408217,434
167852741,41.1511,40.8015,433,39689,0.447201,0.27,1,2408687,2408254,433
167855661,30.8604,30.7206,433,39742,0.44888,0.29,1,2408711,2408278,433
167858581,33.3442,32.6882,434,39795,0.437552,0.29,1,2408746,2408312,434
167861501,14.5377,14.2753,434,39848,0.433021,0.31,1,2408748,2408314,434
167949101,13.9783,30.827,451,41407,0.761908,0.53,2,2409774,2409323,451
167952021,31.3913,13.5308,492,41458,0.778763,0.59,2,2409817,2409325,492
167954941,35.3565,30.6123,488,41509,0.785505,0.59,2,2409855,2409367,488
167957861,15.3426,35.0449,452,41560,0.788202,0.63,2,2409857,2409405,452
167960781,27.737,35.018,453,41611,0.849281,0.63,2,2409893,2409440,453
167963701,35.0948,38.0072,453,41662,0.885712,0.63,2,2409933,2409480,453
168141821,32.1722,36.696,492,44646,0.848656,1,2,2411999,2411507,492
168144741,29.0689,29.6784,494,44693,0.777462,1,2,2412026,2411532,494
168156421,32.3714,30.995,495,44881,0.444271,1,1,2412175,2411680,495
168165181,30.8238,29.8477,493,45022,0.248033,1,1,2412260,2411767,493
168168101,27.3295,32.9391,483,45069,0.225213,1,1,2412285,2411802,483
168176861,27.4531,31.3161,469,45210,0.0991337,0.89,1,2412369,2411900,469
168179781,28.3812,32.3264,465,45257,0.0576535,0.89,1,2412398,2411933,465
168182701,29.9525,33.9306,461,45304,0.0890614,0.81,1,2412429,2411968,461
168185621,29.381,32.1722,459,45351,0.0896246,0.73,1,2412458,2411999,459
168188541,26.7524,29.0689,457,45398,0.0898498,0.67,1,2412483,2412026,457
168211901,26.7844,27.3295,428,45766,0.214925,0.17,1,2412713,2412285,428
168214821,25.1137,25.3318,428,45812,0.22397,0.11,1,2412737,2412309,428
168217741,30.4455,31.1327,427,45858,0.239588,0.07,1,2412771,2412344,427
168220661,24.7782,27.4531,423,45904,0.233835,0.03,1,2412792,2412369,423
168223581,26.7113,28.3812,422,45950,0.231534,0.03,1,2412820,2412398,422
168226501,31.0845,11.3525,456,45996,0.218614,0.11,1,2412854,2412398,456
168229421,29.2338,23.141,453,46042,0.213445,0.09,1,2412882,2412429,453
168232341,26.6935,26.6564,449,46088,0.223378,0.09,1,2412907,2412458,449
168235261,31.0774,25.6626,458,46134,0.203351,0.13,1,2412941,2412483,458
168244021,30.117,33.1544,455,46272,0.205734,0.17,1,2413042,2412587,455
168246941,22.8468,28.8618,447,46318,0.220294,0.15,1,2413060,2412613,447
168249861,22.9387,21.7447,453,46364,0.226118,0.15,1,2413083,2412630,453
168252781,29.5755,24.8979,460,46409,0.228447,0.17,1,2413117,2412657,460
168255701,28.6302,27.9592,458,46454,0.253379,0.25,1,2413145,2412687,458
168258621,24.6521,26.7837,454,46499,0.239352,0.23,1,2413167,2412713,454
168261541,32.0608,25.1135,467,46544,0.245741,0.25,1,2413204,2412737,467
168264461,23.6243,30.4454,451,46589,0.248296,0.23,1,2413222,2412771,451
168267381,27.4497,24.7782,460,46634,0.261319,0.23,1,2413252,2412792,460
168270301,31.9799,26.7113,467,46679,0.290527,0.21,1,2413287,2412820,467
168281981,37.7931,31.0774,473,46859,0.428254,0.17,1,2413414,2412941,473
168284901,33.7172,38.231,461,46904,0.429301,0.21,1,2413445,2412984,461
168287821,30.2869,33.2924,459,46949,0.429721,0.21,1,2413473,2413014,459
168290741,23.5148,30.117,450,46994,0.441888,0.23,1,2413492,2413042,450
168293661,23.2059,22.8468,455,47039,0.434755,0.23,1,2413515,2413060,455
168296581,30.8824,22.9387,468,47084,0.443902,0.23,1,2413551,2413083,468
168299501,27.9529,29.5755,460,47129,0.447561,0.27,1,2413577,2413117,460
168349141,24.6964,24.3812,445,47883,0.780171,0.49,2,2414044,2413599,445
168352061,35.6786,32.5525,450,47927,0.786068,0.57,2,2414087,2413637,450
168354981,25.0714,23.821,450,47971,0.764427,0.55,2,2414105,2413655,450
168357901,28.0286,28.1284,449,48015,0.779771,0.55,2,2414135,2413686,449
168360821,34.0114,34.0514,449,48059,0.761908,0.59,2,2414173,2413724,449
168363741,14.8046,14.8205,449,48103,0.754763,0.63,2,2414175,2413726,449
168366661,23.9218,22.7282,451,48147,0.751905,0.63,2,2414205,2413754,451
168369581,25.1687,24.6913,451,48191,0.810762,0.65,2,2414231,2413780,451
168372501,30.4675,29.6765,452,48235,0.858305,0.67,2,2414265,2413813,452
168375421,38.587,37.6706,453,48279,0.877322,0.69,2,2414309,2413856,453
168378341,35.2348,34.2682,454,48323,0.896929,0.65,2,2414342,2413888,454
168381261,32.0939,30.5073,456,48367,0.892772,0.73,2,2414372,2413916,456
168384181,24.8376,24.2029,456,48411,0.891109,0.73,2,2414392,2413936,456
168387101,23.135,22.8812,456,48455,0.890443,0.71,2,2414414,2413958,456
168390021,32.054,31.3525,457,48498,0.890177,0.75,2,2414452,2413995,457
168392941,30.2216,28.741,459,48541,0.890071,0.81,2,2414481,2414022,459
168620701,282.494,301.853,478,23360,0.2764,1,1,2416941,2416463,478
168626541,98.239,98.5765,500,23541,0.074224,0.71,1,2417072,2416572,500
168629461,53.0956,77.8306,459,23631,0.0356896,0.63,1,2417095,2416636,459
168632381,39.2382,49.1322,459,23721,0.0682758,0.41,1,2417125,2416666,459
168635301,40.8953,40.6529,466,23810,0.0453103,0.23,1,2417167,2416701,466
168638221,39.1581,48.6612,450,23899,0.0721241,0.03,1,2417205,2416755,450
168641141,66.0632,72.8645,445,23988,0.0468497,0.03,1,2417289,2416844,445
168644061,70.2253,65.1458,458,24076,0.0367399,0.05,1,2417362,2416904,458
168646981,71.2901,90.8583,422,24164,0.0566959,0.03,1,2417434,2417012,422
168649901,64.516,72.3433,422,24252,0.0886784,0.01,1,2417494,2417072,422
168652821,40.8064,42.7373,424,24339,0.0774714,0.09,1,2417519,2417095,424
168655741,34.3226,35.0949,424,24426,0.0969885,0.03,1,2417549,2417125,424
168667421,69.1587,70.1192,422,24771,0.0626269,0.07,1,2417784,2417362,422
168670341,70.8635,71.2477,422,24857,0.0430508,0.11,1,2417856,2417434,422
168673261,66.1454,64.4991,425,24942,0.0592203,0.07,1,2417919,2417494,425
168676181,40.2582,40.7996,423,25027,0.0896881,0.11,1,2417942,2417519,423
168679101,36.5033,34.3199,427,25112,0.0898753,0.11,1,2417976,2417549,427
168682021,42.2013,40.7279,428,25196,0.0899501,0.17,1,2418022,2417594,428
168684941,40.2805,38.4912,430,25280,0.07798,0.09,1,2418061,2417631,430
168687861,59.3122,63.3965,422,25364,0.097192,0.03,1,2418133,2417711,422
168690781,67.5249,69.1586,422,25448,0.0568768,0.03,1,2418206,2417784,422
168693701,69.61,27.6634,493,25531,0.0287507,0.03,1,2418277,2417784,493
168696621,67.444,54.2654,487,25614,0.0295003,0.07,1,2418343,2417856,487
168699541,40.7776,59.5062,447,25697,0.0538001,0.11,1,2418366,2417919,447
168702461,37.311,37.6025,459,25779,0.0635201,0.09,1,2418401,2417942,459
168705381,41.3244,35.441,469,25861,0.091408,0.09,1,2418445,2417976,469
168717061,69.0211,67.4977,492,26187,0.070644,0.01,1,2418698,2418206,492
168719981,68.4084,69.5991,489,26268,0.0582576,0.03,1,2418766,2418277,489
168722901,42.3634,67.4396,448,26349,0.041303,0.07,1,2418791,2418343,448
168725821,37.3454,40.7759,459,26429,0.0585212,0.07,1,2418825,2418366,459
168728741,42.5381,37.3103,470,26509,0.0894085,0.11,1,2418871,2418401,470
168737501,63.8264,60.1319,493,26748,0.261322,0.09,1,2419050,2418557,493
168740421,66.9306,66.0527,492,26827,0.266529,0.05,1,2419119,2418627,492
168743341,68.1722,69.0211,490,26906,0.208612,0.05,1,2419188,2418698,490
168746261,28.4689,68.4084,424,26985,0.209445,0.03,1,2419190,2418766,424
168749181,26.9876,42.3634,425,27063,0.209778,0.07,1,2419216,2418791,425
168755021,41.878,42.5381,428,27219,0.229164,0.15,1,2419299,2418871,428
168757941,41.3512,40.4153,430,27297,0.265666,0.23,1,2419340,2418910,430
168769621,65.2154,68.1722,430,27606,0.415233,0.21,1,2419618,2419188,430
168772541,27.2862,28.4689,430,27683,0.424093,0.21,1,2419620,2419190,430
168781301,43.6983,41.878,434,27912,0.443062,0.29,1,2419733,2419299,434
168845541,69.6796,71.8285,518,29535,0.804735,0.63,2,2420895,2420377,518
168848461,66.8718,69.5314,515,29607,0.879894,0.61,2,2420960,2420445,515
169175501,46.9934,38.0618,506,36754,0.86824,1,2,2425924,2425418,506
169198861,42.9965,14.6425,542,37210,0.293076,1,1,2426223,2425681,542
169201781,40.5986,42.457,520,37267,0.219231,1,1,2426262,2425742,520
169207621,34.9358,45.5531,501,37381,0.0962769,1,1,2426340,2425839,501
169210541,40.9743,37.4212,514,37438,0.0385108,0.79,1,2426385,2425871,514
169213461,35.5897,46.7685,493,37494,0.0574043,0.67,1,2426417,2425924,493
169216381,31.6359,40.3074,486,37550,0.0229617,0.67,1,2426446,2425960,486
169219301,33.0544,36.523,486,37606,0.0271847,0.61,1,2426480,2425994,486
169222221,33.0217,35.6092,484,37662,0.0288739,0.59,1,2426513,2426029,484
169225141,34.2087,34.0437,486,37718,0.0295496,0.43,1,2426548,2426062,486
169228061,32.8835,41.8175,471,37774,0.0658198,0.33,1,2426580,2426109,471
169230981,28.7534,37.727,462,37830,0.0803279,0.33,1,2426606,2426144,462
169248501,34.2905,40.9743,456,38165,0.253675,0.07,1,2426841,2426385,456
169251421,30.5162,35.5897,452,38220,0.25147,0,1,2426869,2426417,452
169254341,32.6065,31.6359,457,38275,0.250588,0.03,1,2426903,2426446,457
169257261,32.2426,33.0544,455,38330,0.238235,0.03,1,2426935,2426480,455
169260181,35.697,33.0217,460,38385,0.233294,0.03,1,2426973,2426513,460
169263101,33.4788,34.2087,457,38440,0.255318,0.09,1,2427005,2426548,457
169266021,28.9915,32.8835,451,38495,0.288127,0.09,1,2427031,2426580,451
169286461,35.661,34.2905,436,38878,0.43769,0.25,1,2427277,2426841,436
169336101,38.8336,37.3353,448,39791,0.758627,0.55,2,2427856,2427408,448
169339021,35.3335,34.7341,448,39844,0.765451,0.55,2,2427889,2427441,448
169344861,42.3734,42.0375,449,39950,0.759672,0.59,2,2427967,2427518,449
169347781,43.9493,42.015,452,40003,0.777869,0.59,2,2428012,2427560,452
169350701,18.7797,18.006,452,40056,0.785148,0.63,2,2428014,2427562,452
169353621,35.7119,34.8024,453,40109,0.776059,0.63,2,2428061,2427608,453
169371141,31.3851,32.4965,486,40424,0.751685,0.75,2,2428268,2427782,486
169374061,39.554,30.9986,501,40476,0.750674,0.77,2,2428313,2427812,501
169397421,40.6516,32.8847,503,40892,0.791745,0.75,2,2428595,2428092,503
169400341,38.4606,41.3539,493,40944,0.814698,0.71,2,2428632,2428139,493
169403261,32.1843,38.1416,485,40996,0.847879,0.71,2,2428660,2428175,485
169406181,35.0737,32.6566,493,41047,0.861152,0.73,2,2428697,2428204,493
169534661,36.7178,37.0225,515,43250,0.8932,1,2,2430199,2429684,515
169537581,35.6871,36.409,514,43299,0.84328,1,2,2430234,2429720,514
169540501,36.4748,37.3636,513,43348,0.763312,1,2,2430271,2429758,513
169549261,37.1824,47.4873,503,43495,0.435012,1,1,2430388,2429885,503
169558021,29.6917,27.3992,509,43640,0.240241,1,1,2430476,2429967,509
169563861,27.9107,29.2239,505,43736,0.0780385,1,1,2430529,2430024,505
169566781,27.9643,30.2895,502,43784,0.0372154,1,1,2430557,2430055,502
169569701,34.5857,30.7158,510,43832,0.0328862,1,1,2430596,2430086,510
169572621,34.8343,34.4863,508,43880,0.0671545,0.93,1,2430631,2430123,508
169575541,32.5337,37.7945,499,43928,0.0328618,0.85,1,2430662,2430163,499
169578461,31.6135,36.7178,494,43976,0.0431447,0.81,1,2430693,2430199,494
169581381,31.2454,35.6871,490,44024,0.0352579,0.71,1,2430724,2430234,490
169584301,29.2982,36.4748,481,44072,0.0561032,0.61,1,2430752,2430271,481
169587221,40.5193,34.3899,496,44120,0.0404413,0.39,1,2430800,2430304,496
169590141,32.4077,44.956,471,44168,0.0701765,0.39,1,2430827,2430356,471
169593061,24.3631,37.1824,458,44216,0.0460706,0.35,1,2430846,2430388,458
169595981,28.3452,31.073,462,44264,0.0484282,0.27,1,2430877,2430415,462
169598901,25.7381,32.2292,453,44312,0.0493713,0.19,1,2430901,2430448,453
169601821,25.2952,29.6917,450,44360,0.0617485,0.09,1,2430926,2430476,450
169604741,25.1181,26.2767,451,44408,0.0666994,0.03,1,2430951,2430500,451
169607661,28.0472,27.9107,452,44456,0.0266798,0.01,1,2430981,2430529,452
169610581,12.4189,27.9643,426,44503,0.0406719,0.03,1,2430983,2430557,426
169613501,25.9676,34.5857,422,44550,0.0822688,0.09,1,2431018,2430596,422
169616421,32.587,34.8343,424,44597,0.0749075,0.01,1,2431055,2430631,424
169619341,31.6348,32.5337,424,44644,0.059963,0.05,1,2431086,2430662,424
169622261,30.6539,31.6135,423,44691,0.0419852,0.03,1,2431116,2430693,423
169625181,30.8616,31.2454,423,44738,0.0347941,0.07,1,2431147,2430724,423
169628101,31.5446,29.2982,427,44785,0.0559176,0.03,1,2431179,2430752,427
169631021,39.6179,40.5193,424,44832,0.0523671,0.09,1,2431224,2430800,424
169633941,32.0471,32.4077,424,44879,0.0389468,0.03,1,2431251,2430827,424
169636861,23.0189,24.3631,422,44926,0.0335787,0.05,1,2431268,2430846,422
169639781,29.6075,28.3452,425,44973,0.0314315,0.05,1,2431302,2430877,425
169642701,25.643,25.7381,424,45020,0.0665726,0.07,1,2431325,2430901,424
169654381,11.9173,12.4189,423,45208,0.0947763,0.11,1,2431406,2430983,423
169657301,25.7669,25.9676,423,45255,0.0919105,0.07,1,2431441,2431018,423
169695261,25.6907,26.7932,424,45856,0.205366,0.09,1,2431828,2431404,424
169704021,34.7162,10.3068,466,45994,0.210183,0.13,1,2431907,2431441,466
169706941,30.0865,27.5227,454,46040,0.210073,0.19,1,2431934,2431480,454
169709861,30.0346,27.8091,456,46086,0.234029,0.09,1,2431964,2431508,456
169712781,30.0138,29.7236,455,46132,0.243612,0.09,1,2431994,2431539,455
169715701,33.0055,29.8895,460,46178,0.247445,0.17,1,2432029,2431569,460
169718621,40.8022,31.7558,473,46224,0.224978,0.15,1,2432075,2431602,473
169721541,31.9209,39.1023,455,46270,0.251991,0.19,1,2432101,2431646,455
169724461,23.5684,31.8409,446,46316,0.274796,0.19,1,2432119,2431673,446
169727381,31.0273,23.5364,464,46362,0.283919,0.17,1,2432155,2431691,464
169730301,26.8109,30.4145,453,46407,0.287567,0.15,1,2432179,2431726,453
169733221,27.5244,27.1658,456,46452,0.289027,0.17,1,2432207,2431751,456
169736141,26.0098,27.0663,454,46497,0.289611,0.17,1,2432232,2431778,454
169744901,26.8406,11.4762,467,46632,0.296695,0.17,1,2432297,2431830,467
169747821,35.9362,26.7905,472,46677,0.292678,0.23,1,2432339,2431867,472
169756581,30.3319,30.0346,463,46812,0.427451,0.25,1,2432427,2431964,463
169759501,33.1328,30.0138,468,46857,0.428981,0.25,1,2432462,2431994,468
169762421,40.8531,33.0055,479,46902,0.441592,0.21,1,2432508,2432029,479
169829581,25.9701,26.4686,446,47925,0.753232,0.49,2,2433140,2432694,446
169832501,11.588,11.7874,446,47969,0.763293,0.49,2,2433142,2432696,446
169835421,26.2352,26.315,446,48013,0.767317,0.51,2,2433178,2432732,446
169838341,36.2941,35.726,447,48057,0.768927,0.51,2,2433221,2432774,447
169841261,15.7176,15.4904,447,48101,0.793571,0.53,2,2433223,2432776,447
169844181,24.8871,24.1962,448,48145,0.815428,0.57,2,2433254,2432806,448
169847101,32.7548,30.6785,451,48189,0.848171,0.63,2,2433292,2432841,451
169850021,31.1019,30.2714,451,48233,0.873268,0.63,2,2433322,2432871,451
170069021,30.1647,27.6468,505,51405,0.8524,1,2,2435532,2435027,505
170071941,32.4659,26.6587,513,51446,0.85096,1,2,2435566,2435053,513
170125961,311.186,342.464,457,23360,0.406384,0.69,1,2436063,2435606,457
170128881,170.075,165.185,486,24178,0.240554,0.49,1,2436139,2435653,486
170143481,75.0644,66.2419,483,24613,0.234025,0.09,1,2436452,2435969,483
170146401,39.0258,61.8968,439,24699,0.26761,0.11,1,2436467,2436028,439
170149321,29.4103,40.3587,436,24785,0.293044,0.13,1,2436490,2436054,436
170166841,76.1667,74.0104,435,25294,0.425684,0.29,1,2436887,2436452,435
170210641,62.9563,63.7375,510,26522,0.755808,0.55,2,2437687,2437177,510
170213561,82.7825,62.695,544,26602,0.824323,0.59,2,2437783,2437239,544
170216481,41.513,80.278,466,26682,0.851729,0.63,2,2437797,2437331,466
170219401,31.6052,40.5112,477,26761,0.862692,0.65,2,2437822,2437345,477
170222321,60.0421,30.6045,532,26840,0.867077,0.65,2,2437901,2437369,532
170225241,25.2168,59.0418,456,26919,0.868831,0.71,2,2437903,2437447,456
170228161,44.8867,57.8167,457,26998,0.881532,0.73,2,2437961,2437504,457
170231081,46.1547,50.7267,458,27076,0.898613,0.75,2,2438008,2437550,458
170339121,67.1521,35.4808,558,29832,0.838,1,2,2439971,2439413,558
170350801,53.1415,53.0459,485,30115,0.212829,1,1,2440178,2439693,485
170353721,42.2566,40.4184,488,30185,0.0911315,1,1,2440213,2439725,488
170356641,42.7026,48.5673,477,30255,0.0904526,1,1,2440256,2439779,477
170359561,39.2811,38.6269,482,30325,0.066181,1,1,2440293,2439811,482
170362481,33.1124,39.4508,471,30395,0.0564724,1,1,2440322,2439851,471
170365401,32.445,34.3803,472,30465,0.052589,0.73,1,2440354,2439882,472
170368321,56.778,67.1521,456,30534,0.0510356,0.59,1,2440427,2439971,456
170371241,40.1112,45.4608,454,30603,0.0624142,0.57,1,2440456,2440002,454
170374161,37.6445,46.3843,443,30672,0.0789657,0.15,1,2440492,2440049,443
170377081,60.6578,71.3537,431,30741,0.0495863,0.13,1,2440568,2440137,431
170382921,38.1452,42.2566,424,30879,0.0907338,0.09,1,2440637,2440213,424
170385841,39.8581,42.7026,422,30948,0.0662935,0.05,1,2440678,2440256,422
170394601,32.5029,32.445,423,31152,0.0731228,0.05,1,2440777,2440354,423
170397521,58.0012,56.778,425,31220,0.0352491,0.07,1,2440852,2440427,425
170400441,40.0005,40.1112,424,31288,0.0560996,0.07,1,2440880,2440456,424
170403361,37.6002,16.0445,460,31356,0.0524399,0.09,1,2440916,2440456,460
170406281,61.2401,28.0178,501,31423,0.0869759,0.03,1,2440993,2440492,501
170409201,46.096,56.8071,461,31490,0.0767904,0.17,1,2441029,2440568,461
170412121,36.4384,44.3228,455,31557,0.0847161,0.07,1,2441059,2440604,455
170415041,39.7754,37.5291,464,31624,0.0758865,0.05,1,2441101,2440637,464
170417961,39.3101,39.6117,462,31691,0.0483546,0.13,1,2441140,2440678,462
170420881,34.3241,38.0447,456,31758,0.0373418,0.11,1,2441171,2440715,456
170423801,29.9296,33.2179,453,31825,0.0329367,0.05,1,2441198,2440745,453
170426721,56.9718,32.4871,496,31891,0.0191747,0.01,1,2441273,2440777,496
170429641,41.3887,57.9949,452,31957,0.0376699,0.07,1,2441304,2440852,452
170432561,38.7555,39.9979,461,32023,0.045068,0.05,1,2441341,2440880,461
170435481,61.1022,37.5992,501,32089,0.0600272,0.11,1,2441417,2440916,501
170438401,46.6409,61.2397,461,32155,0.0900109,0.07,1,2441454,2440993,461
170455921,56.8819,29.9296,497,32548,0.234227,0.01,1,2441695,2441198,497
170458841,41.9528,56.9718,454,32613,0.231691,0.05,1,2441727,2441273,454
170461761,39.5811,41.3887,461,32678,0.254676,0.05,1,2441765,2441304,461
170464681,61.4324,38.7555,500,32743,0.263871,0.07,1,2441841,2441341,500
170467601,25.773,61.1022,426,32808,0.267548,0.11,1,2441843,2441417,426
170470521,33.1092,46.6409,427,32872,0.293019,0.13,1,2441881,2441454,427
170482201,33.646,33.762,430,33128,0.414397,0.19,1,2442023,2441593,430
170488041,58.3034,56.8819,433,33256,0.441904,0.23,1,2442128,2441695,433
170543521,37.6359,36.3237,484,34444,0.751635,0.57,2,2442879,2442395,484
170546441,34.8544,36.7295,480,34505,0.750654,0.55,2,2442912,2442432,480
170549361,31.3417,33.8918,477,34566,0.750262,0.55,2,2442941,2442464,477
170552281,62.3367,30.3567,532,34627,0.750105,0.59,2,2443024,2442492,532
170572721,42.1807,34.224,503,35053,0.773951,0.73,2,2443302,2442799,503
170575641,38.4723,40.0896,495,35113,0.80758,0.77,2,2443338,2442843,495
170578561,34.5889,37.6358,491,35173,0.821032,0.75,2,2443370,2442879,491
170581481,31.2356,34.8543,487,35233,0.838413,0.75,2,2443399,2442912,487
170747921,32.7631,31.4125,528,38503,0.863989,1,2,2445713,2445185,528
170750841,26.9053,34.765,514,38558,0.819596,1,2,2445736,2445222,514
170765441,38.4854,47.997,485,38832,0.28302,0.95,1,2445920,2445435,485
170771281,42.0377,48.1195,478,38940,0.0992832,1,1,2446002,2445524,478
170774201,45.6151,43.2478,486,38994,0.0577133,0.93,1,2446050,2445564,486
170777121,45.846,47.2991,482,39048,0.0230853,1,1,2446096,2445614,482
170780041,38.7384,37.5196,485,39102,0.0152341,0.92,1,2446130,2445645,485
170782961,31.0954,38.4079,472,39156,0.0840936,0.81,1,2446156,2445684,472
170785881,23.2381,32.7631,461,39210,0.0876375,0.79,1,2446174,2445713,461
170812161,46.6177,45.6151,425,39692,0.0927748,0,1,2446475,2446050,425
170815081,45.0471,45.846,423,39745,0.0431099,0.01,1,2446519,2446096,423
170818001,39.6188,38.7384,425,39798,0.023244,0.13,1,2446555,2446130,425
170820921,32.0475,31.0954,426,39851,0.0752976,0.09,1,2446582,2446156,426
170823841,24.219,23.2381,427,39904,0.084119,0.13,1,2446601,2446174,427
170826761,22.2876,20.6953,429,39957,0.0756476,0.17,1,2446622,2446193,429
170829681,23.915,23.8781,428,40010,0.072259,0.17,1,2446647,2446219,428
170832601,28.766,27.5512,430,40063,0.0949036,0.17,1,2446679,2446249,430
170835521,22.3064,11.0205,448,40116,0.0799614,0.21,1,2446697,2446249,448
170838441,39.5226,15.8082,480,40169,0.0619846,0.11,1,2446748,2446268,480
170853041,43.5884,46.55,466,40430,0.0566795,0.01,1,2446941,2446475,466
170855961,38.4354,45.02,457,40482,0.0406718,0.01,1,2446976,2446519,457
170858881,33.3741,39.608,451,40534,0.0582687,0.11,1,2447006,2446555,451
170861801,24.1497,32.0432,442,40586,0.0773075,0.09,1,2447024,2446582,442
170864721,22.2599,24.2173,444,40638,0.096923,0.07,1,2447045,2446601,444
170867641,24.5039,22.2869,449,40690,0.0807692,0.07,1,2447071,2446622,449
170885161,35.3447,30.4436,467,41002,0.201146,0.17,1,2447272,2446805,467
170888081,47.1379,36.1774,482,41053,0.206458,0.13,1,2447327,2446845,482
170891001,40.4551,47.471,463,41104,0.220583,0,1,2447363,2446900,463
170893921,37.1821,43.5884,457,41155,0.202233,0.03,1,2447398,2446941,457
170902681,21.8677,24.1497,445,41308,0.0971829,0.11,1,2447469,2447024,445
170923121,29.0717,31.3616,432,41665,0.212141,0.21,1,2447666,2447234,432
170926041,34.4287,35.3447,432,41716,0.258857,0.21,1,2447704,2447272,432
170928961,46.7715,47.1379,432,41767,0.289543,0.23,1,2447759,2447327,432
170931881,39.7086,40.4551,431,41818,0.289817,0.19,1,2447794,2447363,431
170937721,32.2734,34.6728,426,41918,0.282771,0.09,1,2447857,2447431,426
170940641,23.7093,24.6691,426,41968,0.275108,0.09,1,2447875,2447449,426
170943561,21.4837,21.8677,426,42018,0.272043,0.13,1,2447895,2447469,426
170958161,17.571,17.4482,429,42268,0.437906,0.21,1,2448032,2447603,429
171042841,29.011,18.6095,484,43694,0.757649,0.57,2,2448959,2448475,484
171045761,30.8044,28.4438,481,43742,0.777059,0.57,2,2448991,2448510,481
171048681,39.9218,30.5775,495,43790,0.796824,0.63,2,2449037,2448542,495
171051601,50.7687,36.831,512,43838,0.84073,0.69,2,2449095,2448583,512
171054521,41.9075,48.9324,491,43886,0.858292,0.69,2,2449131,2448640,491
171057441,35.963,41.173,487,43934,0.877317,0.67,2,2449163,2448676,487
171060361,32.3852,36.2692,484,43982,0.884927,0.67,2,2449193,2448709,484
171063281,23.7541,32.5077,472,44030,0.887971,0.67,2,2449211,2448739,472
171066201,21.5016,23.8031,474,44078,0.889188,0.67,2,2449231,2448757,474
171229721,33.2343,36.9714,508,46681,0.897873,1,2,2451017,2450509,508
171232641,33.6937,35.7886,507,46726,0.881149,1,2,2451051,2450544,507
171235561,33.8775,35.9154,505,46771,0.82646,1,2,2451085,2450580,505
171256001,27.2798,36.1183,501,47086,0.297738,1,1,2451291,2450790,501
171264761,39.1379,29.2156,521,47221,0.0552952,0.98,1,2451394,2450873,521
171267681,32.4552,42.2862,498,47266,0.0401181,0.97,1,2451422,2450924,498
171270601,30.9821,33.7145,500,47311,0.0340472,0.94,1,2451452,2450952,500
171273521,30.3928,32.0858,499,47356,0.0436189,0.86,1,2451482,2450983,499
171276441,13.3571,33.2343,467,47401,0.0474476,0.87,1,2451484,2451017,467
171279361,24.5429,33.6937,465,47445,0.048979,0.79,1,2451516,2451051,465
171282281,29.0171,33.8775,463,47489,0.0195916,0.67,1,2451548,2451085,463
171285201,26.0069,31.551,457,47533,0.0498366,0.67,1,2451572,2451115,457
171288121,27.8027,31.8204,454,47577,0.0619347,0.63,1,2451601,2451147,454
171291041,21.9211,25.9282,450,47621,0.0667739,0.51,1,2451619,2451169,450
171293961,26.1684,31.3713,444,47665,0.0567095,0.41,1,2451648,2451204,444
171296881,21.2674,25.7485,440,47709,0.0886838,0.25,1,2451666,2451226,440
171302721,24.5228,27.2798,433,47797,0.0825894,0.09,1,2451724,2451291,433
171311481,36.2015,39.1379,423,47929,0.0876057,0.03,1,2451817,2451394,423
171314401,30.6806,32.4552,422,47973,0.0530423,0.03,1,2451844,2451422,422
171317321,30.8722,30.9821,423,48017,0.0512169,0.05,1,2451875,2451452,423
171320241,29.7489,30.3928,422,48061,0.0264868,0.05,1,2451904,2451482,422
171323161,13.0996,13.3571,422,48105,0.0165947,0.05,1,2451906,2451484,422
171326081,24.4398,24.5429,422,48149,0.0366379,0,1,2451938,2451516,422
171329001,28.9759,29.0171,422,48193,0.0206552,0.07,1,2451970,2451548,422
171331921,27.1904,26.0069,424,48237,0.0502621,0.07,1,2451996,2451572,424
171334841,28.2761,27.8027,424,48281,0.0741048,0.07,1,2452025,2451601,424
171337761,22.7105,21.9211,425,48325,0.0836419,0.05,1,2452044,2451619,425
171352361,25.5372,26.0091,426,48543,0.215176,0.15,1,2452177,2451751,426
171355281,23.4149,23.0036,427,48586,0.200071,0.05,1,2452199,2451772,427
171361121,29.5464,30.6806,422,48672,0.203611,0.05,1,2452266,2451844,422
171381561,29.4706,24.8441,453,48973,0.0828402,0.09,1,2452449,2451996,453
171390321,21.9981,26.334,446,49102,0.220102,0.19,1,2452519,2452073,446
171393241,32.1992,21.3336,467,49145,0.226041,0.17,1,2452558,2452091,467
171396161,27.8797,31.3334,454,49188,0.216416,0.21,1,2452583,2452129,454
171399081,25.5519,26.3334,455,49231,0.212567,0.23,1,2452607,2452152,455
171402001,23.4208,25.5334,452,49274,0.211027,0.19,1,2452629,2452177,452
171404921,33.3683,23.4133,470,49317,0.222411,0.19,1,2452669,2452199,470
171407841,27.7473,33.3653,454,49360,0.238964,0.21,1,2452693,2452239,454
171410761,29.6989,29.5461,458,49403,0.233586,0.09,1,2452724,2452266,458
171413681,28.6796,31.0185,454,49446,0.267434,0.11,1,2452752,2452298,454
171416601,12.6718,29.2074,428,49489,0.280974,0.11,1,2452754,2452326,428
171419521,24.2687,12.883,458,49532,0.286389,0.15,1,2452786,2452328,458
171431201,26.6853,29.4706,451,49701,0.297396,0.15,1,2452900,2452449,451
171439961,32.0919,21.9981,471,49827,0.294313,0.23,1,2452990,2452519,471
171442881,27.2367,32.1992,456,49869,0.291725,0.21,1,2453014,2452558,456
171445801,25.2947,27.8797,455,49911,0.29069,0.21,1,2453038,2452583,455
171448721,23.3179,25.5519,453,49953,0.290276,0.21,1,2453060,2452607,453
171451641,33.9272,23.4208,472,49995,0.29011,0.23,1,2453101,2452629,472
171475001,12.2155,27.283,438,50331,0.294385,0.31,1,2453281,2452843,438
171477921,24.0862,30.7132,437,50373,0.291754,0.29,1,2453313,2452876,437
171492521,27.1305,27.2367,436,50583,0.423612,0.29,1,2453450,2453014,436
171495441,25.2522,25.2947,436,50625,0.427445,0.29,1,2453474,2453038,436
171545081,26.1091,25.2522,443,51326,0.756574,0.49,2,2453917,2453474,443
171548001,24.8437,23.3009,445,51367,0.77663,0.53,2,2453941,2453496,445
171550921,35.1375,33.9204,446,51408,0.796652,0.53,2,2453983,2453537,446
171553841,29.655,29.1681,446,51449,0.804661,0.51,2,2454009,2453563,446
171556761,32.262,31.4673,447,51490,0.843864,0.49,2,2454043,2453596,447
171559681,29.7048,29.9869,446,51531,0.835546,0.49,2,2454071,2453625,446
171562601,13.0819,13.1948,446,51572,0.832218,0.53,2,2454073,2453627,446
171565521,25.0328,24.4779,447,51613,0.854887,0.51,2,2454106,2453659,447
171568441,28.0131,27.7912,447,51654,0.839955,0.59,2,2454136,2453689,447
171571361,28.0052,26.7165,449,51695,0.881982,0.59,2,2454164,2453715,449
171574281,12.4021,11.8866,449,51736,0.874793,0.59,2,2454166,2453717,449
171577201,24.1608,23.9546,449,51777,0.895917,0.59,2,2454198,2453749,449
171580121,26.4643,9.58185,477,51818,0.880367,0.63,2,2454226,2453749,477
171583041,31.5857,20.0327,485,51859,0.862147,0.67,2,2454261,2453776,485
171585961,24.0343,27.2131,472,51900,0.866859,0.69,2,2454280,2453808,472
171588881,33.6137,22.2852,493,51941,0.880744,0.67,2,2454320,2453827,493
171825401,333.546,345.504,502,24820,0.442,0.81,1,2456811,2456309,502
171841461,148.407,165.921,449,24820,0.07072,0.37,1,2457135,2456686,449
171867741,89.3629,104.168,436,24820,0.046288,0.31,1,2457185,2456749,436
171870661,44.1452,47.6673,440,25633,0.0725152,0.25,1,2457199,2456759,440
171873581,28.4581,22.0669,453,25716,0.0830061,0.07,1,2457217,2456764,453
171876501,32.9832,37.0268,442,25798,0.0632024,0,1,2457253,2456811,442
171879421,59.3933,61.0107,442,25880,0.055281,0.09,1,2457330,2456888,442
171882341,74.1573,57.4043,471,25962,0.0401124,0.03,1,2457414,2456943,471
171885261,62.0629,66.1617,453,26044,0.046045,0,1,2457468,2457015,453
171888181,66.8252,69.6647,451,26125,0.024418,0,1,2457538,2457087,451
171891101,53.1301,56.6659,447,26206,0.0277672,0.03,1,2457582,2457135,447
171894021,45.252,52.6663,437,26287,0.0651069,0.09,1,2457622,2457185,437
171896941,30.1008,29.4665,443,26368,0.0800427,0.09,1,2457642,2457199,443
171899861,31.8403,22.5866,458,26448,0.0860171,0.05,1,2457675,2457217,458
171902781,58.3361,30.6346,498,26528,0.0404068,0.05,1,2457751,2457253,498
171905701,74.9345,58.4539,507,26608,0.0221627,0.03,1,2457837,2457330,507
171908621,61.1738,73.7815,475,26688,0.0268651,0.05,1,2457889,2457414,475
171911541,67.0695,61.9126,492,26767,0.040746,0.01,1,2457960,2457468,492
171914461,53.2278,66.765,466,26846,0.0462984,0.03,1,2458004,2457538,466
171917381,22.4911,53.106,424,26925,0.0485194,0.09,1,2458006,2457582,424
171920301,34.1964,45.2424,426,27004,0.0974078,0.09,1,2458048,2457622,426
171929061,56.3086,58.3355,422,27238,0.0813541,0.01,1,2458173,2457751,422
171931981,74.1234,74.9342,422,27316,0.0625416,0.03,1,2458259,2457837,422
171934901,61.4494,61.1737,423,27394,0.0310167,0.05,1,2458312,2457889,423
171937821,67.7797,67.0695,424,27471,0.0304067,0.05,1,2458384,2457960,424
171940741,53.5119,53.2278,424,27548,0.0541627,0.05,1,2458428,2458004,424
171943661,22.6048,22.4911,424,27625,0.0396651,0.13,1,2458430,2458006,424
171946581,36.6419,34.1964,428,27702,0.045866,0.17,1,2458476,2458048,428
171949501,26.6568,25.6786,428,27778,0.0963464,0.17,1,2458496,2458068,428
171964101,68.7594,67.7797,424,28157,0.0994154,0.07,1,2458808,2458384,424
171967021,53.3037,53.5119,423,28232,0.0937662,0.03,1,2458851,2458428,423
171975781,28.3234,14.6568,447,28457,0.086881,0.13,1,2458923,2458476,447
171978701,29.3294,17.8627,457,28531,0.0887524,0.13,1,2458953,2458496,457
171981621,53.7317,25.1451,497,28605,0.077501,0.23,1,2459023,2458526,497
171984541,71.8927,51.458,512,28679,0.0730004,0.15,1,2459107,2458595,512
171987461,60.5571,72.1832,479,28753,0.0832001,0.13,1,2459160,2458681,479
171990381,67.4228,60.6733,498,28827,0.0752801,0.07,1,2459232,2458734,498
171993301,53.3691,68.6693,468,28900,0.072112,0.09,1,2459276,2458808,468
171996221,22.5477,53.2677,427,28973,0.0708448,0.13,1,2459278,2458851,427
172010821,72.396,53.7314,508,29337,0.21925,0.07,1,2459531,2459023,508
172013741,60.1584,71.8926,476,29409,0.2617,0.09,1,2459583,2459107,476
172040021,73.0452,72.396,436,30051,0.435275,0.29,1,2459967,2459531,436
172069221,76.5772,73.0452,446,30747,0.771146,0.51,2,2460413,2459967,446
172072141,62.4309,60.4181,447,30816,0.842458,0.53,2,2460466,2460019,447
172075061,71.1723,69.1672,449,30885,0.882983,0.55,2,2460543,2460094,449
172077981,57.2689,56.4669,449,30954,0.875193,0.55,2,2460591,2460142,449
172080901,24.1076,23.7868,449,31022,0.884077,0.57,2,2460593,2460144,449
172083821,38.443,37.1147,451,31090,0.887631,0.61,2,2460641,2460190,451
172086741,29.7772,28.0459,453,31158,0.889052,0.67,2,2460665,2460212,453
172092581,14.3644,13.6073,455,31294,0.882648,0.67,2,2460702,2460247,455
172095501,48.3457,5.44294,526,31362,0.899059,0.75,2,2460773,2460247,526
172098421,78.7383,44.1772,555,31429,0.881624,0.81,2,2460872,2460317,555
172101341,65.6953,75.2709,516,31496,0.850649,0.89,2,2460929,2460413,516
172104261,73.0781,61.9083,541,31563,0.85026,0.91,2,2461007,2460466,541
172107181,58.6313,70.9633,513,31630,0.838104,0.87,2,2461056,2460543,513
172110101,24.6525,57.1853,467,31697,0.833242,0.89,2,2461058,2460591,467
172113021,37.461,24.0741,511,31764,0.831297,0.89,2,2461104,2460593,511
172115941,29.3844,38.4297,487,31831,0.830519,0.89,2,2461128,2460641,487
172118861,33.3538,29.7719,499,31897,0.842207,0.91,2,2461164,2460665,499
172121781,14.5415,32.9087,466,31963,0.858883,0.87,2,2461166,2460700,466
172238581,41.3554,40.2953,518,34511,0.874,1,2,2463025,2462507,518
172241501,35.1422,35.9181,516,34572,0.7756,1,2,2463056,2462540,516
172253181,72.386,29.8299,583,34816,0.205759,1,1,2463244,2462661,583
172259021,54.1818,46.1728,540,34938,0.0557215,1,1,2463330,2462790,540
172261941,58.8727,52.0691,546,34999,0.0282886,1,1,2463392,2462846,546
172264861,38.5491,63.4276,500,35059,0.0113154,1,1,2463417,2462917,500
172267781,32.2196,43.9711,497,35119,0.0105262,1,1,2463445,2462948,497
172270701,37.4879,37.3884,505,35179,0.0342105,0.79,1,2463486,2462981,505
172273621,28.7951,41.3554,484,35239,0.0316842,0.71,1,2463509,2463025,484
172276541,27.7181,35.1421,480,35299,0.0426737,0.61,1,2463536,2463056,480
172279461,25.4872,32.6569,473,35359,0.0470695,0.53,1,2463560,2463087,473
172282381,22.1949,31.6627,462,35419,0.0728278,0.39,1,2463580,2463118,462
172285301,61.678,26.4651,527,35479,0.0711311,0.03,1,2463668,2463141,527
172288221,39.0712,72.386,448,35539,0.0704524,0.07,1,2463692,2463244,448
172291141,51.0285,43.9544,482,35598,0.028181,0.01,1,2463751,2463269,482
172294061,58.2114,54.1818,484,35657,0.0412724,0.01,1,2463814,2463330,484
172296981,24.4846,58.8727,424,35716,0.022509,0,1,2463816,2463392,424
172299901,24.1938,38.5491,423,35775,0.0270036,0.01,1,2463840,2463417,423
172302821,26.4775,32.2196,423,35834,0.0408014,0.05,1,2463868,2463445,423
172305741,35.791,37.4879,424,35893,0.0343206,0.03,1,2463910,2463486,424
172308661,28.1164,28.7951,424,35952,0.0437282,0.05,1,2463933,2463509,424
172311581,26.8466,27.7181,423,36011,0.0354913,0.05,1,2463959,2463536,423
172314501,26.9386,25.4872,426,36070,0.0561965,0.09,1,2463986,2463560,426
172317421,23.9754,22.1949,428,36129,0.0404786,0.07,1,2464008,2463580,428
172326181,50.6144,51.0285,424,36303,0.0729106,0.05,1,2464175,2463751,424
172329101,57.4458,58.2114,423,36361,0.0711643,0.01,1,2464237,2463814,423
172332021,24.1783,24.4846,423,36419,0.0704657,0.03,1,2464239,2463816,423
172334941,25.8713,24.1938,426,36477,0.0701863,0.05,1,2464266,2463840,426
172337861,24.7485,26.4775,422,36535,0.0820745,0.03,1,2464290,2463868,422
172340781,35.6994,35.791,423,36593,0.0508298,0.05,1,2464333,2463910,423
172343701,27.4798,28.1164,422,36651,0.0623319,0.03,1,2464355,2463933,422
172346621,28.9919,26.8466,426,36709,0.0789328,0.07,1,2464385,2463959,426
172349541,25.9968,26.9386,423,36767,0.0735731,0.03,1,2464409,2463986,423
172352461,24.7987,23.9754,425,36824,0.0714292,0.17,1,2464433,2464008,425
172361221,47.3551,50.6144,422,36995,0.0614515,0.07,1,2464597,2464175,422
172364141,56.742,57.4458,423,37052,0.0785806,0.07,1,2464660,2464237,423
172367061,23.8968,24.1783,423,37109,0.0854322,0.07,1,2464662,2464239,423
172369981,26.9587,25.8713,425,37166,0.0761729,0.07,1,2464691,2464266,425
172372901,23.9835,10.3485,447,37223,0.0604692,0.09,1,2464713,2464266,447
172375821,35.3934,18.5394,466,37280,0.0421877,0.03,1,2464756,2464290,466
172378741,27.9574,33.2158,446,37337,0.0348751,0.07,1,2464779,2464333,446
172381661,29.1829,26.4863,454,37394,0.06795,0.09,1,2464809,2464355,454
172384581,26.0732,28.5945,448,37451,0.05718,0.07,1,2464833,2464385,448
172387501,25.4293,25.8378,449,37507,0.040872,0.07,1,2464858,2464409,449
172390421,62.9717,24.7351,513,37563,0.0463488,0.13,1,2464946,2464433,513
172393341,38.3887,62.6941,447,37619,0.0605395,0.11,1,2464968,2464521,447
172399181,57.1422,47.351,486,37731,0.0924863,0.09,1,2465083,2464597,486
172402101,24.0569,56.7404,425,37787,0.0789945,0.09,1,2465085,2464660,425
172405021,26.4228,23.8962,451,37843,0.0735978,0.07,1,2465113,2464662,451
172407941,24.3691,26.9585,445,37899,0.0714391,0.05,1,2465136,2464691,445
172410861,35.5476,23.9834,466,37955,0.0945757,0.03,1,2465179,2464713,466
172431301,46.1093,38.3887,475,38342,0.223449,0.17,1,2465443,2464968,475
172434221,56.8437,45.3555,489,38397,0.25138,0.07,1,2465507,2465018,489
172437141,23.9375,57.1422,426,38452,0.262552,0.07,1,2465509,2465083,426
172440061,26.975,24.0569,453,38507,0.267021,0.07,1,2465538,2465085,453
172442981,23.99,26.4228,447,38562,0.268808,0.07,1,2465560,2465113,447
172445901,36.596,24.3691,469,38617,0.293523,0.11,1,2465605,2465136,469
172466341,39.7568,38.7733,432,38998,0.410827,0.25,1,2465824,2465392,432
172507221,50.9023,48.3027,447,39749,0.752744,0.55,2,2466325,2465878,447
172510141,59.9609,57.7211,449,39802,0.763097,0.59,2,2466391,2465942,449
172513061,25.1844,24.2884,449,39855,0.767239,0.57,2,2466393,2465944,449
172515981,26.8737,27.1154,448,39908,0.780896,0.57,2,2466421,2465973,448
172518901,24.5495,24.0462,449,39961,0.774358,0.57,2,2466444,2465995,449
172521821,38.6198,37.8185,450,40014,0.771743,0.57,2,2466492,2466042,450
172524741,16.6479,16.3274,450,40067,0.770697,0.57,2,2466494,2466044,450
172527661,20.4592,6.53095,473,40120,0.782279,0.61,2,2466517,2466044,473
172530581,26.7837,15.8124,482,40173,0.810912,0.61,2,2466548,2466066,482
172533501,26.9135,24.325,479,40226,0.786365,0.67,2,2466575,2466096,479
172536421,26.9654,25.93,479,40278,0.764546,0.63,2,2466602,2466123,479
172539341,69.5862,25.972,551,40330,0.779818,0.73,2,2466700,2466149,551
172542261,42.2345,66.7888,481,40382,0.797927,0.75,2,2466724,2466243,481
172545181,51.6938,41.7155,514,40434,0.793171,0.77,2,2466782,2466268,514
172548101,60.2775,50.8862,523,40486,0.767268,0.77,2,2466848,2466325,523
172551021,25.311,59.9545,459,40538,0.756907,0.77,2,2466850,2466391,459
172553941,27.5244,25.1818,486,40590,0.788763,0.79,2,2466879,2466393,486
172556861,25.4098,26.8727,482,40642,0.801505,0.77,2,2466903,2466421,482
172559781,38.9639,24.5491,507,40694,0.830602,0.77,2,2466951,2466444,507
172562701,16.7856,38.6196,461,40746,0.842241,0.77,2,2466953,2466492,461
172565621,21.1142,16.6479,483,40798,0.846896,0.79,2,2466977,2466494,483
172568541,27.0457,20.4591,491,40850,0.848759,0.83,2,2467008,2466517,491
172571461,26.4183,26.7837,486,40902,0.861503,0.77,2,2467034,2466548,486
172574381,26.1673,26.9135,485,40954,0.866601,0.75,2,2467060,2466575,485
172577301,70.4669,26.9654,558,41006,0.880641,0.79,2,2467160,2466602,558
172580221,43.1868,69.5862,485,41057,0.898256,0.81,2,2467185,2466700,485
172740821,106.867,117.682,513,20031,0.086032,0.71,1,2469280,2468767,513
172746661,68.9387,74.8691,482,20242,0.0701651,0.31,1,2469391,2468909,482
172749581,36.5755,62.9476,442,20347,0.034066,0.23,1,2469406,2468964,442
172752501,57.8302,40.179,489,20451,0.0196264,0.15,1,2469478,2468989,489
172755421,114.932,53.8716,579,20555,0.0738506,0.03,1,2469631,2469052,579
172758341,89.7728,116.349,494,20658,0.0475402,0.05,1,2469704,2469210,494
172761261,59.9091,88.5395,464,20761,0.0610161,0.11,1,2469744,2469280,464
172764181,64.7637,60.0158,491,20863,0.0904064,0.05,1,2469812,2469321,491
172767101,36.1055,66.0063,438,20965,0.0661626,0.01,1,2469829,2469391,438
172770021,15.6422,35.4025,425,21066,0.056465,0.01,1,2469831,2469406,425
172772941,48.2569,57.361,423,21167,0.052586,0.11,1,2469901,2469478,423
172775861,112.303,114.744,425,21267,0.0270344,0.03,1,2470056,2469631,425
172778781,87.5211,89.6978,423,21367,0.0768138,0.07,1,2470127,2469704,423
172781701,60.2084,59.8791,425,21466,0.0847255,0.11,1,2470169,2469744,425
172796301,111.741,112.302,422,21955,0.0677124,0.11,1,2470478,2470056,422
172799221,89.0965,87.521,425,22052,0.057085,0.09,1,2470552,2470127,425
172802141,61.4386,60.2084,426,22148,0.088834,0.13,1,2470595,2470169,426
172816741,107.825,18.7413,577,22623,0.0764713,0.01,1,2470900,2470323,577
172819661,89.9299,100.497,500,22717,0.0725885,0.05,1,2470978,2470478,500
172834261,46.9318,15.2889,493,23180,0.223108,0.11,1,2471176,2470683,493
172837181,105.773,47.5156,569,23271,0.263243,0.05,1,2471321,2470752,569
172840101,90.9091,107.806,502,23362,0.291297,0.07,1,2471402,2470900,502
172848861,36.3942,67.3076,444,23633,0.409603,0.19,1,2471536,2471092,444
172851781,15.7577,35.323,432,23723,0.421841,0.19,1,2471538,2471106,432
172895581,37.8553,37.3166,453,25029,0.769389,0.67,2,2472434,2471981,453
172898501,16.3421,16.1266,453,25114,0.757756,0.67,2,2472436,2471983,453
172901421,52.7368,50.8507,456,25198,0.777102,0.73,2,2472513,2472057,456
172904341,110.495,109.74,456,25282,0.808841,0.73,2,2472662,2472206,456
172907261,45.3979,45.0961,456,25366,0.797536,0.75,2,2472664,2472208,456
172910181,67.9592,67.2384,457,25450,0.841015,0.75,2,2472747,2472290,457
172913101,54.7837,26.8954,503,25533,0.834406,0.71,2,2472793,2472290,503
172916021,71.7135,38.9581,539,25616,0.819762,0.75,2,2472876,2472337,539
172918941,38.8854,64.1833,475,25699,0.825905,0.79,2,2472893,2472418,475
172921861,16.7542,35.2733,461,25781,0.804362,0.75,2,2472895,2472434,461
172924781,52.3017,15.3093,535,25863,0.867745,0.79,2,2472971,2472436,535
173129181,56.3901,52.5436,492,31073,0.78904,1,2,2476729,2476237,492
173137941,49.353,39.0988,507,31277,0.403059,1,1,2476862,2476355,507
173140861,43.1412,15.6395,546,31345,0.275223,1,1,2476901,2476355,546
173146701,49.9826,71.5023,525,31480,0.0668357,1,1,2477016,2476491,525
173149621,41.593,59.8009,509,31547,0.0567343,1,1,2477052,2476543,509
173152541,40.0372,43.1204,516,31614,0.0766937,0.94,1,2477091,2476575,516
173155461,40.6149,42.4481,515,31681,0.0846775,0.97,1,2477132,2476617,515
173158381,46.846,46.3793,517,31748,0.063871,0.67,1,2477183,2476666,517
173161301,42.1384,56.3517,493,31815,0.0555484,0.61,1,2477222,2476729,493
173164221,32.4554,48.9407,475,31881,0.0402194,0.45,1,2477248,2476773,475
173167141,43.5821,39.3763,493,31947,0.0580877,0.31,1,2477299,2476806,493
173170061,35.4329,49.3505,467,32013,0.0532351,0.19,1,2477329,2476862,467
173172981,55.5731,43.1402,497,32079,0.027294,0.07,1,2477398,2476901,497
173175901,50.4293,60.4561,472,32145,0.0529176,0.01,1,2477445,2476973,472
173178821,37.5717,49.9824,458,32211,0.051167,0.05,1,2477474,2477016,458
173181741,40.2287,41.593,464,32277,0.0744668,0.09,1,2477516,2477052,464
173184661,40.6915,40.0372,466,32343,0.0837867,0.09,1,2477557,2477091,466
173190501,42.0306,46.8459,462,32473,0.0986059,0.05,1,2477645,2477183,462
173196341,44.2849,32.4554,474,32603,0.0817769,0.07,1,2477722,2477248,474
173199261,35.114,43.5821,452,32668,0.0867108,0.05,1,2477751,2477299,452
173202181,56.6456,35.4329,493,32733,0.0886843,0.01,1,2477822,2477329,493
173205101,23.8582,55.5731,426,32798,0.0894737,0.07,1,2477824,2477398,426
173208021,37.1433,50.4293,425,32862,0.0897895,0.05,1,2477870,2477445,425
173219701,44.8901,45.0766,426,33118,0.213163,0.09,1,2478031,2477605,426
173222621,41.956,42.0306,426,33182,0.235265,0.15,1,2478071,2477645,426
173225541,31.7824,31.2123,427,33246,0.232106,0.05,1,2478096,2477669,427
173228461,43.913,44.2849,426,33310,0.230842,0.09,1,2478148,2477722,426
173231381,34.9652,35.114,426,33373,0.254337,0.09,1,2478177,2477751,426
173234301,56.5861,56.6456,426,33436,0.263735,0.09,1,2478248,2477822,426
173237221,23.8344,23.8582,426,33499,0.267494,0.09,1,2478250,2477824,426
173240141,37.1338,37.1433,426,33562,0.292998,0.11,1,2478296,2477870,426
173257661,31.6704,31.7824,433,33939,0.400474,0.23,1,2478529,2478096,433
173260581,44.4682,43.913,434,34001,0.430189,0.27,1,2478582,2478148,434
173263501,34.5873,34.9652,433,34063,0.442076,0.27,1,2478610,2478177,433
173266421,56.4349,56.5861,433,34125,0.44683,0.27,1,2478681,2478248,433
173269341,23.774,23.8344,433,34187,0.448732,0.31,1,2478683,2478250,433
173272261,38.3096,37.1338,435,34249,0.449493,0.31,1,2478731,2478296,435
173275181,33.3238,14.8535,465,34311,0.437797,0.35,1,2478761,2478296,465
173278101,42.1295,23.3414,484,34373,0.421119,0.37,1,2478809,2478325,484
173281021,43.2518,36.9366,482,34435,0.414448,0.35,1,2478853,2478371,482
173283941,46.7007,41.1746,487,34496,0.447779,0.35,1,2478902,2478415,487
173286861,45.0803,45.8699,482,34557,0.449112,0.41,1,2478946,2478464,482
173289781,32.4321,42.9479,465,34618,0.449645,0.41,1,2478970,2478505,465
173324821,45.9639,32.4321,498,35344,0.771795,0.49,2,2479468,2478970,498
173327741,35.1855,44.7728,473,35404,0.782718,0.49,2,2479496,2479023,473
173330661,57.2742,34.7091,517,35464,0.799087,0.51,2,2479568,2479051,517
173333581,24.1097,56.4837,448,35524,0.817635,0.51,2,2479570,2479122,448
173336501,40.2439,23.7935,497,35584,0.813054,0.49,2,2479621,2479124,497
173339421,34.0975,38.9174,478,35643,0.847222,0.55,2,2479651,2479173,478
173342341,14.839,33.567,450,35702,0.860889,0.57,2,2479653,2479203,450
173345261,34.7356,41.6268,451,35761,0.890355,0.65,2,2479701,2479250,451
173508781,56.5001,52.5331,497,38932,0.869776,1,2,2481945,2481448,497
173523381,33.5536,28.6256,509,39202,0.242811,1,1,2482103,2481594,509
173529221,41.2486,46.3401,492,39310,0.0928497,1,1,2482176,2481684,492
173532141,39.2994,35.936,501,39364,0.0551399,1,1,2482214,2481713,501
173535061,27.1198,35.9744,484,39418,0.0400559,0.89,1,2482233,2481749,484
173537981,28.2479,34.1898,480,39472,0.0340224,1,1,2482262,2481782,480
173540901,47.8992,50.8759,479,39526,0.055609,1,1,2482323,2481844,479
173543821,34.7597,40.7504,471,39579,0.0282436,0.79,1,2482349,2481878,471
173546741,46.3039,56.5001,458,39632,0.0292974,0.65,1,2482403,2481945,458
173549661,34.1215,43.0001,450,39685,0.029719,0.65,1,2482429,2481979,450
173552581,28.6486,33.4,448,39738,0.0418876,0.41,1,2482454,2482006,448
173555501,27.0594,31.96,443,39791,0.034755,0.29,1,2482480,2482037,443
173558421,27.0238,31.384,439,39844,0.055902,0.15,1,2482507,2482068,439
173561341,27.6095,33.5536,432,39897,0.0883608,0.15,1,2482535,2482103,432
173564261,21.2438,26.6214,427,39950,0.0533443,0.03,1,2482552,2482125,427
173567181,36.6975,41.2486,423,40003,0.0513377,0.03,1,2482599,2482176,423
173570101,36.879,39.2994,422,40056,0.0505351,0.03,1,2482636,2482214,422
173573021,26.1516,27.1198,422,40109,0.026214,0.03,1,2482655,2482233,422
173575941,27.2606,10.8479,450,40162,0.0284856,0.03,1,2482683,2482233,450
173578861,48.1043,21.7392,483,40215,0.0293942,0.07,1,2482745,2482262,483
173581781,36.0417,45.2957,450,40268,0.0417577,0.01,1,2482773,2482323,450
173584701,45.0167,33.7183,475,40320,0.0467031,0.03,1,2482824,2482349,475
173587621,34.8067,45.8873,449,40372,0.0726812,0.03,1,2482852,2482403,449
173590541,27.7227,33.9549,446,40424,0.0470725,0.05,1,2482875,2482429,446
173593461,26.6891,28.582,447,40476,0.048829,0.03,1,2482901,2482454,447
173596381,28.6756,27.0328,451,40528,0.0375316,0.07,1,2482931,2482480,451
173599301,27.6703,27.0131,451,40580,0.0450126,0.11,1,2482958,2482507,451
173602221,21.8681,27.6052,441,40632,0.0480051,0.03,1,2482976,2482535,441
173605141,35.1472,21.2421,468,40684,0.037202,0.05,1,2483020,2482552,468
173608061,36.2589,36.6968,458,40736,0.0448808,0.05,1,2483057,2482599,458
173610981,25.9036,36.8787,440,40788,0.0479523,0.01,1,2483076,2482636,440
173613901,28.3614,26.1515,451,40840,0.0251809,0.03,1,2483106,2482655,451
173616821,48.5446,27.2606,485,40892,0.0160724,0.03,1,2483168,2482683,485
173619741,37.4178,48.1042,453,40944,0.0244289,0.05,1,2483198,2482745,453
173622661,43.1671,36.0417,472,40996,0.0517716,0.05,1,2483245,2482773,472
173625581,36.4669,45.0167,453,41047,0.0747086,0.09,1,2483277,2482824,453
173628501,26.5867,34.8067,445,41098,0.0958835,0.03,1,2483297,2482852,445
173631421,26.8347,27.7227,449,41149,0.0923534,0.05,1,2483324,2482875,449
173634341,28.1339,26.6891,452,41200,0.0789414,0.03,1,2483353,2482901,452
173637261,28.0536,28.6756,450,41251,0.0615765,0.05,1,2483381,2482931,450
173640181,20.8214,27.6703,439,41302,0.0666306,0.05,1,2483397,2482958,439
173643101,34.7286,21.8681,465,41353,0.0566522,0.03,1,2483441,2482976,465
173646021,37.2914,35.1472,460,41404,0.0526609,0.05,1,2483480,2483020,460
173648941,25.1166,36.2589,440,41455,0.0750644,0.05,1,2483497,2483057,440
173651861,29.2466,25.9036,453,41506,0.0480257,0.01,1,2483529,2483076,453
173654781,12.8987,28.3614,425,41557,0.0372103,0.01,1,2483531,2483106,425
173657701,41.1595,48.5446,423,41608,0.0568841,0.03,1,2483591,2483168,423
173660621,34.4638,37.4178,423,41659,0.0527536,0.07,1,2483621,2483198,423
173663541,43.7855,43.1671,426,41710,0.0631015,0.09,1,2483671,2483245,426
173666461,36.7142,36.4669,426,41761,0.0912406,0.11,1,2483703,2483277,426
173669381,27.2857,26.5867,427,41812,0.0664962,0.09,1,2483724,2483297,427
173672301,26.5143,26.8347,426,41862,0.0565985,0.07,1,2483750,2483324,426
173675221,26.8057,28.1339,424,41912,0.0646394,0.05,1,2483777,2483353,424
173678141,28.1223,28.0536,425,41962,0.0798558,0.07,1,2483806,2483381,425
173686901,38.2318,37.2914,425,42112,0.0883908,0.09,1,2483905,2483480,425
173689821,25.4927,25.1166,425,42162,0.0773563,0.03,1,2483922,2483497,425
173692741,28.1971,29.2466,423,42212,0.0729425,0.03,1,2483952,2483529,423
173698581,40.3915,41.1595,422,42312,0.0608708,0.05,1,2484013,2483591,422
173701501,34.7566,34.4638,423,42362,0.0783483,0.07,1,2484044,2483621,423
173713181,26.4162,26.5143,424,42562,0.204326,0.07,1,2484174,2483750,424
173716101,27.3665,26.8057,425,42612,0.20773,0.09,1,2484202,2483777,425
173719021,28.9466,28.1223,426,42662,0.209092,0.13,1,2484232,2483806,426
173721941,22.9786,21.4489,428,42711,0.233637,0.17,1,2484251,2483823,428
173724861,33.1915,32.5796,428,42760,0.231455,0.05,1,2484291,2483863,428
173727781,36.0766,38.2318,424,42809,0.254582,0.07,1,2484329,2483905,424
173730701,25.2306,25.4927,425,42858,0.275833,0.07,1,2484347,2483922,425
173742381,35.6283,16.1566,456,43054,0.299813,0.09,1,2484469,2484013,456
173756981,27.4599,26.168,457,43299,0.402881,0.21,1,2484631,2484174,457
173759901,29.5839,27.2672,460,43348,0.419153,0.21,1,2484662,2484202,460
173762821,23.8336,28.9069,450,43397,0.401661,0.25,1,2484682,2484232,450
173765741,34.7334,22.9628,473,43446,0.406664,0.23,1,2484724,2484251,473
173786181,49.0588,35.6283,493,43784,0.421785,0.37,1,2484962,2484469,493
173853341,37.8494,36.9052,449,44879,0.751923,0.55,2,2485652,2485203,449
173865021,39.9161,38.596,452,45067,0.797281,0.65,2,2485761,2485309,452
173867941,38.1665,36.4384,454,45114,0.840912,0.67,2,2485798,2485344,454
173870861,52.4666,51.1754,455,45161,0.810365,0.67,2,2485860,2485405,455
173873781,22.1866,21.6701,455,45208,0.822146,0.65,2,2485862,2485407,455
173876701,29.8747,29.6681,455,45255,0.826858,0.71,2,2485897,2485442,455
173879621,26.3499,26.2672,455,45302,0.840743,0.67,2,2485921,2485466,455
173882541,26.7399,26.1069,456,45349,0.858297,0.73,2,2485948,2485492,456
174078181,31.8218,41.4539,483,48365,0.890455,1,2,2488018,2487535,483
174081101,37.9287,34.5816,495,48409,0.830182,1,2,2488060,2487565,495
174084021,33.1715,27.0326,503,48453,0.794073,1,2,2488090,2487587,503
174086941,27.0686,24.613,503,48496,0.755629,1,2,2488113,2487610,503
174089861,20.4274,30.8452,484,48539,0.752252,0.96,2,2488129,2487645,484
174200821,26.8235,28.3306,476,50160,0.761529,0.59,2,2489224,2488748,476
174203741,17.9294,28.1322,460,50202,0.790612,0.55,2,2489236,2488776,460
174206661,21.5718,18.4529,472,50244,0.838245,0.57,2,2489260,2488788,472
174209581,22.4287,21.1812,472,50286,0.845298,0.57,2,2489283,2488811,472
174212501,10.1715,21.6725,452,50328,0.872119,0.65,2,2489285,2488833,452
174215421,24.4686,27.869,454,50370,0.882848,0.63,2,2489319,2488865,454
174218341,28.9874,30.9476,453,50412,0.899139,0.67,2,2489351,2488898,453
174221261,31.395,30.379,456,50454,0.893656,0.73,2,2489384,2488928,456
174224181,39.558,37.9516,458,50496,0.879462,0.73,2,2489429,2488971,458
174227101,30.2232,29.5806,458,50538,0.897785,0.73,2,2489453,2488995,458
174235861,36.3503,36.6692,458,50664,0.894338,0.73,2,2489540,2489082,458
174504501,73.9242,52.898,527,25661,0.768413,0.49,2,2492428,2491901,527
174507421,59.5697,68.5592,498,25744,0.817365,0.55,2,2492478,2491980,498
174510341,67.6279,56.2237,523,25826,0.848946,0.65,2,2492551,2492028,523
174513261,48.6512,64.4895,489,25908,0.861578,0.63,2,2492587,2492098,489
174516181,69.8605,47.9958,536,25990,0.854631,0.71,2,2492671,2492135,536
174519101,45.9442,67.1983,486,26072,0.851853,0.63,2,2492701,2492215,486
174522021,27.3777,46.0793,469,26153,0.862741,0.71,2,2492716,2492247,469
174524941,64.3511,26.8317,544,26234,0.879096,0.77,2,2492805,2492261,544
174527861,76.7404,61.7327,544,26315,0.885639,0.79,2,2492890,2492346,544
174624221,32.7444,45.3748,499,28854,0.8716,1,2,2494613,2494114,499
174632981,50.0956,41.472,529,29073,0.405462,1,1,2494777,2494248,529
174635901,48.2383,59.1888,505,29146,0.276185,1,1,2494824,2494319,505
174641741,54.3981,71.3902,509,29291,0.0765896,1,1,2494951,2494442,509
174644661,68.5593,47.7561,555,29363,0.0846358,1,1,2495029,2494474,555
174647581,44.8237,68.9024,501,29435,0.0638543,0.84,1,2495058,2494557,501
174650501,29.3295,47.361,487,29507,0.0795417,0.85,1,2495077,2494590,487
174653421,44.1318,32.7444,518,29579,0.0618167,0.63,1,2495131,2494613,518
174656341,42.8527,52.0978,495,29651,0.0307267,0.53,1,2495173,2494678,495
174659261,39.9411,50.2391,484,29722,0.0182907,0.27,1,2495211,2494727,484
174662181,39.9764,50.0956,474,29793,0.0613163,0.19,1,2495251,2494777,474
174665101,17.1906,48.2383,429,29864,0.0545265,0.01,1,2495253,2494824,429
174668021,53.6762,68.4953,425,29935,0.0638106,0.05,1,2495331,2494906,425
174670941,47.2705,54.3981,423,30006,0.0555242,0.09,1,2495374,2494951,423
174673861,68.1082,68.5593,427,30077,0.0522097,0.05,1,2495456,2495029,427
174676781,42.8433,44.8237,424,30147,0.0268839,0.09,1,2495482,2495058,424
174679701,28.5373,29.3295,424,30217,0.0527536,0.05,1,2495501,2495077,424
174682621,45.0149,44.1318,426,30287,0.0511014,0.01,1,2495557,2495131,426
174685541,41.406,42.8527,423,30357,0.0744406,0.01,1,2495596,2495173,423
174688461,39.3624,39.9411,423,30427,0.0357762,0.09,1,2495634,2495211,423
174691381,40.345,39.9764,424,30497,0.0563105,0.05,1,2495675,2495251,424
174694301,17.338,17.1906,424,30566,0.0645242,0.07,1,2495677,2495253,424
174697221,53.1352,53.6762,423,30635,0.0798097,0.05,1,2495754,2495331,423
174700141,46.4541,47.2705,422,30704,0.0319239,0.05,1,2495796,2495374,422
174703061,67.7816,68.1082,422,30773,0.0187695,0.01,1,2495878,2495456,422
174705981,42.7127,42.8433,422,30842,0.0495078,0.07,1,2495904,2495482,422
174708901,29.0851,28.5373,423,30911,0.0378031,0.05,1,2495924,2495501,423
174711821,45.234,45.0149,423,30979,0.0331213,0.09,1,2495980,2495557,423
174714741,43.2936,41.406,426,31047,0.0672485,0.01,1,2496022,2495596,426
174717661,37.7174,39.3624,422,31115,0.0928994,0.07,1,2496056,2495634,422
174720581,40.287,40.345,423,31183,0.0791598,0.07,1,2496098,2495675,423
174723501,17.3148,17.338,423,31251,0.0976639,0.09,1,2496100,2495677,423
174726421,54.9259,53.1352,426,31319,0.0930656,0.09,1,2496180,2495754,426
174729341,44.1704,21.2541,463,31387,0.0912262,0,1,2496217,2495754,463
174749781,40.4814,37.6652,466,31856,0.202213,0.07,1,2496522,2496056,466
174752701,17.3926,40.2661,426,31922,0.206885,0.11,1,2496524,2496098,426
174755621,55.557,17.3064,505,31988,0.208754,0.09,1,2496605,2496100,505
174761461,67.4491,44.169,509,32120,0.253001,0.13,1,2496726,2496217,509
174764381,44.3796,66.8676,456,32186,0.2872,0.15,1,2496755,2496299,456
174767301,30.3519,42.947,450,32252,0.28888,0.19,1,2496776,2496326,450
174773141,43.9763,45.2715,474,32383,0.282621,0.19,1,2496876,2496402,474
174776061,37.9905,44.5086,464,32448,0.287048,0.19,1,2496910,2496446,464
174778981,40.9962,38.2034,473,32513,0.288819,0.21,1,2496953,2496480,473
174781901,17.5985,40.4814,433,32578,0.289528,0.21,1,2496955,2496522,433
174784821,55.6394,17.3926,512,32643,0.277811,0.21,1,2497036,2496524,512
174787741,45.0558,55.557,469,32708,0.285124,0.19,1,2497074,2496605,469
174790661,19.2223,45.6228,432,32773,0.28805,0.29,1,2497076,2496644,432
174802341,45.6169,46.9407,435,33030,0.411582,0.27,1,2497269,2496834,435
174805261,43.4468,43.9763,435,33094,0.422633,0.29,1,2497311,2496876,435
174808181,38.3787,37.9905,436,33158,0.427053,0.29,1,2497346,2496910,436
174849061,57.7803,55.6642,449,34040,0.785521,0.55,2,2497921,2497472,449
174851981,45.9121,45.0657,449,34102,0.800209,0.55,2,2497959,2497510,449
174854901,19.5649,19.2263,449,34164,0.806083,0.55,2,2497961,2497512,449
174857821,61.2259,61.0905,449,34226,0.820433,0.55,2,2498050,2497601,449
174860741,43.6904,24.4362,481,34288,0.826173,0.63,2,2498082,2497601,481
174863661,30.0761,28.3745,471,34350,0.852469,0.61,2,2498103,2497632,471
174866581,48.0305,23.3498,511,34412,0.898988,0.65,2,2498163,2497652,511
175018421,61.2271,34.4052,552,37472,0.874,1,2,2500297,2499745,552
175021341,44.2908,56.3621,514,37528,0.7636,1,2,2500330,2499816,514
175033021,31.4026,40.2077,508,37752,0.435564,1,1,2500483,2499975,508
175038861,29.0244,30.7932,508,37864,0.23169,1,1,2500538,2500030,508
175041781,39.8098,31.5173,523,37920,0.0986761,1,1,2500585,2500062,523
175044701,39.9239,40.8069,516,37976,0.0454704,1,1,2500625,2500109,516
175047621,32.1696,37.9228,507,38032,0.0241882,1,1,2500652,2500145,507
175050541,34.4678,39.1691,503,38088,0.0156753,1,1,2500688,2500185,503
175053461,56.9871,36.0676,541,38143,0.0482701,0.79,1,2500760,2500219,541
175056381,40.1949,61.2271,492,38198,0.061308,0.69,1,2500789,2500297,492
175059301,33.4779,44.2908,488,38253,0.0545232,0.69,1,2500818,2500330,488
175062221,44.5912,36.9163,508,38308,0.0518093,0.57,1,2500870,2500362,508
175065141,32.2365,53.7665,467,38363,0.0747237,0.47,1,2500894,2500427,467
175068061,26.6946,39.5066,460,38418,0.0718895,0.37,1,2500917,2500457,460
175070981,22.0778,31.4026,453,38473,0.0467558,0.25,1,2500936,2500483,453
175073901,25.6311,27.5611,456,38528,0.0607023,0.17,1,2500964,2500508,456
175076821,36.0525,29.0244,469,38583,0.0542809,0.01,1,2501007,2500538,469
175079741,15.621,39.8098,424,38638,0.0277124,0.01,1,2501009,2500585,424
175082661,30.2484,39.9239,424,38693,0.0410849,0.01,1,2501049,2500625,424
175085581,28.2994,32.1696,424,38748,0.022434,0.01,1,2501076,2500652,424
175088501,32.9197,34.4678,424,38803,0.0749736,0.07,1,2501112,2500688,424
175111861,25.9067,25.6311,425,39235,0.217516,0.05,1,2501389,2500964,425
175114781,34.9627,36.0525,423,39289,0.225006,0.01,1,2501430,2501007,423
175117701,15.1851,15.621,423,39343,0.228003,0.05,1,2501432,2501009,423
175120621,30.074,30.2484,423,39397,0.217201,0.01,1,2501472,2501049,423
175123541,27.6296,28.2994,422,39451,0.20088,0.11,1,2501498,2501076,422
175126461,36.2518,32.9197,428,39505,0.206352,0.17,1,2501540,2501112,428
175129381,58.3007,56.9679,428,39558,0.208541,0.15,1,2501613,2501185,428
175135221,33.6881,32.6349,430,39664,0.204967,0.21,1,2501671,2501241,430
175138141,45.2752,44.8539,430,39717,0.255987,0.21,1,2501724,2501294,430
175141061,33.7101,33.5416,430,39770,0.276395,0.17,1,2501750,2501320,430
175143981,26.084,25.4166,431,39823,0.272558,0.21,1,2501771,2501340,431
175146901,22.4336,22.7667,430,39876,0.283023,0.23,1,2501791,2501361,430
175149821,26.3734,25.9067,431,39929,0.275209,0.23,1,2501820,2501389,431
175152741,35.1494,34.9627,431,39982,0.260084,0.23,1,2501861,2501430,431
175155661,15.2598,15.1851,431,40035,0.278033,0.21,1,2501863,2501432,431
175158581,29.5039,30.074,430,40088,0.273213,0.21,1,2501902,2501472,430
175161501,26.2016,12.0296,454,40141,0.271285,0.19,1,2501926,2501472,454
175164421,36.2806,20.4118,471,40194,0.258514,0.21,1,2501969,2501498,471
175173181,34.53,40.2584,460,40351,0.437265,0.21,1,2502102,2501642,460
175254941,47.4382,48.3394,453,41792,0.757899,0.63,2,2503055,2502602,453
175257861,34.5753,34.9358,453,41843,0.789159,0.63,2,2503081,2502628,453
175260781,28.8301,28.9743,453,41893,0.801664,0.63,2,2503106,2502653,453
175263701,23.532,23.5897,453,41943,0.818666,0.63,2,2503126,2502673,453
175266621,26.2128,26.2359,453,41993,0.855466,0.63,2,2503154,2502701,453
175269541,34.4851,34.4944,453,42043,0.864186,0.63,2,2503194,2502741,453
175272461,14.9941,14.9977,453,42093,0.867675,0.65,2,2503196,2502743,453
175275381,30.5976,29.9991,454,42143,0.88107,0.65,2,2503237,2502783,454
175278301,26.639,26.3996,454,42193,0.862428,0.67,2,2503261,2502807,454
175281221,35.8556,36.3599,453,42243,0.878971,0.63,2,2503303,2502850,453
175284141,15.5422,15.7439,453,42293,0.861589,0.69,2,2503305,2502852,453
175289981,43.8868,42.239,457,42393,0.895054,0.77,2,2503425,2502968,457
175433061,33.2968,29.0273,499,44766,0.814353,1,2,2505059,2504560,499
175435981,33.7187,34.4109,495,44813,0.847741,1,2,2505093,2504598,495
175438901,27.2875,30.5644,490,44860,0.885096,1,2,2505116,2504626,490
175444741,30.166,26.1303,497,44954,0.886815,1,2,2505171,2504674,497
175450581,21.2666,28.0608,481,45048,0.88709,1,2,2505214,2504733,481
175456421,36.6427,38.4497,478,45142,0.899134,0.95,2,2505309,2504831,478
175459341,28.4571,33.9799,470,45189,0.881654,0.99,2,2505332,2504862,470
175462261,25.1828,27.392,470,45236,0.898661,0.91,2,2505355,2504885,470
175666661,32.759,32.9836,502,48390,0.875937,1,2,2507556,2507054,502
175669581,28.1036,33.5934,493,48434,0.884375,1,2,2507581,2507088,493
175678341,29.4226,37.238,500,48564,0.8978,1,2,2507682,2507182,500
175681261,24.9691,34.6952,489,48607,0.86912,1,2,2507704,2507215,489
175684181,39.3876,40.8781,493,48650,0.869648,1,2,2507753,2507260,493
175687101,31.955,36.7512,486,48693,0.809859,1,2,2507780,2507294,486
175690021,29.582,34.5005,481,48736,0.821944,0.96,2,2507808,2507327,481
175692941,26.8328,30.6002,478,48779,0.826778,0.98,2,2507833,2507355,478
175695861,24.5331,25.4401,479,48822,0.804711,1,2,2507856,2507377,479
175701701,25.5253,10.3104,507,48908,0.761154,0.96,2,2507910,2507403,507
175704621,24.0101,24.5242,496,48951,0.766461,1,2,2507933,2507437,496
175707541,24.604,23.0097,499,48994,0.768585,0.89,2,2507958,2507459,499
175713381,28.8966,32.0015,497,49080,0.760173,0.84,2,2508020,2507523,497
175719221,35.1035,28.0402,506,49166,0.806828,0.95,2,2508087,2507581,506
175722141,35.6414,34.6161,503,49209,0.844731,0.95,2,2508123,2507620,503
175725061,27.4566,36.0464,488,49252,0.895893,0.87,2,2508145,2507657,488
175727981,24.1826,29.4186,485,49295,0.892357,0.85,2,2508167,2507682,485
175906101,344.079,318.86,547,23360,0.814,1,2,2510379,2509832,547
175963041,67.3077,64.2664,503,24440,0.290815,0.83,1,2510728,2510225,503
175965961,59.3231,74.9066,475,24527,0.206326,0.73,1,2510782,2510307,475
175977641,69.3139,88.116,436,24871,0.21413,0.31,1,2510977,2510541,436
175980561,55.9255,66.4464,431,24956,0.259652,0.29,1,2511024,2510593,431
175995161,36.2549,37.0404,430,25378,0.414201,0.15,1,2511278,2510848,430
175998081,38.502,38.2162,431,25461,0.42368,0.15,1,2511318,2510887,431
176001001,70.6008,15.2865,523,25544,0.439472,0.25,1,2511410,2510887,523
176047721,71.3454,39.0344,541,26840,0.759753,0.57,2,2512301,2511760,541
176050641,29.7382,72.0138,449,26919,0.765901,0.57,2,2512303,2511854,449
176053561,43.0953,58.8055,451,26998,0.78036,0.67,2,2512355,2511904,451
176056481,68.2381,72.1222,455,27076,0.810144,0.69,2,2512440,2511985,455
176059401,65.0952,65.4489,457,27154,0.882058,0.71,2,2512503,2512046,457
176173281,33.7731,43.0168,500,30045,0.881008,1,2,2514496,2513996,500
176176201,32.7092,39.4067,495,30115,0.874403,1,2,2514528,2514033,495
176179121,40.0837,49.3627,484,30185,0.895761,1,2,2514573,2514089,484
176328041,38.23,30.9946,511,33572,0.853594,1,2,2516969,2516458,511
176330961,32.092,36.3978,499,33635,0.839438,1,2,2516997,2516498,499
176342641,42.0392,40.8006,497,33887,0.246658,0.96,1,2517206,2516709,497
176368921,43.5784,56.5667,485,34444,0.200739,0.43,1,2517561,2517076,485
176374761,38.5325,49.0107,468,34566,0.203718,0.17,1,2517637,2517169,468
176377681,44.213,41.8043,479,34627,0.207487,0.07,1,2517685,2517206,479
176380601,42.2852,49.1217,466,34688,0.232995,0.09,1,2517726,2517260,466
176383521,38.5141,43.6487,462,34749,0.243198,0.13,1,2517762,2517300,462
176386441,33.4056,39.0595,456,34810,0.223279,0.13,1,2517792,2517336,456
176389361,33.1623,34.2238,458,34871,0.215312,0.15,1,2517825,2517367,458
176392281,35.4649,31.0895,466,34932,0.248125,0.19,1,2517862,2517396,466
176395201,25.586,34.0358,449,34993,0.27325,0.19,1,2517881,2517432,449
176415641,38.8492,42.2852,469,35413,0.402683,0.25,1,2518195,2517726,469
176418561,33.5397,38.5141,463,35473,0.419073,0.21,1,2518225,2517762,463
176421481,33.2159,33.4056,466,35533,0.413629,0.21,1,2518258,2517792,466
176424401,36.0863,33.1623,471,35592,0.411452,0.27,1,2518296,2517825,471
176427321,25.2345,35.4649,452,35651,0.446581,0.29,1,2518314,2517862,452
176476961,41.689,38.7371,451,36646,0.766796,0.61,2,2518956,2518505,451
176479881,49.6756,47.8948,452,36704,0.828718,0.69,2,2519011,2518559,452
176482801,46.2702,44.3579,454,36762,0.817487,0.69,2,2519055,2518601,454
176485721,40.1081,39.3432,454,36819,0.812995,0.69,2,2519091,2518637,454
176488641,34.6432,34.3373,454,36876,0.823198,0.69,2,2519122,2518668,454
176491561,33.0573,32.9349,454,36933,0.815279,0.67,2,2519154,2518700,454
176494481,36.0229,36.574,453,36990,0.812112,0.67,2,2519192,2518739,453
176497401,27.6092,26.6296,455,37047,0.834845,0.67,2,2519214,2518759,455
176500321,12.2437,11.8518,455,37104,0.819938,0.69,2,2519216,2518761,455
176503241,49.8975,49.1407,456,37161,0.849975,0.69,2,2519291,2518835,456
176506161,43.959,19.6563,496,37218,0.86199,0.77,2,2519331,2518835,496
176509081,42.1836,31.2625,498,37275,0.890796,0.73,2,2519372,2518874,498
176655081,44.4668,43.2447,490,40010,0.813136,1,2,2521284,2520794,490
176672601,45.8733,42.31,518,40326,0.439342,1,1,2521509,2520991,518
176681361,30.5119,37.7958,499,40482,0.259718,1,1,2521605,2521106,499
176684281,29.0048,30.7183,501,40534,0.217887,0.99,1,2521633,2521132,501
176687201,33.8019,30.2873,508,40586,0.201155,0.97,1,2521670,2521162,508
176704721,24.8869,40.6458,464,40898,0.204918,0.53,1,2521859,2521395,464
176707641,30.9547,29.4583,477,40950,0.231967,0.49,1,2521894,2521417,477
176710561,43.5819,35.1833,490,41002,0.230787,0.39,1,2521946,2521456,490
176713481,39.6328,45.8733,474,41053,0.230315,0.35,1,2521983,2521509,474
176716401,34.4531,39.9493,469,41104,0.242126,0.25,1,2522014,2521545,469
176719321,26.9812,35.7797,458,41155,0.27085,0.23,1,2522036,2521578,458
176722241,26.3925,30.5119,457,41206,0.28234,0.19,1,2522062,2521605,457
176725161,33.957,29.0048,468,41257,0.286936,0.19,1,2522101,2521633,468
176751441,40.8529,43.5819,433,41716,0.416218,0.23,1,2522379,2521946,433
176754361,38.5411,39.6328,433,41767,0.424487,0.25,1,2522416,2521983,433
176821521,40.0027,39.3971,450,42913,0.765733,0.61,2,2523163,2522713,450
176824441,17.2011,16.9588,450,42962,0.780293,0.57,2,2523165,2522715,450
176827361,17.6804,17.5835,450,43011,0.786117,0.57,2,2523183,2522733,450
176830281,30.4722,7.03342,489,43060,0.800447,0.61,2,2523222,2522733,489
176833201,42.1889,25.6134,501,43109,0.818179,0.63,2,2523272,2522771,501
176836121,40.8755,39.6453,492,43158,0.813271,0.69,2,2523312,2522820,492
176839041,35.5502,38.6581,486,43207,0.847309,0.69,2,2523344,2522858,486
176841961,31.6201,34.0633,484,43256,0.860923,0.73,2,2523373,2522889,484
176844881,29.448,29.8253,485,43305,0.890369,0.71,2,2523401,2522916,485
176847801,35.1792,29.3301,495,43354,0.890148,0.75,2,2523440,2522945,495
177031761,33.9793,46.3461,494,46320,0.889004,1,2,2525477,2524983,494
177034681,39.3917,34.1384,511,46366,0.757602,1,2,2525520,2525009,511
177055121,30.1701,33.8355,501,46681,0.415744,0.88,1,2525734,2525233,501
177063881,29.0989,21.0055,506,46816,0.287008,0.98,1,2525807,2525301,506
177066801,34.4396,30.0022,508,46861,0.216803,0.88,1,2525845,2525337,508
177072641,32.9903,33.1204,500,46951,0.0910885,0.95,1,2525907,2525407,500
177075561,29.9961,35.4481,491,46996,0.0544354,0.85,1,2525935,2525444,491
177078481,35.3985,33.9793,497,47041,0.0757742,0.67,1,2525974,2525477,497
177081401,31.5594,39.3917,483,47086,0.0723097,0.67,1,2526003,2525520,483
177084321,25.8238,33.7567,475,47131,0.0949239,0.67,1,2526025,2525550,475
177107681,15.3154,18.7472,437,47489,0.221277,0.27,1,2526208,2525771,437
177110601,26.5262,29.0989,435,47533,0.214511,0.17,1,2526242,2525807,435
177122281,29.0855,29.9961,425,47709,0.238627,0.09,1,2526360,2525935,425
177125201,35.0342,35.3985,425,47753,0.245451,0.07,1,2526399,2525974,425
177128121,32.0137,31.5594,426,47797,0.24818,0.11,1,2526429,2526003,426
177131041,26.6055,25.8238,427,47841,0.297272,0.13,1,2526452,2526025,427
177163161,27.3996,27.2842,431,48325,0.403521,0.19,1,2526730,2526299,431
177166081,31.3598,30.7137,432,48369,0.407408,0.27,1,2526764,2526332,432
177169001,31.1439,29.0855,435,48413,0.432963,0.25,1,2526795,2526360,435
177250761,27.3405,16.6541,486,49617,0.757945,0.65,2,2527565,2527079,486
177253681,30.1362,25.8616,486,49659,0.777178,0.67,2,2527597,2527111,486
177256601,27.6545,29.5447,480,49701,0.784871,0.67,2,2527623,2527143,480
177259521,32.6618,27.4179,490,49743,0.787948,0.67,2,2527659,2527169,490
177262441,34.6647,32.5671,490,49785,0.801179,0.69,2,2527695,2527205,490
177265361,37.2659,33.4269,495,49827,0.770472,0.73,2,2527734,2527239,495
177268281,32.9064,36.1707,487,49869,0.758189,0.75,2,2527764,2527277,487
177271201,29.9625,33.0683,484,49911,0.765275,0.73,2,2527792,2527308,484
177274121,31.185,29.4273,489,49953,0.76811,0.73,2,2527824,2527335,489
177277041,31.674,30.9709,489,49995,0.781244,0.69,2,2527856,2527367,489
177279961,28.2696,32.7884,481,50037,0.810498,0.69,2,2527882,2527401,481
177282881,34.7078,28.7153,494,50079,0.834199,0.71,2,2527921,2527427,494
177285801,28.2831,34.2861,480,50121,0.84368,0.71,2,2527945,2527465,480
177288721,12.5133,28.1145,458,50163,0.847472,0.71,2,2527947,2527489,458
177291641,19.4053,12.4458,480,50205,0.860989,0.71,2,2527971,2527491,480
177294561,17.3621,19.3783,472,50247,0.866395,0.71,2,2527987,2527515,472
177523781,176.246,200.109,464,24820,0.213679,0.75,1,2530692,2530228,464
177569041,73.6794,67.6575,478,24905,0.0713886,0.57,1,2530787,2530309,478
177571961,63.0718,65.463,470,24990,0.0585554,0.37,1,2530843,2530373,470
177574881,64.8287,65.7852,470,25075,0.0894222,0.15,1,2530909,2530439,470
177586561,33.9588,33.1097,441,25412,0.209121,0.01,1,2531041,2530600,441
177589481,57.3835,50.4439,452,25495,0.233648,0.03,1,2531114,2530662,452
177604081,31.5898,53.9041,444,25908,0.0954646,0.19,1,2531401,2530957,444
177624521,57.2393,66.9352,477,26476,0.220749,0.09,1,2531812,2531335,477
177627441,31.2957,57.9741,439,26556,0.250299,0.09,1,2531826,2531387,439
177630361,34.7183,31.5896,462,26636,0.25012,0.11,1,2531863,2531401,462
177633281,36.0873,33.6359,464,26716,0.286048,0.13,1,2531900,2531436,464
177644961,45.5542,63.7459,430,27032,0.429291,0.19,1,2532124,2531694,430
177680001,31.489,30.8995,448,27957,0.757036,0.57,2,2532709,2532261,448
177682921,34.1956,33.9598,448,28033,0.764814,0.51,2,2532745,2532297,448
177685841,37.6782,38.1839,447,28109,0.791926,0.61,2,2532785,2532338,447
177688761,66.0713,62.6736,453,28184,0.85077,0.65,2,2532870,2532417,453
177691681,83.4285,81.4694,454,28259,0.874308,0.65,2,2532965,2532511,454
177694601,34.5714,33.7878,454,28334,0.883723,0.67,2,2532967,2532513,454
177706281,31.8834,53.257,471,28632,0.896751,0.77,2,2533166,2532695,471
177709201,34.9534,29.7028,494,28706,0.880701,0.77,2,2533203,2532709,494
177712121,38.5813,33.4811,499,28780,0.89828,0.81,2,2533244,2532745,499
177715041,68.8325,37.3924,548,28854,0.881312,0.89,2,2533333,2532785,548
177828921,57.4564,35.7262,575,31588,0.827278,1,2,2535238,2534663,575
177837681,39.1252,55.3025,506,31789,0.401186,1,1,2535404,2534898,506
177849361,35.36,41.4525,501,32054,0.28603,0.96,1,2535572,2535071,501
177852281,33.344,36.381,500,32120,0.228412,0.93,1,2535604,2535104,500
177869801,49.3414,39.1252,503,32513,0.201643,0.35,1,2535907,2535404,503
177872721,37.7365,55.2501,467,32578,0.230657,0.37,1,2535937,2535470,467
177875641,36.0946,39.5,473,32643,0.266263,0.27,1,2535972,2535499,473
177878561,33.0378,40.4,463,32708,0.280505,0.27,1,2536003,2535540,463
177881481,14.4151,35.36,433,32773,0.298202,0.19,1,2536005,2535572,433
177893161,79.4922,78.334,431,33030,0.406274,0.15,1,2536222,2535791,431
177896081,47.9969,48.1336,430,33094,0.43251,0.21,1,2536249,2535819,430
177899001,38.9988,37.8534,432,33158,0.431004,0.21,1,2536282,2535850,432
177939881,38.7794,37.5599,449,34040,0.769017,0.59,2,2536857,2536408,449
177942801,34.7118,34.224,449,34102,0.793607,0.55,2,2536889,2536440,449
177945721,15.0847,14.8896,449,34164,0.803443,0.55,2,2536891,2536442,449
177948641,22.8339,22.7558,449,34226,0.783377,0.55,2,2536919,2536470,449
177951561,19.9336,9.10233,467,34288,0.775351,0.57,2,2536937,2536470,467
177954481,56.5734,14.4409,530,34350,0.78414,0.65,2,2537018,2536488,530
177957401,81.4294,52.5764,550,34412,0.775656,0.61,2,2537116,2536566,550
177960321,49.9717,80.4306,480,34473,0.760262,0.63,2,2537145,2536665,480
177963241,39.1887,48.9722,484,34534,0.766105,0.63,2,2537177,2536693,484
177966161,55.8755,38.7889,519,34595,0.792442,0.73,2,2537244,2536725,519
177969081,41.5502,53.3156,488,34656,0.778977,0.77,2,2537276,2536788,488
177972001,40.0201,39.9262,496,34717,0.785591,0.79,2,2537315,2536819,496
177974921,35.808,38.7705,491,34778,0.776236,0.81,2,2537348,2536857,491
177977841,15.5232,34.7082,461,34839,0.772494,0.81,2,2537350,2536889,461
177980761,23.0093,15.0833,487,34900,0.770998,0.77,2,2537378,2536891,487
177983681,20.0037,22.8333,477,34961,0.770399,0.77,2,2537396,2536919,477
177986601,56.0015,19.9333,539,35021,0.78216,0.79,2,2537476,2536937,539
177989521,81.8006,56.5733,557,35081,0.846864,0.77,2,2537575,2537018,557
177992441,49.5202,81.4293,487,35141,0.872746,0.75,2,2537603,2537116,487
178126761,30.2239,39.1732,508,37808,0.898634,1,2,2539409,2538901,508
178129681,62.4896,35.4693,559,37864,0.857453,1,2,2539493,2538934,559
178132601,40.5958,59.1877,510,37920,0.804981,1,2,2539519,2539009,510
178135521,36.0383,43.4751,510,37976,0.819993,1,2,2539552,2539042,510
178138441,37.8153,31.19,526,38032,0.861997,1,2,2539591,2539065,526
178141361,51.1261,41.876,537,38088,0.866799,1,2,2539651,2539114,537
178144281,37.8505,55.1504,502,38143,0.89272,1,2,2539680,2539178,502
178310721,37.9237,32.692,518,41180,0.867386,1,2,2541770,2541252,518
178313641,33.7695,36.4768,510,41231,0.868954,1,2,2541801,2541291,510
178316561,48.3078,28.3907,545,41282,0.773582,1,2,2541859,2541314,545
178325321,45.1877,44.585,517,41435,0.441429,1,1,2541993,2541476,517
178331161,36.15,29.2136,523,41537,0.278229,1,1,2542055,2541532,523
178342841,35.159,38.3079,490,41741,0.0729306,1,1,2542153,2541663,490
178345761,34.4636,34.5231,492,41792,0.0351723,1,1,2542187,2541695,492
178354521,28.9657,33.7695,466,41943,0.077851,0.71,1,2542267,2541801,466
178357441,40.9863,48.3078,457,41993,0.0851404,0.57,1,2542316,2541859,457
178383721,36.0173,35.159,428,42443,0.0905425,0.01,1,2542581,2542153,428
178386641,32.4069,34.4636,424,42493,0.090217,0.15,1,2542611,2542187,424
178389561,26.7628,25.7854,427,42543,0.0780868,0.13,1,2542634,2542207,427
178392481,29.3051,28.9142,427,42593,0.0612347,0.05,1,2542665,2542238,427
178395401,28.522,28.9657,426,42643,0.0424939,0.09,1,2542693,2542267,426
178398321,40.2088,40.9863,425,42692,0.0469976,0.13,1,2542741,2542316,425
178401241,41.2835,39.7945,428,42741,0.084799,0.11,1,2542783,2542355,428
178404161,37.5134,38.7178,425,42790,0.0879196,0.15,1,2542818,2542393,425
178407081,40.8054,40.0871,427,42839,0.0651678,0.13,1,2542861,2542434,427
178410001,28.3221,28.0348,427,42888,0.0800671,0.11,1,2542881,2542454,427
178427521,31.3905,35.0709,453,43182,0.0988527,0.09,1,2543034,2542581,453
178433361,30.4625,26.6113,455,43280,0.0722164,0.05,1,2543089,2542634,455
178436281,27.185,29.2445,449,43329,0.0708866,0.03,1,2543114,2542665,449
178439201,40.874,28.4978,471,43378,0.0943546,0.05,1,2543164,2542693,471
178450881,29.4816,40.8047,445,43573,0.215583,0.09,1,2543306,2542861,445
178453801,32.7926,28.3219,460,43621,0.224233,0.15,1,2543341,2542881,460
178456721,26.3171,31.7288,448,43669,0.251693,0.17,1,2543363,2542915,448
178459641,14.1268,24.6915,434,43717,0.238677,0.13,1,2543369,2542935,434
178462561,16.4507,13.4766,446,43765,0.245471,0.15,1,2543387,2542941,446
178465481,31.7803,16.1906,470,43813,0.272188,0.09,1,2543429,2542959,470
178468401,30.7121,33.4763,455,43861,0.282875,0.09,1,2543459,2543004,455
178474241,29.1539,25.1562,457,43957,0.29846,0.05,1,2543512,2543055,457
178494681,32.8694,29.4816,467,44293,0.40501,0.23,1,2543773,2543306,467
178497601,26.3478,32.7926,454,44341,0.408004,0.27,1,2543795,2543341,454
178500521,14.1391,26.3171,438,44389,0.409202,0.23,1,2543801,2543363,438
178503441,17.6556,14.1268,452,44437,0.433681,0.25,1,2543821,2543369,452
178506361,8.26226,16.4507,436,44484,0.443472,0.29,1,2543823,2543387,436
178561841,29.2315,28.9443,446,45377,0.759193,0.49,2,2544394,2543948,446
178564761,26.0926,25.9777,446,45423,0.765677,0.51,2,2544418,2543972,446
178567681,44.637,43.9911,447,45469,0.756271,0.55,2,2544475,2544028,447
178570601,48.4548,46.3964,450,45515,0.764508,0.63,2,2544526,2544076,450
178573521,42.1819,39.5586,453,45561,0.767803,0.67,2,2544564,2544111,453
178576441,44.4728,43.4234,453,45607,0.757121,0.63,2,2544610,2544157,453
178579361,32.1891,31.7694,453,45653,0.776849,0.65,2,2544634,2544181,453
178582281,33.8756,33.1077,454,45699,0.784739,0.65,2,2544669,2544215,454
178585201,26.7503,26.4431,454,45745,0.787896,0.67,2,2544691,2544237,454
178588121,15.5001,14.7772,455,45791,0.801158,0.69,2,2544699,2544244,455
178591041,18.2,18.5109,454,45837,0.806463,0.69,2,2544719,2544265,454
178593961,8.48002,8.60436,454,45883,0.784585,0.67,2,2544721,2544267,454
178596881,30.392,29.2417,456,45929,0.799834,0.67,2,2544766,2544310,456
178599801,30.7568,11.6967,487,45975,0.793934,0.77,2,2544797,2544310,487
178602721,26.1027,22.6787,480,46021,0.791573,0.75,2,2544820,2544340,480
178605641,30.2411,22.2715,491,46067,0.802629,0.77,2,2544853,2544362,491
178608561,26.4964,28.1086,483,46113,0.819052,0.77,2,2544877,2544394,483
178611481,44.1986,25.6434,515,46159,0.825621,0.75,2,2544933,2544418,515
178614401,47.6794,44.4574,508,46205,0.840248,0.77,2,2544983,2544475,508
178617321,41.8718,48.3829,495,46251,0.870099,0.77,2,2545021,2544526,495
178620241,44.9487,42.1532,504,46297,0.89404,0.75,2,2545068,2544564,504
178831941,77.1147,63.4934,559,23582,0.859446,1,2,2547972,2547413,559
178858221,73.1678,84.8459,449,24380,0.431508,0.53,1,2548511,2548062,449
178902021,67.5178,34.7176,526,25653,0.76266,0.63,2,2549326,2548800,526
178904941,75.0071,59.487,530,25736,0.803064,0.61,2,2549406,2548876,530
178907861,54.6028,71.1948,492,25818,0.831226,0.65,2,2549447,2548955,492
178910781,70.4411,52.4779,533,25900,0.80649,0.69,2,2549528,2548995,533
178913701,42.5765,67.7912,479,25982,0.796596,0.73,2,2549552,2549073,479
178916621,34.4306,41.5165,484,26064,0.804638,0.71,2,2549581,2549097,484
178919541,62.3722,33.4066,537,26145,0.855855,0.71,2,2549662,2549125,537
179030501,51,39.4465,533,29065,0.847926,1,2,2551697,2551164,533
179039261,61.776,61.5166,534,29283,0.437067,1,1,2551882,2551348,534
179045101,43.0042,57.8427,508,29427,0.243931,0.99,1,2551975,2551467,508
179048021,49.6017,42.9371,529,29499,0.0975723,1,1,2552029,2551500,529
179050941,48.0407,51.3748,519,29571,0.0570289,0.98,1,2552076,2551557,519
179053861,38.4163,48.7499,504,29643,0.0648116,1,1,2552108,2551604,504
179056781,44.1665,40.5,517,29714,0.0559246,0.75,1,2552156,2551639,517
179059701,46.4666,51,507,29785,0.0403698,0.65,1,2552204,2551697,507
179062621,19.7866,54.6,452,29856,0.0581479,0.51,1,2552206,2551754,452
179065541,46.3147,61.44,450,29927,0.0772592,0.33,1,2552270,2551820,450
179068461,50.9259,61.776,442,29998,0.0489037,0.25,1,2552324,2551882,442
179077221,46.8913,49.6017,427,30209,0.0787298,0.03,1,2552456,2552029,427
179080141,45.1565,48.0407,424,30279,0.0854919,0.07,1,2552500,2552076,424
179083061,37.8626,38.4163,425,30349,0.0761968,0.05,1,2552533,2552108,425
179085981,42.745,44.1665,423,30419,0.0604787,0.03,1,2552579,2552156,423
179088901,46.498,46.4666,424,30489,0.0541915,0.07,1,2552628,2552204,424
179091821,19.7992,19.7866,424,30558,0.0516766,0.09,1,2552630,2552206,424
179100581,54.0911,51.5703,427,30765,0.0837073,0.13,1,2552803,2552376,427
179103501,36.6365,36.2281,426,30834,0.0754829,0.05,1,2552828,2552402,426
179106421,44.6546,46.8913,422,30903,0.0721932,0.09,1,2552878,2552456,422
179109341,45.4618,45.1565,424,30971,0.0468773,0.07,1,2552924,2552500,424
179112261,39.1847,37.8626,426,31039,0.0607509,0.05,1,2552959,2552533,426
179115181,42.0739,42.745,424,31107,0.0663004,0.05,1,2553003,2552579,424
179118101,46.2296,46.498,424,31175,0.0925201,0.05,1,2553052,2552628,424
179132701,36.8209,49.6445,449,31513,0.209661,0.07,1,2553252,2552803,449
179135621,42.9284,34.8578,471,31580,0.245864,0.07,1,2553299,2552828,471
179138541,45.3713,43.9431,468,31647,0.260346,0.03,1,2553346,2552878,468
179141461,39.1485,45.1772,457,31714,0.254138,0.07,1,2553381,2552924,457
179144381,43.2594,39.0709,468,31781,0.251655,0.07,1,2553427,2552959,468
179147301,47.9038,42.0284,475,31848,0.250662,0.11,1,2553478,2553003,475
179150221,20.3615,46.2113,428,31914,0.250265,0.11,1,2553480,2553052,428
179153141,48.3446,19.6845,493,31980,0.274106,0.11,1,2553547,2553054,493
179161901,37.9901,53.0518,458,32178,0.441143,0.23,1,2553684,2553226,458
179217381,53.5168,51.8574,451,33405,0.767652,0.61,2,2554487,2554036,451
179220301,61.0067,59.7429,452,33468,0.793061,0.61,2,2554553,2554101,452
179223221,25.6027,25.0972,452,33531,0.803224,0.67,2,2554555,2554103,452
179226141,26.4411,25.6389,453,33594,0.78329,0.67,2,2554582,2554129,453
179229061,39.9764,38.4555,455,33657,0.775316,0.69,2,2554631,2554176,455
179231981,44.7906,44.7822,454,33720,0.760126,0.69,2,2554679,2554225,454
179234901,38.3162,38.3129,454,33783,0.778051,0.73,2,2554713,2554259,454
179237821,45.3265,44.1252,456,33846,0.79722,0.71,2,2554763,2554307,456
179240741,50.5306,49.4501,457,33908,0.816888,0.71,2,2554817,2554360,457
179243661,21.4122,20.98,457,33970,0.824755,0.75,2,2554819,2554362,457
179246581,51.1649,49.792,459,34032,0.839902,0.79,2,2554890,2554431,459
179377981,41.1312,36.3602,495,36723,0.87208,1,2,2556757,2556262,495
179380901,44.0525,39.7441,499,36781,0.822832,1,2,2556803,2556304,499
179383821,40.421,52.4976,476,36838,0.779133,1,2,2556841,2556365,476
179427621,35.9501,47.7342,479,37688,0.771842,0.53,2,2557441,2556962,479
179430541,21.58,34.6937,465,37744,0.782737,0.65,2,2557453,2556988,465
179433461,24.232,24.0775,474,37800,0.787095,0.61,2,2557479,2557005,474
179436381,33.6928,24.631,489,37856,0.788838,0.69,2,2557519,2557030,489
179439301,31.4771,32.6524,481,37912,0.825535,0.63,2,2557549,2557068,481
179442221,34.1908,31.061,487,37968,0.840214,0.61,2,2557585,2557098,487
179445141,47.2763,33.4244,508,38024,0.870086,0.61,2,2557641,2557133,508
179448061,38.1105,46.3698,485,38080,0.882034,0.67,2,2557673,2557188,485
179640781,348.867,366.259,501,18980,0.43,0.99,1,2560457,2559956,501
179672901,168.259,171.281,482,19092,0.082,0.11,1,2560744,2560262,482
179675821,106.903,132.113,442,19203,0.0508,0.01,1,2560810,2560368,442
179678741,62.5614,75.045,438,19314,0.02032,0,1,2560843,2560405,438
179681661,46.0246,49.818,440,19424,0.038128,0.05,1,2560878,2560438,440
179684581,65.2098,43.9272,478,19533,0.0212512,0.03,1,2560956,2560478,478
179687501,62.6839,74.5709,444,19642,0.00850048,0.03,1,2561017,2560573,444
179690421,114.474,59.8284,543,19750,0.00340019,0.01,1,2561166,2560623,543
179693341,85.3894,96.5313,488,19857,0.0433601,0.03,1,2561232,2560744,488
179696261,53.3558,78.2125,454,19964,0.035344,0,1,2561264,2560810,454
179699181,42.3423,51.085,456,20070,0.0201376,0.05,1,2561299,2560843,456
179702101,64.9369,41.434,501,20176,0.038055,0.01,1,2561379,2560878,501
179705021,62.5748,63.3736,484,20281,0.015222,0,1,2561440,2560956,484
179707941,113.23,61.9494,570,20386,0.00608881,0,1,2561587,2561017,570
179710861,87.892,114.18,492,20490,0.0564355,0.07,1,2561658,2561166,492
179713781,51.3568,85.2719,453,20594,0.0765742,0.03,1,2561685,2561232,453
179716701,41.5427,53.3088,456,20697,0.0486297,0.01,1,2561720,2561264,456
179719621,65.8171,42.3235,503,20799,0.0494519,0.05,1,2561802,2561299,503
179722541,62.3268,64.9294,483,20901,0.0857808,0,1,2561862,2561379,483
179725461,113.131,62.5718,569,21002,0.0643123,0,1,2562009,2561440,569
179728381,46.4523,113.229,424,21103,0.0557249,0.09,1,2562011,2561587,424
179731301,62.3809,87.8915,426,21204,0.08829,0.09,1,2562084,2561658,426
179734221,39.9524,51.3566,424,21304,0.089316,0.03,1,2562109,2561685,424
179737141,36.3809,41.5426,423,21404,0.0417264,0.05,1,2562143,2561720,423
179740061,64.3524,65.8171,424,21503,0.0226906,0.11,1,2562226,2561802,424
179742981,62.341,62.3268,425,21602,0.0270762,0.05,1,2562287,2561862,425
179745901,112.536,113.131,424,21700,0.0288305,0.05,1,2562433,2562009,424
179748821,46.2146,46.4523,424,21798,0.0295322,0.11,1,2562435,2562011,424
179751741,62.8858,62.3809,425,21895,0.0538129,0.09,1,2562509,2562084,425
179754661,39.5543,39.9524,424,21992,0.0635252,0.01,1,2562533,2562109,424
179760501,63.8087,64.3524,422,22184,0.071364,0.03,1,2562648,2562226,422
179763421,62.7235,62.341,423,22280,0.0345456,0.03,1,2562710,2562287,423
179766341,113.289,112.536,424,22375,0.0798182,0.03,1,2562857,2562433,424
179769261,46.5158,46.2146,424,22470,0.0979273,0.07,1,2562859,2562435,424
179780941,62.3764,28.9847,504,22845,0.0627469,0.05,1,2563069,2562565,504
179783861,62.1506,61.3939,483,22938,0.0430988,0.01,1,2563131,2562648,483
179798461,36.1132,39.5778,460,23396,0.237225,0.15,1,2563417,2562957,460
179801381,58.8453,34.4311,503,23487,0.25689,0.01,1,2563491,2562988,503
179804301,60.7381,62.3724,484,23577,0.276756,0.03,1,2563553,2563069,484
179813061,65.5432,47.1438,505,23846,0.400032,0.17,1,2563788,2563283,505
179815981,43.0173,64.4575,457,23935,0.442013,0.21,1,2563816,2563359,457
179818901,18.4069,40.783,434,24024,0.434805,0.27,1,2563818,2563384,434
179874381,61.1334,48.9906,509,25648,0.752187,0.53,2,2564881,2564372,509
179877301,124.053,56.7962,613,25731,0.810875,0.69,2,2565047,2564434,613
179880221,50.8213,118.118,456,25813,0.83435,0.69,2,2565049,2564593,456
179883141,68.9285,48.4474,535,25895,0.86774,0.73,2,2565130,2564595,535
179886061,45.5714,67.379,485,25977,0.881096,0.73,2,2565160,2564675,485
179888981,19.4286,44.9516,457,26059,0.886438,0.69,2,2565162,2564705,457
179891901,28.1714,19.1806,489,26140,0.888575,0.73,2,2565196,2564707,489
179997021,50.5661,23.4397,567,28914,0.898,1,2,2567197,2566630,567
180011621,61.3904,64.8759,535,29278,0.403324,1,1,2567498,2566963,535
180017461,39.9425,53.2201,509,29422,0.274532,1,1,2567577,2567068,509
180020381,36.377,42.2881,508,29494,0.211813,1,1,2567611,2567103,508
180023301,49.3508,37.9152,531,29566,0.0907251,0.83,1,2567669,2567138,531
180026221,38.3403,50.5661,503,29638,0.07829,1,1,2567700,2567197,503
180029141,33.3361,40.6264,499,29709,0.049316,0.97,1,2567730,2567231,499
180032061,84.7345,34.8506,587,29780,0.0257264,0.57,1,2567849,2567262,587
180034981,35.0938,97.9402,449,29851,0.0162906,0.47,1,2567851,2567402,449
180037901,31.4375,58.9761,445,29922,0.0485162,0.29,1,2567880,2567435,445
180040821,46.175,61.3904,438,29993,0.0194065,0.25,1,2567936,2567498,438
180043741,45.47,53.3562,435,30064,0.0137626,0.25,1,2567981,2567546,435
180046661,34.988,39.9425,432,30134,0.011505,0.17,1,2568009,2567577,432
180049581,33.1952,36.377,430,30204,0.058602,0.01,1,2568041,2567611,430
180052501,43.8781,49.3508,423,30274,0.0414408,0.07,1,2568092,2567669,423
180055421,36.7512,38.3403,424,30344,0.0705763,0.03,1,2568124,2567700,424
180058341,32.1005,33.3361,423,30414,0.0822305,0.01,1,2568153,2567730,423
180061261,84.2402,84.7345,423,30484,0.0628922,0.01,1,2568272,2567849,423
180064181,34.8961,35.0938,423,30553,0.0551569,0.07,1,2568274,2567851,423
180067101,31.3584,31.4375,423,30622,0.0520627,0,1,2568303,2567880,423
180070021,46.1434,46.175,423,30691,0.0628251,0.01,1,2568359,2567936,423
180072941,46.0573,45.47,424,30760,0.07913,0.01,1,2568405,2567981,424
180075861,34.0229,34.988,422,30829,0.061652,0.09,1,2568431,2568009,422
180090461,84.0882,84.2402,424,31170,0.0998281,0.05,1,2568696,2568272,424
180096301,30.7341,31.3584,423,31306,0.0963725,0.05,1,2568726,2568303,423
180110901,43.9563,33.5275,475,31642,0.200024,0.15,1,2568940,2568465,475
180119661,81.9412,31.6898,543,31843,0.209842,0.07,1,2569120,2568577,543
180122581,33.9765,84.0759,426,31909,0.221937,0.11,1,2569122,2568696,426
180125501,31.5906,34.8304,454,31975,0.226775,0.09,1,2569152,2568698,454
180128421,46.2362,30.7321,482,32041,0.26471,0.13,1,2569208,2568726,482
180131341,47.2945,45.2929,475,32107,0.291884,0.15,1,2569256,2568781,475
180148861,83.4438,32.353,547,32500,0.441507,0.23,1,2569552,2569005,547
180213101,88.742,85.4021,452,33903,0.809019,0.61,2,2570449,2569997,452
180216021,36.6968,35.3608,452,33965,0.857608,0.61,2,2570451,2569999,452
180218941,33.8787,33.3443,452,34027,0.853043,0.67,2,2570483,2570031,452
180221861,51.3515,49.9377,454,34089,0.875217,0.71,2,2570546,2570092,454
180224781,50.5406,49.3751,455,34151,0.884087,0.67,2,2570596,2570141,455
180227701,21.4162,20.95,455,34213,0.863635,0.67,2,2570598,2570143,455
180230621,25.3665,8.38001,483,34275,0.867454,0.69,2,2570626,2570143,483
180233541,31.7466,20.152,491,34337,0.892982,0.73,2,2570662,2570171,491
180391221,33.9641,37.3669,506,37515,0.846228,1,2,2572905,2572399,506
180408741,33.4749,26.9983,508,37851,0.409114,1,1,2573122,2572614,508
180437941,29.2275,40.0457,471,38405,0.417223,0.49,1,2573508,2573037,471
180440861,19.491,32.2183,457,38460,0.412889,0.43,1,2573521,2573064,457
180502181,30.7497,29.6923,448,39598,0.766778,0.57,2,2574252,2573804,448
180505101,48.2999,47.8769,448,39651,0.792711,0.59,2,2574312,2573864,448
180508021,33.72,32.9508,449,39704,0.839085,0.61,2,2574336,2573887,449
180510941,37.488,35.9803,451,39757,0.881634,0.63,2,2574376,2573925,451
180513861,29.3952,28.7921,451,39810,0.874654,0.59,2,2574400,2573949,451
180516781,20.1581,19.9168,451,39863,0.895861,0.59,2,2574414,2573963,451
180519701,35.6632,35.5667,451,39916,0.880345,0.67,2,2574460,2574009,451
180522621,36.4653,34.0267,455,39969,0.862138,0.67,2,2574497,2574042,455
180525541,15.7861,14.8107,455,40022,0.830855,0.71,2,2574499,2574044,455
180528461,23.1144,22.7243,455,40075,0.842342,0.71,2,2574527,2574072,455
180531381,63.2458,9.08971,545,40128,0.846937,0.69,2,2574617,2574072,545
180534301,45.0983,57.6359,488,40181,0.848775,0.69,2,2574650,2574162,488
180537221,38.4393,42.2544,490,40234,0.87351,0.71,2,2574684,2574194,490
180540141,32.7757,35.5017,488,40286,0.895404,0.81,2,2574713,2574225,488
180689061,44.885,55.0655,475,42876,0.892,1,2,2576503,2576028,475
180691981,47.954,46.6262,484,42925,0.8308,1,2,2576553,2576069,484
180694901,41.9816,39.0505,488,42974,0.79432,1,2,2576591,2576103,488
180712421,36.2232,39.572,514,43268,0.40808,1,1,2576783,2576269,514
180724101,24.8025,34.1906,502,43464,0.280543,1,1,2576897,2576395,502
180727021,21.321,29.2763,495,43513,0.274217,1,1,2576916,2576421,495
180729941,40.9284,26.7105,524,43561,0.259687,0.82,1,2576970,2576446,524
180732861,41.5714,44.8842,509,43609,0.253875,0.79,1,2577012,2576503,509
180735781,37.0285,47.9537,493,43657,0.28755,0.77,1,2577046,2576553,493
180738701,31.6114,41.9815,483,43705,0.27702,0.71,1,2577074,2576591,483
180756221,31.0891,36.2232,467,43993,0.416863,0.39,1,2577250,2576783,467
180826301,26.9922,26.2086,453,45130,0.76134,0.63,2,2577985,2577532,453
180829221,11.9969,11.6835,453,45177,0.766536,0.69,2,2577987,2577534,453
180832141,22.7988,22.0734,454,45224,0.780614,0.73,2,2578017,2577563,454
180835061,26.5195,25.0294,456,45271,0.798246,0.67,2,2578046,2577590,456
180837981,28.6078,28.6117,455,45318,0.829298,0.65,2,2578076,2577621,455
180840901,36.6431,37.2447,454,45365,0.817719,0.65,2,2578118,2577664,454
180843821,32.0572,32.8979,453,45411,0.837088,0.69,2,2578147,2577694,453
180846741,36.2229,35.9592,454,45457,0.868835,0.69,2,2578186,2577732,454
180849661,28.8892,28.7837,454,45503,0.869534,0.65,2,2578210,2577756,454
180852581,23.5557,23.5135,454,45549,0.881814,0.65,2,2578230,2577776,454
181064281,330.889,336.7,507,21900,0.7828,1,2,2580527,2580020,507
181075961,83.4324,93.2483,496,22285,0.403608,0.89,1,2580822,2580326,496
181093481,66.9055,69.5678,506,22850,0.440452,0.41,1,2581179,2580673,506
181119761,63.2028,74.7501,501,23672,0.757899,0.61,2,2581760,2581259,501
181122681,63.6811,59.9,515,23762,0.76516,0.59,2,2581824,2581309,515
181125601,39.8724,62.96,474,23851,0.768064,0.59,2,2581848,2581374,474
181128521,68.749,39.584,538,23940,0.805226,0.63,2,2581936,2581398,538
181131441,28.6996,66.2336,456,24029,0.82009,0.71,2,2581938,2581482,456
181134361,55.8798,70.2934,457,24117,0.838036,0.71,2,2582012,2581555,457
181137281,64.3519,69.5174,458,24205,0.833215,0.77,2,2582082,2581624,458
181140201,76.1408,77.0069,460,24293,0.843286,0.77,2,2582166,2581706,460
181143121,62.8563,63.2028,460,24380,0.883314,0.77,2,2582220,2581760,460
181146041,63.5425,63.6811,460,24467,0.899326,0.77,2,2582284,2581824,460
181251161,49.6183,45.3147,500,27413,0.8428,1,2,2584353,2583853,500
181262841,56.763,57.5409,487,27721,0.288408,1,1,2584555,2584068,487
181265761,44.9052,48.2163,482,27797,0.217363,1,1,2584592,2584110,482
181297881,46.4287,74.9128,453,28624,0.23726,0.15,1,2585149,2584696,453
181300801,52.1715,44.9651,484,28698,0.268904,0.11,1,2585205,2584721,484
181303721,45.4686,53.3861,466,28772,0.281562,0.17,1,2585246,2584780,466
181324161,47.9077,78.5703,458,29283,0.429331,0.27,1,2585582,2585124,458
181385481,54.4993,53.6646,450,30765,0.77215,0.59,2,2586534,2586084,450
181388401,49.3997,48.4658,451,30834,0.80686,0.59,2,2586580,2586129,451
181391321,33.5599,32.5863,452,30903,0.844744,0.69,2,2586603,2586151,452
181522721,48.851,53.3044,483,33846,0.866166,1,2,2588661,2588178,483
181525641,48.9404,44.1218,494,33908,0.832466,1,2,2588710,2588216,494
181528561,38.7762,37.4487,493,33970,0.758987,1,2,2588742,2588249,493
181557761,48.8977,48.6388,511,34587,0.444976,0.81,1,2589172,2588661,511
181560681,33.3591,48.8555,485,34648,0.44799,0.71,1,2589195,2588710,485
181563601,56.5436,38.7422,525,34709,0.437196,0.59,1,2589267,2588742,525
181566521,42.4175,62.8969,479,34770,0.444878,0.65,1,2589300,2588821,479
181627841,33.328,32.9996,454,36025,0.761393,0.67,2,2590092,2589638,454
181630761,57.7312,56.9998,455,36084,0.778557,0.67,2,2590166,2589711,455
181633681,43.4925,43.1999,455,36143,0.797423,0.71,2,2590200,2589745,455
181636601,39.597,38.28,457,36201,0.816969,0.71,2,2590237,2589780,457
181639521,30.2388,29.712,457,36259,0.824788,0.69,2,2590261,2589804,457
181642441,28.2955,28.0848,457,36317,0.827915,0.71,2,2590288,2589831,457
181645361,30.5182,30.4339,457,36375,0.829166,0.71,2,2590320,2589863,457
181648281,13.4073,13.3736,457,36433,0.805666,0.67,2,2590322,2589865,457
181651201,43.1629,43.7494,456,36491,0.820267,0.69,2,2590385,2589929,456
181654121,40.6652,41.4998,455,36549,0.838107,0.71,2,2590424,2589969,455
181657041,45.6661,44.7999,457,36607,0.869243,0.73,2,2590473,2590016,457
181972401,43.8062,40.6944,490,42385,0.893205,1,2,2594502,2594012,490
181975321,40.3225,40.2778,488,42435,0.819282,1,2,2594540,2594052,488
181978241,37.129,40.7111,482,42485,0.789713,1,2,2594575,2594093,482
181981161,41.8516,37.2844,492,42535,0.753885,1,2,2594620,2594128,492
181989921,31.5745,36.1302,485,42684,0.797769,0.97,2,2594711,2594226,485
181992841,30.6298,36.0521,479,42733,0.829108,1,2,2594741,2594262,479
181995761,21.2519,25.2208,476,42782,0.817643,0.99,2,2594756,2594280,476
181998681,31.9008,32.2883,478,42831,0.861057,1,2,2594795,2594317,478
182001601,34.3603,35.1153,477,42880,0.854423,0.94,2,2594831,2594354,477
182004521,24.5441,30.8461,467,42929,0.839769,1,2,2594849,2594382,467
182007441,24.2176,25.5385,469,42978,0.857908,0.94,2,2594873,2594404,469
182010361,42.0871,42.0154,470,43027,0.865163,0.94,2,2594927,2594457,470
182013281,38.4348,16.8062,506,43076,0.856065,0.85,2,2594963,2594457,506
182016201,36.9739,33.7225,497,43125,0.852426,0.77,2,2594999,2594502,497
182019121,34.5896,36.289,492,43174,0.87497,0.77,2,2595032,2594540,492
182338861,177.135,181.532,501,21997,0.25,0.9,1,2598633,2598132,501
182344701,86.1816,86.5251,501,22189,0.07,0.81,1,2598778,2598277,501
182347621,75.8726,85.01,486,22285,0.046,0.65,1,2598847,2598361,486
182350541,67.549,74.204,481,22380,0.0844,0.37,1,2598909,2598428,481
182362221,70.6525,55.7508,503,22757,0.0971526,0.05,1,2599136,2598633,503
182370981,65.4098,68.1041,486,23035,0.0918978,0.11,1,2599333,2598847,486
182385581,66.9396,70.5729,492,23492,0.204586,0.13,1,2599628,2599136,492
182388501,66.9758,66.0292,496,23582,0.255834,0.13,1,2599695,2599199,496
182391421,65.1903,69.0117,489,23672,0.288334,0.07,1,2599759,2599270,489
182411861,66.6159,66.9758,436,24293,0.404763,0.31,1,2600131,2599695,436
182414781,65.6464,65.1903,437,24380,0.431905,0.31,1,2600196,2599759,437
182417701,60.4585,60.2761,437,24467,0.442762,0.33,1,2600253,2599816,437
182458581,68.7456,51.2148,518,25653,0.766815,0.63,2,2601021,2600503,518
182461501,68.2982,61.2859,518,25736,0.792726,0.57,2,2601089,2600571,518
182464421,63.3193,65.9144,509,25818,0.81509,0.63,2,2601149,2600640,509
182467341,45.1277,60.5657,485,25900,0.836036,0.65,2,2601182,2600697,485
182470261,59.4511,43.4263,522,25982,0.868414,0.71,2,2601251,2600729,522
182473181,24.9804,58.1705,456,26064,0.881366,0.71,2,2601253,2600797,456
182572461,66.5412,45.3738,551,28698,0.85,1,2,2603155,2602604,551
182575381,49.4165,67.9495,506,28772,0.766,1,2,2603193,2602687,506
182592901,58.3074,52.7032,535,29211,0.28892,1,1,2603512,2602977,535
182598741,58.5292,43.3525,539,29355,0.299427,0.75,1,2603612,2603073,539
182613341,42.6041,53.8027,478,29714,0.40593,0.29,1,2603831,2603353,478
182616261,48.8417,47.9211,487,29785,0.432372,0.29,1,2603884,2603397,487
182619181,20.7367,49.7684,438,29856,0.442949,0.27,1,2603886,2603448,438
182671741,43.3061,42.7884,449,31107,0.768519,0.63,2,2604723,2604274,449
182674661,50.9224,49.5154,451,31175,0.781408,0.59,2,2604779,2604328,451
182677581,21.569,21.0061,451,31243,0.810563,0.65,2,2604781,2604330,451
182680501,46.4276,45.6025,452,31311,0.786225,0.65,2,2604844,2604392,452
182683421,38.371,18.241,485,31379,0.78849,0.67,2,2604877,2604392,485
182686341,57.3484,27.0964,522,31446,0.789396,0.71,2,2604947,2604425,522
182689261,45.7394,51.6386,492,31513,0.801758,0.71,2,2604985,2604493,492
182692181,51.8957,43.4554,510,31580,0.806703,0.69,2,2605041,2604531,510
182695101,46.5583,51.5822,496,31647,0.820681,0.73,2,2605084,2604588,496
182698021,54.6233,44.6329,516,31714,0.838273,0.75,2,2605144,2604628,516
182700941,45.8493,52.6531,498,31781,0.893309,0.79,2,2605184,2604686,498
182841101,49.4194,35.2489,542,34831,0.860925,1,2,2607321,2606779,542
182852781,33.3099,32.0544,524,35073,0.417032,1,1,2607473,2606949,524
182855701,46.924,35.6217,542,35133,0.220813,1,1,2607529,2606987,542
182858621,38.5696,56.8487,504,35193,0.0943251,1,1,2607562,2607058,504
182861541,59.2278,43.7395,542,35253,0.06773,0.93,1,2607635,2607093,542
182864461,40.4911,57.6958,503,35313,0.093092,1,1,2607663,2607160,503
182867381,37.7965,41.6783,508,35373,0.0792368,1,1,2607699,2607191,508
182870301,33.1186,38.8713,501,35433,0.0616947,0.95,1,2607729,2607228,501
182873221,46.8474,36.5485,522,35493,0.0426779,0.79,1,2607785,2607263,522
182876141,40.939,49.4194,501,35553,0.0350712,0.63,1,2607822,2607321,501
182879061,33.7756,50.9678,478,35612,0.0440285,0.55,1,2607851,2607373,478
182881981,29.7102,40.1871,472,35671,0.0476114,0.35,1,2607878,2607406,472
182884901,13.0841,38.2748,437,35730,0.0490446,0.39,1,2607880,2607443,437
182887821,22.0336,33.3099,435,35789,0.0736178,0.09,1,2607908,2607473,435
182890741,38.2135,46.924,428,35848,0.0294471,0.01,1,2607957,2607529,428
182893661,32.6854,38.5696,424,35907,0.0657789,0.05,1,2607986,2607562,424
182896581,57.4742,59.2278,425,35966,0.0443115,0.11,1,2608060,2607635,425
182899501,38.5897,40.4911,423,36025,0.0597246,0.07,1,2608086,2607663,423
182902421,37.0359,37.7965,423,36084,0.0658899,0.05,1,2608122,2607699,423
182905341,32.2143,33.1186,422,36143,0.0803559,0.03,1,2608151,2607729,422
182908261,47.0857,46.8474,423,36201,0.0741424,0.03,1,2608208,2607785,423
182911181,41.6343,40.939,424,36259,0.0476569,0.05,1,2608246,2607822,424
182914101,34.6537,33.7756,425,36317,0.0610628,0.05,1,2608276,2607851,425
182917021,29.4615,29.7102,424,36375,0.0664251,0.05,1,2608302,2607878,424
182919941,12.9846,13.0841,424,36433,0.06857,0.09,1,2608304,2607880,424
182922861,21.9938,22.0336,424,36491,0.057428,0,1,2608332,2607908,424
182931621,56.2956,57.4742,423,36665,0.0473554,0.07,1,2608483,2608060,423
182934541,38.1182,38.5897,423,36723,0.0609422,0.07,1,2608509,2608086,423
182937461,36.8473,37.0359,423,36781,0.0783769,0.09,1,2608545,2608122,423
182940381,32.7389,32.2143,424,36838,0.0613507,0.07,1,2608575,2608151,424
182943301,46.6956,47.0857,423,36895,0.0665403,0.03,1,2608631,2608208,423
182946221,40.8782,41.6343,422,36952,0.0446161,0.07,1,2608668,2608246,422
182949141,36.1513,34.6537,425,37009,0.0358464,0.07,1,2608701,2608276,425
182952061,28.8605,29.4615,423,37066,0.0323386,0.07,1,2608725,2608302,423
182954981,12.7442,12.9846,423,37123,0.0309354,0.05,1,2608727,2608304,423
182957901,24.8977,21.9938,428,37180,0.0543742,0.05,1,2608760,2608332,428
182960821,37.5591,8.79753,474,37237,0.0637497,0.13,1,2608806,2608332,474
182963741,35.4236,32.319,460,37294,0.0794999,0.13,1,2608840,2608380,460
182966661,52.5695,32.1276,492,37351,0.0617999,0,1,2608904,2608412,492
182969581,37.2278,55.451,448,37408,0.04272,0.07,1,2608931,2608483,448
182972501,35.8911,37.7804,457,37464,0.059088,0.09,1,2608966,2608509,457
182975421,32.3564,36.7122,451,37520,0.0776352,0.05,1,2608996,2608545,451
182978341,47.1426,32.6849,478,37576,0.0730541,0.07,1,2609053,2608575,478
182981261,40.457,46.6739,458,37632,0.0292216,0.03,1,2609089,2608631,458
182984181,36.5828,40.8696,455,37688,0.0296887,0.03,1,2609123,2608668,455
182987101,29.0331,36.1478,446,37744,0.0298755,0.03,1,2609147,2608701,446
182990021,12.8132,28.8591,424,37800,0.0299502,0.03,1,2609149,2608725,424
182992941,24.9253,12.7437,455,37856,0.0539801,0.07,1,2609182,2608727,455
183001701,51.8032,35.4236,487,38024,0.218255,0.05,1,2609327,2608840,487
183004621,36.3213,52.5694,449,38080,0.249302,0.03,1,2609353,2608904,449
183007541,36.7285,37.2278,459,38135,0.261721,0.07,1,2609390,2608931,459
183010461,33.2914,35.8911,455,38190,0.278688,0.09,1,2609421,2608966,455
183013381,46.9166,32.3564,481,38245,0.285475,0.07,1,2609477,2608996,481
183016301,38.5666,47.1426,457,38300,0.28819,0,1,2609510,2609053,457
183019221,36.4266,40.457,456,38355,0.289276,0.03,1,2609545,2609089,456
183022141,28.9707,36.5828,446,38410,0.28971,0.03,1,2609569,2609123,446
183025061,12.7883,29.0331,424,38465,0.289884,0.03,1,2609571,2609147,424
183027981,26.1153,12.8132,457,38520,0.277954,0.07,1,2609606,2609149,457
183030901,41.6461,24.9253,476,38575,0.285181,0.15,1,2609658,2609182,476
183033821,17.8584,38.7701,430,38630,0.288073,0.21,1,2609660,2609230,430
183051341,47.0947,46.9166,436,38957,0.40434,0.29,1,2609913,2609477,436
183054261,39.2379,38.5666,437,39011,0.443736,0.29,1,2609947,2609510,437
183057181,36.0952,36.4266,436,39065,0.435494,0.29,1,2609981,2609545,436
183065941,25.4941,26.1153,435,39227,0.443792,0.29,1,2610041,2609606,435
183068861,41.9976,41.6461,436,39281,0.435517,0.29,1,2610094,2609658,436
183071781,17.9991,17.8584,436,39335,0.432207,0.37,1,2610096,2609660,436
183074701,30.5996,29.3434,438,39389,0.430883,0.39,1,2610135,2609697,438
183077621,51.2398,50.1374,439,39443,0.442353,0.39,1,2610200,2609761,439
183144781,42.6793,25.5205,506,40655,0.760789,0.67,2,2610990,2610484,506
183147701,18.2717,42.6082,454,40707,0.766316,0.67,2,2610992,2610538,454
183150621,30.1087,18.2433,490,40759,0.780526,0.63,2,2611030,2610540,490
183153541,52.8435,30.0973,520,40811,0.834211,0.67,2,2611098,2610578,520
183156461,38.5374,51.6389,483,40863,0.879684,0.71,2,2611127,2610644,483
183334581,40.5058,52.3454,517,43901,0.87751,1,2,2613259,2612742,517
183337501,34.8023,37.1382,521,43949,0.825004,1,2,2613290,2612769,521
183340421,27.7209,34.6553,511,43997,0.756002,1,2,2613313,2612802,511
183349181,34.3421,28.2339,523,44141,0.434064,1,1,2613407,2612884,523
183355021,29.4947,32.3574,513,44237,0.28185,1,1,2613465,2612952,513
183357941,31.5979,41.143,499,44285,0.20274,1,1,2613498,2612999,499
183363781,35.7757,35.8629,508,44381,0.0720384,0.96,1,2613578,2613070,508
183366701,26.9103,35.9451,493,44429,0.0468154,1,1,2613599,2613106,493
183369621,15.5641,25.7781,482,44476,0.0187261,1,1,2613607,2613125,482
183372541,23.0256,34.9112,469,44523,0.0254905,0.97,1,2613635,2613166,469
183375461,42.8103,48.7645,467,44570,0.0161962,0.81,1,2613691,2613224,467
183378381,34.5241,40.5058,461,44617,0.0964785,0.79,1,2613720,2613259,461
183384221,23.6439,27.7209,454,44711,0.0958365,0.53,1,2613767,2613313,454
183387141,16.6575,24.8884,443,44758,0.0923346,0.47,1,2613779,2613336,443
183392981,29.9052,34.3421,436,44852,0.0951735,0.31,1,2613843,2613407,436
183398821,24.5848,29.4947,429,44946,0.0956278,0.15,1,2613894,2613465,429
183401741,29.6339,31.5979,429,44993,0.0802511,0.09,1,2613927,2613498,429
183410501,27.1686,26.9103,424,45134,0.0927361,0,1,2614023,2613599,424
183413421,15.6674,15.5641,424,45181,0.0550944,0.03,1,2614031,2613607,424
183416341,22.467,23.0256,423,45228,0.0400378,0.01,1,2614058,2613635,423
183419261,42.5868,42.8103,423,45275,0.0340151,0.15,1,2614114,2613691,423
183422181,37.4347,34.5241,428,45322,0.019606,0.11,1,2614148,2613720,428
183442621,25.1193,24.5848,424,45645,0.228125,0.07,1,2614318,2613894,424
183445541,30.4477,29.6339,425,45691,0.21725,0.15,1,2614352,2613927,425
183448461,39.7791,37.0536,429,45737,0.2609,0.13,1,2614398,2613969,429
183451381,30.3116,33.4214,422,45783,0.27836,0.07,1,2614422,2614000,422
183454301,26.5247,27.1686,423,45829,0.285344,0.03,1,2614446,2614023,423
183457221,15.4099,15.6674,423,45875,0.288138,0.03,1,2614454,2614031,423
183460141,21.7639,22.467,422,45921,0.265255,0.03,1,2614480,2614058,422
183492261,41.2111,30.4463,479,46426,0.201085,0.29,1,2614831,2614352,479
183495181,30.8844,39.7785,457,46471,0.206434,0.29,1,2614855,2614398,457
183498101,26.7538,30.3114,457,46516,0.220574,0.29,1,2614879,2614422,457
183501021,15.5015,26.5246,441,46561,0.226229,0.29,1,2614887,2614446,441
183503941,20.6006,15.4098,457,46606,0.228492,0.25,1,2614911,2614454,457
183506861,40.0402,21.7639,484,46651,0.265397,0.15,1,2614964,2614480,484
183509781,37.6161,42.3056,464,46696,0.280159,0.13,1,2615000,2614536,464
183611981,16.3918,15.7667,451,48251,0.750202,0.65,2,2615952,2615501,451
183614901,29.9567,27.3067,455,48295,0.750081,0.71,2,2615991,2615536,455
183617821,32.9827,31.9227,455,48339,0.762032,0.67,2,2616026,2615571,455
183620741,32.3931,31.9691,455,48383,0.814813,0.69,2,2616058,2615603,455
183623661,27.3572,27.7876,454,48427,0.835925,0.65,2,2616082,2615628,454
183626581,31.3429,31.5151,454,48471,0.83237,0.63,2,2616116,2615662,454
183629501,41.3372,42.006,453,48514,0.866948,0.67,2,2616164,2615711,453
183632421,30.9349,31.2024,453,48557,0.880779,0.63,2,2616188,2615735,453
183635341,26.7739,26.881,453,48600,0.898312,0.63,2,2616212,2615759,453
183644101,42.4415,42.4484,453,48729,0.897252,0.73,2,2616301,2615848,453
183965301,49.6271,72.1878,512,26589,0.896368,1,2,2620705,2620193,512
183968221,41.4508,53.4751,507,26669,0.856547,1,2,2620741,2620234,507
183971141,50.7803,44.1901,526,26748,0.828619,1,2,2620798,2620272,526
183974061,35.9121,46.476,504,26827,0.805448,1,2,2620824,2620320,504
183976981,78.5649,41.9904,572,26906,0.880179,1,2,2620931,2620359,572
183979901,44.6259,77.9962,492,26985,0.886072,0.92,2,2620953,2620461,492
184102541,41.5059,40.9147,490,30103,0.82552,1,2,2623128,2622638,490
184105461,38.2024,45.1659,478,30173,0.768208,1,2,2623164,2622686,478
184111301,62.2724,67.1065,476,30313,0.445713,1,1,2623284,2622808,476
184114221,49.5089,45.4426,486,30383,0.292285,1,1,2623325,2622839,486
184120061,46.4414,49.5108,478,30522,0.0647656,1,1,2623409,2622931,478
184122981,34.1766,35.4043,478,30591,0.0679063,0.97,1,2623435,2622957,478
184125901,62.2706,65.1617,474,30660,0.0571625,0.86,1,2623516,2623042,474
184128821,53.7083,60.2647,465,30729,0.028865,0.77,1,2623564,2623099,465
184131741,36.4833,41.5059,461,30798,0.029546,0.73,1,2623589,2623128,461
184134661,34.9933,38.2024,459,30867,0.0538184,0.67,1,2623623,2623164,459
184137581,33.7973,41.6809,448,30936,0.0275274,0.27,1,2623656,2623208,448
184140501,51.9189,62.2724,436,31004,0.0650109,0.19,1,2623720,2623284,436
184143421,40.5676,49.5089,428,31072,0.0920044,0.05,1,2623753,2623325,428
184146341,32.427,39.6036,422,31140,0.0908018,0.01,1,2623780,2623358,422
184149261,43.5708,46.4414,422,31208,0.0543207,0.07,1,2623831,2623409,422
184152181,33.0283,34.1766,422,31276,0.0217283,0.07,1,2623857,2623435,422
184155101,61.2113,13.6706,502,31344,0.0266913,0.05,1,2623937,2623435,502
184158021,53.2845,54.0683,469,31412,0.0526765,0.01,1,2623985,2623516,469
184160941,36.3138,50.4273,446,31479,0.0630706,0.03,1,2624010,2623564,446
184163861,35.5255,35.1709,456,31546,0.0912282,0.07,1,2624045,2623589,456
184169701,52.2441,33.5873,487,31680,0.0949965,0.09,1,2624143,2623656,487
184172621,41.2976,51.8349,457,31747,0.0919986,0.11,1,2624177,2623720,457
184175541,32.1191,40.534,450,31814,0.0907994,0.09,1,2624203,2623753,450
184181381,32.499,43.5654,447,31947,0.0685279,0,1,2624278,2623831,447
184184301,60.9996,33.0262,501,32013,0.0694112,0.03,1,2624358,2623857,501
184187221,53.1998,61.2105,469,32079,0.0577645,0.07,1,2624406,2623937,469
184190141,36.8799,53.2842,447,32145,0.0651058,0.07,1,2624432,2623985,447
184193061,36.952,36.3137,459,32211,0.0560423,0.11,1,2624469,2624010,459
184195981,36.3808,35.5255,460,32277,0.0644169,0.11,1,2624505,2624045,460
184198901,52.3523,34.6102,489,32343,0.0677668,0.09,1,2624568,2624079,489
184201821,41.3409,52.2441,459,32408,0.0691067,0.09,1,2624602,2624143,459
184204741,32.1364,41.2976,451,32473,0.0816427,0.09,1,2624628,2624177,451
184207661,41.6545,32.1191,473,32538,0.0986571,0.15,1,2624676,2624203,473
184210581,30.4618,42.2476,447,32603,0.0934628,0.03,1,2624699,2624252,447
184213501,60.7847,32.499,502,32668,0.0553851,0.07,1,2624780,2624278,502
184216421,56.1139,60.9996,475,32733,0.052154,0.05,1,2624833,2624358,475
184219341,23.6456,53.1998,429,32798,0.0268616,0.07,1,2624835,2624406,429
184222261,22.6582,36.8799,425,32862,0.0407446,0.05,1,2624857,2624432,425
184225181,30.6633,36.952,424,32926,0.0702979,0.07,1,2624893,2624469,424
184257301,31.1511,30.6633,426,33625,0.210521,0.13,1,2625319,2624893,426
184260221,34.6605,34.4653,426,33688,0.258208,0.19,1,2625356,2624930,426
184277741,59.6489,59.5913,430,34063,0.425207,0.17,1,2625633,2625203,430
184280661,56.8596,56.2365,431,34125,0.428083,0.17,1,2625688,2625257,431
184283581,23.9438,23.6946,431,34187,0.429233,0.19,1,2625690,2625259,431
184286501,22.7775,23.8778,429,34249,0.429693,0.19,1,2625712,2625283,429
184289421,33.711,9.55114,470,34311,0.417877,0.23,1,2625753,2625283,470
184292341,36.2844,25.4205,472,34373,0.437151,0.29,1,2625791,2625319,472
184295261,54.7138,32.3682,502,34435,0.44486,0.33,1,2625858,2625356,502
184359501,32.0035,37.7244,455,35761,0.785899,0.71,2,2626689,2626234,455
184362421,54.2014,55.2898,457,35820,0.83636,0.69,2,2626758,2626301,457
184365341,42.0806,43.1159,456,35879,0.844544,0.69,2,2626792,2626336,456
184368261,33.6322,34.0464,456,35938,0.871818,0.71,2,2626820,2626364,456
184371181,47.0529,46.0185,458,35997,0.870727,0.73,2,2626876,2626418,458
184374101,30.8212,30.4074,458,36056,0.870291,0.73,2,2626896,2626438,458
184523021,52.3068,61.2373,478,38932,0.8644,1,2,2628923,2628445,478
184525941,38.9227,35.8949,489,38986,0.84376,1,2,2628953,2628464,489
184528861,29.9691,31.158,485,39040,0.763504,1,2,2628977,2628492,485
184540541,32.4472,35.5064,486,39256,0.439018,1,1,2629103,2628617,486
184546381,36.3916,37.241,483,39364,0.205843,1,1,2629185,2628702,483
184584341,34.2995,36.3916,433,40056,0.215636,0.13,1,2629618,2629185,433
184587261,33.5198,36.7566,429,40109,0.200254,0.13,1,2629651,2629222,429
184593101,36.0832,24.4811,466,40215,0.215641,0.11,1,2629719,2629253,466
184596021,42.6333,32.5924,475,40268,0.236256,0.13,1,2629766,2629291,475
184598941,42.2533,43.037,467,40320,0.256503,0.13,1,2629808,2629341,467
184601861,34.3013,42.4148,454,40372,0.252601,0.15,1,2629837,2629383,454
184604781,27.5205,32.5659,451,40424,0.25104,0.19,1,2629860,2629409,451
184607701,34.4082,26.2264,468,40476,0.274416,0.11,1,2629899,2629431,468
184610621,25.7633,35.0905,447,40528,0.283766,0.19,1,2629919,2629472,447
184631061,37.4921,30.2079,473,40892,0.423044,0.23,1,2630152,2629679,473
184633981,43.1968,36.0831,480,40944,0.439218,0.25,1,2630199,2629719,480
184636901,43.0787,42.6333,476,40996,0.445687,0.27,1,2630242,2629766,476
184715741,40.6315,40.6662,448,42362,0.797886,0.61,2,2631091,2630643,448
184718661,43.2526,42.0665,450,42412,0.853155,0.65,2,2631136,2630686,450
184721581,36.501,34.2266,453,42462,0.851262,0.67,2,2631168,2630715,453
184724501,29.0004,28.0906,453,42512,0.874505,0.63,2,2631192,2630739,453
184727421,35.6002,35.2363,453,42562,0.895802,0.71,2,2631232,2630779,453
184733261,24.056,22.9178,456,42662,0.888528,0.75,2,2631277,2630821,456
184911381,35.5615,39.9491,489,45580,0.872443,1,2,2633305,2632816,489
184914301,33.4246,35.7796,488,45626,0.876977,0.94,2,2633337,2632849,488
185169801,62.4033,83.6496,488,23550,0.758075,0.47,2,2636399,2635911,488
185172721,66.9613,59.2598,515,23640,0.81323,0.51,2,2636469,2635954,515
185175641,52.5845,65.1039,489,23730,0.823292,0.51,2,2636512,2636023,489
185178561,67.8338,51.8416,524,23819,0.803317,0.59,2,2636590,2636066,524
185181481,41.5335,65.1366,474,23908,0.807327,0.59,2,2636614,2636140,474
185184401,17.8134,40.4547,452,23997,0.808931,0.65,2,2636616,2636164,452
185187321,61.7254,69.5819,454,24085,0.833572,0.77,2,2636707,2636253,454
185307041,56.9747,62.2226,478,27461,0.77416,1,2,2639076,2638598,478
185315801,48.9104,42.2862,495,27692,0.200026,1,1,2639261,2638766,495
185318721,48.9642,54.7145,481,27768,0.0860105,1,1,2639310,2638829,481
185321641,48.3857,42.8858,494,27844,0.0524042,1,1,2639358,2638864,494
185324561,57.1543,60.3543,485,27920,0.0269617,0.96,1,2639421,2638936,485
185327481,37.2617,46.3417,472,27996,0.0527847,0.85,1,2639445,2638973,472
185330401,32.3047,38.9367,467,28072,0.0391139,0.69,1,2639474,2639007,467
185333321,47.7219,56.9747,456,28147,0.0456455,0.43,1,2639532,2639076,456
185336241,69.4888,82.1899,441,28222,0.0362582,0.23,1,2639616,2639175,441
185339161,50.5955,59.2759,435,28297,0.0925033,0.09,1,2639654,2639219,435
185345001,46.1353,19.5642,475,28447,0.0712005,0.01,1,2639736,2639261,475
185347921,45.4541,37.2257,471,28521,0.0704802,0.03,1,2639781,2639310,471
185350841,55.3816,43.6903,485,28595,0.0581921,0.01,1,2639843,2639358,485
185353761,35.9527,55.2761,445,28669,0.0412768,0.07,1,2639866,2639421,445
185356681,31.7811,36.5104,450,28743,0.0345107,0.03,1,2639895,2639445,450
185359601,47.5124,32.0042,479,28817,0.0558043,0.05,1,2639953,2639474,479
185362521,70.005,47.6017,506,28890,0.0763217,0.03,1,2640038,2639532,506
185371281,44.4163,38.8305,472,29109,0.0953646,0.05,1,2640157,2639685,472
185374201,44.7665,46.1322,466,29182,0.0801458,0.07,1,2640202,2639736,466
185388801,71.6357,47.5124,511,29543,0.203237,0.09,1,2640464,2639953,511
185391721,54.4543,70.005,469,29615,0.207295,0.13,1,2640507,2640038,469
185394641,39.7817,52.602,458,29686,0.208918,0.15,1,2640537,2640079,458
185397561,42.3127,39.0408,472,29757,0.209567,0.07,1,2640581,2640109,472
185400481,43.9251,44.4163,469,29828,0.233827,0.07,1,2640626,2640157,469
185403401,18.77,44.7665,426,29899,0.243531,0.15,1,2640628,2640202,426
185406321,46.508,55.7066,428,29970,0.295412,0.13,1,2640693,2640265,428
185415081,48.1925,48.5892,430,30181,0.404106,0.23,1,2640807,2640377,430
185493921,48.4589,19.1115,516,32019,0.75989,0.51,2,2642024,2641508,516
185496841,35.5836,48.4446,475,32085,0.789956,0.53,2,2642051,2641576,475
185499761,32.2334,35.5778,478,32151,0.849982,0.57,2,2642081,2641603,478
185502681,51.8934,31.0311,515,32217,0.897993,0.59,2,2642146,2641631,515
185619481,41.8444,27.503,530,34746,0.892797,1,2,2643910,2643380,530
185622401,35.3378,42.2012,509,34807,0.849119,1,2,2643941,2643432,509
185625321,31.5351,42.0805,496,34868,0.777647,1,2,2643970,2643474,496
185639921,50.8573,49.0261,530,35170,0.41651,0.88,1,2644227,2643697,530
185651601,37.3835,34.1111,509,35410,0.271927,0.87,1,2644372,2643863,509
185654521,31.1534,41.8444,489,35470,0.282771,0.82,1,2644399,2643910,489
185657441,28.0614,35.3378,484,35530,0.287108,0.73,1,2644425,2643941,484
185663281,31.6098,33.614,485,35648,0.294337,0.59,1,2644490,2644005,485
185666201,13.8439,32.6456,455,35707,0.291735,0.45,1,2644492,2644037,455
185672041,45.415,52.1433,441,35825,0.417478,0.39,1,2644618,2644177,441
185674961,46.966,50.8573,439,35884,0.448991,0.31,1,2644666,2644227,439
185774241,61.7538,15.0639,547,37835,0.764724,0.67,2,2645930,2645383,547
185777161,46.9015,61.8256,491,37891,0.77989,0.65,2,2645967,2645476,491
185780081,48.7606,46.9302,504,37947,0.833956,0.71,2,2646017,2645513,504
185783001,40.5042,47.5721,491,38003,0.891582,0.73,2,2646052,2645561,491
185914401,38.0366,27.8613,527,40427,0.842464,1,2,2647700,2647173,527
185917321,27.8146,38.1445,503,40479,0.798986,1,2,2647721,2647218,503
185920241,32.7258,35.0578,506,40531,0.781594,1,2,2647757,2647251,506
185931921,38.2442,43.7903,518,40739,0.283193,1,1,2647959,2647441,518
185934841,35.0977,38.5161,516,40791,0.251277,1,1,2647992,2647476,516
185937761,27.2391,35.2064,505,40843,0.250511,1,1,2648014,2647509,505
185940681,23.4956,30.8826,498,40895,0.238204,0.9,1,2648035,2647537,498
185943601,29.1983,25.553,509,40947,0.209282,1,1,2648068,2647559,509
185946521,30.8793,31.8212,505,40999,0.293713,1,1,2648100,2647595,505
185949441,25.5517,33.7285,492,41050,0.279485,1,1,2648122,2647630,492
185952361,32.4207,29.0914,503,41101,0.261794,0.74,1,2648159,2647656,503
185955281,24.3683,38.0366,478,41152,0.254718,0.77,1,2648178,2647700,478
185958201,29.5473,27.8146,490,41203,0.287887,0.77,1,2648211,2647721,490
185961121,53.2189,32.7258,523,41254,0.289155,0.51,1,2648280,2647757,523
185972801,32.4232,38.2442,462,41458,0.403546,0.23,1,2648421,2647959,462
185975721,26.7693,35.0977,452,41509,0.431419,0.25,1,2648444,2647992,452
185978641,11.9077,27.2391,432,41560,0.442567,0.23,1,2648446,2648014,432
186016601,28.7302,26.7693,445,42215,0.757817,0.45,2,2648889,2648444,445
186019521,12.6921,11.9077,445,42265,0.765127,0.49,2,2648891,2648446,445
186022441,18.8768,17.9631,446,42315,0.756051,0.57,2,2648914,2648468,446
186042881,55.6554,54.4044,452,42665,0.767453,0.69,2,2649169,2648717,452
186045801,42.6621,40.9618,454,42714,0.816981,0.71,2,2649203,2648749,454
186048721,51.2649,48.7847,457,42763,0.800792,0.75,2,2649260,2648803,457
186051641,37.3059,36.3139,457,42812,0.830317,0.75,2,2649288,2648831,457
186054561,35.9224,34.3256,459,42861,0.842127,0.77,2,2649323,2648864,459
186057481,28.769,28.7302,458,42910,0.870851,0.77,2,2649347,2648889,458
186060401,12.7076,12.6921,458,42959,0.88234,0.75,2,2649349,2648891,458
186063321,18.283,18.8768,457,43008,0.898936,0.75,2,2649371,2648914,457
186066241,28.9132,7.55073,493,43057,0.881574,0.71,2,2649407,2648914,493
186069161,30.1653,25.2203,487,43106,0.88663,0.73,2,2649438,2648951,487
186083761,56.4919,29.592,531,43351,0.887681,0.79,2,2649627,2649096,531
186253121,27.3437,27.2275,532,46088,0.8596,1,2,2651497,2650965,532
186256041,32.5375,31.891,533,46134,0.82984,1,2,2651533,2651000,533
186258961,32.215,46.9564,508,46180,0.781936,1,2,2651565,2651057,508
186267721,47.2298,44.2132,517,46318,0.436204,1,1,2651704,2651187,517
186276481,25.2227,23.6376,515,46454,0.255197,1,1,2651780,2651265,515
186282321,27.9156,28.742,512,46544,0.0948315,1,1,2651830,2651318,512
186285241,29.1663,30.0968,511,46589,0.0439326,1,1,2651860,2651349,511
186288161,29.0665,34.2387,503,46634,0.071573,1,1,2651889,2651386,503
186291081,29.6266,33.4955,500,46679,0.0466292,1,1,2651919,2651419,500
186294001,20.2506,31.3982,484,46724,0.0366517,0.94,1,2651933,2651449,484
186296921,26.1003,23.3593,496,46769,0.0566607,0.79,1,2651963,2651467,496
186299841,29.6401,27.3437,498,46814,0.0646643,0.81,1,2651995,2651497,498
186302761,28.656,32.5375,490,46859,0.0558657,0.75,1,2652023,2651533,490
186305681,34.2624,32.215,496,46904,0.0523463,0.61,1,2652061,2651565,496
186308601,36.505,41.686,486,46949,0.0509385,0.49,1,2652099,2651613,486
186311521,39.202,40.0744,488,46994,0.0863754,0.35,1,2652140,2651652,488
186314441,31.8808,47.2298,463,47039,0.0765502,0.33,1,2652167,2651704,463
186317361,24.7523,36.8919,453,47084,0.0846201,0.29,1,2652187,2651734,453
186320281,21.3009,28.5568,449,47129,0.051848,0.21,1,2652206,2651757,449
186323201,16.3204,25.2227,439,47174,0.0507392,0.15,1,2652219,2651780,439
186326121,25.7281,20.2891,454,47219,0.0982957,0.03,1,2652251,2651797,454
186331961,28.7165,29.1663,450,47309,0.0649273,0.09,1,2652310,2651860,450
186334881,29.4866,29.0665,451,47354,0.0559709,0.03,1,2652340,2651889,451
186337801,12.9946,29.6266,423,47399,0.0283884,0.03,1,2652342,2651919,423
186340721,12.9979,20.2506,422,47443,0.0293553,0.07,1,2652355,2651933,422
186343641,24.9991,26.1003,425,47487,0.0177421,0.07,1,2652388,2651963,425
186346561,28.5997,29.6401,424,47531,0.0610969,0.05,1,2652419,2651995,424
186355321,37.3984,36.505,425,47663,0.0723102,0.11,1,2652524,2652099,425
186358241,40.1594,39.202,426,47707,0.0829241,0.07,1,2652566,2652140,426
186361161,31.0637,31.8808,424,47751,0.0991696,0.09,1,2652591,2652167,424
186375761,27.5773,28.2913,424,47971,0.207809,0.03,1,2652705,2652281,424
186378681,27.8309,28.7165,423,48015,0.209124,0.05,1,2652733,2652310,423
186381601,28.5324,29.4866,422,48059,0.245649,0.01,1,2652762,2652340,422
186384521,12.6129,12.9946,422,48103,0.26026,0.03,1,2652764,2652342,422
186387441,12.8452,12.9979,422,48147,0.230104,0.01,1,2652777,2652355,422
186393281,29.0552,28.5997,424,48235,0.203617,0.15,1,2652843,2652419,424
186396201,30.2221,28.2399,427,48279,0.219447,0.15,1,2652874,2652447,427
186399121,34.2888,33.4959,427,48323,0.213779,0.03,1,2652911,2652484,427
186402041,35.9155,37.3984,424,48367,0.223511,0.09,1,2652948,2652524,424
186404961,39.5662,40.1594,424,48411,0.227405,0.11,1,2652990,2652566,424
186407881,31.4265,31.0637,425,48455,0.228962,0.11,1,2653016,2652591,425
186410801,24.5706,24.4255,425,48498,0.241585,0.11,1,2653036,2652611,425
186413721,22.4282,21.7702,426,48541,0.234634,0.13,1,2653057,2652631,426
186416641,19.1713,17.1081,429,48584,0.243854,0.21,1,2653074,2652645,429
186419561,26.8685,25.4432,430,48627,0.259541,0.23,1,2653106,2652676,430
186422481,29.3474,27.5773,432,48670,0.277817,0.21,1,2653137,2652705,432
186448761,35.5143,34.0915,467,49057,0.416809,0.23,1,2653378,2652911,467
186451681,39.4057,35.8366,472,49100,0.448723,0.23,1,2653420,2652948,472
186454601,31.9623,39.5346,457,49143,0.449489,0.23,1,2653447,2652990,457
186548041,40.221,40.3235,447,50497,0.772362,0.51,2,2654311,2653864,447
186550961,32.8884,32.9294,447,50539,0.806945,0.51,2,2654339,2653892,447
186553881,25.1554,25.1718,447,50581,0.820778,0.51,2,2654359,2653912,447
186556801,23.2621,23.2687,447,50623,0.826311,0.49,2,2654381,2653934,447
186559721,20.1049,20.7075,446,50665,0.840524,0.51,2,2654399,2653953,446
186562641,28.4419,28.083,447,50707,0.84621,0.51,2,2654433,2653986,447
186565561,29.9768,29.2332,448,50749,0.848484,0.51,2,2654464,2654016,448
186568481,28.7907,29.0933,447,50791,0.825394,0.57,2,2654492,2654045,447
186571401,30.7163,29.0373,450,50832,0.876157,0.57,2,2654524,2654074,450
186577241,13.7946,13.526,450,50914,0.897385,0.57,2,2654540,2654090,450
186580161,25.9178,25.8104,450,50955,0.892954,0.57,2,2654574,2654124,450
186924721,245.162,274.31,469,23360,0.2836,0.35,1,2658104,2657635,469
186953921,124.786,128.73,448,25633,0.082576,0.05,1,2658414,2657966,448
186956841,96.7144,88.0918,465,25716,0.0390304,0.03,1,2658492,2658027,465
186959761,58.4858,73.0367,435,25798,0.0696122,0.05,1,2658525,2658090,435
186962681,56.3943,37.6147,476,25880,0.0338449,0.03,1,2658580,2658104,476
186965601,61.5577,68.4459,452,25962,0.055538,0.05,1,2658645,2658193,452
186968521,63.0231,66.9784,450,26044,0.0522152,0.01,1,2658709,2658259,450
186971441,56.4092,63.3913,441,26125,0.0388861,0.07,1,2658761,2658320,441
186974361,35.1637,43.3565,432,26206,0.0575544,0.03,1,2658782,2658350,432
186980201,64.4262,33.457,499,26368,0.0584087,0.01,1,2658913,2658414,499
186983121,45.5705,60.1828,454,26448,0.0413635,0.09,1,2658946,2658492,454
186986041,51.2282,43.8731,476,26528,0.0225454,0.01,1,2659001,2658525,476
186988961,60.0913,50.5493,487,26608,0.0390182,0.07,1,2659067,2658580,487
186991881,62.4365,59.2197,486,26688,0.0216073,0.05,1,2659131,2658645,486
186994801,57.9746,62.0879,477,26767,0.0146429,0.03,1,2659186,2658709,477
186997721,36.9898,56.0352,448,26846,0.0118572,0.07,1,2659209,2658761,448
187000641,15.9959,35.0141,429,26925,0.0107429,0.13,1,2659211,2658782,429
187003561,38.7984,47.0056,428,27004,0.0462971,0.03,1,2659265,2658837,428
187006481,58.1194,64.4023,423,27082,0.0245189,0.03,1,2659336,2658913,423
187009401,43.0477,45.5609,423,27160,0.0158075,0.01,1,2659369,2658946,423
187012321,50.2191,51.2244,423,27238,0.012323,0.05,1,2659424,2659001,423
187015241,60.2876,60.0897,424,27316,0.0109292,0.01,1,2659491,2659067,424
187018161,62.5151,62.4359,424,27394,0.0223717,0.01,1,2659555,2659131,424
187021081,57.406,57.9744,423,27471,0.0149487,0.01,1,2659609,2659186,423
187024001,37.3624,36.9897,424,27548,0.0359795,0.01,1,2659633,2659209,424
187026921,16.145,15.9959,424,27625,0.0203918,0.07,1,2659635,2659211,424
187029841,39.458,38.7984,425,27702,0.0501567,0.01,1,2659690,2659265,425
187032761,56.5832,58.1193,422,27778,0.0380627,0.01,1,2659758,2659336,422
187035681,42.4333,43.0477,422,27854,0.0452251,0.01,1,2659791,2659369,422
187038601,49.9733,50.2191,422,27930,0.03609,0.01,1,2659846,2659424,422
187041521,60.1893,60.2876,422,28006,0.044436,0.03,1,2659913,2659491,422
187044441,62.4757,62.5151,422,28082,0.0717744,0.01,1,2659977,2659555,422
187047361,57.3903,57.406,422,28157,0.0947098,0.05,1,2660031,2659609,422
187053201,16.1424,16.145,422,28307,0.0835536,0.07,1,2660057,2659635,422
187056121,40.057,39.458,423,28382,0.0874214,0.07,1,2660113,2659690,423
187059041,55.6228,15.7832,489,28457,0.0769686,0.03,1,2660179,2659690,489
187061961,42.0491,47.1133,454,28531,0.0487874,0.05,1,2660212,2659758,454
187064881,49.8196,38.6453,476,28605,0.025515,0.03,1,2660267,2659791,476
187067801,60.1279,48.4581,488,28679,0.040206,0.05,1,2660334,2659846,488
187070721,63.6511,59.5832,487,28753,0.0700824,0.09,1,2660400,2659913,487
187085321,54.6134,40.0508,487,29119,0.206782,0.07,1,2660600,2660113,487
187088241,42.2454,55.6203,455,29192,0.220713,0.03,1,2660634,2660179,455
187094081,61.1193,49.8192,490,29337,0.091714,0.05,1,2660757,2660267,490
187097001,65.8477,60.1277,492,29409,0.0426856,0.09,1,2660826,2660334,492
187099921,60.5391,63.6511,483,29481,0.0470742,0.15,1,2660883,2660400,483
187102841,37.4156,58.4604,450,29553,0.0488297,0.15,1,2660905,2660455,450
187105761,16.1663,36.5842,430,29625,0.0495319,0.15,1,2660907,2660477,430
187108681,41.8665,15.8337,487,29696,0.0738128,0.19,1,2660966,2660479,487
187111601,56.3466,40.5335,496,29767,0.0955251,0.23,1,2661032,2660536,496
187146641,18.5833,18.3755,428,30609,0.217672,0.17,1,2661496,2661068,428
187149561,36.2333,35.5502,429,30678,0.213069,0.13,1,2661544,2661115,429
187152481,53.4933,53.8201,428,30747,0.211227,0.15,1,2661609,2661181,428
187155401,61.5973,62.328,427,30816,0.246491,0.17,1,2661676,2661249,427
187158321,60.0389,59.7312,428,30885,0.284596,0.17,1,2661735,2661307,428
187161241,37.2156,37.0925,428,30954,0.299839,0.17,1,2661757,2661329,428
187172921,44.9015,43.4584,431,31226,0.42638,0.23,1,2661925,2661494,431
187175841,19.1606,18.5833,431,31294,0.440552,0.23,1,2661927,2661496,431
187178761,35.8642,7.43334,478,31362,0.422221,0.21,1,2661974,2661496,478
187213801,65.0082,52.7455,517,32161,0.75231,0.53,2,2662555,2662038,517
187216721,63.8033,63.0982,510,32227,0.774924,0.57,2,2662618,2662108,510
187219641,39.3213,61.8393,472,32293,0.79597,0.59,2,2662641,2662169,472
187222561,16.9285,37.9357,452,32359,0.816388,0.59,2,2662643,2662191,452
187225481,48.1714,16.3743,519,32424,0.812555,0.63,2,2662712,2662193,519
187228401,61.2686,46.1497,523,32489,0.847022,0.65,2,2662782,2662259,523
187231321,47.9074,60.4599,492,32554,0.848809,0.69,2,2662821,2662329,492
187234241,20.363,46.384,457,32619,0.849524,0.69,2,2662823,2662366,457
187237161,37.5452,19.7536,504,32684,0.861809,0.67,2,2662872,2662368,504
187240081,56.4181,37.3014,524,32749,0.878724,0.71,2,2662941,2662417,524
187243001,23.7672,54.5206,460,32814,0.88549,0.79,2,2662943,2662483,460
187380241,40.4201,53.4963,505,35716,0.862,1,2,2664986,2664481,505
187383161,35.3681,39.3985,507,35775,0.7588,1,2,2665018,2664511,507
187397761,43.926,36.5426,501,36070,0.0881125,1,1,2665226,2664725,501
187400681,39.1704,33.2171,506,36129,0.053245,1,1,2665262,2664756,506
187403601,50.4682,52.2868,499,36187,0.063298,1,1,2665320,2664821,499
187406521,36.3873,38.3147,497,36245,0.0673192,1,1,2665347,2664850,497
187409441,30.1549,41.1259,480,36303,0.0689277,0.95,1,2665373,2664893,480
187412361,43.862,53.0504,472,36361,0.0575711,0.79,1,2665426,2664954,472
187415281,33.1448,40.4201,466,36419,0.0770284,0.69,1,2665452,2664986,466
187418201,28.8579,35.3681,460,36477,0.0608114,0.59,1,2665478,2665018,460
187421121,24.1432,31.5472,452,36535,0.0663245,0.45,1,2665499,2665047,452
187424041,18.6573,25.2189,446,36593,0.0805298,0.25,1,2665514,2665068,446
187426961,37.4629,47.2876,434,36651,0.0622119,0.05,1,2665564,2665130,434
187432801,40.6741,43.926,424,36767,0.0591539,0.03,1,2665650,2665226,424
187435721,37.8696,39.1704,424,36824,0.0416616,0.07,1,2665686,2665262,424
187438641,50.5479,50.4682,425,36881,0.0586646,0.07,1,2665745,2665320,425
187441561,35.2191,36.3873,423,36938,0.0894659,0.07,1,2665770,2665347,423
187447401,45.2351,43.862,425,37052,0.0587145,0.09,1,2665851,2665426,425
187450321,33.094,33.1448,424,37109,0.0654858,0.05,1,2665876,2665452,424
187453241,28.2376,28.8579,423,37166,0.0561943,0.05,1,2665901,2665478,423
187456161,24.495,11.5432,445,37223,0.0524777,0.07,1,2665923,2665478,445
187459081,18.798,17.2173,439,37280,0.0869911,0.09,1,2665938,2665499,439
187467841,39.9631,42.7419,460,37451,0.0624474,0.03,1,2666071,2665611,460
187470761,37.5852,40.4968,457,37507,0.030979,0.03,1,2666107,2665650,457
187473681,51.0341,37.7987,481,37563,0.0783916,0.07,1,2666167,2665686,481
187476601,37.2136,50.5195,450,37619,0.0853566,0.11,1,2666195,2665745,450
187479521,28.0855,35.2078,447,37675,0.0881427,0.11,1,2666217,2665770,447
187482441,44.8342,29.0831,478,37731,0.0772571,0.03,1,2666273,2665795,478
187485361,32.9337,45.2332,447,37787,0.0969028,0.07,1,2666298,2665851,447
187499961,39.1452,37.5192,466,38067,0.220554,0.11,1,2666454,2665988,466
187502881,38.4581,41.4077,460,38122,0.226222,0.03,1,2666492,2666032,460
187508721,52.5933,37.5852,484,38232,0.0901954,0.11,1,2666591,2666107,484
187511641,37.2373,51.0341,451,38287,0.0540782,0.09,1,2666618,2666167,451
187514561,29.2949,37.2136,447,38342,0.0516313,0.09,1,2666642,2666195,447
187517481,44.718,28.0855,480,38397,0.0866525,0.07,1,2666697,2666217,480
187520401,34.6872,44.8342,452,38452,0.088661,0.11,1,2666725,2666273,452
187523321,29.4749,32.9337,453,38507,0.0894644,0.11,1,2666751,2666298,453
187529161,19.476,26.2694,442,38617,0.0947143,0.13,1,2666790,2666348,442
187532081,8.99039,18.9078,430,38672,0.0918857,0.21,1,2666792,2666362,430
187543761,33.8206,36.9832,427,38890,0.214752,0.03,1,2666955,2666528,427
187549601,35.7713,37.2373,423,38998,0.0979604,0.05,1,2667041,2666618,423
187572961,38.9131,37.1962,429,39430,0.209007,0.19,1,2667277,2666848,429
187575881,39.5652,38.8785,429,39484,0.233603,0.21,1,2667317,2666888,429
187581721,34.7704,33.8206,431,39590,0.204176,0.09,1,2667386,2666955,431
187584641,46.3082,48.9282,426,39643,0.243671,0.07,1,2667440,2667014,426
187587561,34.7233,35.7713,426,39696,0.247468,0.15,1,2667467,2667041,426
187590481,29.4893,29.3085,427,39749,0.248987,0.11,1,2667493,2667066,427
187593401,45.9957,47.1234,425,39802,0.273595,0.11,1,2667550,2667125,425
187625521,34.3022,46.2542,458,40382,0.409294,0.25,1,2667898,2667440,458
187628441,29.3209,34.7017,457,40434,0.433718,0.25,1,2667924,2667467,457
187672241,35.9411,48.3284,472,41210,0.764571,0.51,2,2668457,2667985,472
187675161,29.9764,34.9313,472,41261,0.779828,0.51,2,2668483,2668011,472
187678081,29.9906,29.5725,476,41312,0.785931,0.53,2,2668513,2668037,476
187681001,21.5962,29.229,463,41363,0.788373,0.51,2,2668529,2668066,463
187683921,9.83849,20.6916,450,41414,0.789349,0.51,2,2668531,2668081,450
187689761,42.7342,42.7907,493,41516,0.770696,0.65,2,2668641,2668148,493
187692681,18.2937,41.1163,455,41567,0.782278,0.67,2,2668643,2668188,455
187695601,27.7175,36.8465,455,41618,0.822911,0.67,2,2668677,2668222,455
187698521,32.687,36.3386,455,41669,0.839165,0.67,2,2668713,2668258,455
187701441,46.6748,48.1354,455,41720,0.821666,0.71,2,2668769,2668314,455
187704361,36.0699,35.4542,457,41771,0.838666,0.69,2,2668798,2668341,457
187707281,31.828,30.3817,459,41822,0.845467,0.75,2,2668827,2668368,459
187710201,50.5312,49.3527,460,41872,0.872187,0.79,2,2668890,2668430,460
187713121,37.0125,35.9411,461,41922,0.882875,0.79,2,2668918,2668457,461
187716041,30.405,29.9764,461,41972,0.89915,0.79,2,2668944,2668483,461
187727721,44.1464,45.3354,459,42172,0.897722,0.79,2,2669059,2668600,459
187730641,44.0585,42.7342,462,42222,0.893089,0.79,2,2669103,2668641,462
187733561,18.8234,18.2937,462,42272,0.891236,0.85,2,2669105,2668643,462
187882481,28.3789,33.1122,484,44746,0.85383,1,2,2670837,2670353,484
187885401,34.1516,28.8449,496,44793,0.779532,1,2,2670875,2670379,496
187905841,20.4017,31.0554,487,45122,0.270991,1,1,2671075,2670588,487
187908761,41.1607,49.0222,481,45169,0.222397,1,1,2671130,2670649,481
187926281,24.4969,28.3789,465,45449,0.0993897,0.73,1,2671302,2670837,465
187929201,25.3988,34.1516,453,45495,0.0937559,0.69,1,2671328,2670875,453
187932121,28.7595,32.8606,452,45541,0.0795023,0.59,1,2671359,2670907,452
187935041,23.5038,27.5442,448,45587,0.0498009,0.51,1,2671379,2670931,448
187937961,22.6015,24.8177,447,45633,0.0619204,0.45,1,2671401,2670954,447
187940881,33.0406,37.5271,441,45679,0.0667681,0.33,1,2671441,2671000,441
187943801,32.4162,36.0108,438,45725,0.0927073,0.29,1,2671473,2671035,438
187946721,26.7665,30.0043,435,45771,0.0670829,0.23,1,2671496,2671061,435
187949641,16.7066,20.4017,431,45817,0.0568332,0.19,1,2671506,2671075,431
187975921,27.0128,25.3067,453,46231,0.203602,0.07,1,2671781,2671328,453
187978841,22.8051,28.7227,442,46277,0.219441,0.03,1,2671801,2671359,442
187981761,23.522,23.4891,446,46323,0.225776,0.07,1,2671825,2671379,446
187984681,32.2088,22.5956,462,46369,0.240311,0.07,1,2671863,2671401,462
187987601,33.2835,33.0383,456,46414,0.246124,0.11,1,2671897,2671441,456
187990521,26.5134,32.4153,446,46459,0.26045,0.05,1,2671919,2671473,446
187993441,16.6054,26.7661,433,46504,0.26618,0.05,1,2671929,2671496,433
187996361,40.2421,16.7064,479,46549,0.280472,0.19,1,2671985,2671506,479
187999281,35.2969,37.2826,460,46594,0.286189,0.17,1,2672017,2671557,460
188010961,28.7052,38.9368,448,46774,0.433998,0.11,1,2672132,2671684,448
188113161,29.0965,29.9465,446,48328,0.781902,0.53,2,2673107,2672661,446
188116081,24.2386,23.9786,447,48372,0.786761,0.59,2,2673128,2672681,447
188119001,27.0954,25.7914,449,48416,0.812704,0.61,2,2673157,2672708,449
188121921,34.2382,33.1166,450,48460,0.823082,0.61,2,2673196,2672746,450
188124841,34.6953,33.6466,451,48503,0.827233,0.63,2,2673231,2672780,451
188127761,27.0781,26.6587,451,48546,0.828893,0.59,2,2673253,2672802,451
188130681,16.8312,16.6635,451,48589,0.805557,0.63,2,2673263,2672812,451
188133601,42.1325,40.8654,453,48632,0.832223,0.67,2,2673322,2672869,453
188136521,36.053,35.5462,453,48675,0.854889,0.63,2,2673354,2672901,453
188139441,30.0212,29.8185,453,48718,0.863956,0.67,2,2673380,2672927,453
188142361,24.6085,23.9274,454,48761,0.855582,0.67,2,2673401,2672947,454
188145281,11.0434,10.771,454,48804,0.852233,0.69,2,2673403,2672949,454
188148201,36.8174,36.7084,454,48847,0.874893,0.69,2,2673457,2673003,454
188151121,28.5269,14.6834,477,48890,0.847957,0.69,2,2673480,2673003,477
188154041,25.2108,19.0733,478,48933,0.849183,0.75,2,2673503,2673025,478
188156961,28.6843,20.8293,487,48976,0.849673,0.75,2,2673534,2673047,487
188335081,26.3854,28.4768,488,51533,0.893968,1,2,2675319,2674831,488
188338001,23.1542,27.5907,482,51574,0.891587,1,2,2675340,2674858,482
188343841,29.7447,27.6945,489,51656,0.871054,1,2,2675399,2674910,489
188346761,28.0979,24.2778,494,51697,0.834422,1,2,2675426,2674932,494
188349681,21.4391,24.1111,487,51738,0.783769,0.98,2,2675443,2674956,487
188375961,26.5068,31.0936,497,52105,0.443493,0.97,1,2675690,2675193,497
188378881,38.8027,28.6374,517,52145,0.435397,0.97,1,2675737,2675220,517
188384721,24.4484,34.462,485,52225,0.445264,0.85,1,2675783,2675298,485
188387641,21.1794,26.3848,483,52265,0.448105,0.89,1,2675802,2675319,483
188390561,24.0717,23.1539,488,52305,0.437242,0.91,1,2675828,2675340,488
188472321,28.8729,27.6358,453,53422,0.77163,0.65,2,2676528,2676075,453
188475241,31.9492,30.8543,454,53461,0.770652,0.71,2,2676562,2676108,454
188478161,28.3797,27.3417,455,53500,0.770261,0.71,2,2676588,2676133,455
188481081,41.3519,38.5367,459,53539,0.770104,0.75,2,2676638,2676179,459
188484001,32.1407,32.2147,457,53578,0.806042,0.73,2,2676664,2676207,457
188486921,25.4563,24.8859,458,53617,0.820417,0.75,2,2676685,2676227,458
188489841,22.1825,21.3543,459,53656,0.838167,0.75,2,2676705,2676246,459
188492761,24.473,24.1417,459,53695,0.869267,0.75,2,2676731,2676272,459
188498601,25.5157,25.4627,459,53773,0.896283,0.75,2,2676785,2676326,459
188742421,185.197,172.449,519,26361,0.4012,1,1,2679027,2678508,519
188745341,98.0786,104.38,500,26441,0.22648,1,1,2679067,2678567,500
188751181,65.2526,66.1408,505,26601,0.0926368,0.82,1,2679197,2678692,505
188754101,59.701,74.4563,481,26681,0.0790547,0.8,1,2679253,2678772,481
188757021,40.0804,47.7825,478,26760,0.0616219,0.59,1,2679280,2678802,478
188759941,56.2322,73.113,455,26839,0.0666488,0.51,1,2679347,2678892,455
188762861,27.8929,39.4452,447,26918,0.0266595,0.49,1,2679356,2678909,447
188765781,23.1571,21.1781,458,26997,0.0526638,0.23,1,2679376,2678918,458
188768701,58.4629,73.8712,431,27075,0.0270655,0.11,1,2679458,2679027,431
188771621,44.3851,53.5485,426,27153,0.0168262,0.11,1,2679493,2679067,426
188774541,65.7541,68.8194,427,27231,0.0847305,0.05,1,2679573,2679146,427
188800821,68.8803,65.7494,428,27923,0.208867,0.17,1,2680001,2679573,428
188803741,56.3521,54.4998,429,27999,0.269547,0.15,1,2680049,2679620,429
188806661,57.3408,55.3999,431,28075,0.293819,0.21,1,2680107,2679676,431
188809581,39.1363,37.76,432,28150,0.291528,0.19,1,2680134,2679702,432
188827101,70.7865,40.7523,519,28598,0.274969,0.23,1,2680434,2679915,519
188830021,57.7146,67.9009,482,28672,0.259988,0.31,1,2680483,2680001,482
188832941,59.0858,55.9604,494,28746,0.253995,0.31,1,2680543,2680049,494
188835861,39.8343,57.1841,463,28820,0.299598,0.29,1,2680570,2680107,463
188847541,57.4822,25.6607,515,29112,0.423686,0.31,1,2680747,2680232,515
188850461,43.3929,57.6643,470,29185,0.439474,0.31,1,2680781,2680311,470
188894261,59.8592,58.1029,451,30254,0.781785,0.59,2,2681527,2681076,451
188897181,28.7437,28.0412,451,30324,0.798714,0.59,2,2681535,2681084,451
188900101,25.8975,25.6165,451,30394,0.829486,0.65,2,2681559,2681108,451
188903021,61.359,59.4466,454,30464,0.841794,0.65,2,2681644,2681190,454
188905941,44.9436,44.1786,454,30533,0.882718,0.65,2,2681678,2681224,454
188908861,19.1774,18.8715,454,30602,0.899087,0.67,2,2681680,2681226,454
188911781,59.271,59.7486,453,30671,0.893635,0.65,2,2681766,2681313,453
189072381,43.8351,40.9964,495,34258,0.776401,1,2,2684298,2683803,495
189084061,34.1894,36.6655,516,34504,0.248692,1,1,2684435,2683919,516
189089901,40.3903,41.0265,524,34626,0.0889907,1,1,2684522,2683998,524
189092821,53.9561,56.0106,521,34687,0.0655963,0.96,1,2684585,2684064,521
189095741,34.1824,45.2042,504,34748,0.0322385,1,1,2684606,2684102,504
189098661,55.673,34.2817,547,34809,0.0188954,0.94,1,2684676,2684129,547
189101581,48.0692,61.7127,510,34870,0.0135582,0.87,1,2684719,2684209,510
189104501,37.8277,57.0851,487,34931,0.0354233,0.69,1,2684750,2684263,487
189107421,29.5311,43.834,476,34992,0.0321693,0.49,1,2684774,2684298,476
189110341,31.0124,37.3336,475,35052,0.0308677,0.35,1,2684806,2684331,475
189113261,29.805,35.9334,469,35112,0.0663471,0.31,1,2684835,2684366,469
189116181,30.522,35.9734,464,35172,0.0565388,0.17,1,2684866,2684402,464
189119101,40.4088,34.1894,478,35232,0.0646155,0.13,1,2684913,2684435,478
189122021,36.5635,42.4757,464,35292,0.0798462,0.03,1,2684947,2684483,464
189124941,51.2254,40.3903,486,35352,0.0619385,0.05,1,2685008,2684522,486
189127861,34.2902,53.9561,446,35412,0.0427754,0.01,1,2685031,2684585,446
189130781,53.3161,34.1824,491,35472,0.0711102,0.01,1,2685097,2684606,491
189133701,47.1264,55.673,464,35532,0.0704441,0.01,1,2685140,2684676,464
189136621,38.6506,48.0692,454,35591,0.0701776,0.05,1,2685173,2684719,454
189139541,29.2602,37.8277,446,35650,0.0580711,0.03,1,2685196,2684750,446
189142461,12.9041,29.5311,424,35709,0.0292284,0.03,1,2685198,2684774,424
189145381,23.7616,31.0124,423,35768,0.0296914,0.09,1,2685229,2684806,423
189148301,28.7047,29.805,426,35827,0.0538765,0.05,1,2685261,2684835,426
189151221,28.8819,30.522,424,35886,0.0515506,0.07,1,2685290,2684866,424
189154141,40.3527,40.4088,425,35945,0.0986203,0.09,1,2685338,2684913,425
189159981,50.6164,51.2254,424,36063,0.0961792,0.03,1,2685432,2685008,424
189162901,33.4466,34.2902,423,36122,0.0684717,0.09,1,2685454,2685031,423
189165821,54.7786,53.3161,426,36181,0.0813887,0.07,1,2685523,2685097,426
189168741,45.3115,47.1264,422,36239,0.0865555,0.07,1,2685562,2685140,422
189171661,39.7246,38.6506,425,36297,0.0646222,0.05,1,2685598,2685173,425
189174581,28.4898,29.2602,423,36355,0.0558489,0.01,1,2685619,2685196,423
189177501,12.5959,12.9041,423,36413,0.0283395,0.03,1,2685621,2685198,423
189180421,23.0384,23.7616,422,36471,0.0293358,0.07,1,2685651,2685229,422
189183341,29.0153,28.7047,423,36529,0.0177343,0.05,1,2685684,2685261,423
189186261,29.6061,28.8819,424,36587,0.0250937,0.13,1,2685714,2685290,424
189189181,41.8425,40.3527,426,36645,0.0640375,0.21,1,2685764,2685338,426
189192101,39.537,36.5411,430,36703,0.091615,0.05,1,2685802,2685372,430
189203781,44.3609,45.3115,422,36932,0.217433,0.05,1,2685984,2685562,422
189206701,39.3444,39.7246,422,36989,0.200973,0.05,1,2686020,2685598,422
189209621,28.3378,28.4898,422,37046,0.218389,0.01,1,2686041,2685619,422
189212541,12.5351,12.5959,422,37103,0.249356,0.03,1,2686043,2685621,422
189215461,23.014,23.0384,422,37160,0.237742,0.03,1,2686073,2685651,422
189241741,38.6345,44.3519,466,37669,0.207412,0.19,1,2686450,2685984,466
189244661,29.2538,39.3408,453,37725,0.220965,0.23,1,2686473,2686020,453
189247581,12.9015,28.3363,434,37781,0.226386,0.27,1,2686475,2686041,434
189250501,21.9606,12.5345,460,37837,0.228554,0.23,1,2686503,2686043,460
189253421,29.1842,23.0138,464,37893,0.229422,0.17,1,2686537,2686073,464
189256341,29.6737,29.0055,461,37949,0.229769,0.19,1,2686567,2686106,461
189259261,42.4695,30.2022,481,38005,0.265907,0.17,1,2686618,2686137,481
189270941,57.0504,32.914,501,38227,0.401319,0.15,1,2686806,2686305,501
189279701,29.6432,38.6345,455,38392,0.438724,0.23,1,2686905,2686450,455
189282621,13.0573,29.2538,434,38447,0.43349,0.23,1,2686907,2686473,434
189285541,22.0229,12.9015,460,38502,0.431396,0.23,1,2686935,2686475,460
189288461,29.2092,21.9606,466,38557,0.442558,0.23,1,2686969,2686503,466
189338101,38.6633,38.6102,445,39479,0.755769,0.55,2,2687539,2687094,445
189341021,53.2653,50.8441,449,39532,0.764308,0.59,2,2687602,2687153,449
189343941,34.5061,33.5376,449,39585,0.803723,0.57,2,2687624,2687175,449
189346861,57.0024,57.2151,448,39638,0.867489,0.65,2,2687696,2687248,448
189352701,42.2404,40.1144,454,39744,0.895998,0.69,2,2687780,2687326,454
189565861,322.57,339.676,485,18980,0.418,1,1,2690319,2689834,485
189571701,112.931,115.068,498,19925,0.08008,0.81,1,2690474,2689976,498
189574621,109.972,98.8273,518,20031,0.050032,0.53,1,2690582,2690064,518
189577541,77.589,98.9309,475,20137,0.0500128,0.17,1,2690638,2690163,475
189580461,75.4356,85.1724,473,20242,0.0380051,0.17,1,2690712,2690239,473
189583381,38.5742,67.0689,432,20347,0.0812021,0.03,1,2690726,2690294,432
189586301,77.8297,41.8276,511,20451,0.0984808,0.03,1,2690830,2690319,511
189589221,70.7319,69.531,489,20555,0.0573923,0.01,1,2690896,2690407,489
189592141,94.2927,68.0124,532,20658,0.0409569,0.03,1,2691006,2690474,532
189595061,70.7171,92.005,479,20761,0.0583828,0.05,1,2691061,2690582,479
189597981,73.2868,70.402,498,20863,0.0893531,0.03,1,2691136,2690638,498
189606741,68.3144,77.3697,425,21167,0.221479,0.03,1,2691255,2690830,425
189609661,66.9257,70.5479,425,21267,0.202591,0.03,1,2691321,2690896,425
189618421,74.2432,73.2751,427,21565,0.239286,0.11,1,2691563,2691136,427
189621341,39.8973,37.71,430,21663,0.233714,0.13,1,2691580,2691150,430
189624261,17.1589,16.284,430,21761,0.255486,0.29,1,2691582,2691152,430
189627181,71.0636,68.3136,434,21858,0.240194,0.19,1,2691689,2691255,434
189647621,71.1352,71.0636,433,22529,0.403196,0.23,1,2692122,2691689,433
189650541,68.0541,28.4254,499,22623,0.443278,0.35,1,2692188,2691689,499
189688501,74.4196,17.3871,562,23812,0.781361,0.59,2,2693015,2692453,562
189691421,71.7678,73.5549,521,23901,0.810544,0.61,2,2693085,2692564,521
189694341,29.9071,70.2219,455,23990,0.822218,0.67,2,2693087,2692632,455
189697261,79.1629,95.2888,455,24078,0.898887,0.67,2,2693199,2692744,455
189808221,58.3059,63.9872,498,27221,0.89127,1,2,2695388,2694890,498
189814061,50.2489,48.0379,493,27377,0.835003,1,2,2695488,2694995,493
189816981,62.6996,66.0152,486,27454,0.808001,1,2,2695559,2695073,486
189819901,68.8798,73.8061,480,27531,0.7972,1,2,2695632,2695152,480
189822821,73.7519,79.3224,474,27608,0.80488,0.95,2,2695709,2695235,474
189825741,36.7008,39.529,473,27685,0.807952,0.95,2,2695721,2695248,473
189828661,33.2803,34.4116,473,27761,0.857181,0.9,2,2695752,2695279,473
189831581,32.5121,34.7646,470,27837,0.876872,0.87,2,2695784,2695314,470
189834501,55.6049,58.3059,467,27913,0.896749,0.91,2,2695855,2695388,467
189954221,72.0418,62.0144,500,30868,0.85,1,2,2697941,2697441,500
189962981,59.6907,55.3049,488,31073,0.26344,1,1,2698130,2697642,488
189968821,39.0705,25.6488,514,31209,0.0481504,1,1,2698202,2697688,514
189971741,31.2282,31.2595,505,31277,0.0612602,1,1,2698228,2697723,505
189974661,23.2913,12.5038,523,31345,0.0665041,1,1,2698246,2697723,523
189977581,31.5165,25.4015,526,31413,0.0326016,1,1,2698283,2697757,526
189980501,34.2066,40.7606,511,31480,0.0130406,1,1,2698319,2697808,511
189983421,61.0826,40.9042,549,31547,0.0472163,0.75,1,2698398,2697849,549
189986341,49.6331,71.5617,499,31614,0.0608865,0.59,1,2698440,2697941,499
189992181,51.5013,78.6499,474,31748,0.0877418,0.13,1,2698557,2698083,474
189995101,41.6005,59.6599,462,31815,0.0770967,0,1,2698592,2698130,462
189998021,36.4402,46.664,457,31881,0.0308387,0.01,1,2698625,2698168,457
190000941,30.7761,39.0656,450,31947,0.0663355,0.07,1,2698652,2698202,450
190003861,21.9104,31.2262,440,32013,0.0805342,0.07,1,2698668,2698228,440
190006781,30.3642,23.2905,458,32079,0.0502137,0.01,1,2698704,2698246,458
190009701,34.3457,31.5162,458,32145,0.0200855,0,1,2698741,2698283,458
190012621,61.1383,34.2065,501,32211,0.0620342,0.07,1,2698820,2698319,501
190015541,49.6553,61.0826,464,32277,0.0668137,0.07,1,2698862,2698398,464
190018461,66.0621,49.633,499,32343,0.0447255,0.15,1,2698939,2698440,499
190021381,52.8248,64.2532,469,32408,0.0718902,0.07,1,2698983,2698514,469
190030141,32.2768,36.4402,452,32603,0.061481,0.09,1,2699077,2698625,452
190033061,20.7107,30.7761,438,32668,0.0305924,0.09,1,2699090,2698652,438
190035981,29.8843,21.9104,458,32733,0.030237,0.03,1,2699126,2698668,458
190038901,13.1537,30.3642,424,32798,0.0300948,0,1,2699128,2698704,424
190041821,28.0615,34.3457,425,32862,0.0180379,0.09,1,2699166,2698741,425
190044741,58.6246,61.1383,425,32926,0.0252152,0.07,1,2699245,2698820,425
190047661,48.6498,49.6553,425,32990,0.0520861,0.03,1,2699287,2698862,425
190050581,64.4599,66.0621,423,33054,0.0868344,0.09,1,2699362,2698939,423
190071021,13.2158,13.1537,423,33499,0.046056,0.01,1,2699551,2699128,423
190073941,27.4863,28.0615,422,33562,0.0184224,0.03,1,2699588,2699166,422
190076861,58.9945,58.6246,423,33625,0.025369,0.07,1,2699668,2699245,423
190079781,49.9978,48.6498,425,33688,0.0761476,0.11,1,2699712,2699287,425
190123581,33.1156,42.223,454,34618,0.226035,0.13,1,2700326,2699872,454
190126501,31.8462,33.0892,458,34679,0.240414,0.19,1,2700357,2699899,458
190129421,20.5385,31.2357,441,34740,0.258166,0.21,1,2700370,2699929,441
190132341,26.2154,19.6943,459,34801,0.277266,0.17,1,2700400,2699941,459
190135261,11.6862,25.8777,431,34862,0.284907,0.21,1,2700402,2699971,431
190138181,24.4745,11.5511,462,34923,0.299963,0.13,1,2700435,2699973,462
190155701,35.1065,42.289,461,35284,0.400698,0.25,1,2700760,2700299,461
190158621,32.0426,33.1156,464,35344,0.418279,0.25,1,2700790,2700326,464
190161541,21.217,31.8462,447,35404,0.437312,0.27,1,2700804,2700357,447
190217021,67.3149,66.3863,452,36522,0.770521,0.63,2,2701541,2701089,452
190219941,56.326,55.3545,453,36580,0.806208,0.69,2,2701590,2701137,453
190222861,44.1304,42.5418,455,36638,0.820483,0.69,2,2701626,2701171,455
190225781,37.4522,36.2167,456,36696,0.814193,0.73,2,2701659,2701203,456
190228701,33.5809,33.0867,456,36754,0.799677,0.71,2,2701690,2701234,456
190231621,21.8323,22.2347,455,36811,0.817871,0.73,2,2701704,2701249,455
190234541,29.1329,28.0939,457,36868,0.825148,0.69,2,2701738,2701281,457
190237461,12.8532,12.4375,457,36925,0.828059,0.73,2,2701740,2701283,457
190240381,27.9413,27.175,458,36982,0.841224,0.73,2,2701778,2701320,458
190243301,60.9765,60.67,458,37039,0.870489,0.73,2,2701861,2701403,458
190246221,25.5906,25.468,458,37096,0.858196,0.75,2,2701863,2701405,458
190249141,40.2362,40.7872,457,37153,0.877278,0.75,2,2701913,2701456,457
190252061,67.6945,16.3149,543,37210,0.872911,0.79,2,2701999,2701456,543
190254981,57.6778,57.526,509,37267,0.883165,0.83,2,2702050,2701541,509
190257901,44.6711,52.4104,496,37324,0.899266,0.83,2,2702086,2701590,496
190425801,338.467,373.854,454,17520,0.427019,0.59,1,2704225,2703771,454
190428721,209.187,184.341,519,18366,0.248807,0.25,1,2704348,2703829,519
190446241,99.838,108.21,428,19049,0.220055,0.13,1,2704776,2704348,428
190449161,91.5352,94.8838,428,19160,0.262022,0.13,1,2704862,2704434,428
190463761,101.344,23.2244,559,19707,0.410443,0.27,1,2705208,2704649,559
190466681,93.9375,85.4898,521,19815,0.434177,0.29,1,2705297,2704776,521
190501721,43.9735,104.959,450,21063,0.777163,0.61,2,2706102,2705652,450
190504641,72.1894,95.3838,452,21164,0.820865,0.65,2,2706193,2705741,452
190507561,67.2758,75.3535,454,21264,0.874346,0.65,2,2706257,2705803,454
190510481,52.1103,55.3414,454,21364,0.895738,0.67,2,2706299,2705845,454
190516321,60.2976,60.3346,456,21562,0.895718,0.77,2,2706418,2705962,456
190630201,74.2619,69.0367,494,25111,0.785046,1,2,2708980,2708486,494
190636041,87.8419,88.8059,482,25279,0.294807,1,1,2709130,2708648,482
190641881,38.4147,40.7289,482,25447,0.0651692,0.99,1,2709197,2708715,482
190644801,31.5659,16.2916,509,25530,0.0560677,1,1,2709224,2708715,509
190647721,36.6264,29.3166,511,25613,0.0524271,1,1,2709264,2708753,511
190650641,84.8505,35.7267,588,25696,0.0389708,0.88,1,2709381,2708793,588
190653561,63.9402,88.0907,515,25778,0.0455883,0.69,1,2709431,2708916,515
190656481,45.9761,73.6363,485,25860,0.0482353,0.53,1,2709465,2708980,485
190659401,71.1904,52.8545,534,25942,0.0852941,0.07,1,2709553,2709019,534
190662321,53.6762,87.7418,465,26024,0.0401177,0.05,1,2709595,2709130,465
190665241,37.0705,61.4967,447,26105,0.0460471,0.01,1,2709621,2709174,447
190668161,29.8282,38.3987,449,26186,0.0364188,0.05,1,2709646,2709197,449
190671081,35.9313,31.5595,462,26267,0.0685675,0.05,1,2709686,2709224,462
190674001,84.5725,36.6238,539,26348,0.057427,0.03,1,2709803,2709264,539
190676921,63.829,84.8495,472,26428,0.0529708,0.05,1,2709853,2709381,472
190679841,46.5316,63.9398,457,26508,0.0751883,0.05,1,2709888,2709431,457
190682761,72.0126,45.9759,512,26588,0.0960753,0.11,1,2709977,2709465,512
190691521,29.6168,37.0705,447,26826,0.0798288,0.03,1,2710068,2709621,447
190694441,37.6467,29.8282,465,26905,0.0619315,0.09,1,2710111,2709646,465
190697361,16.2587,35.9313,427,26984,0.0547726,0.05,1,2710113,2709686,427
190700281,74.9035,84.5725,424,27062,0.075909,0.05,1,2710227,2709803,424
190703201,61.7614,63.829,427,27140,0.0723636,0.09,1,2710280,2709853,427
190706121,45.1046,46.5316,426,27218,0.0589454,0.11,1,2710314,2709888,426
190709041,72.0418,72.0126,427,27296,0.0775782,0.13,1,2710404,2709977,427
190711961,55.2167,54.6051,428,27374,0.0610313,0.13,1,2710448,2710020,428
190735321,72.1801,72.0418,424,27987,0.206944,0.05,1,2710828,2710404,424
190738241,55.272,55.2167,424,28063,0.232778,0.13,1,2710872,2710448,424
190741161,36.5088,35.2867,426,28138,0.243111,0.11,1,2710896,2710470,426
190744081,26.6035,26.7147,425,28213,0.247244,0.15,1,2710916,2710491,425
190747001,38.2414,37.0859,427,28288,0.248898,0.15,1,2710962,2710535,427
190749921,16.4966,16.0343,427,28363,0.225559,0.15,1,2710964,2710537,427
190752841,74.3986,6.41374,540,28438,0.252224,0.15,1,2711077,2710537,540
190755761,62.1595,70.9655,480,28512,0.298889,0.17,1,2711131,2710651,480
190767441,36.0169,55.1735,455,28808,0.441044,0.25,1,2711327,2710872,455
190811241,27.2987,64.3144,450,29890,0.759319,0.59,2,2712018,2711568,450
190814161,32.5195,46.1258,452,29961,0.765727,0.67,2,2712054,2711602,452
190817081,74.2078,77.8503,455,30032,0.792291,0.69,2,2712156,2711701,455
190820001,57.8831,59.3401,455,30102,0.790916,0.65,2,2712203,2711748,455
190822921,36.9532,37.536,455,30172,0.778367,0.67,2,2712226,2711771,455
190825841,26.7813,27.0144,455,30242,0.773347,0.67,2,2712246,2711791,455
190828761,40.7125,39.6058,457,30312,0.795339,0.71,2,2712296,2711839,457
190831681,17.485,17.0423,457,30382,0.804135,0.71,2,2712298,2711841,457
190834601,77.794,77.6169,457,30452,0.867654,0.77,2,2712416,2711959,457
190837521,67.1176,65.2468,460,30521,0.893062,0.77,2,2712476,2712016,460
190843361,32.8188,32.5195,460,30659,0.88329,0.81,2,2712514,2712054,460
190968921,47.4649,42.3944,501,33498,0.0907301,1,1,2714545,2714044,501
190971841,35.7859,45.7578,481,33561,0.036292,1,1,2714573,2714092,481
190974761,27.5144,33.3031,478,33624,0.0805168,0.86,1,2714595,2714117,478
190977681,24.2058,30.1212,472,33687,0.0382067,1,1,2714617,2714145,472
190980601,31.2823,34.8485,470,33750,0.0332827,0.97,1,2714653,2714183,470
190983521,29.9129,33.7394,466,33813,0.0313131,0.57,1,2714682,2714216,466
191027321,35.3374,36.7752,460,34739,0.239216,0.15,1,2715297,2714837,460
191030241,49.535,33.3101,488,34800,0.257686,0.13,1,2715356,2714868,488
191033161,42.614,48.724,467,34861,0.265075,0.15,1,2715394,2714927,467
191050681,62.7811,30.9301,511,35223,0.423015,0.21,1,2715616,2715105,511
191126601,35.9621,35.8349,447,36753,0.758024,0.57,2,2716584,2716137,447
191129521,38.3849,37.734,448,36810,0.77721,0.63,2,2716624,2716176,448
191132441,53.7539,50.4936,453,36867,0.808884,0.65,2,2716688,2716235,453
191135361,45.5016,44.7974,452,36924,0.833554,0.65,2,2716728,2716276,452
191138281,36.2006,35.919,452,36981,0.855421,0.61,2,2716758,2716306,452
191141201,28.2803,27.5676,453,37038,0.852169,0.67,2,2716781,2716328,453
191144121,12.5121,12.227,453,37095,0.850867,0.65,2,2716783,2716330,453
191147041,17.0048,17.4908,452,37152,0.850347,0.65,2,2716803,2716351,452
191149961,30.2019,6.99633,491,37209,0.850139,0.67,2,2716842,2716351,491
191152881,30.0808,26.1985,482,37266,0.850056,0.63,2,2716872,2716390,482
191155801,66.0323,28.4794,542,37323,0.898022,0.73,2,2716962,2716420,542
191301801,211.84,214.83,497,17641,0.7852,1,2,2718951,2718454,497
191307641,108.654,102.413,516,17881,0.443632,1,1,2719159,2718643,516
191313481,54.5847,74.946,484,18118,0.271381,0.99,1,2719269,2718785,484
191316401,32.6339,41.9784,482,18235,0.234552,0.65,1,2719287,2718805,482
191319321,83.8536,104.391,454,18351,0.231821,0.45,1,2719405,2718951,454
191322241,109.141,125.157,441,18467,0.278728,0.35,1,2719531,2719090,441
191342681,85.474,83.7862,438,19257,0.41069,0.33,1,2720036,2719598,438
191345601,78.5896,77.9145,438,19367,0.434276,0.37,1,2720110,2719672,438
191377721,89.6518,111.373,520,20540,0.829788,0.57,2,2720926,2720406,520
191380641,82.0607,86.5493,527,20643,0.877915,0.63,2,2721003,2720476,527
191509121,51.2581,53.7755,477,24760,0.206439,1,1,2723910,2723433,477
191520801,71.2194,89.3943,455,25101,0.0709008,0.51,1,2724124,2723669,455
191523721,59.0878,71.1577,447,25185,0.0463603,0.47,1,2724175,2723728,447
191526641,48.8351,57.8631,440,25269,0.0845441,0.19,1,2724217,2723777,440
191529561,75.334,86.1452,428,25353,0.0518177,0.13,1,2724310,2723882,428
191532481,45.1336,51.2581,425,25437,0.0507271,0.13,1,2724335,2723910,425
191535401,51.0534,20.5032,480,25520,0.0382908,0.19,1,2724390,2723910,480
191538321,31.8214,40.0013,446,25603,0.0573163,0.17,1,2724409,2723963,446
191558761,51.8195,45.1135,478,26176,0.093086,0.03,1,2724813,2724335,478
191567521,69.6525,43.3273,513,26418,0.244758,0.11,1,2724973,2724460,513
191570441,59.661,69.5309,479,26498,0.283903,0.13,1,2725026,2724547,479
191573361,50.2644,59.0124,471,26578,0.287561,0.15,1,2725070,2724599,471
191605481,43.9145,43.3223,439,27442,0.402293,0.33,1,2725623,2725184,439
191608401,49.9658,50.3289,438,27519,0.406917,0.35,1,2725677,2725239,438
191620081,69.2327,69.1604,439,27826,0.438433,0.39,1,2725848,2725409,439
191655121,80.9542,49.2475,547,28725,0.767044,0.59,2,2726492,2725945,547
191658041,46.1817,77.299,474,28799,0.804818,0.67,2,2726515,2726041,474
191660961,51.4727,44.1196,507,28873,0.843927,0.65,2,2726570,2726063,507
191663881,34.9891,50.0478,477,28946,0.859571,0.63,2,2726594,2726117,477
191666801,15.1956,35.0191,454,29019,0.865828,0.67,2,2726596,2726142,454
191669721,38.4783,15.2077,506,29092,0.868331,0.61,2,2726650,2726144,506
191809881,39.3358,40.1075,519,32401,0.886714,1,2,2729034,2728515,519
191812801,31.9343,37.043,511,32466,0.864686,1,2,2729061,2728550,511
191824481,34.6191,35.2491,513,32726,0.426728,1,1,2729234,2728721,513
191833241,49.5196,52.8719,486,32920,0.0861106,0.86,1,2729384,2728898,486
191836161,56.4079,61.3488,480,32984,0.0524442,0.91,1,2729445,2728965,480
191839081,33.3631,44.3395,465,33048,0.0749777,0.87,1,2729463,2728998,465
191842001,33.1453,39.3358,462,33112,0.0719911,0.85,1,2729496,2729034,462
191844921,30.6581,31.9343,464,33176,0.0347964,0.63,1,2729525,2729061,464
191847841,41.0632,45.1737,458,33240,0.0319186,0.55,1,2729573,2729115,458
191850761,45.8253,52.8695,449,33304,0.0547674,0.49,1,2729622,2729173,449
191853681,33.3301,38.5478,445,33368,0.039907,0.35,1,2729647,2729202,445
191856601,28.932,34.6191,439,33431,0.0219628,0.25,1,2729673,2729234,439
191859521,27.7728,34.2476,432,33494,0.0267851,0.07,1,2729700,2729268,432
191862441,48.9091,56.2991,424,33557,0.088714,0.03,1,2729763,2729339,424
191865361,45.9637,49.5196,423,33620,0.0894856,0.03,1,2729807,2729384,423
191868281,54.3855,56.4079,422,33683,0.0537942,0.09,1,2729867,2729445,422
191871201,33.7542,33.3631,424,33746,0.0635177,0.07,1,2729887,2729463,424
191874121,32.1017,33.1453,422,33809,0.0794071,0.01,1,2729918,2729496,422
191877041,30.2407,30.6581,422,33872,0.0617628,0.03,1,2729947,2729525,422
191879961,40.8963,41.0632,422,33934,0.0907051,0.07,1,2729995,2729573,422
191882881,46.3585,45.8253,423,33996,0.0782821,0.03,1,2730045,2729622,423
191885801,32.9434,33.3301,422,34058,0.0853128,0.01,1,2730069,2729647,422
191888721,28.7774,28.932,422,34120,0.0641251,0.03,1,2730095,2729673,422
191891641,27.7109,27.7728,422,34182,0.05565,0.13,1,2730122,2729700,422
191894561,51.2844,48.9091,426,34244,0.05226,0.13,1,2730189,2729763,426
191897481,44.5137,19.5637,466,34306,0.050904,0.09,1,2730229,2729763,466
191900401,53.8055,34.2255,482,34368,0.0743616,0.03,1,2730289,2729807,482
191903321,34.1222,49.6902,443,34430,0.0477446,0.07,1,2730310,2729867,443
191906241,31.0489,31.8761,452,34491,0.0490979,0.09,1,2730339,2729887,452
191909161,29.8196,31.3504,450,34552,0.0496391,0.05,1,2730368,2729918,450
191912081,42.5278,29.9402,472,34613,0.0498557,0.11,1,2730419,2729947,472
191915001,45.8111,40.7761,472,34674,0.0619423,0.07,1,2730467,2729995,472
191917921,33.3245,46.3104,447,34735,0.0787769,0.09,1,2730492,2730045,447
191920841,27.7298,32.9242,447,34796,0.0855108,0.05,1,2730516,2730069,447
191938361,30.8766,34.1221,452,35159,0.203327,0.05,1,2730762,2730310,452
191941281,28.5506,31.0488,450,35219,0.255331,0.05,1,2730789,2730339,450
191944201,43.2203,29.8195,474,35279,0.240132,0.05,1,2730842,2730368,474
191947121,46.6881,42.5278,472,35339,0.246053,0.07,1,2730891,2730419,472
191950041,34.2752,45.8111,450,35399,0.248421,0.09,1,2730917,2730467,450
191952961,28.1101,33.3245,449,35459,0.261368,0.09,1,2730941,2730492,449
191955881,28.044,27.7298,453,35519,0.266547,0.11,1,2730969,2730516,453
191958801,52.0176,27.2919,494,35579,0.280619,0.13,1,2731037,2730543,494
191990921,28.131,28.044,435,36227,0.40254,0.29,1,2731404,2730969,435
192008441,26.8109,27.5413,437,36575,0.414236,0.39,1,2731633,2731196,437
192011361,29.3244,28.4165,439,36633,0.435694,0.35,1,2731664,2731225,439
192072681,23.5569,55.6182,452,37826,0.77351,0.63,2,2732468,2732016,452
192075601,26.2228,23.4473,478,37882,0.807404,0.61,2,2732496,2732018,478
192078521,29.0891,25.5789,482,37938,0.832962,0.63,2,2732527,2732045,482
192081441,30.8356,28.2316,484,37994,0.855185,0.61,2,2732559,2732075,484
192084361,45.3343,29.8926,508,38050,0.864074,0.65,2,2732614,2732106,508
192309201,35.9226,24.9731,517,42109,0.88744,1,2,2735480,2734963,517
192315041,29.8676,33.3957,504,42209,0.83439,1,2,2735537,2735033,504
192317961,34.747,25.9583,521,42259,0.783756,1,2,2735575,2735054,521
192367601,300.88,346.541,449,18980,0.252,0.43,1,2736115,2735666,449
192382201,61.6573,76.3761,445,20242,0.218494,0.05,1,2736508,2736063,445
192385121,29.4629,44.3504,430,20347,0.237398,0.03,1,2736516,2736086,430
192393881,82.8376,77.5024,509,20658,0.419113,0.15,1,2736823,2736314,509
192396801,69.135,79.601,488,20761,0.437645,0.19,1,2736883,2736395,488
192399721,63.054,67.8404,487,20863,0.445058,0.25,1,2736942,2736455,487
192440601,63.2328,63.4348,447,22244,0.761128,0.55,2,2737834,2737387,447
192443521,30.6931,30.1739,448,22339,0.766451,0.51,2,2737843,2737395,448
192446441,13.4773,13.2696,448,22434,0.76858,0.65,2,2737845,2737397,448
192449361,104.991,101.908,453,22529,0.817432,0.65,2,2738011,2737558,453
192452281,85.7964,40.7631,526,22623,0.860973,0.69,2,2738084,2737558,526
192612881,66.62,73.324,486,27299,0.798256,1,2,2741414,2740928,486
192618721,69.8192,68.4918,490,27454,0.431321,1,1,2741539,2741049,490
192621641,49.5277,48.9967,490,27531,0.250528,1,1,2741575,2741085,490
192627481,46.4444,46.7195,487,27685,0.0772845,0.99,1,2741680,2741193,487
192630401,38.3778,39.6878,485,27761,0.0369138,0.89,1,2741713,2741228,485
192633321,29.1511,36.8751,473,27837,0.0207655,0.88,1,2741736,2741263,473
192636241,60.2604,64.55,471,27913,0.00830621,0.73,1,2741817,2741346,471
192639161,55.9042,66.62,456,27989,0.0213225,0.59,1,2741870,2741414,456
192642081,42.1617,53.048,445,28065,0.038529,0.27,1,2741903,2741458,445
192645001,58.8647,69.8192,434,28140,0.0214116,0.13,1,2741973,2741539,434
192647921,41.5459,49.5277,428,28215,0.0625646,0.03,1,2742003,2741575,428
192650841,55.0183,60.6111,424,28290,0.0430259,0.05,1,2742067,2741643,424
192653761,44.2073,46.4444,424,28365,0.0352103,0.05,1,2742104,2741680,424
192656681,36.8829,18.5778,456,28440,0.0140841,0.01,1,2742136,2741680,456
192659601,27.3532,27.2311,444,28514,0.00563365,0.01,1,2742157,2741713,444
192662521,59.5413,24.6924,502,28588,0.00225346,0,1,2742238,2741736,502
192665441,56.8165,58.477,476,28662,0.00690138,0.03,1,2742293,2741817,476
192668361,41.3266,55.1908,454,28736,0.0687606,0.05,1,2742324,2741870,454
192677121,54.1009,41.5002,485,28956,0.0867207,0.03,1,2742488,2742003,485
192680041,43.8404,55.0001,458,29029,0.0406883,0.03,1,2742525,2742067,458
192682961,36.7361,44.2,453,29102,0.0222753,0,1,2742557,2742104,453
192685881,27.8945,36.88,443,29175,0.00891012,0,1,2742579,2742136,443
192688801,59.7578,27.352,503,29248,0.00356405,0,1,2742660,2742157,503
192691721,56.3031,59.5408,476,29320,0.0314256,0.01,1,2742714,2742238,476
192694641,44.7212,56.8163,458,29392,0.0185702,0.11,1,2742751,2742293,458
192697561,60.4885,41.3265,498,29464,0.0374281,0.17,1,2742822,2742324,498
192700481,43.9954,59.1306,460,29536,0.0449712,0.15,1,2742855,2742395,460
192703401,51.1982,42.2522,485,29608,0.0479885,0.05,1,2742911,2742426,485
192706321,41.4793,54.1009,458,29679,0.0371954,0.01,1,2742946,2742488,458
192709241,36.3917,43.8404,454,29750,0.0208782,0.01,1,2742979,2742525,454
192712161,28.3567,36.7361,445,29821,0.00835126,0,1,2743002,2742557,445
192715081,12.5427,27.8945,425,29892,0.0213405,0,1,2743004,2742579,425
192718001,52.4171,59.7578,423,29963,0.0145362,0.05,1,2743083,2742660,423
192720921,53.9668,56.3031,424,30034,0.0118145,0.01,1,2743138,2742714,424
192723841,43.1867,44.7212,423,30104,0.0227258,0.05,1,2743174,2742751,423
192738441,36.6554,36.3917,423,30454,0.0837239,0,1,2743402,2742979,423
192741361,28.4621,28.3567,423,30523,0.0514896,0.03,1,2743425,2743002,423
192744281,12.5849,12.5427,423,30592,0.0385958,0.01,1,2743427,2743004,423
192747201,51.8339,52.4171,422,30661,0.0214383,0.01,1,2743505,2743083,422
192750121,53.7336,53.9668,422,30730,0.0385753,0.03,1,2743560,2743138,422
192753041,43.0934,43.1867,422,30799,0.0334301,0.17,1,2743596,2743174,422
192755961,64.0374,60.4747,428,30868,0.0793721,0.15,1,2743674,2743246,428
192767641,33.5066,36.6554,422,31141,0.238624,0.03,1,2743824,2743402,422
192770561,27.2026,28.4621,422,31209,0.20945,0.03,1,2743847,2743425,422
192779321,53.413,48.8136,476,31413,0.0904448,0.05,1,2743981,2743505,476
192782241,42.9652,52.5254,457,31480,0.0541779,0.03,1,2744017,2743560,457
192785161,66.3861,42.6102,503,31547,0.0276712,0.11,1,2744099,2743596,503
192788081,47.5544,63.8441,460,31614,0.0410685,0.13,1,2744134,2743674,460
192791001,52.6218,45.3376,483,31681,0.0704274,0.15,1,2744190,2743707,483
192817281,48.4411,66.3861,458,32277,0.0920816,0.05,1,2744557,2744099,458
192823121,45.6706,52.6218,465,32408,0.0951331,0.13,1,2744655,2744190,465
192826041,36.8682,43.8487,458,32473,0.0800532,0.11,1,2744686,2744228,458
192828961,25.5473,34.9395,447,32538,0.0860213,0.17,1,2744704,2744257,447
192831881,11.4189,24.7758,431,32603,0.0884085,0.17,1,2744706,2744275,431
192852321,54.1774,54.1765,428,33054,0.203323,0.09,1,2745043,2744615,428
192855241,44.471,45.6706,426,33118,0.219329,0.07,1,2745081,2744655,426
192858161,36.3884,36.8682,426,33182,0.249732,0.09,1,2745112,2744686,426
192861081,25.9554,25.5473,427,33246,0.249893,0.09,1,2745131,2744704,427
192864001,11.5821,11.4189,427,33310,0.249957,0.11,1,2745133,2744706,427
192866921,51.4329,51.3676,427,33373,0.297983,0.13,1,2745211,2744784,427
192878601,57.9471,58.1086,428,33625,0.425756,0.17,1,2745374,2744946,428
192881521,46.5788,45.4434,430,33688,0.404303,0.23,1,2745413,2744983,430
192887361,45.3726,44.471,433,33814,0.416288,0.27,1,2745514,2745081,433
192934081,56.9064,53.341,507,34801,0.77003,0.63,2,2746155,2745648,507
192937001,23.9625,53.7364,455,34862,0.794012,0.63,2,2746157,2745702,455
192939921,28.785,22.6946,485,34923,0.815605,0.69,2,2746189,2745704,485
192942841,59.514,28.2778,533,34984,0.836242,0.67,2,2746269,2745736,533
192945761,46.6056,58.7111,492,35044,0.856497,0.67,2,2746307,2745815,492
192948681,55.8422,46.2845,516,35104,0.864599,0.65,2,2746369,2745853,516
192951601,45.1369,56.3138,491,35164,0.879839,0.65,2,2746407,2745916,491
192954521,38.4548,45.3255,487,35224,0.885936,0.65,2,2746441,2745954,487
192957441,27.3819,38.5302,473,35284,0.888374,0.65,2,2746461,2745988,473
192960361,12.1528,27.4121,455,35344,0.88935,0.65,2,2746463,2746008,455
192963281,61.8611,12.1648,548,35404,0.87774,0.75,2,2746558,2746010,548
192966201,59.5444,58.2659,517,35464,0.885096,0.81,2,2746616,2746099,517
192969121,25.0178,56.9064,463,35524,0.888038,0.81,2,2746618,2746155,463
193109281,41.6621,55.6607,505,38275,0.8308,1,2,2748528,2748023,505
193112201,37.0648,41.4643,507,38330,0.75832,1,2,2748562,2748055,507
193123881,35.1489,33.3319,519,38550,0.448389,1,1,2748730,2748211,519
193132641,23.7775,32.1572,498,38715,0.279017,1,1,2748811,2748313,498
193135561,21.511,33.8629,483,38770,0.273607,1,1,2748831,2748348,483
193138481,18.8044,24.3452,482,38824,0.295443,1,1,2748848,2748366,482
193141401,47.1218,54.1381,474,38878,0.292177,0.87,1,2748914,2748440,474
193144321,45.8487,54.6552,464,38932,0.278871,0.77,1,2748959,2748495,464
193147241,33.3395,41.6621,456,38986,0.285548,0.71,1,2748984,2748528,456
193150161,33.7358,37.0648,456,39040,0.288219,0.59,1,2749018,2748562,456
193158921,32.9271,38.3721,439,39202,0.403646,0.43,1,2749136,2748697,439
193161841,32.9708,35.1489,439,39256,0.443458,0.47,1,2749169,2748730,439
193205641,28.5713,28.4353,444,40056,0.760284,0.49,2,2749672,2749228,444
193208561,26.4285,25.1741,446,40109,0.778113,0.49,2,2749697,2749251,446
193211481,18.9714,10.0697,460,40162,0.785245,0.53,2,2749711,2749251,460
193214401,15.9886,13.0279,459,40215,0.788098,0.51,2,2749725,2749266,459
193217321,48.3954,14.2111,514,40268,0.789239,0.53,2,2749795,2749281,514
193220241,46.9582,45.8845,493,40320,0.789696,0.53,2,2749841,2749348,493
193223161,33.7833,45.9538,472,40372,0.777878,0.57,2,2749866,2749394,472
193226081,33.9133,32.7815,482,40424,0.773151,0.53,2,2749900,2749418,482
193229001,51.3653,34.1126,510,40476,0.795261,0.63,2,2749963,2749453,510
193231921,39.7461,49.645,482,40528,0.828104,0.63,2,2749995,2749513,482
193234841,38.0985,39.058,487,40580,0.865242,0.67,2,2750032,2749545,487
193237761,38.0394,35.4232,492,40632,0.868097,0.75,2,2750070,2749578,492
193240681,37.4158,34.5693,495,40684,0.869239,0.77,2,2750107,2749612,495
193243601,29.3663,35.4277,483,40736,0.881696,0.77,2,2750131,2749648,483
193246521,27.3465,28.5711,485,40788,0.886678,0.79,2,2750157,2749672,485
193414421,324.144,360.123,487,17520,0.79,0.79,2,2752207,2751720,487
193440701,102.873,81.1759,512,19925,0.06256,0.53,1,2752719,2752207,512
193443621,99.9493,96.0704,504,20031,0.067024,0.23,1,2752817,2752313,504
193446541,84.9797,105.628,467,20137,0.0808096,0.03,1,2752892,2752425,467
193449461,75.3919,93.2513,451,20242,0.0743238,0.01,1,2752961,2752510,451
193452381,64.9568,74.5005,447,20347,0.0597295,0,1,2753019,2752572,447
193455301,65.5827,64.6002,455,20451,0.0778918,0.05,1,2753085,2752630,455
193458221,60.4331,45.6401,479,20555,0.0491567,0,1,2753142,2752663,479
193461141,83.5732,51.856,522,20658,0.0616627,0.07,1,2753241,2752719,522
193464061,79.0293,79.5424,500,20761,0.0426651,0.09,1,2753317,2752817,500
193466981,71.2117,76.817,491,20863,0.047066,0.07,1,2753383,2752892,491
193469901,64.4847,72.1268,482,20965,0.0488264,0.05,1,2753443,2752961,482
193472821,26.9939,63.6507,426,21066,0.0495306,0.09,1,2753445,2753019,426
193475741,49.1975,65.0603,424,21167,0.0858122,0.03,1,2753509,2753085,424
193481581,81.9116,83.4896,425,21367,0.22613,0.03,1,2753666,2753241,425
193484501,77.1646,78.9959,423,21466,0.264452,0.05,1,2753740,2753317,423
193487421,71.0659,71.1983,424,21565,0.243781,0.05,1,2753807,2753383,424
193490341,64.4263,64.4793,424,21663,0.223512,0.05,1,2753867,2753443,424
193493261,26.9705,26.9917,424,21761,0.215405,0.11,1,2753869,2753445,424
193496181,50.9882,49.1967,427,21858,0.248162,0.21,1,2753936,2753509,427
193507861,71.1549,71.0658,433,22244,0.403169,0.21,1,2754240,2753807,433
193510781,63.862,64.4263,432,22339,0.407268,0.21,1,2754299,2753867,432
193513701,26.7448,26.9705,432,22434,0.432907,0.27,1,2754301,2753869,432
193516621,53.2979,50.9882,436,22529,0.419163,0.27,1,2754372,2753936,436
193528301,71.6652,76.9293,507,22903,0.416859,0.41,1,2754681,2754174,507
193560421,58.1444,52.8265,508,23901,0.795821,0.53,2,2755321,2754813,508
193563341,24.4578,57.7306,449,23990,0.816329,0.65,2,2755323,2754874,449
193566261,75.7831,86.0922,454,24078,0.860531,0.69,2,2755433,2754979,454
193683061,34.2933,40.1407,484,27377,0.85696,1,2,2757707,2757223,484
193691821,64.7148,63.241,486,27608,0.415085,1,1,2757942,2757456,486
193697661,43.7144,52.9586,475,27761,0.223614,1,1,2758021,2757546,475
193700581,42.6857,41.5834,483,27837,0.203445,0.96,1,2758063,2757580,483
193709341,30.6439,34.2933,466,28065,0.0819005,0.59,1,2758173,2757707,466
193712261,53.6576,64.7173,450,28140,0.0507602,0.39,1,2758242,2757792,450
193715181,74.863,85.2869,440,28215,0.0623041,0.35,1,2758331,2757891,440
193718101,61.7452,64.7148,442,28290,0.0309216,0.33,1,2758384,2757942,442
193721021,43.8981,49.2859,435,28365,0.0543687,0.33,1,2758416,2757981,435
193723941,42.1592,19.7144,476,28440,0.0637475,0.13,1,2758457,2757981,476
193726861,39.0637,31.8857,473,28514,0.091499,0.19,1,2758494,2758021,473
193729781,44.4255,37.9543,479,28588,0.0665996,0.13,1,2758542,2758063,479
193732701,35.7702,46.3817,457,28662,0.0926398,0.11,1,2758572,2758115,457
193735621,27.5081,38.3527,446,28736,0.0790559,0.05,1,2758594,2758148,446
193738541,53.0032,30.3411,491,28810,0.0616224,0.03,1,2758664,2758173,491
193741461,74.0013,53.5364,510,28883,0.0906489,0.07,1,2758752,2758242,510
193744381,62.0005,74.8146,475,28956,0.0662596,0.01,1,2758806,2758331,475
193747301,44.6002,61.7258,455,29029,0.0925038,0.07,1,2758839,2758384,455
193767741,74.2801,53.0032,512,29536,0.215349,0.11,1,2759176,2758664,512
193770661,61.512,74.0013,477,29608,0.224139,0.05,1,2759229,2758752,477
193773581,45.6048,62.0005,458,29679,0.239656,0.11,1,2759264,2758806,458
193776501,42.8419,44.6002,466,29750,0.257862,0.11,1,2759305,2758839,466
193779421,41.1368,41.8401,466,29821,0.265145,0.13,1,2759345,2758879,466
193782341,17.6547,40.136,429,29892,0.268058,0.15,1,2759347,2758918,429
193791101,26.1379,27.0007,432,30104,0.419156,0.19,1,2759450,2759018,432
193794021,51.2552,52.2003,431,30174,0.449662,0.23,1,2759518,2759087,431
193861181,47.9068,61.8441,492,31748,0.751323,0.67,2,2760598,2760106,492
193864101,43.7627,48.7377,493,31815,0.774529,0.65,2,2760639,2760146,493
193867021,41.5051,44.6951,491,31881,0.807812,0.65,2,2760679,2760188,491
193869941,17.802,41.878,453,31947,0.821125,0.61,2,2760681,2760228,453
193872861,41.3208,17.9512,508,32013,0.81445,0.65,2,2760738,2760230,508
193875781,38.1283,41.3805,487,32079,0.84778,0.61,2,2760774,2760287,487
193878701,27.2513,38.1522,471,32145,0.873112,0.59,2,2760794,2760323,471
193986741,57.8418,60.6703,528,34496,0.84255,1,2,2762498,2761970,528
193989661,39.3367,51.8681,509,34557,0.76302,1,2,2762525,2762016,509
194013021,74.7848,31.5284,575,35044,0.438573,0.94,1,2762871,2762296,575
194015941,48.5139,75.0114,502,35104,0.433429,0.95,1,2762902,2762400,502
194018861,51.8056,51.6045,520,35164,0.431372,0.77,1,2762956,2762436,520
194021781,39.9222,57.8418,490,35224,0.430549,0.71,1,2762988,2762498,490
194024701,34.5689,39.3367,494,35284,0.442219,0.67,1,2763019,2762525,494
194077261,28.5107,27.1193,451,36348,0.755134,0.59,2,2763658,2763207,451
194080181,12.6043,12.0477,451,36406,0.752053,0.65,2,2763660,2763209,451
194083101,70.4417,67.8191,455,36464,0.774821,0.67,2,2763769,2763314,455
194086021,46.7767,45.7276,455,36522,0.795929,0.69,2,2763800,2763345,455
194088941,51.7107,50.6911,456,36580,0.840371,0.69,2,2763855,2763399,456
194091861,41.6843,40.6764,457,36638,0.846149,0.73,2,2763890,2763433,457
194094781,35.2737,34.2706,458,36696,0.848459,0.73,2,2763921,2763463,458
194097701,34.5095,35.3082,456,36754,0.849384,0.69,2,2763955,2763499,456
194100621,33.0038,33.3233,456,36811,0.861754,0.69,2,2763987,2763531,456
194103541,34.2015,33.7293,457,36868,0.854701,0.69,2,2764022,2763565,457
194106461,41.2806,41.6917,456,36925,0.839881,0.71,2,2764068,2763612,456
194109381,27.3122,26.2767,458,36982,0.857952,0.79,2,2764086,2763628,458
194112301,29.5249,28.5107,459,37039,0.829181,0.75,2,2764117,2763658,459
194115221,13.01,12.6043,459,37096,0.817672,0.79,2,2764119,2763660,459
194118141,72.404,70.4417,462,37153,0.861069,0.79,2,2764231,2763769,462
194121061,46.9616,28.1767,492,37210,0.854428,0.81,2,2764261,2763769,492
194123981,52.3846,29.8707,517,37267,0.875771,0.87,2,2764317,2763800,517
194229101,44.9396,44.3035,491,39256,0.89848,1,2,2765683,2765192,491
194234941,34.6703,35.5286,487,39364,0.860157,1,2,2765766,2765279,487
194237861,31.8681,32.8114,486,39418,0.758063,1,2,2765796,2765310,486
194258301,29.2217,29.8065,485,39791,0.221058,1,1,2766019,2765534,485
194267061,41.9502,44.9396,470,39950,0.0710277,0.91,1,2766153,2765683,470
194269981,50.9801,55.1758,465,40003,0.0704111,0.83,1,2766210,2765745,465
194272901,31.192,34.6703,462,40056,0.0581644,0.69,1,2766228,2765766,462
194275821,27.4768,31.8681,457,40109,0.0532658,0.69,1,2766253,2765796,457
194278741,25.3907,12.7473,481,40162,0.0753063,0.63,1,2766277,2765796,481
194281661,25.1563,21.8989,478,40215,0.0601225,0.63,1,2766302,2765824,478
194284581,32.2625,25.5596,487,40268,0.078049,0.53,1,2766339,2765852,487
194287501,29.105,36.6238,470,40320,0.0732196,0.39,1,2766366,2765896,470
194307941,51.8012,41.9482,480,40684,0.0460828,0.07,1,2766633,2766153,480
194310861,30.3205,50.9793,439,40736,0.0484331,0.05,1,2766649,2766210,439
194313781,27.1282,31.1917,446,40788,0.0493733,0.05,1,2766674,2766228,446
194316701,27.6513,27.4767,449,40840,0.0377493,0.09,1,2766702,2766253,449
194319621,24.2605,25.3907,447,40892,0.0690997,0.05,1,2766724,2766277,447
194322541,32.5042,25.1563,460,40944,0.0816399,0.09,1,2766762,2766302,460
194325461,31.0017,32.2625,453,40996,0.098656,0.07,1,2766792,2766339,453
194340061,54.7235,22.2683,503,41251,0.212757,0.09,1,2766969,2766466,503
194342981,39.8894,54.5073,457,41302,0.235103,0.09,1,2766999,2766542,457
194345901,50.1558,41.0029,482,41353,0.268041,0.01,1,2767056,2766574,482
194348821,28.4623,51.8012,437,41404,0.293216,0.05,1,2767070,2766633,437
194351741,26.3849,30.3205,446,41455,0.291287,0.05,1,2767095,2766649,446
194354661,27.954,27.1282,450,41506,0.290515,0.03,1,2767124,2766674,450
194357581,12.3816,27.6513,424,41557,0.290206,0.09,1,2767126,2766702,424
194398461,12.3661,12.3816,436,42262,0.407445,0.33,1,2767562,2767126,436
194401381,19.9464,19.3526,437,42312,0.408978,0.31,1,2767587,2767150,437
194404301,30.7786,30.5411,437,42362,0.433591,0.33,1,2767625,2767188,437
194407221,32.1114,31.4164,438,42412,0.443437,0.35,1,2767658,2767220,438
194410141,32.0446,30.5666,440,42462,0.423375,0.37,1,2767690,2767250,440
194413061,31.4178,30.8266,440,42512,0.43935,0.37,1,2767721,2767281,440
194415981,26.9671,26.7307,440,42562,0.42174,0.37,1,2767745,2767305,440
194418901,21.5869,21.4923,440,42612,0.414696,0.35,1,2767763,2767323,440
194477301,30.0559,27.017,478,43592,0.767206,0.53,2,2768449,2767971,478
194480221,13.2224,28.8068,450,43640,0.780882,0.59,2,2768451,2768001,450
194483141,20.289,12.7227,473,43688,0.774353,0.55,2,2768476,2768003,473
194486061,32.1156,19.4891,489,43736,0.771741,0.59,2,2768516,2768027,489
194488981,33.2462,31.1956,484,43784,0.782696,0.59,2,2768550,2768066,484
194491901,32.4985,32.2783,483,43832,0.811079,0.59,2,2768582,2768099,483
194494821,30.9994,32.7113,480,43880,0.822432,0.59,2,2768612,2768132,480
194497741,27.3998,31.0845,475,43928,0.850973,0.59,2,2768637,2768162,475
194500661,22.3599,26.8338,470,43976,0.850389,0.63,2,2768656,2768186,470
194503581,59.944,21.5335,537,44024,0.898156,0.71,2,2768741,2768204,537
194710901,167.286,174.259,506,21270,0.886,1,2,2771046,2770540,506
194713821,127.514,117.704,527,21370,0.8884,0.99,2,2771147,2770620,527
194918221,61.9164,68.8385,482,27457,0.88696,1,2,2775465,2774983,482
194921141,48.1665,50.9354,482,27534,0.804784,1,2,2775504,2775022,482
194932821,46.8043,51.6079,478,27840,0.29473,1,1,2775748,2775270,478
194935741,35.5217,37.4432,478,27916,0.219892,0.96,1,2775776,2775298,478
194941581,37.0035,40.7909,468,28068,0.0795828,0.85,1,2775857,2775389,468
194944501,55.6014,61.9164,460,28143,0.0378331,0.75,1,2775925,2775465,460
194947421,45.6406,48.1665,460,28218,0.0331332,0.47,1,2775964,2775504,460
194950341,68.6562,78.0666,446,28293,0.0192533,0.43,1,2776048,2775602,446
194953261,53.2625,60.0266,441,28368,0.0377013,0.43,1,2776091,2775650,441
194956181,51.905,24.0107,492,28443,0.0450805,0.27,1,2776142,2775650,492
194959101,42.362,45.6043,468,28517,0.0360322,0.25,1,2776178,2775710,468
194962021,33.7448,41.0417,458,28591,0.0804129,0.17,1,2776206,2775748,458
194964941,38.6979,33.2167,472,28665,0.0861652,0.11,1,2776248,2775776,472
194973701,44.7167,55.4539,460,28886,0.0734346,0.03,1,2776385,2775925,460
194976621,68.2867,45.5815,505,28959,0.0593738,0.01,1,2776469,2775964,505
194979541,53.7147,68.6326,465,29032,0.0537495,0.05,1,2776513,2776048,465
194982461,51.4859,53.253,472,29105,0.0874998,0.05,1,2776563,2776091,472
194985381,43.9943,51.9012,460,29178,0.0649999,0.03,1,2776602,2776142,460
194988301,35.5977,42.3605,454,29251,0.068,0.11,1,2776632,2776178,454
194991221,40.0391,33.7442,469,29323,0.0572,0.09,1,2776675,2776206,469
194994141,33.4156,38.6977,456,29395,0.05288,0.17,1,2776704,2776248,456
195014581,18.3767,43.9943,425,29895,0.205909,0.07,1,2777027,2776602,425
195017501,25.3507,35.5977,425,29966,0.256364,0.05,1,2777057,2776632,425
195020421,35.9403,40.0391,425,30037,0.276545,0.05,1,2777100,2776675,425
195023341,32.3761,33.4156,426,30107,0.284618,0.15,1,2777130,2776704,426
195026261,54.3504,52.9663,429,30177,0.287847,0.11,1,2777199,2776770,429
195032101,69.0561,68.7146,428,30317,0.294456,0.17,1,2777320,2776892,428
195052541,33.0659,32.3761,436,30802,0.409748,0.29,1,2777566,2777130,436
195055461,54.0264,54.3504,435,30871,0.409899,0.31,1,2777634,2777199,435
195058381,42.0105,42.1402,435,30940,0.42196,0.29,1,2777668,2777233,435
195108021,40.4239,26.8396,496,32081,0.756857,0.57,2,2778426,2777930,496
195110941,34.7696,38.3359,481,32147,0.764743,0.63,2,2778457,2777976,481
195113861,54.7078,33.9343,518,32213,0.767897,0.59,2,2778525,2778007,518
195116781,44.6831,54.3737,488,32279,0.781159,0.65,2,2778563,2778075,488
195119701,74.2733,42.7495,547,32345,0.810464,0.65,2,2778657,2778110,547
195122621,57.3093,72.2998,501,32410,0.846185,0.67,2,2778703,2778202,501
195125541,55.3237,57.1199,508,32475,0.884474,0.67,2,2778757,2778249,508
195248181,76.1024,40.1511,578,35106,0.87304,1,2,2780551,2779973,578
195251101,53.241,74.2605,519,35166,0.799216,1,2,2780589,2780070,519
195254021,57.2964,56.1042,535,35226,0.757686,1,2,2780649,2780114,535
195268621,32.7198,39.8779,512,35526,0.411563,1,1,2780812,2780300,512
195274461,35.8352,31.1005,511,35645,0.21585,0.99,1,2780878,2780367,511
195283221,65.2455,76.1024,460,35822,0.0462144,0.75,1,2781011,2780551,460
195286141,45.8982,53.241,455,35881,0.0364858,0.73,1,2781044,2780589,455
195289061,52.5593,57.2964,452,35940,0.0205943,0.63,1,2781101,2780649,452
195291981,41.4237,45.1186,449,35999,0.0262377,0.57,1,2781135,2780686,449
195294901,35.7695,37.2474,449,36058,0.0284951,0.49,1,2781167,2780718,449
195297821,25.7078,30.499,442,36117,0.041398,0.43,1,2781186,2780744,442
195300741,30.0831,33.7996,439,36176,0.0345592,0.37,1,2781219,2780780,439
195303661,28.8332,32.7198,435,36234,0.0678237,0.25,1,2781247,2780812,435
195306581,23.5333,28.0879,430,36292,0.0811295,0.15,1,2781267,2780837,430
195309501,34.0133,35.8352,430,36350,0.0984518,0.15,1,2781308,2780878,430
195324101,52.0606,52.5593,422,36640,0.0960578,0.03,1,2781523,2781101,422
195327021,41.2242,41.4237,422,36698,0.0444231,0.03,1,2781557,2781135,422
195329941,36.2897,35.7695,423,36756,0.0597692,0.05,1,2781590,2781167,423
195332861,25.3159,25.7078,422,36813,0.0659077,0.03,1,2781608,2781186,422
195335781,29.9264,30.0831,422,36870,0.0683631,0.09,1,2781641,2781219,422
195338701,29.9705,28.8332,424,36927,0.0453452,0.09,1,2781671,2781247,424
195341621,24.5882,23.5333,425,36984,0.0601381,0.11,1,2781692,2781267,425
195344541,35.6353,34.0133,427,37041,0.0660552,0.11,1,2781735,2781308,427
195347461,15.4541,14.8053,427,37098,0.0444221,0.15,1,2781737,2781310,427
195350381,29.5816,29.3221,427,37155,0.0477688,0.15,1,2781776,2781349,427
195353301,61.6327,11.7289,510,37212,0.0851075,0.15,1,2781859,2781349,510
195370821,29.9481,25.2438,455,37552,0.201355,0.07,1,2782063,2781608,455
195376661,24.2317,29.959,443,37664,0.215817,0.07,1,2782114,2781671,443
195379581,35.4927,24.5836,465,37720,0.212327,0.07,1,2782157,2781692,465
195382501,15.3971,35.6334,424,37776,0.210931,0.03,1,2782159,2781735,424
195385421,28.9588,15.4534,460,37832,0.210372,0.05,1,2782197,2781737,460
195388341,64.3835,29.5814,509,37888,0.222149,0.11,1,2782285,2781776,509
195391261,44.3534,61.6325,457,37944,0.22686,0.13,1,2782316,2781859,457
195394181,52.5414,42.653,485,38000,0.216744,0.15,1,2782374,2781889,485
195397101,41.4165,50.6612,463,38056,0.236698,0.21,1,2782408,2781945,463
195400021,36.9666,40.0645,464,38112,0.268679,0.19,1,2782442,2781978,464
195402941,25.5866,36.4258,448,38167,0.293472,0.19,1,2782460,2782012,448
195423381,64.9541,28.9588,520,38552,0.448969,0.23,1,2782717,2782197,520
195490541,35.8477,36.0683,452,39793,0.751513,0.61,2,2783481,2783029,452
195496381,29.0156,29.0509,452,39899,0.805442,0.61,2,2783521,2783069,452
195499301,68.6063,68.0204,453,39952,0.832177,0.71,2,2783616,2783163,453
195502221,48.4425,47.0081,455,40005,0.806871,0.71,2,2783651,2783196,455
195505141,20.577,20.0033,455,40058,0.796748,0.71,2,2783653,2783198,455
195508061,46.6308,8.0013,519,40111,0.804699,0.77,2,2783717,2783198,519
195510981,40.2523,40.4005,493,40164,0.83188,0.73,2,2783753,2783260,493
195513901,36.5009,37.7602,491,40217,0.842752,0.71,2,2783787,2783296,491
195516821,25.4004,36.1041,474,40270,0.859101,0.75,2,2783805,2783331,474
195519741,31.1601,25.2416,491,40322,0.88964,0.71,2,2783840,2783349,491
195680341,336.305,343.734,493,18980,0.442,1,1,2785795,2785302,493
195713921,66.9631,73.1486,441,20137,0.201048,0.03,1,2786627,2786186,441
195722681,68.6056,78.7215,477,20451,0.070227,0.07,1,2786853,2786376,477
195725601,83.8423,63.2886,518,20555,0.0700908,0.13,1,2786947,2786429,518
195728521,70.7369,79.3154,490,20658,0.0700363,0.23,1,2787009,2786519,490
195740201,35.7085,88.8577,426,21066,0.215153,0.05,1,2787225,2786799,426
195743121,46.0834,67.9431,425,21167,0.236061,0.07,1,2787278,2786853,425
195746041,76.0334,83.5772,427,21267,0.244424,0.07,1,2787374,2786947,427
195748961,67.0133,70.6309,426,21367,0.29577,0.15,1,2787435,2787009,426
195772321,58.3974,58.0053,436,22148,0.441337,0.35,1,2787923,2787487,436
195798601,90.1444,61.0377,552,22996,0.755353,0.53,2,2788539,2787987,552
195801521,37.2578,88.6151,447,23088,0.788141,0.53,2,2788541,2788094,447
195804441,47.9031,36.646,500,23180,0.813257,0.51,2,2788596,2788096,500
195807361,79.1612,47.0584,546,23271,0.811303,0.55,2,2788696,2788150,546
195810281,69.4645,77.6234,511,23362,0.858521,0.57,2,2788759,2788248,511
195813201,64.3858,68.2493,510,23453,0.853408,0.61,2,2788820,2788310,510
195816121,67.1543,60.8997,523,23543,0.887363,0.73,2,2788889,2788366,523
195921241,64.5678,39.4245,559,26591,0.7684,1,2,2791041,2790482,559
195930001,40.7803,54.8672,502,26829,0.298058,1,1,2791164,2790662,502
195938761,74.3459,96.8715,474,27065,0.0946757,1,1,2791369,2790895,474
195941681,48.3384,58.5486,472,27143,0.0918703,0.91,1,2791400,2790928,472
195944601,35.5353,44.4194,464,27221,0.0667481,0.65,1,2791427,2790963,464
195947521,53.8141,64.5678,452,27299,0.0566992,0.53,1,2791493,2791041,452
195950441,38.9257,45.6271,448,27377,0.0646797,0.35,1,2791522,2791074,448
195959201,62.5392,67.9121,422,27608,0.0526195,0.07,1,2791672,2791250,422
195962121,38.2157,40.3649,422,27685,0.0390478,0.09,1,2791694,2791272,422
195965041,74.0863,74.3459,423,27761,0.0216191,0.09,1,2791792,2791369,423
195967961,48.2345,48.3384,423,27837,0.0386476,0.05,1,2791823,2791400,423
195970881,34.8938,35.5353,422,27913,0.0574591,0.05,1,2791849,2791427,422
195973801,54.7575,53.8141,424,27989,0.0769836,0.07,1,2791917,2791493,424
195976721,38.103,38.9257,422,28065,0.0727935,0.13,1,2791944,2791522,422
195979641,44.6412,41.3703,428,28140,0.0471174,0.15,1,2791993,2791565,428
195982561,31.0565,30.3481,427,28215,0.036847,0,1,2792015,2791588,427
195985481,59.8226,62.5392,422,28290,0.0447388,0.03,1,2792094,2791672,422
195988401,37.129,38.2157,422,28365,0.0478955,0.03,1,2792116,2791694,422
195991321,73.6516,15.2863,520,28440,0.0491582,0.01,1,2792214,2791694,520
195994241,47.4606,64.9145,452,28514,0.0376633,0.05,1,2792244,2791792,452
195997161,35.1843,44.5658,448,28588,0.0450653,0.07,1,2792271,2791823,448
196000081,55.4737,33.4263,491,28662,0.0960261,0.09,1,2792340,2791849,491
196017601,74.1248,37.123,520,29102,0.0812388,0.05,1,2792636,2792116,520
196020521,47.6499,73.6492,452,29175,0.0624955,0.03,1,2792666,2792214,452
196023441,35.86,47.4597,450,29248,0.0909982,0.05,1,2792694,2792244,450
196026361,58.144,35.1839,496,29320,0.0663993,0.13,1,2792767,2792271,496
196029281,40.0576,55.4735,455,29392,0.0565597,0.11,1,2792795,2792340,455
196032201,44.823,39.5894,474,29464,0.0646239,0.11,1,2792843,2792369,474
196035121,31.7292,43.4358,451,29536,0.0918496,0.15,1,2792866,2792415,451
196058481,37.773,40.0576,424,30104,0.206759,0.07,1,2793219,2792795,424
196064321,32.8037,31.7292,427,30244,0.228681,0.11,1,2793293,2792866,427
196067241,58.7215,58.2917,427,30314,0.241473,0.13,1,2793369,2792942,427
196070161,36.6886,35.9167,428,30384,0.258589,0.19,1,2793391,2792963,428
196073081,72.8754,70.7667,431,30454,0.277436,0.15,1,2793488,2793057,431
196099361,37.5093,36.6886,435,31073,0.405478,0.29,1,2793826,2793391,435
196102281,73.8037,72.8754,436,31141,0.432191,0.35,1,2793924,2793488,436
196105201,48.1215,47.1502,437,31209,0.406876,0.31,1,2793955,2793518,437
196111041,27.9794,8.02403,470,31345,0.4047,0.39,1,2793990,2793520,470
196149001,45.5445,38.9166,497,32211,0.795834,0.57,2,2794587,2794090,497
196151921,34.4178,44.3667,476,32277,0.828333,0.57,2,2794614,2794138,476
196154841,61.1671,33.9467,528,32343,0.829333,0.59,2,2794693,2794165,528
196157761,38.8668,60.3787,474,32408,0.829733,0.61,2,2794717,2794243,474
196160681,75.5467,37.9515,551,32473,0.829893,0.63,2,2794817,2794266,551
196163601,48.2187,74.5806,482,32538,0.829957,0.63,2,2794847,2794365,482
196166521,20.4875,47.8322,454,32603,0.829983,0.63,2,2794849,2794395,454
196169441,31.595,20.3329,491,32668,0.841993,0.65,2,2794888,2794397,491
196172361,58.838,29.1332,533,32733,0.882797,0.75,2,2794965,2794432,533
196175281,24.7352,56.6533,460,32798,0.899119,0.77,2,2794967,2794507,460
196315441,31.4595,33.9346,515,35761,0.804112,1,2,2797007,2796492,515
196318361,40.1838,60.3738,483,35820,0.783645,1,2,2797053,2796570,483
196350481,28.1105,31.4595,461,36464,0.295599,0.77,1,2797468,2797007,461
196353401,38.2442,40.1838,460,36522,0.26824,0.71,1,2797513,2797053,460
196356321,30.2977,31.6735,459,36580,0.233296,0.67,1,2797538,2797079,459
196359241,61.9191,68.4694,449,36638,0.231318,0.55,1,2797621,2797172,449
196362161,45.1676,49.5878,446,36696,0.206527,0.47,1,2797655,2797209,446
196365081,36.0671,36.6351,448,36754,0.208611,0.53,1,2797685,2797237,448
196368001,24.0268,25.454,446,36811,0.233444,0.43,1,2797701,2797255,446
196370921,42.6107,47.9816,438,36868,0.207378,0.31,1,2797756,2797318,438
196373841,36.2443,40.1926,435,36925,0.232951,0.33,1,2797788,2797353,435
196376761,31.8977,33.4771,435,36982,0.23118,0.31,1,2797817,2797382,435
196382601,28.0236,28.2763,435,37096,0.215789,0.29,1,2797875,2797440,435
196385521,26.8095,28.1105,433,37153,0.200316,0.29,1,2797901,2797468,433
196391361,28.0495,31.4977,454,37267,0.22765,0.21,1,2797967,2797513,454
196394281,61.6198,27.5991,513,37324,0.28906,0.23,1,2798051,2797538,513
196417641,26.2991,32.5573,453,37774,0.40207,0.23,1,2798303,2797850,453
196420561,27.9196,28.0229,457,37830,0.430828,0.19,1,2798332,2797875,457
196476041,22.9476,23.2661,450,38878,0.773574,0.55,2,2799016,2798566,450
196478961,43.979,43.5064,451,38932,0.78343,0.57,2,2799074,2798623,451
196481881,39.1916,39.6026,450,38986,0.775372,0.61,2,2799110,2798660,450
196484801,32.4766,31.441,452,39040,0.796149,0.61,2,2799138,2798686,452
196487721,34.5907,34.1764,452,39094,0.792459,0.61,2,2799174,2798722,452
196490641,27.0363,26.8706,452,39148,0.814984,0.61,2,2799196,2798744,452
196493561,30.0145,28.7482,454,39202,0.835994,0.63,2,2799228,2798774,454
196496481,41.4058,40.8993,454,39256,0.868397,0.71,2,2799277,2798823,454
196499401,32.1623,30.1597,457,39310,0.857359,0.71,2,2799303,2798846,457
196502321,14.0649,13.2639,457,39364,0.876944,0.75,2,2799305,2798848,457
196665841,38.1322,33.8427,488,42262,0.838816,1,2,2801354,2800866,488
196680441,38.107,32.7571,504,42512,0.21834,1,1,2801531,2801027,504
196683361,35.0428,33.5028,503,42562,0.0873359,1,1,2801564,2801061,503
196686281,30.8171,33.2011,498,42612,0.0529344,1,1,2801592,2801094,498
196689201,33.3268,34.2805,498,42662,0.0511738,1,1,2801627,2801129,498
196692121,30.7307,35.9122,490,42711,0.0624695,1,1,2801656,2801166,490
196695041,26.0923,31.1649,485,42760,0.0549878,0.99,1,2801679,2801194,485
196697961,21.8369,28.0659,478,42809,0.0279951,1,1,2801698,2801220,478
196700881,45.9348,47.8264,479,42858,0.017198,0.93,1,2801760,2801281,479
196703801,33.9739,41.3306,468,42907,0.0128792,0.76,1,2801786,2801318,468
196706721,29.7896,38.1322,459,42956,0.0471517,0.69,1,2801813,2801354,459
196709641,28.7158,35.0529,454,43005,0.0368607,0.69,1,2801841,2801387,454
196712561,28.8863,14.0212,483,43054,0.0327443,0.63,1,2801870,2801387,483
196715481,24.1545,26.0085,470,43103,0.0430977,0.51,1,2801891,2801421,470
196718401,31.2618,27.8034,477,43152,0.0352391,0.25,1,2801927,2801450,477
196721321,29.9047,36.9214,463,43201,0.0200956,0.11,1,2801956,2801493,463
196724241,31.1619,37.5685,457,43250,0.0260383,0,1,2801988,2801531,457
196727161,27.4648,34.8274,449,43299,0.0164153,0.03,1,2802013,2801564,449
196730081,32.5859,30.731,457,43348,0.0365661,0.05,1,2802049,2801592,457
196733001,31.0344,33.2924,452,43397,0.0446264,0.07,1,2802079,2801627,452
196735921,25.0137,30.717,444,43446,0.0358506,0.05,1,2802100,2801656,444
196738841,21.4055,26.0868,440,43495,0.0443402,0.01,1,2802119,2801679,440
196741761,45.7622,21.8347,483,43544,0.0477361,0.01,1,2802181,2801698,483
196744681,33.9049,45.9339,447,43592,0.0250944,0.01,1,2802207,2801760,447
196747601,29.762,33.9736,448,43640,0.0520378,0.07,1,2802234,2801786,448
196750521,29.9048,29.7894,451,43688,0.0268151,0.03,1,2802264,2801813,451
196753441,29.3619,28.7158,452,43736,0.088726,0.03,1,2802293,2801841,452
196756361,23.7448,28.8863,443,43784,0.0894904,0.05,1,2802313,2801870,443
196762201,30.4392,31.2618,452,43880,0.0947185,0.01,1,2802379,2801927,452
196768041,28.2703,31.1619,448,43976,0.071555,0.01,1,2802436,2801988,448
196770961,34.7081,27.4648,462,44024,0.046622,0.05,1,2802475,2802013,462
196773881,30.0832,32.5859,453,44072,0.0366488,0.05,1,2802502,2802049,453
196776801,23.4333,31.0344,442,44120,0.0206595,0.03,1,2802521,2802079,442
196779721,21.9733,25.0137,442,44168,0.0142638,0.05,1,2802542,2802100,442
196782641,45.3893,21.4055,484,44216,0.0717055,0.05,1,2802603,2802119,484
196785561,33.7557,45.7622,448,44264,0.0286822,0.01,1,2802629,2802181,448
196788481,29.7023,33.9049,449,44312,0.0294729,0.07,1,2802656,2802207,449
196791401,29.8809,29.762,452,44360,0.0417892,0.01,1,2802686,2802234,452
196794321,32.3524,29.9048,456,44408,0.0587157,0.13,1,2802720,2802264,456
196797241,23.7409,29.3619,445,44456,0.0654863,0.09,1,2802738,2802293,445
196800161,10.6964,23.7448,427,44503,0.0681945,0.11,1,2802740,2802313,427
196814761,33.6001,34.7081,423,44738,0.0883751,0.03,1,2802898,2802475,423
196817681,29.64,30.0832,423,44785,0.06535,0.01,1,2802925,2802502,423
196820601,22.656,23.4333,422,44832,0.05614,0.01,1,2802943,2802521,422
196823521,22.2624,21.9733,423,44879,0.040456,0.11,1,2802965,2802542,423
196826441,46.705,45.3893,425,44926,0.0461824,0,1,2803028,2802603,425
196829361,33.082,33.7557,423,44973,0.036473,0.03,1,2803052,2802629,423
196832281,29.4328,29.7023,423,45020,0.0205892,0.05,1,2803079,2802656,423
196835201,29.7731,29.8809,423,45067,0.0502357,0.07,1,2803109,2802686,423
196838121,33.5092,32.3524,425,45114,0.0980943,0.07,1,2803145,2802720,425
196855641,26.1794,27.0002,426,45396,0.210997,0.07,1,2803286,2802860,426
196858561,32.0717,33.6001,424,45442,0.222399,0.05,1,2803322,2802898,424
196861481,27.8287,29.64,422,45488,0.21496,0.05,1,2803347,2802925,422
196864401,21.9315,22.656,422,45534,0.211984,0.03,1,2803365,2802943,422
196870241,47.789,46.705,424,45626,0.0831174,0.03,1,2803452,2803028,424
196873161,32.3156,33.082,422,45672,0.051247,0.01,1,2803474,2803052,422
196876081,30.3262,29.4328,424,45718,0.0384988,0.07,1,2803503,2803079,424
196879001,30.7305,29.7731,425,45764,0.0213995,0.13,1,2803534,2803109,425
196881921,35.0922,33.5092,427,45810,0.0385598,0.15,1,2803572,2803145,427
196884841,24.8369,24.2037,427,45856,0.0454239,0.11,1,2803590,2803163,427
196887761,11.1348,10.8815,427,45902,0.0721696,0.11,1,2803592,2803165,427
196890681,27.2539,26.5526,428,45948,0.0948678,0.11,1,2803630,2803202,428
196893601,29.5016,10.621,459,45994,0.0679471,0.21,1,2803661,2803202,459
196896521,30.4006,22.2484,460,46040,0.0571789,0.19,1,2803692,2803232,460
196899441,26.5602,26.8994,454,46086,0.0528715,0.23,1,2803716,2803262,454
196902361,33.4241,25.1597,468,46132,0.0511486,0.23,1,2803754,2803286,468
196905281,26.5696,31.6639,454,46178,0.0504594,0.21,1,2803776,2803322,454
196908201,21.4279,27.6656,447,46224,0.0621838,0.21,1,2803794,2803347,447
196911121,19.3711,21.8662,447,46270,0.0668735,0.13,1,2803812,2803365,447
196914041,44.9485,21.9465,487,46316,0.0927494,0.03,1,2803874,2803387,487
196919881,30.2318,32.3114,451,46407,0.0520399,0.03,1,2803925,2803474,451
196922801,30.0927,30.3246,452,46452,0.050816,0.01,1,2803955,2803503,452
196925721,36.0371,30.7298,461,46497,0.0503264,0.05,1,2803995,2803534,461
196928641,25.2148,35.0919,441,46542,0.0741306,0.05,1,2804013,2803572,441
196931561,11.2859,24.8368,425,46587,0.0836522,0.09,1,2804015,2803590,425
196934481,27.9144,11.1347,462,46632,0.0874609,0.11,1,2804054,2803592,462
196952001,22.0244,26.5696,442,46902,0.203016,0.07,1,2804218,2803776,442
196954921,19.6098,21.4279,442,46947,0.207206,0.07,1,2804236,2803794,442
196957841,46.2439,19.3711,488,46992,0.208883,0.11,1,2804300,2803812,488
196960761,29.2976,44.9485,444,47037,0.209553,0.13,1,2804318,2803874,444
196963681,29.119,30.5794,452,47082,0.221821,0.01,1,2804347,2803895,452
196972441,26.0796,36.0371,443,47217,0.209317,0.09,1,2804438,2803995,443
196975361,11.6318,25.2148,427,47262,0.221727,0.09,1,2804440,2804013,427
196978281,29.2527,11.2859,466,47307,0.238691,0.09,1,2804481,2804015,466
196981201,29.7011,27.9144,457,47352,0.245476,0.13,1,2804511,2804054,457
196984121,13.0804,29.1657,429,47397,0.248191,0.17,1,2804513,2804084,429
196987041,24.4322,30.2663,430,47441,0.273276,0.17,1,2804545,2804115,430
196989961,24.1729,26.5065,430,47485,0.27131,0.17,1,2804569,2804139,430
196992881,33.0691,33.4026,431,47529,0.294524,0.21,1,2804608,2804177,431
197016241,37.5638,36.699,432,47881,0.422677,0.23,1,2804851,2804419,432
197019161,27.0255,26.0796,433,47925,0.439071,0.23,1,2804871,2804438,433
197022081,12.0102,11.6318,433,47969,0.421628,0.25,1,2804873,2804440,433
197068801,12.1247,12.0102,442,48668,0.773659,0.49,2,2805315,2804873,442
197071721,31.8499,30.0041,445,48711,0.771464,0.51,2,2805360,2804915,445
197074641,32.54,30.0016,448,48754,0.782585,0.47,2,2805393,2804945,448
197077561,14.216,13.2007,448,48797,0.763034,0.53,2,2805395,2804947,448
197080481,25.4864,24.4803,449,48840,0.779214,0.53,2,2805428,2804979,449
197083401,25.7946,9.7921,475,48883,0.785685,0.61,2,2805454,2804979,475
197086321,34.3178,19.5168,489,48926,0.800274,0.57,2,2805494,2805005,489
197089241,28.7271,31.8067,474,48969,0.79411,0.61,2,2805519,2805045,474
197092161,24.0909,27.1227,471,49012,0.791644,0.65,2,2805540,2805069,471
197095081,20.4363,22.8491,469,49055,0.790658,0.61,2,2805558,2805089,469
197098001,48.9745,19.9396,519,49098,0.790263,0.65,2,2805626,2805107,519
197100921,30.3898,46.9759,472,49141,0.790105,0.67,2,2805644,2805172,472
197103841,30.1559,29.5903,484,49184,0.802042,0.69,2,2805674,2805190,484
197106761,30.6624,29.2361,486,49227,0.806817,0.69,2,2805705,2805219,486
197109681,39.8649,29.6945,502,49270,0.832727,0.79,2,2805751,2805249,502
197112601,27.946,38.2778,478,49313,0.843091,0.75,2,2805771,2805293,478
197115521,12.3784,27.3111,460,49356,0.859236,0.79,2,2805773,2805313,460
197118441,32.5514,12.1244,504,49399,0.865695,0.77,2,2805819,2805315,504
197121361,31.0205,31.8498,489,49442,0.868278,0.79,2,2805849,2805360,489
197124281,13.6082,32.5399,458,49485,0.869311,0.75,2,2805851,2805393,458
197127201,27.6433,14.216,493,49528,0.869724,0.79,2,2805888,2805395,493
197130121,26.6573,25.4864,486,49571,0.89389,0.79,2,2805914,2805428,486
197328681,25.1133,29.2822,511,52380,0.874954,1,2,2807855,2807344,511
197331601,24.4453,31.5129,502,52420,0.787982,1,2,2807879,2807377,502
197343281,26.037,30.1059,508,52580,0.425244,1,1,2807991,2807483,508
197346201,32.6148,29.4424,516,52620,0.284098,1,1,2808028,2807512,516
197352041,27.1784,27.6308,518,52700,0.0478556,1,1,2808082,2807564,518
197354961,25.8713,28.4523,514,52740,0.0191423,1,1,2808107,2807593,514
197357881,29.5485,36.5809,504,52780,0.0076569,1,1,2808139,2807635,504
197360801,31.6194,32.0324,508,52820,0.0330628,1,1,2808172,2807664,508
197363721,31.8478,30.8129,510,52860,0.0312251,0.96,1,2808204,2807694,510
197366641,22.3391,29.1252,498,52900,0.04249,1,1,2808220,2807722,498
197369561,22.7356,26.0501,497,52940,0.022996,1,1,2808243,2807746,497
197372481,29.4943,26.02,505,52980,0.0271984,1,1,2808277,2807772,505
197375401,26.1977,30.208,496,53020,0.0168794,0.93,1,2808301,2807805,496
197378321,19.4791,28.2832,484,53060,0.0247517,0.82,1,2808316,2807832,484
197381241,19.1916,25.1133,480,53100,0.0099007,0.73,1,2808335,2807855,480
197384161,26.2767,24.4453,487,53140,0.0579603,0.63,1,2808366,2807879,487
197387081,21.9107,29.5781,473,53180,0.0651841,0.53,1,2808385,2807912,473
197390001,18.3643,29.2313,460,53220,0.0680736,0.45,1,2808401,2807941,460
197392921,8.54571,26.0925,438,53260,0.0692295,0.37,1,2808403,2807965,438
197404601,24.8908,27.1784,425,53417,0.0824603,0,1,2808507,2808082,425
197407521,24.9563,25.8713,425,53456,0.0629841,0,1,2808532,2808107,425
197410441,29.7825,29.5485,426,53495,0.0431936,0.05,1,2808565,2808139,426
197413361,31.113,31.6194,425,53534,0.0352775,0.03,1,2808597,2808172,425
197416281,30.4452,31.8478,423,53573,0.020111,0.05,1,2808627,2808204,423
197419201,22.9781,22.3391,425,53612,0.0500444,0.01,1,2808645,2808220,425
197422121,22.9912,22.7356,425,53651,0.0200178,0.03,1,2808668,2808243,425
197425041,28.3965,29.4943,423,53690,0.0380071,0.01,1,2808700,2808277,423
197427961,25.1586,26.1977,422,53729,0.0692028,0.03,1,2808723,2808301,422
197430881,19.0634,19.4791,422,53768,0.0696811,0,1,2808738,2808316,422
197433801,19.6254,19.1916,423,53807,0.0698725,0.09,1,2808758,2808335,423
197436721,27.0502,26.2767,424,53846,0.069949,0.07,1,2808790,2808366,424
197439641,22.2201,21.9107,424,53885,0.0819796,0.07,1,2808809,2808385,424
197445481,9.79521,8.54571,429,53963,0.0983167,0.17,1,2808832,2808403,429
197448401,18.3181,18.4183,428,54002,0.0933267,0.11,1,2808856,2808428,428
197463001,30.0205,29.7825,425,54197,0.0458645,0.03,1,2808990,2808565,425
197465921,29.4082,31.113,422,54236,0.0483458,0.01,1,2809019,2808597,422
197468841,31.5633,30.4452,425,54275,0.0373383,0.07,1,2809052,2808627,425
197471761,22.2253,22.9781,423,54314,0.0689353,0,1,2809068,2808645,423
197474681,22.0901,22.9912,422,54353,0.0335741,0.05,1,2809090,2808668,422
197477601,28.0361,28.3965,422,54392,0.0314297,0.09,1,2809122,2808700,422
197480521,26.2144,25.1586,424,54431,0.0545719,0.07,1,2809147,2808723,424
197483441,19.4858,19.0634,424,54470,0.0878287,0.07,1,2809162,2808738,424
197518481,27.9025,29.908,450,54931,0.0761016,0.05,1,2809440,2808990,450
197521401,32.161,29.3632,456,54969,0.0364407,0.03,1,2809475,2809019,456
197524321,22.4644,31.5453,439,55007,0.0325763,0.09,1,2809491,2809052,439
197527241,21.5858,22.2181,444,55045,0.0190305,0.01,1,2809512,2809068,444
197530161,27.8343,22.0872,454,55083,0.0256122,0.03,1,2809544,2809090,454
197533081,27.9337,28.0349,450,55121,0.0162449,0.07,1,2809572,2809122,450
197536001,20.7735,26.214,441,55159,0.024498,0.11,1,2809588,2809147,441
197538921,20.9094,19.4856,447,55197,0.0517992,0.19,1,2809609,2809162,447
197541841,27.5638,19.1942,460,55235,0.0747197,0.17,1,2809641,2809181,460
197544761,23.0255,27.4777,447,55273,0.0838879,0.13,1,2809661,2809214,447
197547681,21.2102,24.1911,445,55311,0.0995551,0.09,1,2809681,2809236,445
197611921,24.351,26.9895,450,56146,0.213094,0.13,1,2810191,2809741,450
197614841,10.9404,24.5958,429,56183,0.223238,0.13,1,2810193,2809764,429
197617761,17.5762,23.6383,428,56220,0.251295,0.13,1,2810215,2809787,428
197620681,20.8305,22.6553,429,56257,0.250518,0.15,1,2810238,2809809,429
197623601,23.9322,24.6621,429,56294,0.250207,0.15,1,2810264,2809835,429
197626521,26.3729,26.6649,429,56331,0.262083,0.17,1,2810292,2809863,429
197649881,28.4158,28.498,427,56627,0.411111,0.15,1,2810493,2810066,427
197652801,24.5663,23.3992,429,56664,0.434444,0.13,1,2810515,2810086,429
197711201,25.3126,22.4265,447,57404,0.762642,0.51,2,2810983,2810536,447
197714121,11.3251,10.1706,447,57441,0.755057,0.55,2,2810985,2810538,447
197717041,21.33,20.8682,447,57478,0.788023,0.51,2,2811013,2810566,447
197719961,30.132,29.3473,448,57515,0.801209,0.55,2,2811049,2810601,448
197722881,26.4528,25.5389,449,57552,0.794484,0.55,2,2811073,2810624,449
197725801,11.7811,11.4156,449,57589,0.791793,0.55,2,2811075,2810626,449
197728721,17.9124,17.7662,449,57626,0.790717,0.55,2,2811097,2810648,449
197731641,21.565,7.10649,473,57662,0.790287,0.61,2,2811121,2810648,473
197734561,24.826,17.2426,476,57698,0.814115,0.57,2,2811148,2810672,476
197737481,30.3304,22.497,484,57734,0.811646,0.65,2,2811182,2810698,484
197740401,33.7322,27.5988,489,57770,0.810658,0.69,2,2811218,2810729,489
197743321,23.6929,32.6395,470,57806,0.834263,0.69,2,2811235,2810765,470
197746241,21.4771,22.6558,474,57842,0.819705,0.67,2,2811255,2810781,474
197749161,27.7909,21.0623,486,57878,0.825882,0.67,2,2811287,2810801,486
197752081,26.7163,27.6249,480,57914,0.828353,0.71,2,2811313,2810833,480
197755001,22.0865,26.65,473,57950,0.817341,0.71,2,2811332,2810859,473
197757921,22.0346,21.46,477,57986,0.812936,0.71,2,2811354,2810877,477
197760841,31.0138,22.384,491,58022,0.799175,0.71,2,2811391,2810900,491
197763761,26.8055,29.9536,480,58058,0.79367,0.73,2,2811415,2810935,480
197766681,26.9222,25.7814,484,58094,0.803468,0.79,2,2811442,2810958,484
197769601,11.9689,25.3126,461,58130,0.807387,0.75,2,2811444,2810983,461
197772521,22.7876,11.325,489,58166,0.796955,0.81,2,2811474,2810985,489
197775441,29.515,21.33,495,58202,0.828782,0.81,2,2811508,2811013,495
197778361,26.806,30.132,484,58238,0.829513,0.79,2,2811533,2811049,484
197781281,11.9224,26.4528,462,58274,0.829805,0.79,2,2811535,2811073,462
197784201,17.969,11.7811,482,58310,0.841922,0.79,2,2811557,2811075,482
197787121,21.5876,17.9124,484,58346,0.858769,0.79,2,2811581,2811097,484
197790041,24.835,21.565,487,58382,0.889508,0.83,2,2811608,2811121,487
197795881,34.5736,30.3304,498,58454,0.894721,0.81,2,2811680,2811182,498
197798801,23.4294,33.7322,478,58490,0.891888,0.85,2,2811696,2811218,478
197804641,28.3487,21.4771,494,58562,0.895102,0.83,2,2811749,2811255,494
197807561,26.9395,27.7909,488,58598,0.892041,0.83,2,2811775,2811287,488
197830921,31.1496,22.7876,497,58886,0.897988,0.85,2,2811971,2811474,497
197979841,344.51,346.544,511,27740,0.766,1,2,2813653,2813142,511
198074741,44.2964,53.7105,482,29421,0.780597,0.53,2,2814500,2814018,482
198077661,37.5186,43.6842,478,29493,0.834239,0.57,2,2814533,2814055,478
198080581,25.8074,36.0737,465,29565,0.831695,0.57,2,2814551,2814086,465
198083501,34.923,24.6295,489,29637,0.866678,0.59,2,2814592,2814103,489
198182781,61.2177,35.2717,556,31974,0.803248,1,2,2816243,2815687,556
198235341,62.2488,62.0415,448,33144,0.758485,0.55,2,2817016,2816568,448
198238261,44.0995,43.4166,449,33208,0.789394,0.59,2,2817048,2816599,449
198241181,36.2398,34.7666,451,33272,0.813758,0.67,2,2817079,2816628,451
198244101,57.0959,55.3067,453,33336,0.847503,0.65,2,2817150,2816697,453
198247021,45.6384,44.3227,454,33399,0.897001,0.69,2,2817188,2816734,454
198416381,53.0787,60.6043,480,36889,0.860763,1,2,2819628,2819148,480
198439741,40.3566,43.3025,510,37345,0.088157,0.94,1,2819892,2819382,510
198442661,38.9426,37.121,515,37402,0.0652628,0.97,1,2819930,2819415,515
198445581,54.5771,40.6484,537,37458,0.0321051,0.91,1,2819995,2819458,537
198448501,46.4308,57.0594,510,37514,0.0548421,0.99,1,2820036,2819526,510
198451421,48.5723,51.6237,512,37570,0.0399368,0.79,1,2820086,2819574,512
198454341,44.0289,53.0495,499,37626,0.0459747,0.61,1,2820127,2819628,499
198457261,34.4116,50.6198,478,37682,0.0603899,0.55,1,2820155,2819677,478
198460181,26.9646,39.4479,468,37738,0.078156,0.45,1,2820177,2819709,468
198463101,26.9859,31.9792,468,37794,0.0732624,0.43,1,2820204,2819736,468
198466021,18.5943,28.9917,454,37850,0.0833049,0.33,1,2820217,2819763,454
198468941,17.0377,24.1967,449,37906,0.099322,0.25,1,2820233,2819784,449
198474781,39.446,36.3915,468,38018,0.0650915,0.03,1,2820317,2819849,468
198477701,38.5784,40.3566,463,38074,0.0440366,0.05,1,2820355,2819892,463
198480621,52.6314,38.9426,487,38129,0.0476146,0.01,1,2820417,2819930,487
198483541,47.4525,54.5771,466,38184,0.0850459,0.07,1,2820461,2819995,466
198509821,27.84,29.6151,431,38679,0.201354,0.03,1,2820702,2820271,431
198512741,35.736,39.446,426,38734,0.218541,0.03,1,2820743,2820317,426
198515661,36.4944,38.5784,425,38789,0.213417,0.05,1,2820780,2820355,425
198518581,52.9978,52.6314,427,38843,0.211367,0.11,1,2820844,2820417,427
198521501,47.5991,47.4525,427,38897,0.210547,0.11,1,2820888,2820461,427
198524421,48.4396,48.381,427,38951,0.234219,0.13,1,2820937,2820510,427
198527341,43.9759,43.3524,428,39005,0.279687,0.15,1,2820978,2820550,428
198530261,36.7903,35.941,429,39059,0.285875,0.17,1,2821010,2820581,429
198553621,35.7581,36.4944,430,39491,0.407297,0.21,1,2821210,2820780,430
198559461,49.2813,47.5991,433,39597,0.440768,0.25,1,2821321,2820888,433
198562381,49.7125,48.4396,434,39650,0.446307,0.31,1,2821371,2820937,434
198644141,39.5553,46.6658,485,41115,0.770247,0.59,2,2822343,2821858,485
198647061,27.8221,39.6663,470,41166,0.794099,0.59,2,2822363,2821893,470
198649981,30.9288,27.8665,483,41217,0.85164,0.61,2,2822396,2821913,483
198652901,20.7715,29.1466,467,41268,0.874656,0.65,2,2822410,2821943,467
198655821,18.5086,20.0586,470,41319,0.871862,0.65,2,2822427,2821957,470
198658741,8.60345,17.6235,456,41370,0.894745,0.65,2,2822429,2821973,456
198845621,37.204,46.5153,490,44518,0.867976,1,2,2824626,2824136,490
198857301,36.266,33.1636,499,44706,0.88598,1,2,2824793,2824294,499
198860221,34.3064,27.6654,508,44753,0.888392,1,2,2824826,2824318,508
198863141,26.3226,32.0662,494,44800,0.853357,0.94,2,2824847,2824353,494
198866061,26.129,29.6265,492,44847,0.779343,1,2,2824873,2824381,492
198874821,29.5363,33.8641,504,44988,0.779718,1,2,2824975,2824471,504
198877741,17.2145,30.3456,485,45035,0.785887,1,2,2824984,2824499,485
198880661,24.8858,25.9383,492,45082,0.800355,1,2,2825014,2824522,492
198883581,30.3543,27.7753,497,45129,0.806142,1,2,2825048,2824551,497
198886501,21.1417,31.5101,478,45176,0.844457,0.78,2,2825063,2824585,478
198889421,31.2567,37.204,475,45223,0.823783,0.95,2,2825101,2824626,475
198892341,43.1027,50.2816,467,45270,0.851513,0.93,2,2825152,2824685,467
198895261,37.0411,39.9126,467,45317,0.850605,0.95,2,2825185,2824718,467
198898181,38.8164,41.1651,465,45364,0.850242,0.85,2,2825225,2824760,465
198901101,32.9266,36.266,461,45410,0.862097,0.89,2,2825254,2824793,461
198904021,32.9706,34.3064,461,45456,0.854839,0.83,2,2825287,2824826,461
198906941,26.3883,26.3226,462,45502,0.875935,0.73,2,2825309,2824847,462
198909861,23.7553,26.129,458,45548,0.872374,0.69,2,2825331,2824873,458
198912781,32.9021,33.8516,458,45594,0.85895,0.69,2,2825370,2824912,458
199171201,337.331,356.058,503,21900,0.43,0.07,1,2828253,2827750,503
199198941,163.413,173.369,444,22724,0.0892,0.11,1,2828649,2828205,444
199201861,84.5652,89.1477,443,22817,0.06568,0.07,1,2828681,2828238,443
199204781,66.2261,59.6591,457,22910,0.056272,0.03,1,2828735,2828278,457
199207701,65.4904,70.6636,444,23003,0.0525088,0.03,1,2828800,2828356,444
199210621,65.1962,58.8655,458,23095,0.0270035,0.01,1,2828865,2828407,458
199213541,69.2785,68.5462,455,23187,0.0768014,0.05,1,2828937,2828482,455
199219381,75.8846,65.2074,463,23369,0.0902882,0.03,1,2829072,2828609,463
199222301,49.5538,50.083,455,23460,0.0661153,0.05,1,2829104,2828649,455
199225221,51.6215,39.2332,476,23550,0.0444461,0.05,1,2829157,2828681,476
199228141,60.2486,48.0933,488,23640,0.0357784,0.05,1,2829223,2828735,488
199231061,63.0994,58.2373,488,23730,0.0323114,0.01,1,2829288,2828800,488
199233981,69.0398,62.2949,496,23819,0.0309246,0.11,1,2829361,2828865,496
199236901,56.4159,68.118,472,23908,0.0543698,0.15,1,2829409,2828937,472
199239821,23.7664,54.2472,429,23997,0.0637479,0.07,1,2829411,2828982,429
199245661,43.6426,49.4795,425,24173,0.0953997,0.03,1,2829529,2829104,425
199266101,62.9614,61.1064,428,24780,0.225804,0.09,1,2829925,2829497,428
199269021,43.1845,43.6426,426,24866,0.240322,0.15,1,2829955,2829529,426
199271941,49.6738,49.257,427,24951,0.294129,0.19,1,2830009,2829582,427
199280701,69.5151,69.8964,428,25205,0.296024,0.13,1,2830214,2829786,428
199306981,57.7821,69.1283,485,25952,0.401492,0.37,1,2830699,2830214,485
199309901,24.3129,56.4513,439,26034,0.406597,0.37,1,2830701,2830262,439
199339101,47.8516,66.1251,479,26836,0.752982,0.55,2,2831274,2830795,479
199342021,53.3407,45.05,505,26915,0.787193,0.57,2,2831331,2830826,505
199344941,22.5363,51.62,451,26994,0.800877,0.63,2,2831333,2830882,451
199347861,49.8145,60.248,453,27072,0.830351,0.65,2,2831401,2830948,453
199350781,60.1258,63.6992,454,27150,0.83014,0.65,2,2831468,2831014,454
199353701,69.6503,71.0797,454,27228,0.890056,0.65,2,2831544,2831090,454
199482181,43.1086,42.2257,491,30461,0.8692,1,2,2833770,2833279,491
199485101,58.6434,61.8903,485,30530,0.80968,1,2,2833839,2833354,485
199502621,49.5377,53.6961,477,30944,0.258686,0.95,1,2834118,2833641,477
199514301,53.2042,58.6434,460,31216,0.0619664,0.65,1,2834299,2833839,460
199517221,37.4817,40.8574,458,31284,0.0547865,0.65,1,2834326,2833868,458
199520141,39.5927,16.3429,499,31352,0.0279146,0.65,1,2834367,2833868,499
199523061,45.8371,37.1372,498,31419,0.0291658,0.53,1,2834417,2833919,498
199525981,35.7348,47.8549,472,31486,0.0296663,0.39,1,2834446,2833974,472
199528901,49.6939,39.5419,497,31553,0.0298665,0.29,1,2834505,2834008,497
199531821,43.8776,54.2168,473,31620,0.0299466,0.19,1,2834545,2834072,473
199534741,43.351,49.2867,470,31687,0.0299786,0.11,1,2834588,2834118,470
199537661,36.5404,46.7147,457,31754,0.0659915,0.07,1,2834620,2834163,457
199540581,39.8162,38.4859,466,31821,0.0683966,0.11,1,2834662,2834196,466
199543501,50.7265,39.9943,483,31887,0.0933586,0.03,1,2834720,2834237,483
199546421,36.4906,53.1977,448,31953,0.0793435,0.05,1,2834747,2834299,448
199549341,39.7962,37.4791,463,32019,0.0857374,0.01,1,2834789,2834326,463
199552261,46.5185,39.5916,473,32085,0.076295,0.03,1,2834840,2834367,473
199555181,36.6074,45.8367,453,32151,0.048518,0.03,1,2834870,2834417,453
199558101,48.843,35.7347,481,32217,0.0734072,0.03,1,2834927,2834446,481
199561021,44.7372,49.6939,464,32283,0.0833629,0.03,1,2834969,2834505,464
199563941,43.6949,43.8775,467,32349,0.0873452,0.03,1,2835012,2834545,467
199566861,37.2779,43.351,457,32414,0.0889381,0.09,1,2835045,2834588,457
199581461,45.2387,39.7962,473,32739,0.241688,0.07,1,2835262,2834789,473
199584381,19.2955,46.5185,424,32804,0.258675,0.03,1,2835264,2834840,424
199587301,26.3182,36.6074,425,32868,0.27747,0.09,1,2835295,2834870,425
199590221,45.3273,48.843,426,32932,0.284988,0.09,1,2835353,2834927,426
199593141,43.3309,44.7372,426,32996,0.287995,0.09,1,2835395,2834969,426
199596061,43.7324,43.6949,427,33060,0.289198,0.09,1,2835439,2835012,427
199598981,36.6929,37.2779,426,33124,0.277679,0.11,1,2835471,2835045,426
199601901,39.8772,39.5112,427,33188,0.297072,0.17,1,2835513,2835086,427
199616501,20.1421,19.2955,435,33505,0.428312,0.29,1,2835699,2835264,435
199619421,26.0568,26.3182,434,33568,0.417325,0.29,1,2835729,2835295,434
199622341,45.2227,45.3273,434,33631,0.44893,0.29,1,2835787,2835353,434
199689501,44.0244,47.1003,492,35050,0.767886,0.57,2,2836724,2836232,492
199692421,44.0098,44.6401,493,35110,0.793154,0.55,2,2836768,2836275,493
199695341,38.0039,44.8561,482,35170,0.815262,0.55,2,2836802,2836320,482
199698261,42.2016,38.3424,493,35230,0.824105,0.59,2,2836847,2836354,493
199701181,57.6806,41.137,518,35290,0.851642,0.61,2,2836915,2836397,518
199704101,42.8723,56.6548,484,35350,0.850657,0.61,2,2836948,2836464,484
199707021,41.1489,42.4619,491,35410,0.874263,0.63,2,2836988,2836497,491
199835501,41.1083,32.6851,519,37947,0.823502,1,2,2838696,2838177,519
199838421,32.0433,34.0741,510,38003,0.767401,1,2,2838722,2838212,510
199850101,59.9851,39.0803,542,38225,0.415501,1,1,2838942,2838400,542
199858861,33.311,37.4211,507,38390,0.291792,0.95,1,2839039,2838532,507
199861781,23.5244,34.1685,492,38445,0.266717,0.98,1,2839056,2838564,492
199864701,24.4098,28.0674,493,38500,0.244687,0.89,1,2839081,2838588,493
199867621,27.1639,27.427,495,38555,0.271875,0.89,1,2839110,2838615,495
199870541,36.6656,30.7708,505,38610,0.28275,0.77,1,2839153,2838648,505
199873461,15.8662,41.1083,459,38665,0.2871,0.73,1,2839155,2838696,459
199890981,41.2106,46.194,433,38991,0.424711,0.29,1,2839412,2838979,433
199893901,35.6842,35.2776,437,39045,0.415884,0.27,1,2839444,2839007,437
199896821,31.0737,33.311,433,39099,0.436354,0.25,1,2839472,2839039,433
199946461,36.9731,37.5587,444,40007,0.769528,0.45,2,2840033,2839589,444
199949381,15.9892,16.2235,444,40060,0.757811,0.45,2,2840035,2839591,444
199987341,16.4105,36.9729,460,40739,0.759682,0.75,2,2840493,2840033,460
199990261,25.7642,15.9892,490,40791,0.777873,0.71,2,2840525,2840035,490
199993181,58.9057,26.7957,537,40843,0.833149,0.71,2,2840606,2840069,537
199996101,35.5623,59.3183,476,40895,0.86726,0.69,2,2840626,2840150,476
199999021,32.2249,36.3273,485,40947,0.880904,0.69,2,2840656,2840171,485
200162541,30.2127,35.0166,509,43739,0.285424,1,1,2842608,2842099,509
200165461,29.4851,29.6066,512,43787,0.20417,1,1,2842637,2842125,512
200171301,29.3176,29.5771,520,43883,0.0890671,1,1,2842699,2842179,520
200174221,30.327,33.4308,515,43931,0.0416268,1,1,2842730,2842215,515
200177141,28.9308,33.1723,510,43979,0.0166507,1,1,2842758,2842248,510
200180061,31.3723,30.0689,515,44027,0.0246603,1,1,2842791,2842276,515
200182981,28.1489,30.6276,510,44075,0.0278641,1,1,2842817,2842307,510
200185901,33.4596,31.451,515,44123,0.0291456,1,1,2842854,2842339,515
200188821,26.5838,35.3804,499,44171,0.0116583,1,1,2842876,2842377,499
200191741,23.2335,28.5522,496,44219,0.0106633,1,1,2842897,2842401,496
200194661,53.6934,27.6209,543,44267,0.0342653,0.51,1,2842971,2842428,543
200197581,33.4774,67.4483,469,44315,0.0197061,0.39,1,2842991,2842522,469
200200501,27.1909,45.5793,461,44363,0.0618825,0.27,1,2843014,2842553,461
200203421,24.6764,35.0317,456,44411,0.066753,0.23,1,2843037,2842581,456
200206341,23.6706,30.2127,452,44458,0.0807012,0.15,1,2843060,2842608,452
200209261,10.6682,29.4851,425,44505,0.0862805,0.11,1,2843062,2842637,425
200215101,25.5869,29.3176,422,44599,0.0750049,0.01,1,2843121,2842699,422
200218021,28.8348,30.327,422,44646,0.0600019,0,1,2843152,2842730,422
200220941,30.7339,28.9308,426,44693,0.0420008,0.03,1,2843184,2842758,426
200223861,30.8936,31.3723,424,44740,0.0828003,0.03,1,2843215,2842791,424
200226781,27.9574,28.1489,424,44787,0.0511201,0.03,1,2843241,2842817,424
200229701,33.383,33.4596,424,44834,0.026448,0,1,2843278,2842854,424
200232621,27.1532,26.5838,425,44881,0.0405792,0.01,1,2843301,2842876,425
200235541,22.2613,23.2335,423,44928,0.0582317,0.05,1,2843320,2842897,423
200238461,52.7045,53.6934,422,44975,0.0292927,0.01,1,2843393,2842971,422
200241381,35.4818,33.4774,426,45022,0.0177171,0.09,1,2843417,2842991,426
200244301,27.9927,27.1909,426,45069,0.00708683,0.07,1,2843440,2843014,426
200247221,24.3971,24.6764,425,45116,0.0328347,0.09,1,2843462,2843037,425
200250141,24.1588,23.6706,426,45163,0.0551339,0.09,1,2843486,2843060,426
200253061,10.8635,10.6682,426,45210,0.0400536,0.13,1,2843488,2843062,426
200255981,24.7454,23.4673,428,45257,0.0700214,0.05,1,2843522,2843094,428
200258901,22.4982,25.5869,422,45304,0.0820086,0.05,1,2843543,2843121,422
200261821,27.5993,28.8348,422,45351,0.0508034,0.03,1,2843574,2843152,422
200264741,30.2397,30.7339,422,45398,0.0383214,0.11,1,2843606,2843184,422
200267661,31.2959,30.8936,423,45444,0.0213285,0.03,1,2843638,2843215,423
200270581,27.5184,27.9574,422,45490,0.0145314,0.01,1,2843663,2843241,422
200273501,33.8073,33.383,423,45536,0.00581257,0.05,1,2843701,2843278,423
200276421,26.7229,27.1532,422,45582,0.032325,0.07,1,2843723,2843301,422
200279341,22.6892,22.2613,423,45628,0.04293,0.01,1,2843743,2843320,423
200288101,27.9241,27.9927,422,45766,0.0975475,0.05,1,2843862,2843440,422
200311461,30.8241,29.2895,453,46134,0.0649898,0.01,1,2844059,2843606,453
200314381,27.3296,30.9158,446,46180,0.0439959,0.01,1,2844084,2843638,446
200317301,34.9318,27.3663,461,46226,0.0235984,0,1,2844124,2843663,461
200320221,25.9727,33.7465,443,46272,0.0274393,0.05,1,2844144,2843701,443
200323141,22.3891,26.6986,441,46318,0.0409757,0.05,1,2844164,2843723,441
200326061,55.1556,22.6794,498,46364,0.0823903,0.15,1,2844241,2843743,498
200328981,36.4623,52.2718,450,46409,0.0989561,0.11,1,2844265,2843815,450
200378621,24.4471,27.7849,448,47174,0.209727,0.11,1,2844735,2844287,448
200381541,27.1788,24.314,455,47219,0.209891,0.11,1,2844764,2844309,455
200384461,12.0715,25.9256,430,47264,0.209956,0.15,1,2844766,2844336,430
200390301,22.8114,26.8281,448,47354,0.205193,0.15,1,2844823,2844375,448
200393221,10.3246,22.7312,430,47399,0.208077,0.19,1,2844825,2844395,430
200396141,22.1298,26.4925,431,47443,0.233231,0.21,1,2844855,2844424,431
200399061,25.0519,26.197,432,47487,0.267292,0.15,1,2844882,2844450,432
200401981,26.8208,29.0788,429,47531,0.292917,0.13,1,2844910,2844481,429
200404901,25.7283,26.6315,429,47575,0.291167,0.15,1,2844935,2844506,429
200425341,25.4651,24.4471,433,47883,0.419544,0.21,1,2845168,2844735,433
200428261,26.9861,27.1788,432,47927,0.413817,0.21,1,2845196,2844764,432
200431181,11.9944,12.0715,432,47971,0.411527,0.19,1,2845198,2844766,432
200434101,26.9978,27.0286,432,48015,0.422611,0.21,1,2845235,2844803,432
200437021,22.7991,22.8114,432,48059,0.427044,0.21,1,2845255,2844823,432
200439941,10.3196,10.3246,432,48103,0.404818,0.25,1,2845257,2844825,432
200442861,22.7279,22.1298,433,48147,0.419927,0.29,1,2845288,2844855,433
200445781,25.8911,25.0519,434,48191,0.437971,0.31,1,2845316,2844882,434
200448701,27.7565,26.8208,435,48235,0.445188,0.29,1,2845345,2844910,435
200545061,26.8068,28.1832,479,49657,0.772888,0.67,2,2846268,2845789,479
200547981,36.5227,25.6733,498,49699,0.795155,0.71,2,2846311,2845813,498
200550901,27.8091,35.4693,478,49741,0.804062,0.71,2,2846333,2845855,478
200553821,24.3236,27.3877,478,49783,0.807625,0.69,2,2846355,2845877,478
200556741,58.9295,24.7551,537,49825,0.85705,0.67,2,2846437,2845900,537
200559661,39.1718,59.702,480,49867,0.87682,0.67,2,2846463,2845983,480
200562581,30.6687,39.4808,479,49909,0.872728,0.65,2,2846488,2846009,479
200565501,29.0675,30.7923,482,49951,0.883091,0.67,2,2846516,2846034,482
200568421,28.427,27.9169,484,49993,0.887236,0.69,2,2846544,2846060,484
200571341,12.5708,28.5668,457,50035,0.888895,0.69,2,2846546,2846089,457
200785961,170.092,174.828,483,24178,0.256048,0.85,1,2848660,2848177,483
200791801,90.0948,72.3725,518,24353,0.0925677,0.27,1,2848787,2848269,518
200794721,70.2379,91.949,470,24440,0.0790271,0.05,1,2848844,2848374,470
200797641,60.4952,82.9796,447,24527,0.0496108,0.09,1,2848898,2848451,447
200800561,63.7981,61.9918,465,24613,0.0738443,0,1,2848964,2848499,465
200803481,41.7192,60.1967,433,24699,0.0295377,0.05,1,2848991,2848558,433
200806401,30.4877,37.8787,433,24785,0.0298151,0.11,1,2849014,2848581,433
200809321,54.7951,62.5515,425,24871,0.053926,0.09,1,2849085,2848660,425
200815161,71.6472,72.8882,425,25041,0.0962282,0.07,1,2849212,2848787,425
200826841,40.5366,41.2787,423,25378,0.0726874,0.03,1,2849414,2848991,423
200829761,30.0146,30.3115,423,25461,0.035075,0.03,1,2849437,2849014,423
200832681,57.0058,12.1246,498,25544,0.03203,0.07,1,2849512,2849014,498
200835601,45.6023,47.4498,465,25627,0.042812,0.19,1,2849550,2849085,465
200838521,70.4409,41.1799,515,25710,0.0951248,0.07,1,2849637,2849122,515
200841441,64.1764,70.472,485,25792,0.0920499,0.21,1,2849697,2849212,485
200867721,58.7845,64.1761,481,26522,0.238351,0.17,1,2850178,2849697,481
200870641,60.7138,56.8704,491,26602,0.269341,0.13,1,2850240,2849749,491
200873561,38.0855,61.1482,450,26682,0.293736,0.13,1,2850263,2849813,450
200891081,65.2246,65.9613,432,27154,0.439649,0.27,1,2850556,2850124,432
200937801,34.7324,34.1238,448,28376,0.754636,0.57,2,2851288,2850840,448
200940721,73.893,13.6495,548,28451,0.751854,0.61,2,2851388,2850840,548
200943641,69.1572,63.0598,518,28525,0.762742,0.69,2,2851454,2850936,518
200946561,64.8629,64.2239,515,28599,0.791097,0.73,2,2851516,2851001,515
200949481,64.3451,61.6896,519,28673,0.814439,0.73,2,2851580,2851061,519
200952401,40.7381,61.8758,482,28747,0.847776,0.73,2,2851605,2851123,482
200955321,29.4952,39.1503,480,28821,0.87311,0.75,2,2851627,2851147,480
200958241,56.1981,28.8601,532,28894,0.883244,0.73,2,2851701,2851169,532
200961161,23.6792,56.5441,459,28967,0.887298,0.73,2,2851703,2851244,459
200964081,34.6717,23.8176,499,29040,0.888919,0.77,2,2851745,2851246,499
200967001,74.4687,34.727,558,29113,0.877568,0.75,2,2851846,2851288,558
201069201,37.6198,39.6667,522,31557,0.8836,1,2,2853557,2853035,522
201072121,44.4479,29.6667,548,31624,0.82744,1,2,2853606,2853058,548
201075041,35.1792,49.6667,514,31691,0.792976,1,2,2853635,2853121,514
201104241,35.0151,44.4479,489,32353,0.768859,0.77,2,2854095,2853606,489
201107161,31.406,35.1792,489,32418,0.793544,0.71,2,2854124,2853635,489
201110081,53.9624,32.6717,527,32483,0.803418,0.63,2,2854193,2853666,527
201113001,72.585,56.2687,540,32548,0.819367,0.65,2,2854278,2853738,540
201115921,45.234,74.7075,480,32613,0.837747,0.69,2,2854305,2853825,480
201118841,43.8936,48.483,492,32678,0.869099,0.63,2,2854348,2853856,492
201238561,50.5786,32.674,543,35233,0.888688,1,2,2856075,2855532,543
201393321,49.7501,54.6375,526,38283,0.82648,1,2,2858247,2857721,526
201396241,39.7,51.255,510,38338,0.828592,1,2,2858280,2857770,510
201399161,32.68,38.502,508,38393,0.793437,1,2,2858308,2857800,508
201460481,42.0421,45.4095,447,39533,0.776218,0.49,2,2859026,2858579,447
201463401,38.4168,39.1638,448,39586,0.772487,0.57,2,2859062,2858614,448
201466321,46.5667,45.6655,450,39639,0.818995,0.59,2,2859114,2858664,450
201469241,47.4267,45.8662,452,39692,0.849598,0.59,2,2859162,2858710,452
201472161,36.9707,36.9465,451,39745,0.861839,0.63,2,2859192,2858741,451
201475081,30.3883,30.3786,451,39798,0.866736,0.61,2,2859218,2858767,451
201478001,30.7553,30.7514,451,39851,0.868694,0.65,2,2859249,2858798,451
201480921,30.3021,28.5006,454,39904,0.869478,0.61,2,2859279,2858825,454
201483841,28.3208,28.2002,453,39957,0.869791,0.65,2,2859306,2858853,453
201486761,25.7283,25.0801,454,40010,0.845916,0.67,2,2859330,2858876,454
201489681,14.4913,13.032,456,40063,0.848367,0.67,2,2859337,2858881,456
201492601,25.5965,5.21281,489,40116,0.813347,0.71,2,2859370,2858881,489
201495521,60.6386,21.8851,540,40169,0.859339,0.75,2,2859454,2858914,540
201507201,48.5587,46.4867,510,40378,0.882591,0.87,2,2859624,2859114,510
201510121,37.4235,47.3947,492,40430,0.875036,0.87,2,2859654,2859162,492
201513041,30.5694,36.9579,488,40482,0.872015,0.87,2,2859680,2859192,488
201515961,30.8278,30.3831,493,40534,0.894806,0.87,2,2859711,2859218,493
201659041,36.192,29.1979,515,43011,0.845824,1,2,2861423,2860908,515
201661961,29.4768,11.6791,540,43060,0.82433,1,2,2861448,2860908,540
201679481,34.1587,34.3164,514,43354,0.403372,1,1,2861665,2861151,514
201685321,29.4654,29.0106,516,43452,0.29614,1,1,2861726,2861210,516
201688241,23.7862,25.4042,513,43501,0.268456,1,1,2861746,2861233,513
201691161,27.5145,24.5617,519,43550,0.245382,0.86,1,2861776,2861257,519
201694081,39.8058,32.6247,529,43598,0.224153,1,1,2861824,2861295,529
201697001,35.7223,51.4499,498,43646,0.227661,0.93,1,2861857,2861359,498
201699921,32.2889,37.9799,499,43694,0.241064,0.78,1,2861887,2861388,499
201702841,23.7156,36.192,482,43742,0.246426,0.81,1,2861905,2861423,482
201705761,29.8862,29.4768,491,43790,0.23657,0.63,1,2861939,2861448,491
201708681,35.9545,34.5907,493,43838,0.244628,0.63,1,2861979,2861486,493
201711601,33.5818,39.6363,482,43886,0.247851,0.57,1,2862011,2861529,482
201714521,29.6327,36.8545,474,43934,0.213141,0.51,1,2862038,2861564,474
201717441,31.0531,32.7418,476,43982,0.223256,0.39,1,2862070,2861594,476
201720361,29.8212,35.8967,467,44030,0.215302,0.37,1,2862099,2861632,467
201723281,30.5285,34.1587,465,44078,0.248121,0.29,1,2862130,2861665,465
201726201,27.8114,34.6635,456,44126,0.273248,0.27,1,2862156,2861700,456
201729121,22.5246,29.4654,449,44174,0.283299,0.25,1,2862175,2861726,449
201752481,29.1822,35.9545,434,44555,0.40553,0.25,1,2862413,2861979,434
201755401,29.6729,33.5818,432,44602,0.444212,0.19,1,2862443,2862011,432
201805041,30.9343,30.1877,446,45400,0.782397,0.53,2,2862947,2862501,446
201807961,30.3737,30.0751,446,45446,0.774959,0.57,2,2862977,2862531,446
201810881,34.3495,33.03,448,45492,0.795984,0.57,2,2863014,2862566,448
201813801,29.3398,28.812,448,45538,0.804393,0.51,2,2863040,2862592,448
201816721,23.7359,24.1248,447,45584,0.783757,0.53,2,2863060,2862613,447
201819641,27.4944,27.0499,448,45630,0.787503,0.57,2,2863090,2862642,448
201822561,40.9977,40.82,448,45676,0.813001,0.59,2,2863140,2862692,448
201825481,39.7991,39.128,449,45722,0.8472,0.57,2,2863179,2862730,449
201828401,35.1196,33.6512,451,45768,0.83688,0.59,2,2863211,2862760,451
201831321,26.0479,25.4605,451,45814,0.808752,0.65,2,2863231,2862780,451
201834241,32.6191,30.5842,454,45860,0.809501,0.65,2,2863268,2862814,454
201837161,14.2477,13.4337,454,45906,0.8098,0.65,2,2863270,2862816,454
201840081,31.4991,5.37347,497,45952,0.79792,0.73,2,2863313,2862816,497
201843001,32.3996,26.7494,489,45998,0.829168,0.75,2,2863346,2862857,489
201845921,28.5598,29.2998,484,46044,0.841667,0.75,2,2863372,2862888,484
201848841,31.8239,27.3199,492,46090,0.870667,0.81,2,2863406,2862914,492
201851761,30.7296,30.728,489,46136,0.882267,0.77,2,2863436,2862947,489
201854681,34.4918,30.2912,496,46182,0.874907,0.81,2,2863473,2862977,496
201857601,29.3967,34.3165,485,46228,0.883963,0.81,2,2863499,2863014,485
201860521,23.7587,29.3266,479,46274,0.887585,0.77,2,2863519,2863040,479
201866361,42.0814,27.4923,512,46366,0.887214,0.83,2,2863602,2863090,512
201869281,40.2326,40.9969,501,46411,0.888885,0.87,2,2863641,2863140,501
201872201,34.093,39.7988,492,46456,0.889554,0.83,2,2863671,2863179,492
201875121,25.6372,35.1195,480,46501,0.889822,0.79,2,2863691,2863211,480
202083901,328.13,359.71,474,21900,0.873616,1,2,2865858,2865384,474
202086821,185.252,177.484,508,22724,0.847446,1,2,2865948,2865440,508
202089741,123.301,123.194,503,22817,0.824979,0.97,2,2866030,2865527,503
202092661,84.1203,93.0775,488,22910,0.815991,0.85,2,2866088,2865600,488
202095581,78.0481,76.831,496,23003,0.836397,0.85,2,2866162,2865666,496
202098501,67.2192,70.3324,490,23095,0.880559,0.83,2,2866222,2865732,490
202189021,58.7482,77.349,518,25788,0.826,1,2,2868118,2867600,518
202200701,62.3344,33.0313,560,26115,0.405386,1,1,2868339,2867779,560
202203621,48.9337,60.0125,522,26196,0.276154,1,1,2868379,2867857,522
202206541,68.1735,61.805,540,26277,0.236462,0.95,1,2868460,2867920,540
202229901,64.7311,48.9337,510,26915,0.209494,0.21,1,2868889,2868379,510
202232821,27.0924,68.1735,431,26994,0.233798,0.17,1,2868891,2868460,431
202235741,55.837,71.6694,432,27072,0.279519,0.11,1,2868966,2868534,432
202238661,46.3348,54.4678,429,27150,0.297808,0.19,1,2869006,2868577,429
202247421,30.3254,30.7979,428,27384,0.40906,0.21,1,2869129,2868701,428
202250341,59.5302,57.3192,432,27461,0.409624,0.13,1,2869208,2868776,432
202253261,43.6121,43.3277,431,27538,0.40985,0.25,1,2869241,2868810,431
202256181,66.6448,64.7311,434,27615,0.40994,0.25,1,2869323,2868889,434
202259101,27.8579,27.0924,434,27692,0.409976,0.31,1,2869325,2868891,434
202314581,61.3294,27.9169,535,29109,0.785373,0.65,2,2870302,2869767,535
202317501,49.1318,60.3668,494,29182,0.824149,0.67,2,2870343,2869849,494
202320421,65.8527,48.7467,530,29255,0.82766,0.63,2,2870420,2869890,530
202323341,41.3411,66.2987,477,29327,0.829064,0.63,2,2870445,2869968,477
202326261,33.9364,40.9195,482,29399,0.841626,0.65,2,2870474,2869992,482
202329181,60.9746,33.1678,533,29471,0.85865,0.73,2,2870553,2870020,533
202332101,47.1898,58.8671,495,29543,0.86546,0.77,2,2870591,2870096,495
202457661,63.5864,47.2041,546,32479,0.79528,1,2,2872674,2872128,546
202475181,24.9394,34.4832,494,32868,0.406778,1,1,2872871,2872377,494
202481021,38.1903,44.0373,488,32996,0.260684,0.98,1,2872970,2872482,488
202483941,54.8761,67.4149,471,33060,0.230274,0.93,1,2873036,2872565,471
202486861,40.5504,47.966,467,33124,0.21811,0.69,1,2873067,2872600,467
202516061,55.3599,54.8761,431,33757,0.233031,0.21,1,2873467,2873036,431
202518981,39.544,40.5504,429,33820,0.219213,0.17,1,2873496,2873067,429
202521901,51.8176,51.6202,430,33883,0.237685,0.15,1,2873556,2873126,430
202524821,41.727,43.4481,427,33945,0.269074,0.13,1,2873591,2873164,427
202527741,36.4908,36.5792,428,34007,0.24563,0.13,1,2873624,2873196,428
202530661,36.7963,36.8317,428,34069,0.248252,0.13,1,2873661,2873233,428
202533581,30.3185,30.3327,428,34131,0.297301,0.13,1,2873687,2873259,428
202562781,36.9444,36.4688,470,34746,0.41427,0.25,1,2874094,2873624,470
202565701,31.5778,36.7875,461,34807,0.435708,0.33,1,2874122,2873661,461
202621181,52.7322,54.0678,450,35943,0.792211,0.57,2,2874880,2874430,450
202624101,42.6929,43.2271,450,36002,0.838884,0.57,2,2874916,2874466,450
202627021,35.0772,35.2909,450,36061,0.857554,0.59,2,2874946,2874496,450
202629941,38.6309,38.1163,451,36120,0.853021,0.63,2,2874987,2874536,451
202632861,36.4523,33.8465,455,36179,0.851209,0.71,2,2875022,2874567,455
202635781,37.3809,35.1386,457,36237,0.886483,0.71,2,2875060,2874603,457
202641621,49.541,50.3822,455,36353,0.882237,0.67,2,2875141,2874686,455
202644541,21.0164,21.3529,455,36411,0.898895,0.75,2,2875143,2874688,455
202647461,27.0066,25.9411,457,36469,0.893558,0.71,2,2875174,2874717,457
202799301,38.6659,30.7548,503,39369,0.8929,1,2,2877222,2876719,503
202802221,39.4664,48.9019,482,39423,0.84316,1,2,2877262,2876780,482
202805141,37.9865,39.3608,486,39477,0.763264,1,2,2877299,2876813,486
202822661,38.2142,38.5305,481,39795,0.424388,1,1,2877512,2877031,481
202828501,37.5543,39.4049,475,39901,0.282702,0.96,1,2877589,2877114,475
202831421,34.2217,36.162,473,39954,0.263081,0.95,1,2877621,2877148,473
202834341,31.0887,33.6648,470,40007,0.219232,0.85,1,2877650,2877180,470
202843101,31.4857,30.1865,492,40166,0.0901109,0.71,1,2877754,2877262,492
202846021,31.7943,34.2746,487,40219,0.0780443,0.71,1,2877786,2877299,487
202848941,32.5177,32.3098,489,40271,0.0972177,0.67,1,2877819,2877330,489
202875221,34.8885,31.0883,467,40739,0.205797,0.13,1,2878117,2877650,467
202878141,33.7554,37.0353,459,40791,0.220319,0.09,1,2878150,2877691,459
202881061,29.1022,35.2141,451,40843,0.238127,0.07,1,2878176,2877725,451
202883981,32.6409,31.4857,457,40895,0.257251,0.07,1,2878211,2877754,457
202886901,32.2563,31.7943,457,40947,0.2889,0.11,1,2878243,2877786,457
202889821,41.7025,32.5177,472,40999,0.28956,0.15,1,2878291,2877819,472
202910261,30.897,32.8029,458,41356,0.41165,0.23,1,2878510,2878052,458
202913181,36.3588,28.7211,472,41407,0.43466,0.21,1,2878550,2878078,472
202916101,33.7435,34.8885,465,41458,0.443864,0.23,1,2878582,2878117,465
202977421,29.8539,29.5291,447,42515,0.774818,0.51,2,2879225,2878778,447
202980341,34.1416,33.4117,448,42565,0.795927,0.55,2,2879262,2878814,448
202983261,38.2566,37.3647,449,42615,0.792371,0.57,2,2879303,2878854,449
202986181,36.9026,37.1459,448,42665,0.790948,0.55,2,2879339,2878891,448
202989101,33.9611,33.4583,449,42714,0.790379,0.63,2,2879371,2878922,449
202992021,33.3844,31.9833,451,42763,0.802152,0.59,2,2879404,2878953,451
202994941,37.9538,37.3933,451,42812,0.830861,0.63,2,2879445,2878994,451
202997861,35.5815,34.7573,452,42861,0.842344,0.61,2,2879479,2879027,452
203000781,31.0326,30.7029,452,42910,0.834938,0.65,2,2879507,2879055,452
203003701,13.613,13.4812,452,42959,0.831975,0.63,2,2879509,2879057,452
203006621,26.4452,25.7925,453,43008,0.84279,0.63,2,2879544,2879091,453
203009541,30.9781,10.317,487,43057,0.823116,0.65,2,2879578,2879091,487
203012461,42.3912,24.5268,503,43106,0.827246,0.73,2,2879628,2879125,503
203015381,30.7565,38.6107,478,43155,0.816899,0.69,2,2879651,2879173,478
203018301,32.7026,28.6443,490,43204,0.836759,0.83,2,2879685,2879195,490
203021221,35.881,29.4577,498,43253,0.856704,0.81,2,2879723,2879225,498
203024141,38.3524,33.9831,501,43302,0.888681,0.79,2,2879763,2879262,501
203199341,30.8856,34.8519,524,46134,0.850925,1,2,2881708,2881184,524
203202261,33.3542,49.3408,500,46180,0.82637,1,2,2881743,2881243,500
203225621,28.1133,32.1143,517,46544,0.0567354,1,1,2882020,2881503,517
203228541,22.0453,32.6457,502,46589,0.0646942,0.96,1,2882038,2881536,502
203231461,19.0181,26.8583,496,46634,0.0438777,0.92,1,2882055,2881559,496
203234381,24.4073,23.3433,503,46679,0.0475511,1,1,2882083,2881580,503
203240221,25.8652,32.5349,491,46769,0.0736082,0.86,1,2882140,2881649,491
203243141,29.5461,29.214,496,46814,0.0834433,0.81,1,2882172,2881676,496
203246061,29.2184,30.8856,493,46859,0.0513773,0.81,1,2882201,2881708,493
203248981,38.0874,33.3542,502,46904,0.0385509,0.67,1,2882245,2881743,502
203251901,32.0349,43.3417,480,46949,0.0154204,0.67,1,2882273,2881793,480
203254821,27.214,33.5367,477,46994,0.0721681,0.51,1,2882297,2881820,477
203257741,31.8856,33.8147,478,47039,0.0828673,0.37,1,2882332,2881854,478
203260661,28.9542,39.9259,461,47084,0.0871469,0.23,1,2882359,2881898,461
203263581,28.3817,32.7703,461,47129,0.0888588,0.09,1,2882387,2881926,461
203266501,31.1527,34.7081,458,47174,0.0895435,0.09,1,2882420,2881962,458
203284021,25.261,30.1629,425,47443,0.0773492,0.05,1,2882542,2882117,425
203286941,23.9044,25.8652,425,47487,0.0729397,0.09,1,2882565,2882140,425
203289861,28.1618,29.5461,424,47531,0.0591759,0.03,1,2882596,2882172,424
203292781,27.4647,29.2184,422,47575,0.0416703,0.03,1,2882623,2882201,422
203295701,38.5859,38.0874,424,47619,0.0466681,0,1,2882669,2882245,424
203298621,32.8344,32.0349,425,47663,0.0186673,0.11,1,2882698,2882273,425
203301541,27.5337,27.214,425,47707,0.0734669,0.09,1,2882722,2882297,425
203304461,32.0135,31.8856,425,47751,0.0833868,0.09,1,2882757,2882332,425
203321981,17.1665,18.5778,425,48015,0.0969771,0.09,1,2882903,2882478,425
203354101,30.1298,29.6054,426,48498,0.217985,0.13,1,2883211,2882785,426
203357021,27.6519,27.4422,426,48541,0.237194,0.15,1,2883237,2882811,426
203359941,32.6608,31.9769,427,48584,0.256878,0.13,1,2883273,2882846,427
203362861,27.4643,27.7907,426,48627,0.276751,0.09,1,2883297,2882871,426
203365781,21.7857,21.9163,426,48670,0.2607,0.09,1,2883315,2882889,426
203368701,17.7143,17.1665,427,48713,0.26628,0.11,1,2883330,2882903,427
203371621,22.6857,22.4666,427,48756,0.292512,0.11,1,2883356,2882929,427
203374541,10.2743,10.1866,427,48799,0.279005,0.13,1,2883358,2882931,427
203415421,17.8341,21.7855,448,49401,0.402158,0.27,1,2883763,2883315,448
203418341,23.9337,17.7142,461,49444,0.430863,0.31,1,2883791,2883330,461
203421261,10.7735,22.6857,437,49487,0.442345,0.27,1,2883793,2883356,437
203424181,25.3094,10.2743,470,49530,0.434938,0.35,1,2883828,2883358,470
203427101,23.3238,24.5097,458,49573,0.443975,0.31,1,2883850,2883392,458
203476741,28.7271,23.3238,475,50287,0.785909,0.47,2,2884325,2883850,475
203479661,12.6909,27.9295,446,50329,0.800363,0.51,2,2884327,2883881,446
203482581,22.4763,27.9718,447,50371,0.794145,0.51,2,2884356,2883909,447
203485501,37.7905,39.9887,447,50413,0.803658,0.51,2,2884404,2883957,447
203488421,33.7162,33.9955,448,50455,0.819463,0.53,2,2884435,2883987,448
203491341,30.2865,29.1982,450,50497,0.825785,0.59,2,2884463,2884013,450
203494261,34.3146,33.2793,451,50539,0.816314,0.59,2,2884500,2884049,451
203497181,33.5258,32.5117,452,50581,0.836526,0.67,2,2884533,2884081,452
203500101,32.6103,30.4047,455,50623,0.86861,0.67,2,2884565,2884110,455
203523461,26.5131,23.8179,462,50955,0.891774,0.81,2,2884755,2884293,462
203526381,29.8052,28.7271,462,50996,0.86671,0.81,2,2884787,2884325,462
203529301,13.1221,12.6909,462,51037,0.880684,0.79,2,2884789,2884327,462
203532221,22.6488,22.4763,462,51078,0.874274,0.81,2,2884818,2884356,462
203535141,37.8595,37.7905,462,51119,0.883709,0.83,2,2884866,2884404,462
203538061,34.3438,33.7162,463,51160,0.863484,0.83,2,2884898,2884435,463
203540981,30.5375,30.2865,463,51201,0.891393,0.81,2,2884926,2884463,463
203739541,335.598,348.82,498,24820,0.418,1,1,2887251,2886753,498
203800861,49.9512,67.7093,435,25244,0.0587688,0,1,2887631,2887196,435
203803781,33.1805,39.0837,437,25328,0.0535075,0.01,1,2887653,2887216,437
203806701,26.4722,31.8335,432,25412,0.039403,0.09,1,2887675,2887243,432
203809621,41.1889,41.5334,435,25495,0.0217612,0.01,1,2887726,2887291,435
203812541,86.0756,49.0134,497,25578,0.0867045,0.07,1,2887842,2887345,497
203824221,46.9587,47.7523,470,25908,0.211452,0.03,1,2888052,2887582,470
203832981,42.1974,26.2401,474,26153,0.0656129,0.01,1,2888149,2887675,474
203835901,90.0789,41.0961,545,26234,0.0442452,0.13,1,2888271,2887726,545
203838821,71.4316,86.0384,488,26315,0.0716981,0.13,1,2888330,2887842,488
203844661,49.5891,71.4862,465,26476,0.0966717,0.15,1,2888438,2887973,465
203856341,40.9655,25.9932,475,26795,0.0952588,0.03,1,2888571,2888096,475
203859261,89.5862,42.1973,544,26874,0.0441035,0.03,1,2888693,2888149,544
203862181,37.0345,90.0789,424,26953,0.0356414,0.09,1,2888695,2888271,424
203865101,51.4138,71.4316,426,27032,0.0922566,0.13,1,2888756,2888330,426
203876781,29.8618,29.5342,428,27344,0.215722,0.15,1,2888929,2888501,428
203879701,22.1447,21.4137,429,27421,0.224289,0.07,1,2888946,2888517,429
203882621,38.8579,40.9655,425,27498,0.263716,0.01,1,2888996,2888571,425
203885541,87.5432,89.5862,423,27575,0.279486,0.03,1,2889116,2888693,423
203888461,36.2173,37.0345,423,27652,0.285794,0.13,1,2889118,2888695,423
203900141,47.9768,46.1545,432,27957,0.403364,0.23,1,2889342,2888910,432
203908901,39.4545,38.8579,434,28184,0.414855,0.29,1,2889430,2888996,434
203967301,37.4076,88.9997,455,29651,0.772413,0.65,2,2890448,2889993,455
203970221,56.963,36.7999,523,29722,0.782965,0.69,2,2890518,2889995,523
203973141,70.7852,55.52,535,29793,0.787186,0.67,2,2890598,2890063,535
203976061,29.5141,72.008,454,29864,0.788874,0.67,2,2890600,2890146,454
203978981,34.0056,50.4032,455,29935,0.80155,0.67,2,2890637,2890182,455
203981901,42.4023,48.9613,455,30006,0.86662,0.65,2,2890685,2890230,455
204306021,30.7081,31.7542,485,37017,0.872031,1,2,2895538,2895053,485
204308941,31.4832,31.9017,485,37074,0.822813,0.99,2,2895570,2895085,485
204311861,33.5933,31.3607,489,37131,0.767125,1,2,2895605,2895116,489
204326461,47.6154,42.8511,520,37416,0.431033,1,1,2895853,2895333,520
204329381,35.8461,42.9404,505,37472,0.430413,1,1,2895881,2895376,505
204332301,36.5385,39.9762,504,37528,0.418165,0.98,1,2895918,2895414,504
204335221,33.2154,36.3905,501,37584,0.413266,0.95,1,2895949,2895448,501
204338141,28.8862,34.3562,494,37640,0.435306,0.89,1,2895975,2895481,494
204341061,28.9545,28.7425,498,37696,0.432123,0.84,1,2896004,2895506,498
204346901,29.2327,31.4788,493,37808,0.43994,0.73,1,2896063,2895570,493
204411141,29.0808,28.7712,450,39019,0.760466,0.57,2,2896866,2896416,450
204414061,30.2323,29.5085,451,39073,0.790186,0.61,2,2896897,2896446,451
204416981,31.8929,31.0034,452,39127,0.790074,0.63,2,2896930,2896478,452
204419901,29.5572,28.6014,453,39181,0.81403,0.61,2,2896958,2896505,453
204422821,59.8229,60.0405,452,39235,0.847612,0.61,2,2897038,2896586,452
204425741,45.5291,45.6162,452,39289,0.861045,0.61,2,2897074,2896622,452
204428661,19.4117,19.4465,452,39343,0.866418,0.65,2,2897076,2896624,452
204603861,21.8563,33.732,479,42443,0.891952,1,2,2899208,2898729,479
204606781,38.7425,29.0928,503,42493,0.818781,1,2,2899258,2898755,503
204609701,37.697,31.4371,507,42543,0.777512,1,2,2899295,2898788,507
204630141,31.9648,35.9006,473,42888,0.426553,1,1,2899539,2899066,473
204633061,28.9859,31.7602,471,42937,0.404621,0.93,1,2899566,2899095,471
204635981,31.9944,35.5041,467,42986,0.419849,0.93,1,2899600,2899133,467
204638901,27.7977,14.2016,492,43035,0.425939,0.99,1,2899625,2899133,492
204641821,29.7191,23.0807,494,43084,0.440376,0.89,1,2899656,2899162,494
204650581,34.566,38.1972,490,43231,0.443624,0.75,1,2899748,2899258,490
204653501,29.4264,37.4789,479,43280,0.44745,0.61,1,2899774,2899295,479
204732341,31.4953,35.3811,455,44578,0.756142,0.69,2,2900614,2900159,455
204735261,32.3981,33.3525,456,44625,0.752457,0.69,2,2900647,2900191,456
204738181,29.7592,30.141,456,44672,0.798983,0.69,2,2900675,2900219,456
204741101,35.9037,34.8564,458,44719,0.805593,0.71,2,2900715,2900257,458
204744021,38.3615,37.9426,458,44766,0.820237,0.75,2,2900755,2900297,458
204746941,45.3446,45.777,457,44813,0.862095,0.71,2,2900805,2900348,457
204749861,27.7378,27.9108,457,44860,0.878838,0.69,2,2900821,2900364,457
204996601,54.1429,58.1061,480,23127,0.211804,0.15,1,2903910,2903430,480
204999521,38.4571,54.4424,456,23219,0.222722,0.17,1,2903938,2903482,456
205002441,57.3829,39.177,497,23310,0.251089,0.19,1,2904008,2903511,497
205005361,75.1531,57.0708,515,23401,0.286435,0.13,1,2904095,2903580,515
205014121,61.4258,68.3805,486,23672,0.405452,0.19,1,2904291,2903805,486
205019961,39.4681,54.1409,461,23851,0.404472,0.23,1,2904371,2903910,461
205022881,58.9873,38.4564,505,23940,0.419789,0.27,1,2904443,2903938,505
205025801,24.7949,57.3825,437,24029,0.425916,0.31,1,2904445,2904008,437
205055001,70.7397,69.2472,446,24897,0.764755,0.53,2,2905052,2904606,446
205057921,72.0959,70.2989,448,24982,0.779902,0.57,2,2905125,2904677,448
205060841,61.8383,61.1195,448,25067,0.773961,0.61,2,2905180,2904732,448
205063761,56.5353,55.0478,450,25152,0.807584,0.57,2,2905233,2904783,450
205066681,40.6141,40.0191,450,25236,0.857034,0.65,2,2905263,2904813,450
205072521,26.6583,25.1231,456,25404,0.894325,0.77,2,2905344,2904888,456
205180561,51.0575,46.2303,498,28326,0.871896,1,2,2907457,2906959,498
205183481,43.823,52.0921,481,28401,0.786759,1,2,2907496,2907015,481
205192241,40.9647,54.2139,506,28624,0.437473,1,1,2907643,2907137,506
205198081,44.5943,59.1942,508,28772,0.248796,0.9,1,2907752,2907244,508
205203921,70.6151,48.2311,557,28919,0.0842073,0.93,1,2907886,2907329,557
205206841,49.846,75.0924,500,28992,0.0516829,0.83,1,2907922,2907422,500
205209761,38.5384,51.037,496,29065,0.0386732,0.73,1,2907953,2907457,496
205212681,40.0154,43.8148,498,29138,0.0574693,0.67,1,2907994,2907496,498
205215601,52.6061,44.5259,514,29211,0.0889877,0.37,1,2908055,2907541,514
205218521,34.8425,63.4104,461,29283,0.0655951,0.39,1,2908078,2907617,461
205233121,48.5469,70.6151,458,29643,0.0908445,0.03,1,2908344,2907886,458
205236041,38.0187,49.846,453,29714,0.0663378,0.03,1,2908375,2907922,453
205238961,41.0075,38.5384,465,29785,0.0445351,0.07,1,2908418,2907953,465
205241881,17.603,40.0154,426,29856,0.071814,0.11,1,2908420,2907994,426
205262321,48.0031,48.5469,425,30349,0.203865,0.05,1,2908769,2908344,425
205265241,36.0012,38.0187,422,30419,0.255546,0.03,1,2908797,2908375,422
205268161,42.6005,41.0075,426,30489,0.252218,0.09,1,2908844,2908418,426
205271081,18.2402,17.603,426,30558,0.250887,0.17,1,2908846,2908420,426
205274001,44.4961,43.0412,428,30627,0.226355,0.13,1,2908908,2908480,428
205276921,32.1984,31.6165,428,30696,0.228542,0.17,1,2908932,2908504,428
205279841,58.4794,58.2466,428,30765,0.241417,0.15,1,2909008,2908580,428
205282761,43.7917,44.2986,427,30834,0.246567,0.11,1,2909042,2908615,427
205285681,40.3167,40.5195,427,30903,0.260627,0.19,1,2909080,2908653,427
205303201,44.3393,44.4961,432,31311,0.425224,0.21,1,2909340,2908908,432
205306121,32.1357,17.7984,456,31379,0.44009,0.23,1,2909364,2908908,456
205309041,57.8543,21.5194,507,31446,0.446036,0.25,1,2909439,2908932,507
205355761,44.0793,38.691,496,32505,0.770105,0.59,2,2910168,2909672,496
205358681,18.8317,42.4764,453,32570,0.806042,0.59,2,2910170,2909717,453
205361601,45.9327,18.1906,515,32635,0.796417,0.61,2,2910234,2909719,515
205364521,32.7731,45.6762,475,32700,0.792567,0.61,2,2910258,2909783,475
205367441,58.7092,32.6705,527,32765,0.827027,0.63,2,2910334,2909807,527
205370361,24.6837,58.0682,454,32830,0.840811,0.69,2,2910336,2909882,454
205373281,33.8735,46.0273,456,32894,0.870324,0.73,2,2910376,2909920,456
205376201,39.3494,42.4109,459,32958,0.87013,0.73,2,2910419,2909960,459
205379121,69.1398,70.3644,459,33022,0.894052,0.73,2,2910508,2910049,459
205530961,62.1664,64.2354,485,36201,0.859573,1,2,2912712,2912227,485
205533881,48.2666,46.6942,489,36259,0.793829,1,2,2912751,2912262,489
205548481,54.1352,57.2929,498,36549,0.413662,1,1,2912950,2912452,498
205557241,28.6647,39.4747,476,36723,0.280634,1,1,2913037,2912561,476
205560161,29.4659,36.7899,471,36781,0.226254,1,1,2913067,2912596,471
205563081,31.5863,36.916,467,36838,0.240501,0.77,1,2913100,2912633,467
205577681,33.3042,38.3451,448,37123,0.21661,0.57,1,2913297,2912849,448
205583521,48.4087,14.5352,504,37237,0.208658,0.29,1,2913388,2912884,504
205586441,39.7635,45.4141,472,37294,0.233463,0.31,1,2913422,2912950,472
205589361,28.5054,39.1656,458,37351,0.255385,0.31,1,2913443,2912985,458
205592281,27.0022,31.2663,458,37408,0.264154,0.25,1,2913469,2913011,458
205612721,34.4926,24.7583,469,37800,0.416622,0.25,1,2913727,2913258,469
205615641,32.997,33.3033,462,37856,0.400649,0.15,1,2913759,2913297,462
205621481,41.7595,48.4085,469,37968,0.439704,0.25,1,2913857,2913388,469
205674041,58.4639,56.9851,451,38957,0.760744,0.59,2,2914491,2914040,451
205676961,47.3856,46.194,452,39011,0.754298,0.59,2,2914531,2914079,452
205679881,35.7542,35.8776,451,39065,0.763719,0.61,2,2914559,2914108,451
205682801,26.9017,25.751,453,39119,0.779488,0.63,2,2914580,2914127,453
205685721,34.7607,34.3004,453,39173,0.785795,0.65,2,2914620,2914167,453
205688641,33.7043,32.9202,454,39227,0.836318,0.69,2,2914653,2914199,454
205691561,53.0817,51.5681,456,39281,0.856527,0.69,2,2914719,2914263,456
205694481,22.4327,21.8272,456,39335,0.864611,0.71,2,2914721,2914265,456
205697401,31.1731,30.9309,456,39389,0.855844,0.69,2,2914758,2914302,456
205700321,24.4692,24.3724,456,39443,0.840338,0.73,2,2914778,2914322,456
205703241,27.7877,27.7489,456,39497,0.846135,0.71,2,2914808,2914352,456
205706161,28.5151,27.8996,457,39550,0.860454,0.77,2,2914837,2914380,457
205709081,33.006,32.1598,458,39603,0.842182,0.77,2,2914873,2914415,458
205712001,58.8024,58.4639,458,39656,0.846873,0.75,2,2914949,2914491,458
205714921,48.721,47.3856,460,39709,0.848749,0.77,2,2914991,2914531,460
205717841,36.2884,35.7542,460,39762,0.8615,0.79,2,2915019,2914559,460
205720761,26.5154,26.9017,459,39815,0.8546,0.79,2,2915039,2914580,459
205906181,316.851,343.578,472,18980,0.43,0.85,1,2917302,2916830,472
205909101,197.541,194.431,495,19092,0.214,0.69,1,2917420,2916925,495
205914941,106.846,98.429,501,19314,0.07144,0.39,1,2917585,2917084,501
205917861,81.7386,98.1716,468,19424,0.094576,0.15,1,2917650,2917182,468
205920781,57.8954,78.8686,444,19533,0.0918304,0.15,1,2917692,2917248,444
205926621,92.5433,33.859,539,19750,0.0830929,0.07,1,2917841,2917302,539
205929541,77.8173,84.3436,489,19857,0.0872371,0.03,1,2917909,2917420,489
205932461,91.1269,73.3374,523,19964,0.0768949,0.05,1,2918009,2917486,523
205935381,75.4508,88.735,489,20070,0.0847579,0.11,1,2918074,2917585,489
205944141,91.1569,32.199,554,20386,0.0685445,0.07,1,2918263,2917709,554
205947061,79.6627,92.0796,494,20490,0.0454178,0.09,1,2918335,2917841,494
205949981,90.6651,77.6318,524,20594,0.0721671,0.07,1,2918433,2917909,524
205961661,86.1434,31.3874,553,21002,0.0977995,0.01,1,2918685,2918132,553
205964581,35.6574,91.155,424,21103,0.0931198,0.03,1,2918687,2918263,424
205967501,56.2629,79.662,422,21204,0.0552479,0.09,1,2918757,2918335,422
205970421,83.7052,90.6648,426,21304,0.0880992,0.13,1,2918859,2918433,426
205973341,74.8821,75.8659,429,21404,0.0892397,0.11,1,2918928,2918499,429
205976261,58.1528,59.1464,428,21503,0.0776959,0.11,1,2918975,2918547,428
205979181,34.0611,33.8585,429,21602,0.0970784,0.09,1,2918993,2918564,429
205996701,59.028,58.1528,426,22184,0.205548,0.11,1,2919401,2918975,426
205999621,35.6112,34.0611,428,22280,0.232219,0.17,1,2919421,2918993,428
206002541,86.2445,84.4245,430,22375,0.290888,0.21,1,2919541,2919111,430
206005461,35.6978,34.9698,430,22470,0.290355,0.15,1,2919543,2919113,430
206017141,60.6787,68.868,481,22845,0.422105,0.23,1,2919833,2919352,481
206060941,54.7162,62.9115,453,24200,0.791485,0.65,2,2920729,2920276,453
206063861,34.4865,37.1646,454,24288,0.778594,0.71,2,2920750,2920296,454
206066781,93.5946,92.8658,457,24375,0.809438,0.71,2,2920883,2920426,457
206069701,38.6378,38.3463,457,24462,0.845775,0.71,2,2920885,2920428,457
206072621,52.6551,52.5385,457,24549,0.86031,0.71,2,2920947,2920490,457
206157301,33.8713,51.4911,492,26940,0.892,1,2,2922616,2922124,492
206163141,91.0994,96.4386,489,27097,0.83032,1,2,2922775,2922286,489
206215701,80.2692,9.94211,565,28471,0.759317,0.55,2,2923678,2923113,565
206218621,53.1077,74.7768,482,28545,0.777727,0.61,2,2923713,2923231,482
206221541,40.4431,49.7107,481,28619,0.797091,0.61,2,2923745,2923264,481
206224461,77.9772,37.8843,554,28693,0.828836,0.69,2,2923848,2923294,554
206364621,43.3665,38.0389,520,32041,0.825039,0.99,2,2926140,2925620,520
206373381,47.2715,52.4265,522,32239,0.235923,1,1,2926302,2925780,522
206382141,33.0974,37.8193,516,32435,0.084459,1,1,2926430,2925914,516
206393821,39.4345,39.4162,508,32695,0.0971541,0.77,1,2926602,2926094,508
206396741,35.5738,43.3665,495,32760,0.0808617,0.57,1,2926635,2926140,495
206399661,15.4295,47.9466,446,32825,0.0743447,0.31,1,2926637,2926191,446
206417181,55.9932,54.039,428,33209,0.0938258,0.15,1,2926926,2926498,428
206420101,38.5973,37.2156,429,33273,0.0795303,0.09,1,2926953,2926524,429
206423021,35.8389,37.0862,426,33337,0.0978121,0.09,1,2926987,2926561,426
206437621,35.5299,35.1087,428,33652,0.202554,0.15,1,2927159,2926731,428
206440541,53.8119,53.6435,428,33715,0.231021,0.17,1,2927225,2926797,428
206443461,38.3248,39.4574,426,33778,0.266409,0.11,1,2927253,2926827,426
206446381,30.9299,31.983,425,33841,0.256563,0.07,1,2927279,2926854,425
206449301,54.372,55.9932,423,33903,0.288625,0.07,1,2927349,2926926,423
206463901,15.2198,15.0617,428,34213,0.415381,0.17,1,2927491,2927063,428
206466821,47.4879,6.02468,497,34275,0.436152,0.21,1,2927560,2927063,497
206469741,35.7952,43.2099,457,34337,0.444461,0.21,1,2927588,2927131,457
206472661,56.3181,34.0839,499,34399,0.435784,0.25,1,2927658,2927159,499
206545661,30.582,32.3366,449,35902,0.783175,0.55,2,2928606,2928157,449
206548581,56.6328,57.3347,449,35961,0.81127,0.55,2,2928680,2928231,449
206551501,41.8531,41.5339,450,36020,0.834508,0.59,2,2928712,2928262,450
206554421,38.3412,37.0135,452,36079,0.819803,0.65,2,2928748,2928296,452
206557341,47.1365,44.8054,455,36138,0.813921,0.65,2,2928801,2928346,455
206560261,36.8546,36.5222,454,36196,0.835569,0.65,2,2928831,2928377,454
206563181,15.9418,15.8089,454,36254,0.844227,0.71,2,2928833,2928379,454
206566101,51.3767,49.5235,457,36312,0.895691,0.71,2,2928908,2928451,457
206793861,42.1126,37.1435,517,40598,0.8956,1,2,2931881,2931364,517
206796781,37.245,34.6574,518,40650,0.83224,1,2,2931915,2931397,518
206799701,34.698,33.063,519,40702,0.806896,1,2,2931948,2931429,519
206846421,32.2805,31.2317,484,41524,0.756751,0.61,2,2932494,2932010,484
206849341,14.1122,35.2927,448,41575,0.7647,0.61,2,2932496,2932048,448
206852261,26.0449,31.5171,453,41626,0.76788,0.61,2,2932530,2932077,453
206855181,32.018,35.4068,451,41677,0.793152,0.61,2,2932566,2932115,451
206858101,30.2072,29.7627,454,41728,0.779261,0.59,2,2932595,2932141,454
206861021,28.8829,29.9051,452,41779,0.797704,0.61,2,2932623,2932171,452
206863941,52.9532,53.362,452,41830,0.841082,0.63,2,2932692,2932240,452
206866861,39.7813,40.5448,451,41880,0.858433,0.61,2,2932723,2932272,451
206869781,35.7125,35.4179,452,41930,0.889373,0.63,2,2932756,2932304,452
206872701,37.685,35.7672,455,41980,0.853749,0.73,2,2932795,2932340,455
206875621,33.674,31.7069,457,42030,0.8515,0.73,2,2932826,2932369,457
206878541,33.2696,31.8827,458,42080,0.8626,0.77,2,2932859,2932401,458
206881461,31.9078,30.7531,459,42130,0.85504,0.73,2,2932890,2932431,459
206884381,30.1631,29.7012,459,42180,0.864016,0.77,2,2932919,2932460,459
206887301,32.4653,32.2805,459,42230,0.867606,0.77,2,2932953,2932494,459
206890221,14.1861,14.1122,459,42280,0.869043,0.77,2,2932955,2932496,459
206893141,26.6744,26.0449,460,42330,0.869617,0.81,2,2932990,2932530,460
207071261,23.7545,19.7712,491,45271,0.898545,1,2,2935007,2934516,491
207262521,317.939,342.266,471,21900,0.4492,0.37,1,2937511,2937040,471
207265441,201.576,232.306,436,21900,0.28168,0.15,1,2937635,2937199,436
207303401,94.4303,112.122,427,21900,0.202672,0.11,1,2937658,2937231,427
207309241,83.7488,76.3796,459,22093,0.0444275,0.05,1,2937809,2937350,459
207312161,69.4995,71.9518,450,22189,0.035771,0.03,1,2937869,2937419,450
207315081,43.9998,46.7807,447,22285,0.0563084,0.07,1,2937896,2937449,447
207318001,28.9999,37.9123,434,22380,0.0525234,0.09,1,2937915,2937481,434
207320921,48.8,33.1649,466,22475,0.0870093,0.09,1,2937977,2937511,466
207323841,70.52,59.466,474,22569,0.0768037,0.15,1,2938062,2937588,474
207326761,75.008,65.7864,482,22663,0.0727215,0.05,1,2938140,2937658,482
207329681,85.2032,62.9146,513,22757,0.0350886,0,1,2938232,2937719,513
207332601,69.4813,79.1658,482,22850,0.0200354,0.03,1,2938291,2937809,482
207335521,43.3925,67.6663,448,22943,0.0380142,0.07,1,2938317,2937869,448
207338441,31.757,43.2665,445,23035,0.0212057,0.05,1,2938341,2937896,445
207347201,74.2004,70.4731,502,23310,0.215197,0.07,1,2938564,2938062,502
207353041,68.8721,85.1957,481,23492,0.0596315,0.01,1,2938713,2938232,481
207355961,43.1488,69.4783,448,23582,0.0298526,0.05,1,2938739,2938291,448
207358881,31.6595,43.3913,446,23672,0.017941,0.01,1,2938763,2938317,446
207361801,55.2638,31.7565,493,23762,0.0491764,0.19,1,2938834,2938341,493
207364721,73.1055,50.5026,515,23851,0.0976706,0.19,1,2938919,2938404,515
207391001,78.6204,76.0422,431,24640,0.245265,0.19,1,2939428,2938997,431
207393921,32.6482,31.6169,431,24726,0.248106,0.17,1,2939430,2938999,431
207396841,58.0593,59.4468,428,24812,0.285242,0.15,1,2939505,2939077,428
207414361,81.1708,78.6204,435,25320,0.416159,0.25,1,2939863,2939428,435
207417281,33.6683,32.6482,435,25404,0.424464,0.31,1,2939865,2939430,435
207423121,58.6669,23.2237,495,25570,0.438714,0.33,1,2940000,2939505,495
207426041,37.8668,44.0895,461,25653,0.433486,0.37,1,2940024,2939563,461
207428961,29.5467,32.0358,461,25736,0.431394,0.35,1,2940048,2939587,461
207466921,63.1393,33.9532,533,26787,0.769559,0.67,2,2940838,2940305,533
207469841,60.0557,60.9813,512,26866,0.805824,0.67,2,2940896,2940384,512
207472761,25.2223,59.1925,456,26945,0.820329,0.69,2,2940898,2940442,456
207475681,25.0889,38.077,457,27024,0.838132,0.71,2,2940923,2940466,457
207478601,24.4356,29.6308,457,27102,0.869253,0.69,2,2940947,2940490,457
207481521,59.5742,62.2523,456,27180,0.845701,0.71,2,2941030,2940574,456
207592481,75.2926,78.496,501,29998,0.897865,1,2,2943039,2942538,501
207595401,67.917,81.1984,481,30069,0.785146,1,2,2943102,2942621,481
207610001,38.2305,40.3028,492,30419,0.411576,1,1,2943342,2942850,492
207621681,61.0411,75.2926,456,30696,0.298488,0.71,1,2943495,2943039,456
207624601,61.6164,67.917,455,30765,0.245395,0.65,1,2943557,2943102,455
207627521,47.4466,53.5668,449,30834,0.236158,0.53,1,2943595,2943146,449
207630441,47.1786,50.2267,448,30903,0.256463,0.45,1,2943642,2943194,448
207633361,63.2715,68.6907,441,30971,0.240585,0.45,1,2943716,2943275,441
207636281,45.7086,49.0763,439,31039,0.258234,0.37,1,2943750,2943311,439
207639201,36.8834,38.2305,439,31107,0.277294,0.33,1,2943781,2943342,439
207642121,28.5534,30.8922,436,31175,0.296917,0.33,1,2943804,2943368,436
207645041,13.8213,14.7569,436,31243,0.280767,0.29,1,2943808,2943372,436
207653801,61.2206,53.5764,493,31446,0.295169,0.21,1,2943988,2943495,493
207656721,46.0882,58.6306,467,31513,0.292068,0.23,1,2944024,2943557,467
207665481,47.1096,63.0804,468,31714,0.408692,0.27,1,2944184,2943716,468
207668401,36.8439,45.6321,464,31781,0.409477,0.29,1,2944214,2943750,464
207671321,29.1375,36.8529,457,31848,0.421791,0.31,1,2944238,2943781,457
207674241,14.655,28.5411,439,31914,0.426716,0.27,1,2944243,2943804,439
207723881,65.5499,66.0003,450,33022,0.772351,0.57,2,2945039,2944589,450
207726801,47.82,48.0001,450,33086,0.80694,0.57,2,2945075,2944625,450
207729721,37.128,37.2,450,33150,0.844776,0.57,2,2945105,2944655,450
207732641,31.0512,30.48,451,33214,0.85991,0.57,2,2945132,2944681,451
207735561,14.8205,14.592,451,33278,0.865964,0.59,2,2945136,2944685,451
207738481,32.9282,32.2368,452,33342,0.892386,0.65,2,2945181,2944729,452
207907841,43.886,47.7865,487,36838,0.836934,1,2,2947638,2947151,487
207910761,53.5544,50.9146,494,36895,0.772774,1,2,2947698,2947204,494
207934121,38.0453,35.19,507,37351,0.432148,0.91,1,2947995,2947488,507
207937041,33.8181,36.276,501,37408,0.406859,0.95,1,2948026,2947525,501
207945801,50.2604,43.7697,517,37576,0.291239,0.73,1,2948155,2947638,517
207948721,46.5041,53.5079,501,37632,0.242496,0.67,1,2948199,2947698,501
207951641,36.0017,46.6031,488,37688,0.258998,0.69,1,2948228,2947740,488
207954561,39.6007,40.8413,493,37744,0.289599,0.61,1,2948270,2947777,493
207957481,33.2403,42.1365,479,37800,0.27784,0.57,1,2948299,2947820,479
207960401,35.4961,35.4546,485,37856,0.297136,0.51,1,2948336,2947851,485
207980841,48.7969,41.6509,490,38245,0.428193,0.27,1,2948589,2948099,490
208036321,27.6772,27.0029,448,39281,0.759691,0.53,2,2949241,2948793,448
208039241,12.2709,12.0012,448,39335,0.765876,0.55,2,2949243,2948795,448
208042161,28.9083,28.2005,449,39389,0.780351,0.59,2,2949283,2948834,449
208045081,36.1633,35.8802,449,39443,0.82214,0.55,2,2949324,2948875,449
208048001,31.2653,31.1521,449,39497,0.814856,0.57,2,2949352,2948903,449
208050921,25.1061,24.4608,450,39550,0.835942,0.61,2,2949373,2948923,450
208053841,44.8425,42.7843,453,39603,0.844377,0.65,2,2949431,2948978,453
208056761,52.137,50.7137,454,39656,0.811751,0.65,2,2949488,2949034,454
208059681,44.8548,44.2855,454,39709,0.7987,0.71,2,2949528,2949074,454
208062601,38.9419,37.5142,456,39762,0.82948,0.71,2,2949563,2949107,456
208065521,41.3768,40.2057,457,39815,0.865792,0.71,2,2949606,2949149,457
208068441,36.9507,36.4823,457,39868,0.892317,0.77,2,2949640,2949183,457
208226121,42.9368,39.871,494,42635,0.83272,1,2,2951553,2951059,494
208237801,27.4992,24.1999,501,42831,0.422838,1,1,2951669,2951168,501
208240721,32.5997,33.68,497,42880,0.259135,1,1,2951705,2951208,497
208246561,29.4559,27.3488,502,42978,0.0486616,1,1,2951764,2951262,502
208249481,29.1824,27.1395,504,43027,0.0194646,1,1,2951793,2951289,504
208252401,32.673,10.8558,539,43076,0.0257859,1,1,2951828,2951289,539
208255321,31.6692,31.3423,525,43125,0.0283143,1,1,2951859,2951334,525
208258241,31.8677,40.7369,510,43174,0.0293257,1,1,2951891,2951381,510
208261161,40.9471,42.0948,514,43223,0.0177303,0.92,1,2951938,2951424,514
208264081,33.7788,47.4379,492,43272,0.0130921,0.91,1,2951967,2951475,492
208267001,38.1115,38.1752,501,43321,0.0232368,0.77,1,2952008,2951507,501
208269921,33.2446,42.8701,485,43370,0.0152947,0.65,1,2952038,2951553,485
208272841,30.6978,38.148,479,43419,0.0361179,0.61,1,2952067,2951588,479
208275761,21.2791,33.8592,463,43468,0.0444472,0.45,1,2952082,2951619,463
208278681,22.9117,26.7437,465,43517,0.0237789,0.35,1,2952106,2951641,465
208281601,25.9647,27.4975,465,43565,0.0515115,0.15,1,2952134,2951669,465
208284521,24.7859,32.599,453,43613,0.0626046,0.03,1,2952158,2951705,453
208287441,28.5143,31.6396,453,43661,0.0430418,0,1,2952189,2951736,453
208290361,26.4057,29.4558,450,43709,0.0172167,0,1,2952214,2951764,450
208293281,32.1623,29.1823,457,43757,0.0128867,0.03,1,2952250,2951793,457
208296201,31.4649,32.6729,453,43805,0.0231547,0.03,1,2952281,2951828,453
208299121,31.186,31.6692,453,43853,0.00926187,0.03,1,2952312,2951859,453
208302041,40.6744,31.8677,468,43901,0.0457048,0.01,1,2952359,2951891,468
208304961,33.6698,40.9471,450,43949,0.0242819,0.01,1,2952388,2951938,450
208307881,38.0679,33.7788,462,43997,0.0277128,0.03,1,2952429,2951967,462
208310801,33.2272,38.1115,451,44045,0.0110851,0.01,1,2952459,2952008,451
208313721,31.2909,33.2446,451,44093,0.058434,0.05,1,2952489,2952038,451
208319561,22.7665,21.2791,445,44189,0.0705494,0.01,1,2952527,2952082,445
208322481,27.7066,22.9117,452,44237,0.0462198,0.07,1,2952558,2952106,452
208325401,24.2826,25.9647,446,44285,0.0364879,0.07,1,2952580,2952134,446
208328321,28.9131,24.7859,454,44333,0.0205952,0.03,1,2952612,2952158,454
208331241,25.3652,28.5143,446,44381,0.0382381,0,1,2952635,2952189,446
208334161,33.5461,26.4057,460,44429,0.0212952,0.01,1,2952674,2952214,460
208337081,14.6184,32.1623,426,44476,0.0265181,0.03,1,2952676,2952250,426
208340001,22.0474,31.4649,422,44523,0.0166072,0,1,2952703,2952281,422
208342921,29.8189,31.186,426,44570,0.0126429,0.07,1,2952738,2952312,426
208345841,38.3276,40.6744,423,44617,0.0350572,0.01,1,2952782,2952359,423
208348761,32.131,33.6698,422,44664,0.0440229,0.03,1,2952810,2952388,422
208351681,38.0524,38.0679,423,44711,0.0356091,0,1,2952852,2952429,423
208354601,34.421,33.2272,425,44758,0.0202437,0.09,1,2952884,2952459,425
208357521,33.5684,31.2909,428,44805,0.0380975,0.13,1,2952917,2952489,428
208360441,20.6274,20.9163,426,44852,0.069239,0.05,1,2952929,2952503,426
208363361,20.8509,22.7665,423,44899,0.0936956,0.03,1,2952950,2952527,423
208366281,26.9404,27.7066,423,44946,0.0914782,0.03,1,2952981,2952558,423
208372121,29.6305,28.9131,425,45040,0.0410365,0.05,1,2953037,2952612,425
208375041,25.0522,25.3652,424,45087,0.0464146,0.01,1,2953059,2952635,424
208377961,32.8209,33.5461,423,45134,0.0365658,0.03,1,2953097,2952674,423
208380881,14.3283,14.6184,423,45181,0.0146263,0.01,1,2953099,2952676,423
208383801,21.3313,22.0474,422,45228,0.0598505,0.01,1,2953125,2952703,422
208386721,29.5325,29.8189,422,45275,0.0539402,0.05,1,2953160,2952738,422
208389641,38.213,38.3276,422,45322,0.0515761,0.05,1,2953204,2952782,422
208392561,32.0852,32.131,422,45369,0.0266304,0.03,1,2953232,2952810,422
208395481,38.0341,38.0524,422,45415,0.0286522,0.01,1,2953274,2952852,422
208398401,35.0136,34.421,423,45461,0.0294609,0.05,1,2953307,2952884,423
208401321,35.6055,33.5684,426,45507,0.0417843,0.09,1,2953343,2952917,426
208404241,21.4422,20.6274,426,45553,0.0227137,0.11,1,2953355,2952929,426
208407161,21.7769,20.8509,427,45599,0.0150855,0.09,1,2953377,2952950,427
208410081,26.7107,26.9404,426,45645,0.0240342,0.11,1,2953407,2952981,426
208413001,25.0843,24.5762,427,45691,0.0276137,0,1,2953431,2953004,427
208415921,28.0337,29.6305,424,45737,0.0290455,0.05,1,2953461,2953037,424
208418841,23.8135,25.0522,423,45783,0.0656182,0.03,1,2953482,2953059,423
208421761,31.7254,32.8209,422,45829,0.0922473,0,1,2953519,2953097,422
208424681,13.8902,14.3283,422,45875,0.0788989,0.09,1,2953521,2953099,422
208430521,28.9824,8.53254,458,45967,0.0858238,0.05,1,2953583,2953125,458
208433441,36.793,24.413,465,46013,0.0523295,0.05,1,2953625,2953160,465
208436361,31.5172,36.1652,449,46059,0.0389318,0.01,1,2953653,2953204,449
208439281,37.8069,31.2661,463,46105,0.0155727,0.03,1,2953695,2953232,463
208442201,34.9228,37.7064,454,46151,0.0122291,0.03,1,2953728,2953274,454
208445121,35.5691,34.8826,457,46197,0.0228916,0.05,1,2953764,2953307,457
208448041,21.4276,35.553,433,46243,0.0271567,0.01,1,2953776,2953343,433
208450961,21.7711,21.4212,443,46289,0.0288627,0.01,1,2953798,2953355,443
208453881,27.3084,21.7685,452,46335,0.0295451,0.03,1,2953829,2953377,452
208456801,25.3234,26.7074,446,46381,0.029818,0.03,1,2953853,2953407,446
208459721,28.7293,25.083,453,46426,0.0119272,0.03,1,2953884,2953431,453
208462641,24.0917,28.0332,444,46471,0.0347709,0.09,1,2953905,2953461,444
208465561,32.4367,23.8133,461,46516,0.0679084,0.11,1,2953943,2953482,461
208468481,14.1747,31.7253,426,46561,0.0811633,0.07,1,2953945,2953519,426
208471401,23.6699,13.8901,454,46606,0.0984653,0.13,1,2953975,2953521,454
208486001,34.9819,37.8069,455,46831,0.0544131,0.01,1,2954150,2953695,455
208488921,35.5928,34.9228,458,46876,0.0517652,0.03,1,2954186,2953728,458
208491841,21.4371,35.5691,434,46921,0.0507061,0.03,1,2954198,2953764,434
208494761,21.7748,21.4276,444,46966,0.0502824,0.03,1,2954220,2953776,444
208497681,27.3099,21.7711,453,47011,0.038113,0.03,1,2954251,2953798,453
208500601,25.324,27.3084,446,47056,0.0452452,0.03,1,2954275,2953829,446
208503521,28.7296,25.3234,453,47101,0.0600981,0,1,2954306,2953853,453
208506441,24.6918,28.7293,444,47146,0.0420392,0.05,1,2954328,2953884,444
208509361,33.8767,24.0917,463,47191,0.0948157,0.09,1,2954368,2953905,463
208529801,30.7626,37.9547,423,47503,0.222751,0.01,1,2954540,2954117,423
208532721,31.505,34.9819,422,47547,0.2151,0.05,1,2954572,2954150,422
208559001,16.4014,14.7507,430,47943,0.204386,0.19,1,2954800,2954370,430
208561921,25.7606,24.5003,431,47987,0.255755,0.17,1,2954832,2954401,431
208564841,29.5042,29.6001,430,48031,0.264302,0.17,1,2954864,2954434,430
208570681,16.0007,16.016,430,48119,0.295488,0.19,1,2954908,2954478,430
208573601,22.0003,21.4064,431,48163,0.292195,0.25,1,2954934,2954503,431
208579441,30.64,31.505,430,48251,0.405551,0.13,1,2955002,2954572,430
208582361,33.856,35.402,428,48295,0.43222,0.13,1,2955038,2954610,428
208585281,20.7424,21.3608,428,48339,0.418888,0.17,1,2955050,2954622,428
208588201,21.497,21.7443,428,48383,0.413555,0.13,1,2955072,2954644,428
208591121,26.5988,26.6977,428,48427,0.411422,0.19,1,2955102,2954674,428
208594041,26.2395,25.6791,429,48471,0.422569,0.19,1,2955128,2954699,429
208596961,28.4958,28.2716,429,48514,0.439028,0.17,1,2955158,2954729,429
208599881,25.1983,24.5087,430,48557,0.445611,0.21,1,2955181,2954751,430
208602801,39.4793,38.0035,432,48600,0.436244,0.21,1,2955230,2954798,432
208605721,16.9917,16.4014,432,48643,0.432498,0.29,1,2955232,2954800,432
208702081,27.2353,17.0459,481,50051,0.760105,0.49,2,2956156,2955675,481
208705001,30.0941,28.4183,477,50093,0.766042,0.47,2,2956188,2955711,477
208707921,40.2376,31.1673,491,50135,0.792417,0.47,2,2956235,2955744,491
208710841,17.2951,40.0669,447,50177,0.838967,0.47,2,2956237,2955790,447
208713761,23.118,17.2268,472,50219,0.869587,0.51,2,2956264,2955792,472
208716681,36.2472,22.4907,491,50261,0.881835,0.57,2,2956309,2955818,491
208719601,34.8989,33.5963,484,50303,0.898734,0.63,2,2956343,2955859,484
208932761,326.91,337.763,495,23360,0.7924,1,2,2958393,2957898,495
208956121,35.5353,48.948,461,24785,0.750999,0.55,2,2958848,2958387,461
208959041,44.2141,56.1792,450,24871,0.774399,0.55,2,2958898,2958448,450
208961961,66.8857,72.2717,449,24956,0.79576,0.57,2,2958980,2958531,449
208964881,57.3543,58.9087,450,25041,0.852304,0.53,2,2959031,2958581,450
208967801,60.7417,61.9635,449,25126,0.886922,0.61,2,2959094,2958645,449
208970721,58.4967,55.9854,454,25210,0.864769,0.67,2,2959151,2958697,454
208973641,78.5987,76.9942,455,25294,0.855907,0.73,2,2959243,2958788,455
208976561,54.8395,52.3977,458,25378,0.852363,0.79,2,2959282,2958824,458
209084601,34.6594,39.4354,482,28301,0.871693,1,2,2961296,2960814,482
209087521,45.6638,52.9742,473,28376,0.846677,1,2,2961349,2960876,473
209090441,48.2655,21.1897,523,28451,0.764671,1,2,2961399,2960876,523
209099201,71.297,60.8281,554,28673,0.431739,1,1,2961607,2961053,554
209110881,30.8604,49.0964,485,28967,0.286621,0.85,1,2961756,2961271,485
209113801,42.9442,34.6386,511,29040,0.264648,0.83,1,2961807,2961296,511
209125481,67.5602,67.2419,513,29331,0.417415,0.37,1,2962046,2961533,513
209128401,51.6241,71.2968,480,29403,0.448966,0.37,1,2962087,2961607,480
209163441,44.1435,44.3799,446,30255,0.755261,0.49,2,2962616,2962170,446
209166361,30.2574,29.7519,447,30325,0.752105,0.63,2,2962637,2962190,447
209169281,48.103,44.3008,453,30395,0.750842,0.65,2,2962697,2962244,453
209172201,47.4412,45.9203,453,30465,0.798337,0.67,2,2962744,2962291,453
209175121,51.9765,50.1681,455,30534,0.805335,0.67,2,2962799,2962344,455
209178041,21.9906,21.2672,455,30603,0.808134,0.67,2,2962801,2962346,455
209180961,51.3962,51.1069,455,30672,0.857254,0.73,2,2962872,2962417,455
209183881,64.9585,64.2428,456,30741,0.876901,0.71,2,2962946,2962490,456
209315281,51.9229,44.9063,500,33698,0.882851,1,2,2964999,2964499,500
209318201,41.1692,35.3625,505,33761,0.75514,1,2,2965033,2964528,505
209329881,43.8555,40.7789,492,34011,0.0694916,1,1,2965215,2964723,492
209332801,38.5422,40.9116,486,34073,0.0277966,0.97,1,2965250,2964764,486
209335721,52.6169,58.3646,478,34135,0.0291187,0.93,1,2965312,2964834,478
209338641,37.8468,42.5458,474,34197,0.0296475,1,1,2965340,2964866,474
209341561,42.7387,38.0183,485,34259,0.041859,1,1,2965386,2964901,485
209344481,29.0955,15.2073,505,34321,0.0467436,1,1,2965406,2964901,505
209347401,42.2382,27.6829,520,34383,0.0366974,0.81,1,2965457,2964937,520
209350321,32.4953,48.2732,484,34444,0.032679,0.67,1,2965483,2964999,484
209353241,30.9981,39.7093,480,34505,0.0430716,0.45,1,2965513,2965033,480
209356161,36.3992,39.2837,481,34566,0.0832286,0.13,1,2965553,2965072,481
209359081,40.3597,48.1135,470,34627,0.0512915,0.01,1,2965596,2965126,470
209362001,40.1439,48.0454,462,34688,0.0205166,0.03,1,2965636,2965174,462
209364921,37.0576,43.8182,456,34749,0.0142066,0,1,2965671,2965215,456
209367841,52.023,38.5273,483,34810,0.0356827,0.03,1,2965733,2965250,483
209370761,37.6092,52.6109,449,34871,0.0202731,0.03,1,2965761,2965312,449
209373681,43.2437,37.8444,468,34932,0.0501092,0.05,1,2965808,2965340,468
209376601,31.0975,42.7377,445,34993,0.0860437,0.05,1,2965831,2965386,445
209379521,40.639,29.0951,472,35053,0.0764175,0.03,1,2965878,2965406,472
209394121,39.1166,40.3597,461,35353,0.0529585,0,1,2966057,2965596,461
209397041,37.2466,40.1439,457,35413,0.0391834,0.01,1,2966093,2965636,457
209399961,51.4987,37.0575,483,35473,0.0456734,0.05,1,2966154,2965671,483
209402881,37.3995,52.023,449,35533,0.0362693,0.01,1,2966182,2965733,449
209405801,44.3598,37.6092,470,35592,0.0325077,0.07,1,2966231,2965761,470
209408721,32.1439,43.2437,447,35651,0.0550031,0.11,1,2966255,2965808,447
209411641,14.0576,31.0975,426,35710,0.0640012,0.07,1,2966257,2965831,426
209426241,37.7625,39.2916,425,36005,0.2163,0.01,1,2966443,2966018,425
209435001,51.1128,51.4987,422,36182,0.0937632,0.03,1,2966576,2966154,422
209437921,37.8451,37.3995,423,36240,0.0555053,0.03,1,2966605,2966182,423
209440841,44.538,44.3598,423,36298,0.0402021,0.07,1,2966654,2966231,423
209443761,33.4152,32.1439,425,36356,0.0580808,0.07,1,2966680,2966255,425
209446681,14.5661,14.0576,425,36414,0.0412323,0.13,1,2966682,2966257,425
209449601,34.0264,33.223,426,36472,0.0464929,0.17,1,2966729,2966303,426
209452521,33.4106,31.2892,429,36530,0.0725972,0.17,1,2966762,2966333,429
209455441,31.9642,30.5157,430,36588,0.0830389,0.17,1,2966793,2966363,430
209470041,50.5574,51.1128,424,36876,0.0920791,0.03,1,2967000,2966576,424
209472961,36.423,37.8451,422,36933,0.0548316,0.03,1,2967027,2966605,422
209475881,44.5692,44.538,423,36990,0.0519327,0.07,1,2967077,2966654,423
209478801,33.4277,33.4152,423,37047,0.0387731,0.03,1,2967103,2966680,423
209481721,14.5711,14.5661,423,37104,0.0335092,0.05,1,2967105,2966682,423
209484641,34.0284,34.0264,423,37161,0.0674037,0.05,1,2967152,2966729,423
209487561,34.6114,13.6106,458,37218,0.0449615,0.09,1,2967187,2966729,458
209490481,32.4445,25.2442,456,37275,0.0359846,0.09,1,2967218,2966762,456
209493401,38.7778,28.6977,468,37332,0.0443938,0.13,1,2967261,2966793,468
209496321,40.7111,37.2791,467,37389,0.0357575,0.13,1,2967303,2966836,467
209499241,35.4845,38.3116,460,37446,0.068303,0.19,1,2967335,2966875,460
209508001,34.791,50.5239,448,37614,0.0900514,0.03,1,2967448,2967000,448
209510921,43.9164,36.4096,471,37670,0.0540206,0.05,1,2967498,2967027,471
209513841,33.7666,44.5638,448,37726,0.0396082,0.03,1,2967525,2967077,448
209516761,14.7066,33.4255,424,37782,0.0458433,0.03,1,2967527,2967103,424
209519681,34.6827,14.5702,470,37838,0.0483373,0.09,1,2967575,2967105,470
209522601,34.2731,34.0281,457,37894,0.0613349,0.03,1,2967609,2967152,457
209525521,32.3092,34.6112,453,37950,0.054534,0.03,1,2967640,2967187,453
209528441,39.3237,32.4445,466,38006,0.0878136,0.05,1,2967684,2967218,466
209540121,46.9043,32.1938,483,38228,0.202936,0.13,1,2967848,2967365,483
209543041,33.1617,46.4775,451,38283,0.219174,0.07,1,2967872,2967421,451
209545961,42.6647,34.791,473,38338,0.21367,0.03,1,2967921,2967448,473
209554721,35.2025,14.7066,472,38503,0.227515,0.05,1,2967999,2967527,472
209557641,34.481,34.6827,458,38558,0.253006,0.07,1,2968033,2967575,458
209560561,31.7924,34.2731,454,38613,0.263202,0.05,1,2968063,2967609,454
209563481,13.917,32.3092,425,38668,0.267281,0.11,1,2968065,2967640,425
209578081,47.6971,46.9043,433,38940,0.439278,0.23,1,2968281,2967848,433
209680281,35.1953,14.5055,503,40794,0.75858,0.67,2,2969453,2968950,503
209683201,42.8781,34.6022,503,40846,0.765432,0.67,2,2969501,2968998,503
209686121,37.5512,43.2409,488,40898,0.792173,0.65,2,2969535,2969047,488
209689041,37.8205,38.2964,491,40950,0.814869,0.67,2,2969573,2969082,491
209691961,51.1282,38.7185,512,41002,0.883948,0.69,2,2969633,2969121,512
209694881,36.6513,49.6874,482,41053,0.899579,0.69,2,2969660,2969178,482
209861321,42.1445,40.7385,518,43886,0.410394,1,1,2971609,2971091,518
209873001,26.9509,29.3197,500,44078,0.296058,1,1,2971727,2971227,500
209875921,29.3804,31.5279,498,44126,0.280423,0.96,1,2971758,2971260,498
209878841,31.5521,29.4112,503,44174,0.262169,0.97,1,2971791,2971288,503
209881761,25.8209,31.5645,492,44222,0.266868,0.87,1,2971813,2971321,492
209884681,31.9283,30.0258,499,44270,0.244747,0.63,1,2971849,2971350,499
209887601,30.7713,38.4103,485,44318,0.271899,0.69,1,2971879,2971394,485
209890521,28.5085,35.7641,478,44366,0.29476,0.61,1,2971906,2971428,478
209893441,24.0034,31.7057,470,44414,0.279904,0.61,1,2971927,2971457,470
209908041,35.0612,37.8578,441,44649,0.413141,0.33,1,2972085,2971644,441
209966441,33.0631,31.223,451,45584,0.776795,0.57,2,2972676,2972225,451
209969361,26.4252,26.2892,450,45630,0.772718,0.57,2,2972698,2972248,450
209972281,32.7701,32.1157,451,45676,0.783087,0.61,2,2972735,2972284,451
209975201,32.308,31.4463,452,45722,0.763235,0.61,2,2972767,2972315,452
209978121,28.5232,28.1785,452,45768,0.755294,0.65,2,2972793,2972341,452
209981041,24.6093,24.4714,452,45814,0.752118,0.63,2,2972815,2972363,452
209983961,39.2437,38.5886,453,45860,0.762847,0.63,2,2972864,2972411,453
209986881,16.8975,16.6354,453,45906,0.791139,0.63,2,2972866,2972413,453
209989801,26.559,6.65417,486,45952,0.778455,0.71,2,2972899,2972413,486
209992721,38.8236,21.8617,501,45998,0.761382,0.69,2,2972946,2972445,501
210010241,34.3233,28.6413,495,46274,0.767933,0.81,2,2973135,2972640,495
210013161,26.9293,33.0565,481,46320,0.781173,0.77,2,2973157,2972676,481
210016081,32.3717,26.4226,495,46366,0.798469,0.79,2,2973193,2972698,495
210019001,32.1487,32.769,490,46411,0.805388,0.75,2,2973225,2972735,490
210021921,28.4595,32.3076,484,46456,0.808155,0.75,2,2973251,2972767,484
210024841,24.5838,28.523,480,46501,0.833262,0.75,2,2973273,2972793,480
210027761,40.4335,24.6092,509,46546,0.831305,0.77,2,2973324,2972815,509
210030681,17.3734,39.2437,462,46591,0.830522,0.81,2,2973326,2972864,462
210033601,26.1494,16.8975,492,46636,0.830209,0.77,2,2973358,2972866,492
210036521,38.0597,26.559,505,46681,0.830084,0.75,2,2973404,2972899,505
210039441,36.8239,38.8236,494,46726,0.842033,0.73,2,2973440,2972946,494
210042361,32.7296,37.7294,487,46771,0.846813,0.71,2,2973470,2972983,487
210045281,26.2918,33.6918,478,46816,0.884725,0.71,2,2973492,2973014,478
210508101,46.0333,32.7206,465,24699,0.203317,0.15,1,2978657,2978192,465
210511021,44.8133,45.4883,455,24785,0.267327,0.17,1,2978701,2978246,455
210513941,55.7253,70.9953,430,24871,0.292931,0.13,1,2978764,2978334,430
210543141,76.27,55.1854,524,25710,0.416034,0.31,1,2979350,2978826,524
210546061,49.708,74.8742,468,25792,0.436414,0.33,1,2979382,2978914,468
210581101,48.0042,51.2533,491,26761,0.797254,0.51,2,2980022,2979531,491
210584021,57.6017,46.9013,511,26840,0.816902,0.57,2,2980086,2979575,511
210586941,24.2407,55.9605,451,26919,0.824761,0.61,2,2980088,2979637,451
210589861,51.6963,63.1842,453,26998,0.887904,0.67,2,2980158,2979705,453
210721261,49.9565,44.0206,504,30325,0.8308,1,2,2982504,2982000,504
210724181,39.7826,41.6082,497,30395,0.79432,1,2,2982537,2982040,497
210732941,37.3701,39.8869,481,30603,0.425476,1,1,2982689,2982208,481
210741701,46.3837,45.9448,476,30810,0.26411,0.95,1,2982818,2982342,476
210747541,59.1414,66.3912,459,30948,0.0602577,0.77,1,2982924,2982465,459
210750461,47.6566,49.9565,460,31016,0.0541031,0.77,1,2982964,2982504,460
210753381,35.8626,39.7826,455,31084,0.0756412,0.49,1,2982992,2982537,455
210756301,57.545,63.313,448,31152,0.0722565,0.39,1,2983064,2982616,448
210759221,48.218,52.9252,444,31220,0.0469026,0.39,1,2983106,2982662,444
210762141,33.0872,37.3701,440,31288,0.060761,0.39,1,2983129,2982689,440
210765061,37.2349,14.948,480,31356,0.0783044,0.33,1,2983169,2982689,480
210767981,31.694,34.1792,461,31423,0.0973218,0.33,1,2983197,2982736,461
210773821,35.071,44.9487,456,31557,0.0839715,0.05,1,2983274,2982818,456
210776741,56.6284,37.7795,494,31624,0.0395886,0.01,1,2983345,2982851,494
210779661,46.6514,58.9118,461,31691,0.0338354,0.05,1,2983385,2982924,461
210782581,37.2605,47.5647,452,31758,0.0915342,0.09,1,2983416,2982964,452
210814701,56.9675,37.2605,496,32483,0.0975184,0.11,1,2983912,2983416,496
210832221,33.217,40.7981,429,32872,0.245328,0.17,1,2984097,2983668,429
210835141,32.4868,34.9192,430,32936,0.248131,0.09,1,2984129,2983699,430
210838061,53.1947,55.3677,428,33000,0.285252,0.15,1,2984196,2983768,428
210922741,35.9713,45.1537,479,34810,0.757037,0.61,2,2985379,2984900,479
210925661,15.5885,35.4615,452,34871,0.764815,0.61,2,2985381,2984929,452
210928581,36.2354,15.3846,500,34932,0.779926,0.59,2,2985431,2984931,500
210931501,34.2942,35.5538,484,34993,0.79797,0.63,2,2985464,2984980,484
210934421,54.5177,33.4215,520,35053,0.841188,0.63,2,2985532,2985012,520
210937341,48.8071,54.1686,497,35113,0.870475,0.67,2,2985577,2985080,497
210940261,39.9228,47.4674,488,35173,0.88219,0.67,2,2985611,2985123,488
210957781,15.9774,35.9713,461,35533,0.894714,0.77,2,2985840,2985379,461
211074581,46.2024,30.8529,529,37838,0.842751,1,2,2987431,2986902,529
211077501,38.8809,45.3412,508,37894,0.7751,1,2,2987465,2986957,508
211089181,34.8978,49.7415,500,38118,0.285043,1,1,2987647,2987147,500
211095021,31.8636,50.0786,497,38228,0.0576068,1,1,2987728,2987231,497
211097941,27.1455,36.2315,494,38283,0.0290427,1,1,2987752,2987258,494
211100861,27.6582,30.0926,496,38338,0.0116171,1,1,2987780,2987284,496
211103781,27.2633,30.037,493,38393,0.0106468,1,1,2987807,2987314,493
211106701,27.1053,30.0148,490,38448,0.0342587,0.87,1,2987834,2987344,490
211109621,45.0421,30.0059,517,38503,0.0197035,0.79,1,2987891,2987374,517
211112541,34.2168,46.2024,487,38558,0.0138814,0.73,1,2987918,2987431,487
211115461,30.4867,38.8809,481,38613,0.0355526,0.65,1,2987946,2987465,481
211118381,13.3947,34.1524,452,38668,0.044221,0.39,1,2987948,2987496,452
211124221,35.0232,46.7444,429,38778,0.0730754,0.23,1,2988049,2987620,429
211132981,30.3215,31.8636,423,38940,0.0999568,0.01,1,2988151,2987728,423
211135901,25.9286,27.1455,422,38994,0.0819827,0,1,2988174,2987752,422
211138821,27.7714,27.6582,423,39048,0.0387931,0.01,1,2988203,2987780,423
211141741,26.7086,27.2633,422,39102,0.0215172,0.05,1,2988229,2987807,422
211144661,28.0834,27.1053,424,39156,0.0386069,0.01,1,2988258,2987834,424
211147581,44.8334,45.0421,423,39210,0.0454428,0.01,1,2988314,2987891,423
211150501,33.5333,34.2168,422,39264,0.0721771,0.05,1,2988340,2987918,422
211153421,32.0133,30.4867,425,39318,0.0708708,0.05,1,2988371,2987946,425
211156341,14.0053,13.3947,425,39372,0.0703483,0.15,1,2988373,2987948,425
211162181,36.6809,35.0232,427,39480,0.211656,0.13,1,2988476,2988049,427
211165101,27.8723,29.0093,424,39533,0.234662,0.17,1,2988498,2988074,424
211168021,46.5489,45.8037,426,39586,0.231865,0.07,1,2988557,2988131,426
211170941,30.6196,30.3215,426,39639,0.230746,0.07,1,2988577,2988151,426
211173861,25.4478,25.9286,425,39692,0.230298,0.01,1,2988599,2988174,425
211176781,25.7791,27.7714,422,39745,0.254119,0.01,1,2988625,2988203,422
211185541,45.9059,44.8334,424,39904,0.0702636,0.09,1,2988738,2988314,424
211188461,33.3623,33.5333,423,39957,0.0701055,0.07,1,2988763,2988340,423
211191381,34.3449,32.0133,427,40010,0.0820422,0.07,1,2988798,2988371,427
211194301,14.938,14.0053,427,40063,0.0868169,0.07,1,2988800,2988373,427
211217661,21.8976,25.7654,450,40482,0.203815,0.15,1,2989075,2988625,450
211220581,25.5591,25.9061,452,40534,0.207526,0.09,1,2989103,2988651,452
211229341,33.9878,33.362,458,40690,0.225202,0.09,1,2989221,2988763,458
211232261,14.7951,34.3448,425,40742,0.240081,0.09,1,2989223,2988798,425
211235181,56.318,14.9379,507,40794,0.270032,0.11,1,2989307,2988800,507
211238101,38.1272,53.9752,453,40846,0.258013,0.11,1,2989333,2988880,453
211241021,28.4509,37.7901,448,40898,0.265205,0.11,1,2989355,2988907,448
211243941,47.3804,28.316,486,40950,0.292082,0.15,1,2989415,2988929,486
211267301,35.0701,33.9694,467,41359,0.274418,0.25,1,2989654,2989187,467
211270221,15.228,33.9878,435,41410,0.259767,0.25,1,2989656,2989221,435
211273141,56.4912,14.7951,517,41461,0.289907,0.29,1,2989740,2989223,517
211284821,44.7566,47.3804,437,41665,0.425262,0.31,1,2989852,2989415,437
211287741,31.1026,32.1521,437,41716,0.440105,0.31,1,2989874,2989437,437
211328621,32.1967,31.1026,444,42418,0.759194,0.47,2,2990318,2989874,444
211331541,27.8787,26.8411,445,42468,0.753678,0.49,2,2990343,2989898,445
211334461,27.3515,26.3364,446,42518,0.763471,0.49,2,2990370,2989924,446
211337381,22.9406,22.5346,446,42568,0.767388,0.53,2,2990390,2989944,446
211340301,25.9762,25.8138,446,42618,0.792955,0.55,2,2990418,2989972,446
211343221,43.3905,42.7255,447,42668,0.791182,0.55,2,2990473,2990026,447
211346141,34.1562,33.8902,447,42717,0.766473,0.51,2,2990501,2990054,447
211349061,34.6625,33.9561,448,42766,0.768589,0.55,2,2990536,2990088,448
211351981,15.065,14.7824,448,42815,0.769436,0.59,2,2990538,2990090,448
211354901,60.626,58.713,451,42864,0.757774,0.65,2,2990629,2990178,451
211357821,42.2504,39.6852,454,42913,0.80111,0.69,2,2990659,2990205,454
211360741,18.1002,17.0741,454,42962,0.794444,0.73,2,2990661,2990207,454
211363661,22.8401,21.2296,456,43011,0.839778,0.73,2,2990687,2990231,456
211366581,49.936,8.49185,524,43060,0.857911,0.77,2,2990755,2990231,524
211369501,33.1744,42.3967,481,43109,0.865164,0.77,2,2990777,2990296,481
211372421,27.6698,30.1587,483,43158,0.868066,0.75,2,2990801,2990318,483
211375341,27.8679,27.0635,486,43207,0.869226,0.77,2,2990829,2990343,486
211378261,23.1472,27.0254,479,43256,0.89369,0.77,2,2990849,2990370,479
211559301,329.653,363.632,473,20440,0.442,0.67,1,2993302,2992829,473
211598721,219.461,244.453,454,20440,0.2068,0.47,1,2993448,2992994,454
211604561,87.4338,85.3124,475,21370,0.046288,0.09,1,2993564,2993089,475
211607481,84.1735,83.925,474,21469,0.0245152,0,1,2993646,2993172,474
211610401,66.6694,88.77,437,21568,0.0278061,0.05,1,2993701,2993264,437
211613321,32.6678,44.508,432,21666,0.0171224,0.07,1,2993711,2993279,432
211616241,53.2671,31.6032,476,21764,0.036849,0.01,1,2993778,2993302,476
211619161,76.5068,64.2413,482,21861,0.0207396,0.03,1,2993870,2993388,482
211622081,60.0027,90.4965,423,21958,0.0382958,0.01,1,2993919,2993496,423
211625001,65.4011,76.9986,424,22055,0.0453183,0.01,1,2993988,2993564,424
211627921,75.9604,79.9994,425,22151,0.0361273,0.03,1,2994071,2993646,425
211630841,61.5842,64.9998,422,22247,0.0324509,0.01,1,2994123,2993701,422
211633761,31.8337,31.9999,424,22342,0.0189804,0.05,1,2994135,2993711,424
211636681,52.9335,53,424,22437,0.0975921,0.01,1,2994202,2993778,424
211642521,58.1494,30.56,470,22626,0.0720147,0.05,1,2994340,2993870,470
211645441,65.2597,41.624,491,22720,0.0588059,0.05,1,2994410,2993919,491
211648361,75.3039,58.0496,504,22813,0.0535224,0.03,1,2994492,2993988,504
211651281,61.3216,73.0198,473,22906,0.0514089,0.03,1,2994544,2994071,473
211654201,31.7286,60.4079,433,22999,0.0625636,0.01,1,2994556,2994123,433
211657121,57.0914,31.3632,495,23091,0.0790254,0.15,1,2994630,2994135,495
211660041,76.2366,52.7453,517,23183,0.0976102,0.11,1,2994719,2994202,517
211665881,65.4779,58.1192,493,23365,0.0960176,0.05,1,2994833,2994340,493
211671721,62.3165,75.2991,476,23546,0.0837628,0.05,1,2994968,2994492,476
211674641,32.7266,61.3196,437,23636,0.0995051,0.07,1,2994981,2994544,437
211683401,55.9985,76.2365,468,23904,0.201008,0.11,1,2995187,2994719,468
211686321,23.5994,55.6946,428,23993,0.206403,0.09,1,2995189,2994761,428
211689241,51.4398,65.4778,426,24081,0.232561,0.11,1,2995259,2994833,426
211692161,69.7759,74.7911,427,24169,0.243025,0.07,1,2995341,2994914,427
211695081,59.7104,62.3165,426,24257,0.24721,0.11,1,2995394,2994968,426
211698001,32.2841,32.7266,427,24344,0.248884,0.19,1,2995408,2994981,427
211700921,59.7137,57.4906,431,24431,0.249554,0.21,1,2995486,2995055,431
211718441,58.7176,59.7104,432,24947,0.441487,0.25,1,2995826,2995394,432
211756401,25.5132,58.4792,452,26030,0.754445,0.63,2,2996510,2996058,452
211759321,54.6053,24.5917,524,26111,0.787778,0.67,2,2996584,2996060,524
211762241,71.0421,53.0367,534,26192,0.801111,0.65,2,2996666,2996132,534
211765161,61.4168,71.0147,506,26273,0.818444,0.65,2,2996721,2996215,506
211768081,32.9667,60.2059,467,26354,0.837378,0.65,2,2996735,2996268,467
211771001,62.3867,32.4823,535,26434,0.856951,0.67,2,2996817,2996282,535
211879041,77.001,44.4422,575,29251,0.763446,1,2,2998801,2998226,575
211896561,37.7331,60.3523,494,29682,0.217727,1,1,2999100,2998606,494
211905321,13.6469,33.5025,468,29895,0.0900146,0.65,1,2999163,2998695,468
211908241,61.8588,77.001,456,29966,0.0360058,0.63,1,2999257,2998801,456
211911161,54.1435,62.0004,453,30037,0.0144023,0.61,1,2999306,2998853,453
211914081,33.0574,39.2002,448,30107,0.0237609,0.55,1,2999325,2998877,448
211917001,51.623,54.0801,448,30177,0.0275044,0.39,1,2999389,2998941,448
211919921,62.6492,70.832,436,30247,0.0890018,0.27,1,2999459,2999023,436
211937441,60.1184,61.8588,422,30664,0.098705,0,1,2999679,2999257,422
211940361,53.4473,54.1435,422,30733,0.081482,0.03,1,2999728,2999306,422
211943281,33.9789,33.0574,424,30802,0.0505928,0.03,1,2999749,2999325,424
211946201,51.3916,51.623,423,30871,0.0862371,0.13,1,2999812,2999389,423
211960801,28.9403,27.7398,431,31212,0.205296,0.19,1,3000016,2999585,431
211963721,12.7761,12.2959,431,31280,0.220118,0.19,1,3000018,2999587,431
211966641,54.3105,4.91837,513,31348,0.202047,0.05,1,3000100,2999587,513
211978321,67.1839,51.2027,501,31616,0.202692,0.13,1,3000313,2999812,501
211981241,58.0736,64.2811,480,31683,0.219077,0.19,1,3000365,2999885,480
211984161,36.4294,56.9124,450,31750,0.249631,0.17,1,3000387,2999937,450
211987081,33.7718,35.365,461,31817,0.273852,0.17,1,3000419,2999958,461
211990001,29.7087,33.346,456,31883,0.295541,0.23,1,3000446,2999990,456
211998761,51.1734,54.3101,479,32081,0.297075,0.15,1,3000579,3000100,479
212007521,67.6431,52.4598,508,32279,0.423413,0.21,1,3000744,3000236,508
212060081,50.7996,51.2067,445,33438,0.769464,0.47,2,3001460,3001015,445
212063001,21.5198,21.6827,445,33501,0.781785,0.51,2,3001462,3001017,445
212065921,23.0079,23.0731,445,33564,0.786714,0.53,2,3001486,3001041,445
212068841,49.4032,48.8292,446,33627,0.824686,0.59,2,3001553,3001107,446
212071761,70.7613,68.7317,449,33690,0.851874,0.59,2,3001638,3001189,449
212074681,63.7045,61.0927,452,33753,0.88675,0.67,2,3001697,3001245,452
212080521,36.5927,34.7348,455,33879,0.87508,0.67,2,3001756,3001301,455
212083441,30.8371,29.4939,456,33941,0.884032,0.71,2,3001783,3001327,456
212086361,13.5348,12.9976,456,34003,0.887613,0.77,2,3001785,3001329,456
212235281,32.698,37.3266,485,37041,0.84664,1,2,3003916,3003431,485
212238201,29.8792,32.3306,484,37098,0.752656,1,2,3003944,3003460,484
212246961,42.0163,45.1492,513,37269,0.25433,1,1,3004112,3003599,513
212252801,26.4026,30.3839,506,37383,0.0754928,1,1,3004161,3003655,506
212255721,29.761,28.3535,511,37440,0.0361971,1,1,3004193,3003682,511
212258641,38.3044,32.9414,519,37496,0.0324788,1,1,3004237,3003718,519
212261561,51.3218,43.1766,529,37552,0.0309915,1,1,3004297,3003768,529
212264481,35.5287,51.4706,497,37608,0.0303966,0.94,1,3004322,3003825,497
212267401,28.0115,38.5882,490,37664,0.0181586,0.91,1,3004345,3003855,490
212270321,28.0046,32.2353,490,37720,0.0252635,0.79,1,3004373,3003883,490
212273241,26.8018,32.6941,483,37776,0.0521054,0.69,1,3004399,3003916,483
212276161,45.5207,29.8776,513,37832,0.0628422,0.51,1,3004457,3003944,513
212279081,52.4083,56.3511,496,37888,0.0671369,0.23,1,3004514,3004018,496
212282001,36.5633,61.5404,457,37944,0.0448547,0.17,1,3004540,3004083,457
212284921,29.0253,42.0162,452,38000,0.0959419,0.07,1,3004564,3004112,452
212287841,24.8101,33.0065,447,38056,0.0923768,0.03,1,3004586,3004139,447
212290761,27.3241,26.4026,454,38112,0.0909507,0.01,1,3004615,3004161,454
212293681,37.3296,29.761,466,38167,0.0903803,0.03,1,3004659,3004193,466
212299521,34.7727,51.3218,446,38277,0.0588608,0.03,1,3004743,3004297,446
212302441,28.9091,35.5287,446,38332,0.0535443,0.01,1,3004768,3004322,446
212305361,28.3636,28.0115,451,38387,0.0634177,0.03,1,3004796,3004345,451
212308281,27.5455,28.0046,450,38442,0.0553671,0.07,1,3004823,3004373,450
212311201,45.2182,26.8018,481,38497,0.0641468,0.07,1,3004880,3004399,481
212314121,52.8873,45.5207,481,38552,0.0556587,0.07,1,3004938,3004457,481
212317041,36.7549,52.4083,450,38607,0.0642635,0.03,1,3004964,3004514,450
212319961,15.902,36.5633,426,38662,0.0677054,0.13,1,3004966,3004540,426
212322881,20.7608,29.0253,426,38717,0.0690822,0.09,1,3004990,3004564,426
212331641,37.8807,37.3296,426,38880,0.0781013,0.11,1,3005085,3004659,426
212334561,50.5523,50.9318,425,38934,0.0732405,0.03,1,3005144,3004719,425
212337481,34.6209,34.7727,425,38988,0.0472962,0.05,1,3005168,3004743,425
212340401,28.8484,28.9091,425,39042,0.0729185,0.07,1,3005193,3004768,425
212363761,21.7894,21.5043,426,39474,0.213048,0.13,1,3005438,3005012,426
212369601,36.2463,37.8807,422,39581,0.229688,0.07,1,3005507,3005085,422
212372521,50.4985,50.5523,423,39634,0.277875,0.03,1,3005567,3005144,423
212375441,35.7994,34.6209,425,39687,0.28515,0.09,1,3005593,3005168,425
212413401,35.5174,50.3991,459,40374,0.40464,0.29,1,3006026,3005567,459
212416321,31.007,35.7596,461,40426,0.419856,0.31,1,3006054,3005593,461
212419241,31.0028,29.9039,466,40478,0.437942,0.35,1,3006085,3005619,466
212483481,19.008,23.2949,451,41610,0.753968,0.55,2,3006781,3006330,451
212486401,36.4032,39.318,449,41661,0.787587,0.59,2,3006829,3006380,449
212489321,53.5613,53.5272,451,41712,0.789035,0.61,2,3006894,3006443,451
212492241,37.6245,36.4109,453,41763,0.825614,0.65,2,3006921,3006468,453
212495161,32.4498,31.3643,454,41814,0.828246,0.67,2,3006950,3006496,454
212498081,32.7799,31.7457,455,41864,0.865298,0.65,2,3006983,3006528,455
212501001,29.912,30.0983,454,41914,0.856119,0.75,2,3007011,3006557,454
212503921,50.3648,48.6393,457,41964,0.864448,0.73,2,3007075,3006618,457
212506841,56.7459,55.4557,458,42014,0.891779,0.73,2,3007136,3006678,458
212747741,177.585,175.004,496,20544,0.210617,0.47,1,3009903,3009407,496
212759421,71.1366,74.0417,455,20954,0.0896318,0.01,1,3010184,3009729,455
212762341,36.8546,57.8167,422,21055,0.0538527,0.05,1,3010198,3009776,422
212765261,36.9419,33.3267,442,21156,0.0275411,0.09,1,3010235,3009793,442
212768181,71.1767,79.3307,426,21256,0.0170164,0.15,1,3010329,3009903,426
212771101,81.8707,83.3323,429,21356,0.0488066,0.13,1,3010418,3009989,429
212774021,67.5483,68.1329,429,21455,0.0975226,0.15,1,3010476,3010047,429
212782781,34.9471,35.8485,423,21750,0.217681,0.01,1,3010621,3010198,423
212785701,36.1788,36.5394,423,21848,0.237073,0.01,1,3010658,3010235,423
212788621,70.2715,71.0158,422,21945,0.256829,0.07,1,3010751,3010329,422
212791541,83.9086,81.8063,426,22042,0.276732,0.13,1,3010844,3010418,426
212794461,69.5634,67.5225,428,22138,0.272693,0.19,1,3010904,3010476,428
212797381,68.6254,65.409,432,22234,0.295077,0.23,1,3010972,3010540,432
212811981,84.3408,61.5885,527,22707,0.410263,0.29,1,3011278,3010751,527
212814901,69.7363,80.4354,494,22800,0.410105,0.27,1,3011338,3010844,494
212820741,68.7578,68.0697,504,22986,0.405217,0.31,1,3011476,3010972,504
212823661,35.9031,68.0279,450,23078,0.408087,0.35,1,3011490,3011040,450
212826581,37.7613,35.6111,475,23170,0.445235,0.39,1,3011529,3011054,475
212852861,87.6931,72.7045,543,23980,0.760758,0.59,2,3012168,3011625,543
212855781,36.2773,84.8818,452,24068,0.766303,0.67,2,3012170,3011718,452
212858701,52.9109,70.5527,455,24156,0.804521,0.69,2,3012234,3011779,455
212861621,63.1644,70.2211,455,24244,0.831808,0.69,2,3012304,3011849,455
212864541,66.6657,68.8884,456,24331,0.890723,0.69,2,3012373,3011917,456
212867461,35.0663,35.9554,456,24418,0.890289,0.73,2,3012387,3011931,456
213022221,74.5568,41.8087,582,28654,0.802,1,2,3015408,3014826,582
213033901,79.4911,44.0015,578,28949,0.250883,1,1,3015658,3015080,578
213054341,41.4079,69.4226,470,29457,0.0851933,0.39,1,3015944,3015474,470
213074781,30.8534,36.499,430,29957,0.203409,0.15,1,3016207,3015777,430
213077701,59.1414,63.7996,426,30028,0.267364,0.13,1,3016285,3015859,426
213106901,61.6175,59.1414,435,30725,0.407767,0.33,1,3016720,3016285,435
213109821,59.447,57.8565,436,30794,0.433107,0.35,1,3016778,3016342,436
213112741,41.1788,39.9426,437,30863,0.431243,0.33,1,3016807,3016370,437
213115661,52.4715,51.377,438,30932,0.430497,0.39,1,3016867,3016429,438
213165301,65.5915,31.9583,533,32075,0.77452,0.55,2,3017611,3017078,533
213168221,62.2366,63.1833,509,32141,0.843808,0.59,2,3017671,3017162,509
213171141,41.6946,60.6733,478,32207,0.871523,0.59,2,3017699,3017221,478
213174061,53.2779,41.0693,511,32273,0.870609,0.61,2,3017760,3017249,511
213673381,33.5451,31.5228,494,42010,0.897626,1,2,3024460,3023966,494
213687981,37.2968,33.6559,500,42260,0.446328,1,1,3024661,3024161,500
213705501,35.8467,37.7672,485,42560,0.278475,0.99,1,3024848,3024363,485
213731781,30.9494,34.7187,436,43003,0.416037,0.31,1,3025130,3024694,436
213734701,26.7798,13.8875,460,43052,0.412415,0.39,1,3025154,3024694,460
213740541,26.4848,22.022,464,43150,0.429586,0.33,1,3025206,3024742,464
213798941,43.7537,29.5502,499,44118,0.773632,0.53,2,3025859,3025360,499
213801861,42.1015,43.0201,488,44166,0.783453,0.59,2,3025900,3025412,488
213804781,36.0406,40.008,482,44214,0.787381,0.61,2,3025932,3025450,482
213807701,26.4162,34.6032,471,44262,0.788952,0.61,2,3025952,3025481,471
213810621,33.9665,25.8413,490,44310,0.813581,0.61,2,3025991,3025501,490
213813541,32.7866,33.7365,483,44358,0.847432,0.59,2,3026023,3025540,483
213816461,27.5146,32.0946,476,44406,0.872973,0.63,2,3026047,3025571,476
213819381,27.2059,27.2378,479,44454,0.895189,0.61,2,3026074,3025595,479
213822301,12.0823,27.0951,454,44501,0.880076,0.67,2,3026076,3025622,454
214254461,336.923,366.462,489,23360,0.43,1,1,3031084,3030595,489
214301181,124.348,114.434,511,23451,0.0868,0.85,1,3031280,3030769,511
214304101,79.739,88.3736,490,23541,0.04072,0.71,1,3031330,3030840,490
214307021,77.4956,82.7494,487,23631,0.034288,0.35,1,3031406,3030919,487
214309941,66.3982,80.4998,467,23721,0.0437152,0.01,1,3031465,3030998,467
214312861,40.3593,68.1999,430,23810,0.0594861,0.01,1,3031488,3031058,430
214315781,19.7437,34.48,424,23899,0.0417944,0.05,1,3031494,3031070,424
214318701,33.0975,22.192,452,23988,0.0227178,0.03,1,3031536,3031084,452
214321621,75.639,69.4768,455,24076,0.0150871,0.03,1,3031640,3031185,455
214324541,67.4556,84.7907,422,24164,0.0480348,0.01,1,3031702,3031280,422
214327461,57.5822,63.9163,423,24252,0.0492139,0.03,1,3031753,3031330,423
214330381,69.2329,71.1665,424,24339,0.0496856,0.05,1,3031830,3031406,424
214333301,63.0932,63.8666,424,24426,0.0618742,0.07,1,3031889,3031465,424
214336221,38.4373,39.3466,423,24513,0.0787497,0.03,1,3031911,3031488,423
214342061,32.19,32.9355,422,24685,0.0618,0.01,1,3031958,3031536,422
214344981,76.476,75.5742,424,24771,0.04272,0.07,1,3032064,3031640,424
214347901,67.1904,67.4297,423,24857,0.071088,0.05,1,3032125,3031702,423
214350821,56.8762,57.5719,422,24942,0.0584352,0.05,1,3032175,3031753,422
214359581,39.0641,38.4366,426,25196,0.21134,0.13,1,3032337,3031911,426
214362501,19.2256,18.9746,426,25280,0.222536,0.03,1,3032343,3031917,426
214365421,29.8903,32.1899,422,25364,0.215014,0.03,1,3032380,3031958,422
214371261,67.4224,30.5904,484,25531,0.0836023,0.09,1,3032548,3032064,484
214374181,55.769,48.8362,471,25614,0.0874409,0.05,1,3032596,3032125,471
214382941,40.6252,63.4855,454,25861,0.208396,0.23,1,3032769,3032315,454
214385861,19.8501,38.5942,438,25943,0.233359,0.23,1,3032775,3032337,438
214388781,28.34,19.0377,466,26025,0.243343,0.21,1,3032809,3032343,466
214420901,56.4586,67.0544,476,26906,0.201786,0.11,1,3033448,3032972,476
214423821,23.7834,56.8218,428,26985,0.206714,0.21,1,3033450,3033022,428
214426741,65.3134,76.1287,432,27063,0.280686,0.19,1,3033543,3033111,432
214441341,67.9418,67.8663,431,27452,0.421655,0.19,1,3033767,3033336,431
214444261,63.7767,63.1465,432,27529,0.426662,0.21,1,3033828,3033396,432
214447181,56.7107,56.4586,432,27606,0.428665,0.21,1,3033880,3033448,432
214476381,24.0814,23.8843,443,28364,0.76853,0.47,2,3034325,3033882,443
214485141,45.1492,64.4086,477,28587,0.759346,0.61,2,3034522,3034045,477
214488061,21.6597,41.3634,457,28661,0.765738,0.61,2,3034528,3034071,457
214490981,32.0639,20.1454,490,28735,0.780295,0.67,2,3034567,3034077,490
214493901,72.2256,29.6581,553,28809,0.846118,0.73,2,3034666,3034113,553
214496821,66.0902,69.4633,519,28882,0.884447,0.73,2,3034728,3034209,519
214499741,58.2361,64.9853,510,28955,0.887779,0.75,2,3034781,3034271,510
214502661,24.4944,57.1941,460,29028,0.889112,0.79,2,3034783,3034323,460
214505581,67.9978,24.0776,555,29101,0.877645,0.71,2,3034880,3034325,555
214636981,349.419,389.508,465,13140,0.754,1,2,3037038,3036573,465
214645741,108.451,112.025,507,14325,0.224656,0.75,1,3037418,3036911,507
214648661,75.7803,85.0098,494,14473,0.203862,0.59,1,3037472,3036978,494
214651581,150.912,70.0039,635,14620,0.243545,0.35,1,3037673,3037038,635
214654501,125.165,149.802,540,14765,0.283418,0.17,1,3037781,3037241,540
214683701,123.562,119.525,454,16146,0.796915,0.67,2,3038672,3038218,454
214686621,90.8247,89.8099,453,16278,0.840766,0.63,2,3038741,3038288,453
214689541,68.7299,69.5239,451,16408,0.846306,0.59,2,3038795,3038344,451
214692461,28.6919,29.0096,451,16537,0.872523,0.79,2,3038797,3038346,451
214764001,81.0055,76.5238,512,19491,0.887219,1,2,3040982,3040470,512
214769841,54.3609,38.1638,530,19708,0.887155,1,2,3041108,3040578,530
214772761,61.3444,47.0655,543,19816,0.852862,0.97,2,3041174,3040631,543
214775681,40.7377,58.4262,504,19923,0.815145,1,2,3041201,3040697,504
214800501,44.1831,79.1156,453,20861,0.781136,0.59,2,3041901,3041448,453
214803421,73.4733,87.4463,453,20963,0.822454,0.63,2,3041994,3041541,453
214806341,47.3893,52.9785,453,21064,0.874982,0.63,2,3042024,3041571,453
214886641,54.657,82.7989,513,23721,0.870832,1,2,3043925,3043412,513
214889561,57.8628,51.1196,543,23810,0.774333,1,2,3043985,3043442,543
214904161,43.9154,49.1062,479,24252,0.444796,0.89,1,3044260,3043781,479
214936281,49.9591,49.9706,446,25196,0.771337,0.53,2,3044886,3044440,446
214939201,37.9836,37.9882,446,25280,0.782535,0.51,2,3044916,3044470,446
214942121,35.5935,34.3953,448,25364,0.775014,0.59,2,3044950,3044502,448
214945041,97.0374,94.7581,451,25448,0.796006,0.59,2,3045088,3044637,451
214947961,61.015,37.9032,488,25531,0.804402,0.63,2,3045125,3044637,488
214950881,43.606,36.1613,485,25614,0.795761,0.63,2,3045157,3044672,485
214953801,78.0424,34.2645,553,25697,0.792304,0.71,2,3045258,3044705,553
214956721,52.817,73.1058,490,25779,0.802922,0.79,2,3045294,3044804,490
214959641,51.1268,48.4423,508,25861,0.807169,0.79,2,3045344,3044836,508
214962561,38.4507,49.3769,488,25943,0.808868,0.79,2,3045374,3044886,488
214965481,35.1803,37.7508,491,26025,0.821547,0.77,2,3045407,3044916,491
214968401,98.0721,35.5003,597,26106,0.838619,0.81,2,3045547,3044950,597
214971321,62.0288,97.0001,497,26187,0.845448,0.81,2,3045585,3045088,497
214974241,44.0115,61,492,26268,0.848179,0.79,2,3045617,3045125,492
215073521,70.2488,111.193,520,28882,0.855683,1,2,3047509,3046989,520
215076441,49.0995,69.0771,514,28955,0.792273,1,2,3047544,3047030,514
215079361,37.6398,47.4309,511,29028,0.754909,1,2,3047574,3047063,511
215117321,31.2296,39.8489,454,29962,0.756757,0.61,2,3048154,3047700,454
215120241,31.6918,36.3396,452,30033,0.764703,0.61,2,3048186,3047734,452
215123161,33.0767,34.9358,452,30103,0.791881,0.57,2,3048220,3047768,452
215126081,111.031,111.774,452,30173,0.838752,0.65,2,3048383,3047931,452
215277921,97.4925,103.121,489,33625,0.8212,1,2,3050755,3050266,489
215298361,30.0598,30.1762,485,34063,0.0968405,1,1,3051014,3050529,485
215301281,24.0239,21.0705,490,34125,0.0387362,1,1,3051034,3050544,490
215304201,24.0096,28.8282,480,34187,0.0154945,0.88,1,3051058,3050578,480
215307121,31.2038,33.7313,479,34249,0.0361978,0.88,1,3051094,3050615,479
215310041,83.2815,13.4925,597,34311,0.0204791,0.75,1,3051212,3050615,597
215312961,55.5126,89.397,494,34373,0.0261916,0.65,1,3051249,3050755,494
215315881,42.005,60.9588,485,34435,0.0644767,0.55,1,3051282,3050797,485
215318801,33.002,48.9835,471,34496,0.0317907,0.49,1,3051309,3050838,471
215321721,30.6008,38.1934,469,34557,0.0307163,0.43,1,3051338,3050869,469
215324641,40.4403,34.4774,484,34618,0.0542865,0.23,1,3051385,3050901,484
215327561,32.3761,46.7909,456,34679,0.0517146,0.11,1,3051412,3050956,456
215330481,26.7505,39.1164,445,34740,0.0746858,0.03,1,3051435,3050990,445
215333401,23.9002,30.0466,443,34801,0.0298743,0,1,3051457,3051014,443
215336321,22.7601,24.0186,445,34862,0.0419497,0,1,3051479,3051034,445
215339241,30.704,24.0074,457,34923,0.0587799,0.05,1,3051515,3051058,457
215342161,83.6816,31.203,540,34984,0.065512,0.01,1,3051634,3051094,540
215345081,56.2726,83.2812,460,35044,0.0562048,0.03,1,3051672,3051212,460
215348001,41.7091,55.5125,455,35104,0.0884819,0.09,1,3051704,3051249,455
215350921,32.2836,42.005,448,35164,0.0893928,0.01,1,3051730,3051282,448
215353841,31.5134,33.002,452,35224,0.0357571,0.03,1,3051761,3051309,452
215356761,40.8054,30.6008,470,35284,0.0683028,0.07,1,3051808,3051338,470
215365521,25.5555,26.7505,447,35464,0.0612514,0,1,3051882,3051435,447
215368441,21.0222,23.9002,443,35524,0.0425006,0.05,1,3051900,3051457,443
215371361,30.0089,22.7601,457,35584,0.0470002,0.07,1,3051936,3051479,457
215374281,84.0036,30.704,541,35643,0.0848001,0.07,1,3052056,3051515,541
215391801,42.004,40.8054,427,35997,0.210301,0.13,1,3052235,3051808,427
215394721,34.8016,33.7222,428,36056,0.258121,0.11,1,3052265,3051837,428
215397641,24.7206,24.8889,427,36115,0.253248,0.03,1,3052283,3051856,427
215400561,22.4883,25.5555,422,36174,0.239299,0.03,1,3052304,3051882,422
215409321,87.2633,84.0036,428,36348,0.0952351,0.13,1,3052484,3052056,428
215412241,36.1053,34.8014,428,36406,0.0800941,0.17,1,3052486,3052058,428
215415161,37.2421,36.7206,428,36464,0.0740376,0.11,1,3052524,3052096,428
215418081,35.2968,35.6882,427,36522,0.083615,0.17,1,3052558,3052131,427
215421001,29.7187,29.2753,428,36580,0.099446,0.15,1,3052584,3052156,428
215423921,28.6875,28.5101,428,36638,0.0817784,0.25,1,3052612,3052184,428
215450201,36.7115,37.2421,423,37153,0.20615,0.07,1,3052947,3052524,423
215453121,35.6846,14.8968,458,37210,0.23246,0.09,1,3052982,3052524,458
215456041,29.8738,26.3587,450,37267,0.218984,0.11,1,3053008,3052558,450
215458961,28.7495,26.1435,452,37324,0.225594,0.07,1,3053036,3052584,452
215461881,46.8998,27.2574,483,37381,0.240237,0.15,1,3053095,3052612,483
215464801,36.7599,45.103,456,37438,0.258095,0.11,1,3053125,3052669,456
215467721,26.704,36.0412,446,37494,0.253238,0.13,1,3053145,3052699,446
215470641,21.4816,25.2165,446,37550,0.251295,0.15,1,3053163,3052717,446
215473561,19.3926,20.8866,446,37606,0.250518,0.15,1,3053181,3052735,446
215476481,26.9571,19.1546,460,37662,0.262207,0.19,1,3053213,3052753,460
215479401,84.5828,26.8619,551,37718,0.254883,0.17,1,3053336,3052785,551
215482321,35.0331,83.9447,431,37774,0.251953,0.17,1,3053338,3052907,431
215485241,38.6133,34.7779,470,37830,0.274781,0.23,1,3053379,3052909,470
215488161,35.8453,36.7112,466,37886,0.283913,0.25,1,3053413,3052947,466
215491081,30.5381,35.6845,458,37942,0.275565,0.21,1,3053440,3052982,458
215511521,27.5145,19.3926,466,38330,0.425038,0.27,1,3053647,3053181,466
215552401,86.5877,84.2058,447,39094,0.7664,0.51,2,3054216,3053769,447
215555321,35.8351,34.8823,447,39148,0.79256,0.49,2,3054218,3053771,447
215558241,39.534,39.7529,446,39202,0.803024,0.53,2,3054260,3053814,446
215561161,38.0136,36.3012,449,39256,0.79521,0.55,2,3054297,3053848,449
215564081,32.6054,31.3205,450,39310,0.780084,0.55,2,3054326,3053876,450
215567001,14.2422,13.7282,450,39364,0.774033,0.63,2,3054328,3053878,450
215569921,24.2969,23.4913,451,39418,0.783613,0.59,2,3054359,3053908,451
215572841,45.1187,44.1965,452,39472,0.787445,0.69,2,3054418,3053966,452
215575761,40.2475,38.6786,454,39526,0.800978,0.69,2,3054455,3054001,454
215578681,26.899,26.2714,454,39579,0.806391,0.69,2,3054473,3054019,454
215581601,22.1596,21.3086,455,39632,0.820556,0.69,2,3054492,3054037,455
215584521,20.8638,19.9234,456,39685,0.826223,0.71,2,3054512,3054056,456
215587441,30.5455,28.9694,458,39738,0.864489,0.81,2,3054549,3054091,458
215590361,88.4182,86.5877,460,39791,0.891796,0.81,2,3054676,3054216,460
215768481,28.5029,38.6175,498,42907,0.872896,1,2,3056800,3056302,498
215771401,22.8011,32.847,488,42956,0.859158,1,2,3056819,3056331,488
215774321,29.5205,26.9388,499,43005,0.793663,1,2,3056853,3056354,499
215794761,34.722,48.7983,506,43348,0.281734,1,1,3057119,3056613,506
215797681,34.8888,37.5193,511,43397,0.238693,1,1,3057154,3056643,511
215800601,32.5555,36.0077,507,43446,0.221477,0.94,1,3057185,3056678,507
215803521,31.0222,33.6031,505,43495,0.214591,1,1,3057215,3056710,505
215823961,23.2063,29.3233,470,43832,0.22148,0.55,1,3057385,3056915,470
215826881,28.4825,24.3293,481,43880,0.214592,0.45,1,3057417,3056936,481
215832721,39.1172,67.0127,461,43976,0.229935,0.29,1,3057525,3057064,461
215835641,33.6469,41.8051,466,44024,0.241974,0.25,1,3057555,3057089,466
215838561,31.4588,34.722,466,44072,0.28279,0.21,1,3057585,3057119,466
215841481,30.5835,34.8888,461,44120,0.299116,0.21,1,3057615,3057154,461
215856081,27.7519,18.4974,463,44360,0.417793,0.21,1,3057742,3057279,463
215859001,27.9008,26.599,459,44408,0.425117,0.19,1,3057770,3057311,459
215861921,26.1603,28.0396,455,44456,0.416047,0.17,1,3057795,3057340,455
215864841,11.6641,25.0158,434,44503,0.412419,0.25,1,3057797,3057363,434
215867761,17.8656,23.2063,434,44550,0.410967,0.21,1,3057819,3057385,434
215870681,25.1463,28.4825,432,44597,0.422387,0.19,1,3057849,3057417,432
215949521,25.7075,25.6931,452,45856,0.763593,0.65,2,3058689,3058237,452
215952441,11.483,11.4772,452,45902,0.755437,0.61,2,3058691,3058239,452
215955361,17.7932,17.7909,452,45948,0.788175,0.61,2,3058713,3058261,452
215958281,26.3173,7.11636,484,45994,0.77727,0.65,2,3058745,3058261,484
215961201,63.9269,21.4465,542,46040,0.796908,0.61,2,3058834,3058292,542
215964121,41.7708,63.1786,478,46086,0.792763,0.65,2,3058861,3058383,478
215967041,36.5083,41.4714,484,46132,0.803105,0.67,2,3058894,3058410,484
215969961,34.4033,35.7886,485,46178,0.819242,0.71,2,3058927,3058442,485
215972881,31.7613,32.9154,484,46224,0.837697,0.69,2,3058957,3058473,484
215975801,31.9045,31.7662,485,46270,0.869079,0.69,2,3058989,3058504,485
215978721,28.3618,31.9065,479,46316,0.893632,0.69,2,3059015,3058536,479
216148081,30.9806,18.1283,516,48883,0.875919,1,2,3060767,3060251,516
216151001,33.3923,24.0513,523,48926,0.836367,1,2,3060802,3060279,523
216153921,29.5569,34.2205,509,48969,0.820547,1,2,3060829,3060320,509
216156841,33.4228,32.8882,513,49012,0.766219,1,2,3060865,3060352,513
216229841,22.8799,20.7367,475,50076,0.75467,0.61,2,3061571,3061096,475
216232761,25.952,22.6947,479,50118,0.763868,0.57,2,3061599,3061120,479
216235681,21.7808,27.0779,468,50160,0.791547,0.57,2,3061618,3061150,468
216238601,33.9123,23.4311,489,50202,0.790619,0.65,2,3061660,3061171,489
216241521,27.3649,32.1725,474,50244,0.802248,0.63,2,3061683,3061209,474
216244441,30.746,26.069,485,50286,0.794899,0.63,2,3061716,3061231,485
216247361,13.4984,31.4276,452,50328,0.79196,0.63,2,3061718,3061266,452
216250281,21.5994,28.171,453,50370,0.814784,0.61,2,3061745,3061292,453
216253201,30.2397,32.2684,454,50412,0.859914,0.65,2,3061781,3061327,454
216256121,31.2959,32.1074,454,50454,0.889965,0.67,2,3061813,3061359,454
216259041,30.5184,30.2429,455,50496,0.889986,0.67,2,3061843,3061388,455
216261961,30.2073,30.0972,455,50538,0.865995,0.67,2,3061873,3061418,455
216264881,31.8829,31.2389,456,50580,0.868398,0.69,2,3061906,3061450,456
216480961,335.801,352.821,506,24820,0.754,0.89,2,3064238,3063732,506
216553961,37.6802,33.3192,486,25908,0.752601,0.53,2,3065161,3064675,486
216556881,42.6721,36.7277,493,25990,0.76304,0.53,2,3065207,3064714,493
216559801,66.2688,42.2911,529,26072,0.791216,0.59,2,3065289,3064760,529
216562721,67.9075,63.7164,520,26153,0.838486,0.63,2,3065358,3064838,520
216565641,83.563,65.6866,547,26234,0.845395,0.71,2,3065452,3064905,547
216568561,73.0252,82.0746,520,26315,0.872158,0.71,2,3065518,3064998,520
216574401,34.964,49.4919,482,26476,0.896745,0.75,2,3065579,3065097,482
216682441,33.3215,31.8349,514,29291,0.87352,1,2,3067519,3067005,514
216691201,68.7566,59.4454,550,29507,0.298545,1,1,3067715,3067165,550
216697041,53.7211,86.4313,499,29651,0.0849672,1,1,3067839,3067340,499
216720401,57.9138,68.7566,429,30217,0.235129,0.03,1,3068144,3067715,429
216723321,72.9655,80.3026,424,30287,0.244052,0.05,1,3068227,3067803,424
216726241,50.7862,53.7211,424,30357,0.211621,0.13,1,3068263,3067839,424
216749601,60.3947,57.9138,433,30911,0.214573,0.25,1,3068577,3068144,433
216752521,72.1579,72.9655,430,30979,0.247829,0.19,1,3068657,3068227,430
216755441,48.6631,50.7862,427,31047,0.249132,0.13,1,3068690,3068263,427
216758361,57.2653,58.7145,426,31115,0.261653,0.11,1,3068753,3068327,426
216761281,39.7061,39.6858,427,31183,0.290661,0.11,1,3068781,3068354,427
216764201,17.0824,17.0743,427,31251,0.278264,0.15,1,3068783,3068356,427
216767121,20.033,21.2297,425,31319,0.273306,0.15,1,3068805,3068380,425
216770041,30.8132,8.49189,463,31387,0.295322,0.19,1,3068843,3068380,463
216781721,73.48,60.0686,512,31655,0.423,0.27,1,3069089,3068577,512
216840121,62.3401,62.7487,454,32966,0.790302,0.67,2,3069902,3069448,454
216843041,76.536,76.0995,455,33030,0.814121,0.65,2,3069988,3069533,455
216845961,49.8144,50.2398,454,33094,0.835648,0.67,2,3070020,3069566,454
216848881,62.5258,61.4959,456,33158,0.880259,0.69,2,3070091,3069635,456
216851801,42.4103,41.9984,456,33222,0.874104,0.69,2,3070120,3069664,456
216854721,18.1641,17.9993,456,33286,0.871641,0.69,2,3070122,3069666,456
216857641,20.4656,20.3997,456,33350,0.894657,0.69,2,3070144,3069688,456
217034301,222.666,192.632,537,16192,0.439212,0.55,1,3072805,3072268,537
217037221,152.666,157.453,509,16323,0.445685,0.33,1,3072911,3072402,509
217040141,104.266,132.581,465,16453,0.424274,0.25,1,3072983,3072518,465
217078101,132.136,37.0184,648,18057,0.830775,0.65,2,3074147,3073499,648
217081021,54.0546,131.807,455,18175,0.86631,0.71,2,3074149,3073694,455
217083941,89.4218,119.323,457,18292,0.868524,0.71,2,3074262,3073805,457
217145261,47.4606,67.0345,508,20591,0.89416,1,2,3075847,3075339,508
217189061,115.07,111.28,452,22086,0.751553,0.65,2,3076926,3076474,452
217191981,65.2282,63.7119,452,22182,0.786621,0.65,2,3076958,3076506,452
217194901,81.8913,81.2848,452,22278,0.836648,0.67,2,3077051,3076599,452
217300021,97.569,102.968,484,25480,0.839152,1,2,3079300,3078816,484
217317541,31.7584,43.0083,495,25975,0.439168,0.94,1,3079593,3079098,495
217320461,33.7034,32.8033,504,26057,0.409667,0.94,1,3079628,3079124,504
217329221,71.109,60.6114,534,26300,0.411419,0.57,1,3079870,3079336,534
217332141,69.2436,78.2446,512,26381,0.434567,0.49,1,3079938,3079426,512
217335061,48.6974,72.0978,479,26461,0.431827,0.47,1,3079973,3079494,479
217337981,42.879,49.2391,484,26541,0.430731,0.47,1,3080012,3079528,484
217370101,32.0626,30.9806,446,27406,0.757171,0.61,2,3080512,3080066,446
217373021,92.625,88.5923,452,27483,0.848868,0.67,2,3080645,3080193,452
217375941,61.65,58.2369,455,27560,0.825547,0.67,2,3080686,3080231,455
217378861,25.86,24.4948,455,27637,0.840219,0.73,2,3080688,3080233,455
217381781,58.944,57.7979,456,27714,0.834088,0.77,2,3080769,3080313,456
217384701,64.9776,63.3192,458,27790,0.831635,0.73,2,3080838,3080380,458
217387621,46.391,45.7277,458,27866,0.842654,0.71,2,3080872,3080414,458
217390541,42.5564,42.8911,457,27942,0.847062,0.75,2,3080912,3080455,457
217393461,33.2226,32.1564,459,28018,0.884825,0.77,2,3080939,3080480,459
217396381,33.089,32.0626,460,28094,0.86393,0.91,2,3080972,3080512,460
217524861,42.5826,42.1865,498,31236,0.85576,1,2,3083249,3082751,498
217527781,37.433,39.6746,494,31304,0.828304,1,2,3083283,3082789,494
217530701,34.1732,15.8698,526,31372,0.781322,1,2,3083315,3082789,526
217545301,65.5128,62.2649,537,31707,0.295991,0.9,1,3083603,3083066,537
217548221,47.2051,64.506,506,31774,0.220396,1,1,3083638,3083132,506
217574501,60.7589,55.782,503,32368,0.218657,0.25,1,3084034,3083531,503
217577421,46.5036,65.5128,468,32433,0.249463,0.17,1,3084071,3083603,468
217580341,36.0014,47.2051,462,32498,0.249785,0.13,1,3084100,3083638,462
217583261,37.8006,39.882,466,32563,0.285914,0.15,1,3084139,3083673,466
217594941,11.5565,25.8946,430,32823,0.404519,0.17,1,3084225,3083795,430
217597861,18.4226,22.3578,433,32887,0.419808,0.19,1,3084248,3083815,433
217600781,76.969,79.7431,431,32951,0.449923,0.17,1,3084364,3083933,431
217641661,49.7807,47.79,452,33839,0.753262,0.65,2,3084958,3084506,452
217644581,36.7123,35.916,452,33901,0.763305,0.69,2,3084986,3084534,452
217647501,42.2849,40.7664,454,33963,0.779322,0.65,2,3085032,3084578,454
217650421,36.114,36.7066,452,34025,0.797729,0.59,2,3085064,3084612,452
217653341,32.4456,33.2826,451,34087,0.817092,0.59,2,3085094,3084643,451
217656261,26.1782,26.513,451,34149,0.848837,0.59,2,3085116,3084665,451
217659181,11.6713,11.8052,451,34211,0.885535,0.59,2,3085118,3084667,451
217662101,19.6685,4.72209,476,34273,0.864214,0.61,2,3085143,3084667,476
217665021,78.6674,16.2888,570,34335,0.867686,0.67,2,3085261,3084691,570
217667941,52.467,77.3155,487,34397,0.869074,0.63,2,3085296,3084809,487
217670861,68.9868,51.9262,532,34458,0.85763,0.69,2,3085376,3084844,532
217673781,52.1947,65.7705,498,34519,0.865052,0.81,2,3085417,3084919,498
217676701,37.6779,49.7082,487,34580,0.868021,0.77,2,3085445,3084958,487
217679621,43.2712,36.6833,506,34641,0.869208,0.79,2,3085492,3084986,506
217682541,37.7085,42.2733,494,34702,0.881683,0.81,2,3085526,3085032,494
217685461,33.6834,36.1093,493,34763,0.874673,0.83,2,3085557,3085064,493
217688381,27.2734,32.4437,486,34824,0.883869,0.87,2,3085580,3085094,486
217691301,12.1093,26.1775,466,34885,0.887548,0.91,2,3085582,3085116,466
217805181,35.7124,36.3154,494,37173,0.88504,1,2,3087229,3086735,494
217808101,35.285,14.5262,529,37230,0.870016,1,2,3087264,3086735,529
217811021,37.514,38.2105,514,37287,0.798006,1,2,3087303,3086789,514
217825621,29.5557,33.9529,504,37569,0.270856,1,1,3087489,3086985,504
217828541,29.8223,30.3811,506,37625,0.222343,1,1,3087519,3087013,506
217837301,47.6046,73.2004,506,37793,0.0663099,1,1,3087674,3087168,506
217840221,33.4418,50.2802,495,37849,0.044524,0.81,1,3087698,3087203,495
217843141,30.1767,35.7121,497,37905,0.0238096,0.86,1,3087726,3087229,497
217846061,33.0707,35.2848,497,37961,0.0875238,0.75,1,3087761,3087264,497
217851901,40.4513,34.2056,499,38073,0.0920038,0.47,1,3087834,3087335,499
217854821,36.5805,46.6822,478,38128,0.0908015,0.41,1,3087868,3087390,478
217860661,26.4929,39.3892,455,38238,0.0829282,0.21,1,3087921,3087466,455
217872341,45.0062,65.0116,459,38458,0.213563,0.03,1,3088097,3087638,459
217881101,12.6244,30.1767,423,38623,0.203508,0.13,1,3088149,3087726,423
217884021,29.0498,33.0707,428,38678,0.243403,0.15,1,3088189,3087761,428
217886941,25.4199,27.6283,427,38733,0.247361,0.07,1,3088212,3087785,427
217889861,38.968,40.4513,426,38788,0.248945,0.09,1,3088260,3087834,426
217892781,37.7872,36.5805,429,38842,0.273578,0.11,1,3088297,3087868,429
217895701,32.5149,33.2322,427,38896,0.283431,0.07,1,3088326,3087899,427
217904461,31.577,30.0389,433,39058,0.41486,0.19,1,3088412,3087979,433
217907381,63.6308,63.0155,433,39112,0.423944,0.23,1,3088497,3088064,433
217910301,44.0523,45.0062,431,39166,0.439578,0.19,1,3088528,3088097,431
217913221,32.0209,32.4025,431,39220,0.445831,0.19,1,3088552,3088121,431
217921981,29.7213,29.0498,433,39382,0.432453,0.25,1,3088622,3088189,433
217924901,26.2885,25.4199,434,39436,0.442981,0.25,1,3088646,3088212,434
217927821,39.3154,38.968,434,39490,0.447193,0.29,1,3088694,3088260,434
217930741,37.9262,37.7872,434,39543,0.436877,0.29,1,3088731,3088297,434
217933661,33.7705,32.5149,436,39596,0.444751,0.37,1,3088762,3088326,436
218021261,67.422,33.9377,540,41165,0.797169,0.65,2,3089841,3089301,540
218024181,46.7688,65.7751,486,41216,0.852868,0.63,2,3089874,3089388,486
218027101,33.1075,46.11,477,41267,0.887147,0.63,2,3089898,3089421,477
218196461,35.7796,31.9235,517,44135,0.86824,1,2,3091865,3091348,517
218199381,34.7118,30.1694,522,44183,0.821296,1,2,3091899,3091377,522
218202301,33.6847,33.6678,519,44231,0.838518,1,2,3091932,3091413,519
218243181,28.7586,34.7118,462,44893,0.752745,0.85,2,3092361,3091899,462
218251941,31.7206,35.0296,454,45034,0.784256,0.63,2,3092457,3092003,454
218254861,27.0882,29.6118,452,45081,0.799702,0.53,2,3092481,3092029,452
218257781,25.8353,26.2447,453,45128,0.793881,0.59,2,3092506,3092053,453
218260701,32.5341,32.0979,454,45175,0.815552,0.59,2,3092543,3092089,454
218263621,29.8136,30.2392,453,45222,0.800221,0.65,2,3092571,3092118,453
218266541,18.5255,20.4957,450,45269,0.818088,0.65,2,3092582,3092132,450
218269461,8.61018,9.39826,450,45316,0.825235,0.57,2,3092584,3092134,450
218272381,49.0441,46.9593,454,45363,0.816094,0.63,2,3092660,3092206,454
218275301,35.8176,34.3837,455,45409,0.848438,0.71,2,3092687,3092232,455
218278221,43.1271,41.3535,457,45455,0.873375,0.73,2,3092735,3092278,457
218281141,30.4508,32.7414,452,45501,0.88335,0.69,2,3092757,3092305,452
218284061,32.5803,29.8966,458,45547,0.89934,0.79,2,3092791,3092333,458
218491381,28.1767,25.1026,509,48724,0.896499,1,2,3094991,3094482,509
218494301,25.0707,16.041,522,48767,0.832599,1,2,3095014,3094492,522
218497221,13.6283,22.6164,501,48810,0.78304,1,2,3095020,3094519,501
218500141,23.4513,29.4466,497,48853,0.763216,1,2,3095050,3094553,497
218523501,31.7661,32.7232,507,49197,0.416153,0.99,1,3095309,3094802,507
218555621,29.6635,37.7122,475,49668,0.41938,0.61,1,3095599,3095124,475
218558541,29.8654,31.2849,478,49710,0.425752,0.61,1,3095629,3095151,478
218561461,28.7462,31.114,475,49752,0.428301,0.47,1,3095657,3095182,475
218564381,30.0985,26.8456,482,49794,0.44132,0.47,1,3095688,3095206,482
218567301,33.0394,33.5382,479,49836,0.434528,0.43,1,3095723,3095244,479
218570221,26.4158,34.4153,466,49878,0.443811,0.39,1,3095745,3095279,466
218573141,33.3663,31.7661,474,49920,0.447525,0.35,1,3095783,3095309,474
218625701,31.0186,30.1465,446,50676,0.767066,0.51,2,3096257,3095811,446
218628621,26.8074,25.8586,447,50718,0.804826,0.51,2,3096281,3095834,447
218631541,29.923,29.5434,447,50760,0.831931,0.53,2,3096313,3095866,447
218634461,27.5692,26.8174,448,50801,0.854772,0.53,2,3096339,3095891,448
218637381,23.0277,22.727,448,50842,0.875909,0.53,2,3096359,3095911,448
218640301,11.6111,11.4908,448,50883,0.860364,0.53,2,3096363,3095915,448
218643221,20.8444,20.1963,449,50924,0.878145,0.55,2,3096390,3095941,449
218646141,25.1378,24.8785,449,50965,0.861258,0.59,2,3096418,3095969,449
218649061,37.0551,35.7514,451,51006,0.866503,0.59,2,3096463,3096012,451
218651981,16.022,15.5006,451,51047,0.868601,0.63,2,3096465,3096014,451
218654901,23.2088,23.0002,451,51088,0.869441,0.59,2,3096493,3096042,451
218663661,29.2054,28.352,453,51211,0.897324,0.69,2,3096583,3096130,453
218897261,248.79,264.788,472,23360,0.2692,0.17,1,3099038,3098566,472
218926461,145.166,141.606,457,24905,0.085072,0,1,3099387,3098930,457
218929381,101.867,106.442,447,24990,0.0520288,0.01,1,3099460,3099013,447
218932301,54.5466,57.577,445,25075,0.0868115,0.01,1,3099483,3099038,445
218938141,61.8875,59.0123,453,25244,0.0870898,0.05,1,3099622,3099169,453
218941061,56.555,62.6049,441,25328,0.0768359,0.07,1,3099675,3099234,441
218943981,32.822,38.842,435,25412,0.0847344,0.03,1,3099692,3099257,435
218946901,26.3288,29.3368,434,25495,0.0878938,0.05,1,3099714,3099280,434
218949821,67.5315,39.9347,482,25578,0.0651575,0.05,1,3099809,3099327,482
218952741,72.6126,51.9739,498,25661,0.032063,0.03,1,3099885,3099387,498
218955661,42.245,64.5896,447,25744,0.0548252,0.11,1,3099907,3099460,447
218958581,69.098,39.6358,511,25826,0.0639301,0.13,1,3099994,3099483,511
218961501,58.8392,66.2543,479,25908,0.079572,0.07,1,3100046,3099567,479
218973181,65.7495,26.1761,517,26234,0.219717,0.05,1,3100231,3099714,517
219011141,58.0755,59.3264,430,27266,0.200433,0.19,1,3100901,3100471,430
219014061,58.0302,57.9306,431,27344,0.242173,0.21,1,3100959,3100528,431
219016981,34.6121,34.5722,431,27421,0.270869,0.19,1,3100978,3100547,431
219019901,27.0448,27.0289,431,27498,0.294348,0.17,1,3101000,3100569,431
219028661,53.8349,53.9299,430,27729,0.440998,0.17,1,3101167,3100737,430
219075381,72.2969,27.6047,552,28927,0.778037,0.69,2,3101987,3101435,552
219078301,30.1188,70.4419,455,29000,0.797215,0.65,2,3101989,3101534,455
219081221,58.2475,29.3767,530,29073,0.840886,0.73,2,3102066,3101536,530
219084141,37.699,56.7507,479,29146,0.882354,0.69,2,3102090,3101611,479
219218461,49.8354,29.9942,552,32318,0.86056,1,2,3104318,3103766,552
219221381,41.5342,68.3977,494,32383,0.770224,1,2,3104354,3103860,494
219241821,45.1618,63.9288,468,32838,0.426167,0.96,1,3104665,3104197,468
219250581,47.7224,49.8354,463,33030,0.440315,0.71,1,3104781,3104318,463
219282701,47.9778,47.7224,443,33728,0.764948,0.47,2,3105224,3104781,443
219285621,37.1911,37.0889,443,33791,0.779979,0.47,2,3105254,3104811,443
219288541,55.0765,54.4356,444,33854,0.785992,0.53,2,3105321,3104877,444
219291461,43.0306,41.5742,446,33916,0.824397,0.55,2,3105356,3104910,446
219294381,28.6122,28.6297,445,33978,0.839759,0.55,2,3105375,3104930,445
219297301,52.2449,49.8519,449,34040,0.857903,0.59,2,3105443,3104994,449
219300221,51.498,48.7408,452,34102,0.853161,0.63,2,3105494,3105042,452
219303141,24.1992,23.6963,451,34164,0.851265,0.71,2,3105500,3105049,451
219490021,41.2209,38.8074,530,37920,0.76408,1,2,3108150,3107620,530
219501701,30.0713,33.8927,514,38143,0.2934,1,1,3108279,3107765,514
219510461,47.5726,65.2171,503,38308,0.0432576,1,1,3108438,3107935,503
219513381,43.029,45.8869,510,38363,0.059303,1,1,3108478,3107968,510
219516301,34.6116,38.7547,505,38418,0.0537212,0.95,1,3108507,3108002,505
219519221,33.0446,34.7019,505,38473,0.0394885,0.9,1,3108539,3108034,505
219522141,32.4179,34.8808,502,38528,0.0337954,0.89,1,3108571,3108069,502
219525061,32.7671,35.5523,499,38583,0.0675182,0.67,1,3108604,3108105,499
219527981,14.3069,41.2209,456,38638,0.0810073,0.55,1,3108606,3108150,456
219530901,23.1227,37.4884,450,38693,0.0984029,0.37,1,3108635,3108185,450
219548421,46.8333,47.5726,424,39019,0.0832453,0.07,1,3108862,3108438,424
219551341,43.3333,43.029,425,39073,0.0632981,0.05,1,3108903,3108478,425
219554261,34.1333,34.6116,424,39127,0.0553192,0.03,1,3108931,3108507,424
219557181,32.2533,33.0446,423,39181,0.0881277,0.03,1,3108962,3108539,423
219574701,26.788,25.2996,430,39505,0.216824,0.17,1,3109119,3108689,430
219577621,21.5152,21.5199,429,39558,0.224729,0.17,1,3109137,3108708,429
219580541,30.8061,30.2079,430,39611,0.239892,0.11,1,3109174,3108744,430
219583461,56.1224,60.0832,423,39664,0.209957,0.05,1,3109247,3108824,423
219598061,33.9174,33.3013,426,39929,0.204316,0.15,1,3109422,3108996,426
219600981,34.567,33.7205,427,39982,0.219727,0.15,1,3109457,3109030,427
219603901,15.0268,14.6882,427,40035,0.225891,0.15,1,3109459,3109032,427
219606821,24.0107,22.6753,429,40088,0.240356,0.15,1,3109489,3109060,429
219609741,30.6043,9.07011,464,40141,0.258143,0.23,1,3109524,3109060,464
219612661,27.2417,24.028,455,40194,0.253257,0.23,1,3109549,3109094,455
219615581,22.8967,24.6112,450,40247,0.251303,0.23,1,3109569,3109119,450
219618501,30.7587,20.6445,468,40299,0.262521,0.25,1,3109605,3109137,468
219621421,54.3035,30.4578,501,40351,0.279008,0.19,1,3109675,3109174,501
219624341,42.1214,55.9831,462,40403,0.285603,0.09,1,3109709,3109247,462
219638941,35.3945,33.916,467,40663,0.409629,0.23,1,3109889,3109422,467
219641861,15.3578,34.5664,434,40715,0.433851,0.23,1,3109891,3109457,434
219726541,31.1069,31.5082,444,42193,0.756366,0.47,2,3110846,3110402,444
219729461,27.4428,27.0033,445,42243,0.800546,0.47,2,3110871,3110426,445
219732381,12.1771,12.0013,445,42293,0.818219,0.49,2,3110873,3110428,445
219735301,18.0708,17.4005,446,42343,0.837287,0.55,2,3110895,3110449,446
219738221,29.4283,28.5602,447,42393,0.868915,0.57,2,3110932,3110485,447
219741141,57.3713,55.2241,450,42443,0.845566,0.61,2,3111008,3110558,450
219744061,43.3485,42.4896,450,42493,0.848226,0.63,2,3111042,3110592,450
219746981,45.5394,44.5959,451,42543,0.885291,0.61,2,3111089,3110638,451
219749901,36.2158,36.4383,450,42593,0.876116,0.61,2,3111119,3110669,450
219752821,34.8863,34.9753,450,42643,0.872446,0.67,2,3111153,3110703,450
220033141,28.3555,26.321,521,47153,0.898,1,2,3114281,3113760,521
220036061,32.9422,32.1284,521,47198,0.8572,1,2,3114317,3113796,521
220038981,34.1769,30.8514,526,47243,0.81688,1,2,3114352,3113826,526
220047741,33.0033,31.8785,528,47378,0.42932,1,1,3114436,3113908,528
220053581,28.8005,33.5406,521,47466,0.206691,1,1,3114498,3113977,521
220059421,38.5681,34.6465,515,47554,0.0594706,1,1,3114563,3114048,515
220062341,34.6272,40.2586,503,47598,0.0417882,1,1,3114595,3114092,503
220065261,28.8509,32.9034,500,47642,0.0467153,1,1,3114620,3114120,500
220068181,43.3404,43.7614,502,47686,0.0606861,1,1,3114673,3114171,502
220074021,22.2945,31.7218,487,47774,0.0997098,1,1,3114716,3114229,487
220091541,19.0027,25.5083,443,48038,0.0977735,0.33,1,3114841,3114398,443
220114901,42.9272,43.3404,422,48390,0.0764456,0.15,1,3115095,3114673,422
220117821,37.5709,34.7361,427,48434,0.0485782,0.09,1,3115129,3114702,427
220120741,23.4284,22.2945,427,48478,0.0374313,0.13,1,3115143,3114716,427
220123661,14.1713,15.5178,424,48521,0.0809725,0.09,1,3115151,3114727,424
220126581,17.6685,17.6071,425,48564,0.098389,0.11,1,3115171,3114746,425
220155781,29.941,35.1772,453,48994,0.212458,0.15,1,3115440,3114987,453
220158701,25.7764,32.6709,445,49037,0.234983,0.09,1,3115463,3115018,445
220161621,42.1106,27.4683,474,49080,0.255993,0.05,1,3115516,3115042,474
220179141,28.2525,25.066,456,49338,0.203706,0.15,1,3115657,3115201,456
220182061,23.301,28.0264,446,49381,0.207483,0.15,1,3115677,3115231,446
220184981,20.7204,23.2106,445,49424,0.220993,0.11,1,3115696,3115251,445
220187901,27.4882,20.0842,459,49467,0.214397,0.17,1,3115728,3115269,459
220190821,31.3953,27.2337,461,49510,0.223759,0.19,1,3115762,3115301,461
220193741,23.9581,30.6935,447,49553,0.215504,0.21,1,3115781,3115334,447
220196661,17.9832,23.0774,443,49596,0.212201,0.17,1,3115795,3115352,443
220199581,37.7933,17.631,480,49638,0.222881,0.19,1,3115846,3115366,480
220202501,30.7173,35.8524,458,49680,0.239152,0.23,1,3115872,3115414,458
220205421,27.2869,29.941,457,49722,0.269661,0.25,1,3115897,3115440,457
220208341,40.3148,25.7764,483,49764,0.269864,0.27,1,3115946,3115463,483
220257981,39.4102,40.3148,435,50478,0.408549,0.35,1,3116381,3115946,435
220260901,37.9641,35.9259,439,50520,0.40942,0.37,1,3116418,3115979,439
220266741,15.1943,14.6281,440,50604,0.400307,0.39,1,3116444,3116004,440
220269661,19.8777,19.0513,441,50646,0.418123,0.37,1,3116467,3116026,441
220275501,28.6204,28.7282,440,50730,0.4377,0.37,1,3116528,3116088,440
220333901,27.9698,27.2717,445,51551,0.759227,0.49,2,3117043,3116598,445
220336821,32.7879,31.9087,446,51592,0.777691,0.53,2,3117079,3116633,446
220339741,23.9152,23.5635,446,51633,0.785076,0.53,2,3117097,3116651,446
220342661,17.9661,17.8254,446,51674,0.764031,0.55,2,3117111,3116665,446
220345581,40.7864,38.9302,449,51715,0.791612,0.55,2,3117167,3116718,449
220348501,17.5146,16.7721,449,51756,0.778645,0.55,2,3117169,3116720,449
220351421,23.8058,6.70882,477,51797,0.773458,0.59,2,3117197,3116720,477
220354341,23.9223,18.8835,474,51838,0.771383,0.59,2,3117221,3116747,474
220357261,41.3689,21.9534,503,51879,0.830553,0.63,2,3117274,3116771,503
220360181,38.1476,39.3814,488,51920,0.854221,0.63,2,3117310,3116822,488
220363101,26.059,37.3525,470,51961,0.863689,0.67,2,3117328,3116858,470
220366021,15.2236,25.741,460,52002,0.867475,0.63,2,3117336,3116876,460
220368941,21.0894,15.0964,477,52042,0.85699,0.67,2,3117361,3116884,477
220371861,28.2358,20.4386,486,52082,0.876796,0.65,2,3117394,3116908,486
220374781,31.0943,27.3754,487,52122,0.884718,0.73,2,3117427,3116940,487
220377701,24.4377,30.1502,475,52162,0.899887,0.73,2,3117447,3116972,475
220576261,338.605,358.801,497,24820,0.886,1,2,3119738,3119241,497
220678461,61.4833,68.3084,449,27082,0.761789,0.59,2,3121003,3120554,449
220681381,49.1933,50.1234,452,27160,0.802716,0.59,2,3121044,3120592,452
220684301,41.2773,42.2493,451,27238,0.831086,0.59,2,3121080,3120629,451
220687221,24.9109,25.2997,451,27316,0.866434,0.63,2,3121094,3120643,451
220690141,42.9644,41.9199,453,27394,0.880574,0.69,2,3121149,3120696,453
220976301,49.5749,42.0652,497,34141,0.8212,1,2,3125950,3125453,497
220985061,32.8128,11.8122,533,34327,0.413277,1,1,3126042,3125509,533
220987981,35.9251,26.9249,534,34389,0.219311,1,1,3126080,3125546,534
220993821,35.748,43.188,521,34511,0.0602897,1,1,3126151,3125630,521
220996741,55.6992,47.8752,539,34572,0.0541159,1,1,3126220,3125681,539
220999661,57.0797,55.1501,537,34633,0.0756464,1,1,3126278,3125741,537
221002581,56.4319,58.66,532,34694,0.0302585,1,1,3126334,3125802,532
221005501,38.7727,60.064,498,34755,0.0301034,0.88,1,3126361,3125863,498
221008421,39.5091,44.4256,504,34816,0.0300414,0.75,1,3126401,3125897,504
221011341,34.4036,49.5702,482,34877,0.0420165,0.67,1,3126432,3125950,482
221014261,26.9615,40.8281,469,34938,0.0828066,0.61,1,3126454,3125985,469
221017181,25.1846,29.5312,471,34999,0.0511226,0.25,1,3126478,3126007,471
221020101,28.0738,32.8125,466,35059,0.0984491,0.09,1,3126508,3126042,466
221025941,32.4518,35.37,457,35179,0.0601518,0.03,1,3126572,3126115,457
221028861,54.9807,35.748,491,35239,0.0420607,0.05,1,3126642,3126151,491
221031781,56.7923,55.6992,480,35299,0.0468243,0.09,1,3126700,3126220,480
221034701,56.3169,57.0797,478,35359,0.0187297,0,1,3126756,3126278,478
221037621,39.3268,56.4319,450,35419,0.0374919,0.03,1,3126784,3126334,450
221040541,38.5307,38.7727,461,35479,0.0209968,0.03,1,3126822,3126361,461
221043461,35.8123,39.5091,455,35539,0.0263987,0.05,1,3126856,3126401,455
221046381,27.5249,34.4036,446,35598,0.0645595,0.11,1,3126878,3126432,446
221049301,24.21,26.9615,446,35657,0.0918238,0.03,1,3126900,3126454,446
221055141,24.7536,28.0738,428,35775,0.0710918,0.11,1,3126936,3126508,428
221058061,26.1014,28.6295,426,35834,0.0944367,0.03,1,3126963,3126537,426
221060981,29.0406,32.4518,422,35893,0.0677747,0.03,1,3126994,3126572,422
221063901,54.8162,54.9807,424,35952,0.0451099,0.05,1,3127066,3126642,424
221066821,55.5265,56.7923,422,36011,0.0360439,0,1,3127122,3126700,422
221069741,56.4106,56.3169,423,36070,0.0324176,0.05,1,3127179,3126756,423
221072661,40.5642,39.3268,425,36129,0.030967,0.01,1,3127209,3126784,425
221075581,38.4257,38.5307,424,36187,0.0303868,0.03,1,3127246,3126822,424
221078501,36.9703,35.8123,426,36245,0.0301547,0.09,1,3127282,3126856,426
221081421,28.5881,27.5249,427,36303,0.0420619,0.11,1,3127305,3126878,427
221084341,24.0352,24.21,426,36361,0.0588248,0.11,1,3127326,3126900,426
221087261,10.8141,10.884,426,36419,0.0655299,0.05,1,3127328,3126902,426
221090181,23.5256,24.7536,424,36477,0.092212,0.11,1,3127360,3126936,424
221098941,53.8256,54.8162,422,36651,0.0527016,0.03,1,3127488,3127066,422
221101861,55.1303,55.5265,422,36709,0.0390806,0.03,1,3127544,3127122,422
221104781,56.2521,56.4106,422,36767,0.0336322,0.03,1,3127601,3127179,422
221107701,41.1008,40.5642,423,36824,0.0434529,0.03,1,3127632,3127209,423
221110621,38.6403,38.4257,423,36881,0.0833812,0.03,1,3127669,3127246,423
221113541,37.0561,36.9703,423,36938,0.0993525,0.05,1,3127705,3127282,423
221116461,29.2225,28.5881,424,36995,0.057741,0.07,1,3127729,3127305,424
221119381,24.889,24.0352,425,37052,0.0530964,0.07,1,3127751,3127326,425
221122301,11.1556,10.8141,425,37109,0.0872386,0.11,1,3127753,3127328,425
221136901,54.1162,52.9223,477,37394,0.0497669,0.03,1,3127965,3127488,477
221139821,55.8465,54.7689,478,37451,0.0499068,0.03,1,3128022,3127544,478
221142741,40.9386,56.1076,452,37507,0.0499627,0.05,1,3128053,3127601,452
221145661,40.3754,41.043,461,37563,0.0379851,0.11,1,3128093,3127632,461
221148581,36.5502,38.6172,458,37619,0.033194,0.11,1,3128127,3127669,458
221151501,29.0201,37.0469,446,37675,0.0432776,0.03,1,3128151,3127705,446
221154421,26.008,29.2188,446,37731,0.047311,0.05,1,3128175,3127729,446
221157341,11.6032,24.8875,426,37787,0.0489244,0.11,1,3128177,3127751,426
221160261,24.4413,11.155,457,37843,0.0375698,0.11,1,3128210,3127753,457
221163181,28.9765,23.662,457,37899,0.0450279,0.11,1,3128242,3127785,457
221166101,27.7906,28.0648,453,37955,0.0600112,0.11,1,3128269,3127816,453
221171941,52.2065,51.2904,478,38067,0.0708018,0.01,1,3128387,3127909,478
221174861,55.6826,54.1161,480,38122,0.0463207,0.05,1,3128445,3127965,480
221177781,40.873,55.8465,454,38177,0.0365283,0.05,1,3128476,3128022,454
221180701,39.7492,40.9386,462,38232,0.0686113,0.03,1,3128515,3128053,462
221183621,36.2997,40.3754,456,38287,0.0934445,0.03,1,3128549,3128093,456
221209901,47.0525,52.2065,422,38782,0.250981,0.03,1,3128809,3128387,422
221212821,54.221,55.6826,423,38836,0.262392,0.03,1,3128868,3128445,423
221215741,40.8884,40.873,424,38890,0.242957,0.09,1,3128900,3128476,424
221224501,29.9529,29.5199,427,39052,0.239469,0.11,1,3129001,3128574,427
221227421,26.3811,26.2079,427,39106,0.233788,0.11,1,3129025,3128598,427
221230341,11.7525,11.6832,427,39160,0.231515,0.11,1,3129027,3128600,427
221233261,26.301,24.4733,430,39214,0.230606,0.17,1,3129063,3128633,430
221236181,29.7204,28.9893,430,39268,0.278242,0.17,1,3129095,3128665,430
221239101,27.4882,27.1957,430,39322,0.273297,0.17,1,3129121,3128691,430
221242021,12.1953,12.0783,430,39376,0.295319,0.21,1,3129123,3128693,430
221250781,54.3005,54.221,433,39537,0.40074,0.23,1,3129301,3128868,433
221253701,39.7202,40.8884,431,39590,0.430296,0.17,1,3129331,3128900,431
221256621,39.8881,40.9554,430,39643,0.442118,0.19,1,3129371,3128941,430
221259541,38.1552,37.3821,432,39696,0.446847,0.27,1,3129408,3128976,432
221262461,30.8621,29.9529,433,39749,0.448739,0.23,1,3129434,3129001,433
221329621,40.7029,55.1733,484,40954,0.771544,0.67,2,3130226,3129742,484
221332541,40.2812,40.0693,494,41006,0.782618,0.67,2,3130266,3129772,494
221335461,38.9125,40.0277,492,41057,0.787047,0.65,2,3130304,3129812,492
221338381,31.165,39.4111,479,41108,0.788819,0.65,2,3130330,3129851,479
221341301,27.466,31.3644,478,41159,0.777528,0.63,2,3130355,3129877,478
221344221,12.1864,27.5458,455,41210,0.773011,0.63,2,3130357,3129902,455
221347141,28.8746,12.2183,493,41261,0.807204,0.67,2,3130397,3129904,493
221350061,33.1498,28.2873,490,41312,0.832882,0.67,2,3130433,3129943,490
221352981,28.8599,32.9149,480,41363,0.855153,0.67,2,3130459,3129979,480
221355901,12.744,28.766,456,41414,0.864061,0.67,2,3130461,3130005,456
221358821,50.0976,12.7064,529,41465,0.879624,0.69,2,3130536,3130007,529
221525261,59.2584,40.2129,547,44273,0.891232,1,2,3132491,3131944,547
221528181,46.5034,62.8852,507,44321,0.782493,1,2,3132529,3132022,507
221551541,27.7346,23.2301,503,44699,0.401577,1,1,3132763,3132260,503
221574901,32.999,37.2013,459,45075,0.290899,0.65,1,3133019,3132560,459
221589501,17.5478,20.3413,444,45310,0.401715,0.45,1,3133150,3132706,444
221592421,20.8191,24.3365,440,45357,0.430686,0.35,1,3133173,3132733,440
221671261,35.2241,32.05,489,46594,0.763961,0.65,2,3134008,3133519,489
221674181,27.8897,34.42,476,46639,0.767584,0.63,2,3134031,3133555,476
221677101,19.5559,28.168,466,46684,0.769034,0.61,2,3134045,3133579,466
221680021,22.8223,19.0672,478,46729,0.793613,0.67,2,3134070,3133592,478
221682941,25.9289,22.0269,482,46774,0.815445,0.67,2,3134098,3133616,482
221685861,30.7716,25.6108,488,46819,0.836178,0.69,2,3134132,3133644,488
221688781,17.1086,30.0443,463,46864,0.844471,0.69,2,3134140,3133677,463
221691701,20.0435,16.8177,477,46909,0.847789,0.69,2,3134162,3133685,477
221694621,33.2174,19.9271,497,46954,0.849115,0.69,2,3134204,3133707,497
221697541,25.287,33.1708,475,46999,0.849646,0.69,2,3134224,3133749,475
221700461,54.5148,25.2683,529,47044,0.825858,0.65,2,3134298,3133769,529
221703381,39.8059,55.1073,484,47089,0.816343,0.69,2,3134328,3133844,484
221706301,35.1224,39.4429,487,47134,0.836537,0.71,2,3134360,3133873,487
221709221,35.0489,34.3772,491,47179,0.880615,0.73,2,3134395,3133904,491
221964721,65.6064,48.6575,513,23369,0.764319,0.51,2,3137618,3137105,513
221982241,64.7938,55.5149,526,23908,0.785014,0.75,2,3138009,3137483,526
221985161,27.1175,63.006,460,23997,0.800006,0.79,2,3138011,3137551,460
221988081,50.447,65.4024,459,24085,0.866002,0.73,2,3138077,3137618,459
222099041,63.4901,57.2393,498,27228,0.8644,1,2,3140312,3139814,498
222101961,55.396,60.0957,486,27306,0.81976,1,2,3140362,3139876,486
222110721,68.7773,65.7661,489,27538,0.425185,1,1,3140539,3140050,489
222116561,41.1244,40.2826,486,27692,0.26123,1,1,3140612,3140126,486
222119481,56.6497,62.313,476,27768,0.278492,0.96,1,3140679,3140203,476
222122401,38.8599,44.7252,470,27844,0.237397,0.79,1,3140706,3140236,470
222125321,57.544,63.4901,464,27920,0.208959,0.79,1,3140776,3140312,464
222128241,46.4176,55.396,453,27996,0.233583,0.57,1,3140815,3140362,453
222131161,46.767,53.3584,448,28072,0.243433,0.55,1,3140862,3140414,448
222134081,42.7068,45.9434,447,28147,0.259373,0.31,1,3140902,3140455,447
222137001,60.8827,68.7773,436,28222,0.265749,0.23,1,3140975,3140539,436
222139921,45.9531,50.3109,434,28297,0.2803,0.23,1,3141011,3140577,434
222154521,47.8101,55.9648,470,28669,0.409881,0.25,1,3141246,3140776,470
222157441,47.324,45.7859,478,28743,0.433953,0.25,1,3141293,3140815,478
222207081,48.7928,57.2303,457,29970,0.784807,0.67,2,3142101,3141644,457
222210001,44.7171,49.2921,455,30041,0.775923,0.69,2,3142143,3141688,455
222212921,47.2868,48.5169,456,30111,0.784369,0.73,2,3142192,3141736,456
222215841,47.1147,46.4067,458,30181,0.763748,0.69,2,3142239,3141781,458
222218761,62.0459,62.9627,456,30251,0.827499,0.69,2,3142311,3141855,456
222221681,48.2184,47.9851,457,30321,0.853,0.71,2,3142350,3141893,457
222224601,42.6873,42.594,457,30391,0.8752,0.75,2,3142389,3141932,457
222227521,60.8749,59.6376,459,30461,0.88408,0.75,2,3142462,3142003,459
222230441,39.95,39.455,459,30530,0.875632,0.75,2,3142488,3142029,459
222233361,17.18,16.982,459,30599,0.872253,0.81,2,3142490,3142031,459
222338481,56.0425,64.137,480,32996,0.77992,1,2,3144194,3143714,480
222364761,32.0987,35.2657,470,33568,0.443223,0.89,1,3144553,3144083,470
222367681,36.2395,41.1063,464,33631,0.411289,0.69,1,3144592,3144128,464
222391041,36.7258,40.1167,442,34131,0.404472,0.49,1,3144936,3144494,442
222396881,30.3561,32.0987,440,34255,0.416315,0.41,1,3144993,3144553,440
222399801,34.9424,12.8395,478,34317,0.424526,0.39,1,3145031,3144553,478
222402721,50.577,28.5358,500,34379,0.43981,0.37,1,3145092,3144592,500
222434841,51.0841,34.9421,505,35050,0.75322,0.45,2,3145536,3145031,505
222437761,43.2336,50.5769,482,35110,0.751288,0.47,2,3145574,3145092,482
222440681,44.8935,41.8307,492,35170,0.762515,0.49,2,3145620,3145128,492
222443601,60.5574,43.7323,518,35230,0.803006,0.61,2,3145691,3145173,518
222446521,40.423,57.6929,478,35290,0.819202,0.59,2,3145718,3145240,478
222449441,31.7692,39.2772,477,35350,0.825681,0.61,2,3145744,3145267,477
222452361,44.5077,31.3109,504,35410,0.828272,0.67,2,3145797,3145293,504
222455281,38.2031,42.5243,488,35470,0.841309,0.67,2,3145831,3145343,488
222458201,30.8812,37.4097,480,35530,0.846524,0.67,2,3145857,3145377,480
222461121,32.7525,30.5639,488,35589,0.860609,0.69,2,3145891,3145403,488
222464041,37.101,32.0256,495,35648,0.890244,0.71,2,3145931,3145436,495
222621721,47.137,64.7186,481,38720,0.782796,1,2,3148050,3147569,481
222630481,41.6088,45.782,480,38883,0.415619,1,1,3148155,3147675,480
222633401,43.6435,41.1128,487,38937,0.208248,0.99,1,3148200,3147713,487
222636321,42.6574,36.2451,496,38991,0.083299,1,1,3148242,3147746,496
222639241,38.663,31.298,504,39045,0.0393196,1,1,3148278,3147774,504
222642161,29.8652,36.5192,488,39099,0.0577278,1,1,3148302,3147814,488
222645081,29.3461,31.4077,489,39153,0.0530911,1,1,3148331,3147842,489
222648001,32.7384,34.1631,488,39207,0.0392365,1,1,3148366,3147878,488
222650921,31.0954,38.2652,477,39261,0.0576946,1,1,3148396,3147919,477
222653841,35.2381,41.1061,472,39315,0.0410778,0.87,1,3148434,3147962,472
222656761,30.2953,36.8424,465,39369,0.0464311,0.69,1,3148461,3147996,465
222659681,37.9181,47.137,454,39423,0.0485725,0.57,1,3148504,3148050,454
222662601,31.9672,38.0548,450,39477,0.073429,0.47,1,3148532,3148082,450
222665521,21.7869,29.0219,442,39530,0.0713716,0.33,1,3148547,3148105,442
222668441,30.9148,41.6088,429,39583,0.0705486,0.07,1,3148584,3148155,429
222674281,40.7064,42.6574,425,39689,0.0484878,0.01,1,3148667,3148242,425
222677201,37.8825,38.663,425,39742,0.0373951,0.07,1,3148703,3148278,425
222680121,27.753,29.8652,422,39795,0.020958,0.05,1,3148724,3148302,422
222683041,29.7012,29.3461,424,39848,0.0263832,0.03,1,3148755,3148331,424
222685961,32.8805,32.7384,424,39901,0.0105533,0.07,1,3148790,3148366,424
222688881,31.1522,31.0954,424,39954,0.0582213,0.03,1,3148820,3148396,424
222691801,34.0609,35.2381,422,40007,0.0412885,0.05,1,3148856,3148434,422
222694721,31.0244,30.2953,424,40060,0.0825154,0.05,1,3148885,3148461,424
222697641,37.0097,12.1181,465,40113,0.0750062,0.05,1,3148926,3148461,465
222700561,32.8039,30.6472,452,40166,0.0720025,0.09,1,3148956,3148504,452
222703481,20.9216,29.0589,437,40219,0.082801,0.07,1,3148969,3148532,437
222712241,38.971,35.5798,465,40375,0.0765793,0.01,1,3149088,3148623,465
222715161,37.1884,40.6319,457,40427,0.0486317,0.03,1,3149124,3148667,457
222718081,27.4754,37.8528,442,40479,0.0374527,0.01,1,3149145,3148703,442
222721001,30.1901,27.7411,453,40531,0.0329811,0.03,1,3149177,3148724,453
222723921,32.4761,29.6964,456,40583,0.0431924,0,1,3149211,3148755,456
222726841,32.1904,32.8786,453,40635,0.047277,0.09,1,3149243,3148790,453
222729761,35.0762,31.1514,460,40687,0.0609108,0.03,1,3149280,3148820,460
222732681,32.6305,34.0606,455,40739,0.0423643,0.11,1,3149311,3148856,455
222735601,37.6522,31.0242,467,40791,0.0589457,0.07,1,3149352,3148885,467
222738521,33.0609,37.0097,456,40843,0.0775783,0.07,1,3149382,3148926,456
222741441,21.6243,32.8039,440,40895,0.0970313,0.09,1,3149396,3148956,440
222753121,35.7184,38.971,458,41101,0.097476,0.03,1,3149546,3149088,458
222756041,26.8874,37.1884,443,41152,0.0689904,0.03,1,3149567,3149124,443
222758961,29.3549,27.4754,453,41203,0.0575962,0.03,1,3149598,3149145,453
222761881,32.142,30.1901,455,41254,0.0530385,0.05,1,3149632,3149177,455
222764801,33.2568,32.4761,455,41305,0.0392154,0.05,1,3149666,3149211,455
222767721,34.9027,32.1904,459,41356,0.0336862,0.07,1,3149702,3149243,459
222770641,33.1611,35.0762,454,41407,0.0434745,0.03,1,3149734,3149280,454
222773561,39.0644,32.6305,466,41458,0.0713898,0.07,1,3149777,3149311,466
222794001,34.6563,35.7184,426,41815,0.205494,0.05,1,3149972,3149546,426
222802761,32.146,32.142,423,41965,0.0661916,0.03,1,3150055,3149632,423
222805681,33.2584,33.2568,423,42015,0.0324767,0.03,1,3150089,3149666,423
222808601,34.9034,34.9027,423,42065,0.0669907,0.05,1,3150125,3149702,423
222811521,33.7613,33.1611,424,42115,0.0927963,0.09,1,3150158,3149734,424
222834881,35.0955,34.6563,431,42515,0.209229,0.19,1,3150403,3149972,431
222837801,23.6382,24.6625,429,42565,0.221692,0.07,1,3150419,3149990,429
222840721,25.6553,27.865,426,42615,0.214677,0.03,1,3150446,3150020,426
222843641,29.4621,32.146,423,42665,0.247871,0.01,1,3150478,3150055,423
222846561,31.5848,33.2584,422,42714,0.249148,0.09,1,3150511,3150089,422
222849481,35.4339,34.9034,424,42763,0.237659,0.11,1,3150549,3150125,424
222852401,35.7736,33.7613,427,42812,0.257064,0.13,1,3150585,3150158,427
222855321,40.7094,40.5045,426,42861,0.264825,0.13,1,3150629,3150203,426
222858241,36.6838,35.4018,428,42910,0.27993,0.17,1,3150663,3150235,428
222861161,15.8735,15.3607,428,42959,0.285972,0.13,1,3150665,3150237,428
222864081,14.7494,14.5443,428,43008,0.264389,0.13,1,3150679,3150251,428
222867001,28.6998,5.81772,466,43057,0.279756,0.15,1,3150717,3150251,466
222884521,30.3793,25.6195,464,43351,0.410185,0.27,1,3150910,3150446,464
222887441,31.9517,29.4478,465,43400,0.434074,0.25,1,3150943,3150478,465
222890361,35.5807,31.5791,470,43449,0.43163,0.23,1,3150981,3150511,470
222893281,35.8323,35.4317,468,43498,0.430652,0.27,1,3151017,3150549,468
222966281,28.0654,27.7591,450,44693,0.759944,0.57,2,3151768,3151318,450
222969201,31.6262,31.5036,450,44740,0.765978,0.57,2,3151802,3151352,450
222972121,31.8505,31.8015,450,44787,0.768391,0.57,2,3151834,3151384,450
222975041,36.1402,36.1206,450,44834,0.781356,0.57,2,3151873,3151423,450
222977961,36.6561,36.6482,450,44881,0.798543,0.59,2,3151910,3151460,450
222980881,42.2624,41.6593,451,44928,0.829417,0.61,2,3151956,3151505,451
222983801,38.505,37.6637,452,44975,0.853767,0.61,2,3151992,3151540,452
222986721,16.602,16.2655,452,45022,0.887507,0.61,2,3151994,3151542,452
222989641,15.0408,14.9062,452,45069,0.877003,0.63,2,3152008,3151556,452
222995481,43.4465,41.985,455,45163,0.89752,0.67,2,3152101,3151646,455
222998401,18.5786,17.994,455,45210,0.893008,0.73,2,3152103,3151648,455
223001321,27.2314,26.3976,456,45257,0.879203,0.71,2,3152136,3151680,456
223223241,31.8241,28.6622,499,48670,0.863143,1,2,3154537,3154038,499
223226161,24.7296,33.0649,483,48713,0.843257,1,2,3154557,3154074,483
223229081,32.0918,33.626,486,48756,0.799303,1,2,3154594,3154108,486
223232001,33.8367,23.6504,504,48799,0.769721,1,2,3154629,3154125,504
223255361,32.3785,30.663,509,49143,0.404437,1,1,3154870,3154361,509
223261201,24.6206,29.9861,499,49229,0.29631,0.93,1,3154921,3154422,499
223267041,23.2593,26.3978,494,49315,0.28381,0.91,1,3154967,3154473,494
223269961,28.5037,28.5591,496,49358,0.287524,0.83,1,3154999,3154503,496
223275801,29.8806,24.7295,495,49444,0.270404,0.77,1,3155052,3154557,495
223278721,29.9522,32.0918,488,49487,0.294162,0.75,1,3155082,3154594,488
223281641,26.3809,33.8367,477,49530,0.279665,0.63,1,3155106,3154629,477
223284561,24.3524,29.7347,473,49573,0.285866,0.55,1,3155129,3154656,473
223287481,22.9409,26.2939,471,49615,0.288346,0.55,1,3155151,3154680,471
223290401,30.1764,26.1175,480,49657,0.265339,0.49,1,3155186,3154706,480
223293321,31.8706,30.847,479,49699,0.244135,0.59,1,3155219,3154740,479
223296241,31.9482,31.5388,479,49741,0.235654,0.55,1,3155251,3154772,479
223299161,28.3793,33.6155,470,49783,0.232262,0.39,1,3155277,3154807,470
223302081,28.7517,31.4462,469,49825,0.206905,0.37,1,3155306,3154837,469
223305001,30.1007,32.3785,467,49867,0.244762,0.29,1,3155337,3154870,467
223307921,23.4403,31.5514,455,49909,0.283905,0.27,1,3155356,3154901,455
223310841,23.7761,24.6206,459,49951,0.287562,0.31,1,3155380,3154921,459
223313761,22.1104,23.6482,457,49993,0.289025,0.27,1,3155401,3154944,457
223316681,28.6442,23.2593,467,50035,0.27761,0.29,1,3155434,3154967,467
223319601,22.8577,28.5037,454,50077,0.285044,0.31,1,3155453,3154999,454
223322521,29.5431,22.2015,470,50119,0.288018,0.25,1,3155487,3155017,470
223342961,27.7558,31.8706,431,50413,0.401452,0.23,1,3155650,3155219,431
223345881,31.5023,31.9482,433,50455,0.406581,0.23,1,3155684,3155251,433
223348801,28.2009,28.3793,433,50497,0.408632,0.19,1,3155710,3155277,433
223351721,28.6804,28.7517,433,50539,0.433453,0.27,1,3155739,3155306,433
223360481,24.5635,23.7761,436,50665,0.448461,0.29,1,3155816,3155380,436
223366321,28.1702,28.6442,435,50749,0.442554,0.29,1,3155869,3155434,435
223448081,28.1836,28.7222,476,51898,0.767749,0.63,2,3156600,3156124,476
223451001,29.8734,27.0889,481,51939,0.7691,0.59,2,3156631,3156150,481
223453921,32.3494,30.0356,483,51980,0.79364,0.59,2,3156665,3156182,483
223456841,25.5397,31.8142,471,52021,0.815456,0.59,2,3156686,3156215,471
223459761,25.8159,24.7257,477,52061,0.824182,0.63,2,3156712,3156235,477
223462681,22.9264,24.8903,473,52101,0.815673,0.67,2,3156733,3156260,473
223465601,30.7705,21.9561,489,52141,0.836269,0.67,2,3156769,3156280,489
223468521,26.1082,29.1824,478,52181,0.868508,0.75,2,3156792,3156314,478
223732781,73.5917,62.3308,474,25880,0.0788562,0.07,1,3159376,3158902,474
223735701,54.6367,67.5323,445,25962,0.0495425,0,1,3159418,3158973,445
223738621,47.6547,49.8129,450,26044,0.037817,0,1,3159461,3159011,450
223741541,50.8619,67.3252,424,26125,0.0211268,0.05,1,3159514,3159090,424
223744461,35.3447,31.7301,441,26206,0.0264507,0.03,1,3159539,3159098,441
223747381,63.3379,25.292,502,26287,0.0645803,0.05,1,3159621,3159119,502
223750301,61.9352,57.5168,484,26368,0.0798321,0.11,1,3159682,3159198,484
223753221,51.1741,56.6067,472,26448,0.0859328,0.11,1,3159726,3159254,472
223761981,45.9231,51.7668,465,26688,0.0911797,0.03,1,3159883,3159418,465
223764901,49.5693,46.5067,474,26767,0.0544719,0.01,1,3159935,3159461,474
223767821,34.8277,50.4027,446,26846,0.0277888,0.03,1,3159960,3159514,446
223770741,15.1311,35.1611,423,26925,0.0171155,0.09,1,3159962,3159539,423
223773661,55.8524,63.2644,424,27004,0.0368462,0.09,1,3160045,3159621,424
223776581,60.141,61.9058,426,27082,0.0927385,0.09,1,3160108,3159682,426
223799941,55.8212,55.8524,424,27702,0.240023,0.13,1,3160469,3160045,424
223802861,61.3285,60.141,426,27778,0.282009,0.15,1,3160534,3160108,426
223829141,62.4168,22.3285,499,28457,0.439541,0.31,1,3160968,3160469,499
223832061,56.1667,47.9314,486,28531,0.433816,0.35,1,3161020,3160534,486
223834981,66.8667,47.9726,512,28605,0.431527,0.39,1,3161094,3160582,512
223867101,47.4128,53.1465,488,29409,0.76505,0.53,2,3161626,3161138,488
223870021,49.5651,45.8586,498,29481,0.80402,0.55,2,3161677,3161179,498
223872941,35.426,48.3434,474,29553,0.819608,0.55,2,3161703,3161229,474
223875861,15.3704,34.9374,450,29625,0.825843,0.55,2,3161705,3161255,450
223878781,61.3482,15.1749,540,29696,0.804337,0.61,2,3161797,3161257,540
223881701,65.3393,59.47,519,29767,0.831735,0.69,2,3161865,3161346,519
223884621,57.9357,62.188,508,29838,0.854694,0.71,2,3161918,3161410,508
223887541,24.3743,56.0752,458,29909,0.863878,0.75,2,3161920,3161462,458
224016021,35.0792,48.9279,483,32878,0.8764,1,2,3163984,3163501,483
224033541,57.6423,63.168,479,33262,0.0636377,1,1,3164281,3163802,479
224036461,45.2569,44.4672,484,33326,0.0314551,1,1,3164318,3163834,484
224039381,47.5028,42.9869,491,33389,0.030582,1,1,3164367,3163876,491
224042301,37.0011,42.9947,478,33452,0.0422328,0.91,1,3164397,3163919,478
224045221,29.2004,35.1979,472,33515,0.0348931,0.83,1,3164421,3163949,472
224048141,26.0802,35.0792,461,33578,0.0319573,0.65,1,3164445,3163984,461
224051061,33.2321,41.6317,453,33641,0.0547829,0.59,1,3164483,3164030,453
224053981,28.2928,34.6527,448,33704,0.0999132,0.43,1,3164508,3164060,448
224062741,57.9707,66.1058,423,33893,0.0567944,0.01,1,3164652,3164229,423
224065661,53.7883,57.6423,422,33955,0.0527178,0.01,1,3164703,3164281,422
224068581,43.7153,45.2569,422,34017,0.0510871,0.03,1,3164740,3164318,422
224071501,49.8861,47.5028,427,34079,0.0384348,0.05,1,3164794,3164367,427
224074421,34.9545,37.0011,422,34141,0.0453739,0.03,1,3164819,3164397,422
224077341,28.3818,29.2004,422,34203,0.0361496,0.03,1,3164843,3164421,422
224080261,26.9527,26.0802,424,34265,0.0324598,0.03,1,3164869,3164445,424
224083181,33.5811,10.4321,462,34327,0.0549839,0.07,1,3164907,3164445,462
224086101,29.0324,26.9728,450,34389,0.0639936,0.13,1,3164933,3164483,450
224089021,30.213,25.7891,456,34450,0.0555974,0.15,1,3164964,3164508,456
224097781,51.9976,57.8105,472,34633,0.0724382,0.05,1,3165124,3164652,472
224100701,43.5991,53.7242,459,34694,0.0589753,0.05,1,3165162,3164703,459
224103621,51.0396,43.6897,478,34755,0.0535901,0.03,1,3165218,3164740,478
224106541,33.6158,49.8759,446,34816,0.063436,0.05,1,3165240,3164794,446
224109461,28.4463,34.9503,446,34877,0.0313744,0.03,1,3165265,3164819,446
224112381,26.3785,28.3801,447,34938,0.0545498,0.03,1,3165290,3164843,447
224115301,35.1514,26.9521,462,34999,0.0518199,0.07,1,3165331,3164869,462
224118221,29.6606,33.5808,450,35059,0.086728,0.07,1,3165357,3164907,450
224135741,50.9548,43.5991,479,35419,0.0697536,0.05,1,3165641,3165162,479
224138661,34.1819,51.0396,446,35479,0.0339015,0.07,1,3165664,3165218,446
224141581,27.4728,33.6158,447,35539,0.0195606,0.01,1,3165687,3165240,447
224144501,26.5891,28.4463,448,35598,0.0498242,0.07,1,3165713,3165265,448
224147421,35.8356,26.3785,465,35657,0.0859297,0.05,1,3165755,3165290,465
224156181,27.5655,30.4642,427,35834,0.0892595,0.13,1,3165815,3165388,427
224176621,27.2001,27.4728,423,36245,0.0941921,0.07,1,3166110,3165687,423
224179541,27.6801,26.5891,425,36303,0.0676768,0.11,1,3166138,3165713,425
224182461,37.472,35.8356,427,36361,0.0570707,0.11,1,3166182,3165755,427
224185381,16.1888,15.5343,427,36419,0.0648283,0.13,1,3166184,3165757,427
224188301,22.0755,22.4137,426,36477,0.0919313,0.07,1,3166210,3165784,426
224197061,56.6128,55.1705,430,36651,0.249484,0.19,1,3166359,3165929,430
224229181,44.6979,21.5321,484,37280,0.293043,0.23,1,3166724,3166240,484
224243781,33.5009,46.313,463,37563,0.41727,0.41,1,3166950,3166487,463
224246701,27.8004,32.9252,463,37619,0.424908,0.39,1,3166974,3166511,463
224249621,27.9201,26.9701,468,37675,0.427963,0.39,1,3167002,3166534,468
224316781,33.9428,34.0398,455,38944,0.764308,0.67,2,3167847,3167392,455
224319701,27.9771,28.0159,455,38998,0.779723,0.67,2,3167871,3167416,455
224322621,27.9909,28.0064,455,39052,0.773889,0.67,2,3167899,3167444,455
224325541,38.7963,38.8025,455,39106,0.783556,0.67,2,3167945,3167490,455
224328461,16.7185,16.721,455,39160,0.787422,0.67,2,3167947,3167492,455
224331381,22.2874,22.2884,455,39214,0.788969,0.69,2,3167973,3167518,455
224334301,28.115,27.5154,456,39268,0.801588,0.73,2,3168005,3167549,456
224337221,46.046,44.6061,458,39322,0.842635,0.73,2,3168063,3167605,458
224340141,19.6184,19.0425,458,39376,0.835054,0.75,2,3168065,3167607,458
224343061,55.8474,55.017,459,39430,0.892022,0.73,2,3168145,3167686,459
224497821,41.9193,50.9544,492,42172,0.822544,1,2,3170051,3169559,492
224506581,31.6988,32.6851,490,42322,0.437363,1,1,3170156,3169666,490
224512421,40.4718,38.8296,493,42422,0.428778,1,1,3170248,3169755,493
224515341,35.3887,34.7318,493,42472,0.405511,1,1,3170280,3169787,493
224521181,35.4222,33.2771,500,42572,0.210082,1,1,3170353,3169853,500
224527021,19.1076,28.7243,478,42672,0.200413,0.91,1,3170391,3169913,478
224535781,27.7669,32.7984,468,42819,0.212746,0.73,1,3170471,3170003,468
224541621,32.5227,41.3677,448,42917,0.205639,0.45,1,3170540,3170092,448
224550381,43.6975,12.6795,495,43064,0.0911609,0.47,1,3170651,3170156,495
224553301,37.879,38.0718,474,43113,0.0784644,0.41,1,3170685,3170211,474
224556221,30.7516,37.4287,463,43162,0.0853857,0.39,1,3170711,3170248,463
224562061,34.8003,37.0686,464,43260,0.0940617,0.15,1,3170783,3170319,464
224570821,22.2192,19.0764,454,43407,0.22754,0.17,1,3170845,3170391,454
224573741,23.2877,22.0306,454,43456,0.217016,0.19,1,3170869,3170415,454
224576661,28.5151,24.4122,460,43505,0.224806,0.23,1,3170901,3170441,460
224579581,33.006,27.7649,466,43553,0.203923,0.19,1,3170937,3170471,466
224582501,32.4024,33.306,461,43601,0.231569,0.21,1,3170969,3170508,461
224585421,29.761,32.5224,457,43649,0.242628,0.15,1,3170997,3170540,457
224588341,28.7044,31.609,454,43697,0.247051,0.19,1,3171025,3170571,454
224591261,41.4818,28.2436,478,43745,0.26082,0.03,1,3171075,3170597,478
224594181,37.5927,43.6974,459,43793,0.290328,0.07,1,3171110,3170651,459
224602941,35.6219,34.5006,462,43937,0.410501,0.09,1,3171210,3170748,462
224626301,29.8716,32.4024,461,44321,0.404402,0.25,1,3171430,3170969,461
224629221,28.7487,29.761,461,44369,0.407761,0.25,1,3171458,3170997,461
224635061,39.6398,41.4818,472,44464,0.416842,0.31,1,3171547,3171075,472
224637981,17.0559,37.5927,439,44511,0.424737,0.37,1,3171549,3171110,439
224687621,33.5889,33.8089,445,45310,0.762244,0.53,2,3172062,3171617,445
224690541,34.4356,33.9236,446,45357,0.790898,0.49,2,3172097,3171651,446
224693461,32.9742,31.5694,448,45403,0.838359,0.53,2,3172129,3171681,448
224696381,19.1897,18.6278,448,45449,0.857344,0.51,2,3172139,3171691,448
224699301,22.0759,22.4511,447,45495,0.864937,0.57,2,3172163,3171716,447
224702221,24.4304,23.3804,449,45541,0.891975,0.61,2,3172189,3171740,449
224731421,35.1503,19.6689,498,46001,0.895143,0.79,2,3172520,3172022,498
224734341,36.2601,31.8676,495,46047,0.868057,0.81,2,3172557,3172062,495
224737261,36.1041,33.747,496,46093,0.881223,0.87,2,3172593,3172097,496
224740181,20.4416,32.6988,474,46139,0.886489,0.87,2,3172603,3172129,474
224743101,22.5766,19.0795,488,46185,0.888596,0.87,2,3172627,3172139,488
224746021,26.4307,22.0318,493,46231,0.877438,0.91,2,3172656,3172163,493
224976701,322.685,356.077,483,21900,0.406,0.99,1,3175116,3174633,483
224979621,165.074,169.431,498,22724,0.2044,0.82,1,3175176,3174678,498
224982541,115.83,116.972,499,22817,0.08776,0.73,1,3175259,3174760,499
224985461,81.7318,86.389,492,22910,0.041104,0.45,1,3175318,3174826,492
224988381,80.0927,92.1556,475,23003,0.0704416,0.29,1,3175397,3174922,475
225000061,56.5256,29.7384,485,23369,0.0684753,0.07,1,3175601,3175116,485
225002981,70.6102,47.8954,505,23460,0.0453901,0.01,1,3175681,3175176,505
225005901,63.0441,68.9581,480,23550,0.0601561,0.01,1,3175739,3175259,480
225008821,72.6176,62.9833,500,23640,0.0660624,0.09,1,3175818,3175318,500
225011741,58.4471,72.5933,470,23730,0.080425,0.13,1,3175867,3175397,470
225023421,45.6418,56.3336,423,24085,0.239227,0.03,1,3176024,3175601,423
225052621,64.5244,62.5027,439,24951,0.411038,0.39,1,3176603,3176164,439
225105181,61.3817,76.2784,499,26438,0.773243,0.57,2,3177628,3177129,499
225108101,68.3527,60.5114,522,26518,0.807297,0.59,2,3177701,3177179,522
225111021,41.7411,66.8046,475,26598,0.820919,0.61,2,3177725,3177250,475
225113941,17.8964,41.1218,453,26678,0.838368,0.61,2,3177727,3177274,453
225116861,46.7586,17.6487,517,26757,0.857347,0.61,2,3177793,3177276,517
225224901,47.5518,35.0943,547,29543,0.887841,1,2,3179759,3179212,547
225227821,81.4207,68.0377,561,29615,0.757136,1,2,3179863,3179302,561
225242421,48.5275,70.8065,476,29970,0.75879,1,2,3180077,3179601,476
225245341,39.811,48.1226,477,30041,0.801516,1,2,3180111,3179634,477
225248261,38.1244,41.449,477,30111,0.830606,0.86,2,3180148,3179671,477
225251181,28.4498,36.3796,466,30181,0.818243,0.87,2,3180170,3179704,466
225254101,40.1799,47.5518,459,30251,0.825297,0.67,2,3180218,3179759,459
225257021,77.272,81.4207,457,30321,0.840119,0.63,2,3180320,3179863,457
225259941,53.1088,54.1683,458,30391,0.834048,0.75,2,3180357,3179899,458
225262861,54.8435,55.8673,457,30461,0.831619,0.71,2,3180413,3179956,457
225265781,39.9374,41.5469,455,30530,0.830648,0.71,2,3180443,3179988,455
225268701,35.175,35.8188,455,30599,0.890259,0.79,2,3180475,3180020,455
225408861,67.8237,79.4949,478,33757,0.896135,1,2,3182688,3182210,478
225411781,52.9295,55.198,482,33820,0.820454,1,2,3182731,3182249,482
225423461,47.4446,51.7123,480,34069,0.41686,1,1,3182918,3182438,480
225426381,41.7778,41.6849,483,34131,0.400744,0.96,1,3182956,3182473,483
225432221,33.9245,28.8696,489,34255,0.230919,0.97,1,3183017,3182528,489
225438061,25.3479,26.2191,503,34379,0.203747,1,1,3183067,3182564,503
225464341,28.2548,32.3093,459,34929,0.209083,0.17,1,3183441,3182982,459
225470181,25.6408,30.3695,451,35050,0.200253,0.21,1,3183496,3183045,451
225473101,57.0563,25.3478,507,35110,0.254101,0.09,1,3183574,3183067,507
225476021,45.0225,58.1391,464,35170,0.299641,0.15,1,3183611,3183147,464
225549021,57.0471,55.2675,450,36643,0.756465,0.55,2,3184561,3184111,450
225551941,40.8188,40.707,449,36701,0.776586,0.59,2,3184591,3184142,449
225554861,34.3275,34.2828,449,36759,0.784634,0.53,2,3184621,3184172,449
225557781,45.531,45.5131,449,36816,0.823854,0.57,2,3184674,3184225,449
225560701,41.0124,40.4052,450,36873,0.815542,0.61,2,3184712,3184262,450
225563621,32.005,31.7621,450,36930,0.848217,0.59,2,3184738,3184288,450
225566541,30.202,29.5048,451,36987,0.861287,0.69,2,3184767,3184316,451
225569461,33.6808,31.6019,454,37044,0.854515,0.65,2,3184803,3184349,454
225572381,14.6723,13.8408,454,37101,0.851806,0.71,2,3184805,3184351,454
225575301,19.6689,18.7363,455,37158,0.862722,0.71,2,3184828,3184373,455
225578221,58.2676,7.49452,539,37215,0.843089,0.71,2,3184912,3184373,539
225581141,48.507,52.7978,498,37272,0.847236,0.71,2,3184954,3184456,498
225584061,59.6028,46.3191,523,37329,0.860894,0.79,2,3185021,3184498,523
225586981,41.8411,56.3277,490,37386,0.878358,0.79,2,3185051,3184561,490
225589901,34.7364,40.5311,490,37443,0.885343,0.79,2,3185081,3184591,490
225750501,34.5411,32.8021,520,40427,0.818575,1,2,3187154,3186634,520
225753421,35.4164,37.7208,515,40479,0.82543,1,2,3187190,3186675,515
225756341,35.1666,34.8883,517,40531,0.792172,1,2,3187225,3186708,517
225759261,34.4666,33.7553,518,40583,0.778869,1,2,3187259,3186741,518
225762181,31.7867,20.1021,537,40635,0.821548,1,2,3187289,3186752,537
225776781,37.7693,44.5578,505,40895,0.781011,1,2,3187482,3186977,505
225779701,36.7077,38.8231,506,40947,0.798404,0.99,2,3187518,3187012,506
225782621,36.8831,38.3293,505,40999,0.829362,0.89,2,3187555,3187050,505
225785541,32.1532,38.1317,496,41050,0.817745,0.89,2,3187584,3187088,496
225788461,32.0613,33.8527,497,41101,0.837098,0.76,2,3187616,3187119,497
225791381,33.8245,34.5411,497,41152,0.856839,0.83,2,3187651,3187154,497
225794301,33.3298,35.4164,494,41203,0.864736,0.77,2,3187684,3187190,494
225797221,33.1319,35.1666,492,41254,0.891894,0.77,2,3187717,3187225,492
226081921,311.907,334.816,474,20440,0.418,0.93,1,3190993,3190519,474
226084841,178.763,177.727,491,20544,0.2212,0.71,1,3191083,3190592,491
226114041,84.2861,84.4855,427,21554,0.251303,0.11,1,3191733,3191306,427
226116961,78.7144,78.7942,427,21652,0.286521,0.13,1,3191808,3191381,427
226128641,68.7207,67.7195,431,22042,0.435735,0.19,1,3192008,3191577,431
226181201,45.5422,80.4695,470,23713,0.771168,0.57,2,3193158,3192688,470
226184121,28.4169,44.7878,466,23802,0.806467,0.59,2,3193175,3192709,466
226187041,75.5668,27.5151,557,23891,0.820587,0.61,2,3193282,3192725,557
226189961,72.2267,74.6061,521,23980,0.862235,0.63,2,3193352,3192831,521
226192881,30.0907,71.2424,454,24068,0.878894,0.69,2,3193354,3192900,454
226286321,46.7332,73.8751,503,26740,0.890522,1,2,3195265,3194762,503
226289241,36.0933,47.55,502,26819,0.890209,1,2,3195294,3194792,502
226388521,68.3366,64.6173,548,29385,0.85576,1,2,3197128,3196580,548
226391441,48.9346,70.2469,510,29457,0.768304,1,2,3197164,3196654,510
226394361,40.5739,46.6988,514,29529,0.757322,1,2,3197199,3196685,514
226429401,62.4436,65.7718,450,30378,0.783757,0.55,2,3197806,3197356,450
226432321,42.9774,44.3087,450,30448,0.823503,0.61,2,3197836,3197386,450
226435241,33.991,33.9235,451,30518,0.875401,0.65,2,3197864,3197413,451
226438161,28.5964,27.9694,452,30587,0.87216,0.63,2,3197889,3197437,452
226441081,31.2386,28.5878,456,30656,0.894864,0.71,2,3197922,3197466,456
226444001,48.4954,48.0351,455,30725,0.891946,0.69,2,3197982,3197527,455
226581241,60.289,67.3593,480,33811,0.8236,1,2,3200173,3199693,480
226587081,43.4862,38.2575,499,33936,0.430576,1,1,3200257,3199758,499
226592921,38.0378,37.2012,502,34060,0.206892,1,1,3200325,3199823,502
226598761,33.686,37.0322,492,34184,0.0823027,1,1,3200392,3199900,492
226601681,39.2744,39.4129,494,34246,0.0509211,1,1,3200435,3199941,494
226604601,35.5098,15.7651,527,34308,0.0503684,1,1,3200468,3199941,527
226607521,41.2039,33.3061,527,34370,0.0501474,1,1,3200513,3199986,527
226610441,61.4816,41.5224,555,34432,0.086059,0.89,1,3200588,3200033,555
226613361,47.9926,68.209,508,34493,0.0764236,0.75,1,3200627,3200119,508
226622121,26.5195,43.3894,456,34676,0.0996911,0.25,1,3200713,3200257,456
226625041,34.6078,33.5557,469,34737,0.0938764,0.13,1,3200753,3200284,469
226627961,31.8431,38.0223,458,34798,0.0795506,0.03,1,3200783,3200325,458
226630881,30.7372,36.2089,453,34859,0.0978202,0.07,1,3200813,3200360,453
226636721,36.838,39.2734,457,34981,0.0960512,0.05,1,3200892,3200435,457
226639641,41.1352,35.5094,468,35041,0.0564205,0.05,1,3200936,3200468,468
226642561,63.2541,41.2037,501,35101,0.0405682,0.11,1,3201014,3200513,501
226645481,48.1016,61.4815,464,35161,0.0702273,0.07,1,3201052,3200588,464
226648401,40.8407,47.9926,461,35221,0.0580909,0.15,1,3201088,3200627,461
226651321,34.3363,38.997,458,35281,0.0772364,0.11,1,3201118,3200660,458
226654241,25.7345,34.7988,446,35341,0.0608945,0.09,1,3201138,3200692,446
226657161,34.2938,26.5195,465,35401,0.0783578,0.09,1,3201178,3200713,465
226660081,31.1175,34.6078,454,35461,0.0973431,0.07,1,3201207,3200753,454
226668841,36.5515,38.0949,459,35640,0.07031,0.09,1,3201315,3200856,459
226671761,15.8206,36.838,425,35699,0.070124,0.03,1,3201317,3200892,425
226674681,32.1282,41.1352,424,35758,0.0940496,0.03,1,3201360,3200936,424
226695121,32.0019,31.1175,428,36171,0.20286,0.13,1,3201635,3201207,428
226698041,30.8008,30.447,428,36229,0.243144,0.09,1,3201665,3201237,428
226700961,36.9203,37.3788,427,36287,0.247258,0.05,1,3201706,3201279,427
226703881,35.1681,36.5515,425,36345,0.236903,0.07,1,3201740,3201315,425
226706801,15.2672,15.8206,425,36403,0.232761,0.11,1,3201742,3201317,425
226709721,31.9069,32.1282,425,36461,0.243104,0.11,1,3201785,3201360,425
226718481,41.354,40.8882,427,36635,0.405079,0.11,1,3201941,3201514,427
226721401,34.5416,33.1553,429,36693,0.408031,0.15,1,3201971,3201542,429
226724321,25.8166,25.2621,429,36751,0.445213,0.23,1,3201991,3201562,429
226727241,37.9267,36.5048,431,36809,0.412085,0.21,1,3202037,3201606,431
226730161,33.7707,32.0019,433,36866,0.410834,0.27,1,3202068,3201635,433
226736001,36.6033,36.9203,432,36980,0.417333,0.23,1,3202138,3201706,432
226738921,35.6413,35.1681,433,37037,0.412933,0.23,1,3202173,3201740,433
226741841,15.4565,15.2672,433,37094,0.411173,0.25,1,3202175,3201742,433
226744761,32.5826,31.9069,434,37151,0.446469,0.25,1,3202219,3201785,434
226747681,62.233,12.7628,516,37208,0.448588,0.37,1,3202301,3201785,516
226750601,51.8932,51.3051,484,37265,0.449435,0.45,1,3202346,3201862,484
226753521,42.3573,46.322,477,37322,0.449774,0.41,1,3202382,3201905,477
226756441,35.5429,40.1288,472,37379,0.43791,0.41,1,3202413,3201941,472
226759361,26.2172,34.0515,462,37436,0.433164,0.47,1,3202433,3201971,462
226820681,53.2501,62.7881,494,38603,0.784946,0.59,2,3203239,3202745,494
226823601,22.5,51.5153,452,38658,0.799978,0.61,2,3203241,3202789,452
226826521,31.8,42.2061,454,38713,0.841991,0.65,2,3203279,3202825,454
226829441,30.72,34.8824,454,38768,0.882797,0.65,2,3203309,3202855,454
226832361,24.288,25.953,454,38822,0.875119,0.61,2,3203329,3202875,454
226835281,36.1152,37.9812,452,38876,0.896047,0.63,2,3203373,3202921,452
226838201,33.6461,33.7925,453,38930,0.880419,0.65,2,3203405,3202952,453
226841121,32.6584,32.117,454,38984,0.886168,0.67,2,3203437,3202983,454
227070341,73.4737,48.5774,542,20386,0.78655,0.65,2,3206816,3206274,542
227073261,106.789,74.031,580,20490,0.82462,0.63,2,3206945,3206365,580
227076181,87.7158,106.412,527,20594,0.863848,0.67,2,3207020,3206493,527
227184221,46.5472,58.95,514,24112,0.898,1,2,3209478,3208964,514
227187141,53.4189,73.38,489,24200,0.8212,1,2,3209536,3209047,489
227190061,44.1675,53.352,487,24288,0.77848,1,2,3209574,3209087,487
227201741,91.3275,93.6698,479,24635,0.201129,0.95,1,3209881,3209402,479
227207581,41.2524,46.5472,466,24807,0.0789807,0.77,1,3209944,3209478,466
227210501,47.101,53.4189,459,24892,0.0735923,0.75,1,3209995,3209536,459
227213421,41.0404,44.1675,458,24977,0.0714369,0.45,1,3210032,3209574,458
227216341,56.6162,66.867,443,25062,0.0585748,0.37,1,3210099,3209656,443
227230941,39.0133,41.2524,422,25482,0.206856,0.05,1,3210366,3209944,422
227254301,39.8857,50.9928,461,26140,0.21675,0.23,1,3210796,3210335,461
227257221,46.5543,38.9971,481,26221,0.2247,0.15,1,3210847,3210366,481
227260141,40.2217,46.7989,465,26302,0.25188,0.13,1,3210883,3210418,465
227263061,55.0887,41.5195,492,26383,0.274752,0.11,1,3210948,3210456,492
227277661,40.7353,51.7141,464,26782,0.409825,0.23,1,3211228,3210764,464
227280581,47.4941,39.8856,484,26861,0.42193,0.23,1,3211280,3210796,484
227283501,20.1976,46.5543,435,26940,0.402772,0.27,1,3211282,3210847,435
227286421,29.6791,40.2217,435,27019,0.419109,0.29,1,3211318,3210883,435
227289341,52.0716,55.0887,437,27097,0.437643,0.37,1,3211385,3210948,437
227321461,67.5934,64.8515,449,27944,0.809273,0.57,2,3211951,3211502,449
227324381,90.0374,88.9406,449,28020,0.869709,0.63,2,3212056,3211607,449
227327301,54.6149,52.9762,451,28096,0.881884,0.65,2,3212087,3211636,451
227458701,32.2582,26.9122,500,31306,0.852519,1,2,3214255,3213755,500
227461621,51.3033,10.7649,564,31374,0.791008,1,2,3214319,3213755,564
227476221,46.6658,54.0459,514,31709,0.431239,1,1,3214601,3214087,514
227479141,39.6663,48.0184,505,31776,0.418496,0.98,1,3214636,3214131,505
227482061,33.2665,39.0073,501,31843,0.401398,0.89,1,3214665,3214164,501
227484981,26.5066,33.6029,493,31909,0.406559,0.91,1,3214687,3214194,493
227493741,80.5844,51.3026,559,32107,0.40834,0.57,1,3214878,3214319,559
227496661,45.4338,88.321,468,32173,0.421336,0.51,1,3214900,3214432,468
227555061,84.1717,81.5661,449,33463,0.802508,0.53,2,3215768,3215319,449
227557981,34.8687,33.8264,449,33526,0.831003,0.55,2,3215770,3215321,449
227560901,27.1475,26.7306,449,33589,0.842401,0.59,2,3215792,3215343,449
227563821,33.659,32.2922,451,33652,0.858961,0.59,2,3215830,3215379,451
227566741,55.4636,54.9169,451,33715,0.877584,0.67,2,3215900,3215449,451
227791581,76.2268,36.7714,583,38240,0.81784,1,2,3219087,3218504,583
227812021,15.2556,34.3485,479,38625,0.222777,1,1,3219293,3218814,479
227814941,22.9022,32.3394,476,38680,0.215111,1,1,3219321,3218845,476
227823701,30.7937,33.9177,470,38844,0.0519271,0.89,1,3219412,3218942,470
227826621,40.5175,40.5671,472,38898,0.0267708,0.75,1,3219459,3218987,472
227829541,70.207,76.2268,462,38952,0.0167083,0.61,1,3219549,3219087,462
227832461,44.2828,49.6907,457,39006,0.0126833,0.53,1,3219576,3219119,457
227835381,35.1131,42.6763,448,39060,0.00507333,0.51,1,3219605,3219157,448
227838301,33.2452,38.6705,444,39114,0.0320293,0.47,1,3219637,3219193,444
227841221,31.2981,35.8682,440,39168,0.0428117,0.45,1,3219667,3219227,440
227844141,26.3192,29.3473,438,39222,0.0711247,0.19,1,3219690,3219252,438
227847061,28.5277,35.1389,429,39276,0.0824499,0.17,1,3219720,3219291,429
227849981,12.6111,15.2556,429,39330,0.08698,0.21,1,3219722,3219293,429
227861661,30.7116,30.7937,423,39545,0.0847387,0.01,1,3219835,3219412,423
227864581,40.4847,40.5175,423,39598,0.0518955,0.01,1,3219882,3219459,423
227867501,69.5939,70.207,422,39651,0.0627582,0.01,1,3219971,3219549,422
227870421,44.0375,44.2828,422,39704,0.0431033,0,1,3219998,3219576,422
227873341,35.015,35.1131,422,39757,0.0172413,0.05,1,3220027,3219605,422
227876261,33.206,33.2452,422,39810,0.0368965,0.05,1,3220059,3219637,422
227879181,33.0824,31.2981,425,39863,0.0327586,0.09,1,3220092,3219667,425
227882101,27.633,26.3192,426,39916,0.0671034,0.09,1,3220116,3219690,426
227885021,27.8532,28.5277,424,39969,0.0808414,0.09,1,3220144,3219720,424
227887941,12.3413,12.6111,424,40022,0.0623365,0.13,1,3220146,3219722,424
227890861,24.1365,21.2444,429,40075,0.0549346,0.13,1,3220178,3219749,429
227893781,21.6546,8.49777,449,40128,0.0639738,0.17,1,3220198,3219749,449
227896701,26.0618,16.5991,456,40181,0.0555895,0.13,1,3220227,3219771,456
227899621,27.8247,25.2396,454,40234,0.0642358,0.05,1,3220256,3219802,454
227902541,39.9299,29.8959,469,40286,0.0676943,0.03,1,3220304,3219835,469
227905461,68.772,40.1583,510,40338,0.0330777,0.07,1,3220392,3219882,510
227908381,43.7088,69.4633,448,40390,0.0192311,0.03,1,3220419,3219971,448
227911301,34.8835,43.9853,450,40442,0.0136924,0,1,3220448,3219998,450
227914221,33.1534,34.9941,453,40494,0.011477,0.05,1,3220480,3220027,453
227917141,34.2614,33.1977,456,40546,0.0105908,0.03,1,3220515,3220059,456
227920061,28.1045,33.0791,447,40598,0.0342363,0.09,1,3220539,3220092,447
227922981,28.0418,27.6316,451,40650,0.0556945,0.09,1,3220567,3220116,451
227925901,12.4167,27.8527,425,40702,0.0642778,0.05,1,3220569,3220144,425
227928821,24.1667,12.3411,455,40754,0.0917111,0.05,1,3220601,3220146,455
227952181,33.3216,34.8835,454,41167,0.0663174,0.01,1,3220902,3220448,454
227955101,34.9286,33.1534,458,41218,0.044527,0.01,1,3220938,3220480,458
227958021,28.9715,34.2614,448,41269,0.0358108,0.05,1,3220963,3220515,448
227960941,28.3886,28.1045,452,41320,0.0443243,0.07,1,3220991,3220539,452
227963861,12.5554,28.0418,426,41371,0.0477297,0.07,1,3220993,3220567,426
227966781,25.4222,12.4167,458,41422,0.0490919,0.11,1,3221027,3220569,458
227969701,23.9689,24.1667,449,41473,0.0496368,0.15,1,3221050,3220601,449
227972621,27.5875,22.2667,458,41524,0.0498547,0.19,1,3221080,3220622,458
227975541,12.235,26.9067,430,41575,0.0499419,0.17,1,3221082,3220652,430
227978461,21.694,27.5627,430,41626,0.0499768,0.19,1,3221110,3220680,430
227995981,34.1946,34.9286,423,41930,0.204138,0.03,1,3221361,3220938,423
228025181,67.6677,66.351,428,42430,0.28907,0.15,1,3221671,3221243,428
228033941,32.2667,31.4865,430,42580,0.40034,0.21,1,3221755,3221325,430
228036861,34.5067,34.1946,430,42630,0.406136,0.19,1,3221791,3221361,430
228039781,28.2027,28.6778,429,42680,0.432454,0.17,1,3221815,3221386,429
228042701,28.0811,28.8711,428,42729,0.442982,0.13,1,3221843,3221415,428
228045621,12.4324,12.7485,428,42778,0.423193,0.15,1,3221845,3221417,428
228048541,25.373,26.0994,427,42827,0.439277,0.11,1,3221879,3221452,427
228051461,23.3492,23.6398,427,42876,0.433711,0.17,1,3221901,3221474,427
228115701,32.8848,33.7363,480,43945,0.759719,0.55,2,3222642,3222162,480
228118621,34.7539,32.6945,484,43993,0.777888,0.51,2,3222678,3222194,484
228121541,28.3016,35.8778,470,44041,0.785155,0.51,2,3222702,3222232,470
228124461,28.1206,28.7511,474,44089,0.800062,0.51,2,3222730,3222256,474
228127381,12.4483,28.3005,448,44137,0.806025,0.51,2,3222732,3222284,448
228130301,26.5793,12.5202,482,44185,0.82041,0.49,2,3222768,3222286,482
228133221,23.8317,26.0081,469,44233,0.826164,0.53,2,3222790,3222321,469
228136141,30.5327,23.6032,482,44281,0.816466,0.57,2,3222825,3222343,482
228139061,13.4131,29.2413,451,44329,0.812586,0.57,2,3222827,3222376,451
228141981,23.3652,12.8965,479,44377,0.811034,0.57,2,3222857,3222378,479
228144901,42.9461,23.1586,505,44425,0.822414,0.63,2,3222913,3222408,505
228147821,18.3784,41.0634,454,44472,0.826966,0.65,2,3222915,3222461,454
228150741,65.5514,72.8254,457,44519,0.828786,0.73,2,3223012,3222555,457
228153661,44.2205,46.5302,458,44566,0.889514,0.73,2,3223042,3222584,458
228378501,397.223,437.028,446,21900,0.2884,0.51,1,3225704,3225258,446
228390181,71.3545,72.3063,459,22285,0.067143,0.09,1,3225923,3225464,459
228407701,70.1,54.5963,501,22850,0.0984926,0.13,1,3226289,3225788,501
228410621,61.04,67.4385,480,22943,0.081397,0.03,1,3226344,3225864,480
228419381,56.9946,61.2201,480,23219,0.212809,0.13,1,3226537,3226057,480
228422301,37.7978,57.488,450,23310,0.223124,0.15,1,3226562,3226112,450
228425221,60.7191,37.3952,502,23401,0.27525,0.09,1,3226638,3226136,502
228442741,38.364,56.9936,457,23940,0.405328,0.23,1,3226994,3226537,457
228445661,16.5456,37.7974,434,24029,0.420131,0.31,1,3226996,3226562,434
228483621,68.0401,66.4286,448,25152,0.77208,0.57,2,3227803,3227355,448
228486541,60.816,60.1715,448,25236,0.806832,0.53,2,3227859,3227411,448
228489461,39.9264,39.6686,448,25320,0.808733,0.57,2,3227885,3227437,448
228492381,17.1706,17.0674,448,25404,0.833493,0.61,2,3227887,3227439,448
228495301,59.0682,56.627,452,25487,0.855397,0.61,2,3227974,3227522,452
228498221,70.4273,22.6508,530,25570,0.828159,0.67,2,3228052,3227522,530
228501141,59.9709,54.6603,507,25653,0.829264,0.73,2,3228105,3227598,507
228504061,80.3884,53.0641,549,25736,0.829705,0.73,2,3228199,3227650,549
228506981,70.5553,76.4257,521,25818,0.841882,0.81,2,3228263,3227742,521
228752261,41.2586,53.347,508,31980,0.83512,1,2,3232569,3232061,508
228766861,40.3441,34.4324,534,32310,0.0915244,1,1,3232799,3232265,534
228769781,50.3376,44.9729,539,32375,0.0546098,1,1,3232856,3232317,539
228772701,41.7351,52.7892,517,32440,0.0998439,1,1,3232892,3232375,517
228781461,35.599,49.1465,492,32635,0.09447,0.79,1,3233025,3232533,492
228784381,34.6396,41.2586,490,32700,0.055788,0.53,1,3233059,3232569,490
228787301,34.2558,46.5034,474,32765,0.0643152,0.43,1,3233093,3232619,474
228790221,14.9023,42.0014,437,32830,0.0797261,0.17,1,3233095,3232658,437
228793141,40.1609,56.4006,428,32894,0.0738904,0.05,1,3233152,3232724,428
228796061,35.2644,45.3602,422,32958,0.0715562,0.05,1,3233184,3232762,422
228798981,36.3057,40.3441,422,33022,0.0346225,0.03,1,3233221,3232799,422
228801901,48.7223,50.3376,422,33086,0.031849,0.13,1,3233278,3232856,422
228804821,44.0889,41.7351,427,33150,0.0307396,0.13,1,3233319,3232892,427
228807741,62.0356,60.494,428,33214,0.0422958,0.09,1,3233393,3232965,428
228810661,41.6142,40.9976,428,33278,0.0829183,0.09,1,3233421,3232993,428
228813581,32.8457,35.599,423,33342,0.0871673,0.03,1,3233448,3233025,423
228834021,47.6421,48.7223,423,33783,0.0896559,0.03,1,3233701,3233278,423
228836941,43.6568,44.0889,423,33846,0.0418624,0.05,1,3233742,3233319,423
228839861,62.4627,62.0356,424,33908,0.0707449,0.11,1,3233817,3233393,424
228842781,41.1851,41.6142,423,33970,0.082298,0.09,1,3233844,3233421,423
228845701,34.474,32.8457,426,34032,0.0989192,0.13,1,3233874,3233448,426
228869061,42.2766,47.3989,462,34526,0.0850708,0.01,1,3234163,3233701,462
228880741,33.7511,34.4678,458,34770,0.202002,0.13,1,3234332,3233874,458
228883661,39.3004,33.5871,468,34831,0.206801,0.13,1,3234375,3233907,468
228886581,16.9202,38.0348,429,34892,0.20872,0.13,1,3234377,3233948,429
228889501,42.1681,16.4139,486,34953,0.209488,0.15,1,3234436,3233950,486
228895341,35.1869,33.9462,465,35073,0.229118,0.21,1,3234502,3234037,465
228898261,42.8748,33.9785,479,35133,0.253647,0.15,1,3234550,3234071,479
228901181,38.1499,44.1914,463,35193,0.251459,0.03,1,3234585,3234122,463
228904101,64.46,42.2766,504,35253,0.238584,0.11,1,3234667,3234163,504
228907021,42.584,63.1106,455,35313,0.269433,0.15,1,3234695,3234240,455
228918701,17.1221,39.3004,433,35553,0.402178,0.21,1,3234808,3234375,433
228921621,42.2489,16.9202,490,35612,0.406871,0.21,1,3234867,3234377,490
228924541,34.8995,42.1681,461,35671,0.408748,0.19,1,3234897,3234436,461
228927461,15.1598,35.4672,432,35730,0.409499,0.25,1,3234899,3234467,432
228930381,28.8639,35.1869,435,35789,0.4338,0.27,1,3234937,3234502,435
228933301,40.3456,42.8748,435,35848,0.43152,0.25,1,3234985,3234550,435
228936221,36.5382,38.1499,434,35907,0.430608,0.23,1,3235019,3234585,434
228939141,65.0153,64.46,436,35966,0.418243,0.29,1,3235103,3234667,436
228942061,44.0061,42.584,438,36025,0.425297,0.35,1,3235133,3234695,438
229000461,30.2582,28.8769,450,37180,0.768338,0.61,2,3235829,3235379,450
229003381,40.9033,11.5508,498,37237,0.757335,0.61,2,3235877,3235379,498
229006301,39.1613,34.0203,487,37294,0.788934,0.63,2,3235915,3235428,487
229009221,64.8645,34.6081,534,37351,0.813574,0.63,2,3235997,3235463,534
229012141,44.5458,63.0432,483,37408,0.835429,0.69,2,3236028,3235545,483
229015061,41.8183,42.6173,494,37464,0.856172,0.71,2,3236068,3235574,494
229210701,37.5823,37.6707,508,41070,0.884742,1,2,3238559,3238051,508
229422401,175.108,172.161,511,20544,0.238,0.87,1,3241132,3240621,511
229428241,90.5373,97.2658,490,20750,0.09208,0.53,1,3241298,3240808,490
229437001,51.3224,66.489,455,21055,0.210613,0.27,1,3241473,3241018,455
229442841,50.8116,66.4382,424,21256,0.217298,0.05,1,3241556,3241132,424
229451601,74.2439,73.06,428,21554,0.209027,0.21,1,3241799,3241371,428
229454521,69.8976,67.024,432,21652,0.209611,0.23,1,3241866,3241434,432
229457441,50.759,50.2096,431,21750,0.233844,0.19,1,3241904,3241473,431
229460361,32.9036,32.0838,432,21848,0.255538,0.23,1,3241925,3241493,432
229477881,52.2566,50.7572,434,22424,0.429957,0.27,1,3242338,3241904,434
229480801,34.1027,32.9029,435,22519,0.417983,0.27,1,3242360,3241925,435
229483721,53.2411,13.1612,501,22613,0.425193,0.33,1,3242426,3241925,501
229486641,80.6964,43.6645,536,22707,0.428077,0.37,1,3242525,3241989,536
229489561,71.8786,76.8658,503,22800,0.441231,0.35,1,3242591,3242088,503
229518761,55.287,71.0202,490,23713,0.779054,0.55,2,3243227,3242737,490
229521681,35.3148,53.6081,470,23802,0.797622,0.55,2,3243249,3242779,470
229524601,55.5259,34.6432,517,23891,0.841049,0.59,2,3243318,3242801,517
229527521,82.8104,54.0573,551,23980,0.870419,0.63,2,3243419,3242868,551
229530441,34.3241,81.0229,454,24068,0.882168,0.69,2,3243421,3242967,454
229641401,40.294,38.7904,499,27212,0.8848,1,2,3245631,3245132,499
229644321,61.1176,61.1161,498,27290,0.83992,1,2,3245706,3245208,498
229647241,80.247,91.6465,479,27368,0.845968,1,2,3245799,3245320,479
229650161,56.0988,56.4586,486,27445,0.764387,1,2,3245839,3245353,486
229656001,59.7358,61.2334,483,27599,0.759502,1,2,3245944,3245461,483
229658921,38.2943,46.0933,471,27676,0.801801,1,2,3245968,3245497,471
229661841,48.3177,47.8373,477,27753,0.83072,0.92,2,3246023,3245546,477
229664761,46.9271,49.7349,472,27829,0.818288,0.84,2,3246069,3245597,472
229667681,37.9708,40.294,470,27905,0.813315,0.81,2,3246101,3245631,470
229670601,52.3883,61.1176,457,27981,0.823326,0.85,2,3246163,3245706,457
229673521,79.1553,80.247,461,28057,0.86333,0.71,2,3246260,3245799,461
229688121,47.0643,15.3177,512,28432,0.874597,0.85,2,3246480,3245968,512
229691041,48.8257,39.1271,507,28506,0.883839,0.81,2,3246530,3246023,507
229693961,37.5303,43.2508,491,28580,0.899536,0.81,2,3246560,3246069,491
229696881,52.8121,36.5003,522,28654,0.893814,0.83,2,3246623,3246101,522
229813681,61.4716,26.0745,572,31475,0.83656,1,2,3248630,3248058,572
229828281,42.2896,43.1579,517,31810,0.0732608,1,1,3248868,3248351,517
229831201,44.5159,38.8632,527,31877,0.0293043,1,1,3248914,3248387,527
229834121,38.8063,50.3453,504,31943,0.0177217,1,1,3248949,3248445,504
229837041,37.1225,41.7381,504,32009,0.0130887,0.96,1,3248985,3248481,504
229839961,33.449,37.6952,500,32075,0.00523548,0.91,1,3249016,3248516,500
229842881,54.7796,36.6781,533,32141,0.0680942,0.77,1,3249085,3248552,533
229845801,50.7118,61.4712,503,32207,0.0692377,0.59,1,3249133,3248630,503
229851641,47.5939,47.2754,489,32339,0.084278,0.17,1,3249218,3248729,489
229857481,40.975,42.7241,465,32469,0.0626845,0.01,1,3249291,3248826,465
229860401,42.79,42.2896,467,32534,0.0430738,0,1,3249335,3248868,467
229863321,38.716,44.5158,457,32599,0.0352295,0.01,1,3249371,3248914,457
229866241,37.0864,38.8063,458,32664,0.0560918,0.01,1,3249407,3248949,458
229869161,34.0346,37.1225,454,32729,0.0404367,0,1,3249439,3248985,454
229872081,14.8138,33.449,425,32794,0.0341747,0.11,1,3249441,3249016,425
229877921,47.0102,50.7118,425,32922,0.203468,0.13,1,3249558,3249133,425
229880841,38.6041,39.4847,426,32986,0.231387,0.07,1,3249591,3249165,426
229883761,46.6416,47.5939,425,33050,0.230555,0.13,1,3249643,3249218,425
229886681,36.6567,36.4376,426,33114,0.206222,0.03,1,3249673,3249247,426
229895441,40.146,38.716,425,33306,0.0791982,0.07,1,3249796,3249371,425
229898361,36.4584,37.0864,423,33370,0.0856793,0.03,1,3249830,3249407,423
229901281,34.3834,34.0346,424,33433,0.0402717,0.03,1,3249863,3249439,424
229904201,14.9533,14.8138,424,33496,0.0341087,0.25,1,3249865,3249441,424
229907121,53.9813,48.5255,433,33559,0.0676435,0.23,1,3249945,3249512,433
229910041,49.1925,47.0102,433,33622,0.0690574,0.25,1,3249991,3249558,433
229912961,38.877,38.6041,432,33685,0.093623,0.23,1,3250023,3249591,432
229933401,33.9839,34.3834,422,34122,0.0621129,0.03,1,3250285,3249863,422
229936321,14.7936,14.9533,422,34184,0.0428452,0.09,1,3250287,3249865,422
229939241,55.1174,53.9813,424,34246,0.0231381,0.09,1,3250369,3249945,424
229942161,49.647,21.5925,470,34308,0.0392552,0.07,1,3250415,3249945,470
229950921,37.8094,44.0779,458,34493,0.200512,0.19,1,3250532,3250074,458
229953841,36.7238,35.6312,464,34554,0.230205,0.19,1,3250568,3250104,464
229956761,38.0895,35.8525,467,34615,0.254082,0.19,1,3250607,3250140,467
229959681,38.0358,37.741,466,34676,0.263633,0.11,1,3250645,3250179,466
229962601,34.4143,39.0964,458,34737,0.291453,0.09,1,3250677,3250219,458
229965521,31.1657,35.4386,454,34798,0.290581,0.03,1,3250706,3250252,454
229968441,13.6663,33.9754,423,34859,0.290233,0.03,1,3250708,3250285,423
229971361,55.2665,14.7902,504,34920,0.266093,0.01,1,3250791,3250287,504
229974281,51.5066,55.1161,471,34981,0.268437,0.05,1,3250840,3250369,471
229994721,35.4421,38.0358,468,35401,0.40158,0.31,1,3251113,3250645,468
229997641,30.9769,34.4143,464,35461,0.406632,0.29,1,3251141,3250677,464
230000561,13.5907,31.1657,437,35521,0.408653,0.29,1,3251143,3250706,437
230006401,52.8145,55.2665,485,35640,0.416984,0.27,1,3251276,3250791,485
230009321,22.3258,51.5066,438,35699,0.424794,0.35,1,3251278,3250840,438
230058961,39.6396,39.0337,449,36693,0.755813,0.57,2,3251931,3251482,449
230061881,40.4558,40.2135,449,36751,0.764325,0.59,2,3251972,3251523,449
230064801,35.3823,35.2854,449,36809,0.76773,0.63,2,3252004,3251555,449
230067721,32.1529,30.9142,451,36866,0.769092,0.63,2,3252034,3251583,451
230070641,14.0612,13.5657,451,36923,0.769637,0.63,2,3252036,3251585,451
230073561,53.6245,53.4263,451,36980,0.781855,0.61,2,3252116,3251665,451
230076481,54.4498,53.7705,452,37037,0.822742,0.61,2,3252171,3251719,452
230079401,22.9799,22.7082,452,37094,0.839097,0.67,2,3252173,3251721,452
230082321,33.192,32.4833,453,37151,0.797639,0.67,2,3252213,3251760,453
230085241,49.8768,12.9933,514,37208,0.781055,0.67,2,3252274,3251760,514
230088161,40.3507,41.1973,488,37265,0.798422,0.67,2,3252308,3251820,488
230091081,38.3403,36.8789,491,37322,0.829369,0.73,2,3252345,3251854,491
230094001,41.7361,36.3516,499,37379,0.877748,0.79,2,3252389,3251890,499
230242921,32.4411,11.9845,519,40160,0.846735,1,2,3254300,3253781,519
230245841,32.7764,28.1938,513,40213,0.776694,1,2,3254333,3253820,513
230257521,52.0839,34.8258,539,40422,0.225563,1,1,3254502,3253963,539
230260441,44.2336,48.7303,520,40474,0.0962253,1,1,3254541,3254021,520
230263361,39.2934,46.4921,511,40526,0.0564901,1,1,3254577,3254066,511
230266281,31.3174,39.5968,502,40578,0.0285961,1,1,3254603,3254101,502
230269201,36.5269,32.0387,515,40630,0.0414384,1,1,3254643,3254128,515
230272121,33.2108,37.4155,505,40682,0.0225754,0.99,1,3254674,3254169,505
230275041,30.6843,34.7662,501,40734,0.0270301,0.92,1,3254703,3254202,501
230277961,28.4737,35.5065,492,40786,0.0288121,0.87,1,3254730,3254238,492
230280881,26.3895,31.6026,488,40838,0.0295248,0.81,1,3254755,3254267,488
230283801,27.3558,32.441,483,40890,0.0538099,0.73,1,3254783,3254300,483
230286721,29.5423,32.7764,481,40942,0.039524,0.55,1,3254814,3254333,481
230289641,31.0169,35.3106,476,40994,0.0578096,0.41,1,3254846,3254370,476
230292561,28.0068,34.5242,468,41045,0.0771238,0.33,1,3254872,3254404,468
230295481,45.4027,34.2097,491,41096,0.0968495,0.11,1,3254929,3254438,491
230298401,38.5611,52.0839,461,41147,0.0807398,0.01,1,3254963,3254502,461
230301321,37.0244,44.2336,458,41198,0.0502959,0.03,1,3254999,3254541,458
230304241,30.4098,39.2934,448,41249,0.0261184,0.01,1,3255025,3254577,448
230307161,37.3639,31.3174,464,41300,0.0284473,0.05,1,3255067,3254603,464
230310081,33.5456,36.5269,455,41351,0.0173789,0.01,1,3255098,3254643,455
230313001,29.0182,33.2108,450,41402,0.0369516,0.03,1,3255124,3254674,450
230315921,28.4073,30.6843,449,41453,0.0447806,0.03,1,3255152,3254703,449
230318841,26.3629,28.4737,447,41504,0.0359123,0.03,1,3255177,3254730,447
230321761,11.7452,26.3895,424,41555,0.0323649,0.07,1,3255179,3254755,424
230324681,21.4981,27.3558,424,41606,0.066946,0.03,1,3255207,3254783,424
230345121,30.1434,30.4098,423,41960,0.0609986,0.03,1,3255448,3255025,423
230348041,37.8573,37.3639,424,42010,0.0303995,0.01,1,3255491,3255067,424
230350961,32.5429,33.5456,422,42060,0.0301598,0.05,1,3255520,3255098,422
230353881,31.0172,29.0182,426,42110,0.0300639,0.05,1,3255550,3255124,426
230356801,26.8069,28.4073,422,42160,0.0300256,0.03,1,3255574,3255152,422
230359721,28.1227,26.3629,426,42210,0.0300102,0.03,1,3255603,3255177,426
230362641,12.4491,11.7452,426,42260,0.0300041,0.09,1,3255605,3255179,426
230365561,22.3796,21.4981,427,42310,0.0540016,0.15,1,3255634,3255207,427
230368481,25.1519,25.9992,425,42360,0.0636007,0.13,1,3255661,3255236,425
230371401,32.8607,31.9997,427,42410,0.0914403,0.11,1,3255699,3255272,427
230374321,29.9443,29.5999,427,42460,0.0905761,0.13,1,3255727,3255300,427
230388921,37.1447,37.8573,422,42709,0.0971675,0.03,1,3255913,3255491,422
230391841,32.2579,32.5429,422,42758,0.056867,0.03,1,3255942,3255520,422
230394761,31.5032,31.0172,423,42807,0.0287468,0.03,1,3255973,3255550,423
230397681,27.0013,26.8069,423,42856,0.0414987,0.03,1,3255997,3255574,423
230400601,27.6005,28.1227,422,42905,0.0345995,0.03,1,3256025,3255603,422
230403521,12.2402,12.4491,422,42954,0.0318398,0.07,1,3256027,3255605,422
230406441,24.0961,22.3796,425,43003,0.0307359,0.07,1,3256059,3255634,425
230409361,25.2384,8.95186,451,43052,0.0302944,0.07,1,3256085,3255634,451
230412281,32.8954,19.7807,462,43101,0.0661177,0.11,1,3256123,3255661,462
230415201,30.5582,30.7123,453,43150,0.0924471,0.09,1,3256152,3255699,453
230423961,34.4997,38.3736,460,43297,0.237517,0.19,1,3256275,3255815,460
230426881,26.9999,33.3494,452,43346,0.269007,0.21,1,3256297,3255845,452
230429801,33,28.3398,464,43395,0.269603,0.03,1,3256334,3255870,464
230432721,30.6,37.1359,450,43444,0.281841,0.03,1,3256363,3255913,450
230435641,30.84,32.2544,452,43493,0.238736,0.01,1,3256394,3255942,452
230438561,26.736,31.5017,445,43542,0.221495,0.05,1,3256418,3255973,445
230444401,12.1978,27.6003,423,43638,0.202239,0.03,1,3256448,3256025,423
230453161,34.4287,25.2384,463,43782,0.200863,0.09,1,3256548,3256085,463
230456081,31.7715,32.8954,455,43830,0.230345,0.11,1,3256578,3256123,455
230459001,46.3086,30.5581,482,43878,0.242138,0.15,1,3256634,3256152,482
230461921,44.9234,44.6233,472,43926,0.222855,0.23,1,3256678,3256206,472
230464841,37.1694,41.2493,465,43974,0.251142,0.27,1,3256710,3256245,465
230467761,28.0677,34.4997,457,44022,0.238457,0.29,1,3256732,3256275,457
230470681,32.8271,26.9999,471,44070,0.233383,0.27,1,3256768,3256297,471
230473601,29.9308,33,462,44118,0.231353,0.29,1,3256796,3256334,462
230476521,29.3723,30.6,462,44166,0.242541,0.21,1,3256825,3256363,462
230479441,26.1489,30.84,455,44214,0.247017,0.21,1,3256849,3256394,455
230482361,26.0596,26.736,457,44262,0.248807,0.17,1,3256875,3256418,457
230485281,11.6238,27.4944,431,44310,0.249523,0.21,1,3256877,3256446,431
230488201,24.4495,12.1978,462,44358,0.237809,0.17,1,3256910,3256448,462
230491121,25.3798,24.6791,455,44406,0.233124,0.19,1,3256936,3256481,455
230494041,36.5519,26.0716,472,44454,0.267249,0.21,1,3256980,3256508,472
230496961,15.8208,34.4287,434,44501,0.2569,0.25,1,3256982,3256548,434
230508641,36.7554,37.1694,433,44689,0.417889,0.23,1,3257143,3256710,433
230511561,27.9022,28.0677,433,44736,0.413155,0.23,1,3257165,3256732,433
230599161,28.6927,36.1872,476,46130,0.778952,0.67,2,3258060,3257584,476
230602081,35.4771,28.2749,493,46176,0.821581,0.69,2,3258100,3257607,493
230605001,32.1908,34.11,485,46222,0.862632,0.71,2,3258130,3257645,485
230812321,26.8386,36.0986,501,49354,0.836871,1,2,3260248,3259747,501
230815241,31.7354,22.8394,522,49397,0.760748,1,2,3260283,3259761,522
230824001,35.4871,23.4697,534,49526,0.407968,1,1,3260384,3259850,534
230826921,35.1948,38.1879,521,49569,0.289187,1,1,3260419,3259898,521
230829841,33.2779,35.6752,519,49612,0.277675,1,1,3260451,3259932,519
230832761,28.9112,31.0701,517,49654,0.23707,1,1,3260477,3259960,517
230835681,30.1645,34.028,512,49696,0.208828,1,1,3260508,3259996,512
230838601,32.4658,32.8112,514,49738,0.209531,1,1,3260542,3260028,514
230870721,26.5256,31.7177,471,50200,0.0963921,0.31,1,3260817,3260346,471
230894081,27.0403,28.2345,428,50536,0.203709,0.15,1,3261027,3260599,428
230897001,22.8161,22.0938,430,50578,0.231483,0.17,1,3261047,3260617,430
230899921,17.5264,17.2375,430,50620,0.266593,0.17,1,3261061,3260631,430
230902841,20.8106,21.295,429,50662,0.268637,0.13,1,3261084,3260655,429
230905761,22.7242,23.518,428,50704,0.269455,0.17,1,3261108,3260680,428
230908681,24.0897,24.4072,428,50746,0.257782,0.11,1,3261133,3260705,428
230911601,27.6359,28.9629,426,50788,0.289113,0.13,1,3261163,3260737,426
230934961,27.4771,25.3795,431,51116,0.40334,0.15,1,3261368,3260937,431
231037161,33.0149,28.5736,484,52538,0.773937,0.53,2,3262294,3261810,484
231040081,32.4059,33.6294,479,52578,0.795575,0.53,2,3262326,3261847,479
231043001,30.3624,32.6518,476,52618,0.81623,0.55,2,3262355,3261879,476
231045921,25.345,29.2607,471,52658,0.800492,0.55,2,3262377,3261906,471
231048841,19.138,24.3043,465,52698,0.794197,0.57,2,3262392,3261927,465
231051761,22.6552,18.7217,475,52738,0.839679,0.61,2,3262417,3261942,475
231054681,25.2621,21.8887,478,52778,0.893871,0.65,2,3262444,3261966,478
231060521,29.6019,23.6622,487,52858,0.895419,0.69,2,3262501,3262014,487
231297041,23.3585,19.3441,519,55993,0.899805,1,2,3264667,3264148,519
231302881,21.4974,28.8951,499,56069,0.884369,0.98,2,3264711,3264212,499
231305801,22.3989,25.358,499,56107,0.863747,1,2,3264734,3264235,499
231308721,28.1596,19.1432,516,56144,0.867499,1,2,3264766,3264250,516
231311641,16.0638,20.8573,502,56181,0.869,1,2,3264774,3264272,502
231314561,12.4255,29.3429,477,56218,0.8696,0.97,2,3264784,3264307,477
231317481,22.3702,29.7372,476,56255,0.86984,1,2,3264813,3264337,476
231320401,19.1481,19.6949,480,56292,0.845936,1,2,3264830,3264350,480
231323321,20.8592,19.2779,483,56329,0.836374,1,2,3264852,3264369,483
231326241,25.1437,25.1112,482,56366,0.80855,0.87,2,3264880,3264398,482
231329161,31.6575,30.4445,484,56403,0.77342,0.9,2,3264916,3264432,484
231332081,24.663,31.3778,472,56440,0.759368,1,2,3264936,3264464,472
231335001,26.0652,29.9511,470,56477,0.813747,0.99,2,3264963,3264493,470
231337921,29.6261,32.9804,467,56514,0.799499,1,2,3264995,3264528,467
231340841,32.8504,31.1922,472,56551,0.7938,0.99,2,3265030,3264558,472
231343761,32.9402,33.4769,470,56588,0.81552,0.95,2,3265063,3264593,470
231346681,28.1761,28.9907,469,56625,0.812208,0.93,2,3265088,3264619,469
231349601,26.8704,28.3963,467,56662,0.810883,0.87,2,3265114,3264647,467
231352521,22.7482,23.3585,467,56699,0.846353,0.91,2,3265134,3264667,467
231355441,23.4993,23.7434,467,56736,0.884541,0.87,2,3265158,3264691,467
231358361,21.3997,21.4974,467,56773,0.851817,0.85,2,3265178,3264711,467
231361281,21.1599,22.3989,465,56810,0.850727,0.87,2,3265199,3264734,465
231364201,28.864,28.1596,467,56847,0.874291,0.87,2,3265233,3264766,467
231367121,15.1456,16.0638,465,56884,0.859716,0.87,2,3265239,3264774,465
231370041,12.0582,12.4255,465,56921,0.853887,0.87,2,3265249,3264784,465
231372961,21.6233,22.3702,464,56958,0.887555,0.83,2,3265277,3264813,464
231624081,220.21,233.949,472,27740,0.2428,1,1,3267955,3267483,472
231672261,79.7537,63.8318,504,27816,0.083248,0.96,1,3268052,3267548,504
231686861,15.7341,28.748,443,28195,0.222756,0.37,1,3268225,3267782,443
231689781,16.4936,17.4992,450,28270,0.227103,0.33,1,3268242,3267792,450
231692701,30.5975,29.1997,453,28345,0.240841,0.05,1,3268282,3267829,453
231704381,48.1545,61.5587,460,28643,0.0735095,0.15,1,3268571,3268111,460
231707301,59.4618,44.4235,494,28717,0.0594038,0.19,1,3268638,3268144,494
231710221,30.9847,56.1694,442,28791,0.0537615,0.19,1,3268650,3268208,442
231713141,15.9939,28.4678,438,28865,0.0515046,0.25,1,3268656,3268218,438
231716061,17.1976,15.5871,449,28938,0.0506018,0.23,1,3268674,3268225,449
231718981,31.479,16.4348,473,29011,0.0502407,0.25,1,3268715,3268242,473
231721901,68.3916,30.5739,526,29084,0.0620963,0.11,1,3268808,3268282,526
231724821,84.3566,71.0296,523,29157,0.0308385,0.17,1,3268903,3268380,523
231727741,70.3427,84.2118,491,29230,0.0903354,0.07,1,3268964,3268473,491
231736501,30.6619,59.4616,435,29446,0.208581,0.05,1,3269073,3268638,435
231739421,15.8648,30.9846,429,29518,0.221433,0.05,1,3269079,3268650,429
231742341,17.7459,15.9938,442,29590,0.214573,0.05,1,3269098,3268656,442
231745261,31.0984,17.1975,464,29662,0.211829,0.05,1,3269138,3268674,464
231748181,68.8393,31.479,517,29733,0.234732,0.07,1,3269232,3268715,517
231751101,84.5357,68.3916,519,29804,0.279893,0.01,1,3269327,3268808,519
231754021,35.0143,84.3566,426,29875,0.273957,0.13,1,3269329,3268903,426
231756941,52.4057,70.3427,429,29946,0.283583,0.15,1,3269393,3268964,429
231762781,58.1849,58.6548,433,30088,0.416173,0.23,1,3269494,3269061,433
231765701,30.474,30.6619,433,30158,0.448469,0.23,1,3269506,3269073,433
231821181,63.8345,28.3075,526,31465,0.756956,0.53,2,3270388,3269862,526
231824101,32.7338,57.523,461,31532,0.752782,0.61,2,3270400,3269939,461
231827021,17.8935,30.2092,457,31599,0.763113,0.59,2,3270408,3269951,457
231829941,17.9574,16.2837,468,31666,0.779245,0.63,2,3270426,3269958,468
231832861,31.783,17.3135,491,31733,0.809698,0.65,2,3270467,3269976,491
231835781,72.1132,30.9254,550,31800,0.821879,0.69,2,3270566,3270016,550
231838701,87.0453,70.5702,550,31867,0.814752,0.67,2,3270663,3270113,550
231841621,36.0181,85.8281,456,31933,0.811901,0.71,2,3270665,3270209,456
231844541,54.6072,35.5312,521,31999,0.82276,0.71,2,3270732,3270211,521
231847461,41.6429,53.2125,489,32065,0.827104,0.71,2,3270765,3270276,489
231850381,65.2572,41.085,537,32131,0.888842,0.79,2,3270846,3270309,537
231961341,71.093,28.8775,588,34545,0.870064,1,2,3272471,3271883,588
231978861,44.1862,29.4881,530,34911,0.409561,1,1,3272739,3272209,530
231984701,25.1898,36.7581,490,35032,0.28513,0.96,1,3272789,3272299,490
231990541,25.6304,25.0813,497,35152,0.282021,0.98,1,3272840,3272343,497
231993461,64.2522,26.2325,560,35212,0.238808,0.81,1,3272930,3272370,560
231996381,80.9009,71.093,551,35272,0.269523,0.61,1,3273022,3272471,551
231999301,48.5603,88.4372,478,35332,0.281809,0.61,1,3273049,3272571,478
232002221,33.8241,52.7749,473,35392,0.286724,0.65,1,3273073,3272600,473
232005141,32.1297,37.91,476,35452,0.276689,0.47,1,3273104,3272628,476
232013901,33.4963,44.1862,469,35631,0.285788,0.29,1,3273208,3272739,469
232016821,22.3985,37.4745,451,35690,0.288315,0.25,1,3273223,3272772,451
232028501,62.7382,64.2522,434,35926,0.428485,0.29,1,3273364,3272930,434
232101501,86.7321,65.6975,551,37370,0.805035,0.67,2,3274360,3273809,551
232104421,50.8928,85.679,479,37427,0.820014,0.63,2,3274387,3273908,479
232107341,35.9571,50.4716,478,37483,0.850006,0.67,2,3274413,3273935,478
232110261,31.7829,35.7886,481,37539,0.862002,0.63,2,3274442,3273961,481
232113181,29.5131,31.1155,481,37595,0.890801,0.69,2,3274470,3273989,481
232361381,98.8564,101.717,498,21264,0.873232,1,2,3278861,3278363,498
232364301,59.9426,64.0869,493,21364,0.895293,1,2,3278895,3278402,493
232367221,68.377,76.6348,482,21463,0.892117,1,2,3278969,3278487,482
232370141,47.7508,53.4539,478,21562,0.890847,0.98,2,3279003,3278525,478
232489861,87.7472,94.1485,472,25279,0.88216,1,2,3281707,3281235,472
232501541,49.4303,37.287,536,25613,0.407783,1,1,3281894,3281358,536
232510301,54.7395,60.9704,526,25860,0.290338,1,1,3282069,3281543,526
232513221,80.6958,58.5881,567,25942,0.266135,0.81,1,3282167,3281600,567
232519061,45.7913,68.0541,488,26105,0.295782,0.49,1,3282250,3281762,488
232533661,53.4206,63.3484,482,26508,0.415205,0.27,1,3282502,3282020,482
232562861,82.8369,80.1682,447,27296,0.773433,0.53,2,3283047,3282600,447
232565781,63.1348,61.4673,448,27374,0.771373,0.53,2,3283097,3282649,448
232568701,46.8539,46.1869,448,27451,0.782549,0.55,2,3283133,3282685,448
232571621,39.7416,38.8748,449,27528,0.77502,0.59,2,3283168,3282719,449
232574541,49.4966,47.9499,451,27605,0.796008,0.59,2,3283224,3282773,451
232577461,20.9986,20.38,451,27682,0.780403,0.61,2,3283226,3282775,451
232580381,40.7995,39.952,452,27759,0.834161,0.67,2,3283280,3282828,452
232583301,57.1198,54.9808,455,27835,0.867665,0.77,2,3283348,3282893,455
232586221,55.2479,52.5923,458,27911,0.869066,0.81,2,3283402,3282944,458
232723461,43.0585,36.6314,510,31275,0.8284,1,2,3285772,3285262,510
232726381,31.6234,35.6526,499,31343,0.76936,1,2,3285796,3285297,499
232740981,52.8281,42.9171,531,31679,0.226365,1,1,3286077,3285546,531
232743901,38.5313,49.5668,506,31746,0.228546,1,1,3286106,3285600,506
232758501,53.1898,31.6212,525,32078,0.0918603,0.49,1,3286321,3285796,525
232764341,38.8704,67.9394,460,32210,0.0950976,0.27,1,3286410,3285950,460
232776021,37.8351,38.5312,465,32472,0.219155,0.15,1,3286571,3286106,465
232778941,46.934,39.4125,478,32537,0.237662,0.09,1,3286624,3286146,478
232781861,36.7736,46.965,456,32602,0.257065,0.11,1,3286654,3286198,456
232784781,28.5094,36.186,450,32667,0.276826,0.13,1,3286677,3286227,450
232787701,52.2038,29.4744,493,32732,0.29673,0.07,1,3286745,3286252,493
232851941,52.3309,52.3392,446,34124,0.766781,0.49,2,3287628,3287182,446
232854861,22.1324,22.1357,446,34186,0.768712,0.51,2,3287630,3287184,446
232857781,48.4529,47.8543,447,34248,0.769485,0.51,2,3287696,3287249,447
232860701,37.3812,19.1417,477,34310,0.769794,0.55,2,3287726,3287249,477
232863621,40.7525,25.0567,491,34372,0.781918,0.57,2,3287769,3287278,491
232866541,55.901,36.4227,513,34434,0.750767,0.61,2,3287835,3287322,513
232872381,41.7042,37.2676,496,34556,0.788523,0.69,2,3287907,3287411,496
232875301,49.6817,39.5071,510,34617,0.801409,0.71,2,3287962,3287452,510
232878221,37.8727,48.8028,485,34678,0.806564,0.69,2,3287992,3287507,485
232881141,29.5491,37.5211,479,34739,0.808625,0.71,2,3288016,3287537,479
232884061,54.4196,28.8084,527,34800,0.86945,0.81,2,3288087,3287560,527
232886981,22.9678,52.3234,461,34861,0.89378,0.77,2,3288089,3287628,461
232895741,41.4059,37.3807,503,35043,0.896962,0.79,2,3288229,3287726,503
233021301,61.4913,33.6844,555,37549,0.88528,1,2,3289999,3289444,555
233024221,46.1965,59.6738,514,37605,0.828112,1,2,3290035,3289521,514
233044661,35.6309,42.412,508,37997,0.216713,1,1,3290260,3289752,508
233047581,58.0524,38.5648,545,38053,0.0926851,0.95,1,3290333,3289788,545
233050501,41.2209,57.4259,505,38109,0.043074,0.95,1,3290363,3289858,505
233053421,32.6884,41.5704,501,38164,0.0592296,1,1,3290390,3289889,501
233056341,55.0754,35.2281,540,38219,0.0656919,0.82,1,3290460,3289920,540
233059261,40.6301,61.4913,492,38274,0.0802767,0.79,1,3290491,3289999,492
233062181,32.4521,46.1965,483,38329,0.0741107,0.67,1,3290518,3290035,483
233065101,27.3808,38.2786,474,38384,0.0836443,0.61,1,3290542,3290068,474
233068021,21.7523,29.1114,469,38439,0.0634577,0.51,1,3290560,3290091,469
233088461,37.4027,41.2209,422,38823,0.210758,0.07,1,3290785,3290363,422
233097221,39.9298,40.6301,424,38985,0.215328,0.07,1,3290915,3290491,424
233100141,32.7719,32.4521,425,39039,0.224131,0.09,1,3290943,3290518,425
233103061,26.3088,27.3808,423,39093,0.203653,0.05,1,3290965,3290542,423
233129341,34.4073,33.5611,431,39578,0.211812,0.19,1,3291247,3290816,431
233132261,54.5629,54.8244,430,39631,0.246725,0.23,1,3291315,3290885,430
233135181,40.4252,39.9298,431,39684,0.27269,0.23,1,3291346,3290915,431
233138101,32.9701,32.7719,431,39737,0.295076,0.19,1,3291374,3290943,431
233155621,15.735,15.7849,428,40055,0.404169,0.17,1,3291517,3291089,428
233158541,23.094,23.114,428,40108,0.431667,0.17,1,3291545,3291117,428
233161461,50.0376,9.24559,496,40161,0.442667,0.19,1,3291613,3291117,496
233243221,28.0134,40.1788,455,41607,0.770382,0.67,2,3292544,3292089,455
233246141,31.6054,36.4715,455,41658,0.770153,0.61,2,3292578,3292123,455
233249061,54.6421,58.3886,452,41709,0.818061,0.63,2,3292648,3292196,452
233251981,42.2569,43.1554,453,41760,0.849224,0.65,2,3292682,3292229,453
233254901,34.3027,34.0622,454,41811,0.88569,0.65,2,3292711,3292257,454
233430101,25.8781,29.5561,502,44737,0.899341,1,2,3294702,3294200,502
233433021,24.7512,29.8224,496,44784,0.893736,1,2,3294726,3294230,496
233435941,33.9005,38.329,492,44831,0.783495,1,2,3294766,3294274,492
233456381,39.1327,36.6865,484,45160,0.438387,1,1,3295004,3294520,484
233473901,23.7124,25.8781,464,45441,0.285458,0.89,1,3295166,3294702,464
233476821,22.6849,24.7512,462,45487,0.252183,0.71,1,3295188,3294726,462
233479741,31.874,33.9005,460,45533,0.262873,0.59,1,3295226,3294766,460
233494341,24.552,27.0793,447,45763,0.405921,0.53,1,3295378,3294931,447
233497261,23.6208,25.8317,445,45809,0.432368,0.37,1,3295401,3294956,445
233500181,34.0483,39.1327,438,45855,0.442947,0.33,1,3295442,3295004,438
233503101,26.2193,28.2531,438,45901,0.447179,0.37,1,3295463,3295025,438
233573181,28.5976,31.9977,476,46991,0.751738,0.59,2,3296169,3295693,476
233576101,40.8391,28.3991,499,47036,0.750695,0.59,2,3296218,3295719,499
233587781,35.8743,24.1846,494,47216,0.75933,0.61,2,3296336,3295842,494
233590701,28.7497,35.4738,475,47261,0.765732,0.65,2,3296360,3295885,475
233593621,27.6999,27.3895,480,47306,0.804293,0.65,2,3296387,3295907,480
233596541,31.48,26.5558,488,47351,0.843717,0.69,2,3296421,3295933,488
233599461,13.792,30.4223,457,47396,0.859487,0.73,2,3296423,3295966,457
233602381,25.9168,31.9689,458,47440,0.889795,0.69,2,3296457,3295999,458
233605301,29.5667,31.9876,458,47484,0.877918,0.73,2,3296489,3296031,458
233608221,22.6267,23.595,458,47528,0.897167,0.73,2,3296507,3296049,458
233792181,29.2117,25.1946,521,50243,0.86298,1,2,3298400,3297879,521
233795101,29.6847,21.4778,532,50285,0.819192,1,2,3298430,3297898,532
233798021,26.2739,25.9911,527,50327,0.777677,1,2,3298454,3297927,527
233853501,297.484,344.359,447,23360,0.293628,0.35,1,3298956,3298509,447
233859341,113.717,112.217,474,23541,0.0913805,0.09,1,3299122,3298648,474
233862261,77.887,86.8869,458,23631,0.0785522,0.05,1,3299176,3298718,458
233865181,68.3548,73.7548,455,23721,0.0854209,0.07,1,3299238,3298783,455
233871021,61.9368,53.8008,464,23899,0.0580673,0.01,1,3299350,3298886,464
233873941,28.9747,47.9203,427,23988,0.0412269,0.03,1,3299357,3298930,427
233876861,25.3899,27.5681,436,24076,0.0344908,0.01,1,3299380,3298944,436
233879781,64.756,74.0273,422,24164,0.0437963,0.07,1,3299471,3299049,422
233882701,71.5024,73.4109,425,24252,0.0595185,0.07,1,3299547,3299122,425
233885621,59.201,61.7644,422,24339,0.0538074,0.09,1,3299598,3299176,422
233888541,62.6804,61.9057,425,24426,0.039523,0.11,1,3299663,3299238,425
233891461,52.0722,51.7623,425,24513,0.0578092,0.03,1,3299708,3299283,425
233894381,59.2289,60.9049,422,24599,0.0411237,0.03,1,3299772,3299350,422
233897301,27.8915,28.562,422,24685,0.0344495,0.03,1,3299779,3299357,422
233900221,25.5566,25.2248,423,24771,0.0137798,0.05,1,3299803,3299380,423
233903141,64.2227,64.6899,422,24857,0.0715119,0.07,1,3299893,3299471,422
233906061,71.8891,71.476,423,24942,0.0706048,0.05,1,3299970,3299547,423
233908981,58.7556,59.1904,422,25027,0.0702419,0.03,1,3300020,3299598,422
233935261,65.7011,57.7742,495,25779,0.247669,0.17,1,3300515,3300020,495
233938181,53.2804,63.3097,473,25861,0.261068,0.19,1,3300560,3300087,473
233961541,54.8826,65.7008,481,26509,0.41713,0.27,1,3300996,3300515,481
233964461,59.753,53.2803,499,26589,0.436852,0.33,1,3301059,3300560,499
234008261,46.0267,45.7127,452,27760,0.792805,0.67,2,3301771,3301319,452
234011181,62.8107,62.0851,453,27836,0.779122,0.63,2,3301845,3301392,453
234014101,53.3243,53.034,453,27912,0.821649,0.65,2,3301892,3301439,453
234017021,60.9297,61.4136,452,27988,0.86266,0.65,2,3301958,3301506,452
234019941,27.9719,28.1654,452,28064,0.855064,0.63,2,3301964,3301512,452
234022861,26.7888,25.6662,454,28139,0.876026,0.69,2,3301990,3301536,454
234025781,71.3155,69.6665,456,28214,0.89641,0.75,2,3302091,3301635,456
234139661,80.3733,80.3165,496,31004,0.8584,1,2,3304088,3303592,496
234142581,54.3493,48.9266,505,31072,0.75736,1,2,3304125,3303620,505
234151341,45.0704,34.5473,512,31276,0.415911,1,1,3304262,3303750,512
234160101,26.3325,48.891,498,31479,0.251018,1,1,3304351,3303853,498
234168861,73.6853,62.721,553,31680,0.0892652,0.78,1,3304549,3303996,553
234171781,46.2741,80.2884,489,31747,0.0777061,0.69,1,3304577,3304088,489
234174701,36.5096,54.3154,482,31814,0.0850824,0.59,1,3304607,3304125,482
234177621,50.6039,40.9261,510,31881,0.076033,0.37,1,3304667,3304157,510
234180541,39.4415,57.1705,474,31947,0.0964132,0.37,1,3304699,3304225,474
234183461,32.5766,45.0682,465,32013,0.0925653,0.35,1,3304727,3304262,465
234186381,37.0306,34.8273,477,32079,0.0910261,0.27,1,3304767,3304290,477
234189301,25.6123,40.3309,451,32145,0.0544104,0.21,1,3304785,3304334,451
234192221,30.6449,26.3324,468,32211,0.0997642,0.15,1,3304819,3304351,468
234195141,56.658,31.5329,507,32277,0.0939057,0.07,1,3304893,3304386,507
234212661,30.9991,39.4415,449,32668,0.205792,0.09,1,3305148,3304699,449
234215581,37.5996,32.5766,463,32733,0.232317,0.09,1,3305190,3304727,463
234218501,16.2399,37.0306,425,32798,0.242927,0.03,1,3305192,3304767,425
234221421,17.2959,25.6123,425,32862,0.271171,0.13,1,3305210,3304785,425
234224341,27.9184,30.6449,426,32926,0.294468,0.09,1,3305245,3304819,426
234244781,31.9207,30.9991,433,33373,0.424406,0.25,1,3305581,3305148,433
234297341,46.4504,73.5027,475,34496,0.756842,0.61,2,3306316,3305841,475
234300261,41.3801,45.0011,487,34557,0.776737,0.61,2,3306354,3305867,487
234303181,51.3521,39.0004,510,34618,0.808695,0.65,2,3306412,3305902,510
234306101,43.3408,51.0002,489,34679,0.821478,0.65,2,3306450,3305961,489
234309021,34.1363,42.0001,481,34740,0.826591,0.65,2,3306478,3305997,481
234311941,42.4545,33.6,501,34801,0.804636,0.77,2,3306526,3306025,501
234314861,18.1818,39.84,459,34862,0.795855,0.73,2,3306528,3306069,459
234317781,18.0727,17.136,475,34923,0.804342,0.73,2,3306546,3306071,475
234320701,28.8291,17.6544,493,34984,0.819737,0.73,2,3306582,3306089,493
234323621,56.5316,28.6618,532,35044,0.825895,0.71,2,3306657,3306125,532
234326541,76.6127,57.0647,546,35104,0.852358,0.75,2,3306747,3306201,546
234329461,47.4451,75.6259,486,35164,0.862943,0.77,2,3306775,3306289,486
234457941,31.0197,21.0969,523,37718,0.878896,1,2,3308492,3307969,523
234475461,54.5481,44.9113,535,38054,0.262618,1,1,3308768,3308233,535
234478381,47.0192,52.1645,520,38110,0.219047,1,1,3308810,3308290,520
234484221,42.0831,35.7063,517,38220,0.0746475,0.99,1,3308879,3308362,517
234487141,28.2332,40.6825,492,38275,0.059859,0.93,1,3308898,3308406,492
234490061,23.8933,31.873,487,38330,0.0779436,0.95,1,3308919,3308432,487
234492981,25.7573,29.5492,486,38385,0.0371774,0.83,1,3308946,3308460,486
234495901,29.5029,31.0197,486,38440,0.056871,0.65,1,3308978,3308492,486
234498821,31.6012,32.8079,485,38495,0.0527484,0.65,1,3309011,3308526,485
234501741,48.6405,34.7231,509,38550,0.0270994,0.55,1,3309071,3308562,509
234504661,39.8562,51.6893,480,38605,0.0768397,0.47,1,3309105,3308625,480
234507581,17.1425,44.6757,442,38660,0.0967359,0.27,1,3309107,3308665,442
234530941,25.0213,25.7573,424,39094,0.212307,0.07,1,3309370,3308946,424
234533861,29.2085,29.5029,424,39148,0.246923,0.05,1,3309402,3308978,424
234536781,31.4834,31.6012,424,39202,0.200769,0.01,1,3309435,3309011,424
234542621,41.9973,39.8562,427,39310,0.215723,0.11,1,3309532,3309105,427
234545541,17.9989,17.1425,427,39364,0.224289,0.13,1,3309534,3309107,427
234548461,25.7996,26.057,426,39418,0.239716,0.15,1,3309565,3309139,426
234551381,47.5198,47.0228,427,39472,0.269886,0.15,1,3309627,3309200,427
234554301,44.2079,41.6091,431,39526,0.257955,0.21,1,3309669,3309238,431
234557221,29.0832,28.6436,430,39579,0.265182,0.15,1,3309688,3309258,430
234568901,26.1701,25.0213,433,39791,0.413685,0.27,1,3309803,3309370,433
234571821,29.6681,29.2085,433,39844,0.435474,0.17,1,3309835,3309402,433
234671101,32.283,43.6461,452,41608,0.777128,0.63,2,3311000,3310548,452
234674021,26.1132,30.0585,453,41659,0.808851,0.69,2,3311022,3310569,453
234676941,42.2453,42.0234,456,41710,0.833541,0.69,2,3311075,3310619,456
234679861,30.0981,30.0094,456,41761,0.855416,0.71,2,3311097,3310641,456
234682781,27.0392,26.4037,457,41812,0.840166,0.73,2,3311122,3310665,457
234685701,28.2157,27.3615,458,41862,0.858067,0.75,2,3311151,3310693,458
234688621,30.4863,30.7446,457,41912,0.889227,0.67,2,3311183,3310726,457
234691541,30.1945,31.4978,455,41962,0.877691,0.71,2,3311213,3310758,455
234992301,322.22,365.008,481,20440,0.418,0.97,1,3314657,3314176,481
234998141,118.515,127.761,492,21370,0.08728,0.59,1,3314831,3314339,492
235001061,81.0061,94.3045,476,21469,0.052912,0.17,1,3314887,3314411,476
235003981,69.6024,91.7218,448,21568,0.0391648,0,1,3314949,3314501,448
235006901,82.441,66.0887,490,21666,0.0456659,0.03,1,3315040,3314550,490
235009821,42.5764,75.0355,425,21764,0.0242664,0.01,1,3315056,3314631,425
235012741,32.6306,34.8142,443,21861,0.0277065,0.01,1,3315082,3314639,443
235015661,74.8522,87.1257,424,21958,0.0650826,0.03,1,3315185,3314761,424
235018581,71.3409,76.8503,423,22055,0.056033,0.03,1,3315254,3314831,423
235021501,62.1364,64.3401,423,22151,0.0764132,0.03,1,3315310,3314887,423
235024421,62.6545,62.936,424,22247,0.0725653,0.05,1,3315373,3314949,424
235027341,79.6618,79.7744,424,22342,0.0470261,0.01,1,3315464,3315040,424
235030261,40.8647,41.5098,423,22437,0.0488104,0.03,1,3315479,3315056,423
235033181,33.7459,32.2039,426,22532,0.0375242,0.03,1,3315508,3315082,426
235036101,73.4984,12.8816,526,22626,0.0330097,0.09,1,3315608,3315082,526
235039021,69.5993,66.9526,490,22720,0.0432039,0.05,1,3315675,3315185,490
235041941,62.6397,68.1811,479,22813,0.0712815,0.09,1,3315733,3315254,479
235044861,62.8559,60.8724,486,22906,0.0945126,0.07,1,3315796,3315310,486
235047781,79.1424,62.149,513,22999,0.055805,0.03,1,3315886,3315373,513
235050701,40.0569,79.4596,436,23091,0.040322,0.05,1,3315900,3315464,436
235053621,34.0228,40.7838,451,23183,0.0221288,0.03,1,3315930,3315479,451
235056541,73.6091,33.7135,522,23274,0.0268515,0.03,1,3316030,3315508,522
235059461,70.8436,73.4854,491,23365,0.0527406,0.05,1,3316099,3315608,491
235062381,63.7375,69.5942,483,23456,0.0750962,0.09,1,3316158,3315675,483
235068221,76.438,62.8551,512,23636,0.0900154,0.03,1,3316308,3315796,512
235071141,38.3752,79.142,435,23726,0.0660062,0.03,1,3316321,3315886,435
235074061,34.5501,40.0568,453,23815,0.0264025,0.01,1,3316353,3315900,453
235076981,73.82,34.0227,523,23904,0.052561,0.03,1,3316453,3315930,523
235079901,30.728,73.6091,425,23993,0.0870244,0.07,1,3316455,3316030,425
235114941,73.7652,73.7562,430,25032,0.211889,0.17,1,3317163,3316733,430
235117861,37.9061,37.9025,430,25117,0.222756,0.11,1,3317177,3316747,430
235120781,29.5624,32.561,425,25201,0.251102,0.11,1,3317201,3316776,425
235123701,74.225,74.2244,427,25285,0.286441,0.15,1,3317305,3316878,427
235126621,30.89,30.8898,427,25369,0.276576,0.17,1,3317307,3316880,427
235129541,55.556,54.9559,428,25453,0.272631,0.17,1,3317379,3316951,428
235132461,60.0224,21.9824,491,25536,0.295052,0.19,1,3317442,3316951,491
235141221,38.8814,71.6549,446,25784,0.411763,0.23,1,3317609,3317163,446
235144141,29.9526,37.0619,456,25866,0.422705,0.27,1,3317633,3317177,456
235182101,69.4855,61.3092,523,26911,0.779692,0.57,2,3318401,3317878,523
235185021,28.9942,67.7237,453,26990,0.797877,0.67,2,3318403,3317950,453
235187941,64.9977,79.2895,455,27068,0.841151,0.67,2,3318492,3318037,455
235190861,34.3991,40.1158,455,27146,0.85846,0.67,2,3318506,3318051,455
235196701,79.0639,78.7785,457,27302,0.882554,0.75,2,3318643,3318186,457
235313501,53.5663,60.3674,484,30247,0.80968,1,2,3320677,3320193,484
235325181,42.0849,39.0142,492,30526,0.0851918,1,1,3320886,3320394,492
235328101,31.234,34.8057,484,30595,0.0520767,1,1,3320910,3320426,484
235331021,31.0936,33.1223,483,30664,0.0388307,1,1,3320941,3320458,483
235333941,55.6374,58.8489,479,30733,0.0335323,0.88,1,3321013,3320534,479
235336861,36.655,41.5396,473,30802,0.0434129,0.93,1,3321037,3320564,473
235339781,44.662,51.4158,465,30871,0.0473652,0.73,1,3321087,3320622,465
235342701,44.8648,53.5663,455,30940,0.0609461,0.31,1,3321132,3320677,455
235345621,57.5459,71.8265,437,31008,0.0423784,0.21,1,3321198,3320761,437
235348541,38.0184,45.5306,434,31076,0.0709514,0.01,1,3321223,3320789,434
235351461,47.0073,57.2122,422,31144,0.0583805,0.05,1,3321276,3320854,422
235354381,38.6029,42.0849,423,31212,0.0413522,0.03,1,3321309,3320886,423
235357301,30.4412,31.234,424,31280,0.0225409,0.03,1,3321334,3320910,424
235360221,28.9765,12.4936,452,31348,0.0270164,0.03,1,3321362,3320910,452
235363141,54.7906,23.5974,493,31415,0.0528065,0.03,1,3321434,3320941,493
235366061,36.3162,52.639,445,31482,0.0391226,0.05,1,3321458,3321013,445
235368981,45.7265,35.4556,473,31549,0.033649,0.05,1,3321510,3321037,473
235371901,44.6906,44.1822,467,31616,0.0914596,0.07,1,3321554,3321087,467
235386501,30.7936,38.598,447,31949,0.0829877,0.01,1,3321756,3321309,447
235389421,28.5175,30.4392,449,32015,0.0631951,0.03,1,3321783,3321334,449
235392341,54.607,28.9757,493,32081,0.067278,0.07,1,3321855,3321362,493
235395261,36.8428,54.7903,446,32147,0.0449112,0.03,1,3321880,3321434,446
235398181,46.5371,36.3161,475,32213,0.0359645,0.03,1,3321933,3321458,475
235401101,48.0148,45.7264,472,32279,0.0443858,0.13,1,3321982,3321510,472
235404021,57.6059,44.6906,492,32345,0.0597543,0.17,1,3322046,3321554,492
235406941,41.0424,56.8762,457,32410,0.0659017,0.15,1,3322076,3321619,457
235424461,22.9808,54.607,424,32800,0.0704478,0.03,1,3322279,3321855,424
235427381,23.5923,36.8428,423,32864,0.0581791,0.03,1,3322303,3321880,423
235430301,41.2369,46.5371,423,32928,0.0652717,0.05,1,3322356,3321933,423
235433221,45.2948,48.0148,422,32992,0.0561087,0.07,1,3322404,3321982,422
235436141,58.3179,57.6059,425,33056,0.0764435,0.07,1,3322471,3322046,425
235471181,42.4505,41.3272,427,33816,0.246016,0.09,1,3322928,3322501,427
235474101,46.9802,47.1309,426,33879,0.284406,0.13,1,3322978,3322552,426
235477021,39.7921,38.6523,428,33941,0.263763,0.17,1,3323013,3322585,428
235479941,30.3168,29.8609,428,34003,0.255505,0.17,1,3323037,3322609,428
235482861,28.3267,26.9444,430,34065,0.264202,0.15,1,3323064,3322634,430
235494541,40.4116,9.21458,481,34313,0.280316,0.19,1,3323208,3322727,481
235497461,44.9646,34.8858,477,34375,0.298126,0.15,1,3323256,3322779,477
235509141,39.7239,46.8387,468,34620,0.427104,0.25,1,3323446,3322978,468
235512061,30.2896,39.7355,457,34681,0.440842,0.25,1,3323470,3323013,457
235514981,27.7158,30.2942,459,34742,0.446337,0.27,1,3323496,3323037,459
235517901,52.4863,28.3177,501,34803,0.448535,0.33,1,3323565,3323064,501
235564621,37.1569,45.2445,449,35763,0.753799,0.59,2,3324141,3323692,449
235567541,63.4628,64.8978,452,35822,0.79952,0.63,2,3324222,3323770,452
235570461,45.7851,45.1591,454,35881,0.817808,0.69,2,3324256,3323802,454
235573381,50.714,49.2636,456,35940,0.837123,0.67,2,3324310,3323854,456
235576301,40.6856,40.7055,455,35999,0.856849,0.67,2,3324344,3323889,455
235579221,30.6742,30.6822,455,36058,0.88874,0.69,2,3324368,3323913,455
235582141,29.0697,28.4729,456,36117,0.877496,0.73,2,3324396,3323940,456
235585061,54.2279,52.7892,458,36176,0.872998,0.73,2,3324467,3324009,458
235587981,22.8912,22.3157,458,36234,0.895199,0.73,2,3324469,3324011,458
235733981,32.2579,31.2721,501,39042,0.865815,1,2,3326427,3325926,501
235736901,29.7031,34.7088,492,39096,0.796326,1,2,3326455,3325963,492
235751501,31.3256,34.0178,492,39366,0.40497,0.99,1,3326648,3326156,492
235754421,40.7302,39.4071,496,39420,0.299988,1,1,3326695,3326199,496
235757341,35.4921,40.9629,486,39474,0.233995,1,1,3326727,3326241,486
235760261,27.9968,31.3851,484,39528,0.243598,1,1,3326750,3326266,484
235763181,22.5987,28.1541,477,39581,0.295439,0.94,1,3326769,3326292,477
235766101,48.6395,56.8616,467,39634,0.292176,0.89,1,3326835,3326368,467
235769021,38.0558,43.1446,464,39687,0.27887,0.83,1,3326866,3326402,464
235771941,29.6223,32.2579,463,39740,0.285548,0.75,1,3326890,3326427,463
235774861,26.2489,29.7031,459,39793,0.264219,0.65,1,3326914,3326455,459
235777781,25.4996,29.2813,455,39846,0.267688,0.63,1,3326939,3326484,455
235780701,30.5998,32.7125,454,39899,0.269075,0.49,1,3326973,3326519,454
235804061,48.1999,22.1176,499,40322,0.414357,0.29,1,3327268,3326769,499
235809901,29.192,37.9788,457,40426,0.417897,0.29,1,3327323,3326866,457
235812821,24.8768,29.5915,455,40478,0.437159,0.25,1,3327345,3326890,455
235815741,26.7507,26.2366,459,40530,0.444864,0.27,1,3327373,3326914,459
235871221,35.5845,39.4266,478,41508,0.761758,0.51,2,3328045,3327567,478
235874141,15.4338,34.3706,449,41559,0.778703,0.53,2,3328047,3327598,449
235877061,22.9735,29.9483,450,41610,0.809481,0.59,2,3328075,3327625,450
235879981,19.9894,22.1793,451,41661,0.833793,0.67,2,3328093,3327642,451
235882901,51.1958,49.6717,455,41712,0.879517,0.69,2,3328165,3327710,455
235885821,39.0783,37.8687,456,41763,0.885807,0.73,2,3328196,3327740,456
236078541,38.1084,38.347,485,44974,0.802902,1,2,3330411,3329926,485
236090221,28.2972,34.5961,497,45162,0.40921,1,1,3330527,3330030,497
236096061,30.3275,30.1354,499,45256,0.225074,1,1,3330588,3330089,499
236101901,28.8524,32.1817,494,45350,0.0924118,1,1,3330649,3330155,494
236104821,30.741,32.0727,494,45397,0.0549647,1,1,3330681,3330187,494
236107741,32.0964,31.4291,496,45443,0.0519859,0.99,1,3330714,3330218,496
236110661,32.6386,37.1716,488,45489,0.0207944,0.89,1,3330747,3330259,488
236113581,31.6554,37.0687,482,45535,0.0263177,0.88,1,3330778,3330296,482
236116501,27.0622,36.4275,470,45581,0.0285271,0.97,1,3330802,3330332,470
236119421,33.6249,39.771,466,45627,0.0414108,0.71,1,3330840,3330374,466
236122341,29.0499,38.1084,455,45673,0.0465643,0.59,1,3330866,3330411,455
236125261,31.42,35.6434,454,45719,0.0246257,0.55,1,3330899,3330445,454
236128181,24.568,29.8573,448,45765,0.0398503,0.43,1,3330919,3330471,448
236131101,23.0272,28.7429,442,45811,0.0459401,0.35,1,3330941,3330499,442
236134021,24.2109,28.2972,439,45857,0.024376,0.29,1,3330966,3330527,439
236136941,25.2844,29.3189,435,45903,0.0397504,0.15,1,3330992,3330557,435
236139861,25.7137,30.3275,430,45949,0.0459002,0.15,1,3331018,3330588,430
236142781,28.2855,12.131,460,45995,0.0843601,0.11,1,3331048,3330588,460
236145701,25.1142,25.8524,448,46041,0.063744,0.05,1,3331071,3330623,448
236148621,28.6457,25.941,453,46087,0.0554976,0.03,1,3331102,3330649,453
236151541,31.2583,29.5764,454,46133,0.088199,0.05,1,3331135,3330681,454
236154461,35.9033,31.6306,460,46179,0.0532796,0,1,3331174,3330714,460
236157381,31.1613,32.4522,455,46225,0.0393118,0.03,1,3331202,3330747,455
236160301,25.0645,31.5809,445,46271,0.0577247,0.03,1,3331223,3330778,445
236163221,33.4258,27.0324,460,46317,0.0650899,0.05,1,3331262,3330802,460
236171981,24.9153,31.4181,442,46453,0.0749657,0.05,1,3331341,3330899,442
236174901,22.5661,24.5672,443,46498,0.0479863,0.05,1,3331362,3330919,443
236177821,24.6264,23.0269,447,46543,0.0371945,0.01,1,3331388,3330941,447
236180741,24.8506,24.2108,447,46588,0.0448778,0.05,1,3331413,3330966,447
236183661,27.3402,25.2843,450,46633,0.0599511,0.05,1,3331442,3330992,450
236186581,28.9361,25.7137,454,46678,0.0539805,0.11,1,3331472,3331018,454
236189501,23.5744,28.2855,444,46723,0.0635922,0.05,1,3331492,3331048,444
236192421,29.2298,25.1142,454,46768,0.0434369,0.05,1,3331525,3331071,454
236195341,32.0919,28.6457,457,46813,0.0593748,0.11,1,3331559,3331102,457
236198261,35.0368,31.2583,461,46858,0.0417499,0.03,1,3331596,3331135,461
236201181,31.4147,35.9033,451,46903,0.0347,0.03,1,3331625,3331174,451
236204101,24.5659,31.1613,443,46948,0.04388,0.07,1,3331645,3331202,443
236207021,35.0264,25.0645,464,46993,0.071552,0.07,1,3331687,3331223,464
236209941,30.2105,33.4258,452,47038,0.0706208,0.15,1,3331714,3331262,452
236212861,30.0842,28.9703,456,47083,0.0942483,0.11,1,3331744,3331288,456
236221621,25.4454,22.5661,450,47218,0.0849919,0.03,1,3331812,3331362,450
236224541,25.1782,24.6264,449,47263,0.0639968,0.05,1,3331837,3331388,449
236227461,26.2713,24.8506,451,47308,0.0675987,0.07,1,3331864,3331413,451
236230381,29.1085,27.3402,453,47353,0.0570395,0.05,1,3331895,3331442,453
236233301,12.8434,28.9361,425,47398,0.0528158,0.07,1,3331897,3331472,425
236236221,15.9374,23.5744,423,47442,0.0511263,0.03,1,3331915,3331492,423
236239141,26.1749,29.2298,423,47486,0.0504505,0.07,1,3331948,3331525,423
236242061,32.07,32.0919,425,47530,0.0381802,0.03,1,3331984,3331559,425
236244981,33.828,35.0368,423,47574,0.0572721,0.03,1,3332019,3331596,423
236247901,31.5312,31.4147,424,47618,0.0409088,0.05,1,3332049,3331625,424
236250821,24.6125,24.5659,424,47662,0.0343635,0.09,1,3332069,3331645,424
236253741,36.245,35.0264,426,47706,0.0317454,0.07,1,3332113,3331687,426
236256661,30.098,30.2105,425,47750,0.0426982,0.11,1,3332139,3331714,425
236259581,31.2392,30.0842,427,47794,0.0950793,0.11,1,3332171,3331744,427
236288781,32.2736,32.07,424,48234,0.211321,0.07,1,3332408,3331984,424
236291701,33.3095,33.828,423,48278,0.234528,0.03,1,3332442,3332019,423
236294621,30.7238,31.5312,422,48322,0.231811,0.03,1,3332471,3332049,422
236300461,36.9558,36.245,424,48410,0.20389,0.05,1,3332537,3332113,424
236306301,32.1929,31.2392,426,48497,0.204222,0.15,1,3332597,3332171,426
236312141,20.9909,20.5983,427,48583,0.228276,0.11,1,3332636,3332209,427
236315061,25.1963,25.0393,427,48626,0.24131,0.17,1,3332664,3332237,427
236317981,25.0785,24.4157,428,48669,0.258524,0.13,1,3332689,3332261,428
236320901,26.8314,26.5663,428,48712,0.24141,0.15,1,3332717,3332289,428
236323821,29.3326,28.6265,429,48755,0.282564,0.15,1,3332748,3332319,429
236326741,12.933,12.6506,429,48798,0.275026,0.19,1,3332750,3332321,429
236329661,16.5732,16.4602,429,48841,0.28401,0.19,1,3332769,3332340,429
236332581,25.8293,6.5841,461,48884,0.263604,0.19,1,3332801,3332340,461
236335501,34.3317,21.2336,470,48927,0.291442,0.23,1,3332841,3332371,470
236338421,32.9327,30.6935,465,48970,0.290577,0.25,1,3332873,3332408,465
236361781,25.4077,20.9898,459,49314,0.429023,0.25,1,3333095,3332636,459
236437701,29.5116,30.7536,451,50413,0.770868,0.61,2,3333788,3333337,451
236440621,25.0046,24.9014,452,50455,0.794347,0.61,2,3333810,3333358,452
236443541,37.6019,37.5606,452,50497,0.815739,0.61,2,3333856,3333404,452
236446461,30.6407,30.6242,452,50539,0.824296,0.63,2,3333882,3333430,452
236449381,33.2563,32.6497,453,50581,0.839718,0.65,2,3333917,3333464,453
236452301,29.5025,28.0599,455,50623,0.833887,0.71,2,3333944,3333489,455
236455221,26.801,23.824,459,50665,0.843555,0.75,2,3333969,3333510,459
236458141,27.5204,26.3296,459,50707,0.835422,0.73,2,3333997,3333538,459
236461061,27.2082,27.3318,458,50749,0.868169,0.73,2,3334024,3333566,458
236463981,29.4833,28.9327,459,50791,0.881268,0.75,2,3334055,3333596,459
236466901,30.9933,30.7731,459,50832,0.874507,0.75,2,3334087,3333628,459
236469821,13.5973,13.5092,459,50873,0.871803,0.73,2,3334089,3333630,459
236472741,16.2389,16.8037,458,50914,0.870721,0.73,2,3334107,3333649,458
236475661,25.6956,25.9215,458,50955,0.894288,0.73,2,3334139,3333681,458
236671301,328.628,348.634,477,24820,0.43,1,1,3336439,3335962,477
236728241,111.632,98.2965,480,24905,0.08728,0.09,1,3336791,3336311,480
236731161,61.4529,83.7186,434,24990,0.052912,0.03,1,3336819,3336385,434
236734081,33.5811,48.4874,424,25075,0.0391648,0.01,1,3336834,3336410,424
236737001,31.4325,27.795,440,25160,0.0216659,0,1,3336864,3336424,440
236739921,61.173,49.518,457,25244,0.00866637,0.01,1,3336945,3336488,457
236742841,67.6692,62.4072,458,25328,0.0814665,0.03,1,3337017,3336559,458
236745761,57.6677,60.9629,449,25412,0.0385866,0.01,1,3337068,3336619,449
236748681,59.0671,51.9851,463,25495,0.0454346,0.07,1,3337128,3336665,463
236751601,75.8268,57.3941,489,25578,0.0361739,0.07,1,3337215,3336726,489
236754521,45.3307,61.9576,449,25661,0.0804695,0.03,1,3337240,3336791,449
236760361,30.0529,25.6332,453,25826,0.0440751,0.01,1,3337287,3336834,453
236763281,60.0212,28.2533,503,25908,0.0356301,0,1,3337367,3336864,503
236766201,69.0085,59.9013,497,25990,0.068252,0.13,1,3337442,3336945,497
236774961,77.2805,58.9857,512,26234,0.0799681,0.03,1,3337640,3337128,512
236777881,45.9122,75.7943,450,26315,0.0739873,0.11,1,3337665,3337215,450
236780801,26.1649,45.3177,438,26396,0.0595949,0.13,1,3337678,3337240,438
236783721,29.066,27.1271,454,26476,0.041838,0,1,3337709,3337255,454
236786641,59.6264,30.0508,502,26556,0.0347352,0.03,1,3337789,3337287,502
236789561,71.2506,60.0203,501,26636,0.0198941,0.09,1,3337868,3337367,501
236792481,59.1002,69.0081,477,26716,0.0499576,0.15,1,3337919,3337442,477
236795401,57.8401,57.0033,485,26795,0.0979831,0.13,1,3337976,3337491,485
236812921,57.7939,59.6264,423,27266,0.0553652,0.01,1,3338212,3337789,423
236815841,70.5176,71.2506,423,27344,0.0521461,0.07,1,3338291,3337868,423
236818761,60.007,59.1002,425,27421,0.0268584,0.13,1,3338344,3337919,425
236821681,60.0028,57.8401,428,27498,0.0527434,0.21,1,3338404,3337976,428
236824601,78.0011,75.936,430,27575,0.0750974,0.21,1,3338494,3338064,430
236827521,32.4004,31.5744,430,27652,0.0840389,0.17,1,3338496,3338066,430
236830441,27.3602,27.0298,430,27729,0.0996156,0.17,1,3338520,3338090,430
236833361,19.3441,19.2119,430,27805,0.0938462,0.09,1,3338534,3338104,430
236836281,20.9376,24.4848,424,27881,0.0915385,0.01,1,3338556,3338132,424
236839201,55.1751,57.7939,422,27957,0.0666154,0.05,1,3338634,3338212,422
236853801,32.652,32.4004,424,28334,0.215271,0.11,1,3338920,3338496,424
236856721,28.0608,27.3602,425,28409,0.236108,0.11,1,3338945,3338520,425
236859641,19.6243,10.9441,439,28484,0.232443,0.09,1,3338959,3338520,439
236862561,21.0497,12.7776,447,28558,0.230977,0.09,1,3338981,3338534,447
236865481,52.8199,18.3111,499,28632,0.254391,0.05,1,3339055,3338556,499
236868401,70.928,54.1244,504,28706,0.203756,0.13,1,3339138,3338634,504
236871321,60.7712,69.0498,479,28780,0.207503,0.13,1,3339192,3338713,479
236874241,60.9085,60.0199,486,28854,0.221001,0.15,1,3339253,3338767,486
236877161,82.5634,60.008,523,28927,0.2864,0.23,1,3339350,3338827,523
236903441,85.5581,60.9085,534,29579,0.414983,0.33,1,3339787,3339253,534
236906361,35.4232,82.5634,439,29651,0.435993,0.33,1,3339789,3339350,439
236967681,29.0303,29.5608,449,31115,0.771981,0.55,2,3340708,3340259,449
236970601,20.0121,20.2243,449,31183,0.782792,0.55,2,3340722,3340273,449
236973521,9.20484,9.28973,449,31251,0.787117,0.59,2,3340724,3340275,449
236976441,18.0819,18.1159,449,31319,0.812847,0.59,2,3340748,3340299,449
236979361,52.8328,7.24636,525,31387,0.823139,0.61,2,3340824,3340299,525
236982281,70.3331,48.4985,531,31454,0.851255,0.63,2,3340906,3340375,531
236985201,62.9332,67.9994,508,31521,0.874502,0.67,2,3340964,3340456,508
237150181,53.5023,63.64,479,16011,0.282014,0.53,1,3343745,3343266,479
237158941,104.32,110.969,436,16406,0.436849,0.25,1,3344094,3343658,436
237167701,88.9725,20.35,550,16790,0.404998,0.35,1,3344295,3343745,550
237173541,105.916,117.496,534,17042,0.4164,0.47,1,3344536,3344002,534
237176461,73.5662,102.198,494,17167,0.42456,0.49,1,3344588,3344094,494
237191061,73.9668,105.894,494,17777,0.755423,0.43,2,3345030,3344536,494
237193981,51.1867,73.5575,478,17896,0.776169,0.47,2,3345066,3344588,478
237196901,92.4747,49.823,564,18015,0.880468,0.59,2,3345186,3344622,564
237199821,38.1899,87.7292,453,18133,0.898187,0.65,2,3345188,3344735,453
237342901,51.5686,60.6553,523,23177,0.085936,1,1,3348857,3348334,523
237345821,42.2274,48.2621,519,23268,0.0523744,1,1,3348893,3348374,519
237351661,51.0364,74.0819,508,23450,0.0791799,1,1,3349013,3348505,508
237354581,99.6146,51.8328,603,23540,0.061672,0.49,1,3349145,3348542,603
237357501,65.6458,116.133,487,23630,0.0906688,0.37,1,3349188,3348701,487
237360421,56.8583,77.0532,487,23720,0.0362675,0,1,3349239,3348752,487
237363341,46.1433,70.4213,460,23809,0.032507,0.01,1,3349278,3348818,460
237366261,40.0573,51.5685,457,23898,0.0310028,0.03,1,3349314,3348857,457
237369181,67.6229,42.2274,507,23987,0.0304011,0.17,1,3349400,3348893,507
237372101,28.2492,63.091,432,24075,0.0301604,0.05,1,3349402,3348970,432
237375021,31.6997,51.0364,423,24163,0.0780642,0.05,1,3349436,3349013,423
237377941,91.2799,99.6146,422,24251,0.0372257,0.11,1,3349567,3349145,422
237380861,64.7119,65.6458,426,24338,0.0568903,0,1,3349614,3349188,426
237383781,54.6848,56.8583,423,24425,0.0407561,0.03,1,3349662,3349239,423
237386701,44.6739,46.1433,422,24512,0.0343024,0.03,1,3349700,3349278,422
237389621,40.6696,40.0573,424,24598,0.031721,0.03,1,3349738,3349314,424
237392541,68.4678,67.6229,425,24684,0.0186884,0.03,1,3349825,3349400,425
237395461,28.5871,28.2492,425,24770,0.0374754,0.11,1,3349827,3349402,425
237398381,31.8349,31.6997,425,24856,0.0809901,0.01,1,3349861,3349436,425
237401301,89.5339,91.2799,422,24941,0.0743961,0.07,1,3349989,3349567,422
237404221,64.0136,64.7119,422,25026,0.0597584,0.03,1,3350036,3349614,422
237407141,55.0054,54.6848,423,25111,0.0539034,0.03,1,3350085,3349662,423
237410061,44.2022,44.6739,422,25195,0.0395613,0.03,1,3350122,3349700,422
237412981,40.4809,40.6696,422,25279,0.0338245,0.01,1,3350160,3349738,422
237415901,68.3923,68.4678,422,25363,0.0555298,0.05,1,3350247,3349825,422
237418821,28.5569,28.5871,422,25447,0.0402119,0.05,1,3350249,3349827,422
237421741,33.0228,11.4349,458,25530,0.0340848,0.11,1,3350285,3349827,458
237433421,43.4406,54.5663,458,25860,0.200601,0.03,1,3350543,3350085,458
237439261,68.8705,40.4106,509,26024,0.0956961,0.07,1,3350669,3350160,509
237442181,28.7482,68.3642,424,26105,0.0922784,0.03,1,3350671,3350247,424
237445101,33.0993,28.5457,458,26186,0.0909114,0.03,1,3350707,3350249,458
237465541,28.7179,68.8705,427,26747,0.0734081,0.09,1,3351096,3350669,427
237468461,34.2872,28.7482,463,26826,0.0593632,0.09,1,3351134,3350671,463
237483061,40.3581,42.9673,431,27218,0.202582,0.21,1,3351402,3350971,431
237485981,36.5433,36.9869,432,27296,0.219033,0.05,1,3351436,3351004,432
237488901,63.8173,68.7948,424,27374,0.213613,0.05,1,3351518,3351094,424
237491821,26.7269,28.7179,424,27451,0.247445,0.05,1,3351520,3351096,424
237494741,33.4908,34.2872,424,27528,0.260978,0.19,1,3351558,3351134,424
237497661,97.9963,94.1149,431,27605,0.254391,0.19,1,3351699,3351268,431
237500581,40.3985,38.8459,431,27682,0.275757,0.21,1,3351701,3351270,431
237503501,43.7594,43.7384,430,27759,0.296303,0.19,1,3351747,3351317,430
237532701,49.3437,34.0638,487,28512,0.410648,0.33,1,3352234,3351747,487
237567741,67.2874,37.6548,532,29390,0.764859,0.55,2,3352839,3352307,532
237570661,28.115,64.2619,452,29462,0.779944,0.55,2,3352841,3352389,452
237573581,34.046,26.9048,488,29534,0.785977,0.59,2,3352879,3352391,488
237576501,98.8184,33.5619,592,29606,0.812391,0.61,2,3353021,3352429,592
237579421,40.7274,98.0248,453,29677,0.822956,0.61,2,3353023,3352570,453
237582341,49.8909,40.4099,507,29748,0.863183,0.69,2,3353079,3352572,507
237716661,47.9006,65.92,487,32861,0.85864,1,2,3355201,3354714,487
237719581,42.5602,45.568,494,32925,0.793456,1,2,3355240,3354746,494
237725421,88.0496,85.6509,500,33053,0.420953,1,1,3355394,3354894,500
237728341,52.0199,52.2604,498,33117,0.258381,1,1,3355422,3354924,498
237734181,41.2032,48.3217,479,33245,0.071341,1,1,3355493,3355014,479
237737101,35.6813,37.9287,480,33309,0.0465364,1,1,3355525,3355045,480
237740021,31.0725,35.5715,474,33372,0.0366146,0.94,1,3355553,3355079,474
237742941,31.029,34.6286,471,33435,0.0446458,0.91,1,3355584,3355113,471
237745861,30.4116,31.2514,472,33498,0.0178583,0.81,1,3355614,3355142,472
237748781,40.3646,47.9006,460,33561,0.0251433,0.75,1,3355661,3355201,460
237751701,37.1459,42.5602,456,33624,0.0640573,0.65,1,3355696,3355240,456
237754621,29.8583,35.6241,450,33687,0.0916229,0.23,1,3355721,3355271,450
237766301,39.2892,41.2032,422,33938,0.0874496,0.03,1,3355915,3355493,422
237769221,34.9157,35.6813,422,34000,0.0409798,0.03,1,3355947,3355525,422
237772141,31.3663,31.0725,423,34062,0.0223919,0.05,1,3355976,3355553,423
237775061,31.1465,31.029,423,34124,0.0149568,0,1,3356007,3355584,423
237777981,29.8586,30.4116,422,34186,0.0359827,0.03,1,3356036,3355614,422
237780901,40.1434,40.3646,422,34248,0.0683931,0.03,1,3356083,3355661,422
237783821,39.4574,16.1459,461,34310,0.0453572,0.09,1,3356122,3355661,461
237786741,29.583,27.4583,449,34372,0.0721429,0.11,1,3356145,3355696,449
237824701,45.2157,74.2331,453,35163,0.201045,0.17,1,3356702,3356249,453
237827621,30.0863,44.0932,449,35223,0.206418,0.17,1,3356722,3356273,449
237830541,39.6345,29.6373,475,35283,0.208567,0.19,1,3356768,3356293,475
237833461,36.2538,38.2549,465,35343,0.221427,0.21,1,3356802,3356337,465
237836381,30.1015,34.502,459,35403,0.238571,0.19,1,3356828,3356369,459
237839301,28.8406,31.2008,458,35463,0.245428,0.19,1,3356856,3356398,458
237842221,27.1362,30.4803,454,35523,0.248171,0.09,1,3356882,3356428,454
237845141,41.4545,29.5921,476,35583,0.237269,0.13,1,3356933,3356457,476
237848061,40.5818,41.2369,467,35642,0.292907,0.13,1,3356973,3356506,467
237891861,74.2236,74.7892,438,36521,0.43654,0.37,1,3357548,3357110,438
237935661,41.0676,28.7311,495,37380,0.761219,0.61,2,3358087,3357592,495
237938581,38.027,39.0924,485,37437,0.778488,0.63,2,3358123,3357638,485
237941501,30.8108,36.637,476,37493,0.785395,0.57,2,3358149,3357673,476
237944421,29.1243,30.8548,477,37549,0.800158,0.57,2,3358177,3357700,477
237947341,28.4497,29.1419,477,37605,0.842063,0.63,2,3358205,3357728,477
237950261,42.5799,27.2568,503,37661,0.858825,0.61,2,3358257,3357754,503
237953181,42.232,42.1027,493,37717,0.86553,0.59,2,3358299,3357806,493
237956101,18.0928,42.6411,452,37773,0.868212,0.59,2,3358301,3357849,452
237959021,24.0371,18.2564,478,37829,0.869285,0.61,2,3358329,3357851,478
238167801,314.85,347.286,473,18980,0.817744,0.96,2,3361024,3360551,473
238199921,66.5231,83.8552,504,20176,0.762348,0.63,2,3361900,3361396,504
238202841,37.4092,65.9421,468,20281,0.790939,0.59,2,3361918,3361450,468
238205761,71.3637,37.1768,544,20386,0.850376,0.63,2,3362012,3361468,544
238208681,80.1455,69.4707,539,20490,0.89815,0.71,2,3362098,3361559,539
238453961,45.6009,46.6322,501,27868,0.8716,1,2,3367338,3366837,501
238456881,39.8404,40.2529,501,27944,0.78664,1,2,3367374,3366873,501
238471481,51.9974,51.0138,483,28321,0.0852872,1,1,3367686,3367203,483
238474401,36.999,42.0055,474,28396,0.0641149,1,1,3367713,3367239,474
238477321,44.1996,16.8022,523,28471,0.0316459,0.94,1,3367762,3367239,523
238480241,39.2798,40.9209,502,28545,0.0186584,0.81,1,3367798,3367296,502
238483161,34.3119,41.5684,491,28619,0.0374634,0.73,1,3367829,3367338,491
238486081,72.5248,38.2273,553,28693,0.0449853,0.45,1,3367927,3367374,553
238494841,44.4336,49.6305,467,28914,0.0803991,0.05,1,3368052,3367585,467
238497761,50.7734,47.4522,476,28987,0.0621596,0.07,1,3368107,3367631,476
238500681,36.5094,51.9809,448,29060,0.0308638,0.05,1,3368134,3367686,448
238503601,44.0037,36.9924,470,29133,0.0423455,0.01,1,3368183,3367713,470
238506521,39.8015,44.1969,458,29206,0.0349382,0.01,1,3368220,3367762,458
238509441,35.1206,39.2788,454,29278,0.0319753,0.05,1,3368252,3367798,454
238512361,71.6482,34.3115,519,29350,0.0547901,0.05,1,3368348,3367829,519
238515281,61.6593,72.5246,476,29422,0.075916,0.17,1,3368403,3367927,476
238524041,50.0022,44.4336,476,29638,0.0799786,0.05,1,3368528,3368052,476
238526961,38.6009,50.7734,452,29709,0.0499915,0.01,1,3368559,3368107,452
238529881,43.0404,36.5094,471,29780,0.0259966,0.05,1,3368605,3368134,471
238532801,18.4161,44.0037,424,29851,0.0403986,0.03,1,3368607,3368183,424
238535721,28.9665,39.8015,423,29922,0.0461595,0.03,1,3368643,3368220,423
238538641,30.1866,35.1206,422,29993,0.0364638,0.07,1,3368674,3368252,422
238541561,72.6746,71.6482,427,30064,0.0565855,0.09,1,3368775,3368348,427
238544481,62.6699,61.6593,428,30134,0.0766342,0.17,1,3368831,3368403,428
238553241,46.7789,50.0022,423,30344,0.0805046,0.03,1,3368951,3368528,423
238556161,37.9115,38.6009,424,30414,0.0622018,0.01,1,3368983,3368559,424
238559081,42.1646,43.0404,423,30484,0.0428807,0.05,1,3369028,3368605,423
238562001,18.0658,18.4161,423,30553,0.0351523,0.05,1,3369030,3368607,423
238564921,28.2263,28.9665,422,30622,0.0440609,0.03,1,3369065,3368643,422
238567841,29.8905,30.1866,422,30691,0.0596244,0.07,1,3369096,3368674,422
238570761,74.9562,72.6746,426,30760,0.0898497,0.09,1,3369201,3368775,426
238573681,64.7825,62.6699,428,30829,0.0899399,0.15,1,3369259,3368831,428
238576601,42.113,41.8679,427,30898,0.053976,0.13,1,3369286,3368859,427
238579521,42.6452,41.9472,428,30966,0.0635904,0.05,1,3369329,3368901,428
238591201,17.7381,18.0658,422,31238,0.0973879,0.05,1,3369452,3369030,422
238594121,28.0952,28.2263,422,31306,0.0689552,0.05,1,3369487,3369065,422
238597041,30.4381,11.2905,454,31374,0.0335821,0.07,1,3369519,3369065,454
238599961,75.7752,23.1162,529,31441,0.0674328,0.11,1,3369625,3369096,529
238602881,64.5101,72.2465,481,31508,0.0689731,0.09,1,3369682,3369201,481
238605801,41.404,63.6986,449,31575,0.0815893,0.03,1,3369708,3369259,449
238611641,45.8646,42.4718,472,31709,0.208654,0.15,1,3369801,3369329,472
238614561,35.1459,44.5887,454,31776,0.245462,0.15,1,3369829,3369375,454
238617481,40.4583,35.8355,468,31843,0.260185,0.09,1,3369873,3369405,468
238620401,17.3833,41.3342,425,31909,0.266074,0.09,1,3369875,3369450,425
238623321,26.7533,17.7337,456,31975,0.28043,0.05,1,3369908,3369452,456
238626241,31.1013,28.0935,455,32041,0.262172,0.01,1,3369942,3369487,455
238629161,77.2405,30.4374,531,32107,0.254869,0.09,1,3370050,3369519,531
238632081,64.4962,75.775,481,32173,0.299948,0.07,1,3370106,3369625,481
238640841,48.8158,44.1616,480,32370,0.402477,0.25,1,3370234,3369754,480
238643761,36.9263,45.8646,462,32435,0.430991,0.27,1,3370263,3369801,462
238719681,31.0023,31.5693,451,34089,0.759756,0.63,2,3371272,3370821,451
238722601,80.2009,79.2277,453,34151,0.789902,0.63,2,3371385,3370932,453
238725521,33.2804,32.8911,453,34213,0.777961,0.63,2,3371387,3370934,453
238728441,47.5121,13.1564,510,34275,0.773184,0.67,2,3371444,3370934,510
238731361,37.0049,38.8626,484,34337,0.771274,0.69,2,3371474,3370990,484
238734281,48.4019,32.945,511,34399,0.782509,0.73,2,3371530,3371019,511
238737201,51.7608,46.178,510,34460,0.835004,0.75,2,3371584,3371074,510
238740121,38.7043,50.8712,486,34521,0.868001,0.69,2,3371614,3371128,486
238856921,68.636,75.512,483,36890,0.897816,1,2,3373277,3372794,483
238862761,37.2618,36.3219,493,37004,0.826451,1,2,3373346,3372853,493
238865681,30.5047,37.3288,481,37061,0.80458,1,2,3373372,3372891,481
238868601,29.6019,29.9315,485,37118,0.783832,1,2,3373401,3372916,485
238897801,34.3883,52.6424,489,37683,0.756702,0.77,2,3373808,3373319,489
238900721,25.7553,37.257,482,37739,0.764681,0.79,2,3373828,3373346,482
238903641,25.9021,30.5028,482,37795,0.755872,0.77,2,3373854,3373372,482
238906561,31.3608,29.6011,488,37851,0.764349,0.71,2,3373889,3373401,488
238909481,46.1443,33.4404,508,37907,0.79174,0.65,2,3373945,3373437,508
238912401,39.4577,45.1762,490,37963,0.802696,0.65,2,3373980,3373490,490
238915321,40.3831,39.6705,495,38019,0.795078,0.77,2,3374021,3373526,495
238918241,35.9532,39.8682,488,38075,0.828031,0.69,2,3374054,3373566,488
238921161,29.9813,36.9473,479,38130,0.817213,0.61,2,3374080,3373601,479
238924081,25.1925,30.9789,474,38185,0.812885,0.63,2,3374102,3373628,474
238927001,71.877,26.1916,554,38240,0.895154,0.77,2,3374205,3373651,554
239113881,31.1117,28.9588,523,41626,0.88,1,2,3376492,3375969,523
239116801,29.8447,33.7835,515,41677,0.886,1,2,3376521,3376006,515
239119721,37.1379,63.3134,474,41728,0.8644,1,2,3376563,3376089,474
239122641,47.8551,47.5254,492,41779,0.79576,1,2,3376618,3376126,492
239131401,41.3907,37.7216,494,41930,0.281089,1,1,3376745,3376251,494
239137241,34.9425,28.5955,509,42030,0.0845742,1,1,3376812,3376303,509
239140161,21.777,32.4382,487,42080,0.0758297,1,1,3376825,3376338,487
239143081,25.5108,32.1753,483,42130,0.0843319,1,1,3376853,3376370,483
239146001,30.6043,27.8701,492,42180,0.0397327,1,1,3376887,3376395,492
239148921,24.2417,30.948,479,42230,0.0938931,1,1,3376907,3376428,479
239151841,28.8967,32.7792,477,42280,0.0915572,0.8,1,3376939,3376462,477
239154761,19.9587,31.1117,461,42330,0.0666229,0.89,1,3376953,3376492,461
239157681,26.5835,29.8447,463,42380,0.0446492,0.85,1,3376984,3376521,463
239160601,35.8334,37.1379,463,42430,0.0358597,0.75,1,3377026,3376563,463
239163521,44.9334,47.8551,459,42480,0.0323439,0.61,1,3377077,3376618,459
239166441,40.7733,47.9421,449,42530,0.0429375,0.39,1,3377115,3376666,449
239169361,31.9093,41.9768,437,42580,0.059175,0.13,1,3377141,3376704,437
239172281,33.1637,41.3907,430,42630,0.02967,0.09,1,3377175,3376745,430
239175201,30.0655,36.3563,425,42680,0.029868,0.03,1,3377203,3376778,425
239178121,31.8262,34.9425,424,42729,0.0299472,0.07,1,3377236,3376812,424
239181041,19.9305,21.777,423,42778,0.0539789,0.09,1,3377248,3376825,423
239183961,24.7722,25.5108,423,42827,0.0395916,0.01,1,3377276,3376853,423
239186881,29.7089,30.6043,422,42876,0.0458366,0.13,1,3377309,3376887,422
239189801,25.0836,24.2417,424,42925,0.0483346,0.09,1,3377331,3376907,424
239192721,29.8334,28.8967,425,42974,0.0493339,0.05,1,3377364,3376939,425
239195641,19.1334,19.9587,423,43023,0.0737335,0.05,1,3377376,3376953,423
239198561,25.0533,7.98347,452,43072,0.0474934,0.03,1,3377405,3376953,452
239201481,35.2213,21.7934,463,43121,0.0489974,0.03,1,3377447,3376984,463
239204401,44.6885,33.9174,472,43170,0.0375989,0.03,1,3377498,3377026,472
239207321,41.2754,44.1669,460,43219,0.0570396,0.05,1,3377537,3377077,460
239210241,33.3102,40.4668,450,43268,0.0768158,0.07,1,3377565,3377115,450
239213161,32.5241,31.7867,456,43317,0.0607263,0.01,1,3377597,3377141,456
239216081,30.4096,33.1147,451,43366,0.0782905,0.03,1,3377626,3377175,451
239219001,31.3639,30.0459,455,43415,0.0733162,0.03,1,3377658,3377203,455
239221921,19.1455,31.8184,433,43464,0.0833265,0.07,1,3377669,3377236,433
239224841,24.4582,19.9273,449,43513,0.0393306,0.03,1,3377697,3377248,449
239227761,29.5833,24.7709,454,43561,0.0337322,0.05,1,3377730,3377276,454
239230681,25.0333,29.7084,443,43609,0.0194929,0.05,1,3377752,3377309,443
239233601,31.0133,25.0834,456,43657,0.0257972,0.05,1,3377787,3377331,456
239236521,19.6053,29.8333,435,43705,0.0403189,0.09,1,3377799,3377364,435
239239441,24.0421,19.1333,450,43753,0.0701275,0.03,1,3377826,3377376,450
239242361,34.8169,25.0533,463,43801,0.046051,0.05,1,3377868,3377405,463
239245281,45.7267,35.2213,474,43849,0.0244204,0.03,1,3377921,3377447,474
239248201,42.8907,44.6885,464,43897,0.0397682,0.07,1,3377962,3377498,464
239251121,33.9563,41.2754,453,43945,0.0699073,0.09,1,3377990,3377537,453
239254041,31.5825,33.3102,455,43993,0.0939629,0.05,1,3378020,3377565,455
239262801,18.4373,31.3639,434,44137,0.217454,0.09,1,3378092,3377658,434
239277401,19.8803,31.0133,435,44377,0.0762139,0.05,1,3378222,3377787,435
239280321,24.1521,19.6053,450,44425,0.0724856,0.09,1,3378249,3377799,450
239283241,10.8609,24.0421,425,44472,0.0709942,0.03,1,3378251,3377826,425
239286161,28.9443,34.8169,424,44519,0.0583977,0.01,1,3378292,3377868,424
239289081,42.7777,45.7267,423,44566,0.0773591,0.05,1,3378344,3377921,423
239292001,42.9111,42.8907,425,44613,0.0729436,0.09,1,3378387,3377962,425
239294921,35.1644,33.9563,427,44660,0.0591775,0.11,1,3378417,3377990,427
239297841,32.6658,31.5825,428,44707,0.041671,0.19,1,3378448,3378020,428
239300761,34.0663,31.233,432,44754,0.0466684,0.23,1,3378483,3378051,432
239303681,32.8265,31.0932,433,44801,0.0486674,0.23,1,3378515,3378082,433
239306601,19.1306,18.4373,433,44848,0.0494669,0.17,1,3378525,3378092,433
239309521,23.8522,23.5749,433,44895,0.0737868,0.19,1,3378552,3378119,433
239332881,42.5454,42.7777,424,45271,0.224956,0.07,1,3378768,3378344,424
239335801,42.8181,42.9111,424,45318,0.251982,0.05,1,3378811,3378387,424
239338721,33.9273,35.1644,422,45365,0.238793,0.03,1,3378839,3378417,422
239341641,32.7709,32.6658,423,45411,0.281517,0.05,1,3378871,3378448,423
239385441,33.9341,32.8381,466,46101,0.40509,0.31,1,3379305,3378839,466
239388361,36.3737,32.3352,472,46147,0.432036,0.33,1,3379343,3378871,472
239391281,34.9495,34.5341,470,46193,0.418814,0.35,1,3379377,3378907,470
239394201,19.9798,33.0136,448,46239,0.413526,0.35,1,3379387,3378939,448
239397121,24.7919,19.2055,466,46285,0.41141,0.33,1,3379415,3378949,466
239400041,27.3168,25.0822,466,46331,0.434564,0.33,1,3379444,3378978,466
239402961,24.1267,28.0329,458,46377,0.443826,0.31,1,3379466,3379008,458
239449681,30.4819,24.1267,478,47097,0.758206,0.47,2,3379944,3379466,478
239452601,19.9928,30.0507,457,47142,0.777282,0.45,2,3379957,3379500,457
239455521,25.9971,19.8203,474,47187,0.796913,0.47,2,3379987,3379513,474
239458441,11.5988,25.9281,446,47232,0.804765,0.47,2,3379989,3379543,446
239461361,29.2395,11.5712,485,47277,0.795906,0.49,2,3380030,3379545,485
239464281,44.6958,28.6285,500,47322,0.792362,0.51,2,3380085,3379585,500
239467201,43.6783,43.8514,489,47367,0.802945,0.51,2,3380128,3379639,489
239470121,18.6713,43.3406,448,47412,0.807178,0.57,2,3380130,3379682,448
239473041,25.4685,34.1362,450,47456,0.808871,0.57,2,3380160,3379710,450
239475961,34.1874,36.4545,452,47500,0.845548,0.63,2,3380200,3379748,452
239478881,35.875,36.1818,453,47544,0.836219,0.65,2,3380237,3379784,453
239481801,35.95,34.8727,455,47588,0.844488,0.67,2,3380273,3379818,455
239484721,20.98,19.9491,456,47632,0.859795,0.69,2,3380284,3379828,456
239487641,25.192,24.7796,456,47676,0.865918,0.71,2,3380312,3379856,456
239490561,30.4768,28.5119,459,47720,0.880367,0.77,2,3380346,3379887,459
239692041,33.5936,24.6363,515,50678,0.897519,1,2,3382384,3381869,515
239694961,30.2374,21.2545,524,50720,0.809008,1,2,3382412,3381888,524
239718321,26.4651,30.3441,495,51049,0.231642,1,1,3382634,3382139,495
239721241,26.786,28.9377,494,51090,0.0926566,1,1,3382661,3382167,494
239724161,28.7144,30.7751,492,51131,0.0430626,1,1,3382691,3382199,492
239727081,31.8858,30.31,496,51172,0.0472251,1,1,3382725,3382229,496
239730001,29.5543,27.124,499,51213,0.06089,1,1,3382753,3382254,499
239732921,19.0217,30.6496,478,51254,0.066356,0.87,1,3382765,3382287,478
239735841,24.4087,31.4598,474,51295,0.0325424,1,1,3382793,3382319,474
239738761,24.7635,29.9839,470,51336,0.043017,0.85,1,3382818,3382348,470
239741681,27.9054,33.5936,464,51377,0.0172068,0.75,1,3382848,3382384,464
239744601,24.9622,30.2374,459,51418,0.0368827,0.71,1,3382871,3382412,459
239747521,25.5849,31.295,453,51459,0.0447531,0.55,1,3382897,3382444,453
239750441,28.8339,34.118,448,51500,0.0599012,0.49,1,3382928,3382480,448
239753361,27.1336,30.4472,446,51541,0.0659605,0.47,1,3382954,3382508,446
239756281,18.0534,22.9789,440,51582,0.0443842,0.33,1,3382966,3382526,440
239759201,22.2214,25.3916,438,51623,0.0597537,0.31,1,3382991,3382553,438
239762121,22.0885,25.1566,435,51664,0.0779015,0.31,1,3383013,3382578,435
239765041,25.0354,28.6626,431,51705,0.0731606,0.17,1,3383040,3382609,431
239770881,23.4457,26.786,424,51787,0.0609057,0,1,3383085,3382661,424
239773801,26.1783,10.7144,452,51828,0.0663623,0.01,1,3383113,3382661,452
239776721,30.8713,22.2858,456,51869,0.0445449,0.05,1,3383147,3382691,456
239779641,30.3485,29.3143,452,51910,0.035818,0.07,1,3383177,3382725,452
239782561,17.5394,28.5257,433,51951,0.0443272,0.07,1,3383186,3382753,433
239785481,23.8158,18.6103,449,51992,0.0357309,0.01,1,3383214,3382765,449
239788401,24.5263,24.2441,446,52032,0.0682923,0.05,1,3383239,3382793,446
239791321,27.8105,24.6976,451,52072,0.0573169,0,1,3383269,3382818,451
239794241,24.9242,27.8791,444,52112,0.0409268,0.05,1,3383292,3382848,444
239797161,26.1697,24.9516,448,52152,0.0823707,0.05,1,3383319,3382871,448
239800081,30.2679,25.5806,455,52192,0.0749483,0.07,1,3383352,3382897,455
239803001,25.9071,28.8323,447,52232,0.0839793,0.07,1,3383375,3382928,447
239805921,17.5629,27.1329,433,52272,0.0635917,0.03,1,3383387,3382954,433
239808841,23.8251,18.0532,449,52312,0.0914367,0.07,1,3383415,3382966,449
239823441,26.7937,23.4457,452,52512,0.0965811,0.07,1,3383537,3383085,452
239826361,29.3175,26.1783,455,52552,0.0686324,0.03,1,3383568,3383113,455
239829281,31.527,30.8713,454,52592,0.069453,0.03,1,3383601,3383147,454
239832201,17.4108,30.3485,432,52632,0.0697812,0.05,1,3383609,3383177,432
239835121,22.5643,17.5394,449,52672,0.0699125,0.03,1,3383635,3383186,449
239838041,26.4257,23.8158,450,52712,0.081965,0.09,1,3383664,3383214,450
239843881,25.4681,27.8105,446,52792,0.0863144,0.03,1,3383715,3383269,446
239846801,25.7872,24.9242,449,52832,0.0885258,0.11,1,3383741,3383292,449
239849721,31.3149,26.1697,457,52872,0.0774103,0.07,1,3383776,3383319,457
239852641,25.726,30.2679,446,52912,0.0729641,0.09,1,3383798,3383352,446
239855561,19.2904,25.9071,438,52952,0.0711856,0.05,1,3383813,3383375,438
239858481,24.5162,17.5629,454,52992,0.0824743,0.11,1,3383841,3383387,454
239861401,23.6065,23.8251,449,53032,0.0869897,0.13,1,3383864,3383415,449
239870161,18.5748,23.4608,444,53152,0.0965273,0.17,1,3383930,3383486,444
239873081,26.0299,21.9843,454,53192,0.0926109,0.05,1,3383961,3383507,454
239893521,27.0787,26.1703,428,53468,0.0941108,0.07,1,3384118,3383690,428
239896441,24.0315,25.4681,425,53507,0.0796443,0.09,1,3384140,3383715,425
239899361,25.8126,25.7872,426,53546,0.0858577,0.07,1,3384167,3383741,426
239902281,30.725,31.3149,425,53585,0.0883431,0.07,1,3384201,3383776,425
239905201,26.09,25.726,426,53624,0.0773372,0.07,1,3384224,3383798,426
239908121,18.836,19.2904,425,53663,0.0489349,0.09,1,3384238,3383813,425
239911041,24.9344,24.5162,426,53702,0.061574,0.09,1,3384267,3383841,426
239913961,23.7738,23.6065,426,53741,0.0546296,0.11,1,3384290,3383864,426
239916881,27.5095,26.8426,427,53780,0.0518518,0.11,1,3384320,3383893,427
239919801,24.2038,23.937,427,53819,0.0627407,0.09,1,3384342,3383915,427
239922721,18.0815,18.5748,426,53858,0.0670963,0.09,1,3384356,3383930,426
239925641,27.0326,26.0299,428,53897,0.0808385,0.15,1,3384389,3383961,428
239946081,26.4626,27.0787,425,54170,0.201843,0.07,1,3384543,3384118,425
239949001,23.785,24.0315,425,54209,0.206737,0.09,1,3384565,3384140,425
239951921,25.114,25.8126,424,54248,0.220695,0.09,1,3384591,3384167,424
239954841,30.4456,30.725,424,54287,0.250278,0.07,1,3384625,3384201,424
239957761,25.3782,26.09,423,54326,0.262111,0.03,1,3384647,3384224,423
239960681,18.5513,18.836,423,54365,0.290844,0.07,1,3384661,3384238,423
239989881,14.8502,9.67763,436,54753,0.402943,0.17,1,3384888,3384452,436
239992801,22.1401,8.67105,455,54791,0.419177,0.21,1,3384915,3384460,455
239995721,26.856,19.0684,459,54829,0.425671,0.19,1,3384945,3384486,459
239998641,26.9424,26.2274,455,54867,0.416268,0.21,1,3384972,3384517,455
240001561,23.977,26.0909,451,54905,0.412507,0.21,1,3384994,3384543,451
240004481,26.3908,23.6364,457,54943,0.423003,0.23,1,3385022,3384565,457
240059961,35.104,26.3908,484,55665,0.754709,0.49,2,3385506,3385022,484
240062881,27.2416,32.7563,469,55703,0.775884,0.53,2,3385528,3385059,469
240065801,19.2966,26.3025,461,55741,0.796354,0.53,2,3385542,3385081,461
240068721,26.3187,18.921,478,55779,0.792541,0.53,2,3385573,3385095,478
240071641,24.9275,25.5684,472,55817,0.791017,0.57,2,3385597,3385125,472
240074561,29.171,24.0274,481,55855,0.826407,0.55,2,3385629,3385148,481
240077481,26.0684,28.2109,474,55893,0.852563,0.61,2,3385653,3385179,474
240080401,18.8274,25.0844,465,55931,0.863025,0.61,2,3385667,3385202,465
240083321,27.9309,18.4338,485,55969,0.86721,0.61,2,3385701,3385216,485
240086241,30.9724,27.7735,484,56007,0.892884,0.63,2,3385734,3385250,484
240132961,27.3614,26.0684,465,56602,0.861488,0.87,2,3386118,3385653,465
240135881,19.3446,18.8274,465,56639,0.866595,0.87,2,3386132,3385667,465
240138801,28.1378,27.9309,465,56676,0.880638,0.91,2,3386166,3385701,465
240141721,32.2551,30.9724,467,56713,0.874255,0.91,2,3386201,3385734,467
240144641,14.1021,13.589,467,56750,0.871702,0.93,2,3386203,3385736,467
240147561,27.8408,27.0356,468,56787,0.870681,0.93,2,3386240,3385772,468
240150481,16.5363,15.6142,469,56824,0.858272,0.97,2,3386249,3385780,469
240153401,24.6145,24.8457,468,56861,0.877309,0.93,2,3386279,3385811,468
240156321,11.0458,11.1383,468,56898,0.884924,0.91,2,3386281,3385813,468
240159241,23.0183,23.0553,468,56935,0.887969,0.93,2,3386312,3385844,468
240331521,329.126,334.411,510,27740,0.442,1,1,3388251,3387741,510
240338821,171.25,199.164,467,27740,0.2188,0.91,1,3388317,3387850,467
240387001,64.48,62.8263,476,27816,0.079408,0.63,1,3388422,3387946,476
240389921,61.192,56.9305,482,27892,0.0737632,0.39,1,3388481,3387999,482
240392841,48.4768,58.7722,462,27968,0.0715053,0.19,1,3388521,3388059,462
240395761,59.5907,61.9089,465,28044,0.0286021,0.05,1,3388588,3388123,465
240398681,42.4363,57.7636,441,28120,0.0414408,0,1,3388619,3388178,441
240401601,33.1745,42.9054,435,28195,0.0465763,0.01,1,3388646,3388211,435
240404521,30.0698,33.9622,435,28270,0.0246305,0.03,1,3388674,3388239,435
240407441,43.2279,36.3849,449,28345,0.0158522,0.07,1,3388726,3388277,449
240410361,56.8912,38.5539,475,28420,0.0723409,0.11,1,3388792,3388317,475
240422041,57.6068,45.0798,489,28717,0.0942519,0,1,3389010,3388521,489
240424961,41.6427,58.2319,453,28791,0.0917008,0.05,1,3389041,3388588,453
240430801,30.5428,32.9571,451,28938,0.0410721,0.01,1,3389097,3388646,451
240433721,43.4171,29.9828,475,29011,0.0584289,0.01,1,3389149,3388674,475
240436641,59.3669,43.1931,493,29084,0.0533715,0.11,1,3389219,3388726,493
240439561,53.7467,56.8773,477,29157,0.0753486,0.15,1,3389269,3388792,477
240451241,41.8303,57.6065,456,29446,0.217209,0.09,1,3389466,3389010,456
240454161,31.1321,41.6426,449,29518,0.224884,0.11,1,3389490,3389041,449
240457081,30.4528,32.857,452,29590,0.203953,0,1,3389520,3389068,452
240460001,43.9811,30.5428,476,29662,0.207581,0.07,1,3389573,3389097,476
240462921,58.9925,43.4171,493,29733,0.221033,0.05,1,3389642,3389149,493
240465841,54.797,59.3668,475,29804,0.214413,0.09,1,3389694,3389219,475
240468761,23.1188,53.7467,427,29875,0.211765,0.15,1,3389696,3389269,427
240471681,47.0475,58.0987,429,29946,0.246706,0.17,1,3389759,3389330,429
240474601,44.619,48.4395,430,30017,0.248682,0.23,1,3389802,3389372,430
240477521,56.8476,56.5758,433,30088,0.273473,0.23,1,3389867,3389434,433
240480441,41.939,41.8303,433,30158,0.283389,0.23,1,3389899,3389466,433
240483361,31.1756,31.1321,433,30228,0.287356,0.19,1,3389923,3389490,433
240486281,29.2702,30.4528,431,30298,0.264942,0.21,1,3389951,3389520,431
240489201,44.7081,43.9811,433,30368,0.243977,0.23,1,3390006,3389573,433
240492121,59.2832,58.9925,433,30438,0.247591,0.21,1,3390075,3389642,433
240495041,54.3133,54.797,432,30508,0.213036,0.21,1,3390126,3389694,432
240497961,22.9253,23.1188,432,30577,0.223215,0.27,1,3390128,3389696,432
240500881,48.7701,47.0475,435,30646,0.299286,0.25,1,3390194,3389759,435
240512561,31.1237,31.1756,434,30922,0.413022,0.25,1,3390357,3389923,434
240515481,29.2495,29.2702,434,30990,0.423209,0.23,1,3390385,3389951,434
240518401,42.8998,44.7081,431,31058,0.403283,0.25,1,3390437,3390006,431
240521321,59.1599,59.2832,432,31126,0.443313,0.19,1,3390507,3390075,432
240556361,23.8228,54.2448,447,31933,0.75431,0.49,2,3391005,3390558,447
240559281,55.1291,22.8979,521,31999,0.835724,0.63,2,3391081,3390560,521
240562201,48.4516,51.7592,494,32065,0.84429,0.65,2,3391125,3390631,494
240565121,58.9807,46.5037,517,32131,0.871716,0.61,2,3391191,3390674,517
240752001,39.2029,47.2575,476,36103,0.859416,1,2,3393904,3393428,476
240754921,43.8812,41.103,486,36162,0.805766,1,2,3393951,3393465,486
240757841,42.1525,42.8412,483,36220,0.784306,1,2,3393992,3393509,483
240760761,32.461,35.7365,478,36278,0.751723,1,2,3394018,3393540,478
240827921,39.6696,36.7226,485,37595,0.76734,0.53,2,3394893,3394408,485
240830841,30.2678,38.689,469,37651,0.780936,0.53,2,3394917,3394448,469
240833761,31.9071,29.8756,478,37707,0.798374,0.51,2,3394950,3394472,478
240836681,46.3629,31.1502,502,37763,0.82935,0.57,2,3395006,3394504,502
240839601,38.3451,44.2601,482,37819,0.87774,0.57,2,3395039,3394557,482
240842521,42.3381,37.504,494,37875,0.897096,0.61,2,3395084,3394590,494
240848361,38.2141,36.7206,491,37987,0.895935,0.71,2,3395158,3394667,491
240851281,32.0856,36.8883,482,38043,0.892374,0.65,2,3395186,3394704,482
240854201,44.6343,32.1553,506,38099,0.87895,0.69,2,3395239,3394733,506
240857121,36.4537,43.4621,486,38154,0.87358,0.73,2,3395270,3394784,486
241026481,50.0455,35.1315,534,41241,0.8812,1,2,3397407,3396873,534
241029401,40.4182,52.4526,504,41292,0.80248,1,2,3397441,3396937,504
241049841,24.6608,30.2289,505,41649,0.0407708,1,1,3397671,3397166,505
241052761,26.0643,34.2915,495,41700,0.0163083,1,1,3397698,3397203,495
241055681,30.2257,40.7166,483,41751,0.00652332,1,1,3397731,3397248,483
241058601,29.4903,36.0866,479,41802,0.00260933,1,1,3397760,3397281,479
241061521,31.5961,33.0347,481,41852,0.0310437,0.93,1,3397793,3397312,481
241064441,28.8384,33.6139,474,41902,0.0424175,0.83,1,3397820,3397346,474
241067361,42.1354,50.0455,464,41952,0.034967,0.75,1,3397871,3397407,464
241070281,33.6542,40.4182,458,42002,0.0319868,0.55,1,3397899,3397441,458
241073201,34.4617,43.7673,447,42052,0.0307947,0.43,1,3397934,3397487,447
241076121,29.9847,37.9069,440,42102,0.0303179,0.29,1,3397961,3397521,440
241079041,29.3939,35.5628,435,42152,0.0121272,0.27,1,3397990,3397555,435
241081961,26.1575,32.8251,428,42202,0.0108509,0.09,1,3398014,3397586,428
241084881,28.463,34.13,423,42252,0.0223403,0.05,1,3398044,3397621,423
241087801,29.9852,31.652,424,42302,0.0269361,0,1,3398075,3397651,424
241090721,22.7941,24.6608,422,42352,0.0287745,0,1,3398093,3397671,422
241093641,26.5176,26.0643,424,42402,0.0295098,0,1,3398122,3397698,424
241096561,29.2071,30.2257,422,42452,0.0118039,0,1,3398153,3397731,422
241099481,29.0828,29.4903,422,42502,0.0227216,0.05,1,3398182,3397760,422
241102401,32.6331,31.5961,424,42552,0.0630886,0.05,1,3398217,3397793,424
241105321,28.0533,28.8384,422,42602,0.0252354,0.03,1,3398242,3397820,422
241108241,41.8213,42.1354,422,42652,0.0160942,0.03,1,3398293,3397871,422
241111161,33.5285,33.6542,422,42701,0.0124377,0.03,1,3398321,3397899,422
241114081,34.4114,34.4617,422,42750,0.0229751,0.03,1,3398356,3397934,422
241117001,29.9646,29.9847,422,42799,0.02719,0,1,3398383,3397961,422
241119921,29.9858,29.3939,423,42848,0.028876,0.01,1,3398413,3397990,423
241122841,25.7943,26.1575,422,42897,0.0415504,0.03,1,3398436,3398014,422
241125761,29.5177,28.463,424,42946,0.0346202,0.03,1,3398468,3398044,424
241128681,29.2071,29.9852,422,42995,0.0318481,0.03,1,3398497,3398075,422
241131601,22.4828,11.9941,440,43044,0.0427392,0.03,1,3398515,3398075,440
241134521,25.7931,15.5976,450,43093,0.0350957,0.03,1,3398543,3398093,450
241137441,28.9173,23.6391,452,43142,0.0200383,0,1,3398574,3398122,452
241140361,28.9669,28.0556,450,43191,0.0140153,0.03,1,3398603,3398153,450
241143281,33.7868,28.6222,458,43240,0.0716061,0.09,1,3398640,3398182,458
241146201,27.9147,32.4489,447,43289,0.0826425,0,1,3398664,3398217,447
241149121,41.1659,27.9796,472,43338,0.075057,0.01,1,3398714,3398242,472
241152041,33.2664,41.7918,449,43387,0.0600228,0.01,1,3398742,3398293,449
241154961,34.3065,33.5167,456,43436,0.0420091,0.03,1,3398777,3398321,456
241157881,30.5226,34.4067,449,43485,0.0348036,0.03,1,3398805,3398356,449
241160801,29.609,29.9627,451,43534,0.0199215,0.03,1,3398834,3398383,451
241163721,25.6436,29.9851,444,43582,0.0379686,0.05,1,3398857,3398413,444
241166641,29.4574,25.794,453,43630,0.0691874,0.03,1,3398889,3398436,453
241169561,29.183,29.5176,450,43678,0.045675,0.03,1,3398918,3398468,450
241172481,23.0732,29.207,440,43726,0.03627,0.05,1,3398937,3398497,440
241175401,25.4293,22.4828,449,43774,0.032508,0.03,1,3398964,3398515,449
241178321,28.7717,25.7931,452,43822,0.0310032,0.01,1,3398995,3398543,452
241181241,28.9087,28.9173,450,43870,0.0304013,0.01,1,3399024,3398574,450
241184161,36.7635,28.9669,463,43918,0.0421605,0.11,1,3399066,3398603,463
241187081,28.5054,33.7868,449,43966,0.0348642,0.09,1,3399089,3398640,449
241190001,39.0022,27.9147,471,44014,0.0199457,0.07,1,3399135,3398664,471
241192921,32.4009,41.1659,449,44062,0.0379783,0.05,1,3399163,3398714,449
241195841,33.9603,33.2664,456,44110,0.0571913,0.03,1,3399198,3398742,456
241198761,30.9841,34.3065,450,44158,0.0768765,0.03,1,3399227,3398777,450
241201681,29.7937,30.5226,451,44206,0.0487506,0.01,1,3399256,3398805,451
241204601,26.3175,29.609,446,44254,0.0495002,0.05,1,3399280,3398834,446
241207521,29.727,25.6436,455,44302,0.0618001,0.09,1,3399312,3398857,455
241210441,28.6908,29.4574,451,44350,0.05472,0.03,1,3399340,3398889,451
241213361,22.8763,29.183,441,44398,0.039888,0.03,1,3399359,3398918,441
241216281,25.3505,23.0732,449,44446,0.0339552,0.03,1,3399386,3398937,449
241219201,11.3402,25.4293,424,44493,0.0135821,0.03,1,3399388,3398964,424
241222121,21.9361,28.7717,422,44540,0.0474328,0.03,1,3399417,3398995,422
241225041,26.1744,28.9087,422,44587,0.0369731,0.05,1,3399446,3399024,422
241227961,36.8698,36.7635,424,44634,0.0147893,0.03,1,3399490,3399066,424
241230881,27.9479,28.5054,423,44681,0.0479157,0.01,1,3399512,3399089,423
241233801,38.1792,39.0022,422,44728,0.0491663,0.05,1,3399557,3399135,422
241236721,33.8717,32.4009,425,44775,0.0496665,0.07,1,3399588,3399163,425
241239641,34.5487,33.9603,425,44822,0.0738666,0.09,1,3399623,3399198,425
241242561,31.8195,30.9841,426,44869,0.0835466,0.03,1,3399653,3399227,426
241245481,28.9278,29.7937,424,44916,0.0874187,0.05,1,3399680,3399256,424
241248401,25.9711,26.3175,424,44963,0.0649675,0.07,1,3399704,3399280,424
241251321,30.1884,29.727,425,45010,0.031987,0.05,1,3399737,3399312,425
241254241,28.2754,28.6908,424,45057,0.0307948,0.03,1,3399764,3399340,424
241257161,22.1102,22.8763,423,45104,0.0423179,0.03,1,3399782,3399359,423
241260081,25.6441,25.3505,424,45151,0.0349272,0,1,3399810,3399386,424
241263001,11.4576,11.3402,424,45198,0.0139709,0.07,1,3399812,3399388,424
241265921,21.3831,21.9361,423,45245,0.0355883,0.03,1,3399840,3399417,423
241268841,25.3532,26.1744,422,45292,0.0682353,0,1,3399868,3399446,422
241271761,36.5413,36.8698,422,45339,0.0452941,0.07,1,3399912,3399490,422
241274681,28.4165,27.9479,423,45386,0.0241177,0.05,1,3399935,3399512,423
241277601,38.3666,38.1792,423,45432,0.0516471,0.05,1,3399980,3399557,423
241280521,34.5466,33.8717,424,45478,0.0506588,0.09,1,3400012,3399588,424
241283441,34.8187,34.5487,424,45524,0.0862635,0.09,1,3400047,3399623,424
241286361,32.5275,31.8195,425,45570,0.0885054,0.09,1,3400078,3399653,425
241303881,25.6285,25.6441,422,45846,0.099832,0,1,3400232,3399810,422
241306801,11.4514,11.4576,422,45892,0.0939328,0.05,1,3400234,3399812,422
241309721,21.3806,21.3831,422,45938,0.0675731,0.05,1,3400262,3399840,422
241312641,24.7522,8.55322,449,45984,0.0450292,0.09,1,3400289,3399840,449
241315561,36.9009,20.2213,466,46030,0.0240117,0.03,1,3400334,3399868,466
241318481,27.9604,34.4885,444,46076,0.0276047,0.01,1,3400356,3399912,444
241321401,40.5841,27.5954,470,46122,0.0530419,0.07,1,3400405,3399935,470
241324321,34.2337,38.0382,455,46168,0.0872167,0.05,1,3400435,3399980,455
241344761,22.6856,28.1778,445,46487,0.203149,0.11,1,3400631,3400186,445
241347681,22.2742,22.0711,449,46532,0.23126,0.09,1,3400653,3400204,449
241350601,10.1097,25.6284,423,46577,0.242504,0.09,1,3400655,3400232,423
241353521,22.0439,11.4514,451,46622,0.259002,0.05,1,3400685,3400234,451
241356441,24.4175,21.3806,449,46667,0.289601,0.03,1,3400711,3400262,449
241359361,36.167,24.7522,466,46712,0.28984,0.01,1,3400755,3400289,466
241362281,28.8668,36.9009,445,46757,0.253936,0.03,1,3400779,3400334,445
241365201,41.5467,27.9604,473,46802,0.251574,0.07,1,3400829,3400356,473
241368121,37.0187,40.5841,458,46847,0.26263,0.11,1,3400863,3400405,458
241371041,37.0075,34.2337,465,46892,0.243052,0.17,1,3400900,3400435,465
241373961,34.603,35.2935,462,46937,0.247221,0.15,1,3400933,3400471,462
241376881,28.8412,33.9174,454,46982,0.236888,0.17,1,3400958,3400504,454
241379801,25.9365,27.967,454,47027,0.232755,0.19,1,3400982,3400528,454
241382721,30.7746,25.5868,464,47072,0.231102,0.21,1,3401016,3400552,464
241385641,29.1098,30.0347,459,47117,0.242441,0.19,1,3401044,3400585,459
241388561,23.6439,28.2139,452,47162,0.246976,0.21,1,3401064,3400612,452
241391481,22.6576,22.6856,455,47207,0.272791,0.25,1,3401086,3400631,455
241394401,10.263,22.2742,435,47252,0.283116,0.25,1,3401088,3400653,435
241417761,36.0449,37.0075,433,47607,0.416465,0.25,1,3401333,3400900,433
241420681,33.618,34.603,432,47651,0.448586,0.23,1,3401365,3400933,432
241514121,35.6258,36.6576,483,49046,0.765673,0.59,2,3402258,3401775,483
241517041,29.8503,34.4631,476,49089,0.780269,0.59,2,3402284,3401808,476
241519961,28.7401,29.3852,478,49132,0.810108,0.63,2,3402312,3401834,478
241522881,33.0961,27.3541,488,49175,0.834043,0.63,2,3402348,3401860,488
241525801,30.0384,32.5416,480,49218,0.843617,0.67,2,3402376,3401896,480
241528721,27.0154,29.8167,477,49261,0.871447,0.65,2,3402401,3401924,477
241531641,24.0061,25.7267,476,49304,0.894579,0.71,2,3402423,3401947,476
241857221,188.724,213.142,459,24820,0.214,0.63,1,3406083,3405624,459
241884961,121.996,141.383,429,24820,0.05944,0.07,1,3406260,3405831,429
241906861,94.3983,106.953,421,24820,0.041776,0.03,1,3406336,3405915,421
241909781,61.1593,57.1812,436,24905,0.0347104,0,1,3406375,3405939,436
241912701,46.0637,41.4725,441,24990,0.0798842,0.15,1,3406411,3405970,441
241915621,43.6255,25.589,468,25075,0.0859537,0,1,3406453,3405985,468
241918541,49.2502,54.6356,447,25160,0.0523815,0.03,1,3406506,3406059,447
241921461,54.5001,60.2542,441,25244,0.0509526,0.05,1,3406564,3406123,441
241924381,50,49.9017,445,25328,0.074381,0,1,3406611,3406166,445
241927301,63.8,52.3607,464,25412,0.0477524,0.01,1,3406684,3406220,464
241930221,63.92,70.7443,445,25495,0.097101,0.03,1,3406748,3406303,445
241933141,54.968,48.0977,461,25578,0.0568404,0.03,1,3406797,3406336,461
241936061,44.7872,42.6391,460,25661,0.0527362,0.11,1,3406835,3406375,460
241938981,42.5149,38.6556,465,25744,0.0510945,0.09,1,3406876,3406411,465
241941901,49.406,40.6623,477,25826,0.0744378,0.03,1,3406930,3406453,477
241956501,53.063,63.8897,470,26234,0.0464774,0.03,1,3407218,3406748,470
241959421,45.2252,54.9559,461,26315,0.048591,0.05,1,3407258,3406797,461
241962341,42.6901,44.7823,464,26396,0.0494364,0.05,1,3407299,3406835,464
241965261,51.876,42.5129,481,26476,0.0737746,0.09,1,3407357,3406876,481
241968181,56.7504,49.4052,487,26556,0.0835098,0.17,1,3407417,3406930,487
241971101,52.7002,53.9621,480,26636,0.0634039,0.21,1,3407467,3406987,480
241974021,59.4801,50.9848,495,26716,0.0793616,0.09,1,3407531,3407036,495
241997381,52.3886,52.7002,424,27344,0.268686,0.09,1,3407891,3407467,424
242000301,60.5554,59.4801,426,27421,0.257474,0.13,1,3407957,3407531,426
242003221,66.8222,64.592,429,27498,0.25299,0.15,1,3408028,3407599,429
242006141,50.7289,49.8368,429,27575,0.275196,0.15,1,3408068,3407639,429
242009061,21.4915,21.1347,429,27652,0.284078,0.15,1,3408070,3407641,429
242011981,31.9966,33.0539,427,27729,0.275631,0.13,1,3408109,3407682,427
242014901,37.9986,37.8216,428,27805,0.296253,0.17,1,3408151,3407723,428
242032421,50.6132,50.7289,434,28259,0.412664,0.29,1,3408502,3408068,434
242073301,57.302,53.1397,506,29291,0.764281,0.51,2,3409154,3408648,506
242076221,59.5208,57.2559,507,29363,0.767712,0.55,2,3409215,3408708,507
242079141,65.8083,57.7024,519,29435,0.793085,0.63,2,3409285,3408766,519
242082061,68.3233,62.6809,523,29507,0.779234,0.67,2,3409355,3408832,523
242084981,53.7293,67.6724,496,29579,0.785694,0.63,2,3409399,3408903,496
242087901,22.6917,52.269,456,29651,0.788277,0.67,2,3409401,3408945,456
242090821,34.2767,22.1076,496,29722,0.825311,0.71,2,3409443,3408947,496
242093741,41.3107,32.843,502,29793,0.852124,0.69,2,3409489,3408987,502
242096661,17.7243,40.1372,459,29864,0.86285,0.75,2,3409491,3409032,459
242228061,80.3981,75.1191,504,32902,0.81448,1,2,3411678,3411174,504
242239741,41.6918,37.0686,517,33158,0.406435,1,1,3411860,3411343,517
242251421,27.4481,35.9698,487,33413,0.291925,0.88,1,3411977,3411490,487
242254341,25.9792,32.9879,481,33476,0.23077,1,1,3412002,3411521,481
242266021,54.6267,61.8237,446,33728,0.0815077,0.43,1,3412229,3411783,446
242274781,24.7121,26.8767,438,33916,0.0956965,0.33,1,3412315,3411877,438
242289381,42.6063,42.7917,430,34226,0.216625,0.05,1,3412486,3412056,430
242292301,60.8425,17.1167,503,34288,0.24865,0.13,1,3412559,3412056,503
242295221,45.337,53.6467,460,34350,0.23746,0.13,1,3412594,3412134,460
242298141,52.3348,42.4587,482,34412,0.244984,0.05,1,3412651,3412169,482
242301061,45.5339,52.9835,463,34473,0.283994,0.13,1,3412692,3412229,463
242324421,63.3174,42.6053,507,34961,0.424884,0.27,1,3412993,3412486,507
242371141,37.6178,39.8721,447,35915,0.783597,0.49,2,3413610,3413163,447
242374061,25.8471,26.1488,448,35974,0.811439,0.53,2,3413628,3413180,448
242376981,33.1388,33.2595,448,36033,0.834575,0.51,2,3413666,3413218,448
242379901,34.2555,34.3038,448,36092,0.85583,0.53,2,3413701,3413253,448
242382821,25.7022,25.7215,448,36151,0.876332,0.55,2,3413721,3413273,448
242385741,27.6809,27.0886,449,36209,0.872533,0.55,2,3413750,3413301,449
242388661,44.6724,44.4354,449,36267,0.883013,0.67,2,3413806,3413357,449
242391581,68.8689,65.1742,455,36325,0.875205,0.73,2,3413891,3413436,455
242394501,50.3476,47.0697,458,36383,0.848082,0.73,2,3413929,3413471,458
242397421,21.339,20.0279,458,36441,0.861233,0.75,2,3413931,3413473,458
242400341,45.7356,44.6111,459,36499,0.866493,0.75,2,3413993,3413534,459
242572621,61.1641,67.9674,478,39770,0.87486,1,2,3416263,3415785,478
242575541,52.0657,48.187,489,39823,0.823944,1,2,3416309,3415820,489
242578461,41.8263,37.8748,493,39876,0.803578,1,2,3416344,3415851,493
242584301,38.6122,43.38,478,39982,0.772972,0.92,2,3416411,3415933,478
242587221,37.0449,35.352,484,40035,0.795189,1,2,3416447,3415963,484
242590141,28.018,30.9408,478,40088,0.804076,1,2,3416469,3415991,478
242593061,25.6072,12.3763,502,40141,0.81963,1,2,3416493,3415991,502
242595981,30.0429,22.3505,506,40194,0.765852,0.88,2,3416526,3416020,506
242598901,23.4171,29.3402,491,40247,0.816341,1,2,3416545,3416054,491
242601821,34.5669,25.5361,510,40299,0.800536,0.93,2,3416587,3416077,510
242604741,32.4267,34.2144,501,40351,0.818215,0.97,2,3416618,3416117,501
242607661,31.5707,34.0858,498,40403,0.825286,0.93,2,3416649,3416151,498
242610581,55.8283,32.8343,538,40455,0.876114,0.83,2,3416721,3416183,538
242613501,48.1313,61.1337,501,40507,0.884446,0.79,2,3416764,3416263,501
242816441,119.089,127.311,472,19925,0.433356,0.59,1,3419265,3418793,472
242851481,108.543,112.833,455,21167,0.764115,0.69,2,3420100,3419645,455
242854401,80.6171,81.733,456,21267,0.815646,0.71,2,3420162,3419706,456
242857321,88.0468,87.8932,457,21367,0.860258,0.71,2,3420255,3419798,457
242860241,69.4187,69.3573,457,21466,0.878103,0.75,2,3420312,3419855,457
242950761,39.064,38.1606,495,24341,0.892,1,2,3422287,3421792,495
242959521,74.7881,82.7463,482,24601,0.403888,1,1,3422518,3422036,482
242962441,55.1152,47.4985,500,24687,0.215555,1,1,3422560,3422060,500
242971201,48.2394,51.1599,478,24944,0.0913155,0.82,1,3422734,3422256,478
242979961,86.4153,102.97,441,25198,0.0824042,0.23,1,3422903,3422462,441
242982881,60.3661,74.7881,428,25282,0.0629617,0.09,1,3422946,3422518,428
242985801,46.3465,55.1152,423,25366,0.0791847,0.07,1,3422983,3422560,423
242988721,58.7386,62.2461,423,25450,0.0376739,0.07,1,3423050,3422627,423
242991641,65.4954,24.8984,493,25533,0.0450695,0.17,1,3423120,3422627,493
242994561,47.1982,53.1594,456,25616,0.0840278,0.05,1,3423155,3422699,456
242997481,36.2793,42.2637,450,25699,0.0396111,0.11,1,3423184,3422734,450
243000401,24.1117,30.7055,443,25781,0.0218444,0.15,1,3423200,3422757,443
243003321,84.0447,23.0822,549,25863,0.0747378,0.05,1,3423324,3422775,549
243017921,46.8235,65.4856,457,26270,0.0846021,0.11,1,3423577,3423120,457
243020841,35.5294,47.1943,450,26351,0.0998408,0.01,1,3423605,3423155,450
243023761,25.0118,36.2777,439,26431,0.0819363,0.01,1,3423623,3423184,439
243026681,86.2047,24.1111,550,26511,0.0747745,0.11,1,3423750,3423200,550
243029601,60.8819,84.0444,470,26591,0.0839098,0.13,1,3423794,3423324,470
243032521,50.1528,59.4178,470,26671,0.0995639,0.15,1,3423837,3423367,470
243047121,25.1865,35.5294,427,27065,0.223692,0.07,1,3424032,3423605,427
243050041,19.6746,25.0118,425,27143,0.239477,0.07,1,3424048,3423623,425
243052961,84.0698,86.2047,425,27221,0.281791,0.09,1,3424175,3423750,425
243055881,60.6279,60.8819,426,27299,0.298716,0.11,1,3424220,3423794,426
243073401,25.9567,25.1865,432,27761,0.42707,0.25,1,3424464,3424032,432
243076321,19.9827,19.6746,432,27837,0.440828,0.31,1,3424480,3424048,432
243131801,92.0122,20.128,587,29248,0.814506,0.55,2,3425508,3424921,587
243134721,64.4049,91.4512,494,29320,0.823802,0.59,2,3425554,3425060,494
243137641,53.9619,62.9805,497,29392,0.839521,0.59,2,3425601,3425104,497
243140561,61.7848,52.1922,519,29464,0.845808,0.65,2,3425668,3425149,519
243143481,67.9139,60.4769,525,29536,0.848323,0.69,2,3425740,3425215,525
243146401,48.7656,66.1908,491,29608,0.873329,0.67,2,3425776,3425285,491
243149321,20.7062,47.4763,458,29679,0.883332,0.71,2,3425778,3425320,458
243152241,26.2825,20.1905,486,29750,0.887333,0.71,2,3425808,3425322,486
243289481,59.9703,66.7669,488,32926,0.829607,1,2,3428041,3427553,488
243309921,50.8087,47.2145,489,33373,0.275096,1,1,3428352,3427863,489
243312841,37.1235,42.2858,478,33436,0.260039,1,1,3428380,3427902,478
243315761,29.2494,34.3143,473,33499,0.254015,0.92,1,3428404,3427931,473
243318681,29.6998,32.9257,471,33562,0.275606,0.75,1,3428434,3427963,471
243330361,33.1555,36.2141,446,33814,0.417504,0.43,1,3428642,3428196,446
243333281,31.8622,34.8856,443,33877,0.425001,0.35,1,3428673,3428230,443
243336201,24.7449,29.5543,437,33939,0.428001,0.31,1,3428693,3428256,437
243347881,27.8975,29.2494,435,34187,0.446845,0.29,1,3428839,3428404,435
243350801,28.559,29.6998,434,34249,0.448738,0.29,1,3428868,3428434,434
243353721,55.8236,11.8799,508,34311,0.449495,0.37,1,3428942,3428434,508
243356641,71.5294,45.552,522,34373,0.437798,0.39,1,3429024,3428502,522
243423801,59.5955,72.0248,455,35761,0.811294,0.65,2,3429921,3429466,455
243426721,46.0382,51.6099,454,35820,0.870518,0.65,2,3429958,3429504,454
243429641,32.8153,35.044,454,35879,0.894207,0.63,2,3429982,3429528,454
243432561,32.9261,33.8176,454,35938,0.891683,0.63,2,3430015,3429561,454
243438401,28.0682,28.4508,453,36056,0.895069,0.67,2,3430065,3429612,453
243686601,34.7742,38.0628,518,40736,0.833631,1,2,3433370,3432852,518
243707041,29.8992,42.07,504,41098,0.431157,0.98,1,3433589,3433085,504
243709961,27.5597,33.028,503,41149,0.406463,1,1,3433615,3433112,503
243715801,61.8895,34.8045,552,41251,0.275034,1,1,3433736,3433184,552
243736241,17.1584,26.2495,451,41608,0.200794,0.63,1,3433907,3433456,451
243742081,27.2253,30.1199,451,41710,0.239727,0.47,1,3433967,3433516,451
243745001,35.4901,43.248,440,41761,0.245891,0.37,1,3434008,3433568,440
243747921,25.5961,29.8992,438,41812,0.236356,0.39,1,3434027,3433589,438
243750841,27.0384,27.5597,440,41862,0.268543,0.35,1,3434055,3433615,440
243753761,33.0154,36.2239,435,41912,0.281417,0.21,1,3434092,3433657,435
243765441,26.938,28.2489,427,42112,0.429556,0.17,1,3434251,3433824,427
243768361,31.1752,31.0996,428,42162,0.417822,0.19,1,3434285,3433857,428
243771281,29.8701,29.2398,429,42212,0.425129,0.19,1,3434314,3433885,429
243774201,13.148,12.8959,429,42262,0.428052,0.21,1,3434316,3433887,429
243777121,19.0592,17.1584,432,42312,0.417221,0.19,1,3434339,3433907,432
243861801,27.2598,19.1811,485,43736,0.761659,0.59,2,3435267,3434782,485
243864721,32.5039,28.0725,487,43784,0.754663,0.67,2,3435303,3434816,487
243867641,37.0016,31.029,494,43832,0.787865,0.65,2,3435343,3434849,494
243870561,25.6006,37.0116,471,43880,0.813146,0.65,2,3435361,3434890,471
243873481,28.8403,25.6046,484,43928,0.811258,0.67,2,3435392,3434908,484
243876401,34.3361,28.2419,492,43976,0.822503,0.67,2,3435430,3434938,492
243879321,58.1344,34.0967,528,44024,0.827001,0.65,2,3435504,3434976,528
243882241,44.2538,58.6387,488,44072,0.816801,0.69,2,3435539,3435051,488
243885161,42.9015,43.2555,497,44120,0.83672,0.71,2,3435581,3435084,497
243888081,30.3606,41.3022,479,44168,0.856688,0.73,2,3435603,3435124,479
243891001,33.1442,29.1209,493,44216,0.852675,0.75,2,3435638,3435145,493
243893921,31.2577,32.6483,488,44264,0.85107,0.75,2,3435668,3435180,488
243896841,13.7031,31.0593,460,44312,0.850428,0.75,2,3435670,3435210,460
243899761,18.6812,13.6237,480,44360,0.862171,0.75,2,3435692,3435212,480
243902681,26.6725,18.6495,490,44408,0.866868,0.77,2,3435724,3435234,490
243905601,33.469,27.2598,495,44456,0.880747,0.75,2,3435762,3435267,495
243908521,14.5876,32.5039,461,44503,0.886299,0.81,2,3435764,3435303,461
244083721,326.259,342.754,494,20440,0.814,1,2,3437717,3437223,494
244104161,29.3837,45.4162,459,21861,0.803092,0.69,2,3438169,3437710,459
244107081,51.9535,61.3665,454,21958,0.867237,0.67,2,3438236,3437782,454
244218041,45.7294,39.2603,497,25369,0.83128,1,2,3440648,3440151,497
244223881,76.1967,28.8417,579,25536,0.443805,1,1,3440824,3440245,579
244226801,68.2787,69.1367,546,25619,0.291522,1,1,3440887,3440341,546
244238481,34.1719,40.8659,502,25948,0.096503,0.9,1,3441065,3440563,502
244241401,41.8688,36.1464,516,26030,0.0386012,0.77,1,3441112,3440596,516
244244321,67.1475,45.6585,548,26111,0.0334405,0.47,1,3441196,3440648,548
244247241,66.459,79.4634,512,26192,0.0913762,0.33,1,3441262,3440750,512
244258921,38.3302,55.3239,452,26514,0.0736192,0.11,1,3441458,3441006,452
244261841,32.7321,38.9295,453,26594,0.0834477,0.09,1,3441487,3441034,453
244264761,41.8928,34.1718,470,26674,0.0753791,0,1,3441535,3441065,470
244282281,42.8313,52.3254,424,27146,0.258205,0.03,1,3441853,3441429,424
244285201,35.1325,38.3302,425,27224,0.241282,0.09,1,3441883,3441458,425
244288121,30.853,32.7321,424,27302,0.246513,0.07,1,3441911,3441487,424
244291041,40.5412,41.8928,423,27380,0.236605,0.13,1,3441958,3441535,423
244299801,63.9626,62.4891,428,27611,0.232343,0.13,1,3442175,3441747,428
244302721,26.7851,26.1957,428,27688,0.254937,0.21,1,3442177,3441749,428
244305641,52.114,50.0783,431,27764,0.275975,0.31,1,3442246,3441815,431
244329001,27.9137,26.7851,433,28368,0.413496,0.27,1,3442610,3442177,433
244331921,53.7655,10.714,504,28443,0.411398,0.29,1,3442681,3442177,504
244334841,47.3062,45.6856,478,28517,0.410559,0.35,1,3442724,3442246,478
244337761,34.5225,43.4742,462,28591,0.434224,0.35,1,3442750,3442288,462
244396161,28.7925,33.1661,455,30037,0.783409,0.67,2,3443680,3443225,455
244399081,39.717,41.4665,455,30107,0.835364,0.65,2,3443727,3443272,455
244402001,63.8868,65.1866,454,30177,0.856146,0.65,2,3443807,3443353,454
244553841,252.19,248.172,506,14746,0.2164,0.43,1,3446369,3445863,506
244559681,109.71,117.708,473,15033,0.076624,0.13,1,3446529,3446056,473
244562601,65.4842,86.083,444,15174,0.0486496,0.11,1,3446565,3446121,444
244565521,47.7937,59.0332,439,15314,0.0734598,0.05,1,3446601,3446162,439
244585961,99.1917,98.5395,428,16260,0.223164,0.17,1,3447297,3446869,428
244588881,91.8767,89.8158,431,16391,0.203266,0.19,1,3447384,3446953,431
244591801,57.7507,56.9263,431,16521,0.207306,0.17,1,3447419,3446988,431
244594721,45.9003,46.1705,430,16650,0.232922,0.17,1,3447457,3447027,430
244606401,57.719,90.102,464,17156,0.406523,0.21,1,3447848,3447384,464
244609321,47.0876,57.0408,469,17280,0.444609,0.25,1,3447888,3447419,469
244634141,70.7733,68.9894,454,18355,0.785193,0.67,2,3448622,3448168,454
244637061,81.1093,79.7958,455,18471,0.812077,0.67,2,3448710,3448255,455
244639981,54.0437,53.5183,455,18586,0.822831,0.65,2,3448746,3448291,455
244642901,45.6175,47.2073,452,18700,0.851132,0.73,2,3448786,3448334,452
244645821,146.047,143.083,458,18813,0.886453,0.73,2,3448999,3448541,458
244731961,66.4098,60.2424,496,21944,0.0810016,1,1,3451113,3450617,496
244734881,42.7639,43.897,490,22041,0.0744006,1,1,3451140,3450650,490
244737801,28.5056,34.9588,480,22137,0.0957603,0.31,1,3451159,3450679,480
244743641,62.1609,76.1534,432,22328,0.0837216,0.05,1,3451357,3450925,432
244746561,64.4644,76.0614,422,22423,0.0754887,0.09,1,3451423,3451001,422
244749481,47.9857,52.0245,423,22518,0.0481955,0.09,1,3451460,3451037,423
244752401,64.1943,20.8098,498,22612,0.0612782,0.05,1,3451535,3451037,498
244755321,43.6777,53.9239,452,22706,0.0785113,0.07,1,3451565,3451113,452
244758241,28.8711,37.7696,444,22799,0.0854045,0.11,1,3451584,3451140,444
244761161,112.348,26.5078,593,22892,0.0341618,0.11,1,3451752,3451159,593
244764081,61.1394,112.603,450,22985,0.0436647,0.07,1,3451779,3451329,450
244767001,64.6557,61.8413,489,23077,0.0474659,0.07,1,3451846,3451357,489
244769921,48.0623,64.3365,460,23169,0.0489864,0.03,1,3451883,3451423,460
244772841,64.2249,47.9346,498,23261,0.0195945,0.07,1,3451958,3451460,498
244775761,44.29,64.1738,454,23352,0.0258378,0.09,1,3451989,3451535,454
244778681,29.116,43.6695,443,23443,0.0283351,0.09,1,3452008,3451565,443
244781601,111.846,28.8678,591,23533,0.017334,0,1,3452175,3451584,591
244784521,61.5386,112.347,451,23623,0.0129336,0.05,1,3452203,3451752,451
244787441,64.2154,61.1388,490,23713,0.0231734,0.05,1,3452269,3451779,490
244790361,47.8862,64.6555,460,23802,0.0272694,0.05,1,3452306,3451846,460
244793281,64.1545,48.0622,498,23891,0.0409078,0,1,3452381,3451883,498
244796201,43.6618,64.2249,453,23980,0.0583631,0.03,1,3452411,3451958,453
244799121,18.6647,44.29,424,24068,0.0773452,0.03,1,3452413,3451989,424
244802041,19.4659,29.116,425,24156,0.0969381,0.01,1,3452433,3452008,425
244810801,63.0458,64.2154,423,24418,0.214764,0.03,1,3452692,3452269,423
244822481,19.0668,18.6647,426,24763,0.098186,0.11,1,3452839,3452413,426
244825401,20.8267,19.4659,428,24849,0.0812744,0.21,1,3452861,3452433,428
244831241,61.2923,60.1145,432,25019,0.201404,0.23,1,3453059,3452627,432
244834161,64.1169,63.0458,433,25104,0.230562,0.17,1,3453125,3452692,433
244837081,46.0468,47.4183,430,25188,0.242225,0.11,1,3453159,3452729,430
244840001,61.6187,65.1673,425,25272,0.24689,0.09,1,3453231,3452806,425
244842921,42.6475,44.6669,424,25356,0.296756,0.09,1,3453261,3452837,424
244848761,21.1036,7.62671,447,25523,0.288681,0.07,1,3453286,3452839,447
244863361,63.0174,45.9296,505,25935,0.441532,0.25,1,3453664,3453159,505
244866281,44.407,61.5718,465,26017,0.434613,0.33,1,3453696,3453231,465
244869201,18.9628,42.6287,437,26098,0.431845,0.33,1,3453698,3453261,437
244872121,20.7851,18.2515,457,26179,0.430738,0.27,1,3453720,3453263,457
244901321,47.7169,114.514,447,26977,0.751609,0.51,2,3454344,3453897,447
244904241,37.0867,63.8056,447,27056,0.774643,0.53,2,3454374,3453927,447
244907161,57.4347,67.5222,448,27134,0.795857,0.53,2,3454445,3453997,448
244910081,43.3739,47.4089,448,27212,0.840343,0.55,2,3454479,3454031,448
244913001,64.1496,65.1636,449,27290,0.894137,0.57,2,3454557,3454108,449
244915921,44.8598,44.0654,451,27368,0.891655,0.57,2,3454589,3454138,451
244918841,19.1439,18.8262,451,27445,0.890662,0.59,2,3454591,3454140,451
244921761,20.8576,20.7305,451,27522,0.890265,0.77,2,3454613,3454162,451
244927601,50.1372,47.7169,461,27676,0.882842,0.79,2,3454805,3454344,461
245047321,39.4663,42.2516,483,30656,0.826864,1,2,3456859,3456376,483
245059001,37.4135,32.9248,490,30932,0.22848,1,1,3457042,3456552,490
245061921,85.7654,89.9699,480,31000,0.0973919,1,1,3457160,3456680,480
245064841,52.9062,54.588,480,31068,0.0569567,0.96,1,3457191,3456711,480
245067761,34.3625,38.0352,475,31136,0.0527827,1,1,3457213,3456738,475
245070681,38.345,40.4141,474,31204,0.0391131,0.91,1,3457254,3456780,474
245073601,33.938,40.1656,465,31272,0.0456452,0.75,1,3457285,3456820,465
245076521,33.3752,39.4663,459,31340,0.0182581,0.75,1,3457318,3456859,459
245079441,51.7501,15.7865,523,31408,0.0253032,0.53,1,3457382,3456859,523
245082361,34.5,53.1146,468,31475,0.0521213,0.41,1,3457405,3456937,468
245085281,33.6,38.0458,473,31542,0.0628485,0.29,1,3457438,3456965,473
245088201,30.84,41.0183,459,31609,0.0551394,0.13,1,3457467,3457008,459
245091121,83.136,36.8073,543,31676,0.0280558,0.01,1,3457585,3457042,543
245094041,50.6544,85.5229,454,31743,0.0412223,0.03,1,3457614,3457160,454
245096961,32.2618,52.8092,443,31810,0.0224889,0.05,1,3457634,3457191,443
245099881,38.1047,34.3237,463,31877,0.0389956,0.03,1,3457676,3457213,463
245102801,33.2419,38.3295,452,31943,0.0455982,0.05,1,3457706,3457254,452
245105721,33.0968,33.9318,454,32009,0.0722393,0,1,3457739,3457285,454
245108641,52.2387,33.3727,486,32075,0.0828957,0.03,1,3457804,3457318,486
245111561,34.0955,51.7491,444,32141,0.0631583,0.07,1,3457826,3457382,444
245114481,35.2382,34.4996,457,32207,0.0432633,0.07,1,3457862,3457405,457
245117401,30.2953,33.5999,451,32273,0.0833053,0.05,1,3457889,3457438,451
245120321,82.3181,30.8399,539,32339,0.0393221,0.01,1,3458006,3457467,539
245123241,50.9272,83.136,451,32404,0.0457289,0.05,1,3458036,3457585,451
245126161,31.7709,50.6544,441,32469,0.0242915,0.01,1,3458055,3457614,441
245129081,39.1084,32.2618,465,32534,0.0157166,0.05,1,3458099,3457634,465
245132001,33.6433,38.1047,453,32599,0.0122866,0.05,1,3458129,3457676,453
245134921,33.2573,33.2419,456,32664,0.0349147,0.09,1,3458162,3457706,456
245137841,53.5029,33.0968,490,32729,0.0679659,0.09,1,3458229,3457739,490
245140761,22.6012,52.2387,427,32794,0.0811863,0.05,1,3458231,3457804,427
245152441,79.7642,82.3181,423,33050,0.0866064,0.05,1,3458429,3458006,423
245155361,49.3057,50.9272,422,33114,0.0646425,0.01,1,3458458,3458036,422
245158281,31.1223,31.7709,422,33178,0.055857,0.01,1,3458477,3458055,422
245161201,39.4489,39.1084,423,33242,0.0403428,0.01,1,3458522,3458099,423
245164121,33.7796,33.6433,423,33306,0.0461371,0.05,1,3458552,3458129,423
245167041,35.1118,33.2573,426,33370,0.0244548,0.09,1,3458588,3458162,426
245169961,54.8447,53.5029,427,33433,0.0397819,0.09,1,3458656,3458229,427
245172881,23.1379,22.6012,427,33496,0.0459128,0.17,1,3458658,3458231,427
245175801,21.2552,20.4405,428,33559,0.0243651,0.15,1,3458678,3458250,428
245178721,30.7021,29.7762,429,33622,0.039746,0.19,1,3458715,3458286,429
245181641,30.2808,29.9105,429,33685,0.0818984,0.03,1,3458745,3458316,429
245184561,75.7123,79.7642,422,33748,0.0627594,0.05,1,3458851,3458429,422
245187481,47.6849,49.3057,422,33811,0.0431037,0.05,1,3458880,3458458,422
245190401,30.474,31.1223,422,33874,0.0232415,0.03,1,3458899,3458477,422
245193321,39.1896,39.4489,422,33936,0.0272966,0.05,1,3458944,3458522,422
245196241,33.6758,33.7796,422,33998,0.0409186,0.01,1,3458974,3458552,422
245199161,36.2703,35.1118,424,34060,0.0223675,0.05,1,3459012,3458588,424
245202081,54.1081,54.8447,422,34122,0.038947,0.05,1,3459078,3458656,422
245205001,22.8433,23.1379,422,34184,0.0815788,0.01,1,3459080,3458658,422
245207921,21.1373,21.2552,422,34246,0.0746315,0.01,1,3459100,3458678,422
245210841,31.8549,8.50206,461,34308,0.0598526,0.05,1,3459139,3458678,461
245213761,30.742,25.6008,454,34370,0.065941,0.11,1,3459169,3458715,454
245216681,74.6968,28.2403,528,34432,0.0923764,0.05,1,3459273,3458745,528
245228361,33.5538,39.1374,451,34676,0.0592448,0.05,1,3459395,3458944,451
245231281,36.8215,33.6549,460,34737,0.0536979,0.01,1,3459434,3458974,460
245234201,55.5286,36.262,490,34798,0.0394792,0.05,1,3459502,3459012,490
245237121,23.4114,54.1048,426,34859,0.0337917,0.11,1,3459504,3459078,426
245240041,21.3646,22.8419,444,34920,0.0435167,0.07,1,3459524,3459080,444
245242961,31.9458,21.1368,463,34981,0.0594067,0.05,1,3459563,3459100,463
245245881,30.7783,31.8547,454,35041,0.0897627,0.07,1,3459593,3459139,454
245260481,32.3657,38.8846,452,35341,0.213703,0.03,1,3459817,3459365,452
245263401,35.7463,33.5538,460,35401,0.223481,0.05,1,3459855,3459395,460
245266321,56.2985,36.8215,491,35461,0.203393,0.03,1,3459925,3459434,491
245272161,21.4878,23.4114,443,35581,0.204143,0.05,1,3459947,3459504,443
245275081,32.5951,21.3646,463,35640,0.219657,0.07,1,3459987,3459524,463
245278001,14.238,31.9458,426,35699,0.237863,0.11,1,3459989,3459563,426
245280921,24.2952,30.7783,427,35758,0.293145,0.15,1,3460020,3459593,427
245292601,37.4476,35.9143,433,35994,0.402784,0.23,1,3460220,3459787,433
245295521,32.979,32.3657,433,36053,0.431114,0.23,1,3460250,3459817,433
245298441,34.7916,35.7463,431,36112,0.442446,0.19,1,3460286,3459855,431
245301361,56.5166,56.2985,432,36171,0.434978,0.19,1,3460357,3459925,432
245304281,23.8067,23.7194,432,36229,0.431991,0.21,1,3460359,3459927,432
245307201,22.1227,21.4878,433,36287,0.442797,0.23,1,3460380,3459947,433
245371441,58.1558,34.9591,525,37548,0.772158,0.65,2,3461253,3460728,525
245374361,24.4623,57.1836,455,37604,0.782863,0.65,2,3461255,3460800,455
245377281,21.7849,24.0734,473,37660,0.787145,0.67,2,3461275,3460802,473
245380201,34.514,22.2294,495,37716,0.788858,0.65,2,3461318,3460823,495
245383121,15.0056,34.0918,455,37772,0.789543,0.65,2,3461320,3460865,455
245386041,25.8022,14.8367,486,37828,0.777817,0.65,2,3461353,3460867,486
245388961,79.3209,25.1347,569,37884,0.833127,0.67,2,3461468,3460899,569
245391881,51.5284,78.4539,488,37940,0.843251,0.69,2,3461501,3461013,488
245394801,32.0113,51.1815,474,37996,0.8713,0.69,2,3461520,3461046,474
245397721,42.2045,31.2726,505,38052,0.85852,0.67,2,3461569,3461064,505
245400641,36.6818,41.309,490,38108,0.889408,0.73,2,3461602,3461112,490
245555401,33.2263,33.3558,526,40942,0.830992,1,2,3463558,3463032,526
245564161,36.1105,40.2228,508,41096,0.448943,1,1,3463675,3463167,508
245570001,28.8177,28.6356,507,41198,0.202631,1,1,3463732,3463225,507
245572921,30.7271,27.6543,512,41249,0.0870524,1,1,3463764,3463252,512
245575841,61.4908,29.0617,564,41300,0.088821,1,1,3463846,3463282,564
245578761,37.7963,61.4247,503,41351,0.0895284,1,1,3463868,3463365,503
245581681,34.3185,44.9699,501,41402,0.0538113,1,1,3463900,3463399,501
245584601,30.5274,36.5879,498,41453,0.0395245,0.88,1,3463928,3463430,498
245587521,29.011,32.0352,497,41504,0.0338098,0.9,1,3463956,3463459,497
245590441,12.8044,31.4141,468,41555,0.0315239,0.93,1,3463958,3463490,468
245593361,23.1218,33.5656,463,41606,0.0306096,0.77,1,3463988,3463525,463
245596281,26.0487,33.2263,458,41657,0.0182438,0.61,1,3464016,3463558,458
245599201,32.0195,39.6905,450,41708,0.0492975,0.53,1,3464052,3463602,450
245602121,30.8078,39.2762,441,41759,0.049719,0.35,1,3464082,3463641,441
245605041,29.7231,36.1105,436,41810,0.0738876,0.27,1,3464111,3463675,436
245607961,28.6892,33.0442,433,41860,0.095555,0.11,1,3464139,3463706,433
245616721,60.1801,61.4908,423,42010,0.0629955,0.09,1,3464269,3463846,423
245619641,39.672,37.7963,427,42060,0.0791982,0.03,1,3464295,3463868,427
245625481,29.2675,30.5274,422,42160,0.0498717,0.03,1,3464350,3463928,422
245628401,30.307,29.011,425,42210,0.0619487,0.03,1,3464381,3463956,425
245631321,13.3228,12.8044,425,42260,0.0667795,0.03,1,3464383,3463958,425
245634241,21.5291,23.1218,422,42310,0.0807118,0.01,1,3464410,3463988,422
245637161,25.4116,26.0487,422,42360,0.0322847,0.07,1,3464438,3464016,422
245640081,31.7647,32.0195,422,42410,0.0669139,0.05,1,3464474,3464052,422
245643001,31.3059,30.8078,423,42460,0.0687656,0.09,1,3464505,3464082,423
245645921,30.5223,29.7231,424,42510,0.0935062,0.11,1,3464535,3464111,424
245657601,59.1734,60.1801,422,42709,0.0859618,0.09,1,3464691,3464269,422
245660521,40.4693,39.672,424,42758,0.0403847,0.13,1,3464719,3464295,424
245663441,32.9877,32.6688,424,42807,0.0701539,0.01,1,3464747,3464323,424
245666361,28.7951,29.2675,423,42856,0.0340616,0.07,1,3464773,3464350,423
245669281,30.118,30.307,423,42905,0.0196246,0.07,1,3464804,3464381,423
245672201,13.2472,13.3228,423,42954,0.0138498,0.09,1,3464806,3464383,423
245675121,22.0989,21.5291,424,43003,0.0235399,0.09,1,3464834,3464410,424
245678041,23.8396,8.61165,449,43052,0.027416,0,1,3464859,3464410,449
245680961,33.5358,20.2447,461,43101,0.0289664,0.09,1,3464899,3464438,461
245683881,31.4143,29.6979,455,43150,0.0295866,0.07,1,3464929,3464474,455
245686801,32.3657,30.4791,457,43199,0.0418346,0.11,1,3464962,3464505,457
245689721,30.9463,30.1917,457,43248,0.0467338,0.17,1,3464992,3464535,457
245692641,24.9785,30.0767,448,43297,0.0606935,0.19,1,3465013,3464565,448
245695561,24.3914,24.0307,452,43346,0.0782774,0.17,1,3465037,3464585,452
245704321,33.481,40.466,451,43493,0.0969298,0.09,1,3465170,3464719,451
245707241,27.7924,32.9864,447,43542,0.0927719,0.01,1,3465194,3464747,447
245710161,30.317,28.7946,453,43590,0.0431088,0.01,1,3465226,3464773,453
245713081,13.3268,30.1178,424,43638,0.0232435,0.01,1,3465228,3464804,424
245716001,22.7307,13.2471,451,43686,0.0272974,0.03,1,3465257,3464806,451
245718921,23.4923,22.0989,447,43734,0.028919,0.03,1,3465281,3464834,447
245721841,33.3969,23.8395,462,43782,0.0295676,0.03,1,3465321,3464859,462
245724761,31.9588,33.5358,453,43830,0.053827,0.03,1,3465352,3464899,453
245727681,32.5835,31.4143,456,43878,0.0275308,0.05,1,3465385,3464929,456
245730601,31.0334,32.3657,453,43926,0.0290123,0.05,1,3465415,3464962,453
245733521,26.2134,30.9463,446,43974,0.0296049,0.07,1,3465438,3464992,446
245736441,25.4853,24.9785,450,44022,0.053842,0.09,1,3465463,3465013,450
245739361,54.5941,24.3914,500,44070,0.0995368,0.17,1,3465537,3465037,500
245780241,26.3341,25.4853,425,44736,0.226089,0.13,1,3465888,3465463,425
245783161,55.5336,54.5941,426,44783,0.228435,0.11,1,3465963,3465537,426
245786081,39.6135,38.6377,427,44830,0.241374,0.11,1,3465992,3465565,427
245824041,27.6791,26.3341,432,45440,0.414018,0.23,1,3466320,3465888,432
245826961,57.2717,55.5336,434,45486,0.447607,0.25,1,3466397,3465963,434
245882441,31.5005,28.856,482,46360,0.773095,0.59,2,3466966,3466484,482
245885361,13.8002,30.7424,452,46405,0.783238,0.63,2,3466968,3466516,452
245888281,22.3201,13.497,478,46450,0.799295,0.59,2,3466996,3466518,478
245891201,23.928,22.1988,475,46495,0.793718,0.61,2,3467021,3466546,475
245894121,33.5712,23.2795,491,46540,0.791487,0.63,2,3467061,3466570,491
245897041,14.6285,33.9118,452,46585,0.790595,0.63,2,3467063,3466611,452
245899961,23.8514,14.7647,480,46630,0.790238,0.59,2,3467093,3466613,480
245902881,31.1406,23.9059,486,46675,0.826095,0.61,2,3467129,3466643,486
245905801,30.4562,29.9624,482,46720,0.828438,0.63,2,3467159,3466677,482
245908721,26.5825,29.9849,476,46765,0.829375,0.63,2,3467183,3466707,476
245911641,28.633,26.394,482,46810,0.82975,0.61,2,3467213,3466731,482
245914561,58.2532,29.1576,529,46855,0.8179,0.63,2,3467291,3466762,529
245917481,43.7013,57.863,486,46900,0.82516,0.61,2,3467325,3466839,486
245920401,42.6805,42.9452,495,46945,0.816064,0.73,2,3467367,3466872,495
245923321,33.2722,39.3781,485,46990,0.824426,0.79,2,3467394,3466909,485
245926241,33.1089,30.7512,493,47035,0.85177,0.79,2,3467427,3466934,493
245929161,14.4436,31.5005,463,47080,0.838708,0.79,2,3467429,3466966,463
245932081,22.5774,13.8002,489,47125,0.869483,0.81,2,3467457,3466968,489
245935001,23.431,22.3201,485,47170,0.881793,0.79,2,3467481,3466996,485
245937921,33.3724,23.928,500,47215,0.886717,0.79,2,3467521,3467021,500
245940841,14.549,33.5712,462,47260,0.888687,0.79,2,3467523,3467061,462
246107281,40.9479,37.302,518,49738,0.892,1,2,3469243,3468725,518
246116041,32.6687,28.3553,511,49864,0.870448,1,2,3469340,3468829,511
246118961,31.0675,28.1421,513,49906,0.786179,1,2,3469370,3468857,513
246127721,32.2043,24.8411,524,50032,0.448475,1,1,3469462,3468938,524
246130641,31.4817,18.9364,540,50074,0.29339,1,1,3469493,3468953,540
246189041,114.839,104.292,457,23451,0.062217,0.07,1,3470135,3469678,457
246191961,78.9355,84.9168,440,23541,0.0428868,0.03,1,3470190,3469750,440
246194881,75.3742,78.3667,439,23631,0.0351547,0.01,1,3470263,3469824,439
246197801,63.1497,58.3467,449,23721,0.0560619,0.03,1,3470318,3469869,449
246200721,42.6599,55.7387,424,23810,0.0284248,0.05,1,3470347,3469923,424
246203641,33.2639,28.8955,440,23899,0.0293699,0.09,1,3470374,3469934,440
246206561,45.7056,28.3582,466,23988,0.053748,0.01,1,3470428,3469962,466
246209481,51.2822,52.7433,452,24076,0.0514992,0.03,1,3470483,3470031,452
246212401,64.9129,83.4973,422,24164,0.0625997,0.03,1,3470557,3470135,422
246215321,60.7652,66.3989,425,24252,0.0250399,0.03,1,3470615,3470190,425
246218241,66.9061,70.3596,423,24339,0.0160159,0.07,1,3470686,3470263,423
246221161,59.7624,61.1438,423,24426,0.0244064,0.01,1,3470741,3470318,423
246224081,40.705,41.8575,422,24513,0.0157626,0.03,1,3470769,3470347,422
246227001,34.282,32.943,425,24599,0.012305,0.07,1,3470799,3470374,425
246229921,46.1128,45.5772,425,24685,0.034922,0.05,1,3470853,3470428,425
246232841,51.4451,51.2309,425,24771,0.0919688,0.07,1,3470908,3470483,425
246235761,63.778,64.8924,423,24857,0.0907875,0,1,3470980,3470557,423
246238681,59.7112,60.7569,422,24942,0.036315,0.01,1,3471037,3470615,422
246241601,66.4845,66.9028,422,25027,0.032526,0.03,1,3471108,3470686,422
246244521,61.3938,59.7611,425,25112,0.0430104,0.01,1,3471166,3470741,425
246247441,39.5575,40.7044,422,25196,0.0232042,0.01,1,3471191,3470769,422
246250361,34.423,34.2818,423,25280,0.0272817,0.05,1,3471222,3470799,423
246253281,47.9692,46.1127,426,25364,0.0289127,0.13,1,3471279,3470853,426
246256201,52.1877,51.4451,426,25448,0.0535651,0.13,1,3471334,3470908,426
246259121,63.4751,20.578,497,25531,0.039426,0.09,1,3471405,3470908,497
246262041,57.19,51.4312,478,25614,0.0217704,0,1,3471458,3470980,478
246264961,65.476,54.7725,492,25697,0.0387082,0.03,1,3471529,3471037,492
246267881,60.9904,64.509,479,25779,0.0934833,0.05,1,3471587,3471108,479
246276641,47.9434,34.2966,478,26025,0.0868629,0.03,1,3471700,3471222,478
246279561,52.7774,47.9186,477,26106,0.0767452,0.07,1,3471756,3471279,477
246282481,63.7109,52.1675,493,26187,0.0726981,0.03,1,3471827,3471334,493
246285401,57.8844,63.467,476,26268,0.0710792,0.01,1,3471881,3471405,476
246288321,67.5538,57.1868,497,26349,0.0704317,0.05,1,3471955,3471458,497
246291241,62.4215,65.4747,485,26429,0.0941727,0.13,1,3472014,3471529,485
246294161,38.7686,60.9899,450,26509,0.0916691,0.13,1,3472037,3471587,450
246305841,64.1845,52.7773,496,26827,0.204571,0.07,1,3472252,3471756,496
246308761,56.2738,63.7109,476,26906,0.231828,0.07,1,3472303,3471827,476
246311681,23.7095,57.8844,424,26985,0.242731,0.07,1,3472305,3471881,424
246314601,54.4838,67.5538,425,27063,0.283093,0.11,1,3472380,3471955,425
246320441,36.5574,38.7686,426,27219,0.406495,0.11,1,3472463,3472037,426
246323361,33.223,33.5074,427,27297,0.444598,0.15,1,3472494,3472067,427
246373001,38.5466,58.5518,479,28587,0.772988,0.67,2,3473361,3472882,479
246375921,35.8186,37.8207,489,28661,0.759195,0.71,2,3473395,3472906,489
246378841,49.7275,34.9283,515,28735,0.777678,0.73,2,3473454,3472939,515
246381761,57.691,48.7713,520,28809,0.773071,0.75,2,3473517,3472997,520
246384681,69.8764,57.9085,534,28882,0.783229,0.75,2,3473595,3473061,534
246387601,59.1506,68.7634,510,28955,0.799291,0.75,2,3473647,3473137,510
246390521,24.8602,59.9054,458,29028,0.805717,0.75,2,3473649,3473191,458
246393441,57.9441,25.1621,536,29101,0.832287,0.69,2,3473729,3473193,536
246396361,63.9776,58.6649,523,29174,0.818915,0.77,2,3473797,3473274,523
246399281,38.7911,61.8659,481,29247,0.825566,0.79,2,3473819,3473338,481
246402201,35.9164,38.5464,492,29319,0.840226,0.75,2,3473853,3473361,492
246405121,50.9666,35.8186,519,29391,0.858091,0.79,2,3473914,3473395,519
246408041,57.5866,49.7274,522,29463,0.877236,0.77,2,3473976,3473454,522
246498561,69.6247,61.9209,545,31613,0.764552,1,2,3475473,3474928,545
246504401,51.9399,62.5873,515,31747,0.430728,0.98,1,3475577,3475062,515
246513161,46.5242,58.8456,513,31947,0.0638066,1,1,3475733,3475220,513
246516081,31.8097,40.9382,506,32013,0.0795226,1,1,3475755,3475249,506
246519001,34.3239,36.7753,508,32079,0.0738091,1,1,3475791,3475283,508
246521921,25.7295,31.5101,500,32145,0.0595236,0.86,1,3475811,3475311,500
246524841,36.0918,26.404,520,32211,0.0778094,0.9,1,3475854,3475334,520
246527761,59.4367,40.5616,545,32277,0.0611238,0.67,1,3475929,3475384,545
246530681,54.3747,69.6246,507,32343,0.0664495,0.51,1,3475980,3475473,507
246533601,43.3499,63.8499,483,32408,0.0445798,0.31,1,3476016,3475533,483
246545281,30.8602,46.5242,445,32668,0.0976692,0.09,1,3476178,3475733,445
246548201,34.5441,31.8097,460,32733,0.0930677,0.07,1,3476215,3475755,460
246551121,15.0176,34.3239,426,32798,0.0912271,0.05,1,3476217,3475791,426
246562801,53.9381,54.3747,426,33054,0.225967,0.03,1,3476406,3475980,426
246565721,43.1752,43.3499,426,33118,0.288387,0.17,1,3476442,3476016,426
246583241,15.3786,15.0176,426,33499,0.414551,0.13,1,3476643,3476217,426
246589081,34.5006,33.3628,429,33625,0.413128,0.21,1,3476709,3476280,429
246592001,60.6002,58.3451,432,33688,0.435251,0.25,1,3476787,3476355,432
246665001,45.5674,45.8565,496,35224,0.761028,0.59,2,3477819,3477323,496
246667921,59.027,45.3426,519,35284,0.754411,0.57,2,3477887,3477368,519
246670841,41.6108,60.137,479,35344,0.775765,0.59,2,3477917,3477438,479
246673761,31.0443,40.8548,475,35404,0.796306,0.61,2,3477941,3477466,475
246676681,35.8177,30.7419,490,35464,0.792522,0.63,2,3477980,3477490,490
246679601,15.5271,35.0968,454,35524,0.791009,0.63,2,3477982,3477528,454
246682521,19.4108,15.2387,474,35584,0.790404,0.65,2,3478004,3477530,474
246685441,37.7643,18.0955,504,35643,0.814161,0.71,2,3478054,3477550,504
246688361,16.3057,36.0382,458,35702,0.823665,0.77,2,3478056,3477598,458
246691281,57.5223,63.6153,461,35761,0.875466,0.75,2,3478141,3477680,461
246811001,46.3794,67.5091,501,38110,0.859312,1,2,3479799,3479298,501
246813921,36.5518,43.2036,504,38165,0.793725,1,2,3479829,3479325,504
246860641,26.2869,28.3553,454,39040,0.771886,0.63,2,3480374,3479920,454
246863561,27.3148,28.1421,454,39094,0.794754,0.57,2,3480402,3479948,454
246866481,28.9259,27.4569,457,39148,0.815902,0.59,2,3480432,3479975,457
246869401,37.3704,40.3827,451,39202,0.848361,0.55,2,3480475,3480024,451
246872321,49.1481,51.5531,449,39256,0.873344,0.57,2,3480532,3480083,449
246875241,41.2593,42.8212,448,39310,0.883338,0.57,2,3480568,3480120,448
246878161,17.7037,18.3285,448,39364,0.887335,0.61,2,3480570,3480122,448
247059201,31.836,28.3712,494,42562,0.86242,1,2,3482794,3482300,494
247062121,30.7344,26.9485,498,42612,0.830968,1,2,3482824,3482326,498
247065041,25.4938,30.5794,487,42662,0.782387,1,2,3482846,3482359,487
247076721,35.0926,24.7972,499,42858,0.439021,1,1,3483012,3482513,499
247079641,43.4371,53.1189,476,42907,0.433608,0.91,1,3483061,3482585,476
247114681,38.5614,37.0738,493,43495,0.401603,0.45,1,3483427,3482934,493
247123441,34.5079,43.4367,471,43640,0.402743,0.37,1,3483532,3483061,471
247126361,31.2032,36.5747,468,43688,0.431097,0.39,1,3483561,3483093,468
247132201,31.8725,25.0519,473,43784,0.439776,0.35,1,3483616,3483143,473
247193521,38.668,38.6895,446,44785,0.760937,0.49,2,3484240,3483794,446
247196441,35.2672,34.6758,447,44832,0.766375,0.55,2,3484273,3483826,447
247199361,40.5069,39.0703,449,44879,0.78055,0.57,2,3484317,3483868,449
247202281,31.8028,30.6281,450,44926,0.78622,0.59,2,3484343,3483893,450
247205201,44.5211,43.4513,451,44973,0.812488,0.61,2,3484396,3483945,451
247208121,35.8084,34.7805,452,45020,0.834995,0.61,2,3484426,3483974,452
247211041,32.3234,31.9122,452,45067,0.867998,0.61,2,3484456,3484004,452
247219801,14.8367,14.5704,453,45208,0.894352,0.65,2,3484517,3484064,453
247470921,328.184,360.283,476,21900,0.416848,0.94,1,3487212,3486736,476
247479681,78.9638,86.5861,475,22910,0.0763583,0.27,1,3487425,3486950,475
247482601,68.1855,85.0344,452,23003,0.0965433,0.19,1,3487486,3487034,452
247488441,58.4297,71.8055,436,23187,0.0886469,0.03,1,3487582,3487146,436
247494281,83.9887,41.0089,510,23369,0.0705835,0.03,1,3487722,3487212,510
247497201,77.9955,67.4036,499,23460,0.0822334,0.07,1,3487796,3487297,499
247517641,74.7973,83.8005,424,24085,0.205908,0.09,1,3488146,3487722,424
247520561,75.5189,77.9202,426,24173,0.244363,0.13,1,3488222,3487796,426
247523481,62.6076,62.3681,428,24261,0.283745,0.11,1,3488276,3487848,428
247526401,62.843,63.3472,427,24348,0.287498,0.11,1,3488339,3487912,427
247529321,43.1372,42.1389,429,24435,0.264999,0.17,1,3488369,3487940,429
247543921,76.2212,75.5189,433,24866,0.424413,0.31,1,3488655,3488222,433
247590641,80.0457,77.9621,531,26196,0.752569,0.61,2,3489550,3489019,531
247593561,66.2183,79.1848,508,26277,0.751027,0.59,2,3489607,3489099,508
247596481,64.2873,65.8739,514,26358,0.786411,0.61,2,3489670,3489156,514
247599401,44.9149,63.5496,484,26438,0.800564,0.63,2,3489702,3489218,484
247602321,62.966,44.6198,527,26518,0.854226,0.71,2,3489777,3489250,527
247605241,39.5864,59.8479,481,26598,0.87569,0.73,2,3489801,3489320,481
247608161,17.0346,38.3392,459,26678,0.884276,0.73,2,3489803,3489344,459
247707441,54.8135,33.0798,552,29255,0.78472,1,2,3491664,3491112,552
247719121,86.632,72.65,569,29543,0.402025,1,1,3491914,3491345,569
247727881,36.5284,50.5856,501,29757,0.28709,0.99,1,3492035,3491534,501
247739561,34.3191,44.1254,450,30041,0.297413,0.69,1,3492151,3491701,450
247748321,79.3084,86.632,435,30251,0.403274,0.31,1,3492349,3491914,435
247751241,63.5234,64.0528,439,30321,0.44331,0.29,1,3492402,3491963,439
247757081,35.4837,36.5284,435,30461,0.44653,0.31,1,3492470,3492035,435
247809641,66.8138,80.3579,505,31687,0.763845,0.55,2,3493295,3492790,505
247812561,51.9255,66.3431,490,31754,0.815538,0.55,2,3493337,3492847,490
247815481,38.1702,51.7373,477,31821,0.824215,0.59,2,3493366,3492889,477
247818401,35.6681,36.8949,484,31887,0.839686,0.65,2,3493400,3492916,484
247821321,15.4672,34.558,453,31953,0.845874,0.61,2,3493402,3492949,453
247824241,35.5869,15.0232,500,32019,0.86035,0.61,2,3493451,3492951,500
247827161,36.4348,35.4093,488,32085,0.86614,0.65,2,3493488,3493000,488
247830081,34.9739,35.1637,487,32151,0.892456,0.65,2,3493522,3493035,487
248089961,45.4781,43.8438,514,37555,0.779536,1,2,3497356,3496842,514
248110401,59.1729,37.9805,542,37947,0.206268,1,1,3497625,3497083,542
248116241,40.6677,42.6769,515,38059,0.0462029,0.94,1,3497698,3497183,515
248119161,37.2671,40.4708,511,38115,0.0604812,0.89,1,3497733,3497222,511
248122081,37.7068,41.9883,506,38170,0.0541925,0.91,1,3497771,3497265,506
248125001,37.8827,43.1953,500,38225,0.051677,0.69,1,3497809,3497309,500
248127921,36.7531,45.4781,489,38280,0.0626708,0.69,1,3497845,3497356,489
248130841,35.1012,39.1913,488,38335,0.0670683,0.59,1,3497879,3497391,488
248133761,30.8405,38.4765,478,38390,0.0688273,0.49,1,3497907,3497429,478
248136681,20.7362,35.1906,459,38445,0.0935309,0.41,1,3497921,3497462,459
248139601,25.6945,26.0762,468,38500,0.0794124,0.45,1,3497950,3497482,468
248189241,30.1862,28.9442,430,39423,0.211302,0.17,1,3498517,3498087,430
248192161,31.8745,31.9777,429,39477,0.210521,0.11,1,3498550,3498121,429
248198001,35.4599,36.5564,426,39583,0.200483,0.23,1,3498621,3498195,426
248200921,37.584,36.2226,429,39636,0.206193,0.15,1,3498660,3498231,429
248203841,37.8336,38.489,427,39689,0.220477,0.15,1,3498698,3498271,427
248206761,35.5334,35.7956,427,39742,0.202191,0.09,1,3498732,3498305,427
248209681,31.6134,31.7182,427,39795,0.206876,0.15,1,3498761,3498334,427
248218441,30.6073,29.534,430,39954,0.22516,0.19,1,3498839,3498409,430
248221361,55.4429,54.4136,431,40007,0.276064,0.19,1,3498911,3498480,431
248224281,23.3772,22.9654,431,40060,0.296426,0.19,1,3498913,3498482,431
248227201,29.7509,9.18617,465,40113,0.29257,0.23,1,3498947,3498482,465
248230121,31.1003,24.6745,462,40166,0.291028,0.21,1,3498979,3498517,462
248241801,38.4138,37.4429,468,40375,0.411274,0.23,1,3499128,3498660,468
248244721,35.7655,37.7771,464,40427,0.44651,0.19,1,3499162,3498698,464
248297281,58.8997,32.6148,521,41356,0.750925,0.55,2,3499793,3499272,521
248300201,24.7599,56.8459,450,41407,0.76237,0.55,2,3499795,3499345,450
248303121,30.304,23.9384,482,41458,0.766948,0.53,2,3499829,3499347,482
248306041,31.3216,30.5753,479,41509,0.792779,0.53,2,3499861,3499382,479
248308961,13.7286,31.4301,449,41560,0.803112,0.57,2,3499863,3499414,449
248311881,27.0915,33.5721,450,41611,0.843245,0.65,2,3499899,3499449,450
248314801,36.6366,38.0288,452,41662,0.847298,0.61,2,3499942,3499490,452
248317721,38.6546,39.2115,452,41713,0.836919,0.63,2,3499982,3499530,452
248320641,42.4619,40.2846,456,41764,0.856768,0.67,2,3500027,3499571,456
248519201,330.403,348.753,476,20440,0.406,1,1,3502300,3501824,476
248527961,81.0018,84.8642,484,20750,0.096784,0.21,1,3502511,3502027,484
248533801,69.4803,77.4183,455,20954,0.0466854,0.01,1,3502664,3502209,455
248536721,43.9921,59.7673,434,21055,0.0246742,0.09,1,3502691,3502257,434
248539641,37.3968,40.7069,439,21156,0.0158697,0,1,3502724,3502285,439
248542561,68.3587,76.8828,427,21256,0.0243479,0.07,1,3502813,3502386,427
248545481,65.1435,69.7531,425,21356,0.0637392,0.09,1,3502876,3502451,425
248548401,62.0574,63.9012,425,21455,0.0794957,0.13,1,3502936,3502511,425
248557161,43.5717,42.8977,425,21750,0.0850077,0.01,1,3503116,3502691,425
248560081,35.4287,36.9591,422,21848,0.0760031,0.03,1,3503146,3502724,422
248563001,67.5715,68.1836,422,21945,0.0484012,0.09,1,3503235,3502813,422
248565921,64.8286,65.0735,422,22042,0.0613605,0.09,1,3503298,3502876,422
248568841,64.3314,62.0294,426,22138,0.0545442,0.17,1,3503362,3502936,426
248583441,66.124,14.1712,510,22613,0.0924977,0.03,1,3503656,3503146,510
248600961,35.4593,40.4381,457,23170,0.215574,0.11,1,3503995,3503538,457
248603881,66.3837,34.7753,513,23261,0.24823,0.07,1,3504082,3503569,513
248606801,65.5535,66.1101,491,23352,0.261292,0.13,1,3504147,3503656,491
248609721,65.2214,64.844,492,23443,0.266517,0.13,1,3504212,3503720,492
248612641,91.4886,64.9376,536,23533,0.244607,0.15,1,3504321,3503785,536
248615561,66.5954,90.175,479,23623,0.235843,0.19,1,3504371,3503892,479
248618481,40.4382,64.87,454,23713,0.268337,0.21,1,3504394,3503940,454
248636001,85.1834,91.4886,435,24244,0.438055,0.23,1,3504756,3504321,435
248668121,38.2422,36.3637,449,25188,0.784238,0.61,2,3505314,3504865,449
248671041,69.8969,68.5455,450,25272,0.811695,0.65,2,3505405,3504955,450
248673961,67.5588,65.8182,452,25356,0.846678,0.61,2,3505471,3505019,452
248676881,28.2235,27.5273,452,25440,0.860671,0.61,2,3505473,3505021,452
248679801,52.0894,11.0109,520,25523,0.878268,0.65,2,3505541,3505021,520
248808281,90.3945,49.9115,589,28949,0.783368,1,2,3508034,3507445,589
248828721,47.1309,64.6644,510,29457,0.258421,1,1,3508346,3507836,510
248831641,35.6524,50.4658,497,29529,0.265368,0.89,1,3508374,3507877,497
248855001,57.4452,62.3273,433,30098,0.422061,0.23,1,3508742,3508309,433
248910481,52.4441,8.39226,520,31408,0.797911,0.61,2,3509570,3509050,520
248913401,59.3776,44.7569,515,31475,0.829164,0.59,2,3509634,3509119,515
248916321,45.3511,56.9028,486,31542,0.841666,0.61,2,3509670,3509184,486
248919241,37.3404,44.9611,481,31609,0.834666,0.61,2,3509702,3509221,481
248922161,89.3362,36.5844,574,31676,0.855867,0.71,2,3509826,3509252,574
249065241,32.2276,25.7429,531,34798,0.879818,1,2,3511944,3511413,531
249068161,33.891,35.4972,524,34859,0.873927,1,2,3511979,3511455,524
249071081,32.1564,42.9989,507,34920,0.787571,1,2,3512010,3511503,507
249074001,30.2626,37.5995,502,34981,0.765028,1,2,3512039,3511537,502
249167441,29.737,29.4877,450,36866,0.754964,0.61,2,3513303,3512853,450
249170361,30.4948,30.3951,450,36923,0.751986,0.61,2,3513334,3512884,450
249173281,31.3979,30.158,452,36980,0.798794,0.65,2,3513366,3512914,452
249176201,29.3592,28.8632,452,37037,0.805518,0.61,2,3513394,3512942,452
249179121,12.9437,12.7453,452,37094,0.832207,0.65,2,3513396,3512944,452
249182041,25.5775,23.6981,455,37151,0.818883,0.65,2,3513430,3512975,455
249184961,81.631,9.47925,574,37208,0.813553,0.79,2,3513549,3512975,574
249187881,53.0524,73.3917,492,37265,0.835421,0.75,2,3513583,3513091,492
249190801,52.421,49.7567,510,37322,0.844169,0.71,2,3513635,3513125,510
249193721,38.9684,53.5027,484,37379,0.847667,0.71,2,3513665,3513181,484
249196641,35.9874,39.4011,488,37436,0.873067,0.75,2,3513699,3513211,488
249199561,33.5949,34.9604,488,37492,0.895227,0.73,2,3513731,3513243,488
249351401,31.7428,30.2204,524,40318,0.883216,1,2,3515687,3515163,524
249354321,27.0971,32.4882,514,40370,0.815286,1,2,3515711,3515197,514
249368921,50.3588,33.5468,540,40630,0.432179,1,1,3515910,3515370,540
249374761,42.3774,59.4875,504,40734,0.262349,1,1,3516008,3515504,504
249377681,36.151,44.195,502,40786,0.218939,1,1,3516040,3515538,502
249392281,23.7059,31.7428,481,41045,0.0919155,0.77,1,3516168,3515687,481
249395201,27.4823,27.0971,487,41096,0.0547662,0.69,1,3516198,3515711,487
249398121,27.1929,30.6388,481,41147,0.0639065,0.63,1,3516225,3515744,481
249403961,29.4309,38.7422,473,41249,0.083425,0.45,1,3516292,3515819,473
249406881,44.1723,32.8969,498,41300,0.08737,0.39,1,3516346,3515848,498
249430241,24.6061,26.2647,426,41708,0.203461,0.07,1,3516572,3516146,426
249436081,26.737,27.4823,424,41810,0.228154,0.07,1,3516622,3516198,424
249439001,27.4948,27.1929,425,41860,0.265262,0.13,1,3516650,3516225,425
249441921,37.9979,36.0772,428,41910,0.292105,0.07,1,3516695,3516267,428
249465281,18.3007,18.7878,429,42310,0.404709,0.17,1,3516947,3516518,429
249468201,27.1203,25.5151,432,42360,0.419884,0.23,1,3516980,3516548,432
249471121,24.6481,24.6061,431,42410,0.449953,0.19,1,3517003,3516572,431
249567481,29.8816,41.0677,474,44022,0.771309,0.63,2,3518050,3517576,474
249570401,47.3526,29.6271,511,44070,0.806523,0.65,2,3518109,3517598,511
249573321,62.7411,46.6508,526,44118,0.832609,0.65,2,3518182,3517656,526
249576241,44.8964,61.8603,487,44166,0.879044,0.69,2,3518215,3517728,487
249779181,341.209,349.631,509,20440,0.826,1,2,3520391,3519882,509
249782101,163.484,173.452,498,21270,0.7564,1,2,3520436,3519938,498
249796701,43.4264,71.6872,461,21764,0.760414,0.73,2,3520818,3520357,461
249799621,32.9706,36.4749,474,21861,0.766166,0.71,2,3520844,3520370,474
249802541,40.7882,54.19,454,21958,0.816466,0.73,2,3520890,3520436,454
249901821,74.2113,76.8981,488,25032,0.76168,1,2,3523169,3522681,488
249916421,95.5215,105.801,474,25453,0.407572,1,1,3523446,3522972,474
249945621,62.6092,69.392,495,26273,0.428058,0.29,1,3523993,3523498,495
249980661,33.2398,34.967,450,27224,0.764201,0.59,2,3524569,3524119,450
249983581,33.0959,33.1868,451,27302,0.76768,0.61,2,3524602,3524151,451
249986501,40.8384,39.0747,454,27380,0.793072,0.67,2,3524648,3524194,454
249989421,91.3353,89.4299,456,27457,0.839229,0.69,2,3524773,3524317,456
249992341,72.5341,70.572,458,27534,0.857692,0.69,2,3524833,3524375,458
250120821,27.1143,25.7343,499,30733,0.839344,1,2,3526985,3526486,499
250132501,59.8061,58.6524,479,31008,0.227551,1,1,3527264,3526785,479
250138341,50.849,49.4644,481,31144,0.0676082,0.96,1,3527352,3526871,481
250141261,35.9396,40.7858,472,31212,0.0690433,0.88,1,3527378,3526906,472
250144181,32.3758,33.7143,473,31280,0.0936173,0.88,1,3527408,3526935,473
250147101,22.5503,13.4857,489,31348,0.0674469,0.91,1,3527424,3526935,489
250150021,19.2201,19.1943,483,31415,0.0449788,0.79,1,3527441,3526958,483
250152941,28.6881,23.8777,491,31482,0.0239915,0.61,1,3527476,3526985,491
250155861,72.0752,33.5511,552,31549,0.0755966,0.39,1,3527577,3527025,552
250158781,71.4301,80.0204,512,31616,0.0842386,0.23,1,3527648,3527136,512
250161701,50.772,81.8082,466,31683,0.0876955,0.15,1,3527685,3527219,466
250164621,40.7088,59.7233,455,31750,0.0890782,0.13,1,3527719,3527264,455
250167541,51.0835,43.0893,481,31817,0.0416313,0,1,3527777,3527296,481
250170461,35.4334,50.8357,450,31883,0.0466525,0.07,1,3527802,3527352,450
250173381,31.5734,35.9343,453,31949,0.084661,0.11,1,3527831,3527378,453
250176301,22.2293,32.3737,439,32015,0.0998644,0.05,1,3527847,3527408,439
250187981,73.0635,72.0752,497,32279,0.211789,0.09,1,3528074,3527577,497
250190901,50.8254,71.4301,462,32345,0.234715,0.09,1,3528110,3527648,462
250193821,40.7302,50.772,459,32410,0.255886,0.09,1,3528144,3527685,459
250196741,48.6921,40.7088,479,32475,0.216354,0.01,1,3528198,3527719,479
250199661,36.2768,51.0835,449,32540,0.236542,0.05,1,3528226,3527777,449
250202581,33.1107,35.4334,455,32605,0.268617,0.11,1,3528257,3527802,455
250205501,23.4443,31.5734,443,32670,0.293447,0.11,1,3528274,3527831,443
250223021,51.7264,50.8254,434,33056,0.406508,0.27,1,3528544,3528110,434
250316461,78.6999,77.9726,534,35046,0.83116,0.69,2,3529857,3529323,534
250319381,54.28,78.589,493,35106,0.866464,0.67,2,3529895,3529402,493
250433261,37.9332,50.2331,502,37383,0.898125,1,2,3531445,3530943,502
250436181,36.1733,36.8933,509,37440,0.86925,1,2,3531480,3530971,509
250439101,30.6693,35.1573,502,37496,0.7737,1,2,3531507,3531005,502
250450781,51.9963,27.2424,559,37720,0.439087,1,1,3531665,3531106,559
250456621,53.0794,37.4788,543,37832,0.246654,0.93,1,3531757,3531214,543
250482901,29.0028,30.2271,483,38332,0.0772604,0.49,1,3532049,3531566,483
250485821,43.4011,32.4908,502,38387,0.0849041,0.37,1,3532102,3531600,502
250488741,31.7604,51.9963,461,38442,0.0999617,0.31,1,3532126,3531665,461
250497501,34.3367,41.6318,457,38607,0.0848775,0.13,1,3532248,3531791,457
250500421,14.9347,35.8527,427,38662,0.063951,0.13,1,3532250,3531823,427
250520861,28.3663,29.0028,425,39042,0.201867,0.09,1,3532474,3532049,425
250523781,42.5465,43.4011,424,39096,0.218747,0.11,1,3532526,3532102,424
250526701,33.2186,31.7604,427,39150,0.213499,0.13,1,3532553,3532126,427
250529621,49.2874,48.1042,428,39204,0.2474,0.15,1,3532613,3532185,428
250532541,37.715,37.8417,427,39258,0.24896,0.05,1,3532643,3532216,427
250535461,33.686,34.3367,426,39312,0.273584,0.05,1,3532674,3532248,426
250538381,14.6744,14.9347,426,39366,0.283434,0.17,1,3532676,3532250,426
250541301,46.0698,43.1739,431,39420,0.275373,0.21,1,3532743,3532312,431
250544221,32.8279,32.2695,430,39474,0.248149,0.19,1,3532767,3532337,430
250547141,31.1312,30.3078,431,39528,0.27326,0.19,1,3532797,3532366,431
250550061,26.8525,27.7231,429,39581,0.295304,0.19,1,3532821,3532392,429
250561741,43.081,42.5465,433,39793,0.412824,0.21,1,3532959,3532526,433
250564661,32.8324,33.2186,432,39846,0.41113,0.27,1,3532985,3532553,432
250567581,49.733,49.2874,433,39899,0.422452,0.25,1,3533046,3532613,433
250570501,38.4932,37.715,434,39952,0.414981,0.29,1,3533077,3532643,434
250573421,33.9973,33.686,434,40005,0.411992,0.29,1,3533108,3532674,434
250576341,14.7989,14.6744,434,40058,0.434797,0.29,1,3533110,3532676,434
250579261,44.9196,5.86976,499,40111,0.407919,0.27,1,3533175,3532676,499
250588021,27.1149,30.5677,458,40270,0.415147,0.31,1,3533255,3532797,458
250637661,44.828,31.9514,498,41151,0.768843,0.47,2,3533845,3533347,498
250640581,33.5312,44.5805,471,41202,0.781537,0.49,2,3533871,3533400,471
250643501,51.8125,33.4322,509,41253,0.762615,0.53,2,3533935,3533426,509
250646421,38.725,50.5729,477,41304,0.767046,0.53,2,3533965,3533488,477
250649341,34.69,38.2292,479,41355,0.768818,0.55,2,3533997,3533518,479
250652261,15.076,33.8917,450,41406,0.769527,0.55,2,3533999,3533549,450
250655181,45.0304,14.7567,513,41457,0.781811,0.57,2,3534064,3533551,513
250658101,32.4122,44.3027,473,41508,0.786724,0.55,2,3534088,3533615,473
250661021,14.1649,32.7211,450,41559,0.78869,0.61,2,3534090,3533640,450
250663941,26.6659,32.8884,452,41610,0.837476,0.61,2,3534125,3533673,452
250666861,26.8664,28.1554,454,41661,0.84499,0.69,2,3534152,3533698,454
250669781,28.7466,28.0621,456,41712,0.883996,0.71,2,3534182,3533726,456
250920901,27.3083,24.4365,506,45857,0.89128,1,2,3537073,3536567,506
250923821,22.9233,24.7746,501,45903,0.866512,1,2,3537093,3536592,501
250938421,33.9461,39.0147,533,46133,0.430937,1,1,3537262,3536729,533
250947181,35.6286,46.6089,512,46271,0.2635,1,1,3537366,3536854,512
250950101,35.8514,45.0436,504,46317,0.2554,1,1,3537402,3536898,504
250953021,37.1406,37.2174,510,46363,0.20416,1,1,3537440,3536930,510
250958861,25.2625,27.3148,500,46453,0.0818656,0.98,1,3537486,3536986,500
250961781,28.105,28.9259,500,46498,0.0507462,0.93,1,3537516,3537016,500
250964701,22.642,30.7704,487,46543,0.0382985,0.85,1,3537535,3537048,487
250967621,19.8568,27.3081,480,46588,0.0333194,0.85,1,3537553,3537073,480
250970541,24.7427,22.9233,488,46633,0.0433278,0.65,1,3537581,3537093,488
250973461,28.4971,30.7693,483,46678,0.0173311,0.65,1,3537612,3537129,483
250976381,28.1988,33.9077,475,46723,0.0249324,0.67,1,3537640,3537165,475
250979301,28.0795,32.1631,472,46768,0.027973,0.37,1,3537668,3537196,472
250982221,29.8318,30.8652,473,46813,0.0111892,0.39,1,3537699,3537226,473
250985141,26.3327,33.9461,461,46858,0.0344757,0.37,1,3537723,3537262,461
250988061,38.7331,29.1784,482,46903,0.0557903,0.31,1,3537770,3537288,482
250990981,33.4932,38.0714,468,46948,0.0523161,0.21,1,3537800,3537332,468
250993901,34.3973,35.6286,469,46993,0.0749264,0.25,1,3537835,3537366,469
250996821,33.5589,35.8514,466,47038,0.0839706,0.17,1,3537868,3537402,466
251005581,27.3718,25.2625,452,47173,0.0718541,0.03,1,3537938,3537486,452
251008501,22.9487,28.105,442,47218,0.0707416,0.03,1,3537958,3537516,442
251011421,19.3795,22.642,440,47263,0.0582967,0.03,1,3537975,3537535,440
251014341,25.1518,19.8568,451,47308,0.0413187,0.05,1,3538004,3537553,451
251017261,28.0607,24.7427,453,47353,0.0465275,0,1,3538034,3537581,453
251020181,12.4243,28.4971,424,47398,0.024611,0.03,1,3538036,3537612,424
251023101,21.1697,28.1988,423,47442,0.0158444,0.03,1,3538063,3537640,423
251026021,26.4679,28.0795,425,47486,0.0483378,0,1,3538093,3537668,425
251028941,27.9872,29.8318,423,47530,0.0493351,0.05,1,3538122,3537699,423
251031861,24.9949,26.3327,422,47574,0.061734,0.07,1,3538145,3537723,422
251034781,39.9979,38.7331,425,47618,0.0306936,0.05,1,3538195,3537770,425
251037701,33.3992,33.4932,424,47662,0.0422774,0.09,1,3538224,3537800,424
251040621,34.9597,34.3973,425,47706,0.058911,0.09,1,3538260,3537835,425
251043541,34.9839,33.5589,427,47750,0.0895644,0.13,1,3538295,3537868,427
251063981,28.574,28.0607,424,48058,0.0909385,0.01,1,3538458,3538034,424
251069821,20.0518,21.1697,422,48146,0.0997502,0.07,1,3538485,3538063,422
251072741,27.8207,26.4679,425,48190,0.0699001,0.05,1,3538518,3538093,425
251075661,26.7283,27.9872,422,48234,0.09396,0.07,1,3538544,3538122,422
251081501,40.0365,39.9979,423,48322,0.0594336,0.05,1,3538618,3538195,423
251084421,32.8146,33.3992,422,48366,0.0657734,0.07,1,3538646,3538224,422
251087341,37.1258,34.9597,426,48410,0.0803094,0.11,1,3538686,3538260,426
251090261,36.4503,34.9839,427,48454,0.0981238,0.13,1,3538722,3538295,427
251107781,24.7764,24.9349,426,48712,0.205748,0.07,1,3538853,3538427,426
251110701,29.1105,28.574,427,48755,0.220299,0.13,1,3538885,3538458,427
251113621,12.8442,12.6296,427,48798,0.22612,0.09,1,3538887,3538460,427
251116541,18.3377,20.0518,424,48841,0.252448,0.09,1,3538909,3538485,424
251119461,27.1351,8.02073,457,48884,0.226979,0.05,1,3538942,3538485,457
251122381,26.454,23.0083,450,48927,0.216792,0.11,1,3538968,3538518,450
251125301,24.9816,24.8033,448,48970,0.212717,0.11,1,3538992,3538544,448
251128221,38.1926,24.3213,471,49013,0.235087,0.03,1,3539039,3538568,471
251134061,37.9108,32.6914,464,49099,0.216414,0.09,1,3539110,3538646,464
251136981,38.5643,37.0766,463,49142,0.272566,0.11,1,3539149,3538686,463
251139901,26.2257,36.4306,445,49185,0.271026,0.13,1,3539167,3538722,445
251142821,21.2903,25.3722,445,49228,0.282411,0.17,1,3539185,3538740,445
251145741,27.7161,20.9489,459,49271,0.286964,0.19,1,3539217,3538758,459
251177861,33.863,38.1926,462,49741,0.411045,0.17,1,3539501,3539039,462
251180781,38.1452,33.2771,473,49783,0.434418,0.23,1,3539542,3539069,473
251239181,23.174,22.0973,448,50623,0.761434,0.57,2,3540068,3539620,448
251245021,23.1478,22.4956,450,50707,0.77103,0.57,2,3540122,3539672,450
251247941,21.2591,20.9982,450,50749,0.758412,0.57,2,3540142,3539692,450
251250861,25.9037,25.7993,450,50791,0.765365,0.57,2,3540171,3539721,450
251253781,30.1615,30.1197,450,50832,0.768146,0.57,2,3540204,3539754,450
251259621,19.1058,18.4992,451,50914,0.772103,0.61,2,3540229,3539778,451
251262541,27.4423,26.5997,452,50955,0.770841,0.61,2,3540262,3539810,452
251265461,26.5769,26.2399,452,50996,0.794337,0.61,2,3540288,3539836,452
251268381,11.8308,11.6959,452,51037,0.803735,0.63,2,3540290,3539838,452
251271301,20.3323,19.6784,453,51078,0.807494,0.65,2,3540316,3539863,453
251274221,38.1329,37.2714,454,51119,0.820998,0.65,2,3540366,3539912,454
251277141,34.4532,34.1085,454,51160,0.838399,0.73,2,3540398,3539944,454
251280061,40.1813,38.8434,456,51201,0.82136,0.73,2,3540442,3539986,456
251282981,43.0725,41.3374,458,51242,0.838544,0.77,2,3540487,3540029,458
251285901,28.629,27.9349,458,51283,0.833418,0.77,2,3540506,3540048,458
251288821,23.4516,23.174,458,51324,0.867367,0.73,2,3540526,3540068,458
251291741,30.9806,30.8696,458,51365,0.868947,0.79,2,3540562,3540104,458
251294661,23.7923,23.1478,459,51406,0.857579,0.75,2,3540581,3540122,459
251297581,21.5169,21.2591,459,51447,0.865031,0.77,2,3540601,3540142,459
251300501,25.4068,25.9037,458,51488,0.880013,0.77,2,3540629,3540171,458
251490301,28.862,33.2856,488,54081,0.891232,1,2,3542416,3541928,488
251496141,32.6979,29.3257,499,54159,0.890197,1,2,3542482,3541983,499
251499061,31.0792,24.3303,508,54198,0.812079,1,2,3542512,3542004,508
251501981,29.2317,19.9321,519,54237,0.786831,1,2,3542540,3542021,519
251504901,24.8927,25.9728,511,54276,0.764733,1,2,3542562,3542051,511
251573521,57.5727,64.5917,450,25880,0.0745989,0.03,1,3543288,3542838,450
251576441,53.6291,57.0367,449,25962,0.0598395,0.05,1,3543339,3542890,449
251579361,55.6516,56.4147,450,26044,0.0299358,0.05,1,3543396,3542946,450
251582281,52.8606,67.5659,426,26125,0.0299743,0.09,1,3543447,3543021,426
251585201,36.7443,33.0263,442,26206,0.0299897,0.05,1,3543473,3543031,442
251588121,63.8977,32.4105,492,26287,0.0779959,0.05,1,3543555,3543063,492
251596881,50.1695,54.1303,471,26528,0.202512,0.05,1,3543711,3543240,471
251599801,50.6678,50.4521,474,26608,0.243005,0.05,1,3543762,3543288,474
251614401,57.9364,63.8248,428,27004,0.21126,0.17,1,3543983,3543555,428
251623161,50.3399,50.1648,433,27238,0.203361,0.27,1,3544144,3543711,433
251626081,51.936,50.6659,435,27316,0.243344,0.17,1,3544197,3543762,435
251629001,50.7744,53.2664,430,27394,0.271338,0.15,1,3544247,3543817,430
251631921,50.9098,52.5065,429,27471,0.282535,0.15,1,3544298,3543869,429
251634841,36.5639,36.6026,430,27548,0.287014,0.15,1,3544325,3543895,430
251637761,15.8256,15.841,430,27625,0.288806,0.25,1,3544327,3543897,430
251652361,52.7681,51.936,433,28006,0.433047,0.29,1,3544630,3544197,433
251702001,52.7858,58.9272,496,29265,0.786526,0.57,2,3545465,3544969,496
251704921,54.7143,51.7709,505,29337,0.81261,0.57,2,3545521,3545016,505
251707841,54.8857,54.3083,504,29409,0.859044,0.57,2,3545576,3545072,504
251710761,51.9543,54.1233,500,29481,0.877618,0.59,2,3545626,3545126,500
251713681,37.5817,51.6493,478,29553,0.897047,0.57,2,3545654,3545176,478
251839241,69.9689,56.6901,552,32489,0.821872,1,2,3547712,3547160,552
251848001,33.902,40.9722,504,32684,0.27364,1,1,3547825,3547321,504
251853841,24.2643,42.1955,479,32814,0.0833824,1,1,3547875,3547396,479
251856761,54.7057,57.6782,486,32878,0.0393529,1,1,3547950,3547464,486
251859681,39.2823,46.4713,476,32942,0.0457412,0.93,1,3547979,3547503,476
251862601,35.5129,35.3885,481,33006,0.0362965,0.91,1,3548012,3547531,481
251865521,29.2052,31.5554,477,33070,0.0325186,0.93,1,3548037,3547560,477
251868441,48.2821,56.4222,465,33134,0.0190074,0.75,1,3548098,3547633,465
251871361,60.1128,69.9689,454,33198,0.037603,0.39,1,3548166,3547712,454
251874281,49.8451,60.3875,443,33262,0.0330412,0.29,1,3548209,3547766,443
251877201,34.3381,42.755,436,33326,0.0552165,0.19,1,3548233,3547797,436
251880121,27.5352,33.902,431,33389,0.0520866,0.09,1,3548256,3547825,431
251883041,24.8141,32.1608,423,33452,0.0748346,0.03,1,3548279,3547856,423
251885961,20.7256,24.2643,422,33515,0.0719339,0.01,1,3548297,3547875,422
251888881,53.2903,54.7057,422,33578,0.0467735,0.05,1,3548372,3547950,422
251891801,38.7161,39.2823,422,33641,0.0487094,0.03,1,3548401,3547979,422
251894721,35.2864,35.5129,422,33704,0.0374838,0.03,1,3548434,3548012,422
251897641,29.1146,29.2052,422,33767,0.0329935,0.01,1,3548459,3548037,422
251900561,48.2458,48.2821,422,33830,0.0311974,0.05,1,3548520,3548098,422
251903481,60.6983,60.1128,423,33893,0.042479,0.03,1,3548589,3548166,423
251906401,49.4793,49.8451,422,33955,0.0589916,0.07,1,3548631,3548209,422
251909321,34.7917,34.3381,423,34017,0.0895966,0.05,1,3548656,3548233,423
251912241,27.7167,27.5352,423,34079,0.0898387,0.09,1,3548679,3548256,423
251915161,27.2867,24.8141,427,34141,0.0779355,0.07,1,3548706,3548279,427
251921001,52.1259,53.2903,422,34265,0.0736697,0.03,1,3548794,3548372,422
251923921,37.6503,21.3161,450,34327,0.0474679,0.05,1,3548822,3548372,450
251926841,34.8601,25.9264,454,34389,0.0189871,0.03,1,3548855,3548401,454
251929761,28.9441,30.1706,446,34450,0.0255949,0.03,1,3548880,3548434,446
251932681,48.1776,27.0682,482,34511,0.0282379,0.03,1,3548941,3548459,482
251935601,61.8711,47.4273,492,34572,0.0412952,0.05,1,3549012,3548520,492
251938521,50.5484,60.3709,466,34633,0.0705181,0.07,1,3549055,3548589,466
251941441,35.2194,49.3484,449,34694,0.0702072,0.11,1,3549080,3548631,449
251944361,27.2877,34.7393,446,34755,0.0820829,0.09,1,3549102,3548656,446
251947281,27.7151,27.6957,451,34816,0.0868331,0.07,1,3549130,3548679,451
251950201,20.086,27.2783,439,34877,0.0527333,0.13,1,3549145,3548706,439
251953121,50.0344,19.3113,495,34938,0.0750933,0.05,1,3549215,3548720,495
251956041,38.0138,52.1245,451,34999,0.0360373,0.03,1,3549245,3548794,451
251958961,34.4055,37.6498,455,35059,0.0324149,0,1,3549277,3548822,455
251961881,28.1622,34.8599,446,35119,0.054966,0.03,1,3549301,3548855,446
251964801,47.8649,28.944,482,35179,0.0519864,0.03,1,3549362,3548880,482
251967721,62.946,48.1776,494,35239,0.0387946,0.05,1,3549435,3548941,494
251970641,52.1784,61.871,468,35299,0.0695178,0.09,1,3549480,3549012,468
251973561,35.8714,50.5484,450,35359,0.0818071,0.07,1,3549505,3549055,450
251999841,46.8143,47.8649,423,35893,0.0662626,0.03,1,3549785,3549362,423
252002761,62.5257,62.946,423,35952,0.056505,0.09,1,3549858,3549435,423
252005681,53.8103,52.1784,426,36011,0.040602,0.09,1,3549906,3549480,426
252008601,37.7241,35.8714,428,36070,0.0222408,0.13,1,3549933,3549505,428
252011521,28.2896,27.5485,428,36129,0.0148963,0.13,1,3549955,3549527,428
252014441,26.9159,26.6194,428,36187,0.0239585,0.13,1,3549981,3549553,428
252017361,19.1663,19.0478,428,36245,0.0395834,0.13,1,3549995,3549567,428
252020281,49.6665,49.0191,429,36303,0.0938334,0.15,1,3550065,3549636,429
252031961,21.1723,24.0357,423,36535,0.22085,0.03,1,3550146,3549723,423
252034881,45.0689,46.8143,422,36593,0.20234,0.05,1,3550207,3549785,422
252072841,60.4212,42.8676,500,37337,0.228305,0.17,1,3550707,3550207,500
252075761,51.7685,60.947,473,37394,0.241322,0.13,1,3550753,3550280,473
252078681,36.9074,53.1788,452,37451,0.258529,0.09,1,3550780,3550328,452
252081601,27.963,37.4715,447,37507,0.265411,0.13,1,3550802,3550355,447
252084521,27.9852,28.1886,453,37563,0.280165,0.13,1,3550830,3550377,453
252087441,20.1941,28.0754,440,37619,0.298066,0.09,1,3550845,3550405,440
252107881,61.6955,43.0529,505,38011,0.436071,0.25,1,3551140,3550635,505
252177961,46.7197,46.2194,451,39322,0.755843,0.59,2,3551960,3551509,451
252180881,19.8879,19.6877,451,39376,0.776337,0.61,2,3551962,3551511,451
252183801,52.9552,52.8751,451,39430,0.820535,0.65,2,3552037,3551586,451
252186721,49.9821,49.35,452,39484,0.874214,0.67,2,3552085,3551633,452
252189641,37.9928,37.14,453,39537,0.859686,0.65,2,3552115,3551662,453
252192561,28.9971,28.056,454,39590,0.889874,0.65,2,3552138,3551684,454
252201321,55.1838,55.7236,453,39749,0.896712,0.63,2,3552260,3551807,453
252367761,31.2156,28.9032,489,42672,0.8968,1,2,3554265,3553776,489
252382361,38.0966,42.7654,476,42917,0.861231,1,2,3554448,3553972,476
252385281,45.8386,35.7062,496,42966,0.806492,1,2,3554499,3554003,496
252420321,39.5285,34.8515,511,43553,0.751808,0.95,2,3554879,3554368,511
252423241,35.0114,39.7406,500,43601,0.786723,0.81,2,3554911,3554411,500
252426161,40.4046,38.0962,507,43649,0.800689,0.77,2,3554955,3554448,507
252429081,34.7618,45.8385,487,43697,0.818276,0.67,2,3554986,3554499,487
252432001,31.9047,36.9354,486,43745,0.81331,0.67,2,3555016,3554530,486
252434921,24.7619,33.9742,474,43793,0.811324,0.65,2,3555036,3554562,474
252437841,26.7048,24.9897,483,43841,0.85853,0.63,2,3555064,3554581,483
252440761,23.8819,27.3959,476,43889,0.853412,0.67,2,3555086,3554610,476
252667061,312.761,345.155,470,21900,0.823268,0.91,2,3557549,3557079,470
252669981,182.105,175.862,502,21997,0.815307,0.89,2,3557644,3557142,502
252672901,125.642,130.345,490,22093,0.800123,0.89,2,3557732,3557242,490
252675821,104.257,89.9379,517,22189,0.830049,0.85,2,3557822,3557305,517
252678741,76.5027,87.5752,489,22285,0.86602,0.81,2,3557880,3557391,489
252681661,56.4011,68.6301,476,22380,0.868408,0.75,2,3557923,3557447,476
252684581,53.1604,49.052,491,22475,0.869363,0.77,2,3557974,3557483,491
252693341,84.5943,71.3713,548,22757,0.897319,0.79,2,3558192,3557644,548
252763421,78.9865,89.8609,475,24897,0.8476,1,2,3559719,3559244,475
252775101,41.5933,41.1612,492,25236,0.416115,1,1,3559920,3559428,492
252792621,45.1028,69.9738,477,25736,0.298358,0.45,1,3560269,3559792,477
252804301,41.321,72.8985,458,26064,0.42231,0.33,1,3560472,3560014,458
252807221,49.5284,42.9594,490,26145,0.426924,0.35,1,3560527,3560037,490
252830581,49.4706,41.321,497,26787,0.751148,0.43,2,3560969,3560472,497
252833501,69.5882,49.5284,525,26866,0.750459,0.47,2,3561052,3560527,525
252836421,29.0353,68.4114,446,26945,0.750184,0.57,2,3561054,3560608,446
252839341,54.8141,67.5645,451,27024,0.786073,0.61,2,3561126,3560675,451
252842261,39.9256,44.4258,452,27102,0.800429,0.61,2,3561156,3560704,452
252845181,54.9703,55.5703,454,27180,0.806172,0.67,2,3561221,3560767,454
252848101,40.5881,40.2281,455,27258,0.796469,0.71,2,3561252,3560797,455
252851021,75.6352,73.6913,458,27336,0.792588,0.75,2,3561351,3560893,458
252853941,44.6541,42.6765,460,27413,0.767035,0.77,2,3561375,3560915,460
252856861,50.2616,49.4706,460,27490,0.804814,0.75,2,3561429,3560969,460
252859781,69.3047,69.5882,459,27567,0.831926,0.75,2,3561511,3561052,459
252862701,28.9219,29.0353,459,27644,0.81877,0.81,2,3561513,3561054,459
252865621,56.5687,54.8141,462,27721,0.813508,0.81,2,3561588,3561126,462
252868541,41.2275,39.9256,463,27797,0.871403,0.81,2,3561619,3561156,463
252871461,53.691,54.9703,460,27873,0.870561,0.79,2,3561681,3561221,460
252874381,39.4764,40.5881,459,27949,0.882225,0.79,2,3561711,3561252,459
252991181,55.7464,50.334,499,30834,0.826173,1,2,3563774,3563275,499
253002861,39.7311,45.9669,480,31107,0.40971,0.95,1,3563960,3563480,480
253008701,36.717,45.1547,473,31243,0.210754,1,1,3564037,3563564,473
253014541,31.1947,15.8648,508,31379,0.0757206,0.98,1,3564108,3563600,508
253017461,63.4779,26.1459,560,31446,0.0842882,0.96,1,3564193,3563633,560
253020381,46.9912,68.0584,500,31513,0.0757153,0.73,1,3564229,3563729,500
253023301,36.1965,54.2233,484,31580,0.0602861,0.65,1,3564258,3563774,484
253026221,59.4786,42.6893,524,31647,0.0781144,0.45,1,3564333,3563809,524
253055421,60.9356,36.1964,501,32310,0.212243,0.09,1,3564759,3564258,501
253058341,46.5742,59.4786,463,32375,0.210897,0.15,1,3564796,3564333,463
253061261,34.2297,45.9914,452,32440,0.222359,0.11,1,3564822,3564370,452
253064181,37.0919,33.9966,465,32505,0.274944,0.19,1,3564861,3564396,465
253067101,31.6368,35.7986,456,32570,0.295977,0.15,1,3564889,3564433,456
253075861,62.7688,28.8591,515,32765,0.299023,0.15,1,3565044,3564529,515
253078781,26.3075,63.7436,430,32830,0.293609,0.17,1,3565046,3564616,430
253102141,41.4279,42.0547,436,33342,0.297845,0.31,1,3565374,3564938,436
253105061,28.5712,29.4219,435,33405,0.293138,0.29,1,3565394,3564959,435
253116741,31.1058,30.2492,438,33657,0.41632,0.35,1,3565549,3565111,438
253160541,40.2859,33.8445,490,34587,0.752357,0.57,2,3566182,3565692,490
253166381,42.3257,33.4951,497,34709,0.769577,0.61,2,3566261,3565764,497
253169301,28.9303,40.998,471,34770,0.781831,0.61,2,3566281,3565810,471
253172221,67.9721,28.3992,545,34831,0.810732,0.75,2,3566375,3565830,545
253175141,28.3888,64.7597,458,34892,0.822293,0.75,2,3566377,3565919,458
253178061,32.9555,27.1039,492,34953,0.826917,0.69,2,3566413,3565921,492
253180981,32.3822,33.0415,487,35013,0.840767,0.69,2,3566445,3565958,487
253183901,64.5529,32.4166,541,35073,0.882307,0.71,2,3566531,3565990,541
253353261,33.67,37.3253,502,38410,0.886419,1,2,3568838,3568336,502
253356181,32.668,29.3301,510,38465,0.828567,1,2,3568870,3568360,510
253379541,36.1848,40.6085,474,38903,0.234682,0.95,1,3569132,3568658,474
253385381,42.2696,46.9374,462,39011,0.0795491,0.9,1,3569236,3568774,462
253388301,39.7078,39.1749,466,39065,0.0498196,0.87,1,3569274,3568808,466
253391221,31.4831,33.67,462,39119,0.0259279,0.79,1,3569300,3568838,462
253394141,31.1933,32.668,461,39173,0.0283711,0.65,1,3569331,3568870,461
253397061,33.4773,35.8672,458,39227,0.0653485,0.47,1,3569366,3568908,458
253399981,28.9909,40.7469,440,39281,0.0801394,0.39,1,3569392,3568952,440
253405821,31.1585,33.2795,439,39389,0.0860223,0.35,1,3569453,3569014,439
253420421,53.3168,57.6739,423,39656,0.237434,0.05,1,3569627,3569204,423
253423341,39.9267,42.2696,422,39709,0.256974,0.03,1,3569658,3569236,422
253426261,38.7707,39.7078,422,39762,0.25279,0.01,1,3569696,3569274,422
253429181,31.1083,31.4831,422,39815,0.287116,0.03,1,3569722,3569300,422
253432101,31.0433,31.1933,422,39868,0.240846,0.09,1,3569753,3569331,422
253435021,35.8173,33.4773,426,39921,0.258339,0.09,1,3569792,3569366,426
253437941,28.7269,28.9909,424,39974,0.241335,0.13,1,3569816,3569392,424
253440861,28.2908,28.3964,424,40027,0.234534,0.07,1,3569844,3569420,424
253443781,32.3163,31.1585,426,40080,0.243814,0.07,1,3569879,3569453,426
253446701,23.1265,12.4634,443,40133,0.259525,0.11,1,3569896,3569453,443
253449621,18.2506,14.5854,442,40186,0.25381,0.11,1,3569911,3569469,442
253452541,35.5002,14.8341,474,40239,0.263524,0.19,1,3569958,3569484,474
253455461,31.0001,33.5337,456,40291,0.27941,0.21,1,3569986,3569530,456
253467141,30.3856,38.7401,458,40499,0.406945,0.31,1,3570154,3569696,458
253470061,28.9542,31.096,460,40551,0.420778,0.21,1,3570182,3569722,460
253543061,39.7706,39.4207,454,41835,0.761539,0.63,2,3571023,3570569,454
253545981,31.5082,31.9683,453,41885,0.766615,0.63,2,3571049,3570596,453
253548901,29.4033,29.5873,453,41935,0.768646,0.71,2,3571077,3570624,453
253575181,33.4755,31.915,458,42385,0.757962,0.75,2,3571331,3570873,458
253578101,59.5902,59.566,457,42435,0.765185,0.75,2,3571408,3570951,457
253581021,45.4361,45.4264,457,42485,0.816074,0.77,2,3571444,3570987,457
253583941,40.3744,39.7706,458,42535,0.84843,0.77,2,3571481,3571023,458
253586861,31.7498,31.5082,458,42585,0.861372,0.77,2,3571507,3571049,458
253764981,37.1001,35.9259,494,45507,0.875305,1,2,3573532,3573038,494
253767901,30.44,28.7703,496,45553,0.872122,1,2,3573558,3573062,496
253770821,33.776,40.9081,483,45599,0.798849,1,2,3573594,3573111,483
253797101,26.7594,25.6996,514,46013,0.297577,1,1,3573865,3573351,514
253800021,32.3037,32.4798,513,46059,0.269031,0.91,1,3573901,3573388,513
253802941,32.1215,35.7919,507,46105,0.245612,1,1,3573933,3573426,507
253805861,26.0486,37.1168,491,46151,0.236245,0.97,1,3573955,3573464,491
253808781,29.6194,31.0467,496,46197,0.232498,0.81,1,3573987,3573491,496
253811701,29.8478,37.0187,485,46243,0.254999,0.87,1,3574017,3573532,485
253837981,32.979,36.746,470,46651,0.420128,0.35,1,3574281,3573811,470
253946021,30.849,29.8388,456,48295,0.761477,0.71,2,3575325,3574869,456
253948941,34.5396,33.5355,457,48339,0.766591,0.67,2,3575362,3574905,457
253951861,34.2158,35.0142,455,48383,0.756636,0.71,2,3575396,3574941,455
253954781,35.2863,35.6057,455,48427,0.788655,0.71,2,3575432,3574977,455
253957701,24.9145,25.0423,455,48471,0.825462,0.65,2,3575450,3574995,455
253960621,27.9658,28.6169,454,48514,0.828185,0.61,2,3575480,3575026,454
253963541,32.1863,33.0468,453,48557,0.841274,0.63,2,3575515,3575062,453
253966461,27.2745,27.6187,453,48600,0.85851,0.67,2,3575539,3575086,453
253969381,21.7098,21.8475,453,48643,0.889404,0.67,2,3575557,3575104,453
254129981,32.2873,29.774,495,50970,0.8872,1,2,3577170,3576675,495
254132901,32.1149,24.5096,506,51011,0.80488,1,2,3577202,3576696,506
254144581,32.7613,33.3538,490,51175,0.429613,1,1,3577298,3576808,490
254150421,27.6818,28.8566,484,51257,0.271538,1,1,3577351,3576867,484
254156261,34.3091,34.4971,490,51339,0.0794461,1,1,3577426,3576936,490
254162101,25.4095,29.7595,484,51421,0.0739114,1,1,3577479,3576995,484
254165021,23.3638,29.3038,477,51462,0.0295645,1,1,3577501,3577024,477
254167941,32.1455,32.7215,480,51503,0.0118258,1,1,3577539,3577059,480
254170861,28.4582,27.4886,482,51544,0.00473033,1,1,3577565,3577083,482
254173781,22.1833,24.7954,477,51585,0.0438921,0.98,1,3577583,3577106,477
254176701,22.6733,26.7182,472,51626,0.0955568,0.82,1,3577606,3577134,472
254197141,24.5051,30.2405,458,51913,0.0709043,0.27,1,3577756,3577298,458
254200061,24.802,27.6962,457,51954,0.0703617,0.23,1,3577781,3577324,457
254202981,32.7208,27.2785,468,51995,0.0581447,0.15,1,3577819,3577351,468
254205901,31.0883,36.1114,456,52035,0.0292579,0,1,3577849,3577393,456
254214661,22.4617,25.3991,443,52155,0.0990725,0,1,3577922,3577479,443
254217581,32.9847,23.3597,461,52195,0.057629,0,1,3577962,3577501,461
254220501,29.9939,32.1439,451,52235,0.0290516,0,1,3577990,3577539,451
254223421,22.7975,28.4575,443,52275,0.0416206,0.07,1,3578008,3577565,443
254226341,24.119,22.183,450,52315,0.0826483,0.13,1,3578033,3577583,450
254229261,24.0476,22.6732,451,52355,0.0990593,0.11,1,3578057,3577606,451
254264301,21.4529,24.6541,445,52835,0.20001,0.07,1,3578346,3577901,445
254270141,30.0725,32.9847,453,52915,0.0764015,0.01,1,3578415,3577962,453
254273061,21.629,29.9939,441,52955,0.0485606,0.05,1,3578431,3577990,441
254275981,25.4516,22.7975,451,52995,0.0734242,0.11,1,3578459,3578008,451
254278901,25.1806,24.119,451,53035,0.0833697,0.11,1,3578484,3578033,451
254281821,24.4723,24.0476,451,53075,0.0873479,0.13,1,3578508,3578057,451
254284741,18.1889,24.019,441,53115,0.0889392,0.13,1,3578522,3578081,441
254311021,37.0963,36.5806,430,53471,0.203729,0.15,1,3578741,3578311,430
254313941,25.0385,23.6322,432,53510,0.231492,0.23,1,3578758,3578326,432
254316861,22.6154,21.4529,433,53549,0.230597,0.11,1,3578779,3578346,433
254319781,30.0462,33.1812,427,53588,0.230239,0.03,1,3578814,3578387,427
254322701,26.4185,30.0725,423,53627,0.206095,0.03,1,3578838,3578415,423
254328541,27.267,25.4516,427,53705,0.204575,0.09,1,3578886,3578459,427
254331461,25.3068,25.1806,426,53744,0.20783,0.09,1,3578910,3578484,426
254334381,24.5227,24.4723,426,53783,0.221132,0.09,1,3578934,3578508,426
254337301,18.2091,18.1889,426,53822,0.226453,0.11,1,3578948,3578522,426
254340221,21.0836,20.4756,427,53861,0.264581,0.11,1,3578971,3578544,427
254343141,12.0335,11.7902,427,53900,0.279832,0.11,1,3578977,3578550,427
254346061,25.2134,25.1161,427,53939,0.285933,0.11,1,3579011,3578584,427
254351901,17.7141,17.6986,427,54017,0.298949,0.11,1,3579035,3578608,427
254410301,30.5616,19.6343,471,54794,0.416286,0.35,1,3579534,3579063,471
254413221,33.8247,28.2537,473,54832,0.400514,0.39,1,3579570,3579097,473
254430741,20.2744,26.3287,454,55060,0.405522,0.39,1,3579723,3579269,454
254433661,26.7097,20.1315,469,55098,0.420209,0.33,1,3579754,3579285,469
254436581,25.6839,26.6526,463,55136,0.438084,0.37,1,3579779,3579316,463
254489141,26.9138,26.7097,470,55820,0.752463,0.45,2,3580224,3579754,470
254492061,25.1655,25.6839,469,55858,0.786985,0.49,2,3580248,3579779,469
254494981,19.6662,24.6736,461,55896,0.800794,0.49,2,3580264,3579803,461
254497901,24.0665,19.4694,472,55934,0.818318,0.49,2,3580291,3579819,472
254500821,13.2266,23.3878,452,55972,0.825327,0.49,2,3580297,3579845,452
254503741,28.6906,12.9551,485,56010,0.816131,0.57,2,3580336,3579851,485
254506661,12.6763,26.182,452,56048,0.812452,0.57,2,3580338,3579886,452
254509581,18.2705,11.6728,472,56086,0.822981,0.57,2,3580360,3579888,472
254512501,26.5082,18.4691,481,56124,0.863192,0.63,2,3580392,3579911,481
254515421,31.0033,24.7877,486,56161,0.879277,0.63,2,3580426,3579940,486
254518341,13.6013,30.3151,454,56198,0.885711,0.65,2,3580428,3579974,454
254781141,342.67,342.996,511,27740,0.766,0.61,2,3582829,3582318,511
254817641,79.2909,82.1437,465,27892,0.419824,0.61,1,3583272,3582807,465
254820561,47.3163,46.0575,469,27968,0.40193,0.65,1,3583298,3582829,469
254826401,54.3706,65.0892,464,28120,0.427909,0.51,1,3583412,3582948,464
254829321,57.7482,49.4357,485,28195,0.405163,0.59,1,3583472,3582987,485
254832241,56.6993,55.7743,481,28270,0.444065,0.51,1,3583528,3583047,481
254835161,59.2797,61.9097,476,28345,0.423626,0.51,1,3583589,3583113,476
254838081,39.3119,50.5639,459,28420,0.41545,0.45,1,3583615,3583156,459
254870201,37.4808,61.8919,465,29230,0.785525,0.49,2,3584157,3583692,465
254873121,31.1923,36.7568,472,29302,0.80021,0.51,2,3584184,3583712,472
254876041,52.0769,30.3027,512,29374,0.806084,0.61,2,3584250,3583738,512
254878961,56.2308,48.7211,510,29446,0.844434,0.63,2,3584309,3583799,510
254881881,58.4923,53.0884,514,29518,0.835773,0.67,2,3584369,3583855,514
254884801,58.1969,57.2354,512,29590,0.868309,0.69,2,3584427,3583915,512
255022041,32.3013,31.9164,511,32784,0.83679,1,2,3586622,3586111,511
255030801,47.9313,57.7466,485,32977,0.430595,0.99,1,3586739,3586254,485
255033721,61.7725,60.2987,494,33041,0.262238,1,1,3586810,3586316,494
255039561,43.4836,41.9278,489,33169,0.091158,1,1,3586896,3586407,489
255042481,64.1934,70.7711,477,33233,0.0424632,1,1,3586974,3586497,477
255045401,47.2774,48.7084,479,33297,0.0829853,1,1,3587010,3586531,479
255051241,23.5244,29.7534,466,33424,0.0984776,0.78,1,3587054,3586588,466
255054161,26.2098,32.3013,460,33487,0.0573911,0.69,1,3587082,3586622,460
255057081,24.8839,30.3205,455,33550,0.0289564,0.57,1,3587106,3586651,455
255060001,20.7536,28.3282,446,33613,0.0295826,0.29,1,3587124,3586678,446
255062921,38.3014,47.9313,435,33676,0.041833,0.15,1,3587174,3586739,435
255065841,51.9206,61.7725,425,33739,0.0467332,0.03,1,3587235,3586810,425
255068761,49.5682,54.709,423,33802,0.0846933,0.07,1,3587283,3586860,423
255071681,42.0273,43.4836,424,33865,0.0398773,0.01,1,3587320,3586896,424
255074601,63.0109,64.1934,423,33927,0.0159509,0.11,1,3587397,3586974,423
255077521,49.8044,47.2774,428,33989,0.0243804,0.13,1,3587438,3587010,428
255080441,35.5217,36.311,425,34051,0.0397521,0.09,1,3587464,3587039,425
255083361,22.6087,23.5244,424,34113,0.0459009,0.03,1,3587478,3587054,424
255086281,24.6435,26.2098,422,34175,0.0603603,0.01,1,3587504,3587082,422
255089201,24.2574,24.8839,422,34237,0.0421441,0.01,1,3587528,3587106,422
255092121,19.903,9.95356,439,34299,0.0348577,0.03,1,3587545,3587106,439
255095041,39.7612,14.7814,474,34361,0.0199431,0.05,1,3587598,3587124,474
255097961,50.7045,35.9126,482,34423,0.0619772,0.05,1,3587656,3587174,482
255100881,50.8818,50.965,472,34484,0.0667909,0.11,1,3587707,3587235,472
255106721,62.5011,41.8744,498,34606,0.0718865,0,1,3587818,3587320,498
255109641,50.8004,62.9498,464,34667,0.0347546,0.03,1,3587861,3587397,464
255112561,34.7202,49.7799,447,34728,0.0559018,0.05,1,3587885,3587438,447
255115481,22.8881,35.512,436,34789,0.0763607,0.05,1,3587900,3587464,436
255118401,24.7552,22.6048,448,34850,0.0605443,0.07,1,3587926,3587478,448
255121321,23.7021,24.6419,445,34911,0.0542177,0.03,1,3587949,3587504,445
255124241,21.4808,24.2568,441,34972,0.0636871,0.03,1,3587969,3587528,441
255127161,40.3923,19.9027,477,35032,0.0674748,0.01,1,3588022,3587545,477
255130081,51.5569,39.7611,483,35092,0.0809899,0.09,1,3588081,3587598,483
255133001,51.2228,50.7044,476,35152,0.038396,0.07,1,3588132,3587656,476
255135921,42.0891,50.8818,461,35212,0.0693584,0.13,1,3588168,3587707,461
255138841,59.4356,40.7527,498,35272,0.0457434,0.05,1,3588239,3587741,498
255141761,49.5743,62.5011,464,35332,0.0362973,0.01,1,3588282,3587818,464
255144681,36.0297,50.8004,448,35392,0.0565189,0.07,1,3588309,3587861,448
255147601,22.8119,34.7202,438,35452,0.0646076,0.09,1,3588323,3587885,438
255150521,24.7248,22.8881,449,35512,0.067843,0.05,1,3588349,3587900,449
255153441,23.6899,24.7552,446,35572,0.0931372,0.05,1,3588372,3587926,446
255156361,22.676,23.7021,445,35631,0.0792549,0.07,1,3588394,3587949,445
255159281,40.2704,21.4808,477,35690,0.097702,0.07,1,3588446,3587969,477
255179721,36.8932,36.0297,425,36103,0.0597987,0.07,1,3588734,3588309,425
255182641,23.1573,22.8119,425,36162,0.0419195,0.07,1,3588748,3588323,425
255185561,25.4629,24.7248,426,36220,0.0707678,0.11,1,3588775,3588349,426
255203081,46.6985,46.3293,427,36568,0.217451,0.15,1,3588983,3588556,427
255206001,42.0794,41.3317,428,36626,0.236981,0.17,1,3589022,3588594,428
255208921,57.6318,57.3327,428,36684,0.244792,0.07,1,3589090,3588662,428
255211841,46.4527,48.7331,424,36742,0.259917,0.03,1,3589129,3588705,424
255214761,35.3811,36.8932,423,36800,0.289967,0.03,1,3589157,3588734,423
255217681,23.1524,23.1573,424,36857,0.289987,0.09,1,3589172,3588748,424
255220601,27.261,25.4629,427,36914,0.289995,0.15,1,3589202,3588775,427
255232281,17.8915,17.3654,429,37142,0.270608,0.19,1,3589304,3588875,429
255235201,43.1566,6.94618,489,37199,0.270243,0.21,1,3589364,3588875,489
255246881,47.5112,57.365,473,37427,0.43647,0.27,1,3589563,3589090,473
255305281,47.4784,17.7054,515,38539,0.804568,0.61,2,3590253,3589738,515
255308201,50.7914,44.2822,506,38594,0.795827,0.67,2,3590306,3589800,506
255311121,21.5165,48.9129,456,38649,0.792331,0.69,2,3590308,3589852,456
255314041,31.4066,42.3651,456,38704,0.814932,0.69,2,3590346,3589890,456
255316961,58.7626,62.5461,457,38759,0.823973,0.75,2,3590423,3589966,457
255319881,48.7051,50.2184,457,38813,0.827589,0.71,2,3590465,3590008,457
255322801,36.882,36.8874,458,38867,0.841036,0.71,2,3590494,3590036,458
255325721,24.3528,24.9549,457,38921,0.834414,0.71,2,3590510,3590053,457
255328641,26.5411,26.782,457,38975,0.843766,0.71,2,3590538,3590081,457
255331561,26.2164,26.3128,457,39029,0.847506,0.71,2,3590564,3590107,457
255334481,23.6866,23.7251,457,39083,0.897003,0.77,2,3590586,3590129,457
255498001,35.33,44.8743,492,42002,0.8848,1,2,3592618,3592126,492
255509681,44.3588,48.9328,488,42202,0.212875,1,1,3592781,3592293,488
255512601,39.9435,36.3731,497,42252,0.0911499,1,1,3592818,3592321,497
255515521,32.7774,36.1492,489,42302,0.05446,1,1,3592846,3592357,489
255518441,33.511,33.0597,492,42352,0.039784,1,1,3592880,3592388,492
255521361,34.4044,33.6239,493,42402,0.0159136,1,1,3592915,3592422,493
255524281,28.7618,30.8496,489,42452,0.0243654,1,1,3592940,3592451,489
255527201,31.9047,32.1398,490,42502,0.0397462,1,1,3592974,3592484,490
255530121,24.7619,29.6559,482,42552,0.0458985,1,1,3592994,3592512,482
255533041,27.3048,34.0624,474,42602,0.0363594,0.92,1,3593023,3592549,474
255535961,27.1219,32.8249,469,42652,0.0205438,0.84,1,3593050,3592581,469
255538881,28.8488,35.33,462,42701,0.0142175,0.61,1,3593080,3592618,462
255541801,35.5395,44.732,451,42750,0.035687,0.45,1,3593120,3592669,451
255544721,27.4158,36.4928,442,42799,0.0322748,0.39,1,3593142,3592700,442
255547641,22.3663,31.3971,433,42848,0.0429099,0.05,1,3593161,3592728,433
255550561,34.1465,44.3588,422,42897,0.035164,0.01,1,3593203,3592781,422
255553481,35.8586,39.9435,422,42946,0.0140656,0.03,1,3593240,3592818,422
255556401,31.7434,32.7774,423,42995,0.0236262,0.03,1,3593269,3592846,423
255559321,31.8974,13.111,455,43044,0.0394505,0.03,1,3593301,3592846,455
255562241,34.359,25.6444,457,43093,0.0217802,0,1,3593337,3592880,457
255565161,28.1436,31.2578,446,43142,0.0147121,0.03,1,3593361,3592915,446
255568081,31.6574,27.5031,455,43191,0.0238848,0.05,1,3593395,3592940,455
255571001,24.663,31.4012,441,43240,0.0275539,0.05,1,3593415,3592974,441
255573921,27.2652,24.5605,450,43289,0.0650216,0.03,1,3593444,3592994,450
255576841,27.1061,27.2242,448,43338,0.0560086,0.01,1,3593471,3593023,448
255579761,28.8424,27.0897,451,43387,0.0524035,0.01,1,3593501,3593050,451
255582681,35.537,28.8359,461,43436,0.0509614,0.05,1,3593541,3593080,461
255585601,28.0148,35.5343,444,43485,0.0743845,0.03,1,3593564,3593120,444
255588521,23.2059,27.4137,442,43534,0.0597538,0.05,1,3593584,3593142,442
255591441,33.2824,22.3655,463,43582,0.0539015,0.03,1,3593624,3593161,463
255594361,36.7129,34.1462,460,43630,0.0215606,0,1,3593663,3593203,460
255597281,30.8852,35.8585,450,43678,0.0266242,0.03,1,3593690,3593240,450
255600201,31.5541,31.7434,453,43726,0.0286497,0.05,1,3593722,3593269,453
255603121,34.2216,31.8974,457,43774,0.0414599,0.01,1,3593758,3593301,457
255606041,28.0887,34.3589,445,43822,0.0345839,0.01,1,3593782,3593337,445
255608961,31.6355,28.1436,455,43870,0.0198336,0.03,1,3593816,3593361,455
255611881,26.4542,31.6574,444,43918,0.0259334,0.03,1,3593839,3593395,444
255614801,28.5817,24.663,454,43966,0.0523734,0.09,1,3593869,3593415,454
255617721,25.8327,27.2652,449,44014,0.0869493,0.05,1,3593893,3593444,449
255620641,27.7331,27.1061,451,44062,0.0887797,0.05,1,3593922,3593471,451
255623561,35.6932,28.8424,462,44110,0.0655119,0.05,1,3593963,3593501,462
255626481,28.6773,35.537,446,44158,0.0442048,0.09,1,3593987,3593541,446
255629401,22.2709,28.0148,441,44206,0.0476819,0.05,1,3594005,3593564,441
255632321,32.9084,23.2059,461,44254,0.0490728,0.05,1,3594045,3593584,461
255635241,37.1633,33.2824,461,44302,0.0196291,0,1,3594085,3593624,461
255638161,31.0653,36.7129,449,44350,0.0258516,0.03,1,3594112,3593663,449
255641081,32.2261,30.8852,455,44398,0.0403407,0.03,1,3594145,3593690,455
255644001,33.2905,31.5541,457,44446,0.0221363,0.05,1,3594179,3593722,457
255646921,14.5162,34.2216,423,44493,0.0268545,0.03,1,3594181,3593758,423
255649841,19.6065,28.0887,422,44540,0.0287418,0.01,1,3594204,3593782,422
255652761,28.2426,31.6355,422,44587,0.0414967,0.03,1,3594238,3593816,422
255655681,25.697,26.4542,423,44634,0.0225987,0.07,1,3594262,3593839,423
255658601,30.0788,28.5817,426,44681,0.0270395,0.11,1,3594295,3593869,426
255661521,27.0315,25.8327,427,44728,0.0408158,0.09,1,3594320,3593893,427
255664441,26.4126,27.7331,424,44775,0.0823263,0.05,1,3594346,3593922,424
255667361,34.565,35.6932,423,44822,0.0989305,0.03,1,3594386,3593963,423
255681961,30.7082,31.0653,423,45057,0.0512306,0.05,1,3594535,3594112,423
255684881,31.4833,32.2261,422,45104,0.0264923,0.01,1,3594567,3594145,422
255687801,33.5933,33.2905,423,45151,0.0105969,0.03,1,3594602,3594179,423
255690721,14.6373,14.5162,423,45198,0.0102388,0.03,1,3594604,3594181,423
255693641,19.0549,19.6065,422,45245,0.0220955,0.05,1,3594626,3594204,422
255696561,28.022,28.2426,422,45292,0.0508382,0.01,1,3594660,3594238,422
255699481,25.6088,25.697,422,45339,0.0503353,0.03,1,3594684,3594262,422
255702401,30.0435,30.0788,422,45386,0.0381341,0.05,1,3594717,3594295,422
255705321,28.8174,27.0315,425,45432,0.0572536,0.11,1,3594745,3594320,425
255708241,27.127,26.4126,425,45478,0.0649015,0.11,1,3594771,3594346,425
255711161,34.8508,34.565,425,45524,0.0679606,0.11,1,3594811,3594386,425
255714081,28.9403,28.226,426,45570,0.0811842,0.17,1,3594836,3594410,426
255717001,24.1761,22.6904,428,45616,0.0744737,0.15,1,3594857,3594429,428
255722841,35.0682,36.2705,425,45708,0.0971158,0.01,1,3594933,3594508,425
255725761,28.4273,30.7082,422,45754,0.0808463,0.01,1,3594957,3594535,422
255728681,30.5709,31.4833,422,45800,0.0323385,0,1,3594989,3594567,422
255731601,33.8284,33.5933,423,45846,0.0309354,0.01,1,3595025,3594602,423
255734521,14.7313,14.6373,423,45892,0.0303742,0.03,1,3595027,3594604,423
255737441,18.4925,19.0549,422,45938,0.0301497,0.03,1,3595048,3594626,422
255740361,27.197,7.62197,455,45984,0.0540599,0.07,1,3595081,3594626,455
255743281,25.2788,23.4488,445,46030,0.0276239,0.05,1,3595105,3594660,445
255746201,29.9115,23.7795,454,46076,0.0290496,0.03,1,3595138,3594684,454
255749121,29.3646,29.3118,450,46122,0.0416198,0.07,1,3595167,3594717,450
255752041,27.9458,28.5247,449,46168,0.0586479,0.07,1,3595194,3594745,449
255754961,35.7783,27.0099,464,46214,0.0894592,0.07,1,3595235,3594771,464
255769561,26.5158,35.067,445,46442,0.209745,0.07,1,3595378,3594933,445
255778321,14.609,33.8283,423,46577,0.0947837,0.03,1,3595448,3595025,423
255781241,19.0436,14.7313,443,46622,0.0679135,0.03,1,3595470,3595027,443
255784161,27.4174,18.4925,455,46667,0.0691654,0.07,1,3595503,3595048,455
255787081,24.767,27.197,445,46712,0.0336662,0.01,1,3595526,3595081,445
255790001,29.7068,25.2788,454,46757,0.0314665,0.03,1,3595559,3595105,454
255792921,30.4827,29.9115,452,46802,0.0305866,0.05,1,3595590,3595138,452
255795841,30.1931,29.3646,453,46847,0.0422346,0.07,1,3595620,3595167,453
255798761,37.2772,27.9458,468,46892,0.0588939,0.11,1,3595662,3595194,468
255801681,29.3109,35.7783,451,46937,0.0655575,0.13,1,3595686,3595235,451
255804601,26.1244,28.7113,451,46982,0.080223,0.13,1,3595710,3595259,451
255807521,36.2497,24.6845,472,47027,0.0860892,0.19,1,3595753,3595281,472
255827961,27.8413,19.0436,457,47342,0.213398,0.07,1,3595927,3595470,457
255851321,26.7898,26.1244,426,47695,0.216972,0.09,1,3596136,3595710,426
255854241,37.7159,36.2497,428,47739,0.236789,0.13,1,3596181,3595753,428
255857161,35.4864,34.8999,428,47783,0.256716,0.15,1,3596215,3595787,428
255860081,27.3945,26.56,429,47827,0.252686,0.15,1,3596237,3595808,429
255863001,27.7578,27.424,429,47871,0.263074,0.13,1,3596265,3595836,429
255865921,32.1031,30.7696,431,47915,0.29123,0.17,1,3596300,3595869,431
255871761,19.4165,18.6031,432,48003,0.294997,0.23,1,3596325,3595893,432
255895121,29.9367,29.4745,430,48355,0.410253,0.23,1,3596541,3596111,430
255898041,27.5747,26.7898,431,48399,0.422101,0.25,1,3596567,3596136,431
255900961,38.6299,37.7159,432,48443,0.43884,0.27,1,3596613,3596181,432
255909721,28.6083,27.7578,435,48573,0.439206,0.31,1,3596700,3596265,435
255912641,33.6433,32.1031,437,48616,0.421682,0.31,1,3596737,3596300,437
255915561,14.6573,14.0413,437,48659,0.414673,0.29,1,3596739,3596302,437
255918481,19.0629,19.4165,436,48702,0.411869,0.31,1,3596761,3596325,436
255921401,28.0252,28.7666,435,48745,0.434748,0.31,1,3596795,3596360,435
255924321,23.2101,23.5066,435,48788,0.431899,0.31,1,3596815,3596380,435
255933081,27.5974,9.13642,467,48917,0.445482,0.33,1,3596880,3596413,467
255936001,29.639,21.6546,468,48960,0.448193,0.39,1,3596911,3596443,468
255994401,39.3838,28.4169,493,49815,0.750102,0.53,2,3597501,3597008,493
256000241,30.4214,37.7867,473,49899,0.781216,0.57,2,3597564,3597091,473
256003161,29.5686,28.9147,479,49941,0.786487,0.61,2,3597593,3597114,479
256006081,33.4274,28.3659,487,49983,0.800595,0.61,2,3597629,3597142,487
256009001,14.571,32.9463,453,50025,0.806238,0.61,2,3597631,3597178,453
256011921,19.6284,14.3785,474,50067,0.820495,0.63,2,3597654,3597180,474
256014841,28.8514,18.9514,487,50109,0.838198,0.63,2,3597689,3597202,487
256017761,24.7405,28.5806,474,50151,0.845279,0.61,2,3597711,3597237,474
256020681,11.0962,24.0322,455,50193,0.848112,0.65,2,3597713,3597258,455
256023601,23.6385,10.8129,485,50235,0.861245,0.65,2,3597745,3597260,485
256026521,29.2554,23.5252,486,50277,0.890498,0.69,2,3597778,3597292,486
256289321,64.195,75.0763,465,25075,0.443939,0.57,1,3600557,3600092,465
256333121,69.9986,95.3375,502,26315,0.755519,0.61,2,3601405,3600903,502
256336041,56.7994,68.735,499,26396,0.788207,0.63,2,3601453,3600954,499
256338961,41.9198,55.694,484,26476,0.837283,0.63,2,3601485,3601001,484
256341881,30.5679,40.8776,476,26556,0.844913,0.67,2,3601508,3601032,476
256344801,42.8272,29.551,505,26636,0.859965,0.65,2,3601559,3601054,505
256347721,61.5309,41.8204,529,26716,0.889986,0.71,2,3601633,3601104,529
256581321,63.4747,57.9531,547,32448,0.869196,0.93,2,3605734,3605187,547
256584241,39.1899,61.5813,506,32513,0.821678,1,2,3605757,3605251,506
256587161,36.6759,46.8325,504,32578,0.790671,1,2,3605792,3605288,504
256639721,84.0461,82.5138,449,33728,0.750184,0.61,2,3606556,3606107,449
256645561,57.3674,55.8022,453,33854,0.76923,0.63,2,3606649,3606196,453
256648481,34.947,35.5209,451,33916,0.757692,0.59,2,3606669,3606218,451
256651401,31.9788,33.4084,449,33978,0.765077,0.61,2,3606699,3606250,449
256654321,40.3915,39.7633,451,34040,0.768031,0.65,2,3606745,3606294,451
256657241,29.3566,28.5053,452,34102,0.769212,0.69,2,3606767,3606315,452
256660161,33.3426,31.8021,454,34164,0.769685,0.61,2,3606803,3606349,454
256663081,30.7371,30.7209,453,34226,0.781874,0.61,2,3606832,3606379,453
256666001,18.2948,12.2883,463,34288,0.78675,0.63,2,3606842,3606379,463
256668921,41.5179,10.9153,510,34350,0.8127,0.73,2,3606899,3606389,510
256671841,85.6072,36.1661,572,34412,0.83508,0.79,2,3607014,3606442,572
256674761,53.4429,82.8665,490,34473,0.856032,0.73,2,3607046,3606556,490
256677681,57.9771,52.9466,518,34534,0.876413,0.79,2,3607107,3606589,518
256680601,35.1909,57.1786,478,34595,0.884565,0.75,2,3607127,3606649,478
256683521,32.6763,34.8715,489,34656,0.899826,0.77,2,3607158,3606669,489
256686441,40.0705,31.9486,504,34717,0.89393,0.77,2,3607203,3606699,504
256814921,46.6327,30.7482,530,37302,0.864819,1,2,3608992,3608462,530
256817841,50.4531,51.2993,518,37359,0.807927,1,2,3609045,3608527,518
256820761,40.5812,40.3197,519,37416,0.761171,1,2,3609079,3608560,519
256861641,37.8261,32.4325,496,38198,0.757801,0.63,2,3609602,3609106,496
256864561,33.1304,39.973,481,38253,0.78912,0.65,2,3609632,3609151,481
256867481,30.0522,32.7892,481,38308,0.801648,0.65,2,3609660,3609179,481
256870401,33.6209,31.1157,487,38363,0.806659,0.63,2,3609696,3609209,487
256873321,29.6483,33.4463,479,38418,0.820664,0.69,2,3609723,3609244,479
256876241,36.4593,28.9785,494,38473,0.838266,0.73,2,3609764,3609270,494
256879161,51.7837,34.9914,517,38528,0.857306,0.61,2,3609826,3609309,517
256882081,38.1135,52.3966,482,38583,0.888923,0.65,2,3609855,3609373,482
257165321,34.1151,29.5941,517,43573,0.8752,1,2,3613323,3612806,517
257168241,38.846,41.2376,510,43621,0.78808,1,2,3613365,3612855,510
257179921,28.0473,25.8237,529,43813,0.249183,1,1,3613498,3612969,529
257185761,36.7676,31.8518,536,43909,0.0482693,1,1,3613574,3613038,536
257188681,35.707,22.9407,554,43957,0.0373077,1,1,3613609,3613055,554
257191601,33.4828,33.7763,545,44005,0.0689231,1,1,3613641,3613096,545
257238321,300.793,374.111,423,20440,0.0275692,0.03,1,3614120,3613697,423
257241241,171.917,188.044,445,20544,0.0290277,0.09,1,3614206,3613761,445
257244161,111.367,113.618,452,20647,0.0536111,0.01,1,3614277,3613825,452
257247081,73.9468,82.0471,440,20750,0.0634444,0.03,1,3614326,3613886,440
257250001,60.7787,56.2188,453,20852,0.0313778,0.01,1,3614378,3613925,453
257252921,87.9115,65.0875,488,20954,0.0185511,0.09,1,3614484,3613996,488
257255841,50.1646,66.235,446,21055,0.0614204,0.07,1,3614509,3614063,446
257258761,39.8658,46.294,446,21156,0.0245682,0.03,1,3614542,3614096,446
257261681,67.5463,84.5176,422,21256,0.0278273,0.07,1,3614628,3614206,422
257264601,70.2185,76.407,423,21356,0.0291309,0.07,1,3614700,3614277,423
257267521,57.4874,59.9628,423,21455,0.0296524,0.01,1,3614749,3614326,423
257270441,53.595,55.1851,422,21554,0.0418609,0.01,1,3614800,3614378,422
257273361,86.238,85.6741,424,21652,0.0227444,0.09,1,3614908,3614484,424
257276281,50.0952,49.2696,425,21750,0.0630978,0,1,3614934,3614509,425
257279201,38.6381,39.5078,423,21848,0.0552391,0.03,1,3614965,3614542,423
257282121,66.4552,67.4031,422,21945,0.0400956,0.03,1,3615050,3614628,422
257285041,70.3821,70.1613,423,22042,0.0160383,0.03,1,3615123,3614700,423
257287961,57.5528,57.4645,423,22138,0.0124153,0.05,1,3615172,3614749,423
257290881,53.0211,53.5858,422,22234,0.00496612,0.01,1,3615222,3614800,422
257293801,86.6085,86.2343,423,22329,0.0319864,0.09,1,3615331,3614908,423
257296721,52.6434,50.0937,427,22424,0.0307946,0.05,1,3615361,3614934,427
257299641,37.2574,38.6375,423,22519,0.0303178,0.05,1,3615388,3614965,423
257302561,64.7029,15.455,506,22613,0.0301271,0.03,1,3615471,3614965,506
257305481,70.2812,57.182,495,22707,0.0180509,0,1,3615545,3615050,495
257308401,56.9125,66.6728,470,22800,0.0132203,0.01,1,3615593,3615123,470
257311321,52.765,56.0691,471,22893,0.0352881,0,1,3615643,3615172,471
257314241,86.506,52.4276,530,22986,0.0561153,0.05,1,3615752,3615222,530
257317161,52.6024,86.3711,451,23078,0.0764461,0.03,1,3615782,3615331,451
257320081,37.841,52.5484,449,23170,0.0605784,0.03,1,3615810,3615361,449
257323001,64.3364,37.2194,504,23261,0.0542314,0.03,1,3615892,3615388,504
257325921,70.7346,64.6877,496,23352,0.0396926,0.01,1,3615967,3615471,496
257328841,57.0938,70.2751,470,23443,0.057877,0.01,1,3616015,3615545,470
257331761,52.2375,56.91,471,23533,0.0651508,0.05,1,3616064,3615593,471
257334681,88.695,52.764,534,23623,0.0560603,0.07,1,3616177,3615643,534
257337601,52.278,86.5056,453,23713,0.0524241,0.09,1,3616205,3615752,453
257340521,37.7112,52.6022,451,23802,0.0509696,0.05,1,3616233,3615782,451
257343441,63.6845,37.8409,504,23891,0.0743879,0.05,1,3616314,3615810,504
257346361,70.4738,64.3364,497,23980,0.0717551,0.03,1,3616389,3615892,497
257349281,29.3895,70.7345,424,24068,0.0707021,0.07,1,3616391,3615967,424
257352201,40.5558,57.0938,424,24156,0.0822808,0.07,1,3616439,3616015,424
257358041,86.7689,88.695,424,24331,0.0503649,0.05,1,3616601,3616177,424
257360961,51.5076,52.278,424,24418,0.062146,0.05,1,3616629,3616205,424
257363881,37.403,37.7112,424,24505,0.0908584,0.09,1,3616657,3616233,424
257378481,44.807,44.4223,426,24934,0.214175,0.01,1,3616912,3616486,426
257384321,52.0491,51.5076,425,25104,0.093068,0.11,1,3617054,3616629,425
257387241,37.6196,37.403,425,25188,0.0552272,0.13,1,3617082,3616657,425
257390161,66.6479,65.9612,426,25272,0.0640909,0.17,1,3617168,3616742,426
257393081,71.6591,68.9845,430,25356,0.0676364,0.17,1,3617243,3616813,430
257396001,29.8637,28.7938,430,25440,0.0450545,0.17,1,3617245,3616815,430
257398921,42.5455,11.5175,481,25523,0.0480218,0.21,1,3617296,3616815,481
257401841,44.6182,34.607,477,25606,0.0492087,0.23,1,3617342,3616865,477
257404761,80.2473,42.0428,534,25689,0.0616835,0.07,1,3617446,3616912,534
257407681,50.0989,84.0171,452,25771,0.0666734,0.07,1,3617476,3617024,452
257410601,36.8396,51.6068,450,25853,0.0806694,0.03,1,3617504,3617054,450
257416441,72.1343,66.5771,498,26017,0.220507,0.07,1,3617666,3617168,498
257419361,30.0537,71.6308,425,26098,0.226203,0.03,1,3617668,3617243,425
257422281,42.6215,29.8523,474,26179,0.240481,0.05,1,3617719,3617245,474
257425201,44.6486,42.5409,469,26260,0.258192,0.05,1,3617765,3617296,469
257428121,80.8594,44.6164,528,26341,0.277277,0.07,1,3617870,3617342,528
257431041,50.9438,80.2465,455,26421,0.296911,0.07,1,3617901,3617446,455
257433961,37.7775,50.0986,454,26501,0.292764,0.09,1,3617930,3617476,454
257439801,75.6444,66.3358,510,26661,0.422442,0.27,1,3618100,3617590,510
257469001,32.6269,31.4578,445,27445,0.773531,0.49,2,3618547,3618102,445
257471921,44.2507,42.5831,447,27522,0.759412,0.55,2,3618599,3618152,447
257474841,47.1003,45.2332,449,27599,0.801765,0.55,2,3618648,3618199,449
257477761,20.0401,19.2933,449,27676,0.794706,0.59,2,3618650,3618201,449
257480681,72.2161,70.7173,451,27753,0.827882,0.59,2,3618757,3618306,451
257483601,48.0864,47.4869,451,27829,0.841153,0.65,2,3618789,3618338,451
257486521,37.2346,35.7948,453,27905,0.846461,0.73,2,3618819,3618366,453
257489441,74.2938,71.9179,456,27981,0.872584,0.79,2,3618918,3618462,456
257492361,81.3175,78.5672,459,28057,0.835034,0.79,2,3619004,3618545,459
257495281,33.727,32.6269,459,28132,0.820014,0.75,2,3619006,3618547,459
257498201,44.6908,44.2507,459,28207,0.826005,0.83,2,3619058,3618599,459
257501121,48.4763,47.1003,461,28282,0.816402,0.79,2,3619109,3618648,461
257504041,20.5905,20.0401,461,28357,0.836561,0.79,2,3619111,3618650,461
257506961,73.6362,8.01605,570,28432,0.844624,0.85,2,3619220,3618650,570
257509881,48.6545,67.4064,495,28506,0.85985,0.85,2,3619252,3618757,495
257512801,36.2618,46.1626,491,28580,0.86594,0.85,2,3619280,3618789,491
257515721,75.1047,36.465,562,28654,0.880376,0.89,2,3619381,3618819,562
257615001,37.3656,29.6658,500,31068,0.885232,1,2,3621039,3620539,500
257617921,66.5462,73.6663,483,31136,0.840093,1,2,3621125,3620642,483
257620841,47.6185,49.2665,485,31204,0.750037,1,2,3621160,3620675,485
257708441,64.4219,62.1017,449,33178,0.765681,0.59,2,3622471,3622022,449
257711361,46.7687,44.6407,451,33242,0.756272,0.57,2,3622506,3622055,451
257714281,40.9075,40.0563,451,33306,0.776509,0.63,2,3622543,3622092,451
257717201,37.963,36.4225,453,33370,0.844604,0.61,2,3622579,3622126,453
257720121,43.9852,42.769,454,33433,0.847842,0.61,2,3622627,3622173,454
257723041,18.7941,18.3076,454,33496,0.849137,0.69,2,3622629,3622175,454
257725961,43.5176,43.323,454,33559,0.885655,0.67,2,3622689,3622235,454
257728881,44.4071,43.7292,455,33622,0.876262,0.69,2,3622734,3622279,455
257731801,36.9628,36.0917,456,33685,0.872505,0.71,2,3622766,3622310,456
257734721,46.5851,45.6367,457,33748,0.883002,0.75,2,3622819,3622362,457
257737641,32.4341,32.0547,457,33811,0.875201,0.79,2,3622842,3622385,457
257874881,68.6648,66.3821,493,36635,0.849975,1,2,3624851,3624358,493
257877801,44.8659,43.3528,494,36693,0.82599,1,2,3624880,3624386,494
257889481,29.555,34.7386,481,36923,0.426313,0.99,1,3625025,3624544,481
257892401,41.222,36.0955,493,36980,0.428525,1,1,3625074,3624581,493
257901161,32.1582,35.2621,476,37151,0.235986,1,1,3625167,3624691,476
257909921,59.6821,31.7768,546,37322,0.0763031,0.75,1,3625306,3624760,546
257912841,40.6728,67.3107,483,37379,0.0605212,0.81,1,3625334,3624851,483
257915761,40.2691,44.3243,494,37436,0.0302085,0.57,1,3625374,3624880,494
257918681,38.9077,45.3297,486,37492,0.0120834,0.53,1,3625412,3624926,486
257921601,32.9631,42.1319,475,37548,0.0228334,0.41,1,3625441,3624966,475
257924521,27.5852,37.8528,464,37604,0.0511333,0.39,1,3625465,3625001,464
257927441,38.0341,29.5411,485,37660,0.0504533,0.43,1,3625510,3625025,485
257930361,33.8136,41.2164,467,37716,0.0741813,0.31,1,3625541,3625074,467
257933281,29.1255,34.4866,463,37772,0.0836725,0.27,1,3625567,3625104,463
257939121,28.1801,32.1579,456,37884,0.0985876,0.15,1,3625623,3625167,456
257947881,39.7955,59.6821,451,38052,0.0881496,0.05,1,3625757,3625306,451
257950801,39.9182,40.6728,463,38108,0.0772598,0.01,1,3625797,3625334,463
257953721,38.1673,40.2691,460,38163,0.0849039,0,1,3625834,3625374,460
257956641,33.8669,38.9077,453,38218,0.0999616,0.03,1,3625865,3625412,453
257982921,46.8027,55.9888,426,38713,0.2119,0.07,1,3626154,3625728,426
257985841,35.5211,39.7955,425,38768,0.22276,0.07,1,3626182,3625757,425
257988761,38.2084,39.9182,425,38822,0.215104,0.09,1,3626222,3625797,425
257991681,38.6834,38.1673,427,38876,0.236042,0.11,1,3626261,3625834,427
257994601,34.0733,33.8669,427,38930,0.292417,0.11,1,3626292,3625865,427
258000441,40.7317,38.8987,430,39038,0.299987,0.19,1,3626364,3625934,430
258017961,13.6195,13.5068,431,39362,0.405325,0.23,1,3626516,3626085,431
258105561,39.0664,37.5073,491,40942,0.785002,0.61,2,3627589,3627098,491
258108481,36.0266,39.0029,485,40994,0.812001,0.61,2,3627623,3627138,485
258111401,27.6106,36.0012,473,41045,0.8228,0.59,2,3627645,3627172,473
258114321,43.4442,28.2005,504,41096,0.87512,0.65,2,3627699,3627195,504
258117241,39.5777,41.8802,490,41147,0.896048,0.67,2,3627736,3627246,490
258280761,46.9116,44.7164,527,43926,0.889416,1,2,3629641,3629114,527
258283681,36.1646,44.8865,511,43974,0.853767,1,2,3629670,3629159,511
258286601,31.2659,30.5546,518,44022,0.803507,1,2,3629698,3629180,518
258289521,36.5063,30.2218,528,44070,0.795403,0.99,2,3629738,3629210,528
258292441,27.2025,38.4887,505,44118,0.792161,1,2,3629759,3629254,505
258295361,33.081,36.9955,506,44166,0.766864,1,2,3629796,3629290,506
258298281,43.8324,30.3982,531,44214,0.780746,0.9,2,3629847,3629316,531
258301201,30.133,44.5593,498,44262,0.786298,1,2,3629868,3629370,498
258304121,26.4532,34.6237,494,44310,0.776519,1,2,3629892,3629398,494
258327481,35.1743,36.1646,463,44689,0.752596,0.77,2,3630133,3629670,463
258330401,30.8697,31.2659,463,44736,0.763038,0.79,2,3630161,3629698,463
258333321,36.9479,36.5063,464,44783,0.803215,0.79,2,3630202,3629738,464
258336241,23.1792,27.2025,457,44830,0.795286,0.75,2,3630216,3629759,457
258339161,31.4717,33.081,457,44877,0.804114,0.79,2,3630253,3629796,457
258342081,44.3887,43.8324,459,44924,0.819646,0.79,2,3630306,3629847,459
258345001,30.9555,30.133,460,44971,0.825858,0.77,2,3630328,3629868,460
258347921,22.5822,26.4532,453,45018,0.840343,0.73,2,3630345,3629892,453
258350841,31.2329,31.5813,455,45065,0.846137,0.69,2,3630382,3629927,455
258353761,31.6931,30.0325,458,45112,0.872455,0.65,2,3630414,3629956,458
258537721,28.5873,30.4826,493,47967,0.890799,1,2,3632377,3631884,493
258540641,31.8349,27.193,502,48011,0.85432,1,2,3632411,3631909,502
258543561,35.534,24.0772,518,48055,0.779728,1,2,3632449,3631931,518
258566921,34.8499,34.7815,492,48407,0.273822,1,1,3632681,3632189,492
258569841,28.34,31.9126,486,48451,0.235529,1,1,3632705,3632219,486
258572761,18.536,26.565,475,48494,0.220212,1,1,3632717,3632242,475
258575681,35.0144,39.426,473,48537,0.214085,1,1,3632763,3632290,473
258610721,35.1912,23.9722,478,49053,0.214297,0.31,1,3633081,3632603,478
258613641,35.0765,35.9889,469,49096,0.211719,0.25,1,3633116,3632647,469
258619481,17.9722,28.3182,443,49182,0.205475,0.21,1,3633148,3632705,443
258622401,34.7889,18.5273,477,49225,0.20819,0.21,1,3633194,3632717,477
258625321,28.9156,35.0109,456,49268,0.245276,0.15,1,3633219,3632763,456
258628241,25.9662,30.2044,453,49311,0.26011,0.17,1,3633243,3632790,453
258631161,22.9865,27.6817,448,49354,0.278044,0.15,1,3633264,3632816,448
258634081,29.5946,24.2727,460,49397,0.261218,0.19,1,3633298,3632838,460
258657441,35.2033,21.978,476,49738,0.424314,0.23,1,3633513,3633037,476
258759641,35.0598,35.1376,448,51198,0.763569,0.57,2,3634440,3633992,448
258762561,26.0239,26.055,448,51239,0.755428,0.55,2,3634460,3634012,448
258765481,18.8096,18.222,449,51280,0.752171,0.61,2,3634474,3634025,449
258768401,38.1238,36.6888,451,51321,0.798868,0.59,2,3634525,3634074,451
258771321,29.6495,29.0755,451,51362,0.793547,0.59,2,3634549,3634098,451
258774241,28.6598,28.4302,451,51403,0.839419,0.63,2,3634577,3634126,451
258777161,24.6639,24.5721,451,51444,0.857768,0.65,2,3634599,3634148,451
258780081,31.4656,30.2288,453,51485,0.841107,0.67,2,3634635,3634182,453
258783001,33.5862,33.0915,453,51526,0.894443,0.65,2,3634670,3634217,453
258975721,30.6791,33.3224,505,54156,0.883884,1,2,3636472,3635967,505
258978641,26.0717,30.129,500,54195,0.887554,1,2,3636495,3635995,500
258981561,32.6287,27.6516,511,54234,0.841021,1,2,3636532,3636021,511
258984481,29.2515,29.0606,508,54273,0.870409,1,2,3636559,3636051,508
258987401,26.1006,35.0243,493,54312,0.834163,1,2,3636583,3636090,493
258990321,27.2402,33.2097,489,54351,0.819665,1,2,3636611,3636122,489
258993241,25.2961,28.8839,487,54390,0.825866,1,2,3636635,3636148,487
258996161,24.5184,24.1536,490,54429,0.852346,1,2,3636659,3636169,490
258999081,22.4074,28.2614,480,54468,0.838939,1,2,3636680,3636200,480
259002001,14.9629,19.1046,477,54507,0.857575,1,2,3636690,3636213,477
259004921,24.5852,28.6418,473,54546,0.86503,1,2,3636721,3636248,473
259007841,32.6341,27.6567,484,54585,0.844012,1,2,3636759,3636275,484
259010761,23.2536,28.4627,472,54624,0.895605,0.99,2,3636776,3636304,472
259022441,21.5809,18.5846,489,54777,0.894751,1,2,3636871,3636382,489
259242901,330.841,335.734,503,26280,0.418,1,1,3639306,3638803,503
259257501,96.9746,105.797,474,27010,0.07288,0.89,1,3639440,3638966,474
259263341,71.7898,79.519,467,26280,0.047152,0.61,1,3639495,3639028,467
259296921,55.7159,69.0076,450,26280,0.0848608,0.39,1,3639540,3639090,450
259308601,29.7991,33.0098,433,27322,0.0700924,0.01,1,3639701,3639268,433
259311521,28.1197,27.0039,437,27400,0.082037,0.03,1,3639728,3639291,437
259314441,46.6479,31.2016,462,27477,0.0508148,0,1,3639787,3639325,462
259317361,64.2591,61.6806,456,27554,0.0623259,0.01,1,3639863,3639407,456
259320281,58.7037,59.4723,453,27631,0.0669304,0.03,1,3639918,3639465,453
259323201,51.0815,54.3889,448,27708,0.0567721,0.15,1,3639964,3639516,448
259340721,46.1821,46.7899,423,28163,0.0583913,0.07,1,3640210,3639787,423
259343641,65.2728,64.316,425,28238,0.0773565,0.07,1,3640288,3639863,425
259349481,50.6437,51.0906,424,28388,0.085577,0.05,1,3640388,3639964,424
259372841,60.4056,65.2226,480,28979,0.0835061,0.13,1,3640768,3640288,480
259375761,51.1623,59.0891,470,29052,0.0634024,0.07,1,3640813,3640343,470
259378681,63.0649,50.6356,496,29125,0.079361,0.13,1,3640884,3640388,496
259381601,54.026,61.6542,475,29198,0.0857444,0.15,1,3640932,3640457,475
259399121,59.0328,65.5141,481,29631,0.200141,0.07,1,3641192,3640711,481
259402041,50.0131,60.4056,468,29702,0.218056,0.05,1,3641236,3640768,468
259404961,63.8053,51.1623,496,29773,0.249223,0.09,1,3641309,3640813,496
259422481,43.499,43.4551,429,30197,0.428902,0.17,1,3641488,3641059,429
259425401,65.3996,63.582,432,30267,0.405561,0.23,1,3641568,3641136,432
259431241,50.5439,50.0131,433,30407,0.42849,0.27,1,3641669,3641236,433
259434161,65.2176,63.8053,435,30477,0.429396,0.35,1,3641744,3641309,435
259437081,57.887,54.3221,440,30546,0.441758,0.37,1,3641797,3641357,440
259440001,24.3548,22.9288,440,30615,0.446703,0.37,1,3641799,3641359,440
259480881,45.909,27.5995,503,31569,0.768393,0.55,2,3642379,3641876,503
259483801,66.9636,44.0398,529,31636,0.805357,0.65,2,3642460,3641931,529
259486721,60.9854,64.4159,508,31703,0.832143,0.65,2,3642517,3642009,508
259489641,51.3942,59.9664,496,31770,0.830857,0.59,2,3642562,3642066,496
259492561,65.5577,50.9865,526,31837,0.866343,0.67,2,3642637,3642111,526
259495481,61.6231,64.7946,511,31903,0.844537,0.67,2,3642696,3642185,511
259498401,25.8492,59.5178,457,31969,0.859815,0.67,2,3642698,3642241,457
259501321,24.1397,25.0071,478,32035,0.853926,0.71,2,3642721,3642243,478
259504241,24.6559,23.2029,481,32101,0.83957,0.73,2,3642746,3642265,481
259507161,31.4624,23.6811,493,32167,0.857828,0.75,2,3642782,3642289,493
259510081,46.7849,29.2725,517,32233,0.877131,0.79,2,3642839,3642322,517
259513001,68.514,45.909,543,32299,0.896852,0.83,2,3642922,3642379,543
259632721,24.612,26.053,506,34881,0.867146,1,2,3644683,3644177,506
259635641,20.0448,23.6212,501,34942,0.868858,1,2,3644700,3644199,501
259638561,28.4179,26.2485,507,35003,0.845543,1,2,3644734,3644227,507
259641481,59.3672,31.4994,552,35063,0.776217,1,2,3644814,3644262,552
259670681,27.5018,20.0448,494,35661,0.277746,0.83,1,3645194,3644700,494
259673601,12.2007,28.4179,462,35720,0.261098,0.73,1,3645196,3644734,462
259679441,59.9121,66.9469,454,35838,0.203776,0.63,1,3645340,3644886,454
259682361,43.7648,49.5787,449,35897,0.20751,0.51,1,3645373,3644924,449
259685281,58.9059,64.8315,443,35956,0.209004,0.37,1,3645442,3644999,443
259688201,53.5624,57.7326,440,36015,0.209602,0.35,1,3645492,3645052,440
259694041,29.57,30.4772,439,36133,0.229136,0.37,1,3645542,3645103,439
259696961,22.628,23.5909,438,36191,0.205655,0.31,1,3645560,3645122,438
259699881,21.6512,22.6364,437,36249,0.232262,0.31,1,3645581,3645144,437
259702801,18.8605,19.2545,437,36307,0.230905,0.25,1,3645598,3645161,437
259705721,25.5442,27.5018,434,36365,0.254362,0.25,1,3645628,3645194,434
259708641,11.4177,12.2007,434,36423,0.263745,0.15,1,3645630,3645196,434
259711561,47.7671,52.2803,427,36481,0.267498,0.21,1,3645702,3645275,427
259714481,61.1068,59.9121,432,36539,0.292999,0.21,1,3645772,3645340,432
259723241,53.6388,53.5624,432,36713,0.444752,0.19,1,3645924,3645492,432
259726161,35.8555,36.425,431,36771,0.447901,0.25,1,3645948,3645517,431
259732001,22.1769,22.628,431,36885,0.447264,0.25,1,3645991,3645560,431
259799161,30.5886,36.7377,478,38180,0.759201,0.63,2,3646869,3646391,478
259802081,21.8354,30.2951,468,38235,0.76568,0.63,2,3646885,3646417,468
259805001,21.9342,21.718,474,38290,0.768272,0.63,2,3646907,3646433,474
259807921,20.1737,23.0872,469,38345,0.805309,0.59,2,3646926,3646457,469
259810841,26.0695,20.0349,481,38400,0.832124,0.61,2,3646956,3646475,481
259813761,11.6278,26.014,453,38455,0.842849,0.61,2,3646958,3646505,453
259816681,49.0511,11.6056,525,38510,0.87114,0.63,2,3647032,3646507,525
259819601,65.2204,48.4422,528,38565,0.894456,0.63,2,3647108,3646580,528
260007941,133.868,142.706,501,19203,0.43528,0.67,1,3649556,3649055,501
260010861,124.347,134.482,490,19314,0.432112,0.63,1,3649674,3649184,490
260045901,109.716,91.7755,571,20594,0.76311,0.63,2,3650568,3649997,571
260048821,68.4863,109.31,491,20697,0.779244,0.63,2,3650609,3650118,491
260051741,53.1945,67.1241,495,20799,0.809698,0.65,2,3650652,3650157,495
260054661,37.4778,51.4496,481,20901,0.845879,0.69,2,3650679,3650198,481
260145181,74.6528,55.8837,556,23846,0.89608,1,2,3652817,3652261,556
260171461,83.9106,97.0611,446,24635,0.417803,0.47,1,3653375,3652929,446
260174381,56.3643,60.4244,448,24721,0.413121,0.47,1,3653413,3652965,448
260177301,40.5457,42.1698,448,24807,0.411249,0.53,1,3653443,3652995,448
260180221,31.8183,31.8679,449,24892,0.434499,0.49,1,3653469,3653020,449
260183141,39.1273,40.9472,446,24977,0.4438,0.49,1,3653513,3653067,446
260226941,31.2457,41.1196,474,26221,0.76065,0.59,2,3654360,3653886,474
260229861,40.0983,30.8478,496,26302,0.79026,0.63,2,3654406,3653910,496
260232781,80.8393,38.7391,560,26383,0.814104,0.67,2,3654514,3653954,560
260235701,49.1357,79.6957,481,26463,0.823642,0.63,2,3654542,3654061,481
260238621,69.4543,49.2783,535,26543,0.851457,0.65,2,3654625,3654090,535
260241541,85.9817,68.9113,550,26623,0.874583,0.71,2,3654722,3654172,550
260244461,57.7927,83.9645,495,26703,0.883833,0.73,2,3654761,3654266,495
260375861,85.0542,87.3467,481,30064,0.85,1,2,3657081,3656600,481
260378781,56.2217,58.3387,479,30134,0.754,1,2,3657118,3656639,479
260387541,53.8302,38.2217,505,30344,0.250096,1,1,3657279,3656774,505
260393381,36.3328,36.1155,506,30484,0.0472154,1,1,3657348,3656842,506
260396301,28.9331,34.8462,496,30553,0.0488861,1,1,3657372,3656876,496
260399221,34.9733,40.3385,491,30622,0.0735545,1,1,3657411,3656920,491
260402141,39.1893,46.1354,483,30691,0.0594218,0.75,1,3657453,3656970,483
260405061,69.6757,85.0542,462,30760,0.0417687,0.69,1,3657543,3657081,462
260407981,48.8703,56.2217,460,30829,0.0347075,0.59,1,3657578,3657118,460
260410901,53.1481,62.6887,449,30898,0.013883,0.43,1,3657634,3657185,449
260413821,37.4592,46.0755,441,30966,0.0475532,0.07,1,3657661,3657220,441
260416741,40.7837,53.8302,425,31034,0.0610213,0.03,1,3657704,3657279,425
260419661,38.5135,44.3321,424,31102,0.0424085,0,1,3657741,3657317,424
260422581,33.4054,36.3328,423,31170,0.0229634,0.05,1,3657771,3657348,423
260425501,27.1622,28.9331,422,31238,0.00918536,0.09,1,3657794,3657372,422
260428421,37.8649,34.9733,428,31306,0.0456741,0.09,1,3657839,3657411,428
260431341,36.7459,13.9893,464,31374,0.0362697,0.05,1,3657875,3657411,464
260434261,68.0984,30.7957,511,31441,0.0445079,0.03,1,3657964,3657453,511
260437181,48.2393,66.3183,456,31508,0.0358031,0.03,1,3657999,3657543,456
260440101,52.8957,47.5273,477,31575,0.0683213,0,1,3658055,3657578,477
260443021,39.1583,52.6109,451,31642,0.0573285,0.07,1,3658085,3657634,451
260445941,40.2633,37.2444,465,31709,0.0409314,0.07,1,3658126,3657661,465
260448861,37.7053,40.6977,458,31776,0.0343726,0.03,1,3658162,3657704,458
260451781,33.0821,38.4791,451,31843,0.055749,0.01,1,3658192,3657741,451
260454701,27.0329,33.3916,444,31909,0.0222996,0,1,3658215,3657771,444
260457621,39.6131,27.1567,469,31975,0.0389198,0.07,1,3658263,3657794,469
260460541,36.2453,37.8627,458,32041,0.0455679,0.03,1,3658297,3657839,458
260463461,68.4981,36.7451,512,32107,0.0242272,0.05,1,3658387,3657875,512
260466381,47.1992,68.098,456,32173,0.0636909,0.03,1,3658420,3657964,456
260469301,54.8797,48.2392,481,32239,0.0434763,0.09,1,3658480,3657999,481
260472221,38.7519,52.8957,453,32305,0.0473905,0.05,1,3658508,3658055,453
260475141,39.5008,39.1583,463,32370,0.0489562,0.03,1,3658548,3658085,463
260478061,37.4003,40.2633,458,32435,0.0495825,0.03,1,3658584,3658126,458
260480981,32.9601,37.7053,452,32500,0.049833,0.07,1,3658614,3658162,452
260483901,26.384,33.0821,444,32565,0.0499332,0,1,3658636,3658192,444
260486821,40.5536,27.0329,471,32630,0.0499733,0.05,1,3658686,3658215,471
260489741,36.0214,39.6131,456,32695,0.0499893,0.05,1,3658719,3658263,456
260492661,68.4086,36.2453,512,32760,0.0259957,0.01,1,3658809,3658297,512
260495581,28.5634,68.4981,424,32825,0.0163983,0.09,1,3658811,3658387,424
260498501,30.0254,47.1992,422,32889,0.0125593,0.03,1,3658842,3658420,422
260501421,48.6102,54.8797,423,32953,0.0110237,0.05,1,3658903,3658480,423
260504341,36.8441,38.7519,424,33017,0.0224095,0.05,1,3658932,3658508,424
260507261,38.7376,39.5008,424,33081,0.0629638,0.05,1,3658972,3658548,424
260510181,36.495,37.4003,423,33145,0.0671855,0.05,1,3659007,3658584,423
260513101,32.598,32.9601,423,33209,0.0688742,0.05,1,3659037,3658614,423
260516021,26.8392,26.384,424,33273,0.0695497,0.05,1,3659060,3658636,424
260518941,41.3357,40.5536,425,33337,0.0938199,0.05,1,3659111,3658686,425
260533541,48.2783,48.6102,422,33652,0.0891367,0.03,1,3659325,3658903,422
260556901,66.857,66.9737,426,34151,0.251414,0.13,1,3659658,3659232,426
260559821,27.9428,27.9895,426,34213,0.250566,0.13,1,3659660,3659234,426
260562741,29.1771,11.1958,456,34275,0.250226,0.11,1,3659690,3659234,456
260565661,47.0708,22.4783,485,34337,0.274091,0.07,1,3659749,3659264,485
260568581,38.6283,45.5913,457,34399,0.295636,0.11,1,3659782,3659325,457
260571501,40.6513,36.8365,468,34460,0.292254,0.19,1,3659824,3659356,468
260574421,36.6605,38.7346,462,34521,0.290902,0.15,1,3659858,3659396,462
260577341,35.0642,35.8938,462,34582,0.290361,0.17,1,3659892,3659430,462
260580261,27.2257,34.1575,451,34643,0.290144,0.17,1,3659914,3659463,451
260583181,42.0903,26.863,481,34704,0.266058,0.17,1,3659966,3659485,481
260586101,37.8361,41.3452,465,34765,0.268423,0.21,1,3660001,3659536,465
260600701,39.6226,47.0707,469,35068,0.441017,0.31,1,3660218,3659749,469
260603621,40.4491,38.6283,477,35128,0.446407,0.29,1,3660259,3659782,477
260656181,74.8875,71.8936,451,36196,0.755949,0.59,2,3660981,3660530,451
260662021,32.862,31.783,452,36312,0.758152,0.67,2,3661017,3660565,452
260664941,51.5448,48.7132,456,36370,0.789261,0.67,2,3661081,3660625,456
260667861,21.8179,20.6853,456,36428,0.801704,0.65,2,3661083,3660627,456
260670781,29.1272,29.8741,454,36486,0.818682,0.69,2,3661117,3660663,454
260673701,35.6509,35.9496,454,36544,0.873473,0.69,2,3661157,3660703,454
260676621,37.6603,35.9799,457,36602,0.895389,0.75,2,3661196,3660739,457
260828461,30.9836,28.1236,505,39492,0.88408,1,2,3663179,3662674,505
260831381,32.7935,41.2494,489,39545,0.815632,1,2,3663213,3662724,489
260845981,50.6091,46.7395,488,39810,0.271824,1,1,3663456,3662968,488
260857661,28.7852,31.4941,476,40022,0.0789107,0.93,1,3663561,3663085,476
260860581,29.5141,32.3977,473,40075,0.0375643,0.93,1,3663591,3663118,473
260863501,28.0056,12.9591,500,40128,0.0570257,0.92,1,3663618,3663118,500
260866421,25.6023,23.1836,494,40181,0.0888103,0.85,1,3663642,3663148,494
260869341,25.8409,27.8734,489,40234,0.0895241,0.77,1,3663668,3663179,489
260886861,27.1446,50.5963,442,40546,0.0849753,0.13,1,3663898,3663456,442
260889781,27.0579,28.6385,455,40598,0.0879901,0.11,1,3663925,3663470,455
260913141,63.2557,28.9364,512,41014,0.240174,0.13,1,3664211,3663699,512
260916061,37.3023,63.7745,445,41065,0.258069,0.09,1,3664231,3663786,445
260918981,30.5209,37.5098,451,41116,0.265228,0.13,1,3664257,3663806,451
260921901,41.0084,29.4039,475,41167,0.280091,0.15,1,3664305,3663830,475
260924821,26.0033,42.3616,440,41218,0.286036,0.05,1,3664321,3663881,440
260945261,12.4503,26.87,431,41575,0.405143,0.19,1,3664499,3664068,431
261003661,41.5502,41.3199,445,42580,0.765148,0.51,2,3665186,3664741,445
261006581,26.2201,26.1279,445,42630,0.756059,0.47,2,3665202,3664757,445
261009501,28.488,28.4512,445,42680,0.752424,0.49,2,3665232,3664787,445
261012421,31.1952,30.5805,446,42729,0.762969,0.49,2,3665265,3664819,446
261032861,28.49,8.75369,486,43072,0.760928,0.69,2,3665455,3664969,486
261035781,65.996,23.3015,544,43121,0.838371,0.69,2,3665546,3665002,544
261038701,38.9984,62.1206,477,43170,0.857348,0.75,2,3665567,3665090,477
261041621,32.9994,36.8482,486,43219,0.876939,0.73,2,3665596,3665110,486
261044541,41.9997,31.5393,506,43268,0.860776,0.79,2,3665644,3665138,506
261047461,26.3999,41.4157,474,43317,0.85431,0.75,2,3665660,3665186,474
261050381,28.56,26.1663,488,43366,0.851724,0.75,2,3665690,3665202,488
261053301,30.624,28.4665,490,43415,0.85069,0.77,2,3665722,3665232,490
261056221,32.6496,31.1866,491,43464,0.850276,0.73,2,3665756,3665265,491
261059141,31.0598,32.8746,487,43513,0.86211,0.73,2,3665786,3665299,487
261062061,32.2239,32.3499,488,43561,0.878844,0.69,2,3665819,3665331,488
261064981,30.8896,32.1399,486,43609,0.861538,0.75,2,3665849,3665363,486
261067901,13.5558,29.656,460,43657,0.854615,0.75,2,3665851,3665391,460
261070821,23.4223,13.0624,488,43705,0.827846,0.75,2,3665881,3665393,488
261073741,29.7689,23.225,492,43753,0.841138,0.77,2,3665915,3665423,492
261246021,35.2328,26.2565,536,46512,0.864375,1,2,3667862,3667326,536
261248941,33.8931,21.9026,550,46557,0.83175,1,2,3667895,3667345,550
261251861,32.7572,26.161,553,46602,0.7707,1,2,3667927,3667374,553
261254781,33.5029,60.2644,504,46647,0.77028,1,2,3667961,3667457,504
261269381,31.3434,34.9342,511,46872,0.402611,1,1,3668129,3667618,511
261278141,29.342,27.1718,506,47007,0.272247,1,1,3668206,3667700,506
261281061,28.5368,32.4687,498,47052,0.234899,1,1,3668234,3667736,498
261289821,31.6824,32.582,495,47187,0.0709535,0.81,1,3668320,3667825,495
261292741,30.6729,35.2328,488,47232,0.0463814,0.81,1,3668350,3667862,488
261295661,34.4692,33.8931,492,47277,0.0245526,0.73,1,3668387,3667895,492
261298581,34.7877,32.7572,495,47322,0.039821,0.77,1,3668422,3667927,495
261301501,34.3151,33.5029,495,47367,0.0579284,0.67,1,3668456,3667961,495
261304421,14.926,38.6012,455,47412,0.0651714,0.63,1,3668458,3668003,455
261307341,19.1704,32.2405,449,47456,0.0680685,0.49,1,3668480,3668031,449
261310261,27.4682,33.8962,447,47500,0.0812274,0.43,1,3668513,3668066,447
261313181,28.3873,33.3585,443,47544,0.098491,0.35,1,3668542,3668099,443
261319021,22.422,25.1374,438,47632,0.0889586,0.27,1,3668588,3668150,438
261321941,20.3688,23.8549,434,47676,0.0895834,0.25,1,3668607,3668173,434
261339461,29.4404,30.6729,422,47940,0.0812584,0.01,1,3668772,3668350,422
261342381,34.5762,34.4692,423,47984,0.0505034,0.05,1,3668810,3668387,423
261345301,35.4305,34.7877,424,48028,0.0262014,0.07,1,3668846,3668422,424
261354061,19.3075,19.1704,425,48160,0.200637,0.09,1,3668905,3668480,425
261356981,28.123,27.4682,426,48204,0.218255,0.11,1,3668939,3668513,426
261359901,29.2492,28.3873,427,48248,0.237302,0.13,1,3668969,3668542,427
261362821,27.2997,27.5549,426,48292,0.232921,0.07,1,3668995,3668569,426
261365741,20.5199,22.422,423,48336,0.231168,0.09,1,3669011,3668588,423
261368661,23.2079,20.3688,429,48380,0.242467,0.13,1,3669036,3668607,429
261371581,27.2832,27.9475,426,48424,0.270987,0.13,1,3669066,3668640,426
261389101,33.6584,34.5762,422,48683,0.299526,0.01,1,3669232,3668810,422
261392021,35.6634,35.4305,423,48726,0.24581,0.21,1,3669269,3668846,423
261394941,39.4653,35.1722,430,48769,0.248324,0.17,1,3669311,3668881,430
261397861,16.9861,15.2689,430,48812,0.27333,0.23,1,3669313,3668883,430
261400781,20.5945,19.3075,431,48855,0.295332,0.23,1,3669336,3668905,431
261406621,29.4551,23.4892,461,48941,0.295653,0.25,1,3669400,3668939,461
261459181,21.691,27.982,453,49712,0.405614,0.33,1,3669880,3669427,453
261462101,24.2764,20.7928,463,49754,0.432246,0.33,1,3669906,3669443,463
261465021,28.9106,23.9171,469,49796,0.442898,0.33,1,3669938,3669469,469
261549701,31.3365,30.7171,449,51008,0.759448,0.55,2,3670722,3670273,449
261552621,13.7346,13.4869,449,51049,0.789779,0.63,2,3670724,3670275,449
261555541,24.6938,23.3947,451,51090,0.801912,0.63,2,3670756,3670305,451
261558461,20.6775,20.1579,451,51131,0.830765,0.65,2,3670774,3670323,451
261561381,25.671,24.2632,453,51172,0.866306,0.67,2,3670803,3670350,453
261819801,332.207,333.236,508,24820,0.862,0.93,2,3673270,3672762,508
261822721,164.083,167.494,503,24905,0.8788,1,2,3673322,3672819,503
261825641,116.033,105.398,523,24990,0.89752,0.97,2,3673406,3672883,523
261828561,90.8133,95.5591,508,25075,0.857008,0.94,2,3673480,3672972,508
261831481,72.9253,75.4236,507,25160,0.864803,0.85,2,3673541,3673034,507
261834401,68.7701,76.3695,496,25244,0.879921,0.83,2,3673607,3673111,496
261837321,58.708,64.7478,491,25328,0.897969,0.83,2,3673659,3673168,491
261840241,39.6832,51.6991,475,25412,0.893187,0.77,2,3673686,3673211,475
261843161,32.6733,40.4796,470,25495,0.891275,0.77,2,3673714,3673244,470
261846081,55.0693,31.7919,514,25578,0.86651,0.89,2,3673784,3673270,514
262059241,45.6321,41.3126,492,31047,0.868,1,2,3677647,3677155,492
262065081,53.6211,46.93,499,31183,0.43528,1,1,3677771,3677272,499
262068001,45.4484,47.572,491,31251,0.252112,1,1,3677811,3677320,491
262073841,52.3918,16.0115,551,31387,0.0607379,1,1,3677906,3677355,551
262076761,50.3567,59.8046,511,31454,0.0542952,1,1,3677955,3677444,511
262079681,44.7427,43.7218,519,31521,0.0217181,1,1,3677996,3677477,519
262082601,40.0971,45.0887,510,31588,0.0746872,1,1,3678033,3677523,510
262085521,35.2388,40.8355,504,31655,0.0598749,1,1,3678065,3677561,504
262088441,41.6955,37.3342,515,31722,0.02995,0.78,1,3678111,3677596,515
262091361,52.0782,45.5337,523,31789,0.06598,0.61,1,3678170,3677647,523
262094281,41.2313,65.0135,479,31856,0.068392,0.25,1,3678204,3677725,479
262097201,35.0925,53.6054,464,31922,0.0693568,0.13,1,3678235,3677771,464
262100121,32.637,45.4422,455,31988,0.0697427,0.01,1,3678266,3677811,455
262103041,50.8548,37.9769,485,32054,0.0338971,0.03,1,3678329,3677844,485
262105961,49.1419,52.3907,471,32120,0.0315588,0.05,1,3678377,3677906,471
262108881,43.6568,50.3563,462,32186,0.0126235,0,1,3678417,3677955,462
262111801,40.2627,44.7425,459,32252,0.0350494,0.11,1,3678455,3677996,459
262114721,37.1051,40.097,457,32318,0.0320198,0.05,1,3678490,3678033,457
262132241,50.427,32.637,485,32708,0.0713036,0.01,1,3678751,3678266,485
262135161,21.3708,50.8548,424,32773,0.0465214,0.03,1,3678753,3678329,424
262138081,36.7483,49.1419,423,32838,0.0606086,0,1,3678800,3678377,423
262141001,38.6993,43.6568,423,32902,0.0242434,0.05,1,3678840,3678417,423
262143921,38.2797,40.2627,423,32966,0.0396974,0.03,1,3678878,3678455,423
262146841,38.1119,37.1051,426,33030,0.0338789,0.17,1,3678916,3678490,426
262149761,41.0448,40.042,427,33094,0.0555516,0.15,1,3678959,3678532,427
262155601,42.2072,42.0467,427,33222,0.0820883,0.15,1,3679055,3678628,427
262158521,36.6829,35.4187,429,33286,0.0628353,0.13,1,3679088,3678659,429
262161441,30.2731,31.5675,426,33350,0.0671341,0.03,1,3679114,3678688,426
262164361,48.1093,50.427,423,33413,0.0688536,0.03,1,3679174,3678751,423
262167281,20.4437,21.3708,423,33476,0.0455415,0.07,1,3679176,3678753,423
262170201,35.7775,36.7483,422,33539,0.0482166,0,1,3679222,3678800,422
262173121,38.311,38.6993,422,33602,0.0192866,0.05,1,3679262,3678840,422
262176041,38.1244,38.2797,422,33665,0.0137147,0.03,1,3679300,3678878,422
262178961,38.0498,38.1119,422,33728,0.0114859,0.07,1,3679338,3678916,422
262181881,42.8199,41.0448,425,33791,0.0465943,0.13,1,3679384,3678959,425
262184801,54.328,53.0179,426,33854,0.0726377,0.07,1,3679446,3679020,426
262193561,30.621,30.2731,425,34040,0.216089,0.07,1,3679539,3679114,425
262196481,46.4484,48.1093,422,34102,0.248436,0.03,1,3679596,3679174,422
262199401,19.7794,20.4437,422,34164,0.261374,0.05,1,3679598,3679176,422
262205241,37.6047,14.311,461,34288,0.0730199,0,1,3679683,3679222,461
262208161,37.8419,29.7244,459,34350,0.0592079,0.01,1,3679721,3679262,459
262211081,37.9368,34.6898,459,34412,0.0416832,0.01,1,3679759,3679300,459
262214001,43.9747,36.6759,469,34473,0.0466733,0.07,1,3679807,3679338,469
262216921,56.5899,42.2704,488,34534,0.0486693,0.09,1,3679872,3679384,488
262219841,44.236,54.1081,462,34595,0.0734677,0.19,1,3679908,3679446,462
262222761,38.0944,42.0433,462,34656,0.0833871,0.23,1,3679942,3679480,462
262225681,32.6378,36.0173,459,34717,0.0993548,0.23,1,3679971,3679512,459
262240281,37.4478,37.6043,461,35021,0.0797662,0.05,1,3680144,3679683,461
262243201,36.5791,37.8417,459,35081,0.0499065,0.03,1,3680180,3679721,459
262246121,44.0317,37.9367,470,35141,0.0379626,0.05,1,3680229,3679759,470
262249041,58.4127,43.9747,490,35201,0.033185,0.05,1,3680297,3679807,490
262251961,44.9651,56.5899,461,35261,0.043274,0.09,1,3680333,3679872,461
262254881,38.386,44.2359,459,35321,0.0833096,0.09,1,3680367,3679908,459
262257801,33.3544,38.0944,455,35381,0.0993238,0.11,1,3680397,3679942,455
262269481,30.7147,33.0488,457,35620,0.227327,0.13,1,3680527,3680070,457
262272401,36.2859,33.6195,463,35679,0.228931,0.05,1,3680567,3680104,463
262275321,15.7143,37.4478,425,35738,0.229572,0.03,1,3680569,3680144,425
262278241,26.6857,36.5791,423,35797,0.217829,0.03,1,3680603,3680180,423
262281161,40.0743,44.0317,423,35856,0.213132,0.03,1,3680652,3680229,423
262284081,57.4297,58.4127,424,35915,0.223253,0.05,1,3680721,3680297,424
262287001,45.7719,44.9651,426,35974,0.263301,0.11,1,3680759,3680333,426
262289921,39.3088,38.386,427,36033,0.25532,0.11,1,3680794,3680367,427
262292841,34.3235,33.3544,428,36092,0.264128,0.21,1,3680825,3680397,428
262295761,50.3294,47.5418,432,36151,0.279651,0.17,1,3680886,3680454,432
262298681,21.3318,20.2167,432,36209,0.261861,0.21,1,3680888,3680456,432
262301601,33.7327,33.2867,432,36267,0.266744,0.25,1,3680930,3680498,432
262304521,32.0931,30.7147,434,36325,0.256698,0.23,1,3680961,3680527,434
262307441,36.2372,36.2859,433,36383,0.240679,0.23,1,3681000,3680567,433
262310361,15.6949,15.7143,433,36441,0.258272,0.21,1,3681002,3680569,433
262313281,26.078,26.6857,432,36499,0.265309,0.21,1,3681035,3680603,432
262316201,39.8312,40.0743,432,36557,0.280123,0.23,1,3681084,3680652,432
262319121,57.9325,57.4297,433,36615,0.286049,0.29,1,3681154,3680721,433
262322041,46.573,45.7719,434,36673,0.26442,0.25,1,3681193,3680759,434
262324961,39.6292,39.3088,434,36731,0.291768,0.27,1,3681228,3680794,434
262327881,33.8517,34.3235,433,36789,0.290707,0.29,1,3681258,3680825,433
262339561,32.8826,32.0931,434,37017,0.40541,0.23,1,3681395,3680961,434
262342481,35.953,36.2372,433,37074,0.444164,0.27,1,3681433,3681000,433
262406721,36.4604,22.0438,492,38308,0.767067,0.53,2,3682251,3681759,492
262409641,34.9842,35.8175,481,38363,0.792827,0.53,2,3682285,3681804,481
262412561,39.7937,34.727,490,38418,0.839131,0.59,2,3682328,3681838,490
262415481,17.1175,37.8908,452,38473,0.857652,0.55,2,3682330,3681878,452
262418401,26.047,16.3563,482,38528,0.877061,0.59,2,3682362,3681880,482
262421321,41.6188,25.7425,502,38583,0.896824,0.63,2,3682414,3681912,502
262628641,32.1675,35.6616,481,42293,0.894016,1,2,3684974,3684493,481
262634481,35.6268,41.9459,478,42393,0.885843,1,2,3685041,3684563,478
262637401,34.6507,34.1783,483,42443,0.810337,1,2,3685075,3684592,483
262640321,46.2603,40.0713,493,42493,0.798135,1,2,3685129,3684636,493
262643241,38.9041,32.8285,499,42543,0.769254,1,2,3685163,3684664,499
262684121,37.1247,45.7662,490,43231,0.417536,0.75,1,3685619,3685129,490
262710401,26.6421,31.7306,472,43669,0.411986,0.63,1,3685893,3685421,472
262716241,32.4627,24.9969,484,43765,0.405518,0.55,1,3685952,3685468,484
262719161,28.5851,32.1988,473,43813,0.420207,0.49,1,3685978,3685505,473
262722081,41.434,30.2795,494,43861,0.438083,0.47,1,3686028,3685534,494
262768801,32.6246,33.9736,445,44625,0.771819,0.47,2,3686502,3686057,445
262771721,34.6498,33.9894,447,44672,0.758728,0.51,2,3686538,3686091,447
262774641,22.2599,21.9958,447,44719,0.777491,0.55,2,3686552,3686105,447
262777561,34.704,33.3983,449,44766,0.808996,0.57,2,3686595,3686146,449
262780481,34.2816,33.1593,450,44813,0.845599,0.57,2,3686629,3686179,450
262783401,28.1126,27.6637,450,44860,0.860239,0.61,2,3686653,3686203,450
262786321,37.0451,35.0655,453,44907,0.854096,0.63,2,3686696,3686243,453
262789241,37.618,36.2262,454,44954,0.851638,0.65,2,3686734,3686280,454
262792161,33.6472,33.0905,454,45001,0.886655,0.67,2,3686765,3686311,454
262795081,28.4589,27.6362,455,45048,0.888662,0.67,2,3686790,3686335,455
262798001,23.9836,23.0545,456,45095,0.877465,0.69,2,3686811,3686355,456
262800921,32.9934,32.0218,457,45142,0.872986,0.69,2,3686850,3686393,457
262803841,14.3974,14.0087,457,45189,0.871194,0.77,2,3686852,3686395,457
262806761,23.1589,22.4035,458,45236,0.870478,0.75,2,3686881,3686423,458
262812601,32.9854,32.6246,459,45330,0.896476,0.75,2,3686961,3686502,459
263087081,77.0291,60.19,517,23460,0.775575,0.47,2,3690335,3689818,517
263090001,63.8116,67.876,499,23550,0.79623,0.49,2,3690390,3689891,499
263092921,48.3246,59.5504,483,23640,0.804492,0.47,2,3690428,3689945,483
263095841,39.1299,47.2202,477,23730,0.819797,0.51,2,3690461,3689984,477
263098761,68.4519,37.4881,534,23819,0.825919,0.51,2,3690549,3690015,534
263101681,70.5808,66.5952,520,23908,0.864368,0.53,2,3690621,3690101,520
263104601,29.4323,68.6381,452,23997,0.855747,0.81,2,3690623,3690171,452
263230161,64.5735,67.2227,490,27538,0.861616,1,2,3693159,3692669,490
263236001,52.6918,43.2756,510,27692,0.429459,1,1,3693277,3692767,510
263241841,37.1107,37.8841,505,27844,0.230713,1,1,3693347,3692842,505
263247681,64.2577,71.4615,480,27996,0.0537141,1,1,3693479,3692999,480
263250601,52.7031,49.5846,490,28072,0.0214857,1,1,3693524,3693034,490
263253521,40.2812,50.4338,471,28147,0.0385943,0.77,1,3693556,3693085,471
263256441,53.9125,64.5735,460,28222,0.0574377,0.49,1,3693619,3693159,460
263259361,60.565,73.2294,446,28297,0.0649751,0.29,1,3693684,3693238,446
263262281,42.826,52.6918,438,28372,0.06799,0.29,1,3693715,3693277,438
263265201,36.3304,21.0767,470,28447,0.045196,0.25,1,3693747,3693277,470
263268121,33.1322,30.6307,464,28521,0.0360784,0.17,1,3693778,3693314,464
263271041,42.6529,32.0523,480,28595,0.0444314,0.07,1,3693827,3693347,480
263273961,60.8611,47.6209,495,28669,0.0357725,0,1,3693900,3693405,495
263276881,52.5445,63.4484,468,28743,0.014309,0,1,3693947,3693479,468
263279801,39.0178,52.3793,453,28817,0.0597236,0.05,1,3693977,3693524,453
263282721,54.0071,40.1517,485,28890,0.0538894,0.07,1,3694041,3693556,485
263285641,60.6028,53.8607,487,28963,0.0875558,0.07,1,3694106,3693619,487
263288561,44.0411,60.5443,455,29036,0.0890223,0.07,1,3694139,3693684,455
263294401,32.8466,36.3271,453,29182,0.209844,0.03,1,3694200,3693747,453
263297321,41.9386,33.1308,470,29255,0.269937,0.05,1,3694248,3693778,470
263300241,60.5755,42.6523,494,29327,0.233975,0.03,1,3694321,3693827,494
263303161,53.6302,60.8609,470,29399,0.09359,0,1,3694370,3693900,470
263306081,41.2521,52.5444,456,29471,0.079436,0.09,1,3694403,3693947,456
263309001,53.1008,39.0177,487,29543,0.0617744,0.05,1,3694464,3693977,487
263311921,62.0403,54.0071,491,29615,0.0547098,0.11,1,3694532,3694041,491
263314841,45.8161,60.6028,461,29686,0.0398839,0.09,1,3694567,3694106,461
263317761,37.5265,44.0411,460,29757,0.0579536,0.19,1,3694599,3694139,460
263320681,35.4106,35.6165,464,29828,0.0891814,0.25,1,3694633,3694169,464
263344041,46.1812,45.8161,425,30391,0.201904,0.07,1,3694992,3694567,425
263346961,38.8725,37.5265,427,30461,0.206762,0.11,1,3695026,3694599,427
263355721,35.0318,36.1457,425,30668,0.263073,0.13,1,3695110,3694685,425
263373241,47.0739,46.1812,432,31080,0.400343,0.21,1,3695424,3694992,432
263399521,62.1572,53.3659,506,31687,0.412461,0.39,1,3695825,3695319,506
263402441,47.6629,62.1464,476,31754,0.434984,0.41,1,3695863,3695387,476
263405361,38.2652,47.0585,471,31821,0.443994,0.39,1,3695895,3695424,471
263428721,64.0107,53.393,511,32349,0.759123,0.43,2,3696268,3695757,511
263431641,48.4043,62.1572,481,32414,0.789649,0.45,2,3696306,3695825,481
263434561,38.5617,47.6629,475,32479,0.80186,0.45,2,3696338,3695863,475
263437481,37.0247,38.2652,479,32544,0.782744,0.47,2,3696374,3695895,479
263440401,16.0099,35.7061,447,32609,0.799098,0.47,2,3696376,3695929,447
263443321,38.804,15.4824,499,32674,0.805639,0.49,2,3696430,3695931,499
263446241,62.9216,37.393,526,32739,0.844256,0.63,2,3696509,3695983,526
263449161,26.3686,59.3572,454,32804,0.859702,0.67,2,3696511,3696057,454
263452081,38.1475,49.5429,457,32868,0.865881,0.75,2,3696557,3696100,457
263455001,37.459,40.8171,459,32932,0.868352,0.77,2,3696594,3696135,459
263457921,53.3836,53.5269,461,32996,0.893341,0.77,2,3696658,3696197,461
263603921,36.61,25.2227,516,36061,0.858544,1,2,3698789,3698273,516
263606841,33.244,31.0891,512,36120,0.841418,1,2,3698820,3698308,512
263627281,65.0393,73.89,483,36527,0.0646322,0.96,1,3699131,3698648,483
263633121,33.9263,39.0624,475,36643,0.0955411,0.94,1,3699190,3698715,475
263636041,30.3705,39.025,464,36701,0.0922165,0.81,1,3699218,3698754,464
263638961,31.9482,36.61,462,36759,0.0668866,0.83,1,3699251,3698789,462
263641881,29.5793,33.244,459,36816,0.0687546,0.47,1,3699279,3698820,459
263644801,41.8317,49.8976,448,36873,0.0815019,0.39,1,3699329,3698881,448
263647721,33.5327,38.559,445,36930,0.0626007,0.19,1,3699357,3698912,445
263650641,34.4131,41.2236,437,36987,0.0550403,0.11,1,3699392,3698955,437
263653561,29.3652,34.4894,433,37044,0.0640161,0.11,1,3699418,3698985,433
263656481,27.9461,32.9958,428,37101,0.0436064,0.15,1,3699445,3699017,428
263659401,25.5784,27.5983,428,37158,0.0834426,0.15,1,3699469,3699041,428
263662321,61.2314,11.0393,513,37215,0.051377,0.01,1,3699554,3699041,513
263665241,44.8926,58.4157,457,37272,0.0625508,0.13,1,3699588,3699131,457
263668161,33.557,43.1663,450,37329,0.0670203,0.09,1,3699614,3699164,450
263671081,29.0228,32.8665,450,37386,0.0808081,0.09,1,3699640,3699190,450
263674001,30.8091,29.9466,454,37443,0.0623232,0.05,1,3699672,3699218,454
263676921,30.3236,31.7786,451,37499,0.0789293,0.07,1,3699702,3699251,451
263679841,42.1295,29.5115,473,37555,0.0615717,0.09,1,3699752,3699279,473
263682761,32.4518,41.8046,449,37611,0.0306287,0.05,1,3699778,3699329,449
263685681,35.1807,33.5218,458,37667,0.0302515,0.05,1,3699815,3699357,458
263688601,29.0723,34.4087,448,37723,0.0421006,0.07,1,3699840,3699392,448
263691521,27.8289,29.3635,449,37779,0.0348402,0.03,1,3699867,3699418,449
263694441,28.5316,27.9454,451,37835,0.0799361,0.11,1,3699896,3699445,451
263700281,46.5651,61.2313,460,37947,0.0619898,0.07,1,3700014,3699554,460
263703201,31.226,44.8925,447,38003,0.0427959,0.07,1,3700035,3699588,447
263706121,29.2904,33.557,449,38059,0.0471184,0.09,1,3700063,3699614,449
263709041,29.7162,29.0228,453,38115,0.0728473,0.05,1,3700093,3699640,453
263711961,32.2865,30.8091,455,38170,0.0711389,0.09,1,3700127,3699672,455
263735321,45.5973,59.4126,460,38610,0.205463,0.03,1,3700436,3699976,460
263738241,19.4389,46.5651,424,38665,0.208185,0.03,1,3700438,3700014,424
263741161,19.7756,31.226,423,38720,0.233274,0.05,1,3700458,3700035,423
263744081,26.5102,29.2904,426,38775,0.24331,0.09,1,3700489,3700063,426
263747001,28.6041,29.7162,426,38829,0.247324,0.07,1,3700519,3700093,426
263749921,32.4416,32.2865,427,38883,0.26093,0.13,1,3700554,3700127,427
263767441,32.0986,30.7334,430,39207,0.414792,0.23,1,3700752,3700322,430
263770361,60.8394,58.4934,433,39261,0.447917,0.21,1,3700832,3700399,433
263872561,37.9835,32.4307,492,41101,0.788625,0.61,2,3702005,3701513,492
263875481,30.7934,37.5723,477,41152,0.81345,0.61,2,3702031,3701554,477
263878401,26.7174,30.6289,475,41203,0.82338,0.61,2,3702055,3701580,475
263881321,33.4869,26.6516,489,41254,0.839352,0.61,2,3702093,3701604,489
263884241,63.7948,33.4606,535,41305,0.845741,0.61,2,3702177,3701642,535
264021481,336.585,334.404,511,18980,0.79,1,2,3703802,3703291,511
264063821,79.3634,43.5735,541,20451,0.794415,0.57,2,3704838,3704297,541
264066741,68.9453,72.6294,511,20555,0.815766,0.61,2,3704900,3704389,511
264069661,109.778,65.0518,588,20658,0.836306,0.67,2,3705037,3704449,588
264072581,79.3113,106.421,513,20761,0.832523,0.69,2,3705096,3704583,513
264075501,63.5245,77.3683,508,20863,0.843009,0.69,2,3705149,3704641,508
264078421,56.6098,61.5473,509,20965,0.883204,0.73,2,3705201,3704692,509
264081341,23.8439,55.8189,459,21066,0.899281,0.85,2,3705203,3704744,459
264084261,69.5376,78.7276,465,21167,0.893713,0.83,2,3705303,3704838,465
264087181,63.815,68.691,463,21267,0.891485,0.85,2,3705363,3704900,463
264160181,63.5112,59.5893,541,23633,0.886,1,2,3707090,3706549,541
264163101,44.6045,59.2357,514,23723,0.7924,1,2,3707122,3706608,514
264203981,53.2822,52.2986,449,24944,0.773721,0.59,2,3707940,3707491,449
264206901,56.7129,56.3194,449,25029,0.807488,0.61,2,3707999,3707550,449
264209821,41.8851,41.1278,450,25114,0.796995,0.69,2,3708031,3707581,450
264212741,59.9541,56.6511,455,25198,0.816798,0.69,2,3708103,3707648,455
264215661,43.1816,42.4604,454,25282,0.824719,0.63,2,3708135,3707681,454
264218581,36.4726,36.7842,453,25366,0.827888,0.69,2,3708167,3707714,453
264221501,79.9891,79.5137,454,25450,0.889155,0.69,2,3708276,3707822,454
264300341,62.0519,56.4796,485,27608,0.887152,1,2,3709821,3709336,485
264303261,45.2208,36.9918,495,27685,0.888861,1,2,3709855,3709360,495
264408381,58.1953,61.8436,482,30314,0.869296,1,2,3711713,3711231,482
264411301,43.6781,45.1374,482,30384,0.845718,1,2,3711747,3711265,482
264414221,40.2712,39.055,485,30454,0.752287,1,2,3711785,3711300,485
264437581,54.9422,58.1953,462,31005,0.287344,0.83,1,3712175,3711713,462
264440501,42.3769,43.6781,462,31073,0.276938,0.69,1,3712209,3711747,462
264443421,36.1508,40.2712,456,31141,0.284775,0.63,1,3712241,3711785,456
264446341,44.4603,45.5085,457,31209,0.28791,0.65,1,3712291,3711834,457
264449261,24.3841,27.2034,453,31277,0.277164,0.65,1,3712302,3711849,453
264452181,30.7536,10.8814,488,31345,0.236866,0.61,1,3712337,3711849,488
264455101,31.5015,28.9525,479,31413,0.268746,0.59,1,3712369,3711890,479
264466781,51.408,78.6884,470,31681,0.414544,0.25,1,3712606,3712136,470
264522261,60.2973,63.2612,452,32926,0.76568,0.59,2,3713380,3712928,452
264525181,73.3189,75.1045,451,32990,0.804272,0.61,2,3713462,3713011,451
264528101,52.1276,52.2418,452,33054,0.831709,0.63,2,3713500,3713048,452
264531021,43.651,43.0967,453,33118,0.818684,0.61,2,3713538,3713085,453
264533941,39.0604,39.4387,452,33182,0.825473,0.61,2,3713574,3713122,452
264536861,46.2242,46.3755,452,33246,0.852189,0.61,2,3713625,3713173,452
264539781,26.2897,25.7502,453,33310,0.862876,0.67,2,3713638,3713185,453
264542701,32.7159,31.3001,455,33373,0.87915,0.69,2,3713675,3713220,455
264545621,34.6863,33.52,456,33436,0.87366,0.69,2,3713711,3713255,456
264548541,15.0745,14.608,456,33499,0.895464,0.71,2,3713713,3713257,456
264685781,62.1275,58.1385,495,36348,0.89479,1,2,3715742,3715247,495
264688701,44.651,37.6554,504,36406,0.807916,1,2,3715775,3715271,504
264700381,39.5287,37.9768,494,36638,0.403099,1,1,3715962,3715468,494
264706221,30.4446,37.5163,474,36754,0.248096,0.87,1,3716022,3715548,474
264714981,23.9325,25.297,472,36925,0.0492381,0.87,1,3716095,3715623,472
264717901,27.573,32.3188,465,36982,0.0256952,0.89,1,3716125,3715660,465
264720821,59.6292,62.1275,464,37039,0.0402781,0.75,1,3716206,3715742,464
264723741,41.2517,44.651,460,37096,0.0341112,0.69,1,3716235,3715775,460
264726661,48.9007,53.2604,455,37153,0.0316445,0.69,1,3716289,3715834,455
264729581,49.5603,21.3042,505,37210,0.0186578,0.57,1,3716339,3715834,505
264732501,34.8241,41.5217,475,37267,0.0734631,0.43,1,3716364,3715889,475
264750021,23.5933,23.7788,446,37606,0.0758932,0.01,1,3716517,3716071,446
264752941,27.4373,23.9115,452,37662,0.0723573,0.01,1,3716547,3716095,452
264755861,58.9749,27.5646,502,37718,0.0469429,0.05,1,3716627,3716125,502
264758781,41.59,59.6258,451,37774,0.0367772,0.03,1,3716657,3716206,451
264761701,49.636,41.2503,477,37830,0.0687109,0.03,1,3716712,3716235,477
264764621,50.4544,48.9001,474,37886,0.0694843,0.01,1,3716763,3716289,474
264767541,35.7818,49.5601,450,37942,0.0937937,0.11,1,3716789,3716339,450
264790901,57.4578,27.4373,501,38385,0.0604451,0.03,1,3717048,3716547,501
264793821,42.7831,58.9749,454,38440,0.042178,0.03,1,3717081,3716627,454
264796741,49.5132,41.59,478,38495,0.0708712,0.09,1,3717135,3716657,478
264811341,30.8929,33.8051,429,38770,0.240966,0.13,1,3717284,3716855,429
264814261,23.1572,24.922,428,38824,0.270386,0.13,1,3717302,3716874,428
264817181,24.8629,25.5688,428,38878,0.258155,0.13,1,3717328,3716900,428
264820101,20.7451,21.0275,428,38932,0.277262,0.13,1,3717346,3716918,428
264823021,21.4981,21.611,428,38986,0.260905,0.09,1,3717368,3716940,428
264825941,24.1992,26.6444,424,39040,0.266362,0.03,1,3717394,3716970,424
264828861,55.8797,57.4578,423,39094,0.256545,0.03,1,3717471,3717048,423
264831781,42.7519,42.7831,424,39148,0.252618,0.09,1,3717505,3717081,424
264834701,51.3008,49.5132,427,39202,0.275047,0.15,1,3717562,3717135,427
264837621,52.9203,51.0053,429,39256,0.260019,0.19,1,3717616,3717187,429
264840541,39.7681,37.2021,432,39310,0.290008,0.19,1,3717647,3717215,432
264866821,55.9835,55.8797,435,39791,0.402467,0.25,1,3717906,3717471,435
264875581,52.9749,52.9203,434,39950,0.417678,0.31,1,3718050,3717616,434
264878501,40.39,39.7681,435,40003,0.413071,0.31,1,3718082,3717647,435
264881421,17.356,17.1072,435,40056,0.411228,0.33,1,3718084,3717649,435
264884341,27.9424,27.2429,436,40109,0.410491,0.33,1,3718119,3717683,436
264887261,32.777,10.8972,472,40162,0.410197,0.39,1,3718155,3717683,472
264890181,25.1108,24.7589,458,40215,0.410079,0.41,1,3718175,3717717,458
264893101,25.6443,21.3035,465,40268,0.422031,0.37,1,3718201,3717736,465
264896021,21.0577,24.1214,457,40320,0.438813,0.41,1,3718219,3717762,457
264898941,22.8231,20.4486,463,40372,0.445525,0.39,1,3718243,3717780,463
264963181,36.9831,27.8252,494,41506,0.818857,0.69,2,3719052,3718558,494
264966101,15.9932,33.9301,458,41557,0.825543,0.71,2,3719054,3718596,458
264969021,18.3973,26.172,457,41608,0.864217,0.75,2,3719074,3718617,457
264971941,24.1589,26.6688,458,41659,0.891687,0.73,2,3719102,3718644,458
265147141,335.768,369.29,454,20440,0.874,1,2,3721115,3720661,454
265196781,77.2921,76.6584,451,22138,0.782947,0.63,2,3722329,3721878,451
265199701,72.9168,71.4634,453,22234,0.823179,0.67,2,3722399,3721946,453
265202621,52.5667,51.9853,453,22329,0.839271,0.63,2,3722438,3721985,453
265205541,25.8267,25.5941,453,22424,0.821709,0.67,2,3722446,3721993,453
265208461,30.1307,29.4377,454,22519,0.838683,0.67,2,3722479,3722025,454
265211381,120.652,11.7751,635,22613,0.881473,0.73,2,3722660,3722025,635
265214301,77.0609,111.51,505,22707,0.898589,0.77,2,3722708,3722203,505
265217221,78.8244,73.404,537,22800,0.881436,0.81,2,3722788,3722251,537
265220141,75.3297,76.1616,532,22893,0.886574,0.85,2,3722861,3722329,532
265223061,52.9319,72.4646,500,22986,0.86463,0.85,2,3722899,3722399,500
265225981,25.9728,52.3859,469,23078,0.855852,0.81,2,3722907,3722438,469
265228901,30.1891,25.7543,494,23170,0.864341,0.85,2,3722940,3722446,494
265301901,87.8246,83.4174,492,25356,0.8428,1,2,3724628,3724136,492
265304821,54.9298,52.567,493,25440,0.79912,1,2,3724661,3724168,493
265307741,45.3719,21.0268,532,25523,0.769648,1,2,3724700,3724168,532
265328181,53.1651,87.7729,498,26098,0.785964,0.77,2,3725126,3724628,498
265331101,40.466,54.9092,497,26179,0.824386,0.75,2,3725158,3724661,497
265334021,50.3864,45.3637,515,26260,0.815754,0.73,2,3725215,3724700,515
265336941,52.5546,53.5455,510,26341,0.848302,0.65,2,3725269,3724759,510
265339861,35.4218,52.6182,482,26421,0.837321,0.67,2,3725293,3724811,482
265342781,26.7687,38.4473,474,26501,0.844928,0.61,2,3725314,3724840,474
265488781,54.918,45.5785,506,30238,0.852016,1,2,3728044,3727538,506
265512141,74.1102,89.7377,469,30794,0.0785581,0.98,1,3728425,3727956,469
265515061,48.2441,56.2951,466,30863,0.0374232,0.77,1,3728456,3727990,466
265517981,48.0976,54.918,460,30932,0.0209693,0.67,1,3728504,3728044,460
265520901,40.2391,44.7672,457,31000,0.0143877,0.51,1,3728539,3728082,457
265523821,40.0956,45.5069,451,31068,0.00575509,0.57,1,3728579,3728128,451
265526741,38.8382,42.2028,449,31136,0.00830203,0.51,1,3728617,3728168,449
265529661,34.7353,36.6811,448,31204,0.00332081,0.43,1,3728649,3728201,448
265532581,31.8941,40.4724,435,31272,0.0193283,0.29,1,3728679,3728244,435
265535501,30.7576,37.189,430,31340,0.0137313,0.29,1,3728709,3728279,430
265538421,41.1031,14.8756,478,31408,0.00549253,0.01,1,3728757,3728279,478
265541341,69.8412,38.3502,513,31475,0.032197,0.03,1,3728846,3728333,513
265544261,46.5365,70.5401,452,31542,0.0128788,0.01,1,3728877,3728425,452
265547181,47.4146,46.816,469,31609,0.0231515,0.01,1,3728925,3728456,469
265550101,39.9658,47.5264,456,31676,0.0392606,0.01,1,3728960,3728504,456
265553021,39.9863,40.0106,461,31743,0.0217042,0,1,3729000,3728539,461
265555941,38.7945,40.0042,459,31810,0.0386817,0.01,1,3729038,3728579,459
265558861,34.7178,38.8017,453,31877,0.0334727,0,1,3729070,3728617,453
265561781,31.8871,34.7207,451,31943,0.0553891,0.03,1,3729100,3728649,451
265564701,30.7548,31.8883,451,32009,0.0881556,0.01,1,3729130,3728679,451
265567621,41.1019,30.7553,469,32075,0.0892622,0,1,3729178,3728709,469
265570541,69.8408,41.1021,510,32141,0.0537049,0.05,1,3729267,3728757,510
265573461,49.5363,69.8408,457,32207,0.021482,0,1,3729303,3728846,457
265576381,45.6145,46.5363,469,32273,0.0265928,0.03,1,3729346,3728877,469
265579301,39.2458,47.4145,456,32339,0.0286371,0.05,1,3729381,3728925,456
265582221,39.6983,39.9658,461,32404,0.0294548,0.01,1,3729421,3728960,461
265585141,38.6793,39.9863,459,32469,0.0297819,0.05,1,3729459,3729000,459
265588061,34.6717,38.7945,453,32534,0.0179128,0.03,1,3729491,3729038,453
265590981,33.0687,34.7178,453,32599,0.0131651,0.07,1,3729523,3729070,453
265593901,33.6275,31.8871,457,32664,0.047266,0.11,1,3729557,3729100,457
265596821,39.851,30.7548,471,32729,0.0489064,0.09,1,3729601,3729130,471
265599741,17.1404,41.1019,425,32794,0.0495626,0.03,1,3729603,3729178,425
265602661,58.4562,69.8408,422,32858,0.037825,0,1,3729689,3729267,422
265605581,44.9825,49.5363,422,32922,0.09313,0.03,1,3729725,3729303,422
265608501,43.793,45.6145,422,32986,0.055252,0.03,1,3729768,3729346,422
265611421,38.5172,39.2458,422,33050,0.0521008,0.03,1,3729803,3729381,422
265614341,39.4069,39.6983,422,33114,0.0388403,0.03,1,3729843,3729421,422
265617261,39.1628,38.6793,423,33178,0.0335361,0.01,1,3729882,3729459,423
265620181,34.2651,34.6717,422,33242,0.0314145,0.01,1,3729913,3729491,422
265623101,33.506,33.0687,423,33306,0.0305658,0.07,1,3729946,3729523,423
265626021,35.0024,33.6275,425,33370,0.0422263,0.05,1,3729982,3729557,425
265628941,39.801,39.851,424,33433,0.0828905,0.05,1,3730025,3729601,424
265631861,17.1204,17.1404,424,33496,0.0751562,0.03,1,3730027,3729603,424
265634781,58.4482,58.4562,424,33559,0.0840625,0.13,1,3730113,3729689,424
265646461,39.2147,39.4069,422,33811,0.053944,0.03,1,3730265,3729843,422
265649381,39.6859,39.1628,423,33874,0.0275776,0.03,1,3730305,3729882,423
265652301,33.8743,34.2651,422,33936,0.029031,0.03,1,3730335,3729913,422
265655221,33.3497,33.506,422,33998,0.0296124,0.05,1,3730368,3729946,422
265658141,36.7399,35.0024,425,34060,0.029845,0.11,1,3730407,3729982,425
265661061,40.496,39.801,425,34122,0.053938,0.07,1,3730450,3730025,425
265663981,17.3984,17.1204,425,34184,0.0635752,0.09,1,3730452,3730027,425
265666901,59.1594,58.4482,426,34246,0.0434301,0.09,1,3730539,3730113,426
265669821,45.8637,23.3793,463,34308,0.023372,0.13,1,3730576,3730113,463
265672741,41.1455,30.9517,465,34370,0.0273488,0.15,1,3730614,3730149,465
265675661,37.4582,36.9807,459,34432,0.0289395,0.11,1,3730649,3730190,459
265678581,37.1833,35.7923,461,34493,0.0535758,0.01,1,3730686,3730225,461
265681501,38.8733,38.3169,461,34554,0.0514303,0.01,1,3730726,3730265,461
265684421,33.5493,39.3268,451,34615,0.0265721,0.03,1,3730756,3730305,451
265687341,33.2197,33.7307,454,34676,0.0406289,0.03,1,3730789,3730335,454
265690261,36.6879,33.2923,460,34737,0.0342515,0.03,1,3730828,3730368,460
265693181,41.0752,36.7169,465,34798,0.0317006,0.07,1,3730872,3730407,465
265696101,17.6301,40.4868,424,34859,0.0306802,0.07,1,3730874,3730450,424
265699021,59.252,17.3947,509,34920,0.0302721,0.03,1,3730961,3730452,509
265701941,45.9008,59.1579,459,34981,0.0421088,0.01,1,3730998,3730539,459
265704861,41.1603,45.8632,460,35041,0.0948435,0.03,1,3731036,3730576,460
265716541,32.6761,38.8733,451,35281,0.08446,0.01,1,3731177,3730726,451
265719461,32.8704,33.5493,454,35341,0.051784,0.05,1,3731210,3730756,454
265722381,37.1482,33.2197,461,35401,0.0267136,0.03,1,3731250,3730789,461
265725301,41.8593,36.6879,467,35461,0.0286854,0.03,1,3731295,3730828,467
265728221,17.9437,41.0752,425,35521,0.0534742,0.03,1,3731297,3730872,425
265731141,58.7775,17.6301,509,35581,0.0393897,0.03,1,3731383,3730874,509
265734061,45.711,59.252,459,35640,0.0217559,0.05,1,3731420,3730961,459
265736981,19.4844,45.9008,424,35699,0.0387023,0.13,1,3731422,3730998,424
265739901,33.5938,41.1603,429,35758,0.0454809,0.13,1,3731465,3731036,429
265742821,36.2375,38.0641,431,35817,0.0481924,0.19,1,3731503,3731072,431
265745741,34.295,36.2257,429,35876,0.0612769,0.07,1,3731536,3731107,429
265757421,36.7532,37.1482,423,36112,0.0744807,0.03,1,3731673,3731250,423
265760341,42.9013,41.8593,425,36171,0.0597923,0.07,1,3731720,3731295,425
265763261,18.3605,17.9437,425,36229,0.0539169,0.03,1,3731722,3731297,425
265766181,57.7442,58.7775,423,36287,0.0755668,0.01,1,3731806,3731383,423
265769101,45.2977,45.711,423,36345,0.0962267,0.05,1,3731843,3731420,423
265774941,32.9276,33.5938,422,36461,0.0837963,0.05,1,3731887,3731465,422
265777861,37.1711,36.2375,424,36519,0.0995185,0.07,1,3731927,3731503,424
265786621,30.9389,30.2072,428,36693,0.232209,0.09,1,3732028,3731600,428
265789541,30.9756,31.8829,426,36751,0.266884,0.05,1,3732059,3731633,426
265792461,33.9902,36.7532,422,36809,0.256753,0.05,1,3732095,3731673,422
265795381,42.9961,42.9013,424,36866,0.264701,0.05,1,3732144,3731720,424
265798301,18.3984,18.3605,424,36923,0.267881,0.09,1,3732146,3731722,424
265801221,58.9594,57.7442,426,36980,0.257152,0.11,1,3732232,3731806,426
265804141,45.1837,45.2977,425,37037,0.288861,0.11,1,3732268,3731843,425
265807061,19.2735,19.3191,425,37094,0.277544,0.07,1,3732270,3731845,425
265809981,32.9094,32.9276,425,37151,0.273018,0.07,1,3732312,3731887,425
265812901,38.9638,13.1711,468,37208,0.259207,0.11,1,3732355,3731887,468
265815821,36.5855,29.2684,463,37265,0.217683,0.19,1,3732390,3731927,463
265818741,39.8342,32.7074,470,37322,0.201073,0.19,1,3732432,3731962,470
265821661,32.7337,37.0829,458,37379,0.242429,0.27,1,3732460,3732002,458
265824581,32.2935,30.4332,464,37436,0.282972,0.29,1,3732492,3732028,464
265827501,34.5174,30.7733,469,37492,0.299189,0.25,1,3732528,3732059,469
265850861,35.2709,38.9636,465,37940,0.405282,0.19,1,3732820,3732355,465
265853781,39.3084,36.5855,472,37996,0.432113,0.19,1,3732862,3732390,472
265909261,59.7939,59.229,451,39038,0.794964,0.59,2,3733554,3733103,451
265912181,46.7175,46.4916,451,39092,0.815986,0.59,2,3733592,3733141,451
265915101,19.887,19.7966,451,39146,0.824394,0.65,2,3733594,3733143,451
265918021,36.1548,34.3187,454,39200,0.827758,0.65,2,3733641,3733187,454
265920941,38.4619,37.7275,454,39254,0.853103,0.65,2,3733681,3733227,454
265923861,35.7848,35.491,454,39308,0.863241,0.65,2,3733715,3733261,454
265926781,15.5139,15.3964,454,39362,0.867296,0.67,2,3733717,3733263,454
265929701,33.8056,33.1586,455,39416,0.868919,0.69,2,3733763,3733308,455
266093221,31.2478,26.742,506,42310,0.89032,1,2,3735766,3735260,506
266096141,29.8991,33.4968,497,42360,0.878128,1,2,3735795,3735298,497
266099061,35.3597,42.1987,488,42410,0.789251,1,2,3735834,3735346,488
266110741,41.0044,38.0691,491,42610,0.449949,1,1,3736012,3735521,491
266116581,35.6007,33.3311,488,42709,0.447592,1,1,3736073,3735585,488
266122421,22.9761,31.493,472,42807,0.401615,1,1,3736121,3735649,472
266125341,21.7904,23.9972,474,42856,0.406646,0.97,1,3736142,3735668,474
266128261,26.7162,28.7989,472,42905,0.408658,0.93,1,3736172,3735700,472
266134101,27.4346,31.2478,462,43003,0.416985,0.85,1,3736228,3735766,462
266154541,29.1789,40.9276,464,43346,0.428365,0.49,1,3736476,3736012,464
266169141,25.1954,21.7897,468,43590,0.442886,0.41,1,3736610,3736142,468
266236301,41.3338,38.9575,455,44689,0.763168,0.69,2,3737350,3736895,455
266239221,30.9335,30.583,454,44736,0.803267,0.63,2,3737374,3736920,454
266242141,33.9734,34.4332,453,44783,0.807307,0.65,2,3737410,3736957,453
266245061,30.9894,30.5733,454,44830,0.832923,0.67,2,3737439,3736985,454
266247981,25.5957,24.8293,455,44877,0.879169,0.67,2,3737461,3737006,455
266250901,21.0383,20.7317,455,44924,0.873668,0.67,2,3737479,3737024,455
266253821,26.4153,26.2927,455,44971,0.895467,0.69,2,3737509,3737054,455
266256741,29.7661,29.1171,456,45018,0.880187,0.71,2,3737541,3737085,456
266919581,23.0859,24.9629,499,54624,0.824771,1,2,3744267,3743768,499
267045141,24.0105,23.4748,452,56255,0.779575,0.57,2,3745296,3744844,452
267048061,27.6042,27.3899,452,56292,0.79783,0.63,2,3745326,3744874,452
267050981,32.0417,31.956,452,56329,0.769132,0.59,2,3745361,3744909,452
267053901,27.2167,26.5824,453,56366,0.769653,0.63,2,3745385,3744932,453
267056821,29.4867,30.433,451,56403,0.781861,0.63,2,3745416,3744965,451
267059741,39.9947,39.1732,453,56440,0.798744,0.63,2,3745463,3745010,453
267062661,27.9979,28.8693,451,56477,0.817498,0.61,2,3745483,3745032,451
267065581,29.1991,28.9477,452,56514,0.836999,0.65,2,3745513,3745061,452
267068501,32.6797,32.5791,452,56551,0.8568,0.63,2,3745548,3745096,452
267074341,20.8287,18.7727,456,56625,0.894288,0.69,2,3745589,3745133,456
267077261,21.5315,20.7091,456,56662,0.867715,0.71,2,3745611,3745155,456
267080181,20.6126,19.6836,457,56699,0.881086,0.71,2,3745631,3745174,457
267086021,22.738,22.5894,457,56773,0.898174,0.71,2,3745685,3745228,457
267088941,15.0952,15.0358,457,56810,0.893269,0.71,2,3745695,3745238,457
267337141,280.558,304.962,448,27740,0.2788,0.51,1,3748122,3747674,448
267380941,70.0239,52.5421,508,28865,0.209586,0.15,1,3748800,3748292,508
267383861,60.4096,70.2168,480,28938,0.233835,0.19,1,3748854,3748374,480
267386781,55.9638,58.0867,483,29011,0.267534,0.17,1,3748907,3748424,483
267389701,53.5855,55.0347,482,29084,0.281014,0.17,1,3748959,3748477,482
267392621,50.2342,55.0139,475,29157,0.298405,0.11,1,3749007,3748532,475
267404301,54.8876,40.898,493,29446,0.405511,0.19,1,3749150,3748657,493
267407221,71.155,53.5592,513,29518,0.432204,0.23,1,3749232,3748719,513
267448101,52.6838,50.964,451,30508,0.761138,0.59,2,3749894,3749443,451
267451021,22.2735,21.5856,451,30577,0.802455,0.61,2,3749896,3749445,451
267453941,17.3094,17.6342,450,30646,0.818982,0.57,2,3749910,3749460,450
267456861,9.32376,9.45369,450,30715,0.801593,0.57,2,3749914,3749464,450
267459781,42.7295,42.1815,451,30784,0.842637,0.63,2,3749979,3749528,451
267462701,56.0918,55.8726,451,30853,0.859055,0.67,2,3750044,3749593,451
267468541,65.2547,63.0596,457,30990,0.894649,0.71,2,3750190,3749733,457
267597021,68.2577,67.4204,483,33865,0.8068,1,2,3752217,3751734,483
267599941,47.7031,48.5682,481,33927,0.76072,1,2,3752251,3751770,481
267620381,65.1249,48.0563,567,34361,0.241481,1,1,3752509,3751942,567
267632061,43.8928,68.0942,489,34606,0.0926299,0.73,1,3752706,3752217,489
267655421,57.5282,65.1248,484,35092,0.207371,0.17,1,3752993,3752509,484
267658341,47.0113,58.4499,470,35152,0.232948,0.17,1,3753033,3752563,470
267661261,58.4045,48.58,494,35212,0.255179,0.09,1,3753099,3752605,494
267664181,42.5618,60.232,458,35272,0.240072,0.07,1,3753131,3752673,458
267667101,39.2247,43.8928,462,35332,0.270029,0.13,1,3753168,3752706,462
267670021,19.2899,38.5571,433,35392,0.282011,0.13,1,3753174,3752741,433
267684621,60.9002,26.551,512,35690,0.405099,0.19,1,3753367,3752855,512
267687541,25.5601,59.8204,432,35749,0.42004,0.23,1,3753369,3752937,432
267766381,60.5868,39.2436,525,37313,0.781641,0.69,2,3754435,3753910,525
267769301,43.4347,57.6974,487,37370,0.822656,0.69,2,3754467,3753980,487
267772221,40.1739,42.279,493,37427,0.851063,0.71,2,3754505,3754012,493
267775141,19.6696,40.3116,460,37483,0.862425,0.67,2,3754511,3754051,460
267778061,31.8678,19.7246,494,37539,0.87897,0.65,2,3754551,3754057,494
267780981,29.5471,32.4899,481,37595,0.885588,0.67,2,3754579,3754098,481
268037941,32.778,31.3566,501,42252,0.8992,1,2,3757849,3757348,501
268046701,32.8178,31.2388,503,42402,0.845949,1,2,3757944,3757441,503
268061301,33.8842,35.8965,502,42652,0.438599,1,1,3758117,3757615,502
268067141,31.1015,33.7034,488,42750,0.265776,1,1,3758179,3757691,488
268078821,28.5258,32.778,472,42946,0.0905639,0.95,1,3758321,3757849,472
268081741,26.4103,31.1112,467,42995,0.0662255,0.95,1,3758346,3757879,467
268084661,27.9641,12.4445,496,43044,0.0564902,0.93,1,3758375,3757879,496
268087581,27.3857,23.5778,492,43093,0.0225961,0.79,1,3758402,3757910,492
268090501,31.3543,29.8311,492,43142,0.0630384,0.65,1,3758436,3757944,492
268093421,32.3417,33.5324,489,43191,0.0672154,0.63,1,3758469,3757980,489
268143061,31.5073,26.4147,462,44014,0.227119,0.15,1,3758985,3758523,462
268145981,28.2029,31.5659,453,44062,0.228848,0.17,1,3759011,3758558,453
268148901,26.8812,28.2263,453,44110,0.229539,0.13,1,3759037,3758584,453
268151821,34.1525,26.8905,466,44158,0.241816,0.15,1,3759076,3758610,466
268154741,34.061,34.7562,460,44206,0.258726,0.19,1,3759110,3758650,460
268157661,37.6244,33.1025,468,44254,0.265491,0.13,1,3759150,3758682,468
268160581,29.4498,37.841,451,44302,0.292196,0.13,1,3759174,3758723,451
268186861,31.7084,31.5073,432,44728,0.419089,0.23,1,3759417,3758985,432
268189781,28.8833,28.2029,433,44775,0.413636,0.23,1,3759444,3759011,433
268192701,27.1533,26.8812,433,44822,0.435454,0.25,1,3759470,3759037,433
268195621,34.8613,34.1525,434,44869,0.420182,0.27,1,3759510,3759076,434
268277381,30.7904,32.5855,476,46168,0.771933,0.59,2,3760335,3759859,476
268280301,27.9162,29.2342,475,46214,0.782773,0.57,2,3760361,3759886,475
268283221,35.7665,27.2937,490,46260,0.799109,0.59,2,3760402,3759912,490
268286141,35.9066,34.9175,486,46306,0.805644,0.59,2,3760438,3759952,486
268289061,38.9626,35.567,491,46352,0.820257,0.63,2,3760479,3759988,491
268291981,32.9851,38.2268,480,46397,0.850103,0.67,2,3760508,3760028,480
268294901,25.194,32.0907,472,46442,0.862041,0.67,2,3760528,3760056,472
268297821,29.8776,24.8363,485,46487,0.878816,0.69,2,3760561,3760076,485
268300741,25.751,29.1345,476,46532,0.873527,0.67,2,3760584,3760108,476
268303661,11.5004,24.8538,456,46577,0.871411,0.71,2,3760586,3760130,456
268306581,26.2002,11.1415,490,46622,0.870564,0.65,2,3760622,3760132,490
268309501,35.6801,26.6566,495,46667,0.870226,0.67,2,3760664,3760169,495
268312421,37.072,34.0626,494,46712,0.87009,0.75,2,3760702,3760208,494
268315341,30.4288,35.2251,484,46757,0.894036,0.75,2,3760728,3760244,484
268505141,28.1194,27.177,518,49605,0.890311,1,2,3762693,3762175,518
268712461,156.614,162.559,505,24178,0.8884,1,2,3764767,3764262,505
268715381,121.446,102.823,540,24266,0.88936,1,2,3764865,3764325,540
268718301,89.3783,98.1294,513,24353,0.889744,0.99,2,3764933,3764420,513
268721221,77.1513,81.2518,512,24440,0.817898,0.95,2,3765002,3764490,512
268724141,72.8605,81.7007,500,24527,0.801159,1,2,3765072,3764572,500
268727061,73.5442,60.2803,528,24613,0.794464,0.91,2,3765146,3764618,528
268729981,48.0177,69.7121,483,24699,0.791785,0.97,2,3765177,3764694,483
268732901,29.4071,42.2848,476,24785,0.802714,0.85,2,3765194,3764718,476
268735821,34.5628,46.3139,465,24871,0.843086,0.89,2,3765232,3764767,465
268738741,72.0251,77.3256,464,24956,0.883234,0.89,2,3765329,3764865,464
268741661,69.6101,71.7302,464,25041,0.875294,0.77,2,3765397,3764933,464
268826341,50.1957,48.1865,490,27388,0.8512,1,2,3767069,3766579,490
268829261,30.8783,31.8746,487,27465,0.83848,1,2,3767087,3766600,487
268832181,34.5513,32.5498,491,27542,0.761392,1,2,3767124,3766633,491
268846781,68.9208,72.2229,486,27924,0.220888,0.93,1,3767442,3766956,486
268855541,24.3069,30.8783,458,28151,0.0609368,0.71,1,3767545,3767087,458
268858461,30.7228,34.5513,456,28226,0.0543747,0.67,1,3767580,3767124,456
268861381,27.8891,34.2205,448,28301,0.0637499,0.55,1,3767606,3767158,448
268864301,52.5556,56.8882,445,28376,0.0675,0.55,1,3767675,3767230,445
268867221,63.0223,22.7553,515,28451,0.045,0.43,1,3767745,3767230,515
268870141,58.2089,54.1021,495,28525,0.06,0.21,1,3767800,3767305,495
268873061,64.0836,61.8408,496,28599,0.042,0.15,1,3767868,3767372,496
268875981,64.6334,66.7363,491,28673,0.0708,0.15,1,3767933,3767442,491
268878901,38.4534,66.2945,446,28747,0.07032,0.11,1,3767954,3767508,446
268881821,23.1813,40.9178,435,28821,0.082128,0.01,1,3767967,3767532,435
268884741,30.2725,24.1671,457,28894,0.0868512,0.05,1,3768002,3767545,457
268887661,27.709,30.6668,448,28967,0.0887405,0.07,1,3768028,3767580,448
268899341,64.199,58.2075,492,29259,0.234256,0.03,1,3768292,3767800,492
268902261,64.0796,64.083,488,29331,0.279702,0.09,1,3768356,3767868,488
268905181,38.8318,64.6332,445,29403,0.297881,0.07,1,3768378,3767933,445
268911021,31.2931,23.1813,460,29547,0.296061,0.09,1,3768427,3767967,460
268931461,59.6964,64.0796,437,30045,0.418553,0.31,1,3768793,3768356,437
268934381,37.0786,38.8318,437,30115,0.437421,0.31,1,3768815,3768378,437
268937301,22.0314,22.7327,437,30185,0.444969,0.29,1,3768827,3768390,437
269001541,28.0514,31.2416,479,31691,0.753781,0.69,2,3769788,3769309,479
269004461,56.2206,28.0967,528,31758,0.787512,0.69,2,3769863,3769335,528
269007381,66.8882,55.0387,529,31825,0.813005,0.69,2,3769937,3769408,529
269010301,66.3553,67.6155,519,31891,0.859202,0.71,2,3770003,3769484,519
269013221,27.7421,64.8462,458,31957,0.877681,0.71,2,3770005,3769547,458
269147541,52.2345,54.185,518,34871,0.798905,1,2,3772088,3771570,518
269150461,38.2938,41.474,514,34932,0.769562,1,2,3772117,3771603,514
269176741,37.8682,46.7156,498,35473,0.75621,0.89,2,3772488,3771990,498
269182581,36.7789,52.2345,486,35592,0.758194,0.75,2,3772574,3772088,486
269191341,30.6018,39.127,457,35769,0.797084,0.71,2,3772650,3772193,457
269194261,26.6407,30.0508,457,35828,0.804834,0.71,2,3772674,3772217,457
269197181,24.4563,25.2203,458,35887,0.783933,0.75,2,3772697,3772239,458
269200101,53.5825,53.2881,459,35946,0.835573,0.71,2,3772770,3772311,459
269203021,53.233,54.3153,457,36005,0.868229,0.71,2,3772823,3772366,457
269205941,50.6932,49.9261,459,36064,0.869292,0.75,2,3772872,3772413,459
269208861,45.4773,45.1704,459,36123,0.893717,0.77,2,3772914,3772455,459
269211781,39.7909,37.8682,462,36182,0.879487,0.73,2,3772950,3772488,462
269388441,109.807,110.828,511,17881,0.0877584,0.55,1,3775498,3774987,511
269391361,76.923,92.9313,485,18000,0.0531034,0.27,1,3775553,3775068,485
269394281,48.1692,77.3725,447,18118,0.0392413,0.25,1,3775582,3775135,447
269397201,40.2677,48.949,452,18235,0.0456965,0,1,3775617,3775165,452
269400121,86.3071,107.78,422,18351,0.0362786,0.11,1,3775734,3775312,422
269403041,96.3228,101.912,427,18467,0.0205114,0.05,1,3775837,3775410,427
269405961,89.5291,93.5647,424,18582,0.0142046,0.03,1,3775922,3775498,424
269408881,68.2117,70.4259,423,18696,0.0836818,0.03,1,3775976,3775553,423
269411801,44.6847,45.5704,423,18810,0.0874727,0.05,1,3776005,3775582,423
269417641,85.7495,85.8913,423,19035,0.0631956,0.01,1,3776157,3775734,423
269420561,95.4998,96.1565,422,19146,0.0432783,0.01,1,3776259,3775837,422
269423481,90.3999,89.4626,424,19257,0.0353113,0.13,1,3776346,3775922,424
269426401,69.76,68.185,426,19367,0.0441245,0.09,1,3776402,3775976,426
269429321,45.304,44.674,426,19477,0.0836498,0.13,1,3776431,3776005,426
269432241,39.1216,38.8696,426,19586,0.0634599,0.13,1,3776466,3776040,426
269435161,82.8486,15.5478,538,19694,0.031384,0.03,1,3776578,3776040,538
269438081,94.9395,76.4191,524,19802,0.0425536,0.03,1,3776681,3776157,524
269441001,90.1758,91.7677,509,19909,0.0710214,0.03,1,3776768,3776259,509
269458521,92.102,94.9242,513,20540,0.274035,0.09,1,3777194,3776681,513
269476041,39.286,95.2549,432,21152,0.400934,0.33,1,3777536,3777104,432
269502321,68.1836,65.4458,450,22038,0.777101,0.57,2,3778141,3777691,450
269505241,47.0735,45.3783,451,22134,0.78484,0.65,2,3778174,3777723,451
269508161,40.4294,39.1513,452,22230,0.811936,0.71,2,3778210,3777758,452
269511081,85.1718,82.8605,455,22325,0.798774,0.67,2,3778325,3777870,455
269514001,97.6687,96.7442,455,22420,0.82951,0.71,2,3778431,3777976,455
269516921,40.2675,39.8977,455,22515,0.817804,0.71,2,3778433,3777978,455
269519841,77.907,15.9591,558,22609,0.813122,0.75,2,3778536,3777978,558
269522761,69.5628,66.3836,522,22703,0.823249,0.81,2,3778600,3778078,522
269525681,48.2251,64.3535,493,22796,0.851299,0.79,2,3778634,3778141,493
269528601,40.89,45.5414,496,22889,0.87452,0.83,2,3778670,3778174,496
269630801,67.548,56.1653,564,25932,0.836096,0.99,2,3780911,3780347,564
269674601,87.1596,90.4696,446,27131,0.773718,0.51,2,3781714,3781268,446
269677521,54.6638,55.3879,447,27209,0.807487,0.53,2,3781747,3781300,447
269680441,63.8655,63.5551,448,27287,0.832995,0.53,2,3781817,3781369,448
269683361,61.5462,61.4221,448,27365,0.843198,0.51,2,3781877,3781429,448
269686281,51.0185,50.3688,449,27442,0.871279,0.55,2,3781921,3781472,449
269689201,28.8074,28.5475,449,27519,0.858512,0.61,2,3781935,3781486,449
269692121,29.523,27.619,452,27596,0.877405,0.61,2,3781965,3781513,452
269695041,13.0092,12.2476,452,27673,0.860962,0.75,2,3781967,3781515,452
269697961,65.2037,61.899,457,27750,0.866385,0.83,2,3782067,3781610,457
269817681,59.5811,58.1919,497,30722,0.886,1,2,3784197,3783700,497
269820601,50.8324,62.2768,477,30791,0.7804,1,2,3784242,3783765,477
269835201,44.9052,50.1977,492,31133,0.292506,1,1,3784441,3783949,492
269841041,40.5448,47.6316,478,31269,0.076801,1,1,3784562,3784084,478
269843961,37.8179,45.4527,470,31337,0.0487204,1,1,3784598,3784128,470
269846881,51.1272,18.1811,530,31405,0.0194882,0.81,1,3784658,3784128,530
269849801,45.6509,48.6724,503,31472,0.0257953,0.71,1,3784700,3784197,503
269852721,42.2603,46.469,498,31539,0.0403181,0.57,1,3784740,3784242,498
269855641,36.7041,47.9876,482,31606,0.0161272,0.45,1,3784773,3784291,482
269858561,31.4817,40.195,475,31673,0.0244509,0.43,1,3784801,3784326,475
269861481,27.5927,35.878,467,31740,0.0157804,0.33,1,3784826,3784359,467
269864401,36.8371,31.1512,482,31807,0.0363121,0.23,1,3784869,3784387,482
269867321,75.9348,44.8605,530,31874,0.0325249,0,1,3784971,3784441,530
269870241,39.3739,83.3442,436,31940,0.0310099,0.05,1,3784986,3784550,436
269873161,36.7496,40.5377,459,32006,0.066404,0.03,1,3785021,3784562,459
269899441,40.4182,75.9348,438,32596,0.0691588,0.03,1,3785409,3784971,438
269902361,39.5673,39.3739,462,32661,0.0696635,0.09,1,3785448,3784986,462
269905281,51.8269,36.7496,487,32726,0.0698654,0.13,1,3785508,3785021,487
269908201,21.9308,50.0998,430,32791,0.0819462,0.11,1,3785510,3785080,430
269916961,35.9396,36.4944,431,32984,0.200845,0.21,1,3785626,3785195,431
269919881,30.5758,31.3978,430,33048,0.218338,0.17,1,3785653,3785223,430
269922801,26.6303,28.1591,428,33112,0.225335,0.19,1,3785677,3785249,428
269925721,35.8521,35.8636,429,33176,0.264134,0.09,1,3785719,3785290,429
269928641,71.3409,75.5455,422,33240,0.267654,0.03,1,3785814,3785392,422
269931561,39.3363,40.4182,423,33304,0.245061,0.07,1,3785832,3785409,423
269934481,40.3345,39.5673,425,33368,0.236025,0.07,1,3785873,3785448,425
269937401,53.3338,51.8269,427,33431,0.22041,0.09,1,3785935,3785508,427
269940321,22.5335,21.9308,427,33494,0.214164,0.15,1,3785937,3785510,427
269943241,34.8134,33.3723,429,33557,0.223666,0.23,1,3785980,3785551,429
269946161,39.1254,37.3489,431,33620,0.227466,0.21,1,3786022,3785591,431
269949081,37.2501,35.9396,432,33683,0.264986,0.23,1,3786058,3785626,432
269952001,31.7001,30.5758,433,33746,0.255995,0.23,1,3786086,3785653,433
269954921,27.08,26.6303,433,33809,0.264398,0.29,1,3786110,3785677,433
269972441,22.4494,22.5335,431,34182,0.405579,0.23,1,3786368,3785937,431
269975361,34.7797,34.8134,431,34244,0.432232,0.23,1,3786411,3785980,431
269978281,39.7119,13.9254,474,34306,0.418893,0.23,1,3786454,3785980,474
269981201,38.0848,30.7701,469,34368,0.425557,0.29,1,3786491,3786022,469
269984121,32.0339,33.9081,461,34430,0.428223,0.25,1,3786519,3786058,461
269987041,27.8136,30.3632,458,34491,0.441289,0.27,1,3786544,3786086,458
270030841,42.0383,38.9801,488,35399,0.76129,0.45,2,3787190,3786702,488
270033761,54.0153,41.392,507,35459,0.790516,0.53,2,3787252,3786745,507
270036681,22.8061,52.5568,449,35519,0.802206,0.53,2,3787254,3786805,449
270039601,37.3224,22.2227,494,35579,0.794883,0.55,2,3787301,3786807,494
270042521,41.929,35.8891,494,35638,0.803953,0.59,2,3787346,3786852,494
270045441,39.5716,40.7556,488,35697,0.819581,0.61,2,3787384,3786896,488
270048361,17.0286,38.5023,453,35756,0.825833,0.67,2,3787386,3786933,453
270051281,25.4115,32.8009,455,35815,0.888333,0.69,2,3787417,3786962,455
270206041,49.9023,44.9598,498,38820,0.828688,1,2,3789523,3789025,498
270208961,41.5609,38.9839,499,38874,0.769475,1,2,3789559,3789060,499
270220641,27.3776,35.0204,485,39090,0.406243,1,1,3789705,3789220,485
270226481,30.0604,30.0833,487,39198,0.224599,1,1,3789770,3789283,487
270235241,28.3479,31.9733,471,39360,0.0726943,0.99,1,3789839,3789368,471
270238161,29.3391,31.3893,470,39414,0.0350777,0.87,1,3789869,3789399,470
270241081,54.9357,61.7557,460,39468,0.0320311,0.77,1,3789941,3789481,460
270244001,45.9743,49.9023,458,39522,0.0188124,0.73,1,3789981,3789523,458
270246921,38.1897,41.5609,455,39575,0.049525,0.51,1,3790014,3789559,455
270249841,49.4759,55.0244,448,39628,0.06181,0.51,1,3790071,3789623,448
270252761,37.1904,40.6097,446,39681,0.066724,0.45,1,3790100,3789654,446
270255681,27.4761,32.4439,440,39734,0.0806896,0.35,1,3790121,3789681,440
270258601,24.1905,27.3776,438,39787,0.0862758,0.29,1,3790143,3789705,438
270261521,26.4762,33.151,429,39840,0.0645103,0.15,1,3790171,3789742,429
270264441,25.5905,30.0604,426,39893,0.0918041,0.07,1,3790196,3789770,426
270276121,28.4087,29.3391,422,40105,0.0978222,0.01,1,3790291,3789869,422
270279041,54.5635,11.7357,494,40158,0.0931289,0.03,1,3790363,3789869,494
270281961,45.2254,47.8943,461,40211,0.0552515,0.01,1,3790402,3789941,461
270284881,39.0902,43.1577,456,40264,0.0221006,0.07,1,3790437,3789981,456
270287801,49.2361,37.0631,479,40316,0.0628402,0.07,1,3790493,3790014,479
270290721,37.6944,49.0252,452,40368,0.0791361,0.07,1,3790523,3790071,452
270322841,38.2525,45.2254,457,40940,0.0830966,0,1,3790859,3790402,457
270325761,50.701,39.0901,481,40992,0.0752387,0.09,1,3790918,3790437,481
270328681,39.4804,49.2361,457,41044,0.0600955,0.09,1,3790950,3790493,457
270331601,28.3922,37.6944,448,41095,0.0780382,0.13,1,3790971,3790523,448
270334521,23.3569,27.6778,447,41146,0.0972153,0.15,1,3790991,3790544,447
270360801,28.4804,43.1314,426,41605,0.211906,0.07,1,3791250,3790824,426
270363721,30.5922,38.2525,423,41656,0.234762,0.07,1,3791282,3790859,423
270366641,48.8369,50.701,425,41707,0.231905,0.05,1,3791343,3790918,425
270369561,38.7347,39.4804,425,41758,0.254762,0.09,1,3791375,3790950,425
270372481,28.6939,28.3922,426,41809,0.275905,0.11,1,3791397,3790971,426
270395841,56.0285,55.0026,430,42209,0.413843,0.17,1,3791646,3791216,430
270398761,23.6114,23.201,430,42259,0.423537,0.25,1,3791648,3791218,430
270401681,29.8446,28.4804,432,42309,0.403415,0.25,1,3791682,3791250,432
270404601,31.1378,30.5922,432,42359,0.431366,0.23,1,3791714,3791282,432
270410441,40.6221,38.7347,435,42459,0.427819,0.29,1,3791810,3791375,435
270413361,30.0488,28.6939,436,42509,0.441127,0.35,1,3791833,3791397,436
270416281,27.0195,24.6776,439,42559,0.434451,0.41,1,3791858,3791419,439
270486361,33.1605,29.4004,486,43733,0.761166,0.63,2,3792610,3792124,486
270489281,49.8642,31.5602,514,43781,0.790466,0.67,2,3792671,3792157,514
270492201,40.9457,48.6241,489,43829,0.826187,0.67,2,3792706,3792217,489
270495121,29.5783,39.8496,477,43877,0.840475,0.67,2,3792728,3792251,477
270498041,27.4313,29.7399,480,43925,0.84619,0.65,2,3792754,3792274,480
270500961,33.1725,28.0959,490,43973,0.872476,0.61,2,3792791,3792301,490
270693681,44.5932,31.1988,543,47034,0.887379,1,2,3794889,3794346,543
270696601,39.4373,58.0795,503,47079,0.888951,1,2,3794925,3794422,503
270699521,42.7749,42.4318,516,47124,0.793581,1,2,3794970,3794454,516
270717041,21.8307,24.7821,502,47394,0.427722,1,1,3795134,3794632,502
270737481,31.793,33.4831,469,47702,0.285001,0.85,1,3795306,3794837,469
270740401,42.7172,44.5932,467,47746,0.252,0.89,1,3795356,3794889,467
270743321,38.0869,39.4373,466,47790,0.2268,0.73,1,3795391,3794925,466
270746241,36.8348,42.7749,457,47834,0.26472,0.67,1,3795427,3794970,457
270749161,31.5339,36.31,453,47878,0.255888,0.57,1,3795455,3795002,453
270752081,28.2136,31.324,451,47922,0.264355,0.55,1,3795481,3795030,451
270755001,30.4854,34.7296,446,47966,0.279742,0.43,1,3795513,3795067,446
270757921,24.7942,27.6918,444,48010,0.297897,0.53,1,3795534,3795090,444
270760841,24.9177,26.0767,444,48054,0.293159,0.37,1,3795559,3795115,444
270775441,23.9441,24.6405,436,48274,0.416138,0.27,1,3795653,3795217,436
270778361,20.9776,22.4562,434,48318,0.424455,0.31,1,3795672,3795238,434
270790041,37.8138,38.0869,432,48493,0.438114,0.29,1,3795823,3795391,432
270871801,21.2975,25.4912,465,49695,0.757478,0.53,2,3796559,3796094,465
270874721,30.119,20.9965,483,49737,0.764991,0.53,2,3796595,3796112,483
270877641,30.0476,29.9986,477,49779,0.767996,0.55,2,3796625,3796148,477
270880561,40.819,30.5994,494,49821,0.805199,0.55,2,3796673,3796179,494
270883481,40.3276,39.8398,488,49863,0.820079,0.55,2,3796713,3796225,488
270886401,40.131,39.9359,488,49905,0.802032,0.57,2,3796753,3796265,488
270889321,34.6524,38.7744,481,49947,0.806813,0.63,2,3796784,3796303,481
270892241,31.861,32.9097,482,49989,0.820725,0.69,2,3796814,3796332,482
270895161,33.7444,29.3639,490,50031,0.81429,0.69,2,3796849,3796359,490
270898081,26.0978,32.7456,476,50073,0.823716,0.69,2,3796870,3796394,476
270901001,27.2391,25.0982,484,50115,0.863486,0.71,2,3796898,3796414,484
270903921,20.4956,26.8393,472,50157,0.879395,0.71,2,3796914,3796442,472
270906841,12.9983,20.3357,464,50199,0.885758,0.71,2,3796922,3796458,464
270912681,25.3597,14.7737,489,50283,0.882121,0.73,2,3796971,3796482,489
270915601,11.3439,25.1095,459,50325,0.886849,0.75,2,3796973,3796514,459
270918521,21.3376,26.2438,460,50367,0.888739,0.77,2,3797001,3796541,460
270924361,29.334,30.119,460,50451,0.899398,0.77,2,3797055,3796595,460
270927281,29.7336,30.0476,460,50493,0.893759,0.83,2,3797085,3796625,460
271124381,115.572,110.88,522,24266,0.41896,1,1,3799114,3798592,522
271130221,78.7316,73.3008,519,24440,0.257834,0.87,1,3799254,3798735,519
271133141,61.4926,76.1203,491,24527,0.241133,0.75,1,3799304,3798813,491
271136061,67.1971,61.6481,510,24613,0.246453,0.57,1,3799375,3798865,510
271138981,37.6788,66.0593,459,24699,0.260581,0.47,1,3799393,3798934,459
271141901,33.6715,47.4237,455,24785,0.266233,0.45,1,3799424,3798969,455
271153581,66.9196,71.7452,430,25126,0.405168,0.23,1,3799684,3799254,430
271156501,58.5678,58.6981,433,25210,0.408067,0.25,1,3799737,3799304,433
271159421,66.6271,66.0792,434,25294,0.433227,0.27,1,3799809,3799375,434
271197381,68.6672,64.1947,519,26362,0.785943,0.57,2,3800506,3799987,519
271200301,69.4669,66.4779,521,26442,0.800377,0.65,2,3800576,3800055,521
271203221,58.9867,67.3912,505,26522,0.806151,0.63,2,3800628,3800123,505
271206141,68.5947,58.7565,527,26602,0.82046,0.65,2,3800703,3800176,527
271209061,39.4379,67.9026,473,26682,0.838184,0.67,2,3800723,3800250,473
271211981,34.9752,38.561,486,26761,0.881274,0.71,2,3800755,3800269,486
271214901,48.1901,33.4244,513,26840,0.886509,0.69,2,3800812,3800299,513
271217821,20.476,48.1698,457,26919,0.888604,0.79,2,3800814,3800357,457
271220741,57.9904,66.6679,461,26998,0.889442,0.81,2,3800897,3800436,461
271325861,52.5947,36.0374,547,29690,0.820048,1,2,3802795,3802248,547
271328781,43.8379,51.615,523,29761,0.754019,1,2,3802833,3802310,523
271340461,59.2215,71.8237,482,30045,0.292279,1,1,3803065,3802583,482
271343381,40.4886,46.7295,480,30115,0.242912,0.97,1,3803093,3802613,480
271369661,56.2606,59.2215,433,30741,0.271325,0.21,1,3803498,3803065,433
271372581,35.7042,40.4886,427,30810,0.25853,0.09,1,3803520,3803093,427
271375501,31.6817,34.1954,426,30879,0.289412,0.11,1,3803549,3803123,426
271395941,39.0602,17.3515,467,31356,0.405793,0.19,1,3803860,3803393,467
271398861,58.2241,29.7406,500,31423,0.444317,0.33,1,3803931,3803431,500
271448501,63.4242,41.5776,525,32548,0.763126,0.59,2,3804680,3804155,525
271451421,46.9697,61.631,486,32613,0.79125,0.57,2,3804716,3804230,486
271454341,41.5879,46.8524,487,32678,0.7905,0.59,2,3804754,3804267,487
271457261,62.2352,40.341,527,32743,0.7662,0.69,2,3804830,3804303,527
271460181,26.0941,59.3364,457,32808,0.76848,0.71,2,3804832,3804375,457
271463101,24.8376,38.1346,457,32872,0.805392,0.73,2,3804856,3804399,457
271466021,27.3351,32.0538,458,32936,0.820157,0.73,2,3804885,3804427,458
271468941,37.934,39.8215,458,33000,0.838063,0.71,2,3804930,3804472,458
271471861,36.7736,38.1286,457,33064,0.869225,0.71,2,3804966,3804509,457
271474781,47.1094,47.6514,457,33128,0.88169,0.73,2,3805020,3804563,457
271477701,43.4438,43.0606,458,33192,0.874676,0.79,2,3805061,3804603,458
271597421,30.4083,26.7666,520,35710,0.852976,1,2,3806823,3806303,520
271598881,27.1633,32.9066,508,35769,0.79119,1,2,3806848,3806340,508
271639761,218.426,210.825,491,16192,0.21419,0.21,1,3807503,3807012,491
271651441,36.8925,47.7091,436,16710,0.204347,0.09,1,3807744,3807308,436
271654361,126.357,41.2836,585,16837,0.219739,0.11,1,3807930,3807345,585
271657281,111.743,111.313,529,16963,0.297896,0.11,1,3808032,3807503,529
271660201,90.2971,105.725,503,17088,0.293158,0.19,1,3808108,3807605,503
271668961,126.139,34.1504,618,17457,0.411642,0.23,1,3808362,3807744,618
271671881,114.056,125.26,538,17579,0.434657,0.35,1,3808468,3807930,538
271674801,92.4222,111.304,514,17700,0.443863,0.29,1,3808546,3808032,514
271701081,131.109,130.019,451,18752,0.778719,0.59,2,3809257,3808806,451
271704001,53.6435,53.2076,451,18865,0.797488,0.59,2,3809259,3808808,451
271706921,84.4574,83.683,452,18977,0.792995,0.67,2,3809364,3808912,452
271709841,82.983,82.0732,453,19089,0.827198,0.75,2,3809446,3808993,453
271712761,69.1932,66.4293,457,19200,0.840879,0.75,2,3809506,3809049,457
271715681,34.8773,33.7717,457,19311,0.882352,0.81,2,3809518,3809061,457
271804741,52.6428,48.2179,494,22468,0.861712,1,2,3811789,3811295,494
271807661,54.0571,59.4872,482,22562,0.758685,1,2,3811844,3811362,482
271820801,48.5295,85.1035,470,23028,0.25375,0.95,1,3812160,3811690,470
271829561,47.2899,53.9986,456,23303,0.20944,0.63,1,3812300,3811844,456
271832481,35.716,39.5994,454,23394,0.257776,0.61,1,3812328,3811874,454
271835401,33.4864,38.6398,448,23485,0.22911,0.23,1,3812360,3811912,448
271850001,50.7371,41.7246,483,23933,0.404826,0.23,1,3812732,3812249,483
271852921,21.4949,47.2899,434,24022,0.41993,0.29,1,3812734,3812300,434
271855841,26.5979,35.7159,436,24110,0.449972,0.21,1,3812764,3812328,436
271858761,26.2392,33.4864,430,24198,0.449989,0.35,1,3812790,3812360,430
271893801,49.0014,48.8061,453,25229,0.768247,0.65,2,3813574,3813121,453
271896721,52.6006,51.9224,454,25313,0.781299,0.69,2,3813629,3813175,454
271899641,22.2402,21.969,454,25397,0.786519,0.67,2,3813631,3813177,454
271902561,26.8961,27.3876,453,25480,0.788608,0.67,2,3813661,3813208,453
271905481,26.3584,10.955,479,25563,0.789443,0.69,2,3813687,3813208,479
271906941,131.143,19.982,654,25646,0.825777,0.67,2,3813888,3813234,654
271909861,55.4573,130.393,455,25729,0.852311,0.69,2,3813893,3813438,455
271912781,45.5829,74.9571,456,25811,0.850924,0.77,2,3813932,3813476,456
271915701,56.0332,66.5828,458,25893,0.89837,0.79,2,3813995,3813537,458
271921541,51.6853,52.5333,460,26057,0.884139,0.79,2,3814089,3813629,460
271924461,21.8741,22.2133,460,26138,0.875656,0.79,2,3814091,3813631,460
271927381,27.3496,26.8853,461,26219,0.896262,0.79,2,3814122,3813661,461
272012061,108.852,10.8865,663,28469,0.898,1,2,3815791,3815128,663
272014981,59.1409,111.755,510,28543,0.7732,1,2,3815817,3815307,510
272029581,35.6984,39.2256,505,28912,0.222391,1,1,3816045,3815540,505
272047101,46.6035,71.6561,481,29348,0.0957032,0.35,1,3816378,3815897,481
272055861,29.7186,42.746,458,29564,0.097085,0.15,1,3816472,3816014,458
272064621,98.262,31.5117,568,29778,0.244053,0.11,1,3816677,3816109,568
272067541,40.5048,97.8047,428,29849,0.271621,0.13,1,3816679,3816251,428
272093821,101.318,98.262,436,30482,0.40474,0.29,1,3817113,3816677,436
272096741,41.7273,40.5048,436,30551,0.419896,0.33,1,3817115,3816679,436
272099661,31.0909,30.6019,436,30620,0.425958,0.33,1,3817139,3816703,436
272102581,50.8364,50.6408,436,30689,0.416383,0.29,1,3817203,3816767,436
272105501,42.5345,42.4563,436,30758,0.448553,0.31,1,3817240,3816804,436
272155141,42.4584,102.12,451,31907,0.759967,0.57,2,3818005,3817554,451
272158061,31.3834,42.048,473,31973,0.765987,0.57,2,3818029,3817556,473
272160981,52.7533,31.2192,516,32039,0.792395,0.63,2,3818096,3817580,516
272163901,43.9013,50.8877,490,32105,0.802958,0.63,2,3818134,3817644,490
272166821,38.5605,43.1551,487,32171,0.807183,0.65,2,3818169,3817682,487
272169741,40.6242,37.662,495,32237,0.808873,0.65,2,3818211,3817716,495
272172661,33.0497,40.2648,481,32303,0.809549,0.65,2,3818239,3817758,481
272175581,38.4199,32.9059,495,32368,0.80982,0.69,2,3818281,3817786,495
272178501,31.5679,37.1624,482,32433,0.821928,0.73,2,3818308,3817826,482
272309901,110.285,30.2264,645,35246,0.826,1,2,3820367,3819722,645
272312821,62.7142,110.491,512,35306,0.7684,1,2,3820398,3819886,512
272327421,36.8188,35.63,511,35605,0.40384,1,1,3820570,3820059,511
272344941,94.2026,110.285,463,35959,0.294525,0.73,1,3820830,3820367,463
272368301,28.5829,30.851,436,36426,0.282945,0.33,1,3821065,3820629,436
272371221,31.2331,31.5404,437,36484,0.299178,0.29,1,3821098,3820661,437
272382901,54.2716,52.081,438,36716,0.428763,0.31,1,3821292,3820854,438
272447141,16.6994,18.8867,463,37961,0.777596,0.55,2,3822008,3821545,463
272450061,92.4798,15.9547,592,38017,0.785038,0.57,2,3822151,3821559,592
272452981,56.1919,92.1819,481,38073,0.800015,0.57,2,3822183,3821702,481
272455901,44.6768,56.0727,486,38128,0.782006,0.67,2,3822220,3821734,486
272458821,34.6707,41.6291,482,38183,0.798802,0.65,2,3822248,3821766,482
272461741,31.2683,32.8516,484,38238,0.829521,0.69,2,3822277,3821793,484
272464661,32.3073,29.9407,489,38293,0.841808,0.73,2,3822310,3821821,489
272467581,35.7229,31.1763,495,38348,0.846723,0.73,2,3822348,3821853,495
272470501,31.0892,35.2705,485,38403,0.848689,0.71,2,3822376,3821891,485
272473421,29.2357,31.5082,484,38458,0.861476,0.73,2,3822404,3821920,484
272476341,33.2943,28.8033,493,38513,0.86659,0.73,2,3822440,3821947,493
272479261,19.9177,33.1213,468,38568,0.880636,0.73,2,3822451,3821983,468
272482181,9.16708,19.2485,460,38623,0.886254,0.81,2,3822453,3821993,460
272616501,34.6568,34.6446,509,41063,0.875171,1,2,3824199,3823690,509
272619421,34.2627,33.0578,511,41114,0.824068,1,2,3824233,3823722,511
272622341,35.9051,36.6231,509,41165,0.755627,1,2,3824270,3823761,509
272639861,72.7006,24.582,583,41471,0.223789,1,1,3824507,3823924,583
272645701,36.3521,49.5331,502,41573,0.0706063,1,1,3824565,3824063,502
272651541,21.2963,33.6053,473,41675,0.096497,0.93,1,3824601,3824128,473
272654461,29.5185,35.6421,471,41726,0.0685988,0.83,1,3824636,3824165,471
272657381,29.8074,34.6568,467,41777,0.0934395,0.79,1,3824666,3824199,467
272660301,29.923,34.2627,463,41828,0.0793758,0.71,1,3824696,3824233,463
272663221,29.3692,35.9051,455,41878,0.0497503,0.65,1,3824725,3824270,455
272666141,27.9477,31.762,453,41928,0.0499001,0.53,1,3824752,3824299,453
272669061,27.9791,34.3048,445,41978,0.0859601,0.45,1,3824780,3824335,445
272671981,24.3916,29.3219,441,42028,0.076384,0.43,1,3824802,3824361,441
272674901,18.7567,20.1288,442,42078,0.0725536,0.35,1,3824817,3824375,442
272677821,21.3027,24.2515,438,42128,0.0830214,0.11,1,3824840,3824402,438
272701181,29.0457,29.923,423,42528,0.219084,0.03,1,3825119,3824696,423
272704101,28.4183,29.3692,422,42578,0.213634,0.05,1,3825147,3824725,422
272712861,22.8428,24.3916,423,42727,0.204473,0.07,1,3825225,3824802,423
272718701,22.1348,21.3027,426,42825,0.228316,0.19,1,3825266,3824840,426
272721621,66.4539,64.3211,429,42874,0.253326,0.17,1,3825362,3824933,429
272724541,42.1816,41.3284,429,42923,0.239331,0.19,1,3825388,3824959,429
272727461,36.0726,36.9314,427,42972,0.245732,0.11,1,3825420,3824993,427
272730381,21.6291,21.9725,427,43021,0.248293,0.11,1,3825432,3825005,427
272733301,19.4516,8.78902,445,43070,0.261317,0.17,1,3825450,3825005,445
272736221,30.5806,14.3156,465,43119,0.278527,0.19,1,3825488,3825023,465
272739141,30.8323,27.9262,459,43168,0.285411,0.17,1,3825519,3825060,459
272742061,30.9329,29.7705,459,43217,0.288164,0.25,1,3825550,3825091,459
272744981,26.7732,28.7082,455,43266,0.289266,0.21,1,3825574,3825119,455
272747901,28.7093,28.2833,457,43315,0.289706,0.15,1,3825604,3825147,457
272768341,36.7759,42.1814,465,43655,0.403278,0.25,1,3825853,3825388,465
272771261,21.9104,36.0725,445,43703,0.419311,0.25,1,3825865,3825420,445
272774181,20.1641,21.629,452,43751,0.437725,0.27,1,3825884,3825432,452
272777101,32.0657,19.4516,474,43799,0.44509,0.29,1,3825924,3825450,474
272780021,31.4263,30.5806,467,43847,0.448036,0.29,1,3825955,3825488,467
272782941,30.5705,30.8323,466,43895,0.449214,0.29,1,3825985,3825519,466
272785861,26.6282,30.9329,459,43943,0.449686,0.29,1,3826009,3825550,459
272788781,28.6513,26.7732,465,43991,0.449874,0.29,1,3826039,3825574,465
272841341,21.4242,20.6497,450,44846,0.759179,0.55,2,3826562,3826112,450
272844261,22.9697,23.2599,449,44893,0.765671,0.57,2,3826586,3826137,449
272847181,69.1879,67.5039,452,44940,0.756269,0.61,2,3826686,3826234,452
272850101,43.2752,43.8016,450,44987,0.788507,0.59,2,3826712,3826262,450
272853021,37.7101,37.3206,451,45034,0.813403,0.59,2,3826746,3826295,451
272855941,22.284,22.1283,451,45081,0.799361,0.59,2,3826758,3826307,451
272858861,20.9136,20.8513,451,45128,0.817744,0.61,2,3826778,3826327,451
272861781,32.9654,32.3405,452,45175,0.825098,0.61,2,3826819,3826367,452
272864701,14.3862,14.1362,452,45222,0.828039,0.71,2,3826821,3826369,452
272867621,25.5545,23.6545,455,45269,0.865216,0.67,2,3826854,3826399,455
272870541,28.2218,27.4618,455,45316,0.880086,0.67,2,3826884,3826429,455
272873461,25.6887,25.3847,455,45363,0.886034,0.73,2,3826908,3826453,455
272876381,30.6755,28.7539,458,45409,0.888414,0.75,2,3826942,3826484,458
272879301,35.0702,34.9016,457,45455,0.889366,0.75,2,3826980,3826523,457
272885141,22.0512,21.4242,458,45547,0.870698,0.77,2,3827020,3826562,458
273086621,34.86,28.7775,510,48638,0.826246,1,2,3829236,3828726,510
273089541,26.544,31.911,497,48681,0.768498,1,2,3829257,3828760,497
273194661,22.4015,26.5986,467,50214,0.756248,0.51,2,3830257,3829790,467
273197581,12.5606,23.2395,452,50256,0.764499,0.47,2,3830263,3829811,452
273200501,14.6242,12.8958,462,50298,0.7678,0.53,2,3830279,3829817,462
273203421,7.0497,12.9583,451,50340,0.76912,0.53,2,3830281,3829830,451
273206341,19.6199,22.5833,450,50382,0.781648,0.59,2,3830309,3829859,450
273209261,25.248,25.2333,452,50424,0.810659,0.59,2,3830338,3829886,452
273212181,26.8992,28.6933,449,50466,0.870264,0.57,2,3830366,3829917,449
273215101,51.5597,49.8773,453,50508,0.882105,0.63,2,3830434,3829981,453
273218021,39.8239,39.1509,453,50550,0.886842,0.63,2,3830466,3830013,453
273220941,35.1295,34.8604,453,50592,0.888737,0.63,2,3830498,3830045,453
273223861,30.8518,30.1441,454,50634,0.865495,0.67,2,3830526,3830072,454
273226781,36.3407,35.4577,455,50676,0.868198,0.71,2,3830566,3830111,455
273229701,36.7363,34.5831,458,50718,0.881279,0.73,2,3830603,3830145,458
273232621,24.2945,23.4332,458,50760,0.874512,0.75,2,3830619,3830161,458
273235541,21.7178,20.7733,459,50801,0.895805,0.75,2,3830639,3830180,459
273241381,26.7548,26.0037,460,50883,0.883729,0.77,2,3830697,3830237,460
273244301,22.7019,22.4015,460,50924,0.899491,0.77,2,3830717,3830257,460
273454541,82.1808,81.4019,494,24990,0.079504,0.61,1,3832885,3832391,494
273457461,61.0723,77.5608,466,25075,0.0978016,0.51,1,3832932,3832466,466
273460381,70.6289,62.8243,490,25160,0.0931206,0.33,1,3833009,3832519,490
273463301,43.8516,64.7297,450,25244,0.0672483,0.33,1,3833035,3832585,450
273472061,49.9185,50.5827,460,25495,0.211904,0.15,1,3833156,3832696,460
273474981,77.5674,62.2331,486,25578,0.258762,0.09,1,3833252,3832766,486
273477901,65.227,62.0932,481,25661,0.289505,0.01,1,3833309,3832828,481
273480821,53.6908,59.0373,470,25744,0.277802,0.11,1,3833355,3832885,470
273483741,70.0763,51.8149,504,25826,0.297121,0.09,1,3833436,3832932,504
273507101,70.9457,53.6847,517,26476,0.408027,0.31,1,3833872,3833355,517
273510021,43.3783,70.0739,461,26556,0.409211,0.31,1,3833897,3833436,461
273512941,29.3513,43.0296,456,26636,0.409684,0.31,1,3833917,3833461,456
273515861,42.9405,30.4118,486,26716,0.445874,0.31,1,3833969,3833483,486
273556741,49.7253,47.569,454,27805,0.795518,0.71,2,3834685,3834231,454
273559661,70.8901,69.4276,455,27881,0.816207,0.71,2,3834770,3834315,455
273562581,42.756,42.171,455,27957,0.824483,0.67,2,3834794,3834339,455
273565501,29.1024,28.8684,455,28033,0.851793,0.63,2,3834814,3834359,455
273568421,44.041,44.5474,454,28109,0.886717,0.73,2,3834868,3834414,454
273717341,50.7891,77.657,506,31722,0.894448,1,2,3837445,3836939,506
273720261,52.7157,55.0628,520,31789,0.783779,1,2,3837499,3836979,520
273723181,41.4863,46.0251,514,31856,0.751512,1,2,3837533,3837019,514
273734861,42.9228,45.8758,514,32120,0.416919,1,1,3837701,3837187,514
273740701,49.1077,34.5801,533,32252,0.276707,1,1,3837787,3837254,533
273743621,76.0431,53.4321,561,32318,0.212683,0.89,1,3837881,3837320,561
273749461,48.5269,50.7891,511,32448,0.217629,0.71,1,3837956,3837445,511
273758221,43.8577,32.7945,504,32643,0.225848,0.57,1,3838064,3837560,504
273761141,38.5431,48.5178,480,32708,0.240339,0.45,1,3838099,3837619,480
273764061,16.6172,42.8071,443,32773,0.246136,0.35,1,3838101,3837658,443
273766981,28.2469,42.9228,436,32838,0.272454,0.25,1,3838137,3837701,436
273769901,24.4988,32.7691,432,32902,0.246982,0.25,1,3838159,3837727,432
273781581,48.7808,48.5269,431,33158,0.403043,0.17,1,3838387,3837956,431
273784501,38.7123,38.6108,431,33222,0.431217,0.19,1,3838419,3837988,431
273787421,29.8849,28.6443,433,33286,0.442487,0.25,1,3838443,3838010,433
273825381,40.4406,39.7016,445,34102,0.80753,0.47,2,3838978,3838533,445
273828301,17.3762,17.0806,445,34164,0.809012,0.51,2,3838980,3838535,445
273831221,27.9505,27.2323,446,34226,0.821605,0.51,2,3839015,3838569,446
273834141,26.7802,10.8929,472,34288,0.826642,0.57,2,3839041,3838569,472
273837061,48.5121,19.3572,510,34350,0.828657,0.55,2,3839104,3838594,510
273839981,75.2048,44.3429,542,34412,0.829463,0.59,2,3839197,3838655,542
273842901,46.8819,74.1371,476,34473,0.829785,0.61,2,3839225,3838749,476
273845821,51.7528,45.8549,504,34534,0.841914,0.63,2,3839280,3838776,504
273848741,42.3011,49.5419,488,34595,0.846766,0.65,2,3839316,3838828,488
273851661,33.1204,40.8168,480,34656,0.836706,0.65,2,3839343,3838863,480
273854581,47.4482,30.7267,513,34717,0.832682,0.81,2,3839400,3838887,513
273857501,42.3793,44.0907,499,34778,0.855073,0.85,2,3839439,3838940,499
273860421,18.1517,40.4363,463,34839,0.864029,0.81,2,3839441,3838978,463
273863341,28.8607,17.3745,497,34900,0.867612,0.83,2,3839477,3838980,497
273866261,27.1443,27.9498,488,34961,0.881045,0.83,2,3839503,3839015,488
273869181,49.2577,26.7799,526,35021,0.862418,0.83,2,3839567,3839041,526
273872101,74.9031,48.512,555,35081,0.878967,0.83,2,3839659,3839104,555
273875021,46.7612,75.2048,490,35141,0.885587,0.83,2,3839687,3839197,490
274058981,37.4076,44.8743,483,38748,0.862019,1,2,3842167,3841684,483
274061901,33.563,39.5497,478,38803,0.854807,1,2,3842198,3841720,478
274064821,52.4252,48.8199,488,38857,0.851923,1,2,3842263,3841775,488
274067741,40.7701,35.728,494,38911,0.814769,1,2,3842296,3841802,494
274070661,32.508,36.4912,484,38965,0.799908,0.94,2,3842323,3841839,484
274073581,33.4032,38.5965,478,39019,0.817963,1,2,3842357,3841879,478
274076501,28.3613,25.6386,486,39073,0.837185,1,2,3842382,3841896,486
274079421,26.9445,29.4554,480,39127,0.844874,0.96,2,3842408,3841928,480
274082341,29.3778,35.1822,472,39181,0.84795,1,2,3842439,3841967,472
274085261,48.3511,53.6729,467,39235,0.84918,0.97,2,3842500,3842033,467
274088181,42.7404,44.8691,467,39289,0.837672,0.89,2,3842539,3842072,467
274091101,32.0962,33.5477,466,39343,0.845069,0.95,2,3842564,3842098,466
274094021,28.4385,29.0191,466,39397,0.872028,0.81,2,3842590,3842124,466
274359741,25.3326,33.1779,509,44005,0.846215,1,2,3845795,3845286,509
274362661,29.933,29.4711,515,44053,0.788486,1,2,3845828,3845313,515
274374341,38.6095,41.3721,523,44245,0.280393,1,1,3846002,3845479,523
274377261,31.6438,38.7488,513,44293,0.262157,1,1,3846029,3845516,513
274388941,15.0949,35.4512,474,44484,0.0839432,1,1,3846128,3845654,474
274391861,19.838,26.1805,477,44531,0.0635773,0.99,1,3846151,3845674,477
274394781,24.7352,32.0722,469,44578,0.0554309,0.99,1,3846179,3845710,469
274397701,28.4941,33.8289,465,44625,0.0401724,0.89,1,3846210,3845745,465
274400621,26.9976,30.3315,463,44672,0.0340689,0.79,1,3846236,3845773,463
274403541,22.7991,25.3326,461,44719,0.0196276,0.75,1,3846256,3845795,461
274406461,27.1196,29.933,458,44766,0.025851,0.57,1,3846286,3845828,458
274409381,29.4478,34.7732,451,44813,0.0643404,0.37,1,3846317,3845866,451
274412301,43.5791,52.3093,440,44860,0.0557362,0.27,1,3846370,3845930,440
274415221,36.6317,42.5237,436,44907,0.0882945,0.23,1,3846402,3845966,436
274421061,31.0611,31.6438,433,45001,0.0945271,0.13,1,3846462,3846029,433
274426901,28.4898,31.343,426,45095,0.0715243,0.09,1,3846515,3846089,426
274429821,31.1959,34.7372,422,45142,0.0946097,0.07,1,3846548,3846126,422
274444421,28.7614,26.9976,425,45377,0.0699448,0.01,1,3846661,3846236,425
274447341,21.7045,22.7991,422,45423,0.0339779,0.03,1,3846678,3846256,422
274450261,27.2818,27.1196,423,45469,0.0555912,0.09,1,3846709,3846286,423
274453181,30.7127,29.4478,425,45515,0.0402365,0.05,1,3846742,3846317,425
274456101,42.8851,43.5791,423,45561,0.0340946,0.11,1,3846793,3846370,423
274459021,38.754,36.6317,427,45607,0.0676378,0.11,1,3846829,3846402,427
274476541,14.2185,13.6784,428,45883,0.20401,0.13,1,3846978,3846550,428
274482381,27.235,7.70854,458,45975,0.216242,0.23,1,3847031,3846573,458
274485301,24.094,19.8834,452,46021,0.224497,0.09,1,3847053,3846601,452
274488221,27.6376,26.5534,451,46067,0.227799,0.03,1,3847083,3846632,451
274491141,20.655,28.0213,438,46113,0.229119,0.01,1,3847099,3846661,438
274494061,28.062,21.4085,454,46159,0.217648,0.07,1,3847132,3846678,454
274496981,29.8248,27.1634,454,46205,0.225059,0.03,1,3847163,3846709,454
274499901,44.3299,30.6654,475,46251,0.216024,0.03,1,3847217,3846742,475
274502821,39.932,42.8661,461,46297,0.200409,0.09,1,3847254,3846793,461
274511581,26.1716,31.1594,450,46433,0.200746,0.19,1,3847338,3846888,450
274514501,29.6687,25.6638,460,46478,0.206298,0.17,1,3847370,3846910,460
274517421,32.8675,28.8655,464,46523,0.232519,0.21,1,3847405,3846941,464
274520341,14.347,32.5462,431,46568,0.243008,0.21,1,3847407,3846976,431
274523261,17.7388,14.2185,449,46613,0.247203,0.19,1,3847427,3846978,449
274526181,28.6955,17.0874,466,46658,0.224881,0.23,1,3847463,3846997,466
274529101,24.6782,27.235,454,46703,0.215952,0.23,1,3847485,3847031,454
274532021,27.8713,24.094,462,46748,0.248381,0.23,1,3847515,3847053,462
274534941,20.7485,27.6376,448,46793,0.297352,0.23,1,3847531,3847083,448
274546621,39.8,44.3299,467,46973,0.403564,0.19,1,3847684,3847217,467
274549541,33.92,39.932,460,47018,0.419426,0.17,1,3847714,3847254,460
274552461,33.368,34.5728,462,47063,0.42577,0.19,1,3847747,3847285,462
274555381,26.5472,32.4291,453,47108,0.440308,0.21,1,3847769,3847316,453
274634221,30.8414,29.4642,448,48302,0.765851,0.57,2,3848480,3848032,448
274637141,45.9366,45.3857,448,48346,0.80434,0.57,2,3848536,3848088,448
274640061,42.9746,41.5543,450,48390,0.819736,0.61,2,3848577,3848127,450
274642981,35.1898,34.6217,450,48434,0.837894,0.65,2,3848607,3848157,450
274645901,35.0759,33.6487,452,48478,0.857158,0.67,2,3848642,3848190,452
274648821,30.2304,27.8595,455,48521,0.852863,0.69,2,3848669,3848214,455
274651741,31.2922,30.9438,454,48564,0.863145,0.67,2,3848701,3848247,454
274942281,63.2057,62.9009,452,24685,0.780392,0.61,2,3852313,3851861,452
274945201,37.8823,37.7603,452,24771,0.810157,0.65,2,3852334,3851882,452
274948121,76.9529,75.7041,454,24857,0.882063,0.69,2,3852437,3851983,454
275056161,49.5725,56.8843,491,27836,0.891376,1,2,3854532,3854041,491
275062001,38.8916,43.3015,482,27988,0.87102,1,2,3854610,3854128,482
275064921,64.1566,70.1206,475,28064,0.858408,1,2,3854691,3854216,475
275067841,54.4627,50.2482,486,28139,0.841363,1,2,3854739,3854253,486
275070761,70.9851,75.2993,476,28214,0.882545,0.89,2,3854821,3854345,476
275073681,62.594,64.3197,476,28289,0.863018,1,2,3854878,3854402,476
275076601,44.2376,50.3279,467,28364,0.891207,1,2,3854910,3854443,467
275082441,46.798,27.8525,520,28513,0.899793,0.85,2,3854996,3854476,520
275225521,47.2952,41.8295,518,31947,0.888016,1,2,3857413,3856895,518
275228441,38.7181,36.5318,518,32013,0.841206,1,2,3857446,3856928,518
275240121,75.7032,54.652,563,32277,0.440143,1,1,3857667,3857104,563
275243041,59.6813,81.2608,513,32343,0.242057,1,1,3857716,3857203,513
275248881,39.549,52.3617,504,32473,0.0687291,1,1,3857793,3857289,504
275251801,39.2196,41.3447,509,32538,0.0574917,0.96,1,3857832,3857323,509
275254721,42.6878,38.7379,517,32603,0.0529967,0.83,1,3857877,3857360,517
275257641,32.6751,47.2952,490,32668,0.0391987,0.81,1,3857903,3857413,490
275260561,31.0701,38.7181,487,32733,0.0456795,0.67,1,3857933,3857446,487
275263481,13.628,36.4872,454,32798,0.0482718,0.53,1,3857935,3857481,454
275266401,30.6512,43.3949,448,32862,0.0493087,0.45,1,3857977,3857529,448
275269321,36.8605,40.758,450,32926,0.0617235,0.39,1,3858018,3857568,450
275272241,65.7442,75.7032,436,32990,0.0786894,0.11,1,3858103,3857667,436
275275161,52.0977,59.6813,430,33054,0.0734758,0.05,1,3858146,3857716,430
275278081,44.2391,50.8725,424,33118,0.0833903,0.03,1,3858185,3857761,424
275281001,38.0956,39.549,426,33182,0.0633561,0.05,1,3858219,3857793,426
275283921,38.0383,39.2196,425,33246,0.0433424,0.05,1,3858257,3857832,425
275286841,40.4153,42.6878,422,33310,0.059337,0.03,1,3858299,3857877,422
275289761,31.7661,32.6751,422,33373,0.0537348,0.05,1,3858325,3857903,422
275292681,31.9064,31.0701,424,33436,0.0994939,0.05,1,3858357,3857933,424
275304361,65.4056,65.7442,424,33688,0.214659,0.07,1,3858527,3858103,424
275307281,51.3622,52.0977,423,33751,0.247864,0.09,1,3858569,3858146,423
275310201,45.7449,44.2391,426,33814,0.237145,0.05,1,3858611,3858185,426
275313121,36.298,38.0956,422,33877,0.208858,0.03,1,3858641,3858219,422
275318961,39.7677,40.4153,422,34001,0.200217,0.05,1,3858721,3858299,422
275330641,32.3525,30.785,428,34249,0.201494,0.17,1,3858829,3858401,428
275348161,37.1766,36.1088,468,34618,0.215257,0.17,1,3859109,3858641,468
275351081,39.4706,37.8435,470,34679,0.224103,0.21,1,3859150,3858680,470
275354001,30.1883,39.7374,453,34740,0.239641,0.17,1,3859174,3858721,453
275356921,34.8753,31.495,465,34801,0.233856,0.19,1,3859212,3858747,465
275359841,15.1501,34.198,431,34862,0.231543,0.19,1,3859214,3858783,431
275362761,33.06,14.8792,474,34923,0.254617,0.21,1,3859259,3858785,474
275365681,39.624,32.3517,474,34984,0.251847,0.19,1,3859303,3858829,474
275368601,66.2496,39.3407,514,35044,0.286739,0.15,1,3859387,3858873,514
275380281,39.7888,35.9415,471,35284,0.400413,0.25,1,3859542,3859071,471
275383201,40.5155,37.1766,474,35344,0.418165,0.23,1,3859583,3859109,474
275386121,30.6062,39.4706,457,35404,0.437266,0.25,1,3859607,3859150,457
275394881,33.7828,15.1501,480,35584,0.443905,0.27,1,3859694,3859214,480
275432841,39.9749,38.7131,447,36348,0.760765,0.49,2,3860183,3859736,447
275435761,17.19,16.6852,447,36406,0.778306,0.65,2,3860185,3859738,447
275438681,61.476,58.2741,452,36464,0.857322,0.67,2,3860276,3859824,452
275444521,45.5962,44.2439,454,36580,0.894372,0.67,2,3860362,3859908,454
275447441,38.0385,36.8975,455,36638,0.891749,0.65,2,3860395,3859940,455
275646001,38.2235,37.1005,511,40372,0.439434,0.95,1,3862966,3862455,511
275648921,27.8894,37.0402,495,40424,0.433774,0.98,1,3862987,3862492,495
275654761,32.5423,35.6864,500,40528,0.428204,0.89,1,3863056,3862556,500
275657681,51.4169,36.4746,527,40580,0.441281,0.63,1,3863120,3862593,527
275716081,17.3315,24.6797,446,41608,0.773354,0.49,2,3863758,3863312,446
275719001,18.9326,21.8719,446,41659,0.795342,0.55,2,3863778,3863332,446
275721921,26.773,27.3487,447,41710,0.804137,0.55,2,3863810,3863363,447
275724841,38.9092,37.9395,449,41761,0.783655,0.57,2,3863857,3863408,449
275727761,30.5637,28.9758,451,41812,0.787462,0.65,2,3863882,3863431,451
275730681,35.0255,33.1903,453,41862,0.776985,0.63,2,3863920,3863467,453
275733601,33.2102,32.4761,453,41912,0.808794,0.63,2,3863952,3863499,453
275736521,51.6841,51.3905,453,41962,0.821518,0.63,2,3864016,3863563,453
275739441,42.8736,42.7562,453,42012,0.850607,0.61,2,3864053,3863600,453
275742361,42.3495,42.9025,452,42062,0.874243,0.69,2,3864095,3863643,452
275745281,41.5398,38.761,457,42112,0.883697,0.73,2,3864136,3863679,457
275940921,98.2971,106.099,490,20750,0.245488,0.57,1,3866504,3866014,490
275964281,68.2613,70.9223,430,21554,0.220956,0.15,1,3866998,3866568,430
275967201,68.1045,69.7689,429,21652,0.250382,0.17,1,3867066,3866637,429
275970121,35.0418,35.7076,429,21750,0.274153,0.19,1,3867079,3866650,429
275973041,30.8167,31.083,429,21848,0.295661,0.19,1,3867107,3866678,429
275984721,72.0833,68.2501,436,22234,0.408897,0.27,1,3867434,3866998,436
275987641,69.0333,68.1001,435,22329,0.445559,0.29,1,3867501,3867066,435
276028521,70.9433,74.0186,519,23623,0.765986,0.59,2,3868395,3867876,519
276031441,36.7773,71.0074,464,23713,0.780394,0.59,2,3868409,3867945,464
276034361,32.1109,36.803,479,23802,0.822158,0.59,2,3868438,3867959,479
276037281,62.6444,31.5212,534,23891,0.862863,0.61,2,3868521,3867987,534
276136561,54.7025,95.4056,495,26740,0.861939,1,2,3870554,3870059,495
276139481,54.881,53.1622,525,26819,0.818775,1,2,3870609,3870084,525
276157001,61.2979,68.8908,484,27290,0.428755,0.9,1,3870901,3870417,484
276159921,77.9192,91.7563,466,27368,0.417502,0.81,1,3870990,3870524,466
276162841,47.3677,54.7025,463,27445,0.449001,0.79,1,3871017,3870554,463
276212481,79.5269,58.1088,538,28728,0.754854,0.59,2,3871880,3871342,538
276215401,49.8108,77.2435,478,28802,0.775941,0.57,2,3871910,3871432,478
276218321,51.1243,49.4974,499,28876,0.760377,0.61,2,3871962,3871463,499
276221241,46.2497,49.799,492,28949,0.754151,0.63,2,3872005,3871513,492
276224161,36.4999,45.1196,480,29022,0.76366,0.63,2,3872035,3871555,480
276227081,59,36.0478,524,29095,0.803464,0.65,2,3872109,3871585,524
276230001,40.4,57.0191,481,29168,0.819386,0.65,2,3872137,3871656,481
276232921,30.56,39.6077,477,29241,0.861754,0.67,2,3872161,3871684,477
276235841,63.224,29.0431,540,29313,0.854702,0.73,2,3872246,3871706,540
276238761,81.6896,60.8172,552,29385,0.875881,0.79,2,3872340,3871788,552
276241681,50.6758,79.5269,490,29457,0.896352,0.79,2,3872370,3871880,490
276244601,50.8703,49.8108,511,29529,0.892541,0.75,2,3872421,3871910,511
276343881,43.8121,64.4147,507,31877,0.846928,1,2,3874037,3873530,507
276346801,34.9248,42.5659,508,31943,0.800771,1,2,3874066,3873558,508
276387681,69.1928,77.9552,454,32858,0.753962,0.57,2,3874690,3874236,454
276390601,47.4771,50.9821,454,32922,0.751585,0.61,2,3874723,3874269,454
276393521,39.3909,43.7928,449,32986,0.786634,0.59,2,3874757,3874308,449
276396441,53.5563,54.1171,451,33050,0.812654,0.61,2,3874820,3874369,451
276399361,41.2225,40.8469,452,33114,0.847061,0.65,2,3874853,3874401,452
276402281,56.689,55.9387,453,33178,0.860825,0.63,2,3874920,3874467,453
276583321,37.3406,35.0824,499,36923,0.751696,1,2,3877477,3876978,499
276589161,53.7345,42.4532,504,37037,0.272671,1,1,3877583,3877079,504
276600841,36.0988,28.2644,531,37265,0.0439404,1,1,3877714,3877183,531
276603761,43.8395,52.1058,512,37322,0.0235762,1,1,3877763,3877251,512
276606681,39.7358,43.6423,511,37379,0.0274305,0.85,1,3877800,3877289,511
276609601,37.4943,39.6569,510,37436,0.0289722,1,1,3877836,3877326,510
276612521,38.9977,39.8628,510,37492,0.0295889,0.95,1,3877876,3877366,510
276615441,30.5991,40.5451,494,37548,0.0418355,0.87,1,3877901,3877407,494
276618361,29.0396,34.818,491,37604,0.0227342,0.65,1,3877929,3877438,491
276621281,31.4159,37.3272,485,37660,0.0150937,0.41,1,3877962,3877477,485
276624201,37.7663,41.3309,483,37716,0.0360375,0.09,1,3878004,3877521,483
276627121,37.9065,53.7324,459,37772,0.014415,0,1,3878042,3877583,459
276630041,32.5626,44.2929,450,37828,0.047766,0.11,1,3878071,3877621,450
276632961,26.225,35.1172,443,37884,0.0851064,0.11,1,3878093,3877650,443
276635881,35.69,27.2469,463,37940,0.0340426,0,1,3878135,3877672,463
276638801,46.076,36.0987,474,37996,0.013617,0.01,1,3878188,3877714,474
276641721,38.8304,43.8395,459,38052,0.0114468,0.03,1,3878222,3877763,459
276644641,37.7322,39.7358,459,38108,0.0105787,0.03,1,3878259,3877800,459
276647561,39.6929,37.4943,464,38163,0.0462315,0.03,1,3878300,3877836,464
276650481,30.8771,38.9977,449,38218,0.0604926,0.05,1,3878325,3877876,449
276653401,27.3509,30.5991,449,38273,0.066197,0.01,1,3878350,3877901,449
276656321,31.3403,29.0396,455,38328,0.0564788,0.01,1,3878384,3877929,455
276659241,37.1361,31.4159,463,38383,0.0525915,0.05,1,3878425,3877962,463
276662161,39.4545,37.7663,462,38438,0.0270366,0,1,3878466,3878004,462
276665081,33.7818,37.9065,454,38493,0.0648146,0.07,1,3878496,3878042,454
276668001,26.1127,32.5626,446,38548,0.0919259,0.11,1,3878517,3878071,446
276670921,33.8451,26.225,463,38603,0.0367703,0,1,3878556,3878093,463
276673841,14.738,35.69,423,38658,0.0327081,0,1,3878558,3878135,423
276676761,38.8952,46.076,425,38713,0.0190833,0.01,1,3878613,3878188,425
276679681,34.1581,38.8304,422,38768,0.0256333,0.01,1,3878644,3878222,422
276682601,37.6632,37.7322,425,38822,0.0282533,0.07,1,3878684,3878259,425
276685521,40.2653,39.6929,426,38876,0.0533013,0.07,1,3878726,3878300,426
276688441,30.5061,30.8771,425,38930,0.0993205,0.07,1,3878750,3878325,425
276700121,38.725,39.4545,422,39146,0.0675826,0.09,1,3878888,3878466,422
276703041,37.09,33.7818,428,39200,0.033033,0.11,1,3878924,3878496,428
276705961,26.836,26.1127,427,39254,0.0192132,0,1,3878944,3878517,427
276708881,31.1344,33.8451,422,39308,0.00768529,0.03,1,3878978,3878556,422
276711801,13.6538,14.738,422,39362,0.00907411,0.01,1,3878980,3878558,422
276714721,38.4615,38.8952,422,39416,0.0336296,0.03,1,3879035,3878613,422
276717641,33.9846,34.1581,422,39470,0.0434519,0.03,1,3879066,3878644,422
276720561,38.1938,37.6632,423,39524,0.0233807,0.07,1,3879107,3878684,423
276723481,41.6775,40.2653,425,39577,0.0273523,0.13,1,3879151,3878726,425
276726401,31.671,30.5061,426,39630,0.0529409,0.15,1,3879176,3878750,426
276729321,28.2684,27.2024,427,39683,0.0991764,0.13,1,3879202,3878775,427
276741001,35.7157,37.09,422,39895,0.0714189,0.01,1,3879346,3878924,422
276743921,26.8863,26.836,423,39948,0.0705676,0,1,3879367,3878944,423
276746841,31.7545,31.1344,424,40001,0.046227,0.01,1,3879402,3878978,424
276749761,13.9018,13.6538,424,40054,0.0364908,0.05,1,3879404,3878980,424
276752681,37.3607,38.4615,422,40107,0.0205963,0.05,1,3879457,3879035,422
276755601,32.9443,15.3846,452,40160,0.0262385,0.05,1,3879487,3879035,452
276758521,38.3777,24.7538,463,40213,0.0164954,0.01,1,3879529,3879066,463
276761441,42.3511,34.5015,467,40266,0.0125982,0.03,1,3879574,3879107,467
276764361,32.5404,40.2006,449,40318,0.0230393,0.07,1,3879600,3879151,449
276767281,29.8162,31.0802,452,40370,0.0272157,0.13,1,3879628,3879176,452
276770201,34.1265,28.0321,463,40422,0.0408863,0.15,1,3879665,3879202,463
276773121,37.0506,32.2128,467,40474,0.0343545,0.17,1,3879704,3879237,467
276776041,33.4202,35.6851,460,40526,0.0197418,0.07,1,3879735,3879275,460
276778961,33.7681,35.2741,459,40578,0.0258967,0.05,1,3879769,3879310,459
276781881,26.7072,35.7096,445,40630,0.0283587,0.07,1,3879791,3879346,445
276784801,29.8829,26.8838,456,40682,0.0413435,0.03,1,3879823,3879367,456
276787721,13.1532,31.7535,423,40734,0.0705374,0.03,1,3879825,3879402,423
276790641,37.0613,13.9014,474,40786,0.046215,0.01,1,3879878,3879404,474
276793561,32.8245,37.3606,451,40838,0.048486,0.03,1,3879908,3879457,451
276796481,38.3298,32.9442,463,40890,0.0373944,0.01,1,3879950,3879487,463
276799401,42.9319,38.3777,467,40942,0.0449578,0.01,1,3879996,3879529,467
276802321,32.7728,42.3511,448,40994,0.0479831,0.03,1,3880022,3879574,448
276805241,29.9091,32.5404,450,41045,0.0251932,0.03,1,3880050,3879600,450
276808161,34.7636,29.8162,460,41096,0.0520773,0.05,1,3880088,3879628,460
276811081,36.7055,34.1265,461,41147,0.0748309,0.03,1,3880126,3879665,461
276814001,32.6822,37.0506,452,41198,0.0839324,0.01,1,3880156,3879704,452
276816921,34.0729,33.4202,456,41249,0.0995729,0.03,1,3880191,3879735,456
276822761,30.5317,26.7072,455,41351,0.0963317,0.05,1,3880246,3879791,455
276825681,13.4127,29.8829,425,41402,0.0925327,0.09,1,3880248,3879823,425
276828601,36.5651,13.1532,475,41453,0.0790131,0.03,1,3880300,3879825,475
276831521,32.026,37.0613,451,41504,0.0856052,0.05,1,3880329,3879878,451
276834441,14.0104,32.8245,423,41555,0.0882421,0.03,1,3880331,3879908,423
276837361,31.4042,38.3298,424,41606,0.0532968,0.05,1,3880374,3879950,424
276840281,39.5617,42.9319,423,41657,0.0273187,0.05,1,3880419,3879996,423
276843201,32.0247,32.7728,424,41708,0.0649275,0.01,1,3880446,3880022,424
276846121,29.0099,29.9091,423,41759,0.067971,0.07,1,3880473,3880050,423
276849041,36.2039,34.7636,426,41810,0.0931884,0.09,1,3880514,3880088,426
276869481,37.0868,36.5651,427,42160,0.225792,0.09,1,3880727,3880300,427
276872401,30.4347,32.026,424,42210,0.264317,0.09,1,3880753,3880329,424
276875321,13.3739,14.0104,424,42260,0.255727,0.03,1,3880755,3880331,424
276878241,30.5496,31.4042,423,42310,0.252291,0.01,1,3880797,3880374,423
276881161,39.2198,39.5617,423,42360,0.226916,0.09,1,3880842,3880419,423
276884081,32.4879,32.0247,424,42410,0.252767,0.07,1,3880870,3880446,424
276887001,28.5952,29.0099,423,42460,0.299107,0.11,1,3880896,3880473,423
276889921,38.4381,36.2039,427,42510,0.293643,0.17,1,3880941,3880514,427
276895761,34.1101,32.9126,429,42610,0.415383,0.19,1,3881011,3880582,429
276898681,36.444,34.7651,431,42660,0.436153,0.19,1,3881049,3880618,431
277015481,35.4031,38.5889,447,44595,0.771439,0.61,2,3882269,3881822,447
277018401,42.9612,42.4356,450,44642,0.782575,0.59,2,3882317,3881867,450
277021321,36.9845,36.1742,451,44689,0.79903,0.65,2,3882350,3881899,451
277024241,39.3938,37.2697,454,44736,0.829612,0.63,2,3882391,3881937,454
277027161,28.9575,28.7079,453,44783,0.841845,0.65,2,3882413,3881960,453
277030081,31.383,30.6831,454,44830,0.870738,0.65,2,3882446,3881992,454
277181921,30.501,36.737,498,47215,0.89559,1,2,3884061,3883563,498
277184841,35.6004,31.4948,509,47260,0.868236,1,2,3884100,3883591,509
277187761,27.4402,29.9979,502,47305,0.797294,1,2,3884122,3883620,502
277190681,29.5761,26.3992,509,47350,0.828918,1,2,3884153,3883644,509
277193601,30.4304,29.7597,508,47395,0.817567,1,2,3884184,3883676,508
277196521,24.1722,33.5039,492,47439,0.801027,1,2,3884204,3883712,492
277199441,25.2689,37.4015,478,47483,0.782411,1,2,3884230,3883752,478
277202361,40.1075,41.3606,484,47527,0.798964,1,2,3884280,3883796,484
277205281,31.043,34.5442,479,47571,0.841586,0.97,2,3884305,3883826,479
277208201,31.0172,31.8177,480,47615,0.846634,0.93,2,3884336,3883856,480
277211121,34.0069,33.7271,481,47659,0.860654,1,2,3884372,3883891,481
277214041,28.0028,28.4908,480,47703,0.890261,1,2,3884396,3883916,480
277348361,29.6803,31.3233,501,49696,0.86535,1,2,3885740,3885239,501
277351281,36.4721,25.7293,520,49738,0.85614,1,2,3885781,3885261,520
277354201,29.5888,40.8917,494,49780,0.780456,1,2,3885806,3885312,494
277357121,34.6355,31.3567,507,49822,0.750182,1,2,3885844,3885337,507
277383401,21.3615,29.3426,489,50200,0.448604,0.92,1,3886084,3885595,489
277386321,23.5446,23.137,495,50242,0.449442,0.98,1,3886109,3885614,495
277438881,31.9291,31.6178,445,50993,0.753487,0.49,2,3886591,3886146,445
277441801,13.9717,14.4471,444,51034,0.763395,0.55,2,3886593,3886149,444
277444721,27.1887,25.5789,447,51075,0.767358,0.47,2,3886629,3886182,447
277447641,23.4755,23.4315,446,51116,0.792943,0.57,2,3886650,3886204,446
277450561,32.1902,30.9726,448,51157,0.827177,0.57,2,3886688,3886240,448
277453481,29.0761,26.789,451,51198,0.828871,0.61,2,3886715,3886264,451
277456401,32.0304,30.5156,452,51239,0.877548,0.61,2,3886749,3886297,452
277459321,22.4122,23.0062,450,51280,0.885019,0.59,2,3886765,3886315,450
277462241,24.5649,24.2025,451,51321,0.888008,0.59,2,3886791,3886340,451
277763001,66.4435,69.2892,483,25716,0.440022,0.61,1,3889856,3889373,483
277803881,55.904,62.6625,497,26846,0.794778,0.53,2,3890594,3890097,497
277806801,23.5616,55.065,449,26925,0.815911,0.63,2,3890596,3890147,449
277809721,75.4246,85.626,453,27004,0.848364,0.67,2,3890706,3890253,453
277812641,58.9699,61.8504,455,27082,0.885346,0.67,2,3890754,3890299,455
277938201,50.0084,48.2093,494,30261,0.89536,1,2,3892960,3892466,494
277944041,65.1213,70.7135,483,30401,0.792458,1,2,3893072,3892589,483
277955721,36.4143,33.0775,496,30678,0.443983,1,1,3893249,3892753,496
277964481,63.2425,74.021,473,30885,0.295535,0.84,1,3893399,3892926,473
277967401,42.097,50.0084,467,30954,0.244214,0.93,1,3893427,3892960,467
277976161,54.3662,60.8485,452,31158,0.0768297,0.59,1,3893582,3893130,452
277979081,45.7465,51.3394,447,31226,0.0847319,0.51,1,3893622,3893175,447
277982001,44.0986,47.5358,445,31294,0.0758927,0.51,1,3893665,3893220,445
277984921,31.4394,19.0143,468,31362,0.0603571,0.37,1,3893688,3893220,468
277987841,32.3758,25.0057,472,31429,0.0661428,0.37,1,3893721,3893249,472
277990761,33.3503,29.2023,474,31496,0.0924571,0.39,1,3893755,3893281,474
278005361,52.6452,59.3688,473,31831,0.093942,0.05,1,3894004,3893531,473
278008281,45.6581,54.3475,463,31897,0.0915768,0.09,1,3894045,3893582,463
278011201,43.4632,45.739,465,31963,0.0666307,0.07,1,3894087,3893622,465
278014121,31.7853,44.0956,446,32029,0.0806523,0.05,1,3894111,3893665,446
278017041,33.7141,31.4382,458,32095,0.0742609,0.07,1,3894146,3893688,458
278034561,48.524,58.113,472,32489,0.205608,0.05,1,3894427,3893955,472
278037481,44.0096,52.6452,464,32554,0.256243,0.09,1,3894468,3894004,464
278055001,58.0736,60.5943,430,32942,0.400611,0.17,1,3894689,3894259,430
278113401,15.8576,15.2049,454,34203,0.754126,0.65,2,3895468,3895014,454
278116321,27.943,28.882,452,34265,0.763651,0.65,2,3895504,3895052,452
278119241,59.7772,11.5528,533,34327,0.77946,0.67,2,3895585,3895052,533
278122161,37.1109,53.2211,474,34389,0.809784,0.63,2,3895607,3895133,474
278125081,31.6444,34.4884,480,34450,0.833914,0.67,2,3895635,3895155,480
278128001,61.2577,30.5954,533,34511,0.867565,0.71,2,3895716,3895183,533
278130921,50.9031,59.6382,498,34572,0.881026,0.69,2,3895760,3895262,498
278133841,49.7612,50.8553,502,34633,0.88641,0.69,2,3895809,3895307,502
278136761,49.3045,49.7421,502,34694,0.852564,0.71,2,3895858,3895356,502
278139681,35.3218,47.4968,482,34755,0.839026,0.75,2,3895884,3895402,482
278142601,37.5287,34.5987,495,34816,0.85761,0.73,2,3895923,3895428,495
278145521,16.2115,36.6395,459,34877,0.865044,0.77,2,3895925,3895466,459
278148441,28.0846,15.8558,493,34938,0.880018,0.77,2,3895961,3895468,493
278265241,39.2874,18.9511,555,37280,0.829072,1,2,3897612,3897057,555
278268161,36.715,54.9805,511,37337,0.769629,1,2,3897647,3897136,511
278282761,32.6195,41.4542,500,37619,0.431692,1,1,3897847,3897347,500
278288601,54.6591,27.8727,547,37731,0.269471,0.95,1,3897942,3897395,547
278291521,42.2636,57.3491,504,37787,0.269788,1,1,3897976,3897472,504
278294441,33.7055,42.7396,499,37843,0.245915,0.89,1,3898004,3897505,499
278297361,31.4822,36.2959,497,37899,0.212366,0.91,1,3898034,3897537,497
278300281,38.9929,33.7183,509,37955,0.222946,0.77,1,3898078,3897569,509
278303201,33.5971,39.2873,496,38011,0.215179,0.73,1,3898108,3897612,496
278306121,45.2389,36.7149,514,38067,0.224071,0.67,1,3898161,3897647,514
278309041,38.4955,48.886,491,38122,0.227629,0.65,1,3898195,3897704,491
278311961,33.9982,43.5544,482,38177,0.217051,0.51,1,3898226,3897744,482
278314881,33.9993,36.6218,484,38232,0.236821,0.49,1,3898260,3897776,484
278317801,29.1997,41.0487,466,38287,0.232728,0.37,1,3898286,3897820,466
278320721,20.6799,32.6195,454,38342,0.219091,0.31,1,3898301,3897847,454
278323641,51.472,25.6478,505,38397,0.249637,0.21,1,3898373,3897868,505
278335321,38.7001,31.4822,474,38617,0.426439,0.23,1,3898508,3898034,474
278338241,16.68,38.9929,432,38672,0.440575,0.21,1,3898510,3898078,432
278390801,33.8737,33.5001,448,39643,0.782645,0.59,2,3899140,3898692,448
278393721,30.3495,29.6,449,39696,0.775058,0.55,2,3899168,3898719,449
278396641,20.5398,20.24,449,39749,0.796023,0.63,2,3899182,3898733,449
278399561,54.4159,53.096,451,39802,0.792409,0.59,2,3899259,3898808,451
278402481,45.7664,45.2384,451,39855,0.790964,0.63,2,3899299,3898848,451
278405401,36.3065,34.8954,453,39908,0.802386,0.63,2,3899329,3898876,453
278408321,33.1226,31.9581,454,39961,0.830954,0.65,2,3899360,3898906,454
278411241,40.849,40.3833,454,40014,0.890382,0.69,2,3899406,3898952,454
278580601,33.0406,34.4617,490,42966,0.76312,1,2,3901435,3900945,490
278586441,26.6465,10.7939,524,43064,0.754499,1,2,3901491,3900967,524
278639001,44.3052,30.5054,501,43937,0.299519,0.41,1,3902076,3901575,501
278662361,29.1514,36.3608,460,44321,0.403134,0.33,1,3902330,3901870,460
278665281,32.0606,29.5443,469,44369,0.407254,0.31,1,3902364,3901895,469
278668201,23.6242,31.6177,454,44417,0.408901,0.33,1,3902382,3901928,454
278671121,20.8497,24.0471,454,44464,0.445561,0.29,1,3902401,3901947,454
278732441,34.4285,33.2503,451,45449,0.784132,0.61,2,3903023,3902572,451
278735361,38.3714,37.3001,452,45495,0.823653,0.67,2,3903064,3902612,452
278738281,37.5486,36.5201,453,45541,0.827461,0.69,2,3903101,3902648,453
278741201,34.8194,33.808,454,45587,0.816984,0.67,2,3903134,3902680,454
278744121,28.3278,28.5232,453,45633,0.836794,0.63,2,3903158,3902705,453
278747041,35.3311,35.4093,453,45679,0.856718,0.73,2,3903198,3902745,453
278749961,32.7324,30.9637,456,45725,0.864687,0.67,2,3903229,3902773,456
278755801,24.9172,24.2742,456,45817,0.89555,0.67,2,3903281,3902825,456
278933921,33.0536,38.1039,487,48546,0.880912,1,2,3905174,3904687,487
278936841,30.6214,29.0416,493,48589,0.802365,1,2,3905203,3904710,493
278939761,27.8486,21.8166,502,48632,0.782946,1,2,3905229,3904727,502
278977721,34.2635,37.054,504,49191,0.445126,0.91,1,3905610,3905106,504
278980641,30.5054,37.6216,494,49234,0.44805,0.85,1,3905638,3905144,494
279001081,25.2294,21.0169,481,49535,0.434781,0.57,1,3905800,3905319,481
279079921,30.0615,29.6809,447,50670,0.759814,0.51,2,3906557,3906110,447
279082841,24.0246,23.8723,447,50712,0.777926,0.51,2,3906577,3906130,447
279085761,21.6098,21.5489,447,50754,0.78517,0.53,2,3906597,3906150,447
279088681,27.8439,27.2196,448,50795,0.812068,0.53,2,3906629,3906181,448
279091601,19.5376,19.2878,448,50836,0.822827,0.53,2,3906643,3906195,448
279094521,18.615,18.5151,448,50877,0.803131,0.55,2,3906661,3906213,448
279097441,26.046,25.4061,449,50918,0.807252,0.53,2,3906692,3906243,449
279100361,30.2184,30.5624,448,50959,0.820901,0.53,2,3906725,3906277,448
279103281,21.0874,20.625,449,51000,0.83836,0.53,2,3906740,3906291,449
279106201,9.63494,9.44999,449,51041,0.845344,0.61,2,3906742,3906293,449
279109121,27.854,25.98,452,51082,0.848138,0.65,2,3906782,3906330,452
279112041,27.9416,27.192,452,51123,0.885255,0.63,2,3906810,3906358,452
279114961,35.7766,34.8768,453,51164,0.888102,0.69,2,3906851,3906398,453
279443461,75.6142,84.1825,472,25716,0.43384,0.94,1,3910254,3909782,472
279458061,56.6108,69.407,479,26125,0.425988,0.51,1,3910535,3910056,479
279460981,64.6443,76.9628,467,26206,0.440395,0.39,1,3910605,3910138,467
279490181,61.3037,74.3736,448,27004,0.771094,0.53,2,3911134,3910686,448
279493101,28.1215,33.3494,448,27082,0.806438,0.55,2,3911140,3910692,448
279496021,30.4486,31.9398,449,27160,0.820575,0.57,2,3911172,3910723,449
279498941,54.1794,52.9759,452,27238,0.80223,0.63,2,3911242,3910790,452
279501861,52.8718,51.1904,454,27316,0.818892,0.71,2,3911294,3910840,454
279504781,78.1487,75.6761,457,27394,0.885557,0.73,2,3911389,3910932,457
279510621,66.3838,65.1482,459,27548,0.894089,0.75,2,3911507,3911048,459
279513541,27.7535,27.2593,459,27625,0.867636,0.79,2,3911509,3911050,459
279516461,62.7014,61.3037,461,27702,0.869054,0.83,2,3911595,3911134,461
279519381,28.6806,28.1215,461,27778,0.893622,0.83,2,3911601,3911140,461
279644941,74.3864,74.2313,491,30885,0.794646,1,2,3913838,3913347,491
279650781,46.8218,52.677,480,31022,0.425943,1,1,3913925,3913445,480
279656621,44.2115,39.1483,502,31158,0.0933509,1,1,3914027,3913525,502
279659541,35.0846,40.8593,489,31226,0.0553404,0.99,1,3914056,3913567,489
279662461,33.8338,37.3437,487,31294,0.0401361,0.99,1,3914089,3913602,487
279665381,27.9335,14.9375,511,31362,0.0220545,1,1,3914113,3913602,511
279668301,29.1734,27.575,505,31429,0.0148218,0.95,1,3914143,3913638,505
279671221,57.8694,30.83,549,31496,0.0119287,0.89,1,3914220,3913671,549
279674141,66.9477,64.532,535,31563,0.0347715,0.71,1,3914293,3913758,535
279677061,47.1791,73.8128,489,31630,0.0559086,0.47,1,3914327,3913838,489
279679981,38.0716,58.3251,473,31697,0.0283634,0.31,1,3914359,3913886,473
279682901,49.4287,46.73,491,31764,0.0173454,0.03,1,3914416,3913925,491
279685821,39.5715,59.492,456,31831,0.0249381,0.03,1,3914449,3913993,456
279688741,33.8286,44.1968,452,31897,0.0399753,0.03,1,3914479,3914027,452
279691661,32.7314,35.0787,455,31963,0.0339901,0.03,1,3914511,3914056,455
279694581,28.0926,33.8315,447,32029,0.019596,0.01,1,3914536,3914089,447
279697501,28.037,27.9326,451,32095,0.0378384,0.01,1,3914564,3914113,451
279700421,57.4148,29.173,498,32161,0.0331354,0.01,1,3914641,3914143,498
279703341,67.9659,57.8692,496,32227,0.0792542,0.05,1,3914716,3914220,496
279706261,46.9864,66.9477,456,32293,0.0977017,0.07,1,3914749,3914293,456
279715021,42.7031,49.4287,460,32489,0.0818529,0.03,1,3914876,3914416,460
279717941,33.8813,39.5715,455,32554,0.0507412,0.05,1,3914904,3914449,455
279720861,30.9525,33.8286,454,32619,0.0382965,0.03,1,3914933,3914479,454
279723781,27.381,32.7314,447,32684,0.0333186,0.01,1,3914958,3914511,447
279726701,27.1524,28.0926,449,32749,0.0313274,0.05,1,3914985,3914536,449
279729621,12.061,28.037,423,32814,0.030531,0.03,1,3914987,3914564,423
279732541,50.4244,57.4148,422,32878,0.0302124,0.11,1,3915063,3914641,422
279735461,67.5698,67.9659,426,32942,0.042085,0.11,1,3915142,3914716,426
279738381,47.4279,46.9864,427,33006,0.046834,0.15,1,3915176,3914749,427
279741301,37.5712,37.3945,427,33070,0.0487336,0.13,1,3915207,3914780,427
279744221,49.2285,49.7578,426,33134,0.0494934,0.05,1,3915264,3914838,426
279747141,40.6914,42.7031,423,33198,0.0377974,0.03,1,3915299,3914876,423
279750061,33.0766,33.8813,423,33262,0.0211189,0.03,1,3915327,3914904,423
279752981,30.6306,30.9525,423,33326,0.0144476,0.03,1,3915356,3914933,423
279755901,27.2522,27.381,423,33389,0.035779,0.03,1,3915381,3914958,423
279758821,26.5009,27.1524,422,33452,0.0323116,0.03,1,3915407,3914985,422
279761741,11.8004,12.061,422,33515,0.0309246,0.03,1,3915409,3914987,422
279764661,50.3201,50.4244,422,33578,0.0423699,0.05,1,3915485,3915063,422
279767581,67.5281,67.5698,422,33641,0.0469479,0.05,1,3915564,3915142,422
279770501,47.4112,47.4279,422,33704,0.0607792,0.05,1,3915598,3915176,422
279788021,27.8337,27.2522,423,34079,0.0805069,0.03,1,3915804,3915381,423
279790941,26.1335,26.5009,422,34141,0.0622027,0.03,1,3915829,3915407,422
279793861,11.6534,11.8004,422,34203,0.0548811,0.05,1,3915831,3915409,422
279796781,50.2614,50.3201,422,34265,0.0519524,0.05,1,3915907,3915485,422
279799701,66.9045,20.1281,500,34327,0.062781,0.05,1,3915985,3915485,500
279802621,48.3618,55.4512,457,34389,0.0671124,0.07,1,3916021,3915564,457
279805541,40.9447,42.5805,459,34450,0.092845,0.13,1,3916057,3915598,459
279808461,51.7779,36.8322,485,34511,0.091138,0.17,1,3916116,3915631,485
279843501,40.9157,51.7779,460,35239,0.205218,0.15,1,3916576,3916116,460
279846421,33.1663,39.9111,456,35299,0.244087,0.15,1,3916604,3916148,456
279849341,28.2665,32.7645,453,35359,0.247635,0.15,1,3916629,3916176,453
279852261,26.9066,26.9058,456,35419,0.249054,0.17,1,3916655,3916199,456
279855181,23.9626,26.9623,451,35479,0.249622,0.17,1,3916677,3916226,451
279858101,10.7851,25.1849,429,35539,0.261849,0.17,1,3916679,3916250,429
279861021,49.314,11.274,502,35598,0.266739,0.15,1,3916754,3916252,502
279863941,67.7256,50.1096,506,35657,0.280696,0.09,1,3916834,3916328,506
279866861,28.2902,68.6438,427,35716,0.286278,0.11,1,3916836,3916409,427
279872701,35.9664,41.223,429,35834,0.282205,0.19,1,3916910,3916481,429
279875621,53.3866,54.2892,431,35893,0.274882,0.23,1,3916975,3916544,431
279878541,41.7546,40.9157,433,35952,0.295953,0.27,1,3917009,3916576,433
279881461,34.7019,33.1663,435,36011,0.280381,0.25,1,3917039,3916604,435
279893141,11.026,10.7851,435,36245,0.28793,0.27,1,3917114,3916679,435
279901901,28.5457,28.2902,436,36419,0.284588,0.31,1,3917272,3916836,436
279904821,33.6183,32.9161,437,36477,0.299835,0.27,1,3917309,3916872,437
279913581,41.6076,41.7546,435,36651,0.409189,0.27,1,3917444,3917009,435
279916501,35.243,34.7019,436,36709,0.421676,0.33,1,3917475,3917039,436
279969061,69.355,49.3146,530,37731,0.783495,0.61,2,3918154,3917624,530
279971981,28.942,68.3259,451,37787,0.799398,0.61,2,3918156,3917705,451
279974901,35.5768,28.5303,489,37843,0.817759,0.61,2,3918196,3917707,489
279977821,35.8307,34.2121,487,37899,0.837104,0.61,2,3918232,3917745,487
279980741,56.3323,35.2849,521,37955,0.856841,0.65,2,3918302,3917781,521
280150101,34.0182,25.622,529,41057,0.8212,1,2,3920399,3919870,529
280153021,35.8073,21.6488,547,41108,0.75448,1,2,3920436,3919889,547
280161781,37.4757,44.8255,509,41261,0.434447,1,1,3920576,3920067,509
280164701,29.9903,32.9302,509,41312,0.419779,1,1,3920601,3920092,509
280173461,31.9194,36.3315,501,41465,0.289186,1,1,3920717,3920216,501
280176381,30.7677,31.9326,502,41516,0.265674,1,1,3920747,3920245,502
280179301,13.5071,30.773,474,41567,0.25627,1,1,3920749,3920275,474
280182221,21.6028,30.9092,470,41618,0.240508,1,1,3920776,3920306,470
280185141,23.6411,27.3637,470,41669,0.222203,0.98,1,3920801,3920331,470
280188061,25.0565,29.5455,465,41720,0.214881,0.71,1,3920827,3920362,465
280196821,43.1236,49.7229,448,41872,0.215592,0.43,1,3920943,3920495,448
280228941,25.6757,25.0565,432,42422,0.202141,0.19,1,3921259,3920827,432
280231861,27.6703,28.0226,431,42472,0.206857,0.19,1,3921288,3920857,431
280234781,32.6681,32.809,431,42522,0.232743,0.23,1,3921324,3920893,431
280237701,42.4672,43.1236,430,42572,0.255097,0.17,1,3921373,3920943,430
280240621,44.5869,46.6494,427,42622,0.264039,0.17,1,3921419,3920992,427
280243541,37.0348,36.0598,430,42672,0.279616,0.15,1,3921451,3921021,430
280255221,32.2105,30.6159,430,42868,0.425286,0.19,1,3921580,3921150,430
280258141,29.6842,29.6464,429,42917,0.440114,0.19,1,3921608,3921179,429
280261061,13.0737,13.0585,429,42966,0.446046,0.17,1,3921610,3921181,429
280263981,19.6295,20.2234,428,43015,0.448418,0.17,1,3921634,3921206,428
280266901,24.0518,8.08937,455,43064,0.413367,0.15,1,3921661,3921206,455
280269821,25.2207,18.8357,455,43113,0.423347,0.23,1,3921687,3921232,455
280325301,40.147,45.8856,481,44033,0.770765,0.51,2,3922334,3921853,481
280328221,29.2588,38.7543,469,44081,0.770306,0.53,2,3922356,3921887,469
280331141,45.3035,28.7017,503,44129,0.794122,0.59,2,3922412,3921909,503
280334061,33.1214,43.2807,475,44177,0.839649,0.61,2,3922437,3921962,475
280336981,35.4486,31.7123,488,44225,0.84586,0.65,2,3922474,3921986,488
280339901,31.5794,33.6849,482,44273,0.848344,0.65,2,3922503,3922021,482
280342821,13.8318,30.274,456,44321,0.849338,0.65,2,3922505,3922049,456
280345741,19.9327,13.3096,478,44369,0.885735,0.67,2,3922529,3922051,478
280582261,183.632,205.358,473,21900,0.2452,1,1,3925171,3924698,473
280588101,84.5812,83.6173,496,22093,0.081232,0.63,1,3925314,3924818,496
280591021,77.0325,85.0469,482,22189,0.0744928,0.51,1,3925386,3924904,482
280593941,79.413,71.8188,500,22285,0.0957971,0.25,1,3925467,3924967,500
280605621,94.0202,65.7746,506,22663,0.0928364,0.05,1,3925677,3925171,506
280617301,42.5589,76.3958,446,23035,0.225049,0.21,1,3925913,3925467,446
280620221,25.4236,41.3583,442,23127,0.240019,0.17,1,3925927,3925485,442
280623141,36.5694,23.1433,475,23219,0.258008,0.15,1,3925971,3925496,475
280626061,91.4278,39.8573,552,23310,0.241203,0.05,1,3926099,3925547,552
280628981,75.5711,93.9429,487,23401,0.222481,0.13,1,3926164,3925677,487
280631901,74.0284,73.5772,500,23492,0.202992,0.13,1,3926237,3925737,500
280634821,84.2114,73.2309,518,23582,0.231197,0.23,1,3926328,3925810,518
280637741,44.4845,80.8923,450,23672,0.254479,0.25,1,3926346,3925896,450
280640661,26.7938,42.5569,448,23762,0.275792,0.25,1,3926361,3925913,448
280643581,37.1175,25.4228,478,23851,0.296317,0.27,1,3926405,3925927,478
280664021,25.9552,26.7938,434,24467,0.417651,0.31,1,3926795,3926361,434
280666941,38.5821,37.1175,437,24554,0.41306,0.31,1,3926842,3926405,437
280669861,91.0328,90.447,437,24640,0.447224,0.31,1,3926968,3926531,437
280707821,45.6831,77.2205,467,25736,0.752257,0.57,2,3927669,3927202,467
280710741,26.6732,42.8882,461,25818,0.762903,0.53,2,3927683,3927222,461
280713661,41.2693,25.5553,498,25900,0.827161,0.61,2,3927734,3927236,498
280845061,61.5043,25.6507,595,29355,0.880576,1,2,3930215,3929620,595
280847981,56.4017,84.0603,525,29427,0.89823,1,2,3930268,3929743,525
280850901,45.9607,63.0241,515,29499,0.833292,1,2,3930307,3929792,515
280853821,72.9843,48.6096,567,29571,0.831317,1,2,3930398,3929831,567
280856741,48.3937,79.4439,499,29643,0.854527,1,2,3930430,3929931,499
280859661,67.3575,52.7775,544,29714,0.767811,1,2,3930510,3929966,544
280880101,41.8521,45.9607,462,30209,0.409439,0.83,1,3930769,3930307,462
280961861,48.7451,21.3158,516,32112,0.761521,0.59,2,3932015,3931499,516
280964781,50.098,48.1263,501,32178,0.766608,0.59,2,3932066,3931565,501
280970621,72.6957,40.2202,548,32310,0.755057,0.73,2,3932196,3931648,548
280973541,50.6783,70.6881,493,32375,0.776023,0.69,2,3932232,3931739,493
280976461,65.2713,51.0752,530,32440,0.796409,0.71,2,3932307,3931777,530
280979381,48.3085,64.2301,494,32505,0.828564,0.75,2,3932344,3931850,494
280982301,28.9234,47.292,474,32570,0.853425,0.75,2,3932360,3931886,474
280985221,29.5694,28.5168,488,32635,0.88737,0.75,2,3932390,3931902,488
281119541,35.3598,33.1519,530,35493,0.898801,1,2,3934377,3933847,530
281122461,36.3439,47.4607,510,35553,0.85752,1,2,3934414,3933904,510
281125381,36.1376,38.1843,514,35612,0.817008,1,2,3934450,3933936,514
281128301,28.255,33.8737,506,35671,0.788803,1,2,3934473,3933967,506
281148741,35.2555,38.7487,472,36084,0.402653,0.86,1,3934786,3934314,472
281154581,33.4809,35.3598,468,36201,0.428025,0.83,1,3934845,3934377,468
281198381,26.6015,25.1348,448,37066,0.752128,0.57,2,3935378,3934930,448
281201301,31.0406,30.4539,448,37123,0.774851,0.55,2,3935412,3934964,448
281204221,34.0162,33.1816,449,37180,0.80794,0.55,2,3935448,3934999,449
281207141,36.4065,13.2726,487,37237,0.797176,0.57,2,3935486,3934999,487
281210061,50.5626,29.309,507,37294,0.80487,0.59,2,3935546,3935039,507
281212981,63.425,47.1236,520,37351,0.807948,0.73,2,3935618,3935098,520
281215901,46.97,57.8494,491,37408,0.821179,0.69,2,3935654,3935163,491
281218821,36.188,44.7398,484,37464,0.838472,0.77,2,3935683,3935199,484
281221741,27.6752,34.0959,479,37520,0.857389,0.73,2,3935705,3935226,479
281224661,35.0701,28.0384,495,37576,0.876956,0.73,2,3935745,3935250,495
281227581,34.428,34.6153,490,37632,0.896782,0.71,2,3935779,3935289,490
281236341,32.0834,26.5994,494,37800,0.899074,0.79,2,3935872,3935378,494
281239261,34.4334,31.0398,496,37856,0.89363,0.83,2,3935908,3935412,496
281242181,36.5733,34.0159,498,37912,0.891452,0.79,2,3935946,3935448,498
281411541,43.8688,33.0732,527,41019,0.889232,1,2,3938132,3937605,527
281629081,189.265,181.921,512,20544,0.295933,0.95,1,3940739,3940227,512
281632001,124.306,130.368,497,20647,0.220373,0.87,1,3940820,3940323,497
281637841,86.1289,99.5789,475,20852,0.22606,0.45,1,3940973,3940498,475
281646601,33.3043,31.2611,452,21156,0.205268,0.13,1,3941069,3940617,452
281649521,73.3217,85.7044,430,21256,0.244107,0.17,1,3941169,3940739,430
281652441,77.9287,82.8818,430,21356,0.295643,0.17,1,3941250,3940820,430
281661201,58.8434,60.0004,431,21652,0.443961,0.21,1,3941451,3941020,431
281664121,34.3374,34.2002,432,21750,0.447584,0.21,1,3941469,3941037,432
281707921,33.2677,35.0751,481,23170,0.76755,0.57,2,3942394,3941913,481
281710841,76.3071,34.4301,552,23261,0.79302,0.55,2,3942499,3941947,552
281713761,80.3228,76.172,531,23352,0.815208,0.55,2,3942582,3942051,531
281716681,81.3291,79.6688,531,23443,0.872083,0.61,2,3942664,3942133,531
281804281,88.4075,69.0107,579,26017,0.767958,1,2,3944487,3943908,579
281842241,45.0187,63.66,451,27056,0.752248,0.61,2,3945152,3944701,451
281845161,39.6075,46.464,452,27134,0.786899,0.61,2,3945188,3944736,452
281848081,31.443,34.1856,452,27212,0.77676,0.65,2,3945214,3944762,452
281851001,65.9772,65.8742,454,27290,0.844704,0.71,2,3945303,3944849,454
281970721,70.3644,69.334,492,30308,0.76744,1,2,3947454,3946962,492
281985321,36.0668,33.6793,487,30656,0.429865,1,1,3947613,3947126,487
281988241,51.6267,56.6717,477,30725,0.417946,1,1,3947675,3947198,477
281991161,75.2507,82.0687,469,30794,0.413178,0.99,1,3947766,3947297,469
281994081,48.7003,52.0275,468,30863,0.423271,0.91,1,3947797,3947329,468
281997001,39.2801,42.411,465,30932,0.439309,0.65,1,3947830,3947365,465
281999921,61.912,70.3644,453,31000,0.421723,0.69,1,3947907,3947454,453
282002841,36.7648,39.5458,454,31068,0.438689,0.57,1,3947927,3947473,454
282005761,30.3059,34.4183,449,31136,0.421476,0.37,1,3947953,3947504,449
282008681,33.7224,37.1673,446,31204,0.43859,0.35,1,3947989,3947543,446
282011601,34.4889,34.6669,448,31272,0.445436,0.45,1,3948024,3947576,448
282058321,62.9021,39.3013,530,32339,0.753196,0.67,2,3948802,3948272,530
282061241,37.1608,61.3205,474,32404,0.763278,0.67,2,3948822,3948348,474
282064161,30.4643,36.5282,480,32469,0.767311,0.67,2,3948848,3948368,480
282067081,33.7857,30.2113,490,32534,0.768924,0.67,2,3948884,3948394,490
282070001,35.1143,33.6845,490,32599,0.76957,0.65,2,3948920,3948430,490
282072921,32.6457,35.6738,484,32664,0.781828,0.61,2,3948951,3948467,484
282075841,50.8583,33.4695,515,32729,0.798731,0.67,2,3949014,3948499,515
282078761,21.5433,49.9878,456,32794,0.805492,0.71,2,3949016,3948560,456
282081681,66.8173,77.5951,457,32858,0.892197,0.75,2,3949113,3948656,457
282195561,35.339,34.7645,510,35281,0.867616,1,2,3950783,3950273,510
282198481,32.7356,33.1058,509,35341,0.869046,1,2,3950814,3950305,509
282210161,55.2748,35.3307,540,35581,0.246648,1,1,3950996,3950456,540
282216001,27.324,49.4529,481,35699,0.0766636,1,1,3951052,3950571,481
282218921,30.1296,40.1812,479,35758,0.0966654,0.99,1,3951084,3950605,479
282221841,60.0518,61.6725,483,35817,0.0386662,1,1,3951164,3950681,483
282224761,43.2207,43.869,483,35876,0.0454665,1,1,3951196,3950713,483
282227681,32.8883,40.3476,471,35935,0.0721866,0.78,1,3951222,3950751,471
282256881,61.4882,60.0518,426,36519,0.0844258,0.05,1,3951590,3951164,426
282259801,44.9953,43.2207,428,36577,0.0757703,0.09,1,3951624,3951196,428
282262721,32.3981,32.8883,426,36635,0.0843081,0.13,1,3951648,3951222,426
282291921,61.4197,11.6882,506,37208,0.0665965,0.07,1,3952013,3951507,506
282294841,45.5679,54.4753,458,37265,0.0446386,0.07,1,3952048,3951590,458
282297761,32.0271,42.1901,447,37322,0.0838554,0.09,1,3952071,3951624,447
282306521,30.4177,26.8442,458,37492,0.216807,0.15,1,3952158,3951700,458
282309441,34.9671,28.7377,466,37548,0.248723,0.15,1,3952196,3951730,466
282312361,29.5868,34.2951,454,37604,0.273489,0.15,1,3952222,3951768,454
282315281,45.4347,29.318,484,37660,0.283396,0.19,1,3952278,3951794,484
282318201,40.9739,45.3272,466,37716,0.287358,0.15,1,3952316,3951850,466
282321121,22.3896,40.9309,438,37772,0.288943,0.15,1,3952326,3951888,438
282324041,28.1558,22.3724,460,37828,0.289577,0.15,1,3952358,3951898,460
282326961,56.8623,27.5489,505,37884,0.241831,0.01,1,3952434,3951929,505
282338641,29.5933,29.6109,458,38108,0.0912949,0.23,1,3952557,3952099,458
282376601,27.4836,29.5933,427,38822,0.201658,0.15,1,3952984,3952557,427
282379521,32.5934,31.6373,430,38876,0.230663,0.15,1,3953020,3952590,430
282382441,35.8374,37.2549,427,38930,0.290265,0.11,1,3953058,3952631,427
282391201,41.0296,41.1203,427,39092,0.400897,0.11,1,3953178,3952751,427
282397041,26.9647,26.9792,427,39200,0.403744,0.15,1,3953218,3952791,427
282458361,39.5578,33.2978,490,40318,0.772971,0.59,2,3953944,3953454,490
282461281,33.8231,37.3191,480,40370,0.795188,0.61,2,3953974,3953494,480
282464201,50.1293,32.3276,512,40422,0.864075,0.67,2,3954035,3953523,512
282478801,46.7978,58.3371,494,40682,0.895245,0.69,2,3954233,3953739,494
282703641,100.881,89.5444,491,20031,0.0915607,0,1,3956990,3956499,491
282706561,80.5524,103.018,446,20137,0.0546243,0.05,1,3957057,3956611,446
282709481,79.0209,71.8071,473,20242,0.0398497,0.05,1,3957135,3956662,473
282712401,38.2084,60.5228,431,20347,0.0339399,0,1,3957146,3956715,431
282715321,60.2834,35.0091,488,20451,0.031576,0.05,1,3957221,3956733,488
282718241,91.9133,54.2037,534,20555,0.0786304,0.13,1,3957334,3956800,534
282727001,75.7945,73.573,499,20863,0.0777523,0.03,1,3957556,3957057,499
282729921,36.9178,76.2292,432,20965,0.0491009,0.03,1,3957567,3957135,432
282732841,15.9671,37.0917,423,21066,0.0196404,0.03,1,3957569,3957146,423
282735761,51.3868,59.8367,423,21167,0.0258561,0.11,1,3957644,3957221,423
282738681,90.7547,91.7347,427,21267,0.0403425,0.17,1,3957761,3957334,427
282741601,84.3019,82.8939,430,21367,0.058137,0.11,1,3957841,3957411,430
282785401,74.2543,80.2005,493,22810,0.23581,0.11,1,3958759,3958266,493
282788321,74.1017,72.8802,499,22903,0.292324,0.13,1,3958833,3958334,499
282832121,76.162,76.5781,453,24254,0.77868,0.63,2,3959723,3959270,453
282835041,37.0648,36.6312,454,24341,0.809472,0.63,2,3959734,3959280,454
282837961,16.0259,15.8525,454,24428,0.821789,0.67,2,3959736,3959282,454
282840881,53.2104,52.541,455,24515,0.874716,0.69,2,3959814,3959359,455
282843801,94.4842,93.0164,457,24601,0.895886,0.71,2,3959936,3959479,457
282846721,38.9937,38.4066,457,24687,0.880354,0.71,2,3959938,3959481,457
282849641,68.9975,68.7626,457,24773,0.874142,0.75,2,3960027,3959570,457
282852561,71.999,71.905,457,24859,0.895657,0.81,2,3960101,3959644,457
282855481,79.1996,76.162,462,24944,0.868263,0.83,2,3960185,3959723,462
282858401,38.8798,37.0648,463,25029,0.881305,0.83,2,3960197,3959734,463
282861321,16.7519,16.0259,463,25114,0.886522,0.91,2,3960199,3959736,463
282963521,35.2036,36.0732,492,27913,0.885693,1,2,3962186,3961694,492
282966441,84.8814,88.8293,486,27989,0.768277,1,2,3962304,3961818,486
282975201,72.0084,72.5971,478,28215,0.26157,1,1,3962474,3961996,478
282981041,43.5613,46.0555,471,28365,0.0670511,1,1,3962567,3962096,471
282983961,32.4245,18.4222,496,28440,0.0688205,1,1,3962592,3962096,496
282986881,25.5698,22.9689,491,28514,0.0335282,0.95,1,3962613,3962122,491
282989801,29.4279,23.5876,499,28588,0.0314113,0.83,1,3962645,3962146,499
282992721,77.7712,33.435,569,28662,0.0305645,0.69,1,3962755,3962186,569
282995641,46.1085,84.174,476,28736,0.0902258,0.55,1,3962780,3962304,476
282998561,47.2434,52.2696,493,28810,0.0780903,0.39,1,3962828,3962335,493
283010241,31.3678,43.5541,446,29102,0.0868151,0.07,1,3963013,3962567,446
283013161,25.7471,32.4216,443,29175,0.040726,0.01,1,3963035,3962592,443
283016081,29.4989,25.5687,454,29248,0.0462904,0.03,1,3963067,3962613,454
283019001,79.5995,29.4275,535,29320,0.0365162,0.03,1,3963180,3962645,535
283021921,47.4398,77.771,451,29392,0.0686065,0.13,1,3963206,3962755,451
283051121,48.3571,47.4398,428,30104,0.202664,0.13,1,3963634,3963206,428
283054041,46.9428,46.5759,428,30174,0.243066,0.15,1,3963680,3963252,428
283056961,65.5771,64.8304,429,30244,0.259226,0.15,1,3963758,3963329,429
283059881,62.8309,61.9321,430,30314,0.277691,0.19,1,3963819,3963389,430
283062801,38.3323,38.5729,429,30384,0.297076,0.17,1,3963841,3963412,429
283065721,31.5329,31.0291,430,30454,0.26883,0.19,1,3963868,3963438,430
283068641,24.6132,25.0117,429,30523,0.257532,0.15,1,3963888,3963459,429
283071561,11.0453,11.2047,429,30592,0.277013,0.19,1,3963890,3963461,429
283074481,22.4181,22.4819,429,30661,0.284805,0.15,1,3963920,3963491,429
283086161,67.3899,65.5771,435,30937,0.413227,0.29,1,3964193,3963758,435
283092001,38.9824,38.3323,435,31073,0.405716,0.25,1,3964276,3963841,435
283094921,31.193,31.5329,434,31141,0.432287,0.25,1,3964302,3963868,434
283097841,24.4772,24.6132,434,31209,0.430915,0.29,1,3964322,3963888,434
283141641,50.3093,51.1994,496,32211,0.777707,0.53,2,3965001,3964505,496
283144561,69.9237,49.8797,530,32277,0.845083,0.61,2,3965084,3964554,530
283328521,47.5555,54.0023,491,36174,0.77272,1,2,3967749,3967258,491
283343121,36.029,40.7203,491,36464,0.207583,1,1,3967929,3967438,491
283348961,50.8846,54.2753,486,36580,0.0680133,1,1,3968045,3967559,486
283360641,29.9826,34.8886,467,36811,0.0820451,0.67,1,3968160,3967693,467
283363561,38.9931,47.5555,456,36868,0.0628181,0.59,1,3968205,3967749,456
283366481,37.1972,44.8222,449,36925,0.0551272,0.47,1,3968241,3967792,449
283369401,31.6789,38.3289,443,36982,0.0520509,0.41,1,3968269,3967826,443
283372321,27.6716,33.9315,437,37039,0.0628204,0.23,1,3968294,3967857,437
283375241,27.2686,34.5726,429,37096,0.0431281,0.13,1,3968321,3967892,429
283378161,29.5074,36.029,423,37153,0.0472513,0.13,1,3968352,3967929,423
283381081,51.403,14.4116,489,37210,0.0369005,0.07,1,3968418,3967929,489
283384001,51.1612,46.5646,472,37267,0.0327602,0.03,1,3968469,3967997,472
283386921,38.4645,47.4259,454,37324,0.0311041,0.21,1,3968499,3968045,454
283389841,32.1858,36.9703,452,37381,0.0304416,0.09,1,3968527,3968075,452
283392761,28.4743,31.5881,450,37438,0.0541767,0.09,1,3968553,3968103,450
283395681,29.3897,28.2353,454,37494,0.0516707,0.07,1,3968583,3968129,454
283398601,37.5559,29.8941,466,37550,0.0986683,0.05,1,3968626,3968160,466
283416121,50.3751,29.5071,488,37886,0.0924432,0.03,1,3968840,3968352,488
283419041,51.35,51.4028,474,37942,0.0429773,0.03,1,3968892,3968418,474
283421961,39.14,51.1611,454,37998,0.0351909,0.03,1,3968923,3968469,454
283424881,31.856,38.4645,451,38054,0.0200764,0.03,1,3968950,3968499,451
283427801,29.5424,32.1858,451,38110,0.0500305,0.07,1,3968978,3968527,451
283430721,29.217,28.4743,454,38165,0.0740122,0.05,1,3969007,3968553,454
283454081,49.4483,50.3751,474,38605,0.0898814,0.01,1,3969314,3968840,474
283457001,20.9793,51.35,424,38660,0.0419526,0.03,1,3969316,3968892,424
283459921,26.3917,39.14,423,38715,0.046781,0.01,1,3969346,3968923,423
283462841,26.1567,31.856,422,38770,0.0487124,0.07,1,3969372,3968950,422
283465761,30.2627,29.5424,427,38824,0.037485,0.09,1,3969405,3968978,427
283468681,29.5051,29.217,427,38878,0.056994,0.13,1,3969434,3969007,427
283486201,31.5167,31.5516,429,39202,0.217779,0.15,1,3969633,3969204,429
283489121,48.6067,48.6206,429,39256,0.201112,0.05,1,3969693,3969264,429
283515401,34.5928,33.4483,429,39738,0.228677,0.21,1,3969978,3969549,429
283518321,30.0371,28.9793,430,39791,0.253471,0.21,1,3970005,3969575,430
283521241,25.2148,24.7917,430,39844,0.251388,0.23,1,3970027,3969597,430
283524161,32.2859,31.5167,431,39897,0.274555,0.19,1,3970064,3969633,431
283527081,47.7144,48.6067,429,39950,0.283822,0.13,1,3970122,3969693,429
283556281,30.8447,34.5296,459,40476,0.422857,0.27,1,3970437,3969978,459
283611761,27.08,19.2547,479,41455,0.761211,0.55,2,3971081,3970602,479
283614681,25.232,26.3019,472,41506,0.766484,0.55,2,3971105,3970633,472
283617601,11.2928,24.9208,450,41557,0.768594,0.57,2,3971107,3970657,450
283620521,23.7171,29.1683,450,41608,0.781437,0.57,2,3971139,3970689,450
283623441,31.0868,33.2673,450,41659,0.810575,0.57,2,3971175,3970725,450
283626361,44.2347,43.9069,452,41710,0.81023,0.67,2,3971228,3970776,452
283629281,44.6939,42.7628,455,41761,0.786092,0.69,2,3971273,3970818,455
283632201,37.0776,35.7051,456,41812,0.788437,0.71,2,3971305,3970849,456
283635121,34.631,32.882,458,41862,0.825375,0.71,2,3971338,3970880,458
283638041,28.2524,28.1528,457,41912,0.86415,0.73,2,3971362,3970905,457
283640961,34.701,34.0611,458,41962,0.87966,0.75,2,3971401,3970943,458
283827841,34.4074,13.1998,540,45067,0.877312,1,2,3973566,3973026,540
283829301,25.7629,19.6799,536,45114,0.872925,1,2,3973586,3973050,536
283881861,111.737,120.18,459,20647,0.0839472,0.11,1,3974213,3973754,459
283884781,110.095,108.672,467,20750,0.0515789,0.03,1,3974322,3973855,467
283887701,87.8379,101.069,444,20852,0.0386315,0.03,1,3974395,3973951,444
283890621,69.3352,68.6275,454,20954,0.0214526,0.03,1,3974452,3973998,454
283893541,37.9341,56.251,423,21055,0.014581,0.03,1,3974469,3974046,423
283896461,24.7736,32.1004,423,21156,0.0358324,0.03,1,3974485,3974062,423
283899381,55.5095,56.0402,427,21256,0.044333,0.03,1,3974561,3974134,427
283902301,66.6038,69.8161,422,21356,0.0357332,0.03,1,3974635,3974213,422
283905221,93.8415,93.3264,425,21455,0.0802933,0.03,1,3974747,3974322,425
283908141,81.3366,81.1306,425,21554,0.0381173,0.01,1,3974820,3974395,425
283911061,64.9346,66.6522,422,21652,0.0332469,0.01,1,3974874,3974452,422
283913981,36.1739,36.8609,422,21750,0.0432988,0.05,1,3974891,3974469,422
283916901,26.4695,24.3444,426,21848,0.0473195,0.05,1,3974911,3974485,426
283919821,53.7878,55.3377,422,21945,0.0489278,0.03,1,3974983,3974561,422
283922741,65.9151,66.5351,422,22042,0.0375711,0.11,1,3975057,3974635,422
283925661,95.366,93.814,425,22138,0.0330284,0.01,1,3975172,3974747,425
283928581,81.3464,81.3256,424,22234,0.0432114,0.03,1,3975244,3974820,424
283931501,64.3386,64.9302,423,22329,0.0352845,0.05,1,3975297,3974874,423
283934421,35.3354,36.1721,422,22424,0.0561138,0.05,1,3975313,3974891,422
283937341,27.3342,26.4688,424,22519,0.0404455,0.05,1,3975335,3974911,424
283940261,53.5337,10.5875,495,22613,0.0821782,0.05,1,3975406,3974911,495
283943181,64.6135,47.435,495,22707,0.0988713,0.03,1,3975478,3974983,495
283946101,94.8454,63.374,536,22800,0.0455485,0.03,1,3975593,3975057,536
283949021,82.3382,94.3496,495,22893,0.0482194,0.05,1,3975667,3975172,495
283951941,65.3353,80.9398,477,22986,0.0732878,0.03,1,3975721,3975244,477
283954861,34.5341,64.1759,438,23078,0.0593151,0.07,1,3975735,3975297,438
283957781,27.0136,35.2704,444,23170,0.065726,0.03,1,3975757,3975313,444
283963621,63.9622,53.5233,496,23352,0.0837162,0.11,1,3975902,3975406,496
283966541,93.3849,64.6093,537,23443,0.0394865,0.01,1,3976015,3975478,537
283969461,82.3539,94.8437,497,23533,0.0457946,0.05,1,3976090,3975593,497
283972381,65.3416,82.3375,477,23623,0.0723178,0.09,1,3976144,3975667,477
283975301,35.1366,65.335,438,23713,0.0709271,0.05,1,3976159,3975721,438
283978221,27.2547,34.534,446,23802,0.0823709,0.07,1,3976181,3975735,446
284001581,27.3695,27.2547,426,24505,0.226713,0.15,1,3976607,3976181,426
284004501,59.5478,57.1019,430,24591,0.252685,0.15,1,3976688,3976258,430
284007421,64.6191,64.2407,429,24677,0.275074,0.19,1,3976756,3976327,429
284027861,61.7067,59.5478,435,25272,0.438897,0.29,1,3977123,3976688,435
284077501,70.3909,65.8476,525,26661,0.783133,0.63,2,3978093,3977568,525
284080421,29.3564,70.139,454,26740,0.811253,0.59,2,3978095,3977641,454
284083341,78.9425,29.2556,564,26819,0.834501,0.61,2,3978207,3977643,564
284086261,78.977,78.9023,531,26898,0.8558,0.65,2,3978286,3977755,531
284089181,32.7908,78.3609,455,26977,0.86432,0.71,2,3978288,3977833,455
284095021,28.0465,34.8577,457,27134,0.895491,0.73,2,3978362,3977905,457
284185541,46.3154,66.7146,502,29457,0.8752,1,2,3979992,3979490,502
284194301,50.0282,79.0777,510,29673,0.429213,1,1,3980210,3979700,510
284200141,29.2445,38.4524,509,29815,0.252274,1,1,3980267,3979758,509
284208901,46.6796,62.221,486,30028,0.0562255,0.93,1,3980379,3979893,486
284211821,49.8719,63.2884,474,30098,0.0404902,0.82,1,3980431,3979957,474
284214741,37.3487,46.3154,468,30168,0.0341961,0.65,1,3980460,3979992,468
284217661,70.1395,80.9261,456,30238,0.0316784,0.47,1,3980552,3980096,456
284220581,68.8558,84.5705,437,30308,0.0306714,0.33,1,3980620,3980183,437
284223501,42.5423,50.0282,435,30378,0.0782686,0.29,1,3980645,3980210,435
284226421,36.2169,41.6113,431,30448,0.0853074,0.19,1,3980677,3980246,431
284229341,27.0868,29.2445,431,30518,0.064123,0.13,1,3980698,3980267,431
284232261,22.2347,25.4978,427,30587,0.0676492,0.09,1,3980717,3980290,427
284235181,25.0939,28.1991,424,30656,0.0690597,0.01,1,3980744,3980320,424
284238101,44.8376,46.6796,423,30725,0.0456239,0.03,1,3980802,3980379,423
284241021,48.535,49.8719,422,30794,0.0482495,0.03,1,3980853,3980431,422
284243941,37.414,37.3487,423,30863,0.0252998,0.03,1,3980883,3980460,423
284246861,70.1656,70.1395,423,30932,0.0521199,0.03,1,3980975,3980552,423
284249781,69.4662,68.8558,424,31000,0.050848,0.11,1,3981044,3980620,424
284252701,43.3865,42.5423,425,31068,0.0743392,0.09,1,3981070,3980645,425
284255621,35.3546,36.2169,423,31136,0.0597357,0.05,1,3981100,3980677,423
284258541,26.1418,27.0868,422,31204,0.0778943,0.07,1,3981120,3980698,422
284261461,23.0567,22.2347,424,31272,0.0731577,0.07,1,3981141,3980717,424
284264381,27.8227,25.0939,428,31340,0.0712631,0.07,1,3981172,3980744,428
284267301,42.9291,10.0376,481,31408,0.0465052,0.03,1,3981225,3980744,481
284270221,46.5716,38.815,472,31475,0.0366021,0.05,1,3981274,3980802,472
284273141,37.2287,46.126,452,31542,0.0206408,0.01,1,3981305,3980853,452
284276061,71.8915,36.4504,517,31609,0.0142563,0.07,1,3981400,3980883,517
284278981,68.9566,69.7802,492,31676,0.0237025,0.05,1,3981467,3980975,492
284281901,44.3826,69.3121,451,31743,0.027481,0.09,1,3981495,3981044,451
284284821,34.5531,43.3248,453,31810,0.0529924,0.05,1,3981523,3981070,453
284287741,25.8212,35.3299,443,31877,0.063197,0.09,1,3981543,3981100,443
284290661,22.3285,26.132,443,31943,0.0672788,0.07,1,3981563,3981120,443
284293581,28.1314,23.0528,454,32009,0.0569115,0.07,1,3981595,3981141,454
284296501,43.6526,27.8211,477,32075,0.0647646,0.03,1,3981649,3981172,477
284299421,45.661,42.9284,471,32141,0.0799058,0.03,1,3981696,3981225,471
284302341,36.8644,46.5714,453,32207,0.0979623,0.01,1,3981727,3981274,453
284305261,71.7458,37.2286,517,32273,0.0691849,0.01,1,3981822,3981305,517
284308181,68.8983,71.8914,489,32339,0.069674,0.03,1,3981889,3981400,489
284311101,44.3593,68.9566,450,32404,0.0818696,0.03,1,3981917,3981467,450
284314021,35.7437,44.3826,452,32469,0.0747478,0.07,1,3981947,3981495,452
284316941,26.2975,34.5531,444,32534,0.0718991,0.07,1,3981967,3981523,444
284319861,22.519,25.8212,444,32599,0.0707597,0.07,1,3981987,3981543,444
284322781,27.6076,22.3285,455,32664,0.0583039,0.05,1,3982018,3981563,455
284325701,44.643,28.1314,479,32729,0.0893215,0.07,1,3982074,3981595,479
284354901,26.9749,27.6076,424,33370,0.224488,0.11,1,3982442,3982018,424
284357821,44.99,44.643,425,33433,0.263795,0.11,1,3982499,3982074,425
284360741,19.196,19.0572,425,33496,0.255518,0.17,1,3982501,3982076,425
284363661,37.0784,35.2229,428,33559,0.288207,0.19,1,3982550,3982122,428
284372421,70.389,69.4543,429,33748,0.410845,0.15,1,3982744,3982315,429
284375341,44.9556,44.5817,429,33811,0.422338,0.17,1,3982772,3982343,429
284448341,23.392,28.6116,470,35341,0.753759,0.59,2,3983740,3983270,470
284451261,29.1568,23.4446,483,35401,0.763504,0.59,2,3983773,3983290,483
284454181,48.8627,28.5778,513,35461,0.767402,0.65,2,3983835,3983322,513
284457101,20.7451,47.4311,455,35521,0.768961,0.65,2,3983837,3983382,455
284460021,38.898,20.1725,504,35581,0.793584,0.67,2,3983888,3983384,504
284462941,35.9592,39.269,486,35640,0.803434,0.63,2,3983922,3983436,486
284465861,15.5837,35.5076,455,35699,0.807374,0.75,2,3983924,3983469,455
284468781,64.4335,70.003,459,35758,0.832949,0.73,2,3984021,3983562,459
284471701,70.1734,73.0012,458,35817,0.85518,0.73,2,3984095,3983637,458
284474621,44.8694,46.0005,458,35876,0.864072,0.73,2,3984123,3983665,458
284477541,37.7477,38.2002,458,35935,0.867629,0.73,2,3984156,3983698,458
284480461,28.8991,28.4801,459,35994,0.893052,0.77,2,3984179,3983720,459
284594341,50.282,31.397,537,38218,0.846774,1,2,3985711,3985174,537
284597261,34.5128,48.5588,501,38273,0.78871,1,2,3985735,3985234,501
284600181,35.4051,36.8235,508,38328,0.753484,1,2,3985771,3985263,508
284614781,41.5734,62.922,500,38603,0.419642,1,1,3986003,3985503,500
284617701,24.4294,42.5688,484,38658,0.437857,0.94,1,3986016,3985532,484
284635221,31.3801,34.5128,459,38984,0.297733,0.73,1,3986194,3985735,459
284638141,35.3521,35.4051,461,39038,0.293093,0.69,1,3986232,3985771,461
284655661,23.03,24.4294,440,39362,0.429113,0.35,1,3986456,3986016,440
284658581,24.212,25.3717,439,39416,0.441645,0.33,1,3986481,3986042,439
284714061,36.4856,29.5414,488,40422,0.753871,0.55,2,3987116,3986628,488
284716981,37.9942,35.2166,488,40474,0.751548,0.55,2,3987155,3986667,488
284719901,29.5977,38.0866,472,40526,0.750619,0.63,2,3987179,3986707,472
284722821,56.2391,28.4347,524,40578,0.774248,0.65,2,3987253,3986729,524
284725741,56.0956,53.9739,509,40630,0.807699,0.69,2,3987309,3986800,509
284728661,41.0383,55.1895,484,40682,0.80908,0.67,2,3987340,3986856,484
284731581,24.8153,40.0758,468,40734,0.809632,0.69,2,3987354,3986886,468
284734501,26.1261,23.8303,482,40786,0.809853,0.71,2,3987381,3986899,482
284737421,22.4504,25.1321,476,40838,0.833941,0.73,2,3987401,3986925,476
284740341,22.1802,21.4529,479,40890,0.855576,0.73,2,3987423,3986944,479
284743261,26.8721,21.7811,487,40942,0.876231,0.73,2,3987453,3986966,487
284746181,47.3488,26.7125,518,40994,0.884492,0.73,2,3987514,3986996,518
284749101,29.7395,47.285,475,41045,0.887797,0.73,2,3987532,3987057,475
284950581,111.144,114.804,502,19925,0.44392,0.85,1,3990003,3989501,502
284953501,126.057,99.9215,548,20031,0.447568,0.67,1,3990139,3989591,548
284956421,97.223,117.969,496,20137,0.437027,0.51,1,3990217,3989721,496
284959341,73.0892,90.9874,480,20242,0.432811,0.55,1,3990274,3989794,480
284979781,37.264,70.2532,457,20965,0.755831,0.47,2,3990731,3990274,457
284982701,16.1056,35.9013,446,21066,0.764332,0.53,2,3990733,3990287,446
284985621,58.0422,64.7605,448,21167,0.803733,0.59,2,3990819,3990371,448
284988541,68.2169,68.5042,452,21267,0.819493,0.67,2,3990894,3990442,452
284991461,114.287,110.802,458,21367,0.873797,0.77,2,3991039,3990581,458
285108261,53.5638,53.7427,481,25029,0.436582,0.93,1,3993596,3993115,481
285111181,34.0255,35.8971,478,25114,0.420633,1,1,3993617,3993139,478
285114101,44.2102,50.3588,469,25198,0.414253,0.92,1,3993668,3993199,469
285122861,88.5335,101.935,443,25450,0.264352,0.53,1,3993870,3993427,443
285125781,67.2134,40.774,496,25533,0.219741,0.43,1,3993923,3993427,496
285146221,85.6416,39.7334,552,26108,0.236172,0.21,1,3994301,3993749,552
285149141,65.4567,88.4934,483,26189,0.256469,0.19,1,3994353,3993870,483
285160821,42.4277,32.8126,478,26511,0.421046,0.21,1,3994536,3994058,478
285207541,37.0502,35.2489,449,27761,0.772843,0.59,2,3995356,3994907,449
285210461,29.2201,28.4996,449,27837,0.831137,0.55,2,3995380,3994931,449
285213381,41.088,40.7998,449,27913,0.842455,0.61,2,3995429,3994980,449
285216301,41.6352,40.9199,450,27989,0.882982,0.57,2,3995471,3995021,450
285352081,329.54,348.097,481,13140,0.44198,0.9,1,3997839,3997358,481
285355001,256.616,245.439,512,13302,0.254792,0.51,1,3998047,3997535,512
285365221,151.654,44.9856,627,13930,0.207115,0.13,1,3998466,3997839,627
285368141,66.0617,142.794,428,14083,0.256846,0.13,1,3998475,3998047,428
285379821,155.776,148.74,443,14677,0.409823,0.29,1,3998909,3998466,443
285382741,140.31,64.8961,564,14822,0.421929,0.37,1,3999039,3998475,564
285403181,53.6535,52.6877,448,15798,0.758446,0.53,2,3999568,3999120,448
285409021,151.265,145.71,457,16065,0.818551,0.79,2,3999807,3999350,457
285411941,141.506,138.084,459,16197,0.813421,0.75,2,3999942,3999483,459
285414861,89.0023,87.6336,459,16328,0.847368,0.77,2,3999996,3999537,459
285417781,53.6009,53.6534,458,16458,0.872947,0.73,2,4000026,3999568,458
285420701,22.6404,22.6614,458,16587,0.883179,0.73,2,4000028,3999570,458
285422161,129.656,9.06455,659,16715,0.899272,0.87,2,4000229,3999570,659
285493701,97.5413,34.8292,595,19643,0.274864,1,1,4002313,4001718,595
285499541,51.8466,69.6527,509,19858,0.0859782,1,1,4002404,4001895,509
285502461,44.1386,48.2611,514,19965,0.0523913,0.91,1,4002443,4001929,514
285505381,103.455,47.5044,610,20071,0.0629565,0.57,1,4002586,4001976,610
285508301,76.7822,115.602,508,20177,0.0911826,0.39,1,4002645,4002137,508
285511221,89.5129,90.6407,532,20282,0.054473,0.11,1,4002743,4002211,532
285514141,64.6051,97.4563,478,20387,0.0517892,0.05,1,4002791,4002313,478
285517061,46.8421,69.5825,462,20491,0.0627157,0.05,1,4002826,4002364,462
285519981,42.1368,51.833,461,20595,0.0430863,0.03,1,4002865,4002404,461
285522901,104.455,44.1332,568,20698,0.0352345,0.07,1,4003011,4002443,568
285531661,64.8611,89.5125,472,21003,0.229055,0.05,1,4003215,4002743,472
285534581,27.1444,64.605,426,21104,0.253622,0.07,1,4003217,4002791,426
285537501,31.2578,46.842,425,21205,0.287449,0.03,1,4003251,4002826,425
285560861,35.1371,34.7031,437,21993,0.219,0.13,1,4003725,4003288,437
285563781,97.4548,102.681,428,22089,0.2256,0.07,1,4003864,4003436,428
285566701,76.7819,80.0725,426,22185,0.25224,0.13,1,4003927,4003501,426
285578381,33.7464,32.3427,431,22565,0.409705,0.19,1,4004119,4003688,431
285581301,35.6986,12.9371,468,22659,0.433882,0.25,1,4004156,4003688,468
285616341,30.1309,70.816,453,23758,0.752592,0.61,2,4004971,4004518,453
285619261,34.8524,29.5264,489,23847,0.775037,0.61,2,4005009,4004520,489
285622181,37.341,35.8106,488,23936,0.772015,0.57,2,4005048,4004560,488
285625101,16.1364,37.7242,451,24025,0.770806,0.61,2,4005050,4004599,451
285628021,93.4546,101.49,452,24113,0.878322,0.63,2,4005195,4004743,452
285642621,35.8271,34.8524,461,24550,0.898751,0.77,2,4005470,4005009,461
285730221,63.6073,95.2131,484,27020,0.88216,1,2,4007262,4006778,484
285733141,54.8429,71.0852,478,27098,0.850864,1,2,4007311,4006833,478
285736061,38.7372,41.6341,484,27176,0.862346,1,2,4007339,4006855,484
285738981,34.6949,35.2536,485,27254,0.806938,1,2,4007371,4006886,485
285762341,35.9853,38.7372,457,27869,0.76101,0.77,2,4007796,4007339,457
285765261,34.1941,34.6949,458,27945,0.754404,0.71,2,4007829,4007371,458
285768181,38.8776,39.0779,458,28021,0.763762,0.67,2,4007871,4007413,458
285771101,35.3511,36.6312,456,28097,0.791505,0.69,2,4007904,4007448,456
285774021,70.5404,72.2525,454,28172,0.814602,0.71,2,4007998,4007544,454
285776941,80.4162,79.301,457,28247,0.883841,0.73,2,4008085,4007628,457
285884981,71.9099,75.1217,480,30899,0.862,1,2,4009899,4009419,480
285899581,47.066,39.1961,495,31239,0.295531,1,1,4010180,4009685,495
285902501,33.8264,29.4784,497,31307,0.220212,1,1,4010205,4009708,497
285911261,24.8209,29.6066,505,31509,0.0863336,1,1,4010276,4009771,505
285914181,61.5284,28.6426,563,31576,0.0645334,0.77,1,4010362,4009799,563
285917101,72.6113,71.4571,543,31643,0.0798134,0.65,1,4010442,4009899,543
285920021,55.4445,82.5828,497,31710,0.0979254,0.45,1,4010486,4009989,497
285955061,47.9306,41.9778,479,32501,0.20087,0.11,1,4010998,4010519,479
285957981,43.7722,48.5911,467,32566,0.218348,0.15,1,4011039,4010572,467
285960901,29.5089,42.8365,448,32631,0.225339,0.17,1,4011059,4010611,448
285963821,22.6036,28.5346,447,32696,0.252136,0.17,1,4011077,4010630,447
285966741,22.2414,24.6138,447,32761,0.274854,0.13,1,4011099,4010652,447
285969661,10.0966,23.0455,427,32826,0.283942,0.19,1,4011101,4010674,427
285981341,59.5097,57.3164,432,33082,0.405141,0.17,1,4011345,4010913,432
285984261,43.6039,43.3265,431,33146,0.420056,0.23,1,4011378,4010947,431
285987181,49.2415,47.9306,433,33210,0.438023,0.23,1,4011431,4010998,433
285990101,44.2966,43.7722,433,33274,0.433209,0.23,1,4011472,4011039,433
285993021,30.9186,29.5089,435,33338,0.443284,0.27,1,4011494,4011059,435
286068941,22.9731,10.7269,483,34949,0.760737,0.63,2,4012465,4011982,483
286071861,58.9892,22.2908,536,35009,0.766295,0.67,2,4012548,4012012,536
286074781,75.1957,59.3163,538,35069,0.780518,0.61,2,4012634,4012096,538
286077701,58.8783,75.9265,499,35129,0.822207,0.61,2,4012682,4012183,499
286080621,43.9513,59.1706,485,35189,0.838883,0.61,2,4012716,4012231,485
286083541,53.5805,43.4682,512,35249,0.869553,0.69,2,4012776,4012264,512
286249981,43.1259,42.6283,520,38516,0.86462,1,2,4015009,4014489,520
286252901,37.6503,36.8513,521,38571,0.819848,1,2,4015043,4014522,521
286255821,37.8601,48.3405,503,38626,0.789939,1,2,4015081,4014578,503
286258741,34.3441,42.7362,496,38681,0.765976,0.91,2,4015113,4014617,496
286264581,38.135,43.5578,491,38791,0.759756,1,2,4015207,4014716,491
286267501,32.054,41.4231,479,38845,0.813902,0.9,2,4015235,4014756,479
286270421,26.6216,33.3692,474,38899,0.847561,1,2,4015258,4014784,474
286273341,23.8486,28.9477,470,38953,0.801024,1,2,4015280,4014810,470
286276261,32.9395,34.9791,470,39007,0.86641,1,2,4015319,4014849,470
286466061,34.5344,27.7135,517,42381,0.85528,1,2,4017676,4017159,517
286468981,30.6138,33.8854,507,42431,0.792112,1,2,4017704,4017197,507
286489421,38.3294,36.2256,492,42779,0.0615839,1,1,4017940,4017448,492
286492341,33.3317,33.6903,490,42828,0.0426335,1,1,4017970,4017480,490
286495261,36.7327,39.8761,485,42877,0.0350534,1,1,4018009,4017524,485
286498181,44.0931,45.3504,485,42926,0.0440214,0.98,1,4018058,4017573,485
286501101,33.8372,40.3402,475,42975,0.0356085,0.93,1,4018085,4017610,475
286504021,27.9349,35.3361,467,43024,0.0322434,0.93,1,4018109,4017642,467
286506941,30.374,14.1344,499,43073,0.0188974,0.79,1,4018141,4017642,499
286509861,24.7496,26.0538,486,43122,0.0135589,0.75,1,4018162,4017676,486
286512781,27.8998,27.2215,488,43171,0.0234236,0.65,1,4018192,4017704,488
286515701,26.1599,32.4886,477,43220,0.0153694,0.61,1,4018217,4017740,477
286518621,25.464,30.9954,472,43269,0.0361478,0.43,1,4018242,4017770,472
286521541,26.3856,30.3982,469,43318,0.0324591,0.29,1,4018269,4017800,469
286524461,25.5542,32.5593,460,43367,0.0429836,0.25,1,4018294,4017834,460
286527381,26.4217,31.0237,457,43416,0.0711935,0.03,1,4018321,4017864,457
286530301,35.1687,32.8095,464,43465,0.0344774,0.01,1,4018362,4017898,464
286533221,32.0675,38.3238,452,43514,0.055791,0.03,1,4018392,4017940,452
286536141,35.627,33.3295,460,43562,0.0223164,0.03,1,4018430,4017970,460
286539061,43.6508,36.7318,470,43610,0.0629266,0.05,1,4018479,4018009,470
286541981,33.6603,44.0927,448,43658,0.0671706,0.03,1,4018506,4018058,448
286544901,27.8641,33.8371,445,43706,0.0448682,0.03,1,4018530,4018085,445
286547821,30.9457,27.9348,454,43754,0.0719473,0.01,1,4018563,4018109,454
286550741,24.3783,30.3739,442,43802,0.0707789,0.01,1,4018583,4018141,442
286553661,28.3513,24.7496,452,43850,0.0583116,0.03,1,4018614,4018162,452
286556581,26.9405,27.8998,448,43898,0.0233246,0.01,1,4018640,4018192,448
286559501,24.5762,26.1599,446,43946,0.0753299,0.05,1,4018663,4018217,446
286568261,26.9409,25.5542,451,44090,0.209541,0.09,1,4018745,4018294,451
286571181,33.5764,26.4217,462,44138,0.257816,0.01,1,4018783,4018321,462
286574101,31.4305,35.1687,451,44186,0.205127,0.07,1,4018813,4018362,451
286585781,27.2142,33.6603,445,44378,0.0895872,0.03,1,4018951,4018506,445
286588701,33.0857,27.8641,458,44426,0.0658349,0.09,1,4018988,4018530,458
286591621,14.4343,30.9457,427,44473,0.056334,0.07,1,4018990,4018563,427
286594541,15.3737,24.3783,423,44520,0.0525336,0.05,1,4019006,4018583,423
286597461,25.3495,28.3513,424,44567,0.0510134,0,1,4019038,4018614,424
286600381,25.7398,26.9405,424,44614,0.0384054,0.11,1,4019064,4018640,424
286603301,25.8959,24.5762,427,44661,0.0453621,0.17,1,4019090,4018663,427
286606221,28.9584,26.6305,430,44708,0.0481449,0.21,1,4019121,4018691,430
286609141,28.9833,26.8522,432,44755,0.0372579,0.23,1,4019150,4018718,432
286612061,28.3933,26.9409,433,44802,0.0449032,0.29,1,4019178,4018745,433
286614981,33.5573,33.5764,432,44849,0.0719613,0.17,1,4019215,4018783,432
286617901,29.0229,31.4305,428,44896,0.0707845,0.09,1,4019241,4018813,428
286620821,33.8092,35.9722,426,44943,0.0943138,0.13,1,4019278,4018852,426
286667541,47.9151,45.9237,429,45688,0.204506,0.15,1,4019761,4019332,429
286670461,32.3661,31.5695,429,45734,0.207802,0.17,1,4019783,4019354,429
286679221,14.4074,14.2604,430,45872,0.204099,0.17,1,4019844,4019414,430
286682141,15.363,15.3042,430,45918,0.20764,0.17,1,4019860,4019430,430
286705501,30.8983,33.5339,458,46286,0.21736,0.17,1,4020097,4019639,458
286708421,35.7593,30.2136,469,46332,0.284944,0.21,1,4020136,4019667,469
286720101,33.301,25.5463,467,46513,0.423887,0.21,1,4020271,4019804,467
286723021,14.5204,33.0185,431,46558,0.439555,0.21,1,4020273,4019842,431
286725941,15.4082,14.4074,445,46603,0.445822,0.21,1,4020289,4019844,445
286787261,28.5661,28.8205,446,47545,0.761954,0.49,2,4020877,4020431,446
286790181,29.4264,29.5282,446,47589,0.790782,0.49,2,4020907,4020461,446
286793101,35.7706,34.6113,448,47633,0.790313,0.59,2,4020947,4020499,448
286796021,35.9082,33.0445,452,47677,0.826125,0.65,2,4020983,4020531,452
286798941,40.7633,38.4178,454,47721,0.82845,0.69,2,4021027,4020573,454
286801861,49.9053,47.7671,456,47765,0.82938,0.67,2,4021083,4020627,456
286804781,34.3621,34.1068,455,47809,0.829752,0.69,2,4021107,4020652,455
286807701,26.9449,26.2427,456,47853,0.829901,0.73,2,4021129,4020673,456
286810621,36.5779,35.0971,458,47897,0.85396,0.73,2,4021172,4020714,458
286813541,15.8312,15.2388,458,47941,0.887584,0.75,2,4021174,4020716,458
286816461,17.1325,16.2955,459,47985,0.877034,0.75,2,4021192,4020733,459
286819381,26.053,25.7182,459,48029,0.884813,0.75,2,4021224,4020765,459
287019401,387.833,422.438,473,21900,0.7684,0.93,2,4023690,4023217,473
287067581,141.427,135.48,521,11335,0.786717,0.65,2,4024530,4024009,521
287070501,105.171,133.392,470,11523,0.812687,0.67,2,4024611,4024141,470
287133281,141.35,153.562,488,15061,0.862,1,2,4027242,4026754,488
287142041,101.47,105.684,483,15480,0.233968,1,1,4027496,4027013,483
287147881,125.915,141.349,462,15753,0.0674349,0.65,1,4027704,4027242,462
287150801,66.5661,76.9398,455,15888,0.068974,0.41,1,4027731,4027276,455
287153721,87.2264,102.176,437,16022,0.0575896,0.03,1,4027832,4027395,437
287156641,87.0906,101.47,423,16155,0.0290358,0.05,1,4027919,4027496,423
287159561,60.6362,65.7881,424,16286,0.0536143,0.03,1,4027962,4027538,424
287162481,123.854,125.915,424,16416,0.0274457,0.07,1,4028128,4027704,424
287165401,64.5418,66.5661,422,16545,0.0889783,0.05,1,4028153,4027731,422
287174161,60.5067,66.1562,465,16926,0.0784146,0.07,1,4028384,4027919,465
287177081,123.803,52.2625,588,17051,0.0853658,0.01,1,4028550,4027962,588
287180001,66.3211,120.505,450,17176,0.0521463,0.13,1,4028578,4028128,450
287182921,87.1284,63.202,526,17300,0.0988585,0.17,1,4028679,4028153,526
287188761,59.0605,86.5523,466,17545,0.216217,0.05,1,4028807,4028341,466
287206281,39.6682,59.0597,434,18259,0.240404,0.17,1,4029241,4028807,434
287209201,111.267,122.624,428,18375,0.258161,0.11,1,4029400,4028972,428
287212121,60.7069,65.8495,427,18491,0.277265,0.11,1,4029427,4029000,427
287226721,112.847,111.267,435,19058,0.449786,0.29,1,4029835,4029400,435
287261761,119.228,41.225,619,20353,0.787229,0.65,2,4030732,4030113,619
287264681,64.4911,116.09,481,20457,0.836892,0.65,2,4030760,4030279,481
287267601,92.3965,63.236,564,20561,0.868757,0.65,2,4030871,4030307,564
287363961,66.3883,113.543,513,23728,0.8788,1,2,4033134,4032621,513
287366881,48.7553,65.2171,517,23817,0.81352,1,2,4033171,4032654,517
287378561,49.0033,56.3176,483,24171,0.230058,0.95,1,4033383,4032900,483
287384401,102.761,114.971,464,24346,0.0788093,0.85,1,4033564,4033100,464
287387321,59.7042,66.3883,461,24433,0.0735237,0.77,1,4033595,4033134,461
287390241,43.0817,48.7553,456,24520,0.0594095,0.53,1,4033627,4033171,456
287393161,47.8327,51.3021,454,24606,0.0657638,0.43,1,4033678,4033224,454
287396081,35.3331,41.5209,446,24692,0.0563055,0.19,1,4033705,4033259,446
287401921,42.6133,49.0033,428,24864,0.0822089,0.15,1,4033811,4033383,428
287407761,98.4981,102.761,422,25034,0.0551534,0.07,1,4033986,4033564,422
287410681,59.1993,59.7042,424,25119,0.0640614,0.05,1,4034019,4033595,424
287413601,42.2797,43.0817,423,25203,0.0916245,0.07,1,4034050,4033627,423
287419441,36.7648,35.3331,425,25371,0.0950599,0.13,1,4034130,4033705,425
287434041,58.8597,96.2505,455,25786,0.0966566,0.07,1,4034441,4033986,455
287448641,41.828,59.6829,456,26194,0.216155,0.13,1,4034661,4034205,456
287451561,40.7312,40.6732,468,26275,0.224462,0.13,1,4034701,4034233,468
287454481,94.2925,40.8693,557,26356,0.287785,0.09,1,4034831,4034274,557
287474921,41.148,41.828,472,26913,0.403487,0.23,1,4035133,4034661,472
287477841,17.6592,40.7312,434,26992,0.407395,0.33,1,4035135,4034701,434
287480761,87.4637,94.2925,438,27070,0.444958,0.31,1,4035269,4034831,438
287518721,40.03,40.2647,445,28070,0.752086,0.51,2,4035871,4035426,445
287521641,64.012,62.9059,447,28145,0.798834,0.57,2,4035951,4035504,447
287524561,46.0048,43.7623,450,28220,0.829534,0.59,2,4035985,4035535,450
287527481,43.0019,41.5049,451,28295,0.853813,0.63,2,4036026,4035575,451
287530401,18.4008,17.802,451,28370,0.839525,0.63,2,4036028,4035577,451
287533321,90.1603,7.12079,589,28445,0.82181,0.65,2,4036166,4035577,589
287536241,58.8641,85.6483,489,28519,0.814724,0.67,2,4036204,4035715,489
287539161,43.9456,55.2593,488,28593,0.81189,0.71,2,4036238,4035750,488
287542081,50.5783,42.5037,509,28667,0.846756,0.75,2,4036293,4035784,509
287545001,41.2313,48.8015,491,28741,0.884702,0.77,2,4036328,4035837,491
287679321,43.7617,54.7235,511,31951,0.853072,1,2,4038611,4038100,511
287682241,44.5047,45.2894,517,32017,0.803229,1,2,4038656,4038139,517
287693921,47.2529,66.785,511,32281,0.401731,1,1,4038838,4038327,511
287696841,39.9012,43.514,518,32347,0.274692,1,1,4038873,4038355,518
287705601,49.3297,77.7609,507,32542,0.0749403,0.87,1,4039043,4038536,507
287708521,37.7319,53.9044,499,32607,0.0719761,0.81,1,4039073,4038574,499
287711441,38.4927,43.7617,501,32672,0.0467904,0.77,1,4039112,4038611,501
287714361,25.5971,44.5047,473,32737,0.0487162,0.67,1,4039129,4038656,473
287717281,11.4388,32.2019,451,32802,0.0254865,0.69,1,4039131,4038680,451
287720201,23.1755,32.0808,450,32866,0.0281946,0.43,1,4039162,4038712,450
287723121,60.2702,68.6323,442,32930,0.0172778,0.31,1,4039247,4038805,442
287726041,39.1081,47.2529,434,32994,0.0489111,0.19,1,4039272,4038838,434
287728961,33.6432,39.9012,429,33058,0.0495645,0.11,1,4039302,4038873,429
287731881,35.0573,40.5605,424,33122,0.0618258,0.07,1,4039338,4038914,424
287734801,71.6229,73.8242,424,33186,0.0307303,0.05,1,4039434,4039010,424
287737721,49.0492,49.3297,425,33250,0.0422921,0.07,1,4039468,4039043,425
287740641,36.4197,37.7319,423,33314,0.0949169,0.03,1,4039496,4039073,423
287743561,37.3679,38.4927,422,33377,0.0919667,0.05,1,4039534,4039112,422
287746481,25.1471,25.5971,422,33440,0.0547867,0.01,1,4039551,4039129,422
287749401,11.2589,11.4388,422,33503,0.0639147,0.03,1,4039553,4039131,422
287752321,23.1035,23.1755,422,33566,0.0435659,0.01,1,4039584,4039162,422
287755241,60.2414,60.2702,422,33629,0.0474263,0.07,1,4039669,4039247,422
287758161,40.8966,39.1081,425,33692,0.0609705,0.05,1,4039697,4039272,425
287766921,71.1614,71.6229,422,33881,0.0583821,0.05,1,4039856,4039434,422
287769841,51.2646,49.0492,426,33943,0.0293528,0.13,1,4039894,4039468,426
287772761,36.1058,36.4197,424,34005,0.0417411,0.09,1,4039920,4039496,424
287775681,36.0423,37.3679,422,34067,0.0586965,0.03,1,4039956,4039534,422
287778601,24.6169,25.1471,422,34129,0.0534786,0.07,1,4039973,4039551,422
287781521,11.0468,11.2589,422,34191,0.0513914,0.03,1,4039975,4039553,422
287784441,23.0187,23.1035,422,34253,0.0265566,0.03,1,4040006,4039584,422
287787361,60.2075,9.24142,507,34315,0.0406226,0.05,1,4040091,4039584,507
287790281,40.283,54.6966,449,34377,0.0582491,0.07,1,4040118,4039669,449
287793201,35.9132,38.6786,454,34439,0.0532996,0.13,1,4040151,4039697,454
287796121,35.3653,32.8715,460,34500,0.0633198,0.15,1,4040186,4039726,460
287799041,68.7461,33.5486,517,34561,0.0673279,0.01,1,4040277,4039760,517
287801961,50.8984,71.0194,460,34622,0.0329312,0.01,1,4040316,4039856,460
287804881,36.5594,51.2078,449,34683,0.0551725,0.05,1,4040343,4039894,449
287807801,36.8238,36.0831,460,34744,0.052069,0.07,1,4040380,4039920,460
287810721,23.1295,36.0332,438,34805,0.0508276,0.05,1,4040394,4039956,438
287813641,10.4518,24.6133,423,34866,0.050331,0.05,1,4040396,4039973,423
287816561,22.7807,11.0453,452,34927,0.0501324,0.01,1,4040427,4039975,452
287819481,61.3123,23.0181,508,34988,0.038053,0.05,1,4040514,4040006,508
287822401,40.1249,60.2073,449,35048,0.0572212,0.07,1,4040540,4040091,449
287825321,36.45,40.2829,456,35108,0.0408885,0.05,1,4040574,4040118,456
287828241,36.18,35.9132,459,35168,0.0463554,0.07,1,4040610,4040151,459
287831161,67.872,35.3653,513,35228,0.0605422,0.07,1,4040699,4040186,513
287834081,49.9488,68.7461,460,35288,0.0782169,0.01,1,4040737,4040277,460
287837001,37.9795,50.8984,451,35348,0.0612867,0.07,1,4040767,4040316,451
287839921,36.7918,36.5594,460,35408,0.0665147,0.05,1,4040803,4040343,460
287842841,23.1167,36.8238,437,35468,0.0686059,0.05,1,4040817,4040380,437
287845761,10.4467,23.1295,425,35528,0.0694424,0.05,1,4040819,4040394,425
287848681,21.5787,10.4518,452,35587,0.0697769,0.05,1,4040848,4040396,452
287851601,62.0315,22.7807,510,35646,0.0339108,0.03,1,4040937,4040427,510
287854521,26.0126,61.3123,425,35705,0.0195643,0.07,1,4040939,4040514,425
287857441,26.005,40.1249,425,35764,0.0258257,0.03,1,4040965,4040540,425
287860361,30.202,36.45,424,35823,0.0403303,0.05,1,4040998,4040574,424
287863281,33.6808,36.18,424,35882,0.0461321,0.07,1,4041034,4040610,424
287866201,67.4723,67.872,425,35941,0.0964528,0.09,1,4041124,4040699,425
287874961,36.6222,36.7918,425,36118,0.214733,0.07,1,4041228,4040803,425
287877881,23.6489,23.1167,426,36177,0.211893,0.07,1,4041243,4040817,426
287880801,10.6596,10.4467,426,36235,0.210757,0.07,1,4041245,4040819,426
287886641,60.2655,62.0315,423,36351,0.253321,0.01,1,4041360,4040937,423
287889561,25.3062,26.0126,423,36409,0.275328,0.03,1,4041362,4040939,423
287892481,25.7225,26.005,423,36467,0.284131,0.05,1,4041388,4040965,423
287895401,30.689,30.202,424,36525,0.275653,0.05,1,4041422,4040998,424
287904161,52.4361,50.3889,430,36699,0.412922,0.21,1,4041593,4041163,430
287910001,37.5498,36.6222,431,36814,0.405667,0.21,1,4041659,4041228,431
287912921,23.4199,23.6489,430,36871,0.408267,0.21,1,4041673,4041243,430
287915841,10.568,10.6596,430,36928,0.409307,0.19,1,4041675,4041245,430
287918761,22.2272,21.6638,431,36985,0.433723,0.29,1,4041705,4041274,431
287991761,65.1531,23.4741,546,38388,0.769696,0.65,2,4042694,4042148,546
287994681,27.2612,65.1897,455,38443,0.793879,0.65,2,4042696,4042241,455
287997601,27.1045,27.2759,480,38498,0.827551,0.67,2,4042723,4042243,480
288000521,31.8418,26.5103,489,38553,0.841021,0.69,2,4042758,4042269,489
288003441,37.3367,31.0041,496,38608,0.834408,0.69,2,4042799,4042303,496
288006361,16.1347,37.0017,457,38663,0.831763,0.73,2,4042801,4042344,457
288009281,64.0539,71.8007,458,38718,0.842705,0.71,2,4042897,4042439,458
288012201,50.8215,54.5203,457,38773,0.871082,0.71,2,4042939,4042482,457
288015121,37.1286,38.6081,457,38827,0.870433,0.69,2,4042967,4042510,457
288018041,38.8514,40.0432,456,38881,0.870173,0.71,2,4043007,4042551,456
288023881,11.2562,11.2069,457,38989,0.896428,0.71,2,4043025,4042568,457
288155281,29.1077,28.4635,512,41355,0.892096,1,2,4044685,4044173,512
288158201,33.2431,32.3854,513,41406,0.830838,1,2,4044721,4044208,513
288161121,50.4972,24.9542,555,41457,0.770335,1,2,4044783,4044228,555
288207841,29.4889,32.7996,453,42264,0.784314,0.65,2,4045297,4044844,453
288210761,27.3955,29.9198,451,42314,0.787725,0.63,2,4045323,4044872,451
288213681,28.9582,32.3679,447,42364,0.81309,0.61,2,4045353,4044906,447
288216601,24.7833,25.5472,448,42414,0.847236,0.59,2,4045375,4044927,448
288219521,23.7133,22.2189,451,42464,0.848894,0.65,2,4045398,4044947,451
288222441,20.2853,19.0875,452,42514,0.861558,0.63,2,4045416,4044964,452
288225361,55.5141,55.635,451,42564,0.878623,0.65,2,4045495,4045044,451
288228281,41.4057,39.654,454,42614,0.861449,0.67,2,4045527,4045073,454
288231201,32.7623,32.6616,453,42664,0.87858,0.63,2,4045554,4045101,453
288479401,31.8482,33.5797,511,46678,0.891464,1,2,4048359,4047848,511
288482321,26.5393,29.6319,507,46723,0.866586,1,2,4048382,4047875,507
288485241,28.6157,20.8528,522,46768,0.868634,1,2,4048412,4047890,522
288488161,26.4463,26.9411,516,46813,0.881454,1,2,4048437,4047921,516
288491081,24.9785,31.7764,505,46858,0.826581,1,2,4048461,4047956,505
288494001,25.5914,28.3106,505,46903,0.792633,1,2,4048487,4047982,505
288496921,28.2366,30.5242,503,46948,0.755053,1,2,4048517,4048014,503
288514441,30.6861,34.1344,498,47218,0.447598,0.98,1,4048734,4048236,498
288517361,32.6744,29.2537,506,47263,0.437039,0.89,1,4048768,4048262,506
288531961,22.4626,28.6157,462,47486,0.404286,0.89,1,4048874,4048412,462
288540721,24.1176,25.5914,459,47618,0.286274,0.73,1,4048946,4048487,459
288543641,25.847,28.2366,456,47662,0.26451,0.59,1,4048973,4048517,456
288546561,33.1388,37.0946,451,47706,0.291804,0.55,1,4049011,4048560,451
288564081,31.9889,32.6744,442,47970,0.402316,0.37,1,4049210,4048768,442
288567001,27.1956,28.0698,441,48014,0.406926,0.37,1,4049234,4048793,441
288569921,28.2782,29.2279,440,48058,0.408771,0.37,1,4049263,4048823,440
288572841,12.5113,12.8912,440,48102,0.433508,0.41,1,4049265,4048825,440
288575761,20.6045,20.1565,441,48146,0.431403,0.41,1,4049291,4048850,441
288640001,34.9307,25.1855,487,49099,0.760655,0.59,2,4049894,4049407,487
288642921,37.3723,33.4742,487,49142,0.778262,0.55,2,4049933,4049446,487
288663361,30.2381,28.283,484,49443,0.759217,0.67,2,4050160,4049676,484
288669201,23.3181,12.6853,485,49529,0.770675,0.73,2,4050192,4049707,485
288672121,22.5272,21.8741,479,49572,0.79427,0.73,2,4050214,4049735,479
288675041,22.2109,21.9496,479,49615,0.803708,0.73,2,4050236,4049757,479
288677961,20.8844,21.9799,477,49657,0.819483,0.73,2,4050256,4049779,477
288680881,23.9537,20.7919,483,49699,0.861793,0.75,2,4050282,4049799,483
288683801,27.5815,23.3168,488,49741,0.890717,0.75,2,4050312,4049824,488
288873601,337.747,342.285,511,23360,0.886,0.85,2,4052297,4051786,511
288939301,67.647,66.9289,448,25210,0.757439,0.57,2,4053420,4052972,448
288942221,69.0588,67.5716,450,25294,0.788975,0.59,2,4053490,4053040,450
288945141,56.4235,55.2286,451,25378,0.82559,0.57,2,4053538,4053087,451
288948061,73.5694,71.8915,453,25461,0.864236,0.57,2,4053623,4053170,453
288950981,37.2278,28.7566,466,25544,0.891694,0.71,2,4053636,4053170,466
288953901,28.6911,18.7026,477,25627,0.890678,0.67,2,4053659,4053182,477
289073621,82.4613,63.2232,567,28821,0.756277,1,2,4056004,4055437,567
289085301,33.6854,38.6553,508,29113,0.283985,1,1,4056137,4055629,508
289091141,66.7097,44.7049,552,29259,0.0526375,1,1,4056262,4055710,552
289094061,60.2839,64.0819,531,29331,0.099055,1,1,4056318,4055787,531
289096981,61.9135,61.6328,534,29403,0.093622,0.86,1,4056381,4055847,534
289099901,69.1654,60.6531,548,29475,0.0914488,0.65,1,4056455,4055907,548
289120341,55.8569,66.7097,422,29974,0.0552976,0.13,1,4056684,4056262,422
289123261,58.9428,60.2839,427,30045,0.076119,0.09,1,4056745,4056318,427
289126181,60.7771,61.9135,426,30115,0.0844476,0.09,1,4056807,4056381,426
289134941,36.0497,36.0265,427,30325,0.205325,0.11,1,4056941,4056514,427
289137861,30.6199,29.4106,429,30395,0.23213,0.13,1,4056968,4056539,429
289140781,25.448,26.7642,426,30465,0.218852,0.17,1,4056990,4056564,426
289143701,30.5792,31.1057,426,30534,0.237541,0.13,1,4057024,4056598,426
289146621,13.4317,13.6423,426,30603,0.245016,0,1,4057026,4056600,426
289149541,53.3727,55.8569,422,30672,0.200007,0.09,1,4057106,4056684,422
289164141,36.7558,36.0497,431,31016,0.265136,0.25,1,4057372,4056941,431
289167061,31.5023,30.6199,432,31084,0.268054,0.21,1,4057400,4056968,432
289169981,25.8009,25.448,432,31152,0.269222,0.25,1,4057422,4056990,432
289172901,30.7204,30.5792,432,31220,0.293689,0.25,1,4057456,4057024,432
289175821,13.4881,13.4317,432,31288,0.279475,0.25,1,4057458,4057026,432
289178741,47.9953,5.37267,503,31356,0.29779,0.17,1,4057529,4057026,503
289213781,63.0741,56.998,504,32155,0.420899,0.33,1,4058096,4057592,504
289257581,33.6238,32.0275,449,33128,0.760715,0.59,2,4058722,4058273,449
289260501,27.8495,26.011,451,33192,0.766286,0.61,2,4058746,4058295,451
289263421,32.1398,30.8044,452,33256,0.804514,0.61,2,4058781,4058329,452
289266341,14.0559,13.5218,452,33320,0.819806,0.65,2,4058783,4058331,452
289269261,49.4224,49.2087,452,33383,0.813922,0.61,2,4058856,4058404,452
289272181,59.3689,59.2835,452,33446,0.847569,0.61,2,4058922,4058470,452
289275101,24.9476,24.9134,452,33509,0.837028,0.67,2,4058924,4058472,452
289278021,53.179,51.3654,455,33572,0.844811,0.71,2,4058996,4058541,455
289280941,73.4716,72.7461,455,33635,0.871924,0.73,2,4059083,4058628,455
289283861,50.3886,48.8985,457,33698,0.89477,0.77,2,4059118,4058661,457
289435701,34.4981,45.5799,495,36819,0.88744,1,2,4061249,4060754,495
289441541,36.9597,40.7728,494,36933,0.89919,1,2,4061329,4060835,494
289444461,35.1839,42.1091,485,36990,0.845676,1,2,4061363,4060878,485
289464901,30.4436,27.145,508,37389,0.42683,0.96,1,4061647,4061139,508
289467821,34.9774,34.258,507,37446,0.428732,0.93,1,4061685,4061178,507
289470741,32.591,36.5032,500,37502,0.429493,0.85,1,4061716,4061216,500
289473661,41.8364,34.4013,515,37558,0.429797,0.93,1,4061764,4061249,515
289476581,33.5346,41.3605,497,37614,0.417919,0.89,1,4061792,4061295,497
289479501,30.2138,36.9442,491,37670,0.437168,0.81,1,4061820,4061329,491
289482421,70.2855,35.1777,554,37726,0.444867,0.53,1,4061917,4061363,554
289546661,40.3882,40.3518,448,38940,0.769482,0.59,2,4062652,4062204,448
289549581,36.5553,34.7407,451,38994,0.769793,0.61,2,4062686,4062235,451
289552501,30.8221,29.4963,452,39048,0.769917,0.63,2,4062713,4062261,452
289555421,72.3288,71.1985,453,39102,0.805967,0.65,2,4062813,4062360,453
289558341,52.3315,51.2794,454,39156,0.808387,0.67,2,4062852,4062398,454
289561261,37.1326,36.1118,455,39210,0.821355,0.67,2,4062879,4062424,455
289564181,30.453,30.0447,455,39264,0.802542,0.65,2,4062905,4062450,455
289567101,31.9812,31.2179,456,39318,0.819017,0.69,2,4062938,4062482,456
289570021,13.9925,13.6872,456,39372,0.825607,0.73,2,4062940,4062484,456
289572941,17.597,17.4749,456,39426,0.864243,0.71,2,4062960,4062504,456
289575861,26.8388,26.1899,457,39480,0.879697,0.73,2,4062993,4062536,457
289578781,33.5355,32.676,458,39533,0.897879,0.75,2,4063031,4062573,458
289581701,35.0142,33.4704,460,39586,0.881151,0.79,2,4063067,4062607,460
289587541,36.5623,36.5553,459,39692,0.898184,0.77,2,4063145,4062686,459
289781721,318.439,361.575,465,18980,0.446672,0.75,1,4065508,4065043,465
289784641,200.575,181.83,525,19818,0.292669,0.31,1,4065630,4065105,525
289787561,139.03,170.532,460,19925,0.219068,0.33,1,4065728,4065268,460
289790481,95.8121,103.613,468,20031,0.225627,0.21,1,4065795,4065327,468
289793401,71.3248,73.2451,470,20137,0.216251,0.21,1,4065850,4065380,470
289796321,54.3299,67.698,449,20242,0.2485,0.17,1,4065893,4065444,449
289799241,39.732,45.6792,448,20347,0.2494,0.11,1,4065923,4065475,448
289808001,79.8228,94.1715,499,20658,0.429962,0.23,1,4066227,4065728,499
289848881,82.3948,81.19,454,22052,0.784928,0.67,2,4067126,4066672,454
289851801,66.5579,65.476,455,22148,0.835971,0.67,2,4067182,4066727,455
289854721,53.0232,52.5904,455,22244,0.892388,0.71,2,4067226,4066771,455
289857641,40.4093,40.2362,455,22339,0.890955,0.71,2,4067258,4066803,455
289860561,17.3637,17.2945,455,22434,0.890382,0.67,2,4067260,4066805,455
289951081,81.4814,87.7961,489,25198,0.885846,1,2,4069320,4068831,489
289965681,51.7777,36.2616,534,25616,0.439295,1,1,4069610,4069076,534
289971521,37.5644,42.6419,504,25781,0.429087,1,1,4069681,4069177,504
289974441,73.8258,36.2567,570,25863,0.441635,0.81,1,4069779,4069209,570
289977361,82.3303,81.1027,547,25945,0.422654,0.55,1,4069867,4069320,547
290012401,53.7232,47.3651,503,26908,0.767411,0.55,2,4070504,4070001,503
290015321,22.6893,51.9461,450,26987,0.780964,0.57,2,4070506,4070056,450
290018241,30.6757,42.3784,450,27065,0.786386,0.59,2,4070542,4070092,450
290021161,32.0703,36.1514,451,27143,0.776554,0.65,2,4070575,4070124,451
290024081,72.8281,72.0605,455,27221,0.796622,0.67,2,4070675,4070220,455
290027001,81.9312,81.6242,455,27299,0.828649,0.67,2,4070763,4070308,455
290029921,62.1725,62.0497,455,27377,0.805459,0.69,2,4070812,4070357,455
290032841,50.669,50.0199,456,27454,0.808184,0.77,2,4070855,4070399,456
290035761,51.4676,48.8079,460,27531,0.809274,0.79,2,4070907,4070447,460
290038681,55.387,53.7232,461,27608,0.833709,0.79,2,4070965,4070504,461
290041601,23.3548,22.6893,461,27685,0.843484,0.79,2,4070967,4070506,461
290044521,29.7419,30.6757,459,27761,0.883394,0.77,2,4071001,4070542,459
290170081,51.2689,45.7836,504,30868,0.77608,1,2,4073246,4072742,504
290184681,30.1784,35.6336,499,31209,0.0902094,1,1,4073445,4072946,499
290187601,33.6714,35.2534,500,31277,0.0660838,1,1,4073481,4072981,500
290190521,39.2685,14.1014,543,31345,0.0684335,1,1,4073524,4072981,543
290193441,79.3074,51.2406,573,31413,0.0333734,0.98,1,4073630,4073057,573
290196361,51.523,82.2962,503,31480,0.0553494,0.85,1,4073663,4073160,503
290199281,42.2092,56.3185,500,31547,0.0401397,0.69,1,4073699,4073199,500
290202201,43.8837,50.7274,498,31614,0.0460559,0.59,1,4073744,4073246,498
290205121,43.9535,49.691,493,31681,0.0484224,0.35,1,4073788,4073295,493
290208041,35.5814,54.0764,466,31748,0.0373689,0.31,1,4073818,4073352,466
290210961,29.8326,40.8306,460,31815,0.0329476,0.05,1,4073844,4073384,460
290213881,25.733,37.9322,447,31881,0.031179,0.03,1,4073867,4073420,447
290216801,31.8932,30.1729,458,31947,0.0184716,0.05,1,4073903,4073445,458
290219721,37.9573,33.6692,464,32013,0.0133886,0.07,1,4073945,4073481,464
290222641,78.7829,39.2677,527,32079,0.0353555,0.01,1,4074051,4073524,527
290225561,51.9132,79.3071,455,32145,0.0321422,0.07,1,4074085,4073630,455
290228481,41.7653,51.5228,457,32211,0.0188569,0.03,1,4074120,4073663,457
290231401,44.3061,42.2091,467,32277,0.0855428,0.05,1,4074166,4073699,467
290234321,44.1224,43.8837,466,32343,0.0642171,0.05,1,4074210,4073744,466
290237241,35.649,43.9535,452,32408,0.0796868,0.03,1,4074240,4073788,452
290240161,30.4596,35.5814,449,32473,0.0858747,0.03,1,4074267,4073818,449
290243081,26.5838,29.8326,447,32538,0.0883499,0.03,1,4074291,4073844,447
290246001,31.6335,25.733,459,32603,0.05334,0.01,1,4074326,4073867,459
290248921,37.8534,31.8932,465,32668,0.051336,0.01,1,4074368,4073903,465
290251841,77.5414,37.9573,527,32733,0.0385344,0.05,1,4074472,4073945,527
290254761,32.2165,78.7829,423,32798,0.0334138,0.03,1,4074474,4074051,423
290257681,34.4866,51.9132,425,32862,0.0193655,0.01,1,4074510,4074085,425
290260601,32.9946,41.7653,422,32926,0.0377462,0.13,1,4074542,4074120,422
290263521,44.3979,44.3061,428,32990,0.0450985,0.05,1,4074594,4074166,428
290266441,42.3591,44.1224,425,33054,0.0720394,0.09,1,4074635,4074210,425
290269361,36.7437,35.649,428,33118,0.0708158,0.09,1,4074668,4074240,428
290272281,29.6975,30.4596,426,33182,0.0703263,0.09,1,4074693,4074267,426
290275201,25.079,26.5838,424,33246,0.0701305,0.03,1,4074715,4074291,424
290278121,31.0316,31.6335,424,33310,0.0460522,0.05,1,4074750,4074326,424
290281041,37.6126,37.8534,424,33373,0.0184209,0.03,1,4074792,4074368,424
290283961,76.8451,77.5414,423,33436,0.0253684,0.03,1,4074895,4074472,423
290286881,31.938,32.2165,423,33499,0.0401473,0.01,1,4074897,4074474,423
290289801,33.7752,34.4866,422,33562,0.0460589,0.05,1,4074932,4074510,422
290292721,32.7101,32.9946,422,33625,0.0604236,0.05,1,4074964,4074542,422
290295641,45.484,44.3979,424,33688,0.0541694,0.09,1,4075018,4074594,424
290298561,42.7936,42.3591,424,33751,0.0756678,0.07,1,4075059,4074635,424
290301481,36.9174,36.7437,424,33814,0.0842671,0.07,1,4075092,4074668,424
290310241,30.3467,31.0316,422,34001,0.0910731,0,1,4075172,4074750,422
290313161,37.3387,37.6126,422,34063,0.0364292,0.03,1,4075214,4074792,422
290316081,76.7355,76.8451,422,34125,0.0565717,0.05,1,4075317,4074895,422
290319001,31.8942,31.938,422,34187,0.0646287,0.05,1,4075319,4074897,422
290321921,33.7577,33.7752,422,34249,0.0678515,0.05,1,4075354,4074932,422
290324841,32.1031,13.5101,453,34311,0.0691406,0.07,1,4075385,4074932,453
290327761,45.2412,24.604,475,34373,0.0456562,0.05,1,4075439,4074964,475
290330681,43.8965,42.2416,464,34435,0.0362625,0.09,1,4075482,4075018,464
290333601,38.5586,41.4966,458,34496,0.056505,0.09,1,4075517,4075059,458
290336521,29.8234,36.3987,449,34557,0.076602,0.13,1,4075541,4075092,449
290339441,25.1294,28.9595,447,34618,0.0846408,0.13,1,4075563,4075116,447
290342361,30.4518,24.7838,459,34679,0.0998563,0.07,1,4075597,4075138,459
290348201,76.3923,37.3254,525,34801,0.060377,0.07,1,4075739,4075214,525
290351121,31.7569,76.7302,424,34862,0.0421508,0.07,1,4075741,4075317,424
290354041,34.3028,31.8921,458,34923,0.0468603,0.07,1,4075777,4075319,458
290356961,31.1211,33.7568,452,34984,0.0727441,0.07,1,4075806,4075354,452
290359881,45.4484,32.1027,476,35044,0.0950977,0.03,1,4075861,4075385,476
290362801,43.9794,45.2411,465,35104,0.0920391,0.03,1,4075904,4075439,465
290400761,40.159,40.3918,428,35879,0.211668,0.13,1,4076370,4075942,428
290403681,30.4636,30.5567,428,35938,0.222667,0.15,1,4076394,4075966,428
290406601,25.9854,25.4227,429,35997,0.239067,0.19,1,4076417,4075988,429
290409521,33.7942,32.3691,431,36056,0.233627,0.21,1,4076456,4076025,431
290424121,31.0757,31.9625,428,36348,0.218652,0.13,1,4076660,4076232,428
290427041,13.6303,13.985,428,36406,0.237461,0.15,1,4076662,4076234,428
290429961,38.4521,37.994,429,36464,0.256984,0.21,1,4076717,4076288,429
290432881,41.1808,40.3976,430,36522,0.276794,0.23,1,4076760,4076330,430
290435801,42.2723,40.159,433,36580,0.248717,0.23,1,4076803,4076370,433
290438721,31.3089,30.4636,433,36638,0.285487,0.25,1,4076827,4076394,433
290462081,14.1012,13.6303,432,37096,0.403776,0.27,1,4077094,4076662,432
290465001,39.2405,38.4521,433,37153,0.40751,0.27,1,4077150,4076717,433
290467921,41.4962,15.3808,476,37210,0.409004,0.29,1,4077193,4076717,476
290470841,42.3985,31.9523,476,37267,0.409602,0.23,1,4077236,4076760,476
290473761,32.5594,38.5809,459,37324,0.433841,0.31,1,4077262,4076803,459
290476681,26.2238,29.8324,457,37381,0.419536,0.33,1,4077284,4076827,457
290479601,33.2895,25.1329,473,37438,0.413815,0.33,1,4077322,4076849,473
290482521,33.7158,32.8532,469,37494,0.423526,0.33,1,4077356,4076887,469
290511721,26.3012,32.5594,463,38054,0.757929,0.41,2,4077725,4077262,463
290514641,33.3205,26.2237,479,38110,0.777172,0.41,2,4077763,4077284,479
290517561,34.3282,33.2895,476,38165,0.796869,0.43,2,4077798,4077322,476
290520481,79.1313,33.7158,551,38220,0.864747,0.53,2,4077907,4077356,551
290523401,32.8525,75.8863,449,38275,0.891899,0.53,2,4077909,4077460,449
290771601,111.111,119.955,470,19203,0.261711,0.51,1,4081072,4080602,470
290774521,75.6443,80.3821,468,19314,0.242685,0.31,1,4081124,4080656,468
290777441,101.658,98.7529,476,19424,0.223074,0.17,1,4081243,4080767,476
290780361,70.6631,97.1011,430,19533,0.25123,0.15,1,4081293,4080863,430
290783281,49.2652,47.8405,450,19642,0.274492,0.15,1,4081328,4080878,450
290792041,59.817,65.4618,484,19964,0.411887,0.23,1,4081556,4081072,484
290818321,51.1536,68.4787,486,20901,0.785503,0.59,2,4082211,4081725,486
290821241,98.4615,48.9915,580,21002,0.860201,0.69,2,4082341,4081761,580
290824161,40.5846,94.5966,457,21103,0.890081,0.73,2,4082343,4081886,457
290827081,50.4338,71.4386,458,21204,0.890032,0.75,2,4082400,4081942,458
290917601,80.4067,98.7073,479,24112,0.898,1,2,4084471,4083992,479
290920521,75.3627,69.4829,501,24200,0.8452,1,2,4084543,4084042,501
290923441,52.9451,57.1932,490,24288,0.77608,1,2,4084581,4084091,490
290929281,54.3112,55.9509,483,24462,0.449373,1,1,4084727,4084244,483
290932201,40.3245,40.9804,483,24549,0.425749,1,1,4084758,4084275,483
290940961,66.1808,80.4067,459,24807,0.255488,0.81,1,4084930,4084471,459
290943881,68.4723,75.3627,457,24892,0.240195,0.73,1,4085000,4084543,457
290946801,48.3889,52.9451,454,24977,0.222078,0.43,1,4085035,4084581,454
290949721,84.1556,90.778,446,25062,0.226831,0.37,1,4085143,4084697,446
290952641,49.2622,54.3112,442,25147,0.252732,0.41,1,4085169,4084727,442
290955561,35.3049,40.3245,437,25231,0.263093,0.29,1,4085195,4084758,437
290961401,32.7688,33.4519,436,25399,0.295295,0.21,1,4085278,4084842,436
290967241,66.923,26.4723,500,25565,0.413247,0.23,1,4085430,4084930,500
291011041,68.0369,34.3007,542,26782,0.77585,0.67,2,4086257,4085715,542
291013961,68.6147,66.5203,523,26861,0.82034,0.65,2,4086326,4085803,523
291016881,28.6459,68.6081,455,26940,0.838136,0.69,2,4086328,4085873,455
291019801,35.4584,50.8432,456,27019,0.869254,0.73,2,4086368,4085912,456
291124921,38.65,39.3917,516,29709,0.884752,1,2,4088268,4087752,516
291133681,39.9856,54.2171,510,29922,0.424544,1,1,4088442,4087932,510
291139521,43.5977,54.0347,491,30064,0.289927,1,1,4088513,4088022,491
291142441,36.6391,36.0139,499,30134,0.205971,0.98,1,4088545,4088046,499
291148281,59.9823,70.5622,468,30274,0.0701553,0.91,1,4088673,4088205,468
291151201,40.7929,45.6249,467,30344,0.0580621,0.85,1,4088701,4088234,467
291154121,34.9172,38.65,464,30414,0.0292249,0.57,1,4088732,4088268,464
291157041,69.1669,79.66,449,30484,0.0176899,0.43,1,4088824,4088375,449
291159961,46.2667,53.464,444,30553,0.049076,0.35,1,4088855,4088411,444
291162881,34.1067,39.9856,439,30622,0.0856304,0.35,1,4088881,4088442,439
291177481,57.6622,59.9823,422,30966,0.0949857,0.05,1,4089095,4088673,422
291180401,39.8649,40.7929,422,31034,0.0679943,0.01,1,4089123,4088701,422
291183321,34.546,34.9172,422,31102,0.0811977,0.01,1,4089154,4088732,422
291186241,69.0184,69.1669,422,31170,0.0864791,0.07,1,4089246,4088824,422
291227121,42.2932,22.8003,481,32107,0.225403,0.13,1,4089803,4089322,481
291230041,33.7173,40.9201,456,32173,0.240161,0.15,1,4089831,4089375,456
291232961,47.6869,33.1681,485,32239,0.258065,0.15,1,4089888,4089403,485
291235881,52.6748,46.8672,485,32305,0.265226,0.15,1,4089944,4089459,485
291238801,36.6699,52.9469,454,32370,0.26809,0.15,1,4089970,4089516,454
291241721,36.868,37.9788,463,32435,0.257236,0.07,1,4090007,4089544,463
291244641,69.9472,36.7915,519,32500,0.240894,0.21,1,4090099,4089580,519
291247561,49.5789,67.5166,467,32565,0.270358,0.19,1,4090135,4089668,467
291250481,37.2315,49.2066,459,32630,0.294143,0.19,1,4090164,4089705,459
291262161,24.2427,33.7173,434,32889,0.432474,0.27,1,4090265,4089831,434
291279681,50.2902,49.5789,436,33273,0.434461,0.31,1,4090571,4090135,436
291329321,47.641,21.7013,508,34337,0.81979,0.59,2,4091216,4090708,508
291332241,53.8564,44.6805,506,34399,0.837916,0.63,2,4091274,4090768,506
291335161,37.1426,51.4722,476,34460,0.845166,0.63,2,4091300,4090824,476
291338081,36.457,36.1889,486,34521,0.848067,0.63,2,4091336,4090850,486
291341001,70.3828,36.0756,543,34582,0.873227,0.67,2,4091429,4090886,543
291343921,51.5531,69.0302,491,34643,0.895291,0.65,2,4091468,4090977,491
291522041,40.8857,39.5952,517,38185,0.409206,1,1,4093921,4093404,517
291524961,36.7543,35.6381,518,38240,0.277683,1,1,4093955,4093437,518
291530801,30.3607,30.0621,514,38350,0.0516292,1,1,4094015,4093501,514
291533721,37.3443,28.8248,528,38405,0.0266517,1,1,4094057,4093529,528
291536641,38.3377,46.9299,508,38460,0.0166607,1,1,4094096,4093588,508
291539561,35.7351,36.172,513,38515,0.0126643,1,1,4094130,4093617,513
291542481,40.694,36.0688,521,38570,0.0350657,1,1,4094174,4093653,521
291545401,22.2776,45.0275,480,38625,0.0680263,0.89,1,4094184,4093704,480
291548321,24.511,38.411,472,38680,0.0812105,0.89,1,4094210,4093738,472
291551241,29.6044,39.9644,464,38735,0.0864842,0.57,1,4094243,4093779,464
291571681,36.2281,37.3443,422,39114,0.0480292,0.01,1,4094479,4094057,422
291574601,37.8912,38.3377,422,39168,0.0372117,0.01,1,4094518,4094096,422
291577521,36.1565,35.7351,423,39222,0.0448847,0.05,1,4094553,4094130,423
291580441,42.6626,40.694,426,39276,0.0359539,0.09,1,4094600,4094174,426
291583361,20.665,22.2776,422,39330,0.0323815,0.09,1,4094606,4094184,422
291586281,25.066,24.511,424,39384,0.0429526,0.09,1,4094634,4094210,424
291589201,31.0264,29.6044,426,39438,0.095181,0.13,1,4094669,4094243,426
291618401,42.4513,42.6626,422,39969,0.0704584,0.03,1,4095022,4094600,422
291621321,20.5805,20.665,422,40022,0.0461834,0.05,1,4095028,4094606,422
291624241,26.2322,25.066,424,40075,0.0244733,0.05,1,4095058,4094634,424
291627161,32.0929,10.0264,460,40128,0.0397893,0.13,1,4095094,4094634,460
291630081,47.0372,25.0106,482,40181,0.0819157,0.17,1,4095151,4094669,482
291708921,20.7972,48.901,432,41575,0.217878,0.21,1,4096009,4095577,432
291711841,25.1189,36.3604,432,41626,0.261151,0.17,1,4096037,4095605,432
291732281,35.0752,35.7561,429,41980,0.427557,0.13,1,4096258,4095829,429
291793601,27.5553,26.7632,448,43023,0.760974,0.51,2,4096921,4096473,448
291796521,33.8221,10.7053,486,43072,0.79039,0.57,2,4096959,4096473,486
291799441,29.1288,26.4821,475,43121,0.814156,0.61,2,4096985,4096510,475
291802361,29.0515,26.1928,478,43170,0.811662,0.61,2,4097014,4096536,478
291805281,27.2206,27.2771,476,43219,0.846665,0.59,2,4097040,4096564,476
291808201,33.6882,26.5109,488,43268,0.872666,0.63,2,4097078,4096590,488
291811121,35.6753,33.4043,487,43317,0.871066,0.63,2,4097115,4096628,487
291814041,37.0701,34.3617,490,43366,0.882427,0.69,2,4097153,4096663,490
291816961,42.428,35.9447,499,43415,0.898971,0.69,2,4097199,4096700,499
292021361,25.9832,19.7935,522,46692,0.875363,1,2,4099447,4098925,522
292024281,22.9933,16.3174,529,46737,0.800145,1,2,4099468,4098939,529
292081221,128.705,136.267,448,22093,0.0750597,0.03,1,4100161,4099713,448
292084141,90.4822,84.5069,463,22189,0.0360239,0.01,1,4100226,4099763,463
292087061,71.5929,77.0028,450,22285,0.0324096,0.03,1,4100285,4099835,450
292089981,56.2371,63.2011,442,22380,0.0549638,0.01,1,4100331,4099889,442
292092901,48.2949,46.8804,449,22475,0.0279855,0.05,1,4100374,4099925,449
292095821,28.3179,33.7522,439,22569,0.0171942,0.07,1,4100389,4099950,439
292098741,65.3272,29.1009,503,22663,0.0368777,0.03,1,4100479,4099976,503
292101661,87.9309,60.8403,524,22757,0.0327511,0.03,1,4100582,4100058,524
292104581,75.3723,86.1361,488,22850,0.0311004,0.01,1,4100649,4100161,488
292107501,65.5489,73.4545,482,22943,0.0424402,0.03,1,4100708,4100226,482
292110421,54.4196,64.7818,470,23035,0.0709761,0.07,1,4100755,4100285,470
292119181,63.6989,27.882,511,23310,0.213582,0.05,1,4100900,4100389,511
292125021,75.7118,87.8611,489,23492,0.0689732,0.03,1,4101071,4100582,489
292127941,66.2847,75.3444,482,23582,0.0455893,0.05,1,4101131,4100649,482
292130861,56.5139,65.5378,473,23672,0.0602357,0.09,1,4101181,4100708,473
292133781,49.6056,54.4151,471,23762,0.0780943,0.19,1,4101226,4100755,471
292136701,29.4422,46.366,446,23851,0.0972377,0.17,1,4101242,4100796,446
292148381,67.4833,75.7118,423,24205,0.0796253,0.03,1,4101494,4101071,423
292151301,62.9933,66.2847,423,24293,0.0378501,0.07,1,4101554,4101131,423
292154221,56.9973,56.5139,426,24380,0.03314,0.09,1,4101607,4101181,426
292157141,50.3989,49.6056,427,24467,0.043256,0.11,1,4101653,4101226,427
292160061,29.7596,29.4422,427,24554,0.0473024,0.19,1,4101669,4101242,427
292162981,67.7038,65.1769,431,24640,0.096921,0.19,1,4101762,4101331,431
292165901,28.2815,27.2708,431,24726,0.0927684,0.19,1,4101764,4101333,431
292174661,60.898,62.9933,422,24982,0.0949772,0.03,1,4101976,4101554,422
292177581,56.1592,56.9973,422,25067,0.0559909,0.05,1,4102029,4101607,422
292180501,50.0637,50.3989,422,25152,0.0403963,0.05,1,4102075,4101653,422
292183421,29.6255,29.7596,422,25236,0.0341585,0.13,1,4102091,4101669,422
292186341,70.6502,67.7038,427,25320,0.0796634,0.09,1,4102189,4101762,427
292189261,29.4601,28.2815,427,25404,0.0978654,0.19,1,4102191,4101764,427
292203861,49.8694,53.5821,468,25818,0.229396,0.03,1,4102497,4102029,468
292206781,29.5477,49.0328,438,25900,0.241758,0.03,1,4102513,4102075,438
292209701,71.8191,29.2131,522,25982,0.246703,0.11,1,4102613,4102091,522
292212621,29.9276,70.4853,426,26064,0.248681,0.11,1,4102615,4102189,426
292224301,55.2173,55.9292,484,26388,0.402414,0.21,1,4102881,4102397,484
292227221,51.4869,54.1717,480,26468,0.418966,0.25,1,4102930,4102450,480
292230141,30.1948,49.8687,449,26548,0.425586,0.25,1,4102946,4102497,449
292233061,72.0779,29.5475,533,26628,0.440235,0.25,1,4103046,4102513,533
292285621,72.341,72.634,447,28025,0.782259,0.51,2,4103938,4103491,447
292288541,30.1364,30.2536,447,28101,0.786904,0.59,2,4103940,4103493,447
292291461,81.0546,78.7014,451,28176,0.788761,0.65,2,4104055,4103604,451
292294381,69.6218,66.8806,454,28251,0.849505,0.69,2,4104117,4103663,454
292297301,29.0487,27.9522,454,28326,0.873802,0.71,2,4104119,4103665,454
292300221,44.0195,42.3809,456,28401,0.895521,0.71,2,4104173,4103717,456
292417021,35.8097,31.8751,489,31243,0.834544,1,2,4106158,4105669,489
292419941,38.3239,37.95,487,31311,0.843818,1,2,4106198,4105711,487
292422861,35.7296,15.18,521,31379,0.823527,1,2,4106232,4105711,521
292434541,57.3147,73.1758,518,31647,0.243754,1,1,4106476,4105958,518
292440381,43.4903,45.3081,518,31781,0.0834007,1,1,4106562,4106044,518
292443301,37.1961,47.5233,502,31848,0.0873603,1,1,4106595,4106093,502
292446221,32.8785,37.0093,502,31914,0.0649441,0.73,1,4106625,4106123,502
292449141,34.1514,35.8037,502,31980,0.0679776,0.85,1,4106660,4106158,502
292452061,32.8606,38.3215,494,32046,0.0691911,0.81,1,4106692,4106198,494
292454981,49.7442,35.7286,521,32112,0.0456764,0.63,1,4106753,4106232,521
292457901,38.4977,56.2914,482,32178,0.0362706,0.53,1,4106784,4106302,482
292460821,61.5991,41.7166,527,32244,0.0325082,0.19,1,4106861,4106334,527
292463741,49.8396,74.2866,473,32310,0.0550033,0.17,1,4106903,4106430,473
292466661,45.7359,57.3147,470,32375,0.0640013,0.01,1,4106946,4106476,470
292469581,40.4943,51.7259,459,32440,0.0316005,0.07,1,4106983,4106524,459
292472501,38.9977,43.4903,459,32505,0.0666402,0.09,1,4107021,4106562,459
292495861,48.9513,49.8396,425,33022,0.211459,0.07,1,4107328,4106903,425
292498781,45.3805,45.7359,425,33086,0.222584,0.01,1,4107371,4106946,425
292501701,38.5522,40.4943,422,33150,0.203033,0.09,1,4107405,4106983,422
292507541,34.8484,32.3991,429,33278,0.223285,0.13,1,4107478,4107049,429
292510461,34.3393,32.7596,430,33342,0.251314,0.17,1,4107512,4107082,430
292513381,33.5357,32.9039,430,33405,0.262526,0.15,1,4107545,4107115,430
292516301,48.8143,49.1615,429,33468,0.27901,0.15,1,4107604,4107175,429
292519221,20.7257,20.8646,429,33531,0.261604,0.19,1,4107606,4107177,429
292522141,28.0903,26.9458,431,33594,0.254642,0.19,1,4107639,4107208,431
292560101,49.9888,54.8464,481,34404,0.405715,0.33,1,4108196,4107715,481
292563021,45.1955,48.3386,479,34465,0.420286,0.35,1,4108238,4107759,479
292565941,37.2782,45.1354,468,34526,0.426114,0.35,1,4108270,4107802,468
292568861,41.3113,37.2542,480,34587,0.428446,0.37,1,4108314,4107834,480
292571781,34.5245,40.7017,467,34648,0.441378,0.31,1,4108344,4107877,467
292612661,53.3472,34.2039,513,35493,0.769024,0.63,2,4108927,4108414,513
292615581,22.5389,50.2816,454,35553,0.80561,0.63,2,4108929,4108475,454
292618501,28.2156,21.3126,484,35612,0.832244,0.63,2,4108961,4108477,484
292621421,61.0862,27.7251,535,35671,0.842898,0.63,2,4109044,4108509,535
292624341,25.6345,60.89,454,35730,0.847159,0.65,2,4109046,4108592,454
292627261,37.8538,51.956,454,35789,0.872864,0.67,2,4109092,4108638,454
292630181,40.9415,45.9824,455,35848,0.883145,0.67,2,4109135,4108680,455
292633101,35.5766,37.593,455,35907,0.887258,0.67,2,4109167,4108712,455
292636021,40.6306,41.4372,455,35966,0.864903,0.65,2,4109211,4108756,455
292638941,34.2523,35.1749,454,36025,0.891961,0.71,2,4109241,4108787,454
292641861,38.9009,38.6699,455,36084,0.890785,0.67,2,4109283,4108828,455
292814141,191.189,179.835,524,17641,0.2332,1,1,4111665,4111141,524
292819981,110.15,101.734,523,17881,0.091312,0.39,1,4111869,4111346,523
292825821,54.584,88.3974,447,18118,0.0878099,0.27,1,4111984,4111537,447
292831661,66.2134,81.5836,425,18351,0.0752496,0.05,1,4112090,4111665,425
292834581,99.0854,104.033,427,18467,0.0720998,0.07,1,4112211,4111784,427
292846261,31.7014,30.9113,428,18923,0.227014,0.05,1,4112429,4112001,428
292849181,65.4806,65.7645,427,19035,0.276805,0.07,1,4112517,4112090,427
292852101,98.1922,98.9058,426,19146,0.260722,0.17,1,4112637,4112211,426
292855021,89.6769,88.7623,428,19257,0.242289,0.19,1,4112721,4112293,428
292857941,92.8708,90.1049,432,19367,0.270916,0.21,1,4112816,4112384,432
292869621,96.9423,57.8715,551,19802,0.294407,0.25,1,4113068,4112517,551
292872541,89.7769,95.1486,516,19909,0.291763,0.23,1,4113153,4112637,516
292881301,33.3697,53.1535,456,20227,0.402913,0.35,1,4113299,4112843,456
292884221,66.7479,32.0614,527,20332,0.419165,0.33,1,4113388,4112861,527
292916341,52.9993,57.2207,449,21451,0.777576,0.59,2,4114170,4113721,449
292919261,33.7997,35.4883,449,21550,0.82103,0.57,2,4114191,4113742,449
292922181,66.9199,66.9953,450,21648,0.874412,0.63,2,4114280,4113830,450
293038981,55.8754,62.466,478,25269,0.8596,1,2,4116869,4116391,478
293050661,32.208,27.3943,508,25603,0.268774,1,1,4117081,4116573,508
293076941,28.7026,32.2043,458,26338,0.220023,0.09,1,4117539,4117081,458
293082781,76.8324,79.7927,499,26498,0.0652038,0.17,1,4117726,4117227,499
293085701,52.333,73.9171,465,26578,0.0440815,0.11,1,4117762,4117297,465
293088621,78.5332,52.3668,523,26658,0.0956326,0.17,1,4117858,4117335,523
293091541,51.8133,77.9467,462,26737,0.092253,0.11,1,4117892,4117430,462
293094461,36.3253,50.9787,455,26816,0.0909012,0.17,1,4117918,4117463,455
293111981,51.408,52.333,424,27287,0.226754,0.13,1,4118186,4117762,424
293114901,79.3632,78.5332,426,27365,0.276702,0.09,1,4118284,4117858,426
293117821,53.3453,51.8133,428,27442,0.272681,0.09,1,4118320,4117892,428
293120741,36.3381,36.3253,427,27519,0.283072,0.11,1,4118345,4117918,427
293123661,26.5352,26.5301,427,27596,0.299229,0.11,1,4118365,4117938,427
293126581,11.8141,11.812,427,27673,0.281692,0.19,1,4118367,4117940,427
293135341,73.4521,73.02,430,27902,0.439228,0.25,1,4118579,4118149,430
293211261,74.2633,26.9489,556,29812,0.762574,0.65,2,4119846,4119290,556
293214181,30.9053,73.7796,453,29883,0.77903,0.71,2,4119848,4119395,453
293217101,60.9621,75.1118,458,29954,0.845612,0.73,2,4119929,4119471,458
293220021,49.5849,55.2447,458,30025,0.872245,0.67,2,4119971,4119513,458
293418581,41.4642,35.3839,525,34491,0.884462,1,2,4123098,4122573,525
293421501,38.7857,35.7536,526,34552,0.779785,1,2,4123135,4122609,526
293433181,43.2425,42.5361,521,34796,0.40497,1,1,4123330,4122809,521
293439021,37.7588,36.9258,518,34918,0.274795,1,1,4123400,4122882,518
293453621,35.0878,41.4642,494,35219,0.205518,0.71,1,4123592,4123098,494
293468221,31.4201,43.2425,463,35519,0.239733,0.25,1,4123793,4123330,463
293471141,36.568,35.897,472,35579,0.245893,0.25,1,4123833,4123361,472
293474061,48.8272,37.7588,490,35638,0.284357,0.15,1,4123890,4123400,490
293488661,32.661,35.0878,430,35933,0.417853,0.13,1,4124022,4123592,430
293538301,32.9117,31.9914,450,36921,0.760563,0.57,2,4124676,4124226,450
293541221,37.7647,37.3966,450,36978,0.754225,0.53,2,4124717,4124267,450
293544141,49.9059,50.9586,448,37035,0.76369,0.53,2,4124775,4124327,448
293547061,39.1623,39.5834,448,37092,0.779476,0.53,2,4124807,4124359,448
293549981,16.8649,17.0334,448,37149,0.78579,0.53,2,4124809,4124361,448
293552901,23.546,6.81335,476,37206,0.788316,0.57,2,4124837,4124361,476
293555821,32.2184,20.1253,485,37263,0.801326,0.57,2,4124875,4124390,485
293558741,36.2874,30.8501,486,37320,0.770531,0.59,2,4124914,4124428,486
293561661,58.3149,33.9401,523,37377,0.806212,0.67,2,4124987,4124464,523
293564581,44.326,54.976,489,37434,0.832485,0.69,2,4125022,4124533,489
293567501,36.9304,42.3904,487,37490,0.842994,0.69,2,4125054,4124567,487
293570421,48.3722,36.1562,511,37546,0.835198,0.79,2,4125110,4124599,511
293573341,34.3489,46.2625,483,37602,0.820079,0.77,2,4125135,4124652,483
293576261,37.7395,32.905,499,37658,0.826032,0.75,2,4125175,4124676,499
293579181,50.4958,37.762,517,37714,0.840413,0.77,2,4125234,4124717,517
293582101,39.9983,49.9048,492,37770,0.858165,0.79,2,4125267,4124775,492
293585021,17.1993,39.1619,462,37826,0.865266,0.79,2,4125269,4124807,462
293587941,23.6797,16.8648,488,37882,0.880106,0.79,2,4125297,4124809,488
293590861,32.8719,23.5459,499,37938,0.898043,0.81,2,4125336,4124837,499
293771901,41.8299,42.489,509,41248,0.822981,0.97,2,4127691,4127182,509
293774821,29.932,35.5956,500,41299,0.779192,1,2,4127713,4127213,500
293777741,19.7728,27.4382,491,41350,0.773677,1,2,4127726,4127235,491
293780661,29.5091,22.3753,508,41401,0.771471,1,2,4127762,4127254,508
293783581,26.8036,23.9501,508,41452,0.782588,1,2,4127787,4127279,508
293786501,36.5215,28.18,520,41503,0.787035,0.92,2,4127830,4127310,520
293789421,19.4086,37.072,485,41554,0.776814,1,2,4127838,4127353,485
293792341,25.7634,32.8288,485,41605,0.784726,1,2,4127868,4127383,485
293795261,27.1054,34.7315,477,41656,0.78789,0.92,2,4127896,4127419,477
293798181,50.4422,52.2926,479,41707,0.861156,1,2,4127962,4127483,479
293801101,33.3769,38.917,471,41758,0.818462,0.96,2,4127984,4127513,471
293804021,40.9507,44.9668,468,41809,0.885385,0.89,2,4128030,4127562,468
294138361,335.06,344.918,492,20440,0.754,1,2,4131826,4131334,492
294144201,136.17,122.267,525,21370,0.40264,1,1,4132011,4131486,525
294152961,75.2669,70.3211,508,21666,0.400889,0.57,1,4132234,4131726,508
294155881,48.7067,71.3284,467,21764,0.418356,0.59,1,4132265,4131798,467
294158801,23.0827,44.7314,446,21861,0.425342,0.35,1,4132271,4131825,446
294205521,84.9766,56.5492,557,23365,0.750284,0.67,2,4133350,4132793,557
294208441,84.3906,85.0197,537,23456,0.798114,0.63,2,4133434,4132897,537
294211361,79.3563,85.0079,528,23546,0.865245,0.67,2,4133510,4132982,528
294293121,47.1423,34.8365,538,25948,0.888496,1,2,4135133,4134595,538
294296041,39.8569,51.7346,510,26030,0.853398,1,2,4135168,4134658,510
294298961,61.5428,38.0938,557,26111,0.815359,1,2,4135244,4134687,557
294301881,68.4171,62.6375,551,26192,0.800144,1,2,4135317,4134766,551
294304801,76.5668,68.855,560,26273,0.794057,1,2,4135399,4134839,560
294307721,82.8267,82.742,555,26354,0.815623,0.99,2,4135486,4134931,555
294310641,52.9307,84.0968,503,26434,0.896249,0.98,2,4135519,4135016,503
294421601,37.9052,37.0825,517,29323,0.874623,1,2,4137490,4136973,517
294576361,35.9477,38.1267,505,32928,0.893619,1,2,4139998,4139493,505
294579281,77.9791,85.4507,494,32992,0.807447,1,2,4140104,4139610,494
294590961,40.8811,41.4131,481,33248,0.442927,0.99,1,4140277,4139796,481
294602641,27.7538,32.673,462,33501,0.298523,0.91,1,4140398,4139936,462
294605561,24.9015,23.8692,467,33564,0.281409,0.87,1,4140421,4139954,467
294608481,34.5606,35.9477,464,33627,0.298564,0.75,1,4140462,4139998,464
294611401,70.2242,77.9791,452,33690,0.245425,0.69,1,4140556,4140104,452
294614321,47.8897,50.3916,453,33753,0.23617,0.51,1,4140589,4140136,453
294620161,42.9424,46.7027,442,33879,0.216587,0.43,1,4140682,4140240,442
294626001,30.5108,33.1524,438,34003,0.237454,0.33,1,4140743,4140305,438
294628921,33.8043,35.461,437,34065,0.208982,0.29,1,4140779,4140342,437
294631841,31.5217,33.3844,435,34127,0.233593,0.29,1,4140809,4140374,435
294634761,27.0087,27.7538,435,34189,0.279437,0.27,1,4140833,4140398,435
294649361,50.7399,46.9335,484,34498,0.41329,0.17,1,4141073,4140589,484
294693161,34.0847,30.9914,481,35406,0.758534,0.49,2,4141654,4141173,481
294696081,33.4339,33.9965,478,35466,0.753414,0.49,2,4141687,4141209,478
294699001,28.9736,33.9986,470,35526,0.751365,0.47,2,4141713,4141243,470
294701921,25.3894,29.1994,467,35586,0.750546,0.47,2,4141736,4141269,467
294710681,63.0169,70.3408,451,35763,0.758675,0.63,2,4141879,4141428,451
294713601,46.2068,47.3363,454,35822,0.78947,0.67,2,4141914,4141460,454
294716521,52.0827,51.9345,455,35881,0.849788,0.73,2,4141970,4141515,455
294719441,48.4331,46.5738,458,35940,0.861915,0.75,2,4142016,4141558,458
294722361,40.3732,39.0295,459,35999,0.890766,0.75,2,4142051,4141592,459
294885881,28.6354,33.9868,497,39150,0.887332,1,2,4144183,4143686,497
294888801,41.4541,56.7947,475,39204,0.792933,1,2,4144233,4143758,475
294903401,40.4277,35.1041,502,39474,0.26084,1,1,4144449,4143947,502
294912161,30.3314,32.0067,490,39634,0.0846137,0.96,1,4144537,4144047,490
294915081,34.3325,39.8027,482,39687,0.0518455,0.98,1,4144574,4144092,482
294918001,29.933,38.7211,471,39740,0.0387382,0.87,1,4144601,4144130,471
294920921,24.5732,31.0884,466,39793,0.0454953,0.87,1,4144622,4144156,466
294923841,24.8293,28.6354,464,39846,0.0361981,0.73,1,4144647,4144183,464
294926761,35.1317,41.4541,456,39899,0.0444792,0.55,1,4144689,4144233,456
294929681,42.2527,46.5817,453,39952,0.0717917,0.53,1,4144736,4144283,453
294932601,38.5011,44.4327,446,40005,0.0587167,0.47,1,4144772,4144326,446
294935521,32.2004,38.1731,440,40058,0.0894867,0.47,1,4144800,4144360,440
294947201,32.3075,29.1052,461,40270,0.0710749,0.13,1,4144934,4144473,461
294964721,34.8256,24.8233,463,40582,0.0860863,0.05,1,4145110,4144647,463
294967641,43.3302,35.1293,470,40634,0.0524345,0.09,1,4145159,4144689,470
294970561,38.9321,42.2517,459,40686,0.0389738,0.05,1,4145195,4144736,459
294973481,34.7728,38.5007,455,40738,0.0455895,0.11,1,4145227,4144772,455
294976401,39.1091,32.2003,469,40790,0.0362358,0.11,1,4145269,4144800,469
294979321,36.0437,38.6801,460,40842,0.0564943,0.11,1,4145303,4144843,460
294982241,27.6175,34.672,450,40894,0.0765977,0.15,1,4145325,4144875,450
294985161,32.047,28.2688,461,40946,0.0726391,0.03,1,4145360,4144899,461
294988081,30.2188,32.3075,455,40998,0.0950556,0.15,1,4145389,4144934,455
295023121,19.5314,27.6175,426,41610,0.218025,0.07,1,4145751,4145325,426
295026041,28.2126,32.047,425,41661,0.21321,0.11,1,4145785,4145360,425
295028961,30.485,30.2188,428,41712,0.247284,0.13,1,4145817,4145389,428
295031881,32.594,32.4875,428,41763,0.272914,0.15,1,4145851,4145423,428
295052321,36.347,35.8212,431,42114,0.402071,0.17,1,4146082,4145651,431
295055241,38.5388,38.9285,430,42164,0.406828,0.17,1,4146122,4145692,430
295058161,37.0155,36.5714,431,42214,0.432731,0.17,1,4146158,4145727,431
295061081,16.0062,15.8286,431,42264,0.443093,0.25,1,4146160,4145729,431
295131161,38.4877,42.6135,484,43448,0.750202,0.59,2,4146935,4146451,484
295134081,37.5951,38.6454,485,43497,0.774081,0.61,2,4146972,4146487,485
295137001,40.238,36.4582,492,43546,0.783632,0.61,2,4147014,4146522,492
295139921,40.6952,39.1833,492,43594,0.799453,0.67,2,4147055,4146563,492
295142841,17.4781,39.6733,454,43642,0.805781,0.67,2,4147057,4146603,454
295145761,21.3912,17.0693,476,43690,0.808312,0.63,2,4147081,4146605,476
295148681,30.7565,21.2277,489,43738,0.809325,0.69,2,4147118,4146629,489
295151601,33.9026,28.8911,491,43786,0.80973,0.69,2,4147154,4146663,491
295154521,35.161,33.1564,491,43834,0.821892,0.71,2,4147190,4146699,491
295157441,32.0644,35.4626,484,43882,0.862757,0.67,2,4147220,4146736,484
295160361,24.2258,32.185,473,43930,0.867103,0.69,2,4147239,4146766,473
295163281,24.6903,23.674,480,43978,0.892841,0.71,2,4147264,4146784,480
295169121,43.1904,36.5478,504,44074,0.895255,0.73,2,4147357,4146853,504
295415861,74.3044,74.1668,522,22943,0.771218,0.61,2,4150479,4149957,522
295418781,55.5217,72.2667,494,23035,0.794487,0.61,2,4150522,4150028,494
295421701,60.6087,54.7067,515,23127,0.851795,0.67,2,4150586,4150071,515
295424621,42.2435,58.4827,484,23219,0.874718,0.69,2,4150616,4150132,484
295427541,63.0974,40.1931,533,23310,0.871887,0.73,2,4150693,4150160,533
295544341,47.8905,62.2244,510,26708,0.887895,1,2,4153099,4152589,510
295547261,67.1562,45.2898,556,26787,0.877158,1,2,4153179,4152623,556
295550181,44.2625,68.5159,501,26866,0.896863,0.99,2,4153208,4152707,501
295553101,18.905,48.4064,468,26945,0.880745,1,2,4153210,4152742,468
295556021,63.962,73.9625,471,27024,0.886298,1,2,4153304,4152833,471
295558941,48.9848,54.785,468,27102,0.888519,0.95,2,4153343,4152875,468
295561861,65.7939,66.914,470,27180,0.889408,0.89,2,4153420,4152950,470
295564781,46.1176,46.5656,470,27258,0.877763,0.91,2,4153453,4152983,470
295567701,64.647,67.2262,466,27336,0.885105,0.87,2,4153530,4153064,466
295570621,46.8588,47.8905,466,27413,0.876042,0.87,2,4153565,4153099,466
295573541,66.7435,67.1562,466,27490,0.860417,0.91,2,4153645,4153179,466
295576461,43.4974,44.2625,465,27567,0.866167,0.87,2,4153673,4153208,465
295579381,18.599,18.905,465,27644,0.868467,0.89,2,4153675,4153210,465
295582301,62.6396,63.962,463,27721,0.869387,0.89,2,4153767,4153304,463
295585221,50.2558,48.9848,466,27797,0.881755,0.89,2,4153809,4153343,466
295684501,46.6802,45.9898,480,30279,0.8644,1,2,4155567,4155087,480
295687421,44.4721,38.1959,490,30349,0.83176,1,2,4155610,4155120,490
295690341,45.9888,47.6784,483,30419,0.830704,1,2,4155657,4155174,483
295693261,42.9955,42.4714,485,30489,0.782282,1,2,4155698,4155213,485
295713701,41.3728,46.6802,463,30971,0.436435,0.81,1,4156030,4155567,463
295731221,42.3112,19.2637,491,31379,0.407916,0.61,1,4156283,4155792,491
295734141,49.9245,33.5055,503,31446,0.433166,0.61,1,4156338,4155835,503
295739981,59.4679,38.4809,518,31580,0.428107,0.45,1,4156443,4155925,518
295780861,41.1799,47.5819,483,32505,0.77015,0.53,2,4157043,4156560,483
295783781,39.2719,40.6328,485,32570,0.78206,0.53,2,4157081,4156596,485
295786701,45.1088,39.0531,496,32635,0.774824,0.55,2,4157130,4156634,496
295789621,42.0435,44.4212,488,32700,0.78393,0.55,2,4157170,4156682,488
295792541,50.4174,41.7685,504,32765,0.811572,0.57,2,4157226,4156722,504
295795461,21.367,49.7074,451,32830,0.822629,0.65,2,4157228,4156777,451
295798381,30.7468,40.283,454,32894,0.839051,0.69,2,4157265,4156811,454
295801301,59.0987,61.7132,456,32958,0.881621,0.71,2,4157343,4156887,456
295804221,39.2395,39.6853,457,33022,0.874648,0.75,2,4157369,4156912,457
295958981,51.0985,44.9235,491,36259,0.8788,1,2,4159640,4159149,491
295961901,41.4394,38.9694,491,36317,0.77752,1,2,4159675,4159184,491
295976501,30.3207,39.3395,502,36607,0.252099,1,1,4159869,4159367,502
295982341,29.0913,43.9743,482,36723,0.0727359,1,1,4159931,4159449,482
295985261,40.4365,39.7897,493,36781,0.0470944,1,1,4159979,4159486,493
295988181,34.1746,41.1159,481,36838,0.0488377,0.92,1,4160009,4159528,481
295991101,46.6698,54.2464,473,36895,0.0495351,0.83,1,4160064,4159591,473
295994021,42.6679,51.0985,464,36952,0.037814,0.71,1,4160104,4159640,464
295996941,35.6672,41.4394,460,37009,0.0451256,0.71,1,4160135,4159675,460
295999861,34.0669,38.7758,456,37066,0.0480502,0.43,1,4160168,4159712,456
296002781,42.4267,54.5103,439,37123,0.0612201,0.27,1,4160216,4159777,439
296008621,26.7083,17.6016,455,37237,0.0709952,0.27,1,4160269,4159814,455
296011541,26.8833,23.2407,455,37294,0.0703981,0.21,1,4160296,4159841,455
296014461,32.3533,26.0963,463,37351,0.0701592,0.11,1,4160332,4159869,463
296017381,25.5413,32.0385,448,37408,0.0340637,0.01,1,4160353,4159905,448
296020301,38.4165,28.4154,469,37464,0.0316255,0.03,1,4160400,4159931,469
296023221,33.3666,40.1662,451,37520,0.0426502,0.05,1,4160430,4159979,451
296026141,46.3466,34.0665,476,37576,0.0710601,0.05,1,4160485,4160009,476
296029061,42.5387,46.6266,461,37632,0.082424,0.03,1,4160525,4160064,461
296031981,35.6155,42.6506,452,37688,0.0329696,0.05,1,4160556,4160104,452
296034901,34.6462,35.6603,455,37744,0.0551878,0.05,1,4160590,4160135,455
296037821,43.8585,34.0641,472,37800,0.0880751,0.07,1,4160640,4160168,472
296046581,27.0709,26.7081,452,37968,0.216117,0.07,1,4160721,4160269,452
296049501,31.2284,26.8832,459,38024,0.236447,0.07,1,4160755,4160296,459
296052421,25.0914,32.3533,444,38080,0.232579,0.01,1,4160776,4160332,444
296055341,38.2365,25.5413,470,38135,0.279031,0.03,1,4160823,4160353,470
296058261,33.8946,38.4165,454,38190,0.273613,0.05,1,4160854,4160400,454
296061181,47.1578,33.3666,480,38245,0.295445,0.09,1,4160910,4160430,480
296067021,34.0653,42.5387,452,38355,0.288471,0,1,4160977,4160525,452
296069941,35.8261,35.6155,458,38410,0.265388,0.07,1,4161014,4160556,458
296072861,46.1304,34.6462,477,38465,0.280155,0.11,1,4161067,4160590,477
296075781,38.8522,43.8585,461,38520,0.298062,0.13,1,4161101,4160640,461
296078701,28.7409,37.9434,449,38575,0.281225,0.15,1,4161123,4160674,449
296081621,12.6963,27.1774,431,38630,0.27449,0.27,1,4161125,4160694,431
296110821,46.511,46.1304,436,39173,0.404736,0.31,1,4161503,4161067,436
296113741,39.6044,38.8522,437,39227,0.419894,0.27,1,4161538,4161101,437
296116661,27.8418,28.7409,435,39281,0.425958,0.27,1,4161558,4161123,435
296119581,12.3367,12.6963,435,39335,0.428383,0.33,1,4161560,4161125,435
296122501,22.9347,22.4785,436,39389,0.405353,0.31,1,4161590,4161154,436
296125421,30.7739,29.9914,437,39443,0.444141,0.35,1,4161626,4161189,437
296128341,24.3095,23.9966,437,39497,0.447657,0.33,1,4161646,4161209,437
296201341,33.7981,22.9384,488,40811,0.750338,0.59,2,4162519,4162031,488
296204261,25.5193,31.9754,470,40863,0.774135,0.59,2,4162539,4162069,470
296207181,41.4077,24.7902,502,40915,0.807654,0.57,2,4162591,4162089,502
296210101,35.7631,41.7161,481,40967,0.833062,0.59,2,4162623,4162142,481
296213021,49.7052,35.2864,509,41019,0.855225,0.57,2,4162682,4162173,509
296372161,333.27,359.347,482,18980,0.442,0.75,1,4164945,4164463,482
296410121,123.403,112.336,493,19818,0.07912,0.47,1,4165147,4164654,493
296413041,107.561,116.334,471,19925,0.097648,0.25,1,4165244,4164773,471
296421801,39.4519,48.4374,438,20242,0.0602495,0.09,1,4165371,4164933,438
296442241,52.6141,38.0482,485,20965,0.0965983,0.19,1,4165856,4165371,485
296445161,22.2456,50.6193,428,21066,0.0806393,0.11,1,4165858,4165430,428
296459761,36.558,38.5295,426,21565,0.20353,0.07,1,4166220,4165794,426
296468521,94.4757,92.2979,429,21858,0.225426,0.15,1,4166426,4165997,429
296509401,101.127,21.2829,599,23180,0.751579,0.61,2,4167311,4166712,599
296512321,105.851,98.5131,558,23271,0.810632,0.61,2,4167420,4166862,558
296515241,82.5403,103.605,518,23362,0.882253,0.65,2,4167487,4166969,518
296518161,53.4161,80.4421,487,23453,0.886901,0.69,2,4167521,4167034,487
296529841,102.513,21.8161,613,23812,0.873409,0.77,2,4167770,4167157,613
296637881,36.9458,38.0485,516,26908,0.8548,1,2,4169920,4169404,516
296652481,99.3841,103.507,481,27299,0.406913,1,1,4170250,4169769,481
296658321,47.9415,53.1611,468,27454,0.416706,0.93,1,4170322,4169854,468
296661241,37.7766,39.8645,468,27531,0.412682,0.81,1,4170353,4169885,468
296664161,32.5106,36.9458,462,27608,0.435073,0.65,1,4170382,4169920,462
296667081,26.2043,30.3783,458,27685,0.444029,0.59,1,4170404,4169946,458
296690441,32.682,32.5106,443,28290,0.754951,0.45,2,4170825,4170382,443
296693361,26.8728,26.2043,444,28365,0.751981,0.45,2,4170848,4170404,444
296699201,35.4996,27.5927,481,28514,0.757517,0.53,2,4170924,4170443,481
296702121,77.1999,32.6371,550,28588,0.813007,0.59,2,4171029,4170479,550
296705041,99.8799,74.2548,563,28662,0.811203,0.67,2,4171144,4170581,563
296707961,59.752,96.3019,485,28736,0.834481,0.65,2,4171177,4170692,485
296710881,50.9008,57.1208,499,28810,0.843792,0.75,2,4171222,4170723,499
296713801,39.5603,47.4483,490,28883,0.859517,0.75,2,4171254,4170764,490
296716721,32.6241,38.1793,486,28956,0.877807,0.77,2,4171282,4170796,486
296719641,26.2497,32.6717,479,29029,0.897123,0.75,2,4171304,4170825,479
296830601,34.6428,39.5459,508,31681,0.788771,1,2,4173182,4172674,508
296842281,31.2661,37.0508,508,31947,0.424785,1,1,4173321,4172813,508
296845201,59.3064,35.2203,552,32013,0.271914,1,1,4173399,4172847,552
296851041,57.609,96.2353,504,32145,0.0783062,1,1,4173547,4173043,504
296853961,41.6436,58.2941,502,32211,0.0613225,1,1,4173578,4173076,502
296856881,38.2574,42.5176,506,32277,0.054529,0.85,1,4173614,4173108,506
296859801,29.703,44.6071,484,32343,0.0398116,0.71,1,4173638,4173154,484
296862721,28.0812,34.6428,483,32408,0.0459246,0.53,1,4173665,4173182,483
296865641,35.2325,33.6571,490,32473,0.0483699,0.49,1,4173705,4173215,490
296880241,34.7537,91.5226,424,32798,0.0966393,0.03,1,4173936,4173512,424
296883161,34.9015,57.609,424,32862,0.0806557,0.05,1,4173971,4173547,424
296886081,31.9606,41.6436,423,32926,0.0862623,0.05,1,4174001,4173578,423
296889001,36.1842,38.2574,426,32990,0.0885049,0.03,1,4174040,4173614,426
296894841,28.8295,28.0812,426,33118,0.0825608,0.05,1,4174091,4173665,426
296897761,34.9318,35.2325,425,33182,0.0990243,0.15,1,4174130,4173705,425
296909441,82.7055,83.8844,426,33436,0.217527,0.09,1,4174360,4173934,426
296912361,34.2822,34.7537,426,33499,0.261011,0.07,1,4174362,4173936,426
296915281,34.7129,34.9015,426,33562,0.290404,0.09,1,4174397,4173971,426
296941561,84.6821,82.7055,434,34125,0.426881,0.29,1,4174794,4174360,434
296944481,35.0728,34.2822,434,34187,0.416752,0.31,1,4174796,4174362,434
297002881,56.6578,33.4092,516,35404,0.757659,0.47,2,4175573,4175057,516
297005801,90.4631,56.5637,557,35464,0.813063,0.61,2,4175686,4175129,557
297008721,37.3852,86.2255,453,35524,0.835225,0.61,2,4175688,4175235,453
297011641,37.7541,35.6902,489,35584,0.84409,0.61,2,4175726,4175237,489
297014561,33.1016,37.0761,481,35643,0.823636,0.63,2,4175756,4175275,481
297017481,14.4407,31.6304,455,35702,0.815454,0.69,2,4175758,4175303,455
297020401,31.5763,37.8522,456,35761,0.800182,0.69,2,4175801,4175345,456
297023321,24.6305,27.1409,456,35820,0.818073,0.69,2,4175821,4175365,456
297026241,30.2522,31.2563,456,35879,0.801229,0.73,2,4175855,4175399,456
297029161,36.7009,35.9025,458,35938,0.842492,0.73,2,4175896,4175438,458
297032081,32.6804,32.361,458,35997,0.846997,0.75,2,4175926,4175468,458
297035001,32.8721,32.1444,459,36056,0.860799,0.77,2,4175959,4175500,459
297245241,23.5138,29.7653,499,40056,0.8668,1,2,4178789,4178290,499
297248161,31.6055,30.5061,505,40109,0.86872,1,2,4178826,4178321,505
297251081,30.6422,12.2024,535,40162,0.833488,1,2,4178856,4178321,535
297254001,29.6569,16.881,544,40215,0.807395,1,2,4178885,4178341,544
297312401,59.7726,75.9719,422,18824,0.0793912,0.03,1,4179798,4179376,422
297315321,87.509,85.5887,436,18937,0.0617565,0.03,1,4179904,4179468,436
297324081,54.3446,54.7017,428,19271,0.225472,0.11,1,4180111,4179683,428
297327001,54.1378,56.0807,425,19381,0.264189,0.05,1,4180165,4179740,425
297329921,54.6551,57.2323,422,19490,0.255676,0.05,1,4180220,4179798,422
297332841,87.8621,86.4929,426,19599,0.26427,0.05,1,4180330,4179904,426
297335761,90.3448,34.5972,518,19707,0.267708,0.17,1,4180422,4179904,518
297338681,89.5379,67.2389,518,19815,0.281083,0.23,1,4180511,4179993,518
297341601,55.6152,77.8955,466,19922,0.286433,0.25,1,4180544,4180078,466
297362041,55.2385,55.6013,490,20655,0.42442,0.31,1,4181034,4180544,490
297391241,95.1607,92.7913,452,21660,0.817145,0.61,2,4181749,4181297,452
297394161,39.2643,38.3165,452,21758,0.860858,0.65,2,4181751,4181299,452
297496361,94.0812,97.3898,484,24941,0.893151,1,2,4184033,4183549,484
297505121,52.5812,61.2409,471,25195,0.297882,1,1,4184203,4183732,471
297513881,36.4372,39.0074,477,25447,0.0653844,1,1,4184336,4183859,477
297516801,41.5749,15.603,522,25530,0.0801538,0.98,1,4184381,4183859,522
297519721,83.83,33.8412,588,25613,0.0500615,0.83,1,4184493,4183905,588
297522641,77.332,90.3365,533,25696,0.0380246,0.47,1,4184566,4184033,533
297525561,44.7328,90.1346,466,25778,0.0812098,0.39,1,4184589,4184123,466
297540161,41.9445,36.4219,469,26186,0.0525756,0.09,1,4184805,4184336,469
297543081,82.7778,41.5687,534,26267,0.0630302,0.03,1,4184915,4184381,534
297546001,78.7111,83.8275,498,26348,0.0792121,0.03,1,4184991,4184493,498
297548921,45.8844,77.331,449,26428,0.0856848,0.11,1,4185015,4184566,449
297551841,39.3538,44.7324,461,26508,0.0762739,0.15,1,4185050,4184589,461
297554761,51.1415,38.893,485,26588,0.0725096,0.15,1,4185109,4184624,485
297566441,83.0148,41.9445,535,26905,0.0896482,0.07,1,4185340,4184805,535
297569361,34.4059,82.7778,427,26984,0.0778593,0.09,1,4185342,4184915,427
297572281,58.7624,78.7111,426,27062,0.0851437,0.09,1,4185417,4184991,426
297583961,51.0499,49.8566,428,27374,0.212564,0.15,1,4185586,4185158,428
297586881,39.02,37.3426,430,27451,0.247025,0.11,1,4185617,4185187,430
297589801,39.008,39.5371,428,27528,0.28481,0.07,1,4185656,4185228,428
297598561,59.0405,58.7624,426,27759,0.414948,0.11,1,4185843,4185417,426
297601481,38.6162,37.9049,427,27835,0.435979,0.11,1,4185868,4185441,427
297604401,35.8465,35.562,427,27911,0.444392,0.19,1,4185902,4185475,427
297659881,53.6595,36.5053,514,29318,0.766295,0.57,2,4186859,4186345,514
297662801,55.0638,53.0021,506,29390,0.780518,0.59,2,4186915,4186409,506
297665721,41.8255,54.8008,483,29462,0.798207,0.59,2,4186948,4186465,483
297668641,42.5302,41.1203,494,29534,0.817283,0.63,2,4186991,4186497,494
297671561,84.8121,41.0481,566,29606,0.836913,0.65,2,4187104,4186538,566
297674481,35.1248,84.2193,455,29677,0.844765,0.65,2,4187106,4186651,455
297677401,64.4499,34.8877,537,29748,0.883906,0.67,2,4187190,4186653,537
297680321,41.98,62.5551,483,29819,0.887562,0.73,2,4187217,4186734,483
297683241,17.992,40.622,459,29890,0.889025,0.75,2,4187219,4186760,459
297794201,64.8289,50.2054,553,32472,0.80968,1,2,4189092,4188539,553
297808801,31.5038,29.5935,518,32797,0.423309,1,1,4189249,4188731,518
297817561,36.1202,41.326,491,32989,0.235652,0.98,1,4189359,4188868,491
297835081,26.4531,31.149,448,33372,0.0875284,0.43,1,4189633,4189185,448
297838001,29.1812,32.2596,446,33435,0.0650114,0.37,1,4189664,4189218,446
297840921,28.4725,31.5038,443,33498,0.0920045,0.31,1,4189692,4189249,443
297843841,28.189,30.0015,442,33561,0.0668018,0.27,1,4189720,4189278,442
297846761,35.8756,40.8006,435,33624,0.0807207,0.19,1,4189761,4189326,435
297867201,25.8526,26.4531,425,34062,0.215736,0.05,1,4190058,4189633,425
297870121,28.3411,29.1812,424,34124,0.212294,0.11,1,4190088,4189664,424
297875961,27.4546,28.189,423,34248,0.248767,0.05,1,4190143,4189720,423
297878881,36.7818,11.2756,466,34310,0.261507,0.09,1,4190186,4189720,466
297881801,32.7127,29.1102,455,34372,0.278603,0.13,1,4190216,4189761,455
297890561,54.0296,43.6231,489,34556,0.404951,0.17,1,4190406,4189917,489
297893481,39.6118,54.6492,457,34617,0.41998,0.19,1,4190436,4189979,457
297896401,33.2447,39.2597,457,34678,0.437992,0.15,1,4190465,4190008,457
297969401,28.2292,28.1442,451,36173,0.771432,0.59,2,4191412,4190961,451
297972321,29.2917,29.2577,451,36231,0.794573,0.61,2,4191442,4190991,451
297975241,29.7167,28.5031,453,36289,0.803829,0.61,2,4191472,4191019,453
297978161,38.2867,38.4012,452,36347,0.807532,0.61,2,4191516,4191064,452
297981081,16.5147,16.5605,452,36405,0.809013,0.63,2,4191518,4191066,452
297984001,25.2059,24.6242,453,36463,0.845605,0.65,2,4191549,4191096,453
298132921,47.1119,44.4527,493,39309,0.8788,1,2,4193591,4193098,493
298135841,38.0447,33.3811,499,39363,0.81352,1,2,4193623,4193124,499
298138761,41.0179,47.5524,485,39417,0.775408,1,2,4193666,4193181,485
298141681,36.8072,37.021,489,39471,0.772163,1,2,4193700,4193211,489
298170881,41.7565,47.1119,459,40002,0.770415,0.77,2,4194050,4193591,459
298173801,36.5026,38.0447,460,40055,0.806166,0.75,2,4194083,4193623,460
298176721,37.401,41.0179,455,40108,0.808466,0.75,2,4194121,4193666,455
298179641,35.3604,16.4072,489,40161,0.809386,0.77,2,4194155,4193666,489
298182561,35.7442,26.9629,491,40214,0.809755,0.69,2,4194191,4193700,491
298185481,31.6977,32.9851,483,40267,0.833902,0.67,2,4194220,4193737,483
298188401,28.8791,29.3941,483,40319,0.831561,0.67,2,4194247,4193764,483
298191321,36.1516,27.3576,498,40371,0.830624,0.67,2,4194288,4193790,498
298194241,31.8607,37.9431,482,40423,0.85425,0.73,2,4194317,4193835,482
298197161,29.5443,30.7772,484,40475,0.8757,0.77,2,4194345,4193861,484
298442441,98.0447,99.976,506,20031,0.0747424,0.53,1,4197435,4196929,506
298445361,70.4179,92.1904,471,20137,0.047897,0.23,1,4197487,4197016,471
298448281,80.9672,83.6762,481,20242,0.0611588,0.01,1,4197575,4197094,481
298451201,40.7869,70.6705,433,20347,0.0664635,0.03,1,4197589,4197156,433
298454121,69.1147,45.0682,493,20451,0.0685854,0.03,1,4197677,4197184,493
298457041,90.0459,60.0273,527,20555,0.0454342,0.07,1,4197781,4197254,527
298459961,81.0184,87.0109,497,20658,0.0601737,0.05,1,4197856,4197359,497
298462881,63.6073,80.4044,473,20761,0.0660695,0.03,1,4197908,4197435,473
298465801,80.0429,63.3617,512,20863,0.0684278,0.07,1,4197999,4197487,512
298468721,39.2172,78.1447,436,20965,0.0813711,0.07,1,4198011,4197575,436
298471641,16.8869,39.6579,424,21066,0.0865484,0.07,1,4198013,4197589,424
298474561,60.7548,68.6632,426,21167,0.0646194,0.03,1,4198103,4197677,426
298477481,84.9019,89.8653,423,21267,0.0318477,0.07,1,4198204,4197781,423
298480401,80.1608,80.9461,425,21367,0.0907391,0.07,1,4198281,4197856,425
298495001,59.6304,60.754,424,21858,0.070462,0.01,1,4198527,4198103,424
298497921,83.2522,84.9016,422,21955,0.0341848,0.13,1,4198626,4198204,422
298500841,81.9009,80.1606,426,22052,0.0676739,0.13,1,4198707,4198281,426
298503761,63.9603,62.0643,428,22148,0.0570696,0.19,1,4198759,4198331,428
298506681,82.5841,81.2257,429,22244,0.0768278,0.19,1,4198854,4198425,429
298512521,17.2935,17.0761,429,22434,0.0974924,0.01,1,4198868,4198439,429
298515441,56.7174,59.6304,424,22529,0.068997,0.01,1,4198951,4198527,424
298518361,80.287,23.8522,520,22623,0.0575988,0.01,1,4199047,4198527,520
298521281,81.9148,68.9409,504,22717,0.0410395,0.09,1,4199130,4198626,504
298524201,64.5659,76.1763,476,22810,0.0464158,0.05,1,4199183,4198707,476
298527121,83.4264,61.6705,520,22903,0.0845663,0.09,1,4199279,4198759,520
298530041,40.5705,81.6682,437,22996,0.0998265,0.13,1,4199291,4198854,437
298544641,64.2526,81.9054,475,23453,0.213192,0.05,1,4199605,4199130,475
298547561,85.701,64.5622,522,23543,0.235277,0.11,1,4199705,4199183,522
298550481,42.0804,83.4249,439,23633,0.232111,0.11,1,4199718,4199279,439
298553401,18.0322,40.5699,429,23723,0.254844,0.11,1,4199720,4199291,429
298565081,63.2024,81.1314,432,24078,0.439724,0.23,1,4199984,4199552,432
298568001,56.481,64.2526,431,24166,0.43389,0.25,1,4200036,4199605,431
298626401,58.6867,18.1583,539,25863,0.784866,0.67,2,4201145,4200606,539
298629321,85.2747,58.2633,557,25945,0.811946,0.75,2,4201248,4200691,557
298632241,35.3099,83.9053,458,26027,0.822779,0.71,2,4201250,4200792,458
298635161,65.124,34.7621,541,26108,0.863111,0.69,2,4201335,4200794,541
298719841,53.438,47.8457,489,28365,0.8488,1,2,4202959,4202470,489
298722761,34.5752,19.1383,511,28440,0.80152,1,2,4202981,4202470,511
298725681,32.4301,20.8553,520,28514,0.758608,1,2,4203012,4202492,520
298769481,94.1679,99.7613,436,13082,0.0869594,0.13,1,4204019,4203583,436
298782621,155.711,35.378,626,13875,0.228554,0.15,1,4204645,4204019,626
298785541,78.4846,149.151,428,14028,0.241422,0.15,1,4204672,4204244,428
298788461,56.5938,85.4605,427,14179,0.282569,0.15,1,4204714,4204287,427
298797221,171.334,155.109,460,14624,0.415764,0.25,1,4205105,4204645,460
298820581,90.7637,90.333,450,15747,0.765131,0.57,2,4205763,4205313,450
298823501,37.5055,37.3332,450,15882,0.780052,0.67,2,4205765,4205315,450
298826421,159.002,155.933,455,16016,0.858021,0.69,2,4206005,4205550,455
298832261,79.4403,76.9093,459,16280,0.894483,0.79,2,4206122,4205663,459
298915481,46.4252,19.6594,544,19710,0.86248,1,2,4208505,4207961,544
298922781,142.483,54.3462,680,20031,0.264719,1,1,4208846,4208166,680
298925701,65.9933,153.138,476,20137,0.207887,0.93,1,4208861,4208385,476
298943221,139.246,142.48,441,20761,0.272891,0.17,1,4209287,4208846,441
298957821,66.678,67.0366,432,21267,0.404391,0.19,1,4209485,4209053,432
298960741,45.8712,46.6146,431,21367,0.419756,0.33,1,4209517,4209086,431
298992861,22.4144,22.0735,448,22434,0.760505,0.55,2,4210246,4209798,448
298995781,29.9658,29.2294,449,22529,0.754202,0.55,2,4210281,4209832,449
299003081,139.654,43.6307,653,22810,0.777629,0.73,2,4210611,4209958,653
299006001,66.0615,145.852,456,22903,0.797052,0.73,2,4210628,4210172,456
299008921,49.2246,81.1409,456,22996,0.852821,0.77,2,4210666,4210210,456
299011841,41.2898,52.8564,458,23088,0.851128,0.77,2,4210702,4210244,458
299014761,17.7159,22.3425,458,23180,0.874451,0.75,2,4210704,4210246,458
299017681,27.4864,29.937,457,23271,0.883781,0.71,2,4210738,4210281,457
299096521,141.347,25.7555,700,25616,0.898,1,2,4212516,4211816,700
299108201,37.4201,40.6673,508,25945,0.872157,1,2,4212659,4212151,508
299111121,37.168,33.0669,517,26027,0.786863,1,2,4212696,4212179,517
299140321,41.8227,58.6672,480,26829,0.440118,0.41,1,4213249,4212769,480
299175361,37.0968,35.6526,448,27761,0.765059,0.53,2,4213901,4213453,448
299178281,37.6387,36.4611,449,27837,0.792024,0.63,2,4213939,4213490,449
299181201,36.0555,34.3844,451,27913,0.790809,0.63,2,4213974,4213523,451
299184121,31.8222,31.1538,451,27989,0.778324,0.63,2,4214003,4213552,451
299189961,56.4516,56.3446,451,28140,0.773732,0.69,2,4214109,4213658,451
299192881,45.9806,44.1378,454,28215,0.807493,0.77,2,4214148,4213694,454
299195801,126.992,123.855,458,28290,0.892997,0.73,2,4214329,4213871,458
299452761,138.341,183.249,522,14890,0.838,0.99,2,4218660,4218138,522
299476121,136.861,42.1316,651,16128,0.77018,0.59,2,4219489,4218838,651
299479041,104.544,142.853,524,16260,0.794072,0.63,2,4219572,4219048,524
299481961,89.2177,100.341,531,16391,0.803629,0.65,2,4219651,4219120,531
299484881,82.4871,88.1364,529,16521,0.831452,0.71,2,4219729,4219200,529
299487801,42.5948,79.0546,472,16650,0.842581,0.73,2,4219745,4219273,472
299490721,18.2379,40.6218,459,16778,0.847032,0.81,2,4219747,4219288,459
299658621,96.437,95.289,564,22985,0.8716,1,2,4224323,4223759,564
299699501,78.4715,81.9142,455,24244,0.768173,0.71,2,4225140,4224685,455
299702421,91.3886,92.1657,456,24331,0.793269,0.73,2,4225240,4224784,456
299705341,84.5554,83.6663,458,24418,0.803308,0.71,2,4225320,4224862,458
299708261,54.2222,53.2665,459,24505,0.831323,0.71,2,4225354,4224895,459
299711181,46.2889,47.1066,457,24591,0.854529,0.75,2,4225395,4224938,457
299714101,50.9155,51.2426,457,24677,0.863812,0.75,2,4225449,4224992,457
299717021,21.5662,21.6971,457,24763,0.867525,0.73,2,4225451,4224994,457
299719941,30.2265,29.6788,458,24849,0.88101,0.79,2,4225487,4225029,458
299822141,43.842,42.2417,493,27676,0.87928,1,2,4227522,4227029,493
299825061,74.5368,72.0967,496,27753,0.753712,1,2,4227617,4227121,496
299830901,57.5259,55.2155,492,27905,0.443394,1,1,4227741,4227249,492
299836741,45.6841,50.9545,482,28057,0.225743,1,1,4227824,4227342,482
299848421,38.5327,43.842,462,28357,0.083011,0.83,1,4227984,4227522,462
299851341,65.2131,17.5368,545,28432,0.0752044,0.67,1,4228067,4227522,545
299854261,65.0852,64.0147,515,28506,0.0840818,0.47,1,4228132,4227617,515
299857181,51.8341,73.6059,478,28580,0.0876327,0.35,1,4228175,4227697,478
299863021,42.9735,44.5369,477,28728,0.0944212,0.15,1,4228255,4227778,477
299877621,65.6663,38.5258,508,29095,0.239421,0.07,1,4228492,4227984,508
299880541,65.8665,65.2103,491,29168,0.269769,0.09,1,4228558,4228067,491
299898061,50.8683,33.0357,492,29601,0.409959,0.19,1,4228808,4228316,492
299900981,38.3473,50.4143,460,29673,0.421984,0.15,1,4228838,4228378,460
299959381,38.6348,38.8754,448,31068,0.751538,0.57,2,4229729,4229281,448
299962301,71.2539,71.3502,448,31136,0.810615,0.59,2,4229822,4229374,448
299965221,73.5016,71.7401,451,31204,0.822246,0.59,2,4229897,4229446,451
299968141,30.6006,29.896,451,31272,0.826898,0.65,2,4229899,4229448,451
299971061,36.8403,35.9584,452,31340,0.852759,0.65,2,4229940,4229488,452
299973981,38.7361,14.3834,492,31408,0.839104,0.65,2,4229980,4229488,492
299976901,41.8944,28.5533,498,31475,0.845642,0.73,2,4230024,4229526,498
299979821,37.1578,37.2213,489,31542,0.860257,0.69,2,4230058,4229569,489
299982741,34.6631,35.2885,488,31609,0.878103,0.73,2,4230091,4229603,488
299985661,52.8652,33.9154,520,31676,0.897241,0.73,2,4230156,4229636,520
300111221,47.0504,26.3859,540,34432,0.862514,1,2,4232059,4231519,540
300114141,41.6202,53.7544,506,34493,0.819006,1,2,4232097,4231591,506
300117061,67.6481,40.1017,560,34554,0.753602,1,2,4232182,4231622,560
300143341,45.2134,20.1259,527,35101,0.785066,0.83,2,4232521,4231994,527
300146261,39.0854,47.0504,497,35161,0.788026,0.79,2,4232556,4232059,497
300149181,61.8341,41.6201,536,35221,0.825211,0.71,2,4232633,4232097,536
300152101,78.7337,67.6481,541,35281,0.876084,0.67,2,4232723,4232182,541
300155021,50.0935,78.0592,487,35341,0.884434,0.69,2,4232754,4232267,487
300322921,244.493,244.683,503,16916,0.24039,0.57,1,4235113,4234610,503
300340441,90.0449,126.861,485,17657,0.203827,0.11,1,4235598,4235113,485
300343361,83.418,86.1445,505,17777,0.231531,0.09,1,4235677,4235172,505
300346281,75.3672,83.0578,494,17896,0.290612,0.11,1,4235747,4235253,494
300393001,88.6625,52.5103,511,19707,0.771158,0.69,2,4236929,4236418,511
300395921,86.465,55.8041,538,19815,0.782463,0.69,2,4237014,4236476,538
300398841,80.186,72.1216,531,19922,0.786985,0.69,2,4237090,4236559,531
300401761,45.8744,75.6487,476,20028,0.776794,0.67,2,4237113,4236637,476
300404681,19.5498,43.4595,456,20134,0.772718,0.67,2,4237115,4236659,456
300406141,128.42,18.5838,655,20239,0.867087,0.79,2,4237316,4236661,655
300689381,55.6172,55.9726,524,28660,0.86632,1,2,4243210,4242686,524
300692301,59.4469,45.189,548,28734,0.796528,1,2,4243272,4242724,548
300715661,48.4179,53.5426,516,29318,0.442971,0.81,1,4243669,4243153,516
300744861,39.6114,48.4179,441,30032,0.419094,0.35,1,4244110,4243669,441
300747781,50.0445,53.5671,441,30102,0.425637,0.31,1,4244167,4243726,441
300820781,49.6429,31.3952,516,31813,0.785991,0.71,2,4245270,4244754,516
300823701,82.2572,48.5581,560,31880,0.848396,0.69,2,4245374,4244814,560
300826621,34.1029,83.6232,455,31946,0.873359,0.69,2,4245376,4244921,455
300829541,33.4411,34.6493,486,32012,0.895343,0.69,2,4245409,4244923,486
301016421,85.9065,87.0593,489,35996,0.898,1,2,4248242,4247753,489
301019341,60.7626,57.6237,495,36055,0.7852,1,2,4248286,4247791,495
301022261,42.305,42.2495,493,36114,0.80008,1,2,4248316,4247823,493
301036861,32.9158,36.1811,472,36405,0.43018,1,1,4248474,4248002,472
301045621,26.2506,26.9156,471,36579,0.274492,1,1,4248553,4248082,471
301051461,80.1601,85.9065,461,36695,0.0859186,0.71,1,4248703,4248242,461
301054381,60.264,60.7626,464,36753,0.0643675,0.81,1,4248750,4248286,464
301060221,31.6022,38.522,452,36867,0.0954988,0.59,1,4248804,4248352,452
301063141,30.6409,35.8088,448,36924,0.0681995,0.59,1,4248834,4248386,448
301066061,26.6564,28.7235,448,36981,0.0932798,0.51,1,4248858,4248410,448
301068981,24.4625,28.2894,443,37038,0.0673119,0.35,1,4248881,4248438,443
301071901,27.785,32.9158,437,37095,0.0689248,0.31,1,4248911,4248474,437
301074821,30.914,33.5663,436,37152,0.0575699,0.31,1,4248944,4248508,436
301077741,21.9656,13.4265,452,37209,0.041028,0.33,1,4248960,4248508,452
301080661,22.5862,15.5706,458,37266,0.0584112,0.23,1,4248983,4248525,458
301083581,31.2345,23.0282,467,37323,0.0533645,0.15,1,4249020,4248553,467
301086501,74.8938,32.6113,532,37380,0.0393458,0.01,1,4249124,4248592,532
301089421,58.7575,79.6445,469,37437,0.0577383,0.05,1,4249172,4248703,469
301092341,43.303,60.0578,455,37493,0.0410953,0.13,1,4249205,4248750,455
301095261,30.5212,41.4231,448,37549,0.0704381,0.09,1,4249227,4248779,448
301098181,30.2085,31.5692,453,37605,0.0941752,0.05,1,4249257,4248804,453
301101101,27.0834,30.6277,448,37661,0.0916701,0.11,1,4249282,4248834,448
301124461,59.746,74.8938,472,38109,0.079748,0.07,1,4249596,4249124,472
301127381,44.2984,58.7575,458,38164,0.0618992,0.03,1,4249630,4249172,458
301130301,30.9194,43.303,447,38219,0.0667597,0.09,1,4249652,4249205,447
301133221,30.9677,30.5212,456,38274,0.0927039,0.11,1,4249683,4249227,456
301153661,10.0484,21.5317,429,38659,0.210194,0.17,1,4249834,4249405,429
301156581,27.4194,31.4127,430,38714,0.234078,0.11,1,4249873,4249443,430
301159501,70.9677,74.3651,427,38769,0.291631,0.05,1,4249973,4249546,427
301185781,24.673,23.8025,431,39255,0.414889,0.19,1,4250242,4249811,431
301188701,23.6692,22.121,433,39309,0.411956,0.23,1,4250265,4249832,433
301191621,10.6677,10.0484,433,39363,0.410782,0.25,1,4250267,4249834,433
301194541,28.2671,27.4194,434,39417,0.446313,0.33,1,4250307,4249873,434
301247101,35.8397,30.9903,485,40371,0.764238,0.59,2,4250999,4250514,485
301250021,31.1359,33.3961,478,40423,0.779695,0.61,2,4251027,4250549,478
301252941,26.2543,29.5584,474,40475,0.797878,0.67,2,4251050,4250576,474
301255861,30.9017,25.0234,486,40527,0.781151,0.69,2,4251084,4250598,486
301258781,31.5607,29.8094,485,40579,0.786461,0.65,2,4251116,4250631,485
301261701,25.8243,31.1237,475,40631,0.800584,0.65,2,4251138,4250663,475
301264621,23.5297,25.6495,475,40683,0.806234,0.67,2,4251160,4250685,475
301267541,10.6119,24.0598,454,40735,0.808493,0.67,2,4251162,4250708,454
301270461,30.6448,10.8239,496,40787,0.821397,0.71,2,4251206,4250710,496
301273381,75.2579,29.5296,559,40839,0.826559,0.69,2,4251311,4250752,559
301276301,58.9032,73.6118,504,40891,0.852624,0.71,2,4251359,4250855,504
301279221,43.3613,58.2447,489,40943,0.875049,0.73,2,4251392,4250903,489
301282141,32.9445,42.4979,483,40995,0.88402,0.73,2,4251418,4250935,483
301285061,37.7778,32.5992,498,41046,0.899608,0.79,2,4251459,4250961,498
301476321,193.005,199.199,482,19818,0.2404,0.63,1,4253766,4253284,482
301496761,78.0523,79.5869,482,20555,0.239427,0.09,1,4254248,4253766,482
301499681,76.8209,66.0348,501,20658,0.269771,0.13,1,4254324,4253823,501
301502601,61.3284,70.2139,479,20761,0.293908,0.13,1,4254375,4253896,479
301514281,104.16,110.666,434,21167,0.401748,0.27,1,4254626,4254192,434
301517201,75.8642,77.8665,435,21267,0.442699,0.29,1,4254683,4254248,435
301520121,76.5457,76.7466,436,21367,0.44708,0.31,1,4254760,4254324,436
301566841,56.7613,60.2228,505,22903,0.770118,0.65,2,4255765,4255260,505
301569761,47.9045,55.2891,495,22996,0.770047,0.71,2,4255807,4255312,495
301572681,20.3618,46.1156,457,23088,0.794019,0.67,2,4255809,4255352,457
301575601,110.745,19.6463,626,23180,0.863608,0.77,2,4255980,4255354,626
301677801,56.7126,48.2405,529,26189,0.854704,1,2,4258090,4257561,529
301680721,45.485,49.8962,516,26270,0.779882,1,2,4258128,4257612,516
301709921,37.0294,45.794,460,27065,0.796425,0.69,2,4258634,4258174,460
301712841,37.6118,42.3176,458,27143,0.85257,0.71,2,4258672,4258214,458
301715761,92.4447,97.327,453,27221,0.887028,0.75,2,4258801,4258348,453
301864681,43.184,49.4797,484,30937,0.8596,1,2,4261388,4260904,484
301882201,51.8671,13.2882,562,31345,0.296261,1,1,4261655,4261093,562
301896801,38.2687,42.9799,496,31681,0.0917857,0.57,1,4261884,4261388,496
301911401,45.8316,30.6657,498,32013,0.224649,0.23,1,4262087,4261589,498
301914321,61.5326,51.8663,504,32079,0.263859,0.05,1,4262159,4261655,504
301926001,35.4008,35.6718,462,32343,0.404915,0.07,1,4262306,4261844,462
301937681,33.7287,36.6972,461,32603,0.405262,0.21,1,4262464,4262003,461
301940601,47.0915,32.0789,488,32668,0.432105,0.25,1,4262520,4262032,488
301990241,37.7966,35.7724,451,33751,0.797932,0.63,2,4263199,4262748,451
301993161,39.1186,38.309,451,33814,0.841173,0.61,2,4263239,4262788,451
301996081,48.6475,47.7236,452,33877,0.822469,0.63,2,4263294,4262842,452
301999001,40.459,39.4894,453,33939,0.850988,0.67,2,4263329,4262876,453
302001921,35.3836,34.9958,453,34001,0.862395,0.67,2,4263361,4262908,453
302004841,48.9534,47.5983,455,34063,0.866958,0.71,2,4263419,4262964,455
302007761,65.1814,64.6393,455,34125,0.892783,0.71,2,4263495,4263040,455
302013601,41.509,40.8223,456,34249,0.895245,0.73,2,4263548,4263092,456
302016521,34.6036,16.3289,486,34311,0.868098,0.77,2,4263578,4263092,486
302019441,39.6414,23.9316,500,34373,0.845239,0.75,2,4263621,4263121,500
302022361,38.6566,33.5726,498,34435,0.836096,0.83,2,4263659,4263161,498
302025281,40.6626,36.2291,502,34496,0.820438,0.87,2,4263701,4263199,502
302028201,48.6651,38.4916,516,34557,0.826175,0.81,2,4263755,4263239,516
302031121,41.066,48.3966,497,34618,0.85247,0.87,2,4263791,4263294,497
302034041,35.6264,40.3587,494,34679,0.886988,0.87,2,4263823,4263329,494
302168361,33.4831,49.6756,511,37381,0.89512,1,2,4265699,4265188,511
302171281,34.3932,43.8703,506,37438,0.868048,1,2,4265734,4265228,506
302174201,53.9573,38.5481,538,37494,0.809219,1,2,4265801,4265263,538
302238441,24.0884,30.8201,450,38715,0.771075,0.63,2,4266581,4266131,450
302241361,27.6354,29.7281,451,38770,0.79443,0.61,2,4266611,4266160,451
302244281,30.2541,31.6912,450,38824,0.779772,0.59,2,4266643,4266193,450
302247201,51.7017,51.6765,451,38878,0.821909,0.63,2,4266709,4266258,451
302250121,56.0807,54.8706,453,38932,0.886764,0.65,2,4266768,4266315,453
302255961,37.1729,36.2593,456,39040,0.894282,0.73,2,4266836,4266380,456
302445761,35.2363,40.6585,481,42412,0.871196,1,2,4269132,4268651,481
302457441,38.3948,37.8425,496,42612,0.415375,1,1,4269313,4268817,496
302466201,27.4173,36.3819,478,42760,0.409864,0.93,1,4269402,4268924,478
302483721,31.1178,6.49078,511,43054,0.236481,0.89,1,4269558,4269047,511
302512921,28.9227,26.5659,468,43544,0.20222,0.29,1,4269896,4269428,468
302515841,25.3691,29.2264,460,43592,0.218888,0.33,1,4269919,4269459,460
302518761,22.7476,26.0905,457,43640,0.213555,0.33,1,4269940,4269483,457
302521681,15.0991,24.2362,444,43688,0.211422,0.29,1,4269950,4269506,444
302524601,28.8396,16.2945,471,43736,0.210569,0.19,1,4269988,4269517,471
302527521,31.3358,31.1178,463,43784,0.222228,0.17,1,4270021,4269558,463
302530441,43.1343,31.6471,482,43832,0.238891,0.13,1,4270072,4269590,482
302533361,37.6537,45.0588,462,43880,0.245556,0.15,1,4270106,4269644,462
302536281,40.2615,38.4235,470,43928,0.248223,0.17,1,4270148,4269678,470
302539201,34.1046,41.7694,456,43976,0.237289,0.15,1,4270178,4269722,456
302542121,33.4418,34.1078,460,44024,0.220916,0.09,1,4270211,4269751,460
302545041,34.3767,34.0431,461,44072,0.286366,0.17,1,4270246,4269785,461
302565481,29.5135,15.0991,470,44408,0.40156,0.21,1,4270420,4269950,470
302574241,37.3369,43.1343,436,44550,0.42674,0.25,1,4270508,4270072,436
302577161,34.1347,37.6537,434,44597,0.416696,0.25,1,4270540,4270106,434
302580081,37.6539,40.2615,432,44644,0.412678,0.23,1,4270580,4270148,432
302583001,33.6616,34.1046,433,44691,0.447071,0.21,1,4270611,4270178,433
302620961,34.3525,34.1347,442,45302,0.765505,0.41,2,4270982,4270540,442
302623881,37.741,37.6539,442,45349,0.768202,0.47,2,4271022,4270580,442
302626801,34.2964,33.6616,443,45396,0.793281,0.49,2,4271054,4270611,443
302629721,35.9186,33.8646,446,45442,0.815312,0.57,2,4271091,4270645,446
302632641,40.1674,37.5458,449,45488,0.836125,0.55,2,4271134,4270685,449
302635561,31.067,29.4183,450,45534,0.84445,0.63,2,4271159,4270709,450
302638481,29.8268,27.3673,453,45580,0.85978,0.71,2,4271188,4270735,453
302641401,32.9307,30.7469,455,45626,0.853912,0.67,2,4271223,4270768,455
302644321,26.3723,25.4988,455,45672,0.887565,0.67,2,4271245,4270790,455
302647241,24.3489,23.3995,456,45718,0.889026,0.69,2,4271268,4270812,456
302650161,15.7396,15.3598,456,45764,0.86561,0.73,2,4271278,4270822,456
302653081,30.2958,30.1439,456,45810,0.868244,0.73,2,4271318,4270862,456
302656001,31.9183,31.2576,457,45856,0.893298,0.73,2,4271351,4270894,457
302661841,38.5869,37.8812,458,45948,0.871328,0.73,2,4271408,4270950,458
302664761,34.6348,15.1525,490,45994,0.858531,0.79,2,4271440,4270950,490
302667681,38.4539,25.261,499,46040,0.865412,0.77,2,4271481,4270982,499
302670601,34.5816,34.1044,491,46086,0.868165,0.81,2,4271513,4271022,491
302682281,31.2933,30.9739,493,46270,0.892417,0.87,2,4271652,4271159,493
302685201,33.5173,29.7895,499,46316,0.878967,0.85,2,4271687,4271188,499
302869161,28.6776,25.9942,529,49098,0.863259,1,2,4273594,4273065,529
302872081,31.271,33.7977,523,49141,0.819304,1,2,4273627,4273104,523
302875001,32.9084,30.9191,528,49184,0.753722,1,2,4273661,4273133,528
302939241,27.7095,30.9149,477,50118,0.753967,0.55,2,4274277,4273800,477
302942161,31.4838,26.166,488,50160,0.775587,0.61,2,4274311,4273823,488
302945081,36.5935,31.4664,493,50202,0.784235,0.65,2,4274351,4273858,493
302948001,32.6374,37.7866,481,50244,0.799694,0.63,2,4274381,4273900,481
302950921,24.455,31.3146,473,50286,0.817878,0.63,2,4274400,4273927,473
302953841,10.982,25.7258,453,50328,0.825151,0.67,2,4274402,4273949,453
302956761,17.5928,22.2903,455,50370,0.82806,0.67,2,4274424,4273969,455
302959681,25.0371,27.5161,454,50412,0.829224,0.69,2,4274454,4274000,454
302962601,30.4148,29.6065,457,50454,0.80569,0.67,2,4274488,4274031,457
302965521,24.7659,26.2426,454,50496,0.808276,0.63,2,4274509,4274055,454
302968441,28.5064,29.697,453,50538,0.82131,0.67,2,4274540,4274087,453
302971361,30.0025,30.4788,453,50580,0.862524,0.63,2,4274571,4274118,453
302974281,27.001,27.1915,453,50622,0.87901,0.63,2,4274596,4274143,453
302977201,25.8004,25.2766,454,50664,0.873604,0.63,2,4274621,4274167,454
302980121,28.9202,28.7106,454,50706,0.883442,0.67,2,4274652,4274198,454
302983041,22.3681,21.6843,455,50748,0.899377,0.73,2,4274670,4274215,455
303172841,76.2907,78.9057,493,24353,0.225798,0.75,1,4276616,4276123,493
303175761,80.3163,78.9623,497,24440,0.288319,0.57,1,4276699,4276202,497
303178681,63.3265,81.3849,466,24527,0.289328,0.47,1,4276751,4276285,466
303184521,41.4522,67.0216,448,24699,0.407492,0.39,1,4276856,4276408,448
303187441,26.1809,36.4086,448,24785,0.444997,0.25,1,4276872,4276424,448
303190361,47.0724,57.1635,438,24871,0.435999,0.25,1,4276933,4276495,438
303231241,43.3539,79.6952,471,26038,0.783914,0.65,2,4277752,4277281,471
303234161,27.5416,42.6781,470,26119,0.799566,0.65,2,4277769,4277299,470
303237081,47.0166,26.6712,514,26200,0.805826,0.67,2,4277829,4277315,514
303240001,53.6067,46.6685,512,26281,0.832331,0.67,2,4277887,4277375,512
303242921,57.4427,53.4674,514,26362,0.854932,0.67,2,4277947,4277433,514
303245841,78.7771,57.387,547,26442,0.851973,0.65,2,4278040,4277493,547
303248761,65.7108,78.1548,512,26522,0.850789,0.69,2,4278097,4277585,512
303251681,85.0843,65.4619,553,26602,0.850316,0.79,2,4278195,4277642,553
303254601,45.4337,81.3848,480,26682,0.862126,0.81,2,4278214,4277734,480
303257521,27.7735,43.3539,478,26761,0.86685,0.81,2,4278230,4277752,478
303260441,47.1094,27.5416,521,26840,0.89274,0.81,2,4278290,4277769,521
303485281,34.9787,37.9379,516,32353,0.878992,1,2,4282143,4281627,516
303488201,31.3915,34.3752,513,32418,0.837597,1,2,4282172,4281659,513
303491121,34.1566,39.5501,506,32483,0.833039,1,2,4282208,4281702,506
303494041,58.0626,33.82,550,32548,0.831216,1,2,4282282,4281732,550
303496961,43.0251,60.928,504,32613,0.830486,1,2,4282315,4281811,504
303499881,51.41,43.5712,529,32678,0.782194,1,2,4282372,4281843,529
303508641,26.8342,51.9166,465,32872,0.77462,0.91,2,4282504,4282039,465
303511561,31.7337,42.3666,464,32936,0.783848,0.91,2,4282539,4282075,464
303514481,34.8935,37.9466,466,33000,0.787539,0.85,2,4282576,4282110,466
303517401,33.1574,34.9787,465,33064,0.789016,0.81,2,4282608,4282143,465
303520321,29.463,31.3915,463,33128,0.813606,0.83,2,4282635,4282172,463
303523241,34.5852,34.1566,465,33192,0.871442,0.83,2,4282673,4282208,465
303683841,205.513,180.011,533,16192,0.244854,0.63,1,4285115,4284582,533
303692601,75.2888,108.649,437,16582,0.206951,0.19,1,4285385,4284948,437
303695521,39.7155,51.2595,440,16710,0.24478,0.15,1,4285401,4284961,440
303698441,99.2862,35.5038,554,16837,0.259912,0.09,1,4285540,4284986,554
303739321,68.1827,71.3928,453,18523,0.785331,0.65,2,4286710,4286257,453
303742241,35.6731,37.5571,452,18638,0.776132,0.65,2,4286724,4286272,452
303745161,104.269,103.823,454,18752,0.784453,0.65,2,4286874,4286420,454
303748081,42.9077,42.7291,454,18865,0.787781,0.71,2,4286876,4286422,454
303751001,113.763,111.892,457,18977,0.813112,0.79,2,4287037,4286580,457
303753921,92.9052,90.9567,459,19089,0.895245,0.81,2,4287116,4286657,459
303824001,108.576,110.261,491,21600,0.8236,1,2,4288935,4288444,491
303832761,44.2688,48.1687,489,21893,0.44175,1,1,4289089,4288600,489
303841521,52.5372,56.9388,472,22182,0.278592,0.71,1,4289264,4288792,472
303844441,96.6149,108.576,455,22278,0.201437,0.59,1,4289390,4288935,455
303850281,54.6984,58.1721,447,22468,0.0958299,0.35,1,4289501,4289054,447
303864881,94.1976,50.8373,555,22936,0.200114,0.15,1,4289819,4289264,555
303867801,80.279,95.9349,500,23028,0.254046,0.09,1,4289890,4289390,500
303870721,53.1116,83.974,459,23120,0.287618,0.07,1,4289925,4289466,459
303888241,82.2507,94.1964,506,23665,0.4114,0.29,1,4290325,4289819,506
303891161,54.5003,80.2786,471,23755,0.43456,0.31,1,4290361,4289890,471
303932041,97.9841,96.4561,452,24975,0.7868,0.63,2,4291146,4290694,452
303934961,82.9936,82.9825,451,25060,0.81272,0.61,2,4291219,4290768,451
303937881,55.3975,55.393,451,25145,0.823088,0.57,2,4291256,4290805,451
303940801,40.159,40.7572,450,25229,0.827235,0.61,2,4291286,4290836,450
303943721,29.8636,29.5029,451,25313,0.864894,0.57,2,4291309,4290858,451
303946641,13.1454,13.0011,451,25397,0.879958,0.67,2,4291311,4290860,451
304040081,41.1021,38.9059,497,27942,0.892,1,2,4293196,4292699,497
304043001,35.6408,28.1623,508,28018,0.8428,1,2,4293228,4292720,508
304045921,32.8563,26.8649,513,28094,0.79912,1,2,4293259,4292746,513
304048841,52.7425,70.146,480,28169,0.757648,1,2,4293325,4292845,480
304063441,49.9974,68.3753,503,28543,0.0580719,0.92,1,4293633,4293130,503
304066361,36.1989,48.3501,495,28617,0.0532288,0.86,1,4293660,4293165,495
304069281,33.0796,37.94,495,28691,0.0392915,0.81,1,4293691,4293196,495
304072201,31.2318,34.376,493,28765,0.0457166,0.77,1,4293721,4293228,493
304075121,46.6927,32.3504,519,28839,0.0962866,0.73,1,4293778,4293259,519
304083881,69.6123,43.9264,525,29058,0.0731223,0.03,1,4293947,4293422,525
304086801,74.0449,76.9706,503,29131,0.0592489,0.05,1,4294024,4293521,503
304089721,47.618,79.9882,451,29204,0.0776996,0.03,1,4294054,4293603,451
304092641,35.2472,49.9953,448,29276,0.0730798,0.05,1,4294081,4293633,448
304095561,32.6989,36.1981,452,29348,0.0472319,0.03,1,4294112,4293660,452
304098481,31.6795,33.0792,452,29420,0.0248928,0.05,1,4294143,4293691,452
304101401,49.8718,31.2317,484,29492,0.0759571,0.13,1,4294205,4293721,484
304104321,49.3487,46.6927,476,29564,0.0963828,0.11,1,4294254,4293778,476
304107241,37.7395,48.0771,457,29636,0.0805531,0.11,1,4294284,4293827,457
304118921,30.7981,47.618,426,29920,0.220894,0.07,1,4294480,4294054,426
304121841,26.1193,35.2472,422,29991,0.226358,0.03,1,4294503,4294081,422
304124761,30.8477,32.6989,425,30062,0.216543,0.01,1,4294537,4294112,425
304127681,29.7391,31.6795,423,30132,0.200617,0.11,1,4294566,4294143,423
304151041,26.4602,26.1193,432,30689,0.212368,0.21,1,4294935,4294503,432
304153961,29.7841,30.8477,430,30758,0.222947,0.19,1,4294967,4294537,430
304156881,28.7136,29.7391,429,30827,0.251179,0.11,1,4294995,4294566,429
304159801,49.2855,51.4956,426,30896,0.250472,0.13,1,4295058,4294632,426
304162721,49.1142,49.9983,426,30964,0.274189,0.11,1,4295107,4294681,426
304165641,37.6457,38.5993,425,31032,0.283675,0.13,1,4295137,4294712,425
304189001,48.804,27.4983,494,31573,0.404909,0.25,1,4295489,4294995,494
304191921,50.1216,48.7993,482,31640,0.419964,0.29,1,4295540,4295058,482
304194841,38.0486,48.9197,463,31707,0.449985,0.29,1,4295570,4295107,463
304238641,28.8987,33.2972,475,32693,0.768756,0.63,2,4296256,4295781,475
304241561,31.9595,28.3189,484,32758,0.805502,0.61,2,4296290,4295806,484
304244481,13.9838,31.1276,453,32823,0.820201,0.67,2,4296292,4295839,453
304247401,24.1935,29.851,455,32887,0.86208,0.67,2,4296323,4295868,455
304259081,74.5682,73.417,458,33143,0.894661,0.69,2,4296568,4296110,458
304405081,30.7987,28.2111,501,36194,0.88792,1,2,4298663,4298162,501
304408001,33.3195,32.8845,500,36252,0.841168,1,2,4298698,4298198,500
304410921,31.3278,29.9538,502,36310,0.798467,1,2,4298728,4298226,502
304425521,62.885,69.3701,479,36600,0.449287,1,1,4298940,4298461,479
304431361,46.0616,52.9792,471,36716,0.236286,0.92,1,4299045,4298574,471
304440121,27.8599,30.7987,463,36888,0.0998423,0.81,1,4299126,4298663,463
304457641,26.6477,13.5124,471,37230,0.0949594,0.59,1,4299299,4298828,471
304460561,56.8591,21.605,521,37287,0.0679837,0.35,1,4299376,4298855,521
304472241,26.0796,37.4171,446,37513,0.214236,0.11,1,4299523,4299077,446
304475161,26.0318,27.5668,451,37569,0.223695,0.07,1,4299549,4299098,451
304478081,32.6127,27.8267,460,37625,0.263478,0.15,1,4299586,4299126,460
304481001,29.2451,30.9307,454,37681,0.279391,0.13,1,4299613,4299159,454
304483921,27.898,29.1723,453,37737,0.273756,0.13,1,4299640,4299187,453
304486841,29.7592,27.8689,457,37793,0.295503,0.19,1,4299671,4299214,457
304498521,66.661,56.859,498,38017,0.430205,0.19,1,4299874,4299376,498
304507281,27.5943,35.199,452,38183,0.426653,0.25,1,4299955,4299503,452
304510201,27.8377,26.0796,460,38238,0.440661,0.23,1,4299983,4299523,460
304513121,33.9351,26.0318,472,38293,0.446265,0.29,1,4300021,4299549,472
304571521,53.2856,52.1015,448,39382,0.757845,0.65,2,4300690,4300242,448
304574441,69.9142,67.0406,452,39436,0.813138,0.67,2,4300771,4300319,452
304577361,45.3657,43.6162,453,39490,0.799255,0.63,2,4300800,4300347,453
304580281,36.1463,35.4465,453,39543,0.817702,0.63,2,4300830,4300377,453
304583201,27.6585,27.3786,453,39596,0.801081,0.63,2,4300852,4300399,453
304586121,27.8634,27.7514,453,39649,0.818432,0.73,2,4300880,4300427,453
304589041,36.3454,34.5006,456,39702,0.801373,0.71,2,4300922,4300466,456
304591961,30.1381,30.0002,455,39755,0.818549,0.69,2,4300948,4300493,455
304594881,27.6553,28.2001,454,39808,0.83742,0.71,2,4300974,4300520,454
304597801,32.6621,32.28,455,39861,0.856968,0.71,2,4301010,4300555,455
304600721,30.4648,29.712,456,39914,0.864787,0.71,2,4301039,4300583,456
304603641,27.7859,26.2848,458,39967,0.867915,0.71,2,4301065,4300607,458
304606561,12.3144,11.7139,458,40020,0.869166,0.79,2,4301067,4300609,458
304827021,319.431,358.86,458,18980,0.403404,0.51,1,4303792,4303334,458
304829941,155.972,167.544,465,19818,0.203362,0.07,1,4303839,4303374,465
304835781,123.116,86.3271,518,20031,0.0673379,0.05,1,4304041,4303523,518
304838701,92.4462,113.731,458,20137,0.0569351,0.03,1,4304113,4303655,458
304841621,67.5785,82.6923,447,20242,0.0407741,0.05,1,4304164,4303717,447
304844541,46.8314,58.8769,437,20347,0.0463096,0.07,1,4304197,4303760,437
304847461,60.7326,42.7508,475,20451,0.0965239,0.07,1,4304267,4303792,475
304853301,106.077,56.5201,560,20658,0.0814438,0.03,1,4304463,4303903,560
304856221,86.2309,105.408,495,20761,0.0625775,0.05,1,4304536,4304041,495
304859141,63.8924,85.3632,472,20863,0.055031,0.03,1,4304585,4304113,472
304862061,45.3569,64.7453,454,20965,0.0400124,0.05,1,4304618,4304164,454
304864981,19.3428,45.6981,423,21066,0.034005,0.13,1,4304620,4304197,423
304867901,52.7371,60.2792,428,21167,0.079602,0.15,1,4304695,4304267,428
304870821,56.4948,59.5117,428,21267,0.0858408,0.05,1,4304754,4304326,428
304873741,101.798,106.005,423,21367,0.0643363,0.05,1,4304886,4304463,423
304876661,85.7192,86.2019,425,21466,0.0437345,0.05,1,4304961,4304536,425
304879581,61.8877,63.8807,422,21565,0.0234938,0.03,1,4305007,4304585,422
304882501,45.1551,45.3523,423,21663,0.00939752,0.03,1,4305041,4304618,423
304885421,19.262,19.3409,423,21761,0.00975901,0.11,1,4305043,4304620,423
304888341,53.9048,52.7364,425,21858,0.0339036,0.09,1,4305120,4304695,425
304891261,56.3619,56.4945,424,21955,0.0915614,0.05,1,4305178,4304754,424
304894181,100.545,101.798,422,22052,0.0426246,0.03,1,4305308,4304886,422
304897101,85.8179,85.7191,423,22148,0.0230498,0.01,1,4305384,4304961,423
304900021,61.3272,61.8876,422,22244,0.0272199,0,1,4305429,4305007,422
304902941,45.5309,45.1551,423,22339,0.028888,0.01,1,4305464,4305041,423
304905861,19.4123,19.262,423,22434,0.0295552,0.05,1,4305466,4305043,423
304908781,55.1649,53.9048,425,22529,0.0538221,0.05,1,4305545,4305120,425
304917541,84.5066,95.3699,497,22810,0.0886446,0.01,1,4305805,4305308,497
304920461,62.6026,83.748,469,22903,0.0534578,0.03,1,4305853,4305384,469
304923381,44.841,60.4992,457,22996,0.0633831,0.03,1,4305886,4305429,457
304926301,19.1364,45.1997,424,23088,0.0673533,0.03,1,4305888,4305464,424
304929221,56.8546,19.2799,504,23180,0.0689413,0.07,1,4305970,4305466,504
304932141,61.1418,55.1119,489,23271,0.0695765,0.15,1,4306034,4305545,489
304940901,61.4171,84.5032,471,23543,0.217813,0.03,1,4306276,4305805,471
304943821,45.5668,62.6013,458,23633,0.249125,0.07,1,4306311,4305853,458
304946741,19.4267,44.8405,427,23723,0.26165,0.07,1,4306313,4305886,427
304949661,56.3707,19.1362,506,23812,0.29066,0.07,1,4306394,4305888,506
304973021,58.5915,56.3707,437,24515,0.403239,0.35,1,4306831,4306394,437
304975941,63.0366,61.5483,438,24601,0.419296,0.31,1,4306897,4306459,438
304978861,26.4146,25.8193,438,24687,0.425718,0.35,1,4306899,4306461,438
305005141,90.0364,87.3659,447,25450,0.808998,0.51,2,4307474,4307027,447
305008061,82.2146,34.9463,524,25533,0.857599,0.59,2,4307551,4307027,524
305010981,63.4858,58.3785,501,25616,0.84104,0.69,2,4307602,4307101,501
305013901,45.7943,52.1514,487,25699,0.834416,0.65,2,4307636,4307149,487
305016821,19.5177,41.2606,455,25781,0.831766,0.65,2,4307638,4307183,455
305019741,61.2071,17.7042,542,25863,0.818707,0.73,2,4307727,4307185,542
305022661,65.8828,59.2817,524,25945,0.825483,0.75,2,4307796,4307272,524
305025581,27.5531,64.5127,458,26027,0.828193,0.71,2,4307798,4307340,458
305028501,95.0213,27.0051,596,26108,0.829277,0.87,2,4307938,4307342,596
305031421,84.8085,90.002,542,26189,0.889711,0.89,2,4308016,4307474,542
305139461,40.8239,61.7767,501,29029,0.85816,1,2,4309988,4309487,501
305142381,42.1296,43.3107,513,29102,0.865264,1,2,4310031,4309518,513
305145301,27.6518,33.5243,504,29175,0.844106,1,2,4310049,4309545,504
305148221,29.6607,24.2097,517,29248,0.859642,1,2,4310080,4309563,517
305159901,88.5081,82.4982,563,29536,0.889319,0.96,2,4310396,4309833,563
305162821,49.8032,89.3993,493,29608,0.877728,0.85,2,4310420,4309927,493
305165741,39.1213,52.5597,497,29679,0.861091,0.83,2,4310452,4309955,497
305168661,43.2485,40.8239,510,29750,0.878436,0.87,2,4310498,4309988,510
305171581,28.6994,42.1296,486,29821,0.861375,0.83,2,4310517,4310031,486
305174501,12.6798,27.6518,470,29892,0.85455,0.87,2,4310519,4310049,470
305177421,21.8719,29.6607,467,29963,0.85182,0.93,2,4310547,4310080,467
305422701,28.2737,32.299,506,35404,0.866771,1,2,4314386,4313880,506
305425621,28.1095,26.7196,511,35464,0.862709,1,2,4314414,4313903,511
305428541,34.6438,38.8878,503,35524,0.807083,1,2,4314453,4313950,503
305440221,72.6613,85.7731,491,35761,0.247269,1,1,4314671,4314180,491
305448981,42.3063,39.4015,500,35938,0.0463052,1,1,4314797,4314297,500
305451901,26.5225,34.9606,484,35997,0.0365221,0.95,1,4314813,4314329,484
305454821,22.609,33.1842,472,36056,0.0326088,0.8,1,4314833,4314361,472
305457741,22.2436,28.2737,469,36115,0.0430435,0.86,1,4314855,4314386,469
305460661,23.2974,28.1095,465,36174,0.0172174,0.77,1,4314879,4314414,465
305463581,29.719,34.6438,460,36232,0.036887,0.57,1,4314913,4314453,460
305466501,35.2876,44.4575,448,36290,0.0327548,0.47,1,4314952,4314504,448
305469421,34.515,39.383,446,36348,0.0431019,0.39,1,4314986,4314540,446
305472341,30.006,36.1532,439,36406,0.0472408,0.11,1,4315013,4314574,439
305475261,61.2024,72.6613,424,36464,0.0848963,0.13,1,4315095,4314671,424
305481101,56.9524,56.2658,427,36580,0.0867834,0.01,1,4315191,4314764,427
305484021,41.381,42.3063,425,36638,0.0767134,0.03,1,4315222,4314797,425
305486941,24.9524,26.5225,423,36696,0.0726853,0.03,1,4315236,4314813,423
305489861,21.381,22.609,422,36754,0.0470741,0.05,1,4315255,4314833,422
305492781,22.3524,22.2436,423,36811,0.0368297,0,1,4315278,4314855,423
305495701,23.341,23.2974,423,36868,0.0147319,0.05,1,4315302,4314879,423
305498621,29.1364,29.719,422,36925,0.0358927,0.03,1,4315335,4314913,422
305501541,35.0546,35.2876,422,36982,0.0443571,0.05,1,4315374,4314952,422
305504461,35.0218,34.515,423,37039,0.0597428,0.05,1,4315409,4314986,423
305510301,61.6435,61.2024,426,37153,0.207559,0.11,1,4315521,4315095,426
305513221,41.4574,24.481,454,37210,0.245024,0.13,1,4315549,4315095,454
305516141,56.783,27.1924,492,37267,0.236009,0.07,1,4315616,4315124,492
305519061,40.7132,51.077,455,37324,0.232404,0.07,1,4315646,4315191,455
305521981,22.8853,39.0308,435,37381,0.242961,0.07,1,4315657,4315222,435
305524901,20.5541,24.0123,440,37438,0.211185,0.03,1,4315676,4315236,440
305551181,55.9135,41.4572,499,37942,0.0946897,0.23,1,4316048,4315549,499
305568701,29.4821,23.8087,463,38275,0.207373,0.17,1,4316187,4315724,463
305571621,35.1929,29.9235,468,38330,0.220949,0.17,1,4316226,4315758,468
305574541,36.2771,35.3694,466,38385,0.21438,0.19,1,4316263,4315797,466
305577461,33.7109,35.7478,462,38440,0.211752,0.15,1,4316295,4315833,462
305580381,65.0843,35.8991,512,38495,0.234701,0.09,1,4316381,4315869,512
305583301,42.8337,65.9596,454,38550,0.25588,0.09,1,4316409,4315955,454
305586221,56.1335,43.7839,490,38605,0.264352,0.09,1,4316474,4315984,490
305589141,23.6534,55.9135,428,38660,0.267741,0.15,1,4316476,4316048,428
305597901,17.6898,19.6585,429,38824,0.408095,0.15,1,4316535,4316106,429
305600821,22.0759,22.2634,430,38878,0.409238,0.19,1,4316560,4316130,430
305656301,69.8227,66.1922,446,39897,0.771156,0.51,2,4317261,4316815,446
305659221,44.7291,43.8769,445,39950,0.794463,0.57,2,4317289,4316844,445
305662141,59.8916,57.7507,448,40003,0.863785,0.53,2,4317359,4316911,448
305665061,25.1566,24.3003,448,40056,0.867514,0.59,2,4317361,4316913,448
305673821,18.794,10.9152,471,40215,0.885201,0.69,2,4317429,4316958,471
305697181,46.6063,69.8178,489,40632,0.899443,0.81,2,4317750,4317261,489
305901581,161.599,157.095,498,19925,0.09832,0.01,1,4320622,4320124,498
305907421,79.1359,87.5351,451,20137,0.0481312,0.11,1,4320745,4320294,451
305910341,56.2543,56.6141,456,20242,0.0492525,0.07,1,4320786,4320330,456
305913261,54.3017,48.4456,466,20347,0.085701,0.05,1,4320839,4320373,466
305930781,54.3739,52.1193,479,20965,0.216,0.11,1,4321265,4320786,479
305933701,22.9496,52.6477,428,21066,0.2484,0.21,1,4321267,4320839,428
305945381,65.7619,67.5446,428,21466,0.444839,0.13,1,4321594,4321166,428
306000861,94.9617,72.6243,559,23271,0.810407,0.59,2,4322812,4322253,559
306003781,72.7847,94.4497,508,23362,0.870163,0.57,2,4322870,4322362,508
306006701,70.5139,73.1799,518,23453,0.894065,0.59,2,4322939,4322421,518
306129341,39.5278,42.7579,523,26987,0.89608,1,2,4325410,4324887,523
306132261,46.4111,56.7032,508,27065,0.760432,1,2,4325461,4324953,508
306146861,39.3572,47.2462,479,27454,0.283163,0.93,1,4325760,4325281,479
306149781,44.5429,51.2985,473,27531,0.275265,0.97,1,4325808,4325335,473
306152701,38.2171,43.3194,469,27608,0.260106,0.85,1,4325842,4325373,469
306155621,34.4869,39.5278,464,27685,0.230042,0.67,1,4325874,4325410,464
306158541,35.3947,46.4111,449,27761,0.230017,0.65,1,4325910,4325461,449
306161461,34.5579,40.7644,446,27837,0.206007,0.43,1,4325944,4325498,446
306167301,88.9293,97.4823,431,27989,0.252561,0.27,1,4326134,4325703,431
306170221,54.7717,56.3929,434,28065,0.287024,0.27,1,4326166,4325732,434
306173141,39.3087,39.3572,435,28140,0.28881,0.27,1,4326195,4325760,435
306176061,43.3235,44.5429,433,28215,0.277524,0.25,1,4326241,4325808,433
306178981,37.7294,38.2171,433,28290,0.24901,0.21,1,4326275,4325842,433
306181901,32.4918,34.4869,430,28365,0.249604,0.21,1,4326304,4325874,430
306184821,35.1967,13.7947,467,28440,0.249842,0.23,1,4326341,4325874,467
306187741,34.4787,27.1179,465,28514,0.225937,0.19,1,4326375,4325910,465
306190661,64.1915,31.2472,515,28588,0.252375,0.19,1,4326459,4325944,515
306205261,37.3562,43.2896,466,28956,0.421288,0.23,1,4326707,4326241,466
306208181,32.3425,37.7158,461,29029,0.438515,0.25,1,4326736,4326275,461
306237381,36.5617,32.3425,483,29750,0.750103,0.49,2,4327219,4326736,483
306240301,33.8247,35.737,477,29821,0.762041,0.49,2,4327251,4326774,477
306243221,14.7299,33.4948,447,29892,0.766816,0.57,2,4327253,4326806,447
306246141,59.892,65.5979,450,29963,0.768727,0.59,2,4327343,4326893,450
306249061,92.3568,93.4392,452,30034,0.793491,0.61,2,4327457,4327005,452
306251981,58.5427,58.9757,452,30104,0.779396,0.63,2,4327493,4327041,452
306254901,39.6171,39.1903,453,30174,0.785758,0.63,2,4327520,4327067,453
306257821,44.0468,43.2761,454,30244,0.836303,0.71,2,4327567,4327113,454
306260741,42.2187,39.5104,458,30314,0.844521,0.75,2,4327608,4327150,458
306263661,36.0875,34.4042,459,30384,0.859809,0.77,2,4327640,4327181,459
306266581,37.835,36.5617,460,30454,0.889923,0.77,2,4327679,4327219,460
306269501,34.334,33.8247,460,30523,0.877969,0.77,2,4327711,4327251,460
306272421,14.9336,14.7299,460,30592,0.897188,0.77,2,4327713,4327253,460
306397981,90.2502,90.0338,494,33436,0.865332,1,2,4329816,4329322,494
306400901,57.7001,56.4135,496,33499,0.760133,1,2,4329852,4329356,496
306415501,47.1009,45.3377,489,33814,0.43052,1,1,4330033,4329544,489
306430101,76.2618,90.2502,458,34125,0.273756,0.69,1,4330274,4329816,458
306433021,50.3047,57.7001,455,34187,0.283502,0.65,1,4330307,4329852,455
306435941,37.5219,39.88,456,34249,0.299401,0.65,1,4330336,4329880,456
306438861,31.8088,15.952,484,34311,0.24576,0.63,1,4330364,4329880,484
306441781,28.9235,24.3808,481,34373,0.236304,0.51,1,4330391,4329910,481
306444701,29.5694,29.5523,478,34435,0.244522,0.49,1,4330421,4329943,478
306447621,44.8278,32.2209,499,34496,0.247809,0.37,1,4330476,4329977,499
306450541,38.3311,46.4884,477,34557,0.261123,0.37,1,4330510,4330033,477
306462221,73.2789,42.1389,531,34801,0.433357,0.23,1,4330706,4330175,531
306517701,37.806,37.904,450,35938,0.768971,0.55,2,4331394,4330944,450
306520621,37.3224,37.3616,450,35997,0.769589,0.57,2,4331431,4330981,450
306523541,24.529,24.5446,450,36056,0.769835,0.59,2,4331447,4330997,450
306526461,41.6116,41.0179,451,36115,0.769934,0.67,2,4331500,4331049,451
306529381,79.6446,77.0071,455,36174,0.805974,0.69,2,4331605,4331150,455
306532301,53.4579,51.8029,456,36232,0.844389,0.69,2,4331641,4331185,456
306535221,38.1831,37.5211,456,36290,0.871756,0.69,2,4331669,4331213,456
306538141,32.0733,31.8085,456,36348,0.882702,0.69,2,4331697,4331241,456
306684141,29.3231,23.8368,496,39148,0.824694,1,2,4333618,4333122,496
306701661,31.2299,29.9726,488,39472,0.252342,1,1,4333810,4333322,488
306704581,26.8919,27.5891,486,39526,0.202937,1,1,4333834,4333348,486
306710421,77.2627,78.9343,478,39632,0.0912699,0.93,1,4333973,4333495,478
306713341,45.9051,50.1737,472,39685,0.036508,0.94,1,4333998,4333526,472
306716261,38.762,42.2695,469,39738,0.0326032,0.89,1,4334032,4333563,469
306719181,29.9048,34.3078,464,39791,0.0190413,0.77,1,4334056,4333592,464
306722101,26.9619,29.3231,463,39844,0.00761651,0.67,1,4334081,4333618,463
306725021,28.7848,32.7292,458,39897,0.0210466,0.65,1,4334111,4333653,458
306727941,23.5139,29.2917,451,39950,0.0264186,0.61,1,4334131,4333680,451
306730861,24.4056,29.7167,446,40003,0.0285675,0.39,1,4334156,4333710,446
306733781,28.9622,34.6867,440,40056,0.065427,0.25,1,4334188,4333748,440
306736701,27.1849,33.0747,434,40109,0.0561708,0.25,1,4334214,4333780,434
306739621,26.474,13.2299,460,40162,0.0524683,0.19,1,4334240,4333780,460
306742541,23.1896,23.2919,451,40215,0.0629873,0.17,1,4334261,4333810,451
306745461,23.6758,23.7168,451,40268,0.0431949,0.07,1,4334285,4333834,451
306748381,77.2703,26.8867,535,40320,0.083278,0.07,1,4334398,4333863,535
306751301,43.5081,76.7547,446,40372,0.0873112,0,1,4334419,4333973,446
306754221,37.8033,45.7019,455,40424,0.0889245,0.03,1,4334453,4333998,455
306757141,29.5213,38.6807,445,40476,0.0655698,0.01,1,4334477,4334032,445
306760061,26.8085,29.8723,446,40528,0.0322279,0,1,4334502,4334056,446
306762981,29.3234,26.9489,452,40580,0.0308912,0.03,1,4334533,4334081,452
306765901,23.7294,28.7796,442,40632,0.0303565,0.03,1,4334553,4334111,442
306768821,23.8917,23.5118,446,40684,0.0301426,0.03,1,4334577,4334131,446
306771741,30.5567,24.4047,456,40736,0.054057,0.09,1,4334612,4334156,456
306774661,27.2227,28.9619,449,40788,0.0636228,0.05,1,4334637,4334188,449
306777581,27.6891,27.1848,451,40840,0.0674491,0.05,1,4334665,4334214,451
306783421,22.7903,23.1896,446,40944,0.0839919,0.03,1,4334707,4334261,446
306786341,78.1161,23.6758,537,40996,0.0515967,0.11,1,4334822,4334285,537
306789261,43.2464,77.2703,444,41047,0.0506387,0.09,1,4334842,4334398,444
306792181,38.2986,43.5081,458,41098,0.0622555,0.09,1,4334877,4334419,458
306795101,28.5194,37.8033,446,41149,0.0789022,0.05,1,4334899,4334453,446
306798021,25.8078,29.5213,446,41200,0.0615609,0.01,1,4334923,4334477,446
306800941,29.5231,26.8085,453,41251,0.0426244,0.03,1,4334955,4334502,453
306803861,23.8092,29.3234,442,41302,0.0350497,0.03,1,4334975,4334533,442
306806781,23.9237,23.7294,446,41353,0.0320199,0.03,1,4334999,4334553,446
306809701,30.5695,23.8917,457,41404,0.030808,0.07,1,4335034,4334577,457
306812621,28.4278,30.5567,449,41455,0.0543232,0.07,1,4335061,4334612,449
306815541,28.7711,27.2227,453,41506,0.0517293,0.07,1,4335090,4334637,453
306818461,12.7084,27.6891,427,41557,0.0506917,0.13,1,4335092,4334665,427
306821381,15.8834,22.4756,426,41608,0.0862767,0.07,1,4335110,4334684,426
306824301,20.1534,22.7903,426,41659,0.0885107,0.03,1,4335133,4334707,426
306830141,42.3445,43.2464,424,41761,0.0993617,0.07,1,4335266,4334842,424
306833061,38.5378,38.2986,425,41812,0.0937447,0.09,1,4335302,4334877,425
306844741,23.537,23.8092,423,42012,0.222768,0.03,1,4335398,4334975,423
306847661,24.4148,23.9237,424,42062,0.227107,0.03,1,4335423,4334999,424
306850581,30.1659,30.5695,423,42112,0.204843,0.07,1,4335457,4335034,423
306853501,29.4664,28.4278,425,42162,0.207937,0.05,1,4335486,4335061,425
306856421,29.1865,28.7711,425,42212,0.221175,0.05,1,4335515,4335090,425
306859341,12.8746,12.7084,425,42262,0.22647,0.11,1,4335517,4335092,425
306862261,15.9498,15.8834,425,42312,0.228588,0.09,1,4335535,4335110,425
306865181,21.3799,20.1534,427,42362,0.253435,0.13,1,4335560,4335133,427
306868101,75.752,75.8613,426,42412,0.275374,0.09,1,4335672,4335246,426
306871021,42.3008,42.3445,426,42462,0.28415,0.09,1,4335692,4335266,426
306873941,38.5203,38.5378,426,42512,0.29966,0.17,1,4335728,4335302,426
306914821,39.2034,41.6883,472,43201,0.415327,0.31,1,4336164,4335692,472
306917741,31.2814,38.2753,462,43250,0.448131,0.33,1,4336190,4335728,462
306990741,80.8406,22.9186,569,44456,0.808655,0.67,2,4337002,4336433,569
306993661,33.5363,78.1674,456,44503,0.833462,0.69,2,4337004,4336548,456
306996581,25.4145,43.267,456,44550,0.843385,0.71,2,4337024,4336568,456
306999501,34.1658,40.7068,457,44597,0.847354,0.71,2,4337064,4336607,457
307002421,29.8663,32.4827,457,44644,0.848942,0.69,2,4337091,4336634,457
307005341,28.7465,29.1931,458,44691,0.873577,0.69,2,4337119,4336661,458
307008261,29.4986,30.8772,456,44738,0.859431,0.69,2,4337149,4336693,456
307236021,340.734,347.233,503,21900,0.40408,1,1,4339618,4339115,503
307238941,171.693,166.493,516,21997,0.203632,1,1,4339677,4339161,516
307244781,97.311,98.8789,506,22189,0.0673811,0.53,1,4339848,4339342,506
307247701,70.1244,94.7516,466,22285,0.0449524,0.21,1,4339900,4339434,466
307250621,50.2498,73.3006,444,22380,0.047981,0.05,1,4339937,4339493,444
307253541,59.6999,73.1203,437,22475,0.0251924,0.03,1,4340003,4339566,437
307256461,41.88,49.0481,434,22569,0.010077,0.01,1,4340033,4339599,434
307259381,57.552,31.0192,483,22663,0.0340308,0.07,1,4340101,4339618,483
307262301,75.8208,47.8077,512,22757,0.0436123,0.07,1,4340189,4339677,512
307265221,80.1283,73.7231,504,22850,0.0714449,0.03,1,4340272,4339768,504
307268141,62.6513,77.4892,475,22943,0.082578,0.03,1,4340323,4339848,475
307271061,47.8605,62.1957,461,23035,0.0990312,0.05,1,4340361,4339900,461
307273981,58.1442,47.0783,489,23127,0.0576125,0.01,1,4340426,4339937,489
307276901,41.8577,58.4313,454,23219,0.023045,0,1,4340457,4340003,454
307279821,56.9431,41.3725,491,23310,0.027218,0.05,1,4340524,4340033,491
307282741,74.9772,57.349,510,23401,0.0288872,0.05,1,4340611,4340101,510
307285661,82.1909,75.7396,509,23492,0.0535549,0.09,1,4340698,4340189,509
307288581,62.8764,80.0958,476,23582,0.087422,0.09,1,4340748,4340272,476
307294421,56.0202,47.8553,487,23762,0.0511875,0.03,1,4340848,4340361,487
307297341,41.6081,58.1421,454,23851,0.038475,0,1,4340880,4340426,454
307300261,56.2432,41.8569,489,23940,0.03339,0.03,1,4340946,4340457,489
307303181,23.6973,56.9427,424,24029,0.043356,0.03,1,4340948,4340524,424
307306101,61.0789,74.9771,423,24117,0.0233424,0.07,1,4341034,4340611,423
307309021,78.4316,82.1908,426,24205,0.027337,0.11,1,4341124,4340698,426
307311941,61.9726,62.8763,427,24293,0.0889348,0.13,1,4341175,4340748,427
307317781,53.1156,56.0202,423,24467,0.0586296,0.03,1,4341271,4340848,423
307320701,41.0462,41.6081,424,24554,0.0294518,0.03,1,4341304,4340880,424
307323621,56.6185,56.2432,425,24640,0.0417807,0.05,1,4341371,4340946,425
307326541,23.8474,23.6973,425,24726,0.0467123,0.01,1,4341373,4340948,425
307329461,59.939,61.0789,423,24812,0.0366849,0.03,1,4341457,4341034,423
307332381,77.3756,78.4316,422,24897,0.032674,0.13,1,4341546,4341124,422
307335301,63.9502,61.9726,426,24982,0.0550696,0.11,1,4341601,4341175,426
307338221,50.1801,48.789,427,25067,0.0760278,0.03,1,4341642,4341215,427
307341141,50.672,53.1156,422,25152,0.0844111,0.01,1,4341693,4341271,422
307344061,40.0688,41.0462,422,25236,0.0397645,0.05,1,4341726,4341304,422
307346981,56.2275,56.6185,422,25320,0.0339058,0.05,1,4341793,4341371,422
307349901,23.691,23.8474,422,25404,0.0555623,0.03,1,4341795,4341373,422
307352821,59.8764,59.939,422,25487,0.0282249,0.03,1,4341879,4341457,422
307355741,76.7506,23.9756,510,25570,0.06529,0.03,1,4341967,4341457,510
307358661,65.5002,62.9902,479,25653,0.056116,0.07,1,4342025,4341546,479
307361581,50.2001,58.1961,464,25736,0.0644464,0.09,1,4342065,4341601,464
307364501,51.28,47.8784,475,25818,0.0917786,0.09,1,4342117,4341642,475
307376181,59.2728,23.6321,505,26145,0.0998375,0.01,1,4342300,4341795,505
307379101,77.7091,59.8528,511,26226,0.069935,0.09,1,4342390,4341879,511
307382021,65.8836,76.7411,481,26307,0.081974,0.05,1,4342448,4341967,481
307384941,52.1535,65.4965,466,26388,0.0747896,0.07,1,4342491,4342025,466
307387861,53.8614,50.1986,481,26468,0.0839158,0.11,1,4342546,4342065,481
307402461,76.9464,59.2728,513,26866,0.208728,0.05,1,4342813,4342300,513
307405381,31.9786,77.7091,425,26945,0.221491,0.09,1,4342815,4342390,425
307408301,48.1914,65.8836,426,27024,0.262597,0.07,1,4342874,4342448,426
307411221,44.4766,52.1535,425,27102,0.267039,0.09,1,4342916,4342491,425
307414141,52.5906,53.8614,428,27180,0.268815,0.13,1,4342974,4342546,428
307443341,39.1865,37.8363,437,27949,0.401948,0.39,1,4343439,4343002,437
307446261,58.2746,55.3345,441,28025,0.430779,0.35,1,4343510,4343069,441
307449181,24.5098,23.3338,441,28101,0.442312,0.35,1,4343512,4343071,441
307481301,79.5251,58.8834,539,28919,0.785621,0.57,2,4344133,4343594,539
307484221,33.0101,77.5534,451,28992,0.800248,0.61,2,4344135,4343684,451
307487141,50.404,32.2213,511,29065,0.806099,0.61,2,4344197,4343686,511
307490061,48.3616,48.8885,498,29138,0.79644,0.67,2,4344244,4343746,498
307492981,55.9446,45.9554,515,29211,0.828576,0.71,2,4344305,4343790,515
307495901,39.1779,53.7822,484,29283,0.84143,0.67,2,4344333,4343849,484
307498821,61.2711,39.5129,530,29355,0.834572,0.69,2,4344409,4343879,530
307501741,25.7085,60.2051,458,29427,0.831829,0.69,2,4344411,4343953,458
307504661,64.8834,25.2821,547,29499,0.854732,0.79,2,4344502,4343955,547
307624381,82.683,57.0905,574,32310,0.8764,1,2,4346493,4345919,574
307627301,54.0732,78.0362,517,32375,0.76456,1,2,4346528,4346011,517
307641901,38.7406,46.137,514,32700,0.434347,1,1,4346709,4346195,514
307653581,46.2798,56.7075,472,32958,0.270559,0.83,1,4346865,4346393,472
307656501,67.7119,82.683,454,33022,0.246224,0.69,1,4346947,4346493,454
307659421,46.8848,54.0732,452,33086,0.248489,0.69,1,4346980,4346528,452
307676941,41.814,45.4962,439,33468,0.0818786,0.25,1,4347198,4346759,439
307679861,29.3256,31.9985,437,33531,0.0747514,0.35,1,4347219,4346782,437
307682781,25.5302,27.1994,436,33594,0.0959006,0.23,1,4347242,4346806,436
307685701,43.2121,46.2798,432,33657,0.0563602,0.23,1,4347297,4346865,432
307688621,66.4848,67.7119,432,33720,0.0225441,0.25,1,4347379,4346947,432
307691541,46.9939,46.8848,433,33783,0.0390176,0.15,1,4347413,4346980,433
307694461,36.1976,38.5539,429,33846,0.0336071,0.17,1,4347442,4347013,429
307697381,37.279,39.4216,427,33908,0.0314428,0.17,1,4347480,4347053,427
307700301,31.7116,31.9686,428,33970,0.0785771,0.15,1,4347508,4347080,428
307703221,31.8846,32.5875,427,34032,0.0494309,0.11,1,4347540,4347113,427
307706141,35.5539,37.035,425,34094,0.0977723,0.05,1,4347578,4347153,425
307747021,26.8562,28.2479,454,34953,0.213069,0.17,1,4348096,4347642,454
307749941,42.5425,25.6992,483,35013,0.235228,0.21,1,4348149,4347666,483
307752861,63.217,41.4797,508,35073,0.292091,0.15,1,4348226,4347718,508
307782061,43.6106,26.8562,486,35671,0.429751,0.25,1,4348582,4348096,486
307784981,18.6442,42.5425,435,35730,0.441901,0.33,1,4348584,4348149,435
307846301,31.0866,32.169,449,36952,0.753314,0.55,2,4349393,4348944,449
307849221,28.0346,28.4676,449,37009,0.763326,0.63,2,4349419,4348970,449
307852141,46.6139,44.987,452,37066,0.77933,0.65,2,4349478,4349026,452
307855061,19.8455,19.1948,452,37123,0.785732,0.59,2,4349480,4349028,452
307857981,57.1382,57.4779,451,37180,0.860293,0.59,2,4349562,4349111,451
307860901,47.4553,22.9912,492,37237,0.878117,0.63,2,4349603,4349111,492
307863821,34.5821,33.1965,478,37294,0.885247,0.63,2,4349629,4349151,478
307989381,38.3548,41.0114,482,39656,0.885705,1,2,4351258,4350776,482
307992301,42.9419,38.0046,492,39709,0.876282,1,2,4351304,4350812,492
307995221,38.7768,30.8018,502,39762,0.836513,1,2,4351340,4350838,502
307998141,32.3107,41.7207,481,39815,0.784605,1,2,4351368,4350887,481
308001061,21.9243,25.0883,482,39868,0.811842,1,2,4351383,4350901,482
308018581,26.3642,26.9687,503,40186,0.417348,1,1,4351619,4351116,503
308036101,30.1084,38.7401,489,40499,0.294316,0.75,1,4351829,4351340,489
308059461,31.3257,26.3642,474,40915,0.423634,0.27,1,4352093,4351619,474
308149981,37.6268,37.0294,451,42485,0.777835,0.65,2,4353098,4352647,451
308152901,38.4507,37.6118,452,42535,0.761134,0.65,2,4353137,4352685,452
308155821,30.9803,30.6447,452,42585,0.754454,0.63,2,4353163,4352711,452
308158741,20.1921,18.8579,454,42635,0.775781,0.67,2,4353176,4352722,454
308161661,48.8768,47.7432,455,42684,0.856313,0.69,2,4353244,4352789,455
308164581,47.1507,47.2973,454,42733,0.888525,0.65,2,4353290,4352836,454
308167501,21.2603,21.3189,454,42782,0.87741,0.61,2,4353294,4352840,454
308351461,25.7006,24.7554,511,45783,0.889044,1,2,4355378,4354867,511
308555861,30.7687,10.4538,533,48901,0.863612,1,2,4357533,4357000,533
308558781,29.1075,28.1815,521,48944,0.795445,1,2,4357561,4357040,521
308573381,34.8907,32.3852,520,49159,0.420187,1,1,4357724,4357204,520
308576301,34.9563,39.9541,510,49202,0.402075,1,1,4357759,4357249,510
308582141,23.233,31.2327,498,49288,0.283932,1,1,4357807,4357309,498
308585061,24.8932,25.6931,502,49331,0.203573,1,1,4357833,4357331,502
308608421,24.4794,29.1075,481,49673,0.219203,0.61,1,4358042,4357561,481
308611341,29.5918,29.043,485,49715,0.225681,0.53,1,4358075,4357590,485
308614261,28.0367,34.4172,474,49757,0.240273,0.57,1,4358102,4357628,474
308617181,26.8147,30.5669,472,49799,0.258109,0.49,1,4358128,4357656,472
308620101,30.5259,30.2268,475,49841,0.265244,0.35,1,4358161,4357686,475
308623021,35.0103,34.8907,475,49883,0.292097,0.39,1,4358199,4357724,475
308637621,29.5703,26.7573,458,50093,0.406354,0.21,1,4358319,4357861,458
308640541,22.6281,26.9029,449,50135,0.420542,0.19,1,4358337,4357888,449
308643461,28.2513,22.1612,462,50177,0.426217,0.17,1,4358369,4357907,462
308646381,25.7005,28.6645,453,50219,0.428487,0.17,1,4358393,4357940,453
308649301,26.4802,25.8658,456,50261,0.417395,0.13,1,4358420,4357964,456
308652221,28.5921,27.7463,457,50303,0.424958,0.19,1,4358450,4357993,457
308655141,12.6368,26.6985,433,50345,0.427983,0.25,1,4358452,4358019,433
308666821,25.7923,26.8147,433,50513,0.428124,0.27,1,4358561,4358128,433
308669741,31.3169,30.5259,435,50555,0.40525,0.31,1,4358596,4358161,435
308675581,30.0907,28.4041,440,50639,0.44044,0.35,1,4358663,4358223,440
308678501,19.8363,19.1617,440,50681,0.446176,0.39,1,4358676,4358236,440
308742741,28.8975,28.5231,448,51585,0.774065,0.53,2,4359260,4358812,448
308745661,25.959,25.8092,448,51626,0.795626,0.55,2,4359284,4358836,448
308748581,25.9836,26.5237,447,51667,0.80425,0.53,2,4359310,4358863,447
308751501,28.9934,28.0095,449,51708,0.7957,0.53,2,4359341,4358892,449
308754421,12.7974,12.4038,449,51749,0.79228,0.57,2,4359343,4358894,449
308757341,19.519,18.7615,450,51790,0.814912,0.57,2,4359367,4358917,450
308760261,28.2076,7.50461,484,51831,0.835965,0.59,2,4359401,4358917,484
308763181,29.283,23.4018,480,51872,0.868386,0.63,2,4359431,4358951,480
308766101,26.1132,26.1607,476,51913,0.881354,0.63,2,4359455,4358979,476
308769021,30.8453,24.8643,486,51954,0.886542,0.67,2,4359489,4359003,486
308771941,39.3381,30.3457,497,51995,0.876617,0.63,2,4359534,4359037,497
308774861,31.3352,38.5383,479,52035,0.872647,0.69,2,4359560,4359081,479
308777781,21.5341,30.4153,469,52075,0.895059,0.73,2,4359575,4359106,469
309071241,324.84,362.406,463,24820,0.428959,0.71,1,4362320,4361857,463
309074161,162.336,168.962,477,25633,0.213583,0.53,1,4362374,4361897,477
309085841,48.4022,61.455,443,25962,0.0631157,0.03,1,4362570,4362127,443
309088761,58.3609,55.782,456,26044,0.0432463,0.07,1,4362635,4362179,456
309091681,55.1444,72.1128,426,26125,0.0232985,0.09,1,4362688,4362262,426
309094601,47.2577,41.4451,447,26206,0.0513194,0.11,1,4362730,4362283,447
309097521,59.7031,38.778,478,26287,0.0505278,0.07,1,4362798,4362320,478
309100441,60.4812,47.9112,485,26368,0.0742111,0.07,1,4362859,4362374,485
309103361,45.7925,55.7645,460,26448,0.0956844,0.11,1,4362895,4362435,460
309112121,57.0267,45.4729,488,26688,0.0490838,0.03,1,4363058,4362570,488
309115041,53.4107,57.1892,474,26767,0.0616335,0.01,1,4363109,4362635,474
309123801,48.4183,59.6281,425,27004,0.216345,0.09,1,4363223,4362798,425
309126721,56.5673,60.4512,426,27082,0.248538,0.11,1,4363285,4362859,426
309129641,45.4269,45.7805,428,27160,0.285415,0.11,1,4363323,4362895,428
309138401,55.2273,57.026,423,27394,0.294027,0.07,1,4363481,4363058,423
309141321,53.8909,53.4104,425,27471,0.267611,0.15,1,4363534,4363109,425
309144241,50.9564,48.3642,429,27548,0.233044,0.15,1,4363583,4363154,429
309147161,21.5825,20.5457,429,27625,0.255218,0.27,1,4363585,4363156,429
309167601,53.5855,53.8909,434,28157,0.414139,0.21,1,4363968,4363534,434
309170521,50.2342,50.9564,433,28232,0.435655,0.27,1,4364016,4363583,433
309173441,21.2937,21.5825,433,28307,0.420262,0.33,1,4364018,4363585,433
309220161,54.8624,53.9322,505,29481,0.757316,0.57,2,4364859,4364354,505
309223081,51.345,55.1729,498,29553,0.752926,0.61,2,4364908,4364410,498
309226001,21.738,50.2692,453,29625,0.751171,0.61,2,4364910,4364457,453
309228921,57.8952,21.3077,533,29696,0.774468,0.61,2,4364992,4364459,533
309231841,64.5581,56.5231,522,29767,0.843787,0.67,2,4365061,4364539,522
309234761,51.6232,63.4092,497,29838,0.883515,0.69,2,4365104,4364607,497
309237681,21.8493,50.5637,457,29909,0.899406,0.73,2,4365106,4364649,457
309351561,56.209,62.6178,524,32554,0.863551,1,2,4366993,4366469,524
309354481,44.6836,53.2471,514,32619,0.81942,1,2,4367030,4366516,514
309357401,34.6734,38.0988,514,32684,0.837768,1,2,4367058,4366544,514
309360321,35.4694,33.8395,519,32749,0.821107,1,2,4367094,4366575,519
309363241,23.1878,33.9358,500,32814,0.838443,1,2,4367109,4366609,500
309366161,31.4751,50.1743,476,32878,0.761377,0.94,2,4367146,4366670,476
309369081,64.79,65.0697,488,32942,0.754551,1,2,4367233,4366745,488
309401201,61.2298,64.79,455,33641,0.79154,0.69,2,4367688,4367233,455
309404121,46.6919,46.916,457,33704,0.802616,0.73,2,4367725,4367268,457
309407041,37.8768,39.1664,455,33767,0.807046,0.69,2,4367757,4367302,455
309409961,43.9507,45.0666,454,33830,0.856819,0.73,2,4367805,4367351,454
309412881,52.3803,51.6266,456,33893,0.864727,0.67,2,4367863,4367407,456
309415801,49.7521,51.2506,453,33955,0.879891,0.67,2,4367911,4367458,453
309418721,41.5008,42.1003,453,34017,0.885956,0.69,2,4367947,4367494,453
309582241,30.8238,30.379,523,37337,0.870819,1,2,4370240,4369717,523
309585161,44.1295,50.5516,512,37394,0.846328,1,2,4370293,4369781,512
309588081,40.4518,41.8206,514,37451,0.848531,0.99,2,4370331,4369817,514
309591001,32.9807,35.3283,511,37507,0.849412,1,2,4370359,4369848,511
309593921,41.9923,42.9313,511,37563,0.777765,1,2,4370407,4369896,511
309596841,37.1969,38.7725,509,37619,0.773106,0.99,2,4370441,4369932,509
309599761,28.0788,35.309,498,37675,0.771242,0.96,2,4370463,4369965,498
309602681,41.2315,27.9236,525,37731,0.794497,1,2,4370513,4369988,525
309605601,59.6926,44.1694,542,37787,0.791799,1,2,4370585,4370043,542
309608521,46.677,60.8678,508,37843,0.82672,0.97,2,4370623,4370115,508
309611441,36.0708,47.7471,498,37899,0.804688,0.93,2,4370652,4370154,498
309614361,26.4283,35.8988,490,37955,0.807875,0.97,2,4370672,4370182,490
309617281,29.1713,30.5595,494,38011,0.80915,0.81,2,4370703,4370209,494
309620201,42.8685,30.8238,515,38067,0.84566,0.83,2,4370755,4370240,515
309623121,36.9474,44.1295,495,38122,0.872264,0.85,2,4370788,4370293,495
309626041,32.779,40.4518,487,38177,0.882906,0.85,2,4370818,4370331,487
309628961,43.1116,32.9807,509,38232,0.887162,0.73,2,4370868,4370359,509
309774961,28.4291,19.1293,531,40902,0.886215,1,2,4372706,4372175,531
309776421,37.1717,24.4517,546,40954,0.768486,1,2,4372749,4372203,546
309826061,148.323,154.181,454,19203,0.0801431,0.01,1,4373436,4372982,454
309828981,98.9292,101.272,454,19314,0.0380572,0.01,1,4373502,4373048,454
309831901,79.1717,81.3089,452,19424,0.0332229,0.01,1,4373568,4373116,452
309834821,63.4687,62.5236,455,19533,0.0432892,0.01,1,4373621,4373166,455
309837741,32.5875,45.4094,433,19642,0.0593157,0.01,1,4373633,4373200,433
309840661,65.835,31.9638,498,19750,0.0537263,0.05,1,4373721,4373223,498
309843581,108.534,58.3855,559,19857,0.0394905,0.03,1,4373858,4373299,559
309846501,83.0136,105.554,488,19964,0.0157962,0.01,1,4373924,4373436,488
309849421,72.8054,81.8217,488,20070,0.0243185,0.03,1,4373990,4373502,488
309852341,62.1222,72.3287,477,20176,0.0517274,0.05,1,4374045,4373568,477
309855261,32.0489,60.7315,436,20281,0.038691,0.07,1,4374057,4373621,436
309858181,65.6195,31.4926,512,20386,0.0574764,0.05,1,4374145,4373633,512
309861101,107.248,65.397,559,20490,0.0409906,0.03,1,4374280,4373721,559
309864021,82.4991,108.359,488,20594,0.0163962,0,1,4374346,4373858,488
309866941,73.1996,82.9435,489,20697,0.0485585,0.03,1,4374413,4373924,489
309869861,61.6799,72.7774,477,20799,0.0374234,0.07,1,4374467,4373990,477
309872781,31.8719,62.111,434,20901,0.0449694,0.03,1,4374479,4374045,434
309875701,66.7488,32.0444,512,21002,0.0479877,0.07,1,4374569,4374057,512
309878621,27.8995,65.6178,426,21103,0.0491951,0.03,1,4374571,4374145,426
309881541,89.7598,107.247,422,21204,0.037678,0,1,4374702,4374280,422
309884461,76.1039,82.4988,423,21304,0.0330712,0.07,1,4374769,4374346,423
309887381,70.6416,73.1995,423,21404,0.0312285,0.03,1,4374836,4374413,423
309890301,61.2566,61.6798,424,21503,0.0304914,0.05,1,4374891,4374467,424
309893221,31.7026,31.8719,424,21602,0.0421966,0.05,1,4374903,4374479,424
309896141,66.6811,66.7488,424,21700,0.0468786,0.05,1,4374993,4374569,424
309899061,27.8724,27.8995,424,21798,0.0247514,0.03,1,4374995,4374571,424
309901981,89.149,89.7598,423,21895,0.0879006,0.03,1,4375125,4374702,423
309904901,75.2596,76.1039,422,21992,0.0411602,0.03,1,4375191,4374769,422
309907821,70.9038,70.6416,423,22088,0.0224641,0.03,1,4375259,4374836,423
309910741,60.7615,61.2566,422,22184,0.0269856,0.05,1,4375313,4374891,422
309913661,32.1046,31.7026,423,22280,0.0287943,0.05,1,4375326,4374903,423
309916581,66.2418,66.6811,422,22375,0.0175177,0.01,1,4375415,4374993,422
309919501,27.6967,27.8724,422,22470,0.0370071,0.13,1,4375417,4374995,422
309928261,70.0766,53.8638,489,22752,0.0717284,0.01,1,4375680,4375191,489
309931181,60.4306,62.3455,475,22845,0.0586914,0.03,1,4375734,4375259,475
309934101,31.9723,57.3382,434,22938,0.0234766,0.03,1,4375747,4375313,434
309937021,66.1889,30.7353,510,23030,0.0633906,0.01,1,4375836,4375326,510
309939941,27.6756,65.6941,423,23122,0.0793562,0.05,1,4375838,4375415,423
309972061,51.7165,68.2992,429,24112,0.213952,0.13,1,4376531,4376102,429
309974981,51.8866,59.1197,428,24200,0.295581,0.11,1,4376583,4376155,428
309995421,55.3084,51.7165,434,24807,0.438239,0.35,1,4376965,4376531,434
310033381,99.6842,27.8304,591,25895,0.795774,0.57,2,4377720,4377129,591
310036301,76.4737,97.5321,508,25977,0.84031,0.57,2,4377781,4377273,508
310039221,31.7895,74.4129,451,26059,0.858124,0.61,2,4377783,4377332,451
310042141,61.9158,30.9651,531,26140,0.86525,0.67,2,4377865,4377334,531
310045061,58.3663,57.9861,511,26221,0.8441,0.73,2,4377921,4377410,511
310047981,31.1465,55.5944,470,26302,0.85964,0.73,2,4377934,4377464,470
310050901,69.4586,29.4378,553,26383,0.889856,0.75,2,4378029,4377476,553
310164781,60.5516,90.6937,520,29350,0.8188,1,2,4380118,4379598,520
310199821,44.172,48.9283,448,30204,0.298203,0.49,1,4380662,4380214,448
310202741,60.8688,63.9713,446,30274,0.293281,0.41,1,4380734,4380288,446
310205661,35.7475,41.1885,439,30344,0.291313,0.35,1,4380753,4380314,439
310208581,32.299,35.0754,438,30414,0.278525,0.33,1,4380783,4380345,438
310211501,47.1196,49.4302,436,30484,0.29741,0.29,1,4380840,4380404,436
310217341,25.8991,24.4688,439,30622,0.295986,0.31,1,4380873,4380434,439
310231941,60.8777,60.8688,436,30966,0.403322,0.29,1,4381170,4380734,436
310234861,35.7511,35.7475,436,31034,0.407329,0.27,1,4381189,4380753,436
310237781,30.5004,32.299,433,31102,0.420932,0.31,1,4381216,4380783,433
310240701,47.6002,47.1196,435,31170,0.414373,0.31,1,4381275,4380840,435
310243621,21.4401,21.2478,435,31238,0.411749,0.29,1,4381279,4380844,435
310246541,26.576,25.8991,436,31306,0.4227,0.29,1,4381309,4380873,436
310290341,64.9562,44.3747,528,32305,0.764184,0.67,2,4382064,4381536,528
310293261,37.9825,62.1499,474,32370,0.779674,0.67,2,4382084,4381610,474
310296181,30.793,36.86,480,32435,0.785869,0.67,2,4382110,4381630,480
310299101,47.1172,30.344,512,32500,0.800348,0.67,2,4382168,4381656,512
310302021,21.2469,46.9376,458,32565,0.806139,0.67,2,4382172,4381714,458
310304941,26.4988,21.175,484,32630,0.820456,0.65,2,4382202,4381718,484
310307861,80.1995,27.07,569,32695,0.886182,0.71,2,4382318,4381749,569
310439261,53.645,85.607,511,35488,0.861616,1,2,4384249,4383738,511
310442181,38.858,57.0428,502,35548,0.854646,1,2,4384278,4383776,502
310445101,32.3432,37.2171,506,35607,0.827859,1,2,4384306,4383800,506
310448021,30.3373,31.0868,508,35666,0.781143,1,2,4384335,4383827,508
310468461,29.6748,25.5311,488,36079,0.4492,0.85,1,4384583,4384095,488
310471381,70.0699,81.6125,466,36138,0.40168,0.83,1,4384680,4384214,466
310477221,34.0112,38.858,458,36254,0.264669,0.81,1,4384736,4384278,458
310480141,30.4045,32.3432,458,36312,0.219868,0.75,1,4384764,4384306,458
310494741,30.9689,34.6694,446,36602,0.229723,0.45,1,4384938,4384492,446
310497661,30.9876,32.4678,446,36660,0.229889,0.51,1,4384969,4384523,446
310500581,30.995,32.1871,445,36718,0.205956,0.41,1,4385000,4384555,445
310503501,29.798,29.6748,446,36776,0.220382,0.37,1,4385029,4384583,446
310506421,65.3192,70.0699,438,36833,0.238153,0.31,1,4385118,4384680,438
310509341,42.3277,46.028,435,36890,0.209261,0.21,1,4385145,4384710,435
310512261,30.7311,34.0112,432,36947,0.209704,0.19,1,4385168,4384736,432
310515181,27.2924,30.4045,429,37004,0.233882,0.15,1,4385193,4384764,429
310521021,34.3668,34.2647,430,37118,0.216221,0.19,1,4385258,4384828,430
310523941,44.3467,44.3059,430,37175,0.260488,0.19,1,4385309,4384879,430
310535621,32.8297,29.2862,463,37403,0.401181,0.19,1,4385432,4384969,463
310538541,29.3319,30.3145,459,37459,0.430472,0.23,1,4385459,4385000,459
310541461,65.7328,29.5258,520,37515,0.442189,0.25,1,4385549,4385029,520
310608621,32.2759,32.9842,454,38790,0.775138,0.63,2,4386327,4385873,454
310611541,30.3104,30.5937,454,38844,0.808055,0.63,2,4386356,4385902,454
310614461,67.3241,66.8375,455,38898,0.833222,0.67,2,4386448,4385993,455
310617381,42.5297,42.335,455,38952,0.879289,0.67,2,4386474,4386019,455
310620301,30.2119,30.134,455,39006,0.873716,0.69,2,4386496,4386041,455
310623221,29.4847,28.8536,456,39060,0.859486,0.69,2,4386525,4386069,456
310626141,26.1939,25.9414,456,39114,0.853794,0.67,2,4386549,4386093,456
310629061,35.6776,36.1766,455,39168,0.875518,0.65,2,4386591,4386136,455
310631981,47.871,48.0706,455,39222,0.860207,0.69,2,4386647,4386192,455
310634901,39.5484,39.0283,456,39276,0.866083,0.69,2,4386681,4386225,456
310637821,17.0194,16.8113,456,39330,0.844433,0.73,2,4386683,4386227,456
310640741,29.0077,27.7245,458,39384,0.847773,0.73,2,4386720,4386262,458
310646581,34.5212,32.2759,462,39492,0.897644,0.83,2,4386789,4386327,462
310830541,34.2302,33.275,487,42729,0.891189,1,2,4389056,4388569,487
310833461,29.8921,33.71,480,42778,0.890475,0.93,2,4389083,4388603,480
310836381,33.5568,33.884,482,42827,0.86619,0.89,2,4389119,4388637,482
310839301,27.2227,28.5536,480,42876,0.880476,1,2,4389142,4388662,480
310845141,24.9956,24.7286,476,42974,0.890876,0.94,2,4389183,4388707,476
311119621,35.3376,36.8191,513,47367,0.898315,1,2,4392297,4391784,513
311122541,36.935,38.7276,511,47412,0.881326,1,2,4392335,4391824,511
311125461,31.574,31.0911,513,47456,0.81453,1,2,4392363,4391850,513
311128381,23.4296,32.2364,498,47500,0.799812,1,2,4392381,4391883,498
311178021,24.271,28.5718,449,48248,0.750376,0.57,2,4392862,4392413,449
311180941,31.3084,33.6287,448,48292,0.810151,0.63,2,4392898,4392450,448
311183861,30.5234,30.2515,450,48336,0.79806,0.55,2,4392928,4392478,450
311186781,25.4093,25.3006,450,48380,0.829224,0.57,2,4392950,4392500,450
311189701,29.9637,27.5202,454,48424,0.82969,0.57,2,4392983,4392529,454
311192621,32.9855,31.4081,455,48468,0.841876,0.53,2,4393018,4392563,455
311195541,27.5942,29.9632,450,48511,0.84675,0.61,2,4393042,4392592,450
311198461,19.4377,19.1853,452,48554,0.8487,0.63,2,4393056,4392604,452
311201381,20.3751,18.4741,455,48597,0.83748,0.61,2,4393077,4392622,455
311204301,29.75,29.5896,454,48640,0.868992,0.61,2,4393113,4392659,454
311207221,34.7,33.4359,456,48683,0.857597,0.67,2,4393151,4392695,456
311210141,32.48,33.7743,453,48726,0.877039,0.65,2,4393182,4392729,453
311480241,185.468,175.181,508,24178,0.2524,1,1,4395936,4395428,508
311486081,76.1149,86.3489,487,24353,0.087184,0.77,1,4396050,4395563,487
311489001,59.246,59.7396,493,24440,0.0768736,0.49,1,4396098,4395605,493
311500681,23.8367,41.2205,428,24785,0.08976,0.11,1,4396275,4395847,428
311529881,61.593,54.7836,489,25627,0.225362,0.19,1,4396849,4396360,489
311532801,55.8372,57.9134,481,25710,0.252145,0.21,1,4396901,4396420,481
311535721,52.3349,55.5654,477,25792,0.286858,0.15,1,4396951,4396474,477
311559081,53.5459,55.8366,487,26442,0.433749,0.31,1,4397388,4396901,487
311594121,43.1149,42.3549,450,27388,0.75687,0.57,2,4398005,4397555,450
311597041,24.4459,24.142,450,27465,0.752748,0.53,2,4398017,4397567,450
311599961,61.3784,62.4568,448,27542,0.751099,0.53,2,4398103,4397655,448
311602881,25.7514,26.1827,448,27619,0.75044,0.63,2,4398105,4397657,448
311605801,53.5005,51.8731,451,27696,0.822176,0.59,2,4398177,4397726,451
311608721,53.2002,52.5492,451,27772,0.85087,0.61,2,4398230,4397779,451
311611641,54.2801,53.4197,452,27848,0.862348,0.67,2,4398285,4397833,452
311766401,37.3567,36.8631,514,31624,0.865994,1,2,4400938,4400424,514
311778081,44.1275,47.0093,517,31891,0.408617,1,1,4401124,4400607,517
311783921,47.8604,46.5215,517,32023,0.256179,0.96,1,4401213,4400696,517
311792681,37.3591,55.7294,492,32221,0.215355,0.89,1,4401367,4400875,492
311795601,32.9436,37.8917,496,32287,0.212142,0.83,1,4401397,4400901,496
311798521,41.3775,37.3567,506,32353,0.210857,0.67,1,4401444,4400938,506
311801441,34.551,43.7427,488,32418,0.246343,0.57,1,4401474,4400986,488
311804361,46.8204,37.2971,510,32483,0.248537,0.45,1,4401529,4401019,510
311807281,37.9282,56.3188,473,32548,0.297415,0.33,1,4401561,4401088,473
311810201,33.7713,44.1275,468,32613,0.280966,0.27,1,4401592,4401124,468
311813121,44.7085,38.651,485,32678,0.298386,0.21,1,4401644,4401159,485
311824801,30.1557,37.3591,431,32936,0.401479,0.21,1,4401798,4401367,431
311827721,32.4623,32.9436,435,33000,0.418591,0.21,1,4401832,4401397,435
311830641,40.5849,41.3775,434,33064,0.437437,0.27,1,4401878,4401444,434
311833561,34.834,34.551,435,33128,0.432975,0.25,1,4401909,4401474,435
311883201,31.1331,29.9714,450,34197,0.761282,0.57,2,4402623,4402173,450
311886121,34.0533,34.7886,448,34259,0.790513,0.57,2,4402659,4402211,448
311889041,31.6213,13.9154,478,34321,0.778205,0.57,2,4402689,4402211,478
311891961,33.0485,22.3662,484,34383,0.809282,0.63,2,4402723,4402239,484
311894881,41.4194,29.3465,497,34444,0.809713,0.63,2,4402770,4402273,497
311897801,36.3678,39.9386,483,34505,0.833885,0.63,2,4402803,4402320,483
311900721,47.5471,35.1754,506,34566,0.855554,0.65,2,4402858,4402352,506
311903641,41.2188,47.0702,488,34627,0.852222,0.67,2,4402895,4402407,488
311906561,34.4875,40.4281,482,34688,0.850889,0.63,2,4402925,4402443,482
311909481,46.795,34.1712,507,34749,0.874355,0.69,2,4402980,4402473,507
311912401,78.118,46.0685,552,34810,0.883742,0.75,2,4403079,4402527,552
311915321,32.4472,74.8274,460,34871,0.887497,0.79,2,4403081,4402621,460
311918241,35.1789,31.131,495,34932,0.888999,0.81,2,4403118,4402623,495
311921161,33.8716,34.0524,492,34993,0.877599,0.77,2,4403151,4402659,492
312067161,29.9054,26.4741,534,37894,0.881488,1,2,4405175,4404641,534
312135781,52.69,72.06,489,18015,0.764366,0.65,2,4406573,4406084,489
312138701,22.276,51.024,454,18133,0.755746,0.75,2,4406575,4406121,454
312141621,99.5104,108.01,459,18250,0.836299,0.71,2,4406726,4406267,459
312316821,89.5346,101.395,490,24251,0.8332,1,2,4411017,4410527,490
312325581,57.4742,63.3933,485,24512,0.270525,1,1,4411226,4410741,485
312328501,42.7897,42.7573,489,24598,0.21021,1,1,4411259,4410770,489
312331421,49.5159,53.1029,483,24684,0.090084,0.95,1,4411313,4410830,483
312334341,37.8063,36.8412,487,24770,0.0360336,1,1,4411343,4410856,487
312337261,35.5225,36.3365,485,24856,0.0444134,0.73,1,4411377,4410892,485
312340181,70.009,89.5346,453,24941,0.0477654,0.45,1,4411470,4411017,453
312343101,80.8036,95.2138,442,25026,0.0851062,0.35,1,4411558,4411116,442
312346021,65.9214,77.6855,432,25111,0.0760425,0.15,1,4411614,4411182,432
312348941,49.7686,57.4742,427,25195,0.084417,0.17,1,4411653,4411226,427
312351861,38.5074,42.7897,425,25279,0.0877668,0.01,1,4411684,4411259,425
312354781,46.003,49.5159,422,25363,0.0531067,0,1,4411735,4411313,422
312357701,38.2012,37.8063,425,25447,0.0212427,0,1,4411768,4411343,425
312360621,34.4805,15.1225,457,25530,0.0384971,0.05,1,4411800,4411343,457
312363541,69.5922,26.449,516,25613,0.0573988,0.05,1,4411893,4411377,516
312366461,81.8369,66.3796,513,25696,0.0529595,0.11,1,4411983,4411470,513
312369381,65.7347,79.3518,480,25778,0.0511838,0.07,1,4412038,4411558,480
312372301,49.6939,65.3407,463,25860,0.0624735,0.09,1,4412077,4411614,463
312375221,37.8776,49.5363,454,25942,0.0669894,0.09,1,4412107,4411653,454
312381061,37.6204,45.9658,454,26105,0.0767183,0,1,4412189,4411735,454
312383981,36.0482,38.1863,456,26186,0.0486873,0.05,1,4412224,4411768,456
312386901,70.2193,34.4745,517,26267,0.0374749,0.07,1,4412317,4411800,517
312389821,80.8877,69.5898,512,26348,0.03299,0.05,1,4412405,4411893,512
312392741,65.9551,81.8359,478,26428,0.055196,0.05,1,4412461,4411983,478
312395661,50.382,65.7344,463,26508,0.0760784,0.07,1,4412501,4412038,463
312398581,38.1528,49.6937,454,26588,0.0964314,0.07,1,4412531,4412077,454
312407341,35.6578,37.6204,457,26826,0.0678516,0.03,1,4412646,4412189,457
312410261,70.0631,36.0482,515,26905,0.0451406,0.03,1,4412739,4412224,515
312413181,29.2252,70.2193,424,26984,0.0360563,0.03,1,4412741,4412317,424
312416101,63.8901,80.8877,423,27062,0.0804225,0.07,1,4412828,4412405,423
312419021,60.356,65.9551,425,27140,0.050169,0.09,1,4412886,4412461,425
312421941,48.7424,50.382,426,27218,0.0740676,0.11,1,4412927,4412501,426
312424861,38.097,38.1528,427,27296,0.071627,0.13,1,4412958,4412531,427
312427781,46.4388,45.8611,428,27374,0.0826508,0.13,1,4413010,4412582,428
312430701,34.1755,35.1444,426,27451,0.0990603,0.03,1,4413036,4412610,426
312442381,64.4461,63.8901,425,27759,0.218488,0.03,1,4413253,4412828,425
312445301,59.9784,60.356,424,27835,0.261395,0.09,1,4413310,4412886,424
312448221,48.5914,48.7424,424,27911,0.290558,0.07,1,4413351,4412927,424
312509541,35.1666,46.7408,473,29462,0.756283,0.51,2,4414343,4413870,473
312512461,35.6667,34.2963,483,29534,0.764513,0.53,2,4414379,4413896,483
312515381,73.6667,35.3185,546,29606,0.755805,0.61,2,4414478,4413932,546
312518301,30.6667,71.1274,453,29677,0.764322,0.61,2,4414480,4414027,453
312521221,69.8667,29.651,547,29748,0.767729,0.61,2,4414576,4414029,547
312524141,66.3467,69.4604,515,29819,0.781092,0.65,2,4414640,4414125,515
312527061,27.7387,64.3842,456,29890,0.786437,0.73,2,4414642,4414186,456
312529981,39.8955,53.3537,458,29961,0.788575,0.73,2,4414690,4414232,458
312532901,35.1582,40.5415,458,30032,0.76543,0.75,2,4414722,4414264,458
312535821,45.8633,47.4166,459,30102,0.804172,0.77,2,4414775,4414316,459
312538741,35.1453,35.1666,460,30172,0.795669,0.77,2,4414803,4414343,460
312541661,35.6581,35.6667,460,30242,0.828268,0.75,2,4414839,4414379,460
312544581,73.6633,73.6667,460,30312,0.877307,0.77,2,4414938,4414478,460
312547501,30.6653,30.6667,460,30382,0.872923,0.77,2,4414940,4414480,460
312675981,39.0305,37.8634,485,33309,0.89798,1,2,4417011,4416526,485
312678901,47.4122,42.7454,492,33372,0.893192,1,2,4417064,4416572,492
312684741,35.666,37.5593,487,33498,0.847311,0.98,2,4417130,4416643,487
312690581,35.8266,31.4495,499,33624,0.77037,1,2,4417200,4416701,499
312693501,32.3306,35.9798,490,33687,0.782148,1,2,4417230,4416740,490
312757741,34.0128,34.5524,479,35043,0.796447,0.55,2,4418132,4417653,479
312760661,68.8051,33.0209,539,35103,0.828579,0.61,2,4418224,4417685,539
312763581,46.122,66.0084,482,35163,0.841431,0.61,2,4418255,4417773,482
312766501,54.4488,45.0034,511,35223,0.870573,0.71,2,4418315,4417804,511
312769421,37.9795,52.2013,481,35283,0.870229,0.67,2,4418342,4417861,481
312772341,36.1918,37.0805,489,35343,0.882092,0.71,2,4418377,4417888,489
312775261,43.2767,34.6322,504,35403,0.898837,0.71,2,4418425,4417921,504
313222021,33.2472,42.9217,504,43591,0.842224,1,2,4424066,4423562,504
313224941,34.2989,32.1687,514,43639,0.79889,1,2,4424101,4423587,514
313292101,28.1112,29.3657,452,44737,0.759953,0.61,2,4424795,4424343,452
313295021,40.0445,39.9463,453,44784,0.789981,0.65,2,4424843,4424390,453
313297941,40.6178,39.9785,454,44831,0.765992,0.65,2,4424884,4424430,454
313300861,34.8471,35.1914,453,44878,0.780397,0.67,2,4424915,4424462,453
313303781,40.3388,39.2766,455,44925,0.786159,0.69,2,4424959,4424504,455
313306701,31.1355,30.1106,456,44972,0.776463,0.69,2,4424984,4424528,456
313309621,31.6542,31.2442,456,45019,0.820585,0.69,2,4425016,4424560,456
313312541,31.2617,29.8977,458,45066,0.814234,0.69,2,4425047,4424589,458
313315461,26.3047,26.3591,457,45113,0.823694,0.67,2,4425070,4424613,457
313318381,27.9219,27.3436,458,45160,0.815477,0.69,2,4425099,4424641,458
313321301,12.3687,12.1375,458,45207,0.812191,0.71,2,4425101,4424643,458
313324221,22.9475,24.655,455,45254,0.822876,0.73,2,4425131,4424676,455
313327141,30.779,30.862,456,45301,0.863151,0.75,2,4425167,4424711,456
313565121,124.589,132.061,500,22093,0.280681,0.83,1,4427855,4427355,500
313568041,84.6355,93.0243,491,22189,0.274272,0.55,1,4427913,4427422,491
313570961,74.6542,90.6097,470,22285,0.259709,0.43,1,4427981,4427511,470
313573881,68.2617,70.4439,477,22380,0.277884,0.43,1,4428045,4427568,477
313576801,52.5047,64.1776,459,22475,0.297153,0.33,1,4428087,4427628,459
313582641,73.8008,33.1884,522,22663,0.401545,0.27,1,4428202,4427680,522
313585561,79.9203,65.4754,519,22757,0.430618,0.21,1,4428286,4427767,519
313588481,67.3681,78.9901,490,22850,0.418247,0.27,1,4428345,4427855,490
313638121,67.7032,67.9554,448,24380,0.769608,0.55,2,4429374,4428926,448
313641041,54.0813,53.5822,449,24467,0.805843,0.57,2,4429419,4428970,449
313643961,27.6325,28.0329,448,24554,0.796337,0.63,2,4429429,4428981,448
313646881,79.453,76.6131,453,24640,0.888535,0.67,2,4429543,4429090,453
313769521,63.6963,72.8164,480,28025,0.8908,1,2,4431915,4431435,480
313772441,54.2785,50.1266,493,28101,0.78232,1,2,4431963,4431470,493
313781201,40.6258,42.6881,483,28326,0.410308,1,1,4432104,4431621,483
313789961,45.2001,62.612,504,28550,0.0668197,1,1,4432271,4431767,504
313792881,39.08,46.0448,504,28624,0.0567279,0.97,1,4432306,4431802,504
313795801,58.832,38.8179,542,28698,0.0226912,0.83,1,4432378,4431836,542
313798721,48.7328,62.9272,505,28772,0.0390765,0.71,1,4432420,4431915,505
313801641,53.0931,53.9709,513,28846,0.0336306,0.49,1,4432476,4431963,513
313804561,41.6372,61.7883,480,28919,0.0314522,0.43,1,4432510,4432030,480
313807481,35.8549,47.5153,474,28992,0.0305809,0.35,1,4432542,4432068,474
313810401,40.742,40.6061,482,29065,0.0302324,0.01,1,4432586,4432104,482
313813321,61.8968,52.2425,498,29138,0.0540929,0.09,1,4432662,4432164,498
313816241,43.9587,66.497,454,29211,0.0276372,0.03,1,4432694,4432240,454
313819161,37.9835,45.1988,457,29283,0.0530549,0.05,1,4432728,4432271,457
313822081,57.7934,39.0795,493,29355,0.0212219,0,1,4432799,4432306,493
313825001,48.3174,58.8318,463,29427,0.0264888,0.05,1,4432841,4432378,463
313827921,53.5269,48.7327,478,29499,0.0405955,0.03,1,4432898,4432420,478
313830841,43.0108,53.0931,458,29571,0.0462382,0.03,1,4432934,4432476,458
313833761,35.8043,41.6372,455,29643,0.0724953,0.03,1,4432965,4432510,455
313839601,62.8487,40.742,500,29785,0.0655992,0.07,1,4433086,4432586,500
313842521,26.3395,61.8968,426,29856,0.0442397,0.01,1,4433088,4432662,426
313845441,27.9358,43.9587,423,29927,0.0596959,0.07,1,4433117,4432694,423
313848361,32.7743,37.9835,425,29998,0.0418784,0,1,4433153,4432728,425
313851281,55.1097,57.7934,424,30069,0.0467513,0.03,1,4433223,4432799,424
313854201,48.4439,48.3174,426,30139,0.0367005,0.05,1,4433267,4432841,426
313857121,52.3776,53.5269,424,30209,0.0566802,0.05,1,4433322,4432898,424
313860041,43.751,43.0108,426,30279,0.0526721,0.09,1,4433360,4432934,426
313862961,37.9004,35.8043,429,30349,0.0870688,0.15,1,4433394,4432965,429
313868801,60.9041,62.8487,424,30489,0.094331,0.03,1,4433510,4433086,424
313880481,54.3639,55.1097,422,30765,0.0875189,0.03,1,4433645,4433223,422
313883401,48.7456,48.4439,423,30834,0.0650075,0.07,1,4433690,4433267,423
313886321,52.4982,52.3776,423,30903,0.080003,0.05,1,4433745,4433322,423
313889241,44.9993,43.751,425,30971,0.0980012,0.11,1,4433785,4433360,425
313892161,39.5997,37.9004,427,31039,0.0932005,0.11,1,4433821,4433394,427
313903841,27.6682,27.0247,428,31311,0.224866,0.13,1,4433968,4433540,428
313906761,31.4673,10.8099,462,31379,0.215946,0.11,1,4434002,4433540,462
313909681,52.7869,25.9239,493,31446,0.200379,0.07,1,4434069,4433576,493
313924281,42.7105,39.5333,468,31781,0.235111,0.15,1,4434289,4433821,468
313927201,63.8842,40.4133,505,31848,0.268044,0.17,1,4434367,4433862,505
313930121,26.7537,61.1653,432,31914,0.281218,0.21,1,4434369,4433937,432
313933041,28.7015,25.6661,460,31980,0.298487,0.25,1,4434399,4433939,460
313956401,65.8692,42.7105,513,32505,0.411394,0.29,1,4434802,4434289,513
313959321,27.5477,63.8842,437,32570,0.422558,0.29,1,4434804,4434367,437
313962241,29.6191,26.7537,466,32635,0.427023,0.31,1,4434835,4434369,466
313965161,33.4476,28.7015,472,32700,0.440809,0.33,1,4434871,4434399,472
313968081,52.9791,31.8806,504,32765,0.446324,0.35,1,4434937,4434433,504
314008961,48.5105,47.0227,448,33657,0.758449,0.53,2,4435484,4435036,448
314011881,43.4042,42.8091,448,33720,0.76538,0.59,2,4435524,4435076,448
314014801,40.1617,39.3236,449,33783,0.804152,0.57,2,4435562,4435113,449
314017721,46.0647,45.1295,450,33846,0.795661,0.63,2,4435612,4435162,450
314020641,68.8259,67.8518,451,33908,0.840264,0.63,2,4435696,4435245,451
314023561,28.7303,28.3407,451,33970,0.870106,0.59,2,4435698,4435247,451
314026481,30.6921,30.5363,451,34032,0.894042,0.63,2,4435730,4435279,451
314192921,54.2196,59.6154,522,37408,0.83272,1,2,4438102,4437580,522
314195841,39.6878,43.6461,519,37464,0.807088,1,2,4438132,4437613,519
314198761,38.0751,37.2585,523,37520,0.772835,1,2,4438169,4437646,523
314268841,36.0429,37.9758,448,38849,0.761657,0.53,2,4439039,4438591,448
314271761,34.8172,34.3903,450,38903,0.754663,0.55,2,4439073,4438623,450
314274681,45.7269,44.9561,451,38957,0.811865,0.57,2,4439126,4438675,451
314277601,29.0907,29.3824,450,39011,0.810746,0.57,2,4439144,4438694,450
314280521,32.6363,31.553,452,39065,0.798298,0.63,2,4439179,4438727,452
314283441,38.8545,37.8212,453,39119,0.829319,0.69,2,4439222,4438769,453
314286361,38.3418,36.7285,455,39173,0.829728,0.65,2,4439260,4438805,455
314289281,38.7367,38.6914,454,39227,0.841891,0.65,2,4439299,4438845,454
314292201,35.8947,35.8766,454,39281,0.894756,0.65,2,4439333,4438879,454
314619241,35.3041,31.0302,492,44899,0.872544,1,2,4443225,4442733,492
314622161,33.9216,36.4121,485,44946,0.787018,1,2,4443258,4442773,485
314625081,32.1687,32.5648,486,44993,0.764807,1,2,4443289,4442803,486
314657201,33.0105,36.1505,471,45507,0.754666,0.93,2,4443627,4443156,471
314660121,31.8042,34.2602,469,45553,0.763866,0.83,2,4443658,4443189,469
314663041,32.5217,35.3041,466,45599,0.767547,0.73,2,4443691,4443225,466
314665961,31.6087,33.9216,464,45645,0.793019,0.75,2,4443722,4443258,464
314668881,28.2435,32.1687,459,45691,0.803207,0.73,2,4443748,4443289,459
314671801,32.2974,36.2675,455,45737,0.807283,0.75,2,4443783,4443328,455
314674721,35.119,36.707,455,45783,0.784913,0.57,2,4443820,4443365,455
314677641,25.4476,27.8828,452,45829,0.811965,0.59,2,4443839,4443387,452
314680561,25.179,28.5531,448,45875,0.810786,0.49,2,4443864,4443416,448
314683481,29.8716,26.4212,456,45921,0.798314,0.49,2,4443897,4443441,456
314686401,34.1486,10.5685,493,45967,0.781326,0.71,2,4443934,4443441,493
314689321,30.4595,27.0274,483,46013,0.82253,0.57,2,4443962,4443479,483
314692241,22.9838,28.811,471,46059,0.863012,0.71,2,4443980,4443509,471
314695161,28.3935,20.5244,488,46105,0.867205,0.73,2,4444012,4443524,488
314698081,34.7574,27.4098,495,46151,0.892882,0.75,2,4444051,4443556,495
314701001,34.903,34.3639,491,46197,0.891153,0.77,2,4444086,4443595,491
314709761,30.6738,32.5113,488,46335,0.896794,0.81,2,4444179,4443691,488
314712681,28.4695,31.6045,484,46381,0.880717,0.81,2,4444206,4443722,484
314892261,320.647,360.692,479,21900,0.43,0.65,1,4446508,4446029,479
314934601,197.259,229.477,452,21900,0.214,0.55,1,4446623,4446171,452
314940441,92.0414,88.5563,479,22817,0.08344,0.07,1,4446758,4446279,479
314943361,65.0166,82.2225,448,22910,0.087376,0.05,1,4446805,4446357,448
314946281,57.8066,62.289,452,23003,0.0649504,0.01,1,4446858,4446406,452
314949201,46.5226,58.5156,435,23095,0.0559802,0.03,1,4446897,4446462,435
314952121,39.0091,41.4062,439,23187,0.0223921,0.03,1,4446931,4446492,439
314955041,57.6036,58.5625,439,23278,0.0149568,0.07,1,4447001,4446562,439
314957961,83.6415,60.025,479,23369,0.0119827,0.03,1,4447102,4446623,479
314960881,81.4566,58.21,502,23460,0.0467931,0.07,1,4447182,4446680,502
314963801,58.9826,70.084,468,23550,0.0727172,0.09,1,4447226,4446758,468
314966721,57.1931,56.2336,477,23640,0.0350869,0.05,1,4447282,4446805,477
314969641,45.0772,54.2934,461,23730,0.0560348,0.05,1,4447319,4446858,461
314972561,38.4309,45.1174,456,23819,0.0524139,0,1,4447353,4446897,456
314993001,44.8201,45.0749,423,24435,0.0418336,0.05,1,4447742,4447319,423
314995921,38.928,38.43,424,24522,0.0227334,0.17,1,4447777,4447353,424
314998841,59.9712,57.372,428,24608,0.0630934,0.13,1,4447851,4447423,428
315001761,25.1885,24.1488,428,24694,0.0792373,0.17,1,4447853,4447425,428
315013441,50.5552,55.0502,422,25036,0.202044,0,1,4448126,4447704,422
315028041,72.7558,70.6754,429,25457,0.0976177,0.19,1,4448383,4447954,429
315030961,77.1023,28.2702,509,25540,0.0810471,0.17,1,4448463,4447954,509
315045561,60.9585,38.3746,503,25952,0.208219,0.11,1,4448703,4448200,503
315048481,25.5834,61.5498,428,26034,0.233287,0.15,1,4448705,4448277,428
315051401,71.4334,25.8199,528,26115,0.279315,0.07,1,4448807,4448279,528
315063081,42.4847,50.9746,464,26438,0.439198,0.15,1,4449019,4448555,464
315101041,76.935,73.726,454,27461,0.759919,0.73,2,4449697,4449243,454
315103961,82.974,79.2904,458,27538,0.849968,0.73,2,4449784,4449326,458
315106881,63.7896,62.3162,458,27615,0.873987,0.73,2,4449835,4449377,458
315109801,26.7158,26.1265,458,27692,0.883595,0.73,2,4449837,4449379,458
315112721,40.0863,39.2506,459,27768,0.899438,0.73,2,4449886,4449427,459
315115641,37.6345,37.9002,458,27844,0.881775,0.71,2,4449922,4449464,458
315130241,86.2727,82.974,465,28222,0.897058,0.89,2,4450249,4449784,465
315133161,64.5091,63.7896,464,28297,0.892823,0.89,2,4450299,4449835,464
315136081,27.0036,26.7158,464,28372,0.891129,0.89,2,4450301,4449837,464
315235361,45.1872,38.8093,507,30806,0.895277,1,2,4451989,4451482,507
315247041,42.0048,43.8767,481,31080,0.239639,0.95,1,4452230,4451749,481
315261641,49.898,24.288,541,31419,0.0950267,0.89,1,4452417,4451876,541
315264561,39.1592,55.9152,496,31486,0.0680107,0.87,1,4452449,4451953,496
315267481,57.6637,43.9661,530,31553,0.0572043,0.55,1,4452519,4451989,530
315270401,72.2655,65.5864,532,31620,0.0528817,0.35,1,4452601,4452069,532
315273321,47.5062,80.8346,472,31687,0.0991527,0.25,1,4452632,4452160,472
315276241,36.4025,53.9338,465,31754,0.0816611,0.17,1,4452661,4452196,465
315285001,32.2338,38.2758,455,31953,0.212346,0.13,1,4452761,4452306,455
315287921,18.8935,32.1103,437,32019,0.210939,0.17,1,4452771,4452334,437
315290841,48.3574,21.2441,491,32085,0.222375,0.05,1,4452839,4452348,491
315293761,39.143,49.8976,455,32151,0.22695,0.05,1,4452872,4452417,455
315296681,57.0572,39.1591,492,32217,0.24078,0.05,1,4452941,4452449,492
315299601,74.4229,57.6636,508,32283,0.258312,0.05,1,4453027,4452519,508
315302521,48.9691,72.2654,458,32349,0.289325,0.13,1,4453059,4452601,458
315311281,36.662,34.961,465,32544,0.400837,0.17,1,4453160,4452695,465
315314201,33.8648,35.5844,461,32609,0.442335,0.25,1,4453192,4452731,461
315407641,38.1597,38.0062,493,34624,0.755044,0.67,2,4454507,4454014,493
315410561,35.6639,38.6025,488,34685,0.764017,0.67,2,4454541,4454053,488
315413481,20.2656,35.841,464,34746,0.767607,0.69,2,4454551,4454087,464
315416401,51.9062,20.9364,526,34807,0.817043,0.65,2,4454624,4454098,526
315419321,21.9625,53.3746,453,34868,0.836817,0.65,2,4454626,4454173,453
315422241,27.985,22.5498,483,34929,0.856727,0.67,2,4454658,4454175,483
315533201,52.6906,55.1129,478,37158,0.835541,1,2,4456253,4455775,478
315536121,46.8762,22.0452,521,37215,0.760216,1,2,4456296,4455775,521
315559481,25.9965,31.1412,495,37667,0.276997,0.97,1,4456564,4456069,495
315562401,45.7986,28.6565,527,37723,0.296799,0.95,1,4456623,4456096,527
315565321,34.5194,48.0626,493,37779,0.29272,0.87,1,4456650,4456157,493
315568241,49.8078,40.225,518,37835,0.291088,0.79,1,4456710,4456192,518
315571161,43.3231,52.69,496,37891,0.266435,0.71,1,4456749,4456253,496
315574081,34.7292,46.876,482,37947,0.280574,0.65,1,4456778,4456296,482
315588681,48.1454,31.9459,500,38225,0.419657,0.31,1,4456963,4456463,500
315591601,25.8582,49.9784,449,38280,0.449863,0.35,1,4456974,4456525,449
315594521,24.7433,28.9913,458,38335,0.437945,0.23,1,4456998,4456540,458
315638321,35.1569,34.1989,447,39153,0.769638,0.59,2,4457532,4457085,447
315641241,52.4627,49.6796,451,39207,0.757855,0.63,2,4457596,4457145,451
315644161,44.3851,42.0718,453,39261,0.765142,0.61,2,4457635,4457182,453
315647081,36.354,34.8287,454,39315,0.780057,0.61,2,4457666,4457212,454
315650001,15.7416,15.1315,454,39369,0.762023,0.69,2,4457668,4457214,454
315652921,27.8966,26.4526,456,39423,0.802809,0.69,2,4457704,4457248,456
315655841,32.1587,31.581,456,39477,0.831124,0.73,2,4457739,4457283,456
315658761,33.2635,33.0324,456,39530,0.890449,0.73,2,4457773,4457317,456
315664601,49.4822,49.5652,457,39636,0.882872,0.71,2,4457864,4457407,457
315667521,25.7929,25.8261,457,39689,0.887149,0.73,2,4457874,4457417,457
315670441,25.3171,24.7304,458,39742,0.88886,0.75,2,4457899,4457441,458
315673361,49.7269,48.8922,459,39795,0.865544,0.79,2,4457965,4457506,459
315676281,36.0907,35.1569,460,39848,0.868218,0.75,2,4457992,4457532,460
315679201,52.2363,52.4627,459,39901,0.833287,0.77,2,4458055,4457596,459
315682121,43.6945,44.3851,458,39954,0.843315,0.79,2,4458093,4457635,458
315685041,37.2778,36.354,460,40007,0.871326,0.75,2,4458126,4457666,460
315687961,16.1111,15.7416,460,40060,0.88253,0.75,2,4458128,4457668,460
315690881,29.2444,6.29665,498,40113,0.875012,0.83,2,4458166,4457668,498
315693801,33.8978,24.1187,499,40166,0.884005,0.85,2,4458203,4457704,499
315696721,34.5591,30.6475,499,40219,0.875602,0.93,2,4458238,4457739,499
315699641,30.6236,32.659,493,40271,0.872241,0.91,2,4458266,4457773,493
315702561,50.0495,30.4636,527,40323,0.882896,0.87,2,4458329,4457802,527
315705481,26.6198,49.3854,476,40375,0.875159,0.89,2,4458340,4457864,476
315708401,25.0479,25.7542,490,40427,0.872063,0.89,2,4458364,4457874,490
315711321,48.4192,25.3017,529,40479,0.882825,0.85,2,4458428,4457899,529
315714241,34.9677,49.7207,489,40531,0.89913,0.87,2,4458454,4457965,489
315869001,79.6518,98.3202,479,19533,0.0810976,0.83,1,4460612,4460133,479
315871921,50.4607,58.5281,478,19642,0.032439,0.85,1,4460643,4460165,478
315874841,65.7843,37.2112,531,19750,0.0429756,0.57,1,4460719,4460188,531
315877761,66.5137,62.2845,519,19857,0.0591903,0.51,1,4460786,4460267,519
315889441,47.8163,76.5321,452,20281,0.0984273,0,1,4461064,4460612,452
315892361,64.7265,49.2128,497,20386,0.0573709,0.05,1,4461140,4460643,497
315904041,71.4058,80.5702,494,20799,0.228557,0.09,1,4461459,4460965,494
315906961,44.1623,73.0281,452,20901,0.217423,0.09,1,4461485,4461033,452
315909881,63.8649,47.8112,498,21002,0.224969,0.03,1,4461562,4461064,498
315912801,26.746,64.7245,424,21103,0.227988,0.17,1,4461564,4461140,424
315915721,57.4984,69.0898,430,21204,0.253195,0.21,1,4461642,4461212,430
315918641,89.5994,93.0359,432,21304,0.275278,0.21,1,4461753,4461321,432
315944921,71.3699,70.8559,438,22184,0.404439,0.37,1,4462329,4461891,438
315947841,44.148,43.9424,438,22280,0.431776,0.37,1,4462355,4461917,438
315979961,93.3437,57.8237,559,23305,0.812113,0.51,2,4463075,4462516,559
315982881,85.9375,90.9295,527,23396,0.858845,0.57,2,4463156,4462629,527
316111361,52.8848,63.6052,481,27097,0.85528,1,2,4465711,4465230,481
316114281,51.1539,47.0421,495,27175,0.768112,1,2,4465761,4465266,495
316120121,95.7846,105.087,479,27331,0.289698,1,1,4465928,4465449,479
316125961,45.4455,46.8139,484,27485,0.0595517,0.9,1,4466004,4465520,484
316128881,48.1782,55.3256,473,27562,0.0418207,0.97,1,4466054,4465581,473
316131801,45.0713,42.5302,482,27639,0.0227283,1,1,4466097,4465615,482
316134721,29.4285,36.2121,469,27716,0.0390913,0.77,1,4466116,4465647,469
316137641,44.1714,52.8848,459,27792,0.0216365,0.71,1,4466170,4465711,459
316140561,42.8686,51.1539,451,27868,0.0506546,0.57,1,4466212,4465761,451
316143481,36.3474,41.4616,448,27944,0.0622618,0.05,1,4466244,4465796,448
316146401,78.739,95.7846,423,28020,0.0789047,0.03,1,4466351,4465928,423
316149321,56.6956,64.1139,422,28096,0.0735619,0.01,1,4466393,4465971,422
316152241,43.0782,45.4455,423,28171,0.0474248,0.03,1,4466427,4466004,423
316155161,46.6313,48.1782,422,28246,0.0489699,0.01,1,4466476,4466054,422
316158081,45.6525,45.0713,424,28321,0.037588,0.05,1,4466521,4466097,424
316161001,29.061,29.4285,423,28396,0.0570352,0.05,1,4466539,4466116,423
316166841,43.5298,37.1086,465,28545,0.0631256,0.07,1,4466635,4466170,465
316169761,37.2119,40.0434,456,28619,0.0792502,0.07,1,4466668,4466212,456
316181441,46.1638,43.0059,470,28914,0.0675488,0.05,1,4466897,4466427,470
316184361,46.0655,46.6024,467,28987,0.0570195,0.03,1,4466943,4466476,467
316187281,29.8262,45.6409,441,29060,0.0768078,0.07,1,4466962,4466521,441
316198961,81.6388,37.2116,536,29350,0.213598,0.15,1,4467204,4466668,536
316201881,55.4555,79.6846,466,29422,0.223439,0.11,1,4467242,4466776,466
316204801,41.9822,55.2739,460,29494,0.215376,0.13,1,4467275,4466815,460
316210641,45.8372,46.1638,469,29638,0.0788601,0.05,1,4467366,4466897,469
316213561,30.9349,46.0655,444,29709,0.073544,0.09,1,4467387,4466943,444
316216481,46.5739,29.8262,482,29780,0.0834176,0.13,1,4467444,4466962,482
316219401,19.8296,43.7305,431,29851,0.0873671,0.19,1,4467446,4467015,431
316228161,80.3011,81.6388,433,30064,0.219431,0.23,1,4467637,4467204,433
316231081,54.9204,55.4555,433,30134,0.225773,0.21,1,4467675,4467242,433
316234001,41.1682,41.9822,432,30204,0.252309,0.11,1,4467707,4467275,432
316236921,39.2673,42.5929,427,30274,0.250924,0.03,1,4467745,4467318,427
316239841,42.7069,45.8372,424,30344,0.262369,0.07,1,4467790,4467366,424
316242761,30.2828,30.9349,425,30414,0.242948,0.09,1,4467812,4467387,425
316245681,46.9131,46.5739,426,30484,0.235179,0.09,1,4467870,4467444,426
316248601,19.9652,19.8296,426,30553,0.232072,0.19,1,4467872,4467446,426
316251521,37.9861,36.1318,429,30622,0.242829,0.19,1,4467922,4467493,429
316254441,35.5944,34.2527,430,30691,0.247131,0.25,1,4467956,4467526,430
316257361,82.0378,80.3011,432,30760,0.284853,0.23,1,4468069,4467637,432
316260281,56.2151,54.9204,433,30829,0.299941,0.27,1,4468108,4467675,433
316286561,83.5006,26.4778,547,31441,0.438944,0.31,1,4468503,4467956,547
316315761,89.0218,34.7506,562,32107,0.781547,0.51,2,4468949,4468387,562
316318681,59.6087,83.5003,486,32173,0.834619,0.53,2,4468989,4468503,486
316321601,43.6435,56.8001,480,32239,0.855847,0.53,2,4469022,4468542,480
316324521,42.0574,41.92,489,32305,0.852339,0.55,2,4469063,4468574,489
316327441,43.823,40.768,494,32370,0.862936,0.59,2,4469108,4468614,494
316330361,30.7292,42.7072,472,32435,0.867174,0.59,2,4469130,4468658,472
316333281,47.6917,30.2829,509,32500,0.85687,0.61,2,4469189,4468680,509
316336201,20.2767,46.9132,453,32565,0.852748,0.61,2,4469191,4468738,453
316339121,38.7107,19.9653,502,32630,0.863099,0.65,2,4469242,4468740,502
316342041,38.8843,37.3861,492,32695,0.87924,0.71,2,4469281,4468789,492
316485121,34.6698,34.2706,515,35725,0.882544,1,2,4471414,4470899,515
316488041,34.2679,36.5082,511,35784,0.827018,1,2,4471448,4470937,511
316502641,36.7157,37.9233,492,36079,0.429899,1,1,4471627,4471135,492
316511401,47.4698,53.0911,477,36254,0.283114,0.9,1,4471794,4471317,477
316514321,33.3879,37.4364,474,36312,0.263245,0.99,1,4471818,4471344,474
316517241,34.3552,37.1746,472,36370,0.255298,0.83,1,4471853,4471381,472
316520161,29.9421,34.6698,466,36428,0.204119,0.79,1,4471880,4471414,466
316523081,27.5768,34.2679,458,36486,0.207648,0.69,1,4471906,4471448,458
316526001,29.0307,34.7072,453,36544,0.221059,0.73,1,4471936,4471483,453
316528921,31.4123,33.6829,453,36602,0.202424,0.65,1,4471969,4471516,453
316555201,28.7725,29.9421,430,37118,0.209529,0.21,1,4472310,4471880,430
316563961,31.5534,22.4123,463,37289,0.21525,0.19,1,4472399,4471936,463
316566881,28.8214,28.7649,457,37346,0.2601,0.19,1,4472426,4471969,457
316581481,45.4843,74.2722,454,37627,0.409636,0.19,1,4472656,4472202,454
316584401,30.1937,45.3089,448,37683,0.433854,0.15,1,4472676,4472228,448
316648641,30.9036,30.7364,451,38898,0.754387,0.63,2,4473415,4472964,451
316651561,78.3614,77.0946,453,38952,0.811755,0.63,2,4473525,4473072,453
316654481,46.9446,46.4378,453,39006,0.822702,0.61,2,4473551,4473098,453
316657401,30.7778,31.1751,452,39060,0.875081,0.61,2,4473571,4473119,452
316663241,33.7245,31.988,455,39168,0.873213,0.65,2,4473643,4473188,455
316666161,28.4898,27.7952,455,39222,0.883285,0.67,2,4473668,4473213,455
316669081,31.7959,31.5181,455,39276,0.875314,0.67,2,4473702,4473247,455
316672001,13.9184,13.8072,455,39330,0.872126,0.71,2,4473704,4473249,455
316674921,26.5673,25.9229,456,39384,0.88285,0.69,2,4473739,4473283,456
316677841,28.6269,28.3692,456,39438,0.88714,0.71,2,4473769,4473313,456
316835521,23.0592,26.5789,493,42230,0.872544,1,2,4475711,4475218,493
316838441,30.8237,30.4315,496,42280,0.811018,1,2,4475747,4475251,496
316858881,31.279,29.8107,484,42630,0.262528,1,1,4476013,4475529,484
316861801,31.7116,34.1243,479,42680,0.207011,1,1,4476045,4475566,479
316870561,29.7015,36.12,467,42827,0.0504487,0.9,1,4476136,4475669,467
316873481,22.6806,27.648,463,42876,0.0261795,0.85,1,4476154,4475691,463
316876401,19.2722,23.0592,460,42925,0.0284718,0.77,1,4476171,4475711,460
316879321,26.3089,30.8237,455,42974,0.0653887,0.63,1,4476202,4475747,455
316882241,28.5236,32.1295,452,43023,0.0801555,0.63,1,4476232,4475780,452
316885161,27.0094,12.8518,478,43072,0.0740622,0.65,1,4476258,4475780,478
316902681,30.4781,31.2,460,43366,0.219635,0.17,1,4476473,4476013,460
316905601,23.5912,31.68,447,43415,0.261854,0.15,1,4476492,4476045,447
316908521,33.4365,25.872,465,43464,0.278742,0.07,1,4476532,4476067,465
316911441,28.3746,36.7488,446,43513,0.285497,0.01,1,4476557,4476111,446
316931881,42.9037,60.0038,457,43849,0.405821,0.21,1,4476797,4476340,457
316934801,28.5615,40.8015,448,43897,0.420328,0.21,1,4476816,4476368,448
316937721,27.0246,27.7206,455,43945,0.438131,0.17,1,4476842,4476387,455
316952321,30.2902,33.4365,461,44185,0.444906,0.29,1,4476993,4476532,461
317007801,29.5534,28.913,447,45083,0.755763,0.51,2,4477539,4477092,447
317010721,27.4213,27.1652,447,45130,0.776305,0.51,2,4477565,4477118,447
317013641,12.1685,12.0661,447,45177,0.796522,0.51,2,4477567,4477120,447
317016561,58.2674,58.2264,447,45224,0.768609,0.51,2,4477656,4477209,447
317019481,41.907,41.2906,448,45271,0.805444,0.55,2,4477687,4477239,448
317022401,30.5628,29.1162,450,45318,0.808177,0.61,2,4477710,4477260,450
317025321,27.8251,27.2465,450,45365,0.845271,0.57,2,4477736,4477286,450
317028241,29.73,28.8986,451,45411,0.848108,0.63,2,4477767,4477316,451
317031161,32.292,31.9594,451,45457,0.849243,0.59,2,4477801,4477350,451
317034081,24.9168,24.7838,451,45503,0.837697,0.59,2,4477821,4477370,451
317037001,34.5667,33.9135,452,45549,0.845079,0.63,2,4477862,4477410,452
317039921,31.8267,30.3654,454,45595,0.872032,0.69,2,4477892,4477438,454
317042841,25.3307,24.1462,455,45641,0.870813,0.67,2,4477913,4477458,455
317045761,21.5323,20.4585,456,45687,0.858325,0.73,2,4477932,4477476,456
317048681,29.0129,27.3834,458,45733,0.80533,0.79,2,4477966,4477508,458
317051601,30.8052,29.5534,459,45779,0.784132,0.79,2,4477998,4477539,459
317054521,28.5221,27.4213,460,45825,0.787653,0.81,2,4478025,4477565,460
317057441,12.6088,12.1685,460,45871,0.789061,0.75,2,4478027,4477567,460
317060361,58.4435,58.2674,460,45917,0.813624,0.75,2,4478116,4477656,460
317063281,41.9774,23.307,491,45963,0.81145,0.83,2,4478147,4477656,491
317066201,31.191,27.9228,484,46009,0.81058,0.81,2,4478171,4477687,484
317069121,28.6764,24.9691,488,46055,0.834232,0.87,2,4478198,4477710,488
317072041,29.4706,25.5876,492,46101,0.843693,0.85,2,4478228,4477736,492
317074961,32.7882,28.8351,496,46147,0.859477,0.85,2,4478263,4477767,496
317077881,25.1153,31.934,482,46193,0.865791,0.83,2,4478283,4477801,482
317080801,35.2461,24.7736,504,46239,0.868316,0.85,2,4478325,4477821,504
317083721,32.0984,34.5094,493,46285,0.893327,0.89,2,4478355,4477862,493
317314401,164.981,176.258,481,22724,0.22274,0.37,1,4480814,4480333,481
317323161,80.8548,87.5045,453,23003,0.0492953,0.01,1,4481016,4480563,453
317326081,56.3419,65.0018,443,23095,0.0617181,0.01,1,4481056,4480613,443
317329001,72.9368,71.6007,451,23187,0.0546873,0.11,1,4481140,4480689,451
317331921,35.7747,45.4403,434,23278,0.0878749,0.11,1,4481151,4480717,434
317358201,56.5753,65.7309,425,24085,0.210615,0.15,1,4481662,4481237,425
317361121,58.6301,59.8924,429,24173,0.210246,0.19,1,4481722,4481293,429
317364041,63.652,62.3569,432,24261,0.234098,0.13,1,4481789,4481357,432
317366961,70.4608,73.5428,426,24348,0.231639,0.15,1,4481864,4481438,426
317369881,54.5843,55.2171,427,24435,0.206656,0.13,1,4481908,4481481,427
317381561,57.7782,56.5752,431,24780,0.238426,0.21,1,4482093,4481662,431
317384481,59.7113,58.6301,432,24866,0.281371,0.25,1,4482154,4481722,432
317396161,73.6774,74.0337,431,25205,0.432915,0.19,1,4482426,4481995,431
317437041,73.5632,64.9412,526,26358,0.756128,0.57,2,4483184,4482658,526
317439961,55.8253,72.1765,493,26438,0.788451,0.57,2,4483228,4482735,493
317442881,77.5301,55.2706,541,26518,0.84938,0.59,2,4483320,4482779,541
317445801,37.012,76.7082,460,26598,0.873752,0.59,2,4483330,4482870,460
317448721,16.0048,36.6833,452,26678,0.883501,0.59,2,4483332,4482880,452
317451641,62.8019,15.8733,544,26757,0.8994,0.63,2,4483426,4482882,544
317585961,42.4532,43.1572,491,30181,0.879933,1,2,4485812,4485321,491
317588881,35.5813,42.4629,480,30251,0.873973,1,2,4485843,4485363,480
317591801,69.4325,71.5851,481,30321,0.847589,1,2,4485935,4485454,481
317623921,50.8851,54.173,454,31080,0.757027,0.65,2,4486433,4485979,454
317626841,46.154,49.2692,451,31148,0.800811,0.63,2,4486476,4486025,451
317629761,47.2616,47.3077,453,31216,0.818324,0.57,2,4486524,4486071,453
317632681,41.7046,39.9231,456,31284,0.81333,0.57,2,4486562,4486106,456
317635601,55.0819,15.9692,520,31352,0.823332,0.63,2,4486626,4486106,520
317638521,41.2327,45.9877,486,31419,0.839333,0.65,2,4486658,4486172,486
317641441,35.0931,38.1951,484,31486,0.857733,0.67,2,4486689,4486205,484
317644361,38.0372,34.478,492,31553,0.865093,0.67,2,4486729,4486237,492
317647281,33.8149,36.5912,485,31620,0.880037,0.73,2,4486760,4486275,485
317650201,66.326,32.0365,544,31687,0.886015,0.71,2,4486848,4486304,544
317886721,35.5169,40.1312,493,36701,0.79192,1,2,4490351,4489858,493
317895481,52.2891,41.7604,503,36873,0.428203,1,1,4490488,4489985,503
317901321,43.1663,43.0417,486,36987,0.213712,1,1,4490570,4490084,486
317907161,38.2266,28.0067,506,37101,0.064194,1,1,4490645,4490139,506
317910081,29.0906,31.0027,496,37158,0.0556776,1,1,4490668,4490172,496
317913001,25.4363,12.4011,519,37215,0.052271,0.95,1,4490691,4490172,519
317915921,46.1745,27.7604,541,37272,0.0389084,0.99,1,4490751,4490210,541
317918841,37.6698,55.5042,499,37329,0.0515634,0.87,1,4490783,4490284,499
317921761,26.4679,45.6017,479,37386,0.0506253,0.71,1,4490802,4490323,479
317924681,33.3872,35.0407,489,37443,0.0622501,0.57,1,4490840,4490351,489
317927601,34.9549,35.6163,489,37499,0.0249001,0.47,1,4490876,4490387,489
317930521,43.9819,37.6465,500,37555,0.02796,0.35,1,4490926,4490426,500
317933441,38.5928,52.2586,473,37611,0.053184,0.23,1,4490961,4490488,473
317942201,36.7899,40.0646,460,37779,0.0509238,0.03,1,4491068,4490608,460
317945121,27.916,38.2258,445,37835,0.0863695,0.05,1,4491090,4490645,445
317948041,24.9664,29.0903,445,37891,0.0645478,0.05,1,4491113,4490668,445
317950961,46.5866,25.4361,483,37947,0.0438191,0.03,1,4491174,4490691,483
317953881,38.4346,46.1745,456,38003,0.0595277,0.06,1,4491207,4490751,456
317956801,25.5738,37.6698,441,38059,0.0778111,0.05,1,4491224,4490783,441
317959721,34.2295,26.4679,462,38115,0.0971244,0.07,1,4491264,4490802,462
317962641,33.4918,33.3872,457,38170,0.0688498,0,1,4491297,4490840,457
317965561,43.9967,34.9549,472,38225,0.0935399,0.03,1,4491348,4490876,472
317968481,38.5987,43.9819,457,38280,0.067416,0.07,1,4491383,4490926,457
317971401,39.4395,38.5928,462,38335,0.0449664,0.17,1,4491423,4490961,462
317974321,33.7758,36.4371,457,38390,0.0479866,0.13,1,4491453,4490996,457
317977241,35.7103,34.9748,460,38445,0.0191946,0,1,4491490,4491030,460
317980161,27.4841,36.7899,444,38500,0.0376778,0.11,1,4491512,4491068,444
317983081,24.1937,27.916,444,38555,0.0330711,0.05,1,4491534,4491090,444
317986001,48.0775,24.9664,485,38610,0.0432285,0.03,1,4491598,4491113,485
317988921,20.431,46.5866,426,38665,0.0472914,0.07,1,4491600,4491174,426
317991841,27.3724,38.4346,425,38720,0.0729166,0.09,1,4491632,4491207,425
317994761,20.549,25.5738,424,38775,0.0951666,0.11,1,4491648,4491224,424
317997681,34.6196,34.2295,428,38829,0.0800667,0.05,1,4491692,4491264,428
318000601,31.2478,33.4918,424,38883,0.0620267,0.11,1,4491721,4491297,424
318003521,44.8991,43.9967,427,38937,0.0428107,0.05,1,4491775,4491348,427
318006441,37.1597,38.5987,424,38991,0.0351243,0.03,1,4491807,4491383,424
318009361,38.2639,39.4395,423,39045,0.0560497,0.05,1,4491846,4491423,423
318012281,33.9055,33.7758,424,39099,0.0884199,0,1,4491877,4491453,424
318018121,27.0249,27.4841,422,39207,0.0465472,0.03,1,4491934,4491512,422
318021041,24.61,24.1937,423,39261,0.0486189,0.05,1,4491957,4491534,423
318023961,48.844,48.0775,424,39315,0.0494475,0.05,1,4492022,4491598,424
318026881,20.7376,20.431,424,39369,0.049779,0.09,1,4492024,4491600,424
318029801,28.095,27.3724,425,39423,0.0619116,0.11,1,4492057,4491632,425
318032721,20.838,20.549,425,39477,0.0547646,0.07,1,4492073,4491648,425
318035641,33.5352,34.6196,423,39530,0.0759059,0.05,1,4492115,4491692,423
318038561,30.2141,31.2478,422,39583,0.0963623,0.03,1,4492143,4491721,422
318050241,34.2535,33.9055,425,39795,0.219379,0.11,1,4492302,4491877,425
318053161,34.1014,34.5622,424,39848,0.261752,0.01,1,4492336,4491912,424
318056081,25.6406,27.0249,422,39901,0.278701,0.05,1,4492356,4491934,422
318059001,24.0562,24.61,422,39954,0.29748,0.05,1,4492379,4491957,422
318061921,48.6225,48.844,422,40007,0.280992,0.05,1,4492444,4492022,422
318064841,20.649,20.7376,422,40060,0.274397,0.05,1,4492446,4492024,422
318067761,28.0596,8.29504,455,40113,0.259759,0.07,1,4492479,4492024,455
318070681,21.4238,23.118,439,40166,0.241903,0.05,1,4492496,4492057,439
318073601,34.3695,18.8472,466,40219,0.258761,0.09,1,4492539,4492073,466
318076521,30.5478,32.7389,452,40271,0.265505,0.11,1,4492567,4492115,452
318091121,36.9867,34.2453,469,40531,0.40278,0.29,1,4492771,4492302,469
318094041,26.7947,34.0981,455,40583,0.431112,0.29,1,4492791,4492336,455
318096961,23.9179,25.6393,457,40635,0.442445,0.31,1,4492813,4492356,457
318143681,29.0132,20.1469,481,41458,0.763958,0.54,2,4493359,4492878,481
318146601,23.0053,28.4587,466,41509,0.803583,0.57,2,4493378,4492912,466
318149521,10.4021,21.5835,451,41560,0.819433,0.61,2,4493380,4492929,451
318152441,31.7608,35.0334,453,41611,0.837773,0.63,2,4493426,4492973,453
318155361,30.1043,30.8134,454,41662,0.857109,0.65,2,4493455,4493001,454
318158281,48.6417,48.3253,455,41713,0.852844,0.67,2,4493516,4493061,455
318161201,41.6567,41.5301,455,41764,0.839137,0.73,2,4493553,4493098,455
318164121,44.2627,41.8121,459,41815,0.797655,0.75,2,4493599,4493140,459
318167041,36.9051,35.9248,459,41865,0.805062,0.71,2,4493631,4493172,459
318169961,38.762,39.5699,457,41915,0.808025,0.73,2,4493671,4493214,457
318172881,28.1048,27.828,458,41965,0.78521,0.73,2,4493692,4493234,458
318175801,25.0419,24.3312,459,42015,0.788084,0.71,2,4493715,4493256,459
318178721,49.6168,49.3325,459,42065,0.813234,0.73,2,4493781,4493322,459
318181641,22.8467,21.533,461,42115,0.823293,0.79,2,4493786,4493325,461
318184561,30.1387,29.0132,462,42165,0.815317,0.83,2,4493821,4493359,462
318187481,24.0555,23.0053,463,42215,0.812127,0.83,2,4493841,4493378,463
318190401,10.8222,10.4021,463,42265,0.786851,0.85,2,4493843,4493380,463
318193321,32.5289,31.7608,464,42315,0.80074,0.87,2,4493890,4493426,464
318196241,29.8116,30.1043,463,42365,0.818296,0.85,2,4493918,4493455,463
318199161,47.9246,48.6417,462,42415,0.861318,0.83,2,4493978,4493516,462
318359761,30.8878,20.3805,526,45069,0.8308,1,2,4495821,4495295,526
318374361,33.5419,36.6436,495,45304,0.272575,1,1,4495970,4495475,495
318380201,37.7667,37.183,489,45398,0.0760119,1,1,4496045,4495556,489
318383121,36.1067,35.8732,489,45444,0.0604048,1,1,4496080,4495591,489
318386041,32.4427,30.5493,492,45490,0.0241619,1,1,4496110,4495618,492
318388961,39.3771,45.8197,480,45536,0.0276648,1,1,4496154,4495674,480
318391881,34.9508,39.9279,476,45582,0.0290659,1,1,4496186,4495710,476
318394801,33.1803,33.3712,479,45628,0.0416264,1,1,4496218,4495739,479
318397721,19.2721,23.5485,472,45674,0.0226505,0.92,1,4496228,4495756,472
318400641,22.1089,29.2194,463,45720,0.0750602,0.75,1,4496252,4495789,463
318403561,23.2435,30.8878,455,45766,0.0480241,0.62,1,4496276,4495821,455
318406481,15.2974,18.3551,455,45812,0.0192096,0.51,1,4496286,4495831,455
318409401,27.719,34.342,446,45858,0.0616839,0.41,1,4496322,4495876,446
318412321,26.0876,34.1368,437,45904,0.0906735,0.29,1,4496347,4495910,437
318424001,35.4006,31.8387,462,46088,0.0713932,0.01,1,4496467,4496005,462
318426921,34.5603,36.7355,456,46134,0.0465573,0.05,1,4496501,4496045,456
318429841,32.4241,35.6942,452,46180,0.0246229,0,1,4496532,4496080,452
318432761,38.7696,32.2777,465,46226,0.0158492,0.03,1,4496575,4496110,465
318435681,34.7079,39.3111,453,46272,0.0363397,0.03,1,4496607,4496154,453
318438601,33.0831,34.9244,453,46318,0.0445359,0.05,1,4496639,4496186,453
318441521,19.8333,33.1698,432,46364,0.0718143,0.01,1,4496650,4496218,432
318444441,21.7333,19.2679,445,46409,0.0827257,0.11,1,4496673,4496228,445
318447361,23.0933,22.1072,445,46454,0.0870903,0.03,1,4496697,4496252,445
318450281,16.4373,23.2429,433,46499,0.0648361,0,1,4496709,4496276,433
318456121,27.71,27.7189,451,46589,0.0835738,0.11,1,4496773,4496322,451
318459041,20.684,26.0875,442,46634,0.0994295,0.13,1,4496789,4496347,442
318461961,29.8736,20.635,461,46679,0.0937718,0.13,1,4496825,4496364,461
318473641,32.1712,34.5603,453,46859,0.0943206,0.01,1,4496954,4496501,453
318476561,39.2685,32.4241,466,46904,0.0677282,0.01,1,4496998,4496532,466
318479481,36.1074,38.7696,457,46949,0.0570913,0.05,1,4497032,4496575,457
318482401,33.043,34.7079,456,46994,0.0408365,0.05,1,4497063,4496607,456
318485321,21.0172,33.0831,437,47039,0.0463346,0.09,1,4497076,4496639,437
318488241,22.8069,19.8333,450,47084,0.0605338,0.09,1,4497100,4496650,450
318491161,21.1227,21.7333,447,47129,0.0662135,0.09,1,4497120,4496673,447
318494081,16.2491,23.0933,436,47174,0.0564854,0.05,1,4497133,4496697,436
318497001,29.2996,16.4373,462,47219,0.0645942,0.13,1,4497171,4496709,462
318499921,28.5199,28.7749,453,47264,0.0918377,0.07,1,4497199,4496746,453
318523281,38.3034,39.2685,424,47619,0.0764841,0.05,1,4497422,4496998,424
318526201,35.7214,36.1074,424,47663,0.0965936,0.03,1,4497456,4497032,424
318534961,23.8862,22.8069,425,47795,0.087062,0.07,1,4497525,4497100,425
318537881,21.5545,21.1227,425,47839,0.0888248,0.05,1,4497545,4497120,425
318540801,15.8218,16.2491,424,47883,0.0895299,0.07,1,4497557,4497133,424
318543721,30.3287,29.2996,426,47927,0.077812,0.11,1,4497597,4497171,426
318570001,37.6081,38.3034,425,48323,0.228502,0.11,1,4497847,4497422,425
318572921,35.4432,35.7214,425,48367,0.241401,0.13,1,4497881,4497456,425
318575841,32.7773,32.2885,426,48411,0.23456,0.11,1,4497912,4497486,426
318578761,20.3109,20.7154,425,48455,0.231824,0.07,1,4497924,4497499,425
318581681,23.1244,23.8862,424,48498,0.24273,0.09,1,4497949,4497525,424
318584601,21.2497,21.5545,424,48541,0.283092,0.09,1,4497969,4497545,424
318587521,16.2999,15.8218,425,48584,0.299237,0.07,1,4497982,4497557,425
318599201,30.3693,30.765,426,48756,0.403132,0.13,1,4498105,4497679,426
318602121,13.3477,13.506,426,48799,0.431253,0.13,1,4498107,4497681,426
318663441,41.5093,31.0521,493,49699,0.757918,0.53,2,4498727,4498234,493
318666361,37.0037,40.0208,481,49741,0.801167,0.53,2,4498761,4498280,481
318669281,33.4015,36.4083,478,49783,0.806467,0.53,2,4498792,4498314,478
318672201,20.5606,32.5633,460,49825,0.808587,0.55,2,4498804,4498344,460
318675121,23.8242,20.2253,474,49867,0.809435,0.55,2,4498830,4498356,474
318678041,23.9297,23.6901,472,49909,0.809774,0.55,2,4498854,4498382,472
318680961,18.5719,22.6761,465,49951,0.79791,0.59,2,4498869,4498404,465
318683881,32.6288,17.4704,493,49993,0.829164,0.63,2,4498911,4498418,493
318686801,33.4515,31.5882,486,50035,0.841666,0.67,2,4498945,4498459,486
318689721,24.1806,31.8353,472,50077,0.858666,0.67,2,4498963,4498491,472
318692641,34.2722,23.5341,495,50119,0.865466,0.71,2,4499004,4498509,495
318695561,14.9089,32.8136,458,50161,0.868187,0.71,2,4499006,4498548,458
318698481,21.5636,14.3255,482,50203,0.881275,0.71,2,4499032,4498550,482
318721841,20.4609,20.5606,462,50539,0.887094,0.81,2,4499266,4498804,462
318724761,23.7844,23.8242,462,50581,0.876838,0.81,2,4499292,4498830,462
318727681,23.9137,23.9297,462,50623,0.896735,0.79,2,4499316,4498854,462
318730601,19.1655,18.5719,463,50665,0.880694,0.85,2,4499332,4498869,463
318733521,34.6662,32.6288,466,50707,0.862278,0.85,2,4499377,4498911,466
318736441,33.0665,33.4515,464,50749,0.866911,0.87,2,4499409,4498945,464
318739361,25.2266,24.1806,466,50791,0.868764,0.87,2,4499429,4498963,466
318742281,34.0906,34.2722,465,50832,0.893506,0.87,2,4499469,4499004,465
318748121,22.7345,21.5636,467,50914,0.883361,0.93,2,4499499,4499032,467
318929161,31.8509,25.0185,519,53418,0.778269,1,2,4501246,4500727,519
318948141,296.731,345.252,440,24820,0.265636,0.27,1,4501811,4501371,440
318994861,185.892,211.901,429,24820,0.220254,0.23,1,4501923,4501494,429
319000701,79.0628,70.7441,463,24990,0.202041,0.09,1,4502037,4501574,463
319003621,58.0251,69.6976,438,25075,0.254816,0.05,1,4502081,4501643,438
319006541,50.81,43.4791,458,25160,0.263927,0.05,1,4502127,4501669,458
319009461,50.324,67.7916,424,25244,0.267571,0.09,1,4502177,4501753,424
319012381,38.1296,43.3166,427,25328,0.293028,0.11,1,4502207,4501780,427
319015301,32.0518,29.9267,434,25412,0.279211,0.09,1,4502235,4501801,434
319024061,68.2913,53.0593,493,25661,0.41555,0.21,1,4502469,4501976,493
319097061,32.5392,33.2124,445,27652,0.759606,0.57,2,4503743,4503298,445
319099981,52.0157,50.4849,448,27729,0.825842,0.59,2,4503808,4503360,448
319102901,50.8063,49.594,449,27805,0.864337,0.59,2,4503858,4503409,449
319105821,48.5225,46.8376,451,27881,0.891735,0.63,2,4503905,4503454,451
319275181,37.3356,34.5853,510,31988,0.892,1,2,4506762,4506252,510
319281021,46.1737,34.6937,526,32120,0.86392,1,2,4506850,4506324,526
319283941,34.6695,39.0775,511,32186,0.855568,1,2,4506877,4506366,511
319295621,43.0747,49.5476,519,32448,0.278751,1,1,4507118,4506599,519
319304381,34.6768,36.339,509,32643,0.0752,0.82,1,4507233,4506724,509
319307301,32.4707,37.3356,502,32708,0.06008,0.93,1,4507264,4506762,502
319310221,14.1883,35.9342,469,32773,0.030032,0.83,1,4507266,4506797,469
319313141,34.4753,46.1737,464,32838,0.0900128,0.85,1,4507314,4506850,464
319316061,25.7901,34.6695,457,32902,0.0900051,0.57,1,4507334,4506877,457
319327741,40.7786,43.0747,435,33158,0.205872,0.11,1,4507553,4507118,435
319330661,41.5115,47.2299,427,33222,0.220349,0.07,1,4507595,4507168,427
319333581,36.4046,38.692,427,33286,0.23814,0.05,1,4507628,4507201,427
319336501,31.9618,34.6768,424,33350,0.269256,0.05,1,4507657,4507233,424
319339421,30.7847,32.4707,423,33413,0.269702,0.01,1,4507687,4507264,423
319342341,13.5139,14.1883,423,33476,0.245881,0.13,1,4507689,4507266,423
319345261,34.8056,34.4753,424,33539,0.272352,0.09,1,4507738,4507314,424
319356941,47.5998,47.9466,429,33791,0.402924,0.23,1,4507946,4507517,429
319359861,43.0399,40.7786,433,33854,0.41917,0.23,1,4507986,4507553,433
319412421,29.791,35.9172,474,34961,0.766892,0.63,2,4508647,4508173,474
319415341,64.1164,27.5669,539,35021,0.780757,0.65,2,4508734,4508195,539
319418261,66.4466,62.6267,521,35081,0.798303,0.63,2,4508802,4508281,521
319421181,50.5786,65.8507,493,35141,0.793321,0.67,2,4508842,4508349,493
319424101,44.8314,49.7403,495,35201,0.791328,0.69,2,4508883,4508388,495
319427021,41.9326,43.8961,495,35261,0.802531,0.67,2,4508923,4508428,495
319429941,38.973,42.1584,491,35321,0.831013,0.67,2,4508960,4508469,491
319432861,34.7892,38.4634,487,35381,0.818405,0.69,2,4508992,4508505,487
319435781,31.9157,34.5854,485,35441,0.813362,0.71,2,4509022,4508537,485
319438701,13.9663,31.2341,458,35501,0.811345,0.71,2,4509024,4508566,458
319441621,40.9865,13.6937,515,35561,0.798538,0.75,2,4509083,4508568,515
319444541,30.7946,38.4775,484,35620,0.793415,0.79,2,4509107,4508623,484
319447461,64.5178,29.791,547,35679,0.851366,0.79,2,4509194,4508647,547
319450381,27.0071,64.1164,462,35738,0.874546,0.81,2,4509196,4508734,462
319587621,60.2394,24.6756,569,38418,0.83128,1,2,4511083,4510514,569
319610981,38.3846,38.0079,489,38857,0.0801911,1,1,4511364,4510875,489
319613901,35.1538,35.6032,488,38911,0.0380764,1,1,4511397,4510909,488
319616821,30.2615,35.2413,480,38965,0.0692306,0.93,1,4511424,4510944,480
319619741,32.5046,31.4965,485,39019,0.0576922,1,1,4511458,4510973,485
319622661,22.0018,30.5986,470,39073,0.0230769,0.73,1,4511473,4511003,470
319625581,49.0007,60.2394,457,39127,0.0272308,0.67,1,4511540,4511083,457
319628501,39.4003,46.2958,453,39181,0.0528923,0.63,1,4511573,4511120,453
319631421,35.5601,40.1183,450,39235,0.0271569,0.49,1,4511606,4511156,450
319634341,31.624,35.2473,447,39289,0.0408628,0.43,1,4511635,4511188,447
319637261,22.2496,27.8989,440,39343,0.0583451,0.31,1,4511651,4511211,440
319646021,35.984,41.9615,422,39505,0.0774141,0.03,1,4511750,4511328,422
319651861,34.1974,35.1538,422,39611,0.0855862,0.09,1,4511819,4511397,422
319654781,31.079,30.2615,424,39664,0.0642345,0.05,1,4511848,4511424,424
319660621,22.8526,22.0018,424,39770,0.0858775,0.03,1,4511897,4511473,424
319663541,48.7411,49.0007,423,39823,0.088351,0.07,1,4511963,4511540,423
319666461,38.6964,39.4003,422,39876,0.0653404,0.01,1,4511995,4511573,422
319669381,35.2786,35.5601,422,39929,0.0801362,0.05,1,4512028,4511606,422
319672301,32.1114,31.624,423,39982,0.0620545,0.07,1,4512058,4511635,423
319675221,23.6446,22.2496,425,40035,0.0548218,0.13,1,4512076,4511651,425
319678141,26.2578,26.8998,423,40088,0.0519287,0.13,1,4512104,4511681,423
319681061,29.1031,10.7599,454,40141,0.0987715,0.13,1,4512135,4511681,454
319692741,32.1562,33.7843,453,40351,0.0687205,0.05,1,4512272,4511819,453
319695661,33.2625,30.9137,458,40403,0.0694882,0.19,1,4512306,4511848,458
319698581,20.505,31.5655,438,40455,0.0937953,0.05,1,4512318,4511880,438
319713181,24.1745,32.1107,440,40715,0.0986021,0.05,1,4512498,4512058,440
319730701,29.1891,32.3906,454,41027,0.212643,0.01,1,4512694,4512240,454
319739461,49.7961,20.505,495,41180,0.210649,0.11,1,4512813,4512318,495
319742381,37.9184,49.002,457,41231,0.22226,0.13,1,4512843,4512386,457
319745301,34.3674,37.6008,459,41282,0.226904,0.11,1,4512875,4512416,459
319748221,31.7469,34.8403,456,41333,0.228762,0.11,1,4512905,4512449,456
319751141,24.6988,31.9361,446,41384,0.229505,0.09,1,4512925,4512479,446
319754061,29.6795,24.1745,460,41435,0.229802,0.13,1,4512958,4512498,460
319756981,31.6718,29.4698,460,41486,0.241921,0.15,1,4512991,4512531,460
319759901,36.0687,30.3879,468,41537,0.270768,0.19,1,4513030,4512562,468
319762821,15.6275,34.9552,432,41588,0.282307,0.19,1,4513032,4512600,432
319792021,25.331,24.6988,434,42093,0.41608,0.23,1,4513359,4512925,434
319794941,29.9324,29.6795,434,42143,0.436432,0.25,1,4513392,4512958,434
319797861,32.373,31.6718,435,42193,0.444573,0.29,1,4513426,4512991,435
319800781,36.9492,36.0687,436,42243,0.447829,0.29,1,4513466,4513030,436
319847501,29.9783,6.39187,483,43035,0.753659,0.53,2,4513951,4513468,483
319850421,29.9913,25.3567,475,43084,0.775464,0.49,2,4513981,4513506,475
319853341,28.7965,28.1427,473,43133,0.796186,0.49,2,4514009,4513536,473
319856261,33.1186,28.0571,481,43182,0.804474,0.53,2,4514045,4513564,481
319859181,22.2474,32.8228,460,43231,0.79579,0.49,2,4514060,4513600,460
319862101,54.499,21.5291,522,43280,0.828316,0.63,2,4514136,4513614,522
319865021,40.3996,51.8117,481,43329,0.829326,0.59,2,4514167,4513686,481
319867941,36.5598,38.7247,485,43378,0.829731,0.63,2,4514201,4513716,485
319870861,34.4239,35.2899,485,43427,0.853892,0.67,2,4514234,4513749,485
319873781,27.5696,32.7159,477,43476,0.887557,0.73,2,4514257,4513780,477
319882541,39.3965,32.2858,499,43621,0.884564,0.73,2,4514367,4513868,499
319885461,16.9586,38.1143,459,43669,0.875825,0.73,2,4514369,4513910,459
319888381,31.3834,16.4457,498,43717,0.87233,0.77,2,4514410,4513912,498
319891301,31.1534,29.9783,490,43765,0.894932,0.79,2,4514441,4513951,490
320086941,40.135,38.0522,517,46883,0.812183,1,2,4516618,4516101,517
320104461,35.9695,37.0153,515,47153,0.0958726,1,1,4516814,4516299,515
320107381,34.1878,34.6061,515,47198,0.038349,1,1,4516847,4516332,515
320110301,25.6751,32.4424,504,47243,0.0333396,1,1,4516867,4516363,504
320113221,21.67,27.377,499,47288,0.0133358,0.92,1,4516886,4516387,499
320116141,26.068,25.9508,503,47333,0.0233343,0.98,1,4516915,4516412,503
320119061,33.2272,30.7803,507,47378,0.0273337,0.99,1,4516953,4516446,507
320121981,21.6909,32.7121,487,47422,0.0289335,0.99,1,4516967,4516480,487
320124901,15.8764,30.4849,470,47466,0.0655734,0.99,1,4516979,4516509,470
320127821,23.1505,29.5939,469,47510,0.0562294,0.95,1,4517007,4516538,469
320130741,29.6602,32.8376,468,47554,0.0644917,0.71,1,4517041,4516573,468
320133661,32.8641,40.135,458,47598,0.0437967,0.63,1,4517076,4516618,458
320136581,24.5456,31.054,452,47642,0.0595187,0.47,1,4517095,4516643,452
320139501,27.8183,34.6216,445,47686,0.0658075,0.39,1,4517125,4516680,445
320142421,21.3273,27.6486,439,47730,0.068323,0.23,1,4517142,4516703,439
320145341,27.1309,35.0595,430,47774,0.0813292,0.11,1,4517173,4516743,430
320148261,28.2524,34.4238,425,47818,0.0745317,0.03,1,4517202,4516777,425
320151181,32.3009,35.9695,423,47862,0.0958127,0,1,4517237,4516814,423
320154101,32.7204,34.1878,423,47906,0.0383251,0.03,1,4517270,4516847,423
320157021,24.4882,25.6751,422,47950,0.06933,0,1,4517289,4516867,422
320159941,21.7953,21.67,423,47994,0.033732,0.03,1,4517309,4516886,423
320162861,25.5181,26.068,422,48038,0.0434928,0.03,1,4517337,4516915,422
320165781,33.6072,33.2272,423,48082,0.0593971,0.03,1,4517376,4516953,423
320168701,21.8429,21.6909,423,48126,0.0897589,0.09,1,4517390,4516967,423
320171621,17.1372,15.8764,425,48170,0.0419035,0.05,1,4517404,4516979,425
320174541,21.8549,23.1505,422,48214,0.0347614,0.07,1,4517429,4517007,422
320177461,29.1419,29.6602,422,48258,0.0799046,0.03,1,4517463,4517041,422
320200821,32.2034,32.7204,424,48607,0.093142,0.09,1,4517694,4517270,424
320206661,21.2326,21.7953,422,48693,0.0953027,0.05,1,4517731,4517309,422
320212501,34.1172,33.6072,423,48779,0.0644484,0.11,1,4517799,4517376,423
320215421,21.4469,21.8429,422,48822,0.0437794,0.01,1,4517812,4517390,422
320218341,17.5788,17.1372,423,48865,0.0355117,0.01,1,4517827,4517404,423
320221261,20.8315,6.85486,446,48908,0.0682047,0.03,1,4517850,4517404,446
320224181,31.7326,17.7419,460,48951,0.0692819,0.11,1,4517889,4517429,460
320227101,32.493,27.4968,459,48994,0.0937128,0.15,1,4517922,4517463,459
320230021,26.7972,31.9987,447,49037,0.0914851,0.13,1,4517945,4517498,447
320232941,27.5189,25.9995,453,49080,0.090594,0.13,1,4517973,4517520,453
320235861,23.0076,27.1998,445,49123,0.0902376,0.15,1,4517993,4517548,445
320265061,17.2954,21.4469,436,49553,0.0589784,0.03,1,4518248,4517812,436
320267981,21.9182,17.5787,446,49596,0.0535914,0.09,1,4518273,4517827,446
320270901,32.7673,20.8315,463,49638,0.0634365,0.07,1,4518313,4517850,463
320273821,34.1069,31.7326,459,49680,0.0793746,0.11,1,4518348,4517889,459
320276741,26.8428,32.493,448,49722,0.0857498,0.09,1,4518370,4517922,448
320317621,34.022,21.9182,465,50310,0.2087,0.07,1,4518738,4518273,465
320320541,14.8088,32.7673,427,50352,0.22148,0.09,1,4518740,4518313,427
320323461,26.3235,34.1069,426,50394,0.250592,0.09,1,4518774,4518348,426
320326381,24.3294,26.8428,427,50436,0.262237,0.15,1,4518797,4518370,427
320364341,21.1425,22.0549,430,50977,0.410647,0.23,1,4519126,4518696,430
320367261,34.257,34.022,431,51018,0.434259,0.23,1,4519169,4518738,431
320370181,14.9028,14.8088,431,51059,0.419703,0.27,1,4519171,4518740,431
320373101,28.1611,26.3235,434,51100,0.437881,0.27,1,4519208,4518774,434
320454861,34.1151,25.273,488,52242,0.785844,0.61,2,4519967,4519479,488
320457781,20.846,31.7092,464,52282,0.776338,0.63,2,4519979,4519515,464
320460701,18.5384,19.8837,469,52322,0.784535,0.63,2,4519996,4519527,469
320463621,21.8154,17.5535,477,52362,0.787814,0.69,2,4520020,4519543,477
320466541,35.1261,21.4214,497,52402,0.789126,0.65,2,4520064,4519567,497
320469461,15.2505,34.9686,455,52442,0.78965,0.65,2,4520066,4519611,455
320472381,28.9002,15.1874,491,52482,0.76586,0.67,2,4520104,4519613,491
320475301,27.1601,27.675,481,52522,0.756344,0.69,2,4520130,4519649,481
320478221,32.464,26.07,492,52562,0.788538,0.73,2,4520166,4519674,492
320481141,26.7856,31.428,480,52602,0.825415,0.73,2,4520189,4519709,480
320484061,29.9142,25.7712,490,52642,0.840166,0.71,2,4520221,4519731,490
320486981,32.3657,30.7085,490,52682,0.834066,0.71,2,4520255,4519765,490
320489901,34.5463,30.8834,495,52722,0.843627,0.75,2,4520291,4519796,495
320492821,30.6185,34.5534,486,52762,0.847451,0.75,2,4520319,4519833,486
320495741,23.0474,30.6213,476,52802,0.86098,0.75,2,4520337,4519861,476
320498661,21.219,23.0485,478,52842,0.866392,0.75,2,4520357,4519879,478
320501581,25.2876,21.2194,486,52882,0.880557,0.75,2,4520385,4519899,486
320504501,34.715,25.2878,499,52922,0.898223,0.81,2,4520426,4519927,499
320513261,21.9498,18.5384,484,53042,0.896286,0.79,2,4520480,4519996,484
320736641,115.451,112.414,482,25633,0.0844,0.59,1,4522642,4522160,482
320739561,79.1806,79.7655,479,25716,0.09976,0.39,1,4522697,4522218,479
320751241,33.0446,50.21,434,26044,0.0880419,0.03,1,4522874,4522440,434
320754161,30.6178,38.084,433,26125,0.0652167,0.05,1,4522903,4522470,433
320757081,55.4471,51.8336,444,26206,0.0680867,0.01,1,4522975,4522531,444
320760001,76.1789,44.7334,494,26287,0.0692347,0.03,1,4523065,4522571,494
320762921,65.2715,60.4934,481,26368,0.0816939,0.11,1,4523123,4522642,481
320765841,60.3086,57.1973,483,26448,0.0986775,0.17,1,4523180,4522697,483
320783361,22.7106,55.3571,423,26925,0.0767568,0.07,1,4523398,4522975,423
320786281,64.2843,76.1428,425,27004,0.0727027,0.09,1,4523490,4523065,425
320797961,62.0393,61.0085,429,27316,0.212149,0.15,1,4523715,4523286,429
320803801,30.2063,29.4414,430,27471,0.229544,0.09,1,4523756,4523326,430
320806721,50.4825,53.7765,424,27548,0.253818,0.05,1,4523820,4523396,424
320809641,21.393,22.7106,424,27625,0.239527,0.07,1,4523822,4523398,424
320812561,64.3572,64.2842,425,27702,0.269811,0.17,1,4523915,4523490,425
320815481,62.9429,61.1137,428,27778,0.269924,0.21,1,4523977,4523549,428
320818401,61.1772,59.2455,430,27854,0.26997,0.19,1,4524037,4523607,430
320821321,46.0709,44.0982,432,27930,0.281988,0.23,1,4524073,4523641,432
320827161,32.0913,32.0157,431,28082,0.298318,0.25,1,4524158,4523727,431
320847601,45.4137,54.9989,469,28605,0.433675,0.29,1,4524506,4524037,469
320891401,66.7263,22.3338,546,29696,0.773684,0.59,2,4525239,4524693,546
320894321,63.2905,65.3335,513,29767,0.819474,0.63,2,4525300,4524787,513
320897241,66.1162,62.7334,520,29838,0.849789,0.67,2,4525368,4524848,520
320900161,27.6465,64.6934,456,29909,0.861916,0.69,2,4525370,4524914,456
320903081,32.6586,47.4773,456,29980,0.890766,0.75,2,4525406,4524950,456
321034481,43.2762,50.097,490,33006,0.8788,1,2,4527507,4527017,490
321037401,35.9105,33.2388,499,33070,0.81352,1,2,4527538,4527039,499
321043241,53.1457,57.2782,480,33198,0.407363,1,1,4527653,4527173,480
321049081,41.2633,44.8045,477,33326,0.0951781,1,1,4527755,4527278,477
321052001,41.1053,37.7218,485,33389,0.0800712,1,1,4527796,4527311,485
321054921,47.6421,49.2887,480,33452,0.0620285,1,1,4527848,4527368,480
321057841,35.2569,38.3155,476,33515,0.0308114,1,1,4527875,4527399,476
321060761,31.5027,32.7262,476,33578,0.0423246,0.97,1,4527904,4527428,476
321063681,25.2011,28.6905,471,33641,0.0229298,0.81,1,4527925,4527454,471
321066601,31.0804,43.2762,453,33704,0.0271719,0.77,1,4527960,4527507,453
321069521,30.4322,35.9105,452,33767,0.0408688,0.43,1,4527990,4527538,452
321072441,43.9729,50.3642,445,33830,0.0343475,0.29,1,4528043,4527598,445
321075361,43.9891,53.1457,434,33893,0.079739,0,1,4528087,4527653,434
321078281,58.9957,68.6583,424,33955,0.0318956,0.05,1,4528156,4527732,424
321081201,36.7983,41.2633,423,34017,0.0427582,0.07,1,4528178,4527755,423
321084121,38.7193,41.1053,422,34079,0.0171033,0.05,1,4528218,4527796,422
321087041,47.8877,47.6421,424,34141,0.0488413,0.01,1,4528272,4527848,424
321089961,34.1551,35.2569,422,34203,0.0255365,0.05,1,4528297,4527875,422
321092881,31.062,31.5027,422,34265,0.0282146,0.05,1,4528326,4527904,422
321095801,24.4248,12.6011,442,34327,0.0292858,0.01,1,4528346,4527904,442
321098721,30.7699,17.6404,456,34389,0.0417143,0.03,1,4528381,4527925,456
321110401,58.4501,43.7956,491,34633,0.0992279,0,1,4528578,4528087,491
321113321,35.98,58.9182,443,34694,0.0696912,0.05,1,4528599,4528156,443
321116241,38.392,36.7673,461,34755,0.0338765,0,1,4528639,4528178,461
321119161,47.7568,38.7069,475,34816,0.0195506,0.07,1,4528693,4528218,475
321122081,34.1027,47.8828,446,34877,0.0378202,0.01,1,4528718,4528272,446
321125001,31.6411,34.1531,451,34938,0.0451281,0.03,1,4528748,4528297,451
321127921,24.6564,31.0612,442,34999,0.0360512,0.03,1,4528768,4528326,442
321130841,31.4626,24.4245,458,35059,0.0324205,0.05,1,4528804,4528346,458
321133761,33.585,30.7698,458,35119,0.0429682,0.15,1,4528839,4528381,458
321136681,45.234,30.9079,480,35179,0.0711873,0.15,1,4528892,4528412,480
321151281,47.3323,38.392,475,35479,0.0867738,0.01,1,4529114,4528639,475
321154201,35.1329,47.7568,448,35539,0.0647095,0.05,1,4529141,4528693,448
321157121,31.4532,34.1027,452,35598,0.0438838,0.05,1,4529170,4528718,452
321160041,25.1813,31.6411,443,35657,0.0235535,0.03,1,4529191,4528748,443
321162961,11.2725,24.6564,425,35716,0.0394214,0.03,1,4529193,4528768,425
321165881,24.909,31.4626,423,35775,0.0217686,0.05,1,4529227,4528804,423
321168801,32.7636,33.585,426,35834,0.0507074,0.09,1,4529265,4528839,426
321171721,44.9054,45.234,426,35893,0.074283,0.13,1,4529318,4528892,426
321174641,47.3622,46.2936,428,35952,0.0837132,0.17,1,4529367,4528939,428
321212601,60.4253,57.9449,430,36709,0.212011,0.17,1,4529862,4529432,430
321215521,34.9701,33.9779,430,36767,0.246804,0.17,1,4529880,4529450,430
321218441,35.588,35.1912,430,36824,0.296722,0.19,1,4529916,4529486,430
321247641,62.91,48.1516,500,37394,0.404204,0.23,1,4530294,4529794,500
321250561,36.564,60.0607,451,37451,0.419682,0.27,1,4530313,4529862,451
321253481,37.4256,34.8243,471,37507,0.449873,0.33,1,4530351,4529880,471
321311881,44.7127,33.5105,498,38617,0.76059,0.49,2,4531054,4530556,498
321314801,19.0851,45.2042,447,38672,0.766236,0.59,2,4531056,4530609,447
321317721,43.034,50.4817,452,38727,0.780494,0.57,2,4531115,4530663,452
321320641,59.2136,63.3927,450,38782,0.834198,0.55,2,4531185,4530735,450
321323561,35.6854,36.7571,451,38836,0.867679,0.69,2,4531205,4530754,451
321326481,41.8742,39.3028,456,38890,0.857072,0.71,2,4531251,4530795,456
321329401,48.5497,46.9211,457,38944,0.888829,0.71,2,4531304,4530847,457
321530881,37.52,32.7585,499,42522,0.82792,1,2,4533759,4533260,499
321533801,36.008,30.5034,505,42572,0.769168,1,2,4533794,4533289,505
321548401,34.3786,36.0541,492,42819,0.413812,1,1,4533953,4533461,492
321557161,44.5362,41.2835,491,42966,0.090564,1,1,4534082,4533591,491
321560081,31.0145,33.3134,485,43015,0.0782256,1,1,4534104,4533619,485
321563001,23.2058,13.3254,503,43064,0.0492902,1,1,4534122,4533619,503
321565921,27.8823,25.1301,501,43113,0.0737161,0.97,1,4534153,4533652,501
321568841,26.7529,31.0521,492,43162,0.0594864,0.97,1,4534179,4533687,492
321571761,34.1012,31.0208,500,43211,0.0297946,0.73,1,4534218,4533718,500
321574681,31.6405,37.0083,489,43260,0.0779178,0.73,1,4534248,4533759,489
321577601,29.4562,35.8033,482,43309,0.0851671,0.65,1,4534276,4533794,482
321580521,23.7825,30.5213,475,43358,0.0760669,0.63,1,4534296,4533821,475
321583441,28.113,29.0085,478,43407,0.0604267,0.51,1,4534327,4533849,478
321586361,29.2452,32.6034,473,43456,0.0661707,0.47,1,4534357,4533884,473
321589281,29.6981,33.4414,469,43505,0.0804683,0.35,1,4534387,4533918,469
321592201,29.2792,34.3765,463,43553,0.0741873,0.23,1,4534416,4533953,463
321595121,39.3117,35.3506,473,43601,0.0596749,0.05,1,4534462,4533989,473
321598041,40.3247,42.3402,467,43649,0.06587,0.05,1,4534503,4534036,467
321600961,31.1299,44.5361,446,43697,0.056348,0.07,1,4534528,4534082,446
321603881,23.2519,31.0144,442,43745,0.0225392,0.03,1,4534546,4534104,442
321606801,26.7008,23.2058,453,43793,0.0750157,0.09,1,4534575,4534122,453
321609721,26.8803,27.8823,449,43841,0.0960063,0.05,1,4534602,4534153,449
321612641,32.9521,26.7529,460,43889,0.0684025,0.01,1,4534639,4534179,460
321615561,32.9809,34.1012,454,43937,0.057361,0.11,1,4534672,4534218,454
321618481,28.1923,31.6405,449,43985,0.0409444,0.09,1,4534697,4534248,449
321621401,23.8769,29.4562,442,44033,0.0223778,0.07,1,4534718,4534276,442
321624321,29.9508,23.7825,456,44081,0.0509511,0.05,1,4534752,4534296,456
321627241,29.9803,28.113,455,44129,0.0863804,0.07,1,4534782,4534327,455
321636001,39.2387,29.2792,469,44273,0.213128,0.05,1,4534885,4534416,469
321638921,40.8955,39.3117,465,44321,0.223251,0.07,1,4534927,4534462,465
321641841,29.5582,40.3247,446,44369,0.227301,0.05,1,4534949,4534503,446
321644761,23.2233,31.1299,440,44417,0.21692,0,1,4534968,4534528,440
321647681,29.0893,23.2519,455,44464,0.200768,0.11,1,4535001,4534546,455
321656441,28.2137,32.9521,422,44605,0.202689,0.05,1,4535061,4534639,422
321662281,27.9142,28.1923,424,44699,0.20403,0.01,1,4535121,4534697,424
321665201,23.1657,23.8769,423,44746,0.219612,0.07,1,4535141,4534718,423
321668121,31.4663,29.9508,426,44793,0.237845,0.11,1,4535178,4534752,426
321671041,31.7865,29.9803,428,44840,0.269138,0.15,1,4535210,4534782,428
321673961,33.7146,29.9921,433,44887,0.293655,0.23,1,4535245,4534812,433
321685641,29.6535,29.5582,433,45075,0.412878,0.21,1,4535382,4534949,433
321688561,21.4614,23.2233,430,45122,0.423151,0.19,1,4535398,4534968,430
321691481,28.9846,29.0893,431,45169,0.42726,0.19,1,4535432,4535001,431
321694401,12.7938,12.8357,431,45216,0.404904,0.19,1,4535434,4535003,431
321697321,19.5175,19.5343,431,45263,0.407962,0.21,1,4535458,4535027,431
321703161,31.9228,32.2855,431,45357,0.416874,0.21,1,4535527,4535096,431
321706081,28.9691,27.9142,433,45403,0.44875,0.23,1,4535554,4535121,433
321709001,22.3876,23.1657,431,45449,0.4375,0.25,1,4535572,4535141,431
321714841,33.582,31.7865,436,45541,0.4408,0.31,1,4535646,4535210,436
321717761,35.0328,33.7146,437,45587,0.44632,0.35,1,4535682,4535245,437
321814121,44.9999,42.4728,493,47089,0.77822,0.53,2,4536697,4536204,493
321817041,31.2,43.9891,470,47134,0.821288,0.55,2,4536719,4536249,470
321819961,22.68,30.7956,465,47179,0.862515,0.55,2,4536736,4536271,465
321822881,30.072,21.9183,484,47224,0.867006,0.59,2,4536771,4536287,484
321825801,13.2288,29.1673,452,47269,0.868802,0.59,2,4536773,4536321,452
321828721,20.2915,12.8669,475,47314,0.857521,0.59,2,4536798,4536323,475
321831641,28.5166,19.5468,485,47359,0.877008,0.61,2,4536832,4536347,485
321834561,12.6066,28.2187,453,47404,0.884803,0.63,2,4536834,4536381,453
321837481,25.4427,31.6875,453,47448,0.887921,0.63,2,4536868,4536415,453
322030201,105.463,104.478,498,22817,0.41992,0.85,1,4538943,4538445,498
322097361,59.9397,59.8466,454,24866,0.792008,0.67,2,4540286,4539832,454
322100281,87.5759,88.1386,453,24951,0.814803,0.69,2,4540392,4539939,453
322103201,89.6304,89.2555,454,25036,0.883921,0.69,2,4540483,4540029,454
322196641,84.4173,90.4876,480,27615,0.791103,1,2,4542283,4541803,480
322199561,54.1669,49.995,491,27692,0.766441,1,2,4542317,4541826,491
322214161,33.4942,35.7708,472,28072,0.796748,0.91,2,4542564,4542092,472
322217081,26.5977,28.1083,471,28147,0.804699,0.91,2,4542586,4542115,471
322220001,43.6391,46.0433,468,28222,0.81988,0.71,2,4542641,4542173,468
322222921,78.6556,84.4173,460,28297,0.849952,0.75,2,4542743,4542283,460
322225841,50.0622,54.1669,457,28372,0.873981,0.75,2,4542774,4542317,457
322228761,59.0249,21.6668,522,28447,0.859592,0.67,2,4542839,4542317,522
322231681,53.01,48.8667,504,28521,0.877837,0.77,2,4542888,4542384,504
322374761,43.4257,51.0013,515,31953,0.8716,1,2,4545303,4544788,515
322377681,42.5703,45.0005,516,32019,0.82264,1,2,4545345,4544829,516
322386441,45.0845,41.52,521,32217,0.266489,1,1,4545484,4544963,521
322392281,61.3335,35.4432,556,32349,0.0774382,1,1,4545588,4545032,556
322395201,48.5334,57.3773,524,32414,0.0849753,1,1,4545628,4545104,524
322398121,44.0134,57.1509,508,32479,0.0759901,1,1,4545669,4545161,508
322401041,60.8053,48.6604,537,32544,0.048396,0.84,1,4545741,4545204,537
322403961,41.1221,59.0641,499,32609,0.0373584,0.85,1,4545769,4545270,499
322406881,37.4489,43.4257,501,32674,0.0449434,0.79,1,4545804,4545303,501
322409801,40.1795,42.5703,501,32739,0.0599773,0.49,1,4545846,4545345,501
322412721,17.2718,50.0281,448,32804,0.0419909,0.37,1,4545848,4545400,448
322415641,24.9087,42.2112,441,32868,0.0347964,0.13,1,4545878,4545437,441
322418561,30.9635,45.0845,429,32932,0.0679185,0.07,1,4545913,4545484,429
322421481,21.9854,31.8338,422,32996,0.0571674,0.03,1,4545929,4545507,422
322424401,57.3942,61.3335,422,33060,0.052867,0.09,1,4546010,4545588,422
322427321,49.3577,48.5334,426,33124,0.0511468,0.07,1,4546054,4545628,426
322430241,44.3431,44.0134,426,33188,0.0624587,0.03,1,4546095,4545669,426
322433161,59.1372,60.8053,423,33252,0.0309835,0.03,1,4546164,4545741,423
322436081,40.4549,41.1221,423,33316,0.0783934,0.05,1,4546192,4545769,423
322439001,37.182,37.4489,423,33379,0.0853574,0.07,1,4546227,4545804,423
322447761,23.7876,24.9087,422,33568,0.0791429,0.09,1,4546300,4545878,422
322450681,31.7151,30.9635,424,33631,0.0976571,0.05,1,4546337,4545913,424
322453601,21.086,21.9854,422,33694,0.0810629,0.05,1,4546351,4545929,422
322456521,57.0344,57.3942,422,33757,0.0504251,0.05,1,4546432,4546010,422
322459441,49.2138,49.3577,422,33820,0.0261701,0.07,1,4546476,4546054,422
322462361,44.8855,44.3431,423,33883,0.052468,0.01,1,4546518,4546095,423
322465281,58.7542,59.1372,422,33945,0.0629872,0.11,1,4546586,4546164,422
322468201,42.1017,40.4549,425,34007,0.0911949,0.09,1,4546617,4546192,425
322474041,40.8163,40.6728,426,34131,0.0997912,0.13,1,4546696,4546270,426
322488641,56.2967,18.8024,502,34441,0.0857227,0.03,1,4546853,4546351,502
322491561,48.9187,56.121,465,34502,0.0522891,0.01,1,4546897,4546432,465
322494481,45.3675,48.8484,464,34563,0.0389156,0.07,1,4546940,4546476,464
322497401,58.947,44.7394,490,34624,0.0455662,0.07,1,4547008,4546518,490
322500321,43.3788,58.6957,455,34685,0.0362265,0.11,1,4547041,4546586,455
322503241,40.1515,42.0783,462,34746,0.0444906,0.13,1,4547079,4546617,462
322506161,41.2606,39.0313,467,34807,0.0717962,0.09,1,4547121,4546654,467
322509081,17.7042,40.8125,427,34868,0.0827185,0.13,1,4547123,4546696,427
322512001,21.4817,17.525,449,34929,0.0870874,0.11,1,4547147,4546698,449
322520761,55.1108,19.2416,505,35110,0.224694,0.05,1,4547277,4546772,505
322523681,46.6443,56.2966,465,35170,0.263877,0.03,1,4547318,4546853,465
322526601,45.0577,48.9187,465,35230,0.243551,0.03,1,4547362,4546897,465
322529521,59.4231,45.3675,491,35290,0.24742,0.05,1,4547431,4546940,491
322532441,43.5692,58.947,456,35350,0.236968,0.03,1,4547464,4547008,456
322535361,40.2277,43.3788,461,35410,0.232787,0.05,1,4547502,4547041,461
322538281,42.4911,40.1515,467,35470,0.219115,0.09,1,4547546,4547079,467
322541201,18.1964,41.2606,427,35530,0.213646,0.09,1,4547548,4547121,427
322544121,21.6786,17.7042,449,35589,0.211458,0.09,1,4547572,4547123,449
322555801,54.675,55.1108,435,35825,0.262549,0.29,1,4547712,4547277,435
322570401,40.5679,40.2277,434,36120,0.404957,0.21,1,4547936,4547502,434
322573321,41.4271,42.4911,432,36179,0.419983,0.21,1,4547978,4547546,432
322576241,17.7709,18.1964,432,36237,0.449993,0.21,1,4547980,4547548,432
322640481,43.3394,43.3916,489,37499,0.757902,0.55,2,4548826,4548337,489
322643401,44.3357,41.9566,493,37555,0.753161,0.57,2,4548871,4548378,493
322646321,18.9343,42.5826,452,37611,0.751264,0.63,2,4548873,4548421,452
322649241,23.1737,18.2331,476,37667,0.762506,0.61,2,4548899,4548423,476
322652161,35.6695,22.2932,495,37723,0.767002,0.61,2,4548943,4548448,495
322655081,15.4678,35.3173,453,37779,0.780801,0.65,2,4548945,4548492,453
322658001,12.1871,15.3269,461,37835,0.78632,0.61,2,4548955,4548494,461
322660921,58.2748,12.1308,540,37891,0.812528,0.67,2,4549044,4548504,540
322663841,49.1099,56.4523,497,37947,0.823011,0.65,2,4549087,4548590,497
322809841,33.3771,21.5412,522,40635,0.862335,1,2,4550919,4550397,522
322830281,41.3797,42.2157,519,40999,0.429747,0.98,1,4551231,4550712,519
322833201,31.5519,42.0863,502,41050,0.441899,1,1,4551256,4550754,502
322865321,27.7802,39.6231,444,41611,0.403724,0.45,1,4551589,4551145,444
322868241,38.1121,43.4492,443,41662,0.41949,0.39,1,4551634,4551191,443
322871161,37.4448,41.3797,440,41713,0.425796,0.45,1,4551671,4551231,440
322973361,52.2004,32.6675,518,43449,0.809676,0.69,2,4552785,4552267,518
322976281,37.6802,52.067,481,43498,0.83387,0.69,2,4552813,4552332,481
322979201,35.4721,37.6268,487,43547,0.843548,0.71,2,4552847,4552360,487
322982121,45.3888,34.8507,506,43595,0.847419,0.67,2,4552899,4552393,506
322985041,19.3555,45.1403,456,43643,0.848968,0.67,2,4552901,4552445,456
322987961,28.1422,19.2561,488,43691,0.861587,0.69,2,4552935,4552447,488
322990881,37.0569,28.7024,496,43739,0.890635,0.67,2,4552978,4552482,496
323218641,51.494,49.6659,451,22437,0.761698,0.61,2,4555968,4555517,451
323227401,86.8636,50.4106,558,22720,0.772829,0.69,2,4556168,4555610,558
323230321,80.9454,81.9643,532,22813,0.771131,0.73,2,4556245,4555713,532
323233241,74.3782,77.7857,527,22906,0.782453,0.73,2,4556315,4555788,527
323236161,73.5513,73.1143,530,22999,0.774981,0.77,2,4556388,4555858,530
323239081,51.6205,73.0457,494,23091,0.783992,0.77,2,4556425,4555931,494
323242001,31.4482,51.4183,475,23183,0.787597,0.73,2,4556443,4555968,475
323244921,58.7793,31.3673,534,23274,0.825039,0.75,2,4556520,4555986,534
323317921,67.7289,74.2993,481,25453,0.861213,1,2,4558066,4557585,481
323320841,67.2916,29.7197,548,25536,0.830485,1,2,4558133,4557585,548
323329601,49.8347,73.7341,511,25784,0.448911,0.98,1,4558323,4557812,511
323332521,37.3339,49.8936,506,25866,0.449564,1,1,4558352,4557846,506
323338361,40.7734,61.623,501,26030,0.25553,0.95,1,4558452,4557951,501
323344201,65.5637,67.6997,530,26192,0.0756848,0.81,1,4558596,4558066,530
323347121,67.0255,67.2799,531,26273,0.0842739,0.61,1,4558664,4558133,531
323350041,68.8102,73.7119,523,26354,0.0757096,0.43,1,4558734,4558211,523
323367561,63.4804,61.9093,492,26832,0.238354,0.03,1,4559020,4558528,492
323379241,42.4299,46.7241,429,27146,0.426918,0.13,1,4559195,4558766,429
323382161,32.572,34.8896,428,27224,0.440767,0.17,1,4559221,4558793,428
323385081,52.0288,51.7559,430,27302,0.434307,0.17,1,4559286,4558856,430
323388001,37.6115,37.5023,430,27380,0.431723,0.21,1,4559314,4558884,430
323452241,30.1326,70.4177,451,29032,0.754946,0.57,2,4560423,4559972,451
323455161,57.653,29.3671,525,29105,0.763978,0.65,2,4560499,4559974,525
323458081,45.2612,54.9468,490,29178,0.767591,0.65,2,4560536,4560046,490
323461001,34.3045,44.1787,480,29251,0.793037,0.69,2,4560563,4560083,480
323463921,52.7218,33.8715,518,29323,0.839215,0.65,2,4560628,4560110,518
323466841,39.0887,51.9486,484,29395,0.857686,0.69,2,4560658,4560174,484
323469761,59.4355,38.1794,528,29467,0.889074,0.69,2,4560731,4560203,528
323662481,49.9614,55.693,484,33879,0.79528,1,2,4563834,4563350,484
323674161,29.935,36.4993,495,34127,0.410455,1,1,4563978,4563483,495
323677081,39.574,37.3997,503,34189,0.254182,1,1,4564024,4563521,503
323682921,35.6118,17.744,525,34313,0.0622691,1,1,4564095,4563570,525
323685841,46.0447,28.0976,543,34375,0.0249076,1,1,4564148,4563605,543
323688761,59.8179,52.639,543,34437,0.0399631,0.93,1,4564217,4563674,543
323691681,44.3272,63.0556,507,34498,0.0459852,0.95,1,4564251,4563744,507
323694601,44.1309,49.2222,511,34559,0.0183941,0.69,1,4564295,4563784,511
323697521,41.0523,49.6889,500,34620,0.0133576,0.59,1,4564334,4563834,500
323700441,35.6209,49.8756,482,34681,0.0113431,0.49,1,4564366,4563884,482
323703361,29.8484,41.5502,472,34742,0.0225372,0.41,1,4564392,4563920,472
323706281,25.1393,35.8201,462,34803,0.0510149,0.37,1,4564414,4563952,462
323709201,32.8557,29.928,474,34864,0.062406,0.15,1,4564452,4563978,474
323712121,32.3423,39.5712,460,34925,0.0549624,0.09,1,4564484,4564024,460
323715041,32.1369,38.0285,455,34986,0.051985,0,1,4564516,4564061,455
323717961,47.0548,35.6114,478,35046,0.050794,0,1,4564573,4564095,478
323720881,58.4219,46.0446,491,35106,0.0623176,0.05,1,4564639,4564148,491
323723801,43.1688,59.8178,455,35166,0.054927,0.05,1,4564672,4564217,455
323726721,44.2675,44.3271,466,35226,0.0399708,0,1,4564717,4564251,466
323729641,41.107,44.1309,461,35286,0.0219883,0.01,1,4564756,4564295,461
323732561,35.0428,41.0523,453,35346,0.0387953,0.01,1,4564787,4564334,453
323735481,30.2171,35.6209,448,35406,0.0335181,0.03,1,4564814,4564366,448
323738401,25.2868,29.8484,444,35466,0.0434073,0.07,1,4564836,4564392,444
323741321,32.9147,25.1393,460,35526,0.0473629,0.07,1,4564874,4564414,460
323744241,34.7659,32.8557,458,35586,0.0729452,0.05,1,4564910,4564452,458
323755921,55.1588,58.4219,422,35822,0.0757394,0.05,1,4565061,4564639,422
323758841,43.6635,43.1688,425,35881,0.0482958,0.03,1,4565097,4564672,425
323761761,43.8654,44.2675,424,35940,0.0613183,0.01,1,4565141,4564717,424
323764681,40.3462,41.107,423,35999,0.0545273,0.05,1,4565179,4564756,423
323767601,34.7385,35.0428,423,36058,0.0398109,0.03,1,4565210,4564787,423
323770521,30.0954,30.2171,423,36117,0.0219244,0.05,1,4565237,4564814,423
323773441,25.8382,25.2868,424,36176,0.0147697,0.05,1,4565260,4564836,424
323776361,33.7353,32.9147,425,36234,0.0239079,0.09,1,4565299,4564874,425
323779281,35.6941,34.7659,426,36292,0.0275632,0.13,1,4565336,4564910,426
323782201,30.4776,30.1064,426,36350,0.0170253,0.13,1,4565363,4564937,426
323785121,13.3911,13.2425,426,36408,0.0368101,0.11,1,4565365,4564939,426
323788041,38.3564,38.897,425,36466,0.020724,0.05,1,4565420,4564995,425
323790961,53.1426,55.1588,422,36524,0.0502896,0.03,1,4565483,4565061,422
323793881,43.457,43.6635,423,36582,0.0501158,0.07,1,4565520,4565097,423
323796801,45.5828,43.8654,426,36640,0.0500463,0.05,1,4565567,4565141,426
323799721,38.6331,40.3462,422,36698,0.0860185,0.03,1,4565601,4565179,422
323802641,34.6532,34.7385,423,36756,0.0764074,0.01,1,4565633,4565210,423
323805561,29.4613,30.0954,422,36813,0.072563,0.01,1,4565659,4565237,422
323808481,25.5845,25.8382,422,36870,0.0710252,0.03,1,4565682,4565260,422
323811401,33.6338,33.7353,422,36927,0.0584101,0.03,1,4565721,4565299,422
323814321,36.2535,35.6941,423,36984,0.023364,0.01,1,4565759,4565336,423
323817241,30.1014,30.4776,422,37041,0.0633456,0.05,1,4565785,4565363,422
323820161,13.2406,13.3911,422,37098,0.0553382,0.01,1,4565787,4565365,422
323823081,38.2962,38.3564,422,37155,0.0641353,0.01,1,4565842,4565420,422
323826001,52.5185,15.3426,484,37212,0.0796541,0.07,1,4565904,4565420,484
323828921,43.2074,43.937,458,37269,0.0618616,0.05,1,4565941,4565483,458
323831841,47.283,39.7748,471,37326,0.0787447,0.05,1,4565991,4565520,471
323834761,39.3132,44.1099,458,37383,0.0854979,0.11,1,4566025,4565567,458
323861041,54.0028,38.2958,488,37888,0.216688,0.09,1,4566330,4565842,488
323863961,42.0011,52.5183,460,37944,0.224675,0.05,1,4566364,4565904,460
323866881,47.4005,43.2073,474,38000,0.26387,0.09,1,4566415,4565941,474
323869801,40.5602,47.2829,460,38056,0.255548,0.09,1,4566451,4565991,460
323872721,35.4241,39.3132,458,38112,0.288219,0.11,1,4566483,4566025,458
323893161,40.868,13.5178,486,38497,0.416736,0.19,1,4566696,4566210,486
323896081,55.3472,39.0071,495,38552,0.448694,0.25,1,4566761,4566266,495
323899001,43.7389,54.0028,467,38607,0.449478,0.23,1,4566797,4566330,467
323901921,18.6955,42.0011,435,38662,0.449791,0.29,1,4566799,4566364,435
323974921,44.0557,44.0158,450,40005,0.754427,0.61,2,4567692,4567242,450
323977841,18.8223,18.8063,450,40058,0.751771,0.61,2,4567694,4567244,450
323980761,39.3289,7.52253,503,40111,0.762708,0.65,2,4567747,4567244,503
323983681,39.1316,34.209,490,40164,0.779083,0.63,2,4567786,4567296,490
323986601,37.8526,37.6836,487,40217,0.785633,0.61,2,4567823,4567336,487
323989521,30.741,36.0734,478,40270,0.812253,0.67,2,4567849,4567371,478
323992441,27.2964,30.0294,477,40322,0.822901,0.63,2,4567874,4567397,477
323995361,34.9186,26.4118,493,40374,0.839161,0.67,2,4567914,4567421,493
323998281,36.7674,33.9647,492,40426,0.845664,0.67,2,4567952,4567460,492
324001201,31.507,36.3859,482,40478,0.872266,0.67,2,4567980,4567498,482
324004121,13.8028,31.3544,456,40530,0.882906,0.67,2,4567982,4567526,456
324007041,41.5211,13.7417,514,40582,0.887162,0.65,2,4568042,4567528,514
324204141,143.661,143.352,513,19925,0.24712,0.96,1,4570556,4570043,513
324209981,81.9058,95.2964,499,20137,0.0743392,0.69,1,4570704,4570205,499
324212901,75.3623,81.3185,498,20242,0.0357357,0.63,1,4570775,4570277,498
324215821,43.9449,69.1274,460,20347,0.0142943,0.57,1,4570798,4570338,460
324218741,63.178,45.051,507,20451,0.0477177,0.41,1,4570874,4570367,507
324221661,87.6712,59.4204,542,20555,0.0610871,0.05,1,4570978,4570436,542
324224581,86.0685,95.7682,507,20658,0.0244348,0.07,1,4571063,4570556,507
324227501,72.2274,88.1073,487,20761,0.0157739,0.03,1,4571126,4570639,487
324230421,70.891,74.2429,492,20863,0.0243096,0.01,1,4571196,4570704,492
324233341,43.3564,72.2972,446,20965,0.0277238,0,1,4571221,4570775,446
324236261,18.5426,42.7189,425,21066,0.0290895,0.07,1,4571223,4570798,425
324239181,51.817,62.6875,423,21167,0.0296358,0.07,1,4571297,4570874,423
324245021,85.2107,85.99,424,21367,0.0467417,0.01,1,4571487,4571063,424
324247941,71.2843,72.196,423,21466,0.0366967,0.03,1,4571549,4571126,423
324250861,71.1137,70.8784,424,21565,0.0326787,0.03,1,4571620,4571196,424
324253781,42.8455,43.3514,423,21663,0.0430715,0.03,1,4571644,4571221,423
324256701,18.3382,18.5405,423,21761,0.0232286,0.03,1,4571646,4571223,423
324259621,52.3353,51.8162,424,21858,0.0392914,0.15,1,4571721,4571297,424
324268381,71.2935,71.2842,423,22148,0.0901147,0.03,1,4571972,4571549,423
324271301,70.5174,71.1137,422,22244,0.0540459,0.05,1,4572042,4571620,422
324274221,42.607,42.8455,422,22339,0.0276183,0.01,1,4572066,4571644,422
324277141,18.2428,18.3382,422,22434,0.0170473,0.05,1,4572068,4571646,422
324280061,53.4971,52.3353,424,22529,0.0368189,0.05,1,4572145,4571721,424
324282981,87.3988,20.9341,534,22623,0.0567276,0.15,1,4572255,4571721,534
324285901,82.3595,70.7736,509,22717,0.052691,0.13,1,4572334,4571825,509
324288821,70.1438,78.7095,487,22810,0.0750764,0.07,1,4572396,4571909,487
324291741,68.2575,69.2838,491,22903,0.0360306,0.03,1,4572463,4571972,491
324294661,41.703,69.7135,445,22996,0.0564122,0.01,1,4572487,4572042,445
324297581,17.8812,42.2854,423,23088,0.0645649,0.01,1,4572489,4572066,423
324300501,53.9525,18.1142,499,23180,0.043826,0.05,1,4572567,4572068,499
324303421,87.581,53.4457,532,23271,0.0475304,0.07,1,4572677,4572145,532
324318021,17.6642,41.7025,424,23723,0.204189,0.07,1,4572911,4572487,424
324320941,53.8657,17.881,500,23812,0.219676,0.03,1,4572989,4572489,500
324323861,88.1463,53.9524,533,23901,0.27387,0.05,1,4573100,4572567,533
324326781,36.4585,87.581,425,23990,0.295548,0.19,1,4573102,4572677,425
324341381,17.5593,17.6642,432,24428,0.419695,0.23,1,4573343,4572911,432
324344301,55.0237,53.8657,434,24515,0.425878,0.31,1,4573423,4572989,434
324393941,93.9599,54.2502,573,25945,0.802712,0.69,2,4574437,4573864,573
324396861,38.784,93.1001,456,26027,0.807085,0.69,2,4574439,4573983,456
324399781,68.9136,38.44,543,26108,0.808834,0.69,2,4574528,4573985,543
324402701,67.7654,69.376,520,26189,0.845534,0.63,2,4574595,4574075,520
324405621,67.3062,67.9504,520,26270,0.884213,0.69,2,4574662,4574142,520
324526801,171.492,179.965,490,12750,0.402632,0.35,1,4577075,4576585,490
324532641,103.399,72.4743,521,13082,0.401621,0.27,1,4577237,4576716,521
324558921,131.551,96.5749,607,14477,0.797306,0.77,2,4578287,4577680,607
324561841,133.621,128.63,592,14624,0.852922,0.75,2,4578422,4577830,592
324623161,84.0971,101.145,540,17417,0.7996,1,2,4580390,4579850,540
324631921,69.7262,128.225,503,17780,0.430134,1,1,4580677,4580174,503
324637761,79.4362,90.236,542,18018,0.415621,0.71,1,4580852,4580310,542
324640681,32.9745,84.0944,464,18136,0.400249,0.61,1,4580854,4580390,464
324643601,73.7898,102.038,451,18253,0.406099,0.41,1,4580955,4580504,451
324675721,33.3127,32.6986,450,19493,0.778826,0.67,2,4581745,4581295,450
324678641,76.9251,74.8795,453,19602,0.83353,0.67,2,4581851,4581398,453
324681561,109.97,29.9518,585,19710,0.891412,0.69,2,4581983,4581398,585
324684481,66.788,91.1807,491,19818,0.890565,0.67,2,4582021,4581530,491
324766241,50.42,15.7334,563,22623,0.86824,1,2,4584017,4583454,563
324810041,20.996,48.3326,447,23990,0.771747,0.51,2,4584929,4584482,447
324812961,55.1984,66.133,447,24078,0.818699,0.55,2,4585007,4584560,447
324815881,39.4794,42.6532,449,24166,0.82548,0.53,2,4585036,4584587,449
324818801,65.5917,66.2613,450,24254,0.864192,0.65,2,4585119,4584669,450
324921001,67.9667,70.0428,488,27143,0.8044,1,2,4587201,4586713,488
324923921,45.7867,48.4171,485,27221,0.75976,1,2,4587232,4586747,485
324991081,74.1482,31.7992,554,28956,0.757328,0.69,2,4588388,4587834,554
324994001,47.6593,72.1197,485,29029,0.800931,0.73,2,4588418,4587933,485
324996921,79.0637,46.8479,555,29102,0.830372,0.69,2,4588518,4587963,555
324999841,60.4255,78.7392,503,29175,0.854149,0.69,2,4588566,4588063,503
325002761,39.7702,60.2957,481,29248,0.87566,0.69,2,4588592,4588111,481
325005681,42.9081,39.7183,500,29320,0.896264,0.71,2,4588637,4588137,500
325119561,31.0348,35.2593,509,32013,0.871931,1,2,4590525,4590016,509
325122481,34.6139,30.3037,519,32079,0.870772,1,2,4590562,4590043,519
325125401,28.2456,33.1215,508,32145,0.858309,1,2,4590586,4590078,508
325128321,33.4982,32.4486,513,32211,0.877324,0.93,2,4590623,4590110,513
325131241,30.7993,37.5794,501,32277,0.896929,1,2,4590652,4590151,501
325268481,76.1786,41.4216,570,35224,0.865574,1,2,4592783,4592213,570
325271401,81.4714,82.5686,545,35284,0.796229,0.91,2,4592868,4592323,545
325274321,54.7886,73.8275,514,35344,0.768492,1,2,4592905,4592391,514
325280161,30.7262,43.2524,503,35464,0.755359,0.93,2,4592959,4592456,503
325312281,37.1839,39.3154,457,36115,0.783119,0.77,2,4593391,4592934,457
325315201,28.0736,30.7262,454,36174,0.751248,0.67,2,4593413,4592959,454
325318121,25.6294,26.0905,455,36232,0.762499,0.69,2,4593437,4592982,455
325323961,24.8607,26.7345,452,36348,0.7592,0.65,2,4593486,4593034,452
325326881,19.5443,20.2938,452,36406,0.76568,0.63,2,4593502,4593050,452
325332721,35.6471,34.807,453,36522,0.771709,0.63,2,4593573,4593120,453
325335641,32.2588,33.1228,451,36580,0.758683,0.71,2,4593603,4593152,451
325338561,72.3035,70.2491,455,36638,0.777473,0.77,2,4593702,4593247,455
325341481,78.1214,74.8997,459,36696,0.796989,0.75,2,4593784,4593325,459
325344401,55.8486,53.9599,460,36754,0.828796,0.81,2,4593825,4593365,460
325347321,37.9394,37.1839,460,36811,0.877518,0.73,2,4593851,4593391,460
325350241,27.1758,28.0736,458,36868,0.897007,0.77,2,4593871,4593413,458
325356081,24.5081,24.6518,458,36982,0.895921,0.77,2,4593919,4593461,458
325545881,312.385,344.112,468,17520,0.808432,0.97,2,4596396,4595928,468
325548801,165.754,168.245,485,18366,0.785373,0.85,2,4596464,4595979,485
325551721,154.502,120.098,544,18482,0.776149,0.79,2,4596611,4596067,544
325554641,125.401,132.639,509,18597,0.80846,0.75,2,4596717,4596208,509
325557561,85.5603,99.2557,491,18711,0.809384,0.81,2,4596776,4596285,491
325560481,58.8241,84.7023,457,18824,0.833754,0.71,2,4596817,4596360,457
325563401,43.9296,45.8809,471,18937,0.867501,0.77,2,4596851,4596380,471
325636401,45.4049,53.63,478,21562,0.8644,1,2,4598744,4598266,478
325645161,104.162,110.88,490,21855,0.261482,1,1,4599003,4598513,490
325651001,57.1059,64.7808,473,22049,0.0838371,0.91,1,4599128,4598655,473
325665601,91.3374,104.162,423,22526,0.220247,0.09,1,4599426,4599003,423
325668521,92.935,41.6648,517,22620,0.238099,0.05,1,4599520,4599003,517
325671441,54.574,74.2659,450,22714,0.23324,0.05,1,4599549,4599099,450
325674361,51.2296,47.1064,470,22807,0.207296,0.13,1,4599598,4599128,470
325677281,42.6918,45.2425,463,22900,0.208918,0.13,1,4599635,4599172,463
325680201,54.8767,40.297,489,22993,0.209567,0.15,1,4599698,4599209,489
325683121,39.9507,52.7188,458,23085,0.233827,0.15,1,4599728,4599270,458
325686041,93.9803,39.0875,558,23177,0.255531,0.27,1,4599858,4599300,558
325688961,94.5921,91.235,527,23268,0.276212,0.25,1,4599953,4599426,527
325691881,55.2368,92.894,462,23359,0.284485,0.23,1,4599982,4599520,462
325697721,42.6779,51.223,468,23540,0.404318,0.21,1,4600066,4599598,468
325700641,55.4712,42.6892,495,23630,0.443727,0.21,1,4600130,4599635,495
325703561,40.7885,54.8757,463,23720,0.447491,0.25,1,4600161,4599698,463
325747361,56.676,54.8356,453,25026,0.77973,0.63,2,4601028,4600575,453
325750281,40.6704,39.9342,453,25111,0.773892,0.77,2,4601058,4600605,453
325753201,98.4682,95.1737,458,25195,0.867557,0.67,2,4601195,4600737,458
325756121,98.1873,98.6695,455,25279,0.893023,0.71,2,4601293,4600838,455
325861241,39.8985,36.8848,500,28138,0.895216,1,2,4603260,4602760,500
325864161,35.7594,38.7539,493,28213,0.832086,1,2,4603293,4602800,493
325881681,95.3549,100.268,569,28660,0.095094,0.9,1,4603673,4603104,569
325884601,52.5419,98.9072,495,28734,0.0440376,0.88,1,4603697,4603202,495
325887521,37.2168,57.5629,492,28808,0.059615,0.89,1,4603724,4603232,492
325890441,29.8867,39.8251,489,28881,0.089846,0.79,1,4603749,4603260,489
325893361,27.5547,35.7301,482,28954,0.0899384,0.69,1,4603775,4603293,482
325896281,28.4219,32.892,480,29027,0.0659754,0.59,1,4603804,4603324,480
325899201,34.7688,32.3568,487,29100,0.0683901,0.41,1,4603843,4603356,487
325902121,33.7075,40.5427,474,29173,0.0813561,0.29,1,4603876,4603402,474
325919641,28.1069,29.8867,451,29606,0.204988,0.09,1,4604200,4603749,451
325922561,27.4428,27.5547,452,29677,0.231995,0.05,1,4604227,4603775,452
325925481,36.1771,28.4219,465,29748,0.254798,0.07,1,4604269,4603804,465
325928401,34.8708,34.7688,460,29819,0.275919,0.09,1,4604303,4603843,460
325931321,15.1483,33.7075,429,29890,0.284368,0.23,1,4604305,4603876,429
325945921,31.0642,29.7672,433,30242,0.440797,0.21,1,4604606,4604173,433
325948841,28.6257,28.1069,433,30312,0.446319,0.25,1,4604633,4604200,433
325957601,35.84,34.8708,436,30521,0.443524,0.29,1,4604739,4604303,436
325960521,15.536,15.1483,436,30590,0.43541,0.33,1,4604741,4604305,436
325963441,85.4144,85.2593,436,30659,0.444164,0.39,1,4604873,4604437,436
326024761,91.9616,86.5004,546,32078,0.801116,0.65,2,4605864,4605318,546
326027681,51.1846,91.6002,475,32144,0.854446,0.61,2,4605888,4605413,475
326150321,104.306,83.796,597,34800,0.875199,0.98,2,4607777,4607180,597
326156161,39.489,55.2874,513,34922,0.897232,1,2,4607830,4607317,513
326159081,32.5956,37.1149,516,34983,0.844893,1,2,4607858,4607342,516
326160541,26.8382,24.446,523,35043,0.895957,1,2,4607881,4607358,523
326235001,163.215,155.419,463,17700,0.807534,0.67,2,4609585,4609122,463
326237921,95.2859,68.7674,502,17820,0.845014,0.63,2,4609635,4609133,502
326240841,68.1144,57.507,502,17939,0.860005,0.69,2,4609685,4609183,502
326243761,36.8457,51.2028,471,18057,0.866002,0.73,2,4609701,4609230,471
326246681,15.9383,30.0811,457,18175,0.868401,0.77,2,4609703,4609246,457
326326981,142.379,162.826,483,21202,0.813877,1,2,4611983,4611500,483
326347421,128.963,142.379,457,21893,0.243642,0.69,1,4612440,4611983,457
326376621,46.3224,56.8536,457,22843,0.202447,0.17,1,4612996,4612539,457
326379541,28.129,41.9414,441,22936,0.230979,0.11,1,4613012,4612571,441
326382461,55.6516,26.9766,498,23028,0.266392,0.13,1,4613086,4612588,498
326385381,41.4606,52.7906,460,23120,0.280557,0.21,1,4613118,4612658,460
326394141,66.3495,66.7146,496,23394,0.423796,0.19,1,4613393,4612897,496
326397061,47.5398,66.2858,465,23485,0.427518,0.21,1,4613428,4612963,465
326399981,29.2159,46.3143,449,23575,0.441007,0.25,1,4613445,4612996,449
326435021,72.2981,69.0183,455,24633,0.794049,0.65,2,4614224,4613769,455
326437941,30.1192,28.8073,455,24719,0.81562,0.71,2,4614226,4613771,455
326440861,51.6477,51.1229,455,24805,0.836248,0.71,2,4614292,4613837,455
326443781,42.2591,42.0492,455,24890,0.880499,0.69,2,4614328,4613873,455
326446701,26.5036,27.0197,454,24975,0.8742,0.71,2,4614344,4613890,454
326449621,56.8015,56.4079,455,25060,0.87168,0.69,2,4614421,4613966,455
326452541,43.1206,42.3631,456,25145,0.894672,0.77,2,4614455,4613999,456
326557661,86.3211,88.0775,482,28018,0.87039,1,2,4616606,4616124,482
326560581,54.9284,52.031,488,28094,0.834156,1,2,4616640,4616152,488
326563501,42.3714,41.2124,488,28169,0.807662,1,2,4616674,4616186,488
326566421,41.5486,39.285,491,28244,0.809065,1,2,4616715,4616224,491
326569341,29.8194,32.514,485,28319,0.785626,0.99,2,4616737,4616252,485
326572261,33.5278,34.6056,485,28394,0.83625,0.99,2,4616773,4616288,485
326575181,27.2111,13.8422,508,28469,0.8325,0.86,2,4616796,4616288,508
326578101,33.6844,25.3369,513,28543,0.807,0.97,2,4616834,4616321,513
326581021,116.674,35.9348,642,28617,0.8328,0.87,2,4617006,4616364,642
326583941,80.2695,122.974,517,28691,0.86712,0.85,2,4617062,4616545,517
326586861,53.1078,85.7896,491,28765,0.868848,0.81,2,4617097,4616606,491
326703661,52.3933,51.1652,530,31573,0.8956,1,2,4619051,4618521,530
326706581,41.3573,54.6661,507,31640,0.83224,1,2,4619085,4618578,507
326709501,37.5429,41.6664,509,31707,0.794896,1,2,4619120,4618611,509
326727021,58.4974,103.144,507,32105,0.413266,1,1,4619426,4618919,507
326732861,48.3596,49.9831,515,32237,0.405723,0.85,1,4619512,4618997,515
326759141,23.6146,58.4974,441,32823,0.405666,0.39,1,4619867,4619426,441
326762061,30.4458,44.399,441,32887,0.420266,0.41,1,4619902,4619461,441
326764981,42.7783,48.3596,441,32951,0.438107,0.35,1,4619953,4619512,441
326802941,33.7699,33.1245,445,33776,0.767503,0.53,2,4620461,4620016,445
326805861,35.108,33.6498,447,33839,0.757001,0.53,2,4620497,4620050,447
326808781,37.4432,35.6599,449,33901,0.7648,0.57,2,4620536,4620087,449
326811701,31.1773,29.864,450,33963,0.77992,0.57,2,4620563,4620113,450
326814621,24.4709,25.1456,448,34025,0.785968,0.65,2,4620583,4620135,448
326817541,96.7884,93.4582,454,34087,0.788387,0.67,2,4620728,4620274,454
326820461,59.1153,57.1833,455,34149,0.825355,0.67,2,4620762,4620307,455
326823381,24.8461,24.0733,455,34211,0.816142,0.67,2,4620764,4620309,455
326826301,30.3385,9.62933,489,34273,0.824457,0.69,2,4620798,4620309,489
326829221,43.9354,24.2517,508,34335,0.851783,0.73,2,4620851,4620343,508
326832141,38.5742,41.5007,490,34397,0.850713,0.75,2,4620886,4620396,490
326835061,35.2297,37.0003,489,34458,0.838285,0.79,2,4620919,4620430,489
326837981,35.6919,33.4001,494,34519,0.869314,0.75,2,4620955,4620461,494
326840901,37.0767,34.96,496,34580,0.881726,0.77,2,4620993,4620497,496
326843821,31.6307,37.384,485,34641,0.89869,0.79,2,4621021,4620536,485
326981061,28.829,35.6565,517,37401,0.84856,1,2,4622936,4622419,517
326983981,32.5316,35.8626,516,37457,0.789424,1,2,4622971,4622455,516
326989821,69.6451,93.698,523,37569,0.257108,1,1,4623139,4622616,523
326995661,37.0632,50.8717,501,37681,0.0435372,1,1,4623199,4622698,501
326998581,38.8253,35.9487,515,37737,0.0234149,1,1,4623239,4622724,515
327001501,32.3301,34.1795,510,37793,0.051366,1,1,4623267,4622757,510
327004421,27.932,32.2718,504,37849,0.0265464,1,1,4623292,4622788,504
327007341,25.5728,28.5087,502,37905,0.0766186,1,1,4623316,4622814,502
327010261,28.2291,28.2035,504,37961,0.0486474,0.96,1,4623346,4622842,504
327013181,29.8917,31.6814,501,38017,0.025459,0.91,1,4623377,4622876,501
327016101,24.5567,33.0726,488,38073,0.0161836,0.79,1,4623398,4622910,488
327019021,29.6227,28.829,495,38128,0.0244734,0.75,1,4623431,4622936,495
327021941,56.8491,32.5316,535,38183,0.0397894,0.27,1,4623506,4622971,535
327024861,56.3396,73.6126,490,38238,0.0939157,0.11,1,4623562,4623072,490
327027781,39.9359,69.6451,452,38293,0.0555663,0.01,1,4623591,4623139,452
327030701,36.3743,44.658,458,38348,0.0522265,0,1,4623625,4623167,458
327033621,35.5497,37.0632,461,38403,0.0268906,0.01,1,4623660,4623199,461
327036541,31.0199,38.8253,449,38458,0.0887562,0.07,1,4623688,4623239,449
327039461,28.008,32.3301,447,38513,0.0415025,0.01,1,4623714,4623267,447
327042381,25.6032,27.932,446,38568,0.034601,0.11,1,4623738,4623292,446
327045301,11.4413,25.5728,424,38623,0.0318404,0.03,1,4623740,4623316,424
327048221,21.9765,28.2291,423,38678,0.0787362,0.01,1,4623769,4623346,423
327051141,27.3906,29.8917,423,38733,0.0494945,0.01,1,4623800,4623377,423
327054061,23.5562,24.5567,423,38788,0.0197978,0.03,1,4623821,4623398,423
327056981,29.8225,29.6227,424,38842,0.0379191,0.05,1,4623855,4623431,424
327059901,56.929,56.8491,424,38896,0.0331676,0.13,1,4623930,4623506,424
327062821,56.3716,56.3396,424,38950,0.0552671,0.03,1,4623986,4623562,424
327065741,39.3486,39.9359,423,39004,0.0521068,0.05,1,4624014,4623591,423
327068661,36.7395,36.3743,424,39058,0.0508427,0.01,1,4624049,4623625,424
327071581,34.4958,35.5497,422,39112,0.0503371,0.13,1,4624082,4623660,422
327074501,34.1983,31.0199,428,39166,0.0201348,0.01,1,4624116,4623688,428
327077421,25.6793,28.008,422,39220,0.0500539,0.03,1,4624136,4623714,422
327080341,27.0717,25.6032,426,39274,0.0380216,0.03,1,4624164,4623738,426
327083261,12.0287,11.4413,426,39328,0.0332086,0.11,1,4624166,4623740,426
327086181,20.4115,21.9765,423,39382,0.0312835,0.03,1,4624192,4623769,423
327089101,26.7646,27.3906,423,39436,0.0305134,0,1,4624223,4623800,423
327092021,22.7058,23.5562,422,39490,0.0302054,0.05,1,4624243,4623821,422
327094941,30.6823,29.8225,424,39543,0.0180821,0.03,1,4624279,4623855,424
327097861,57.2729,56.929,424,39596,0.0732329,0.07,1,4624354,4623930,424
327100781,57.1092,56.3716,425,39649,0.0832931,0.05,1,4624411,4623986,425
327103701,37.8437,39.3486,422,39702,0.0513173,0.05,1,4624436,4624014,422
327106621,36.1375,36.7395,422,39755,0.0505269,0.05,1,4624471,4624049,422
327109541,34.255,34.4958,422,39808,0.0622108,0,1,4624504,4624082,422
327112461,34.102,34.1983,422,39861,0.0428843,0.07,1,4624538,4624116,422
327115381,25.6408,25.6793,422,39914,0.0471537,0.03,1,4624558,4624136,422
327118301,27.6563,27.0717,423,39967,0.0368615,0.03,1,4624587,4624164,423
327121221,12.2625,12.0287,423,40020,0.0327446,0.03,1,4624589,4624166,423
327124141,20.505,20.4115,423,40073,0.0670978,0.03,1,4624615,4624192,423
327127061,26.202,8.16459,453,40126,0.0808391,0.03,1,4624645,4624192,453
327129981,21.8808,21.8658,441,40179,0.0983357,0.03,1,4624664,4624223,441
327132901,30.9523,20.7463,458,40232,0.0933343,0.01,1,4624701,4624243,458
327211741,25.6716,31.5486,429,41624,0.217027,0.13,1,4625555,4625126,429
327214661,57.0686,60.0195,428,41675,0.212811,0.13,1,4625633,4625205,428
327217581,57.6275,58.8078,428,41726,0.247124,0.13,1,4625691,4625263,428
327220501,37.451,37.9231,428,41777,0.29685,0.17,1,4625715,4625287,428
327232181,25.4963,25.5756,430,41978,0.402879,0.13,1,4625835,4625405,430
327238021,11.9994,12.4921,428,42078,0.416061,0.13,1,4625865,4625437,428
327240941,21.5998,21.7968,428,42128,0.412424,0.17,1,4625893,4625465,428
327243861,30.2399,29.1187,430,42178,0.43497,0.17,1,4625929,4625499,430
327252621,25.9354,25.6716,432,42328,0.443758,0.21,1,4625987,4625555,432
327311021,34.018,35.3027,481,43315,0.773763,0.53,2,4626702,4626221,481
327313941,26.8072,34.5211,469,43364,0.795505,0.55,2,4626724,4626255,469
327316861,27.5229,26.4084,476,43413,0.804202,0.55,2,4626752,4626276,476
327319781,12.2092,27.3634,450,43462,0.807681,0.55,2,4626754,4626304,450
327322701,24.0837,12.1453,480,43511,0.821072,0.61,2,4626786,4626306,480
327325621,32.4335,23.4581,487,43559,0.862429,0.59,2,4626824,4626337,487
327328541,24.3734,31.5833,469,43607,0.878972,0.65,2,4626843,4626374,469
327331461,10.9494,23.4333,453,43655,0.885589,0.65,2,4626845,4626392,453
327550461,207.142,187.103,542,21270,0.2908,1,1,4629412,4628870,542
327556301,83.6628,93.6565,496,21469,0.071728,0.81,1,4629537,4629041,496
327559221,78.4651,84.8626,492,21568,0.0826912,0.71,1,4629612,4629120,492
327562141,72.786,63.945,511,21666,0.0990765,0.41,1,4629681,4629170,511
327567981,28.0858,45.7512,445,21861,0.0962522,0.07,1,4629724,4629279,445
327585501,43.1296,43.5978,425,22437,0.204124,0.09,1,4630132,4629707,425
327588421,28.0518,27.6391,426,22532,0.219649,0.09,1,4630150,4629724,426
327591341,83.8207,11.0557,547,22626,0.20186,0.17,1,4630271,4629724,547
327594261,71.3283,74.6223,493,22720,0.242744,0.23,1,4630334,4629841,493
327597181,59.7313,67.6489,482,22813,0.283098,0.13,1,4630386,4629904,482
327600101,67.6925,60.0596,500,22906,0.299239,0.11,1,4630459,4629959,500
327614701,73.0762,83.8096,497,23365,0.426875,0.27,1,4630768,4630271,497
327658501,36.2469,36.0501,446,24690,0.773914,0.55,2,4631593,4631147,446
327661421,54.6987,54.02,447,24776,0.771565,0.55,2,4631660,4631213,447
327664341,57.2795,55.208,450,24862,0.818626,0.65,2,4631719,4631269,450
327667261,68.5118,66.4832,452,24947,0.837451,0.69,2,4631795,4631343,452
327670181,75.4047,73.3933,454,25032,0.88098,0.71,2,4631875,4631421,454
327673101,46.3619,44.3573,456,25117,0.886392,0.69,2,4631902,4631446,456
327778221,79.0531,75.8164,491,27992,0.8896,1,2,4633950,4633459,491
327781141,55.6212,51.3266,496,28068,0.80584,1,2,4633990,4633494,496
327804501,73.6955,35.5747,571,28665,0.77555,0.88,2,4634414,4633843,571
327807421,49.8782,78.4299,498,28739,0.83222,0.75,2,4634448,4633950,498
327810341,42.1513,55.3719,495,28813,0.842888,0.71,2,4634485,4633990,495
327813261,61.8605,44.3488,533,28886,0.859155,0.71,2,4634560,4634027,533
327816181,52.9442,63.9395,503,28959,0.865662,0.65,2,4634607,4634104,503
327819101,45.1777,54.3758,495,29032,0.880265,0.71,2,4634647,4634152,495
327822021,48.6711,46.3503,505,29105,0.886106,0.65,2,4634698,4634193,505
327824941,47.6684,49.7401,500,29178,0.876442,0.67,2,4634745,4634245,500
327827861,35.2674,45.0961,485,29251,0.896577,0.71,2,4634772,4634287,485
327947581,53.0506,27.4008,558,32081,0.8356,1,2,4636766,4636208,558
327959261,63.2973,58.6951,537,32345,0.281887,1,1,4636975,4636438,537
327965101,43.7276,47.0712,511,32475,0.058302,1,1,4637049,4636538,511
327968021,55.291,42.2285,535,32540,0.0533208,1,1,4637112,4636577,535
327970941,41.3164,55.2914,503,32605,0.0513283,1,1,4637144,4636641,503
327973861,29.7266,41.3166,493,32670,0.0505313,0.94,1,4637166,4636673,493
327976781,46.6906,32.1266,525,32735,0.0502125,0.75,1,4637224,4636699,525
327979701,19.8763,53.0506,460,32800,0.050085,0.69,1,4637226,4636766,460
327982621,24.7505,41.0203,455,32864,0.062034,0.55,1,4637254,4636799,455
327985541,32.7002,44.6081,446,32928,0.0548136,0.43,1,4637292,4636846,446
327988461,44.2801,53.2432,439,32992,0.0399254,0.13,1,4637344,4636905,439
327991381,51.912,63.2973,426,33056,0.0459702,0.03,1,4637401,4636975,426
327994301,38.1648,43.3189,425,33120,0.0603881,0.01,1,4637430,4637005,425
327997221,39.8659,43.7276,422,33184,0.0241552,0.05,1,4637471,4637049,422
328000141,53.7464,55.291,422,33248,0.0276621,0.05,1,4637534,4637112,422
328003061,42.4985,41.3164,425,33312,0.0290648,0.05,1,4637569,4637144,425
328005981,28.3994,29.7266,422,33375,0.0416259,0.05,1,4637588,4637166,422
328008901,47.3598,46.6906,424,33438,0.0226504,0.05,1,4637648,4637224,424
328011821,20.1439,19.8763,424,33501,0.0390601,0.07,1,4637650,4637226,424
328014741,23.6576,24.7505,422,33564,0.0696241,0.05,1,4637676,4637254,422
328017661,32.263,32.7002,422,33627,0.0458496,0.03,1,4637714,4637292,422
328020581,44.7052,44.2801,423,33690,0.0723398,0.05,1,4637767,4637344,423
328032261,54.1749,53.7464,423,33941,0.0843639,0.03,1,4637957,4637534,423
328035181,42.6699,42.4985,423,34003,0.0517456,0.05,1,4637992,4637569,423
328038101,28.468,28.3994,423,34065,0.0506982,0.01,1,4638011,4637588,423
328041021,46.7872,47.3598,422,34127,0.0622793,0.05,1,4638070,4637648,422
328043941,19.9149,20.1439,422,34189,0.0789117,0.09,1,4638072,4637650,422
328046861,25.9659,23.6576,426,34251,0.0615647,0.09,1,4638102,4637676,426
328049781,31.3864,9.46302,461,34313,0.0306259,0.03,1,4638137,4637676,461
328052701,46.1546,26.5852,479,34375,0.0122503,0.09,1,4638193,4637714,479
328055621,52.6618,42.4341,483,34437,0.0229001,0.13,1,4638250,4637767,483
328058541,40.2647,50.5736,459,34498,0.0271601,0.17,1,4638282,4637823,459
328061461,36.5059,38.2295,463,34559,0.040864,0.13,1,4638316,4637853,463
328064381,51.8024,39.2918,485,34620,0.0343456,0.05,1,4638378,4637893,485
328067301,42.3209,54.1167,457,34681,0.0557382,0.03,1,4638414,4637957,457
328070221,27.7284,42.6467,440,34742,0.0642953,0.05,1,4638432,4637992,440
328073141,47.6914,28.4587,482,34803,0.0557181,0.07,1,4638493,4638011,482
328076061,20.2765,46.7835,425,34864,0.0522872,0.09,1,4638495,4638070,425
328078981,26.1106,19.9134,453,34925,0.0509149,0.05,1,4638525,4638072,453
328081901,30.8442,25.9654,457,34986,0.026366,0.01,1,4638559,4638102,457
328084821,45.9377,31.3861,478,35046,0.0405464,0,1,4638615,4638137,478
328087741,52.5751,46.1545,479,35106,0.0582186,0.03,1,4638672,4638193,479
328090661,40.23,52.6618,454,35166,0.0772874,0.03,1,4638704,4638250,454
328093581,37.092,40.2647,457,35226,0.072915,0.05,1,4638739,4638282,457
328096501,51.4368,36.5059,484,35286,0.059166,0.03,1,4638800,4638316,484
328099421,43.3747,51.8024,460,35346,0.0536664,0.07,1,4638838,4638378,460
328102341,28.1499,42.3209,442,35406,0.0634666,0.07,1,4638856,4638414,442
328105261,47.26,27.7284,484,35466,0.0553866,0.05,1,4638916,4638432,484
328108181,20.104,47.6914,425,35526,0.0521546,0.05,1,4638918,4638493,425
328111101,26.0416,20.2765,453,35586,0.0628619,0.05,1,4638948,4638495,453
328114021,30.2166,26.1106,456,35645,0.0911447,0.01,1,4638981,4638525,456
328131541,50.5514,51.4368,424,35999,0.226409,0.05,1,4639224,4638800,424
328134461,43.6206,43.3747,425,36058,0.252564,0.07,1,4639263,4638838,425
328137381,28.2482,28.1499,425,36117,0.287025,0.05,1,4639281,4638856,425
328151981,13.4643,13.2867,426,36408,0.4006,0.15,1,4639409,4638983,426
328154901,39.5857,38.9147,427,36466,0.40624,0.19,1,4639466,4639039,427
328157821,51.8343,50.3659,429,36524,0.408496,0.21,1,4639526,4639097,429
328160741,41.1337,39.9463,430,36582,0.433398,0.19,1,4639560,4639130,430
328163661,37.4535,36.3785,431,36640,0.431359,0.25,1,4639595,4639164,431
328239581,45.8093,53.3761,497,38112,0.773557,0.69,2,4640597,4640100,497
328242501,30.3237,46.5504,475,38167,0.783423,0.67,2,4640617,4640142,475
328245421,48.7295,31.2202,515,38222,0.799369,0.67,2,4640678,4640163,515
328248341,20.6918,49.0881,456,38277,0.805748,0.67,2,4640680,4640224,456
328251261,29.2767,20.8352,489,38332,0.820299,0.69,2,4640715,4640226,489
328254181,32.1107,28.7341,489,38387,0.85012,0.69,2,4640749,4640260,489
328257101,14.0443,33.0936,455,38442,0.862048,0.69,2,4640751,4640296,455
328260021,42.2177,14.4375,514,38497,0.866819,0.65,2,4640812,4640298,514
328262941,54.6871,42.375,516,38552,0.868728,0.69,2,4640875,4640359,516
328265861,44.0748,53.55,492,38607,0.881491,0.71,2,4640912,4640420,492
328268781,18.8299,43.02,458,38662,0.886596,0.73,2,4640914,4640456,458
328403101,29.3892,30.9772,506,41100,0.885173,1,2,4642609,4642103,506
328417701,44.5253,48.1041,518,41355,0.403096,1,1,4642806,4642288,518
328429381,26.2198,40.2891,490,41559,0.0604793,1,1,4642924,4642434,490
328432301,29.6879,36.5156,488,41610,0.0421917,0.98,1,4642956,4642468,488
328435221,26.2752,33.2063,481,41661,0.0468767,0.95,1,4642980,4642499,481
328438141,38.1101,45.6825,473,41712,0.0247507,0.92,1,4643026,4642553,473
328441061,32.644,37.473,470,41763,0.0519003,0.85,1,4643055,4642585,470
328443981,23.2576,29.3892,463,41814,0.0507601,0.65,1,4643072,4642609,463
328446901,24.903,30.9557,457,41864,0.038304,0.57,1,4643098,4642641,457
328449821,29.7612,34.5823,453,41914,0.0213216,0.51,1,4643131,4642678,453
328452741,31.1045,33.0329,453,41964,0.0265286,0.43,1,4643163,4642710,453
328455661,36.4418,43.8132,442,42014,0.0766115,0.35,1,4643203,4642761,442
328473181,29.3838,29.6879,423,42314,0.0747157,0.05,1,4643379,4642956,423
328476101,25.5535,26.2752,422,42364,0.0718863,0.01,1,4643402,4642980,422
328479021,39.6214,38.1101,425,42414,0.0707545,0.07,1,4643451,4643026,425
328481941,32.0486,32.644,423,42464,0.0703018,0.05,1,4643478,4643055,423
328484861,23.0194,23.2576,423,42514,0.0581207,0.03,1,4643495,4643072,423
328487781,24.8078,24.903,423,42564,0.0292483,0.01,1,4643521,4643098,423
328490701,29.1231,29.7612,422,42614,0.0176993,0.03,1,4643553,4643131,422
328493621,31.4492,31.1045,423,42664,0.0130797,0.11,1,4643586,4643163,423
328496541,37.7797,36.4418,425,42713,0.0472319,0.13,1,4643628,4643203,425
328499461,41.5119,40.9767,425,42762,0.0488928,0.17,1,4643672,4643247,425
328502381,36.4048,34.9907,427,42811,0.0735571,0.13,1,4643705,4643278,427
328505301,22.9619,22.9963,426,42860,0.0954228,0.15,1,4643719,4643293,426
328519901,39.3148,18.5014,471,43105,0.0831819,0.07,1,4643873,4643402,471
328522821,31.9259,36.8006,449,43154,0.0752728,0.07,1,4643900,4643451,449
328525741,22.3704,30.9202,438,43203,0.0961091,0.05,1,4643916,4643478,438
328528661,25.1481,22.5681,448,43252,0.0924436,0.01,1,4643943,4643495,448
328531581,28.6593,24.6272,453,43301,0.0789775,0.01,1,4643974,4643521,453
328534501,31.2637,29.0509,454,43350,0.085591,0.01,1,4644007,4643553,454
328537421,38.3055,31.4204,464,43399,0.0522364,0.07,1,4644050,4643586,464
328540341,42.9222,37.7681,468,43448,0.0388946,0.05,1,4644096,4643628,468
328543261,36.9689,41.5073,457,43497,0.0455578,0.09,1,4644129,4643672,457
328546181,23.1876,36.4029,438,43546,0.0482231,0.11,1,4644143,4643705,438
328549101,30.875,22.9612,460,43594,0.0612893,0.13,1,4644179,4643719,460
328552021,25.55,28.9845,449,43642,0.0665157,0.17,1,4644201,4643752,449
328554941,26.42,24.7938,454,43690,0.0566063,0.13,1,4644228,4643774,454
328557861,22.568,26.7175,446,43738,0.0646425,0.13,1,4644248,4643802,446
328560781,39.0272,23.287,475,43786,0.079857,0.05,1,4644298,4643823,475
328584141,36.557,42.9222,456,44170,0.201648,0.05,1,4644552,4644096,456
328587061,23.0228,36.9689,437,44218,0.206659,0.05,1,4644566,4644129,437
328592901,25.7636,30.875,446,44314,0.216665,0.07,1,4644625,4644179,446
328595821,26.5055,25.55,451,44362,0.272666,0.05,1,4644652,4644201,451
328598741,22.6022,26.42,444,44410,0.295066,0.07,1,4644672,4644228,444
328689261,43.1015,43.2467,452,45857,0.797619,0.65,2,4645618,4645166,452
328692181,18.4406,18.4987,452,45903,0.829048,0.65,2,4645620,4645168,452
328695101,22.9762,22.9995,452,45949,0.853619,0.65,2,4645646,4645194,452
328698021,21.1905,9.19979,472,45995,0.839448,0.63,2,4645666,4645194,472
328700941,25.8762,15.6799,481,46041,0.821779,0.63,2,4645695,4645214,481
328703861,29.5505,23.672,484,46087,0.838712,0.65,2,4645727,4645243,484
328706781,32.2202,29.2688,485,46133,0.869485,0.61,2,4645761,4645276,485
328709701,37.4881,32.1075,492,46179,0.869794,0.67,2,4645802,4645310,492
328712621,46.1952,36.843,504,46225,0.857918,0.71,2,4645854,4645350,504
328715541,37.6781,44.7372,486,46271,0.853167,0.67,2,4645886,4645400,486
328718461,23.4712,37.0949,468,46317,0.851267,0.69,2,4645900,4645432,468
328721381,32.1885,23.838,491,46363,0.850507,0.65,2,4645938,4645447,491
328724301,27.8754,32.3352,478,46408,0.838203,0.71,2,4645963,4645485,478
328727221,30.9502,27.3341,487,46453,0.857281,0.71,2,4645996,4645509,487
328730141,27.3801,30.1336,480,46498,0.804912,0.73,2,4646021,4645541,480
328733061,45.752,25.2535,516,46543,0.783965,0.85,2,4646079,4645563,516
328735981,19.5008,43.1014,463,46588,0.775586,0.85,2,4646081,4645618,463
328738901,24.0003,18.4406,488,46633,0.796234,0.87,2,4646108,4645620,488
328741821,21.6001,22.9762,482,46678,0.804494,0.83,2,4646128,4645646,482
328744741,25.4401,21.1905,490,46723,0.819798,0.81,2,4646156,4645666,490
328747661,30.576,25.8762,495,46768,0.825919,0.85,2,4646190,4645695,495
328750581,33.8304,29.5505,499,46813,0.864368,0.89,2,4646226,4645727,499
328753501,38.1322,32.2202,506,46858,0.867747,0.87,2,4646267,4645761,506
328976881,64.8598,40.1447,491,23278,0.411478,0.19,1,4649156,4648665,491
328979801,55.9439,51.4579,482,23369,0.410591,0.23,1,4649206,4648724,482
328982721,69.1776,49.9832,511,23460,0.434237,0.29,1,4649284,4648773,511
329029441,65.791,64.3859,454,24866,0.766647,0.69,2,4650184,4649730,454
329032361,76.1164,75.5544,454,24951,0.804659,0.73,2,4650267,4649813,454
329035281,86.8466,85.4217,456,25036,0.819863,0.71,2,4650361,4649905,456
329038201,44.3386,44.3687,455,25121,0.849945,0.65,2,4650377,4649922,455
329041121,43.5354,44.1475,454,25205,0.849978,0.71,2,4650420,4649966,454
329044041,67.2142,66.859,455,25289,0.861991,0.71,2,4650503,4650048,455
329134561,58.5919,66.3396,477,27768,0.8308,1,2,4652258,4651781,477
329137481,43.2368,42.7359,483,27844,0.75832,1,2,4652291,4651808,483
329149161,45.9533,40.9964,491,28147,0.224037,1,1,4652479,4651988,491
329166681,39.2788,37.5267,495,28595,0.206688,0.61,1,4652786,4652291,495
329169601,46.3115,42.6107,500,28669,0.232675,0.35,1,4652837,4652337,500
329172521,35.9246,53.0443,469,28743,0.23107,0.29,1,4652866,4652397,469
329175441,40.7698,41.0177,480,28817,0.254428,0.13,1,4652910,4652430,480
329181281,69.4032,57.9228,507,28963,0.298708,0.09,1,4653052,4652545,507
329184201,52.3613,72.3691,466,29036,0.293483,0.13,1,4653093,4652627,466
329187121,53.9445,52.3477,482,29109,0.291393,0.17,1,4653148,4652666,482
329195881,46.5804,39.2782,482,29327,0.404809,0.25,1,4653268,4652786,482
329198801,36.6322,46.3113,461,29399,0.419924,0.23,1,4653298,4652837,461
329201721,42.2529,35.9245,478,29471,0.437969,0.27,1,4653344,4652866,478
329268881,53.6731,52.8111,450,31080,0.782071,0.59,2,4654426,4653976,450
329271801,55.0693,54.1244,451,31148,0.810829,0.61,2,4654482,4654031,451
329274721,40.0277,39.0498,452,31216,0.822331,0.65,2,4654512,4654060,452
329277641,17.2111,16.8199,452,31284,0.850933,0.65,2,4654514,4654062,452
329280561,34.4844,6.72796,498,31352,0.838373,0.65,2,4654560,4654062,498
329283481,45.5938,29.6912,506,31419,0.881349,0.67,2,4654613,4654107,506
329420721,69.2789,44.2574,565,34441,0.892831,1,2,4656752,4656187,565
329423641,52.3115,67.503,523,34502,0.759133,1,2,4656793,4656270,523
329444081,25.915,32.4538,501,34929,0.279507,1,1,4657062,4656561,501
329447001,27.766,30.9815,500,34990,0.225803,0.95,1,4657091,4656591,500
329452841,62.2826,38.197,550,35110,0.214928,0.83,1,4657212,4656662,550
329464521,35.804,48.4498,472,35350,0.20043,0.33,1,4657384,4656912,472
329467441,33.5216,39.1799,471,35410,0.206172,0.35,1,4657416,4656945,471
329470361,29.0086,36.672,462,35470,0.232469,0.33,1,4657442,4656980,462
329473281,29.6035,31.4688,464,35530,0.266988,0.31,1,4657472,4657008,464
329476201,23.2414,31.7875,451,35589,0.244795,0.25,1,4657491,4657040,451
329479121,26.0966,25.915,457,35648,0.271918,0.19,1,4657519,4657062,457
329482041,11.6386,27.766,430,35707,0.282767,0.17,1,4657521,4657091,430
329484961,29.2554,35.7064,430,35766,0.287107,0.23,1,4657562,4657132,430
329514161,26.1435,26.0966,434,36353,0.403216,0.29,1,4657953,4657519,434
329517081,11.6574,11.6386,434,36411,0.407286,0.29,1,4657955,4657521,434
329520001,29.263,29.2554,434,36469,0.444915,0.35,1,4657996,4657562,434
329584241,29.6439,25.3509,481,37723,0.763688,0.61,2,4658848,4658367,481
329587161,13.0575,27.5403,454,37779,0.755475,0.61,2,4658850,4658396,454
329590081,31.623,12.2161,496,37835,0.76419,0.65,2,4658894,4658398,496
329593001,64.8492,30.6865,540,37891,0.791676,0.65,2,4658981,4658441,540
329595921,45.1397,64.4746,485,37947,0.81467,0.65,2,4659013,4658528,485
329598841,69.0559,44.9898,538,38003,0.871868,0.73,2,4659098,4658560,538
330616461,193.772,220.189,473,24820,0.2308,0.17,1,4670419,4669946,473
330644201,117.043,124.27,444,24905,0.064528,0.19,1,4670734,4670290,444
330647121,58.2174,64.1081,439,24990,0.0318112,0.17,1,4670753,4670314,439
330650041,37.6869,33.4432,450,25075,0.0667245,0.01,1,4670777,4670327,450
330652961,54.0748,48.1773,457,25160,0.0446898,0.07,1,4670842,4670385,457
330655881,59.4299,65.4709,443,25244,0.0238759,0.05,1,4670905,4670462,443
330658801,54.972,54.3884,448,25328,0.0875504,0.03,1,4670957,4670509,448
330667561,68.6782,66.9369,450,25578,0.211763,0.01,1,4671155,4670705,450
330670481,39.4713,44.1747,441,25661,0.234705,0.01,1,4671175,4670734,441
330673401,30.1885,29.0699,446,25744,0.255882,0.09,1,4671199,4670753,446
330676321,51.0754,26.028,487,25826,0.264353,0.03,1,4671264,4670777,487
330696761,30.7166,39.4522,457,26396,0.211409,0.27,1,4671632,4671175,457
330699681,50.6866,30.1809,497,26476,0.246564,0.27,1,4671696,4671199,497
330702601,55.0747,51.0723,490,26556,0.272625,0.13,1,4671754,4671264,490
330705521,54.4299,58.2289,481,26636,0.29505,0.11,1,4671808,4671327,481
330720121,23.9545,40.7915,431,27032,0.403082,0.23,1,4672039,4671608,431
330723041,25.1818,30.7166,433,27110,0.407233,0.27,1,4672065,4671632,433
330725961,50.2727,50.6866,436,27188,0.444893,0.29,1,4672132,4671696,436
330775601,26.9583,10.1418,479,28484,0.77363,0.69,2,4672960,4672481,479
330778521,52.1833,19.6567,522,28558,0.819452,0.65,2,4673029,4672507,522
330781441,55.6733,49.8627,510,28632,0.837781,0.63,2,4673087,4672577,510
330784361,54.6693,55.9451,504,28706,0.857112,0.63,2,4673141,4672637,504
330787281,65.6677,54.778,523,28780,0.888845,0.63,2,4673214,4672691,523
330927441,169.051,216.877,482,14175,0.27064,0.43,1,4675750,4675268,482
330930361,115.02,129.351,490,14325,0.234256,0.35,1,4675829,4675339,490
330933281,55.0081,84.7402,450,14473,0.243702,0.29,1,4675844,4675394,450
330934741,144.403,47.6961,631,14620,0.271481,0.17,1,4676048,4675417,631
330937661,70.9613,154.078,428,14765,0.294592,0.23,1,4676070,4675642,428
330947881,138.295,19.2756,635,15332,0.44247,0.29,1,4676479,4675844,635
330969781,88.2448,95.4238,528,16408,0.79397,0.53,2,4677146,4676618,528
330972701,44.8979,86.7695,463,16537,0.815588,0.53,2,4677162,4676699,463
330974161,138.559,44.3078,648,16665,0.824235,0.67,2,4677363,4676715,648
330977081,61.4237,138.323,457,16792,0.827694,0.75,2,4677373,4676916,457
330980001,47.9695,77.5292,459,16918,0.865078,0.77,2,4677412,4676953,459
330982921,86.9878,97.6117,461,17043,0.892031,0.83,2,4677525,4677064,461
331057381,121.251,50.1726,647,20029,0.826,1,2,4679699,4679052,647
331063221,51.2002,70.0676,518,20240,0.41416,1,1,4679785,4679267,518
331069061,80.312,82.1308,559,20449,0.0734656,1,1,4679976,4679417,559
331071981,50.1248,82.0523,507,20553,0.0713862,0.9,1,4680006,4679499,507
331074901,109.45,52.6209,623,20656,0.0465545,0.75,1,4680155,4679532,623
331077821,65.98,121.248,493,20759,0.0726218,0.45,1,4680192,4679699,493
331080741,42.592,81.4993,465,20861,0.0590487,0.29,1,4680219,4679754,465
331083661,82.4368,51.1997,543,20963,0.0296195,0.03,1,4680328,4679785,543
331086581,34.1747,91.2799,427,21064,0.0298478,0,1,4680330,4679903,427
331089501,55.6699,80.312,424,21165,0.0179391,0.07,1,4680400,4679976,424
331092421,39.068,50.1248,422,21265,0.0371756,0.03,1,4680428,4680006,422
331095341,105.627,109.45,423,21365,0.0448703,0.09,1,4680578,4680155,423
331098261,66.2509,65.98,426,21464,0.0359481,0.05,1,4680618,4680192,426
331101181,41.5003,42.592,424,21563,0.0563792,0.01,1,4680643,4680219,424
331104101,81.4001,82.4368,423,21661,0.0405517,0.03,1,4680751,4680328,423
331107021,33.7601,34.1747,423,21759,0.0342207,0.01,1,4680753,4680330,423
331109941,55.504,55.6699,423,21856,0.0316883,0.05,1,4680823,4680400,423
331112861,40.2016,39.068,425,21953,0.0426753,0.05,1,4680853,4680428,425
331124541,80.6948,81.4001,422,22337,0.200148,0.03,1,4681173,4680751,422
331127461,33.4779,33.7601,422,22432,0.206059,0.03,1,4681175,4680753,422
331133301,40.7565,22.2016,453,22621,0.0797695,0.05,1,4681276,4680823,453
331136221,108.703,26.8806,577,22715,0.0979078,0.19,1,4681430,4680853,577
331165421,82.2558,42.591,536,23631,0.208213,0.19,1,4682032,4681496,536
331168341,34.1023,80.6364,432,23721,0.221285,0.19,1,4682034,4681602,432
331171261,53.8409,33.4546,497,23810,0.238514,0.21,1,4682101,4681604,497
331174181,37.1364,52.9818,457,23899,0.245406,0.17,1,4682127,4681670,457
331177101,16.0545,37.9927,431,23988,0.248162,0.17,1,4682129,4681698,431
331182941,65.4487,68.5988,431,24164,0.410506,0.17,1,4682328,4681897,431
331185861,41.7795,43.6395,430,24252,0.446202,0.23,1,4682354,4681924,430
331212141,85.6779,83.3118,448,25027,0.774256,0.57,2,4682913,4682465,448
331215061,35.4712,34.5247,448,25112,0.795702,0.57,2,4682915,4682467,448
331217981,55.5885,54.6099,449,25196,0.816281,0.57,2,4682984,4682535,449
331220901,37.8354,38.044,448,25280,0.800512,0.57,2,4683010,4682562,448
331223821,16.3342,16.4176,448,25364,0.794205,0.59,2,4683012,4682564,448
331226741,106.734,104.967,451,25448,0.815682,0.59,2,4683179,4682728,451
331229661,70.8935,41.9868,498,25531,0.800273,0.69,2,4683226,4682728,498
331232581,44.5574,43.7947,480,25614,0.794109,0.67,2,4683253,4682773,480
331235501,90.423,33.1179,575,25697,0.839644,0.85,2,4683374,4682799,575
331238421,37.3692,81.6472,463,25779,0.857857,0.81,2,4683376,4682913,463
331241341,55.7477,33.8589,529,25861,0.889143,0.83,2,4683444,4682915,529
331343541,45.9322,39.8238,529,28587,0.86152,1,2,4685342,4684813,529
331346461,35.7729,47.1295,506,28661,0.782608,1,2,4685371,4684865,506
331390261,59.4913,40.813,523,29749,0.764671,0.57,2,4686185,4685662,523
331393181,38.7965,59.5252,476,29820,0.755868,0.59,2,4686210,4685734,476
331396101,16.7186,38.8101,453,29891,0.776347,0.59,2,4686212,4685759,453
331399021,31.8874,41.324,452,29962,0.820539,0.61,2,4686254,4685802,452
331401941,28.955,32.1296,453,30033,0.826216,0.65,2,4686281,4685828,453
331404861,30.182,30.8518,454,30103,0.864486,0.61,2,4686312,4685858,454
331585901,32.7818,28.7823,508,34187,0.891109,1,2,4689201,4688693,508
331597581,40.5496,49.6824,512,34435,0.894252,1,2,4689382,4688870,512
331600501,46.2198,45.673,519,34496,0.879701,0.95,2,4689432,4688913,519
331603421,58.6879,41.6692,547,34557,0.80188,1,2,4689499,4688952,547
331655981,53.3441,26.5068,520,35643,0.410253,0.41,1,4690213,4689693,520
331658901,22.5376,59.8027,440,35702,0.422101,0.33,1,4690215,4689775,440
331661821,27.6151,43.1211,439,35761,0.426841,0.35,1,4690246,4689807,439
331705621,53.5566,51.9754,452,36638,0.809675,0.61,2,4690843,4690391,452
331708541,50.2226,49.5901,452,36696,0.83387,0.65,2,4690891,4690439,452
331711461,38.0891,37.8361,452,36754,0.831548,0.61,2,4690921,4690469,452
331714381,32.0356,31.9344,452,36811,0.830619,0.65,2,4690949,4690497,452
331717301,33.8142,33.7738,452,36868,0.854248,0.69,2,4690984,4690532,452
331720221,30.3257,29.1095,454,36925,0.863699,0.65,2,4691012,4690558,454
331723141,26.5303,26.0438,454,36982,0.86748,0.69,2,4691036,4690582,454
331726061,56.8121,55.4175,456,37039,0.892992,0.69,2,4691113,4690657,456
331889581,44.1152,42.8403,494,40109,0.873817,1,2,4693229,4692735,494
331901261,30.5773,29.5607,517,40320,0.230546,1,1,4693379,4692862,517
331904181,32.6309,23.2243,532,40372,0.0922183,1,1,4693413,4692881,532
331907101,25.6524,33.8897,512,40424,0.0908873,0.97,1,4693434,4692922,512
331910021,45.661,33.9559,537,40476,0.0783549,1,1,4693493,4692956,537
331912941,38.6644,52.5824,506,40528,0.049342,1,1,4693527,4693021,506
331915861,38.2658,40.2329,512,40580,0.0617368,0.99,1,4693565,4693053,512
331918781,29.1063,36.4932,501,40632,0.0306947,1,1,4693588,4693087,501
331921701,32.6425,33.7973,504,40684,0.0422779,1,1,4693623,4693119,504
331924621,23.857,32.7189,490,40736,0.0949112,1,1,4693641,4693151,490
331927541,34.7428,26.2876,510,40788,0.0679645,0.79,1,4693683,4693173,510
331930461,33.6971,44.115,487,40840,0.0811858,0.59,1,4693716,4693229,487
331933381,39.8788,41.646,491,40892,0.0624743,0.37,1,4693760,4693269,491
331936301,29.1515,50.8584,456,40944,0.0789897,0.25,1,4693782,4693326,456
331939221,27.2606,35.9434,456,40996,0.0735959,0.15,1,4693808,4693352,456
331942141,28.9042,30.5773,459,41047,0.0354384,0,1,4693838,4693379,459
331945061,21.7617,32.6309,442,41098,0.0321753,0.09,1,4693855,4693413,442
331947981,44.1047,25.6524,480,41149,0.0188701,0.07,1,4693914,4693434,480
331950901,38.6419,45.661,456,41200,0.0375481,0.03,1,4693949,4693493,456
331953821,38.2567,38.6644,460,41251,0.0210192,0.07,1,4693987,4693527,460
331956741,30.3027,38.2658,447,41302,0.0264077,0.01,1,4694012,4693565,447
331959661,33.7211,29.1063,460,41353,0.0285631,0.05,1,4694048,4693588,460
331962581,23.6884,32.6425,442,41404,0.0414252,0.13,1,4694065,4693623,442
331965501,32.8754,23.857,463,41455,0.0345701,0.05,1,4694104,4693641,463
331968421,34.7501,34.7428,457,41506,0.019828,0.09,1,4694140,4693683,457
331971341,15.1001,33.6971,426,41557,0.0379312,0.05,1,4694142,4693716,426
331974261,31.24,39.8788,424,41608,0.0571725,0.09,1,4694184,4693760,424
331977181,25.696,29.1515,424,41659,0.088869,0.07,1,4694206,4693782,424
331988861,43.4786,44.1047,422,41862,0.055939,0.05,1,4694336,4693914,422
331991781,38.3914,38.6419,422,41912,0.0523756,0.01,1,4694371,4693949,422
331994701,39.3566,38.2567,424,41962,0.0389502,0.03,1,4694411,4693987,424
331997621,29.5426,30.3027,422,42012,0.0335801,0.03,1,4694434,4694012,422
332000541,35.2171,33.7211,425,42062,0.031432,0.05,1,4694473,4694048,425
332003461,23.6868,23.6884,424,42112,0.0425728,0.03,1,4694489,4694065,424
332006381,32.8747,32.8754,424,42162,0.0590291,0.01,1,4694528,4694104,424
332009301,33.5499,34.7501,422,42212,0.0776117,0.05,1,4694562,4694140,422
332012221,14.62,15.1001,422,42262,0.0850447,0.07,1,4694564,4694142,422
332026821,20.3318,20.1965,427,42512,0.213079,0,1,4694704,4694277,427
332032661,37.2131,38.3914,422,42612,0.0664926,0.03,1,4694793,4694371,422
332035581,38.8852,39.3566,422,42662,0.044597,0.03,1,4694833,4694411,422
332038501,29.3541,29.5426,422,42711,0.0358388,0.03,1,4694856,4694434,422
332041421,35.1416,35.2171,422,42760,0.0323355,0.05,1,4694895,4694473,422
332044341,24.2567,23.6868,423,42809,0.0309342,0.07,1,4694912,4694489,423
332047261,34.3027,32.8747,425,42858,0.0303737,0.09,1,4694953,4694528,425
332050181,34.7211,33.5499,426,42907,0.0781495,0.09,1,4694988,4694562,426
332053101,15.0884,14.62,426,42956,0.0732598,0.15,1,4694990,4694564,426
332058941,28.2141,12.6592,453,43054,0.0849216,0.21,1,4695060,4694607,453
332061861,28.6857,19.4637,458,43103,0.0639686,0.19,1,4695089,4694631,458
332064781,29.4743,25.7855,458,43152,0.0675875,0.19,1,4695119,4694661,458
332067701,21.9897,27.1142,447,43201,0.057035,0.23,1,4695136,4694689,447
332070621,35.1959,19.8457,476,43250,0.076814,0.11,1,4695180,4694704,476
332073541,34.4784,40.3383,456,43299,0.0727256,0.01,1,4695214,4694758,456
332076461,37.7913,37.1353,461,43348,0.0350902,0.03,1,4695254,4694793,461
332079381,28.9165,38.8541,444,43397,0.0440361,0.03,1,4695277,4694833,444
332082301,34.9666,29.3416,460,43446,0.0476144,0.03,1,4695316,4694856,460
332085221,24.1866,35.1367,438,43495,0.0370458,0.03,1,4695333,4694895,438
332088141,34.8747,24.2547,463,43544,0.0448183,0.03,1,4695375,4694912,463
332091061,36.7499,34.3019,460,43592,0.0839273,0.11,1,4695413,4694953,460
332093981,15.8999,34.7207,427,43640,0.0755709,0.07,1,4695415,4694988,427
332096901,33.36,15.0883,470,43688,0.0722284,0.13,1,4695460,4694990,470
332099821,27.744,33.0353,449,43736,0.0708914,0.07,1,4695484,4695035,449
332102741,27.8976,28.2141,452,43784,0.0703565,0.05,1,4695512,4695060,452
332105661,29.759,28.6857,454,43832,0.0941426,0.07,1,4695543,4695089,454
332123181,35.8372,28.9165,462,44120,0.075471,0.05,1,4695739,4695277,462
332126101,24.5349,34.9666,440,44168,0.0481884,0.03,1,4695756,4695316,440
332129021,35.0139,24.1866,465,44216,0.0372754,0.05,1,4695798,4695333,465
332131941,37.4056,34.8747,462,44264,0.0329101,0.11,1,4695837,4695375,462
332134861,16.1622,36.7499,426,44312,0.0311641,0.07,1,4695839,4695413,426
332137781,33.4649,15.8999,469,44360,0.0304656,0.07,1,4695884,4695415,469
332140701,27.786,33.36,448,44408,0.0421862,0.07,1,4695908,4695460,448
332143621,27.9144,27.744,452,44456,0.0588745,0.07,1,4695936,4695484,452
332146541,12.3658,27.8976,426,44503,0.0655498,0.11,1,4695938,4695512,426
332158221,33.9214,33.0806,429,44691,0.217726,0.11,1,4696065,4695636,429
332161141,36.3685,37.2322,427,44738,0.27309,0.11,1,4696103,4695676,427
332164061,27.7474,28.0929,427,44785,0.271236,0.05,1,4696125,4695698,427
332196181,19.9991,19.2585,428,45302,0.429971,0.23,1,4696414,4695986,428
332269181,36.5187,16.0537,499,46452,0.752147,0.61,2,4697199,4696700,499
332272101,29.6075,35.2215,476,46497,0.750859,0.61,2,4697224,4696748,476
332275021,29.243,28.4886,481,46542,0.762344,0.67,2,4697253,4696772,481
332277941,12.8972,28.1954,455,46587,0.766937,0.67,2,4697255,4696800,455
332280861,26.7589,12.4782,489,46632,0.768775,0.63,2,4697291,4696802,489
332283781,20.3036,27.1913,468,46677,0.78151,0.61,2,4697307,4696839,468
332286701,40.5214,21.0765,505,46722,0.786604,0.59,2,4697361,4696856,505
332289621,37.8086,40.8306,487,46767,0.812642,0.63,2,4697397,4696910,487
332292541,39.1234,36.7322,493,46812,0.823057,0.65,2,4697437,4696944,493
332295461,29.4494,38.6929,476,46857,0.851223,0.65,2,4697460,4696984,476
332298381,36.9797,28.6772,496,46902,0.862489,0.71,2,4697502,4697006,496
332301301,24.3919,35.4709,472,46947,0.866996,0.69,2,4697518,4697046,472
332304221,37.9568,24.3883,502,46992,0.856798,0.71,2,4697565,4697063,502
332307141,39.1827,37.3553,496,47037,0.828719,0.73,2,4697605,4697109,496
332310061,16.8731,37.7421,460,47082,0.841488,0.73,2,4697607,4697147,460
332312981,37.3492,16.2969,509,47127,0.810595,0.77,2,4697658,4697149,509
332315901,29.3397,36.5187,483,47172,0.810238,0.75,2,4697682,4697199,483
332318821,29.7359,29.6075,488,47217,0.810095,0.77,2,4697712,4697224,488
332321741,13.0943,29.243,461,47262,0.810038,0.77,2,4697714,4697253,461
332324661,27.4377,12.8972,496,47307,0.834015,0.77,2,4697751,4697255,496
332327581,20.5751,26.7589,476,47352,0.831606,0.79,2,4697767,4697291,476
332330501,9.43004,20.3036,462,47397,0.830642,0.79,2,4697769,4697307,462
332333421,36.772,40.5214,463,47441,0.866257,0.83,2,4697824,4697361,463
332336341,35.7088,37.8086,462,47485,0.880503,0.83,2,4697859,4697397,462
332517381,29.1912,21.337,525,50160,0.889974,1,2,4699721,4699196,525
332520301,24.8765,27.1348,516,50202,0.79399,1,2,4699743,4699227,516
332574321,293.06,333.382,447,23360,0.298638,0.31,1,4700238,4699791,447
332583081,82.6679,93.1444,451,23631,0.0615929,0.01,1,4700453,4700002,451
332586001,79.8671,75.6578,465,23721,0.0666371,0.05,1,4700531,4700066,465
332588921,59.5469,68.6631,447,23810,0.0806549,0.03,1,4700577,4700130,447
332591841,51.4187,55.6652,446,23899,0.0502619,0.07,1,4700623,4700177,446
332594761,30.1675,46.2661,422,23988,0.0621048,0,1,4700639,4700217,422
332597681,24.667,27.5064,428,24076,0.0668419,0.03,1,4700660,4700232,428
332600601,56.6668,60.8026,423,24164,0.0687368,0.09,1,4700738,4700315,423
332603521,66.4667,68.121,423,24252,0.0454947,0.03,1,4700811,4700388,423
332606441,67.9867,66.2484,427,24339,0.0241979,0.07,1,4700880,4700453,427
332609361,71.5947,73.2994,423,24426,0.0396792,0.09,1,4700954,4700531,423
332612281,58.0379,56.9197,426,24513,0.0458717,0.03,1,4701003,4700577,426
332615201,50.2151,50.3679,425,24599,0.0483487,0.07,1,4701048,4700623,425
332618121,29.0861,29.7472,424,24685,0.0733395,0.07,1,4701063,4700639,424
332621041,24.8344,24.4989,425,24771,0.0833358,0.07,1,4701085,4700660,425
332623961,56.7338,56.5995,425,24857,0.0753343,0.03,1,4701163,4700738,425
332626881,64.6935,66.4398,422,24942,0.0961337,0.01,1,4701233,4700811,422
332629801,67.2774,67.9759,422,25027,0.0384535,0.05,1,4701302,4700880,422
332632721,71.311,71.5904,422,25112,0.0213814,0.05,1,4701376,4700954,422
332635641,58.5244,58.0361,423,25196,0.0385526,0.05,1,4701426,4701003,423
332638561,51.6098,50.2145,425,25280,0.033421,0.09,1,4701473,4701048,425
332641481,29.0439,29.0858,424,25364,0.0433684,0.09,1,4701487,4701063,424
332644401,24.8176,24.8343,424,25448,0.0713474,0.09,1,4701509,4701085,424
332647321,57.327,9.93372,503,25531,0.0945389,0.07,1,4701588,4701085,503
332653161,65.3323,62.3094,490,25697,0.0595262,0,1,4701723,4701233,490
332656081,70.5329,66.3238,495,25779,0.0658105,0.01,1,4701797,4701302,495
332659001,58.2132,70.9295,471,25861,0.0923242,0.05,1,4701847,4701376,471
332661921,52.6853,58.3718,470,25943,0.0669297,0.03,1,4701896,4701426,470
332664841,29.4741,51.5487,437,26025,0.0807719,0.05,1,4701910,4701473,437
332667761,24.9896,29.0195,445,26106,0.0863087,0.09,1,4701932,4701487,445
332676521,63.5193,64.3292,488,26349,0.208324,0.03,1,4702145,4701657,488
332679441,71.6077,65.3317,499,26429,0.24533,0.07,1,4702222,4701723,499
332682361,59.2431,70.5327,476,26509,0.272132,0.11,1,4702273,4701797,476
332685281,52.4972,58.2131,474,26589,0.294853,0.05,1,4702321,4701847,474
332699881,28.5254,65.7983,433,26985,0.417173,0.23,1,4702516,4702083,433
332764121,53.9548,57.7786,500,28661,0.773557,0.65,2,4703654,4703154,500
332767041,29.9819,52.5114,465,28735,0.795423,0.61,2,4703668,4703203,465
332769961,26.3928,29.4046,475,28809,0.816169,0.63,2,4703692,4703217,475
332772881,62.7571,25.5618,539,28882,0.860468,0.67,2,4703779,4703240,539
332775801,73.1028,61.8247,533,28955,0.890187,0.69,2,4703859,4703326,533
333059041,52.6901,81.2973,506,35344,0.8668,1,2,4708359,4707853,506
333061961,52.276,55.9189,519,35404,0.84472,1,2,4708411,4707892,519
333064881,41.3104,43.3676,518,35464,0.847888,1,2,4708445,4707927,518
333067801,35.7242,34.747,521,35524,0.813155,1,2,4708477,4707956,521
333070721,37.6897,37.2988,521,35584,0.751262,1,2,4708516,4707995,521
333161241,59.321,36.6172,523,37381,0.753857,0.55,2,4709689,4709166,523
333164161,48.9284,60.8469,488,37438,0.787543,0.55,2,4709731,4709243,488
333167081,42.9714,47.7388,488,37494,0.765017,0.55,2,4709770,4709282,488
333170001,36.3885,43.0955,480,37550,0.768007,0.59,2,4709802,4709322,480
333172921,36.1554,36.4382,484,37606,0.769203,0.59,2,4709838,4709354,484
333175841,37.2622,35.5753,487,37662,0.769681,0.59,2,4709876,4709389,487
333178761,31.7049,36.4301,478,37718,0.793872,0.59,2,4709904,4709426,478
333181681,32.4819,31.372,483,37774,0.791549,0.61,2,4709937,4709454,483
333184601,27.9928,31.7488,476,37830,0.80262,0.65,2,4709962,4709486,476
333187521,21.9971,27.0995,470,37886,0.831048,0.63,2,4709980,4709510,470
333190441,41.1988,21.6398,506,37942,0.842419,0.67,2,4710034,4709528,506
333193361,39.2795,39.2559,493,37998,0.882968,0.73,2,4710072,4709579,493
333333521,36.9438,36.3317,512,40580,0.879648,1,2,4711886,4711374,512
333336441,30.3775,33.1327,507,40632,0.873859,1,2,4711912,4711405,507
333339361,32.551,27.6531,517,40684,0.787544,1,2,4711946,4711429,517
333356881,35.4408,41.4591,509,40996,0.448499,1,1,4712175,4711666,509
333359801,36.3763,36.3836,513,41047,0.437399,1,1,4712212,4711699,513
333362721,39.1505,35.5535,519,41098,0.42096,0.96,1,4712253,4711734,519
333371481,29.4336,36.8594,497,41251,0.411181,0.83,1,4712346,4711849,497
333377321,30.2694,30.3775,491,41353,0.441389,0.73,1,4712403,4711912,491
333380241,28.3078,32.551,484,41404,0.422556,0.69,1,4712430,4711946,484
333383161,31.7231,33.4204,484,41455,0.439022,0.51,1,4712464,4711980,484
333482441,36.6396,31.4505,494,43152,0.780623,0.73,2,4713560,4713066,494
333485361,37.4558,35.9802,493,43201,0.798249,0.69,2,4713598,4713105,493
333488281,29.3823,37.1921,479,43250,0.8053,0.69,2,4713622,4713143,479
333491201,42.3529,29.2768,506,43299,0.83212,0.69,2,4713673,4713167,506
333494121,31.9412,42.9107,479,43348,0.830848,0.73,2,4713698,4713219,479
333497041,27.1765,31.5643,479,43397,0.830339,0.73,2,4713722,4713243,479
333499961,30.0706,27.0257,487,43446,0.842136,0.67,2,4713754,4713267,487
333502881,29.4282,30.6103,483,43495,0.846854,0.69,2,4713783,4713300,483
333505801,33.3713,28.4441,492,43544,0.884742,0.73,2,4713819,4713327,492
333648881,34.2754,35.6606,495,45856,0.898,1,2,4715428,4714933,495
333651801,31.1102,31.0643,496,45902,0.8512,1,2,4715457,4714961,496
333654721,29.2441,27.4257,499,45948,0.83848,1,2,4715485,4714986,499
333657641,29.0976,10.9703,528,45994,0.833392,1,2,4715514,4714986,528
333660561,32.0391,26.5881,525,46040,0.795357,1,2,4715548,4715023,525
333698521,25.4939,31.1101,487,46632,0.444498,0.83,1,4715944,4715457,487
333710201,29.6062,30.2156,485,46812,0.438627,0.69,1,4716062,4715577,485
333713121,29.2425,32.4862,480,46857,0.421451,0.65,1,4716091,4715611,480
333774441,34.6409,33.3167,449,47793,0.76975,0.53,2,4716703,4716254,449
333777361,28.8564,28.3267,449,47837,0.7939,0.55,2,4716728,4716279,449
333780281,24.7425,24.5307,449,47881,0.80356,0.55,2,4716750,4716301,449
333783201,30.297,30.2123,449,47925,0.807424,0.57,2,4716784,4716335,449
333786121,30.1188,29.4849,450,47969,0.79697,0.59,2,4716814,4716364,450
333789041,24.0475,24.394,449,48013,0.816788,0.61,2,4716834,4716385,449
333791961,31.219,27.7576,455,48057,0.800715,0.61,2,4716870,4716415,455
333794881,13.6876,12.303,455,48101,0.794286,0.69,2,4716872,4716417,455
333797801,22.275,22.3212,454,48145,0.827714,0.65,2,4716900,4716446,454
333800721,25.71,25.7285,454,48189,0.829086,0.65,2,4716928,4716474,454
333803641,28.884,28.8914,454,48233,0.865634,0.69,2,4716959,4716505,454
333806561,29.5536,29.5566,454,48277,0.892254,0.63,2,4716989,4716535,454
333809481,28.6214,29.2226,453,48321,0.878901,0.67,2,4717017,4716564,453
333812401,34.8486,33.889,455,48365,0.873561,0.69,2,4717056,4716601,455
334251861,327.232,352.27,472,24820,0.43,0.79,1,4721789,4721317,472
334265001,120.637,130.883,452,24820,0.0772,0.55,1,4721961,4721509,452
334270841,60.2548,68.5533,445,25550,0.03088,0.21,1,4721981,4721536,445
334301501,55.9019,68.8213,429,24820,0.054352,0.15,1,4722034,4721605,429
334304421,75.1608,50.3285,479,25633,0.0277408,0.03,1,4722122,4721643,479
334307341,44.4643,62.7314,432,25716,0.0170963,0.01,1,4722146,4721714,432
334310261,27.3857,40.6926,422,25798,0.0368385,0.03,1,4722162,4721740,422
334313181,31.3543,27.677,437,25880,0.0447354,0.05,1,4722196,4721759,437
334316101,52.1417,29.0708,473,25962,0.0358942,0.05,1,4722262,4721789,473
334319021,49.6567,52.4283,453,26044,0.0323577,0.01,1,4722310,4721857,453
334321941,63.0627,67.7713,447,26125,0.0309431,0,1,4722382,4721935,447
334324861,54.6251,54.7085,450,26206,0.0303772,0.07,1,4722431,4721981,450
334327781,90.25,53.6834,511,26287,0.0301509,0.01,1,4722545,4722034,511
334330701,50.5,74.2734,447,26368,0.0120604,0.01,1,4722569,4722122,447
334333621,28.6,44.1093,437,26448,0.0348241,0.05,1,4722583,4722146,437
334336541,32.44,27.2437,456,26528,0.0559297,0.05,1,4722618,4722162,456
334339461,53.776,31.2975,490,26608,0.0403719,0.03,1,4722686,4722196,490
334342381,49.1104,52.119,470,26688,0.0821488,0.03,1,4722732,4722262,470
334345301,63.4442,49.6476,495,26767,0.0748595,0.03,1,4722805,4722310,495
334348221,55.3777,63.059,473,26846,0.0599438,0.03,1,4722855,4722382,473
334351141,23.3511,54.6236,426,26925,0.0539775,0.03,1,4722857,4722431,426
334354061,75.3404,90.2494,422,27004,0.075591,0,1,4722967,4722545,422
334356981,45.7362,50.4998,424,27082,0.0362364,0.05,1,4722993,4722569,424
334359901,26.6945,28.5999,424,27160,0.0324946,0.07,1,4723007,4722583,424
334362821,32.2778,32.44,425,27238,0.0309978,0.03,1,4723043,4722618,425
334365741,53.7111,53.776,425,27316,0.0303991,0.11,1,4723111,4722686,425
334368661,50.2844,49.1104,427,27394,0.0661597,0.07,1,4723159,4722732,427
334371581,62.7138,63.4442,425,27471,0.0804639,0.05,1,4723230,4722805,425
334389101,32.7151,32.2778,424,27930,0.0930291,0.03,1,4723467,4723043,424
334392021,54.486,53.7111,425,28006,0.0552116,0.09,1,4723536,4723111,425
334394941,49.9944,50.2844,424,28082,0.0400847,0.09,1,4723583,4723159,424
334397861,63.7978,62.7138,426,28157,0.0340339,0.13,1,4723656,4723230,426
334400781,54.9191,54.4855,426,28232,0.0436135,0.13,1,4723705,4723279,426
334403701,23.1676,22.9942,426,28307,0.0474454,0.11,1,4723707,4723281,426
334406621,76.4671,75.7977,427,28382,0.0609782,0.11,1,4723819,4723392,427
334409541,43.7868,30.3191,449,28457,0.0903913,0.13,1,4723841,4723392,449
334421221,49.0345,53.3218,469,28753,0.204538,0.03,1,4724005,4723536,469
334424141,63.4138,49.5287,495,28827,0.279815,0.03,1,4724078,4723583,495
334435821,45.2554,76.4551,448,29119,0.436715,0.11,1,4724267,4723819,448
334438741,27.1022,43.7821,441,29192,0.444686,0.11,1,4724282,4723841,441
334441661,33.6409,25.9128,465,29265,0.435874,0.15,1,4724320,4723855,465
334444581,55.4563,31.9651,499,29337,0.43235,0.19,1,4724390,4723891,499
334470861,26.4663,33.6409,443,29980,0.752112,0.43,2,4724763,4724320,443
334473781,53.1865,55.4563,444,30051,0.798845,0.47,2,4724834,4724390,444
334476701,50.6746,50.9825,445,30121,0.805538,0.53,2,4724883,4724438,445
334479621,68.2698,66.593,448,30191,0.856215,0.59,2,4724963,4724515,448
334482541,59.7079,57.2372,451,30261,0.888486,0.59,2,4725017,4724566,451
334485461,25.0832,24.0949,451,30331,0.877394,0.71,2,4725019,4724568,451
334514661,25.1115,25.0832,465,31022,0.897789,0.95,2,4725484,4725019,465
334517581,85.0446,83.8333,467,31090,0.893116,0.89,2,4725609,4725142,467
334634381,46.692,62.4463,473,33704,0.898,1,2,4727380,4726907,473
334637301,49.8768,42.3785,496,33767,0.8812,1,2,4727432,4726936,496
334651901,30.2659,35.3895,488,34079,0.418492,1,1,4727638,4727150,488
334654821,35.5064,44.1558,477,34141,0.281397,1,1,4727677,4727200,477
334660661,35.801,36.8249,480,34265,0.0630235,1,1,4727750,4727270,480
334663581,49.7204,14.73,539,34327,0.0672094,1,1,4727809,4727270,539
334666501,41.4882,47.892,505,34389,0.0448838,0.83,1,4727845,4727340,505
334669421,45.3953,43.1568,513,34450,0.0359535,0.87,1,4727893,4727380,513
334672341,63.7581,48.4627,537,34511,0.0563814,0.63,1,4727969,4727432,537
334675261,43.5032,70.3851,482,34572,0.0765526,0.53,1,4727999,4727517,482
334678181,33.0013,48.554,474,34633,0.072621,0.49,1,4728025,4727551,474
334681101,27.0005,36.8216,468,34694,0.0830484,0.41,1,4728048,4727580,468
334684021,26.4002,32.1286,465,34755,0.0992194,0.39,1,4728074,4727609,465
334689861,31.944,35.5006,460,34877,0.0722751,0,1,4728137,4727677,460
334692781,33.7776,37.0002,457,34938,0.05891,0.03,1,4728172,4727715,457
334695701,48.311,35.8001,480,34999,0.077564,0.07,1,4728230,4727750,480
334698621,41.5244,49.72,458,35059,0.0610256,0.03,1,4728267,4727809,458
334701541,46.0098,41.488,471,35119,0.0304102,0.03,1,4728316,4727845,471
334704461,64.0039,45.3952,499,35179,0.0301641,0.07,1,4728392,4727893,499
334707381,43.6016,63.7581,453,35239,0.0660656,0.09,1,4728422,4727969,453
334710301,34.8406,43.5032,452,35299,0.0684263,0.07,1,4728451,4727999,452
334713221,27.1363,33.0013,448,35359,0.0813705,0.09,1,4728473,4728025,448
334759941,31.6787,34.2995,426,36303,0.0851306,0.11,1,4729023,4728597,426
334768701,29.1714,28.0432,429,36477,0.0964084,0.17,1,4729119,4728690,429
334797901,47.9718,48.0715,425,37052,0.229675,0.11,1,4729507,4729082,425
334800821,20.3887,20.4286,425,37109,0.24187,0.09,1,4729509,4729084,425
334803741,29.7555,29.1714,426,37166,0.270748,0.09,1,4729545,4729119,426
334806661,40.1022,11.6686,473,37223,0.294299,0.13,1,4729592,4729119,473
334818341,26.9946,33.9659,448,37451,0.417118,0.11,1,4729753,4729305,448
334821261,28.1978,26.7864,455,37507,0.436847,0.11,1,4729782,4729327,455
334876741,42.7367,29.9838,501,38562,0.758423,0.57,2,4730479,4729978,501
334879661,68.0947,42.5935,535,38617,0.813369,0.61,2,4730564,4730029,535
334882581,28.4379,67.4374,453,38672,0.835348,0.63,2,4730566,4730113,453
334885501,29.3752,44.975,453,38727,0.856139,0.65,2,4730596,4730143,453
334888421,29.7501,35.39,454,38782,0.888456,0.67,2,4730626,4730172,454
335089901,322.756,345.806,469,18980,0.4108,0.78,1,4733083,4732614,469
335092821,196.302,174.322,521,19092,0.20632,0.57,1,4733195,4732674,521
335110341,96.6003,35.4098,535,19750,0.0894819,0.07,1,4733618,4733083,535
335127861,95.9808,37.8239,560,20386,0.230377,0.07,1,4734043,4733483,560
335139541,45.4363,67.5443,460,20799,0.417978,0.17,1,4734305,4733845,460
335142461,38.5745,45.6177,463,20901,0.425191,0.17,1,4734339,4733876,463
335192101,61.1045,60.6526,453,22564,0.78211,0.65,2,4735455,4735002,453
335195021,95.2418,24.261,571,22658,0.834844,0.63,2,4735573,4735002,571
335197941,67.4967,82.3044,499,22752,0.867938,0.61,2,4735622,4735123,499
335200861,46.1987,61.7218,483,22845,0.881175,0.67,2,4735654,4735171,483
335279701,45.9368,58.5598,482,25231,0.83079,0.99,2,4737352,4736870,482
335320581,104.543,26.0346,607,26383,0.815732,0.59,2,4738203,4737596,607
335323501,58.6171,103.414,480,26463,0.848293,0.61,2,4738231,4737751,480
335326421,40.2468,59.9655,477,26543,0.861317,0.57,2,4738259,4737782,477
335446141,38.2264,39.3628,510,29638,0.8908,1,2,4740418,4739908,510
335449061,29.6906,34.9451,502,29709,0.81832,1,2,4740442,4739940,502
335522061,71.4695,17.998,549,31441,0.751959,0.61,2,4741641,4741092,549
335524981,56.7878,65.9992,498,31508,0.786784,0.67,2,4741688,4741190,498
335527901,37.7151,53.9997,477,31575,0.788713,0.63,2,4741713,4741236,477
335530821,35.486,35.9999,487,31642,0.789485,0.63,2,4741747,4741260,487
335533741,32.1944,35.3999,482,31709,0.801794,0.67,2,4741777,4741295,482
335536661,26.0778,32.16,474,31776,0.806718,0.67,2,4741799,4741325,474
335539581,77.0311,26.064,563,31843,0.856687,0.71,2,4741910,4741347,563
335542501,52.4124,75.8256,490,31909,0.888675,0.69,2,4741946,4741456,490
335922101,45.7917,42.3224,498,39598,0.836925,1,2,4747319,4746821,498
335933781,34.7723,40.1363,485,39810,0.410561,1,1,4747477,4746992,485
335939621,32.8036,33.0618,489,39916,0.25169,1,1,4747544,4747055,489
335942541,40.1214,39.6247,490,39969,0.214676,1,1,4747589,4747099,490
335957141,27.9436,36.1552,490,40234,0.224025,0.91,1,4747727,4747237,490
335960061,38.7775,30.6621,509,40286,0.22761,0.79,1,4747773,4747264,509
335962981,30.511,45.2648,479,40338,0.265044,0.69,1,4747798,4747319,479
335965901,46.4044,36.1059,506,40390,0.244018,0.49,1,4747855,4747349,506
335968821,36.5618,52.2424,473,40442,0.271607,0.49,1,4747885,4747412,473
335971741,30.2247,41.8969,464,40494,0.258643,0.33,1,4747911,4747447,464
335974661,33.0899,34.7588,469,40546,0.265457,0.25,1,4747946,4747477,469
335986341,24.8039,34.0482,448,40754,0.426844,0.19,1,4748067,4747619,448
336059341,39.0826,38.2058,452,42030,0.759073,0.61,2,4748908,4748456,452
336062261,36.0331,35.0823,453,42080,0.789629,0.59,2,4748942,4748489,453
336065181,27.6132,27.2329,453,42130,0.789852,0.63,2,4748964,4748511,453
336068101,21.8453,21.6932,453,42180,0.813941,0.61,2,4748982,4748529,453
336071021,40.5381,40.4773,453,42230,0.835576,0.61,2,4749035,4748582,453
336073941,17.4152,17.3909,453,42280,0.84423,0.65,2,4749037,4748584,453
336076861,20.7661,20.7564,453,42330,0.835692,0.69,2,4749060,4748607,453
336079781,37.7064,37.1025,454,42380,0.856277,0.67,2,4749109,4748655,454
336103141,36.6091,36.0331,461,42778,0.891859,0.79,2,4749403,4748942,461
336254981,28.9314,37.0083,484,45271,0.867614,1,2,4751102,4750618,484
336257901,31.3725,33.4033,486,45318,0.869045,1,2,4751135,4750649,486
336260821,34.749,30.7613,494,45365,0.809618,1,2,4751172,4750678,494
336263741,25.8996,30.9045,483,45411,0.833847,1,2,4751192,4750709,483
336266661,30.7598,37.5618,475,45457,0.783539,1,2,4751226,4750751,475
336269581,39.9039,35.4247,487,45503,0.763416,1,2,4751272,4750785,487
336272501,35.1616,36.9699,481,45549,0.779366,0.99,2,4751304,4750823,481
336275421,28.4646,32.188,476,45595,0.785746,0.93,2,4751328,4750852,476
336322141,28.4808,28.4545,487,46331,0.751272,0.71,2,4751815,4751328,487
336327981,29.8769,32.3927,484,46422,0.752604,0.65,2,4751877,4751393,484
336330901,32.9508,32.7571,486,46467,0.775041,0.63,2,4751912,4751426,486
336333821,32.3803,34.1028,483,46512,0.784017,0.63,2,4751944,4751461,483
336336741,23.1521,32.8411,468,46557,0.799607,0.63,2,4751961,4751493,468
336339661,26.6609,23.9365,479,46602,0.829843,0.67,2,4751990,4751511,479
336342581,25.6643,25.7746,477,46647,0.853937,0.61,2,4752015,4751538,477
336345501,29.4657,24.7098,485,46692,0.875575,0.67,2,4752047,4751562,485
336523621,28.1995,26.5595,520,49371,0.850374,1,2,4753899,4753379,520
336526541,26.2798,28.6238,515,49414,0.85015,1,2,4753924,4753409,515
336529461,27.3119,28.8495,514,49457,0.80206,1,2,4753952,4753438,514
336546981,31.0886,32.3694,528,49712,0.440248,1,1,4754150,4753622,528
336552821,23.9342,26.4191,514,49796,0.42924,1,1,4754190,4753676,514
336555741,28.7737,35.1676,505,49838,0.441696,1,1,4754222,4753717,505
336579101,28.5858,27.3119,491,50174,0.419588,0.65,1,4754443,4753952,491
336582021,31.8343,32.5248,489,50216,0.413835,0.51,1,4754477,4753988,489
336587861,31.4935,27.884,482,50300,0.401014,0.47,1,4754530,4754048,482
336590781,13.7974,34.5536,445,50342,0.418405,0.43,1,4754532,4754087,445
336593701,24.719,34.2214,443,50384,0.413362,0.43,1,4754564,4754121,443
336596621,27.8876,31.0886,444,50426,0.423345,0.47,1,4754594,4754150,444
336657941,35.3082,33.6947,447,51295,0.785024,0.53,2,4755148,4754701,447
336660861,30.9233,30.8779,446,51336,0.77601,0.55,2,4755176,4754730,446
336663781,25.5693,24.3512,448,51377,0.796404,0.55,2,4755198,4754750,448
336666701,29.4277,28.3405,449,51418,0.804562,0.59,2,4755230,4754781,449
336669621,26.1711,25.7362,449,51459,0.831825,0.55,2,4755254,4754805,449
336672541,24.8684,24.6945,449,51500,0.81873,0.57,2,4755278,4754829,449
336675461,24.9474,23.6778,451,51541,0.837492,0.63,2,4755303,4754852,451
336678381,30.9789,30.4711,451,51582,0.844997,0.59,2,4755338,4754887,451
336681301,32.1916,31.3884,452,51623,0.835999,0.65,2,4755371,4754919,452
336684221,21.2766,20.9554,452,51664,0.8324,0.61,2,4755385,4754933,452
336687141,32.5107,32.3822,452,51705,0.80696,0.61,2,4755425,4754973,452
336690061,14.2043,14.1529,452,51746,0.820784,0.67,2,4755427,4754975,452
336692981,24.2817,23.6611,453,51787,0.814314,0.67,2,4755458,4755005,453
336695901,30.1127,9.46446,487,51828,0.811725,0.73,2,4755492,4755005,487
336698821,18.6451,22.9858,466,51869,0.82269,0.71,2,4755503,4755037,466
336701741,24.858,15.7943,484,51910,0.839076,0.77,2,4755532,4755048,484
336704661,30.9432,22.5177,492,51951,0.88163,0.75,2,4755567,4755075,492
336960161,62.3129,31.4191,561,25826,0.85,1,2,4758598,4758037,561
336968921,77.236,65.7068,554,26072,0.44392,1,1,4758806,4758252,554
336971841,61.4944,69.4827,533,26153,0.435568,1,1,4758857,4758324,533
336980601,37.7756,45.9189,503,26396,0.401076,0.9,1,4758989,4758486,503
337039001,55.5468,55.4442,445,27957,0.781768,0.53,2,4759999,4759554,445
337041921,54.0187,52.1777,448,28033,0.798707,0.65,2,4760052,4759604,448
337044841,76.2075,72.4711,453,28109,0.841483,0.69,2,4760143,4759690,453
337047761,62.283,60.1884,454,28184,0.846593,0.67,2,4760196,4759742,454
337050681,65.1132,63.6754,455,28259,0.860637,0.67,2,4760263,4759808,455
337053601,27.2453,26.6701,455,28334,0.866255,0.67,2,4760265,4759810,455
337056521,28.8981,28.6681,455,28409,0.868502,0.67,2,4760295,4759840,455
337059441,31.3592,11.4672,488,28484,0.881401,0.71,2,4760328,4759840,488
337062361,57.5437,23.7869,531,28558,0.85056,0.77,2,4760403,4759872,531
337065281,57.2175,52.1148,517,28632,0.886224,0.81,2,4760460,4759943,517
337068201,54.687,54.4459,514,28706,0.88849,0.81,2,4760513,4759999,514
337179161,32.911,13.3579,527,31387,0.897213,1,2,4762359,4761832,527
337182081,46.7644,37.7432,529,31454,0.760885,1,2,4762415,4761886,529
337193761,51.4724,73.2302,508,31722,0.250695,1,1,4762684,4762176,508
337205441,31.1161,27.9387,504,31988,0.0503378,0.96,1,4762794,4762290,504
337208361,25.6464,32.7755,490,32054,0.0621351,0.85,1,4762816,4762326,490
337211281,41.4586,32.9102,509,32120,0.090854,0.67,1,4762868,4762359,509
337217121,57.3934,80.5056,491,32252,0.207737,0.45,1,4763009,4762518,491
337220041,64.9573,62.2023,511,32318,0.209095,0.23,1,4763079,4762568,511
337222961,47.5829,71.6809,469,32383,0.245638,0.19,1,4763115,4762646,469
337266761,30.2688,30.1573,439,33350,0.423927,0.35,1,4763657,4763218,439
337313481,60.5461,65.1167,498,34350,0.759835,0.59,2,4764330,4763832,498
337316401,68.0185,54.8467,523,34412,0.777934,0.61,2,4764403,4763880,523
337319321,52.4074,65.1387,493,34473,0.809174,0.65,2,4764445,4763952,493
337322241,40.163,50.6555,484,34534,0.773669,0.67,2,4764477,4763993,484
337325161,25.0652,37.6622,470,34595,0.771468,0.71,2,4764492,4764022,470
337328081,26.8261,24.0649,483,34656,0.770587,0.73,2,4764520,4764037,483
337331001,31.1304,26.426,489,34717,0.794235,0.71,2,4764554,4764065,489
337333921,25.6522,31.5704,476,34778,0.815694,0.71,2,4764576,4764100,476
337336841,11.4609,25.8282,456,34839,0.824278,0.67,2,4764578,4764122,456
337339761,38.1843,11.5313,510,34900,0.827711,0.77,2,4764634,4764124,510
337342681,77.6737,36.4125,561,34961,0.865084,0.75,2,4764738,4764177,561
337345601,61.6695,76.365,509,35021,0.892034,0.77,2,4764789,4764280,509
337482841,50.2228,78.8795,513,37752,0.785077,1,2,4766685,4766172,513
337488681,43.7957,41.7807,524,37864,0.417212,1,1,4766768,4766244,524
337491601,45.7183,51.5123,513,37920,0.280885,1,1,4766815,4766302,513
337497441,33.8349,35.362,509,38032,0.0893416,1,1,4766876,4766367,509
337500361,32.734,28.5448,517,38088,0.0657366,1,1,4766908,4766391,517
337503281,31.0936,30.6179,515,38143,0.0322947,0.98,1,4766938,4766423,515
337506201,28.0374,31.4472,509,38198,0.0309179,1,1,4766964,4766455,509
337509121,20.815,30.5789,495,38253,0.0303671,1,1,4766980,4766485,495
337512041,29.926,30.2315,501,38308,0.0181469,1,1,4767016,4766515,501
337514961,68.9704,31.8926,563,38363,0.0132587,0.93,1,4767111,4766548,563
337517881,42.5882,74.557,485,38418,0.0353035,0.67,1,4767136,4766651,485
337520801,34.4353,50.2228,480,38473,0.0321214,0.49,1,4767165,4766685,480
337523721,35.3741,43.4891,477,38528,0.0308486,0.29,1,4767201,4766724,477
337526641,38.1496,43.7957,473,38583,0.0303394,0.19,1,4767241,4766768,473
337529561,16.4599,45.7183,428,38638,0.0121358,0.11,1,4767243,4766815,428
337532481,20.9839,35.0873,424,38693,0.0468543,0.03,1,4767267,4766843,424
337535401,27.5936,33.8349,423,38748,0.0367417,0.05,1,4767299,4766876,423
337538321,29.6374,32.734,422,38803,0.0146967,0.01,1,4767330,4766908,422
337541241,30.455,31.0936,423,38857,0.0238787,0.03,1,4767361,4766938,423
337544161,27.782,28.0374,423,38911,0.00955147,0.03,1,4767387,4766964,423
337547081,22.5128,20.815,426,38965,0.00382059,0.01,1,4767406,4766980,426
337550001,28.8051,29.926,423,39019,0.00152823,0.01,1,4767439,4767016,423
337552921,67.922,68.9704,422,39073,0.0306113,0.05,1,4767533,4767111,422
337555841,44.5688,42.5882,426,39127,0.0302445,0.03,1,4767562,4767136,426
337558761,33.4275,34.4353,423,39181,0.0300978,0.03,1,4767588,4767165,423
337561681,34.971,35.3741,423,39235,0.0300391,0.03,1,4767624,4767201,423
337564601,38.5884,38.1496,424,39289,0.0300156,0,1,4767665,4767241,424
337567521,16.6354,16.4599,424,39343,0.0300063,0.07,1,4767667,4767243,424
337570441,21.6541,20.9839,425,39397,0.0540025,0.03,1,4767692,4767267,425
337573361,27.2617,27.5936,424,39451,0.039601,0,1,4767723,4767299,424
337576281,28.3047,29.6374,422,39505,0.0338404,0.03,1,4767752,4767330,422
337579201,29.9219,30.455,422,39558,0.0315362,0,1,4767783,4767361,422
337582121,27.5687,27.782,422,39611,0.0126145,0,1,4767809,4767387,422
337585041,22.4275,22.5128,422,39664,0.00504579,0,1,4767828,4767406,422
337587961,31.171,28.8051,426,39717,0.00201831,0.05,1,4767865,4767439,426
337590881,66.4684,67.922,422,39770,0.0548073,0.03,1,4767955,4767533,422
337593801,44.5874,44.5688,423,39823,0.0879229,0.03,1,4767985,4767562,423
337596721,32.8349,33.4275,422,39876,0.0891692,0.03,1,4768010,4767588,422
337599641,35.334,34.971,423,39929,0.0776677,0.03,1,4768047,4767624,423
337602561,38.1336,38.5884,422,39982,0.0850671,0.03,1,4768087,4767665,422
337605481,16.4534,16.6354,422,40035,0.0880268,0.07,1,4768089,4767667,422
337608401,22.1814,21.6541,423,40088,0.0772107,0.07,1,4768115,4767692,423
337611321,27.4725,8.66166,454,40141,0.0608843,0.03,1,4768146,4767692,454
337614241,27.789,22.0647,451,40194,0.0543537,0.03,1,4768174,4767723,451
337617161,29.1156,26.2259,452,40247,0.0397415,0.03,1,4768204,4767752,452
337620081,27.2462,29.0903,447,40299,0.0218966,0,1,4768230,4767783,447
337623001,22.2985,27.2361,440,40351,0.00875864,0,1,4768249,4767809,440
337625921,31.1194,22.2945,458,40403,0.00350345,0,1,4768286,4767828,458
337628841,68.8478,31.1178,515,40455,0.0314014,0.09,1,4768380,4767865,515
337631761,44.9391,66.4471,454,40507,0.0545606,0.11,1,4768409,4767955,454
337634681,32.3756,44.5788,448,40559,0.0758242,0.09,1,4768433,4767985,448
337637601,35.1503,32.8315,460,40611,0.0843297,0.07,1,4768470,4768010,460
337640521,38.0601,35.3326,463,40663,0.0997319,0.09,1,4768510,4768047,463
337646361,22.7696,16.4532,450,40767,0.0963571,0.07,1,4768539,4768089,450
337658041,26.7429,29.1156,447,40975,0.0899707,0.01,1,4768651,4768204,447
337660961,22.0972,27.2462,440,41027,0.0359883,0,1,4768670,4768230,440
337663881,32.2389,22.2985,460,41078,0.0323953,0,1,4768709,4768249,460
337666801,69.2955,31.1194,517,41129,0.0189581,0.05,1,4768803,4768286,517
337669721,45.7182,68.8478,453,41180,0.0255833,0.07,1,4768833,4768380,453
337672641,33.8873,44.9391,450,41231,0.0402333,0.09,1,4768859,4768409,450
337675561,35.1549,32.3756,462,41282,0.0580933,0.09,1,4768895,4768433,462
337678481,38.662,35.1503,466,41333,0.0652373,0.11,1,4768936,4768470,466
337681401,16.6648,38.0601,428,41384,0.0680949,0.11,1,4768938,4768510,428
337684321,22.2659,16.424,452,41435,0.069238,0.09,1,4768964,4768512,452
337687241,27.5064,22.7696,456,41486,0.0936952,0.11,1,4768995,4768539,456
337690161,28.4025,27.1078,455,41537,0.0914781,0.13,1,4769024,4768569,455
337693081,12.561,27.6431,429,41588,0.0905912,0.17,1,4769026,4768597,429
337704761,31.9536,32.2389,423,41792,0.0668791,0.01,1,4769132,4768709,423
337707681,68.5814,69.2955,422,41843,0.0567517,0.03,1,4769225,4768803,422
337710601,46.0326,45.7182,423,41893,0.0287007,0.05,1,4769256,4768833,423
337713521,34.613,33.8873,424,41943,0.0774803,0.07,1,4769283,4768859,424
337716441,36.0452,35.1549,425,41993,0.0609921,0.07,1,4769320,4768895,425
337722281,16.8072,16.6648,425,42093,0.0949587,0.07,1,4769363,4768938,425
337739801,22.3211,21.2098,430,42393,0.226555,0.11,1,4769503,4769073,430
337742721,16.1284,19.8839,423,42443,0.216622,0.03,1,4769515,4769092,423
337745641,30.4514,31.9536,423,42493,0.200649,0.05,1,4769555,4769132,423
337748561,67.3805,68.5814,422,42543,0.21826,0.01,1,4769647,4769225,422
337751481,45.5522,46.0326,422,42593,0.237304,0.11,1,4769678,4769256,422
337754401,36.2209,34.613,425,42643,0.256922,0.05,1,4769708,4769283,425
337757321,36.0884,36.0452,424,42692,0.276769,0.13,1,4769744,4769320,424
337760241,40.8353,39.0181,427,42741,0.296707,0.09,1,4769788,4769361,427
337792361,45.9448,67.3022,463,43280,0.411363,0.25,1,4770110,4769647,463
337795281,36.3779,45.5209,462,43329,0.422545,0.27,1,4770140,4769678,462
337798201,36.7512,36.2083,469,43378,0.427018,0.29,1,4770177,4769708,469
337804041,18.6002,40.8333,439,43476,0.439123,0.31,1,4770227,4769788,439
337877041,48.4317,47.3425,450,44672,0.759634,0.57,2,4771002,4770552,450
337879961,37.9727,36.937,451,44719,0.777853,0.59,2,4771033,4770582,451
337882881,37.9891,37.5748,451,44766,0.797141,0.59,2,4771071,4770620,451
337885801,44.5956,44.4299,451,44813,0.828857,0.59,2,4771120,4770669,451
337888721,19.0382,18.972,451,44860,0.841543,0.59,2,4771122,4770671,451
337891641,23.2153,23.1888,451,44907,0.846617,0.61,2,4771148,4770697,451
337894561,29.6861,30.2755,450,44954,0.836647,0.59,2,4771182,4770732,450
337897481,31.0744,30.1102,452,45001,0.844659,0.59,2,4771214,4770762,452
337900401,13.6298,13.2441,452,45048,0.847864,0.63,2,4771216,4770764,452
337903321,23.4519,22.6976,453,45095,0.849145,0.63,2,4771246,4770793,453
337906241,22.5808,22.2791,453,45142,0.873658,0.63,2,4771268,4770815,453
337909161,10.2323,10.1116,453,45189,0.859463,0.67,2,4771270,4770817,453
337912081,11.2929,11.2446,453,45236,0.853785,0.69,2,4771282,4770829,453
338112101,45.876,34.8067,482,22189,0.438755,0.57,1,4773719,4773237,482
338150061,32.2813,70.5323,459,23401,0.754041,0.65,2,4774582,4774123,459
338152981,32.1125,31.8129,485,23492,0.787616,0.65,2,4774614,4774129,485
338155901,72.245,31.9252,552,23582,0.813047,0.63,2,4774713,4774161,552
338158821,99.698,72.7701,570,23672,0.823219,0.67,2,4774831,4774261,570
338161741,76.4792,98.108,516,23762,0.851287,0.73,2,4774892,4774376,516
338164661,71.3917,74.6432,525,23851,0.862515,0.75,2,4774960,4774435,525
338167581,73.5567,71.2573,531,23940,0.867006,0.73,2,4775035,4774504,531
338170501,30.6227,71.7029,461,24029,0.868802,0.77,2,4775037,4774576,461
338173421,16.4491,32.2812,462,24117,0.869521,0.81,2,4775044,4774582,462
338261021,64.8978,72.9123,536,26628,0.859216,1,2,4776916,4776380,536
338263941,43.3591,65.7649,504,26708,0.829686,1,2,4776945,4776441,504
338266861,34.7436,42.506,506,26787,0.829875,1,2,4776974,4776468,506
338269781,34.2975,30.2024,518,26866,0.78195,1,2,4777008,4776490,518
338281461,75.8396,83.8612,471,27180,0.294338,0.94,1,4777261,4776790,471
338290221,39.6777,43.3591,462,27413,0.0433176,0.83,1,4777407,4776945,462
338293141,33.2711,34.7436,462,27490,0.047327,0.75,1,4777436,4776974,462
338296061,31.3084,34.2975,458,27567,0.0369308,0.65,1,4777466,4777008,458
338298981,26.3234,31.119,452,27644,0.0327723,0.61,1,4777489,4777037,452
338301901,29.1293,32.2476,450,27721,0.0311089,0.37,1,4777520,4777070,450
338313581,57.0833,61.6943,422,28025,0.217996,0,1,4777804,4777382,422
338316501,38.4333,39.6777,423,28101,0.249199,0.05,1,4777830,4777407,423
338319421,32.1733,33.2711,422,28176,0.261679,0.03,1,4777858,4777436,422
338322341,31.4693,31.3084,423,28251,0.290672,0.03,1,4777889,4777466,423
338325261,26.3877,26.3234,423,28326,0.290269,0.03,1,4777912,4777489,423
338351541,27.8306,31.4407,459,28992,0.401862,0.29,1,4778348,4777889,459
338354461,29.1322,26.3763,466,29065,0.406745,0.33,1,4778378,4777912,466
338404101,31.4262,31.7454,452,30279,0.761189,0.61,2,4779215,4778763,452
338407021,28.1705,28.2982,452,30349,0.766475,0.63,2,4779241,4778789,452
338409941,29.8682,29.3193,453,30419,0.78059,0.67,2,4779272,4778819,453
338412861,85.1473,83.7277,455,30489,0.810236,0.67,2,4779394,4778939,455
338415781,35.2589,34.6911,455,30558,0.822094,0.67,2,4779396,4778941,455
338418701,52.5036,52.2764,455,30627,0.838838,0.69,2,4779460,4779005,455
338421621,61.2014,61.7106,454,30696,0.881535,0.75,2,4779527,4779073,454
338424541,59.8806,58.2842,457,30765,0.886614,0.71,2,4779586,4779129,457
338576381,73.0334,75.0039,479,34156,0.8212,1,2,4781973,4781494,479
338593901,30.0899,30.8897,517,34526,0.431134,1,1,4782177,4781660,517
338596821,41.4359,26.1559,543,34587,0.418454,1,1,4782226,4781683,543
338602661,42.8698,48.3449,516,34709,0.284153,1,1,4782311,4781795,516
338605581,40.5479,46.938,509,34770,0.263661,0.88,1,4782350,4781841,509
338608501,66.0192,41.5752,554,34831,0.279464,0.75,1,4782433,4781879,554
338628941,41.6033,30.0899,489,35253,0.417031,0.41,1,4782666,4782177,489
338631861,38.8413,41.4359,477,35313,0.448812,0.33,1,4782703,4782226,477
338634781,41.3365,41.1744,479,35373,0.449525,0.23,1,4782746,4782267,479
338637701,39.9346,42.8698,474,35433,0.44981,0.25,1,4782785,4782311,474
338640621,66.3738,40.5479,519,35493,0.425924,0.29,1,4782869,4782350,519
338690261,21.6715,21.6441,447,36491,0.76061,0.55,2,4783452,4783005,447
338693181,23.6686,23.6577,447,36549,0.766244,0.55,2,4783477,4783030,447
338696101,26.8674,26.2631,448,36607,0.768498,0.61,2,4783506,4783058,448
338699021,42.547,41.1052,450,36665,0.781399,0.57,2,4783559,4783109,450
338701941,40.4188,39.8421,450,36723,0.81056,0.61,2,4783598,4783148,450
338704861,41.3675,41.1368,450,36781,0.834224,0.59,2,4783640,4783190,450
338707781,40.547,39.8547,451,36838,0.81969,0.61,2,4783680,4783229,451
338710701,68.4188,67.5419,452,36895,0.837876,0.67,2,4783767,4783315,452
338713621,59.1675,56.4168,456,36952,0.89315,0.71,2,4783820,4783364,456
338929701,148.621,173.741,481,18482,0.0964,0.23,1,4786718,4786237,481
338932621,101.448,112.696,479,18597,0.05656,0.01,1,4786788,4786309,479
338935541,65.7793,94.8786,438,18711,0.028624,0.09,1,4786830,4786392,438
338938461,61.1117,69.1514,444,18824,0.0414496,0.17,1,4786888,4786444,444
338941381,40.0447,48.0606,436,18937,0.0165798,0.01,1,4786914,4786478,436
338944301,82.6179,94.2242,422,19049,0.0486319,0.05,1,4787025,4786603,422
338947221,103.247,106.69,424,19160,0.0854528,0.03,1,4787142,4786718,424
338950141,82.0989,84.6759,422,19271,0.0881811,0.01,1,4787210,4786788,422
338953061,58.6395,59.0703,423,19381,0.0532724,0.05,1,4787253,4786830,423
338955981,58.2558,58.4281,423,19490,0.027309,0,1,4787311,4786888,423
338958901,38.9023,38.9713,423,19599,0.0169236,0,1,4787337,4786914,423
338961821,82.7609,15.5885,535,19707,0.0367694,0.07,1,4787449,4786914,535
338964741,104.504,72.8354,543,19815,0.0327078,0.11,1,4787568,4787025,543
338967661,80.8017,99.3342,491,19922,0.0550831,0.09,1,4787633,4787142,491
338970581,56.9207,80.5337,464,20028,0.0400332,0.03,1,4787674,4787210,464
338973501,57.5683,58.0135,479,20134,0.0340133,0.01,1,4787732,4787253,479
338976421,38.6273,58.0054,447,20239,0.0316053,0.01,1,4787758,4787311,447
338979341,84.4509,38.8022,536,20344,0.0546421,0.05,1,4787873,4787337,536
338982261,103.98,82.7209,541,20448,0.0878569,0.03,1,4787990,4787449,541
339002701,84.8953,103.98,427,21164,0.252786,0.17,1,4788417,4787990,427
339005621,75.9581,81.7921,430,21264,0.275115,0.11,1,4788487,4788057,430
339011461,57.9933,57.8467,430,21463,0.297218,0.13,1,4788585,4788155,430
339014381,38.7973,38.7387,430,21562,0.244887,0.21,1,4788611,4788181,430
339017301,86.3189,85.0955,432,21660,0.295955,0.21,1,4788729,4788297,432
339031901,55.8746,57.9933,432,22145,0.425459,0.21,1,4789017,4788585,432
339066941,79.1366,86.128,526,23268,0.775689,0.63,2,4789814,4789288,526
339069861,54.4546,78.8512,490,23359,0.808276,0.61,2,4789852,4789362,490
339072781,56.5819,53.7405,511,23450,0.84531,0.63,2,4789910,4789399,511
339075701,39.4327,56.8962,480,23540,0.860124,0.65,2,4789938,4789458,480
339174981,63.4029,96.9806,507,26428,0.774371,1,2,4791995,4791488,507
339198341,70.152,88.0071,459,27062,0.403293,0.69,1,4792407,4791948,459
339201261,56.8608,63.4029,460,27140,0.407317,0.51,1,4792455,4791995,460
339204181,74.9443,82.3611,452,27218,0.408927,0.45,1,4792542,4792090,452
339207101,64.7777,71.9445,445,27296,0.421571,0.51,1,4792600,4792155,445
339210021,57.7111,61.7778,443,27374,0.426628,0.43,1,4792653,4792210,443
339218781,27.9575,30.4498,440,27605,0.440344,0.41,1,4792731,4792291,440
339221701,18.983,19.3799,441,27682,0.446138,0.41,1,4792744,4792303,441
339247981,18.2063,18.983,442,28363,0.772209,0.45,2,4793186,4792744,442
339250901,71.4825,7.5932,549,28438,0.782884,0.51,2,4793293,4792744,549
339253821,57.993,66.0373,493,28512,0.787153,0.53,2,4793342,4792849,493
339256741,78.3972,55.2149,537,28586,0.812861,0.63,2,4793434,4792897,537
339259661,66.7589,74.286,509,28660,0.847145,0.67,2,4793493,4792984,509
339262581,61.5036,63.9144,510,28734,0.848858,0.71,2,4793551,4793041,510
339265501,37.2014,58.5658,476,28808,0.861543,0.75,2,4793572,4793096,476
339268421,37.0806,35.4263,493,28881,0.890617,0.75,2,4793609,4793116,493
339271341,28.6322,35.7705,480,28954,0.890247,0.75,2,4793632,4793152,480
339274261,18.6529,27.5082,470,29027,0.890099,0.79,2,4793644,4793174,470
339402741,47.1616,63.1363,520,32078,0.84664,1,2,4795859,4795339,520
339405661,53.0646,57.0545,524,32144,0.836656,1,2,4795916,4795392,524
339420261,54.4983,31.2831,542,32472,0.29915,1,1,4796124,4795582,542
339426101,47.3597,61.5253,511,32602,0.047864,0.99,1,4796228,4795717,511
339429021,55.5439,45.0101,538,32667,0.0731456,0.94,1,4796289,4795751,538
339431941,42.0176,59.404,502,32732,0.0472582,0.77,1,4796322,4795820,502
339434861,18.007,47.1616,465,32797,0.0369033,0.83,1,4796324,4795859,465
339437781,40.2028,53.0646,463,32861,0.0447613,0.69,1,4796379,4795916,463
339440701,34.6811,41.0259,461,32925,0.0239045,0.61,1,4796410,4795949,461
339443621,34.2724,43.4103,450,32989,0.0395618,0.51,1,4796444,4795994,450
339446541,30.509,38.3641,443,33053,0.0458247,0.49,1,4796472,4796029,443
339449461,27.2036,29.7457,444,33117,0.0243299,0.15,1,4796497,4796053,444
339452381,42.6814,54.4983,426,33181,0.039732,0,1,4796550,4796124,426
339455301,54.2726,61.3993,422,33245,0.0338928,0,1,4796612,4796190,422
339458221,44.509,47.3597,422,33309,0.0195571,0.09,1,4796650,4796228,422
339461141,55.6036,55.5439,424,33372,0.0378228,0.03,1,4796713,4796289,424
339464061,40.8414,42.0176,422,33435,0.0331291,0.03,1,4796744,4796322,422
339466981,17.5366,18.007,422,33498,0.0312517,0.05,1,4796746,4796324,422
339469901,40.0146,40.2028,422,33561,0.0425007,0.01,1,4796801,4796379,422
339472821,34.6059,34.6811,422,33624,0.0710003,0.05,1,4796832,4796410,422
339475741,34.2423,34.2724,422,33687,0.0824001,0.05,1,4796866,4796444,422
339478661,31.6969,30.509,424,33750,0.07496,0.01,1,4796896,4796472,424
339481581,27.0788,27.2036,423,33813,0.083984,0.05,1,4796920,4796497,423
339484501,42.6315,42.6814,423,33876,0.0755936,0.03,1,4796973,4796550,423
339487421,53.6526,54.2726,422,33938,0.0722374,0.01,1,4797034,4796612,422
339490341,44.261,44.509,422,34000,0.070895,0.05,1,4797072,4796650,422
339493261,55.5044,55.6036,422,34062,0.058358,0.03,1,4797135,4796713,422
339496181,40.8018,40.8414,422,34124,0.0413432,0.03,1,4797166,4796744,422
339499101,17.5207,17.5366,422,34186,0.0345373,0.05,1,4797168,4796746,422
339502021,42.4083,40.0146,426,34248,0.0558149,0.05,1,4797227,4796801,426
339504941,34.9633,16.0059,456,34310,0.052326,0.09,1,4797257,4796801,456
339507861,33.1853,25.0023,457,34372,0.0629304,0.09,1,4797289,4796832,457
339510781,30.6741,30.4009,452,34434,0.0911722,0.07,1,4797318,4796866,452
339534141,42.9659,17.5182,481,34922,0.0851671,0.07,1,4797649,4797168,481
339537061,36.3864,42.4073,454,34983,0.0760669,0.05,1,4797681,4797227,454
339554581,44.3386,51.7631,469,35343,0.216475,0.19,1,4797924,4797455,469
339557501,52.5354,44.1053,488,35403,0.23659,0.11,1,4797982,4797494,488
339560421,39.0142,54.8421,456,35463,0.244636,0.13,1,4798012,4797556,456
339563341,16.8057,40.5368,427,35523,0.247854,0.09,1,4798014,4797587,427
339566261,42.1223,17.4147,484,35583,0.285142,0.07,1,4798073,4797589,484
339577941,30.5359,32.1018,432,35819,0.290164,0.19,1,4798176,4797744,432
339580861,27.8144,29.0407,431,35878,0.278065,0.17,1,4798202,4797771,431
339583781,43.5257,44.6163,430,35937,0.297226,0.21,1,4798256,4797826,430
339612981,29.7434,30.5359,435,36521,0.438194,0.27,1,4798611,4798176,435
339659701,45.4579,54.6347,484,37437,0.751181,0.53,2,4799239,4798755,484
339662621,57.1832,45.2539,510,37493,0.774472,0.61,2,4799304,4798794,510
339665541,41.4733,54.7016,480,37549,0.819789,0.59,2,4799335,4798855,480
339668461,17.7893,39.8806,452,37605,0.837916,0.63,2,4799337,4798885,452
339671381,44.9157,17.1522,513,37661,0.833166,0.61,2,4799400,4798887,513
339674301,38.3663,44.0609,485,37717,0.831266,0.65,2,4799434,4798949,485
339677221,16.5465,38.0244,453,37773,0.830507,0.65,2,4799436,4798983,453
339680141,27.6186,16.4097,486,37829,0.842203,0.61,2,4799471,4798985,486
339683061,31.4474,27.5639,485,37885,0.858881,0.63,2,4799505,4799020,485
339685981,29.379,30.8256,480,37941,0.877552,0.65,2,4799533,4799053,480
339831981,29.1767,24.5567,520,40631,0.8848,1,2,4801419,4800899,520
339837821,24.9483,25.5291,510,40735,0.812368,1,2,4801466,4800956,510
339849501,62.1123,42.6343,553,40943,0.442669,1,1,4801670,4801117,553
339855341,37.178,46.3015,508,41046,0.242427,1,1,4801731,4801223,508
339861181,36.0685,33.0882,519,41148,0.0663883,1,1,4801804,4801285,519
339864101,33.6274,42.6353,502,41199,0.0325553,1,1,4801836,4801334,502
339867021,31.451,33.8541,504,41250,0.0910221,0.97,1,4801866,4801362,504
339899141,35.2646,37.6712,426,41811,0.207482,0.01,1,4802195,4801769,426
339934181,33.6855,33.6537,430,42411,0.214734,0.17,1,4802556,4802126,430
339937101,32.6742,32.6615,430,42461,0.247894,0.23,1,4802588,4802158,430
339940021,35.8697,35.2646,431,42511,0.261157,0.19,1,4802626,4802195,431
339942941,35.3479,36.3058,429,42561,0.278463,0.17,1,4802661,4802232,429
339945861,32.1391,33.1223,428,42611,0.285385,0.17,1,4802691,4802263,428
339957541,24.0836,23.5087,429,42808,0.404122,0.19,1,4802789,4802360,429
339960461,22.8334,22.6035,429,42857,0.407649,0.19,1,4802811,4802382,429
339969221,24.5493,24.5346,429,43004,0.41513,0.19,1,4802891,4802462,429
339972141,54.2197,9.81385,503,43053,0.400052,0.15,1,4802965,4802462,503
339975061,35.4879,48.3255,452,43102,0.406021,0.25,1,4802988,4802536,452
339977981,33.3952,31.3302,464,43151,0.444408,0.27,1,4803020,4802556,464
340027621,34.2283,37.2632,477,43975,0.760997,0.47,2,4803573,4803096,477
340030541,34.0913,33.5053,480,44023,0.766399,0.51,2,4803607,4803127,480
340033461,29.2365,33.8021,472,44071,0.75656,0.51,2,4803633,4803161,472
340039301,24.8378,21.7283,476,44167,0.75825,0.59,2,4803678,4803202,476
340045141,38.5341,23.5165,499,44263,0.77052,0.61,2,4803750,4803251,499
340048061,16.6136,38.2066,453,44311,0.782208,0.61,2,4803752,4803299,453
340050981,24.6454,16.4826,481,44359,0.798883,0.61,2,4803782,4803301,481
340053901,55.4582,24.5931,527,44407,0.805553,0.65,2,4803858,4803331,527
340056821,37.7833,54.2372,479,44455,0.808221,0.65,2,4803884,4803405,479
340059741,16.3133,37.2949,455,44502,0.809289,0.67,2,4803886,4803431,455
340062661,28.7253,35.318,458,44549,0.821715,0.75,2,4803923,4803465,458
340065581,34.8901,36.9272,459,44596,0.838686,0.77,2,4803962,4803503,459
340068501,37.3561,37.5709,460,44643,0.845474,0.77,2,4804001,4803541,460
340071421,34.1424,34.2283,460,44690,0.82419,0.77,2,4804033,4803573,460
340074341,34.657,34.0913,461,44737,0.839676,0.75,2,4804068,4803607,461
340077261,28.2628,29.2365,459,44784,0.86987,0.73,2,4804092,4803633,459
340080181,23.3051,23.0946,460,44831,0.881948,0.77,2,4804112,4803652,460
340083101,24.922,24.8378,460,44878,0.862779,0.73,2,4804138,4803678,460
340086021,24.3688,24.3351,460,44925,0.879112,0.79,2,4804162,4803702,460
340091861,16.859,16.6136,461,45019,0.897858,0.81,2,4804213,4803752,461
340258301,26.7299,25.3414,500,47616,0.886634,1,2,4806020,4805520,500
340264141,27.7968,26.0146,502,47704,0.870261,1,2,4806073,4805571,502
340267061,33.3187,31.4058,504,47748,0.822105,1,2,4806110,4805606,504
340269981,28.3275,31.7623,497,47792,0.802842,1,2,4806135,4805638,497
340272901,28.131,29.5049,497,47836,0.831137,1,2,4806163,4805666,497
340275821,41.2524,46.002,490,47880,0.782455,1,2,4806213,4805723,490
340278741,36.301,39.4008,488,47924,0.750982,1,2,4806246,4805758,488
340281661,34.9204,40.3603,481,47968,0.750393,1,2,4806280,4805799,481
340287501,31.6273,32.7377,483,48056,0.757263,1,2,4806342,4805859,483
340322541,42.942,41.2524,460,48581,0.773792,0.73,2,4806673,4806213,460
340325461,36.3768,36.301,459,48624,0.783517,0.75,2,4806705,4806246,459
340328381,34.9507,34.9204,459,48667,0.811407,0.73,2,4806739,4806280,459
340331301,31.3803,32.5682,457,48710,0.834563,0.77,2,4806768,4806311,457
340334221,31.7521,31.6273,458,48753,0.843825,0.69,2,4806800,4806342,458
340337141,25.3008,26.4509,456,48796,0.85953,0.75,2,4806821,4806365,456
340340061,20.9203,21.3804,456,48839,0.865812,0.75,2,4806839,4806383,456
340342981,17.9681,8.55214,472,48882,0.844325,0.67,2,4806855,4806383,472
340345901,26.9873,14.2209,487,48925,0.88373,0.69,2,4806888,4806401,487
340348821,28.1949,25.4883,483,48968,0.863492,0.71,2,4806917,4806434,483
340620381,58.7614,65.4568,448,24440,0.296848,0.11,1,4809905,4809457,448
340632061,66.2995,74.9573,446,24785,0.410079,0.29,1,4810179,4809733,446
340634981,37.3198,47.9829,434,24871,0.434032,0.29,1,4810197,4809763,434
340670021,58.7785,49.7522,510,25874,0.751941,0.51,2,4810851,4810341,510
340672941,82.9114,59.5009,543,25956,0.786776,0.57,2,4810950,4810407,543
340675861,64.3646,80.2004,501,26038,0.812711,0.59,2,4811002,4810501,501
340678781,69.5458,62.0801,524,26119,0.835084,0.65,2,4811075,4810551,524
340681701,39.8183,67.4321,473,26200,0.844034,0.67,2,4811095,4810622,473
340684621,48.9273,37.7728,510,26281,0.859613,0.73,2,4811150,4810640,510
340687541,41.1709,46.9091,493,26362,0.877845,0.73,2,4811186,4810693,493
340690461,51.2684,40.3637,515,26442,0.897138,0.73,2,4811244,4810729,515
340798501,53.931,39.9158,535,29259,0.862,1,2,4813187,4812652,535
340813101,42.8566,44.73,513,29619,0.0643245,1,1,4813508,4812995,513
340816021,27.9426,36.492,500,29690,0.0437298,1,1,4813526,4813026,500
340821861,34.8308,33.3187,509,29832,0.0729968,1,1,4813594,4813085,509
340824781,19.9323,34.3275,484,29903,0.0471987,0.77,1,4813604,4813120,484
340827701,31.9729,53.931,457,29974,0.0368795,0.41,1,4813644,4813187,457
340830621,67.9892,88.7724,437,30045,0.0687518,0.15,1,4813736,4813299,437
340833541,68.5957,83.509,426,30115,0.0455007,0.09,1,4813805,4813379,426
340836461,59.2383,67.6036,422,30185,0.0602003,0.07,1,4813858,4813436,422
340839381,42.8953,45.6414,423,30255,0.0540801,0.03,1,4813890,4813467,423
340842301,41.7581,42.8566,423,30325,0.027632,0.03,1,4813931,4813508,423
340845221,26.9032,27.9426,422,30395,0.0290528,0.15,1,4813948,4813526,422
340848141,29.9613,28.5771,425,30465,0.0656211,0.05,1,4813980,4813555,425
340851061,34.1845,34.8308,423,30534,0.0802485,0.03,1,4814017,4813594,423
340853981,20.8738,19.9323,425,30603,0.0860994,0.03,1,4814029,4813604,425
340859821,68.6198,67.9892,424,30741,0.0989759,0.03,1,4814160,4813736,424
340862741,68.2479,68.5957,423,30810,0.0815904,0.07,1,4814228,4813805,423
340865661,58.4992,59.2383,422,30879,0.0506361,0.05,1,4814280,4813858,422
340868581,42.5997,42.8953,422,30948,0.0502545,0.01,1,4814312,4813890,422
340871501,41.6399,41.7581,422,31016,0.0501018,0.03,1,4814353,4813931,422
340874421,26.8559,26.9032,422,31084,0.0500407,0.09,1,4814370,4813948,422
340877341,31.7424,29.9613,425,31152,0.0380163,0.09,1,4814405,4813980,425
340880261,34.297,34.1845,424,31220,0.0692065,0.09,1,4814441,4814017,424
340883181,20.9188,20.8738,424,31288,0.0696826,0.09,1,4814453,4814029,424
340886101,31.1675,8.34952,462,31356,0.093873,0.13,1,4814491,4814029,462
340900701,41.4811,42.4714,462,31691,0.0762733,0.05,1,4814774,4814312,462
340903621,26.7924,41.5886,438,31758,0.0485093,0.05,1,4814791,4814353,438
340906541,32.317,26.8354,457,31825,0.0374037,0.03,1,4814827,4814370,457
340909461,35.7268,31.7342,460,31891,0.0449615,0.09,1,4814865,4814405,460
340912381,22.0907,34.2937,437,31957,0.0479846,0.07,1,4814878,4814441,437
340924061,56.8071,67.2667,478,32221,0.226588,0.13,1,4815128,4814650,478
340926981,41.3228,57.5067,458,32287,0.228635,0.15,1,4815159,4814701,458
340929901,39.3291,42.2027,464,32353,0.205454,0.03,1,4815197,4814733,464
340932821,24.7317,41.4811,438,32418,0.208182,0.03,1,4815212,4814774,438
340938661,36.8371,32.317,462,32548,0.0849091,0.05,1,4815289,4814827,462
340941581,23.7348,35.7268,439,32613,0.0879636,0.05,1,4815304,4814865,439
340944501,34.0939,22.0907,467,32678,0.0891854,0.15,1,4815345,4814878,467
340967861,30.5216,32.0927,426,33192,0.204127,0.05,1,4815675,4815249,426
340970781,36.8086,36.8371,427,33256,0.207651,0.09,1,4815716,4815289,427
340973701,23.1235,23.7348,426,33320,0.22106,0.09,1,4815730,4815304,426
340976621,34.4494,34.0939,427,33383,0.250424,0.13,1,4815772,4815345,427
340979541,72.5798,71.2376,429,33446,0.27417,0.13,1,4815870,4815441,429
340982461,30.2319,29.695,429,33509,0.283668,0.19,1,4815872,4815443,429
340994141,37.0235,37.0098,429,33761,0.413774,0.15,1,4816057,4815628,429
340999981,31.7238,30.5216,431,33887,0.429804,0.21,1,4816106,4815675,431
341002901,37.2895,36.8086,431,33949,0.441922,0.23,1,4816147,4815716,431
341005821,23.3158,23.1235,431,34011,0.422769,0.27,1,4816161,4815730,431
341008741,36.3263,34.4494,434,34073,0.427107,0.29,1,4816206,4815772,434
341052541,53.8906,53.8035,503,34993,0.778248,0.61,2,4816880,4816377,503
341055461,39.5562,52.7214,481,35053,0.809299,0.59,2,4816910,4816429,481
341058381,38.6225,39.6886,488,35113,0.84572,0.61,2,4816948,4816460,488
341061301,21.449,38.0754,461,35173,0.860288,0.61,2,4816958,4816497,461
341064221,33.1796,21.2302,492,35233,0.866115,0.63,2,4816999,4816507,492
341067141,37.2718,32.4921,492,35293,0.868446,0.61,2,4817039,4816547,492
341070061,23.3087,37.5968,465,35353,0.869378,0.61,2,4817053,4816588,465
341072981,38.1235,23.4387,499,35413,0.881751,0.65,2,4817101,4816602,499
341075901,81.2494,36.9755,563,35473,0.886701,0.75,2,4817211,4816648,563
341078821,33.6998,77.7902,460,35533,0.88868,0.75,2,4817213,4816753,460
341243801,321.595,341.711,486,17520,0.754,1,2,4819413,4818927,486
341281761,106.132,105.465,447,19035,0.751612,0.57,2,4820474,4820027,447
341284681,106.653,105.786,448,19146,0.762645,0.61,2,4820581,4820133,448
341287601,96.0611,92.7144,453,19257,0.827058,0.69,2,4820670,4820217,453
341392721,38.6375,43.8134,513,22889,0.432455,1,1,4823194,4822681,513
341439441,92.2544,89.4758,456,24328,0.753007,0.61,2,4824214,4823758,456
341442361,96.9018,98.1903,452,24415,0.799203,0.65,2,4824314,4823862,452
341445281,63.9607,63.2761,454,24502,0.829681,0.67,2,4824356,4823902,454
341448201,59.7843,58.9105,455,24588,0.865872,0.69,2,4824413,4823958,455
341451121,48.5137,47.5642,456,24674,0.868349,0.69,2,4824454,4823998,456
341454041,20.6055,20.2257,456,24760,0.84534,0.75,2,4824456,4824000,456
341456961,41.8422,41.0903,457,24846,0.872136,0.73,2,4824512,4824055,457
341459881,33.5369,32.6361,458,24931,0.858854,0.77,2,4824540,4824082,458
341579601,40.4847,38.4205,495,28204,0.823216,1,2,4826920,4826425,495
341582521,38.3939,25.5682,515,28279,0.779286,1,2,4826957,4826442,515
341623401,63.7398,62.0865,512,29310,0.778908,0.53,2,4827726,4827214,512
341626321,48.2959,65.0346,483,29382,0.809563,0.51,2,4827764,4827281,483
341629241,35.5184,46.4138,476,29454,0.785825,0.53,2,4827791,4827315,476
341632161,39.4073,34.1655,492,29526,0.78833,0.65,2,4827833,4827341,492
341635081,38.5629,38.2662,489,29598,0.801332,0.69,2,4827871,4827382,489
341638001,31.0252,36.9065,479,29670,0.806533,0.59,2,4827897,4827418,479
341640921,50.2101,30.9626,515,29741,0.796613,0.63,2,4827960,4827445,515
341643841,87.284,50.185,564,29812,0.852645,0.71,2,4828072,4827508,564
341646761,36.1136,84.874,458,29883,0.875058,0.77,2,4828074,4827616,458
341649681,42.0454,60.3496,460,29954,0.884023,0.81,2,4828120,4827660,460
341652601,58.2182,63.7398,463,30025,0.899609,0.83,2,4828189,4827726,463
341778161,29.1431,38.352,489,32920,0.83992,1,2,4830158,4829669,489
341789841,42.9189,49.4186,480,33176,0.27403,1,1,4830315,4829835,480
341795681,63.987,63.227,486,33304,0.0666448,1,1,4830478,4829992,486
341798601,42.3948,39.0908,491,33368,0.0446579,1,1,4830506,4830015,491
341801521,37.9579,46.2363,475,33431,0.0478632,0.92,1,4830541,4830066,475
341804441,31.9832,38.8945,469,33494,0.0191453,0.89,1,4830569,4830100,469
341807361,28.9933,35.3578,463,33557,0.0136581,0.79,1,4830596,4830133,463
341810281,27.7973,29.1431,465,33620,0.0474632,0.67,1,4830623,4830158,465
341813201,24.9189,30.8572,456,33683,0.0729853,0.55,1,4830646,4830190,456
341816121,26.7676,35.7429,445,33746,0.0471941,0.35,1,4830674,4830229,445
341819041,31.107,38.2972,439,33809,0.0608776,0.15,1,4830708,4830269,439
341821961,33.4428,42.9189,428,33872,0.0663511,0.07,1,4830743,4830315,428
341824881,78.1771,84.9675,423,33934,0.0445404,0.01,1,4830851,4830428,423
341827801,61.2709,63.987,423,33996,0.0178162,0.03,1,4830901,4830478,423
341830721,41.3083,42.3948,423,34058,0.0371265,0.05,1,4830929,4830506,423
341833641,36.9233,37.9579,422,34120,0.0328506,0,1,4830963,4830541,422
341836561,31.5693,31.9832,422,34182,0.0431402,0.01,1,4830991,4830569,422
341839481,28.8277,28.9933,422,34244,0.0352561,0.01,1,4831018,4830596,422
341842401,28.9311,11.5973,451,34306,0.0561024,0.07,1,4831047,4830596,451
341845321,24.7724,20.8389,446,34368,0.088441,0.09,1,4831069,4830623,446
341848241,25.509,22.1356,449,34430,0.0653764,0.03,1,4831095,4830646,449
341851161,33.6036,25.6542,460,34491,0.0441506,0.07,1,4831134,4830674,460
341854081,32.6414,30.6617,458,34552,0.0596602,0.07,1,4831166,4830708,458
341857001,78.4566,33.2647,532,34613,0.0418641,0.03,1,4831275,4830743,532
341859921,59.5826,78.1059,471,34674,0.0167456,0,1,4831322,4830851,471
341862841,41.8331,61.2423,451,34735,0.0126983,0.05,1,4831352,4830901,451
341865761,35.9332,41.2969,455,34796,0.0050793,0.03,1,4831384,4830929,455
341868681,31.1733,36.9188,449,34857,0.0200317,0.05,1,4831412,4830963,449
341871601,28.6693,31.5675,448,34918,0.0380127,0.03,1,4831439,4830991,448
341874521,30.6677,28.827,453,34979,0.0332051,0.07,1,4831471,4831018,453
341877441,25.4671,28.9308,446,35039,0.055282,0.11,1,4831493,4831047,446
341880361,25.1868,24.7723,449,35099,0.0881128,0.05,1,4831518,4831069,449
341889121,77.62,32.6414,531,35279,0.0769192,0.03,1,4831697,4831166,531
341892041,58.648,78.4566,468,35339,0.0367677,0,1,4831743,4831275,468
341894961,42.0592,59.5826,452,35399,0.0447071,0.01,1,4831774,4831322,452
341897881,35.4237,41.833,453,35459,0.0358828,0,1,4831805,4831352,453
341900801,30.9695,35.9332,449,35519,0.0443531,0.03,1,4831833,4831384,449
341903721,28.5878,31.1733,448,35579,0.0237413,0.05,1,4831860,4831412,448
341906641,31.8351,28.6693,455,35638,0.0394965,0.03,1,4831894,4831439,455
341909561,26.534,30.6677,446,35697,0.0337986,0.07,1,4831917,4831471,446
341912481,11.8136,25.4671,426,35756,0.0315194,0.11,1,4831919,4831493,426
341915401,20.9254,25.1868,428,35815,0.0546078,0.13,1,4831946,4831518,428
341918321,31.7702,32.8747,429,35874,0.0638431,0.17,1,4831985,4831556,429
341924161,73.4832,77.62,423,35992,0.0642149,0.01,1,4832120,4831697,423
341927081,56.9933,58.648,423,36051,0.031686,0.05,1,4832166,4831743,423
341930001,41.3973,42.0592,423,36110,0.0306744,0.03,1,4832197,4831774,423
341932921,35.1589,35.4237,423,36169,0.0542698,0.05,1,4832228,4831805,423
341935841,30.8636,30.9695,423,36227,0.0397079,0.01,1,4832256,4831833,423
341938761,28.5454,28.5878,423,36285,0.0158832,0.05,1,4832283,4831860,423
341941681,31.2182,31.8351,422,36343,0.0243533,0.03,1,4832316,4831894,422
341944601,26.8873,26.534,423,36401,0.0157413,0.03,1,4832340,4831917,423
341947521,11.9549,11.8136,423,36459,0.0362965,0.07,1,4832342,4831919,423
341950441,20.982,20.9254,423,36517,0.0445186,0.07,1,4832369,4831946,423
341953361,32.9928,31.7702,425,36575,0.0838074,0.15,1,4832410,4831985,425
341956281,35.3971,33.7081,427,36633,0.087523,0.03,1,4832447,4832020,427
341973801,28.3362,28.5454,422,36978,0.0763118,0.03,1,4832705,4832283,422
341976721,31.1345,31.2182,422,37035,0.0605247,0.01,1,4832738,4832316,422
341979641,26.8538,26.8873,422,37092,0.0302099,0.05,1,4832762,4832340,422
341982561,11.9415,11.9549,422,37149,0.018084,0.05,1,4832764,4832342,422
341985481,20.3766,4.78196,448,37206,0.0252336,0.05,1,4832790,4832342,448
341988401,34.5506,18.1128,465,37263,0.0400934,0.11,1,4832834,4832369,465
341991321,35.4203,31.8451,460,37320,0.0460374,0.09,1,4832870,4832410,460
341994241,74.7681,34.938,524,37377,0.084415,0.17,1,4832971,4832447,524
342005921,28.4053,35.3392,450,37602,0.203521,0.09,1,4833101,4832651,450
342008841,26.3621,30.3357,448,37658,0.207408,0.05,1,4833126,4832678,448
342035121,41.6719,55.7072,459,38161,0.227518,0.15,1,4833473,4833014,459
342038041,38.8688,40.2829,466,38216,0.241007,0.23,1,4833510,4833044,466
342040961,29.3475,36.5132,455,38271,0.258403,0.21,1,4833533,4833078,455
342043881,24.939,28.4053,454,38326,0.277361,0.21,1,4833555,4833101,454
342046801,29.1756,26.3621,461,38381,0.284944,0.15,1,4833587,4833126,461
342049721,26.0702,30.3448,452,38436,0.287978,0.15,1,4833611,4833159,452
342070161,57.432,57.6797,433,38820,0.413874,0.25,1,4833875,4833442,433
342073081,42.1728,41.6719,434,38874,0.41155,0.25,1,4833907,4833473,434
342076001,39.0691,38.8688,434,38928,0.44662,0.27,1,4833944,4833510,434
342146081,58.3292,71.6479,491,40211,0.755234,0.55,2,4834763,4834272,491
342149001,45.5317,55.0591,484,40264,0.776093,0.55,2,4834800,4834316,484
342151921,40.4127,43.0237,486,40316,0.772437,0.63,2,4834837,4834351,486
342154841,32.3651,38.8095,477,40368,0.794975,0.67,2,4834864,4834387,477
342157761,27.346,30.5238,476,40420,0.82799,0.67,2,4834888,4834412,476
342160681,30.7384,26.6095,485,40472,0.853196,0.65,2,4834921,4834436,485
342163601,27.8954,29.8438,479,40524,0.875278,0.65,2,4834947,4834468,479
342166521,12.3581,27.5375,455,40576,0.884111,0.65,2,4834949,4834494,455
342169441,21.1433,12.215,480,40628,0.887645,0.69,2,4834976,4834496,480
342172361,37.2573,20.486,502,40680,0.889058,0.71,2,4835024,4834522,502
342175281,16.1029,35.7944,458,40732,0.889623,0.71,2,4835026,4834568,458
342178201,28.0412,15.5178,492,40784,0.889849,0.71,2,4835062,4834570,492
342384061,126.03,132.693,490,19925,0.24616,0.77,1,4837688,4837198,490
342392821,72.1219,70.3404,486,20242,0.0750342,0.33,1,4837885,4837399,486
342395741,46.2488,65.3361,453,20347,0.0300137,0.41,1,4837914,4837461,453
342398661,100.1,43.5345,560,20451,0.0780055,0.17,1,4838050,4837490,560
342401581,79.6398,94.8138,497,20555,0.0972022,0.17,1,4838116,4837619,497
342419101,89.8514,99.6213,427,21167,0.247439,0.11,1,4838477,4838050,427
342439541,92.434,89.8506,436,21858,0.41775,0.35,1,4838913,4838477,436
342442461,75.9736,74.3402,437,21955,0.4251,0.37,1,4838978,4838541,437
342480421,97.9728,19.8698,594,23180,0.770965,0.61,2,4839806,4839212,594
342483341,79.3891,93.7479,518,23271,0.770386,0.65,2,4839873,4839355,518
342486261,80.9556,76.4992,535,23362,0.782154,0.67,2,4839955,4839420,535
342489181,56.3823,79.1997,494,23453,0.798862,0.67,2,4839995,4839501,494
342492101,74.1529,55.6799,540,23543,0.829545,0.73,2,4840081,4839541,540
342495021,48.2612,72.0719,488,23633,0.853818,0.75,2,4840112,4839624,488
342497941,20.5045,46.8288,460,23723,0.863527,0.75,2,4840114,4839654,460
342594301,64.2257,38.8002,570,26511,0.8812,1,2,4842138,4841568,570
342597221,74.8903,81.5201,542,26591,0.79048,1,2,4842220,4841678,542
342600141,49.7561,78.808,498,26671,0.754192,1,2,4842253,4841755,498
342608901,64.9604,45.6277,550,26908,0.411868,1,1,4842445,4841895,550
342614741,33.9137,52.6604,477,27065,0.259099,0.88,1,4842501,4842024,477
342620581,54.7462,64.2257,468,27221,0.0906558,0.73,1,4842606,4842138,468
342623501,67.4985,74.8903,462,27299,0.0422623,0.73,1,4842682,4842220,462
342626421,44.3994,49.7561,458,27377,0.0589049,0.55,1,4842711,4842253,458
342629341,56.7598,65.5024,447,27454,0.029562,0.47,1,4842776,4842329,447
342632261,46.1039,51.401,444,27531,0.0418248,0.33,1,4842815,4842371,444
342635181,56.2416,64.9604,433,27608,0.0467299,0.33,1,4842878,4842445,433
342638101,40.4966,42.7842,435,27685,0.048692,0.19,1,4842908,4842473,435
342641021,29.3986,33.9137,429,27761,0.0614768,0.13,1,4842930,4842501,429
342643941,31.5595,36.3655,424,27837,0.0905907,0.03,1,4842963,4842539,424
342649781,65.8895,67.4985,422,27989,0.0468945,0.07,1,4843104,4842682,422
342652701,43.7558,44.3994,422,28065,0.0727578,0.01,1,4843133,4842711,422
342655621,56.5023,56.7598,422,28140,0.0951031,0.05,1,4843198,4842776,422
342676061,64.0939,50.6687,496,28662,0.215385,0.01,1,4843525,4843029,496
342678981,45.4376,65.2675,454,28736,0.200154,0.09,1,4843558,4843104,454
342681901,58.375,43.507,492,28810,0.254062,0.11,1,4843625,4843133,492
342684821,46.75,56.4028,466,28883,0.275625,0.17,1,4843664,4843198,466
342687741,56.5,45.9611,490,28956,0.29625,0.13,1,4843727,4843237,490
342693581,31.72,40.4738,454,29102,0.2958,0.19,1,4843784,4843330,454
342696501,30.688,30.5895,460,29175,0.29232,0.17,1,4843814,4843354,460
342716941,41.1365,56.5,466,29679,0.410579,0.31,1,4844193,4843727,466
342719861,32.0546,41.8,460,29750,0.422232,0.29,1,4844219,4843759,460
342722781,30.8218,31.72,465,29821,0.438893,0.29,1,4844249,4843784,465
342725701,13.5287,30.688,437,29892,0.445557,0.31,1,4844251,4843814,437
342772421,60.7015,59.547,450,31005,0.752653,0.59,2,4845055,4844605,450
342775341,42.2806,42.4188,449,31073,0.763061,0.59,2,4845085,4844636,449
342778261,32.5122,32.5675,449,31141,0.803224,0.57,2,4845111,4844662,449
342781181,31.0049,31.627,448,31209,0.83129,0.53,2,4845141,4844693,448
342784101,13.602,13.8508,448,31277,0.818516,0.53,2,4845143,4844695,448
342787021,51.6408,5.54032,525,31345,0.873406,0.65,2,4845220,4844695,525
343058581,37.834,37.3789,495,37096,0.896223,1,2,4849287,4848792,495
343061501,33.1336,34.1516,493,37153,0.844489,1,2,4849317,4848824,493
343064421,24.6534,13.6606,512,37210,0.823796,1,2,4849336,4848824,512
343067341,29.0614,25.8643,510,37267,0.851518,1,2,4849368,4848858,510
343070261,36.8246,34.3457,512,37324,0.814607,1,2,4849410,4848898,512
343073181,34.5298,34.1383,511,37381,0.787843,0.95,2,4849443,4848932,511
343079021,38.2848,35.7021,514,37494,0.770455,1,2,4849515,4849001,514
343081941,67.5139,37.0809,563,37550,0.806182,1,2,4849602,4849039,563
343084861,50.4056,71.2323,508,37606,0.820473,0.93,2,4849641,4849133,508
343087781,41.1622,51.8929,504,37662,0.850189,0.91,2,4849676,4849172,504
343090701,39.8649,45.9572,501,37718,0.898076,0.89,2,4849715,4849214,501
343102381,28.7741,24.6533,495,37942,0.887231,0.87,2,4849831,4849336,495
343317001,81.1661,92.9691,476,19424,0.262134,0.41,1,4852773,4852297,476
343319921,68.4664,84.5876,457,19533,0.266854,0.43,1,4852833,4852376,457
343322841,47.1866,53.6351,457,19642,0.280742,0.39,1,4852866,4852409,457
343325761,82.4746,38.254,535,19750,0.238297,0.41,1,4852972,4852437,535
343328681,85.1899,74.7016,523,19857,0.221319,0.31,1,4853059,4852536,523
343331601,83.2759,82.0806,518,19964,0.214527,0.31,1,4853141,4852623,518
343334521,71.1104,82.6323,498,20070,0.235811,0.21,1,4853204,4852706,498
343337441,66.8442,73.2529,495,20176,0.280324,0.27,1,4853268,4852773,495
343346201,84.414,81.9682,518,20490,0.425221,0.21,1,4853490,4852972,518
343381241,85.613,83.0298,455,21700,0.769767,0.67,2,4854298,4853843,455
343384161,35.4452,34.4119,455,21798,0.793907,0.71,2,4854300,4853845,455
343387081,69.9781,68.3648,457,21895,0.851563,0.71,2,4854393,4853936,457
343390001,79.5912,78.9459,457,21992,0.886625,0.71,2,4854479,4854022,457
343483441,69.1034,60.5436,498,24892,0.84328,1,2,4856530,4856032,498
343486361,46.8414,43.4174,498,24977,0.751312,1,2,4856562,4856064,498
343495121,67.0058,65.5387,496,25231,0.285924,1,1,4856778,4856282,496
343506801,60.9954,16.9034,549,25565,0.0826317,0.75,1,4856992,4856443,549
343509721,40.5981,58.9614,489,25648,0.0750527,0.69,1,4857019,4856530,489
343512641,70.2393,42.7845,547,25731,0.0960211,0.39,1,4857109,4856562,547
343518481,60.5583,51.3655,507,25895,0.0957634,0.21,1,4857208,4856701,507
343533081,40.2499,60.9887,451,26302,0.240913,0.07,1,4857443,4856992,451
343536001,71.3,40.5955,516,26383,0.282365,0.11,1,4857535,4857019,516
343538921,44.12,70.2382,452,26463,0.298946,0.11,1,4857561,4857109,452
343550601,35.7423,49.5293,455,26782,0.410325,0.19,1,4857769,4857314,455
343553521,61.6969,34.8117,509,26861,0.41013,0.21,1,4857848,4857339,509
343556441,25.8788,60.1247,434,26940,0.410052,0.27,1,4857850,4857416,434
343559361,27.1515,40.2499,435,27019,0.434021,0.31,1,4857878,4857443,435
343588561,68.5337,67.2606,446,27792,0.773521,0.51,2,4858418,4857972,446
343591481,43.6135,42.5042,447,27868,0.783409,0.61,2,4858445,4857998,447
343594401,64.8454,61.4017,452,27944,0.799363,0.61,2,4858524,4858072,452
343597321,66.7382,65.3607,452,28020,0.805745,0.63,2,4858592,4858140,452
343600241,54.8953,53.7443,453,28096,0.820298,0.69,2,4858639,4858186,453
343603161,38.1581,37.0977,454,28171,0.814119,0.71,2,4858666,4858212,454
343606081,65.6632,62.8391,458,28246,0.811648,0.71,2,4858750,4858292,458
343609001,27.4653,26.3356,458,28321,0.810659,0.73,2,4858752,4858294,458
343611921,27.7861,27.3343,458,28396,0.810264,0.73,2,4858780,4858322,458
343614841,70.5144,10.9337,557,28471,0.810105,0.81,2,4858879,4858322,557
343617761,43.8058,61.9735,487,28545,0.810042,0.79,2,4858905,4858418,487
343620681,64.3223,40.9894,538,28619,0.822017,0.81,2,4858983,4858445,538
343623601,67.7289,63.7958,529,28693,0.838807,0.81,2,4859053,4858524,529
343626521,55.8916,66.3183,509,28767,0.857523,0.83,2,4859101,4858592,509
343629441,37.9566,54.7273,488,28841,0.877009,0.81,2,4859127,4858639,488
343632361,64.3827,38.0909,543,28914,0.884804,0.81,2,4859209,4858666,543
343635281,26.9531,65.6364,461,28987,0.887921,0.81,2,4859211,4858750,461
343740401,52.9541,63.9995,525,31508,0.838,1,2,4861008,4860483,525
343743321,39.1817,52.5998,510,31575,0.7612,1,2,4861038,4860528,510
343757921,42.1046,56.1044,506,31909,0.0608347,1,1,4861285,4860779,506
343760841,42.6418,41.6418,517,31975,0.0303339,1,1,4861328,4860811,517
343763761,40.4567,37.6567,521,32041,0.0301335,1,1,4861367,4860846,521
343766681,52.1827,44.4627,532,32107,0.0300534,1,1,4861427,4860895,532
343769601,46.6731,54.3851,514,32173,0.0180214,0.73,1,4861470,4860956,514
343772521,34.2692,52.954,488,32239,0.0132085,0.71,1,4861496,4861008,488
343775441,48.5077,39.1816,516,32305,0.0352834,0.35,1,4861554,4861038,516
343778361,38.6031,64.2726,467,32370,0.0561134,0.21,1,4861586,4861119,467
343781281,32.2412,45.5091,462,32435,0.0764453,0,1,4861614,4861152,462
343784201,47.6965,40.4036,483,32500,0.0725781,0.09,1,4861672,4861189,483
343787121,41.2786,52.7615,459,32565,0.0290313,0.03,1,4861709,4861250,459
343790041,41.1114,42.1046,465,32630,0.0176125,0.01,1,4861750,4861285,465
343792961,39.8446,42.6418,461,32695,0.049045,0.03,1,4861789,4861328,461
343795881,51.3378,40.4567,481,32760,0.073618,0.03,1,4861848,4861367,481
343798801,21.7351,52.1827,423,32825,0.0834472,0.01,1,4861850,4861427,423
343801721,34.4941,46.6731,423,32889,0.0393789,0.01,1,4861893,4861470,423
343804641,29.3976,34.2692,423,32953,0.0817516,0.05,1,4861919,4861496,423
343807561,46.5591,48.5077,423,33017,0.0987006,0.07,1,4861977,4861554,423
343816321,47.5238,47.6965,424,33209,0.0550368,0,1,4862096,4861672,424
343819241,41.2095,41.2786,424,33273,0.0400147,0.01,1,4862133,4861709,424
343822161,40.4838,41.1114,423,33337,0.0700059,0.07,1,4862173,4861750,423
343825081,40.7935,39.8446,425,33400,0.0580024,0.09,1,4862214,4861789,425
343828001,51.1174,51.3378,424,33463,0.0892009,0.09,1,4862272,4861848,424
343851361,40.7197,41.2095,424,33965,0.0631869,0.09,1,4862557,4862133,424
343854281,41.4879,40.4838,426,34027,0.0552748,0.05,1,4862599,4862173,426
343857201,39.9951,40.7935,424,34089,0.0401099,0.11,1,4862638,4862214,424
343860121,53.1981,51.1174,428,34151,0.034044,0.15,1,4862700,4862272,428
343863041,22.4792,21.647,428,34213,0.0316176,0.15,1,4862702,4862274,428
343865961,32.9917,8.65878,468,34275,0.030647,0.17,1,4862742,4862274,468
343868881,32.3967,28.0635,459,34337,0.0422588,0.15,1,4862774,4862315,459
343871801,45.3587,29.8254,482,34399,0.0589035,0.11,1,4862828,4862346,482
343874721,39.7435,45.5302,462,34460,0.0655614,0.13,1,4862864,4862402,462
343886401,39.9406,40.6984,463,34704,0.0990704,0.05,1,4863020,4862557,463
343889321,39.9763,41.4793,461,34765,0.0936281,0.03,1,4863060,4862599,461
343892241,52.5905,39.9917,483,34826,0.0914513,0.03,1,4863121,4862638,483
343895161,22.2362,53.1967,423,34887,0.0665805,0.03,1,4863123,4862700,423
343898081,33.4945,22.4787,462,34948,0.0926322,0.03,1,4863164,4862702,462
343901001,33.1978,32.9915,455,35008,0.0910529,0.05,1,4863197,4862742,455
343903921,46.2791,32.3966,478,35068,0.0904212,0.07,1,4863252,4862774,478
343906841,40.7116,45.3586,461,35128,0.0781685,0.07,1,4863289,4862828,461
343909761,34.2847,39.7435,455,35188,0.0972674,0.13,1,4863319,4862864,455
343924361,52.1085,39.9763,485,35488,0.253505,0.09,1,4863545,4863060,485
343927281,22.0434,52.5905,426,35548,0.251402,0.05,1,4863547,4863121,426
343930201,34.6174,22.2362,467,35607,0.286561,0.11,1,4863590,4863123,467
343950641,37.2315,36.4455,429,36020,0.42184,0.17,1,4863832,4863403,429
344029481,54.8041,44.6267,518,37571,0.756691,0.69,2,4864885,4864367,518
344032401,23.1216,55.0507,458,37627,0.764677,0.75,2,4864887,4864429,458
344035321,38.6487,23.2203,505,37683,0.779871,0.75,2,4864936,4864431,505
344038241,34.6595,38.6881,488,37739,0.809948,0.69,2,4864968,4864480,488
344041161,15.0638,35.2752,457,37795,0.821979,0.73,2,4864970,4864513,457
344044081,38.4255,15.3101,509,37851,0.862792,0.69,2,4865024,4864515,509
344047001,38.1702,38.524,493,37907,0.879117,0.69,2,4865062,4864569,493
344049921,36.2681,38.2096,490,37963,0.885647,0.71,2,4865097,4864607,490
344052841,48.7072,35.6838,513,38019,0.888259,0.71,2,4865154,4864641,513
344055761,38.6829,48.4735,488,38075,0.889303,0.69,2,4865186,4864698,488
344058681,44.8732,39.1894,504,38130,0.877721,0.73,2,4865235,4864731,504
344061601,46.1493,43.2758,505,38185,0.897089,0.75,2,4865282,4864777,505
344178401,51.7873,47.6009,533,40338,0.863017,1,2,4866763,4866230,533
344181321,43.5149,60.4404,502,40390,0.807207,1,2,4866801,4866299,502
344193001,34.6756,35.2241,514,40598,0.411048,1,1,4866943,4866429,514
344198841,32.4281,33.3559,512,40702,0.263768,1,1,4867004,4866492,512
344207601,27.1074,29.2548,509,40858,0.0905611,0.98,1,4867090,4866581,509
344210521,24.643,30.3019,501,40910,0.0542245,1,1,4867113,4866612,501
344213441,50.0572,31.9208,535,40962,0.0396898,0.91,1,4867180,4866645,535
344216361,46.4229,52.9683,512,41014,0.0338759,0.81,1,4867224,4866712,512
344219281,38.3691,51.7873,494,41065,0.0675504,0.77,1,4867257,4866763,494
344222201,35.1477,43.5149,489,41116,0.0810201,0.61,1,4867290,4866801,489
344225121,32.0591,40.806,480,41167,0.086408,0.51,1,4867320,4866840,480
344230961,29.6095,35.689,471,41269,0.0870253,0.35,1,4867380,4866909,471
344236801,30.7775,30.0702,466,41371,0.214324,0.23,1,4867436,4866970,466
344242641,27.6044,32.1712,454,41473,0.229892,0.13,1,4867490,4867036,454
344245561,24.8418,30.2685,448,41524,0.229957,0.05,1,4867513,4867065,448
344248481,11.1367,27.1074,425,41575,0.229983,0.03,1,4867515,4867090,425
344251401,18.2547,24.643,425,41626,0.241993,0.03,1,4867538,4867113,425
344254321,46.3019,50.0572,423,41677,0.222797,0.03,1,4867603,4867180,423
344266001,32.5101,32.0591,426,41880,0.252184,0.13,1,4867746,4867320,426
344268921,34.004,32.0236,429,41930,0.274873,0.07,1,4867781,4867352,429
344295201,44.1739,46.3019,430,42380,0.400123,0.15,1,4868033,4867603,430
344298121,44.0696,46.7207,427,42430,0.430049,0.17,1,4868077,4867650,427
344306881,34.6685,32.5101,434,42580,0.431443,0.29,1,4868180,4867746,434
344309801,36.6674,34.004,437,42630,0.442577,0.33,1,4868218,4867781,437
344312721,31.467,31.0016,436,42680,0.447031,0.35,1,4868246,4867810,436
344400321,34.7214,27.5378,491,44137,0.755287,0.65,2,4869203,4868712,491
344403241,30.6886,33.8151,481,44185,0.800115,0.65,2,4869231,4868750,481
344406161,27.8754,30.3261,479,44233,0.818046,0.65,2,4869257,4868778,479
344409081,26.1502,27.7304,478,44281,0.837218,0.65,2,4869282,4868804,478
344412001,11.6601,25.4922,456,44329,0.844887,0.65,2,4869284,4868828,456
344414921,21.464,11.3969,482,44377,0.859955,0.69,2,4869312,4868830,482
344417841,48.1856,20.7587,521,44425,0.865982,0.67,2,4869378,4868857,521
344420761,20.4742,47.9035,457,44472,0.868393,0.71,2,4869380,4868923,457
344423681,35.1897,46.1614,457,44519,0.881357,0.71,2,4869425,4868968,457
344426601,33.2759,37.6646,457,44566,0.898543,0.71,2,4869457,4869000,457
344601801,33.6543,32.2465,512,47322,0.892,0.99,2,4871363,4870851,512
344604721,31.4617,28.4986,516,47367,0.8368,1,2,4871393,4870877,516
344607641,33.5847,31.7994,517,47412,0.76072,1,2,4871428,4870911,517
344622241,31.2924,33.6463,488,47632,0.408772,1,1,4871572,4871084,488
344628081,36.9268,34.3034,499,47720,0.251404,1,1,4871654,4871155,499
344666041,29.6526,33.231,442,48292,0.249671,0.35,1,4871984,4871542,442
344668961,25.061,31.2924,434,48336,0.249868,0.25,1,4872006,4871572,434
344671881,36.4244,41.317,430,48380,0.249947,0.21,1,4872050,4871620,430
344674801,33.7698,36.9268,428,48424,0.273979,0.09,1,4872082,4871654,428
344677721,26.7079,29.7707,425,48468,0.283592,0.13,1,4872104,4871679,425
344680641,22.6832,22.7083,427,48511,0.263437,0.11,1,4872124,4871697,427
344683561,30.0733,29.4833,428,48554,0.279375,0.11,1,4872159,4871731,428
344686481,26.4293,24.9933,430,48597,0.29775,0.13,1,4872183,4871753,430
344689401,20.7717,22.5973,426,48640,0.2931,0.09,1,4872200,4871774,426
344704001,26.6578,26.0717,429,48855,0.296982,0.17,1,4872333,4871904,429
344706921,19.6631,10.4287,444,48898,0.280793,0.21,1,4872348,4871904,444
344730281,30.7321,22.6729,468,49242,0.40069,0.29,1,4872592,4872124,468
344733201,27.2928,30.0692,458,49285,0.418276,0.31,1,4872617,4872159,458
344736121,21.7171,26.4277,452,49328,0.43731,0.29,1,4872635,4872183,452
344820801,26.3919,26.7897,451,50552,0.772812,0.59,2,4873428,4872977,451
344823721,21.3568,21.5159,451,50594,0.783125,0.59,2,4873446,4872995,451
344826641,31.3427,32.6063,449,50636,0.78725,0.55,2,4873484,4873035,449
344829561,26.9371,27.4425,449,50678,0.7649,0.53,2,4873508,4873059,449
344832481,21.5748,22.377,448,50720,0.77996,0.59,2,4873526,4873078,448
344835401,29.6299,27.5508,452,50762,0.821984,0.65,2,4873561,4873109,452
344838321,28.652,26.6203,454,50803,0.850794,0.65,2,4873589,4873135,454
344841241,24.6608,23.8481,454,50844,0.862317,0.67,2,4873611,4873157,454
344844161,30.2643,29.3393,455,50885,0.878927,0.67,2,4873645,4873190,455
344847081,27.7057,27.3357,455,50926,0.897571,0.65,2,4873671,4873216,455
345104041,322.104,350.686,481,24820,0.440991,0.81,1,4876539,4876058,481
345156601,50.5099,60.2272,454,25716,0.0856414,0.03,1,4876767,4876313,454
345159521,58.004,57.0909,462,25798,0.0522565,0.07,1,4876830,4876368,462
345162441,59.2016,59.4363,461,25880,0.0209026,0.03,1,4876890,4876429,461
345165361,39.2806,48.3745,446,25962,0.062361,0,1,4876916,4876470,446
345168281,35.5123,43.3498,439,26044,0.0669444,0.07,1,4876949,4876510,439
345171201,47.2049,34.7399,465,26125,0.0267778,0.03,1,4877004,4876539,465
345174121,46.482,55.896,441,26206,0.0167111,0.05,1,4877050,4876609,441
345177041,85.1928,60.1584,489,26287,0.0606844,0.11,1,4877161,4876672,489
345179961,52.0771,61.2634,457,26368,0.0782738,0.07,1,4877191,4876734,457
345182881,58.0308,44.3053,486,26448,0.0373095,0.03,1,4877253,4876767,486
345185801,60.4123,55.5221,485,26528,0.0329238,0,1,4877315,4876830,485
345188721,37.3649,58.2089,447,26608,0.0311695,0.09,1,4877337,4876890,447
345191641,35.946,38.8835,456,26688,0.0184678,0.07,1,4877372,4876916,456
345194561,46.7784,35.3534,477,26767,0.0373871,0,1,4877426,4876949,477
345197481,46.3114,47.1414,468,26846,0.0329548,0.01,1,4877472,4877004,468
345200401,19.7245,46.4565,424,26925,0.0311819,0.09,1,4877474,4877050,424
345203321,75.6898,85.1826,426,27004,0.0184728,0.09,1,4877587,4877161,426
345206241,48.2759,52.073,426,27082,0.0253891,0.01,1,4877617,4877191,426
345209161,54.7104,58.0292,423,27160,0.0281556,0.03,1,4877676,4877253,423
345212081,59.0841,60.4117,423,27238,0.0112623,0.03,1,4877738,4877315,423
345215001,36.8337,37.3647,423,27316,0.0105049,0.01,1,4877760,4877337,423
345217921,36.3335,35.9459,424,27394,0.010202,0.05,1,4877796,4877372,424
345220841,45.7334,46.7783,422,27471,0.0220808,0.03,1,4877848,4877426,422
345223761,46.4934,46.3113,423,27548,0.0148323,0.03,1,4877895,4877472,423
345226681,19.7973,19.7245,423,27625,0.0119329,0.01,1,4877897,4877474,423
345229601,75.7189,75.6898,423,27702,0.0467732,0.03,1,4878010,4877587,423
345232521,48.2876,48.2759,423,27778,0.0607093,0.03,1,4878040,4877617,423
345235441,54.115,54.7104,422,27854,0.0302837,0,1,4878098,4877676,422
345238361,58.846,59.0841,422,27930,0.0121135,0.01,1,4878160,4877738,422
345241281,36.7384,36.8337,422,28006,0.0108454,0.01,1,4878182,4877760,422
345244201,36.8954,36.3335,423,28082,0.0343382,0.03,1,4878219,4877796,423
345247121,45.9581,45.7334,423,28157,0.0317353,0.01,1,4878271,4877848,423
345250041,45.9833,46.4934,422,28232,0.0426941,0.01,1,4878317,4877895,422
345252961,19.5933,19.7973,422,28307,0.0710776,0.07,1,4878319,4877897,422
345255881,76.2373,75.7189,423,28382,0.0584311,0.07,1,4878433,4878010,423
345258801,49.0949,30.2876,454,28457,0.0653724,0.07,1,4878464,4878010,454
345261721,52.638,30.115,479,28531,0.092149,0.01,1,4878519,4878040,479
345264641,58.2552,46.846,483,28605,0.0428596,0,1,4878581,4878098,483
345267561,36.5021,55.9384,443,28679,0.0471438,0.01,1,4878603,4878160,443
345270481,36.8008,35.5754,458,28753,0.0368575,0.05,1,4878640,4878182,458
345273401,46.5203,36.4301,474,28827,0.032743,0.03,1,4878693,4878219,474
345276321,46.8081,45.7721,469,28900,0.0550972,0.05,1,4878740,4878271,469
345279241,19.9233,45.9088,425,28973,0.0640389,0.09,1,4878742,4878317,425
345282161,75.1693,19.5635,535,29046,0.0916156,0.05,1,4878854,4878319,535
345290921,57.8748,52.6361,485,29265,0.0632234,0.01,1,4879004,4878519,485
345293841,36.9499,58.2544,446,29337,0.0552894,0.05,1,4879027,4878581,446
345296761,35.78,36.5018,459,29409,0.0761157,0.03,1,4879062,4878603,459
345299681,46.112,36.8007,475,29481,0.0844463,0.03,1,4879115,4878640,475
345314281,55.8056,50.4677,485,29838,0.219774,0.17,1,4879373,4878888,485
345317201,23.5222,53.1871,432,29909,0.237909,0.01,1,4879375,4878943,432
345320121,40.6089,57.8748,423,29980,0.233164,0.05,1,4879427,4879004,423
345323041,31.2436,36.9499,425,30051,0.219266,0.09,1,4879452,4879027,425
345325961,34.0974,35.78,426,30121,0.213706,0.09,1,4879488,4879062,426
345328881,45.439,46.112,426,30191,0.271482,0.13,1,4879541,4879115,426
345331801,48.7756,47.8448,428,30261,0.258593,0.13,1,4879592,4879164,428
345334721,20.7102,20.3379,428,30331,0.253437,0.17,1,4879594,4879166,428
345337641,77.8841,76.5352,430,30401,0.287375,0.19,1,4879710,4879280,430
345363921,20.7473,20.7102,434,31022,0.407768,0.31,1,4880028,4879594,434
345366841,79.6989,77.8841,437,31090,0.445107,0.31,1,4880147,4879710,437
345369761,52.8796,52.1536,437,31158,0.448043,0.31,1,4880182,4879745,437
345419401,51.9575,47.5975,501,32293,0.757394,0.55,2,4880915,4880414,501
345422321,21.983,50.239,451,32359,0.776958,0.55,2,4880917,4880466,451
345425241,80.7932,21.2956,569,32424,0.808783,0.55,2,4881037,4880468,569
345428161,53.3173,81.1182,483,32489,0.845513,0.57,2,4881072,4880589,483
345431081,61.5269,52.8473,516,32554,0.884205,0.61,2,4881139,4880623,516
345434001,25.8108,60.1389,453,32619,0.899682,0.61,2,4881141,4880688,453
345439841,30.8897,38.9022,477,32749,0.896349,0.63,2,4881215,4880738,477
345442761,13.5559,29.9609,455,32814,0.89254,0.71,2,4881217,4880762,455
345609201,22.8864,30.6278,487,36303,0.403673,1,1,4883666,4883179,487
345612121,30.7546,37.4511,481,36361,0.239469,1,1,4883702,4883221,481
345617961,30.0007,35.7522,487,36477,0.0455151,1,1,4883760,4883273,487
345620881,37.8003,36.5009,493,36535,0.018206,1,1,4883803,4883310,493
345623801,52.9201,58.4004,483,36593,0.0132824,1,1,4883866,4883383,483
345626721,67.968,71.9601,480,36651,0.00531296,0.99,1,4883944,4883464,480
345629641,45.1872,49.7841,475,36709,0.0561252,0.84,1,4883974,4883499,475
345632561,33.6749,43.3136,462,36767,0.0524501,0.63,1,4884000,4883538,462
345635481,35.07,46.7254,449,36824,0.03898,0.45,1,4884036,4883587,449
345638401,31.428,40.2902,442,36881,0.033592,0.43,1,4884065,4883623,442
345641321,24.5712,31.7161,436,36938,0.0554368,0.35,1,4884085,4883649,436
345644241,19.4285,22.8864,435,36995,0.0881747,0.13,1,4884101,4883666,435
345647161,23.9714,30.7546,426,37052,0.0652699,0.03,1,4884128,4883702,426
345650081,23.3886,28.5018,422,37109,0.056108,0,1,4884151,4883729,422
345653001,28.5554,30.0007,423,37166,0.0404432,0,1,4884183,4883760,423
345655921,37.2222,12.0003,466,37223,0.0161773,0,1,4884226,4883760,466
345658841,51.4889,30.6001,484,37280,0.0244709,0.01,1,4884287,4883803,484
345661761,67.9955,50.04,500,37337,0.0397884,0,1,4884366,4883866,500
345664681,45.1982,66.816,452,37394,0.0579153,0.09,1,4884396,4883944,452
345667601,33.0793,44.7264,447,37451,0.0651661,0.05,1,4884421,4883974,447
345670521,34.8317,33.4906,457,37507,0.0920665,0.03,1,4884457,4884000,457
345673441,31.9327,34.9962,451,37563,0.0668266,0.03,1,4884487,4884036,451
345676361,25.9731,31.3985,444,37619,0.0567306,0.07,1,4884509,4884065,444
345679281,21.1892,24.5594,442,37675,0.0886923,0.11,1,4884527,4884085,442
345682201,21.6757,19.4238,448,37731,0.0894769,0.05,1,4884549,4884101,448
345690961,37.3152,28.5551,465,37899,0.0551665,0,1,4884648,4884183,465
345693881,51.5261,37.222,483,37955,0.0400666,0.03,1,4884709,4884226,483
345696801,68.0104,51.4888,501,38011,0.0460266,0.05,1,4884788,4884287,501
345699721,45.2042,67.9955,452,38067,0.0484107,0.07,1,4884818,4884366,452
345702641,35.4817,45.1982,451,38122,0.0733643,0.07,1,4884847,4884396,451
345705561,34.5927,33.0793,460,38177,0.0953457,0.11,1,4884881,4884421,460
345726001,34.8761,28.7881,465,38562,0.0730544,0,1,4885070,4884605,465
345728921,51.1504,37.3152,484,38617,0.0592218,0.03,1,4885132,4884648,484
345731841,21.6602,51.5261,425,38672,0.0536887,0.05,1,4885134,4884709,425
345734761,54.2641,68.0104,422,38727,0.0514755,0.05,1,4885210,4884788,422
345737681,40.9056,45.2042,424,38782,0.0385902,0.09,1,4885242,4884818,424
345740601,34.9623,35.4817,426,38836,0.0694361,0.11,1,4885273,4884847,426
345743521,35.5849,34.5927,428,38890,0.0817744,0.11,1,4885309,4884881,428
345746441,31.634,31.2371,428,38944,0.0747098,0.11,1,4885338,4884910,428
345766881,49.7197,51.1504,424,39322,0.0675785,0.05,1,4885556,4885132,424
345769801,21.0879,21.6602,424,39376,0.0570314,0.05,1,4885558,4885134,424
345772721,52.8352,54.2641,422,39430,0.0288126,0.03,1,4885632,4885210,422
345775641,42.1341,40.9056,425,39484,0.017525,0.09,1,4885667,4885242,425
345778561,36.0536,34.9623,426,39537,0.04901,0.09,1,4885699,4885273,426
345781481,34.8215,35.5849,424,39590,0.061604,0.07,1,4885733,4885309,424
345784401,32.5286,31.634,426,39643,0.0786416,0.13,1,4885764,4885338,426
345787321,28.6114,28.2536,426,39696,0.0614566,0.11,1,4885790,4885364,426
345790241,21.0446,21.5014,425,39749,0.0785827,0.13,1,4885806,4885381,425
345793161,25.8178,24.8006,427,39802,0.0734331,0.11,1,4885835,4885408,427
345796081,23.5271,23.1202,427,39855,0.0713732,0.19,1,4885857,4885430,427
345810681,51.3244,8.43515,495,40120,0.0889837,0.01,1,4886053,4885558,495
345813601,41.5298,47.7741,456,40173,0.0775935,0.01,1,4886088,4885632,456
345816521,36.4119,40.1096,454,40226,0.0490374,0.07,1,4886121,4885667,454
345819441,34.9648,35.2438,456,40278,0.049615,0.07,1,4886155,4885699,456
345822361,33.1859,34.4975,454,40330,0.061846,0.09,1,4886187,4885733,454
345825281,28.8744,32.399,449,40382,0.0667384,0.05,1,4886213,4885764,449
345828201,21.1497,28.5596,439,40434,0.0806954,0.09,1,4886229,4885790,439
345831121,25.2599,21.0238,451,40486,0.0862781,0.07,1,4886257,4885806,451
345834041,25.104,25.8095,447,40538,0.0765113,0.07,1,4886282,4885835,447
345836961,29.2416,23.5238,457,40590,0.0846045,0.13,1,4886314,4885857,457
345851561,41.5487,51.3244,458,40850,0.209311,0.07,1,4886511,4886053,458
345854481,35.8195,41.5298,455,40902,0.221724,0.03,1,4886543,4886088,455
345857401,35.3278,36.4119,457,40954,0.25069,0.05,1,4886578,4886121,457
345860321,33.9311,34.9648,456,41006,0.286276,0.07,1,4886611,4886155,456
345877841,32.859,29.2416,460,41312,0.411586,0.13,1,4886774,4886314,460
345880761,47.9436,31.4966,485,41363,0.410634,0.17,1,4886832,4886347,485
345883681,20.3774,46.1987,431,41414,0.410254,0.17,1,4886834,4886403,431
345886601,50.751,19.6795,500,41465,0.422102,0.19,1,4886905,4886405,500
345889521,42.5004,49.8718,467,41516,0.426841,0.23,1,4886942,4886475,467
345892441,18.2002,41.5487,433,41567,0.428736,0.23,1,4886944,4886511,433
345965441,20.1768,20.2191,450,42819,0.765466,0.67,2,4887726,4887276,450
345968361,53.0707,51.2877,453,42868,0.804187,0.63,2,4887801,4887348,453
345971281,44.6283,43.9151,453,42917,0.831675,0.67,2,4887840,4887387,453
345974201,19.0513,18.766,453,42966,0.81867,0.67,2,4887842,4887389,453
345977121,27.4205,26.7064,454,43015,0.825468,0.67,2,4887875,4887421,454
345980041,33.1682,10.6826,491,43064,0.816187,0.71,2,4887912,4887421,491
345982961,36.0673,26.473,492,43113,0.812475,0.69,2,4887950,4887458,492
345985881,30.6269,32.7892,482,43162,0.82299,0.69,2,4887977,4887495,482
345988801,23.0508,29.3157,473,43211,0.827196,0.73,2,4887995,4887522,473
345991721,26.0203,22.5263,483,43260,0.852878,0.71,2,4888023,4887540,483
345994641,24.8081,26.4105,478,43309,0.863151,0.67,2,4888047,4887569,478
345997561,33.9232,24.9642,494,43358,0.867261,0.67,2,4888087,4887593,494
346000481,34.5693,33.9857,489,43407,0.880904,0.71,2,4888122,4887633,489
346003401,49.8277,34.5943,514,43456,0.874362,0.75,2,4888182,4887668,514
346006321,21.1311,47.4377,460,43505,0.871745,0.79,2,4888184,4887724,460
346254521,33.7485,33.0194,452,22532,0.758806,0.59,2,4891394,4890942,452
346263281,77.3519,89.3532,520,22813,0.760644,0.65,2,4891671,4891151,520
346266201,77.1408,75.9413,530,22906,0.802257,0.73,2,4891748,4891218,530
346269121,56.0563,74.1765,499,22999,0.818903,0.75,2,4891790,4891291,499
346272041,41.0225,55.4706,487,23091,0.837561,0.75,2,4891821,4891334,487
346274961,34.409,40.7882,486,23183,0.881024,0.77,2,4891851,4891365,486
346450161,69.135,63.7833,499,28143,0.893895,1,2,4895431,4894932,499
346456001,68.9016,70.0853,486,28293,0.823423,0.99,2,4895555,4895069,486
346458921,48.5606,45.4341,492,28368,0.839369,0.99,2,4895590,4895098,492
346461841,39.8243,18.1737,526,28443,0.821748,1,2,4895624,4895098,526
346464761,35.1297,29.4695,521,28517,0.754699,1,2,4895656,4895135,521
346482281,65.296,55.2093,538,28959,0.796299,0.77,2,4896015,4895477,538
346485201,46.5184,68.8837,494,29032,0.80452,0.85,2,4896049,4895555,494
346488121,39.0074,48.5535,493,29105,0.807808,0.81,2,4896083,4895590,493
346491041,31.8029,39.8214,486,29178,0.797123,0.71,2,4896110,4895624,486
346493961,33.7212,35.1286,489,29251,0.852849,0.67,2,4896145,4895656,489
346496881,65.0885,33.2514,543,29323,0.87514,0.67,2,4896231,4895688,543
346499801,56.0354,65.5006,506,29395,0.884056,0.75,2,4896281,4895775,506
346628281,49.196,74.9437,506,32410,0.8812,1,2,4898420,4897914,506
346631201,53.2784,48.5775,531,32475,0.85048,1,2,4898476,4897945,531
346634121,41.7114,49.431,515,32540,0.766192,1,2,4898510,4897995,515
346657481,59.0209,70.4899,465,33056,0.419231,0.83,1,4898850,4898385,465
346663321,49.4033,53.2784,461,33184,0.221877,0.71,1,4898937,4898476,461
346686681,43.0928,42.5521,445,33690,0.209844,0.37,1,4899225,4898780,445
346689601,54.4371,59.0209,437,33753,0.233938,0.27,1,4899287,4898850,437
346692521,40.3748,44.0083,434,33816,0.243575,0.15,1,4899318,4898884,434
346695441,44.9499,49.4033,429,33879,0.24743,0.13,1,4899366,4898937,429
346715881,54.0291,12.332,498,34313,0.286764,0.21,1,4899618,4899120,498
346718801,43.8116,46.3328,466,34375,0.288706,0.23,1,4899655,4899189,466
346730481,39.4688,44.7605,469,34620,0.400559,0.35,1,4899835,4899366,469
346733401,31.3875,36.5042,464,34681,0.406224,0.31,1,4899861,4899397,464
346736321,36.555,31.4017,476,34742,0.420489,0.31,1,4899901,4899425,476
346739241,24.222,36.5607,452,34803,0.426196,0.33,1,4899917,4899465,452
346785961,34.0732,44.8425,452,35763,0.759345,0.61,2,4900543,4900091,452
346788881,53.2293,57.537,452,35822,0.801738,0.63,2,4900609,4900157,452
346791801,42.8917,44.0148,453,35881,0.842695,0.65,2,4900645,4900192,453
346794721,47.1567,46.4059,455,35940,0.835078,0.67,2,4900695,4900240,455
346797641,40.4627,40.1624,455,35999,0.820031,0.65,2,4900731,4900276,455
346800561,32.3851,32.2649,455,36058,0.826012,0.71,2,4900758,4900303,455
346803481,38.154,36.906,457,36117,0.852405,0.71,2,4900800,4900343,457
346806401,24.8616,24.3624,457,36176,0.862962,0.71,2,4900816,4900359,457
346809321,32.7446,32.545,457,36234,0.843185,0.71,2,4900854,4900397,457
346812241,31.0979,31.018,457,36292,0.835274,0.75,2,4900884,4900427,457
346815161,58.6391,56.2072,461,36350,0.85611,0.75,2,4900961,4900500,461
346818081,24.6557,23.6829,461,36408,0.864444,0.77,2,4900963,4900502,461
346821001,33.8623,34.0732,460,36466,0.891778,0.83,2,4901003,4900543,460
346978681,32.0053,34.6748,495,39474,0.813303,1,2,4903109,4902614,495
346999121,40.5819,38.7661,495,39846,0.263067,1,1,4903382,4902887,495
347002041,37.2327,37.1064,494,39899,0.219227,1,1,4903417,4902923,494
347004961,29.2931,37.6426,480,39952,0.201691,0.97,1,4903441,4902961,480
347016641,26.3339,27.2052,488,40164,0.0782673,0.75,1,4903568,4903080,488
347019561,35.1336,28.2821,500,40217,0.0733069,0.69,1,4903609,4903109,500
347022481,33.8534,35.9128,492,40270,0.0833228,0.61,1,4903642,4903150,492
347025401,32.7414,37.1651,486,40322,0.0873291,0.47,1,4903674,4903188,486
347028321,33.4965,38.8661,480,40374,0.0889316,0.43,1,4903708,4903228,480
347034161,31.3994,36.0986,470,40478,0.0826291,0.27,1,4903770,4903300,470
347037081,35.3598,38.4394,468,40530,0.0750516,0.23,1,4903808,4903340,468
347040001,35.7439,40.5758,462,40582,0.0960207,0.19,1,4903844,4903382,462
347051681,32.2062,34.0867,456,40790,0.208138,0.11,1,4903970,4903514,456
347057521,35.033,26.3339,465,40894,0.252902,0.07,1,4904033,4903568,465
347060441,34.4132,35.1336,458,40946,0.299161,0.09,1,4904067,4903609,458
347077961,38.6226,35.3598,465,41253,0.423232,0.11,1,4904273,4903808,465
347080881,27.449,35.7439,449,41304,0.439293,0.15,1,4904293,4903844,449
347083801,35.5796,28.0976,467,41355,0.433717,0.17,1,4904334,4903867,467
347086721,35.2318,34.039,464,41406,0.419487,0.19,1,4904369,4903905,464
347089641,33.8927,34.0156,463,41457,0.413795,0.23,1,4904402,4903939,463
347095481,12.1428,26.0825,435,41559,0.417807,0.29,1,4904427,4903992,435
347148041,36.1814,35.6197,447,42464,0.780245,0.55,2,4905021,4904574,447
347150961,33.0726,32.8479,447,42514,0.798098,0.57,2,4905052,4904605,447
347153881,31.829,31.1391,448,42564,0.817239,0.57,2,4905083,4904635,448
347156801,35.5316,35.2557,448,42614,0.836896,0.57,2,4905121,4904673,448
347159721,41.8126,40.5023,450,42664,0.856758,0.61,2,4905167,4904717,450
347162641,28.7251,28.2009,450,42713,0.876703,0.57,2,4905187,4904737,450
347165561,35.49,35.2804,450,42762,0.884681,0.61,2,4905227,4904777,450
347168481,35.796,34.5121,452,42811,0.863873,0.61,2,4905263,4904811,452
347171401,34.1184,33.6049,452,42860,0.843549,0.61,2,4905296,4904844,452
347174321,28.6474,27.8419,453,42909,0.84742,0.67,2,4905321,4904868,453
347177241,12.6589,12.3368,453,42958,0.848968,0.67,2,4905323,4904870,453
347180161,33.2636,31.3347,456,43007,0.885587,0.67,2,4905370,4904914,456
347183081,36.1054,12.5339,494,43056,0.864235,0.75,2,4905408,4904914,494
347186001,34.2422,26.6136,491,43105,0.843694,0.75,2,4905441,4904950,491
347188921,37.0969,30.4454,497,43154,0.823478,0.81,2,4905480,4904983,497
347191841,34.6387,34.9782,492,43203,0.827391,0.81,2,4905513,4905021,492
347194761,32.4555,32.5913,492,43252,0.828956,0.83,2,4905544,4905052,492
347197681,35.7822,31.6365,499,43301,0.877583,0.85,2,4905582,4905083,499
347200601,42.5129,35.4546,508,43350,0.885033,0.87,2,4905629,4905121,508
347203521,29.6052,41.7818,483,43399,0.876013,0.89,2,4905650,4905167,483
347206441,35.8421,28.7127,503,43448,0.872405,0.89,2,4905690,4905187,503
347209361,35.9368,35.4851,499,43497,0.870962,0.85,2,4905726,4905227,499
347212281,33.5747,35.794,495,43546,0.870385,0.83,2,4905758,4905263,495
347215201,29.0299,34.1176,488,43594,0.882154,0.85,2,4905784,4905296,488
347218121,12.812,28.647,465,43642,0.886862,0.85,2,4905786,4905321,465
347361201,32.8433,28.7701,504,45949,0.852496,1,2,4907425,4906921,504
347364121,26.9373,11.508,527,45995,0.814998,1,2,4907448,4906921,527
347412301,324.575,360.403,457,20440,0.415999,0.51,1,4907971,4907514,457
347418141,103.772,115.025,461,21370,0.29336,0.29,1,4908109,4907648,461
347423981,81.7635,76.3639,476,21568,0.295338,0.19,1,4908256,4907780,476
347426901,79.5054,78.5456,474,21666,0.280135,0.13,1,4908334,4907860,474
347435661,72.3123,83.0509,435,21958,0.415609,0.27,1,4908492,4908057,435
347438581,60.1249,64.4204,435,22055,0.424243,0.31,1,4908544,4908109,435
347494061,46.0131,50.7313,496,23815,0.77284,0.67,2,4909744,4909248,496
347496981,77.8052,44.2925,555,23904,0.879136,0.73,2,4909843,4909288,555
347587501,49.2301,49.3704,524,26514,0.868,1,2,4911633,4911109,524
347590421,82.692,44.9482,587,26594,0.7972,1,2,4911738,4911151,587
347613781,43.6133,49.2301,469,27224,0.440225,0.75,1,4912102,4911633,469
347625461,52.4045,54.7083,448,27534,0.439286,0.49,1,4912319,4911871,448
347628381,45.5618,50.0833,442,27611,0.445714,0.55,1,4912360,4911918,442
347631301,38.0247,39.8333,442,27688,0.436286,0.47,1,4912393,4911951,442
347678021,54.5774,39.1861,514,28886,0.777141,0.65,2,4913215,4912701,514
347680941,47.631,52.2745,496,28959,0.784856,0.71,2,4913258,4912762,496
347683861,39.4524,44.9098,490,29032,0.799943,0.73,2,4913292,4912802,490
347686781,60.781,38.9639,530,29105,0.793977,0.67,2,4913367,4912837,530
347689701,45.9124,61.1856,490,29178,0.791591,0.67,2,4913403,4912913,490
347692621,43.565,46.0742,496,29251,0.838636,0.71,2,4913445,4912949,496
347695541,76.826,42.4297,555,29323,0.845455,0.73,2,4913544,4912989,555
347698461,47.5304,75.7719,485,29395,0.848182,0.73,2,4913572,4913087,485
347701381,40.6122,47.1088,493,29467,0.861273,0.73,2,4913608,4913115,493
347806501,41.6916,45.0825,517,31949,0.88384,1,2,4915335,4914818,517
347821101,51.0314,38.3221,535,32279,0.211563,1,1,4915569,4915034,535
347824021,48.6126,53.1289,519,32345,0.090625,1,1,4915616,4915097,519
347826941,38.045,49.4515,503,32410,0.04225,1,1,4915647,4915144,503
347829861,66.818,40.1806,555,32475,0.0349,0.99,1,4915733,4915178,555
347832781,45.9272,67.0722,502,32540,0.05596,0.97,1,4915765,4915263,502
347835701,38.1709,47.2289,501,32605,0.052384,0.82,1,4915798,4915297,501
347838621,36.8684,41.6916,499,32670,0.0389536,0.65,1,4915834,4915335,499
347841541,45.9473,42.4766,508,32735,0.0695814,0.57,1,4915886,4915378,508
347844461,19.5789,52.9906,450,32800,0.0578326,0.49,1,4915888,4915438,450
347847381,23.4316,42.1963,441,32864,0.077133,0.29,1,4915914,4915473,441
347856141,43.3796,48.6126,423,33056,0.0517365,0.01,1,4916039,4915616,423
347859061,36.5518,38.045,424,33120,0.0746946,0.03,1,4916071,4915647,424
347861981,65.6207,66.818,423,33184,0.0838778,0.07,1,4916156,4915733,423
347864901,45.4483,45.9272,423,33248,0.0755511,0.05,1,4916188,4915765,423
347867821,38.5793,38.1709,424,33312,0.0842205,0.03,1,4916222,4915798,424
347870741,35.8317,36.8684,422,33375,0.0636882,0.09,1,4916256,4915834,422
347873661,46.7327,45.9473,424,33438,0.0674753,0.05,1,4916310,4915886,424
347876581,19.8931,19.5789,424,33501,0.0689901,0.09,1,4916312,4915888,424
347879501,25.3572,23.4316,427,33564,0.081596,0.15,1,4916341,4915914,427
347882421,28.1429,27.3726,427,33627,0.0986384,0.11,1,4916371,4915944,427
347888261,41.1029,43.3796,423,33753,0.0889821,0.09,1,4916462,4916039,423
347891181,35.0411,36.5518,422,33816,0.0535929,0.09,1,4916493,4916071,422
347894101,66.2165,65.6207,424,33879,0.0754371,0.07,1,4916580,4916156,424
347897021,45.6866,45.4483,424,33941,0.0601749,0.09,1,4916612,4916188,424
347908701,19.4864,19.8931,423,34189,0.201172,0.09,1,4916735,4916312,423
347926221,66.6923,34.6517,510,34559,0.0952477,0.09,1,4917003,4916493,510
347929141,45.8769,66.0607,455,34620,0.0800991,0.05,1,4917035,4916580,455
347943741,24.8154,19.4848,457,34925,0.205137,0.17,1,4917192,4916735,457
347946661,29.7262,25.7939,460,34986,0.232055,0.17,1,4917225,4916765,460
347949581,41.8905,28.9176,479,35046,0.290822,0.17,1,4917275,4916796,479
347958341,64.337,34.7307,511,35226,0.255493,0.05,1,4917426,4916915,511
347961261,45.5348,66.6923,456,35286,0.240197,0.07,1,4917459,4917003,456
347964181,44.0139,45.8769,467,35346,0.234079,0.13,1,4917502,4917035,467
347967101,38.6056,42.3508,462,35406,0.243632,0.15,1,4917537,4917075,462
347970021,49.0422,36.7403,485,35466,0.271453,0.21,1,4917593,4917108,485
347972941,20.8169,47.0961,433,35526,0.282581,0.21,1,4917595,4917162,433
347975861,25.1268,20.0384,459,35586,0.287032,0.21,1,4917623,4917164,459
348013821,31.9199,31.6507,437,36350,0.429506,0.31,1,4918096,4917659,437
348016741,13.968,13.8603,437,36408,0.441803,0.37,1,4918098,4917661,437
348083901,34.6266,27.3206,490,37720,0.760756,0.65,2,4918992,4918502,490
348086821,15.0506,33.1282,455,37776,0.766303,0.65,2,4918994,4918539,455
348089741,39.6203,14.4513,509,37832,0.816521,0.71,2,4919050,4918541,509
348092661,37.4481,38.7805,490,37888,0.860608,0.65,2,4919086,4918596,490
348095581,33.5792,37.7122,484,37944,0.890243,0.67,2,4919117,4918633,484
348247421,35.5832,33.9978,512,40738,0.848388,1,2,4921058,4920546,512
348250341,49.0333,32.7991,538,40790,0.753355,1,2,4921116,4920578,538
348267861,35.592,34.991,508,41100,0.443628,0.93,1,4921335,4920827,508
348270781,32.8368,30.7964,511,41151,0.411451,1,1,4921366,4920855,511
348279541,36.0856,33.987,512,41304,0.416333,0.96,1,4921459,4920947,512
348282461,28.8342,39.3948,493,41355,0.436533,0.91,1,4921483,4920990,493
348288301,46.0135,35.5832,512,41457,0.445445,0.69,1,4921570,4921058,512
348294141,17.6822,41.8133,457,41559,0.442071,0.61,1,4921610,4921153,457
348305821,34.0623,36.48,445,41763,0.447205,0.39,1,4921745,4921300,445
348317501,26.9984,24.2139,446,41964,0.435336,0.43,1,4921861,4921415,446
348320421,35.9994,36.0856,444,42014,0.420135,0.45,1,4921903,4921459,444
348390501,32.836,32.6233,483,43203,0.756681,0.67,2,4922671,4922188,483
348393421,32.3344,31.6493,484,43252,0.764672,0.67,2,4922703,4922219,484
348396341,29.7338,31.8597,480,43301,0.767869,0.67,2,4922731,4922251,480
348399261,26.2935,29.5439,476,43350,0.769148,0.63,2,4922755,4922279,476
348402181,36.3174,26.2176,495,43399,0.781659,0.67,2,4922798,4922303,495
348405101,30.727,36.287,479,43448,0.798664,0.71,2,4922825,4922346,479
348408021,30.2908,29.5148,484,43497,0.805465,0.69,2,4922855,4922371,484
348410941,46.3163,30.4059,510,43546,0.832186,0.67,2,4922912,4922402,510
348413861,41.9265,45.7624,493,43594,0.866874,0.69,2,4922951,4922458,493
348416781,17.9706,41.1049,457,43642,0.88075,0.69,2,4922953,4922496,457
348589061,40.5936,39.8189,511,46408,0.876994,1,2,4924887,4924376,511
348597821,32.31,33.6044,506,46543,0.873808,1,2,4924976,4924470,506
348603661,34.3296,32.0167,515,46633,0.885009,1,2,4925051,4924536,515
348606581,31.7318,31.4067,514,46678,0.888004,1,2,4925081,4924567,514
348612421,25.1171,33.2251,501,46768,0.880081,0.99,2,4925136,4924635,501
348615341,23.8468,25.89,503,46813,0.886032,1,2,4925159,4924656,503
348618261,30.5387,24.756,514,46858,0.828413,1,2,4925194,4924680,514
348621181,30.8155,31.5024,509,46903,0.805365,0.98,2,4925225,4924716,509
348624101,25.5262,33.001,497,46948,0.772146,0.93,2,4925247,4924750,497
348632861,37.6097,33.9841,512,47083,0.759577,0.8,2,4925354,4924842,512
348635781,31.2439,40.5936,494,47128,0.753831,0.93,2,4925381,4924887,494
348638701,28.6975,32.4375,494,47173,0.787532,0.91,2,4925408,4924914,494
348641621,28.879,29.775,495,47218,0.765013,0.85,2,4925437,4924942,495
348644541,40.3516,32.31,509,47263,0.804005,0.93,2,4925485,4924976,509
348647461,34.1406,39.324,495,47308,0.807602,0.87,2,4925515,4925020,495
348650381,34.6563,34.3296,499,47353,0.845041,0.89,2,4925550,4925051,499
348653301,15.6625,31.7318,472,47398,0.848016,0.95,2,4925553,4925081,472
348656221,23.665,34.2927,465,47442,0.861207,0.85,2,4925582,4925117,465
348659141,20.866,25.1171,465,47486,0.878483,0.89,2,4925601,4925136,465
348662061,21.5464,23.8468,464,47530,0.861393,0.79,2,4925623,4925159,464
348664981,29.6186,30.5387,464,47574,0.866557,0.79,2,4925658,4925194,464
348667901,27.4474,30.8155,459,47618,0.844623,0.75,2,4925684,4925225,459
348670821,24.779,25.5262,460,47662,0.847849,0.71,2,4925707,4925247,460
348673741,28.5116,28.8105,460,47706,0.83714,0.75,2,4925738,4925278,460
348676661,33.0046,32.5242,461,47750,0.868856,0.77,2,4925774,4925313,461
348679581,36.0019,37.6097,458,47794,0.893542,0.75,2,4925812,4925354,458
348685421,29.7603,28.6975,462,47882,0.883367,0.75,2,4925870,4925408,462
348688341,27.5041,28.879,459,47926,0.887347,0.83,2,4925896,4925437,459
348933621,59.6592,71.2747,466,23721,0.097287,0.19,1,4928720,4928254,466
348939461,70.7455,87.4839,455,23899,0.0719659,0.01,1,4928879,4928424,455
348942381,70.2982,66.7936,472,23988,0.0827864,0.09,1,4928949,4928477,472
348945301,43.7193,62.7174,438,24076,0.0751145,0.07,1,4928975,4928537,438
348954061,56.462,58.3979,426,24339,0.233047,0.07,1,4929099,4928673,426
348956981,51.3848,51.5592,427,24426,0.279219,0.11,1,4929147,4928720,427
348959901,76.3539,77.6237,425,24513,0.297688,0.05,1,4929240,4928815,425
348965741,71.4966,69.7798,427,24685,0.29363,0.07,1,4929376,4928949,427
348968661,45.3987,43.5119,429,24771,0.267452,0.19,1,4929404,4928975,429
348971581,26.5595,25.8048,429,24857,0.244981,0.15,1,4929418,4928989,429
348974501,33.4238,33.1219,429,24942,0.235992,0.29,1,4929456,4929027,429
348977421,59.5695,56.4488,434,25027,0.232397,0.31,1,4929533,4929099,434
348980341,53.2278,51.3795,435,25112,0.266959,0.31,1,4929582,4929147,435
349006621,78.8536,52.5305,530,25861,0.412957,0.33,1,4930112,4929582,530
349009541,69.3414,76.8122,500,25943,0.447183,0.35,1,4930175,4929675,500
349012461,70.3366,69.1249,507,26025,0.448873,0.37,1,4930246,4929739,507
349015381,43.7346,69.6499,463,26106,0.449549,0.35,1,4930272,4929809,463
349050421,55.7763,61.599,448,27063,0.760413,0.59,2,4930854,4930406,448
349053341,55.9105,55.8396,452,27141,0.814165,0.61,2,4930910,4930458,452
349184741,38.4993,39.1147,496,30453,0.86373,1,2,4933213,4932717,496
349187661,51.9997,60.0459,483,30522,0.759492,1,2,4933274,4932791,483
349193501,60.16,65.7673,486,30660,0.425119,1,1,4933388,4932902,486
349202261,46.2582,46.0651,488,30867,0.262648,1,1,4933562,4933074,488
349205181,31.1033,39.426,474,30936,0.279059,0.86,1,4933583,4933109,474
349208101,29.2413,34.3704,471,31004,0.261624,0.99,1,4933611,4933140,471
349211021,28.4965,31.7482,469,31072,0.266649,0.8,1,4933639,4933170,469
349213941,31.7986,38.4993,460,31140,0.29266,0.69,1,4933673,4933213,460
349234381,30.2672,45.5148,455,31613,0.400126,0.29,1,4934017,4933562,455
349237301,27.7069,30.8059,460,31680,0.40605,0.25,1,4934043,4933583,460
349240221,29.0827,29.1224,462,31747,0.40842,0.27,1,4934073,4933611,462
349243141,33.8331,28.4489,471,31814,0.409368,0.31,1,4934110,4933639,471
349251901,54.8933,40.2447,500,32013,0.40324,0.29,1,4934264,4933764,500
349254821,57.9573,54.4979,496,32079,0.419296,0.31,1,4934324,4933828,496
349289861,62.6245,74.1829,447,32862,0.76874,0.55,2,4934856,4934409,447
349292781,41.8498,45.2732,449,32926,0.769496,0.55,2,4934884,4934435,449
349295701,29.9399,31.3093,449,32990,0.781798,0.53,2,4934906,4934457,449
349298621,27.576,28.7237,448,33054,0.786719,0.55,2,4934932,4934484,448
349301541,30.2304,29.4895,450,33118,0.824688,0.61,2,4934964,4934514,450
349304461,36.0922,33.9958,453,33182,0.851875,0.63,2,4935004,4934551,453
349307381,45.6369,44.7983,453,33246,0.86275,0.65,2,4935056,4934603,453
349535141,37.0721,34.9888,520,37886,0.8572,1,2,4938322,4937802,520
349538061,36.4288,27.1955,534,37942,0.84088,1,2,4938358,4937824,534
349540981,30.1715,22.2782,541,37998,0.774352,1,2,4938384,4937843,541
349542441,26.4686,22.1113,543,38054,0.759741,1,2,4938408,4937865,543
349589161,138.47,150.647,450,17761,0.0767034,0.03,1,4939130,4938680,450
349592081,103.388,107.659,451,17881,0.0486814,0.03,1,4939210,4938759,451
349595001,72.5552,80.2635,441,18000,0.0374725,0.01,1,4939262,4938821,441
349597921,42.8221,56.7054,423,18118,0.032989,0.09,1,4939285,4938862,423
349600841,42.9288,39.4822,438,18235,0.0311956,0.03,1,4939328,4938890,438
349603761,93.9715,101.593,423,18351,0.0904782,0.03,1,4939456,4939033,423
349609601,87.2754,87.5349,424,18582,0.0456765,0.03,1,4939634,4939210,424
349612521,64.9102,66.2139,422,18696,0.0242706,0.03,1,4939684,4939262,422
349615441,39.7641,40.2856,422,18810,0.0277082,0.03,1,4939707,4939285,422
349618361,43.5056,41.9142,425,18923,0.0170833,0.13,1,4939753,4939328,425
349621281,95.4022,93.5657,427,19035,0.0728333,0.13,1,4939883,4939456,427
349627121,85.5844,87.2105,422,19257,0.0728533,0.01,1,4940056,4939634,422
349630041,64.2337,64.8842,422,19367,0.0351413,0.03,1,4940106,4939684,422
349632961,39.4935,39.7537,422,19477,0.0320565,0.01,1,4940129,4939707,422
349635881,43.3974,43.5015,422,19586,0.0188226,0.01,1,4940175,4939753,422
349638801,96.559,17.4006,554,19694,0.037529,0.11,1,4940307,4939753,554
349641721,95.0236,84.9602,518,19802,0.0930116,0.13,1,4940401,4939883,518
349656321,98.3084,43.2905,556,20332,0.094178,0.05,1,4940731,4940175,556
349665081,63.3637,83.6026,478,20643,0.240507,0.15,1,4940955,4940477,478
349668001,37.3455,63.441,448,20746,0.258203,0.09,1,4940975,4940527,448
349670921,42.5382,39.1764,471,20848,0.277281,0.09,1,4941021,4940550,471
349676761,99.3261,98.3082,524,21051,0.407965,0.13,1,4941255,4940731,524
349679681,40.9304,97.5233,429,21152,0.433186,0.25,1,4941257,4940828,429
349726401,58.2022,57.7351,503,22703,0.770006,0.63,2,4942289,4941786,503
349729321,35.2809,53.6941,472,22796,0.782003,0.67,2,4942309,4941837,472
349732241,44.1124,33.4776,502,22889,0.822801,0.65,2,4942359,4941857,502
349735161,103.445,42.791,596,22982,0.83912,0.73,2,4942502,4941906,596
349738081,103.778,100.516,561,23074,0.857648,0.73,2,4942606,4942045,561
349741001,42.7112,103.807,457,23166,0.865059,0.73,2,4942608,4942151,457
349828601,98.8309,98.1668,570,25768,0.847062,1,2,4944498,4943928,570
349851961,94.8149,92.5762,562,26418,0.430283,0.77,1,4944957,4944395,562
349854881,64.326,98.8305,503,26498,0.442113,0.63,1,4945001,4944498,503
349887001,55.703,55.6522,447,27365,0.769757,0.53,2,4945556,4945109,447
349889921,36.6812,36.0609,448,27442,0.793903,0.55,2,4945580,4945132,448
349892841,21.2725,19.8243,450,27519,0.827561,0.55,2,4945591,4945141,450
349895761,26.509,26.5297,449,27596,0.817024,0.59,2,4945621,4945172,449
349898681,11.8036,11.8119,449,27673,0.83681,0.63,2,4945623,4945174,449
349901601,83.9214,81.5248,453,27750,0.844724,0.71,2,4945755,4945302,453
349904521,95.9686,92.6099,457,27826,0.84789,0.71,2,4945859,4945402,457
349907441,65.9874,64.644,457,27902,0.849156,0.77,2,4945905,4945448,457
350038841,51.7078,63.884,484,31133,0.813539,1,2,4948114,4947630,484
350047601,51.3813,45.4166,501,31337,0.273106,1,1,4948320,4947819,501
350053441,37.501,37.8667,518,31472,0.097697,1,1,4948388,4947870,518
350056361,37.2004,40.9467,512,31539,0.0390788,0.97,1,4948425,4947913,512
350059281,37.6802,33.7787,521,31606,0.0456315,1,1,4948463,4947942,521
350062201,33.0721,44.1115,500,31673,0.0362526,1,1,4948493,4947993,500
350065121,30.0288,35.6446,498,31740,0.020501,1,1,4948521,4948023,498
350068041,42.0115,28.6578,524,31807,0.0502004,0.69,1,4948571,4948047,524
350070961,78.0046,51.6631,559,31874,0.0620802,0.39,1,4948673,4948114,559
350073881,52.2018,93.8653,472,31940,0.0908321,0.29,1,4948708,4948236,472
350085561,34.658,37.5005,458,32204,0.0949173,0,1,4948846,4948388,458
350088481,39.0632,37.2002,463,32270,0.0439669,0.05,1,4948888,4948425,463
350091401,33.0253,37.6801,454,32336,0.0595868,0.03,1,4948917,4948463,454
350094321,29.4101,33.072,451,32401,0.0538347,0.01,1,4948944,4948493,451
350097241,42.364,30.0288,474,32466,0.0755339,0.07,1,4948995,4948521,474
350129361,43.4884,42.364,426,33176,0.224191,0.15,1,4949421,4948995,426
350132281,79.7953,78.7456,427,33240,0.263676,0.11,1,4949525,4949098,427
350135201,53.5181,53.0982,427,33304,0.279471,0.11,1,4949561,4949134,427
350141041,37.0029,37.2957,427,33431,0.285915,0.11,1,4949633,4949206,427
350164401,82.1202,79.7953,436,33934,0.449683,0.29,1,4949961,4949525,436
350234481,47.1361,56.9184,486,35399,0.785497,0.51,2,4950930,4950444,486
350237401,38.6544,46.7674,479,35459,0.788199,0.53,2,4950963,4950484,479
350240321,16.6618,37.3069,450,35519,0.789279,0.53,2,4950965,4950515,450
350243241,25.8647,16.1228,480,35579,0.825712,0.55,2,4950997,4950517,480
350246161,33.7459,25.6491,487,35638,0.828285,0.59,2,4951036,4950549,487
350249081,36.8984,32.4596,489,35697,0.865314,0.59,2,4951075,4950586,489
350252001,15.9593,35.7839,453,35756,0.880126,0.63,2,4951077,4950624,453
350254921,27.9837,35.9135,453,35815,0.88605,0.61,2,4951113,4950660,453
350415521,42.4181,38.4076,495,38928,0.899405,1,2,4953336,4952841,495
350418441,37.3672,36.963,493,38982,0.857762,1,2,4953370,4952877,493
350421361,34.7469,30.3852,500,39036,0.853105,1,2,4953403,4952903,500
350424281,29.4988,34.3541,489,39090,0.827242,0.95,2,4953429,4952940,489
350427201,24.9995,30.5416,483,39144,0.888897,1,2,4953451,4952968,483
350430121,25.5998,23.0167,491,39198,0.889559,1,2,4953477,4952986,491
350435961,24.976,30.9227,481,39306,0.858729,0.98,2,4953531,4953050,481
350438881,26.1904,29.7691,479,39360,0.877492,1,2,4953558,4953079,479
350441801,29.0762,25.7076,487,39414,0.824997,0.94,2,4953589,4953102,487
350444721,68.6305,79.283,467,39468,0.863999,0.89,2,4953684,4953217,467
350447641,55.6522,58.1132,470,39522,0.891599,0.91,2,4953731,4953261,470
350646201,42.5439,35.8043,506,43002,0.849078,1,2,4956159,4955653,506
350649121,39.2176,14.3217,543,43051,0.825631,1,2,4956196,4955653,543
350652041,31.287,21.9287,542,43100,0.840253,1,2,4956222,4955680,542
350654961,24.5148,27.9715,530,43149,0.798101,1,2,4956242,4955712,530
350657881,26.6059,32.7886,522,43198,0.78124,1,2,4956270,4955748,522
350681241,37.7552,25.3727,527,43589,0.42665,1,1,4956529,4956002,527
350690001,37.6483,42.5439,500,43733,0.405306,0.81,1,4956659,4956159,500
350692921,31.8593,39.2175,491,43781,0.420122,0.85,1,4956687,4956196,491
350698761,25.3775,24.5148,489,43877,0.42602,0.77,1,4956731,4956242,489
350701681,28.751,26.6059,492,43925,0.440408,0.69,1,4956762,4956270,492
350704601,27.1004,31.6424,483,43973,0.446163,0.71,1,4956788,4956305,483
350768841,51.9964,50.0166,455,45017,0.76783,0.67,2,4957486,4957031,455
350771761,41.7986,40.4066,456,45064,0.805132,0.67,2,4957521,4957065,456
350774681,37.1194,37.1626,455,45111,0.796053,0.65,2,4957555,4957100,455
350777601,31.6478,32.2651,454,45158,0.792421,0.65,2,4957583,4957129,454
350780521,13.8591,14.106,454,45205,0.814968,0.65,2,4957585,4957131,454
350783441,15.1436,15.2424,454,45252,0.799987,0.69,2,4957601,4957147,454
350786361,22.2575,21.697,455,45299,0.817995,0.69,2,4957628,4957173,455
350789281,28.703,28.4788,455,45346,0.849198,0.71,2,4957661,4957206,455
350792201,27.0812,26.9915,455,45393,0.861679,0.67,2,4957687,4957232,455
350795121,31.2325,31.1966,455,45439,0.878672,0.71,2,4957721,4957266,455
350798041,25.693,25.6786,455,45485,0.897469,0.67,2,4957743,4957288,455
350980541,30.8064,30.4088,511,48318,0.855572,1,2,4959724,4959213,511
351037481,125.812,125.57,484,22817,0.292597,0.41,1,4960420,4959936,484
351040401,85.7246,92.2281,473,22910,0.291039,0.41,1,4960479,4960006,473
351057921,87.0094,82.5757,516,23460,0.428425,0.25,1,4960856,4960340,516
351101721,88.7739,88.7325,450,24780,0.752975,0.65,2,4961665,4961215,450
351104641,88.9096,87.693,452,24866,0.84719,0.65,2,4961754,4961302,452
351107561,71.5638,71.0772,452,24951,0.896876,0.71,2,4961814,4961362,452
351203921,75.5204,72.2647,486,27615,0.812815,1,2,4963706,4963220,486
351256481,70.313,69.3667,523,28963,0.753776,0.71,2,4964618,4964095,523
351259401,43.7252,69.1467,480,29036,0.763511,0.75,2,4964644,4964164,480
351262321,51.0901,42.0587,512,29109,0.779404,0.69,2,4964700,4964188,512
351265241,40.836,51.0235,489,29182,0.797762,0.69,2,4964734,4964245,489
351268161,46.3344,40.8094,505,29255,0.841105,0.71,2,4964784,4964279,505
351271081,29.3338,45.7238,474,29327,0.858442,0.67,2,4964802,4964328,474
351274001,26.7335,30.2895,479,29399,0.853377,0.63,2,4964827,4964348,479
351291521,42.9338,51.0901,497,29828,0.899473,0.81,2,4965197,4964700,497
351414161,117.503,126.505,570,14909,0.25168,1,1,4967712,4967142,570
351420001,47.3604,66.2009,508,15192,0.0534688,0.88,1,4967783,4967275,508
351422921,117.944,152.48,463,15332,0.0873875,0.43,1,4967948,4967485,463
351431681,60.4684,70.2147,422,15744,0.0951128,0.01,1,4968173,4967751,422
351434601,43.9874,47.2859,423,15879,0.0800451,0.11,1,4968206,4967783,423
351437521,117.795,117.914,425,16013,0.062018,0.17,1,4968373,4967948,425
351452121,118.389,117.795,424,16665,0.0654063,0.05,1,4968797,4968373,424
351455041,113.355,47.1179,534,16792,0.0561625,0.17,1,4968907,4968373,534
351457961,95.1422,81.8471,512,16918,0.064465,0.15,1,4968990,4968478,512
351460881,58.4569,83.1389,462,17043,0.091786,0.15,1,4969024,4968562,462
351466721,116.273,40.6622,591,17292,0.0950858,0.01,1,4969219,4968628,591
351475481,59.7135,95.0264,460,17658,0.229045,0.11,1,4969450,4968990,460
351478401,40.6854,58.4106,454,17778,0.265618,0.11,1,4969478,4969024,454
351513441,40.1555,37.751,453,19161,0.75859,0.65,2,4970367,4969914,453
351516361,118.062,116.5,454,19272,0.789436,0.69,2,4970537,4970083,454
351519281,118.025,116.2,456,19382,0.813774,0.69,2,4970655,4970199,456
351522201,48.41,47.6801,456,19491,0.79951,0.71,2,4970657,4970201,456
351525121,76.964,75.472,458,19600,0.829804,0.71,2,4970753,4970295,458
351528041,56.5856,30.1888,501,19708,0.817922,0.77,2,4970796,4970295,501
351530961,40.0342,37.2755,488,19816,0.813169,0.77,2,4970825,4970337,488
351533881,118.614,32.9102,629,19923,0.823267,0.81,2,4970996,4970367,629
351536801,118.845,115.164,578,20029,0.839307,0.83,2,4971115,4970537,578
351539721,48.7382,116.866,462,20135,0.845723,0.79,2,4971117,4970655,462
351542641,77.6953,47.9463,557,20240,0.872289,0.85,2,4971214,4970657,557
351595201,113.412,116.015,493,22050,0.886,1,2,4972545,4972052,493
351598121,63.9646,54.8062,510,22146,0.7564,1,2,4972576,4972066,510
351603961,58.5943,65.889,478,22337,0.436624,1,1,4972692,4972214,478
351612721,90.27,14.7289,615,22621,0.0800239,1,1,4972892,4972277,615
351615641,101.508,94.6916,576,22715,0.0380096,0.81,1,4973001,4972425,576
351618561,58.6032,109.877,486,22808,0.0452038,0.67,1,4973031,4972545,486
351621481,53.4413,62.5506,505,22901,0.0720815,0.49,1,4973081,4972576,505
351624401,49.5765,60.4203,493,22994,0.0588326,0.33,1,4973128,4972635,493
351627321,37.8306,58.3681,466,23086,0.089533,0.23,1,4973158,4972692,466
351630241,34.3322,47.3472,458,23178,0.0658132,0,1,4973190,4972732,458
351633161,88.7329,41.1389,546,23269,0.0563253,0.05,1,4973315,4972769,546
351636081,99.6932,90.2556,530,23360,0.0405301,0.01,1,4973422,4972892,530
351639001,59.6773,101.502,454,23451,0.058212,0.05,1,4973455,4973001,454
351641921,53.8709,58.6009,474,23541,0.0292848,0.09,1,4973505,4973031,474
351644841,50.3484,53.4404,472,23631,0.0657139,0.05,1,4973553,4973081,472
351647761,37.5393,49.5761,454,23721,0.0682856,0.11,1,4973582,4973128,454
351659441,78.2506,99.6932,423,24076,0.0744681,0.07,1,4973845,4973422,423
351662361,52.3002,59.6773,425,24164,0.0357872,0.01,1,4973880,4973455,425
351665281,50.3201,53.8709,424,24252,0.0443149,0.09,1,4973929,4973505,424
351668201,50.128,50.3484,426,24339,0.059726,0.07,1,4973979,4973553,426
351671121,37.4512,37.5393,426,24426,0.0778904,0.15,1,4974008,4973582,426
351674041,34.1805,32.4157,429,24513,0.0851562,0.11,1,4974040,4973611,429
351676961,88.6722,88.5663,428,24599,0.0640625,0.11,1,4974165,4973737,428
351679881,36.6689,36.6265,428,24685,0.067625,0.05,1,4974167,4973739,428
351682801,74.6676,78.2506,422,24771,0.06905,0.01,1,4974267,4973845,422
351685721,50.867,52.3002,422,24857,0.05762,0.05,1,4974302,4973880,422
351688641,49.7468,50.3201,422,24942,0.029048,0.07,1,4974351,4973929,422
351691561,50.4987,50.128,423,25027,0.0296192,0.09,1,4974402,4973979,423
351694481,38.1995,37.4512,424,25112,0.0298477,0.09,1,4974432,4974008,424
351697401,34.4798,34.1805,424,25196,0.0299391,0.05,1,4974464,4974040,424
351700321,88.1919,88.6722,423,25280,0.0659756,0.07,1,4974588,4974165,423
351703241,36.4768,36.6689,423,25364,0.0803903,0.07,1,4974590,4974167,423
351706161,74.5907,74.6676,423,25448,0.0981561,0.07,1,4974690,4974267,423
351709081,49.6363,29.867,456,25531,0.0812624,0.05,1,4974723,4974267,456
351712001,49.2545,32.9468,470,25614,0.062505,0.01,1,4974772,4974302,470
351714921,50.3018,42.5787,472,25697,0.031002,0.03,1,4974823,4974351,472
351717841,38.7207,47.6315,452,25779,0.0424008,0.03,1,4974854,4974402,452
351720761,34.6883,37.0526,454,25861,0.0469603,0.03,1,4974886,4974432,454
351732441,49.92,74.5613,457,26187,0.22445,0.07,1,4975147,4974690,457
351735361,48.768,49.6245,472,26268,0.23978,0.05,1,4975195,4974723,472
351738281,49.5072,49.2498,473,26349,0.257912,0.01,1,4975245,4974772,473
351741201,39.0029,50.2999,454,26429,0.265165,0.05,1,4975277,4974823,454
351744121,34.8012,38.72,455,26509,0.280066,0.05,1,4975309,4974854,455
351752881,77.6833,36.7501,533,26748,0.430964,0.21,1,4975546,4975013,533
351808361,55.5473,53.7951,454,28214,0.77177,0.67,2,4976481,4976027,454
351811281,51.0189,50.918,453,28289,0.770708,0.67,2,4976529,4976076,453
351814201,21.6076,21.5672,453,28364,0.794283,0.67,2,4976531,4976078,453
351817121,40.443,8.62689,506,28439,0.779713,0.71,2,4976584,4976078,506
351820041,35.9772,34.6508,487,28513,0.797885,0.67,2,4976617,4976130,487
351822961,33.5909,33.0603,487,28587,0.793154,0.69,2,4976649,4976162,487
351825881,95.6364,32.4241,592,28661,0.827262,0.71,2,4976786,4976194,592
351828801,39.4545,93.9696,459,28735,0.840905,0.71,2,4976788,4976329,459
351831721,84.7818,38.7879,572,28809,0.870362,0.77,2,4976903,4976331,572
351834641,55.5127,83.3151,495,28882,0.894145,0.79,2,4976939,4976444,495
351931001,36.7026,32.1418,497,31208,0.885048,1,2,4978523,4978026,497
351933921,30.2811,30.2567,494,31276,0.852019,1,2,4978549,4978055,494
351936841,31.3124,12.1027,526,31344,0.790808,1,2,4978581,4978055,526
351951441,48.9658,55.7607,515,31680,0.0723315,1,1,4978892,4978377,515
351954361,29.7863,49.9043,486,31747,0.0469326,0.95,1,4978909,4978423,486
351957281,36.5145,34.3617,503,31814,0.018773,0.87,1,4978950,4978447,503
351960201,36.2058,37.7447,499,31881,0.0375092,0.87,1,4978986,4978487,499
351963121,27.0823,36.6979,484,31947,0.0210037,0.83,1,4979007,4978523,484
351966041,26.4329,30.2791,484,32013,0.0504015,0.75,1,4979033,4978549,484
351968961,60.9732,31.3117,536,32079,0.0621606,0.51,1,4979117,4978581,536
351971881,35.7893,67.7247,463,32145,0.0788642,0.35,1,4979136,4978673,463
351974801,75.5157,42.0899,540,32211,0.0495457,0.01,1,4979238,4978698,540
351977721,48.2063,87.0359,453,32277,0.0378183,0.05,1,4979268,4978815,453
351980641,46.2825,53.4144,467,32343,0.0571273,0.05,1,4979313,4978846,467
351983561,28.713,48.9658,438,32408,0.0408509,0.03,1,4979330,4978892,438
351986481,36.0852,29.7863,462,32473,0.0223404,0,1,4979371,4978909,462
351989401,36.6341,36.5145,458,32538,0.0509362,0.05,1,4979408,4978950,458
351992321,26.6536,36.2058,442,32603,0.0263745,0.01,1,4979428,4978986,442
351995241,27.4615,27.0823,449,32668,0.0765498,0.07,1,4979456,4979007,449
351998161,62.5846,26.4329,509,32733,0.0726199,0.07,1,4979542,4979033,509
352001081,26.2338,60.9732,427,32798,0.071048,0.09,1,4979544,4979117,427
352004001,21.2935,35.7893,426,32862,0.0824192,0.03,1,4979562,4979136,426
352012761,45.0668,46.2825,423,33054,0.0861548,0.03,1,4979736,4979313,423
352015681,28.2267,28.713,423,33118,0.0404619,0.01,1,4979753,4979330,423
352018601,35.8907,36.0852,423,33182,0.0341848,0.07,1,4979794,4979371,423
352021521,37.7563,36.6341,425,33246,0.0196739,0.01,1,4979833,4979408,425
352024441,28.3025,26.6536,427,33310,0.0258696,0.11,1,4979855,4979428,427
352027361,29.321,27.4615,429,33373,0.0163478,0.07,1,4979885,4979456,429
352030281,60.9284,62.5846,425,33436,0.0365391,0.07,1,4979967,4979542,425
352033201,25.5714,26.2338,425,33499,0.0206157,0.09,1,4979969,4979544,425
352036121,21.6285,21.2935,426,33562,0.00824626,0.13,1,4979988,4979562,426
352039041,68.6514,67.9174,427,33625,0.0812985,0.11,1,4980088,4979661,427
352053641,37.5603,37.7563,422,33939,0.0924261,0.03,1,4980255,4979833,422
352056561,28.2241,28.3025,422,34001,0.0429704,0.01,1,4980277,4979855,422
352059481,29.2896,29.321,422,34063,0.0471882,0.05,1,4980307,4979885,422
352062401,60.9159,60.9284,422,34125,0.0608753,0.01,1,4980389,4979967,422
352065321,25.5663,25.5714,422,34187,0.0423501,0,1,4980391,4979969,422
352068241,21.6265,21.6285,422,34249,0.04694,0,1,4980410,4979988,422
352071161,71.6506,8.65142,527,34311,0.084776,0.13,1,4980515,4979988,527
352074081,46.6602,63.4606,457,34373,0.0999104,0.21,1,4980545,4980088,457
352109121,45.5056,46.6602,470,35104,0.22575,0.15,1,4981015,4980545,470
352112041,25.4023,45.0641,438,35164,0.2523,0.11,1,4981027,4980589,438
352114961,35.3609,25.2256,468,35224,0.26292,0.15,1,4981069,4980601,468
352117881,36.3444,34.0902,465,35284,0.267168,0.17,1,4981106,4980641,465
352120801,24.1377,35.2361,445,35344,0.280867,0.15,1,4981122,4980677,445
352123721,29.4551,26.6944,457,35404,0.298347,0.11,1,4981155,4980698,457
352141241,30.7704,47.7641,432,35761,0.441948,0.25,1,4981403,4980971,432
352147081,23.4033,25.4023,435,35879,0.441512,0.27,1,4981462,4981027,435
352228841,32.4799,25.1664,486,37494,0.760679,0.63,2,4982491,4982005,486
352231761,62.7919,31.0666,534,37550,0.766272,0.63,2,4982574,4982040,534
352234681,26.3168,62.2266,453,37606,0.792509,0.59,2,4982576,4982123,453
352237601,21.3267,26.0906,469,37662,0.815004,0.65,2,4982594,4982125,469
352240521,81.1307,21.2363,572,37718,0.848001,0.67,2,4982715,4982143,572
352243441,33.6523,79.2945,456,37774,0.861201,0.67,2,4982717,4982261,456
352246361,32.6609,32.9178,486,37830,0.87848,0.67,2,4982749,4982263,486
352249281,41.2644,31.1671,503,37886,0.897392,0.69,2,4982796,4982293,503
352398201,36.9823,34.3704,521,40632,0.896656,1,2,4984715,4984194,521
352401121,33.9929,35.3482,517,40684,0.868662,1,2,4984747,4984230,517
352404041,32.7972,25.5393,530,40736,0.821465,1,2,4984779,4984249,530
352406961,27.5189,27.6157,525,40788,0.766586,1,2,4984803,4984278,525
352453681,11.7576,16.403,462,41608,0.750879,0.71,2,4985300,4984838,462
352456601,22.703,25.1612,461,41659,0.750352,0.63,2,4985330,4984869,461
352459521,54.0812,59.2645,454,41710,0.762141,0.63,2,4985405,4984951,454
352462441,31.8325,38.1058,447,41761,0.754856,0.65,2,4985422,4984975,447
352465361,34.333,36.2423,448,41812,0.751943,0.65,2,4985458,4985010,448
352468281,59.9332,57.0969,454,41862,0.786777,0.61,2,4985535,4985081,454
352471201,45.5733,43.2388,456,41912,0.824711,0.65,2,4985571,4985115,456
352474121,36.2293,34.0955,458,41962,0.839884,0.67,2,4985601,4985143,458
352477041,33.6917,33.4382,457,42012,0.845954,0.67,2,4985633,4985176,457
352479961,31.4767,32.5753,455,42062,0.848382,0.67,2,4985663,4985208,455
352482881,31.7907,31.0301,457,42112,0.849353,0.69,2,4985695,4985238,457
352485801,25.9163,26.212,456,42162,0.825741,0.73,2,4985717,4985261,456
352488721,26.5665,25.4848,458,42212,0.804296,0.73,2,4985744,4985286,458
352491641,11.8266,11.3939,458,42262,0.795719,0.77,2,4985746,4985288,458
352494561,12.5306,11.7576,459,42312,0.780287,0.75,2,4985759,4985300,459
352497481,23.0123,22.703,459,42362,0.822115,0.77,2,4985789,4985330,459
352500401,54.8049,54.0812,460,42412,0.862846,0.75,2,4985865,4985405,460
352503321,31.522,31.8325,459,42462,0.855138,0.75,2,4985881,4985422,459
352506241,34.8088,34.333,460,42512,0.888055,0.81,2,4985918,4985458,460
352509161,61.3235,59.9332,462,42562,0.865222,0.85,2,4985997,4985535,462
352698961,34.889,33.3052,501,45672,0.855928,1,2,4988158,4987657,501
352701881,37.3556,22.9221,524,45718,0.780371,1,2,4988197,4987673,524
352770501,78.3813,72.913,465,21666,0.0892499,0.01,1,4989119,4988654,465
352773421,38.5525,55.5652,433,21764,0.0777,0.03,1,4989131,4988698,433
352776341,36.421,37.8261,442,21861,0.06108,0.13,1,4989166,4988724,442
352788021,77.3148,75.8291,428,22247,0.0928117,0.07,1,4989471,4989043,428
352796781,35.2361,36.0291,424,22532,0.0940199,0.05,1,4989590,4989166,424
352799701,61.4945,14.4116,503,22626,0.079608,0.17,1,4989669,4989166,503
352802621,71.9978,51.3647,506,22720,0.0858432,0.17,1,4989748,4989242,506
352817221,35.2915,37.0002,459,23183,0.205964,0.09,1,4990015,4989556,459
352820141,60.9166,35.2001,503,23274,0.232386,0.07,1,4990093,4989590,503
352823061,72.9666,61.48,505,23365,0.266954,0.09,1,4990174,4989669,505
352831821,76.4059,76.6787,505,23636,0.421485,0.21,1,4990400,4989895,505
352863941,62.8609,61.842,448,24604,0.759184,0.53,2,4990974,4990526,448
352866861,26.3444,25.9368,448,24690,0.789674,0.53,2,4990976,4990528,448
352869781,61.5377,60.7747,449,24776,0.813869,0.59,2,4991061,4990612,449
352872701,66.0151,64.5099,451,24862,0.835548,0.69,2,4991130,4990679,451
352875621,81.606,78.004,456,24947,0.832219,0.75,2,4991222,4990766,456
352878541,82.4424,79.2016,459,25032,0.842888,0.75,2,4991305,4990846,459
352881461,40.177,38.8806,459,25117,0.835155,0.75,2,4991317,4990858,459
352884381,37.6708,37.1523,459,25201,0.844062,0.77,2,4991353,4990894,459
352887301,63.6683,62.8609,460,25285,0.895625,0.81,2,4991434,4990974,460
352890221,26.6673,26.3444,460,25369,0.89225,0.83,2,4991436,4990976,460
352893141,62.2669,61.5377,461,25453,0.8909,0.83,2,4991522,4991061,461
352896061,67.5068,24.6151,532,25536,0.89036,0.85,2,4991593,4991061,532
352898981,81.6027,51.246,554,25619,0.890144,0.83,2,4991684,4991130,554
352998261,90.4296,79.5385,507,28293,0.778,1,2,4993611,4993104,507
353036221,36.1589,38.6422,489,29251,0.780043,0.63,2,4994209,4993720,489
353039141,55.2635,35.2569,524,29323,0.798017,0.73,2,4994277,4993753,524
353042061,41.3054,54.3028,489,29395,0.817207,0.69,2,4994309,4993820,489
353044981,39.9222,40.9211,496,29467,0.848883,0.69,2,4994348,4993852,496
353138421,86.8094,68.3584,566,31683,0.8572,1,2,4995952,4995386,566
353141341,57.5238,83.7434,510,31750,0.78088,1,2,4995990,4995480,510
353153021,39.7478,33.3006,515,32015,0.419111,1,1,4996137,4995622,515
353196821,53.507,56.0975,437,32992,0.425461,0.33,1,4996751,4996314,437
353240621,35.3176,35.3058,447,33941,0.759403,0.61,2,4997397,4996950,447
353243541,33.327,30.3223,452,34003,0.765761,0.61,2,4997429,4996977,452
353246461,37.3308,36.1289,452,34065,0.768305,0.67,2,4997469,4997017,452
353252301,12.6929,12.2606,453,34189,0.760129,0.63,2,4997494,4997041,453
353255221,29.0772,28.9043,453,34251,0.766051,0.63,2,4997534,4997081,453
353269821,45.2757,51.5408,498,34559,0.758401,0.75,2,4997826,4997328,498
353272741,34.9103,44.6163,486,34620,0.76536,0.77,2,4997854,4997368,486
353275661,33.1641,35.2465,489,34681,0.768144,0.77,2,4997886,4997397,489
353278581,37.8656,33.2986,498,34742,0.817258,0.77,2,4997927,4997429,498
353281501,28.3463,37.3194,480,34803,0.812903,0.73,2,4997949,4997469,480
353284421,12.5385,28.7278,459,34864,0.811161,0.77,2,4997951,4997492,459
353287341,29.0154,12.6911,497,34925,0.810465,0.77,2,4997991,4997494,497
353290261,39.8062,29.0764,504,34986,0.798186,0.73,2,4998038,4997534,504
353293181,54.3225,39.8306,521,35046,0.817274,0.71,2,4998102,4997581,521
353296101,88.929,54.9322,568,35106,0.88491,0.73,2,4998214,4997646,568
353409981,42.4838,44.785,520,37383,0.8716,1,2,4999761,4999241,520
353412901,37.9935,36.514,524,37440,0.82264,1,2,4999796,4999272,524
353430421,24.5646,29.9781,509,37776,0.445797,1,1,4999974,4999465,509
353433341,29.0258,29.9912,511,37832,0.412319,1,1,5000006,4999495,511
353450861,33.8084,37.9935,490,38167,0.405313,0.63,1,5000286,4999796,490
353453781,32.7233,39.1974,482,38222,0.420125,0.63,1,5000318,4999836,482
353456701,30.4893,36.679,476,38277,0.43805,0.55,1,5000347,4999871,476
353512181,56.6896,54.386,450,39312,0.760514,0.57,2,5001033,5000583,450
353515101,23.8759,22.9544,450,39366,0.766206,0.65,2,5001035,5000585,450
353518021,37.7503,36.1818,452,39420,0.804482,0.67,2,5001082,5000630,452
353520941,33.7001,32.4727,453,39474,0.795793,0.65,2,5001113,5000660,453
353523861,33.2801,32.1891,454,39528,0.804317,0.69,2,5001146,5000692,454
353526781,36.112,35.6756,454,39581,0.831727,0.75,2,5001184,5000730,454
353529701,36.0448,34.0703,457,39634,0.866691,0.75,2,5001220,5000763,457
353713661,36.8822,35.7103,507,42860,0.86392,1,2,5003477,5002970,507
353716581,34.5529,32.2841,510,42909,0.897568,1,2,5003510,5003000,510
353719501,34.2212,33.9137,509,42958,0.893027,1,2,5003544,5003035,509
353722421,34.6885,31.5655,514,43007,0.831211,1,2,5003579,5003065,514
353772061,298.356,353.86,446,18980,0.291997,0.41,1,5004119,5003673,446
353780821,92.4148,115.551,449,20031,0.0681278,0,1,5004369,5003920,449
353783741,75.9659,81.0204,456,20137,0.0572511,0.03,1,5004434,5003978,456
353786661,80.7864,70.2082,477,20242,0.0529005,0.01,1,5004518,5004041,477
353789581,40.1145,61.0833,435,20347,0.0631602,0.05,1,5004531,5004096,435
353801261,71.5485,75.7669,491,20761,0.0532169,0.05,1,5004860,5004369,491
353804181,77.2194,69.3068,507,20863,0.0632868,0.05,1,5004941,5004434,507
353807101,38.0878,78.1227,435,20965,0.0673147,0.07,1,5004953,5004518,435
353810021,16.4351,39.0491,424,21066,0.0689259,0.15,1,5004955,5004531,424
353815861,95.5096,96.0079,431,21267,0.204228,0.09,1,5005162,5004731,431
353818781,70.6038,73.8031,426,21367,0.243691,0.01,1,5005216,5004790,426
353830461,16.4283,16.4334,425,21761,0.212686,0.13,1,5005380,5004955,425
353833381,60.5713,58.7733,428,21858,0.211075,0.27,1,5005470,5005042,428
353836301,99.2285,95.5093,433,21955,0.24643,0.27,1,5005595,5005162,433
353839221,72.0914,70.6037,433,22052,0.272572,0.17,1,5005649,5005216,433
353842141,66.0366,68.4415,428,22148,0.283029,0.17,1,5005711,5005283,428
353845061,78.0146,77.1766,431,22244,0.275212,0.19,1,5005797,5005366,431
353847981,38.4058,38.0706,431,22339,0.272085,0.23,1,5005809,5005378,431
353850901,16.5623,16.4283,431,22434,0.270834,0.21,1,5005811,5005380,431
353859661,72.796,84.6914,487,22717,0.436133,0.29,1,5006082,5005595,487
353885941,80.3816,66.3146,533,23543,0.752595,0.51,2,5006677,5006144,533
353888861,39.3527,78.7258,458,23633,0.763038,0.51,2,5006689,5006231,458
353891781,16.9411,38.6903,448,23723,0.767215,0.51,2,5006691,5006243,448
353894701,63.7764,16.6761,541,23812,0.780886,0.55,2,5006786,5006245,541
353897621,107.111,62.4705,584,23901,0.786354,0.65,2,5006922,5006338,584
353900541,44.0442,103.588,455,23990,0.788542,0.75,2,5006924,5006469,455
353903461,54.2177,75.6353,459,24078,0.837417,0.75,2,5006985,5006526,459
353906381,58.8871,67.4541,459,24166,0.880967,0.77,2,5007047,5006588,459
354005661,53.2537,78.9274,517,26987,0.8548,1,2,5009063,5008546,517
354008581,42.9015,47.171,527,27065,0.80392,1,2,5009099,5008572,527
354011501,32.7606,36.8684,523,27143,0.759568,1,2,5009125,5008602,523
354017341,88.6417,101.779,489,27299,0.429931,1,1,5009285,5008796,489
354023181,38.5427,44.9646,486,27454,0.278789,1,1,5009346,5008860,486
354026101,50.8171,60.5859,474,27531,0.237516,0.87,1,5009405,5008931,474
354029021,75.5268,83.6343,467,27608,0.269006,0.81,1,5009497,5009030,467
354031941,48.8107,53.2537,465,27685,0.281603,0.77,1,5009528,5009063,465
354034861,39.3243,42.9015,462,27761,0.286641,0.73,1,5009561,5009099,462
354040701,28.4919,34.1042,453,27913,0.287063,0.27,1,5009613,5009160,453
354055301,75.837,75.5268,434,28290,0.431205,0.29,1,5009931,5009497,434
354096181,76.7018,27.4481,556,29320,0.765533,0.55,2,5010603,5010047,556
354099101,51.6807,75.7793,483,29392,0.780213,0.57,2,5010638,5010155,483
354102021,37.4723,50.1117,478,29464,0.786085,0.59,2,5010666,5010188,478
354104941,53.9889,35.6447,517,29536,0.776434,0.67,2,5010731,5010214,517
354107861,79.1956,51.4579,551,29608,0.760574,0.65,2,5010827,5010276,551
354116621,33.9165,39.3413,485,29821,0.754037,0.71,2,5010925,5010440,485
354119541,14.7666,33.1365,458,29892,0.775615,0.75,2,5010927,5010469,458
354122461,21.5066,28.2546,459,29963,0.844246,0.79,2,5010953,5010494,459
354125381,75.2027,76.7018,461,30034,0.883698,0.79,2,5011064,5010603,461
354128301,51.0811,51.6807,461,30104,0.899479,0.79,2,5011099,5010638,461
354131221,37.2324,37.4723,461,30174,0.881792,0.77,2,5011127,5010666,461
354248021,36.3805,48.0579,497,32862,0.885136,1,2,5013003,5012506,497
354250941,34.3522,36.6232,501,32926,0.852054,1,2,5013036,5012535,501
354256781,77.2564,81.6997,493,33054,0.423129,1,1,5013188,5012695,493
354259701,52.5025,55.4799,491,33118,0.247251,1,1,5013224,5012733,491
354265541,41.6404,42.5968,486,33246,0.0839602,1,1,5013304,5012818,486
354268461,33.4562,36.2387,482,33310,0.0515841,0.94,1,5013332,5012850,482
354271381,27.1825,33.6955,473,33373,0.0386336,0.99,1,5013355,5012882,473
354274301,40.273,45.8782,468,33436,0.0454535,0.91,1,5013404,5012936,468
354277221,31.7092,36.9513,463,33499,0.0361814,0.85,1,5013430,5012967,463
354280141,31.2837,36.3805,458,33562,0.0204726,0.83,1,5013461,5013003,458
354283061,32.3135,34.3522,458,33625,0.062189,0.67,1,5013494,5013036,458
354285981,42.3254,46.1409,453,33688,0.0668756,0.21,1,5013543,5013090,453
354288901,61.9302,77.2564,430,33751,0.0447502,0.13,1,5013618,5013188,430
354291821,44.5721,52.5025,427,33814,0.0839001,0.01,1,5013651,5013224,427
354294741,39.4288,45.601,422,33877,0.03956,0.07,1,5013687,5013265,422
354297661,39.7715,41.6404,423,33939,0.045824,0.03,1,5013727,5013304,423
354300581,34.5086,33.4562,426,34001,0.0483296,0.03,1,5013758,5013332,426
354303501,25.8034,27.1825,423,34063,0.0733318,0.05,1,5013778,5013355,423
354306421,39.7214,40.273,423,34125,0.0833327,0.03,1,5013827,5013404,423
354312261,32.1554,31.2837,424,34249,0.0985332,0.01,1,5013885,5013461,424
354315181,32.6622,12.5135,457,34311,0.0814133,0.09,1,5013918,5013461,457
354318101,43.0649,24.8054,474,34373,0.0985653,0.07,1,5013968,5013494,474
354323941,44.6904,60.7289,458,34496,0.0961705,0.11,1,5014076,5013618,458
354332701,34.6122,39.6946,454,34679,0.0841549,0.05,1,5014181,5013727,454
354335621,25.8449,34.4779,443,34740,0.087662,0.09,1,5014201,5013758,443
354338541,40.9379,25.7911,474,34801,0.0890648,0.09,1,5014252,5013778,474
354341461,30.1752,39.7165,448,34862,0.0896259,0.13,1,5014275,5013827,448
354353141,62.7837,43.0647,501,35104,0.227366,0.11,1,5014469,5013968,501
354356061,46.1135,62.2259,461,35164,0.240947,0.09,1,5014504,5014043,461
354358981,35.2454,44.6904,456,35224,0.270379,0.15,1,5014532,5014076,456
354361901,39.8982,37.0761,467,35284,0.270151,0.09,1,5014575,5014108,467
354364821,34.5593,40.0305,456,35344,0.270061,0.07,1,5014606,5014150,456
354367741,26.4237,34.6122,446,35404,0.258024,0.09,1,5014627,5014181,446
354370661,41.1695,25.8449,477,35464,0.25321,0.09,1,5014678,5014201,477
354373581,30.2678,40.9379,449,35524,0.263284,0.09,1,5014701,5014252,449
354376501,32.5071,30.1752,460,35584,0.243314,0.13,1,5014735,5014275,460
354379421,34.0028,31.8701,462,35643,0.271325,0.13,1,5014770,5014308,462
354382341,14.8011,33.148,430,35702,0.25853,0.19,1,5014772,5014342,430
354385261,37.7205,44.4592,431,35761,0.265412,0.27,1,5014825,5014394,431
354414461,34.4857,34.0028,434,36348,0.427689,0.25,1,5015204,5014770,434
354417381,14.9943,14.8011,434,36406,0.417076,0.27,1,5015206,5014772,434
354420301,38.3977,37.7205,435,36464,0.42483,0.37,1,5015260,5014825,435
354467021,40.0853,34.295,489,37381,0.765799,0.55,2,5015895,5015406,489
354469941,34.0341,39.518,476,37438,0.780319,0.55,2,5015925,5015449,476
354472861,25.6137,33.8072,466,37494,0.786128,0.55,2,5015945,5015479,466
354475781,41.4455,25.5229,498,37550,0.788451,0.57,2,5015997,5015499,498
354478701,30.3782,40.8092,470,37606,0.825381,0.53,2,5016020,5015550,470
354481621,36.1513,29.5237,488,37662,0.840152,0.65,2,5016060,5015572,488
354484541,37.2605,34.0095,489,37718,0.894061,0.63,2,5016098,5015609,489
354665581,179.875,178.184,510,18366,0.4324,1,1,5018475,5017965,510
354668501,148.75,123.474,551,18482,0.25096,0.96,1,5018603,5018052,551
354686021,95.8205,108.159,428,19160,0.241725,0.09,1,5019031,5018603,428
354688941,95.9282,100.863,428,19271,0.27069,0.15,1,5019127,5018699,428
354691861,74.3713,75.7454,429,19381,0.270276,0.15,1,5019187,5018758,429
354694781,62.1485,62.0982,430,19490,0.28211,0.13,1,5019241,5018811,430
354706461,97.7062,91.5417,529,19922,0.405862,0.29,1,5019560,5019031,529
354732741,43.4333,63.2719,478,20860,0.773657,0.57,2,5020154,5019676,478
354735661,62.9733,42.7087,525,20962,0.783463,0.65,2,5020230,5019705,525
354738581,26.3893,60.2835,455,21063,0.787385,0.67,2,5020232,5019777,455
354741501,85.5557,99.1134,455,21164,0.836954,0.71,2,5020357,5019902,455
354744421,95.4223,99.6454,457,21264,0.868782,0.79,2,5020459,5020002,457
354747341,78.9689,79.4581,459,21364,0.869513,0.75,2,5020527,5020068,459
354753181,44.555,43.4333,461,21562,0.872322,0.79,2,5020615,5020154,461
354846621,65.0005,69.2703,479,24512,0.883408,1,2,5022697,5022218,479
354849541,96.2002,92.5081,488,24598,0.779363,1,2,5022814,5022326,488
354896261,91.86,58.8122,557,25942,0.779612,0.51,2,5023719,5023162,557
354899181,94.344,89.5249,543,26024,0.845845,0.59,2,5023815,5023272,543
354902101,58.7376,91.61,485,26105,0.860338,0.59,2,5023850,5023365,485
354905021,34.295,57.044,469,26186,0.866135,0.57,2,5023868,5023399,469
354907941,26.918,34.8176,471,26267,0.868454,0.59,2,5023890,5023419,471
354910861,50.9672,26.527,517,26348,0.881382,0.67,2,5023957,5023440,517
354913781,38.9869,47.8108,486,26428,0.886553,0.71,2,5023988,5023502,486
355033501,47.0606,63.5721,511,29534,0.8188,1,2,5026258,5025747,511
355036421,38.6243,46.4288,509,29606,0.77752,1,2,5026291,5025782,509
355100661,19.1319,19.1054,448,31139,0.75224,0.59,2,5027234,5026786,448
355103581,30.4528,29.8421,449,31207,0.786896,0.57,2,5027272,5026823,449
355106501,21.7811,22.1369,448,31275,0.788758,0.59,2,5027288,5026840,448
355109421,43.5124,43.0547,449,31343,0.789503,0.59,2,5027346,5026897,449
355112341,88.805,17.2219,568,31411,0.813801,0.65,2,5027465,5026897,568
355115261,92.522,75.8888,548,31478,0.871521,0.69,2,5027560,5027012,548
355118181,49.0088,86.1555,475,31545,0.894608,0.71,2,5027580,5027105,475
355240821,73.2381,74.7489,486,34248,0.7684,1,2,5029475,5028989,486
355258341,30.8094,26.8406,516,34617,0.403611,1,1,5029656,5029140,516
355261261,24.9237,27.5362,509,34678,0.407445,1,1,5029677,5029168,509
355267101,80.6678,36.5658,591,34800,0.279991,0.95,1,5029830,5029239,591
355270021,45.4671,90.2263,487,34861,0.285996,0.93,1,5029852,5029365,487
355272941,66.7868,48.0905,548,34922,0.264399,0.65,1,5029933,5029385,548
355275861,40.5147,73.2362,481,34983,0.255759,0.65,1,5029956,5029475,481
355278781,36.6059,46.6945,486,35043,0.276304,0.59,1,5029990,5029504,486
355281701,29.0424,39.6778,475,35103,0.260522,0.57,1,5030014,5029539,475
355284621,23.6169,33.2711,466,35163,0.278209,0.47,1,5030034,5029568,466
355287541,29.8468,28.3084,475,35223,0.297283,0.41,1,5030068,5029593,475
355290461,29.3387,30.5234,472,35283,0.280913,0.37,1,5030097,5029625,472
355296301,30.3742,24.9237,473,35403,0.274146,0.27,1,5030150,5029677,473
355316741,25.873,29.0424,436,35819,0.409514,0.29,1,5030450,5030014,436
355319661,22.3492,23.6169,436,35878,0.409806,0.31,1,5030470,5030034,436
355322581,30.5397,29.8468,438,35937,0.445922,0.27,1,5030506,5030068,438
355378061,42.1615,41.2685,451,37038,0.784716,0.59,2,5031281,5030830,451
355380981,18.0646,17.7074,451,37095,0.775886,0.61,2,5031283,5030832,451
355383901,27.0258,26.283,452,37152,0.760355,0.61,2,5031316,5030864,452
355386821,27.0103,10.5132,479,37209,0.778142,0.67,2,5031343,5030864,479
355389741,24.0041,20.4053,474,37266,0.785257,0.69,2,5031365,5030891,474
355392661,33.0017,20.7621,492,37323,0.812103,0.67,2,5031404,5030912,492
355395581,31.2007,31.7048,483,37380,0.798841,0.69,2,5031434,5030951,483
355398501,25.0803,30.6819,474,37437,0.793536,0.73,2,5031455,5030981,474
355401421,30.4321,23.6728,489,37493,0.815415,0.73,2,5031489,5031000,489
355404341,83.5728,29.8691,574,37549,0.872166,0.71,2,5031608,5031034,574
355585381,186.832,165.097,523,18482,0.0828369,0.57,1,5034086,5033563,523
355588301,120.333,130.239,492,18597,0.0871347,0.49,1,5034162,5033670,492
355591221,69.1331,86.2955,470,18711,0.0528539,0.15,1,5034197,5033727,470
355594141,55.8532,79.5182,442,18824,0.0391416,0.15,1,5034244,5033802,442
355597061,31.9413,46.8073,433,18937,0.0576566,0.01,1,5034260,5033827,433
355599981,36.7765,49.3229,422,19049,0.0890627,0.01,1,5034300,5033878,422
355602901,140.711,144.529,424,19160,0.0416251,0.09,1,5034510,5034086,424
355605821,103.084,103.412,426,19271,0.05865,0.03,1,5034588,5034162,426
355618961,134.301,28.9373,623,19815,0.0838038,0.01,1,5034923,5034300,623
355621881,60.9203,137.575,425,19922,0.0635215,0.07,1,5034935,5034510,425
355624801,71.7681,101.83,426,20028,0.0434086,0.17,1,5035014,5034588,426
355627721,49.1072,59.932,428,20134,0.0473634,0.13,1,5035048,5034620,428
355630641,49.0429,53.3728,428,20239,0.0249454,0.15,1,5035097,5034669,428
355633561,29.8172,31.5491,428,20344,0.0399782,0.13,1,5035114,5034686,428
355636481,33.5269,34.2196,428,20448,0.0819913,0.05,1,5035150,5034722,428
355639401,137.011,134.288,433,20552,0.0627965,0.05,1,5035356,5034923,433
355642321,102.804,60.9151,501,20655,0.0671186,0.03,1,5035436,5034935,501
355645241,60.9217,71.7661,455,20758,0.0808474,0.05,1,5035469,5035014,455
355659841,132.738,137.011,422,21264,0.277068,0.07,1,5035778,5035356,422
355680281,135.475,132.738,436,21952,0.447164,0.33,1,5036214,5035778,436
355705101,76.5849,102.484,449,22807,0.760886,0.59,2,5036748,5036299,449
355708021,51.6339,61.9936,449,22900,0.766354,0.57,2,5036783,5036334,449
355710941,53.6536,57.1974,450,22993,0.756542,0.63,2,5036838,5036388,450
355713861,34.0614,34.879,451,23085,0.764617,0.63,2,5036859,5036408,451
355716781,14.8246,15.1516,451,23177,0.767847,0.67,2,5036861,5036410,451
355719701,30.5298,28.8606,454,23268,0.757139,0.73,2,5036902,5036448,454
355722621,141.212,132.144,468,23359,0.752855,0.73,2,5037117,5036649,468
355725541,109.885,59.4577,546,23450,0.775142,0.79,2,5037206,5036660,546
355728461,64.3539,76.5831,492,23540,0.820057,0.77,2,5037240,5036748,492
355731381,59.3416,51.6332,513,23630,0.838023,0.75,2,5037296,5036783,513
355734301,35.7366,53.6533,478,23720,0.845209,0.77,2,5037316,5036838,478
355737221,15.4946,34.0613,459,23809,0.848084,0.77,2,5037318,5036859,459
355740141,31.3979,14.8245,499,23898,0.849233,0.75,2,5037360,5036861,499
355821901,62.2477,51.2161,538,26348,0.882832,1,2,5039181,5038643,538
355824821,45.2991,58.2865,509,26428,0.839133,1,2,5039215,5038706,509
355827741,37.3196,38.3146,516,26508,0.797653,1,2,5039247,5038731,516
355836501,67.2605,117.052,511,26747,0.41369,0.98,1,5039472,5038961,511
355842341,47.3617,74.0483,499,26905,0.25219,0.94,1,5039575,5039076,499
355845261,20.1447,50.6193,466,26984,0.214876,0.83,1,5039577,5039111,466
355851101,39.5831,45.2991,464,27140,0.0763802,0.77,1,5039679,5039215,464
355854021,33.2333,37.3196,461,27218,0.0605521,0.69,1,5039708,5039247,461
355856941,28.8933,31.1279,460,27296,0.0422208,0.41,1,5039734,5039274,460
355859861,94.3573,106.651,441,27374,0.0588883,0.33,1,5039872,5039431,441
355880301,32.0724,33.2333,422,27911,0.23948,0.03,1,5040130,5039708,422
355883221,29.0289,28.8933,423,27987,0.209792,0.07,1,5040157,5039734,423
355886141,94.4116,94.3573,423,28063,0.221917,0.15,1,5040295,5039872,423
355889061,62.9646,60.5429,427,28138,0.250767,0.11,1,5040337,5039910,427
355891981,65.3859,63.8172,428,28213,0.286307,0.17,1,5040404,5039976,428
355894901,42.9543,42.3269,428,28288,0.288523,0.17,1,5040432,5040004,428
355912421,94.4506,28.7505,568,28734,0.421913,0.23,1,5040725,5040157,568
355915341,64.1803,94.3002,474,28808,0.438765,0.27,1,5040769,5040295,474
355918261,67.0721,62.9201,501,28881,0.433506,0.31,1,5040838,5040337,501
355921181,45.4288,65.368,465,28954,0.419402,0.29,1,5040869,5040404,465
355924101,19.3715,42.9472,439,29027,0.413761,0.33,1,5040871,5040432,439
355927021,44.3486,18.3789,498,29100,0.423504,0.35,1,5040932,5040434,498
355929941,40.5394,43.3516,476,29173,0.439402,0.37,1,5040970,5040494,476
355970821,64.8124,65.0218,448,30172,0.793292,0.59,2,5041660,5041212,448
355973741,68.525,66.8087,451,30242,0.803317,0.61,2,5041731,5041280,451
355976661,46.61,44.7235,453,30312,0.807327,0.61,2,5041763,5041310,453
355979581,19.844,19.0894,453,30382,0.808931,0.67,2,5041765,5041312,453
355982501,46.9376,44.8358,456,30452,0.821572,0.73,2,5041830,5041374,456
355985421,43.375,41.3343,458,30521,0.838629,0.73,2,5041871,5041413,458
355988341,18.55,17.7337,458,30590,0.821452,0.75,2,5041873,5041415,458
355991261,26.62,25.6935,459,30659,0.850581,0.71,2,5041905,5041446,459
355994181,26.248,27.0774,457,30728,0.886232,0.75,2,5041931,5041474,457
356303701,37.8738,34.9437,522,37323,0.84664,1,2,5046612,5046090,522
356306621,35.5495,34.9775,521,37380,0.848656,1,2,5046646,5046125,521
356309541,35.8198,35.591,521,37437,0.765462,1,2,5046682,5046161,521
356324141,56.9367,43.2419,543,37717,0.449256,1,1,5046890,5046347,543
356327061,55.7747,62.8968,522,37773,0.293702,1,1,5046945,5046423,522
356332901,33.284,40.9035,498,37885,0.0913924,0.99,1,5047003,5046505,498
356335821,33.1136,34.9614,500,37941,0.0545569,0.89,1,5047036,5046536,500
356338741,34.2454,36.1846,498,37997,0.0278228,0.79,1,5047071,5046573,498
356341661,32.8982,37.8738,491,38053,0.0171291,0.85,1,5047103,5046612,491
356344581,32.9593,35.5495,490,38109,0.0248516,0.71,1,5047136,5046646,490
356347501,30.5837,35.8198,483,38164,0.0519407,0.61,1,5047165,5046682,483
356350421,28.4335,33.5279,478,38219,0.0507763,0.67,1,5047192,5046714,478
356353341,26.3734,32.0112,472,38274,0.0863105,0.57,1,5047217,5046745,472
356356261,39.9494,29.6045,493,38329,0.0525242,0.49,1,5047266,5046773,493
356359181,50.7797,41.8418,501,38384,0.0630097,0.39,1,5047324,5046823,501
356362101,50.3119,56.9367,484,38439,0.0912039,0.19,1,5047374,5046890,484
356385461,30.5288,30.5837,425,38877,0.0619778,0.05,1,5047590,5047165,425
356408821,30.5466,31.3,430,39309,0.202647,0.17,1,5047888,5047458,430
356411741,13.4186,13.72,430,39363,0.207059,0.17,1,5047890,5047460,430
356414661,24.5675,25.888,428,39417,0.244823,0.17,1,5047922,5047494,428
356417581,29.027,29.5552,428,39471,0.259929,0.07,1,5047954,5047526,428
356420501,29.6108,32.8221,423,39525,0.277972,0.03,1,5047984,5047561,423
356423421,29.2443,30.5288,423,39578,0.297189,0.13,1,5048013,5047590,423
356426341,30.2977,28.4115,427,39631,0.292875,0.13,1,5048044,5047617,427
356429261,25.3191,25.1646,426,39684,0.27915,0.13,1,5048066,5047640,426
356432181,41.3276,40.0658,428,39737,0.27366,0.15,1,5048118,5047690,428
356440941,37.973,37.9162,430,39896,0.402234,0.19,1,5048261,5047831,430
356443861,31.9892,31.3665,431,39949,0.418894,0.21,1,5048289,5047858,431
356446781,31.3957,30.5466,432,40002,0.425557,0.21,1,5048320,5047888,432
356522701,31.9852,33.4112,476,41352,0.774479,0.49,2,5049208,5048732,476
356525621,13.9941,31.3645,448,41403,0.771792,0.49,2,5049210,5048762,448
356528541,24.7976,13.7458,478,41454,0.794717,0.47,2,5049242,5048764,478
356531461,30.9191,25.8983,479,41505,0.827887,0.47,2,5049277,5048798,479
356534381,13.5676,30.7593,447,41556,0.841155,0.51,2,5049279,5048832,447
356537301,24.027,30.3037,448,41607,0.858462,0.55,2,5049310,5048862,448
356540221,28.2108,30.1215,449,41658,0.853385,0.55,2,5049341,5048892,449
356543141,29.2843,30.0486,449,41709,0.851354,0.57,2,5049371,5048922,449
356546061,26.1137,25.8194,450,41760,0.874542,0.59,2,5049395,5048945,450
356548981,42.8455,41.5278,452,41811,0.871817,0.69,2,5049449,5048997,452
356551901,60.3382,58.6111,454,41861,0.894727,0.67,2,5049521,5049067,454
356712501,332.519,361.615,471,20440,0.826,1,2,5051330,5050859,471
356741701,72.4439,75.0191,450,21455,0.779966,0.63,2,5052077,5051627,450
356744621,60.7776,61.2076,451,21554,0.797986,0.61,2,5052130,5051679,451
356747541,65.711,64.0831,454,21652,0.817195,0.65,2,5052199,5051745,454
356750461,32.2844,31.6332,454,21750,0.848878,0.67,2,5052209,5051755,454
356753381,32.1138,31.2533,455,21848,0.897551,0.75,2,5052241,5051786,455
356759221,91.6582,91.0405,457,22042,0.884008,0.81,2,5052474,5052017,457
356762141,75.0633,72.4162,461,22138,0.887603,0.81,2,5052538,5052077,461
356840981,97.7639,96.3133,487,24591,0.89824,1,2,5054275,5053788,487
356849741,45.2089,54.7881,483,24849,0.432127,1,1,5054446,5053963,483
356861421,27.4517,26.9098,487,25188,0.0834945,0.84,1,5054617,5054130,487
356864341,82.9807,97.7639,462,25272,0.0633978,0.49,1,5054737,5054275,462
356867261,84.1923,100.306,445,25356,0.0313591,0.39,1,5054822,5054377,445
356870181,52.8769,60.5222,443,25440,0.0665436,0.39,1,5054854,5054411,443
356873101,36.7508,24.2089,469,25523,0.0446175,0.39,1,5054880,5054411,469
356876021,47.1003,30.6836,488,25606,0.035847,0.23,1,5054934,5054446,488
356878941,56.0401,45.8734,494,25689,0.0803388,0.05,1,5054996,5054502,494
356881861,38.616,59.7494,452,25771,0.0741355,0.07,1,5055023,5054571,452
356884781,26.8464,40.6997,443,25853,0.0356542,0.07,1,5055042,5054599,443
356887701,80.3386,27.0799,541,25935,0.0322617,0.05,1,5055158,5054617,541
356890621,83.7354,82.832,507,26017,0.0669047,0.01,1,5055244,5054737,507
356893541,52.0942,84.1328,453,26098,0.0927619,0.09,1,5055275,5054822,453
356925661,19.9582,47.2151,427,26977,0.204649,0.17,1,5055783,5055356,427
356931501,34.8733,37.9144,431,27134,0.204344,0.19,1,5055876,5055445,431
356937341,77.5797,80.2263,425,27290,0.216295,0.15,1,5056005,5055580,425
356940261,86.8319,85.4905,429,27368,0.284518,0.17,1,5056098,5055669,429
356943181,56.3328,54.5962,431,27445,0.287807,0.19,1,5056134,5055703,431
356946101,36.9331,36.2385,431,27522,0.289123,0.21,1,5056158,5055727,431
356949021,47.7732,46.8954,432,27599,0.253649,0.21,1,5056213,5055781,432
356951941,20.3093,19.9582,432,27676,0.26346,0.19,1,5056215,5055783,432
356954861,46.5237,48.1833,429,27753,0.279384,0.21,1,5056279,5055850,429
356957781,34.8095,34.8733,430,27829,0.285754,0.19,1,5056306,5055876,430
356969461,56.1967,56.3328,434,28132,0.413059,0.29,1,5056568,5056134,434
356972381,36.8787,36.9331,434,28207,0.423224,0.23,1,5056592,5056158,434
357016181,84.5865,23.5077,570,29313,0.773503,0.57,2,5057325,5056755,570
357019101,92.6346,82.0031,547,29385,0.807401,0.59,2,5057423,5056876,547
357022021,58.6538,91.0012,486,29457,0.83296,0.61,2,5057459,5056973,486
357024941,39.6615,57.4005,478,29529,0.855184,0.61,2,5057486,5057008,478
357162181,61.9349,21.0667,575,32729,0.883504,1,2,5059668,5059093,575
357165101,42.174,70.8267,500,32794,0.803402,1,2,5059697,5059197,500
357176781,46.6605,50.5668,480,33050,0.430343,1,1,5059906,5059426,480
357194301,52.3873,61.9349,459,33433,0.279066,0.75,1,5060127,5059668,459
357197221,37.1549,42.174,457,33496,0.249627,0.59,1,5060154,5059697,457
357205981,31.4659,32.6511,445,33685,0.0973361,0.39,1,5060295,5059850,445
357223501,20.4736,21.4682,437,34060,0.240547,0.23,1,5060491,5060054,437
357226421,48.3894,52.3873,431,34122,0.258219,0.23,1,5060558,5060127,431
357229341,34.3558,37.1549,429,34184,0.265287,0.11,1,5060583,5060154,429
357232261,59.3423,61.662,427,34246,0.292115,0.11,1,5060659,5060232,427
357258541,49.0924,20.4493,499,34798,0.421222,0.27,1,5060990,5060491,499
357311101,41.5304,42.8643,452,35876,0.760358,0.59,2,5061706,5061254,452
357314021,40.6122,41.7457,451,35935,0.778143,0.61,2,5061746,5061295,451
357316941,35.4449,35.2983,452,35994,0.809257,0.61,2,5061778,5061326,452
357319861,23.7779,23.7193,452,36053,0.797703,0.59,2,5061794,5061342,452
357322781,22.7112,22.0877,453,36112,0.793081,0.65,2,5061816,5061363,453
357325701,51.6845,50.8351,454,36171,0.815232,0.65,2,5061887,5061433,454
357328621,38.0738,37.134,455,36229,0.848093,0.73,2,5061916,5061461,455
357331541,65.6295,63.4536,458,36287,0.849237,0.73,2,5062000,5061542,458
357334461,53.2518,51.7814,459,36345,0.861695,0.73,2,5062045,5061586,459
357337381,22.5007,21.9126,459,36403,0.866678,0.75,2,5062047,5061588,459
357340301,19.8003,19.565,459,36461,0.868671,0.75,2,5062065,5061606,459
357343221,42.7201,43.826,457,36519,0.893468,0.77,2,5062123,5061666,457
357512581,54.9548,54.2068,507,39736,0.895312,1,2,5064383,5063876,507
357515501,45.9819,64.2827,476,39789,0.820125,1,2,5064423,5063947,476
357518421,43.5928,47.9131,481,39842,0.76605,1,2,5064465,5063984,481
357535941,25.871,14.6777,506,40160,0.278395,1,1,5064648,5064142,506
357541781,33.8994,34.1484,505,40266,0.0793431,0.93,1,5064721,5064216,505
357544701,30.9597,32.2594,503,40318,0.0617373,1,1,5064750,5064247,503
357547621,35.1839,30.9037,511,40370,0.0786949,1,1,5064788,5064277,511
357550541,48.8736,35.1615,531,40422,0.073478,0.83,1,5064846,5064315,531
357553461,41.1494,54.8646,499,40474,0.0593912,0.77,1,5064882,5064383,499
357556381,36.8598,45.9458,493,40526,0.0897565,0.73,1,5064916,5064423,493
357559301,33.9439,43.5783,483,40578,0.0779026,0.59,1,5064948,5064465,483
357617701,25.5005,28.7572,432,41606,0.21252,0.17,1,5065544,5065112,432
357620621,27.0002,29.5029,430,41657,0.223008,0.05,1,5065572,5065142,430
357623541,25.8001,29.8012,425,41708,0.215203,0.13,1,5065597,5065172,425
357626461,36.12,35.3205,429,41759,0.212081,0.17,1,5065640,5065211,429
357629381,49.248,48.3282,430,41810,0.270833,0.11,1,5065698,5065268,430
357632301,41.2992,42.7313,427,41860,0.294333,0.09,1,5065734,5065307,427
357646901,27.6984,27.114,430,42110,0.401923,0.17,1,5065892,5065462,430
357649821,27.2794,26.4456,431,42160,0.406769,0.19,1,5065919,5065488,431
357664421,25.8086,25.8001,431,42410,0.400713,0.21,1,5066028,5065597,431
357676101,36.4783,35.7197,438,42610,0.401986,0.35,1,5066204,5065766,438
357679021,35.5913,35.2879,438,42660,0.418794,0.35,1,5066239,5065801,438
357681941,36.4365,35.1151,440,42709,0.437518,0.37,1,5066276,5065836,440
357749101,36.73,25.2043,491,43830,0.758163,0.53,2,5066958,5066467,491
357752021,53.092,36.4817,511,43878,0.789265,0.57,2,5067022,5066511,511
357754941,44.6368,51.1927,489,43926,0.801706,0.63,2,5067061,5066572,489
357757861,37.6547,43.8771,483,43974,0.794682,0.57,2,5067094,5066611,483
357760781,38.4619,37.3508,489,44022,0.803873,0.61,2,5067133,5066644,489
357763701,38.1848,37.1403,490,44070,0.831549,0.65,2,5067171,5066681,490
357766621,36.8739,36.4561,490,44118,0.84262,0.67,2,5067207,5066717,490
357769541,30.3496,36.1825,480,44166,0.895048,0.67,2,5067233,5066753,480
357772461,27.7398,29.473,481,44214,0.892019,0.69,2,5067259,5066778,481
358076141,60.0726,37.9834,491,22569,0.400288,0.29,1,5070816,5070325,491
358079061,71.429,60.7934,494,22663,0.430115,0.27,1,5070895,5070401,494
358117021,63.1521,33.2478,529,23851,0.770769,0.57,2,5071708,5071179,529
358119941,75.0608,61.2991,532,23940,0.818308,0.65,2,5071791,5071259,532
358122861,31.2243,71.9196,455,24029,0.837323,0.65,2,5071793,5071338,455
358125781,41.2897,58.1679,454,24117,0.868929,0.63,2,5071841,5071387,454
358128701,65.7159,73.0671,453,24205,0.893572,0.67,2,5071923,5071470,453
358236741,50.4946,54.431,486,27258,0.88,1,2,5074053,5073567,486
358239661,66.9978,76.3724,473,27336,0.79,1,2,5074131,5073658,473
358254261,59.3805,67.1027,491,27721,0.261098,1,1,5074404,5073913,491
358265941,59.7441,66.9978,461,28025,0.0597241,0.65,1,5074592,5074131,461
358274701,51.7036,56.1279,440,28251,0.0727023,0.35,1,5074739,5074299,440
358277621,41.0814,43.4511,439,28326,0.0350809,0.17,1,5074773,5074334,439
358280541,53.0326,59.3805,430,28401,0.0920324,0.17,1,5074834,5074404,430
358283461,40.413,23.7522,462,28476,0.090813,0.15,1,5074866,5074404,462
358295141,59.441,58.8321,481,28772,0.0466288,0.13,1,5075073,5074592,481
358298061,43.5764,56.5328,459,28846,0.0966515,0.11,1,5075106,5074647,459
358300981,51.0306,43.6131,480,28919,0.0926606,0.05,1,5075162,5074682,480
358303901,39.6122,51.6453,455,28992,0.0910642,0.01,1,5075194,5074739,455
358306821,56.0449,41.0581,488,29065,0.0904257,0.13,1,5075261,5074773,488
358309741,40.418,53.0232,457,29138,0.0901703,0.09,1,5075291,5074834,457
358327261,51.3508,43.5764,481,29571,0.24905,0.09,1,5075587,5075106,481
358330181,39.7403,51.0305,457,29643,0.28562,0.09,1,5075619,5075162,457
358356461,55.8401,51.3508,437,30279,0.413312,0.31,1,5076024,5075587,437
358359381,42.136,39.7403,438,30349,0.435325,0.37,1,5076057,5075619,438
358394421,42.0069,41.3018,446,31175,0.753534,0.49,2,5076602,5076156,446
358397341,18.0028,17.7207,446,31243,0.763414,0.49,2,5076604,5076158,446
358400261,27.6011,27.4883,446,31311,0.803365,0.49,2,5076638,5076192,446
358403181,38.6404,10.9953,492,31379,0.795346,0.53,2,5076684,5076192,492
358406101,56.2562,31.3981,515,31446,0.804138,0.55,2,5076752,5076237,515
358409021,60.3025,52.7593,511,31513,0.843655,0.59,2,5076815,5076304,511
358411941,45.121,58.3037,484,31580,0.847462,0.57,2,5076850,5076366,484
358414861,61.2484,43.7215,522,31647,0.848985,0.65,2,5076922,5076400,522
358417781,45.4994,57.6886,490,31714,0.837594,0.75,2,5076957,5076467,490
358420701,61.9997,43.4754,529,31781,0.833038,0.75,2,5077030,5076501,529
358423621,43.9999,59.9902,490,31848,0.867215,0.77,2,5077062,5076572,490
358426541,18.8,41.9961,462,31914,0.880886,0.77,2,5077064,5076602,462
358429461,27.92,17.9984,494,31980,0.886354,0.83,2,5077098,5076604,494
358438221,62.3629,56.2559,527,32178,0.898407,0.87,2,5077279,5076752,527
358575461,44.3528,44.2994,515,35133,0.88024,1,2,5079310,5078795,515
358584221,52.7346,52.0352,523,35313,0.414655,1,1,5079478,5078955,523
358590061,36.8775,38.6856,515,35433,0.288345,1,1,5079544,5079029,515
358604661,16.6016,38.7049,478,35730,0.0845623,0.94,1,5079704,5079226,478
358607581,21.6407,35.882,469,35789,0.0758249,0.85,1,5079729,5079260,469
358610501,32.0563,44.3528,458,35848,0.06033,0.57,1,5079768,5079310,458
358613421,53.6225,63.3411,450,35907,0.042132,0.49,1,5079836,5079386,450
358616341,40.649,46.3364,447,35966,0.0228528,0.31,1,5079868,5079421,447
358619261,44.4596,52.7346,437,36025,0.0151411,0.25,1,5079915,5079478,437
358622181,33.9838,39.6938,433,36084,0.0720564,0.27,1,5079942,5079509,433
358633861,32.0556,31.7602,425,36317,0.0694766,0.09,1,5080087,5079662,425
358636781,35.0222,35.5041,424,36375,0.0457907,0.07,1,5080124,5079700,424
358639701,16.4089,16.6016,424,36433,0.0603163,0.07,1,5080128,5079704,424
358642621,20.9636,21.6407,423,36491,0.0661265,0.05,1,5080152,5079729,423
358665981,35.4819,36.639,425,36952,0.219094,0.03,1,5080483,5080058,425
358668901,31.5927,32.0556,425,37009,0.225638,0.03,1,5080512,5080087,425
358671821,35.4371,35.0222,426,37066,0.228255,0.07,1,5080550,5080124,426
358674741,16.5748,16.4089,426,37123,0.229302,0.07,1,5080554,5080128,426
358677661,20.4299,20.9636,425,37180,0.241721,0.07,1,5080577,5080152,425
358680581,32.772,8.38542,466,37237,0.270688,0.19,1,5080618,5080152,466
358695181,33.8588,36.7751,459,37520,0.428196,0.21,1,5080828,5080369,459
358701021,36.8574,46.684,459,37632,0.439311,0.25,1,5080914,5080455,459
358703941,32.143,35.4736,460,37688,0.445725,0.23,1,5080943,5080483,460
358706861,36.2572,31.5894,470,37744,0.43629,0.23,1,5080982,5080512,470
358709781,16.9029,35.4358,436,37800,0.432516,0.23,1,5080986,5080550,436
358712701,21.7611,16.5743,457,37856,0.443006,0.25,1,5081011,5080554,457
358715621,34.5045,20.4297,477,37912,0.435203,0.29,1,5081054,5080577,477
358800301,44.4589,45.2552,455,39497,0.776308,0.71,2,5082107,5081652,455
358803221,38.1836,38.5021,455,39550,0.808523,0.67,2,5082141,5081686,455
358806141,35.6734,37.0008,453,39603,0.809409,0.67,2,5082175,5081722,453
358809061,48.4694,49.0003,453,39656,0.857764,0.65,2,5082232,5081779,453
359191581,35.475,41.8579,520,46105,0.899344,1,2,5086703,5086183,520
359194501,29.79,35.9431,514,46151,0.845738,1,2,5086729,5086215,514
359197421,33.516,31.7773,521,46197,0.812295,1,2,5086765,5086244,521
359200341,32.6064,33.7109,518,46243,0.750918,1,2,5086797,5086279,518
359212021,41.4907,37.7126,535,46426,0.435912,1,1,5086946,5086411,535
359214941,28.5963,42.085,510,46471,0.408365,1,1,5086966,5086456,510
359232461,31.2478,29.7185,504,46741,0.296506,0.99,1,5087133,5086629,504
359238301,24.6797,35.475,482,46831,0.295841,0.81,1,5087185,5086703,482
359241221,29.6719,29.79,489,46876,0.292336,0.79,1,5087218,5086729,489
359244141,28.6687,33.516,481,46921,0.266935,0.71,1,5087246,5086765,481
359247061,33.0675,32.6064,485,46966,0.268774,0.57,1,5087282,5086797,485
359249981,28.227,34.0426,475,47011,0.28151,0.45,1,5087307,5086832,475
359252901,32.2908,32.817,478,47056,0.274604,0.49,1,5087342,5086864,478
359267501,21.9297,35.0554,452,47281,0.416428,0.35,1,5087488,5087036,452
359270421,16.5719,23.6222,449,47326,0.412571,0.33,1,5087501,5087052,449
359279181,23.3086,31.2478,434,47459,0.423605,0.31,1,5087567,5087133,434
359282101,30.9234,31.6991,438,47503,0.415442,0.29,1,5087603,5087165,438
359285021,23.1694,24.6797,436,47547,0.436177,0.29,1,5087621,5087185,436
359290861,27.8271,28.6687,435,47635,0.428588,0.27,1,5087681,5087246,435
359349261,41.9338,41.4788,445,48514,0.756147,0.49,2,5088270,5087825,445
359352181,27.5735,26.7915,446,48557,0.776459,0.51,2,5088288,5087842,446
359355101,32.0294,31.7166,446,48600,0.832584,0.53,2,5088323,5087877,446
359358021,36.8118,36.6866,446,48643,0.831033,0.49,2,5088363,5087917,446
359360941,21.9247,21.8747,446,48686,0.830413,0.49,2,5088375,5087929,446
359363861,17.1699,17.1499,446,48729,0.830165,0.49,2,5088389,5087943,446
359366781,24.868,24.8599,446,48772,0.854066,0.53,2,5088419,5087973,446
359369701,11.1472,11.144,446,48815,0.839626,0.51,2,5088421,5087975,446
359372621,25.4589,24.8576,447,48858,0.821851,0.51,2,5088456,5088009,447
359375541,33.5835,9.94304,486,48901,0.81474,0.57,2,5088495,5088009,486
359378461,25.4334,25.5772,470,48944,0.847896,0.59,2,5088515,5088045,470
359381381,29.3734,22.2309,482,48987,0.849158,0.65,2,5088547,5088065,482
359384301,30.3493,26.8924,483,49030,0.861663,0.65,2,5088578,5088095,483
359387221,36.1397,28.1569,494,49073,0.878665,0.71,2,5088618,5088124,494
359390141,28.8559,34.0628,480,49116,0.897466,0.71,2,5088642,5088162,480
359619361,158.712,171.248,476,24178,0.4228,1,1,5090953,5090477,476
359625201,68.8339,80.4397,490,24353,0.088048,0.97,1,5091065,5090575,490
359628121,92.3335,73.5759,529,24440,0.0412192,0.89,1,5091173,5090644,529
359631041,71.7334,84.0303,496,24527,0.0224877,0.77,1,5091231,5090735,496
359633961,84.4934,78.6121,514,24613,0.0509951,0.53,1,5091324,5090810,514
359636881,40.3973,78.2449,447,24699,0.074398,0.49,1,5091335,5090888,447
359639801,26.9589,36.6979,456,24785,0.0357592,0.29,1,5091353,5090897,456
359645641,46.5534,58.9117,423,24956,0.0933215,0.03,1,5091442,5091019,423
359648561,46.2214,51.1647,423,25041,0.0373286,0.01,1,5091488,5091065,423
359651481,83.2886,85.2659,423,25126,0.0209314,0.01,1,5091596,5091173,423
359654401,67.5154,68.9063,422,25210,0.0143726,0.07,1,5091653,5091231,422
359657321,84.6062,83.3625,425,25294,0.047749,0.09,1,5091749,5091324,425
359660241,39.8425,39.945,424,25378,0.0370996,0.01,1,5091759,5091335,424
359663161,25.537,26.778,422,25461,0.0568398,0.01,1,5091775,5091353,422
359666081,32.4148,10.7112,459,25544,0.0527359,0.19,1,5091812,5091353,459
359669001,44.1659,22.8845,480,25627,0.0630944,0.07,1,5091864,5091384,480
359671921,44.6664,43.9538,467,25710,0.0312377,0,1,5091909,5091442,467
359674841,82.6665,45.1815,529,25792,0.0304951,0.01,1,5092017,5091488,529
359677761,67.8666,82.8726,479,25874,0.066198,0.01,1,5092075,5091596,479
359680681,84.7466,67.349,518,25956,0.0804792,0.07,1,5092171,5091653,518
359683601,39.8987,84.5396,432,26038,0.0861917,0.03,1,5092181,5091749,432
359686521,25.5595,39.8158,438,26119,0.0884767,0.07,1,5092197,5091759,438
359695281,44.4038,44.1642,468,26362,0.0721425,0.01,1,5092332,5091864,468
359698201,81.9615,44.6657,530,26442,0.058857,0.03,1,5092439,5091909,530
359701121,69.3846,82.6663,483,26522,0.0415428,0.09,1,5092500,5092017,483
359704041,85.3538,67.8665,521,26602,0.0826171,0.09,1,5092596,5092075,521
359721561,37.8587,44.4038,423,27076,0.227265,0.05,1,5092755,5092332,423
359727401,68.5774,69.3846,424,27232,0.0879624,0.11,1,5092924,5092500,424
359730321,87.431,85.3538,428,27310,0.077185,0.13,1,5093024,5092596,428
359733241,41.5724,40.1415,429,27388,0.060874,0.15,1,5093035,5092606,429
359736161,28.629,26.8566,431,27465,0.0543496,0.21,1,5093055,5092624,431
359739081,34.8516,33.5426,432,27542,0.0877398,0.21,1,5093094,5092662,432
359750761,75.177,79.9435,424,27848,0.20543,0.05,1,5093287,5092863,424
359753681,65.4708,68.5774,422,27924,0.232172,0.07,1,5093346,5092924,422
359756601,86.7883,87.431,423,28000,0.278869,0.05,1,5093447,5093024,423
359759521,41.9153,41.5724,424,28076,0.273548,0.05,1,5093459,5093035,424
359782881,89.0216,64.0171,535,28673,0.425176,0.31,1,5093881,5093346,535
359835441,50.1395,67.5324,453,29974,0.759381,0.59,2,5094669,5094216,453
359838361,86.0558,93.0129,453,30045,0.813752,0.63,2,5094779,5094326,453
359841281,41.6223,44.4052,453,30115,0.835501,0.63,2,5094791,5094338,453
359844201,29.8489,30.9621,453,30185,0.8202,0.63,2,5094813,5094360,453
359847121,37.1396,36.9848,454,30255,0.85008,0.63,2,5094855,5094401,454
359850041,16.0558,15.9939,454,30325,0.874032,0.71,2,5094857,5094403,454
359852961,43.0223,41.1976,457,30395,0.883613,0.73,2,5094918,5094461,457
359855881,43.6089,41.679,459,30465,0.875445,0.75,2,5094962,5094503,459
359987281,82.5756,82.0676,492,33446,0.779536,1,2,5097144,5096652,492
360016481,37.6596,38.439,466,34073,0.43341,0.69,1,5097498,5097032,466
360025241,30.0822,34.3321,447,34259,0.290058,0.61,1,5097646,5097199,447
360028161,32.4329,13.7328,481,34321,0.266023,0.71,1,5097680,5097199,481
360031081,29.1732,24.6931,476,34383,0.292409,0.59,1,5097707,5097231,476
360034001,21.2693,25.4773,466,34444,0.278964,0.55,1,5097723,5097257,466
360036921,23.5077,22.1909,471,34505,0.285585,0.57,1,5097748,5097277,471
360039841,31.6031,22.6764,485,34566,0.252234,0.41,1,5097785,5097300,485
360051521,68.033,37.6461,529,34810,0.446185,0.27,1,5098027,5097498,529
360124521,30.3862,29.3956,452,36298,0.759051,0.61,2,5098976,5098524,452
360127441,33.7545,33.3582,452,36356,0.777621,0.61,2,5099012,5098560,452
360130361,14.7018,14.5433,452,36414,0.785048,0.65,2,5099014,5098562,452
360133281,21.4807,21.4173,452,36472,0.788019,0.67,2,5099040,5098588,452
360136201,18.7923,18.1669,453,36530,0.789208,0.67,2,5099057,5098604,453
360139121,24.9169,24.0668,454,36588,0.801683,0.67,2,5099086,5098632,454
360142041,30.3668,30.6267,453,36646,0.830673,0.65,2,5099120,5098667,453
360144961,69.7467,68.6507,455,36704,0.866269,0.67,2,5099216,5098761,455
360147881,45.8987,45.4603,455,36762,0.880508,0.73,2,5099246,5098791,455
360350821,58.3232,88.2866,520,20016,0.862,1,2,5102914,5102394,520
360353741,47.3293,71.3147,500,20122,0.8308,1,2,5102954,5102454,500
360365421,94.778,106.499,558,20540,0.2785,0.85,1,5103348,5102790,558
360368341,55.3112,97.7997,495,20643,0.2734,0.83,1,5103377,5102882,495
360371261,42.5245,58.3199,497,20746,0.27136,0.81,1,5103411,5102914,497
360374181,57.2098,47.328,524,20848,0.282544,0.63,1,5103478,5102954,524
360377101,88.2839,61.5312,562,20950,0.299018,0.29,1,5103587,5103025,562
360420901,105.258,103.012,455,22420,0.773895,0.71,2,5104594,5104139,455
360423821,43.3032,42.405,455,22515,0.807558,0.71,2,5104596,5104141,455
360426741,68.3213,16.962,540,22609,0.833023,0.69,2,5104681,5104141,540
360429661,45.3285,58.9848,483,22703,0.867209,0.67,2,5104711,5104228,483
360432581,38.5314,42.1939,486,22796,0.880884,0.67,2,5104745,5104259,486
360435501,59.8126,37.2776,526,22889,0.898354,0.65,2,5104819,5104293,526
360523101,31.7976,15.4911,518,25520,0.862864,1,2,5106680,5106162,518
360526021,36.719,25.9964,525,25603,0.855146,1,2,5106720,5106195,525
360528941,87.2876,44.5986,589,25686,0.816058,1,2,5106841,5106252,589
360531861,109.915,92.2394,590,25768,0.788423,1,2,5106966,5106376,590
360555221,106.429,87.2866,579,26418,0.793565,0.77,2,5107420,5106841,579
360558141,68.9715,109.915,498,26498,0.791426,0.65,2,5107464,5106966,498
360561061,56.3886,69.1659,504,26578,0.82657,0.65,2,5107512,5107008,504
360563981,42.3554,58.2663,486,26658,0.864628,0.63,2,5107545,5107059,486
360566901,30.7422,43.7065,475,26737,0.879851,0.63,2,5107568,5107093,475
360569821,29.6969,30.6826,482,26816,0.897941,0.61,2,5107597,5107115,482
360718741,57.2995,56.5112,496,30584,0.802,1,2,5110287,5109791,496
360733341,36.7154,35.7195,487,30929,0.0703533,1,1,5110508,5110021,487
360736261,37.4862,35.8878,489,30997,0.0461413,1,1,5110546,5110057,489
360739181,35.9945,36.5551,487,31065,0.0844565,1,1,5110581,5110094,487
360742101,30.5978,35.622,479,31133,0.0757826,0.85,1,5110608,5110129,479
360745021,73.4391,86.2488,461,31201,0.048313,0.73,1,5110710,5110249,461
360747941,50.3756,57.2995,458,31269,0.0493252,0.53,1,5110745,5110287,458
360750861,42.9503,49.3198,452,31337,0.0497301,0.53,1,5110783,5110331,452
360753781,44.1801,19.7279,497,31405,0.037892,0.45,1,5110828,5110331,497
360756701,38.072,42.0912,474,31472,0.0571568,0.17,1,5110862,5110388,474
360759621,37.4288,43.2365,467,31539,0.0888627,0.01,1,5110899,5110432,467
360762541,32.9715,44.8946,451,31606,0.0655451,0.03,1,5110929,5110478,451
360765461,35.9886,35.9578,459,31673,0.068218,0.03,1,5110967,5110508,459
360768381,35.9954,37.1831,457,31740,0.0332872,0.11,1,5111003,5110546,457
360771301,34.1982,35.8733,455,31807,0.0133149,0.07,1,5111036,5110581,455
360774221,70.6793,30.5493,523,31874,0.011326,0.03,1,5111131,5110608,523
360777141,50.4717,73.4197,458,31940,0.0705304,0.05,1,5111168,5110710,458
360780061,41.7887,50.3679,459,32006,0.0462122,0.05,1,5111204,5110745,459
360782981,44.3155,42.9472,467,32072,0.0604849,0.03,1,5111250,5110783,467
360785901,39.3262,44.1789,458,32138,0.0661939,0.07,1,5111286,5110828,458
360788821,37.9305,38.0715,461,32204,0.0564776,0.11,1,5111323,5110862,461
360791741,31.3722,37.4286,451,32270,0.088591,0.05,1,5111350,5110899,451
360794661,35.9489,32.9714,460,32336,0.0774364,0.07,1,5111389,5110929,460
360797581,35.9796,35.9886,458,32401,0.0369746,0.01,1,5111425,5110967,458
360800501,34.7918,35.9954,456,32466,0.0207898,0,1,5111459,5111003,456
360803421,70.3167,34.1982,517,32531,0.0503159,0.01,1,5111553,5111036,517
360806341,52.7267,70.6793,463,32596,0.0861264,0.11,1,5111594,5111131,463
360820941,33.0897,37.9305,424,32920,0.204872,0.11,1,5111747,5111323,424
360823861,31.8359,31.3722,428,32984,0.207949,0.07,1,5111778,5111350,428
360858901,34.9245,34.3343,431,33746,0.208784,0.17,1,5112245,5111814,431
360861821,32.5698,34.7337,427,33809,0.209514,0.09,1,5112276,5111849,427
360864741,32.8279,33.6935,427,33872,0.221805,0.13,1,5112309,5111882,427
360867661,71.3312,71.0774,428,33934,0.250722,0.15,1,5112406,5111978,428
360870581,54.3325,54.831,427,33996,0.274289,0.15,1,5112449,5112022,427
360873501,42.133,41.1324,429,34058,0.271716,0.17,1,5112483,5112054,429
360876421,46.2532,45.253,430,34120,0.294686,0.17,1,5112532,5112102,430
360908541,47.6997,42.1215,485,34796,0.417827,0.31,1,5112968,5112483,485
360911461,20.2799,46.2486,438,34857,0.425131,0.31,1,5112970,5112532,438
360914381,30.3119,19.6994,473,34918,0.440052,0.33,1,5113007,5112534,473
360952341,31.8486,33.7248,474,35697,0.773589,0.47,2,5113517,5113043,474
360955261,13.9394,31.4899,446,35756,0.783436,0.47,2,5113519,5113073,446
360958181,30.1758,35.996,448,35815,0.799374,0.55,2,5113560,5113112,448
360961101,31.8703,33.5984,449,35874,0.82975,0.53,2,5113593,5113144,449
360964021,35.5481,35.6394,450,35933,0.8419,0.59,2,5113631,5113181,450
360966941,74.2193,73.6557,451,35992,0.85876,0.61,2,5113731,5113280,451
360969861,55.4877,54.6623,452,36051,0.889504,0.67,2,5113774,5113322,452
361175721,185.422,174.29,519,17641,0.406,0.87,1,5116547,5116028,519
361181561,126.988,122.326,510,17881,0.29176,0.41,1,5116780,5116270,510
361184481,81.995,102.931,472,18000,0.278704,0.33,1,5116832,5116360,472
361187401,55.598,74.7722,454,18118,0.285482,0.33,1,5116870,5116416,454
361196161,97.0623,102.129,435,18467,0.411151,0.27,1,5117100,5116665,435
361216601,110.146,107.755,446,19257,0.755833,0.55,2,5117661,5117215,446
361219521,77.0585,75.5019,447,19367,0.776333,0.55,2,5117716,5117269,447
361222441,54.8234,54.2008,447,19477,0.784533,0.57,2,5117756,5117309,447
361225361,39.9294,37.2803,451,19586,0.823813,0.57,2,5117786,5117335,451
361228281,71.1717,14.9121,543,19694,0.815525,0.69,2,5117878,5117335,543
361231201,101.069,59.9649,574,19802,0.84821,0.75,2,5117999,5117425,574
361315881,55.2655,69.6885,522,22703,0.8476,1,2,5120070,5119548,522
361327561,108.028,69.4976,614,23074,0.292467,1,1,5120383,5119769,614
361336321,50.1858,79.6398,499,23349,0.0928779,0.79,1,5120530,5120031,499
361339241,53.0743,55.2559,515,23440,0.0911511,0.67,1,5120585,5120070,515
361342161,36.2297,59.3024,478,23530,0.0664605,0.59,1,5120610,5120132,478
361345081,59.4919,39.9209,526,23620,0.0685842,0.41,1,5120685,5120159,526
361348001,100.597,70.5684,563,23710,0.0574337,0.15,1,5120813,5120250,563
361350921,58.2387,108.027,460,23799,0.0889735,0.11,1,5120843,5120383,460
361362601,39.9917,53.0743,424,24153,0.22783,0.05,1,5121009,5120585,424
361365521,30.9967,36.2297,424,24241,0.229132,0.07,1,5121034,5120610,424
361368441,58.5987,59.4919,426,24328,0.241653,0.05,1,5121111,5120685,426
361371361,99.6395,100.597,425,24415,0.294661,0.11,1,5121238,5120813,425
361385961,40.412,39.9917,432,24846,0.405689,0.23,1,5121441,5121009,432
361388881,30.5648,30.9967,431,24931,0.420276,0.25,1,5121465,5121034,431
361438521,62.6117,30.9173,536,26338,0.777657,0.65,2,5122443,5121907,536
361441441,107.845,62.7669,590,26418,0.821063,0.73,2,5122581,5121991,590
361444361,62.3379,104.907,489,26498,0.838425,0.71,2,5122613,5122124,489
361447281,72.9351,61.7627,536,26578,0.85737,0.71,2,5122693,5122157,536
361450201,53.1741,72.7051,496,26658,0.864948,0.71,2,5122733,5122237,496
361453121,22.4696,53.082,458,26737,0.867979,0.71,2,5122735,5122277,458
361456041,42.5879,22.4328,512,26816,0.881192,0.69,2,5122791,5122279,512
361458961,33.2351,42.5731,483,26895,0.898477,0.75,2,5122818,5122335,483
361546561,105.604,46.0363,625,29165,0.897386,1,2,5124474,5123849,625
361549481,65.0416,107.815,514,29238,0.844954,1,2,5124512,5123998,514
361552401,71.6166,66.5258,551,29310,0.835982,1,2,5124588,5124037,551
361555321,49.6467,69.2103,515,29382,0.892393,1,2,5124623,5124108,515
361558241,35.4587,51.0841,502,29454,0.890957,1,2,5124649,5124147,502
361561161,35.7835,37.2337,510,29526,0.866383,0.96,2,5124685,5124175,510
361724681,58.4415,58.1711,490,33304,0.789846,1,2,5127363,5126873,490
361733441,38.4443,38.499,496,33494,0.40407,1,1,5127489,5126993,496
361736361,35.1777,33.9996,498,33557,0.299628,1,1,5127522,5127024,498
361745121,32.4194,33.808,482,33746,0.0674162,1,1,5127621,5127139,482
361748041,39.3678,37.5232,486,33809,0.0329665,1,1,5127665,5127179,486
361750961,36.1471,39.0093,480,33872,0.0131866,0.85,1,5127699,5127219,480
361753881,62.4588,72.6037,465,33934,0.0592746,0.71,1,5127779,5127314,465
361756801,47.1835,58.4415,453,33996,0.0777099,0.47,1,5127816,5127363,453
361765561,32.6357,38.4443,436,34182,0.0978534,0.23,1,5127925,5127489,436
361771401,31.7417,14.0711,464,34306,0.0888565,0.09,1,5127986,5127522,464
361774321,26.4967,28.4284,449,34368,0.0895426,0.09,1,5128009,5127560,449
361777241,30.3987,28.1714,454,34430,0.035817,0.03,1,5128042,5127588,454
361780161,39.1595,31.0685,466,34491,0.0323268,0.01,1,5128087,5127621,466
361783081,36.0638,38.8274,456,34552,0.0129307,0,1,5128121,5127665,456
361786001,64.2255,35.931,505,34613,0.0351723,0.09,1,5128204,5127699,505
361788921,46.0902,62.3724,459,34674,0.0440689,0.09,1,5128238,5127779,459
361791841,47.8361,47.149,471,34735,0.0596276,0.13,1,5128287,5127816,471
361794761,38.9344,46.4596,458,34796,0.065851,0.11,1,5128320,5127862,458
361797681,32.9738,39.5838,452,34857,0.0923404,0.09,1,5128349,5127897,452
361815201,36.8919,39.1594,457,35219,0.0402029,0,1,5128544,5128087,457
361818121,64.5568,36.0638,506,35279,0.0340811,0.05,1,5128627,5128121,506
361821041,46.2227,64.2255,457,35339,0.0676325,0.05,1,5128661,5128204,457
361823961,48.4891,46.0902,473,35399,0.093053,0.07,1,5128711,5128238,473
361838561,27.0098,30.7158,451,35697,0.209666,0.13,1,5128861,5128410,451
361841481,12.0039,26.6863,429,35756,0.221867,0.11,1,5128863,5128434,429
361844401,21.0016,28.0745,427,35815,0.262747,0.09,1,5128890,5128463,427
361847321,32.4006,38.2298,422,35874,0.267099,0,1,5128930,5128508,422
361850241,34.5603,36.8919,422,35933,0.244839,0.03,1,5128966,5128544,422
361856081,47.1696,46.2227,426,36051,0.225174,0.11,1,5129087,5128661,426
361859001,50.0679,48.4891,428,36110,0.21607,0.11,1,5129139,5128711,428
361861921,39.8271,39.1956,428,36169,0.224428,0.11,1,5129172,5128744,428
361864841,33.9309,34.2783,427,36227,0.203771,0.15,1,5129202,5128775,427
361867761,33.9723,32.3113,430,36285,0.219508,0.21,1,5129236,5128806,430
361870681,33.9889,31.5245,433,36343,0.237803,0.23,1,5129270,5128837,433
361873601,27.9956,27.0098,433,36401,0.269121,0.23,1,5129294,5128861,433
361876521,12.3982,12.0039,433,36459,0.281649,0.29,1,5129296,5128863,433
361879441,21.7593,21.0016,434,36517,0.298659,0.27,1,5129324,5128890,434
361896961,39.2709,39.8271,431,36864,0.411883,0.19,1,5129603,5129172,431
361899881,33.7084,33.9309,431,36921,0.422753,0.23,1,5129633,5129202,431
361902801,35.0834,33.9723,433,36978,0.439101,0.25,1,5129669,5129236,433
361987481,34.362,22.6939,490,38601,0.771197,0.55,2,5130697,5130207,490
361990401,14.9448,34.2776,450,38656,0.782479,0.57,2,5130699,5130249,450
361993321,25.1779,32.911,450,38711,0.810991,0.63,2,5130731,5130281,450
361996241,64.6712,65.9644,453,38766,0.894397,0.63,2,5130822,5130369,453
362180201,29.8254,31.0622,499,42059,0.888227,1,2,5133090,5132591,499
362183121,28.7302,29.2249,499,42109,0.889291,1,2,5133118,5132619,499
362186041,33.0921,25.4899,512,42159,0.841716,1,2,5133154,5132642,512
362188961,33.0368,38.396,498,42209,0.846687,1,2,5133187,5132689,498
362191881,27.6147,33.9584,491,42259,0.884675,1,2,5133211,5132720,491
362194801,36.8459,36.9834,495,42309,0.86387,1,2,5133254,5132759,495
362197721,35.1384,39.9933,487,42359,0.843548,1,2,5133288,5132801,487
362200641,36.8553,40.5973,484,42409,0.859419,1,2,5133326,5132842,484
362203561,41.7421,42.6389,485,42459,0.865768,1,2,5133371,5132886,485
362206481,38.8969,39.8556,484,42509,0.880307,0.97,2,5133408,5132924,484
362425481,33.0517,33.2627,521,46083,0.872991,1,2,5135874,5135353,521
362428401,33.0207,36.7051,515,46129,0.859196,1,2,5135907,5135392,515
362431321,34.2083,35.682,515,46175,0.817679,1,2,5135942,5135427,515
362434241,32.8833,32.8728,516,46221,0.753071,1,2,5135974,5135458,516
362454681,30.8382,36.6117,507,46539,0.402824,1,1,5136195,5135688,507
362457601,36.3353,35.0447,513,46584,0.419129,1,1,5136235,5135722,513
362460521,31.9341,38.0179,502,46629,0.401652,0.85,1,5136264,5135762,502
362466361,20.4695,24.3229,487,46719,0.423064,0.87,1,5136298,5135811,487
362469281,29.7878,24.1291,499,46764,0.403226,0.85,1,5136334,5135835,499
362472201,30.5151,33.0517,491,46809,0.41929,0.85,1,5136365,5135874,491
362475121,32.006,33.0207,491,46854,0.437716,0.79,1,5136398,5135907,491
362478041,30.2024,34.2083,485,46899,0.445086,0.71,1,5136427,5135942,485
362486801,26.605,30.1013,476,47034,0.427606,0.55,1,5136513,5136037,476
362489721,29.242,28.2405,480,47079,0.429042,0.45,1,5136544,5136064,480
362492641,31.4968,31.0962,480,47124,0.441617,0.47,1,5136577,5136097,480
362495561,31.1987,32.2385,478,47169,0.446647,0.43,1,5136608,5136130,478
362565641,29.1989,28.8709,445,48230,0.763287,0.51,2,5137251,5136806,445
362568561,33.8796,31.9484,448,48274,0.779315,0.55,2,5137288,5136840,448
362571481,33.3518,31.9793,449,48318,0.785726,0.59,2,5137321,5136872,449
362574401,30.7407,30.1917,449,48362,0.78829,0.59,2,5137350,5136901,449
362577321,31.4963,30.0767,451,48406,0.801316,0.59,2,5137382,5136931,451
362580241,26.9985,26.4307,451,48450,0.818526,0.61,2,5137406,5136955,451
362583161,31.7994,30.3723,453,48493,0.849411,0.65,2,5137441,5136988,453
362586081,31.9198,30.7489,454,48536,0.861764,0.69,2,5137473,5137019,454
362629881,32.6131,26.9902,498,49181,0.897475,0.87,2,5137904,5137406,498
362647401,22.0346,30.4475,482,49439,0.895069,0.91,2,5138088,5137606,482
362809461,166.225,166.591,496,23451,0.4468,1,1,5139723,5139227,496
362812381,116.29,100.236,523,23541,0.23272,1,1,5139806,5139283,523
362818221,86.8864,76.0378,523,23721,0.0624352,0.95,1,5139960,5139437,523
362821141,61.1546,76.6151,490,23810,0.0549741,0.79,1,5140004,5139514,490
362824061,66.4618,65.446,502,23899,0.0759896,0.63,1,5140074,5139572,502
362826981,39.7847,63.3784,462,23988,0.0603959,0.59,1,5140096,5139634,462
362829901,20.1139,37.3514,449,24076,0.0421583,0.25,1,5140103,5139654,449
362832821,42.8456,56.3405,438,24164,0.0828633,0.09,1,5140161,5139723,438
362838661,63.0153,69.1345,423,24339,0.0552581,0.03,1,5140296,5139873,423
362841581,79.2061,79.8538,426,24426,0.0401032,0.05,1,5140386,5139960,426
362844501,56.2824,58.3415,423,24513,0.0460413,0.09,1,5140427,5140004,423
362847421,64.513,65.3366,423,24599,0.0484165,0.05,1,5140497,5140074,423
362850341,39.6052,39.3346,424,24685,0.0493666,0.03,1,5140520,5140096,424
362853261,19.4421,19.9339,423,24771,0.0377466,0.11,1,5140526,5140103,423
362856181,43.7768,42.7735,425,24857,0.0690987,0.15,1,5140586,5140161,425
362859101,60.1107,58.5094,427,24942,0.0936395,0.01,1,5140657,5140230,427
362862021,60.6443,63.0038,422,25027,0.0554558,0.03,1,5140718,5140296,422
362864941,78.8577,79.2015,423,25112,0.0521823,0.05,1,5140809,5140386,423
362867861,55.5431,56.2806,422,25196,0.0748729,0.05,1,5140849,5140427,422
362894141,65.7022,55.4236,497,25943,0.0957705,0.13,1,5141346,5140849,497
362897061,41.8809,64.1695,453,26025,0.0923082,0.17,1,5141372,5140919,453
362899981,20.3523,40.0678,435,26106,0.0909233,0.17,1,5141378,5140943,435
362917501,65.5573,56.2554,497,26589,0.208886,0.09,1,5141771,5141274,497
362920421,41.8229,65.7022,451,26669,0.221555,0.09,1,5141797,5141346,451
362923341,20.3292,41.8809,431,26748,0.226622,0.09,1,5141803,5141372,431
362926261,46.5317,20.3523,489,26827,0.240649,0.13,1,5141867,5141378,489
362929181,62.4127,44.1409,502,26906,0.246259,0.17,1,5141940,5141438,502
362932101,26.1651,61.4564,431,26985,0.248504,0.21,1,5141942,5141511,431
362935021,44.066,57.5825,432,27063,0.285402,0.19,1,5141998,5141566,432
362952541,45.443,46.5317,432,27529,0.436926,0.25,1,5142299,5141867,432
362981741,67.1454,63.1772,448,28289,0.795048,0.55,2,5142822,5142374,448
362984661,28.0582,26.4709,448,28364,0.828019,0.55,2,5142824,5142376,448
362987581,45.4233,10.5883,505,28439,0.805208,0.57,2,5142881,5142376,505
362990501,74.5693,38.4353,542,28513,0.844083,0.59,2,5142975,5142433,542
362993421,56.8277,70.5741,495,28587,0.883633,0.67,2,5143020,5142525,495
362996341,68.3311,54.0297,528,28661,0.887453,0.63,2,5143096,5142568,528
362999261,43.5324,67.2119,479,28735,0.876981,0.69,2,5143123,5142644,479
363002181,21.013,42.4847,459,28809,0.872792,0.65,2,5143129,5142670,459
363005101,51.0052,20.5939,524,28882,0.871117,0.75,2,5143200,5142676,524
363130661,74.4755,38.5378,575,31881,0.85,1,2,5145350,5144775,575
363133581,48.9902,68.8151,518,31947,0.778,1,2,5145382,5144864,518
363156941,36.0983,53.7217,498,32473,0.439238,1,1,5145719,5145221,498
363159861,70.8393,40.6887,560,32538,0.433695,0.75,1,5145813,5145253,560
363165701,34.9743,48.9902,486,32668,0.440191,0.65,1,5145868,5145382,486
363189061,35.2376,36.0983,441,33182,0.290316,0.43,1,5146160,5145719,441
363215341,63.4482,65.7353,435,33751,0.436433,0.31,1,5146531,5146096,435
363218261,48.1793,49.0941,435,33814,0.444573,0.27,1,5146569,5146134,435
363221181,33.6717,35.2376,433,33877,0.447829,0.33,1,5146593,5146160,433
363264981,39.3858,34.9057,491,34801,0.750869,0.57,2,5147240,5146749,491
363267901,16.9543,39.1623,451,34862,0.762347,0.57,2,5147242,5146791,451
363270821,23.5817,16.8649,477,34923,0.790939,0.61,2,5147270,5146793,477
363273741,25.0327,23.546,475,34984,0.802376,0.59,2,5147296,5146821,475
363276661,35.2131,24.4184,492,35044,0.83095,0.59,2,5147338,5146846,492
363279581,67.4852,34.9674,539,35104,0.84238,0.63,2,5147427,5146888,539
363282501,51.5941,64.9869,495,35164,0.846952,0.71,2,5147468,5146973,495
363285421,35.0376,49.3948,480,35224,0.848781,0.69,2,5147492,5147012,480
363288341,78.2151,34.7579,562,35284,0.861512,0.73,2,5147599,5147037,562
363291261,48.686,76.9032,486,35344,0.890605,0.71,2,5147628,5147142,486
363294181,36.2744,48.1613,485,35404,0.890242,0.73,2,5147656,5147171,485
363457701,233.554,187.467,573,16916,0.252277,0.51,1,5149965,5149392,573
363463541,95.6886,117.355,467,17167,0.0895643,0.27,1,5150103,5149636,467
363466461,84.4754,85.3419,480,17291,0.0898257,0.29,1,5150180,5149700,480
363475221,90.1264,124.07,490,17657,0.250309,0.03,1,5150455,5149965,490
363483981,55.2561,77.4685,465,18015,0.44682,0.11,1,5150645,5150180,465
363510261,87.9097,86.7666,450,19049,0.812128,0.57,2,5151341,5150891,450
363513181,80.7639,80.3066,450,19160,0.846851,0.61,2,5151417,5150967,450
363516101,82.1056,80.7226,452,19271,0.86074,0.67,2,5151500,5151048,452
363519021,61.0422,58.0891,456,19381,0.866296,0.67,2,5151547,5151091,456
363521941,25.6169,24.4356,456,19490,0.868518,0.77,2,5151549,5151093,456
363524861,121.247,117.774,461,19599,0.893407,0.77,2,5151734,5151273,461
363527781,89.8987,47.1097,530,19707,0.891363,0.87,2,5151803,5151273,530
363530701,81.5595,59.6439,538,19815,0.890545,0.87,2,5151879,5151341,538
363533621,84.2238,69.4576,548,19922,0.890218,0.87,2,5151965,5151417,548
363536541,60.0895,77.583,509,20028,0.878087,0.87,2,5152009,5151500,509
363539461,25.2358,59.2332,464,20134,0.873235,0.87,2,5152011,5151547,464
363606621,58.9564,51.3402,496,22431,0.81496,1,2,5153740,5153244,496
363609541,50.5826,57.7361,479,22526,0.787984,1,2,5153785,5153306,479
363618301,43.0533,47.2551,509,22807,0.435631,1,1,5153938,5153429,509
363629981,45.7326,58.8145,500,23177,0.29248,0.77,1,5154240,5153740,500
363632901,59.093,50.5258,523,23268,0.278992,0.55,1,5154308,5153785,523
363641661,110.918,43.0497,598,23540,0.405455,0.27,1,5154536,5153938,598
363667941,85.0223,82.1672,450,24338,0.76896,0.57,2,5155049,5154599,450
363670861,56.8089,55.6669,450,24425,0.781584,0.59,2,5155087,5154637,450
363673781,46.1236,44.4667,452,24512,0.822634,0.63,2,5155126,5154674,452
363676701,60.4494,58.5867,454,24598,0.875053,0.63,2,5155196,5154742,454
363679621,44.5798,44.4347,453,24684,0.872021,0.63,2,5155230,5154777,453
363682541,19.0319,18.9739,453,24770,0.870809,0.63,2,5155232,5154779,453
363685461,30.4128,30.3895,453,24856,0.882323,0.71,2,5155270,5154817,453
363688381,112.965,110.556,457,24941,0.898929,0.83,2,5155438,5154981,457
363793501,45.4374,49.3269,485,27835,0.8356,1,2,5157451,5156966,485
363805181,33.5536,32.5876,485,28138,0.225055,1,1,5157627,5157142,485
363808101,38.0214,29.835,498,28213,0.0960221,1,1,5157668,5157170,498
363811021,97.4086,104.334,481,28288,0.0384089,1,1,5157805,5157324,481
363813941,49.1634,59.7336,468,28363,0.0693635,1,1,5157822,5157354,468
363816861,53.8654,23.8934,525,28438,0.0337454,0.89,1,5157879,5157354,525
363819781,36.5461,46.7574,488,28512,0.0134982,0.77,1,5157904,5157416,488
363822701,37.4185,39.7029,491,28586,0.0113993,0.61,1,5157942,5157451,491
363825621,54.5674,40.4812,516,28660,0.0465597,0.39,1,5158008,5157492,516
363828541,36.827,61.7925,465,28734,0.0726239,0.27,1,5158033,5157568,465
363831461,24.9308,44.517,449,28808,0.0830496,0.13,1,5158050,5157601,449
363834381,34.5723,33.4068,464,28881,0.0332198,0.01,1,5158091,5157627,464
363837301,96.6289,37.9627,561,28954,0.0132879,0,1,5158229,5157668,561
363840221,47.0516,97.3851,438,29027,0.0113152,0.09,1,5158243,5157805,438
363843141,54.2206,49.154,480,29100,0.00452607,0.01,1,5158302,5157822,480
363846061,36.0883,53.8616,447,29173,0.0318104,0,1,5158326,5157879,447
363848981,37.2353,36.5446,460,29246,0.0187242,0.01,1,5158364,5157904,460
363851901,56.2941,37.4179,491,29318,0.0734897,0.07,1,5158433,5157942,491
363863581,95.5547,34.5723,559,29606,0.0484413,0,1,5158650,5158091,559
363866501,46.6219,96.6289,435,29677,0.0373765,0.01,1,5158664,5158229,435
363869421,55.2488,47.0516,482,29748,0.0329506,0,1,5158725,5158243,482
363872341,35.8995,54.2206,446,29819,0.0431802,0.05,1,5158748,5158302,446
363875261,15.5598,36.0883,424,29890,0.0472721,0.01,1,5158750,5158326,424
363878181,29.6239,37.2353,425,29961,0.0369088,0.11,1,5158789,5158364,425
363881101,54.4496,56.2941,427,30032,0.0327635,0.15,1,5158860,5158433,427
363884021,36.7798,36.9176,428,30102,0.0551054,0.15,1,5158885,5158457,428
363886941,26.1119,24.9671,430,30172,0.0760422,0.11,1,5158904,5158474,430
363889861,32.0448,33.3868,427,30242,0.0844169,0,1,5158940,5158513,427
363892781,92.6179,95.5547,423,30312,0.0517667,0.03,1,5159073,5158650,423
363895701,44.8472,46.6219,422,30382,0.0387067,0.03,1,5159086,5158664,422
363898621,55.1389,55.2488,423,30452,0.0154827,0.05,1,5159148,5158725,423
363901541,35.8555,35.8995,423,30521,0.0241931,0.05,1,5159171,5158748,423
363904461,15.5422,15.5598,423,30590,0.0276772,0.03,1,5159173,5158750,423
363907381,29.6169,29.6239,423,30659,0.0170709,0.03,1,5159212,5158789,423
363910301,54.4468,54.4496,423,30728,0.0368284,0.07,1,5159283,5158860,423
363913221,37.9787,36.7798,425,30797,0.0447313,0.09,1,5159310,5158885,425
363916141,27.1915,26.1119,426,30866,0.0478925,0.09,1,5159330,5158904,426
363919061,33.6766,32.0448,428,30935,0.049157,0.03,1,5159368,5158940,428
363921981,89.6706,92.6179,422,31003,0.0736628,0.03,1,5159495,5159073,422
363924901,43.6683,44.8472,422,31071,0.0714651,0,1,5159508,5159086,422
363927821,54.6673,55.1389,422,31139,0.028586,0.03,1,5159570,5159148,422
363930741,35.6669,35.8555,422,31207,0.0294344,0.03,1,5159593,5159171,422
363933661,15.4668,15.5422,422,31275,0.0297738,0.01,1,5159595,5159173,422
363936581,29.5867,29.6169,422,31343,0.0179095,0.01,1,5159634,5159212,422
363939501,53.8347,11.8468,492,31411,0.0371638,0.05,1,5159704,5159212,492
363942421,37.7339,47.3387,448,31478,0.0328655,0.05,1,5159731,5159283,448
363945341,28.2935,35.1355,443,31545,0.0191462,0.05,1,5159753,5159310,443
363948261,32.9174,26.0542,459,31612,0.0256585,0.05,1,5159789,5159330,459
363951181,90.567,33.2217,550,31679,0.0522634,0.09,1,5159918,5159368,550
363954101,43.4268,89.4887,435,31746,0.0629054,0.07,1,5159930,5159495,435
363957021,53.9707,43.5955,483,31813,0.0671621,0,1,5159991,5159508,483
363959941,35.3883,54.6382,444,31880,0.0808649,0.03,1,5160014,5159570,444
363962861,15.3553,35.6553,423,31946,0.0863459,0.03,1,5160016,5159593,423
363965781,29.5421,15.4621,460,32012,0.0525384,0.01,1,5160055,5159595,460
363968701,55.0169,29.5848,493,32078,0.0510153,0.05,1,5160127,5159634,493
363971621,37.6067,53.8339,449,32144,0.0744061,0.03,1,5160153,5159704,449
363974541,28.2427,37.7336,444,32210,0.0597625,0.01,1,5160175,5159731,444
363977461,33.4971,28.2934,459,32276,0.077905,0.03,1,5160212,5159753,459
363994981,28.8546,15.3553,461,32667,0.200681,0.03,1,5160477,5160016,461
364012501,92.682,91.3988,429,33053,0.266172,0.15,1,5160771,5160342,429
364015421,44.2728,43.7595,429,33117,0.280469,0.19,1,5160783,5160354,429
364044621,96.5366,92.682,436,33750,0.440257,0.29,1,5161207,5160771,436
364047541,46.4146,44.2728,437,33813,0.446103,0.35,1,5161220,5160783,437
364111781,46.0571,97.5869,461,35163,0.759136,0.57,2,5162110,5161649,461
364114701,58.6228,46.2347,516,35223,0.801655,0.55,2,5162177,5161661,516
364117621,37.2491,59.2939,471,35283,0.830662,0.57,2,5162200,5161729,471
364120541,16.0997,36.9176,451,35343,0.854265,0.57,2,5162202,5161751,451
364123461,31.0399,15.967,490,35403,0.863706,0.57,2,5162243,5161753,490
364126381,57.4159,30.3868,525,35463,0.891482,0.61,2,5162318,5161793,525
364272381,38.5134,33.9014,513,38329,0.89656,0.99,2,5164270,5163757,513
364275301,30.4054,29.1605,512,38384,0.856624,1,2,5164295,5163783,512
364278221,30.1621,24.2642,521,38439,0.82865,1,2,5164325,5163804,521
364284061,60.7459,27.2823,577,38549,0.791384,1,2,5164435,5163858,577
364286981,47.6984,77.5129,505,38604,0.838554,1,2,5164474,5163969,505
364289901,28.0793,46.6052,494,38659,0.881421,1,2,5164489,5163995,494
364292821,38.2317,58.2421,473,38714,0.802569,1,2,5164534,5164061,473
364295741,35.6927,43.6968,473,38769,0.831027,1,2,5164568,5164095,473
364298661,28.0771,33.6787,469,38823,0.842411,0.95,2,5164591,5164122,469
364301581,31.0308,33.2715,469,38877,0.858964,0.93,2,5164624,5164155,469
364304501,34.0123,33.7086,471,38931,0.877586,0.93,2,5164660,5164189,471
364581901,23.1855,15.9267,541,43783,0.861472,1,2,5168057,5167516,541
364583361,32.0742,32.7707,535,43831,0.818589,1,2,5168095,5167560,535
364644681,50.0512,67.6881,435,20954,0.0743373,0.03,1,5168937,5168502,435
364647601,41.6205,56.4752,422,21055,0.0477349,0.03,1,5168973,5168551,422
364650521,36.4482,35.1901,434,21156,0.037094,0,1,5169006,5168572,434
364653441,55.9793,60.876,425,21256,0.0808376,0.15,1,5169075,5168650,425
364656361,89.5917,89.1504,429,21356,0.098335,0.09,1,5169187,5168758,429
364676801,90.8895,89.5249,427,22042,0.232137,0.15,1,5169614,5169187,427
364679721,83.1558,82.61,427,22138,0.254855,0.17,1,5169692,5169265,427
364682641,75.8623,75.044,428,22234,0.299942,0.17,1,5169763,5169335,428
364697241,93.125,47.3294,546,22707,0.401807,0.27,1,5170046,5169500,546
364735201,63.3548,36.8076,528,23891,0.758153,0.57,2,5170821,5170293,528
364738121,99.1419,60.923,574,23980,0.789261,0.71,2,5170944,5170370,574
364741041,40.8568,96.3692,456,24068,0.801704,0.73,2,5170946,5170490,456
364743961,66.1427,87.1477,458,24156,0.842682,0.71,2,5171029,5170571,458
364746881,70.8571,79.8591,457,24244,0.859073,0.73,2,5171103,5170646,457
364854921,47.1681,60.8342,482,27290,0.873616,1,2,5173171,5172689,482
364860761,61.9069,57.1335,496,27445,0.239379,1,1,5173342,5172846,496
364869521,44.594,49.0645,477,27676,0.0914002,0.99,1,5173493,5173016,477
364872441,40.0376,40.6258,479,27753,0.0365601,1,1,5173530,5173051,479
364875361,33.415,33.0503,480,27829,0.032624,1,1,5173559,5173079,480
364881201,38.1064,47.1681,460,27981,0.0592198,0.19,1,5173631,5173171,460
364884121,77.0426,99.2672,429,28057,0.0776879,0.09,1,5173734,5173305,429
364887041,49.417,61.9069,423,28132,0.0730752,0.03,1,5173765,5173342,423
364889961,41.9668,46.9628,423,28207,0.0712301,0.13,1,5173802,5173379,423
364892881,74.9867,70.9851,433,28282,0.046492,0.07,1,5173899,5173466,433
364895801,40.1947,44.594,423,28357,0.0725968,0.07,1,5173916,5173493,423
364898721,37.0779,17.8376,458,28432,0.0710387,0,1,5173951,5173493,458
364901641,32.2312,29.335,450,28506,0.0344155,0.03,1,5173980,5173530,450
364904561,31.4925,29.134,452,28580,0.0437662,0.15,1,5174011,5173559,452
364907481,37.197,29.0536,464,28654,0.0715065,0.03,1,5174052,5173588,464
364910401,77.8788,37.4214,526,28728,0.0466026,0.09,1,5174157,5173631,526
364913321,49.1515,76.7686,453,28802,0.036641,0.07,1,5174187,5173734,453
364916241,41.2606,49.3074,458,28876,0.0566564,0.07,1,5174223,5173765,458
364919161,75.3042,41.923,519,28949,0.0766626,0.03,1,5174321,5173802,519
364922081,43.3217,74.9692,444,29022,0.096665,0.09,1,5174343,5173899,444
364942521,40.5857,49.1515,457,29529,0.0932173,0.07,1,5174644,5174187,457
364945441,78.0343,41.2606,524,29601,0.0372869,0.09,1,5174747,5174223,524
364948361,45.6137,75.3042,450,29673,0.0449148,0.11,1,5174771,5174321,450
364951281,36.2455,43.3217,458,29744,0.0719659,0.19,1,5174801,5174343,458
364954201,31.2982,34.7287,457,29815,0.0707864,0.15,1,5174829,5174372,457
364957121,13.7193,31.2915,430,29886,0.0703145,0.19,1,5174831,5174401,430
364960041,24.6877,32.3166,429,29957,0.0701258,0.13,1,5174863,5174434,429
364971721,37.496,40.5857,423,30238,0.202963,0,1,5175067,5174644,423
364974641,77.3984,78.0343,424,30308,0.0991853,0.05,1,5175171,5174747,424
364977561,45.9594,45.6137,425,30378,0.0576741,0.09,1,5175196,5174771,425
364980481,35.7837,36.2455,424,30448,0.0410696,0.07,1,5175225,5174801,424
364983401,31.7135,31.2982,425,30518,0.0464279,0.07,1,5175254,5174829,425
364986321,13.8854,13.7193,425,30587,0.0485711,0.07,1,5175256,5174831,425
364989241,25.3542,24.6877,426,30656,0.0494285,0.17,1,5175289,5174863,426
364992161,35.9417,33.8751,429,30725,0.0617714,0.19,1,5175332,5174903,429
365003841,71.6241,77.3984,422,31000,0.206301,0.03,1,5175593,5175171,422
365006761,43.6496,45.9594,422,31068,0.208521,0.03,1,5175618,5175196,422
365012601,30.9839,31.7135,422,31204,0.200163,0.05,1,5175676,5175254,422
365015521,13.5936,13.8854,422,31272,0.206065,0.05,1,5175678,5175256,422
365018441,25.2374,25.3542,422,31340,0.256426,0.05,1,5175711,5175289,422
365021361,37.095,10.1417,467,31408,0.25257,0.07,1,5175756,5175289,467
365038881,35.9605,43.5873,460,31810,0.401314,0.17,1,5176078,5175618,460
365041801,31.7842,35.4349,459,31877,0.418526,0.21,1,5176107,5175648,459
365044721,13.9137,30.974,433,31943,0.42541,0.21,1,5176109,5175676,433
365094361,72.0249,72.811,452,33050,0.781,0.61,2,5176915,5176463,452
365097281,43.81,43.5244,453,33114,0.7864,0.63,2,5176940,5176487,453
365100201,36.724,36.6098,453,33178,0.82456,0.63,2,5176972,5176519,453
365103121,32.6896,32.6439,453,33242,0.839824,0.63,2,5177002,5176549,453
365106041,14.2758,14.2576,453,33306,0.84593,0.59,2,5177004,5176551,453
365108961,29.1103,29.703,452,33370,0.836372,0.67,2,5177043,5176591,452
365111881,42.2441,40.6812,455,33433,0.832549,0.67,2,5177094,5176639,455
365114801,18.0977,17.4725,455,33496,0.843019,0.73,2,5177096,5176641,455
365117721,77.4391,75.389,458,33559,0.811208,0.73,2,5177213,5176755,458
365120641,51.9756,51.1556,458,33622,0.858483,0.75,2,5177248,5176790,458
365123561,39.9902,39.0622,459,33685,0.865393,0.81,2,5177280,5176821,459
365254961,48.2173,44.61,493,36403,0.886954,1,2,5179190,5178697,493
365263721,55.3579,45.527,503,36577,0.856685,1,2,5179346,5178843,503
365266641,43.1432,36.2108,508,36635,0.816674,1,2,5179381,5178873,508
365269561,35.2573,32.4843,508,36693,0.75267,1,2,5179411,5178903,508
365272481,26.1029,32.7937,495,36751,0.799068,0.96,2,5179431,5178936,495
365275401,24.2412,28.7175,492,36809,0.781627,1,2,5179454,5178962,492
365354241,48.2903,25.9838,512,38328,0.7619,0.57,2,5180467,5179955,512
365357161,48.1161,48.1935,497,38383,0.77876,0.63,2,5180515,5180018,497
365360081,45.6464,46.2774,496,38438,0.785504,0.67,2,5180559,5180063,496
365363001,49.4586,43.711,506,38493,0.836202,0.67,2,5180611,5180105,506
365365921,46.7834,46.8844,502,38548,0.856481,0.73,2,5180656,5180154,502
365368841,54.1134,45.7538,516,38603,0.864592,0.73,2,5180715,5180199,516
365371761,22.8453,53.7015,459,38658,0.867837,0.73,2,5180717,5180258,459
365568861,128.86,152.425,445,19203,0.296848,0.07,1,5183520,5183075,445
365583461,106.427,69.5135,553,19750,0.424893,0.27,1,5183906,5183353,553
365618501,110.034,85.9081,574,21002,0.752926,0.61,2,5184801,5184227,574
365621421,45.2135,108.163,453,21103,0.77517,0.63,2,5184803,5184350,453
365624341,48.0854,73.2653,453,21204,0.832068,0.67,2,5184853,5184400,453
365627261,69.6342,78.5061,455,21304,0.830827,0.67,2,5184937,5184482,455
365630181,51.8537,55.4024,455,21404,0.842331,0.69,2,5184977,5184522,455
365633101,44.1415,44.961,456,21503,0.870932,0.71,2,5185016,5184560,456
365636021,88.4566,87.5844,458,21602,0.882373,0.79,2,5185134,5184676,458
365746981,109.63,107.222,483,25062,0.846071,0.91,2,5187635,5187152,483
365764501,38.0405,18.89,512,25565,0.294985,0.96,1,5187878,5187366,512
365767421,71.6162,30.356,568,25648,0.267994,1,1,5187972,5187404,568
365770341,97.0465,71.5424,583,25731,0.281198,0.75,1,5188086,5187503,583
365773261,58.0186,107.817,483,25813,0.274479,0.59,1,5188118,5187635,483
365776181,50.8074,62.3268,497,25895,0.271792,0.49,1,5188164,5187667,497
365787861,37.0703,45.5828,469,26221,0.40291,0.27,1,5188314,5187845,469
365790781,69.4281,38.0331,527,26302,0.419164,0.25,1,5188405,5187878,527
365793701,97.9712,71.6132,550,26383,0.437666,0.29,1,5188522,5187972,550
365796621,57.1885,97.0453,466,26463,0.445066,0.27,1,5188552,5188086,466
365799541,51.6754,58.0181,482,26543,0.448027,0.27,1,5188600,5188118,482
365834581,45.5318,43.8672,448,27485,0.776274,0.57,2,5189169,5188721,448
365837501,41.0127,38.5469,451,27562,0.80851,0.57,2,5189207,5188756,451
365840421,17.6051,16.6188,451,27639,0.821404,0.61,2,5189209,5188758,451
365843341,61.642,60.6475,452,27716,0.838562,0.63,2,5189300,5188848,452
365983501,96.6658,94.4633,502,31170,0.814,1,2,5191811,5191309,502
366003941,44.3372,37.5177,528,31642,0.234052,1,1,5192060,5191532,528
366009781,49.814,40.8028,528,31776,0.0554483,1,1,5192154,5191626,528
366012701,87.1256,51.1211,582,31843,0.0281793,0.69,1,5192266,5191684,582
366015621,54.0502,96.6485,487,31909,0.0112717,0.63,1,5192298,5191811,487
366018541,40.8201,59.0594,485,31975,0.0465087,0.63,1,5192330,5191845,485
366021461,24.128,44.0238,464,32041,0.0486035,0.57,1,5192343,5191879,464
366024381,28.2512,29.6095,475,32107,0.0254414,0.41,1,5192374,5191899,475
366027301,28.7005,31.6438,471,32173,0.0761766,0.45,1,5192403,5191932,471
366030221,36.6802,31.8575,481,32239,0.0724706,0.29,1,5192445,5191964,481
366033141,39.8721,43.343,472,32305,0.0709883,0.15,1,5192487,5192015,472
366036061,36.3488,44.3372,461,32370,0.0943953,0.05,1,5192521,5192060,461
366038981,47.5395,40.5349,478,32435,0.0557581,0.01,1,5192576,5192098,478
366041901,86.2158,49.814,534,32500,0.0283032,0.01,1,5192688,5192154,534
366044821,54.8863,87.1256,456,32565,0.0533213,0,1,5192722,5192266,456
366047741,39.9545,54.0502,454,32630,0.0753285,0.07,1,5192752,5192298,454
366050661,23.7818,40.8201,435,32695,0.0961314,0.05,1,5192765,5192330,435
366065261,37.8678,39.8721,425,33017,0.222658,0.11,1,5192912,5192487,425
366068181,36.7471,36.3488,427,33081,0.251063,0.03,1,5192948,5192521,427
366071101,45.8989,47.5395,424,33145,0.286425,0.01,1,5193000,5192576,424
366085701,30.2175,28.7127,428,33463,0.201298,0.11,1,5193225,5192797,428
366088621,13.287,12.6851,428,33526,0.206519,0.21,1,5193227,5192799,428
366091541,25.1148,23.674,430,33589,0.220608,0.19,1,5193260,5192830,430
366094461,36.4459,34.6696,432,33652,0.226243,0.25,1,5193304,5192872,432
366097381,38.5784,37.8678,432,33715,0.204497,0.27,1,5193344,5192912,432
366103221,47.6925,45.8989,436,33841,0.21632,0.13,1,5193436,5193000,436
366106141,81.477,85.5595,428,33903,0.236528,0.17,1,5193540,5193112,428
366109061,56.5908,57.0238,430,33965,0.220611,0.19,1,5193580,5193150,430
366111981,40.0363,39.6095,431,34027,0.250244,0.19,1,5193609,5193178,431
366114901,23.2145,23.0438,431,34089,0.250098,0.21,1,5193621,5193190,431
366117821,29.6858,30.2175,430,34151,0.262039,0.21,1,5193655,5193225,430
366135341,47.6904,38.0273,484,34521,0.414854,0.23,1,5193866,5193382,484
366202501,49.061,50.3275,448,35902,0.78265,0.57,2,5194757,5194309,448
366205421,85.0244,84.331,450,35961,0.84706,0.57,2,5194866,5194416,450
366208341,58.0098,57.7324,450,36020,0.896824,0.57,2,5194906,5194456,450
366373321,316.803,338.312,479,17520,0.754,0.97,2,5197025,5196546,479
366414201,114.361,110.979,453,19146,0.754613,0.71,2,5198208,5197755,453
366417121,84.1444,81.5916,455,19257,0.763845,0.69,2,5198272,5197817,455
366420041,73.2578,71.6366,456,19367,0.803538,0.69,2,5198338,5197882,456
366422961,38.9031,38.2547,456,19477,0.795415,0.69,2,5198354,5197898,456
366425881,28.7612,28.5019,456,19586,0.792166,0.69,2,5198376,5197920,456
366428801,116.505,11.4007,631,19694,0.814866,0.71,2,5198551,5197920,631
366431721,115.602,109.56,571,19802,0.895947,0.79,2,5198666,5198095,571
366507641,126.478,125.46,488,22420,0.862,1,2,5200583,5200095,488
366510561,71.591,65.1838,498,22515,0.7828,1,2,5200618,5200120,498
366519321,43.4138,54.2118,514,22796,0.422339,1,1,5200748,5200234,514
366522241,36.5655,36.0847,522,22889,0.402936,1,1,5200780,5200258,522
366528081,110.49,104.294,597,23074,0.0644697,0.77,1,5201039,5200442,597
366531001,63.3962,126.317,488,23166,0.0557879,0.73,1,5201071,5200583,488
366533921,46.3585,71.527,488,23258,0.0223152,0.59,1,5201106,5200618,488
366536841,47.3434,50.8108,499,23349,0.0269261,0.39,1,5201154,5200655,499
366539761,38.7374,54.5243,475,23440,0.0167704,0.37,1,5201187,5200712,475
366542681,32.8949,43.4097,468,23530,0.0367082,0.39,1,5201216,5200748,468
366545601,88.758,36.5639,562,23620,0.0446833,0,1,5201342,5200780,562
366548521,106.903,99.2256,540,23710,0.0358733,0,1,5201461,5200921,540
366551441,61.3613,110.49,453,23799,0.0323493,0.05,1,5201492,5201039,453
366554361,46.7445,63.3961,458,23888,0.0789397,0,1,5201529,5201071,458
366557281,46.2978,46.3584,469,23977,0.0375759,0.03,1,5201575,5201106,469
366560201,19.7191,47.3434,423,24065,0.0450304,0.01,1,5201577,5201154,423
366563121,27.6876,38.7373,423,24153,0.0720121,0.05,1,5201610,5201187,423
366566041,29.0751,32.8949,424,24241,0.0828049,0.05,1,5201640,5201216,424
366571881,105.692,106.903,423,24415,0.0744488,0.03,1,5201884,5201461,423
366574801,60.2768,61.3613,422,24502,0.0477795,0.11,1,5201914,5201492,422
366577721,48.7107,46.7445,426,24588,0.0491118,0.01,1,5201955,5201529,426
366580641,46.4843,46.2978,425,24674,0.0496447,0.05,1,5202000,5201575,425
366583561,19.7937,19.7191,425,24760,0.0498579,0.09,1,5202002,5201577,425
366586481,27.1175,27.6876,424,24846,0.0739432,0.09,1,5202034,5201610,424
366618601,106.881,88.1787,544,25768,0.214878,0.21,1,5202737,5202193,544
366621521,58.3523,103.071,457,25850,0.235951,0.17,1,5202763,5202306,457
366624441,47.3409,59.2286,467,25932,0.244381,0.11,1,5202803,5202336,467
366627361,47.1364,48.2914,473,26014,0.283752,0.13,1,5202850,5202377,473
366630281,20.0545,47.5166,428,26095,0.275501,0.13,1,5202852,5202424,428
366633201,27.2218,20.2066,458,26176,0.2842,0.09,1,5202884,5202426,458
366636121,30.6887,27.8827,458,26257,0.29968,0.13,1,5202917,5202459,458
366644881,59.4201,106.88,459,26498,0.4183,0.25,1,5203196,5202737,459
366647801,48.368,58.3522,474,26578,0.44932,0.25,1,5203237,5202763,474
366694521,111.357,107.932,455,27826,0.790177,0.65,2,5204066,5203611,455
366697441,61.9429,60.5726,455,27902,0.814071,0.71,2,5204095,5203640,455
366700361,50.5771,49.429,456,27978,0.847628,0.69,2,5204138,5203682,456
366703281,49.0309,48.5716,456,28054,0.861051,0.73,2,5204186,5203730,456
366712041,32.25,32.5806,456,28279,0.896787,0.69,2,5204256,5203800,456
366714961,14.1,14.2322,456,28354,0.892715,0.69,2,5204258,5203802,456
366825921,30.7781,22.4567,514,31065,0.8788,1,2,5206212,5205698,514
366834681,59.6418,60.3812,491,31269,0.212003,1,1,5206470,5205979,491
366840521,28.3827,16.141,511,31405,0.0879205,1,1,5206517,5206006,511
366843441,33.5531,28.0564,512,31472,0.0771682,1,1,5206554,5206042,512
366846361,33.8212,34.0226,508,31539,0.0608673,1,1,5206588,5206080,508
366849281,31.5285,37.609,498,31606,0.0303469,0.95,1,5206618,5206120,498
366852201,28.8114,34.2436,493,31673,0.0541388,0.99,1,5206645,5206152,493
366855121,25.9246,31.6974,487,31740,0.0516555,0.81,1,5206669,5206182,487
366858041,58.9698,30.679,538,31807,0.0506622,0.51,1,5206750,5206212,538
366860961,99.1879,70.4716,567,31874,0.0622649,0.17,1,5206876,5206309,567
366863881,52.2752,108.589,454,31940,0.054906,0.11,1,5206897,5206443,454
366866801,34.1101,59.6355,449,32006,0.0639624,0.05,1,5206919,5206470,449
366869721,26.244,39.4542,444,32072,0.0795849,0.07,1,5206940,5206496,444
366872641,33.2976,28.3817,461,32138,0.097834,0.07,1,5206978,5206517,461
366875561,32.519,33.5527,456,32204,0.0571336,0.05,1,5207010,5206554,456
366878481,31.6076,33.8211,453,32270,0.0528534,0.01,1,5207041,5206588,453
366881401,28.843,31.5284,450,32336,0.0631414,0.07,1,5207068,5206618,450
366884321,25.9372,28.8114,447,32401,0.0912566,0.05,1,5207092,5206645,447
366890161,101.35,58.9698,552,32531,0.219801,0.07,1,5207302,5206750,552
366893081,51.94,99.1879,445,32596,0.23792,0.05,1,5207321,5206876,445
366896001,35.176,52.2752,448,32661,0.281168,0.07,1,5207345,5206897,448
366919361,61.0664,58.3749,431,33176,0.41383,0.25,1,5207603,5207172,431
366922281,104.827,101.35,435,33240,0.423532,0.25,1,5207737,5207302,435
366925201,53.9306,51.94,436,33304,0.403413,0.31,1,5207757,5207321,436
366928121,37.1722,35.176,438,33368,0.419365,0.33,1,5207783,5207345,438
366931041,26.8689,26.0704,438,33431,0.425746,0.33,1,5207803,5207365,438
367009881,30.9172,32.2562,485,35099,0.767973,0.69,2,5208836,5208351,485
367012801,26.7669,30.9025,479,35159,0.781189,0.67,2,5208860,5208381,479
367015721,62.9067,27.361,541,35219,0.810476,0.69,2,5208947,5208406,541
367190921,324.577,354.812,482,16060,0.838,0.98,2,5211325,5210843,482
367215741,71.1912,83.0837,451,17896,0.805599,0.61,2,5212142,5211691,451
367218661,54.2765,57.2335,454,18015,0.83224,0.65,2,5212185,5211731,454
367221581,42.7106,43.8934,454,18133,0.830896,0.65,2,5212220,5211766,454
367223041,137.684,17.5574,655,18250,0.854358,0.69,2,5212421,5211766,655
367225961,76.6737,135.423,477,18366,0.863743,0.71,2,5212457,5211980,477
367228881,73.8695,66.7692,528,18482,0.879497,0.77,2,5212529,5212001,528
367301881,51.1558,74.7355,489,21264,0.789808,1,2,5214430,5213941,489
367307721,60.0249,61.9977,486,21463,0.427569,1,1,5214553,5214067,486
367310641,46.81,43.3991,493,21562,0.237028,0.87,1,5214591,5214098,493
367316481,72.2896,78.2239,469,21758,0.0679244,0.89,1,5214813,5214344,469
367322321,43.1263,51.1558,453,21952,0.0720679,0.53,1,5214883,5214430,453
367325241,49.6505,57.0623,446,22049,0.0828272,0.29,1,5214937,5214491,446
367334001,128.938,132.724,422,22336,0.0861809,0.03,1,5215203,5214781,422
367336921,71.3751,72.2896,423,22431,0.0524724,0.13,1,5215236,5214813,423
367339841,47.15,46.3158,425,22526,0.0269889,0.13,1,5215267,5214842,425
367342761,41.06,18.5263,462,22620,0.0167956,0.05,1,5215304,5214842,462
367345681,49.424,32.0105,476,22714,0.0727182,0.09,1,5215359,5214883,476
367348601,47.9696,45.2042,469,22807,0.0830873,0.13,1,5215406,5214937,469
367354441,127.915,36.6327,612,22993,0.098494,0.07,1,5215625,5215013,612
367357361,70.3661,128.653,454,23085,0.0933976,0.03,1,5215657,5215203,454
367360281,47.3464,71.2612,453,23177,0.079359,0.01,1,5215689,5215236,453
367363201,41.7386,47.1045,460,23268,0.0737436,0.01,1,5215727,5215267,460
367366121,50.2954,41.0418,479,23359,0.0594974,0.11,1,5215783,5215304,479
367369041,49.5182,49.4167,473,23450,0.053799,0.09,1,5215832,5215359,473
367380721,46.2725,70.3659,456,23809,0.234897,0.07,1,5216113,5215657,456
367383641,41.309,47.3463,462,23898,0.267959,0.07,1,5216151,5215689,462
367386561,49.5236,41.7385,479,23987,0.281184,0.05,1,5216206,5215727,479
367389481,21.0094,50.2954,425,24075,0.286473,0.05,1,5216208,5215783,425
367418681,36.3828,36.6015,435,24941,0.42753,0.33,1,5216729,5216294,435
367453721,43.1071,47.9906,487,25942,0.768861,0.61,2,5217474,5216987,487
367456641,51.4428,41.9962,506,26024,0.769544,0.61,2,5217531,5217025,506
367459561,21.7771,50.9985,451,26105,0.769818,0.61,2,5217533,5217082,451
367462481,39.9109,21.5994,501,26186,0.781927,0.61,2,5217585,5217084,501
367465401,37.5643,38.6398,487,26267,0.786771,0.61,2,5217621,5217134,487
367466861,135.626,37.0559,652,26348,0.884708,0.71,2,5217822,5217170,652
367588041,38.9759,53.2737,507,29534,0.849988,1,2,5219920,5219413,507
367590961,35.9904,35.1095,518,29606,0.801995,1,2,5219954,5219436,518
367643521,41.9738,43.548,425,30866,0.225373,0.15,1,5220777,5220352,425
367646441,32.9895,32.4192,427,30935,0.252149,0.11,1,5220804,5220377,427
367649361,31.1958,31.5677,426,31003,0.27486,0.19,1,5220834,5220408,426
367672721,43.3611,23.2298,485,31545,0.440211,0.25,1,5221210,5220725,485
367710681,41.9374,31.7777,494,32407,0.770811,0.57,2,5221761,5221267,494
367713601,97.775,39.7111,584,32472,0.806324,0.63,2,5221896,5221312,584
367716521,71.51,95.0844,506,32537,0.82053,0.61,2,5221950,5221444,506
367719441,29.804,71.0338,453,32602,0.826212,0.61,2,5221952,5221499,453
367722361,38.9216,29.6135,496,32667,0.864485,0.61,2,5221997,5221501,496
367725281,30.5686,38.2454,477,32732,0.867794,0.65,2,5222022,5221545,477
367728201,13.4275,29.6982,455,32797,0.869117,0.67,2,5222024,5221569,455
367731121,22.171,28.6793,455,32861,0.881647,0.73,2,5222052,5221597,455
367734041,46.0684,46.2717,459,32925,0.862659,0.75,2,5222114,5221655,459
367736961,34.0274,34.1087,459,32989,0.855064,0.75,2,5222140,5221681,459
367739881,32.8109,32.8435,459,33053,0.864025,0.79,2,5222172,5221713,459
367742801,43.1244,41.9374,461,33117,0.83161,0.83,2,5222222,5221761,461
367745721,99.4498,97.775,463,33181,0.878644,0.83,2,5222359,5221896,463
367748641,72.1799,71.51,463,33245,0.897458,0.83,2,5222413,5221950,463
367754481,40.8288,38.9216,466,33372,0.895993,0.87,2,5222463,5221997,466
367757401,30.7315,30.5686,465,33435,0.892397,0.87,2,5222487,5222022,465
367894641,347.662,353.052,517,16060,0.43,0.97,1,5224511,5223994,517
367903401,121.898,157.763,465,16453,0.08728,0.07,1,5224835,5224370,465
367906321,87.1594,114.105,444,16582,0.052912,0.11,1,5224899,5224455,444
367909241,49.8637,64.2421,438,16710,0.0391648,0.05,1,5224924,5224486,438
367912161,57.7455,40.6969,476,16837,0.0336659,0.01,1,5224987,5224511,476
367915081,135.298,48.0787,610,16963,0.0434664,0.07,1,5225174,5224564,610
367918001,105.719,132.631,507,17088,0.0953865,0.07,1,5225260,5224753,507
367923841,46.1951,79.301,447,17335,0.0836619,0.03,1,5225346,5224899,447
367926761,56.878,46.7204,486,17457,0.0394647,0.03,1,5225410,5224924,486
367929681,136.151,56.4882,612,17579,0.0697859,0.05,1,5225599,5224987,612
367941361,54.8551,46.1629,486,18057,0.0886185,0.01,1,5225832,5225346,486
367944281,23.142,56.8652,424,18175,0.0354474,0.09,1,5225834,5225410,424
367947201,123.857,136.146,426,18292,0.068179,0.13,1,5226025,5225599,426
367950121,105.943,107.858,431,18408,0.0692716,0.19,1,5226119,5225688,431
367953041,79.5771,80.3434,431,18523,0.0937086,0.19,1,5226181,5225750,431
367964721,123.669,123.857,424,18977,0.249359,0.07,1,5226449,5226025,424
367967641,106.468,105.943,425,19089,0.261744,0.11,1,5226544,5226119,425
367982241,129.201,123.669,437,19639,0.412533,0.31,1,5226886,5226449,437
367985161,106.881,49.4677,529,19747,0.447013,0.27,1,5226978,5226449,529
368018741,130.429,129.331,455,21000,0.784717,0.55,2,5227778,5227323,455
368021661,53.3715,56.5324,449,21101,0.775887,0.65,2,5227780,5227331,449
368024581,80.1486,78.413,454,21202,0.772355,0.71,2,5227878,5227424,454
368027501,77.6594,74.5652,458,21302,0.818942,0.77,2,5227954,5227496,458
368030421,43.0638,41.8261,458,21402,0.849577,0.75,2,5227974,5227516,458
368033341,50.8255,50.9304,457,21501,0.885831,0.75,2,5228030,5227573,457
368208541,35.638,39.7569,518,26780,0.853341,1,2,5231808,5231290,518
368211461,32.8552,32.1028,522,26859,0.881336,1,2,5231839,5231317,522
368214381,32.3421,37.4411,513,26938,0.886535,1,2,5231871,5231358,513
368217301,34.5368,41.9764,504,27017,0.888614,1,2,5231907,5231403,504
368220221,106.215,125.991,476,27095,0.889445,0.93,2,5232061,5231585,476
368223141,73.6859,76.7962,484,27173,0.865778,0.94,2,5232113,5231629,484
368226061,67.2744,72.7185,477,27251,0.820311,0.97,2,5232176,5231699,477
368228981,52.1097,55.4874,475,27329,0.778124,0.89,2,5232218,5231743,475
368246501,102.373,106.215,464,27790,0.761247,0.85,2,5232525,5232061,464
368249421,72.749,73.6859,465,27866,0.778499,0.79,2,5232578,5232113,465
368252341,63.2996,67.2744,459,27942,0.7974,0.75,2,5232635,5232176,459
368255261,49.3198,52.1097,457,28018,0.79296,0.69,2,5232675,5232218,457
368258181,38.9279,40.0439,457,28094,0.815184,0.73,2,5232707,5232250,457
368261101,30.5712,31.6176,456,28169,0.812074,0.67,2,5232732,5232276,456
368264021,31.4285,32.447,455,28244,0.798829,0.73,2,5232764,5232309,455
368266941,31.7714,31.5788,456,28319,0.817532,0.77,2,5232796,5232340,456
368269861,37.3086,35.4315,459,28394,0.873013,0.77,2,5232837,5232378,459
368547261,45.2964,49.6319,512,34763,0.83704,1,2,5237396,5236884,512
368564781,36.4618,34.0131,521,35126,0.054416,1,1,5237634,5237113,521
368567701,31.9847,37.0053,511,35186,0.0277664,1,1,5237663,5237152,511
368570621,58.3939,29.2021,563,35246,0.0771066,1,1,5237739,5237176,563
368573541,50.9576,69.8808,512,35306,0.0608426,0.99,1,5237785,5237273,512
368576461,37.783,54.3523,497,35366,0.024337,0.9,1,5237814,5237317,497
368579381,40.9132,39.7409,510,35426,0.0157348,0.77,1,5237857,5237347,510
368582301,34.3653,45.2964,491,35486,0.0242939,0.63,1,5237887,5237396,491
368585221,36.5461,40.3185,492,35546,0.0157176,0.53,1,5237925,5237433,492
368588141,36.2184,40.7274,487,35605,0.024287,0.49,1,5237961,5237474,487
368591061,30.6874,45.091,466,35664,0.0757148,0.21,1,5237988,5237522,466
368593981,13.475,42.6364,427,35723,0.0842859,0,1,5237990,5237563,427
368596901,23.99,38.6546,422,35782,0.0517144,0,1,5238021,5237599,422
368599821,30.596,36.4618,422,35841,0.0206857,0.01,1,5238056,5237634,422
368602741,31.4384,31.9847,425,35900,0.0262743,0.11,1,5238088,5237663,425
368605661,58.1754,58.3939,425,35959,0.0405097,0.05,1,5238164,5237739,425
368608581,49.6701,50.9576,423,36018,0.0222039,0,1,5238208,5237785,423
368611501,38.4681,37.783,425,36077,0.00888155,0.01,1,5238239,5237814,425
368614421,39.9872,40.9132,423,36136,0.0455526,0.03,1,5238280,5237857,423
368617341,33.3949,34.3653,422,36194,0.018221,0.01,1,5238309,5237887,422
368620261,36.158,36.5461,422,36252,0.0372884,0.03,1,5238347,5237925,422
368623181,36.0632,36.2184,422,36310,0.0329154,0.11,1,5238383,5237961,422
368626101,30.6253,30.6874,422,36368,0.0911661,0.09,1,5238410,5237988,422
368631941,24.58,23.99,423,36484,0.0757866,0,1,5238444,5238021,423
368634861,30.232,30.596,422,36542,0.0483146,0.03,1,5238478,5238056,422
368637781,31.8928,31.4384,423,36600,0.0253259,0.05,1,5238511,5238088,423
368640701,60.7571,58.1754,427,36658,0.0401303,0.01,1,5238591,5238164,427
368643621,47.7028,49.6701,422,36716,0.0160521,0,1,5238630,5238208,422
368646541,37.6811,38.4681,422,36774,0.0244209,0.07,1,5238661,5238239,422
368649461,40.2725,39.9872,423,36831,0.0517683,0,1,5238703,5238280,423
368652381,32.909,33.3949,422,36888,0.0207073,0.05,1,5238731,5238309,422
368655301,35.9636,36.158,422,36945,0.0742829,0.03,1,5238769,5238347,422
368658221,38.3854,36.0632,426,37002,0.0477132,0.13,1,5238809,5238383,426
368661141,31.5542,30.6253,426,37059,0.0850853,0.13,1,5238836,5238410,426
368664061,13.8217,13.4501,426,37116,0.0760341,0.05,1,5238838,5238412,426
368666981,22.9287,24.58,423,37173,0.0964136,0.05,1,5238867,5238444,423
368669901,28.3715,9.83202,455,37230,0.0565655,0.03,1,5238899,5238444,455
368672821,31.7486,24.3328,455,37287,0.0286262,0.01,1,5238933,5238478,455
368675741,61.2994,29.5331,503,37344,0.0414505,0.05,1,5239014,5238511,503
368678661,46.7198,59.8132,460,37401,0.0165802,0,1,5239051,5238591,460
368681581,37.2879,47.3253,452,37457,0.0246321,0.03,1,5239082,5238630,452
368684501,40.1152,37.5301,463,37513,0.0278528,0.07,1,5239124,5238661,463
368687421,32.8461,40.212,449,37569,0.0171411,0,1,5239152,5238703,449
368690341,37.7384,32.8848,462,37625,0.0368565,0.11,1,5239193,5238731,462
368693261,38.4954,35.9539,463,37681,0.0327426,0.03,1,5239232,5238769,463
368696181,32.1981,38.3816,451,37737,0.043097,0.11,1,5239260,5238809,451
368699101,14.0793,31.5526,426,37793,0.0472388,0.07,1,5239262,5238836,426
368702021,23.0317,13.8211,453,37849,0.0608955,0.11,1,5239291,5238838,453
368704941,26.6127,22.9284,453,37905,0.0903582,0.03,1,5239320,5238867,453
368707861,31.6451,28.3714,456,37961,0.0661433,0.01,1,5239355,5238899,456
368710781,61.858,31.7485,504,38017,0.0444573,0.05,1,5239437,5238933,504
368713701,45.7432,61.2994,458,38073,0.0237829,0,1,5239472,5239014,458
368716621,36.8973,46.7198,452,38128,0.00951317,0.03,1,5239503,5239051,452
368719541,39.9589,37.2879,463,38183,0.0218053,0.03,1,5239545,5239082,463
368722461,32.7836,40.1152,449,38238,0.0387221,0.01,1,5239573,5239124,449
368725381,38.9134,32.8461,464,38293,0.0334888,0.05,1,5239616,5239152,464
368728301,38.3654,37.7384,461,38348,0.0433955,0.03,1,5239654,5239193,461
368731221,32.7461,38.4954,451,38403,0.0713582,0.05,1,5239683,5239232,451
368734141,14.2985,32.1981,425,38458,0.0825433,0.05,1,5239685,5239260,425
368737061,23.7194,14.0793,453,38513,0.0630173,0.07,1,5239715,5239262,453
368739981,25.0878,23.0317,450,38568,0.0672069,0.11,1,5239741,5239291,450
368742901,11.2351,26.6127,423,38623,0.0928828,0.05,1,5239743,5239320,423
368745821,26.094,31.6451,424,38678,0.0551531,0.03,1,5239779,5239355,424
368748741,59.0376,61.858,423,38733,0.0640612,0.01,1,5239860,5239437,423
368751661,44.615,45.7432,423,38788,0.0256245,0,1,5239895,5239472,423
368754581,37.046,36.8973,424,38842,0.0162498,0.03,1,5239927,5239503,424
368757501,38.8184,39.9589,422,38896,0.0244999,0.05,1,5239967,5239545,422
368760421,32.3274,32.7836,422,38950,0.00979997,0.03,1,5239995,5239573,422
368763341,39.3309,38.9134,423,39004,0.03392,0.05,1,5240039,5239616,423
368766261,39.1324,38.3654,424,39058,0.043568,0.09,1,5240078,5239654,424
368769181,34.253,32.7461,426,39112,0.0834272,0.09,1,5240109,5239683,426
368772101,14.9012,14.2985,426,39166,0.0993709,0.05,1,5240111,5239685,426
368775021,23.3605,23.7194,425,39220,0.0937484,0.07,1,5240140,5239715,425
368783781,25.3751,26.094,423,39382,0.0729599,0.07,1,5240202,5239779,423
368786701,58.75,59.0376,423,39436,0.059184,0,1,5240283,5239860,423
368789621,44.5,44.615,423,39490,0.0296736,0.01,1,5240318,5239895,423
368792541,36.4,37.046,422,39543,0.0118694,0.03,1,5240349,5239927,422
368795461,38.56,38.8184,422,39596,0.0227478,0,1,5240389,5239967,422
368798381,32.224,32.3274,422,39649,0.0270991,0.05,1,5240417,5239995,422
368801301,39.2896,39.3309,422,39702,0.0408396,0.05,1,5240461,5240039,422
368804221,39.1158,39.1324,422,39755,0.0223359,0.11,1,5240500,5240078,422
368807141,36.0463,34.253,425,39808,0.0509343,0.11,1,5240534,5240109,425
368810061,15.6185,14.9012,425,39861,0.0383737,0.09,1,5240536,5240111,425
368812981,24.2474,23.3605,426,39914,0.0573495,0.11,1,5240566,5240140,426
368815901,25.299,24.3442,427,39967,0.0769398,0.11,1,5240592,5240165,427
368818821,11.3196,10.9377,427,40020,0.0607759,0.05,1,5240594,5240167,427
368821741,23.7278,25.3751,424,40073,0.0663104,0.05,1,5240626,5240202,424
368824661,58.0911,10.15,505,40126,0.0325241,0.05,1,5240707,5240202,505
368827581,43.0365,52.66,457,40179,0.0430097,0.01,1,5240740,5240283,457
368830501,35.2146,42.064,452,40232,0.0172039,0,1,5240770,5240318,452
368833421,38.0858,35.4256,461,40284,0.0248815,0.03,1,5240810,5240349,461
368836341,32.0343,38.1702,449,40336,0.0399526,0.03,1,5240838,5240389,449
368839261,39.2137,32.0681,465,40388,0.033981,0.05,1,5240882,5240417,465
368842181,39.0855,39.2272,460,40440,0.0435924,0.01,1,5240921,5240461,460
368845101,36.6342,39.0909,456,40492,0.047437,0.07,1,5240956,5240500,456
368848021,15.8537,36.0364,424,40544,0.0489748,0.03,1,5240958,5240534,424
368850941,24.9415,15.6145,453,40596,0.0375899,0.07,1,5240989,5240536,453
368853861,25.5766,24.2458,449,40648,0.033036,0.09,1,5241015,5240566,449
368856781,11.4306,25.2983,425,40700,0.0432144,0.05,1,5241017,5240592,425
368859701,24.3723,11.3193,456,40752,0.0592858,0.07,1,5241050,5240594,456
368862621,57.7489,23.7277,504,40804,0.0417143,0.01,1,5241130,5240626,504
368865541,41.6996,58.0911,454,40856,0.0706857,0.05,1,5241161,5240707,454
368868461,34.6798,43.0364,451,40908,0.0342743,0,1,5241191,5240740,451
368871381,38.4719,35.2146,462,40960,0.0317097,0.03,1,5241232,5240770,462
368874301,31.5888,38.0858,449,41012,0.0306839,0.05,1,5241259,5240810,449
368877221,39.6355,32.0343,466,41063,0.0302736,0.03,1,5241304,5240838,466
368880141,39.8542,39.2137,462,41114,0.0421094,0.05,1,5241344,5240882,462
368883061,36.9417,39.0855,458,41165,0.0348438,0.05,1,5241379,5240921,458
368885981,15.9767,36.6342,425,41216,0.0439375,0.05,1,5241381,5240956,425
368888901,24.3907,15.8537,453,41267,0.047575,0.03,1,5241411,5240958,453
368891821,25.9563,24.9415,449,41318,0.06103,0.03,1,5241438,5240989,449
368894741,11.5825,25.5766,425,41369,0.066412,0.05,1,5241440,5241015,425
368897661,25.033,11.4306,457,41420,0.0925648,0.07,1,5241474,5241017,457
368900581,56.8132,24.3723,502,41471,0.0910259,0.03,1,5241552,5241050,502
368903501,41.9253,57.7489,454,41522,0.0784104,0.09,1,5241584,5241130,454
368906421,17.9701,41.6996,425,41573,0.0733641,0.01,1,5241586,5241161,425
368909341,23.988,34.6798,423,41624,0.0593457,0.03,1,5241614,5241191,423
368912261,33.5952,38.4719,422,41675,0.0657383,0.03,1,5241654,5241232,422
368915181,29.6381,31.5888,422,41726,0.0562953,0.03,1,5241681,5241259,422
368918101,39.4552,39.6355,423,41777,0.0525181,0.05,1,5241727,5241304,423
368921021,40.3821,39.8542,424,41828,0.0510072,0.03,1,5241768,5241344,424
368923941,37.1528,36.9417,424,41878,0.0384029,0.05,1,5241803,5241379,424
368926861,16.0611,15.9767,424,41928,0.0333612,0.05,1,5241805,5241381,424
368929781,24.4245,24.3907,424,41978,0.0433445,0.07,1,5241835,5241411,424
368932701,27.1698,25.9563,426,42028,0.0353378,0.07,1,5241864,5241438,426
368935621,12.0679,11.5825,426,42078,0.0321351,0.11,1,5241866,5241440,426
368938541,25.8272,25.033,427,42128,0.030854,0.09,1,5241901,5241474,427
368941461,56.5309,56.8132,426,42178,0.0783416,0.07,1,5241978,5241552,426
368944381,41.8123,41.9253,426,42228,0.0973367,0.07,1,5242010,5241584,426
368961901,40.2165,40.3821,422,42528,0.215548,0.03,1,5242190,5241768,422
368964821,37.0866,37.1528,422,42578,0.260219,0.03,1,5242225,5241803,422
368967741,16.0346,16.0611,422,42628,0.278088,0.05,1,5242227,5241805,422
368970661,24.4139,24.4245,422,42678,0.285235,0.03,1,5242257,5241835,422
368973581,27.7655,27.1698,423,42727,0.264094,0.03,1,5242287,5241864,423
368976501,12.3062,12.0679,423,42776,0.255638,0.03,1,5242289,5241866,423
369008621,16.4388,36.9467,435,43315,0.401442,0.29,1,5242660,5242225,435
369011541,24.5755,15.9787,463,43364,0.418577,0.29,1,5242690,5242227,463
369014461,28.4302,24.3915,464,43413,0.413431,0.25,1,5242721,5242257,464
369017381,12.5721,27.7566,436,43462,0.411372,0.25,1,5242723,5242287,436
369020301,27.2288,12.3026,471,43511,0.434549,0.33,1,5242760,5242289,471
369087461,44.3061,43.53,453,44611,0.750879,0.61,2,5243516,5243063,453
369090381,39.9224,39.612,453,44658,0.774351,0.61,2,5243553,5243100,453
369093301,17.169,17.0448,453,44705,0.783741,0.63,2,5243555,5243102,453
369096221,24.8676,24.8179,453,44752,0.787496,0.63,2,5243585,5243132,453
369099141,27.947,27.9272,453,44799,0.788998,0.63,2,5243615,5243162,453
369102061,12.3788,12.3709,453,44846,0.789599,0.63,2,5243617,5243164,453
369104981,28.3515,28.3483,453,44893,0.76584,0.67,2,5243656,5243203,453
369107901,61.1406,59.9393,455,44940,0.804336,0.69,2,5243739,5243284,455
369110821,44.2562,43.1757,456,44987,0.819734,0.69,2,5243772,5243316,456
369113741,18.9025,18.4703,456,45034,0.801894,0.69,2,5243774,5243318,456
369116661,23.161,22.9881,456,45081,0.818757,0.73,2,5243800,5243344,456
369119581,35.6644,34.3952,458,45128,0.801503,0.71,2,5243844,5243386,458
369122501,31.6658,31.1581,458,45175,0.806601,0.71,2,5243873,5243415,458
369125421,13.8663,13.6632,458,45222,0.808641,0.73,2,5243875,5243417,458
369128341,34.9465,34.2653,459,45269,0.857456,0.77,2,5243924,5243465,459
369505021,35.0398,27.0526,513,50924,0.898764,1,2,5247916,5247403,513
369507941,34.4159,26.421,521,50965,0.857506,1,2,5247950,5247429,521
369526921,302.299,343.643,445,23360,0.28024,0.11,1,5248493,5248048,445
369572181,75.4111,71.4571,438,23451,0.0642554,0.05,1,5248708,5248270,438
369575101,85.9644,77.1829,450,23541,0.0557021,0.07,1,5248801,5248351,450
369578021,66.1858,65.0731,446,23631,0.0402809,0.09,1,5248854,5248408,446
369580941,44.4743,39.8293,453,23721,0.0461123,0.05,1,5248884,5248431,453
369583861,27.9897,33.9317,440,23810,0.0604449,0.05,1,5248901,5248461,440
369586781,41.1959,32.7727,458,23899,0.054178,0.09,1,5248951,5248493,458
369589701,48.8784,43.1091,462,23988,0.0756712,0.07,1,5249005,5248543,462
369595541,59.6605,77.4575,423,24164,0.214907,0.05,1,5249131,5248708,423
369598461,80.2642,86.783,424,24252,0.223963,0.03,1,5249225,5248801,424
369601381,63.3057,66.5132,423,24339,0.239585,0.05,1,5249277,5248854,423
369604301,43.9223,44.6053,424,24426,0.245834,0.07,1,5249308,5248884,424
369607221,27.1689,28.0421,423,24513,0.260334,0.05,1,5249324,5248901,423
369610141,41.4676,41.2168,424,24599,0.230133,0.09,1,5249375,5248951,424
369613061,50.787,48.8867,427,24685,0.218053,0.17,1,5249432,5249005,427
369615981,61.7148,59.1547,430,24771,0.249221,0.27,1,5249501,5249071,430
369618901,62.4859,59.6619,433,24857,0.237689,0.23,1,5249564,5249131,433
369621821,80.1944,80.2648,431,24942,0.209075,0.25,1,5249656,5249225,431
369624741,63.8777,63.3059,432,25027,0.24563,0.25,1,5249709,5249277,432
369627661,44.1511,43.9224,432,25112,0.248252,0.27,1,5249740,5249308,432
369630581,27.8604,27.1689,433,25196,0.237301,0.21,1,5249757,5249324,433
369633501,41.1442,41.4676,432,25280,0.26892,0.21,1,5249807,5249375,432
369636421,50.6577,50.787,432,25364,0.293568,0.27,1,5249864,5249432,432
369645181,79.5621,47.6744,522,25614,0.434708,0.19,1,5250086,5249564,522
369674381,45.394,64.8233,479,26429,0.752384,0.57,2,5250620,5250141,479
369677301,30.1576,43.9293,469,26509,0.762954,0.55,2,5250640,5250171,469
369680221,42.663,28.9717,501,26589,0.767181,0.61,2,5250691,5250190,501
369683141,54.8652,41.5887,514,26669,0.792873,0.67,2,5250754,5250240,514
369686061,66.9461,52.6355,529,26748,0.803149,0.65,2,5250829,5250300,529
369688981,62.7784,65.4542,515,26827,0.84326,0.67,2,5250889,5250374,515
369805781,35.0053,42.8334,507,29820,0.8872,1,2,5252967,5252460,507
369811621,25.7608,29.1733,504,29962,0.839152,1,2,5253021,5252517,504
369814541,24.1043,37.4693,484,30033,0.833661,1,2,5253044,5252560,484
369820381,62.0567,58.6751,489,30173,0.261786,1,1,5253186,5252697,489
369826221,88.1691,88.708,477,30313,0.0550857,1,1,5253353,5252876,477
369834981,30.2668,35.0053,467,30522,0.0484055,0.93,1,5253434,5252967,467
369837901,28.3067,34.4021,460,30591,0.0493622,0.79,1,5253461,5253001,460
369840821,25.1227,25.7608,463,30660,0.0737449,0.83,1,5253484,5253021,463
369843741,21.4491,24.1043,459,30729,0.047498,0.41,1,5253503,5253044,459
369846661,43.9796,54.6417,443,30798,0.0609992,0.05,1,5253562,5253119,443
369849581,49.9919,62.0567,430,30867,0.0783997,0.03,1,5253616,5253186,430
369852501,55.3967,61.4227,428,30936,0.0493599,0.01,1,5253675,5253247,428
369855421,83.3587,88.1691,424,31004,0.0257439,0.13,1,5253777,5253353,424
369858341,50.1435,52.6676,423,31072,0.0102976,0.11,1,5253805,5253382,423
369861261,36.8574,36.6671,425,31140,0.046119,0.01,1,5253833,5253408,425
369864181,28.543,30.2668,422,31208,0.0844476,0.05,1,5253856,5253434,422
369867101,27.6172,28.3067,422,31276,0.087779,0.05,1,5253883,5253461,422
369870021,24.2469,11.3227,444,31344,0.0651116,0.09,1,5253905,5253461,444
369872941,21.6987,18.3291,441,31412,0.0680446,0.03,1,5253925,5253484,441
369875861,44.0795,18.7316,481,31479,0.0572179,0.07,1,5253984,5253503,481
369878781,50.6318,42.8927,477,31546,0.0888871,0.09,1,5254039,5253562,477
369881701,55.0527,49.5571,481,31613,0.0535549,0.03,1,5254097,5253616,481
369884621,82.6211,55.2228,523,31680,0.0634219,0.01,1,5254198,5253675,523
369887541,49.8484,83.2891,449,31747,0.0253688,0,1,5254226,5253777,449
369890461,36.7394,50.1157,449,31814,0.0401475,0.07,1,5254254,5253805,449
369893381,30.2957,36.8463,447,31881,0.058059,0.11,1,5254280,5253833,447
369896301,27.7183,28.5385,450,31947,0.0892236,0.09,1,5254306,5253856,450
369899221,24.8873,27.6154,446,32013,0.0896894,0.05,1,5254329,5253883,446
369907981,52.1608,44.0794,481,32211,0.22054,0.11,1,5254465,5253984,481
369910901,53.2643,50.6318,480,32277,0.214216,0.03,1,5254519,5254039,480
369919661,36.6249,49.8484,450,32473,0.0777898,0.05,1,5254676,5254226,450
369922581,31.45,36.7394,450,32538,0.0731159,0.07,1,5254704,5254254,450
369925501,29.38,30.2957,452,32603,0.0952464,0.11,1,5254732,5254280,452
369937181,42.9777,44.902,434,32862,0.20783,0.25,1,5254842,5254408,434
369940101,51.3911,52.1608,434,32926,0.221132,0.21,1,5254899,5254465,434
369943021,51.7564,53.2643,432,32990,0.250453,0.13,1,5254951,5254519,432
369945941,80.1026,81.9057,430,33054,0.298181,0.09,1,5255050,5254620,430
369954701,31.0706,31.45,425,33246,0.297244,0.11,1,5255129,5254704,425
369957621,30.4282,29.38,427,33310,0.292897,0.13,1,5255159,5254732,427
369960541,27.1713,26.152,428,33373,0.279159,0.15,1,5255184,5254756,428
369963461,23.4685,21.8608,430,33436,0.285664,0.15,1,5255205,5254775,430
369966381,10.5874,9.94432,430,33499,0.288265,0.25,1,5255207,5254777,430
369969301,45.635,42.9777,434,33562,0.265306,0.23,1,5255276,5254842,434
369972221,51.854,51.3911,433,33625,0.292122,0.27,1,5255332,5254899,433
370007261,53.9593,40.9016,490,34373,0.413346,0.33,1,5255822,5255332,490
370010181,81.5837,49.3606,535,34435,0.447338,0.35,1,5255922,5255387,535
370048141,36.0321,47.6335,472,35224,0.76038,0.49,2,5256419,5255947,472
370051061,31.8129,35.2534,474,35284,0.778152,0.49,2,5256448,5255974,474
370053981,31.9251,30.9014,478,35344,0.797261,0.53,2,5256480,5256002,478
370056901,27.1701,30.9605,471,35404,0.816904,0.53,2,5256504,5256033,471
370059821,22.868,26.7842,467,35464,0.824762,0.53,2,5256524,5256057,467
370062741,10.3472,22.7137,449,35524,0.827905,0.53,2,5256526,5256077,449
370065661,47.3389,10.2855,519,35584,0.853162,0.59,2,5256598,5256079,519
370237941,31.3518,25.8547,516,38932,0.896166,1,2,5258938,5258422,516
370240861,25.7407,30.1419,505,38986,0.856467,1,2,5258960,5258455,505
370243781,35.4963,28.8567,519,39040,0.780587,1,2,5259002,5258483,519
370246701,33.3985,49.9427,487,39094,0.750235,1,2,5259034,5258547,487
370255461,80.9775,80.9563,493,39256,0.444255,1,1,5259220,5258727,493
370293421,73.9755,80.9775,439,39950,0.408036,0.37,1,5259659,5259220,439
370296341,47.5902,49.791,440,40003,0.409214,0.37,1,5259689,5259249,440
370299261,34.6361,36.1164,439,40056,0.409686,0.35,1,5259715,5259276,439
370302181,31.2544,31.2466,440,40109,0.409874,0.35,1,5259744,5259304,440
370310941,25.8803,21.6798,465,40268,0.427272,0.37,1,5259812,5259347,465
370313861,24.7521,26.0719,460,40320,0.416909,0.31,1,5259836,5259376,460
370316781,23.7008,24.8288,459,40372,0.424764,0.37,1,5259859,5259400,459
370357661,29.5405,23.7008,475,41098,0.75936,0.47,2,5260334,5259859,475
370360581,34.0162,29.2803,479,41149,0.753744,0.47,2,5260371,5259892,479
370363501,34.6065,32.1121,480,41200,0.775498,0.51,2,5260406,5259926,480
370366421,39.0426,33.8449,487,41251,0.784199,0.55,2,5260448,5259961,487
370369341,74.417,36.9379,546,41302,0.82368,0.57,2,5260546,5260000,546
370372261,48.9668,72.9752,481,41353,0.839472,0.59,2,5260578,5260097,481
370375181,37.5867,47.7901,480,41404,0.845789,0.65,2,5260608,5260128,480
370378101,32.4347,35.316,482,41455,0.884315,0.65,2,5260637,5260155,482
370564981,31.7023,27.6678,535,44597,0.897366,1,2,5262753,5262218,535
370621921,79.9336,89.7448,466,20750,0.286331,0.39,1,5263551,5263085,466
370627761,62.4694,62.9592,472,20954,0.282213,0.35,1,5263662,5263190,472
370630681,34.5877,55.7837,437,21055,0.298885,0.31,1,5263678,5263241,437
370636521,111.374,120.645,435,21256,0.413822,0.27,1,5263873,5263438,435
370639441,83.5496,87.2582,435,21356,0.447529,0.27,1,5263938,5263503,435
370662801,64.0363,62.1933,445,22138,0.75478,0.55,2,5264431,5263986,445
370668641,59.6858,58.9109,447,22329,0.769965,0.57,2,5264544,5264097,447
370671561,34.0743,33.1644,448,22424,0.769986,0.61,2,5264561,5264113,448
370674481,34.6297,33.0657,450,22519,0.781994,0.61,2,5264596,5264146,450
370677401,119.452,13.2263,626,22613,0.834798,0.71,2,5264772,5264146,626
370680321,86.1808,107.291,520,22707,0.855919,0.73,2,5264836,5264316,520
370683241,66.2723,81.9162,508,22800,0.888368,0.79,2,5264889,5264381,508
370779601,55.7476,44.8174,542,25689,0.842666,1,2,5266907,5266365,542
370782521,45.6991,63.527,505,25771,0.799066,1,2,5266946,5266441,505
370785441,38.0796,42.8108,509,25853,0.757626,1,2,5266979,5266470,509
370794201,51.7571,82.4679,508,26098,0.254648,1,1,5267243,5266735,508
370805881,39.1394,55.7464,492,26421,0.088359,0.77,1,5267399,5266907,492
370808801,34.8558,45.6986,485,26501,0.0773436,0.73,1,5267431,5266946,485
370814641,75.5369,120.232,489,26661,0.090375,0.17,1,5267643,5267154,489
370838001,108.405,109.342,425,27290,0.273061,0.07,1,5268015,5267590,425
370843841,47.4648,47.0148,426,27445,0.43369,0.11,1,5268097,5267671,426
370893481,82.2901,114.8,508,28728,0.776523,0.63,2,5268962,5268454,508
370896401,52.116,79.5201,484,28802,0.772609,0.67,2,5268994,5268510,484
370899321,40.0464,49.808,486,28876,0.783044,0.67,2,5269026,5268540,486
370902241,34.6186,39.1232,485,28949,0.787217,0.71,2,5269057,5268572,485
370905161,15.0474,33.0493,458,29022,0.788887,0.71,2,5269059,5268601,458
370908081,44.419,14.4197,520,29095,0.801555,0.69,2,5269123,5268603,520
370911001,35.7676,44.7679,485,29168,0.818622,0.69,2,5269153,5268668,485
370913921,33.507,35.9072,487,29241,0.837449,0.69,2,5269185,5268698,487
370916841,120.203,33.5629,633,29313,0.86898,0.75,2,5269363,5268730,633
370919761,84.0811,117.225,520,29385,0.881592,0.81,2,5269423,5268903,520
370922681,52.2324,82.2901,492,29457,0.874637,0.77,2,5269454,5268962,492
370925601,40.693,52.116,493,29529,0.895855,0.79,2,5269487,5268994,493
370928521,34.2772,40.0464,491,29601,0.880342,0.79,2,5269517,5269026,491
370931441,14.9109,34.6186,462,29673,0.874137,0.79,2,5269519,5269057,462
371057001,30.8694,34.2812,504,32599,0.896468,1,2,5271545,5271041,504
371059921,30.3478,29.9125,507,32664,0.880587,1,2,5271575,5271068,507
371062841,96.7391,31.165,616,32729,0.898235,0.99,2,5271716,5271100,616
371191321,90.6946,29.1802,613,35461,0.785496,1,2,5273613,5273000,613
371200081,36.2845,44.6115,507,35640,0.438832,1,1,5273725,5273218,507
371203001,17.5138,32.8446,487,35699,0.409533,1,1,5273730,5273243,487
371211761,26.8489,30.7101,487,35876,0.22661,1,1,5273824,5273337,487
371217601,32.4958,36.3536,478,35994,0.0878576,0.93,1,5273895,5273417,478
371220521,29.1983,34.3414,472,36053,0.053143,0.91,1,5273922,5273450,472
371223441,32.0793,34.7366,471,36112,0.0272572,0.69,1,5273956,5273485,471
371226361,79.4317,90.6946,454,36171,0.0769029,0.51,1,5274067,5273613,454
371229281,47.3727,57.2779,445,36229,0.0727612,0.39,1,5274093,5273648,445
371232201,48.3491,54.7111,441,36287,0.0711045,0.41,1,5274142,5273701,441
371276001,27.2007,27.1663,428,37151,0.226008,0.17,1,5274631,5274203,428
371278921,26.4803,10.8665,454,37208,0.216403,0.17,1,5274657,5274203,454
371281841,22.5921,19.3466,449,37265,0.212561,0.13,1,5274677,5274228,449
371296441,81.0931,31.4,539,37548,0.212311,0.17,1,5274917,5274378,539
371299361,49.2372,79.76,455,37604,0.222924,0.13,1,5274945,5274490,455
371302281,49.6949,48.704,477,37660,0.22717,0.15,1,5274995,5274518,477
371305201,37.278,48.8816,457,37716,0.228868,0.17,1,5275024,5274567,457
371308121,16.1112,35.7526,432,37772,0.253547,0.21,1,5275026,5274594,432
371311041,28.0445,15.5011,466,37828,0.299419,0.25,1,5275062,5274596,466
371375281,51.1225,50.5077,450,39038,0.752223,0.57,2,5275878,5275428,450
371378201,39.049,38.2031,451,39092,0.750889,0.57,2,5275909,5275458,451
371381121,16.8196,16.4812,451,39146,0.750356,0.57,2,5275911,5275460,451
371395721,28.1543,28.1662,450,39416,0.766208,0.61,2,5276037,5275587,450
371398641,26.8617,26.8665,450,39470,0.780483,0.63,2,5276063,5275613,450
371401561,26.9447,26.3466,451,39524,0.786193,0.61,2,5276090,5275639,451
371404481,31.1779,31.5386,450,39577,0.836477,0.69,2,5276124,5275674,450
371407401,90.4712,87.0155,456,39630,0.856591,0.77,2,5276254,5275798,456
371410321,55.3885,52.8062,458,39683,0.840636,0.77,2,5276286,5275828,458
371413241,52.1554,51.1225,458,39736,0.894255,0.75,2,5276336,5275878,458
371597201,212.988,167.326,565,19092,0.232816,0.55,1,5278601,5278036,565
371603041,88.678,109.692,474,19314,0.0552506,0.37,1,5278758,5278284,474
371605961,64.8712,84.6769,455,19424,0.0401002,0.19,1,5278807,5278352,455
371608881,54.7485,71.6708,440,19533,0.0340401,0.19,1,5278855,5278415,440
371611801,38.0994,42.4683,444,19642,0.031616,0.23,1,5278882,5278438,444
371614721,99.8398,30.1873,563,19750,0.0906464,0.03,1,5279023,5278460,563
371620561,71.4144,104.67,471,19964,0.210103,0.01,1,5279182,5278711,471
371623481,56.7657,70.068,471,20070,0.210041,0.03,1,5279229,5278758,471
371626401,52.1063,57.4272,471,20176,0.234017,0.03,1,5279278,5278807,471
371629321,36.4425,51.7709,449,20281,0.243607,0.03,1,5279304,5278855,449
371632241,103.377,36.9084,570,20386,0.235443,0.13,1,5279452,5278882,570
371635161,108.551,99.3633,541,20490,0.280177,0.19,1,5279564,5279023,541
371649761,102.933,36.4376,580,21002,0.412837,0.23,1,5279884,5279304,580
371652681,42.3732,103.375,434,21103,0.423135,0.31,1,5279886,5279452,434
371681881,55.7009,54.0479,448,22088,0.766003,0.57,2,5280547,5280099,448
371684801,54.0804,52.2192,450,22184,0.780401,0.59,2,5280600,5280150,450
371687721,40.2321,38.8877,451,22280,0.77416,0.67,2,5280631,5280180,451
371690641,106.693,103.755,455,22375,0.783664,0.67,2,5280782,5280327,455
371693561,43.8771,42.702,455,22470,0.787466,0.73,2,5280784,5280329,455
371696481,88.9509,87.8808,456,22564,0.824986,0.73,2,5280903,5280447,456
371699401,67.3803,35.1523,509,22658,0.851994,0.75,2,5280956,5280447,509
371702321,56.3521,44.6609,507,22752,0.874798,0.79,2,5281005,5280498,507
371798681,33.0172,32.0595,517,25648,0.804016,1,2,5282997,5282480,517
371807441,81.0251,65.6998,571,25895,0.080017,1,1,5283282,5282711,571
371810361,63.61,87.4799,521,25977,0.0500068,1,1,5283334,5282813,521
371813281,45.844,63.192,508,26059,0.0380027,0.99,1,5283368,5282860,508
371816201,39.9376,44.4768,512,26140,0.0332011,1,1,5283404,5282892,512
371819121,31.575,43.5907,495,26221,0.0432804,0.86,1,5283430,5282935,495
371822041,25.83,36.0363,486,26302,0.0173122,0.73,1,5283452,5282966,486
371824961,85.932,33.0145,581,26383,0.0369249,0.11,1,5283578,5282997,581
371827881,55.3728,107.406,459,26463,0.0447699,0,1,5283613,5283154,459
371830801,77.9491,64.5623,516,26543,0.035908,0.03,1,5283706,5283190,516
371833721,61.1796,81.0249,474,26623,0.0323632,0.03,1,5283756,5283282,474
371836641,44.8719,63.61,456,26703,0.0549453,0.03,1,5283790,5283334,456
371839561,42.5487,45.844,463,26782,0.0519781,0.03,1,5283831,5283368,463
371842481,29.0195,39.9376,447,26861,0.0507912,0.05,1,5283851,5283404,447
371845401,12.8078,31.575,423,26940,0.0503165,0,1,5283853,5283430,423
371848321,18.9231,25.83,424,27019,0.0381266,0.05,1,5283876,5283452,424
371851241,84.9692,85.932,427,27097,0.0452506,0.05,1,5284005,5283578,427
371854161,53.1877,55.3728,424,27175,0.0481003,0.03,1,5284037,5283613,424
371857081,76.4751,77.9491,423,27253,0.0492401,0.03,1,5284129,5283706,423
371860001,59.99,61.1796,422,27331,0.061696,0.07,1,5284178,5283756,422
371862921,46.796,44.8719,426,27408,0.0546784,0.05,1,5284216,5283790,426
371865841,42.1184,42.5487,424,27485,0.0878714,0.05,1,5284255,5283831,424
371883361,76.1085,76.4751,422,27944,0.0857558,0.07,1,5284551,5284129,422
                                                                                                                                                                                                                                                                                                                                                                                                                                                                                                                                                                                                                                                                                                                                                                                                                                                                                                                                                                                                                                                                                                                                                                                                                                                                                                                                                                                                                                                                                                                                                                                                                                                                                                                                                                                                                                                                                                                                                                                                                                                                                                                                              