#Ack,ack_ewma(ms),send_ewma(ms),rtt_ratio,cwnd (Bytes),Last Router Ocupation Ack Arriaval(Packets),Last Router Ocupation Packet Sent(Packets),Network Situation,AckArrival(ms),TSInsideAck(ms),RTTAck(ms)
55481,3.7731,3.27558,426,42340,0.00473384,0,1,91695,91269,426
58401,2.70924,2.51023,426,43800,0.0198935,0,1,91697,91271,426
61321,2.2837,1.00409,428,45260,0.0379574,0,1,91699,91271,428
64241,2.11348,1.60164,428,46720,0.057183,0.03,1,91701,91273,428
67161,2.04539,1.84065,428,48180,0.0768732,0.03,1,91703,91275,428
70081,115.418,0.736262,619,49640,0.0487493,0.01,1,91894,91275,619
73001,47.3673,119.095,423,51100,0.0374997,0.03,1,91896,91473,423
75921,145.547,174.838,422,52560,0.0329999,0.03,1,92107,91685,422
78841,59.4188,69.9351,424,54020,0.0312,0.03,1,92109,91685,424
81761,24.9675,29.174,424,55480,0.03048,0.03,1,92111,91687,424
84681,11.187,12.8696,424,56940,0.030192,0.03,1,92113,91689,424
87601,5.6748,5.14785,426,58400,0.0120768,0.03,1,92115,91689,426
90521,3.46992,3.25914,426,59860,0.00483072,0,1,92117,91691,426
93441,2.58797,2.50366,426,61320,0.0199323,0,1,92119,91693,426
96361,2.23519,1.00146,428,62780,0.0379729,0,1,92121,91693,428
99281,2.09407,1.60058,428,64240,0.0571892,0.03,1,92123,91695,428
102201,2.03763,1.84023,428,65700,0.0768757,0.03,1,92125,91697,428
105121,2.01505,0.736094,430,67160,0.0967503,0.05,1,92127,91697,430
119721,110,115.195,423,74460,0.0766675,0.03,1,92317,91894,423
122641,45.2001,46.078,425,75920,0.036667,0.03,1,92319,91894,425
125561,19.28,19.6312,425,77380,0.0206668,0.03,1,92321,91896,425
128481,132.512,134.452,422,78840,0.0382667,0.03,1,92529,92107,422
131401,54.2048,53.781,424,80300,0.0453067,0.03,1,92531,92107,424
134321,22.8819,22.7124,424,81760,0.0481227,0.03,1,92533,92109,424
137241,10.3528,10.285,424,83220,0.0492491,0.03,1,92535,92111,424
140161,5.34111,4.11398,426,84680,0.0256996,0.03,1,92537,92111,426
143081,3.33644,2.84559,426,86140,0.0102799,0,1,92539,92113,426
146001,2.53458,2.33824,426,87600,0.0221119,0,1,92541,92115,426
148921,2.21383,0.935295,428,89060,0.0388448,0,1,92543,92115,428
151841,2.08553,1.57412,428,90520,0.0575379,0.03,1,92545,92117,428
154761,2.03421,1.82965,428,91980,0.0770152,0.03,1,92547,92119,428
157681,2.01369,0.731859,430,93440,0.0968061,0.05,1,92549,92119,430
175201,2.00006,0.718006,434,102200,0.216667,0.13,1,92561,92127,434
178121,2.00002,1.4872,434,103660,0.236667,0.15,1,92563,92129,434
181041,2.00001,1.79488,434,105120,0.256667,0.15,1,92565,92131,434
183961,2,0.717952,436,106580,0.276667,0.17,1,92567,92131,436
186881,2,1.48718,436,108040,0.296667,0.19,1,92569,92133,436
192721,101,0.717949,603,110960,0.264667,0.01,1,92738,92135,603
195641,41.6,109.487,423,112420,0.243867,0.01,1,92740,92317,423
198561,17.84,44.9949,423,113880,0.235547,0.01,1,92742,92319,423
201481,8.336,17.9979,425,115340,0.232219,0.01,1,92744,92319,425
204401,4.5344,8.39918,425,116800,0.230887,0.05,1,92746,92321,425
210241,51.1255,51.2639,424,119720,0.062142,0.05,1,92953,92529,424
213161,21.6502,21.7055,424,121180,0.0428568,0.05,1,92955,92531,424
216081,9.86008,9.88222,424,122640,0.0351427,0.05,1,92957,92533,424
219001,5.14403,3.95289,426,124100,0.0140571,0.05,1,92959,92533,426
221921,3.25761,2.78115,426,125560,0.00562283,0.01,1,92961,92535,426
224841,2.50305,2.31246,426,127020,0.0202491,0.01,1,92963,92537,426
227761,2.20122,0.924985,428,128480,0.0380997,0,1,92965,92537,428
230681,2.08049,1.56999,428,129940,0.0512399,0.03,1,92967,92539,428
233601,2.03219,1.828,428,131400,0.0324959,0.03,1,92969,92541,428
236521,2.01288,0.731199,430,132860,0.0129984,0.05,1,92971,92541,430
239441,2.00515,1.49248,430,134320,0.0951993,0.07,1,92973,92543,430
245281,2.00082,0.718797,432,137240,0.0920319,0.09,1,92977,92545,432
248201,2.00033,1.48752,432,138700,0.0608128,0.11,1,92979,92547,432
251121,2.00013,1.79501,432,140160,0.0243251,0.11,1,92981,92549,432
259881,2.00001,1.79488,434,144540,0.0937168,0.15,1,92987,92553,434
262801,2,0.717952,436,146000,0.0614867,0.17,1,92989,92553,436
265721,2,1.48718,436,147460,0.0245947,0.19,1,92991,92555,436
283241,2,1.48718,440,156220,0.0842313,0.27,1,93003,92563,440
286161,2,1.79487,440,157680,0.0396925,0.27,1,93005,92565,440
297841,2,0.717949,444,163520,0.206216,0.33,1,93013,92569,444
303681,94.4,100.795,433,166440,0.252595,0.23,1,93171,92738,433
306601,38.96,40.3179,435,167900,0.275038,0.23,1,93173,92738,435
309521,16.784,17.3272,435,169360,0.284015,0.23,1,93175,92740,435
312441,7.9136,8.13087,435,170820,0.287606,0.23,1,93177,92742,435
315361,4.36544,3.25235,437,172280,0.289042,0.23,1,93179,92742,437
318281,2.94618,2.50094,437,173740,0.289617,0.23,1,93181,92744,437
320321,2.37847,2.20038,437,175200,0.265847,0.27,1,93183,92746,437
326161,46.9406,122.272,423,178120,0.0677355,0.03,1,93374,92951,423
329081,19.9762,50.1088,423,179580,0.0450942,0.03,1,93376,92953,423
332001,9.19049,20.0435,425,181040,0.0360377,0.03,1,93378,92953,425
334881,4.87619,9.21741,425,182500,0.0324151,0,1,93380,92955,425
337801,3.75048,7.28696,422,183960,0.012966,0,1,93383,92961,422
340721,2.70019,2.91479,424,185420,0.00518641,0,1,93385,92961,424
343641,2.28008,1.16591,426,186880,0.00207456,0,1,93387,92961,426
346561,2.11203,0.466366,428,188340,0.000829826,0,1,93389,92961,428
349441,2.04481,0.186546,430,189800,0.00033193,0,1,93391,92961,430
352361,2.01792,6.07462,422,191260,0.000132772,0,1,93393,92971,422
355281,2.00717,2.42985,424,192720,0.0960531,0,1,93395,92971,424
361121,2.00115,0.388776,428,195640,0.0921685,0,1,93399,92971,428
364001,2.00046,0.15551,430,197100,0.0608674,0.18,1,93401,92971,430
366921,2.60018,6.6622,422,198560,0.024347,0.18,1,93404,92982,422
369841,2.24007,2.66488,424,200020,0.00973878,0.18,1,93406,92982,424
422281,2.01497,0.220991,430,227760,0.0833539,0.19,1,93445,93015,430
431601,3.92038,6.00566,436,233600,0.22855,0.29,1,93461,93025,436
449081,10.0926,9.98306,433,242360,0.269339,0.22,1,93629,93196,433
451361,5.23704,3.99322,435,243820,0.221735,0,1,93631,93196,435
454281,106.495,113.797,422,245280,0.0946942,0,1,93805,93383,422
457201,43.7979,45.5189,424,246740,0.0378777,0,1,93807,93383,424
460121,18.7192,18.2076,426,248200,0.0151511,0,1,93809,93383,426
463041,8.68767,7.28303,428,249660,0.00606043,0,1,93811,93383,428
465921,4.67507,2.91321,430,251120,0.00242417,0.12,1,93813,93383,430
468841,5.47003,9.56528,422,252580,0.000969668,0.12,1,93819,93397,422
471761,3.38801,3.82611,424,254040,0.000387867,0.12,1,93821,93397,424
474681,2.5552,1.53045,426,255500,0.000155147,0.12,1,93823,93397,426
477601,2.22208,0.612178,428,256960,0.0720621,0.12,1,93825,93397,428
480521,2.08883,0.244871,430,258420,0.0768248,0.12,1,93827,93397,430
483441,2.03553,0.0979485,432,259880,0.0547299,0.12,1,93829,93397,432
485681,2.01421,0.0391794,434,261340,0.021892,0.26,1,93831,93397,434
488601,2.00569,6.61567,425,262800,0.0687568,0.26,1,93833,93408,425
491521,2.00227,2.64627,427,264260,0.0635027,0.26,1,93835,93408,427
494441,2.00091,1.05851,429,265720,0.0914011,0.26,1,93837,93408,429
497361,2.00036,0.423403,431,267180,0.0845604,0.26,1,93839,93408,431
500241,2.00015,0.169361,433,268640,0.0578242,0.08,1,93841,93408,433
503161,2.00006,5.46774,426,270100,0.0831297,0.08,1,93843,93417,426
506081,2.00002,2.1871,428,271560,0.0692519,0.08,1,93845,93417,428
509001,2.00001,0.874839,430,273020,0.0397007,0.08,1,93847,93417,430
511681,2,0.349936,432,274480,0.0158803,0.12,1,93849,93417,432
514601,2,4.93997,426,275940,0.00635212,0.12,1,93851,93425,426
517521,2,1.97599,428,277400,0.00254085,0.12,1,93853,93425,428
520441,2,0.790396,430,278860,0.00101634,0.12,1,93855,93425,430
522081,1.4,0.316158,431,280320,0.000406536,0.23,1,93856,93425,431
533761,2.02304,0.392094,430,286160,0.228826,0.23,1,93865,93435,430
536681,2.00922,0.156837,432,287620,0.229531,0.23,1,93867,93435,432
538721,2.00369,0.062735,434,289080,0.205812,0.06,1,93869,93435,434
564101,93.9507,5.12075,582,302220,0.238959,0.23,1,94053,93471,582
567021,38.7803,93.2483,432,303680,0.257583,0.23,1,94055,93623,432
569941,16.7121,37.2993,434,305140,0.265033,0.23,1,94057,93623,434
572861,7.88485,14.9197,436,306600,0.268013,0.23,1,94059,93623,436
575781,4.35394,5.96789,438,308060,0.269205,0.23,1,94061,93623,438
592621,8.17361,17.3774,427,316820,0.0735846,0,1,94240,93813,427
595301,5.06944,6.95096,430,318280,0.0294338,0,1,94243,93813,430
598221,3.22778,8.18038,423,319740,0.0117735,0,1,94245,93822,423
601141,2.49111,3.27215,425,321200,0.00470941,0,1,94247,93822,425
603621,2.19644,1.30886,427,322660,0.00188376,0.1,1,94249,93822,427
606541,2.07858,2.92354,425,324120,0.0607535,0.1,1,94251,93826,425
608401,1.43143,1.16942,426,325580,0.0723014,0.1,1,94252,93826,426
611321,1.77257,4.06777,422,327040,0.0529206,0.1,1,94254,93832,422
614241,1.90903,1.62711,424,328500,0.0211682,0.1,1,94256,93832,424
616721,1.96361,0.650843,426,329960,0.0564673,0.02,1,94258,93832,426
619641,7.38544,9.26034,422,331420,0.0225869,0.02,1,94269,93847,422
636481,2.02206,0.0379303,434,340180,0.0655031,0,1,94281,93847,434
639401,2.00882,4.21517,429,341640,0.0262012,0,1,94283,93854,429
642321,2.00353,1.68607,431,343100,0.0344805,0,1,94285,93854,431
645241,2.00141,0.674428,433,344560,0.0137922,0,1,94287,93854,433
647921,2.00056,0.269771,435,346020,0.00551688,0.16,1,94289,93854,435
650841,2.00023,5.50791,428,347480,0.00220675,0.16,1,94291,93863,428
653761,2.00009,2.20316,430,348940,0.0008827,0.16,1,94293,93863,430
656681,2.00004,0.881265,432,350400,0.00035308,0.16,1,94295,93863,432
670001,1.98464,0.393024,431,357700,0.0837348,0.12,1,94304,93873,431
671841,1.39386,0.15721,432,359160,0.0574939,0.25,1,94305,93873,432
686401,2.02451,0.17057,433,366460,0.0843199,0.22,1,94317,93884,433
690981,10.2839,3.38729,444,369380,0.210291,0.3,1,94342,93898,444
693061,92.9136,9.15492,579,370840,0.258116,0.21,1,94490,93911,579
695981,38.9654,96.662,427,372300,0.289247,0.21,1,94493,94066,427
707621,8.34632,2.47455,444,378140,0.201469,0.25,1,94510,94066,444
710541,5.13853,9.38982,433,379600,0.260587,0.25,1,94513,94080,433
712401,2.65541,3.75593,434,381060,0.272235,0.05,1,94514,94080,434
718241,37.1449,39.0009,424,383980,0.296758,0.05,1,94664,94240,424
720721,16.0579,15.6004,426,385440,0.268703,0,1,94666,94240,426
723641,7.62318,9.84015,422,386900,0.233481,0,1,94668,94246,422
740721,2.33023,0.577905,428,395660,0.0843496,0.04,1,94688,94260,428
743641,2.13209,0.231162,430,397120,0.0457398,0.04,1,94690,94260,430
746561,2.05284,0.0924648,432,398580,0.0182959,0.04,1,94692,94260,432
749221,2.02113,0.0369859,434,400040,0.00731837,0.2,1,94694,94260,434
752141,2.00845,7.81479,423,401500,0.0269274,0.2,1,94696,94273,423
754421,6.80338,3.12592,433,402960,0.0947709,0.04,1,94706,94273,433
757341,3.92135,8.45037,423,404420,0.0979084,0.04,1,94708,94285,423
760261,2.76854,3.38015,425,405880,0.0751633,0.04,1,94710,94285,425
763181,2.30742,1.35206,427,407340,0.0420653,0.04,1,94712,94285,427
766101,2.12297,0.540823,429,408800,0.0168261,0.04,1,94714,94285,429
769021,2.04919,0.216329,431,410260,0.0427305,0.04,1,94716,94285,431
771061,2.01967,0.0865317,433,411720,0.0290922,0.22,1,94718,94285,433
773981,2.00787,6.63461,424,413180,0.0116369,0.22,1,94720,94296,424
776901,2.00315,2.65385,426,414640,0.00465475,0.22,1,94722,94296,426
779821,2.00126,1.06154,428,416100,0.0018619,0.22,1,94724,94296,428
782741,2.0005,0.424615,430,417560,0.00074476,0.22,1,94726,94296,430
785661,2.0002,0.169846,432,419020,0.000297904,0.22,1,94728,94296,432
804341,2.00983,0.0801503,434,429240,0.220521,0.1,1,94743,94309,434
807261,2.00393,3.63206,430,430700,0.214209,0.1,1,94745,94315,430
815581,3.80025,5.03245,434,435080,0.0415493,0.18,1,94757,94323,434
821601,10.8992,10.8821,435,439460,0.253219,0.29,1,94784,94349,435
824521,90.7597,94.9528,428,440920,0.275288,0.29,1,94928,94500,428
827441,37.5039,37.9811,430,442380,0.284115,0.29,1,94930,94500,430
830361,16.2015,15.1925,432,443840,0.287646,0.29,1,94932,94500,432
833281,7.68062,6.07698,434,445300,0.289058,0.29,1,94934,94500,434
839701,6.46756,3.50893,439,449680,0.26666,0.3,1,94952,94513,439
842621,3.78702,5.00357,435,451140,0.298664,0.3,1,94954,94519,435
844901,84.3148,2.00143,573,452600,0.293466,0.15,1,95092,94519,573
847821,34.9259,92.0006,423,454060,0.291386,0.15,1,95094,94671,423
850741,15.1704,36.8002,425,455520,0.290554,0.15,1,95096,94671,425
853661,7.26815,14.7201,427,456980,0.290222,0.15,1,95098,94671,427
856581,4.10726,5.88804,429,458440,0.290089,0.15,1,95100,94671,429
858421,4.6429,2.35521,434,459900,0.230035,0.14,1,95105,94671,434
875301,2.08763,0.435119,429,468660,0.0657998,0,1,95122,94693,429
878181,2.63505,0.174048,432,470120,0.0263199,0.18,1,95125,94693,432
881101,2.25402,6.66962,423,471580,0.058528,0.18,1,95127,94704,423
882961,1.50161,2.66785,424,473040,0.0594112,0.02,1,95128,94704,424
885881,7.80064,9.46714,422,474500,0.0237645,0.02,1,95140,94718,422
888801,4.32026,3.78686,424,475960,0.00950579,0.02,1,95142,94718,424
908361,2.0038,0.678204,431,486180,0.074227,0,1,95156,94725,431
910001,1.40152,0.271282,432,487640,0.0476908,0.16,1,95157,94725,432
912921,2.96061,4.30851,429,489100,0.0190763,0.16,1,95161,94732,429
924161,2.50459,3.7103,424,494940,0.0808403,0.19,1,95171,94747,424
927081,2.20184,1.48412,426,496400,0.0503361,0.19,1,95173,94747,426
930001,2.08073,0.593648,428,497860,0.0201345,0.19,1,95175,94747,428
941001,8.00207,9.0152,431,503700,0.0928674,0.26,1,95193,94762,431
943921,4.40083,3.60608,433,505160,0.091147,0.26,1,95195,94762,433
948481,1.78413,0.576973,436,508080,0.204184,0.32,1,95198,94762,436
950561,11.5137,10.4308,437,509540,0.237673,0.3,1,95216,94779,437
952641,13.6055,12.5723,438,511000,0.221069,0.25,1,95231,94793,438
955561,87.6422,93.2289,428,512460,0.286428,0.25,1,95368,94940,428
969081,8.63698,8.75466,434,519760,0.216754,0.34,1,95387,94953,434
971781,5.85479,3.50187,438,521220,0.290702,0.28,1,95391,94953,438
995701,9.57998,1.58346,438,534360,0.287688,0,1,95554,95116,438
998621,5.03199,10.8334,423,535820,0.253075,0,1,95556,95133,423
1001541,3.2128,4.33335,425,537280,0.21523,0,1,95558,95133,425
1013221,2.03105,0.110934,433,543120,0.0659899,0,1,95566,95133,433
1015461,2.01242,0.0443735,435,544580,0.026396,0,1,95568,95133,435
1017541,3.80497,4.81775,432,546040,0.0105584,0.13,1,95573,95141,432
1020461,2.72199,8.5271,423,547500,0.00422335,0.13,1,95575,95152,423
1023381,2.28879,3.41084,425,548960,0.00168934,0.13,1,95577,95152,425
1026301,2.11552,1.36434,427,550420,0.000675736,0.13,1,95579,95152,427
1035021,2.72739,7.88732,423,554800,0.0979632,0.14,1,95588,95165,423
1037941,2.29096,3.15493,425,556260,0.0631853,0.14,1,95590,95165,425
1049161,2.00745,6.08077,423,562100,0.0956975,0,1,95598,95175,423
1066441,2.48003,0.984907,430,570860,0.0821725,0.17,1,95615,95185,430
1069121,2.19201,0.393963,432,572320,0.044869,0.24,1,95617,95185,432
1079521,1.71212,0.547685,433,578160,0.207213,0.21,1,95632,95199,433
1081601,16.8848,16.4191,433,579620,0.220885,0.28,1,95659,95226,433
1086601,87.4216,89.8671,430,582540,0.214142,0.29,1,95808,95378,430
1089521,36.1686,35.9468,432,584000,0.223657,0.29,1,95810,95378,432
1092441,15.6675,14.3787,434,585460,0.227463,0.29,1,95812,95378,434
1095361,7.46698,5.75149,436,586920,0.228985,0.29,1,95814,95378,436
1097201,3.58679,2.3006,437,588380,0.241594,0.36,1,95815,95378,437
1102201,6.57389,6.2481,436,591300,0.204255,0.34,1,95831,95395,436
1104481,3.82955,2.49924,438,592760,0.231702,0.37,1,95833,95395,438
1107401,81.3318,83.1997,434,594220,0.254681,0.37,1,95966,95532,434
1110321,33.7327,33.2799,436,595680,0.275872,0.37,1,95968,95532,436
1112801,14.6931,13.312,438,597140,0.284349,0.34,1,95970,95532,438
1115721,7.07724,11.9248,429,598600,0.28774,0.34,1,95972,95543,429
1118641,4.03089,4.76991,431,600060,0.289096,0.34,1,95974,95543,431
1121561,2.81236,1.90796,433,601520,0.289638,0.34,1,95976,95543,433
1123201,1.72494,0.763186,434,602980,0.277855,0.19,1,95977,95543,434
1126121,2.48998,9.30527,422,604440,0.237142,0.19,1,95980,95558,422
1130901,6.2784,1.48884,433,607360,0.210743,0.06,1,95991,95558,433
1147541,2.01752,0.0798263,433,616120,0.0967595,0.22,1,96003,95570,433
1150461,2.00701,6.63193,424,617580,0.0627038,0.22,1,96005,95581,424
1153381,2.0028,2.65277,426,619040,0.0910815,0.22,1,96007,95581,426
1156301,2.00112,1.06111,428,620500,0.0844326,0.22,1,96009,95581,428
1157941,2.60045,0.424444,431,621960,0.045773,0.08,1,96012,95581,431
1160861,2.24018,4.36978,426,623420,0.0183092,0.08,1,96014,95588,426
1162721,1.49607,1.74791,427,624880,0.00732369,0.17,1,96015,95588,427
1165641,1.79843,2.49916,426,626340,0.00292947,0.17,1,96017,95591,426
1168561,1.91937,0.999666,428,627800,0.0971718,0.17,1,96019,95591,428
1176261,1.99484,2.22398,425,632180,0.094539,0.12,1,96025,95600,425
1186661,2.67187,3.65693,425,638020,0.20402,0.06,1,96040,95615,425
1189581,2.26875,1.46277,427,639480,0.213608,0.06,1,96042,95615,427
1200161,1.74288,0.997447,432,645320,0.0771804,0.21,1,96051,95619,432
1203081,6.69715,9.99898,426,646780,0.0368721,0.21,1,96061,95635,426
1208921,2.75154,1.59984,430,649700,0.2087,0.21,1,96065,95635,430
1210561,1.70062,0.639935,431,651160,0.24548,0.21,1,96066,95635,431
1212641,18.0802,17.656,431,652620,0.266192,0.22,1,96095,95664,431
1214721,14.4321,14.2624,431,654080,0.256477,0.21,1,96107,95676,431
1217641,88.5728,91.505,426,655540,0.276591,0.21,1,96245,95819,426
1220561,36.6291,36.602,428,657000,0.284636,0.21,1,96247,95819,428
1223481,15.8517,14.6408,430,658460,0.287855,0.21,1,96249,95819,430
1226401,7.54066,5.85632,432,659920,0.289142,0.21,1,96251,95819,432
1230321,6.24651,7.53701,430,662840,0.234663,0.18,1,96260,95830,430
1233241,11.4986,10.8148,432,664300,0.255865,0.18,1,96275,95843,432
1235521,5.79944,4.32592,434,665760,0.276346,0.27,1,96277,95843,434
1255081,2.30851,6.33641,427,675980,0.272312,0.3,1,96414,95987,427
1258001,2.1234,2.53456,429,677440,0.234925,0.3,1,96416,95987,429
1308741,1.90407,0.770586,431,705180,0.082585,0.16,1,96458,96027,431
1321661,2.3139,1.63221,427,712480,0.0770409,0.06,1,96478,96051,427
1324581,2.12556,0.652884,429,713940,0.0908163,0.06,1,96480,96051,429
1327501,2.05022,0.261154,431,715400,0.0963265,0.06,1,96482,96051,431
1329121,1.42009,0.104461,432,716860,0.0865306,0,1,96483,96051,432
1331201,2.96804,1.84178,433,718320,0.0346122,0.27,1,96487,96054,433
1334121,5.98721,7.93671,429,719780,0.0738449,0.27,1,96495,96066,429
1337041,3.59489,3.17469,431,721240,0.065538,0.27,1,96497,96066,431
1339521,2.63795,1.26987,433,722700,0.0562152,0.26,1,96499,96066,433
1341601,9.45518,7.70795,435,724160,0.0644861,0.25,1,96513,96078,435
1361361,10.2315,9.56943,437,735840,0.0780226,0.26,1,96705,96268,437
1392581,2.04566,2.21265,429,751900,0.0749308,0.03,1,96854,96425,429
1395501,2.01826,0.885061,431,753360,0.0359723,0.03,1,96856,96425,431
1397761,2.00731,0.354024,433,754820,0.0143889,0.12,1,96858,96425,433
1400681,2.00292,4.94161,427,756280,0.00575557,0.12,1,96860,96433,427
1411921,2.48007,1.80651,430,762120,0.0663873,0.16,1,96870,96440,430
1426261,2.00492,0.325699,432,769420,0.207493,0.1,1,96880,96448,432
1444361,5.47521,7.26819,423,779640,0.205316,0.12,1,96902,96479,423
1447281,3.39008,2.90728,425,781100,0.202126,0.12,1,96904,96479,425
1450201,2.55603,1.16291,427,782560,0.206851,0.12,1,96906,96479,427
1474721,20.479,21.4595,428,797160,0.214654,0.17,1,96977,96549,428
1476801,14.1916,13.3838,430,798620,0.247861,0.17,1,96987,96557,430
1479721,79.4766,81.5535,426,800080,0.297145,0.17,1,97110,96684,426
1487841,8.3985,8.09942,426,804460,0.270297,0.12,1,97122,96696,426
1490321,4.5594,3.23977,428,805920,0.258119,0.16,1,97124,96696,428
1492401,13.2238,10.8959,431,807380,0.289248,0.18,1,97143,96712,431
1495321,13.6895,15.1584,427,808840,0.277699,0.18,1,97157,96730,427
1497601,6.6758,6.06334,429,810300,0.27308,0.13,1,97159,96730,429
1514241,2.70114,0.762115,432,819060,0.292085,0.22,1,97282,96850,432
1517161,2.28045,6.90485,423,820520,0.254834,0.22,1,97284,96861,423
1520081,2.11218,2.76194,425,821980,0.215934,0.22,1,97286,96861,425
1525921,2.01795,0.44191,429,824900,0.202549,0.22,1,97290,96861,429
1545041,2.03075,2.7636,426,835120,0.084828,0.23,1,97306,96880,426
1559601,2.96031,2.1883,431,842420,0.218693,0.06,1,97320,96889,431
1562521,2.38413,0.87532,433,843880,0.243477,0.06,1,97322,96889,433
1565201,2.15365,0.350128,435,845340,0.229391,0.29,1,97324,96889,435
1576861,2.08073,5.19296,427,851180,0.0995204,0.18,1,97334,96907,427
1593281,2.68385,1.26927,433,859940,0.205936,0.22,1,97359,96926,433
1606601,22.0499,21.828,433,867240,0.211456,0.25,1,97421,96988,433
1609301,85.62,8.73121,561,868700,0.222582,0.33,1,97549,96988,561
1612221,35.448,80.2925,435,870160,0.227033,0.33,1,97551,97116,435
1614501,16.5792,32.117,439,871620,0.228813,0.25,1,97555,97116,439
1617421,7.83168,17.6468,433,873080,0.229525,0.25,1,97557,97124,433
1623441,16.0532,17.3294,436,877460,0.20237,0.31,1,97590,97154,436
1626361,11.2213,12.3318,435,878920,0.254948,0.31,1,97598,97163,435
1628641,5.68852,4.9327,437,880380,0.251979,0.35,1,97600,97163,437
1631561,66.4754,70.9731,429,881840,0.262792,0.35,1,97707,97278,429
1634481,27.7902,28.3892,431,883300,0.267117,0.35,1,97709,97278,431
1636961,12.3161,11.3557,433,884760,0.268847,0.21,1,97711,97278,433
1639881,6.12643,8.74228,428,886220,0.269539,0.21,1,97713,97285,428
1642801,3.65057,3.49691,430,887680,0.281815,0.21,1,97715,97285,430
1645721,2.66023,1.39876,432,889140,0.286726,0.21,1,97717,97285,432
1647361,1.66409,0.559506,433,890600,0.27669,0.25,1,97718,97285,433
1650281,3.06564,6.8238,426,892060,0.224676,0.25,1,97722,97296,426
1659041,2.0682,0.436723,432,896440,0.0971793,0.25,1,97728,97296,432
1661921,2.02728,0.174689,434,897900,0.0568717,0.08,1,97730,97296,434
1664841,2.01091,5.46988,427,899360,0.0227487,0.08,1,97732,97305,427
1670681,2.00175,0.87518,431,902280,0.20644,0.08,1,97736,97305,431
1672321,1.4007,0.350072,432,903740,0.202576,0.22,1,97737,97305,432
1675241,1.76028,2.54003,430,905200,0.24303,0.22,1,97739,97309,430
1678161,1.90411,1.01601,432,906660,0.235212,0.22,1,97741,97309,432
1680021,1.36164,0.406405,433,908120,0.220085,0.18,1,97742,97309,433
1681681,1.14466,1.36256,432,909580,0.202034,0.22,1,97743,97311,432
1684601,4.05786,8.34502,425,911040,0.242814,0.22,1,97749,97324,425
1687521,2.82315,3.33801,427,912500,0.235125,0.22,1,97751,97324,427
1690441,2.32926,1.3352,429,913960,0.20805,0.22,1,97753,97324,429
1698961,2.50107,2.48545,427,918340,0.229075,0.07,1,97761,97334,427
1701881,2.20043,0.994181,429,919800,0.22963,0.07,1,97763,97334,429
1704561,2.08017,0.397672,431,921260,0.211852,0.12,1,97765,97334,431
1712261,2.98913,0.697451,435,925640,0.200279,0.14,1,97776,97341,435
1715181,2.39565,4.47898,430,927100,0.236111,0.14,1,97778,97348,430
1717461,5.75826,1.79159,438,928560,0.256445,0.22,1,97786,97348,438
1720381,3.5033,7.31664,429,930020,0.240578,0.22,1,97788,97359,429
1727241,3.63221,6.94826,427,934400,0.292837,0.18,1,97801,97374,427
1730161,2.65288,2.77931,429,935860,0.285135,0.18,1,97803,97374,429
1732641,2.26115,1.11172,431,937320,0.276054,0.25,1,97805,97374,431
1751161,9.00489,8.92548,431,947540,0.277498,0.22,1,98004,97573,431
1753861,17.402,3.57019,454,949000,0.296999,0.28,1,98027,97573,454
1755941,11.1608,14.0281,440,950460,0.2988,0.27,1,98034,97594,440
1778401,2.27118,0.749177,435,962140,0.288458,0.07,1,98157,97722,435
1781321,2.10847,3.89967,431,963600,0.253383,0.07,1,98159,97728,431
1784241,2.04339,1.55987,433,965060,0.215353,0.07,1,98161,97728,433
1792561,2.00278,2.25983,430,969440,0.0965826,0.2,1,98167,97737,430
1795481,2.00111,0.903933,432,970900,0.056633,0.2,1,98169,97737,432
1801281,2.00018,0.144629,436,973820,0.203461,0.27,1,98173,97737,436
1807121,2.96003,2.90314,432,976740,0.206554,0.27,1,98181,97749,432
1810041,2.38401,1.16126,434,978200,0.208622,0.27,1,98183,97749,434
1812721,2.1536,0.464502,436,979660,0.215449,0.23,1,98185,97749,436
1815641,3.26144,8.5858,426,981120,0.272179,0.23,1,98189,97763,426
1818561,2.50458,3.43432,428,982580,0.270872,0.23,1,98191,97763,428
1821481,2.20183,1.37373,430,984040,0.246349,0.23,1,98193,97763,430
1824401,2.08073,0.549491,432,985500,0.206539,0.23,1,98195,97763,432
1839981,3.63713,6.87105,433,994260,0.215661,0.33,1,98214,97781,433
1842901,2.65485,2.74842,435,995720,0.230265,0.33,1,98216,97781,435
1845821,2.26194,1.09937,437,997180,0.236106,0.33,1,98218,97781,437
1847461,3.90478,0.439747,442,998640,0.292442,0.25,1,98223,97781,442
1880741,7.77343,5.71951,445,1017620,0.281994,0.23,1,98444,97999,445
1909441,2.2603,0.301774,435,1033680,0.289856,0.03,1,98594,98159,435
1912361,2.10412,6.12071,427,1035140,0.253942,0.03,1,98596,98169,427
1915281,2.04165,2.44828,429,1036600,0.215577,0.03,1,98598,98169,429
1933781,3.33831,0.272811,441,1046820,0.24062,0.31,1,98617,98176,441
1936701,2.53532,7.90912,430,1048280,0.282248,0.31,1,98619,98189,430
1939621,2.21413,3.16365,432,1049740,0.286899,0.31,1,98621,98189,432
1942541,2.08565,1.26546,434,1051200,0.26476,0.31,1,98623,98189,434
1945221,3.23426,0.506184,438,1052660,0.291904,0.21,1,98627,98189,438
1948141,2.4937,8.60247,426,1054120,0.278762,0.21,1,98629,98203,426
1951061,2.19748,3.44099,428,1055580,0.249505,0.21,1,98631,98203,428
1953981,2.07899,1.3764,430,1057040,0.279802,0.21,1,98633,98203,430
1956901,2.0316,0.550558,432,1058500,0.273921,0.21,1,98635,98203,432
1959821,2.01264,0.220223,434,1059960,0.271568,0.21,1,98637,98203,434
1961861,6.20506,0.0880893,443,1061420,0.210627,0.08,1,98646,98203,443
1970601,3.46912,5.06964,435,1065800,0.23356,0.26,1,98654,98219,435
1973521,2.58765,2.02786,437,1067260,0.273424,0.26,1,98656,98219,437
1976001,2.23506,0.811142,439,1068720,0.26537,0.33,1,98658,98219,439
1983921,3.74304,3.84391,434,1073100,0.288184,0.32,1,98676,98242,434
1988901,7.07889,0.615026,446,1076020,0.260909,0.31,1,98688,98242,446
1991821,4.03155,6.84601,437,1077480,0.218364,0.31,1,98690,98253,437
1993681,2.21262,2.7384,438,1078940,0.213346,0.33,1,98691,98253,438
1995761,20.085,20.2954,438,1080400,0.289338,0.3,1,98723,98285,438
2003681,34.5014,34.8509,433,1084780,0.414278,0.31,1,98874,98441,433
2006601,15.0006,13.9404,435,1086240,0.423711,0.31,1,98876,98441,435
2008241,6.60023,5.57614,436,1087700,0.415484,0.34,1,98877,98441,436
2012821,15.456,3.29218,456,1090620,0.418077,0.34,1,98907,98451,456
2015741,7.38241,16.3169,433,1092080,0.449231,0.34,1,98909,98476,433
2040281,3.457,6.89182,429,1105220,0.424489,0.3,1,99033,98604,429
2049041,2.09325,0.441076,435,1109600,0.297167,0.3,1,99039,98604,435
2051961,2.0373,0.17643,437,1111060,0.256867,0.3,1,99041,98604,437
2054001,2.01492,0.0705722,439,1112520,0.216747,0.37,1,99043,98604,439
2081681,3.04203,3.85164,430,1127120,0.432644,0.23,1,99073,98643,430
2084601,2.41681,1.54066,432,1128580,0.425058,0.23,1,99075,98643,432
2130341,84.262,25.6523,561,1153400,0.400221,0.35,1,99319,98758,561
2133261,34.9048,85.8609,437,1154860,0.406089,0.35,1,99321,98884,437
2136181,15.1619,34.3444,439,1156320,0.408435,0.35,1,99323,98884,439
2139101,7.26476,13.7377,441,1157780,0.409374,0.35,1,99325,98884,441
2153221,62.9518,1.07003,547,1166540,0.423126,0.39,1,99464,98917,547
2156141,26.9807,70.028,434,1168000,0.427251,0.39,1,99467,99033,434
2159061,11.9923,28.0112,436,1169460,0.4289,0.39,1,99469,99033,436
2161981,5.99691,11.2045,438,1170920,0.42956,0.39,1,99471,99033,438
2164901,3.59877,4.48179,440,1172380,0.441824,0.39,1,99473,99033,440
2167821,2.63951,1.79272,442,1173840,0.42273,0.39,1,99475,99033,442
2169861,2.2558,0.717087,444,1175300,0.415092,0.31,1,99477,99033,444
2175061,3.24093,1.07473,446,1178220,0.419215,0.43,1,99483,99037,446
2177981,2.49637,7.02989,437,1179680,0.407686,0.43,1,99485,99048,437
2200021,3.21569,0.427007,445,1191360,0.274913,0.38,1,99504,99059,445
2232281,2.24509,1.2329,439,1208880,0.400908,0.43,1,99541,99102,439
2237881,6.83921,9.79726,435,1211800,0.293345,0.37,1,99553,99118,435
2249941,5.79355,1.78032,447,1219100,0.432393,0.45,1,99572,99125,447
2256801,10.8588,26.2739,439,1223480,0.448153,0.37,1,99616,99177,439
2317121,1.43239,0.174392,441,1257060,0.437115,0.29,1,99935,99494,441
2320041,1.77296,3.66976,437,1258520,0.426846,0.29,1,99937,99500,437
2366001,3.20912,3.6962,444,1283340,0.447757,0.48,1,99993,99549,444
2439021,2.02162,6.82353,440,1324220,0.445586,0.55,1,100378,99938,440
2441941,2.00865,2.72941,442,1325680,0.418234,0.55,1,100380,99938,442
2447781,2.00138,0.436706,446,1328600,0.435317,0.55,1,100384,99938,446
2450241,2.00055,0.174682,448,1330060,0.432127,0.41,1,100386,99938,448
2453161,4.40022,4.26987,447,1331520,0.448851,0.41,1,100392,99945,447
2456081,2.96009,1.70795,449,1332980,0.43154,0.41,1,100394,99945,449
2457941,4.18404,0.68318,454,1334440,0.406616,0.56,1,100399,99945,454
2469181,3.01591,7.03989,444,1340280,0.433145,0.54,1,100411,99967,444
2472101,2.40636,2.81596,446,1341740,0.449258,0.54,1,100413,99967,446
2475021,2.16255,1.12638,448,1343200,0.431703,0.54,1,100415,99967,448
2480401,3.46601,6.78022,447,1346120,0.448273,0.52,1,100425,99978,447
2514721,7.0607,6.74181,449,1365100,0.757013,0.55,2,100488,100039,449
2516801,28.0243,27.8967,449,1366560,0.770805,0.54,2,100530,100081,449
2519721,26.8097,27.9587,447,1368020,0.776322,0.54,2,100556,100109,447
2521381,73.7239,11.1835,552,1369480,0.820529,0.51,2,100661,100109,552
2524301,30.6896,71.6734,442,1370940,0.838212,0.51,2,100663,100221,442
2527221,13.4758,28.6694,444,1372400,0.845285,0.51,2,100665,100221,444
2529701,14.3903,11.4677,459,1373860,0.800114,0.5,2,100680,100221,459
2531781,11.1561,12.9871,454,1375320,0.836046,0.5,2,100689,100235,454
2533861,6.86245,9.99484,450,1376780,0.826418,0.51,2,100693,100243,450
2536781,3.94498,8.19794,445,1378240,0.822567,0.51,2,100695,100250,445
2539061,7.57799,3.27917,455,1379700,0.803027,0.45,2,100705,100250,455
2540721,3.6312,6.71167,447,1381160,0.783211,0.56,2,100706,100259,447
2542801,9.85248,10.4847,448,1382620,0.769284,0.51,2,100720,100272,448
2545721,55.541,58.7939,443,1384080,0.865714,0.51,2,100806,100363,443
2558401,2.02506,0.947649,445,1391380,0.883742,0.42,2,100817,100372,445
2561321,2.01002,4.57906,440,1392840,0.851497,0.42,2,100819,100379,440
2564241,2.00401,1.83162,442,1394300,0.838599,0.42,2,100821,100379,442
2567161,2.0016,0.732649,444,1395760,0.809439,0.42,2,100823,100379,444
2569841,2.00064,0.29306,446,1397220,0.773776,0.5,2,100825,100379,446
2572761,5.00026,6.71722,442,1398680,0.76551,0.5,2,100832,100390,442
2575681,3.2001,2.68689,444,1400140,0.828204,0.5,2,100834,100390,444
2578601,2.48004,1.07476,446,1401600,0.829282,0.5,2,100836,100390,446
2581281,2.19202,0.429902,448,1403060,0.829713,0.54,2,100838,100390,448
2584201,4.47681,6.77196,443,1404520,0.859885,0.54,2,100844,100401,443
2587121,2.99072,2.70878,445,1405980,0.847954,0.54,2,100846,100401,445
2595861,2.44741,2.57336,445,1410360,0.885869,0.41,2,100856,100411,445
2598341,2.77896,1.02934,448,1411820,0.840348,0.45,2,100859,100411,448
2601261,2.31158,3.41174,445,1413280,0.822139,0.45,2,100861,100416,445
2604181,2.12463,1.3647,447,1414740,0.814856,0.45,2,100863,100416,447
2606661,5.64985,0.545878,455,1416200,0.829942,0.53,2,100871,100416,455
2609581,3.45994,7.41835,445,1417660,0.811977,0.53,2,100873,100428,445
2612501,2.58398,2.96734,447,1419120,0.780791,0.53,2,100875,100428,447
2614981,2.23359,1.18694,449,1420580,0.762316,0.54,2,100877,100428,449
2621221,10.4389,2.18796,463,1424960,0.808868,0.61,2,100901,100438,463
2624141,5.37558,6.87519,455,1426420,0.845547,0.61,2,100903,100448,455
2627061,3.35023,2.75007,457,1427880,0.872219,0.61,2,100905,100448,457
2629541,7.34009,1.10003,467,1429340,0.876888,0.74,2,100915,100448,467
2632461,4.13604,8.84001,455,1430800,0.896755,0.74,2,100917,100462,455
2639941,5.73671,0.565761,467,1435180,0.891152,0.68,2,100929,100462,467
2696101,5.01876,0.360672,471,1467300,0.846527,0.76,2,101293,100822,471
2703801,1.9532,5.18308,459,1471680,0.898978,0.85,2,101298,100839,459
2734181,2.48786,3.49213,460,1487740,0.89079,0.8,2,101333,100873,460
2737101,2.19514,1.39685,462,1489200,0.878316,0.8,2,101335,100873,462
2738741,3.27806,0.558741,466,1490660,0.873326,0.73,2,101339,100873,466
3119181,331.956,307.308,544,54820,0.826,0.75,2,102893,102349,544
3153321,7.64012,8.16322,435,62150,0.0641066,0.1,1,103725,103290,435
3156241,4.25605,3.26529,437,62184,0.0256426,0.1,1,103727,103290,437
3198581,121.4,0.00000350607,666,62694,0.234,0.03,1,103956,103290,666
3201501,158.36,155.4,590,62728,0.2016,0.12,1,104139,103549,590
3204421,68.144,162.96,430,62761,0.21264,0.15,1,104147,103717,430
3213181,6.23322,12.3014,430,62860,0.200089,0.04,1,104153,103723,430
3233621,2.00694,2.01688,430,63091,0.258367,0.15,1,104167,103737,430
3236541,2.00277,2.00675,430,63124,0.295347,0.15,1,104169,103739,430
3258441,121.4,2,629,63388,0.275799,0.29,1,104384,103755,629
3270121,12.4678,28.4576,430,63520,0.0987885,0.18,1,104579,104149,430
3273041,6.18714,12.583,430,63553,0.0875154,0.21,1,104581,104151,430
3299321,2.01535,2.00277,437,63850,0.0882811,0.32,1,104606,104169,437
3302241,2.00614,2.00111,437,63883,0.0833125,0.32,1,104608,104171,437
3305161,2.00246,2.00044,437,63916,0.087325,0.33,1,104610,104173,437
3316841,2.00006,2.00001,437,64048,0.205516,0.31,1,104618,104181,437
3319761,2.00003,2,437,64081,0.202206,0.25,1,104620,104183,437
3325601,94.88,159.56,433,64147,0.046753,0.12,1,105002,104569,433
3328521,39.152,67.424,429,64180,0.0367012,0.09,1,105004,104575,429
3337281,4.61773,6.18714,430,64279,0.0777089,0.16,1,105011,104581,430
3340201,3.04709,3.67485,430,64312,0.0670836,0.12,1,105013,104583,430
3343121,4.81884,3.86994,432,64345,0.0808334,0.17,1,105019,104587,432
3346041,3.12753,5.74798,427,64378,0.0863334,0.13,1,105021,104594,427
3382541,121.4,2.00003,632,64801,0.222867,0.06,1,105252,104620,632
3394221,11.9878,16.8608,424,64929,0.0972894,0.16,1,105430,105006,424
3414661,4.50422,2.40958,433,65153,0.0673951,0.18,1,105456,105023,433
3417581,3.00169,2.76383,432,65185,0.044958,0.12,1,105458,105026,432
3420501,6.00068,5.30553,433,65217,0.0539832,0.2,1,105466,105033,433
3423421,3.60027,3.32221,433,65249,0.0575933,0.2,1,105468,105035,433
3426341,2.64011,2.52889,433,65281,0.0650373,0.16,1,105470,105037,433
3429261,2.25604,2.21155,433,65313,0.0440149,0.12,1,105472,105039,433
3432181,2.10242,2.08462,433,65345,0.065606,0.08,1,105474,105041,433
3435101,2.04097,2.03385,433,65377,0.0502424,0.19,1,105476,105043,433
3438021,2.01639,2.01354,433,65409,0.044097,0.2,1,105478,105045,433
3465761,3.10079,4.67806,429,65729,0.0941184,0.14,1,105866,105437,429
3486201,4.0322,6.00068,426,65953,0.0918799,0.06,1,105892,105466,426
3492041,3.04515,2.64011,429,66017,0.0915008,0.03,1,105899,105470,429
3494961,2.41806,2.25604,429,66049,0.0846003,0.08,1,105901,105472,429
3540221,2.05668,2.07045,431,66561,0.213716,0.18,1,106303,105872,431
3546061,2.00907,3.45127,425,66625,0.217795,0.09,1,106307,105882,425
3548981,5.60363,5.58051,426,66656,0.219118,0.07,1,106315,105889,426
3551901,4.64145,4.0322,427,66687,0.225647,0.12,1,106319,105892,427
3554821,5.45658,4.61288,428,66718,0.222259,0.08,1,106325,105897,428
3557741,3.38263,3.04515,428,66749,0.220904,0.08,1,106327,105899,428
3575261,215.03,121.404,588,66935,0.217285,0.16,1,106698,106110,588
3578181,87.2121,143.962,431,66966,0.242914,0.12,1,106700,106269,431
3581101,36.0848,61.1847,427,66997,0.265166,0.09,1,106702,106275,427
3584021,19.2339,25.6739,433,67028,0.268066,0.16,1,106710,106277,433
3586941,13.0936,11.4695,440,67059,0.215227,0.2,1,106719,106279,440
3598621,2.7544,2.88562,434,67183,0.205478,0.17,1,106731,106297,434
3601541,2.30176,2.35425,434,67214,0.244191,0.18,1,106733,106299,434
3604461,2.1207,2.1417,434,67245,0.235676,0.24,1,106735,106301,434
3607381,2.04828,2.05668,434,67276,0.232271,0.19,1,106737,106303,434
3610301,2.01931,2.02267,434,67307,0.200908,0.23,1,106739,106305,434
3613221,5.60773,2.00907,440,67338,0.224363,0.22,1,106747,106307,440
3616141,3.44309,5.60363,434,67369,0.233745,0.23,1,106749,106315,434
3619061,2.57724,4.64145,432,67400,0.237498,0.22,1,106751,106319,432
3621981,2.23089,5.45658,428,67431,0.214999,0.22,1,106753,106325,428
3624901,8.09236,3.38263,438,67462,0.206,0.14,1,106765,106327,438
3633661,2.38991,2.47249,434,67555,0.226544,0.11,1,106771,106337,434
3636581,2.15596,2.189,434,67586,0.216618,0.18,1,106773,106339,434
3638041,121.462,2.0756,633,67617,0.290647,0.26,1,106974,106341,633
3640961,143.385,215.03,434,67648,0.242259,0.26,1,107132,106698,434
3655561,6.8385,7.03743,433,67803,0.299898,0.09,1,107155,106722,433
3696441,2.77799,4.43685,431,68237,0.296928,0.2,1,107198,106767,431
3702281,2.12448,2.3899,431,68299,0.283908,0.21,1,107202,106771,431
3715421,13.3571,25.1016,440,68454,0.282181,0.33,1,107578,107138,440
3753381,2.08344,2.39041,438,68854,0.408498,0.35,1,107620,107182,438
3756301,5.03338,2.15616,443,68884,0.409399,0.31,1,107627,107184,443
3778201,29.6175,60.232,444,69124,0.413599,0.31,1,108014,107570,444
3781121,13.047,25.8928,443,69154,0.42944,0.25,1,108016,107573,443
3795721,2.78128,2.59794,444,69304,0.421575,0.29,1,108038,107594,444
3798641,2.31251,4.63918,440,69334,0.41463,0.4,1,108040,107600,440
3807401,2.98,2.64891,442,69424,0.411976,0.33,1,108050,107608,442
3810321,3.592,2.25956,444,69454,0.428791,0.43,1,108054,107610,444
3813241,2.6368,3.30383,442,69484,0.411516,0.39,1,108056,107614,442
3819081,2.10189,2.20861,442,69544,0.416243,0.42,1,108060,107618,442
3822001,3.24076,2.08344,444,69574,0.412497,0.41,1,108064,107620,444
3824921,3.0963,5.03338,440,69604,0.440999,0.38,1,108067,107627,440
4115461,221.891,121.758,624,72582,0.756403,0.71,2,110250,109626,624
4118381,89.9562,149.503,458,72611,0.782561,0.71,2,110252,109794,458
4121301,37.1825,61.0013,458,72640,0.793025,0.71,2,110254,109796,458
4124221,16.073,25.6005,458,72669,0.79721,0.71,2,110256,109798,458
4127141,13.0292,11.4402,467,72698,0.816884,0.71,2,110267,109800,467
4130061,8.81168,11.7761,461,72727,0.776754,0.63,2,110273,109812,461
4141741,3.54718,2.97987,459,72843,0.750973,0.64,2,110289,109830,459
4144661,2.61887,3.59195,457,72872,0.774389,0.6,2,110291,109834,457
4147581,2.24755,2.63678,457,72901,0.759756,0.73,2,110293,109836,457
4150501,3.89902,2.85471,459,72930,0.759902,0.67,2,110298,109839,459
4153421,2.75961,4.14188,456,72959,0.759961,0.67,2,110300,109844,456
4156341,2.30384,2.85675,456,72988,0.759984,0.67,2,110302,109846,456
4173861,2.20553,2.72351,457,73162,0.773213,0.73,2,110318,109861,457
4176781,6.88221,2.2894,465,73191,0.789285,0.67,2,110328,109863,465
4179701,6.35289,6.91576,461,73220,0.753714,0.72,2,110334,109873,461
4184081,122.096,4.22652,654,73278,0.888594,0.8,2,110537,109883,654
4403081,214.85,121.531,670,75414,0.808,1,2,112140,111470,670
4406001,88.94,160.813,488,75442,0.7612,1,2,112145,111657,488
4408921,38.576,66.725,489,75470,0.76048,1,2,112150,111661,489
4411841,19.6304,28.49,493,75498,0.772192,1,2,112157,111664,493
4414761,12.0522,13.796,496,75526,0.764877,1,2,112164,111668,496
4441041,4.26566,3.96805,500,75778,0.890934,1,2,112213,111713,500
4443961,5.30626,3.98722,502,75806,0.884374,1,2,112219,111717,502
4446881,6.92251,3.99489,506,75834,0.833749,1,2,112227,111721,506
4449801,5.169,3.99796,506,75862,0.8675,1,2,112231,111725,506
4452721,5.6676,3.99918,508,75890,0.845,1,2,112237,111729,508
4454181,6.46704,4.59967,510,75918,0.878,1,2,112244,111734,510
4534481,128.115,135.736,471,35829,0.20768,0.77,1,112739,112268,471
4540321,204.098,212.398,455,35947,0.440029,0.38,1,113054,112599,455
4646901,213.213,127.378,599,38063,0.86966,0.74,2,114418,113819,599
4670261,8.67605,8.20161,465,38504,0.893192,0.66,2,114481,114016,465
4673181,7.07042,8.68064,462,38559,0.837277,0.75,2,114487,114025,462
4676101,22.0282,7.07226,488,38614,0.886911,0.69,2,114519,114031,488
4705301,6.81055,6.69013,467,39157,0.890703,0.88,2,114938,114471,467
4788521,5.15484,5.34474,469,40691,0.893195,0.97,2,115888,115419,469
4908241,10.1858,9.39449,482,42767,0.8728,1,2,117323,116841,482
4922841,210.593,210.562,476,43012,0.782006,1,2,117717,117241,476
4957881,7.32931,13.3844,474,43599,0.439466,0.99,1,117831,117357,474
4962261,124.173,8.98151,670,43695,0.444715,0.68,1,118042,117372,670
4968101,56.5876,92.637,452,43791,0.287154,0.65,1,118183,117731,452
4971021,26.2351,41.2548,451,43839,0.282862,0.58,1,118189,117738,451
4973941,14.094,20.1019,451,43887,0.293145,0.61,1,118195,117744,451
4979781,10.895,11.3763,453,43983,0.856903,0.62,2,118216,117763,453
4985621,7.86321,7.94021,453,44079,0.866704,0.62,2,118228,117775,453
4988541,7.34528,9.17608,450,44127,0.790682,0.59,2,118235,117785,450
5020661,18.4505,12.2376,470,44650,0.756944,0.95,2,118676,118206,470
5023581,9.78018,10.895,464,44697,0.794778,0.94,2,118680,118216,464
5026501,5.11207,6.15802,463,44744,0.785911,0.84,2,118682,118219,463
5029421,3.24483,7.86321,456,44791,0.782364,0.74,2,118684,118228,456
5032341,4.89793,7.34528,455,44838,0.750946,0.66,2,118690,118235,455
5041101,12.2175,11.7981,452,44979,0.752941,0.59,2,118724,118272,452
5044021,7.28699,8.91924,449,45026,0.763176,0.55,2,118728,118279,449
5099501,34.7466,35.9561,451,45907,0.779005,0.66,2,119530,119079,451
5102421,16.2986,14.3825,455,45953,0.791602,0.66,2,119534,119079,455
5105341,35.3195,8.15298,499,45999,0.826641,0.73,2,119582,119083,499
5108261,18.9278,29.0612,464,46045,0.840656,0.74,2,119590,119126,464
5111181,9.97111,16.4245,460,46091,0.852263,0.74,2,119594,119134,460
5114101,5.18844,8.96979,458,46137,0.850905,0.74,2,119596,119138,458
5117021,3.27538,4.78792,458,46183,0.856362,0.7,2,119598,119140,458
5119941,5.51015,4.31517,461,46229,0.870545,0.71,2,119605,119144,461
5122861,5.20406,5.32607,460,46275,0.864218,0.67,2,119610,119150,460
5125781,12.8816,4.53043,474,46321,0.843687,0.72,2,119628,119154,474
5128701,10.5526,13.2122,464,46367,0.817475,0.67,2,119637,119173,464
5131621,6.62106,11.2849,458,46412,0.80699,0.71,2,119641,119183,458
5134541,9.84842,6.91395,466,46457,0.820796,0.62,2,119653,119187,466
5136001,124.539,11.1656,653,46502,0.760318,0.78,2,119854,119201,653
5138921,124.216,194.666,460,46547,0.772127,0.71,2,119978,119518,460
5141841,58.0863,83.8665,464,46592,0.752851,0.82,2,119992,119528,464
5147681,12.1738,16.2986,464,46682,0.750456,0.85,2,119998,119534,464
5150601,34.2695,35.3195,465,46727,0.834182,0.85,2,120047,119582,465
5153521,18.5078,18.9278,465,46772,0.867673,0.86,2,120055,119590,465
5156441,9.80312,9.97111,465,46817,0.881069,0.85,2,120059,119594,465
5159361,5.12125,5.18844,465,46862,0.892428,0.86,2,120061,119596,465
5162281,3.2485,3.27538,465,46907,0.896971,0.88,2,120063,119598,465
5165201,4.8994,5.51015,464,46952,0.898788,0.86,2,120069,119605,464
5168121,4.35976,5.20406,463,46997,0.899515,0.83,2,120073,119610,463
5171041,11.3439,12.8816,461,47042,0.893806,0.8,2,120089,119628,461
5173961,9.33756,10.5526,460,47087,0.891522,0.8,2,120097,119637,460
5179801,10.614,9.84842,464,47177,0.885444,0.72,2,120117,119653,464
5182721,197.446,124.539,585,47222,0.852177,0.78,2,120439,119854,585
5185641,87.3782,124.216,475,47267,0.850871,0.74,2,120453,119978,475
5188561,36.1513,58.0863,463,47312,0.826348,0.7,2,120455,119992,463
5191481,16.8605,24.4345,465,47357,0.840539,0.77,2,120459,119994,465
5194401,7.94421,12.1738,463,47402,0.846216,0.89,2,120461,119998,463
5341861,19.9237,19.616,479,49618,0.858192,1,2,121944,121465,479
5344781,16.3695,12.6464,485,49660,0.835277,1,2,121958,121473,485
5347701,14.3478,9.25855,491,49702,0.832111,1,2,121971,121480,491
5350621,13.5391,7.90342,497,49744,0.806844,1,2,121984,121487,497
5353541,12.0156,9.16137,498,49786,0.832738,1,2,121995,121497,498
5356461,9.60626,6.66455,501,49828,0.831095,1,2,122003,121502,501
5359381,7.4425,6.26582,501,49870,0.848438,1,2,122009,121508,501
5362301,5.377,7.30633,497,49912,0.831375,1,2,122013,121516,497
5365221,9.3508,7.72253,501,49954,0.80055,1,2,122025,121524,501
5368141,8.54032,9.08901,499,49996,0.77022,1,2,122033,121534,499
5376901,36.1386,54.3657,479,50122,0.0850541,0.99,1,122343,121864,479
5379821,19.8554,27.1463,479,50164,0.0400216,0.95,1,122352,121873,479
5382741,13.9422,18.0585,477,50206,0.0340087,0.86,1,122362,121885,477
5385661,22.9769,15.0234,493,50248,0.0256035,0.9,1,122391,121898,493
5388581,16.9907,22.8094,478,50290,0.0102414,0.83,1,122404,121926,478
5391501,7.9963,19.9237,462,50332,0.00409655,0.82,1,122406,121944,462
5394421,11.5985,16.3695,462,50374,0.00163862,0.83,1,122420,121958,462
5397341,11.8394,14.3478,461,50416,0.00665545,0.79,1,122432,121971,461
5400261,14.3358,13.5391,464,50458,0.00266218,0.85,1,122448,121984,464
5403181,12.3343,12.0156,464,50500,0.0610649,0.83,1,122459,121995,464
5406101,9.13372,9.60626,463,50542,0.0784259,0.86,1,122466,122003,463
5409021,6.65349,7.4425,462,50584,0.0733704,0.82,1,122471,122009,462
5411941,4.4614,5.377,461,50626,0.0593482,0.78,1,122474,122013,461
5414861,7.18456,9.3508,458,50668,0.0417393,0.75,1,122483,122025,458
5417781,8.27382,8.54032,459,50710,0.0346957,0.06,1,122492,122033,459
5420701,156.91,178.616,423,50752,0.223878,0.05,1,122748,122325,423
5438221,16.8012,16.9907,422,50999,0.235355,0,1,122826,122404,422
5449901,16.7309,14.3358,426,51163,0.0700091,0.1,1,122874,122448,426
5452821,12.6924,12.3343,425,51204,0.0280036,0.09,1,122884,122459,425
5455741,8.67695,9.13372,424,51245,0.0412015,0.07,1,122890,122466,424
5458661,5.27078,6.65349,422,51286,0.0764806,0.05,1,122893,122471,422
5461581,3.90831,4.4614,422,51327,0.0785922,0.03,1,122896,122474,422
5464501,6.96332,7.18456,422,51368,0.0974369,0.03,1,122905,122483,422
5467421,8.18533,8.27382,422,51409,0.0929748,0.35,1,122914,122492,422
5473261,72.2297,69.9638,439,51491,0.200876,0.39,1,123199,122760,439
5476181,34.2919,30.9855,443,51532,0.22435,0.41,1,123208,122765,443
5479101,18.5167,18.3942,441,51573,0.21574,0.4,1,123216,122775,441
5482021,11.0067,12.7577,438,51614,0.224296,0.24,1,123222,122784,438
5496621,11.2237,4.62728,437,51819,0.210022,0.13,1,123279,122842,437
5505381,9.21432,12.2481,431,51942,0.0756014,0.05,1,123315,122884,431
5508301,4.88573,8.49926,427,51983,0.0362405,0.1,1,123317,122890,427
5511221,4.35429,5.1997,428,52024,0.0324962,0.08,1,123321,122893,428
5514141,6.54172,3.87988,433,52064,0.0789985,0.11,1,123329,122896,433
5517061,6.21669,6.95195,430,52104,0.0975994,0.09,1,123335,122905,430
5518521,123.087,8.18078,622,52144,0.0570398,0.15,1,123536,122914,622
5524361,45.6139,72.2289,433,52224,0.219126,0.24,1,123632,123199,433
5527281,24.2455,34.2916,434,52264,0.231651,0.21,1,123642,123208,434
5530201,13.8982,18.5166,433,52304,0.20666,0.23,1,123649,123216,433
5541881,5.33819,5.64843,431,52464,0.204491,0.2,1,123685,123254,431
5544801,11.1353,10.0594,433,52504,0.225796,0.22,1,123700,123267,433
5550641,10.7816,14.0895,426,52584,0.256927,0.09,1,123721,123295,426
5553561,10.9127,14.0358,423,52624,0.270771,0.05,1,123732,123309,423
5556481,10.3651,9.21432,427,52664,0.258308,0.01,1,123742,123315,427
5559401,5.34602,4.88573,427,52704,0.253323,0.03,1,123744,123317,427
5562321,4.53841,4.35429,427,52744,0.203329,0.11,1,123748,123321,427
5565241,6.61536,6.54172,427,52784,0.237332,0.11,1,123756,123329,427
5568161,6.84615,6.21669,428,52824,0.262933,0.03,1,123763,123335,428
5576921,33.2702,45.6139,437,52944,0.0593077,0.24,1,124069,123632,437
5585681,17.1533,9.15929,452,53064,0.201796,0.19,1,124107,123655,452
5629481,34.8834,33.2702,432,53655,0.0984948,0.2,1,124501,124069,432
5632401,16.3534,15.7081,432,53694,0.0393979,0.17,1,124505,124073,432
5641161,11.0306,9.86132,431,53811,0.225001,0.13,1,124543,124112,431
5644081,5.61225,6.94453,428,53850,0.216001,0.1,1,124545,124117,428
5647001,11.8449,10.5778,431,53889,0.2064,0.15,1,124561,124130,431
5649921,13.138,12.6311,431,53928,0.22656,0.15,1,124575,124144,431
5652841,6.45518,6.25245,431,53967,0.234624,0.18,1,124577,124146,431
5658681,10.1528,9.40039,431,54045,0.23674,0.15,1,124597,124166,431
5661601,7.66113,7.36016,431,54084,0.268696,0.19,1,124603,124172,431
5664521,4.26445,4.14406,431,54123,0.257478,0.18,1,124605,124174,431
5667441,4.10578,6.45763,427,54162,0.252991,0.15,1,124609,124182,427
5670361,8.84231,7.38305,431,54201,0.245197,0.22,1,124621,124190,431
5673281,7.13692,6.55322,431,54240,0.260079,0.12,1,124627,124196,431
5682041,38.2808,34.8834,430,54357,0.074485,0,1,124931,124501,430
5684961,17.7123,16.3534,430,54396,0.041794,0.18,1,124935,124505,430
5727301,123.533,7.11878,634,54973,0.0840745,0.14,1,125261,124627,634
5733141,41.6052,74.699,423,55049,0.0938519,0.03,1,125340,124917,423
5736061,29.2421,38.2796,430,55087,0.0615408,0.02,1,125361,124931,430
5738981,14.6968,17.7118,431,55125,0.0246163,0.2,1,125366,124935,431
5759421,6.14481,5.83226,431,55391,0.0801116,0.19,1,125436,125005,431
5791541,21.2396,29.2421,435,55809,0.0952537,0,1,125796,125361,435
5794461,12.0958,14.6968,436,55847,0.0441015,0.16,1,125802,125366,436
5797381,18.6383,9.47873,453,55885,0.0356406,0.22,1,125825,125372,453
5826581,4.44554,4.64051,432,56261,0.213302,0.13,1,125900,125468,432
5849941,12.1607,12.0958,426,56557,0.0856608,0.03,1,126228,125802,426
5852861,21.6643,18.6383,431,56594,0.0882643,0.2,1,126256,125825,431
5855781,11.0657,12.2553,427,56631,0.0653057,0.2,1,126260,125833,427
5858701,5.62628,6.10213,427,56668,0.0561223,0.11,1,126262,125835,427
5861621,11.8505,9.64085,431,56705,0.0884489,0.13,1,126278,125847,431
5867461,7.17608,6.82254,431,56779,0.0909518,0.2,1,126297,125866,431
5879141,5.72291,8.11386,427,56927,0.205416,0.23,1,126325,125898,427
5917101,11.9194,11.8505,429,57408,0.236249,0.12,1,126707,126278,429
5920021,15.5678,14.9402,430,57445,0.2385,0.08,1,126725,126295,430
5922941,7.42711,7.17608,430,57482,0.2154,0.17,1,126727,126297,430
5925861,7.77084,7.67043,430,57519,0.21816,0.21,1,126735,126305,430
5928781,10.3083,10.2682,430,57556,0.279264,0.21,1,126747,126317,430
5937541,3.49173,2.28916,432,57666,0.284993,0.17,1,126757,126325,432
5940461,3.79669,2.11567,434,57702,0.275997,0.21,1,126761,126327,434
5943381,6.91868,4.44627,437,57738,0.260399,0.15,1,126770,126333,437
5946301,8.16747,7.77851,436,57774,0.26616,0.15,1,126779,126343,436
5947761,123.867,7.9114,629,57810,0.250464,0.15,1,126980,126351,629
5950681,90.3468,163.365,430,57846,0.262186,0.19,1,127048,126618,430
5953601,40.9387,68.9458,432,57882,0.266874,0.2,1,127056,126624,432
5956521,23.5755,36.5783,429,57918,0.28675,0.13,1,127068,126639,429
5959441,15.4302,20.6313,429,57954,0.2587,0.1,1,127078,126649,429
5962361,9.77208,11.8525,429,57990,0.22948,0.24,1,127084,126655,429
5965281,23.7088,22.741,432,58026,0.265792,0.17,1,127117,126685,432
5968201,13.0835,11.4964,434,58062,0.262317,0.19,1,127123,126689,434
5971121,6.43341,5.79856,434,58098,0.278927,0.27,1,127125,126691,434
5974041,10.3734,11.9194,431,58134,0.297571,0.24,1,127138,126707,431
5976961,16.1493,15.5678,433,58170,0.293028,0.2,1,127158,126725,433
5979881,7.65974,7.42711,433,58206,0.267211,0.22,1,127160,126727,433
6023681,14.6282,23.7088,442,58746,0.405822,0.26,1,127559,127117,442
6032441,16.4882,10.3734,457,58854,0.405893,0.29,1,127595,127138,457
6044121,5.5773,10.8256,440,58998,0.419351,0.35,1,127622,127182,440
6047041,5.83092,5.53022,444,59034,0.44974,0.34,1,127628,127184,444
6070401,32.7406,34.7891,437,59319,0.443264,0.37,1,127939,127502,437
6073321,15.4962,16.3156,437,59354,0.441306,0.37,1,127943,127506,437
6076241,18.1985,14.9263,443,59389,0.428522,0.42,1,127963,127520,443
6082081,13.4718,14.6282,439,59459,0.442964,0.37,1,127998,127559,439
6099601,13.9352,10.9432,446,59669,0.412859,0.44,1,128066,127620,446
6102521,6.7741,5.5773,446,59704,0.429144,0.47,1,128068,127622,446
6105441,6.30964,5.83092,446,59739,0.435658,0.47,1,128074,127628,446
6108361,3.72386,3.53237,446,59774,0.414263,0.47,1,128076,127630,446
6111281,2.68954,2.61295,446,59809,0.405705,0.48,1,128078,127632,446
6122961,165.63,165.629,446,59949,0.440898,0.49,1,128368,127922,446
6140481,11.9469,13.4718,441,60159,0.408969,0.48,1,128439,127998,441
6146321,12.7115,12.5955,444,60229,0.438635,0.49,1,128463,128019,444
6249981,16.7921,20.4982,455,61473,0.765274,0.56,2,129280,128825,455
6252901,16.3168,11.7993,465,61507,0.77411,0.54,2,129296,128831,465
6258741,16.2907,24.8079,458,61575,0.756258,0.6,2,129338,128880,458
6261661,7.71628,12.3232,456,61609,0.764503,0.52,2,129340,128884,456
6264581,13.8865,8.52926,468,61643,0.761801,0.64,2,129358,128890,468
6267501,15.1546,14.2117,466,61677,0.790721,0.57,2,129374,128908,466
6270421,7.26184,12.8847,456,61711,0.796288,0.61,2,129376,128920,456
6273341,10.7047,6.35387,467,61745,0.786515,0.67,2,129389,128922,467
6276261,17.4819,14.5415,469,61779,0.764606,0.68,2,129411,128942,469
6279181,8.19276,13.6166,458,61813,0.785842,0.68,2,129413,128955,458
6282101,8.0771,6.64665,464,61847,0.794337,0.71,2,129421,128957,464
6285021,4.43084,6.85866,459,61881,0.803735,0.71,2,129423,128964,459
6287941,2.97234,3.94346,459,61915,0.807494,0.71,2,129425,128966,459
6290861,3.58893,3.97739,459,61949,0.808998,0.73,2,129429,128970,459
6293781,7.43557,4.59095,464,61983,0.809599,0.66,2,129439,128975,464
6296701,4.17423,6.63638,458,62017,0.80984,0.66,2,129441,128983,458
6299621,5.26969,6.25455,458,62051,0.785936,0.72,2,129447,128989,458
6302541,163.508,164.502,457,62085,0.830374,0.73,2,129716,129259,457
6305461,72.6032,71.2007,460,62119,0.86615,0.71,2,129728,129268,460
6308381,32.6413,31.4803,461,62153,0.83246,0.8,2,129734,129273,461
6311301,16.6565,16.7921,460,62187,0.830984,0.78,2,129740,129280,460
6314221,13.8626,16.3168,456,62221,0.812394,0.71,2,129752,129296,456
6317141,27.745,25.7267,461,62255,0.798957,0.77,2,129789,129328,461
6320061,14.698,16.2907,457,62289,0.751583,0.77,2,129795,129338,457
6328821,15.2927,15.1546,461,62391,0.757781,0.8,2,129835,129374,461
6331741,8.51707,7.26184,463,62425,0.771113,0.78,2,129839,129376,463
6337581,17.5627,17.4819,461,62493,0.779778,0.8,2,129872,129411,461
6340501,8.22509,8.19276,461,62527,0.773911,0.8,2,129874,129413,461
6343421,8.09004,8.0771,461,62561,0.801564,0.81,2,129882,129421,461
6346341,4.43601,4.43084,461,62595,0.812626,0.81,2,129884,129423,461
6349261,2.97441,2.97234,461,62629,0.84105,0.81,2,129886,129425,461
6352181,3.58976,3.58893,461,62663,0.82842,0.81,2,129890,129429,461
6355101,6.23591,7.43557,459,62697,0.865368,0.81,2,129898,129439,459
6358021,4.89436,4.17423,461,62730,0.856147,0.77,2,129902,129441,461
6360941,6.15774,5.26969,462,62763,0.864459,0.86,2,129909,129447,462
6363861,162.663,163.508,460,62796,0.885784,0.89,2,130176,129716,460
6366781,74.6652,72.6032,464,62829,0.870313,0.81,2,130192,129728,464
6369701,32.2661,32.6413,462,62862,0.846125,0.83,2,130196,129734,462
6372621,17.1064,16.6565,463,62895,0.88445,0.8,2,130203,129740,463
6375541,14.0426,13.8626,463,62928,0.89978,0.79,2,130215,129752,463
6378461,26.017,27.745,460,62961,0.881912,0.72,2,130249,129789,460
6381381,12.8068,14.698,458,62994,0.874765,0.73,2,130253,129795,458
6384301,6.32272,7.07921,458,63027,0.847906,0.74,2,130255,129797,458
6387221,19.3291,17.2317,462,63060,0.861162,0.77,2,130283,129821,462
6390141,14.9316,15.2927,460,63093,0.824465,0.78,2,130295,129835,460
6393061,7.17265,8.51707,458,63126,0.875786,0.71,2,130297,129839,458
6614981,94.5044,157.209,493,65635,0.802,1,2,132093,131600,493
6635421,7.45441,9.99047,488,65859,0.404749,1,1,132166,131678,488
6652941,10.4047,8.823,488,66051,0.094726,1,1,132245,131757,488
6655861,11.3619,7.1292,494,66083,0.0798904,1,1,132257,131763,494
6658781,9.94475,9.45168,492,66115,0.0619562,1,1,132266,131774,492
6661701,6.9779,10.3807,486,66147,0.0427825,1,1,132271,131785,486
6664621,9.99116,11.3523,486,66179,0.023113,1,1,132283,131797,486
6667541,11.1965,11.1409,487,66211,0.0512452,1,1,132295,131808,487
6670461,9.87859,12.2564,483,66243,0.0204981,1,1,132304,131821,483
6673381,8.15143,10.9025,480,66275,0.0381992,0.9,1,132311,131831,480
6676301,104.061,111.761,469,66307,0.0212797,0.71,1,132479,132010,469
6679221,83.0242,94.5044,455,66339,0.00851188,0.69,1,132548,132093,455
6682141,42.2097,48.0018,453,66371,0.00940475,0.67,1,132563,132110,453
6685061,22.8839,27.0007,450,66403,0.0097619,0.67,1,132573,132123,450
6687981,14.5535,10.8003,459,66435,0.0579048,0.59,1,132582,132123,459
6690901,8.82142,11.5201,452,66467,0.0771619,0.55,1,132587,132135,452
6693821,6.52857,10.008,448,66499,0.0968648,0.49,1,132592,132144,448
6708421,15.3769,16.4062,442,66658,0.0438655,0.11,1,132640,132198,442
6749301,24.6836,42.2097,434,67092,0.058251,0.01,1,132997,132563,434
6755141,9.58937,14.5535,431,67154,0.0993202,0.09,1,133013,132582,431
6804781,95.1119,8.13941,596,67681,0.282768,0.31,1,133328,132732,596
6810621,40.2979,83.0223,438,67743,0.0620429,0.07,1,133407,132969,438
6813541,26.3192,42.2089,440,67774,0.0308172,0.03,1,133424,132984,440
6825221,4.51377,6.83575,428,67898,0.201381,0.13,1,133446,133018,428
6828141,4.20551,4.5343,429,67929,0.206552,0.13,1,133450,133021,429
6831061,4.0822,4.81372,428,67960,0.208621,0.15,1,133454,133026,428
6833981,7.03288,6.12549,430,67991,0.221448,0.19,1,133463,133033,430
6836901,8.81315,9.0502,429,68022,0.202579,0.15,1,133473,133044,429
6842741,21.5701,21.608,429,68084,0.216013,0.15,1,133539,133110,429
6845661,12.228,12.2432,429,68115,0.200405,0.15,1,133545,133116,429
6854421,5.87059,5.87157,429,68208,0.214666,0.15,1,133565,133136,429
6857341,3.54824,3.54863,429,68239,0.223866,0.15,1,133567,133138,429
6860261,9.2193,8.61945,430,68270,0.215547,0.17,1,133580,133150,430
6863181,8.48772,8.24778,430,68301,0.212219,0.15,1,133588,133158,430
6866101,8.19509,8.69911,429,68332,0.234887,0.15,1,133596,133167,429
6869021,8.07803,8.27964,429,68363,0.243955,0.37,1,133604,133175,429
6871941,101.631,95.1119,440,68394,0.241582,0.07,1,133768,133328,440
6874861,67.6525,75.2447,423,68425,0.294633,0,1,133813,133390,423
6877781,39.661,40.2979,427,68456,0.207853,0.01,1,133834,133407,427
6915741,9.68513,9.69122,431,68856,0.204281,0.19,1,133984,133553,431
6918661,8.67405,8.67649,431,68886,0.207712,0.23,1,133992,133561,431
6921581,5.86962,5.87059,431,68916,0.209085,0.23,1,133996,133565,431
6924501,3.54785,3.54824,431,68946,0.209634,0.21,1,133998,133567,431
6927421,9.81914,9.2193,432,68976,0.209854,0.21,1,134012,133580,432
6933261,8.29106,8.19509,432,69036,0.229177,0.25,1,134028,133596,432
6936181,8.11642,8.07803,432,69066,0.241671,0.24,1,134036,133604,432
6939101,104.047,101.631,436,69096,0.258668,0.33,1,134204,133768,436
6947861,25.979,28.4644,425,69186,0.267355,0.08,1,134280,133855,425
6950781,17.5916,17.9858,426,69216,0.280942,0.14,1,134292,133866,426
6953701,10.6366,10.7943,426,69246,0.292377,0.14,1,134298,133872,426
6956621,5.45465,5.51772,426,69276,0.296951,0.15,1,134300,133874,426
7006261,103.717,8.11642,599,69786,0.253756,0.27,1,134635,134036,599
7009181,72.087,104.047,482,69816,0.287502,0.35,1,134686,134204,482
7017941,19.3736,25.979,448,69906,0.25936,0.29,1,134728,134280,448
7020861,11.3494,17.5916,442,69936,0.235744,0.3,1,134734,134292,442
7023781,5.73977,10.6366,438,69966,0.226298,0.3,1,134736,134298,438
7026701,5.29591,5.45465,441,69996,0.258519,0.33,1,134741,134300,441
7029621,4.51836,4.58186,441,70026,0.295408,0.3,1,134745,134304,441
7044221,23.9349,36.43,452,70176,0.416065,0.31,1,134837,134385,452
7047141,13.174,22.972,444,70206,0.424426,0.35,1,134843,134399,444
7050061,10.0696,12.7888,446,70236,0.42777,0.35,1,134851,134405,446
7052981,8.82783,9.91552,446,70266,0.441108,0.35,1,134859,134413,446
7055901,5.93113,8.76621,442,70296,0.446443,0.35,1,134863,134421,442
7058821,3.57245,5.90648,440,70326,0.448577,0.35,1,134865,134425,440
7061741,9.82898,3.56259,452,70356,0.449431,0.35,1,134879,134427,452
7064661,8.73159,11.025,444,70386,0.449772,0.35,1,134887,134443,444
7067581,8.29264,9.21001,444,70416,0.449909,0.31,1,134895,134451,444
7070501,8.11705,8.48401,444,70446,0.449964,0.29,1,134903,134459,444
7073421,104.047,8.7936,603,70476,0.449985,0.22,1,135071,134468,603
7093861,7.17018,5.73977,444,70686,0.407619,0.28,1,135180,134736,444
7096781,5.26807,5.29591,443,70716,0.421047,0.32,1,135184,134741,443
7099701,4.50723,4.51836,443,70746,0.402419,0.35,1,135188,134745,443
7102621,3.00289,4.20735,441,70776,0.400968,0.36,1,135190,134749,441
7105541,6.00116,6.48294,441,70806,0.436387,0.39,1,135198,134757,441
7155181,20.7567,20.534,444,71308,0.424182,0.4,1,135608,135164,444
7158101,11.9027,11.8136,444,71337,0.439673,0.36,1,135614,135170,444
7161021,5.96107,5.92544,444,71366,0.421869,0.43,1,135616,135172,444
7169781,5.39751,4.50723,445,71453,0.43932,0.4,1,135633,135188,445
7175621,6.1436,6.00116,445,71511,0.437491,0.46,1,135643,135198,445
7178541,8.45744,8.40046,445,71540,0.444996,0.49,1,135653,135208,445
7324541,24.7029,37.6415,471,72990,0.758389,0.69,2,136625,136154,471
7327461,13.4812,24.6566,461,73019,0.765355,0.69,2,136631,136170,461
7330381,10.1925,13.4626,463,73048,0.780142,0.69,2,136639,136176,463
7333301,8.87699,10.1851,463,73077,0.786057,0.69,2,136647,136184,463
7336221,5.9508,8.87402,459,73106,0.788423,0.69,2,136651,136192,459
7339141,3.58032,5.94961,457,73135,0.789369,0.69,2,136653,136196,457
7342061,11.0321,3.57984,471,73164,0.789748,0.69,2,136669,136198,471
7344981,9.81285,11.0319,464,73193,0.789899,0.69,2,136678,136214,464
7347901,9.92514,9.21277,466,73222,0.80196,0.71,2,136688,136222,466
7350821,9.97006,9.68511,466,73251,0.806784,0.71,2,136698,136232,466
7353741,103.588,9.87404,622,73280,0.856714,0.71,2,136864,136242,622
7356661,76.8352,103.55,515,73309,0.876685,0.61,2,136923,136408,515
7359581,36.7341,76.2198,467,73338,0.842674,0.73,2,136933,136466,467
7362501,19.4936,36.4879,465,73367,0.87707,0.72,2,136941,136476,465
7365421,14.9975,19.3952,469,73396,0.896828,0.72,2,136953,136484,469
7374181,7.39184,6.08929,463,73483,0.865237,0.68,2,136975,136512,463
7377101,5.35673,8.43572,457,73512,0.838095,0.68,2,136979,136522,457
7380021,6.94269,5.77429,461,73540,0.875238,0.67,2,136987,136526,461
7382941,3.97708,4.70971,459,73568,0.890095,0.63,2,136989,136530,459
7388781,9.27633,7.23355,468,73624,0.893615,0.71,2,137010,136542,468
7426741,104.202,103.588,463,73988,0.857069,0.89,2,137327,136864,463
7429661,77.6808,76.8352,464,74016,0.852828,0.82,2,137387,136923,464
7432581,39.4723,36.7341,468,74044,0.845131,0.9,2,137401,136933,468
7435501,20.5889,19.4936,468,74072,0.824052,0.91,2,137409,136941,468
7438421,16.0356,14.9975,469,74100,0.851621,0.94,2,137422,136953,469
7441341,10.0142,13.199,463,74128,0.862648,0.94,2,137428,136965,463
7444261,5.20569,6.47959,463,74156,0.867059,0.82,2,137430,136967,463
7447181,9.28228,7.39184,467,74184,0.850824,0.82,2,137442,136975,467
7450101,6.11291,5.35673,467,74212,0.796329,0.9,2,137446,136979,467
7453021,4.84516,6.94269,463,74240,0.750532,0.9,2,137450,136987,463
7455941,4.33807,3.97708,465,74268,0.756213,0.93,2,137454,136989,465
7458861,9.53523,8.19083,467,74296,0.770485,0.88,2,137467,137000,467
7461781,9.81409,9.27633,467,74324,0.770194,0.91,2,137477,137010,467
7464701,38.7256,38.5105,467,74352,0.830078,0.91,2,137535,137068,467
7467621,25.6903,25.0042,468,74380,0.854031,0.91,2,137552,137084,468
7470541,11.4761,11.2017,468,74408,0.863612,0.93,2,137554,137086,468
7473461,8.19044,8.08067,468,74436,0.867445,0.93,2,137560,137092,468
7476381,8.07618,8.03227,468,74464,0.868978,0.93,2,137568,137100,468
7479301,8.03047,8.01291,468,74492,0.881591,0.97,2,137576,137108,468
7482221,5.61219,5.60516,468,74520,0.886636,0.93,2,137580,137112,468
7485141,3.44488,3.44207,468,74548,0.888655,0.91,2,137582,137114,468
7490981,9.79118,10.0307,467,74604,0.894585,0.91,2,137607,137140,467
7493901,9.91647,10.0123,467,74632,0.879834,0.91,2,137617,137150,467
7496821,9.96659,10.0049,467,74660,0.873934,0.82,2,137627,137160,467
7499741,104.187,104.202,467,74688,0.865573,0.85,2,137794,137327,467
7774221,16.2194,9.85559,494,77278,0.882448,1,2,139494,139000,494
7777141,13.0878,10.5422,494,77305,0.874979,1,2,139505,139011,494
7780061,12.4351,10.8169,495,77332,0.871992,1,2,139517,139022,495
7782981,15.774,10.3268,503,77359,0.894797,1,2,139535,139032,503
7785901,12.3096,8.3307,506,77386,0.879919,1,2,139545,139039,506
7788821,12.7238,6.93228,513,77413,0.873967,1,2,139558,139045,513
7791741,9.88954,3.97291,519,77440,0.871587,1,2,139566,139047,519
7794661,9.95582,6.38917,521,77467,0.870635,1,2,139576,139055,521
7797581,73.5823,90.1557,491,77494,0.792254,1,2,139692,139201,491
7800501,64.2329,81.6623,473,77521,0.868901,1,2,139750,139277,473
7803421,35.2932,44.6649,469,77548,0.893561,1,2,139766,139297,469
7806341,32.7173,27.466,484,77575,0.891424,1,2,139797,139313,484
7873501,74.7422,9.71353,582,78196,0.859553,0.74,2,140158,139576,582
8169881,144.834,144.739,492,38016,0.247416,1,1,141966,141474,492
8175721,89.7734,116.398,477,38127,0.0767865,0.63,1,142122,141645,477
8178641,54.5094,72.9593,464,38182,0.0847146,0.51,1,142153,141689,464
8210761,57.5131,58.9317,428,38787,0.797911,0.01,2,142469,142041,428
8213681,68.6052,72.1727,423,38841,0.829165,0.09,2,142545,142122,423
8216601,47.8421,47.4691,426,38895,0.889666,0.89,2,142579,142153,426
8321721,37.2689,20.8407,529,40803,0.755902,1,2,143804,143275,529
8330481,50.5292,75.1818,499,40959,0.0613377,1,1,143983,143484,499
8333401,64.0117,46.2727,545,41011,0.0305351,1,1,144056,143511,545
8336321,35.8047,65.9091,483,41062,0.030214,1,1,144073,143590,483
8339241,26.9219,34.7636,490,41113,0.0300856,1,1,144094,143604,490
8342161,37.1687,27.1055,512,41164,0.0120342,0.96,1,144138,143626,512
8345081,22.6675,33.0422,488,41215,0.0048137,0.96,1,144151,143663,488
8348001,18.067,23.4169,486,41266,0.00792548,0.99,1,144166,143680,486
8350921,18.6268,19.5667,488,41317,0.0331702,1,1,144185,143697,488
8353841,17.0507,19.8267,484,41368,0.0432681,1,1,144201,143717,484
8356761,14.6203,19.9307,477,41419,0.0233072,0.91,1,144214,143737,477
8359681,28.6481,18.1723,498,41470,0.0273229,0.63,1,144252,143754,498
8362601,37.2592,37.2689,491,41521,0.0769292,0.11,1,144295,143804,491
8365521,16.1037,56.3076,424,41572,0.0727717,0.01,1,144297,143873,424
8371361,43.6166,50.5292,422,41674,0.0944435,0.01,1,144405,143983,422
8374281,61.2466,64.0117,422,41725,0.0437774,0.03,1,144478,144056,422
8377201,34.6987,35.8047,422,41776,0.023511,0.03,1,144495,144073,422
8380121,27.0795,26.9219,423,41827,0.0274044,0,1,144517,144094,423
8383041,36.6318,37.1687,422,41877,0.0529618,0,1,144560,144138,422
8385961,22.4527,22.6675,422,41927,0.0211847,0.01,1,144573,144151,422
8388881,17.9811,18.067,422,41977,0.0144739,0.05,1,144588,144166,422
8391801,18.5924,18.6268,422,42027,0.0477896,0.05,1,144607,144185,422
8394721,17.637,17.0507,423,42077,0.0671158,0.01,1,144624,144201,423
8397641,14.2548,14.6203,422,42127,0.0688463,0.03,1,144636,144214,422
8400561,31.5019,28.6481,427,42177,0.0575385,0.11,1,144679,144252,427
8403481,37.2008,37.2592,425,42227,0.0530154,0.07,1,144720,144295,425
8406401,16.0803,16.1037,425,42277,0.0512062,0.27,1,144722,144297,425
8409321,47.2321,46.0415,427,42327,0.0264825,0.03,1,144790,144363,427
8412241,41.0928,43.6166,422,42377,0.028593,0.01,1,144827,144405,422
8415161,60.2371,61.2466,422,42427,0.0114372,0.01,1,144900,144478,422
8418081,34.2949,34.6987,422,42477,0.0105749,0.03,1,144917,144495,422
8421001,27.5179,27.0795,423,42527,0.01023,0.07,1,144940,144517,423
8423921,36.2072,36.6318,422,42577,0.022092,0,1,144982,144560,422
8426841,22.8829,22.4527,423,42627,0.0148368,0.01,1,144996,144573,423
8429761,17.5531,17.9811,422,42677,0.0239347,0.07,1,145010,144588,422
8432681,20.2213,18.5924,425,42726,0.0275739,0.08,1,145032,144607,425
8435601,18.2885,17.637,425,42775,0.0290296,0.07,1,145049,144624,425
8438521,13.3154,14.2548,423,42824,0.0296118,0.05,1,145059,144636,423
8441441,31.1262,31.5019,423,42873,0.0298447,0.05,1,145102,144679,423
8444361,36.4505,37.2008,422,42922,0.0419379,0.05,1,145142,144720,422
8447281,15.7802,16.0803,422,42971,0.0227752,0.01,1,145144,144722,422
8450201,47.1121,47.2321,422,43020,0.0391101,0.01,1,145212,144790,422
8453121,40.4448,18.8928,458,43069,0.045644,0.03,1,145248,144790,458
8456041,59.9779,29.7571,494,43118,0.0242576,0,1,145321,144827,494
8458961,34.1912,55.7029,438,43167,0.027703,0.01,1,145338,144900,438
8461881,27.4765,32.4811,444,43216,0.0290812,0.01,1,145361,144917,444
8464801,36.1906,26.7925,463,43265,0.0416325,0.03,1,145403,144940,463
8467721,23.4762,35.917,436,43314,0.034653,0.01,1,145418,144982,436
8470641,17.1905,22.7668,435,43363,0.0558612,0.03,1,145431,144996,435
8473561,21.2762,17.5067,445,43412,0.0523445,0.03,1,145455,145010,445
8476481,18.1105,20.2027,439,43461,0.0269378,0.03,1,145471,145032,439
8479401,13.2442,18.2811,432,43510,0.0527751,0.03,1,145481,145049,432
8482321,30.4977,13.3124,464,43558,0.0631101,0.03,1,145523,145059,464
8485241,36.1991,31.125,461,43606,0.055244,0.05,1,145563,145102,461
8488161,15.6796,36.45,423,43654,0.0520976,0.01,1,145565,145142,423
8491081,47.0719,15.78,489,43702,0.050839,0.05,1,145633,145144,489
8494001,40.4287,47.112,457,43750,0.0383356,0.05,1,145669,145212,457
8496921,59.9715,40.4448,494,43798,0.0213342,0.01,1,145742,145248,494
8499841,34.1886,59.9779,438,43846,0.0265337,0.03,1,145759,145321,438
8502761,27.4754,34.1912,444,43894,0.0406135,0.03,1,145782,145338,444
8505681,36.1902,27.4765,463,43942,0.0342454,0.05,1,145824,145361,463
8508601,24.0761,36.1906,437,43990,0.0316982,0.03,1,145840,145403,437
8511521,17.4304,23.4762,435,44038,0.0306793,0.07,1,145853,145418,435
8514441,20.7722,17.1905,445,44086,0.0302717,0.05,1,145876,145431,445
8517361,19.7089,21.2762,440,44134,0.0301087,0.01,1,145895,145455,440
8520281,13.8835,18.1105,434,44182,0.0300435,0.07,1,145905,145471,434
8523201,29.5534,13.2442,464,44230,0.0300174,0.07,1,145945,145481,464
8526121,37.0214,30.4977,464,44278,0.030007,0.05,1,145987,145523,464
8529041,16.0085,36.1991,426,44326,0.0540028,0.05,1,145989,145563,426
8531961,47.2034,15.6796,492,44374,0.0756011,0.05,1,146057,145565,492
8537801,59.2725,40.4287,494,44469,0.0492962,0.01,1,146163,145669,494
8540721,24.909,59.9715,423,44516,0.0197185,0.03,1,146165,145742,423
8543641,20.1636,34.1886,423,44563,0.00788739,0.05,1,146182,145759,423
8546561,21.8654,27.4754,423,44610,0.021155,0.03,1,146205,145782,423
8549481,33.9462,36.1902,423,44657,0.014462,0.03,1,146247,145824,423
8552401,23.7785,24.0761,424,44704,0.0237848,0.03,1,146264,145840,424
8555321,16.7114,17.4304,423,44751,0.0155139,0.03,1,146276,145853,423
8558241,21.0846,20.7722,424,44798,0.0242056,0.03,1,146300,145876,424
8561161,19.2338,19.7089,423,44845,0.0276822,0.03,1,146318,145895,423
8564081,13.6935,13.8835,423,44892,0.0170729,0.03,1,146328,145905,423
8567001,29.4774,29.5534,423,44939,0.0248292,0.03,1,146368,145945,423
8569921,38.191,37.0214,425,44986,0.0759317,0.07,1,146412,145987,425
8572841,16.4764,16.0085,425,45033,0.0723727,0.09,1,146414,145989,425
8581601,56.6385,59.2725,422,45174,0.0639118,0,1,146585,146163,422
8584521,23.8554,24.909,422,45221,0.0255647,0,1,146587,146165,422
8587441,19.7422,20.1636,422,45268,0.0162259,0.03,1,146604,146182,422
8590361,21.6969,21.8654,422,45315,0.0244904,0.01,1,146627,146205,422
8593281,33.8787,33.9462,422,45362,0.0157961,0.03,1,146669,146247,422
8596201,23.7515,23.7785,422,45408,0.0243185,0.01,1,146686,146264,422
8599121,17.3006,16.7114,423,45454,0.0277274,0.03,1,146699,146276,423
8602041,21.3202,21.0846,423,45500,0.041091,0.03,1,146723,146300,423
8604961,18.7281,19.2338,422,45546,0.0344364,0.01,1,146740,146318,422
8607881,13.4912,13.6935,422,45592,0.0317746,0.03,1,146750,146328,422
8610801,29.9965,29.4774,423,45638,0.0427098,0.11,1,146791,146368,423
8613721,39.5986,38.191,425,45684,0.0470839,0.07,1,146837,146412,425
8616641,17.0394,16.4764,425,45730,0.0728336,0.13,1,146839,146414,425
8619561,50.0158,47.9906,428,45776,0.0831334,0.17,1,146911,146483,428
8622481,40.4063,39.5962,428,45822,0.0632534,0.01,1,146945,146517,428
8625401,53.3625,56.6385,422,45868,0.0253013,0,1,147007,146585,422
8628321,22.545,23.8554,422,45914,0.0101205,0,1,147009,146587,422
8631241,18.618,9.54216,438,45960,0.0220482,0.01,1,147025,146587,438
8634161,21.2472,14.0169,444,46006,0.0268193,0.03,1,147048,146604,444
8637081,33.6989,19.4067,463,46052,0.0287277,0.01,1,147090,146627,463
8640001,23.6796,32.9627,438,46098,0.0174911,0.03,1,147107,146669,438
8642921,17.2718,23.3851,434,46144,0.0369964,0.03,1,147120,146686,434
8645841,21.3087,17.154,445,46190,0.0327986,0.05,1,147144,146699,445
8648761,19.3235,21.2616,439,46236,0.0431194,0.03,1,147162,146723,439
8651681,13.7294,18.7046,432,46282,0.0232478,0.03,1,147172,146740,432
8654601,30.6918,13.4819,464,46328,0.0392991,0.05,1,147214,146750,464
8657521,39.8767,29.9927,469,46374,0.0577196,0.05,1,147260,146791,469
8660441,17.1507,39.5971,425,46419,0.0650879,0.09,1,147262,146837,425
8663361,50.0603,17.0388,495,46464,0.0560351,0.09,1,147334,146839,495
8666281,41.0241,50.0155,458,46509,0.0644141,0.05,1,147369,146911,458
8669201,51.8096,40.4062,483,46554,0.0257656,0,1,147428,146945,483
8672121,21.9239,53.3625,423,46599,0.0103062,0,1,147430,147007,423
8675041,18.3695,22.545,437,46644,0.0221225,0.03,1,147446,147009,437
8677961,21.1478,18.618,444,46689,0.026849,0.03,1,147469,147025,444
8680881,34.2591,21.2472,464,46734,0.0167396,0.03,1,147512,147048,464
8683801,23.9037,33.6989,439,46779,0.0366958,0.01,1,147529,147090,439
8686721,17.3615,23.6796,435,46824,0.0326783,0.05,1,147542,147107,435
8689641,21.3446,17.2718,446,46869,0.0310713,0.03,1,147566,147120,446
8692561,18.7378,21.3087,439,46914,0.0424285,0.05,1,147583,147144,439
8695481,14.0951,19.3235,432,46959,0.0589714,0.01,1,147594,147162,432
8698401,31.4381,13.7294,465,47004,0.0415886,0.05,1,147637,147172,465
8701321,40.7752,30.6918,470,47049,0.0346354,0.07,1,147684,147214,470
8704241,17.5101,39.8767,426,47094,0.0318542,0.07,1,147686,147260,426
8707161,50.204,17.1507,496,47139,0.0307417,0.05,1,147758,147262,496
8710081,41.0816,50.0603,459,47184,0.0662967,0.07,1,147793,147334,459
8713001,50.0326,41.0241,480,47229,0.0445187,0,1,147849,147369,480
8715921,21.2131,51.8096,423,47274,0.0178075,0,1,147851,147428,423
8718841,18.0852,21.9239,437,47319,0.025123,0.03,1,147867,147430,437
8721761,21.0341,18.3695,444,47364,0.0520492,0.03,1,147890,147446,444
8724681,9.61364,21.1478,423,47409,0.0388197,0.01,1,147892,147469,423
8727601,29.6455,34.2591,423,47453,0.0335279,0.05,1,147935,147512,423
8730521,21.4582,23.9037,422,47497,0.0434112,0.03,1,147951,147529,422
8733441,16.3833,17.3615,422,47541,0.0353645,0.03,1,147964,147542,422
8736361,21.5533,21.3446,423,47585,0.0441458,0.05,1,147989,147566,423
8739281,19.4213,18.7378,424,47629,0.0476583,0.07,1,148007,147583,424
8742201,14.3685,14.0951,424,47673,0.0370633,0.03,1,148018,147594,424
8745121,30.9474,31.4381,423,47717,0.0448253,0.03,1,148060,147637,423
8748041,40.579,40.7752,423,47761,0.0719301,0.03,1,148107,147684,423
8750961,17.4316,17.5101,423,47805,0.058772,0.03,1,148109,147686,423
8768481,21.3062,21.0341,423,48069,0.0607034,0.03,1,148313,147890,423
8771401,9.72249,9.61364,423,48113,0.0302814,0.03,1,148315,147892,423
8774321,29.089,29.6455,422,48157,0.0301125,0.05,1,148357,147935,422
8777241,21.2356,21.4582,422,48201,0.030045,0.03,1,148373,147951,422
8780161,16.2942,16.3833,422,48245,0.030018,0.05,1,148386,147964,422
8783081,21.5177,21.5533,422,48289,0.0420072,0.05,1,148411,147989,422
8786001,19.4071,19.4213,422,48333,0.0468029,0.03,1,148429,148007,422
8788921,15.5628,14.3685,424,48377,0.0367212,0.05,1,148442,148018,424
8791841,31.4251,30.9474,424,48421,0.0326885,0.09,1,148484,148060,424
8794761,40.7701,40.579,424,48465,0.0430754,0.05,1,148531,148107,424
8797681,17.508,17.4316,424,48508,0.0712302,0.13,1,148533,148109,424
8800601,52.6032,51.3726,426,48551,0.0704921,0.15,1,148609,148183,426
8803521,43.8413,42.1491,428,48594,0.0821968,0.15,1,148647,148219,428
8806441,48.7365,48.6596,427,48637,0.0988787,0.15,1,148699,148272,427
8812281,16.6778,17.2655,426,48723,0.0842206,0.01,1,148715,148289,426
8815201,18.6711,21.3062,422,48766,0.0996882,0.01,1,148735,148313,422
8818121,8.66845,9.72249,422,48809,0.0818753,0.03,1,148737,148315,422
8821041,28.6674,29.089,422,48852,0.0387501,0.03,1,148779,148357,422
8823961,20.467,11.6356,437,48895,0.0335,0.03,1,148794,148357,437
8826881,15.9868,14.2542,434,48938,0.0314,0.03,1,148807,148373,434
8829801,21.3947,13.5017,446,48981,0.03056,0.05,1,148832,148386,446
8832721,19.3579,20.4007,439,49024,0.030224,0.05,1,148850,148411,439
8835641,15.5432,18.9603,434,49067,0.0420896,0.03,1,148863,148429,434
8838561,32.0173,15.3841,464,49110,0.0468358,0.03,1,148906,148442,464
8841481,41.6069,31.3536,470,49153,0.0607343,0.05,1,148954,148484,470
8844401,17.8428,40.7415,425,49196,0.0662937,0.09,1,148956,148531,425
8847321,53.9371,17.4966,501,49239,0.0565175,0.07,1,149034,148533,501
8850241,43.1748,52.5986,461,49282,0.076607,0.09,1,149070,148609,461
8853161,49.0699,43.8395,476,49325,0.0966428,0.11,1,149123,148647,476
8870681,19.9499,28.6674,436,49583,0.0718333,0.03,1,149215,148779,436
8873601,16.38,20.4669,435,49625,0.0587333,0.03,1,149229,148794,435
8876521,21.552,15.9868,447,49667,0.0414933,0.03,1,149254,148807,447
8879441,19.4208,21.3947,440,49709,0.0345973,0.03,1,149272,148832,440
8882361,15.5683,19.3579,435,49751,0.0438389,0.05,1,149285,148850,435
8885281,32.6273,15.5432,466,49793,0.0475356,0.05,1,149329,148863,466
8888201,42.4509,32.0173,472,49835,0.0370142,0.07,1,149378,148906,472
8891121,18.7804,41.6069,427,49877,0.0208057,0.07,1,149381,148954,427
8894041,53.7121,17.8428,502,49919,0.0743223,0.05,1,149458,148956,502
8896961,43.6849,53.9371,461,49961,0.0597289,0.09,1,149495,149034,461
8899881,49.8739,43.1748,479,50003,0.0898916,0.11,1,149549,149070,479
8946601,43.4874,43.6849,424,50675,0.216694,0.11,1,149919,149495,424
8949521,51.5949,49.8739,427,50717,0.236678,0.11,1,149976,149549,427
8952441,21.838,21.1496,427,50759,0.244671,0.11,1,149978,149551,427
8955361,17.1352,16.8598,427,50800,0.223868,0.11,1,149992,149565,427
8958281,17.6541,17.5439,427,50841,0.233547,0.11,1,150010,149583,427
8961201,8.26163,8.21757,427,50882,0.261419,0.11,1,150012,149585,427
8964121,28.5047,26.687,430,50923,0.266568,0.17,1,150054,149624,430
8967041,19.8019,19.0748,430,50964,0.280627,0.17,1,150068,149638,430
8969961,15.1207,14.8299,430,51005,0.262251,0.17,1,150080,149650,430
8972881,7.2483,7.13197,430,51046,0.2789,0.15,1,150082,149652,430
8975801,17.2993,17.8528,429,51087,0.28556,0.19,1,150106,149677,429
8981641,14.2879,14.3764,429,51169,0.28209,0.11,1,150136,149707,429
8984561,32.1152,33.3506,427,51210,0.274836,0.15,1,150180,149753,427
8987481,43.4461,42.7402,429,51251,0.283934,0.15,1,150231,149802,429
8990401,18.5784,18.2961,429,51292,0.263574,0.23,1,150233,149804,429
8993321,56.0314,54.7184,431,51333,0.291429,0.23,1,150314,149883,431
9086761,43.4631,32.1163,499,52630,0.782407,0.57,2,151113,150614,499
9089681,18.5852,42.8465,451,52670,0.798963,0.57,2,151115,150664,451
9092601,57.8341,18.3386,533,52710,0.817585,0.55,2,151199,150666,533
9095521,44.7336,57.7354,485,52750,0.825034,0.57,2,151235,150750,485
9098441,54.4935,44.6942,510,52790,0.816014,0.61,2,151296,150786,510
9101361,22.9974,53.2777,453,52830,0.812405,0.61,2,151298,150845,453
9104281,18.199,22.5111,466,52870,0.834962,0.61,2,151313,150847,466
9352481,306.268,334.913,478,24820,0.43,0.39,1,153502,153024,478
9355401,185.507,193.365,484,25633,0.202,0,1,153607,153123,484
9358321,112.603,132.546,456,25716,0.0808,0.01,1,153671,153215,456
9361241,68.4412,87.8184,437,25798,0.03832,0.03,1,153710,153273,437
9364161,61.5765,59.1274,454,25880,0.015328,0.01,1,153767,153313,454
9367081,64.2306,59.0509,461,25962,0.0061312,0.05,1,153833,153372,461
9370001,47.2922,62.0204,433,26044,0.00245248,0,1,153869,153436,433
9372921,42.3169,51.2082,428,26125,0.042981,0.01,1,153908,153480,428
9375841,25.3268,29.4833,427,26206,0.0591924,0.05,1,153922,153495,427
9378761,73.7307,15.9933,526,26287,0.041677,0.05,1,154028,153502,526
9381681,67.8923,69.3973,485,26368,0.0466708,0,1,154092,153607,485
9384601,50.5569,66.1589,460,26448,0.0486683,0.01,1,154131,153671,460
9387521,56.2228,49.8636,481,26528,0.0374673,0,1,154191,153710,481
9390441,60.2891,54.1454,487,26608,0.0149869,0,1,154254,153767,487
9393361,46.9156,61.2582,459,26688,0.00599477,0,1,154292,153833,459
9396281,41.5663,46.1033,461,26767,0.0323979,0.07,1,154330,153869,461
9399201,25.0265,41.8413,436,26846,0.0309592,0.07,1,154344,153908,436
9402121,11.2106,25.1365,424,26925,0.0303837,0.03,1,154346,153922,424
9405041,66.8842,73.6546,422,27004,0.0661535,0.05,1,154450,154028,422
9407961,65.1537,67.8618,422,27082,0.0324614,0.05,1,154514,154092,422
9410881,49.4615,50.5447,422,27160,0.0309846,0.03,1,154553,154131,422
9413801,55.7846,56.2179,422,27238,0.0183938,0,1,154613,154191,422
9416721,60.7138,60.2872,423,27316,0.00735753,0,1,154677,154254,423
9419641,46.4855,46.9149,422,27394,0.00294301,0.05,1,154714,154292,422
9422561,41.9942,41.5659,423,27471,0.0071772,0.03,1,154753,154330,423
9425481,25.1977,25.0264,423,27548,0.0328709,0.03,1,154767,154344,423
9428401,11.2791,11.2106,423,27625,0.0551484,0.09,1,154769,154346,423
9431321,66.3116,66.8842,422,27702,0.0880594,0.01,1,154872,154450,422
9434241,64.9247,65.1537,422,27778,0.0532237,0.03,1,154936,154514,422
9437161,49.3699,49.4615,422,27854,0.0272895,0.01,1,154975,154553,422
9440081,55.7479,55.7846,422,27930,0.0169158,0,1,155035,154613,422
9443001,60.6992,60.7138,422,28006,0.00676632,0,1,155099,154677,422
9445921,46.4797,46.4855,422,28082,0.00270653,0.01,1,155136,154714,422
9448841,41.9919,41.9942,422,28157,0.00708261,0.05,1,155175,154753,422
9451761,25.1967,25.1977,422,28232,0.00883305,0.07,1,155189,154767,422
9454681,11.2787,11.2791,422,28307,0.0335332,0.11,1,155191,154769,422
9457601,66.9115,66.3116,423,28382,0.0554133,0.11,1,155295,154872,423
9460521,63.9646,26.5247,485,28457,0.0521653,0.03,1,155357,154872,485
9463441,48.9858,49.0099,460,28531,0.0388661,0.01,1,155396,154936,460
9466361,55.5943,43.0039,481,28605,0.0335465,0.01,1,155456,154975,481
9469281,60.6377,53.2016,485,28679,0.0134186,0,1,155520,155035,485
9472201,46.4551,59.6806,458,28753,0.00536743,0,1,155557,155099,458
9475121,41.982,46.0723,460,28827,0.020147,0.01,1,155596,155136,460
9478041,25.1928,41.8289,435,28900,0.0260588,0.01,1,155610,155175,435
9480961,11.2771,25.1316,423,28973,0.0284235,0.05,1,155612,155189,423
9483881,68.1109,11.2526,527,29046,0.0773694,0.07,1,155718,155191,527
9486801,63.2443,66.9011,483,29119,0.0489478,0.05,1,155778,155295,483
9489721,48.6977,63.9604,460,29192,0.0255791,0.03,1,155817,155357,460
9492641,55.4791,48.9842,481,29265,0.0102316,0.03,1,155877,155396,481
9495561,60.5916,55.5937,485,29337,0.00409266,0,1,155941,155456,485
9498481,47.0367,60.6375,459,29409,0.00163706,0,1,155979,155520,459
9501401,41.6147,46.455,460,29481,0.0186548,0.03,1,156017,155557,460
9504321,25.0459,41.982,435,29553,0.00746193,0.03,1,156031,155596,435
9507241,11.2183,25.1928,423,29625,0.0329848,0.03,1,156033,155610,423
9510161,71.0873,11.2771,532,29696,0.0551939,0.11,1,156144,155612,532
9513081,61.4349,68.1108,481,29767,0.0400776,0.03,1,156199,155718,481
9516001,47.974,63.2443,460,29838,0.022031,0.01,1,156238,155778,460
9518921,20.3896,48.6977,423,29909,0.0148124,0,1,156240,155817,423
9521841,43.5558,55.4791,422,29980,0.023925,0,1,156299,155877,422
9524761,55.8223,60.5916,422,30051,0.00956998,0,1,156363,155941,422
9527681,45.1289,47.0367,422,30121,0.00382799,0.03,1,156401,155979,422
9530601,41.4516,41.6147,423,30191,0.0195312,0,1,156440,156017,423
9533521,24.9806,25.0459,423,30261,0.0138125,0.05,1,156454,156031,423
9536441,11.1923,11.2183,423,30331,0.011525,0.07,1,156456,156033,423
9539361,72.2769,71.0873,425,30401,0.04661,0.03,1,156569,156144,425
9542281,60.1108,61.4349,422,30471,0.024644,0.01,1,156621,156199,422
9545201,47.4443,47.974,422,30540,0.0278576,0.01,1,156660,156238,422
9548121,20.1777,20.3896,422,30609,0.029143,0.03,1,156662,156240,422
9551041,43.4711,43.5558,422,30678,0.0296572,0,1,156721,156299,422
9553961,55.7884,55.8223,422,30747,0.0118629,0,1,156785,156363,422
9556881,45.1154,45.1289,422,30816,0.00474515,0.03,1,156823,156401,422
9559801,41.4462,41.4516,422,30885,0.0318981,0.01,1,156862,156440,422
9562721,24.9785,24.9806,422,30954,0.0427592,0.01,1,156876,156454,422
9565641,11.1914,11.1923,422,31022,0.0711037,0.07,1,156878,156456,422
9568561,74.0766,72.2769,425,31090,0.0584415,0.01,1,156994,156569,425
9571481,59.0306,60.1108,422,31158,0.0293766,0.03,1,157043,156621,422
9574401,47.0122,47.4443,422,31226,0.0297506,0.03,1,157082,156660,422
9577321,20.0049,20.1777,422,31294,0.0299003,0.03,1,157084,156662,422
9580241,43.402,8.07109,481,31362,0.0299601,0.03,1,157143,156662,481
9583161,55.1608,38.6284,485,31429,0.011984,0,1,157206,156721,485
9586081,44.8643,53.8514,459,31496,0.00479362,0,1,157244,156785,459
9589001,42.5457,44.3405,462,31563,0.0319174,0.05,1,157285,156823,462
9591921,24.2183,41.1362,435,31630,0.042767,0.05,1,157297,156862,435
9594841,10.8873,24.8545,423,31697,0.0471068,0.09,1,157299,156876,423
9603601,46.9928,59.0227,460,31897,0.0594148,0.03,1,157503,157043,460
9606521,19.9971,47.0091,423,31963,0.0297659,0.03,1,157505,157082,423
9609441,44.5988,20.0036,482,32029,0.0179064,0.03,1,157566,157084,482
9612361,54.4395,43.4015,484,32095,0.00716255,0,1,157627,157143,484
9615281,44.5758,55.1606,459,32161,0.00286502,0,1,157665,157206,459
9618201,43.6303,44.8642,464,32227,0.019146,0.05,1,157708,157244,464
9621121,25.2521,42.5457,436,32293,0.0136584,0.05,1,157721,157285,436
9624041,11.3009,24.2183,426,32359,0.0114634,0.05,1,157723,157297,426
9626961,76.5203,10.8873,544,32424,0.0345853,0.15,1,157843,157299,544
9629881,56.4081,73.9549,471,32489,0.0678341,0.15,1,157886,157415,471
9632801,45.3633,58.982,460,32554,0.0331337,0.01,1,157924,157464,460
9635721,19.3453,46.9928,423,32619,0.0192535,0.01,1,157926,157503,423
9638641,44.9381,19.9971,483,32684,0.0257014,0.01,1,157988,157505,483
9641561,53.9752,44.5988,482,32749,0.0102806,0,1,158048,157566,482
9644481,22.7901,54.4395,423,32814,0.00411222,0,1,158050,157627,423
9647401,31.316,44.5758,422,32878,0.00164489,0.03,1,158087,157665,422
9650321,38.9264,43.6303,423,32942,0.000657955,0.01,1,158131,157708,423
9653241,23.9706,25.2521,424,33006,0.0302632,0.01,1,158145,157721,424
9656161,10.7882,11.3009,424,33070,0.0181053,0.05,1,158147,157723,424
9659081,76.3153,76.5203,424,33134,0.0492421,0.09,1,158267,157843,424
9662001,57.5261,56.4081,426,33198,0.0856968,0.01,1,158312,157886,426
9664921,43.4104,45.3633,422,33262,0.0522787,0.01,1,158346,157924,422
9667841,18.5642,19.3453,422,33326,0.0389115,0.03,1,158348,157926,422
9670761,45.2257,44.9381,423,33389,0.0335646,0,1,158411,157988,423
9673681,53.4903,53.9752,422,33452,0.0134258,0,1,158470,158048,422
9676601,22.5961,22.7901,422,33515,0.00537034,0,1,158472,158050,422
9679521,31.2384,31.316,422,33578,0.00214813,0,1,158509,158087,422
9682441,38.8954,38.9264,422,33641,0.000859253,0.05,1,158553,158131,422
9685361,23.9582,23.9706,422,33704,0.0303437,0.01,1,158567,158145,422
9688281,10.7833,10.7882,422,33767,0.0421375,0.07,1,158569,158147,422
9691201,78.1133,76.3153,425,33830,0.082855,0.11,1,158692,158267,425
9694121,60.0453,57.5261,428,33893,0.099142,0.03,1,158740,158312,428
9697041,40.8181,43.4104,422,33955,0.0696568,0.03,1,158768,158346,422
9699961,17.5273,18.5642,422,34017,0.0578627,0.03,1,158770,158348,422
9702881,44.8109,45.2257,422,34079,0.0411451,0,1,158833,158411,422
9705801,53.3244,53.4903,422,34141,0.016458,0,1,158892,158470,422
9708721,22.5297,22.5961,422,34203,0.00658321,0,1,158894,158472,422
9711641,31.2119,31.2384,422,34265,0.00263329,0,1,158931,158509,422
9714561,38.2848,12.4954,465,34327,0.00105331,0,1,158974,158509,465
9717481,23.7139,31.3982,435,34389,0.0184213,0.05,1,158988,158553,435
9720401,10.6856,20.9593,423,34450,0.0253685,0.05,1,158990,158567,423
9735001,44.568,17.4965,484,34755,0.080007,0.03,1,159254,158770,484
9737921,53.2272,44.7986,480,34816,0.0320028,0,1,159313,158833,480
9740841,22.4909,53.3194,423,34877,0.0128011,0,1,159315,158892,423
9743761,31.1964,22.5278,458,34938,0.00512045,0,1,159352,158894,458
9746681,38.8785,31.2111,465,34999,0.0200482,0,1,159396,158931,465
9749601,23.3514,38.2844,435,35059,0.0140193,0.03,1,159409,158974,435
9752521,10.5406,23.7138,423,35119,0.0116077,0.03,1,159411,158988,423
9755441,84.6162,10.6855,555,35179,0.0346431,0.17,1,159545,158990,555
9758361,63.2465,79.8742,478,35239,0.0558572,0.19,1,159594,159116,478
9761281,37.8986,60.7497,451,35299,0.0763429,0.19,1,159615,159164,451
9764201,16.3594,39.2999,428,35359,0.0605372,0.19,1,159617,159189,428
9767121,41.3438,16.9199,484,35419,0.0422149,0.01,1,159675,159191,484
9770041,51.9375,44.568,480,35479,0.0168859,0,1,159734,159254,480
9772961,21.975,53.2272,423,35539,0.00675438,0,1,159736,159313,423
9775881,30.99,22.4909,458,35598,0.00270175,0,1,159773,159315,458
9778801,38.796,31.1964,465,35657,0.0010807,0.03,1,159817,159352,465
9781721,16.7184,38.8785,423,35716,0.00643228,0.01,1,159819,159396,423
9784641,13.8874,23.3514,422,35775,0.0445729,0.01,1,159831,159409,422
9787561,6.75494,10.5406,422,35834,0.0598292,0.05,1,159833,159411,422
9790481,84.302,84.6162,424,35893,0.0419317,0.07,1,159969,159545,424
9793401,63.7208,63.2465,425,35952,0.0587727,0.09,1,160019,159594,425
9796321,37.4883,37.8986,424,36011,0.0775091,0.05,1,160039,159615,424
9802161,41.2781,41.3438,424,36129,0.0616014,0,1,160099,159675,424
9805081,50.7113,51.9375,422,36187,0.0246406,0,1,160156,159734,422
9808001,21.4845,21.975,422,36245,0.00985623,0,1,160158,159736,422
9810921,30.7938,30.99,422,36303,0.00394249,0,1,160195,159773,422
9813841,39.3175,38.796,423,36361,0.019577,0.01,1,160240,159817,423
9816761,16.927,16.7184,423,36419,0.0258308,0.07,1,160242,159819,423
9819681,13.9708,13.8874,423,36477,0.0403323,0.07,1,160254,159831,423
9822601,6.78832,6.75494,423,36535,0.0461329,0.03,1,160256,159833,423
9825521,84.3153,84.302,423,36593,0.0724532,0.07,1,160392,159969,423
9828441,64.9261,63.7208,425,36651,0.214981,0.09,1,160444,160019,425
9831361,38.5705,37.4883,426,36709,0.259993,0.13,1,160465,160039,426
9840121,49.8205,50.7113,422,36881,0.22472,0,1,160578,160156,422
9845961,30.6513,30.7938,422,36995,0.0671551,0.03,1,160617,160195,422
9848881,39.2605,39.3175,422,37052,0.032862,0.03,1,160662,160240,422
9851801,16.9042,16.927,422,37109,0.0191448,0.05,1,160664,160242,422
9854721,13.9617,13.9708,422,37166,0.0136579,0.05,1,160676,160254,422
9857641,6.78467,5.58832,424,37223,0.0114632,0.05,1,160678,160254,424
9860561,84.9139,3.43533,559,37280,0.0465853,0.09,1,160815,160256,559
9875161,41.274,39.0169,478,37563,0.229331,0.17,1,160999,160521,478
9878081,17.7096,49.8068,423,37619,0.241733,0.13,1,161001,160578,423
9883921,38.7135,30.6491,466,37731,0.0758772,0.01,1,161083,160617,466
9886841,16.6854,39.2596,423,37787,0.0483509,0.01,1,161085,160662,423
9889761,13.8742,16.9039,433,37843,0.0253404,0.01,1,161097,160664,433
9892681,6.74967,13.9615,423,37899,0.0281361,0.01,1,161099,160676,423
9895601,86.6999,6.78462,561,37955,0.0532545,0.07,1,161239,160678,561
9901441,44.232,71.7655,453,38067,0.213721,0.19,1,161331,160878,453
9904361,18.8928,41.9062,433,38122,0.211488,0.19,1,161333,160900,433
9916041,24.1381,17.7096,462,38342,0.216662,0.13,1,161463,161001,462
9918961,34.2552,29.2838,466,38397,0.224665,0.01,1,161504,161038,466
9921881,14.9021,38.7135,423,38452,0.203866,0.03,1,161506,161083,423
9936481,60.1411,76.0799,433,38727,0.208267,0.25,1,161741,161308,433
9939401,37.2564,44.232,432,38782,0.245307,0.21,1,161763,161331,432
9942321,16.1026,18.8928,432,38836,0.284123,0.17,1,161765,161333,432
9945241,38.841,41.1571,430,38890,0.299649,0.17,1,161819,161389,430
9956921,33.3127,34.2552,431,39106,0.425223,0.19,1,161935,161504,431
9980281,17.0614,16.1026,436,39537,0.768607,0.31,2,162201,161765,436
9983201,39.8246,38.841,437,39590,0.805443,0.33,2,162256,161819,437
9986121,44.1298,43.1364,438,39643,0.832177,0.33,2,162303,161865,438
9989041,18.8519,18.4546,438,39696,0.842871,0.43,2,162305,161867,438
9991961,26.7408,24.7818,441,39749,0.835148,0.45,2,162337,161896,441
9994881,35.8963,33.3127,444,39802,0.892059,0.49,2,162379,161935,444
10102921,39.7449,47.3417,479,41720,0.866431,1,2,163730,163251,479
10105841,31.4979,30.3367,486,41771,0.784573,1,2,163756,163270,486
10120441,23.4326,16.5231,504,42022,0.414853,1,1,163865,163361,504
10123361,66.973,77.4093,482,42072,0.255941,1,1,163961,163479,482
10129201,64.1157,67.5855,479,42172,0.0853506,1,1,164062,163583,479
10132121,40.0463,45.0342,473,42222,0.0341402,1,1,164086,163613,473
10135041,32.2185,33.0137,475,42272,0.0316561,1,1,164113,163638,475
10137961,26.0874,26.4055,475,42322,0.0426624,0.87,1,164135,163660,475
10140881,18.835,21.3622,471,42372,0.047065,0.83,1,164149,163678,471
10143801,32.734,39.7449,461,42422,0.048826,0.73,1,164191,163730,461
10146721,27.4936,31.4979,459,42472,0.0495304,0.67,1,164215,163756,459
10149641,21.7974,26.3992,454,42522,0.0498122,0.67,1,164233,163779,454
10164241,56.6203,66.973,426,42770,0.0773005,0.11,1,164387,163961,426
10170081,61.0193,64.1157,423,42868,0.248768,0,1,164485,164062,423
10175921,31.1231,32.2185,422,42966,0.0422029,0.05,1,164535,164113,422
10178841,25.6492,26.0874,422,43015,0.0348812,0.05,1,164557,164135,422
10181761,18.6597,10.435,436,43064,0.0439525,0.05,1,164571,164135,436
10184681,32.0639,12.574,463,43113,0.047581,0.05,1,164612,164149,463
10187601,27.2256,30.2296,445,43162,0.0730324,0.05,1,164636,164191,445
10190521,27.0902,26.4918,448,43211,0.083213,0.05,1,164663,164215,448
10193441,15.6361,21.3967,438,43260,0.0872852,0.19,1,164671,164233,438
10196361,18.8544,15.7587,447,43309,0.0769141,0.13,1,164692,164245,447
10199281,18.3418,19.5035,443,43358,0.0847656,0.13,1,164710,164267,443
10202201,19.9367,18.6014,446,43407,0.0519063,0.11,1,164731,164285,446
10205121,54.1747,20.0406,502,43456,0.0627625,0.05,1,164808,164306,502
10208041,49.8699,56.6162,468,43505,0.055105,0.56,1,164855,164387,468
10210961,52.9479,34.0465,504,43553,0.076042,0.17,1,164910,164406,504
10213881,33.1792,61.0186,445,43601,0.0604168,0.01,1,164930,164485,445
10216801,28.8717,38.8074,447,43649,0.0241667,0,1,164956,164509,447
10219721,24.7487,31.123,443,43697,0.0156667,0.03,1,164978,164535,443
10222641,19.4995,25.6492,437,43745,0.0122667,0.05,1,164994,164557,437
10225561,33.5998,18.6597,466,43793,0.0349067,0.05,1,165037,164571,466
10228481,26.6399,32.0639,447,43841,0.0559627,0.09,1,165059,164612,447
10231401,28.056,27.2255,452,43889,0.0763851,0.09,1,165088,164636,452
10234321,16.0224,27.0902,433,43937,0.084554,0.09,1,165096,164663,433
10237241,18.409,15.6361,445,43985,0.0878216,0.07,1,165116,164671,445
10257681,28.0033,33.1792,447,44321,0.0888437,0,1,165377,164930,447
10260601,24.4013,28.8717,443,44369,0.0535375,0.01,1,165399,164956,443
10263521,19.9605,24.7487,438,44417,0.027415,0.01,1,165416,164978,438
10266441,34.3842,19.4995,466,44464,0.040966,0.05,1,165460,164994,466
10269361,14.9537,33.5998,425,44511,0.0463864,0.07,1,165462,165037,425
10272281,19.7815,26.6399,426,44558,0.0605546,0.09,1,165485,165059,426
10275201,25.3126,28.056,426,44605,0.0542218,0.09,1,165514,165088,426
10278121,14.925,16.0224,426,44652,0.0516887,0.09,1,165522,165096,426
10281041,17.97,18.409,426,44699,0.0626755,0.11,1,165542,165116,426
10283961,19.188,18.7636,427,44746,0.0670702,0.11,1,165562,165135,427
10286881,20.2752,19.5054,428,44793,0.0688281,0.11,1,165583,165155,428
10289801,53.7101,54.0022,427,44840,0.0815312,0.11,1,165659,165232,427
10292721,51.484,49.8009,430,44887,0.0986125,0.19,1,165709,165279,430
10304401,21.9628,24.4013,422,45075,0.0550845,0.01,1,165821,165399,422
10307321,20.1851,19.9605,424,45122,0.0280338,0.05,1,165840,165416,424
10310241,34.474,34.3842,424,45169,0.0412135,0.05,1,165884,165460,424
10313161,14.9896,14.9537,424,45216,0.0224854,0.07,1,165886,165462,424
10316081,19.1958,19.7815,423,45263,0.0509942,0.05,1,165908,165485,423
10319001,24.4783,25.3126,422,45310,0.0383977,0.05,1,165936,165514,422
10321921,14.5913,14.925,422,45357,0.0333591,0.07,1,165944,165522,422
10324841,18.4365,17.97,423,45403,0.0793436,0.07,1,165965,165542,423
10327761,19.3746,19.188,423,45449,0.0977375,0.07,1,165985,165562,423
10330681,20.3498,20.2752,423,45495,0.069095,0.09,1,166006,165583,423
10333601,54.9399,53.7101,425,45541,0.069638,0.11,1,166084,165659,425
10336521,53.176,51.484,427,45587,0.0938552,0.15,1,166136,165709,427
10356961,14.8926,14.9896,422,45909,0.0957632,0.01,1,166308,165886,422
10359881,19.157,5.99585,444,45955,0.0683053,0.07,1,166330,165886,444
10362801,24.4628,15.5983,450,46001,0.0693221,0.03,1,166358,165908,450
10365721,14.5851,23.0393,430,46047,0.0697288,0.03,1,166366,165936,430
10368641,19.634,14.0157,445,46093,0.0818915,0.11,1,166389,165944,445
10371561,19.8536,18.2063,444,46139,0.0987566,0.11,1,166409,165965,444
10374481,20.5414,19.2825,445,46185,0.0935026,0.05,1,166430,165985,445
10389081,21.8324,31.7872,442,46414,0.217889,0.17,1,166651,166209,442
10392001,19.533,21.1149,446,46459,0.201155,0.19,1,166669,166223,446
10406601,25.0074,19.157,452,46684,0.202114,0.07,1,166782,166330,452
10409521,14.803,24.4628,432,46729,0.206846,0.07,1,166790,166358,432
10412441,20.9212,14.5851,449,46774,0.208738,0.09,1,166815,166366,449
10415361,20.3685,19.634,446,46819,0.221495,0.11,1,166835,166389,446
10418281,21.3474,19.8536,448,46864,0.226598,0.09,1,166857,166409,448
10421201,56.539,20.5414,507,46909,0.264639,0.17,1,166937,166430,507
10453321,11.4423,25.0074,433,47404,0.402309,0.21,1,167215,166782,433
10456241,9.37694,14.803,433,47448,0.406924,0.21,1,167223,166790,433
10459161,18.1508,20.9212,432,47492,0.408769,0.23,1,167247,166815,432
10462081,19.8603,20.3685,433,47536,0.421508,0.23,1,167268,166835,433
10465001,21.1441,21.3474,433,47580,0.438603,0.29,1,167290,166857,433
10578881,17.8794,19.7586,465,49277,0.77209,0.61,2,168447,167982,465
10581801,34.7518,17.5034,495,49320,0.782836,0.61,2,168493,167998,495
10584721,15.1007,34.6014,451,49363,0.787134,0.61,2,168495,168044,451
10587641,19.2403,15.0405,471,49406,0.788854,0.61,2,168517,168046,471
10590561,27.4961,19.2162,482,49449,0.777542,0.59,2,168550,168068,482
10593481,12.1984,26.8865,452,49492,0.773017,0.59,2,168552,168100,452
10596401,9.67938,11.9546,458,49535,0.771207,0.59,2,168560,168102,458
10602241,19.7887,18.2327,472,49620,0.760593,0.63,2,168606,168134,472
10605161,22.3155,19.2931,476,49662,0.778237,0.63,2,168630,168154,476
10608081,61.1262,22.1172,539,49704,0.797295,0.69,2,168717,168178,539
10611001,56.8505,59.2469,509,49746,0.804918,0.69,2,168771,168262,509
10613921,59.9402,56.0988,517,49788,0.807967,0.71,2,168833,168316,517
10616841,36.5761,59.0395,477,49830,0.797187,0.71,2,168854,168377,477
10619761,24.2304,35.6158,473,49872,0.816875,0.71,2,168870,168397,473
10622681,21.6922,23.2463,478,49914,0.82475,0.77,2,168890,168412,478
10625601,18.8769,20.6985,476,49956,0.8399,0.79,2,168907,168431,476
10628521,35.1507,17.8794,506,49998,0.88196,0.79,2,168953,168447,506
10631441,15.2603,34.7518,462,50040,0.898784,0.79,2,168955,168493,462
10859201,52.7267,57.8407,524,53225,0.88598,1,2,171120,170596,524
10862121,27.0907,47.7363,493,53265,0.888392,1,2,171130,170637,493
10865041,37.2363,57.4945,473,53305,0.817357,1,2,171174,170701,473
10867961,30.4945,38.5978,473,53344,0.764943,1,2,171200,170727,473
10876721,26.5516,21.6223,499,53461,0.401036,1,1,171289,170790,499
10879641,26.8207,30.2489,490,53500,0.286415,1,1,171316,170826,490
10882561,21.5283,24.0996,488,53539,0.288566,1,1,171334,170846,488
10885481,19.4113,22.2398,485,53578,0.265426,0.95,1,171352,170867,485
10897161,23.3449,21.7133,496,53734,0.0701069,1,1,171449,170953,496
10900081,15.938,21.8853,485,53773,0.0580428,1,1,171460,170975,485
10903001,18.9752,21.3541,485,53812,0.0892171,1,1,171481,170996,485
10905921,11.1901,14.5417,481,53851,0.0416868,1,1,171487,171006,481
10908841,32.676,35.8167,478,53890,0.0586747,0.81,1,171534,171056,478
10911761,44.8704,52.7267,467,53929,0.0294699,0.89,1,171587,171120,467
10914681,23.3482,27.0907,466,53968,0.017788,0.77,1,171596,171130,466
10917601,30.9393,37.2363,458,54007,0.0251152,0.73,1,171632,171174,458
10920521,25.5757,30.4945,454,54046,0.0280461,0.63,1,171654,171200,454
10923441,25.2303,30.1978,449,54085,0.0652184,0.39,1,171679,171230,449
10926361,26.8921,34.8791,439,54124,0.0680874,0.33,1,171707,171268,439
10929281,20.9568,26.5516,435,54163,0.081235,0.21,1,171724,171289,435
10932201,23.9827,26.8207,434,54202,0.050494,0.29,1,171750,171316,434
10935121,20.9931,21.5283,435,54241,0.0621976,0.25,1,171769,171334,435
10938041,16.7972,19.4113,431,54280,0.042879,0.13,1,171783,171352,431
10940961,19.9189,25.7645,423,54319,0.0591516,0.07,1,171805,171382,423
10943881,20.5676,22.9058,423,54358,0.0896606,0.09,1,171826,171403,423
10946801,22.027,22.3623,424,54397,0.0778643,0.05,1,171849,171425,424
10949721,22.6108,23.3449,423,54436,0.0491457,0.05,1,171872,171449,423
10952641,15.6443,15.938,423,54475,0.0736583,0.11,1,171883,171460,423
10955561,18.2577,18.9752,422,54514,0.0954633,0.01,1,171903,171481,422
10958481,10.9031,11.1901,422,54553,0.0921853,0.07,1,171909,171487,422
10970161,31.3015,30.9393,423,54708,0.0701839,0.03,1,172055,171632,423
10973081,24.5206,12.3757,443,54746,0.0280736,0.03,1,172075,171632,443
10976001,26.6082,18.1503,449,54784,0.0412294,0.09,1,172103,171654,449
10978921,27.4433,22.2601,452,54822,0.0944918,0.07,1,172131,171679,452
11008121,18.9777,15.644,443,55202,0.224222,0.11,1,172326,171883,443
11011041,10.5911,18.2576,428,55240,0.263689,0.09,1,172331,171903,428
11031481,28.3633,26.6082,455,55506,0.448021,0.13,1,172558,172103,455
11063601,11.9655,18.9777,441,55924,0.772597,0.29,2,172767,172326,441
11230041,20.1215,22.2304,503,58027,0.83488,1,2,174195,173692,503
11244641,29.2518,30.7508,512,58207,0.894821,1,2,174397,173885,512
11253401,25.5841,16.6081,521,58315,0.843509,1,2,174461,173940,521
11256321,25.2336,27.0432,512,58351,0.835403,1,2,174486,173974,512
11259241,22.0935,27.0173,505,58387,0.856161,1,2,174506,174001,505
11262161,21.4374,23.4069,505,58423,0.840465,1,2,174527,174022,505
11265081,17.575,20.7628,501,58459,0.810186,1,2,174542,174041,501
11268001,20.83,20.9051,503,58495,0.834074,1,2,174565,174062,503
11270921,24.532,20.362,510,58531,0.80763,1,2,174592,174082,510
11273841,20.0128,23.1448,502,58567,0.833052,1,2,174609,174107,502
11276761,15.2051,23.0579,491,58603,0.843221,1,2,174621,174130,491
11279681,9.08205,17.0232,483,58639,0.811288,0.98,2,174626,174143,483
11282601,15.0328,11.0093,495,58675,0.774515,0.87,2,174645,174150,495
11285521,8.41313,18.8037,475,58711,0.759806,0.78,2,174649,174174,475
11297201,46.089,38.8238,496,58855,0.437963,1,1,174839,174343,496
11300121,35.2356,31.1295,498,58891,0.409185,1,1,174867,174369,498
11303041,23.6942,29.2518,486,58927,0.421674,0.99,1,174883,174397,486
11305961,16.6777,21.9007,481,58963,0.42667,0.88,1,174895,174414,481
11308881,23.4711,18.9603,492,58999,0.416668,0.8,1,174923,174431,492
11332241,18.6668,20.0128,464,59285,0.448,0.85,1,175073,174609,464
11335161,13.4667,15.2051,462,59320,0.4492,0.79,1,175083,174621,462
11338081,7.78669,9.08205,461,59355,0.44968,0.75,1,175087,174626,461
11446121,26.3,21.3036,479,60650,0.794436,0.69,2,175955,175476,479
11449041,18.92,24.1214,467,60685,0.815775,0.67,2,175969,175502,467
11451961,13.568,18.6486,462,60720,0.82431,0.63,2,175979,175517,462
11454881,7.8272,13.4594,456,60755,0.827724,0.63,2,175983,175527,456
11457801,13.3309,7.78377,469,60790,0.82909,0.65,2,176000,175531,469
11460721,7.73235,12.7135,457,60825,0.829636,0.69,2,176004,175547,457
11463641,31.8929,7.4854,501,60860,0.829854,0.67,2,176052,175551,501
11466561,36.7572,32.3942,492,60895,0.829942,0.63,2,176092,175600,492
11469481,40.5029,36.9577,495,60930,0.829977,0.69,2,176135,175640,495
11472401,45.6011,39.9831,502,60964,0.817991,0.67,2,176184,175682,502
11475321,34.4405,44.7932,481,60998,0.813196,0.71,2,176211,175730,481
11478241,24.5762,33.5173,473,61032,0.835279,0.69,2,176229,175756,473
11481161,17.0305,24.2069,467,61066,0.844111,0.69,2,176241,175774,467
11484081,26.0122,16.8828,487,61100,0.859645,0.73,2,176273,175786,487
11487001,26.6049,25.9531,482,61134,0.877858,0.73,2,176300,175818,482
11489921,22.6419,25.9812,476,61168,0.861143,0.75,2,176320,175844,476
11492841,10.2568,22.3925,458,61202,0.854457,0.75,2,176322,175864,458
11495761,16.7027,10.157,477,61236,0.863783,0.71,2,176343,175866,477
11498681,14.4811,16.0628,470,61270,0.831513,0.73,2,176356,175886,470
11501601,23.1924,13.6251,487,61304,0.818605,0.75,2,176385,175898,487
11504521,28.477,22.25,491,61338,0.825442,0.83,2,176417,175926,491
11507441,19.7908,26.3,476,61372,0.828177,0.83,2,176431,175955,476
11510361,14.5163,18.92,473,61406,0.841271,0.83,2,176442,175969,473
11513281,8.20653,13.568,467,61440,0.846508,0.83,2,176446,175979,467
11516201,12.8826,7.8272,479,61474,0.848603,0.83,2,176462,175983,479
11519121,7.55304,13.3309,466,61508,0.849441,0.83,2,176466,176000,466
11522041,31.8212,7.73235,510,61542,0.885777,0.83,2,176514,176004,510
11824261,64.9025,77.46,486,30142,0.0826912,0.77,1,179127,178641,486
11827181,61.361,62.184,493,30212,0.0390765,0.49,1,179186,178693,493
11830101,56.9444,78.2736,458,30282,0.0456306,0.49,1,179240,178782,458
11833021,37.7778,46.9094,457,30352,0.0602522,0.51,1,179265,178808,457
11835941,24.7111,30.7638,453,30422,0.0421009,0.53,1,179281,178828,453
11838861,30.8844,26.1055,465,30492,0.0588404,0.53,1,179316,178851,465
11841781,26.1538,28.4422,458,30561,0.0775361,0.53,1,179339,178881,458
11844701,30.8615,25.7769,468,30630,0.0850145,0.13,1,179373,178905,468
11853461,52.8791,57.0177,423,30837,0.0882409,0.01,1,179550,179127,423
11856381,57.1517,58.2071,424,30906,0.0652964,0.05,1,179610,179186,424
11859301,54.6607,55.6828,423,30974,0.0561185,0.07,1,179663,179240,423
11862221,36.8643,37.2731,423,31042,0.0884474,0.03,1,179688,179265,423
11865141,24.9457,24.5093,424,31110,0.089379,0.07,1,179705,179281,424
11868061,31.5783,30.8037,425,31178,0.0657516,0.09,1,179741,179316,425
11870981,27.0313,26.1215,426,31246,0.0683006,0.09,1,179765,179339,426
11897261,31.9709,24.9154,460,31851,0.0980417,0.05,1,180165,179705,460
11900181,27.1884,31.5661,448,31917,0.0932167,0.07,1,180189,179741,448
11903101,32.4753,27.0265,460,31983,0.0672867,0.15,1,180225,179765,460
11906021,51.3901,31.2106,490,32049,0.0689147,0.11,1,180289,179799,490
11908941,57.7561,50.8842,488,32115,0.0935659,0.15,1,180351,179863,488
11920621,37.0562,56.6706,450,32378,0.426283,0.11,1,180538,180088,450
11967341,52.0198,51.1116,449,33408,0.764793,0.51,2,181162,180713,449
11970261,58.0079,58.8446,447,33471,0.755917,0.51,2,181224,180777,447
11973181,24.4032,24.7379,447,33534,0.776367,0.51,2,181226,180779,447
11976101,40.9613,41.0951,447,33597,0.808547,0.67,2,181278,180831,447
12107501,34.9834,33.5124,493,36320,0.8272,1,2,183180,182687,493
12116261,32.0949,31.9048,488,36494,0.221181,1,1,183308,182820,488
12119181,44.038,47.5619,482,36552,0.0884723,1,1,183360,182878,482
12122101,34.4152,37.0248,480,36610,0.0353889,1,1,183388,182908,480
12125021,37.1661,32.2099,490,36668,0.0201556,1,1,183427,182937,490
12127941,30.4664,24.284,497,36726,0.00806223,1,1,183453,182956,497
12130861,30.7866,28.9136,496,36784,0.0212249,1,1,183484,182988,496
12133781,30.3146,37.3654,483,36841,0.02649,1,1,183514,183031,483
12136701,63.7259,70.1462,477,36898,0.052596,0.93,1,183600,183123,477
12139621,35.0903,45.4585,464,36955,0.0270384,0.74,1,183616,183152,464
12142541,27.2361,34.9834,458,37012,0.0168154,0.39,1,183638,183180,458
12145461,42.0945,56.5934,439,37069,0.0247261,0.27,1,183690,183251,439
12148381,31.2378,41.2373,432,37126,0.0398905,0.11,1,183714,183282,432
12151301,23.2951,32.0949,424,37183,0.0339562,0.11,1,183732,183308,424
12154221,38.718,12.838,473,37240,0.0135825,0,1,183781,183308,473
12157141,32.2872,36.3352,449,37297,0.00543299,0,1,183809,183360,449
12160061,37.5149,31.3341,462,37354,0.0201732,0.01,1,183850,183388,462
12162981,30.006,35.9336,448,37411,0.00806928,0,1,183875,183427,448
12165901,31.8024,29.9735,455,37467,0.0212277,0.03,1,183908,183453,455
12168821,30.121,30.5894,453,37523,0.0144911,0.03,1,183937,183484,453
12171741,63.6484,30.2358,509,37579,0.0237964,0.07,1,184023,183514,509
12174661,33.8594,63.6943,437,37635,0.0155186,0.01,1,184037,183600,437
12177581,26.7437,35.0777,443,37691,0.0242074,0.01,1,184059,183616,443
12180501,42.4975,27.2311,474,37747,0.039683,0.03,1,184112,183638,474
12183421,30.799,42.0924,445,37803,0.0578732,0.05,1,184135,183690,445
12186341,24.3196,31.237,441,37859,0.0411493,0.03,1,184155,183714,441
12189261,39.1278,23.2948,472,37915,0.0344597,0,1,184204,183732,472
12192181,31.8511,38.7179,450,37971,0.0137839,0,1,184231,183781,450
12195101,36.7405,32.2872,462,38027,0.00551355,0.03,1,184271,183809,462
12198021,30.2962,37.5149,447,38083,0.0202054,0,1,184297,183850,447
12200941,31.3185,30.0059,454,38138,0.0140822,0.03,1,184329,183875,454
12203861,29.9274,31.8024,450,38193,0.0236329,0.01,1,184358,183908,450
12206781,63.571,30.121,507,38248,0.0394531,0.03,1,184444,183937,507
12209701,34.4284,63.6484,436,38303,0.0217813,0.01,1,184459,184023,436
12212621,26.3714,33.8594,443,38358,0.0267125,0.03,1,184480,184037,443
12215541,43.5485,26.7437,476,38413,0.028685,0.05,1,184535,184059,476
12218461,30.0194,42.4975,444,38468,0.029474,0.07,1,184556,184112,444
12221381,25.2078,30.799,443,38523,0.0177896,0.03,1,184578,184135,443
12224301,38.8831,24.3196,471,38578,0.0131158,0.03,1,184626,184155,471
12227221,16.7532,39.1278,424,38633,0.0232463,0,1,184628,184204,424
12230141,22.3013,31.8511,423,38688,0.0152985,0,1,184654,184231,423
12233061,32.9205,36.7405,423,38743,0.0121194,0.03,1,184694,184271,423
12235981,28.7682,30.2962,423,38798,0.0108478,0.01,1,184720,184297,423
12238901,30.1073,31.3185,422,38852,0.0103391,0.03,1,184751,184329,422
12241821,30.0429,29.9274,423,38906,0.0221356,0.05,1,184781,184358,423
12244741,63.6172,63.571,423,38960,0.0268543,0.01,1,184867,184444,423
12247661,35.0469,34.4284,424,39014,0.0407417,0.03,1,184883,184459,424
12250581,27.2187,26.3714,425,39068,0.0582967,0.03,1,184905,184480,425
12253501,43.2875,43.5485,424,39122,0.0413187,0.03,1,184959,184535,424
12256421,29.315,30.0194,423,39176,0.0465275,0.01,1,184979,184556,423
12259341,24.326,25.2078,422,39230,0.072611,0.01,1,185000,184578,422
12262261,39.1304,38.8831,423,39284,0.0350444,0.03,1,185049,184626,423
12265181,16.8522,16.7532,423,39338,0.0200178,0.01,1,185051,184628,423
12268101,21.7409,22.3013,422,39392,0.0140071,0.01,1,185076,184654,422
12271021,32.6963,32.9205,422,39446,0.00560284,0.01,1,185116,184694,422
12273941,28.6785,28.7682,422,39500,0.00824114,0.01,1,185142,184720,422
12276861,30.0714,30.1073,422,39553,0.00929645,0.03,1,185173,184751,422
12279781,31.2286,30.0429,424,39606,0.0217186,0.03,1,185205,184781,424
12282701,62.8914,63.6172,422,39659,0.0266874,0.05,1,185289,184867,422
12285621,35.3566,35.0469,423,39712,0.028675,0.07,1,185306,184883,423
12288541,27.3426,27.2187,423,39765,0.05347,0.03,1,185328,184905,423
12291461,43.3371,43.2875,423,39818,0.027388,0.05,1,185382,184959,423
12294381,29.9348,29.315,424,39871,0.0289552,0.09,1,185403,184979,424
12297301,23.3739,24.326,422,39924,0.0415821,0.01,1,185422,185000,422
12300221,38.7496,39.1304,422,39977,0.0226328,0.01,1,185471,185049,422
12303141,16.6998,16.8522,422,40030,0.0150531,0.01,1,185473,185051,422
12306061,21.6799,21.7409,422,40083,0.0120213,0.01,1,185498,185076,422
12308981,32.672,8.69635,462,40136,0.0048085,0,1,185538,185076,462
12311901,28.0688,27.4785,447,40189,0.0079234,0.01,1,185563,185116,447
12314821,29.8275,26.5914,452,40242,0.00916936,0.01,1,185594,185142,452
12317741,31.131,29.2366,453,40294,0.0216677,0.03,1,185626,185173,453
12320661,62.8524,30.8946,505,40346,0.0386671,0.03,1,185710,185205,505
12323581,35.941,62.7579,439,40398,0.0334668,0.03,1,185728,185289,439
12326501,27.5764,35.3031,444,40450,0.0433867,0.07,1,185750,185306,444
12329421,42.8306,27.3213,475,40502,0.0593547,0.01,1,185803,185328,475
12332341,29.7322,43.3285,442,40554,0.0777419,0.03,1,185824,185382,442
12335261,24.4929,29.9314,442,40606,0.0490968,0.05,1,185845,185403,442
12338181,37.9972,23.3726,470,40658,0.0376387,0.01,1,185892,185422,470
12341101,16.3989,38.749,423,40710,0.0330555,0.01,1,185894,185471,423
12344021,22.1595,16.6996,447,40762,0.0312222,0.01,1,185920,185473,447
12346941,32.2638,21.6798,461,40814,0.0184889,0,1,185959,185498,461
12349861,28.5055,32.6719,447,40866,0.0253955,0.01,1,185985,185538,447
12352781,30.0022,28.0688,453,40918,0.0281582,0.01,1,186016,185563,453
12355701,31.2009,29.8275,454,40970,0.0172633,0.03,1,186048,185594,454
12358621,62.2804,31.131,505,41022,0.0249053,0.05,1,186131,185626,505
12361541,36.3121,62.8524,440,41073,0.0159621,0.03,1,186150,185710,440
12364461,28.3249,35.941,445,41124,0.0363849,0.05,1,186173,185728,445
12367381,43.7299,27.5764,477,41175,0.0685539,0.07,1,186227,185750,477
12370301,29.492,42.8306,444,41226,0.0814216,0.09,1,186247,185803,444
12373221,23.7968,29.7322,443,41277,0.0865686,0.03,1,186267,185824,443
12376141,37.1187,24.4929,468,41328,0.0646275,0.03,1,186313,185845,468
12379061,16.0475,37.9972,423,41379,0.067851,0.03,1,186315,185892,423
12381981,22.019,16.3989,447,41430,0.0571404,0.03,1,186341,185894,447
12384901,32.2076,22.1595,460,41481,0.0288562,0.01,1,186380,185920,460
12387821,29.083,32.2638,448,41532,0.0295425,0.03,1,186407,185959,448
12390741,12.8332,28.5055,424,41583,0.029817,0.03,1,186409,185985,424
12393661,23.1333,30.0022,423,41634,0.0299268,0.01,1,186439,186016,423
12396581,28.4533,31.2009,423,41685,0.0119707,0.03,1,186471,186048,423
12399501,61.1813,62.2804,423,41736,0.0107883,0.01,1,186554,186131,423
12402421,35.8725,36.3121,423,41787,0.00431531,0.05,1,186573,186150,423
12405341,28.749,28.3249,424,41838,0.0197261,0.09,1,186597,186173,424
12408261,45.0996,43.7299,426,41888,0.0258905,0.09,1,186653,186227,426
12411181,30.0398,29.492,426,41938,0.0283562,0.09,1,186673,186247,426
12414101,24.0159,23.7968,426,41988,0.0533425,0.05,1,186693,186267,426
12417021,35.4064,37.1187,423,42038,0.051337,0.07,1,186736,186313,423
12419941,15.3625,16.0475,423,42088,0.0505348,0.05,1,186738,186315,423
12422861,21.745,22.019,423,42138,0.0502139,0.01,1,186764,186341,423
12425781,31.498,32.2076,422,42188,0.0860856,0.03,1,186802,186380,422
12428701,29.3992,29.083,423,42238,0.0404342,0.03,1,186830,186407,423
12431621,12.9597,12.8332,423,42288,0.0461737,0.03,1,186832,186409,423
12434541,22.5839,23.1333,422,42338,0.0484695,0,1,186861,186439,422
12437461,28.2335,28.4533,422,42388,0.0493878,0.01,1,186893,186471,422
12440381,61.0934,61.1813,422,42438,0.0257551,0,1,186976,186554,422
12443301,35.8374,35.8725,422,42488,0.028302,0.03,1,186995,186573,422
12446221,29.3349,28.749,423,42538,0.0293208,0.03,1,187020,186597,423
12449141,45.334,45.0996,423,42588,0.0177283,0.03,1,187076,186653,423
12452061,30.1336,30.0398,423,42638,0.0370913,0.07,1,187096,186673,423
12454981,24.0534,24.0159,423,42687,0.0568365,0.05,1,187116,186693,423
12457901,36.0214,35.4064,424,42736,0.0527346,0.05,1,187160,186736,424
12460821,15.6085,15.3625,424,42785,0.0510938,0.05,1,187162,186738,424
12463741,20.6434,21.745,422,42834,0.0504375,0.11,1,187186,186764,422
12466661,33.4574,31.498,426,42883,0.098175,0.01,1,187228,186802,426
12487101,29.1517,34.9701,446,43226,0.0911831,0.03,1,187441,186995,446
12490021,45.2607,28.9881,477,43275,0.0784732,0.01,1,187497,187020,477
12492941,30.7043,45.1952,442,43324,0.0853893,0.05,1,187518,187076,442
12495861,24.2817,30.0781,442,43373,0.0641557,0.07,1,187538,187096,442
12498781,36.7127,24.0312,467,43422,0.0676623,0.05,1,187583,187116,467
12501701,15.8851,36.0125,425,43471,0.0690649,0.05,1,187585,187160,425
12504621,20.754,15.605,447,43520,0.069626,0.05,1,187609,187162,447
12507541,34.7016,20.642,467,43568,0.0818504,0.13,1,187653,187186,467
12510461,27.0806,33.4568,447,43616,0.0867402,0.13,1,187675,187228,447
12513381,12.0323,27.7827,425,43664,0.0886961,0.13,1,187677,187252,425
12516301,25.8129,12.3131,458,43712,0.0654784,0.15,1,187712,187254,458
12519221,29.5252,22.9252,460,43760,0.0801914,0.15,1,187744,187284,460
12551341,27.3347,34.7016,447,44288,0.205314,0.09,1,188100,187653,447
12554261,12.1339,27.0806,427,44336,0.208125,0.09,1,188102,187675,427
12557181,24.6535,12.0323,458,44384,0.20925,0.05,1,188135,187677,458
12565941,52.9138,58.6101,430,44526,0.239232,0.15,1,188252,187822,430
12586381,16.3324,16.1041,430,44855,0.403813,0.19,1,188439,188009,430
12706101,48.3369,28.3627,515,46744,0.779211,0.69,2,189690,189175,515
12709021,31.9348,47.3451,476,46789,0.809685,0.69,2,189711,189235,476
12711941,24.7739,30.938,476,46834,0.821874,0.71,2,189731,189255,476
12714861,38.7096,24.3752,504,46879,0.82675,0.71,2,189779,189275,504
12717781,16.6838,38.5501,458,46924,0.8287,0.71,2,189781,189323,458
12720701,21.0735,16.62,480,46969,0.82948,0.71,2,189805,189325,480
12723621,37.2294,22.248,502,47014,0.841792,0.69,2,189853,189351,502
12726541,29.2918,37.0992,479,47059,0.858717,0.71,2,189877,189398,479
12729461,12.9167,28.6397,458,47104,0.865487,0.71,2,189879,189421,458
12732381,25.5667,12.6559,490,47149,0.868195,0.75,2,189913,189423,490
12735301,31.8267,24.2623,494,47194,0.881278,0.75,2,189949,189455,494
12738221,13.9307,31.3049,460,47239,0.886511,0.75,2,189951,189491,460
12744061,34.1489,61.8888,473,47329,0.896642,0.73,2,190060,189587,473
12901741,31.5356,20.5654,519,49676,0.8932,1,2,191660,191141,519
12904661,28.2142,27.4262,513,49718,0.86728,1,2,191686,191173,513
12907581,28.0857,25.3705,517,49760,0.784912,1,2,191714,191197,517
12919261,28.0262,22.2927,522,49928,0.224526,1,1,191821,191299,522
12925101,30.5242,29.7268,517,50012,0.0707241,1,1,191880,191363,517
12928021,31.4097,27.4907,523,50054,0.0282896,1,1,191912,191389,523
12930941,34.7639,48.7963,497,50096,0.0293159,1,1,191949,191452,497
12933861,41.5055,36.3185,515,50138,0.0177263,1,1,191995,191480,515
12936781,31.6022,31.9274,511,50180,0.00709054,1,1,192020,191509,511
12939701,29.4409,36.171,500,50222,0.0208362,1,1,192048,191548,500
12942621,33.9764,31.8684,508,50264,0.0383345,1,1,192085,191577,508
12945541,23.7905,28.3474,499,50306,0.0153338,0.98,1,192102,191603,499
12948461,10.7162,23.3389,481,50348,0.00613352,0.83,1,192104,191623,481
12951381,19.2865,31.5356,469,50390,0.0324534,0.85,1,192129,191660,469
12954301,19.7146,28.2142,463,50432,0.0309814,0.73,1,192149,191686,463
12957221,20.4858,28.0857,456,50474,0.0183925,0.63,1,192170,191714,456
12960141,17.7943,25.0343,449,50516,0.013357,0.39,1,192186,191737,449
12963061,19.1177,27.4137,440,50558,0.00534281,0.27,1,192206,191766,440
12965981,20.8471,26.5655,436,50600,0.0321371,0.13,1,192228,191792,436
12968901,21.5388,28.0262,429,50642,0.0788549,0.07,1,192250,191821,429
12971821,20.0155,26.8105,422,50684,0.0615419,0.03,1,192269,191847,422
12974741,27.8062,30.5242,422,50726,0.0306168,0,1,192302,191880,422
12977661,30.9225,31.4097,423,50768,0.0122467,0.03,1,192335,191912,423
12980581,36.969,34.7639,427,50809,0.0108987,0.01,1,192376,191949,427
12983501,39.3876,41.5055,422,50850,0.0103595,0,1,192417,191995,422
12986421,31.955,31.6022,424,50891,0.00414379,0.03,1,192444,192020,424
12989341,29.582,29.4409,424,50932,0.00765752,0.05,1,192472,192048,424
12992261,33.4328,33.9764,423,50973,0.057063,0,1,192508,192085,423
13012701,19.3544,19.1177,423,51260,0.0461332,0.05,1,192629,192206,423
13015621,22.7418,20.8471,426,51301,0.0484533,0.11,1,192654,192228,426
13018541,20.4967,21.5388,423,51342,0.0613813,0.05,1,192673,192250,423
13021461,20.7987,20.0155,425,51383,0.0665525,0.01,1,192694,192269,425
13024381,26.3195,27.8062,422,51424,0.032621,0,1,192724,192302,422
13027301,30.3278,30.9225,422,51465,0.0130484,0.01,1,192757,192335,422
13030221,36.7311,36.969,422,51506,0.0112194,0.01,1,192798,192376,422
13033141,39.8924,39.3876,423,51547,0.0104877,0,1,192840,192417,423
13036061,31.557,31.955,422,51588,0.0041951,0.01,1,192866,192444,422
13038981,29.4228,29.582,422,51629,0.00767804,0.09,1,192894,192472,422
13041901,37.5691,33.4328,429,51670,0.00907122,0.15,1,192937,192508,429
13044821,23.4276,22.9731,427,51711,0.0576285,0.11,1,192951,192524,427
13047741,10.5711,10.3892,427,51752,0.0530514,0.17,1,192953,192526,427
13050661,19.8284,19.1557,428,51793,0.0872206,0.17,1,192979,192551,428
13076941,29.7558,26.3119,454,52158,0.0472576,0,1,193178,192724,454
13079861,36.5023,30.3248,462,52198,0.036903,0.01,1,193219,192757,462
13082781,39.8009,36.7299,463,52238,0.0447612,0.01,1,193261,192798,463
13085701,31.5204,39.892,447,52278,0.0179045,0,1,193287,192840,447
13088621,29.4081,31.5568,449,52318,0.0251618,0.01,1,193315,192866,449
13091541,38.7633,29.4227,466,52358,0.0280647,0.01,1,193360,192894,466
13094461,24.5053,37.5691,438,52398,0.0532259,0.09,1,193375,192937,438
13097381,11.0021,23.4276,426,52438,0.0392904,0.05,1,193377,192951,426
13100301,20.6008,10.5711,451,52478,0.0337161,0.11,1,193404,192953,451
13103221,19.6403,19.8284,444,52518,0.0194865,0.13,1,193423,192979,444
13106141,21.6561,18.1314,450,52558,0.0257946,0.15,1,193446,192996,450
13109061,18.2625,20.4525,444,52598,0.0523178,0.15,1,193462,193018,444
13111981,16.905,17.781,444,52638,0.0629271,0.13,1,193478,193034,444
13114901,22.362,17.3124,453,52678,0.0671709,0.13,1,193504,193051,453
13117821,19.7448,22.525,445,52718,0.0688683,0.13,1,193522,193077,445
13120741,21.6979,19.81,450,52758,0.0575473,0.13,1,193545,193095,450
13123661,24.2792,21.724,453,52798,0.0530189,0.11,1,193571,193118,453
13126581,27.1117,24.8896,455,52838,0.0512076,0,1,193600,193145,455
13129501,35.4447,29.7558,463,52878,0.026483,0.03,1,193641,193178,463
13132421,39.3779,36.5023,464,52918,0.0285932,0.05,1,193683,193219,464
13135341,30.7511,39.8009,447,52958,0.0114373,0,1,193708,193261,447
13138261,29.7005,31.5204,450,52998,0.0225749,0.03,1,193737,193287,450
13141181,38.8802,29.4081,467,53038,0.01503,0.03,1,193782,193315,467
13144101,24.5521,38.7633,437,53078,0.036012,0.07,1,193797,193360,437
13147021,11.0208,24.5053,424,53118,0.0444048,0.03,1,193799,193375,424
13149941,20.6083,11.0021,449,53158,0.0597619,0.03,1,193826,193377,449
13152861,20.2433,20.6008,442,53198,0.0419048,0.01,1,193846,193404,442
13155781,21.8973,19.6403,446,53238,0.0947619,0.03,1,193869,193423,446
13158701,9.95893,21.6561,425,53278,0.0919048,0.07,1,193871,193446,425
13182061,34.4146,35.4447,422,53591,0.075352,0.03,1,194063,193641,422
13184981,39.5658,39.3779,423,53630,0.0841408,0,1,194106,193683,423
13187901,30.2263,30.7511,422,53669,0.0516563,0.03,1,194130,193708,422
13190821,29.4905,29.7005,422,53708,0.0386625,0.01,1,194159,193737,422
13193741,39.3962,38.8802,423,53747,0.045465,0.05,1,194205,193782,423
13196661,25.3585,24.5521,424,53786,0.024186,0.05,1,194221,193797,424
13199581,11.3434,11.0208,424,53825,0.0396744,0.07,1,194223,193799,424
13202501,21.3374,20.6083,425,53864,0.0698698,0.03,1,194251,193826,425
13205421,19.9349,20.2433,424,53903,0.0699479,0.13,1,194270,193846,424
13222941,19.7471,19.4453,430,54137,0.20233,0.17,1,194377,193947,430
13225861,21.0988,20.9781,430,54176,0.218932,0.19,1,194399,193969,430
13228781,24.0395,24.5913,429,54215,0.225573,0.19,1,194425,193996,429
13231701,24.6158,26.0365,427,54254,0.240229,0,1,194450,194023,427
13234621,30.8463,34.4146,422,54293,0.210092,0.09,1,194485,194063,422
13237541,39.3385,39.5658,424,54332,0.210037,0.03,1,194530,194106,424
13243381,28.9742,29.4905,422,54410,0.0924059,0.05,1,194581,194159,422
13246301,39.1897,39.3962,422,54449,0.0429623,0.01,1,194627,194205,422
13249221,25.2759,25.3585,422,54488,0.0231849,0.05,1,194643,194221,422
13252141,11.3103,11.3434,422,54527,0.015274,0.09,1,194645,194223,422
13255061,22.5241,21.3374,424,54566,0.0361096,0.07,1,194675,194251,424
13257981,21.0097,19.9349,425,54605,0.0444438,0.13,1,194695,194270,425
13260901,26.4039,24.174,428,54644,0.0597775,0.13,1,194725,194297,428
13263821,11.7615,10.8696,428,54683,0.041911,0.13,1,194727,194299,428
13266741,15.5046,4.34784,446,54721,0.0467644,0.17,1,194745,194299,446
13269661,16.4018,11.9391,446,54759,0.0487058,0.17,1,194762,194316,446
13272581,23.3607,14.3757,458,54797,0.0734823,0.21,1,194790,194332,458
13275501,20.7443,21.9503,450,54835,0.0833929,0.21,1,194809,194359,450
13298861,38.1021,28.9739,467,55139,0.0702766,0.01,1,195048,194581,467
13301781,24.8408,39.1896,437,55177,0.0461107,0.01,1,195064,194627,437
13304701,11.1363,25.2758,423,55215,0.0364443,0.01,1,195066,194643,423
13307621,22.4545,11.3103,451,55253,0.0325777,0.05,1,195096,194645,451
13310541,20.9818,22.5241,441,55291,0.0310311,0.05,1,195116,194675,441
13313461,26.9927,21.0097,452,55329,0.0184124,0.07,1,195147,194695,452
13316381,11.9971,26.4039,424,55367,0.025365,0.03,1,195149,194725,424
13319301,16.7988,11.7615,442,55405,0.040146,0.05,1,195169,194727,442
13322221,16.9195,15.5046,441,55443,0.0220584,0.05,1,195186,194745,441
13325141,24.7678,16.4018,454,55481,0.0388234,0.09,1,195216,194762,454
13328061,21.9071,23.3607,446,55519,0.0215293,0.09,1,195236,194790,446
13330981,21.9629,20.7443,449,55557,0.0266117,0.13,1,195258,194809,449
13333901,24.3851,21.4977,453,55595,0.0406447,0.13,1,195284,194831,453
13336821,25.9541,24.1991,454,55633,0.0582579,0.13,1,195311,194857,454
13339741,28.3816,25.2796,458,55671,0.0413032,0.15,1,195341,194883,458
13342661,38.3526,28.1119,473,55709,0.0225213,0.13,1,195386,194913,473
13345581,25.5411,38.8447,444,55747,0.0390085,0.13,1,195403,194959,444
13348501,25.8164,25.1379,454,55785,0.0576034,0.13,1,195429,194975,454
13360181,22.3089,11.1363,452,55937,0.0854266,0.03,1,195518,195066,452
13363101,20.9236,22.4545,442,55975,0.0761707,0.03,1,195538,195096,442
13366021,26.9694,20.9818,453,56013,0.0844683,0.01,1,195569,195116,453
13368941,11.9878,26.9927,424,56051,0.0877873,0.03,1,195571,195147,424
13371861,16.7951,11.9971,442,56089,0.0891149,0.05,1,195591,195149,442
13395221,28.204,28.3816,423,56386,0.225121,0.01,1,195764,195341,423
13398141,38.2816,38.3526,423,56423,0.240048,0.05,1,195809,195386,423
13401061,26.1126,25.5411,424,56460,0.222019,0.07,1,195827,195403,424
13403981,26.6451,25.8164,425,56497,0.262808,0.13,1,195854,195429,425
13441941,22.2454,21.4379,430,56978,0.415517,0.15,1,196111,195681,430
13444861,24.4982,24.7752,429,57015,0.448207,0.21,1,196137,195708,429
13447781,25.9993,25.5101,430,57052,0.449283,0.25,1,196164,195734,430
13450701,29.5997,28.204,432,57089,0.449713,0.25,1,196196,195764,432
13617141,25.5891,27.1378,455,59156,0.789469,0.63,2,197510,197055,455
13620061,29.4356,31.2551,453,59192,0.837787,0.61,2,197542,197089,453
13622981,41.1743,41.9021,453,59228,0.869115,0.61,2,197591,197138,453
13625901,28.4697,29.3608,452,59263,0.857646,0.61,2,197611,197159,452
13964621,45.6955,62.5086,517,31440,0.86536,1,2,201450,200933,517
13970461,60.5913,73.2414,519,31574,0.401258,1,1,201588,201069,519
13973381,44.0365,49.0965,519,31641,0.214503,1,1,201621,201102,519
13979221,54.9258,41.8154,529,31775,0.0595205,1,1,201720,201191,529
13982141,42.9703,47.9262,512,31842,0.0298082,1,1,201755,201243,512
13985061,41.7881,47.9705,505,31908,0.0299233,1,1,201796,201291,505
13987981,33.5153,35.9882,505,31974,0.0299693,0.96,1,201824,201319,505
13990901,41.6061,30.5953,525,32040,0.0179877,0.93,1,201871,201346,525
13993821,36.4424,48.2381,498,32106,0.0131951,0.81,1,201904,201406,498
13996741,55.377,45.6952,522,32172,0.035278,0.47,1,201972,201450,522
14011341,41.6474,54.9258,456,32499,0.0989244,0.01,1,202176,201720,456
14014261,41.859,42.9703,463,32564,0.0575698,0.03,1,202218,201755,463
14017181,32.9436,41.7881,449,32629,0.0290279,0.03,1,202245,201796,449
14020101,41.3774,33.5153,468,32694,0.0296112,0.01,1,202292,201824,468
14023021,36.951,41.6061,455,32759,0.0178445,0.01,1,202326,201871,455
14025941,15.9804,36.4424,424,32824,0.0251378,0.05,1,202328,201904,424
14034701,37.4307,35.7403,435,33016,0.263449,0.17,1,202480,202045,435
14043461,40.3156,41.6474,423,33208,0.280621,0.03,1,202599,202176,423
14046381,41.3262,41.859,423,33272,0.250248,0.01,1,202641,202218,423
14049301,32.7305,32.9436,423,33336,0.250099,0.03,1,202668,202245,423
14060981,55.4139,50.1922,432,33588,0.286195,0.19,1,202833,202401,432
14063901,52.7656,50.0769,433,33651,0.420478,0.33,1,202884,202451,433
14084341,39.2008,43.0922,426,34088,0.757559,0.15,2,203144,202718,426
14087261,35.4803,35.8369,428,34150,0.777023,0.11,2,203177,202749,428
14090181,15.3921,15.5348,428,34212,0.784809,0.11,2,203179,202751,428
14093101,63.7569,6.2139,524,34274,0.853924,0.39,2,203275,202751,524
14098941,47.8811,51.2742,488,34398,0.860228,0.65,2,203372,202884,488
14198221,36.8937,31.572,496,36427,0.87976,1,2,204776,204280,496
14201141,29.7575,35.4288,483,36485,0.873904,1,2,204801,204318,483
14204061,25.103,31.5715,476,36543,0.859562,1,2,204823,204347,476
14206981,50.2412,50.4286,480,36601,0.829825,1,2,204890,204410,480
14209901,38.6965,38.7714,480,36659,0.75793,1,2,204921,204441,480
14227421,50.9028,53.5855,486,37003,0.259611,0.89,1,205171,204685,486
14233261,32.0244,36.8937,466,37117,0.0415377,0.87,1,205242,204776,466
14236181,26.0098,29.7575,463,37174,0.0346151,0.87,1,205264,204801,463
14239101,21.2039,11.903,481,37231,0.019846,0.85,1,205282,204801,481
14242021,45.0816,17.9612,520,37288,0.0499384,0.81,1,205343,204823,520
14244941,36.0326,47.3845,483,37345,0.0379754,0.71,1,205373,204890,483
14247861,39.013,37.5538,493,37402,0.0331901,0.61,1,205414,204921,493
14250781,39.0052,41.4215,488,37458,0.0672761,0.59,1,205453,204965,488
14253701,46.2021,38.7686,502,37514,0.0449104,0.49,1,205504,205002,502
14256621,35.2808,47.9074,476,37570,0.0359642,0.43,1,205532,205056,476
14259541,20.7123,38.363,455,37626,0.0443857,0.49,1,205543,205088,455
14326701,46.6027,44.573,456,38897,0.752212,0.69,2,206382,205926,456
14329621,35.4411,34.6292,456,38951,0.774885,0.69,2,206410,205954,456
14332541,18.9764,19.8517,454,39005,0.759954,0.67,2,206418,205964,454
14335461,64.5906,64.3407,455,39059,0.765981,0.65,2,206513,206058,455
14338381,50.4362,50.3363,455,39113,0.780393,0.67,2,206554,206099,455
14341301,30.9745,30.9345,455,39167,0.786157,0.67,2,206572,206117,455
14344221,24.3898,24.3738,455,39221,0.800463,0.67,2,206592,206137,455
14347141,20.5559,20.5495,455,39275,0.782185,0.67,2,206610,206155,455
14350061,9.42237,9.41981,455,39329,0.798874,0.71,2,206612,206157,455
14352981,42.1689,42.1679,455,39383,0.80555,0.67,2,206676,206221,455
14355901,33.6676,33.6672,455,39437,0.80822,0.67,2,206704,206249,455
14358821,36.267,36.2669,455,39491,0.833288,0.71,2,206742,206287,455
14361741,43.3068,41.5067,458,39544,0.879315,0.79,2,206790,206332,458
14618701,39.1673,43.8453,506,43992,0.870998,0.93,2,209893,209387,506
14621621,30.6669,38.5381,496,44040,0.858399,0.92,2,209918,209422,496
14624541,29.0668,33.4153,494,44088,0.81736,1,2,209946,209452,494
14627461,28.4267,28.3661,497,44136,0.860944,1,2,209974,209477,497
14630381,29.9707,28.1464,500,44184,0.806378,1,2,210005,209505,500
14633301,30.5883,29.2586,501,44232,0.802551,0.95,2,210036,209535,501
14636221,28.4353,30.3034,497,44280,0.77102,0.95,2,210063,209566,497
14642061,24.7096,26.0885,494,44376,0.772563,0.99,2,210111,209617,494
14644981,39.2839,26.0354,517,44424,0.771025,0.97,2,210160,209643,517
14647901,17.5135,39.2142,472,44471,0.75841,0.97,2,210163,209691,472
14650821,23.8054,34.2857,469,44518,0.777364,0.99,2,210191,209722,469
14653741,23.3222,28.1143,468,44565,0.832946,0.93,2,210214,209746,468
14656661,53.7289,58.0457,464,44612,0.807178,0.87,2,210288,209824,464
14659581,38.8915,42.4183,461,44659,0.832871,0.85,2,210317,209856,461
14662501,39.5566,39.1673,464,44706,0.831149,0.85,2,210357,209893,464
14665421,29.6226,30.6669,462,44753,0.866459,0.79,2,210380,209918,462
14668341,29.2491,29.0668,463,44800,0.856584,0.89,2,210409,209946,463
14817261,27.1063,28.477,519,47141,0.8308,1,2,212022,211503,519
14828941,31.3995,33.6666,516,47321,0.41626,1,1,212144,211628,516
14834781,32.7439,36.3467,513,47411,0.221402,1,1,212210,211697,513
14840621,30.679,32.5755,509,47499,0.0582243,1,1,212271,211762,509
14843541,30.8716,32.2302,508,47543,0.0532897,1,1,212302,211794,508
14858141,29.2764,33.6641,467,47763,0.0994929,0.89,1,212433,211966,467
14887341,28.8483,30.679,422,48203,0.0701168,0.05,1,212693,212271,422
14890261,30.7393,30.8716,423,48247,0.0460467,0.17,1,212725,212302,423
14893181,33.2957,31.5486,426,48291,0.0244187,0.09,1,212760,212334,426
14896101,20.5183,19.8195,426,48335,0.0397675,0.13,1,212772,212346,426
14899021,25.6073,24.7278,427,48379,0.045907,0.11,1,212801,212374,427
14901941,26.4429,26.6911,426,48423,0.0363628,0.09,1,212828,212402,426
14904861,29.1772,29.2764,426,48467,0.0445451,0.11,1,212859,212433,426
14907781,29.0709,29.1106,426,48510,0.035818,0.13,1,212888,212462,426
14910701,24.8283,24.8442,426,48553,0.0323272,0.11,1,212910,212484,426
14913621,19.5313,19.5377,426,48596,0.0309309,0.11,1,212926,212500,426
14916541,23.4125,23.4151,426,48639,0.0303724,0.13,1,212952,212526,426
14919461,28.565,27.966,427,48682,0.0541489,0.13,1,212984,212557,427
14922381,23.426,24.3864,425,48725,0.0756596,0.11,1,213004,212579,425
14925301,27.9704,27.7546,426,48768,0.0722638,0.09,1,213035,212609,426
14928221,27.9882,27.3018,427,48811,0.0469055,0.15,1,213063,212636,427
14931141,24.9953,27.1207,423,48854,0.0367622,0.15,1,213086,212663,423
14934061,26.7981,10.8483,451,48897,0.0447049,0.03,1,213114,212663,451
14936981,29.9192,22.3393,453,48940,0.035882,0.03,1,213146,212693,453
14939901,32.9677,28.1357,456,48983,0.0203528,0.01,1,213181,212725,456
14942821,20.9871,32.2543,434,49026,0.0501411,0.05,1,213194,212760,434
14945741,25.7948,20.1017,451,49069,0.0860564,0.05,1,213223,212772,451
14983701,29.865,26.7981,454,49627,0.0653389,0.03,1,213568,213114,454
14986621,34.746,29.9192,460,49669,0.0321356,0.01,1,213606,213146,460
14989541,21.0984,32.9677,437,49711,0.0428542,0.07,1,213618,213181,437
14992461,27.0394,20.9871,455,49753,0.0351417,0.11,1,213649,213194,455
14995381,27.0157,25.7948,453,49795,0.0320567,0.11,1,213676,213223,453
14998301,29.4063,26.5179,457,49837,0.0308227,0.13,1,213707,213250,457
15001221,29.7625,28.6072,457,49879,0.0303291,0.17,1,213737,213280,457
15004141,26.905,28.8429,453,49921,0.0781316,0.17,1,213762,213309,453
15007061,17.962,25.3371,442,49963,0.0972527,0.17,1,213774,213332,442
15059621,26.0374,23.9848,430,50719,0.221495,0.15,1,214232,213802,430
15062541,29.6149,29.3939,429,50761,0.238598,0.15,1,214264,213835,429
15065461,22.646,22.5576,429,50802,0.245439,0.15,1,214282,213853,429
15068381,29.4584,29.423,429,50843,0.272176,0.15,1,214316,213887,429
15071301,26.1834,26.1692,429,50884,0.28287,0.15,1,214340,213911,429
15074221,26.0733,26.0677,429,50925,0.287148,0.17,1,214366,213937,429
15080061,27.6917,28.0508,429,51007,0.282344,0.15,1,214419,213990,429
15082981,12.2767,12.4203,429,51048,0.298937,0.13,1,214421,213992,429
15112181,30.0108,29.6149,432,51458,0.404663,0.25,1,214696,214264,432
15115101,22.8043,22.646,432,51499,0.407865,0.29,1,214714,214282,432
15176421,25.0679,26.2754,469,52351,0.76067,0.53,2,215269,214800,469
15179341,29.2272,24.9101,477,52391,0.802268,0.53,2,215301,214824,477
15182261,12.8909,27.9641,449,52431,0.818907,0.53,2,215303,214854,449
15185181,27.3563,12.3856,484,52471,0.813563,0.55,2,215340,214856,484
15188101,18.1425,26.5542,460,52511,0.811425,0.55,2,215352,214892,460
15191021,27.057,17.8217,481,52551,0.81057,0.59,2,215385,214904,481
15193941,28.2228,25.7287,479,52591,0.846228,0.59,2,215414,214935,479
15196861,30.4891,27.0915,483,52631,0.860491,0.59,2,215446,214963,483
15199781,33.7956,30.6366,486,52671,0.878196,0.61,2,215482,214996,486
15202701,29.7183,33.2546,478,52711,0.885279,0.63,2,215509,215031,478
15205621,20.8873,28.9019,467,52751,0.876111,0.61,2,215524,215057,467
15208541,28.7549,20.5607,486,52791,0.860445,0.65,2,215558,215072,486
15211461,32.502,28.0243,488,52831,0.878178,0.71,2,215593,215105,488
15214381,23.8008,30.4097,474,52871,0.885271,0.71,2,215611,215137,474
15217301,34.7203,22.9639,498,52911,0.888108,0.75,2,215653,215155,498
15243581,12.2442,27.057,464,53271,0.896352,0.87,2,215849,215385,464
15453821,335.746,336.979,529,24820,0.874,1,2,217838,217309,529
15462581,80.1677,80.4387,506,25798,0.258256,1,1,217985,217479,506
15468421,63.2268,76.3502,498,25962,0.083321,1,1,218126,217628,498
15471341,67.2907,69.5401,503,26044,0.0333284,0.81,1,218196,217693,503
15474261,65.9163,80.616,480,26125,0.0433314,0.87,1,218261,217781,480
15477181,41.9665,51.4464,474,26206,0.0473325,0.79,1,218287,217813,474
15480101,32.3866,35.5786,475,26287,0.048933,0.57,1,218313,217838,475
15483021,35.1546,32.2314,482,26368,0.0735732,0.49,1,218350,217868,482
15485941,50.0619,36.8926,502,26448,0.0714293,0.05,1,218410,217908,502
15488861,76.4247,60.957,519,26528,0.0825717,0.05,1,218504,217985,519
15491781,56.3699,81.3828,467,26608,0.0750287,0.05,1,218547,218080,467
15494701,64.548,60.1531,491,26688,0.0360115,0,1,218617,218126,491
15497621,66.0192,66.0612,488,26767,0.0324046,0.05,1,218684,218196,488
15500541,42.0077,65.4245,449,26846,0.0429618,0.05,1,218710,218261,449
15503461,18.0031,41.7698,425,26925,0.0471847,0.05,1,218712,218287,425
15506381,21.0012,32.3079,422,27004,0.0848739,0.09,1,218735,218313,422
15509301,33.0005,35.1232,426,27082,0.0759496,0.07,1,218776,218350,426
15512221,48.6002,50.0493,425,27160,0.0963798,0.09,1,218835,218410,425
15515141,77.6401,76.4197,428,27238,0.0685519,0.07,1,218932,218504,428
15518061,55.056,56.3679,425,27316,0.0574208,0.01,1,218972,218547,425
15520981,62.8224,64.5472,423,27394,0.0409683,0.03,1,219040,218617,423
15523901,65.329,66.0189,423,27471,0.0223873,0.05,1,219107,218684,423
15526821,42.3316,42.0075,424,27548,0.0389549,0.05,1,219134,218710,424
15529741,18.1326,18.003,424,27625,0.021582,0.11,1,219136,218712,424
15532661,21.6531,21.0012,425,27702,0.0146328,0.07,1,219160,218735,425
15535581,33.2612,33.0005,425,27778,0.0478531,0.11,1,219201,218776,425
15538501,49.9045,48.6002,427,27854,0.0371412,0.05,1,219262,218835,427
15541421,76.3618,77.6401,424,27930,0.0568565,0.05,1,219356,218932,424
15544341,53.3447,55.056,422,28006,0.0647426,0.03,1,219394,218972,422
15547261,62.7379,62.8224,423,28082,0.025897,0.01,1,219463,219040,423
15550181,64.6952,65.329,422,28157,0.0523588,0.05,1,219529,219107,422
15553101,42.0781,42.3316,422,28232,0.0629435,0.01,1,219556,219134,422
15556021,18.0312,18.1326,422,28307,0.0671774,0.01,1,219558,219136,422
15558941,21.6125,21.6531,422,28382,0.044871,0.01,1,219582,219160,422
15561861,33.245,8.66122,463,28457,0.0599484,0.07,1,219623,219160,463
15564781,49.898,28.0645,483,28531,0.0899794,0.03,1,219684,219201,483
15573541,62.1375,53.0121,490,28753,0.0487187,0,1,219884,219394,490
15576461,65.055,62.6049,488,28827,0.0494875,0.07,1,219951,219463,488
15579381,42.222,64.6419,449,28900,0.037795,0.07,1,219978,219529,449
15582301,18.0888,42.0568,424,28973,0.033118,0.07,1,219980,219556,424
15585221,21.6355,18.0227,446,29046,0.0312472,0.03,1,220004,219558,446
15588141,35.0542,21.6091,466,29119,0.0664989,0.07,1,220048,219582,466
15599821,59.2222,53.3436,489,29409,0.238102,0.01,1,220305,219816,489
15602741,65.0889,62.1374,490,29481,0.257241,0.05,1,220374,219884,490
15605661,41.6355,65.055,449,29553,0.276896,0.03,1,220400,219951,449
15608581,17.8542,42.222,424,29625,0.284759,0.03,1,220402,219978,424
15611501,21.5417,18.0888,446,29696,0.287903,0.03,1,220426,219980,446
15614421,36.8167,21.6355,469,29767,0.421161,0.09,1,220473,220004,469
15643621,41.0568,36.8167,449,30471,0.76951,0.55,2,220922,220473,449
15646541,56.0227,53.7267,450,30540,0.781804,0.55,2,220988,220538,450
15649461,23.6091,22.6907,450,30609,0.786722,0.65,2,220990,220540,450
15652381,69.4436,66.6763,454,30678,0.824689,0.65,2,221090,220636,454
15655301,50.5775,49.4705,454,30747,0.851875,0.63,2,221128,220674,454
15658221,60.431,59.3882,455,30816,0.83875,0.65,2,221195,220740,455
15661141,65.5724,65.1553,455,30885,0.8815,0.73,2,221264,220809,455
15772101,53.2847,62.726,479,33389,0.415734,1,1,222967,222488,479
15775021,50.7139,46.0904,493,33452,0.232294,1,1,223016,222523,493
15780861,39.0742,50.8145,477,33578,0.067167,1,1,223088,222611,477
15783781,78.6297,74.9258,491,33641,0.0268668,1,1,223193,222702,491
15786701,47.6519,47.3703,489,33704,0.0767467,1,1,223220,222731,489
15789621,30.4607,35.1481,481,33767,0.0366987,0.94,1,223239,222758,481
15792541,22.9843,26.0592,479,33830,0.0326795,0.99,1,223257,222778,479
15795461,27.7937,36.8237,466,33893,0.0310718,0.89,1,223288,222822,466
15798381,28.5175,34.5295,462,33955,0.0544287,0.59,1,223317,222855,462
15801301,33.007,46.2118,444,34017,0.0397715,0.21,1,223353,222909,444
15804221,43.2028,53.2847,436,34079,0.0579086,0.11,1,223403,222967,436
15807141,38.8811,50.7139,423,34141,0.0651634,0.05,1,223439,223016,423
15810061,36.5524,40.6856,424,34203,0.0320654,0.03,1,223474,223050,424
15812981,37.421,39.0742,424,34265,0.0428261,0.03,1,223512,223088,424
15815901,76.7684,15.6297,527,34327,0.0171305,0,1,223615,223088,527
15818821,46.3074,69.2519,448,34389,0.0128522,0.11,1,223641,223193,448
15821741,29.9229,43.9008,440,34450,0.0231409,0.01,1,223660,223220,440
15824661,22.7692,28.9603,439,34511,0.00925635,0.03,1,223678,223239,439
15827581,27.7077,22.3841,452,34572,0.0217025,0.03,1,223709,223257,452
15830501,29.0831,27.5536,451,34633,0.014681,0.07,1,223739,223288,451
15833421,32.6332,28.4215,457,34694,0.0478724,0.03,1,223774,223317,457
15836341,43.6533,32.9686,472,34755,0.085149,0.07,1,223825,223353,472
15839261,38.4613,43.1874,457,34816,0.0760596,0.07,1,223860,223403,457
15842181,36.3845,38.875,456,34877,0.0604238,0.01,1,223895,223439,456
15845101,37.3538,36.55,459,34938,0.0541695,0.05,1,223933,223474,459
15848021,76.7415,37.42,524,34999,0.0216678,0,1,224036,223512,524
15850941,46.8966,76.768,448,35059,0.0746671,0.01,1,224063,223615,448
15856781,23.8235,29.9229,441,35179,0.0851467,0,1,224101,223660,441
15859701,27.5294,22.7692,453,35239,0.0520587,0.03,1,224131,223678,453
15862621,30.8118,27.7077,455,35299,0.0388235,0.01,1,224164,223709,455
15865541,31.5247,29.0831,457,35359,0.0335294,0.07,1,224196,223739,457
15868461,45.6099,32.6332,477,35419,0.0434118,0.11,1,224251,223774,477
15871381,36.844,43.6533,457,35479,0.0593647,0.07,1,224282,223825,457
15874301,35.1376,38.4613,456,35539,0.0657459,0.05,1,224316,223860,456
15877221,36.855,36.3845,459,35598,0.0442984,0.05,1,224354,223895,459
15880141,77.742,37.3538,526,35657,0.0357193,0,1,224459,223933,526
15883061,32.2968,76.7415,425,35716,0.0442877,0.11,1,224461,224036,425
15885981,30.3187,46.8966,427,35775,0.0957151,0.13,1,224490,224063,427
15900581,31.7284,31.5247,423,36070,0.0852009,0.05,1,224619,224196,423
15903501,46.2914,45.6099,424,36129,0.0640804,0.07,1,224675,224251,424
15906421,37.7165,36.844,425,36187,0.0556321,0.07,1,224707,224282,425
15909341,33.6866,35.1376,422,36245,0.0762529,0.03,1,224738,224316,422
15912261,36.2746,36.855,422,36303,0.0485011,0.03,1,224776,224354,422
15915181,78.7099,77.742,424,36361,0.0374005,0.05,1,224883,224459,424
15918101,32.6839,32.2968,424,36419,0.0329602,0.13,1,224885,224461,424
15921021,32.2736,30.3187,427,36477,0.0551841,0.13,1,224917,224490,427
15923941,22.5094,22.3275,426,36535,0.0520736,0.11,1,224933,224507,426
15926861,19.8038,19.131,427,36593,0.0628294,0.15,1,224951,224524,427
15950221,78.8137,78.7099,423,37052,0.0578958,0.03,1,225306,224883,423
15953141,32.7255,32.6839,423,37109,0.0411583,0.07,1,225308,224885,423
15956061,32.2902,32.2736,423,37166,0.0344633,0.07,1,225340,224917,423
15958981,23.1161,12.9094,440,37223,0.0317853,0.05,1,225357,224917,440
15961901,20.6464,14.7638,443,37280,0.0427141,0.07,1,225376,224933,443
15964821,26.2586,16.7055,455,37337,0.0950857,0.15,1,225406,224951,455
15970661,33.2414,27.6329,463,37451,0.0956137,0.15,1,225473,225010,463
15982341,31.835,33.573,459,37675,0.0976317,0.09,1,225621,225162,459
15999861,28.1737,20.6464,457,38011,0.202155,0.13,1,225833,225376,457
16002781,29.2695,26.2586,457,38067,0.242862,0.11,1,225863,225406,457
16005701,32.7078,29.1034,461,38122,0.259145,0.09,1,225898,225437,461
16040741,29.1773,29.2695,435,38782,0.429413,0.27,1,226298,225863,435
16113741,26.8432,4.14942,485,40120,0.765165,0.57,2,227157,226672,485
16116661,29.9373,22.6598,482,40173,0.792066,0.55,2,227189,226707,482
16119581,34.7749,29.4639,486,40226,0.826826,0.57,2,227227,226741,486
16122501,53.51,33.9856,515,40278,0.840731,0.67,2,227293,226778,515
16125421,41.204,50.1942,487,40330,0.834292,0.73,2,227326,226839,487
16128341,35.0816,39.2777,486,40382,0.843717,0.73,2,227357,226871,486
16131261,33.2326,33.7111,488,40434,0.871487,0.71,2,227389,226901,488
16134181,78.0931,32.6844,564,40486,0.882595,0.69,2,227497,226933,564
16137101,32.4372,78.4738,457,40538,0.887038,0.69,2,227499,227042,457
16140021,33.9749,32.5895,490,40590,0.876815,0.75,2,227534,227044,490
16142941,24.39,33.4358,474,40642,0.872726,0.71,2,227552,227078,474
16145861,22.956,24.1743,478,40694,0.87109,0.73,2,227574,227096,478
16148781,10.3824,22.2697,459,40746,0.870436,0.73,2,227576,227117,459
16499181,313.659,341.733,484,20440,0.861975,1,2,231641,231157,484
16502101,178.263,179.893,500,21270,0.85479,0.97,2,231729,231229,500
16505021,147.505,142.757,509,21370,0.863916,0.99,2,231856,231347,509
16507941,100.402,102.103,503,21469,0.855566,0.92,2,231925,231422,503
16613061,87.5767,101.425,483,24776,0.838,1,2,234249,233766,483
16621821,78.6849,81.3472,484,25032,0.210352,1,1,234450,233966,484
16624741,61.474,55.3389,496,25117,0.0841408,1,1,234500,234004,496
16627661,44.3896,43.1355,494,25201,0.0516563,1,1,234533,234039,494
16630581,45.9558,53.8542,480,25285,0.0626625,1,1,234580,234100,480
16633501,34.5823,38.9417,478,25369,0.031065,0.73,1,234607,234129,478
16636421,72.0329,87.5767,455,25453,0.042426,0.73,1,234704,234249,455
16639341,55.8132,35.0307,500,25536,0.0469704,0.57,1,234749,234249,500
16642261,51.1253,47.0123,493,25619,0.0487882,0.35,1,234797,234304,493
16645181,64.8501,51.8049,512,25702,0.0735153,0.03,1,234871,234359,512
16648101,57.74,75.322,474,25784,0.0354061,0,1,234924,234450,474
16651021,41.696,60.1288,455,25866,0.0321624,0.03,1,234955,234500,455
16653941,45.4784,43.8515,470,25948,0.042865,0.07,1,235003,234533,470
16656861,33.1914,45.7406,448,26030,0.047146,0.01,1,235028,234580,448
16659781,71.4765,34.4962,518,26111,0.0248584,0.05,1,235125,234607,518
16662701,56.7906,71.9985,468,26192,0.0519434,0.05,1,235172,234704,468
16665621,52.1162,55.7994,472,26273,0.0507773,0.05,1,235221,234749,472
16668541,64.0465,51.1198,496,26354,0.0383109,0.09,1,235293,234797,496
16671461,57.4186,64.8479,475,26434,0.0153244,0.01,1,235346,234871,475
16674381,40.9674,57.7392,452,26514,0.0121297,0.03,1,235376,234924,452
16677301,46.987,41.6957,472,26594,0.0348519,0.05,1,235427,234955,472
16680221,32.5948,45.4783,447,26674,0.0319408,0.05,1,235450,235003,447
16683141,72.4379,33.1913,521,26753,0.0127763,0.01,1,235549,235028,521
16686061,57.1752,71.4765,471,26832,0.0231105,0.07,1,235596,235125,471
16688981,52.2701,56.7906,473,26911,0.0632442,0.05,1,235645,235172,473
16691901,22.108,52.1162,426,26990,0.0912977,0.03,1,235647,235221,426
16694821,52.0432,64.0465,426,27068,0.0785191,0,1,235719,235293,426
16697741,51.4173,57.4186,424,27146,0.0494076,0.01,1,235770,235346,424
16700661,37.3669,40.9674,422,27224,0.0617631,0.05,1,235798,235376,422
16703581,46.7468,46.987,424,27302,0.0547052,0.03,1,235851,235427,424
16706501,31.8987,32.5948,423,27380,0.0278821,0,1,235873,235450,423
16709421,72.1595,72.4379,423,27457,0.0291528,0.03,1,235972,235549,423
16712341,57.0638,57.1752,423,27534,0.0536611,0.09,1,236019,235596,423
16715261,54.6255,52.2701,427,27611,0.0394645,0.11,1,236072,235645,427
16718181,23.0502,22.108,427,27688,0.0577858,0.07,1,236074,235647,427
16724021,50.608,51.4173,423,27840,0.0512457,0.07,1,236193,235770,423
16726941,36.4432,37.3669,422,27916,0.0384983,0.05,1,236220,235798,422
16729861,46.3773,46.7468,422,27992,0.0213993,0.01,1,236273,235851,422
16732781,31.7509,31.8987,422,28068,0.0505597,0.03,1,236295,235873,422
16735701,72.1004,72.1595,422,28143,0.0262239,0.07,1,236394,235972,422
16738621,57.6401,57.0638,423,28218,0.0404896,0.03,1,236442,236019,423
16741541,55.4561,54.6255,424,28293,0.0341958,0.07,1,236496,236072,424
16744461,23.3824,23.0502,424,28368,0.0316783,0.07,1,236498,236074,424
16747381,52.553,9.22008,496,28443,0.0546713,0.15,1,236570,236074,496
16750301,47.4212,44.488,472,28517,0.0878685,0.01,1,236614,236142,472
16756141,45.8674,35.5581,474,28665,0.046459,0.01,1,236694,236220,474
16759061,32.147,46.0232,444,28739,0.0485836,0.07,1,236717,236273,444
16761981,71.6588,31.6093,520,28813,0.0254334,0.01,1,236815,236295,520
16764901,57.4635,72.0437,469,28886,0.0281734,0.05,1,236863,236394,469
16767821,55.3854,57.6175,475,28959,0.0292693,0.03,1,236917,236442,475
16770741,23.3542,55.447,423,29032,0.0297077,0.03,1,236919,236496,423
16773661,54.3417,23.3788,496,29105,0.0898831,0.07,1,236994,236498,496
16788261,70.479,32.1469,519,29467,0.0897492,0.01,1,237236,236717,519
16791181,57.5916,71.6588,470,29539,0.0538997,0.03,1,237285,236815,470
16794101,56.6366,57.4635,478,29611,0.0515599,0.03,1,237341,236863,478
16797021,23.8547,55.3854,426,29682,0.0506239,0.03,1,237343,236917,426
16799941,56.9419,23.3542,503,29753,0.0382496,0.13,1,237422,236919,503
16802861,49.7767,54.3417,473,29824,0.0692998,0.13,1,237467,236994,473
16805781,21.1107,49.3367,429,29895,0.0817199,0.13,1,237469,237040,429
16837901,23.5791,22.8443,427,30664,0.229528,0.21,1,237920,237493,427
16849581,55.7364,56.2024,429,30940,0.429956,0.21,1,238137,237708,429
16852501,57.0946,56.681,430,31008,0.429982,0.17,1,238195,237765,430
16855421,24.0378,23.8724,430,31076,0.405993,0.15,1,238197,237767,430
16861261,52.2061,50.6196,432,31212,0.411759,0.17,1,238325,237893,432
16864181,22.0824,21.4478,432,31280,0.422704,0.17,1,238327,237895,432
16867101,25.633,8.57913,460,31348,0.415081,0.27,1,238355,237895,460
16870021,43.2532,18.4317,490,31415,0.448033,0.35,1,238410,237920,490
16910901,58.0505,56.9842,504,32345,0.756879,0.53,2,239082,238578,504
16913821,24.4202,56.9937,449,32410,0.764752,0.53,2,239084,238635,449
16916741,56.5681,23.9975,525,32475,0.767901,0.53,2,239162,238637,525
16919661,55.6272,56.399,502,32540,0.82916,0.63,2,239217,238715,502
16922581,23.4509,52.5596,454,32605,0.853664,0.63,2,239219,238765,454
16925501,30.3804,22.2238,487,32670,0.851466,0.67,2,239254,238767,487
16928421,45.7521,27.4895,512,32735,0.862586,0.71,2,239310,238798,512
16931341,19.5009,44.5958,458,32800,0.867034,0.71,2,239312,238854,458
16934261,23.4003,34.0383,457,32864,0.880814,0.73,2,239338,238881,457
17086101,41.6877,37.5925,492,36058,0.7636,1,2,241611,241119,492
17091941,36.91,37.6948,498,36176,0.432976,1,1,241686,241188,498
17094861,34.564,36.6779,495,36234,0.29919,1,1,241719,241224,495
17100701,36.2502,45.7085,481,36350,0.0730705,1,1,241790,241309,481
17103621,33.1001,37.4834,480,36408,0.0352282,1,1,241821,241341,480
17106541,34.84,31.1934,489,36466,0.0140913,1,1,241857,241368,489
17109461,47.536,52.6773,478,36524,0.0116365,1,1,241913,241435,478
17112381,46.6144,43.8709,486,36582,0.0046546,1,1,241959,241473,486
17115301,51.6458,50.5484,486,36640,0.0438618,0.89,1,242014,241528,486
17118221,35.6583,47.2194,466,36698,0.0595447,0.65,1,242039,241573,466
17121141,28.0633,41.6877,451,36756,0.0778179,0.47,1,242062,241611,451
17124061,30.4253,41.2751,442,36813,0.0491272,0.33,1,242094,241652,442
17126981,28.3701,36.91,435,36870,0.0736509,0.21,1,242121,241686,435
17129901,25.7481,34.564,426,36927,0.0834603,0.03,1,242145,241719,426
17132821,28.8992,33.6256,424,36984,0.0513841,0.03,1,242176,241752,424
17135741,33.1597,36.2502,422,37041,0.0385537,0.01,1,242212,241790,422
17138661,32.4639,33.1001,423,37098,0.0214215,0,1,242244,241821,423
17141581,34.5855,34.84,423,37155,0.0265686,0,1,242280,241857,423
17144501,47.4342,13.936,479,37212,0.0166274,0.01,1,242336,241857,479
17147421,46.5737,39.1744,469,37269,0.024651,0,1,242382,241913,469
17150341,50.4295,43.2698,476,37326,0.0518604,0.07,1,242435,241959,476
17153261,36.3718,50.3079,448,37383,0.0267442,0.07,1,242462,242014,448
17156181,28.9487,35.1232,447,37440,0.0646977,0.09,1,242486,242039,447
17159101,30.1795,27.8493,455,37496,0.0798791,0.03,1,242517,242062,455
17162021,29.4718,30.3397,452,37552,0.0739516,0.09,1,242546,242094,452
17164941,23.7887,28.3359,445,37608,0.0955807,0.09,1,242566,242121,445
17167861,28.1155,25.7344,452,37664,0.0682323,0.03,1,242597,242145,452
17170781,32.8462,28.8937,457,37720,0.0452929,0.03,1,242633,242176,457
17173701,32.3385,33.1575,453,37776,0.0601172,0.01,1,242665,242212,453
17176621,34.5354,32.463,457,37832,0.0420469,0.03,1,242701,242244,457
17179541,47.4142,34.5852,477,37888,0.0348187,0.01,1,242757,242280,477
17182461,48.9657,47.4341,471,37944,0.0139275,0.03,1,242807,242336,471
17185381,50.1863,46.5736,476,38000,0.011571,0.07,1,242858,242382,476
17188301,35.6745,50.4295,449,38056,0.0106284,0.01,1,242884,242435,449
17191221,30.4698,36.3718,449,38112,0.0222514,0.09,1,242911,242462,449
17194141,30.7879,28.9487,456,38167,0.0149005,0.09,1,242942,242486,456
17197061,30.3152,30.1795,455,38222,0.0359602,0.07,1,242972,242517,455
17199981,24.1261,29.4718,446,38277,0.0563841,0.11,1,242992,242546,446
17202901,27.6504,23.7887,456,38332,0.0645536,0.05,1,243022,242566,456
17205821,30.2602,28.1155,457,38387,0.0438215,0.03,1,243054,242597,457
17208741,31.9041,32.8462,454,38442,0.0175286,0.07,1,243087,242633,454
17211661,34.3616,32.3385,458,38497,0.0370114,0.03,1,243123,242665,458
17214581,48.5447,34.5354,480,38552,0.0148046,0.03,1,243181,242701,480
17217501,48.8179,47.4142,473,38607,0.0239218,0,1,243230,242757,473
17220421,20.7271,48.9657,425,38662,0.0275687,0.01,1,243232,242807,425
17223341,37.0909,50.1863,422,38717,0.0530275,0.01,1,243280,242858,422
17226261,31.0363,35.6745,423,38772,0.027211,0.03,1,243307,242884,423
17229181,28.6145,30.4698,423,38826,0.0168844,0.01,1,243334,242911,423
17232101,30.0458,30.7879,423,38880,0.0247538,0.05,1,243365,242942,423
17235021,31.2183,30.3152,425,38934,0.0519015,0.07,1,243397,242972,425
17237941,24.4873,24.1261,425,38988,0.0387606,0.07,1,243417,242992,425
17240861,27.7949,27.6504,425,39042,0.0695042,0.03,1,243447,243022,425
17243781,30.318,30.2602,425,39096,0.0458017,0,1,243479,243054,425
17246701,30.7272,31.9041,423,39150,0.0243207,0.05,1,243510,243087,423
17249621,33.2909,34.3616,422,39204,0.00972827,0,1,243545,243123,422
17252541,48.7164,48.5447,423,39258,0.00389131,0.03,1,243604,243181,423
17255461,48.8865,48.8179,423,39312,0.0195565,0.03,1,243653,243230,423
17258381,20.7546,20.7271,423,39366,0.00782261,0.07,1,243655,243232,423
17261301,37.7018,37.0909,424,39420,0.057129,0.01,1,243704,243280,424
17287581,32.7791,33.2909,422,39899,0.0622716,0,1,243967,243545,422
17290501,49.1116,48.7164,423,39952,0.0249086,0.03,1,244027,243604,423
17293421,48.4447,48.8865,422,40005,0.0279635,0,1,244075,243653,422
17296341,20.5779,20.7546,422,40058,0.0111854,0,1,244077,243655,422
17299261,39.4311,8.30185,474,40111,0.0344741,0.09,1,244129,243655,474
17302181,31.3725,32.7207,451,40164,0.0437897,0.15,1,244155,243704,451
17305101,28.749,28.0883,453,40217,0.0475159,0.15,1,244182,243729,453
17308021,30.6996,27.4353,458,40270,0.0610063,0.11,1,244214,243756,458
17310941,31.4798,30.1741,458,40322,0.0784025,0.11,1,244246,243788,458
17313861,24.5919,31.2697,446,40374,0.097361,0.15,1,244266,243820,446
17328461,48.3267,32.7778,481,40634,0.0838738,0,1,244448,243967,481
17331381,48.1307,49.1111,469,40686,0.0395495,0.03,1,244496,244027,469
17334301,20.4523,48.4444,423,40738,0.0218198,0,1,244498,244075,423
17337221,40.5809,20.5778,475,40790,0.0387279,0.05,1,244552,244077,475
17340141,32.4324,39.4311,450,40842,0.0334912,0.05,1,244579,244129,450
17343061,29.1729,31.3724,451,40894,0.0433965,0.05,1,244606,244155,451
17345981,31.4692,28.749,457,40946,0.0353586,0.07,1,244639,244182,457
17348901,31.7877,30.6996,457,40998,0.0321434,0.09,1,244671,244214,457
17351821,25.3151,31.4798,446,41049,0.0428574,0.11,1,244692,244246,446
17354741,30.526,24.5919,460,41100,0.059143,0.13,1,244726,244266,460
17357661,30.8104,29.6368,458,41151,0.0656572,0.15,1,244757,244299,458
17360581,28.5242,29.8547,455,41202,0.0562629,0.17,1,244784,244329,455
17363501,27.0097,27.5419,455,41253,0.0525051,0.07,1,244810,244355,455
17366421,46.2039,30.8168,481,41304,0.0630021,0.07,1,244869,244388,481
17369341,47.2815,48.3267,469,41355,0.0912008,0.01,1,244917,244448,469
17375181,41.645,20.4523,477,41457,0.0949921,0.05,1,244975,244498,477
17383941,21.8413,29.1729,424,41610,0.0970395,0.03,1,245030,244606,424
17410221,48.3257,47.2815,427,42064,0.2525,0.11,1,245344,244917,427
17413141,20.5303,20.1126,427,42114,0.251,0.09,1,245346,244919,427
17416061,41.8121,41.645,427,42164,0.2624,0.11,1,245402,244975,427
17418981,32.3248,32.258,427,42214,0.27896,0.11,1,245428,245001,427
17421901,14.1299,14.1032,427,42264,0.285584,0.09,1,245430,245003,427
17424821,21.252,21.8413,426,42314,0.288234,0.15,1,245456,245030,426
17448181,47.4901,47.3144,430,42713,0.400837,0.29,1,245725,245295,430
17451101,50.796,48.3257,434,42762,0.418335,0.25,1,245778,245344,434
17454021,21.5184,20.5303,434,42811,0.401334,0.27,1,245780,245346,434
17456941,41.6074,41.8121,433,42860,0.442534,0.29,1,245835,245402,433
17532861,53.7865,48.1136,506,44122,0.755095,0.61,2,246670,246164,506
17535781,22.7146,51.6454,454,44170,0.764038,0.63,2,246672,246218,454
17538701,44.4858,21.8582,511,44218,0.779615,0.63,2,246731,246220,511
17541621,33.9943,44.1433,479,44266,0.809846,0.65,2,246758,246279,479
17544541,14.7977,33.2573,455,44314,0.821938,0.65,2,246760,246305,455
17547461,23.9191,14.5029,483,44362,0.862775,0.65,2,246790,246307,483
17740181,29.2931,27.8551,517,47398,0.872078,1,2,248871,248354,517
17743101,31.5172,25.542,526,47442,0.774831,1,2,248904,248378,526
17810261,56.6464,58.4017,447,22380,0.066109,0.05,1,249756,249309,447
17813181,52.0586,66.5607,424,22475,0.0924436,0.11,1,249805,249381,424
17830701,51.1046,56.5158,473,23035,0.218043,0.03,1,250177,249704,473
17833621,51.6418,53.8063,473,23127,0.261217,0.11,1,250229,249756,473
17836541,41.0567,50.9225,458,23219,0.290487,0.11,1,250263,249805,458
17851141,52.3526,57.2498,478,23672,0.400271,0.25,1,250608,250130,478
17903701,43.4882,43.309,450,25236,0.775358,0.65,2,251595,251145,450
17906621,92.9953,91.1236,453,25320,0.808143,0.65,2,251721,251268,453
17909541,38.3981,37.6494,453,25404,0.821257,0.69,2,251723,251270,453
17912461,57.3592,56.4598,454,25487,0.874503,0.69,2,251793,251339,454
17915381,51.7437,22.5839,502,25570,0.883801,0.71,2,251841,251339,502
17918301,57.8975,37.8336,516,25653,0.899521,0.71,2,251903,251387,516
18014661,52.0394,54.0722,497,28251,0.8716,1,2,253758,253261,497
18017581,42.4158,39.0289,504,28326,0.83464,1,2,253794,253290,504
18020501,34.3663,45.0116,484,28401,0.807856,1,2,253823,253339,484
18023421,32.3465,18.0046,515,28476,0.761142,1,2,253854,253339,515
18035101,62.0953,107.424,504,28772,0.226989,1,1,254140,253636,504
18043861,39.4701,51.9951,499,28992,0.0589273,0.81,1,254257,253758,499
18046781,30.188,42.3981,487,29065,0.0535709,0.79,1,254281,253794,487
18049701,29.4752,34.3592,487,29138,0.0214284,0.73,1,254310,253823,487
18052621,41.7901,32.3437,506,29211,0.0265713,0.61,1,254360,253854,506
18055541,49.116,47.7375,502,29283,0.0286285,0.43,1,254414,253912,502
18058461,92.2464,55.095,563,29355,0.0534514,0.27,1,254535,253972,563
18061381,58.4986,101.238,467,29427,0.0513806,0.13,1,254571,254104,467
18073061,29.0352,39.4701,445,29714,0.0916033,0.05,1,254702,254257,445
18075981,30.2141,30.188,452,29785,0.0546413,0,1,254733,254281,452
18078901,13.2856,29.4752,425,29856,0.0398565,0.03,1,254735,254310,425
18081821,34.7143,41.7901,424,29927,0.0579426,0.03,1,254784,254360,424
18084741,46.8857,49.116,425,29998,0.0651771,0.07,1,254839,254414,425
18087661,92.5543,92.2464,427,30069,0.0680708,0.05,1,254962,254535,427
18090581,59.2217,58.4986,428,30139,0.0572283,0.17,1,254999,254571,428
18093501,38.0887,37.7994,428,30209,0.0528913,0.11,1,255023,254595,428
18096421,45.2355,45.7198,427,30279,0.0391565,0.13,1,255073,254646,427
18099341,37.2942,38.0879,426,30349,0.0696626,0.07,1,255105,254679,426
18102261,30.5177,29.0352,429,30419,0.081865,0.03,1,255131,254702,429
18105181,27.8071,30.2141,424,30489,0.062746,0.03,1,255157,254733,424
18108101,12.3228,13.2856,424,30558,0.0550984,0.07,1,255159,254735,424
18111021,33.7291,34.7143,423,30627,0.0400394,0.07,1,255207,254784,423
18113941,47.0917,46.8857,424,30696,0.0700157,0.07,1,255263,254839,424
18125621,46.1911,45.2355,424,30971,0.21736,0.09,1,255497,255073,424
18128541,37.6765,37.2942,424,31039,0.248944,0.09,1,255529,255105,424
18131461,30.6706,30.5177,424,31107,0.237578,0.05,1,255555,255131,424
18134381,26.6682,27.8071,422,31175,0.269031,0.05,1,255579,255157,422
18137301,11.8673,12.3228,422,31243,0.281612,0.03,1,255581,255159,422
18140221,34.1469,33.7291,423,31311,0.274645,0.03,1,255630,255207,423
18143141,48.4588,13.4917,481,31379,0.283858,0.09,1,255688,255207,481
18151901,39.1974,56.3995,454,31580,0.401927,0.17,1,255875,255421,454
18198621,36.6564,12.0347,498,32635,0.758385,0.53,2,256512,256014,498
18201541,51.8625,35.4139,509,32700,0.789354,0.53,2,256574,256065,509
18204461,101.145,49.5655,584,32765,0.801742,0.65,2,256708,256124,584
18207381,41.658,98.4262,455,32830,0.806697,0.67,2,256710,256255,455
18210301,37.6632,60.3705,455,32894,0.808679,0.67,2,256745,256290,455
18213221,31.8653,40.9482,455,32958,0.833471,0.71,2,256773,256318,455
18216141,46.9461,49.3793,457,33022,0.807389,0.73,2,256830,256373,457
18219061,38.5784,38.9517,458,33086,0.808955,0.73,2,256863,256405,458
18221981,32.2314,32.3807,458,33150,0.845582,0.73,2,256891,256433,458
18224901,27.8926,27.3523,459,33214,0.848233,0.75,2,256916,256457,459
18227821,12.357,12.1409,459,33278,0.849293,0.77,2,256918,256459,459
18230741,37.9428,36.6564,461,33342,0.837717,0.81,2,256973,256512,461
18233661,52.9771,51.8625,462,33405,0.821087,0.81,2,257036,256574,462
18236581,102.191,101.145,463,33468,0.850435,0.81,2,257171,256708,463
18239501,42.0763,41.658,463,33531,0.862174,0.81,2,257173,256710,463
18242421,37.2305,37.6632,462,33594,0.87887,0.85,2,257207,256745,462
18429301,23.4848,23.4634,460,37408,0.436123,0.31,1,259750,259290,460
18432221,20.7939,24.3854,454,37464,0.444449,0.33,1,259769,259315,454
18435141,35.3176,21.1541,480,37520,0.44778,0.37,1,259814,259334,480
18481861,35.7081,39.2683,481,38410,0.76191,0.57,2,260487,260006,481
18484781,22.6832,34.9073,463,38465,0.766764,0.57,2,260501,260038,463
18487701,24.6733,22.3629,475,38520,0.768706,0.57,2,260527,260052,475
18490621,38.6693,24.5452,497,38575,0.757482,0.65,2,260575,260078,497
18493541,16.6677,36.2181,455,38630,0.752993,0.71,2,260577,260122,455
18496461,24.0671,30.6872,457,38685,0.787197,0.71,2,260606,260149,457
18499381,20.4268,23.0749,457,38740,0.800879,0.75,2,260624,260167,457
18502301,25.5707,25.43,459,38795,0.830352,0.75,2,260653,260194,459
18505221,19.8283,19.772,459,38849,0.842141,0.75,2,260669,260210,459
18508141,37.3313,37.9088,458,38903,0.846856,0.75,2,260718,260260,458
18511061,92.9325,92.5635,459,38957,0.896743,0.75,2,260848,260389,459
18651221,25.9329,25.0751,513,41478,0.892,1,2,262522,262009,513
18702321,243.496,244.775,484,19092,0.226499,0.53,1,263262,262778,484
18722761,90.4485,131.564,483,19857,0.241141,0.05,1,263745,263262,483
18735901,130.347,24.1568,629,20386,0.436168,0.23,1,264104,263475,629
18791381,39.7452,39.0518,451,22280,0.75715,0.63,2,265229,264778,451
18794301,24.2981,24.0207,451,22375,0.76486,0.65,2,265243,264792,451
18797221,135.719,133.808,454,22470,0.875944,0.71,2,265453,264999,454
19000161,54.4488,48.7758,492,28321,0.892,1,2,269510,269018,492
19003081,45.1795,36.9103,502,28396,0.7948,1,2,269549,269047,502
19011841,80.6755,29.7223,623,28619,0.439427,1,1,269727,269104,623
19023521,54.5053,50.7145,531,28914,0.0963533,1,1,269926,269395,531
19026441,51.8021,58.0858,518,28987,0.0565413,0.82,1,269976,269458,518
19032281,34.6883,45.1737,489,29133,0.0918466,0.61,1,270038,269549,489
19038121,68.9101,32.1878,544,29278,0.205495,0.33,1,270158,269614,544
19041041,55.1641,80.6751,477,29350,0.220198,0.21,1,270204,269727,477
19043961,42.4656,62.27,461,29422,0.250079,0.09,1,270238,269777,461
19046881,48.7862,48.908,474,29494,0.202032,0.11,1,270291,269817,474
19049801,54.3145,50.7632,480,29566,0.218813,0.07,1,270349,269869,480
19064401,22.8627,28.2753,432,29922,0.213988,0.25,1,270494,270062,432
19067321,66.7451,68.9101,432,29993,0.235595,0.23,1,270590,270158,432
19070241,54.898,55.1641,433,30064,0.220238,0.27,1,270637,270204,433
19073161,43.5592,42.4656,435,30134,0.238095,0.17,1,270673,270238,435
19076081,48.6237,48.7862,434,30204,0.233238,0.23,1,270725,270291,434
19079001,52.4495,54.3145,431,30274,0.279295,0.17,1,270780,270349,431
19099441,55.1295,54.898,432,30760,0.403156,0.25,1,271069,270637,432
19102361,44.2518,43.5592,433,30829,0.419263,0.23,1,271106,270673,433
19105281,48.9007,48.6237,433,30898,0.425705,0.31,1,271158,270725,433
19108201,54.3603,52.4495,436,30966,0.440282,0.35,1,271216,270780,436
19154921,67.973,23.6922,543,32041,0.786265,0.53,2,271908,271365,543
19157841,54.7892,67.0769,493,32107,0.812506,0.51,2,271954,271461,493
19160761,47.7157,55.0307,489,32173,0.859002,0.57,2,271997,271508,489
19163681,50.8863,46.0123,502,32239,0.889601,0.57,2,272050,271548,502
19350561,44.8998,50.1647,481,36196,0.897429,1,2,274794,274313,481
19353481,41.3599,37.4659,491,36254,0.844972,1,2,274833,274342,491
19356401,38.744,38.3864,489,36312,0.835989,1,2,274870,274381,489
19359321,32.2976,36.3545,482,36370,0.832395,1,2,274898,274416,482
19432321,27.2499,28.7116,477,37795,0.782576,0.63,2,275833,275356,477
19435241,31.3,26.4846,486,37851,0.799031,0.65,2,275867,275381,486
19438161,43.12,31.5939,502,37907,0.853612,0.63,2,275918,275416,502
19627961,34.5226,38.2759,508,41371,0.89641,1,2,278332,277824,508
19630881,42.609,38.7104,517,41422,0.844564,1,2,278380,277863,517
19633801,33.8436,32.2841,517,41473,0.763826,1,2,278408,277891,517
19703881,28.2663,28.7774,446,42680,0.765075,0.47,2,279178,278732,446
19706801,26.9065,27.711,445,42729,0.75603,0.53,2,279204,278759,445
19709721,32.3626,32.0844,446,42778,0.788412,0.55,2,279240,278794,446
19712641,44.145,41.6338,450,42827,0.789365,0.63,2,279292,278842,450
19715561,29.658,29.2535,449,42876,0.813746,0.59,2,279312,278863,449
19718481,32.8632,31.5014,451,42925,0.811498,0.59,2,279347,278896,451
19721401,27.5453,28.2006,449,42974,0.810599,0.57,2,279371,278922,449
19724321,18.2181,17.8802,450,43023,0.78624,0.57,2,279383,278933,450
19727241,38.4872,7.15209,502,43072,0.776496,0.63,2,279435,278933,502
19730161,39.3949,34.0608,490,43121,0.772598,0.71,2,279475,278985,490
19733081,30.758,35.2243,479,43170,0.759039,0.71,2,279500,279021,479
19736001,33.9032,29.0897,490,43219,0.753616,0.73,2,279536,279046,490
19738921,35.7613,32.6359,492,43268,0.775446,0.73,2,279573,279081,492
19741841,38.3045,34.0544,497,43317,0.784179,0.73,2,279613,279116,497
19744761,29.1218,37.6217,480,43366,0.799671,0.79,2,279636,279156,480
19747681,27.2487,28.2487,484,43415,0.817869,0.75,2,279662,279178,484
19750601,33.6995,26.8995,496,43464,0.837147,0.81,2,279700,279204,496
19753521,44.6798,32.3598,512,43513,0.868859,0.79,2,279752,279240,512
19925801,45.5906,37.4397,527,46285,0.877696,1,2,281662,281135,527
19928721,26.6362,39.5759,500,46331,0.825078,1,2,281676,281176,500
19931641,29.8545,31.4304,506,46377,0.816031,1,2,281708,281202,506
19943321,33.0059,26.3934,521,46557,0.40945,1,1,281855,281334,521
19949161,29.0409,30.0229,511,46647,0.258712,1,1,281912,281401,511
19952081,27.8164,30.0092,508,46692,0.205485,1,1,281939,281431,508
19957921,25.3306,28.8015,510,46782,0.0988776,1,1,281993,281483,510
19960841,25.1322,31.3206,502,46827,0.057551,0.94,1,282018,281516,502
19963761,21.4529,28.7282,494,46872,0.0290204,1,1,282037,281543,494
19966681,33.1812,27.6913,508,46917,0.0656082,1,1,282078,281570,508
19969601,41.4725,34.4765,516,46962,0.0442433,0.8,1,282125,281609,516
19972521,22.589,45.5906,473,47007,0.0236973,0.79,1,282135,281662,473
19975441,28.2356,26.6362,491,47052,0.0394789,0.81,1,282167,281676,491
19978361,35.2942,29.8545,499,47097,0.0337916,0.55,1,282207,281708,499
19981281,29.1177,44.3418,470,47142,0.0435166,0.49,1,282232,281762,470
19984201,30.2471,34.5367,473,47187,0.0474067,0.41,1,282263,281790,473
19987121,29.4988,33.0147,470,47232,0.0729627,0.37,1,282292,281822,470
20013401,30.9344,33.1812,423,47632,0.0999137,0.03,1,282501,282078,423
20019241,22.5895,22.589,423,47720,0.0843862,0.05,1,282558,282135,423
20022161,28.8358,28.2356,424,47764,0.0877545,0.03,1,282591,282167,424
20025081,34.9343,35.2942,423,47808,0.0531018,0.05,1,282630,282207,423
20028001,28.9737,29.1177,423,47852,0.0392407,0.05,1,282655,282232,423
20030921,31.3895,30.2471,425,47896,0.0456963,0.09,1,282688,282263,425
20033841,31.7558,29.4988,428,47940,0.0482785,0.13,1,282720,282292,428
20036761,30.1023,28.5995,429,47984,0.0733114,0.15,1,282749,282320,429
20039681,28.2409,26.4398,431,48028,0.0713246,0.15,1,282776,282345,431
20045521,10.9985,11.1904,429,48116,0.0966119,0.15,1,282800,282371,429
20109761,39.768,28.9203,475,49070,0.205555,0.15,1,283399,282924,475
20112681,21.9072,39.7681,438,49113,0.208222,0.15,1,283409,282971,438
20115601,30.9629,21.9072,465,49156,0.209289,0.17,1,283446,282981,465
20118521,33.9852,30.3629,465,49199,0.209716,0.21,1,283482,283017,465
20121441,27.3941,33.7452,452,49242,0.221886,0.17,1,283505,283053,452
20124361,30.1576,27.8981,460,49285,0.238754,0.17,1,283537,283077,460
20127281,31.863,30.9592,460,49328,0.233502,0.15,1,283570,283110,460
20130201,32.5452,31.5837,461,49371,0.243401,0.15,1,283603,283142,461
20133121,29.8181,32.4335,456,49414,0.28336,0.17,1,283631,283175,456
20156481,40.8238,30.4199,477,49754,0.437792,0.21,1,283830,283353,477
20220721,32.9521,31.0084,450,50678,0.783318,0.57,2,284420,283970,450
20223641,32.3808,31.6034,450,50720,0.799327,0.55,2,284452,284002,450
20226561,33.3523,33.6413,449,50762,0.805731,0.57,2,284486,284037,449
20229481,32.5409,31.4565,451,50803,0.820292,0.59,2,284518,284067,451
20232401,27.4164,26.9826,451,50844,0.850117,0.59,2,284542,284091,451
20235321,12.1665,11.993,451,50885,0.838047,0.65,2,284544,284093,451
20238241,27.0666,25.1972,454,50926,0.845219,0.65,2,284581,284127,454
20241161,18.0266,17.2789,454,50967,0.848088,0.67,2,284593,284139,454
20244081,21.0107,20.1116,455,51008,0.873235,0.67,2,284616,284161,455
20247001,9.60426,9.24462,455,51049,0.859294,0.71,2,284618,284163,455
20249921,19.4417,19.2978,455,51090,0.865718,0.71,2,284644,284189,455
20252841,29.3767,29.3191,455,51131,0.880287,0.67,2,284680,284225,455
20255761,41.7507,41.7277,455,51172,0.898115,0.67,2,284730,284275,455
20470381,201.2,213.416,479,24820,0.2452,0.85,1,287188,286709,479
20531701,79.3251,69.7259,460,24990,0.0610451,0.05,1,287734,287274,460
20534621,73.13,78.2903,445,25075,0.030418,0.05,1,287803,287358,445
20537541,70.052,55.3161,473,25160,0.0781672,0.09,1,287871,287398,473
20540461,45.4208,61.1265,437,25244,0.0852669,0.09,1,287900,287463,437
20552141,74.5548,58.6704,479,25578,0.214487,0.09,1,288120,287641,479
20555061,52.0219,57.0682,460,25661,0.223795,0.03,1,288157,287697,460
20557981,62.2088,45.0273,492,25744,0.203518,0.01,1,288226,287734,492
20560901,67.4835,59.4109,494,25826,0.231407,0.11,1,288297,287803,494
20563821,43.7934,64.5644,454,25908,0.242563,0.09,1,288325,287871,454
20566741,27.7174,43.2257,442,25990,0.271025,0.11,1,288342,287900,442
20569661,37.4869,26.2903,471,26072,0.27041,0.13,1,288386,287915,471
20581341,62.0637,51.9994,501,26396,0.413915,0.19,1,288658,288157,501
20584261,68.0255,62.1998,504,26476,0.423566,0.25,1,288730,288226,504
20587181,44.6102,67.4799,462,26556,0.415426,0.25,1,288759,288297,462
20590101,27.4441,43.792,450,26636,0.424171,0.29,1,288775,288325,450
20593021,37.9776,27.7168,478,26716,0.415668,0.27,1,288820,288342,478
20595941,64.9911,37.4867,517,26795,0.412267,0.33,1,288903,288386,517
20598861,79.3964,62.9947,526,26874,0.422907,0.37,1,288992,288466,526
20601781,32.9586,77.3979,441,26953,0.427163,0.37,1,288994,288553,441
20604701,36.5834,53.1591,443,27032,0.440865,0.45,1,289033,288590,443
20610541,65.0133,68.0255,443,27188,0.429338,0.41,1,289173,288730,443
20613461,43.4053,44.6102,443,27266,0.429735,0.43,1,289202,288759,443
20616381,26.9621,27.4441,443,27344,0.405894,0.41,1,289218,288775,443
20619301,37.1849,37.9776,442,27421,0.432358,0.41,1,289262,288820,442
20622221,65.2739,64.9911,443,27498,0.442943,0.43,1,289346,288903,443
20648501,66.3999,65.2739,445,28184,0.773963,0.59,2,289791,289346,445
20651421,82.36,79.5096,449,28259,0.843585,0.59,2,289884,289435,449
20654341,34.144,33.0038,449,28334,0.871434,0.57,2,289886,289437,449
20657261,37.0576,36.0015,450,28409,0.882574,0.57,2,289925,289475,450
20817861,52.2164,32.9736,549,32252,0.855974,1,2,292633,292084,549
20820781,87.4865,64.7894,574,32318,0.80439,1,2,292744,292170,574
20823701,53.5946,83.5158,509,32383,0.783756,1,2,292775,292266,509
20826621,41.2378,44.2063,524,32448,0.823502,1,2,292808,292284,524
20829541,47.0951,42.2825,534,32513,0.815401,0.97,2,292859,292325,534
20832461,38.6381,54.713,504,32578,0.83616,1,2,292892,292388,504
20835381,39.4552,42.2852,510,32643,0.844464,1,2,292932,292422,510
20838301,35.5821,41.5141,502,32708,0.847786,0.97,2,292965,292463,502
20841221,15.4328,40.0056,465,32773,0.849114,0.95,2,292967,292502,465
20844141,30.1731,37.6023,469,32838,0.825646,0.95,2,293007,292538,469
20847061,30.6693,33.0409,470,32902,0.840258,0.79,2,293038,292568,470
20849981,47.0677,52.2164,463,32966,0.846103,0.77,2,293096,292633,463
20852901,85.4271,87.4865,463,33030,0.860441,0.77,2,293207,292744,463
20855821,52.1708,53.5946,462,33094,0.866177,0.85,2,293237,292775,462
20858741,41.2683,41.2378,463,33158,0.844471,0.81,2,293271,292808,463
20861661,47.1073,47.0951,463,33222,0.859788,0.85,2,293322,292859,463
20864581,38.0429,38.6381,462,33286,0.841915,0.85,2,293354,292892,462
20867501,39.2172,39.4552,462,33350,0.834766,0.85,2,293394,292932,462
20870421,35.4869,35.5821,462,33413,0.879906,0.85,2,293427,292965,462
20873341,15.3947,15.4328,462,33476,0.873963,0.81,2,293429,292967,462
20876261,30.1579,30.1731,462,33539,0.883585,0.85,2,293469,293007,462
20990141,31.1699,37.9856,480,35915,0.86536,1,2,295155,294675,480
20993061,41.868,40.3942,487,35974,0.832144,1,2,295204,294717,487
21019341,60.9867,69.5618,470,36499,0.0944087,0.93,1,295570,295100,470
21022261,43.5947,49.4247,466,36557,0.0917635,0.81,1,295602,295136,466
21025181,26.4379,31.1699,462,36615,0.0907054,0.81,1,295617,295155,462
21028101,35.7751,41.868,455,36673,0.0782822,0.59,1,295659,295204,455
21031021,43.1101,49.1472,449,36731,0.0853129,0.53,1,295707,295258,449
21048541,39.4008,42.9167,428,37074,0.201491,0.15,1,295891,295463,428
21051461,31.9603,33.9667,427,37131,0.242596,0.05,1,295918,295491,427
21054381,57.7841,60.9867,423,37188,0.283038,0.05,1,295993,295570,423
21057301,43.5137,24.3947,457,37245,0.299215,0.09,1,296027,295570,457
21063141,36.7222,20.5831,468,37359,0.293874,0.07,1,296085,295617,468
21083581,42.2224,24.9925,482,37752,0.421337,0.23,1,296324,295842,482
21086501,33.689,39.397,461,37808,0.438535,0.27,1,296352,295891,461
21165341,46.2861,45.6836,457,39289,0.757108,0.71,2,297366,296909,457
21168261,19.7144,19.4734,457,39343,0.764843,0.71,2,297368,296911,457
21171181,16.2858,16.1894,457,39397,0.791937,0.73,2,297382,296925,457
21174101,32.9143,33.4758,456,39451,0.814775,0.75,2,297426,296970,456
21177021,41.3657,40.9903,457,39505,0.83591,0.71,2,297473,297016,457
21179941,39.3463,39.1961,457,39558,0.844364,0.69,2,297511,297054,457
21182861,36.1385,36.6784,456,39611,0.859746,0.71,2,297545,297089,456
21185781,33.6554,34.4714,455,39664,0.877898,0.67,2,297577,297122,455
21188701,22.4622,22.1886,456,39717,0.885159,0.75,2,297592,297136,456
21191621,26.3849,25.6754,457,39770,0.888064,0.69,2,297621,297164,457
21355141,35.9606,38.6598,490,42643,0.88839,1,2,299639,299149,490
21358061,49.1842,56.8639,479,42692,0.805356,1,2,299697,299218,479
21428141,26.6347,33.0114,471,43861,0.759486,0.53,2,300446,299975,471
21431061,29.8539,28.8045,477,43909,0.777794,0.47,2,300478,300001,477
21433981,31.1415,30.1218,478,43957,0.797118,0.55,2,300510,300032,478
21436901,34.0566,31.2487,482,44005,0.816847,0.55,2,300546,300064,482
21439821,46.6226,32.8995,503,44053,0.836739,0.55,2,300601,300098,503
21442741,49.8491,44.9598,502,44101,0.892696,0.63,2,300653,300151,502
21445661,28.3396,47.3839,467,44149,0.891078,0.65,2,300667,300200,467
21448581,31.7358,27.3536,487,44197,0.890431,0.65,2,300701,300214,487
21451501,34.2943,31.3414,489,44245,0.890172,0.69,2,300737,300248,489
21454421,30.5177,34.1366,481,44293,0.866069,0.65,2,300765,300284,481
21457341,24.8071,29.8546,475,44341,0.856428,0.71,2,300786,300311,475
21460261,23.1228,24.5419,476,44389,0.852571,0.65,2,300808,300332,476
21463181,31.4491,22.4167,492,44437,0.851028,0.73,2,300845,300353,492
21466101,13.7797,29.9667,459,44484,0.850411,0.77,2,300847,300388,459
21469021,27.7119,33.5867,460,44531,0.886165,0.77,2,300884,300424,460
21489461,28.8219,28.3396,466,44860,0.886852,0.89,2,301133,300667,466
21707001,193.462,192.834,490,21997,0.200909,0.53,1,303519,303029,490
21718681,59.2358,58.8981,453,22380,0.0890953,0.07,1,303739,303286,453
21721601,59.0943,60.1593,451,22475,0.0536381,0.03,1,303798,303347,451
21724521,27.2377,42.0637,427,22569,0.0634552,0.03,1,303804,303377,427
21727441,94.8951,30.6255,544,22663,0.0673821,0.07,1,303944,303400,544
21730361,76.358,83.6502,489,22757,0.0929528,0.13,1,304008,303519,489
21759561,54.928,56.6058,483,23672,0.205367,0.21,1,304592,304109,483
21762481,57.3712,53.8423,490,23762,0.220147,0.17,1,304651,304161,490
21765401,25.3485,58.1369,433,23851,0.226059,0.17,1,304655,304222,433
21768321,92.3394,25.6548,566,23940,0.204423,0.07,1,304792,304226,566
21774161,57.2543,78.6248,428,24117,0.240308,0.17,1,304864,304436,428
21777081,51.7017,59.0499,430,24205,0.270123,0.23,1,304912,304482,430
21780001,56.6807,57.82,433,24293,0.294049,0.21,1,304972,304539,433
21782921,54.4723,54.928,433,24380,0.29162,0.23,1,305025,304592,433
21800441,53.1831,51.7017,436,24897,0.435301,0.31,1,305348,304912,436
21838401,96.2013,24.7658,590,25982,0.780252,0.61,2,306113,305523,590
21841321,39.6805,93.3063,453,26064,0.798101,0.61,2,306115,305662,453
21844241,61.4722,38.5225,527,26145,0.79324,0.67,2,306191,305664,527
21847161,55.1889,60.409,503,26226,0.791296,0.65,2,306242,305739,503
21850081,59.8756,55.3636,514,26307,0.838518,0.67,2,306305,305791,514
21853001,57.5502,57.5454,511,26388,0.869407,0.71,2,306361,305850,511
21961041,64.8634,52.439,544,29211,0.81496,1,2,308320,307776,544
21975641,44.1752,51.4765,516,29571,0.095638,1,1,308587,308071,516
21978561,36.2701,48.7906,500,29643,0.0382552,1,1,308618,308118,500
21981481,46.908,35.1162,528,29714,0.0693021,0.96,1,308672,308144,528
21984401,39.1632,47.6465,506,29785,0.0277208,0.97,1,308706,308200,506
21987321,16.8653,43.6586,467,29856,0.0410883,0.71,1,308708,308241,467
21990241,47.5461,64.8634,456,29927,0.0164353,0.63,1,308776,308320,456
21993161,38.8184,46.3454,455,29998,0.0365741,0.39,1,308809,308354,455
21996081,73.1274,82.7382,444,30069,0.0566297,0.29,1,308905,308461,444
21999001,44.251,54.0953,434,30139,0.0766519,0.07,1,308930,308496,434
22001921,42.3004,53.4381,422,30209,0.0306607,0.03,1,308971,308549,422
22004841,41.5202,44.1752,425,30279,0.0182643,0,1,309012,308587,425
22007761,33.4081,36.2701,422,30349,0.0253057,0.09,1,309040,308618,422
22010681,46.9632,46.908,424,30419,0.0521223,0,1,309096,308672,424
22013601,37.9853,39.1632,422,30489,0.0388489,0.05,1,309128,308706,422
22016521,16.3941,16.8653,422,30558,0.0155396,0,1,309130,308708,422
22019441,47.3576,47.5461,422,30627,0.0242158,0.05,1,309198,308776,422
22022361,41.7431,38.8184,427,30696,0.00968633,0.07,1,309236,308809,427
22025281,72.4972,73.1274,424,30765,0.0578745,0.09,1,309329,308905,424
22034041,42.0798,41.5202,425,30971,0.082184,0.03,1,309437,309012,425
22036961,31.8319,33.4081,422,31039,0.0748736,0.07,1,309462,309040,422
22039881,48.1328,46.9632,425,31107,0.0479494,0.03,1,309521,309096,425
22042801,36.6531,37.9853,422,31175,0.0251798,0,1,309550,309128,422
22045721,15.8612,16.3941,422,31243,0.0100719,0.03,1,309552,309130,422
22048641,47.1445,47.3576,422,31311,0.0340288,0.03,1,309620,309198,422
22051561,42.2578,18.9431,461,31379,0.0316115,0,1,309659,309198,461
22054481,72.7031,30.3772,516,31446,0.0906446,0.09,1,309752,309236,516
22066161,30.69,41.7889,447,31714,0.200609,0.07,1,309884,309437,447
22072001,35.8704,48.0862,450,31848,0.0860974,0.01,1,309971,309521,450
22074921,15.5482,36.6345,423,31914,0.0524389,0,1,309973,309550,423
22077841,47.0193,15.8538,489,31980,0.0269756,0.05,1,310041,309552,489
22080761,43.4077,47.1415,462,32046,0.0287902,0.03,1,310082,309620,462
22083681,75.5631,42.2566,520,32112,0.0295161,0.13,1,310179,309659,520
22086601,47.6252,72.7026,456,32178,0.0298064,0.17,1,310208,309752,456
22089521,45.4501,45.2811,473,32244,0.0299226,0.21,1,310252,309779,473
22092441,41.58,43.3124,470,32310,0.053969,0.19,1,310291,309821,470
22095361,31.032,40.725,455,32375,0.0875876,0.21,1,310315,309860,455
22098281,43.0128,30.69,482,32440,0.089035,0.05,1,310366,309884,482
22101201,33.4051,47.676,450,32505,0.077614,0.07,1,310393,309943,450
22104121,14.562,35.8704,424,32570,0.0730456,0.03,1,310395,309971,424
22107041,46.6248,15.5482,490,32635,0.0292182,0.01,1,310463,309973,490
22109961,43.2499,47.0193,463,32700,0.0296873,0.03,1,310504,310041,463
22112881,75.5,43.4077,519,32765,0.0898749,0.03,1,310601,310082,519
22130401,42.4156,43.0128,426,33150,0.200376,0.07,1,310792,310366,426
22133321,32.5662,33.4051,425,33214,0.218151,0.07,1,310818,310393,425
22136241,14.2265,14.562,425,33278,0.20126,0,1,310820,310395,425
22139161,45.2906,46.6248,423,33342,0.206504,0.03,1,310886,310463,423
22142081,42.7162,43.2499,423,33405,0.220602,0.13,1,310927,310504,423
22145001,78.8865,75.5,429,33468,0.214241,0.13,1,311030,310601,429
22147921,32.7546,31.4,429,33531,0.211696,0.21,1,311032,310603,429
22150841,30.5018,29.36,430,33594,0.246679,0.21,1,311061,310631,430
22153761,39.2007,38.744,430,33657,0.272671,0.17,1,311106,310676,430
22156681,40.2803,40.0976,430,33720,0.271069,0.19,1,311147,310717,430
22171281,44.7885,45.2906,430,34032,0.438933,0.23,1,311316,310886,430
22174201,43.1154,42.7162,431,34094,0.433573,0.21,1,311358,310927,431
22177121,79.0462,78.8865,431,34156,0.443429,0.21,1,311461,311030,431
22180041,32.8185,32.7546,431,34218,0.447372,0.21,1,311463,311032,431
22182961,31.1274,13.1018,461,34280,0.448949,0.27,1,311493,311032,461
22235521,47.1292,15.2594,521,35373,0.752813,0.69,2,312213,311692,521
22238441,44.6517,45.7038,498,35433,0.751125,0.71,2,312256,311758,498
22241361,79.6607,43.4815,559,35493,0.76245,0.73,2,312359,311800,559
22244281,33.0643,78.5926,459,35553,0.76698,0.73,2,312361,311902,459
22247201,32.4257,32.637,489,35612,0.768792,0.67,2,312393,311904,489
22250121,42.9703,32.8548,506,35671,0.793517,0.71,2,312443,311937,506
22253041,18.3881,43.1419,458,35730,0.803407,0.73,2,312445,311987,458
22255961,32.5552,42.4568,458,35789,0.867363,0.71,2,312487,312029,458
22401961,33.4108,27.2817,528,38630,0.89512,1,2,314452,313924,528
22404881,34.9643,49.9127,499,38685,0.898048,1,2,314488,313989,499
22410721,25.0343,31.746,496,38795,0.891288,1,2,314539,314043,496
22413641,30.4137,35.4984,492,38849,0.890515,1,2,314573,314081,492
22416561,33.1655,40.5994,483,38903,0.830206,1,2,314608,314125,483
22498321,54.6756,76.2027,485,40395,0.784998,0.57,2,315658,315173,485
22501241,35.6702,53.2811,470,40447,0.823999,0.57,2,315681,315211,470
22504161,28.6681,33.9124,473,40499,0.8396,0.63,2,315705,315232,473
22507081,24.6672,27.365,472,40551,0.84584,0.59,2,315727,315255,472
22510001,35.0669,25.346,490,40603,0.860336,0.59,2,315769,315279,490
22512921,21.2268,34.1384,462,40655,0.866134,0.61,2,315781,315319,462
22515841,25.2907,20.2554,479,40707,0.880454,0.63,2,315809,315330,479
22518761,31.7163,25.5021,486,40759,0.886181,0.57,2,315845,315359,486
22521681,34.2865,31.2009,487,40811,0.864473,0.65,2,315881,315394,487
22524601,25.7146,32.8803,473,40863,0.855789,0.63,2,315901,315428,473
22527521,31.2858,23.9521,490,40915,0.876316,0.73,2,315936,315446,490
22778641,26.5185,29.3166,511,45134,0.896012,1,2,318894,318383,511
23004941,328.455,352.055,482,21900,0.418,0.05,1,321548,321066,482
23041441,93.2851,110.611,432,22817,0.041632,0,1,321949,321517,432
23044361,42.114,49.6446,431,22910,0.0466528,0.03,1,321957,321526,431
23047281,67.2456,33.0578,493,23003,0.0486611,0.03,1,322041,321548,493
23050201,71.8982,69.6231,474,23095,0.0494644,0.01,1,322116,321642,474
23053121,62.9593,78.8493,446,23187,0.0377858,0.09,1,322173,321727,446
23056041,56.9837,55.5397,459,23278,0.0571143,0.03,1,322226,321767,459
23058961,82.1935,61.2159,493,23369,0.0528457,0.05,1,322325,321832,493
23061881,61.0774,66.4864,470,23460,0.0211383,0,1,322372,321902,470
23064801,30.431,54.7945,433,23550,0.0264553,0.05,1,322382,321949,433
23067721,62.5724,26.7178,509,23640,0.0285821,0.05,1,322466,321957,509
23070641,68.829,61.0871,498,23730,0.0894329,0.05,1,322539,322041,498
23085241,54.3227,61.0143,423,24173,0.0464486,0.03,1,322795,322372,423
23088161,27.7291,30.4057,423,24261,0.0245794,0.03,1,322805,322382,423
23091081,61.4916,62.5623,423,24348,0.0398318,0.13,1,322889,322466,423
23094001,71.3967,68.8249,428,24435,0.0579327,0.13,1,322967,322539,428
23096921,62.7587,61.73,428,24522,0.0891731,0.19,1,323024,322596,428
23111521,26.9217,27.7291,422,24951,0.0801227,0.05,1,323227,322805,422
23114441,61.1687,61.4916,422,25036,0.0620491,0.07,1,323311,322889,422
23117361,71.8675,71.3967,423,25121,0.0668196,0.11,1,323390,322967,423
23120281,64.747,62.7587,426,25205,0.0567279,0.21,1,323450,323024,426
23164081,69.953,59.3278,506,26438,0.201733,0.11,1,324238,323732,506
23167001,65.1812,71.7311,488,26518,0.218693,0.13,1,324300,323812,488
23169921,66.8725,65.2925,495,26598,0.249477,0.13,1,324368,323873,495
23172841,27.949,66.317,430,26678,0.285791,0.13,1,324370,323940,430
23187441,52.7713,57.8826,432,27072,0.415448,0.21,1,324592,324160,432
23190361,67.9085,69.953,432,27150,0.448179,0.23,1,324670,324238,432
23228321,68.3247,64.7577,449,28147,0.785842,0.57,2,325343,324894,449
23231241,54.3299,52.3031,450,28222,0.824337,0.59,2,325388,324938,450
23234161,30.1319,28.7212,451,28297,0.851735,0.59,2,325402,324951,451
23237081,13.2528,12.6885,451,28372,0.862694,0.59,2,325404,324953,451
23240001,55.7011,5.0754,535,28447,0.879078,0.71,2,325488,324953,535
23371401,42.0447,62.773,511,31620,0.8692,1,2,327745,327234,511
23374321,37.8179,49.7092,505,31687,0.76168,1,2,327780,327275,505
23383081,73.7003,40.7174,567,31887,0.237628,1,1,327948,327381,567
23388921,47.1921,49.8348,516,32019,0.0560204,1,1,328028,327512,516
23391841,43.4768,37.9339,527,32085,0.0764082,1,1,328069,327542,527
23394761,42.5907,53.5736,505,32151,0.0605633,1,1,328111,327606,505
23397681,57.8363,40.0294,542,32217,0.0422253,0.93,1,328179,327637,542
23400601,38.1345,64.6118,486,32283,0.0348901,0.81,1,328204,327718,486
23403521,31.4538,42.0447,486,32349,0.043956,0.69,1,328231,327745,486
23406441,34.1815,37.8179,487,32414,0.0475824,0.53,1,328267,327780,487
23409361,23.8726,39.1272,464,32479,0.037033,0.45,1,328284,327820,464
23412281,61.149,31.2509,524,32544,0.0328132,0.05,1,328370,327846,524
23415201,46.6596,73.7003,459,32609,0.0431253,0.05,1,328407,327948,459
23418121,43.8638,50.4801,466,32674,0.0592501,0.01,1,328449,327983,466
23421041,42.1455,47.1921,462,32739,0.0417,0.09,1,328490,328028,462
23423961,18.0582,43.4768,423,32804,0.01668,0.05,1,328492,328069,423
23426881,34.2233,42.5907,426,32868,0.048672,0.03,1,328537,328111,426
23429801,52.0893,57.8363,422,32932,0.0734688,0.03,1,328601,328179,422
23432721,36.4357,38.1345,423,32996,0.0833875,0.05,1,328627,328204,423
23435641,30.7743,31.4538,423,33060,0.039355,0.05,1,328654,328231,423
23438561,35.1097,34.1815,425,33124,0.021742,0.03,1,328692,328267,425
23441481,22.4439,23.8726,422,33188,0.0146968,0.03,1,328706,328284,422
23444401,62.9776,61.149,426,33252,0.0118787,0.05,1,328796,328370,426
23447321,47.391,46.6596,426,33316,0.0227515,0.07,1,328833,328407,426
23450241,41.7564,43.8638,422,33379,0.0511006,0.03,1,328871,328449,422
23453161,41.9026,42.1455,423,33442,0.0264402,0,1,328913,328490,423
23456081,17.961,18.0582,423,33505,0.0285761,0.07,1,328915,328492,423
23459001,34.1844,34.2233,423,33568,0.0834304,0.09,1,328960,328537,423
23473601,22.2668,22.4439,422,33883,0.0745343,0.01,1,329128,328706,422
23476521,63.5067,62.9776,423,33945,0.0358137,0.03,1,329219,328796,423
23479441,47.6027,47.391,423,34007,0.0563255,0.07,1,329256,328833,423
23485281,41.6964,41.9026,422,34131,0.0402121,0.03,1,329335,328913,422
23488201,17.8786,17.961,422,34193,0.0340848,0.12,1,329337,328915,422
23491121,35.9514,34.1844,425,34255,0.0556339,0.12,1,329385,328960,425
23494041,55.1806,13.6738,493,34317,0.0642536,0.15,1,329453,328960,493
23496961,37.6722,44.4695,454,34379,0.0797014,0.19,1,329479,329025,454
23499881,28.2689,33.3878,450,34441,0.0858806,0.13,1,329501,329051,450
23502801,32.9076,28.3551,461,34502,0.0883522,0.09,1,329537,329076,461
23505721,20.363,34.142,435,34563,0.0893409,0.05,1,329549,329114,435
23508641,63.3452,22.0568,513,34624,0.0537364,0.01,1,329641,329128,513
23511561,49.3381,63.4227,462,34685,0.0274945,0.07,1,329681,329219,462
23514481,41.9352,47.5691,462,34746,0.0289978,0.13,1,329718,329256,462
23517401,39.5741,41.2276,463,34807,0.0175991,0,1,329756,329293,463
23520321,17.0296,41.6911,423,34868,0.0250397,0.03,1,329758,329335,423
23523241,36.2119,17.8764,470,34929,0.0280159,0.07,1,329807,329337,470
23526161,57.0847,35.9506,493,34990,0.0412063,0.07,1,329878,329385,493
23529081,38.4339,55.1802,451,35050,0.0584825,0.09,1,329904,329453,451
23532001,28.5736,37.6721,447,35110,0.077393,0.09,1,329926,329479,447
23552441,17.2425,39.5741,425,35530,0.0955066,0.03,1,330181,329756,425
23555361,35.697,17.0296,471,35589,0.0562027,0.03,1,330229,329758,471
23558281,57.4788,36.2119,494,35648,0.0644811,0.05,1,330301,329807,494
23561201,24.1915,57.0847,425,35707,0.0677924,0.07,1,330303,329878,425
23564121,25.8766,38.4339,426,35766,0.081117,0.09,1,330330,329904,426
23567041,23.5506,28.5736,426,35825,0.0984468,0.15,1,330352,329926,426
23593321,57.708,57.4788,425,36353,0.205806,0.07,1,330726,330301,425
23596241,24.2832,24.1915,425,36411,0.244323,0.09,1,330728,330303,425
23599161,25.9133,25.8766,425,36469,0.259729,0.11,1,330755,330330,425
23625441,37.0114,36.27,431,36987,0.413038,0.23,1,331085,330654,431
23628361,59.2046,57.708,433,37044,0.447215,0.27,1,331159,330726,433
23707201,25.7248,28.8646,474,38555,0.761434,0.59,2,332111,331637,474
23710121,37.2899,25.3458,496,38610,0.778573,0.63,2,332156,331660,496
23713041,16.116,36.5383,454,38665,0.785429,0.63,2,332158,331704,454
23715961,12.4464,20.6153,454,38720,0.788172,0.63,2,332168,331714,454
23718881,63.7786,66.4461,455,38775,0.825269,0.71,2,332266,331811,455
23721801,49.5114,49.3785,457,38829,0.864107,0.71,2,332306,331849,457
23724721,43.8046,43.7514,457,38883,0.879643,0.73,2,332346,331889,457
23727641,39.7218,39.1006,458,38937,0.897857,0.73,2,332383,331925,458
23859041,29.7542,27.1406,514,41305,0.863786,1,2,334006,333492,514
23861961,29.9017,28.2562,515,41356,0.807514,1,2,334036,333521,515
23864881,31.1607,37.7025,503,41407,0.773006,1,2,334068,333565,503
23882401,36.805,43.308,480,41713,0.435068,0.9,1,334278,333798,480
23888241,31.9288,28.6493,486,41815,0.404411,0.9,1,334334,333848,486
23902841,27.6658,29.9017,462,42065,0.299696,0.75,1,334498,334036,462
23926201,26.7044,27.322,440,42465,0.403912,0.41,1,334739,334299,440
23929121,31.0818,31.9288,439,42515,0.431565,0.37,1,334773,334334,439
24013801,51.7497,32.9608,517,43931,0.753425,0.67,2,335734,335217,517
24016721,35.0999,50.9843,478,43979,0.77537,0.69,2,335758,335280,478
24019641,27.2399,34.1937,477,44027,0.784148,0.67,2,335780,335303,477
24022561,28.296,26.2775,485,44075,0.811659,0.73,2,335809,335324,485
24025481,28.1184,27.311,485,44123,0.822664,0.73,2,335837,335352,485
24028401,30.4474,27.7244,489,44171,0.827066,0.69,2,335869,335380,489
24031321,26.5789,31.4898,479,44219,0.828826,0.67,2,335893,335414,479
24034241,40.0316,27.5959,503,44267,0.86553,0.69,2,335942,335439,503
24291201,123.43,126.697,493,22093,0.25912,0.69,1,338840,338347,493
24294121,75.172,81.8788,484,22189,0.229648,0.47,1,338883,338399,484
24297041,73.2688,82.5515,473,22285,0.253859,0.37,1,338955,338482,473
24299961,67.7075,73.2206,470,22380,0.263544,0.17,1,339019,338549,470
24329161,74.1579,36.5073,536,23310,0.43578,0.35,1,339622,339086,536
24367121,49.4491,49.3987,452,24467,0.770273,0.61,2,340385,339933,452
24370041,37.7796,37.7595,452,24554,0.782109,0.63,2,340415,339963,452
24372961,78.1119,77.5038,453,24640,0.858844,0.63,2,340520,340067,453
24375881,32.4447,32.2015,453,24726,0.889538,0.69,2,340522,340069,453
24501441,54.4078,66.6848,474,28176,0.8908,1,2,343013,342539,474
24504361,55.3631,48.8739,493,28251,0.84232,1,2,343069,342576,493
24507281,48.5453,38.7496,505,28326,0.810928,1,2,343113,342608,505
24510201,46.4181,53.2998,487,28401,0.750371,1,2,343158,342671,487
24527721,50.7595,68.1921,508,28846,0.295653,0.85,1,343476,342968,508
24536481,43.2326,48.5243,499,29065,0.0878018,0.71,1,343612,343113,499
24539401,36.493,46.4097,486,29138,0.0651207,0.65,1,343644,343158,486
24548161,60.8716,49.8662,518,29355,0.0970477,0.41,1,343815,343297,518
24574441,43.1363,45.6789,427,29998,0.219932,0.09,1,344171,343744,427
24577361,59.2545,60.8716,426,30069,0.249973,0.11,1,344241,343815,426
24580281,54.9018,54.9486,427,30139,0.249989,0.13,1,344293,343866,427
24583201,46.5607,45.9794,428,30209,0.237996,0.13,1,344334,343906,428
24586121,49.8243,48.3918,430,30279,0.293198,0.17,1,344386,343956,430
24603641,44.947,43.1363,432,30696,0.40981,0.27,1,344603,344171,432
24606561,60.5788,59.2545,433,30765,0.445924,0.25,1,344674,344241,433
24609481,56.0315,54.9018,434,30834,0.44837,0.23,1,344727,344293,434
24612401,46.4126,46.5607,433,30903,0.449348,0.33,1,344767,344334,433
24664961,64.4153,45.2416,522,32112,0.771746,0.57,2,345566,345044,522
24667881,56.9661,61.2966,502,32178,0.806699,0.59,2,345618,345116,502
24670801,46.7864,55.7187,490,32244,0.820679,0.59,2,345658,345168,490
24673721,52.9146,46.2875,507,32310,0.838272,0.57,2,345715,345208,507
24676641,46.3658,53.315,491,32375,0.857309,0.63,2,345757,345266,491
24679561,46.7463,44.726,499,32440,0.888923,0.65,2,345804,345305,499
24913161,35.1684,21.6125,550,37294,0.872483,1,2,349157,348607,550
24916081,34.4674,49.445,516,37351,0.864993,1,2,349191,348675,516
25111721,28.262,29.4863,532,40967,0.868893,1,2,351718,351186,532
25114641,28.1048,33.3945,524,41019,0.851557,1,2,351746,351222,524
25117561,34.6419,45.7578,509,41070,0.838623,1,2,351785,351276,509
25132161,35.0837,32.6737,522,41325,0.441922,1,1,352003,351481,522
25143841,29.7605,29.4684,507,41529,0.426561,1,1,352128,351621,507
25152601,20.7927,28.262,471,41682,0.43362,0.84,1,352189,351718,471
25155521,21.5171,28.1048,465,41733,0.419448,0.83,1,352211,351746,465
25199321,31.6707,29.6068,446,42485,0.755676,0.53,2,352692,352246,446
25202241,52.2683,50.8427,447,42535,0.76427,0.57,2,352758,352311,447
25205161,43.1073,41.9371,448,42585,0.755708,0.59,2,352795,352347,448
25208081,39.4429,38.9748,448,42635,0.764283,0.57,2,352832,352384,448
25211001,33.1772,31.7899,450,42684,0.779713,0.55,2,352861,352411,450
25213921,35.4709,35.516,449,42733,0.809885,0.57,2,352898,352449,449
25216841,32.7883,31.6064,451,42782,0.809954,0.67,2,352929,352478,451
25219761,40.7153,39.0426,453,42831,0.785982,0.63,2,352975,352522,453
25222681,25.8861,24.017,455,42880,0.776393,0.67,2,352991,352536,455
25225601,29.5545,28.8068,455,42929,0.808557,0.69,2,353023,352568,455
25228521,29.2218,28.3227,456,42978,0.833423,0.71,2,353052,352596,456
25231441,21.2887,19.7291,458,43027,0.819369,0.71,2,353068,352610,458
25234361,21.7155,7.89164,480,43076,0.789748,0.77,2,353090,352610,480
25237281,20.6862,16.9567,477,43125,0.777899,0.73,2,353110,352633,477
25240201,32.8745,18.7827,498,43174,0.77316,0.77,2,353151,352653,498
25243121,52.7498,30.9131,525,43223,0.795264,0.77,2,353217,352692,525
25246041,42.6999,51.9652,495,43272,0.804106,0.75,2,353253,352758,495
25248961,38.68,42.9861,494,43321,0.807642,0.77,2,353289,352795,494
25251881,33.472,39.3944,487,43370,0.821057,0.79,2,353319,352832,487
25254801,36.7888,33.1578,497,43419,0.862423,0.83,2,353358,352861,497
25424161,29.2807,35.9921,518,46151,0.892,1,2,355240,354722,518
25432921,32.642,35.6395,513,46289,0.830128,1,2,355343,354830,513
25447521,26.1419,30.1989,507,46516,0.405336,1,1,355496,354989,507
25450441,39.8568,24.0795,536,46561,0.252134,1,1,355545,355009,536
25456281,24.4971,36.2527,502,46651,0.0847415,1,1,355595,355093,502
25459201,23.5988,25.9011,506,46696,0.0338966,1,1,355618,355112,506
25462121,32.2395,27.7604,515,46741,0.0315586,1,1,355656,355141,515
25465041,33.8958,34.5042,511,46786,0.0186235,1,1,355691,355180,511
25467961,26.1583,34.2017,498,46831,0.0254494,0.82,1,355712,355214,498
25470881,29.6633,29.2807,504,46876,0.0281798,0.94,1,355744,355240,504
25473801,30.4653,34.5123,497,46921,0.0412719,0.97,1,355775,355278,497
25476721,27.7861,33.6049,490,46966,0.0345088,0.75,1,355801,355311,490
25479641,22.5145,32.642,477,47011,0.0318035,0.67,1,355820,355343,477
25482561,27.6058,29.8568,480,47056,0.0127214,0.61,1,355851,355371,480
25485481,30.8423,32.3427,479,47101,0.0350886,0.57,1,355884,355405,479
25488401,28.5369,35.1371,469,47146,0.0440354,0.41,1,355911,355442,469
25491321,21.0148,33.8548,452,47191,0.0356142,0.35,1,355927,355475,452
25494241,34.2059,26.1419,474,47236,0.0202457,0.15,1,355970,355496,474
25497161,33.4824,39.8568,458,47281,0.0500983,0.11,1,356003,355545,458
25500081,21.1929,35.7427,438,47326,0.0860393,0.03,1,356016,355578,438
25503001,23.4772,24.4971,446,47371,0.0344157,0,1,356041,355595,446
25505921,10.5909,23.5988,425,47415,0.0197663,0.03,1,356043,355618,425
25508841,27.6363,32.2395,426,47459,0.0259065,0.01,1,356082,355656,426
25511761,29.6545,33.8958,422,47503,0.0523626,0.03,1,356113,355691,422
25514681,24.4618,26.1583,422,47547,0.026945,0.03,1,356134,355712,422
25517601,28.9847,29.6633,422,47591,0.028778,0.05,1,356166,355744,422
25520521,30.7939,30.4653,423,47635,0.0655112,0.03,1,356198,355775,423
25523441,27.9176,27.7861,423,47679,0.0322045,0.03,1,356224,355801,423
25526361,22.567,22.5145,423,47723,0.0788818,0,1,356243,355820,423
25529281,28.2268,27.6058,424,47767,0.0495527,0.05,1,356275,355851,424
25532201,31.6907,30.8423,425,47811,0.0858211,0.05,1,356309,355884,425
25535121,27.6763,28.5369,423,47855,0.0883284,0.03,1,356334,355911,423
25538041,20.6705,21.0148,423,47899,0.0653314,0.01,1,356350,355927,423
25540961,34.6682,34.2059,424,47943,0.0321325,0.07,1,356394,355970,424
25543881,34.8673,33.4824,426,47987,0.066853,0.11,1,356429,356003,426
25546801,21.1469,21.1929,425,48031,0.0687412,0,1,356441,356016,425
25549721,22.2588,23.4772,423,48075,0.0694965,0.01,1,356464,356041,423
25552641,10.1035,10.5909,423,48119,0.0457986,0.03,1,356466,356043,423
25555561,26.8414,27.6363,422,48163,0.0363194,0.07,1,356504,356082,422
25558481,29.9366,29.6545,423,48207,0.0565278,0.01,1,356536,356113,423
25561401,23.9746,24.4618,422,48251,0.0526111,0.03,1,356556,356134,422
25564321,29.3899,28.9847,423,48295,0.0270444,0.09,1,356589,356166,423
25567241,32.7559,30.7939,426,48339,0.0528178,0.01,1,356624,356198,426
25570161,26.3024,27.9176,422,48383,0.0391271,0.11,1,356646,356224,422
25573081,22.5209,22.567,423,48427,0.0456508,0.03,1,356666,356243,423
25576001,28.2084,28.2268,423,48471,0.0242603,0.11,1,356698,356275,423
25578921,32.8834,31.6907,425,48514,0.0157041,0.09,1,356734,356309,425
25581841,27.5533,27.6763,424,48557,0.0242817,0.05,1,356758,356334,424
25584761,20.6213,20.6705,424,48600,0.0277127,0.01,1,356774,356350,424
25587681,33.4485,34.6682,422,48643,0.0530851,0.09,1,356816,356394,422
25590601,36.1794,34.8673,425,48686,0.075234,0.07,1,356854,356429,425
25593521,22.2718,21.1469,426,48729,0.0960936,0.07,1,356867,356441,426
25611041,29.1936,21.3978,455,48987,0.0592934,0.01,1,357011,356556,455
25613961,32.6774,28.3591,457,49030,0.0537174,0.07,1,357046,356589,457
25616881,25.671,32.3437,443,49073,0.063487,0.03,1,357067,356624,443
25619801,22.2684,26.1375,441,49116,0.0553948,0.05,1,357087,356646,441
25622721,28.1074,22.455,453,49159,0.0401579,0.01,1,357119,356666,453
25625641,32.8429,28.182,457,49202,0.0340632,0.01,1,357155,356698,457
25628561,28.1372,32.8728,446,49245,0.0556253,0.03,1,357180,356734,446
25631481,20.8549,27.5491,438,49288,0.0642501,0.03,1,357196,356758,438
25634401,33.5419,20.6196,464,49331,0.0917,0.07,1,357238,356774,464
25649001,26.1108,9.56346,463,49546,0.235918,0.15,1,357352,356889,463
25651921,30.2443,26.0254,459,49589,0.268367,0.11,1,357385,356926,459
25654841,22.8977,30.2102,444,49631,0.281347,0.09,1,357403,356959,444
25660681,32.4636,29.1936,458,49715,0.298216,0.05,1,357469,357011,458
25663601,25.5855,32.6774,444,49757,0.293286,0.07,1,357490,357046,444
25666521,22.2342,25.671,443,49799,0.291314,0.05,1,357510,357067,443
25689881,22.3935,23.6067,450,50135,0.29947,0.19,1,357743,357293,450
25692801,10.1574,21.4427,432,50177,0.293788,0.19,1,357745,357313,432
25695721,28.663,9.77707,471,50219,0.291515,0.27,1,357786,357315,471
25698641,31.8652,26.1108,468,50261,0.290606,0.29,1,357820,357352,468
25704481,10.8584,22.8977,438,50345,0.282897,0.33,1,357841,357403,438
25722001,33.1128,33.5575,436,50597,0.426037,0.29,1,358014,357578,436
25724921,28.8451,29.023,436,50639,0.440415,0.31,1,358040,357604,436
25727841,22.3381,21.8092,437,50681,0.422166,0.35,1,358058,357621,437
25730761,35.9352,34.5237,439,50723,0.414866,0.31,1,358103,357664,439
25733681,39.5741,40.2095,437,50765,0.447947,0.31,1,358145,357708,437
25739521,21.6919,22.3935,436,50847,0.442471,0.29,1,358179,357743,436
25742441,9.87674,10.1574,436,50888,0.434989,0.29,1,358181,357745,436
25835881,24.9008,40.2116,466,52195,0.77149,0.67,2,359054,358588,466
25838801,21.9603,24.4846,472,52235,0.782596,0.65,2,359074,358602,472
25841721,9.98412,22.3938,453,52275,0.787038,0.65,2,359076,358623,453
25844641,27.9936,10.1575,491,52315,0.800815,0.65,2,359116,358625,491
25847561,35.1975,28.063,491,52355,0.806326,0.65,2,359156,358665,491
25850481,29.079,34.0252,478,52395,0.83253,0.73,2,359181,358703,478
25853401,12.8316,26.8101,458,52435,0.843012,0.69,2,359183,358725,458
25856321,21.9326,11.924,484,52475,0.859205,0.73,2,359211,358727,484
26141021,167.447,170.533,492,25633,0.2356,0.55,1,362143,361651,492
26143941,87.3788,108.413,459,25716,0.20824,0.51,1,362177,361718,459
26152701,40.2002,32.0184,469,25962,0.201247,0.31,1,362272,361803,469
26155621,57.4801,63.2074,454,26044,0.230499,0.23,1,362341,361887,454
26158541,77.592,56.4829,493,26125,0.2302,0.19,1,362432,361939,493
26161461,59.8368,71.7932,459,26206,0.24208,0.17,1,362480,362021,459
26164381,77.9347,67.7173,484,26287,0.270832,0.13,1,362570,362086,484
26167301,51.5739,61.2869,461,26368,0.270333,0.19,1,362604,362143,461
26170221,41.6296,44.9148,462,26448,0.282133,0.17,1,362639,362177,462
26173141,26.8518,37.7659,446,26528,0.286853,0.19,1,362656,362210,446
26181901,78.5905,56.393,524,26767,0.406919,0.23,1,362865,362341,524
26184821,60.2362,77.1572,481,26846,0.420767,0.25,1,362913,362432,481
26187741,25.2945,59.6629,435,26925,0.426307,0.29,1,362915,362480,435
26214021,25.8469,25.2944,443,27625,0.762191,0.49,2,363358,362915,443
26216941,65.5388,64.7178,444,27702,0.802876,0.49,2,363450,363006,444
26219861,49.0155,46.8871,447,27778,0.807151,0.55,2,363488,363041,447
26222781,40.0062,39.1548,447,27854,0.79686,0.53,2,363522,363075,447
26225701,27.4025,25.8619,449,27930,0.804744,0.63,2,363541,363092,449
26228621,40.961,39.1448,451,28006,0.807898,0.65,2,363591,363140,451
26231541,61.3844,58.8579,454,28082,0.809159,0.71,2,363666,363212,454
26234461,83.3538,80.5432,457,28157,0.821664,0.75,2,363764,363307,457
26237381,64.5415,61.6173,460,28232,0.850665,0.79,2,363816,363356,460
26240301,27.0166,25.8469,460,28307,0.862266,0.83,2,363818,363358,460
26243221,66.6066,65.5388,461,28382,0.866906,0.83,2,363911,363450,461
26246141,48.2427,26.2155,497,28457,0.868763,0.81,2,363947,363450,497
26249061,40.2971,33.2862,494,28531,0.869505,0.79,2,363982,363488,494
26251981,26.9188,33.7145,478,28605,0.869802,0.81,2,364000,363522,478
26254901,40.7675,24.8858,509,28679,0.869921,0.81,2,364050,363541,509
26371701,33.4506,28.1209,528,31496,0.884917,1,2,366021,365493,528
26374621,75.1803,52.6484,562,31563,0.779967,1,2,366124,365562,562
26444701,50.0807,49.0497,452,33134,0.789008,0.63,2,367179,366727,452
26447621,48.8323,47.8199,453,33198,0.813603,0.61,2,367227,366774,453
26450541,41.7329,41.328,453,33262,0.847441,0.63,2,367264,366811,453
26453461,39.4932,39.3312,453,33326,0.860976,0.59,2,367302,366849,453
26456381,30.1973,30.1325,453,33389,0.866391,0.63,2,367326,366873,453
26459301,24.0789,24.053,453,33452,0.868556,0.63,2,367346,366893,453
26462221,10.8316,10.8212,453,33515,0.869422,0.71,2,367348,366895,453
26599461,64.4961,66.6557,485,36361,0.873712,1,2,369384,368899,485
26602381,31.1985,36.8623,477,36419,0.883485,1,2,369393,368916,477
26605301,47.8794,48.3449,480,36477,0.887394,1,2,369452,368972,480
26608221,43.1518,41.538,483,36535,0.840958,1,2,369492,369009,483
26657861,27.0336,41.1017,472,37507,0.763434,0.65,2,370144,369672,472
26660781,24.0134,27.8407,475,37563,0.803374,0.69,2,370166,369691,475
26663701,24.0054,25.5363,475,37619,0.819349,0.65,2,370190,369715,475
26666621,25.2021,23.4145,479,37675,0.82574,0.65,2,370216,369737,479
26669541,62.8809,23.7658,543,37731,0.828296,0.73,2,370304,369761,543
26672461,31.1523,62.3063,465,37787,0.829318,0.71,2,370314,369849,465
26675381,48.4609,30.3225,516,37843,0.865727,0.73,2,370374,369858,516
26678301,39.7844,47.529,491,37899,0.880291,0.65,2,370408,369917,491
26827221,40.0562,41.089,519,40642,0.8932,1,2,372326,371807,519
26830141,35.2225,34.4356,521,40694,0.86728,1,2,372358,371837,521
26833061,41.689,43.1742,518,40746,0.856912,1,2,372404,371886,518
26835981,38.2756,37.0697,521,40798,0.852765,1,2,372440,371919,521
26838901,36.9102,35.2279,523,40850,0.827106,1,2,372476,371953,523
26841821,33.3641,35.6912,518,40902,0.804842,1,2,372507,371989,518
26906061,35.8722,39.5933,450,42022,0.768397,0.61,2,373246,372796,450
26908981,31.7489,32.0373,452,42072,0.793359,0.57,2,373275,372823,452
26911901,37.2996,37.4149,452,42122,0.815344,0.61,2,373316,372864,452
26914821,35.3198,34.166,454,42172,0.836137,0.61,2,373350,372896,454
26917741,35.7279,36.4664,452,42222,0.880455,0.61,2,373386,372934,452
26920661,15.4912,15.7866,452,42272,0.898182,0.61,2,373388,372936,452
26923581,22.3965,21.9146,453,42322,0.893273,0.61,2,373415,372962,453
26938181,38.2233,37.3783,455,42572,0.895544,0.73,2,373581,373126,455
26944021,50.6357,49.1805,459,42672,0.871687,0.79,2,373678,373219,459
27154261,336.026,354.363,481,20440,0.85,1,2,376057,375576,481
27183461,71.0547,76.5928,447,22151,0.763652,0.57,2,376751,376304,447
27186381,67.4219,69.0371,448,22247,0.779461,0.57,2,376816,376368,448
27189301,67.7687,67.2148,450,22342,0.785784,0.61,2,376884,376434,450
27192221,49.9075,48.4859,452,22437,0.800314,0.61,2,376922,376470,452
27195141,44.563,45.1944,450,22532,0.794125,0.61,2,376963,376513,450
27198061,69.4252,18.0777,536,22626,0.79165,0.69,2,377049,376513,536
27200981,86.5701,55.8311,553,22720,0.85066,0.77,2,377147,376594,553
27203901,73.028,78.7324,523,22813,0.874264,0.79,2,377211,376688,523
27294421,48.898,26.4844,525,25536,0.8884,1,2,379093,378568,525
27297341,61.5592,44.1938,539,25619,0.78136,1,2,379163,378624,539
27303181,55.4495,72.471,515,25784,0.438218,1,1,379299,378784,515
27311941,45.2128,67.4941,502,26030,0.0858859,1,1,379445,378943,502
27314861,67.2851,43.7977,556,26111,0.0523544,0.86,1,379527,378971,556
27317781,43.714,69.7191,497,26192,0.0749417,0.87,1,379555,379058,497
27320701,55.2856,48.8876,525,26273,0.0599767,0.71,1,379618,379093,525
27323621,75.5142,61.555,544,26354,0.0419907,0.43,1,379707,379163,544
27326541,49.4057,84.622,476,26434,0.0707963,0.35,1,379739,379263,476
27329461,38.3623,55.4488,471,26514,0.0823185,0.29,1,379770,379299,471
27332381,54.3449,45.5795,497,26594,0.0989274,0,1,379835,379338,497
27335301,41.538,62.0318,457,26674,0.039571,0.05,1,379868,379411,457
27338221,66.4152,45.2127,506,26753,0.0338284,0.03,1,379951,379445,506
27341141,43.9661,67.2851,453,26832,0.0435314,0.09,1,379980,379527,453
27344061,53.5864,43.714,485,26911,0.0474125,0.05,1,380040,379555,485
27346981,22.6346,55.2856,424,26990,0.072965,0.03,1,380042,379618,424
27349901,62.4538,75.5142,424,27068,0.071186,0.09,1,380131,379707,424
27352821,44.7815,49.4057,425,27146,0.0584744,0.09,1,380164,379739,425
27355741,38.3126,38.3623,428,27224,0.0773898,0.11,1,380198,379770,428
27358661,51.925,54.3449,424,27302,0.0849559,0,1,380259,379835,424
27361581,41.77,41.538,426,27380,0.0759824,0.03,1,380294,379868,426
27364501,64.708,66.4152,423,27457,0.0603929,0.05,1,380374,379951,423
27367421,44.4832,43.9661,425,27534,0.0421572,0.05,1,380405,379980,425
27370341,53.7933,53.5864,425,27611,0.0588629,0.09,1,380465,380040,425
27373261,22.7173,22.6346,425,27688,0.0655451,0.07,1,380467,380042,425
27402461,63.3289,9.08692,515,28443,0.229144,0.15,1,380982,380467,515
27405381,44.5316,55.8348,460,28517,0.241657,0.15,1,381014,380554,460
27408301,40.0126,41.5339,465,28591,0.234663,0.15,1,381051,380586,465
27411221,53.205,38.2136,491,28665,0.279865,0.19,1,381113,380622,491
27425821,23.0472,55.2966,431,29032,0.401602,0.21,1,381321,380890,431
27434581,40.979,44.531,471,29251,0.400823,0.23,1,381485,381014,471
27437501,55.3916,40.0124,499,29323,0.442329,0.31,1,381550,381051,499
27472541,65.1255,63.7027,448,30177,0.758716,0.53,2,382111,381663,448
27475461,46.4502,45.8811,448,30247,0.777486,0.57,2,382145,381697,448
27478381,57.5801,56.1524,450,30317,0.808995,0.57,2,382210,381760,450
27481301,24.232,23.661,450,30387,0.797598,0.65,2,382212,381762,450
27484221,67.2928,64.6644,454,30457,0.841039,0.69,2,382308,381854,454
27487141,48.5171,45.6658,457,30526,0.858416,0.69,2,382344,381887,457
27490061,20.6068,19.4663,457,30595,0.865366,0.75,2,382346,381889,457
27492981,31.0427,30.5865,457,30664,0.892147,0.71,2,382384,381927,457
27624381,51.803,59.9454,479,33627,0.863942,1,2,384468,383989,479
27636061,56.5358,65.2162,480,33879,0.430165,0.97,1,384687,384207,480
27638981,38.2143,42.2865,479,33941,0.406066,1,1,384713,384234,479
27647741,38.0137,42.5463,478,34127,0.289268,0.97,1,384815,384337,478
27682781,36.4497,38.0082,470,34864,0.409401,0.35,1,385285,384815,470
27688621,42.672,29.4813,487,34986,0.417104,0.31,1,385362,384875,487
27691541,41.0688,42.3925,476,35046,0.412842,0.31,1,385402,384926,476
27735341,55.9819,53.8204,451,35940,0.762678,0.55,2,386015,385564,451
27738261,35.5928,35.9282,449,35999,0.791071,0.55,2,386037,385588,449
27741181,34.0371,33.5713,450,36058,0.802428,0.61,2,386070,385620,450
27744101,31.6148,30.2285,452,36117,0.806971,0.61,2,386100,385648,452
27747021,36.6459,36.0914,452,36176,0.832789,0.59,2,386140,385688,452
27749941,35.0584,35.4366,451,36234,0.843115,0.65,2,386174,385723,451
27752861,33.2234,31.5746,454,36292,0.859246,0.67,2,386206,385752,454
27755781,46.2893,43.8298,457,36350,0.889699,0.69,2,386261,385804,457
27930981,39.1377,34.2272,503,39687,0.836917,1,2,388575,388072,503
27933901,33.0551,33.4909,499,39740,0.772767,1,2,388604,388105,499
27954341,27.7869,15.2888,510,40111,0.420844,0.98,1,388856,388346,510
27957261,29.7148,24.7155,510,40164,0.402338,1,1,388887,388377,510
27966021,36.7497,40.7738,506,40322,0.29767,0.87,1,389001,388495,506
27968941,33.8999,42.1095,495,40374,0.269068,0.79,1,389033,388538,495
27971861,30.96,39.0438,487,40426,0.281627,0.73,1,389062,388575,487
27974781,35.184,33.0175,496,40478,0.238651,0.69,1,389100,388604,496
27989381,32.5952,38.668,474,40738,0.205455,0.49,1,389273,388799,474
27992301,26.2381,36.4672,461,40790,0.232182,0.37,1,389295,388834,461
27995221,30.2952,27.7869,472,40842,0.206873,0.39,1,389328,388856,472
27998141,31.9181,29.7148,474,40894,0.256749,0.37,1,389361,388887,474
28001061,36.1672,34.6859,475,40946,0.2647,0.31,1,389400,388925,475
28003981,35.4669,37.8744,470,40998,0.29188,0.27,1,389435,388965,470
28021501,42.8897,28.5494,481,41304,0.405473,0.19,1,389639,389158,481
28024421,36.9559,43.2198,461,41355,0.408189,0.21,1,389672,389211,461
28027341,35.1823,36.4879,463,41406,0.421276,0.21,1,389706,389243,463
28030261,26.0729,32.5952,453,41457,0.42651,0.25,1,389726,389273,453
28033181,31.4292,26.2381,466,41508,0.440604,0.19,1,389761,389295,466
28036101,13.7717,30.2952,435,41559,0.446242,0.29,1,389763,389328,435
28074061,32.0748,31.4292,444,42214,0.753797,0.45,2,390205,389761,444
28076981,14.0299,13.7717,444,42264,0.763519,0.49,2,390207,389763,444
28079901,26.612,25.9087,445,42314,0.791408,0.53,2,390242,389797,445
28082821,34.6448,33.7635,446,42364,0.814563,0.53,2,390282,389836,446
28085741,35.4579,35.1054,446,42414,0.799825,0.53,2,390318,389872,446
28088661,33.3832,33.2422,446,42464,0.79393,0.51,2,390350,389904,446
28091581,30.7533,29.4969,448,42514,0.803572,0.53,2,390379,389931,448
28094501,35.1013,34.5987,448,42564,0.795429,0.55,2,390417,389969,448
28097421,33.8405,32.4395,450,42614,0.816172,0.63,2,390450,390000,450
28100341,30.9362,29.1758,452,42664,0.824469,0.67,2,390479,390027,452
28103261,47.7745,44.6703,456,42713,0.839787,0.71,2,390538,390082,456
28106181,39.5098,37.6681,457,42762,0.833915,0.71,2,390572,390115,457
28109101,36.8039,35.4673,458,42811,0.843566,0.75,2,390607,390149,458
28112021,27.3216,26.1869,459,42860,0.835426,0.77,2,390628,390169,459
28114941,33.1286,32.0748,460,42909,0.856171,0.77,2,390665,390205,460
28117861,14.4514,14.0299,460,42958,0.864468,0.81,2,390667,390207,460
28120781,26.7806,26.612,460,43007,0.867787,0.81,2,390702,390242,460
28123701,34.7122,10.6448,500,43056,0.869115,0.83,2,390742,390242,500
28126621,35.4849,28.2579,496,43105,0.893646,0.79,2,390778,390282,496
28313501,27.1403,31.467,518,46133,0.898265,1,2,392865,392347,518
28316421,39.0561,32.9868,531,46179,0.785306,1,2,392912,392381,531
28333941,32.8315,31.4113,512,46453,0.263866,1,1,393115,392603,512
28345621,29.3429,34.1401,502,46633,0.066899,0.99,1,393234,392732,502
28348541,30.3372,32.8561,501,46678,0.0447596,1,1,393265,392764,501
28351461,27.1349,32.9424,493,46723,0.0839038,0.98,1,393290,392797,493
28357301,24.9816,15.3508,498,46813,0.0626246,0.85,1,393328,392830,498
28360221,32.7926,27.1403,501,46858,0.0430498,0.71,1,393366,392865,501
28363141,37.1171,39.0561,494,46903,0.0472199,0.65,1,393406,392912,494
28366061,26.2468,40.8225,471,46948,0.048888,0.65,1,393425,392954,471
28368981,27.8987,30.729,476,46993,0.0495552,0.53,1,393454,392978,476
28371901,33.3595,31.4916,481,47038,0.0198221,0.37,1,393491,393010,481
28374821,28.9438,37.1966,466,47083,0.0379288,0.27,1,393517,393051,466
28377741,28.9775,34.0787,463,47128,0.0811715,0.21,1,393546,393083,463
28401101,10.524,14.4539,424,47486,0.20451,0.03,1,393720,393296,424
28415701,29.4262,27.8987,425,47706,0.0909614,0,1,393879,393454,425
28421541,30.7482,28.9438,427,47794,0.0949538,0.11,1,393944,393517,427
28433221,26.9376,26.6706,429,47970,0.213295,0.15,1,394058,393629,429
28439061,30.35,30.1873,428,48058,0.229727,0.17,1,394117,393689,428
28441981,13.34,13.2749,428,48102,0.241891,0.21,1,394119,393691,428
28444901,21.536,20.31,430,48146,0.258756,0.21,1,394146,393716,430
28447821,11.0144,10.524,430,48190,0.241503,0.17,1,394150,393720,430
28450741,21.8058,22.2096,429,48234,0.258601,0.19,1,394179,393750,429
28453661,32.1223,32.2838,429,48278,0.28944,0.11,1,394218,393789,429
28459501,24.5796,25.5654,425,48366,0.29951,0.07,1,394272,393847,425
28500381,32.704,19.7383,473,48970,0.4178,0.31,1,394652,394179,473
28503301,35.2816,31.2953,471,49013,0.43712,0.33,1,394689,394218,471
28599661,34.5832,36.7159,452,50413,0.764378,0.61,2,395585,395133,452
28602581,24.6333,25.4863,452,50455,0.779751,0.61,2,395603,395151,452
28605501,29.0533,29.3945,452,50497,0.7619,0.63,2,395635,395183,452
28608421,35.0213,34.5578,453,50539,0.79076,0.63,2,395674,395221,453
28611341,32.6085,31.8231,454,50581,0.802304,0.63,2,395705,395251,454
28614261,32.2434,32.5293,453,50623,0.818922,0.65,2,395737,395284,453
28617181,27.2974,26.8117,454,50665,0.849569,0.65,2,395761,395307,454
28620101,36.1189,35.9247,454,50707,0.861827,0.63,2,395803,395349,454
28623021,30.0476,29.3699,455,50749,0.854731,0.67,2,395829,395374,455
28625941,28.219,27.3479,456,50791,0.899892,0.69,2,395856,395400,456
28909181,171.353,190.499,466,24820,0.226096,0.81,1,398611,398145,466
28935461,78.2625,57.184,502,25578,0.201963,0.09,1,399113,398611,502
28941301,63.402,56.4294,493,25744,0.211114,0.15,1,399229,398736,493
28944221,52.3608,62.1718,472,25826,0.222446,0.13,1,399274,398802,472
28947141,61.7443,51.8687,495,25908,0.262978,0.11,1,399342,398847,495
28950061,34.2977,62.1475,442,25990,0.279191,0.11,1,399358,398916,442
28952981,22.7191,33.259,443,26072,0.297677,0.19,1,399373,398930,443
28961741,62.75,78.2326,483,26315,0.418651,0.17,1,399596,399113,483
28996781,66.168,63.512,452,27266,0.761132,0.61,2,400229,399777,452
28999701,36.0672,35.0048,452,27344,0.802453,0.61,2,400245,399793,452
29002621,24.6269,23.6019,453,27421,0.830981,0.63,2,400262,399809,453
29005541,56.6508,56.2408,453,27498,0.818393,0.65,2,400340,399887,453
29008461,80.2603,79.4963,454,27575,0.789357,0.65,2,400436,399982,454
29011381,33.3041,32.9985,454,27652,0.777743,0.71,2,400438,399984,454
29014301,49.9216,47.9994,457,27729,0.809097,0.71,2,400499,400042,457
29139861,31.8121,32.7431,493,30842,0.818378,1,2,402657,402164,493
29142781,48.7248,52.0972,488,30911,0.765351,1,2,402717,402229,488
29160301,30.8791,35.8144,468,31319,0.415223,0.9,1,402999,402531,468
29163221,54.9516,14.3258,539,31387,0.412089,1,1,403070,402531,539
29166141,35.7806,47.7303,492,31454,0.410836,0.89,1,403093,402601,492
29169061,25.7123,37.0921,481,31521,0.410334,0.75,1,403112,402631,481
29171981,46.8849,30.4368,516,31588,0.410134,0.73,1,403173,402657,516
29207021,42.5777,70.3539,468,32383,0.765233,0.53,2,403727,403259,468
29209941,33.8311,41.9416,473,32448,0.792093,0.51,2,403755,403282,473
29212861,64.5324,32.9766,531,32513,0.814837,0.57,2,403840,403309,531
29215781,41.413,62.3907,475,32578,0.823935,0.53,2,403866,403391,475
29218701,27.3652,40.5563,467,32643,0.827574,0.55,2,403884,403417,467
29221621,57.1461,28.8225,523,32708,0.85303,0.61,2,403961,403438,523
29224541,24.0584,54.729,453,32773,0.863212,0.69,2,403963,403510,453
29227461,25.2234,35.6916,456,32838,0.891285,0.69,2,403989,403533,456
29230381,22.0893,26.2766,456,32902,0.878514,0.71,2,404009,403553,456
29233301,47.2357,47.1107,459,32966,0.885406,0.75,2,404073,403614,459
29408501,41.5827,37.1895,497,36615,0.789999,1,2,406649,406152,497
29423101,34.7554,38.8615,496,36903,0.280854,1,1,406865,406369,496
29426021,33.1022,33.5446,498,36960,0.226342,1,1,406897,406399,498
29431861,32.4163,34.8871,494,37074,0.0974147,1,1,406956,406462,494
29434781,27.9665,34.3549,485,37131,0.0809659,0.95,1,406981,406496,485
29437701,50.7866,61.1419,472,37188,0.0323863,0.95,1,407047,406575,472
29440621,40.1146,24.4568,505,37245,0.0189545,0.87,1,407080,406575,505
29443541,34.0459,30.7827,500,37302,0.0255818,0.71,1,407110,406610,500
29446461,34.6183,35.7131,496,37359,0.0402327,0.63,1,407145,406649,496
29449381,48.0473,38.2852,513,37416,0.0340931,0.47,1,407202,406689,513
29452301,39.0189,59.1141,473,37472,0.0196372,0.39,1,407235,406762,473
29455221,35.4076,45.8456,469,37528,0.0258549,0.29,1,407268,406799,469
29458141,31.563,38.7383,464,37584,0.028342,0.23,1,407297,406833,464
29461061,28.2252,34.6953,458,37640,0.0173368,0.19,1,407323,406865,458
29463981,23.8901,33.0781,447,37696,0.0129347,0.13,1,407344,406897,447
29466901,32.356,27.0312,462,37752,0.0111739,0.05,1,407382,406920,462
29469821,25.5424,32.4125,447,37808,0.0224696,0.07,1,407403,406956,447
29472741,49.817,27.965,488,37864,0.00898782,0,1,407469,406981,488
29475661,39.1268,50.786,454,37920,0.00959513,0.01,1,407501,407047,454
29478581,33.6507,40.1144,451,37976,0.0458381,0.03,1,407531,407080,451
29481501,34.4603,34.0458,456,38032,0.0363352,0.05,1,407566,407110,456
29484421,47.9841,34.6183,478,38088,0.0445341,0.03,1,407623,407145,478
29487341,39.5936,48.0473,455,38143,0.0358136,0.01,1,407657,407202,455
29490261,35.6375,39.0189,455,38198,0.0323255,0.03,1,407690,407235,455
29493181,31.055,35.4076,450,38253,0.0129302,0.03,1,407718,407268,450
29496101,28.022,31.563,447,38308,0.0711721,0.01,1,407744,407297,447
29499021,25.0088,28.2252,444,38363,0.0584688,0.01,1,407767,407323,444
29501941,31.6035,23.8901,459,38418,0.0413875,0.01,1,407803,407344,459
29504861,25.2414,32.356,442,38473,0.022555,0.03,1,407824,407382,442
29507781,50.2966,25.5424,488,38528,0.009022,0,1,407891,407403,488
29510701,38.7186,49.817,453,38583,0.0216088,0.01,1,407922,407469,453
29513621,16.6874,39.1268,423,38638,0.00864352,0.07,1,407924,407501,423
29516541,25.875,33.6507,425,38693,0.0574574,0.03,1,407956,407531,425
29519461,30.15,34.4603,423,38748,0.022983,0.05,1,407989,407566,423
29522381,46.26,47.9841,423,38803,0.0391932,0.03,1,408046,407623,423
29525301,39.504,39.5936,424,38857,0.0336773,0.03,1,408081,407657,424
29528221,35.0016,35.6375,423,38911,0.0194709,0,1,408113,407690,423
29531141,31.4006,31.055,424,38965,0.0137884,0.11,1,408142,407718,424
29534061,28.7603,28.022,425,39019,0.0595153,0.05,1,408169,407744,425
29536981,24.7041,25.0088,424,39073,0.0778061,0.03,1,408191,407767,424
29539901,30.8816,31.6035,423,39127,0.0611225,0.01,1,408226,407803,423
29542821,24.9527,25.2414,423,39181,0.042449,0,1,408247,407824,423
29545741,50.7811,50.2966,424,39235,0.0349796,0.03,1,408315,407891,424
29548661,37.7124,38.7186,422,39289,0.0319918,0,1,408344,407922,422
29551581,16.285,16.6874,422,39343,0.0127967,0.09,1,408346,407924,422
29554501,26.914,25.875,424,39397,0.0591187,0,1,408380,407956,424
29557421,29.3656,30.15,422,39451,0.0536475,0.05,1,408411,407989,422
29560341,45.9462,46.26,422,39505,0.039459,0.03,1,408468,408046,422
29563261,39.3785,39.504,422,39558,0.0217836,0.01,1,408503,408081,422
29566181,35.5514,35.0016,423,39611,0.0267134,0.01,1,408536,408113,423
29569101,31.6206,31.4006,423,39664,0.0166854,0.09,1,408565,408142,423
29572021,29.4482,28.7603,424,39717,0.0366741,0.09,1,408593,408169,424
29574941,24.9793,24.7041,424,39770,0.0206697,0.05,1,408615,408191,424
29577861,29.7917,30.8816,422,39823,0.0142679,0.03,1,408648,408226,422
29580781,24.5167,24.9527,422,39876,0.0237071,0.03,1,408669,408247,422
29583701,51.2067,50.7811,423,39929,0.0154829,0.03,1,408738,408315,423
29586621,37.2827,37.7124,422,39982,0.0241931,0,1,408766,408344,422
29589541,16.1131,16.285,422,40035,0.0276773,0.09,1,408768,408346,422
29592461,28.6452,26.914,425,40088,0.0530709,0.09,1,408805,408380,425
29595381,28.8581,10.7656,454,40141,0.0632284,0.05,1,408834,408380,454
29598301,45.7432,22.9062,480,40194,0.0912914,0.03,1,408891,408411,480
29607061,31.4156,35.138,450,40351,0.0608026,0.01,1,408986,408536,450
29609981,29.3662,31.4552,449,40403,0.0423211,0.05,1,409014,408565,449
29612901,24.9465,29.3821,443,40455,0.0469284,0.01,1,409036,408593,443
29615821,29.7786,24.9528,454,40507,0.0367714,0.01,1,409069,408615,454
29618741,25.1114,29.7811,443,40559,0.0327085,0.03,1,409091,408648,443
29621661,50.8446,24.5125,490,40611,0.0310834,0.01,1,409159,408669,490
29624581,37.1378,51.205,449,40663,0.0424334,0.03,1,409187,408738,449
29627501,16.0551,37.282,423,40715,0.0229733,0.03,1,409189,408766,423
29630421,29.8221,16.1128,460,40767,0.0271893,0.07,1,409228,408768,460
29633341,29.9288,28.6451,453,40819,0.0768757,0.07,1,409258,408805,453
29668381,31.5757,16.0551,463,41435,0.059548,0.03,1,409652,409189,463
29671301,33.0303,29.8221,458,41486,0.0418192,0.11,1,409686,409228,458
29674221,49.2121,29.9288,488,41537,0.0347277,0.15,1,409746,409258,488
29677141,20.8848,47.3715,431,41588,0.0438911,0.17,1,409748,409317,431
29680061,26.3539,37.5486,430,41639,0.0715564,0.17,1,409778,409348,430
29682981,29.7416,34.2194,430,41690,0.0706226,0.17,1,409810,409380,430
29700501,48.3975,50.1199,428,41993,0.21464,0.09,1,410008,409580,428
29703421,34.359,36.8479,425,42043,0.211856,0.09,1,410033,409608,425
29706341,14.9436,15.9392,425,42093,0.210742,0.03,1,410035,409610,425
29709261,29.9774,31.5757,423,42143,0.222297,0.03,1,410075,409652,423
29712181,33.591,33.0303,425,42193,0.202919,0.03,1,410111,409686,425
29715101,48.8364,49.2121,424,42243,0.267168,0.05,1,410170,409746,424
29718021,20.7346,20.8848,424,42293,0.292867,0.09,1,410172,409748,424
29732621,26.6267,25.7115,428,42543,0.416423,0.17,1,410318,409890,428
29735541,30.4507,29.4846,429,42593,0.412569,0.21,1,410351,409922,429
29747221,15.3427,14.9436,432,42790,0.403922,0.23,1,410467,410035,432
29750141,30.7371,29.9774,433,42839,0.419569,0.19,1,410508,410075,433
29753061,33.2948,33.591,432,42888,0.413827,0.31,1,410543,410111,432
29755981,50.5179,48.8364,435,42937,0.447531,0.31,1,410605,410170,435
29805621,33.0283,27.1629,480,43765,0.75188,0.49,2,411118,410638,480
29808541,31.8113,31.8651,476,43813,0.834752,0.53,2,411149,410673,476
29811461,31.3245,30.1461,478,43861,0.855901,0.55,2,411180,410702,478
29814381,28.7298,30.0584,475,43909,0.85236,0.57,2,411207,410732,475
29817301,31.8919,27.6234,483,43957,0.874944,0.59,2,411241,410758,483
29820221,25.9568,30.2493,473,44005,0.859978,0.61,2,411263,410790,473
29823141,51.1827,25.2997,519,44053,0.853991,0.65,2,411331,410812,519
29826061,36.6731,49.7199,480,44101,0.863596,0.67,2,411358,410878,480
29828981,15.8692,35.488,456,44149,0.867439,0.67,2,411360,410904,456
29831901,31.5477,15.3952,496,44197,0.868975,0.67,2,411402,410906,496
29834821,33.0191,31.3581,488,44245,0.86959,0.69,2,411436,410948,488
29837741,52.2076,33.5432,518,44293,0.857836,0.67,2,411501,410983,518
29840661,22.0831,51.8173,456,44341,0.853134,0.67,2,411503,411047,456
29843581,31.0332,21.9269,491,44389,0.839254,0.71,2,411540,411049,491
29846501,35.8133,28.5708,497,44437,0.821702,0.79,2,411579,411082,497
29849421,15.5253,33.0283,463,44484,0.814681,0.89,2,411581,411118,463
29852341,26.6101,31.8113,466,44531,0.811872,0.87,2,411615,411149,466
29855261,28.6441,31.3245,465,44578,0.834749,0.85,2,411645,411180,465
29858181,27.0576,28.7298,464,44625,0.8559,0.89,2,411671,411207,464
29861101,31.223,31.8919,464,44672,0.86436,0.85,2,411705,411241,464
29864021,25.6892,25.9568,464,44719,0.891744,0.85,2,411727,411263,464
30024621,30.726,36.544,505,47243,0.873616,1,2,413492,412987,505
30027541,30.8904,24.8176,519,47288,0.877446,1,2,413523,413004,519
30030461,30.9562,24.327,526,47333,0.884979,1,2,413554,413028,526
30085941,115.141,114.189,452,21997,0.0914386,0.03,1,414246,413794,452
30091781,70.5026,78.0302,447,22189,0.0758302,0.03,1,414385,413938,447
30094701,60.001,63.6121,446,22285,0.0363321,0.05,1,414438,413992,446
30097621,36.6004,41.0448,441,22380,0.0205328,0.01,1,414459,414018,441
30100541,34.4402,36.2179,441,22475,0.0382131,0.05,1,414492,414051,441
30103461,58.7761,53.4872,451,22569,0.0572853,0.05,1,414567,414116,451
30106381,83.5104,63.9949,480,22663,0.0529141,0.03,1,414667,414187,480
30109301,85.6042,60.9979,508,22757,0.0631656,0.13,1,414754,414246,508
30112221,65.4417,76.5992,473,22850,0.0432663,0.05,1,414806,414333,473
30115141,59.1767,61.8397,476,22943,0.0353065,0.01,1,414861,414385,476
30118061,36.2707,56.5359,444,23035,0.0321226,0.01,1,414882,414438,444
30120981,33.1083,35.2143,454,23127,0.030849,0.05,1,414913,414459,454
30123901,60.0433,33.8857,499,23219,0.0543396,0.07,1,414991,414492,499
30126821,82.2173,58.5543,521,23310,0.0877359,0.05,1,415088,414567,521
30129741,86.8869,83.4217,511,23401,0.0530943,0.07,1,415178,414667,511
30132661,64.7548,85.5687,474,23492,0.0392377,0.03,1,415228,414754,474
30135581,58.9019,65.4275,477,23582,0.0336951,0.03,1,415283,414806,477
30138501,36.1608,59.171,443,23672,0.019478,0.03,1,415304,414861,443
30141421,33.0643,36.2684,453,23762,0.0137912,0.03,1,415335,414882,453
30144341,61.2257,33.1074,502,23851,0.0235165,0.07,1,415415,414913,502
30147261,82.6903,60.0429,521,23940,0.0754066,0.11,1,415512,414991,521
30150181,34.2761,82.2172,426,24029,0.0961626,0.03,1,415514,415088,426
30156021,56.3642,64.7547,423,24205,0.047786,0.03,1,415651,415228,423
30158941,55.5457,58.9019,423,24293,0.0371144,0.01,1,415706,415283,423
30161861,34.8183,36.1608,423,24380,0.0148458,0.01,1,415727,415304,423
30164781,32.5273,33.0643,423,24467,0.0119383,0.03,1,415758,415335,423
30167701,61.6109,61.2257,424,24554,0.0347753,0.11,1,415839,415415,424
30170621,84.6444,82.6903,427,24640,0.0559101,0.11,1,415939,415512,427
30173541,35.0577,34.2761,427,24726,0.076364,0.11,1,415941,415514,427
30185221,34.4735,34.8183,422,25067,0.0723709,0.01,1,416149,415727,422
30188141,32.3894,32.5273,422,25152,0.0349484,0.05,1,416180,415758,422
30191061,62.7558,61.6109,424,25236,0.0439793,0.07,1,416263,415839,424
30193981,85.7023,84.6444,425,25320,0.0475917,0.09,1,416364,415939,425
30196901,35.4809,35.0577,425,25404,0.0490367,0.19,1,416366,415941,425
30199821,67.5924,65.0231,429,25487,0.0976147,0.19,1,416455,416026,429
30226101,54.8706,67.5668,471,26226,0.217262,0.15,1,416926,416455,471
30229021,54.3483,52.8267,482,26307,0.248905,0.19,1,416980,416498,482
30231941,34.3393,52.3307,451,26388,0.273562,0.19,1,417001,416550,451
30234861,30.5357,32.9323,459,26468,0.283425,0.19,1,417029,416570,459
30237781,61.4143,31.7729,510,26548,0.29937,0.13,1,417111,416601,510
30255301,42.3823,54.3483,435,27024,0.426884,0.29,1,417415,416980,435
30258221,30.1529,34.3393,436,27102,0.440754,0.29,1,417437,417001,436
30304941,24.8364,24.031,453,28326,0.76041,0.65,2,418253,417800,453
30307861,44.7346,45.0124,452,28401,0.754164,0.65,2,418311,417859,452
30310781,31.0938,18.005,474,28476,0.775666,0.63,2,418333,417859,474
30313701,30.4375,20.402,482,28550,0.820266,0.67,2,418363,417881,482
30316621,63.175,26.1608,537,28624,0.862107,0.71,2,418448,417911,537
30442181,48.4654,63.5667,510,31647,0.778,1,2,420600,420090,510
30453861,36.2951,34.0705,524,31914,0.209853,1,1,420761,420237,524
30459701,31.3672,34.0113,516,32046,0.0803764,1,1,420821,420305,516
30462621,80.3469,38.8045,587,32112,0.0381506,1,1,420934,420347,587
30465541,48.9388,84.5218,500,32178,0.0452602,1,1,420962,420462,500
30468461,51.9755,52.4087,523,32244,0.0361041,0.85,1,421016,420493,523
30471381,43.5902,61.1635,494,32310,0.0564416,0.69,1,421054,420560,494
30474301,31.8361,48.4654,478,32375,0.0405767,0.59,1,421078,420600,478
30477221,44.5344,37.9862,500,32440,0.0822307,0.33,1,421131,420631,500
30480141,35.2138,53.5945,465,32505,0.0868923,0.29,1,421160,420695,465
30483061,29.6855,41.2378,458,32570,0.0887569,0.11,1,421186,420728,458
30485981,27.4742,36.2951,451,32635,0.0535028,0.07,1,421212,420761,451
30488901,28.9897,31.918,452,32700,0.0214011,0.05,1,421242,420790,452
30491821,80.5959,31.3672,536,32765,0.0625604,0.01,1,421357,420821,536
30494741,33.4383,80.3469,425,32830,0.0910242,0.05,1,421359,420934,425
30503501,40.0361,43.5902,423,33022,0.0895856,0.03,1,421477,421054,423
30506421,31.0144,31.8361,424,33086,0.0658342,0.11,1,421502,421078,424
30509341,44.8058,44.5344,425,33150,0.0923337,0.09,1,421556,421131,425
30523941,81.0393,80.5959,425,33468,0.0580943,0.11,1,421782,421357,425
30526861,33.6157,33.4383,425,33531,0.0412377,0.11,1,421784,421359,425
30529781,30.8463,28.9753,428,33594,0.0584951,0.13,1,421813,421385,428
30532701,44.1385,44.5901,426,33657,0.065398,0.07,1,421866,421440,426
30535621,39.2554,40.0361,425,33720,0.0801592,0.05,1,421902,421477,425
30538541,30.7022,31.0144,425,33783,0.0980637,0.11,1,421927,421502,425
30547301,29.5649,29.4889,426,33970,0.0852361,0.11,1,422036,421610,426
30556061,80.8282,81.0393,423,34156,0.0604151,0.03,1,422205,421782,423
30558981,33.5313,33.6157,423,34218,0.042166,0.03,1,422207,421784,423
30561901,30.2125,13.4463,451,34280,0.0588664,0.07,1,422235,421784,451
30564821,45.685,22.7785,478,34342,0.0775466,0.07,1,422291,421813,478
30582341,27.4169,29.5319,450,34709,0.217909,0.11,1,422486,422036,450
30585261,27.7668,27.4128,452,34770,0.225164,0.11,1,422514,422062,452
30588181,78.9067,26.5651,539,34831,0.276065,0.03,1,422627,422088,539
30591101,32.7627,80.826,424,34892,0.296426,0.03,1,422629,422205,424
30602781,31.1747,39.8739,453,35133,0.4141,0.17,1,422780,422327,453
30605701,46.0699,30.3496,485,35193,0.44764,0.19,1,422836,422351,485
30652421,28.1933,27.9826,448,36143,0.757579,0.51,2,423394,422946,448
30655341,80.8773,81.393,447,36201,0.801032,0.51,2,423510,423063,447
30658261,33.5509,33.7572,447,36259,0.818413,0.57,2,423512,423065,447
30661181,33.8204,32.1029,450,36317,0.813365,0.59,2,423546,423096,450
30664101,51.9282,50.0412,452,36375,0.823346,0.59,2,423610,423158,452
30667021,21.9713,21.2165,452,36433,0.827338,0.65,2,423612,423160,452
30669941,33.3885,31.8866,454,36491,0.792935,0.69,2,423653,423199,454
30672861,30.1554,27.7546,457,36549,0.827174,0.77,2,423681,423224,457
30675781,46.8622,45.3019,458,36607,0.80487,0.75,2,423739,423281,458
30678701,35.5449,35.5207,457,36665,0.819948,0.71,2,423767,423310,457
30681621,32.2179,32.2083,457,36723,0.801979,0.75,2,423797,423340,457
30684541,28.4872,28.4833,457,36781,0.830792,0.77,2,423823,423366,457
30687461,28.7949,28.1933,458,36838,0.830317,0.83,2,423852,423394,458
30690381,82.9179,80.8773,461,36895,0.830127,0.83,2,423971,423510,461
30693301,34.3672,33.5509,461,36952,0.830051,0.81,2,423973,423512,461
30696221,33.5469,33.8204,460,37009,0.81802,0.83,2,424006,423546,460
30699141,52.4187,51.9282,461,37066,0.837208,0.83,2,424071,423610,461
30702061,22.1675,21.9713,461,37123,0.844883,0.77,2,424073,423612,461
30704981,32.867,33.3885,460,37180,0.847953,0.77,2,424113,423653,460
30707901,30.5468,13.3554,489,37237,0.837181,0.85,2,424142,423653,489
30710821,46.4187,22.1422,518,37294,0.832873,0.79,2,424199,423681,518
30713741,35.3675,43.6569,488,37351,0.855149,0.83,2,424227,423739,488
30836381,73.9162,87.0032,474,39656,0.814,1,2,425864,425390,474
30845141,39.8666,44.1122,482,39815,0.425776,1,1,425969,425487,482
30848061,33.3467,31.4449,488,39868,0.27231,1,1,425998,425510,488
30853901,34.1355,30.3512,495,39974,0.0975697,1,1,426064,425569,495
30856821,31.6542,28.9405,497,40027,0.0390279,1,1,426094,425597,497
30859741,29.4617,25.9762,501,40080,0.0576111,1,1,426122,425621,501
30862661,18.3847,10.3905,512,40133,0.0650445,1,1,426133,425621,512
30865581,32.5539,21.5562,525,40186,0.0560178,1,1,426175,425650,525
30868501,30.4215,36.8225,507,40239,0.0644071,1,1,426204,425697,507
30894781,31.8089,34.1348,453,40707,0.0989566,0,1,426517,426064,453
30897701,29.5236,31.6539,451,40759,0.0575826,0.07,1,426545,426094,451
30900621,17.8094,29.4616,433,40811,0.041033,0.07,1,426555,426122,433
30903541,31.7238,18.3846,463,40863,0.0224132,0.05,1,426596,426133,463
30906461,30.0895,32.5539,450,40915,0.0269653,0.07,1,426625,426175,450
30909381,33.6358,30.4215,457,40967,0.0407861,0.15,1,426661,426204,457
30929821,29.052,26.3058,461,41325,0.203512,0.15,1,426911,426450,461
30932741,28.4208,31.5223,454,41376,0.219405,0.07,1,426939,426485,454
30935661,28.1683,31.8089,450,41427,0.201762,0.03,1,426967,426517,450
30950261,31.0824,33.6358,424,41682,0.089666,0.15,1,427085,426661,424
30961941,33.7429,33.9379,430,41885,0.215079,0.15,1,427259,426829,430
30964861,27.8972,28.5752,429,41935,0.200032,0.17,1,427283,426854,429
30967781,29.1589,27.6301,432,41985,0.218013,0.23,1,427313,426881,432
30970701,30.2635,29.052,433,42035,0.237205,0.23,1,427344,426911,433
30973621,28.9054,28.4208,433,42085,0.256882,0.19,1,427372,426939,433
30976541,25.9622,28.1683,429,42135,0.264753,0.15,1,427396,426967,429
30979461,17.5849,18.4673,429,42185,0.267901,0.09,1,427408,426979,429
30982381,28.6339,30.7869,426,42235,0.26916,0.09,1,427444,427018,426
30985301,12.6536,13.5148,426,42285,0.269664,0.13,1,427446,427020,426
30988221,21.8614,22.2059,426,42335,0.293866,0.07,1,427474,427048,426
31002821,34.133,33.7429,431,42585,0.410942,0.19,1,427690,427259,431
31005741,28.0532,27.8972,431,42635,0.410377,0.23,1,427714,427283,431
31008661,30.4213,29.1589,433,42684,0.410151,0.25,1,427746,427313,433
31011581,31.3685,30.2635,434,42733,0.43406,0.27,1,427778,427344,434
31014501,29.9474,28.9054,435,42782,0.431624,0.27,1,427807,427372,435
31017421,26.379,25.9622,435,42831,0.43065,0.27,1,427831,427396,435
31020341,17.7516,17.5849,435,42880,0.41826,0.27,1,427843,427408,435
31023261,28.7006,28.6339,435,42929,0.437304,0.27,1,427879,427444,435
31026181,12.6803,12.6536,435,42978,0.444922,0.31,1,427881,427446,435
31029101,21.8721,21.8614,435,43027,0.423969,0.31,1,427909,427474,435
31032021,30.9488,8.74457,472,43076,0.403587,0.33,1,427946,427474,472
31043701,34.8867,36.9967,472,43272,0.40206,0.43,1,428130,427658,472
31046621,28.9547,33.9987,465,43321,0.430824,0.41,1,428155,427690,465
31049541,30.7819,27.9995,473,43370,0.44233,0.41,1,428187,427714,473
31099181,28.4107,29.4051,473,44189,0.757908,0.53,2,428720,428247,473
31102101,18.5643,26.762,460,44237,0.777163,0.55,2,428732,428272,460
31105021,29.6257,17.9048,485,44285,0.796865,0.57,2,428769,428284,485
31107941,13.0503,28.7619,451,44333,0.804746,0.57,2,428771,428320,451
31110861,22.0201,12.7048,477,44381,0.807898,0.57,2,428799,428322,477
31113781,31.008,21.8819,486,44429,0.821159,0.59,2,428836,428350,486
31116701,13.6032,30.3528,452,44476,0.826464,0.61,2,428838,428386,452
31119621,62.4413,69.1411,452,44523,0.864586,0.61,2,428933,428481,452
31122541,36.3765,38.4564,453,44570,0.879834,0.65,2,428952,428499,453
31125461,38.5506,38.7826,454,44617,0.897934,0.65,2,428992,428538,454
31364901,29.5142,30.4705,505,48339,0.889053,1,2,431572,431067,505
31367821,32.8057,36.1882,500,48383,0.781621,1,2,431607,431107,500
31376581,34.5236,29.004,502,48514,0.434744,1,1,431704,431202,502
31379501,34.2094,29.0016,507,48557,0.287897,1,1,431738,431231,507
31382421,29.8838,32.6006,499,48600,0.217159,1,1,431765,431266,499
31388261,29.9814,25.4961,506,48686,0.0719454,1,1,431825,431319,506
31391181,28.7926,29.3984,502,48729,0.0347782,1,1,431853,431351,502
31394101,24.117,35.7594,483,48772,0.0199113,0.95,1,431874,431391,483
31397021,30.6468,29.9037,492,48815,0.00796451,1,1,431909,431417,492
31399941,30.2587,32.9615,487,48858,0.0451858,1,1,431939,431452,487
31402861,27.1035,13.1846,512,48901,0.0180743,1,1,431964,431452,512
31405781,26.4414,26.8738,502,48944,0.0252297,0.91,1,431990,431488,502
31408701,20.7766,27.5495,491,48987,0.0400919,0.95,1,432007,431516,491
31411621,22.7106,26.0198,490,49030,0.0220368,0.85,1,432031,431541,490
31414541,27.0842,29.0079,489,49073,0.0268147,0.71,1,432061,431572,489
31417461,25.8337,32.6032,479,49116,0.0167259,0.67,1,432086,431607,479
31420381,24.1335,30.4413,473,49159,0.0366904,0.41,1,432109,431636,473
31423301,27.6534,30.7765,472,49202,0.0686761,0.37,1,432139,431667,472
31426221,28.4614,34.5106,464,49245,0.0934705,0.19,1,432168,431704,464
31432061,24.8338,29.8817,453,49331,0.0953553,0.13,1,432218,431765,453
31434981,27.3335,29.9527,452,49374,0.0921421,0.01,1,432247,431795,452
31437901,27.7334,29.9811,450,49417,0.0668568,0.01,1,432275,431825,450
31440821,23.0934,28.7924,442,49460,0.0567427,0.01,1,432295,431853,442
31443741,32.0373,24.117,459,49503,0.0226971,0,1,432333,431874,459
31446661,29.0149,30.6468,451,49546,0.0630788,0.07,1,432360,431909,451
31449581,27.206,30.2587,447,49589,0.0252315,0,1,432386,431939,447
31452501,25.8824,27.1035,447,49631,0.0760926,0.03,1,432411,431964,447
31455421,21.153,26.4414,439,49673,0.060437,0.05,1,432429,431990,439
31458341,22.8612,20.7766,446,49715,0.0421748,0.01,1,432453,432007,446
31461261,27.7445,22.7106,453,49757,0.0468699,0.03,1,432484,432031,453
31464181,25.4978,27.0842,447,49799,0.072748,0.01,1,432508,432061,447
31467101,24.5991,25.8337,446,49841,0.0590992,0.05,1,432532,432086,446
31470021,29.6396,24.1335,456,49883,0.0896397,0.09,1,432565,432109,456
31481701,27.1444,24.8338,454,50051,0.208743,0.09,1,432672,432218,454
31490461,33.1532,23.0934,462,50177,0.0951995,0,1,432757,432295,462
31493381,28.2613,32.0373,449,50219,0.0560798,0.09,1,432782,432333,449
31496301,28.1045,29.0149,450,50261,0.0524319,0,1,432810,432360,450
31499221,26.2418,27.206,449,50303,0.0629728,0.11,1,432835,432386,449
31502141,11.6967,25.8824,426,50345,0.0671891,0.05,1,432837,432411,426
31505061,13.6787,21.153,423,50387,0.0808756,0.03,1,432852,432429,423
31507981,21.0715,22.8612,425,50429,0.0503503,0.05,1,432878,432453,425
31510901,25.8286,27.7445,423,50471,0.0741401,0.09,1,432907,432484,423
31513821,25.3314,25.4978,424,50513,0.071656,0.05,1,432932,432508,424
31516741,23.3326,24.5991,422,50555,0.0706624,0.11,1,432954,432532,422
31519661,31.533,29.6396,426,50597,0.082265,0.17,1,432991,432565,426
31545941,27.7771,28.1045,424,50970,0.0681081,0.07,1,433234,432810,424
31548861,26.7109,26.2418,425,51011,0.0332432,0.07,1,433260,432835,425
31551781,11.8843,11.6967,425,51052,0.0312973,0.09,1,433262,432837,425
31554701,11.9537,13.6787,422,51093,0.0545189,0.03,1,433274,432852,422
31557621,20.9815,21.0715,423,51134,0.0878076,0.09,1,433301,432878,423
31560541,26.3926,25.8286,424,51175,0.089123,0.07,1,433331,432907,424
31563461,26.157,25.3314,425,51216,0.0896492,0.07,1,433357,432932,425
31566381,23.6628,23.3326,425,51257,0.0898597,0.09,1,433379,432954,425
31569301,32.8651,31.533,427,51298,0.0899439,0.15,1,433418,432991,427
31572221,34.1461,32.4132,429,51339,0.0899775,0.15,1,433453,433024,429
31633541,27.0255,28.1515,454,52195,0.204343,0.17,1,433987,433533,454
31636461,22.2102,27.4606,446,52235,0.219737,0.15,1,434006,433560,446
31639381,27.4841,21.7842,459,52275,0.249895,0.15,1,434037,433578,459
31642301,25.3936,26.7137,453,52315,0.273958,0.21,1,434061,433608,453
31645221,24.5575,25.0855,453,52355,0.283583,0.17,1,434085,433632,453
31648141,26.023,24.4342,456,52395,0.299433,0.19,1,434112,433656,456
31677341,27.5514,31.5228,453,52795,0.416256,0.19,1,434361,433908,453
31680261,29.6206,26.4091,461,52835,0.448502,0.21,1,434392,433931,461
31732821,30.9143,29.6206,445,53549,0.755382,0.49,2,434837,434392,445
31735741,28.5657,27.4482,446,53588,0.788153,0.49,2,434864,434418,446
31738661,23.4263,22.9793,446,53627,0.789261,0.51,2,434884,434438,446
31741581,30.3705,28.9917,448,53666,0.801704,0.55,2,434919,434471,448
31744501,28.3482,26.5967,450,53705,0.806682,0.57,2,434946,434496,450
31747421,25.7393,25.0387,450,53744,0.784673,0.57,2,434970,434520,450
31750341,27.0957,26.8155,450,53783,0.787869,0.57,2,434998,434548,450
31753261,12.0383,11.9262,450,53822,0.789148,0.57,2,435000,434550,450
31756181,12.0153,11.9705,450,53861,0.813659,0.57,2,435012,434562,450
31759101,22.2061,21.5882,451,53900,0.811464,0.61,2,435041,434590,451
31762021,26.8825,27.2353,450,53939,0.822585,0.57,2,435071,434621,450
31764941,11.953,12.0941,450,53978,0.803034,0.61,2,435073,434623,450
31767861,20.3812,20.4376,450,54017,0.807214,0.59,2,435099,434649,450
31770781,22.5525,21.9751,451,54056,0.820885,0.63,2,435123,434672,451
31773701,31.821,31.59,451,54095,0.826354,0.63,2,435161,434710,451
31776621,34.3284,33.036,453,54134,0.864542,0.69,2,435197,434744,453
31779541,36.5314,34.2144,456,54173,0.891817,0.73,2,435235,434779,456
31785381,32.005,30.9143,459,54251,0.895091,0.81,2,435296,434837,459
31988321,207.191,227.419,474,26280,0.898,1,2,437601,437127,474
32032121,96.6763,108.368,468,26280,0.8092,1,2,437624,437156,468
32040881,66.9793,72.6235,501,26521,0.404829,1,1,437832,437331,501
32043801,69.3917,77.0494,492,26601,0.287932,1,1,437903,437411,492
32046721,44.5567,50.6198,487,26681,0.241173,1,1,437931,437444,487
32049641,28.0227,38.2479,474,26760,0.258469,1,1,437948,437474,474
32052561,28.0091,18.8992,496,26839,0.253388,0.91,1,437976,437480,496
32055481,36.4036,32.7597,496,26918,0.227355,0.83,1,438018,437522,496
32058401,53.5615,60.5039,482,26997,0.228942,0.59,1,438083,437601,482
32061321,59.8246,84.2015,446,27075,0.265577,0.41,1,438147,437701,446
32064241,64.1298,75.6806,443,27153,0.268231,0.33,1,438214,437771,443
32073001,42.0963,44.5396,432,27387,0.405247,0.27,1,438363,437931,432
32122641,65.7754,59.579,518,28672,0.752343,0.65,2,439227,438709,518
32125561,45.5102,62.8316,485,28746,0.774937,0.63,2,439259,438774,485
32128481,29.6041,44.9326,471,28820,0.771975,0.67,2,439278,438807,471
32131401,31.6416,28.7731,486,28893,0.78279,0.67,2,439311,438825,486
32134321,38.4567,30.7092,497,28966,0.823116,0.73,2,439354,438857,497
32137241,54.9827,37.4837,521,29039,0.863246,0.69,2,439420,438899,521
32140161,60.9931,54.5935,520,29112,0.879299,0.71,2,439485,438965,520
32143081,66.9972,60.2374,527,29185,0.897719,0.73,2,439556,439029,527
32383981,102.124,120.739,454,15742,0.04816,0,1,443572,443118,454
32386901,61.8498,84.2954,429,15877,0.019264,0.03,1,443607,443178,429
32389821,51.1399,55.3182,437,16011,0.0137056,0.01,1,443651,443214,437
32392741,148.856,157.727,425,16144,0.0354822,0.09,1,443865,443440,425
32395661,89.5424,94.8909,422,16276,0.0561929,0,1,443915,443493,422
32398581,84.417,85.3564,424,16406,0.0284772,0,1,443996,443572,424
32401501,54.1668,55.1425,423,16535,0.0293909,0.01,1,444030,443607,423
32404421,48.0667,48.457,423,16663,0.0297563,0.01,1,444074,443651,423
32414641,70.7009,82.3845,422,17167,0.0742018,0.03,1,444418,443996,422
32417561,48.6804,53.3538,422,17291,0.0356807,0.03,1,444452,444030,422
32420481,45.8721,47.7415,422,17414,0.0322723,0.15,1,444496,444074,422
32423401,149.749,139.697,440,17536,0.0549089,0.13,1,444715,444275,440
32426321,91.6995,63.0786,481,17657,0.0399636,0.23,1,444768,444287,481
32429241,79.2798,55.2315,502,17777,0.0219854,0,1,444839,444337,502
32432161,52.1119,70.6926,455,17896,0.0147942,0.01,1,444873,444418,455
32435081,47.2448,48.677,465,18015,0.0119177,0.03,1,444917,444452,465
32438001,20.0979,45.8708,423,18133,0.0107671,0.07,1,444919,444496,423
32440921,140.639,149.748,425,18250,0.0463068,0.03,1,445140,444715,425
32443841,86.8557,91.6993,423,18366,0.0485227,0.01,1,445191,444768,423
32446761,77.3423,79.2797,423,18482,0.0494091,0.01,1,445262,444839,423
32449681,50.7369,52.1119,422,18597,0.0497636,0.01,1,445295,444873,422
32452601,47.2948,47.2448,423,18711,0.0379055,0.01,1,445340,444917,423
32455521,20.1179,20.0979,423,18824,0.0331622,0.07,1,445342,444919,423
32458441,141.247,140.639,424,18937,0.0312649,0.05,1,445564,445140,424
32461361,87.0989,86.8557,424,19049,0.0785059,0.05,1,445615,445191,424
32470121,47.1183,47.2948,422,19381,0.0911844,0.03,1,445762,445340,422
32473041,20.0473,20.1179,422,19490,0.0664737,0.03,1,445764,445342,422
32475961,141.819,141.247,423,19599,0.0805895,0.03,1,445987,445564,423
32478881,87.9276,56.4989,475,19707,0.0742358,0.11,1,446039,445564,475
32487641,45.6594,44.8719,466,20028,0.212831,0.05,1,446183,445717,466
32490561,19.4637,44.9488,423,20134,0.235132,0.05,1,446185,445762,423
32494941,66.9542,141.472,425,20344,0.0988212,0.07,1,446412,445987,425
32497861,57.9817,87.7887,425,20448,0.0815285,0.13,1,446464,446039,425
32500781,68.7927,78.3155,429,20552,0.0986114,0.19,1,446540,446111,429
32503701,45.5171,48.1262,431,20655,0.0814446,0.25,1,446570,446139,431
32506621,46.4068,45.6505,434,20758,0.0625778,0.25,1,446617,446183,434
32509541,19.7627,19.4602,434,20860,0.0790311,0.03,1,446619,446185,434
32512461,137.505,128.384,449,20962,0.0616124,0.09,1,446835,446386,449
32515381,56.202,66.9536,425,21063,0.054645,0.07,1,446837,446412,425
32518301,54.2808,57.9815,426,21164,0.087858,0.11,1,446890,446464,426
32535821,56.1884,56.202,424,21758,0.206508,0.11,1,447261,446837,424
32544581,44.2521,43.4849,429,22049,0.216017,0.15,1,447422,446993,429
32547501,46.5008,46.194,429,22145,0.272407,0.19,1,447470,447041,429
32550421,19.8003,19.6776,429,22241,0.294963,0.17,1,447472,447043,429
32556261,56.6881,56.1884,431,22431,0.417994,0.15,1,447692,447261,431
32559181,55.0752,56.0754,429,22526,0.437198,0.15,1,447746,447317,429
32586921,44.0345,44.8032,448,23450,0.755249,0.57,2,448302,447854,448
32607361,30.8132,68.0863,458,24075,0.756576,0.77,2,448732,448274,458
32610281,29.1253,44.0345,458,24163,0.78863,0.73,2,448760,448302,458
32613201,42.8501,48.8138,458,24251,0.813452,0.73,2,448812,448354,458
32616121,18.34,20.7255,458,24338,0.847381,0.67,2,448814,448356,458
32619041,144.136,146.89,455,24425,0.896952,0.67,2,449042,448587,455
32731461,33.7798,38.3451,488,27605,0.887416,0.94,2,451167,450679,488
32734381,29.1119,32.7381,485,27682,0.804967,1,2,451193,450708,485
32737301,31.4448,28.0952,493,27759,0.759987,1,2,451226,450733,493
32740221,31.1779,33.4381,487,27835,0.777995,1,2,451257,450770,487
32769421,100.137,28.3832,605,28586,0.750993,0.67,2,451862,451257,605
32772341,62.8548,103.153,490,28660,0.822397,0.59,2,451900,451410,490
32775261,52.7419,64.6613,497,28734,0.862959,0.61,2,451946,451449,497
32927101,47.6735,54.8651,510,32342,0.79576,1,2,454494,453984,510
32944621,54.4529,63.0876,530,32732,0.296169,1,1,454742,454212,530
32947541,36.1812,62.4351,492,32797,0.220468,1,1,454766,454274,492
32953381,65.309,82.7096,467,32925,0.0940748,0.91,1,454882,454415,467
32956301,46.5236,54.6838,465,32989,0.0676299,0.71,1,454916,454451,465
32959221,40.2094,47.6735,458,33053,0.057052,0.71,1,454952,454494,458
32962141,31.0838,34.6694,457,33117,0.0288208,0.57,1,454977,454520,457
32965061,33.4335,36.0678,455,33181,0.0655283,0.53,1,455012,454557,455
32967981,30.1734,31.8271,454,33245,0.0802113,0.59,1,455040,454586,454
32970901,24.0694,28.3308,448,33309,0.0500845,0.37,1,455060,454612,448
32973821,49.2277,58.1323,436,33372,0.0740338,0.19,1,455126,454690,436
32979661,29.4764,36.1812,426,33498,0.0730454,0.17,1,455192,454766,426
32982581,26.1906,31.2725,422,33561,0.0832182,0.03,1,455216,454794,422
32985501,63.2762,65.309,422,33624,0.0752873,0.05,1,455304,454882,422
32988421,45.7105,46.5236,422,33687,0.0601149,0.05,1,455338,454916,422
32991341,39.8842,40.2094,422,33750,0.066046,0.01,1,455374,454952,422
32994261,30.9537,31.0838,422,33813,0.0564184,0.09,1,455399,454977,422
32997181,35.1815,33.4335,425,33876,0.0405674,0.09,1,455437,455012,425
33000101,29.0726,30.1734,422,33938,0.0462269,0.03,1,455462,455040,422
33003021,24.229,24.0694,423,34000,0.0844908,0.09,1,455483,455060,423
33038061,52.3211,24.2033,494,34739,0.244746,0.13,1,455977,455483,494
33040981,52.7284,49.8813,480,34800,0.283898,0.15,1,456030,455550,480
33046821,28.3565,27.661,457,34922,0.298624,0.17,1,456071,455614,457
33049741,62.3426,27.8644,514,34983,0.281449,0.19,1,456156,455642,514
33052661,44.737,61.5458,463,35043,0.27458,0.17,1,456189,455726,463
33055581,40.6948,44.4183,468,35103,0.271832,0.17,1,456227,455759,468
33058501,29.4779,41.1673,451,35163,0.270733,0.21,1,456249,455798,451
33061421,34.5912,29.6669,467,35223,0.294293,0.15,1,456287,455820,467
33070181,55.7578,25.8027,505,35403,0.296995,0.29,1,456412,455907,505
33087701,29.5637,44.737,435,35760,0.422025,0.27,1,456624,456189,435
33090621,34.6255,40.6948,435,35819,0.43881,0.27,1,456662,456227,435
33093541,27.6502,29.4779,436,35878,0.433524,0.31,1,456685,456249,436
33143181,55.998,55.5158,449,36867,0.755272,0.55,2,457353,456904,449
33146101,29.5992,29.4063,449,36924,0.800109,0.59,2,457365,456916,449
33149021,28.6397,28.5625,449,36981,0.806044,0.61,2,457393,456944,449
33151941,64.2559,63.625,450,37038,0.856417,0.61,2,457481,457031,450
33154861,26.9023,26.65,450,37095,0.852567,0.63,2,457483,457033,450
33157781,31.1609,30.46,451,37152,0.875027,0.63,2,457517,457066,451
33160701,35.2644,12.184,489,37209,0.896011,0.61,2,457555,457066,489
33163621,30.3058,27.6736,478,37266,0.892404,0.63,2,457582,457104,478
33359261,310.27,344.654,463,17520,0.416848,0.57,1,460089,459626,463
33365101,143.123,156.785,456,18482,0.0738957,0.05,1,460312,459856,456
33368021,95.6492,101.114,456,18597,0.0355583,0.05,1,460376,459920,456
33370941,68.2597,74.0455,450,18711,0.0202233,0.01,1,460426,459976,450
33373861,59.1039,78.2182,422,18824,0.0140893,0.03,1,460479,460057,422
33376781,42.8416,42.0873,436,18937,0.00563573,0.03,1,460511,460075,436
33379701,84.9366,92.4349,423,19049,0.0682543,0,1,460624,460201,423
33382621,99.9746,103.574,422,19160,0.0453017,0.01,1,460734,460312,422
33385541,78.3899,79.8296,422,19271,0.0241207,0.01,1,460798,460376,422
33388461,61.3559,61.9318,422,19381,0.0276483,0.01,1,460848,460426,422
33391381,56.3424,56.5727,422,19490,0.0530593,0,1,460901,460479,422
33394301,41.737,41.8291,422,19599,0.0392237,0,1,460933,460511,422
33397221,85.6948,16.7316,537,19707,0.0696895,0.11,1,461048,460511,537
33400141,99.0779,74.4927,532,19815,0.0338758,0.03,1,461156,460624,532
33403061,77.4312,95.7971,485,19922,0.0435503,0.01,1,461219,460734,485
33405981,60.9725,76.7188,471,20028,0.0234201,0.03,1,461269,460798,471
33408901,56.789,60.6875,475,20134,0.0273681,0.07,1,461323,460848,475
33411821,41.3156,56.075,453,20239,0.0289472,0.03,1,461354,460901,453
33414741,89.1262,41.63,542,20344,0.0295789,0.09,1,461475,460933,542
33417661,97.4505,85.652,530,20448,0.0178316,0.01,1,461578,461048,530
33420581,76.7802,99.0608,485,20552,0.0491326,0.05,1,461641,461156,485
33423501,60.1121,77.4243,471,20655,0.0376531,0.01,1,461690,461219,471
33426421,57.0448,60.9697,476,20758,0.0330612,0.03,1,461745,461269,476
33429341,41.4179,56.7879,453,20860,0.0552245,0.03,1,461776,461323,453
33432261,89.1672,41.3152,543,20962,0.0400898,0.03,1,461897,461354,543
33435181,36.8669,89.1261,424,21063,0.0340359,0.01,1,461899,461475,424
33438101,75.9467,97.4504,423,21164,0.0136144,0.07,1,462001,461578,423
33441021,68.1787,76.7802,423,21264,0.0474458,0.03,1,462064,461641,423
33443941,56.6715,60.1121,423,21364,0.0489783,0.03,1,462113,461690,423
33446861,55.6686,57.0448,423,21463,0.0255913,0.07,1,462168,461745,423
33449781,40.2674,41.4179,422,21562,0.0522365,0.03,1,462198,461776,422
33452701,89.307,89.1672,423,21660,0.0268946,0.03,1,462320,461897,423
33455621,36.9228,36.8669,423,21758,0.0167578,0,1,462322,461899,423
33458541,75.3691,75.9467,422,21855,0.0127031,0.07,1,462423,462001,422
33461461,69.7476,68.1787,425,21952,0.0590813,0.05,1,462489,462064,425
33464381,55.4991,56.6715,422,22049,0.0656325,0.01,1,462535,462113,422
33467301,55.7996,55.6686,423,22145,0.044253,0.07,1,462591,462168,423
33470221,40.3198,40.2674,423,22241,0.0717012,0.01,1,462621,462198,423
33473141,88.7279,89.307,422,22336,0.0706805,0.01,1,462742,462320,422
33476061,36.6912,36.9228,422,22431,0.0702722,0.01,1,462744,462322,422
33478981,75.2765,75.3691,422,22526,0.0581089,0.01,1,462845,462423,422
33514021,88.708,41.218,546,23630,0.260898,0.11,1,463590,463044,546
33516941,36.6832,88.4872,428,23720,0.290359,0.11,1,463592,463164,428
33519861,76.4733,36.5949,529,23809,0.278144,0.17,1,463695,463166,529
33522781,72.5893,74.638,499,23898,0.273257,0.11,1,463765,463266,499
33525701,57.2357,73.6552,473,23987,0.271303,0.13,1,463812,463339,473
33528621,24.0943,57.0621,429,24075,0.270521,0.17,1,463814,463385,429
33543221,75.4848,76.4733,435,24512,0.424469,0.27,1,464130,463695,435
33581181,39.6806,39.2219,484,25613,0.764541,0.61,2,464792,464308,484
33584101,92.0722,36.6888,576,25696,0.827816,0.63,2,464919,464343,576
33587021,38.0289,90.2755,452,25778,0.853127,0.63,2,464921,464469,452
33589941,78.8116,37.3102,556,25860,0.887251,0.69,2,465027,464471,556
33712581,63.445,34.6951,552,29100,0.866244,1,2,467264,466712,552
33715501,46.978,67.878,498,29173,0.784498,1,2,467300,466802,498
33718421,70.3912,46.9512,551,29246,0.775799,1,2,467386,466835,551
33721341,83.3565,69.7805,558,29318,0.77232,0.93,2,467478,466920,558
33724261,51.3426,77.7122,505,29390,0.794928,1,2,467508,467003,505
33727181,40.937,52.0849,504,29462,0.767971,1,2,467542,467038,504
33730101,42.1748,40.634,514,29534,0.781188,0.99,2,467585,467071,514
33733021,33.6699,44.4536,495,29606,0.786475,1,2,467613,467118,495
33735941,32.068,35.7814,496,29677,0.80059,0.97,2,467644,467148,496
33738861,60.2272,34.1126,542,29748,0.830236,0.79,2,467723,467181,542
33741781,45.6909,63.445,495,29819,0.806094,0.73,2,467759,467264,495
33744701,19.4763,46.978,461,29890,0.796438,0.77,2,467761,467300,461
33747621,58.7905,70.3912,460,29961,0.876575,0.77,2,467846,467386,460
33750541,79.3162,83.3565,461,30032,0.89663,0.81,2,467939,467478,461
33890701,49.8035,51.5217,487,33245,0.77704,1,2,470125,469638,487
33902381,47.4462,38.7158,504,33498,0.0776842,1,1,470325,469821,504
33905301,45.9785,46.0863,498,33561,0.0610737,1,1,470370,469872,498
33908221,33.3914,36.4345,493,33624,0.0424295,1,1,470395,469902,493
33911141,34.9566,44.5738,479,33687,0.0469718,1,1,470431,469952,479
33914061,32.5826,39.4295,474,33750,0.0367887,0.94,1,470462,469988,474
33916981,26.233,33.7718,466,33813,0.0207155,0.87,1,470484,470018,466
33919901,42.8932,46.5087,465,33876,0.0262862,0.69,1,470538,470073,465
33922821,42.3573,49.8035,455,33938,0.0405145,0.53,1,470580,470125,455
33925741,37.9429,45.7214,447,34000,0.0462058,0.39,1,470615,470168,447
33928661,33.7772,42.2886,438,34062,0.0604823,0,1,470646,470208,438
33931581,54.3109,66.1154,424,34124,0.0241929,0,1,470714,470290,424
33934501,42.1243,47.4462,423,34186,0.00967717,0.05,1,470748,470325,423
33937421,43.2497,45.9785,422,34248,0.0218709,0.05,1,470792,470370,422
33940341,31.6999,18.3914,446,34310,0.0147483,0.03,1,470816,470370,446
33943261,35.48,22.3566,459,34372,0.0358993,0.05,1,470854,470395,459
33946181,31.592,30.5426,452,34434,0.0323597,0.03,1,470883,470431,452
33949101,26.4368,30.817,444,34495,0.0189439,0.01,1,470906,470462,444
33952021,42.3747,25.5268,475,34556,0.0495776,0.03,1,470959,470484,475
33954941,42.1499,42.6107,463,34617,0.085831,0.05,1,471001,470538,463
33957861,38.46,42.2443,457,34678,0.0883324,0.05,1,471037,470580,457
33960781,33.384,37.8977,452,34739,0.089333,0.07,1,471067,470615,452
33963701,54.1536,33.7591,489,34800,0.0357332,0,1,471135,470646,489
33966621,42.0614,54.3036,455,34861,0.0322933,0,1,471169,470714,455
33969541,46.8246,42.1215,471,34922,0.0309173,0.03,1,471219,470748,471
33972461,29.5298,43.2486,445,34983,0.0303669,0.01,1,471237,470792,445
33975381,35.8119,31.6994,461,35043,0.0301468,0.05,1,471277,470816,461
33978301,31.1248,35.4798,451,35103,0.0300587,0.03,1,471305,470854,451
33981221,26.2499,31.5919,445,35163,0.0180235,0.01,1,471328,470883,445
33984141,42.3,26.4368,475,35223,0.0372094,0.07,1,471381,470906,475
33987061,43.32,42.3747,466,35283,0.0568838,0.11,1,471425,470959,466
33989981,37.128,42.1499,457,35343,0.0767535,0.09,1,471458,471001,457
33992901,35.2512,38.46,455,35403,0.0847014,0.09,1,471492,471037,455
33995821,52.5005,33.384,489,35463,0.0878806,0,1,471556,471067,489
33998741,41.4002,54.1536,455,35523,0.0411522,0.03,1,471590,471135,455
34001661,47.1601,42.0614,472,35583,0.0224609,0.03,1,471641,471169,472
34004581,30.264,46.8246,441,35642,0.0629844,0.03,1,471660,471219,441
34007501,13.3056,29.5298,425,35701,0.0791937,0.03,1,471662,471237,425
34010421,28.1222,35.8119,423,35760,0.0376775,0.03,1,471700,471277,423
34013341,28.0489,31.1248,423,35819,0.081071,0.01,1,471728,471305,423
34016261,25.0196,26.2499,423,35878,0.0984284,0.05,1,471751,471328,423
34019181,43.0078,42.3,425,35937,0.0693714,0.07,1,471806,471381,425
34022101,43.6031,43.32,425,35996,0.0457485,0.09,1,471850,471425,425
34025021,37.8413,37.128,426,36055,0.0362994,0.09,1,471884,471458,426
34027941,35.5365,35.2512,426,36114,0.0445198,0.09,1,471918,471492,426
34030861,51.4146,52.5005,424,36173,0.0358079,0.01,1,471980,471556,424
34033781,39.7658,41.4002,422,36231,0.0563232,0.01,1,472012,471590,422
34036701,47.7063,47.1601,424,36289,0.0405293,0.09,1,472065,471641,424
34039621,30.4825,30.264,424,36347,0.0582117,0.09,1,472084,471660,424
34042541,13.393,13.3056,424,36405,0.0412847,0.01,1,472086,471662,424
34045461,27.5572,28.1222,423,36463,0.0345139,0.11,1,472123,471700,423
34048381,29.6229,28.0489,426,36521,0.0318055,0.11,1,472154,471728,426
34051301,25.0492,25.0196,425,36579,0.0547222,0.05,1,472176,471751,425
34054221,41.2197,43.0078,422,36637,0.0278889,0.03,1,472228,471806,422
34057141,43.4879,43.6031,423,36695,0.0411556,0.03,1,472273,471850,423
34060061,37.1951,37.8413,422,36753,0.0584622,0.05,1,472306,471884,422
34062981,35.2781,35.5365,422,36810,0.0893849,0.03,1,472340,471918,422
34065901,52.5112,51.4146,424,36867,0.077754,0.07,1,472404,471980,424
34068821,40.8045,39.7658,425,36924,0.0971016,0.03,1,472437,472012,425
34071741,46.3218,47.7063,422,36981,0.0568406,0.07,1,472487,472065,422
34074661,30.5287,30.4825,423,37038,0.0287363,0.03,1,472507,472084,423
34077581,13.4115,13.393,423,37095,0.0174945,0.03,1,472509,472086,423
34080501,27.5646,27.5572,423,37152,0.0249978,0.03,1,472546,472123,423
34083421,29.0258,11.0229,453,37209,0.0279991,0.03,1,472576,472123,453
34086341,24.8103,23.0092,444,37266,0.0411996,0.07,1,472598,472154,444
34098021,36.5295,37.0258,458,37493,0.220655,0.11,1,472764,472306,458
34100941,53.6118,35.2103,489,37549,0.226262,0.07,1,472829,472340,489
34103861,40.6447,52.4841,457,37605,0.228505,0.11,1,472861,472404,457
34106781,44.4579,40.7937,471,37661,0.253402,0.03,1,472908,472437,471
34109701,29.7832,46.3175,441,37717,0.239361,0.01,1,472928,472487,441
34112621,13.1133,30.527,423,37773,0.233744,0.01,1,472930,472507,423
34115541,28.0453,13.4108,459,37829,0.243498,0.03,1,472968,472509,459
34118461,29.2181,27.5643,452,37885,0.259399,0.03,1,472998,472546,452
34121381,26.6872,29.0257,447,37941,0.27776,0.05,1,473023,472576,447
34133061,38.6128,37.3239,469,38164,0.402871,0.25,1,473197,472728,469
34226501,29.9945,29.9427,456,39896,0.773498,0.69,2,474306,473850,456
34229421,29.9978,29.9771,456,39949,0.759399,0.75,2,474336,473880,456
34232341,28.1991,27.5908,457,40002,0.76576,0.71,2,474363,473906,457
34235261,12.4797,12.2363,457,40055,0.792304,0.69,2,474365,473908,457
34238181,40.9919,41.4945,456,40108,0.802922,0.69,2,474425,473969,456
34241101,43.9967,16.5978,502,40161,0.855169,0.73,2,474471,473969,502
34244021,40.3987,34.8391,493,40214,0.876067,0.71,2,474509,474016,493
34246941,38.9595,37.3357,492,40267,0.884427,0.67,2,474547,474055,492
34381261,36.2784,25.4992,512,42611,0.87304,1,2,476208,475696,512
34384181,33.1114,27.5997,514,42661,0.799216,1,2,476239,475725,514
34387101,24.6445,30.8399,500,42710,0.793686,1,2,476258,475758,500
34401701,36.9436,34.0771,507,42955,0.265225,1,1,476423,475916,507
34407541,25.711,12.1723,527,43053,0.082036,1,1,476471,475944,527
34410461,39.0844,24.6689,542,43102,0.0388144,1,1,476519,475977,542
34413381,37.2338,54.2676,504,43151,0.0335258,1,1,476555,476051,504
34416301,46.0935,40.307,525,43200,0.0674103,0.89,1,476607,476082,525
34419221,37.6374,51.5228,498,43249,0.0449641,0.89,1,476639,476141,498
34422141,33.055,41.0091,494,43298,0.0479857,0.85,1,476669,476175,494
34425061,30.022,36.2037,489,43347,0.0371943,0.75,1,476697,476208,489
34427981,24.6088,33.0815,479,43396,0.0568777,0.79,1,476718,476239,479
34430901,17.6435,24.6326,473,43445,0.0407511,0.71,1,476731,476258,473
34433821,23.2574,21.853,480,43494,0.0463004,0.63,1,476758,476278,480
34436741,23.703,29.7412,469,43543,0.0365202,0.55,1,476782,476313,469
34439661,35.8812,29.8965,483,43591,0.0206081,0.23,1,476826,476343,483
34442581,31.7525,38.3586,468,43639,0.0622432,0.19,1,476855,476387,468
34445501,24.701,36.9434,452,43687,0.0908973,0.09,1,476875,476423,452
34448421,23.0804,29.7774,449,43735,0.0783589,0.03,1,476897,476448,449
34451341,35.0322,25.7109,469,43783,0.0853436,0.01,1,476940,476471,469
34454261,36.2129,39.0844,458,43831,0.0641374,0.03,1,476977,476519,458
34480541,35.9784,23.703,467,44263,0.0803011,0.01,1,477249,476782,467
34483461,32.9914,35.8812,454,44311,0.0741204,0.09,1,477280,476826,454
34486381,24.5965,31.7525,444,44359,0.0956482,0.11,1,477299,476855,444
34521421,22.6928,23.946,426,44925,0.214691,0.05,1,477631,477205,426
34524341,35.4771,35.9784,426,44972,0.235876,0.07,1,477675,477249,426
34527261,33.9908,32.9914,428,45019,0.23235,0.11,1,477708,477280,428
34530181,24.3963,24.5965,427,45066,0.20694,0.13,1,477726,477299,427
34533101,23.5585,23.0386,428,45113,0.220776,0.17,1,477749,477321,428
34536021,36.4234,34.4154,431,45160,0.21431,0.17,1,477794,477363,431
34538941,15.7694,14.9662,431,45207,0.211724,0.17,1,477796,477365,431
34541861,25.5077,26.9865,428,45254,0.21069,0.13,1,477828,477400,428
34544781,44.4031,44.9946,428,45301,0.222276,0.17,1,477885,477457,428
34547701,36.9612,37.1978,428,45348,0.25091,0.11,1,477917,477489,428
34550621,32.1845,32.2791,428,45395,0.262364,0.15,1,477946,477518,428
34553541,30.8738,30.3117,429,45441,0.278946,0.19,1,477976,477547,429
34556461,26.1495,25.3247,430,45487,0.273578,0.21,1,477999,477569,430
34559381,17.6598,17.3299,430,45533,0.295431,0.19,1,478011,477581,430
34565221,22.9856,22.6928,431,45625,0.283669,0.25,1,478062,477631,431
34600261,27.0651,30.482,457,46177,0.440063,0.27,1,478433,477976,457
34603181,18.026,25.9928,446,46223,0.434025,0.31,1,478445,477999,446
34655741,37.7442,23.6442,492,47036,0.777412,0.49,2,478989,478497,492
34658661,34.8977,37.6577,478,47081,0.784965,0.51,2,479022,478544,478
34661581,24.7591,34.2631,464,47126,0.787986,0.51,2,479040,478576,464
34664501,23.1036,24.5052,468,47171,0.813194,0.51,2,479062,478594,468
34667421,35.6415,23.0021,490,47216,0.823278,0.51,2,479106,478616,490
34670341,15.4566,35.6008,448,47261,0.827311,0.51,2,479108,478660,448
34673261,27.1826,15.4403,481,47306,0.816924,0.51,2,479143,478662,481
34676181,45.6731,26.5761,505,47351,0.84877,0.55,2,479201,478696,505
34679101,19.4692,44.8305,450,47396,0.861508,0.57,2,479203,478753,450
34682021,29.3877,39.5322,450,47440,0.890603,0.61,2,479239,478789,450
34940441,182.477,178.708,500,23451,0.2188,0.95,1,481906,481406,500
34946281,77.6763,83.9133,485,23631,0.096208,0.77,1,482021,481536,485
34949201,72.4705,65.3653,501,23721,0.0564832,0.59,1,482090,481589,501
34952121,61.3882,69.3461,483,23810,0.0525933,0.35,1,482144,481661,483
34955041,57.5553,67.3385,472,23899,0.0390373,0.17,1,482199,481727,472
34957961,40.4221,63.5354,440,23988,0.0696149,0.15,1,482228,481788,440
34960881,25.1688,35.6142,438,24076,0.081846,0.03,1,482243,481805,438
34969641,58.7068,60.4553,423,24339,0.0712381,0.03,1,482444,482021,423
34972561,64.8827,65.5821,423,24426,0.0584953,0.05,1,482513,482090,423
34975481,59.5531,58.6328,425,24513,0.0413981,0.03,1,482569,482144,425
34978401,55.6212,56.4531,423,24599,0.0225592,0.09,1,482622,482199,423
34981321,40.8485,39.9813,425,24685,0.0270237,0.09,1,482653,482228,425
34984241,25.9394,24.9925,426,24771,0.0288095,0.15,1,482669,482243,426
34987161,63.7758,61.597,429,24857,0.0775238,0.09,1,482758,482329,429
34995921,62.9056,64.8782,422,25112,0.238482,0.03,1,482935,482513,422
34998841,58.7623,59.5513,422,25196,0.269393,0.01,1,482991,482569,422
35001761,55.3049,55.6205,422,25280,0.281757,0.03,1,483044,482622,422
35004681,41.322,40.8482,423,25364,0.274703,0.03,1,483076,482653,423
35007601,27.3288,25.9393,425,25448,0.271881,0.03,1,483094,482669,425
35010521,64.9315,10.3757,515,25531,0.294752,0.11,1,483184,482669,515
35030961,27.3826,41.2965,452,26106,0.405129,0.27,1,483528,483076,452
35039721,58.7045,60.171,494,26349,0.414968,0.33,1,483735,483241,494
35074761,57.6416,57.2051,449,27297,0.761068,0.57,2,484368,483919,449
35077681,43.4566,42.082,451,27375,0.790427,0.61,2,484402,483951,451
35080601,28.7827,27.6328,452,27452,0.766171,0.61,2,484421,483969,452
35083521,66.1131,65.6531,452,27529,0.768468,0.61,2,484512,484060,452
35086441,61.2452,61.0613,452,27606,0.769387,0.61,2,484570,484118,452
35089361,25.6981,25.6245,452,27683,0.793755,0.67,2,484572,484120,452
35092281,48.0792,45.6498,456,27760,0.851502,0.71,2,484635,484179,456
35223681,56.7968,61.3385,484,31004,0.828277,1,2,486943,486459,484
35235361,36.1724,40.4935,481,31276,0.23706,1,1,487102,486621,481
35241201,39.9876,44.879,510,31412,0.0823296,1,1,487195,486685,510
35244121,54.395,42.5516,533,31479,0.0389318,1,1,487259,486726,533
35247041,40.958,50.0206,510,31546,0.0335727,1,1,487291,486781,510
35249961,52.3832,41.6083,534,31613,0.0434291,0.91,1,487351,486817,534
35252881,47.9533,59.2433,508,31680,0.0593716,0.75,1,487396,486888,508
35255801,34.7813,56.6973,479,31747,0.0657487,0.59,1,487422,486943,479
35258721,41.5125,41.2789,494,31814,0.0802995,0.35,1,487468,486974,494
35261641,35.805,51.3116,468,31881,0.0501198,0.29,1,487500,487032,468
35264561,29.322,43.9246,454,31947,0.0260479,0.15,1,487525,487071,454
35267481,46.5288,36.1699,481,32013,0.0284192,0.01,1,487583,487102,481
35270401,38.4115,50.4679,454,32079,0.0413677,0.07,1,487616,487162,454
35273321,54.3646,39.9872,486,32145,0.0465471,0.01,1,487681,487195,486
35279161,51.4183,40.9579,481,32277,0.0734475,0.05,1,487772,487291,481
35282081,49.3673,52.3832,469,32343,0.083379,0.07,1,487820,487351,469
35296681,45.207,29.322,479,32668,0.0795258,0.03,1,488004,487525,479
35299601,38.4828,46.5288,455,32733,0.0378103,0.05,1,488038,487583,455
35302521,16.5931,38.4115,424,32798,0.0211241,0.05,1,488040,487616,424
35305441,48.0372,54.3646,428,32862,0.0384496,0.15,1,488109,487681,428
35308361,37.8149,41.5458,426,32926,0.0813799,0.05,1,488140,487714,426
35311281,48.726,51.4183,424,32990,0.098552,0.09,1,488196,487772,424
35320041,45.1185,41.8588,432,33182,0.203347,0.19,1,488323,487891,432
35334641,15.7471,16.5931,422,33499,0.0706167,0.05,1,488462,488040,422
35337561,48.2989,48.0372,423,33562,0.0462467,0.11,1,488532,488109,423
35340481,39.1195,37.8149,425,33625,0.0244987,0.11,1,488565,488140,425
35343401,50.4478,48.726,427,33688,0.0757995,0.19,1,488623,488196,427
35346321,51.3791,49.4904,429,33751,0.0723198,0.17,1,488675,488246,429
35349241,34.9517,34.7962,428,33814,0.0949279,0.23,1,488699,488271,428
35352161,46.9807,45.1185,431,33877,0.0919712,0.19,1,488754,488323,431
35366761,14.8062,15.7471,424,34187,0.201419,0.03,1,488886,488462,424
35395961,34.4452,37.0198,461,34801,0.204625,0.21,1,489313,488852,461
35398881,14.9781,34.0079,431,34862,0.20785,0.21,1,489315,488884,431
35401801,44.9912,14.8032,494,34923,0.20914,0.15,1,489380,488886,494
35404721,38.3965,46.7213,460,34984,0.209656,0.09,1,489414,488954,460
35407641,51.3586,38.4885,487,35044,0.209862,0.11,1,489474,488987,487
35410561,51.7434,51.3954,479,35104,0.233945,0.13,1,489526,489047,479
35413481,35.0974,51.7582,451,35164,0.267578,0.13,1,489550,489099,451
35422241,32.0302,39.4565,456,35344,0.407125,0.19,1,489669,489213,456
35474801,16.7841,16.7231,449,36406,0.773146,0.57,2,490297,489848,449
35477721,43.3137,42.6892,450,36464,0.771258,0.59,2,490358,489908,450
35480641,50.3255,49.4757,451,36522,0.806503,0.63,2,490413,489962,451
35483561,34.5302,34.1903,451,36580,0.820601,0.67,2,490437,489986,451
35486481,52.8121,51.4761,453,36638,0.826241,0.61,2,490502,490049,453
35489401,42.1248,41.5904,453,36696,0.852496,0.63,2,490537,490084,453
35492321,34.2499,33.4362,454,36754,0.862998,0.73,2,490566,490112,454
35495241,43.1,41.5745,456,36811,0.855199,0.71,2,490615,490159,456
35498161,38.84,37.6298,457,36868,0.86408,0.71,2,490651,490194,457
35501081,16.736,16.2519,457,36925,0.867632,0.77,2,490653,490196,457
35506921,39.8778,38.9603,459,37039,0.896021,0.79,2,490754,490295,459
35652921,46.2867,37.8826,498,39791,0.838088,1,2,492671,492173,498
35655841,37.7147,30.753,504,39844,0.809235,1,2,492703,492199,504
35658761,34.8859,34.5012,500,39897,0.761694,1,2,492736,492236,500
35661681,39.7543,48.0005,486,39950,0.790678,0.98,2,492779,492293,486
35664601,36.3017,33.0002,497,40003,0.754271,1,2,492813,492316,497
35711321,29.3252,31.3681,483,40840,0.752223,0.69,2,493359,492876,483
35714241,32.7301,29.3472,490,40892,0.786889,0.69,2,493394,492904,490
35717161,34.092,32.7389,490,40944,0.788756,0.67,2,493429,492939,490
35720081,35.8368,34.6956,491,40996,0.813502,0.63,2,493466,492975,491
35723001,37.1347,36.0782,492,41047,0.835401,0.65,2,493504,493012,492
35725921,36.4539,38.4313,488,41098,0.86816,0.67,2,493540,493052,488
35728841,42.7816,35.1725,502,41149,0.893264,0.63,2,493587,493085,502
35944921,38.3845,39.5838,494,44785,0.858256,1,2,496108,495614,494
35947841,36.3538,35.0335,497,44832,0.805302,1,2,496143,495646,497
35971201,27.9005,33.486,484,45208,0.436064,1,1,496387,495903,484
35979961,26.6496,35.3831,471,45349,0.251828,0.91,1,496472,496001,471
35982881,28.6599,35.1532,466,45396,0.202731,0.93,1,496502,496036,466
35991641,34.1862,36.3538,459,45534,0.0501748,0.71,1,496602,496143,459
35994561,30.4745,32.5415,457,45580,0.0260699,0.59,1,496630,496173,457
35997481,28.3898,35.2166,447,45626,0.016428,0.49,1,496657,496210,447
36000401,30.5559,36.2866,442,45672,0.0245712,0.51,1,496689,496247,442
36003321,33.2224,33.1147,446,45718,0.0398285,0.41,1,496724,496278,446
36006241,31.8889,32.4459,445,45764,0.0339314,0.45,1,496755,496310,445
36009161,30.1556,30.3783,445,45810,0.0435726,0.49,1,496784,496339,445
36012081,21.6622,21.7513,445,45856,0.047429,0.41,1,496800,496355,445
36015001,26.6649,27.9005,443,45902,0.0609716,0.37,1,496830,496387,443
36017921,27.466,31.5602,437,45948,0.0543886,0.37,1,496858,496421,437
36020841,22.3864,12.6241,456,45994,0.0517555,0.31,1,496877,496421,456
36023761,24.5546,20.0496,457,46040,0.0747022,0.19,1,496903,496446,457
36026681,26.0218,23.6199,458,46086,0.0718809,0.17,1,496930,496472,458
36029601,27.8087,27.4479,457,46132,0.0587523,0.15,1,496959,496502,457
36032521,27.9235,30.1792,453,46178,0.0535009,0.07,1,496987,496534,453
36035441,32.7694,31.2717,457,46224,0.0394004,0.01,1,497023,496566,457
36038361,29.9078,34.1087,449,46270,0.0337601,0.01,1,497051,496602,449
36041281,28.1631,30.4435,448,46316,0.0315041,0.01,1,497078,496630,448
36044201,30.4652,28.3774,453,46362,0.0306016,0.03,1,497110,496657,453
36047121,33.1861,30.551,456,46407,0.0422406,0.05,1,497145,496689,456
36050041,31.8744,33.2204,452,46452,0.0468963,0.03,1,497176,496724,452
36052961,30.7498,31.8882,451,46497,0.0187585,0.05,1,497206,496755,451
36055881,22.4999,30.1553,439,46542,0.0615034,0.05,1,497223,496784,439
36085081,28.5457,29.9078,449,46992,0.079934,0.03,1,497500,497051,449
36088001,31.2183,28.1631,455,47037,0.0619736,0.03,1,497533,497078,455
36090921,34.6873,30.4652,460,47082,0.0547894,0.05,1,497570,497110,460
36093841,30.6749,33.1861,453,47127,0.0519158,0.05,1,497598,497145,453
36096761,31.47,31.8744,454,47172,0.0387663,0,1,497630,497176,454
36099681,23.388,30.7498,442,47217,0.0335065,0.09,1,497648,497206,442
36102601,27.9552,22.4999,456,47262,0.0554026,0.13,1,497679,497223,456
36105521,27.9821,26.4,455,47307,0.076161,0.15,1,497707,497252,455
36108441,23.1928,26.76,448,47352,0.0964644,0.13,1,497727,497279,448
36146401,24.05,23.388,425,47925,0.096906,0.07,1,498073,497648,425
36161001,21.1474,21.5909,427,48145,0.21082,0.15,1,498185,497758,427
36163921,22.859,23.0363,427,48189,0.234328,0.11,1,498209,497782,427
36166841,27.1436,27.2145,427,48233,0.255731,0.13,1,498239,497812,427
36169761,27.6574,27.0858,428,48277,0.288292,0.17,1,498267,497839,428
36172681,32.663,32.4343,428,48321,0.289317,0.13,1,498303,497875,428
36184361,34.1434,34.5311,426,48496,0.282207,0.09,1,498420,497994,426
36187281,31.6573,31.8124,426,48539,0.274883,0.11,1,498450,498024,426
36190201,30.0629,30.125,426,48582,0.283953,0.09,1,498479,498053,426
36193121,24.0252,24.05,426,48625,0.263581,0.17,1,498499,498073,426
36196041,31.2101,28.82,430,48668,0.267433,0.19,1,498535,498105,430
36198961,29.284,28.928,429,48711,0.280973,0.17,1,498563,498134,429
36201881,25.5136,24.1712,431,48754,0.274389,0.19,1,498586,498155,431
36204801,11.4054,10.8685,431,48797,0.271756,0.23,1,498588,498157,431
36207721,22.5622,21.1474,433,48840,0.282702,0.23,1,498618,498185,433
36210641,23.4249,8.45896,457,48883,0.275081,0.25,1,498642,498185,457
36213561,27.9699,17.7836,464,48926,0.296032,0.27,1,498673,498209,464
36254441,22.55,11.4054,463,49528,0.409264,0.29,1,499051,498588,463
36257361,24.02,22.5622,458,49571,0.421705,0.27,1,499076,498618,458
36260281,29.408,23.4249,467,49614,0.438682,0.31,1,499109,498642,467
36304081,24.3489,22.55,467,50244,0.765666,0.43,2,499518,499051,467
36315761,30.9593,33.2653,447,50412,0.778913,0.51,2,499621,499174,447
36318681,26.7837,27.7061,447,50454,0.773565,0.55,2,499645,499198,447
36321601,28.1135,26.0824,451,50496,0.819426,0.61,2,499674,499223,451
36324521,31.0454,29.633,452,50538,0.86177,0.61,2,499707,499255,452
36327441,34.0182,33.4532,452,50580,0.878708,0.63,2,499743,499291,452
36330361,32.8073,31.9813,453,50622,0.861483,0.63,2,499775,499322,453
36333281,29.9229,29.5925,453,50664,0.878593,0.63,2,499803,499350,453
36336201,25.7692,25.037,454,50706,0.873437,0.65,2,499826,499372,454
36339121,30.7077,30.4148,454,50748,0.859375,0.63,2,499860,499406,454
36342041,30.2831,29.5659,455,50790,0.85375,0.71,2,499890,499435,455
36344961,28.9132,26.8264,458,50831,0.8635,0.71,2,499918,499460,458
36347881,12.7653,11.9305,458,50872,0.8674,0.75,2,499920,499462,458
36350801,24.9061,23.3722,460,50913,0.88096,0.79,2,499953,499493,460
36353721,25.5624,24.3489,461,50954,0.898384,0.73,2,499979,499518,461
36561041,25.3661,29.1381,491,53807,0.841648,1,2,501943,501452,491
36625281,303.265,341.047,446,24820,0.260634,0.37,1,502522,502076,446
36636961,54.0212,53.4668,453,25160,0.0782402,0.01,1,502755,502302,453
36639881,51.6085,56.7867,444,25244,0.0612961,0.03,1,502805,502361,444
36642801,66.8434,47.9147,479,25328,0.0245184,0.03,1,502882,502403,479
36645721,44.1374,69.5659,424,25412,0.0758074,0.05,1,502911,502487,424
36648641,30.2549,34.4263,434,25495,0.096323,0.03,1,502932,502498,434
36666161,64.5117,48.7915,498,25990,0.0653424,0,1,503303,502805,498
36669081,45.0047,65.7166,453,26072,0.0801369,0.11,1,503335,502882,453
36672001,31.8019,43.6866,447,26153,0.0980548,0.11,1,503358,502911,447
36704121,58.9328,74.5683,430,27032,0.223097,0.19,1,503959,503529,430
36707041,44.5731,50.2273,431,27110,0.287239,0.19,1,503994,503563,431
36782961,63.3423,29.0578,536,29073,0.809947,0.61,2,505285,504749,536
36785881,48.1369,63.8231,487,29146,0.857979,0.55,2,505323,504836,487
36788801,47.4548,48.9292,495,29219,0.889192,0.57,2,505370,504875,495
36791721,53.7819,47.1717,507,29291,0.889677,0.65,2,505428,504921,507
36794641,63.5128,51.2687,523,29363,0.889871,0.71,2,505498,504975,523
36928961,45.043,63.4508,508,32513,0.857526,1,2,507685,507177,508
36931881,36.0172,42.7803,509,32578,0.781011,1,2,507715,507206,509
36940641,35.7851,34.8019,517,32773,0.446225,1,1,507826,507309,517
36943561,49.714,64.9208,491,32838,0.28049,1,1,507885,507394,491
36949401,31.3542,37.8673,483,32966,0.0772784,1,1,507945,507462,483
36952321,58.7417,65.5469,476,33030,0.0729114,0.98,1,508022,507546,476
36955241,43.8967,46.0188,477,33094,0.0831645,0.89,1,508056,507579,477
36958161,53.5587,61.6075,465,33158,0.0632658,0.81,1,508116,507651,465
36961081,40.6235,45.043,463,33222,0.0673063,0.73,1,508148,507685,463
36964001,30.6494,36.0172,457,33286,0.0569225,0.59,1,508172,507715,457
36966921,32.0598,38.4069,450,33350,0.052769,0.49,1,508205,507755,450
36969841,31.4239,36.9628,445,33413,0.0511076,0.37,1,508236,507791,445
36972761,29.3696,35.7851,438,33476,0.062443,0.17,1,508264,507826,438
36975681,41.7478,49.714,429,33539,0.0909772,0.11,1,508314,507885,429
37016561,55.6841,22.9519,502,34412,0.0967621,0.07,1,508869,508367,502
37028241,29.9663,40.9988,449,34656,0.200957,0.19,1,509022,508573,449
37031161,31.7865,28.9995,461,34717,0.230383,0.13,1,509055,508594,461
37034081,31.9146,31.3998,460,34778,0.242153,0.13,1,509087,508627,460
37037001,29.5658,32.3599,455,34839,0.258861,0.15,1,509115,508660,455
37039921,44.2263,30.344,480,34900,0.289544,0.13,1,509169,508689,480
37069121,30.6384,31.9146,463,35501,0.406528,0.27,1,509550,509087,463
37074961,38.1421,44.2263,470,35620,0.404645,0.35,1,509639,509169,470
37077881,26.0569,36.8905,456,35679,0.407858,0.35,1,509657,509201,456
37080801,11.6227,25.5562,440,35738,0.409143,0.41,1,509659,509219,440
37121681,43.5084,41.9396,447,36557,0.800834,0.61,2,510219,509772,447
37124601,58.2034,54.5759,452,36615,0.854334,0.61,2,510287,509835,452
37127521,43.6813,42.2303,452,36673,0.875733,0.65,2,510321,509869,452
37156721,46.6586,21.3084,500,37245,0.897969,0.85,2,510682,510182,500
37359661,328.085,363.139,470,17520,0.428694,0.79,1,513306,512836,470
37374261,59.7404,72.4152,448,18824,0.0461594,0.01,1,513692,513244,448
37377181,45.4962,52.9661,444,18937,0.0184638,0.01,1,513728,513284,444
37380101,78.7985,94.3864,423,19049,0.0493855,0.09,1,513829,513406,423
37388861,67.3951,71.1527,422,19381,0.227081,0.01,1,514066,513644,422
37397621,77.1533,17.8018,523,19707,0.0757332,0.07,1,514251,513728,523
37400541,92.0613,67.7207,524,19815,0.0842933,0.17,1,514353,513829,524
37403461,90.2245,85.2883,516,19922,0.0757173,0.19,1,514442,513926,516
37406381,69.6898,85.7153,486,20028,0.0482869,0.27,1,514498,514012,486
37409301,54.2759,66.6861,476,20134,0.0373148,0.15,1,514542,514066,476
37412221,42.1104,56.6745,460,20239,0.0449259,0.07,1,514576,514116,460
37415141,75.6441,44.2698,522,20344,0.0479704,0.05,1,514674,514152,522
37423901,68.3452,90.2173,478,20655,0.26539,0.03,1,514920,514442,478
37450181,42.5883,42.4952,439,21562,0.401895,0.33,1,515438,514999,439
37453101,75.8353,76.3981,438,21660,0.418758,0.33,1,515536,515098,438
37456021,31.5341,31.7592,438,21758,0.449503,0.31,1,515538,515100,438
37473541,77.393,75.8353,444,22336,0.777627,0.47,2,515980,515536,444
37476461,32.1572,31.5341,444,22431,0.797051,0.55,2,515982,515538,444
37479381,80.0629,77.4137,448,22526,0.82882,0.55,2,516094,515646,448
37482301,88.4252,30.9655,542,22620,0.817528,0.59,2,516188,515646,542
37485221,72.5701,67.5862,512,22714,0.849011,0.71,2,516250,515738,512
37488141,61.428,61.8345,508,22807,0.813605,0.73,2,516304,515796,508
37491061,45.5712,54.7338,493,22900,0.799442,0.75,2,516339,515846,493
37493981,78.2285,42.2935,559,22993,0.805777,0.81,2,516439,515880,559
37496901,32.4914,76.9174,461,23085,0.808311,0.81,2,516441,515980,461
37499821,81.3966,31.967,573,23177,0.845324,0.85,2,516555,515982,573
37502741,89.5586,79.9868,556,23268,0.89613,0.81,2,516650,516094,556
37584501,77.7405,42.6087,571,25696,0.8092,1,2,518332,517761,571
37590341,68.9585,50.6174,552,25860,0.286672,1,1,518446,517894,552
37596181,71.2734,82.0188,540,26024,0.0530675,1,1,518607,518067,540
37599101,41.1093,71.2075,497,26105,0.039227,1,1,518628,518131,497
37602021,39.2437,38.683,518,26186,0.0336908,1,1,518666,518148,518
37604941,34.2975,41.8732,505,26267,0.0194763,0.98,1,518697,518192,505
37607861,66.519,38.3493,557,26348,0.0617905,0.69,1,518785,518228,557
37610781,42.2076,77.7397,479,26428,0.0547162,0.53,1,518811,518332,479
37613701,52.283,50.8959,505,26508,0.0758865,0.05,1,518870,518365,505
37616621,80.3132,68.9584,523,26588,0.0603546,0.03,1,518969,518446,523
37619541,68.1253,88.1833,482,26668,0.0241418,0,1,519029,518547,482
37622461,39.2501,71.2733,442,26747,0.0276567,0.03,1,519049,518607,442
37625381,38.5,41.1093,459,26826,0.0410627,0.03,1,519087,518628,459
37628301,34,39.2437,452,26905,0.0224251,0.01,1,519118,518666,452
37631221,14.8,34.2975,423,26984,0.02697,0.09,1,519120,518697,423
37634141,59.32,66.519,424,27062,0.076788,0.05,1,519209,518785,424
37642901,82.8525,80.3132,429,27296,0.0857944,0,1,519398,518969,429
37645821,65.541,68.1253,423,27374,0.0343178,0.03,1,519452,519029,423
37648741,38.2164,39.2501,423,27451,0.0437271,0.05,1,519472,519049,423
37651661,38.0866,38.5,423,27528,0.0354908,0.01,1,519510,519087,423
37654581,34.4346,34,424,27605,0.0321963,0.03,1,519542,519118,424
37657501,14.9738,14.8,424,27682,0.0308785,0.11,1,519544,519120,424
37660421,61.1895,59.32,427,27759,0.0663514,0.13,1,519636,519209,427
37666261,55.5103,51.1312,432,27911,0.0838162,0.03,1,519726,519294,432
37669181,79.2041,82.8525,423,27987,0.0395265,0,1,519821,519398,423
37672101,63.4817,65.541,422,28063,0.0158106,0.05,1,519874,519452,422
37675021,37.3927,38.2164,422,28138,0.0483242,0.03,1,519894,519472,422
37677941,37.7571,38.0866,422,28213,0.0373297,0.03,1,519932,519510,422
37680861,34.3028,34.4346,422,28288,0.0329319,0.03,1,519964,519542,422
37683781,14.9211,14.9738,422,28363,0.0311728,0.03,1,519966,519544,422
37686701,63.5685,5.98954,518,28438,0.0784691,0.09,1,520062,519544,518
37689621,38.6274,57.5958,448,28512,0.0973876,0.13,1,520084,519636,448
37692541,55.051,36.8383,491,28586,0.0929551,0.07,1,520150,519659,491
37695461,77.8204,54.9353,517,28660,0.043182,0.01,1,520243,519726,517
37698381,62.3282,78.9741,474,28734,0.0172728,0,1,520295,519821,474
37701301,37.5313,63.3897,442,28808,0.0369091,0.07,1,520316,519874,442
37704221,37.2125,37.3559,459,28881,0.0447636,0.03,1,520353,519894,459
37707141,34.085,37.7423,453,28954,0.0359055,0.03,1,520385,519932,453
37710061,14.834,34.2969,423,29027,0.0323622,0.03,1,520387,519964,423
37712981,66.5336,14.9188,522,29100,0.0309449,0.11,1,520488,519966,522
37715901,39.8134,63.5675,448,29173,0.0303779,0.11,1,520510,520062,448
37721741,75.3702,55.0508,514,29318,0.21966,0.01,1,520664,520150,514
37733421,33.6767,37.2125,453,29606,0.0626953,0.03,1,520806,520353,453
37736341,14.6707,34.085,423,29677,0.0430781,0.03,1,520808,520385,423
37739261,67.0683,14.834,523,29748,0.0352312,0.03,1,520910,520387,523
37742181,41.2273,66.5336,446,29819,0.0320925,0.03,1,520934,520488,446
37745101,17.6909,39.8134,426,29890,0.030837,0.17,1,520936,520510,426
37748021,49.0764,54.9254,431,29961,0.0423348,0.29,1,521006,520575,431
37768461,66.7685,67.0683,423,30452,0.099419,0.03,1,521333,520910,423
37771381,41.1074,41.2273,423,30521,0.0697676,0.03,1,521357,520934,423
37774301,17.643,17.6909,423,30590,0.033907,0.05,1,521359,520936,423
37777221,50.2572,49.0764,425,30659,0.0675628,0.17,1,521431,521006,425
37791821,30.3553,31.8033,428,31003,0.20593,0.17,1,521657,521229,428
37794741,13.3421,13.9213,428,31071,0.208372,0.05,1,521659,521231,428
37797661,62.9368,66.7685,422,31139,0.209349,0.05,1,521755,521333,422
37800581,39.5747,41.1074,422,31207,0.20974,0.01,1,521779,521357,422
37803501,17.0299,17.643,422,31275,0.209896,0.09,1,521781,521359,422
37818101,35.4601,34.7906,463,31612,0.212284,0.21,1,522060,521597,463
37821021,30.9841,33.1162,459,31679,0.234913,0.21,1,522088,521629,459
37823941,13.5936,30.0465,433,31746,0.243965,0.21,1,522090,521657,433
37826861,63.0375,13.2186,527,31813,0.259586,0.21,1,522186,521659,527
37829781,39.615,62.8874,455,31880,0.277834,0.21,1,522210,521755,455
37832701,17.046,39.555,433,31946,0.285134,0.21,1,522212,521779,433
37841461,58.9309,81.5635,474,32144,0.401529,0.17,1,522432,521958,474
37844381,37.9724,59.6254,453,32210,0.418611,0.19,1,522456,522003,453
37888181,65.8169,64.4185,452,33181,0.782077,0.61,2,523073,522621,452
37891101,40.7268,40.1674,452,33245,0.810831,0.61,2,523097,522645,452
37894021,17.4907,17.267,452,33309,0.798332,0.67,2,523099,522647,452
37896941,54.3963,53.7068,453,33372,0.781333,0.63,2,523178,522725,453
37899861,83.5585,83.2827,453,33435,0.822533,0.63,2,523281,522828,453
37902781,34.6234,34.5131,453,33498,0.863013,0.69,2,523283,522830,453
37905701,41.4494,40.8052,454,33561,0.867205,0.65,2,523329,522875,454
37914461,35.3168,33.3555,459,33750,0.896221,0.75,2,523430,522971,459
37917381,15.3267,14.5422,459,33813,0.892488,0.81,2,523432,522973,459
38054621,59.6634,67.9939,484,36637,0.881162,1,2,525442,524958,484
38057541,46.6653,40.9976,499,36695,0.814465,1,2,525480,524981,499
38069221,49.2666,48.8287,492,36924,0.234786,1,1,525683,525191,492
38075061,28.6427,31.8126,483,37038,0.0507658,0.96,1,525735,525252,483
38077981,27.6571,30.725,480,37095,0.0503063,0.89,1,525762,525282,480
38080901,31.4628,31.49,482,37152,0.0381225,0.89,1,525796,525314,482
38083821,25.7851,12.596,504,37209,0.033249,1,1,525818,525314,504
38086741,20.5141,18.8384,498,37266,0.0552996,1,1,525835,525337,498
38089661,51.4056,20.1354,549,37323,0.0521198,0.81,1,525907,525358,549
38092581,39.1622,58.4541,496,37380,0.0388479,0.77,1,525938,525442,496
38095501,31.2649,46.1817,484,37437,0.0215392,0.69,1,525964,525480,484
38098421,25.106,39.4727,470,37493,0.0626157,0.49,1,525985,525515,470
38101341,68.2424,32.5891,539,37549,0.0250463,0.21,1,526082,525543,539
38104261,41.697,79.6356,452,37605,0.0520185,0.15,1,526106,525654,452
38107181,34.0788,49.2543,452,37661,0.0268074,0.03,1,526135,525683,452
38110101,26.8315,37.1017,445,37717,0.028723,0.01,1,526157,525712,445
38113021,26.3326,28.6407,448,37773,0.0294892,0.05,1,526183,525735,448
38115941,32.133,27.6563,457,37829,0.0657957,0.03,1,526219,525762,457
38118861,24.8532,31.4625,443,37885,0.0923183,0.03,1,526239,525796,443
38121781,20.1413,25.785,438,37941,0.0549273,0.07,1,526256,525818,438
38124701,51.2565,20.514,493,37997,0.0399709,0.05,1,526328,525835,493
38127621,40.9026,51.4056,455,38053,0.0339884,0.03,1,526362,525907,455
38130541,30.761,39.1622,448,38109,0.0555953,0.01,1,526386,525938,448
38133461,24.9044,31.2649,443,38164,0.0402381,0.09,1,526407,525964,443
38136381,69.9618,25.106,522,38219,0.0700953,0,1,526507,525985,522
38139301,41.1847,68.2424,447,38274,0.0940381,0.07,1,526529,526082,447
38142221,33.2739,41.697,451,38329,0.0796152,0.01,1,526557,526106,451
38145141,26.5096,34.0788,444,38384,0.0498461,0.03,1,526579,526135,444
38148061,25.6038,26.8315,447,38439,0.0499384,0.03,1,526604,526157,447
38150981,33.0415,26.3326,459,38494,0.0379754,0.09,1,526642,526183,459
38153901,24.0166,32.133,441,38549,0.0151901,0.11,1,526660,526219,441
38156821,19.8066,24.8532,438,38604,0.0120761,0.03,1,526677,526239,438
38159741,9.12266,20.1413,423,38659,0.0108304,0.03,1,526679,526256,423
38162661,46.8491,51.2565,423,38714,0.0223322,0.03,1,526751,526328,423
38165581,40.3396,40.9026,425,38769,0.0269329,0.07,1,526787,526362,425
38168501,29.3358,30.761,423,38823,0.0287731,0.03,1,526809,526386,423
38171421,24.3343,24.9044,423,38877,0.0175093,0.09,1,526830,526407,423
38174341,72.1337,69.9618,427,38931,0.0610037,0.11,1,526934,526507,427
38177261,42.0535,41.1847,427,38985,0.0544015,0.07,1,526956,526529,427
38180181,32.4214,33.2739,425,39039,0.0877606,0.03,1,526982,526557,425
38188941,32.795,33.0415,423,39201,0.0533767,0,1,527065,526642,423
38191861,23.918,24.0166,423,39255,0.0393507,0.01,1,527083,526660,423
38194781,19.7672,19.8066,423,39309,0.0337403,0.01,1,527100,526677,423
38197701,9.10688,9.12266,423,39363,0.0314961,0.03,1,527102,526679,423
38200621,46.2428,46.8491,422,39417,0.0425984,0.03,1,527173,526751,422
38203541,40.6971,40.3396,423,39471,0.0350394,0.03,1,527210,526787,423
38206461,29.4788,29.3358,423,39525,0.0200158,0.01,1,527232,526809,423
38209381,23.7915,24.3343,422,39578,0.0260063,0.09,1,527252,526830,422
38212301,73.1166,72.1337,424,39631,0.0524025,0.05,1,527358,526934,424
38215221,43.0466,42.0535,425,39684,0.098961,0.11,1,527381,526956,425
38226901,31.8364,32.795,423,39896,0.0912854,0.03,1,527488,527065,423
38232741,19.3738,19.7672,422,40002,0.0950057,0.03,1,527522,527100,422
38235661,8.94953,9.10688,422,40055,0.0920023,0.05,1,527524,527102,422
38238581,46.7798,46.2428,423,40108,0.0668009,0.05,1,527596,527173,423
38241501,39.7119,18.4971,458,40161,0.0567204,0.03,1,527631,527173,458
38244421,29.0848,29.5988,443,40214,0.0406881,0.01,1,527653,527210,443
38247341,24.2339,25.0395,442,40267,0.0462753,0.03,1,527674,527232,442
38250261,74.4936,22.0158,530,40319,0.0485101,0.07,1,527782,527252,530
38253181,44.1974,72.4063,448,40371,0.073404,0.13,1,527806,527358,448
38256101,33.279,42.7625,451,40423,0.0953616,0.13,1,527832,527381,451
38276541,45.4499,8.94906,493,40787,0.211774,0.05,1,528017,527524,493
38279461,39.1799,46.7796,456,40839,0.22271,0.05,1,528052,527596,456
38282381,29.472,39.7118,444,40891,0.239084,0.03,1,528075,527631,444
38285301,24.9888,29.0847,444,40943,0.257634,0.05,1,528097,527653,444
38288221,75.3955,24.2339,532,40995,0.265053,0.05,1,528206,527674,532
38291141,45.7582,74.4936,450,41046,0.292021,0.09,1,528232,527782,450
38326181,22.4275,24.9888,436,41658,0.408283,0.27,1,528533,528097,436
38329101,74.971,75.3955,437,41709,0.409313,0.31,1,528643,528206,437
38332021,45.5884,45.7582,437,41760,0.421725,0.33,1,528669,528232,437
38393341,8.9504,8.94517,445,42808,0.761087,0.53,2,529263,528818,445
38396261,48.5802,46.7781,448,42857,0.754435,0.61,2,529338,528890,448
38399181,42.2321,40.3112,450,42906,0.787774,0.57,2,529376,528926,450
38402101,18.0928,17.3245,450,42955,0.77711,0.57,2,529378,528928,450
38405021,21.0371,20.1298,451,43004,0.784844,0.57,2,529401,528950,451
38407941,24.6149,8.05192,478,43053,0.751938,0.63,2,529428,528950,478
38425461,36.0323,25.2007,496,43347,0.75462,0.75,2,529683,529187,496
38428381,25.2129,34.0803,474,43396,0.763848,0.71,2,529701,529227,474
38431301,20.2852,24.4321,473,43445,0.779539,0.77,2,529718,529245,473
38434221,9.31407,19.3728,459,43494,0.785816,0.77,2,529720,529261,459
38437141,48.1256,8.94914,531,43543,0.824326,0.75,2,529794,529263,531
38440061,43.8503,48.5797,497,43591,0.863731,0.81,2,529835,529338,497
38442981,18.7401,42.2319,461,43639,0.879492,0.77,2,529837,529376,461
38445901,20.696,18.0927,481,43687,0.885797,0.79,2,529859,529378,481
38659061,35.3813,38.4358,511,47081,0.899015,1,2,532257,531746,511
38664901,34.101,34.5897,511,47171,0.860242,0.95,2,532323,531812,511
38667821,33.4404,31.8359,514,47216,0.842097,1,2,532356,531842,514
38670741,46.3762,40.3344,523,47261,0.858839,0.99,2,532411,531888,523
38673661,40.7505,44.3337,513,47306,0.841536,0.98,2,532448,531935,513
38676581,29.5002,41.1335,496,47351,0.870614,1,2,532470,531974,496
38679501,29.8001,25.4534,511,47396,0.882246,1,2,532500,531989,511
38682421,17.92,30.5814,487,47440,0.838898,1,2,532510,532023,487
38685341,22.768,36.8325,472,47484,0.893559,0.87,2,532536,532064,472
38942301,196.133,215.777,466,23360,0.25,0.76,1,535640,535174,466
38983181,62.3413,53.2442,481,23451,0.0748,0.43,1,535703,535222,481
38986101,77.7365,69.8977,488,23541,0.08392,0.19,1,535791,535303,488
38989021,80.2946,83.7591,477,23631,0.039568,0.09,1,535873,535396,477
38991941,51.3178,76.1036,438,23721,0.0218272,0.11,1,535905,535467,438
38994861,39.1271,49.0415,438,23810,0.0147309,0.07,1,535936,535498,438
38997781,29.4509,37.0166,432,23899,0.0118924,0.05,1,535959,535527,432
39000701,53.7803,47.8066,447,23988,0.0827569,0.09,1,536029,535582,447
39003621,52.7121,53.9227,441,24076,0.0991028,0.03,1,536081,535640,441
39009461,72.6339,76.5476,424,24252,0.0962564,0.01,1,536215,535791,424
39012381,77.6536,79.819,423,24339,0.0805026,0.01,1,536296,535873,423
39032821,73.1979,72.6332,427,24942,0.208331,0.07,1,536642,536215,427
39035741,76.6792,77.6533,425,25027,0.245332,0.15,1,536721,536296,425
39038661,51.6717,50.2613,428,25112,0.260133,0.15,1,536756,536328,428
39041581,38.6687,38.7045,427,25196,0.254053,0.13,1,536786,536359,427
39044501,29.8675,30.4818,426,25280,0.251621,0.13,1,536810,536384,426
39047421,57.547,56.5927,428,25364,0.286649,0.17,1,536886,536458,428
39059101,77.8364,68.0872,511,25697,0.43881,0.27,1,537153,536642,511
39114581,36.9332,40.2382,449,27219,0.795764,0.57,2,538114,537665,449
39117501,31.5733,32.2953,450,27297,0.828306,0.67,2,538142,537692,450
39120421,61.8293,59.1181,455,27375,0.853322,0.65,2,538224,537769,455
39123341,57.1317,56.6472,454,27452,0.899329,0.69,2,538278,537824,454
39234301,49.348,56.0962,482,30243,0.869296,1,2,540222,539740,482
39237221,73.7392,72.8385,488,30313,0.821718,1,2,540312,539824,488
39240141,52.2957,43.5354,502,30383,0.766687,1,2,540350,539848,502
39301461,43.8908,51.8132,485,31814,0.761779,0.55,2,541294,540809,485
39304381,50.5563,42.9253,503,31881,0.790711,0.61,2,541349,540846,503
39307301,41.2225,49.5701,484,31947,0.814285,0.57,2,541384,540900,484
39310221,30.289,40.228,473,32013,0.787714,0.59,2,541407,540934,473
39313141,28.9156,29.2912,479,32079,0.777085,0.63,2,541435,540956,479
39316061,41.5662,27.3165,503,32145,0.772834,0.65,2,541485,540982,503
39318981,52.0265,40.9266,512,32211,0.759134,0.65,2,541544,541032,512
39321901,43.6106,51.1706,492,32277,0.753653,0.69,2,541582,541090,492
39324821,73.8442,42.6683,549,32343,0.787461,0.75,2,541676,541127,549
39327741,52.3377,71.0673,497,32408,0.824985,0.77,2,541714,541217,497
39330661,44.3351,51.2269,498,32473,0.863994,0.77,2,541753,541255,498
39333581,51.934,43.8908,516,32538,0.891598,0.81,2,541810,541294,516
39464981,53.9618,56.159,523,35344,0.89464,1,2,543753,543230,523
39467901,30.5847,45.2636,500,35404,0.843856,1,2,543768,543268,500
39470821,33.2339,33.1054,510,35464,0.751542,1,2,543803,543293,510
39543821,28.1613,27.6574,450,36925,0.75987,0.57,2,544740,544290,450
39546741,25.6645,25.463,450,36982,0.765948,0.57,2,544764,544314,450
39555501,29.3865,29.0136,450,37153,0.768301,0.57,2,544858,544408,450
39558421,53.1546,11.6055,519,37210,0.82932,0.73,2,544927,544408,519
39561341,56.0618,43.0422,513,37267,0.853728,0.75,2,544985,544472,513
39564261,42.8247,51.4169,490,37324,0.875491,0.67,2,545019,544529,490
39567181,43.5299,42.1667,498,37381,0.884196,0.69,2,545063,544565,498
39570101,53.412,42.6667,515,37438,0.887679,0.71,2,545123,544608,515
39573021,28.5648,52.4667,468,37494,0.889071,0.71,2,545135,544667,468
39742381,32.5709,33.3785,529,40632,0.8992,1,2,547295,546766,529
39745301,58.0284,51.7514,540,40684,0.88168,1,2,547370,546830,540
39748221,37.6113,51.3006,513,40736,0.790672,1,2,547394,546881,513
39771581,36.495,38.9272,507,41149,0.415141,1,1,547669,547162,507
39777421,30.1992,37.0684,498,41251,0.401223,0.93,1,547733,547235,498
39786181,33.2527,58.0284,480,41404,0.429598,0.73,1,547850,547370,480
39789101,30.7011,37.6113,485,41455,0.429839,0.69,1,547879,547394,485
39792021,24.8804,33.6445,475,41506,0.441936,0.59,1,547900,547425,475
39794941,11.1522,28.4578,452,41557,0.446774,0.53,1,547902,547450,452
39797861,28.4609,37.1831,449,41608,0.43671,0.49,1,547942,547493,449
39800781,23.3843,29.2733,445,41659,0.444684,0.43,1,547962,547517,445
39865021,56.2355,53.6191,453,42760,0.769254,0.63,2,548726,548273,453
39867941,34.4942,34.6476,451,42809,0.781702,0.59,2,548746,548295,451
39870861,31.1977,30.6591,452,42858,0.786681,0.65,2,548775,548323,452
39873781,24.4791,24.2636,452,42907,0.824672,0.65,2,548795,548343,452
39876701,10.9916,10.9054,452,42956,0.815869,0.63,2,548797,548345,452
39879621,28.9967,28.9622,452,43005,0.824348,0.63,2,548838,548386,452
39882541,23.5987,11.5849,472,43054,0.839739,0.63,2,548858,548386,472
39885461,32.8395,16.6339,491,43103,0.881896,0.67,2,548897,548406,491
40072341,30.8785,36.3301,508,46132,0.859805,1,2,550992,550484,508
40075261,31.5514,28.932,516,46178,0.817922,1,2,551024,550508,516
40078181,45.6206,37.3728,528,46224,0.801169,1,2,551079,550551,528
40095701,23.4404,23.4765,505,46497,0.43119,1,1,551254,550749,505
40116141,27.3679,33.6963,492,46812,0.404708,0.8,1,551455,550963,492
40119061,25.3472,30.8785,487,46857,0.407883,0.79,1,551479,550992,487
40121981,45.5389,31.5514,514,46902,0.433153,0.79,1,551538,551024,514
40124901,41.0155,45.6206,497,46947,0.431261,0.67,1,551576,551079,497
40215421,47.0294,45.7563,454,48321,0.765763,0.67,2,552436,551982,454
40218341,40.4118,40.5025,453,48365,0.792305,0.65,2,552472,552019,453
40221261,37.7647,37.201,454,48409,0.802922,0.71,2,552508,552054,454
40224181,32.5059,31.6804,455,48453,0.819169,0.69,2,552537,552082,455
40227101,25.0024,25.2722,454,48496,0.837668,0.69,2,552557,552103,454
40230021,18.4009,18.5089,454,48539,0.821067,0.71,2,552571,552117,454
40232941,23.5604,23.0035,455,48582,0.838427,0.71,2,552598,552143,455
40235861,27.4242,27.2014,455,48625,0.857371,0.67,2,552628,552173,455
40238781,36.7697,37.2806,454,48668,0.852948,0.71,2,552671,552217,454
40241701,25.5079,25.1122,455,48711,0.827179,0.71,2,552689,552234,455
40244621,23.4031,23.2449,455,48754,0.840872,0.67,2,552711,552256,455
40247541,10.5613,10.498,455,48797,0.846349,0.67,2,552713,552258,455
40250461,24.0245,23.3992,456,48840,0.84854,0.67,2,552746,552290,456
40253381,31.2098,9.35967,492,48883,0.897416,0.71,2,552782,552290,492
40456321,57.749,61.3329,501,23721,0.0479392,0.75,1,554982,554481,501
40459241,66.8996,66.5332,504,23810,0.0371757,0.61,1,555055,554551,504
40462161,68.7598,71.0133,500,23899,0.0808703,0.45,1,555125,554625,500
40465081,43.1039,71.6053,454,23988,0.0503481,0.39,1,555151,554697,454
40468001,25.0416,44.8421,440,24076,0.0741392,0.19,1,555164,554724,440
40470921,44.2166,54.5368,436,24164,0.0956557,0.07,1,555221,554785,436
40494281,44.8867,44.1437,427,24857,0.227038,0.21,1,555648,555221,427
40497201,71.9547,69.8575,430,24942,0.240815,0.07,1,555738,555308,430
40500121,60.5819,62.743,425,25027,0.282326,0.17,1,555791,555366,425
40503041,48.8327,47.8972,428,25112,0.29893,0.15,1,555832,555404,428
40511801,42.4373,42.0414,430,25364,0.404812,0.21,1,556006,555576,430
40514721,25.3749,25.2166,430,25448,0.407925,0.21,1,556020,555590,430
40535161,42.6309,70.0313,463,26025,0.416488,0.41,1,556445,555982,463
40538081,25.4523,42.4125,453,26106,0.424595,0.41,1,556459,556006,453
40541001,44.9809,25.365,497,26187,0.427838,0.35,1,556517,556020,497
40561441,25.802,42.6308,456,26748,0.767449,0.43,2,556901,556445,456
40564361,45.1208,25.4523,500,26827,0.78098,0.43,2,556959,556459,500
40567281,75.0483,44.9809,537,26906,0.798392,0.49,2,557054,556517,537
40570201,31.2193,73.1924,447,26985,0.805357,0.53,2,557056,556609,447
40573121,47.2877,63.4769,448,27063,0.832143,0.55,2,557114,556666,448
40576041,44.1151,49.3908,450,27141,0.842857,0.65,2,557156,556706,450
40578961,71.046,70.1563,455,27219,0.883143,0.73,2,557245,556790,455
40882641,31.2372,28.2478,510,34373,0.8644,1,2,562246,561736,510
40885561,31.6949,28.0991,514,34435,0.87976,1,2,562278,561764,514
40888481,33.078,32.8396,512,34496,0.801904,1,2,562312,561800,512
40891401,45.6312,36.5359,527,34557,0.770762,1,2,562366,561839,527
40911841,33.0786,41.4815,497,34984,0.426467,0.91,1,562684,562187,497
40914761,29.4315,34.5926,494,35044,0.428587,0.81,1,562711,562217,494
40917681,30.3726,31.237,496,35104,0.405435,0.89,1,562742,562246,496
40920601,31.349,31.6948,496,35164,0.420174,0.75,1,562774,562278,496
40923521,41.3396,33.0779,510,35224,0.42607,0.75,1,562822,562312,510
40926441,42.3358,45.6312,499,35284,0.440428,0.67,1,562865,562366,499
40970241,72.8797,68.4215,454,36174,0.810635,0.67,2,563477,563023,454
40973161,55.5519,53.1686,455,36232,0.822254,0.69,2,563521,563066,455
40976081,40.8208,39.2674,456,36290,0.850902,0.69,2,563552,563096,456
40979001,32.5283,31.907,456,36348,0.850361,0.69,2,563579,563123,456
40981921,14.2113,13.9628,456,36406,0.850144,0.71,2,563581,563125,456
40984841,22.4845,22.9851,455,36464,0.874058,0.69,2,563609,563154,455
40987761,28.7938,27.794,457,36522,0.883623,0.75,2,563642,563185,457
41145441,43.19,37.8531,495,39526,0.880121,1,2,565720,565225,495
41148361,37.076,37.9412,490,39579,0.778048,1,2,565753,565263,490
41160041,37.5827,35.0609,497,39791,0.425182,1,1,565972,565475,497
41162961,34.8331,29.6244,504,39844,0.416073,1,1,566005,565501,504
41253481,29.3348,8.71346,490,41455,0.754387,0.57,2,566999,566509,490
41256401,27.3339,28.0854,475,41506,0.787755,0.57,2,567025,566550,475
41259321,12.1336,26.8342,451,41557,0.801102,0.57,2,567027,566576,451
41262241,33.6534,40.1337,450,41608,0.842441,0.59,2,567075,566625,450
41265161,32.0614,34.0535,451,41659,0.846976,0.65,2,567106,566655,451
41268081,75.8246,74.8214,454,41710,0.836791,0.67,2,567211,566757,454
41271001,53.7298,52.7286,455,41761,0.880716,0.67,2,567250,566795,455
41273921,44.2919,43.8914,455,41812,0.874286,0.67,2,567288,566833,455
41276841,35.7168,35.5566,455,41862,0.895715,0.71,2,567318,566863,455
41279761,35.2867,32.8226,459,41912,0.892286,0.73,2,567353,566894,459
41586361,34.042,25.1115,523,46902,0.851148,1,2,570760,570237,523
41589281,34.0168,32.8446,519,46947,0.814459,1,2,570794,570275,519
41592201,32.8067,38.9378,508,46992,0.799784,1,2,570826,570318,508
41595121,27.5227,28.7751,510,47037,0.757913,1,2,570850,570340,510
41676881,24.5541,24.3187,450,48277,0.752768,0.61,2,571640,571190,450
41679801,30.2216,28.9275,452,48321,0.751107,0.57,2,571674,571222,452
41682721,28.8887,30.771,448,48365,0.774443,0.59,2,571702,571254,448
41685641,30.7555,30.9084,449,48409,0.783777,0.57,2,571734,571285,449
41688561,24.9022,25.5634,448,48453,0.811511,0.59,2,571755,571307,448
41691481,22.5609,21.0253,451,48496,0.834604,0.63,2,571776,571325,451
41694401,21.0243,20.4101,451,48539,0.843842,0.63,2,571796,571345,451
41697321,31.2097,30.9641,451,48582,0.859537,0.67,2,571834,571383,451
41926541,320.433,339.924,477,23360,0.416464,0.65,1,574536,574059,477
41970341,91.5893,107.428,442,24090,0.0918342,0.29,1,574665,574223,442
41976181,81.4943,75.7485,472,24266,0.0710935,0.03,1,574813,574341,472
41979101,63.1977,78.8994,442,24353,0.0584374,0.03,1,574864,574422,442
41982021,55.2791,63.3598,439,24440,0.041375,0.05,1,574914,574475,439
41984941,35.9116,43.9439,431,24527,0.07055,0,1,574937,574506,431
41987861,26.3647,27.7776,434,24613,0.04622,0.05,1,574957,574523,434
41990781,59.7459,50.711,450,24699,0.060488,0.03,1,575039,574589,450
41993701,53.8983,50.2844,450,24785,0.0661952,0.11,1,575089,574639,450
41996621,58.7593,72.3138,425,24871,0.0684781,0.05,1,575151,574726,425
41999541,75.1037,81.1255,424,24956,0.0573912,0.05,1,575237,574813,424
42002461,59.4415,63.0502,422,25041,0.0769565,0.03,1,575286,574864,422
42005381,55.5766,55.2201,425,25126,0.0607826,0.09,1,575339,574914,425
42008301,34.8306,35.888,423,25210,0.054313,0.03,1,575360,574937,423
42011221,25.3323,26.3552,422,25294,0.0517252,0.07,1,575379,574957,422
42014141,62.3329,59.7421,427,25378,0.0866901,0.07,1,575466,575039,427
42022901,72.8933,45.8235,507,25627,0.0605082,0.05,1,575658,575151,507
42025821,58.5573,69.9294,470,25710,0.0542033,0.09,1,575707,575237,470
42028741,55.8229,57.3718,475,25792,0.0516813,0.05,1,575761,575286,475
42031661,34.3292,54.7487,442,25874,0.0386725,0.05,1,575781,575339,442
42034581,25.1317,34.4995,440,25956,0.033469,0.05,1,575800,575360,440
42037501,64.0527,25.1998,511,26038,0.0433876,0.11,1,575890,575379,511
42040421,55.0211,62.2799,473,26119,0.047355,0.11,1,575939,575466,473
42043341,59.2084,54.312,486,26200,0.084942,0.11,1,576001,575515,486
42052101,54.9333,58.556,475,26442,0.0800763,0.05,1,576182,575707,475
42055021,33.9733,55.8224,441,26522,0.0380305,0.03,1,576202,575761,441
42057941,25.5893,34.329,441,26602,0.0332122,0.03,1,576222,575781,441
42060861,64.8357,25.1316,513,26682,0.0672849,0.05,1,576313,575800,513
42072541,59.4038,71.0834,431,26998,0.202603,0.11,1,576511,576080,431
42075461,50.7615,57.8333,427,27076,0.279041,0.05,1,576556,576129,427
42078381,50.3046,54.9333,424,27154,0.261616,0.01,1,576606,576182,424
42081301,30.9218,33.9733,422,27232,0.278647,0.03,1,576624,576202,422
42084221,25.5687,25.5893,424,27310,0.261459,0.09,1,576646,576222,424
42087141,66.6275,64.8357,427,27388,0.206583,0.15,1,576740,576313,427
42101741,53.009,50.7615,436,27772,0.229779,0.25,1,576992,576556,436
42104661,50.0036,50.3046,434,27848,0.241912,0.29,1,577040,576606,434
42107581,32.0014,30.9218,436,27924,0.282765,0.25,1,577060,576624,436
42110501,24.8006,25.5687,434,28000,0.275106,0.17,1,577080,576646,434
42130941,50.7014,38.1236,480,28525,0.422416,0.25,1,577472,576992,480
42133861,33.4806,44.0494,454,28599,0.438966,0.31,1,577494,577040,454
42136781,25.3922,29.6198,454,28673,0.445587,0.27,1,577514,577060,454
42177661,64.1328,26.4548,536,29690,0.77103,0.55,2,578263,577727,536
42180581,55.6531,63.3819,498,29761,0.830412,0.59,2,578313,577815,498
42183501,54.6612,53.5528,505,29832,0.866165,0.63,2,578367,577862,505
42186421,23.0645,53.2211,454,29903,0.880466,0.65,2,578369,577915,454
42189341,22.4258,34.4884,454,29974,0.898186,0.67,2,578391,577937,454
42329501,45.4969,59.733,476,33192,0.80872,1,2,580670,580194,476
42338261,37.9518,30.0789,509,33383,0.421598,1,1,580801,580292,509
42344101,28.5123,34.6926,493,33509,0.258256,1,1,580854,580361,493
42355781,36.4659,45.1057,469,33761,0.0835553,0.89,1,581035,580566,469
42358701,50.5864,58.2423,462,33824,0.0634221,0.73,1,581095,580633,462
42361621,38.8345,45.4969,456,33887,0.0793689,0.59,1,581126,580670,456
42364541,47.3338,54.1988,449,33949,0.0857475,0.43,1,581179,580730,449
42367461,37.5335,43.8795,443,34011,0.064299,0.35,1,581210,580767,443
42393741,40.2588,50.0425,456,34566,0.215814,0.09,1,581551,581095,456
42396661,47.9035,38.617,478,34627,0.236326,0.09,1,581604,581126,478
42399581,37.1614,47.2468,455,34688,0.26853,0.05,1,581634,581179,455
42402501,32.8646,37.4987,454,34749,0.281412,0.15,1,581664,581210,454
42405421,26.3458,31.7995,448,34810,0.286565,0.09,1,581686,581238,448
42425861,41.2079,49.647,466,35233,0.4033,0.23,1,581983,581517,466
42428781,48.8832,40.2588,486,35293,0.40732,0.25,1,582037,581551,486
42431701,38.7533,47.9035,465,35353,0.408928,0.29,1,582069,581604,465
42434621,33.5013,37.1614,465,35413,0.445571,0.29,1,582099,581634,465
42490101,31.9563,30.7677,452,36530,0.772085,0.69,2,582780,582328,452
42493021,52.3825,50.1071,455,36588,0.770834,0.69,2,582846,582391,455
42495941,41.953,40.4428,456,36646,0.782334,0.73,2,582881,582425,456
42498861,49.1812,48.5771,456,36704,0.786933,0.69,2,582935,582479,456
42501781,39.4725,40.4309,454,36762,0.836773,0.65,2,582968,582514,454
42504701,33.789,34.1723,454,36819,0.856709,0.65,2,582998,582544,454
42507621,26.7156,26.8689,454,36876,0.864684,0.65,2,583020,582566,454
42510541,28.0862,27.5476,455,36933,0.867873,0.69,2,583049,582594,455
42513461,35.2345,34.419,456,36990,0.893149,0.75,2,583089,582633,456
42519301,18.5975,18.227,457,37104,0.883304,0.75,2,583140,582683,457
42668221,46.3193,51.6277,490,39904,0.892,1,2,585132,584642,490
42674061,39.3311,48.2204,479,40010,0.88312,1,2,585208,584729,479
42676981,40.3324,37.8882,489,40063,0.863248,1,2,585249,584760,489
42679901,30.533,15.1553,513,40116,0.819299,1,2,585273,584760,513
42700341,22.7499,31.0766,499,40482,0.417923,1,1,585506,585007,499
42712021,36.5104,41.3268,501,40690,0.400027,0.87,1,585671,585170,501
42714941,38.0042,39.3307,502,40742,0.430011,0.85,1,585710,585208,502
42717861,27.8017,40.3323,482,40794,0.430004,0.79,1,585731,585249,482
42720781,30.9207,30.5329,491,40846,0.418002,0.65,1,585764,585273,491
42773341,35.5997,35.726,448,41767,0.772286,0.49,2,586353,585905,448
42776261,29.2399,28.6904,449,41818,0.818914,0.55,2,586378,585929,449
42779181,23.696,23.4762,449,41868,0.813566,0.55,2,586398,585949,449
42782101,32.8784,32.7905,449,41918,0.823426,0.55,2,586437,585988,449
42785021,46.7514,46.7162,449,41968,0.827371,0.61,2,586493,586044,449
42787941,39.7005,37.8865,452,42018,0.840948,0.63,2,586528,586076,452
42790861,39.8802,37.9546,454,42068,0.846379,0.65,2,586568,586114,454
42793781,39.3521,38.5818,454,42118,0.848552,0.67,2,586607,586153,454
42796701,28.3408,27.4327,455,42168,0.861421,0.69,2,586628,586173,455
42799621,32.9363,31.9731,456,42218,0.890568,0.65,2,586664,586208,456
42802541,14.3745,13.9892,456,42268,0.878227,0.69,2,586666,586210,456
42805461,26.1498,25.9957,456,42318,0.873291,0.73,2,586700,586244,456
42808381,36.2599,34.9983,458,42368,0.883316,0.77,2,586743,586285,458
42977741,37.0791,31.1622,504,45166,0.890739,1,2,588683,588179,504
42980661,35.8316,29.8649,510,45213,0.830295,1,2,588718,588208,510
42983581,29.9327,26.3459,512,45260,0.770118,1,2,588744,588232,512
42986501,22.1731,26.7384,502,45307,0.794047,1,2,588761,588259,502
43009861,34.6499,40.2779,484,45676,0.260305,1,1,589048,588564,484
43012781,28.86,37.1112,474,45722,0.266122,1,1,589073,588599,474
43015701,24.744,29.2445,472,45768,0.268449,0.87,1,589095,588623,472
43018621,15.2976,17.6978,471,45814,0.28138,0.87,1,589104,588633,471
43047821,33.107,38.1195,470,46274,0.404614,0.31,1,589418,588948,470
43050741,28.2428,38.0478,457,46320,0.419846,0.33,1,589443,588986,457
43053661,36.4971,29.6191,475,46366,0.437938,0.21,1,589485,589010,475
43126661,28.5789,28.9996,450,47489,0.772831,0.57,2,590167,589717,450
43129581,31.8316,31.9998,450,47533,0.783132,0.65,2,590201,589751,450
43132501,42.1326,40.9999,452,47577,0.823253,0.61,2,590250,589798,452
43135421,33.6531,33.2,452,47621,0.851301,0.63,2,590278,589826,452
43138341,35.0612,34.28,453,47665,0.85052,0.63,2,590314,589861,453
43141261,27.2245,26.912,453,47709,0.862208,0.65,2,590336,589883,453
43144181,39.0898,38.3648,454,47753,0.866883,0.67,2,590383,589929,454
43420121,117.494,113.479,470,23451,0.239251,0.47,1,593261,592791,470
43423041,72.1975,67.5918,475,23541,0.2337,0.37,1,593303,592828,475
43425961,64.879,75.6367,454,23631,0.24348,0.25,1,593363,592909,454
43428881,74.5516,62.0547,482,23721,0.259392,0.13,1,593444,592962,482
43431801,50.8206,58.4219,461,23810,0.277757,0.19,1,593479,593018,461
43434721,29.3283,43.1687,443,23899,0.297103,0.17,1,593494,593051,443
43443481,64.733,84.6988,431,24164,0.441655,0.23,1,593692,593261,431
43446401,52.8932,59.0795,434,24252,0.446662,0.25,1,593737,593303,434
43493121,55.3089,51.7101,499,25614,0.772179,0.65,2,594634,594135,499
43496041,60.5236,48.284,517,25697,0.782872,0.69,2,594698,594181,517
43498961,75.2094,56.5136,540,25779,0.799149,0.71,2,594783,594243,540
43501881,52.2838,72.4054,494,25861,0.82966,0.71,2,594820,594326,494
43504801,31.7135,51.1622,475,25943,0.817864,0.75,2,594838,594363,475
43507721,56.4854,31.8649,529,26025,0.825145,0.69,2,594911,594382,529
43510641,57.9942,57.1459,514,26106,0.864058,0.71,2,594970,594456,514
43513561,68.1977,57.6584,531,26187,0.879623,0.77,2,595045,594514,531
43607001,46.7805,47.9741,515,28661,0.7948,1,2,596749,596234,515
43612841,62.6849,55.5559,538,28809,0.445168,1,1,596874,596336,538
43615761,64.074,57.6223,544,28882,0.256067,1,1,596939,596395,544
43621601,47.6918,62.0196,513,29028,0.0529707,1,1,597041,596528,513
43624521,38.8767,47.6078,508,29101,0.0391883,0.95,1,597074,596566,508
43627441,49.7507,39.4431,531,29174,0.0456753,0.97,1,597131,596600,531
43630361,36.7003,55.3773,493,29247,0.0482701,0.89,1,597159,596666,493
43633281,42.8801,41.9509,507,29319,0.0733081,0.71,1,597206,596699,507
43636201,44.752,46.7804,503,29391,0.0473232,0.55,1,597252,596749,503
43639121,51.5008,51.7121,504,29463,0.0369293,0.31,1,597308,596804,504
43644961,60.4401,64.0739,489,29607,0.0887087,0.05,1,597428,596939,489
43647881,46.3761,65.2296,460,29678,0.0414835,0,1,597465,597005,460
43650801,37.7504,47.6918,456,29749,0.0465934,0.03,1,597497,597041,456
43653721,49.9002,38.8767,481,29820,0.0246374,0.05,1,597555,597074,481
43656641,21.1601,49.7507,426,29891,0.0398549,0.05,1,597557,597131,426
43659561,23.464,36.7003,423,29962,0.081942,0.09,1,597582,597159,423
43662481,37.5856,42.8801,423,30033,0.0987768,0.03,1,597629,597206,423
43674161,58.6006,60.4401,424,30313,0.239793,0.01,1,597852,597428,424
43677081,45.6402,46.3761,424,30383,0.209917,0.05,1,597889,597465,424
43680001,39.2561,37.7504,427,30453,0.209967,0.01,1,597924,597497,427
43688761,23.4644,23.464,426,30660,0.205678,0.11,1,598008,597582,426
43694601,41.6743,42.6342,425,30798,0.204508,0.19,1,598100,597675,425
43700441,58.5079,56.5015,431,30936,0.216321,0.29,1,598223,597792,431
43703361,61.2032,58.6006,434,31004,0.200529,0.19,1,598286,597852,434
43706281,44.2813,45.6402,430,31072,0.218211,0.21,1,598319,597889,430
43709201,38.7125,39.2561,430,31140,0.213285,0.19,1,598354,597924,430
43712121,49.685,49.9024,430,31208,0.223314,0.15,1,598411,597981,430
43715041,21.074,21.161,430,31276,0.227326,0.15,1,598413,597983,430
43717961,24.6296,8.46439,457,31344,0.21693,0.23,1,598440,597983,457
43720881,38.0518,18.3858,479,31412,0.260772,0.19,1,598487,598008,479
43723801,41.6207,36.1543,475,31479,0.290309,0.21,1,598531,598056,475
43741321,49.261,38.7042,487,31881,0.402137,0.23,1,598841,598354,487
43744241,20.9044,49.6817,432,31947,0.406855,0.23,1,598843,598411,432
43747161,25.1618,21.0727,458,32013,0.420742,0.21,1,598871,598413,458
43790961,57.7882,59.9625,450,32990,0.754019,0.61,2,599542,599092,450
43793881,62.7153,62.385,452,33054,0.787608,0.59,2,599608,599156,452
43796801,45.4861,44.754,453,33118,0.825043,0.67,2,599642,599189,453
43799721,41.5944,40.1016,455,33182,0.864017,0.71,2,599681,599226,455
43957401,40.0689,42.2264,492,36464,0.794934,1,2,601915,601423,492
43972001,39.9585,37.0074,490,36754,0.428227,1,1,602146,601656,490
43983681,33.3797,33.9522,481,36982,0.282691,0.91,1,602275,601794,481
43986601,31.3519,41.1809,465,37039,0.287076,0.93,1,602305,601840,465
43989521,29.9408,35.6724,462,37096,0.25283,0.71,1,602334,601872,462
43992441,35.3763,40.0689,458,37153,0.263132,0.71,1,602373,601915,458
43995361,48.3505,16.0276,515,37210,0.267253,0.59,1,602430,601915,515
43998281,34.3402,43.011,479,37267,0.280901,0.61,1,602455,601976,479
44001201,44.9361,37.0044,498,37324,0.27436,0.55,1,602507,602009,498
44004121,46.1744,47.2018,491,37381,0.295744,0.37,1,602554,602063,491
44018721,31.6728,33.9336,466,37662,0.41196,0.27,1,602708,602242,466
44024561,29.0677,31.3494,461,37774,0.417514,0.23,1,602766,602305,461
44027481,35.0271,29.9398,471,37830,0.413005,0.27,1,602805,602334,471
44074201,39.3595,45.5377,450,38715,0.752482,0.57,2,603394,602944,450
44077121,43.3438,45.8151,450,38770,0.786993,0.55,2,603440,602990,450
44080041,36.5375,38.126,449,38824,0.788797,0.59,2,603472,603023,449
44082961,36.815,36.2504,451,38878,0.813519,0.59,2,603509,603058,451
44085881,30.326,30.1002,451,38932,0.823408,0.59,2,603535,603084,451
44088801,30.1304,30.0401,451,38986,0.839363,0.65,2,603565,603114,451
44091721,34.2522,32.416,454,39040,0.857745,0.67,2,603602,603148,454
44094641,34.7009,32.1664,457,39094,0.877098,0.71,2,603637,603180,457
44299041,50.8917,53.6041,485,42711,0.8956,1,2,606155,605670,485
44313641,36.3627,33.7774,498,42956,0.253443,1,1,606344,605846,498
44319481,34.498,11.8844,538,43054,0.0681509,1,1,606411,605873,538
44322401,31.7992,25.7538,533,43103,0.0572603,1,1,606441,605908,533
44325321,19.3197,30.7015,510,43152,0.0409041,1,1,606452,605942,510
44328241,17.3279,27.2806,501,43201,0.0163617,1,1,606468,605967,501
44331161,27.3312,28.3122,506,43250,0.0125447,1,1,606502,605996,506
44334081,29.5325,34.1249,499,43299,0.00501786,1,1,606533,606034,499
44337001,27.413,32.25,494,43348,0.00800715,0.89,1,606559,606065,494
44339921,45.7652,26.7,529,43397,0.0212029,0.87,1,606617,606088,529
44342841,36.9061,50.88,493,43446,0.0384811,0.65,1,606648,606155,493
44345761,34.5624,47.352,481,43495,0.0213925,0.57,1,606681,606200,481
44348681,32.425,40.5408,476,43544,0.026557,0.35,1,606712,606236,476
44351601,27.97,39.0163,463,43592,0.0166228,0.27,1,606737,606274,463
44354521,31.588,35.4065,464,43640,0.0126491,0.19,1,606771,606307,464
44357441,29.4352,36.3626,455,43688,0.0350596,0.09,1,606799,606344,455
44360361,32.1741,33.745,457,43736,0.0140239,0.01,1,606833,606376,457
44363281,30.2696,34.498,451,43784,0.0236095,0.05,1,606862,606411,451
44366201,18.7079,31.7992,432,43832,0.0394438,0.03,1,606873,606441,432
44369121,17.6831,19.3197,438,43880,0.0217775,0,1,606890,606452,438
44372041,29.2733,17.3279,459,43928,0.014711,0.01,1,606927,606468,459
44374961,29.7093,27.3312,455,43976,0.0358844,0,1,606957,606502,455
44377881,25.6837,29.5325,447,44024,0.0323538,0.01,1,606980,606533,447
44380801,45.0735,27.413,479,44072,0.0909415,0.03,1,607038,606559,479
44383721,36.6294,45.7652,452,44120,0.0543766,0.05,1,607069,606617,452
44386641,34.4518,36.9061,454,44168,0.0397506,0.01,1,607102,606648,454
44389561,33.5807,34.5624,454,44216,0.0459003,0.03,1,607135,606681,454
44392481,27.8323,32.425,447,44264,0.0243601,0.01,1,607159,606712,447
44395401,32.7329,27.97,458,44312,0.063744,0.01,1,607195,606737,458
44401241,32.1173,29.4352,457,44408,0.041399,0,1,607256,606799,457
44404161,29.0469,32.1741,450,44456,0.0225596,0.03,1,607283,606833,450
44407081,12.8188,30.2696,423,44503,0.0150238,0.05,1,607285,606862,423
44410001,11.1275,18.7079,422,44550,0.0120095,0.01,1,607295,606873,422
44412921,15.851,17.6831,424,44597,0.0228038,0.01,1,607314,606890,424
44415841,27.3404,29.2733,422,44644,0.0151215,0.05,1,607349,606927,422
44418761,31.3362,29.7093,426,44691,0.0120486,0.03,1,607383,606957,426
44421681,23.9345,25.6837,422,44738,0.0348194,0.13,1,607402,606980,422
44424601,46.7738,45.0735,426,44785,0.0559278,0.03,1,607464,607038,426
44427521,35.5095,36.6294,423,44832,0.0643711,0.03,1,607492,607069,423
44430441,34.6038,34.4518,424,44879,0.0917484,0.05,1,607526,607102,424
44433361,33.6415,33.5807,424,44926,0.0666994,0.01,1,607559,607135,424
44436281,28.4566,27.8323,425,44973,0.0266797,0.09,1,607584,607159,425
44447961,27.8533,29.0469,422,45161,0.057083,0.01,1,607705,607283,422
44450881,12.3413,12.8188,422,45208,0.0528332,0.01,1,607707,607285,422
44453801,10.9365,11.1275,422,45255,0.0271333,0.03,1,607717,607295,422
44456721,15.7746,15.851,422,45302,0.0168533,0.01,1,607736,607314,422
44459641,27.3098,27.3404,422,45349,0.0127413,0.01,1,607771,607349,422
44462561,31.3239,31.3362,422,45396,0.0110965,0.05,1,607805,607383,422
44465481,23.9296,23.9345,422,45442,0.0224386,0.07,1,607824,607402,422
44468401,47.9718,46.7738,424,45488,0.0149754,0.07,1,607888,607464,424
44471321,36.5887,35.5095,425,45534,0.0359902,0.11,1,607917,607492,425
44474241,35.0355,34.6038,425,45580,0.0443961,0.05,1,607951,607526,425
44477161,34.4142,33.6415,426,45626,0.0237584,0,1,607985,607559,426
44480081,26.9657,28.4566,423,45672,0.0275034,0.15,1,608007,607584,423
44483001,39.5863,36.5826,429,45718,0.0290013,0.19,1,608055,607626,429
44485921,29.0345,27.8331,429,45764,0.0536005,0.11,1,608077,607648,429
44488841,25.4138,29.1332,422,45810,0.0514402,0.01,1,608100,607678,422
44491761,26.3655,27.8533,422,45856,0.0505761,0.05,1,608127,607705,422
44494681,11.7462,12.3413,422,45902,0.0502304,0.01,1,608129,607707,422
44497601,10.6985,10.9365,422,45948,0.0380922,0.01,1,608139,607717,422
44500521,15.0794,4.37461,440,45994,0.0332369,0.01,1,608157,607717,440
44503441,27.0318,13.1498,456,46040,0.0552947,0.01,1,608192,607736,456
44506361,31.2127,26.2599,455,46086,0.0521179,0.01,1,608226,607771,455
44509281,24.4851,30.904,441,46132,0.0508472,0.03,1,608246,607805,441
44512201,47.594,23.7616,485,46178,0.0383389,0.01,1,608309,607824,485
44515121,36.4376,47.9046,450,46224,0.0453355,0.05,1,608338,607888,450
44518041,34.975,36.5619,455,46270,0.0721342,0.05,1,608372,607917,455
44520961,34.39,35.0247,455,46316,0.0948537,0.01,1,608406,607951,455
44523881,27.556,34.4099,444,46362,0.0679415,0.03,1,608429,607985,444
44526801,39.8224,26.964,470,46407,0.0451766,0.03,1,608477,608007,470
44529721,29.129,39.5856,444,46452,0.0360706,0.07,1,608499,608055,444
44532641,24.8516,29.0342,444,46497,0.0564283,0.05,1,608521,608077,444
44535561,26.7406,25.4137,449,46542,0.0765713,0.05,1,608549,608100,449
44538481,11.8963,26.3655,424,46587,0.0606285,0.05,1,608551,608127,424
44541401,10.1585,11.7462,431,46632,0.0422514,0.03,1,608560,608129,431
44544321,15.4634,10.6985,440,46677,0.0349006,0.03,1,608579,608139,440
44547241,28.3854,15.0794,459,46722,0.0319602,0.07,1,608616,608157,459
44550161,31.1541,27.0318,457,46767,0.0427841,0.05,1,608649,608192,457
44553081,24.4617,31.2127,443,46812,0.0471136,0.05,1,608669,608226,443
44556001,46.9847,24.4851,485,46857,0.0368455,0.03,1,608731,608246,485
44558921,37.3939,47.594,453,46902,0.0327382,0.05,1,608762,608309,453
44561841,35.9575,36.4376,459,46947,0.0430953,0.09,1,608797,608338,459
44564761,34.183,34.975,458,46992,0.0352381,0.11,1,608830,608372,458
44567681,25.6732,34.39,444,47037,0.0320952,0.05,1,608850,608406,444
44570601,39.6693,27.556,470,47082,0.0428381,0.03,1,608899,608429,470
44573521,29.0677,39.8224,444,47127,0.0591352,0.03,1,608921,608477,444
44591041,7.20732,15.4634,423,47397,0.0880649,0.03,1,609002,608579,423
44596881,30.0732,31.1541,424,47485,0.0824904,0.05,1,609073,608649,424
44599801,24.0293,24.4617,424,47529,0.0749962,0.03,1,609093,608669,424
44602721,46.2117,46.9847,423,47573,0.0839985,0.03,1,609154,608731,423
44605641,37.0847,37.3939,423,47617,0.0635994,0.05,1,609185,608762,423
44608561,36.4339,35.9575,424,47661,0.0674398,0.03,1,609221,608797,424
44611481,33.7735,34.183,423,47705,0.0929759,0.03,1,609253,608830,423
44634841,14.4251,15.0183,426,48057,0.229884,0.07,1,609426,609000,426
44637761,6.97004,7.20732,426,48101,0.241953,0.11,1,609428,609002,426
44640681,24.988,25.6829,425,48145,0.258781,0.07,1,609465,609040,425
44643601,29.7952,30.0732,425,48189,0.289513,0.07,1,609498,609073,425
44655281,36.7868,36.4339,425,48365,0.415076,0.11,1,609646,609221,425
44658201,35.1147,33.7735,427,48409,0.40003,0.11,1,609680,609253,427
44664041,41.0184,40.2038,428,48496,0.403605,0.13,1,609751,609323,428
44666961,30.8073,30.4815,428,48539,0.407442,0.17,1,609775,609347,428
44696161,49.3114,21.5192,502,48969,0.419567,0.41,1,610020,609518,502
44699081,37.7245,45.2077,471,49012,0.449827,0.41,1,610050,609579,471
44789601,11.2413,24.3819,456,50328,0.759936,0.67,2,610849,610393,456
44792521,45.8965,51.7528,455,50370,0.789974,0.65,2,610918,610463,455
44795441,36.3586,39.3011,454,50412,0.77799,0.63,2,610948,610494,454
44798361,36.7434,38.5204,453,50454,0.761196,0.63,2,610985,610532,453
44801281,35.0974,35.8082,453,50496,0.766478,0.65,2,611019,610566,453
44804201,27.239,26.9233,454,50538,0.768591,0.69,2,611041,610587,454
44807121,43.2956,43.1693,454,50580,0.865437,0.63,2,611095,610641,454
45046561,72.4175,90.174,479,25075,0.0711328,0.65,1,613554,613075,479
45064081,80.031,55.1614,504,25578,0.0991618,0.05,1,613849,613345,504
45072841,63.442,63.6263,487,25826,0.223066,0.15,1,614041,613554,487
45075761,42.1768,60.8505,456,25908,0.239227,0.13,1,614069,613613,456
45078681,26.4707,41.7402,443,25990,0.245691,0.13,1,614085,613642,443
45081601,20.1883,26.2961,443,26072,0.248276,0.11,1,614101,613658,443
45084521,54.2753,20.7184,503,26153,0.273311,0.11,1,614178,613675,503
45145841,60.8658,60.1734,445,27805,0.770073,0.57,2,615295,614850,445
45148761,63.9463,61.2694,449,27881,0.842029,0.59,2,615361,614912,449
45300601,40.1896,25.6814,533,31588,0.845526,1,2,617877,617344,533
45306441,50.4703,82.589,508,31722,0.230084,1,1,618017,617509,508
45312281,47.9153,58.4542,520,31856,0.0596135,1,1,618120,617600,520
45315201,52.1661,50.9817,529,31922,0.0298454,1,1,618175,617646,529
45318121,43.6664,52.7927,513,31988,0.0179382,0.89,1,618213,617700,513
45321041,35.4666,42.7171,507,32054,0.0491753,0.99,1,618243,617736,507
45323961,27.9866,38.0868,495,32120,0.0196701,1,1,618266,617771,495
45326881,28.5947,31.4347,497,32186,0.037868,0.89,1,618295,617798,497
45329801,33.0379,32.9739,499,32252,0.0211472,0.79,1,618331,617832,499
45332721,64.2151,40.1896,539,32318,0.0264589,0.27,1,618416,617877,539
45335641,39.4861,82.6758,451,32383,0.0405836,0.05,1,618439,617988,451
45338561,52.9944,50.4703,484,32448,0.0462334,0.07,1,618501,618017,484
45341481,45.1978,56.7881,463,32513,0.0244934,0.01,1,618541,618078,463
45344401,51.6791,47.9153,477,32578,0.00979735,0.01,1,618597,618120,477
45347321,44.0716,52.1661,461,32643,0.0459189,0.01,1,618636,618175,461
45350241,35.6287,43.6664,453,32708,0.0243676,0.07,1,618666,618213,453
45353161,15.4515,35.4666,425,32773,0.027747,0,1,618668,618243,425
45356081,18.1806,27.9866,422,32838,0.0110988,0.05,1,618688,618266,422
45359001,25.8722,28.5947,424,32902,0.00443952,0.01,1,618719,618295,424
45361921,31.3489,33.0379,423,32966,0.00777581,0.03,1,618754,618331,423
45373601,44.9433,45.1978,422,33222,0.0473351,0,1,618963,618541,422
45376521,52.1773,51.6791,423,33286,0.048934,0.07,1,619020,618597,423
45379441,44.2709,44.0716,423,33350,0.0615736,0.01,1,619059,618636,423
45382361,35.1084,35.6287,422,33413,0.0246294,0.03,1,619088,618666,422
45385281,15.2433,15.4515,422,33476,0.0158518,0,1,619090,618668,422
45388201,18.0973,18.1806,422,33539,0.0243407,0,1,619110,618688,422
45391121,25.8389,25.8722,422,33602,0.0277363,0.01,1,619141,618719,422
45394041,31.3356,31.3489,422,33665,0.0170945,0.19,1,619176,618754,422
45396961,68.9342,64.7396,429,33728,0.0608378,0.19,1,619270,618841,429
45399881,37.1737,37.8958,425,33791,0.0783351,0.09,1,619286,618861,425
45402801,50.2695,52.3583,422,33854,0.061334,0,1,619345,618923,422
45405721,44.1078,44.9433,422,33916,0.0245336,0.05,1,619385,618963,422
45408641,51.8431,52.1773,422,33978,0.0158134,0.07,1,619442,619020,422
45411561,45.3372,44.2709,424,34040,0.0363254,0,1,619483,619059,424
45414481,34.9349,35.1084,423,34102,0.0445301,0.01,1,619511,619088,423
45417401,15.174,15.2433,423,34164,0.0478121,0.03,1,619513,619090,423
45420321,17.4696,18.0973,422,34226,0.0371248,0.03,1,619532,619110,422
45423241,24.9878,7.23894,452,34288,0.0208499,0.03,1,619562,619110,452
45426161,30.9951,21.4956,456,34350,0.02634,0.01,1,619597,619141,456
45429081,69.9981,29.5982,517,34412,0.040536,0.09,1,619693,619176,517
45432001,37.5992,68.2393,439,34473,0.0462144,0.09,1,619709,619270,439
45434921,50.4397,36.8957,482,34534,0.0724858,0.05,1,619768,619286,482
45437841,42.9759,50.1583,461,34595,0.0589943,0,1,619806,619345,461
45440761,51.3903,44.0633,478,34656,0.0415977,0.01,1,619863,619385,478
45443681,46.3561,51.8253,464,34717,0.0586391,0.05,1,619906,619442,464
45446601,35.3425,45.3301,451,34778,0.0774556,0.05,1,619934,619483,451
45449521,15.337,34.9321,425,34839,0.0849823,0.05,1,619936,619511,425
45452441,16.3348,15.1728,440,34900,0.0759929,0.03,1,619953,619513,440
45455361,25.1339,17.4691,452,34961,0.0483972,0.01,1,619984,619532,452
45458281,30.4536,24.9877,456,35021,0.0373589,0.03,1,620018,619562,456
45461201,70.9814,30.9951,519,35081,0.0329435,0.05,1,620116,619597,519
45464121,37.9926,69.998,439,35141,0.0311774,0.05,1,620132,619693,439
45467041,51.797,37.5992,484,35201,0.030471,0.09,1,620193,619709,484
45469961,41.1188,50.4397,459,35261,0.0301884,0.05,1,620227,619768,459
45472881,51.2475,42.9759,479,35321,0.0300754,0.03,1,620285,619806,479
45475801,48.099,51.3903,468,35381,0.0120301,0.07,1,620331,619863,468
45478721,36.0396,46.3561,453,35441,0.0228121,0.09,1,620359,619906,453
45481641,15.6158,35.3425,427,35501,0.0271248,0.09,1,620361,619934,427
45484561,15.8463,15.337,441,35561,0.0288499,0.07,1,620377,619936,441
45487481,23.1385,16.3348,452,35620,0.04154,0.03,1,620405,619953,452
45490401,30.2554,25.1339,456,35679,0.022616,0.03,1,620440,619984,456
45493321,13.3022,30.4536,424,35738,0.0270464,0.03,1,620442,620018,424
45496241,63.5209,70.9814,423,35797,0.0288186,0.03,1,620539,620116,423
45499161,35.6083,37.9926,424,35856,0.0295274,0.03,1,620556,620132,424
45502081,50.2433,51.797,423,35915,0.089811,0.03,1,620616,620193,423
45507921,50.9989,51.2475,423,36033,0.0803697,0,1,620708,620285,423
45510841,47.3996,48.099,422,36092,0.0861479,0.03,1,620753,620331,422
45531281,63.4607,63.5209,422,36499,0.0467921,0.03,1,620961,620539,422
45534201,36.1843,35.6083,423,36557,0.0367169,0.13,1,620979,620556,423
45537121,52.8737,50.2433,427,36615,0.0806867,0.15,1,621043,620616,427
45580921,47.7191,47.445,473,37472,0.204535,0.15,1,621603,621130,473
45583841,39.4876,47.178,460,37528,0.231814,0.15,1,621637,621177,460
45586761,16.9951,38.0712,430,37584,0.242726,0.15,1,621639,621209,430
45589681,17.598,16.4285,446,37640,0.25909,0.17,1,621657,621211,446
45653921,47.5967,48.1214,441,38857,0.445007,0.35,1,622475,622034,441
45688961,49.1758,46.9918,442,39505,0.765299,0.49,2,622869,622427,442
45691881,49.6703,47.5967,444,39558,0.828119,0.49,2,622919,622475,444
45694801,40.2681,39.4387,444,39611,0.865248,0.49,2,622953,622509,444
45697721,17.3072,16.9755,444,39664,0.880099,0.49,2,622955,622511,444
45700641,17.7229,17.5902,444,39717,0.86204,0.49,2,622973,622529,444
45703561,26.2892,24.4361,447,39770,0.854816,0.61,2,623005,622558,447
45706481,32.7157,28.9744,452,39823,0.899926,0.61,2,623042,622590,452
45899201,33.0701,29.6418,518,43182,0.845488,1,2,625398,624880,518
45913801,35.1386,50.8811,511,43427,0.234997,1,1,625567,625056,511
45916721,33.2555,37.7525,514,43476,0.0939988,1,1,625599,625085,514
45919641,33.1022,33.701,516,43525,0.0555995,1,1,625632,625116,516
45922561,36.6409,34.4804,520,43573,0.0522398,1,1,625671,625151,520
45925481,36.2563,35.3922,520,43621,0.0508959,1,1,625707,625187,520
45928401,43.3025,50.1569,508,43669,0.0503584,1,1,625755,625247,508
45931321,33.521,39.8627,502,43717,0.0261433,0.92,1,625782,625280,502
45934241,24.8084,33.3451,492,43765,0.0404573,0.91,1,625801,625309,492
45937161,26.1234,25.938,498,43813,0.0341829,0.93,1,625828,625330,498
45940081,27.8493,30.1752,494,43861,0.0316732,0.79,1,625857,625363,494
45943001,21.9397,33.0701,477,43909,0.0306693,0.67,1,625875,625398,477
45945921,23.1759,28.228,476,43957,0.0182677,0.57,1,625899,625423,476
45948841,29.6704,29.2912,480,44005,0.0373071,0.41,1,625933,625453,480
45951761,34.0681,35.1165,478,44053,0.0329228,0.27,1,625970,625492,478
45954681,26.2273,39.8466,456,44101,0.0311691,0.15,1,625991,625535,456
45957601,27.8909,35.1386,453,44149,0.0124677,0,1,626020,625567,453
45960521,30.9564,33.2555,454,44197,0.0229871,0.03,1,626053,625599,454
45963441,36.9825,33.1022,462,44245,0.0271948,0.05,1,626094,625632,462
45966361,35.793,36.6409,458,44293,0.0108779,0.05,1,626129,625671,458
45969281,42.5172,36.2563,469,44341,0.0223512,0.05,1,626176,625707,469
45972201,33.8069,43.3025,449,44389,0.0509405,0.01,1,626204,625755,449
45975121,24.3228,33.521,440,44437,0.0623762,0.05,1,626222,625782,440
45978041,10.9291,24.8084,423,44484,0.0669505,0.03,1,626224,625801,423
45980961,21.7716,26.1234,425,44531,0.0327802,0.03,1,626253,625828,425
45983881,25.5087,27.8493,424,44578,0.0671121,0.03,1,626281,625857,424
45986801,20.4035,21.9397,423,44625,0.0688448,0.01,1,626298,625875,423
45989721,23.1614,23.1759,424,44672,0.0695379,0.05,1,626323,625899,424
45992641,29.6646,29.6704,424,44719,0.0458152,0.03,1,626357,625933,424
45995561,32.8658,34.0681,422,44766,0.0603261,0.03,1,626392,625970,422
45998481,27.5463,26.2273,425,44813,0.0541304,0,1,626416,625991,425
46001401,26.6185,27.8909,422,44860,0.0516522,0.03,1,626442,626020,422
46004321,30.4474,30.9564,422,44907,0.0386609,0.03,1,626475,626053,422
46007241,38.579,36.9825,425,44954,0.0214643,0,1,626519,626094,425
46010161,35.2316,35.793,423,45001,0.0145857,0.03,1,626552,626129,423
46013081,42.2926,42.5172,423,45048,0.0238343,0.07,1,626599,626176,423
46016001,34.9171,33.8069,425,45095,0.0395337,0.07,1,626629,626204,425
46018921,22.9668,24.3228,422,45142,0.0698135,0.07,1,626644,626222,422
46021841,10.3867,10.9291,422,45189,0.0819254,0.01,1,626646,626224,422
46024761,22.1547,21.7716,423,45236,0.0507702,0.09,1,626676,626253,423
46027681,26.2619,25.5087,424,45283,0.0983081,0.07,1,626705,626281,424
46051041,38.5508,38.579,422,45653,0.0657471,0.01,1,626941,626519,422
46053961,35.8203,35.2316,423,45699,0.0442988,0.03,1,626975,626552,423
46056881,42.5281,42.2926,423,45745,0.0477195,0.05,1,627022,626599,423
46059801,36.2112,34.9171,425,45791,0.0370878,0.09,1,627054,626629,425
46062721,22.8845,22.9668,424,45837,0.0448351,0.09,1,627068,626644,424
46065641,10.3538,10.3867,424,45883,0.023934,0.03,1,627070,626646,424
46068561,21.5415,22.1547,423,45929,0.00957362,0.03,1,627099,626676,423
46071481,27.2166,8.86188,454,45975,0.0338294,0.13,1,627130,626676,454
46074401,19.2866,20.9448,439,46021,0.0555318,0.11,1,627144,626705,439
46077321,23.9147,17.3779,451,46067,0.0762127,0.13,1,627171,626720,451
46080241,28.7659,22.5512,457,46113,0.0964851,0.11,1,627203,626746,457
46083161,35.5063,28.8205,464,46159,0.056594,0.17,1,627243,626779,464
46086081,29.2025,33.1282,453,46205,0.0286376,0.17,1,627268,626815,453
46089001,26.081,27.0513,454,46251,0.041455,0.19,1,627292,626838,454
46091921,27.2324,26.4205,456,46297,0.046582,0.13,1,627320,626864,456
46094841,36.093,30.3682,465,46343,0.0846328,0.01,1,627362,626897,465
46097761,34.8372,38.5473,455,46388,0.0638531,0.03,1,627396,626941,455
46100681,42.1349,35.8189,468,46433,0.0555412,0.05,1,627443,626975,468
46103601,36.0539,42.5276,453,46478,0.0522165,0.03,1,627475,627022,453
46106521,22.8216,36.211,435,46523,0.0388866,0.05,1,627489,627054,435
46109441,10.3286,22.8844,423,46568,0.0335546,0.01,1,627491,627068,423
46112361,21.5315,10.3538,450,46613,0.0434219,0,1,627520,627070,450
46115281,29.0126,21.5415,455,46658,0.0233687,0.05,1,627554,627099,455
46118201,20.005,27.2166,438,46703,0.0273475,0.07,1,627568,627130,438
46121121,24.802,19.2866,452,46748,0.040939,0.09,1,627596,627144,452
46124041,29.7208,23.9147,458,46793,0.0583756,0.11,1,627629,627171,458
46126961,33.4883,28.7659,462,46838,0.0893502,0.03,1,627665,627203,462
46144481,41.1632,34.8372,468,47108,0.0914834,0.05,1,627864,627396,468
46147401,36.2653,42.1349,454,47153,0.0665934,0.05,1,627897,627443,454
46150321,22.9061,36.0539,436,47198,0.0446373,0.03,1,627911,627475,436
46153241,10.3624,22.8216,424,47243,0.0358549,0.03,1,627913,627489,424
46156161,22.145,10.3286,452,47288,0.056342,0.05,1,627943,627491,452
46159081,28.058,21.5315,455,47333,0.0645368,0.01,1,627975,627520,455
46162001,20.2232,29.0126,436,47378,0.0558147,0.03,1,627990,627554,436
46164921,9.28928,20.005,424,47422,0.0523259,0.05,1,627992,627568,424
46167841,21.7157,24.802,426,47466,0.0749304,0.07,1,628022,627596,426
46170761,28.4863,29.7208,426,47510,0.0839721,0.11,1,628055,627629,426
46173681,33.5945,33.4883,427,47554,0.0995889,0.11,1,628092,627665,427
46176601,29.0378,28.9953,427,47598,0.0938355,0.11,1,628118,627691,427
46191201,39.4596,41.1632,425,47818,0.208062,0.05,1,628289,627864,425
46194121,34.3838,36.2653,423,47862,0.245225,0.03,1,628320,627897,423
46197041,22.1535,22.9061,423,47906,0.26009,0.03,1,628334,627911,423
46199961,10.0614,10.3624,423,47950,0.266036,0.07,1,628336,627913,423
46202881,23.2246,22.145,425,47994,0.280414,0.07,1,628368,627943,425
46205801,28.4898,28.058,425,48038,0.286166,0.05,1,628400,627975,425
46223321,29.8734,29.0378,426,48302,0.40374,0.13,1,628544,628118,426
46226241,26.3494,26.0151,426,48346,0.443496,0.11,1,628568,628142,426
46229161,28.5397,27.806,427,48390,0.435398,0.13,1,628598,628171,427
46232081,39.0159,38.1224,428,48434,0.444159,0.21,1,628644,628216,428
46325521,39.3416,29.552,496,49806,0.752564,0.57,2,629537,629041,496
46328441,36.1366,40.0208,483,49848,0.763026,0.51,2,629571,629088,483
46331361,43.8546,37.0083,497,49890,0.77921,0.57,2,629620,629123,497
46334281,38.5419,43.6033,484,49932,0.773684,0.59,2,629655,629171,484
46337201,23.8167,37.8413,464,49974,0.795474,0.59,2,629669,629205,464
46340121,10.7267,23.5365,452,50016,0.804189,0.59,2,629671,629219,452
46343041,24.6907,10.6146,484,50058,0.807676,0.61,2,629705,629221,484
46345961,29.0763,23.4458,484,50100,0.79707,0.63,2,629737,629253,484
46348881,21.2305,28.5783,468,50142,0.792828,0.65,2,629753,629285,468
46351801,9.6922,19.8313,456,50184,0.767131,0.65,2,629755,629299,456
46354721,22.4769,9.13253,485,50226,0.792852,0.69,2,629786,629301,485
46357641,31.1908,21.653,492,50268,0.815141,0.71,2,629823,629331,492
46360561,35.8763,30.2612,495,50310,0.812056,0.71,2,629862,629367,495
46363481,15.5505,34.9045,459,50352,0.810823,0.71,2,629864,629405,459
46366401,23.0202,31.9618,457,50394,0.810329,0.73,2,629892,629435,457
46369321,25.4081,28.3847,458,50436,0.822132,0.73,2,629919,629461,458
46372241,28.1632,29.3539,458,50478,0.802853,0.77,2,629949,629491,458
46375161,40.0653,39.3416,460,50520,0.867141,0.77,2,629997,629537,460
46378081,36.4261,36.1366,460,50562,0.868856,0.79,2,630031,629571,460
46381001,44.5704,43.8546,461,50604,0.893543,0.77,2,630081,629620,461
46747461,251.088,253.017,483,24820,0.8524,1,2,633629,633146,483
46750381,120.835,112.007,499,25633,0.79096,1,2,633663,633164,499
46779581,57.3628,67.3368,501,26448,0.761592,0.73,2,634245,633744,501
46782501,67.3451,53.3347,531,26528,0.814637,0.65,2,634319,633788,531
46785421,31.7381,66.9339,463,26608,0.835855,0.71,2,634327,633864,463
46788341,29.4952,32.1736,482,26688,0.868342,0.65,2,634355,633873,482
47027781,45.8908,55.9925,514,32554,0.0819553,1,1,638498,637984,514
47030701,48.9563,54.197,512,32619,0.0507821,0.96,1,638549,638037,512
47033621,41.1825,40.8788,516,32684,0.0623129,1,1,638585,638069,516
47036541,48.873,46.9515,519,32749,0.0429251,1,1,638639,638120,519
47039461,20.7492,46.9806,474,32814,0.0591701,0.9,1,638641,638167,474
47042381,22.0997,34.9922,470,32878,0.041668,0.89,1,638664,638194,470
47045301,32.8399,40.3969,466,32942,0.0586672,0.57,1,638704,638238,466
47048221,50.936,65.3588,447,33006,0.0654669,0.47,1,638767,638320,447
47051141,36.5744,46.5435,440,33070,0.0561868,0.29,1,638794,638354,440
47054061,32.0298,40.8174,432,33134,0.0884747,0.05,1,638823,638391,432
47056981,50.0119,57.727,425,33198,0.0353899,0.01,1,638885,638460,425
47059901,41.6048,45.8908,423,33262,0.080156,0.03,1,638921,638498,423
47062821,47.2419,48.9563,423,33326,0.0380624,0.07,1,638972,638549,423
47065741,40.4968,41.1825,423,33389,0.021225,0.03,1,639008,638585,423
47068661,49.1987,48.873,424,33452,0.01449,0.07,1,639063,638639,424
47071581,20.8795,20.7492,424,33515,0.023796,0.03,1,639065,638641,424
47074501,20.9518,22.0997,422,33578,0.0395184,0.07,1,639086,638664,422
47077421,32.3807,32.8399,422,33641,0.0578074,0.07,1,639126,638704,422
47080341,50.7523,50.936,422,33704,0.0651229,0.05,1,639189,638767,422
47083261,37.7009,36.5744,424,33767,0.0800492,0.11,1,639218,638794,424
47086181,31.8804,32.0298,423,33830,0.0860197,0,1,639246,638823,423
47089101,50.5521,50.0119,424,33893,0.0344079,0.11,1,639309,638885,424
47092021,41.2209,41.6048,423,33955,0.0557631,0.01,1,639344,638921,423
47094941,46.4883,47.2419,422,34017,0.0523053,0.01,1,639394,638972,422
47097861,40.1953,40.4968,422,34079,0.0269221,0.01,1,639430,639008,422
47100781,49.6781,49.1987,423,34141,0.0167688,0.03,1,639486,639063,423
47103701,21.0713,20.8795,423,34203,0.0367075,0.05,1,639488,639065,423
47106621,22.2285,20.9518,425,34265,0.032683,0.05,1,639511,639086,425
47109541,32.2914,8.38072,464,34327,0.0190732,0.07,1,639550,639086,464
47112461,51.9166,27.3523,489,34389,0.0256293,0.07,1,639615,639126,489
47115381,37.5666,48.7409,454,34450,0.0642517,0.09,1,639643,639189,454
47118301,31.8266,36.8964,453,34511,0.0797007,0.09,1,639671,639218,453
47121221,48.1307,31.5585,484,34572,0.0498803,0,1,639730,639246,484
47124141,42.0523,50.4234,459,34633,0.0379521,0.07,1,639768,639309,459
47127061,45.6209,41.1694,472,34694,0.0451808,0.05,1,639816,639344,472
47129981,39.2484,46.4677,457,34755,0.0240723,0.01,1,639851,639394,457
47132901,49.2993,40.1871,477,34816,0.0396289,0.01,1,639907,639430,477
47135821,20.9197,49.6748,423,34877,0.0458516,0.05,1,639909,639486,423
47138741,22.7679,21.0699,445,34938,0.0483406,0.03,1,639933,639488,445
47141661,32.5072,22.228,461,34999,0.0493363,0.01,1,639972,639511,461
47156261,40.8727,48.1307,459,35299,0.216284,0.03,1,640189,639730,459
47165021,49.7039,39.2484,479,35479,0.0793622,0.05,1,640330,639851,479
47167941,21.0815,49.2993,425,35539,0.0497449,0.05,1,640332,639907,425
47170861,23.4326,20.9197,448,35598,0.025898,0.05,1,640357,639909,448
47173781,32.773,22.7679,463,35657,0.0763592,0.05,1,640396,639933,463
47176701,14.3092,32.5072,426,35716,0.0725437,0.17,1,640398,639972,426
47191301,41.9123,40.8727,434,36011,0.226679,0.17,1,640623,640189,434
47194221,43.7649,45.1491,431,36070,0.252672,0.13,1,640668,640237,431
47197141,35.506,40.2596,424,36129,0.263069,0.03,1,640698,640274,424
47200061,47.2024,49.7039,423,36187,0.279227,0.03,1,640753,640330,423
47202981,20.081,21.0815,423,36245,0.285691,0.01,1,640755,640332,423
47208821,33.093,32.773,425,36361,0.246111,0.07,1,640821,640396,425
47211741,14.4372,14.3092,425,36419,0.224444,0.15,1,640823,640398,425
47214661,46.5749,45.3237,427,36477,0.239778,0.13,1,640891,640464,427
47217581,39.03,39.1295,426,36535,0.269911,0.19,1,640925,640499,426
47220501,34.212,32.4518,429,36593,0.257964,0.21,1,640956,640527,429
47223421,50.2848,47.7807,432,36651,0.241186,0.25,1,641017,640585,432
47226341,44.1139,41.9123,434,36709,0.258474,0.27,1,641057,640623,434
47249701,47.5722,46.5749,434,37166,0.42801,0.25,1,641325,640891,434
47319781,51.7734,14.4406,518,38507,0.784369,0.49,2,642213,641695,518
47322701,42.9094,49.5762,482,38562,0.799748,0.51,2,642250,641768,482
47325621,34.5637,41.4305,475,38617,0.829899,0.51,2,642279,641804,475
47328541,15.0255,33.3722,449,38672,0.84196,0.63,2,642281,641832,449
47331461,46.8102,51.7489,453,38727,0.894784,0.65,2,642349,641896,453
47334381,44.5241,45.8996,454,38782,0.891914,0.67,2,642392,641938,454
47731501,34.9318,33.7461,508,45587,0.8188,1,2,647127,646619,508
47746101,35.4735,33.5913,497,45817,0.0607813,1,1,647292,646795,497
47749021,33.9894,35.0365,494,45863,0.0303125,1,1,647325,646831,494
47751941,35.1958,35.6146,494,45909,0.042125,1,1,647361,646867,494
47754861,27.2783,14.2458,516,45955,0.01685,1,1,647383,646867,516
47757781,28.3113,18.2983,524,46001,0.04874,1,1,647412,646888,524
47760701,31.1245,30.1193,519,46047,0.025496,1,1,647445,646926,519
47763621,28.0498,34.8477,507,46093,0.0281984,1,1,647471,646964,507
47766541,25.6199,32.5391,500,46139,0.0292794,1,1,647495,646995,500
47769461,28.848,32.2156,499,46185,0.0297117,1,1,647526,647027,499
47772381,25.3392,31.4863,491,46231,0.0538847,0.87,1,647549,647058,491
47775301,28.7357,31.7945,490,46277,0.0275539,0.75,1,647580,647090,490
47778221,20.4943,34.9178,468,46323,0.0170216,0.53,1,647595,647127,468
47781141,20.7977,28.3671,465,46369,0.0368086,0.49,1,647616,647151,465
47784061,27.5191,28.1468,469,46414,0.0447234,0.19,1,647648,647179,469
47786981,29.0076,36.4587,457,46459,0.0178894,0.03,1,647678,647221,457
47789901,32.6031,36.1835,456,46504,0.00715575,0,1,647713,647257,456
47792821,34.0412,35.4734,456,46549,0.0208623,0.01,1,647748,647292,456
47795741,35.2165,33.9894,459,46594,0.0263449,0.05,1,647784,647325,459
47798661,26.0866,35.1957,443,46639,0.040538,0,1,647804,647361,443
47801581,29.0346,27.2783,452,46684,0.0342152,0.07,1,647835,647383,452
47804501,31.4139,28.3113,456,46729,0.0916861,0.01,1,647868,647412,456
47810341,26.0262,28.0498,447,46819,0.0470698,0.03,1,647918,647471,447
47813261,28.4105,25.6199,453,46864,0.0848279,0.03,1,647948,647495,453
47816181,25.1642,28.848,445,46909,0.0639312,0.07,1,647971,647526,445
47827861,26.7946,20.7977,454,47089,0.0947086,0.05,1,648070,647616,454
47833701,31.8871,29.0076,456,47179,0.0415534,0,1,648134,647678,456
47836621,34.3549,32.6031,457,47224,0.0346214,0.03,1,648170,647713,457
47839541,34.7419,34.0412,457,47269,0.0198485,0.03,1,648205,647748,457
47842461,27.6968,35.2165,444,47314,0.0139394,0.05,1,648228,647784,444
47845381,27.8787,26.0866,452,47359,0.0355758,0.03,1,648256,647804,452
47848301,12.3515,29.0346,423,47404,0.0202303,0.13,1,648258,647835,423
47851221,25.3406,31.4139,424,47448,0.0260921,0.11,1,648292,647868,424
47854141,24.5362,27.5655,423,47492,0.0524369,0.01,1,648316,647893,423
47857061,25.4145,26.0262,424,47536,0.0209747,0.11,1,648342,647918,424
47859981,28.7658,28.4105,425,47580,0.0383899,0.05,1,648373,647948,425
47862901,23.5063,25.1642,422,47624,0.045356,0.13,1,648393,647971,422
47865821,32.2025,28.6657,429,47668,0.0481424,0.13,1,648431,648002,429
47868741,20.681,20.4663,427,47712,0.061257,0.09,1,648444,648017,427
47880421,29.8142,31.8871,422,47888,0.0858082,0.03,1,648556,648134,422
47883341,34.1257,34.3549,423,47932,0.0343233,0.01,1,648593,648170,423
47886261,34.6503,34.7419,423,47976,0.0197293,0.01,1,648628,648205,423
47889181,27.6601,27.6968,423,48020,0.00789172,0.05,1,648651,648228,423
47892101,27.864,27.8787,423,48064,0.0211567,0.01,1,648679,648256,423
47895021,12.3456,12.3515,423,48108,0.00846267,0.03,1,648681,648258,423
47897941,25.3382,25.3406,423,48152,0.0333851,0.07,1,648715,648292,423
47900861,25.7353,24.5362,425,48196,0.091354,0,1,648741,648316,425
47906701,28.2376,28.7658,422,48284,0.0710166,0.05,1,648795,648373,422
47909621,25.0951,23.5063,425,48328,0.0704067,0.05,1,648818,648393,425
47912541,32.238,32.2025,424,48372,0.0701627,0.07,1,648855,648431,424
47915461,21.8952,20.681,426,48416,0.0820651,0.15,1,648870,648444,426
47930061,32.8959,34.1257,422,48632,0.0908403,0.01,1,649015,648593,422
47932981,34.1584,34.6503,422,48675,0.0543361,0,1,649050,648628,422
47935901,27.4633,27.6601,422,48718,0.0397345,0.03,1,649073,648651,422
47938821,27.7853,27.864,422,48761,0.0338938,0,1,649101,648679,422
47941741,12.3141,12.3456,422,48804,0.0135575,0.05,1,649103,648681,422
47944661,25.9257,25.3382,423,48847,0.035423,0.05,1,649138,648715,423
47947581,27.1703,10.1353,451,48890,0.0321692,0.13,1,649166,648715,451
47950501,24.0681,19.6541,447,48933,0.0308677,0.11,1,649188,648741,447
47953421,27.6272,21.6616,454,48976,0.0303471,0.05,1,649218,648764,454
47956341,25.4509,27.2647,447,49019,0.0301388,0.07,1,649242,648795,447
47959261,32.3804,24.7059,461,49062,0.0540555,0.07,1,649279,648818,461
47962181,23.1521,32.0823,441,49105,0.0516222,0.09,1,649296,648855,441
47965101,23.0609,21.8329,449,49148,0.0746489,0.15,1,649319,648870,449
47985541,27.384,27.4632,449,49449,0.0785263,0.03,1,649522,649073,449
47988461,12.1536,27.7853,423,49492,0.0314105,0,1,649524,649101,423
47991381,27.0614,12.3141,458,49535,0.0305642,0.05,1,649561,649103,458
47994301,27.0246,25.9256,450,49578,0.0422257,0.03,1,649588,649138,450
47997221,24.0098,27.1703,444,49620,0.0588903,0.03,1,649610,649166,444
48000141,27.6039,24.0681,452,49662,0.0775561,0.03,1,649640,649188,452
48003061,26.0416,27.6272,447,49704,0.0970224,0.03,1,649665,649218,447
48011821,24.7547,23.1521,449,49830,0.0851694,0.09,1,649745,649296,449
48026421,30.5607,29.6256,461,50040,0.201656,0.19,1,649899,649438,461
48029341,24.2243,31.6502,448,50082,0.218662,0.13,1,649919,649471,448
48032261,24.0897,26.4601,449,50124,0.225465,0.03,1,649943,649494,449
48035181,10.8359,27.384,423,50166,0.204186,0,1,649945,649522,423
48055621,32.9933,33.2166,427,50460,0.205174,0.11,1,650130,649703,427
48058541,22.7973,22.8867,427,50502,0.22007,0.07,1,650146,649719,427
48064381,31.7276,30.9019,429,50586,0.202011,0.15,1,650209,649780,429
48067301,30.691,29.7607,430,50628,0.218804,0.17,1,650239,649809,430
48070221,27.8764,27.5043,430,50670,0.261522,0.21,1,650265,649835,430
48073141,32.7506,31.4017,432,50712,0.266609,0.21,1,650301,649869,432
48076061,31.1002,30.5607,432,50754,0.280643,0.23,1,650331,649899,432
48078981,25.0401,24.2243,433,50795,0.298257,0.23,1,650352,649919,433
48081901,22.016,24.0897,429,50836,0.281303,0.19,1,650372,649943,429
48084821,10.0064,10.8359,429,50877,0.274521,0.13,1,650374,649945,429
48111101,24.8681,25.3189,430,51246,0.414996,0.21,1,650603,650173,430
48114021,33.3472,31.7276,433,51287,0.411998,0.23,1,650642,650209,433
48119861,28.7356,27.8764,434,51369,0.40552,0.27,1,650699,650265,434
48122781,33.0942,32.7506,434,51410,0.444208,0.29,1,650735,650301,434
48207461,23.9723,35.8112,465,52585,0.752767,0.57,2,651466,651001,465
48210381,25.1889,23.9245,475,52625,0.763107,0.57,2,651492,651017,475
48213301,32.8756,25.1698,487,52665,0.779243,0.57,2,651530,651043,487
48216221,32.9502,32.8679,482,52705,0.797697,0.61,2,651563,651081,482
48219141,29.9801,31.7472,479,52745,0.805079,0.59,2,651591,651112,479
48222061,34.192,30.0989,487,52785,0.820032,0.61,2,651628,651141,487
48224981,32.2768,33.6395,482,52825,0.814013,0.63,2,651659,651177,482
48227901,28.5107,31.4558,478,52865,0.835605,0.65,2,651685,651207,478
48230821,23.4043,26.3823,475,52905,0.844242,0.69,2,651705,651230,475
48233741,10.5617,22.5529,457,52945,0.847697,0.69,2,651707,651250,457
48236661,30.0247,10.2212,498,52985,0.873079,0.73,2,651750,651252,498
48239581,30.0099,28.6885,487,53025,0.883232,0.71,2,651780,651293,487
48242501,25.8039,30.0754,479,53065,0.887293,0.73,2,651803,651324,479
48245421,11.5216,25.2302,459,53105,0.888917,0.73,2,651805,651346,459
48248341,23.8086,11.2921,489,53145,0.889567,0.75,2,651837,651348,489
48461501,298.512,328.969,461,23360,0.2908,0.65,1,654245,653784,461
48474641,83.7618,93.3151,446,25550,0.088528,0.33,1,654350,653904,446
48498001,90.5047,99.726,437,24820,0.0654112,0.27,1,654445,654008,437
48500921,65.6019,59.0904,454,25633,0.0261645,0.15,1,654494,654040,454
48503841,68.8408,60.8362,463,25716,0.0644658,0.07,1,654565,654102,463
48506761,58.7363,61.5345,453,25798,0.0917863,0.03,1,654617,654164,453
48509681,54.0945,73.2138,423,25880,0.0427145,0.03,1,654668,654245,423
48512601,49.2378,41.8855,448,25962,0.0350858,0.05,1,654714,654266,448
48515521,54.4951,49.1542,452,26044,0.0560343,0.05,1,654772,654320,452
48541801,45.8081,54.3024,464,26767,0.214385,0.13,1,655236,654772,464
48544721,29.7232,43.9209,446,26846,0.235754,0.21,1,655255,654809,446
48547641,13.0893,28.9684,429,26925,0.244302,0.15,1,655257,654828,429
48550561,58.6357,64.9874,429,27004,0.271721,0.15,1,655346,654917,429
48571001,30.5574,29.7232,434,27548,0.400505,0.25,1,655689,655255,434
48632321,68.5679,63.0239,522,29119,0.78727,0.59,2,656749,656227,522
48635241,62.8272,68.4095,509,29192,0.812908,0.59,2,656808,656299,509
48638161,57.5309,62.7638,504,29265,0.835163,0.63,2,656862,656358,504
48641081,49.4123,56.3055,496,29337,0.880065,0.63,2,656906,656410,496
48644001,58.1649,48.9222,516,29409,0.898026,0.65,2,656970,656454,516
48757881,34.4261,35.5098,512,32095,0.823608,1,2,658803,658291,512
48772481,55.3538,33.3089,546,32424,0.42036,0.97,1,659042,658496,546
48795841,55.1699,62.0282,448,32942,0.438288,0.53,1,659374,658926,448
48801681,29.5872,31.8845,443,33070,0.445726,0.35,1,659414,658971,443
48804601,50.8349,55.3538,437,33134,0.44829,0.27,1,659479,659042,437
48807521,59.3339,62.3415,435,33198,0.449316,0.33,1,659544,659109,435
48880521,38.1373,41.0521,488,34755,0.753448,0.63,2,660571,660083,488
48883441,27.2549,39.2209,470,34816,0.763379,0.63,2,660591,660121,470
48886361,12.102,27.6883,452,34877,0.767352,0.63,2,660593,660141,452
48889281,34.8408,12.2753,500,34938,0.804941,0.63,2,660643,660143,500
48892201,61.3363,33.1101,532,34999,0.831976,0.63,2,660722,660190,532
48895121,29.3345,60.6441,461,35059,0.842791,0.65,2,660730,660269,461
48898041,30.3338,29.0576,484,35119,0.871116,0.63,2,660761,660277,484
49070321,33.6587,32.3616,513,38507,0.894634,1,2,663172,662659,513
49073241,40.4635,35.1446,521,38562,0.807853,1,2,663217,662696,521
49076161,25.1854,36.2579,499,38617,0.857141,0.9,2,663232,662733,499
49079081,27.4742,25.3031,510,38672,0.840857,1,2,663261,662751,510
49082001,32.5897,29.3213,514,38727,0.798343,1,2,663297,662783,514
49140401,36.544,36.6027,452,39802,0.755126,0.63,2,664036,663584,452
49146241,31.527,31.1764,452,39908,0.75802,0.63,2,664086,663634,452
49149161,42.0108,41.2706,453,39961,0.753208,0.63,2,664135,663682,453
49172521,36.8763,39.8463,490,40382,0.77258,0.71,2,664418,663928,490
49175441,38.7505,36.3385,496,40434,0.819032,0.75,2,664458,663962,496
49178361,36.5002,37.3354,493,40486,0.825613,0.77,2,664493,664000,493
49181281,21.8001,36.5342,469,40538,0.828245,0.73,2,664505,664036,469
49184201,31.52,21.8137,495,40590,0.841298,0.77,2,664543,664048,495
49187121,41.408,31.5255,505,40642,0.858519,0.75,2,664591,664086,505
49190041,24.9632,42.0102,470,40694,0.865408,0.71,2,664605,664135,470
49192961,24.3853,25.2041,480,40746,0.880163,0.75,2,664629,664149,480
49375461,187.605,186.465,513,19818,0.2884,1,1,666925,666412,513
49381301,97.3368,89.7144,520,20031,0.071344,0.85,1,667078,666558,520
49384221,90.5347,97.6858,503,20137,0.0465376,0.57,1,667164,666661,503
49387141,77.0139,84.6743,495,20242,0.060615,0.37,1,667232,666737,495
49390061,50.0056,75.2697,458,20347,0.054246,0.31,1,667264,666806,458
49392981,69.8022,52.3079,504,20451,0.0756984,0.09,1,667347,666843,504
49395901,69.9209,70.1232,492,20555,0.0602794,0.03,1,667417,666925,492
49398821,77.7684,68.8493,507,20658,0.0781117,0.03,1,667500,666993,507
49401741,82.1073,78.5397,507,20761,0.0732447,0.03,1,667585,667078,507
49404661,73.6429,83.0159,489,20863,0.0832979,0.07,1,667653,667164,489
49407581,49.8572,74.0064,455,20965,0.0873192,0.05,1,667687,667232,455
49410501,21.1429,48.8025,425,21066,0.0889277,0.09,1,667689,667264,425
49416341,63.3829,69.7284,423,21267,0.0754284,0.09,1,667840,667417,423
49419261,75.7531,77.6914,424,21367,0.0361714,0.07,1,667924,667500,424
49422181,83.1013,82.0765,427,21466,0.0324685,0.09,1,668012,667585,427
49425101,74.6405,73.6306,428,21565,0.0549874,0.09,1,668081,667653,428
49428021,49.0562,49.8522,426,21663,0.063995,0.09,1,668113,667687,426
49430941,20.8225,21.1409,426,21761,0.067598,0.13,1,668115,667689,426
49433861,59.329,59.4564,426,21858,0.0450392,0.05,1,668200,667774,426
49436781,60.9316,63.3825,422,21955,0.0840157,0.01,1,668262,667840,422
49439701,74.7726,75.753,422,22052,0.0996063,0.03,1,668346,667924,422
49442621,83.3091,83.1012,423,22148,0.0818425,0.07,1,668435,668012,423
49445541,74.7236,74.6405,423,22244,0.086737,0.07,1,668504,668081,423
49448461,49.6894,49.0562,424,22339,0.0886948,0.07,1,668537,668113,424
49451381,21.0758,20.8225,424,22434,0.0894779,0.03,1,668539,668115,424
49460141,74.9329,46.6926,508,22717,0.227727,0.11,1,668770,668262,508
49463061,82.1731,69.0771,511,22810,0.253091,0.07,1,668857,668346,511
49465981,74.8693,81.0308,492,22903,0.263236,0.09,1,668927,668435,492
49468901,51.5477,73.8123,459,22996,0.267294,0.09,1,668963,668504,459
49471821,21.8191,49.3249,428,23088,0.292918,0.09,1,668965,668537,428
49480581,78.3404,61.3088,518,23362,0.415947,0.27,1,669204,668686,518
49483501,83.5362,74.9235,521,23453,0.436379,0.27,1,669291,668770,521
49533141,75.3562,74.8521,454,24944,0.775949,0.67,2,670262,669808,454
49536061,54.1425,54.5408,453,25029,0.79638,0.67,2,670302,669849,453
49538981,22.857,23.0163,453,25114,0.804552,0.63,2,670304,669851,453
49541901,61.3428,61.4065,453,25198,0.843821,0.69,2,670391,669938,453
49544821,67.7371,67.1626,454,25282,0.883528,0.69,2,670463,670009,454
49547741,28.2948,28.065,454,25366,0.899411,0.69,2,670465,670011,454
49664541,34.8316,28.8165,526,28514,0.402227,1,1,672730,672204,526
49667461,35.5326,31.3266,529,28588,0.406891,1,1,672766,672237,529
49676221,46.4821,56.6049,510,28810,0.435241,0.97,1,672928,672418,510
49725861,52.4847,55.6918,451,30034,0.766034,0.67,2,673723,673272,451
49728781,57.5939,56.4767,455,30104,0.768414,0.67,2,673784,673329,455
49731701,48.8376,48.3907,455,30174,0.781365,0.69,2,673827,673372,455
49734621,71.735,70.9563,456,30244,0.786546,0.73,2,673914,673458,456
49737541,61.694,60.1825,458,30314,0.752618,0.75,2,673969,673511,458
49740461,50.4776,49.273,459,30384,0.787047,0.73,2,674012,673553,459
49743381,38.191,38.3092,458,30454,0.800819,0.73,2,674042,673584,458
49746301,33.2764,33.3237,458,30523,0.806328,0.73,2,674072,673614,458
49749221,14.5106,14.5295,458,30592,0.832531,0.73,2,674074,673616,458
49752141,29.2042,29.2118,458,30661,0.855012,0.79,2,674113,673655,458
49755061,53.0817,52.4847,459,30730,0.888005,0.77,2,674182,673723,459
49895221,37.6515,42.0365,489,33877,0.265917,1,1,676422,675933,489
49898141,37.2606,39.0146,489,33939,0.232367,1,1,676459,675970,489
49906901,38.7687,47.5449,476,34125,0.0770315,1,1,676559,676083,476
49909821,34.7075,40.018,473,34187,0.0368126,1,1,676591,676118,473
49912741,36.083,39.4072,471,34249,0.068725,1,1,676628,676157,471
49915661,42.0332,15.7629,517,34311,0.08149,0.88,1,676674,676157,517
49918581,49.8133,36.3052,522,34373,0.098596,0.55,1,676729,676207,522
49941941,36.0318,38.7625,456,34862,0.0663131,0.01,1,677015,676559,456
49944861,34.8127,34.705,458,34923,0.0685252,0.09,1,677049,676591,458
49947781,43.9251,36.082,471,34984,0.0694101,0.09,1,677099,676628,471
49962381,34.7276,31.7,466,35284,0.229028,0.21,1,677318,676852,466
49965301,30.691,33.68,459,35344,0.241611,0.19,1,677346,676887,459
49968221,21.8764,30.872,446,35404,0.246644,0.19,1,677362,676916,446
49971141,35.7506,21.9488,475,35464,0.236658,0.15,1,677407,676932,475
49974061,32.9002,37.5795,458,35524,0.244663,0,1,677438,676980,458
49976981,34.1601,36.0318,458,35584,0.211865,0.07,1,677473,677015,458
49994501,33.065,32.8189,432,35938,0.216831,0.25,1,677714,677282,432
49997421,36.026,34.7276,434,35997,0.248733,0.25,1,677752,677318,434
50000341,31.2104,30.691,434,36056,0.261493,0.25,1,677780,677346,434
50003261,22.0842,21.8764,434,36115,0.290597,0.23,1,677796,677362,434
50009101,31.3735,32.9002,432,36232,0.282896,0.19,1,677870,677438,432
50026621,45.2961,45.1626,430,36580,0.400386,0.23,1,678119,677689,430
50102541,38.9281,35.7369,489,38054,0.772909,0.57,2,679078,678589,489
50105461,34.7712,38.2948,481,38110,0.831164,0.61,2,679110,678629,481
50108381,23.5085,33.3179,467,38165,0.866465,0.61,2,679126,678659,467
50324461,38.984,47.7034,483,42062,0.858579,1,2,681850,681367,483
50350741,23.6914,31.5362,476,42512,0.437722,1,1,682128,681652,476
50359501,26.7163,30.6503,477,42662,0.294174,0.93,1,682230,681753,477
50365341,33.0746,38.984,461,42760,0.259468,0.67,1,682311,681850,461
50368261,40.2298,46.1936,455,42809,0.277787,0.69,1,682356,681901,455
50371181,34.6919,37.6774,454,42858,0.249115,0.57,1,682387,681933,454
50374101,33.0768,34.871,453,42907,0.261646,0.59,1,682419,681966,453
50377021,24.6307,27.1484,450,42956,0.254658,0.51,1,682438,681988,450
50379941,30.8523,31.2594,451,43005,0.275863,0.51,1,682473,682022,451
50382861,29.7409,12.5037,480,43054,0.272345,0.49,1,682502,682022,480
50385781,28.0964,24.8015,474,43103,0.282938,0.43,1,682529,682055,474
50388701,22.0385,27.3206,463,43152,0.275175,0.49,1,682547,682084,463
50403301,43.1674,26.6855,489,43397,0.426629,0.31,1,682719,682230,489
50485061,27.1786,26.6883,450,44738,0.759748,0.61,2,683555,683105,450
50487981,46.8715,44.8753,453,44785,0.789899,0.63,2,683615,683162,453
50490901,34.3486,33.5501,453,44832,0.81396,0.63,2,683641,683188,453
50493821,41.9394,41.02,454,44879,0.835584,0.65,2,683688,683234,454
50496741,35.9758,35.608,454,44926,0.868234,0.63,2,683720,683266,454
50499661,34.7903,34.0432,455,44973,0.869293,0.67,2,683754,683299,455
50502581,24.7161,24.4173,455,45020,0.893717,0.65,2,683772,683317,455
50674861,36.6664,37.2703,487,47705,0.79,1,2,685614,685127,487
50686541,25.9515,31.4053,489,47881,0.42904,1,1,685737,685248,489
50692381,27.6722,26.6249,494,47969,0.242646,1,1,685796,685302,494
50704061,22.2364,29.5248,482,48145,0.0783557,1,1,685874,685392,482
50706981,25.6946,28.6099,482,48189,0.0373423,1,1,685902,685420,482
50709901,21.6778,25.844,477,48233,0.0329369,1,1,685921,685444,477
50712821,39.8711,47.5376,467,48277,0.0311748,0.95,1,685973,685506,467
50715741,31.5485,36.415,464,48321,0.0304699,0.87,1,685999,685535,464
50718661,39.6194,42.166,463,48365,0.042188,0.71,1,686044,685581,463
50721581,32.6478,36.6664,458,48409,0.0348752,0.59,1,686072,685614,458
50724501,29.2591,36.8666,448,48453,0.0199501,0.51,1,686099,685651,448
50727421,29.7036,33.9466,446,48496,0.02598,0.43,1,686129,685683,446
50730341,29.8815,33.3787,443,48539,0.010392,0.39,1,686159,685716,443
50733261,22.7526,25.9515,440,48582,0.0581568,0.25,1,686177,685737,440
50736181,24.701,30.1806,433,48625,0.0772627,0.19,1,686203,685770,433
50739101,23.6804,27.6722,430,48668,0.0729051,0.11,1,686226,685796,430
50742021,19.0722,23.0689,426,48711,0.071162,0.17,1,686242,685816,426
50744941,19.0289,21.2276,425,48754,0.0584648,0.09,1,686261,685836,425
50747861,13.6115,15.091,424,48797,0.0293859,0.05,1,686271,685847,424
50750781,20.4446,22.2364,422,48840,0.0297544,0.05,1,686296,685874,422
50753701,26.1778,8.89456,452,48883,0.0419017,0.01,1,686326,685874,452
50756621,21.2711,20.3578,442,48926,0.0347607,0.03,1,686344,685902,442
50759541,38.5085,19.5431,473,48969,0.0139043,0.03,1,686394,685921,473
50762461,31.0034,39.0173,447,49012,0.0115617,0.03,1,686420,685973,447
50765381,39.4014,31.2069,466,49055,0.0226247,0.05,1,686465,685999,466
50768301,32.5605,39.4828,449,49098,0.0870499,0.03,1,686493,686044,449
50771221,29.2242,32.5931,448,49141,0.0528199,0.01,1,686520,686072,448
50774141,29.6897,29.2372,451,49184,0.051128,0.03,1,686550,686099,451
50777061,30.4759,29.6949,452,49227,0.0744512,0,1,686581,686129,452
50782901,23.1161,22.7512,447,49313,0.0971122,0.09,1,686624,686177,447
50803341,20.8956,26.1778,439,49614,0.0872261,0.03,1,686765,686326,439
50809181,32.7433,38.5085,450,49698,0.0583562,0.01,1,686844,686394,450
50812101,38.8973,31.0034,467,49740,0.0533425,0.03,1,686887,686420,467
50815021,34.7589,39.4014,454,49782,0.075337,0.13,1,686919,686465,454
50817941,28.3036,32.5605,450,49824,0.0361348,0.03,1,686943,686493,450
50820861,28.1214,29.2242,451,49866,0.0324539,0.05,1,686971,686520,451
50823781,32.2486,29.6897,456,49908,0.0309816,0.09,1,687006,686550,456
50826701,26.6994,30.4759,448,49950,0.0543926,0.13,1,687029,686581,448
50829621,22.6798,24.7903,447,49992,0.0637571,0.09,1,687049,686602,447
50832541,24.6719,23.1161,451,50034,0.0675028,0.13,1,687075,686624,451
50835461,19.4688,23.6465,443,50076,0.0690011,0.13,1,687091,686648,443
50838381,18.5875,19.0586,445,50118,0.0696005,0.13,1,687109,686664,445
50841301,13.435,18.4234,437,50160,0.0698402,0.13,1,687119,686682,437
50844221,20.374,13.3694,452,50202,0.0939361,0.11,1,687144,686692,452
50847141,25.5496,20.3477,456,50244,0.0675744,0.11,1,687173,686717,456
50850061,20.4198,26.7391,442,50286,0.0450298,0.07,1,687190,686748,442
50852981,9.36794,20.8956,427,50328,0.0600119,0.11,1,687192,686765,427
50855901,33.7472,38.3583,427,50370,0.0900048,0.03,1,687242,686815,427
50858821,29.0989,32.7433,424,50412,0.0900019,0.05,1,687268,686844,424
50861741,37.4395,38.8973,424,50454,0.0900008,0.09,1,687311,686887,424
50864661,35.3758,34.7589,426,50496,0.0660003,0.01,1,687345,686919,426
50867581,26.7503,28.3036,423,50538,0.0684001,0.03,1,687366,686943,423
50870501,26.9001,28.1214,422,50580,0.08136,0.03,1,687393,686971,422
50873421,32.9601,32.2486,424,50622,0.062544,0.07,1,687430,687006,424
50876341,27.584,26.6994,425,50664,0.0310176,0.07,1,687454,687029,425
50879261,23.0336,22.6798,425,50706,0.018407,0.07,1,687474,687049,425
50882181,24.8134,24.6719,425,50748,0.0733628,0.07,1,687500,687075,425
50885101,19.5254,19.4688,425,50790,0.0713451,0.07,1,687516,687091,425
50888021,18.6102,18.5875,425,50831,0.094538,0.07,1,687534,687109,425
50890941,13.4441,13.435,425,50872,0.0798152,0.11,1,687544,687119,425
50911381,36.4888,37.4395,424,51159,0.243247,0.05,1,687735,687311,424
50914301,34.9955,35.3758,424,51200,0.259299,0.07,1,687769,687345,424
50917221,26.5982,26.7503,424,51241,0.27772,0.09,1,687790,687366,424
50920141,26.8393,26.9001,424,51282,0.285088,0.05,1,687817,687393,424
50923061,31.7357,32.9601,422,51323,0.276035,0.01,1,687852,687430,422
50925981,27.0943,27.584,422,51364,0.272414,0.01,1,687876,687454,422
50928901,23.4377,23.0336,423,51405,0.294966,0.11,1,687897,687474,423
50931821,26.1751,24.8134,425,51446,0.279986,0.07,1,687925,687500,425
50934741,20.07,19.5254,425,51487,0.273995,0.11,1,687941,687516,425
50937661,18.828,18.6102,425,51528,0.295598,0.07,1,687959,687534,425
50940581,13.5312,13.4441,425,51569,0.280239,0.15,1,687969,687544,425
50943501,21.6125,20.3776,427,51610,0.298096,0.13,1,687996,687569,427
50958101,30.0284,13.5219,457,51815,0.298185,0.17,1,688124,687667,457
50966861,27.0018,33.6974,455,51938,0.297244,0.29,1,688224,687769,455
50984381,20.0049,26.1698,450,52180,0.42956,0.27,1,688375,687925,450
50987301,18.8019,20.0679,452,52220,0.441824,0.31,1,688393,687941,452
50990221,13.5208,18.8272,444,52260,0.44673,0.27,1,688403,687959,444
51054461,36.9151,9.66773,501,53140,0.761472,0.51,2,688981,688480,501
51057381,30.366,35.6671,474,53180,0.766589,0.55,2,689007,688533,474
51060301,39.7464,29.8668,494,53220,0.768636,0.55,2,689053,688559,494
51063221,17.0986,39.5467,450,53260,0.769454,0.65,2,689055,688605,450
51066141,30.2394,36.2187,455,53300,0.769782,0.65,2,689094,688639,455
51069061,25.8958,28.2875,455,53339,0.781913,0.67,2,689117,688662,455
51071981,27.1583,28.115,455,53378,0.786765,0.67,2,689145,688690,455
51074901,31.2633,31.646,455,53417,0.788706,0.69,2,689179,688724,455
51077821,29.9053,28.8584,457,53456,0.789482,0.71,2,689208,688751,457
51080741,23.9621,23.5434,457,53495,0.765793,0.71,2,689228,688771,457
51083661,27.5849,27.4173,457,53534,0.804317,0.73,2,689258,688801,457
51086581,21.8339,21.1669,458,53573,0.795727,0.73,2,689276,688818,458
51089501,19.5336,19.2668,458,53612,0.816291,0.73,2,689294,688836,458
51092421,13.8134,13.7067,458,53651,0.800516,0.73,2,689304,688846,458
51095341,24.7254,24.6827,458,53690,0.842206,0.75,2,689336,688878,458
51098261,27.2901,26.6731,459,53729,0.822883,0.75,2,689365,688906,459
51101181,21.7161,21.4692,459,53768,0.827153,0.75,2,689383,688924,459
51104101,9.88642,9.78769,459,53807,0.828861,0.77,2,689385,688926,459
51107021,37.5546,36.9151,460,53846,0.865544,0.77,2,689441,688981,460
51109941,30.6218,30.366,460,53885,0.880218,0.77,2,689467,689007,460
51350841,243.722,264.876,462,26280,0.2812,0.79,1,691779,691317,462
51356681,83.3955,79.9401,483,26441,0.079792,0.49,1,691880,691397,483
51359601,61.5582,67.976,470,26521,0.0859168,0.31,1,691927,691457,470
51362521,56.4233,70.9904,450,26601,0.0763667,0.29,1,691980,691530,450
51365441,39.9693,49.3962,444,26681,0.0605467,0.21,1,692009,691565,444
51368361,25.5877,33.5585,437,26760,0.0662187,0.19,1,692025,691588,437
51371281,43.8351,40.4234,448,26839,0.0564875,0.19,1,692081,691633,448
51374201,56.534,49.1694,458,26918,0.088595,0.05,1,692146,691688,458
51377121,57.4136,50.8677,464,26997,0.077438,0.07,1,692204,691740,464
51385881,50.9545,52.9595,426,27231,0.227436,0.07,1,692353,691927,426
51388801,51.5818,52.9838,425,27309,0.252974,0.05,1,692405,691980,425
51391721,37.4327,38.5935,424,27387,0.26319,0.07,1,692433,692009,424
51394641,25.1731,25.0374,425,27464,0.291276,0.05,1,692450,692025,425
51409241,53.3477,52.3805,432,27847,0.41441,0.25,1,692735,692303,432
51412161,52.5391,50.9522,434,27923,0.435764,0.27,1,692787,692353,434
51420921,25.6105,25.1729,436,28150,0.439009,0.37,1,692886,692450,436
51423841,45.6442,44.2692,438,28225,0.421604,0.31,1,692945,692507,438
51458881,54.6354,60.0938,496,29112,0.755395,0.51,2,693568,693072,496
51461801,56.0542,54.0375,503,29185,0.776158,0.55,2,693625,693122,503
51464721,54.8217,54.615,502,29258,0.772463,0.57,2,693679,693177,502
51467641,53.7287,53.646,502,29330,0.758985,0.59,2,693732,693230,502
51470561,38.8915,52.6584,479,29402,0.777594,0.61,2,693761,693282,479
51473481,26.3566,37.8634,469,29474,0.785038,0.61,2,693779,693310,469
51476401,46.5426,25.9453,511,29546,0.812015,0.65,2,693839,693328,511
51479321,61.8171,45.1781,525,29618,0.810806,0.71,2,693911,693386,525
51482241,64.3268,59.4713,522,29689,0.822322,0.77,2,693977,693455,522
51485161,55.7307,61.5885,509,29760,0.826929,0.77,2,694027,693518,509
51488081,57.0923,54.6354,517,29831,0.888772,0.79,2,694085,693568,517
51604881,71.2016,59.4283,548,32547,0.89104,1,2,695991,695443,548
51607801,50.0807,59.7713,524,32612,0.866416,1,2,696027,695503,524
51610721,40.4323,35.3085,539,32677,0.844566,1,2,696061,695522,539
51654521,308.278,360.803,442,14600,0.247845,0.09,1,696654,696212,442
51660361,141.965,171.488,456,14890,0.0888552,0.03,1,696944,696488,456
51663281,111.386,102.195,491,15033,0.0535421,0.03,1,697035,696544,491
51666201,51.7543,82.2782,434,15174,0.0394168,0.03,1,697047,696613,434
51669121,39.3017,51.5113,434,15314,0.0457667,0.03,1,697078,696644,434
51672041,150.721,162.205,423,15453,0.0843067,0.07,1,697303,696880,423
51674961,100.488,103.282,426,15590,0.0877227,0.03,1,697370,696944,426
51686641,150.744,149.73,425,16128,0.211094,0.09,1,697728,697303,425
51689561,101.697,100.092,427,16260,0.234437,0.17,1,697797,697370,427
51692481,94.079,92.8369,428,16391,0.255775,0.17,1,697886,697458,428
51695401,44.8316,44.3347,428,16521,0.26431,0.15,1,697898,697470,428
51698321,35.9326,36.3339,427,16650,0.267724,0.15,1,697928,697501,427
51702701,72.5892,142.013,432,16905,0.437636,0.25,1,698160,697728,432
51723141,98.7347,71.6214,540,17766,0.782371,0.59,2,698771,698231,540
51726061,47.2939,82.6486,463,17885,0.822948,0.59,2,698784,698321,463
51728981,36.9176,40.2594,481,18004,0.815179,0.61,2,698814,698333,481
51731901,15.967,34.1038,453,18122,0.812072,0.69,2,698816,698363,453
51734821,154.587,158.842,458,18239,0.834829,0.75,2,699063,698605,458
51737741,106.235,107.337,459,18355,0.855931,0.83,2,699137,698678,459
51740661,100.694,98.7346,463,18471,0.876373,0.85,2,699234,698771,463
51743581,47.4776,47.2939,462,18586,0.896549,0.81,2,699246,698784,462
51809281,99.8221,88.1192,543,21054,0.8596,1,2,701023,700480,543
51812201,56.7288,80.8477,495,21155,0.85384,1,2,701051,700556,495
51818041,50.8366,55.1756,487,21355,0.281814,1,1,701174,700687,487
51820961,32.3346,33.4703,488,21454,0.214726,1,1,701194,700706,488
51823881,35.1339,31.3881,495,21553,0.0918903,0.84,1,701231,700736,495
51826801,129.254,141.555,472,21651,0.0367561,0.83,1,701423,700951,472
51829721,86.5014,99.8221,458,21749,0.0327024,0.85,1,701481,701023,458
51832641,51.4006,56.7288,458,21847,0.031081,0.23,1,701509,701051,458
51835561,60.7602,76.0915,436,21944,0.0424324,0.15,1,701576,701140,436
51838481,42.3041,50.8366,432,22041,0.070973,0.17,1,701606,701174,432
51841401,25.3216,32.3346,426,22137,0.0343892,0.01,1,701620,701194,426
51844321,29.9287,35.1339,422,22233,0.0917557,0,1,701653,701231,422
51847241,127.171,129.254,422,22328,0.0547023,0.03,1,701845,701423,422
51850161,86.2686,86.5014,423,22423,0.0398809,0.03,1,701904,701481,423
51853081,51.3074,51.4006,423,22518,0.0459524,0.03,1,701932,701509,423
51856001,60.723,20.5602,490,22612,0.0723809,0.05,1,701999,701509,490
51858921,41.0892,48.4241,451,22706,0.0829524,0.09,1,702027,701576,451
51861841,24.8357,37.3696,435,22799,0.0871809,0.01,1,702041,701606,435
51864761,29.7343,23.3479,454,22892,0.0768724,0.13,1,702074,701620,454
51867681,127.094,29.1391,613,22985,0.0607489,0.03,1,702266,701653,613
51870601,86.2375,126.856,480,23077,0.0542996,0.03,1,702325,701845,480
51873521,52.495,86.1423,451,23169,0.0757198,0.05,1,702355,701904,451
51876441,62.398,51.2569,492,23261,0.0962879,0.09,1,702424,701932,492
51891041,86.6962,127.093,482,23713,0.0595556,0.05,1,702748,702266,482
51893961,53.8785,86.2373,455,23802,0.0418222,0.09,1,702780,702325,455
51896881,63.5514,52.4949,495,23891,0.0587289,0.11,1,702850,702355,495
51899801,42.2206,62.398,454,23980,0.0894916,0.11,1,702878,702424,454
51914401,85.1447,86.6962,424,24418,0.06755,0.03,1,703172,702748,424
51917321,52.6579,53.8785,423,24505,0.03302,0.07,1,703203,702780,423
51920241,64.2631,63.5514,425,24591,0.019208,0.11,1,703275,702850,425
51923161,43.7053,42.2206,427,24677,0.0616832,0.11,1,703305,702878,427
51926081,18.6821,18.0882,427,24763,0.0546733,0.11,1,703307,702880,427
51929001,15.8728,15.6353,427,24849,0.0638693,0.17,1,703321,702894,427
51931921,27.3491,26.6541,428,24934,0.0795477,0.11,1,703356,702928,428
51934841,119.54,119.862,427,25019,0.0858191,0.03,1,703537,703110,427
51937761,82.0159,85.1447,422,25104,0.0403276,0.01,1,703594,703172,422
51940681,51.4063,52.6579,422,25188,0.0341311,0.01,1,703625,703203,422
51943601,64.3625,64.2631,423,25272,0.0676524,0.09,1,703698,703275,423
51946521,44.345,43.7053,424,25356,0.081061,0.05,1,703729,703305,424
51949441,18.938,18.6821,424,25440,0.0864244,0.05,1,703731,703307,424
51952361,15.9752,7.47284,438,25523,0.0885698,0.07,1,703745,703307,438
51955281,28.5901,11.3891,461,25606,0.0774279,0.09,1,703782,703321,461
51961121,80.2944,118.822,478,25771,0.258388,0.01,1,704015,703537,478
51964041,50.7178,81.7289,452,25853,0.277355,0.03,1,704046,703594,452
51966961,65.2871,51.2916,496,25935,0.248942,0.09,1,704121,703625,496
51969881,45.9148,64.3166,456,26017,0.249577,0.09,1,704154,703698,456
51972801,19.5659,44.3266,427,26098,0.249831,0.09,1,704156,703729,427
51975721,16.2264,18.9307,439,26179,0.249932,0.09,1,704170,703731,439
51978641,29.8906,15.9723,464,26260,0.261973,0.07,1,704209,703745,464
51984481,82.5425,118.236,489,26421,0.417516,0.31,1,704449,703960,489
52034121,122.452,118.201,457,27753,0.761842,0.69,2,705291,704834,457
52037041,84.3808,83.2804,456,27829,0.754737,0.69,2,705350,704894,456
52042881,67.7409,66.3649,458,27981,0.781958,0.75,2,705459,705001,458
52045801,48.6964,47.5459,459,28057,0.774783,0.75,2,705495,705036,459
52048721,20.6785,20.2184,459,28132,0.771913,0.75,2,705497,705038,459
52051641,17.8714,17.6874,459,28207,0.794765,0.75,2,705513,705054,459
52054561,29.9486,31.0749,457,28282,0.815906,0.75,2,705551,705094,457
52057481,13.1794,13.63,457,28357,0.824363,0.75,2,705553,705096,457
52060401,122.272,5.45199,652,28432,0.875745,0.77,2,705748,705096,652
52155301,64.438,62.1121,500,30794,0.892,1,2,707367,706867,500
52158221,43.1752,52.4449,483,30863,0.8608,1,2,707396,706913,483
52161141,38.2701,33.5779,497,30932,0.84232,1,2,707431,706934,497
52164061,30.308,31.4312,492,31000,0.822928,1,2,707456,706964,492
52166981,24.1232,23.9725,493,31068,0.827171,1,2,707476,706983,493
52169901,30.6493,26.989,499,31136,0.840869,1,2,707511,707012,499
52219541,37.3867,38.7525,488,32273,0.75404,0.65,2,708347,707859,488
52222461,29.9547,36.501,478,32339,0.811616,0.63,2,708372,707894,478
52225381,20.9819,30.2004,467,32404,0.798646,0.63,2,708387,707920,467
52228301,29.3927,21.6802,486,32469,0.829459,0.59,2,708422,707936,486
52231221,89.1571,29.6721,580,32534,0.889783,0.61,2,708551,707971,580
52394741,66.4085,79.4901,488,35994,0.859539,1,2,710926,710438,488
52397661,41.5634,52.196,479,36053,0.817815,1,2,710951,710472,479
52464821,62.4529,31.5603,531,37379,0.774216,0.53,2,711837,711306,531
52467741,40.5812,61.8241,475,37436,0.807686,0.59,2,711863,711388,475
52470661,52.8325,39.7296,511,37492,0.809075,0.59,2,711924,711413,511
52473581,38.533,52.4919,479,37548,0.79763,0.59,2,711953,711474,479
52476501,37.6132,38.9967,486,37604,0.781052,0.65,2,711990,711504,486
52479421,43.8453,35.9987,500,37660,0.786421,0.67,2,712038,711538,500
52482341,31.9381,41.9995,478,37716,0.800568,0.65,2,712062,711584,478
52485261,32.5752,31.7998,486,37772,0.830227,0.67,2,712095,711609,486
52488181,28.0301,31.3199,480,37828,0.830091,0.71,2,712120,711640,480
52491101,24.412,28.128,476,37884,0.842036,0.67,2,712142,711666,476
52494021,29.5648,24.4512,487,37940,0.858815,0.65,2,712175,711688,487
52496941,33.4259,29.5805,490,37996,0.889526,0.71,2,712211,711721,490
52663381,46.3755,37.614,523,41045,0.812618,1,2,714359,713836,523
52675061,38.512,41.7005,508,41249,0.402835,1,1,714521,714013,508
52683821,22.6488,32.8608,493,41402,0.273701,1,1,714603,714110,493
52686741,24.6595,25.7443,498,41453,0.211481,1,1,714629,714131,498
52704261,37.7574,46.3755,454,41759,0.214326,0.63,1,714813,714359,454
52707181,30.703,37.7502,448,41810,0.22373,0.49,1,714839,714391,448
52710101,47.0812,51.7001,445,41860,0.215492,0.37,1,714897,714452,445
52713021,36.2325,39.28,443,41910,0.236197,0.37,1,714926,714483,443
52715941,36.093,38.512,441,41960,0.220479,0.37,1,714962,714521,441
52718861,33.6372,38.8048,434,42010,0.262192,0.31,1,714994,714560,434
52721781,28.4549,31.1219,433,42060,0.242877,0.23,1,715019,714586,433
52724701,20.982,22.6488,432,42110,0.259151,0.17,1,715035,714603,432
52727621,21.5928,24.6595,428,42160,0.24166,0.11,1,715057,714629,428
52730541,33.8371,34.4638,429,42210,0.282664,0.15,1,715099,714670,429
52733461,18.3348,18.5855,429,42260,0.299066,0.15,1,715107,714678,429
52736381,24.7339,24.8342,429,42310,0.269626,0.17,1,715136,714707,429
52739301,30.2936,29.7337,430,42360,0.281851,0.21,1,715170,714740,430
52759741,34.6559,33.6372,434,42709,0.415841,0.23,1,715428,714994,434
52762661,28.2624,28.4549,433,42758,0.436336,0.27,1,715452,715019,433
52765581,20.905,20.982,433,42807,0.444535,0.23,1,715468,715035,433
52768501,22.762,21.5928,435,42856,0.447814,0.31,1,715492,715057,435
52771421,35.5048,33.8371,437,42905,0.425126,0.31,1,715536,715099,437
52774341,19.0019,18.3348,437,42954,0.44005,0.25,1,715544,715107,437
52777261,22.6008,24.7339,433,43003,0.43402,0.25,1,715569,715136,433
52780181,31.2403,9.89357,470,43052,0.431608,0.29,1,715606,715136,470
52844421,29.8349,35.0417,474,44118,0.757862,0.57,2,716342,715868,474
52847341,21.5339,29.0167,465,44166,0.789145,0.57,2,716358,715893,465
52850261,23.0136,21.2067,473,44214,0.801658,0.57,2,716382,715909,473
52853181,36.2054,22.8827,494,44262,0.794663,0.59,2,716427,715933,494
52856101,19.8822,35.5531,459,44310,0.779865,0.59,2,716436,715977,459
52859021,22.9529,19.0212,476,44358,0.785946,0.63,2,716461,715985,476
52861941,33.7811,22.0085,493,44406,0.776378,0.65,2,716502,716009,493
52864861,31.5125,32.2034,484,44454,0.808551,0.67,2,716532,716048,484
52867781,13.805,30.8814,456,44501,0.821421,0.69,2,716534,716078,456
52870701,34.922,41.1525,457,44548,0.850568,0.71,2,716583,716126,457
52873621,29.5688,32.061,457,44595,0.874227,0.71,2,716609,716152,457
52876541,48.4275,49.4244,457,44642,0.895691,0.71,2,716670,716213,457
53078021,31.4656,27.0074,505,47791,0.8356,1,2,718837,718332,505
53092621,25.12,30.1066,504,48011,0.284758,1,1,718985,718481,504
53098461,26.5792,31.4571,493,48099,0.0827613,1,1,719037,718544,493
53101381,20.2317,28.1828,483,48143,0.0391045,1,1,719053,718570,483
53104301,32.0927,32.8731,487,48187,0.0336418,1,1,719093,718606,487
53107221,32.0371,35.3493,482,48231,0.0314567,1,1,719125,718643,482
53110141,30.8148,33.3397,480,48275,0.0545827,1,1,719155,718675,480
53113061,29.7259,31.9359,478,48319,0.0218331,1,1,719184,718706,478
53115981,31.6904,36.7744,471,48363,0.00873323,1,1,719217,718746,471
53118901,29.4761,33.9097,467,48407,0.0454933,0.89,1,719245,718778,467
53121821,24.9905,29.1639,463,48451,0.0181973,0.77,1,719267,718804,463
53124741,24.3962,31.4656,454,48494,0.0732789,0.61,1,719291,718837,454
53127661,28.3585,34.1862,449,48537,0.0473116,0.53,1,719322,718873,449
53130581,26.3434,29.8745,447,48580,0.0489246,0.43,1,719347,718900,447
53133501,27.9374,31.7498,443,48623,0.0375699,0.33,1,719376,718933,443
53136421,26.7749,31.2999,438,48666,0.0450279,0.21,1,719402,718964,438
53139341,20.91,25.12,434,48709,0.0720112,0.13,1,719419,718985,434
53142261,18.564,24.448,427,48752,0.0588045,0.01,1,719436,719009,427
53145181,21.2256,26.5792,422,48795,0.0295218,0.01,1,719459,719037,422
53148101,18.0902,20.2317,422,48838,0.0298087,0.01,1,719475,719053,422
53151021,33.0361,8.09267,465,48881,0.0419235,0.03,1,719518,719053,465
53153941,30.0144,27.2371,453,48924,0.0347694,0.03,1,719546,719093,453
53156861,30.0058,30.0948,451,48967,0.0319078,0.07,1,719576,719125,451
53159781,30.6023,30.0379,452,49010,0.0187631,0,1,719607,719155,452
53162701,30.8409,29.4152,454,49053,0.0375052,0,1,719638,719184,454
53165621,29.1364,31.5661,449,49096,0.0330021,0.07,1,719666,719217,449
53168541,24.8545,29.4264,443,49139,0.0312008,0,1,719688,719245,443
53171461,24.9418,24.9706,446,49182,0.0304803,0.11,1,719713,719267,446
53174381,27.9767,24.3882,452,49225,0.0901921,0.03,1,719743,719291,452
53180221,27.8763,26.3421,450,49311,0.0708307,0.03,1,719797,719347,450
53183141,27.3505,27.9368,448,49354,0.0583323,0.05,1,719824,719376,448
53186061,21.7402,26.7747,440,49397,0.0533329,0.09,1,719842,719402,440
53188981,17.6961,20.9099,438,49440,0.0513332,0.05,1,719857,719419,438
53191901,21.4784,18.564,445,49483,0.0205333,0.01,1,719881,719436,445
53194821,18.1914,21.2256,438,49526,0.0262133,0.03,1,719897,719459,438
53197741,34.2766,18.0902,467,49569,0.0164853,0.05,1,719942,719475,467
53200661,30.5106,33.0361,452,49612,0.0245941,0.03,1,719970,719518,452
53203581,29.0042,30.0144,452,49654,0.0158377,0.03,1,719998,719546,452
53206501,30.8017,30.0058,454,49696,0.0243351,0.01,1,720030,719576,454
53209421,30.3207,30.6023,453,49738,0.039734,0.05,1,720060,719607,453
53212341,28.9283,30.8409,450,49780,0.0578936,0.03,1,720088,719638,450
53215261,24.1713,29.1364,443,49822,0.0291574,0.03,1,720109,719666,443
53218181,25.8685,24.8545,448,49864,0.017663,0.03,1,720136,719688,448
53221101,29.5474,24.9418,455,49906,0.0370652,0.13,1,720168,719713,455
53224021,25.019,27.9767,447,49948,0.0448261,0.11,1,720190,719743,447
53226941,26.8076,26.1907,450,49990,0.0599304,0.05,1,720218,719768,450
53238621,20.9615,17.6961,445,50158,0.0922062,0,1,720302,719857,445
53241541,19.1846,21.4784,439,50200,0.0908825,0.03,1,720320,719881,439
53244461,33.4738,18.1914,466,50242,0.042353,0.01,1,720363,719897,466
53247381,30.7895,34.2766,450,50284,0.0349412,0.03,1,720392,719942,450
53250301,13.5158,30.5106,424,50326,0.0319765,0.01,1,720394,719970,424
53253221,22.2063,29.0042,424,50368,0.0307906,0.03,1,720422,719998,424
53256141,27.4825,30.8017,423,50410,0.0423162,0.05,1,720453,720030,423
53259061,29.593,30.3207,424,50452,0.0469265,0.07,1,720484,720060,424
53261981,28.0372,28.9283,423,50494,0.0367706,0.01,1,720511,720088,423
53264901,23.2149,24.1713,422,50536,0.0567082,0.01,1,720531,720109,422
53267821,26.086,25.8685,423,50578,0.0286833,0.05,1,720559,720136,423
53270741,30.2344,29.5474,424,50620,0.0294733,0.05,1,720592,720168,424
53273661,25.8938,25.019,425,50662,0.0417893,0.07,1,720615,720190,425
53297021,29.7906,30.7895,423,50993,0.093713,0.03,1,720815,720392,423
53299941,13.1162,13.5158,423,51034,0.0794852,0.03,1,720817,720394,423
53302861,21.4465,22.2063,422,51075,0.0617941,0.05,1,720844,720422,422
53305781,27.1786,27.4825,422,51116,0.0547176,0.05,1,720875,720453,422
53308701,30.6714,29.593,424,51157,0.0398871,0.03,1,720908,720484,424
53311621,27.8686,28.0372,423,51198,0.0699548,0.07,1,720934,720511,423
53314541,23.1474,23.2149,423,51239,0.0939819,0.01,1,720954,720531,423
53317461,25.459,26.086,422,51280,0.0675928,0.03,1,720981,720559,422
53320381,30.5836,30.2344,423,51321,0.0330371,0.05,1,721015,720592,423
53323301,28.4334,25.8938,427,51362,0.0552148,0.15,1,721042,720615,427
53326221,28.7734,27.7575,427,51403,0.0760859,0.11,1,721071,720644,427
53329141,28.3094,27.903,427,51444,0.0604344,0.11,1,721099,720672,427
53332061,24.5237,24.3612,427,51485,0.0661737,0.15,1,721121,720694,427
53334981,17.6095,16.9445,428,51526,0.0924695,0.17,1,721134,720706,428
53337901,22.0438,19.9778,431,51567,0.0909878,0.21,1,721159,720728,431
53340821,19.6175,18.1911,432,51608,0.0663951,0.09,1,721177,720745,432
53343741,28.247,32.4764,424,51649,0.092558,0.07,1,721211,720787,424
53346661,28.6988,29.7906,425,51690,0.0670232,0.07,1,721240,720815,425
53349581,12.6795,13.1162,425,51731,0.0928093,0.05,1,721242,720817,425
53355421,25.7887,8.5786,452,51813,0.0688495,0.05,1,721296,720844,452
53358341,30.7155,22.0314,455,51854,0.0455398,0.03,1,721330,720875,455
53361261,28.4862,28.6126,449,51895,0.0362159,0.09,1,721357,720908,449
53364181,23.9945,27.045,444,51936,0.0564864,0.11,1,721378,720934,444
53367101,23.9978,22.818,448,51977,0.0645946,0.05,1,721402,720954,448
53370021,30.5991,25.3272,456,52018,0.0798378,0.01,1,721437,720981,456
53372941,29.6396,30.5309,451,52058,0.0859351,0.07,1,721466,721015,451
53375861,28.6559,28.4124,452,52098,0.088374,0.09,1,721494,721042,452
53419661,31.3695,23.9978,460,52698,0.204626,0.09,1,721862,721402,460
53425501,29.3791,29.6396,454,52778,0.21634,0.09,1,721920,721466,454
53428421,29.1517,28.6559,455,52818,0.212536,0.15,1,721949,721494,455
53431341,26.0607,28.8623,450,52858,0.211014,0.13,1,721973,721523,450
53434261,18.8243,24.7449,442,52898,0.222406,0.17,1,721987,721545,442
53437181,21.9297,17.698,453,52938,0.226962,0.17,1,722011,721558,453
53440101,19.5719,21.4792,447,52978,0.240785,0.17,1,722029,721582,447
53443021,28.8288,19.3917,464,53018,0.270314,0.17,1,722064,721600,464
53445941,28.3315,28.7567,457,53058,0.294126,0.17,1,722092,721635,457
53463461,21.0045,28.1488,431,53298,0.405839,0.17,1,722210,721779,431
53466381,22.2018,25.0595,431,53337,0.420336,0.21,1,722233,721802,431
53469301,23.8807,24.4238,432,53376,0.438134,0.21,1,722258,721826,432
53478061,30.3044,29.3791,433,53493,0.431961,0.21,1,722353,721920,433
53480981,28.9217,29.1517,432,53532,0.418784,0.21,1,722381,721949,432
53483901,26.5687,26.0607,433,53571,0.425514,0.23,1,722406,721973,433
53486821,19.0275,18.8243,433,53610,0.428205,0.23,1,722420,721987,433
53542301,23.5347,22.011,446,54351,0.75937,0.51,2,722890,722444,446
53545221,20.8139,20.2044,446,54390,0.753748,0.53,2,722909,722463,446
53548141,32.9256,30.8818,449,54429,0.763499,0.59,2,722950,722501,449
53551061,30.5702,29.1527,450,54468,0.7794,0.55,2,722979,722529,450
53553981,13.4281,12.8611,450,54507,0.78576,0.61,2,722981,722531,450
53556901,20.9712,20.7444,450,54546,0.812304,0.59,2,723007,722557,450
53559821,27.5885,26.8978,451,54585,0.810922,0.61,2,723039,722588,451
53562741,33.2354,32.3591,452,54624,0.834369,0.61,2,723076,722624,452
53565661,14.4942,14.1436,452,54663,0.843747,0.65,2,723078,722626,452
53568581,21.9977,21.2575,453,54701,0.835499,0.65,2,723105,722652,453
53571501,21.9991,8.50298,475,54739,0.8082,0.69,2,723127,722652,475
53574421,24.9996,16.6012,480,54777,0.80928,0.71,2,723154,722674,480
53577341,32.7999,22.2405,492,54815,0.809712,0.69,2,723192,722700,492
53580261,29.9199,31.0962,483,54853,0.809885,0.73,2,723220,722737,483
53583181,29.968,29.2385,485,54891,0.821954,0.69,2,723250,722765,485
53586101,29.3872,29.6954,484,54929,0.838782,0.69,2,723279,722795,484
53589021,28.5549,28.6782,484,54967,0.845513,0.71,2,723307,722823,484
53591941,19.822,27.0713,472,55005,0.848205,0.77,2,723321,722849,472
53594861,23.5288,19.8285,483,55043,0.849282,0.77,2,723347,722864,483
53597781,21.4115,23.5314,477,55081,0.849713,0.75,2,723367,722890,477
53600701,33.7646,20.8126,500,55119,0.873885,0.77,2,723409,722909,500
53834301,322.058,335.396,494,26280,0.418,0.13,1,725617,725123,494
53870801,154.969,170.663,433,27088,0.09208,0.01,1,725982,725549,433
53873721,79.9877,85.0653,435,27166,0.042832,0.07,1,726012,725577,435
53876641,48.7951,50.8261,435,27244,0.0591328,0.09,1,726040,725605,435
53879561,49.518,39.5305,453,27322,0.0536531,0.01,1,726090,725637,453
53882481,49.2072,47.6122,449,27400,0.0634613,0.03,1,726139,725690,449
53885401,52.6829,50.2449,452,27477,0.0313845,0.01,1,726194,725742,452
53888321,40.2732,48.8979,436,27554,0.0125538,0.07,1,726226,725790,436
53891241,61.1093,55.5592,451,27631,0.0590215,0.03,1,726301,725850,451
53905841,43.9006,44.0166,424,28012,0.0652412,0.07,1,726514,726090,424
53908761,47.5603,47.0066,425,28088,0.0920965,0.01,1,726564,726139,425
53917521,62.8519,60.9684,427,28313,0.0882142,0.13,1,726728,726301,427
53940881,40.0425,50.6784,459,28906,0.214836,0.15,1,727076,726617,459
53943801,59.817,40.0714,499,28979,0.235934,0.05,1,727149,726650,499
53946721,61.7268,62.8285,484,29052,0.232374,0.11,1,727212,726728,484
53949641,51.6907,59.9314,471,29125,0.29095,0.13,1,727257,726786,471
53984681,21.2306,30.4705,438,29986,0.417639,0.39,1,727750,727312,438
53987601,42.6922,44.5882,441,30057,0.449056,0.41,1,727807,727366,441
54025561,41.418,39.9803,449,30960,0.761678,0.63,2,728395,727946,449
54028481,63.3672,61.5921,451,31028,0.814671,0.57,2,728473,728022,451
54031401,63.7469,63.6368,450,31096,0.811868,0.59,2,728537,728087,450
54034321,53.6987,53.0547,451,31164,0.846747,0.63,2,728584,728133,451
54037241,41.2795,39.8219,453,31232,0.872699,0.63,2,728617,728164,453
54040161,17.7118,17.1288,453,31300,0.85908,0.63,2,728619,728166,453
54043081,23.2847,6.8515,480,31368,0.877632,0.67,2,728646,728166,480
54046001,44.1139,18.3406,512,31435,0.897053,0.67,2,728704,728192,512
54048921,51.8456,42.1362,511,31502,0.892821,0.73,2,728761,728250,511
54171561,34.3188,31.969,485,34207,0.786976,1,2,730636,730151,485
54180321,41.8444,45.726,509,34393,0.427406,1,1,730755,730246,509
54186161,70.8951,64.3162,542,34515,0.081585,1,1,730904,730362,542
54189081,61.358,62.9265,535,34576,0.062634,1,1,730959,730424,535
54192001,43.1432,61.7706,505,34637,0.0430536,1,1,730990,730485,505
54194921,29.8573,39.1082,502,34698,0.0232214,0.89,1,731011,730509,502
54197841,20.3429,31.8433,489,34759,0.00928858,1,1,731025,730536,489
54200761,35.1372,21.7373,519,34820,0.0337154,0.93,1,731070,730551,519
54203681,27.8549,42.2949,486,34881,0.0194862,0.68,1,731093,730607,486
54206601,23.7419,34.318,478,34942,0.0137945,0.59,1,731114,730636,478
54209521,32.2968,30.5272,488,35003,0.0235178,0.41,1,731152,730664,488
54212441,33.9187,41.6109,474,35063,0.0274071,0.37,1,731187,730713,474
54215361,48.9675,41.8444,491,35123,0.0169628,0.03,1,731246,730755,491
54218281,67.587,58.7377,501,35183,0.0367851,0.01,1,731326,730825,501
54221201,60.0348,70.8951,477,35243,0.0327141,0.05,1,731381,730904,477
54224121,42.0139,61.358,452,35303,0.0430856,0.03,1,731411,730959,452
54227041,29.4056,43.1432,442,35363,0.0352343,0.01,1,731432,730990,442
54229961,20.7622,29.8573,436,35423,0.0320937,0,1,731447,731011,436
54232881,35.3049,20.3429,467,35483,0.0188375,0.05,1,731492,731025,467
54235801,28.522,35.1372,446,35543,0.037535,0.01,1,731516,731070,446
54238721,22.8088,27.8549,442,35602,0.021014,0.01,1,731535,731093,442
54241641,31.9235,23.7419,459,35661,0.0384056,0.03,1,731573,731114,459
54244561,13.9694,32.2968,423,35720,0.0453622,0.03,1,731575,731152,423
54247481,27.1878,33.9187,424,35779,0.0241449,0.01,1,731611,731187,424
54250401,45.0751,48.9675,422,35838,0.015658,0.05,1,731668,731246,422
54253321,66.63,67.587,423,35897,0.0122632,0.03,1,731749,731326,423
54256241,62.052,60.0348,427,35956,0.0109053,0.05,1,731808,731381,427
54259161,40.4208,42.0139,423,36015,0.0223621,0.03,1,731834,731411,423
54262081,28.1683,29.4056,422,36074,0.0269448,0.03,1,731854,731432,422
54265001,20.8673,20.7622,423,36133,0.0107779,0.01,1,731870,731447,423
54267921,34.7469,35.3049,422,36191,0.0343112,0.05,1,731914,731492,422
54270841,28.8988,28.522,423,36249,0.0317245,0.01,1,731939,731516,423
54273761,22.9595,22.8088,423,36307,0.0186898,0.05,1,731958,731535,423
54276681,32.5838,31.9235,424,36365,0.0374759,0.05,1,731997,731573,424
54279601,14.2335,13.9694,424,36423,0.0209904,0.01,1,731999,731575,424
54282521,26.0934,27.1878,422,36481,0.0383961,0.01,1,732033,731611,422
54285441,44.6374,45.0751,422,36539,0.0693585,0.01,1,732090,731668,422
54288361,67.0549,66.63,423,36597,0.0577434,0.01,1,732172,731749,423
54291281,62.222,62.052,423,36655,0.0410974,0.03,1,732231,731808,423
54294201,39.8888,40.4208,422,36713,0.0344389,0.03,1,732256,731834,422
54297121,27.9555,28.1683,422,36771,0.0197756,0,1,732276,731854,422
54300041,20.7822,20.8673,422,36828,0.00791023,0.05,1,732292,731870,422
54302961,34.7129,34.7469,422,36885,0.0331641,0.03,1,732336,731914,422
54305881,29.4852,28.8988,423,36942,0.0312656,0.01,1,732362,731939,423
54308801,22.5941,22.9595,422,36999,0.0185063,0.05,1,732380,731958,422
54311721,32.4376,32.5838,422,37056,0.0374025,0.01,1,732419,731997,422
54314641,14.175,14.2335,422,37113,0.044961,0.05,1,732421,731999,422
54317561,26.07,26.0934,422,37170,0.0479844,0.05,1,732455,732033,422
54320481,44.028,10.4374,478,37227,0.0371938,0.09,1,732511,732033,478
54323401,66.8112,38.3749,503,37284,0.0448775,0.05,1,732593,732090,503
54326321,62.1245,64.55,480,37341,0.035951,0.03,1,732652,732172,480
54329241,39.8498,61.22,446,37398,0.0443804,0.03,1,732677,732231,446
54332161,27.9399,39.488,441,37454,0.0357522,0.01,1,732697,732256,441
54335081,20.776,27.7952,437,37510,0.0203009,0,1,732713,732276,437
54338001,34.7104,20.7181,465,37566,0.0501203,0.05,1,732757,732292,465
54340921,29.4842,34.6872,447,37622,0.0380481,0.03,1,732783,732336,447
54343841,22.5937,29.4749,439,37678,0.0452193,0.01,1,732801,732362,439
54346761,32.4375,22.59,460,37734,0.0360877,0.05,1,732840,732380,460
54349681,14.175,32.436,423,37790,0.0324351,0.05,1,732842,732419,423
54352601,26.07,14.1744,455,37846,0.042974,0.05,1,732876,732421,455
54355521,44.028,26.0698,477,37902,0.0591896,0.03,1,732932,732455,477
54358441,67.4112,44.0279,504,37958,0.0416758,0.05,1,733015,732511,504
54361361,61.7645,66.8112,480,38014,0.0346703,0.03,1,733073,732593,480
54364281,39.7058,62.1245,446,38070,0.0318681,0.05,1,733098,732652,446
54367201,27.8823,39.8498,441,38125,0.0187473,0.03,1,733118,732677,441
54370121,20.7529,27.9399,437,38180,0.0134989,0.01,1,733134,732697,437
54373041,36.5012,20.776,468,38235,0.0473996,0.07,1,733181,732713,468
54375961,29.6005,34.7104,449,38290,0.0609598,0.03,1,733206,732757,449
54378881,23.2402,29.4842,442,38345,0.0903839,0.05,1,733225,732783,442
54387641,26.5194,14.175,457,38510,0.0967446,0.05,1,733299,732842,457
54390561,44.8077,26.07,480,38565,0.0926978,0.07,1,733356,732876,480
54393481,65.9231,44.028,504,38620,0.0670791,0.03,1,733436,732932,504
54396401,27.5692,67.4112,423,38675,0.0328317,0.03,1,733438,733015,423
54399321,46.4277,61.7645,424,38730,0.0311327,0.03,1,733497,733073,424
54402241,32.9711,39.7058,423,38785,0.0304531,0.01,1,733521,733098,423
54405161,25.1884,27.8823,423,38839,0.0421812,0.01,1,733541,733118,423
54408081,19.6754,20.7529,423,38893,0.0228725,0.07,1,733557,733134,423
54411001,37.2701,36.5012,425,38947,0.051149,0.07,1,733606,733181,425
54413921,31.1081,29.6005,427,39001,0.0384596,0.11,1,733633,733206,427
54416841,23.8432,23.2402,427,39055,0.0573838,0.11,1,733652,733225,427
54419761,31.7373,31.4961,427,39109,0.0769535,0.11,1,733689,733262,427
54422681,13.8949,13.7984,427,39163,0.0607814,0.09,1,733691,733264,427
54425601,26.558,26.5194,427,39217,0.0783126,0.09,1,733726,733299,427
54428521,44.2232,44.8077,426,39271,0.061325,0.05,1,733782,733356,426
54431441,64.4893,65.9231,424,39325,0.03053,0.01,1,733860,733436,424
54434361,26.9957,27.5692,424,39379,0.018212,0.03,1,733862,733438,424
54437281,44.9983,46.4277,422,39433,0.0252848,0.03,1,733919,733497,422
54440201,32.9993,32.9711,423,39487,0.0521139,0.05,1,733944,733521,423
54443121,25.7997,25.1884,424,39540,0.0628456,0.01,1,733965,733541,424
54446041,18.7199,19.6754,422,39593,0.0791382,0.07,1,733979,733557,422
54448961,38.088,37.2701,424,39646,0.0496553,0.03,1,734030,733606,424
54451881,31.4352,31.1081,424,39699,0.0378621,0.07,1,734057,733633,424
54454801,24.5741,23.8432,425,39752,0.0451448,0.09,1,734077,733652,425
54457721,31.4296,31.7373,424,39805,0.0600579,0.05,1,734113,733689,424
54460641,13.7719,13.8949,424,39858,0.0660232,0.09,1,734115,733691,424
54463561,26.5087,26.558,424,39911,0.0804093,0.05,1,734150,733726,424
54466481,44.2035,44.2232,424,39964,0.0981637,0.01,1,734206,733782,424
54469401,63.8814,64.4893,423,40017,0.0692655,0.01,1,734283,733860,423
54472321,26.7526,26.9957,423,40070,0.0337062,0.01,1,734285,733862,423
54475241,43.701,10.7983,478,40123,0.0314825,0.03,1,734340,733862,478
54478161,33.0804,38.5193,447,40176,0.030593,0.07,1,734366,733919,447
54481081,27.6322,30.4077,446,40229,0.0302372,0.07,1,734390,733944,446
54484001,17.0529,24.7631,435,40281,0.0300949,0.09,1,734400,733965,435
54486921,37.4211,18.3052,472,40333,0.018038,0.03,1,734451,733979,472
54489841,31.1685,37.9221,448,40385,0.0492152,0.03,1,734478,734030,448
54492761,24.4674,31.3688,441,40437,0.0376861,0.05,1,734498,734057,441
54495681,31.987,24.5475,458,40489,0.0450744,0.07,1,734535,734077,458
54498601,13.9948,31.419,424,40541,0.0480298,0.07,1,734537,734113,424
54501521,27.1979,13.7676,458,40593,0.0612119,0.09,1,734573,734115,458
54533641,32.5637,24.4674,460,41162,0.20563,0.05,1,734958,734498,460
54536561,14.2255,31.987,425,41213,0.208252,0.05,1,734960,734535,425
54539481,27.8902,13.9948,460,41264,0.221301,0.07,1,734997,734537,460
54542401,47.1561,27.1979,484,41315,0.26252,0.13,1,735057,734573,484
54545321,63.8624,45.0792,502,41366,0.279008,0.13,1,735132,734630,502
54548241,26.745,63.0317,429,41417,0.297603,0.17,1,735134,734705,429
54551161,43.698,26.4127,482,41468,0.293041,0.13,1,735189,734707,482
54554081,33.0792,43.5651,453,41519,0.291217,0.13,1,735215,734762,453
54557001,14.4317,33.026,429,41570,0.290487,0.15,1,735217,734788,429
54580361,28.5093,27.8902,433,41975,0.415262,0.29,1,735430,734997,433
54583281,49.2037,47.1561,436,42025,0.436105,0.29,1,735493,735057,436
54589121,27.3126,26.745,437,42125,0.440577,0.29,1,735571,735134,437
54662121,28.7603,14.7201,487,43361,0.759013,0.57,2,736319,735832,487
54665041,51.1041,29.888,513,43410,0.753605,0.59,2,736385,735872,513
54667961,66.0417,50.9552,524,43459,0.787442,0.61,2,736461,735937,524
54670881,27.6167,65.3821,451,43508,0.800977,0.57,2,736463,736012,451
54673801,45.2467,27.3528,506,43556,0.830391,0.65,2,736520,736014,506
54676721,35.4987,43.9411,480,43604,0.854156,0.69,2,736549,736069,480
54679641,15.3995,33.7765,455,43652,0.863662,0.65,2,736551,736096,455
54682561,21.7598,14.7106,479,43700,0.879465,0.65,2,736577,736098,479
54685481,15.3039,21.4842,464,43748,0.897786,0.65,2,736588,736124,464
54688401,40.3216,14.5937,511,43796,0.893114,0.73,2,736645,736134,511
54876741,340.754,347.092,514,20440,0.766,1,2,738725,738211,514
54888421,73.0721,79.2247,493,21568,0.21281,0.83,1,739050,738557,493
54897181,36.9326,43.6624,472,21861,0.0467398,0.55,1,739182,738710,472
54900101,82.573,99.665,448,21958,0.0486959,0.33,1,739295,738847,448
54903021,72.0292,87.266,434,22055,0.0494784,0.21,1,739360,738926,434
54905941,63.0117,72.1064,429,22151,0.0857913,0.15,1,739417,738988,429
54920541,80.524,14.5931,534,22626,0.0911281,0.05,1,739716,739182,534
54923461,73.6096,73.6372,490,22720,0.0784512,0.05,1,739785,739295,490
54926381,64.2438,68.4549,483,22813,0.0973805,0.11,1,739843,739360,483
54940981,79.3596,34.7733,535,23274,0.252642,0.07,1,740140,739605,535
54955581,45.8309,65.1186,461,23726,0.412862,0.17,1,740432,739971,461
54958501,35.7324,45.2475,458,23815,0.435145,0.17,1,740461,740003,458
54961421,83.2929,34.899,545,23904,0.420058,0.31,1,740576,740031,545
54964341,34.5172,79.3596,438,23993,0.414023,0.37,1,740578,740140,438
54967261,56.4069,73.1438,440,24081,0.435609,0.33,1,740649,740209,440
55002301,47.375,46.2376,450,25117,0.752891,0.59,2,741325,740875,450
55005221,36.35,35.295,451,25201,0.751157,0.65,2,741354,740903,451
55008141,84.74,83.718,452,25285,0.762463,0.65,2,741471,741019,452
55013981,57.8384,58.2749,451,25453,0.795194,0.63,2,741546,741095,451
55016901,59.1354,23.31,511,25536,0.804078,0.69,2,741606,741095,511
55019821,63.8541,44.124,520,25619,0.819631,0.71,2,741673,741153,520
55022741,70.5417,57.2496,529,25702,0.837852,0.75,2,741748,741219,529
55025661,49.8167,66.6998,492,25784,0.869141,0.77,2,741784,741292,492
55028581,36.7267,46.4799,487,25866,0.893656,0.75,2,741812,741325,487
55124941,44.863,17.8262,536,28443,0.891251,1,2,743652,743116,536
55127861,37.7452,41.3305,512,28517,0.8305,1,2,743685,743173,512
55130781,43.2981,36.3322,526,28591,0.7582,0.97,2,743732,743206,526
55151221,41.9988,52.1505,501,29105,0.782811,0.85,2,744113,743612,501
55154141,34.7995,44.8602,491,29178,0.799124,0.79,2,744143,743652,491
55157061,39.1198,37.7441,500,29251,0.82965,0.71,2,744185,743685,500
55159981,82.2479,43.2976,564,29323,0.82986,0.65,2,744296,743732,564
55162901,53.8992,82.7191,490,29395,0.853944,0.65,2,744331,743841,490
55165821,47.3597,52.2876,501,29467,0.851578,0.71,2,744374,743873,501
55168741,57.3439,48.515,519,29539,0.898631,0.73,2,744438,743919,519
55314741,30.0339,42.2857,494,32928,0.8176,1,2,746757,746263,494
55323501,51.0022,61.4343,473,33120,0.251766,1,1,746912,746439,473
55329341,51.4803,47.5095,489,33248,0.0534826,1,1,747013,746524,489
55332261,40.3921,33.4038,498,33312,0.021393,1,1,747046,746548,498
55335181,34.1569,36.7615,489,33375,0.0265572,1,1,747076,746587,489
55338101,51.4627,60.9046,475,33438,0.0526229,1,1,747139,746664,475
55341021,42.1851,45.9618,475,33501,0.0390492,0.94,1,747175,746700,475
55343941,33.074,37.5847,470,33564,0.0456197,0.72,1,747202,746732,470
55346861,19.8296,30.0339,456,33627,0.0722479,0.59,1,747213,746757,456
55349781,30.7318,39.0136,449,33690,0.0468991,0.37,1,747251,746802,449
55352701,39.2927,51.0054,435,33753,0.0367597,0.09,1,747296,746861,435
55355621,38.5171,51.0022,422,33816,0.0567039,0.03,1,747334,746912,422
55358541,44.2068,49.2009,422,33879,0.0526815,0.01,1,747382,746960,422
55361461,50.0827,51.4803,423,33941,0.0390726,0,1,747436,747013,423
55364381,39.2331,40.3921,422,34003,0.015629,0.03,1,747468,747046,422
55367301,34.8932,34.1569,424,34065,0.00625162,0.07,1,747500,747076,424
55370221,51.1573,51.4627,423,34127,0.0685007,0.03,1,747562,747139,423
55373141,42.0629,42.1851,423,34189,0.0454003,0.05,1,747598,747175,423
55381901,28.66,11.8918,459,34375,0.0977056,0.03,1,747672,747213,459
55384821,38.464,27.5567,466,34437,0.0930822,0.03,1,747717,747251,466
55387741,38.1856,38.0227,459,34498,0.0672329,0.07,1,747755,747296,459
55390661,44.0742,38.0091,469,34559,0.0568932,0.05,1,747803,747334,469
55393581,50.0297,44.0036,475,34620,0.0527573,0.03,1,747857,747382,475
55396501,39.8119,50.0015,454,34681,0.0391029,0,1,747890,747436,454
55399421,34.5248,39.2006,453,34742,0.0216412,0,1,747921,747468,453
55402341,52.8099,34.8802,486,34803,0.0266565,0.11,1,747986,747500,486
55405261,42.124,51.1521,459,34864,0.0646626,0.03,1,748021,747562,459
55408181,35.4496,42.0608,454,34925,0.043865,0.15,1,748052,747598,454
55411101,21.3798,33.6243,438,34986,0.047546,0.11,1,748064,747626,438
55414021,28.3519,20.6497,459,35046,0.0730184,0.09,1,748097,747638,459
55416941,35.9408,28.6599,466,35106,0.0952074,0.09,1,748138,747672,466
55425701,50.0362,44.0742,476,35286,0.0538533,0.05,1,748279,747803,476
55428621,39.2145,50.0297,454,35346,0.0215413,0.03,1,748311,747857,454
55431541,34.8858,39.8119,453,35406,0.0146165,0.01,1,748343,747890,453
55434461,52.9543,34.5248,487,35466,0.0358466,0.03,1,748408,747921,487
55437381,42.7817,52.8099,458,35526,0.0323386,0.09,1,748444,747986,458
55440301,35.7127,42.124,454,35586,0.0189355,0.03,1,748475,748021,454
55443221,21.4851,35.4496,435,35645,0.0135742,0.05,1,748487,748052,435
55446141,9.79403,21.3798,425,35704,0.0234297,0.09,1,748489,748064,425
55449061,24.3176,28.3519,426,35763,0.0513719,0.11,1,748523,748097,426
55451981,34.927,35.9408,427,35822,0.0625487,0.11,1,748565,748138,427
55454901,38.5708,38.9763,427,35881,0.0670195,0.13,1,748606,748179,427
55457821,41.8283,42.5905,426,35940,0.0928078,0.01,1,748650,748224,426
55460741,47.3313,50.0362,422,35999,0.0671231,0,1,748701,748279,422
55463661,38.7325,39.2145,423,36058,0.0448492,0.01,1,748734,748311,423
55466581,34.693,34.8858,423,36117,0.0359397,0.05,1,748766,748343,423
55469501,53.4772,52.9543,424,36176,0.0323759,0.03,1,748832,748408,424
55472421,42.3909,42.7817,423,36234,0.0189504,0.01,1,748867,748444,423
55475341,34.9564,35.7127,422,36292,0.0375801,0.01,1,748897,748475,422
55478261,21.7825,21.4851,423,36350,0.0330321,0.03,1,748910,748487,423
55481181,9.91302,9.79403,423,36408,0.0312128,0.07,1,748912,748489,423
55484101,24.9652,24.3176,424,36466,0.0424851,0.07,1,748947,748523,424
55487021,35.7861,34.927,425,36524,0.0589941,0.07,1,748990,748565,425
55489941,39.5144,38.5708,426,36582,0.0655976,0.11,1,749032,748606,426
55492861,43.4058,41.8283,428,36640,0.0922391,0.05,1,749078,748650,428
55498701,37.5449,38.7325,422,36756,0.0471582,0.03,1,749156,748734,422
55501621,34.218,34.693,422,36813,0.0368633,0.03,1,749188,748766,422
55504541,53.8872,53.4772,423,36870,0.0447453,0.01,1,749255,748832,423
55507461,41.9549,42.3909,422,36927,0.0478981,0.05,1,749289,748867,422
55510381,34.7819,34.9564,422,36984,0.0611593,0.03,1,749319,748897,422
55513301,21.7128,21.7825,422,37041,0.0544637,0.03,1,749332,748910,422
55516221,9.88511,9.91302,422,37098,0.0517855,0.05,1,749334,748912,422
55519141,26.154,24.9652,424,37155,0.0627142,0.05,1,749371,748947,424
55522061,36.2616,9.98608,467,37212,0.0550857,0.07,1,749414,748947,467
55524981,39.7046,29.7944,466,37269,0.0760343,0.07,1,749456,748990,466
55539581,53.4571,34.1566,488,37552,0.0859594,0.05,1,749676,749188,488
55542501,41.7829,53.8626,455,37608,0.0883837,0.05,1,749710,749255,455
55565861,47.5169,43.4818,476,38056,0.214856,0.21,1,749978,749502,476
55568781,35.2068,44.3927,458,38112,0.247942,0.17,1,750005,749547,458
55571701,31.4827,36.3571,456,38167,0.273177,0.17,1,750034,749578,456
55574621,51.5931,33.1428,490,38222,0.223271,0.03,1,750099,749609,490
55577541,42.8372,53.4571,460,38277,0.239308,0.09,1,750136,749676,460
55580461,36.3349,41.7829,458,38332,0.257723,0.13,1,750168,749710,458
55583381,21.734,35.3131,439,38387,0.277089,0.13,1,750180,749741,439
55586301,9.89358,21.3253,429,38442,0.284836,0.13,1,750182,749753,429
55589221,27.3574,9.7301,466,38497,0.275934,0.15,1,750221,749755,466
55592141,37.943,26.692,473,38552,0.260374,0.17,1,750266,749793,473
55595061,41.5772,37.0768,473,38607,0.254149,0.17,1,750310,749837,473
55597981,17.8309,41.2307,431,38662,0.25166,0.21,1,750312,749881,431
55600901,36.5324,45.2923,432,38717,0.238664,0.23,1,750361,749929,432
55603821,45.8129,47.5169,435,38772,0.257466,0.27,1,750413,749978,435
55606741,34.5252,35.2068,435,38826,0.240986,0.29,1,750440,750005,435
55609661,31.8101,31.4827,436,38880,0.282394,0.19,1,750470,750034,436
55612581,49.924,51.5931,433,38934,0.298958,0.25,1,750532,750099,433
55624261,10.0813,9.89358,436,39150,0.400245,0.27,1,750618,750182,436
55633021,41.2532,41.5772,434,39312,0.426656,0.25,1,750744,750310,434
55635941,17.7013,17.8309,434,39366,0.440662,0.23,1,750746,750312,434
55638861,35.8805,36.5324,433,39420,0.434265,0.27,1,750794,750361,433
55641781,46.1522,45.8129,434,39474,0.431706,0.23,1,750847,750413,434
55644701,34.6609,34.5252,434,39528,0.442682,0.31,1,750874,750440,434
55703101,28.7036,10.2887,485,40582,0.765419,0.55,2,751543,751058,485
55706021,37.8814,27.5155,490,40634,0.804168,0.55,2,751587,751097,490
55708941,42.7526,37.4062,492,40686,0.819667,0.53,2,751633,751141,492
55711861,18.301,41.9625,449,40738,0.825867,0.53,2,751635,751186,449
55714781,37.9204,17.985,498,40790,0.840347,0.57,2,751686,751188,498
55717701,46.3682,36.594,501,40842,0.858139,0.57,2,751738,751237,501
55720621,37.1473,45.8376,480,40894,0.865255,0.55,2,751769,751289,480
55723541,34.0589,35.735,483,40946,0.880102,0.61,2,751801,751318,483
55913341,33.732,29.0614,525,44170,0.843587,1,2,754037,753512,525
55916261,30.8928,30.2246,523,44218,0.859435,1,2,754066,753543,523
55919181,32.1571,33.0898,521,44266,0.853774,1,2,754099,753578,521
55922101,33.8628,42.6359,507,44314,0.81551,1,2,754134,753627,507
55925021,39.9451,36.8544,518,44362,0.764204,1,2,754178,753660,518
55927941,29.1781,32.7417,510,44410,0.767681,1,2,754200,753690,510
56015541,27.6636,27.4309,450,45811,0.753438,0.59,2,755108,754658,450
56018461,25.4654,24.7724,451,45857,0.751375,0.61,2,755132,754681,451
56021381,26.9862,27.3089,450,45903,0.75055,0.57,2,755160,754710,450
56024301,25.1945,25.3236,450,45949,0.75022,0.57,2,755184,754734,450
56027221,44.2778,10.1294,507,45995,0.762088,0.65,2,755241,754734,507
56030141,37.5111,37.6518,484,46041,0.778835,0.65,2,755274,754790,484
56033061,32.4044,34.2607,481,46087,0.797534,0.65,2,755303,754822,481
56035981,23.7618,31.7043,469,46133,0.817014,0.65,2,755321,754852,469
56038901,22.7047,23.4817,473,46179,0.836806,0.63,2,755343,754870,473
56041821,28.8819,21.9927,485,46225,0.880722,0.71,2,755376,754891,485
56273961,318.615,356.995,474,21900,0.429877,0.89,1,757797,757323,474
56276881,173.646,182.398,485,22724,0.201951,0.69,1,757874,757389,485
56291481,57.6847,76.6902,425,23187,0.061828,0.07,1,758186,757761,425
56294401,35.6739,37.8761,434,23278,0.0427312,0.05,1,758207,757773,434
56297321,69.4696,29.5504,502,23369,0.0590925,0.05,1,758299,757797,502
56300241,67.9878,58.0202,492,23460,0.065637,0.05,1,758366,757874,492
56303161,63.1951,62.8081,486,23550,0.0802548,0.13,1,758426,757940,486
56306081,73.8781,59.3232,510,23640,0.0981019,0.15,1,758507,757997,510
56309001,58.3512,74.1293,474,23730,0.0812408,0.09,1,758555,758081,474
56311921,54.5405,60.2517,475,23819,0.0624963,0.03,1,758607,758132,475
56314841,35.0162,56.5007,443,23908,0.0549985,0.03,1,758629,758186,443
56317761,15.2065,35.2003,424,23997,0.0519994,0.07,1,758631,758207,424
56320681,61.8826,69.2801,425,24085,0.0267998,0.07,1,758724,758299,425
56323601,64.953,67.912,425,24173,0.0767199,0.09,1,758791,758366,425
56346961,66.9232,64.953,426,24866,0.273509,0.15,1,759217,758791,426
56361561,32.8952,33.9253,427,25289,0.409351,0.11,1,759478,759051,427
56364481,14.3581,14.7701,427,25373,0.42174,0.23,1,759480,759053,427
56367401,65.7432,62.308,433,25457,0.426696,0.23,1,759580,759147,433
56370321,69.4973,24.9232,505,25540,0.428678,0.33,1,759652,759147,505
56408281,33.361,52.9709,469,26598,0.751403,0.57,2,760367,759898,469
56411201,14.5444,33.1884,451,26678,0.762561,0.57,2,760369,759918,451
56414121,68.8178,14.4753,554,26757,0.767024,0.59,2,760474,759920,554
56417041,71.9271,66.9901,526,26836,0.78081,0.65,2,760548,760022,526
56419961,70.1708,70.5961,522,26915,0.822324,0.67,2,760617,760095,522
56422881,29.2683,69.0384,456,26994,0.83893,0.69,2,760619,760163,456
56525081,64.0283,70.7831,536,29615,0.886864,1,2,762488,761952,536
56528001,52.0113,72.7132,506,29686,0.816746,1,2,762532,762026,506
56539681,37.8355,56.8263,479,29970,0.430493,1,1,762700,762221,479
56548441,49.2935,53.6769,482,30181,0.238992,0.91,1,762829,762347,482
56557201,47.6988,52.0113,458,30391,0.0904155,0.61,1,762990,762532,458
56560121,44.8795,50.8045,451,30461,0.0541662,0.51,1,763033,762582,451
56563041,47.3518,52.7218,446,30530,0.0276665,0.43,1,763082,762636,446
56565961,32.7407,36.0887,444,30599,0.0770666,0.39,1,763105,762661,444
56583481,51.6398,53.247,424,31012,0.217216,0.07,1,763370,762946,424
56586401,45.8559,47.6988,422,31080,0.224886,0.03,1,763412,762990,422
56589321,45.3424,44.8795,424,31148,0.239955,0.01,1,763457,763033,424
56592241,46.9369,47.3518,423,31216,0.233982,0.11,1,763505,763082,423
56595161,34.9748,32.7407,427,31284,0.231593,0.11,1,763532,763105,427
56598081,31.9899,13.0963,457,31352,0.242637,0.17,1,763562,763105,457
56601001,29.596,24.4385,453,31419,0.259055,0.15,1,763590,763137,453
56603921,37.6384,25.9754,469,31486,0.253622,0.13,1,763633,763164,469
56606841,49.8554,34.9902,486,31553,0.299449,0.21,1,763691,763205,486
56630201,30.3437,31.9891,462,32085,0.412291,0.27,1,764024,763562,462
56633121,37.3375,29.5956,476,32151,0.446916,0.25,1,764066,763590,476
56674001,52.8382,51.5416,449,33060,0.80287,0.55,2,764685,764236,449
56676921,47.5353,47.0166,449,33124,0.807148,0.57,2,764729,764280,449
56679841,49.6141,48.8067,450,33188,0.796859,0.59,2,764780,764330,450
56682761,48.0456,47.1227,451,33252,0.840744,0.59,2,764827,764376,451
56685681,34.8183,34.4491,451,33316,0.846297,0.59,2,764853,764402,451
56688601,34.9273,34.1796,452,33379,0.860519,0.61,2,764888,764436,452
56691521,33.1709,31.6718,454,33442,0.866208,0.61,2,764920,764466,454
56694441,14.4684,13.8687,454,33505,0.868483,0.71,2,764922,764468,454
56697361,32.1873,31.3475,455,33568,0.893393,0.73,2,764966,764511,455
56857961,35.1987,39.8792,491,36873,0.8992,1,2,767308,766817,491
56863801,38.0318,33.2607,499,36987,0.865072,1,2,767383,766884,499
56866721,37.4127,44.5043,484,37044,0.808029,1,2,767420,766936,484
56884241,47.2005,61.7813,509,37386,0.24259,1,1,767680,767171,509
56904681,32.7343,37.4107,489,37779,0.0952666,0.65,1,767909,767420,489
56919281,45.028,61.0013,472,38059,0.200953,0.19,1,768114,767642,472
56922201,34.2112,47.2005,461,38115,0.254381,0.15,1,768141,767680,461
56925121,31.6845,39.2802,457,38170,0.227752,0.17,1,768171,767714,457
56928041,30.0738,33.1121,457,38225,0.265101,0.15,1,768200,767743,457
56930961,30.0295,31.2448,457,38280,0.25604,0.13,1,768230,767773,457
56933881,35.4118,31.0979,465,38335,0.276416,0.11,1,768269,767804,465
56936801,34.5647,35.8392,460,38390,0.296566,0.09,1,768303,767843,460
56954321,45.5945,54.07,431,38720,0.410207,0.21,1,768506,768075,431
56957241,43.4378,45.028,434,38775,0.422083,0.29,1,768548,768114,434
57036081,34.6363,43.1417,479,40219,0.758757,0.59,2,769471,768992,479
57039001,33.0545,34.6567,482,40271,0.777503,0.59,2,769503,769021,482
57041921,31.2218,33.0627,480,40323,0.797001,0.63,2,769533,769053,480
57044841,34.0887,31.2251,486,40375,0.7928,0.63,2,769569,769083,486
57047761,38.2355,32.89,493,40427,0.77912,0.69,2,769610,769117,493
57050681,36.8942,37.156,489,40479,0.785648,0.67,2,769646,769157,489
57053601,33.3577,37.0624,483,40531,0.812259,0.67,2,769677,769194,483
57056521,33.7431,32.825,487,40583,0.834904,0.65,2,769711,769224,487
57059441,35.0972,33.53,489,40635,0.855961,0.69,2,769747,769258,489
57062361,35.6389,35.012,489,40687,0.864385,0.65,2,769783,769294,489
57065281,15.4556,35.6048,455,40739,0.867754,0.65,2,769785,769330,455
57225881,30.1315,35.4458,503,43498,0.899333,0.96,2,771716,771213,503
57529561,226.706,254.105,468,21900,0.400432,0.97,1,775226,774758,468
57532481,128.482,120.842,499,21997,0.262173,0.81,1,775289,774790,499
57535401,101.793,95.7368,504,22093,0.218869,0.59,1,775373,774869,504
57544161,35.7948,47.9592,449,22380,0.213928,0.41,1,775492,775043,449
57547081,24.5179,29.3837,449,22475,0.247571,0.39,1,775509,775060,449
57558761,56.7493,79.501,462,22850,0.416498,0.17,1,775835,775373,462
57590881,60.2393,26.119,532,23851,0.76232,0.59,2,776476,775944,532
57593801,102.096,59.6476,580,23940,0.790928,0.61,2,776606,776026,580
57596721,42.0383,101.259,453,24029,0.802371,0.71,2,776608,776155,453
57599641,72.0153,93.3036,457,24117,0.842948,0.71,2,776700,776243,457
57602561,49.2061,57.7214,457,24205,0.883179,0.71,2,776734,776277,457
57605481,67.0825,70.4886,457,24293,0.887272,0.71,2,776813,776356,457
57611321,27.2932,27.5982,458,24467,0.899163,0.79,2,776852,776394,458
57614241,61.9173,60.2393,461,24554,0.893665,0.81,2,776937,776476,461
57704761,34.9808,37.7101,489,27102,0.858832,1,2,778727,778238,489
57707681,31.3923,27.6841,497,27180,0.853533,1,2,778756,778259,497
57713521,101.143,103.669,481,27336,0.274565,1,1,778960,778479,481
57719361,61.3028,68.1871,475,27490,0.0463304,0.98,1,779058,778583,475
57722281,46.1211,44.0748,483,27567,0.0245322,1,1,779094,778611,483
57725201,35.2485,38.6299,476,27644,0.0878129,0.84,1,779122,778646,476
57728121,42.2994,48.452,468,27721,0.0531251,0.83,1,779169,778701,468
57731041,32.5198,34.9808,468,27797,0.0632501,0.85,1,779195,778727,468
57733961,25.6079,31.3923,460,27873,0.0673,0.55,1,779216,778756,460
57736881,46.8432,56.3569,448,27949,0.09292,0.01,1,779277,778829,448
57742721,55.4949,63.2571,422,28101,0.0760672,0,1,779420,778998,422
57745641,58.198,61.3028,422,28176,0.0304269,0.01,1,779480,779058,422
57748561,46.6792,46.1211,425,28251,0.0541708,0.13,1,779519,779094,425
57751481,34.8717,35.2485,424,28326,0.0636683,0.03,1,779546,779122,424
57754401,40.9487,42.2994,422,28401,0.0554673,0.03,1,779591,779169,422
57757321,33.1795,16.9198,450,28476,0.0521869,0.07,1,779619,779169,450
57760241,25.8718,22.3679,445,28550,0.0628748,0.07,1,779640,779195,445
57763161,46.9487,21.5472,485,28624,0.0671499,0.11,1,779701,779216,485
57774841,46.9363,58.094,461,28919,0.073575,0.07,1,779941,779480,461
57777761,35.5745,46.6376,450,28992,0.04743,0.07,1,779969,779519,450
57780681,40.0298,34.855,466,29065,0.036972,0.05,1,780012,779546,466
57783601,34.0119,40.942,451,29138,0.0567888,0.05,1,780042,779591,451
57786521,26.2048,33.1768,444,29211,0.0647155,0.07,1,780063,779619,444
57792361,86.8728,46.9483,537,29355,0.0955545,0.19,1,780238,779701,537
57806961,39.8339,35.5745,465,29714,0.0990041,0.03,1,780434,779969,465
57809881,35.1336,40.0298,454,29785,0.0936016,0.07,1,780466,780012,454
57812801,15.2534,34.0119,426,29856,0.0914406,0.07,1,780468,780042,426
57827401,53.8663,52.7796,429,30209,0.220229,0.09,1,780751,780322,429
57830321,44.9465,45.7119,427,30279,0.226092,0.11,1,780790,780363,427
57833241,34.7786,35.0847,427,30349,0.240437,0.09,1,780818,780391,427
57836161,39.1114,39.8339,426,30419,0.246175,0.09,1,780860,780434,426
57839081,34.8446,35.1336,426,30489,0.24847,0.09,1,780892,780466,426
57842001,15.1378,15.2534,426,30558,0.273388,0.13,1,780894,780468,426
57844921,21.0551,19.9014,428,30627,0.283355,0.19,1,780919,780491,428
57859521,46.8937,44.9465,434,30971,0.429862,0.25,1,781224,780790,434
57912081,54.7165,87.0838,482,32178,0.767369,0.59,2,782014,781532,482
57915001,59.6866,54.0335,513,32244,0.792948,0.65,2,782077,781564,513
57917921,50.2746,57.6134,497,32310,0.803179,0.65,2,782121,781624,497
57920841,38.7099,48.8454,485,32375,0.807272,0.71,2,782152,781667,485
57923761,41.2839,36.9381,499,32440,0.820909,0.71,2,782195,781696,499
57926681,35.7136,40.5753,488,32505,0.838363,0.73,2,782227,781739,488
57929601,15.4854,36.0301,457,32570,0.845345,0.69,2,782229,781772,457
57932521,22.9942,15.612,483,32635,0.848138,0.71,2,782257,781774,483
57935441,48.7977,22.4448,522,32700,0.861255,0.71,2,782323,781801,522
57938361,90.3191,47.9779,575,32765,0.890502,0.75,2,782441,781866,575
58066841,93.0605,40.7282,616,35493,0.7828,1,2,784344,783728,616
58075601,39.4839,37.8626,538,35671,0.419939,1,1,784451,783913,538
58087281,16.5964,34.4973,484,35907,0.27355,1,1,784549,784065,484
58096041,29.4782,34.1278,482,36084,0.0955072,0.92,1,784656,784174,482
58098961,30.3913,37.6511,473,36143,0.0802029,0.67,1,784687,784214,473
58101881,78.1565,93.0605,453,36201,0.0500812,0.59,1,784797,784344,453
58119401,26.3169,27.991,433,36549,0.218538,0.25,1,784973,784540,433
58122321,15.3268,16.5964,432,36607,0.213415,0.15,1,784981,784549,432
58125241,34.9307,37.2386,429,36665,0.235366,0.09,1,785029,784600,429
58128161,28.9723,31.6954,426,36723,0.208146,0.07,1,785054,784628,426
58131081,28.3889,29.4782,426,36781,0.233259,0.07,1,785082,784656,426
58134001,27.5556,30.3913,422,36838,0.231303,0.03,1,785109,784687,422
58136921,77.0222,78.1565,422,36895,0.254521,0.15,1,785219,784797,422
58139841,56.0089,52.2626,429,36952,0.275809,0.17,1,785261,784832,429
58142761,37.4036,36.505,428,37009,0.272323,0.15,1,785286,784858,428
58145681,34.7614,33.202,430,37066,0.294929,0.19,1,785319,784889,430
58169041,27.7082,28.2059,458,37520,0.41517,0.23,1,785540,785082,458
58171961,77.6833,27.4823,542,37576,0.448068,0.27,1,785651,785109,542
58233281,33.9155,35.6817,450,38740,0.785979,0.61,2,786349,785899,450
58236201,29.1662,28.6727,452,38795,0.800392,0.65,2,786375,785923,452
58239121,31.4665,30.0691,454,38849,0.794157,0.65,2,786408,785954,454
58242041,28.1866,27.6276,454,38903,0.779663,0.67,2,786434,785980,454
58244961,81.4746,80.6511,455,38957,0.821865,0.69,2,786551,786096,455
58247881,58.3899,57.4604,456,39011,0.862746,0.69,2,786594,786138,456
58250801,38.9559,38.5842,456,39065,0.867098,0.71,2,786620,786164,456
58253721,37.1824,36.4337,457,39119,0.892839,0.73,2,786656,786199,457
58433301,221.469,215.891,508,19092,0.766,1,2,788939,788431,508
58450821,107.21,28.6851,607,19750,0.776972,0.67,2,789391,788784,607
58453741,90.2842,104.474,531,19857,0.820789,0.67,2,789470,788939,531
58456661,93.1137,89.1896,547,19964,0.850316,0.69,2,789565,789018,547
58459581,74.4455,90.8758,517,20070,0.898126,0.65,2,789627,789110,517
58465421,33.1513,58.8201,472,20281,0.8961,0.75,2,789693,789221,472
58547181,117.644,42.9766,633,23030,0.85,1,2,791776,791143,633
58550101,62.6576,103.591,515,23122,0.826,1,2,791802,791287,515
58564701,42.9776,48.2707,523,23577,0.233204,1,1,792093,791570,523
58570541,57.7564,117.643,487,23757,0.0721126,0.81,1,792263,791776,487
58573461,58.5026,62.6573,520,23846,0.034845,0.61,1,792322,791802,520
58576381,54.601,67.0629,502,23935,0.043938,0.69,1,792374,791872,502
58579301,23.0404,58.0252,452,24024,0.0475752,0.33,1,792376,791924,452
58582221,60.2162,82.6101,438,24112,0.0850301,0.23,1,792461,792023,438
58585141,41.4865,53.444,433,24200,0.088012,0.17,1,792490,792057,433
58614341,99.5362,96.2778,432,25062,0.214029,0.19,1,793093,792661,432
58617261,53.0145,53.5111,429,25147,0.211612,0.13,1,793115,792686,429
58620181,54.8058,56.8045,426,25231,0.246645,0.11,1,793171,792745,426
58623101,54.9223,54.5218,428,25315,0.248658,0.11,1,793226,792798,428
58626021,23.1689,23.0087,428,25399,0.249463,0.19,1,793228,792800,428
58628941,62.6676,62.0035,429,25482,0.249785,0.19,1,793317,792888,429
58631861,41.867,24.8014,457,25565,0.225914,0.21,1,793345,792888,457
58634781,38.9468,26.7206,466,25648,0.240366,0.19,1,793382,792916,466
58652301,61.6239,23.108,520,26140,0.43665,0.25,1,793748,793228,520
58684421,32.6065,39.9798,451,27019,0.762051,0.65,2,794266,793815,451
58687341,103.043,104.192,454,27097,0.77882,0.65,2,794416,793962,454
58690261,54.417,54.8768,454,27175,0.809528,0.65,2,794438,793984,454
58693181,57.1668,57.3507,454,27253,0.833811,0.67,2,794497,794043,454
58696101,57.0667,56.5403,455,27331,0.831524,0.67,2,794554,794099,455
58699021,24.0267,23.8161,455,27408,0.85461,0.67,2,794556,794101,455
58701941,66.0107,64.7264,457,27485,0.875844,0.73,2,794650,794193,457
58827501,46.6982,42.065,502,30622,0.8356,1,2,796846,796344,502
58830421,41.4793,43.226,496,30691,0.83224,1,2,796884,796388,496
58874221,39.035,47.9206,491,31709,0.785182,0.77,2,797564,797073,491
58877141,32.414,39.5682,485,31776,0.788073,0.75,2,797592,797107,485
58880061,67.5656,32.0273,549,31843,0.813229,0.67,2,797683,797134,549
58882981,53.4262,71.0109,496,31909,0.847292,0.65,2,797727,797231,496
58885901,42.9705,55.4044,487,31975,0.884917,0.67,2,797763,797276,487
59011461,53.2493,61.1623,517,34704,0.885939,1,2,799685,799168,517
59014381,41.0997,46.0649,514,34765,0.828375,1,2,799718,799204,514
59028981,35.1037,36.6205,508,35068,0.296953,0.99,1,799921,799413,508
59031901,34.4415,30.8482,515,35128,0.220781,1,1,799955,799440,515
59037741,59.1506,32.8957,553,35248,0.086925,1,1,800063,799510,553
59040661,44.0603,60.5583,508,35308,0.06477,1,1,800097,799589,508
59043581,50.0241,47.6233,523,35368,0.043908,0.81,1,800151,799628,523
59046501,38.0096,53.2493,496,35428,0.0475632,0.79,1,800181,799685,496
59049421,42.8039,41.0997,509,35488,0.0610253,0.69,1,800227,799718,509
59052341,37.5215,51.2399,485,35548,0.0784101,0.53,1,800261,799776,485
59055261,34.8086,44.496,478,35607,0.049364,0.37,1,800294,799816,478
59058181,30.7234,39.3984,470,35666,0.0617456,0.35,1,800322,799852,470
59061101,13.4894,36.7594,437,35725,0.0666983,0.23,1,800324,799887,437
59064021,23.3958,35.1037,433,35784,0.0806793,0.17,1,800354,799921,433
59066941,29.1583,34.4415,432,35843,0.0862717,0.09,1,800387,799955,432
59072781,56.3853,59.1506,424,35961,0.0582035,0.05,1,800487,800063,424
59075701,42.3541,44.0603,423,36020,0.0892814,0.03,1,800520,800097,423
59078621,49.9417,50.0241,424,36079,0.0657126,0.05,1,800575,800151,424
59081541,37.3767,38.0096,423,36138,0.092285,0.07,1,800604,800181,423
59084461,43.7507,42.8039,425,36196,0.090914,0.09,1,800652,800227,425
59099061,21.8666,23.3958,424,36486,0.200678,0.09,1,800778,800354,424
59101981,29.7466,29.1583,426,36544,0.218271,0.11,1,800813,800387,426
59104901,25.0987,25.4633,425,36602,0.237309,0.03,1,800835,800410,425
59137021,30.6186,8.74663,468,37232,0.200855,0.23,1,801246,800778,468
59145781,40.0716,53.5998,458,37403,0.217575,0.11,1,801367,800909,458
59148701,50.2286,41.8399,481,37459,0.23703,0.09,1,801424,800943,481
59151621,40.4915,50.336,459,37515,0.244812,0.13,1,801458,800999,459
59154541,44.9966,39.9344,474,37571,0.235925,0.11,1,801506,801032,474
59157461,41.3986,44.7738,465,37627,0.22037,0.11,1,801545,801080,465
59160381,34.5595,40.7095,457,37683,0.250148,0.13,1,801575,801118,457
59163301,33.0238,34.2838,459,37739,0.298059,0.13,1,801607,801148,459
59177901,50.4569,25.4474,496,38019,0.401193,0.21,1,801764,801268,496
59180821,41.1828,49.179,466,38075,0.430477,0.23,1,801799,801333,466
59250901,19.391,18.7151,450,39384,0.760994,0.57,2,802587,802137,450
59253821,49.7564,49.4861,450,39438,0.826397,0.59,2,802657,802207,450
59256741,42.7026,41.3944,452,39492,0.852559,0.63,2,802695,802243,452
59259661,52.481,52.5578,451,39545,0.839024,0.59,2,802754,802303,451
59262581,40.1924,40.2231,451,39598,0.869609,0.67,2,802786,802335,451
59265501,47.277,46.0892,453,39651,0.893844,0.63,2,802838,802385,453
59268421,42.9108,42.4357,453,39704,0.891537,0.63,2,802878,802425,453
59437781,26.4396,23.6934,496,42680,0.827857,1,2,804908,804412,496
59440701,20.7758,27.4774,483,42729,0.805143,1,2,804925,804442,483
59472821,37.6376,34.1409,511,43268,0.785238,0.93,2,805325,804814,511
59475741,31.855,38.2563,498,43317,0.776095,0.89,2,805353,804855,498
59478661,22.342,34.5025,482,43366,0.772438,0.77,2,805369,804887,482
59481581,19.1368,26.401,478,43415,0.806975,0.79,2,805386,804908,478
59484501,28.6547,20.7604,496,43464,0.78479,0.69,2,805421,804925,496
59487421,30.6619,28.7042,494,43513,0.799916,0.73,2,805453,804959,494
59490341,33.8648,32.4817,495,43561,0.793966,0.69,2,805489,804994,495
59493261,36.9459,37.5927,493,43609,0.863587,0.65,2,805528,805035,493
59496181,36.3784,40.8371,486,43657,0.867435,0.71,2,805564,805078,486
59694741,32.1494,30.2533,515,46827,0.860768,1,2,807747,807232,515
59697661,28.4598,32.5013,507,46872,0.854307,1,2,807773,807266,507
59700581,29.9839,24.4005,519,46917,0.827723,1,2,807804,807285,519
59703501,28.1936,31.9602,509,46962,0.781089,1,2,807831,807322,509
59715181,30.6882,36.4438,503,47142,0.76366,1,2,807963,807460,503
59767741,32.1838,33.8301,456,47940,0.757575,0.67,2,808493,808037,456
59770661,29.0735,30.332,455,47984,0.75303,0.67,2,808520,808065,455
59773581,21.2294,22.9328,453,48028,0.799212,0.63,2,808536,808083,453
59776501,28.8918,29.5731,453,48072,0.829685,0.63,2,808570,808117,453
59779421,12.7567,13.0293,453,48116,0.817874,0.61,2,808572,808119,453
59782341,21.9027,22.6117,452,48160,0.82515,0.65,2,808600,808148,452
59785261,26.1611,25.8447,453,48204,0.88806,0.65,2,808629,808176,453
60126901,884.386,921.895,462,1460,0.766,0,2,812611,812149,462
60189681,124.43,83.7241,593,14165,0.239697,0.19,1,817001,816408,593
60192601,74.972,132.49,470,14315,0.293879,0.09,1,817043,816573,470
60204281,75.7625,124.342,477,14899,0.427187,0.33,1,817478,817001,477
60230561,120.402,116.909,455,16137,0.785487,0.63,2,818335,817880,455
60233481,72.1609,71.9636,453,16269,0.812195,0.75,2,818375,817922,453
60236401,148.264,145.785,457,16400,0.870878,0.75,2,818574,818117,457
60239321,60.5057,59.5142,457,16529,0.894351,0.71,2,818576,818119,457
60305021,83.4597,81.0869,493,19266,0.821728,1,2,820525,820032,493
60307941,53.7839,52.2348,494,19376,0.802691,1,2,820559,820065,494
60313781,96.5654,102.558,483,19595,0.400831,0.92,1,820723,820240,483
60316701,54.2262,41.023,509,19703,0.238332,1,1,820749,820240,509
60348821,84.1121,32.6384,548,20857,0.202954,0.17,1,821581,821033,548
60351741,50.4448,83.8554,458,20959,0.255182,0.21,1,821609,821151,458
60354661,21.3779,48.5421,435,21060,0.276073,0.13,1,821611,821176,435
60372181,52.2019,50.4448,436,21657,0.417154,0.29,1,822045,821609,436
60375101,22.0808,21.3779,436,21755,0.436862,0.37,1,822047,821611,436
60404301,53.261,39.3332,490,22711,0.776912,0.61,2,822764,822274,490
60407221,32.1044,38.5333,470,22804,0.772765,0.63,2,822782,822312,470
60410141,89.0418,26.2133,579,22897,0.783106,0.67,2,822909,822330,579
60413061,54.2167,86.6853,483,22990,0.799242,0.69,2,822940,822457,483
60415981,22.8867,52.6741,455,23082,0.805697,0.69,2,822942,822487,455
60417441,129.755,22.2697,654,23174,0.844279,0.75,2,823143,822489,654
60420361,55.5019,129.508,459,23265,0.859712,0.73,2,823149,822690,459
60423281,41.4007,71.6031,458,23356,0.853885,0.81,2,823181,822723,458
60426201,42.3603,53.2413,460,23447,0.887554,0.77,2,823224,822764,460
60528401,48.2913,65.2332,510,26425,0.856739,1,2,825293,824783,510
60540081,51.4347,68.3804,515,26744,0.0838045,0.97,1,825584,825069,515
60543001,37.3739,50.7521,504,26823,0.0515218,1,1,825612,825108,504
60545921,38.3495,41.3009,508,26902,0.0506087,1,1,825651,825143,508
60548841,21.3398,39.3203,480,26981,0.0382435,0.88,1,825661,825181,480
60551761,43.3359,57.7281,468,27060,0.0572974,0.81,1,825719,825251,468
60554681,38.9344,48.2913,462,27138,0.088919,0.53,1,825755,825293,462
60557601,41.3737,55.9165,444,27216,0.0895676,0.17,1,825798,825354,444
60560521,84.9495,103.967,422,27294,0.077827,0.03,1,825912,825490,422
60563441,70.5798,77.5866,423,27372,0.0971308,0.03,1,825973,825550,423
60566361,48.6319,51.4347,423,27449,0.0688523,0.03,1,826007,825584,423
60569281,35.6528,37.3739,422,27526,0.0275409,0.05,1,826034,825612,422
60572201,38.2611,38.3495,423,27603,0.0530164,0.03,1,826074,825651,423
60575121,21.3044,21.3398,423,27680,0.0392065,0.07,1,826084,825661,423
60578041,44.5218,43.3359,425,27757,0.0696826,0.11,1,826144,825719,425
60586801,85.6254,84.9495,426,27985,0.0973397,0.11,1,826338,825912,426
60595561,34.736,35.6528,422,28211,0.0823097,0.07,1,826456,826034,422
60598481,38.4944,38.2611,423,28286,0.0389239,0.03,1,826497,826074,423
60601401,21.3978,21.3044,423,28361,0.0215696,0.03,1,826507,826084,423
60604321,46.3591,8.52178,486,28436,0.0146278,0.09,1,826570,826084,486
60607241,40.7436,39.4087,463,28510,0.0598511,0.13,1,826607,826144,463
60621841,34.142,46.2877,451,28879,0.204085,0.07,1,826880,826429,451
60624761,36.4568,34.7151,462,28952,0.207634,0.01,1,826918,826456,462
60627681,20.5827,38.486,431,29025,0.221054,0.01,1,826928,826497,431
60630601,47.2331,21.3944,486,29098,0.226421,0.01,1,826993,826507,486
60636441,42.7173,40.7431,468,29244,0.215027,0.15,1,827075,826607,468
60639361,87.2869,40.2972,545,29316,0.284011,0.17,1,827192,826647,545
60651041,37.1737,34.142,470,29604,0.409751,0.21,1,827350,826880,470
60653961,20.8695,36.4568,442,29676,0.4219,0.23,1,827360,826918,442
60656881,46.1478,20.5827,495,29747,0.41476,0.23,1,827423,826928,495
60659801,41.2591,47.2331,468,29818,0.411904,0.17,1,827461,826993,468
60662721,17.7036,42.2932,431,29889,0.410762,0.23,1,827463,827032,431
60665641,34.0815,42.7173,433,29960,0.422305,0.33,1,827508,827075,433
60697761,90.6611,86.8326,449,30728,0.775015,0.57,2,828079,827630,449
60700681,76.4644,74.333,450,30797,0.796006,0.61,2,828146,827696,450
60703601,49.7858,47.7332,452,30866,0.804402,0.63,2,828178,827726,452
60706521,36.7143,35.2933,453,30935,0.807761,0.67,2,828206,827753,453
60709441,39.2857,38.1173,454,31003,0.809104,0.65,2,828247,827793,454
60712361,21.7143,21.2469,454,31071,0.785642,0.69,2,828257,827803,454
60715281,47.0857,45.6988,456,31139,0.776257,0.69,2,828321,827865,456
60718201,42.2343,41.0795,457,31207,0.784503,0.73,2,828360,827903,457
60721121,18.0937,17.6318,457,31275,0.787801,0.73,2,828362,827905,457
60724041,35.4375,34.6527,458,31343,0.80112,0.73,2,828409,827951,458
60726961,91.575,13.8611,587,31411,0.806448,0.81,2,828538,827951,587
60729881,78.03,82.3444,528,31478,0.844579,0.81,2,828607,828079,528
60732801,49.212,73.1378,491,31545,0.871832,0.81,2,828637,828146,491
60735721,36.4848,48.4551,487,31612,0.894733,0.81,2,828665,828178,487
60849601,83.9977,93.0895,479,34124,0.874,1,2,830435,829956,479
60852521,54.5991,56.4358,482,34186,0.7756,1,2,830470,829988,482
60864201,32.2473,31.7808,519,34434,0.444511,1,1,830619,830100,519
60872961,42.2638,37.122,522,34617,0.260049,1,1,830734,830212,522
60884641,48.8324,83.9903,488,34861,0.0707372,0.71,1,830923,830435,488
60887561,49.5329,54.5961,503,34922,0.0582949,0.69,1,830973,830470,503
60890481,39.0132,54.2385,481,34983,0.077318,0.61,1,831005,830524,481
60902161,28.7139,33.8989,463,35223,0.201419,0.25,1,831117,830654,463
60905081,39.6856,32.1596,479,35283,0.242568,0.23,1,831164,830685,479
60908001,29.0742,42.2638,452,35343,0.259027,0.15,1,831186,830734,452
60910921,27.8297,29.5055,458,35403,0.253611,0.07,1,831213,830755,458
60913841,72.9319,32.2022,527,35463,0.275444,0.09,1,831316,830789,527
60916761,47.1727,74.0809,455,35523,0.284178,0.05,1,831346,830891,455
60919681,50.6691,48.8324,476,35583,0.263671,0.05,1,831399,830923,476
60943041,29.7902,29.0742,435,36055,0.402602,0.25,1,831621,831186,435
60945961,27.5161,27.8297,434,36114,0.431041,0.29,1,831647,831213,434
61018961,76.1306,27.6935,561,37549,0.776195,0.67,2,832650,832089,561
61021881,47.8522,76.4774,481,37605,0.784478,0.65,2,832679,832198,481
61024801,52.7409,47.391,509,37661,0.799791,0.69,2,832735,832226,509
61027721,42.0964,52.5564,488,37717,0.805916,0.69,2,832770,832282,488
61030641,18.0385,41.4226,456,37773,0.808367,0.71,2,832772,832316,456
61033561,28.2154,17.769,489,37829,0.797347,0.67,2,832807,832318,489
61036481,25.0862,28.1076,477,37885,0.780939,0.69,2,832830,832353,477
61039401,31.6345,24.443,491,37941,0.798375,0.69,2,832866,832375,491
61042321,29.4538,31.3772,483,37997,0.81735,0.69,2,832894,832411,483
61045241,44.1815,29.3509,509,38053,0.84894,0.71,2,832948,832439,509
61048161,32.6726,43.5404,481,38109,0.885576,0.73,2,832973,832492,481
61176641,47.4006,54.3737,511,40475,0.859466,1,2,834661,834150,511
61179561,33.3602,43.3495,499,40527,0.793786,1,2,834685,834186,499
61197081,30.302,29.9402,508,40839,0.420131,1,1,834861,834353,508
61202921,24.8883,29.8704,502,40943,0.258021,0.91,1,834910,834408,502
61208761,45.8621,71.2593,503,41046,0.0664834,1,1,835038,834535,503
61211681,41.7449,49.5037,507,41097,0.0565933,0.9,1,835077,834570,507
61214601,43.6979,45.0015,510,41148,0.0766373,0.81,1,835122,834612,510
61217521,25.8792,47.4006,475,41199,0.0726549,0.75,1,835136,834661,475
61220441,29.5517,33.3602,483,41250,0.059062,0.65,1,835168,834685,483
61223361,30.4207,33.1441,481,41301,0.0896248,0.69,1,835199,834718,481
61226281,24.1683,31.8576,470,41352,0.0778499,0.57,1,835219,834749,470
61229201,23.4673,25.3431,472,41403,0.08514,0.45,1,835242,834770,472
61232121,26.1869,28.1372,470,41454,0.064056,0.43,1,835270,834800,470
61235041,27.2748,29.2549,468,41505,0.0796224,0.39,1,835298,834830,468
61237961,12.1099,30.302,439,41556,0.085849,0.27,1,835300,834861,439
61249641,42.5788,45.8621,423,41760,0.209222,0.05,1,835461,835038,423
61255481,44.0126,43.6979,425,41861,0.224275,0.07,1,835547,835122,425
61258401,26.005,25.8792,425,41911,0.25171,0.05,1,835561,835136,425
61261321,29.002,29.5517,424,41961,0.286684,0.11,1,835592,835168,424
61331401,43.6325,62.0016,469,43151,0.429499,0.39,1,836332,835863,469
61334321,40.253,42.2006,478,43200,0.4418,0.37,1,836370,835892,478
61378121,48.1561,40.253,496,43927,0.759635,0.49,2,836866,836370,496
61381041,27.6624,46.1012,460,43975,0.777854,0.51,2,836880,836420,460
61383961,29.665,26.8405,477,44023,0.785142,0.53,2,836911,836434,477
61386881,34.666,28.7362,485,44071,0.800057,0.55,2,836949,836464,485
61389801,24.6664,33.0945,467,44119,0.830023,0.57,2,836967,836500,467
61392721,26.0666,24.0378,476,44167,0.842009,0.61,2,836994,836518,476
61395641,27.8266,24.6151,480,44215,0.858804,0.63,2,837023,836543,480
61398561,27.9307,26.646,480,44263,0.865521,0.63,2,837051,836571,480
61401481,12.3723,27.4584,454,44311,0.868209,0.63,2,837053,836599,454
61404401,19.9489,12.1834,477,44359,0.881283,0.65,2,837078,836601,477
61407321,21.1796,19.2733,475,44407,0.886513,0.65,2,837100,836625,475
61629241,355.275,373.701,488,21900,0.766,1,2,839583,839095,488
61635081,120.564,120.032,504,22093,0.21136,1,1,839733,839229,504
61638001,88.4256,90.6129,500,22189,0.090544,0.95,1,839800,839300,500
61640921,79.1702,74.6451,509,22285,0.0542176,0.87,1,839873,839364,509
61643841,64.0681,73.6581,490,22380,0.039687,0.93,1,839927,839437,490
61646761,56.2272,64.2632,483,22475,0.0218748,0.83,1,839978,839495,483
61649681,41.0909,48.5053,476,22569,0.0267499,0.61,1,840009,839533,476
61652601,67.4364,49.4021,511,22663,0.0287,0.37,1,840094,839583,511
61655521,63.5745,63.5608,499,22757,0.06548,0,1,840155,839656,499
61658441,66.2298,71.6243,490,22850,0.056192,0.01,1,840223,839733,490
61661361,69.0919,68.8497,494,22943,0.0284768,0.03,1,840294,839800,494
61664281,60.0368,71.3399,475,23035,0.0293907,0.03,1,840348,839873,475
61667201,55.2147,60.936,473,23127,0.0297563,0.01,1,840400,839927,473
61670121,40.6859,54.9744,453,23219,0.0539025,0.03,1,840431,839978,453
61673041,68.4744,40.5898,509,23310,0.099561,0.03,1,840518,840009,509
61678881,64.8359,63.4944,490,23492,0.0567298,0.05,1,840645,840155,490
61681801,69.1344,66.1977,494,23582,0.0406919,0.01,1,840717,840223,494
61684721,60.0537,69.0791,477,23672,0.0342768,0.03,1,840771,840294,477
61687641,55.8215,60.0316,476,23762,0.0317107,0.03,1,840824,840348,476
61690561,39.7286,55.2127,453,23851,0.0306843,0.07,1,840853,840400,453
61693481,71.6914,40.6851,515,23940,0.0662737,0.13,1,840946,840431,515
61696401,29.8766,68.474,430,24029,0.0805095,0.17,1,840948,840518,430
61699321,49.7506,64.5896,431,24117,0.0982038,0,1,841011,840580,431
61702241,54.1003,64.8358,423,24205,0.0572815,0.03,1,841068,840645,423
61705161,64.8401,69.1343,423,24293,0.0409126,0.03,1,841140,840717,423
61708081,58.336,60.0537,423,24380,0.022365,0.03,1,841194,840771,423
61711001,54.5344,55.8215,422,24467,0.026946,0.03,1,841246,840824,422
61713921,39.8138,39.7286,423,24554,0.0167784,0.09,1,841276,840853,423
61716841,73.5255,71.6914,426,24640,0.0727114,0.09,1,841372,840946,426
61719761,30.6102,29.8766,426,24726,0.0950846,0.11,1,841374,840948,426
61725601,51.8176,54.1003,422,24897,0.225214,0.03,1,841490,841068,422
61728521,63.9271,64.8401,422,24982,0.216085,0.01,1,841562,841140,422
61731441,57.9708,58.336,422,25067,0.0924342,0.03,1,841616,841194,422
61734361,54.3883,54.5344,422,25152,0.0669737,0.01,1,841668,841246,422
61737281,39.7553,39.8138,422,25236,0.0447895,0.11,1,841698,841276,422
61740201,77.1021,73.5255,428,25320,0.0599158,0.11,1,841800,841372,428
61743121,32.0409,30.6102,428,25404,0.0659663,0.25,1,841802,841374,428
61746041,53.0163,50.0441,432,25487,0.0923865,0.25,1,841869,841437,432
61772321,54.5783,52.9967,481,26226,0.22749,0.11,1,842350,841869,481
61775241,63.2313,52.9987,497,26307,0.276996,0.15,1,842419,841922,497
61801521,51.3281,63.2313,437,27024,0.410673,0.35,1,842856,842419,437
61804441,48.7313,52.2925,439,27102,0.410269,0.37,1,842903,842464,439
61807361,51.8925,52.717,440,27180,0.422108,0.35,1,842957,842517,440
61854081,54.441,51.0699,455,28401,0.772357,0.67,2,843752,843297,455
61857001,51.1764,20.428,504,28476,0.818943,0.69,2,843801,843297,504
61859921,53.4706,36.9712,511,28550,0.849577,0.69,2,843856,843345,511
61862841,39.3882,47.7885,486,28624,0.837831,0.75,2,843886,843400,486
61865761,78.1553,37.1154,560,28698,0.869132,0.71,2,843990,843430,560
61868681,32.4621,77.2462,458,28772,0.881653,0.71,2,843992,843534,458
61871601,57.3848,32.0985,530,28846,0.898661,0.77,2,844066,843536,530
61874521,63.7539,56.6394,525,28919,0.881464,0.71,2,844134,843609,525
61877441,26.7016,63.4558,459,28992,0.886586,0.71,2,844136,843677,459
62000081,52.1601,48.8643,519,31914,0.89704,1,2,846216,845697,519
62003001,41.864,44.7457,512,31980,0.832816,1,2,846251,845739,512
62005921,44.9456,39.4983,523,32046,0.795126,1,2,846298,845775,523
62014681,49.3165,46.2319,526,32244,0.407288,1,1,846454,845928,526
62017601,41.9266,53.2928,505,32310,0.264915,1,1,846491,845986,505
62023441,51.3483,39.1268,535,32440,0.0675864,0.96,1,846590,846055,535
62026361,42.1393,55.2507,505,32505,0.0270346,0.92,1,846626,846121,505
62029281,47.4557,44.9003,518,32570,0.0288138,0.87,1,846677,846159,518
62032201,38.7823,52.1601,494,32635,0.0175255,0.79,1,846710,846216,494
62035121,42.5129,41.864,504,32700,0.0250102,0.77,1,846755,846251,504
62038041,48.2052,44.9456,509,32765,0.0520041,0.65,1,846807,846298,509
62040961,20.4821,53.9782,451,32830,0.0508016,0.45,1,846809,846358,451
62043881,30.9928,49.7913,442,32894,0.0383207,0.31,1,846847,846405,442
62046801,37.5971,49.3165,435,32958,0.0213283,0.17,1,846889,846454,435
62049721,32.4389,41.9266,427,33022,0.0385313,0.03,1,846918,846491,427
62052641,34.5755,41.3706,422,33086,0.0334125,0.03,1,846954,846532,422
62055561,49.2302,51.3483,423,33150,0.031365,0,1,847013,846590,423
62058481,41.2921,42.1393,423,33214,0.042546,0.03,1,847049,846626,423
62061401,46.5168,47.4557,422,33278,0.0350184,0.01,1,847099,846677,422
62064321,38.4067,38.7823,422,33342,0.0320074,0.03,1,847132,846710,422
62067241,43.5627,42.5129,424,33405,0.0908029,0.07,1,847179,846755,424
62078921,36.9424,37.5971,422,33657,0.0975086,0.05,1,847311,846889,422
62084761,34.4708,34.5755,422,33783,0.0840014,0.03,1,847376,846954,422
62087681,50.3883,49.2302,424,33846,0.0516005,0.05,1,847437,847013,424
62090601,40.5553,41.2921,422,33908,0.0626402,0.03,1,847471,847049,422
62093521,46.2221,46.5168,422,33970,0.0430561,0.03,1,847521,847099,422
62096441,38.2889,38.4067,422,34032,0.0352224,0.13,1,847554,847132,422
62099361,47.1155,43.5627,428,34094,0.044089,0.11,1,847607,847179,428
62102281,50.0462,49.2251,427,34156,0.0956356,0.11,1,847659,847232,427
62116881,33.5048,31.3748,459,34465,0.249456,0.07,1,847799,847340,459
62122721,40.1608,50.26,456,34587,0.081913,0.07,1,847893,847437,456
62125641,45.4643,40.504,471,34648,0.0387652,0.03,1,847942,847471,471
62128561,37.9857,46.2016,454,34709,0.0155061,0.03,1,847975,847521,454
62131481,48.1943,38.2806,476,34770,0.0362024,0.05,1,848030,847554,476
62134401,52.8777,47.1123,479,34831,0.056481,0.13,1,848086,847607,479
62137321,22.3511,50.0449,429,34892,0.0645924,0.13,1,848088,847659,429
62151921,43.1313,33.5048,483,35193,0.201445,0.05,1,848282,847799,483
62154841,37.6525,49.4019,457,35253,0.218578,0.05,1,848316,847859,457
62163601,49.0418,37.9857,478,35433,0.061269,0.05,1,848453,847975,478
62166521,54.4167,48.1943,481,35493,0.0665076,0.07,1,848511,848030,481
62169441,22.9667,52.8777,427,35553,0.068603,0.07,1,848513,848086,427
62172361,31.9867,22.3511,463,35612,0.0574412,0.15,1,848551,848088,463
62175281,37.9947,29.9404,470,35671,0.0889765,0.15,1,848593,848123,470
62210321,39.0089,37.9947,427,36375,0.217082,0.11,1,849020,848593,427
62213241,16.8035,16.3979,427,36433,0.260833,0.15,1,849022,848595,427
62216161,25.9214,25.7591,427,36491,0.278333,0.13,1,849054,848627,427
62219081,33.1686,33.7037,426,36549,0.273333,0.19,1,849092,848666,426
62222001,43.8674,42.2815,429,36607,0.283333,0.15,1,849143,848714,429
62224921,38.547,37.9126,429,36665,0.287333,0.19,1,849178,848749,429
62227841,41.2188,40.365,430,36723,0.276933,0.21,1,849221,848791,430
62230761,34.4875,34.146,430,36781,0.272773,0.13,1,849251,848821,430
62233681,45.595,46.6584,428,36838,0.295109,0.13,1,849304,848876,428
62236601,54.838,55.2634,428,36895,0.292044,0.13,1,849365,848937,428
62239521,23.1352,23.3053,428,36952,0.290817,0.19,1,849367,848939,428
62248281,17.6567,16.8035,434,37123,0.428772,0.29,1,849456,849022,434
62251201,26.2627,25.9214,434,37180,0.429509,0.29,1,849488,849054,434
62254121,33.3051,10.3686,472,37237,0.441804,0.27,1,849526,849054,472
62297921,43.3916,38.3288,492,38080,0.763614,0.53,2,850103,849611,492
62300841,37.1566,41.7315,481,38135,0.767446,0.55,2,850136,849655,481
62303761,47.8627,35.2926,505,38190,0.756978,0.61,2,850191,849686,505
62306681,55.1451,46.517,511,38245,0.764791,0.61,2,850251,849740,511
62309601,23.258,54.6068,453,38300,0.767917,0.61,2,850253,849800,453
62312521,35.1032,23.0427,494,38355,0.757167,0.63,2,850296,849802,494
62315441,46.4413,35.6171,504,38410,0.752867,0.67,2,850350,849846,504
62318361,19.7765,44.2468,456,38465,0.751147,0.67,2,850352,849896,456
62321281,28.9106,18.8987,489,38520,0.750459,0.67,2,850387,849898,489
62324201,34.3642,27.3595,494,38575,0.774183,0.71,2,850425,849931,494
62327121,14.9457,33.7438,458,38630,0.795673,0.73,2,850427,849969,458
62330041,37.1783,44.6975,458,38685,0.840269,0.73,2,850479,850021,458
62332961,36.4713,39.479,458,38740,0.834108,0.79,2,850515,850057,458
62335881,42.7885,43.3916,459,38795,0.867643,0.77,2,850562,850103,459
62338801,37.5154,37.1566,460,38849,0.881057,0.75,2,850596,850136,460
62341721,47.4062,47.8627,459,38903,0.874423,0.77,2,850650,850191,459
62499401,53.7732,54.5076,491,41733,0.841878,1,2,852609,852118,491
62502321,38.9093,34.403,499,41784,0.750751,1,2,852638,852139,499
62511081,32.3462,32.3938,494,41935,0.425088,1,1,852739,852245,494
62519841,33.4862,32.5772,490,42085,0.279446,1,1,852830,852340,490
62528601,29.5271,31.0769,480,42235,0.0464445,1,1,852915,852435,480
62531521,32.2108,32.8308,480,42285,0.0485778,1,1,852949,852469,480
62534441,29.0843,32.3323,475,42335,0.0614311,0.87,1,852976,852501,475
62537361,34.4337,39.9329,468,42385,0.0545724,0.79,1,853014,852546,468
62540281,44.9735,53.7732,457,42435,0.051829,0.69,1,853066,852609,457
62543201,34.7894,38.9093,456,42485,0.0507316,0.59,1,853094,852638,456
62546121,24.7158,31.1637,448,42535,0.0502926,0.41,1,853112,852664,448
62549041,36.8863,41.8655,444,42585,0.0861171,0.37,1,853157,852713,444
62551961,27.3545,32.3462,439,42635,0.0884468,0.29,1,853178,852739,439
62554881,29.5418,31.5385,439,42684,0.0533787,0.31,1,853209,852770,439
62557801,21.4167,25.2154,434,42733,0.0873515,0.25,1,853225,852791,434
62560721,30.7667,33.4862,432,42782,0.0769406,0.11,1,853262,852830,432
62601601,30.7874,21.4053,461,43468,0.201811,0.07,1,853686,853225,461
62604521,27.915,30.7621,450,43517,0.230724,0.13,1,853712,853262,450
62607441,23.166,26.7048,446,43565,0.23029,0.15,1,853732,853286,446
62610361,28.4664,22.6819,458,43613,0.206116,0.13,1,853764,853306,458
62613281,32.3866,27.6728,462,43661,0.244446,0.11,1,853799,853337,462
62616201,29.1546,32.6691,453,43709,0.259779,0.13,1,853826,853373,453
62619121,33.8618,28.6676,464,43757,0.253911,0.09,1,853863,853399,464
62622041,45.3447,34.2671,479,43805,0.287565,0.15,1,853916,853437,479
62665841,37.8259,45.3447,437,44523,0.411075,0.31,1,854353,853916,437
62668761,31.9303,34.9379,437,44570,0.41043,0.31,1,854381,853944,437
62671681,22.3721,23.5752,437,44617,0.434172,0.31,1,854397,853960,437
62750521,16.4639,15.5481,453,45875,0.761015,0.63,2,855194,854741,453
62753441,38.9856,38.6192,453,45921,0.790406,0.63,2,855248,854795,453
62756361,32.3942,15.4477,481,45967,0.814162,0.65,2,855276,854795,481
62759281,23.1577,22.9791,470,46013,0.835665,0.71,2,855293,854823,470
62762201,39.8631,18.7916,505,46059,0.892266,0.69,2,855344,854839,505
62954921,30.3805,24.245,515,48987,0.82362,1,2,857340,856825,515
62978281,32.6176,38.366,509,49331,0.429489,1,1,857587,857078,509
62989961,19.5694,27.5982,495,49503,0.295107,1,1,857704,857209,495
62992881,27.0278,24.2393,505,49546,0.292043,0.98,1,857736,857231,505
62998721,21.0044,21.8783,492,49631,0.295127,0.93,1,857771,857279,492
63007481,27.1923,33.1522,483,49757,0.297048,0.71,1,857858,857375,483
63042521,18.325,27.0278,448,50261,0.400746,0.31,1,858184,857736,448
63045441,20.53,18.0111,458,50303,0.442298,0.29,1,858206,857748,458
63147641,9.82549,9.40456,456,51749,0.751109,0.73,2,859107,858651,456
63150561,20.7302,20.5618,456,51790,0.750444,0.73,2,859135,858679,456
63153481,29.8921,8.22473,492,51831,0.762177,0.73,2,859171,858679,492
63156401,25.1568,25.4899,477,51872,0.766871,0.67,2,859193,858716,477
63159321,19.6627,23.996,470,51913,0.768748,0.69,2,859209,858739,470
63162241,27.0651,19.7984,485,51954,0.781499,0.67,2,859241,858756,485
63165161,31.826,27.7194,487,51995,0.7866,0.67,2,859276,858789,487
63168081,28.3304,30.2877,481,52035,0.84864,0.71,2,859302,858821,481
63171001,31.7322,28.3151,488,52075,0.885456,0.67,2,859336,858848,488
63416281,28.7779,15.0609,551,55364,0.863043,1,2,861658,861107,551
63419201,18.1112,28.2244,525,55402,0.855217,1,2,861669,861144,525
63422121,18.6445,30.4898,512,55440,0.792087,1,2,861688,861176,512
63427961,10.7831,14.5984,498,55516,0.771134,1,2,861704,861206,498
63509721,33.7582,31.0608,448,56568,0.75675,0.51,2,862455,862007,448
63512641,24.3033,25.0243,445,56605,0.7767,0.49,2,862473,862028,445
63515561,19.9213,18.4097,448,56642,0.78468,0.53,2,862490,862042,448
63518481,18.7685,19.3639,446,56679,0.763872,0.53,2,862508,862062,446
63521401,32.7074,30.5456,450,56716,0.767549,0.53,2,862550,862100,450
63524321,24.483,24.2182,449,56753,0.78102,0.57,2,862569,862120,449
63527241,15.7932,15.0873,450,56790,0.762408,0.59,2,862579,862129,450
63530161,15.3173,15.6349,449,56827,0.766963,0.55,2,862594,862145,449
63533081,9.72691,9.85397,449,56864,0.768785,0.55,2,862600,862151,449
63536001,5.09076,5.14159,449,56901,0.769514,0.57,2,862602,862153,449
63538921,8.03631,7.45663,450,56938,0.769806,0.63,2,862612,862162,450
63541841,25.4145,23.3827,453,56975,0.829922,0.61,2,862649,862196,453
63544761,28.1658,27.9531,452,57012,0.853969,0.69,2,862679,862227,452
63547681,32.8663,31.5812,454,57049,0.839588,0.67,2,862715,862261,454
63550601,33.5465,33.6325,453,57086,0.809835,0.69,2,862749,862296,453
63553521,33.8186,32.053,456,57123,0.797934,0.71,2,862783,862327,456
63556441,37.5274,36.2212,457,57160,0.829174,0.73,2,862823,862366,457
63559361,24.611,23.4885,458,57197,0.841669,0.75,2,862839,862381,458
63562281,33.2444,33.3954,457,57234,0.834668,0.77,2,862878,862421,457
63565201,34.8978,33.7582,459,57271,0.807867,0.79,2,862914,862455,459
63568121,25.3591,24.3033,460,57308,0.809147,0.79,2,862933,862473,460
63571041,19.7436,19.9213,459,57345,0.821659,0.75,2,862949,862490,459
63573961,18.6975,18.7685,459,57382,0.802664,0.77,2,862967,862508,459
63576881,33.279,32.7074,460,57419,0.831065,0.79,2,863010,862550,460
63579801,24.1116,24.483,459,57456,0.842426,0.75,2,863028,862569,459
63582721,15.6446,15.7932,459,57493,0.822971,0.77,2,863038,862579,459
63585641,15.8579,15.3173,460,57530,0.815188,0.77,2,863054,862594,460
63588561,9.94314,9.72691,460,57567,0.836075,0.77,2,863060,862600,460
63591481,5.17726,5.09076,460,57604,0.84443,0.77,2,863062,862602,460
63594401,8.0709,8.03631,460,57641,0.823772,0.77,2,863072,862612,460
63597321,26.6284,3.21452,499,57677,0.815509,0.87,2,863111,862612,499
63600241,28.6513,23.4858,492,57713,0.824204,0.87,2,863141,862649,492
63603161,31.8605,27.3943,496,57749,0.839681,0.83,2,863175,862679,496
63606081,33.1442,32.5577,494,57785,0.857873,0.79,2,863209,862715,494
63609001,32.4577,33.4231,492,57821,0.865149,0.79,2,863241,862749,492
63814861,379.798,411.272,463,26280,0.8068,1,2,865482,865019,463
63844061,198.119,206.509,470,27740,0.76072,1,2,865559,865089,470
63846981,101.448,92.8035,490,27816,0.766288,1,2,865596,865106,490
63849901,89.7791,65.9214,524,27892,0.792515,0.85,2,865678,865154,524
63852821,62.9116,74.3686,489,27968,0.791006,0.83,2,865723,865234,489
63855741,78.5647,84.3474,487,28044,0.814402,0.81,2,865812,865325,487
63858661,63.2259,69.139,481,28120,0.835761,0.67,2,865865,865384,481
63861581,69.0903,63.0556,495,28195,0.832304,0.71,2,865938,865443,495
63864501,46.2361,48.6222,487,28270,0.854922,0.73,2,865969,865482,487
63867421,32.8945,44.0489,470,28345,0.899969,0.71,2,865993,865523,470
64004661,67.0565,66.0311,530,31666,0.83944,1,2,868365,867835,530
64025101,55.9443,36.2069,550,32131,0.244546,1,1,868643,868093,550
64028021,66.7777,67.8828,535,32197,0.223818,0.94,1,868717,868182,535
64030941,53.1111,61.3531,522,32263,0.215527,0.88,1,868761,868239,522
64033861,59.6444,55.1412,535,32329,0.200211,0.79,1,868825,868290,535
64036781,40.6578,67.0565,488,32394,0.206084,0.63,1,868853,868365,488
64054301,14.2774,36.3607,435,32784,0.203594,0.19,1,869009,868574,435
64057221,43.511,55.9443,429,32849,0.219438,0.21,1,869072,868643,429
64060141,64.8044,66.7777,434,32913,0.201775,0.21,1,869151,868717,434
64063061,51.7218,53.1111,433,32977,0.21871,0.19,1,869194,868761,433
64065981,57.8887,59.6444,431,33041,0.225484,0.21,1,869256,868825,431
64068901,40.5555,40.6578,432,33105,0.252194,0.17,1,869285,868853,432
64071821,34.2222,35.4631,430,33169,0.238877,0.11,1,869315,868885,430
64074741,30.4889,31.5852,429,33233,0.281551,0.19,1,869343,868914,429
64077661,26.5956,25.8341,431,33297,0.29862,0.17,1,869367,868936,431
64089341,43.084,43.511,431,33550,0.400429,0.19,1,869503,869072,431
64138981,32.9715,34.5781,481,34606,0.769324,0.67,2,870230,869749,481
64141901,27.5886,31.2312,476,34667,0.78173,0.67,2,870254,869778,476
64144821,33.8354,26.8925,490,34728,0.798692,0.63,2,870292,869802,490
64147741,35.1342,33.557,488,34789,0.805477,0.63,2,870328,869840,488
64150661,15.2537,35.0228,454,34850,0.808191,0.63,2,870330,869876,454
64153581,46.9015,15.2091,520,34911,0.809276,0.67,2,870398,869878,520
64156501,69.1606,46.2836,537,34972,0.845711,0.69,2,870482,869945,537
64159421,52.8642,67.7135,497,35032,0.872284,0.67,2,870524,870027,497
64311261,33.095,34.185,510,38043,0.834736,1,2,872587,872077,510
64314181,33.638,33.474,511,38099,0.843894,1,2,872621,872110,511
64331701,59.5376,65.0911,531,38429,0.275169,1,1,872892,872361,531
64334621,44.215,60.8364,507,38484,0.224068,1,1,872926,872419,507
64337541,32.686,48.3346,492,38539,0.215627,0.94,1,872951,872459,492
64363821,28.6773,34.6099,436,39029,0.0929009,0.27,1,873196,872760,436
64366741,54.0709,55.844,437,39083,0.0671604,0.23,1,873267,872830,437
64387181,22.7284,25.0528,426,39461,0.239567,0.13,1,873468,873042,426
64390101,31.2914,31.0211,428,39515,0.245827,0.15,1,873505,873077,428
64393021,26.9165,29.2084,424,39568,0.260331,0.11,1,873529,873105,424
64404701,54.6267,54.0709,425,39780,0.424792,0.15,1,873692,873267,425
64471861,35.0101,29.4997,485,40985,0.773601,0.55,2,874450,873965,485
64474781,33.204,33.9999,480,41037,0.81944,0.55,2,874482,874002,480
64477701,27.6816,32.8,472,41088,0.849776,0.55,2,874506,874034,472
64480621,58.4726,27.52,527,41139,0.87391,0.59,2,874585,874058,527
64483541,61.1891,57.208,513,41190,0.895564,0.63,2,874648,874135,513
64489381,35.2302,45.9933,479,41292,0.88369,0.63,2,874712,874233,479
64492301,35.0921,33.9973,488,41343,0.863476,0.67,2,874747,874259,488
64495221,15.2368,33.9989,456,41394,0.85539,0.67,2,874749,874293,456
64498141,21.6947,14.7996,480,41445,0.852156,0.67,2,874775,874295,480
64501061,25.4779,21.5198,482,41496,0.862862,0.67,2,874803,874321,482
64503981,11.3912,25.4079,456,41547,0.867145,0.75,2,874805,874349,456
64506901,27.3565,30.5632,460,41598,0.868858,0.77,2,874843,874383,460
64509821,27.7426,29.0253,460,41649,0.893543,0.79,2,874871,874411,460
64512741,35.697,35.0101,462,41700,0.891417,0.85,2,874912,874450,462
64690861,79.2178,63.7383,527,20242,0.223792,0.99,1,877283,876756,527
64696701,66.9149,46.0781,533,20451,0.0874067,0.85,1,877392,876859,533
64705461,61.6906,88.869,491,20761,0.216554,0.31,1,877636,877145,491
64708381,69.0762,70.3476,507,20863,0.200622,0.11,1,877710,877203,507
64711301,42.6305,76.139,452,20965,0.242249,0.09,1,877735,877283,452
64714221,18.2522,49.0556,423,21066,0.258899,0.05,1,877737,877314,423
64717141,55.9009,66.4222,426,21167,0.27756,0.11,1,877818,877392,426
64725901,61.8497,61.659,432,21466,0.407764,0.19,1,878068,877636,432
64728821,70.3399,69.0636,434,21565,0.421106,0.27,1,878144,877710,434
64731741,44.3359,42.6254,436,21663,0.438442,0.27,1,878171,877735,436
64734661,18.9344,18.2502,436,21761,0.445377,0.29,1,878173,877737,436
64737581,56.1738,55.9001,436,21858,0.436151,0.35,1,878254,877818,436
64784301,86.1134,107.051,523,23362,0.835953,0.61,2,879360,878837,523
64883581,47.9962,64.3824,514,26270,0.888803,1,2,881366,880852,514
64886501,61.1985,54.5529,536,26351,0.757521,1,2,881436,880900,536
64921541,97.6626,100.901,452,27299,0.780532,0.57,2,882116,881664,452
64924461,57.065,57.1603,454,27377,0.786213,0.61,2,882146,881692,454
64927381,42.626,43.2641,453,27454,0.812485,0.63,2,882179,881726,453
64930301,53.0504,53.3056,453,27531,0.810994,0.65,2,882239,881786,453
64933221,47.6202,45.9223,456,27608,0.858398,0.65,2,882283,881827,456
64936141,20.2481,19.5689,456,27685,0.853359,0.69,2,882285,881829,456
64939061,45.2992,46.2276,454,27761,0.899344,0.67,2,882347,881893,454
65050021,39.238,39.1441,489,30523,0.890339,1,2,884278,883789,489
65052941,36.6952,34.2576,493,30592,0.818136,1,2,884313,883820,493
65058781,96.9512,98.7212,484,30730,0.429702,1,1,884484,884000,484
65067541,41.7009,49.4222,482,30937,0.0651809,1,1,884604,884122,482
65070461,50.2804,50.9689,486,31005,0.0440724,1,1,884660,884174,486
65073381,35.1121,38.9875,480,31073,0.0956289,0.92,1,884685,884205,480
65076301,26.6449,33.595,471,31141,0.0922516,0.85,1,884706,884235,471
65079221,29.8579,39.238,460,31209,0.0669006,0.77,1,884738,884278,460
65082141,31.1432,36.6952,457,31277,0.0447602,0.77,1,884770,884313,457
65085061,28.6573,14.6781,484,31345,0.0359041,0.67,1,884797,884313,484
65087981,80.4629,25.0712,567,31413,0.0923616,0.23,1,884912,884345,567
65093821,45.2741,64.9714,460,31547,0.0879779,0.07,1,884990,884530,460
65096741,39.1096,48.1886,458,31614,0.0771911,0.03,1,885025,884567,458
65099661,51.6438,41.4754,481,31681,0.0368765,0.03,1,885085,884604,481
65102581,36.2575,50.1902,451,31748,0.0687506,0.13,1,885111,884660,451
65108421,28.3612,26.6304,454,31881,0.0962001,0.05,1,885160,884706,454
65120101,55.8108,80.4625,463,32145,0.208335,0.13,1,885375,884912,463
65123021,45.1243,56.185,461,32211,0.257334,0.07,1,885413,884952,461
65152221,37.0208,55.8108,433,32862,0.211245,0.29,1,885808,885375,433
65158061,33.1633,37.8497,432,32990,0.217399,0.09,1,885878,885446,432
65160981,44.4653,51.1399,424,33054,0.22496,0.11,1,885930,885506,424
65163901,36.3861,37.256,427,33118,0.239984,0.13,1,885961,885534,427
65166821,27.7545,27.5024,428,33182,0.257994,0.13,1,885983,885555,428
65169741,29.1018,29.001,428,33246,0.265197,0.15,1,886013,885585,428
65172661,32.6407,32.0004,429,33310,0.256079,0.15,1,886048,885619,429
65175581,27.4563,27.2002,429,33373,0.264432,0.19,1,886072,885643,429
65187261,39.4917,39.4083,431,33625,0.428545,0.23,1,886280,885849,431
65198941,28.9326,27.7545,435,33877,0.428139,0.27,1,886418,885983,435
65201861,29.573,29.1018,435,33939,0.441256,0.25,1,886448,886013,435
65204781,32.8292,32.6407,435,34001,0.446502,0.27,1,886483,886048,435
65207701,27.5317,27.4563,435,34063,0.448601,0.39,1,886507,886072,435
65210621,89.6127,87.1825,439,34125,0.42544,0.35,1,886638,886199,439
65213541,37.0451,36.073,439,34187,0.416176,0.43,1,886640,886201,439
65216461,38.818,37.2292,441,34249,0.41247,0.43,1,886680,886239,441
65219381,41.3272,14.8917,484,34311,0.410988,0.45,1,886723,886239,484
65222301,33.3309,30.5567,471,34373,0.410395,0.47,1,886751,886280,471
65225221,45.1324,29.6227,495,34435,0.446158,0.47,1,886804,886309,495
65260261,38.0448,45.1323,476,35164,0.760852,0.47,2,887280,886804,476
65263181,28.4179,37.2529,466,35224,0.766341,0.45,2,887302,886836,466
65266101,29.3672,28.7012,473,35284,0.780536,0.45,2,887332,886859,473
65269021,33.9469,29.4805,480,35344,0.822215,0.47,2,887369,886889,480
65271941,28.5787,32.7922,470,35404,0.850886,0.51,2,887394,886924,470
65274861,91.8315,27.5169,580,35464,0.898354,0.59,2,887528,886948,580
65482181,329.592,352.77,478,17520,0.405232,0.63,1,890231,889753,478
65490941,97.0059,99.8092,465,17881,0.0456148,0.05,1,890523,890058,465
65493861,89.8024,87.3237,471,18000,0.0242459,0.05,1,890608,890137,471
65496781,48.5209,72.7295,429,18118,0.0276984,0.03,1,890629,890200,429
65499701,34.4084,36.8918,441,18235,0.0530794,0.03,1,890654,890213,441
65502621,102.563,113.757,424,18351,0.0632317,0.07,1,890802,890378,424
65505541,83.6253,87.5027,425,18467,0.0672927,0,1,890873,890448,425
65508461,77.2501,80.0011,423,18582,0.0329171,0.01,1,890946,890523,423
65511381,82.5001,83.0004,424,18696,0.0431668,0.03,1,891032,890608,424
65514301,46.2,45.8002,425,18810,0.0232667,0.07,1,891054,890629,425
65517221,32.28,33.3201,423,18923,0.0513067,0.07,1,891077,890654,423
65520141,103.512,102.128,426,19035,0.0385227,0.07,1,891228,890802,426
65523061,84.0048,83.4512,426,19146,0.0814091,0.01,1,891299,890873,426
65525981,75.6019,77.1805,423,19257,0.0625636,0.05,1,891369,890946,423
65528901,81.2408,82.4722,422,19367,0.0250254,0.01,1,891454,891032,422
65531821,45.6963,46.1889,422,19477,0.0400102,0.07,1,891476,891054,422
65534741,32.6785,32.2755,423,19586,0.0220041,0.07,1,891500,891077,423
65537661,103.071,12.9102,573,19694,0.0268016,0.03,1,891650,891077,573
65555181,103.59,32.5992,572,20332,0.085329,0.03,1,892072,891500,572
65561021,78.7344,85.0159,500,20540,0.0988526,0.21,1,892223,891723,500
65581461,56.8852,78.7343,427,21252,0.217769,0.15,1,892650,892223,427
65584381,71.3541,78.8937,429,21352,0.297108,0.15,1,892731,892302,429
65596061,91.7835,90.0325,432,21746,0.405766,0.21,1,893010,892578,432
65598981,37.9134,37.213,432,21844,0.432306,0.23,1,893012,892580,432
65601901,56.5654,56.8852,431,21941,0.418923,0.35,1,893081,892650,431
65634021,105.416,30.4698,604,22982,0.80789,0.61,2,893817,893213,604
65636941,93.7666,103.988,537,23074,0.845156,0.65,2,893903,893366,537
65639861,38.7066,93.1952,453,23166,0.872062,0.61,2,893905,893452,453
65642781,57.4827,38.4781,521,23258,0.882825,0.65,2,893975,893454,521
65645701,82.9931,56.1912,553,23349,0.87513,0.77,2,894075,893522,553
65648621,46.3972,78.8765,481,23440,0.896052,0.75,2,894097,893616,481
65742061,32.5441,48.2943,499,26176,0.89464,1,2,896019,895520,499
65744981,32.8176,34.9177,506,26257,0.843856,1,2,896052,895546,506
65753741,67.3803,100.131,509,26498,0.444967,1,1,896312,895803,509
65771261,12.9576,32.8176,459,26974,0.290454,0.61,1,896511,896052,459
65774181,60.983,73.1271,452,27053,0.278182,0.51,1,896604,896152,452
65780021,61.4773,67.3803,440,27209,0.400909,0.37,1,896752,896312,440
65809221,38.8038,38.3909,443,27978,0.773924,0.47,2,897218,896775,443
65812141,76.7215,74.7564,446,28054,0.75957,0.57,2,897320,896874,446
65829661,94.75,58.9236,567,28503,0.754179,0.75,2,897608,897041,567
65832581,65.5,88.3694,505,28577,0.799671,0.79,2,897654,897149,505
65835501,39.4,63.5478,480,28651,0.817869,0.79,2,897676,897196,480
65838421,75.76,38.6191,558,28725,0.837147,0.75,2,897776,897218,558
65841341,47.104,76.6476,484,28799,0.856859,0.73,2,897804,897320,484
65844261,30.2416,48.0591,474,28873,0.852744,0.69,2,897823,897349,474
65847181,27.6966,31.2236,480,28946,0.851097,0.71,2,897849,897369,480
65850101,12.2787,28.0894,456,29019,0.850439,0.67,2,897851,897395,456
65853021,62.5115,12.4358,550,29092,0.898176,0.71,2,897947,897397,550
65955221,43.7355,65.3055,514,31539,0.871293,1,2,899703,899189,514
65958141,34.2942,50.7222,501,31606,0.858517,1,2,899731,899230,501
65969821,87.3403,42.3865,585,31874,0.290346,1,1,899958,899373,585
65981501,52.1127,36.3459,534,32138,0.0898489,0.84,1,900133,899599,534
65984421,40.6451,55.3384,499,32204,0.0539395,0.85,1,900166,899667,499
65987341,29.458,43.7353,485,32270,0.0395758,0.85,1,900188,899703,485
65990261,34.5832,34.2941,495,32336,0.0338303,0.67,1,900226,899731,495
65993181,28.8333,38.3177,479,32401,0.0435321,0.59,1,900251,899772,479
65996101,29.5333,32.1271,481,32466,0.0714128,0.55,1,900281,899800,481
65999021,74.8133,33.8508,551,32531,0.0705651,0.09,1,900386,899835,551
66001941,62.3253,87.3403,482,32596,0.0942261,0.09,1,900440,899958,482
66022381,34.5139,34.5832,424,33048,0.253301,0.05,1,900650,900226,424
66025301,27.6055,28.8333,422,33112,0.26332,0.09,1,900673,900251,422
66028221,31.4422,29.5333,426,33176,0.291328,0.07,1,900707,900281,426
66039901,34.6353,34.2121,429,33431,0.406482,0.15,1,900922,900493,429
66045741,42.6217,43.1539,428,33557,0.416637,0.21,1,900985,900557,428
66048661,38.0487,36.4616,431,33620,0.436655,0.21,1,901020,900589,431
66127501,77.9349,32.0385,556,35279,0.773621,0.59,2,902146,901590,556
66130421,64.774,76.4154,506,35339,0.807449,0.61,2,902202,901696,506
66133341,39.1096,64.7662,471,35399,0.820979,0.57,2,902224,901753,471
66136261,36.0438,39.1065,483,35459,0.850392,0.61,2,902258,901775,483
66139181,15.6175,34.8426,453,35519,0.862157,0.61,2,902260,901807,453
66142101,43.447,15.137,513,35579,0.890863,0.63,2,902322,901809,513
66261821,23.6048,24.3025,510,37938,0.879242,1,2,903898,903388,510
66267661,74.3368,27.6484,588,38050,0.878679,1,2,904033,903445,588
66270581,62.1347,80.0594,527,38106,0.861471,1,2,904087,903560,527
66273501,44.0539,63.8237,506,38161,0.878589,1,2,904119,903613,506
66279341,33.8086,38.7718,506,38271,0.888174,1,2,904184,903678,506
66282261,29.1234,34.1087,501,38326,0.86527,1,2,904210,903709,501
66285181,45.8494,29.8435,531,38381,0.880108,0.96,2,904267,903736,531
66553821,33.7853,35.3872,521,43149,0.875248,1,2,907576,907055,521
66574261,35.4696,35.9244,529,43492,0.0957932,1,1,907832,907303,529
66577181,33.3878,31.1698,533,43541,0.0383173,1,1,907864,907331,533
66580101,28.9551,30.4679,529,43589,0.0453269,1,1,907890,907361,529
66583021,27.1821,33.1872,520,43637,0.0481308,1,1,907916,907396,520
66585941,25.2728,33.6749,510,43685,0.0492523,0.97,1,907940,907430,510
66588861,31.7091,33.2699,513,43733,0.0857009,1,1,907976,907463,513
66591781,35.4837,40.908,505,43781,0.0522804,0.96,1,908014,907509,505
66594701,28.5935,37.9632,493,43829,0.0629122,0.81,1,908038,907545,493
66597621,26.4374,33.7853,487,43877,0.0671649,0.63,1,908063,907576,487
66620981,28.4689,33.3878,448,44261,0.0929002,0.05,1,908312,907864,448
66623901,26.9876,28.9551,448,44309,0.0551601,0.05,1,908338,907890,448
66626821,25.795,27.1821,447,44357,0.028064,0.05,1,908363,907916,447
66629741,32.518,25.2728,460,44405,0.0532256,0.11,1,908400,907940,460
66632661,35.8072,31.7091,462,44453,0.0752902,0.03,1,908438,907976,462
66635581,15.5229,35.4837,426,44500,0.0841161,0.07,1,908440,908014,426
66638501,20.0092,28.5935,425,44547,0.0876464,0.07,1,908463,908038,425
66658941,31.9644,33.1809,427,44876,0.201101,0.13,1,908683,908256,427
66661861,29.5858,30.6723,426,44923,0.23044,0.07,1,908711,908285,426
66664781,27.4343,28.4689,425,44970,0.242176,0.03,1,908737,908312,425
66667701,27.1737,26.9876,426,45017,0.24687,0.01,1,908764,908338,426
66670621,24.6695,25.795,424,45064,0.212748,0.07,1,908787,908363,424
66673541,31.4678,32.518,423,45111,0.223099,0.09,1,908823,908400,423
66676461,37.1871,35.8072,426,45158,0.21524,0.09,1,908864,908438,426
66679381,16.0748,15.5229,426,45205,0.236096,0.09,1,908866,908440,426
66682301,20.2299,20.0092,426,45252,0.244438,0.13,1,908889,908463,426
66685221,24.292,24.2037,426,45299,0.271775,0.17,1,908916,908490,426
66696901,32.0427,31.0276,431,45485,0.402717,0.19,1,909048,908617,431
66699821,33.8171,33.411,431,45531,0.419087,0.21,1,909083,908652,431
66702741,32.7268,31.9644,432,45577,0.449635,0.25,1,909115,908683,432
66737781,32.7849,29.9899,473,46129,0.442383,0.37,1,909456,908983,473
66813701,22.9954,16.5081,474,47304,0.759602,0.59,2,910216,909742,474
66816621,27.1982,22.2032,478,47349,0.801841,0.57,2,910246,909768,478
66819541,34.8793,25.6813,490,47394,0.806736,0.59,2,910286,909796,490
66822461,15.1517,34.2725,452,47438,0.808695,0.61,2,910288,909836,452
66825381,24.0607,31.709,452,47482,0.845478,0.65,2,910318,909866,452
66828301,30.0243,33.0836,452,47526,0.860191,0.61,2,910352,909900,452
66831221,31.2097,32.4334,452,47570,0.842076,0.63,2,910384,909932,452
66834141,36.4839,35.7734,454,47614,0.870831,0.67,2,910424,909970,454
67127601,321.934,361.58,463,23360,0.433335,0.77,1,913377,912914,463
67130521,180.973,184.232,484,24178,0.215334,0.61,1,913464,912980,484
67136361,74.9158,80.8371,478,24353,0.0644535,0.37,1,913582,913104,478
67139281,63.5663,70.1348,471,24440,0.0557814,0.29,1,913638,913167,471
67142201,48.8265,58.0539,460,24527,0.0763125,0.21,1,913677,913217,460
67145121,64.5306,58.6216,476,24613,0.084525,0.07,1,913752,913276,476
67148041,34.2122,54.6486,438,24699,0.08781,0.07,1,913766,913328,438
67153881,65.474,78.8238,423,24871,0.21205,0.05,1,913887,913464,423
67156801,68.1896,72.9295,424,24956,0.25882,0.03,1,913957,913533,424
67159721,56.0758,58.5718,423,25041,0.253528,0.05,1,914005,913582,423
67162641,56.6303,57.0287,424,25126,0.263411,0.09,1,914062,913638,424
67180161,69.4215,57.1228,503,25627,0.444436,0.29,1,914390,913887,503
67206441,59.0345,69.4193,495,26362,0.765215,0.47,2,914885,914390,495
67209361,59.6138,57.1677,506,26442,0.804086,0.55,2,914945,914439,506
67212281,49.0455,57.0671,491,26522,0.831634,0.55,2,914987,914496,491
67215201,67.6182,48.6268,528,26602,0.830654,0.61,2,915067,914539,528
67218121,35.4473,65.6507,465,26682,0.842261,0.61,2,915081,914616,465
67221041,36.9789,34.6603,489,26761,0.846905,0.61,2,915119,914630,489
67223961,71.1916,36.6641,545,26840,0.824762,0.63,2,915213,914668,545
67226881,29.6766,70.4656,454,26919,0.815905,0.75,2,915215,914761,454
67229801,59.2707,72.5863,459,26998,0.860362,0.81,2,915294,914835,459
67232721,55.5083,59.0345,462,27076,0.842145,0.83,2,915347,914885,462
67235641,58.8033,59.6138,463,27154,0.846858,0.85,2,915408,914945,463
67238561,49.3213,49.0455,464,27232,0.872743,0.83,2,915451,914987,464
67241481,67.7285,67.6182,464,27310,0.859097,0.85,2,915531,915067,464
67244401,35.4914,35.4473,464,27388,0.865639,0.85,2,915545,915081,464
67247321,36.9966,36.9789,464,27465,0.868256,0.81,2,915583,915119,464
67349521,64.6104,63.5689,496,30045,0.848752,1,2,917430,916934,496
67364121,40.3643,43.825,483,30395,0.287888,1,1,917651,917168,483
67372881,30.9753,35.5648,469,30603,0.0609048,0.93,1,917775,917306,469
67375801,37.5901,40.0259,468,30672,0.0423619,0.79,1,917817,917349,468
67384561,36.0538,40.8177,447,30879,0.0903112,0.35,1,917950,917503,447
67399161,50.7836,54.9383,424,31220,0.219181,0.03,1,918184,917760,424
67402081,28.1134,30.9753,422,31288,0.225672,0.03,1,918197,917775,422
67410841,43.6313,52.8624,459,31490,0.201403,0.13,1,918344,917885,459
67413761,35.4525,40.945,456,31557,0.242561,0.07,1,918374,917918,456
67416681,60.381,35.578,501,31624,0.295024,0.15,1,918451,917950,501
67434201,34.0197,28.1115,468,32023,0.404967,0.11,1,918665,918197,468
67437121,58.6079,36.4446,501,32089,0.419987,0.21,1,918740,918239,501
67498441,60.527,59.8735,450,33446,0.763141,0.55,2,919633,919183,450
67501361,25.4108,25.1494,450,33509,0.779256,0.63,2,919635,919185,450
67504281,34.1643,33.4598,451,33572,0.809703,0.63,2,919675,919224,451
67507201,33.4657,33.1839,451,33635,0.821881,0.67,2,919708,919257,451
67510121,62.5863,61.2736,453,33698,0.850752,0.63,2,919790,919337,453
67513041,43.0345,42.5094,453,33761,0.838301,0.67,2,919820,919367,453
67515961,38.8138,37.4038,455,33824,0.85732,0.73,2,919856,919401,455
67518881,40.1255,38.9615,456,33887,0.852928,0.75,2,919897,919441,456
67521801,55.0502,53.9846,457,33949,0.863171,0.75,2,919962,919505,457
67524721,29.2201,28.7938,457,34011,0.891269,0.71,2,919974,919517,457
67527641,35.088,34.3175,458,34073,0.890507,0.79,2,920013,919555,458
67659041,40.8057,39.682,487,36762,0.8764,1,2,921892,921405,487
67661961,42.1223,42.8728,485,36819,0.78856,1,2,921935,921450,485
67673641,40.1215,35.0911,495,37047,0.280683,1,1,922105,921610,495
67682401,34.4398,16.3098,523,37218,0.0964437,1,1,922209,921686,523
67685321,29.9759,31.1239,509,37275,0.0805775,1,1,922236,921727,509
67688241,32.3904,34.0496,507,37332,0.062231,1,1,922270,921763,507
67691161,47.1561,29.2198,538,37389,0.0548924,0.91,1,922327,921789,538
67694081,35.0625,54.8879,493,37446,0.063957,0.83,1,922354,921861,493
67699921,43.65,42.0221,501,37558,0.0954331,0.49,1,922436,921935,501
67720361,28.3158,34.4396,449,37950,0.0967888,0.07,1,922658,922209,449
67723281,32.3263,29.9758,457,38006,0.0807155,0.05,1,922693,922236,457
67732041,34.3969,35.0625,459,38173,0.213726,0.13,1,922813,922354,459
67737881,37.4235,43.65,459,38283,0.229796,0.13,1,922895,922436,459
67740801,31.7694,36.66,455,38338,0.217918,0.09,1,922923,922468,455
67743721,35.5078,31.464,465,38393,0.273167,0.15,1,922961,922496,465
67746641,31.6031,33.5856,459,38448,0.259267,0.19,1,922990,922531,459
67749561,34.2412,31.4342,465,38503,0.277707,0.11,1,923026,922561,465
67752481,33.4965,35.9737,459,38558,0.273083,0.09,1,923059,922600,459
67755401,25.9986,34.7895,446,38613,0.295233,0.09,1,923080,922634,446
67758321,11.5994,28.3158,424,38668,0.280093,0.07,1,923082,922658,424
67761241,27.4398,32.3263,427,38723,0.298037,0.21,1,923120,922693,427
67770001,33.3881,34.3969,431,38886,0.294354,0.19,1,923244,922813,431
67787521,34.3888,34.2412,436,39210,0.439474,0.27,1,923462,923026,436
67790441,32.9555,33.4965,435,39264,0.43379,0.31,1,923494,923059,435
67866361,33.6228,36.1537,482,40638,0.796272,0.63,2,924387,923905,482
67869281,26.6491,33.6615,472,40690,0.816509,0.63,2,924409,923937,472
67872201,11.8596,26.6646,452,40742,0.824603,0.63,2,924411,923959,452
67875121,28.1439,11.8658,489,40794,0.827841,0.59,2,924450,923961,489
67878041,51.4575,28.1463,517,40846,0.841137,0.63,2,924517,924000,517
67880961,41.583,50.2585,487,40898,0.870455,0.67,2,924552,924065,487
68041561,32.5401,42.7927,510,43646,0.8872,1,2,926441,925931,510
68056161,32.6823,43.1505,500,43886,0.849843,1,2,926601,926101,500
68062001,37.7492,38.2241,511,43982,0.765975,1,2,926681,926170,511
68091201,24.0697,33.2864,486,44461,0.4138,0.91,1,926996,926510,486
68097041,25.3311,32.2058,465,44555,0.449008,0.81,1,927033,926568,465
68099961,28.1325,32.6823,462,44602,0.437603,0.65,1,927063,926601,462
68164201,27.7413,27.8791,447,45630,0.75761,0.55,2,927737,927290,447
68172961,35.1594,34.9283,448,45768,0.772567,0.55,2,927844,927396,448
68175881,28.4638,27.7713,449,45814,0.783027,0.53,2,927868,927419,449
68178801,22.1855,22.5085,448,45860,0.787211,0.53,2,927886,927438,448
68181721,10.0742,10.2034,448,45906,0.764884,0.53,2,927888,927440,448
68184641,26.8297,4.08136,486,45952,0.755954,0.59,2,927926,927440,486
68187561,29.3319,23.2325,481,45998,0.776381,0.59,2,927957,927476,481
68190481,36.9327,27.293,493,46044,0.784553,0.67,2,927999,927506,493
68193401,36.3731,35.5172,488,46090,0.799821,0.65,2,928035,927547,488
68196321,33.1492,35.2069,484,46136,0.805928,0.71,2,928066,927582,484
68199241,36.6597,32.0828,493,46182,0.844371,0.73,2,928105,927612,493
68202161,36.2639,34.4331,493,46228,0.871749,0.73,2,928141,927648,493
68205081,30.1056,35.3732,483,46274,0.882699,0.75,2,928167,927684,483
68424081,33.5866,28.05,530,49575,0.89393,1,2,930455,929925,530
68438681,32.5462,31.4296,512,49785,0.823762,1,2,930591,930079,512
68441601,33.4185,32.9719,512,49827,0.779505,1,2,930625,930113,512
68593441,30.9477,31.4763,480,51982,0.752361,0.59,2,932010,931530,480
68596361,33.3791,30.5905,485,52023,0.774944,0.63,2,932045,931560,485
68599281,37.3516,33.2362,490,52063,0.771978,0.61,2,932085,931595,490
68602201,23.3407,37.2945,464,52103,0.770791,0.61,2,932099,931635,464
68605121,29.1363,22.7178,484,52143,0.806316,0.59,2,932132,931648,484
68608041,35.6545,29.4871,490,52183,0.832527,0.61,2,932172,931682,490
68610961,27.4618,35.1948,473,52223,0.855011,0.63,2,932194,931721,473
68613881,19.3847,26.6779,466,52263,0.876004,0.63,2,932208,931742,466
68616801,26.9539,19.0712,484,52303,0.884402,0.63,2,932240,931756,484
68619721,29.3816,26.8285,483,52343,0.899761,0.67,2,932271,931788,483
68841641,187.526,213.294,460,24820,0.204321,0.71,1,934821,934361,460
68891281,60.1937,58.9868,471,25716,0.0790766,0.39,1,934954,934483,471
68894201,55.2775,54.7947,471,25798,0.0736306,0.21,1,935006,934535,471
68897121,65.911,64.5179,473,25880,0.0954522,0.05,1,935079,934606,473
68900041,39.5644,61.8072,435,25962,0.0681809,0.05,1,935101,934666,435
68902961,30.8258,37.9229,438,26044,0.0332724,0.11,1,935126,934688,438
68905881,50.1303,35.5691,467,26125,0.0553089,0.03,1,935189,934722,467
68908801,53.0521,56.2277,452,26206,0.0641236,0.15,1,935244,934792,452
68920481,66.1533,53.0298,497,26528,0.205498,0.11,1,935503,935006,497
68923401,40.8613,65.0119,448,26608,0.220199,0.05,1,935527,935079,448
68926321,29.5445,39.2048,448,26688,0.20208,0.01,1,935549,935101,448
68940921,60.3064,63.2047,433,27082,0.235128,0.21,1,935812,935379,433
68943841,54.1226,55.8819,432,27160,0.256051,0.21,1,935862,935430,432
68946761,66.049,66.1527,433,27238,0.276421,0.23,1,935936,935503,433
68949681,40.8196,40.8611,433,27316,0.284568,0.19,1,935960,935527,433
68952601,28.3278,29.5444,431,27394,0.287827,0.17,1,935980,935549,431
68973041,66.479,66.049,434,27930,0.428043,0.29,1,936370,935936,434
69008081,51.727,28.0604,511,28827,0.751948,0.47,2,936925,936414,511
69011001,56.0908,50.8241,504,28900,0.762779,0.53,2,936984,936480,504
69013921,23.6363,54.5297,449,28973,0.767112,0.53,2,936986,936537,449
69016841,55.6545,23.0119,524,29046,0.792845,0.61,2,937063,936539,524
69019761,67.2618,54.2047,524,29119,0.839138,0.65,2,937138,936614,524
69022681,58.7047,63.6819,507,29192,0.845655,0.67,2,937191,936684,507
69025601,71.4819,57.2728,534,29265,0.884262,0.73,2,937271,936737,534
69171601,60.3958,36.6744,547,32684,0.81496,1,2,939633,939086,547
69186201,35.7429,38.3695,486,33006,0.294723,1,1,939792,939306,486
69192041,51.3189,50.8991,482,33134,0.0543556,0.9,1,939892,939410,482
69194961,60.7275,66.5596,472,33198,0.0277423,1,1,939959,939487,472
69197881,45.291,48.2239,471,33262,0.0770969,0.87,1,939994,939523,471
69200801,36.7164,41.4895,465,33326,0.0308388,0.75,1,940025,939560,465
69203721,53.6866,60.3958,457,33389,0.0183355,0.61,1,940090,939633,457
69206641,37.0746,43.9583,450,33452,0.0073342,0.57,1,940116,939666,450
69209561,29.2298,31.9833,450,33515,0.0329337,0.47,1,940140,939690,450
69212481,23.6919,28.3933,444,33578,0.0671735,0.25,1,940160,939716,444
69215401,30.4768,35.3573,439,33641,0.0688694,0.25,1,940195,939756,439
69218321,30.7907,35.7429,434,33704,0.0935478,0.03,1,940226,939792,434
69221241,29.1163,38.2972,422,33767,0.0794191,0,1,940254,939832,422
69224161,48.8465,51.3189,424,33830,0.0377676,0.01,1,940316,939892,424
69227081,59.1386,60.7275,423,33893,0.0451071,0.11,1,940382,939959,423
69230001,45.2554,45.291,424,33955,0.0600428,0,1,940418,939994,424
69232921,35.5022,36.7164,422,34017,0.0420171,0.01,1,940447,940025,422
69235841,53.2009,53.6866,422,34079,0.0228069,0,1,940512,940090,422
69238761,36.8803,37.0746,422,34141,0.0151227,0.05,1,940538,940116,422
69241681,29.7521,29.2298,423,34203,0.0240491,0.09,1,940563,940140,423
69244601,23.3009,23.6919,422,34265,0.0276196,0.09,1,940582,940160,422
69247521,30.3203,9.47678,457,34327,0.0530479,0.07,1,940617,940160,457
69259201,60.0082,48.4826,489,34572,0.082526,0.05,1,940805,940316,489
69262121,46.8033,58.993,461,34633,0.0870104,0.07,1,940843,940382,461
69265041,33.7213,45.1972,450,34694,0.0888042,0.03,1,940868,940418,450
69267961,52.4885,35.4789,486,34755,0.0895217,0.01,1,940933,940447,486
69270881,36.5954,53.1916,447,34816,0.0778087,0.01,1,940959,940512,447
69273801,29.6382,36.8766,446,34877,0.0371235,0.03,1,940984,940538,446
69276721,24.4553,29.7506,442,34938,0.0208494,0.03,1,941005,940563,442
69279641,32.5821,23.3003,461,34999,0.0383398,0.07,1,941043,940582,461
69282561,35.8328,30.3201,464,35059,0.0573359,0.17,1,941081,940617,464
69285481,27.5331,33.128,451,35119,0.0769344,0.19,1,941103,940652,451
69288401,45.8133,27.0512,486,35179,0.0847737,0.11,1,941161,940675,486
69291321,58.5253,48.0205,491,35239,0.0879095,0.05,1,941228,940737,491
69323441,45.3484,45.8133,427,35893,0.209072,0.09,1,941588,941161,427
69326361,57.7394,58.5253,426,35952,0.209629,0.15,1,941654,941228,426
69329281,48.8958,47.4101,429,36011,0.221851,0.15,1,941697,941268,429
69332201,33.3583,32.764,429,36070,0.214741,0.17,1,941720,941291,429
69335121,54.1433,52.7056,431,36129,0.247896,0.19,1,941788,941357,431
69338041,36.0573,35.4822,431,36187,0.285158,0.19,1,941812,941381,431
69340961,29.4229,29.1929,431,36245,0.288063,0.21,1,941837,941406,431
69343881,23.7692,24.2772,430,36303,0.289225,0.15,1,941857,941427,430
69346801,32.9077,33.1109,430,36361,0.28969,0.15,1,941896,941466,430
69349721,14.3631,14.4443,430,36419,0.289876,0.21,1,941898,941468,430
69370161,55.8437,54.1433,435,36824,0.434114,0.31,1,942223,941788,435
69373081,36.7375,36.0573,435,36881,0.443646,0.29,1,942247,941812,435
69431481,62.588,46.5178,522,38011,0.771915,0.65,2,942978,942456,522
69434401,52.0352,60.0071,498,38067,0.794766,0.67,2,943023,942525,498
69437321,35.2141,50.4029,478,38122,0.803907,0.69,2,943047,942569,478
69440241,58.4856,33.9611,529,38177,0.855563,0.73,2,943121,942592,529
69443161,38.3943,57.9845,480,38232,0.876225,0.71,2,943146,942666,480
69446081,29.7577,37.5938,480,38287,0.88449,0.71,2,943170,942690,480
69449001,23.9031,29.4375,476,38342,0.899796,0.71,2,943190,942714,476
69612521,33.5913,33.1463,519,41312,0.879453,1,2,945216,944697,519
69615441,38.6365,28.2585,536,41363,0.789781,1,2,945258,944722,536
69632961,39.4493,56.0672,486,41669,0.257729,1,1,945484,944998,486
69638801,34.5119,36.9308,490,41771,0.210437,0.98,1,945558,945068,490
69679681,35.1827,34.5119,430,42472,0.209544,0.15,1,945988,945558,430
69682601,23.6731,24.6048,428,42522,0.233818,0.13,1,946004,945576,428
69685521,23.2692,24.8419,426,42572,0.255527,0.13,1,946027,945601,426
69688441,23.7077,21.9368,430,42622,0.264211,0.11,1,946051,945621,430
69691361,22.6831,24.9747,425,42672,0.255684,0.13,1,946073,945648,425
69694281,28.2732,28.5899,426,42721,0.252274,0.09,1,946105,945679,426
69697201,33.5093,33.036,427,42770,0.286909,0.13,1,946142,945715,427
69717641,37.4366,28.1967,468,43113,0.412052,0.19,1,946384,945916,468
69720561,35.3746,34.0787,464,43162,0.446821,0.23,1,946418,945954,464
69793561,33.171,33.892,482,44369,0.755615,0.59,2,947197,946715,482
69796481,36.6684,32.7568,489,44417,0.752246,0.61,2,947236,946747,489
69811081,22.9854,25.0679,453,44652,0.782433,0.63,2,947358,946905,453
69814001,24.7942,25.6272,453,44699,0.786973,0.63,2,947384,946931,453
69816921,23.1177,23.4509,453,44746,0.812789,0.65,2,947406,946953,453
69819841,29.6471,28.5803,455,44793,0.799116,0.67,2,947440,946985,455
69822761,34.6588,34.2321,455,44840,0.829646,0.67,2,947478,947023,455
69825681,31.2635,30.4929,456,44887,0.829859,0.69,2,947507,947051,456
69828601,40.1054,39.7971,456,44934,0.853943,0.73,2,947553,947097,456
70043221,322.31,343.122,490,21900,0.86056,0.94,2,949856,949366,490
70046141,179.924,187.049,492,21997,0.806224,0.89,2,949941,949449,492
70049061,124.77,119.82,505,22093,0.78449,0.85,2,950029,949524,505
70051981,92.5079,94.7278,498,22189,0.799796,0.83,2,950100,949602,498
70054901,73.0031,87.6911,475,22285,0.817918,0.83,2,950160,949685,475
70057821,67.6013,64.4765,490,22380,0.861167,0.79,2,950224,949734,490
70060741,52.2405,58.7906,477,22475,0.878467,0.81,2,950266,949789,477
70171701,51.6414,55.127,525,25818,0.883108,1,2,952642,952117,525
70174621,53.6566,59.2508,518,25900,0.767243,1,2,952697,952179,518
70180461,65.825,72.9601,528,26064,0.443159,0.92,1,952835,952307,528
70186301,64.772,58.5936,536,26226,0.220905,1,1,952950,952414,536
70192141,59.9235,57.255,534,26388,0.0773449,0.94,1,953068,952534,534
70195061,45.5694,60.102,508,26468,0.0969379,0.83,1,953104,952596,508
70215501,41.9565,61.3088,422,27024,0.212428,0.05,1,953431,953009,422
70218421,53.3826,59.9235,424,27102,0.222971,0.11,1,953492,953068,424
70221341,44.753,45.5694,427,27180,0.227189,0.15,1,953531,953104,427
70224261,45.5012,45.8278,427,27258,0.228875,0.15,1,953577,953150,427
70227181,57.2005,56.1311,429,27336,0.26555,0.17,1,953642,953213,429
70230101,60.0802,59.0524,430,27413,0.28022,0.17,1,953704,953274,430
70244701,52.9515,53.3826,429,27797,0.435378,0.23,1,953921,953492,429
70308941,64.109,60.4065,513,29427,0.752155,0.57,2,955036,954523,513
70311861,49.0436,62.5626,488,29499,0.762862,0.57,2,955075,954587,488
70314781,59.2174,47.825,516,29571,0.803145,0.59,2,955141,954625,516
70317701,24.887,59.93,450,29643,0.819258,0.55,2,955143,954693,450
70320621,41.7548,25.172,501,29714,0.849703,0.57,2,955196,954695,501
70323541,55.1019,41.2688,513,29785,0.873881,0.55,2,955260,954747,513
70326461,23.2408,55.5075,450,29856,0.883552,0.61,2,955262,954812,450
70332301,42.5985,46.6812,453,29998,0.898568,0.75,2,955352,954899,453
70495821,57.1,67.7138,474,33720,0.898,1,2,958012,957538,474
70504581,39.1504,43.6937,496,33908,0.407632,1,1,958153,957657,496
70510421,36.7441,33.871,508,34032,0.0676211,1,1,958232,957724,508
70513341,34.4976,36.9484,502,34094,0.0270484,1,1,958265,957763,502
70516261,36.5991,38.7794,500,34156,0.0108194,1,1,958303,957803,500
70519181,35.0396,35.3117,501,34218,0.0583277,1,1,958337,957836,501
70522101,38.0158,14.1247,541,34280,0.0233311,1,1,958377,957836,541
70525021,41.0063,41.6499,524,34342,0.0153324,1,1,958420,957896,524
70527941,50.0025,50.86,523,34404,0.024133,0.83,1,958476,957953,523
70530861,50.601,55.744,515,34465,0.0276532,0.51,1,958527,958012,515
70533781,40.0404,64.8976,477,34526,0.0290613,0.43,1,958560,958083,477
70536701,34.0162,48.159,470,34587,0.0296245,0.33,1,958590,958120,470
70539621,34.0065,39.0636,471,34648,0.0538498,0.01,1,958624,958153,471
70542541,33.4026,43.8254,457,34709,0.0395399,0,1,958657,958200,457
70545461,33.161,36.7302,458,34770,0.033816,0,1,958690,958232,458
70548381,34.2644,34.4921,460,34831,0.0315264,0,1,958725,958265,460
70551301,34.1058,36.5968,456,34892,0.0666106,0.09,1,958759,958303,456
70554221,37.0423,35.0387,461,34953,0.0446442,0,1,958798,958337,461
70557141,41.8169,38.0155,466,35013,0.0358577,0.01,1,958843,958377,466
70560061,49.1268,41.0062,477,35073,0.0143431,0.03,1,958897,958420,477
70562981,51.4507,50.0025,474,35133,0.0117372,0.03,1,958950,958476,474
70565901,40.9803,50.601,457,35193,0.00469489,0.03,1,958984,958527,457
70568821,34.3921,40.0404,454,35253,0.031878,0.03,1,959014,958560,454
70571741,32.9568,34.0162,456,35313,0.0427512,0.07,1,959046,958590,456
70574661,32.9827,34.0065,455,35373,0.0351005,0.03,1,959079,958624,455
70577581,32.3931,33.4026,454,35433,0.0320402,0.03,1,959111,958657,454
70580501,34.5572,33.161,457,35493,0.0308161,0.03,1,959147,958690,457
70583421,37.2229,34.2644,461,35553,0.0543264,0.09,1,959186,958725,461
70586341,34.6892,34.1058,460,35612,0.0397306,0.03,1,959219,958759,460
70589261,42.0757,37.0423,468,35671,0.0218922,0.03,1,959266,958798,468
70592181,18.0303,41.8169,425,35730,0.00875689,0,1,959268,958843,425
70595101,38.4121,49.1268,423,35789,0.0215028,0.01,1,959320,958897,423
70598021,47.7648,51.4507,424,35848,0.0626011,0,1,959374,958950,424
70600941,38.9059,40.9803,423,35907,0.0430404,0.05,1,959407,958984,423
70603861,35.3624,34.3921,426,35966,0.0472162,0.05,1,959440,959014,426
70606781,32.7449,32.9568,425,36025,0.0608865,0.03,1,959471,959046,425
70609701,31.698,32.9827,423,36084,0.0303546,0.03,1,959502,959079,423
70612621,32.4792,32.3931,424,36143,0.0301418,0.03,1,959535,959111,424
70615541,33.3917,34.5572,422,36201,0.0180567,0.07,1,959569,959147,422
70618461,37.3567,37.2229,423,36259,0.0372227,0.03,1,959609,959186,423
70621381,34.7427,34.6892,423,36317,0.0208891,0.01,1,959642,959219,423
70624301,42.0971,42.0757,423,36375,0.00835563,0,1,959689,959266,423
70627221,18.0388,18.0303,423,36433,0.0213423,0.03,1,959691,959268,423
70630141,38.4155,38.4121,423,36491,0.0265369,0.09,1,959743,959320,423
70633061,48.9662,47.7648,425,36549,0.0286148,0.03,1,959799,959374,425
70635981,37.5865,38.9059,422,36607,0.0294459,0.05,1,959829,959407,422
70638901,36.0346,35.3624,424,36665,0.0417784,0.07,1,959864,959440,424
70641821,32.4138,32.7449,423,36723,0.0467113,0.01,1,959894,959471,423
70644741,30.9655,31.698,422,36781,0.0246845,0.03,1,959924,959502,422
70647661,32.7862,32.4792,423,36838,0.0278738,0.01,1,959958,959535,423
70650581,32.9145,33.3917,422,36895,0.0111495,0.05,1,959991,959569,422
70653501,37.1658,37.3567,422,36952,0.0104598,0.01,1,960031,959609,422
70656421,35.2663,34.7427,423,37009,0.0221839,0,1,960065,959642,423
70659341,41.7065,42.0971,422,37066,0.0268736,0.03,1,960111,959689,422
70662261,17.8826,18.0388,422,37123,0.0287494,0.03,1,960113,959691,422
70665181,38.953,38.4155,423,37180,0.0414998,0.03,1,960166,959743,423
70668101,48.5812,15.3662,478,37237,0.0585999,0.03,1,960221,959743,478
70671021,36.8325,39.7465,451,37294,0.02944,0.03,1,960250,959799,451
70673941,35.733,33.8986,456,37351,0.029776,0.05,1,960285,959829,456
70676861,32.2932,34.5594,451,37408,0.0659104,0.05,1,960315,959864,451
70679781,30.9173,31.8238,451,37464,0.0683642,0.01,1,960345,959894,451
70682701,33.9669,30.7295,457,37520,0.0333457,0.03,1,960381,959924,457
70685621,32.1868,32.6918,454,37576,0.0193383,0,1,960412,959958,454
70688541,36.8747,32.8767,461,37632,0.0257353,0.01,1,960452,959991,461
70691461,35.1499,37.1507,455,37688,0.0402941,0.03,1,960486,960031,455
70694381,41.66,35.2603,467,37744,0.0341177,0.03,1,960532,960065,467
70697301,17.864,41.7041,423,37800,0.0316471,0.03,1,960534,960111,423
70700221,38.9456,17.8816,474,37856,0.0306588,0.05,1,960587,960113,474
70703141,49.1782,38.9527,477,37912,0.0662635,0.07,1,960643,960166,477
70706061,37.0713,48.5811,451,37968,0.0805054,0.01,1,960672,960221,451
70708981,35.8285,36.8324,457,38024,0.0862022,0.03,1,960707,960250,457
70723581,37.9106,32.1868,463,38300,0.0877147,0.03,1,960875,960412,463
70726501,34.9642,36.8747,456,38355,0.0410859,0.05,1,960908,960452,456
70729421,42.7857,35.1499,470,38410,0.0464344,0.03,1,960956,960486,470
70732341,18.3143,41.66,426,38465,0.0485737,0.03,1,960958,960532,426
70735261,37.9257,17.864,475,38520,0.0374295,0.03,1,961009,960534,475
70738181,50.5703,38.9456,481,38575,0.0449718,0.09,1,961068,960587,481
70741101,21.4281,49.1782,427,38630,0.0479887,0.09,1,961070,960643,427
70744021,25.9712,37.0713,427,38685,0.0731955,0.09,1,961099,960672,427
70746941,30.7885,35.8285,426,38740,0.0952782,0.15,1,961133,960707,426
70755701,32.5465,32.941,429,38903,0.213698,0.09,1,961231,960802,429
70758621,27.4186,31.7764,422,38957,0.235479,0.07,1,961255,960833,422
70767381,43.5628,42.7857,424,39119,0.212591,0.05,1,961380,960956,424
70770301,18.6251,18.3143,424,39173,0.211036,0.03,1,961382,960958,424
70773221,38.05,37.9257,424,39227,0.222415,0.05,1,961433,961009,424
70776141,50.62,50.5703,424,39281,0.226966,0.05,1,961492,961068,424
70779061,21.448,21.4281,424,39335,0.204786,0.09,1,961494,961070,424
70781981,27.1792,25.9712,426,39389,0.243915,0.11,1,961525,961099,426
70784901,31.8717,30.7885,427,39443,0.247566,0.15,1,961560,961133,427
70787821,35.5487,33.9154,429,39497,0.297026,0.23,1,961598,961169,429
70790741,32.2195,30.3662,431,39550,0.268811,0.23,1,961628,961197,431
70793661,33.2878,32.5465,431,39603,0.257524,0.25,1,961662,961231,431
70796581,27.1151,27.4186,430,39656,0.26501,0.17,1,961685,961255,430
70799501,35.446,36.7674,428,39709,0.256004,0.13,1,961726,961298,428
70802421,33.9784,33.907,429,39762,0.264402,0.25,1,961759,961330,429
70819941,27.8555,27.1792,433,40080,0.287779,0.27,1,961958,961525,433
70840381,34.7014,35.3792,467,40447,0.441917,0.27,1,962193,961726,467
70843301,46.2806,33.9517,488,40499,0.434767,0.33,1,962247,961759,488
70846221,19.7122,45.3807,437,40551,0.431907,0.33,1,962249,961812,437
70907541,24.0227,32.3255,449,41631,0.769844,0.59,2,962947,962498,449
70910461,34.8091,35.7302,453,41682,0.769938,0.63,2,962989,962536,453
70913381,27.1236,27.4921,453,41733,0.829975,0.65,2,963011,962558,453
70916301,36.6495,36.1968,454,41784,0.87799,0.67,2,963054,962600,454
70919221,37.4598,36.6787,455,41835,0.885196,0.65,2,963092,962637,455
71158661,319.906,347.233,464,20440,0.441951,0.71,1,965837,965373,464
71167421,91.634,85.1269,478,20750,0.0880449,0.03,1,966054,965576,478
71170341,91.8536,98.8508,462,20852,0.0412179,0.07,1,966146,965684,462
71173261,78.7414,77.3403,469,20954,0.0344872,0.01,1,966216,965747,469
71176181,41.0966,59.1361,438,21055,0.0797949,0.09,1,966232,965794,438
71179101,33.2386,41.6544,436,21156,0.0499179,0.01,1,966260,965824,436
71182021,55.2955,66.4618,423,21256,0.0859672,0.07,1,966330,965907,423
71190781,83.5549,85.2296,422,21554,0.0551819,0.03,1,966568,966146,422
71193701,78.422,76.0918,427,21652,0.0400728,0.11,1,966643,966216,427
71196621,40.9688,40.0367,427,21750,0.0700291,0.03,1,966659,966232,427
71199541,32.5875,32.8147,426,21848,0.0700116,0.11,1,966686,966260,426
71211221,80.4758,83.5441,422,22234,0.229744,0.03,1,966990,966568,422
71228741,79.1921,58.8456,516,22800,0.228597,0.21,1,967338,966822,516
71231661,80.8768,73.9382,514,22893,0.265439,0.27,1,967420,966906,514
71249181,82.1263,62.9751,525,23443,0.420744,0.25,1,967773,967248,525
71252101,82.6505,79.19,518,23533,0.414297,0.29,1,967856,967338,518
71255021,77.4602,80.876,510,23623,0.423719,0.33,1,967930,967420,510
71257941,40.5841,76.1504,453,23713,0.427488,0.33,1,967946,967493,453
71260861,33.0336,40.0602,465,23802,0.440995,0.35,1,967974,967509,465
71298821,76.3477,76.0103,449,24934,0.782096,0.63,2,968747,968298,449
71301741,77.3391,75.4041,452,25019,0.810838,0.63,2,968825,968373,452
71304661,41.7356,40.3616,453,25104,0.822335,0.65,2,968843,968390,453
71307581,34.6942,33.5447,454,25188,0.838934,0.67,2,968873,968419,454
71310501,58.8777,59.0179,453,25272,0.857574,0.71,2,968948,968495,453
71415621,49.1595,44.358,501,28132,0.898864,1,2,970979,970478,501
71418541,40.6638,53.7432,476,28207,0.881546,1,2,971014,970538,476
71421461,72.6655,77.8973,476,28282,0.838618,1,2,971108,970632,476
71424381,54.8662,51.5589,485,28357,0.785447,1,2,971151,970666,485
71427301,59.1465,20.6236,547,28432,0.776179,1,2,971213,970666,547
71430221,51.2586,57.4494,511,28506,0.832472,1,2,971259,970748,511
71433141,37.9034,42.7798,507,28580,0.866989,0.96,2,971288,970781,507
71436061,36.1614,37.5119,508,28654,0.880795,1,2,971323,970815,508
71438981,65.4646,37.2048,556,28728,0.850318,0.91,2,971408,970852,556
71441901,47.1858,70.0819,499,28802,0.874127,0.87,2,971443,970944,499
71444821,37.4743,49.0328,495,28876,0.859651,0.87,2,971474,970979,495
71447741,71.3897,40.6131,554,28949,0.88986,0.81,2,971568,971014,554
71450661,54.3559,72.6452,503,29022,0.889944,0.75,2,971611,971108,503
71587901,38.1027,37.9615,515,32273,0.8656,1,2,973847,973332,515
71599581,45.2986,62.6134,511,32534,0.0634393,1,1,974087,973576,511
71602501,56.5195,56.8454,522,32599,0.0313757,1,1,974151,973629,522
71605421,40.6078,44.9381,515,32664,0.0425503,1,1,974181,973666,515
71608341,36.6431,42.5753,508,32729,0.0230201,1,1,974215,973707,508
71614181,23.2629,34.892,486,32858,0.0864832,0.84,1,974256,973770,486
71617101,24.3052,36.7568,473,32922,0.0645933,0.84,1,974281,973808,473
71620021,28.9221,38.1027,466,32986,0.0318373,0.45,1,974313,973847,466
71622941,53.5688,74.0411,438,33050,0.0667349,0.25,1,974383,973945,438
71625861,37.0275,50.6164,429,33114,0.068694,0,1,974409,973980,429
71628781,56.211,65.2466,423,33178,0.0334776,0,1,974478,974055,423
71631701,42.2844,45.2986,424,33242,0.031391,0.01,1,974511,974087,424
71634621,55.9138,56.5195,425,33306,0.0125564,0.05,1,974576,974151,425
71637541,40.3655,40.6078,425,33370,0.00502256,0.01,1,974606,974181,425
71640461,36.5462,36.6431,425,33433,0.00800903,0.17,1,974640,974215,425
71643381,27.2185,26.6572,426,33496,0.0332036,0.07,1,974661,974235,426
71646301,23.4874,23.2629,426,33559,0.0912814,0.05,1,974682,974256,426
71652141,28.598,28.9221,423,33685,0.099805,0.09,1,974736,974313,423
71655061,52.8392,53.5688,422,33748,0.081922,0.07,1,974805,974383,422
71657981,39.1357,37.0275,426,33811,0.0747688,0.01,1,974835,974409,426
71660901,55.8543,56.211,424,33874,0.0599075,0.03,1,974902,974478,424
71663821,41.5417,42.2844,423,33936,0.077963,0,1,974934,974511,423
71666741,55.0167,55.9138,422,33998,0.0311852,0,1,974998,974576,422
71669661,40.0067,40.3655,422,34060,0.0124741,0.01,1,975028,974606,422
71672581,37.0027,36.5462,423,34122,0.00498963,0.05,1,975063,974640,423
71675501,26.8011,27.2185,422,34184,0.0199959,0.13,1,975083,974661,422
71678421,25.7204,23.4874,426,34246,0.00799834,0.13,1,975108,974682,426
71681341,21.0882,9.39496,444,34308,0.0211993,0.13,1,975126,974682,444
71684261,28.8353,16.358,457,34370,0.0264797,0.09,1,975160,974703,457
71687181,51.7341,26.3432,491,34432,0.0885919,0.07,1,975227,974736,491
71704701,36.8676,39.9974,456,34798,0.0584717,0,1,975484,975028,456
71707621,26.747,36.999,441,34859,0.0293887,0.03,1,975504,975063,441
71710541,25.6988,26.7996,446,34920,0.0177555,0,1,975529,975083,446
71713461,21.6795,25.7198,440,34981,0.0371022,0.03,1,975548,975108,440
71716381,30.2718,21.0879,458,35041,0.0568409,0.03,1,975584,975126,458
71733901,36.123,54.1724,452,35401,0.209423,0.07,1,975871,975419,452
71754341,55.505,54.1087,431,35817,0.222729,0.19,1,976085,975654,431
71757261,40.802,40.2435,431,35876,0.215092,0.21,1,976116,975685,431
71760181,57.1208,56.2974,432,35935,0.212037,0.19,1,976184,975752,432
71763101,43.2483,43.519,431,35994,0.222815,0.17,1,976218,975787,431
71766021,53.2993,52.8076,432,36053,0.275126,0.23,1,976278,975846,432
71768941,36.9197,36.123,433,36112,0.28405,0.19,1,976304,975871,433
71795221,57.8558,57.1208,433,36635,0.4031,0.23,1,976617,976184,433
71798141,44.1423,43.2483,434,36693,0.41924,0.31,1,976652,976218,434
71801061,54.2569,53.2993,435,36751,0.425696,0.29,1,976713,976278,435
71862381,43.3507,56.571,479,37940,0.80207,0.51,2,977435,976956,479
71865301,60.5403,41.8284,519,37996,0.866828,0.57,2,977507,976988,519
71879901,26.6686,35.8571,474,38273,0.898441,0.67,2,977692,977218,474
71882821,25.0674,26.3428,478,38328,0.893376,0.67,2,977716,977238,478
71885741,23.227,24.9371,476,38383,0.891351,0.69,2,977738,977262,476
72052181,33.1098,42.4945,507,41402,0.850466,1,2,979822,979315,507
72055101,46.8439,29.5978,542,41453,0.838186,1,2,979878,979336,542
72058021,34.9376,50.8391,504,41504,0.809274,1,2,979905,979401,504
72081381,22.7772,27.9126,477,41910,0.751178,1,2,980148,979671,477
72084301,25.9109,30.9651,472,41960,0.750471,0.93,2,980176,979704,472
72090141,38.3457,39.2744,470,42060,0.757275,0.81,2,980263,979793,470
72093061,30.3383,33.1098,466,42110,0.77691,0.83,2,980288,979822,466
72095981,43.3353,46.8439,462,42160,0.784764,0.79,2,980340,979878,462
72098901,32.3341,34.9376,460,42210,0.775906,0.69,2,980365,979905,460
72101821,31.5337,34.375,457,42260,0.760362,0.75,2,980396,979939,457
72104741,37.8135,41.35,453,42310,0.790145,0.67,2,980438,979985,453
72107661,32.5254,35.74,450,42360,0.802058,0.71,2,980467,980017,450
72110581,34.6102,35.296,451,42410,0.842823,0.71,2,980503,980052,451
72113501,28.8441,25.5184,457,42460,0.835129,0.69,2,980528,980071,457
72116421,28.9376,30.6074,452,42510,0.856052,0.69,2,980557,980105,452
72119341,27.175,25.4429,456,42560,0.864421,0.79,2,980583,980127,456
72122261,24.07,22.7772,457,42610,0.855768,0.75,2,980605,980148,457
72125181,26.428,25.9109,457,42660,0.888307,0.73,2,980633,980176,457
72314981,32.411,30.1802,489,45762,0.858138,1,2,982813,982324,489
72317901,33.3644,27.6721,497,45808,0.829255,1,2,982847,982350,497
72367541,31.2867,36.7456,488,46585,0.438217,0.69,1,983374,982886,488
72414261,30.5484,31.2867,473,47305,0.752983,0.47,2,983847,983374,473
72417181,29.6194,30.5147,472,47350,0.775193,0.47,2,983876,983404,472
72420101,13.0477,29.0059,446,47395,0.784077,0.53,2,983878,983432,446
72423021,21.4191,26.6023,448,47439,0.799631,0.49,2,983905,983457,448
72425941,22.3676,25.0409,447,47483,0.793852,0.53,2,983928,983481,447
72428861,23.9471,22.6164,451,47527,0.815541,0.61,2,983953,983502,451
72431781,27.5788,27.0465,451,47571,0.800216,0.61,2,983983,983532,451
72434701,32.0315,31.2186,452,47615,0.782087,0.65,2,984018,983566,452
72437621,29.6126,27.4874,455,47659,0.774835,0.67,2,984046,983591,455
72440541,29.245,27.795,456,47703,0.771934,0.73,2,984075,983619,456
72443461,33.898,31.518,459,47747,0.794774,0.71,2,984112,983653,459
72446381,37.5592,37.8072,457,47791,0.815909,0.73,2,984152,983695,457
72449301,29.4237,28.9229,458,47835,0.824364,0.71,2,984176,983718,458
72452221,32.1695,32.5692,457,47879,0.839746,0.73,2,984210,983753,457
72455141,33.8678,33.4277,458,47923,0.809898,0.73,2,984245,983787,458
72458061,32.7471,31.3711,460,47967,0.797959,0.77,2,984277,983817,460
72460981,31.0988,30.5484,460,48011,0.793184,0.79,2,984307,983847,460
72463901,30.4395,29.6194,461,48055,0.839273,0.79,2,984337,983876,461
72466821,13.3758,13.0477,461,48099,0.833709,0.81,2,984339,983878,461
72469741,20.9503,21.4191,460,48143,0.855484,0.79,2,984365,983905,460
72472661,22.7801,22.3676,461,48187,0.888193,0.83,2,984389,983928,461
72475581,24.1121,23.9471,461,48231,0.865277,0.79,2,984414,983953,461
72478501,27.6448,27.5788,461,48275,0.856111,0.77,2,984444,983983,461
72481421,31.4579,32.0315,460,48319,0.888444,0.77,2,984478,984018,460
72665381,344.472,343.523,518,23360,0.838,1,2,986399,985881,518
72703341,70.1562,89.3916,454,23721,0.209576,0.21,1,987164,986710,454
72706261,71.2625,69.9566,469,23810,0.245831,0.05,1,987236,986767,469
72709181,45.905,62.1827,441,23899,0.248332,0.05,1,987265,986824,441
72712101,35.762,44.6731,437,23988,0.273333,0.07,1,987294,986857,437
72715021,25.1048,37.0692,423,24076,0.271333,0.05,1,987312,986889,423
72717941,56.2419,60.4277,424,24164,0.282533,0.05,1,987389,986965,424
72723781,74.1587,70.6284,431,24339,0.406405,0.27,1,987542,987111,431
72773421,67.1372,76.0495,511,25779,0.753782,0.63,2,988496,987985,511
72776341,70.0549,67.0198,522,25861,0.787513,0.63,2,988568,988046,522
72779261,47.222,68.8079,484,25943,0.801005,0.63,2,988600,988116,484
72782181,36.8888,46.7232,482,26025,0.830402,0.63,2,988630,988148,482
72785101,25.5555,36.6893,470,26106,0.842161,0.67,2,988648,988178,470
72788021,60.6222,25.4757,536,26187,0.822864,0.65,2,988732,988196,536
72790941,71.6489,59.3903,533,26268,0.791146,0.73,2,988811,988278,533
72793861,78.4596,69.3561,540,26349,0.838458,0.75,2,988894,988354,540
72796781,68.5838,76.3424,521,26429,0.869383,0.77,2,988956,988435,521
73009941,50.675,69.4369,509,31747,0.89464,1,2,992640,992131,509
73012861,50.87,53.5748,517,31814,0.807856,1,2,992691,992174,517
73024541,42.7647,59.7827,505,32079,0.448505,1,1,992867,992362,505
73050821,53.1404,37.7792,513,32668,0.438009,0.41,1,993275,992762,513
73053741,40.4562,58.9117,472,32733,0.409203,0.39,1,993307,992835,472
73059581,35.153,45.3059,442,32862,0.429073,0.35,1,993356,992914,442
73129661,35.2097,22.6019,492,34373,0.769605,0.73,2,994319,993827,492
73132581,69.2839,31.2407,547,34435,0.829842,0.73,2,994411,993864,547
73135501,48.1135,67.6963,489,34496,0.877937,0.71,2,994445,993956,489
73307781,232.582,194.686,558,16916,0.4492,1,1,996960,996402,558
73310701,146.433,151.074,525,17042,0.20968,0.85,1,997049,996524,525
73313621,107.173,121.03,505,17167,0.083872,0.77,1,997130,996625,505
73316541,77.6692,85.6119,501,17291,0.0515488,0.57,1,997188,996687,501
73319461,52.0677,75.6448,467,17414,0.0506195,0.53,1,997223,996756,467
73322381,123.427,52.4579,601,17536,0.0622478,0.27,1,997394,996793,601
73325301,95.5708,121.183,511,17657,0.0548991,0.05,1,997471,996960,511
73328221,86.8283,101.873,503,17777,0.0399596,0,1,997552,997049,503
73331141,70.1313,89.3493,481,17896,0.0219839,0.03,1,997611,997130,481
73334061,48.4525,70.5397,457,18015,0.0387935,0.05,1,997645,997188,457
73336981,20.581,49.2159,424,18133,0.0215174,0.07,1,997647,997223,424
73339901,112.032,122.286,426,18250,0.086607,0.05,1,997820,997394,426
73345741,84.5252,86.6458,424,18482,0.0630571,0.01,1,997976,997552,424
73348661,69.2101,70.0583,424,18597,0.0432228,0.05,1,998035,997611,424
73351581,47.484,48.4233,423,18711,0.0472891,0.01,1,998068,997645,423
73354501,20.1936,20.5693,423,18824,0.0489157,0.13,1,998070,997647,423
73357421,113.677,112.028,426,18937,0.0615663,0.13,1,998246,997820,426
73366181,68.9554,69.2098,423,19271,0.0728202,0.05,1,998458,998035,423
73369101,46.7821,47.4839,422,19381,0.0471281,0.05,1,998490,998068,422
73372021,19.9129,20.1936,422,19490,0.0608512,0.07,1,998492,998070,422
73374941,114.765,113.677,424,19599,0.0423405,0.07,1,998670,998246,424
73377861,94.5061,45.471,505,19707,0.0589362,0.23,1,998751,998246,505
73380781,79.2024,63.1884,499,19815,0.0775745,0.07,1,998820,998321,499
73392461,114.141,19.2144,599,20239,0.0499379,0.03,1,999091,998492,599
73395381,96.6565,114.486,506,20344,0.0259752,0.07,1,999176,998670,506
73409981,111.859,19.8501,599,20860,0.21017,0.01,1,999513,998914,599
73418741,60.199,80.0624,429,21164,0.225851,0.15,1,999674,999245,429
73421661,59.4796,67.425,429,21264,0.25234,0.19,1,999733,999304,429
73424581,45.9918,47.37,432,21364,0.274936,0.19,1,999770,999338,432
73427501,19.5967,20.148,432,21463,0.283974,0.23,1,999772,999340,432
73430421,111.039,111.859,431,21562,0.29959,0.15,1,999944,999513,431
73442101,61.3402,59.4796,435,21952,0.444421,0.29,1,1000168,999733,435
73491741,118.533,20.0747,634,23540,0.845836,0.71,2,1001284,1000650,634
73494661,100.213,114.83,544,23630,0.896335,0.73,2,1001372,1000828,544
73585181,90.3608,31.129,612,26267,0.776607,1,2,1003173,1002561,612
73649421,57.4839,56.5917,448,27987,0.768242,0.51,2,1004302,1003854,448
73652341,46.3936,46.6367,447,28063,0.793297,0.57,2,1004341,1003894,447
73655261,37.7574,37.2547,448,28138,0.839319,0.57,2,1004373,1003925,448
73658181,36.103,34.1019,451,28213,0.857728,0.65,2,1004408,1003957,451
73661101,87.6412,85.0407,454,28288,0.841091,0.69,2,1004530,1004076,454
73664021,36.2565,35.2163,454,28363,0.810436,0.69,2,1004532,1004078,454
73666941,60.7026,14.0865,531,28438,0.834175,0.71,2,1004609,1004078,531
73669861,39.881,51.2346,481,28512,0.84367,0.73,2,1004635,1004154,481
73672781,55.5524,34.8938,523,28586,0.859468,0.75,2,1004701,1004178,523
73675701,58.821,52.3575,520,28660,0.853787,0.79,2,1004762,1004242,520
73678621,48.1284,56.943,501,28734,0.875515,0.81,2,1004803,1004302,501
73681541,38.4514,46.1772,494,28808,0.884206,0.87,2,1004835,1004341,494
73684461,36.3805,37.6709,497,28881,0.875682,0.87,2,1004870,1004373,497
73687381,86.5522,36.0684,582,28954,0.872273,0.83,2,1004990,1004408,582
73690301,35.8209,87.6273,462,29027,0.870909,0.79,2,1004992,1004530,462
73812941,39.1029,43.0186,522,31946,0.876957,1,2,1007060,1006538,522
73815861,34.8412,40.6074,515,32012,0.812783,1,2,1007092,1006577,515
73827541,45.4695,35.0092,537,32276,0.402647,1,1,1007270,1006733,537
73830461,82.3878,45.2037,592,32342,0.299059,0.88,1,1007377,1006785,592
73833381,45.5551,87.0815,498,32407,0.245624,1,1,1007398,1006900,498
73836301,51.222,52.2326,524,32472,0.260249,1,1,1007453,1006929,524
73839221,42.0888,50.893,510,32537,0.2661,0.87,1,1007489,1006979,510
73842141,34.8355,49.7572,491,32602,0.24444,0.85,1,1007519,1007028,491
73845061,28.3342,39.1029,483,32667,0.259776,0.77,1,1007543,1007060,483
73847981,43.1337,34.8412,504,32732,0.28991,0.55,1,1007596,1007092,504
73853821,30.1814,41.9346,451,32861,0.282786,0.39,1,1007636,1007185,451
73856741,29.4726,37.1738,446,32925,0.287114,0.37,1,1007665,1007219,446
73871341,42.0973,42.0888,435,33245,0.414233,0.23,1,1007924,1007489,435
73874261,34.2389,34.8355,434,33309,0.447693,0.27,1,1007953,1007519,434
73938501,36.5841,43.9884,482,34678,0.761214,0.61,2,1008850,1008368,482
73941421,32.0336,36.1953,480,34739,0.766486,0.67,2,1008879,1008399,480
73944341,41.6135,31.2781,500,34800,0.792594,0.63,2,1008927,1008427,500
73947261,17.8454,42.5113,452,34861,0.803038,0.59,2,1008929,1008477,452
73950181,32.3382,18.2045,492,34922,0.807215,0.67,2,1008971,1008479,492
73953101,31.5353,31.2818,483,34983,0.832886,0.65,2,1009002,1008519,483
73956021,42.0141,29.9127,503,35043,0.867154,0.69,2,1009051,1008548,503
73958941,78.0056,40.1651,558,35103,0.868862,0.75,2,1009153,1008595,558
73961861,49.2023,76.066,488,35163,0.869545,0.75,2,1009183,1008695,488
73964781,52.6809,49.6264,511,35223,0.881818,0.75,2,1009238,1008727,511
74099101,76.5185,30.437,590,37885,0.763031,1,2,1011062,1010472,590
74119541,29.0496,41.8588,497,38274,0.265694,0.87,1,1011313,1010816,497
74122461,29.6199,30.5435,504,38329,0.244278,1,1,1011343,1010839,504
74125381,28.6479,33.8174,496,38384,0.259711,0.97,1,1011371,1010875,496
74128301,22.2592,29.727,487,38439,0.265884,0.89,1,1011389,1010902,487
74131221,23.3037,24.4908,490,38494,0.244354,0.89,1,1011413,1010923,490
74134141,69.3215,27.7963,560,38549,0.259742,0.67,1,1011513,1010953,560
74137061,44.5286,76.5185,479,38604,0.289897,0.63,1,1011541,1011062,479
74142901,26.2046,42.003,445,38714,0.294783,0.43,1,1011574,1011129,445
74160421,28.5523,29.6199,433,39039,0.410246,0.27,1,1011776,1011343,433
74163341,29.4209,28.6479,435,39093,0.434098,0.27,1,1011806,1011371,435
74227581,32.2607,28.6357,482,40267,0.760965,0.59,2,1012568,1012086,482
74230501,42.9043,30.6543,500,40319,0.766386,0.59,2,1012618,1012118,500
74233421,30.3617,42.2617,472,40371,0.780554,0.61,2,1012640,1012168,472
74236341,31.3447,29.5047,483,40423,0.798222,0.65,2,1012672,1012189,483
74239261,32.3379,29.2019,487,40475,0.805289,0.69,2,1012705,1012218,487
74242181,22.5351,30.8807,471,40527,0.808115,0.71,2,1012721,1012250,471
74245101,23.4141,22.5523,478,40579,0.821246,0.71,2,1012745,1012267,478
74248021,72.3656,23.4209,559,40631,0.826499,0.71,2,1012850,1012291,559
74250941,45.7463,71.1684,484,40683,0.828599,0.71,2,1012878,1012394,484
74253861,19.4985,45.2673,458,40735,0.82944,0.71,2,1012880,1012422,458
74256781,27.5994,19.3069,489,40787,0.877776,0.75,2,1012913,1012424,489
74420301,30.3357,34.0088,530,43591,0.892106,1,2,1014870,1014340,530
74423221,25.9343,43.6035,503,43639,0.878842,1,2,1014893,1014390,503
74426141,28.9737,28.2414,516,43687,0.885537,1,2,1014924,1014408,516
74443661,26.967,28.5574,499,43975,0.876703,1,2,1015087,1014588,499
74446581,26.3868,26.423,500,44023,0.872681,1,2,1015113,1014613,500
74449501,74.7547,25.5692,582,44071,0.859073,0.96,2,1015220,1014638,582
74452421,44.9019,77.4277,495,44119,0.829629,0.95,2,1015245,1014750,495
74455341,37.1608,48.3711,498,44167,0.841852,0.94,2,1015277,1014779,498
74458261,32.8643,40.3484,493,44215,0.834741,0.91,2,1015307,1014814,493
74461181,29.3457,32.3394,493,44263,0.819896,0.87,2,1015334,1014841,493
74464101,26.1383,30.3357,488,44311,0.801958,0.87,2,1015358,1014870,488
74467021,29.0553,25.9343,496,44359,0.806783,0.89,2,1015389,1014893,496
74469941,30.2221,28.9737,496,44407,0.796713,0.91,2,1015420,1014924,496
74472861,24.6888,29.5895,487,44455,0.768685,0.93,2,1015441,1014954,487
74475781,11.0755,23.8358,469,44502,0.757474,1,2,1015443,1014974,469
74478701,21.8302,25.7343,471,44549,0.76499,0.95,2,1015472,1015001,471
74481621,23.7321,28.2937,466,44596,0.779996,0.94,2,1015497,1015031,466
74484541,27.4928,29.9175,465,44643,0.761998,0.83,2,1015527,1015062,465
74490381,24.3189,26.3868,461,44737,0.78312,0.85,2,1015574,1015113,461
74493301,73.9275,74.7547,461,44784,0.823248,0.81,2,1015681,1015220,461
74496221,45.771,44.9019,463,44831,0.827299,0.85,2,1015708,1015245,463
74499141,36.9084,37.1608,462,44878,0.86492,0.83,2,1015739,1015277,462
74502061,32.7634,32.8643,462,44925,0.891968,0.81,2,1015769,1015307,462
75010141,329.646,334.053,504,23360,0.406,1,1,1021015,1020511,504
75015981,121.143,107.208,523,24266,0.09496,0.89,1,1021165,1020642,523
75018901,83.2573,94.4834,495,24353,0.043984,0.81,1,1021223,1020728,495
75021821,61.5029,69.5934,489,24440,0.0355936,0.59,1,1021270,1020781,489
75024741,56.4012,70.4373,471,24527,0.0322374,0.45,1,1021323,1020852,471
75027661,59.7605,55.1749,488,24613,0.054895,0.19,1,1021385,1020897,488
75030581,40.1042,67.07,440,24699,0.075958,0.09,1,1021412,1020972,440
75033501,31.0417,44.828,435,24785,0.0303832,0,1,1021437,1021002,435
75036421,52.0167,61.7312,428,24871,0.0181533,0.05,1,1021503,1021075,428
75039341,71.8067,78.6925,423,24956,0.0252613,0.01,1,1021588,1021165,423
75042261,63.5227,66.277,423,25041,0.0101045,0.03,1,1021646,1021223,423
75045181,53.0091,54.7108,422,25126,0.0340418,0.03,1,1021692,1021270,422
75048101,54.2036,53.6843,424,25210,0.0916167,0.07,1,1021747,1021323,424
75051021,59.4815,58.6737,425,25294,0.0906467,0.09,1,1021810,1021385,425
75056861,30.757,30.8678,424,25461,0.0709035,0,1,1021861,1021437,424
75059781,50.1028,12.3471,487,25544,0.0343614,0.01,1,1021924,1021437,487
75062701,71.0411,44.5388,506,25627,0.0437446,0.03,1,1022009,1021503,506
75065621,63.2165,68.8155,479,25710,0.0234978,0,1,1022067,1021588,479
75068541,52.8866,62.3262,467,25792,0.0393991,0.05,1,1022113,1021646,467
75071461,56.5546,52.5305,480,25874,0.0817597,0.13,1,1022172,1021692,480
75091901,51.7878,63.2157,467,26442,0.0943956,0.05,1,1022534,1022067,467
75094821,59.7151,52.8863,486,26522,0.0677582,0.11,1,1022599,1022113,486
75097741,62.286,56.5545,491,26602,0.0931033,0.17,1,1022663,1022172,491
75118181,47.6626,51.7878,424,27154,0.213102,0.05,1,1022958,1022534,424
75135701,19.7013,19.8537,428,27619,0.210024,0.17,1,1023202,1022774,428
75138621,60.6805,60.1415,429,27696,0.22201,0.21,1,1023290,1022861,429
75141541,58.4722,57.6566,430,27772,0.262804,0.23,1,1023347,1022917,430
75159061,48.08,46.2532,431,28226,0.41457,0.23,1,1023631,1023200,431
75161981,20.432,19.7013,431,28301,0.423828,0.23,1,1023633,1023202,431
75164901,60.9728,60.6805,431,28376,0.439531,0.23,1,1023721,1023290,431
75194101,62.1584,60.9633,505,29113,0.766957,0.51,2,1024226,1023721,505
75197021,51.8633,59.7853,491,29186,0.780783,0.53,2,1024271,1023780,491
75199941,59.7453,50.3141,512,29259,0.786313,0.55,2,1024336,1023824,512
75202861,68.8981,58.5256,523,29331,0.812525,0.65,2,1024411,1023888,523
75205781,44.9593,65.4103,482,29403,0.83501,0.67,2,1024440,1023958,482
75208701,33.5837,42.9641,480,29475,0.844004,0.65,2,1024466,1023986,480
75211621,50.6335,32.1856,517,29547,0.871602,0.71,2,1024528,1024011,517
75214541,21.4534,49.4743,458,29619,0.882641,0.67,2,1024530,1024072,458
75354701,35.8497,45.4139,509,32872,0.84808,1,2,1026824,1026315,509
75357621,27.5399,39.1656,496,32936,0.801232,1,2,1026846,1026350,496
75416021,41.6576,41.8421,448,34197,0.75812,0.49,2,1027707,1027259,448
75418941,29.863,32.3368,444,34259,0.765248,0.49,2,1027729,1027285,444
75427701,33.5432,29.6696,480,34444,0.785056,0.59,2,1027823,1027343,480
75430621,59.0173,29.8678,526,34505,0.812022,0.63,2,1027899,1027373,526
75433541,54.8069,56.9471,503,34566,0.858809,0.69,2,1027951,1027448,503
75753281,325.436,350.577,474,17520,0.442,1,1,1032239,1031765,474
75759121,116.87,131.932,482,18482,0.07792,0.65,1,1032419,1031937,482
75762041,103.148,100.173,497,18597,0.049168,0.33,1,1032513,1032016,497
75764961,91.0592,104.869,472,18711,0.0736672,0.19,1,1032596,1032124,472
75776641,71.1151,76.5374,424,19160,0.0515659,0.03,1,1032843,1032419,424
75779561,84.846,87.015,424,19271,0.0386264,0.09,1,1032937,1032513,424
75782481,85.5384,84.606,427,19381,0.0574505,0.15,1,1033023,1032596,427
75785401,60.0154,57.8424,430,19490,0.0529802,0.17,1,1033066,1032636,430
75788321,40.8061,39.937,430,19599,0.0871921,0.17,1,1033094,1032664,430
75791241,84.7225,15.9748,544,19707,0.0888768,0.09,1,1033208,1032664,544
75794161,67.489,77.7899,481,19815,0.0655507,0.01,1,1033264,1032783,481
75811681,66.5107,84.6815,479,20448,0.227287,0.05,1,1033687,1033208,479
75814601,87.2043,67.4726,524,20552,0.288915,0.17,1,1033788,1033264,524
75820441,61.8327,85.1956,475,20758,0.414626,0.19,1,1033920,1033445,475
75823361,41.5331,60.4782,459,20860,0.411851,0.21,1,1033948,1033489,459
75826281,86.2132,42.1913,545,20962,0.44674,0.19,1,1034064,1033519,545
75858401,90.6556,87.9639,454,22049,0.753035,0.69,2,1034772,1034318,454
75861321,62.6623,61.5855,454,22145,0.763214,0.65,2,1034816,1034362,454
75864241,41.8649,41.4342,454,22241,0.791286,0.69,2,1034844,1034390,454
75867161,90.546,89.1737,456,22336,0.814514,0.69,2,1034967,1034511,456
75870081,37.4184,36.8695,456,22431,0.823806,0.75,2,1034969,1034513,456
75873001,50.3674,48.3478,459,22526,0.815522,0.75,2,1035028,1034569,459
75875921,83.7469,19.3391,565,22620,0.836209,0.73,2,1035134,1034569,565
75963521,88.0446,81.9896,496,25279,0.875824,1,2,1037044,1036548,496
75966441,93.4178,93.3958,492,25363,0.77633,1,2,1037141,1036649,492
75995641,42.3773,58.3461,489,26186,0.771885,0.61,2,1037665,1037176,489
75998561,31.9509,43.1384,481,26267,0.806754,0.71,2,1037690,1037209,481
76001481,71.5804,29.2554,559,26348,0.832702,0.71,2,1037788,1037229,559
76004401,48.4321,73.5022,489,26428,0.867081,0.71,2,1037821,1037332,489
76007321,34.3729,51.0009,478,26508,0.868832,0.71,2,1037846,1037368,478
76132881,50.3676,29.1106,549,29748,0.847216,1,2,1040161,1039612,549
76135801,41.747,57.8443,508,29819,0.836886,1,2,1040197,1039689,508
76138721,31.6988,43.5377,499,29890,0.820755,1,2,1040222,1039723,499
76141641,25.2795,34.8151,491,29961,0.766302,1,2,1040243,1039752,491
76147481,87.3247,87.7704,485,30102,0.445408,1,1,1040428,1039943,485
76150401,60.1299,65.1082,477,30172,0.400163,0.94,1,1040470,1039993,477
76153321,49.852,51.2433,478,30242,0.298065,0.97,1,1040513,1040035,478
76156241,33.7408,40.2973,468,30312,0.257226,0.86,1,1040536,1040068,468
76179601,53.9078,60.1299,436,30866,0.222964,0.23,1,1040906,1040470,436
76182521,44.9631,49.852,432,30935,0.263186,0.23,1,1040945,1040513,432
76185441,31.7852,33.7408,432,31003,0.279274,0.15,1,1040968,1040536,432
76188361,28.9141,31.4963,429,31071,0.28571,0.17,1,1040995,1040566,429
76197121,28.3705,28.2718,428,31275,0.296445,0.13,1,1041107,1040679,428
76208801,56.2815,78.5318,468,31545,0.428789,0.27,1,1041338,1040870,468
76211721,46.5126,53.0127,472,31612,0.441516,0.29,1,1041378,1040906,472
76267201,68.7981,81.5514,448,32861,0.814689,0.53,2,1042187,1041739,448
76270121,53.3192,57.8205,449,32925,0.871876,0.59,2,1042230,1041781,449
76273041,46.5277,47.1282,451,32989,0.87075,0.59,2,1042272,1041821,451
76275961,35.4111,35.6513,451,33053,0.8703,0.63,2,1042300,1041849,451
76278881,30.9644,29.8605,453,33117,0.87012,0.65,2,1042328,1041875,453
76281801,50.1858,49.1442,454,33181,0.894048,0.65,2,1042391,1041937,454
76284721,38.0743,37.6577,454,33245,0.879619,0.67,2,1042421,1041967,454
76287641,29.6297,28.8631,455,33309,0.873848,0.67,2,1042445,1041990,455
76290561,22.6519,22.3452,455,33372,0.871539,0.73,2,1042463,1042008,455
76293481,58.2608,55.7381,459,33435,0.882616,0.75,2,1042545,1042086,459
76296401,24.5043,23.4952,459,33498,0.887046,0.87,2,1042547,1042088,459
76430721,63.2489,65.847,486,36289,0.871811,1,2,1044549,1044063,486
76433641,52.8996,55.7388,483,36347,0.774724,1,2,1044595,1044112,483
76457001,32.6592,31.264,487,36810,0.429424,0.99,1,1044866,1044379,487
76532921,40.0799,35.2414,496,38274,0.760017,0.67,2,1045841,1045345,496
76535841,55.632,39.2965,520,38329,0.766007,0.67,2,1045907,1045387,520
76538761,48.6528,55.3186,498,38384,0.780403,0.67,2,1045951,1045453,498
76541681,39.8611,48.5274,488,38439,0.810161,0.69,2,1045985,1045497,488
76544601,33.3444,39.211,484,38494,0.846064,0.73,2,1046014,1045530,484
76547521,32.5378,31.8844,489,38549,0.872426,0.69,2,1046046,1045557,489
76690601,53.403,57.58,520,41148,0.846266,1,2,1047837,1047317,520
76693521,44.1612,50.032,513,41199,0.776506,1,2,1047875,1047362,513
76763601,30.1372,29.1779,452,42411,0.761258,0.65,2,1048602,1048150,452
76766521,31.2549,30.8711,452,42461,0.778503,0.73,2,1048634,1048182,452
76769441,58.102,55.5485,456,42511,0.761401,0.73,2,1048710,1048254,456
76772361,49.6408,48.6194,456,42561,0.79056,0.71,2,1048754,1048298,456
76775281,40.2563,39.2478,457,42611,0.862224,0.67,2,1048788,1048331,457
76778201,35.3025,36.0991,455,42661,0.86689,0.71,2,1048820,1048365,455
76781121,32.721,31.2396,458,42710,0.892756,0.69,2,1048851,1048393,458
76985521,31.9967,44.0487,516,46039,0.891556,1,2,1051118,1050602,516
76991361,42.0795,42.8078,515,46131,0.868649,1,2,1051209,1050694,515
76994281,39.0318,35.7231,521,46177,0.78546,1,2,1051246,1050725,521
76997201,36.6127,41.2892,511,46223,0.764184,1,2,1051281,1050770,511
77000121,36.2451,38.7157,510,46269,0.755674,1,2,1051317,1050807,510
77003041,24.098,32.2863,498,46315,0.776269,0.95,2,1051333,1050835,498
77008881,32.8957,29.1658,510,46406,0.756603,1,2,1051397,1050887,510
77011801,31.7583,33.2663,505,46451,0.776641,1,2,1051428,1050923,505
77017641,12.4013,20.8026,480,46541,0.761463,1,2,1051448,1050968,480
77023481,30.5442,24.4484,505,46631,0.766234,0.94,2,1051513,1051008,505
77026401,39.8177,31.9794,514,46676,0.780494,1,2,1051559,1051045,514
77029321,30.3271,40.9917,491,46721,0.798198,0.83,2,1051583,1051092,491
77032241,40.3308,31.9967,512,46766,0.817279,0.95,2,1051630,1051118,512
77035161,39.5323,42.1987,502,46811,0.848912,0.83,2,1051669,1051167,502
77038081,34.4129,42.0795,491,46856,0.861565,0.73,2,1051700,1051209,491
77041001,37.1652,39.0318,493,46901,0.854626,0.75,2,1051739,1051246,493
77043921,36.4661,36.6127,494,46946,0.88785,0.75,2,1051775,1051281,494
77064361,22.7347,12.4013,487,47261,0.895084,0.71,2,1051935,1051448,487
77067281,31.8939,22.3605,496,47306,0.880033,0.79,2,1051973,1051477,496
77070201,40.3576,30.5442,506,47351,0.886013,0.79,2,1052019,1051513,506
77073121,17.343,39.8177,462,47396,0.888405,0.81,2,1052021,1051559,462
77251241,25.8119,32.2219,510,50033,0.87143,1,2,1053889,1053379,510
77254161,33.1248,21.2888,534,50075,0.798572,1,2,1053927,1053393,534
77311101,282.848,347.058,440,23360,0.280789,0.31,1,1054437,1053997,440
77325701,58.4036,66.406,451,23810,0.0899377,0.13,1,1054774,1054323,451
77340301,70.3248,69.4314,429,24252,0.215318,0.07,1,1055022,1054593,429
77343221,53.3299,54.7725,426,24339,0.248127,0.13,1,1055064,1054638,426
77346141,80.132,79.509,428,24426,0.273251,0.07,1,1055162,1054734,428
77349061,54.2528,55.8036,425,24513,0.2713,0.13,1,1055199,1054774,425
77351981,57.7011,56.5214,428,24599,0.27052,0.15,1,1055259,1054831,428
77357821,19.7922,19.3634,429,24771,0.296483,0.21,1,1055291,1054862,429
77392861,83.7115,53.0427,540,25779,0.409908,0.41,1,1056037,1055497,540
77395781,55.0846,81.8171,475,25861,0.433963,0.37,1,1056073,1055598,475
77419141,56.8984,83.7113,480,26509,0.769475,0.45,2,1056517,1056037,480
77422061,58.7594,55.0845,504,26589,0.78179,0.49,2,1056577,1056073,504
77424981,39.7037,56.8338,473,26669,0.822716,0.55,2,1056604,1056131,473
77427901,20.6815,37.7335,456,26748,0.851086,0.55,2,1056612,1056156,456
77430821,59.2726,19.8934,533,26827,0.898435,0.61,2,1056697,1056164,533
77594341,40.2426,49.1282,479,30936,0.863005,1,2,1059567,1059088,479
77597261,60.497,64.6513,478,31004,0.783202,1,2,1059641,1059163,478
77646901,40.7661,40.5089,486,32145,0.754002,0.49,2,1060401,1059915,486
77649821,36.7064,41.4036,478,32211,0.799601,0.45,2,1060435,1059957,478
77652741,37.4826,36.3614,483,32277,0.84184,0.53,2,1060473,1059990,483
77842541,39.9664,36.3552,496,36290,0.862,1,2,1063284,1062788,496
77845461,33.9866,33.1421,495,36348,0.8188,1,2,1063314,1062819,495
77848381,33.9946,28.2568,504,36406,0.75352,1,2,1063348,1062844,504
77851301,33.9979,32.9027,502,36464,0.811408,1,2,1063382,1062880,502
77854221,33.9991,50.9611,473,36522,0.798563,1,2,1063416,1062943,473
77862981,59.0799,62.7815,484,36696,0.750228,1,2,1063570,1063086,484
77915541,31.1733,34.0422,483,37718,0.782623,0.73,2,1064233,1063750,483
77918461,29.2693,30.4169,483,37774,0.799049,0.69,2,1064261,1063778,483
77921381,32.7077,30.1668,488,37830,0.82962,0.73,2,1064296,1063808,488
77924301,31.0831,31.8667,485,37886,0.853848,0.69,2,1064326,1063841,485
77927221,32.8332,31.9467,487,37942,0.863539,0.65,2,1064360,1063873,487
78178341,38.3149,34.1536,493,42462,0.832,1,2,1067515,1067022,493
78192941,33.1639,34.9654,489,42711,0.29843,1,1,1067698,1067209,489
78198781,35.4262,26.3545,507,42809,0.0729488,1,1,1067771,1067264,507
78201701,32.7705,38.1418,492,42858,0.0291795,1,1,1067802,1067310,492
78204621,29.3082,38.6567,480,42907,0.0656718,1,1,1067829,1067349,480
78207541,27.3233,29.8627,482,42956,0.0562687,1,1,1067855,1067373,482
78210461,30.1293,33.5451,478,43005,0.0525075,1,1,1067887,1067409,478
78213381,26.4517,13.418,502,43054,0.051003,1,1,1067911,1067409,502
78216301,27.9807,25.1672,498,43103,0.0384012,0.95,1,1067940,1067442,498
78219221,32.1923,28.0669,503,43152,0.0333605,0.74,1,1067975,1067472,503
78222141,35.0769,37.0268,497,43201,0.0673442,0.69,1,1068012,1067515,497
78225061,29.6308,37.0107,486,43250,0.0689377,0.63,1,1068038,1067552,486
78227981,32.8523,37.6043,483,43299,0.0335751,0.37,1,1068073,1067590,483
78230901,29.3409,41.4417,466,43348,0.06743,0.29,1,1068100,1067634,466
78233821,27.3364,36.3767,459,43397,0.080972,0.25,1,1068126,1067667,459
78239661,31.9738,36.0603,457,43495,0.0597555,0.03,1,1068193,1067736,457
78242581,30.7895,35.4241,452,43544,0.0539022,0,1,1068223,1067771,452
78245501,30.3158,32.7696,451,43592,0.0395609,0.09,1,1068253,1067802,451
78248421,25.9263,29.3079,447,43640,0.0698244,0.05,1,1068276,1067829,447
78257181,27.8673,26.4517,452,43784,0.0464688,0.03,1,1068363,1067911,452
78260101,30.9469,27.9807,456,43832,0.0845875,0.03,1,1068396,1067940,456
78263021,36.9788,32.1923,462,43880,0.075835,0.09,1,1068437,1067975,462
78286381,30.879,30.7895,453,44264,0.0957877,0.03,1,1068676,1068223,453
78309741,30.5076,29.7915,428,44644,0.226473,0.15,1,1068890,1068462,428
78312661,33.803,32.9166,429,44691,0.228589,0.15,1,1068926,1068497,429
78315581,30.3212,29.9666,429,44738,0.229436,0.15,1,1068954,1068525,429
78318501,27.7285,27.5867,429,44785,0.253774,0.19,1,1068980,1068551,429
78321421,34.4914,33.2347,431,44832,0.22751,0.17,1,1069019,1068588,431
78324341,28.1966,29.4939,428,44879,0.217004,0.11,1,1069043,1068615,428
78327261,28.0786,29.1975,427,44926,0.236802,0.07,1,1069071,1068644,427
78330181,29.8314,30.879,426,44973,0.232721,0.15,1,1069102,1068676,426
78333101,28.7326,27.3516,429,45020,0.231088,0.13,1,1069130,1068701,429
78336021,31.893,30.7406,430,45067,0.242435,0.17,1,1069164,1068734,430
78338941,27.1572,26.6963,430,45114,0.246974,0.17,1,1069188,1068758,430
78341861,28.2629,28.0785,430,45161,0.28479,0.17,1,1069217,1068787,430
78344781,12.5052,12.4314,430,45208,0.299916,0.21,1,1069219,1068789,430
78356461,34.7409,33.803,433,45396,0.403342,0.23,1,1069359,1068926,433
78359381,30.6964,30.3212,433,45442,0.443337,0.27,1,1069387,1068954,433
78362301,27.8785,27.7285,433,45488,0.435335,0.21,1,1069413,1068980,433
78365221,33.9514,34.4914,432,45534,0.444134,0.21,1,1069451,1069019,432
78368141,27.9806,28.1966,432,45580,0.447654,0.25,1,1069475,1069043,432
78379821,32.4395,31.893,434,45764,0.444084,0.25,1,1069598,1069164,434
78446981,31.5549,36.2094,474,46812,0.771811,0.49,2,1070274,1069800,474
78449901,29.422,31.8838,473,46857,0.806724,0.47,2,1070302,1069829,473
78452821,35.1688,28.9535,485,46902,0.84469,0.53,2,1070341,1069856,485
78455741,29.6675,34.3814,473,46947,0.871876,0.55,2,1070367,1069894,473
78458661,28.667,28.7526,476,46992,0.88275,0.55,2,1070395,1069919,476
78461581,30.6668,28.301,480,47037,0.8991,0.53,2,1070427,1069947,480
78467421,32.1467,28.0482,482,47127,0.896256,0.55,2,1070488,1070006,482
78727301,322.66,348.045,469,23360,0.829173,0.83,2,1073102,1072633,469
78730221,169.864,163.218,497,23451,0.769669,0.81,2,1073170,1072673,497
78733141,122.546,105.487,521,23541,0.769868,0.77,2,1073261,1072740,521
78736061,83.2182,94.3949,491,23631,0.781947,0.81,2,1073318,1072827,491
78738981,70.4873,73.758,493,23721,0.810779,0.83,2,1073380,1072887,493
78741901,54.5949,60.7032,485,23810,0.822312,0.71,2,1073424,1072939,485
78744821,68.038,65.0813,494,23899,0.862925,0.71,2,1073501,1073007,494
78747741,45.2152,50.0325,484,23988,0.87917,0.69,2,1073531,1073047,484
78750661,36.0861,44.013,474,24076,0.861668,0.73,2,1073561,1073087,474
78756501,78.2538,81.5621,461,24252,0.895067,0.79,2,1073722,1073261,461
78893741,67.2868,70.3223,484,28064,0.886968,1,2,1076415,1075931,484
78896661,49.7147,51.5289,483,28139,0.828787,1,2,1076453,1075970,483
78899581,41.4859,39.2116,488,28214,0.757515,1,2,1076489,1076001,488
78908341,54.6151,17.6775,545,28439,0.409681,0.99,1,1076647,1076102,545
78914181,59.6184,40.9884,541,28587,0.258749,0.97,1,1076751,1076210,541
78940461,56.7158,41.0449,503,29247,0.225311,0.19,1,1077182,1076679,503
78943381,53.2863,59.618,482,29319,0.264125,0.09,1,1077233,1076751,482
78946301,65.1145,56.8472,500,29391,0.27965,0.13,1,1077306,1076806,500
78975501,64.7139,65.1145,436,30103,0.425708,0.33,1,1077742,1077306,436
78978421,49.2856,48.2458,438,30173,0.440283,0.33,1,1077781,1077343,438
79010541,38.023,36.5142,446,30936,0.763718,0.51,2,1078255,1077809,446
79013461,47.0092,45.8057,447,31004,0.803487,0.55,2,1078308,1077861,447
79016381,39.2037,38.7223,447,31072,0.819395,0.55,2,1078342,1077895,447
79019301,49.8815,49.6889,447,31140,0.825758,0.55,2,1078399,1077952,447
79022221,36.7526,36.6756,447,31208,0.852303,0.55,2,1078427,1077980,447
79025141,15.901,15.8702,447,31276,0.838921,0.55,2,1078429,1077982,447
79028061,51.9604,6.34809,523,31344,0.833569,0.59,2,1078505,1077982,523
79030981,53.1842,46.3392,504,31412,0.831427,0.65,2,1078559,1078055,504
79033901,72.8737,50.3357,537,31479,0.830571,0.73,2,1078645,1078108,537
79036821,51.9495,67.5343,496,31546,0.854228,0.75,2,1078683,1078187,496
79039741,38.7798,49.8137,488,31613,0.863691,0.79,2,1078713,1078225,488
79168221,53.5394,31.3833,552,34435,0.86651,1,2,1080689,1080137,552
79171141,44.2157,57.5533,515,34496,0.760604,1,2,1080727,1080212,515
79182821,29.1207,33.667,518,34740,0.282655,1,1,1080881,1080363,518
79188661,36.9393,52.7867,503,34862,0.0584249,1,1,1080966,1080463,503
79191581,53.1757,40.3147,535,34923,0.0413699,0.93,1,1081030,1080495,535
79194501,39.2703,53.9259,502,34984,0.034548,1,1,1081060,1080558,502
79197421,33.7081,41.3704,499,35044,0.0558192,0.93,1,1081090,1080591,499
79200341,48.8832,36.3481,525,35104,0.0403277,0.81,1,1081149,1080624,525
79203261,39.9533,53.5393,494,35164,0.0341311,0.69,1,1081183,1080689,494
79206181,47.1813,44.2157,508,35224,0.0316524,0.41,1,1081235,1080727,508
79209101,36.8725,57.8863,471,35284,0.018661,0.39,1,1081265,1080794,471
79212021,28.549,41.7545,463,35344,0.0374644,0.35,1,1081288,1080825,463
79214941,24.0196,35.3018,453,35404,0.0689858,0.21,1,1081309,1080856,453
79220781,34.4431,42.8483,454,35524,0.0602377,0.01,1,1081387,1080933,454
79223701,52.7773,36.9393,486,35584,0.0300951,0.03,1,1081452,1080966,486
79226621,39.1109,53.1757,452,35643,0.030038,0.03,1,1081482,1081030,452
79229541,16.8444,39.2703,424,35702,0.0120152,0.07,1,1081484,1081060,424
79232461,25.3377,33.7081,425,35761,0.0468061,0.03,1,1081515,1081090,425
79235381,43.7351,48.8832,422,35820,0.0367224,0.03,1,1081571,1081149,422
79238301,38.494,39.9533,423,35879,0.056689,0.03,1,1081606,1081183,423
79241221,47.7976,47.1813,425,35938,0.0526756,0.01,1,1081660,1081235,425
79258741,52.2222,52.7773,422,36290,0.0962446,0.03,1,1081874,1081452,422
79261661,40.0889,39.1109,424,36348,0.0384978,0,1,1081906,1081482,424
79264581,17.2356,16.8444,424,36406,0.0333991,0.07,1,1081908,1081484,424
79267501,24.8942,25.3377,423,36464,0.0673597,0.03,1,1081938,1081515,423
79270421,42.9577,43.7351,422,36522,0.0569439,0.07,1,1081993,1081571,422
79273341,39.9831,38.494,425,36580,0.0407775,0.05,1,1082031,1081606,425
79276261,49.5932,47.7976,427,36638,0.082311,0.15,1,1082087,1081660,427
79296701,39.4487,40.0889,423,37039,0.0591902,0.03,1,1082329,1081906,423
79299621,16.9795,17.2356,423,37096,0.0296761,0.09,1,1082331,1081908,423
79302541,25.3918,24.8942,424,37153,0.0298704,0.09,1,1082362,1081938,424
79305461,41.3567,9.95769,476,37210,0.0299482,0.05,1,1082414,1081938,476
79308381,39.9427,36.9831,460,37267,0.0539793,0.03,1,1082453,1081993,460
79311301,50.7771,37.5932,480,37324,0.0515917,0.11,1,1082511,1082031,480
79314221,39.5108,48.6373,456,37381,0.0626367,0.15,1,1082543,1082087,456
79317141,31.4043,37.4549,452,37438,0.0790547,0.13,1,1082569,1082117,452
79320061,25.7617,29.982,449,37494,0.0976219,0.15,1,1082591,1082142,449
79325901,31.7219,36.2371,457,37606,0.216019,0.17,1,1082664,1082207,457
79328821,46.8888,31.2948,486,37662,0.248408,0.13,1,1082721,1082235,486
79331741,36.1555,49.1179,454,37718,0.225363,0,1,1082750,1082296,454
79334661,15.6622,39.4472,423,37774,0.216145,0.01,1,1082752,1082329,423
79337581,25.4649,16.9789,453,37830,0.212458,0.03,1,1082784,1082331,453
79340501,41.386,25.3915,474,37886,0.210983,0.03,1,1082836,1082362,474
79346341,50.6618,39.9426,481,37998,0.217357,0.05,1,1082934,1082453,481
79349261,40.0647,50.7771,456,38054,0.224943,0.07,1,1082967,1082511,456
79352181,32.2259,39.5108,451,38110,0.239977,0.09,1,1082994,1082543,451
79355101,27.2904,31.4043,449,38165,0.245991,0.11,1,1083018,1082569,449
79358021,41.5161,25.7617,478,38220,0.260396,0.21,1,1083069,1082591,478
79360941,33.4065,37.3047,461,38275,0.266159,0.25,1,1083097,1082636,461
79460221,42.3715,41.1665,449,40109,0.785724,0.55,2,1084253,1083804,449
79463141,37.9486,16.4666,484,40162,0.788289,0.63,2,1084288,1083804,484
79466061,33.7794,26.9866,481,40215,0.777316,0.63,2,1084319,1083838,481
79468981,29.7118,28.1947,479,40268,0.760926,0.71,2,1084346,1083867,479
79471901,46.0847,26.2779,511,40320,0.814371,0.73,2,1084403,1083892,511
79474821,35.2339,42.9111,485,40372,0.835748,0.71,2,1084431,1083946,485
79477741,51.8936,35.7645,517,40424,0.880299,0.69,2,1084494,1083977,517
79655861,35.6319,42.5634,507,43495,0.866271,1,2,1086594,1086087,507
79658781,29.8528,35.0254,503,43544,0.784508,1,2,1086620,1086117,503
79673381,26.2891,22.7583,516,43784,0.261867,1,1,1086779,1086263,516
79679221,39.1262,32.4413,528,43880,0.0730987,1,1,1086857,1086329,528
79682141,37.2505,51.9765,499,43928,0.0832395,1,1,1086893,1086394,499
79685061,38.9002,36.9906,512,43976,0.0752958,1,1,1086933,1086421,512
79687981,30.5601,33.9962,505,44024,0.0481183,1,1,1086958,1086453,505
79690901,29.024,33.9985,499,44072,0.0252473,0.97,1,1086986,1086487,499
79693821,33.8096,32.1994,505,44120,0.0400989,0.88,1,1087023,1086518,505
79696741,31.5238,38.0798,493,44168,0.0460396,0.83,1,1087053,1086560,493
79699661,24.0095,35.6319,478,44216,0.0724158,0.73,1,1087072,1086594,478
79714261,22.4555,29.7226,454,44456,0.202774,0.19,1,1087209,1086755,454
79717181,10.1822,26.2891,432,44503,0.219109,0.13,1,1087211,1086779,432
79720101,20.2729,30.3156,426,44550,0.225644,0,1,1087238,1086812,426
79725941,35.8837,37.2505,424,44644,0.066103,0.07,1,1087317,1086893,424
79734701,29.0566,29.024,423,44785,0.0947106,0.05,1,1087409,1086986,423
79737621,33.2226,33.8096,422,44832,0.0678842,0.05,1,1087445,1087023,422
79740541,33.089,31.5238,425,44879,0.0451537,0.09,1,1087478,1087053,425
79743461,25.8356,24.0095,427,44926,0.0360615,0.15,1,1087499,1087072,427
79746381,31.9342,30.6038,428,44973,0.0564246,0.17,1,1087535,1087107,428
79749301,39.7737,36.2415,433,45020,0.0645698,0.15,1,1087580,1087147,433
79752221,23.1095,24.0966,429,45067,0.0438279,0.17,1,1087592,1087163,429
79755141,26.0438,24.6386,432,45114,0.0595312,0.23,1,1087620,1087188,432
79758061,22.4175,22.4555,431,45161,0.0658125,0.23,1,1087640,1087209,431
79760981,10.167,10.1822,431,45208,0.068325,0.23,1,1087642,1087211,431
79763901,20.2668,20.2729,431,45255,0.05733,0.05,1,1087669,1087238,431
79766821,28.5067,32.7091,424,45302,0.088932,0.03,1,1087703,1087279,424
79769741,34.2027,35.8837,424,45349,0.0535728,0.13,1,1087741,1087317,424
79772661,38.8811,38.3535,426,45396,0.0634291,0.15,1,1087783,1087357,426
79775581,30.5524,29.1414,428,45442,0.0793716,0.07,1,1087808,1087380,428
79822301,26.9823,30.2411,449,46178,0.211613,0.13,1,1088257,1087808,449
79825221,34.1929,26.4965,464,46224,0.246645,0.15,1,1088296,1087832,464
79828141,32.8772,32.7986,459,46270,0.272658,0.15,1,1088328,1087869,459
79831061,25.1509,31.7194,448,46316,0.283063,0.17,1,1088348,1087900,448
79833981,33.4603,25.2878,466,46362,0.287225,0.17,1,1088387,1087921,466
79860261,39.8559,33.0989,473,46767,0.404915,0.17,1,1088636,1088163,473
79863181,32.7424,39.6396,457,46812,0.407966,0.19,1,1088664,1088207,457
79889461,23.7155,26.1415,459,47217,0.423567,0.35,1,1088931,1088472,459
79965381,34.1993,33.575,448,48365,0.761153,0.61,2,1089651,1089203,448
79968301,28.0797,26.03,451,48409,0.802461,0.65,2,1089675,1089224,451
79971221,35.2319,33.812,452,48453,0.818984,0.69,2,1089715,1089263,452
79974141,42.8928,41.1248,454,48496,0.861594,0.65,2,1089763,1089309,454
79977061,24.9571,23.6499,455,48539,0.890638,0.71,2,1089776,1089321,455
80260301,330.233,357.704,498,23360,0.813974,0.99,2,1092596,1092098,498
80307021,36.5575,35.6693,451,25461,0.771229,0.63,2,1093497,1093046,451
80309941,50.623,14.2677,511,25544,0.794492,0.63,2,1093557,1093046,511
80312861,71.8492,42.3071,536,25627,0.827797,0.61,2,1093643,1093107,536
80315781,61.7397,67.9228,506,25710,0.865119,0.69,2,1093698,1093192,506
80318701,57.0959,58.9691,507,25792,0.892048,0.73,2,1093752,1093245,507
80461781,53.0677,43.148,533,29547,0.890367,1,2,1096415,1095882,533
80593181,50.9973,76.5954,496,32613,0.880432,1,2,1098555,1098059,496
80596101,47.9989,50.4382,509,32678,0.838173,1,2,1098601,1098092,509
80599021,41.3996,39.9753,513,32743,0.773269,1,2,1098638,1098125,513
80613621,52.9407,50.146,493,33064,0.262405,0.98,1,1098848,1098355,493
80619461,38.3505,38.9834,490,33192,0.0671847,0.88,1,1098920,1098430,490
80622381,53.1402,65.9933,469,33256,0.0328739,0.85,1,1098983,1098514,469
80625301,48.2561,50.9973,473,33320,0.0431496,0.81,1,1099028,1098555,473
80628221,39.1024,47.9989,460,33383,0.0232598,0.73,1,1099061,1098601,460
80631141,36.041,41.3996,457,33446,0.0633039,0.69,1,1099095,1098638,457
80634061,33.6164,37.5598,454,33509,0.0553216,0.47,1,1099127,1098673,454
80636981,29.6466,34.8239,448,33572,0.0521286,0.39,1,1099154,1098706,448
80639901,32.2586,39.1296,440,33635,0.0508514,0.21,1,1099188,1098748,440
80642821,32.1034,37.8518,435,33698,0.0863406,0.23,1,1099220,1098785,435
80651581,37.0466,38.3505,426,33887,0.0715258,0.01,1,1099346,1098920,426
80654501,50.2186,53.1402,422,33949,0.0586103,0.05,1,1099405,1098983,422
80657421,47.0875,48.2561,422,34011,0.0294441,0.01,1,1099450,1099028,422
80660341,38.635,39.1024,422,34073,0.0537776,0.09,1,1099483,1099061,422
80663261,37.054,36.041,424,34135,0.0275111,0.05,1,1099519,1099095,424
80666181,32.8216,33.6164,422,34197,0.0770044,0.05,1,1099549,1099127,422
80669101,29.3286,29.6466,422,34259,0.0608018,0.05,1,1099576,1099154,422
80672021,32.1315,11.8586,456,34321,0.0543207,0.05,1,1099610,1099154,456
80674941,32.0526,25.1434,454,34383,0.0637283,0.11,1,1099642,1099188,454
80677861,49.421,29.2574,483,34444,0.0674913,0.15,1,1099703,1099220,483
80680781,37.7684,45.903,456,34505,0.0689965,0.09,1,1099733,1099277,456
80683701,36.7074,38.1612,459,34566,0.0935986,0.05,1,1099769,1099310,459
80686621,48.8829,36.8645,480,34627,0.0914394,0.05,1,1099826,1099346,480
80689541,46.5532,50.1458,466,34688,0.0545758,0.01,1,1099871,1099405,466
80692461,38.4213,47.0583,454,34749,0.0278303,0.07,1,1099904,1099450,454
80695381,36.9685,38.6233,457,34810,0.0291321,0.01,1,1099940,1099483,457
80698301,33.3874,37.0493,452,34871,0.0296529,0.11,1,1099971,1099519,452
80701221,28.955,32.8197,448,34932,0.0298611,0.05,1,1099997,1099549,448
80704141,32.582,29.3279,456,34993,0.0419445,0.05,1,1100032,1099576,456
80707061,33.4328,32.1312,456,35053,0.0707778,0.07,1,1100066,1099610,456
80709981,49.9731,32.0525,485,35113,0.0943111,0.07,1,1100127,1099642,485
80753781,48.8508,48.7983,430,36005,0.216683,0.15,1,1100681,1100251,430
80756701,42.3403,44.1193,427,36064,0.272673,0.07,1,1100719,1100292,427
80759621,36.1361,38.0477,425,36123,0.295069,0.11,1,1100751,1100326,425
80768381,29.4807,28.9311,429,36298,0.297044,0.13,1,1100848,1100419,429
80782981,37.7016,37.5673,428,36588,0.405867,0.17,1,1101013,1100585,428
80785901,40.8806,39.6269,430,36646,0.420347,0.25,1,1101056,1100626,430
80861821,47.0367,55.1109,490,38118,0.77404,0.59,2,1102051,1101561,490
80864741,38.0147,45.4444,483,38173,0.771616,0.61,2,1102083,1101600,483
80867661,38.0059,37.3778,489,38228,0.770646,0.61,2,1102121,1101632,489
80870581,34.4023,37.7511,483,38283,0.794259,0.59,2,1102153,1101670,483
80873501,29.3609,34.9004,476,38338,0.803703,0.59,2,1102179,1101703,476
80876421,35.7444,29.5602,490,38393,0.819481,0.65,2,1102219,1101729,490
80879341,15.4977,33.4241,456,38448,0.825793,0.65,2,1102221,1101765,456
80882261,27.7991,14.5696,490,38503,0.864317,0.67,2,1102257,1101767,490
80885181,52.5196,27.4279,523,38558,0.879727,0.67,2,1102326,1101803,523
80896861,51.3269,54.5918,458,38778,0.899913,0.81,2,1102467,1102009,458
81086661,40.1992,32.5667,509,42168,0.879078,1,2,1104833,1104324,509
81089581,40.0797,39.4267,505,42218,0.801631,1,2,1104873,1104368,505
81112941,30.2564,37.232,487,42618,0.427847,0.94,1,1105147,1104660,487
81115861,22.9026,28.0928,483,42668,0.417139,1,1,1105165,1104682,483
81118781,36.161,35.2371,488,42717,0.412856,1,1,1105210,1104722,488
81142141,33.6719,30.978,475,43109,0.28887,0.43,1,1105468,1104993,475
81145061,24.2688,30.3912,463,43158,0.265548,0.53,1,1105486,1105023,463
81147981,35.5075,22.9565,488,43207,0.280219,0.53,1,1105529,1105041,488
81156741,23.6565,30.1492,460,43354,0.292734,0.41,1,1105607,1105147,460
81159661,37.0626,22.8597,488,43403,0.267094,0.41,1,1105653,1105165,488
81162581,31.025,36.1439,470,43452,0.292837,0.29,1,1105680,1105210,470
81188861,34.8608,24.2688,477,43886,0.405961,0.29,1,1105963,1105486,477
81191781,35.5443,35.5075,470,43934,0.444384,0.35,1,1105999,1105529,470
81247261,34.0993,32.4027,449,44837,0.788207,0.55,2,1106565,1106116,449
81250181,23.2397,22.5611,449,44884,0.813283,0.57,2,1106581,1106132,449
81253101,34.4959,33.6244,450,44931,0.823313,0.59,2,1106623,1106173,450
81256021,32.3984,31.4498,451,44978,0.839325,0.61,2,1106654,1106203,451
81258941,33.3593,32.3799,452,45025,0.84573,0.61,2,1106688,1106236,452
81261861,35.5437,34.552,453,45072,0.872292,0.65,2,1106725,1106272,453
81264781,37.6175,36.6208,454,45119,0.870917,0.65,2,1106764,1106310,454
81267701,33.047,32.6483,454,45166,0.870367,0.65,2,1106794,1106340,454
81270621,14.4188,14.2593,454,45213,0.870147,0.69,2,1106796,1106342,454
81460421,26.9281,29.1063,520,48149,0.899663,1,2,1108839,1108319,520
81511521,310.171,344.643,464,21900,0.401865,0.69,1,1109338,1108874,464
81520281,92.307,89.5451,485,22910,0.0705994,0.23,1,1109573,1109088,485
81523201,65.7228,91.018,441,23003,0.0822397,0.11,1,1109621,1109180,441
81526121,62.2891,65.8072,452,23095,0.0628959,0.05,1,1109681,1109229,452
81529041,53.7156,73.1229,422,23187,0.0551584,0.01,1,1109729,1109307,422
81531961,29.2863,34.0492,427,23278,0.0400633,0.07,1,1109742,1109315,427
81534881,68.1145,27.4197,498,23369,0.0460253,0.03,1,1109836,1109338,498
81537801,77.6458,56.5679,506,23460,0.0484101,0.05,1,1109920,1109414,506
81540721,76.0583,73.0271,497,23550,0.0853641,0.05,1,1109995,1109498,497
81549481,50.5637,59.3937,469,23819,0.212103,0.05,1,1110150,1109681,469
81552401,28.0255,52.5575,434,23908,0.246841,0.03,1,1110163,1109729,434
81555321,12.4102,28.823,423,23997,0.236737,0.05,1,1110165,1109742,423
81561161,75.9056,77.5717,424,24173,0.0942778,0.11,1,1110344,1109920,424
81572841,52.3432,50.5618,434,24522,0.215006,0.27,1,1110584,1110150,434
81575761,27.5373,28.0247,432,24608,0.236002,0.23,1,1110595,1110163,432
81578681,12.2149,12.4099,432,24694,0.244401,0.11,1,1110597,1110165,432
81581601,58.286,60.764,428,24780,0.25976,0.05,1,1110686,1110258,428
81584521,71.3144,75.9056,422,24866,0.277904,0.13,1,1110766,1110344,422
81587441,78.9258,78.3622,426,24951,0.285162,0.15,1,1110850,1110424,426
81602041,12.6604,12.2149,434,25373,0.412466,0.27,1,1111031,1110597,434
81654601,73.5598,59.2709,529,26836,0.754461,0.53,2,1112091,1111562,529
81657521,80.4239,72.9084,532,26915,0.775784,0.53,2,1112176,1111644,532
81660441,33.3696,80.1633,449,26994,0.784314,0.57,2,1112178,1111729,449
81663361,48.7478,65.6653,452,27072,0.811726,0.63,2,1112237,1111785,452
81666281,61.4991,67.6661,453,27150,0.85869,0.71,2,1112307,1111854,453
81803521,47.1622,37.1189,502,30599,0.8308,1,2,1114702,1114200,502
81812281,41.9944,36.1676,502,30806,0.289091,1,1,1114835,1114333,502
81818121,62.0391,68.1868,480,30944,0.0594546,1,1,1114950,1114470,480
81821041,52.4156,54.2747,481,31012,0.0417818,1,1,1114996,1114515,481
81823961,58.1663,55.9099,486,31080,0.0587127,1,1,1115058,1114572,486
81826881,45.4665,48.764,479,31148,0.0234851,0.92,1,1115095,1114616,479
81829801,30.7866,39.9056,466,31216,0.015394,0.75,1,1115116,1114650,466
81832721,37.5146,47.1622,456,31284,0.00615761,0.75,1,1115158,1114702,456
81835641,35.4059,18.8649,490,31352,0.032463,0.57,1,1115192,1114702,490
81838561,38.1623,32.146,489,31419,0.0129852,0.33,1,1115232,1114743,489
81841481,32.6649,46.4584,462,31486,0.0351941,0.17,1,1115261,1114799,462
81844401,34.066,40.1834,461,31553,0.0320776,0.03,1,1115296,1114835,461
81847321,59.8264,38.8733,500,31620,0.0188311,0.01,1,1115373,1114873,500
81850241,50.3306,61.7493,467,31687,0.0495324,0.03,1,1115417,1114950,467
81853161,58.5322,52.2997,485,31754,0.061813,0.07,1,1115481,1114996,485
81856081,45.6129,58.1199,460,31821,0.0427252,0,1,1115518,1115058,460
81859001,29.6452,45.448,442,31887,0.0230901,0.01,1,1115537,1115095,442
81861921,37.0581,30.7792,463,31953,0.015236,0,1,1115579,1115116,463
81864841,35.2232,37.5117,455,32019,0.0120944,0.05,1,1115613,1115158,455
81867761,38.0893,35.4047,461,32085,0.00483776,0,1,1115653,1115192,461
81870681,33.8357,38.1619,452,32151,0.0199351,0.05,1,1115684,1115232,452
81873601,33.3343,32.6647,456,32217,0.037974,0.03,1,1115717,1115261,456
81876521,59.5337,34.0659,498,32283,0.0211896,0.01,1,1115794,1115296,498
81879441,50.8135,59.8264,466,32349,0.0384758,0.07,1,1115839,1115373,466
81882361,59.3254,50.3305,487,32414,0.0693903,0.07,1,1115904,1115417,487
81885281,45.3302,58.5322,459,32479,0.0337561,0.03,1,1115940,1115481,459
81888201,30.1321,45.6129,442,32544,0.0435025,0.01,1,1115960,1115518,442
81891121,36.6528,29.6452,464,32609,0.047401,0.01,1,1116001,1115537,464
81894041,36.2611,37.0581,458,32674,0.0249604,0.01,1,1116037,1115579,458
81896961,36.7045,35.2232,461,32739,0.00998416,0,1,1116074,1115613,461
81899881,15.8818,38.0893,423,32804,0.00399366,0.03,1,1116076,1115653,423
81902801,27.3527,33.8357,427,32868,0.0435975,0.05,1,1116111,1115684,427
81905721,27.7411,33.3343,422,32932,0.071439,0.01,1,1116139,1115717,422
81908641,57.8964,59.5337,423,32996,0.0285756,0.05,1,1116217,1115794,423
81911561,53.1586,50.8135,428,33060,0.0414302,0.09,1,1116267,1115839,428
81914481,57.8634,59.3254,424,33124,0.0345721,0.01,1,1116328,1115904,424
81917401,43.5454,45.3302,422,33188,0.0318288,0.05,1,1116362,1115940,422
81920321,29.4181,30.1321,422,33252,0.0127315,0.05,1,1116382,1115960,422
81923241,36.3673,36.6528,422,33316,0.0110926,0.01,1,1116423,1116001,422
81926161,36.7469,36.2611,423,33379,0.022437,0,1,1116460,1116037,423
81929081,36.2988,36.7045,422,33442,0.00897482,0,1,1116496,1116074,422
81932001,15.7195,15.8818,422,33505,0.0215899,0.07,1,1116498,1116076,422
81934921,27.8878,27.3527,423,33568,0.038636,0.09,1,1116534,1116111,423
81937841,27.3551,27.7411,422,33631,0.0454544,0,1,1116561,1116139,422
81940761,57.7421,57.8964,422,33694,0.0181818,0.05,1,1116639,1116217,422
81943681,54.2968,53.1586,424,33757,0.0132727,0.03,1,1116691,1116267,424
81946601,57.7187,57.8634,423,33820,0.0113091,0.03,1,1116751,1116328,423
81949521,43.4875,43.5454,423,33883,0.0105236,0,1,1116785,1116362,423
81952441,29.995,29.4181,424,33945,0.0462095,0.01,1,1116806,1116382,424
81955361,35.398,36.3673,422,34007,0.0244838,0.03,1,1116845,1116423,422
81958281,36.3592,36.7469,422,34069,0.0277935,0,1,1116882,1116460,422
81961201,36.1437,36.2988,422,34131,0.0111174,0.03,1,1116918,1116496,422
81964121,15.6575,15.7195,422,34193,0.010447,0.05,1,1116920,1116498,422
81967041,27.863,27.8878,422,34255,0.0101788,0.05,1,1116956,1116534,422
81969961,26.7452,11.1551,448,34317,0.0220715,0.05,1,1116982,1116534,448
81972881,58.0981,20.662,500,34379,0.00882861,0,1,1117061,1116561,500
81975801,53.8392,55.0648,473,34441,0.0335314,0.01,1,1117112,1116639,473
81978721,57.5357,53.2259,481,34502,0.0434126,0.01,1,1117172,1116691,481
81981641,43.4143,57.2904,455,34563,0.071365,0.01,1,1117206,1116751,455
81984561,31.7657,43.3161,445,34624,0.046546,0.07,1,1117230,1116785,445
81987481,34.3063,29.9265,460,34685,0.0486184,0.01,1,1117266,1116806,460
81990401,35.9225,35.3706,458,34746,0.0374474,0.03,1,1117303,1116845,458
81993321,35.969,36.3482,457,34807,0.0149789,0,1,1117339,1116882,457
81996241,15.5876,36.1393,423,34868,0.0239916,0.01,1,1117341,1116918,423
81999161,27.835,15.6557,457,34929,0.0395966,0.01,1,1117377,1116920,457
82002081,27.334,27.8623,448,34990,0.0338387,0.03,1,1117404,1116956,448
82005001,58.3336,26.7449,501,35050,0.0135355,0,1,1117483,1116982,501
82007921,54.5334,58.098,474,35110,0.0234142,0.05,1,1117535,1117061,474
82010841,57.8134,53.8392,483,35170,0.0393657,0.05,1,1117595,1117112,483
82013761,44.1253,57.5357,458,35230,0.0577463,0.09,1,1117630,1117172,458
82016681,30.8501,43.4143,446,35290,0.0410985,0.03,1,1117652,1117206,446
82019601,34.5401,31.7657,459,35350,0.0464394,0.05,1,1117689,1117230,459
82022521,36.016,34.3063,460,35410,0.0185758,0.03,1,1117726,1117266,460
82025441,34.8064,35.9225,457,35470,0.0374303,0,1,1117760,1117303,457
82028361,15.1226,35.969,423,35530,0.0209721,0.03,1,1117762,1117339,423
82031281,28.849,15.5876,459,35589,0.0383888,0.05,1,1117800,1117341,459
82034201,27.1396,27.835,449,35648,0.0453555,0.03,1,1117826,1117377,449
82037121,12.0558,27.334,424,35707,0.0481422,0,1,1117828,1117404,424
82040041,51.0223,58.3336,422,35766,0.0192569,0.03,1,1117905,1117483,422
82042961,52.2089,54.5334,423,35825,0.0617028,0.05,1,1117958,1117535,423
82045881,58.0836,57.8134,425,35884,0.0546811,0.07,1,1118020,1117595,425
82048801,43.0334,44.1253,423,35943,0.0998724,0.03,1,1118053,1117630,423
82060481,33.5305,34.8064,422,36179,0.0596287,0.01,1,1118182,1117760,422
82063401,14.6122,15.1226,422,36237,0.0418515,0.05,1,1118184,1117762,422
82066321,29.8449,28.849,424,36295,0.0467406,0.05,1,1118224,1117800,424
82069241,27.5379,27.1396,424,36353,0.0726962,0.05,1,1118250,1117826,424
82072161,12.2152,12.0558,424,36411,0.0830785,0,1,1118252,1117828,424
82075081,49.8861,51.0223,422,36469,0.0512314,0.09,1,1118327,1117905,422
82078001,52.9544,52.2089,424,36527,0.0504926,0.05,1,1118382,1117958,424
82080921,58.3818,58.0836,424,36585,0.062197,0.13,1,1118444,1118020,424
82083841,44.3527,43.0334,426,36643,0.0668788,0.13,1,1118479,1118053,426
82113041,53.1217,19.9544,478,37215,0.0848648,0.05,1,1118805,1118327,478
82115961,57.8487,40.9818,484,37272,0.0399459,0.07,1,1118866,1118382,484
82118881,45.3395,53.5927,459,37329,0.0339784,0.07,1,1118903,1118444,459
82121801,31.9358,42.4371,447,37386,0.0315913,0.13,1,1118926,1118479,447
82124721,37.9743,30.1748,467,37443,0.0546365,0.11,1,1118968,1118501,467
82127641,34.3897,36.6699,458,37499,0.0638546,0.13,1,1119000,1118542,458
82130561,32.9559,33.268,459,37555,0.0795418,0.15,1,1119032,1118573,459
82133481,14.3824,31.9072,430,37611,0.0858167,0.15,1,1119034,1118604,430
82136401,30.3529,13.9629,469,37667,0.0883267,0.15,1,1119075,1118606,469
82139321,28.3412,30.1851,455,37723,0.0893307,0.13,1,1119102,1118647,455
82142241,12.5365,28.2741,430,37779,0.0897323,0.13,1,1119104,1118674,430
82162681,34.6156,37.9743,456,38170,0.202614,0.07,1,1119424,1118968,456
82165601,33.6463,34.3897,457,38225,0.219046,0.09,1,1119457,1119000,457
82168521,14.6585,32.9559,427,38280,0.225618,0.09,1,1119459,1119032,427
82171441,30.4634,14.3824,466,38335,0.216247,0.09,1,1119500,1119034,466
82174361,29.5854,30.3529,454,38390,0.236499,0.09,1,1119529,1119075,454
82177281,13.0341,28.3412,429,38445,0.2446,0.09,1,1119531,1119102,429
82180201,47.2137,12.5365,497,38500,0.23584,0.21,1,1119601,1119104,497
82183121,53.6855,44.6146,489,38555,0.256336,0.19,1,1119659,1119170,489
82186041,56.2742,53.2458,488,38610,0.264534,0.15,1,1119717,1119229,488
82188961,23.7097,57.2983,430,38665,0.267814,0.15,1,1119719,1119289,430
82191881,32.2839,45.1193,431,38720,0.293126,0.17,1,1119757,1119326,431
82203561,33.9561,33.6463,433,38937,0.415168,0.23,1,1119890,1119457,433
82206481,14.7824,14.6585,433,38991,0.424067,0.21,1,1119892,1119459,433
82261961,56.9962,56.5301,448,40007,0.757251,0.57,2,1120600,1120152,448
82264881,23.9985,23.812,448,40060,0.7649,0.57,2,1120602,1120154,448
82267801,34.7994,9.52481,490,40113,0.79196,0.59,2,1120644,1120154,490
82270721,28.3198,27.8099,474,40166,0.802784,0.59,2,1120668,1120194,474
82273641,37.7279,25.524,494,40219,0.819114,0.55,2,1120712,1120218,494
82276561,35.4912,37.8096,482,40271,0.813645,0.59,2,1120746,1120264,482
82279481,38.1965,34.3238,490,40323,0.787458,0.69,2,1120786,1120296,490
82282401,16.4786,35.9295,455,40375,0.776983,0.69,2,1120788,1120333,455
82285321,32.3914,15.5718,496,40427,0.772793,0.71,2,1120831,1120335,496
82288241,32.1566,30.8287,487,40479,0.819117,0.69,2,1120863,1120376,487
82291161,14.0626,31.5315,457,40531,0.837647,0.69,2,1120865,1120408,457
82294081,49.4251,13.8126,528,40583,0.857059,0.69,2,1120938,1120410,528
82460521,46.7038,57.4265,521,43449,0.775504,1,2,1122943,1122422,521
82472201,32.9956,28.1629,519,43643,0.402365,1,1,1123077,1122558,519
82478041,24.4793,27.6661,513,43739,0.279178,1,1,1123127,1122614,513
82480961,25.3917,24.2664,517,43787,0.237671,1,1,1123153,1122636,517
82486801,28.3027,28.7226,510,43883,0.0680274,1,1,1123209,1122699,510
82489721,30.5211,28.2891,514,43931,0.045211,1,1,1123241,1122727,514
82492641,25.4084,28.1156,508,43979,0.0480844,0.96,1,1123263,1122755,508
82495561,33.5634,29.2462,517,44027,0.0492337,0.99,1,1123302,1122785,517
82498481,53.0254,39.8985,536,44075,0.0496935,0.85,1,1123368,1122832,536
82501401,39.8101,59.7594,494,44123,0.0498774,0.69,1,1123399,1122905,494
82504321,32.7241,46.7038,484,44171,0.037951,0.63,1,1123427,1122943,484
82507241,33.4896,36.6815,488,44219,0.0451804,0.47,1,1123461,1122973,488
82510161,26.5958,40.4726,467,44267,0.0360721,0.43,1,1123483,1123016,467
82513081,26.8383,32.989,466,44315,0.0564289,0.35,1,1123510,1123044,466
82516001,27.5353,32.9956,461,44363,0.0645715,0.27,1,1123538,1123077,461
82518921,21.8141,31.1982,449,44411,0.0318286,0.25,1,1123556,1123107,449
82521841,23.1257,24.4793,453,44458,0.0307314,0.21,1,1123580,1123127,453
82524761,10.4503,25.3917,429,44505,0.0422926,0.05,1,1123582,1123153,429
82527681,17.9801,25.7567,426,44552,0.034917,0.03,1,1123605,1123179,426
82530601,25.792,28.3027,427,44599,0.0439668,0.03,1,1123636,1123209,427
82533521,29.5168,30.5211,427,44646,0.0475867,0.05,1,1123668,1123241,427
82536441,22.6067,25.4084,423,44693,0.0490347,0.05,1,1123686,1123263,423
82539361,32.4427,33.5634,423,44740,0.0376139,0.05,1,1123725,1123302,423
82542281,53.7771,53.0254,425,44787,0.0570455,0.05,1,1123793,1123368,425
82548121,31.6443,32.7241,423,44881,0.0703273,0.05,1,1123850,1123427,423
82551041,33.0577,33.4896,423,44928,0.0821309,0.03,1,1123884,1123461,423
82553961,26.4231,26.5958,423,44975,0.0508524,0.07,1,1123906,1123483,423
82559801,27.0277,27.5353,424,45069,0.0981364,0.01,1,1123962,1123538,424
82562721,22.2111,21.8141,425,45116,0.0812545,0.03,1,1123981,1123556,425
82577321,29.8022,29.5168,424,45351,0.0927712,0.05,1,1124092,1123668,424
82580241,22.1209,22.6067,423,45398,0.0911085,0.03,1,1124109,1123686,423
82583161,33.4483,32.4427,425,45444,0.0664434,0.07,1,1124150,1123725,425
82586081,54.1793,53.7771,425,45490,0.0325774,0.13,1,1124218,1123793,425
82589001,40.8717,40.1108,426,45536,0.0430309,0.05,1,1124250,1123824,426
82591921,30.7487,31.6443,424,45582,0.0592124,0.09,1,1124274,1123850,424
82594841,33.2995,33.0577,425,45628,0.041685,0.03,1,1124309,1123884,425
82597761,25.3198,26.4231,423,45674,0.034674,0.15,1,1124329,1123906,423
82600681,31.1279,28.5692,428,45720,0.0438696,0.09,1,1124364,1123936,428
82603601,26.8512,27.0277,426,45766,0.0955478,0.07,1,1124388,1123962,426
82632801,40.1415,54.0625,453,46226,0.201714,0.05,1,1124671,1124218,453
82641561,25.5131,33.292,442,46364,0.21763,0.03,1,1124751,1124309,442
82644481,31.8052,25.3168,458,46409,0.237052,0.05,1,1124787,1124329,458
82647401,28.9221,31.1267,450,46454,0.232821,0.13,1,1124814,1124364,450
82650321,23.5688,26.8507,446,46499,0.267128,0.11,1,1124834,1124388,446
82653241,23.8275,22.7403,450,46544,0.280851,0.15,1,1124858,1124408,450
82656161,10.731,23.4961,428,46589,0.286341,0.15,1,1124860,1124432,428
82673681,52.972,31.8845,497,46859,0.414581,0.19,1,1125070,1124573,497
82682441,35.1422,30.4566,468,46994,0.427573,0.21,1,1125163,1124695,468
82685361,26.0569,33.7826,452,47039,0.429029,0.23,1,1125183,1124731,452
82688281,32.6228,25.5131,469,47084,0.417612,0.25,1,1125220,1124751,469
82691201,29.8491,31.8052,461,47129,0.413045,0.23,1,1125248,1124787,461
82694121,24.5396,28.9221,455,47174,0.435218,0.29,1,1125269,1124814,455
82770041,40.678,40.1402,447,48323,0.795329,0.55,2,1125990,1125543,447
82772961,29.4712,29.2561,447,48367,0.816132,0.57,2,1126012,1125565,447
82775881,36.3885,35.7024,448,48411,0.812453,0.57,2,1126053,1125605,448
82778801,28.3554,26.881,450,48455,0.810981,0.57,2,1126076,1125626,450
82781721,33.5422,32.3524,451,48498,0.822392,0.63,2,1126113,1125662,451
82784641,30.8169,30.341,451,48541,0.814957,0.63,2,1126142,1125691,451
82787561,25.5267,25.3364,451,48584,0.811983,0.63,2,1126164,1125713,451
82790481,25.2107,25.1346,451,48627,0.822793,0.63,2,1126189,1125738,451
82793401,11.2843,11.2538,451,48670,0.827117,0.65,2,1126191,1125740,451
82796321,21.9137,20.7015,453,48713,0.840847,0.67,2,1126220,1125767,453
82799241,26.7655,26.2806,453,48756,0.858339,0.67,2,1126250,1125797,453
82802161,11.9062,11.7122,453,48799,0.865335,0.67,2,1126252,1125799,453
82805081,25.1625,24.4849,454,48842,0.856134,0.67,2,1126286,1125832,454
82808001,20.865,9.79396,472,48885,0.852454,0.71,2,1126304,1125832,472
82810921,34.146,14.7176,497,48928,0.874981,0.71,2,1126347,1125850,497
83037221,316.575,338.594,478,23360,0.418,0.19,1,1128767,1128289,478
83067881,346.23,384.438,429,23360,0.2092,0.19,1,1129133,1128704,429
83073721,71.2368,80.59,429,24266,0.099472,0.03,1,1129178,1128749,429
83076641,75.8947,43.036,490,24353,0.0577888,0.03,1,1129257,1128767,490
83079561,59.7579,70.0144,451,24440,0.0411155,0.01,1,1129306,1128855,451
83082481,70.7032,71.8058,456,24527,0.0344462,0.01,1,1129384,1128928,456
83085401,66.6813,66.5223,457,24613,0.0557785,0.03,1,1129448,1128991,457
83088321,56.0725,66.8089,439,24699,0.0223114,0.05,1,1129497,1129058,439
83091241,57.229,56.1236,448,24785,0.0389246,0.05,1,1129555,1129107,448
83094161,42.6916,56.6494,424,24871,0.0455698,0.09,1,1129588,1129164,424
83097081,25.4766,31.0598,424,24956,0.0482279,0.03,1,1129602,1129178,424
83100001,56.9907,59.8239,423,25041,0.0492912,0.03,1,1129680,1129257,423
83102921,51.5963,53.3296,422,25126,0.0617165,0.03,1,1129728,1129306,422
83105841,68.0385,68.1318,423,25210,0.0546866,0.07,1,1129807,1129384,423
83108761,66.8154,65.6527,425,25294,0.0638746,0,1,1129873,1129448,425
83111681,55.5262,55.6611,424,25378,0.0435499,0.05,1,1129921,1129497,424
83114601,57.0105,57.0644,424,25461,0.0474199,0.05,1,1129979,1129555,424
83117521,40.8042,22.8258,454,25544,0.060968,0.05,1,1130009,1129555,454
83120441,24.7217,28.9303,435,25627,0.0663872,0.05,1,1130023,1129588,435
83123361,56.6887,19.9721,499,25710,0.0325549,0.05,1,1130101,1129602,499
83126281,52.0755,54.7889,470,25792,0.019022,0.07,1,1130150,1129680,470
83129201,67.6302,50.7155,500,25874,0.0256088,0.05,1,1130228,1129728,500
83132121,67.8521,67.6862,489,25956,0.0162435,0.07,1,1130296,1129807,489
83135041,54.7408,66.6745,469,26038,0.0484974,0.03,1,1130342,1129873,469
83137961,57.8963,55.4698,481,26119,0.049399,0.05,1,1130402,1129921,481
83140881,41.7585,56.9879,454,26200,0.0497596,0.07,1,1130433,1129979,454
83143801,25.1034,40.7952,438,26281,0.0619038,0.07,1,1130447,1130009,438
83146721,55.6414,24.7181,500,26362,0.0307615,0.01,1,1130523,1130023,500
83149641,52.2565,56.6872,472,26442,0.0303046,0.01,1,1130573,1130101,472
83152561,66.5026,52.0749,499,26522,0.0661218,0.03,1,1130649,1130150,499
83155481,67.401,67.63,489,26602,0.0924487,0.01,1,1130717,1130228,489
83158401,55.1604,67.852,468,26682,0.0669795,0.07,1,1130764,1130296,468
83161321,58.6642,54.7408,483,26761,0.0687918,0.05,1,1130825,1130342,483
83164241,42.0657,57.8963,454,26840,0.0575167,0.05,1,1130856,1130402,454
83167161,18.0263,41.7585,425,26919,0.0530067,0.07,1,1130858,1130433,425
83170081,15.6105,25.1034,425,26998,0.0752027,0.01,1,1130872,1130447,425
83173001,50.6442,55.6414,423,27076,0.0840811,0.03,1,1130946,1130523,423
83199281,50.6054,50.6442,424,27772,0.213645,0.13,1,1131370,1130946,424
83205121,68.5769,68.1031,426,27924,0.253783,0.15,1,1131502,1131076,426
83213881,59.9729,58.6466,429,28151,0.416802,0.19,1,1131679,1131250,429
83216801,42.5892,41.4586,430,28226,0.448721,0.15,1,1131710,1131280,430
83260601,76.2967,70.3883,526,29331,0.766917,0.61,2,1132461,1131935,526
83263521,58.7187,73.1553,498,29403,0.804767,0.63,2,1132508,1132010,498
83266441,63.0875,56.2621,519,29475,0.855907,0.67,2,1132574,1132055,519
83269361,45.635,62.7048,486,29547,0.852363,0.67,2,1132608,1132122,486
83272281,19.454,44.2819,456,29619,0.850945,0.67,2,1132610,1132154,456
83275201,16.1816,18.9128,468,29690,0.850378,0.67,2,1132624,1132156,468
83278121,52.6726,15.9651,531,29761,0.862151,0.67,2,1132701,1132170,531
83281041,53.4691,51.386,510,29832,0.854861,0.73,2,1132755,1132245,510
83283961,22.5876,52.3544,459,29903,0.851944,0.75,2,1132757,1132298,459
83286881,58.8351,70.7418,459,29974,0.874778,0.79,2,1132840,1132381,459
83289801,73.334,76.2967,462,30045,0.895911,0.83,2,1132923,1132461,462
83406601,73.3964,51.1693,557,32743,0.78952,1,2,1134807,1134250,557
83415361,58.9614,73.0188,482,32936,0.209169,1,1,1134944,1134462,482
83418281,42.1845,47.2075,483,33000,0.0896677,1,1,1134975,1134492,483
83421201,39.0738,36.883,490,33064,0.0418671,1,1,1135012,1134522,490
83424121,27.0295,28.5532,486,33128,0.0167468,1,1,1135031,1134545,486
83427041,36.6118,32.4213,494,33192,0.0366987,1,1,1135074,1134580,494
83429961,39.2447,43.5685,484,33256,0.0566795,0.87,1,1135115,1134631,484
83432881,27.0979,31.2274,480,33320,0.0226718,1,1,1135134,1134654,480
83435801,48.0392,51.491,477,33383,0.0270687,0.67,1,1135196,1134719,477
83438721,57.0157,73.3964,452,33446,0.0288275,0.49,1,1135259,1134807,452
83441641,37.8063,49.7586,443,33509,0.017531,0.39,1,1135284,1134841,443
83444561,29.5225,37.9034,437,33572,0.0610124,0.03,1,1135308,1134871,437
83447481,47.209,58.9614,423,33635,0.030405,0.01,1,1135367,1134944,423
83450401,36.8836,42.1845,422,33698,0.012162,0.01,1,1135397,1134975,422
83453321,36.9534,39.0738,422,33761,0.00486479,0,1,1135434,1135012,422
83456241,26.7814,27.0295,423,33824,0.00194592,0.05,1,1135454,1135031,423
83459161,38.3125,36.6118,426,33887,0.0187784,0.07,1,1135500,1135074,426
83462081,37.525,39.2447,422,33949,0.0495114,0,1,1135537,1135115,422
83465001,26.41,27.0979,422,34011,0.0378045,0.03,1,1135556,1135134,422
83467921,47.764,48.0392,422,34073,0.0331218,0.03,1,1135618,1135196,422
83470841,56.9056,57.0157,422,34135,0.0312487,0.01,1,1135681,1135259,422
83473761,37.7622,37.8063,422,34197,0.0544995,0.09,1,1135706,1135284,422
83476681,30.7049,29.5225,424,34259,0.0997998,0.09,1,1135732,1135308,424
83479601,45.882,11.809,480,34321,0.0939199,0.01,1,1135788,1135308,480
83482521,37.5528,40.1236,453,34383,0.037568,0,1,1135820,1135367,453
83485441,36.0211,34.0494,458,34444,0.0570272,0,1,1135855,1135397,458
83488361,26.4084,35.8198,441,34505,0.0228109,0,1,1135875,1135434,441
83491281,38.1634,26.3279,467,34566,0.00912435,0.03,1,1135921,1135454,467
83494201,37.4654,38.1312,458,34627,0.0336497,0.07,1,1135958,1135500,458
83497121,26.3861,37.4525,440,34688,0.0134599,0.03,1,1135977,1135537,440
83500041,48.9545,26.381,485,34749,0.011384,0.03,1,1136041,1135556,485
83502961,56.7818,47.7524,485,34810,0.0105536,0.03,1,1136103,1135618,485
83505881,38.3127,56.901,448,34871,0.0462214,0.07,1,1136129,1135681,448
83508801,32.1251,37.7604,451,34932,0.0484886,0.13,1,1136157,1135706,451
83511721,45.25,30.7042,479,34993,0.0493954,0.09,1,1136211,1135732,479
83514641,37.3,45.8817,455,35053,0.0377582,0,1,1136243,1135788,455
83517561,34.72,37.5527,456,35113,0.0451033,0.07,1,1136276,1135820,456
83520481,25.888,36.0211,441,35173,0.0240413,0,1,1136296,1135855,441
83523401,38.5552,26.4084,468,35233,0.00961652,0,1,1136343,1135875,468
83526321,37.0221,38.1634,458,35293,0.0218466,0.05,1,1136379,1135921,458
83529241,26.2088,37.4653,440,35353,0.00873864,0,1,1136398,1135958,440
83532161,48.8835,26.3861,485,35413,0.0334955,0.01,1,1136462,1135977,485
83535081,57.3534,48.9545,484,35473,0.0313982,0.01,1,1136525,1136041,484
83538001,38.5414,56.7818,448,35533,0.0425593,0.07,1,1136551,1136103,448
83540921,32.8165,38.3127,451,35592,0.0470237,0.05,1,1136580,1136129,451
83543841,45.5266,32.1251,477,35651,0.0608095,0.05,1,1136634,1136157,477
83546761,19.4106,45.25,425,35710,0.0783238,0.03,1,1136636,1136211,425
83549681,25.1643,37.3,422,35769,0.0493295,0.05,1,1136665,1136243,422
83552601,31.0657,34.72,424,35828,0.0197318,0.01,1,1136700,1136276,424
83555521,23.2263,25.888,422,35887,0.0258927,0,1,1136718,1136296,422
83558441,37.4905,38.5552,422,35946,0.0283571,0.03,1,1136765,1136343,422
83561361,37.1962,37.0221,423,36005,0.0413428,0,1,1136802,1136379,423
83564281,25.6785,26.2088,422,36064,0.0225371,0.05,1,1136820,1136398,422
83567201,49.8714,48.8835,424,36123,0.0390149,0.03,1,1136886,1136462,424
83570121,57.7486,57.3534,424,36182,0.0456059,0.05,1,1136949,1136525,424
83573041,39.2994,38.5414,425,36240,0.0362424,0.05,1,1136976,1136551,425
83575961,32.5198,32.8165,424,36298,0.0444969,0.07,1,1137004,1136580,424
83578881,46.6079,45.5266,426,36356,0.0477988,0.09,1,1137060,1136634,426
83581801,19.8432,19.4106,426,36414,0.0491195,0.03,1,1137062,1136636,426
83584721,22.9373,25.1643,422,36472,0.0376478,0,1,1137087,1136665,422
83587641,30.7749,31.0657,423,36530,0.0210591,0.03,1,1137123,1136700,423
83590561,22.51,23.2263,422,36588,0.0264236,0.03,1,1137140,1136718,422
83593481,37.204,37.4905,422,36646,0.0165695,0.05,1,1137187,1136765,422
83596401,38.2816,37.1962,424,36704,0.0246278,0.01,1,1137226,1136802,424
83599321,24.9126,25.6785,422,36762,0.0398511,0.05,1,1137242,1136820,422
83602241,50.1651,49.8714,423,36819,0.0339404,0.05,1,1137309,1136886,423
83605161,57.266,57.7486,422,36876,0.0675762,0.03,1,1137371,1136949,422
83616841,19.9076,19.8432,424,37104,0.206642,0.03,1,1137486,1137062,424
83619761,21.763,22.9373,422,37161,0.208657,0.03,1,1137509,1137087,422
83628521,37.0328,20.308,468,37332,0.083674,0.01,1,1137608,1137140,468
83631441,38.2131,36.3232,460,37389,0.0754696,0.03,1,1137647,1137187,460
83634361,24.8853,37.9293,437,37446,0.0481878,0.05,1,1137663,1137226,437
83637281,50.7541,24.7717,489,37502,0.0372751,0.03,1,1137731,1137242,489
83640201,59.3016,50.1087,487,37558,0.0689101,0.09,1,1137796,1137309,487
83663561,35.6242,22.082,469,38006,0.0979141,0.03,1,1138030,1137561,469
83666481,37.6497,37.0328,461,38062,0.0691656,0.07,1,1138069,1137608,461
83669401,24.0599,38.2131,437,38118,0.0456663,0.03,1,1138084,1137647,437
83672321,51.0239,24.8853,490,38173,0.0362665,0.03,1,1138153,1137663,490
83675241,61.2096,50.7541,490,38228,0.0565066,0.09,1,1138221,1137731,490
83678161,44.8838,59.3016,459,38283,0.0766026,0.15,1,1138255,1137796,459
83681081,35.9535,42.3207,458,38338,0.0966411,0.17,1,1138285,1137827,458
83707361,21.5521,24.0599,422,38832,0.226875,0.03,1,1138506,1138084,422
83727801,22.2134,21.549,428,39210,0.203117,0.13,1,1138795,1138367,428
83730721,28.6854,28.4196,428,39264,0.243247,0.13,1,1138828,1138400,428
83733641,18.6741,18.5678,428,39318,0.259299,0.13,1,1138840,1138412,428
83736561,8.66966,8.62714,428,39372,0.241719,0.19,1,1138842,1138414,428
83739481,28.0679,27.4509,429,39426,0.258688,0.21,1,1138883,1138454,429
83742401,37.0271,34.3803,433,39480,0.289475,0.25,1,1138926,1138493,433
83745321,22.0109,21.5521,432,39533,0.27779,0.17,1,1138938,1138506,432
83751161,61.3617,62.2483,428,39639,0.297646,0.17,1,1139074,1138646,428
83768681,29.6139,28.6854,433,39957,0.433605,0.27,1,1139261,1138828,433
83777441,28.1273,3.46786,474,40116,0.431671,0.27,1,1139316,1138842,474
83832921,39.8443,46.4391,483,41104,0.77085,0.57,2,1140029,1139546,483
83835841,55.5377,38.3756,516,41155,0.75834,0.69,2,1140095,1139579,516
83838761,23.4151,51.9503,457,41206,0.753336,0.69,2,1140097,1139640,457
83841681,24.366,21.9801,480,41257,0.775334,0.69,2,1140122,1139642,480
83844601,31.3464,23.192,492,41308,0.796134,0.69,2,1140158,1139666,492
83847521,19.7386,31.4768,467,41359,0.804453,0.69,2,1140170,1139703,467
83850441,9.09543,19.7907,457,41410,0.807781,0.69,2,1140172,1139715,457
83853361,28.8382,9.11629,497,41461,0.821113,0.69,2,1140214,1139717,497
83856281,39.1353,28.8465,501,41512,0.838445,0.69,2,1140260,1139759,501
83859201,16.8541,39.1386,457,41563,0.845378,0.71,2,1140262,1139805,457
83862121,13.9416,22.8554,457,41614,0.884151,0.75,2,1140274,1139817,457
84022721,326.959,345.949,487,20440,0.418,0.69,1,1142605,1142118,487
84063601,115.313,115.352,474,20544,0.09208,0.43,1,1142803,1142329,474
84066521,101.325,82.1408,506,20647,0.078832,0.09,1,1142895,1142389,506
84069441,83.7301,100.056,466,20750,0.0615328,0.01,1,1142967,1142501,466
84072361,50.2921,75.4225,435,20852,0.0546131,0.05,1,1142995,1142560,435
84075281,31.5168,43.369,432,20954,0.0398452,0.03,1,1143014,1142582,432
84078201,50.4067,31.1476,472,21055,0.0699381,0.07,1,1143077,1142605,472
84081121,84.3627,47.859,520,21156,0.0939752,0.03,1,1143184,1142664,520
84089881,73.7512,81.687,422,21455,0.224654,0.05,1,1143389,1142967,422
84092801,47.5005,49.4748,424,21554,0.215862,0.03,1,1143419,1142995,424
84095721,30.4002,31.1899,424,21652,0.224345,0.09,1,1143438,1143014,424
84098641,51.1601,50.276,426,21750,0.227738,0.11,1,1143503,1143077,426
84101561,85.864,84.3104,428,21848,0.229095,0.19,1,1143612,1143184,428
84104481,60.1456,58.9242,429,21945,0.229638,0.21,1,1143655,1143226,429
84107401,82.8582,79.3697,434,22042,0.253855,0.25,1,1143753,1143319,434
84110321,73.9433,73.7479,432,22138,0.287542,0.21,1,1143821,1143389,432
84116161,31.9909,30.3997,434,22329,0.299207,0.23,1,1143872,1143438,434
84119081,49.9964,51.1599,431,22424,0.293683,0.23,1,1143934,1143503,431
84148281,85.3733,60.4057,539,23352,0.431349,0.35,1,1144627,1144088,539
84177481,39.4175,47.3797,447,24244,0.778151,0.51,2,1145171,1144724,447
84180401,27.767,30.9519,447,24331,0.77326,0.59,2,1145191,1144744,447
84183321,52.5068,50.7808,452,24418,0.831304,0.67,2,1145260,1144808,452
84311801,82.1465,87.5561,477,27981,0.886,1,2,1147816,1147339,477
84317641,68.4634,62.969,490,28132,0.44776,1,1,1147976,1147486,490
84320561,47.7854,42.5876,495,28207,0.269104,1,1,1148010,1147515,495
84326401,22.1657,29.974,486,28357,0.0802566,1,1,1148051,1147565,486
84329321,29.2663,11.9896,520,28432,0.0621027,1,1,1148085,1147565,520
84332241,33.9065,27.5958,519,28506,0.0308411,1,1,1148122,1147603,519
84335161,57.3626,38.0383,547,28580,0.0183364,0.9,1,1148195,1147648,547
84338081,74.545,57.2153,563,28654,0.0133346,0.85,1,1148281,1147718,563
84341001,84.418,81.6861,556,28728,0.0353338,0.45,1,1148372,1147816,556
84343921,54.1672,100.474,477,28802,0.0561335,0.33,1,1148406,1147929,477
84346841,39.6669,68.3898,460,28876,0.0764534,0.15,1,1148436,1147976,460
84349761,29.6668,47.7559,449,28949,0.0365814,0.03,1,1148459,1148010,449
84352681,19.6667,35.9024,434,29022,0.0326325,0.05,1,1148472,1148038,434
84355601,28.8667,22.1609,456,29095,0.031053,0.05,1,1148507,1148051,456
84358521,33.1467,29.2644,458,29168,0.0424212,0.01,1,1148543,1148085,458
84361441,57.0587,33.9058,494,29241,0.0349685,0.01,1,1148616,1148122,494
84364361,75.0235,57.3623,508,29313,0.0199874,0.01,1,1148703,1148195,508
84367281,84.6094,74.5449,513,29385,0.061995,0.05,1,1148794,1148281,513
84370201,56.0438,84.418,459,29457,0.090798,0.07,1,1148831,1148372,459
84378961,20.4588,29.6667,436,29673,0.0727711,0.03,1,1148895,1148459,436
84381881,28.5835,19.6667,457,29744,0.0471084,0.03,1,1148929,1148472,457
84384801,32.4334,28.8667,457,29815,0.0368434,0.05,1,1148964,1148507,457
84387721,14.1734,33.1467,423,29886,0.0327373,0.03,1,1148966,1148543,423
84390641,49.4693,57.0587,423,29957,0.0190949,0.01,1,1149039,1148616,423
84393561,71.9877,75.0235,423,30028,0.049638,0.09,1,1149126,1148703,423
84396481,85.7951,84.6094,427,30098,0.0738552,0.11,1,1149221,1148794,427
84399401,56.518,56.0438,427,30168,0.0715421,0.11,1,1149258,1148831,427
84411081,27.5637,28.5835,423,30448,0.0593835,0.03,1,1149352,1148929,423
84414001,31.4255,32.4334,422,30518,0.0537534,0.03,1,1149386,1148964,422
84416921,13.7702,14.1734,422,30587,0.0515014,0.01,1,1149388,1148966,422
84419841,49.3081,49.4693,422,30656,0.0386005,0.07,1,1149461,1149039,422
84422761,73.1232,71.9877,424,30725,0.0454402,0.09,1,1149550,1149126,424
84425681,86.2493,85.7951,424,30794,0.0721761,0.07,1,1149645,1149221,424
84440281,24.6605,27.5637,422,31136,0.0982079,0.05,1,1149774,1149352,422
84443201,30.2642,31.4255,422,31204,0.0692832,0.05,1,1149808,1149386,422
84446121,13.3057,13.7702,422,31272,0.0577133,0.03,1,1149810,1149388,422
84449041,50.3223,49.3081,424,31340,0.0410853,0.03,1,1149885,1149461,424
84451961,71.7289,19.7232,510,31408,0.0584341,0.05,1,1149971,1149461,510
84454881,88.0916,61.2893,520,31475,0.0413736,0.09,1,1150070,1149550,520
84457801,58.0366,81.5157,463,31542,0.0465495,0.13,1,1150108,1149645,463
84460721,40.6146,55.4063,454,31609,0.0606198,0.13,1,1150137,1149683,454
84463641,28.2459,39.5625,445,31676,0.0662479,0.13,1,1150157,1149712,445
84466561,20.2983,27.825,440,31743,0.0564992,0.15,1,1150172,1149732,440
84469481,24.3193,19.53,453,31810,0.0885997,0.07,1,1150199,1149746,453
84472401,29.5277,24.612,458,31877,0.0654399,0.05,1,1150232,1149774,458
84475321,13.0111,30.2448,426,31943,0.0561759,0.05,1,1150234,1149808,426
84478241,48.4044,13.2979,496,32009,0.0404704,0.03,1,1150306,1149810,496
84481161,72.7618,50.3192,510,32075,0.0461881,0.07,1,1150395,1149885,510
84484081,86.7047,71.7277,520,32141,0.0244753,0.03,1,1150491,1149971,520
84487001,58.6819,88.0911,461,32207,0.0517901,0.05,1,1150531,1150070,461
84489921,41.4728,58.0364,453,32273,0.074716,0.07,1,1150561,1150108,453
84492841,28.5891,40.6146,444,32339,0.0958864,0.07,1,1150581,1150137,444
84510361,73.0848,48.4044,512,32729,0.0922206,0.05,1,1150818,1150306,512
84513281,30.4339,72.7618,425,32794,0.0668882,0.01,1,1150820,1150395,425
84516201,68.5736,86.7047,423,32858,0.0567553,0.07,1,1150914,1150491,423
84519121,53.2294,58.6819,426,32922,0.0527021,0.09,1,1150957,1150531,426
84522041,39.2918,41.4728,426,32986,0.0270808,0.11,1,1150987,1150561,426
84524961,28.3167,28.5891,427,33050,0.0288323,0.11,1,1151008,1150581,427
84527881,20.3267,20.4356,427,33114,0.0415329,0.15,1,1151023,1150596,427
84530801,26.1307,24.3743,430,33178,0.0466132,0.17,1,1151053,1150623,430
84533721,29.6523,28.9497,430,33242,0.0726453,0.17,1,1151085,1150655,430
84536641,13.0609,12.7799,430,33306,0.0830581,0.15,1,1151087,1150657,430
84571681,48.6058,46.0244,428,34060,0.203696,0.13,1,1151583,1151155,428
84574601,71.0423,71.2097,426,34122,0.267478,0.13,1,1151669,1151243,426
84592121,20.4652,26.2297,443,34493,0.299147,0.21,1,1151874,1151431,443
84595041,26.7861,18.8919,460,34554,0.281659,0.17,1,1151905,1151445,460
84597961,30.5144,25.5568,463,34615,0.286664,0.19,1,1151938,1151475,463
84600881,13.4058,30.6227,431,34676,0.288665,0.15,1,1151940,1151509,431
84603801,50.9623,13.4491,505,34737,0.289466,0.23,1,1152016,1151511,505
84618401,38.9737,52.018,467,35041,0.426545,0.31,1,1152272,1151805,467
84621321,29.3895,39.4072,459,35101,0.428618,0.31,1,1152295,1151836,459
84670961,54.6103,51.612,451,36112,0.795805,0.59,2,1152903,1152452,451
84673881,75.8441,74.6448,451,36171,0.840322,0.59,2,1152993,1152542,451
84676801,31.5376,31.0579,451,36229,0.834129,0.65,2,1152995,1152544,451
84679721,72.0151,70.0232,454,36287,0.879651,0.63,2,1153094,1152640,454
84854921,58.296,69.424,483,39630,0.8764,1,2,1155357,1154874,483
84857841,52.1184,47.5696,498,39683,0.80056,1,2,1155405,1154907,498
84898721,52.8776,51.994,512,40422,0.430426,0.69,1,1155917,1155405,512
84930841,52.6904,33.8379,511,40994,0.416639,0.47,1,1156259,1155748,511
84933761,48.0762,53.7352,489,41045,0.436655,0.45,1,1156304,1155815,489
84998001,16.9497,16.9277,449,42160,0.766194,0.57,2,1156994,1156545,449
85000921,21.7799,21.7711,449,42210,0.780478,0.53,2,1157019,1156570,449
85003841,9.91195,9.90843,449,42260,0.786191,0.57,2,1157021,1156572,449
85006761,18.3648,17.7634,450,42310,0.788476,0.61,2,1157045,1156595,450
85009681,31.3459,31.1053,450,42360,0.837391,0.59,2,1157085,1156635,450
85012601,52.1384,52.6421,449,42410,0.832956,0.57,2,1157151,1156702,449
85015521,49.6553,49.2569,450,42460,0.855182,0.61,2,1157199,1156749,450
85018441,54.0621,52.7027,452,42510,0.888073,0.71,2,1157256,1156804,452
85427241,34.3587,38.1935,521,48967,0.882326,1,2,1161741,1161220,521
85430161,37.7435,36.8774,525,49010,0.868931,1,2,1161781,1161256,525
85433081,33.6974,35.751,521,49053,0.881572,1,2,1161812,1161291,521
85436001,36.279,33.5004,527,49096,0.886629,1,2,1161850,1161323,527
85438921,31.9116,34.4002,521,49139,0.828652,1,2,1161879,1161358,521
85441841,29.5646,36.5601,511,49182,0.793461,1,2,1161907,1161396,511
85444761,28.6259,30.224,513,49225,0.779384,1,2,1161935,1161422,513
85447681,32.4503,21.0896,533,49268,0.761754,1,2,1161970,1161437,533
85450601,27.9801,37.8358,509,49311,0.778701,1,2,1161995,1161486,509
85453521,26.7921,36.1343,500,49354,0.773481,1,2,1162021,1161521,500
85485641,29.278,36.279,490,49822,0.43058,0.79,1,1162340,1161850,490
85488561,27.9112,31.9116,488,49864,0.442232,0.77,1,1162367,1161879,488
85491481,27.3645,29.5646,487,49906,0.434893,0.77,1,1162394,1161907,487
85494401,32.5458,28.6259,495,49948,0.419957,0.75,1,1162430,1161935,495
85497321,23.2183,32.4503,477,49990,0.401983,0.79,1,1162447,1161970,477
85503161,16.1949,26.7921,466,50074,0.427917,0.73,1,1162487,1162021,466
85506081,20.878,15.5168,482,50116,0.417167,0.75,1,1162511,1162029,482
85509001,30.5512,22.4067,492,50158,0.424867,0.69,1,1162548,1162056,492
85511921,26.0205,31.7627,477,50200,0.439947,0.63,1,1162571,1162094,477
85514841,24.2082,28.3051,474,50242,0.433979,0.59,1,1162594,1162120,474
85576161,31.6891,31.8101,446,51116,0.779389,0.51,2,1163139,1162693,446
85579081,29.4757,28.9241,447,51157,0.797755,0.51,2,1163167,1162720,447
85582001,33.3903,34.3696,445,51198,0.793102,0.51,2,1163203,1162758,445
85584921,27.7561,28.1478,445,51239,0.839241,0.53,2,1163227,1162782,445
85587841,29.1024,28.6591,446,51280,0.869696,0.53,2,1163257,1162811,446
85590761,26.641,25.8637,447,51321,0.869879,0.59,2,1163282,1162835,447
85593681,35.2564,32.5455,451,51362,0.869951,0.61,2,1163323,1162872,451
85596601,26.1026,24.4182,452,51403,0.893981,0.67,2,1163343,1162891,452
86076941,349.927,351.498,505,23360,0.898,1,2,1168010,1167505,505
86155781,47.9302,46.6363,450,28012,0.756106,0.55,2,1169069,1168619,450
86158701,64.1721,64.2545,449,28088,0.800443,0.61,2,1169144,1168695,449
86161621,47.2688,46.7018,450,28163,0.794177,0.53,2,1169180,1168730,450
86164541,60.9075,61.8807,448,28238,0.803671,0.55,2,1169250,1168802,448
86167461,80.763,80.5523,449,28313,0.819468,0.53,2,1169344,1168895,449
86170381,46.7052,46.0209,450,28388,0.873787,0.53,2,1169368,1168918,450
86173301,22.2821,18.4084,456,28463,0.871515,0.55,2,1169374,1168918,456
86409821,44.2033,40.8768,499,33959,0.8812,1,2,1173266,1172767,499
86412741,38.0813,36.1507,500,34021,0.82648,1,2,1173300,1172800,500
86415661,30.8325,28.8603,502,34083,0.768592,1,2,1173326,1172824,502
86418581,34.533,36.7441,497,34145,0.757437,1,2,1173363,1172866,497
86468221,57.6062,79.2368,495,35183,0.77333,0.63,2,1174104,1173609,495
86471141,48.8425,57.4947,495,35243,0.807332,0.69,2,1174147,1173652,495
86474061,41.137,48.1979,489,35303,0.832933,0.67,2,1174183,1173694,489
86476981,34.4548,40.2792,484,35363,0.843173,0.71,2,1174213,1173729,484
86479901,28.1819,34.1117,478,35423,0.847269,0.67,2,1174237,1173759,478
86482821,32.8728,28.0447,490,35483,0.848908,0.69,2,1174273,1173783,490
86485741,31.1491,32.2179,485,35543,0.873563,0.69,2,1174303,1173818,485
86488661,29.2596,30.8871,483,35602,0.895425,0.71,2,1174331,1173848,483
86625901,34.9944,27.9031,521,38290,0.897211,1,2,1176204,1175683,521
86628821,22.3978,33.9613,497,38345,0.856884,1,2,1176218,1175721,497
86631741,28.7591,30.3845,502,38400,0.792754,1,2,1176251,1175749,502
86640501,75.4726,28.0806,582,38565,0.280896,1,1,1176421,1175839,582
86649261,38.9822,56.1092,480,38730,0.0585374,1,1,1176515,1176035,480
86652181,40.1929,45.8437,482,38785,0.0414149,1,1,1176556,1176074,482
86655101,35.2772,37.5375,482,38839,0.022566,0.98,1,1176588,1176106,482
86658021,32.1109,34.215,480,38893,0.0150264,0.93,1,1176618,1176138,480
86660941,23.6443,30.486,470,38947,0.0360106,0.86,1,1176636,1176166,470
86663861,28.0577,34.9944,463,39001,0.0324042,0.83,1,1176667,1176204,463
86666781,19.0231,22.3978,462,39055,0.0429617,0.75,1,1176680,1176218,462
86669701,25.0092,28.7591,458,39109,0.0591847,0.61,1,1176709,1176251,458
86672621,23.8037,30.7036,449,39163,0.0536739,0.49,1,1176732,1176283,449
86675541,26.9215,32.6815,444,39217,0.0634696,0.09,1,1176761,1176317,444
86678461,61.1686,75.4726,424,39271,0.0673878,0.01,1,1176845,1176421,424
86681381,36.4674,43.389,422,39325,0.0449551,0.09,1,1176865,1176443,422
86684301,33.187,35.9556,422,39379,0.047982,0.03,1,1176896,1176474,422
86687221,37.8748,38.9822,422,39433,0.0491928,0.03,1,1176937,1176515,422
86690141,40.3499,40.1929,423,39487,0.0376771,0.01,1,1176979,1176556,423
86693061,36.54,35.2772,425,39540,0.0330709,0.01,1,1177013,1176588,425
86695981,33.216,32.1109,426,39593,0.0432283,0.05,1,1177044,1176618,426
86701821,27.8746,28.0577,423,39699,0.0969165,0.05,1,1177090,1176667,423
86725181,36.4895,13.2748,462,40123,0.0746596,0.05,1,1177358,1176896,462
86728101,39.7958,29.9099,463,40176,0.0598638,0.03,1,1177400,1176937,463
86731021,36.3183,37.164,455,40229,0.0299455,0.03,1,1177434,1176979,455
86733941,36.1273,35.2656,457,40281,0.0179782,0.05,1,1177470,1177013,457
86736861,22.8509,32.7062,440,40333,0.0371913,0.15,1,1177484,1177044,440
86739781,28.3404,21.4825,458,40385,0.0568765,0.09,1,1177516,1177058,458
86742701,19.7361,27.793,440,40437,0.0647506,0.11,1,1177530,1177090,440
86745621,24.6945,19.5172,454,40489,0.0799002,0.11,1,1177558,1177104,454
86748541,23.0778,24.6069,448,40541,0.0979601,0.15,1,1177580,1177132,448
86768981,36.4384,39.7958,456,40905,0.0987398,0.01,1,1177856,1177400,456
86771901,36.7753,36.3183,459,40957,0.0454959,0.01,1,1177893,1177434,459
86774821,23.1101,36.1273,437,41009,0.0361984,0.05,1,1177907,1177470,437
86777741,29.0441,22.8509,456,41060,0.0324793,0.07,1,1177940,1177484,456
86780661,20.0176,28.3404,438,41111,0.0309917,0.07,1,1177954,1177516,438
86783581,25.407,19.7361,453,41162,0.0423967,0.09,1,1177983,1177530,453
86786501,23.9628,24.6945,448,41213,0.0709587,0.11,1,1178006,1177558,448
86789421,27.5851,23.0778,456,41264,0.0943835,0.13,1,1178036,1177580,456
86806941,16.0705,38.5959,428,41570,0.20435,0.07,1,1178249,1177821,428
86809861,25.6282,36.4384,425,41621,0.21974,0.01,1,1178281,1177856,425
86812781,31.2513,36.7753,423,41672,0.225896,0.03,1,1178316,1177893,423
86815701,20.9005,23.1101,423,41723,0.204358,0.03,1,1178330,1177907,423
86818621,28.1602,29.0441,423,41774,0.231743,0.03,1,1178363,1177940,423
86821541,20.8641,20.0176,425,41825,0.242697,0.05,1,1178379,1177954,425
86824461,25.7456,25.407,425,41875,0.235079,0.09,1,1178408,1177983,425
86827381,24.6983,23.9628,426,41925,0.256032,0.11,1,1178432,1178006,426
86830301,28.4793,27.5851,427,41975,0.264413,0.13,1,1178463,1178036,427
86839061,37.6547,35.1014,432,42125,0.289802,0.19,1,1178603,1178171,432
86841981,37.8619,37.4406,431,42175,0.289921,0.21,1,1178641,1178210,431
86868261,25.8151,24.6983,435,42625,0.424538,0.27,1,1178867,1178432,435
86923741,38.4328,37.1776,486,43556,0.754795,0.55,2,1179524,1179038,486
86926661,38.1731,38.271,485,43604,0.763918,0.55,2,1179562,1179077,485
86929581,16.4693,37.5084,450,43652,0.767567,0.55,2,1179564,1179114,450
86932501,27.5877,16.2034,483,43700,0.769027,0.61,2,1179599,1179116,483
86935421,33.8351,26.8813,487,43748,0.781611,0.59,2,1179637,1179150,487
86938341,21.934,31.7525,466,43796,0.786644,0.63,2,1179651,1179185,466
86941261,29.1736,21.101,486,43844,0.812658,0.61,2,1179685,1179199,486
86944181,21.2694,29.4404,467,43892,0.823063,0.61,2,1179701,1179234,467
86947101,28.3078,21.3762,484,43940,0.839225,0.63,2,1179734,1179250,484
86950021,27.5231,27.7505,479,43988,0.83369,0.65,2,1179761,1179282,479
86952941,30.8092,27.3002,485,44036,0.819476,0.63,2,1179794,1179309,485
86955861,69.9237,30.7201,548,44084,0.83779,0.69,2,1179890,1179342,548
86958781,35.1695,66.888,469,44132,0.845116,0.73,2,1179902,1179433,469
86961701,38.6678,33.9552,498,44180,0.872047,0.75,2,1179943,1179445,498
86964621,39.4671,37.5821,498,44228,0.894819,0.77,2,1179983,1179485,498
86967541,39.1868,38.4328,498,44276,0.891927,0.77,2,1180022,1179524,498
86970461,16.8747,38.1731,462,44324,0.890771,0.77,2,1180024,1179562,462
87136901,36.1611,42.0444,509,46957,0.81294,1,2,1181826,1181317,509
87174861,24.2265,30.2669,470,47539,0.437252,0.95,1,1182169,1181699,470
87177781,44.4906,47.5068,469,47583,0.432901,0.88,1,1182227,1181758,469
87180701,32.1962,39.4027,459,47627,0.44316,0.75,1,1182251,1181792,459
87183621,32.6785,36.1611,458,47671,0.411264,0.65,1,1182284,1181826,458
87186541,29.8714,34.8644,452,47715,0.434506,0.51,1,1182312,1181860,452
87256621,27.3432,29.2675,444,48764,0.750443,0.49,2,1182983,1182539,444
87271221,44.6301,22.8991,505,48979,0.764289,0.55,2,1183116,1182611,505
87274141,32.252,43.3596,472,49022,0.791716,0.53,2,1183140,1182668,472
87277061,33.3008,32.3438,481,49065,0.814686,0.57,2,1183174,1182693,481
87279981,31.3203,32.1375,479,49108,0.823875,0.57,2,1183204,1182725,479
87282901,49.1281,30.855,510,49151,0.80355,0.67,2,1183265,1182755,510
87285821,41.8513,46.542,490,49194,0.81942,0.71,2,1183302,1182812,490
87288741,35.3405,39.0168,487,49237,0.837768,0.73,2,1183333,1182846,487
87291661,24.9362,33.6067,475,49280,0.857107,0.75,2,1183351,1182876,475
87294581,20.7745,24.8427,474,49323,0.864843,0.71,2,1183369,1182895,474
87297501,17.9098,20.7371,472,49366,0.867937,0.75,2,1183385,1182913,472
87300421,20.3639,17.8948,478,49409,0.869175,0.71,2,1183407,1182929,478
87303341,27.9456,20.3579,489,49452,0.88167,0.77,2,1183440,1182951,489
87306261,21.9782,27.3432,475,49495,0.898668,0.73,2,1183458,1182983,475
87332541,42.9681,49.1281,501,49875,0.895793,0.83,2,1183766,1183265,501
87517961,179.822,171.478,508,24178,0.2212,1,1,1185574,1185066,508
87523801,84.4515,96.9164,497,24353,0.058192,0.87,1,1185725,1185228,497
87526721,72.7806,74.1666,503,24440,0.0412768,0.79,1,1185790,1185287,503
87529641,48.3122,68.0666,471,24527,0.0585107,0.55,1,1185822,1185351,471
87532561,61.9249,53.0267,499,24613,0.0294043,0.29,1,1185893,1185394,499
87535481,39.17,65.0107,450,24699,0.0297617,0.15,1,1185917,1185467,450
87538401,19.868,39.2043,435,24785,0.0419047,0.01,1,1185924,1185489,435
87541321,52.3472,66.6817,424,24871,0.0467619,0.07,1,1185998,1185574,424
87544241,79.1389,84.8727,424,24956,0.0367047,0.01,1,1186095,1185671,424
87547161,62.8555,66.3491,422,25041,0.0146819,0.03,1,1186147,1185725,422
87550081,65.3422,65.5396,424,25126,0.0478728,0.07,1,1186214,1185790,424
87553001,45.9369,45.4159,425,25210,0.0611491,0.01,1,1186247,1185822,425
87555921,60.9748,60.7663,425,25294,0.0904596,0.03,1,1186318,1185893,425
87567601,78.2938,47.5492,519,25627,0.0710998,0.03,1,1186517,1185998,519
87570521,61.9175,77.2197,473,25710,0.0284399,0,1,1186568,1186095,473
87573441,65.567,62.0879,489,25792,0.053376,0.07,1,1186636,1186147,489
87590961,75.523,51.7312,518,26281,0.222199,0.03,1,1186939,1186421,518
87593881,60.2092,78.2925,472,26362,0.23888,0,1,1186989,1186517,472
87596801,67.2837,61.917,493,26442,0.221552,0.07,1,1187061,1186568,493
87599721,49.7135,65.5668,463,26522,0.226621,0.15,1,1187099,1186636,463
87602641,63.0854,47.2267,500,26602,0.276648,0.17,1,1187171,1186671,500
87605561,39.0342,61.4907,452,26682,0.284659,0.17,1,1187194,1186742,452
87617241,65.5785,75.523,436,26998,0.415047,0.25,1,1187375,1186939,436
87620161,53.8314,60.2092,432,27076,0.412019,0.21,1,1187421,1186989,432
87623081,64.7326,67.2837,432,27154,0.410808,0.23,1,1187493,1187061,432
87626001,50.493,49.7135,435,27232,0.422323,0.31,1,1187534,1187099,435
87646441,54.1667,53.8314,442,27772,0.444628,0.41,1,1187863,1187421,442
87681481,67.044,47.3963,524,28673,0.771653,0.59,2,1188499,1187975,524
87684401,41.8176,62.7585,476,28747,0.794661,0.67,2,1188524,1188048,476
87687321,21.527,39.5034,460,28821,0.803865,0.67,2,1188532,1188072,460
87690241,56.6108,20.6014,532,28894,0.831546,0.63,2,1188612,1188080,532
87693161,23.8443,55.6405,455,28967,0.818618,0.63,2,1188614,1188159,455
87696081,70.7377,23.4562,555,29040,0.861447,0.75,2,1188716,1188161,555
87699001,57.0951,67.5825,506,29113,0.878579,0.77,2,1188764,1188258,506
87833321,46.7956,40.9602,529,32287,0.838,1,2,1190988,1190459,529
87847921,41.1496,61.0281,499,32613,0.0978515,1,1,1191239,1190740,499
87850841,47.0598,42.4112,520,32678,0.0691406,1,1,1191290,1190770,520
87853761,47.0239,39.7645,529,32743,0.0456562,1,1,1191337,1190808,529
87856681,33.2096,51.3058,494,32808,0.0962625,1,1,1191361,1190867,494
87859601,27.6838,39.7223,486,32872,0.056505,0.85,1,1191385,1190899,486
87862521,23.0735,37.4889,470,32936,0.088602,0.79,1,1191405,1190935,470
87865441,36.2294,46.7956,462,33000,0.0414408,0.69,1,1191450,1190988,462
87868361,32.4918,39.7182,457,33064,0.0705763,0.33,1,1191480,1191023,457
87871281,46.5967,62.0873,436,33128,0.0582305,0.25,1,1191536,1191100,436
87874201,45.6387,52.4349,435,33192,0.0412922,0,1,1191581,1191146,435
87877121,50.6555,59.374,425,33256,0.0165169,0.07,1,1191635,1191210,425
87880041,35.8622,41.1496,422,33320,0.0246068,0.05,1,1191661,1191239,422
87882961,44.9449,47.0598,422,33383,0.0398427,0.03,1,1191712,1191290,422
87885881,46.1779,47.0239,422,33446,0.0339371,0.13,1,1191759,1191337,422
87888801,34.0712,33.2096,424,33509,0.0435748,0.03,1,1191785,1191361,424
87891721,28.6285,27.6838,425,33572,0.0234299,0.11,1,1191810,1191385,425
87894641,22.8514,23.0735,424,33635,0.087372,0.01,1,1191829,1191405,424
87915081,44.7772,44.9449,422,34073,0.0984614,0.03,1,1192134,1191712,422
87918001,46.1109,46.1779,422,34135,0.0573845,0.05,1,1192181,1191759,422
87920921,34.0443,34.0712,422,34197,0.0649538,0.01,1,1192207,1191785,422
87923841,30.4177,28.6285,425,34259,0.0259815,0.01,1,1192235,1191810,425
87926761,25.3671,11.4514,447,34321,0.0403926,0.13,1,1192257,1191810,447
87929681,34.1468,15.9806,468,34383,0.046157,0.13,1,1192297,1191829,468
87932601,32.8587,32.1922,457,34444,0.0484628,0.13,1,1192329,1191872,457
87935521,47.9435,32.0769,483,34505,0.0373851,0.15,1,1192387,1191904,483
87938441,45.5774,45.2308,473,34566,0.0689541,0.19,1,1192431,1191958,473
87941361,50.031,45.0923,481,34627,0.0695816,0.15,1,1192484,1192003,481
87944281,33.2124,51.0369,448,34688,0.0818326,0.13,1,1192506,1192058,448
87950121,45.274,44.7659,468,34810,0.0622932,0.03,1,1192602,1192134,468
87953041,34.3096,46.1064,448,34871,0.0429173,0.07,1,1192629,1192181,448
87955961,29.9238,34.0425,449,34932,0.0171669,0,1,1192656,1192207,449
87958881,26.3695,30.417,445,34993,0.0248668,0.05,1,1192680,1192235,445
87961801,34.5478,25.3668,463,35053,0.0519467,0.05,1,1192720,1192257,463
87964721,33.0191,34.1467,455,35113,0.0867787,0.05,1,1192752,1192297,455
87973481,49.7772,45.5774,477,35293,0.205474,0.07,1,1192908,1192431,477
87976401,33.7109,50.031,447,35353,0.23219,0.09,1,1192931,1192484,447
87979321,44.0844,33.2124,476,35413,0.278876,0.13,1,1192982,1192506,476
87991001,26.2134,29.9238,446,35651,0.299891,0.03,1,1193102,1192656,446
87993921,11.6853,26.3695,424,35710,0.293957,0.07,1,1193104,1192680,424
88017281,44.2074,42.8337,438,36182,0.401995,0.33,1,1193462,1193024,438
88020201,33.883,33.3335,438,36240,0.406798,0.31,1,1193489,1193051,438
88031881,30.469,29.8741,437,36472,0.409822,0.35,1,1193583,1193146,437
88034801,33.7876,32.3497,439,36530,0.409929,0.35,1,1193619,1193180,439
88037721,50.115,49.5399,439,36588,0.445972,0.35,1,1193680,1193241,439
88040641,47.646,47.4159,439,36646,0.448389,0.33,1,1193726,1193287,439
88110721,48.5395,50.8918,498,38006,0.767664,0.63,2,1194620,1194122,498
88113641,51.2158,49.1567,503,38062,0.793066,0.59,2,1194673,1194170,503
88116561,37.2863,50.8627,479,38118,0.815226,0.61,2,1194701,1194222,479
88119481,49.7145,37.1451,509,38173,0.884091,0.63,2,1194759,1194250,509
88379361,38.9556,47.8185,485,42815,0.872875,1,2,1197965,1197480,485
88382281,39.5822,40.7274,489,42864,0.87115,1,2,1198005,1197516,489
88385201,41.0329,36.091,498,42913,0.77446,1,2,1198047,1197549,498
88388121,37.4132,31.8364,504,42962,0.771784,1,2,1198082,1197578,504
88469881,36.3926,38.2621,478,44318,0.769969,0.51,2,1198983,1198505,478
88472801,36.757,35.7048,481,44366,0.781988,0.47,2,1199020,1198539,481
88475721,24.3028,35.2819,462,44414,0.786795,0.51,2,1199036,1198574,462
88478641,27.7211,23.7128,476,44461,0.812718,0.55,2,1199066,1198590,476
88481561,12.2884,27.4851,448,44508,0.823087,0.51,2,1199068,1198620,448
88484481,18.7154,24.794,448,44555,0.839235,0.53,2,1199091,1198643,448
88487401,33.2862,35.7176,448,44602,0.857694,0.57,2,1199134,1198686,448
88490321,34.3145,32.887,452,44649,0.865078,0.61,2,1199169,1198717,452
88493241,25.7258,25.1548,452,44696,0.844031,0.65,2,1199189,1198737,452
88496161,35.4903,34.0619,454,44743,0.883612,0.69,2,1199231,1198777,454
88499081,32.7961,31.0248,456,44790,0.887445,0.67,2,1199262,1198806,456
88502001,26.9184,26.2099,456,44837,0.876978,0.75,2,1199285,1198829,456
88504921,38.9674,36.884,459,44884,0.896791,0.73,2,1199332,1198873,459
88728301,237.417,263.068,464,21900,0.2764,0.93,1,1202142,1201678,464
88757501,118.147,118.411,468,21997,0.074224,0.53,1,1202344,1201876,468
88760421,64.0587,69.5644,459,22093,0.0596896,0.39,1,1202372,1201913,459
88763341,44.8235,47.6257,458,22189,0.0538758,0.41,1,1202404,1201946,458
88766261,34.1294,34.0503,460,22285,0.0515503,0.21,1,1202431,1201971,460
88769181,67.6518,46.0201,496,22380,0.0866201,0.09,1,1202521,1202025,496
88775021,72.0243,71.8032,463,22569,0.0990592,0,1,1202650,1202187,463
88777941,98.4097,70.1213,510,22663,0.0936237,0.05,1,1202766,1202256,510
88783781,42.6256,49.1394,455,22850,0.0833798,0.05,1,1202827,1202372,455
88786701,32.6502,38.8558,449,22943,0.0993519,0.05,1,1202853,1202404,449
88798381,98.5014,71.8715,541,23310,0.222047,0.09,1,1203191,1202650,541
88801301,56.2006,98.3486,453,23401,0.274819,0.11,1,1203219,1202766,453
88804221,41.6802,55.5394,458,23492,0.295928,0.07,1,1203251,1202793,458
88818821,102.601,70.7534,552,23940,0.4144,0.27,1,1203626,1203074,552
88821741,42.2402,98.5013,437,24029,0.43576,0.31,1,1203628,1203191,437
88874301,35.0117,14.1227,484,25570,0.783418,0.63,2,1204586,1204102,484
88877221,29.6047,24.8491,478,25653,0.823367,0.67,2,1204612,1204134,478
88880141,70.6419,25.5396,550,25736,0.839347,0.63,2,1204710,1204160,550
88883061,57.6568,70.2159,499,25818,0.857739,0.65,2,1204759,1204260,499
88994021,66.1043,109.041,512,28772,0.873693,1,2,1206913,1206401,512
89075781,102.629,101.965,454,30765,0.782434,0.69,2,1208239,1207785,454
89078701,60.2517,59.9859,454,30834,0.822974,0.67,2,1208271,1207817,454
89081621,42.7007,42.5944,454,30903,0.82719,0.69,2,1208302,1207848,454
89084541,34.4803,33.8377,455,30971,0.840876,0.71,2,1208331,1207876,455
89087461,29.9921,29.1351,456,31039,0.87035,0.71,2,1208358,1207902,456
89090381,31.1968,31.454,455,31107,0.88214,0.71,2,1208390,1207935,455
89093301,36.4787,36.5816,455,31175,0.898856,0.71,2,1208430,1207975,455
89218861,28.5248,29.0325,501,33970,0.811047,1,2,1210376,1209875,501
89221781,37.8099,49.413,482,34032,0.810419,1,2,1210420,1209938,482
89224701,37.924,42.5652,482,34094,0.762168,1,2,1210458,1209976,482
89230541,65.5878,62.6104,490,34218,0.444747,1,1,1210655,1210165,490
89233461,38.8351,25.0442,511,34280,0.423899,1,1,1210676,1210165,511
89250981,23.8413,30.658,483,34648,0.40917,0.75,1,1210832,1210349,483
89256821,34.1746,37.7853,489,34770,0.429067,0.73,1,1210909,1210420,489
89309381,24.0961,27.0989,447,35848,0.755256,0.57,2,1211642,1211195,447
89312301,32.4384,31.2396,451,35907,0.752102,0.63,2,1211680,1211229,451
89315221,24.9754,24.4958,451,35966,0.750841,0.57,2,1211700,1211249,451
89323981,34.1904,35.2157,449,36143,0.758214,0.67,2,1211801,1211352,449
89326901,110.876,107.086,456,36201,0.789285,0.71,2,1211963,1211507,456
89329821,64.7505,62.6345,457,36259,0.801714,0.71,2,1211997,1211540,457
89332741,39.1002,38.2538,457,36317,0.830686,0.71,2,1212019,1211562,457
89335661,28.8401,28.5015,457,36375,0.830274,0.71,2,1212041,1211584,457
89338581,12.736,12.6006,457,36433,0.85411,0.75,2,1212043,1211586,457
89341501,24.2944,24.2402,457,36491,0.875644,0.77,2,1212075,1211618,457
89344421,24.7178,24.0961,458,36549,0.860258,0.75,2,1212100,1211642,458
89347341,32.0871,32.4384,457,36607,0.890103,0.75,2,1212137,1211680,457
89350261,24.8348,24.9754,457,36665,0.878041,0.71,2,1212157,1211700,457
89353181,23.1339,23.1902,457,36723,0.897216,0.75,2,1212179,1211722,457
89497721,244.193,170.053,622,17641,0.2812,0.92,1,1214298,1213676,622
89503561,99.5508,117.209,502,17881,0.056992,0.63,1,1214454,1213952,502
89506481,81.2203,94.8834,491,18000,0.0647968,0.49,1,1214523,1214032,491
89509401,39.6881,71.5534,447,18118,0.0679187,0.41,1,1214535,1214088,447
89512321,20.6753,33.4213,447,18235,0.0451675,0.03,1,1214543,1214096,447
89515241,115.67,134.569,424,18351,0.072067,0.05,1,1214722,1214298,424
89518161,101.468,109.027,424,18467,0.0828268,0,1,1214814,1214390,424
89521081,78.9872,82.011,424,18582,0.0631307,0.07,1,1214878,1214454,424
89524001,72.3949,74.2044,423,18696,0.0552523,0.07,1,1214946,1214523,423
89529841,19.2632,19.5527,423,18923,0.0940404,0.09,1,1214966,1214543,423
89559041,76.3564,77.053,502,20016,0.226231,0.19,1,1215802,1215300,502
89561961,37.7425,74.0212,442,20122,0.240492,0.19,1,1215814,1215372,442
89564881,21.097,36.8085,440,20227,0.246197,0.21,1,1215824,1215384,440
89567801,115.839,20.1234,610,20332,0.296479,0.19,1,1216003,1215393,610
89573641,76.8542,102.22,490,20540,0.432637,0.19,1,1216156,1215666,490
89605761,117.942,117.993,448,21648,0.792939,0.63,2,1216888,1216440,448
89608681,108.977,105.997,453,21746,0.815176,0.63,2,1216991,1216538,453
89611601,44.7907,43.5989,453,21844,0.82407,0.65,2,1216993,1216540,453
89614521,55.1163,54.0396,454,21941,0.887628,0.67,2,1217055,1216601,454
89734241,33.257,29.3066,525,25603,0.262331,1,1,1219608,1219083,525
89740081,101.201,91.5691,585,25768,0.088773,0.98,1,1219838,1219253,585
89743001,70.4804,103.828,523,25850,0.0355092,0.99,1,1219888,1219365,523
89745921,47.3922,74.531,500,25932,0.0322037,0.91,1,1219920,1219420,500
89748841,47.7569,50.8124,513,26014,0.0188815,0.61,1,1219968,1219455,513
89751761,32.9027,58.725,472,26095,0.0255526,0.45,1,1219991,1219519,472
89754681,23.9611,42.09,459,26176,0.040221,0.39,1,1220009,1219550,459
89757601,23.9844,30.636,460,26257,0.0340884,0.13,1,1220033,1219573,460
89760521,79.1938,33.2544,541,26338,0.0316354,0.07,1,1220149,1219608,541
89763441,97.6775,83.5018,534,26418,0.0546542,0.05,1,1220259,1219725,534
89766361,69.071,101.201,471,26498,0.0218617,0,1,1220309,1219838,471
89769281,49.2284,70.4803,457,26578,0.0747447,0.03,1,1220345,1219888,457
89772201,47.8914,47.3921,472,26658,0.0598979,0.01,1,1220392,1219920,472
89775121,32.3565,47.7568,446,26737,0.0539591,0.03,1,1220414,1219968,446
89778041,22.5426,32.9027,439,26816,0.0395837,0.05,1,1220430,1219991,439
89780961,24.017,23.9611,446,26895,0.0218335,0.03,1,1220455,1220009,446
89783881,10.8068,23.9844,424,26974,0.0147334,0.03,1,1220457,1220033,424
89786801,73.9227,79.1938,424,27053,0.0238934,0.07,1,1220573,1220149,424
89789721,97.3691,97.6775,427,27131,0.0155573,0,1,1220686,1220259,427
89792641,66.5476,69.071,423,27209,0.00622294,0.11,1,1220732,1220309,423
89795561,49.4191,49.2284,425,27287,0.0324892,0.05,1,1220770,1220345,425
89798481,46.7676,47.8914,423,27365,0.0309957,0.05,1,1220815,1220392,423
89801401,33.107,32.3565,425,27442,0.0303983,0.03,1,1220839,1220414,425
89804321,21.6428,22.5426,423,27519,0.0661593,0.01,1,1220853,1220430,423
89807241,23.6571,24.017,423,27596,0.0444637,0.01,1,1220878,1220455,423
89810161,10.6629,10.8068,423,27673,0.0177855,0.03,1,1220880,1220457,423
89813081,73.8651,73.9227,423,27750,0.0131142,0.01,1,1220996,1220573,423
89816001,96.7461,97.3691,422,27826,0.00524568,0,1,1221108,1220686,422
89818921,66.2984,66.5476,422,27902,0.0200983,0.05,1,1221154,1220732,422
89821841,50.5194,49.4191,424,27978,0.0140393,0.03,1,1221194,1220770,424
89824761,46.0077,46.7676,422,28054,0.0236157,0.03,1,1221237,1220815,422
89827681,34.0031,33.107,424,28129,0.0274463,0.09,1,1221263,1220839,424
89830601,22.0012,21.6428,424,28204,0.0289785,0.03,1,1221277,1220853,424
89833521,22.6005,23.6571,422,28279,0.0415914,0,1,1221300,1220878,422
89836441,10.2402,10.6629,422,28354,0.0226366,0,1,1221302,1220880,422
89839361,73.0961,4.26514,537,28429,0.0390546,0.01,1,1221417,1220880,537
89842281,97.6384,71.3061,535,28503,0.0336219,0,1,1221531,1220996,535
89845201,65.4554,95.7224,467,28577,0.0554487,0.03,1,1221575,1221108,467
89848121,50.7821,65.889,462,28651,0.0881795,0.01,1,1221616,1221154,462
89851041,45.5129,50.3556,464,28725,0.0772718,0.03,1,1221658,1221194,464
89853961,34.4051,45.9422,448,28799,0.0609087,0.03,1,1221685,1221237,448
89856881,22.1621,33.9769,436,28873,0.0543635,0.03,1,1221699,1221263,436
89859801,22.0648,21.9908,444,28946,0.0517454,0.05,1,1221721,1221277,444
89862721,10.0259,22.5963,423,29019,0.0506982,0.01,1,1221723,1221300,423
89865641,74.2104,10.2385,538,29092,0.0262793,0.05,1,1221840,1221302,538
89868561,96.8842,73.0954,535,29165,0.0405117,0.03,1,1221952,1221417,535
89871481,65.7537,97.6382,466,29238,0.0462047,0.07,1,1221997,1221531,466
89874401,54.5015,65.4553,469,29310,0.0604819,0.11,1,1222044,1221575,469
89877321,44.6006,50.7821,466,29382,0.0781927,0.07,1,1222082,1221616,466
89891921,74.5937,10.0259,539,29741,0.0574695,0.01,1,1222262,1221723,539
89894841,97.0375,74.2104,534,29812,0.0529878,0.05,1,1222374,1221840,534
89897761,40.015,96.8842,424,29883,0.0271951,0.05,1,1222376,1221952,424
89900681,44.206,65.7537,426,29954,0.064878,0.07,1,1222423,1221997,426
89903601,45.2824,54.5015,425,30025,0.0799512,0.09,1,1222469,1222044,425
89909441,32.6852,33.4402,428,30165,0.201192,0.13,1,1222536,1222108,428
89912361,21.4741,21.7761,428,30235,0.230477,0.13,1,1222550,1222122,428
89915281,20.5896,20.7104,428,30305,0.242191,0.13,1,1222570,1222142,428
89918201,9.43585,9.48417,428,30375,0.222876,0.01,1,1222572,1222144,428
89924041,95.8297,97.0375,423,30515,0.0608602,0.01,1,1222797,1222374,423
89926961,39.5319,40.015,423,30584,0.0423441,0.09,1,1222799,1222376,423
89929881,44.6128,44.206,424,30653,0.0709376,0.09,1,1222847,1222423,424
89932801,47.2451,45.2824,427,30722,0.0943751,0.21,1,1222896,1222469,427
89953241,93.6926,95.8297,423,31201,0.0546269,0.03,1,1223220,1222797,423
89956161,38.677,39.5319,423,31269,0.0278508,0.09,1,1223222,1222799,423
89959081,44.8708,44.6128,424,31337,0.0291403,0.09,1,1223271,1222847,424
89962001,47.9483,17.8451,474,31405,0.0416561,0.11,1,1223321,1222847,474
89964921,46.7793,36.538,471,31472,0.0466624,0.15,1,1223367,1222896,471
89967841,36.7117,41.0152,457,31539,0.060665,0.17,1,1223397,1222940,457
89970761,23.0847,33.2061,443,31606,0.078266,0.17,1,1223411,1222968,443
89973681,21.8339,21.6824,450,31673,0.0973064,0.17,1,1223432,1222982,450
89999961,24.9062,36.7116,441,32270,0.0945797,0.09,1,1223838,1223397,441
90014561,37.311,90.7494,429,32596,0.205592,0.13,1,1224071,1223642,429
90017481,43.7244,37.4997,475,32661,0.208237,0.11,1,1224119,1223644,475
90020401,46.2898,44.3999,474,32726,0.221295,0.09,1,1224167,1223693,474
90023321,19.7159,47.16,427,32791,0.226518,0.13,1,1224169,1223742,427
90037921,9.93053,9.985,429,33112,0.405664,0.21,1,1224289,1223860,429
90084641,47.6381,46.9353,446,34120,0.780172,0.53,2,1225046,1224600,446
90087561,20.2553,19.9741,446,34182,0.798069,0.55,2,1225048,1224602,446
90090481,40.5021,39.7896,447,34244,0.793227,0.55,2,1225102,1224655,447
90093401,36.0008,15.9159,480,34306,0.791291,0.61,2,1225135,1224655,480
90096321,27.6003,24.9663,471,34368,0.802516,0.63,2,1225157,1224686,471
90099241,23.6401,22.5865,471,34430,0.795007,0.59,2,1225178,1224707,471
90102161,10.6561,21.0346,453,34491,0.792003,0.59,2,1225180,1224727,453
90105081,71.4624,9.61385,563,34552,0.790801,0.65,2,1225292,1224729,563
90108001,95.185,69.2455,565,34613,0.85032,0.73,2,1225403,1224838,565
90110921,39.274,92.4982,459,34674,0.874128,0.73,2,1225405,1224946,459
90113841,45.1096,38.1993,506,34735,0.895651,0.75,2,1225454,1224948,506
90122601,41.263,20.2528,514,34918,0.897082,0.79,2,1225562,1225048,514
90125521,36.3052,40.5011,493,34979,0.880833,0.79,2,1225595,1225102,493
90128441,28.3221,36.0004,483,35039,0.862333,0.81,2,1225618,1225135,483
90131361,23.3288,27.6002,481,35099,0.866933,0.79,2,1225638,1225157,481
90134281,10.5315,23.6401,462,35159,0.868773,0.79,2,1225640,1225178,462
90262761,29.9549,32.4576,508,37714,0.844,1,2,1227484,1226976,508
90265681,28.782,31.583,505,37770,0.7996,1,2,1227512,1227007,505
90268601,27.7128,29.4332,504,37826,0.76984,1,2,1227539,1227035,504
90277361,51.4056,30.7317,545,37994,0.42247,1,1,1227666,1227121,545
90286121,33.554,50.1588,500,38161,0.0738381,1,1,1227823,1227323,500
90289041,37.4216,36.8635,512,38216,0.0715352,1,1,1227863,1227351,512
90291961,32.9686,40.5454,499,38271,0.0466141,1,1,1227893,1227394,499
90294881,31.1875,34.2182,499,38326,0.0606456,0.9,1,1227923,1227424,499
90297801,29.275,32.8873,495,38381,0.0422583,0.78,1,1227951,1227456,495
90300721,26.11,29.9549,491,38436,0.0589033,0.77,1,1227975,1227484,491
90303641,23.044,28.782,484,38491,0.0775613,0.75,1,1227996,1227512,484
90309481,23.967,30.2851,475,38601,0.0856098,0.47,1,1228046,1227571,475
90312401,10.7868,29.514,448,38656,0.0762439,0.33,1,1228048,1227600,448
90315321,37.3147,51.4056,437,38711,0.0844976,0.05,1,1228103,1227666,437
90327001,38.4769,37.4216,427,38928,0.0817951,0.03,1,1228290,1227863,427
90329921,30.9907,32.9686,423,38982,0.0507181,0.07,1,1228316,1227893,423
90332841,32.1963,31.1875,426,39036,0.0502872,0.03,1,1228349,1227923,426
90335761,27.8785,29.275,423,39090,0.0621149,0.07,1,1228374,1227951,423
90338681,26.7514,26.11,425,39144,0.090846,0.09,1,1228400,1227975,425
90341601,22.1006,23.044,423,39198,0.0903384,0.13,1,1228419,1227996,423
90353281,37.3098,37.3147,425,39414,0.0974967,0.13,1,1228528,1228103,425
90359121,45.5696,44.7304,427,39522,0.215999,0.11,1,1228651,1228224,427
90362041,30.8278,31.6921,425,39575,0.2244,0.05,1,1228672,1228247,425
90364961,36.3311,38.4769,422,39628,0.26376,0.03,1,1228712,1228290,422
90367881,30.1325,30.9907,422,39681,0.279504,0.05,1,1228738,1228316,422
90370801,33.053,32.1963,424,39734,0.237802,0.07,1,1228773,1228349,424
90373721,28.2212,27.8785,424,39787,0.245121,0.11,1,1228798,1228374,424
90376641,27.4885,26.7514,425,39840,0.248048,0.09,1,1228825,1228400,425
90379561,21.7954,22.1006,424,39893,0.273219,0.11,1,1228843,1228419,424
90382481,27.3182,26.8402,425,39946,0.271288,0.11,1,1228874,1228449,425
90385401,24.1273,23.9361,425,39999,0.270515,0.11,1,1228896,1228471,425
90388321,10.8509,10.7744,425,40052,0.270206,0.09,1,1228898,1228473,425
90391241,37.9404,37.3098,426,40105,0.270082,0.09,1,1228954,1228528,426
90408761,32.4527,29.9032,466,40420,0.40571,0.21,1,1229204,1228738,466
90411681,27.9811,32.9613,456,40472,0.420284,0.25,1,1229229,1228773,456
90502201,26.1375,25.3734,449,42059,0.756149,0.55,2,1230225,1229776,449
90505121,11.655,11.3493,449,42109,0.76446,0.53,2,1230227,1229778,449
90508041,38.262,38.7397,448,42159,0.779784,0.53,2,1230283,1229835,448
90510961,75.3048,75.4959,448,42209,0.785914,0.53,2,1230383,1229935,448
90513881,31.3219,31.3984,448,42259,0.812365,0.53,2,1230385,1229937,448
90516801,29.3288,29.3593,448,42309,0.798946,0.63,2,1230413,1229965,448
90519721,27.3315,24.9437,452,42359,0.853579,0.65,2,1230439,1229987,452
90522641,37.9326,36.9775,452,42409,0.887431,0.63,2,1230484,1230032,452
90525561,30.173,28.591,454,42459,0.888973,0.71,2,1230509,1230055,454
90794201,322.568,362.222,479,20440,0.778,0.97,2,1233563,1233084,479
90820481,83.111,89.6811,451,22055,0.795715,0.63,2,1234189,1233738,451
90823401,89.0444,90.4724,453,22151,0.840286,0.63,2,1234282,1233829,453
91007361,57.8774,70.2156,478,27534,0.828016,1,2,1238072,1237594,478
91024881,58.4638,54.2095,488,27992,0.433539,1,1,1238378,1237890,488
91027801,43.7855,44.4838,484,28068,0.431416,0.91,1,1238412,1237928,484
91077441,59.7832,35.1005,522,29323,0.793681,0.53,2,1239271,1238749,522
91080361,46.7133,57.8402,487,29395,0.827472,0.59,2,1239309,1238822,487
91083281,61.8853,45.3361,522,29467,0.852989,0.63,2,1239381,1238859,522
91086201,51.1541,60.1344,496,29539,0.839196,0.67,2,1239425,1238929,496
91089121,64.8616,49.2538,528,29611,0.833678,0.65,2,1239499,1238971,528
91092041,46.3447,64.7015,487,29682,0.831471,0.65,2,1239533,1239046,487
91094961,38.3379,46.2806,486,29753,0.818589,0.63,2,1239566,1239080,486
91097881,51.3351,37.1122,515,29824,0.849435,0.73,2,1239626,1239111,515
91100801,21.7341,49.6449,459,29895,0.861774,0.77,2,1239628,1239169,459
91103721,25.4936,35.458,461,29966,0.86671,0.83,2,1239656,1239195,461
91375281,57.8916,55.9178,490,35940,0.83848,1,2,1243864,1243374,490
91378201,45.9566,42.1671,495,35999,0.761392,1,2,1243902,1243407,495
91398641,41.8198,39.7024,487,36408,0.0665755,0.95,1,1244155,1243668,487
91401561,34.1279,35.681,483,36466,0.0446302,1,1,1244184,1243701,483
91404481,41.2512,49.0724,471,36524,0.0358521,0.91,1,1244230,1243759,471
91407401,36.3005,41.229,468,36582,0.0563408,0.77,1,1244263,1243795,468
91413241,41.5681,45.9566,456,36698,0.0750145,0.55,1,1244358,1243902,456
91416161,37.0272,44.7827,446,36756,0.0720058,0.43,1,1244392,1243946,446
91419081,32.2109,37.7131,442,36813,0.0828023,0.29,1,1244421,1243979,442
91422001,27.2844,33.0852,436,36870,0.0871209,0.25,1,1244445,1244009,436
91424921,26.5137,32.4341,430,36927,0.0888484,0.13,1,1244471,1244041,430
91427841,28.6055,30.3736,431,36984,0.0775393,0.07,1,1244501,1244070,431
91430761,30.6422,35.5495,424,37041,0.0850157,0.03,1,1244533,1244109,424
91433681,38.6569,41.8198,422,37098,0.0520063,0.03,1,1244577,1244155,422
91436601,33.4628,34.1279,423,37155,0.0628025,0.03,1,1244607,1244184,423
91439521,41.5851,13.6512,470,37212,0.067121,0.03,1,1244654,1244184,470
91442441,34.634,33.0605,454,37269,0.0688484,0.07,1,1244684,1244230,454
91445361,51.6536,33.0242,484,37326,0.0935394,0.15,1,1244747,1244263,484
91448281,41.0614,48.6097,459,37383,0.0914157,0.05,1,1244781,1244322,459
91451201,35.6246,41.0439,455,37440,0.0905663,0.07,1,1244813,1244358,455
91454121,34.6498,36.8175,455,37496,0.0902265,0.09,1,1244847,1244392,455
91474561,42.7154,33.4624,471,37888,0.0841352,0.07,1,1245078,1244607,471
91477481,33.2862,41.585,451,37944,0.0396541,0.07,1,1245105,1244654,451
91480401,52.9145,34.634,487,38000,0.0698616,0.11,1,1245171,1244684,487
91483321,42.1658,51.6536,459,38056,0.0939447,0.09,1,1245206,1244747,459
91506681,32.7911,36.7215,459,38497,0.216837,0.15,1,1245457,1244998,459
91509601,38.9165,33.2886,471,38552,0.224735,0.03,1,1245500,1245029,471
91512521,32.3666,42.7154,450,38607,0.239894,0.01,1,1245528,1245078,450
91515441,14.1466,33.2862,425,38662,0.245958,0.09,1,1245530,1245105,425
91518361,45.8587,52.9145,426,38717,0.284383,0.11,1,1245597,1245171,426
91532961,26.5682,26.529,428,38988,0.400304,0.13,1,1245750,1245322,428
91535881,30.4273,28.6116,431,39042,0.406122,0.21,1,1245783,1245352,431
91538801,33.7709,32.4446,432,39096,0.408449,0.21,1,1245819,1245387,432
91544641,33.6033,32.7911,433,39204,0.404952,0.23,1,1245890,1245457,433
91617641,37.7719,34.4654,490,40530,0.772188,0.59,2,1246750,1246260,490
91620561,34.9088,37.7861,483,40582,0.782875,0.63,2,1246783,1246300,483
91623481,42.7635,34.9145,498,40634,0.81115,0.59,2,1246831,1246333,498
91626401,35.7054,42.7658,481,40686,0.83446,0.63,2,1246862,1246381,481
91629321,15.4822,35.1063,453,40738,0.843784,0.63,2,1246864,1246411,453
91632241,49.3929,15.2425,523,40790,0.811514,0.67,2,1246936,1246413,523
91635161,41.9571,48.697,489,40842,0.786605,0.63,2,1246973,1246484,489
91638081,38.9829,41.0788,490,40894,0.800642,0.69,2,1247010,1246520,490
91641001,36.5931,37.4315,490,40946,0.830257,0.69,2,1247045,1246555,490
91643921,27.8373,35.9726,477,40998,0.842103,0.69,2,1247067,1246590,477
91646841,29.1349,27.589,485,41049,0.858841,0.67,2,1247097,1246612,485
91649761,31.454,28.4356,489,41100,0.865536,0.73,2,1247130,1246641,489
91652681,35.9816,30.5742,496,41151,0.892215,0.77,2,1247169,1246673,496
91813281,33.4396,27.2973,521,43882,0.888179,1,2,1249042,1248521,521
91816201,33.1758,28.9189,524,43930,0.889272,1,2,1249075,1248551,524
91830801,37.0741,35.1316,522,44170,0.894505,1,2,1249276,1248754,522
91833721,33.4296,35.6527,517,44218,0.831802,0.99,2,1249307,1248790,517
91836641,28.9719,37.0611,505,44266,0.782721,1,2,1249333,1248828,505
91839561,31.3887,34.6244,505,44314,0.787088,1,2,1249366,1248861,505
91842481,34.1555,33.6498,508,44362,0.764835,0.98,2,1249402,1248894,508
91953441,35.3848,30.1045,491,46133,0.794524,0.67,2,1250517,1250026,491
91956361,50.7539,33.6418,516,46179,0.81581,0.75,2,1250578,1250062,516
91959281,40.1016,49.4567,489,46225,0.848324,0.75,2,1250611,1250122,489
91962201,34.0406,38.9827,487,46271,0.86133,0.75,2,1250641,1250154,487
91965121,30.4163,34.1931,484,46317,0.866532,0.71,2,1250669,1250185,484
91968041,25.9665,31.6772,477,46363,0.892613,0.73,2,1250692,1250215,477
92146161,35.6271,45.2339,507,49056,0.846006,1,2,1252549,1252042,507
92149081,33.4508,31.8936,516,49099,0.836403,1,2,1252581,1252065,516
92152001,29.5803,27.7574,518,49142,0.844561,1,2,1252608,1252090,518
92154921,31.0321,34.503,511,49185,0.823824,1,2,1252640,1252129,511
92157841,34.0129,31.8012,517,49228,0.76753,1,2,1252676,1252159,517
92286321,33.4371,32.8629,452,51078,0.764187,0.63,2,1253835,1253383,452
92289241,43.9748,43.1452,453,51119,0.779675,0.67,2,1253886,1253433,453
92292161,31.9899,30.4581,455,51160,0.80987,0.73,2,1253910,1253455,455
92295081,34.396,33.1832,456,51201,0.821948,0.67,2,1253946,1253490,456
92298001,28.7584,28.2733,456,51242,0.838779,0.67,2,1253971,1253515,456
92300921,27.1034,27.5093,455,51283,0.821512,0.69,2,1253997,1253542,455
92303841,33.0413,32.6037,456,51324,0.838605,0.71,2,1254034,1253578,456
92306761,22.8165,23.2415,455,51365,0.845442,0.63,2,1254050,1253595,455
92309681,34.3266,35.6966,453,51406,0.848177,0.67,2,1254092,1253639,453
92312601,17.3306,17.8786,453,51447,0.885271,0.69,2,1254098,1253645,453
92318441,25.3329,23.9806,456,51529,0.882043,0.75,2,1254159,1253703,456
92321361,34.7332,33.5922,457,51570,0.838817,0.75,2,1254200,1253743,457
92324281,27.0933,26.6369,457,51611,0.845527,0.75,2,1254222,1253765,457
92327201,15.6373,15.4548,457,51652,0.836211,0.75,2,1254230,1253773,457
92330121,11.0549,10.9819,457,51693,0.832484,0.71,2,1254238,1253781,457
92333041,5.62197,5.59276,457,51734,0.830994,0.79,2,1254240,1253783,457
92335961,34.6488,33.4371,459,51775,0.830397,0.79,2,1254294,1253835,459
92338881,45.0595,13.3748,511,51816,0.830159,0.79,2,1254346,1253835,511
92341801,33.6238,35.9499,486,51857,0.830064,0.83,2,1254372,1253886,486
92344721,35.0495,28.78,498,51898,0.866025,0.83,2,1254408,1253910,498
92347641,28.4198,33.112,486,51939,0.88041,0.85,2,1254432,1253946,486
92350561,26.9679,28.2448,487,51980,0.886164,0.81,2,1254458,1253971,487
92356401,23.3949,32.9592,478,52061,0.894186,0.85,2,1254512,1254034,478
92540361,341.46,353.732,511,24820,0.862,0.99,2,1256284,1255773,511
92566641,48.2724,37.561,499,25578,0.410468,0.65,1,1256783,1256284,499
92569561,63.109,43.2244,525,25661,0.446187,0.57,1,1256856,1256331,525
92613361,49.5745,37.0774,511,26874,0.771976,0.67,2,1257679,1257168,511
92616281,21.0298,49.031,456,26953,0.782791,0.71,2,1257681,1257225,456
92619201,54.0119,64.6124,457,27032,0.847116,0.75,2,1257757,1257300,457
92622121,52.2048,55.245,459,27110,0.836846,0.75,2,1257808,1257349,459
92625041,67.6819,67.698,461,27188,0.892739,0.75,2,1257886,1257425,461
92733081,44.2986,70.2133,483,29935,0.879992,1,2,1259781,1259298,483
92736001,57.3194,61.6853,493,30006,0.885997,1,2,1259847,1259354,493
92738921,49.3278,59.4741,479,30077,0.876399,0.97,2,1259891,1259412,479
92744761,30.0924,36.8759,477,30217,0.885424,0.98,2,1259967,1259490,477
92747681,61.837,59.7503,485,30287,0.86417,1,2,1260050,1259565,485
92750601,37.3348,37.1001,484,30357,0.843668,0.91,2,1260071,1259587,484
92753521,35.3339,37.0401,481,30427,0.847467,0.95,2,1260105,1259624,481
92756441,51.3336,61.616,465,30497,0.824987,0.91,2,1260167,1259702,465
92759361,41.5334,46.2464,464,30566,0.827995,0.85,2,1260202,1259738,464
92762281,41.2134,44.2986,462,30635,0.841198,0.89,2,1260243,1259781,462
92765201,57.8853,57.3194,465,30704,0.822479,0.87,2,1260312,1259847,465
92768121,49.5541,49.3278,465,30773,0.790992,0.93,2,1260356,1259891,465
92771041,58.2217,58.7311,464,30842,0.826397,0.87,2,1260420,1259956,464
92773961,31.6887,30.0924,467,30911,0.840559,0.85,2,1260434,1259967,467
92776881,59.4755,61.837,462,30979,0.870223,0.83,2,1260512,1260050,462
92779801,37.5902,37.3348,464,31047,0.870089,0.85,2,1260535,1260071,464
92782721,34.2361,35.3339,462,31115,0.894036,0.81,2,1260567,1260105,462
92884921,57.6022,53.2095,492,33413,0.883696,1,2,1262204,1261712,492
92887841,42.8409,39.8838,494,33476,0.779478,1,2,1262237,1261743,494
92902441,40.9603,39.1185,485,33791,0.424113,1,1,1262444,1261959,485
92928721,31.28,36.8218,470,34350,0.403596,0.57,1,1262789,1262319,470
92931641,51.512,32.1287,506,34412,0.431438,0.45,1,1262854,1262348,506
93004641,25.77,26.8268,455,35915,0.764207,0.65,2,1263803,1263348,455
93007561,47.508,48.5307,454,35974,0.791683,0.67,2,1263865,1263411,454
93010481,40.0032,39.8123,455,36033,0.790673,0.65,2,1263900,1263445,455
93013401,37.6013,38.1249,454,36092,0.778269,0.61,2,1263936,1263482,454
93016321,58.2405,59.05,453,36151,0.785308,0.61,2,1264008,1263555,453
93019241,41.2962,42.22,452,36209,0.800123,0.61,2,1264038,1263586,452
93022161,33.3185,33.688,452,36267,0.806049,0.61,2,1264066,1263614,452
93025081,37.3274,37.4752,452,36325,0.80842,0.63,2,1264106,1263654,452
93028001,32.931,32.3901,453,36383,0.845368,0.63,2,1264136,1263683,453
93030921,14.3724,14.156,453,36441,0.836147,0.73,2,1264138,1263685,453
93033841,48.949,47.0624,456,36499,0.868459,0.75,2,1264210,1263754,456
93036761,39.3796,37.425,458,36557,0.881384,0.79,2,1264243,1263785,458
93153561,40.587,43.8673,487,38803,0.891952,1,2,1265789,1265302,487
93156481,36.0348,35.5469,490,38857,0.806781,1,2,1265822,1265332,490
93176921,42.2663,41.2609,484,39235,0.286809,1,1,1266099,1265615,484
93179841,37.9065,39.3044,481,39289,0.216724,0.93,1,1266134,1265653,481
93188601,25.778,32.4675,464,39451,0.20707,0.83,1,1266207,1265743,464
93191521,39.1112,40.587,466,39505,0.232828,0.75,1,1266255,1265789,466
93194441,28.2445,36.0348,454,39558,0.231131,0.63,1,1266276,1265822,454
93197361,52.0978,58.2139,449,39611,0.278452,0.55,1,1266344,1265895,449
93200281,37.6391,41.2856,447,39664,0.297381,0.45,1,1266372,1265925,447
93217801,33.6831,37.9065,427,39982,0.411217,0.15,1,1266561,1266134,427
93220721,23.6733,25.3626,427,40035,0.422487,0.17,1,1266578,1266151,427
93223641,31.0693,29.945,430,40088,0.426995,0.17,1,1266614,1266184,430
93226561,25.6277,11.978,452,40141,0.404798,0.23,1,1266636,1266184,452
93229481,41.4511,18.5912,481,40194,0.443919,0.25,1,1266688,1266207,481
93314161,51.4891,55.3697,457,41690,0.785102,0.71,2,1267682,1267225,457
93317081,40.3956,41.9479,457,41741,0.800041,0.71,2,1267715,1267258,457
93320001,37.7583,38.3792,457,41792,0.818016,0.71,2,1267751,1267294,457
93322921,31.9033,32.1517,457,41843,0.837207,0.71,2,1267779,1267322,457
93325841,29.5613,29.6607,457,41893,0.856883,0.71,2,1267807,1267350,457
93328761,25.0245,25.0643,457,41943,0.876753,0.73,2,1267829,1267372,457
93331681,42.4098,41.8257,458,41993,0.884701,0.73,2,1267883,1267425,458
93334601,36.7639,35.9303,459,42043,0.887881,0.75,2,1267916,1267457,459
93337521,24.3056,23.9721,459,42093,0.889152,0.71,2,1267932,1267473,459
93343361,26.9289,27.3555,457,42193,0.882664,0.75,2,1267992,1267535,457
93483521,37.2774,37.3231,504,44531,0.895165,1,2,1269618,1269114,504
93486441,31.711,38.3292,493,44578,0.826066,1,2,1269646,1269153,493
93489361,27.0844,34.5317,485,44625,0.780426,1,2,1269670,1269185,485
93512721,33.0753,35.5879,489,45001,0.775144,1,2,1269942,1269453,489
93527321,34.8027,37.2774,467,45236,0.788849,0.78,2,1270085,1269618,467
93530241,29.5211,31.711,465,45283,0.80154,0.75,2,1270111,1269646,465
93533161,21.4084,27.0844,457,45330,0.806616,0.71,2,1270127,1269670,457
93536081,37.9634,37.8338,461,45377,0.832646,0.75,2,1270176,1269715,461
93539001,35.5853,35.5335,461,45423,0.867059,0.73,2,1270210,1269749,461
93541921,29.2341,30.4134,459,45469,0.868823,0.69,2,1270235,1269776,459
93839761,26.5885,22.6451,523,49974,0.876168,1,2,1273365,1272842,523
93845601,35.5742,35.0632,524,50058,0.897387,1,2,1273440,1272916,524
93851441,28.8519,30.8101,517,50142,0.871982,1,2,1273493,1272976,517
93854361,30.1407,30.924,517,50184,0.882793,1,2,1273524,1273007,517
93857281,27.6563,30.3696,513,50226,0.887117,1,2,1273550,1273037,513
93860201,30.8625,30.7478,515,50268,0.864847,1,2,1273583,1273068,515
93863121,23.145,32.6991,499,50310,0.855939,1,2,1273601,1273102,499
93866041,19.458,25.6797,495,50352,0.864375,0.95,2,1273618,1273123,495
93868961,26.9832,30.6719,493,50394,0.79575,1,2,1273650,1273157,493
93871881,30.5933,33.8687,490,50436,0.7563,0.95,2,1273683,1273193,490
93874801,27.8373,32.7475,484,50478,0.75252,0.93,2,1273709,1273225,484
93877721,24.3349,29.299,479,50520,0.763008,1,2,1273731,1273252,479
93883561,27.5336,28.9278,481,50604,0.771281,0.94,2,1273792,1273311,481
93886481,22.4134,28.9711,471,50646,0.782512,0.82,2,1273811,1273340,471
93889401,21.5654,26.5885,467,50688,0.775005,0.93,2,1273832,1273365,467
93892321,30.8261,33.4354,466,50730,0.760002,0.89,2,1273869,1273403,466
93895241,33.3305,35.5742,464,50772,0.778001,0.91,2,1273904,1273440,464
93898161,29.5322,28.6297,467,50813,0.7852,0.85,2,1273931,1273464,467
93901081,28.6129,28.8519,466,50854,0.80008,0.89,2,1273959,1273493,466
93904001,29.4451,30.1407,465,50895,0.806032,0.89,2,1273989,1273524,465
93906921,27.9781,27.6563,466,50936,0.796413,0.85,2,1274016,1273550,466
93909841,29.7912,30.8625,464,50977,0.816565,0.85,2,1274047,1273583,464
93912761,24.5165,23.145,467,51018,0.836626,0.87,2,1274068,1273601,467
93915681,18.8066,19.458,465,51059,0.86865,0.75,2,1274083,1273618,465
94165341,325.337,341.657,489,24820,0.79,0.75,2,1276618,1276129,489
94242721,54.1034,70.699,493,26153,0.779489,0.61,2,1277878,1277385,493
94245641,69.6413,53.4796,531,26234,0.785796,0.65,2,1277958,1277427,531
94248561,31.4565,68.1918,459,26315,0.788318,0.65,2,1277964,1277505,459
94251481,40.7826,30.8767,500,26396,0.813327,0.65,2,1278011,1277511,500
94254401,58.913,40.5507,524,26476,0.871331,0.67,2,1278082,1277558,524
94257321,67.3652,58.2203,527,26556,0.894532,0.69,2,1278155,1277628,527
94400401,58.0383,57.7231,491,30217,0.428944,1,1,1280749,1280258,491
94403321,70.6153,68.0892,495,30287,0.213578,1,1,1280828,1280333,495
94412081,40.7114,35.2937,501,30497,0.048709,1,1,1280938,1280437,501
94415001,37.8846,32.1175,507,30566,0.0614836,1,1,1280974,1280467,507
94417921,30.1538,36.247,493,30635,0.0425934,0.91,1,1280999,1280506,493
94420841,28.2615,39.0988,479,30704,0.0830374,0.95,1,1281026,1280547,479
94423761,34.1046,46.2395,466,30773,0.039215,0.43,1,1281064,1280598,466
94426681,69.4418,85.0958,448,30842,0.033686,0.29,1,1281157,1280709,448
94429601,46.9767,58.0383,440,30911,0.0134744,0.07,1,1281189,1280749,440
94432521,55.9907,70.6153,423,30979,0.0233898,0.09,1,1281251,1280828,423
94435441,44.5963,50.4461,423,31047,0.0513559,0.11,1,1281288,1280865,423
94438361,36.4385,38.7785,423,31115,0.0385424,0,1,1281319,1280896,423
94441281,39.7754,40.7114,423,31183,0.0334169,0.07,1,1281361,1280938,423
94444201,37.5102,37.8846,423,31251,0.0553668,0.03,1,1281397,1280974,423
94447121,31.2041,30.1538,425,31319,0.0281467,0.03,1,1281424,1280999,425
94450041,28.0816,12.0615,451,31387,0.0532587,0.11,1,1281450,1280999,451
94452961,32.2326,21.0246,459,31454,0.0753035,0.01,1,1281485,1281026,459
94455881,69.2931,31.2098,515,31521,0.0601214,0.03,1,1281579,1281064,515
94458801,46.3172,68.2839,453,31588,0.0660486,0,1,1281610,1281157,453
94461721,55.7269,46.5136,483,31655,0.0444194,0.03,1,1281672,1281189,483
94464641,44.4908,55.8054,458,31722,0.0357678,0.07,1,1281709,1281251,458
94467561,36.3963,44.5222,452,31789,0.0143071,0.03,1,1281740,1281288,452
94470481,39.7585,36.4089,463,31856,0.0237228,0.03,1,1281782,1281319,463
94473401,37.5034,39.7635,457,31922,0.0274891,0.07,1,1281818,1281361,457
94476321,31.2014,37.5054,448,31988,0.0289957,0.01,1,1281845,1281397,448
94479241,29.8805,31.2022,450,32054,0.0295983,0.07,1,1281874,1281424,450
94482161,35.3522,28.0809,463,32120,0.0778393,0.09,1,1281913,1281450,463
94490921,54.6065,46.3172,483,32318,0.223622,0.03,1,1282093,1281610,483
94493841,44.0426,55.7269,458,32383,0.215449,0.03,1,1282130,1281672,458
94499681,39.6868,36.3963,463,32513,0.0836718,0.03,1,1282203,1281740,463
94502601,37.4747,39.7585,457,32578,0.0394687,0.03,1,1282239,1281782,457
94505521,31.7899,37.5034,449,32643,0.0337875,0.03,1,1282267,1281818,449
94508441,30.116,31.2014,451,32708,0.031515,0.03,1,1282296,1281845,451
94511361,13.2464,29.8805,424,32773,0.030606,0.11,1,1282298,1281874,424
94514281,31.0986,35.3522,428,32838,0.0662424,0.19,1,1282341,1281913,428
94523041,53.6623,54.6065,430,33030,0.2128,0.21,1,1282523,1282093,430
94531801,37.5864,39.6868,423,33222,0.203459,0.01,1,1282626,1282203,423
94537641,31.8138,31.7899,423,33350,0.0553535,0.03,1,1282690,1282267,423
94540561,30.1255,30.116,423,33413,0.0281414,0.03,1,1282719,1282296,423
94543481,13.2502,13.2464,423,33476,0.0412566,0.09,1,1282721,1282298,423
94546401,32.9001,31.0986,426,33539,0.0585026,0.21,1,1282767,1282341,426
94566841,32.7932,36.0346,425,33978,0.210425,0.01,1,1283086,1282661,425
94569761,28.7173,31.8138,422,34040,0.22217,0.01,1,1283112,1282690,422
94572681,28.8869,30.1255,422,34102,0.214868,0.05,1,1283141,1282719,422
94575601,12.7548,13.2502,422,34164,0.247947,0.07,1,1283143,1282721,422
94578521,34.5019,32.9001,425,34226,0.225179,0.07,1,1283192,1282767,425
94581441,74.4008,13.16,526,34288,0.216072,0.17,1,1283293,1282767,526
94584361,48.9603,64.664,459,34350,0.200429,0.17,1,1283325,1282866,459
94590201,44.1936,52.3462,467,34473,0.251669,0.19,1,1283421,1282954,467
94593121,32.0775,43.1385,454,34534,0.274667,0.21,1,1283445,1282991,454
94596041,36.831,32.2554,469,34595,0.295867,0.17,1,1283485,1283016,469
94654441,45.6679,56.2741,444,35797,0.776946,0.49,2,1284261,1283817,444
94657361,43.4672,45.9096,447,35856,0.784778,0.51,2,1284303,1283856,447
94660281,31.7869,32.7639,447,35915,0.775911,0.53,2,1284327,1283880,447
94663201,37.9147,37.7055,448,35974,0.796365,0.53,2,1284369,1283921,448
94666121,34.3659,34.2822,448,36033,0.816546,0.53,2,1284401,1283953,448
94669041,29.3464,29.3129,448,36092,0.824618,0.55,2,1284427,1283979,448
94671961,32.1385,30.9252,450,36151,0.827847,0.55,2,1284461,1284011,450
94674881,14.0554,13.5701,450,36209,0.829139,0.59,2,1284463,1284013,450
94677801,33.8222,33.028,451,36267,0.841656,0.67,2,1284510,1284059,451
94680721,80.7289,76.8112,457,36325,0.822662,0.71,2,1284622,1284165,457
94683641,51.4915,49.9245,457,36383,0.827065,0.71,2,1284654,1284197,457
94686561,21.7966,21.1698,457,36441,0.828826,0.83,2,1284656,1284199,457
94689481,48.3186,45.6679,461,36499,0.85353,0.79,2,1284722,1284261,461
94692401,43.9275,43.4672,460,36557,0.899412,0.77,2,1284763,1284303,460
94864681,53.0591,44.4243,504,39823,0.8764,1,2,1287040,1286536,504
94867601,43.4236,34.5697,513,39876,0.84856,1,2,1287077,1286564,513
94870521,35.9695,43.2279,495,39929,0.801424,1,2,1287108,1286613,495
94902641,48.8368,60.6101,510,40507,0.240331,0.83,1,1287502,1286992,510
94908481,34.4539,43.4176,491,40611,0.0612529,0.77,1,1287568,1287077,491
94911401,31.7816,35.967,490,40663,0.0545012,0.69,1,1287598,1287108,490
94914321,33.1126,35.9868,488,40715,0.0518005,0.67,1,1287632,1287144,488
94917241,35.445,35.3947,490,40767,0.0387202,0.63,1,1287669,1287179,490
94920161,29.178,38.7579,474,40819,0.0214881,0.49,1,1287694,1287220,474
94923081,27.8712,30.5032,476,40871,0.00859523,0.53,1,1287721,1287245,476
94926001,32.1485,30.2013,481,40923,0.0454381,0.57,1,1287756,1287275,481
94928921,23.0594,31.2805,466,40975,0.0721752,0.49,1,1287773,1287307,466
94931841,23.6238,26.3122,467,41027,0.0708701,0.47,1,1287797,1287330,467
94934761,27.4495,24.3249,474,41078,0.082348,0.49,1,1287827,1287353,474
94937681,49.3798,27.73,508,41129,0.0869392,0.25,1,1287891,1287383,508
94975641,27.697,27.4495,427,41792,0.209928,0.09,1,1288254,1287827,427
94978561,48.8788,49.3798,426,41843,0.233971,0.13,1,1288317,1287891,426
94981481,44.7515,43.1519,429,41893,0.219588,0.15,1,1288359,1287930,429
94984401,39.5006,37.6608,431,41943,0.225835,0.21,1,1288395,1287964,431
94987321,32.6002,30.6643,433,41993,0.204334,0.15,1,1288423,1287990,433
94990241,29.8401,31.4657,429,42043,0.219734,0.17,1,1288451,1288022,429
94993161,31.136,31.7863,429,42093,0.201893,0.21,1,1288483,1288054,429
94996081,35.8544,34.3145,432,42143,0.230757,0.15,1,1288522,1288090,432
94999001,29.3418,29.9258,430,42193,0.254303,0.13,1,1288547,1288117,430
95001921,26.1367,27.5703,428,42243,0.239721,0.13,1,1288571,1288143,428
95004841,11.6547,12.2281,428,42293,0.257888,0.17,1,1288573,1288145,428
95007761,25.6619,25.8913,428,42343,0.241155,0.17,1,1288608,1288180,428
95010681,22.8647,22.3565,429,42393,0.258462,0.19,1,1288629,1288200,429
95013601,24.1459,22.7426,431,42443,0.253385,0.23,1,1288654,1288223,431
95016521,28.8584,27.697,432,42493,0.275354,0.25,1,1288686,1288254,432
95036961,36.4594,35.8544,432,42839,0.40504,0.27,1,1288954,1288522,432
95039881,30.1838,29.3418,433,42888,0.432016,0.23,1,1288980,1288547,433
95042801,26.4735,26.1367,433,42937,0.442806,0.27,1,1289004,1288571,433
95045721,11.7894,11.6547,433,42986,0.447123,0.27,1,1289006,1288573,433
95048641,25.1158,4.66187,467,43035,0.424849,0.23,1,1289040,1288573,467
95051561,23.8463,22.8647,455,43084,0.42794,0.27,1,1289063,1288608,455
95054481,23.9385,21.7459,458,43133,0.429176,0.25,1,1289087,1288629,458
95115801,32.4266,30.6508,486,44149,0.785578,0.69,2,1289807,1289321,486
95118721,36.9706,32.0603,493,44197,0.812231,0.65,2,1289847,1289354,493
95121641,31.5883,36.8241,481,44245,0.822893,0.67,2,1289875,1289394,481
95124561,27.6353,30.9297,479,44293,0.851157,0.69,2,1289900,1289421,479
95127481,12.2541,26.7719,457,44341,0.862463,0.69,2,1289902,1289445,457
95130401,27.1016,11.9087,492,44389,0.866985,0.71,2,1289939,1289447,492
95133321,24.0407,26.3635,478,44437,0.880794,0.71,2,1289961,1289483,478
95136241,10.8163,23.7454,458,44484,0.886318,0.75,2,1289963,1289505,458
95326041,53.8097,56.4405,499,47466,0.863572,1,2,1292056,1291557,499
95328961,45.5239,39.9762,510,47510,0.795429,1,2,1292096,1291586,510
95349401,28.5788,25.0225,489,47818,0.446272,1,1,1292297,1291808,489
95358161,25.349,26.4174,480,47950,0.281761,0.99,1,1292377,1291897,480
95361081,16.7396,16.567,481,47994,0.286705,1,1,1292388,1291907,481
95364001,8.49585,12.0268,475,48038,0.252682,0.97,1,1292391,1291916,475
95366921,25.5983,28.8107,472,48082,0.215073,0.97,1,1292428,1291956,472
95369841,27.0393,29.5243,470,48126,0.212029,0.79,1,1292456,1291986,470
95375681,41.6463,45.5239,457,48214,0.207925,0.57,1,1292553,1292096,457
95384441,31.3934,31.8575,454,48346,0.217547,0.59,1,1292631,1292177,454
95387361,30.5573,32.543,451,48390,0.213019,0.57,1,1292661,1292210,451
95390281,26.6229,28.6172,449,48434,0.211208,0.39,1,1292685,1292236,449
95393201,26.8492,32.4469,441,48478,0.234483,0.43,1,1292712,1292271,441
95396121,28.1397,28.5788,444,48521,0.207793,0.35,1,1292741,1292297,444
95401961,23.4623,27.3726,434,48607,0.216847,0.25,1,1292787,1292353,434
95404881,24.3849,25.349,435,48650,0.200739,0.29,1,1292812,1292377,435
95413641,23.4006,25.5983,430,48779,0.238687,0.21,1,1292858,1292428,430
95416561,26.1603,27.0393,430,48822,0.257475,0.15,1,1292886,1292456,430
95419481,43.4641,45.6157,427,48865,0.26499,0.15,1,1292941,1292514,427
95422401,42.5856,18.2463,469,48908,0.291996,0.23,1,1292983,1292514,469
95437001,28.5554,30.2771,456,49123,0.402878,0.21,1,1293117,1292661,456
95439921,27.0222,26.5108,458,49166,0.443151,0.25,1,1293143,1292685,458
95527521,31.8275,34.0859,451,50436,0.753332,0.61,2,1293951,1293500,451
95530441,31.931,32.2344,452,50478,0.763333,0.59,2,1293983,1293531,452
95533361,29.5724,30.2938,451,50520,0.779333,0.57,2,1294011,1293560,451
95536281,27.429,28.3175,450,50562,0.785733,0.61,2,1294037,1293587,450
95539201,28.3716,27.527,452,50604,0.836293,0.61,2,1294066,1293614,452
95542121,26.9486,26.6108,452,50646,0.832517,0.63,2,1294092,1293640,452
95545041,25.1795,24.4443,453,50688,0.831007,0.63,2,1294116,1293663,453
95547961,26.2718,25.9777,453,50730,0.854403,0.63,2,1294143,1293690,453
95550881,16.5087,16.3911,453,50772,0.839761,0.63,2,1294153,1293700,453
95553801,7.80348,7.75644,453,50813,0.857904,0.63,2,1294155,1293702,453
95556721,25.3214,24.7026,454,50854,0.865162,0.65,2,1294192,1293738,454
95559641,27.5286,26.681,455,50895,0.856065,0.73,2,1294221,1293766,455
95562561,47.0114,44.8724,458,50936,0.852426,0.71,2,1294281,1293823,458
95565481,45.2046,44.949,457,50977,0.88697,0.73,2,1294325,1293868,457
95803461,377.283,410.239,439,24820,0.2836,0.37,1,1296813,1296374,439
95809301,64.6853,74.0383,434,24990,0.096976,0.25,1,1296828,1296394,434
95815141,60.6297,55.7661,462,25160,0.0839162,0.11,1,1296958,1296496,462
95818061,54.8519,59.5064,451,25244,0.0755665,0.05,1,1297009,1296558,451
95829741,45.0938,65.9634,436,25578,0.211838,0.09,1,1297249,1296813,436
95832661,19.2375,34.1853,425,25661,0.222735,0.05,1,1297251,1296826,425
95835581,53.295,14.8741,499,25744,0.263094,0.11,1,1297327,1296828,499
95838501,54.918,52.1497,478,25826,0.279238,0.07,1,1297383,1296905,478
95841421,54.3672,52.6599,479,25908,0.273695,0.07,1,1297437,1296958,479
95844341,69.7469,51.6639,508,25990,0.283478,0.21,1,1297517,1297009,508
95867701,70.495,54.3651,515,26636,0.40969,0.29,1,1297952,1297437,515
95873541,71.8792,62.0984,515,26795,0.40515,0.37,1,1298089,1297574,515
95876461,47.9517,70.4394,471,26874,0.42006,0.33,1,1298121,1297650,471
95879381,20.3807,47.3757,441,26953,0.426024,0.37,1,1298123,1297682,441
95882301,9.35227,20.1503,441,27032,0.42841,0.35,1,1298125,1297684,441
95914421,55.2749,52.7364,449,27881,0.751469,0.63,2,1298705,1298256,449
95917341,56.91,54.6945,451,27957,0.774588,0.59,2,1298763,1298312,451
95920261,72.564,71.6778,451,28033,0.819835,0.63,2,1298846,1298395,451
95923181,63.8256,63.4711,451,28109,0.861934,0.63,2,1298904,1298453,451
96051661,24.1278,24.243,494,31251,0.828458,1,2,1301042,1300548,494
96066261,77.2371,65.4102,557,31588,0.22409,1,1,1301368,1300811,557
96086701,40.892,29.4487,503,32054,0.200867,0.57,1,1301578,1301075,503
96089621,66.1568,46.5795,528,32120,0.206347,0.37,1,1301661,1301133,528
96092541,57.0627,73.2318,488,32186,0.220539,0.19,1,1301712,1301224,488
96095461,73.8251,64.0927,515,32252,0.238215,0.17,1,1301797,1301282,515
96098381,52.33,77.2371,467,32318,0.269286,0.15,1,1301835,1301368,467
96101301,37.732,54.2948,456,32383,0.293714,0.15,1,1301863,1301407,456
96107141,22.9571,33.4072,443,32513,0.295394,0.15,1,1301908,1301465,443
96110061,18.7828,23.5629,442,32578,0.292158,0.11,1,1301924,1301482,442
96112981,27.3131,17.8251,461,32643,0.278863,0.23,1,1301957,1301496,461
96115901,42.1253,25.7301,482,32708,0.261545,0.21,1,1302009,1301527,482
96118821,18.0501,40.892,433,32773,0.254618,0.21,1,1302011,1301578,433
96121741,57.62,66.1568,434,32838,0.287847,0.23,1,1302095,1301661,434
96127581,73.5392,73.8251,434,32966,0.404856,0.29,1,1302231,1301797,434
96130501,53.4157,52.33,436,33030,0.443942,0.31,1,1302271,1301835,436
96180141,42.7005,41.2574,447,34102,0.758669,0.53,2,1302890,1302443,447
96183061,18.2802,17.703,447,34164,0.765468,0.57,2,1302892,1302445,447
96185981,61.9121,59.8812,450,34226,0.828187,0.57,2,1302983,1302533,450
96188901,54.7648,23.9525,500,34288,0.829275,0.59,2,1303033,1302533,500
96191821,77.7059,39.581,543,34350,0.84171,0.63,2,1303126,1302583,543
96194741,56.8824,70.4324,495,34412,0.870684,0.69,2,1303169,1302674,495
96197661,40.1529,53.373,482,34473,0.870274,0.67,2,1303198,1302716,482
96200581,34.0612,38.1492,484,34534,0.870109,0.69,2,1303228,1302744,484
96369941,35.2582,38.2955,514,37920,0.445586,1,1,1305595,1305081,514
96372861,25.5033,33.9182,502,37976,0.400235,1,1,1305614,1305112,502
96375781,24.0013,31.5673,495,38032,0.406094,1,1,1305637,1305142,495
96384541,26.9041,29.2843,503,38198,0.40543,0.96,1,1305725,1305222,503
96387461,24.5616,30.3137,495,38253,0.420172,0.98,1,1305748,1305253,495
96390381,36.8247,27.1255,515,38308,0.438069,0.87,1,1305793,1305278,515
96396221,83.4119,56.9001,553,38418,0.440891,0.51,1,1305951,1305398,553
96399141,50.7648,88.16,473,38473,0.434356,0.43,1,1305980,1305507,473
96402061,32.9059,53.864,463,38528,0.443743,0.45,1,1306001,1305538,463
96404981,32.9624,34.1456,475,38583,0.411497,0.43,1,1306034,1305559,475
96407901,14.3849,35.2582,441,38638,0.422599,0.37,1,1306036,1305595,441
96410821,14.154,25.5033,436,38693,0.43904,0.41,1,1306050,1305614,436
96413741,20.0616,24.0013,437,38748,0.445616,0.49,1,1306074,1305637,437
96451701,20.1269,20.0616,444,39451,0.765563,0.47,2,1306518,1306074,444
96454621,31.4508,30.2246,446,39505,0.768225,0.55,2,1306557,1306111,446
96457541,31.1803,30.0899,447,39558,0.79329,0.57,2,1306588,1306141,447
96460461,29.8721,28.8359,448,39611,0.827316,0.55,2,1306617,1306169,448
96463381,24.5488,22.9344,450,39664,0.828926,0.59,2,1306638,1306188,450
96466301,38.6195,38.5738,449,39717,0.805571,0.59,2,1306686,1306237,449
96469221,43.6478,43.6295,449,39770,0.844228,0.65,2,1306733,1306284,449
96472141,86.4591,82.8518,455,39823,0.883691,0.73,2,1306848,1306393,455
96698441,345.406,358.021,517,18980,0.442,1,1,1309568,1309051,517
96701361,163.962,168.408,518,19818,0.2188,1,1,1309611,1309093,518
96704281,149.585,152.563,516,19925,0.09352,0.78,1,1309751,1309235,516
96707201,106.034,110.225,511,20031,0.067408,0.51,1,1309828,1309317,511
96710121,69.4136,95.6901,470,20137,0.0329632,0.27,1,1309873,1309403,470
96713041,66.7654,79.0761,467,20242,0.0191853,0.11,1,1309938,1309471,467
96715961,47.1062,68.8304,439,20347,0.0376741,0.07,1,1309972,1309533,439
96718881,54.8425,48.5322,464,20451,0.0330696,0.07,1,1310032,1309568,464
96721801,105.937,45.2129,561,20555,0.0432279,0.01,1,1310172,1309611,561
96724721,89.1748,102.085,499,20658,0.0472911,0.05,1,1310250,1309751,499
96727641,62.6699,87.0341,467,20761,0.0609165,0.01,1,1310295,1309828,467
96730561,65.268,61.8136,489,20863,0.0783666,0.01,1,1310362,1309873,489
96733481,44.7072,63.7254,455,20965,0.0733466,0.05,1,1310393,1309938,455
96736401,19.0829,45.8902,423,21066,0.0713387,0.03,1,1310395,1309972,423
96739321,43.6331,54.3561,423,21167,0.0585355,0.05,1,1310455,1310032,423
96742241,102.053,105.742,424,21267,0.0774142,0.05,1,1310596,1310172,424
96745161,86.4213,89.097,422,21367,0.0369657,0.07,1,1310672,1310250,422
96748081,63.3685,62.6388,425,21466,0.0567863,0.09,1,1310720,1310295,425
96751001,66.1474,65.2555,426,21565,0.0887145,0.07,1,1310788,1310362,426
96753921,45.059,44.7022,426,21663,0.0894858,0.07,1,1310819,1310393,426
96756841,19.2236,19.0809,426,21761,0.0897943,0.05,1,1310821,1310395,426
96786041,85.2173,92.4063,501,22717,0.215593,0.13,1,1311521,1311020,501
96788961,62.8869,81.3625,475,22810,0.236237,0.15,1,1311569,1311094,475
96791881,68.9548,61.945,499,22903,0.208495,0.17,1,1311642,1311143,499
96803561,100.261,42.8178,569,23271,0.228585,0.19,1,1311876,1311307,569
96818161,20.171,48.5815,431,23723,0.404072,0.17,1,1312108,1311677,431
96821081,45.2684,20.6326,491,23812,0.431629,0.21,1,1312170,1311679,491
96850281,43.4207,42.0429,449,24687,0.796609,0.55,2,1312761,1312312,449
96853201,66.5683,66.0172,449,24773,0.816644,0.61,2,1312843,1312394,449
96856121,56.0273,55.2069,450,24859,0.872657,0.65,2,1312892,1312442,450
96859041,66.2109,64.6827,452,24944,0.895063,0.67,2,1312965,1312513,452
96987521,37.2159,18.8217,519,28440,0.841149,1,2,1315408,1314889,519
96990441,32.2864,27.9287,514,28514,0.810459,1,2,1315437,1314923,514
96996281,94.9258,34.9486,614,28662,0.402074,1,1,1315604,1314990,614
97002121,64.2681,59.1118,546,28810,0.0763318,0.98,1,1315708,1315162,546
97005041,46.1073,67.4447,507,28883,0.0365327,0.99,1,1315742,1315235,507
97007961,57.4429,48.5779,536,28956,0.0326131,0.94,1,1315807,1315271,536
97010881,40.3772,63.8312,491,29029,0.0430452,0.89,1,1315836,1315345,491
97013801,33.5509,43.5325,490,29102,0.0472181,0.79,1,1315865,1315375,490
97016721,29.0203,37.213,483,29175,0.0488872,0.79,1,1315891,1315408,483
97019641,24.8081,32.2852,476,29248,0.0735549,0.61,1,1315913,1315437,476
97022561,80.7233,30.3141,565,29320,0.059422,0.21,1,1316031,1315466,565
97025481,52.6893,94.9256,461,29392,0.0657688,0.05,1,1316065,1315604,461
97028401,60.0757,60.1703,489,29464,0.0443075,0,1,1316130,1315641,489
97031321,45.0303,64.2681,457,29536,0.083723,0.01,1,1316165,1315708,457
97034241,56.4121,46.1072,487,29608,0.0394892,0.03,1,1316229,1315742,487
97037161,39.9648,57.4429,451,29679,0.0577957,0.05,1,1316258,1315807,451
97040081,33.9859,40.3772,452,29750,0.0771183,0.05,1,1316288,1315836,452
97043001,29.1944,33.5509,449,29821,0.0848473,0.05,1,1316314,1315865,449
97045921,12.8777,29.0203,425,29892,0.0879389,0.09,1,1316316,1315891,425
97057601,58.0065,60.0757,422,30174,0.0946512,0.11,1,1316552,1316130,422
97060521,46.0026,45.0303,425,30244,0.0798605,0.01,1,1316590,1316165,425
97063441,56.201,56.4121,424,30314,0.0379442,0.07,1,1316653,1316229,424
97066361,38.6804,39.9648,422,30384,0.0571777,0.09,1,1316680,1316258,422
97069281,35.8722,33.9859,426,30454,0.0408711,0.09,1,1316714,1316288,426
97072201,29.9489,29.1944,426,30523,0.0463484,0.09,1,1316740,1316314,426
97075121,13.1795,12.8777,426,30592,0.0725394,0.15,1,1316742,1316316,426
97078041,20.2718,18.3511,429,30661,0.0830157,0.09,1,1316767,1316338,429
97127681,35.7973,39.7371,459,31815,0.217807,0.13,1,1317564,1317105,459
97130601,29.9189,35.0948,453,31881,0.225123,0.11,1,1317590,1317137,453
97133521,13.1676,30.2379,428,31947,0.228049,0.11,1,1317592,1317164,428
97136441,20.267,13.2952,451,32013,0.21722,0.13,1,1317617,1317166,451
97139361,79.5068,19.7181,546,32079,0.260888,0.19,1,1317736,1317190,546
97153961,40.7194,53.4829,461,32408,0.403404,0.23,1,1317961,1317500,461
97156881,37.2878,39.9931,465,32473,0.419362,0.23,1,1317996,1317531,465
97159801,30.5151,35.7973,458,32538,0.437745,0.23,1,1318022,1317564,458
97189001,37.8261,37.2878,443,33182,0.757319,0.45,2,1318439,1317996,443
97191921,31.9304,30.5151,445,33246,0.776928,0.47,2,1318467,1318022,445
97194841,13.9722,13.406,445,33310,0.808771,0.47,2,1318469,1318024,445
97197761,19.9889,19.7624,445,33373,0.821508,0.57,2,1318493,1318048,445
97200681,84.7956,81.705,450,33436,0.862603,0.57,2,1318621,1318171,450
97203601,35.1182,33.882,450,33499,0.879041,0.61,2,1318623,1318173,450
97206521,37.4473,36.9528,450,33562,0.873617,0.61,2,1318662,1318212,450
97209441,49.7789,49.5811,450,33625,0.859447,0.59,2,1318720,1318270,450
97212361,42.7116,42.0324,451,33688,0.865779,0.73,2,1318758,1318307,451
97355441,37.2656,39.7544,492,36638,0.898,1,2,1320810,1320318,492
97358361,32.9063,30.3018,498,36696,0.8572,1,2,1320840,1320342,498
97361281,29.9625,27.7207,500,36754,0.75688,1,2,1320868,1320368,500
97378801,29.3326,32.1887,489,37096,0.0676525,1,1,1321127,1320638,489
97381721,29.7331,30.2755,490,37153,0.081061,1,1,1321157,1320667,490
97384641,49.0932,12.1102,552,37210,0.0744244,1,1,1321219,1320667,552
97387561,35.8373,51.6441,501,37267,0.0597698,0.9,1,1321246,1320745,501
97390481,29.9349,39.2576,496,37324,0.0659079,0.87,1,1321272,1320776,496
97393401,27.574,36.1031,488,37381,0.0443632,0.83,1,1321298,1320810,488
97396321,25.4296,32.4412,482,37438,0.0237453,0.69,1,1321322,1320840,482
97399241,25.1718,29.7765,479,37494,0.0394981,0.63,1,1321347,1320868,479
97402161,55.0687,29.9106,524,37550,0.0697992,0.41,1,1321422,1320898,524
97405081,47.2275,65.9642,476,37606,0.0939197,0.21,1,1321464,1320988,476
97408001,38.691,55.1857,461,37662,0.0555679,0.07,1,1321497,1321036,461
97410921,29.8764,46.0743,445,37718,0.0402272,0.09,1,1321521,1321076,445
97413841,29.9506,32.8297,451,37774,0.0340909,0.03,1,1321551,1321100,451
97416761,29.3802,29.3319,453,37830,0.0136363,0.09,1,1321580,1321127,453
97419681,49.5521,29.7328,486,37886,0.0594545,0.07,1,1321643,1321157,486
97434281,25.5845,25.4296,448,38165,0.0854248,0.05,1,1321770,1321322,448
97437201,55.2338,25.1718,498,38220,0.0881699,0.09,1,1321845,1321347,498
97440121,48.4935,55.0687,467,38275,0.089268,0.11,1,1321889,1321422,467
97443041,37.9974,47.2275,456,38330,0.0777072,0.03,1,1321920,1321464,456
97445961,28.999,38.691,446,38385,0.0850829,0.03,1,1321943,1321497,446
97448881,28.9996,29.8764,451,38440,0.0520331,0.03,1,1321972,1321521,451
97451801,31.9998,29.9506,455,38495,0.0208133,0,1,1322006,1321551,455
97454721,50.5999,29.3802,489,38550,0.0743253,0.09,1,1322069,1321580,489
97457641,36.44,49.5521,453,38605,0.0957301,0.15,1,1322096,1321643,453
97478081,48.4077,48.4935,425,38986,0.213311,0.07,1,1322314,1321889,425
97481001,37.9631,37.9974,425,39040,0.259324,0.09,1,1322345,1321920,425
97483921,29.5852,28.999,426,39094,0.27773,0.03,1,1322369,1321943,426
97486841,26.8341,28.9996,422,39148,0.213092,0,1,1322394,1321972,422
97504361,24.4367,24.3642,427,39472,0.225396,0.11,1,1322577,1322150,427
97507281,21.7747,21.7457,427,39526,0.252158,0.13,1,1322597,1322170,427
97510201,24.9099,24.2983,428,39579,0.250863,0.23,1,1322624,1322196,428
97513121,56.1639,53.5193,432,39632,0.286345,0.23,1,1322701,1322269,432
97530641,51.9506,51.9335,429,39950,0.412009,0.15,1,1322924,1322495,429
97533561,38.1803,37.5734,430,40003,0.434804,0.15,1,1322953,1322523,430
97536481,16.4721,16.2294,430,40056,0.443921,0.21,1,1322955,1322525,430
97542321,24.7155,8.8367,457,40162,0.441827,0.25,1,1323008,1322551,457
97545241,22.4862,19.1347,452,40215,0.446731,0.27,1,1323029,1322577,452
97548161,24.5945,19.6539,458,40268,0.448692,0.25,1,1323055,1322597,458
97632841,51.9011,51.4944,453,41761,0.757258,0.63,2,1324080,1323627,453
97635761,41.1605,40.9978,453,41812,0.776903,0.61,2,1324114,1323661,453
97638681,33.2642,33.7991,452,41862,0.820761,0.63,2,1324142,1323690,452
97641601,25.3057,24.9196,453,41912,0.850304,0.61,2,1324162,1323709,453
97644521,32.9223,32.7679,453,41962,0.838122,0.67,2,1324200,1323747,453
97883961,353.735,358.065,516,20440,0.442,1,1,1326985,1326469,516
97895641,79.2028,91.7745,487,20852,0.0976672,0.37,1,1327290,1326803,487
97901481,42.4325,64.3639,440,21055,0.0480267,0.03,1,1327372,1326932,440
97904401,37.973,48.5456,437,21156,0.0612107,0.03,1,1327407,1326970,437
97907321,60.1892,72.2182,424,21256,0.0304843,0.05,1,1327482,1327058,424
97910241,83.4757,88.2873,424,21356,0.0541937,0.11,1,1327581,1327157,424
97913161,70.5903,71.9149,425,21455,0.0756775,0.09,1,1327643,1327218,425
97916081,71.4361,71.966,425,21554,0.084271,0.11,1,1327715,1327290,425
97919001,61.5744,61.1864,426,21652,0.0757084,0.01,1,1327770,1327344,426
97921921,39.0298,41.2746,422,21750,0.0482834,0.07,1,1327794,1327372,422
97924841,37.2119,37.5098,423,21848,0.0253133,0.01,1,1327830,1327407,423
97927761,59.2848,60.0039,422,21945,0.0101253,0.07,1,1327904,1327482,422
97930681,84.9139,83.4016,425,22042,0.0460501,0.09,1,1328006,1327581,425
97933601,71.7656,70.5606,426,22138,0.0364201,0.09,1,1328069,1327643,426
97936521,70.7062,71.4242,424,22234,0.044568,0.07,1,1328139,1327715,424
97939441,61.8825,61.5697,425,22329,0.0838272,0.03,1,1328195,1327770,425
97945281,36.5412,37.2112,422,22519,0.0866124,0.01,1,1328252,1327830,422
97948201,59.0165,14.8845,496,22613,0.0346449,0,1,1328326,1327830,496
97951121,84.8066,50.3538,524,22707,0.079858,0.07,1,1328428,1327904,524
97954041,71.7226,81.3415,485,22800,0.0739432,0.03,1,1328491,1328006,485
97956961,70.6891,70.3366,492,22893,0.0595773,0.05,1,1328561,1328069,492
97962801,36.8702,61.6539,444,23078,0.0947324,0.13,1,1328639,1328195,444
97968641,58.6992,36.5046,496,23261,0.0811572,0,1,1328748,1328252,496
97971561,87.0797,59.0018,528,23352,0.0624629,0.11,1,1328854,1328326,528
97974481,71.4319,84.8007,487,23443,0.0789851,0.07,1,1328915,1328428,487
98009521,37.1356,36.7151,431,24505,0.205025,0.19,1,1329533,1329102,431
98012441,56.8542,56.086,432,24591,0.23201,0.11,1,1329603,1329171,432
98015361,83.9417,86.0344,428,24677,0.242804,0.11,1,1329705,1329277,428
98018281,34.7767,35.6138,428,24763,0.247122,0.17,1,1329707,1329279,428
98021201,51.7107,52.0455,428,24849,0.272849,0.17,1,1329770,1329342,428
98035801,57.0159,56.8542,432,25272,0.439911,0.25,1,1330035,1329603,432
98076681,40.475,63.8412,471,26421,0.761002,0.55,2,1330814,1330343,471
98079601,38.99,39.3365,486,26501,0.790401,0.57,2,1330852,1330366,486
98082521,59.996,39.1346,521,26581,0.80216,0.57,2,1330926,1330405,521
98085441,91.1984,58.8538,561,26661,0.830864,0.69,2,1331038,1330477,561
98088361,37.6794,87.1415,457,26740,0.842346,0.69,2,1331040,1330583,457
98091281,54.0717,36.0566,520,26819,0.882938,0.69,2,1331105,1330585,520
98362841,36.2567,30.1839,512,33370,0.896608,1,2,1335660,1335148,512
98365761,33.7027,35.4735,505,33433,0.832643,1,2,1335692,1335187,505
98368681,36.8811,31.5894,515,33496,0.783057,1,2,1335731,1335216,515
98394961,32.2471,36.2567,462,34060,0.428273,0.79,1,1336122,1335660,462
98397881,30.8988,33.7027,460,34122,0.441309,0.75,1,1336152,1335692,460
98403721,34.8238,36.3524,457,34246,0.429409,0.69,1,1336224,1335767,457
98421241,43.8349,50.6372,483,34615,0.446229,0.45,1,1336504,1336021,483
98427081,31.1336,35.582,469,34737,0.446997,0.41,1,1336561,1336092,469
98482561,57.8895,59.3678,448,35876,0.758154,0.57,2,1337307,1336859,448
98485481,51.3558,51.9471,448,35935,0.765262,0.57,2,1337354,1336906,448
98488401,48.1423,46.5788,451,35994,0.804105,0.59,2,1337400,1336949,451
98491321,34.8569,34.2315,451,36053,0.855642,0.59,2,1337426,1336975,451
98494241,31.9428,31.6926,451,36112,0.876257,0.59,2,1337456,1337005,451
98497161,33.1771,33.077,451,36171,0.884503,0.61,2,1337490,1337039,451
98500081,37.2708,36.0308,453,36229,0.863801,0.67,2,1337530,1337077,453
98503001,35.3083,33.6123,455,36287,0.85552,0.69,2,1337564,1337109,455
98505921,40.5233,39.2449,456,36345,0.828208,0.69,2,1337608,1337152,456
98508841,17.4093,16.898,456,36403,0.841283,0.73,2,1337610,1337154,456
98511761,29.7637,29.5592,456,36461,0.822513,0.71,2,1337648,1337192,456
98514681,38.9055,38.2237,457,36519,0.851005,0.79,2,1337693,1337236,457
98517601,59.3622,57.8895,459,36577,0.850402,0.77,2,1337766,1337307,459
98520521,51.3449,51.3558,458,36635,0.874161,0.83,2,1337812,1337354,458
98523441,50.538,48.1423,462,36693,0.895664,0.89,2,1337862,1337400,462
98657761,31.1877,33.1985,492,39254,0.8992,1,2,1339594,1339102,492
98660681,49.6751,54.0794,486,39308,0.86968,1,2,1339656,1339170,486
98663601,38.47,40.8318,485,39362,0.833872,1,2,1339687,1339202,485
98713241,27.0989,41.1224,467,40266,0.761882,0.61,2,1340285,1339818,467
98716161,29.4396,28.449,478,40318,0.790753,0.73,2,1340316,1339838,478
98719081,33.3758,28.7796,485,40370,0.802301,0.73,2,1340352,1339867,485
98722001,34.9503,33.1118,485,40422,0.81892,0.71,2,1340388,1339903,485
98724921,39.7801,34.2447,493,40474,0.873568,0.67,2,1340431,1339938,493
98927861,129.318,116.329,534,19925,0.41656,1,1,1342977,1342443,534
98930781,109.927,104.731,534,20031,0.412624,0.89,1,1343074,1342540,534
98933701,82.3709,101.893,498,20137,0.41105,0.75,1,1343138,1342640,498
98954141,73.7061,74.6219,513,20863,0.412385,0.35,1,1343651,1343138,513
98957061,50.4824,75.4487,472,20965,0.410954,0.35,1,1343686,1343214,472
98962901,52.3572,64.2718,439,21167,0.424553,0.43,1,1343761,1343322,439
98992101,75.0489,72.7348,450,22148,0.802808,0.59,2,1344468,1344018,450
98995021,75.0196,73.4939,451,22244,0.819123,0.59,2,1344543,1344092,451
98997941,51.6078,50.9976,451,22339,0.849649,0.63,2,1344579,1344128,451
99000861,21.8431,21.599,451,22434,0.86186,0.63,2,1344581,1344130,451
99003781,54.3373,53.6396,452,22529,0.842744,0.63,2,1344657,1344205,452
99006701,84.1349,21.4558,556,22623,0.835098,0.71,2,1344761,1344205,556
99100141,63.4905,70.1562,477,25450,0.8812,1,2,1346768,1346291,477
99120581,53.8473,71.893,516,26027,0.41857,0.93,1,1347171,1346655,516
99123501,53.3389,55.1572,525,26108,0.413428,0.83,1,1347224,1346699,525
99126421,66.9356,63.4629,532,26189,0.411371,0.65,1,1347300,1346768,532
99129341,69.9742,73.9852,523,26270,0.434548,0.53,1,1347372,1346849,523
99178981,69.7907,70.6524,448,27608,0.816345,0.53,2,1348263,1347815,448
99181901,29.1163,29.4609,448,27685,0.848538,0.59,2,1348265,1347817,448
99184821,38.0465,36.3844,451,27761,0.873415,0.63,2,1348309,1347858,451
99319141,51.7938,52.4645,485,31073,0.897078,1,2,1350673,1350188,485
99322061,43.5175,38.3858,494,31141,0.856831,1,2,1350711,1350217,494
99324981,35.407,34.5543,492,31209,0.816733,1,2,1350741,1350249,492
99327901,25.5628,31.8217,481,31277,0.788693,1,2,1350760,1350279,481
99368781,53.0546,50.5239,506,32211,0.773239,0.67,2,1351410,1350904,506
99371701,70.4218,51.4096,536,32277,0.795295,0.67,2,1351492,1350956,536
99374621,63.5687,69.7638,513,32343,0.816118,0.67,2,1351551,1351038,513
99377541,47.6275,64.5055,489,32408,0.812447,0.61,2,1351588,1351099,489
99380461,40.651,48.6022,487,32473,0.834979,0.69,2,1351624,1351137,487
99383381,33.0604,39.8409,481,32538,0.843992,0.65,2,1351652,1351171,481
99386301,22.8242,32.7364,469,32603,0.859597,0.65,2,1351668,1351199,469
99389221,30.7297,22.6945,489,32668,0.889839,0.67,2,1351704,1351215,489
99392141,44.6919,29.4778,509,32733,0.877935,0.75,2,1351758,1351249,509
99395061,19.0767,43.5911,458,32798,0.873174,0.77,2,1351760,1351302,458
99397981,39.4307,48.6365,459,32862,0.88327,0.79,2,1351813,1351354,459
99400901,50.5723,53.0546,461,32926,0.899308,0.81,2,1351871,1351410,461
99552741,36.1445,35.3154,493,36115,0.800848,1,2,1354110,1353617,493
99567341,35.9324,37.722,495,36406,0.0658679,1,1,1354290,1353795,495
99570261,67.7729,69.6888,493,36464,0.0443471,1,1,1354379,1353886,493
99573181,44.5092,50.6755,484,36522,0.0477389,1,1,1354408,1353924,484
99576101,40.6037,44.2702,482,36580,0.0370955,0.97,1,1354446,1353964,482
99579021,34.2415,40.5081,474,36638,0.0328382,0.95,1,1354476,1354002,474
99581941,29.2966,35.4032,468,36696,0.0311353,0.87,1,1354502,1354034,468
99584861,33.3186,39.3613,462,36754,0.0304541,0.73,1,1354538,1354076,462
99587781,31.3275,36.1445,458,36811,0.0181816,0.57,1,1354568,1354110,458
99590701,31.131,37.8578,450,36868,0.0372727,0.43,1,1354599,1354149,450
99593621,25.6524,34.9431,439,36925,0.0569091,0.25,1,1354621,1354182,439
99596541,24.061,32.5772,431,36982,0.0527636,0.01,1,1354644,1354213,431
99599461,30.6244,38.8309,423,37039,0.0391054,0.01,1,1354679,1354256,423
99602381,32.6498,35.9324,423,37096,0.0156422,0.03,1,1354713,1354290,423
99605301,66.4599,67.7729,423,37153,0.0242569,0.03,1,1354802,1354379,423
99608221,43.384,27.1092,451,37210,0.0277027,0.05,1,1354830,1354379,451
99611141,40.7536,28.2437,461,37267,0.0530811,0.03,1,1354869,1354408,461
99614061,34.9014,34.0975,454,37324,0.0512324,0.03,1,1354900,1354446,454
99616981,27.7606,31.639,447,37381,0.050493,0.03,1,1354923,1354476,447
99619901,32.7042,28.2556,457,37438,0.0741972,0.03,1,1354959,1354502,457
99622821,31.6817,32.9022,452,37494,0.0596789,0.01,1,1354990,1354538,452
99625741,31.8727,31.1609,454,37550,0.0658716,0.05,1,1355022,1354568,454
99628661,27.1491,31.0644,447,37606,0.0323486,0.07,1,1355046,1354599,447
99631581,22.2596,25.6257,444,37662,0.0429394,0.05,1,1355065,1354621,444
99634501,29.9039,24.0503,456,37718,0.0711758,0.03,1,1355100,1354644,456
99637421,32.3615,30.6201,455,37774,0.0344703,0,1,1355134,1354679,455
99640341,66.9446,32.648,511,37830,0.0317881,0.03,1,1355224,1354713,511
99643261,42.9778,66.4592,449,37886,0.0547153,0.03,1,1355251,1354802,449
99646181,41.1911,43.3837,461,37942,0.0398861,0.07,1,1355291,1354830,461
99649101,35.0765,40.7535,453,37998,0.0219544,0.05,1,1355322,1354869,453
99652021,28.4306,34.9014,446,38054,0.0267818,0.05,1,1355346,1354900,446
99654941,34.1722,27.7606,461,38110,0.0527127,0.09,1,1355384,1354923,461
99657861,30.4689,32.7042,453,38165,0.0750851,0.05,1,1355412,1354959,453
99660781,32.5876,31.6817,456,38220,0.096034,0.07,1,1355446,1354990,456
99666621,22.494,27.1491,442,38330,0.0837654,0.05,1,1355488,1355046,442
99669541,31.1976,22.2596,460,38385,0.0755062,0.09,1,1355525,1355065,460
99672461,31.079,29.9039,456,38440,0.0842025,0.01,1,1355556,1355100,456
99675381,67.0316,32.3615,513,38495,0.075681,0.03,1,1355647,1355134,513
99678301,41.8126,66.9446,448,38550,0.0482724,0.07,1,1355672,1355224,448
99681221,40.7251,42.9778,461,38605,0.049309,0.03,1,1355712,1355251,461
99684141,17.49,41.1911,423,38660,0.0257236,0.01,1,1355714,1355291,423
99687061,25.596,35.0765,423,38715,0.0402894,0.03,1,1355745,1355322,423
99689981,24.6384,28.4306,423,38770,0.0221158,0.07,1,1355769,1355346,423
99692901,34.4554,34.1722,426,38824,0.0508463,0.09,1,1355810,1355384,426
99695821,30.5821,30.4689,426,38878,0.0383385,0.11,1,1355838,1355412,426
99698741,33.2329,32.5876,427,38932,0.0813354,0.11,1,1355873,1355446,427
99701661,25.2931,26.235,425,38986,0.0985342,0.07,1,1355893,1355468,425
99719181,40.102,40.7251,422,39310,0.0863063,0.01,1,1356134,1355712,422
99722101,17.2408,17.49,422,39364,0.0765225,0.05,1,1356136,1355714,422
99751301,64.9481,66.8875,425,39897,0.217894,0.11,1,1356495,1356070,425
99754221,40.9792,41.755,425,39950,0.225158,0.07,1,1356520,1356095,425
99757141,39.7917,40.102,425,40003,0.228063,0.07,1,1356559,1356134,425
99760061,17.1167,17.2408,425,40056,0.253225,0.15,1,1356561,1356136,425
99762981,27.2467,25.4963,428,40109,0.26329,0.15,1,1356595,1356167,428
99765901,25.2987,10.1985,452,40162,0.279316,0.15,1,1356619,1356167,452
99768821,34.1195,18.4794,468,40215,0.285726,0.11,1,1356659,1356191,468
99771741,30.4478,32.5918,454,40268,0.288291,0.15,1,1356687,1356233,454
99789261,65.8494,30.3602,519,40580,0.403192,0.25,1,1356926,1356407,519
99792181,40.7398,64.9441,455,40632,0.419277,0.23,1,1356950,1356495,455
99795101,40.8959,40.9776,471,40684,0.437711,0.23,1,1356991,1356520,471
99798021,17.5584,39.7911,434,40736,0.445084,0.27,1,1356993,1356559,434
99879781,28.96,29.3,453,42162,0.8083,0.63,2,1357926,1357473,453
99882701,25.984,26.12,453,42212,0.82132,0.63,2,1357950,1357497,453
99885621,11.5936,11.648,453,42262,0.826528,0.61,2,1357952,1357499,453
99888541,29.2374,29.2592,453,42312,0.852611,0.63,2,1357993,1357540,453
99891461,28.495,28.5037,453,42362,0.875044,0.63,2,1358021,1357568,453
100084181,77.7686,78.4414,497,20750,0.0724288,0.89,1,1360383,1359886,497
100087101,71.9074,76.9766,489,20852,0.0709715,0.73,1,1360451,1359962,489
100090021,70.763,67.3906,498,20954,0.0823886,0.59,1,1360521,1360023,498
100092941,45.1052,64.7563,463,21055,0.0629554,0.41,1,1360549,1360086,463
100095861,60.6421,73.9025,454,21156,0.0791822,0.15,1,1360620,1360166,454
100101701,71.2627,81.4244,425,21356,0.213069,0,1,1360761,1360336,425
100104621,56.1051,60.7698,424,21455,0.223228,0.07,1,1360807,1360383,424
100107541,63.842,65.1079,425,21554,0.275291,0.09,1,1360876,1360451,425
100110461,68.1368,68.0432,426,21652,0.296116,0.05,1,1360947,1360521,426
100125061,56.1003,56.0772,431,22138,0.427458,0.31,1,1361238,1360807,431
100127981,66.2401,63.8309,435,22234,0.428983,0.31,1,1361311,1360876,435
100171781,72.8061,67.7161,525,23623,0.754477,0.67,2,1362279,1361754,525
100174701,45.3224,69.6864,481,23713,0.775791,0.67,2,1362306,1361825,481
100177621,63.129,43.4746,530,23802,0.820316,0.69,2,1362381,1361851,530
100180541,70.8516,61.1898,533,23891,0.862127,0.71,2,1362457,1361924,533
100309021,37.6048,37.332,476,27522,0.891038,0.93,2,1364964,1364488,476
100311941,58.8419,62.3328,470,27599,0.842415,0.95,2,1365037,1364567,470
100314861,39.7368,42.3331,468,27676,0.846966,0.96,2,1365064,1364596,468
100317781,37.4947,37.3332,470,27753,0.872786,0.95,2,1365100,1364630,470
100320701,46.1979,45.5333,471,27829,0.835115,0.91,2,1365152,1364681,471
100323621,47.8792,48.8133,469,27905,0.892046,0.93,2,1365201,1364732,469
100460861,34.1802,35.781,486,31272,0.877687,0.94,2,1367559,1367073,486
100463781,45.4721,35.3124,504,31340,0.813075,0.94,2,1367612,1367108,504
100472541,56.5022,66.82,518,31542,0.421877,1,1,1367793,1367275,518
100478381,40.2404,46.9312,512,31676,0.2535,1,1,1367869,1367357,512
100487141,41.7914,38.0916,519,31877,0.096624,1,1,1368003,1367484,519
100492981,39.9266,34.1747,512,32009,0.0694598,0.77,1,1368071,1367559,512
100495901,62.7707,45.4699,537,32075,0.0697839,0.59,1,1368149,1367612,537
100498821,38.3083,70.3879,472,32141,0.0819136,0.43,1,1368171,1367699,472
100501741,50.7233,46.7552,500,32207,0.0627654,0.35,1,1368230,1367730,500
100504661,40.0893,56.5021,470,32273,0.0791062,0.25,1,1368263,1367793,470
100507581,38.8357,46.6008,468,32339,0.0736425,0.21,1,1368301,1367833,468
100510501,52.1343,40.2403,493,32404,0.083457,0.15,1,1368362,1367869,493
100516341,39.7815,35.4785,470,32534,0.0505531,0.09,1,1368427,1367957,470
100519261,30.3126,41.7914,448,32599,0.0622212,0.15,1,1368451,1368003,448
100522181,37.325,29.3166,469,32664,0.0668885,0.03,1,1368493,1368024,469
100525101,63.53,39.9266,503,32729,0.0327554,0.07,1,1368574,1368071,503
100528021,26.612,62.7707,427,32794,0.0431022,0.09,1,1368576,1368149,427
100530941,22.6448,38.3083,425,32858,0.0712409,0.05,1,1368596,1368171,425
100533861,43.8579,50.7233,424,32922,0.0584963,0.09,1,1368654,1368230,424
100560141,26.2084,26.612,424,33496,0.224659,0.09,1,1369000,1368576,424
100563061,22.4834,22.6448,424,33559,0.239864,0.05,1,1369020,1368596,424
100565981,44.3933,43.8579,425,33622,0.269945,0.13,1,1369079,1368654,425
100583501,29.8051,30.0061,427,33998,0.400233,0.17,1,1369303,1368876,427
100586421,40.1221,37.8024,431,34060,0.406093,0.21,1,1369350,1368919,431
100650661,41.3702,30.6471,495,35401,0.769366,0.53,2,1370239,1369744,495
100653581,66.3481,40.4588,531,35461,0.805746,0.57,2,1370322,1369791,531
100656501,27.7392,65.3835,451,35521,0.820299,0.57,2,1370324,1369873,451
100659421,23.0957,27.3534,469,35581,0.838119,0.57,2,1370344,1369875,469
100662341,50.6383,22.9414,518,35640,0.857248,0.63,2,1370413,1369895,518
100665261,21.4553,48.7765,454,35699,0.864899,0.63,2,1370415,1369961,454
100668181,30.1821,41.7106,453,35758,0.89196,0.67,2,1370451,1369998,453
100671101,37.8728,40.6842,456,35817,0.878784,0.69,2,1370494,1370038,456
100817101,38.5736,56.7542,493,38658,0.887908,1,2,1372470,1371977,493
100820021,31.0294,38.9017,492,38713,0.853163,1,2,1372496,1372004,492
100837541,26.3526,29.2541,487,39038,0.222864,0.92,1,1372729,1372242,487
100846301,27.7026,29.7123,483,39200,0.0711433,1,1,1372829,1372346,483
100849221,24.281,31.0849,473,39254,0.0824573,0.91,1,1372851,1372378,473
100852141,40.3124,48.434,464,39308,0.0629829,0.85,1,1372902,1372438,464
100855061,34.125,38.5736,462,39362,0.0671932,0.83,1,1372932,1372470,462
100857981,26.85,31.0294,458,39416,0.0688773,0.65,1,1372954,1372496,458
100881341,35.592,36.2564,426,39842,0.210081,0.03,1,1373233,1372807,426
100884261,27.4368,27.7026,426,39895,0.234032,0.09,1,1373255,1372829,426
100887181,23.5747,24.281,425,39948,0.255613,0.05,1,1373276,1372851,425
100890101,38.8299,40.3124,423,40001,0.252245,0.07,1,1373325,1372902,423
100893021,34.132,34.125,424,40054,0.262898,0.07,1,1373356,1372932,424
100895941,26.2528,26.85,423,40107,0.279159,0.07,1,1373377,1372954,423
100898861,35.1011,10.74,464,40160,0.285664,0.15,1,1373418,1372954,464
100922221,28.6068,35.5814,455,40578,0.295451,0.25,1,1373688,1373233,455
100925141,24.0427,27.4326,454,40630,0.28018,0.27,1,1373709,1373255,454
100928061,39.0171,23.573,482,40682,0.286072,0.25,1,1373758,1373276,482
100945581,57.0281,27.6962,513,40994,0.421012,0.31,1,1373984,1373471,513
100948501,34.8112,55.4785,459,41045,0.438405,0.33,1,1374004,1373545,459
100951421,24.7245,35.3914,455,41096,0.445362,0.31,1,1374022,1373567,455
101009821,37.8412,35.1739,454,42110,0.785139,0.67,2,1374680,1374226,454
101012741,29.5365,27.8696,455,42160,0.824056,0.67,2,1374704,1374249,455
101015661,35.8146,36.3478,453,42210,0.839622,0.67,2,1374744,1374291,453
101018581,15.5258,15.7391,453,42260,0.845849,0.65,2,1374746,1374293,453
101021501,24.8103,24.2957,454,42310,0.83634,0.71,2,1374777,1374323,454
101024421,26.1241,24.7183,456,42360,0.856536,0.73,2,1374804,1374348,456
101240501,34.6938,38.1208,500,45900,0.874048,1,2,1377300,1376800,500
101243421,35.4775,40.4483,494,45946,0.823619,1,2,1377336,1376842,494
101263861,23.0792,32.2171,515,46268,0.282886,1,1,1377533,1377018,515
101266781,27.2317,38.0868,503,46314,0.203154,1,1,1377563,1377060,503
101272621,43.3571,36.2139,519,46405,0.0505047,1,1,1377649,1377130,519
101275541,31.1428,37.2856,504,46450,0.0262019,0.97,1,1377672,1377168,504
101278461,32.2571,31.7142,509,46495,0.0524807,1,1,1377705,1377196,509
101281381,27.9029,36.0857,495,46540,0.0509923,0.88,1,1377730,1377235,495
101284301,29.7611,31.2343,498,46585,0.0503969,0.84,1,1377761,1377263,498
101287221,29.9045,34.6937,491,46630,0.0501588,0.79,1,1377791,1377300,491
101290141,28.7618,35.4775,483,46675,0.0260635,0.63,1,1377819,1377336,483
101293061,24.7047,33.991,472,46720,0.0524254,0.61,1,1377841,1377369,472
101295981,22.4819,29.7964,466,46765,0.0629702,0.45,1,1377862,1377396,466
101298901,28.1928,25.7186,475,46810,0.0311881,0.47,1,1377894,1377419,475
101301821,29.8771,32.4874,469,46855,0.0544752,0.33,1,1377925,1377456,469
101304741,23.3508,33.995,453,46900,0.0637901,0.29,1,1377944,1377491,453
101307661,20.1403,26.198,450,46945,0.055516,0.25,1,1377962,1377512,450
101310581,24.8561,23.0792,457,46990,0.0282064,0.15,1,1377990,1377533,457
101313501,27.9425,27.2317,457,47035,0.0172826,0.05,1,1378020,1377563,457
101316421,41.177,31.8927,472,47080,0.024913,0.01,1,1378070,1377598,472
101319341,30.2708,43.3571,444,47125,0.0159652,0.01,1,1378093,1377649,444
101322261,33.1083,31.1428,456,47170,0.0603861,0.07,1,1378128,1377672,456
101325181,28.2433,32.2571,448,47215,0.0421544,0.05,1,1378153,1377705,448
101328101,28.6973,27.9029,452,47260,0.0588618,0.05,1,1378182,1377730,452
101331021,30.0789,29.7611,452,47305,0.0535447,0.05,1,1378213,1377761,452
101333941,28.8316,29.9045,450,47350,0.0754179,0.01,1,1378241,1377791,450
101363141,40.5905,41.177,423,47791,0.0591845,0.01,1,1378493,1378070,423
101366061,29.4362,30.2708,422,47835,0.0296738,0.09,1,1378515,1378093,422
101368981,35.1745,33.1083,426,47879,0.0298695,0.03,1,1378554,1378128,426
101371901,29.0698,28.2433,426,47923,0.0419478,0.07,1,1378579,1378153,426
101374821,26.6279,28.6973,422,47967,0.0587791,0.05,1,1378604,1378182,422
101377741,32.2512,30.0789,427,48011,0.0415117,0.09,1,1378640,1378213,427
101380661,30.3005,28.8316,428,48055,0.0586047,0.13,1,1378669,1378241,428
101383581,13.3202,12.7326,428,48099,0.0414419,0.11,1,1378671,1378243,428
101386501,17.3281,18.8931,425,48143,0.0705767,0.13,1,1378691,1378266,425
101389421,21.3312,20.1572,428,48187,0.0822307,0.13,1,1378715,1378287,428
101412781,28.0359,29.4362,422,48537,0.0887818,0.03,1,1378937,1378515,422
101415701,35.2143,35.1745,423,48580,0.0655127,0.05,1,1378977,1378554,423
101418621,29.6857,29.0698,424,48623,0.0562051,0.07,1,1379003,1378579,424
101421541,26.2743,26.6279,423,48666,0.088482,0.03,1,1379027,1378604,423
101444901,23.4742,30.4676,445,49010,0.203876,0.17,1,1379223,1378778,445
101447821,18.9897,22.987,443,49053,0.20755,0.13,1,1379239,1378796,443
101453661,29.3183,25.5179,460,49139,0.204808,0.19,1,1379302,1378842,460
101456581,34.5273,28.2072,468,49182,0.207923,0.13,1,1379340,1378872,468
101459501,25.8109,37.0829,445,49225,0.209169,0.05,1,1379360,1378915,445
101462421,34.3244,28.0331,463,49268,0.209668,0.05,1,1379400,1378937,463
101474101,32.1795,32.7096,457,49440,0.202503,0.17,1,1379521,1379064,457
101477021,14.0718,29.8839,431,49483,0.207001,0.13,1,1379523,1379092,431
101485781,26.7726,21.7846,459,49612,0.201168,0.17,1,1379599,1379140,459
101488701,32.909,26.7138,466,49654,0.254467,0.21,1,1379636,1379170,466
101491621,23.9636,31.6855,449,49696,0.287787,0.21,1,1379654,1379205,449
101514981,26.1344,29.9297,454,50032,0.405274,0.19,1,1379881,1379427,454
101520821,31.5415,33.9488,460,50116,0.404444,0.21,1,1379950,1379490,460
101523741,13.8166,32.1795,431,50158,0.407778,0.21,1,1379952,1379521,431
101529581,22.1307,18.8287,454,50242,0.416844,0.19,1,1379999,1379545,454
101590901,24.0847,23.5489,448,51116,0.758293,0.53,2,1380540,1380092,448
101593821,20.4339,20.2196,448,51157,0.753317,0.57,2,1380558,1380110,448
101596741,26.7736,26.0878,449,51198,0.775327,0.61,2,1380589,1380140,449
101599661,30.5094,29.6351,450,51239,0.772131,0.55,2,1380622,1380172,450
101602581,35.0038,35.2541,449,51280,0.794852,0.59,2,1380660,1380211,449
101605501,26.0015,26.1016,449,51321,0.779941,0.59,2,1380680,1380231,449
101608421,36.8006,35.6406,451,51362,0.797976,0.63,2,1380724,1380273,451
101611341,30.3202,29.8563,451,51403,0.817191,0.59,2,1380750,1380299,451
101614261,26.5281,26.3425,451,51444,0.848876,0.59,2,1380774,1380323,451
101617181,33.4112,33.337,451,51485,0.86155,0.65,2,1380812,1380361,451
101620101,32.5645,31.9348,452,51526,0.87862,0.65,2,1380844,1380392,452
101623021,14.2258,13.9739,452,51567,0.861448,0.61,2,1380846,1380394,452
101625941,20.6903,19.9896,453,51608,0.866579,0.65,2,1380871,1380418,453
101628861,24.4761,22.9958,455,51649,0.856632,0.69,2,1380898,1380443,455
101631781,31.9905,30.1983,457,51690,0.888653,0.69,2,1380935,1380478,457
101637621,28.3985,28.7117,456,51772,0.899384,0.73,2,1380975,1380519,456
101919401,105.607,106.4,476,25633,0.427457,0.73,1,1383734,1383258,476
101922321,72.2429,68.9599,482,25716,0.428983,0.57,1,1383784,1383302,482
101969041,53.0289,69.1521,453,27004,0.765948,0.65,2,1384627,1384174,453
101971961,53.0115,58.8608,454,27082,0.804379,0.67,2,1384680,1384226,454
101974881,50.0046,51.7443,455,27160,0.807752,0.67,2,1384728,1384273,455
101977801,48.8018,49.4977,455,27238,0.833101,0.69,2,1384776,1384321,455
101980721,70.5207,69.5991,457,27316,0.87924,0.71,2,1384861,1384404,457
102103361,56.6913,48.8976,500,30401,0.872368,1,2,1387008,1386508,500
102106281,44.2765,47.7591,489,30471,0.822947,1,2,1387044,1386555,489
102109201,48.9106,50.9036,488,30540,0.827179,1,2,1387096,1386608,488
102112121,39.3642,37.7614,492,30609,0.756872,1,2,1387129,1386637,492
102115041,36.1457,33.7046,495,30678,0.752749,1,2,1387163,1386668,495
102117961,64.8583,69.8818,485,30747,0.763099,1,2,1387247,1386762,485
102120881,42.7433,47.7527,480,30816,0.75524,0.92,2,1387275,1386795,480
102123801,34.4973,41.3011,472,30885,0.836096,0.99,2,1387304,1386832,472
102126721,56.9989,63.3204,466,30954,0.832438,0.91,2,1387376,1386910,466
102129641,41.3996,45.7282,463,31022,0.794975,0.83,2,1387407,1386944,463
102132561,54.3598,56.6913,462,31090,0.77999,0.79,2,1387470,1387008,462
102135481,41.5439,44.2765,459,31158,0.821996,0.83,2,1387503,1387044,459
102138401,49.0176,48.9106,461,31226,0.826798,0.71,2,1387557,1387096,461
102141321,39.407,39.3642,461,31294,0.840719,0.71,2,1387590,1387129,461
102144241,37.3628,15.7457,497,31362,0.846288,0.75,2,1387626,1387129,497
102147161,64.7451,26.6983,546,31429,0.896515,0.77,2,1387709,1387163,546
102263961,40.4221,40.0233,488,34017,0.89224,1,2,1389490,1389002,488
102266881,41.9689,43.0093,486,34079,0.890896,1,2,1389533,1389047,486
102269801,59.9875,64.0037,480,34141,0.794358,1,2,1389605,1389125,480
102296081,37.4484,45.4686,502,34694,0.428079,0.87,1,1389955,1389453,502
102301921,53.2717,41.955,526,34816,0.403293,0.73,1,1390059,1389533,526
102310681,29.1614,37.5571,479,34999,0.402851,0.59,1,1390157,1389678,479
102313601,30.8646,33.0228,481,35059,0.43114,0.55,1,1390189,1389708,481
102316521,32.7458,32.4091,483,35119,0.418456,0.59,1,1390223,1389740,483
102319441,42.4983,35.7637,494,35179,0.425382,0.49,1,1390272,1389778,494
102360321,43.1175,42.7997,446,36011,0.758741,0.45,2,1390811,1390365,446
102363241,35.247,35.1199,446,36070,0.765496,0.55,2,1390841,1390395,446
102369081,57.2395,53.8592,454,36187,0.754879,0.61,2,1390954,1390500,454
102372001,49.2958,49.1437,452,36245,0.775952,0.63,2,1390998,1390546,452
102374921,35.9183,35.2575,453,36303,0.808381,0.67,2,1391025,1390572,453
102377841,30.5673,30.303,453,36361,0.785352,0.63,2,1391052,1390599,453
102380761,13.4269,13.3212,453,36419,0.800141,0.65,2,1391054,1390601,453
102383681,25.1708,24.5285,454,36477,0.818056,0.71,2,1391087,1390633,454
102386601,31.0683,30.2114,455,36535,0.813223,0.71,2,1391122,1390667,455
102389521,41.8273,41.4846,455,36593,0.835289,0.77,2,1391171,1390716,455
102392441,52.7309,50.7938,458,36651,0.892116,0.77,2,1391231,1390773,458
102398281,35.5569,35.247,458,36767,0.899939,0.71,2,1391299,1390841,458
102550121,52.845,55.6645,485,39643,0.88816,1,2,1393321,1392836,485
102553041,49.938,47.4658,491,39696,0.817264,1,2,1393369,1392878,491
102564721,36.2704,25.7671,509,39908,0.437994,1,1,1393510,1393001,509
102570561,28.0033,32.0827,497,40014,0.258479,1,1,1393565,1393068,497
102573481,32.2013,30.8331,502,40067,0.205392,1,1,1393600,1393098,502
102582241,31.6049,34.4933,516,40226,0.0834651,0.96,1,1393697,1393181,516
102585161,28.842,36.5973,505,40278,0.033386,1,1,1393724,1393219,505
102588081,49.9368,38.6389,529,40330,0.0673544,0.82,1,1393788,1393259,529
102591001,43.9747,52.6556,507,40382,0.0569418,0.77,1,1393828,1393321,507
102593921,37.9899,49.8622,493,40434,0.0527767,0.63,1,1393862,1393369,493
102596841,31.996,43.9449,481,40486,0.0211107,0.53,1,1393890,1393409,481
102599761,28.3984,36.178,476,40538,0.0384443,0.45,1,1393916,1393440,476
102602681,31.1594,33.6712,477,40590,0.0573777,0.39,1,1393949,1393472,477
102605601,26.8637,36.2685,463,40642,0.0649511,0.21,1,1393973,1393510,463
102608521,24.5455,32.5074,456,40694,0.0679804,0.23,1,1393996,1393540,456
102611441,30.2182,28.003,465,40746,0.0451922,0.17,1,1394030,1393565,465
102614361,31.8873,32.2012,463,40798,0.0360769,0.17,1,1394063,1393600,463
102617281,29.5549,33.2805,457,40850,0.0444307,0.05,1,1394091,1393634,457
102623121,26.6888,31.6049,448,40954,0.0899089,0,1,1394145,1393697,448
102626041,52.0755,28.842,490,41006,0.0659636,0.09,1,1394214,1393724,490
102637721,29.0435,31.996,449,41210,0.0838167,0.05,1,1394339,1393890,449
102640641,32.0174,28.3984,457,41261,0.0755267,0.07,1,1394373,1393916,457
102643561,26.607,31.1594,447,41312,0.0602107,0.07,1,1394396,1393949,447
102646481,23.8428,26.8637,445,41363,0.0300843,0.07,1,1394418,1393973,445
102649401,29.9371,24.5455,456,41414,0.0300337,0.03,1,1394452,1393996,456
102652321,31.7748,30.2182,455,41465,0.0300135,0.03,1,1394485,1394030,455
102655241,31.9099,31.8873,454,41516,0.0120054,0.05,1,1394517,1394063,454
102658161,13.964,29.5549,428,41567,0.0108022,0.17,1,1394519,1394091,428
102661081,24.1856,29.222,430,41618,0.0223209,0.07,1,1394550,1394120,430
102664001,21.6742,26.6888,425,41669,0.0509284,0.05,1,1394570,1394145,425
102666921,50.0697,52.0755,425,41720,0.0743713,0.17,1,1394639,1394214,425
102704881,22.313,21.6742,425,42372,0.207517,0.09,1,1394995,1394570,425
102707801,51.5252,50.0697,427,42422,0.245007,0.17,1,1395066,1394639,427
102710721,45.8101,44.6279,428,42472,0.272003,0.17,1,1395108,1394680,428
102734081,31.1795,31.788,427,42868,0.405433,0.13,1,1395335,1394908,427
102737001,32.8718,32.5152,428,42917,0.408173,0.13,1,1395369,1394941,428
102739921,14.3487,14.2061,428,42966,0.409269,0.15,1,1395371,1394943,428
102742841,24.9395,24.2824,429,43015,0.421708,0.15,1,1395403,1394974,429
102807081,26.062,31.9805,475,44081,0.755075,0.63,2,1396139,1395664,475
102810001,22.4248,26.5922,472,44129,0.76403,0.63,2,1396159,1395687,472
102812921,31.7699,22.6369,490,44177,0.767612,0.65,2,1396197,1395707,490
102815841,32.508,31.2548,486,44225,0.781045,0.67,2,1396230,1395744,486
102818761,33.4032,31.7019,488,44273,0.786418,0.67,2,1396264,1395776,488
102821681,14.5613,33.0808,456,44321,0.788567,0.67,2,1396266,1395810,456
102824601,26.2245,14.4323,488,44369,0.789427,0.71,2,1396300,1395812,488
102827521,26.6898,26.1729,481,44417,0.777771,0.65,2,1396327,1395846,481
102830441,56.8759,26.0692,532,44464,0.797108,0.65,2,1396404,1395872,532
102833361,23.9504,57.8277,455,44511,0.804843,0.71,2,1396406,1395951,455
102836281,35.3801,48.9311,455,44558,0.831937,0.69,2,1396449,1395994,455
102839201,36.3521,41.1724,456,44605,0.842775,0.71,2,1396486,1396030,456
102842121,30.1408,31.469,457,44652,0.89511,0.71,2,1396512,1396055,457
103066961,33.9964,35.0151,498,48152,0.824867,1,2,1398949,1398451,498
103069881,36.3986,27.8061,513,48196,0.851947,1,2,1398987,1398474,513
103072801,36.1594,28.5224,520,48240,0.790779,1,2,1399023,1398503,520
103084481,32.7593,25.815,518,48416,0.447492,1,1,1399132,1398614,518
103090321,24.2015,32.0904,497,48503,0.295999,1,1,1399181,1398684,497
103093241,31.8806,29.6362,506,48546,0.244399,1,1,1399218,1398712,506
103099081,30.4209,34.0218,497,48632,0.0859039,0.92,1,1399280,1398783,497
103102001,23.5684,31.6087,486,48675,0.0523616,0.94,1,1399299,1398813,486
103104921,32.2273,32.4435,491,48718,0.0389446,1,1,1399337,1398846,491
103110761,23.7564,33.991,471,48804,0.0842311,0.73,1,1399386,1398915,471
103113681,25.7026,33.9964,464,48847,0.0876925,0.73,1,1399413,1398949,464
103116601,31.281,13.5986,499,48890,0.065077,0.87,1,1399448,1398949,499
103119521,28.1124,28.2394,487,48933,0.0680308,0.75,1,1399474,1398987,487
103122441,20.845,32.8958,467,48976,0.0572123,0.57,1,1399490,1399023,467
103125361,21.538,24.5583,470,49019,0.0648849,0.61,1,1399512,1399042,470
103128281,23.6152,24.2233,471,49062,0.055954,0.47,1,1399537,1399066,471
103154561,31.219,32.2272,452,49449,0.073392,0.15,1,1399789,1399337,452
103157481,24.4876,30.8909,442,49492,0.0713568,0.07,1,1399809,1399367,442
103160401,27.195,23.7564,452,49535,0.0465427,0.09,1,1399838,1399386,452
103192521,29.9358,28.6789,457,49998,0.203469,0.15,1,1400132,1399675,457
103195441,21.5743,27.6716,446,50040,0.207388,0.19,1,1400148,1399702,446
103198361,27.8297,21.8686,460,50082,0.220955,0.07,1,1400180,1399720,460
103201281,30.9319,31.5475,455,50124,0.214382,0.05,1,1400213,1399758,455
103204201,23.1728,31.219,442,50166,0.235753,0.07,1,1400231,1399789,442
103207121,29.0691,24.4876,455,50208,0.244301,0.03,1,1400264,1399809,455
103210041,31.4276,27.195,459,50250,0.25972,0.15,1,1400297,1399838,459
103212961,29.3711,30.678,454,50292,0.289888,0.11,1,1400325,1399871,454
103239241,27.9771,26.8396,432,50670,0.417734,0.21,1,1400532,1400100,432
103242161,30.3908,29.9358,432,50712,0.437093,0.21,1,1400564,1400132,432
103245081,21.7563,21.5743,432,50754,0.432837,0.23,1,1400580,1400148,432
103248001,28.5025,27.8297,433,50795,0.419135,0.21,1,1400613,1400180,433
103250921,31.801,30.9319,434,50836,0.413654,0.25,1,1400647,1400213,434
103253841,23.5204,23.1728,434,50877,0.411462,0.25,1,1400665,1400231,434
103262601,30.8333,29.3711,437,51000,0.427374,0.31,1,1400762,1400325,437
103265521,13.5333,12.9484,437,51041,0.440949,0.35,1,1400764,1400327,437
103341441,32.3154,29.0709,484,52105,0.757313,0.63,2,1401458,1400974,484
103344361,22.5262,30.8284,468,52145,0.764925,0.65,2,1401474,1401006,468
103347281,28.2105,22.5314,483,52185,0.76797,0.65,2,1401506,1401023,483
103350201,31.6842,28.2125,485,52225,0.781188,0.65,2,1401540,1401055,485
103353121,23.4737,31.685,469,52265,0.786475,0.65,2,1401558,1401089,469
103356041,29.1895,23.474,484,52305,0.80059,0.67,2,1401591,1401107,484
103358961,32.0758,28.5896,486,52345,0.806236,0.63,2,1401625,1401139,486
103361881,32.6303,31.8358,485,52385,0.820494,0.65,2,1401658,1401173,485
103364801,14.2521,31.9343,455,52425,0.826198,0.65,2,1401660,1401205,455
103367721,14.7008,13.9737,468,52465,0.816479,0.69,2,1401675,1401207,468
103370641,20.2803,14.5895,477,52505,0.812592,0.63,2,1401699,1401222,477
103373561,21.3121,20.8358,474,52545,0.811037,0.63,2,1401721,1401247,474
103376481,33.1249,21.5343,493,52585,0.870415,0.65,2,1401762,1401269,493
103379401,28.8499,32.6137,479,52625,0.894166,0.69,2,1401788,1401309,479
103601321,23.9712,31.6877,500,55582,0.874443,1,2,1403802,1403302,500
103872881,63.6509,63.9732,470,26280,0.897267,0.88,2,1406529,1406059,470
104021801,37.9111,22.9211,531,30753,0.8728,1,2,1409133,1408602,531
104024721,32.5644,33.1684,520,30822,0.78712,1,2,1409162,1408642,520
104067061,93.1904,111.48,442,14325,0.0452063,0.01,1,1410036,1409594,442
104069981,69.6762,69.1918,455,14473,0.0480825,0.09,1,1410090,1409635,455
104071441,162.27,60.0767,625,14620,0.049233,0.05,1,1410314,1409689,625
104074361,75.1082,156.031,422,14765,0.0736932,0.07,1,1410331,1409909,422
104077281,72.6433,104.412,423,14909,0.0354773,0,1,1410402,1409979,423
104080201,63.2573,75.9649,423,15051,0.0321909,0.05,1,1410459,1410036,423
104083121,57.7029,62.786,423,15192,0.0308764,0.05,1,1410513,1410090,423
104084581,143.681,25.1144,624,15332,0.0543505,0.05,1,1410714,1410090,624
104087501,81.4725,144.446,440,15471,0.0397402,0.09,1,1410754,1410314,440
104090421,73.989,67.9783,492,15608,0.0458961,0.01,1,1410823,1410331,492
104093341,63.7956,69.7913,478,15744,0.0183584,0.03,1,1410880,1410402,478
104096261,58.5182,62.1165,476,15879,0.0253434,0.03,1,1410935,1410459,476
104097721,144.007,57.2466,623,16013,0.0161374,0.07,1,1411136,1410513,623
104100641,82.2029,143.499,463,16146,0.0124549,0.03,1,1411177,1410714,463
104103561,74.2812,81.3995,492,16278,0.010982,0.05,1,1411246,1410754,492
104106481,63.3125,73.9598,479,16408,0.0223928,0,1,1411302,1410823,479
104109401,58.325,63.7839,477,16537,0.0149571,0.03,1,1411357,1410880,477
104110861,143.93,58.5136,623,16665,0.0359828,0.01,1,1411558,1410935,623
104113781,58.172,144.005,423,16792,0.0323931,0.01,1,1411559,1411136,423
104116701,47.8688,82.2022,423,16918,0.0309573,0.01,1,1411600,1411177,423
104119621,60.5475,74.2809,423,17043,0.0423829,0.03,1,1411669,1411246,423
104122541,57.819,63.3123,423,17168,0.0169532,0.01,1,1411725,1411302,423
104125461,56.1276,58.3249,423,17292,0.00678126,0.05,1,1411780,1411357,423
104128381,143.051,143.93,423,17415,0.0567125,0.03,1,1411981,1411558,423
104131301,81.2204,58.172,462,17537,0.064685,0.03,1,1412021,1411559,462
104134221,73.8882,47.8688,490,17658,0.055874,0.05,1,1412090,1411600,490
104137141,63.1553,60.5475,477,17778,0.0283496,0,1,1412146,1411669,477
104140061,58.2621,57.819,476,17897,0.0533398,0,1,1412201,1411725,476
104141521,143.905,56.1276,622,18016,0.0513359,0.09,1,1412402,1411780,622
104144441,59.3619,143.051,424,18134,0.0385344,0.09,1,1412405,1411981,424
104147361,46.5448,57.2204,462,18251,0.0334137,0.07,1,1412443,1411981,462
104150281,61.2179,46.8882,493,18367,0.0193655,0.05,1,1412514,1412021,493
104153201,56.8872,60.1553,478,18483,0.0257462,0.01,1,1412568,1412090,478
104156121,56.9549,57.6621,479,18598,0.0522985,0.07,1,1412625,1412146,479
104157581,143.382,56.0648,625,18712,0.0509194,0.05,1,1412826,1412201,625
104160501,58.5528,143.026,426,18825,0.0743678,0.03,1,1412828,1412402,426
104163421,45.6211,59.0104,460,18938,0.0597471,0.03,1,1412865,1412405,460
104166341,60.2484,46.4041,492,19050,0.0418988,0.01,1,1412935,1412443,492
104169261,56.4994,61.1617,475,19161,0.0347595,0.03,1,1412989,1412514,475
104172181,58.5997,56.8647,481,19272,0.0199038,0.07,1,1413049,1412568,481
104175101,143.44,56.9459,624,19382,0.0259615,0.09,1,1413249,1412625,624
104178021,59.776,144.578,425,19491,0.0403846,0.05,1,1413253,1412828,425
104180941,45.5104,80.0313,424,19600,0.0941538,0.05,1,1413289,1412865,424
104183861,59.6042,32.0125,493,19708,0.0796615,0.03,1,1413358,1412865,493
104186781,55.0417,54.805,475,19816,0.0498646,0.03,1,1413410,1412935,475
104189701,58.6167,54.322,482,19923,0.0739459,0.01,1,1413471,1412989,482
104205761,51.612,55.0327,423,20553,0.207749,0.09,1,1413833,1413410,423
104208681,59.0448,58.6131,426,20656,0.2331,0.15,1,1413897,1413471,426
104211601,146.018,144.045,429,20759,0.27924,0.13,1,1414101,1413672,429
104214521,60.8072,58.2181,432,20861,0.297696,0.17,1,1414105,1413673,432
104232041,148.97,146.018,437,21464,0.438494,0.31,1,1414538,1414101,437
104271461,144.787,53.4752,652,22808,0.764443,0.61,2,1415419,1414767,652
104274381,66.9148,151.59,450,22901,0.839777,0.61,2,1415434,1414984,450
104277301,29.1659,63.036,450,22994,0.869911,0.61,2,1415438,1414988,450
104280221,33.2664,46.8144,450,23086,0.893964,0.61,2,1415474,1415024,450
104286061,51.4026,52.3703,452,23269,0.883434,0.61,2,1415552,1415100,452
104288981,51.761,52.1481,452,23360,0.863374,0.71,2,1415604,1415152,452
104389721,155.376,147.463,509,26349,0.825693,1,2,1417812,1417303,509
104404321,35.3917,29.2406,517,26748,0.23441,1,1,1417987,1417470,517
104410161,35.0627,33.5985,519,26906,0.0771056,1,1,1418054,1417535,519
104413081,15.2251,40.4394,476,26985,0.0488423,0.71,1,1418056,1417580,476
104416001,132.69,155.376,455,27063,0.0375369,0.67,1,1418267,1417812,455
104418921,69.876,82.5503,449,27141,0.0210148,0.61,1,1418295,1417846,449
104421841,48.3504,54.6201,447,27219,0.0384059,0.39,1,1418329,1417882,447
104424761,38.5402,46.448,438,27297,0.0213624,0.27,1,1418361,1417923,438
104427681,29.2161,35.9792,432,27375,0.0505449,0.15,1,1418384,1417952,432
104430601,30.8864,35.3917,429,27452,0.038218,0.09,1,1418416,1417987,429
104433521,28.5546,32.1567,426,27529,0.0572872,0.03,1,1418443,1418017,426
104436441,31.2218,35.0627,422,27606,0.0889149,0.03,1,1418476,1418054,422
104442281,132.075,132.69,422,27760,0.0706264,0.01,1,1418689,1418267,422
104445201,69.6302,69.876,422,27836,0.0582506,0.05,1,1418717,1418295,422
104448121,48.8521,48.3504,423,27912,0.0413002,0.01,1,1418752,1418329,423
104451041,38.1408,38.5402,422,27988,0.0705201,0.07,1,1418783,1418361,422
104453961,29.6563,29.2161,423,28064,0.082208,0.03,1,1418807,1418384,423
104456881,31.6625,30.8864,424,28139,0.0748832,0.07,1,1418840,1418416,424
104459801,28.265,28.5546,423,28214,0.0479533,0.11,1,1418866,1418443,423
104462721,31.106,31.2218,423,28289,0.0491813,0.11,1,1418899,1418476,423
104465641,13.6424,13.6887,423,28364,0.0496725,0.11,1,1418901,1418478,423
104467101,126.057,5.47549,624,28439,0.085869,0.05,1,1419102,1418478,624
104470021,55.8228,128.79,422,28513,0.0883476,0.05,1,1419111,1418689,422
104472941,41.5291,68.3161,426,28587,0.077339,0.03,1,1419143,1418717,426
104484621,30.3239,31.6289,423,28882,0.20766,0.03,1,1419263,1418840,423
104487541,27.7296,28.2516,423,28955,0.221064,0.05,1,1419289,1418866,423
104490461,30.2918,31.1006,422,29028,0.250426,0.05,1,1419321,1418899,422
104493381,13.3167,13.6402,422,29101,0.23817,0.11,1,1419323,1418901,422
104526961,41.4123,53.2507,460,29962,0.215723,0.11,1,1419996,1419536,460
104529881,37.5649,41.1003,462,30033,0.212289,0.17,1,1420031,1419569,462
104532801,34.226,36.2401,461,30103,0.210916,0.13,1,1420063,1419602,461
104535721,28.0904,34.896,451,30173,0.210366,0.09,1,1420087,1419636,451
104538641,31.6362,29.5584,459,30243,0.222146,0.11,1,1420121,1419662,459
104541561,28.8545,31.6234,453,30313,0.226859,0.13,1,1420148,1419695,453
104544481,31.9418,28.2493,461,30383,0.264743,0.11,1,1420182,1419721,461
104547401,13.9767,31.0997,430,30453,0.279897,0.11,1,1420184,1419754,430
104560541,34.1425,37.5636,463,30798,0.404981,0.21,1,1420494,1420031,463
104563461,28.657,34.2254,456,30867,0.443993,0.21,1,1420519,1420063,456
104602881,33.8698,33.274,449,31814,0.769531,0.55,2,1421066,1420617,449
104605801,14.7479,14.5096,449,31881,0.781812,0.57,2,1421068,1420619,449
104608721,134.899,126.404,463,31947,0.846725,0.59,2,1421283,1420820,463
104611641,55.1597,58.3615,452,32013,0.87269,0.59,2,1421285,1420833,452
104614561,42.4639,24.5446,484,32079,0.883076,0.61,2,1421319,1420835,484
104617481,37.9855,30.8178,484,32145,0.89923,0.61,2,1421354,1420870,484
104620401,34.9942,32.7271,483,32211,0.893692,0.63,2,1421387,1420904,483
104818961,184.947,174.597,508,16192,0.421648,0.55,1,1424377,1423869,508
104840861,71.5361,102.515,449,17212,0.769178,0.55,2,1425100,1424651,449
104843781,50.2144,62.6061,449,17335,0.805671,0.53,2,1425136,1424687,449
104846701,29.6858,35.2424,448,17457,0.820268,0.57,2,1425152,1424704,448
104849621,79.0743,80.097,450,17579,0.862107,0.73,2,1425264,1424814,450
104852541,163.63,152.639,469,17700,0.878843,0.79,2,1425484,1425015,469
104855461,112.252,67.6555,536,17820,0.861537,0.79,2,1425562,1425026,536
104858381,66.5008,71.4622,498,17939,0.842615,0.83,2,1425598,1425100,498
104861301,36.2003,50.1849,478,18057,0.835046,0.83,2,1425614,1425136,478
104864221,15.6801,29.674,464,18175,0.832018,0.89,2,1425616,1425152,464
104867141,74.672,79.0696,466,18292,0.866807,0.89,2,1425730,1425264,466
104870061,161.869,163.628,466,18408,0.880723,0.85,2,1425950,1425484,466
104935761,35.812,35.927,516,20899,0.876496,1,2,1427556,1427040,516
104938681,68.9248,34.7708,573,21000,0.776598,1,2,1427647,1427074,573
104967881,89.168,90.6912,454,21990,0.809826,0.57,2,1428378,1427924,454
104970801,59.0672,63.2765,448,22086,0.84593,0.55,2,1428417,1427969,448
104973721,43.4269,43.9106,450,22182,0.848372,0.57,2,1428450,1428000,450
104976641,29.3708,29.5642,450,22278,0.849349,0.63,2,1428470,1428020,450
105070081,51.7109,48.9775,484,25145,0.884,0.84,2,1430504,1430020,484
105073001,120.284,125.191,474,25229,0.8516,1,2,1430670,1430196,474
105075921,87.1137,85.4764,480,25313,0.79064,0.95,2,1430735,1430255,480
105078841,58.2455,62.3906,472,25397,0.778256,0.9,2,1430774,1430302,472
105081761,37.0982,39.9562,470,25480,0.761302,0.9,2,1430797,1430327,470
105090521,48.7183,28.3572,528,25729,0.763203,0.95,2,1430916,1430388,528
105093441,53.0873,49.7429,520,25811,0.779281,0.83,2,1430972,1430452,520
105096361,116.035,51.0972,626,25893,0.881713,0.83,2,1431130,1430504,626
105230681,61.5643,99.2318,504,29420,0.85,1,2,1433610,1433106,504
105239441,38.9081,37.5748,528,29636,0.40312,1,1,1433735,1433207,528
105242361,32.9632,30.0299,532,29707,0.299248,1,1,1433764,1433232,532
105245281,32.3853,33.612,528,29778,0.221699,1,1,1433796,1433268,528
105251121,29.0616,42.8179,503,29920,0.0726719,1,1,1433852,1433349,503
105254041,63.2247,88.5272,470,29991,0.0350687,0.85,1,1433938,1433468,470
105256961,86.4899,98.4109,467,30062,0.0320275,0.81,1,1434040,1433573,467
105259881,55.5959,61.5643,465,30132,0.042811,0.57,1,1434075,1433610,465
105262801,43.8384,56.4257,448,30202,0.0231244,0.45,1,1434111,1433663,448
105265721,36.1353,44.7703,442,30272,0.0272498,0.31,1,1434142,1433700,442
105268641,31.2541,38.9081,435,30342,0.0408999,0.23,1,1434170,1433735,435
105271561,26.9017,32.9632,430,30412,0.07036,0.17,1,1434194,1433764,430
105280321,28.7697,29.0616,425,30620,0.092583,0.01,1,1434277,1433852,425
105283241,61.9079,63.2247,423,30689,0.0550332,0.03,1,1434361,1433938,423
105286161,85.3632,86.4899,422,30758,0.0520133,0.05,1,1434462,1434040,422
105289081,55.1453,55.5959,422,30827,0.0628053,0.01,1,1434497,1434075,422
105292001,43.6581,43.8384,422,30896,0.0551221,0.03,1,1434533,1434111,422
105294921,36.0632,36.1353,422,30964,0.0520489,0.05,1,1434564,1434142,422
105297841,32.4253,31.2541,424,31032,0.0868195,0.09,1,1434594,1434170,424
105300761,27.3701,26.9017,424,31100,0.0767278,0.13,1,1434618,1434194,424
105303681,29.548,27.5607,427,31168,0.0966911,0.19,1,1434649,1434222,427
105312441,60.5471,11.5079,506,31372,0.0798682,0.03,1,1434783,1434277,506
105315361,84.2188,55.0032,522,31439,0.0499473,0.05,1,1434883,1434361,522
105318281,57.0875,82.6013,460,31506,0.0619789,0.07,1,1434922,1434462,460
105321201,42.635,54.0405,458,31573,0.0547916,0.05,1,1434955,1434497,458
105324121,36.854,43.2162,455,31640,0.0519166,0.05,1,1434988,1434533,455
105327041,32.7416,35.8865,454,31707,0.0867667,0.11,1,1435018,1434564,454
105341641,59.4924,25.3659,507,32039,0.211637,0.05,1,1435206,1434699,507
105347481,58.2388,84.2185,463,32171,0.090262,0.07,1,1435346,1434883,463
105350401,42.4955,57.0874,456,32237,0.0781048,0.05,1,1435378,1434922,456
105353321,37.9982,42.635,458,32303,0.0852419,0.05,1,1435413,1434955,458
105356241,34.3993,36.854,457,32368,0.0640968,0.11,1,1435445,1434988,457
105359161,26.9597,32.7416,449,32433,0.0916387,0.13,1,1435467,1435018,449
105362081,30.5839,26.2966,460,32498,0.0906555,0.13,1,1435500,1435040,460
105365001,27.8336,30.3187,453,32563,0.0902622,0.11,1,1435526,1435073,453
105367921,26.7334,28.3275,452,32628,0.0661049,0.13,1,1435552,1435100,452
105379601,36.9916,58.2388,424,32887,0.20478,0.07,1,1435770,1435346,424
105382521,34.5966,42.4955,425,32951,0.219912,0.09,1,1435803,1435378,425
105385441,35.4387,37.9982,426,33015,0.213965,0.05,1,1435839,1435413,426
105388361,33.9755,34.3993,427,33079,0.223586,0.11,1,1435872,1435445,427
105391281,26.7902,26.9597,427,33143,0.239434,0.09,1,1435894,1435467,427
105394201,29.9161,30.5839,426,33207,0.245774,0.09,1,1435926,1435500,426
105397121,27.5664,27.8336,426,33271,0.28431,0.05,1,1435952,1435526,426
105408801,33.3361,32.4789,432,33524,0.40131,0.21,1,1436162,1435730,432
105411721,37.3344,36.9916,432,33587,0.430524,0.23,1,1436202,1435770,432
105414641,34.1338,34.5966,431,33650,0.44221,0.21,1,1436234,1435803,431
105417561,35.8535,35.4387,432,33713,0.446884,0.23,1,1436271,1435839,432
105420481,34.7414,33.9755,433,33776,0.424754,0.25,1,1436305,1435872,433
105470121,86.3279,67.2606,542,34824,0.764464,0.61,2,1437050,1436508,542
105473041,35.7312,82.7042,451,34885,0.791786,0.57,2,1437052,1436601,451
105475961,38.2925,34.2817,489,34946,0.802714,0.57,2,1437092,1436603,489
105478881,35.117,37.7127,482,35006,0.831086,0.59,2,1437125,1436643,482
105481801,36.8468,34.2851,488,35066,0.854434,0.61,2,1437163,1436675,488
105484721,35.1387,35.914,485,35126,0.863774,0.61,2,1437197,1436712,485
105487641,29.0555,34.7656,476,35186,0.867509,0.61,2,1437222,1436746,476
105490561,31.4222,28.3062,485,35246,0.881004,0.63,2,1437255,1436770,485
105493481,29.9689,31.1225,481,35306,0.874401,0.65,2,1437284,1436803,481
105496401,27.5876,29.249,479,35366,0.883761,0.65,2,1437310,1436831,479
105499321,69.835,27.2996,551,35426,0.887504,0.73,2,1437408,1436857,551
105657001,35.674,32.3202,518,38513,0.882275,1,2,1439569,1439051,518
105659921,29.2696,35.1281,506,38568,0.87491,1,2,1439594,1439088,506
105662841,26.7078,27.8512,508,38623,0.859964,1,2,1439619,1439111,508
105668681,23.5933,19.4562,523,38733,0.870794,1,2,1439668,1439145,523
105671601,17.2373,28.1825,502,38788,0.882318,1,2,1439681,1439179,502
105674521,11.0949,28.073,481,38842,0.850927,1,2,1439688,1439207,481
105677441,46.438,55.0292,478,38896,0.814371,1,2,1439758,1439280,478
105741681,27.5119,26.926,452,40073,0.76938,0.63,2,1440566,1440114,452
105744601,23.0048,10.7704,472,40126,0.757752,0.65,2,1440586,1440114,472
105747521,15.2019,16.9082,461,40179,0.753101,0.61,2,1440596,1440135,461
105750441,9.68076,12.7633,457,40232,0.75124,0.61,2,1440602,1440145,457
105753361,43.4723,8.7053,517,40284,0.762496,0.65,2,1440668,1440151,517
105756281,84.5889,43.0821,563,40336,0.790998,0.71,2,1440780,1440217,563
105759201,50.6356,82.6329,482,40388,0.802399,0.65,2,1440808,1440326,482
105762121,43.0542,50.4531,491,40440,0.80696,0.71,2,1440846,1440355,491
105765041,31.6217,43.5813,476,40492,0.832784,0.65,2,1440870,1440394,476
105767961,33.6487,31.2325,488,40544,0.831114,0.73,2,1440905,1440417,488
105770881,36.8595,33.493,492,40596,0.866445,0.71,2,1440944,1440452,492
105940241,33.6494,36.4092,514,43511,0.8512,1,2,1442956,1442442,514
105943161,29.6597,31.9637,512,43559,0.82648,1,2,1442983,1442471,512
105946081,35.8639,27.7855,527,43607,0.864592,1,2,1443023,1442496,527
105949001,32.9456,24.3142,536,43655,0.783837,1,2,1443054,1442518,536
105966521,32.2481,33.1919,518,43943,0.411447,1,1,1443270,1442752,518
105969441,29.0992,32.4768,513,43991,0.410579,1,1,1443297,1442784,513
105989881,30.7106,35.8639,487,44327,0.433784,0.73,1,1443510,1443023,487
105992801,21.8842,32.9456,472,44375,0.431513,0.69,1,1443526,1443054,472
105998641,42.7415,28.1913,507,44470,0.415842,0.55,1,1443610,1443103,507
106001561,18.2966,47.8765,448,44517,0.424337,0.45,1,1443612,1443164,448
106016161,31.78,30.8397,444,44752,0.439964,0.35,1,1443773,1443329,444
106019081,28.312,29.7359,441,44799,0.445986,0.37,1,1443799,1443358,441
106089161,19.3749,18.7783,453,45915,0.750151,0.67,2,1444508,1444055,453
106092081,31.75,7.51133,493,45961,0.75006,0.67,2,1444548,1444055,493
106095001,33.1,27.6045,486,46007,0.762024,0.63,2,1444582,1444096,486
106097921,30.04,31.4418,480,46053,0.76681,0.67,2,1444610,1444130,480
106100841,25.216,29.3767,474,46099,0.768724,0.67,2,1444632,1444158,474
106103761,34.6864,24.9507,493,46145,0.81749,0.69,2,1444673,1444180,493
106106681,30.0746,32.1803,483,46191,0.836996,0.73,2,1444700,1444217,483
106109601,31.2298,28.4721,489,46237,0.844798,0.75,2,1444732,1444243,489
106112521,30.4919,31.1888,486,46283,0.847919,0.71,2,1444762,1444276,486
106115441,25.3968,30.4755,478,46329,0.861168,0.73,2,1444784,1444306,478
106118361,34.1587,24.7902,497,46375,0.890467,0.75,2,1444824,1444327,497
106372401,53.3694,38.3105,469,23095,0.0942039,0.05,1,1448021,1447552,469
106375321,66.9478,60.3242,470,23187,0.0556815,0.05,1,1448097,1447627,470
106378241,56.7791,64.9297,452,23278,0.0882726,0.05,1,1448147,1447695,452
106392841,48.6813,43.9234,479,23730,0.211115,0.07,1,1448445,1447966,479
106395761,65.6725,50.5694,501,23819,0.234446,0.03,1,1448522,1448021,501
106398681,56.869,65.8278,476,23908,0.267778,0.11,1,1448573,1448097,476
106401601,23.9476,56.3311,428,23997,0.281111,0.17,1,1448575,1448147,428
106404521,67.179,78.9324,430,24085,0.298445,0.15,1,1448671,1448241,430
106413281,43.3235,43.6917,431,24348,0.42206,0.23,1,1448824,1448393,431
106416201,49.7294,48.6767,433,24435,0.426824,0.25,1,1448878,1448445,433
106457081,63.1954,51.0858,509,25623,0.754448,0.59,2,1449684,1449175,509
106460001,44.4782,55.8343,482,25706,0.799779,0.59,2,1449716,1449234,482
106462921,50.1913,41.5337,504,25788,0.829912,0.61,2,1449770,1449266,504
106465841,71.0765,49.6135,534,25870,0.877965,0.69,2,1449855,1449321,534
106468761,61.4306,68.4454,508,25952,0.885186,0.71,2,1449910,1449402,508
106471681,25.7722,59.7782,456,26034,0.888074,0.67,2,1449912,1449456,456
106474601,71.5089,25.1113,556,26115,0.86523,0.77,2,1450014,1449458,556
106588481,39.0825,47.4787,508,29109,0.202861,1,1,1452120,1451612,508
106594321,67.6932,30.9966,569,29255,0.0504578,0.88,1,1452235,1451666,569
106597241,49.8773,68.7986,513,29327,0.0381831,1,1,1452273,1451760,513
106600161,38.5509,53.3195,501,29399,0.0452732,1,1,1452304,1451803,501
106603081,54.4204,39.9278,535,29471,0.0181093,0.87,1,1452369,1451834,535
106606001,55.9681,60.9711,517,29543,0.0132437,0.59,1,1452426,1451909,517
106608921,60.1873,65.7884,511,29615,0.0232975,0.27,1,1452489,1451978,511
106611841,45.0749,69.5154,474,29686,0.075319,0.27,1,1452524,1452050,474
106614761,30.03,51.2062,455,29757,0.0721276,0.11,1,1452544,1452089,455
106617681,24.012,39.0825,444,29828,0.094851,0.05,1,1452564,1452120,444
106623521,58.9219,67.6932,422,29970,0.0475762,0.03,1,1452657,1452235,422
106626441,46.9688,49.8773,423,30041,0.0610305,0.05,1,1452696,1452273,423
106629361,36.7875,38.5509,422,30111,0.0424122,0,1,1452726,1452304,422
106632281,53.715,54.4204,422,30181,0.0169649,0.01,1,1452791,1452369,422
106635201,56.286,55.9681,423,30251,0.0127859,0.03,1,1452849,1452426,423
106638121,61.5144,60.1873,425,30321,0.0591144,0.11,1,1452914,1452489,425
106641041,47.4058,45.0749,428,30391,0.0656458,0.07,1,1452952,1452524,428
106643961,28.5623,30.03,424,30461,0.0802583,0.11,1,1452968,1452544,424
106655641,46.2448,46.9688,423,30737,0.0471266,0.03,1,1453119,1452696,423
106658561,35.8979,36.7875,422,30806,0.0368506,0,1,1453148,1452726,422
106661481,53.9592,53.715,423,30875,0.0327403,0.01,1,1453214,1452791,423
106664401,55.7837,56.286,422,30944,0.0430961,0.09,1,1453271,1452849,422
106667321,62.5135,61.5144,424,31012,0.0232384,0.07,1,1453338,1452914,424
106670241,48.4054,47.4058,425,31080,0.0152954,0.09,1,1453377,1452952,425
106673161,29.5622,28.5623,426,31148,0.0361181,0.13,1,1453394,1452968,426
106676081,26.2249,25.8249,426,31216,0.0564473,0.13,1,1453418,1452992,426
106679001,11.6899,11.53,426,31284,0.0645789,0.13,1,1453420,1452994,426
106684841,45.0704,52.8448,461,31419,0.0883326,0.01,1,1453540,1453079,461
106687761,35.4282,45.1379,450,31486,0.041333,0.03,1,1453569,1453119,450
106690681,54.3713,35.4552,488,31553,0.0345332,0.03,1,1453636,1453148,488
106693601,55.3485,53.7821,478,31620,0.0558133,0.05,1,1453692,1453214,478
106696521,62.3394,55.7128,488,31687,0.0763253,0.01,1,1453759,1453271,488
106699441,48.3358,62.4851,460,31754,0.0725301,0.01,1,1453798,1453338,460
106702361,29.5343,48.3941,438,31821,0.0590121,0.05,1,1453815,1453377,438
106705281,28.0137,29.5576,448,31887,0.0416048,0.07,1,1453842,1453394,448
106708201,12.4055,26.223,426,31953,0.0346419,0.07,1,1453844,1453418,426
106711121,55.3622,11.6892,508,32019,0.0678568,0.15,1,1453928,1453420,508
106719881,54.0392,35.4281,489,32217,0.0828228,0.03,1,1454058,1453569,489
106722801,56.4157,54.3712,480,32283,0.0751291,0.07,1,1454116,1453636,480
106725721,63.3663,55.3485,492,32349,0.0600516,0.09,1,1454184,1453692,492
106728641,48.1465,62.3394,463,32414,0.0660207,0.07,1,1454222,1453759,463
106731561,28.8586,48.3358,440,32479,0.0684083,0.05,1,1454238,1453798,440
106734481,27.1434,29.5343,449,32544,0.0693633,0.03,1,1454264,1453815,449
106737401,12.0574,28.0137,424,32609,0.0697453,0.03,1,1454266,1453842,424
106749081,22.1199,33.098,427,32868,0.203433,0.05,1,1454417,1453990,427
106752001,47.8479,54.0392,424,32932,0.219373,0.07,1,1454482,1454058,424
106757841,62.0157,63.3663,424,33060,0.2019,0.07,1,1454608,1454184,424
106769521,12.0612,12.0574,425,33316,0.202305,0.17,1,1454691,1454266,425
106772441,61.2245,57.623,431,33379,0.218922,0.17,1,1454785,1454354,431
106775361,46.0898,45.2492,430,33442,0.237569,0.17,1,1454821,1454391,430
106778281,19.6359,19.2997,430,33505,0.245027,0.23,1,1454823,1454393,430
106781201,23.4544,22.1199,432,33568,0.248011,0.23,1,1454849,1454417,432
106795801,28.6024,28.8825,429,33883,0.412546,0.19,1,1455092,1454663,429
106798721,27.641,27.153,430,33945,0.423018,0.21,1,1455119,1454689,430
106801641,12.2564,12.0612,430,34007,0.427207,0.23,1,1455121,1454691,430
106851281,55.9215,49.908,509,35050,0.751384,0.61,2,1455860,1455351,509
106854201,64.3686,54.7632,521,35110,0.774553,0.63,2,1455930,1455409,521
106857121,49.1474,63.3053,491,35170,0.783821,0.65,2,1455969,1455478,491
106860041,30.459,48.1221,471,35230,0.787529,0.63,2,1455987,1455516,471
106862961,30.1836,29.4488,484,35290,0.801011,0.65,2,1456017,1455533,484
106865881,13.2734,29.1795,457,35350,0.806405,0.65,2,1456019,1455562,457
106868801,63.5094,12.8718,552,35410,0.820562,0.65,2,1456116,1455564,552
106871721,48.8037,64.5487,492,35470,0.850225,0.67,2,1456155,1455663,492
106874641,20.7215,48.6195,456,35530,0.86209,0.67,2,1456157,1455701,456
106877561,26.2886,20.6478,484,35589,0.878836,0.67,2,1456187,1455703,484
107026481,54.8156,37.1289,537,38500,0.808528,1,2,1458235,1457698,537
107038161,34.7777,37.2337,498,38720,0.24001,1,1,1458377,1457879,498
107041081,34.9111,30.4935,507,38775,0.0960041,1,1,1458412,1457905,507
107044001,27.7644,27.7974,504,38829,0.0444016,1,1,1458435,1457931,504
107046921,38.1058,45.319,492,38883,0.0237607,1,1,1458480,1457988,492
107049841,33.2423,43.9276,479,38937,0.0155043,1,1,1458510,1458031,479
107052761,31.2969,36.171,478,38991,0.0242017,0.92,1,1458540,1458062,478
107055681,25.7188,28.8684,476,39045,0.0276807,1,1,1458562,1458086,476
107058601,35.4875,40.3474,470,39099,0.0110723,0.89,1,1458604,1458134,470
107061521,30.395,36.5389,463,39153,0.0224289,0.73,1,1458631,1458168,463
107064441,46.358,54.8156,453,39207,0.0389716,0.53,1,1458688,1458235,453
107067361,35.3432,43.5262,445,39261,0.0695886,0.41,1,1458716,1458271,445
107079041,30.3336,34.9111,422,39477,0.0980215,0.01,1,1458834,1458412,422
107081961,26.5334,27.7644,423,39530,0.0812086,0.01,1,1458858,1458435,423
107084881,38.8134,38.1058,425,39583,0.0504834,0.01,1,1458905,1458480,425
107087801,34.1253,33.2423,426,39636,0.0381934,0.03,1,1458936,1458510,426
107090721,29.2501,31.2969,422,39689,0.0452773,0.03,1,1458962,1458540,422
107093641,24.9001,25.7188,422,39742,0.0241109,0,1,1458984,1458562,422
107096561,35.16,35.4875,422,39795,0.0396444,0.03,1,1459026,1458604,422
107099481,30.864,30.395,423,39848,0.0218577,0.05,1,1459054,1458631,423
107102401,48.3456,46.358,426,39901,0.0627431,0.09,1,1459114,1458688,426
107111161,27.6701,28.3349,426,40060,0.203456,0.13,1,1459199,1458773,426
107119921,24.5709,27.6134,445,40219,0.226861,0.07,1,1459279,1458834,445
107125761,32.7313,38.3781,452,40323,0.0758978,0.03,1,1459357,1458905,452
107128681,29.8925,33.9513,449,40375,0.0483591,0.05,1,1459385,1458936,449
107131601,23.957,29.1805,443,40427,0.0373436,0.01,1,1459405,1458962,443
107134521,34.7828,24.8722,463,40479,0.0209375,0.05,1,1459447,1458984,463
107137441,30.7131,35.1489,449,40531,0.026375,0.01,1,1459475,1459026,449
107140361,50.6852,30.8596,485,40583,0.04055,0.09,1,1459539,1459054,485
107143281,37.6741,48.3438,454,40635,0.07022,0.19,1,1459568,1459114,454
107146201,36.6696,34.9375,464,40687,0.094088,0.13,1,1459604,1459140,464
107149121,30.8679,36.175,454,40739,0.0916352,0.25,1,1459631,1459177,454
107152041,29.1471,27.67,460,40791,0.0906541,0.19,1,1459659,1459199,460
107178321,52.2205,30.7131,488,41254,0.0943455,0.05,1,1459963,1459475,488
107181241,38.8882,50.6852,454,41305,0.0557382,0.09,1,1459993,1459539,454
107184161,37.7553,37.6741,462,41356,0.0882953,0.11,1,1460030,1459568,462
107195841,13.7729,30.2589,429,41560,0.222052,0.15,1,1460119,1459690,429
107198761,17.5092,24.1035,429,41611,0.238821,0.17,1,1460139,1459710,429
107201681,34.0037,36.0414,430,41662,0.245528,0.17,1,1460184,1459754,430
107204601,27.4015,28.8166,429,41713,0.260211,0.13,1,1460207,1459778,429
107207521,27.7606,28.9266,428,41764,0.266085,0.13,1,1460235,1459807,428
107210441,23.1042,23.5707,428,41815,0.268434,0.13,1,1460255,1459827,428
107213361,35.0417,34.6283,429,41865,0.281374,0.13,1,1460298,1459869,429
107216281,28.4167,30.0513,426,41915,0.286549,0.07,1,1460322,1459896,426
107248401,28.1543,27.7606,435,42465,0.40493,0.27,1,1460670,1460235,435
107251321,23.2617,23.1042,435,42515,0.431972,0.29,1,1460690,1460255,435
107254241,35.7047,35.0417,436,42565,0.430789,0.29,1,1460734,1460298,436
107257161,28.6819,28.4167,436,42615,0.430316,0.33,1,1460758,1460322,436
107333081,23.8597,28.4643,476,43883,0.754349,0.71,2,1461587,1461111,476
107336001,35.9439,23.3857,500,43931,0.77574,0.69,2,1461631,1461131,500
107338921,28.7776,36.3543,479,43979,0.796296,0.71,2,1461655,1461176,479
107341841,51.111,29.5417,520,44027,0.816518,0.67,2,1461721,1461201,520
107344761,38.4444,51.4167,484,44075,0.824607,0.67,2,1461751,1461267,484
107347681,40.5778,38.5667,496,44123,0.839843,0.67,2,1461793,1461297,496
107350601,34.2311,40.6267,484,44171,0.845937,0.67,2,1461823,1461339,484
107353521,31.6924,34.2507,484,44219,0.872375,0.67,2,1461853,1461369,484
107356441,38.477,31.7003,497,44267,0.88295,0.69,2,1461896,1461399,497
107359361,16.5908,37.2801,458,44315,0.88718,0.65,2,1461898,1461440,458
107362281,18.6363,16.112,476,44363,0.888872,0.71,2,1461918,1461442,476
107559381,316.165,346.287,473,21900,0.40408,0.84,1,1464045,1463572,473
107565221,120.306,127.286,479,22093,0.0730528,0.21,1,1464214,1463735,479
107568141,78.1226,93.5144,458,22189,0.0352211,0.09,1,1464264,1463806,458
107571061,64.249,78.2058,445,22285,0.0440884,0.05,1,1464319,1463874,445
107573981,59.8996,63.6823,448,22380,0.0176354,0.03,1,1464376,1463928,448
107576901,62.9598,72.2729,435,22475,0.00705415,0.01,1,1464441,1464006,435
107579821,36.5839,43.9092,429,22569,0.00882166,0.01,1,1464460,1464031,429
107582741,71.0336,25.9637,509,22663,0.0215287,0.01,1,1464554,1464045,509
107585661,78.8134,63.1855,505,22757,0.0146115,0.01,1,1464638,1464133,505
107588581,61.5254,73.8742,474,22850,0.0358446,0.01,1,1464688,1464214,474
107591501,57.0101,59.5497,478,22943,0.0563378,0.05,1,1464742,1464264,478
107594421,55.8041,56.8199,478,23035,0.0225351,0,1,1464797,1464319,478
107597341,61.3216,56.9279,486,23127,0.0390141,0,1,1464862,1464376,486
107600261,36.5286,61.7712,441,23219,0.0576056,0.01,1,1464882,1464441,441
107603181,70.4115,36.1085,515,23310,0.0290422,0.03,1,1464975,1464460,515
107606101,79.1646,70.8434,506,23401,0.0176169,0.01,1,1465060,1464554,506
107609021,62.2658,78.7374,473,23492,0.0250468,0.05,1,1465111,1464638,473
107611941,57.9063,61.4949,478,23582,0.0400187,0.07,1,1465166,1464688,478
107614861,54.9625,56.998,477,23672,0.0220075,0,1,1465219,1464742,477
107617781,62.185,55.7992,489,23762,0.038803,0.05,1,1465286,1464797,489
107620701,35.674,61.3197,442,23851,0.0455212,0.07,1,1465304,1464862,442
107623621,70.6696,36.5279,516,23940,0.0722085,0.01,1,1465398,1464882,516
107626541,29.4678,70.4111,425,24029,0.0828834,0.01,1,1465400,1464975,425
107644061,34.6204,35.674,422,24554,0.062319,0.09,1,1465726,1465304,422
107646981,72.6482,70.6696,426,24640,0.0669276,0.09,1,1465824,1465398,426
107649901,30.2593,29.4678,426,24726,0.068771,0.13,1,1465826,1465400,426
107652821,63.1037,61.5871,428,24812,0.0575084,0.13,1,1465911,1465483,428
107676181,63.6261,63.1037,424,25487,0.238064,0.05,1,1466335,1465911,424
107679101,57.2504,25.2415,477,25570,0.269226,0.15,1,1466388,1465911,477
107682021,58.9002,40.6966,486,25653,0.28169,0.13,1,1466448,1465962,486
107684941,52.9601,51.6786,476,25736,0.274676,0.17,1,1466497,1466021,476
107687861,60.184,48.8715,494,25818,0.28387,0.17,1,1466562,1466068,494
107690781,33.6736,58.5486,445,25900,0.299548,0.21,1,1466578,1466133,445
107699541,66.1391,30.0031,520,26145,0.444211,0.27,1,1466769,1466249,520
107743341,75.7111,75.4395,449,27336,0.807945,0.55,2,1467566,1467117,449
107746261,31.4844,31.3758,449,27413,0.833178,0.57,2,1467568,1467119,449
107749181,70.7938,69.5503,451,27490,0.855271,0.59,2,1467665,1467214,451
107752101,61.9175,60.2201,453,27567,0.852108,0.63,2,1467721,1467268,453
107755021,25.967,25.288,453,27644,0.826843,0.71,2,1467723,1467270,453
107757941,49.3868,46.7152,457,27721,0.852737,0.75,2,1467788,1467331,457
107760861,48.5547,47.4861,457,27797,0.887095,0.75,2,1467836,1467379,457
107874741,44.8738,50.1868,489,30627,0.898,1,2,1469821,1469332,489
107877661,42.5495,38.6747,499,30696,0.8332,1,2,1469862,1469363,499
107886421,56.9872,65.4272,473,30903,0.420285,1,1,1470026,1469553,473
107889341,67.7949,59.7709,492,30971,0.210114,1,1,1470101,1469609,492
107895181,34.9672,40.4033,485,31107,0.0756182,1,1,1470161,1469676,485
107898101,46.3869,53.9613,476,31175,0.0962473,1,1,1470215,1469739,476
107909781,43.2451,31.7798,507,31446,0.0875679,0.61,1,1470369,1469862,507
107938981,41.708,36.1116,472,32112,0.214921,0.07,1,1470793,1470321,472
107941901,40.0832,43.2447,463,32178,0.247968,0.13,1,1470832,1470369,463
107944821,49.6333,38.8979,483,32244,0.273187,0.11,1,1470888,1470405,483
107947741,60.6533,49.7591,494,32310,0.283275,0.15,1,1470956,1470462,494
107950661,39.8613,58.9037,455,32375,0.29931,0.13,1,1470982,1470527,455
107971101,18.2267,41.708,434,32830,0.416438,0.27,1,1471227,1470793,434
107974021,31.8907,40.0832,436,32894,0.448575,0.29,1,1471268,1470832,436
107976941,46.3563,49.6333,436,32958,0.43743,0.29,1,1471324,1470888,436
107979861,59.3425,60.6533,436,33022,0.432972,0.31,1,1471392,1470956,436
108017821,34.9422,33.0148,448,33846,0.778021,0.53,2,1471896,1471448,448
108020741,48.1769,47.4059,448,33908,0.761208,0.53,2,1471953,1471505,448
108023661,40.8708,40.5624,448,33970,0.754483,0.53,2,1471989,1471541,448
108026581,40.3483,39.6249,449,34032,0.775793,0.63,2,1472029,1471580,449
108029501,43.1393,40.45,453,34094,0.808317,0.71,2,1472074,1471621,453
108032421,46.6557,44.38,455,34156,0.797327,0.71,2,1472123,1471668,455
108035341,19.8623,18.952,455,34218,0.828931,0.71,2,1472125,1471670,455
108038261,31.9449,7.5808,495,34280,0.829572,0.67,2,1472165,1471670,495
108041181,46.978,27.6323,511,34342,0.829829,0.69,2,1472222,1471711,511
108044101,60.1912,44.6529,524,34404,0.841932,0.71,2,1472291,1471767,524
108047021,43.8765,58.6612,489,34465,0.834773,0.75,2,1472324,1471835,489
108049941,36.1506,42.0645,489,34526,0.831909,0.81,2,1472355,1471866,489
108052861,48.0602,34.8258,515,34587,0.842764,0.75,2,1472411,1471896,515
108055781,40.8241,48.1303,494,34648,0.847106,0.75,2,1472447,1471953,494
108058701,41.5296,40.8521,500,34709,0.860842,0.79,2,1472489,1471989,500
108362381,36.2524,35.6027,513,40551,0.83656,1,2,1476541,1476028,513
108365301,49.301,37.6411,532,40603,0.772624,1,2,1476599,1476067,532
108376981,31.4349,36.0372,509,40811,0.425235,1,1,1476742,1476233,509
108382821,23.2696,21.726,520,40915,0.263638,1,1,1476794,1476274,520
108391581,37.2493,44.7345,507,41070,0.0672728,1,1,1476901,1476394,507
108394501,41.2997,40.6938,513,41121,0.0449091,0.96,1,1476945,1476432,513
108397421,31.5199,39.0775,500,41172,0.0479636,0.91,1,1476970,1476470,500
108400341,31.208,36.631,496,41223,0.0491855,0.77,1,1477001,1476505,496
108403261,43.6832,36.2524,512,41274,0.0376742,0.73,1,1477053,1476541,512
108406181,39.0733,49.301,490,41325,0.0330697,0.59,1,1477089,1476599,490
108409101,36.6293,41.9204,488,41376,0.0192279,0.55,1,1477124,1476636,488
108412021,35.0517,38.9682,485,41427,0.0616911,0.45,1,1477158,1476673,485
108414941,27.2207,42.5873,462,41478,0.0786765,0.37,1,1477180,1476718,462
108417861,28.8883,31.4349,468,41529,0.0734706,0.29,1,1477210,1476742,468
108420781,12.7553,34.174,434,41580,0.0953882,0.21,1,1477212,1476778,434
108432461,34.8385,37.2493,423,41784,0.0972419,0.03,1,1477324,1476901,423
108435381,39.7354,41.2997,422,41835,0.0808968,0.05,1,1477367,1476945,422
108438301,30.8942,31.5199,422,41885,0.0863587,0.05,1,1477392,1476970,422
108441221,32.1577,31.208,424,41935,0.0885435,0.03,1,1477425,1477001,424
108444141,43.4631,43.6832,423,41985,0.0414174,0.03,1,1477476,1477053,423
108447061,40.7852,39.0733,426,42035,0.070567,0.01,1,1477515,1477089,426
108449981,35.5141,36.6293,423,42085,0.0822268,0.09,1,1477547,1477124,423
108452901,37.6056,35.0517,428,42135,0.0628907,0.09,1,1477586,1477158,428
108455821,25.8423,27.2207,424,42185,0.0551563,0.07,1,1477604,1477180,424
108485021,43.0512,43.4631,423,42684,0.0611015,0.09,1,1477899,1477476,423
108487941,43.0205,40.7852,427,42733,0.0664406,0.09,1,1477942,1477515,427
108490861,34.6082,35.5141,424,42782,0.0565762,0.05,1,1477971,1477547,424
108493781,37.2433,37.6056,424,42831,0.0886305,0.05,1,1478010,1477586,424
108534661,39.5095,34.6058,466,43517,0.224708,0.11,1,1478437,1477971,466
108537581,27.2038,37.2423,446,43565,0.227883,0.15,1,1478456,1478010,446
108540501,31.2815,25.6969,462,43613,0.229153,0.13,1,1478490,1478028,462
108543421,13.7126,31.2788,429,43661,0.241661,0.17,1,1478492,1478063,429
108546341,16.285,13.7115,445,43709,0.258665,0.17,1,1478510,1478065,445
108549261,23.914,16.2846,456,43757,0.253466,0.15,1,1478539,1478083,456
108578461,27.1608,39.5095,451,44237,0.416292,0.23,1,1478888,1478437,451
108581381,32.4643,27.2038,468,44285,0.436517,0.23,1,1478924,1478456,468
108584301,14.1857,31.2815,436,44333,0.420607,0.25,1,1478926,1478490,436
108587221,16.4743,13.7126,452,44381,0.426243,0.27,1,1478944,1478492,452
108590141,23.9897,16.285,463,44429,0.440497,0.25,1,1478973,1478510,463
108593061,10.7959,23.914,436,44476,0.446199,0.35,1,1478975,1478539,436
108648541,28.0363,27.8572,447,45369,0.77385,0.55,2,1479550,1479103,447
108651461,33.4145,32.7429,448,45415,0.77154,0.57,2,1479587,1479139,448
108654381,42.1658,41.8971,448,45461,0.770616,0.59,2,1479635,1479187,448
108657301,46.2663,45.5589,449,45507,0.806246,0.59,2,1479684,1479235,449
108660221,37.7065,37.4235,449,45553,0.844499,0.57,2,1479716,1479267,449
108663141,42.0826,42.5694,448,45599,0.823799,0.55,2,1479761,1479313,448
108666061,28.233,27.8278,449,45645,0.80352,0.57,2,1479780,1479331,449
108668981,33.4932,32.7311,450,45691,0.831408,0.57,2,1479817,1479367,450
108671901,14.5973,14.2924,450,45737,0.818563,0.61,2,1479819,1479369,450
108674821,16.6389,16.517,450,45783,0.849425,0.63,2,1479837,1479387,450
108677741,25.2556,24.6068,451,45829,0.84977,0.63,2,1479868,1479417,451
108680661,11.3022,11.0427,451,45875,0.849908,0.63,2,1479870,1479419,451
108683581,26.1209,24.8171,453,45921,0.861963,0.63,2,1479906,1479453,453
108686501,32.6484,9.92683,490,45967,0.878785,0.73,2,1479943,1479453,490
108873381,34.9579,33.048,491,48815,0.847431,1,2,1481928,1481437,491
108876301,31.3832,27.0192,497,48858,0.812972,1,2,1481957,1481460,497
108879221,28.1533,10.8077,523,48901,0.751189,1,2,1481983,1481460,523
108885061,33.1845,28.3692,524,48987,0.76939,1,2,1482044,1481520,524
108887981,37.2738,49.1477,501,49030,0.757756,1,2,1482084,1481583,501
108928861,25.1975,28.1533,482,49631,0.771413,0.73,2,1482465,1481983,482
108931781,34.079,24.4613,500,49673,0.818565,0.79,2,1482505,1482005,500
108934701,33.4316,33.1845,494,49715,0.825426,0.75,2,1482538,1482044,494
108937621,43.9726,37.2738,505,49757,0.81617,0.73,2,1482589,1482084,505
108940541,33.1891,45.5095,480,49799,0.788468,0.67,2,1482615,1482135,480
108943461,32.4756,33.2038,487,49841,0.813387,0.71,2,1482647,1482160,487
108946381,30.9902,34.2815,482,49883,0.823355,0.67,2,1482677,1482195,482
108949301,20.7961,29.3126,470,49925,0.827342,0.73,2,1482691,1482221,470
108952221,19.1184,20.725,473,49967,0.828937,0.67,2,1482709,1482236,473
108955141,11.2474,19.69,460,50009,0.829575,0.67,2,1482715,1482255,460
108958061,24.299,11.476,487,50051,0.81783,0.69,2,1482748,1482261,487
108960981,31.3196,22.5904,493,50093,0.861132,0.71,2,1482784,1482291,493
108963901,27.5278,30.0362,483,50135,0.890453,0.69,2,1482809,1482326,483
109188741,332.221,351.561,505,24820,0.7564,0.83,2,1485283,1484778,505
109238381,40.5482,47.7801,465,25160,0.772069,0.71,2,1485706,1485241,465
109241301,33.6193,35.3121,467,25244,0.770827,0.63,2,1485735,1485268,467
109244221,42.8477,39.3248,474,25328,0.782331,0.67,2,1485784,1485310,474
109247141,66.9391,45.1299,508,25412,0.762932,0.67,2,1485867,1485359,508
109250061,65.1756,67.252,490,25495,0.779173,0.67,2,1485931,1485441,490
109252981,87.2703,66.5008,526,25578,0.845669,0.73,2,1486033,1485507,526
109454461,323.524,360.941,465,13140,0.4012,0.25,1,1489667,1489202,465
109466141,61.0966,65.6161,442,13776,0.0700307,0.03,1,1490079,1489637,442
109467601,150.439,44.2464,622,13930,0.0460123,0.05,1,1490289,1489667,622
109470521,80.5755,156.299,425,14083,0.0484049,0.09,1,1490323,1489898,425
109473441,81.4302,112.919,423,14234,0.049362,0.13,1,1490405,1489982,423
109476361,70.3721,82.3678,424,14383,0.0257448,0.03,1,1490468,1490044,424
109479281,48.5488,53.9471,423,14531,0.0522979,0.03,1,1490502,1490079,423
109482201,165.82,147.579,457,14677,0.0389192,0.05,1,1490746,1490289,457
109485121,114.328,79.4315,503,14822,0.0335677,0.05,1,1490826,1490323,503
109488041,83.5311,80.9726,484,14965,0.0314271,0.01,1,1490889,1490405,484
109490961,54.4124,70.189,456,15107,0.0305708,0.07,1,1490924,1490468,456
109493881,22.965,48.4756,424,15248,0.0302283,0.03,1,1490926,1490502,424
109496801,154.986,165.79,423,15387,0.0300913,0.03,1,1491169,1490746,423
109499721,110.594,114.316,424,15525,0.0420365,0.03,1,1491250,1490826,424
109502641,81.4378,83.5264,423,15662,0.0348146,0.03,1,1491312,1490889,423
109505561,53.5751,54.4106,423,15798,0.0139258,0.03,1,1491347,1490924,423
109508481,22.63,22.9642,423,15932,0.0115703,0.03,1,1491349,1490926,423
109511401,154.852,154.986,423,16065,0.0466281,0.05,1,1491592,1491169,423
109514321,109.941,110.594,422,16197,0.0726513,0.03,1,1491672,1491250,422
109517241,81.1763,81.4377,422,16328,0.0590605,0,1,1491734,1491312,422
109520161,53.4705,53.5751,422,16458,0.0416242,0.01,1,1491769,1491347,422
109523081,22.5882,22.63,422,16587,0.0346497,0.01,1,1491771,1491349,422
109524541,129.635,9.05201,623,16715,0.0918599,0.07,1,1491972,1491349,623
109530381,80.2616,107.768,425,16968,0.0998976,0.05,1,1492097,1491672,425
109539141,20.4007,22.4492,422,17340,0.201033,0.13,1,1492193,1491771,422
109547901,83.4576,80.2527,489,17705,0.217586,0.19,1,1492586,1492097,489
109550821,53.7831,67.5011,464,17825,0.273034,0.21,1,1492620,1492156,464
109553741,22.7132,48.0004,431,17944,0.295214,0.21,1,1492622,1492191,431
109569801,21.2845,47.7788,438,18643,0.401059,0.31,1,1493058,1492620,438
109596081,66.9297,83.8976,451,19751,0.757836,0.61,2,1493846,1493395,451
109599001,65.1719,72.559,450,19858,0.777135,0.55,2,1493910,1493460,450
109601921,47.6687,51.2236,449,19965,0.820854,0.55,2,1493946,1493497,449
109604841,20.2675,21.6894,449,20071,0.838342,0.77,2,1493948,1493499,449
109689521,59.6663,99.006,513,23031,0.84088,1,2,1496152,1495639,513
109698281,42.9866,62.9764,505,23306,0.410216,1,1,1496299,1495794,505
109704121,114.638,35.2762,645,23488,0.201235,0.98,1,1496499,1495854,645
109707041,96.2551,117.91,556,23578,0.0984938,0.87,1,1496583,1496027,556
109709961,52.3021,104.164,484,23668,0.0813975,0.79,1,1496606,1496122,484
109712881,47.9208,59.6657,499,23758,0.050559,0.65,1,1496651,1496152,499
109715801,53.9683,52.6663,509,23847,0.0862236,0.35,1,1496709,1496200,509
109733321,51.3174,52.3021,427,24376,0.247279,0.03,1,1497033,1496606,427
109736241,45.727,47.9208,424,24463,0.260911,0.11,1,1497075,1496651,424
109739161,53.6908,53.9683,425,24550,0.278365,0.11,1,1497134,1496709,425
109742081,41.2763,40.1873,427,24636,0.297346,0.11,1,1497167,1496740,427
109745001,17.7105,17.2749,427,24722,0.280938,0.15,1,1497169,1496742,427
109747921,23.8842,23.71,427,24808,0.286375,0.15,1,1497197,1496770,427
109753761,93.1015,90.7936,432,24978,0.42862,0.29,1,1497440,1497008,432
109803401,56.6779,97.449,479,26384,0.762218,0.61,2,1498364,1497885,479
109806321,48.4712,55.7796,494,26464,0.790887,0.63,2,1498407,1497913,494
109809241,55.3885,47.5118,512,26544,0.814355,0.63,2,1498467,1497955,512
109812161,43.7554,54.4047,489,26624,0.823742,0.65,2,1498503,1498014,489
109815081,18.7022,43.3619,455,26704,0.827497,0.65,2,1498505,1498050,455
109818001,24.2809,18.5448,481,26783,0.840999,0.65,2,1498533,1498052,481
109820921,108.112,24.2179,617,26862,0.870399,0.67,2,1498697,1498080,617
109823841,44.4449,107.487,456,26941,0.88216,0.71,2,1498699,1498243,456
109908521,44.9999,72.7944,500,29134,0.8476,1,2,1500240,1499740,500
109911441,42,46.5178,511,29207,0.87304,1,2,1500280,1499769,511
109914361,51.6,40.8071,532,29279,0.763216,1,2,1500338,1499806,532
109972761,46.2559,45.2006,450,30692,0.794249,0.61,2,1501248,1500798,450
109975681,41.9023,41.4802,450,30761,0.7917,0.55,2,1501287,1500837,450
109978601,35.9609,36.3921,449,30830,0.81468,0.63,2,1501319,1500870,449
109981521,28.1844,28.3568,449,30899,0.859872,0.69,2,1501342,1500893,449
110147961,50.2341,52.0447,526,34583,0.895587,1,2,1504003,1503477,526
110150881,39.2936,51.4179,507,34644,0.856235,1,2,1504035,1503528,507
110153801,44.5175,42.1672,519,34705,0.768494,0.97,2,1504083,1503564,519
110156721,31.607,39.6669,504,34766,0.757398,0.98,2,1504106,1503602,504
110159641,28.2428,32.0667,503,34827,0.752959,1,2,1504132,1503629,503
110209281,46.7177,49.2338,451,35844,0.765109,0.65,2,1504822,1504371,451
110212201,48.6871,49.0935,452,35903,0.768044,0.59,2,1504872,1504420,452
110215121,48.8748,48.4374,453,35962,0.817217,0.63,2,1504921,1504468,453
110218041,36.3499,36.175,453,36021,0.860887,0.63,2,1504949,1504496,453
110220961,41.54,41.47,453,36080,0.842355,0.65,2,1504994,1504541,453
110223881,31.616,29.188,457,36139,0.846942,0.69,2,1505019,1504562,457
110226801,28.8464,28.4752,456,36197,0.896777,0.75,2,1505046,1504590,456
110229721,34.3386,33.5901,457,36255,0.892711,0.73,2,1505084,1504627,457
110384481,46.2827,55.2902,478,39223,0.864266,1,2,1507143,1506665,478
110387401,46.7131,41.3161,493,39277,0.843706,1,2,1507190,1506697,493
110390321,39.6852,35.7264,496,39331,0.835482,1,2,1507225,1506729,496
110393241,35.6741,38.8906,488,39385,0.796193,1,2,1507258,1506770,488
110396161,35.2696,37.1562,487,39439,0.768477,1,2,1507293,1506806,487
110407841,27.7925,32.2616,478,39652,0.770633,1,2,1507436,1506958,478
110410761,36.917,35.1046,484,39705,0.758253,1,2,1507479,1506995,484
110413681,26.7668,35.0419,469,39758,0.777301,0.88,2,1507499,1507030,469
110416601,29.9067,35.0167,466,39811,0.784921,0.91,2,1507531,1507065,466
110419521,24.5627,24.2067,470,39864,0.775968,0.83,2,1507552,1507082,470
110422441,41.6251,46.2827,462,39917,0.820387,0.83,2,1507605,1507143,462
110425361,47.25,46.7131,466,39970,0.838155,0.83,2,1507656,1507190,466
110428281,35.7,39.6852,459,40023,0.869262,0.77,2,1507684,1507225,459
110431201,34.08,35.6741,459,40076,0.845705,0.77,2,1507717,1507258,459
110434121,35.232,14.2696,495,40129,0.836282,0.75,2,1507753,1507258,495
110437041,40.4928,26.7079,504,40182,0.868513,0.65,2,1507797,1507293,504
110439961,38.3971,40.0831,492,40235,0.881405,0.65,2,1507834,1507342,492
110650201,175.38,175.691,503,19818,0.249616,0.75,1,1510400,1509897,503
110670641,79.0066,64.1329,505,20555,0.22436,0.13,1,1510905,1510400,505
110673561,76.0027,72.4532,501,20658,0.287744,0.15,1,1510979,1510478,501
110694001,77.5756,75.9298,438,21367,0.417406,0.33,1,1511417,1510979,438
110726121,20.8738,20.5043,449,22434,0.75035,0.59,2,1512046,1511597,449
110729041,67.1495,65.8017,451,22529,0.77414,0.59,2,1512144,1511693,451
110731961,81.4598,26.3207,542,22623,0.783656,0.67,2,1512235,1511693,542
110734881,81.1839,62.7283,536,22717,0.799462,0.73,2,1512316,1511780,536
110737801,74.4736,73.6913,525,22810,0.817785,0.71,2,1512386,1511861,525
110740721,81.9894,70.8765,543,22903,0.873114,0.71,2,1512473,1511930,543
110743641,49.5958,79.9506,485,22996,0.895246,0.73,2,1512501,1512016,485
110851681,63.2169,59.5922,539,26189,0.7799,1,2,1514760,1514221,539
110860441,41.7499,55.2459,504,26431,0.428874,1,1,1514918,1514414,504
110863361,53.9,41.8984,533,26511,0.273549,1,1,1514980,1514447,533
110869201,48.824,71.2637,505,26671,0.0737679,0.97,1,1515095,1514590,505
110872121,57.9296,50.1055,533,26750,0.0475072,0.87,1,1515159,1514626,533
110875041,55.5718,62.0422,517,26829,0.0490029,0.69,1,1515213,1514696,517
110877961,70.2287,63.2169,533,26908,0.0616011,0.51,1,1515293,1514760,533
110880881,29.2915,78.6868,446,26987,0.0666405,0.45,1,1515295,1514849,446
110883801,31.5166,51.8747,445,27065,0.0686562,0.37,1,1515328,1514883,445
110886721,31.2066,41.7499,441,27143,0.0814625,0.17,1,1515359,1514918,441
110901321,53.9519,55.5718,423,27531,0.0955574,0.07,1,1515636,1515213,423
110904241,71.3808,70.2287,426,27608,0.092223,0.07,1,1515719,1515293,426
110907161,29.7523,29.2915,426,27685,0.0908892,0.07,1,1515721,1515295,426
110927601,52.5726,53.9519,424,28215,0.201349,0.09,1,1516060,1515636,424
110930521,70.829,71.3808,424,28290,0.23054,0.09,1,1516143,1515719,424
110933441,29.5316,29.7523,424,28365,0.242216,0.09,1,1516145,1515721,424
110936361,31.0126,11.9009,456,28440,0.246886,0.11,1,1516177,1515721,456
110939281,32.8051,23.9604,458,28514,0.272755,0.13,1,1516211,1515753,458
110942201,47.322,28.1841,484,28588,0.283102,0.17,1,1516268,1515784,484
110965561,33.7473,31.0108,469,29175,0.408562,0.29,1,1516646,1516177,469
110968481,48.2989,32.8043,493,29248,0.433425,0.29,1,1516704,1516211,493
111012281,73.1169,73.1627,446,30314,0.778483,0.49,2,1517462,1517016,446
111015201,30.4468,30.4651,446,30384,0.821393,0.53,2,1517464,1517018,446
111018121,33.7787,32.586,448,30454,0.838557,0.53,2,1517500,1517052,448
111021041,35.1115,34.6344,448,30523,0.845423,0.53,2,1517536,1517088,448
111023961,15.2446,15.0538,448,30592,0.872169,0.55,2,1517538,1517090,448
111026881,42.0978,40.8215,450,30661,0.882868,0.65,2,1517598,1517148,450
111029801,64.8391,63.1286,452,30730,0.875147,0.65,2,1517678,1517226,452
111032721,49.3357,47.4514,454,30799,0.896059,0.75,2,1517717,1517263,454
111207921,38.8262,39.9469,506,34679,0.063265,1,1,1520440,1519934,506
111210841,34.1305,36.3788,503,34740,0.031306,1,1,1520471,1519968,503
111213761,47.8522,30.7515,533,34801,0.0545224,1,1,1520528,1519995,533
111216681,46.1409,45.3006,523,34862,0.075809,1,1,1520573,1520050,523
111219601,39.4564,44.5202,514,34923,0.0603236,1,1,1520608,1520094,514
111222521,39.7825,41.2081,515,34984,0.0301294,0.99,1,1520648,1520133,515
111225441,32.113,39.2832,504,35044,0.0300518,0.85,1,1520675,1520171,504
111228361,44.0452,40.3133,515,35104,0.0180207,0.57,1,1520727,1520212,515
111231281,38.0181,57.5253,480,35164,0.0372083,0.39,1,1520761,1520281,480
111234201,31.4072,49.4101,463,35224,0.0328833,0.19,1,1520788,1520325,463
111237121,37.1629,40.1641,470,35284,0.0311533,0.05,1,1520829,1520359,470
111240041,35.8652,43.0656,460,35344,0.0424613,0,1,1520864,1520404,460
111242961,31.1461,38.8262,452,35404,0.0349845,0.01,1,1520892,1520440,452
111245881,46.6584,34.1305,478,35464,0.0199938,0.07,1,1520949,1520471,478
111248801,46.8634,47.8522,468,35524,0.0499975,0.09,1,1520996,1520528,468
111251721,39.1453,46.1409,457,35584,0.049999,0.05,1,1521030,1520573,457
111254641,39.6581,39.4564,462,35643,0.0619996,0.01,1,1521070,1520608,462
111257561,17.0633,39.7825,424,35702,0.0427998,0.03,1,1521072,1520648,424
111260481,22.4253,32.113,423,35761,0.0711199,0.01,1,1521098,1520675,423
111263401,40.1701,44.0452,423,35820,0.070448,0.05,1,1521150,1520727,423
111266321,37.068,38.0181,424,35879,0.0461792,0.03,1,1521185,1520761,424
111269241,29.8272,31.4072,422,35938,0.0724717,0.03,1,1521210,1520788,422
111272161,38.3309,37.1629,425,35997,0.0469887,0.05,1,1521254,1520829,425
111275081,34.5324,35.8652,422,36056,0.0487955,0.03,1,1521286,1520864,422
111278001,31.2129,31.1461,423,36115,0.0195182,0.01,1,1521315,1520892,423
111280921,46.6852,46.6584,423,36174,0.0258073,0.07,1,1521372,1520949,423
111283841,48.0741,46.8634,425,36232,0.0283229,0.05,1,1521421,1520996,425
111286761,40.8296,39.1453,427,36290,0.0653292,0.07,1,1521457,1521030,427
111313041,30.0083,31.2129,422,36811,0.0425059,0.03,1,1521737,1521315,422
111315961,46.2033,46.6852,422,36868,0.0350024,0.03,1,1521794,1521372,422
111318881,48.4813,48.0741,423,36925,0.0560009,0.09,1,1521844,1521421,423
111321801,42.7925,40.8296,426,36982,0.0524004,0.13,1,1521883,1521457,426
111324721,38.717,37.9319,426,37039,0.0269602,0.13,1,1521919,1521493,426
111327641,16.6868,16.3727,426,37096,0.0407841,0.13,1,1521921,1521495,426
111330561,23.4747,23.3491,426,37153,0.0343136,0.13,1,1521949,1521523,426
111333481,39.3899,9.33964,476,37210,0.0557255,0.15,1,1521999,1521523,476
111336401,35.556,33.7359,459,37267,0.0762902,0.13,1,1522032,1521573,459
111339321,31.0224,33.8943,453,37324,0.0845161,0.13,1,1522060,1521607,453
111342241,39.409,30.3577,470,37381,0.0878064,0.13,1,1522105,1521635,470
111345161,31.3636,37.9431,453,37438,0.0891226,0.09,1,1522131,1521678,453
111351001,45.6982,29.9509,478,37550,0.0802596,0.03,1,1522215,1521737,478
111353921,48.8793,46.1804,472,37606,0.0621038,0.07,1,1522266,1521794,472
111356841,42.3517,48.4721,460,37662,0.0668415,0.05,1,1522304,1521844,460
111359761,39.1407,42.7889,458,37718,0.0567366,0.01,1,1522341,1521883,458
111362681,16.8563,38.7155,424,37774,0.0526946,0.05,1,1522343,1521919,424
111365601,23.5425,16.6862,450,37830,0.0510779,0.03,1,1522371,1521921,450
111368521,40.617,23.4745,474,37886,0.0384311,0.07,1,1522423,1521949,474
111371441,36.6468,39.3898,458,37942,0.0333725,0.09,1,1522457,1521999,458
111374361,32.0587,35.5559,454,37998,0.055349,0.09,1,1522486,1522032,454
111377281,39.2235,31.0224,470,38054,0.0881396,0.09,1,1522530,1522060,470
111380201,31.8894,39.4089,452,38110,0.0892558,0.09,1,1522557,1522105,452
111383121,27.7558,31.3636,451,38165,0.0897023,0.15,1,1522582,1522131,451
111388961,49.2009,45.6982,474,38275,0.0995524,0.05,1,1522689,1522215,474
111391881,43.0804,48.8793,462,38330,0.0818209,0.07,1,1522728,1522266,462
111394801,38.8321,42.3517,460,38385,0.0747284,0.05,1,1522764,1522304,460
111397721,16.7329,39.1407,425,38440,0.0718914,0.05,1,1522766,1522341,425
111400641,23.4931,16.8563,451,38495,0.0827565,0.05,1,1522794,1522343,451
111403561,39.9973,23.5425,474,38550,0.0871026,0.03,1,1522845,1522371,474
111424001,43.9585,43.5023,426,38932,0.215658,0.09,1,1523062,1522636,426
111426921,49.3834,49.2009,426,38986,0.236263,0.07,1,1523115,1522689,426
111429841,42.5534,43.0804,425,39040,0.268505,0.07,1,1523153,1522728,425
111456121,30.3697,30.2406,429,39526,0.411984,0.21,1,1523412,1522983,429
111459041,26.5479,25.8962,430,39579,0.422794,0.23,1,1523436,1523006,430
111461961,46.0191,43.9585,433,39632,0.427117,0.25,1,1523495,1523062,433
111517441,41.3202,23.6415,499,40632,0.77213,0.53,2,1524155,1523656,499
111520361,39.9281,40.6566,486,40684,0.770852,0.59,2,1524194,1523708,486
111523281,17.1712,39.0626,450,40736,0.770341,0.55,2,1524196,1523746,450
111526201,26.0685,16.8251,480,40788,0.770136,0.57,2,1524228,1523748,480
111529121,39.2274,26.53,495,40840,0.770054,0.57,2,1524276,1523781,495
111532041,31.891,37.612,477,40892,0.758022,0.59,2,1524303,1523826,477
111534961,27.1564,30.6448,475,40944,0.777209,0.61,2,1524327,1523852,475
111537881,47.4626,26.6579,512,40996,0.784883,0.59,2,1524388,1523876,512
111540801,55.585,47.2632,512,41047,0.787953,0.65,2,1524449,1523937,512
111543721,47.434,53.7053,496,41098,0.801181,0.71,2,1524491,1523995,496
111546641,42.3736,44.8821,496,41149,0.842473,0.75,2,1524530,1524034,496
111549561,18.1494,40.7528,460,41200,0.858989,0.75,2,1524532,1524072,460
111552481,24.0598,17.5011,486,41251,0.865596,0.75,2,1524560,1524074,486
111555401,42.6239,23.8005,513,41302,0.856238,0.79,2,1524615,1524102,513
111558321,39.8496,41.3202,498,41353,0.852495,0.77,2,1524653,1524155,498
111561241,17.1398,39.9281,461,41404,0.850998,0.77,2,1524655,1524194,461
111564161,26.0559,17.1712,491,41455,0.874399,0.77,2,1524687,1524196,491
111567081,38.0224,26.0685,505,41506,0.88376,0.77,2,1524733,1524228,505
111570001,16.4089,39.2274,459,41557,0.887504,0.75,2,1524735,1524276,459
111727681,30.6475,31.428,513,44216,0.895969,1,2,1526610,1526097,513
111733521,29.5036,28.5485,516,44312,0.895755,1,2,1526669,1526153,516
111736441,31.6014,23.4194,529,44360,0.844302,1,2,1526702,1526173,529
111739361,26.4406,19.5678,535,44408,0.835721,1,2,1526725,1526190,535
111742281,25.5762,24.6271,532,44456,0.796288,0.99,2,1526750,1526218,532
111745201,20.4305,39.8508,499,44503,0.792515,1,2,1526767,1526268,499
111748121,31.5722,46.5403,487,44550,0.803006,1,2,1526806,1526319,487
111751041,38.4289,49.2161,479,44597,0.807202,1,2,1526849,1526370,479
111753961,45.9716,49.0865,481,44644,0.820881,0.99,2,1526900,1526419,481
111756881,39.9886,40.6346,482,44691,0.766352,0.9,2,1526936,1526454,482
111759801,31.5954,37.8538,472,44738,0.792541,0.92,2,1526962,1526490,472
111762721,27.0382,30.7415,470,44785,0.779016,0.89,2,1526986,1526516,470
111765641,28.2153,30.2966,469,44832,0.761607,0.93,2,1527015,1526546,469
111768561,35.2861,33.1186,474,44879,0.790643,0.88,2,1527055,1526581,474
111771481,28.5144,30.6475,469,44926,0.826257,0.91,2,1527079,1526610,469
111774401,27.0058,30.259,465,44973,0.816503,0.89,2,1527105,1526640,465
111777321,26.4023,29.5036,462,45020,0.824601,0.81,2,1527131,1526669,462
111780241,30.3609,31.6014,462,45067,0.81584,0.83,2,1527164,1526702,462
111783161,24.7444,26.4406,460,45114,0.824336,0.77,2,1527185,1526725,460
111786081,24.2977,25.5762,459,45161,0.827734,0.79,2,1527209,1526750,459
111789001,21.1191,20.4305,461,45208,0.841094,0.81,2,1527228,1526767,461
111791921,32.4476,31.5722,462,45255,0.846438,0.81,2,1527268,1526806,462
111794841,38.7791,38.4289,462,45302,0.860575,0.83,2,1527311,1526849,462
111797761,46.1116,45.9716,462,45349,0.87823,0.73,2,1527362,1526900,462
111818201,28.2491,27.0058,464,45672,0.899341,0.83,2,1527569,1527105,464
112009461,30.2776,30.9688,511,48625,0.88648,1,2,1529632,1529121,511
112060561,306.111,339.988,455,21900,0.408592,0.55,1,1530122,1529667,455
112069321,83.5751,85.3592,459,22910,0.0518299,0.03,1,1530331,1529872,459
112072241,68.23,82.7437,436,23003,0.0267319,0,1,1530389,1529953,436
112075161,64.492,55.2975,461,23095,0.0526928,0.13,1,1530451,1529990,461
112078081,64.1968,70.119,445,23187,0.0510771,0.13,1,1530515,1530070,445
112081001,38.8787,41.2476,445,23278,0.0864308,0.09,1,1530537,1530092,445
112089761,65.9922,63.4798,490,23550,0.0868916,0.01,1,1530753,1530263,490
112092681,61.7969,66.1919,481,23640,0.0407566,0.01,1,1530812,1530331,481
112095601,62.5188,61.2768,486,23730,0.0343027,0.07,1,1530875,1530389,486
112098521,64.6075,61.7107,490,23819,0.0197211,0.05,1,1530941,1530451,490
112101441,39.043,63.0843,448,23908,0.0618884,0.11,1,1530963,1530515,448
112104361,16.8172,38.4337,428,23997,0.0787554,0.11,1,1530965,1530537,428
112113121,60.0443,65.9638,422,24261,0.22368,0.01,1,1531175,1530753,422
112116041,59.4177,61.7855,422,24348,0.227472,0.03,1,1531234,1530812,422
112121881,65.6668,64.6057,425,24522,0.0951955,0.09,1,1531366,1530941,425
112124801,40.0667,39.0423,426,24608,0.0920782,0.09,1,1531389,1530963,426
112127721,17.2267,16.8169,426,24694,0.0668313,0.19,1,1531391,1530965,426
112136481,62.2785,60.0443,434,24951,0.261797,0.23,1,1531609,1531175,434
112186121,59.7818,66.4432,493,26358,0.442354,0.33,1,1532539,1532046,493
112215321,53.0831,57.5127,448,27150,0.770494,0.53,2,1533043,1532595,448
112218241,63.2332,65.0051,448,27228,0.794197,0.55,2,1533113,1532665,448
112221161,39.6933,39.802,449,27306,0.803679,0.55,2,1533137,1532688,449
112224081,17.0773,17.1208,449,27384,0.807472,0.61,2,1533139,1532690,449
112227001,63.8309,62.0483,452,27461,0.856989,0.67,2,1533234,1532782,452
112229921,74.1324,71.6193,455,27538,0.888795,0.71,2,1533315,1532860,455
112361321,36.2468,35.5726,506,30806,0.852496,1,2,1535577,1535071,506
112378841,51.164,54.6395,481,31216,0.0522118,0.94,1,1535896,1535415,481
112381761,37.8656,42.8558,475,31284,0.0868847,0.94,1,1535925,1535450,475
112384681,45.7462,17.1423,526,31352,0.0527539,1,1,1535976,1535450,526
112387601,38.0985,42.2569,500,31419,0.0391016,0.87,1,1536009,1535509,500
112390521,29.6394,38.5028,488,31486,0.0156406,0.81,1,1536033,1535545,488
112393441,47.2558,34.6011,515,31553,0.00625625,0.55,1,1536092,1535577,515
112396361,37.5023,54.6404,478,31620,0.0565025,0.43,1,1536123,1535645,478
112399281,63.6009,43.4562,523,31687,0.064601,0.19,1,1536204,1535681,523
112402201,42.2404,72.5825,459,31754,0.0918404,0.09,1,1536232,1535773,459
112408041,50.0785,37.8932,485,31887,0.0470945,0.01,1,1536321,1535836,485
112410961,36.2314,51.1573,452,31953,0.0608378,0.11,1,1536348,1535896,452
112413881,44.4926,37.8629,473,32019,0.0303351,0.03,1,1536398,1535925,473
112416801,37.597,45.7452,455,32085,0.042134,0.03,1,1536431,1535976,455
112419721,30.0388,38.0981,447,32151,0.0468536,0,1,1536456,1536009,447
112422641,47.4155,29.6392,482,32217,0.0487414,0,1,1536515,1536033,482
112425561,37.5662,47.2557,454,32283,0.0734966,0.09,1,1536546,1536092,454
112428481,62.4265,37.5023,502,32349,0.0833986,0.07,1,1536625,1536123,502
112431401,44.7706,63.6009,454,32414,0.0753595,0.11,1,1536658,1536204,454
112434321,34.7082,42.2404,454,32479,0.0841438,0.11,1,1536686,1536232,454
112437241,48.6833,33.6961,484,32544,0.0756575,0.01,1,1536744,1536260,484
112440161,35.0733,50.0785,449,32609,0.072263,0.07,1,1536770,1536321,449
112443081,44.0293,36.2314,472,32674,0.0469052,0.01,1,1536820,1536348,472
112446001,38.0117,44.4926,456,32739,0.0487621,0.05,1,1536854,1536398,456
112448921,16.4047,37.597,425,32804,0.0615048,0.05,1,1536856,1536431,425
112451841,21.5619,30.0388,425,32868,0.0786019,0.05,1,1536881,1536456,425
112463521,44.4672,44.7706,425,33124,0.21518,0.09,1,1537083,1536658,425
112466441,35.1869,34.7082,426,33188,0.212072,0.07,1,1537112,1536686,426
112469361,48.2747,48.6833,425,33252,0.210829,0.07,1,1537169,1536744,425
112472281,34.9099,35.0733,425,33316,0.222332,0.03,1,1537195,1536770,425
112475201,42.164,44.0293,422,33379,0.262933,0.05,1,1537242,1536820,422
112486881,44.9322,43.4248,428,33631,0.221531,0.19,1,1537367,1536939,428
112489801,38.3729,37.1699,429,33694,0.250612,0.21,1,1537401,1536972,429
112492721,63.9492,61.668,432,33757,0.298245,0.23,1,1537482,1537050,432
112504401,35.2659,34.9099,433,34007,0.406275,0.29,1,1537628,1537195,433
112507321,42.9064,42.164,434,34069,0.42051,0.15,1,1537676,1537242,434
112510241,36.3625,39.0656,429,34131,0.426204,0.19,1,1537708,1537279,429
112519001,46.7992,8.9322,493,34317,0.426397,0.25,1,1537800,1537307,493
112521921,39.7197,39.5729,468,34379,0.416559,0.27,1,1537835,1537367,468
112530681,37.1261,44.4367,469,34563,0.40178,0.35,1,1537983,1537514,469
112539441,43.6801,35.2439,489,34746,0.400834,0.43,1,1538117,1537628,489
112542361,37.272,42.8976,474,34807,0.430334,0.43,1,1538150,1537676,474
112545281,16.1088,36.359,444,34868,0.442133,0.47,1,1538152,1537708,444
112548201,22.0435,15.7436,468,34929,0.446853,0.45,1,1538178,1537710,468
112589081,29.6882,39.647,448,35766,0.767262,0.55,2,1538724,1538276,448
112592001,61.6753,65.0588,449,35825,0.804905,0.57,2,1538807,1538358,449
112594921,46.2701,46.4235,451,35884,0.819962,0.59,2,1538843,1538392,451
112597841,37.108,36.5694,452,35943,0.837985,0.63,2,1538874,1538422,452
112600761,50.2432,50.6278,451,36002,0.833194,0.63,2,1538933,1538482,451
112603681,36.8973,35.8511,453,36061,0.855278,0.63,2,1538961,1538508,453
112606601,44.7589,44.3404,453,36120,0.864111,0.67,2,1539011,1538558,453
112609521,40.7036,38.7362,456,36179,0.867644,0.67,2,1539049,1538593,456
112612441,17.4814,16.6945,456,36237,0.869058,0.67,2,1539051,1538595,456
112615361,22.5926,22.8778,455,36295,0.869623,0.71,2,1539077,1538622,455
112618281,48.637,47.5511,457,36353,0.893849,0.71,2,1539143,1538686,457
112802241,44.8923,40.4618,498,39848,0.834448,1,2,1541609,1541111,498
112816841,33.3109,14.0386,528,40113,0.439306,1,1,1541794,1541266,528
112828521,38.72,33.8538,517,40323,0.445022,1,1,1541912,1541395,517
112831441,40.688,41.1415,513,40375,0.424009,0.97,1,1541954,1541441,513
112840201,41.772,37.2171,506,40531,0.428657,0.77,1,1542065,1541559,506
112843121,31.1088,44.8868,480,40583,0.405463,0.61,1,1542089,1541609,480
112904441,25.6406,26.8354,449,41662,0.752907,0.51,2,1542756,1542307,449
112907361,35.4563,35.9342,449,41713,0.751163,0.61,2,1542798,1542349,449
112910281,41.7825,41.3737,450,41764,0.798465,0.57,2,1542844,1542394,450
112913201,33.513,33.3495,450,41815,0.805386,0.61,2,1542872,1542422,450
112916121,36.8052,35.5398,452,41865,0.808154,0.57,2,1542911,1542459,452
112919041,42.3221,43.0159,450,41915,0.821262,0.59,2,1542957,1542507,450
112921961,30.7288,30.4064,451,41965,0.862505,0.59,2,1542980,1542529,451
112924881,37.4915,37.3625,451,42015,0.879002,0.65,2,1543022,1542571,451
112927801,46.1966,44.345,454,42065,0.873601,0.65,2,1543074,1542620,454
113129281,37.5351,44.635,489,45398,0.818884,1,2,1545340,1544851,489
113143881,42.2864,37.8174,501,45628,0.403205,1,1,1545542,1545041,501
113161401,24.2201,28.0901,470,45904,0.225468,0.99,1,1545671,1545201,470
113164321,27.088,32.2361,464,45950,0.204187,0.99,1,1545700,1545236,464
113173081,32.7176,30.7431,497,46088,0.089148,0.75,1,1545797,1545300,497
113176001,31.6871,36.2972,488,46134,0.0536592,0.67,1,1545828,1545340,488
113178921,33.0748,34.3189,489,46180,0.0634637,0.57,1,1545862,1545373,489
113181841,33.6299,39.5276,480,46226,0.0673855,0.49,1,1545896,1545416,480
113184761,38.052,39.211,482,46272,0.0329542,0.39,1,1545937,1545455,482
113187681,41.6208,42.6844,481,46318,0.0551817,0.37,1,1545981,1545500,481
113190601,34.0483,42.2738,468,46364,0.0880727,0.33,1,1546010,1545542,468
113205201,21.9266,15.55,460,46589,0.205199,0.17,1,1546101,1545641,460
113213961,30.7313,28.2352,460,46724,0.214973,0.09,1,1546189,1545729,460
113216881,32.0925,32.2941,458,46769,0.235989,0.07,1,1546222,1545764,458
113219801,29.637,32.7176,453,46814,0.244396,0.03,1,1546250,1545797,453
113222721,34.0548,31.6871,459,46859,0.211758,0.07,1,1546287,1545828,459
113228561,37.7288,33.6299,464,46949,0.205481,0.01,1,1546360,1545896,464
113231481,41.4915,38.052,467,46994,0.220193,0.07,1,1546404,1545937,467
113234401,36.3966,41.6208,456,47039,0.238077,0.11,1,1546437,1545981,456
113237321,28.3586,34.0483,450,47084,0.245231,0.11,1,1546460,1546010,450
113240241,19.7435,26.8193,442,47129,0.248092,0.17,1,1546474,1546032,442
113243161,17.4974,19.7277,443,47174,0.249237,0.13,1,1546490,1546047,443
113246081,14.199,16.2911,441,47219,0.249695,0.19,1,1546502,1546061,441
113249001,23.0796,14.3164,457,47264,0.273878,0.23,1,1546531,1546074,457
113251921,26.0318,21.9266,458,47309,0.295551,0.19,1,1546559,1546101,458
113275281,38.7251,37.7288,435,47663,0.405142,0.23,1,1546795,1546360,435
113278201,41.89,41.4915,435,47707,0.420057,0.25,1,1546839,1546404,435
113281121,35.956,36.3966,434,47751,0.426023,0.25,1,1546871,1546437,434
113371641,43.2718,40.5077,498,49100,0.753859,0.71,2,1547736,1547238,498
113374561,36.5087,42.6031,486,49143,0.763543,0.69,2,1547768,1547282,486
113377481,30.2035,36.8412,479,49186,0.779417,0.67,2,1547794,1547315,479
113380401,20.4814,29.1365,469,49229,0.773767,0.69,2,1547808,1547339,469
113383321,18.9926,20.0546,473,49272,0.771507,0.69,2,1547826,1547353,473
113386241,14.797,18.8218,467,49315,0.770603,0.69,2,1547838,1547371,467
113389161,25.7188,14.7287,488,49358,0.782241,0.69,2,1547871,1547383,488
113392081,27.0875,25.0915,484,49401,0.810896,0.69,2,1547899,1547415,484
113395001,25.235,27.4366,479,49444,0.834359,0.69,2,1547923,1547444,479
113397921,11.294,25.3746,457,49487,0.843743,0.73,2,1547925,1547468,457
113400841,28.5176,11.3499,495,49530,0.859497,0.73,2,1547965,1547470,495
113403761,33.607,28.5399,492,49573,0.877799,0.73,2,1548002,1547510,492
113647581,319.397,354.696,470,23360,0.429115,0.73,1,1550399,1549929,470
113656341,70.7454,81.5006,467,24353,0.0584234,0.15,1,1550590,1550123,467
113659261,63.0982,72.8002,458,24440,0.0413693,0.01,1,1550648,1550190,458
113662181,46.8393,60.9201,441,24527,0.0345477,0.01,1,1550684,1550243,441
113665101,78.1357,53.768,491,24613,0.0318191,0.05,1,1550783,1550292,491
113668021,36.0543,62.3072,431,24699,0.0307276,0.01,1,1550791,1550360,431
113670941,33.6217,37.5229,442,24785,0.0662911,0.01,1,1550823,1550381,442
113673861,63.2487,76.2092,423,24871,0.0925164,0.05,1,1550906,1550483,423
113679701,53.1998,54.4335,425,25041,0.0952026,0.03,1,1551015,1550590,425
113682621,56.0799,56.5734,425,25126,0.0680811,0.03,1,1551073,1550648,425
113685541,42.832,44.2294,423,25210,0.0272324,0.03,1,1551107,1550684,423
113688461,77.1328,77.0917,424,25294,0.028893,0.03,1,1551207,1550783,424
113691381,35.6531,35.6367,424,25378,0.0295572,0.09,1,1551215,1550791,424
113694301,35.2612,33.4547,427,25461,0.0418229,0.09,1,1551250,1550823,427
113697221,62.1045,13.3819,507,25544,0.0587292,0.11,1,1551330,1550823,507
113700141,62.0418,55.1528,486,25627,0.0654917,0.11,1,1551392,1550906,486
113703061,53.6167,59.2611,472,25710,0.0681967,0.09,1,1551440,1550968,472
113705981,55.0467,51.9044,481,25792,0.0692787,0.05,1,1551496,1551015,481
113708901,41.2187,55.5618,455,25874,0.0337115,0,1,1551528,1551073,455
113711821,76.4875,42.6247,521,25956,0.0314846,0.03,1,1551628,1551107,521
113714741,35.395,77.0499,429,26038,0.0545938,0.03,1,1551636,1551207,429
113717661,36.958,35.62,459,26119,0.0278375,0.05,1,1551674,1551215,459
113720581,62.7832,35.248,504,26200,0.089135,0.07,1,1551754,1551250,504
113726421,53.7253,62.0397,472,26362,0.238662,0.07,1,1551864,1551392,472
113729341,55.0901,53.6159,480,26442,0.269465,0.07,1,1551920,1551440,480
113732261,39.4361,55.0463,453,26522,0.293786,0.01,1,1551949,1551496,453
113738101,35.3498,76.4874,430,26682,0.0818057,0.07,1,1552058,1551628,430
113741021,36.3399,35.395,459,26761,0.0507223,0.01,1,1552095,1551636,459
113743941,66.136,36.958,507,26840,0.0742889,0.13,1,1552181,1551674,507
113746861,27.6544,62.7832,429,26919,0.0837156,0.21,1,1552183,1551754,429
113767301,35.1202,36.3399,423,27465,0.225162,0.09,1,1552518,1552095,423
113770221,68.0481,66.136,427,27542,0.240065,0.09,1,1552608,1552181,427
113773141,28.4192,27.6544,427,27619,0.246026,0.17,1,1552610,1552183,427
113776061,52.7677,50.6618,430,27696,0.26041,0.19,1,1552679,1552249,430
113784821,38.4171,38.3784,429,27924,0.411946,0.19,1,1552813,1552384,429
113787741,69.9669,68.7513,431,28000,0.446779,0.19,1,1552904,1552473,431
113790661,33.3867,32.3005,432,28076,0.448711,0.25,1,1552913,1552481,432
113846141,37.2871,33.2015,484,29475,0.761745,0.49,2,1553838,1553354,484
113849061,71.3148,36.0806,540,29547,0.778698,0.53,2,1553932,1553392,540
113851981,29.7259,70.2322,449,29619,0.785479,0.53,2,1553934,1553485,449
113854901,56.8904,29.2929,522,29690,0.824192,0.57,2,1554009,1553487,522
113857821,53.9561,54.9172,502,29761,0.839677,0.61,2,1554061,1553559,502
113860741,58.7825,52.5669,513,29832,0.857871,0.63,2,1554123,1553610,513
113863661,24.713,57.0267,455,29903,0.865148,0.71,2,1554125,1553670,455
113866581,28.4852,39.6107,458,29974,0.880059,0.75,2,1554156,1553698,458
114000901,37.9785,39.0165,486,33064,0.848333,0.99,2,1556317,1555831,486
114018421,39.8139,44.9905,476,33446,0.403801,0.9,1,1556598,1556122,476
114021341,38.1256,39.5962,477,33509,0.41952,1,1,1556635,1556158,477
114024261,30.8502,35.0385,471,33572,0.413808,1,1,1556661,1556190,471
114027181,26.7401,26.6154,474,33635,0.447523,0.85,1,1556685,1556211,474
114094341,53.4618,28.9428,517,35053,0.780718,0.57,2,1557646,1557129,517
114097261,34.5847,52.3771,471,35113,0.810287,0.59,2,1557668,1557197,471
114100181,50.4339,34.7508,509,35173,0.846115,0.57,2,1557729,1557220,509
114103101,40.5736,49.9003,483,35233,0.884446,0.57,2,1557763,1557280,483
114106021,59.4294,40.3601,521,35293,0.899778,0.63,2,1557835,1557314,521
114287061,43.3827,47.6292,491,38832,0.878554,1,2,1560265,1559774,491
114289981,37.7531,38.2517,493,38886,0.879422,1,2,1560299,1559806,493
114292901,42.7012,39.3007,499,38940,0.825769,1,2,1560345,1559846,499
114295821,39.2805,39.1203,497,38994,0.816307,1,2,1560382,1559885,497
114298741,37.9122,35.4481,501,39048,0.788523,1,2,1560419,1559918,501
114316261,30.7745,37.3552,487,39372,0.41587,1,1,1560616,1560129,487
114319181,27.3098,34.1421,480,39426,0.424348,0.92,1,1560641,1560161,480
114325021,38.5696,43.3827,469,39533,0.241896,0.88,1,1560734,1560265,469
114330861,37.1311,42.7012,461,39639,0.0999033,0.81,1,1560806,1560345,461
114333781,37.0525,39.2805,461,39692,0.0579613,0.77,1,1560843,1560382,461
114336701,34.621,37.9122,457,39745,0.0291845,0.71,1,1560876,1560419,457
114339621,33.0484,36.1649,454,39798,0.0116738,0.59,1,1560908,1560454,454
114342541,33.0194,36.066,451,39851,0.0466695,0.59,1,1560941,1560490,451
114345461,25.8077,28.2264,449,39904,0.0486678,0.51,1,1560962,1560513,449
114348381,32.5231,37.0906,443,39957,0.0614671,0.39,1,1560999,1560556,443
114371741,35.6381,36.9421,458,40378,0.200921,0.03,1,1561264,1560806,458
114374661,34.0552,36.9768,454,40430,0.218369,0.01,1,1561297,1560843,454
114377581,32.8221,34.5907,453,40482,0.201347,0,1,1561329,1560876,453
114395101,28.1497,26.2036,455,40794,0.201494,0.11,1,1561507,1561052,455
114398021,43.6599,27.2814,481,40846,0.218597,0.13,1,1561561,1561080,481
114400941,33.064,42.1126,455,40898,0.249439,0.13,1,1561587,1561132,455
114403861,33.0256,34.845,458,40950,0.285776,0.17,1,1561620,1561162,458
114412621,35.0416,35.6381,465,41104,0.40349,0.23,1,1561729,1561264,465
114415541,32.0167,34.0552,462,41155,0.431396,0.19,1,1561759,1561297,462
114418461,32.6067,32.8221,463,41206,0.430558,0.15,1,1561792,1561329,463
114479781,19.8511,19.2926,452,42268,0.758165,0.65,2,1562447,1561995,452
114491461,37.4202,38.4907,453,42468,0.751841,0.69,2,1562590,1562137,453
114494381,36.5681,36.3963,454,42518,0.774736,0.65,2,1562626,1562172,454
114497301,33.8272,33.1585,455,42568,0.783895,0.69,2,1562658,1562203,455
114500221,34.5309,33.6634,456,42618,0.775558,0.69,2,1562693,1562237,456
114503141,26.4124,25.4654,457,42668,0.760223,0.75,2,1562714,1562257,457
114506061,36.9649,36.5861,457,42717,0.766089,0.73,2,1562758,1562301,457
114508981,33.986,34.4345,456,42766,0.792436,0.69,2,1562790,1562334,456
114511901,27.9944,28.1738,456,42815,0.802974,0.69,2,1562814,1562358,456
114514821,27.9978,28.0695,456,42864,0.81919,0.77,2,1562842,1562386,456
114517741,47.7991,46.6278,458,42913,0.837676,0.77,2,1562903,1562445,458
114520661,20.3196,19.8511,458,42962,0.84507,0.73,2,1562905,1562447,458
114523581,24.9279,25.9404,456,43011,0.848028,0.73,2,1562933,1562477,456
114526501,30.9711,10.3762,491,43060,0.813211,0.75,2,1562968,1562477,491
114529421,36.9885,25.1505,497,43109,0.823285,0.71,2,1563009,1562512,497
114532341,37.5954,34.0602,495,43158,0.839314,0.77,2,1563047,1562552,495
114535261,37.8382,36.4241,495,43207,0.845726,0.79,2,1563085,1562590,495
114538181,33.7353,36.1696,490,43256,0.86029,0.79,2,1563116,1562626,490
114541101,33.8941,33.6679,492,43305,0.866116,0.77,2,1563150,1562658,492
114681261,35.8137,35.1599,495,45584,0.843575,1,2,1564729,1564234,495
114684181,31.7255,29.664,498,45630,0.78743,1,2,1564758,1564260,498
114687101,43.2902,46.0656,492,45676,0.860972,1,2,1564809,1564317,492
114690021,35.3161,35.2262,494,45722,0.866389,1,2,1564839,1564345,494
114692941,30.9264,26.0905,502,45768,0.832556,1,2,1564867,1564365,502
114695861,25.5706,25.4362,499,45814,0.771022,1,2,1564889,1564390,499
114765941,37.3344,34.5953,491,46906,0.758906,0.59,2,1565612,1565121,491
114768861,34.1338,38.4381,482,46951,0.801562,0.63,2,1565644,1565162,482
114771781,29.8535,33.9753,478,46996,0.806625,0.59,2,1565671,1565193,478
114774701,40.1414,30.3901,497,47041,0.83265,0.53,2,1565718,1565221,497
114777621,34.0566,40.956,479,47086,0.85506,0.59,2,1565748,1565269,479
114780541,31.0226,34.3824,478,47131,0.888024,0.59,2,1565777,1565299,478
115052101,124.977,108.137,531,23541,0.893196,1,2,1568630,1568099,531
115055021,86.5909,97.2547,502,23631,0.771278,1,2,1568691,1568189,502
115104661,71.5039,70.7939,450,25112,0.817801,0.61,2,1569676,1569226,450
115107581,71.2016,70.3176,451,25196,0.87312,0.61,2,1569747,1569296,451
115364541,67.3928,66.0649,534,31747,0.862,1,2,1574344,1573810,534
115373301,44.9211,46.9002,532,31947,0.411088,1,1,1574479,1573947,532
115376221,43.1685,57.1601,510,32013,0.242435,1,1,1574521,1574011,510
115382061,35.827,39.2656,514,32145,0.0555896,1,1,1574598,1574084,514
115384981,35.3308,43.9062,502,32211,0.0522359,1,1,1574633,1574131,502
115387901,45.3323,39.7625,517,32277,0.0748943,1,1,1574685,1574168,517
115390821,49.9329,38.705,532,32343,0.0359577,1,1,1574738,1574206,532
115393741,57.1732,51.482,534,32408,0.0803831,0.77,1,1574800,1574266,534
115396661,40.8693,67.3928,486,32473,0.0621532,0.57,1,1574830,1574344,486
115399581,49.9477,49.7571,504,32538,0.0668613,0.43,1,1574886,1574382,504
115402501,35.5791,55.3028,471,32603,0.0447445,0.33,1,1574912,1574441,471
115405421,36.4316,44.9211,470,32668,0.0838978,0.13,1,1574949,1574479,470
115408341,39.7727,43.1685,470,32733,0.0875591,0.07,1,1574991,1574521,470
115411261,17.1091,46.0674,424,32798,0.0890236,0,1,1574993,1574569,424
115414181,23.0436,35.827,422,32862,0.0656095,0.05,1,1575020,1574598,422
115417101,30.2174,35.3308,422,32926,0.0442438,0.09,1,1575055,1574633,422
115420021,43.287,45.3323,422,32990,0.0236975,0.01,1,1575107,1574685,422
115422941,51.5148,49.9329,426,33054,0.051479,0.11,1,1575164,1574738,426
115425861,57.8059,57.1732,426,33118,0.0625916,0.05,1,1575226,1574800,426
115428781,40.5224,40.8693,425,33182,0.0790366,0.07,1,1575255,1574830,425
115431701,48.6089,49.9477,423,33246,0.0376147,0.03,1,1575309,1574886,423
115434621,36.2436,35.5791,425,33310,0.0210459,0.11,1,1575337,1574912,425
115437541,36.6974,36.4316,425,33373,0.0624183,0.09,1,1575374,1574949,425
115440461,39.879,39.7727,425,33436,0.0789673,0.09,1,1575416,1574991,425
115443381,17.1516,17.1091,425,33499,0.0855869,0.05,1,1575418,1574993,425
115449221,29.5043,30.2174,422,33625,0.0628939,0.01,1,1575477,1575055,422
115452141,43.6017,43.287,423,33688,0.0311576,0.07,1,1575530,1575107,423
115455061,53.4407,51.5148,426,33751,0.018463,0.07,1,1575590,1575164,426
115457981,57.9763,57.8059,425,33814,0.0613852,0.09,1,1575651,1575226,425
115460901,39.9905,40.5224,424,33877,0.0785541,0.01,1,1575679,1575255,424
115463821,47.1962,48.6089,422,33939,0.0974216,0.01,1,1575731,1575309,422
115472581,41.1806,39.879,426,34125,0.217675,0.09,1,1575842,1575416,426
115475501,17.6722,17.1516,426,34187,0.22507,0.13,1,1575844,1575418,426
115478421,21.4689,21.2606,426,34249,0.228028,0.13,1,1575868,1575442,426
115481341,26.5876,8.50425,456,34311,0.253211,0.03,1,1575898,1575442,456
115495941,49.2351,39.8599,480,34618,0.238609,0.11,1,1576159,1575679,480
115498861,38.8941,47.144,460,34679,0.281444,0.19,1,1576191,1575731,460
115533901,41.1705,38.8941,478,35404,0.417021,0.33,1,1576669,1576191,478
115536821,42.8682,38.9576,483,35464,0.412808,0.37,1,1576713,1576230,483
115539741,18.3473,41.983,441,35524,0.411123,0.37,1,1576715,1576274,441
115542661,21.7389,17.9932,463,35584,0.410449,0.35,1,1576739,1576276,463
115545581,27.2956,22.1973,469,35643,0.41018,0.37,1,1576770,1576301,469
115548501,12.1182,26.8789,441,35702,0.410072,0.39,1,1576772,1576331,441
115551421,33.6473,39.5516,441,35761,0.446029,0.37,1,1576820,1576379,441
115554341,50.6589,53.6206,440,35820,0.448412,0.41,1,1576882,1576442,440
115557261,59.8636,59.8483,442,35879,0.437365,0.39,1,1576948,1576506,442
115606901,43.3701,43.0527,445,36868,0.7726,0.51,2,1577600,1577155,445
115609821,18.548,18.4211,445,36925,0.77104,0.53,2,1577602,1577157,445
115612741,23.0192,21.7684,447,36982,0.794416,0.53,2,1577628,1577181,447
115615661,27.2077,27.3074,446,37039,0.827766,0.53,2,1577658,1577212,446
115618581,12.0831,12.1229,446,37096,0.817107,0.53,2,1577660,1577214,446
115621501,36.0332,34.8492,448,37153,0.848843,0.53,2,1577712,1577264,448
115624421,52.2133,13.9397,511,37210,0.861537,0.61,2,1577775,1577264,511
115805461,338.863,344.071,509,17520,0.886,1,2,1580171,1579662,509
115808381,206.345,206.628,512,18366,0.8764,1,2,1580289,1579777,512
115811301,132.938,135.451,508,18482,0.87256,0.86,2,1580373,1579865,508
115814221,109.575,97.3805,530,18597,0.847024,0.91,2,1580467,1579937,530
115817141,82.2301,98.3522,495,18711,0.81281,0.83,2,1580531,1580036,495
115820061,72.492,85.5409,484,18824,0.787124,0.83,2,1580597,1580113,484
115822981,52.9968,58.2164,484,18937,0.77685,0.87,2,1580637,1580153,484
115825901,90.7987,104.887,464,19049,0.79674,0.87,2,1580753,1580289,464
115828821,86.1195,92.3546,463,19160,0.780696,0.83,2,1580836,1580373,463
115831741,90.8478,93.3418,463,19271,0.786278,0.79,2,1580930,1580467,463
115834661,72.3391,75.7367,459,19381,0.800511,0.77,2,1580990,1580531,459
115837581,69.1356,69.8947,460,19490,0.806205,0.77,2,1581057,1580597,460
115840501,51.6543,51.9579,460,19599,0.844482,0.77,2,1581097,1580637,460
115843421,89.6617,20.7831,575,19707,0.823793,0.81,2,1581212,1580637,575
115846341,85.6647,77.9133,542,19815,0.839517,0.77,2,1581295,1580753,542
115849261,90.0659,80.9653,552,19922,0.869807,0.79,2,1581388,1580836,552
115913501,80.869,71.0173,501,22145,0.75016,1,2,1582969,1582468,501
115922261,50.1516,51.3211,483,22431,0.42697,1,1,1583133,1582650,483
115971901,60.8638,68.9691,501,23987,0.756293,0.55,2,1584226,1583725,501
115974821,25.5455,59.3876,450,24075,0.776517,0.63,2,1584228,1583778,450
115977741,61.8182,73.555,453,24163,0.796607,0.69,2,1584314,1583861,453
115980661,47.5273,50.422,456,24251,0.840643,0.67,2,1584352,1583896,456
115983581,71.2109,72.3688,456,24338,0.870257,0.71,2,1584439,1583983,456
115986501,45.8844,45.7475,457,24425,0.870103,0.73,2,1584468,1584011,457
115989421,74.1537,72.899,459,24512,0.894041,0.75,2,1584561,1584102,459
116097461,49.3561,52.2491,483,27528,0.806992,1,2,1586674,1586191,483
116100381,42.5424,41.2996,487,27605,0.760797,1,2,1586712,1586225,487
116152941,42.5123,41.5092,490,28954,0.760418,0.63,2,1587619,1587129,490
116155861,37.4049,39.4037,486,29027,0.778167,0.69,2,1587653,1587167,486
116158781,53.962,35.5615,518,29100,0.809267,0.63,2,1587718,1587200,518
116161701,44.3848,54.4246,489,29173,0.833707,0.65,2,1587756,1587267,489
116164621,65.1539,43.3698,532,29246,0.879483,0.69,2,1587835,1587303,532
116167541,69.8616,64.7479,526,29318,0.897793,0.63,2,1587908,1587382,526
116170461,63.3446,69.6992,512,29390,0.893117,0.69,2,1587967,1587455,512
116310621,44.0449,35.1517,535,32667,0.77512,1,2,1590210,1589675,535
116328141,43.535,45.196,484,33053,0.405202,1,1,1590467,1589983,484
116342741,40.6074,44.0449,458,33372,0.285669,0.67,1,1590668,1590210,458
116345661,48.043,47.618,461,33435,0.288268,0.59,1,1590721,1590260,461
116348581,34.8172,37.6472,456,33498,0.253307,0.67,1,1590747,1590291,456
116351501,49.3269,52.8589,452,33561,0.227323,0.57,1,1590806,1590354,452
116354421,37.7307,40.3435,450,33624,0.264929,0.51,1,1590836,1590386,450
116357341,31.2923,35.3374,445,33687,0.267972,0.31,1,1590863,1590418,445
116360261,38.9169,43.535,440,33750,0.245189,0.35,1,1590907,1590467,440
116363181,34.7668,38.414,437,33813,0.272075,0.31,1,1590939,1590502,437
116366101,48.7067,51.3656,435,33876,0.25883,0.29,1,1590997,1590562,435
116369021,40.4827,41.5462,435,33938,0.277532,0.31,1,1591032,1590597,435
116398221,48.3182,34.0091,490,34556,0.403502,0.25,1,1591429,1590939,490
116456621,22.6608,31.1729,452,35760,0.770731,0.63,2,1592187,1591735,452
116459541,36.6643,39.4692,453,35819,0.806292,0.63,2,1592233,1591780,453
116462461,34.4657,35.5877,453,35878,0.808517,0.61,2,1592266,1591813,453
116465381,49.1863,49.6351,453,35937,0.845407,0.63,2,1592325,1591872,453
116468301,44.2745,43.854,454,35996,0.872163,0.65,2,1592366,1591912,454
116471221,30.9098,30.7416,454,36055,0.882865,0.67,2,1592388,1591934,454
116474141,43.5639,42.8966,455,36114,0.887146,0.67,2,1592440,1591985,455
116728181,32.3356,32.7663,515,40891,0.825961,1,2,1595753,1595238,515
116739861,49.0342,55.4004,516,41097,0.433801,1,1,1595925,1595409,516
116748621,35.2262,33.9536,514,41250,0.260323,1,1,1596032,1595518,514
116754461,31.5562,35.4326,506,41352,0.0740517,1,1,1596095,1595589,506
116757381,32.4225,32.173,509,41403,0.0356207,1,1,1596128,1595619,509
116760301,33.369,33.8692,508,41454,0.0322483,1,1,1596162,1595654,508
116763221,26.5476,36.3477,492,41505,0.0308993,0.85,1,1596184,1595692,492
116766141,11.819,31.3391,466,41556,0.0183597,0.77,1,1596186,1595720,466
116769061,21.5276,32.3356,461,41607,0.0253439,0.69,1,1596214,1595753,461
116771981,26.011,34.5343,454,41658,0.0521376,0.61,1,1596243,1595789,454
116774901,28.4044,34.2137,450,41709,0.026855,0.49,1,1596273,1595823,450
116777821,37.1618,43.0855,444,41760,0.028742,0.35,1,1596316,1595872,444
116780741,45.4647,49.0342,442,41811,0.0534968,0.31,1,1596367,1595925,442
116783661,39.7859,42.4137,440,41861,0.0393987,0.27,1,1596403,1595963,440
116786581,35.1144,38.5655,436,41911,0.0457595,0.23,1,1596435,1595999,436
116789501,31.4457,35.2262,432,41961,0.0483038,0.11,1,1596464,1596032,432
116792421,28.7783,33.8905,426,42011,0.0733215,0.01,1,1596491,1596065,426
116795341,27.1113,31.5562,422,42061,0.0713286,0.01,1,1596517,1596095,422
116798261,31.8445,32.4225,424,42111,0.0285314,0.03,1,1596552,1596128,424
116801181,32.5378,33.369,423,42161,0.0414126,0.03,1,1596585,1596162,423
116804101,26.2151,26.5476,423,42211,0.046565,0.01,1,1596607,1596184,423
116807021,11.686,11.819,423,42261,0.024626,0.03,1,1596609,1596186,423
116809941,21.4744,21.5276,423,42311,0.0638504,0.07,1,1596637,1596214,423
116812861,25.9898,26.011,423,42361,0.0915402,0.01,1,1596666,1596243,423
116818701,36.9184,37.1618,422,42461,0.0950464,0.07,1,1596738,1596316,422
116821621,46.5673,45.4647,424,42511,0.0560186,0.03,1,1596791,1596367,424
116824541,39.6269,39.7859,423,42561,0.0644074,0.05,1,1596826,1596403,423
116827461,35.0508,35.1144,423,42611,0.079763,0.05,1,1596858,1596435,423
116830381,32.0203,31.4457,424,42661,0.0859052,0.09,1,1596888,1596464,424
116833301,28.4081,28.7783,423,42710,0.0643621,0.07,1,1596914,1596491,423
116839141,30.4653,31.8445,422,42808,0.0954979,0.05,1,1596974,1596552,422
116856661,29.173,20.8359,455,43102,0.0979406,0.11,1,1597121,1596666,455
116865421,40.5311,46.2375,459,43249,0.0842682,0.07,1,1597250,1596791,459
116868341,36.0124,39.495,457,43298,0.0637073,0.09,1,1597283,1596826,457
116871261,31.205,34.998,453,43347,0.0674829,0.09,1,1597311,1596858,453
116874181,28.082,31.9992,449,43396,0.0689932,0.05,1,1597337,1596888,449
116877101,29.2328,28.3997,453,43445,0.0935973,0.13,1,1597367,1596914,453
116920901,31.4842,29.2328,459,44167,0.200062,0.19,1,1597826,1597367,459
116923821,32.9937,30.2931,462,44215,0.206025,0.17,1,1597860,1597398,462
116926741,26.9975,33.1172,450,44263,0.22041,0.13,1,1597883,1597433,450
116929661,11.999,26.4469,430,44311,0.226164,0.13,1,1597885,1597455,430
116944261,28.1222,35.4375,431,44549,0.211855,0.19,1,1598017,1597586,431
116947181,42.4489,45.375,431,44596,0.282742,0.19,1,1598069,1597638,431
116950101,38.5796,39.75,431,44643,0.287097,0.19,1,1598105,1597674,431
116953021,34.6318,35.1,431,44690,0.288839,0.19,1,1598137,1597706,431
116970541,26.4915,26.9975,431,44972,0.434829,0.23,1,1598314,1597883,431
116973461,11.7966,11.999,431,45019,0.431931,0.17,1,1598316,1597885,431
117020181,24.1028,22.7186,445,45763,0.765011,0.51,2,1598791,1598346,445
117023101,26.4411,25.8875,445,45809,0.804004,0.53,2,1598819,1598374,445
117026021,33.3764,31.355,448,45855,0.819602,0.53,2,1598857,1598409,448
117028941,14.5506,13.742,448,45901,0.825841,0.59,2,1598859,1598411,448
117031861,32.2202,29.4968,452,45947,0.852336,0.59,2,1598903,1598451,452
117034781,47.0881,11.7987,509,45993,0.886935,0.73,2,1598960,1598451,509
117043541,32.7496,33.7791,486,46131,0.896524,0.71,2,1599059,1598573,486
117046461,29.8999,31.5116,484,46177,0.892609,0.71,2,1599087,1598603,484
117049381,31.1599,29.4047,488,46223,0.891044,0.71,2,1599119,1598631,488
117052301,33.464,30.9619,491,46269,0.878417,0.73,2,1599154,1598663,491
117055221,34.9856,33.9847,491,46315,0.873367,0.71,2,1599190,1598699,491
117058141,28.3942,34.5939,480,46361,0.871347,0.73,2,1599214,1598734,480
117061061,12.5577,27.6376,459,46406,0.870539,0.73,2,1599216,1598757,459
117063981,26.0231,12.255,492,46451,0.882215,0.79,2,1599251,1598759,492
117280061,178.826,178.224,510,22724,0.2212,1,1,1601580,1601070,510
117285901,77.9322,74.3559,505,22910,0.056992,0.95,1,1601691,1601186,505
117288821,73.7729,76.5424,498,23003,0.0527968,0.75,1,1601762,1601264,498
117291741,67.3092,75.6169,486,23095,0.0391187,0.39,1,1601825,1601339,486
117294661,70.1237,93.8468,452,23187,0.0336475,0.29,1,1601897,1601445,452
117297581,40.6495,54.3387,445,23278,0.031459,0.23,1,1601918,1601473,445
117300501,66.0598,39.1355,499,23369,0.0185836,0.01,1,1602001,1601502,499
117303421,55.8239,62.4542,470,23460,0.0494334,0.09,1,1602050,1601580,470
117306341,59.5296,53.7817,484,23550,0.0197734,0,1,1602112,1601628,484
117309261,66.4118,59.3127,492,23640,0.0259093,0.05,1,1602183,1601691,492
117312181,64.9647,66.3251,485,23730,0.0403637,0.03,1,1602247,1601762,485
117315101,68.5859,64.33,493,23819,0.0701455,0.03,1,1602318,1601825,493
117326781,52.871,55.7476,425,24173,0.0996677,0,1,1602475,1602050,425
117329701,57.7484,59.4991,424,24261,0.0698671,0.03,1,1602536,1602112,424
117332621,64.4994,66.3996,422,24348,0.0459468,0.05,1,1602605,1602183,422
117335541,64.1997,64.9598,422,24435,0.0363787,0.09,1,1602669,1602247,422
117338461,71.2799,68.5839,427,24522,0.0565515,0.13,1,1602745,1602318,427
117341381,43.512,41.2336,429,24608,0.0766206,0.13,1,1602770,1602341,429
117344301,18.6048,17.6934,429,24694,0.0846482,0.11,1,1602772,1602343,429
117353061,55.5747,57.7484,423,24951,0.238937,0.03,1,1602959,1602536,423
117376421,56.4664,38.7747,490,25623,0.204794,0.27,1,1603391,1602901,490
117379341,60.3866,50.3099,495,25706,0.243918,0.17,1,1603454,1602959,495
117382261,63.7546,60.924,493,25788,0.259567,0.15,1,1603520,1603027,493
117385181,73.5018,63.3696,508,25870,0.277827,0.19,1,1603600,1603092,508
117388101,45.6007,72.1478,457,25952,0.297131,0.19,1,1603627,1603170,457
117396861,54.9504,57.3935,483,26196,0.297176,0.21,1,1603764,1603281,483
117399781,56.7802,54.1574,489,26277,0.280871,0.21,1,1603822,1603333,489
117414381,19.3456,45.6007,436,26678,0.405375,0.31,1,1604063,1603627,436
117417301,58.1382,19.4403,518,26757,0.44415,0.31,1,1604147,1603629,518
117446501,56.952,55.0553,447,27538,0.756254,0.53,2,1604647,1604200,447
117449421,57.5808,55.6221,449,27615,0.788501,0.53,2,1604705,1604256,449
117452341,24.2323,23.4488,449,27692,0.801401,0.71,2,1604707,1604258,449
117455261,55.2929,51.3795,455,27768,0.86656,0.67,2,1604783,1604328,455
117458181,62.3172,60.7518,455,27844,0.892624,0.67,2,1604850,1604395,455
117589581,42.3783,33.7656,502,31080,0.874,1,2,1607108,1606606,502
117610021,44.6494,31.1002,530,31553,0.239729,1,1,1607426,1606896,530
117615861,53.2239,56.816,524,31687,0.0683566,0.95,1,1607540,1607016,524
117618781,36.8896,59.3264,489,31754,0.0453426,0.81,1,1607566,1607077,489
117621701,39.9558,42.3306,500,31821,0.0361371,0.65,1,1607608,1607108,500
117624621,59.1823,45.7322,524,31887,0.0204548,0.43,1,1607680,1607156,524
117627541,41.6729,65.6929,475,31953,0.0141819,0.41,1,1607710,1607235,475
117630461,43.0692,46.6772,485,32019,0.00567277,0.35,1,1607754,1607269,485
117633381,34.0277,46.2709,467,32085,0.0562691,0.37,1,1607782,1607315,467
117636301,28.6111,35.3083,464,32151,0.0885076,0.27,1,1607807,1607343,464
117639221,40.2444,32.1233,482,32217,0.0774031,0.19,1,1607855,1607373,482
117642141,50.2978,44.6493,486,32283,0.0849612,0.05,1,1607912,1607426,486
117645061,50.1191,55.0597,474,32349,0.0519845,0.03,1,1607962,1607488,474
117647981,35.0476,53.2239,447,32414,0.0387938,0.03,1,1607987,1607540,447
117650901,41.0191,36.8896,466,32479,0.0335175,0.03,1,1608032,1607566,466
117653821,58.4076,39.9558,494,32544,0.079407,0.01,1,1608102,1607608,494
117656741,40.763,59.1823,451,32609,0.0617628,0.01,1,1608131,1607680,451
117659661,42.7052,41.6729,465,32674,0.0247051,0,1,1608175,1607710,465
117662581,35.6821,43.0692,452,32739,0.015882,0.09,1,1608206,1607754,452
117665501,15.4728,34.0277,426,32804,0.0483528,0.11,1,1608208,1607782,426
117668421,21.7891,28.6111,427,32868,0.0733411,0.07,1,1608234,1607807,427
117683021,40.1582,41.0191,422,33188,0.0887542,0.11,1,1608454,1608032,422
117685941,59.8633,58.4076,425,33252,0.0895017,0.05,1,1608527,1608102,425
117688861,39.5453,40.763,422,33316,0.0778007,0,1,1608553,1608131,422
117691781,42.2181,42.7052,422,33379,0.0851203,0.01,1,1608597,1608175,422
117706381,49.2387,48.8463,428,33694,0.207665,0.15,1,1608767,1608339,428
117709301,47.8955,47.7385,428,33757,0.233066,0.15,1,1608814,1608386,428
117712221,31.1582,32.8954,425,33820,0.255226,0.05,1,1608834,1608409,425
117718061,60.0653,59.8633,424,33945,0.258036,0.07,1,1608951,1608527,424
117720981,40.2261,39.5453,425,34007,0.253214,0.09,1,1608978,1608553,425
117723901,41.8904,42.2181,424,34069,0.239286,0.11,1,1609021,1608597,424
117726821,39.5562,37.8872,427,34131,0.221714,0.11,1,1609059,1608632,427
117729741,17.0225,16.3549,427,34193,0.226686,0.13,1,1609061,1608634,427
117732661,24.209,22.742,429,34255,0.240674,0.13,1,1609090,1608661,429
117735581,40.8836,9.09678,481,34317,0.25827,0.21,1,1609142,1608661,481
117756021,42.0277,40.2038,475,34746,0.409677,0.23,1,1609453,1608978,475
117758941,39.6111,41.8815,470,34807,0.409871,0.21,1,1609491,1609021,470
117761861,17.0444,39.5526,434,34868,0.409948,0.23,1,1609493,1609059,434
117764781,24.2178,17.021,461,34929,0.409979,0.25,1,1609522,1609061,461
117767701,42.0871,24.2084,486,34990,0.409992,0.27,1,1609576,1609090,486
117770621,53.4348,40.8834,495,35050,0.421997,0.35,1,1609637,1609142,495
117773541,50.1739,50.5533,486,35110,0.426799,0.35,1,1609685,1609199,486
117776461,33.2696,49.0213,460,35170,0.428719,0.37,1,1609707,1609247,460
117814421,40.2598,39.1078,446,35943,0.752058,0.49,2,1610196,1609750,446
117817341,59.3039,58.8431,446,36002,0.762823,0.47,2,1610268,1609822,446
117820261,39.3216,39.7373,445,36061,0.755129,0.49,2,1610294,1609849,445
117823181,43.9286,43.4949,446,36120,0.788052,0.51,2,1610341,1609895,446
117826101,40.3715,39.598,447,36179,0.801221,0.51,2,1610379,1609932,447
117829021,17.3486,17.0392,447,36237,0.782488,0.53,2,1610381,1609934,447
117831941,24.9394,24.2157,448,36295,0.834995,0.61,2,1610411,1609963,448
117834861,45.3758,42.6863,452,36353,0.879998,0.57,2,1610470,1610018,452
117837781,19.3503,18.2745,452,36411,0.897999,0.71,2,1610472,1610020,452
117977941,31.099,34.7603,495,39099,0.848882,1,2,1612370,1611875,495
117980861,25.6396,30.1041,490,39153,0.777553,1,2,1612392,1611902,490
117983781,34.8558,36.6416,490,39207,0.809021,1,2,1612433,1611943,490
117998381,43.2584,52.8767,477,39477,0.297926,0.89,1,1612629,1612152,477
118001301,46.7033,46.9507,483,39530,0.24517,0.94,1,1612678,1612195,483
118004221,38.4813,42.1803,477,39583,0.200068,1,1,1612711,1612234,477
118010061,31.717,36.8688,461,39689,0.0692109,0.93,1,1612771,1612310,461
118012981,30.6868,32.7475,461,39742,0.0456844,0.79,1,1612801,1612340,461
118015901,29.0747,31.099,459,39795,0.0602737,0.73,1,1612829,1612370,459
118018821,23.0299,25.6396,456,39848,0.0301095,0.83,1,1612848,1612392,456
118021741,35.012,34.8558,458,39901,0.0420438,0.61,1,1612891,1612433,458
118024661,36.2048,40.3423,451,39954,0.0468175,0.53,1,1612928,1612477,451
118027581,31.2819,36.5369,445,40007,0.036727,0.37,1,1612956,1612511,445
118030501,25.1128,29.6148,441,40060,0.0326908,0.37,1,1612977,1612536,441
118033421,35.8451,11.8459,484,40113,0.0670763,0.31,1,1613020,1612536,484
118036341,39.538,33.5384,478,40166,0.0688305,0.25,1,1613062,1612584,478
118039261,43.4152,40.4153,479,40219,0.0695322,0.21,1,1613108,1612629,479
118042181,34.1661,45.5661,458,40271,0.0938129,0.17,1,1613136,1612678,458
118050941,30.1946,31.6442,452,40427,0.089764,0.03,1,1613223,1612771,452
118053861,28.8779,30.6577,450,40479,0.0779056,0.07,1,1613251,1612801,450
118056781,22.3511,29.0631,440,40531,0.0311622,0.01,1,1613269,1612829,440
118059701,34.7405,23.0252,464,40583,0.0424649,0.05,1,1613312,1612848,464
118062621,37.2962,35.0101,460,40635,0.058986,0.05,1,1613351,1612891,460
118065541,31.7185,36.204,451,40687,0.0535944,0.03,1,1613379,1612928,451
118068461,24.0874,31.2816,442,40739,0.0754378,0.03,1,1613398,1612956,442
118071381,37.235,25.1126,467,40791,0.0601751,0.09,1,1613444,1612977,467
118074301,41.894,35.8451,469,40843,0.07807,0.07,1,1613489,1613020,469
118077221,42.5576,39.538,470,40895,0.061228,0.07,1,1613532,1613062,470
118080141,36.223,43.4152,456,40947,0.0544912,0.11,1,1613564,1613108,456
118083061,28.8892,34.1661,452,40999,0.0517965,0.11,1,1613588,1613136,452
118085981,30.1557,30.4664,455,41050,0.0507186,0.13,1,1613619,1613164,455
118088901,28.8623,28.9866,455,41101,0.0622874,0.07,1,1613647,1613192,455
118091821,28.3449,30.1946,452,41152,0.078915,0.07,1,1613675,1613223,452
118094741,20.938,28.8779,440,41203,0.085566,0,1,1613691,1613251,440
118097661,34.7752,22.3511,466,41254,0.0522264,0.05,1,1613735,1613269,466
118100581,38.5101,34.7405,464,41305,0.0628906,0.07,1,1613776,1613312,464
118103501,32.204,37.2962,453,41356,0.0791562,0.05,1,1613804,1613351,453
118106421,24.2816,31.7185,444,41407,0.0976625,0.09,1,1613823,1613379,444
118121021,32.0784,36.223,424,41662,0.240357,0.05,1,1613988,1613564,424
118123941,27.2314,28.8892,424,41713,0.258143,0.05,1,1614012,1613588,424
118126861,29.4925,30.1557,424,41764,0.253257,0.07,1,1614043,1613619,424
118129781,29.797,28.8623,426,41815,0.227303,0.09,1,1614073,1613647,426
118132701,28.7188,28.3449,426,41865,0.216921,0.09,1,1614101,1613675,426
118135621,19.8875,20.938,424,41915,0.212768,0.03,1,1614115,1613691,424
118138541,33.755,34.7752,423,41965,0.211107,0.07,1,1614158,1613735,423
118141461,39.902,38.5101,426,42015,0.210443,0.09,1,1614202,1613776,426
118144381,32.7608,32.204,426,42065,0.210177,0.11,1,1614230,1613804,426
118147301,25.1043,24.2816,427,42115,0.234071,0.13,1,1614250,1613823,427
118150221,38.8417,37.3126,429,42165,0.279628,0.15,1,1614298,1613869,429
118153141,41.9367,40.7251,430,42215,0.297851,0.15,1,1614342,1613912,430
118164821,27.6944,27.2314,433,42415,0.414329,0.25,1,1614445,1614012,433
118167741,29.0778,29.4925,432,42465,0.423732,0.21,1,1614475,1614043,432
118170661,28.4311,29.797,430,42515,0.427493,0.21,1,1614503,1614073,430
118173581,28.1724,28.7188,430,42565,0.428997,0.21,1,1614531,1614101,430
118176501,19.669,19.8875,430,42615,0.405599,0.21,1,1614545,1614115,430
118179421,33.6676,33.755,430,42665,0.42024,0.21,1,1614588,1614158,430
118231981,41.9961,25.9366,498,43547,0.751178,0.53,2,1615180,1614682,498
118234901,44.3984,42.1746,491,43595,0.762471,0.53,2,1615226,1614735,491
118237821,18.9594,43.2699,449,43643,0.766988,0.57,2,1615228,1614779,449
118243661,36.1535,35.0032,485,43739,0.759918,0.61,2,1615312,1614827,485
118246581,30.0614,34.4013,477,43787,0.753967,0.65,2,1615338,1614861,477
118249501,30.0246,28.1605,483,43835,0.763587,0.65,2,1615368,1614885,483
118252421,28.8098,29.2642,481,43883,0.767435,0.65,2,1615396,1614915,481
118255341,28.3239,28.5057,481,43931,0.768974,0.65,2,1615424,1614943,481
118258261,19.7296,28.2023,467,43979,0.76959,0.65,2,1615438,1614971,467
118261181,36.6918,19.6809,501,44027,0.769836,0.65,2,1615486,1614985,501
118264101,42.8767,35.4724,502,44075,0.793934,0.71,2,1615533,1615031,502
118267021,35.1507,41.1889,487,44123,0.815574,0.73,2,1615563,1615076,487
118269941,27.2603,34.4756,479,44171,0.83623,0.73,2,1615585,1615106,479
118272861,43.3041,26.9902,511,44219,0.844492,0.77,2,1615639,1615128,511
118275781,44.9216,41.9961,505,44267,0.847797,0.77,2,1615685,1615180,505
118278701,19.1687,44.3984,461,44315,0.849119,0.77,2,1615687,1615226,461
118281621,35.2675,18.9594,505,44363,0.849648,0.73,2,1615733,1615228,505
118284541,37.507,36.3838,496,44411,0.897859,0.77,2,1615772,1615276,496
118480181,343.548,352.91,508,21900,0.43,0.96,1,1617891,1617383,508
118483101,171.019,178.964,501,21997,0.202,0.87,1,1617947,1617446,501
118486021,126.008,121.386,514,22093,0.0988,0.63,1,1618043,1617529,514
118488941,87.0031,103.154,484,22189,0.04552,0.35,1,1618104,1617620,484
118491861,60.6012,89.2617,447,22285,0.048208,0.09,1,1618147,1617700,447
118494781,64.4405,70.5047,456,22380,0.0732832,0.05,1,1618214,1617758,456
118497701,55.1762,70.2019,435,22475,0.0353133,0.05,1,1618263,1617828,435
118500621,42.4705,47.2807,437,22569,0.0441253,0.05,1,1618297,1617860,437
118503541,60.7882,37.5123,479,22663,0.0836501,0.05,1,1618370,1617891,479
118506461,81.3153,48.6049,518,22757,0.0514601,0.03,1,1618465,1617947,518
118509381,69.7261,77.042,484,22850,0.098584,0.01,1,1618527,1618043,484
118512301,53.6904,67.4168,466,22943,0.0934336,0.05,1,1618570,1618104,466
118518141,52.8705,61.3067,470,23127,0.0761494,0.01,1,1618684,1618214,470
118521061,41.5482,53.9227,455,23219,0.0604597,0.05,1,1618718,1618263,455
118523981,63.4193,41.9691,499,23310,0.0301839,0.11,1,1618796,1618297,499
118526901,79.9677,60.5876,517,23401,0.0300736,0.03,1,1618887,1618370,517
118529821,70.9871,81.2351,487,23492,0.0540294,0.13,1,1618952,1618465,487
118532741,54.1948,69.694,468,23582,0.0756118,0.09,1,1618995,1618527,468
118541501,41.6765,52.8684,457,23851,0.0588391,0.05,1,1619141,1618684,457
118544421,63.4706,41.5474,501,23940,0.0415357,0.01,1,1619219,1618718,501
118547341,26.5882,63.4189,425,24029,0.0346143,0.03,1,1619221,1618796,425
118550261,63.4353,79.9676,422,24117,0.0678457,0.07,1,1619309,1618887,422
118553181,66.1741,70.987,425,24205,0.0691383,0.09,1,1619377,1618952,425
118556101,53.4696,54.1948,427,24293,0.0816553,0.15,1,1619422,1618995,427
118559021,62.1879,62.4779,427,24380,0.0986621,0.09,1,1619490,1619063,427
118564861,42.2301,41.6765,425,24554,0.0769859,0.03,1,1619566,1619141,425
118567781,61.892,63.4706,422,24640,0.0967944,0.03,1,1619641,1619219,422
118585301,47.5314,47.0751,427,25152,0.228775,0.05,1,1619954,1619527,427
118588221,40.6126,42.2301,424,25236,0.22951,0.11,1,1619990,1619566,424
118591141,61.845,61.892,425,25320,0.277804,0.11,1,1620066,1619641,425
118594061,25.938,25.9568,425,25404,0.297122,0.19,1,1620068,1619643,425
118608661,48.0266,60.8562,468,25818,0.408979,0.25,1,1620385,1619917,468
118611581,41.4106,46.5425,468,25900,0.433591,0.23,1,1620422,1619954,468
118658301,48.4695,49.3163,453,27180,0.768013,0.65,2,1621280,1620827,453
118661221,42.7878,42.5265,454,27258,0.781205,0.67,2,1621319,1620865,454
118664141,65.1151,64.4106,455,27336,0.762482,0.67,2,1621399,1620944,455
118667061,27.246,26.9642,455,27413,0.766993,0.67,2,1621401,1620946,455
118669981,70.8984,70.7857,455,27490,0.804797,0.69,2,1621501,1621046,455
118672901,70.3594,69.7143,456,27567,0.867919,0.69,2,1621571,1621115,456
118813061,48.8798,45.762,484,31039,0.870236,1,2,1623974,1623490,484
118815981,43.5519,41.7048,485,31107,0.810094,1,2,1624014,1623529,485
118818901,40.8208,44.2819,478,31175,0.822038,1,2,1624053,1623575,478
118821821,40.9283,42.3128,478,31243,0.802815,1,2,1624094,1623616,478
118824741,48.1713,45.7251,483,31311,0.759126,1,2,1624147,1623664,483
118827661,35.4685,18.29,510,31379,0.76565,1,2,1624174,1623664,510
118830581,59.7874,28.916,550,31446,0.80426,0.98,2,1624250,1623700,550
118833501,44.315,60.1664,503,31513,0.819704,0.91,2,1624284,1623781,503
118836421,50.726,43.8666,525,31580,0.849882,0.95,2,1624339,1623814,525
118839341,51.4904,53.5466,517,31647,0.873953,0.87,2,1624391,1623874,517
118979501,52.5728,39.4966,534,34709,0.81304,1,2,1626510,1625976,534
118994101,35.9892,38.3283,514,35013,0.0821591,1,1,1626730,1626216,514
118997021,42.5957,34.5313,529,35073,0.0628636,1,1,1626777,1626248,529
118999941,38.0383,46.8125,509,35133,0.0551455,1,1,1626812,1626303,509
119002861,33.8153,39.125,506,35193,0.0520582,1,1,1626843,1626337,506
119005781,39.3261,35.45,516,35253,0.0508233,0.94,1,1626886,1626370,516
119008701,30.7304,40.58,497,35313,0.0383293,0.97,1,1626911,1626414,497
119011621,45.2922,35.432,520,35373,0.0573317,0.71,1,1626966,1626446,520
119014541,31.3169,52.5728,478,35433,0.0529327,0.61,1,1626988,1626510,478
119017461,62.9267,40.8291,529,35493,0.0991731,0.31,1,1627072,1626543,529
119023301,33.7083,44.9327,460,35612,0.0842677,0.11,1,1627121,1626661,460
119026221,32.0833,38.9731,456,35671,0.0517071,0.01,1,1627152,1626696,456
119029141,14.0333,35.9892,424,35730,0.0206828,0.05,1,1627154,1626730,424
119032061,33.2133,42.5957,423,35789,0.0502731,0.05,1,1627200,1626777,423
119034981,33.6853,38.0383,422,35848,0.0261093,0.05,1,1627234,1626812,422
119037901,32.0741,33.8153,422,35907,0.0164437,0.05,1,1627265,1626843,422
119040821,39.2297,39.3261,423,35966,0.0125775,0.03,1,1627309,1626886,423
119043741,30.6919,30.7304,423,36025,0.023031,0.07,1,1627334,1626911,423
119046661,45.8767,45.2922,424,36084,0.0392124,0.05,1,1627390,1626966,424
119049581,31.5507,31.3169,424,36143,0.045685,0.13,1,1627412,1626988,424
119052501,64.8203,62.9267,427,36201,0.096274,0.11,1,1627499,1627072,427
119055421,35.5281,34.7707,427,36259,0.0925096,0.07,1,1627515,1627088,427
119093381,34.1597,33.4112,428,37009,0.212042,0.11,1,1627975,1627547,428
119096301,31.0639,30.7645,428,37066,0.210817,0.11,1,1628004,1627576,428
119099221,13.6255,13.5058,428,37123,0.210327,0.23,1,1628006,1627578,428
119105061,32.1801,12.7209,461,37237,0.217252,0.21,1,1628083,1627622,461
119107981,30.272,25.4884,456,37294,0.248901,0.17,1,1628112,1627656,456
119110901,38.5088,28.7953,469,37351,0.28556,0.13,1,1628156,1627687,469
119140101,33.1868,32.4499,464,37912,0.401493,0.23,1,1628515,1628051,464
119143021,31.8747,32.18,463,37968,0.430597,0.27,1,1628546,1628083,463
119145941,40.3499,30.272,480,38024,0.418239,0.31,1,1628592,1628112,480
119148861,31.14,38.5088,461,38080,0.413296,0.33,1,1628617,1628156,461
119151781,49.056,29.8035,498,38135,0.411318,0.37,1,1628678,1628180,498
119154701,34.6224,47.3214,464,38190,0.434527,0.39,1,1628703,1628239,464
119224781,30.1711,29.1963,447,39497,0.783936,0.53,2,1629506,1629059,447
119227701,48.6685,48.8785,446,39550,0.799574,0.51,2,1629567,1629121,446
119230621,36.2674,35.1514,448,39603,0.82983,0.65,2,1629595,1629147,448
119417501,23.814,32.1895,496,42880,0.895571,1,2,1631863,1631367,496
119426261,32.8201,37.8681,491,43027,0.841397,1,2,1631949,1631458,491
119429181,31.128,15.1473,521,43076,0.762559,1,2,1631979,1631458,521
119458381,21.9997,35.5327,491,43565,0.271681,0.84,1,1632338,1631847,491
119461301,18.3999,23.8131,491,43613,0.246672,0.98,1,1632354,1631863,491
119464221,22.36,22.1252,495,43661,0.260669,0.95,1,1632379,1631884,495
119467141,28.144,25.0501,500,43709,0.242268,0.77,1,1632411,1631911,500
119470061,25.6576,32.82,486,43757,0.234907,0.71,1,1632435,1631949,486
119472981,39.063,31.128,504,43805,0.279963,0.59,1,1632483,1631979,504
119475901,48.0252,45.4512,503,43853,0.273985,0.45,1,1632537,1632034,503
119478821,39.0101,55.3805,474,43901,0.283594,0.31,1,1632570,1632096,474
119481741,37.204,43.7522,474,43949,0.275438,0.31,1,1632606,1632132,474
119484661,33.4816,39.7009,468,43997,0.260175,0.29,1,1632637,1632169,468
119490501,23.3571,31.5521,453,44093,0.294828,0.35,1,1632685,1632232,453
119499261,21.9189,35.4993,446,44237,0.298949,0.25,1,1632771,1632325,446
119528461,33.5683,33.4816,437,44711,0.429799,0.33,1,1633074,1632637,437
119531381,32.0273,31.3926,438,44758,0.44192,0.29,1,1633105,1632667,438
119534301,23.6109,23.3571,438,44805,0.434768,0.33,1,1633123,1632685,438
119621901,24.2681,32.5712,472,46197,0.761916,0.67,2,1634020,1633548,472
119624821,31.3072,23.8285,490,46243,0.790767,0.73,2,1634056,1633566,490
119627741,37.7229,30.5314,497,46289,0.838307,0.73,2,1634098,1633601,497
119630661,22.2892,36.2126,469,46335,0.857323,0.73,2,1634110,1633641,469
119633581,18.5157,21.685,473,46381,0.864929,0.73,2,1634126,1633653,473
119859881,262.425,281.738,469,21900,0.4036,0.77,1,1636662,1636193,469
119862801,139.77,137.895,485,22724,0.29944,0.61,1,1636720,1636235,485
119865721,98.5081,100.158,481,22817,0.257776,0.51,1,1636791,1636310,481
119868641,74.8032,87.4632,461,22910,0.25311,0.43,1,1636850,1636389,461
119871561,42.5213,54.7853,449,23003,0.263244,0.39,1,1636871,1636422,449
119874481,45.8085,32.1141,480,23095,0.279298,0.23,1,1636919,1636439,480
119877401,70.5234,59.0456,490,23187,0.285719,0.21,1,1637006,1636516,490
119932881,70.8721,71.7364,453,24866,0.767005,0.63,2,1638120,1637667,453
119935801,65.5488,67.0946,451,24951,0.804802,0.61,2,1638182,1637731,451
119938721,39.4195,39.4378,452,25036,0.819921,0.67,2,1638204,1637752,452
119941641,47.5678,46.9751,453,25121,0.873968,0.61,2,1638257,1637804,453
119950401,26.3723,25.9504,454,25373,0.894734,0.79,2,1638404,1637950,454
120043841,72.8218,69.8989,494,27920,0.871312,1,2,1640261,1639767,494
120046761,50.1287,60.3596,475,27996,0.798525,1,2,1640296,1639821,475
120052601,67.1806,67.7375,481,28147,0.426564,1,1,1640418,1639937,481
120055521,74.8722,69.095,491,28222,0.212626,1,1,1640498,1640007,491
120058441,59.9489,63.038,482,28297,0.0910502,0.93,1,1640548,1640066,482
120061361,40.7796,43.2152,480,28372,0.0784201,0.93,1,1640576,1640096,480
120064281,28.3118,17.2861,500,28447,0.061368,1,1,1640596,1640096,500
120067201,35.3247,22.5144,514,28521,0.0545472,1,1,1640636,1640122,514
120070121,65.1299,35.4058,555,28595,0.0518189,0.79,1,1640721,1640166,555
120075961,36.3408,49.4649,485,28743,0.086291,0.57,1,1640781,1640296,485
120081801,65.0945,67.0744,502,28890,0.0918066,0.07,1,1640920,1640418,502
120084721,57.2378,74.8298,474,28963,0.0427226,0.01,1,1640972,1640498,474
120087641,37.8951,59.9319,449,29036,0.047089,0.07,1,1640997,1640548,449
120090561,28.358,40.7728,443,29109,0.0368356,0.05,1,1641019,1640576,443
120093481,34.1432,28.3091,461,29182,0.0567342,0.05,1,1641057,1640596,461
120096401,67.0573,35.3236,510,29255,0.0526937,0.05,1,1641146,1640636,510
120099321,44.2229,65.1295,454,29327,0.0990775,0.15,1,1641175,1640721,454
120108081,61.7743,54.7363,494,29543,0.209141,0.07,1,1641342,1640848,494
120125601,57.7643,67.0573,424,29970,0.205634,0.13,1,1641570,1641146,424
120128521,43.5057,44.2229,429,30041,0.208254,0.15,1,1641604,1641175,429
120151881,15.8579,15.4108,430,30599,0.217356,0.21,1,1641914,1641484,430
120154801,57.9432,57.7643,430,30668,0.260942,0.21,1,1642000,1641570,430
120157721,43.5773,43.5057,430,30737,0.266377,0.17,1,1642034,1641604,430
120160641,37.8309,37.8023,430,30806,0.280551,0.19,1,1642068,1641638,430
120169401,54.9812,55.0753,429,31012,0.409875,0.15,1,1642254,1641825,429
120172321,34.5925,34.0301,430,31080,0.40995,0.15,1,1642275,1641845,430
120178161,37.3348,36.6448,431,31216,0.405192,0.23,1,1642343,1641912,431
120192761,59.3522,37.222,508,31553,0.426616,0.37,1,1642576,1642068,508
120224881,65.9746,59.3522,514,32283,0.805556,0.53,2,1643090,1642576,514
120227801,58.1898,63.9409,500,32349,0.856222,0.57,2,1643143,1642643,500
120230721,35.2759,56.1764,469,32414,0.876489,0.57,2,1643163,1642694,469
120233641,29.1104,34.4705,474,32479,0.896596,0.57,2,1643188,1642714,474
120397161,38.5105,32.4109,498,35943,0.820463,1,2,1645583,1645085,498
120400081,32.8042,33.3643,493,36002,0.766185,1,2,1645612,1645119,493
120411761,31.4974,36.3693,479,36237,0.228174,1,1,1645765,1645286,479
120417601,42.3596,44.8191,478,36353,0.0761079,0.96,1,1645847,1645369,478
120420521,39.7438,40.1276,479,36411,0.0364432,0.95,1,1645885,1645406,479
120423441,34.4975,38.8511,472,36469,0.0145773,0.97,1,1645916,1645444,472
120426361,51.599,56.9404,466,36527,0.0598309,0.9,1,1645979,1645513,466
120429281,42.2396,43.7762,467,36585,0.0779324,0.75,1,1646015,1645548,467
120432201,33.0958,38.5105,459,36643,0.0491729,0.73,1,1646042,1645583,459
120435121,27.0383,32.8042,453,36701,0.0736692,0.65,1,1646065,1645612,453
120438041,27.6153,30.5217,452,36759,0.0714677,0.35,1,1646093,1645641,452
120440961,41.6461,53.6087,434,36816,0.0825871,0.25,1,1646144,1645710,434
120443881,29.8585,38.2435,428,36873,0.0870348,0.15,1,1646166,1645738,428
120446801,26.9434,31.4974,426,36930,0.0768139,0.09,1,1646191,1645765,426
120449721,29.3774,32.399,424,36987,0.0967256,0.03,1,1646222,1645798,424
120452641,40.5509,42.3596,423,37044,0.0926902,0.01,1,1646270,1645847,423
120455561,39.6204,39.7438,424,37101,0.0430761,0,1,1646309,1645885,424
120458481,33.2482,34.4975,422,37158,0.0172304,0,1,1646338,1645916,422
120461401,52.2993,13.799,487,37215,0.00689217,0.09,1,1646403,1645916,487
120464321,43.1197,43.3196,461,37272,0.0687569,0.09,1,1646440,1645979,461
120476001,41.2175,27.4034,474,37499,0.212912,0.09,1,1646567,1646093,474
120478921,29.687,41.5614,445,37555,0.247165,0.09,1,1646589,1646144,445
120481841,27.4748,29.8245,449,37611,0.260866,0.07,1,1646615,1646166,449
120484761,29.5899,26.9298,455,37667,0.278346,0.11,1,1646646,1646191,455
120487681,38.836,29.3719,469,37723,0.273339,0.09,1,1646691,1646222,469
120490601,38.9344,40.5488,460,37779,0.271335,0.01,1,1646730,1646270,460
120496441,53.3895,33.2478,488,37891,0.0710137,0,1,1646826,1646338,488
120543161,25.8012,30.0569,428,38775,0.235024,0.15,1,1647347,1646919,428
120546081,27.1205,28.2228,429,38829,0.24401,0.11,1,1647375,1646946,429
120549001,42.0482,43.6891,427,38883,0.247604,0.13,1,1647427,1647000,427
120551921,31.2193,31.2756,428,38937,0.249042,0.13,1,1647451,1647023,428
120554841,28.0877,28.1103,428,38991,0.273617,0.13,1,1647477,1647049,428
120557761,31.0351,30.4441,429,39045,0.283447,0.15,1,1647510,1647081,429
120560681,38.814,38.5776,429,39099,0.287379,0.13,1,1647554,1647125,429
120581121,26.8638,25.8012,433,39477,0.426726,0.25,1,1647780,1647347,433
120584041,26.9455,27.1205,432,39530,0.42869,0.25,1,1647807,1647375,432
120642441,29.3958,36.5179,472,40583,0.760539,0.57,2,1648495,1648023,472
120645361,53.7583,28.4072,519,40635,0.778216,0.51,2,1648565,1648046,519
120648281,48.5033,55.1629,491,40687,0.773286,0.57,2,1648610,1648119,491
120651201,20.6013,48.4651,449,40739,0.783315,0.53,2,1648612,1648163,449
120654121,22.6405,20.5861,471,40791,0.799326,0.53,2,1648636,1648165,471
120657041,28.2562,22.6344,479,40843,0.81773,0.53,2,1648668,1648189,479
120659961,28.7025,28.2538,476,40895,0.825092,0.53,2,1648697,1648221,476
120662881,46.281,28.1015,506,40947,0.876037,0.63,2,1648755,1648249,506
120665801,34.7124,43.6406,479,40999,0.896415,0.65,2,1648782,1648303,479
120871661,324.869,357.664,481,18980,0.418,1,1,1651176,1650695,481
120880421,102.008,113.539,487,20031,0.085552,0.11,1,1651452,1650965,487
120883341,72.603,93.4154,460,20137,0.0522208,0.05,1,1651505,1651045,460
120886261,71.0412,76.9662,464,20242,0.0388883,0.01,1,1651575,1651111,464
120889181,39.2165,63.1865,428,20347,0.0575553,0.03,1,1651593,1651165,428
120892101,79.8866,31.8746,524,20451,0.0410221,0.05,1,1651700,1651176,524
120895021,87.7546,73.3498,516,20555,0.0344089,0.05,1,1651793,1651277,516
120897941,84.9019,85.1399,506,20658,0.0437635,0.07,1,1651876,1651370,506
120900861,64.5607,83.256,475,20761,0.0355054,0.03,1,1651927,1651452,475
120903781,67.8243,65.1024,492,20863,0.0442022,0.03,1,1651997,1651505,492
120906701,37.9297,68.041,440,20965,0.0476809,0.07,1,1652015,1651575,440
120909621,16.3719,38.0164,424,21066,0.0490723,0.03,1,1652017,1651593,424
120912541,70.1488,79.4066,423,21167,0.0376289,0.03,1,1652123,1651700,423
120915461,83.8595,87.5626,423,21267,0.0810516,0.05,1,1652216,1651793,423
120924221,68.031,67.812,424,21565,0.0740673,0.05,1,1652421,1651997,424
120927141,38.0124,37.9248,424,21663,0.0716269,0.05,1,1652439,1652015,424
120930061,16.405,16.3699,424,21761,0.0706508,0.03,1,1652441,1652017,424
120932981,70.162,70.148,424,21858,0.0462603,0.11,1,1652547,1652123,424
120935901,85.6648,83.8592,427,21955,0.0845041,0.13,1,1652643,1652216,427
120938821,85.2659,83.9437,428,22052,0.0998017,0.11,1,1652728,1652300,428
120947581,37.041,38.0124,423,22339,0.0704673,0.07,1,1652862,1652439,423
120950501,16.0164,16.405,423,22434,0.0581869,0.03,1,1652864,1652441,423
120953421,69.4066,70.162,422,22529,0.0412748,0.03,1,1652969,1652547,422
120956341,86.5626,28.0648,520,22623,0.0705099,0.11,1,1653067,1652547,520
120968021,36.68,64.5249,441,22996,0.214397,0.05,1,1653285,1652844,441
120970941,15.872,36.6099,425,23088,0.223759,0.05,1,1653287,1652862,425
120973861,68.7488,15.844,527,23180,0.239504,0.03,1,1653391,1652864,527
120976781,88.0995,69.3376,523,23271,0.257801,0.09,1,1653492,1652969,523
120988461,37.7945,64.6982,450,23633,0.414648,0.23,1,1653717,1653267,450
120991381,16.3178,36.6793,434,23723,0.423859,0.23,1,1653719,1653285,434
121029341,60.1289,58.2087,454,24859,0.768156,0.71,2,1654525,1654071,454
121032261,67.2516,65.8835,455,24944,0.793263,0.71,2,1654597,1654142,455
121035181,37.7006,37.1534,455,25029,0.779305,0.71,2,1654615,1654160,455
121038101,16.2803,16.0614,455,25114,0.773722,0.75,2,1654617,1654162,455
121041021,72.5121,71.2245,457,25198,0.795489,0.71,2,1654727,1654270,457
121043941,90.8048,90.8898,456,25282,0.816196,0.71,2,1654830,1654374,456
121046861,37.5219,37.5559,456,25366,0.824478,0.75,2,1654832,1654376,456
121049781,74.4088,73.8224,457,25450,0.827791,0.75,2,1654931,1654474,457
121052701,60.9635,29.5289,509,25533,0.841117,0.79,2,1654983,1654474,509
121055621,68.1854,42.4116,531,25616,0.870447,0.81,2,1655056,1654525,531
121157821,57.3358,50.0298,494,28365,0.8236,1,2,1657015,1656521,494
121160741,42.7343,20.0119,527,28440,0.75544,1,2,1657048,1656521,527
121169501,73.463,35.4808,591,28662,0.427308,1,1,1657211,1656620,591
121187021,39.649,57.3279,488,29102,0.0998527,0.71,1,1657503,1657015,488
121198701,50.215,73.4628,476,29392,0.202668,0.25,1,1657687,1657211,476
121201621,51.286,52.7851,489,29464,0.231067,0.29,1,1657739,1657250,489
121204541,44.5144,55.914,471,29536,0.254427,0.13,1,1657779,1657308,471
121207461,62.8058,48.7656,502,29608,0.275771,0.07,1,1657854,1657352,502
121210381,51.5223,66.3062,468,29679,0.272308,0.11,1,1657898,1657430,468
121224981,62.3862,65.5375,430,30034,0.442036,0.23,1,1658077,1657647,430
121295061,64.5144,45.0391,528,31681,0.750566,0.61,2,1659187,1658659,528
121297981,53.4057,65.4156,495,31748,0.774226,0.61,2,1659233,1658738,495
121300901,42.3623,53.7663,484,31815,0.771691,0.61,2,1659268,1658784,484
121303821,34.9449,41.3065,481,31881,0.770676,0.63,2,1659298,1658817,481
121306741,15.178,35.1226,452,31947,0.77027,0.63,2,1659300,1658848,452
121309661,22.2712,15.249,477,32013,0.770108,0.59,2,1659327,1658850,477
121312581,68.9085,21.6996,551,32079,0.854043,0.69,2,1659427,1658876,551
121438141,64.5574,28.1103,573,34801,0.859599,0.97,2,1661337,1660764,573
121441061,41.423,67.6441,505,34862,0.76984,1,2,1661363,1660858,505
121461501,34.4462,46.7735,500,35284,0.0712226,1,1,1661663,1661163,500
121464421,29.9785,36.7094,497,35344,0.0584891,1,1,1661690,1661193,497
121467341,30.5914,31.4838,500,35404,0.0413956,0.99,1,1661721,1661221,500
121470261,54.8366,29.3935,543,35464,0.0585582,0.77,1,1661792,1661249,543
121473181,37.5346,64.5574,481,35524,0.0654233,0.71,1,1661818,1661337,481
121476101,31.2138,41.423,482,35584,0.0681693,0.59,1,1661845,1661363,482
121479021,29.8855,35.1692,480,35643,0.0572677,0.49,1,1661874,1661394,480
121481941,13.1542,35.6677,446,35702,0.0529071,0.43,1,1661876,1661430,446
121484861,24.4617,35.8671,442,35761,0.0871628,0.19,1,1661908,1661466,442
121487781,49.9847,62.3468,429,35820,0.0768651,0.05,1,1661975,1661546,429
121496541,34.663,34.4462,426,35997,0.0857994,0.05,1,1662089,1661663,426
121499461,28.2652,29.9785,423,36056,0.0523197,0.03,1,1662113,1661690,423
121502381,29.9061,30.5914,423,36115,0.0509279,0.07,1,1662144,1661721,423
121505301,55.7624,54.8366,425,36174,0.0503712,0.07,1,1662217,1661792,425
121508221,37.905,37.5346,425,36232,0.0501485,0.07,1,1662243,1661818,425
121511141,31.362,31.2138,425,36290,0.0620594,0.05,1,1662270,1661845,425
121514061,29.3448,29.8855,424,36348,0.0788238,0.05,1,1662298,1661874,424
121519901,26.1752,24.4617,427,36464,0.0858118,0.07,1,1662335,1661908,427
121522821,51.2701,49.9847,428,36522,0.0883247,0.23,1,1662403,1661975,428
121537421,28.5829,29.9061,422,36811,0.0965684,0.05,1,1662566,1662144,422
121566621,32.4807,36.4781,455,37381,0.211445,0.15,1,1662938,1662483,455
121569541,27.3923,31.9912,450,37438,0.234578,0.13,1,1662962,1662512,450
121572461,28.3569,27.7965,454,37494,0.231831,0.07,1,1662991,1662537,454
121598741,38.4954,52.2541,459,37998,0.438077,0.19,1,1663340,1662881,459
121648381,60.2053,58.7775,448,38932,0.75646,0.55,2,1663952,1663504,448
121651301,41.4821,40.311,449,38986,0.776584,0.59,2,1663981,1663532,449
121654221,34.5928,32.9244,451,39040,0.796634,0.59,2,1664011,1663560,451
121657141,32.4371,31.1698,452,39094,0.792653,0.59,2,1664042,1663590,452
121660061,14.1749,13.6679,452,39148,0.791061,0.59,2,1664044,1663592,452
121662981,26.0699,26.4672,451,39202,0.790425,0.63,2,1664078,1663627,451
121665901,54.828,53.7869,453,39256,0.79017,0.69,2,1664152,1663699,453
121668821,56.7312,53.9147,457,39310,0.826068,0.69,2,1664210,1663753,457
121671741,23.8925,22.7659,457,39364,0.840427,0.75,2,1664212,1663755,457
121674661,29.357,27.7064,459,39418,0.810171,0.75,2,1664245,1663786,459
121677581,29.7428,29.0825,459,39472,0.834068,0.75,2,1664275,1663816,459
121680501,26.2971,26.033,459,39526,0.855627,0.73,2,1664299,1663840,459
121683421,28.5188,29.0132,458,39579,0.864251,0.77,2,1664329,1663871,458
121686341,60.0075,60.2053,458,39632,0.8917,0.79,2,1664410,1663952,458
121689261,42.603,41.4821,460,39685,0.89068,0.81,2,1664441,1663981,460
121692181,35.0412,34.5928,460,39738,0.890272,0.79,2,1664471,1664011,460
121880521,326.156,351.867,463,18980,0.405693,0.71,1,1666761,1666298,463
121883441,179.662,178.547,482,19092,0.228277,0.31,1,1666843,1666361,482
121889281,109.626,106.087,475,19314,0.0953243,0.05,1,1667018,1666543,475
121892201,83.4504,98.235,448,19424,0.0681297,0.03,1,1667084,1666636,448
121895121,60.3802,73.494,436,19533,0.0572519,0.03,1,1667129,1666693,436
121898041,37.3521,38.3976,443,19642,0.0289008,0.01,1,1667151,1666708,443
121918481,87.5016,36.2093,544,20386,0.0622573,0.15,1,1667695,1667151,544
121921401,75.8006,84.0837,496,20490,0.0789029,0.17,1,1667763,1667267,496
121924321,93.9203,73.8335,535,20594,0.0735612,0.13,1,1667869,1667334,535
121927241,78.3681,94.3334,495,20697,0.0954245,0.15,1,1667937,1667442,495
121944761,86.0509,93.92,426,21304,0.24863,0.11,1,1668295,1667869,426
121956441,86.6685,85.2956,431,21700,0.414893,0.19,1,1668548,1668117,431
121959361,35.8674,35.3182,431,21798,0.435957,0.19,1,1668550,1668119,431
121997321,89.7112,34.6954,576,23030,0.787633,0.61,2,1669441,1668865,576
122000241,37.0845,88.8782,453,23122,0.813053,0.61,2,1669443,1668990,453
122003161,58.0338,36.7513,523,23214,0.835221,0.65,2,1669515,1668992,523
122006081,95.8135,57.9005,572,23305,0.844088,0.69,2,1669636,1669064,572
122009001,80.3254,92.7602,526,23396,0.871635,0.71,2,1669706,1669180,526
122011921,58.5302,79.1041,500,23487,0.882654,0.73,2,1669750,1669250,500
122102441,56.5412,52.7309,532,26140,0.88552,1,2,1671606,1671074,532
122105361,40.0165,56.4924,502,26221,0.792208,1,2,1671635,1671133,502
122119961,90.8466,43.0806,604,26623,0.0788354,0.97,1,1671991,1671387,604
122122881,50.1386,97.6322,493,26703,0.0615342,0.91,1,1672014,1671521,493
122125801,53.0554,55.8529,520,26782,0.0306137,0.85,1,1672069,1671549,520
122128721,35.0222,56.5412,486,26861,0.0422455,0.73,1,1672092,1671606,486
122131641,15.2089,40.0165,459,26940,0.0348982,0.57,1,1672094,1671635,459
122134561,22.2835,37.0066,451,27019,0.0919593,0.07,1,1672121,1671670,451
122143321,39.5861,42.6164,424,27253,0.0954054,0.05,1,1672292,1671868,424
122146241,89.0345,90.8466,423,27331,0.0801622,0.05,1,1672414,1671991,423
122149161,48.8138,50.1386,422,27408,0.0500649,0.01,1,1672436,1672014,422
122152081,53.1255,53.0554,423,27485,0.0260259,0.05,1,1672492,1672069,423
122166681,44.8922,44.9654,427,27868,0.205275,0.07,1,1672683,1672256,427
122169601,37.1569,39.5861,423,27944,0.22011,0.07,1,1672715,1672292,423
122172521,88.0628,89.0345,423,28020,0.250044,0.03,1,1672837,1672414,423
122175441,48.4251,48.8138,423,28096,0.238018,0.01,1,1672859,1672436,423
122178361,52.37,53.1255,422,28171,0.245207,0.15,1,1672914,1672492,422
122181281,39.548,36.8502,427,28246,0.236083,0.11,1,1672945,1672518,427
122184201,17.0192,15.9401,427,28321,0.208433,0.13,1,1672947,1672520,427
122187121,22.4077,22.576,426,28396,0.221373,0.13,1,1672973,1672547,426
122190041,79.1631,9.03041,543,28471,0.238549,0.25,1,1673090,1672547,543
122192961,45.4652,70.8122,454,28545,0.25742,0.21,1,1673113,1672659,454
122195881,38.5861,42.7249,464,28619,0.240968,0.23,1,1673147,1672683,464
122198801,88.6344,36.2899,554,28693,0.246387,0.27,1,1673269,1672715,554
122201721,48.6538,87.716,454,28767,0.248555,0.23,1,1673291,1672837,454
122204641,50.6615,48.2864,484,28841,0.261422,0.25,1,1673343,1672859,484
122207561,40.0646,52.3146,462,28914,0.290569,0.23,1,1673376,1672914,462
122219241,45.2145,79.1617,455,29206,0.407423,0.27,1,1673545,1673090,455
122222161,38.4858,45.4647,466,29278,0.432969,0.23,1,1673579,1673113,466
122225081,89.1943,38.5859,555,29350,0.431188,0.25,1,1673702,1673147,555
122228001,48.8777,88.6343,455,29422,0.430475,0.25,1,1673724,1673269,455
122230921,51.9511,48.6537,487,29494,0.44219,0.27,1,1673778,1673291,487
122233841,41.1804,50.6615,469,29566,0.446876,0.31,1,1673812,1673343,469
122236761,17.6722,40.0646,438,29638,0.44875,0.31,1,1673814,1673376,438
122239681,23.8689,17.2258,464,29709,0.4495,0.33,1,1673842,1673378,464
122271801,83.9402,82.7476,446,30484,0.755711,0.49,2,1674410,1673964,446
122274721,34.7761,34.299,446,30553,0.776284,0.51,2,1674412,1673966,446
122277641,27.7104,26.9196,447,30622,0.784514,0.57,2,1674435,1673988,447
122280561,33.2842,31.7678,449,30691,0.811805,0.65,2,1674472,1674023,449
122283481,88.9137,85.9071,453,30760,0.882722,0.65,2,1674598,1674145,453
122447001,33.0512,30.0585,512,34399,0.0923428,1,1,1677095,1676583,512
122449921,40.2205,36.6234,516,34460,0.0429371,1,1,1677140,1676624,516
122452841,35.8882,35.0494,515,34521,0.0231748,1,1,1677173,1676658,515
122455761,65.3553,33.2197,568,34582,0.0272699,0.93,1,1677258,1676690,568
122458681,38.1421,67.2879,498,34643,0.016908,1,1,1677278,1676780,498
122461601,37.4568,43.1152,508,34704,0.0247632,0.99,1,1677315,1676807,508
122464521,29.9827,43.0461,490,34765,0.0399053,0.87,1,1677340,1676850,490
122467441,55.1931,34.6184,533,34826,0.0459621,0.51,1,1677412,1676879,533
122470361,38.8772,67.2474,472,34887,0.0483848,0.35,1,1677440,1676968,472
122473281,26.3509,47.2989,456,34948,0.0373539,0.23,1,1677458,1677002,456
122476201,27.9404,36.3196,456,35008,0.0209416,0.09,1,1677487,1677031,456
122479121,28.5761,33.1278,454,35068,0.0143766,0.03,1,1677516,1677062,454
122482041,38.4305,33.0511,466,35128,0.0237507,0.01,1,1677561,1677095,466
122484961,35.1722,40.2205,454,35188,0.0515003,0.01,1,1677594,1677140,454
122487881,66.2689,35.8882,508,35248,0.0506001,0.03,1,1677681,1677173,508
122490801,37.3075,65.3553,441,35308,0.02624,0.01,1,1677699,1677258,441
122493721,37.723,38.1421,459,35368,0.040496,0.03,1,1677737,1677278,459
122496641,30.0892,37.4568,447,35428,0.0461984,0.05,1,1677762,1677315,447
122499561,55.8357,29.9827,495,35488,0.0484794,0.05,1,1677835,1677340,495
122502481,38.5343,55.1931,450,35548,0.0193917,0.05,1,1677862,1677412,450
122505401,26.2137,38.8772,440,35607,0.0377567,0.03,1,1677880,1677440,440
122508321,27.8855,26.3509,451,35666,0.0451027,0.01,1,1677909,1677458,451
122511241,12.3542,27.9404,424,35725,0.0480411,0.01,1,1677911,1677487,424
122514161,21.1417,28.5761,422,35784,0.0492164,0.03,1,1677938,1677516,422
122517081,35.4567,38.4305,422,35843,0.0616866,0.07,1,1677983,1677561,422
122520001,33.9827,35.1722,422,35902,0.0546746,0.05,1,1678016,1677594,422
122522921,66.9931,66.2689,424,35961,0.0278698,0.01,1,1678105,1677681,424
122525841,36.9972,37.3075,423,36020,0.0111479,0.05,1,1678122,1677699,423
122528761,37.5989,37.723,423,36079,0.0464592,0.05,1,1678160,1677737,423
122531681,30.6396,30.0892,424,36138,0.0245837,0.05,1,1678186,1677762,424
122534601,56.0558,55.8357,424,36196,0.0278335,0,1,1678259,1677835,424
122537521,38.6223,38.5343,424,36254,0.0171334,0.05,1,1678286,1677862,424
122540441,28.0489,26.2137,427,36312,0.0368534,0.05,1,1678307,1677880,427
122543361,26.8196,27.8855,424,36370,0.0447413,0.05,1,1678333,1677909,424
122546281,11.9278,12.3542,424,36428,0.0718965,0.05,1,1678335,1677911,424
122549201,19.7711,21.1417,422,36486,0.0587586,0.07,1,1678360,1677938,422
122555041,33.7634,33.9827,422,36602,0.0706014,0.01,1,1678438,1678016,422
122557961,66.9054,66.9931,422,36660,0.0582405,0,1,1678527,1678105,422
122560881,36.9621,36.9972,422,36718,0.0292962,0.07,1,1678544,1678122,422
122563801,38.1849,37.5989,423,36776,0.0417185,0.01,1,1678583,1678160,423
122566721,30.2739,30.6396,422,36833,0.0466874,0.03,1,1678608,1678186,422
122569641,56.5096,56.0558,423,36890,0.048675,0.01,1,1678682,1678259,423
122572561,38.2038,38.6223,422,36947,0.04947,0.05,1,1678708,1678286,422
122575481,29.0815,28.0489,424,37004,0.073788,0.05,1,1678731,1678307,424
122578401,27.8326,26.8196,425,37061,0.0715152,0.09,1,1678758,1678333,425
122581321,12.333,11.9278,425,37118,0.0706061,0.05,1,1678760,1678335,425
122584241,19.9332,19.7711,425,37175,0.0582424,0.05,1,1678785,1678360,425
122587161,33.7733,7.90845,468,37232,0.041297,0.13,1,1678828,1678360,468
122590081,33.3093,30.1634,456,37289,0.0465188,0.05,1,1678861,1678405,456
122593001,65.5237,31.8654,510,37346,0.0366075,0.05,1,1678948,1678438,510
122595921,36.4095,66.1461,438,37403,0.020643,0.01,1,1678965,1678527,438
122598841,37.9638,36.6585,460,37459,0.0262572,0.05,1,1679004,1678544,460
122601761,30.1855,38.0634,446,37515,0.0285029,0.05,1,1679029,1678583,446
122604681,57.6742,30.2254,497,37571,0.0654012,0.05,1,1679105,1678608,497
122625121,33.1795,33.7732,456,37963,0.0946161,0.05,1,1679284,1678828,456
122628041,64.8718,33.3093,509,38019,0.0558464,0.03,1,1679370,1678861,509
122630961,36.1487,65.5237,439,38075,0.0283386,0.01,1,1679387,1678948,439
122633881,37.8595,36.4095,461,38130,0.0293354,0.03,1,1679426,1678965,461
122636801,30.1438,37.9638,447,38185,0.0297342,0.03,1,1679451,1679004,447
122639721,60.0575,30.1855,502,38240,0.0418937,0.09,1,1679531,1679029,502
122642641,39.023,57.6742,451,38295,0.0347575,0.13,1,1679556,1679105,451
122645561,30.0092,38.0697,450,38350,0.031903,0.11,1,1679580,1679130,450
122648481,28.2037,29.6279,453,38405,0.0307612,0.11,1,1679607,1679154,453
122651401,12.4815,27.4511,429,38460,0.0303045,0.11,1,1679609,1679180,429
122654321,20.5926,12.1805,453,38515,0.0421218,0.15,1,1679635,1679182,453
122657241,34.637,19.8722,472,38570,0.0468487,0.13,1,1679679,1679207,472
122660161,15.0548,34.9489,429,38625,0.0487395,0.07,1,1679681,1679252,429
122663081,23.4219,33.1795,426,38680,0.0734958,0.03,1,1679710,1679284,426
122680601,38.547,39.023,423,39006,0.21734,0.03,1,1679979,1679556,423
122683521,30.4188,30.0092,424,39060,0.248936,0.03,1,1680004,1679580,424
122686441,27.7675,28.2037,423,39114,0.237574,0.03,1,1680030,1679607,423
122689361,12.307,12.4815,423,39168,0.25703,0.05,1,1680032,1679609,423
122692281,21.1228,20.5926,424,39222,0.264812,0.05,1,1680059,1679635,424
122698121,15.1396,15.0548,424,39330,0.29557,0.09,1,1680105,1679681,424
122701041,24.6559,23.4219,426,39384,0.280228,0.13,1,1680136,1679710,426
122712721,30.1032,29.4188,431,39598,0.44095,0.21,1,1680305,1679874,431
122806161,21.9018,12.7902,473,41269,0.760596,0.49,2,1681383,1680910,473
122809081,36.9607,21.9161,492,41320,0.778239,0.47,2,1681430,1680938,492
122812001,15.9843,36.9664,447,41371,0.761295,0.47,2,1681432,1680985,447
122814921,26.7937,15.9866,479,41422,0.766518,0.55,2,1681466,1680987,479
122817841,66.5175,24.9946,541,41473,0.792607,0.57,2,1681559,1681018,541
122820761,37.407,65.1979,467,41524,0.803043,0.57,2,1681577,1681110,467
122823681,16.1628,36.8791,451,41575,0.807217,0.61,2,1681579,1681128,451
122826601,32.2651,39.9517,452,41626,0.856887,0.61,2,1681622,1681170,452
122829521,27.906,30.3807,453,41677,0.864755,0.67,2,1681647,1681194,453
123025161,40.0729,56.4581,493,44942,0.854464,1,2,1683932,1683439,493
123036841,29.9891,27.7541,498,45130,0.41725,1,1,1684063,1683565,498
123039761,35.3956,24.3017,515,45177,0.2449,1,1,1684102,1683587,515
123045601,37.4633,38.2083,500,45271,0.059584,1,1,1684173,1683673,500
123048521,36.5853,31.4833,509,45318,0.0298336,1,1,1684209,1683700,509
123051441,36.2341,32.3933,512,45365,0.0119334,1,1,1684245,1683733,512
123054361,26.4937,34.5573,496,45411,0.0827734,1,1,1684265,1683769,496
123057281,22.5975,31.2229,487,45457,0.0991094,0.96,1,1684285,1683798,487
123060201,13.239,20.8892,480,45503,0.0936437,1,1,1684292,1683812,480
123063121,32.2956,32.9557,484,45549,0.0674575,1,1,1684337,1683853,484
123092321,35.1373,29.7453,457,46009,0.0941471,0.01,1,1684630,1684173,457
123095241,36.2549,33.4981,458,46055,0.0376588,0,1,1684667,1684209,458
123098161,27.102,34.9993,443,46101,0.0150635,0.13,1,1684688,1684245,443
123101081,24.6408,25.9997,446,46147,0.0240254,0.11,1,1684711,1684265,446
123104001,14.0563,22.3999,433,46193,0.00961016,0.09,1,1684718,1684285,433
123106921,31.4225,13.16,469,46239,0.0698441,0.05,1,1684761,1684292,469
123109841,26.369,32.264,447,46285,0.0819376,0.15,1,1684784,1684337,447
123112761,30.3476,24.9056,460,46331,0.0507751,0.11,1,1684817,1684357,460
123115681,31.939,30.9622,458,46377,0.06231,0.17,1,1684850,1684392,458
123118601,31.9756,30.3849,460,46422,0.078924,0.13,1,1684882,1684422,460
123121521,27.7902,31.354,453,46467,0.0735696,0.19,1,1684907,1684454,453
123124441,22.5161,26.9416,448,46512,0.0714278,0.17,1,1684926,1684478,448
123182841,15.4029,33.3316,433,47412,0.201135,0.15,1,1685486,1685053,433
123185761,26.5612,36.1326,429,47456,0.242454,0.11,1,1685520,1685091,429
123188681,22.6245,26.4531,429,47500,0.258982,0.15,1,1685540,1685111,429
123191601,21.0498,23.7812,427,47544,0.253593,0.11,1,1685560,1685133,427
123194521,12.6199,13.1125,428,47588,0.275437,0.09,1,1685567,1685139,428
123197441,32.048,32.845,427,47632,0.296175,0.17,1,1685612,1685185,427
123212041,26.7378,27.1559,429,47852,0.40438,0.15,1,1685759,1685330,429
123214961,24.4951,24.0623,430,47896,0.419752,0.19,1,1685782,1685352,430
123217881,28.998,29.4249,429,47940,0.413901,0.15,1,1685814,1685385,429
123220801,25.9992,26.17,429,47984,0.43556,0.15,1,1685838,1685409,429
123279201,26.7649,27.3872,443,48855,0.751558,0.47,2,1686396,1685953,443
123290881,33.402,12.7011,492,49027,0.759352,0.51,2,1686495,1686003,492
123293801,30.1608,32.6804,474,49070,0.765741,0.51,2,1686523,1686049,474
123296721,33.0643,29.8722,481,49113,0.756296,0.57,2,1686558,1686077,481
123337601,34.9194,14.505,505,49712,0.797566,0.77,2,1686954,1686449,505
123340521,30.7677,33.402,487,49754,0.829026,0.77,2,1686982,1686495,487
123343441,32.7071,30.1608,493,49796,0.841611,0.75,2,1687016,1686523,493
123346361,32.2828,33.0643,490,49838,0.858644,0.71,2,1687048,1686558,490
123349281,35.7131,33.6257,494,49880,0.889458,0.71,2,1687086,1686592,494
123558061,218.567,202.895,506,24178,0.202,0.43,1,1689446,1688940,506
123569741,75.8337,77.0501,462,24527,0.0704032,0.05,1,1689705,1689243,462
123572661,51.3335,62.62,444,24613,0.0461613,0.03,1,1689740,1689296,444
123575581,40.3334,47.848,439,24699,0.0244645,0.01,1,1689773,1689334,439
123578501,29.9334,41.9392,424,24785,0.0757858,0.09,1,1689796,1689372,424
123581421,57.5733,61.1757,426,24871,0.0363143,0.13,1,1689872,1689446,426
123584341,42.8293,43.0703,428,24956,0.0685257,0.19,1,1689905,1689477,428
123587261,68.1317,67.0281,430,25041,0.0814103,0.05,1,1689990,1689560,430
123598941,40.1154,39.6887,425,25378,0.0997641,0.11,1,1690198,1689773,425
123610621,68.7934,39.9392,509,25710,0.202186,0.09,1,1690414,1689905,509
123628141,58.9228,28.6343,506,26200,0.211055,0.19,1,1690725,1690219,506
123631061,44.5691,56.4537,466,26281,0.294422,0.21,1,1690760,1690294,466
123639821,69.9324,70.117,499,26522,0.414123,0.17,1,1690984,1690485,499
123642741,48.373,70.0468,463,26602,0.447649,0.17,1,1691018,1690555,463
123689461,70.7298,67.8995,452,27848,0.786393,0.65,2,1691806,1691354,452
123692381,72.6919,71.5598,452,27924,0.824557,0.63,2,1691880,1691428,452
123695301,50.6768,49.6239,453,28000,0.851823,0.65,2,1691916,1691463,453
123698221,41.8707,40.8496,454,28076,0.862729,0.69,2,1691952,1691498,454
123701141,31.1483,30.7398,454,28151,0.879092,0.71,2,1691976,1691522,454
123704061,63.4593,62.6959,455,28226,0.897637,0.71,2,1692061,1691606,455
123815021,54.0755,62.3271,475,30948,0.867092,1,2,1693951,1693476,475
123826701,67.5955,72.0692,478,31220,0.206758,0.97,1,1694170,1693692,478
123829621,61.8382,51.6277,498,31288,0.088703,0.97,1,1694228,1693730,498
123832541,47.5353,20.6511,536,31356,0.0534812,1,1,1694266,1693730,536
123835461,33.4141,34.0604,517,31423,0.0393925,1,1,1694290,1693773,517
123838381,33.7656,38.2242,510,31490,0.033757,0.93,1,1694324,1693814,510
123841301,32.1063,34.4897,509,31557,0.0435028,1,1,1694355,1693846,509
123844221,46.4425,38.3959,524,31624,0.0474011,0.79,1,1694411,1693887,524
123847141,35.977,53.7583,489,31691,0.0369604,0.65,1,1694440,1693951,489
123850061,29.9908,41.3033,482,31758,0.0447842,0.65,1,1694466,1693984,482
123852981,51.5963,36.9213,514,31825,0.0719137,0.33,1,1694532,1694018,514
123858821,60.2154,67.5874,484,31957,0.0655062,0.01,1,1694654,1694170,484
123861741,46.8862,61.835,464,32023,0.0922025,0.03,1,1694692,1694228,464
123864661,32.5545,47.534,449,32089,0.066881,0.03,1,1694715,1694266,449
123867581,31.0218,33.4136,455,32155,0.0807524,0.03,1,1694745,1694290,455
123870501,31.6087,33.7654,453,32221,0.038301,0.05,1,1694777,1694324,453
123873421,46.2435,32.1062,478,32287,0.0213204,0.05,1,1694833,1694355,478
123876341,35.8974,46.4425,451,32353,0.0265282,0.03,1,1694862,1694411,451
123879261,29.959,35.977,448,32418,0.0286113,0.05,1,1694888,1694440,448
123882181,50.9836,29.9908,487,32483,0.0414445,0.09,1,1694953,1694466,487
123885101,58.7934,51.5963,485,32548,0.0825778,0.15,1,1695017,1694532,485
123888021,58.9174,56.0385,485,32613,0.0510311,0.03,1,1695076,1694591,485
123890941,49.9669,60.2154,466,32678,0.0624124,0.11,1,1695120,1694654,466
123893861,31.3868,46.8862,447,32743,0.078965,0.05,1,1695139,1694692,447
123896781,13.7547,32.5545,426,32808,0.061586,0.09,1,1695141,1694715,426
123899701,23.5019,31.0218,426,32872,0.0546344,0.01,1,1695171,1694745,426
123902621,26.2008,31.6087,422,32936,0.0638538,0.01,1,1695199,1694777,422
123905541,45.2803,46.2435,424,33000,0.0915415,0.03,1,1695257,1694833,424
123908461,34.9121,35.8974,423,33064,0.0786166,0.03,1,1695285,1694862,423
123911381,29.5648,29.959,423,33128,0.0494466,0.05,1,1695311,1694888,423
123914301,52.0259,50.9836,425,33192,0.0617787,0.11,1,1695378,1694953,425
123920141,57.1641,58.9174,423,33320,0.0710846,0.07,1,1695499,1695076,423
123923061,50.4657,49.9669,425,33383,0.0464338,0.09,1,1695545,1695120,425
123925981,30.9863,31.3868,424,33446,0.0605735,0.05,1,1695563,1695139,424
123928901,13.5945,13.7547,424,33509,0.0662294,0.05,1,1695565,1695141,424
123931821,24.0378,23.5019,425,33572,0.0684918,0.07,1,1695596,1695171,425
123934741,26.4151,26.2008,425,33635,0.0813967,0.11,1,1695624,1695199,425
123937661,46.566,45.2803,427,33698,0.0985587,0.07,1,1695684,1695257,427
123955181,49.3084,50.4657,422,34073,0.0819365,0.07,1,1695967,1695545,422
123958101,31.1233,30.9863,423,34135,0.0747746,0.07,1,1695986,1695563,423
123961021,13.6493,13.5945,423,34197,0.0719098,0.07,1,1695988,1695565,423
123963941,24.0597,24.0378,423,34259,0.0827639,0.07,1,1696019,1695596,423
123966861,27.6239,9.61512,453,34321,0.0631056,0.09,1,1696049,1695596,453
123969781,47.6496,20.646,486,34383,0.0432422,0.11,1,1696110,1695624,486
123972701,32.8598,44.2584,449,34444,0.0232969,0.15,1,1696133,1695684,449
123975621,29.9439,31.5034,454,34505,0.0393188,0.17,1,1696161,1695707,454
123978541,53.9776,28.8013,497,34566,0.0817275,0.15,1,1696231,1695734,497
123981461,61.791,52.9205,495,34627,0.086691,0.19,1,1696298,1695803,495
123984381,54.7164,61.3682,478,34688,0.0886764,0.15,1,1696348,1695870,478
123998981,27.8147,24.0591,453,34993,0.200041,0.05,1,1696472,1696019,453
124001901,47.1259,27.6237,483,35053,0.254016,0.03,1,1696532,1696049,483
124004821,32.6504,47.6495,445,35113,0.299607,0.01,1,1696555,1696110,445
124019421,48.2959,54.7164,469,35413,0.441798,0.13,1,1696817,1696348,469
124083661,64.7271,63.3744,453,36704,0.820846,0.65,2,1697618,1697165,453
124086581,57.0908,55.9498,454,36762,0.826338,0.69,2,1697670,1697216,454
124089501,51.0363,50.5799,454,36819,0.840535,0.69,2,1697717,1697263,454
124092421,32.4145,32.232,454,36876,0.846214,0.69,2,1697737,1697283,454
124095341,14.1658,14.0928,454,36933,0.848486,0.63,2,1697739,1697285,454
124098261,24.8663,25.4371,453,36990,0.861394,0.67,2,1697771,1697318,453
124101181,27.9465,28.1748,453,37047,0.878558,0.67,2,1697801,1697348,453
124104101,12.3786,12.4699,453,37104,0.885423,0.73,2,1697803,1697350,453
124107021,47.5514,44.588,458,37161,0.888169,0.73,2,1697874,1697416,458
124109941,33.4206,17.8352,482,37218,0.865268,0.75,2,1697898,1697416,482
124112861,33.1682,21.5341,491,37275,0.868107,0.75,2,1697931,1697440,491
124115781,59.4673,29.0136,534,37332,0.833243,0.75,2,1698008,1697474,534
124118701,66.9869,56.6055,531,37389,0.831297,0.87,2,1698080,1697549,531
124121621,57.9948,64.0422,514,37446,0.866519,0.83,2,1698132,1697618,514
124124541,50.7979,56.8169,508,37502,0.880608,0.85,2,1698178,1697670,508
124127461,32.3192,50.9267,481,37558,0.886243,0.85,2,1698198,1697717,481
124130381,14.1277,32.3707,463,37614,0.888497,0.85,2,1698200,1697737,463
124133301,26.0511,14.1483,495,37670,0.889399,0.87,2,1698234,1697739,495
124136221,28.4204,24.8593,493,37726,0.88976,0.89,2,1698264,1697771,493
124139141,12.5682,27.9437,465,37782,0.889904,0.89,2,1698266,1697801,465
124264701,31.2293,13.9515,521,40116,0.883312,1,2,1699905,1699384,521
124267621,54.4917,28.9806,552,40169,0.815325,1,2,1699975,1699423,552
124279301,34.395,40.5147,508,40378,0.43852,1,1,1700150,1699642,508
124285141,27.2232,27.8424,508,40482,0.428963,1,1,1700203,1699695,508
124288061,30.0893,30.3369,508,40534,0.405585,1,1,1700235,1699727,508
124293901,26.1743,29.4539,499,40638,0.291694,0.95,1,1700285,1699786,499
124296821,27.2697,25.5816,504,40690,0.278677,1,1,1700313,1699809,504
124299741,30.7079,29.4326,505,40742,0.261471,0.95,1,1700346,1699841,505
124302661,27.2832,31.5731,497,40794,0.290588,0.83,1,1700371,1699874,497
124308501,56.6853,54.4917,521,40898,0.417294,0.67,1,1700496,1699975,521
124311421,41.2741,63.7967,482,40950,0.412918,0.57,1,1700527,1700045,482
124314341,42.9096,47.7187,489,41002,0.447167,0.43,1,1700571,1700082,489
124384421,51.6596,50.677,452,42218,0.764672,0.61,2,1701325,1700873,452
124387341,21.8638,21.4708,452,42268,0.779869,0.61,2,1701327,1700875,452
124390261,45.9455,46.9883,450,42318,0.821948,0.63,2,1701389,1700939,450
124393181,36.9782,36.7953,451,42368,0.862779,0.65,2,1701420,1700969,451
124396101,45.3913,43.5181,454,42418,0.855112,0.67,2,1701471,1701017,454
124399021,34.3565,33.0073,455,42468,0.864045,0.67,2,1701498,1701043,455
124401941,29.3426,28.8029,455,42518,0.879618,0.71,2,1701524,1701069,455
124635541,320.629,347.385,464,20440,0.44056,0.71,1,1704150,1703686,464
124638461,192.452,189.354,487,21270,0.266224,0.57,1,1704257,1703770,487
124641381,114.781,123.742,470,21370,0.24449,0.39,1,1704320,1703850,470
124644301,83.7122,84.8967,474,21469,0.211796,0.29,1,1704383,1703909,474
124647221,59.8849,69.9587,458,21568,0.222718,0.17,1,1704427,1703969,458
124650141,75.554,64.5835,483,21666,0.251087,0.19,1,1704513,1704030,483
124653061,41.6216,70.2334,428,21764,0.286435,0.13,1,1704532,1704104,428
124670581,74.7377,73.1544,436,22342,0.435472,0.31,1,1704949,1704513,436
124711461,79.0647,53.5667,548,23636,0.779145,0.67,2,1705847,1705299,548
124714381,43.6259,77.8267,474,23726,0.797658,0.67,2,1705867,1705393,474
124717301,46.2503,43.1307,502,23815,0.817063,0.63,2,1705915,1705413,502
124720221,85.7001,47.2523,564,23904,0.848825,0.65,2,1706027,1705463,564
124723141,35.4801,84.9009,456,23993,0.88553,0.69,2,1706029,1705573,456
124947981,59.2937,65.6831,482,30037,0.858617,1,2,1710297,1709815,482
124950901,45.3175,52.0732,475,30107,0.877447,1,2,1710333,1709858,475
124953821,58.327,58.0293,480,30177,0.824979,1,2,1710400,1709920,480
124956741,40.1308,43.6117,474,30247,0.851991,1,2,1710428,1709954,474
124959661,68.2523,64.2447,483,30317,0.826797,0.99,2,1710515,1710032,483
124962581,48.3009,48.4979,480,30387,0.816719,0.84,2,1710550,1710070,480
124965501,49.3204,56.5991,468,30457,0.812687,0.99,2,1710600,1710132,468
124968421,41.9281,44.8397,468,30526,0.871075,0.97,2,1710637,1710169,468
124971341,37.1713,38.3359,468,30595,0.87043,0.91,2,1710671,1710203,468
124974261,19.6685,20.7343,467,30664,0.894172,0.81,2,1710679,1710212,467
125126101,41.0905,41.8272,488,34065,0.88792,1,2,1713113,1712625,488
125134861,35.1258,34.1409,516,34251,0.445867,1,1,1713234,1712718,516
125137781,22.4503,13.6564,530,34313,0.400347,1,1,1713248,1712718,530
125140701,36.5801,28.8626,537,34375,0.298139,1,1,1713294,1712757,537
125149461,56.2931,78.8872,514,34559,0.0505209,1,1,1713472,1712958,514
125152381,38.7173,54.9549,502,34620,0.0382084,0.92,1,1713499,1712997,502
125155301,40.0869,39.982,513,34681,0.0332833,0.99,1,1713540,1713027,513
125158221,35.8348,44.1928,499,34742,0.0553133,0.83,1,1713573,1713074,499
125161141,37.7339,41.0771,499,34803,0.0401253,0.59,1,1713612,1713113,499
125164061,35.4936,47.0308,482,34864,0.0340501,0.41,1,1713646,1713164,482
125166981,29.1974,42.8123,467,34925,0.0436201,0.39,1,1713671,1713204,467
125169901,17.679,35.1249,447,34986,0.047448,0.37,1,1713681,1713234,447
125172821,29.2716,22.45,470,35046,0.0609792,0.23,1,1713718,1713248,470
125175741,32.7086,36.58,459,35106,0.0663917,0.09,1,1713753,1713294,459
125178661,70.0835,36.832,517,35166,0.0445567,0.07,1,1713848,1713331,517
125181581,55.0334,71.7328,467,35226,0.0358227,0.01,1,1713893,1713426,467
125184501,38.8134,56.2931,449,35286,0.0323291,0.03,1,1713921,1713472,449
125187421,41.3253,38.7172,465,35346,0.0429316,0.03,1,1713964,1713499,465
125210781,31.6888,32.7086,427,35822,0.206015,0.03,1,1714180,1713753,427
125216621,53.4302,55.0334,424,35940,0.0629624,0.03,1,1714317,1713893,424
125219541,38.7721,38.8134,425,35999,0.031185,0.05,1,1714346,1713921,425
125222461,43.1088,41.3253,428,36058,0.054474,0.17,1,1714392,1713964,428
125225381,38.2435,35.7301,431,36117,0.0877896,0.11,1,1714427,1713996,431
125254581,37.9922,38.7721,422,36698,0.0790301,0.07,1,1714768,1714346,422
125257501,44.5969,43.1088,425,36756,0.049612,0.11,1,1714817,1714392,425
125260421,40.0388,38.2435,427,36813,0.0258448,0.15,1,1714854,1714427,427
125263341,37.6155,36.8974,427,36870,0.0763379,0.15,1,1714890,1714463,427
125330501,39.722,43.1827,466,38167,0.205848,0.15,1,1715705,1715239,466
125333421,38.6888,40.0731,466,38222,0.256339,0.13,1,1715743,1715277,466
125409341,40.7567,40.8008,447,39634,0.788572,0.57,2,1716626,1716179,447
125412261,38.5027,37.9203,448,39687,0.813429,0.57,2,1716663,1716215,448
125415181,32.2011,31.9681,448,39740,0.835371,0.53,2,1716691,1716243,448
125418101,18.8804,18.7872,448,39793,0.820149,0.53,2,1716701,1716253,448
125421021,8.75217,8.7149,448,39846,0.814059,0.59,2,1716703,1716255,448
125423941,32.9009,31.086,451,39899,0.823624,0.61,2,1716752,1716301,451
125426861,35.9603,34.6344,452,39952,0.851449,0.69,2,1716790,1716338,452
125625421,34.7718,31.1802,523,43399,0.8836,1,2,1719199,1718676,523
125628341,51.7087,24.4721,566,43448,0.75544,1,2,1719262,1718696,566
125642941,29.2508,27.0068,519,43690,0.43771,1,1,1719432,1718913,519
125654621,29.064,29.4002,505,43882,0.217269,1,1,1719533,1719028,505
125657541,27.8256,30.9601,500,43930,0.200908,1,1,1719560,1719060,500
125666301,33.1488,34.4294,497,44074,0.0990181,0.85,1,1719661,1719164,497
125677981,35.8934,43.7934,477,44266,0.0836069,0.51,1,1719821,1719344,477
125680901,29.9574,37.3174,470,44314,0.0994428,0.49,1,1719847,1719377,470
125707181,28.8204,30.3721,426,44739,0.228796,0.09,1,1720052,1719626,426
125710101,31.9281,33.1488,425,44786,0.241518,0.13,1,1720086,1719661,425
125713021,45.7713,44.4595,428,44833,0.246607,0.13,1,1720141,1719713,428
125715941,36.9085,37.5838,426,44880,0.260643,0.09,1,1720172,1719746,426
125718861,39.9634,40.2335,426,44927,0.290257,0.07,1,1720214,1719788,426
125721781,35.7854,35.8934,426,44974,0.290103,0.11,1,1720247,1719821,426
125745141,27.798,26.3772,430,45350,0.40162,0.23,1,1720423,1719993,430
125750981,29.8877,28.8204,432,45443,0.403859,0.25,1,1720484,1720052,432
125753901,34.1551,31.9281,435,45489,0.431544,0.25,1,1720521,1720086,435
125756821,46.062,45.7713,434,45535,0.430617,0.27,1,1720575,1720141,434
125853181,37.9754,42.1804,488,47038,0.783182,0.65,2,1721585,1721097,488
125856101,30.7902,37.8722,479,47083,0.811273,0.65,2,1721611,1721132,479
125859021,26.7161,30.7489,477,47128,0.822509,0.61,2,1721635,1721158,477
125861941,21.4864,27.8995,469,47173,0.827004,0.61,2,1721653,1721184,469
125864861,27.1946,21.9598,482,47218,0.864801,0.61,2,1721684,1721202,482
125867781,12.0778,27.3839,453,47263,0.879921,0.61,2,1721686,1721233,453
125870701,15.6311,12.1536,469,47308,0.897968,0.61,2,1721704,1721235,469
126070721,176.867,172.453,509,22724,0.410493,0.91,1,1723815,1723306,509
126073641,125.947,119.981,516,22817,0.278197,0.81,1,1723907,1723391,516
126076561,86.3788,99.5925,490,22910,0.273279,0.73,1,1723967,1723477,490
126079481,80.1515,90.237,482,23003,0.283312,0.57,1,1724043,1723561,482
126082401,62.6606,71.4948,474,23095,0.287325,0.45,1,1724094,1723620,474
126097001,67.0996,76.8582,492,23550,0.449448,0.27,1,1724399,1723907,492
126146641,75.1787,75.3921,455,25036,0.761763,0.65,2,1725381,1724926,455
126149561,61.2715,61.9568,454,25121,0.766705,0.65,2,1725433,1724979,454
126152481,67.7086,69.1827,452,25205,0.816682,0.61,2,1725505,1725053,452
126155401,33.0834,33.6731,452,25289,0.812673,0.61,2,1725515,1725063,452
126158321,14.4334,14.6692,452,25373,0.811069,0.67,2,1725517,1725065,452
126161241,53.7733,52.6677,454,25457,0.870428,0.67,2,1725597,1725143,454
126245921,53.5823,60.6099,477,27768,0.750456,1,2,1727269,1726792,477
126257601,40.6933,35.6124,497,28072,0.0672597,1,1,1727477,1726980,497
126260521,36.0773,38.245,490,28147,0.0329039,1,1,1727510,1727020,490
126263441,74.4309,80.098,482,28222,0.0551615,0.99,1,1727610,1727128,482
126266361,51.3724,62.6392,467,28297,0.0640646,0.89,1,1727646,1727179,467
126269281,35.5489,42.4557,463,28372,0.0676259,0.89,1,1727671,1727208,463
126272201,43.6196,16.9823,512,28447,0.0450503,0.63,1,1727720,1727208,512
126280961,42.7277,60.7029,463,28669,0.0784832,0,1,1727866,1727403,463
126283881,38.6911,47.0811,461,28743,0.0733933,0.01,1,1727902,1727441,461
126286801,33.4764,40.4325,455,28817,0.0353573,0.01,1,1727932,1727477,455
126289721,72.7906,35.973,521,28890,0.0681429,0.07,1,1728031,1727510,521
126316001,73.8967,33.4764,524,29543,0.0894496,0.09,1,1728456,1727932,524
126318921,53.5587,72.7906,465,29615,0.0537798,0.17,1,1728496,1728031,465
126321841,36.4235,51.9162,452,29686,0.0395119,0.15,1,1728521,1728069,452
126324761,42.7694,35.1665,475,29757,0.0578048,0.13,1,1728568,1728093,475
126327681,58.5078,42.8666,496,29828,0.0531219,0.13,1,1728637,1728141,496
126330601,24.6031,57.3466,431,29899,0.0512488,0.17,1,1728639,1728208,431
126333521,38.6412,52.3387,430,29970,0.0864995,0.17,1,1728687,1728257,430
126348121,51.5426,53.5587,423,30321,0.0904825,0.03,1,1728919,1728496,423
126351041,35.617,36.4235,423,30391,0.066193,0.07,1,1728944,1728521,423
126362721,39.2014,38.6412,425,30668,0.240783,0.13,1,1729112,1728687,425
126365641,37.2806,35.2565,428,30737,0.258313,0.15,1,1729148,1728720,428
126368561,39.5122,38.1026,429,30806,0.265325,0.19,1,1729189,1728760,429
126371481,30.2049,29.641,429,30875,0.26813,0.09,1,1729213,1728784,429
126374401,66.682,68.8564,425,30944,0.281252,0.07,1,1729304,1728879,425
126386081,60.8191,58.2587,432,31216,0.4092,0.21,1,1729493,1729061,432
126389001,25.5276,24.5035,432,31284,0.43368,0.21,1,1729495,1729063,432
126391921,39.611,9.8014,481,31352,0.431472,0.27,1,1729544,1729063,481
126397761,39.2178,34.9282,473,31486,0.439836,0.27,1,1729621,1729148,473
126400681,30.6871,38.5713,457,31553,0.433934,0.27,1,1729646,1729189,457
126438641,37.526,51.8299,472,32414,0.754172,0.49,2,1730252,1729780,472
126441561,48.6104,36.932,501,32479,0.763669,0.53,2,1730308,1729807,501
126444481,64.4442,47.1728,522,32544,0.755468,0.57,2,1730383,1729861,522
126447401,26.9777,62.6691,451,32609,0.752187,0.57,2,1730385,1729934,451
126450321,42.5911,26.2676,502,32674,0.774875,0.61,2,1730438,1729936,502
126459081,30.9498,39.3611,456,32868,0.773672,0.65,2,1730519,1730063,456
126462001,27.9799,31.3445,456,32932,0.783469,0.73,2,1730545,1730089,456
126464921,69.392,69.5378,458,32996,0.811388,0.75,2,1730642,1730184,458
126467841,52.3568,51.8151,459,33060,0.822555,0.77,2,1730683,1730224,459
126470761,38.3427,37.526,460,33124,0.851022,0.77,2,1730712,1730252,460
126473681,48.9371,48.6104,460,33188,0.838409,0.75,2,1730768,1730308,460
126476601,63.9748,64.4442,459,33252,0.833364,0.75,2,1730842,1730383,459
126479521,26.7899,26.9777,459,33316,0.831345,0.79,2,1730844,1730385,459
126608001,62.3324,60.7447,489,36002,0.81351,1,2,1732735,1732246,489
126622601,33.3244,30.3465,496,36295,0.280615,1,1,1732898,1732402,496
126628441,29.0919,30.8954,491,36411,0.0700984,1,1,1732958,1732467,491
126631361,50.0368,54.3582,485,36469,0.0580394,1,1,1733022,1732537,485
126634281,39.2147,40.9433,485,36527,0.0412157,0.97,1,1733054,1732569,485
126637201,27.6859,32.5773,478,36585,0.0164863,0.91,1,1733074,1732596,478
126640121,47.0744,56.8309,465,36643,0.0365945,0.73,1,1733134,1732669,465
126643041,53.0297,62.3324,456,36701,0.0326378,0.53,1,1733191,1732735,456
126645961,38.6119,47.7329,447,36759,0.0190551,0.51,1,1733220,1732773,447
126648881,35.2448,40.6932,444,36816,0.049622,0.41,1,1733253,1732809,444
126651801,29.6979,34.2773,440,36873,0.0738488,0.33,1,1733279,1732839,440
126654721,21.4792,26.3109,435,36930,0.0715395,0.21,1,1733295,1732860,435
126657641,29.5917,33.3244,432,36987,0.0826158,0.03,1,1733330,1732898,432
126663481,26.0947,29.0919,422,37101,0.0744185,0.05,1,1733380,1732958,422
126666401,49.4379,50.0368,423,37158,0.0597674,0.05,1,1733445,1733022,423
126669321,37.7751,20.0147,453,37215,0.041907,0.03,1,1733475,1733022,453
126672241,28.3101,27.2059,443,37272,0.0227628,0,1,1733497,1733054,443
126675161,46.124,22.8824,481,37329,0.0511051,0.05,1,1733555,1733074,481
126678081,53.2496,45.1529,479,37386,0.0744421,0.03,1,1733613,1733134,479
126681001,38.0998,52.2612,450,37443,0.0477768,0.01,1,1733641,1733191,450
126683921,36.2399,38.3045,456,37499,0.0251107,0.07,1,1733676,1733220,456
126686841,30.696,35.1218,450,37555,0.0520443,0.09,1,1733703,1733253,450
126689761,21.8784,29.6487,440,37611,0.0628177,0.07,1,1733719,1733279,440
126692681,29.1514,21.4595,458,37667,0.0791271,0.09,1,1733753,1733295,458
126695601,27.2605,29.5838,449,37723,0.0976508,0.13,1,1733779,1733330,449
126701441,48.6417,26.0934,486,37835,0.0720241,0.05,1,1733866,1733380,486
126704361,38.0567,49.4374,452,37891,0.0708097,0.03,1,1733897,1733445,452
126707281,28.4227,37.7749,444,37947,0.0583239,0.01,1,1733919,1733475,444
126710201,45.5691,28.31,479,38003,0.0653295,0.07,1,1733976,1733497,479
126713121,54.2276,46.124,481,38059,0.0561318,0.09,1,1734036,1733555,481
126716041,37.891,53.2496,450,38115,0.0524527,0.03,1,1734063,1733613,450
126718961,35.5564,38.0998,456,38170,0.0629811,0.01,1,1734097,1733641,456
126721881,32.2226,36.2399,451,38225,0.0671924,0.07,1,1734127,1733676,451
126724801,22.489,30.696,440,38280,0.092877,0.07,1,1734143,1733703,440
126730641,27.8382,29.1514,452,38390,0.0832603,0.11,1,1734205,1733753,452
126733561,21.9353,27.2605,444,38445,0.0753041,0.11,1,1734223,1733779,444
126736481,48.9741,24.1042,489,38500,0.0361217,0.05,1,1734290,1733801,489
126739401,38.1896,48.6417,455,38555,0.0444487,0.07,1,1734321,1733866,455
126742321,26.6759,38.0567,443,38610,0.0477795,0.05,1,1734340,1733897,443
126745241,11.8703,28.4227,423,38665,0.0491118,0.07,1,1734342,1733919,423
126748161,38.9481,45.5691,423,38720,0.0496447,0.05,1,1734399,1733976,423
126751081,52.1793,54.2276,424,38775,0.0378579,0.05,1,1734460,1734036,424
126754001,37.6717,37.891,425,38829,0.0571432,0.07,1,1734488,1734063,425
126777361,38.8874,38.1896,425,39261,0.0976886,0.05,1,1734746,1734321,425
126780281,26.355,26.6759,424,39315,0.0930754,0.05,1,1734764,1734340,424
126786121,37.6968,38.9481,422,39423,0.0880921,0.03,1,1734821,1734399,422
126809481,21.7853,21.7962,427,39848,0.205534,0.09,1,1735075,1734648,427
126812401,45.9141,47.7185,424,39901,0.232214,0.09,1,1735137,1734713,424
126815321,39.3657,38.8874,426,39954,0.206885,0.09,1,1735172,1734746,426
126818241,26.5463,26.355,426,40007,0.220754,0.13,1,1735190,1734764,426
126821161,11.8185,11.742,426,40060,0.226302,0.13,1,1735192,1734766,426
126824081,37.1274,4.69679,480,40113,0.216521,0.07,1,1735246,1734766,480
126827001,53.851,34.8787,490,40166,0.248608,0.11,1,1735311,1734821,490
126829921,39.5404,51.7515,457,40219,0.297443,0.17,1,1735341,1734884,457
126850361,46.7221,21.7835,493,40583,0.417718,0.25,1,1735568,1735075,493
126853281,39.0889,45.9134,465,40635,0.437087,0.19,1,1735602,1735137,465
126856201,26.4355,39.3654,448,40687,0.444835,0.23,1,1735620,1735172,448
126859121,11.7742,26.5461,432,40739,0.447934,0.23,1,1735622,1735190,432
126862041,38.9097,11.8185,487,40791,0.449174,0.21,1,1735679,1735192,487
126923361,32.6639,30.5914,456,41865,0.753262,0.69,2,1736384,1735928,456
126926281,23.8656,23.0366,456,41915,0.763305,0.69,2,1736402,1735946,456
126929201,47.9462,47.6146,456,41965,0.779322,0.69,2,1736466,1736010,456
126932121,40.1785,40.0458,456,42015,0.773729,0.69,2,1736501,1736045,456
126937961,11.9486,11.9273,456,42115,0.760997,0.71,2,1736521,1736065,456
126940881,40.1794,39.5709,457,42165,0.790399,0.69,2,1736580,1736123,457
126943801,59.2718,60.8284,454,42215,0.850159,0.65,2,1736652,1736198,454
126946721,24.9087,25.5313,454,42265,0.874064,0.67,2,1736654,1736200,454
126949641,28.5635,28.2125,455,42315,0.847625,0.71,2,1736685,1736230,455
126952561,31.8254,31.685,455,42365,0.89705,0.71,2,1736719,1736264,455
127294201,36.9305,33.9667,501,47839,0.898,1,2,1740550,1740049,501
127308801,32.3106,29.9859,500,48059,0.843676,1,2,1740705,1740205,500
127311721,35.7243,25.7944,515,48103,0.75147,1,2,1740743,1740228,515
127314641,32.8897,33.1177,508,48147,0.750588,1,2,1740774,1740266,508
127332161,19.3981,21.2889,481,48411,0.406395,1,1,1740917,1740436,481
127335081,33.5592,31.3155,486,48455,0.252558,1,1,1740960,1740474,486
127340921,33.2095,36.9305,478,48541,0.0728093,1,1,1741028,1740550,478
127343841,39.6838,37.5722,484,48584,0.0711237,1,1,1741072,1740588,484
127346761,32.6735,34.2289,480,48627,0.0464495,0.97,1,1741100,1740620,480
127349681,22.6694,28.6916,471,48670,0.0365798,0.89,1,1741116,1740645,471
127352601,19.2678,25.2766,465,48713,0.0326319,0.79,1,1741133,1740668,465
127355521,23.3071,32.3106,454,48756,0.0310528,0.69,1,1741159,1740705,454
127358441,29.7228,35.7243,450,48799,0.0184211,0.75,1,1741193,1740743,450
127361361,32.2891,32.8897,453,48842,0.0133684,0.75,1,1741227,1740774,453
127364281,27.3157,13.1559,477,48885,0.0473474,0.69,1,1741251,1740774,477
127367201,13.9263,20.2624,457,48928,0.048939,0.71,1,1741256,1740799,457
127370121,25.9705,11.7049,485,48971,0.0495756,0.59,1,1741290,1740805,485
127373041,27.1882,28.082,474,49014,0.0378302,0.47,1,1741318,1740844,474
127375961,24.6753,32.2328,462,49057,0.0571321,0.41,1,1741341,1740879,462
127378881,15.8701,27.2931,448,49100,0.0528528,0.37,1,1741351,1740903,448
127381801,26.148,19.3172,467,49143,0.0631411,0.15,1,1741384,1740917,467
127387641,31.3037,35.0108,453,49229,0.0473026,0.01,1,1741449,1740996,453
127390561,38.9215,33.2043,465,49272,0.036921,0.07,1,1741493,1741028,465
127393481,33.5686,39.6817,451,49315,0.0687684,0.03,1,1741523,1741072,451
127396401,21.8274,32.6727,437,49358,0.0455074,0.03,1,1741537,1741100,437
127399321,18.931,22.6691,438,49401,0.0182029,0.03,1,1741554,1741116,438
127402241,23.1724,19.2676,447,49444,0.0372812,0.03,1,1741580,1741133,447
127405161,30.269,23.3071,456,49487,0.0569125,0.01,1,1741615,1741159,456
127408081,33.1076,29.7228,457,49530,0.052765,0.01,1,1741650,1741193,457
127411001,27.043,32.2891,446,49573,0.063106,0.07,1,1741673,1741227,446
127413921,13.8172,27.3157,427,49615,0.0792424,0.05,1,1741678,1741251,427
127437281,39.2909,31.3037,467,49951,0.0939667,0.03,1,1741916,1741449,467
127440201,33.1164,38.9215,452,49993,0.0915867,0.09,1,1741945,1741493,452
127443121,21.0465,33.5686,435,50035,0.0786347,0.03,1,1741958,1741523,435
127446041,21.0186,21.8274,442,50077,0.0494539,0,1,1741979,1741537,442
127448961,22.8074,18.931,449,50119,0.0497815,0.05,1,1742003,1741554,449
127451881,28.923,23.1724,456,50161,0.0379126,0.07,1,1742036,1741580,456
127454801,33.7692,30.269,458,50203,0.033165,0.05,1,1742073,1741615,458
127457721,28.5077,33.1076,448,50245,0.019266,0.07,1,1742098,1741650,448
127460641,14.4031,27.043,430,50287,0.0257064,0.09,1,1742103,1741673,430
127463561,6.96123,13.8172,427,50329,0.0282826,0.13,1,1742105,1741678,427
127466481,23.7845,25.9269,428,50371,0.065313,0.13,1,1742140,1741712,428
127469401,28.1138,28.9708,428,50413,0.0681252,0.13,1,1742171,1741743,428
127475241,15.5382,15.6753,428,50497,0.0961,0.13,1,1742202,1741774,428
127504441,33.6532,33.7692,423,50914,0.0864807,0.01,1,1742496,1742073,423
127507361,29.0613,28.5077,424,50955,0.0885923,0.03,1,1742522,1742098,424
127510281,15.2245,14.4031,425,50996,0.0654369,0.03,1,1742528,1742103,425
127513201,7.2898,6.96123,425,51037,0.0561748,0.09,1,1742530,1742105,425
127516121,24.5159,23.7845,426,51078,0.0644699,0.07,1,1742566,1742140,426
127519041,27.8064,28.1138,425,51119,0.091788,0.13,1,1742596,1742171,425
127524881,15.729,15.5382,426,51201,0.0998861,0.15,1,1742628,1742202,426
127551161,29.7725,28.6329,428,51570,0.251888,0.05,1,1742887,1742459,428
127554081,31.709,33.6532,424,51611,0.286755,0.09,1,1742920,1742496,424
127565761,23.9046,24.5159,424,51775,0.297405,0.07,1,1742990,1742566,424
127568681,27.5618,9.80637,454,51816,0.268962,0.11,1,1743020,1742566,454
127571601,24.8247,21.9225,447,51857,0.269585,0.13,1,1743043,1742596,447
127574521,15.9299,21.969,435,51898,0.269834,0.09,1,1743053,1742618,435
127577441,28.572,14.7876,462,51939,0.257934,0.15,1,1743090,1742628,462
127580361,34.8288,26.915,466,51980,0.289173,0.19,1,1743129,1742663,466
127603721,33.1241,29.7723,467,52301,0.403459,0.31,1,1743354,1742887,467
127606641,29.4496,31.7089,461,52341,0.443383,0.31,1,1743381,1742920,461
127685481,30.7333,30.7686,453,53418,0.764318,0.61,2,1744045,1743592,453
127688401,39.2933,39.9074,452,53457,0.767727,0.61,2,1744090,1743638,452
127691321,32.5173,32.763,452,53496,0.781091,0.61,2,1744118,1743666,452
127694241,20.2069,20.3052,452,53535,0.762436,0.63,2,1744130,1743678,452
127697161,20.0828,19.5221,453,53574,0.802975,0.63,2,1744150,1743697,453
127700081,22.4331,22.2088,453,53613,0.83119,0.63,2,1744174,1743721,453
127703001,33.5732,32.8835,454,53652,0.830476,0.69,2,1744215,1743761,454
127705921,35.0293,34.7534,454,53691,0.80619,0.67,2,1744251,1743797,454
127708841,31.4117,30.7014,455,53730,0.808476,0.67,2,1744280,1743825,455
127711761,16.1647,15.8805,455,53769,0.78539,0.67,2,1744286,1743831,455
127714681,7.66587,7.55222,455,53808,0.776156,0.67,2,1744288,1743833,455
127717601,23.4664,23.4209,455,53847,0.808462,0.67,2,1744322,1743867,455
127720521,28.5865,28.5684,455,53886,0.833385,0.69,2,1744354,1743899,455
127723441,27.0346,26.4273,456,53925,0.855354,0.69,2,1744380,1743924,456
127726361,12.0138,11.7709,456,53964,0.864142,0.69,2,1744382,1743926,456
127729281,10.8055,10.7084,456,54003,0.843657,0.69,2,1744392,1743936,456
127732201,27.1222,27.0834,456,54042,0.847463,0.75,2,1744430,1743974,456
127735121,39.6489,37.8333,459,54081,0.860985,0.79,2,1744478,1744019,459
127738041,31.4596,30.7333,459,54120,0.890394,0.77,2,1744504,1744045,459
127930761,323.112,336.781,491,24820,0.418,0.85,1,1746588,1746097,491
127942441,240.845,264.913,460,26280,0.2092,0.43,1,1746774,1746314,460
127978941,61.6621,70.7384,425,26280,0.0875488,0,1,1746943,1746518,425
127981861,39.6648,37.8954,434,26361,0.0410195,0.03,1,1746968,1746534,434
127984781,32.0659,27.7581,440,26441,0.0344078,0.03,1,1746995,1746555,440
127987701,21.8264,30.9033,422,26521,0.0557631,0.03,1,1747010,1746588,422
127990621,55.5306,40.5613,453,26601,0.0283052,0,1,1747088,1746635,453
127993541,59.4122,52.2245,455,26681,0.0293221,0.03,1,1747150,1746695,455
127996461,52.5649,55.6898,445,26760,0.0537288,0.09,1,1747198,1746753,445
127999381,51.626,51.0759,448,26839,0.0514915,0.11,1,1747249,1746801,448
128002301,61.4504,57.0304,455,26918,0.0625966,0.03,1,1747317,1746862,455
128005221,53.3802,61.8121,438,26997,0.0910386,0.01,1,1747365,1746927,438
128008141,38.1521,49.3249,425,27075,0.0664155,0.03,1,1747393,1746968,425
128011061,29.6608,35.9299,422,27153,0.0445662,0.07,1,1747417,1746995,422
128013981,21.4643,23.372,423,27231,0.0478265,0.01,1,1747433,1747010,423
128016901,55.3857,56.1488,423,27309,0.0611306,0.03,1,1747511,1747088,423
128019821,58.7543,59.6595,422,27387,0.0424522,0.07,1,1747572,1747150,422
128022741,54.1017,52.6638,425,27464,0.0349809,0.05,1,1747623,1747198,425
128025661,52.2407,51.6655,425,27541,0.0559924,0.07,1,1747674,1747249,425
128028581,61.6963,61.4662,425,27618,0.0403969,0.11,1,1747742,1747317,425
128031501,55.2785,53.3865,428,27695,0.0821588,0.05,1,1747793,1747365,428
128037341,27.8046,29.6618,422,27847,0.0623454,0.05,1,1747839,1747417,422
128040261,20.7218,21.4647,422,27923,0.0669382,0.07,1,1747855,1747433,422
128043181,55.6887,55.3859,423,27999,0.0807753,0.03,1,1747934,1747511,423
128046101,58.2755,58.7544,422,28075,0.0503101,0.03,1,1747994,1747572,422
128049021,54.5102,54.1017,423,28150,0.038124,0.07,1,1748046,1747623,423
128051941,52.4041,52.2407,423,28225,0.0332496,0.03,1,1748097,1747674,423
128054861,62.9616,61.6963,425,28300,0.0672999,0.11,1,1748167,1747742,425
128072381,57.2631,54.8397,481,28746,0.0872689,0.03,1,1748415,1747934,481
128075301,54.7052,57.9359,474,28820,0.0649076,0.03,1,1748468,1747994,474
128078221,52.4821,54.3743,473,28893,0.043963,0.03,1,1748519,1748046,473
128081141,64.7928,52.3497,495,28966,0.0475852,0.09,1,1748592,1748097,495
128084061,57.7171,62.9399,478,29039,0.0490341,0.17,1,1748645,1748167,478
128086981,37.4869,55.776,451,29112,0.0496136,0.13,1,1748669,1748218,451
128089901,24.5947,36.7104,443,29185,0.0618455,0.13,1,1748685,1748242,443
128092821,20.6379,25.4842,443,29258,0.0787382,0.11,1,1748703,1748260,443
128104501,51.7443,54.7052,473,29546,0.239184,0.03,1,1748941,1748468,473
128107421,65.0977,52.4821,496,29618,0.269673,0.05,1,1749015,1748519,496
128110341,57.8391,64.7928,476,29689,0.281869,0.05,1,1749068,1748592,476
128113261,38.1356,57.7171,448,29760,0.274748,0.05,1,1749093,1748645,448
128130781,55.2404,54.3608,432,30184,0.413628,0.27,1,1749323,1748891,432
128133701,54.4962,51.7443,436,30254,0.435451,0.29,1,1749377,1748941,436
128186261,58.2489,55.4533,508,31489,0.79638,0.59,2,1750160,1749652,508
128189181,57.4995,56.9813,507,31556,0.828552,0.61,2,1750217,1749710,507
128192101,56.5998,56.3925,507,31623,0.817421,0.61,2,1750273,1749766,507
128195021,68.2399,55.557,528,31690,0.824968,0.65,2,1750349,1749821,528
128197941,59.096,67.2228,506,31757,0.839987,0.71,2,1750402,1749896,506
128200861,42.8384,58.0891,486,31824,0.881995,0.69,2,1750434,1749948,486
128203781,26.7354,41.2356,472,31890,0.874798,0.75,2,1750450,1749978,472
128206701,11.8941,26.0943,458,31956,0.871919,0.75,2,1750452,1749994,458
128209621,16.7577,11.6377,476,32022,0.870768,0.69,2,1750472,1749996,476
128212541,60.7031,16.0551,547,32088,0.870307,0.77,2,1750562,1750015,547
128215461,60.8812,58.622,521,32154,0.894123,0.83,2,1750623,1750102,521
128332261,33.1401,34.659,506,34687,0.83848,1,2,1752392,1751886,506
128335181,34.8561,27.0636,520,34748,0.761392,1,2,1752428,1751908,520
128349781,56.7848,36.137,549,35052,0.245752,1,1,1752641,1752092,549
128355621,62.4856,68.6619,532,35172,0.0909203,0.95,1,1752769,1752237,532
128358541,39.9942,61.0648,501,35232,0.0783681,1,1,1752794,1752293,501
128361461,35.7977,43.6259,502,35292,0.0853472,0.91,1,1752827,1752325,502
128364381,28.1191,40.8504,486,35352,0.0881389,0.77,1,1752850,1752364,486
128414021,27.9645,29.6716,426,36355,0.212681,0.11,1,1753428,1753002,426
128416941,12.3858,13.0686,426,36413,0.223072,0.15,1,1753430,1753004,426
128419861,45.1543,43.0275,430,36471,0.251229,0.19,1,1753497,1753067,430
128434461,28.0009,29.5065,426,36761,0.401539,0.15,1,1753704,1753278,426
128437381,34.0004,32.8026,429,36818,0.418616,0.15,1,1753742,1753313,429
128516221,30.1281,29.8716,477,38337,0.77303,0.53,2,1754721,1754244,477
128519141,31.2512,29.9487,479,38392,0.783212,0.53,2,1754753,1754274,479
128522061,13.7005,31.1795,449,38447,0.787285,0.53,2,1754755,1754306,449
128524981,48.0802,13.6718,518,38502,0.812914,0.57,2,1754826,1754308,518
128527901,57.6321,46.8687,513,38557,0.835166,0.57,2,1754890,1754377,513
128530821,64.4528,57.1475,518,38612,0.844066,0.57,2,1754959,1754441,518
128533741,26.9811,63.059,453,38667,0.847627,0.63,2,1754961,1754508,453
128536661,25.7925,39.6236,454,38722,0.861051,0.67,2,1754986,1754532,454
128539581,32.517,37.4494,455,38777,0.87842,0.67,2,1755023,1754568,455
128545421,36.1627,35.7519,457,38885,0.897747,0.73,2,1755089,1754632,457
128688501,39.0239,41.4344,519,41460,0.863612,1,2,1756914,1756395,519
128691421,27.6095,32.1737,513,41511,0.855445,1,2,1756934,1756421,513
128694341,19.4438,28.4695,501,41562,0.792178,0.96,2,1756948,1756447,501
128828661,22.5749,28.2744,472,43837,0.761927,0.67,2,1758414,1757942,472
128831581,32.43,22.1098,493,43885,0.778771,0.73,2,1758453,1757960,493
128834501,30.372,31.6439,484,43933,0.809508,0.71,2,1758482,1757998,484
128837421,28.9488,29.4576,484,43981,0.821803,0.71,2,1758510,1758026,484
128840341,39.1795,28.583,502,44029,0.850721,0.69,2,1758556,1758054,502
128843261,38.4718,39.6332,493,44077,0.874289,0.71,2,1758594,1758101,493
129033061,258.797,235.041,507,21270,0.44488,0.43,1,1761065,1760558,507
129035981,126.919,145.616,460,21370,0.447952,0.45,1,1761104,1760644,460
129056421,65.1522,66.257,444,22055,0.761257,0.51,2,1761548,1761104,444
129059341,69.2609,67.9028,447,22151,0.790503,0.49,2,1761620,1761173,447
129062261,63.7043,62.5611,448,22247,0.826201,0.57,2,1761680,1761232,448
129065181,63.2817,61.6244,450,22342,0.81648,0.61,2,1761743,1761293,450
129068101,37.9127,35.4498,453,22437,0.800592,0.63,2,1761764,1761311,453
129071021,47.5651,46.5799,453,22532,0.842237,0.63,2,1761818,1761365,453
129073941,109.026,18.632,603,22626,0.858895,0.79,2,1761968,1761365,603
129076861,67.0104,94.4528,497,22720,0.853558,0.79,2,1762007,1761510,497
129079781,71.2042,60.5811,533,22813,0.875423,0.81,2,1762081,1761548,533
129082701,64.4817,67.4324,521,22906,0.884169,0.85,2,1762141,1761620,521
129085621,62.3927,62.973,522,22999,0.887668,0.81,2,1762202,1761680,522
129088541,38.1571,62.9892,481,23091,0.889067,0.79,2,1762224,1761743,481
129196581,50.7585,42.0443,548,26273,0.253554,1,1,1764517,1763969,548
129208261,103.967,45.1307,616,26594,0.072011,0.53,1,1764797,1764181,616
129217021,36.4619,50.2404,470,26832,0.0974887,0.27,1,1764893,1764423,470
129231621,38.927,42.4165,426,27224,0.240163,0.03,1,1765078,1764652,426
129234541,100.771,103.967,423,27302,0.282065,0.13,1,1765220,1764797,423
129237461,63.1083,61.3866,428,27380,0.274826,0.11,1,1765258,1764830,428
129252061,40.2299,39.2936,431,27764,0.417083,0.21,1,1765433,1765002,431
129254981,38.892,37.3174,433,27840,0.436833,0.27,1,1765471,1765038,433
129310461,43.6091,40.4238,497,29251,0.782732,0.65,2,1766411,1765914,497
129313381,104.444,42.5695,598,29323,0.787093,0.67,2,1766556,1765958,598
129316301,65.7774,102.828,495,29395,0.800837,0.71,2,1766596,1766101,495
129319221,44.311,63.9311,487,29467,0.830335,0.73,2,1766626,1766139,487
129322141,40.5244,43.5724,495,29539,0.842134,0.73,2,1766664,1766169,495
129325061,53.4098,40.229,519,29611,0.822854,0.73,2,1766726,1766207,519
129327981,22.5639,53.2916,459,29682,0.815141,0.73,2,1766728,1766269,459
129330901,40.8256,22.5166,510,29753,0.812057,0.73,2,1766781,1766271,510
129333821,42.7302,40.8067,501,29824,0.834823,0.75,2,1766825,1766324,501
129336741,18.2921,41.5227,461,29895,0.843929,0.81,2,1766827,1766366,461
129339661,34.9168,43.6091,462,29966,0.883572,0.79,2,1766873,1766411,462
129447701,39.6144,38.9872,513,32475,0.880158,1,2,1768678,1768165,513
129450621,36.8457,34.7949,516,32540,0.886063,1,2,1768713,1768197,516
129456461,37.3353,31.9672,519,32670,0.87017,0.97,2,1768784,1768265,519
129593701,57.1444,63.6399,522,35586,0.874,1,2,1770918,1770396,522
129596621,42.0578,45.256,521,35645,0.7756,1,2,1770950,1770429,521
129640421,304.612,373.864,434,16060,0.234678,0.13,1,1771506,1771072,434
129643341,184.845,192.146,468,16192,0.0998714,0.07,1,1771611,1771143,468
129646261,160.338,165.058,465,16323,0.0579485,0.07,1,1771755,1771290,465
129649181,104.935,115.823,450,16453,0.0231794,0,1,1771823,1771373,450
129652101,79.7741,100.929,422,16582,0.0752718,0.01,1,1771886,1771464,422
129655021,47.5096,48.7717,434,16710,0.0481087,0.01,1,1771912,1771478,434
129657941,91.6039,36.3087,527,16837,0.0252435,0.01,1,1772033,1771506,527
129660861,123.042,77.5235,566,16963,0.0280974,0.03,1,1772177,1771611,566
129663781,90.0166,117.409,490,17088,0.029239,0,1,1772245,1771755,490
129666701,73.2066,87.7638,484,17212,0.0416956,0.11,1,1772307,1771823,484
129669621,46.6827,72.9055,450,17335,0.0346782,0.03,1,1772336,1771886,450
129672541,91.2731,44.7622,545,17457,0.0438713,0.01,1,1772457,1771912,545
129675461,121.709,90.5049,566,17579,0.0475485,0.03,1,1772599,1772033,566
129678381,89.4837,122.602,490,17700,0.0610194,0.03,1,1772667,1772177,490
129681301,72.3935,89.8408,483,17820,0.0664078,0.05,1,1772728,1772245,483
129684221,46.9574,73.1363,451,17939,0.0685631,0.03,1,1772758,1772307,451
129687141,92.583,46.6545,545,18057,0.0694252,0.05,1,1772881,1772336,545
129690061,38.2332,91.2618,426,18175,0.0697701,0.05,1,1772883,1772457,426
129695901,81.1173,89.4819,425,18408,0.0843632,0.07,1,1773092,1772667,425
129698821,69.0469,72.3928,425,18523,0.0877453,0.07,1,1773153,1772728,425
129716341,70.08,69.0469,427,19200,0.238633,0.13,1,1773580,1773153,427
129719261,47.232,46.2188,428,19311,0.233453,0.17,1,1773612,1773184,428
129736781,47.642,60.504,464,19961,0.403336,0.23,1,1774044,1773580,464
129739701,97.0568,43.4016,562,20067,0.419335,0.39,1,1774174,1773612,562
129742621,40.0227,91.7606,440,20173,0.425734,0.35,1,1774176,1773736,440
129765981,83.2554,100.608,516,21000,0.752379,0.53,2,1774833,1774317,516
129768901,34.5021,81.6432,449,21101,0.762951,0.57,2,1774835,1774386,449
129771821,53.4009,71.6573,450,21202,0.791181,0.61,2,1774901,1774451,450
129774741,43.5603,49.6629,452,21302,0.838472,0.71,2,1774938,1774486,452
129777661,99.0241,97.8652,458,21402,0.881389,0.71,2,1775074,1774616,458
129780581,40.8097,40.3461,458,21501,0.898556,0.75,2,1775076,1774618,458
129868181,87.7818,92.2817,479,24286,0.892,1,2,1777103,1776624,479
129871101,81.9127,81.9127,482,24373,0.7708,1,2,1777181,1776699,482
129885701,69.3108,85.8862,478,24805,0.230795,1,1,1777436,1776958,478
129926581,40.7113,50.3537,461,25975,0.212387,0.13,1,1778180,1777719,461
129929501,34.2845,40.5415,457,26057,0.222955,0.15,1,1778210,1777753,457
129932421,64.7138,33.6166,513,26138,0.275182,0.15,1,1778295,1777782,513
129935341,44.4855,65.6466,457,26219,0.284073,0.15,1,1778326,1777869,457
129941181,72.1577,74.3435,498,26381,0.409052,0.15,1,1778492,1777994,498
129944101,47.4631,71.7374,459,26461,0.445621,0.15,1,1778523,1778064,459
129947021,50.7852,46.695,482,26541,0.448248,0.21,1,1778576,1778094,482
129949941,41.9141,49.278,467,26621,0.449299,0.23,1,1778612,1778145,467
129993741,72.8548,70.6654,451,27790,0.75239,0.59,2,1779387,1778936,451
129996661,47.1419,46.2662,451,27866,0.774956,0.59,2,1779417,1778966,451
129999581,51.8568,50.9065,452,27942,0.807982,0.61,2,1779472,1779020,452
130002501,42.3427,41.9626,452,28018,0.833193,0.65,2,1779508,1779056,452
130005421,35.5371,35.385,452,28094,0.867277,0.61,2,1779539,1779087,452
130133901,46.4191,47.409,481,31236,0.889648,1,2,1781780,1781299,481
130148501,72.0117,35.224,580,31573,0.202464,1,1,1782026,1781446,580
130157261,55.2487,34.8463,543,31774,0.0746377,0.95,1,1782141,1781598,543
130160181,63.4995,55.3385,543,31841,0.0478551,0.89,1,1782210,1781667,543
130163101,40.3998,72.5354,484,31907,0.073142,0.87,1,1782235,1781751,484
130166021,34.1599,46.4142,485,31973,0.0472568,0.61,1,1782265,1781780,485
130168941,31.064,40.7657,477,32039,0.0969027,0.51,1,1782294,1781817,477
130177701,65.8281,40.529,519,32237,0.207562,0.11,1,1782452,1781933,519
130180621,37.7312,72.0116,445,32303,0.233025,0.13,1,1782471,1782026,445
130183541,28.8925,40.8046,448,32368,0.23121,0.13,1,1782494,1782046,448
130186461,52.357,30.1219,493,32433,0.206484,0.03,1,1782562,1782069,493
130189381,63.5428,55.2487,492,32498,0.208594,0.03,1,1782633,1782141,492
130195221,34.2868,40.3998,455,32628,0.200175,0.03,1,1782690,1782235,455
130198141,31.1147,34.1599,454,32693,0.21807,0.13,1,1782719,1782265,454
130201061,34.0459,31.064,461,32758,0.225228,0.11,1,1782755,1782294,461
130203981,14.8184,33.4256,428,32823,0.228091,0.17,1,1782757,1782329,428
130206901,29.9273,35.5702,431,32887,0.277236,0.25,1,1782797,1782366,431
130209821,65.9709,65.8281,435,32951,0.284895,0.25,1,1782887,1782452,435
130212741,35.9884,37.7312,432,33015,0.263958,0.23,1,1782903,1782471,432
130215661,28.7953,28.8925,433,33079,0.255583,0.19,1,1782927,1782494,433
130221501,62.9273,63.5428,432,33207,0.294093,0.17,1,1783065,1782633,432
130239021,31.1724,29.9273,435,33587,0.416887,0.29,1,1783232,1782797,435
130241941,65.869,65.9709,434,33650,0.424755,0.25,1,1783321,1782887,434
130244861,35.9476,35.9884,434,33713,0.427902,0.25,1,1783337,1782903,434
130247781,28.779,28.7953,434,33776,0.405161,0.33,1,1783361,1782927,434
130303261,30.3163,15.7328,487,34946,0.751876,0.53,2,1784119,1783632,487
130306181,64.9265,30.2931,535,35006,0.81075,0.51,2,1784207,1783672,535
130309101,36.7706,65.5172,464,35066,0.8463,0.51,2,1784225,1783761,464
130312021,31.5082,35.8069,476,35126,0.88452,0.55,2,1784253,1783777,476
130729581,141.048,144.229,452,19203,0.083152,0.03,1,1790132,1789680,452
130732501,103.219,100.291,459,19314,0.0392608,0.03,1,1790210,1789751,459
130735421,62.8876,67.1166,450,19424,0.0217043,0.09,1,1790246,1789796,450
130738341,61.1551,47.8466,475,19533,0.0266817,0.03,1,1790306,1789831,475
130741261,85.662,75.5387,483,19642,0.0766727,0.05,1,1790408,1789925,483
130744181,78.6648,64.4155,500,19750,0.0366691,0.01,1,1790482,1789982,500
130747101,75.2659,72.5662,495,19857,0.0206676,0.05,1,1790555,1790060,495
130750021,76.3064,72.2265,500,19964,0.00826705,0.01,1,1790632,1790132,500
130752941,52.7225,75.6906,459,20070,0.0213068,0.01,1,1790669,1790210,459
130755861,55.889,51.8762,481,20176,0.0265227,0.03,1,1790727,1790246,481
130758781,86.5556,56.7505,528,20281,0.0406091,0.11,1,1790834,1790306,528
130761701,76.6222,83.9002,496,20386,0.0462436,0.01,1,1790904,1790408,496
130764621,73.8489,77.9601,494,20490,0.0724975,0.01,1,1790976,1790482,494
130767541,76.3396,74.984,499,20594,0.058999,0,1,1791054,1790555,499
130770461,52.7358,76.1936,459,20697,0.0415996,0.03,1,1791091,1790632,459
130773381,55.8943,52.6774,480,20799,0.0346398,0.03,1,1791149,1790669,480
130776301,87.1577,55.871,530,20901,0.0438559,0.05,1,1791257,1790727,530
130779221,77.4631,86.5484,494,21002,0.0475424,0.05,1,1791328,1790834,494
130782141,32.1852,76.6194,426,21103,0.0490169,0.09,1,1791330,1790904,426
130785061,54.8741,73.8477,424,21204,0.0376068,0.05,1,1791400,1790976,424
130787981,68.1496,76.3391,423,21304,0.0690427,0.03,1,1791477,1791054,423
130790901,49.4599,52.7356,423,21404,0.0696171,0.03,1,1791514,1791091,423
130793821,54.5839,55.8943,423,21503,0.0578468,0.05,1,1791572,1791149,423
130796741,87.2336,87.1577,424,21602,0.0891387,0.05,1,1791681,1791257,424
130799661,76.2934,77.4631,422,21700,0.0656555,0.05,1,1791750,1791328,422
130802581,31.7174,32.1852,422,21798,0.0802622,0.03,1,1791752,1791330,422
130811341,49.1659,49.4599,423,22088,0.217057,0.05,1,1791937,1791514,423
130814261,53.8664,54.5839,422,22184,0.248823,0.11,1,1791994,1791572,422
130817181,88.7465,87.2336,425,22280,0.237529,0.05,1,1792106,1791681,425
130820101,76.2986,76.2934,424,22375,0.233012,0.09,1,1792174,1791750,424
130823021,31.7194,31.7174,424,22470,0.255205,0.17,1,1792176,1791752,424
130846381,59.5665,31.5836,510,23214,0.410344,0.33,1,1792686,1792176,510
130849301,73.6266,57.6334,518,23305,0.434138,0.35,1,1792769,1792251,518
130884341,78.1078,78.296,452,24375,0.776601,0.57,2,1793499,1793047,452
130887261,32.4431,32.5184,452,24462,0.772641,0.59,2,1793501,1793049,452
130890181,60.3773,60.4074,452,24549,0.795056,0.63,2,1793580,1793128,452
130893101,75.1509,74.5629,453,24635,0.792022,0.63,2,1793665,1793212,453
130896021,31.2604,31.0252,453,24721,0.790809,0.69,2,1793667,1793214,453
130898941,36.5041,35.8101,454,24807,0.838324,0.71,2,1793707,1793253,454
130901861,51.8017,50.924,455,24892,0.893329,0.75,2,1793769,1793314,455
131094581,44.5361,56.8437,484,29993,0.401953,1,1,1797409,1796925,484
131100421,55.4858,54.935,484,30134,0.226312,1,1,1797507,1797023,484
131115021,58.1,62.1264,454,30484,0.214794,0.49,1,1797751,1797297,454
131117941,37.04,42.8505,447,30553,0.211918,0.43,1,1797774,1797327,447
131120861,32.816,36.3402,445,30622,0.222767,0.35,1,1797804,1797359,445
131123781,41.3264,44.5361,442,30691,0.263107,0.25,1,1797851,1797409,442
131126701,30.9306,35.2144,437,30760,0.291243,0.17,1,1797875,1797438,437
131144221,59.5947,58.1,433,31170,0.444089,0.21,1,1798184,1797751,433
131211381,42.9677,34.7611,498,32695,0.793061,0.59,2,1799180,1798682,498
131214301,32.1871,42.7044,475,32760,0.803224,0.59,2,1799205,1798730,475
131217221,14.0748,31.4818,453,32825,0.83129,0.65,2,1799207,1798754,453
131220141,45.8299,52.1927,454,32889,0.854516,0.65,2,1799274,1798820,454
131223061,38.732,41.2771,454,32953,0.863806,0.67,2,1799308,1798854,454
131225981,37.0928,37.5108,455,33017,0.879523,0.67,2,1799344,1798889,455
131380741,33.9764,38.0732,494,36254,0.88024,1,2,1801633,1801139,494
131383661,36.3905,31.4293,505,36312,0.790096,1,2,1801671,1801166,505
131418701,33.6704,36.3905,456,37004,0.762593,0.65,2,1802127,1801671,456
131421621,35.6682,37.9562,454,37061,0.755037,0.63,2,1802164,1801710,454
131424541,29.2673,32.5825,450,37118,0.812015,0.63,2,1802189,1801739,450
131427461,29.7069,30.433,451,37175,0.858806,0.63,2,1802219,1801768,451
131430381,28.6828,12.1732,479,37232,0.829522,0.63,2,1802247,1801768,479
131433301,35.4731,23.4693,488,37289,0.841809,0.67,2,1802287,1801799,488
131608501,37.0729,36.5864,520,40546,0.853299,1,2,1804576,1804056,520
131611421,36.4292,29.6346,531,40598,0.803319,1,2,1804612,1804081,531
131614341,35.5717,36.4538,525,40650,0.783328,1,2,1804647,1804122,525
131628941,32.9323,41.4632,507,40910,0.449861,1,1,1804825,1804318,507
131631861,46.7729,36.3853,530,40962,0.413945,0.99,1,1804881,1804351,530
131646461,30.6182,35.6823,493,41218,0.296684,0.79,1,1805031,1804538,493
131649381,32.6473,37.0729,489,41269,0.268673,0.77,1,1805065,1804576,489
131652301,36.4589,36.4292,492,41320,0.245469,0.77,1,1805104,1804612,492
131655221,33.7836,35.5717,489,41371,0.272188,0.65,1,1805136,1804647,489
131658141,29.7134,35.2287,481,41422,0.234875,0.59,1,1805163,1804682,481
131663981,31.7541,43.0766,472,41524,0.21638,0.45,1,1805235,1804763,472
131666901,13.9017,35.8306,443,41575,0.224552,0.43,1,1805237,1804794,443
131669821,23.5607,32.9323,442,41626,0.251821,0.39,1,1805267,1804825,442
131672741,42.4243,46.7729,441,41677,0.262728,0.33,1,1805322,1804881,441
131675661,27.7697,33.7092,434,41728,0.279091,0.29,1,1805340,1804906,434
131678581,32.7079,33.2837,437,41779,0.285637,0.29,1,1805376,1804939,437
131681501,32.2832,33.1135,436,41830,0.276255,0.31,1,1805408,1804972,436
131684421,29.1133,30.0454,435,41880,0.284502,0.29,1,1805435,1805000,435
131687341,29.6453,30.6182,434,41930,0.287801,0.25,1,1805465,1805031,434
131704861,33.4413,31.7541,434,42230,0.402395,0.23,1,1805669,1805235,434
131707781,14.5765,13.9017,434,42280,0.406958,0.27,1,1805671,1805237,434
131710701,23.2306,23.5607,433,42330,0.444783,0.27,1,1805700,1805267,433
131713621,42.8922,42.4243,434,42380,0.447913,0.29,1,1805756,1805322,434
131754501,43.0404,9.29224,499,43072,0.768937,0.45,2,1806199,1805700,499
131757421,29.2162,37.3169,463,43121,0.781575,0.47,2,1806219,1805756,463
131760341,33.8865,25.7268,482,43170,0.83463,0.55,2,1806256,1805774,482
131763261,33.9546,31.8907,480,43219,0.867852,0.57,2,1806290,1805810,480
131766181,29.7818,32.5563,474,43268,0.869141,0.53,2,1806317,1805843,474
131769101,31.7127,28.6225,481,43317,0.893656,0.61,2,1806350,1805869,481
131772021,32.4851,30.649,482,43366,0.891463,0.63,2,1806383,1805901,482
131774941,41.194,31.4596,497,43415,0.878585,0.59,2,1806430,1805933,497
131777861,34.4776,40.1838,481,43464,0.873434,0.61,2,1806460,1805979,481
131780781,29.391,34.0735,477,43513,0.871374,0.61,2,1806486,1806009,477
131783701,38.7564,29.2294,496,43561,0.834549,0.69,2,1806531,1806035,496
131786621,38.3026,36.8918,492,43609,0.81982,0.73,2,1806569,1806077,492
131789541,16.521,35.7567,459,43657,0.813928,0.73,2,1806571,1806112,459
131792461,24.6084,15.5027,487,43705,0.811571,0.75,2,1806601,1806114,487
131795381,44.6434,23.6011,516,43753,0.810628,0.79,2,1806659,1806143,516
131798301,31.0573,43.0404,482,43801,0.822251,0.79,2,1806681,1806199,482
131801221,35.8229,29.2162,501,43849,0.814901,0.87,2,1806720,1806219,501
131804141,35.3292,33.8865,499,43897,0.84796,0.89,2,1806755,1806256,499
131807061,30.3317,33.9546,492,43945,0.873184,0.87,2,1806782,1806290,492
131809981,32.5327,29.7818,499,43993,0.871274,0.91,2,1806816,1806317,499
131812901,32.2131,31.7127,498,44041,0.894509,0.89,2,1806848,1806350,498
131985181,29.0045,26.1742,530,46782,0.830047,1,2,1808728,1808198,530
132043581,76.9953,84.0653,452,22189,0.0980012,0,1,1809444,1808992,452
132046501,77.5981,79.8261,453,22285,0.0452005,0.05,1,1809522,1809069,453
132049421,52.0392,70.9304,423,22380,0.0480802,0.05,1,1809557,1809134,423
132052341,50.2157,58.3722,422,22475,0.0252321,0.07,1,1809606,1809184,422
132055261,41.6863,38.9489,432,22569,0.0880928,0.03,1,1809642,1809210,432
132066941,71.1712,58.7411,500,22943,0.0705112,0.01,1,1809944,1809444,500
132069861,50.6685,70.2964,459,23035,0.0342045,0.05,1,1809981,1809522,459
132072781,47.8674,49.1186,470,23127,0.0436818,0.01,1,1810027,1809557,470
132075701,43.147,49.0474,461,23219,0.0714727,0.13,1,1810067,1809606,461
132084461,56.2814,71.995,476,23492,0.204014,0.17,1,1810290,1809814,476
132090301,50.045,71.1592,460,23672,0.0626423,0.01,1,1810404,1809944,460
132093221,47.018,50.6637,468,23762,0.0310569,0.05,1,1810449,1809981,468
132096141,45.8072,47.8655,467,23851,0.0304228,0.09,1,1810494,1810027,467
132107821,49.0239,56.2814,432,24205,0.240539,0.05,1,1810722,1810290,432
132110741,59.8095,68.1125,423,24293,0.270216,0.03,1,1810789,1810366,423
132113661,46.7238,50.045,423,24380,0.270086,0.01,1,1810827,1810404,423
132116581,45.0895,47.018,422,24467,0.246034,0.03,1,1810871,1810449,422
132131181,52.0838,49.0239,435,24897,0.208545,0.29,1,1811157,1810722,435
132134101,60.4335,59.8095,434,24982,0.221418,0.27,1,1811223,1810789,434
132137021,47.5734,46.7238,435,25067,0.214567,0.23,1,1811262,1810827,435
132139941,43.0294,45.0895,431,25152,0.235827,0.11,1,1811302,1810871,431
132142861,42.4117,46.8358,425,25236,0.244331,0.19,1,1811344,1810919,425
132145781,89.5647,88.9343,429,25320,0.295732,0.19,1,1811465,1811036,429
132154541,53.5641,22.6838,481,25570,0.416607,0.23,1,1811589,1811108,481
132207101,50.2011,63.3972,455,27024,0.788561,0.67,2,1812555,1812100,455
132210021,43.4804,48.1589,456,27102,0.825424,0.67,2,1812594,1812138,456
132212941,42.5922,43.8636,457,27180,0.85217,0.71,2,1812636,1812179,457
132215861,42.2369,42.7454,457,27258,0.874868,0.67,2,1812678,1812221,457
132356021,86.1427,90.7647,479,30765,0.871026,0.96,2,1815181,1814702,479
132358941,54.8571,56.7059,479,30834,0.79841,1,2,1815215,1814736,479
132361861,53.7428,55.0823,478,30903,0.781364,0.99,2,1815268,1814790,478
132370621,47.0235,49.0293,470,31107,0.761127,0.97,2,1815392,1814922,470
132373541,41.0094,43.0117,468,31175,0.790451,0.91,2,1815429,1814961,468
132376461,33.8038,34.6047,468,31243,0.81418,0.91,2,1815458,1814990,468
132379381,38.1215,36.6419,471,31311,0.835672,0.91,2,1815499,1815028,471
132382301,33.2486,14.6567,501,31379,0.844269,0.89,2,1815529,1815028,501
132510781,51.7967,52.7976,487,34218,0.866339,1,2,1817583,1817096,487
132513701,35.7187,21.119,512,34280,0.796536,1,2,1817608,1817096,512
132537061,40.3029,40.177,510,34770,0.415148,1,1,1817911,1817401,510
132539981,78.5211,39.4708,575,34831,0.448059,0.92,1,1818015,1817440,575
132607141,81.1388,80.2065,449,36201,0.792402,0.51,2,1818909,1818460,449
132610061,46.8555,46.4826,449,36259,0.790961,0.57,2,1818933,1818484,449
132612981,31.9422,31.193,450,36317,0.814384,0.57,2,1818955,1818505,450
132615901,28.9769,29.2772,449,36375,0.811754,0.53,2,1818982,1818533,449
132618821,12.7908,12.9109,449,36433,0.810702,0.67,2,1818984,1818535,449
132621741,30.3163,27.3644,454,36491,0.810281,0.65,2,1819026,1818572,454
132624661,32.5265,31.3457,454,36549,0.834112,0.67,2,1819060,1818606,454
132627581,38.8106,37.7383,455,36607,0.855645,0.71,2,1819103,1818648,455
132630501,34.7242,34.2953,455,36665,0.840258,0.77,2,1819135,1818680,455
132633421,43.8897,41.9181,458,36723,0.846103,0.75,2,1819185,1818727,458
132636341,35.5559,35.3673,457,36781,0.872441,0.73,2,1819215,1818758,457
132639261,40.0224,39.3469,458,36838,0.894976,0.83,2,1819258,1818800,458
132941481,353.967,381.295,468,18980,0.43,0.91,1,1823159,1822691,468
132944401,194.387,189.718,494,19092,0.202,0.65,1,1823247,1822753,494
132947321,122.155,128.687,480,19203,0.0988,0.45,1,1823321,1822841,480
132956081,55.2659,72.58,439,19533,0.0824032,0.05,1,1823483,1823044,439
132959001,37.1064,48.832,431,19642,0.0509613,0.05,1,1823508,1823077,431
132961921,112.643,68.7328,512,19750,0.0383845,0.05,1,1823671,1823159,512
132964841,90.057,80.2931,499,19857,0.0213538,0.03,1,1823746,1823247,499
132967761,73.8228,76.5172,488,19964,0.0745415,0.13,1,1823809,1823321,488
132979441,111.738,35.938,585,20386,0.0853803,0.03,1,1824093,1823508,585
132982361,90.8951,112.175,499,20490,0.0881521,0.01,1,1824170,1823671,499
132985281,75.9581,89.8701,490,20594,0.0772608,0.11,1,1824236,1823746,490
132988201,60.3832,73.748,477,20697,0.0729043,0.13,1,1824286,1823809,477
132991121,52.9533,59.4992,475,20799,0.0951617,0.13,1,1824334,1823859,475
133002801,64.7252,90.8944,426,21204,0.22722,0.07,1,1824596,1824170,426
133005721,64.8901,75.9578,425,21304,0.264888,0.07,1,1824661,1824236,425
133020321,45.9765,44.813,432,21798,0.403752,0.25,1,1824950,1824518,432
133023241,66.3906,64.7252,434,21895,0.419501,0.29,1,1825030,1824596,434
133026161,66.7562,64.8901,436,21992,0.4498,0.35,1,1825097,1824661,436
133029081,58.5025,55.956,439,22088,0.44992,0.41,1,1825150,1824711,439
133032001,54.001,52.3824,440,22184,0.449968,0.37,1,1825201,1824761,440
133061201,47.9647,111.792,454,23122,0.761933,0.67,2,1825842,1825388,454
133064121,67.7859,45.9169,533,23214,0.766773,0.67,2,1825923,1825390,533
133067041,69.1143,66.9668,522,23305,0.792709,0.67,2,1825993,1825471,522
133069961,59.4457,67.5867,507,23396,0.827084,0.69,2,1826046,1825539,507
133072881,57.3783,58.2347,511,23487,0.816833,0.67,2,1826102,1825591,511
133075801,37.3513,55.6939,481,23577,0.824733,0.75,2,1826126,1825645,481
133078721,118.741,37.2775,629,23667,0.887893,0.77,2,1826299,1825670,629
133183841,51.0305,67.8318,514,26703,0.806339,1,2,1828387,1827873,514
133186761,40.2122,48.1327,512,26782,0.760536,1,2,1828420,1827908,512
133204281,42.4251,48.1906,468,27253,0.237257,0.89,1,1828733,1828265,468
133218881,35.4495,38.354,447,27639,0.226369,0.53,1,1828952,1828505,447
133221801,27.9798,29.1416,447,27716,0.204547,0.29,1,1828975,1828528,447
133227641,50.0768,55.0627,433,27868,0.218728,0.19,1,1829132,1828699,433
133230561,38.6307,42.4251,430,27944,0.237491,0.17,1,1829163,1828733,430
133253921,51.461,85.4768,453,28545,0.405079,0.25,1,1829563,1829110,453
133256841,39.1844,47.3907,462,28619,0.420031,0.25,1,1829594,1829132,462
133306481,38.4214,92.6837,449,29851,0.772836,0.55,2,1830429,1829980,449
133309401,32.1686,52.6735,451,29922,0.783134,0.59,2,1830457,1830006,451
133312321,30.8674,39.0694,451,29993,0.787254,0.57,2,1830487,1830036,451
133315241,63.947,67.2278,451,30064,0.860901,0.59,2,1830573,1830122,451
133624761,49.4067,51.0803,481,36776,0.877916,1,2,1835264,1834783,481
133627681,37.1627,39.6321,478,36833,0.873166,0.99,2,1835293,1834815,478
133630601,34.6651,35.0528,479,36890,0.895267,1,2,1835326,1834847,479
133633521,37.266,38.0211,478,36947,0.856107,1,2,1835365,1834887,478
133636441,39.5064,39.2085,479,37004,0.876443,1,2,1835406,1834927,479
133639361,35.0026,35.4834,478,37061,0.836577,0.95,2,1835438,1834960,478
133642281,23.601,29.1934,469,37118,0.868631,0.97,2,1835454,1834985,469
133645201,35.2404,36.8773,470,37175,0.893452,0.97,2,1835497,1835027,470
133648121,32.6962,14.7509,501,37232,0.867381,0.9,2,1835528,1835027,501
133651041,22.0785,25.1004,484,37289,0.892952,1,2,1835543,1835059,484
133653961,64.0314,18.4401,562,37346,0.891181,0.91,2,1835635,1835073,562
133802881,30.519,8.67626,553,40128,0.851056,1,2,1837532,1836979,553
133805801,37.4076,46.0705,524,40181,0.778422,1,2,1837574,1837050,524
133817481,35.0568,37.0594,517,40390,0.412232,1,1,1837742,1837225,517
133823321,37.4091,52.9695,500,40494,0.412757,1,1,1837822,1837322,500
133902161,38.8819,37.7183,446,41880,0.762683,0.51,2,1838710,1838264,446
133908001,32.6211,30.3949,450,41980,0.759229,0.59,2,1838769,1838319,450
133910921,35.8484,33.758,452,42030,0.801692,0.61,2,1838807,1838355,452
133913841,32.3394,31.5032,452,42080,0.842677,0.63,2,1838837,1838385,452
133916761,21.3358,20.4013,453,42130,0.835071,0.63,2,1838851,1838398,453
133919681,27.7343,27.3605,453,42180,0.844028,0.65,2,1838883,1838430,453
133922601,32.0937,31.3442,454,42230,0.859611,0.65,2,1838918,1838464,454
133925521,14.0375,13.7377,454,42280,0.865844,0.69,2,1838920,1838466,454
133928441,45.215,45.0951,454,42330,0.892338,0.69,2,1838986,1838532,454
134375201,38.6003,34.6663,518,49371,0.869627,1,2,1843914,1843396,518
134378121,37.0401,36.6665,516,49414,0.833851,1,2,1843950,1843434,516
134395641,22.1538,31.5284,513,49670,0.277321,0.97,1,1844124,1843611,513
134398561,18.4615,33.0113,495,49712,0.260928,1,1,1844140,1843645,495
134401481,16.9846,19.8045,500,49754,0.218371,1,1,1844156,1843656,500
134407321,25.3975,26.6887,507,49838,0.0697394,1,1,1844213,1843706,507
134410241,31.159,32.8755,505,49880,0.0278958,1,1,1844248,1843743,505
134413161,27.4636,32.9502,497,49922,0.0291583,0.98,1,1844273,1843776,497
134416081,30.7854,29.3801,503,49964,0.0176633,1,1,1844306,1843803,503
134419001,32.1142,32.752,501,50006,0.00706533,0.91,1,1844339,1843838,501
134421921,35.0457,33.5008,504,50048,0.0328261,0.82,1,1844376,1843872,504
134424841,35.6183,38.6003,498,50090,0.0191305,0.81,1,1844412,1843914,498
134427761,28.0473,37.0401,485,50132,0.0616522,0.67,1,1844435,1843950,485
134430681,28.0189,37.0161,476,50174,0.0666609,0.53,1,1844463,1843987,476
134433601,24.4076,34.0064,466,50216,0.0686643,0.57,1,1844485,1844019,466
134436521,27.163,27.4026,472,50258,0.0574657,0.41,1,1844514,1844042,472
134439441,27.0652,31.961,464,50300,0.0649863,0.31,1,1844541,1844077,464
134442361,12.0261,31.3844,435,50342,0.0679945,0.21,1,1844543,1844108,435
134459881,29.0501,31.159,422,50594,0.0875713,0.03,1,1844670,1844248,422
134462801,28.42,27.4636,425,50636,0.0530285,0.01,1,1844698,1844273,425
134465721,30.568,30.7854,424,50678,0.0632114,0,1,1844730,1844306,424
134468641,32.0272,32.1142,424,50720,0.0792846,0.05,1,1844763,1844339,424
134471561,34.4109,35.0457,423,50762,0.0857138,0.01,1,1844799,1844376,423
134474481,34.7644,35.6183,422,50803,0.0522855,0.09,1,1844834,1844412,422
134477401,30.7057,28.0473,427,50844,0.0749142,0.07,1,1844862,1844435,427
134480321,27.8823,28.0189,425,50885,0.0719657,0.07,1,1844888,1844463,425
134483241,25.5529,24.4076,427,50926,0.0947863,0.05,1,1844912,1844485,427
134489081,28.9285,27.0652,428,51008,0.0955658,0.07,1,1844969,1844541,428
134492001,12.7714,12.0261,428,51049,0.0922263,0.15,1,1844971,1844543,428
134497841,14.7634,14.6442,428,51131,0.0951562,0.15,1,1845000,1844572,428
134515361,32.9314,30.568,427,51377,0.0946445,0.09,1,1845157,1844730,427
134524121,34.0276,34.7644,423,51500,0.204057,0.09,1,1845257,1844834,423
134527041,31.011,30.7057,424,51541,0.207623,0.07,1,1845286,1844862,424
134529961,28.6044,27.8823,425,51582,0.233049,0.11,1,1845313,1844888,425
134532881,25.8418,25.5529,425,51623,0.23122,0.11,1,1845337,1844912,425
134535801,25.9367,25.8212,425,51664,0.254488,0.09,1,1845363,1844938,425
134538721,29.5747,28.9285,426,51705,0.251795,0.09,1,1845395,1844969,426
134541641,13.0299,12.7714,426,51746,0.250718,0.11,1,1845397,1844971,426
134544561,12.4119,12.9086,425,51787,0.250287,0.11,1,1845409,1844984,425
134547481,14.5648,5.16342,441,51828,0.250115,0.09,1,1845425,1844984,441
134550401,14.8259,11.6654,440,51869,0.274046,0.13,1,1845440,1845000,440
134553321,21.5304,13.0661,452,51910,0.259618,0.15,1,1845466,1845014,452
134556241,23.6121,20.8265,451,51951,0.253847,0.13,1,1845491,1845040,451
134559161,26.2449,22.7306,455,51992,0.251539,0.11,1,1845519,1845064,455
134562081,24.8979,26.4922,450,52032,0.250616,0.09,1,1845543,1845093,450
134565001,33.3592,26.7969,462,52072,0.262246,0.09,1,1845582,1845120,462
134567921,32.5437,32.9188,457,52112,0.266899,0.15,1,1845614,1845157,457
134582521,26.8859,28.6043,456,52312,0.405482,0.23,1,1845769,1845313,456
134585441,26.3544,25.8417,458,52352,0.420193,0.27,1,1845795,1845337,458
134588361,30.3417,25.9367,465,52392,0.426077,0.25,1,1845828,1845363,465
134591281,13.3367,29.5747,435,52432,0.428431,0.25,1,1845830,1845395,435
134594201,12.5347,13.0299,445,52472,0.429372,0.25,1,1845842,1845397,445
134597121,15.2139,12.4119,450,52512,0.417749,0.25,1,1845859,1845409,450
134600041,14.4855,14.5648,448,52552,0.4131,0.29,1,1845873,1845425,448
134602961,21.9942,14.8259,460,52592,0.41124,0.25,1,1845900,1845440,460
134605881,23.1977,21.5304,458,52632,0.434496,0.25,1,1845924,1845466,458
134687641,27.3523,27.389,449,53741,0.758661,0.57,2,1846687,1846238,449
134690561,30.7409,30.1556,450,53780,0.777464,0.57,2,1846720,1846270,450
134693481,13.4964,13.2622,450,53819,0.784986,0.57,2,1846722,1846272,450
134696401,12.5985,12.5049,450,53858,0.787994,0.57,2,1846734,1846284,450
134699321,14.6394,14.602,450,53897,0.789198,0.57,2,1846750,1846300,450
134702241,14.2558,14.2408,450,53936,0.789679,0.57,2,1846764,1846314,450
134705161,6.90231,6.89631,450,53975,0.765872,0.61,2,1846766,1846316,450
134708081,20.7609,19.5585,452,54014,0.768349,0.67,2,1846796,1846344,452
134711001,23.3044,22.2234,453,54053,0.817339,0.67,2,1846821,1846368,453
134713921,28.5217,26.8894,455,54092,0.860936,0.71,2,1846853,1846398,455
134716841,25.8087,25.1557,455,54131,0.866374,0.71,2,1846877,1846422,455
134924161,340.074,343.185,514,26280,0.862,0.98,2,1848779,1848265,514
134927081,156.429,164.274,503,26361,0.8668,1,2,1848813,1848310,503
134970881,54.5556,53.6654,450,27541,0.752975,0.59,2,1849646,1849196,450
134973801,40.4222,40.0662,450,27618,0.79919,0.59,2,1849677,1849227,450
134976721,23.3689,22.6265,451,27695,0.841676,0.65,2,1849689,1849238,451
134979641,32.1476,30.0506,454,27771,0.85867,0.67,2,1849727,1849273,454
134982561,74.059,72.6202,455,27847,0.877468,0.69,2,1849829,1849374,455
134985481,52.4236,52.4481,454,27923,0.896987,0.69,2,1849867,1849413,454
135099361,52.7975,56.2563,485,30740,0.8524,1,2,1851848,1851363,485
135102281,61.919,64.5025,483,30809,0.79096,1,2,1851916,1851433,483
135113961,36.1883,35.5729,485,31083,0.440777,1,1,1852087,1851602,485
135119801,58.5901,62.2117,486,31219,0.261324,0.9,1,1852202,1851716,486
135122721,46.8361,46.4847,489,31287,0.24253,0.9,1,1852241,1851752,489
135125641,36.1344,18.5939,518,31355,0.211012,1,1,1852270,1851752,518
135146081,36.2205,36.1426,477,31824,0.205138,0.27,1,1852564,1852087,477
135149001,54.6882,41.4571,499,31890,0.268055,0.21,1,1852631,1852132,499
135163601,41.3725,50.7813,463,32220,0.403516,0.13,1,1852835,1852372,463
135166521,53.149,40.1125,491,32286,0.431406,0.19,1,1852896,1852405,491
135169441,39.2596,51.445,462,32352,0.442563,0.21,1,1852926,1852464,462
135172361,34.9038,40.378,461,32417,0.447025,0.15,1,1852958,1852497,461
135175281,38.5615,33.5512,473,32482,0.44881,0.23,1,1852999,1852526,473
135178201,56.8246,36.2205,504,32547,0.449524,0.31,1,1853068,1852564,504
135181121,44.3298,54.6882,473,32612,0.44981,0.37,1,1853104,1852631,473
135233681,39.0635,38.6859,451,33760,0.777408,0.61,2,1853821,1853370,451
135236601,33.6254,34.0744,450,33823,0.772963,0.57,2,1853851,1853401,450
135239521,38.6502,38.8297,450,33886,0.771185,0.65,2,1853893,1853443,450
135242441,59.2601,56.9319,454,33948,0.806474,0.73,2,1853966,1853512,454
135245361,46.504,44.3728,456,34010,0.84459,0.67,2,1854004,1853548,456
135248281,38.4016,38.1491,455,34072,0.871836,0.65,2,1854037,1853582,455
135259961,39.6951,17.047,493,34320,0.899711,0.71,2,1854186,1853693,493
135549041,33.5217,34.9703,492,39956,0.879424,1,2,1858129,1857637,492
135551961,44.6087,44.5881,493,40009,0.82577,1,2,1858181,1857688,493
135554881,41.2435,41.8352,492,40062,0.756308,1,2,1858220,1857728,492
135566561,40.7278,39.327,518,40273,0.419345,1,1,1858367,1857849,518
135572401,37.7165,40.4923,516,40377,0.217095,1,1,1858440,1857924,516
135578241,28.1146,36.8388,504,40481,0.0983352,0.86,1,1858502,1857998,504
135581161,29.2459,32.1355,505,40533,0.0573341,1,1,1858532,1858027,505
135584081,30.2983,33.2542,502,40585,0.0409336,0.97,1,1858563,1858061,502
135587001,27.7193,34.3017,493,40637,0.0703735,0.82,1,1858589,1858096,493
135589921,39.8877,33.5207,508,40689,0.0461494,0.79,1,1858637,1858129,508
135592841,36.9551,44.6083,491,40741,0.0484597,0.71,1,1858672,1858181,491
135595761,30.382,41.2433,478,40793,0.0253839,0.61,1,1858698,1858220,478
135598681,32.5528,34.4973,482,40845,0.0101536,0.61,1,1858732,1858250,482
135601601,33.4211,34.7989,481,40897,0.0700614,0.55,1,1858766,1858285,481
135616201,24.4373,40.2866,441,41154,0.218474,0.07,1,1858923,1858482,441
135627881,39.8896,27.7193,470,41358,0.0603609,0.03,1,1859059,1858589,470
135630801,38.1558,39.8877,459,41409,0.0301444,0.05,1,1859096,1858637,459
135633721,30.2623,36.9551,449,41460,0.0300578,0.01,1,1859121,1858672,449
135636641,31.9049,30.382,456,41511,0.0300231,0,1,1859154,1858698,456
135639561,13.962,32.5528,424,41562,0.0300092,0.11,1,1859156,1858732,424
135642481,27.1848,33.4211,426,41613,0.0780037,0.13,1,1859192,1858766,426
135645401,34.2739,36.7685,426,41664,0.0972015,0.15,1,1859231,1858805,426
135648321,34.7096,32.7074,431,41715,0.0808806,0.15,1,1859266,1858835,431
135651241,33.0838,33.483,429,41766,0.0863522,0.19,1,1859298,1858869,429
135700881,26.4464,26.4054,426,42617,0.204855,0.15,1,1859809,1859383,426
135703801,27.9785,27.3621,427,42667,0.243942,0.11,1,1859838,1859411,427
135706721,26.7914,26.5449,427,42716,0.271577,0.15,1,1859864,1859437,427
135709641,38.9166,38.8179,427,42765,0.270631,0.13,1,1859911,1859484,427
135735921,38.5868,32.6561,471,43206,0.40279,0.19,1,1860195,1859724,471
135738841,23.8347,38.8624,442,43255,0.407116,0.15,1,1860209,1859767,442
135741761,27.5339,23.945,458,43304,0.408846,0.23,1,1860239,1859781,458
135744681,30.2136,26.378,462,43353,0.421539,0.27,1,1860271,1859809,462
135808921,34.8586,29.6791,487,44413,0.770396,0.55,2,1860972,1860485,487
135811841,36.7434,34.6716,487,44460,0.806158,0.59,2,1861010,1860523,487
135814761,15.8974,36.0687,452,44507,0.820463,0.61,2,1861012,1860560,452
135817681,26.7589,34.8275,452,44554,0.826185,0.63,2,1861046,1860594,452
135820601,36.5036,39.131,453,44601,0.840474,0.63,2,1861089,1860636,453
135823521,23.0014,24.0524,453,44648,0.87019,0.67,2,1861103,1860650,453
135826441,29.0006,28.221,455,44695,0.846076,0.71,2,1861136,1860681,455
135829361,32.6002,32.2884,455,44742,0.84843,0.71,2,1861171,1860716,455
135832281,31.0401,29.7154,457,44789,0.849372,0.71,2,1861201,1860744,457
135835201,41.216,40.6861,457,44836,0.897749,0.73,2,1861249,1860792,457
135838121,41.6864,40.8745,458,44883,0.8931,0.71,2,1861291,1860833,458
136055661,331.343,355.689,473,21900,0.418,0.78,1,1863618,1863145,473
136061501,111.215,122.55,475,22093,0.07408,0.41,1,1863766,1863291,475
136064421,67.886,85.0201,454,22189,0.083632,0.03,1,1863805,1863351,454
136067341,74.5544,83.808,450,22285,0.0994528,0.03,1,1863884,1863434,450
136070261,56.2218,63.5232,444,22380,0.0697811,0.03,1,1863928,1863484,444
136073181,56.0887,67.4093,430,22475,0.0459124,0.03,1,1863984,1863554,430
136076101,35.6355,36.5637,436,22569,0.036365,0.03,1,1864006,1863570,436
136079021,86.8542,43.4255,509,22663,0.020546,0.03,1,1864127,1863618,509
136081941,71.9417,68.3702,486,22757,0.0262184,0,1,1864189,1863703,486
136084861,52.1767,65.1481,462,22850,0.0404874,0.09,1,1864228,1863766,462
136087781,68.8707,49.4592,503,22943,0.0821949,0.11,1,1864308,1863805,503
136090701,52.7483,67.1837,466,23035,0.098878,0.05,1,1864350,1863884,466
136093621,54.0993,53.2735,477,23127,0.0695512,0.03,1,1864405,1863928,477
136096541,34.8397,54.9094,443,23219,0.0458205,0.03,1,1864427,1863984,443
136099461,87.7359,35.1638,544,23310,0.0483282,0.01,1,1864550,1864006,544
136102381,71.6944,86.6655,484,23401,0.0613313,0.03,1,1864611,1864127,484
136105301,52.6777,71.8662,462,23492,0.0665325,0.05,1,1864651,1864189,462
136131581,69.5565,70.8711,428,24293,0.229358,0.17,1,1865162,1864734,428
136134501,52.4226,51.1484,431,24380,0.265743,0.17,1,1865203,1864772,431
136137421,51.569,52.8594,428,24467,0.292297,0.11,1,1865254,1864826,428
136157861,53.1586,52.4226,434,25067,0.410817,0.31,1,1865637,1865203,434
136160781,53.6634,51.569,437,25152,0.410327,0.31,1,1865691,1865254,437
136163701,34.6654,33.8276,437,25236,0.446131,0.33,1,1865713,1865276,437
136204581,54.5865,72.4131,495,26388,0.751962,0.63,2,1866530,1866035,495
136207501,54.8346,54.1652,508,26468,0.798785,0.63,2,1866585,1866077,508
136210421,37.5338,54.6661,479,26548,0.793514,0.69,2,1866611,1866132,479
136213341,91.2135,36.2664,582,26628,0.851406,0.71,2,1866738,1866156,582
136216261,37.6854,91.3066,456,26708,0.874562,0.71,2,1866740,1866284,456
136219181,55.2742,37.7226,521,26787,0.895825,0.67,2,1866807,1866286,521
136315541,39.5734,53.2446,505,29283,0.883293,1,2,1868498,1867993,505
136330141,38.5412,45.4041,504,29643,0.22588,0.98,1,1868767,1868263,504
136335981,44.0866,65.5847,500,29785,0.0481408,1,1,1868874,1868374,500
136338901,18.8346,44.8339,471,29856,0.0492563,0.99,1,1868876,1868405,471
136341821,44.1339,56.9335,467,29927,0.0197025,0.81,1,1868937,1868470,467
136344741,32.6535,39.5734,464,29998,0.037881,0.47,1,1868962,1868498,464
136347661,73.0614,87.8294,444,30069,0.0451524,0.39,1,1869062,1868618,444
136350581,47.2246,54.3317,442,30139,0.048061,0.29,1,1869092,1868650,442
136353501,41.0898,48.1327,435,30209,0.0492244,0.27,1,1869129,1868694,435
136356421,37.4359,40.8531,434,30279,0.0856898,0.17,1,1869164,1868730,434
136359341,32.3744,38.5412,426,30349,0.0522759,0.05,1,1869193,1868767,426
136362261,54.9497,59.2165,423,30419,0.0269104,0,1,1869263,1868840,423
136365181,42.3799,44.0866,423,30489,0.0167641,0.05,1,1869297,1868874,423
136368101,18.152,18.8346,423,30558,0.0247057,0,1,1869299,1868876,423
136371021,43.2608,44.1339,422,30627,0.0158823,0.05,1,1869359,1868937,422
136373941,32.3043,32.6535,422,30696,0.0603529,0.05,1,1869384,1868962,422
136376861,72.9217,73.0614,422,30765,0.0541412,0.05,1,1869484,1869062,422
136379781,47.1687,47.2246,422,30834,0.0516565,0.05,1,1869514,1869092,422
136382701,41.6675,41.0898,423,30903,0.0386626,0.11,1,1869552,1869129,423
136385621,39.467,37.4359,426,30971,0.033465,0.03,1,1869590,1869164,426
136388541,31.3868,32.3744,423,31039,0.079386,0.01,1,1869616,1869193,423
136394381,41.2619,42.3799,422,31175,0.0739018,0.03,1,1869719,1869297,422
136397301,17.7048,18.152,422,31243,0.0595607,0.01,1,1869721,1869299,422
136400221,43.0819,43.2608,422,31311,0.0418243,0.01,1,1869781,1869359,422
136403141,31.6328,17.3043,446,31379,0.0347297,0.09,1,1869805,1869359,446
136429421,42.7359,17.6979,481,31980,0.0981262,0.03,1,1870202,1869721,481
136432341,32.6943,43.0792,447,32046,0.0932505,0.03,1,1870228,1869781,447
136435261,76.0777,31.6317,528,32112,0.0913002,0.15,1,1870333,1869805,528
136438181,47.8311,73.8527,455,32178,0.0905201,0.13,1,1870362,1869907,455
136441101,43.1324,46.3411,467,32244,0.090208,0.13,1,1870402,1869935,467
136444021,40.053,41.9364,466,32310,0.0780832,0.17,1,1870440,1869974,466
136446941,32.8212,40.1746,455,32375,0.0732333,0.09,1,1870468,1870013,455
136464461,75.9754,32.6943,530,32765,0.224078,0.09,1,1870758,1870228,530
136467381,31.5902,76.0777,427,32830,0.239631,0.09,1,1870760,1870333,427
136470301,29.4361,47.8311,426,32894,0.293852,0.09,1,1870788,1870362,426
136490741,42.9169,42.0962,431,33342,0.414973,0.19,1,1871058,1870627,431
136496581,77.9067,75.9754,434,33468,0.417996,0.25,1,1871192,1870758,434
136499501,32.3627,31.5902,434,33531,0.425198,0.33,1,1871194,1870760,434
136531621,32.2331,32.3627,441,34218,0.751731,0.43,2,1871635,1871194,441
136534541,32.0932,12.9451,473,34280,0.774692,0.49,2,1871667,1871194,473
136537461,36.8373,23.178,483,34342,0.819877,0.47,2,1871707,1871224,483
136540381,37.5349,32.6712,482,34404,0.849951,0.51,2,1871745,1871263,482
136543301,33.014,35.8685,474,34465,0.86198,0.53,2,1871775,1871301,474
136546221,61.2056,31.7474,525,34526,0.890792,0.55,2,1871855,1871330,525
136554981,45.1732,17.8238,512,34709,0.891491,0.67,2,1871951,1871439,512
136557901,35.4693,43.1295,481,34770,0.866596,0.67,2,1871980,1871499,481
136560821,81.3877,33.4518,566,34831,0.868639,0.77,2,1872092,1871526,566
136563741,33.7551,77.5807,461,34892,0.869455,0.77,2,1872094,1871633,461
136566661,33.302,32.2323,492,34953,0.869782,0.79,2,1872127,1871635,492
136569581,39.1208,32.0929,503,35013,0.857913,0.85,2,1872170,1871667,503
136572501,39.0483,36.8372,502,35073,0.877165,0.87,2,1872209,1871707,502
136575421,33.6193,37.5349,494,35133,0.884866,0.87,2,1872239,1871745,494
136578341,62.6477,33.0139,546,35193,0.863946,0.91,2,1872321,1871775,546
136581261,43.0591,61.2056,496,35253,0.867579,0.93,2,1872351,1871855,496
136584181,18.4236,43.0822,467,35313,0.869031,0.93,2,1872353,1871886,467
136721421,46.6316,48.0527,520,38024,0.883157,1,2,1874247,1873727,520
136724341,30.0526,42.0211,501,38080,0.827263,1,2,1874266,1873765,501
136727261,32.4211,34.8084,505,38135,0.792905,1,2,1874300,1873795,505
136736021,49.5469,77.2037,508,38300,0.400906,0.94,1,1874481,1873973,508
136741861,33.4875,39.8326,506,38410,0.401345,1,1,1874541,1874035,506
136759381,39.2898,46.6316,461,38740,0.443211,0.79,1,1874708,1874247,461
136762301,25.3159,30.0526,458,38795,0.447285,0.77,1,1874724,1874266,458
136817781,36.0716,34.3847,451,39815,0.755312,0.63,2,1875434,1874983,451
136820701,27.6286,26.9539,451,39868,0.788125,0.61,2,1875456,1875005,451
136823621,27.8514,28.1816,450,39921,0.80125,0.55,2,1875484,1875034,450
136826541,25.5406,26.2726,449,39974,0.8305,0.55,2,1875508,1875059,449
136829461,11.4162,11.709,449,40027,0.8182,0.61,2,1875510,1875061,449
136832381,30.3665,29.8836,450,40080,0.86128,0.61,2,1875553,1875103,450
136835301,40.9466,11.9534,498,40133,0.890512,0.57,2,1875601,1875103,498
136861581,28.458,27.6239,489,40603,0.896569,0.81,2,1875945,1875456,489
137013421,33.6851,46.4071,501,43223,0.895984,1,2,1877748,1877247,501
137016341,38.674,35.3628,515,43272,0.820394,1,2,1877790,1877275,515
137019261,32.2696,37.5451,504,43321,0.814157,1,2,1877818,1877314,504
137022181,26.1078,31.8181,498,43370,0.763663,1,2,1877840,1877342,498
137063061,24.7761,32.2696,479,44045,0.439723,0.73,1,1878297,1877818,479
137065981,26.1104,26.1078,484,44093,0.409889,0.73,1,1878324,1877840,484
137092261,48.5765,54.7911,446,44523,0.408554,0.53,1,1878602,1878156,446
137095181,33.2306,36.3164,445,44570,0.445422,0.47,1,1878625,1878180,445
137098101,28.2922,30.1266,444,44617,0.448169,0.49,1,1878650,1878206,444
137159421,31.1454,30.2668,448,45599,0.764835,0.59,2,1879274,1878826,448
137162341,41.2582,39.1067,451,45645,0.755934,0.61,2,1879322,1878871,451
137165261,29.1033,27.6427,452,45691,0.776374,0.63,2,1879343,1878891,452
137168181,30.8413,29.6571,453,45737,0.796549,0.65,2,1879375,1878922,453
137171101,25.5365,25.6628,452,45783,0.84062,0.61,2,1879397,1878945,452
137174021,23.4146,23.4651,452,45829,0.834248,0.61,2,1879419,1878967,452
137176941,10.5658,10.5861,452,45875,0.855699,0.65,2,1879421,1878969,452
137179861,51.0263,49.8344,454,45921,0.88828,0.65,2,1879499,1879045,454
137182781,34.8105,19.9338,478,45967,0.877312,0.67,2,1879523,1879045,478
137398861,29.7933,35.0343,507,49245,0.885948,1,2,1881782,1881275,507
137401781,34.7173,32.6137,514,49288,0.876379,1,2,1881820,1881306,514
137404701,33.0869,31.0455,516,49331,0.896552,1,2,1881852,1881336,516
137407621,32.4348,26.8182,524,49374,0.880621,1,2,1881884,1881360,524
137410541,38.1739,41.3273,515,49417,0.838248,0.97,2,1881926,1881411,515
137413461,31.4696,37.5309,507,49460,0.797299,1,2,1881953,1881446,507
137416381,31.7878,30.6124,513,49503,0.76892,1,2,1881985,1881472,513
137419301,31.9151,28.4449,518,49546,0.757568,1,2,1882017,1881499,518
137422221,29.5661,32.378,511,49589,0.777027,1,2,1882045,1881534,511
137425141,22.6264,32.7512,496,49631,0.796811,1,2,1882063,1881567,496
137428061,19.2506,23.9005,495,49673,0.780724,0.94,2,1882080,1881585,495
137430981,27.5002,19.7602,511,49715,0.76229,1,2,1882113,1881602,511
137433901,32.6001,29.5041,511,49757,0.778916,1,2,1882149,1881638,511
137436821,26.84,32.8016,499,49799,0.809566,0.99,2,1882172,1881673,499
137439741,21.536,27.5207,493,49841,0.785827,0.93,2,1882190,1881697,493
137442661,27.8144,24.2083,503,49883,0.776331,0.93,2,1882222,1881719,503
137445581,27.3258,29.4833,497,49925,0.772532,0.85,2,1882249,1881752,497
137448501,31.3303,29.7933,501,49967,0.771013,0.87,2,1882283,1881782,501
137474781,10.465,22.6264,462,50345,0.75455,0.77,2,1882525,1882063,462
137477701,11.986,19.2506,458,50387,0.75182,0.75,2,1882538,1882080,458
137480621,23.9944,27.5002,457,50429,0.774728,0.79,2,1882570,1882113,457
137486461,26.2791,26.84,460,50513,0.761156,0.77,2,1882632,1882172,460
137489381,21.3116,21.536,460,50555,0.766463,0.77,2,1882650,1882190,460
137524421,10.4794,10.465,458,51052,0.773977,0.75,2,1882983,1882525,458
137527341,12.5918,11.986,459,51093,0.783591,0.79,2,1882997,1882538,459
137530261,24.2367,23.9944,459,51134,0.787436,0.73,2,1883029,1882570,459
137533181,33.6947,34.1978,458,51175,0.776974,0.77,2,1883069,1882611,458
137536101,26.0779,26.2791,458,51216,0.78479,0.77,2,1883090,1882632,458
137539021,20.0311,21.3116,456,51257,0.787916,0.73,2,1883106,1882650,456
137541941,27.2125,27.7247,456,51298,0.789166,0.69,2,1883138,1882682,456
137544861,26.485,26.6899,456,51339,0.801667,0.67,2,1883164,1882708,456
137547781,29.194,31.0759,453,51380,0.806667,0.67,2,1883195,1882742,453
137550701,32.6776,32.2304,455,51421,0.796667,0.71,2,1883230,1882775,455
137553621,32.271,32.0922,455,51462,0.804667,0.67,2,1883262,1882807,455
137556541,35.7084,35.6369,455,51503,0.843867,0.73,2,1883300,1882845,455
137559461,29.8834,29.2547,456,51544,0.847547,0.75,2,1883326,1882870,456
137562381,29.9533,29.1019,457,51585,0.861019,0.71,2,1883356,1882899,457
137565301,34.1813,33.2408,458,51626,0.878407,0.77,2,1883393,1882935,458
137568221,29.8725,29.4963,458,51667,0.897363,0.75,2,1883420,1882962,458
137791601,215.693,241.564,479,24820,0.4492,0.96,1,1885644,1885165,479
137794521,110.877,108.025,501,24905,0.25768,1,1,1885685,1885184,501
137803281,65.2241,72.1216,494,25160,0.0786515,0.63,1,1885884,1885390,494
137806201,46.4897,63.6487,470,25244,0.0494606,0.59,1,1885918,1885448,470
137809121,37.7959,48.2595,464,25328,0.0857842,0.53,1,1885950,1885486,464
137812041,39.7183,39.1038,472,25412,0.0883137,0.39,1,1885991,1885519,472
137829561,46.12,61.3218,458,25908,0.0991976,0.03,1,1886342,1885884,458
137832481,38.248,44.9287,457,25990,0.069679,0.11,1,1886375,1885918,457
137835401,40.4992,37.1715,467,26072,0.0938716,0.09,1,1886417,1885950,467
137855841,37.5361,46.119,457,26636,0.203438,0.05,1,1886799,1886342,457
137858761,41.4144,38.2476,468,26716,0.219375,0.11,1,1886843,1886375,468
137861681,41.7658,40.499,468,26795,0.21375,0.13,1,1886885,1886417,468
137864601,67.1063,40.1996,512,26874,0.2475,0.13,1,1886969,1886457,512
137867521,28.0425,66.4798,430,26953,0.261,0.19,1,1886971,1886541,430
137917161,70.4957,68.3741,447,28259,0.752441,0.55,2,1887851,1887404,447
137920081,29.3983,28.5496,447,28334,0.786976,0.57,2,1887853,1887406,447
137923001,62.1593,59.4199,451,28409,0.812791,0.57,2,1887937,1887486,451
137925921,60.8637,23.7679,511,28484,0.799116,0.61,2,1887997,1887486,511
137928841,58.5455,45.5072,508,28558,0.781646,0.69,2,1888054,1887546,508
137931761,49.2182,51.2029,496,28632,0.774659,0.67,2,1888097,1887601,496
137934681,38.8873,45.0811,487,28706,0.807863,0.71,2,1888129,1887642,487
137937601,43.7549,37.8325,501,28780,0.833145,0.69,2,1888176,1887675,501
137940521,42.102,42.733,496,28854,0.831258,0.75,2,1888217,1887721,496
137943441,72.6408,41.0932,549,28927,0.866503,0.77,2,1888310,1887761,549
137946361,30.2563,70.4373,461,29000,0.880601,0.81,2,1888312,1887851,461
137949281,63.1025,29.3749,544,29073,0.898241,0.83,2,1888397,1887853,544
138066081,61.1973,58.9574,539,31856,0.892643,1,2,1890363,1889824,539
138069001,43.0789,65.5829,500,31922,0.867057,1,2,1890394,1889894,500
138071921,44.2316,44.8332,514,31988,0.796823,1,2,1890439,1889925,514
138098201,42.2308,61.1973,490,32578,0.448881,0.85,1,1890853,1890363,490
138101121,41.4923,43.0789,500,32643,0.401552,0.75,1,1890894,1890394,500
138104041,33.9969,44.2316,484,32708,0.430621,0.59,1,1890923,1890439,484
138106961,14.7988,37.4926,453,32773,0.442248,0.55,1,1890925,1890472,453
138109881,26.3195,37.1971,450,32838,0.434899,0.55,1,1890959,1890509,450
138153681,41.4815,41.5746,446,33791,0.765545,0.61,2,1891599,1891153,446
138156601,48.9926,46.6298,450,33854,0.768218,0.63,2,1891653,1891203,450
138159521,56.797,55.2519,451,33916,0.805287,0.63,2,1891715,1891264,451
138162441,40.7188,40.1008,451,33978,0.796115,0.63,2,1891745,1891294,451
138165361,43.2875,41.8403,453,34040,0.816446,0.67,2,1891790,1891337,453
138168281,34.115,33.5361,453,34102,0.824578,0.67,2,1891818,1891365,453
138171201,14.846,14.6144,453,34164,0.827831,0.67,2,1891820,1891367,453
138174121,26.9384,26.2458,454,34226,0.865133,0.67,2,1891855,1891401,454
138177041,31.1754,10.4983,488,34288,0.892053,0.71,2,1891889,1891401,488
138311361,30.7749,28.3348,513,37017,0.883312,1,2,1893822,1893309,513
138314281,24.91,42.5339,482,37074,0.803325,1,2,1893843,1893361,482
138328881,64.5904,44.7952,548,37359,0.234853,1,1,1894088,1893540,548
138337641,33.5098,46.6189,501,37528,0.0771906,0.93,1,1894196,1893695,501
138340561,29.0039,34.8476,500,37584,0.0848762,1,1,1894222,1893722,500
138343481,35.0016,32.539,508,37640,0.0999505,0.9,1,1894261,1893753,508
138407721,46.8699,48.8179,428,38857,0.260882,0.17,1,1895027,1894599,428
138410641,31.348,30.9272,430,38911,0.278353,0.11,1,1895048,1894618,430
138413561,26.9392,28.5709,427,38965,0.285341,0.11,1,1895072,1894645,427
138431081,34.4935,33.8272,429,39289,0.416927,0.15,1,1895261,1894832,429
138434001,14.9974,14.7309,429,39343,0.400771,0.19,1,1895263,1894834,429
138436921,28.199,28.0924,429,39397,0.418308,0.19,1,1895300,1894871,429
138439841,55.6796,54.4369,431,39451,0.449323,0.19,1,1895374,1894943,431
138442761,42.6718,42.1748,431,39505,0.437729,0.31,1,1895408,1894977,431
138509921,15.7932,35.4438,450,40715,0.752231,0.53,2,1896152,1895702,450
138512841,29.1173,15.3775,486,40767,0.762892,0.57,2,1896190,1895704,486
138515761,57.8469,28.351,526,40819,0.791157,0.61,2,1896267,1895741,526
138518681,44.7388,56.3404,487,40871,0.838463,0.63,2,1896303,1895816,487
138521601,52.6955,42.9362,511,40923,0.821385,0.69,2,1896361,1895850,511
138524521,34.2782,50.7745,477,40975,0.826554,0.69,2,1896383,1895906,477
138527441,28.1113,33.5098,479,41027,0.828622,0.69,2,1896407,1895928,479
138530361,37.6445,27.8039,499,41078,0.841449,0.69,2,1896451,1895952,499
138533281,28.2578,37.5216,477,41129,0.846579,0.67,2,1896473,1895996,477
138536201,23.9031,28.8086,475,41180,0.860632,0.65,2,1896494,1896019,475
138539121,25.7612,22.9235,483,41231,0.854253,0.73,2,1896521,1896038,483
138542041,42.1045,24.7694,510,41282,0.887701,0.73,2,1896574,1896064,510
138690961,30.6725,27.5627,513,43813,0.896099,1,2,1898304,1897791,513
138693881,30.869,29.0251,514,43861,0.83244,1,2,1898335,1897821,514
138696801,29.1476,33.81,505,43909,0.758976,1,2,1898363,1897858,505
138711401,32.9106,39.3165,497,44149,0.441164,1,1,1898524,1898027,497
138717241,52.4257,29.9306,544,44245,0.282986,1,1,1898623,1898079,544
138720161,44.3703,55.1723,511,44293,0.239194,0.97,1,1898662,1898151,511
138737681,25.8496,30.869,458,44578,0.0845554,0.71,1,1898793,1898335,458
138740601,25.3399,29.1476,455,44625,0.0998222,0.65,1,1898818,1898363,455
138743521,28.1359,30.259,454,44672,0.0819289,0.67,1,1898848,1898394,454
138746441,20.2544,24.1036,449,44719,0.0867715,0.53,1,1898863,1898414,449
138749361,35.7018,38.4414,447,44766,0.0527086,0.47,1,1898909,1898462,447
138752281,28.6807,32.7766,442,44813,0.0750834,0.39,1,1898933,1898491,442
138755201,28.2723,32.9106,437,44860,0.0600334,0.31,1,1898961,1898524,437
138758121,31.7089,33.5643,437,44907,0.0780133,0.23,1,1898995,1898558,437
138775641,11.1346,12.3103,425,45189,0.229558,0.09,1,1899162,1898737,425
138778561,21.2538,21.1241,426,45236,0.217823,0.07,1,1899190,1898764,426
138781481,24.1015,25.8496,423,45283,0.213129,0.11,1,1899216,1898793,423
138784401,25.8406,25.3399,425,45330,0.211252,0.07,1,1899243,1898818,425
138787321,28.3362,28.1359,425,45377,0.210501,0.09,1,1899273,1898848,425
138790241,19.1345,20.2544,423,45423,0.2222,0.03,1,1899286,1898863,423
138793161,34.6538,35.7018,422,45469,0.25088,0.09,1,1899331,1898909,422
138796081,30.6615,28.6807,426,45515,0.274352,0.05,1,1899359,1898933,426
138799001,26.6646,28.2723,422,45561,0.259741,0.09,1,1899383,1898961,422
138801921,33.4658,31.7089,426,45607,0.289896,0.15,1,1899421,1898995,426
138834041,19.7506,27.5201,445,46113,0.405345,0.23,1,1899718,1899273,445
138836961,34.9002,18.808,477,46159,0.432138,0.27,1,1899763,1899286,477
138839881,31.3601,34.5232,461,46205,0.442855,0.29,1,1899792,1899331,461
138848641,50.751,33.4575,497,46343,0.439463,0.37,1,1899918,1899421,497
138851561,46.7004,49.383,481,46388,0.421785,0.37,1,1899962,1899481,481
138909961,23.7903,11.4387,476,47288,0.762139,0.51,2,1900506,1900030,476
138912881,25.1161,22.5755,472,47333,0.778856,0.51,2,1900532,1900060,472
138915801,28.0464,24.6302,476,47378,0.785542,0.53,2,1900562,1900086,476
138918721,12.4186,26.6521,450,47422,0.764217,0.59,2,1900564,1900114,450
138921641,24.1674,29.2608,451,47466,0.755687,0.59,2,1900596,1900145,451
138924561,18.067,20.1043,451,47510,0.776275,0.57,2,1900610,1900159,451
138927481,35.4268,36.8417,450,47554,0.76051,0.57,2,1900657,1900207,450
138930401,31.5707,31.5367,451,47598,0.766204,0.61,2,1900686,1900235,451
138933321,28.8283,27.6147,453,47642,0.780482,0.63,2,1900713,1900260,453
138936241,35.5313,35.0459,453,47686,0.786193,0.61,2,1900753,1900300,453
138939161,50.2125,50.6183,452,47730,0.824477,0.63,2,1900813,1900361,452
138942081,47.085,46.6473,453,47774,0.827791,0.65,2,1900858,1900405,453
138945001,31.434,30.0589,455,47818,0.853116,0.69,2,1900879,1900424,455
138947921,27.5736,25.2236,458,47862,0.863247,0.73,2,1900904,1900446,458
138950841,27.2294,25.6894,459,47906,0.879299,0.73,2,1900931,1900472,459
138953761,12.0918,11.4758,459,47950,0.885719,0.79,2,1900933,1900474,459
139261821,346.928,361.987,503,23360,0.778,1,2,1904466,1903963,503
139277881,76.1074,88.0392,460,23360,0.226192,1,1,1904666,1904206,460
139310001,84.6572,58.1263,520,24178,0.0733907,0.96,1,1904821,1904301,520
139312921,45.8629,61.6505,476,24266,0.0473563,0.85,1,1904841,1904365,476
139315841,33.9451,39.0602,478,24353,0.0489425,0.69,1,1904867,1904389,478
139318761,33.3781,38.4241,473,24440,0.061577,0.63,1,1904900,1904427,473
139321681,37.9512,38.7696,475,24527,0.0306308,0.49,1,1904941,1904466,475
139324601,40.3805,46.1079,466,24613,0.0662523,0.23,1,1904983,1904517,466
139362561,37.0254,40.4854,455,25710,0.213866,0.11,1,1905719,1905264,455
139365481,32.8102,33.5942,456,25792,0.223546,0.13,1,1905749,1905293,456
139368401,38.9241,32.0377,468,25874,0.239419,0.13,1,1905792,1905324,468
139371321,43.1696,37.4151,473,25956,0.233767,0.21,1,1905838,1905365,473
139374241,67.6679,41.366,513,26038,0.231507,0.19,1,1905922,1905409,513
139377161,76.8671,67.5464,511,26119,0.290603,0.19,1,1906005,1905494,511
139385921,38.1595,46.059,463,26362,0.427319,0.23,1,1906151,1905688,463
139426801,82.7668,79.4612,454,27465,0.764545,0.63,2,1906896,1906442,454
139429721,91.9067,91.1845,453,27542,0.791818,0.63,2,1906994,1906541,453
139432641,37.9627,37.6738,453,27619,0.802727,0.67,2,1906996,1906543,453
139435561,26.5851,25.8695,454,27696,0.819091,0.67,2,1907015,1906561,454
139438481,32.234,31.3478,455,27772,0.813636,0.73,2,1907051,1906596,455
139441401,32.0936,31.1391,456,27848,0.847455,0.71,2,1907083,1906627,456
139444321,39.8374,38.8556,457,27924,0.848982,0.73,2,1907128,1906671,457
139447241,42.335,42.5423,456,28000,0.885593,0.73,2,1907172,1906716,456
139583021,249.59,209.027,570,13302,0.2308,0.71,1,1909727,1909157,570
139588861,105.094,142.884,453,13620,0.054928,0.31,1,1909919,1909466,453
139591781,57.6378,76.9537,446,13776,0.0519712,0.17,1,1909945,1909499,446
139594701,145.455,49.3815,619,13930,0.0387885,0.05,1,1910149,1909530,619
139597621,141.582,137.953,561,14083,0.0575154,0.05,1,1910288,1909727,561
139600541,88.4328,138.581,475,14234,0.0890062,0.01,1,1910341,1909866,475
139603461,51.5731,87.2324,449,14383,0.0896025,0.05,1,1910368,1909919,449
139604921,141.229,50.493,624,14531,0.077841,0.03,1,1910569,1909945,624
139607841,57.6917,142.597,422,14677,0.0731364,0.07,1,1910571,1910149,422
139610761,110.077,140.439,428,14822,0.0832546,0.11,1,1910716,1910288,428
139613681,75.2307,87.9755,427,14965,0.0753018,0.09,1,1910768,1910341,427
139616601,45.6923,51.3902,426,15107,0.0721207,0.07,1,1910794,1910368,426
139619521,138.277,141.156,425,15248,0.0708483,0.07,1,1910994,1910569,425
139622441,56.5108,57.6624,425,15387,0.0703393,0.09,1,1910996,1910571,425
139625361,109.004,110.065,424,15525,0.0821357,0.07,1,1911140,1910716,424
139639961,109.417,109.004,424,16197,0.228025,0.15,1,1911564,1911140,424
139642881,77.9667,75.4017,428,16328,0.27721,0.15,1,1911621,1911193,428
139654561,110.817,23.1367,577,16842,0.408809,0.27,1,1911996,1911419,577
139657481,80.9267,96.2547,493,16968,0.445523,0.31,1,1912057,1911564,493
139691061,77.4926,77.724,453,18413,0.751764,0.65,2,1912956,1912503,453
139693981,47.797,47.2896,454,18528,0.750706,0.73,2,1912984,1912530,454
139696901,145.119,143.116,457,18643,0.870282,0.73,2,1913194,1912737,457
139800561,53.8161,60.3144,477,22376,0.85336,1,2,1915733,1915256,477
139803481,50.3264,46.3258,488,22471,0.803344,1,2,1915781,1915293,488
139841441,50.3926,51.8931,503,23668,0.759834,0.61,2,1916647,1916144,503
139844361,46.557,50.7572,497,23758,0.765934,0.71,2,1916691,1916194,497
139847281,49.8228,46.1029,506,23847,0.792373,0.67,2,1916743,1916237,506
139850201,41.5291,50.8412,488,23936,0.814949,0.61,2,1916779,1916291,488
139853121,17.8116,41.3365,455,24025,0.82398,0.77,2,1916781,1916326,455
139856041,127.725,134.135,460,24113,0.875592,0.75,2,1916982,1916522,460
139949481,120.341,34.1701,652,26783,0.892,1,2,1918872,1918220,652
139955321,47.2145,73.5072,503,26941,0.89152,1,2,1918939,1918436,503
139958241,36.2858,46.2029,504,27020,0.854608,1,2,1918968,1918464,504
139961161,45.7143,53.8812,497,27098,0.827843,1,2,1919020,1918523,497
139964081,39.2857,45.5525,492,27176,0.793137,1,2,1919055,1918563,492
139987441,40.0982,45.7143,456,27793,0.446101,0.77,1,1919476,1919020,456
139990361,37.6393,39.2857,457,27869,0.44844,0.71,1,1919512,1919055,457
139993281,55.2557,55.3143,458,27945,0.437376,0.71,1,1919579,1919121,458
140042921,38.2351,38.1414,484,29207,0.761518,0.55,2,1920401,1919917,484
140045841,57.294,36.2566,519,29279,0.802607,0.61,2,1920471,1919952,519
140048761,43.9176,54.7026,487,29351,0.807043,0.61,2,1920506,1920019,487
140051681,36.767,43.481,483,29423,0.844817,0.65,2,1920538,1920055,483
140209361,58.83,54.3389,492,33082,0.8404,1,2,1923158,1922666,492
140218121,33.4771,32.3977,501,33274,0.413066,1,1,1923259,1922758,501
140223961,33.3163,43.4636,482,33401,0.25689,1,1,1923326,1922844,482
140229801,37.9706,36.2342,493,33527,0.0411025,1,1,1923408,1922915,493
140232721,32.5882,30.0937,496,33590,0.022441,1,1,1923437,1922941,496
140235641,62.2353,74.4375,474,33653,0.0509764,0.91,1,1923519,1923045,474
140238561,55.4941,64.575,467,33716,0.0503906,0.77,1,1923570,1923103,467
140241481,48.5976,58.83,456,33779,0.0621562,0.53,1,1923614,1923158,456
140244401,36.8391,45.732,448,33842,0.0668625,0.41,1,1923643,1923195,448
140247321,30.9356,38.6928,441,33904,0.032745,0.35,1,1923670,1923229,441
140250241,27.3742,33.4771,436,33966,0.031098,0.27,1,1923695,1923259,436
140253161,27.1497,33.7908,429,34028,0.0544392,0.21,1,1923722,1923293,429
140256081,28.8599,33.3163,426,34090,0.0757757,0,1,1923752,1923326,426
140259001,39.144,40.9265,426,34152,0.0483103,0,1,1923798,1923372,426
140261921,36.6576,37.9706,425,34214,0.0373241,0,1,1923833,1923408,425
140264841,31.463,15.1882,453,34276,0.0329296,0.01,1,1923861,1923408,453
140267761,59.9852,23.4753,503,34338,0.0551719,0.07,1,1923940,1923437,503
140270681,54.5941,58.5901,472,34400,0.0400687,0.05,1,1923991,1923519,472
140273601,49.4376,54.036,467,34461,0.0460275,0.07,1,1924037,1923570,467
140276521,35.9751,48.0144,450,34522,0.018411,0.07,1,1924064,1923614,450
140279441,31.19,36.6058,449,34583,0.0493644,0.01,1,1924092,1923643,449
140282361,26.876,30.8423,446,34644,0.0377458,0.03,1,1924116,1923670,446
140285281,28.7504,27.3369,451,34705,0.0570983,0.07,1,1924146,1923695,451
140288201,28.9002,27.1348,453,34766,0.0888393,0.09,1,1924175,1923722,453
140291121,37.9601,28.8539,467,34827,0.0775357,0.03,1,1924219,1923752,467
140294041,36.784,39.1416,457,34888,0.0370143,0.03,1,1924255,1923798,457
140296961,32.1136,36.6566,451,34949,0.0328057,0.03,1,1924284,1923833,451
140299881,59.0454,31.4626,500,35009,0.0311223,0.07,1,1924361,1923861,500
140302801,54.8182,59.9851,473,35069,0.0184489,0.03,1,1924413,1923940,473
140305721,48.9273,54.594,467,35129,0.0493796,0.05,1,1924458,1923991,467
140308641,35.7709,49.4376,448,35189,0.0737518,0,1,1924485,1924037,448
140311561,31.7084,35.975,450,35249,0.0835007,0.07,1,1924514,1924064,450
140314481,26.4833,31.19,445,35309,0.0514003,0.03,1,1924537,1924092,445
140317401,30.3933,26.876,454,35369,0.0385601,0.07,1,1924570,1924116,454
140320321,30.7573,28.7504,455,35429,0.057424,0.11,1,1924601,1924146,455
140323241,35.7029,28.9002,465,35489,0.0769696,0.07,1,1924640,1924175,465
140326161,36.4812,37.9601,458,35549,0.0307878,0.01,1,1924677,1924219,458
140329081,31.9925,36.784,451,35608,0.0543151,0.03,1,1924706,1924255,451
140332001,60.197,32.1136,501,35667,0.0637261,0.03,1,1924785,1924284,501
140334921,25.2788,59.0454,426,35726,0.0794904,0.01,1,1924787,1924361,426
140337841,39.5115,54.8182,423,35785,0.0737962,0.07,1,1924836,1924413,423
140340761,44.6046,48.9273,426,35844,0.0715185,0.09,1,1924884,1924458,426
140343681,34.0418,35.7709,426,35903,0.0586074,0.09,1,1924911,1924485,426
140346601,31.0167,31.7084,426,35962,0.041443,0.03,1,1924940,1924514,426
140349521,25.6067,26.4833,425,36021,0.0465772,0.03,1,1924962,1924537,425
140352441,29.4427,30.3933,424,36080,0.0366309,0.07,1,1924994,1924570,424
140355361,30.9771,30.7573,425,36139,0.0566524,0.09,1,1925026,1924601,425
140358281,36.3908,35.7029,426,36197,0.0526609,0,1,1925066,1924640,426
140361201,34.9563,36.4812,423,36255,0.0510644,0.07,1,1925100,1924677,423
140364121,32.5825,31.9925,425,36313,0.0384257,0.07,1,1925131,1924706,425
140367041,61.633,60.197,427,36371,0.0693703,0.09,1,1925212,1924785,427
140369961,25.8532,25.2788,427,36429,0.0817481,0.07,1,1925214,1924787,427
140372881,37.3413,39.5115,423,36487,0.0866992,0.07,1,1925259,1924836,423
140375801,43.7365,44.6046,423,36545,0.0766797,0.05,1,1925307,1924884,423
140390401,31.7496,30.9771,424,36834,0.0961612,0.05,1,1925450,1925026,424
140399161,32.752,32.5825,423,37005,0.0971143,0.09,1,1925554,1925131,423
140407921,37.4481,37.3413,424,37176,0.0918953,0.09,1,1925683,1925259,424
140431281,33.9829,36.6631,456,37628,0.22725,0.11,1,1925946,1925490,456
140434201,33.3932,33.8653,457,37684,0.2289,0.09,1,1925979,1925522,457
140437121,62.5573,32.7461,507,37740,0.22956,0.13,1,1926061,1925554,507
140440041,26.2229,62.2984,427,37796,0.229824,0.13,1,1926063,1925636,427
140442961,36.8892,26.1194,469,37852,0.24193,0.07,1,1926107,1925638,469
140445881,44.1557,37.4478,473,37908,0.270772,0.11,1,1926156,1925683,473
140448801,35.6623,44.3791,454,37964,0.294309,0.11,1,1926186,1925732,454
140457561,28.4424,25.8323,457,38131,0.411236,0.19,1,1926268,1925811,457
140460481,31.777,27.7329,462,38186,0.434494,0.17,1,1926302,1925840,462
140510121,64.2931,62.5511,453,39115,0.777425,0.63,2,1926946,1926493,453
140513041,26.9172,26.2204,453,39169,0.82097,0.61,2,1926948,1926495,453
140515961,37.1669,37.4882,452,39223,0.838388,0.65,2,1926992,1926540,452
140518881,46.6668,45.5953,454,39277,0.845355,0.65,2,1927045,1926591,454
140521801,19.8667,19.4381,454,39331,0.848142,0.67,2,1927047,1926593,454
140524721,28.3467,26.9752,456,39385,0.849257,0.69,2,1927081,1926625,456
140527641,29.9387,28.7901,457,39439,0.849703,0.69,2,1927112,1926655,457
140530561,26.9755,26.516,457,39493,0.825881,0.71,2,1927137,1926680,457
140533481,29.9902,29.8064,457,39546,0.852352,0.75,2,1927169,1926712,457
140536401,32.3961,32.3226,457,39599,0.850941,0.69,2,1927203,1926746,457
140539321,41.7584,42.329,456,39652,0.874376,0.69,2,1927251,1926795,456
140542241,37.7034,37.3316,457,39705,0.883751,0.75,2,1927286,1926829,457
140545161,34.8813,34.7326,457,39758,0.8755,0.81,2,1927319,1926862,457
140736421,109.104,114.022,523,19314,0.439216,0.73,1,1929861,1929338,523
140739341,86.2418,106.809,492,19424,0.445686,0.49,1,1929932,1929440,492
140759781,69.27,78.6929,505,20176,0.782612,0.49,2,1930437,1929932,505
140762701,42.108,66.8772,470,20281,0.799045,0.49,2,1930461,1929991,470
140765621,63.0432,41.7509,522,20386,0.829618,0.57,2,1930538,1930016,522
140853221,89.3929,81.2841,569,23305,0.895127,0.91,2,1932662,1932093,569
140856141,73.5571,86.5136,542,23396,0.880051,1,2,1932725,1932183,542
140984621,54.0006,64.8241,487,27097,0.887325,1,2,1935294,1934807,487
140987541,42.0003,47.5297,485,27175,0.84093,1,2,1935328,1934843,485
140996301,60.84,60.9059,482,27408,0.44574,0.93,1,1935558,1935076,482
140999221,50.736,51.9624,480,27485,0.400296,1,1,1935602,1935122,480
141010901,49.2844,54.0006,463,27792,0.24924,0.81,1,1935757,1935294,463
141013821,39.5138,42.0003,462,27868,0.249696,0.67,1,1935790,1935328,462
141016741,57.8055,63.0001,455,27944,0.237878,0.39,1,1935860,1935405,455
141019661,83.1222,93.6,441,28020,0.257151,0.39,1,1935960,1935519,441
141098501,54.2858,57.9984,450,29993,0.77111,0.57,2,1937183,1936733,450
141101421,85.3143,86.7994,450,30064,0.830444,0.59,2,1937289,1936839,450
141104341,58.1257,57.5198,452,30134,0.854178,0.59,2,1937329,1936877,452
141107261,50.2503,50.0079,452,30204,0.875671,0.61,2,1937374,1936922,452
141110181,38.7001,38.0032,453,30274,0.872268,0.67,2,1937405,1936952,453
141432841,315.33,349.627,470,16060,0.41512,0.81,1,1942256,1941786,470
141438681,151.253,126.14,542,16323,0.0916192,0.25,1,1942493,1941951,542
141450361,93.7857,40.6452,537,16837,0.0586495,0.03,1,1942793,1942256,537
141453281,110.714,85.2581,544,16963,0.0534598,0.03,1,1942915,1942371,544
141456201,101.886,107.303,518,17088,0.0633839,0.11,1,1943011,1942493,518
141459121,79.7543,99.3213,489,17212,0.0793536,0.13,1,1943076,1942587,489
141462041,40.3017,78.1285,439,17335,0.0977414,0.09,1,1943090,1942651,439
141464961,91.1207,39.6514,550,17457,0.0690966,0.03,1,1943215,1942665,550
141467881,109.048,92.6606,543,17579,0.0816386,0.05,1,1943336,1942793,543
141482481,37.0341,91.1092,425,18175,0.202465,0.09,1,1943640,1943215,425
141485401,88.0136,109.044,426,18292,0.254986,0.13,1,1943762,1943336,426
141488321,95.8055,103.017,428,18408,0.287994,0.13,1,1943863,1943435,428
141500001,37.2622,37.034,432,18865,0.403421,0.29,1,1944072,1943640,432
141540881,100.156,90.6048,553,20383,0.774414,0.59,2,1945193,1944640,553
141543801,86.2624,98.0419,527,20487,0.819766,0.65,2,1945270,1944743,527
141546721,42.9049,84.8168,465,20591,0.837906,0.61,2,1945284,1944819,465
141625561,53.7803,54.8832,539,23212,0.883219,1,2,1947173,1946634,539
141628481,40.1121,57.9533,510,23303,0.863288,0.92,2,1947204,1946694,510
141754041,46.8466,51.1374,526,26938,0.8908,1,2,1949781,1949255,526
141756961,39.1387,60.655,493,27017,0.83032,1,2,1949815,1949322,493
141762801,83.3022,84.4648,486,27173,0.212051,1,1,1949998,1949512,486
141765721,53.7209,53.5859,487,27251,0.0908205,1,1,1950032,1949545,487
141768641,44.8883,43.6344,489,27329,0.0363282,1,1,1950071,1949582,489
141771561,48.5553,46.8537,491,27406,0.0205313,1,1,1950122,1949631,491
141774481,38.0221,38.5415,489,27483,0.0262125,0.87,1,1950153,1949664,489
141777401,51.8089,64.6166,468,27560,0.028485,0.87,1,1950214,1949746,468
141780321,38.7235,46.8466,463,27637,0.029394,0.79,1,1950244,1949781,463
141783241,33.4894,39.1387,459,27714,0.0117576,0.33,1,1950274,1949815,459
141786161,54.7958,70.2555,437,27790,0.00470304,0,1,1950343,1949906,437
141789081,68.1183,83.3022,422,27866,0.00188122,0.01,1,1950420,1949998,422
141792001,47.6473,53.7209,422,27942,0.000752486,0,1,1950454,1950032,422
141794921,43.0589,44.8883,423,28018,0.018301,0.01,1,1950494,1950071,423
141797841,47.8236,48.5553,423,28094,0.0133204,0.03,1,1950545,1950122,423
141800761,37.7294,38.0221,423,28169,0.0233282,0.03,1,1950576,1950153,423
141803681,51.6918,51.8089,423,28244,0.0273313,0.03,1,1950637,1950214,423
141806601,38.6767,38.7235,423,28319,0.0529325,0,1,1950667,1950244,423
141809521,33.4707,33.4894,423,28394,0.063173,0,1,1950697,1950274,423
141812441,54.7883,13.3958,492,28469,0.0432692,0,1,1950766,1950274,492
141815361,66.9153,46.7583,498,28543,0.0173077,0,1,1950841,1950343,498
141818281,47.1661,64.9033,455,28617,0.00692307,0,1,1950875,1950420,455
141821201,43.4664,46.3613,462,28691,0.0207692,0.03,1,1950916,1950454,462
141824121,47.3866,42.5445,472,28765,0.0263077,0.01,1,1950966,1950494,472
141827041,37.5546,47.6178,452,28839,0.0165231,0.03,1,1950997,1950545,452
141829961,51.6219,37.6471,482,28912,0.0486092,0.03,1,1951058,1950576,482
141832881,40.4487,51.6589,454,28985,0.0374437,0.07,1,1951091,1950637,454
141835801,33.5795,38.6635,453,29058,0.0809775,0.07,1,1951120,1950667,453
141838721,54.2318,33.4654,491,29131,0.050391,0.03,1,1951188,1950697,491
141841641,66.0927,54.7862,496,29204,0.0501564,0,1,1951262,1950766,496
141844561,46.8371,66.9145,455,29276,0.0260626,0,1,1951296,1950841,455
141847481,43.9348,47.1658,463,29348,0.028425,0.03,1,1951338,1950875,463
141850401,46.9739,43.4663,471,29420,0.01137,0.03,1,1951387,1950916,471
141853321,37.3896,47.3865,452,29492,0.022548,0.01,1,1951418,1950966,452
141856241,51.5558,37.5546,482,29564,0.0270192,0.07,1,1951479,1950997,482
141859161,42.8223,51.6218,458,29636,0.0168077,0.03,1,1951516,1951058,458
141862081,34.5289,40.4487,454,29707,0.0487231,0.11,1,1951545,1951091,454
141865001,52.2116,33.5795,489,29778,0.0374892,0.03,1,1951609,1951120,489
141867921,22.0846,54.2318,423,29849,0.0329957,0.05,1,1951611,1951188,423
141870841,53.2339,66.0927,423,29920,0.0791983,0.01,1,1951685,1951262,423
141873761,42.2935,46.8371,424,29991,0.0496793,0.03,1,1951720,1951296,424
141876681,41.5174,43.9348,423,30062,0.0258717,0,1,1951761,1951338,423
141879601,45.407,46.9739,422,30132,0.0283487,0.03,1,1951809,1951387,422
141882521,37.3628,37.3896,423,30202,0.0413395,0.03,1,1951841,1951418,423
141885441,51.5451,51.5558,423,30272,0.0225358,0.01,1,1951902,1951479,423
141888361,43.418,42.8223,424,30342,0.00901431,0.07,1,1951940,1951516,424
141891281,34.1672,34.5289,423,30412,0.00960573,0.03,1,1951968,1951545,423
141894201,52.6669,52.2116,424,30482,0.0698423,0.03,1,1952033,1951609,424
141897121,22.2668,22.0846,424,30551,0.0939369,0.11,1,1952035,1951611,424
141905881,41.7931,41.5174,423,30758,0.066732,0.03,1,1952184,1951761,423
141908801,44.9172,45.407,422,30827,0.0686928,0.05,1,1952231,1951809,422
141911721,37.1669,37.3628,422,30896,0.0274771,0.01,1,1952263,1951841,422
141914641,52.0668,51.5451,423,30964,0.0289908,0,1,1952325,1951902,423
141917561,43.0267,43.418,422,31032,0.0115963,0.01,1,1952362,1951940,422
141920481,35.2107,34.1672,424,31100,0.0466385,0.11,1,1952392,1951968,424
141923401,54.8843,52.6669,427,31168,0.0366554,0.11,1,1952460,1952033,427
141926321,23.1537,22.2668,427,31236,0.0326622,0.17,1,1952462,1952035,427
141929241,53.6615,52.7067,428,31304,0.0670649,0.17,1,1952536,1952108,428
141932161,38.2646,21.0827,456,31372,0.0688259,0.11,1,1952564,1952108,456
141935081,40.5058,28.8331,464,31439,0.0335304,0.03,1,1952606,1952142,464
141938001,43.8023,36.7332,468,31506,0.0434122,0.07,1,1952652,1952184,468
141940921,36.7209,42.8933,453,31573,0.0233649,0,1,1952684,1952231,453
141943841,51.8884,36.3573,483,31640,0.0393459,0.03,1,1952746,1952263,483
141946761,42.9553,51.7429,458,31707,0.0217384,0,1,1952783,1952325,458
141949681,35.7821,42.8972,452,31774,0.0386954,0.07,1,1952814,1952362,452
141952601,55.1129,35.1589,490,31841,0.0814781,0.03,1,1952882,1952392,490
141955521,23.2451,54.8635,424,31907,0.0985913,0.03,1,1952884,1952460,424
141999321,36.2995,45.0575,431,32887,0.210327,0.17,1,1953508,1953077,431
142002241,31.3198,35.423,430,32951,0.246131,0.15,1,1953536,1953106,430
142005161,47.9279,51.3692,427,33015,0.272452,0.15,1,1953595,1953168,427
142008081,41.3712,42.7477,427,33079,0.270981,0.11,1,1953632,1953205,427
142011001,36.3485,36.8991,427,33143,0.282392,0.15,1,1953665,1953238,427
142025601,41.4909,40.1218,431,33461,0.405833,0.19,1,1953888,1953457,431
142031441,37.1185,36.2995,432,33587,0.440533,0.27,1,1953940,1953508,432
142086921,42.162,56.6681,481,34763,0.771144,0.61,2,1954734,1954253,481
142089841,43.2648,41.8672,493,34824,0.794457,0.57,2,1954778,1954285,493
142092761,18.5059,43.1469,451,34885,0.803783,0.61,2,1954780,1954329,451
142095681,38.6024,18.4588,501,34946,0.831513,0.59,2,1954832,1954331,501
142098601,35.2409,37.9835,483,35006,0.842605,0.61,2,1954865,1954382,483
142101521,53.6964,34.3934,517,35066,0.859042,0.67,2,1954931,1954414,517
142104441,43.0786,51.5574,490,35126,0.865617,0.65,2,1954967,1954477,490
142107361,37.0314,42.8229,486,35186,0.892247,0.67,2,1955000,1954514,486
142250441,63.5799,32.8243,555,38017,0.845885,1,2,1956965,1956410,555
142253361,40.432,61.7297,499,38073,0.776354,1,2,1956990,1956491,499
142288401,53.0054,63.5799,457,38733,0.420257,0.73,1,1957422,1956965,457
142291321,34.4022,40.432,454,38788,0.426103,0.67,1,1957444,1956990,454
142294241,51.5609,54.5728,453,38842,0.404441,0.65,1,1957507,1957054,453
142297161,43.4243,45.8291,451,38896,0.431776,0.65,1,1957545,1957094,451
142303001,32.8679,35.6527,447,39004,0.439884,0.55,1,1957608,1957161,447
142367241,36.381,45.0089,473,40179,0.76147,0.61,2,1958336,1957863,473
142370161,52.3524,32.4035,512,40232,0.766588,0.63,2,1958399,1957887,512
142373081,47.941,50.1614,495,40284,0.792635,0.65,2,1958444,1957949,495
142376001,37.1764,45.2646,483,40336,0.803054,0.65,2,1958474,1957991,483
142378921,32.2706,36.1058,482,40388,0.843222,0.67,2,1958503,1958021,482
142381841,35.7082,31.2423,492,40440,0.859289,0.73,2,1958541,1958049,492
142562881,37.0234,26.0322,546,43559,0.87135,1,2,1960684,1960138,546
142565801,34.6094,47.6129,517,43607,0.78654,1,2,1960717,1960200,517
142589161,32.414,35.7733,514,43991,0.0962355,1,1,1960992,1960478,514
142595001,28.4662,34.1637,506,44087,0.0597977,0.87,1,1961050,1960544,506
142597921,29.9865,32.8655,505,44135,0.0659191,1,1,1961081,1960576,505
142600841,28.1946,34.1462,497,44183,0.0563676,0.89,1,1961108,1960611,497
142603761,32.2778,34.0585,498,44231,0.0405471,0.84,1,1961143,1960645,498
142606681,30.3111,37.0234,488,44279,0.0702188,0.73,1,1961172,1960684,488
142609601,33.1245,34.6094,490,44327,0.0580875,0.65,1,1961207,1960717,490
142612521,29.4498,36.0437,480,44375,0.065235,0.63,1,1961234,1960754,480
142615441,27.9799,33.6175,475,44423,0.056094,0.55,1,1961261,1960786,475
142618361,30.392,33.247,474,44470,0.0524376,0.51,1,1961293,1960819,474
142621281,13.3568,34.2988,441,44517,0.050975,0.45,1,1961295,1960854,441
142624201,22.7427,31.7195,440,44564,0.07439,0.19,1,1961324,1960884,440
142627121,31.2971,39.0878,433,44611,0.095756,0.07,1,1961361,1960928,433
142630041,29.9188,36.0351,428,44658,0.0923024,0.05,1,1961390,1960962,428
142644641,28.1915,28.1946,424,44893,0.0837068,0.03,1,1961532,1961108,424
142647561,31.6766,32.2778,423,44940,0.0394827,0.09,1,1961566,1961143,423
142650481,31.2706,30.3111,425,44987,0.0577931,0.05,1,1961597,1961172,425
142662161,31.6741,30.392,427,45175,0.0974315,0.05,1,1961720,1961293,427
142665081,13.8697,13.3568,427,45222,0.0929726,0.09,1,1961722,1961295,427
142679681,30.7046,29.867,427,45455,0.215579,0.13,1,1961875,1961448,427
142682601,27.8818,26.9468,428,45501,0.260232,0.09,1,1961901,1961473,428
142685521,27.9527,29.9787,424,45547,0.266093,0.07,1,1961929,1961505,424
142688441,26.1811,28.1915,422,45593,0.280437,0.01,1,1961954,1961532,422
142691361,30.8724,31.6766,422,45639,0.262175,0.07,1,1961988,1961566,422
142694281,32.749,31.2706,425,45685,0.23087,0.13,1,1962022,1961597,425
142697201,32.8996,32.9083,424,45731,0.230348,0.11,1,1962055,1961631,424
142700121,30.5598,29.9633,425,45777,0.242139,0.11,1,1962084,1961659,425
142703041,28.4239,28.1853,425,45823,0.210856,0.09,1,1962111,1961686,425
142705961,32.3696,31.6741,426,45869,0.222342,0.09,1,1962146,1961720,426
142708881,14.1478,13.8697,426,45915,0.238937,0.09,1,1962148,1961722,426
142711801,22.4591,5.54786,454,45961,0.245575,0.17,1,1962176,1961722,454
142714721,31.7837,17.8191,466,46007,0.24823,0.19,1,1962214,1961748,466
142717641,30.7135,29.9277,458,46053,0.261292,0.17,1,1962244,1961786,458
142720561,29.0854,29.3711,457,46099,0.278517,0.21,1,1962272,1961815,457
142723481,32.6342,28.5484,464,46145,0.285407,0.23,1,1962307,1961843,464
142741001,33.0974,32.7481,463,46420,0.422331,0.23,1,1962485,1962022,463
142840281,33.6594,33.5469,450,47938,0.755044,0.57,2,1963473,1963023,450
142846121,23.8655,24.4475,449,48026,0.770007,0.55,2,1963505,1963056,449
142849041,32.3462,32.579,449,48070,0.794003,0.55,2,1963543,1963094,449
142851961,14.1385,14.2316,449,48114,0.815601,0.59,2,1963545,1963096,449
142854881,24.8554,24.8926,449,48158,0.83624,0.59,2,1963577,1963128,449
142857801,26.7422,26.7571,449,48202,0.856496,0.59,2,1963605,1963156,449
142860721,32.8969,31.7028,451,48246,0.876598,0.65,2,1963642,1963191,451
142863641,32.3587,31.2811,452,48290,0.872639,0.61,2,1963674,1963222,452
142866561,31.5435,30.5125,453,48334,0.883056,0.69,2,1963705,1963252,453
142869481,27.6174,26.605,454,48378,0.899222,0.69,2,1963730,1963276,454
143044681,28.1851,27.7166,497,50924,0.899792,1,2,1965500,1965003,497
143047601,32.874,27.2867,506,50965,0.857917,1,2,1965536,1965030,506
143050521,27.5496,26.5147,504,51006,0.841167,1,2,1965560,1965056,504
143053441,22.4198,23.2059,502,51047,0.882467,1,2,1965579,1965077,502
143056361,11.9679,21.8823,486,51088,0.874987,1,2,1965584,1965098,486
143059281,23.9872,23.1529,494,51129,0.823995,1,2,1965616,1965122,494
143062201,27.5949,27.2612,494,51170,0.839598,1,2,1965646,1965152,494
143065121,25.4379,30.1045,486,51211,0.833839,0.97,2,1965670,1965184,486
143068041,23.3752,30.6418,477,51252,0.807536,1,2,1965692,1965215,477
143070961,36.3501,36.8567,481,51293,0.821014,1,2,1965737,1965256,481
143073881,36.74,36.3427,482,51334,0.802406,0.95,2,1965774,1965292,482
143076801,30.896,34.9371,475,51375,0.818962,1,2,1965801,1965326,475
143079721,33.3584,32.5748,479,51416,0.813585,1,2,1965836,1965357,479
143082641,25.9434,29.2299,473,51457,0.823434,1,2,1965857,1965384,473
143085561,29.5773,30.892,473,51498,0.803374,0.97,2,1965889,1965416,473
143088481,26.8309,29.1568,470,51539,0.795349,0.97,2,1965914,1965444,470
143091401,26.3324,28.4627,468,51580,0.81614,0.85,2,1965940,1965472,468
143094321,28.5329,28.1851,470,51621,0.824456,0.83,2,1965970,1965500,470
143097241,30.6132,32.874,466,51662,0.827782,0.83,2,1966002,1965536,466
143100161,28.4453,27.5496,469,51703,0.817113,0.91,2,1966029,1965560,469
143103081,20.9781,22.4198,466,51744,0.812845,0.87,2,1966045,1965579,466
143106001,10.7912,11.9679,465,51785,0.847138,0.87,2,1966049,1965584,465
143108921,24.7165,4.78717,499,51826,0.860855,0.79,2,1966083,1965584,499
143111841,24.2866,21.1149,491,51867,0.866342,0.85,2,1966107,1965616,491
143114761,23.5146,26.4459,484,51908,0.892537,0.83,2,1966130,1965646,484
143120601,36.6423,23.1914,506,51990,0.883206,0.83,2,1966198,1965692,506
143123521,36.8569,36.2765,498,52031,0.899282,0.79,2,1966235,1965737,498
143371721,315.508,358.01,461,24820,0.4036,0.33,1,1968974,1968513,461
143422821,122.361,141.162,423,24820,0.089776,0,1,1969152,1968729,423
143425741,90.3445,70.8646,468,25633,0.0359104,0.09,1,1969221,1968753,468
143428661,64.3378,74.5459,438,25716,0.0323642,0.01,1,1969268,1968830,438
143431581,65.3351,59.2183,455,25798,0.0429457,0.01,1,1969334,1968879,455
143434501,38.734,54.8873,424,25880,0.0171783,0.05,1,1969355,1968931,424
143437421,30.4936,30.3549,435,25962,0.0248713,0.05,1,1969380,1968945,435
143440341,51.1974,29.542,471,26044,0.0639485,0.01,1,1969445,1968974,471
143443261,49.279,58.0168,442,26125,0.0315794,0.03,1,1969493,1969051,442
143446181,49.7116,43.6067,458,26206,0.0786318,0.03,1,1969543,1969085,458
143449101,82.2846,57.6427,495,26287,0.0494527,0,1,1969647,1969152,495
143452021,58.1139,64.4571,468,26368,0.0737811,0.03,1,1969689,1969221,468
143454941,62.8455,53.9828,487,26448,0.0475124,0.05,1,1969755,1969268,487
143457861,37.7382,61.1931,442,26528,0.025005,0,1,1969776,1969334,442
143460781,32.4953,37.0773,450,26608,0.040002,0.03,1,1969805,1969355,450
143463701,52.5981,29.8309,491,26688,0.0460008,0.09,1,1969871,1969380,491
143466621,48.6392,50.9324,472,26767,0.0724003,0.01,1,1969917,1969445,472
143469541,50.6557,49.1729,476,26846,0.0949601,0.11,1,1969969,1969493,476
143475381,69.1849,82.2677,425,27004,0.0595936,0.09,1,1970072,1969647,425
143478301,52.274,58.1071,424,27082,0.0298374,0.03,1,1970113,1969689,424
143481221,59.9096,62.8428,423,27160,0.041935,0.01,1,1970178,1969755,423
143484141,36.5638,37.7371,423,27238,0.034774,0.05,1,1970199,1969776,423
143487061,32.6255,32.4949,424,27316,0.0559096,0.05,1,1970229,1969805,424
143489981,52.6502,52.5979,424,27394,0.0283638,0.09,1,1970295,1969871,424
143492901,49.2601,48.6392,425,27471,0.0533455,0.11,1,1970342,1969917,425
143495821,52.104,50.6557,427,27548,0.0513382,0.11,1,1970396,1969969,427
143498741,22.0416,21.4623,427,27625,0.0505353,0.03,1,1970398,1969971,427
143501661,67.0166,69.1849,423,27702,0.0202141,0.01,1,1970495,1970072,423
143504581,50.8067,52.274,422,27778,0.0260856,0.05,1,1970535,1970113,422
143507501,59.3227,59.9096,422,27854,0.0404343,0.03,1,1970600,1970178,422
143510421,36.3291,36.5638,422,27930,0.0341737,0.07,1,1970621,1970199,422
143513341,33.1316,32.6255,423,28006,0.0436695,0.01,1,1970652,1970229,423
143516261,52.2526,52.6502,422,28082,0.0474678,0.07,1,1970717,1970295,422
143519181,49.7011,49.2601,423,28157,0.0489871,0.05,1,1970765,1970342,423
143522101,53.4804,52.104,425,28232,0.0375948,0.05,1,1970821,1970396,425
143525021,22.5922,22.0416,425,28307,0.0330379,0,1,1970823,1970398,425
143527941,65.4369,67.0166,422,28382,0.0312152,0,1,1970917,1970495,422
143530861,50.1747,26.8067,462,28457,0.0424861,0.03,1,1970957,1970495,462
143533781,58.4699,34.7227,486,28531,0.0469944,0.05,1,1971021,1970535,486
143536701,35.988,52.8891,442,28605,0.0487978,0.03,1,1971042,1970600,442
143539621,34.1952,33.7556,454,28679,0.0375191,0.05,1,1971075,1970621,454
143542541,52.6781,32.1022,488,28753,0.0810076,0.05,1,1971140,1970652,488
143557141,51.3023,65.4263,463,29119,0.216186,0.05,1,1971380,1970917,463
143560061,58.3209,50.1705,486,29192,0.212475,0.05,1,1971443,1970957,486
143562981,35.3284,58.4682,442,29265,0.23499,0.05,1,1971463,1971021,442
143571741,51.725,52.678,476,29481,0.211119,0.13,1,1971616,1971140,476
143580501,66.5744,22.1394,524,29696,0.251352,0.23,1,1971768,1971244,524
143583421,53.0298,65.2558,474,29767,0.286541,0.23,1,1971812,1971338,474
143598021,54.3155,55.8125,431,30121,0.406643,0.23,1,1971998,1971567,431
143600941,51.1262,51.725,431,30191,0.420657,0.19,1,1972047,1971616,431
143603861,53.4505,53.09,432,30261,0.438263,0.19,1,1972102,1971670,432
143606781,22.5802,22.436,432,30331,0.445305,0.29,1,1972104,1971672,432
143673941,61.0434,55.7802,508,31897,0.759376,0.51,2,1973204,1972696,508
143676861,25.6174,60.1121,447,31963,0.76575,0.51,2,1973206,1972759,447
143679781,21.6469,25.2448,464,32029,0.8043,0.49,2,1973225,1972761,464
143682701,26.6588,20.8979,476,32095,0.81972,0.51,2,1973255,1972779,476
143685621,58.0635,26.3592,525,32161,0.861888,0.53,2,1973334,1972809,525
143688541,53.2254,57.3437,497,32227,0.878755,0.57,2,1973384,1972887,497
143819941,54.8673,34.0941,549,35059,0.882705,0.96,2,1975349,1974800,549
143822861,36.3469,56.2376,502,35119,0.851082,1,2,1975373,1974871,502
143825781,61.9388,35.0951,560,35179,0.838433,1,2,1975452,1974892,560
143828701,45.7755,62.038,515,35239,0.761373,1,2,1975487,1974972,515
143831621,70.5102,54.2152,553,35299,0.802549,0.97,2,1975574,1975021,553
143834541,39.0041,66.6861,496,35359,0.78302,1,2,1975592,1975096,496
143837461,25.8016,38.0744,494,35419,0.751208,1,2,1975609,1975115,494
143843301,30.2883,33.6919,497,35539,0.771793,0.89,2,1975676,1975179,497
143846221,34.3153,29.6768,507,35598,0.806717,0.91,2,1975713,1975206,507
143849141,35.3261,34.6707,505,35657,0.832687,0.89,2,1975749,1975244,505
143852061,15.3304,36.6683,469,35716,0.843075,0.87,2,1975751,1975282,469
143854981,46.3322,54.8673,469,35775,0.89523,0.83,2,1975818,1975349,469
144050621,46.6457,39.0618,500,39537,0.791723,1,2,1978468,1977968,500
144065221,34.4137,31.4493,522,39802,0.229992,1,1,1978646,1978124,522
144110481,190.906,181.792,480,18366,0.0643987,0.07,1,1979234,1978754,480
144113401,118.962,129.717,456,18482,0.0317595,0.03,1,1979305,1978849,456
144116321,102.185,98.6867,469,18597,0.0427038,0.09,1,1979396,1978927,469
144119241,88.274,95.2747,455,18711,0.0710815,0.11,1,1979475,1979020,455
144122161,53.9096,71.7099,430,18824,0.0944326,0.09,1,1979506,1979076,430
144125081,38.9638,46.0839,430,18937,0.091773,0.01,1,1979535,1979105,430
144145521,91.0403,15.1961,552,19707,0.213962,0.19,1,1980087,1979535,552
144148441,79.0161,79.2785,501,19815,0.259585,0.21,1,1980158,1979657,501
144151361,84.4064,74.9114,517,19922,0.289834,0.19,1,1980246,1979729,517
144201001,92.54,92.3207,441,21660,0.751311,0.39,2,1981396,1980955,441
144203921,38.216,38.1283,441,21758,0.750524,0.53,2,1981398,1980957,441
144206841,62.6864,59.0513,447,21855,0.79821,0.57,2,1981477,1981030,447
144209761,82.0746,78.2205,451,21952,0.853284,0.63,2,1981572,1981121,451
144212681,84.4298,81.6882,453,22049,0.887314,0.67,2,1981658,1981205,453
144332401,70.711,31.9716,593,25696,0.883354,1,2,1984233,1983640,593
144335321,52.2844,86.5886,510,25778,0.887342,1,2,1984273,1983763,510
144338241,54.5138,55.6355,531,25860,0.888937,1,2,1984329,1983798,531
144352841,33.0811,45.9355,491,26267,0.89598,0.93,2,1984604,1984113,491
144443361,70.7287,58.6221,554,28660,0.848006,1,2,1986315,1985761,554
144446281,66.6915,73.2488,535,28734,0.801202,1,2,1986379,1985844,535
144487161,33.5833,35.7153,485,29748,0.765999,0.61,2,1987048,1986563,485
144490081,37.4333,35.2861,490,29819,0.8164,0.57,2,1987088,1986598,490
144493001,16.1733,37.5144,453,29890,0.83656,0.61,2,1987090,1986637,453
144495921,41.8693,51.0058,452,29961,0.892624,0.61,2,1987149,1986697,452
144609801,32.4638,35.7473,505,32602,0.884426,1,2,1989001,1988496,505
144612721,33.9855,32.2989,510,32667,0.81577,1,2,1989036,1988526,510
144656521,72.1442,71.1132,457,33624,0.796306,0.69,2,1989736,1989279,457
144659441,42.0577,42.8453,455,33687,0.840523,0.69,2,1989758,1989303,455
144662361,36.6231,37.5381,454,33750,0.870209,0.65,2,1989791,1989337,454
144665281,34.4492,35.4152,453,33813,0.870084,0.65,2,1989824,1989371,453
144668201,29.9797,30.9661,452,33876,0.834033,0.67,2,1989851,1989399,452
144671121,40.7919,39.9864,454,33938,0.855613,0.65,2,1989899,1989445,454
144674041,29.5168,30.3946,452,34000,0.852245,0.69,2,1989921,1989469,452
144676961,32.8067,30.7578,456,34062,0.862898,0.73,2,1989956,1989500,456
144828801,39.4191,27.2564,515,37152,0.881296,1,2,1992172,1991657,515
144831721,33.1676,10.9025,544,37209,0.802518,1,2,1992201,1991657,544
144834641,19.8671,21.161,527,37266,0.771007,1,2,1992212,1991685,527
144882821,130.416,140.999,454,17167,0.0887138,0.07,1,1993054,1992600,454
144885741,73.7663,91.1997,432,17291,0.0894855,0.03,1,1993090,1992658,432
144888661,53.5065,54.4799,442,17414,0.0657942,0.09,1,1993130,1992688,442
144891581,107.203,37.992,558,17536,0.0803177,0.07,1,1993273,1992715,558
144897421,112.912,81.5587,557,17777,0.220451,0.03,1,1993477,1992920,557
144900341,66.765,113.023,459,17896,0.25018,0.09,1,1993513,1993054,459
144903261,50.106,66.8094,462,18015,0.226072,0.05,1,1993552,1993090,462
144906181,21.2424,50.7238,424,18133,0.240429,0.09,1,1993554,1993130,424
144909101,96.097,106.09,427,18250,0.258172,0.19,1,1993700,1993273,427
144912021,85.2388,86.8358,431,18366,0.277269,0.27,1,1993778,1993347,431
144926621,97.6956,96.0924,435,18937,0.424999,0.29,1,1994135,1993700,435
144961661,102.094,20.5448,603,20239,0.769543,0.57,2,1995028,1994425,603
144964581,87.6376,100.618,527,20344,0.793817,0.55,2,1995106,1994579,527
144967501,121.455,87.6472,592,20448,0.863527,0.69,2,1995250,1994658,592
145066781,56.0431,87.1268,504,23720,0.885098,1,2,1997502,1996998,504
145072621,67.5269,91.9403,525,23898,0.894016,0.9,2,1997671,1997146,525
145075541,48.6108,66.7761,511,23987,0.879606,1,2,1997707,1997196,511
145078461,31.4443,48.3104,495,24075,0.837842,0.93,2,1997727,1997232,495
145081381,25.1777,40.9242,480,24163,0.857137,1,2,1997748,1997268,480
145186501,45.6369,56.8173,484,27140,0.89464,1,2,1999863,1999379,484
145189421,89.0548,97.1269,478,27218,0.795856,1,2,1999981,1999503,478
145241981,82.4987,38.7506,564,28586,0.784832,0.73,2,2000893,2000329,564
145244901,69.5995,80.9003,516,28660,0.847933,0.75,2,2000954,2000438,516
145247821,48.2398,69.5601,488,28734,0.873173,0.71,2,2000988,2000500,488
145250741,37.2959,48.224,484,28808,0.895269,0.75,2,2001018,2000534,484
145393821,40.4949,53.0628,505,32210,0.89704,1,2,2003419,2002914,505
145396741,46.7979,43.4251,519,32276,0.856816,1,2,2003470,2002951,519
145399661,41.5192,39.57,520,32342,0.792726,1,2,2003508,2002988,520
145458061,32.7486,32.0483,450,33624,0.750261,0.57,2,2004334,2003884,450
145460981,39.4994,39.2193,450,33687,0.786104,0.65,2,2004378,2003928,450
145463901,39.1998,37.2877,453,33750,0.800442,0.67,2,2004417,2003964,453
145466821,39.0799,37.7151,454,33813,0.818177,0.69,2,2004456,2004002,454
145469741,44.432,43.886,454,33876,0.849271,0.69,2,2004504,2004050,454
145472661,39.9728,38.5544,456,33938,0.849708,0.69,2,2004541,2004085,456
145475581,35.1891,35.8218,454,34000,0.825883,0.69,2,2004573,2004119,454
145478501,70.4756,68.9287,457,34062,0.840353,0.71,2,2004667,2004210,457
145481421,61.7903,60.5715,458,34124,0.858141,0.71,2,2004723,2004265,458
145484341,25.9161,25.4286,458,34186,0.865256,0.73,2,2004725,2004267,458
145487261,29.5664,29.3714,458,34248,0.868103,0.73,2,2004757,2004299,458
145490181,34.0266,11.7486,495,34310,0.893241,0.77,2,2004794,2004299,495
145586541,26.4441,27.6676,490,36289,0.89608,1,2,2006184,2005694,490
145589461,30.3777,33.267,486,36347,0.868432,1,2,2006217,2005731,486
145606981,41.0114,39.7482,487,36695,0.405066,1,1,2006441,2005954,487
145612821,59.3618,67.4397,475,36810,0.22201,0.93,1,2006553,2006078,475
145644941,38.6598,40.4612,474,37437,0.227618,0.23,1,2006915,2006441,474
145647861,55.6639,40.1845,501,37493,0.253047,0.17,1,2006982,2006481,501
145650781,55.2656,59.2738,484,37549,0.299219,0.15,1,2007037,2006553,484
145665381,33.4238,30.0146,463,37829,0.410805,0.21,1,2007172,2006709,463
145668301,28.9695,32.4059,455,37885,0.422322,0.19,1,2007198,2006743,455
145671221,34.9878,27.9623,469,37941,0.438929,0.17,1,2007237,2006768,469
145726701,36.2537,36.1621,450,38985,0.766449,0.57,2,2007946,2007496,450
145729621,20.5015,20.4648,450,39039,0.75658,0.59,2,2007956,2007506,450
145732541,31.0006,30.3859,451,39093,0.788632,0.57,2,2007994,2007543,451
145735461,32.8002,33.1544,450,39147,0.789453,0.61,2,2008028,2007578,450
145738381,35.9201,34.8617,452,39201,0.777781,0.61,2,2008066,2007614,452
145741301,29.968,29.5447,452,39255,0.785112,0.61,2,2008092,2007640,452
145744221,36.5872,35.8179,453,39309,0.824045,0.61,2,2008133,2007680,453
145747141,15.8349,15.5272,453,39363,0.839618,0.69,2,2008135,2007682,453
145750061,24.934,24.2109,454,39417,0.857847,0.67,2,2008166,2007712,454
145752981,35.1736,34.2843,455,39471,0.853139,0.71,2,2008208,2007753,455
145755901,41.6694,40.7137,456,39525,0.863256,0.71,2,2008254,2007798,456
145758821,59.2678,57.0855,459,39578,0.891302,0.75,2,2008325,2007866,459
145936941,29.9305,29.6712,489,42710,0.839587,1,2,2010473,2009984,489
145939861,32.3722,33.4685,487,42759,0.797835,1,2,2010507,2010020,487
145942781,36.3489,37.9874,485,42808,0.757134,1,2,2010546,2010061,485
146039141,45.3508,29.8632,504,44407,0.755334,0.55,2,2011600,2011096,504
146042061,51.7403,45.5453,504,44455,0.800134,0.59,2,2011656,2011152,504
146044981,21.8961,50.6181,452,44502,0.818053,0.63,2,2011658,2011206,452
146047901,23.7585,34.6472,453,44549,0.813221,0.63,2,2011683,2011230,453
146050821,28.1034,32.4589,453,44596,0.847288,0.67,2,2011714,2011261,453
146053741,30.4414,30.9836,455,44643,0.836915,0.67,2,2011746,2011291,455
146056661,29.5765,28.5934,457,44690,0.844766,0.75,2,2011775,2011318,457
146059581,31.6306,30.0374,459,44737,0.859906,0.75,2,2011808,2011349,459
146062501,28.8522,28.2149,459,44784,0.865963,0.75,2,2011835,2011376,459
146065421,31.9409,31.686,459,44831,0.892385,0.75,2,2011869,2011410,459
146068341,35.5764,35.4744,459,44878,0.878954,0.73,2,2011907,2011448,459
146080021,33.0372,32.3769,460,45066,0.895093,0.77,2,2012006,2011546,460
146263981,61.5377,58.7948,499,47924,0.859638,1,2,2014036,2013537,499
146266901,41.4151,39.7179,500,47968,0.805855,1,2,2014064,2013564,500
146269821,32.766,33.2872,498,48012,0.784342,1,2,2014091,2013593,498
146272741,26.3064,30.7149,491,48056,0.811737,1,2,2014113,2013622,491
146275661,24.3226,23.0859,496,48100,0.762695,1,2,2014136,2013640,496
146316541,33.2099,32.766,460,48710,0.758279,0.83,2,2014551,2014091,460
146322381,23.9136,24.3226,458,48796,0.758525,0.71,2,2014594,2014136,458
146325301,31.7654,32.529,457,48839,0.81341,0.71,2,2014631,2014174,457
146328221,20.5062,13.0116,470,48882,0.799364,0.71,2,2014644,2014174,470
146331141,22.6025,13.6046,480,48925,0.817746,0.75,2,2014668,2014188,480
146334061,22.841,18.6419,481,48968,0.837098,0.69,2,2014691,2014210,481
146336981,30.7364,22.4567,492,49011,0.820839,0.73,2,2014727,2014235,492
146339901,24.8946,29.9827,478,49054,0.862336,0.71,2,2014748,2014270,478
146342821,29.1578,25.7931,487,49097,0.854934,0.71,2,2014780,2014293,487
146345741,20.0631,28.9172,470,49140,0.851974,0.73,2,2014794,2014324,470
146348661,16.4253,21.7669,467,49183,0.850789,0.65,2,2014808,2014341,467
146351581,26.3701,17.1068,486,49226,0.874316,0.73,2,2014841,2014355,486
146354501,32.148,25.4427,491,49269,0.895726,0.73,2,2014877,2014386,491
146528241,337.283,340.744,500,21900,0.778,0.63,2,2016684,2016184,500
146558901,94.0661,85.5516,474,24266,0.075952,0.45,1,2017184,2016710,474
146567661,76.4362,84.1473,466,24527,0.0857409,0.03,1,2017415,2016949,466
146570581,57.5745,72.0589,447,24613,0.0342964,0.01,1,2017460,2017013,447
146573501,73.4298,61.8236,476,24699,0.0557186,0.03,1,2017544,2017068,476
146576421,37.1719,61.3294,428,24785,0.0522874,0.03,1,2017557,2017129,428
146579341,16.0688,28.7318,423,24871,0.074915,0.03,1,2017559,2017136,423
146582261,35.2275,40.2927,423,24956,0.095966,0.13,1,2017607,2017184,423
146585181,68.691,67.7171,428,25041,0.0563864,0.11,1,2017698,2017270,428
146588101,68.2764,68.4868,427,25126,0.0765546,0.07,1,2017766,2017339,427
146591021,71.7106,72.9947,425,25210,0.0846218,0,1,2017840,2017415,425
146593941,55.0842,56.1979,424,25294,0.0758487,0.07,1,2017884,2017460,424
146596861,71.8337,72.8792,423,25378,0.0603395,0.05,1,2017967,2017544,423
146599781,37.1335,36.9517,424,25461,0.0781358,0.05,1,2017981,2017557,424
146602701,16.0534,14.7807,426,25544,0.0852543,0.09,1,2017983,2017557,426
146628981,36.4718,16.0475,474,26281,0.202691,0.11,1,2018457,2017983,474
146631901,68.5887,35.219,516,26362,0.255076,0.13,1,2018547,2018031,516
146649421,15.9885,37.4485,430,26840,0.403882,0.15,1,2018835,2018405,430
146652341,7.59538,16.1794,430,26919,0.407553,0.23,1,2018837,2018407,430
146658181,69.7353,68.5887,436,27076,0.416808,0.33,1,2018983,2018547,436
146661101,71.0941,69.4355,438,27154,0.436723,0.31,1,2019055,2018617,438
146693221,59.1735,57.8151,449,28000,0.755858,0.59,2,2019627,2019178,449
146696141,74.6694,72.926,451,28076,0.764343,0.59,2,2019712,2019261,451
146699061,38.2678,37.5704,451,28151,0.803737,0.63,2,2019726,2019275,451
146701981,16.5071,16.2282,451,28226,0.819495,0.63,2,2019728,2019277,451
146704901,7.80284,7.69126,451,28301,0.801798,0.61,2,2019730,2019279,451
146707821,35.5211,34.2765,453,28376,0.818719,0.61,2,2019784,2019331,453
146710741,73.6085,13.7106,552,28451,0.837488,0.73,2,2019883,2019331,552
146713661,73.2434,62.4842,530,28525,0.868995,0.73,2,2019956,2019426,530
146836301,70.1609,46.728,563,31490,0.794128,1,2,2022078,2021515,563
146847981,29.9049,24.2458,529,31758,0.280826,1,1,2022201,2021672,529
146853821,55.7848,66.7593,532,31891,0.0773321,1,1,2022325,2021793,532
146856741,50.5139,60.9037,522,31957,0.0369328,0.97,1,2022372,2021850,522
146859661,41.2056,53.7615,508,32023,0.0447731,0.93,1,2022407,2021899,508
146862581,49.4822,42.5046,528,32089,0.0479093,0.9,1,2022462,2021934,528
146865501,59.9929,55.4018,531,32155,0.0611637,0.71,1,2022529,2021998,531
146868421,41.3972,70.1607,480,32221,0.0424655,0.49,1,2022558,2022078,480
146871341,32.7589,50.2643,470,32287,0.0229862,0.43,1,2022585,2022115,470
146874261,27.5035,36.9057,466,32353,0.0271945,0.31,1,2022609,2022143,466
146877181,23.0014,32.7623,456,32418,0.0108778,0.21,1,2022629,2022173,456
146880101,47.0006,29.9049,491,32483,0.0223511,0.11,1,2022692,2022201,491
146883021,52.4002,50.962,482,32548,0.00894045,0.01,1,2022748,2022266,482
146885941,48.5601,55.7848,469,32613,0.0215762,0.01,1,2022794,2022325,469
146888861,39.824,50.5139,456,32678,0.0386305,0.05,1,2022828,2022372,456
146891781,48.9296,41.2056,476,32743,0.0334522,0.05,1,2022883,2022407,476
146894701,20.7718,49.4822,423,32808,0.0313809,0.07,1,2022885,2022462,423
146897621,49.1087,59.9929,424,32872,0.0665523,0.03,1,2022953,2022529,424
146900541,37.0435,41.3972,424,32936,0.0686209,0.01,1,2022982,2022558,424
146903461,30.4174,32.7589,423,33000,0.0454484,0.03,1,2023008,2022585,423
146906381,25.967,27.5035,422,33064,0.0481794,0,1,2023031,2022609,422
146909301,23.5868,23.0014,424,33128,0.0372717,0.03,1,2023053,2022629,424
146912221,47.8347,47.0006,425,33192,0.0809087,0,1,2023117,2022692,425
146915141,50.9339,52.4002,422,33256,0.0323635,0.03,1,2023170,2022748,422
146918061,47.9736,48.5601,422,33320,0.0549454,0.05,1,2023216,2022794,422
146920981,41.3894,39.824,425,33383,0.0519782,0.03,1,2023253,2022828,425
146923901,47.7558,48.9296,422,33446,0.0627913,0.03,1,2023305,2022883,422
146926821,20.3023,20.7718,422,33509,0.0671165,0.09,1,2023307,2022885,422
146929741,50.1209,49.1087,424,33572,0.0448466,0.07,1,2023377,2022953,424
146932661,36.8484,37.0435,423,33635,0.0719386,0.03,1,2023405,2022982,423
146935581,29.7393,30.4174,422,33698,0.0467755,0.05,1,2023430,2023008,422
146938501,25.6957,25.967,422,33761,0.0487102,0.03,1,2023453,2023031,422
146941421,23.4783,23.5868,422,33824,0.0254841,0.11,1,2023475,2023053,422
146944341,49.5913,47.8347,425,33887,0.0161936,0,1,2023542,2023117,425
146947261,49.8365,50.9339,422,33949,0.00647745,0.07,1,2023592,2023170,422
146950181,48.1346,47.9736,423,34011,0.056591,0.05,1,2023639,2023216,423
146953101,42.6538,41.3894,425,34073,0.0406364,0.07,1,2023678,2023253,425
146956021,46.4615,47.7558,422,34135,0.0702546,0.07,1,2023727,2023305,422
146958941,19.7846,20.3023,422,34197,0.0821018,0.03,1,2023729,2023307,422
146979381,49.8074,49.2834,471,34627,0.0852308,0,1,2024013,2023542,471
146982301,49.323,49.7134,470,34688,0.0880923,0.09,1,2024062,2023592,470
147017341,43.5285,49.323,464,35413,0.072778,0.11,1,2024526,2024062,464
147020261,47.4114,43.7292,474,35473,0.0591112,0.11,1,2024576,2024102,474
147023181,20.1646,46.2917,428,35533,0.0536445,0.11,1,2024578,2024150,428
147026101,54.8658,19.7167,504,35592,0.0394578,0.15,1,2024656,2024152,504
147029021,39.9463,53.4867,458,35651,0.0817831,0.17,1,2024686,2024228,458
147031941,17.1785,38.7947,431,35710,0.0987132,0.17,1,2024688,2024257,431
147037781,20.7486,25.0471,429,35828,0.204194,0.15,1,2024730,2024301,429
147040701,20.2994,22.0189,429,35887,0.231678,0.15,1,2024750,2024321,429
147043621,48.3198,49.0075,429,35946,0.254671,0.17,1,2024817,2024388,429
147046541,48.1279,47.803,430,36005,0.287868,0.07,1,2024865,2024435,430
147049461,47.4512,50.3212,425,36064,0.277147,0.05,1,2024912,2024487,425
147052381,41.7805,43.5285,424,36123,0.296859,0.05,1,2024950,2024526,424
147069901,20.4483,18.8714,430,36472,0.429389,0.23,1,2025138,2024708,430
147072821,22.5793,20.7486,432,36530,0.429756,0.25,1,2025162,2024730,432
147125381,47.977,41.9218,497,37558,0.772453,0.51,2,2025882,2025385,497
147128301,20.3908,48.5687,446,37614,0.782981,0.51,2,2025884,2025438,446
147131221,56.1563,20.6275,524,37670,0.799192,0.49,2,2025964,2025440,524
147134141,47.0625,55.651,486,37726,0.817677,0.55,2,2026005,2025519,486
147137061,20.025,45.0604,450,37782,0.825071,0.55,2,2026007,2025557,450
147139981,21.21,19.2242,470,37838,0.828028,0.57,2,2026029,2025559,470
147142901,22.884,20.2897,473,37894,0.841211,0.57,2,2026053,2025580,473
147145821,21.7536,22.5159,470,37950,0.858485,0.59,2,2026074,2025604,470
147148741,54.3014,21.0063,526,38006,0.889394,0.65,2,2026150,2025624,526
147151661,53.5206,51.6025,507,38062,0.877757,0.67,2,2026203,2025696,507
147154581,50.2082,50.641,505,38118,0.897103,0.75,2,2026251,2025746,505
147157501,42.8833,47.8564,497,38173,0.892841,0.77,2,2026289,2025792,497
147160421,48.9533,41.9426,512,38228,0.879136,0.79,2,2026342,2025830,512
147163341,20.7813,47.977,462,38283,0.873655,0.79,2,2026344,2025882,462
147166261,56.9125,20.3908,541,38338,0.883462,0.81,2,2026425,2025884,541
147169181,47.965,56.1563,503,38393,0.899385,0.83,2,2026467,2025964,503
147175021,21.9544,20.025,485,38503,0.896302,0.83,2,2026492,2026007,485
147177941,23.1818,21.21,487,38558,0.892521,0.85,2,2026516,2026029,487
147180861,23.0727,22.884,486,38613,0.879008,0.87,2,2026539,2026053,486
147183781,10.4291,21.7536,467,38668,0.873603,0.91,2,2026541,2026074,467
147332701,30.6549,21.8833,525,41359,0.880336,1,2,2028483,2027958,525
147335621,27.2619,21.3533,529,41410,0.814134,1,2,2028508,2027979,529
147338541,21.1048,18.7413,529,41461,0.751654,1,2,2028525,2027996,529
147356061,43.3458,40.6274,491,41767,0.404334,1,1,2028747,2028256,491
147358981,55.1383,56.4509,487,41818,0.443734,1,1,2028810,2028323,487
147440741,56.7425,40.1348,514,43207,0.755431,0.59,2,2029701,2029187,514
147443661,40.697,54.4539,480,43256,0.800172,0.61,2,2029731,2029251,480
147446581,31.8788,40.3816,475,43305,0.818069,0.57,2,2029757,2029282,475
147449501,28.3515,31.7526,475,43354,0.849228,0.59,2,2029783,2029308,475
147452421,27.5406,28.901,475,43403,0.873691,0.57,2,2029810,2029335,475
147455341,26.6162,26.5604,476,43452,0.895476,0.63,2,2029836,2029360,476
147650981,35.1582,37.6484,511,46591,0.899381,1,2,2031990,2031479,511
147653901,28.4633,36.0594,500,46636,0.881753,1,2,2032014,2031514,500
147656821,39.5853,28.8238,523,46681,0.826701,1,2,2032061,2031538,523
147659741,36.2341,39.7295,510,46726,0.80468,1,2,2032095,2031585,510
147662661,33.6936,33.8918,512,46771,0.759872,1,2,2032127,2031615,512
147665581,27.8775,33.9567,502,46816,0.753949,0.96,2,2032151,2031649,502
147671421,33.0204,30.7531,511,46906,0.757832,1,2,2032216,2031705,511
147706461,26.0574,36.2341,457,47445,0.783002,0.73,2,2032552,2032095,457
147709381,30.223,33.6936,458,47489,0.787201,0.75,2,2032585,2032127,458
147712301,25.2892,27.8775,456,47533,0.82488,0.73,2,2032607,2032151,456
147715221,27.5157,28.551,456,47577,0.827952,0.77,2,2032636,2032180,456
147718141,33.2063,33.0204,457,47621,0.841181,0.69,2,2032673,2032216,457
147721061,29.4825,30.0082,456,47665,0.846472,0.69,2,2032700,2032244,456
147723981,23.793,24.0033,456,47709,0.884589,0.69,2,2032720,2032264,456
147726901,23.3172,22.8013,457,47753,0.887836,0.75,2,2032743,2032286,457
147931301,30.4681,36.2534,488,50751,0.85979,1,2,2034808,2034320,488
147934221,32.5873,32.5014,492,50793,0.781916,1,2,2034842,2034350,492
147954661,24.8643,27.5404,476,51080,0.750462,1,2,2035026,2034550,476
147966341,25.8413,28.3722,470,51244,0.771996,0.89,2,2035136,2034666,470
147980941,30.2761,30.4681,465,51449,0.773918,0.73,2,2035273,2034808,465
147983861,31.3105,32.5873,463,51490,0.759567,0.69,2,2035305,2034842,463
147986781,28.1242,29.8349,461,51531,0.777827,0.75,2,2035331,2034870,461
147989701,25.6497,26.934,460,51572,0.773131,0.73,2,2035355,2034895,460
147992621,33.6599,36.5736,456,51613,0.783252,0.71,2,2035394,2034938,456
147995541,26.0639,26.6294,457,51654,0.775301,0.65,2,2035415,2034958,457
147998461,26.6256,25.6518,459,51695,0.80812,0.75,2,2035442,2034983,459
148001381,17.8502,18.6607,457,51736,0.821248,0.77,2,2035454,2034997,457
148004301,23.9401,24.8643,456,51777,0.826499,0.77,2,2035482,2035026,456
148007221,28.776,9.94571,488,51818,0.8046,0.71,2,2035514,2035026,488
148010141,28.3104,23.1783,484,51859,0.83184,0.67,2,2035542,2035058,484
148013061,26.9242,24.8713,484,51900,0.866736,0.73,2,2035568,2035084,484
148015981,25.7697,26.1485,482,51941,0.868694,0.81,2,2035593,2035111,482
148018901,23.5079,25.4594,479,51982,0.869478,0.73,2,2035615,2035136,479
148021821,15.4031,23.3838,467,52023,0.869791,0.75,2,2035625,2035158,467
148024741,34.9613,14.7535,506,52063,0.881916,0.75,2,2035673,2035167,506
148027661,30.7845,34.7014,486,52103,0.898767,0.75,2,2035701,2035215,486
148286081,303.428,352.769,457,24820,0.42952,0.63,1,2038100,2037643,457
148289001,166.371,180.108,467,25633,0.225808,0.43,1,2038175,2037708,467
148297761,56.9198,54.9669,459,25880,0.0982117,0.19,1,2038327,2037868,459
148312361,59.6267,21.919,498,26287,0.22963,0.09,1,2038598,2038100,498
148315281,65.2507,53.7676,492,26368,0.217852,0.11,1,2038667,2038175,492
148318201,44.7003,61.707,456,26448,0.273141,0.13,1,2038698,2038242,456
148341561,63.4528,65.2212,435,27082,0.408845,0.31,1,2039102,2038667,435
148344481,45.1811,44.6885,437,27160,0.433538,0.33,1,2039135,2038698,437
148379521,59.4935,58.8116,445,28082,0.778151,0.53,2,2039759,2039314,445
148382441,60.3974,58.9246,447,28157,0.83326,0.57,2,2039820,2039373,447
148385361,35.559,34.3699,448,28232,0.867304,0.57,2,2039839,2039391,448
148397041,47.5711,52.3407,488,28531,0.897675,0.65,2,2040033,2039545,488
148399961,52.6284,41.3363,510,28605,0.89307,0.69,2,2040089,2039579,510
148402881,61.8514,49.5345,523,28679,0.891228,0.77,2,2040157,2039634,523
148405801,62.5406,59.4138,520,28753,0.890491,0.81,2,2040220,2039700,520
148534281,65.5215,47.382,549,31831,0.8332,1,2,2042374,2041825,549
148545961,35.9445,34.5538,521,32095,0.271746,1,1,2042537,2042016,521
148551801,49.0711,50.7686,528,32227,0.0494793,1,1,2042647,2042119,528
148554721,43.0285,56.3074,507,32293,0.0617917,1,1,2042686,2042179,507
148557641,34.6114,40.523,506,32359,0.0547167,1,1,2042715,2042209,506
148560561,44.4446,36.0092,524,32424,0.0518867,0.93,1,2042766,2042242,524
148563481,56.1778,46.8037,534,32489,0.0267547,0.75,1,2042830,2042296,534
148566401,45.8711,65.5215,495,32554,0.0407019,0.69,1,2042869,2042374,495
148569321,43.5485,52.0086,494,32619,0.0462807,0.37,1,2042911,2042417,494
148572241,33.0194,54.4034,464,32684,0.0725123,0.31,1,2042937,2042473,464
148575161,27.6078,40.3614,457,32749,0.0470049,0.19,1,2042961,2042504,457
148578081,12.2431,35.9445,426,32814,0.060802,0,1,2042963,2042537,426
148581001,41.4972,52.1778,424,32878,0.0423208,0.01,1,2043024,2042600,424
148583921,44.1989,49.0711,423,32942,0.0229283,0.07,1,2043070,2042647,423
148586841,41.0796,43.0285,423,33006,0.0511713,0.05,1,2043109,2042686,423
148589761,34.4318,34.6114,424,33070,0.0204685,0.05,1,2043139,2042715,424
148592681,43.1727,44.4446,422,33134,0.0261874,0.01,1,2043188,2042766,422
148595601,56.2691,56.1778,423,33198,0.064475,0.05,1,2043253,2042830,423
148598521,46.5076,45.8711,424,33262,0.04379,0.05,1,2043293,2042869,424
148607281,28.6085,27.6078,425,33452,0.212803,0.07,1,2043386,2042961,425
148610201,12.6434,12.2431,425,33515,0.235121,0.03,1,2043388,2042963,425
148613121,40.4574,41.4972,423,33578,0.220048,0.01,1,2043447,2043024,423
148618961,40.6732,41.0796,422,33704,0.0844077,0,1,2043531,2043109,422
148621881,35.4693,34.4318,424,33767,0.0637631,0.03,1,2043563,2043139,424
148624801,42.3877,43.1727,422,33830,0.0555052,0.09,1,2043610,2043188,422
148627721,55.9551,56.2691,422,33893,0.0762021,0.03,1,2043675,2043253,422
148630641,49.382,46.5076,427,33955,0.0484808,0.15,1,2043720,2043293,427
148633561,46.7528,43.8031,430,34017,0.0493923,0.19,1,2043765,2043335,430
148636481,34.3011,32.5212,431,34079,0.0497569,0.25,1,2043791,2043360,431
148639401,29.9204,28.6085,432,34141,0.0739028,0.25,1,2043818,2043386,432
148642321,13.1682,12.6434,432,34203,0.0835611,0.21,1,2043820,2043388,432
148645241,39.4673,40.4574,430,34265,0.0994245,0.21,1,2043877,2043447,430
148651081,36.9148,33.4732,460,34389,0.0963079,0.03,1,2043952,2043492,460
148654001,33.9659,36.7893,453,34450,0.0445232,0.05,1,2043984,2043531,453
148656921,41.7864,33.9157,468,34511,0.0358093,0.05,1,2044031,2043563,468
148659841,58.1145,41.7663,490,34572,0.0563237,0.09,1,2044100,2043610,490
148662761,48.4458,55.7065,467,34633,0.0765295,0.03,1,2044142,2043675,467
148665681,46.9783,49.2826,468,34694,0.0966118,0.05,1,2044188,2043720,468
148683201,36.424,39.7865,460,35059,0.216021,0.09,1,2044377,2043917,460
148686121,31.9696,36.9146,454,35119,0.212409,0.01,1,2044406,2043952,454
148709481,41.6377,13.3746,489,35598,0.234511,0.19,1,2044734,2044245,489
148712401,40.6551,40.1498,471,35657,0.279805,0.21,1,2044774,2044303,471
148715321,17.462,40.0599,433,35716,0.297922,0.23,1,2044776,2044343,433
148738681,34.3594,32.2357,432,36187,0.406729,0.19,1,2045104,2044672,432
148741601,14.9437,14.0943,432,36245,0.420691,0.27,1,2045106,2044674,432
148744521,43.7775,41.6377,435,36303,0.426277,0.31,1,2045169,2044734,435
148814601,44.8034,15.3422,519,37675,0.754028,0.65,2,2046066,2045547,519
148817521,46.7213,45.1369,502,37731,0.787611,0.71,2,2046114,2045612,502
148820441,19.8885,46.2547,457,37787,0.825044,0.71,2,2046116,2045659,457
148823361,28.9554,19.7019,490,37843,0.840018,0.71,2,2046151,2045661,490
148826281,28.3822,28.2808,484,37899,0.846007,0.71,2,2046179,2045695,484
148829201,37.7529,28.1123,500,37955,0.848403,0.71,2,2046223,2045723,500
148832121,58.9011,37.6449,529,38011,0.885361,0.73,2,2046296,2045767,529
148969361,41.2355,54.0509,508,40538,0.845755,1,2,2048045,2047537,508
148986881,40.3591,31.3386,533,40850,0.272082,1,1,2048244,2047711,533
148992721,40.5375,44.2542,516,40954,0.0879331,1,1,2048320,2047804,516
148995641,36.015,39.9017,512,41006,0.0531732,0.88,1,2048353,2047841,512
148998561,31.806,35.7607,508,41057,0.0632693,1,1,2048382,2047874,508
149001481,33.7224,32.3043,513,41108,0.0673077,1,1,2048417,2047904,513
149004401,46.489,38.7217,525,41159,0.0689231,0.89,1,2048472,2047947,525
149007321,35.3956,55.0887,487,41210,0.0695692,0.79,1,2048500,2048013,487
149010241,30.3582,41.2355,482,41261,0.0818277,0.65,1,2048527,2048045,482
149013161,24.7433,35.6942,471,41312,0.0747311,0.55,1,2048548,2048077,471
149019001,29.3989,29.1111,475,41414,0.097157,0.41,1,2048606,2048131,475
149030681,24.1094,35.3436,429,41618,0.221703,0.03,1,2048705,2048276,429
149033601,32.4438,40.5375,423,41669,0.238681,0.03,1,2048743,2048320,423
149036521,32.7775,36.015,423,41720,0.209473,0.07,1,2048776,2048353,423
149059881,30.5382,29.3989,429,42122,0.206416,0.19,1,2049035,2048606,429
149062801,28.4153,27.9596,429,42172,0.244566,0.17,1,2049062,2048633,429
149065721,36.5661,35.1838,431,42222,0.259827,0.19,1,2049104,2048673,431
149068641,15.8264,15.2735,431,42272,0.265931,0.25,1,2049106,2048675,431
149092001,31.2594,31.2841,427,42672,0.413494,0.13,1,2049380,2048953,427
149094921,26.3037,25.1136,429,42721,0.411398,0.15,1,2049403,2048974,429
149097841,27.3215,26.8455,429,42770,0.446559,0.25,1,2049431,2049002,429
149188361,39.2447,29.3366,497,44273,0.75657,0.65,2,2050435,2049938,497
149191281,16.8979,38.1347,455,44321,0.764628,0.65,2,2050437,2049982,455
149194201,27.7591,16.4539,488,44369,0.755851,0.61,2,2050472,2049984,488
149197121,33.9037,26.9815,492,44417,0.788341,0.67,2,2050510,2050018,492
149200041,32.7615,33.5926,486,44464,0.825336,0.65,2,2050542,2050056,486
149202961,14.3046,33.237,455,44511,0.840135,0.67,2,2050544,2050089,455
149205881,24.3218,31.8948,455,44558,0.882054,0.67,2,2050575,2050120,455
149208801,31.9287,34.3579,456,44605,0.898821,0.69,2,2050612,2050156,456
149401521,32.1089,28.6618,503,47624,0.888063,1,2,2052702,2052199,503
149404441,30.8436,30.6647,501,47668,0.889225,1,2,2052732,2052231,501
149407361,26.7374,30.8659,494,47712,0.84169,1,2,2052756,2052262,494
149410281,39.495,40.5464,495,47756,0.798676,1,2,2052804,2052309,495
149413201,34.398,35.4185,494,47800,0.78147,1,2,2052835,2052341,494
149416121,29.3592,33.3674,488,47844,0.774588,0.92,2,2052861,2052373,488
149436561,27.9443,29.6912,472,48152,0.754313,1,2,2053048,2052576,472
149439481,32.1777,34.0765,470,48196,0.787725,0.95,2,2053083,2052613,470
149442401,27.8711,30.4306,467,48240,0.78909,0.93,2,2053108,2052641,467
149445321,27.3484,27.7722,468,48284,0.777636,0.85,2,2053135,2052667,468
149448241,30.7394,32.1089,466,48328,0.821054,0.89,2,2053168,2052702,466
149451161,29.0958,30.8436,464,48372,0.814422,0.81,2,2053196,2052732,464
149454081,23.0383,26.7374,459,48416,0.823769,0.77,2,2053215,2052756,459
149457001,39.2153,39.495,461,48460,0.887507,0.77,2,2053265,2052804,461
149694981,332.61,335.522,504,23360,0.406,0.39,1,2055969,2055465,504
149738781,83.927,101.033,441,24266,0.068464,0.03,1,2056257,2055816,441
149741701,78.5708,70.4134,466,24353,0.0273856,0.05,1,2056332,2055866,466
149744621,48.2283,64.1653,434,24440,0.0769542,0.03,1,2056360,2055926,434
149747541,39.6913,41.8661,441,24527,0.0487817,0.01,1,2056394,2055953,441
149750461,46.4765,43.7465,447,24613,0.0375127,0.05,1,2056445,2055998,447
149753381,60.5906,52.8986,458,24699,0.0450051,0.01,1,2056515,2056057,458
149756301,52.4362,55.9594,447,24785,0.024002,0.09,1,2056562,2056115,447
149759221,62.3745,77.5838,424,24871,0.0876008,0.03,1,2056631,2056207,424
149762141,54.9498,61.0335,424,24956,0.0350403,0,1,2056681,2056257,424
149765061,66.9799,69.4134,424,25041,0.0320161,0.11,1,2056756,2056332,424
149767981,44.192,44.5654,425,25126,0.0428065,0.03,1,2056785,2056360,425
149770901,36.8768,38.2261,423,25210,0.0351226,0.03,1,2056817,2056394,423
149773821,45.3507,45.8905,423,25294,0.044049,0.05,1,2056868,2056445,423
149776741,61.3403,60.3562,425,25378,0.0596196,0.01,1,2056940,2056515,425
149779661,52.1361,52.3425,424,25461,0.0658478,0.01,1,2056986,2056562,424
149782581,62.8544,20.937,494,25544,0.0683391,0.13,1,2057056,2056562,494
149785501,53.3418,49.7748,472,25627,0.0273357,0,1,2057103,2056631,472
149788421,65.7367,49.9099,496,25710,0.0169343,0.03,1,2057177,2056681,496
149791341,43.6947,64.964,450,25792,0.0247737,0.05,1,2057206,2056756,450
149794261,36.6779,43.3856,453,25874,0.0159095,0.03,1,2057238,2056785,453
149797181,45.8711,36.5542,473,25956,0.0123638,0.05,1,2057290,2056817,473
149800101,62.7485,45.2217,496,26038,0.0589455,0.07,1,2057364,2056868,496
149811781,65.048,53.3385,496,26362,0.067701,0.01,1,2057599,2057103,496
149814701,43.4192,65.7354,451,26442,0.0690804,0.03,1,2057628,2057177,451
149817621,36.5677,43.6942,454,26522,0.0336322,0.01,1,2057660,2057206,454
149820541,46.4271,36.6777,475,26602,0.0554529,0.01,1,2057713,2057238,475
149823461,64.1708,45.8711,499,26682,0.0401811,0.09,1,2057789,2057290,499
149826381,53.8683,62.7484,472,26761,0.0340725,0.13,1,2057836,2057364,472
149829301,64.7473,51.4994,500,26840,0.055629,0.15,1,2057908,2057408,500
149832221,27.0989,63.7997,430,26919,0.0642516,0.17,1,2057910,2057480,430
149838061,56.2958,65.048,424,27076,0.0522803,0.07,1,2058023,2057599,424
149840981,40.5183,43.4192,425,27154,0.0509121,0.01,1,2058053,2057628,425
149843901,34.2073,36.5677,423,27232,0.0503648,0.07,1,2058083,2057660,423
149846821,46.6829,46.4271,425,27310,0.0501459,0.03,1,2058138,2057713,425
149849741,63.0732,64.1708,423,27388,0.0620584,0.03,1,2058212,2057789,423
149852661,54.6293,53.8683,425,27465,0.0428233,0.07,1,2058261,2057836,425
149855581,65.6517,64.7473,426,27542,0.0831293,0.07,1,2058334,2057908,426
149858501,27.4607,27.0989,426,27619,0.0992517,0.15,1,2058336,2057910,426
149867261,40.6375,40.5183,424,27848,0.215872,0.05,1,2058477,2058053,424
149870181,33.055,34.2073,422,27924,0.248349,0.05,1,2058505,2058083,422
149873101,46.222,46.6829,422,28000,0.24934,0.07,1,2058560,2058138,422
149876021,63.4888,63.0732,423,28076,0.273736,0.03,1,2058635,2058212,423
149878941,54.7955,54.6293,423,28151,0.295494,0.11,1,2058684,2058261,423
149902301,63.7993,45.6386,508,28747,0.410397,0.29,1,2059068,2058560,508
149905221,55.5197,63.2554,483,28821,0.434159,0.31,1,2059118,2058635,483
149957781,66.1248,64.9906,456,30115,0.753965,0.69,2,2059966,2059510,456
149960701,57.0499,56.5962,456,30185,0.763586,0.65,2,2060017,2059561,456
149963621,70.82,71.8385,454,30255,0.803434,0.65,2,2060097,2059643,454
149966541,29.528,29.9354,454,30325,0.795374,0.67,2,2060099,2059645,454
149969461,41.2112,40.7742,455,30395,0.828149,0.65,2,2060148,2059693,455
149972381,56.6845,55.3097,457,30465,0.82926,0.69,2,2060215,2059758,457
149975301,43.0738,43.1239,456,30534,0.865704,0.69,2,2060249,2059793,456
149978221,18.4295,18.4495,456,30603,0.856282,0.71,2,2060251,2059795,456
149981141,28.3718,27.7798,457,30672,0.888513,0.75,2,2060286,2059829,457
150095021,44.301,44.5484,487,33256,0.80584,1,2,2062148,2061661,487
150112541,42.7621,48.4586,481,33635,0.405308,1,1,2062380,2061899,481
150121301,31.8728,38.3813,471,33824,0.22634,0.87,1,2062517,2062046,471
150127141,38.2196,44.301,456,33949,0.0806144,0.67,1,2062604,2062148,456
150130061,37.4879,39.9204,456,34011,0.0502457,0.57,1,2062641,2062185,456
150132981,32.9951,35.7682,453,34073,0.0380983,0.49,1,2062671,2062218,453
150135901,33.5981,35.9073,451,34135,0.0332393,0.47,1,2062705,2062254,451
150138821,27.2392,31.7629,445,34197,0.0132957,0.43,1,2062728,2062283,445
150141741,43.2957,46.9052,442,34259,0.0233183,0.43,1,2062782,2062340,442
150144661,39.5183,18.7621,479,34321,0.0273273,0.37,1,2062819,2062340,479
150147581,62.6073,31.5048,517,34383,0.0889309,0.35,1,2062897,2062380,517
150150501,41.2429,64.2019,458,34444,0.0895724,0.27,1,2062924,2062466,458
150153421,28.4972,41.8808,451,34505,0.0898289,0.17,1,2062944,2062493,451
150173861,43.124,27.2363,475,34932,0.0631297,0.03,1,2063203,2062728,475
150176781,40.0496,43.2945,459,34993,0.0312519,0.03,1,2063241,2062782,459
150179701,65.2198,39.5178,504,35053,0.0305008,0.13,1,2063323,2062819,504
150182621,41.6879,62.6071,452,35113,0.0782003,0.09,1,2063349,2062897,452
150185541,28.6752,41.2428,445,35173,0.0972801,0.09,1,2063369,2062924,445
150208901,40.9648,43.124,462,35651,0.0724474,0.01,1,2063665,2063203,462
150211821,17.5859,40.0496,426,35710,0.0589789,0.03,1,2063667,2063241,426
150214741,56.8344,65.2198,427,35769,0.0895916,0.11,1,2063750,2063323,427
150241021,39.6995,40.9121,426,36298,0.226405,0.05,1,2064050,2063624,426
150243941,40.4798,40.9648,426,36356,0.228562,0.05,1,2064091,2063665,426
150246861,17.3919,17.5859,426,36414,0.229425,0.11,1,2064093,2063667,426
150258541,43.53,41.5334,429,36646,0.413633,0.15,1,2064276,2063847,429
150261461,39.012,38.2134,429,36704,0.447453,0.19,1,2064312,2063883,429
150331541,40.7276,45.7094,488,38062,0.767732,0.61,2,2065207,2064719,488
150334461,39.091,40.4837,489,38118,0.805093,0.65,2,2065245,2064756,489
150337381,33.6364,37.7935,483,38173,0.832037,0.65,2,2065275,2064792,483
150340301,33.8546,33.1174,487,38228,0.842815,0.65,2,2065309,2064822,487
150343221,26.1418,33.647,474,38283,0.859126,0.65,2,2065330,2064856,474
150346141,44.6567,25.4588,511,38338,0.82965,0.71,2,2065387,2064876,511
150349061,43.0627,41.9835,500,38393,0.81786,0.73,2,2065429,2064929,500
150351981,18.4251,42.5934,459,38448,0.813144,0.73,2,2065431,2064972,459
150354901,57.77,18.2374,541,38503,0.835258,0.71,2,2065515,2064974,541
150357821,40.508,58.2949,485,38558,0.832103,0.71,2,2065544,2065059,485
150360741,31.2032,40.118,482,38613,0.878841,0.71,2,2065569,2065087,482
150363661,13.6813,31.0472,459,38668,0.897536,0.75,2,2065571,2065112,459
150369501,39.629,40.7276,463,38778,0.896006,0.83,2,2065670,2065207,463
150509661,40.1017,51.0584,509,41308,0.85576,1,2,2067426,2066917,509
150512581,33.4407,41.4233,503,41359,0.792304,1,2,2067455,2066952,503
150533021,31.7748,34.6955,487,41716,0.400898,1,1,2067674,2067187,487
150538861,36.524,41.9113,477,41818,0.422944,1,1,2067745,2067268,477
150544701,27.5638,32.3858,468,41918,0.448071,0.89,1,2067798,2067330,468
150547621,47.0255,50.7543,465,41968,0.449228,0.81,1,2067858,2067393,465
150588501,46.4719,47.0255,442,42668,0.757837,0.51,2,2068300,2067858,442
150591421,37.7888,35.6102,446,42717,0.777135,0.53,2,2068332,2067886,446
150594341,31.9155,31.0441,446,42766,0.784854,0.53,2,2068360,2067914,446
150597261,28.3662,28.0176,446,42815,0.811942,0.55,2,2068386,2067940,446
150600181,32.3465,31.6071,447,42864,0.834777,0.53,2,2068421,2067974,447
150603101,32.7386,33.0428,446,42913,0.831911,0.53,2,2068454,2068008,446
150606021,25.0954,25.2171,446,42962,0.854764,0.55,2,2068474,2068028,446
150608941,29.2382,27.4869,449,43011,0.863906,0.55,2,2068506,2068057,449
150611861,29.0953,10.9947,478,43060,0.807562,0.61,2,2068535,2068057,478
150614781,32.6381,20.5979,486,43109,0.797025,0.69,2,2068570,2068084,486
150617701,32.8552,28.0392,486,43158,0.80481,0.71,2,2068603,2068117,486
150620621,37.1421,29.8157,495,43207,0.795924,0.71,2,2068643,2068148,495
150623541,32.2568,35.3263,485,43256,0.78037,0.69,2,2068672,2068187,485
150626461,28.5027,31.5305,482,43305,0.774148,0.77,2,2068698,2068216,482
150629381,48.0011,27.6122,518,43354,0.807659,0.77,2,2068759,2068241,518
150632301,37.8004,46.4449,490,43403,0.809064,0.79,2,2068790,2068300,490
150635221,33.1202,37.778,488,43452,0.809625,0.79,2,2068820,2068332,488
150638141,28.8481,31.9112,486,43501,0.82185,0.83,2,2068846,2068360,486
150641061,33.1392,28.3645,496,43550,0.85074,0.85,2,2068882,2068386,496
150643981,33.6557,32.3458,495,43598,0.862296,0.83,2,2068916,2068421,495
150646901,25.4623,32.7383,482,43646,0.866918,0.87,2,2068936,2068454,482
150649821,28.1849,25.0953,492,43694,0.868767,0.87,2,2068966,2068474,492
150652741,28.074,29.2381,488,43742,0.869507,0.77,2,2068994,2068506,488
150655661,32.8296,29.0953,495,43790,0.869803,0.79,2,2069030,2068535,495
150816261,31.5892,37.9196,513,46366,0.8764,1,2,2070825,2070312,513
150819181,31.8357,34.9678,512,46411,0.87256,1,2,2070857,2070345,512
150822101,31.3343,25.3871,524,46456,0.835024,1,2,2070888,2070364,524
150825021,28.7337,31.7549,515,46501,0.76001,1,2,2070915,2070400,515
150839621,22.2773,33.0074,500,46726,0.411703,1,1,2071050,2070550,500
150845461,38.2444,26.1612,523,46816,0.225472,1,1,2071124,2070601,523
150851301,34.9191,47.2658,501,46906,0.0432756,1,1,2071199,2070698,501
150854221,33.1676,35.7063,505,46951,0.0233102,1,1,2071231,2070726,505
150857141,33.6671,34.6825,505,46996,0.0153241,0.86,1,2071265,2070760,505
150860061,27.8668,35.473,493,47041,0.0361296,0.85,1,2071289,2070796,493
150862981,30.3467,31.5892,496,47086,0.0204519,0.87,1,2071321,2070825,496
150865901,28.3387,31.8357,491,47131,0.0141807,0.81,1,2071348,2070857,491
150868821,25.1355,31.3343,483,47176,0.0236723,0.71,1,2071371,2070888,483
150871741,25.0542,28.7337,481,47221,0.0394689,0.65,1,2071396,2070915,481
150874661,26.8217,28.8935,480,47266,0.0457876,0.59,1,2071424,2070944,480
150877581,22.1287,31.9574,465,47311,0.036315,0.53,1,2071443,2070978,465
150880501,23.8515,25.983,468,47356,0.032526,0.41,1,2071468,2071000,468
150883421,10.7406,30.1932,437,47401,0.0310104,0.37,1,2071470,2071033,437
150886341,15.6962,22.2773,439,47445,0.0664042,0.29,1,2071489,2071050,439
150898021,34.3858,34.9191,425,47621,0.0643399,0.01,1,2071624,2071199,425
150900941,31.7543,33.1676,423,47665,0.031736,0.01,1,2071654,2071231,423
150903861,33.7017,33.6671,424,47709,0.0666944,0.05,1,2071689,2071265,424
150906781,27.8807,27.8668,424,47753,0.0566778,0.01,1,2071713,2071289,424
150909701,29.1523,30.3467,422,47797,0.0526711,0.01,1,2071743,2071321,422
150912621,28.4609,28.3387,423,47841,0.0270684,0.03,1,2071771,2071348,423
150915541,25.1844,25.1355,423,47885,0.0168274,0.05,1,2071794,2071371,423
150918461,24.4737,25.0542,422,47929,0.0367309,0.05,1,2071818,2071396,422
150921381,27.1895,26.8217,423,47973,0.0566924,0.03,1,2071847,2071424,423
150924301,22.8758,22.1287,424,48017,0.064677,0.03,1,2071867,2071443,424
150927221,23.5503,23.8515,423,48061,0.0438708,0.03,1,2071891,2071468,423
150930141,10.6201,10.7406,423,48105,0.0355483,0.09,1,2071893,2071470,423
150933061,17.4481,15.6962,426,48149,0.0322193,0.15,1,2071915,2071489,426
150935981,22.5792,21.2785,427,48193,0.0668877,0.13,1,2071941,2071514,427
150953501,26.9533,27.8807,422,48457,0.2106,0.05,1,2072135,2071713,422
150968101,27.4939,27.1895,425,48672,0.223216,0.07,1,2072272,2071847,425
150971021,21.7976,22.8758,423,48715,0.227286,0.03,1,2072290,2071867,423
150973941,23.119,23.5503,423,48758,0.228915,0.03,1,2072314,2071891,423
150976861,10.4476,10.6201,423,48801,0.229566,0.03,1,2072316,2071893,423
150979781,17.379,17.4481,423,48844,0.241826,0.03,1,2072338,2071915,423
150982701,23.7516,6.97922,451,48887,0.246731,0.09,1,2072366,2071915,451
150985621,31.1006,18.3917,461,48930,0.236692,0.15,1,2072402,2071941,461
150988541,38.2403,28.3567,469,48973,0.220677,0.13,1,2072445,2071976,469
150991461,34.4961,35.9427,460,49016,0.226271,0.17,1,2072477,2072017,460
150994381,31.1984,32.3771,459,49059,0.240508,0.23,1,2072506,2072047,459
150997301,34.0794,30.3508,466,49102,0.258203,0.17,1,2072542,2072076,466
151000221,27.4317,34.3403,452,49145,0.277281,0.23,1,2072565,2072113,452
151003141,29.5727,26.9361,461,49188,0.272913,0.17,1,2072596,2072135,461
151006061,27.4291,29.9745,455,49231,0.283165,0.17,1,2072622,2072167,455
151008981,25.3716,27.5898,453,49274,0.287266,0.17,1,2072646,2072193,453
151011901,27.5487,24.8359,459,49317,0.276906,0.19,1,2072675,2072216,459
151014821,28.4195,26.7344,460,49360,0.236763,0.25,1,2072704,2072244,460
151017741,22.1678,27.4937,450,49403,0.220705,0.23,1,2072722,2072272,450
151020661,23.2671,21.7975,456,49446,0.238282,0.23,1,2072746,2072290,456
151023581,10.5068,23.119,434,49489,0.245313,0.23,1,2072748,2072314,434
151026501,18.0027,10.4476,455,49532,0.260125,0.25,1,2072771,2072316,455
151029421,22.8011,17.379,459,49575,0.26605,0.25,1,2072797,2072338,459
151032341,31.3204,23.7516,468,49617,0.26842,0.23,1,2072834,2072366,468
151035261,38.3282,31.1006,475,49659,0.269368,0.21,1,2072877,2072402,475
151038181,34.5313,38.2403,464,49701,0.281747,0.23,1,2072909,2072445,464
151041101,31.8125,34.4961,462,49743,0.298699,0.25,1,2072939,2072477,462
151044021,34.925,31.1984,470,49785,0.29348,0.27,1,2072976,2072506,470
151058621,26.5503,25.3716,461,49995,0.402279,0.27,1,2073107,2072646,461
151061541,27.4201,27.5487,460,50037,0.406911,0.21,1,2073135,2072675,460
151064461,22.968,28.4195,451,50079,0.420765,0.21,1,2073155,2072704,451
151067381,23.5872,22.1678,457,50121,0.426306,0.25,1,2073179,2072722,457
151070301,10.6349,23.2671,435,50163,0.428522,0.25,1,2073181,2072746,435
151073221,18.654,10.5068,457,50205,0.429409,0.27,1,2073205,2072748,457
151128701,32.5116,31.4246,446,50998,0.754873,0.49,2,2073714,2073268,446
151137461,34.4327,32.0832,451,51121,0.784392,0.57,2,2073796,2073345,451
151140381,31.7731,31.4333,450,51162,0.799757,0.59,2,2073826,2073376,450
151143301,35.5092,34.7733,451,51203,0.829903,0.63,2,2073864,2073413,451
151146221,29.2037,28.9093,451,51244,0.877961,0.61,2,2073889,2073438,451
151149141,30.8815,30.1637,452,51285,0.885184,0.63,2,2073921,2073469,452
151403181,336.871,351.744,494,24820,0.43,0.75,1,2076623,2076129,494
151452821,210.259,242.039,421,24820,0.076,0.01,1,2076997,2076576,421
151455741,102.704,108.216,433,25633,0.0364,0.01,1,2077028,2076595,433
151458661,50.6815,52.8862,433,25716,0.03256,0.07,1,2077044,2076611,433
151461581,61.6726,49.3545,455,25798,0.031024,0.03,1,2077113,2076658,455
151464501,62.469,63.5418,445,25880,0.0304096,0.01,1,2077176,2076731,445
151467421,59.1876,54.2167,454,25962,0.0301638,0.03,1,2077233,2076779,454
151470341,66.275,58.2867,464,26044,0.0300655,0.03,1,2077304,2076840,464
151473261,55.91,62.3147,448,26125,0.0900262,0.05,1,2077353,2076905,448
151479101,55.2656,52.2103,453,26287,0.0408042,0.01,1,2077450,2076997,453
151482021,31.1062,39.4841,437,26368,0.0343217,0.03,1,2077465,2077028,437
151484941,55.6425,25.3937,493,26448,0.0317287,0.03,1,2077537,2077044,493
151487861,58.257,51.5575,484,26528,0.0426915,0.03,1,2077597,2077113,484
151490781,59.3028,58.423,481,26608,0.0350766,0.03,1,2077657,2077176,481
151493701,64.5211,57.5692,492,26688,0.0140306,0.03,1,2077725,2077233,492
151496621,57.6084,65.6277,474,26767,0.0236123,0.13,1,2077778,2077304,474
151499541,42.2434,55.6511,457,26846,0.0394449,0.11,1,2077810,2077353,457
151502461,18.0974,42.0604,426,26925,0.045778,0,1,2077812,2077386,426
151505381,43.2389,55.2242,422,27004,0.0483112,0.03,1,2077872,2077450,422
151508301,26.2956,31.0897,422,27082,0.0373245,0.03,1,2077887,2077465,422
151511221,54.3182,55.6359,423,27160,0.0209298,0.05,1,2077960,2077537,423
151514141,57.7273,58.2543,423,27238,0.0263719,0.03,1,2078020,2077597,423
151517061,59.6909,59.3017,424,27316,0.0525488,0,1,2078081,2077657,424
151519981,63.4764,64.5207,422,27394,0.0210195,0.03,1,2078147,2077725,422
151522901,57.7905,57.6083,423,27471,0.0264078,0.05,1,2078201,2077778,423
151525821,43.5162,42.2433,425,27548,0.0525631,0.05,1,2078235,2077810,425
151528741,18.6065,18.0973,425,27625,0.0630253,0.05,1,2078237,2077812,425
151531661,41.6426,43.2389,422,27702,0.0672101,0.03,1,2078294,2077872,422
151534581,25.657,26.2956,422,27778,0.056884,0.01,1,2078309,2077887,422
151537501,54.6628,54.3182,423,27854,0.0407536,0.03,1,2078383,2077960,423
151540421,57.2651,57.7273,422,27930,0.0463014,0.07,1,2078442,2078020,422
151543341,60.1061,59.6909,423,28006,0.0365206,0,1,2078504,2078081,423
151546261,63.0424,63.4764,422,28082,0.0146082,0.03,1,2078569,2078147,422
151549181,58.217,57.7905,423,28157,0.0478433,0.07,1,2078624,2078201,423
151552101,44.8868,43.5162,425,28232,0.0371373,0.07,1,2078660,2078235,425
151555021,19.1547,18.6065,425,28307,0.0328549,0.07,1,2078662,2078237,425
151557941,40.0619,41.6426,422,28382,0.031142,0.07,1,2078716,2078294,422
151560861,24.4248,16.657,436,28457,0.0184568,0.05,1,2078730,2078294,436
151563781,54.1699,15.6628,495,28531,0.0613827,0.03,1,2078804,2078309,495
151566701,57.068,50.6651,480,28605,0.0425531,0.05,1,2078863,2078383,480
151569621,60.0272,55.6661,483,28679,0.0230212,0.03,1,2078925,2078442,483
151572541,63.0109,59.4664,486,28753,0.0272085,0,1,2078990,2078504,486
151575461,58.8043,62.7866,477,28827,0.0288834,0.07,1,2079046,2078569,477
151578381,45.1217,58.1146,458,28900,0.0415534,0.03,1,2079082,2078624,458
151581301,19.2487,44.8458,424,28973,0.0466213,0.03,1,2079084,2078660,424
151584221,39.4995,19.1383,475,29046,0.0486485,0.03,1,2079137,2078662,475
151587141,24.1998,40.0553,435,29119,0.0614594,0.01,1,2079151,2078716,435
151590061,57.0799,24.4221,500,29192,0.0425838,0.09,1,2079230,2078730,500
151592981,55.832,54.1689,481,29265,0.0710335,0.03,1,2079285,2078804,481
151595901,59.5328,57.0675,484,29337,0.0704134,0.01,1,2079347,2078863,484
151616341,57.3105,24.1998,502,29838,0.0777997,0.03,1,2079653,2079151,502
151619261,24.1242,57.0799,425,29909,0.0611199,0.09,1,2079655,2079230,425
151622181,43.2497,55.832,426,29980,0.090448,0.07,1,2079711,2079285,426
151639701,40.1888,40.1904,427,30401,0.210643,0.11,1,2079988,2079561,427
151642621,23.2755,23.2762,427,30471,0.210257,0.05,1,2080000,2079573,427
151645541,55.5102,57.3105,424,30540,0.258103,0.05,1,2080077,2079653,424
151648461,23.4041,24.1242,424,30609,0.277241,0.11,1,2080079,2079655,424
151651381,44.7616,43.2497,427,30678,0.284896,0.11,1,2080138,2079711,427
151668901,42.0672,40.1888,432,31090,0.299863,0.21,1,2080420,2079988,432
151671821,24.0269,23.2755,432,31158,0.293945,0.29,1,2080432,2080000,432
151677661,24.0043,23.4041,434,31294,0.295431,0.29,1,2080513,2080079,434
151689341,58.3585,62.6631,491,31563,0.412923,0.35,1,2080759,2080268,491
151692261,46.1434,58.0653,474,31630,0.435169,0.31,1,2080797,2080323,474
151695181,19.6574,46.0261,438,31697,0.444068,0.31,1,2080799,2080361,438
151738981,47.3369,24.3688,510,32684,0.760555,0.53,2,2081458,2080948,510
151741901,56.1347,47.5475,509,32749,0.778222,0.49,2,2081520,2081011,509
151744821,23.6539,56.219,449,32814,0.797289,0.61,2,2081522,2081073,449
151747741,55.6616,66.2876,453,32878,0.852916,0.67,2,2081599,2081146,453
151750661,58.2646,60.115,457,32942,0.851166,0.73,2,2081659,2081202,457
151753581,47.3058,47.446,458,33006,0.874466,0.73,2,2081699,2081241,458
151756501,20.1223,20.1784,458,33070,0.883787,0.73,2,2081701,2081243,458
151911261,35.2483,47.927,490,36303,0.88264,1,2,2083968,2083478,490
151925861,31.4544,31.8674,492,36593,0.89363,1,2,2084167,2083675,492
151931701,45.8327,49.4988,483,36709,0.885781,1,2,2084253,2083770,483
151934621,38.7331,43.1995,478,36767,0.876312,0.9,2,2084287,2083809,478
151937541,34.0932,35.8798,478,36824,0.848525,0.93,2,2084318,2083840,478
151940461,44.8373,51.5519,468,36881,0.82541,0.88,2,2084370,2083902,468
151943381,38.3349,41.6208,467,36938,0.816164,0.87,2,2084404,2083937,467
151946301,33.334,35.2483,466,36995,0.788466,0.95,2,2084434,2083968,466
151949221,52.3336,55.4993,462,37052,0.777386,0.95,2,2084499,2084037,462
151952141,42.5334,42.5997,464,37109,0.808954,0.97,2,2084535,2084071,464
151955061,40.4134,39.8399,465,37166,0.821582,0.97,2,2084574,2084109,465
151957981,32.3653,15.936,492,37223,0.814633,0.91,2,2084601,2084109,492
151960901,32.7461,22.5744,498,37280,0.859853,0.87,2,2084634,2084136,498
151963821,27.4985,27.6298,491,37337,0.889941,0.97,2,2084658,2084167,491
152156541,312.156,360.923,460,17520,0.419536,0.47,1,2087157,2086697,460
152162381,133.225,149.308,454,18482,0.0875257,0.01,1,2087345,2086891,454
152165301,106.09,100.523,474,18597,0.0890103,0.03,1,2087433,2086959,474
152168221,82.036,94.8092,449,18711,0.0896041,0.01,1,2087499,2087050,449
152171141,60.4144,81.1237,423,18824,0.0658416,0.03,1,2087545,2087122,423
152174061,45.1658,47.4495,433,18937,0.0563367,0.01,1,2087580,2087147,433
152176981,67.8663,74.1798,424,19049,0.0285347,0.03,1,2087663,2087239,424
152179901,91.3465,93.2719,425,19160,0.0414139,0.09,1,2087770,2087345,425
152182821,88.7386,90.1088,424,19271,0.0345655,0.09,1,2087857,2087433,424
152185741,75.6954,75.6435,425,19381,0.0318262,0.05,1,2087924,2087499,425
152188661,57.2782,57.8574,424,19490,0.0547305,0.05,1,2087969,2087545,424
152191581,43.3113,44.143,423,19599,0.0638922,0.05,1,2088003,2087580,423
152194501,65.9245,17.6572,504,19707,0.0675569,0.01,1,2088084,2087580,504
152200341,88.3079,86.9452,509,19922,0.0480091,0.03,1,2088279,2087770,509
152203261,75.5232,86.9781,489,20028,0.0492036,0.03,1,2088346,2087857,489
152206181,58.4093,74.9912,469,20134,0.0496815,0.07,1,2088393,2087924,469
152209101,41.9637,56.9965,455,20239,0.0738726,0.07,1,2088424,2087969,455
152212021,65.3855,43.1986,502,20344,0.083549,0.07,1,2088505,2088003,502
152217861,86.6617,91.7518,508,20552,0.0625678,0.01,1,2088701,2088193,508
152220781,75.4647,88.3007,490,20655,0.0430271,0.05,1,2088769,2088279,490
152223701,58.3859,75.5203,470,20758,0.0472109,0.05,1,2088816,2088346,470
152226621,41.9543,58.4081,454,20860,0.0728843,0.09,1,2088847,2088393,454
152229541,66.5817,41.9632,506,20962,0.0951537,0.09,1,2088930,2088424,506
152241221,71.8133,75.4647,423,21364,0.0860999,0.05,1,2089192,2088769,423
152244141,58.1253,58.3859,425,21463,0.05244,0.09,1,2089241,2088816,425
152247061,42.4501,41.9543,426,21562,0.050976,0.11,1,2089273,2088847,426
152249981,67.3801,66.5817,427,21660,0.0983904,0.11,1,2089357,2088930,427
152252901,28.152,27.8327,427,21758,0.0933562,0.19,1,2089359,2088932,427
152267501,42.5369,42.4501,424,22241,0.227353,0.13,1,2089697,2089273,424
152270421,68.6148,67.3801,426,22336,0.264941,0.09,1,2089783,2089357,426
152273341,28.6459,28.152,426,22431,0.255976,0.13,1,2089785,2089359,426
152285021,57.6517,62.1703,479,22807,0.400681,0.21,1,2090095,2089616,479
152287941,44.6607,53.6681,467,22900,0.442272,0.25,1,2090131,2089664,467
152322981,75.6278,78.2793,522,23987,0.797878,0.59,2,2090939,2090417,522
152325901,31.4511,73.9117,453,24075,0.817151,0.67,2,2090941,2090488,453
152328821,43.1805,58.9647,455,24163,0.83686,0.69,2,2090992,2090537,455
152331741,39.4722,45.1859,456,24251,0.808744,0.71,2,2091029,2090573,456
152334661,68.5889,70.2743,457,24338,0.857498,0.71,2,2091117,2090660,457
152337581,28.6355,29.3097,457,24425,0.852999,0.73,2,2091119,2090662,457
152340501,91.2542,90.9239,458,24512,0.8872,0.77,2,2091252,2090794,458
152454381,39.5337,33.571,507,27682,0.863094,1,2,2093449,2092942,507
152457301,36.2135,44.6284,489,27759,0.867238,1,2,2093483,2092994,489
152460221,46.8854,47.8514,493,27835,0.856895,1,2,2093537,2093044,493
152463141,79.3542,89.9405,476,27911,0.876758,1,2,2093638,2093162,476
152466061,59.9417,61.7762,480,27987,0.884703,0.99,2,2093685,2093205,480
152468981,77.9767,85.9105,468,28063,0.899881,0.97,2,2093775,2093307,468
152471901,52.7907,55.9642,468,28138,0.881953,1,2,2093811,2093343,468
152474821,33.7163,35.5857,467,28213,0.898781,0.86,2,2093832,2093365,467
152577021,53.8852,55.1869,485,30728,0.898,1,2,2095588,2095103,485
152582861,61.3016,51.1899,498,30866,0.88768,1,2,2095734,2095236,498
152594541,35.6925,32.0785,498,31139,0.860469,1,2,2095867,2095369,498
152597461,35.877,48.8314,474,31207,0.818187,1,2,2095903,2095429,474
152614981,44.5796,58.9511,508,31612,0.436686,0.91,1,2096242,2095734,508
152617901,34.6318,46.3804,498,31679,0.444674,0.9,1,2096270,2095772,498
152620821,25.8527,35.9522,489,31746,0.41187,0.91,1,2096290,2095801,489
152623741,34.3411,30.5809,502,31813,0.446748,0.83,1,2096330,2095828,502
152667541,23.2569,54.0007,450,32797,0.761774,0.59,2,2096966,2096516,450
152670461,63.3028,73.8003,453,32861,0.81471,0.63,2,2097056,2096603,453
152673381,54.1211,57.1201,455,32925,0.799884,0.63,2,2097104,2096649,455
152676301,42.0484,44.448,453,32989,0.805954,0.69,2,2097138,2096685,453
152679221,34.2194,33.3792,456,33053,0.796381,0.67,2,2097167,2096711,456
152682141,24.4878,25.9517,453,33117,0.816553,0.65,2,2097185,2096732,453
152685061,37.3951,36.1807,456,33181,0.812621,0.71,2,2097231,2096775,456
152687981,33.558,32.4723,457,33245,0.847048,0.71,2,2097262,2096805,457
152690901,39.8232,39.3889,457,33309,0.872819,0.73,2,2097306,2096849,457
152693821,50.7293,49.3556,459,33372,0.883128,0.77,2,2097364,2096905,459
152848581,33.6554,17.6115,532,36579,0.89706,1,2,2099612,2099080,532
152851501,24.2622,32.2446,508,36637,0.832824,1,2,2099630,2099122,508
152863181,70.2547,70.7855,489,36867,0.418136,0.93,1,2099823,2099334,489
152871941,39.6803,47.5383,472,37038,0.278041,0.98,1,2099939,2099467,472
152874861,38.0721,43.6153,468,37095,0.201216,0.95,1,2099976,2099508,468
152886541,22.7042,29.7342,478,37323,0.0829591,0.79,1,2100090,2099612,478
152892381,27.1527,29.4775,482,37437,0.0984735,0.57,1,2100146,2099664,482
152895301,25.2611,31.591,473,37493,0.0933894,0.49,1,2100170,2099697,473
152898221,65.3044,30.0364,536,37549,0.0673558,0.33,1,2100262,2099726,536
152901141,43.5218,70.2146,468,37605,0.0449423,0.33,1,2100291,2099823,468
152904061,44.4087,48.4858,479,37661,0.0959769,0.29,1,2100336,2099857,479
152924501,25.6131,22.7042,454,38053,0.22626,0.13,1,2100544,2100090,454
152927421,25.8452,25.8817,452,38109,0.264504,0.09,1,2100570,2100118,452
152930341,24.7381,27.1527,448,38164,0.255802,0.09,1,2100594,2100146,448
152942021,37.7325,44.4087,458,38384,0.411141,0.11,1,2100794,2100336,458
152944941,36.693,36.9635,462,38439,0.410456,0.13,1,2100830,2100368,462
152947861,40.4772,35.1854,471,38494,0.422182,0.21,1,2100873,2100402,471
152950781,30.5909,38.0742,455,38549,0.426873,0.17,1,2100897,2100442,455
152953701,30.2364,30.8297,459,38604,0.440749,0.13,1,2100927,2100468,459
152956621,13.2945,30.3319,431,38659,0.4463,0.17,1,2100929,2100498,431
152959541,17.3178,23.5327,432,38714,0.44852,0.27,1,2100949,2100517,432
153044221,25.7546,25.5101,475,40267,0.770786,0.59,2,2101927,2101452,475
153047141,67.3018,24.6041,546,40319,0.782314,0.63,2,2102022,2101476,546
153050061,44.3207,66.2416,481,40371,0.774926,0.67,2,2102051,2101570,481
153052981,46.5283,43.8966,500,40423,0.77197,0.61,2,2102099,2101599,500
153055901,42.0113,46.9587,490,40475,0.782788,0.71,2,2102138,2101648,490
153058821,39.0045,39.7835,492,40527,0.847115,0.73,2,2102175,2101683,492
153061741,42.6018,38.1134,500,40579,0.872846,0.73,2,2102220,2101720,500
153064661,32.6407,42.2454,481,40631,0.895139,0.73,2,2102246,2101765,481
153257381,37.9329,43.9898,507,43927,0.852608,1,2,2104509,2104002,507
153260301,40.9731,36.7959,518,43975,0.863043,1,2,2104552,2104034,518
153263221,45.1893,36.9184,529,44023,0.771217,1,2,2104600,2104071,529
153333301,25.5346,26.3796,458,45160,0.751539,0.73,2,2105314,2104856,458
153342061,40.8262,41.9603,455,45301,0.767378,0.71,2,2105399,2104944,455
153344981,38.5305,37.1841,458,45348,0.768951,0.73,2,2105436,2104978,458
153347901,35.8122,36.4736,456,45395,0.781581,0.75,2,2105470,2105014,456
153350821,39.5249,39.1895,457,45441,0.762632,0.73,2,2105512,2105055,457
153353741,33.81,33.0758,458,45487,0.767053,0.71,2,2105542,2105084,458
153356661,38.724,40.2303,455,45533,0.768821,0.67,2,2105584,2105129,455
153359581,34.6896,35.2921,455,45579,0.757528,0.65,2,2105616,2105161,455
153362501,28.8758,29.1169,455,45625,0.765011,0.75,2,2105641,2105186,455
153365421,29.5503,28.4467,457,45671,0.768005,0.75,2,2105671,2105214,457
153368341,27.4201,26.9787,457,45717,0.793202,0.75,2,2105697,2105240,457
153371261,27.7681,27.5915,457,45763,0.815281,0.71,2,2105725,2105268,457
153374181,22.5072,21.8366,458,45809,0.812112,0.77,2,2105744,2105286,458
153377101,25.8029,25.5346,458,45855,0.822845,0.73,2,2105772,2105314,458
153380021,11.5212,11.4139,458,45901,0.827138,0.73,2,2105774,2105316,458
153382941,22.6085,22.5655,458,45947,0.840855,0.73,2,2105804,2105346,458
153385861,40.8434,9.02622,511,45993,0.846342,0.79,2,2105857,2105346,511
153388781,37.9374,35.4105,494,46039,0.848537,0.77,2,2105893,2105399,494
153391701,36.1749,36.3642,492,46085,0.885415,0.79,2,2105928,2105436,492
153566901,184.545,180.535,505,21997,0.22,1,1,2107858,2107353,505
153572741,90.4871,92.2456,498,22189,0.0424,0.89,1,2107998,2107500,498
153575661,80.5949,84.2982,493,22285,0.04696,0.73,1,2108072,2107579,493
153578581,60.4379,62.5193,492,22380,0.060784,0.41,1,2108119,2107627,492
153587341,70.348,35.2252,509,22663,0.0626902,0,1,2108279,2107770,509
153590261,70.1392,66.8901,491,22757,0.0430761,0.03,1,2108349,2107858,491
153593181,71.2557,65.156,499,22850,0.0172304,0,1,2108421,2107922,499
153596101,71.7023,71.6624,495,22943,0.0368922,0.05,1,2108493,2107998,495
153599021,58.0809,73.065,470,23035,0.0807569,0.07,1,2108542,2108072,470
153607781,67.4852,28.3882,519,23310,0.205568,0.03,1,2108700,2108181,519
153613621,71.9976,70.0621,495,23492,0.082091,0,1,2108844,2108349,495
153616541,72.5991,71.2248,496,23582,0.0388364,0.05,1,2108917,2108421,496
153619461,59.6396,71.6899,475,23672,0.0335345,0.11,1,2108968,2108493,475
153622381,56.8558,58.076,481,23762,0.0314138,0.15,1,2109023,2108542,481
153625301,31.1423,55.0304,442,23851,0.0545655,0.15,1,2109037,2108595,442
153628221,70.0569,29.2122,526,23940,0.0878262,0.25,1,2109133,2108607,526
153636981,61.1956,71.9976,423,24205,0.0845809,0.01,1,2109267,2108844,423
153639901,68.8783,72.599,424,24293,0.0398323,0.03,1,2109341,2108917,424
153642821,57.5513,59.6396,423,24380,0.0699329,0.03,1,2109391,2108968,423
153645741,57.2205,56.8558,425,24467,0.0579732,0.07,1,2109448,2109023,425
153648661,31.2882,31.1423,425,24554,0.0531893,0.11,1,2109462,2109037,425
153672021,31.4055,31.2882,424,25236,0.202533,0.15,1,2109886,2109462,424
153674941,73.1622,71.3153,427,25320,0.243013,0.15,1,2109987,2109560,427
153677861,30.4649,29.7261,427,25404,0.259205,0.17,1,2109989,2109562,427
153695381,31.8332,56.7504,443,25900,0.402716,0.21,1,2110315,2109872,443
153747941,79.7096,80.1599,453,27336,0.760459,0.61,2,2111321,2110868,453
153750861,33.0838,33.264,453,27413,0.778184,0.63,2,2111323,2110870,453
153753781,54.6335,54.7056,453,27490,0.797273,0.65,2,2111392,2110939,453
153756701,63.8534,63.2822,454,27567,0.852909,0.65,2,2111462,2111008,454
153759621,26.7414,26.5129,454,27644,0.887164,0.65,2,2111464,2111010,454
153762541,54.4965,54.4052,454,27721,0.888866,0.69,2,2111537,2111083,454
153861821,38.9501,42.1473,499,30209,0.8884,1,2,2113277,2112778,499
153879341,43.1261,49.4262,475,30627,0.259335,1,1,2113554,2113079,475
153882261,38.2504,35.9705,483,30696,0.229734,1,1,2113589,2113106,483
153891021,36.168,38.9501,463,30903,0.098463,0.55,1,2113740,2113277,463
153902701,37.7659,41.5379,436,31175,0.220585,0.29,1,2113910,2113474,436
153905621,34.9064,35.8152,437,31243,0.238234,0.21,1,2113943,2113506,437
153908541,38.5625,43.1261,430,31311,0.281294,0.21,1,2113984,2113554,430
153911461,35.825,17.2504,464,31379,0.274517,0.21,1,2114018,2113554,464
153914381,68.33,27.9002,519,31446,0.295807,0.11,1,2114108,2113589,519
153928981,50.9231,35.6809,488,31781,0.415551,0.19,1,2114311,2113823,488
153931901,39.5692,47.8724,464,31848,0.44822,0.25,1,2114343,2113879,464
154004901,71.2354,70.7509,449,33468,0.77206,0.55,2,2115444,2114995,449
154007821,29.6941,29.5004,449,33531,0.782824,0.57,2,2115446,2114997,449
154010741,28.0777,27.4001,450,33594,0.81113,0.57,2,2115473,2115023,450
154013661,31.0311,30.1601,451,33657,0.810452,0.63,2,2115506,2115055,451
154016581,47.2124,45.664,453,33720,0.786181,0.67,2,2115564,2115111,453
154019501,38.685,36.8656,455,33783,0.836472,0.73,2,2115597,2115142,455
154022421,53.874,52.5462,456,33846,0.868589,0.71,2,2115661,2115205,456
154139221,46.5138,44.7109,490,36259,0.881139,1,2,2117358,2116868,490
154142141,34.8055,29.2844,498,36317,0.886455,1,2,2117385,2116887,498
154145061,28.9222,26.7137,498,36375,0.840582,1,2,2117410,2116912,498
154147981,27.1689,29.2855,493,36433,0.846233,1,2,2117436,2116943,493
154150901,27.6676,35.7142,481,36491,0.812493,1,2,2117464,2116983,481
154153821,33.267,35.8857,482,36549,0.786997,1,2,2117501,2117019,482
154177181,34.4451,34.8055,468,37009,0.417171,0.81,1,2117853,2117385,468
154180101,26.978,28.9222,465,37066,0.412868,0.85,1,2117875,2117410,465
154183021,23.9912,27.1689,461,37123,0.435147,0.79,1,2117897,2117436,461
154185941,25.7965,27.6676,460,37180,0.420059,0.79,1,2117924,2117464,460
154188861,29.5186,11.067,492,37237,0.402024,0.77,1,2117956,2117464,492
154191781,44.2074,26.6268,509,37294,0.418809,0.69,1,2118010,2117501,509
154200541,36.5493,37.2001,486,37464,0.428804,0.59,1,2118119,2117633,486
154203461,39.2197,38.28,488,37520,0.429522,0.55,1,2118160,2117672,488
154279381,64.1643,62.3936,459,38957,0.762489,0.75,2,2119139,2118680,459
154282301,46.0657,45.3575,459,39011,0.778996,0.69,2,2119173,2118714,459
154285221,34.0263,35.543,456,39065,0.797598,0.69,2,2119199,2118743,456
154288141,28.0105,28.6172,456,39119,0.805039,0.69,2,2119223,2118767,456
154291061,23.2042,23.4469,456,39173,0.796016,0.69,2,2119243,2118787,456
154293981,26.0817,26.1788,456,39227,0.804406,0.63,2,2119271,2118815,456
154296901,29.6327,31.4715,453,39281,0.843763,0.63,2,2119303,2118850,453
154299821,13.0531,13.7886,453,39335,0.859505,0.65,2,2119305,2118852,453
154302741,37.6212,38.5154,452,39389,0.889802,0.67,2,2119359,2118907,452
154434141,60.3931,65.796,486,41733,0.886,1,2,2121020,2120534,486
154437061,49.3572,46.7184,494,41784,0.8644,1,2,2121062,2120568,494
154439981,38.3429,40.8874,488,41835,0.86176,1,2,2121093,2120605,488
154442901,34.5372,36.1549,487,41885,0.818704,1,2,2121125,2120638,487
154445821,31.8149,28.862,493,41935,0.813482,1,2,2121155,2120662,493
154460421,31.2714,37.8277,484,42185,0.440224,1,1,2121299,2120815,484
154475021,50.1884,60.3931,466,42435,0.285241,0.85,1,2121486,2121020,466
154477941,47.0754,49.3572,469,42485,0.264096,0.86,1,2121531,2121062,469
154480861,36.8301,38.3429,468,42535,0.255639,0.79,1,2121561,2121093,468
154483781,31.5321,34.5372,464,42585,0.252255,0.81,1,2121589,2121125,464
154486701,30.6128,31.8149,464,42635,0.238902,0.69,1,2121619,2121155,464
154495461,18.7112,22.1962,448,42782,0.20321,0.45,1,2121678,2121230,448
154498381,30.2845,31.6785,448,42831,0.207284,0.39,1,2121716,2121268,448
154501301,29.5138,31.2714,446,42880,0.208914,0.33,1,2121745,2121299,446
154504221,22.6055,28.1086,438,42929,0.209565,0.41,1,2121763,2121325,438
154507141,28.8422,33.4434,434,42978,0.257826,0.37,1,2121796,2121362,434
154512981,37.3748,10.8709,480,43076,0.282452,0.31,1,2121865,2121385,480
154527581,29.6272,31.3651,460,43321,0.406601,0.23,1,2122049,2121589,460
154530501,27.4509,30.546,456,43370,0.43264,0.17,1,2122075,2121619,456
154536341,18.1921,19.7674,447,43468,0.444822,0.21,1,2122107,2121660,447
154621021,19.8232,18.9159,456,44852,0.757794,0.69,2,2123007,2122551,456
154623941,33.1293,32.7664,456,44899,0.765118,0.67,2,2123049,2122593,456
154626861,30.0517,30.5066,455,44946,0.780047,0.67,2,2123077,2122622,455
154629781,21.6207,21.8026,455,44993,0.786019,0.67,2,2123093,2122638,455
154632701,32.0483,31.521,456,45040,0.788408,0.67,2,2123132,2122676,456
154635621,28.4193,28.8084,455,45087,0.813363,0.67,2,2123158,2122703,455
154638541,37.7677,39.1234,453,45134,0.823345,0.67,2,2123202,2122749,453
154641461,16.3071,16.8493,453,45181,0.839338,0.65,2,2123204,2122751,453
154644381,40.1228,40.9397,452,45228,0.845735,0.65,2,2123260,2122808,452
154647301,44.2491,44.5759,452,45275,0.872294,0.63,2,2123307,2122855,452
154650221,36.2997,35.8304,453,45322,0.882918,0.65,2,2123338,2122885,453
154825421,46.7759,46.7678,494,48031,0.828377,1,2,2125211,2124717,494
154828341,39.7104,36.1071,500,48075,0.793351,1,2,2125246,2124746,500
154860461,24.3984,23.0599,484,48557,0.429286,1,1,2125540,2125056,484
154880901,24.1266,28.5537,452,48858,0.413986,0.65,1,2125753,2125301,452
154886741,29.4203,22.5686,482,48944,0.432238,0.53,1,2125813,2125331,482
154939301,25.1108,21.3681,471,49715,0.759642,0.47,2,2126300,2125829,471
154942221,27.4443,24.7472,473,49757,0.765857,0.49,2,2126329,2125856,473
154945141,27.1777,26.6989,472,49799,0.756343,0.51,2,2126356,2125884,472
154948061,27.6711,26.2796,474,49841,0.776537,0.51,2,2126384,2125910,474
154950981,24.2684,26.7118,469,49883,0.784615,0.55,2,2126406,2125937,469
154953901,22.9074,23.2847,470,49925,0.787846,0.53,2,2126428,2125958,470
154956821,27.1629,23.1139,477,49967,0.789138,0.59,2,2126458,2125981,477
154959741,25.8652,26.6456,473,50009,0.813655,0.57,2,2126483,2126010,473
154962661,26.5461,25.0582,476,50051,0.835462,0.57,2,2126510,2126034,476
154965581,44.8184,26.2233,506,50093,0.832185,0.65,2,2126567,2126061,506
154968501,39.5274,41.0893,491,50135,0.842874,0.71,2,2126603,2126112,491
154971421,32.0109,37.4357,483,50177,0.84715,0.73,2,2126630,2126147,483
154974341,26.0044,30.5743,479,50219,0.84886,0.75,2,2126652,2126173,479
154977261,27.2018,24.8297,486,50261,0.849544,0.75,2,2126680,2126194,486
154980181,31.2807,26.7319,492,50303,0.849818,0.73,2,2126714,2126222,492
154983101,13.7123,31.6928,459,50345,0.849927,0.75,2,2126716,2126257,459
154986021,15.0849,22.2771,459,50387,0.873971,0.77,2,2126732,2126273,459
154988941,22.834,25.1108,460,50429,0.835588,0.77,2,2126760,2126300,460
154991861,26.5336,27.4443,460,50471,0.844235,0.75,2,2126789,2126329,460
154994781,26.2134,27.1777,459,50513,0.823694,0.79,2,2126815,2126356,459
154997701,28.4854,27.6711,461,50555,0.863478,0.79,2,2126845,2126384,461
155000621,24.5941,24.2684,461,50597,0.891391,0.79,2,2126867,2126406,461
155226921,65.4927,64.4991,486,24990,0.441712,0.73,1,2129209,2128723,486
155229841,60.9971,61.1997,485,25075,0.446685,0.61,1,2129267,2128782,485
155264881,68.8776,29.5092,540,26072,0.752585,0.53,2,2129930,2129390,540
155267801,67.151,67.6037,513,26153,0.799034,0.49,2,2129996,2129483,513
155270721,71.2604,67.8415,519,26234,0.865614,0.53,2,2130070,2129551,519
155393361,78.845,35.124,586,29435,0.818769,1,2,2132298,2131712,586
155396281,59.138,75.8496,529,29507,0.849508,1,2,2132344,2131815,529
155399201,79.4552,68.7398,558,29579,0.825803,0.97,2,2132437,2131879,558
155402121,41.9821,74.2959,497,29651,0.816321,1,2,2132454,2131957,497
155405041,34.1928,44.7184,501,29722,0.788529,1,2,2132483,2131982,501
155407961,36.4771,33.4873,513,29793,0.753411,1,2,2132521,2132008,513
155428401,80.9262,79.4552,462,30287,0.751473,0.81,2,2132899,2132437,462
155431321,40.1705,41.9821,458,30357,0.750589,0.77,2,2132912,2132454,458
155437161,37.3873,36.4771,460,30497,0.781294,0.73,2,2132981,2132521,460
155440081,16.1549,15.7909,460,30566,0.798518,0.75,2,2132983,2132523,460
155443001,43.062,43.5163,459,30635,0.817407,0.73,2,2133044,2132585,459
155445921,37.6248,40.8065,454,30704,0.848963,0.71,2,2133078,2132624,454
155448841,37.8499,36.7226,458,30773,0.837585,0.71,2,2133116,2132658,458
155451761,75.14,75.289,457,30842,0.869034,0.73,2,2133216,2132759,457
155548121,74.3804,82.7727,472,33030,0.888277,1,2,2134764,2134292,472
155551041,44.7522,45.7091,476,33094,0.841311,1,2,2134789,2134313,476
155615281,40.4642,64.2295,470,34473,0.770651,0.55,2,2135698,2135228,470
155618201,48.5857,38.8918,502,34534,0.81826,0.65,2,2135752,2135250,502
155621121,39.2343,46.1567,484,34595,0.873304,0.67,2,2135785,2135301,484
155624041,31.2937,37.6627,478,34656,0.895322,0.65,2,2135811,2135333,478
155813841,41.7332,60.5219,505,38418,0.898,1,2,2138447,2137942,505
155816761,37.6933,36.8088,519,38473,0.8332,1,2,2138482,2137963,519
155828441,31.0129,37.3455,496,38693,0.260226,1,1,2138621,2138125,496
155834281,36.8821,43.6553,475,38803,0.0836361,1,1,2138703,2138228,475
155837201,45.9528,39.6621,490,38857,0.0634545,1,1,2138755,2138265,490
155840121,32.1811,27.2648,494,38911,0.0253818,1,1,2138778,2138284,494
155843041,29.0725,24.7059,498,38965,0.0161527,1,1,2138805,2138307,498
155845961,23.629,32.0824,481,39019,0.0124611,0.9,1,2138825,2138344,481
155848881,44.8516,54.8329,470,39073,0.0469844,0.87,1,2138884,2138414,470
155851801,33.5406,41.7332,463,39127,0.0487938,0.79,1,2138910,2138447,463
155854721,33.2163,37.6933,461,39181,0.0495175,0.49,1,2138943,2138482,461
155857641,34.2865,45.0773,446,39235,0.049807,0.43,1,2138978,2138532,446
155860561,26.3146,34.8309,439,39289,0.0379228,0.27,1,2138999,2138560,439
155863481,23.7258,32.5324,430,39343,0.0211691,0.19,1,2139021,2138591,430
155866401,24.4903,31.0129,425,39397,0.0264676,0,1,2139046,2138621,425
155869321,37.9961,41.2052,424,39451,0.0285871,0.07,1,2139093,2138669,424
155872241,35.5985,36.8821,424,39505,0.0294348,0.05,1,2139127,2138703,424
155875161,46.6394,45.9528,426,39558,0.0297739,0,1,2139181,2138755,426
155878081,31.8558,32.1811,425,39611,0.0119096,0.01,1,2139203,2138778,425
155881001,28.3423,29.0725,424,39664,0.0227638,0.01,1,2139229,2138805,424
155883921,22.1369,23.629,422,39717,0.0271055,0.07,1,2139247,2138825,422
155886841,44.8548,44.8516,423,39770,0.0528422,0.05,1,2139307,2138884,423
155889761,33.5419,33.5406,423,39823,0.0271369,0.05,1,2139333,2138910,423
155892681,32.6168,33.2163,422,39876,0.0528548,0.05,1,2139365,2138943,422
155895601,34.0467,34.2865,422,39929,0.0631419,0.03,1,2139400,2138978,422
155898521,26.8187,26.3146,423,39982,0.0912568,0.01,1,2139422,2138999,423
155901441,23.3275,23.7258,422,40035,0.0785027,0.03,1,2139443,2139021,422
155904361,24.331,24.4903,422,40088,0.0854011,0.03,1,2139468,2139046,422
155907281,37.3324,9.79613,468,40141,0.0521604,0.03,1,2139514,2139046,468
155910201,35.333,32.1185,455,40194,0.0268642,0.03,1,2139548,2139093,455
155913121,46.5332,33.2474,475,40247,0.0407457,0.03,1,2139602,2139127,475
155916041,31.8133,45.699,443,40299,0.0582983,0,1,2139624,2139181,443
155918961,28.3253,31.4796,447,40351,0.0653193,0.03,1,2139650,2139203,447
155921881,22.1301,28.1918,439,40403,0.0801277,0.03,1,2139668,2139229,439
155924801,45.4521,22.0767,482,40455,0.0860511,0.07,1,2139729,2139247,482
155927721,33.1808,44.8307,447,40507,0.0764204,0.01,1,2139754,2139307,447
155930641,33.6723,33.5323,455,40559,0.0605682,0.07,1,2139788,2139333,455
155933561,36.2689,32.6129,461,40611,0.0662273,0.07,1,2139826,2139365,461
155936481,27.1076,34.0452,447,40663,0.0564909,0.11,1,2139847,2139400,447
155939401,22.843,26.8181,445,40715,0.0885964,0.07,1,2139867,2139422,445
155948161,35.038,37.3324,456,40871,0.0553502,0.01,1,2139970,2139514,456
155951081,48.2152,35.3329,479,40923,0.0401401,0.05,1,2140027,2139548,479
155954001,31.8861,46.5332,446,40975,0.046056,0.07,1,2140048,2139602,446
155956921,30.1544,31.8133,453,41027,0.0724224,0.07,1,2140077,2139624,453
155977361,24.0021,27.1076,447,41384,0.22288,0.11,1,2140294,2139847,447
155980281,25.2008,22.843,453,41435,0.215152,0.13,1,2140320,2139867,453
155983201,32.8803,24.7372,465,41486,0.212061,0.13,1,2140358,2139893,465
156003641,44.9251,44.5447,429,41843,0.0876817,0.15,1,2140583,2140154,429
156032841,39.6654,39.4483,429,42343,0.249856,0.17,1,2140879,2140450,429
156035761,29.0662,29.5793,428,42393,0.249942,0.09,1,2140901,2140473,428
156038681,29.6265,31.0317,426,42443,0.249977,0.11,1,2140931,2140505,426
156041601,22.6506,23.8127,425,42493,0.273991,0.07,1,2140949,2140524,425
156044521,45.0602,44.9251,426,42543,0.295596,0.13,1,2141009,2140583,426
156067881,31.683,31.1588,431,42937,0.440905,0.19,1,2141251,2140820,431
156073721,40.9493,5.46541,490,43035,0.429345,0.29,1,2141312,2140822,490
156076641,29.5797,36.3862,455,43084,0.417738,0.25,1,2141334,2140879,455
156079561,29.8319,27.7545,463,43133,0.413095,0.25,1,2141364,2140901,463
156082481,22.7328,29.1018,451,43182,0.423238,0.29,1,2141382,2140931,451
156120441,30.3654,29.5797,472,43813,0.765183,0.41,2,2141806,2141334,472
156123361,22.9462,29.8319,460,43861,0.756073,0.43,2,2141824,2141364,460
156126281,49.9785,22.7328,510,43909,0.776429,0.49,2,2141892,2141382,510
156129201,36.1914,46.8931,474,43957,0.796572,0.53,2,2141919,2141445,474
156132121,37.8766,34.3572,487,44005,0.804629,0.57,2,2141958,2141471,487
156135041,39.1506,35.9429,490,44053,0.843851,0.61,2,2141998,2141508,490
156137961,32.4602,37.1772,480,44101,0.859541,0.65,2,2142026,2141546,480
156140881,25.5841,31.0709,474,44149,0.877816,0.67,2,2142047,2141573,474
156143801,25.8336,24.4283,480,44197,0.897126,0.65,2,2142073,2141593,480
156149641,34.4934,35.5885,488,44293,0.89594,0.73,2,2142150,2141662,488
156152561,14.9974,32.8354,459,44341,0.892376,0.73,2,2142152,2141693,459
156178841,40.0719,39.1506,465,44766,0.875761,0.87,2,2142463,2141998,465
156181761,32.8287,32.4602,465,44813,0.884305,0.89,2,2142491,2142026,465
156400761,71.3754,90.0816,455,22189,0.08728,0.03,1,2144938,2144483,455
156403681,78.3502,86.4326,454,22285,0.040912,0.05,1,2145021,2144567,454
156406601,60.1401,61.573,457,22380,0.0223648,0.01,1,2145069,2144612,457
156409521,59.456,73.8292,434,22475,0.0269459,0.03,1,2145128,2144694,434
156412441,36.9824,42.7317,434,22569,0.0407784,0,1,2145150,2144716,434
156415361,71.793,32.6927,503,22663,0.0343113,0.03,1,2145245,2144742,503
156418281,74.3172,61.6771,498,22757,0.0557245,0.07,1,2145321,2144823,498
156424121,71.0508,52.5883,505,22943,0.0509159,0.01,1,2145443,2144938,505
156427041,56.6203,70.8353,469,23035,0.0503664,0.01,1,2145490,2145021,469
156429961,58.0481,57.1341,480,23127,0.0261465,0.03,1,2145549,2145069,480
156432881,37.0192,58.2537,444,23219,0.0404586,0.05,1,2145572,2145128,444
156435801,71.8077,36.5015,517,23310,0.0341834,0.03,1,2145667,2145150,517
156438721,75.5231,71.6006,500,23401,0.0436734,0.07,1,2145745,2145245,500
156441641,56.0092,74.2402,467,23492,0.0354693,0.15,1,2145788,2145321,467
156444561,68.6037,53.0961,505,23582,0.0561877,0.01,1,2145865,2145360,505
156447481,55.0415,71.0384,468,23672,0.0224751,0.05,1,2145911,2145443,468
156450401,57.4166,56.6154,480,23762,0.02699,0.01,1,2145970,2145490,480
156453321,37.9666,58.0462,446,23851,0.028796,0.05,1,2145995,2145549,446
156456241,71.5867,37.0185,517,23940,0.0175184,0.03,1,2146089,2145572,517
156459161,29.8347,71.8074,424,24029,0.0250074,0.05,1,2146091,2145667,424
156462081,58.7339,75.523,424,24117,0.0400029,0.03,1,2146169,2145745,424
156465001,48.6935,56.0092,423,24205,0.0220012,0.07,1,2146211,2145788,423
156467921,65.6774,68.6037,423,24293,0.0148005,0,1,2146288,2145865,423
156470841,53.871,55.0415,423,24380,0.0119202,0.03,1,2146334,2145911,423
156473761,56.9484,57.4166,423,24467,0.0467681,0.03,1,2146393,2145970,423
156476681,37.7794,37.9666,423,24554,0.0247072,0.01,1,2146418,2145995,423
156479601,72.1117,71.5867,424,24640,0.0278829,0.03,1,2146513,2146089,424
156482521,30.0447,29.8347,424,24726,0.0291532,0.05,1,2146515,2146091,424
156485441,57.6179,58.7339,422,24812,0.0536613,0.01,1,2146591,2146169,422
156488361,48.2472,48.6935,422,24897,0.0754645,0.01,1,2146633,2146211,422
156491281,66.0989,65.6774,423,24982,0.0721858,0.01,1,2146711,2146288,423
156494201,53.4395,53.871,422,25067,0.0348743,0.07,1,2146756,2146334,422
156497121,57.3758,56.9484,423,25152,0.0319497,0.01,1,2146816,2146393,423
156500041,37.3503,37.7794,422,25236,0.0547799,0.03,1,2146840,2146418,422
156502961,72.5401,72.1117,423,25320,0.039912,0.03,1,2146936,2146513,423
156505881,30.2161,30.0447,423,25404,0.0339648,0.07,1,2146938,2146515,423
156508801,57.6864,57.6179,423,25487,0.0195859,0.07,1,2147014,2146591,423
156511721,48.2746,23.0472,465,25570,0.0498344,0.09,1,2147056,2146591,465
156514641,66.7098,34.4189,502,25653,0.0499337,0.07,1,2147135,2146633,502
156517561,51.8839,60.5675,466,25736,0.0739735,0.01,1,2147177,2146711,466
156520481,57.3536,51.227,482,25818,0.0475894,0.03,1,2147238,2146756,482
156523401,37.3414,56.4908,446,25900,0.0490358,0.07,1,2147262,2146816,446
156561361,20.7385,49.3159,428,26945,0.21601,0.15,1,2147908,2147480,428
156564281,55.6954,66.5264,429,27024,0.272404,0.15,1,2147987,2147558,429
156573041,37.3565,37.9297,428,27258,0.285514,0.15,1,2148114,2147686,428
156584721,49.9883,48.8462,433,27567,0.403549,0.23,1,2148339,2147906,433
156587641,21.1953,20.7385,433,27644,0.40742,0.31,1,2148341,2147908,433
156590561,57.6781,55.6954,436,27721,0.408968,0.33,1,2148423,2147987,436
156634361,65.1511,31.2846,535,28846,0.784456,0.59,2,2149188,2148653,535
156637281,51.2604,62.9138,493,28919,0.835782,0.65,2,2149230,2148737,493
156640201,21.7042,50.3655,453,28992,0.856313,0.65,2,2149232,2148779,453
156643121,60.2817,21.3462,537,29065,0.840525,0.63,2,2149318,2148781,537
156646041,50.5127,58.9385,497,29138,0.85821,0.67,2,2149362,2148865,497
156648961,55.0051,49.3754,512,29211,0.889284,0.65,2,2149420,2148908,512
156783281,39.1819,52.5655,502,32375,0.263555,1,1,2151615,2151113,502
156792041,43.5956,45.6042,514,32570,0.0727875,1,1,2151758,2151244,514
156794961,42.0383,38.0417,522,32635,0.059115,1,1,2151799,2151277,522
156797881,30.0153,45.8167,493,32700,0.053646,1,1,2151821,2151328,493
156800801,59.4061,33.3267,547,32765,0.0514584,0.57,1,2151900,2151353,547
156803721,24.9624,69.7307,455,32830,0.0505834,0.55,1,2151902,2151447,455
156806641,28.585,47.0923,454,32894,0.0262333,0.39,1,2151933,2151479,454
156809561,40.834,56.6369,440,32958,0.0284933,0.25,1,2151982,2151542,440
156812481,34.9336,45.4548,433,33022,0.0413973,0.21,1,2152013,2151580,433
156815401,34.9734,39.1819,433,33086,0.0345589,0.07,1,2152048,2151615,433
156818321,44.5894,50.4728,426,33150,0.0558236,0.13,1,2152099,2151673,426
156830001,30.7959,30.0153,424,33405,0.0892211,0.05,1,2152245,2151821,424
156832921,58.5184,59.4061,422,33468,0.0416884,0.05,1,2152322,2151900,422
156835841,24.6073,24.9624,422,33531,0.0466754,0.01,1,2152324,2151902,422
156838761,28.4429,28.585,422,33594,0.0726701,0.03,1,2152355,2151933,422
156841681,40.7772,40.834,422,33657,0.0710681,0.05,1,2152404,2151982,422
156844601,35.5109,34.9336,423,33720,0.0704272,0.03,1,2152436,2152013,423
156847521,34.6043,34.9734,422,33783,0.0581709,0.07,1,2152470,2152048,422
156850441,45.0417,44.5894,423,33846,0.0292684,0.13,1,2152522,2152099,423
156853361,45.0167,42.4357,427,33908,0.0537073,0.15,1,2152567,2152140,427
156856281,42.0067,40.9743,427,33970,0.0754829,0.11,1,2152607,2152180,427
156859201,40.2027,40.9897,425,34032,0.0841932,0.07,1,2152646,2152221,425
156862121,29.2811,30.7959,423,34094,0.0996773,0.01,1,2152668,2152245,423
156888401,41.6038,44.9562,464,34648,0.250715,0.09,1,2153031,2152567,464
156891321,41.2415,41.9825,465,34709,0.274286,0.09,1,2153072,2152607,465
156911761,33.5342,35.336,461,35133,0.405265,0.15,1,2153319,2152858,461
156914681,45.8137,33.9344,482,35193,0.420106,0.17,1,2153373,2152891,482
156920521,44.0502,48.5095,472,35313,0.402017,0.29,1,2153466,2152994,472
156923441,42.8201,41.6038,477,35373,0.418807,0.29,1,2153508,2153031,477
156929281,59.7712,29.6966,516,35493,0.413809,0.37,1,2153610,2153094,516
156932201,25.1085,58.0786,441,35553,0.423524,0.37,1,2153612,2153171,441
156935121,29.2434,24.4315,471,35612,0.439409,0.37,1,2153644,2153173,471
156938041,42.2974,28.9726,490,35671,0.433764,0.39,1,2153695,2153205,490
156940961,18.1189,41.589,442,35730,0.431506,0.41,1,2153697,2153255,442
156981841,30.2421,29.779,445,36549,0.759256,0.53,2,2154206,2153761,445
156984761,45.6968,44.9116,446,36607,0.777702,0.55,2,2154262,2153816,446
156987681,48.8787,47.9646,447,36665,0.809081,0.59,2,2154313,2153866,447
156990601,45.9515,44.3859,449,36723,0.821632,0.63,2,2154357,2153908,449
156993521,44.1806,42.3543,451,36781,0.790653,0.63,2,2154400,2153949,451
156996441,30.8722,30.1417,451,36838,0.778261,0.67,2,2154422,2153971,451
156999361,65.1489,61.2567,457,36895,0.821305,0.67,2,2154510,2154053,457
157002281,27.2596,25.7027,457,36952,0.838522,0.73,2,2154512,2154055,457
157005201,30.1038,30.0811,456,37009,0.869409,0.71,2,2154544,2154088,456
157008121,42.6415,42.0324,457,37066,0.881763,0.75,2,2154595,2154138,457
157011041,18.2566,18.013,457,37123,0.886705,0.75,2,2154597,2154140,457
157013961,27.7026,27.6052,457,37180,0.888682,0.75,2,2154631,2154174,457
157168721,22.8359,30.1619,502,40080,0.898,1,2,2156660,2156158,502
157211061,325.934,350.465,466,17520,0.4132,0.71,1,2157188,2156722,466
157213981,217.974,182.186,542,18366,0.26728,0.31,1,2157334,2156792,542
157219821,93.0758,97.1897,474,18597,0.0823648,0.17,1,2157473,2156999,474
157222741,79.2303,94.6759,451,18711,0.0749459,0.09,1,2157543,2157092,451
157225661,53.8921,63.6704,445,18824,0.0599784,0.07,1,2157580,2157135,445
157228581,42.5568,50.0681,439,18937,0.0419913,0.17,1,2157615,2157176,439
157240261,72.3023,72.6289,425,19381,0.205315,0.05,1,2157968,2157543,425
157249021,107.899,16.6003,576,19707,0.21018,0.15,1,2158191,2157615,576
157251941,84.5597,94.8401,498,19815,0.222072,0.23,1,2158260,2157762,498
157254861,72.8239,78.736,495,19922,0.250829,0.21,1,2158325,2157830,495
157257781,72.3296,71.0944,501,20028,0.286332,0.21,1,2158397,2157896,501
157266541,107.997,40.142,583,20344,0.414085,0.23,1,2158621,2158038,583
157289901,62.0933,85.7988,448,21164,0.783408,0.57,2,2159140,2158692,448
157292821,66.2373,74.5195,450,21264,0.799363,0.59,2,2159209,2158759,450
157295741,72.0949,74.2078,452,21364,0.817745,0.61,2,2159285,2158833,452
157298661,52.238,53.0831,452,21463,0.813098,0.65,2,2159324,2158872,452
157301581,43.6952,42.8332,454,21562,0.787239,0.73,2,2159362,2158908,454
157304501,114.078,111.333,458,21660,0.824896,0.73,2,2159523,2159065,458
157307421,46.8312,45.7333,458,21758,0.863958,0.83,2,2159525,2159067,458
157397941,68.2823,70.9431,494,24598,0.826,1,2,2161576,2161082,494
157406701,36.3861,38.3804,490,24856,0.431344,1,1,2161707,2161217,490
157409621,37.3544,35.1521,495,24941,0.286538,1,1,2161745,2161250,495
157415461,64.2967,68.2643,477,25111,0.078246,1,1,2161937,2161460,477
157418381,43.1187,47.7057,472,25195,0.0312984,0.71,1,2161966,2161494,472
157421301,58.0475,68.2823,458,25279,0.0185194,0.53,1,2162034,2161576,458
157424221,59.219,69.9129,447,25363,0.0374077,0.49,1,2162094,2161647,447
157427141,39.2876,45.9652,443,25447,0.0329631,0.49,1,2162120,2161677,443
157430061,30.715,18.3861,468,25530,0.0311852,0.35,1,2162145,2161677,468
157432981,30.286,25.3544,468,25613,0.0544741,0.19,1,2162175,2161707,468
157435901,102.714,32.9418,581,25696,0.0277896,0.01,1,2162326,2161745,581
157438821,60.8858,107.977,456,25778,0.0291159,0.05,1,2162359,2161903,456
157441741,41.7543,63.5907,451,25860,0.0176463,0,1,2162388,2161937,451
157444661,56.9017,42.8363,489,25942,0.0850585,0.01,1,2162455,2161966,489
157447581,59.3607,57.9345,482,26024,0.0880234,0.05,1,2162516,2162034,482
157462181,60.8872,102.713,455,26428,0.0948182,0.03,1,2162781,2162326,455
157465101,41.1549,60.8853,450,26508,0.0679273,0.01,1,2162809,2162359,450
157468021,59.062,41.7541,492,26588,0.0571709,0.13,1,2162880,2162388,492
157470941,60.2248,56.9016,486,26668,0.0888684,0.09,1,2162941,2162455,486
157497221,61.6258,60.2248,427,27374,0.225039,0.11,1,2163368,2162941,427
157500141,42.6503,42.0899,427,27451,0.252016,0.11,1,2163398,2162971,427
157503061,32.0601,31.236,428,27528,0.250806,0.15,1,2163423,2162995,428
157505981,33.2241,32.2944,429,27605,0.238323,0.15,1,2163457,2163028,429
157508901,14.4896,14.1178,429,27682,0.257329,0.19,1,2163459,2163030,429
157511821,91.5959,91.4471,429,27759,0.288932,0.19,1,2163602,2163173,429
157529341,31.8701,32.0601,432,28213,0.407611,0.23,1,2163855,2163423,432
157532261,34.348,33.2241,434,28288,0.421044,0.27,1,2163891,2163457,434
157535181,14.9392,14.4896,434,28363,0.426418,0.27,1,2163893,2163459,434
157576061,67.0947,58.7024,519,29390,0.758027,0.55,2,2164688,2164169,519
157578981,45.4379,66.081,479,29462,0.777211,0.55,2,2164719,2164240,479
157581901,32.5751,45.0324,472,29534,0.784884,0.55,2,2164743,2164271,472
157584821,35.8301,32.413,486,29606,0.799954,0.59,2,2164781,2164295,486
157587741,15.532,34.5652,452,29677,0.817981,0.59,2,2164783,2164331,452
157590661,99.2128,15.0261,605,29748,0.849193,0.69,2,2164938,2164333,605
157593581,58.8851,96.0104,487,29819,0.873677,0.69,2,2164970,2164483,487
157596501,24.754,57.6042,457,29890,0.883471,0.71,2,2164972,2164515,457
157602341,56.2806,59.7367,460,30032,0.898555,0.77,2,2165076,2164616,460
157876821,43.1922,43.2062,495,36055,0.832,1,2,2169287,2168792,495
157879741,38.8769,41.2825,491,36114,0.8368,1,2,2169323,2168832,491
157882661,37.1508,39.913,488,36173,0.78472,1,2,2169359,2168871,488
157894341,34.6039,34.1994,494,36405,0.443497,1,1,2169512,2169018,494
157906021,65.9931,67.4515,488,36637,0.291338,1,1,2169700,2169212,488
157908941,37.1972,47.9806,471,36695,0.218535,0.72,1,2169718,2169247,471
157911861,36.4789,43.1922,467,36753,0.225414,0.84,1,2169754,2169287,467
157914781,33.7916,38.8769,463,36810,0.216166,0.75,1,2169786,2169323,463
157917701,32.7166,37.1508,459,36867,0.224466,0.57,1,2169818,2169359,459
157920621,34.0866,43.0603,447,36924,0.275786,0.47,1,2169853,2169406,447
157923541,35.8347,40.0241,446,36981,0.260315,0.41,1,2169890,2169444,446
157926461,34.1339,37.0096,444,37038,0.266126,0.43,1,2169923,2169479,444
157929381,31.6535,34.6039,441,37095,0.28045,0.31,1,2169953,2169512,441
157955661,34.7366,32.6806,468,37605,0.402255,0.31,1,2170286,2169818,468
157958581,36.0946,34.0722,470,37661,0.418902,0.25,1,2170323,2169853,470
157961501,34.8379,35.8289,467,37717,0.437561,0.27,1,2170357,2169890,467
158028661,37.5861,36.7984,454,38985,0.807783,0.65,2,2171182,2170728,454
158031581,37.8345,37.5194,454,39039,0.809113,0.69,2,2171220,2170766,454
158034501,36.7338,35.4077,456,39093,0.881645,0.67,2,2171256,2170800,456
158037421,32.6935,32.7631,455,39147,0.898658,0.67,2,2171286,2170831,455
158192181,35.2065,36.1091,491,41911,0.882736,1,2,2173190,2172699,491
158195101,27.2826,31.2436,485,41961,0.815094,1,2,2173212,2172727,485
158206781,46.452,50.5854,485,42161,0.420082,1,1,2173379,2172894,485
158209701,35.9808,40.0342,481,42211,0.270033,1,1,2173408,2172927,481
158215541,37.7969,30.5255,502,42311,0.0696053,1,1,2173489,2172987,502
158218461,31.9188,32.0102,497,42361,0.0458421,1,1,2173517,2173020,497
158227221,30.0028,34.0407,479,42511,0.0785339,1,1,2173593,2173114,479
158233061,31.2004,35.2065,465,42611,0.0737654,0.77,1,2173655,2173190,465
158235981,22.0802,27.2826,459,42661,0.0295062,0.69,1,2173671,2173212,459
158238901,32.8321,40.313,450,42710,0.0658025,0.57,1,2173711,2173261,450
158241821,28.7328,35.3252,444,42759,0.044321,0.45,1,2173737,2173293,444
158244741,27.0931,32.1301,440,42808,0.0597284,0.35,1,2173763,2173323,440
158247661,42.0373,46.452,436,42857,0.0778914,0.17,1,2173815,2173379,436
158250581,31.2149,35.9808,431,42906,0.0851565,0.11,1,2173839,2173408,431
158253501,35.286,41.9923,423,42955,0.0880626,0,1,2173877,2173454,423
158256421,36.3144,37.7969,425,43004,0.065225,0,1,2173914,2173489,425
158259341,30.7258,15.1188,452,43053,0.05609,0.03,1,2173941,2173489,452
158262261,23.6903,22.8475,443,43102,0.028436,0.15,1,2173960,2173517,443
158265181,22.6761,21.139,445,43151,0.0413744,0.13,1,2173982,2173537,445
158268101,28.2704,21.0556,456,43200,0.0705498,0.05,1,2174014,2173558,456
158271021,31.1082,29.4222,454,43249,0.0342199,0.13,1,2174047,2173593,454
158273941,29.8433,29.7689,453,43298,0.067688,0.05,1,2174076,2173623,453
158276861,21.5373,31.1076,437,43347,0.0570752,0,1,2174092,2173655,437
158279781,33.8149,22.043,463,43396,0.0648301,0.09,1,2174134,2173671,463
158282701,27.926,32.8172,447,43445,0.025932,0.03,1,2174158,2173711,447
158285621,29.1704,28.7269,451,43494,0.0103728,0.07,1,2174188,2173737,451
158288541,42.8682,27.0908,477,43543,0.0701491,0.09,1,2174240,2173763,477
158300221,30.7902,36.3143,449,43735,0.0972678,0.05,1,2174363,2173914,449
158303141,25.5161,30.7257,444,43783,0.0569071,0.01,1,2174385,2173941,444
158306061,22.2064,23.6903,445,43831,0.0647629,0.05,1,2174405,2173960,445
158308981,28.6826,22.6761,456,43879,0.0679051,0.09,1,2174438,2173982,456
158329421,44.4204,29.1704,478,44215,0.0976868,0.11,1,2174666,2174188,478
158376141,32.4089,31.5682,428,44972,0.214951,0.15,1,2175117,2174689,428
158379061,35.7636,36.0273,427,45019,0.271981,0.09,1,2175155,2174728,427
158402421,32.6239,31.9471,428,45395,0.404753,0.13,1,2175360,2174932,428
158405341,19.6496,18.7789,429,45441,0.419901,0.21,1,2175371,2174942,429
158408261,34.8598,33.9115,430,45487,0.43796,0.17,1,2175416,2174986,430
158411181,27.1439,26.7646,430,45533,0.445184,0.21,1,2175438,2175008,430
158414101,29.4576,29.3058,430,45579,0.436074,0.19,1,2175469,2175039,430
158417021,44.183,43.5223,431,45625,0.420429,0.23,1,2175523,2175092,431
158419941,34.4732,32.4089,434,45671,0.414172,0.31,1,2175551,2175117,434
158422861,37.1893,35.7636,435,45717,0.435669,0.33,1,2175590,2175155,435
158495861,35.3667,20.0843,495,46856,0.777456,0.59,2,2176307,2175812,495
158498781,27.9467,35.0337,473,46901,0.808982,0.59,2,2176330,2175857,473
158501701,29.1787,27.2135,481,46946,0.833593,0.61,2,2176360,2175879,481
158504621,45.2715,28.8854,507,46991,0.867437,0.61,2,2176416,2175909,507
158507541,34.9086,44.5542,480,47036,0.880975,0.63,2,2176444,2175964,480
158510461,39.1634,34.6217,494,47081,0.88639,0.61,2,2176486,2175992,494
158513381,38.4654,38.4487,491,47126,0.888556,0.67,2,2176524,2176033,491
158516301,32.7862,37.5795,483,47171,0.889422,0.67,2,2176553,2176070,483
158527981,27.6377,16.4372,491,47351,0.897473,0.71,2,2176631,2176140,491
158530901,12.2551,27.5749,458,47396,0.892989,0.73,2,2176633,2176175,458
158533821,30.102,36.23,458,47440,0.891196,0.73,2,2176675,2176217,458
158539661,21.1363,20.9168,460,47528,0.882991,0.81,2,2176722,2176262,460
158542581,36.6545,35.3667,462,47572,0.899197,0.83,2,2176769,2176307,462
158733841,96.7033,100.822,508,23003,0.846006,1,2,2178958,2178450,508
158736761,63.8813,72.7289,496,23095,0.884403,1,2,2179000,2178504,496
158739681,74.1525,84.2916,485,23187,0.863761,1,2,2179081,2178596,485
158742601,39.861,45.7166,482,23278,0.831504,0.94,2,2179098,2178616,482
158745521,44.7444,27.8866,514,23369,0.782602,0.92,2,2179146,2178632,514
158748441,85.6978,36.9547,584,23460,0.775041,1,2,2179259,2178675,584
158751361,75.6791,83.1819,539,23550,0.820016,0.9,2,2179328,2178789,539
158754281,87.2716,76.4727,562,23640,0.814007,0.79,2,2179423,2178861,562
158757201,60.7087,88.7891,508,23730,0.799603,0.91,2,2179466,2178958,508
158760121,71.6835,60.7156,545,23819,0.817841,0.85,2,2179545,2179000,545
158763041,36.4734,72.8863,477,23908,0.837136,0.81,2,2179558,2179081,477
158765961,15.7894,39.3545,462,23997,0.844855,0.75,2,2179560,2179098,462
158768881,35.7157,44.5418,463,24085,0.883942,0.77,2,2179609,2179146,463
158874001,52.1503,77.2206,480,27072,0.86344,1,2,2181759,2181279,480
158882761,49.2736,53.7341,484,27306,0.25566,1,1,2181948,2181464,484
158888601,38.7238,37.9975,493,27461,0.0829056,1,1,2182021,2181528,493
158891521,56.8895,59.599,488,27538,0.0331622,0.94,1,2182090,2181602,488
158894441,59.9558,69.4396,474,27615,0.0312649,0.93,1,2182152,2181678,474
158897361,34.1823,40.3758,470,27692,0.042506,0.81,1,2182169,2181699,470
158900281,43.0729,52.1503,459,27768,0.0350024,0.45,1,2182218,2181759,459
158903201,56.8292,69.4601,444,27844,0.044001,0.23,1,2182284,2181840,444
158906121,59.3317,72.1841,431,27920,0.0356004,0.17,1,2182345,2181914,431
158909041,39.3327,49.2736,423,27996,0.0322402,0,1,2182371,2181948,423
158911961,37.9331,41.3094,424,28072,0.0188961,0.07,1,2182408,2181984,424
158914881,36.7732,38.7238,423,28147,0.0375584,0,1,2182444,2182021,423
158917801,55.5093,56.8895,422,28222,0.0210234,0.03,1,2182512,2182090,422
158920721,59.4037,59.9558,422,28297,0.0384093,0.05,1,2182574,2182152,422
158923641,34.5615,34.1823,423,28372,0.0333637,0.05,1,2182592,2182169,423
158926561,42.0246,13.6729,470,28447,0.0433455,0.03,1,2182639,2182169,470
158929481,56.4098,34.8692,487,28521,0.0353382,0.05,1,2182705,2182218,487
158932401,59.1639,53.5477,482,28595,0.0141353,0.03,1,2182766,2182284,482
158935321,39.2656,58.0191,447,28669,0.0596541,0.03,1,2182792,2182345,447
158938241,37.9062,38.8076,458,28743,0.0418616,0.01,1,2182829,2182371,458
158941161,36.7625,37.7231,457,28817,0.0827447,0.05,1,2182865,2182408,457
158944081,55.505,36.6892,489,28890,0.0510979,0.01,1,2182933,2182444,489
158947001,59.402,55.4757,483,28963,0.0384391,0.05,1,2182995,2182512,483
158949921,35.1608,59.3903,440,29036,0.0333757,0.03,1,2183014,2182574,440
158952841,42.8643,34.5561,470,29109,0.0313503,0.05,1,2183062,2182592,470
158955761,56.1457,42.0224,488,29182,0.0425401,0.03,1,2183127,2182639,488
158958681,60.2583,56.409,485,29255,0.059016,0,1,2183190,2182705,485
158961601,39.7033,59.1636,450,29327,0.0896064,0.09,1,2183216,2182766,450
158964521,36.2813,39.2654,458,29399,0.0898426,0.03,1,2183250,2182792,458
158967441,38.5125,37.9062,461,29471,0.089937,0.11,1,2183290,2182829,461
158970361,53.805,36.7625,489,29543,0.0779748,0.03,1,2183354,2182865,489
158973281,58.722,55.505,483,29615,0.0371899,0.03,1,2183416,2182933,483
158976201,35.4888,59.402,441,29686,0.020876,0.03,1,2183436,2182995,441
158979121,42.9955,35.1608,470,29757,0.0383504,0.03,1,2183484,2183014,470
158982041,56.7982,42.8643,488,29828,0.0453402,0.05,1,2183550,2183062,488
158984961,23.9193,56.1457,425,29899,0.0481361,0.07,1,2183552,2183127,425
158999561,52.5217,53.805,425,30251,0.210301,0.01,1,2183779,2183354,425
159002481,56.4087,58.722,422,30321,0.22212,0.01,1,2183838,2183416,422
159011241,57.5862,56.7982,425,30530,0.0710957,0.05,1,2183975,2183550,425
159014161,24.2345,23.9193,425,30599,0.0464383,0.15,1,2183977,2183552,425
159017081,49.8938,48.5677,427,30668,0.0605753,0.11,1,2184044,2183617,427
159020001,35.5575,35.0271,427,30737,0.0662301,0.13,1,2184070,2183643,427
159022921,34.623,35.0108,426,30806,0.0924921,0.17,1,2184104,2183678,426
159025841,38.4492,36.8043,429,30875,0.0909968,0.25,1,2184145,2183716,429
159049201,36.6052,44.0775,450,31419,0.0947643,0.07,1,2184494,2184044,450
159052121,35.0421,33.231,458,31486,0.0919057,0.11,1,2184528,2184070,458
159055041,38.6168,33.6924,465,31553,0.0907623,0.09,1,2184569,2184104,465
159060881,56.8187,54.8308,482,31687,0.234122,0.15,1,2184693,2184211,482
159063801,33.5275,55.5323,444,31754,0.267649,0.11,1,2184711,2184267,444
159084241,39.4734,35.042,468,32217,0.414616,0.09,1,2184996,2184528,468
159130961,56.8769,56.7072,449,33252,0.766808,0.55,2,2185711,2185262,449
159133881,23.9508,23.8829,449,33316,0.792723,0.55,2,2185713,2185264,449
159136801,49.1803,49.1532,449,33379,0.827089,0.55,2,2185779,2185330,449
159139721,35.2721,35.2613,449,33442,0.816836,0.55,2,2185805,2185356,449
159142641,15.3088,15.3045,449,33505,0.812734,0.59,2,2185807,2185358,449
159145561,28.9235,28.9218,449,33568,0.811094,0.65,2,2185845,2185396,449
159148481,40.9694,39.1687,452,33631,0.834437,0.65,2,2185894,2185442,452
159151401,57.7878,57.0675,452,33694,0.879775,0.65,2,2185963,2185511,452
159154321,63.9151,61.827,455,33757,0.88591,0.67,2,2186031,2185576,455
159157241,38.166,36.7308,456,33820,0.876364,0.73,2,2186052,2185596,456
159160161,45.8664,44.6923,457,33883,0.872546,0.81,2,2186103,2185646,457
159163081,59.1466,56.8769,460,33945,0.871018,0.81,2,2186171,2185711,460
159166001,24.8586,23.9508,460,34007,0.870407,0.85,2,2186173,2185713,460
159320761,38.5525,46.3163,491,37158,0.861665,1,2,2188362,2187871,491
159323681,35.221,18.5265,524,37215,0.830666,1,2,2188395,2187871,524
159326601,38.6884,39.8106,511,37272,0.782266,1,2,2188436,2187925,511
159329521,33.4754,35.1242,509,37329,0.750907,1,2,2188466,2187957,509
159379161,35.8148,37.7498,481,38280,0.756555,0.47,2,2189133,2188652,481
159382081,37.7259,37.2999,483,38335,0.800622,0.53,2,2189172,2188689,483
159385001,35.4904,36.52,481,38390,0.770249,0.55,2,2189206,2188725,481
159387921,29.7961,33.808,475,38445,0.758099,0.59,2,2189232,2188757,475
159390841,34.7185,29.1232,487,38500,0.75324,0.57,2,2189270,2188783,487
159393761,33.0874,35.0493,480,38555,0.787296,0.59,2,2189302,2188822,480
159396681,36.035,32.0197,488,38610,0.800918,0.55,2,2189340,2188852,488
159399601,15.614,36.8079,450,38665,0.806367,0.67,2,2189342,2188892,450
159402521,30.2456,35.7232,455,38720,0.844547,0.69,2,2189382,2188927,455
159405441,54.6982,56.8893,455,38775,0.847819,0.69,2,2189453,2188998,455
159408361,42.8793,41.3557,459,38829,0.861127,0.79,2,2189488,2189029,459
159411281,36.9517,36.3423,459,38883,0.842451,0.73,2,2189521,2189062,459
159414201,35.1807,35.5369,458,38937,0.83498,0.77,2,2189555,2189097,458
159417121,35.6723,35.8148,458,38991,0.843992,0.83,2,2189591,2189133,458
159420041,40.6689,37.7259,463,39045,0.883597,0.75,2,2189635,2189172,463
159583561,35.0295,39.8893,492,41965,0.883879,1,2,2191644,2191152,492
159586481,35.6118,36.9557,493,42015,0.839552,1,2,2191680,2191187,493
159601081,33.453,30.1989,489,42265,0.201048,1,1,2191839,2191350,489
159604001,33.7812,31.2796,491,42315,0.0804193,0.94,1,2191873,2191382,491
159606921,36.9125,32.9118,496,42365,0.0501677,0.96,1,2191912,2191416,496
159609841,35.165,36.5647,491,42415,0.0200671,1,1,2191946,2191455,491
159612761,29.066,32.0259,487,42465,0.0140268,0.98,1,2191971,2191484,487
159615681,37.4264,48.2104,471,42515,0.0356107,0.94,1,2192014,2191543,471
159618601,34.7706,39.6841,470,42565,0.0442443,0.87,1,2192047,2191577,470
159621521,31.3082,35.0737,467,42615,0.0236977,0.87,1,2192076,2191609,467
159624441,31.1233,35.0295,463,42665,0.0154791,0.81,1,2192107,2191644,463
159627361,32.2493,35.6118,460,42714,0.0481916,0.67,1,2192140,2191680,460
159630281,27.2997,33.4447,452,42763,0.0372767,0.55,1,2192164,2191712,452
159633201,23.5199,29.5779,446,42812,0.0569107,0.49,1,2192185,2191739,446
159636121,16.608,20.8312,443,42861,0.0527643,0.15,1,2192197,2191754,443
159639041,35.4432,43.1325,433,42910,0.0391057,0.13,1,2192245,2191812,433
159641961,27.3773,33.453,428,42959,0.0336423,0,1,2192267,2191839,428
159644881,27.7509,33.7812,422,43008,0.0554569,0,1,2192295,2191873,422
159647801,33.9004,13.5125,460,43057,0.0401828,0.03,1,2192333,2191873,460
159650721,33.9601,28.805,455,43106,0.0160731,0,1,2192367,2191912,455
159653641,30.3841,31.922,449,43155,0.0124292,0.01,1,2192395,2191946,449
159656561,36.7536,27.7688,465,43204,0.0229717,0.05,1,2192436,2191971,465
159659481,33.9014,36.9075,454,43253,0.0751887,0.05,1,2192468,2192014,454
159662401,30.9606,34.563,450,43302,0.0360755,0.01,1,2192497,2192047,450
159665321,30.9842,31.2252,452,43351,0.0324302,0.01,1,2192528,2192076,452
159668241,32.1937,31.0901,454,43400,0.0309721,0.07,1,2192561,2192107,454
159671161,27.2775,32.236,445,43449,0.0423888,0.03,1,2192585,2192140,445
159674081,24.711,27.2944,444,43498,0.0469555,0.07,1,2192608,2192164,444
159677001,15.8844,23.5178,433,43547,0.0607822,0.05,1,2192618,2192185,433
159679921,35.1538,16.6071,469,43595,0.0423129,0.03,1,2192666,2192197,469
159682841,29.0615,35.4428,446,43643,0.0349252,0.03,1,2192691,2192245,446
159685761,27.2246,27.3771,450,43691,0.0439701,0.07,1,2192717,2192267,450
159688681,33.6898,27.7509,460,43739,0.059588,0.03,1,2192755,2192295,460
159691601,33.2759,33.9003,455,43787,0.0418352,0,1,2192788,2192333,455
159694521,30.7104,33.9601,450,43835,0.0587341,0.01,1,2192817,2192367,450
159697441,39.2842,30.3841,467,43883,0.0414936,0.03,1,2192862,2192395,467
159700361,33.7137,36.7536,456,43931,0.0705975,0.11,1,2192892,2192436,456
159706201,32.6342,30.9606,456,44027,0.0604956,0.03,1,2192953,2192497,456
159709121,31.0537,30.9842,455,44075,0.0661982,0.03,1,2192983,2192528,455
159712041,28.0215,32.1937,448,44123,0.0684793,0.05,1,2193009,2192561,448
159714961,25.0086,27.2775,447,44171,0.0813917,0.05,1,2193032,2192585,447
159717881,16.0034,24.711,434,44219,0.0865567,0.07,1,2193042,2192608,434
159738321,22.5188,30.7104,423,44552,0.0996773,0.03,1,2193240,2192817,423
159741241,36.0075,39.2842,423,44599,0.0458709,0.09,1,2193285,2192862,423
159744161,34.803,33.7137,427,44646,0.0483484,0.13,1,2193319,2192892,427
159747081,28.9212,29.0855,426,44693,0.0373393,0.03,1,2193344,2192918,426
159750001,31.9685,32.6342,425,44740,0.0449357,0.07,1,2193378,2192953,425
159752921,30.7874,31.0537,425,44787,0.0479743,0.07,1,2193408,2192983,425
159755841,29.115,28.0215,427,44834,0.0491897,0.09,1,2193436,2193009,427
159758761,24.846,25.0086,426,44881,0.0856759,0.09,1,2193458,2193032,426
159761681,15.9384,16.0034,426,44928,0.0762704,0.13,1,2193468,2193042,426
159779201,13.4892,14.297,426,45210,0.214517,0.09,1,2193638,2193212,426
159796721,30.7226,30.7874,422,45490,0.203771,0.05,1,2193830,2193408,422
159852201,35.2863,17.5575,474,46364,0.212688,0.15,1,2194369,2193895,474
159855121,31.5145,35.823,455,46409,0.223075,0.17,1,2194398,2193943,455
159858041,31.2058,30.5292,459,46454,0.25123,0.17,1,2194429,2193970,459
159860961,34.0823,31.4117,463,46499,0.286492,0.17,1,2194465,2194002,463
159863881,31.0329,34.1647,456,46544,0.288597,0.11,1,2194494,2194038,456
159866801,13.6132,31.0659,429,46589,0.289439,0.17,1,2194496,2194067,429
159884321,31.6186,33.4314,459,46859,0.415915,0.17,1,2194689,2194230,459
159887241,29.4475,31.3725,457,46904,0.448366,0.17,1,2194717,2194260,457
159948561,33.9894,33.0702,451,47839,0.761886,0.61,2,2195315,2194864,451
159951481,36.9957,35.4281,453,47883,0.802754,0.65,2,2195354,2194901,453
159954401,32.7983,31.5712,454,47927,0.819102,0.61,2,2195384,2194930,454
159957321,14.3193,13.8285,454,47971,0.801641,0.69,2,2195386,2194932,454
159960241,26.1277,24.7314,456,48015,0.842656,0.67,2,2195420,2194964,456
159963161,32.6511,32.0926,456,48059,0.883063,0.67,2,2195457,2195001,456
159966081,14.2604,14.037,456,48103,0.899225,0.73,2,2195459,2195003,456
160018641,26.1269,10.4417,491,48885,0.897111,0.93,2,2195984,2195493,491
160185081,29.2334,30.8099,495,51283,0.874355,1,2,2197653,2197158,495
160188001,32.0933,35.724,490,51324,0.787742,1,2,2197687,2197197,490
160199681,25.7192,28.4041,493,51488,0.406326,1,1,2197816,2197323,493
160202601,29.4877,27.5617,498,51529,0.24053,1,1,2197848,2197350,498
160208441,26.438,26.2499,502,51611,0.0660849,1,1,2197901,2197399,502
160211361,19.5752,29.6999,485,51652,0.0564339,0.97,1,2197916,2197431,485
160214281,27.6301,29.28,489,51693,0.0285736,1,1,2197949,2197460,489
160217201,26.052,26.112,490,51734,0.0654294,1,1,2197974,2197484,490
160220121,23.6208,28.4448,482,51775,0.0321718,1,1,2197996,2197514,482
160223041,19.0483,11.3779,498,51816,0.0308687,1,1,2198012,2197514,498
160225961,24.4193,21.3512,498,51857,0.0303475,0.96,1,2198040,2197542,498
160228881,24.1677,23.5405,497,51898,0.030139,0.97,1,2198064,2197567,497
160231801,23.4671,25.6162,493,51939,0.0420556,0.87,1,2198087,2197594,493
160234721,24.9868,27.6465,490,51980,0.0228222,0.85,1,2198113,2197623,490
160237641,26.1947,29.0586,487,52021,0.0391289,0.73,1,2198140,2197653,487
160240561,35.6779,32.0234,495,52061,0.0696516,0.65,1,2198182,2197687,495
160243481,33.4712,39.2094,483,52101,0.0938606,0.55,1,2198214,2197731,483
160246401,27.1885,35.4838,473,52141,0.0675442,0.41,1,2198237,2197764,473
160249321,19.2754,32.7935,456,52181,0.0570177,0.35,1,2198251,2197795,456
160252241,23.9102,25.7174,462,52221,0.0648071,0.13,1,2198278,2197816,462
160255161,23.9641,29.487,454,52261,0.0799228,0.09,1,2198302,2197848,454
160258081,23.9856,28.5948,450,52301,0.0739691,0.01,1,2198326,2197876,450
160263921,26.3977,19.5752,456,52381,0.0850351,0.01,1,2198372,2197916,456
160266841,26.7591,27.6301,450,52421,0.052014,0.09,1,2198399,2197949,450
160269761,23.9036,26.052,447,52461,0.0388056,0.01,1,2198421,2197974,447
160272681,17.9615,23.6208,439,52501,0.0335222,0.03,1,2198435,2197996,439
160275601,23.3846,19.0483,450,52541,0.0314089,0.03,1,2198462,2198012,450
160278521,23.7538,24.4193,446,52581,0.0305636,0.03,1,2198486,2198040,446
160281441,23.9015,24.1677,446,52621,0.0542254,0.05,1,2198510,2198064,446
160284361,24.5606,23.4671,448,52661,0.0516902,0.01,1,2198535,2198087,448
160287281,25.4242,24.9868,448,52701,0.0746761,0.05,1,2198561,2198113,448
160290201,37.1697,26.1947,466,52741,0.0718704,0.09,1,2198606,2198140,466
160293121,34.0679,35.6779,456,52781,0.0827482,0.11,1,2198638,2198182,456
160296041,26.8272,33.4712,446,52821,0.0870993,0.05,1,2198660,2198214,446
160298961,19.1309,27.1885,437,52861,0.0888397,0.05,1,2198674,2198237,437
160339841,27.7988,25.4242,430,53418,0.217101,0.07,1,2198991,2198561,430
160342761,35.1195,37.1697,425,53457,0.20084,0.09,1,2199031,2198606,425
160360281,26.2781,26.0884,428,53691,0.202382,0.15,1,2199181,2198753,428
160363201,19.5112,18.8354,429,53730,0.218953,0.17,1,2199196,2198767,429
160366121,24.6045,23.7341,430,53769,0.201581,0.17,1,2199224,2198794,430
160369041,26.0418,25.6937,430,53808,0.218632,0.19,1,2199251,2198821,430
160371961,24.2167,23.4775,431,53847,0.261453,0.19,1,2199274,2198843,431
160374881,16.8867,17.791,429,53886,0.278581,0.11,1,2199286,2198857,429
160380721,10.1419,10.7666,427,53964,0.297773,0.15,1,2199314,2198887,427
160409921,24.5216,23.6953,432,54354,0.429512,0.21,1,2199585,2199153,432
160412841,26.6086,26.2781,432,54393,0.441805,0.23,1,2199613,2199181,432
160415761,19.0435,19.5112,431,54432,0.422722,0.19,1,2199627,2199196,431
160418681,25.6174,24.6045,433,54471,0.439089,0.23,1,2199657,2199224,433
160421601,27.047,26.0418,434,54510,0.445636,0.29,1,2199685,2199251,434
160424521,25.8188,24.2167,436,54549,0.412254,0.29,1,2199710,2199274,436
160427441,17.5275,16.8867,436,54588,0.422902,0.33,1,2199722,2199286,436
160430361,22.611,22.3547,436,54627,0.439161,0.29,1,2199748,2199312,436
160433281,10.2444,10.1419,436,54666,0.421664,0.31,1,2199750,2199314,436
160439121,22.2791,7.6227,461,54742,0.438266,0.33,1,2199800,2199339,461
160442041,26.3116,18.6491,464,54780,0.421306,0.37,1,2199829,2199365,464
160444961,28.5247,23.6596,467,54818,0.438523,0.33,1,2199859,2199392,467
160520881,19.6724,26.5851,462,55806,0.760069,0.53,2,2200516,2200054,462
160523801,27.0689,19.0341,480,55844,0.802027,0.55,2,2200548,2200068,480
160526721,27.0276,26.8136,475,55882,0.806811,0.57,2,2200575,2200100,475
160529641,25.211,26.3254,473,55920,0.808724,0.57,2,2200599,2200126,473
160532561,17.8844,24.9302,462,55958,0.79749,0.57,2,2200612,2200150,462
160535481,23.9538,17.1721,478,55996,0.816996,0.61,2,2200640,2200162,478
160538401,10.7815,23.0688,453,56034,0.824798,0.61,2,2200642,2200189,453
160541321,21.1126,10.4275,479,56072,0.839919,0.63,2,2200670,2200191,479
160544241,22.845,20.371,476,56110,0.845968,0.63,2,2200694,2200218,476
160547161,25.938,22.5484,480,56147,0.860387,0.63,2,2200722,2200242,480
160550081,11.5752,25.8194,454,56184,0.866155,0.61,2,2200724,2200270,454
160553001,22.6301,29.5277,452,56221,0.892462,0.63,2,2200754,2200302,452
160757401,341.694,342.764,514,27740,0.826,1,2,2202945,2202431,514
160837701,67.1842,46.7198,517,28569,0.760055,0.65,2,2203614,2203097,517
160840621,58.6737,56.4879,507,28643,0.766022,0.65,2,2203667,2203160,507
160843541,51.0695,54.9952,499,28717,0.780409,0.65,2,2203713,2203214,499
160846461,63.6278,49.5981,525,28791,0.786164,0.71,2,2203785,2203260,525
160849381,45.2511,61.2392,489,28865,0.776465,0.67,2,2203818,2203329,489
160852301,36.1004,43.6957,487,28938,0.808586,0.71,2,2203848,2203361,487
160855221,30.0402,36.0783,482,29011,0.833434,0.71,2,2203874,2203392,482
160858141,33.6161,30.0313,492,29084,0.843374,0.71,2,2203910,2203418,492
160861061,72.2464,33.6125,554,29157,0.87135,0.77,2,2204008,2203454,554
160863981,67.8986,70.445,524,29230,0.88254,0.77,2,2204073,2203549,524
160983701,55.5654,52.1202,524,32065,0.892,1,2,2206044,2205520,524
160998301,39.1043,42.9331,513,32394,0.896222,1,2,2206267,2205754,513
161001221,40.8417,38.7732,519,32459,0.856489,1,2,2206309,2205790,519
161012901,56.3175,41.4134,545,32719,0.404438,0.82,1,2206524,2205979,545
161018741,32.8908,43.8261,485,32849,0.40431,0.87,1,2206565,2206080,485
161053781,47.4605,47.9563,439,33613,0.409408,0.35,1,2207062,2206623,439
161056701,37.5842,38.9825,437,33676,0.421763,0.35,1,2207093,2206656,437
161059621,37.2337,37.193,438,33739,0.438705,0.35,1,2207130,2206692,438
161062541,34.6935,35.8772,436,33802,0.445482,0.31,1,2207163,2206727,436
161135541,43.8403,53.7702,488,35332,0.797169,0.61,2,2208203,2207715,488
161138461,38.5361,43.1081,487,35392,0.804868,0.65,2,2208238,2207751,487
161141381,55.6144,37.6432,520,35452,0.819947,0.67,2,2208305,2207785,520
161144301,23.4458,54.6573,456,35512,0.825979,0.67,2,2208307,2207851,456
161147221,33.9783,23.0629,495,35572,0.840392,0.67,2,2208348,2207853,495
161150141,48.9913,33.8252,513,35631,0.870157,0.67,2,2208407,2207894,513
161287381,33.4961,31.3463,512,38319,0.863509,1,2,2210250,2209738,512
161290301,48.1984,34.7385,533,38374,0.879404,1,2,2210308,2209775,533
161299061,34.8127,35.8953,509,38539,0.856682,1,2,2210412,2209903,509
161301981,22.9251,34.7581,490,38594,0.804673,1,2,2210427,2209937,490
161304901,25.97,24.7032,500,38649,0.843869,1,2,2210455,2209955,500
161307821,21.188,27.8813,488,38704,0.871548,0.93,2,2210473,2209985,488
161310741,42.0752,54.3525,472,38759,0.894619,0.97,2,2210529,2210057,472
161313661,38.4301,40.941,476,38813,0.891848,0.95,2,2210565,2210089,476
161316581,33.972,37.3764,472,38867,0.842739,0.87,2,2210596,2210124,472
161319501,51.9888,53.3506,472,38921,0.835096,0.97,2,2210660,2210188,472
161322421,39.3955,41.7402,469,38975,0.832038,0.81,2,2210691,2210222,469
161325341,31.3582,33.4961,467,39029,0.830815,0.89,2,2210717,2210250,467
161328261,45.5433,48.1984,464,39083,0.878326,0.95,2,2210772,2210308,464
161589601,320.36,354.326,458,18980,0.415145,0.53,1,2213926,2213468,458
161595441,118.578,123.052,465,19925,0.0844232,0.01,1,2214085,2213620,465
161598361,105.631,93.0208,489,20031,0.0517693,0.07,1,2214182,2213693,489
161601281,75.2524,94.8083,448,20137,0.0207077,0.07,1,2214237,2213789,448
161604201,69.101,76.9233,448,20242,0.0382831,0.01,1,2214302,2213854,448
161607121,45.6404,54.7693,438,20347,0.0333132,0.03,1,2214332,2213894,438
161612961,77.8625,63.2431,502,20555,0.0593301,0.01,1,2214506,2214004,502
161615881,90.545,73.8972,520,20658,0.023732,0.03,1,2214605,2214085,520
161618801,68.618,87.7589,477,20761,0.00949282,0,1,2214659,2214182,477
161621721,65.8472,68.1036,486,20863,0.0337971,0.05,1,2214723,2214237,486
161624641,46.7389,66.2414,455,20965,0.0315189,0.03,1,2214757,2214302,455
161627561,19.8956,44.4966,427,21066,0.0306075,0.15,1,2214759,2214332,427
161630481,63.1582,74.1986,425,21167,0.090243,0.03,1,2214851,2214426,425
161636321,89.1853,90.4718,424,21367,0.0504389,0,1,2215029,2214605,424
161639241,66.8741,68.5887,422,21466,0.0201756,0.05,1,2215081,2214659,422
161642161,65.7496,65.8355,423,21565,0.0260702,0.03,1,2215146,2214723,423
161645081,47.8999,46.7342,425,21663,0.0524281,0.03,1,2215182,2214757,425
161648001,20.3599,19.8937,425,21761,0.0629712,0.13,1,2215184,2214759,425
161656761,85.831,89.1852,422,22052,0.0810702,0,1,2215451,2215029,422
161659681,65.5324,66.8741,422,22148,0.0324281,0.03,1,2215503,2215081,422
161662601,65.813,65.7496,423,22244,0.0189712,0.07,1,2215569,2215146,423
161665521,48.5252,47.8999,424,22339,0.0255885,0.07,1,2215606,2215182,424
161668441,20.6101,20.3599,424,22434,0.0282354,0.19,1,2215608,2215184,424
161671361,67.044,63.944,429,22529,0.0412942,0.19,1,2215706,2215277,429
161674281,74.8176,25.5776,509,22623,0.0585177,0.17,1,2215786,2215277,509
161677201,81.527,58.231,515,22717,0.0774071,0.03,1,2215872,2215357,515
161680121,63.8108,79.6924,473,22810,0.0309628,0,1,2215924,2215451,473
161683041,65.1243,63.077,487,22903,0.0303851,0.01,1,2215990,2215503,487
161685961,48.2497,64.8308,458,22996,0.0181541,0.03,1,2216027,2215569,458
161688881,20.4999,48.1323,423,23088,0.0132616,0.03,1,2216029,2215606,423
161691801,68.2,20.4529,521,23180,0.0353047,0.05,1,2216129,2215608,521
161694721,75.88,66.9812,504,23271,0.0801219,0.07,1,2216210,2215706,504
161706401,48.0177,65.1227,458,23633,0.0741951,0.01,1,2216448,2215990,458
161709321,20.4071,48.2491,423,23723,0.059678,0.01,1,2216450,2216027,423
161712241,69.3628,20.4996,523,23812,0.0538712,0.05,1,2216552,2216029,523
161715161,78.1451,68.1999,507,23901,0.0875485,0.11,1,2216636,2216129,507
161732681,19.8607,20.4071,424,24428,0.201818,0.05,1,2216874,2216450,424
161735601,69.7443,69.3628,425,24515,0.206727,0.11,1,2216977,2216552,425
161738521,79.4977,78.1451,427,24601,0.232691,0.11,1,2217063,2216636,427
161741441,32.9991,32.4581,427,24687,0.243076,0.15,1,2217065,2216638,427
161744361,66.5996,65.1832,429,24773,0.259231,0.15,1,2217154,2216725,429
161753121,46.9824,46.6517,430,25029,0.408991,0.21,1,2217302,2216872,430
161756041,19.9929,19.8607,430,25114,0.433596,0.21,1,2217304,2216874,430
161808601,83.7674,70.7244,539,26591,0.791482,0.53,2,2218388,2217849,539
161811521,34.7069,83.4898,449,26671,0.814593,0.53,2,2218390,2217941,449
161814441,67.8828,34.5959,537,26750,0.835837,0.55,2,2218480,2217943,537
161817361,57.7531,67.2384,499,26829,0.844335,0.61,2,2218531,2218032,499
161820281,65.7012,55.0953,523,26908,0.871734,0.65,2,2218602,2218079,523
161823201,27.4805,64.0381,455,26987,0.882694,0.69,2,2218604,2218149,455
161942921,64.9554,68.46,491,30034,0.838,1,2,2220737,2220246,491
161951681,65.0931,65.5334,485,30244,0.283312,1,1,2220909,2220424,485
161957521,42.5749,41.8054,484,30384,0.0705299,1,1,2220995,2220511,484
161960441,34.43,35.3221,482,30454,0.034212,1,1,2221024,2220542,482
161963361,35.372,33.9289,485,30523,0.0316848,1,1,2221060,2220575,485
161966281,29.7488,30.9715,482,30592,0.0126739,1,1,2221086,2220604,482
161969201,37.0995,45.3886,469,30661,0.0830696,0.73,1,2221128,2220659,469
161972121,54.4398,64.9554,457,30730,0.0992278,0.63,1,2221194,2220737,457
161986721,39.6467,42.5749,423,31073,0.0906705,0.01,1,2221418,2220995,423
161989641,33.2587,34.43,423,31141,0.0422682,0.03,1,2221447,2221024,423
161992561,34.3035,35.372,422,31209,0.0229073,0,1,2221482,2221060,422
161995481,31.1214,29.7488,425,31277,0.0271629,0,1,2221511,2221086,425
161998401,38.8486,11.8995,469,31345,0.0288652,0.13,1,2221555,2221086,469
162001321,54.5394,29.9598,492,31413,0.0535461,0.11,1,2221620,2221128,492
162004241,37.4158,51.5839,452,31480,0.0274184,0.19,1,2221646,2221194,452
162007161,50.3663,34.4336,488,31547,0.0769674,0.19,1,2221705,2221217,488
162024681,31.1074,34.2988,452,31947,0.0736189,0.03,1,2221934,2221482,452
162027601,39.4429,31.1195,468,32013,0.0474476,0.03,1,2221979,2221511,468
162030521,54.7772,38.8478,489,32079,0.048979,0.07,1,2222044,2221555,489
162039281,60.9857,50.3663,493,32277,0.234735,0.17,1,2222198,2221705,493
162042201,50.7943,58.5465,473,32343,0.255894,0.17,1,2222242,2221769,473
162045121,38.3177,49.8186,459,32408,0.276358,0.17,1,2222272,2221813,459
162048041,29.1271,37.9274,452,32473,0.296543,0.17,1,2222295,2221843,452
162071401,61.4237,60.9857,435,32990,0.402869,0.27,1,2222633,2222198,435
162074321,50.9695,50.7943,435,33054,0.431148,0.29,1,2222677,2222242,435
162077241,38.9878,38.3177,436,33118,0.418459,0.31,1,2222708,2222272,436
162080161,29.9951,29.1271,437,33182,0.413384,0.31,1,2222732,2222295,437
162083081,32.398,32.0508,437,33246,0.447353,0.31,1,2222766,2222329,437
162086001,28.5592,28.4203,437,33310,0.436941,0.33,1,2222792,2222355,437
162144401,30.7858,38.6331,479,34557,0.757474,0.67,2,2223629,2223150,479
162147321,32.7143,29.8532,489,34618,0.76499,0.71,2,2223663,2223174,489
162150241,28.6857,32.9413,480,34679,0.779996,0.67,2,2223689,2223209,480
162153161,40.2743,28.7765,502,34740,0.785998,0.71,2,2223737,2223235,502
162156081,58.7097,40.3106,525,34801,0.788399,0.69,2,2223808,2223283,525
162159001,24.6839,59.3242,455,34862,0.78936,0.69,2,2223810,2223355,455
162161921,27.2736,24.9297,482,34923,0.789744,0.69,2,2223839,2223357,482
162164841,53.5094,26.7719,525,34984,0.801898,0.67,2,2223910,2223385,525
162167761,67.0038,54.5088,528,35044,0.866759,0.73,2,2223986,2223458,528
162307921,43.6003,32.4465,524,37830,0.829717,1,2,2225881,2225357,524
162325441,35.6779,37.2087,506,38165,0.251261,1,1,2226104,2225598,506
162331281,41.1085,50.7134,512,38275,0.0486017,1,1,2226205,2225693,512
162334201,31.4434,35.8854,511,38330,0.0374407,1,1,2226230,2225719,511
162337121,43.1774,31.7541,533,38385,0.0329763,0.89,1,2226281,2225748,533
162340041,29.2709,47.5017,495,38440,0.0191905,0.91,1,2226301,2225806,495
162342961,33.3084,34.0007,506,38495,0.0256762,0.77,1,2226337,2225831,506
162345881,45.1234,43.6003,509,38550,0.0282705,0.55,1,2226390,2225881,509
162348801,33.6493,54.0401,474,38605,0.0533082,0.47,1,2226416,2225942,474
162351721,14.6597,38.416,448,38660,0.0393233,0.41,1,2226418,2225970,448
162354641,23.2639,36.9664,441,38715,0.0457293,0.27,1,2226447,2226006,441
162357561,22.5056,30.9866,436,38770,0.0482917,0.29,1,2226469,2226033,436
162360481,27.6022,32.1946,434,38824,0.0493167,0.21,1,2226500,2226066,434
162363401,31.4409,35.6779,430,38878,0.0497267,0.01,1,2226534,2226104,430
162366321,49.7764,56.2711,422,38932,0.0618907,0.01,1,2226596,2226174,422
162369241,38.5105,41.1085,422,38986,0.0427563,0.03,1,2226627,2226205,422
162372161,30.4042,31.4434,422,39040,0.0951025,0.03,1,2226652,2226230,422
162375081,42.7617,43.1774,422,39094,0.038041,0.01,1,2226703,2226281,422
162378001,30.3047,29.2709,424,39148,0.0692164,0.03,1,2226725,2226301,424
162380921,33.1219,33.3084,423,39202,0.0456866,0.03,1,2226760,2226337,423
162383841,45.6487,45.1234,424,39256,0.0482746,0.07,1,2226814,2226390,424
162386761,32.6595,33.6493,422,39310,0.0493098,0.03,1,2226838,2226416,422
162389681,14.2638,14.6597,422,39364,0.0497239,0.05,1,2226840,2226418,422
162392601,24.3055,23.2639,424,39418,0.0978896,0.05,1,2226871,2226447,424
162398441,29.6889,27.6022,426,39526,0.0720623,0.05,1,2226926,2226500,426
162401361,31.0756,31.4409,424,39579,0.0828249,0.07,1,2226958,2226534,424
162404281,48.4302,49.7764,422,39632,0.05113,0.03,1,2227018,2226596,422
162407201,37.9721,38.5105,422,39685,0.026452,0.13,1,2227049,2226627,422
162410121,30.1888,30.4042,422,39738,0.0525808,0,1,2227074,2226652,422
162413041,42.6755,42.7617,422,39791,0.0210323,0.09,1,2227125,2226703,422
162415961,30.2702,30.3047,422,39844,0.0144129,0.03,1,2227147,2226725,422
162418881,33.1081,33.1219,422,39897,0.0117652,0.05,1,2227182,2226760,422
162421801,45.6432,45.6487,422,39950,0.0467061,0.05,1,2227236,2226814,422
162424721,32.6573,32.6595,422,40003,0.0726824,0.05,1,2227260,2226838,422
162427641,14.2629,14.2638,422,40056,0.059073,0.13,1,2227262,2226840,422
162430561,26.7052,24.3055,426,40109,0.0656292,0.13,1,2227297,2226871,426
162433481,21.4821,9.72221,444,40162,0.0442517,0.11,1,2227315,2226871,444
162436401,28.9928,15.8889,458,40215,0.0477007,0.05,1,2227349,2226891,458
162439321,31.3971,27.3556,456,40268,0.0850803,0.09,1,2227382,2226926,456
162442241,46.7589,30.1422,481,40320,0.0880321,0.03,1,2227439,2226958,481
162445161,37.3035,48.0569,452,40372,0.0772128,0.01,1,2227470,2227018,452
162448081,30.5214,37.8228,447,40424,0.0488851,0.07,1,2227496,2227049,447
162451001,42.2086,30.1291,472,40476,0.0255541,0,1,2227546,2227074,472
162453921,30.0834,42.6516,443,40528,0.0282216,0.01,1,2227568,2227125,443
162456841,33.0334,30.2607,456,40580,0.0292886,0.01,1,2227603,2227147,456
162459761,46.2133,33.1043,476,40632,0.0537155,0.07,1,2227658,2227182,476
162462681,33.4853,45.6417,447,40684,0.0514862,0.09,1,2227683,2227236,447
162465601,14.5941,32.6567,425,40736,0.0505945,0.05,1,2227685,2227260,425
162468521,26.2377,14.2627,457,40788,0.0502378,0.07,1,2227719,2227262,457
162471441,21.2951,26.7051,440,40840,0.0500951,0.03,1,2227737,2227297,440
162474361,29.518,21.482,457,40892,0.062038,0.05,1,2227772,2227315,457
162477281,32.2072,28.9928,457,40944,0.0788152,0.11,1,2227806,2227349,457
162491881,30.9058,42.2086,445,41200,0.0966439,0.03,1,2227991,2227546,445
162494801,32.1623,30.0834,456,41251,0.0806575,0.03,1,2228024,2227568,456
162497721,47.6649,33.0334,479,41302,0.050263,0.07,1,2228082,2227603,479
162500641,33.466,46.2133,448,41353,0.0501052,0.05,1,2228106,2227658,448
162503561,14.5864,33.4853,425,41404,0.0500421,0.05,1,2228108,2227683,425
162506481,26.2346,14.5941,457,41455,0.0500168,0.05,1,2228142,2227685,457
162509401,21.2938,26.2377,441,41506,0.0620067,0.05,1,2228160,2227719,441
162512321,9.71753,21.2951,425,41557,0.0668027,0.07,1,2228162,2227737,425
162515241,24.887,29.518,425,41608,0.0807211,0.09,1,2228197,2227772,425
162518161,30.9548,32.2072,426,41659,0.0862884,0.13,1,2228232,2227806,426
162561961,49.6927,49.5819,426,42412,0.235622,0.15,1,2228720,2228294,426
162564881,37.2771,36.6328,427,42462,0.280249,0.13,1,2228749,2228322,427
162605761,39.1263,47.2371,464,43152,0.423756,0.31,1,2229184,2228720,464
162608681,31.2505,36.2948,461,43201,0.439502,0.33,1,2229210,2228749,461
162667081,14.9585,33.4362,449,44168,0.770779,0.53,2,2229844,2229395,449
162670001,27.5834,14.5745,483,44216,0.782312,0.53,2,2229880,2229397,483
162672921,21.8334,27.4298,465,44264,0.786925,0.53,2,2229898,2229433,465
162675841,9.93334,21.7719,449,44312,0.78877,0.53,2,2229900,2229451,449
162678761,27.3733,9.90877,486,44360,0.789508,0.55,2,2229939,2229453,486
162681681,33.7493,26.7635,486,44408,0.789803,0.57,2,2229977,2229491,486
162684601,53.6997,32.9054,516,44456,0.777921,0.61,2,2230044,2229528,516
162687521,22.6799,52.1622,453,44503,0.773169,0.61,2,2230046,2229593,453
162690441,28.872,41.2649,452,44550,0.795267,0.61,2,2230079,2229627,452
162693361,28.3488,32.1059,454,44597,0.840107,0.69,2,2230107,2229653,454
162696281,40.7395,41.0424,456,44644,0.834043,0.69,2,2230156,2229700,456
162699201,30.6958,30.817,456,44691,0.867617,0.69,2,2230180,2229724,456
162702121,32.6783,32.7268,456,44738,0.869047,0.71,2,2230214,2229758,456
162705041,49.6713,48.4907,458,44785,0.881619,0.77,2,2230275,2229817,458
162707961,36.6685,34.3963,461,44832,0.898647,0.79,2,2230303,2229842,461
162719641,9.99151,9.93334,461,45020,0.894829,0.79,2,2230361,2229900,461
162905061,325.725,363.299,480,21900,0.75398,1,2,2232411,2231931,480
162913821,106.91,81.3071,540,22189,0.440175,1,1,2232649,2232109,540
162916741,81.7642,99.7229,493,22285,0.41007,0.79,1,2232714,2232221,493
162919661,63.9057,75.2891,486,22380,0.410028,0.63,1,2232766,2232280,486
162922581,57.3623,74.5157,465,22475,0.422011,0.65,1,2232819,2232354,465
162925501,37.9449,40.0063,473,22569,0.438804,0.59,1,2232844,2232371,473
162928421,60.778,40.0025,509,22663,0.433522,0.57,1,2232920,2232411,509
162931341,62.1112,54.401,508,22757,0.443409,0.43,1,2232983,2232475,508
162969301,60.9511,37.0461,527,23940,0.782315,0.59,2,2233812,2233285,527
162972221,25.5805,61.0185,452,24029,0.798926,0.61,2,2233814,2233362,452
162975141,48.6322,62.8074,452,24117,0.81757,0.65,2,2233878,2233426,452
162978061,87.8529,92.323,454,24205,0.849028,0.69,2,2233992,2233538,454
162980981,76.5411,76.5292,457,24293,0.885611,0.71,2,2234061,2233604,457
163089021,62.0675,57.058,502,27336,0.871312,1,2,2236186,2235684,502
163091941,47.627,41.4232,509,27413,0.810525,1,2,2236224,2235715,509
163112381,42.7281,45.6688,469,27949,0.795417,0.79,2,2236582,2236113,469
163115301,57.8912,62.0675,464,28025,0.852167,0.77,2,2236650,2236186,464
163118221,44.1565,47.627,461,28101,0.898867,0.69,2,2236685,2236224,461
163255461,56.4616,29.2562,560,31446,0.88001,1,2,2239036,2238476,560
163267141,42.5478,58.1954,506,31714,0.239728,1,1,2239209,2238703,506
163275901,35.2671,43.6365,502,31914,0.0544626,0.91,1,2239341,2238839,502
163278821,49.5068,35.4546,531,31980,0.063785,0.98,1,2239400,2238869,531
163281741,40.2027,54.3818,498,32046,0.031514,1,1,2239434,2238936,498
163284661,52.0811,42.1527,524,32112,0.0306056,0.81,1,2239494,2238970,524
163287581,37.6324,56.4611,486,32178,0.0542422,0.65,1,2239522,2239036,486
163290501,31.253,44.1844,477,32244,0.0516969,0.49,1,2239549,2239072,477
163293421,46.7012,38.6738,499,32310,0.0626788,0.23,1,2239606,2239107,499
163299261,55.7122,42.5478,496,32440,0.0472286,0.07,1,2239705,2239209,496
163302181,41.4849,61.4191,454,32505,0.0608914,0.11,1,2239737,2239283,454
163305101,31.594,40.1676,453,32570,0.0543566,0.01,1,2239762,2239309,453
163308021,48.0376,35.2671,480,32635,0.0397426,0.07,1,2239821,2239341,480
163310941,39.615,49.5068,455,32700,0.0578971,0.01,1,2239855,2239400,455
163313861,53.046,40.2027,483,32765,0.0771588,0.03,1,2239917,2239434,483
163316781,22.4184,52.0811,425,32830,0.0608635,0.07,1,2239919,2239494,425
163319701,25.7674,37.6324,425,32894,0.0783454,0.05,1,2239947,2239522,425
163322621,25.3069,31.253,423,32958,0.0733382,0.07,1,2239972,2239549,423
163325541,47.3228,46.7012,428,33022,0.0833353,0.13,1,2240034,2239606,428
163328461,36.3291,37.2805,426,33086,0.0993341,0.01,1,2240063,2239637,426
163334301,42.1727,41.4849,425,33214,0.0986935,0.05,1,2240162,2239737,425
163337221,30.0691,31.594,422,33278,0.0814774,0.03,1,2240184,2239762,422
163340141,50.4276,48.0376,427,33342,0.050591,0.07,1,2240248,2239821,427
163343061,41.171,39.615,428,33405,0.0742364,0.09,1,2240283,2239855,428
163357661,48.4773,47.3228,426,33720,0.202485,0.11,1,2240460,2240034,426
163363501,55.1564,52.9316,430,33846,0.215998,0.07,1,2240557,2240127,430
163366421,40.0625,42.1727,425,33908,0.224399,0.07,1,2240587,2240162,425
163369341,29.225,30.0691,425,33970,0.23976,0.03,1,2240609,2240184,425
163378101,52.9424,51.2684,428,34156,0.0991046,0.17,1,2240769,2240341,428
163386861,24.7003,20.2732,452,34342,0.0944227,0.17,1,2240823,2240371,452
163421901,51.8575,24.7002,495,35073,0.228158,0.13,1,2241318,2240823,495
163424821,38.743,50.0801,458,35133,0.253263,0.13,1,2241348,2240890,458
163427741,56.8972,38.632,496,35193,0.275305,0.15,1,2241417,2240921,496
163430661,41.9589,56.2528,460,35253,0.296122,0.21,1,2241449,2240989,460
163448181,26.7973,22.0228,458,35612,0.403946,0.19,1,2241654,2241196,458
163451101,25.7189,25.6091,455,35671,0.443579,0.21,1,2241679,2241224,455
163489061,12.1991,11.4876,445,36433,0.753781,0.55,2,2242126,2241681,445
163491981,50.4796,47.195,450,36491,0.751512,0.63,2,2242202,2241752,450
163494901,39.3919,37.478,451,36549,0.774605,0.57,2,2242234,2241783,451
163497821,57.7567,57.5912,450,36607,0.807842,0.57,2,2242304,2241854,450
163500741,42.3027,42.2365,450,36665,0.821137,0.57,2,2242336,2241886,450
163503661,30.7211,30.0946,451,36723,0.850455,0.65,2,2242359,2241908,451
163506581,47.0884,45.0378,454,36781,0.886182,0.65,2,2242417,2241963,454
163524101,13.0542,12.1991,460,37123,0.889128,0.75,2,2242586,2242126,460
163527021,50.2217,50.4796,459,37180,0.877651,0.75,2,2242661,2242202,459
163529941,40.4887,20.1919,493,37237,0.861061,0.79,2,2242695,2242202,493
163684701,28.4227,18.568,510,40133,0.86127,1,2,2244696,2244186,510
163687621,34.1691,32.6272,506,40186,0.830508,1,2,2244734,2244228,506
163705141,30.2882,34.3571,506,40499,0.428238,1,1,2244969,2244463,506
163708061,29.5153,33.5428,502,40551,0.417295,1,1,2244998,2244496,502
163728501,47.991,34.1691,515,40915,0.40776,0.67,1,2245249,2244734,515
163731421,39.5964,53.2676,483,40967,0.409104,0.65,1,2245283,2244800,483
163734341,40.4386,40.507,492,41019,0.433642,0.49,1,2245324,2244832,492
163789821,36.786,36.872,444,41985,0.756698,0.47,2,2245924,2245480,444
163792741,32.7144,32.1488,445,42035,0.788679,0.45,2,2245954,2245509,445
163795661,32.8858,31.4595,447,42085,0.789472,0.53,2,2245987,2245540,447
163798581,33.5543,32.3838,448,42135,0.789789,0.53,2,2246021,2245573,448
163801501,25.4217,24.9535,448,42185,0.765915,0.55,2,2246041,2245593,448
163804421,31.1687,30.3814,449,42235,0.792366,0.55,2,2246076,2245627,449
163807341,13.6675,13.3526,449,42285,0.802946,0.69,2,2246078,2245629,449
163810261,44.467,41.341,454,42335,0.843179,0.69,2,2246143,2245689,454
163813181,42.9868,39.9364,457,42385,0.847271,0.73,2,2246185,2245728,457
163816101,41.1947,40.5746,456,42435,0.884909,0.71,2,2246225,2245769,456
163819021,35.0779,34.8298,456,42485,0.899963,0.69,2,2246256,2245800,456
164014661,35.5434,33.8208,494,45691,0.816189,1,2,2248458,2247964,494
164017581,33.4174,32.7283,494,45737,0.764476,1,2,2248490,2247996,494
164035101,31.6387,21.9046,519,46013,0.446361,1,1,2248692,2248173,519
164038021,31.8555,20.7618,531,46059,0.412545,1,1,2248724,2248193,531
164064301,30.6243,33.4166,486,46471,0.41269,0.67,1,2248976,2248490,486
164067221,41.0497,31.9666,503,46516,0.423076,0.61,1,2249024,2248521,503
164070141,34.4199,43.3867,482,46561,0.42723,0.51,1,2249054,2248572,482
164073061,26.368,38.3547,468,46606,0.440892,0.51,1,2249075,2248607,468
164075981,22.5472,32.7419,459,46651,0.446357,0.43,1,2249095,2248636,459
164128541,24.5932,31.0875,449,47459,0.758036,0.51,2,2249612,2249163,449
164131461,19.4373,22.035,449,47503,0.765214,0.53,2,2249628,2249179,449
164134381,25.1749,26.814,448,47547,0.804086,0.51,2,2249657,2249209,448
164137301,24.47,25.7256,447,47591,0.795634,0.51,2,2249681,2249234,447
164140221,25.388,25.8902,447,47635,0.828254,0.51,2,2249707,2249260,447
164143141,24.5552,24.7561,447,47679,0.829302,0.49,2,2249731,2249284,447
164146061,34.4221,33.3024,449,47723,0.865721,0.57,2,2249772,2249323,449
164148981,34.7688,33.721,450,47767,0.868288,0.57,2,2249807,2249357,450
164151901,30.7075,30.2884,450,47811,0.881315,0.53,2,2249835,2249385,450
164154821,31.483,31.3154,450,47855,0.898526,0.59,2,2249867,2249417,450
164379661,339.977,341.118,507,23360,0.79,1,2,2252142,2251635,507
164391341,81.4426,80.9582,514,23721,0.41608,1,1,2252444,2251930,514
164394261,64.377,79.7833,488,23810,0.424432,0.85,1,2252497,2252009,488
164400101,39.4603,58.9653,471,23988,0.443509,0.73,1,2252572,2252101,471
164403021,31.3841,42.1861,466,24076,0.447404,0.49,1,2252598,2252132,466
164440981,61.7461,60.1428,452,25196,0.750749,0.63,2,2253392,2252940,452
164443901,51.0985,51.0571,451,25280,0.7623,0.61,2,2253436,2252985,451
164446821,39.0394,39.0229,451,25364,0.77892,0.63,2,2253467,2253016,451
164449741,31.2158,31.2091,451,25448,0.797568,0.63,2,2253493,2253042,451
164452661,41.2863,12.4837,499,25531,0.829027,0.69,2,2253541,2253042,499
164572381,41.4672,46.3705,512,28735,0.86056,1,2,2255841,2255329,512
164575301,44.1869,44.9482,514,28809,0.782224,1,2,2255887,2255373,514
164584061,47.564,72.0207,511,29028,0.295102,1,1,2256056,2255545,511
164586981,46.0256,55.2083,512,29101,0.208041,1,1,2256101,2255589,512
164592821,58.1241,63.6733,525,29247,0.0752865,0.96,1,2256230,2255705,525
164595741,47.2496,59.6693,508,29319,0.0361146,0.86,1,2256270,2255762,508
164598661,39.8999,49.6677,500,29391,0.0324458,0.83,1,2256305,2255805,500
164601581,37.5599,41.4671,500,29463,0.0189783,0.73,1,2256341,2255841,500
164604501,36.024,44.1868,489,29535,0.0375913,0.59,1,2256376,2255887,489
164607421,64.2096,42.2747,531,29607,0.0570365,0.31,1,2256459,2255928,531
164610341,41.2838,76.9099,457,29678,0.0888146,0.19,1,2256485,2256028,457
164616181,59.8854,46.0256,495,29820,0.0874103,0.05,1,2256596,2256101,495
164619101,25.1542,62.8102,423,29891,0.0769641,0.05,1,2256598,2256175,423
164622021,43.6617,58.1241,424,29962,0.0727857,0.01,1,2256654,2256230,424
164624941,40.8647,47.2496,423,30033,0.0471143,0.03,1,2256693,2256270,423
164627861,37.3459,39.8999,423,30103,0.0728457,0.01,1,2256728,2256305,423
164630781,35.9383,37.5599,422,30173,0.0951383,0.05,1,2256763,2256341,422
164633701,36.5753,36.024,424,30243,0.0800553,0.07,1,2256800,2256376,424
164636621,66.2301,64.2096,427,30313,0.0620221,0.11,1,2256886,2256459,427
164639541,40.8921,41.2838,425,30383,0.0668088,0.13,1,2256910,2256485,425
164645381,58.1427,59.8854,424,30522,0.0958894,0.07,1,2257020,2256596,424
164648301,24.4571,25.1542,424,30591,0.0923558,0.07,1,2257022,2256598,424
164662901,36.6124,36.5753,425,30936,0.217397,0.05,1,2257225,2256800,425
164665821,66.2449,66.2301,425,31004,0.236959,0.07,1,2257311,2256886,425
164668741,40.898,40.8921,425,31072,0.244784,0.13,1,2257335,2256910,425
164671661,40.9592,40.3568,426,31140,0.211913,0.09,1,2257376,2256950,426
164674581,58.3837,58.1427,426,31208,0.210765,0.09,1,2257446,2257020,426
164677501,24.5535,24.4571,426,31276,0.210306,0.09,1,2257448,2257022,426
164680421,44.6214,9.78284,484,31344,0.270122,0.17,1,2257506,2257022,484
164683341,37.6486,38.1131,460,31412,0.282049,0.15,1,2257539,2257079,460
164700861,40.4558,40.8739,471,31814,0.405144,0.19,1,2257806,2257335,471
164703781,59.3823,40.9496,502,31881,0.408058,0.21,1,2257878,2257376,502
164706701,24.9529,58.3798,434,31947,0.409223,0.21,1,2257880,2257446,434
164709621,47.1812,24.5519,494,32013,0.421689,0.31,1,2257942,2257448,494
164712541,38.6725,44.6208,469,32079,0.438676,0.29,1,2257975,2257506,469
164762181,40.6126,40.7925,448,33182,0.779461,0.55,2,2258695,2258247,448
164765101,59.445,58.917,449,33246,0.785785,0.55,2,2258767,2258318,449
164768021,24.978,24.7668,449,33310,0.812314,0.61,2,2258769,2258320,449
164770941,49.5912,48.9067,450,33373,0.834926,0.59,2,2258835,2258385,450
164773861,42.0365,40.5627,452,33436,0.84397,0.61,2,2258872,2258420,452
164776781,18.0146,17.4251,452,33499,0.871588,0.61,2,2258874,2258422,452
164779701,34.2058,34.57,451,33562,0.870635,0.67,2,2258919,2258468,451
164782621,36.4823,35.428,453,33625,0.870254,0.65,2,2258957,2258504,453
164785541,38.5929,37.5712,454,33688,0.858102,0.75,2,2258997,2258543,454
164949061,28.5091,32.5805,505,37039,0.872797,1,2,2261356,2260851,505
164951981,16.2036,30.4322,484,37096,0.877119,1,2,2261364,2260880,484
164954901,28.6815,30.7729,490,37153,0.860848,1,2,2261401,2260911,490
164975341,33.7344,35.998,512,37550,0.224947,1,1,2261729,2261217,512
164987021,13.886,28.5071,477,37774,0.0967186,0.88,1,2261833,2261356,477
164998701,40.2051,39.749,493,37998,0.227836,0.49,1,2262009,2261516,493
165001621,47.882,43.4996,500,38054,0.229134,0.45,1,2262062,2261562,500
165004541,39.5528,51.5998,477,38110,0.217654,0.33,1,2262096,2261619,477
165007461,38.6211,42.8399,478,38165,0.273062,0.25,1,2262134,2261656,478
165010381,28.6485,45.336,453,38220,0.271225,0.17,1,2262156,2261703,453
165013301,40.2594,33.7344,475,38275,0.29449,0.15,1,2262204,2261729,475
165016221,34.1038,41.0938,459,38330,0.291796,0.15,1,2262234,2261775,459
165019141,25.6415,35.0375,448,38385,0.290718,0.07,1,2262254,2261806,448
165022061,13.8566,27.215,432,38440,0.290287,0.09,1,2262260,2261828,432
165024981,23.5426,13.886,457,38495,0.290115,0.15,1,2262290,2261833,457
165045421,40.764,38.6211,437,38878,0.419407,0.27,1,2262571,2262134,437
165048341,28.3056,28.6485,435,38932,0.425763,0.31,1,2262591,2262156,435
165100901,23.886,23.5775,449,39897,0.771168,0.61,2,2263175,2262726,449
165103821,62.9544,61.631,451,39950,0.806467,0.59,2,2263264,2262813,451
165106741,35.9818,35.4524,451,40003,0.820587,0.63,2,2263282,2262831,451
165109661,15.5927,15.381,451,40056,0.826235,0.59,2,2263284,2262833,451
165112581,33.8371,34.9524,449,40109,0.828494,0.59,2,2263330,2262881,449
165115501,47.7348,13.981,506,40162,0.829398,0.63,2,2263387,2262881,506
165118421,40.6939,37.9924,488,40215,0.841759,0.67,2,2263423,2262935,488
165121341,43.8776,34.997,501,40268,0.846704,0.69,2,2263469,2262968,501
165124261,29.551,41.5988,475,40320,0.860681,0.69,2,2263489,2263014,475
165127181,42.4204,28.6395,506,40372,0.866273,0.71,2,2263540,2263034,506
165130101,36.7682,41.4558,489,40424,0.856509,0.71,2,2263573,2263084,489
165133021,29.1073,36.3823,480,40476,0.852604,0.75,2,2263597,2263117,480
165135941,15.8429,27.7529,465,40528,0.875041,0.75,2,2263604,2263139,465
165138861,24.9372,14.7012,490,40580,0.848017,0.79,2,2263635,2263145,490
165141781,63.3749,23.8805,549,40632,0.861207,0.83,2,2263724,2263175,549
165144701,36.1499,62.9522,478,40684,0.866483,0.83,2,2263742,2263264,478
165147621,15.66,35.9809,462,40736,0.868593,0.83,2,2263744,2263282,462
165150541,33.864,15.5923,506,40788,0.881437,0.83,2,2263790,2263284,506
165308221,40.9053,36.7149,543,43495,0.884406,1,2,2265712,2265169,543
165311141,32.5621,36.2859,534,43544,0.875763,1,2,2265739,2265205,534
165314061,29.2248,34.9144,527,43592,0.848305,1,2,2265766,2265239,527
165316981,35.6899,37.9658,527,43640,0.825322,1,2,2265806,2265279,527
165319901,32.876,35.5863,524,43688,0.792129,1,2,2265837,2265313,524
165322821,25.7504,34.0345,512,43736,0.814852,1,2,2265858,2265346,512
165325741,24.7002,31.0138,507,43784,0.823941,1,2,2265882,2265375,507
165328661,32.6801,28.0055,519,43832,0.791576,1,2,2265920,2265401,519
165331581,31.072,34.0022,511,43880,0.754631,1,2,2265950,2265439,511
165334501,25.6288,31.0009,504,43928,0.775852,1,2,2265972,2265468,504
165407501,22.614,23.3596,449,45114,0.784055,0.57,2,2266767,2266318,449
165410421,22.2456,21.9438,450,45161,0.799622,0.61,2,2266789,2266339,450
165413341,10.0982,9.97753,450,45208,0.781849,0.57,2,2266791,2266341,450
165416261,25.6393,26.791,448,45255,0.81074,0.55,2,2266827,2266379,448
165419181,29.4557,30.5164,447,45302,0.846296,0.53,2,2266859,2266412,447
165422101,23.7823,24.8066,446,45349,0.860518,0.53,2,2266879,2266433,446
165425021,26.3129,25.5226,448,45396,0.866207,0.57,2,2266907,2266459,448
165427941,30.9252,30.6091,448,45442,0.892483,0.67,2,2266941,2266493,448
165725781,52.6891,48.1518,502,24554,0.88168,1,2,2271178,2270676,502
165728701,40.8756,37.8607,504,24640,0.802672,1,2,2271211,2270707,504
165731621,39.1503,38.5443,503,24726,0.771069,1,2,2271249,2270746,503
165734541,57.6601,66.4177,488,24812,0.782428,1,2,2271319,2270831,488
165737461,87.264,90.1671,489,24897,0.762971,1,2,2271426,2270937,489
165743301,53.6822,59.3067,472,25067,0.771275,0.91,2,2271518,2271046,472
165746221,76.6729,83.7227,464,25152,0.79451,0.85,2,2271610,2271146,464
165749141,48.6692,52.6891,462,25236,0.779804,0.75,2,2271640,2271178,462
165752061,36.8677,40.8756,458,25320,0.809922,0.75,2,2271669,2271211,458
165754981,37.5471,39.1503,458,25404,0.809969,0.79,2,2271707,2271249,458
165757901,57.6188,57.6601,459,25487,0.857987,0.79,2,2271778,2271319,459
165760821,86.0475,23.064,564,25570,0.889195,0.75,2,2271883,2271319,564
165860101,88.6479,93.3713,485,28251,0.77608,1,2,2273793,2273308,485
165956461,57.5065,57.1568,452,30627,0.754774,0.61,2,2275317,2274865,452
165959381,45.2026,44.4627,453,30696,0.78791,0.67,2,2275354,2274901,453
165962301,42.081,41.7851,453,30765,0.801164,0.69,2,2275394,2274941,453
165965221,36.6324,35.914,454,30834,0.830466,0.67,2,2275427,2274973,454
165968141,47.053,45.5656,456,30903,0.878186,0.67,2,2275481,2275025,456
165971061,83.0212,83.0262,455,30971,0.897274,0.67,2,2275588,2275133,455
166114141,38.3303,38.0383,492,34156,0.881496,1,2,2277775,2277283,492
166117061,33.9321,32.0153,495,34218,0.850598,1,2,2277806,2277311,495
166119981,29.7729,12.8061,522,34280,0.886239,1,2,2277833,2277311,522
166122901,33.5091,31.5225,514,34342,0.876496,1,2,2277869,2277355,514
166125821,72.2037,34.209,576,34404,0.836598,0.92,2,2277967,2277391,576
166128741,46.2815,71.8836,508,34465,0.868639,1,2,2277996,2277488,508
166131661,43.1126,52.1534,510,34526,0.857456,1,2,2278037,2277527,510
166134581,37.645,43.0614,507,34587,0.828982,0.89,2,2278071,2277564,507
166137501,36.058,38.8245,506,34648,0.829593,0.96,2,2278106,2277600,506
166140421,52.2232,37.1298,533,34709,0.793837,0.95,2,2278169,2277636,533
166143341,46.6893,52.0519,514,34770,0.767535,0.89,2,2278212,2277698,514
166146261,36.0757,47.8208,498,34831,0.781014,0.86,2,2278241,2277743,498
166149181,33.0303,38.3283,497,34892,0.786406,0.83,2,2278272,2277775,497
166152101,30.0121,33.9313,494,34953,0.788562,0.91,2,2278300,2277806,494
166155021,33.6048,29.7725,503,35013,0.789425,0.87,2,2278336,2277833,503
166157941,68.6419,33.509,559,35073,0.78977,0.81,2,2278428,2277869,559
166160861,45.4568,72.2036,491,35133,0.765908,0.89,2,2278458,2277967,491
166163781,42.1827,46.2814,502,35193,0.792363,0.85,2,2278498,2277996,502
166166701,37.2731,43.1126,495,35253,0.814945,0.81,2,2278532,2278037,495
166169621,35.3092,37.645,495,35313,0.823978,0.83,2,2278566,2278071,495
166172541,51.3237,36.058,522,35373,0.827591,0.77,2,2278628,2278106,522
166175461,45.7295,52.2232,501,35433,0.853037,0.75,2,2278670,2278169,501
166178381,36.8918,46.6893,489,35493,0.887215,0.79,2,2278701,2278212,489
166333141,44.6515,35.7087,526,38520,0.824223,1,2,2280789,2280263,526
166347741,20.4387,29.6495,490,38795,0.24676,1,1,2280936,2280446,490
166353581,48.8702,53.5839,478,38903,0.0418816,1,1,2281042,2280564,478
166356501,46.5481,43.0336,487,38957,0.0827526,1,1,2281087,2280600,487
166359421,37.2192,40.0134,480,39011,0.0331011,0.88,1,2281118,2280638,480
166362341,26.8877,32.8054,472,39065,0.0312404,0.98,1,2281138,2280666,472
166365261,29.3551,32.3221,471,39119,0.0424962,0.87,1,2281169,2280698,471
166368181,33.942,38.1289,466,39173,0.0469985,0.77,1,2281206,2280740,466
166371101,36.9768,44.6515,456,39227,0.0187994,0.55,1,2281245,2280789,456
166374021,34.5907,44.2606,445,39281,0.0855198,0.43,1,2281278,2280833,445
166376941,31.8363,38.1042,441,39335,0.0882079,0.31,1,2281308,2280867,441
166379861,26.5345,33.2417,434,39389,0.0892832,0.29,1,2281331,2280897,434
166391541,46.9993,48.8702,422,39603,0.0469256,0.11,1,2281464,2281042,422
166394461,46.9997,46.5481,424,39656,0.0367703,0,1,2281511,2281087,424
166397381,36.7999,37.2192,423,39709,0.0147081,0.03,1,2281541,2281118,423
166400301,26.72,26.8877,423,39762,0.0358832,0.05,1,2281561,2281138,423
166403221,28.688,29.3551,422,39815,0.0443533,0.05,1,2281591,2281169,422
166406141,34.8752,33.942,424,39868,0.0237413,0,1,2281630,2281206,424
166409061,36.1501,36.9768,422,39921,0.00949653,0.13,1,2281667,2281245,422
166411981,35.46,34.5907,424,39974,0.0457986,0.09,1,2281702,2281278,424
166429501,45.6429,32.4793,477,40291,0.0448429,0,1,2281885,2281408,477
166432421,47.6572,46.5917,470,40343,0.0239372,0.03,1,2281934,2281464,470
166435341,35.8629,46.8367,451,40395,0.0155749,0,1,2281962,2281511,451
166438261,26.3451,36.7347,441,40447,0.0242299,0.05,1,2281982,2281541,441
166441181,28.5381,26.6939,451,40499,0.039692,0.05,1,2282012,2281561,451
166444101,34.8152,28.6775,460,40551,0.0458768,0.01,1,2282051,2281591,460
166447021,36.1261,34.871,458,40603,0.0363507,0,1,2282088,2281630,458
166449941,37.8504,36.1484,460,40655,0.0445403,0.07,1,2282127,2281667,460
166452861,35.5402,35.4594,459,40707,0.0838161,0.19,1,2282161,2281702,459
166455781,28.0161,32.7837,451,40759,0.0875264,0.15,1,2282184,2281733,451
166476221,26.0474,35.8629,442,41121,0.0656189,0.03,1,2282404,2281962,442
166479141,29.619,26.3451,454,41172,0.0322475,0.05,1,2282436,2281982,454
166482061,34.6476,28.5381,462,41223,0.042899,0.05,1,2282474,2282012,462
166484981,34.859,34.8152,458,41274,0.0591596,0.03,1,2282509,2282051,458
166487901,40.3436,36.1261,465,41325,0.0416638,0.05,1,2282553,2282088,465
166490821,36.5374,37.8504,460,41376,0.0586655,0.11,1,2282587,2282127,460
166493741,28.415,35.5402,449,41427,0.0774662,0.09,1,2282610,2282161,449
166496661,22.766,28.0161,445,41478,0.0969865,0.11,1,2282629,2282184,445
166499581,16.9064,22.0064,440,41529,0.0687946,0.13,1,2282642,2282202,440
166502501,7.96256,16.0026,430,41580,0.0575178,0.19,1,2282644,2282214,430
166525861,34.2758,34.859,423,41985,0.220277,0.03,1,2282932,2282509,423
166528781,41.3103,40.3436,425,42035,0.202111,0.07,1,2282978,2282553,425
166531701,37.5241,36.5374,426,42085,0.230844,0.09,1,2283013,2282587,426
166534621,28.8096,28.415,426,42135,0.230338,0.11,1,2283036,2282610,426
166537541,22.3239,22.766,425,42185,0.230135,0.05,1,2283054,2282629,425
166540461,17.3295,16.9064,426,42235,0.230054,0.05,1,2283068,2282642,426
166543381,8.13182,7.96256,426,42285,0.230022,0.15,1,2283070,2282644,426
166546301,30.8527,28.985,429,42335,0.206009,0.15,1,2283116,2282687,429
166549221,41.1411,40.394,429,42385,0.232403,0.17,1,2283164,2282735,429
166563821,34.6741,34.6895,429,42635,0.415151,0.25,1,2283327,2282898,429
166566741,36.0696,34.2758,432,42684,0.41206,0.19,1,2283364,2282932,432
166569661,42.0279,41.3103,432,42733,0.410824,0.25,1,2283410,2282978,432
166584261,8.17756,8.13182,433,42978,0.402559,0.19,1,2283503,2283070,433
166587181,29.671,30.8527,431,43027,0.419024,0.19,1,2283547,2283116,431
166590101,42.4684,12.3411,482,43076,0.413609,0.25,1,2283598,2283116,482
166593021,48.7874,33.7364,487,43125,0.423444,0.37,1,2283651,2283164,487
166595941,32.7149,43.4946,459,43174,0.427378,0.37,1,2283673,2283214,459
166654341,37.9662,41.1696,485,44141,0.758683,0.59,2,2284334,2283849,485
166657261,30.1865,36.8678,476,44189,0.777473,0.61,2,2284359,2283883,476
166660181,22.8746,29.1471,470,44237,0.784989,0.65,2,2284377,2283907,470
166663101,17.5498,23.0589,465,44285,0.787996,0.61,2,2284391,2283926,465
166666021,8.21993,17.6235,453,44333,0.789198,0.61,2,2284393,2283940,453
166668941,31.488,8.24942,498,44381,0.801679,0.65,2,2284440,2283942,498
166671861,44.9952,30.2998,507,44429,0.806672,0.67,2,2284494,2283987,507
166674781,19.1981,43.3199,457,44476,0.808669,0.71,2,2284496,2284039,457
166677701,40.0792,49.728,457,44523,0.809467,0.71,2,2284550,2284093,457
166680621,31.0317,34.2912,458,44570,0.821787,0.73,2,2284575,2284117,458
166683541,25.6127,26.9165,458,44617,0.838715,0.73,2,2284597,2284139,458
166686461,31.8451,32.3666,458,44664,0.857486,0.73,2,2284633,2284175,458
166689381,36.138,36.3466,458,44711,0.876994,0.73,2,2284672,2284214,458
166692301,39.0552,38.5387,459,44758,0.896798,0.75,2,2284713,2284254,459
166695221,42.6221,42.4155,459,44805,0.892719,0.77,2,2284758,2284299,459
166946341,331.222,349.47,486,21900,0.445335,0.74,1,2287456,2286970,486
166949261,176.289,176.388,498,21997,0.220134,0.67,1,2287529,2287031,498
166958021,69.7705,86.0008,461,22285,0.0872886,0.05,1,2287719,2287258,461
166960941,59.1082,75.8003,444,22380,0.0889154,0.07,1,2287771,2287327,444
166963861,71.6433,81.9201,438,22475,0.0355662,0.07,1,2287851,2287413,438
166966781,40.6573,47.7681,433,22569,0.0562265,0.09,1,2287871,2287438,433
166969701,64.2629,29.9072,495,22663,0.0644906,0.07,1,2287951,2287456,495
166972621,59.3052,55.7629,478,22757,0.0917962,0.05,1,2288007,2287529,478
166975541,72.9221,54.1052,507,22850,0.0907185,0.11,1,2288089,2287582,507
166981381,56.1875,62.0568,476,23035,0.058915,0.09,1,2288195,2287719,476
166984301,69.275,56.0227,502,23127,0.041566,0,1,2288273,2287771,502
166987221,39.71,70.4091,442,23219,0.0346264,0.07,1,2288293,2287851,442
166990141,65.684,40.1636,505,23310,0.0678506,0.07,1,2288376,2287871,505
167004741,67.9705,56.1825,500,23762,0.213479,0.03,1,2288695,2288195,500
167007661,39.1882,69.273,442,23851,0.223392,0.03,1,2288715,2288273,442
167010581,69.0753,39.7092,511,23940,0.263357,0.09,1,2288804,2288293,511
167013501,28.8301,65.6837,430,24029,0.279343,0.15,1,2288806,2288376,430
167028101,68.6098,67.9705,433,24467,0.42456,0.23,1,2289128,2288695,433
167031021,39.4439,39.1882,433,24554,0.439824,0.29,1,2289148,2288715,433
167068981,61.9263,56.6618,504,25653,0.769579,0.55,2,2289886,2289382,504
167071901,57.1705,56.2647,502,25736,0.781831,0.59,2,2289940,2289438,502
167074821,75.0682,54.9059,535,25818,0.774733,0.63,2,2290027,2289492,535
167086501,48.0977,29.6776,516,26145,0.773865,0.73,2,2290202,2289686,516
167089421,70.2391,47.271,542,26226,0.831546,0.75,2,2290287,2289745,542
167092341,63.4956,69.3084,517,26307,0.854618,0.79,2,2290346,2289829,517
167095261,57.7983,61.9234,514,26388,0.863847,0.79,2,2290400,2289886,514
167238341,64.0564,73.672,438,30069,0.427193,0.33,1,2292945,2292507,438
167241261,43.0226,49.2688,434,30139,0.428877,0.27,1,2292974,2292540,434
167244181,41.809,44.3075,434,30209,0.441551,0.33,1,2293015,2292581,434
167296741,65.4294,28.1619,528,31446,0.754082,0.59,2,2293837,2293309,528
167299661,44.7718,58.0648,481,31513,0.799633,0.63,2,2293868,2293387,481
167302581,44.3087,41.2259,495,31580,0.817853,0.67,2,2293912,2293417,495
167305501,57.3235,41.0904,520,31647,0.825141,0.67,2,2293978,2293458,520
167308421,44.5294,56.0361,490,31714,0.840057,0.71,2,2294014,2293524,490
167311341,40.6118,44.0145,492,31781,0.858023,0.67,2,2294052,2293560,492
167314261,36.6447,40.4058,488,31848,0.877209,0.67,2,2294086,2293598,488
167317181,15.8579,36.5623,456,31914,0.884884,0.67,2,2294088,2293632,456
167457341,43.2227,45.1488,514,34953,0.863016,1,2,2296279,2295765,514
167460261,34.6891,37.2595,511,35013,0.795206,1,2,2296308,2295797,511
167477781,38.5027,39.5335,512,35373,0.206322,1,1,2296544,2296032,512
167480701,40.6011,41.0134,512,35433,0.208529,1,1,2296586,2296074,512
167489461,39.9425,54.0569,498,35612,0.0827058,0.8,1,2296741,2296243,498
167504061,27.3284,31.9801,444,35907,0.210636,0.39,1,2296864,2296420,444
167506981,31.3313,34.392,442,35966,0.222254,0.23,1,2296898,2296456,442
167509901,37.7325,46.7568,429,36025,0.226902,0.13,1,2296940,2296511,429
167512821,36.693,38.5027,432,36084,0.240761,0.21,1,2296976,2296544,432
167515741,38.6772,40.6011,430,36143,0.222304,0.11,1,2297016,2296586,430
167518661,62.8709,63.6404,430,36201,0.226922,0.07,1,2297095,2296665,430
167521581,49.7484,51.8562,427,36259,0.216769,0.07,1,2297136,2296709,427
167524501,38.4993,39.9425,426,36317,0.236707,0.13,1,2297167,2296741,426
167527421,29.1997,28.577,428,36375,0.256683,0.13,1,2297190,2296762,428
167530341,12.8799,12.6308,428,36433,0.264673,0.15,1,2297192,2296764,428
167533261,23.752,23.0523,429,36491,0.291869,0.21,1,2297223,2296794,429
167550781,38.2216,38.6772,432,36838,0.40545,0.23,1,2297448,2297016,432
167553701,62.0886,62.8709,431,36895,0.44418,0.21,1,2297526,2297095,431
167623781,64.3147,39.4133,530,38245,0.785724,0.61,2,2298419,2297889,530
167626701,51.5259,63.1653,494,38300,0.788289,0.63,2,2298462,2297968,494
167629621,42.8103,50.4661,489,38355,0.825316,0.65,2,2298499,2298010,489
167632541,32.7241,41.1865,480,38410,0.840126,0.69,2,2298525,2298045,480
167635461,14.2897,31.4746,457,38465,0.846051,0.69,2,2298527,2298070,457
167638381,24.3159,13.7898,486,38520,0.86042,0.69,2,2298558,2298072,486
167641301,44.5263,23.5159,514,38575,0.890168,0.73,2,2298616,2298102,514
167793141,30.8681,27.6332,519,41325,0.89848,1,2,2300507,2299988,519
167796061,30.9472,35.0533,510,41376,0.833392,1,2,2300538,2300028,510
167819421,46.1191,45.0265,486,41784,0.271891,1,1,2300816,2300330,486
167836941,28.6752,30.9472,466,42085,0.0819207,0.65,1,2301004,2300538,466
167839861,22.8701,29.7789,456,42135,0.0987683,0.57,1,2301023,2300567,456
167842781,22.948,28.1116,452,42185,0.0815073,0.59,1,2301046,2300594,452
167845701,24.7792,27.4446,451,42235,0.0386029,0.55,1,2301072,2300621,451
167848621,28.5117,33.7779,444,42285,0.0694412,0.53,1,2301103,2300659,444
167851541,29.4047,32.1111,443,42335,0.0697765,0.43,1,2301133,2300690,443
167871981,29.277,30.7198,425,42684,0.242862,0.13,1,2301375,2300950,425
167874901,26.7108,26.6879,426,42733,0.259145,0.05,1,2301400,2300974,426
167877821,27.4843,28.6752,424,42782,0.277658,0.11,1,2301428,2301004,424
167880741,22.9937,22.8701,425,42831,0.285063,0.07,1,2301448,2301023,425
167918701,27.6384,26.6992,461,43468,0.428493,0.29,1,2301861,2301400,461
167921621,23.0554,27.4797,453,43517,0.441397,0.29,1,2301881,2301428,453
167924541,23.6221,22.9919,457,43565,0.446559,0.33,1,2301905,2301448,457
167927461,26.2489,21.7968,464,43613,0.436624,0.31,1,2301933,2301469,464
167982941,42.9269,46.5072,448,44523,0.788726,0.55,2,2302522,2302074,448
167985861,41.7707,42.6029,449,44570,0.80149,0.55,2,2302563,2302114,449
167988781,46.1083,45.8411,450,44617,0.818596,0.57,2,2302612,2302162,450
167991701,31.0433,30.3365,451,44664,0.837439,0.61,2,2302633,2302182,451
167994621,34.6173,33.7346,452,44711,0.832975,0.59,2,2302670,2302218,452
167997541,30.6469,30.8938,451,44758,0.83119,0.59,2,2302698,2302247,451
168000461,29.6588,29.7575,451,44805,0.818476,0.59,2,2302727,2302276,451
168003381,28.6635,28.703,451,44852,0.81339,0.59,2,2302755,2302304,451
168006301,24.0654,23.4812,452,44899,0.823356,0.63,2,2302776,2302324,452
168009221,25.2262,24.3925,453,44946,0.815342,0.65,2,2302802,2302349,453
168012141,26.2905,25.357,454,44993,0.848137,0.71,2,2302829,2302375,454
168015061,33.3162,31.1428,457,45040,0.837255,0.73,2,2302867,2302410,457
168017981,31.3265,29.8571,458,45087,0.844902,0.73,2,2302897,2302439,458
168020901,22.1306,21.5428,458,45134,0.871961,0.73,2,2302913,2302455,458
168023821,10.0522,9.81714,458,45181,0.882784,0.83,2,2302915,2302457,458
168026741,44.8209,42.9269,461,45228,0.887114,0.81,2,2302983,2302522,461
168216541,34.4275,26.017,505,48163,0.796,1,2,2305039,2304534,505
168231141,32.3013,25.5298,512,48383,0.209281,1,1,2305190,2304678,512
168236981,24.3682,31.0848,502,48471,0.0406849,1,1,2305240,2304738,502
168239901,26.5473,34.6339,493,48514,0.022274,1,1,2305268,2304775,493
168242821,33.4189,28.2536,507,48557,0.0269096,1,1,2305306,2304799,507
168245741,33.7676,29.9014,510,48600,0.0287638,1,1,2305340,2304830,510
168248661,21.307,33.5606,487,48643,0.0295055,1,1,2305353,2304866,487
168251581,21.1228,30.8242,479,48686,0.0298022,1,1,2305374,2304895,479
168254501,34.8491,30.9297,492,48729,0.0179209,1,1,2305418,2304926,492
168257421,30.1396,35.1719,481,48772,0.0731684,0.85,1,2305445,2304964,481
168260341,28.2559,41.0688,463,48815,0.0472673,0.72,1,2305472,2305009,463
168263261,28.7023,34.4275,462,48858,0.0249069,0.72,1,2305501,2305039,462
168266181,28.8809,13.771,491,48901,0.0279628,0.71,1,2305530,2305039,491
168269101,26.5524,26.5084,481,48944,0.0411851,0.61,1,2305555,2305074,481
168272021,16.6209,30.4034,458,48987,0.046474,0.45,1,2305565,2305107,458
168274941,19.2484,23.5613,460,49030,0.0485896,0.29,1,2305586,2305126,460
168277861,24.4994,26.2245,460,49073,0.0734358,0.09,1,2305614,2305154,460
168280781,25.9997,32.0898,451,49116,0.0473743,0.03,1,2305641,2305190,451
168283701,22.3999,30.8359,441,49159,0.0369497,0,1,2305661,2305220,441
168286621,25.76,24.3344,449,49202,0.0327799,0.01,1,2305689,2305240,449
168289541,33.704,26.5337,460,49245,0.031112,0.03,1,2305728,2305268,460
168292461,33.2816,33.4135,455,49288,0.0184448,0.03,1,2305761,2305306,455
168295381,21.1126,33.7654,434,49331,0.0133779,0.03,1,2305774,2305340,434
168298301,21.0451,21.3062,442,49374,0.0593512,0.03,1,2305795,2305353,442
168301221,36.018,21.1225,467,49417,0.0417405,0.01,1,2305841,2305374,467
168304141,29.4072,34.849,448,49460,0.0466962,0.11,1,2305866,2305418,448
168307061,27.9629,30.1396,448,49503,0.0486785,0.03,1,2305893,2305445,448
168309981,28.5852,28.2558,450,49546,0.0374714,0.01,1,2305922,2305472,450
168312901,30.0341,28.7023,452,49589,0.0329886,0.03,1,2305953,2305501,452
168315821,27.0136,28.8809,448,49631,0.0671954,0.05,1,2305978,2305530,448
168318741,16.2054,26.5524,432,49673,0.0688782,0.05,1,2305987,2305555,432
168321661,19.6822,16.6209,444,49715,0.0815513,0.05,1,2306009,2305565,444
168324581,24.6729,19.2484,451,49757,0.0866205,0.09,1,2306037,2305586,451
168330421,22.5477,25.9997,442,49841,0.0630593,0.03,1,2306083,2305641,442
168333341,25.8191,22.3999,450,49883,0.0432237,0.03,1,2306111,2305661,450
168336261,33.1276,25.76,460,49925,0.0352895,0.03,1,2306149,2305689,460
168339181,33.6511,33.704,455,49967,0.0561158,0.01,1,2306183,2305728,455
168342101,20.6604,33.2816,434,50009,0.0404463,0.01,1,2306195,2305761,434
168345021,22.0642,21.1126,444,50051,0.0221785,0.09,1,2306218,2305774,444
168347941,37.0257,21.0451,470,50093,0.0508714,0.03,1,2306265,2305795,470
168350861,31.6103,36.018,452,50135,0.0743486,0.05,1,2306293,2305841,452
168353781,26.4441,29.4072,450,50177,0.0957394,0.05,1,2306316,2305866,450
168356701,29.1776,27.9629,454,50219,0.0682958,0.03,1,2306347,2305893,454
168359621,28.4711,28.5852,453,50261,0.0933183,0.03,1,2306375,2305922,453
168382981,25.0238,25.8191,422,50597,0.093592,0.03,1,2306533,2306111,422
168385901,32.8095,33.1276,422,50639,0.0674368,0.07,1,2306571,2306149,422
168388821,34.1238,33.6511,423,50681,0.0449747,0.03,1,2306606,2306183,423
168391741,20.2495,20.6604,422,50723,0.0359899,0.01,1,2306617,2306195,422
168394661,22.4998,22.0642,423,50765,0.032396,0.07,1,2306641,2306218,423
168397581,38.9999,37.0257,426,50806,0.0429584,0.09,1,2306691,2306265,426
168400501,32.4,31.6103,426,50847,0.0591834,0.11,1,2306719,2306293,426
168403421,27.36,26.4441,427,50888,0.0776733,0.05,1,2306743,2306316,427
168406341,28.944,29.1776,426,50929,0.0730693,0.11,1,2306773,2306347,426
168426781,23.3794,22.8986,430,51216,0.219293,0.19,1,2306916,2306486,430
168429701,20.1518,20.5594,429,51257,0.213717,0.03,1,2306934,2306505,429
168432621,20.6607,25.0238,422,51298,0.235487,0.05,1,2306955,2306533,422
168435541,31.0643,32.8095,422,51339,0.220195,0.03,1,2306993,2306571,422
168444301,22.3881,22.4998,422,51462,0.0896925,0.05,1,2307063,2306641,422
168447221,38.9552,38.9999,422,51503,0.065877,0.07,1,2307113,2306691,422
168450141,32.9821,32.4,423,51544,0.0803508,0.09,1,2307142,2306719,423
168453061,28.1928,27.36,424,51585,0.0981403,0.07,1,2307167,2306743,424
168496861,37.7092,22.3866,471,52195,0.098061,0.05,1,2307534,2307063,471
168499781,33.6837,38.9546,452,52235,0.0812244,0.09,1,2307565,2307113,452
168502701,29.0735,32.9819,449,52275,0.0864898,0.11,1,2307591,2307142,449
168505621,31.4294,28.1927,457,52315,0.0885959,0.11,1,2307624,2307167,457
168511461,29.9887,32.3508,454,52395,0.0993753,0.13,1,2307686,2307232,454
168514381,13.1955,28.5403,430,52435,0.0937501,0.13,1,2307688,2307258,430
168517301,10.0782,12.6161,436,52475,0.0915001,0.15,1,2307696,2307260,436
168534821,30.9775,20.8493,467,52715,0.236276,0.17,1,2307853,2307386,467
168537741,30.391,31.1397,459,52755,0.25651,0.17,1,2307883,2307424,459
168540661,18.1564,30.4559,439,52795,0.264604,0.17,1,2307893,2307454,439
168543581,19.2626,18.1824,449,52835,0.267842,0.17,1,2307913,2307464,449
168546501,34.105,19.2729,473,52875,0.221137,0.05,1,2307957,2307484,473
168549421,32.842,37.7092,455,52915,0.202455,0.07,1,2307989,2307534,455
168561101,28.9976,32.9718,453,53075,0.212399,0.09,1,2308111,2307658,453
168564021,12.799,29.9887,427,53115,0.22296,0.09,1,2308113,2307686,427
168566941,11.1196,13.1955,435,53155,0.227184,0.09,1,2308123,2307688,435
168569861,18.8478,10.0782,451,53195,0.228874,0.15,1,2308147,2307696,451
168572781,27.9391,17.8313,462,53235,0.265549,0.17,1,2308181,2307719,462
168575701,12.3757,26.9325,431,53275,0.29222,0.17,1,2308183,2307752,431
168590301,31.0579,30.391,435,53471,0.412269,0.27,1,2308318,2307883,435
168596141,19.3693,19.2626,435,53549,0.417563,0.19,1,2308348,2307913,435
168599061,31.7477,34.105,431,53588,0.401025,0.19,1,2308388,2307957,431
168601981,32.4991,32.842,432,53627,0.40641,0.19,1,2308421,2307989,432
168610741,33.9759,33.4939,432,53744,0.40593,0.23,1,2308517,2308085,432
168613661,29.7904,28.9976,433,53783,0.420372,0.23,1,2308544,2308111,433
168616581,13.1161,12.799,433,53822,0.426149,0.23,1,2308546,2308113,433
168619501,11.2465,11.1196,433,53861,0.40446,0.23,1,2308556,2308123,433
168622421,19.4986,18.8478,434,53900,0.407784,0.29,1,2308581,2308147,434
168625341,29.9994,27.9391,437,53939,0.421114,0.31,1,2308618,2308181,437
168631181,20.8799,19.9503,438,54017,0.438178,0.37,1,2308646,2308208,438
168689581,19.7787,14.1408,464,54794,0.757718,0.51,2,2309128,2308664,464
168692501,36.1115,17.6563,491,54832,0.753087,0.51,2,2309175,2308684,491
168695421,32.4446,34.0625,476,54870,0.751235,0.51,2,2309205,2308729,476
168698341,19.5778,31.625,457,54908,0.774494,0.51,2,2309216,2308759,457
168701261,20.4311,18.65,468,54946,0.771798,0.59,2,2309237,2308769,468
168704181,32.7725,19.46,489,54984,0.782719,0.59,2,2309278,2308789,489
168707101,32.909,31.784,482,55022,0.775088,0.61,2,2309311,2308829,482
168710021,28.7636,31.9136,476,55060,0.772035,0.63,2,2309337,2308861,476
168712941,33.1054,28.3654,486,55098,0.770814,0.65,2,2309373,2308887,486
168715861,34.8422,32.3462,487,55136,0.770326,0.63,2,2309409,2308922,487
168718781,31.3369,33.9385,481,55174,0.77013,0.63,2,2309438,2308957,481
168721701,13.7347,30.3754,455,55212,0.770052,0.63,2,2309440,2308985,455
168724621,11.4939,13.3502,463,55250,0.794021,0.65,2,2309450,2308987,463
168727541,20.1976,11.3401,479,55288,0.815608,0.65,2,2309476,2308997,479
168730461,32.079,20.136,493,55326,0.836243,0.69,2,2309516,2309023,493
168733381,14.0316,30.8544,457,55364,0.844497,0.69,2,2309518,2309061,457
168736301,23.0126,13.5418,484,55402,0.871799,0.75,2,2309547,2309063,484
168739221,20.6051,21.6167,476,55440,0.87072,0.75,2,2309566,2309090,476
168742141,20.842,19.4467,479,55478,0.882288,0.77,2,2309587,2309108,479
168745061,35.9368,19.7787,505,55516,0.898915,0.75,2,2309633,2309128,505
168747981,32.9747,36.1115,489,55554,0.893566,0.75,2,2309664,2309175,489
168955301,341.823,337.612,508,26280,0.814,0.73,2,2311604,2311096,508
169041441,38.6403,37.7109,450,28238,0.777752,0.59,2,2312939,2312489,450
169044361,32.2561,31.2844,451,28313,0.797101,0.57,2,2312967,2312516,451
169047281,47.1024,46.7137,451,28388,0.84084,0.57,2,2313024,2312573,451
169050201,60.241,18.6855,520,28463,0.834336,0.63,2,2313093,2312573,520
169053121,58.8964,48.2742,510,28537,0.843735,0.71,2,2313151,2312641,510
169056041,64.9586,52.9097,523,28611,0.835494,0.73,2,2313220,2312697,523
169058961,46.9834,61.9639,490,28685,0.844198,0.69,2,2313255,2312765,490
169061881,69.7934,45.7855,540,28759,0.859679,0.75,2,2313340,2312800,540
169064801,36.3173,68.7142,470,28833,0.877872,0.73,2,2313354,2312884,470
169257521,72.8736,75.1231,486,33331,0.79912,1,2,2316549,2316063,486
169272121,39.3277,42.3862,492,33646,0.258215,1,1,2316748,2316256,492
169286721,46.357,56.1841,467,33959,0.0488681,0.73,1,2316932,2316465,467
169289641,62.9428,72.8736,457,34021,0.0375472,0.65,1,2317006,2316549,457
169292561,43.1771,49.5495,453,34083,0.0450189,0.57,1,2317036,2316583,453
169295481,40.6708,48.6198,444,34145,0.0240076,0.41,1,2317075,2316631,444
169298401,36.6683,41.0479,442,34207,0.039603,0.41,1,2317109,2316667,442
169301321,35.6673,16.4192,477,34269,0.0698412,0.27,1,2317144,2316667,477
169304241,36.4669,32.9677,470,34331,0.0459365,0.19,1,2317181,2316711,470
169307161,31.3868,35.3871,461,34393,0.0483746,0.15,1,2317209,2316748,461
169310081,30.5547,34.5548,457,34454,0.0613498,0.15,1,2317239,2316782,457
169313001,32.0219,34.8219,455,34515,0.0545399,0.11,1,2317272,2316817,455
169315921,28.4088,33.7288,448,34576,0.027816,0.09,1,2317298,2316850,448
169318841,44.3635,27.2915,480,34637,0.0771264,0.01,1,2317353,2316873,480
169321761,62.1454,46.3166,495,34698,0.0608506,0.03,1,2317427,2316932,495
169324681,43.4582,62.9266,452,34759,0.0903402,0.05,1,2317458,2317006,452
169333441,36.6453,36.6673,458,34942,0.0967418,0.09,1,2317567,2317109,458
169339281,32.1433,36.4668,452,35063,0.0838787,0.05,1,2317633,2317181,452
169342201,32.0573,31.3867,456,35123,0.0875515,0.07,1,2317665,2317209,456
169348041,28.6492,32.0219,449,35243,0.0824082,0.01,1,2317721,2317272,449
169353881,63.0239,44.3635,499,35363,0.0983853,0.05,1,2317852,2317353,499
169368481,36.4342,36.6453,461,35661,0.2203,0.11,1,2318028,2317567,461
169371401,15.7737,36.8581,426,35720,0.23812,0.07,1,2318030,2317604,426
169374321,23.1095,32.1433,425,35779,0.281248,0.09,1,2318058,2317633,425
169377241,29.0438,32.0573,426,35838,0.262499,0.11,1,2318091,2317665,426
169380161,29.0175,29.6229,427,35897,0.267,0.07,1,2318120,2317693,427
169383081,27.807,28.6492,426,35956,0.2808,0.13,1,2318147,2317721,426
169386001,46.5228,45.0597,429,36015,0.29832,0.09,1,2318206,2317777,429
169388921,62.4091,63.0239,427,36074,0.293328,0.13,1,2318279,2317852,427
169391841,43.5636,43.2095,428,36133,0.279331,0.19,1,2318310,2317882,428
169394761,42.0255,41.2838,429,36191,0.273732,0.15,1,2318351,2317922,429
169397681,37.2102,35.7135,431,36249,0.295493,0.19,1,2318385,2317954,431
169415201,29.5257,29.0175,435,36597,0.431269,0.29,1,2318555,2318120,435
169494041,64.044,49.447,526,38125,0.797438,0.65,2,2319614,2319088,526
169496961,44.8176,63.5788,485,38180,0.828975,0.65,2,2319646,2319161,485
169499881,41.927,44.6315,493,38235,0.85359,0.67,2,2319686,2319193,493
169502801,40.7708,42.4526,492,38290,0.875436,0.63,2,2319726,2319234,492
169688221,94.6174,104.371,468,18597,0.057616,0.01,1,2322174,2321706,468
169691141,76.847,89.7486,453,18711,0.0650464,0.01,1,2322239,2321786,453
169694061,54.7388,72.4994,432,18824,0.0260186,0.03,1,2322279,2321847,432
169696981,39.2955,40.9998,441,18937,0.0284074,0.01,1,2322308,2321867,441
169699901,101.518,113,423,19049,0.029363,0.09,1,2322451,2322028,423
169702821,86.8073,90.8,424,19160,0.0417452,0.01,1,2322528,2322104,424
169705741,75.5229,78.32,422,19271,0.0166981,0.07,1,2322596,2322174,422
169708661,69.2092,70.328,422,19381,0.0366792,0,1,2322661,2322239,422
169711581,52.2837,52.1312,423,19490,0.0326717,0.03,1,2322702,2322279,423
169714501,40.1135,38.2525,426,19599,0.0310687,0.03,1,2322734,2322308,426
169717421,98.8454,15.301,564,19707,0.0424275,0.03,1,2322872,2322308,564
169720341,87.5382,91.9204,501,19815,0.046971,0.05,1,2322952,2322451,501
169723261,74.0153,82.9682,489,19922,0.0247884,0,1,2323017,2322528,489
169726181,68.6061,73.9873,486,20028,0.0279154,0.05,1,2323082,2322596,486
169729101,52.0424,68.5949,462,20134,0.0291661,0.03,1,2323123,2322661,462
169732021,40.017,52.038,453,20239,0.0116665,0.03,1,2323155,2322702,453
169734941,98.8068,40.0152,559,20344,0.0106666,0.05,1,2323293,2322734,559
169737861,89.3227,98.8061,504,20448,0.0822666,0.05,1,2323376,2322872,504
169743701,68.7716,74.009,487,20655,0.0671627,0.03,1,2323504,2323017,487
169746621,51.5087,68.6036,462,20758,0.0268651,0.03,1,2323544,2323082,462
169749541,41.0035,52.0414,455,20860,0.016746,0,1,2323578,2323123,455
169752461,98.6014,40.0166,560,20962,0.0606984,0.01,1,2323715,2323155,560
169755381,40.6406,98.8066,424,21063,0.0782794,0.13,1,2323717,2323293,424
169758301,68.4562,89.3227,428,21164,0.0613117,0.15,1,2323804,2323376,428
169761221,63.9825,72.9291,427,21264,0.0905247,0.03,1,2323865,2323438,427
169764141,62.793,68.7716,423,21364,0.0782099,0,1,2323927,2323504,423
169767061,48.5172,51.5086,422,21463,0.031284,0.01,1,2323966,2323544,422
169769981,40.4069,41.0035,423,21562,0.0125136,0.09,1,2324001,2323578,423
169772901,100.763,98.6014,427,21660,0.0470054,0.09,1,2324142,2323715,427
169775821,41.5051,40.6406,427,21758,0.0608022,0.05,1,2324144,2323717,427
169778741,67.002,68.4562,424,21855,0.0783209,0.11,1,2324228,2323804,424
169784581,61.4803,62.793,424,22049,0.205731,0,1,2324351,2323927,424
169790421,40.3169,40.4069,423,22241,0.077317,0.07,1,2324424,2324001,423
169793341,100.727,100.763,423,22336,0.0609268,0.07,1,2324565,2324142,423
169796261,41.4907,41.5051,423,22431,0.0543707,0.09,1,2324567,2324144,423
169799181,68.7963,67.002,426,22526,0.0757483,0.09,1,2324654,2324228,426
169802101,68.3185,26.8008,494,22620,0.0842993,0.23,1,2324722,2324228,494
169805021,62.7274,49.1203,489,22714,0.0997197,0.23,1,2324781,2324292,489
169807941,43.691,55.0481,461,22807,0.0938879,0.11,1,2324812,2324351,461
169810861,37.8764,44.2193,458,22900,0.0915552,0.03,1,2324846,2324388,458
169813781,99.1506,39.2877,562,22993,0.0666221,0.05,1,2324986,2324424,562
169816701,40.8602,100.315,423,23085,0.0566488,0.05,1,2324988,2324565,423
169828381,43.526,62.7169,456,23450,0.223162,0.09,1,2325237,2324781,456
169831301,39.0104,43.6867,461,23540,0.263265,0.09,1,2325273,2324812,461
169834221,97.2042,37.8747,563,23630,0.279306,0.05,1,2325409,2324846,563
169837141,40.0817,99.1499,425,23720,0.285722,0.05,1,2325411,2324986,425
169851741,29.5551,43.526,434,24163,0.417041,0.29,1,2325671,2325237,434
169854661,34.622,39.0104,436,24251,0.448816,0.29,1,2325709,2325273,436
169880941,98.4605,95.4488,449,25026,0.777417,0.55,2,2326294,2325845,449
169883861,40.5842,39.3795,449,25111,0.772967,0.63,2,2326296,2325847,449
169886781,76.8337,75.1518,451,25195,0.771187,0.59,2,2326397,2325946,451
169889701,73.9335,72.6607,452,25279,0.794475,0.71,2,2326469,2326017,452
169892621,69.1734,66.8643,455,25363,0.81579,0.71,2,2326535,2326080,455
169895541,28.8694,27.9457,455,25447,0.848316,0.71,2,2326537,2326082,455
169898461,31.9477,11.1783,489,25530,0.837326,0.75,2,2326571,2326082,489
169901381,36.7791,23.6713,497,25613,0.820931,0.73,2,2326611,2326114,497
169904301,99.9116,33.4685,599,25696,0.838372,0.81,2,2326753,2326154,599
169907221,41.1647,97.3874,461,25778,0.845349,0.77,2,2326755,2326294,461
169910141,75.8659,40.155,558,25860,0.83614,0.77,2,2326854,2326296,558
169913061,75.3463,76.662,532,25942,0.892456,0.81,2,2326929,2326397,532
170009421,56.3946,79.3518,515,28512,0.8476,1,2,2328690,2328175,515
170018181,77.3853,71.2465,550,28734,0.427446,1,1,2328905,2328355,550
170024021,30.3816,40.9194,505,28881,0.247191,1,1,2328950,2328445,505
170032781,70.6564,35.2108,570,29100,0.0746202,0.89,1,2329113,2328543,570
170035701,49.2626,76.4843,501,29173,0.0298481,0.79,1,2329148,2328647,501
170038621,51.505,56.3937,511,29246,0.0539392,0.65,1,2329201,2328690,511
170041541,60.802,59.1575,517,29318,0.0515757,0.57,1,2329268,2328751,517
170044461,67.5208,64.463,521,29390,0.0506303,0.29,1,2329340,2328819,521
170047381,40.8083,77.3852,458,29462,0.0742521,0.27,1,2329363,2328905,458
170050301,28.3233,45.9541,453,29534,0.0717008,0.19,1,2329383,2328930,453
170053221,26.9293,30.3816,459,29606,0.0826803,0.15,1,2329409,2328950,459
170064901,20.6094,49.2626,425,29890,0.202517,0.07,1,2329573,2329148,425
170067821,38.8438,51.505,423,29961,0.231007,0.05,1,2329624,2329201,423
170070741,56.3375,60.802,424,30032,0.254403,0.05,1,2329692,2329268,424
170073661,67.535,67.5208,427,30102,0.263761,0.09,1,2329767,2329340,427
170079501,29.0456,28.3233,427,30242,0.295402,0.09,1,2329810,2329383,427
170082421,27.2182,26.9293,427,30312,0.292161,0.15,1,2329836,2329409,427
170088261,72.6349,70.3087,432,30452,0.295146,0.21,1,2329969,2329537,432
170105781,39.8203,39.614,436,30866,0.416795,0.29,1,2330224,2329788,436
170108701,29.1281,29.0456,436,30935,0.424718,0.29,1,2330246,2329810,436
170158341,58.0825,40.3279,516,32078,0.75242,0.53,2,2331011,2330495,516
170161261,71.833,57.5312,528,32144,0.798968,0.55,2,2331092,2330564,528
170164181,41.3332,71.0125,469,32210,0.805587,0.55,2,2331113,2330644,469
170167101,30.3333,41.605,470,32276,0.808235,0.55,2,2331136,2330666,470
170170021,26.5333,29.842,472,32342,0.809294,0.55,2,2331160,2330688,472
170172941,31.6133,26.3368,483,32407,0.797718,0.59,2,2331195,2330712,483
170175861,76.8453,30.3347,557,32472,0.841087,0.65,2,2331302,2330745,557
170178781,52.3381,74.5339,489,32537,0.870435,0.65,2,2331338,2330849,489
170181701,22.1353,51.4136,455,32602,0.882174,0.65,2,2331340,2330885,455
170505821,41.5887,27.0492,518,39147,0.891817,1,2,2335910,2335392,518
170514581,29.8537,32.6432,498,39309,0.892516,1,2,2335987,2335489,498
170517501,32.9415,29.2573,506,39363,0.843006,1,2,2336022,2335516,506
170520421,28.7766,41.1029,483,39417,0.847203,0.97,2,2336048,2335565,483
170523341,31.9106,34.4412,487,39471,0.860881,1,2,2336082,2335595,487
170526261,34.9643,35.3765,488,39525,0.878352,1,2,2336119,2335631,488
170529181,33.1857,37.5506,481,39578,0.897341,0.99,2,2336151,2335670,481
170532101,45.0743,48.6202,478,39631,0.832936,1,2,2336204,2335726,478
170535021,54.0297,58.4481,473,39684,0.783175,1,2,2336264,2335791,473
170537941,42.6119,43.1792,475,39737,0.78727,0.95,2,2336299,2335824,475
170540861,41.0448,45.4717,468,39790,0.812908,0.84,2,2336339,2335871,468
170543781,38.6179,41.5887,466,39843,0.835163,0.94,2,2336376,2335910,466
170546701,31.6472,32.8355,466,39896,0.832065,0.93,2,2336403,2335937,466
170549621,21.0589,22.1342,465,39949,0.842826,0.87,2,2336417,2335952,465
170552541,30.6235,29.8537,467,40002,0.859131,0.81,2,2336454,2335987,467
170555461,32.6494,32.9415,466,40055,0.865652,0.85,2,2336488,2336022,466
170558381,26.8598,28.7766,463,40108,0.856261,0.85,2,2336511,2336048,463
170561301,30.5439,11.5106,496,40161,0.852504,0.87,2,2336544,2336048,496
170564221,33.8176,25.0043,498,40214,0.851002,0.89,2,2336580,2336082,498
170567141,32.127,32.2017,492,40267,0.862401,0.91,2,2336611,2336119,492
170570061,44.0508,32.0807,512,40319,0.86696,0.79,2,2336663,2336151,512
170572981,53.0203,44.6323,518,40371,0.880784,0.75,2,2336722,2336204,518
170575901,42.8081,53.8529,494,40423,0.898314,0.79,2,2336758,2336264,494
170578821,43.5233,42.5412,503,40475,0.881325,0.83,2,2336802,2336299,503
170803661,23.2468,26.5857,494,44311,0.890206,1,2,2339443,2338949,494
170812421,26.9278,32.0615,493,44455,0.886653,1,2,2339534,2339041,493
171091281,92.4139,34.0561,579,23310,0.763391,0.69,2,2343080,2342501,579
171094201,94.5656,88.0225,551,23401,0.803356,0.69,2,2343176,2342625,551
171097121,64.2262,92.809,499,23492,0.855343,0.71,2,2343220,2342721,499
171219761,44.4246,61.5369,485,27024,0.88696,1,2,2345664,2345179,485
171231441,63.1197,78.7113,483,27336,0.446786,1,1,2345894,2345411,483
171240201,65.9117,76.6535,467,27567,0.241954,0.92,1,2346069,2345602,467
171243121,34.1647,39.0614,466,27644,0.234782,0.85,1,2346082,2345616,466
171251881,43.1065,48.7479,448,27873,0.205826,0.51,1,2346230,2345782,448
171254801,34.6426,39.2992,444,27949,0.22033,0.37,1,2346259,2345815,444
171257721,59.457,63.1197,441,28025,0.286132,0.31,1,2346335,2345894,441
171272321,43.468,43.6659,430,28401,0.416604,0.15,1,2346562,2346132,430
171333641,30.4253,43.6625,452,29927,0.78739,0.61,2,2347557,2347105,452
171336561,30.1701,35.465,452,29998,0.812956,0.67,2,2347587,2347135,452
171339481,61.868,61.586,456,30069,0.835182,0.67,2,2347670,2347214,456
171342401,40.3472,40.8344,455,30139,0.868073,0.69,2,2347696,2347241,455
171345321,60.5389,60.1338,456,30209,0.893229,0.69,2,2347770,2347314,456
171348241,66.8156,66.6535,456,30279,0.891292,0.69,2,2347841,2347385,456
171357001,61.1082,59.6578,459,30489,0.898723,0.73,2,2347980,2347521,459
171359921,25.6433,25.0631,459,30558,0.893489,0.83,2,2347982,2347523,459
171503001,62.2618,54.89,498,33783,0.861232,1,2,2350291,2349793,498
171505921,47.1047,40.556,504,33846,0.758493,1,2,2350328,2349824,504
171514681,41.8227,42.7236,488,34032,0.444784,1,1,2350445,2349957,488
171523441,38.2447,31.7263,501,34218,0.269666,0.95,1,2350559,2350058,501
171526361,33.2979,12.6905,531,34280,0.257866,1,1,2350589,2350058,531
171529281,32.5191,19.4762,539,34342,0.205147,1,1,2350621,2350082,539
171546801,37.7533,37.0256,486,34709,0.21271,0.37,1,2350886,2350400,486
171549721,36.7013,41.8102,477,34770,0.223084,0.35,1,2350922,2350445,477
171552641,34.4805,39.5241,472,34831,0.203234,0.29,1,2350955,2350483,472
171555561,35.9922,38.6096,471,34892,0.231293,0.23,1,2350992,2350521,471
171558481,31.1969,38.2439,461,34953,0.242517,0.25,1,2351020,2350559,461
171561401,31.6788,33.2975,463,35013,0.259007,0.17,1,2351052,2350589,463
171578921,37.8942,31.3832,474,35373,0.414231,0.23,1,2351318,2350844,474
171581841,36.7577,37.7533,468,35433,0.435693,0.23,1,2351354,2350886,468
171584761,34.5031,36.7013,465,35493,0.432277,0.19,1,2351387,2350922,465
171587681,37.8012,34.4805,472,35553,0.442911,0.25,1,2351427,2350955,472
171590601,30.7205,35.9922,461,35612,0.447164,0.25,1,2351453,2350992,461
171593521,30.8882,31.1969,464,35671,0.448866,0.27,1,2351484,2351020,464
171596441,13.5553,31.6788,434,35730,0.449546,0.39,1,2351486,2351052,434
171646081,31.9136,31.5366,451,36723,0.757174,0.65,2,2352168,2351717,451
171657761,38.9578,38.2713,454,36952,0.766696,0.67,2,2352325,2351871,454
171660681,31.1831,31.5085,453,37009,0.780678,0.69,2,2352351,2351898,453
171663601,31.6732,30.6034,455,37066,0.798271,0.65,2,2352383,2351928,455
171666521,13.8693,13.4414,455,37123,0.805309,0.67,2,2352385,2351930,455
171669441,62.5477,62.3765,455,37180,0.844123,0.67,2,2352480,2352025,455
171672361,53.2191,24.9506,502,37237,0.859649,0.73,2,2352527,2352025,502
171675281,40.4876,38.1802,487,37294,0.87786,0.73,2,2352559,2352072,487
171821281,38.5821,37.5711,496,40027,0.844413,1,2,2354470,2353974,496
171824201,37.6328,33.6284,502,40080,0.763765,1,2,2354507,2354005,502
171841721,33.576,38.1835,513,40395,0.404314,1,1,2354696,2354183,513
171853401,51.2307,36.2143,534,40603,0.20883,0.97,1,2354864,2354330,534
171876761,25.9735,26.8498,473,41019,0.205124,0.41,1,2355101,2354628,473
171879681,31.9894,29.9399,477,41070,0.208049,0.37,1,2355137,2354660,477
171882601,33.1958,33.576,475,41121,0.20922,0.35,1,2355171,2354696,475
171885521,30.6783,36.2304,466,41172,0.233688,0.29,1,2355200,2354734,466
171888441,33.2713,33.6922,469,41223,0.255475,0.33,1,2355235,2354766,469
171891361,46.9085,35.0769,489,41274,0.27619,0.13,1,2355291,2354802,489
171894281,40.3634,51.2307,463,41325,0.296476,0.13,1,2355327,2354864,463
171911801,20.967,28.0844,428,41631,0.424173,0.23,1,2355480,2355052,428
172002321,33.0858,24.5545,488,43174,0.754194,0.59,2,2356467,2355979,488
172005241,36.0343,32.6218,488,43223,0.775678,0.63,2,2356505,2356017,488
172011081,36.7255,30.8995,492,43321,0.761308,0.63,2,2356574,2356082,492
172014001,48.2902,36.3598,508,43370,0.814523,0.71,2,2356630,2356122,508
172016921,42.1161,46.9439,492,43419,0.835809,0.69,2,2356668,2356176,492
172019841,37.8464,42.1776,488,43468,0.832324,0.71,2,2356703,2356215,488
172022761,34.3386,37.271,486,43517,0.84293,0.71,2,2356735,2356249,486
172025681,36.5354,34.1084,492,43565,0.847172,0.75,2,2356773,2356281,492
172028601,32.6142,35.2434,486,43613,0.848869,0.71,2,2356803,2356317,486
172031521,14.2457,32.0973,458,43661,0.849548,0.75,2,2356805,2356347,458
172034441,21.8983,14.0389,483,43709,0.837819,0.73,2,2356832,2356349,483
172037361,25.5593,21.2156,485,43757,0.845128,0.73,2,2356860,2356375,485
172040281,25.8237,25.2862,483,43805,0.860051,0.73,2,2356886,2356403,483
172043201,34.3295,25.7145,497,43853,0.89002,0.77,2,2356926,2356429,497
172238841,37.0428,64.2007,451,21764,0.764228,0.63,2,2359328,2358877,451
172241761,24.4171,27.4803,464,21861,0.755691,0.59,2,2359344,2358880,464
172244681,85.9669,94.9921,451,21958,0.812277,0.63,2,2359471,2359020,451
172247601,88.9867,90.7968,454,22055,0.882911,0.67,2,2359562,2359108,454
172364401,56.0905,53.4079,525,25619,0.834742,1,2,2362066,2361541,525
172367321,80.6362,52.5632,570,25702,0.771897,0.95,2,2362163,2361593,570
172370241,50.8545,83.4253,497,25784,0.758759,0.96,2,2362194,2361697,497
172373161,41.3418,50.7701,503,25866,0.789503,0.95,2,2362229,2361726,503
172376081,68.1367,41.308,554,25948,0.837801,0.93,2,2362315,2361761,554
172379001,48.2547,69.3232,501,26030,0.821121,0.93,2,2362350,2361849,501
172381921,56.5019,48.7293,528,26111,0.850448,0.91,2,2362412,2361884,528
172384841,61.0007,57.2917,529,26192,0.862179,0.89,2,2362476,2361947,529
172387761,55.0003,63.7167,512,26273,0.890872,0.79,2,2362527,2362015,512
172495801,63.5597,40.0655,553,29105,0.886,1,2,2364539,2363986,553
172501641,41.2496,36.2905,531,29251,0.87976,1,2,2364613,2364082,531
172513321,50.0256,65.7386,516,29539,0.204394,1,1,2364833,2364317,516
172516241,64.4102,48.4955,553,29611,0.0877575,1,1,2364907,2364354,553
172519161,44.9641,64.9982,509,29682,0.053103,1,1,2364939,2364430,509
172522081,55.7856,46.3993,538,29753,0.0272412,0.81,1,2365002,2364464,538
172525001,42.7143,63.5597,497,29824,0.0408965,0.95,1,2365036,2364539,497
172527921,18.2857,47.6239,462,29895,0.0463586,0.85,1,2365038,2364576,462
172530841,27.1143,41.2496,458,29966,0.0605434,0.63,1,2365071,2364613,458
172533761,40.2457,51.8998,448,30037,0.0542174,0.53,1,2365120,2364672,448
172536681,36.4983,44.1599,443,30107,0.063687,0.17,1,2365154,2364711,443
172542521,43.1597,50.0256,427,30247,0.0953899,0.01,1,2365260,2364833,427
172545441,61.6639,64.4102,427,30317,0.056156,0.03,1,2365334,2364907,427
172548361,43.2656,44.9641,426,30387,0.0764624,0.01,1,2365365,2364939,426
172551281,53.9062,55.7856,424,30457,0.060585,0.05,1,2365426,2365002,424
172554201,41.9625,42.7143,424,30526,0.030234,0.05,1,2365460,2365036,424
172557121,17.985,18.2857,424,30595,0.0180936,0.07,1,2365462,2365038,424
172560041,26.394,27.1143,423,30664,0.0612374,0.05,1,2365494,2365071,423
172589241,28.028,7.194,458,31348,0.094617,0.09,1,2365920,2365462,458
172598001,64.3618,35.4524,509,31549,0.0898155,0.21,1,2366085,2365576,509
172600921,44.9447,60.981,463,31616,0.0899262,0.21,1,2366117,2365654,463
172615521,17.4273,40.9224,427,31949,0.203778,0.13,1,2366310,2365883,427
172618441,27.3709,17.5689,459,32015,0.207511,0.07,1,2366344,2365885,459
172621361,41.5484,28.0276,475,32081,0.221005,0.11,1,2366395,2365920,475
172624281,37.0193,40.011,461,32147,0.250402,0.13,1,2366429,2365968,461
172627201,63.4077,36.4044,508,32213,0.274161,0.07,1,2366510,2366002,508
172650561,41.8572,27.3709,483,32735,0.429657,0.23,1,2366827,2366344,483
172653481,17.9429,41.5484,434,32800,0.441863,0.27,1,2366829,2366395,434
172691441,62.247,60.1109,448,33627,0.776901,0.59,2,2367394,2366946,448
172694361,45.2988,43.8443,449,33690,0.82076,0.61,2,2367428,2366979,449
172697281,60.1195,57.7377,452,33753,0.862304,0.61,2,2367498,2367046,452
172700201,46.8478,45.8951,452,33816,0.878922,0.65,2,2367536,2367084,452
172703121,57.1391,55.558,454,33879,0.873569,0.65,2,2367600,2367146,454
172706041,43.2556,42.6232,454,33941,0.883427,0.65,2,2367634,2367180,454
172708961,18.5023,18.2493,454,34003,0.887371,0.67,2,2367636,2367182,454
172711881,29.6009,28.8997,455,34065,0.876948,0.71,2,2367673,2367218,455
172714801,43.6404,43.3599,455,34127,0.860779,0.67,2,2367726,2367271,455
172717721,18.6561,18.544,455,34189,0.854312,0.71,2,2367728,2367273,455
172720641,30.2625,29.6176,456,34251,0.851725,0.71,2,2367766,2367310,456
172723561,64.905,11.847,544,34313,0.88669,0.83,2,2367854,2367310,544
172729401,63.1848,42.4555,535,34437,0.88227,0.89,2,2367963,2367428,535
172732321,48.0739,58.9822,503,34498,0.898908,0.89,2,2368001,2367498,503
172852041,35.1945,32.8964,493,36927,0.89992,1,2,2369657,2369164,493
172854961,32.0778,23.3586,506,36984,0.785968,1,2,2369687,2369181,506
172869561,39.7442,44.4693,510,37269,0.0487331,1,1,2369903,2369393,510
172872481,53.6977,40.5877,535,37326,0.0194932,1,1,2369966,2369431,535
172875401,40.6791,56.4351,500,37383,0.0377973,1,1,2369998,2369498,500
172878321,33.0716,37.574,503,37440,0.0451189,1,1,2370026,2369523,503
172881241,29.4287,31.8296,502,37496,0.0360476,0.97,1,2370053,2369551,502
172884161,32.1715,30.1318,507,37552,0.032419,0.97,1,2370087,2369580,507
172887081,31.4686,38.4527,494,37608,0.0309676,0.85,1,2370118,2369624,494
172890001,23.9874,35.1811,480,37664,0.030387,0.71,1,2370137,2369657,480
172892921,42.595,32.0724,505,37720,0.0301548,0.33,1,2370192,2369687,505
172895841,33.838,56.629,460,37776,0.0300619,0.19,1,2370220,2369760,460
172898761,28.5352,44.2516,449,37832,0.0420248,0.07,1,2370245,2369796,449
172901681,34.2141,33.9006,460,37888,0.0348099,0.09,1,2370283,2369823,460
172904601,39.4856,36.3603,465,37944,0.031924,0,1,2370326,2369861,465
172907521,52.3943,39.7441,484,38000,0.0127696,0,1,2370387,2369903,484
172910441,40.7577,53.6976,454,38056,0.0351078,0.05,1,2370420,2369966,454
172913361,32.5031,40.6791,449,38112,0.0200431,0.05,1,2370447,2369998,449
172916281,29.2012,33.0716,448,38167,0.0260173,0.03,1,2370474,2370026,448
172919201,32.0805,29.4286,455,38222,0.0404069,0.03,1,2370508,2370053,455
172922121,32.6322,32.1715,454,38277,0.0461628,0.03,1,2370541,2370087,454
172925041,23.2529,31.4686,440,38332,0.0724651,0.03,1,2370558,2370118,440
172927961,43.5012,23.9874,478,38387,0.0949861,0.03,1,2370615,2370137,478
172930881,33.0005,42.595,449,38442,0.0799944,0.03,1,2370641,2370192,449
172933801,28.8002,33.838,447,38497,0.0739978,0.05,1,2370667,2370220,447
172936721,33.7201,28.5352,459,38552,0.0475991,0.03,1,2370704,2370245,459
172939641,40.488,34.2141,466,38607,0.0490396,0.03,1,2370749,2370283,466
172942561,17.3952,39.4856,425,38662,0.0256159,0,1,2370751,2370326,425
172945481,42.3581,52.3943,423,38717,0.0162463,0.05,1,2370810,2370387,423
172948401,36.1432,40.7577,422,38772,0.0484985,0.01,1,2370842,2370420,422
172951321,30.6573,32.5031,422,38826,0.0373994,0.03,1,2370869,2370447,422
172954241,29.6629,29.2012,424,38880,0.0329598,0.05,1,2370898,2370474,424
172957161,32.2652,32.0805,424,38934,0.0191839,0.05,1,2370932,2370508,424
172960081,34.5061,32.6322,427,38988,0.0496736,0.09,1,2370968,2370541,427
172963001,23.4024,23.2529,426,39042,0.0618694,0.11,1,2370984,2370558,426
172965921,44.161,43.5012,427,39096,0.0907478,0.07,1,2371042,2370615,427
172968841,30.8644,33.0005,423,39150,0.0782991,0.07,1,2371064,2370641,423
172971761,27.9458,28.8002,423,39204,0.0733196,0.03,1,2371090,2370667,423
172974681,33.3783,33.7201,423,39258,0.0353279,0.05,1,2371127,2370704,423
172977601,40.3513,40.488,423,39312,0.0321311,0.01,1,2371172,2370749,423
172980521,17.3405,17.3952,423,39366,0.0308525,0.01,1,2371174,2370751,423
172983441,41.7362,42.3581,422,39420,0.012341,0.07,1,2371232,2370810,422
172986361,36.4945,36.1432,423,39474,0.0349364,0.03,1,2371265,2370842,423
172989281,30.1978,30.6573,422,39528,0.0319746,0.03,1,2371291,2370869,422
172992201,29.4791,29.6629,422,39581,0.0427898,0.01,1,2371320,2370898,422
172995121,32.7916,32.2652,423,39634,0.0351159,0.07,1,2371355,2370932,423
172998041,34.7167,34.5061,423,39687,0.0560464,0.07,1,2371391,2370968,423
173000961,23.4867,23.4024,423,39740,0.0764185,0.11,1,2371407,2370984,423
173003881,45.3947,44.161,425,39793,0.0725674,0.07,1,2371467,2371042,425
173006801,31.3579,30.8644,425,39846,0.071027,0.07,1,2371489,2371064,425
173009721,26.9431,27.9458,423,39899,0.0464108,0.01,1,2371513,2371090,423
173012641,32.3773,33.3783,422,39952,0.0365643,0.03,1,2371549,2371127,422
173015561,39.9509,40.3513,422,40005,0.0326257,0.03,1,2371594,2371172,422
173018481,17.1804,17.3405,422,40058,0.0310503,0.03,1,2371596,2371174,422
173021401,41.6721,6.93621,480,40111,0.0184201,0,1,2371654,2371174,480
173024321,37.0689,37.5745,456,40164,0.025368,0.05,1,2371688,2371232,456
173027241,29.2275,34.8298,447,40217,0.0281472,0.03,1,2371712,2371265,447
173030161,29.091,29.5319,450,40270,0.0292589,0.05,1,2371741,2371291,450
173033081,32.6364,29.2128,456,40322,0.0417036,0.03,1,2371776,2371320,456
173036001,35.8546,32.6851,459,40374,0.0346814,0.07,1,2371814,2371355,459
173038921,23.9418,34.674,439,40426,0.0318726,0.09,1,2371830,2371391,439
173041841,44.9767,23.4696,482,40478,0.090749,0.07,1,2371889,2371407,482
173053521,39.7002,32.3768,466,40686,0.0461952,0.03,1,2372015,2371549,466
173056441,17.0801,39.9507,423,40738,0.0244781,0.03,1,2372017,2371594,423
173059361,41.632,17.1803,479,40790,0.0277912,0.01,1,2372075,2371596,479
173062281,37.6528,41.6721,456,40842,0.0411165,0.03,1,2372110,2371654,456
173065201,28.8611,37.0688,445,40894,0.0464466,0.03,1,2372133,2371688,445
173068121,29.5444,29.2275,451,40946,0.0365786,0.03,1,2372163,2371712,451
173071041,32.8178,29.091,457,40998,0.0566315,0.05,1,2372198,2371741,457
173073961,35.9271,32.6364,460,41049,0.0406526,0.03,1,2372236,2371776,460
173076881,23.9708,35.8546,438,41100,0.058261,0.03,1,2372252,2371814,438
173079801,47.9883,23.9418,486,41151,0.0893044,0.13,1,2372316,2371830,486
173100241,38.7195,41.632,458,41508,0.0703934,0.05,1,2372533,2372075,458
173103161,16.6878,37.6528,425,41559,0.0581573,0.05,1,2372535,2372110,425
173106081,19.2751,28.8611,423,41610,0.0652629,0.03,1,2372556,2372133,423
173109001,25.71,29.5444,423,41661,0.0321052,0.07,1,2372586,2372163,423
173111921,31.284,32.8178,423,41712,0.0188421,0.03,1,2372621,2372198,423
173114841,36.5136,35.9271,425,41763,0.0135368,0.07,1,2372661,2372236,425
173117761,24.8054,23.9708,426,41814,0.0234147,0.11,1,2372678,2372252,426
173120681,50.1222,47.9883,429,41864,0.0513659,0.15,1,2372745,2372316,429
173123601,33.2489,32.3953,429,41914,0.0505464,0.15,1,2372767,2372338,429
173126521,27.6995,27.3581,429,41964,0.0982185,0.13,1,2372791,2372362,429
173155721,36.3741,36.5136,422,42464,0.0845883,0.03,1,2373083,2372661,422
173158641,25.3496,24.8054,423,42514,0.0638353,0.07,1,2373101,2372678,423
173161561,50.9399,50.1222,424,42564,0.0795341,0.05,1,2373169,2372745,424
173211201,32.4108,28.6521,461,43399,0.220738,0.15,1,2373678,2373217,461
173214121,38.1643,31.2608,470,43448,0.238295,0.13,1,2373720,2373250,470
173217041,16.4657,38.3043,429,43497,0.245318,0.13,1,2373722,2373293,429
173219961,38.9863,16.5217,481,43546,0.296127,0.17,1,2373776,2373295,481
173240401,24.6658,34.9873,447,43882,0.405688,0.17,1,2373953,2373506,447
173243321,53.0663,24.7949,501,43930,0.420275,0.19,1,2374025,2373524,501
173246241,34.4265,51.918,453,43978,0.43811,0.19,1,2374047,2373594,453
173310481,17.1549,16.632,451,45021,0.752362,0.61,2,2374703,2374252,451
173313401,20.062,20.4528,450,45068,0.762945,0.57,2,2374725,2374275,450
173316321,26.0248,26.1811,450,45115,0.767178,0.57,2,2374755,2374305,450
173319241,29.6099,29.6724,450,45162,0.768871,0.57,2,2374787,2374337,450
173322161,13.044,13.069,450,45209,0.769548,0.61,2,2374789,2374339,450
173325081,28.0176,28.0276,450,45256,0.805819,0.59,2,2374827,2374377,450
173328001,23.207,22.611,451,45303,0.820328,0.63,2,2374847,2374396,451
173330921,53.6828,52.2444,453,45350,0.862131,0.65,2,2374921,2374468,453
173333841,35.8731,34.6978,454,45397,0.890852,0.67,2,2374945,2374491,454
173555761,341.666,350.135,495,21900,0.418,1,1,2377315,2376820,495
173576201,37.7443,47.9116,435,22569,0.214037,0.03,1,2377727,2377292,435
173582041,81.6391,53.9859,521,22757,0.083446,0.11,1,2377904,2377383,521
173584961,69.2556,79.7943,485,22850,0.0873784,0.11,1,2377965,2377480,485
173593721,53.9924,53.4908,483,23127,0.200712,0.21,1,2378131,2377648,483
173596641,34.7969,52.5963,453,23219,0.218285,0.23,1,2378153,2377700,453
173602481,81.4075,65.8954,516,23401,0.213726,0.07,1,2378328,2377812,516
173605401,69.763,81.5582,486,23492,0.27149,0.09,1,2378390,2377904,486
173625841,67.8517,81.4074,433,24117,0.408989,0.31,1,2378761,2378328,433
173628761,66.7407,69.763,437,24205,0.409596,0.33,1,2378827,2378390,437
173672561,69.1013,67.7139,449,25487,0.755555,0.59,2,2379651,2379202,449
173675481,67.8405,27.0856,516,25570,0.812222,0.57,2,2379718,2379202,516
173678401,72.7362,51.0342,525,25653,0.846889,0.61,2,2379794,2379269,525
173681321,59.0945,64.8137,501,25736,0.860756,0.69,2,2379844,2379343,501
173795201,44.9052,62.4311,512,28772,0.873558,1,2,2381945,2381433,512
173798121,62.9621,40.5724,561,28846,0.811423,1,2,2382020,2381459,561
173801041,62.9848,64.829,543,28919,0.810569,1,2,2382083,2381540,543
173803961,47.3939,69.1316,508,28992,0.762228,1,2,2382120,2381612,508
173841921,33.0907,46.3772,454,29927,0.758293,0.59,2,2382724,2382270,454
173844841,32.4363,38.3509,453,29998,0.789317,0.63,2,2382756,2382303,453
173847761,57.3745,58.5404,455,30069,0.789727,0.67,2,2382830,2382375,455
173850681,43.9498,42.6161,458,30139,0.801891,0.67,2,2382865,2382407,458
173853601,58.3799,59.6465,455,30209,0.830756,0.73,2,2382933,2382478,455
173856521,62.952,62.8586,456,30279,0.854303,0.69,2,2382999,2382543,456
173859441,46.1808,45.5434,457,30349,0.875721,0.69,2,2383034,2382577,457
174005441,39.5952,52.0902,475,33657,0.88696,1,2,2385310,2384835,475
174025881,32.1139,30.375,498,34094,0.0912727,1,1,2385636,2385138,498
174028801,31.4456,38.55,485,34156,0.0665091,0.96,1,2385667,2385182,485
174031721,34.7782,44.22,474,34218,0.0326036,0.96,1,2385704,2385230,474
174034641,36.1113,17.688,511,34280,0.0190415,0.97,1,2385741,2385230,511
174037561,33.0445,32.8752,499,34342,0.00761658,0.83,1,2385772,2385273,499
174040481,48.0178,35.3501,520,34404,0.0570466,0.65,1,2385830,2385310,520
174043401,39.6071,55.54,485,34465,0.0288187,0.57,1,2385864,2385379,485
174046321,43.4428,44.416,494,34526,0.0175275,0.35,1,2385910,2385416,494
174049241,44.3771,51.3664,483,34587,0.013011,0.21,1,2385955,2385472,483
174052161,44.7509,53.5466,473,34648,0.0472044,0.03,1,2386000,2385527,473
174055081,35.9003,51.4186,453,34709,0.0548818,0.11,1,2386030,2385577,453
174058001,31.1601,39.7674,449,34770,0.0519527,0.07,1,2386058,2385609,449
174060921,32.8641,32.107,456,34831,0.0627811,0.05,1,2386092,2385636,456
174063841,32.9456,31.4428,458,34892,0.0671124,0.01,1,2386125,2385667,458
174066761,36.5782,34.7771,460,34953,0.044845,0.01,1,2386164,2385704,460
174069681,32.6313,36.1108,453,35013,0.017938,0,1,2386194,2385741,453
174072601,48.4525,33.0443,481,35073,0.0371752,0.09,1,2386253,2385772,481
174075521,39.181,48.0177,456,35133,0.0208701,0.01,1,2386286,2385830,456
174078441,43.2724,39.6071,468,35193,0.026348,0.01,1,2386332,2385864,468
174081361,44.309,43.4428,467,35253,0.0105392,0.01,1,2386377,2385910,467
174084281,45.3236,44.3771,468,35313,0.0222157,0.07,1,2386423,2385955,468
174087201,37.3294,44.7509,455,35373,0.0148863,0.06,1,2386455,2386000,455
174090121,31.7318,35.9003,453,35433,0.0239545,0.05,1,2386483,2386030,453
174093041,32.4927,31.1601,458,35493,0.0275818,0.07,1,2386516,2386058,458
174095961,32.7971,32.8641,457,35553,0.0290327,0.07,1,2386549,2386092,457
174098881,35.3188,32.9456,461,35612,0.0296131,0.03,1,2386586,2386125,461
174101801,31.5275,36.5782,451,35671,0.0118452,0,1,2386615,2386164,451
174104721,13.811,32.6313,423,35730,0.0107381,0.05,1,2386617,2386194,423
174107641,41.5244,48.4525,424,35789,0.0102952,0.01,1,2386677,2386253,424
174110561,36.4098,39.181,424,35848,0.0221181,0.03,1,2386710,2386286,424
174113481,40.9639,43.2724,422,35907,0.0388472,0,1,2386754,2386332,422
174116401,44.5856,44.309,424,35966,0.0215389,0.03,1,2386801,2386377,424
174119321,45.4342,45.3236,424,36025,0.0386156,0.01,1,2386847,2386423,424
174122241,37.3737,37.3294,424,36084,0.0214462,0.03,1,2386879,2386455,424
174125161,31.1495,31.7318,423,36143,0.0265785,0.03,1,2386906,2386483,423
174128081,32.2598,32.4927,423,36201,0.0526314,0.03,1,2386939,2386516,423
174131001,33.3039,32.7971,424,36259,0.0390526,0.03,1,2386973,2386549,424
174133921,34.9216,35.3188,423,36317,0.057621,0,1,2387009,2386586,423
174136841,31.3686,31.5275,423,36375,0.0410484,0.01,1,2387038,2386615,423
174139761,13.7475,13.811,423,36433,0.0344194,0.01,1,2387040,2386617,423
174142681,41.499,41.5244,423,36491,0.0437677,0.03,1,2387100,2386677,423
174145601,35.7996,36.4098,422,36549,0.0595071,0.05,1,2387132,2386710,422
174148521,40.7198,40.9639,422,36607,0.0538028,0.01,1,2387176,2386754,422
174151441,45.6879,44.5856,424,36665,0.0635211,0.05,1,2387225,2386801,424
174154361,45.8752,45.4342,424,36723,0.0554085,0.01,1,2387271,2386847,424
174157281,37.5501,37.3737,424,36781,0.0761634,0.03,1,2387303,2386879,424
174160201,30.62,31.1495,423,36838,0.0604654,0.07,1,2387329,2386906,423
174163121,32.048,32.2598,423,36895,0.0421861,0.03,1,2387362,2386939,423
174166041,32.6192,33.3039,422,36952,0.0588745,0.07,1,2387395,2386973,422
174168961,35.2477,34.9216,423,37009,0.0415498,0.03,1,2387432,2387009,423
174171881,30.8991,31.3686,422,37066,0.0346199,0.03,1,2387460,2387038,422
174174801,13.5596,13.7475,422,37123,0.031848,0.05,1,2387462,2387040,422
174177721,41.4239,41.499,422,37180,0.0547392,0.05,1,2387522,2387100,422
174180641,36.3695,16.5996,455,37237,0.0638957,0.07,1,2387555,2387100,455
174183561,39.7478,25.8398,465,37294,0.0555583,0.05,1,2387597,2387132,465
174186481,45.8991,36.7359,471,37351,0.0642233,0.07,1,2387647,2387176,471
174189401,47.1597,44.0944,470,37408,0.0796893,0.05,1,2387695,2387225,470
174192321,37.4639,45.2377,455,37464,0.0858757,0.09,1,2387726,2387271,455
174195241,30.5855,37.2951,449,37520,0.0883503,0.05,1,2387752,2387303,449
174198161,32.0342,30.518,456,37576,0.0773401,0.03,1,2387785,2387329,456
174201081,32.0137,32.0072,455,37632,0.096936,0.07,1,2387817,2387362,455
174227361,37.4164,47.1596,456,38135,0.219862,0.09,1,2388151,2387695,456
174230281,30.5666,37.4639,451,38190,0.249945,0.09,1,2388177,2387726,451
174233201,31.4266,30.5855,457,38245,0.273978,0.07,1,2388209,2387752,457
174262401,49.5079,48.5411,433,38795,0.437061,0.25,1,2388554,2388121,433
174312041,36.725,35.1698,449,39709,0.752112,0.57,2,2389131,2388682,449
174314961,39.29,37.4679,451,39762,0.762845,0.59,2,2389172,2388721,451
174317881,31.316,30.5872,451,39815,0.767138,0.59,2,2389198,2388747,451
174320801,13.7264,13.4349,451,39868,0.780855,0.63,2,2389200,2388749,451
174323721,42.6906,42.5739,451,39921,0.786342,0.65,2,2389262,2388811,451
174326641,36.8762,36.2296,452,39974,0.800537,0.61,2,2389295,2388843,452
174329561,15.9505,15.6918,452,40027,0.782215,0.61,2,2389297,2388845,452
174332481,32.7802,32.6767,452,40080,0.810886,0.61,2,2389341,2388889,452
174335401,44.9121,13.0707,505,40133,0.810354,0.65,2,2389394,2388889,505
174338321,52.1648,36.4283,510,40186,0.822142,0.67,2,2389451,2388941,510
174341241,41.8659,49.3713,487,40239,0.826857,0.73,2,2389486,2388999,487
174344161,34.1464,38.9485,484,40291,0.840743,0.73,2,2389515,2389031,484
174347081,34.0585,31.7794,491,40343,0.858297,0.73,2,2389549,2389058,491
174350001,37.0234,33.1118,496,40395,0.853319,0.77,2,2389588,2389092,496
174352921,40.0094,36.6447,499,40447,0.851328,0.77,2,2389630,2389131,499
174355841,32.8037,39.2579,486,40499,0.862531,0.77,2,2389658,2389172,486
174358761,14.3215,31.3032,462,40551,0.867012,0.79,2,2389660,2389198,462
174361681,41.7286,13.7213,520,40603,0.892805,0.79,2,2389720,2389200,520
174551481,317.977,349.033,474,18980,0.834928,1,2,2391989,2391515,474
174554401,193.191,186.413,506,19818,0.819971,0.95,2,2392099,2391593,506
174557321,128.276,127.365,503,19925,0.873989,0.89,2,2392184,2391681,503
174633241,78.2159,71.7864,496,22529,0.886,1,2,2394015,2393519,496
174636161,60.6864,28.7146,545,22623,0.8884,1,2,2394064,2393519,545
174639081,70.4745,63.0858,536,22717,0.85336,1,2,2394141,2393605,536
174642001,95.9898,60.0343,591,22810,0.875344,1,2,2394254,2393663,591
174767561,70.9178,44.7395,560,26511,0.874,1,2,2396855,2396295,560
174770481,51.7671,74.8958,504,26591,0.7636,1,2,2396894,2396390,504
174779241,71.7611,46.0973,564,26829,0.28383,1,1,2397088,2396524,564
174788001,38.0487,55.4862,483,27065,0.0512851,1,1,2397213,2396730,483
174790921,35.0195,43.7945,480,27143,0.0865141,0.79,1,2397246,2396766,480
174793841,52.4078,70.9178,455,27221,0.0526056,0.69,1,2397310,2396855,455
174796761,42.5631,51.7671,452,27299,0.0390422,0.51,1,2397346,2396894,452
174799681,50.6252,61.5068,440,27377,0.0216169,0.35,1,2397402,2396962,440
174802601,41.2501,47.4027,437,27454,0.0266468,0.17,1,2397437,2397000,437
174805521,64.5,71.7611,429,27531,0.0166587,0.07,1,2397517,2397088,429
174808441,72,77.3044,425,27608,0.0726635,0.11,1,2397594,2397169,425
174811361,30,32.1218,425,27685,0.0950654,0,1,2397596,2397171,425
174814281,38.4,38.0487,427,27761,0.0380262,0.11,1,2397640,2397213,427
174817201,35.16,35.0195,427,27837,0.0812105,0.03,1,2397673,2397246,427
174852241,50.5598,40.9248,482,28736,0.226625,0.15,1,2398250,2397768,482
174855161,41.8239,49.9699,462,28810,0.25265,0.15,1,2398286,2397824,462
174858081,67.7296,40.988,512,28883,0.29906,0.19,1,2398371,2397859,512
174872681,53.2497,36.6204,491,29248,0.407194,0.19,1,2398589,2398098,491
174942761,70.1316,71.5053,450,30937,0.757125,0.67,2,2399707,2399257,450
174945681,79.6527,78.4021,453,31005,0.83685,0.67,2,2399793,2399340,453
174948601,33.0611,32.5609,453,31073,0.86874,0.63,2,2399795,2399342,453
174951521,36.0244,35.8243,453,31141,0.893496,0.65,2,2399833,2399380,453
174960281,46.0336,6.51676,518,31345,0.896944,0.65,2,2399939,2399421,518
175062481,44.4995,38.9037,502,33625,0.837183,1,2,2401529,2401027,502
175065401,62.1998,69.5615,486,33688,0.772873,1,2,2401603,2401117,486
175112121,36.1833,35.3303,480,34679,0.75205,0.61,2,2402262,2401782,480
175115041,29.4733,33.3321,473,34740,0.79882,0.61,2,2402287,2401814,473
175117961,40.5893,27.7328,497,34801,0.817528,0.57,2,2402335,2401838,497
175120881,34.8357,39.8931,480,34862,0.837011,0.63,2,2402366,2401886,480
175123801,28.3343,33.9573,474,34923,0.844804,0.61,2,2402390,2401916,474
175126721,46.7337,28.5829,508,34984,0.835922,0.61,2,2402449,2401941,508
175129641,55.2935,44.4332,514,35044,0.892369,0.63,2,2402510,2401996,514
175313601,40.8047,46.4655,508,38660,0.8404,1,2,2405040,2404532,508
175322361,33.5715,35.2058,509,38824,0.440426,1,1,2405145,2404636,509
175331121,27.4446,31.1252,495,38986,0.0737872,1,1,2405233,2404738,495
175334041,28.3778,34.0501,488,39040,0.0475149,1,1,2405262,2404774,488
175336961,41.3511,46.02,484,39094,0.025006,1,1,2405312,2404828,484
175339881,36.3405,38.808,483,39148,0.0160024,1,1,2405345,2404862,483
175342801,33.7362,32.3232,487,39202,0.00640095,1,1,2405377,2404890,487
175345721,52.4945,55.5293,481,39256,0.00856038,0.91,1,2405442,2404961,481
175348641,38.9978,48.0117,468,39310,0.00942415,0.77,1,2405472,2405004,468
175351561,32.3991,40.8047,460,39364,0.00376966,0.59,1,2405500,2405040,460
175354481,30.9596,37.3219,455,39418,0.0195079,0.45,1,2405530,2405075,455
175357401,29.7839,38.9287,444,39472,0.0138031,0.37,1,2405559,2405115,444
175360321,25.7135,33.5715,437,39526,0.0235213,0.25,1,2405582,2405145,437
175363241,26.4854,32.0286,433,39579,0.0274085,0.09,1,2405609,2405176,433
175366161,25.5942,32.6114,425,39632,0.0169634,0,1,2405634,2405209,425
175369081,23.4377,27.4446,423,39685,0.0367854,0.03,1,2405656,2405233,423
175372001,27.3751,28.3778,424,39738,0.0327141,0.01,1,2405686,2405262,424
175374921,40.35,41.3511,423,39791,0.0310857,0.01,1,2405735,2405312,423
175377841,35.94,36.3405,423,39844,0.0304343,0,1,2405768,2405345,423
175380761,32.976,33.7362,422,39897,0.0781737,0.01,1,2405799,2405377,422
175383681,53.9904,52.4945,425,39950,0.0612695,0.01,1,2405867,2405442,425
175386601,38.3962,38.9978,423,40003,0.0305078,0,1,2405895,2405472,423
175389521,31.5585,32.3991,422,40056,0.0302031,0.03,1,2405922,2405500,422
175392441,31.8234,30.9596,424,40109,0.0900812,0.03,1,2405954,2405530,424
175404121,26.7011,25.2966,448,40320,0.0622581,0.01,1,2406057,2405609,448
175407041,22.6804,25.1186,443,40372,0.0429032,0.05,1,2406077,2405634,443
175409961,27.6722,23.2475,452,40424,0.0351613,0.03,1,2406108,2405656,452
175412881,39.8689,27.299,470,40476,0.0440645,0.03,1,2406156,2405686,470
175415801,35.7475,40.3196,454,40528,0.0356258,0.03,1,2406189,2405735,454
175418721,33.499,35.9278,453,40580,0.0562503,0.11,1,2406221,2405768,453
175421641,54.7996,32.9711,491,40632,0.0885001,0.05,1,2406290,2405799,491
175427481,31.2079,38.3954,448,40736,0.05856,0.03,1,2406343,2405895,448
175430401,35.2832,31.5582,459,40788,0.065424,0.13,1,2406381,2405922,459
175433321,29.7133,31.8233,453,40840,0.0801696,0.13,1,2406407,2405954,453
175436241,25.6853,28.3293,450,40892,0.0980678,0.11,1,2406430,2405980,450
175442081,24.8696,26.2527,449,40996,0.0960909,0.03,1,2406479,2406030,449
175445001,22.5479,26.7011,443,41047,0.0804363,0.03,1,2406500,2406057,443
175447921,27.6191,22.6804,454,41098,0.0381745,0.03,1,2406531,2406077,454
175450841,38.6477,27.6722,469,41149,0.0212698,0.05,1,2406577,2406108,469
175453761,35.2591,39.8689,454,41200,0.00850793,0.03,1,2406610,2406156,454
175456681,36.3036,35.7475,458,41251,0.0334032,0.07,1,2406647,2406189,458
175474201,13.7189,29.7133,428,41557,0.0960504,0.11,1,2406835,2406407,428
175488801,25.784,27.6191,424,41812,0.0885644,0.01,1,2406955,2406531,424
175491721,36.7136,38.6477,422,41862,0.0414257,0,1,2406999,2406577,422
175494641,34.4854,35.2591,422,41912,0.0225703,0.05,1,2407032,2406610,422
175497561,37.1942,36.3036,424,41962,0.0150281,0.15,1,2407071,2406647,424
175500481,59.2777,55.9215,429,42012,0.0120112,0.15,1,2407145,2406716,429
175503401,38.7111,36.7686,430,42062,0.0348045,0.17,1,2407170,2406740,430
175506321,29.8844,29.1074,430,42112,0.0319218,0.11,1,2407194,2406764,430
175509241,34.7538,36.243,427,42162,0.0547687,0.09,1,2407232,2406805,427
175512161,30.1015,31.2972,426,42212,0.0639075,0.09,1,2407259,2406833,426
175515081,13.2406,13.7189,426,42262,0.091563,0.13,1,2407261,2406835,426
175532601,34.663,36.7136,422,42562,0.0852525,0.01,1,2407421,2406999,422
175535521,33.6652,34.4854,422,42612,0.052101,0.01,1,2407454,2407032,422
175538441,36.8661,37.1942,422,42662,0.0508404,0.01,1,2407493,2407071,422
175541361,59.7464,59.2777,423,42711,0.0383362,0.05,1,2407568,2407145,423
175544281,38.2986,38.7111,422,42760,0.0453345,0.03,1,2407592,2407170,422
175547201,30.3194,29.8844,423,42809,0.0601338,0.07,1,2407617,2407194,423
175550121,35.5278,34.7538,424,42858,0.0660535,0.07,1,2407656,2407232,424
175553041,31.0111,30.1015,425,42907,0.0684214,0.11,1,2407684,2407259,425
175555961,13.6044,13.2406,425,42956,0.0693686,0.11,1,2407686,2407261,425
175558881,18.6418,18.4962,425,43005,0.0697474,0.11,1,2407708,2407283,425
175561801,21.8567,7.3985,449,43054,0.069899,0.11,1,2407732,2407283,449
175564721,23.7427,17.9594,449,43103,0.0819596,0.13,1,2407757,2407308,449
175579321,36.3247,33.6197,460,43348,0.0597161,0.05,1,2407914,2407454,460
175582241,59.5299,36.8479,496,43397,0.0658864,0.03,1,2407989,2407493,496
175585161,38.212,59.7392,445,43446,0.0563546,0.05,1,2408013,2407568,445
175588081,31.4848,38.2957,448,43495,0.0885418,0.07,1,2408040,2407592,448
175608521,25.6533,23.7427,452,43832,0.229196,0.13,1,2408209,2407757,452
175611441,25.8613,24.4971,453,43880,0.265678,0.15,1,2408235,2407782,453
175614361,29.5445,24.1988,461,43928,0.256271,0.17,1,2408267,2407806,461
175617281,29.8178,31.2795,455,43976,0.252509,0.07,1,2408297,2407842,455
175620201,35.9271,32.3118,462,44024,0.239003,0.03,1,2408337,2407875,462
175623121,58.7709,36.3247,497,44072,0.281601,0.07,1,2408411,2407914,497
175626041,38.5083,59.5299,447,44120,0.286641,0.05,1,2408436,2407989,447
175646481,25.591,22.3333,458,44456,0.401207,0.21,1,2408614,2408156,458
175649401,11.4364,25.1333,433,44503,0.406483,0.25,1,2408616,2408183,433
175652321,20.7746,25.6533,434,44550,0.432593,0.29,1,2408643,2408209,434
175655241,23.9098,25.8613,434,44597,0.431037,0.25,1,2408669,2408235,434
175658161,28.7639,29.5445,434,44644,0.430415,0.25,1,2408701,2408267,434
175664001,36.0422,35.9271,435,44738,0.439666,0.31,1,2408772,2408337,435
175760361,35.9731,39.0587,480,46270,0.754906,0.55,2,2409798,2409318,480
175763281,37.7892,34.8235,487,46316,0.775963,0.59,2,2409837,2409350,487
175766201,36.1157,37.3294,483,46362,0.808385,0.63,2,2409872,2409389,483
175769121,15.6463,34.1318,453,46407,0.845354,0.65,2,2409874,2409421,453
175772041,21.8585,14.8527,477,46452,0.872142,0.61,2,2409900,2409423,477
175774961,24.3434,21.5411,477,46497,0.882857,0.61,2,2409926,2409449,477
175777881,25.3374,24.2164,477,46542,0.887143,0.65,2,2409952,2409475,477
175780801,11.3349,25.2866,453,46587,0.888857,0.61,2,2409954,2409501,453
175783721,20.134,11.3146,477,46632,0.889543,0.63,2,2409980,2409503,477
175970601,336.9,344.244,507,21900,0.874,1,2,2411994,2411487,507
175998341,214.824,215.399,469,22724,0.26344,0.29,1,2412603,2412134,469
176001261,141.73,141.36,470,22817,0.231376,0.25,1,2412696,2412226,470
176004181,93.8918,102.144,456,22910,0.24255,0.11,1,2412758,2412302,456
176007101,89.7567,73.2575,489,23003,0.23502,0.11,1,2412845,2412356,489
176010021,49.7027,73.703,438,23095,0.244008,0.13,1,2412868,2412430,438
176012941,40.2811,43.8812,448,23187,0.223603,0.11,1,2412902,2412454,448
176015861,68.9124,44.5525,491,23278,0.203441,0.19,1,2412990,2412499,491
176018781,52.765,55.621,470,23369,0.207377,0.13,1,2413032,2412562,470
176021701,78.706,46.8484,525,23460,0.256951,0.21,1,2413128,2412603,525
176024621,68.6824,74.5394,494,23550,0.25278,0.25,1,2413190,2412696,494
176027541,79.673,67.0157,519,23640,0.275112,0.23,1,2413277,2412758,519
176039221,28.2284,68.2244,432,23997,0.402323,0.21,1,2413422,2412990,432
176042141,36.4914,52.4898,432,24085,0.430929,0.29,1,2413464,2413032,432
176080101,40.4976,39.5397,451,25205,0.785798,0.63,2,2414225,2413774,451
176083021,70.7991,68.6159,454,25289,0.860319,0.63,2,2414316,2413862,454
176085941,29.5196,28.6464,454,25373,0.890128,0.65,2,2414318,2413864,454
176088861,37.0078,36.6585,454,25457,0.890051,0.65,2,2414360,2413906,454
176091781,76.0031,14.6634,556,25540,0.89002,0.71,2,2414462,2413906,556
176205661,44.4262,47.0819,511,28595,0.848888,1,2,2416596,2416085,511
176211501,54.0282,75.0931,515,28743,0.425022,0.97,1,2416733,2416218,515
176214421,39.0113,49.8372,511,28817,0.272009,1,1,2416762,2416251,511
176220261,63.6018,65.334,547,28963,0.0519214,1,1,2416902,2416355,547
176223181,43.4407,71.1336,502,29036,0.0387686,1,1,2416932,2416430,502
176226101,47.3763,44.6534,525,29109,0.0155074,0.99,1,2416982,2416457,525
176229021,39.9505,52.6614,502,29182,0.036203,1,1,2417017,2416515,502
176231941,41.1802,42.0645,509,29255,0.0444812,0.75,1,2417059,2416550,509
176234861,62.6721,44.4258,540,29327,0.0597925,0.43,1,2417136,2416596,540
176237781,42.4688,76.5703,471,29399,0.065917,0.31,1,2417165,2416694,471
176243621,53.715,39.0113,495,29543,0.0837467,0.01,1,2417257,2416762,495
176246541,63.486,60.0045,491,29615,0.0514987,0.01,1,2417327,2416836,491
176249461,40.9944,63.6018,451,29686,0.0205995,0.03,1,2417353,2416902,451
176252381,46.3978,43.4407,471,29757,0.0142398,0,1,2417403,2416932,471
176255301,40.1591,47.3763,457,29828,0.0116959,0.05,1,2417439,2416982,457
176258221,17.2636,39.9505,424,29899,0.0106784,0.05,1,2417441,2417017,424
176261141,30.9055,41.1802,422,29970,0.0582713,0.07,1,2417481,2417059,422
176264061,59.1622,62.6721,423,30041,0.0893085,0.07,1,2417559,2417136,423
176275741,63.6218,63.486,424,30321,0.0699663,0,1,2417751,2417327,424
176278661,39.8487,40.9944,422,30391,0.0279865,0.01,1,2417775,2417353,422
176281581,48.3395,46.3978,426,30461,0.0171946,0.01,1,2417829,2417403,426
176284501,38.5358,40.1591,422,30530,0.0128778,0.01,1,2417861,2417439,422
176287421,16.6143,17.2636,422,30599,0.0111511,0.09,1,2417863,2417441,422
176290341,33.0457,30.9055,426,30668,0.0344605,0.11,1,2417907,2417481,426
176293261,60.6183,59.1622,427,30737,0.0677842,0.15,1,2417986,2417559,427
176296181,44.6473,43.4649,428,30806,0.0811137,0.17,1,2418020,2417592,428
176299101,30.4589,29.3859,429,30875,0.0744455,0.19,1,2418041,2417612,429
176304941,58.8734,63.6218,422,31012,0.0851113,0,1,2418173,2417751,422
176307861,37.9494,39.8487,422,31080,0.0520445,0.01,1,2418197,2417775,422
176310781,47.5797,48.3395,422,31148,0.0508178,0.01,1,2418251,2417829,422
176313701,38.2319,38.5358,422,31216,0.0503271,0.01,1,2418283,2417861,422
176316621,16.4928,16.6143,422,31284,0.0261308,0.01,1,2418285,2417863,422
176319541,34.1971,6.64573,468,31352,0.0284523,0.05,1,2418331,2417863,468
176322461,61.6788,29.0583,504,31419,0.0533809,0.09,1,2418411,2417907,504
176325381,43.8715,59.0233,457,31486,0.0873524,0.09,1,2418443,2417986,457
176339981,47.1436,37.933,475,31821,0.0772241,0.05,1,2418672,2418197,475
176342901,38.0575,47.5732,453,31887,0.0608896,0.05,1,2418704,2418251,453
176345821,16.423,38.2293,423,31953,0.0543558,0.01,1,2418706,2418283,423
176348741,34.7692,16.4917,468,32019,0.0397423,0.03,1,2418753,2418285,468
176351661,63.7077,34.1967,505,32085,0.0698969,0.07,1,2418836,2418331,505
176354581,45.2831,61.6787,458,32151,0.0819588,0.11,1,2418869,2418411,458
176363341,57.6181,55.6194,486,32349,0.258925,0.13,1,2419022,2418536,486
176366261,35.0472,57.6478,447,32414,0.28957,0.11,1,2419042,2418595,447
176369181,45.8189,36.8591,477,32479,0.277828,0.05,1,2419095,2418618,477
176372101,36.3276,47.1436,453,32544,0.273131,0.05,1,2419125,2418672,453
176375021,15.731,38.0575,423,32609,0.271253,0.05,1,2419127,2418704,423
176377941,35.0924,16.423,469,32674,0.246501,0.03,1,2419175,2418706,469
176380861,64.437,34.7692,506,32739,0.2246,0.09,1,2419259,2418753,506
176383781,26.9748,63.7077,425,32804,0.21584,0.09,1,2419261,2418836,425
176386701,32.3899,45.2831,428,32868,0.236336,0.13,1,2419297,2418869,428
176389621,24.956,30.1132,428,32932,0.268534,0.23,1,2419317,2418889,428
176392541,57.9824,57.0453,433,32996,0.293414,0.31,1,2419397,2418964,433
176401301,45.0629,45.8189,435,33188,0.400618,0.27,1,2419530,2419095,435
176404221,36.0251,36.3276,435,33252,0.430247,0.27,1,2419560,2419125,435
176407141,15.6101,15.731,435,33316,0.418099,0.23,1,2419562,2419127,435
176410061,32.644,35.0924,431,33379,0.42524,0.21,1,2419606,2419175,431
176497661,45.4839,38.4369,500,35230,0.785386,0.59,2,2420869,2420369,500
176500581,37.3936,45.3748,482,35290,0.824154,0.59,2,2420901,2420419,482
176503501,16.1574,37.3499,452,35350,0.839662,0.59,2,2420903,2420451,452
176506421,33.463,16.14,495,35410,0.893865,0.61,2,2420948,2420453,495
176886021,31.9149,58.3106,473,42465,0.885539,1,2,2425855,2425382,473
176888941,54.766,45.5242,506,42515,0.822216,1,2,2425925,2425419,506
176906461,37.2797,39.2277,496,42812,0.415194,1,1,2426143,2425647,496
176915221,41.1699,36.9266,495,42959,0.274972,1,1,2426244,2425749,495
176918141,31.468,32.1706,491,43008,0.235989,1,1,2426269,2425778,491
176921061,20.9872,12.8683,505,43057,0.256396,1,1,2426283,2425778,505
176923981,13.1949,14.7473,497,43106,0.216558,1,1,2426291,2425794,497
176929821,46.3912,30.6796,532,43204,0.0718493,0.78,1,2426387,2425855,532
176932741,37.7565,54.2718,494,43253,0.0707397,0.69,1,2426419,2425925,494
176935661,32.5026,43.3087,487,43302,0.0342959,0.67,1,2426448,2425961,487
176938581,33.401,37.7235,487,43351,0.0317184,0.59,1,2426482,2425995,487
176941501,33.1604,36.0894,485,43400,0.0306873,0.59,1,2426515,2426030,485
176944421,31.8642,34.2358,483,43449,0.0542749,0.45,1,2426546,2426063,483
176947341,31.9457,40.6943,470,43498,0.07571,0.35,1,2426578,2426108,470
176950261,28.3783,37.2777,461,43547,0.084284,0.35,1,2426604,2426143,461
176953181,25.1513,32.3111,455,43595,0.0997136,0.37,1,2426627,2426172,455
176970701,46.0991,27.4779,484,43883,0.202483,0.05,1,2426812,2426328,484
176973621,37.0396,46.3912,456,43931,0.254993,0.07,1,2426843,2426387,456
176976541,31.6159,37.7565,452,43979,0.251997,0.01,1,2426871,2426419,452
176979461,33.0463,32.5026,457,44027,0.250799,0.03,1,2426905,2426448,457
176982381,32.4185,33.401,455,44075,0.23832,0.03,1,2426937,2426482,455
176985301,33.3674,33.1604,456,44123,0.257328,0.07,1,2426971,2426515,456
176988221,32.547,31.8642,457,44171,0.264931,0.09,1,2427003,2426546,457
176991141,28.6188,31.9457,451,44219,0.291972,0.09,1,2427029,2426578,451
177072901,36.514,35.0131,448,45536,0.759182,0.55,2,2427854,2427406,448
177075821,34.4056,33.8052,448,45582,0.765673,0.55,2,2427887,2427439,448
177078741,30.5622,29.7221,449,45628,0.768269,0.55,2,2427915,2427466,449
177081661,26.6249,26.2888,449,45674,0.781308,0.57,2,2427939,2427490,449
177084581,40.05,39.3155,450,45720,0.762523,0.61,2,2427988,2427538,450
177087501,37.02,34.9262,453,45766,0.767009,0.67,2,2428023,2427570,453
177090421,19.608,18.7705,453,45812,0.768804,0.63,2,2428031,2427578,453
177113781,31.5736,32.8863,486,46180,0.756322,0.75,2,2428270,2427784,486
177116701,37.2294,31.1545,497,46226,0.752529,0.77,2,2428311,2427814,497
177145901,48.4723,21.2949,523,46679,0.782023,0.75,2,2428597,2428074,523
177148821,41.5889,48.718,493,46724,0.810809,0.71,2,2428634,2428141,493
177151741,33.4356,41.0872,485,46769,0.846324,0.71,2,2428662,2428177,485
177154661,35.5742,33.8349,493,46814,0.860529,0.75,2,2428699,2428206,493
177300661,28.4125,35.7633,511,49014,0.87208,1,2,2430198,2429687,511
177303581,32.365,33.5053,514,49057,0.846832,1,2,2430233,2429719,514
177306501,35.146,36.2021,513,49100,0.764733,1,2,2430270,2429757,513
177318181,32.6277,35.4772,507,49272,0.442217,1,1,2430401,2429894,507
177324021,30.1804,24.9963,517,49358,0.256755,1,1,2430460,2429943,517
177326941,24.0722,24.9985,512,49401,0.216702,1,1,2430480,2429968,512
177332781,26.6515,30.6398,508,49487,0.0838723,1,1,2430533,2430025,508
177335701,25.6606,32.6559,499,49530,0.0395489,1,1,2430558,2430059,499
177338621,29.4642,29.8624,503,49573,0.0698196,1,1,2430590,2430087,503
177341541,29.1857,29.9449,502,49615,0.0459278,0.88,1,2430619,2430117,502
177344461,21.2743,30.578,487,49657,0.0603711,0.89,1,2430635,2430148,487
177347381,23.5097,23.0312,494,49699,0.0541485,0.85,1,2430660,2430166,494
177350301,28.0039,28.4125,493,49741,0.0516594,0.83,1,2430691,2430198,493
177353221,29.8016,32.365,489,49783,0.0386638,0.71,1,2430722,2430233,489
177356141,27.5206,35.146,478,49825,0.0814655,0.65,1,2430748,2430270,478
177359061,29.6082,32.0584,479,49867,0.0985862,0.53,1,2430779,2430300,479
177361981,30.4433,34.4234,474,49909,0.0694345,0.47,1,2430810,2430336,474
177364901,28.3773,33.5693,468,49951,0.0577738,0.39,1,2430837,2430369,468
177367821,27.5509,32.6277,463,49993,0.0531095,0.25,1,2430864,2430401,463
177370741,26.6204,30.4511,460,50035,0.0512438,0.21,1,2430890,2430430,460
177373661,19.0481,30.1804,444,50077,0.0384975,0.19,1,2430904,2430460,444
177376581,22.0193,24.0722,448,50119,0.057399,0.13,1,2430928,2430480,448
177379501,26.8077,24.6289,453,50161,0.0769596,0.03,1,2430958,2430505,453
177382421,26.3231,26.6515,451,50203,0.0487838,0.01,1,2430984,2430533,451
177385341,27.3292,25.6606,454,50245,0.0735135,0.09,1,2431012,2430558,454
177388261,29.5317,29.4642,453,50287,0.0714054,0.03,1,2431043,2430590,453
177391181,13.0127,29.1857,426,50329,0.0705622,0.07,1,2431045,2430619,426
177394101,13.6051,21.2743,424,50371,0.0702249,0.05,1,2431059,2430635,424
177397021,20.442,23.5097,424,50413,0.0580899,0.05,1,2431084,2430660,424
177399941,26.1768,28.0039,423,50455,0.041236,0.03,1,2431114,2430691,423
177402861,29.0707,29.8016,423,50497,0.0584944,0.11,1,2431145,2430722,423
177405781,29.6283,27.5206,427,50539,0.0413978,0.11,1,2431175,2430748,427
177408701,28.6513,29.6082,424,50581,0.0585591,0.05,1,2431203,2430779,424
177411621,31.2605,30.4433,426,50623,0.0534236,0.05,1,2431236,2430810,426
177414541,27.5042,28.3773,424,50665,0.0273695,0.05,1,2431261,2430837,424
177417461,27.8017,27.5509,425,50707,0.0409478,0.05,1,2431289,2430864,425
177420381,25.5207,26.6204,423,50749,0.0583791,0.03,1,2431313,2430890,423
177432061,25.3829,26.3231,424,50914,0.0945665,0.09,1,2431408,2430984,424
177434981,27.5532,27.3292,425,50955,0.0918266,0.07,1,2431437,2431012,425
177452501,28.4236,29.0707,422,51201,0.0977336,0.03,1,2431567,2431145,422
177481701,24.2435,25.3829,424,51611,0.21072,0.09,1,2431832,2431408,424
177484621,28.2974,27.5532,426,51652,0.210288,0.11,1,2431863,2431437,426
177490461,13.6476,13.0485,428,51734,0.205246,0.13,1,2431898,2431470,428
177493381,13.859,13.6194,428,51775,0.208098,0.13,1,2431912,2431484,428
177496301,17.5436,5.44776,448,51816,0.209239,0.15,1,2431932,2431484,448
177499221,25.0174,15.3791,456,51857,0.233696,0.09,1,2431962,2431506,456
177502141,28.007,24.7516,455,51898,0.243478,0.09,1,2431992,2431537,455
177505061,31.0028,27.9007,458,51939,0.247391,0.17,1,2432025,2431567,458
177507981,29.2011,29.7603,455,51980,0.248957,0.13,1,2432053,2431598,455
177510901,32.0804,28.7041,461,52021,0.249583,0.17,1,2432087,2431626,461
177513821,27.2322,30.6816,453,52061,0.261833,0.15,1,2432111,2431658,453
177516741,27.6929,27.2727,456,52101,0.278733,0.15,1,2432139,2431683,456
177519661,27.8771,27.7091,456,52141,0.285493,0.19,1,2432167,2431711,456
177522581,19.5509,27.8836,442,52181,0.288197,0.19,1,2432181,2431739,442
177525501,24.6203,19.5535,456,52221,0.289279,0.21,1,2432209,2431753,456
177528421,28.4481,24.0214,460,52261,0.289712,0.17,1,2432240,2431780,460
177534261,28.4317,24.2434,461,52341,0.294754,0.21,1,2432293,2431832,461
177537181,31.7727,28.2974,464,52381,0.291902,0.19,1,2432327,2431863,464
177540101,13.9091,31.1189,433,52421,0.290761,0.21,1,2432329,2431896,433
177543021,13.9636,13.6476,445,52461,0.290304,0.21,1,2432343,2431898,445
177551781,28.3497,25.0174,463,52581,0.423459,0.25,1,2432425,2431962,463
177554701,31.1399,28.007,466,52621,0.427384,0.25,1,2432458,2431992,466
177557621,29.2559,31.0028,461,52661,0.428954,0.25,1,2432486,2432025,461
177636461,27.8169,28.0155,446,53730,0.754053,0.51,2,2433174,2432728,446
177639381,32.1267,31.6062,447,53769,0.787621,0.51,2,2433209,2432762,447
177642301,14.0507,13.8425,447,53808,0.801049,0.53,2,2433211,2432764,447
177645221,15.2203,14.537,448,53847,0.806419,0.55,2,2433227,2432779,448
177648141,21.0881,20.2148,449,53886,0.820568,0.57,2,2433252,2432803,449
177651061,30.0352,28.4859,451,53925,0.850227,0.57,2,2433288,2432837,451
177653981,13.2141,12.5944,451,53964,0.862091,0.63,2,2433290,2432839,451
177656901,23.2856,23.0377,451,54003,0.854836,0.61,2,2433320,2432869,451
177659821,29.7143,28.4151,453,54042,0.887935,0.67,2,2433354,2432901,453
177662741,28.6857,28.166,453,54081,0.889174,0.67,2,2433382,2432929,453
177932841,280.147,297.713,468,26280,0.4084,0.87,1,2435975,2435507,468
177935761,152.859,145.485,492,26361,0.21736,0.81,1,2436043,2435551,492
177962041,61.8534,83.7667,426,27075,0.252846,0.09,1,2436469,2436043,426
177964961,52.9413,61.7067,426,27153,0.299138,0.13,1,2436516,2436090,426
177988321,63.4241,61.8353,434,27771,0.448866,0.33,1,2436903,2436469,434
178035041,57.6861,59.8125,502,28966,0.755024,0.53,2,2437659,2437157,502
178037961,64.4744,56.925,516,29039,0.78801,0.57,2,2437728,2437212,516
178040881,68.3898,62.97,520,29112,0.837204,0.63,2,2437799,2437279,520
178043801,56.7559,65.988,501,29185,0.856882,0.65,2,2437848,2437347,501
178046721,58.7024,55.1952,513,29258,0.852753,0.67,2,2437908,2437395,513
178049641,37.8809,56.8781,479,29330,0.875101,0.71,2,2437932,2437453,479
178052561,18.7524,36.5512,462,29402,0.89604,0.71,2,2437938,2437476,462
178175201,57.595,22.3894,570,32286,0.818128,1,2,2439968,2439398,570
178189801,44.8295,67.7691,500,32612,0.0893152,1,1,2440247,2439747,500
178192721,46.7318,47.5076,514,32677,0.0537261,1,1,2440295,2439781,514
178195641,29.4927,38.8031,499,32742,0.0514904,0.87,1,2440313,2439814,499
178198561,15.3971,29.9212,481,32807,0.0385962,0.97,1,2440319,2439838,481
178201481,18.7588,26.9685,477,32871,0.0214385,1,1,2440340,2439863,477
178204401,18.9035,26.9874,469,32935,0.0385754,0.71,1,2440359,2439890,469
178207321,45.9614,57.595,455,32999,0.0334302,0.61,1,2440423,2439968,455
178210241,36.9846,42.838,453,33063,0.0553721,0.37,1,2440454,2440001,453
178213161,53.7938,66.3352,436,33127,0.0641488,0.21,1,2440519,2440083,436
178219001,51.927,59.5736,423,33255,0.0834638,0.05,1,2440635,2440212,423
178221921,42.9708,44.8295,425,33319,0.0633855,0.03,1,2440672,2440247,425
178236521,18.5907,18.9035,422,33634,0.0534779,0.03,1,2440781,2440359,422
178239441,47.6363,45.9614,425,33697,0.0513911,0.07,1,2440848,2440423,425
178242361,37.0545,36.9846,424,33760,0.0625565,0.07,1,2440878,2440454,424
178245281,55.6218,53.7938,427,33823,0.0910226,0.13,1,2440946,2440519,427
178248201,66.6487,65.3175,428,33886,0.090409,0.07,1,2441020,2440592,428
178251121,49.4595,51.927,423,33948,0.0781636,0.05,1,2441058,2440635,423
178254041,41.3838,42.9708,422,34010,0.0732654,0.13,1,2441094,2440672,422
178256961,47.1535,45.3883,426,34072,0.0593062,0.13,1,2441145,2440719,426
178259881,29.0614,28.3553,426,34134,0.0537225,0.09,1,2441162,2440736,426
178262801,15.2246,14.9421,426,34196,0.051489,0.13,1,2441168,2440742,426
178265721,15.6898,17.9769,422,34258,0.0265956,0.13,1,2441184,2440762,422
178268641,17.0759,7.19074,440,34320,0.0286382,0.01,1,2441202,2440762,440
178271561,47.0304,14.2763,488,34382,0.0174553,0.05,1,2441269,2440781,488
178274481,38.6121,45.9105,454,34443,0.0369821,0.07,1,2441302,2440848,454
178277401,57.4449,36.3642,494,34504,0.0447928,0.11,1,2441372,2440878,494
178280321,65.5779,55.3457,497,34565,0.0719171,0.09,1,2441443,2440946,497
178306601,39.2448,47.0303,456,35112,0.217777,0.05,1,2441725,2441269,456
178309521,57.6979,38.6121,493,35172,0.249111,0.05,1,2441795,2441302,493
178312441,66.8792,57.4448,496,35232,0.297644,0.09,1,2441868,2441372,496
178329961,16.8478,14.9986,447,35591,0.404379,0.19,1,2442036,2441589,447
178332881,17.5391,16.1994,448,35650,0.407752,0.19,1,2442054,2441606,448
178335801,8.21564,17.2798,432,35709,0.409101,0.21,1,2442056,2441624,432
178338721,44.0863,47.1119,433,35768,0.44564,0.23,1,2442124,2441691,433
178391281,46.6919,47.0618,448,36818,0.763934,0.57,2,2442884,2442436,448
178394201,30.0768,29.6247,449,36875,0.767573,0.53,2,2442903,2442454,449
178397121,15.6307,15.4499,449,36932,0.769029,0.59,2,2442909,2442460,449
178405881,8.48836,8.23679,450,37103,0.756498,0.63,2,2442948,2442498,450
178408801,46.5953,45.8947,451,37160,0.776599,0.63,2,2443020,2442569,451
178423401,46.1251,54.1196,495,37445,0.761965,0.75,2,2443293,2442798,495
178426321,47.8501,44.4478,506,37501,0.802786,0.79,2,2443342,2442836,506
178429241,29.94,46.5791,476,37557,0.819114,0.77,2,2443360,2442884,476
178432161,15.576,30.0317,463,37613,0.825646,0.77,2,2443366,2442903,463
178435081,17.0304,15.6127,475,37669,0.828258,0.73,2,2443384,2442909,475
178438001,18.2122,17.0451,476,37725,0.853303,0.73,2,2443403,2442927,476
178440921,8.48486,18.218,459,37781,0.863321,0.77,2,2443405,2442946,459
178613201,46.758,37.1023,534,40949,0.826,1,2,2445718,2445184,534
178616121,35.5032,43.0409,515,41001,0.7504,1,2,2445746,2445231,515
178624881,31.4082,35.2506,507,41154,0.401546,1,1,2445844,2445337,507
178630721,33.8253,24.9601,524,41256,0.293447,1,1,2445907,2445383,524
178636561,39.732,33.3936,528,41358,0.0697516,1,1,2445981,2445453,528
178639481,35.6928,47.5574,504,41409,0.0339006,1,1,2446014,2445510,504
178642401,44.2771,39.423,520,41460,0.0435602,1,1,2446064,2445544,520
178645321,39.3109,37.9692,519,41511,0.0474241,1,1,2446100,2445581,519
178648241,16.9243,43.9877,473,41562,0.0249696,1,1,2446102,2445629,473
178651161,28.3697,40.3951,471,41613,0.0279879,0.71,1,2446138,2445667,471
178654081,35.9479,46.758,461,41664,0.0771951,0.7,1,2446179,2445718,461
178680361,33.8466,35.6928,425,42117,0.0756676,0.05,1,2446439,2446014,425
178683281,42.3387,44.2771,423,42167,0.084267,0.05,1,2446487,2446064,423
178686201,39.1355,39.3109,424,42217,0.0397068,0.01,1,2446524,2446100,424
178689121,16.8542,16.9243,424,42267,0.0458827,0.03,1,2446526,2446102,424
178692041,29.5417,28.3697,426,42317,0.0363531,0.11,1,2446564,2446138,426
178694961,36.4167,35.9479,426,42367,0.0685412,0.17,1,2446605,2446179,426
178697881,30.1667,28.1792,429,42417,0.0694165,0.17,1,2446631,2446202,429
178700801,31.2667,29.8717,430,42467,0.0937666,0.21,1,2446663,2446233,430
178703721,28.7067,28.1487,430,42517,0.0915066,0.17,1,2446690,2446260,430
178706641,23.4827,24.4595,428,42567,0.0906027,0.13,1,2446710,2446282,428
178709561,23.7931,25.3838,426,42617,0.0662411,0.19,1,2446734,2446308,426
178712481,31.7172,29.3535,431,42667,0.0924964,0.21,1,2446771,2446340,431
178727081,38.5952,39.1355,422,42912,0.0634912,0.05,1,2446946,2446524,422
178730001,16.6381,16.8542,422,42961,0.0553965,0.03,1,2446948,2446526,422
178732921,29.4552,29.5417,422,43010,0.0401586,0.03,1,2446986,2446564,422
178735841,36.9821,11.8167,464,43059,0.0700634,0.09,1,2447028,2446564,464
178738761,30.9928,29.3267,450,43108,0.0700254,0.07,1,2447055,2446605,450
178741681,31.5971,27.3307,456,43157,0.0820101,0.11,1,2447087,2446631,456
178762121,28.7736,35.6701,452,43500,0.205615,0.13,1,2447286,2446834,452
178765041,40.9094,30.468,474,43549,0.208246,0.15,1,2447335,2446861,474
178800081,37.0279,26.8349,473,44125,0.221396,0.21,1,2447693,2447220,473
178803001,29.2112,35.934,455,44173,0.250558,0.21,1,2447717,2447262,455
178805921,41.6845,28.7736,481,44221,0.262223,0.21,1,2447767,2447286,481
178808841,34.6738,40.9094,462,44269,0.290889,0.19,1,2447797,2447335,462
178814681,27.0278,15.4255,465,44365,0.294942,0.17,1,2447834,2447369,465
178817601,37.2111,28.9702,471,44413,0.291977,0.09,1,2447878,2447407,471
178820521,30.4844,39.1881,451,44460,0.290791,0.09,1,2447904,2447453,451
178823441,13.3938,31.2752,427,44507,0.290316,0.13,1,2447906,2447479,427
178838041,35.2453,34.1747,431,44742,0.440973,0.19,1,2448057,2447626,431
178928561,29.4178,37.1409,473,46182,0.761256,0.59,2,2448975,2448502,473
178931481,41.7671,29.8564,498,46228,0.790502,0.59,2,2449025,2448527,498
178934401,33.5069,40.1425,479,46274,0.838201,0.69,2,2449053,2448574,479
178937321,44.6027,30.457,507,46320,0.85728,0.71,2,2449105,2448598,507
178940241,35.8411,43.9828,484,46366,0.876912,0.67,2,2449135,2448651,484
178943161,15.5364,35.5931,456,46411,0.884765,0.71,2,2449137,2448681,456
178946081,26.6146,15.4372,488,46456,0.887906,0.69,2,2449171,2448683,488
178949001,37.0458,27.1749,497,46501,0.889162,0.69,2,2449215,2448718,497
178951921,30.4183,37.27,479,46546,0.889665,0.69,2,2449241,2448762,479
178954841,13.3673,30.508,455,46591,0.889866,0.69,2,2449243,2448788,455
179154861,177.717,170.989,501,22724,0.22312,0.95,1,2451375,2450874,501
179160701,93.2347,107.758,496,22910,0.0476992,0.79,1,2451549,2451053,496
179163621,69.0939,90.5033,470,23003,0.0730797,0.51,1,2451602,2451132,470
179166541,62.4376,68.6013,474,23095,0.0952319,0.33,1,2451660,2451186,474
179172381,32.19,36.7762,444,23278,0.0956371,0.25,1,2451715,2451271,444
179178221,90.8304,60.7242,532,23460,0.0645019,0.05,1,2451907,2451375,532
179181141,74.7322,90.2897,486,23550,0.0258008,0,1,2451971,2451485,486
179184061,62.8929,74.5159,477,23640,0.0883203,0.09,1,2452026,2451549,477
179198661,54.1477,61.8843,426,24085,0.211884,0.03,1,2452223,2451797,426
179207421,63.5375,62.8806,426,24348,0.0997205,0.17,1,2452452,2452026,426
179213261,44.846,43.1809,431,24522,0.221155,0.19,1,2452547,2452116,431
179216181,32.9384,31.6724,432,24608,0.226462,0.19,1,2452572,2452140,432
179219101,14.3754,13.8689,432,24694,0.228585,0.23,1,2452574,2452142,432
179222021,53.7501,54.1476,431,24780,0.205434,0.11,1,2452654,2452223,431
179224941,83.3001,85.859,427,24866,0.244174,0.09,1,2452757,2452330,427
179227861,70.52,73.3436,424,24951,0.295669,0.09,1,2452819,2452395,424
179233701,66.4832,62.615,433,25121,0.288507,0.25,1,2452947,2452514,433
179236621,45.7933,44.846,432,25205,0.277403,0.23,1,2452979,2452547,432
179239541,32.7173,32.9384,431,25289,0.296961,0.23,1,2453003,2452572,431
179245381,53.7148,53.7501,431,25457,0.283914,0.19,1,2453085,2452654,431
179292101,57.0388,14.2619,527,26757,0.769684,0.51,2,2453966,2453439,527
179295021,87.6155,54.3048,554,26836,0.817874,0.51,2,2454074,2453520,554
179297941,72.8462,86.5219,509,26915,0.83715,0.53,2,2454137,2453628,509
179300861,30.3385,71.8088,449,26994,0.84486,0.57,2,2454139,2453690,449
179303781,49.3354,64.7235,451,27072,0.871944,0.71,2,2454201,2453750,451
179306701,64.1342,67.8894,455,27150,0.858778,0.67,2,2454275,2453820,455
179309621,44.8537,46.3558,455,27228,0.853511,0.69,2,2454307,2453852,455
179312541,35.9415,34.7423,458,27306,0.875404,0.73,2,2454337,2453879,458
179315461,15.5766,15.0969,458,27384,0.884162,0.81,2,2454339,2453881,458
179441021,43.5194,52.7793,478,30530,0.85,1,2,2456626,2456148,478
179452701,30.1493,29.004,490,30806,0.416848,1,1,2456754,2456264,490
179458541,84.7439,88.0406,480,30944,0.0918957,1,1,2456925,2456445,480
179461461,66.2976,67.6163,480,31012,0.0667583,1,1,2456979,2456499,480
179464381,54.719,58.2465,475,31080,0.0447033,0.9,1,2457026,2456551,475
179467301,36.2876,41.2986,469,31148,0.0598813,0.79,1,2457050,2456581,469
179470221,36.115,43.5194,460,31216,0.0299525,0.67,1,2457086,2456626,460
179473141,34.846,43.2078,451,31284,0.017981,0.67,1,2457120,2456669,451
179476061,26.5384,17.2831,472,31352,0.0131924,0.61,1,2457141,2456669,472
179478981,24.4154,21.3132,471,31419,0.035277,0.47,1,2457164,2456693,471
179481901,23.5661,27.7253,462,31486,0.0321108,0.33,1,2457187,2456725,462
179484821,40.0265,28.4901,484,31553,0.0548443,0.03,1,2457238,2456754,484
179487741,82.6106,49.1961,532,31620,0.0399377,0.03,1,2457349,2456817,532
179490661,64.8442,84.4784,477,31687,0.0339751,0.05,1,2457402,2456925,477
179493581,53.5377,66.1914,469,31754,0.04359,0.03,1,2457448,2456979,469
179496501,35.2151,54.6765,445,31821,0.035436,0.07,1,2457471,2457026,445
179499421,35.686,36.2706,457,31887,0.0321744,0.01,1,2457507,2457050,457
179502341,35.2744,36.1082,456,31953,0.0308698,0.01,1,2457542,2457086,456
179505261,26.7098,34.8433,443,32019,0.0663479,0.01,1,2457563,2457120,443
179508181,24.4839,26.5373,445,32085,0.0685392,0.05,1,2457586,2457141,445
179516941,83.983,40.0264,536,32283,0.0492665,0.03,1,2457774,2457238,536
179519861,63.5932,82.6106,475,32349,0.0377066,0.03,1,2457824,2457349,475
179522781,52.4373,64.8442,467,32414,0.0210826,0.05,1,2457869,2457402,467
179525701,35.3749,53.5377,445,32479,0.0264331,0.03,1,2457893,2457448,445
179528621,35.75,35.2151,458,32544,0.0285732,0.03,1,2457929,2457471,458
179531541,36.5,35.686,459,32609,0.0414293,0.03,1,2457966,2457507,459
179534461,25.4,35.2744,442,32674,0.0465717,0.09,1,2457984,2457542,442
179537381,25.16,26.7098,446,32739,0.0606287,0.07,1,2458009,2457563,446
179540301,11.264,24.4839,425,32804,0.0422515,0.13,1,2458011,2457586,425
179543221,20.7056,25.3936,426,32868,0.0829006,0.11,1,2458038,2457612,426
179549061,81.7929,83.983,423,32996,0.0912641,0.03,1,2458197,2457774,423
179551981,62.7172,63.5932,423,33060,0.0365056,0.01,1,2458247,2457824,423
179554901,52.0869,52.4373,423,33124,0.0326023,0.03,1,2458292,2457869,423
179557821,35.2347,35.3749,423,33188,0.0430409,0.03,1,2458316,2457893,423
179560741,35.6939,35.75,423,33252,0.0592164,0.05,1,2458352,2457929,423
179563661,37.0776,36.5,424,33316,0.0656865,0.05,1,2458390,2457966,424
179566581,24.431,25.4,422,33379,0.0562746,0.07,1,2458406,2457984,422
179569501,26.5724,25.16,425,33442,0.0405098,0.03,1,2458434,2458009,425
179572421,11.829,11.264,425,33505,0.0342039,0.11,1,2458436,2458011,425
179575341,22.7316,20.7056,428,33568,0.0556816,0.15,1,2458466,2458038,428
179581181,78.7571,81.7929,423,33694,0.0941091,0,1,2458620,2458197,423
179595781,37.7271,37.0776,424,34007,0.0837253,0.05,1,2458814,2458390,424
179598701,24.6908,24.431,424,34069,0.0994901,0.03,1,2458830,2458406,424
179613301,78.3604,32.4371,531,34379,0.0581676,0.09,1,2459045,2458514,531
179616221,61.3441,76.5748,475,34441,0.065267,0.11,1,2459095,2458620,475
179619141,50.9377,60.0299,470,34502,0.0681068,0.13,1,2459139,2458669,470
179622061,35.3751,51.012,450,34563,0.0572427,0.13,1,2459164,2458714,450
179624981,34.55,35.4048,459,34624,0.0528971,0.09,1,2459198,2458739,459
179627901,37.82,35.7619,463,34685,0.0631588,0.07,1,2459238,2458775,463
179630821,24.728,37.7048,440,34746,0.0672635,0.11,1,2459254,2458814,440
179633741,26.6912,24.6819,452,34807,0.0689054,0.13,1,2459282,2458830,452
179636661,11.8765,26.0728,427,34868,0.0815622,0.13,1,2459284,2458857,427
179648341,61.8304,78.3603,474,35110,0.204696,0.07,1,2459519,2459045,474
179651261,51.1322,61.3441,468,35170,0.255878,0.07,1,2459563,2459095,468
179654181,34.8529,50.9376,448,35230,0.276351,0.05,1,2459587,2459139,448
179657101,34.9411,35.3751,458,35290,0.296541,0.05,1,2459622,2459164,458
179683381,59.7686,61.8304,434,35825,0.447549,0.29,1,2459953,2459519,434
179721341,53.378,51.5074,447,36585,0.803539,0.55,2,2460446,2459999,447
179724261,35.7512,35.003,447,36643,0.855416,0.51,2,2460470,2460023,447
179727181,35.9005,35.6012,447,36701,0.864166,0.59,2,2460506,2460059,447
179730101,40.1602,38.8405,449,36759,0.891666,0.55,2,2460549,2460100,449
179735941,29.4656,29.2545,449,36873,0.895067,0.55,2,2460597,2460148,449
179738861,12.9863,12.9018,449,36930,0.892027,0.55,2,2460599,2460150,449
179753461,64.6747,29.3449,515,37215,0.890616,0.77,2,2460858,2460343,515
179756381,56.4699,45.338,510,37272,0.842246,0.85,2,2460909,2460399,510
179759301,36.988,46.3352,487,37329,0.846899,0.89,2,2460933,2460446,487
179762221,37.5952,32.9341,501,37386,0.848759,0.87,2,2460971,2460470,501
179765141,40.2381,34.7736,507,37443,0.849504,0.91,2,2461013,2460506,507
179768061,25.6952,39.7095,480,37499,0.849802,0.91,2,2461029,2460549,480
179770981,30.0781,25.4838,497,37555,0.837921,0.89,2,2461062,2460565,497
179773901,13.2312,29.3935,467,37611,0.833168,0.89,2,2461064,2460597,467
179776821,23.2925,12.9574,495,37667,0.831267,0.91,2,2461094,2460599,495
179779741,41.717,23.783,518,37723,0.830507,0.91,2,2461148,2460630,518
179782661,17.8868,41.9132,466,37779,0.842203,0.91,2,2461150,2460684,466
179785581,76.7547,17.9653,580,37835,0.882881,0.93,2,2461266,2460686,580
179919901,33.0787,30.6162,535,40323,0.8596,1,2,2462995,2462460,535
179922821,29.4315,24.8465,541,40375,0.82984,1,2,2463022,2462481,541
179973921,94.7038,109.754,449,18597,0.0598839,0.05,1,2463822,2463373,449
179976841,72.6815,76.9018,452,18711,0.0539536,0.09,1,2463880,2463428,452
179979761,54.8726,63.1607,441,18824,0.0515814,0.05,1,2463923,2463482,441
179982681,38.749,45.0643,436,18937,0.0386326,0.07,1,2463951,2463515,436
179988521,104.96,108.13,427,19160,0.0601812,0.03,1,2464190,2463763,427
179991441,76.1839,78.6521,425,19271,0.0420725,0.05,1,2464247,2463822,425
179994361,63.4736,66.2608,422,19381,0.046829,0.05,1,2464302,2463880,422
179997281,52.3894,52.3043,424,19490,0.0487316,0.03,1,2464347,2463923,424
180000201,37.1558,37.7217,423,19599,0.0494926,0.03,1,2464374,2463951,423
180003121,91.0623,15.0887,550,19707,0.0977971,0.15,1,2464501,2463951,550
180006041,103.025,80.4355,537,19815,0.0571188,0.03,1,2464612,2464075,537
180008961,76.01,101.174,480,19922,0.0528475,0.03,1,2464670,2464190,480
180011881,63.404,74.6697,478,20028,0.051139,0.05,1,2464725,2464247,478
180014801,52.9616,62.8679,469,20134,0.0624556,0.05,1,2464771,2464302,469
180017721,37.3846,52.1471,451,20239,0.0669822,0.05,1,2464798,2464347,451
180020641,92.9539,37.0589,554,20344,0.0447929,0.13,1,2464928,2464374,554
180023561,100.782,91.0235,533,20448,0.0719172,0.03,1,2465034,2464501,533
180026481,75.7126,103.009,481,20552,0.0707669,0.05,1,2465093,2464612,481
180029401,63.285,76.0038,478,20655,0.0703067,0.05,1,2465148,2464670,478
180044001,80.0208,100.781,426,21164,0.231341,0.07,1,2465460,2465034,426
180046921,66.8083,75.7126,425,21264,0.266536,0.07,1,2465518,2465093,425
180049841,60.3233,63.285,426,21364,0.268615,0.13,1,2465574,2465148,426
180052761,52.3293,52.314,428,21463,0.293446,0.11,1,2465621,2465193,428
180090721,63.4294,48.708,506,22714,0.771594,0.57,2,2466459,2465953,506
180093641,55.3718,53.6832,499,22807,0.782638,0.59,2,2466509,2466010,499
180096561,38.9487,50.2733,479,22900,0.799055,0.65,2,2466537,2466058,479
180099481,100.179,36.9093,592,22993,0.781622,0.73,2,2466678,2466086,592
180102401,41.2718,95.7637,459,23085,0.774649,0.73,2,2466680,2466221,459
180105321,87.9087,39.5055,576,23177,0.77186,0.75,2,2466799,2466223,576
180108241,71.1635,86.6022,518,23268,0.770744,0.75,2,2466859,2466341,518
180111161,64.4654,70.0409,519,23359,0.794297,0.79,2,2466919,2466400,519
180114081,55.7862,63.4164,510,23450,0.827719,0.79,2,2466969,2466459,510
180117001,39.7145,55.3665,489,23540,0.829088,0.81,2,2466998,2466509,489
180119921,99.8858,38.9466,601,23630,0.889635,0.77,2,2467138,2466537,601
180204601,55.0916,70.896,504,26105,0.7996,1,2,2468843,2468339,504
180216281,52.3143,91.5077,497,26428,0.256774,1,1,2469053,2468556,497
180222121,72.6903,76.6812,538,26588,0.0494838,0.9,1,2469213,2468675,538
180225041,54.8761,69.0725,517,26668,0.0377935,0.93,1,2469256,2468739,517
180227961,47.1504,58.229,508,26747,0.0811174,0.71,1,2469298,2468790,508
180230881,35.6602,55.0916,483,26826,0.062447,0.61,1,2469326,2468843,483
180233801,34.0641,43.0366,481,26905,0.0909788,0.53,1,2469359,2468878,481
180239641,58.1303,78.2859,430,27062,0.0637566,0.17,1,2469448,2469018,430
180242561,43.0521,52.3143,428,27140,0.0435026,0.01,1,2469481,2469053,428
180245481,66.4208,73.7257,422,27218,0.0234011,0.01,1,2469563,2469141,422
180248401,70.3683,72.6903,423,27296,0.0633604,0.03,1,2469636,2469213,423
180251321,53.3473,54.8761,422,27374,0.0793442,0.11,1,2469678,2469256,422
180254241,50.1389,47.1504,428,27451,0.0497377,0.05,1,2469726,2469298,428
180257161,35.6556,35.6602,426,27528,0.0618951,0.11,1,2469752,2469326,426
180260081,34.0622,34.0641,426,27605,0.066758,0.13,1,2469785,2469359,426
180263001,14.8249,14.8256,426,27682,0.0687032,0.03,1,2469787,2469361,426
180265921,55.73,58.1303,422,27759,0.0694813,0.03,1,2469870,2469448,422
180268841,42.092,43.0521,422,27835,0.0577925,0.01,1,2469903,2469481,422
180271761,66.0368,66.4208,422,27911,0.029117,0.09,1,2469985,2469563,422
180274681,71.4147,70.3683,424,27987,0.0176468,0.09,1,2470060,2469636,424
180277601,54.3659,53.3473,425,28063,0.0370587,0.03,1,2470103,2469678,425
180280521,49.3464,50.1389,423,28138,0.0808235,0.07,1,2470149,2469726,423
180298041,65.5178,40.6688,503,28586,0.0808578,0.01,1,2470406,2469903,503
180300961,71.2071,65.4675,496,28660,0.0503431,0.01,1,2470481,2469985,496
180303881,55.4829,71.187,466,28734,0.0621372,0.05,1,2470526,2470060,466
180312641,35.6629,36.524,460,28954,0.0963768,0.15,1,2470637,2470177,460
180315561,15.4652,34.4096,429,29027,0.0805507,0.11,1,2470639,2470210,429
180318481,54.7861,14.9638,508,29100,0.0982203,0.15,1,2470720,2470212,508
180321401,42.3144,53.9855,462,29173,0.0812881,0.17,1,2470754,2470292,462
180324321,61.3258,40.7942,504,29246,0.0985152,0.03,1,2470828,2470324,504
180327241,70.1303,65.5177,498,29318,0.0454061,0.03,1,2470904,2470406,498
180330161,55.6521,71.2071,469,29390,0.0601624,0.07,1,2470950,2470481,469
180333081,52.8608,55.4828,475,29462,0.078065,0.15,1,2471001,2470526,475
180347681,41.5122,54.7861,458,29819,0.223356,0.07,1,2471178,2470720,458
180350601,17.8049,42.3144,426,29890,0.239342,0.11,1,2471180,2470754,426
180353521,52.1219,61.3258,427,29961,0.257737,0.01,1,2471255,2470828,427
180356441,64.0488,70.1303,423,30032,0.277095,0.07,1,2471327,2470904,423
180359361,54.4195,55.6521,425,30102,0.296838,0.09,1,2471375,2470950,425
180365201,38.8271,37.9443,428,30242,0.295894,0.15,1,2471457,2471029,428
180371041,15.3323,14.9511,429,30382,0.408543,0.21,1,2471492,2471063,429
180432361,63.6965,16.3398,546,31813,0.784773,0.65,2,2472479,2471933,546
180435281,46.4786,61.7359,489,31880,0.775909,0.67,2,2472514,2472025,489
180438201,19.7914,45.0944,457,31946,0.772364,0.67,2,2472516,2472059,457
180441121,52.3166,19.2377,529,32012,0.782945,0.69,2,2472590,2472061,529
180444041,67.1266,52.0951,532,32078,0.799178,0.71,2,2472667,2472135,532
180446961,56.8507,66.438,506,32144,0.841671,0.71,2,2472717,2472211,506
180449881,55.1403,56.5752,510,32210,0.834669,0.75,2,2472771,2472261,510
180452801,40.0561,53.8301,488,32276,0.831867,0.73,2,2472801,2472313,488
180455721,40.0224,40.132,497,32342,0.806747,0.75,2,2472841,2472344,497
180458641,17.209,38.8528,461,32407,0.820699,0.75,2,2472843,2472382,461
180461561,63.8836,16.7411,554,32472,0.86228,0.81,2,2472938,2472384,554
180464481,46.5534,63.6965,494,32537,0.890912,0.77,2,2472973,2472479,494
180721441,33.6415,30.1639,527,37829,0.898,1,2,2476698,2476171,527
180724361,24.8566,29.4656,517,37885,0.8452,1,2,2476717,2476200,517
180736041,31.4091,32.2903,526,38109,0.427285,1,1,2476840,2476314,526
180747721,45.5257,52.2442,517,38329,0.0662825,1,1,2477054,2476537,517
180750641,49.4103,44.8977,529,38384,0.092513,1,1,2477106,2476577,529
180753561,37.1641,52.7591,500,38439,0.0790052,0.95,1,2477135,2476635,500
180756481,28.6656,42.1036,488,38494,0.0616021,0.85,1,2477158,2476670,488
180759401,18.0663,33.6415,471,38549,0.0666408,0.81,1,2477169,2476698,471
180762321,19.8265,24.8566,473,38604,0.0566563,0.67,1,2477190,2476717,473
180765241,9.1306,23.1426,453,38659,0.0526625,0.57,1,2477192,2476739,453
180768161,23.4522,32.0571,448,38714,0.039065,0.43,1,2477225,2476777,448
180771081,25.5809,32.0228,443,38769,0.021626,0.37,1,2477252,2476809,443
180774001,24.6324,31.4091,436,38823,0.0086504,0.31,1,2477276,2476840,436
180776921,30.2529,35.9637,431,38877,0.0454602,0.09,1,2477310,2476879,431
180779841,66.7012,73.7855,423,38931,0.0361841,0.07,1,2477401,2476978,423
180782761,48.2805,49.3142,426,38985,0.0564736,0.03,1,2477437,2477011,426
180785681,44.5122,45.5257,425,39039,0.0645895,0.11,1,2477479,2477054,425
180791521,37.6019,37.1641,426,39147,0.0955343,0.05,1,2477561,2477135,426
180817801,67.7987,66.7012,425,39631,0.0968639,0.07,1,2477826,2477401,425
180820721,47.5195,48.2805,423,39684,0.0927455,0.07,1,2477860,2477437,423
180832401,29.1717,27.6408,427,39896,0.200086,0.13,1,2478009,2477582,427
180835321,17.6687,17.6563,426,39949,0.206035,0.11,1,2478019,2477593,426
180838241,19.0675,19.6625,425,40002,0.220414,0.11,1,2478039,2477614,425
180841161,8.82699,9.06501,425,40055,0.226166,0.11,1,2478041,2477616,425
180844081,22.7308,22.826,425,40108,0.264466,0.11,1,2478073,2477648,425
180847001,24.6923,9.1304,451,40161,0.255787,0.13,1,2478099,2477648,451
180849921,24.2769,19.2522,449,40214,0.252315,0.09,1,2478123,2477674,449
180852841,30.7108,23.3009,458,40267,0.250926,0.11,1,2478158,2477700,458
180855761,68.0843,29.1203,518,40319,0.25037,0.09,1,2478251,2477733,518
180858681,47.6337,67.4481,459,40371,0.250148,0.09,1,2478285,2477826,459
180861601,46.0535,47.3793,470,40423,0.298059,0.13,1,2478330,2477860,470
180882041,23.3848,8.82676,465,40787,0.407676,0.29,1,2478506,2478041,465
180884961,24.9539,22.7307,459,40839,0.42107,0.25,1,2478532,2478073,459
180887881,24.3816,24.6923,457,40891,0.438428,0.25,1,2478556,2478099,457
180890801,30.7526,24.2769,468,40943,0.433371,0.25,1,2478591,2478123,468
180893721,68.1011,30.7108,526,40995,0.431349,0.25,1,2478684,2478158,526
180896641,48.8404,68.0843,469,41046,0.430539,0.25,1,2478720,2478251,469
180899561,47.7362,47.6337,482,41097,0.430216,0.33,1,2478767,2478285,482
180902481,54.4945,46.0535,496,41148,0.406086,0.35,1,2478826,2478330,496
180905401,39.1978,52.6214,468,41199,0.408435,0.37,1,2478855,2478387,468
180908321,30.6791,38.4486,464,41250,0.433374,0.39,1,2478880,2478416,464
180911241,18.2716,29.7794,450,41301,0.44335,0.41,1,2478890,2478440,450
180963801,25.2475,25.6678,444,42211,0.766483,0.45,2,2479418,2478974,444
180966721,11.299,11.4671,444,42261,0.780593,0.45,2,2479420,2478976,444
180969641,19.5196,18.9868,445,42311,0.774237,0.51,2,2479445,2479000,445
180972561,28.2078,27.9947,445,42361,0.795695,0.53,2,2479479,2479034,445
180975481,67.6831,66.9979,446,42411,0.804278,0.53,2,2479573,2479127,446
180978401,48.6733,48.3992,446,42461,0.831711,0.57,2,2479609,2479163,446
180981321,49.4693,47.5597,449,42511,0.854684,0.63,2,2479659,2479210,449
180984241,56.3877,54.4239,451,42561,0.875874,0.63,2,2479720,2479269,451
181223681,111.092,125.184,477,21370,0.0839392,0.43,1,2482465,2481988,477
181226601,74.4367,88.4735,463,21469,0.0755757,0.09,1,2482515,2482052,463
181229521,83.1747,88.1894,464,21568,0.0482303,0.01,1,2482604,2482140,464
181232441,73.4699,81.4758,454,21666,0.0252921,0.03,1,2482671,2482217,454
181235361,53.9879,68.5903,435,21764,0.0401168,0.11,1,2482712,2482277,435
181238281,37.7952,40.6361,440,21861,0.0220467,0.01,1,2482739,2482299,440
181241201,64.9181,76.2545,423,21958,0.0388187,0.03,1,2482822,2482399,423
181244121,64.9672,70.1018,422,22055,0.0335275,0.07,1,2482887,2482465,422
181247041,57.1869,58.0407,424,22151,0.019411,0.03,1,2482939,2482515,424
181249961,75.6748,76.6163,423,22247,0.0377644,0.01,1,2483027,2482604,423
181252881,70.4699,70.8465,423,22342,0.0451058,0.05,1,2483094,2482671,423
181255801,53.988,52.9386,425,22437,0.0360423,0.01,1,2483137,2482712,425
181258721,36.5952,37.3754,423,22532,0.0324169,0.01,1,2483162,2482739,423
181261641,63.2381,14.9502,504,22626,0.0549668,0.05,1,2483243,2482739,504
181264561,64.2952,55.7801,486,22720,0.0999867,0.03,1,2483308,2482822,486
181267481,57.5181,61.312,474,22813,0.0699947,0.01,1,2483361,2482887,474
181270401,75.2072,55.7248,509,22906,0.0459979,0.05,1,2483448,2482939,509
181273321,70.2829,75.0899,488,22999,0.0363991,0.05,1,2483515,2483027,488
181276241,53.9132,70.236,464,23091,0.0325597,0.03,1,2483558,2483094,464
181279161,36.5653,53.8944,446,23183,0.0550239,0.03,1,2483583,2483137,446
181282081,65.6261,36.5578,506,23274,0.0520095,0.07,1,2483668,2483162,506
181285001,65.2504,63.2231,490,23365,0.0628038,0.13,1,2483733,2483243,490
181287921,56.7002,64.2892,476,23456,0.0791215,0.05,1,2483784,2483308,476
181296681,53.1648,70.2825,464,23726,0.0830638,0.03,1,2483979,2483515,464
181299601,36.8659,53.913,447,23815,0.0512255,0.07,1,2484005,2483558,447
181314201,72.6953,74.2801,427,24257,0.239709,0.09,1,2484297,2483870,427
181317121,68.6781,69.912,426,24344,0.269883,0.07,1,2484363,2483937,426
181320041,52.0712,53.1648,425,24431,0.281953,0.03,1,2484404,2483979,425
181322961,35.2285,36.8659,423,24518,0.286781,0.15,1,2484428,2484005,423
181337561,75.2667,72.6953,434,24947,0.414863,0.29,1,2484731,2484297,434
181349241,71.1764,69.2914,439,25285,0.431148,0.39,1,2484959,2484520,439
181352161,29.6706,28.9166,439,25369,0.430459,0.41,1,2484961,2484522,439
181390121,54.1784,69.7631,491,26434,0.754758,0.59,2,2485728,2485237,491
181393041,36.0714,51.9052,475,26514,0.787903,0.61,2,2485752,2485277,475
181395961,76.2285,35.1621,554,26594,0.801161,0.67,2,2485855,2485301,554
181398881,31.6914,74.0648,456,26674,0.806464,0.67,2,2485857,2485401,456
181401801,56.4766,30.8259,527,26753,0.844586,0.69,2,2485930,2485403,527
181404721,54.3906,55.5304,508,26832,0.883834,0.71,2,2485983,2485475,508
181518601,51.1634,45.9764,522,29753,0.897942,1,2,2488042,2487520,522
181521521,38.4654,42.9905,511,29824,0.857177,1,2,2488072,2487561,511
181524441,32.7861,43.5962,496,29895,0.792871,1,2,2488101,2487605,496
181597441,58.6206,42.3172,518,31616,0.797115,0.55,2,2489252,2488734,518
181600361,64.2482,58.9269,516,31683,0.864846,0.63,2,2489320,2488804,516
181606201,51.5597,44.5883,507,31817,0.871575,0.71,2,2489408,2488901,507
181609121,38.6239,48.4353,486,31883,0.88263,0.75,2,2489438,2488952,486
181612041,30.4496,37.3741,481,31949,0.875052,0.75,2,2489463,2488982,481
181614961,27.7798,29.3497,483,32015,0.896021,0.75,2,2489489,2489006,483
181752201,25.5891,33.4206,499,34986,0.858436,1,2,2491575,2491076,499
181755121,31.2356,24.1682,516,35046,0.829375,1,2,2491610,2491094,516
181807681,35.2836,36.55,447,36117,0.755553,0.47,2,2492343,2491896,447
181810601,47.7134,48.22,447,36176,0.776221,0.57,2,2492399,2491952,447
181813521,39.4854,37.888,450,36234,0.820488,0.61,2,2492433,2491983,450
181816441,38.5942,37.9552,450,36292,0.826195,0.57,2,2492471,2492021,450
181819361,25.6377,23.5821,453,36350,0.840478,0.57,2,2492488,2492035,453
181822281,11.4551,10.6328,453,36408,0.846191,0.65,2,2492490,2492037,453
181825201,24.982,25.2531,452,36466,0.860477,0.61,2,2492524,2492072,452
181828121,53.1928,52.1013,454,36524,0.854191,0.69,2,2492596,2492142,454
181831041,38.0771,37.6405,454,36582,0.863676,0.73,2,2492624,2492170,454
181833961,51.2308,51.0562,454,36640,0.867471,0.69,2,2492684,2492230,454
181836881,46.8923,45.0225,457,36698,0.868988,0.71,2,2492728,2492271,457
181839801,43.9569,43.209,457,36756,0.893595,0.79,2,2492770,2492313,457
181845641,48.3131,47.7134,459,36870,0.895375,0.85,2,2492858,2492399,459
181848561,41.5252,39.4854,462,36927,0.88015,0.83,2,2492895,2492433,462
181982881,48.3665,44.4681,490,39474,0.8356,1,2,2494634,2494144,490
181991641,56.4235,50.966,494,39634,0.430518,1,1,2494774,2494280,494
181994561,41.1694,43.1864,487,39687,0.298207,1,1,2494805,2494318,487
182003321,31.4588,25.1559,506,39846,0.0663653,1,1,2494908,2494402,506
182006241,24.5835,22.6624,505,39899,0.0445461,1,1,2494928,2494423,505
182009161,29.0334,39.0649,487,39952,0.0478184,1,1,2494960,2494473,487
182012081,32.6134,37.226,486,40005,0.0251274,1,1,2494995,2494509,486
182015001,20.8453,29.2904,475,40058,0.052051,1,1,2495008,2494533,475
182017921,31.1381,11.7162,513,40111,0.0748204,0.84,1,2495046,2494533,513
182020841,39.4553,32.8865,511,40164,0.0359282,0.79,1,2495091,2494580,511
182023761,36.7821,45.5546,492,40217,0.0563713,0.59,1,2495126,2494634,492
182026681,32.1128,41.0218,483,40270,0.0525485,0.51,1,2495155,2494672,483
182029601,42.8451,35.6087,501,40322,0.0210194,0.33,1,2495205,2494704,501
182032521,32.1381,56.2435,456,40374,0.0264078,0.21,1,2495230,2494774,456
182035441,38.6552,41.0974,468,40426,0.0645631,0.13,1,2495273,2494805,468
182041281,31.0248,35.1356,454,40530,0.0883301,0.03,1,2495333,2494879,454
182044201,22.6099,31.4542,442,40582,0.053332,0.03,1,2495350,2494908,442
182047121,28.844,24.5817,455,40634,0.0393328,0.05,1,2495383,2494928,455
182050041,31.9376,29.0327,457,40686,0.0457331,0.01,1,2495417,2494960,457
182052961,22.975,32.6131,439,40738,0.0362932,0.07,1,2495434,2494995,439
182055881,30.19,20.8452,461,40790,0.0325173,0.09,1,2495469,2495008,461
182058801,37.876,31.1381,466,40842,0.0430069,0.01,1,2495512,2495046,466
182061721,37.9504,39.4552,459,40894,0.0352028,0.07,1,2495550,2495091,459
182064641,31.3802,36.7821,451,40946,0.0800811,0.05,1,2495577,2495126,451
182067561,42.5521,32.1128,472,40998,0.0500324,0,1,2495627,2495155,472
182070481,33.8208,42.8451,450,41049,0.062013,0.03,1,2495655,2495205,450
182073401,36.9283,32.1381,464,41100,0.0548052,0.09,1,2495694,2495230,464
182076321,36.3713,38.6552,457,41151,0.0759221,0.15,1,2495730,2495273,457
182079241,29.5485,34.0621,451,41202,0.0963688,0.07,1,2495755,2495304,451
182085081,29.8078,22.6099,457,41304,0.069419,0.03,1,2495807,2495350,457
182088001,30.5231,28.844,455,41355,0.0817676,0.05,1,2495838,2495383,455
182090921,23.6092,31.9376,440,41406,0.032707,0.03,1,2495857,2495417,440
182093841,29.8437,22.975,457,41457,0.0310828,0.03,1,2495891,2495434,457
182096761,38.3375,30.19,466,41508,0.0424331,0.05,1,2495935,2495469,466
182099681,16.535,37.876,425,41559,0.0469732,0.03,1,2495937,2495512,425
182102601,28.214,37.9504,423,41610,0.0487893,0.11,1,2495973,2495550,423
182105521,29.8856,31.3802,427,41661,0.0615157,0.03,1,2496004,2495577,427
182108441,39.5542,42.5521,423,41712,0.0666063,0.07,1,2496050,2495627,423
182111361,33.8217,33.8208,425,41763,0.0926425,0.05,1,2496080,2495655,425
182123041,21.7362,22.0194,427,41964,0.0855557,0.03,1,2496199,2495772,427
182149321,40.8053,39.5542,425,42414,0.205636,0.11,1,2496475,2496050,425
182158081,37.4115,36.8515,427,42564,0.210201,0.11,1,2496584,2496157,427
182161001,29.3646,30.3406,425,42614,0.22208,0.07,1,2496608,2496183,425
182163921,21.9458,21.7362,426,42664,0.214832,0.11,1,2496625,2496199,426
182172681,22.9565,22.8471,427,42811,0.227589,0.13,1,2496707,2496280,427
182178521,39.913,38.4555,430,42909,0.282414,0.17,1,2496789,2496359,430
182181441,17.1652,16.5822,430,42958,0.298966,0.19,1,2496791,2496361,430
182184361,27.8661,27.0329,431,43007,0.269586,0.19,1,2496826,2496395,431
182187281,30.3464,10.8132,463,43056,0.269835,0.21,1,2496858,2496395,463
182190201,39.7386,23.5253,477,43105,0.269934,0.21,1,2496904,2496427,477
182193121,34.4954,38.2101,460,43154,0.281974,0.19,1,2496935,2496475,460
182196041,39.5982,33.284,473,43203,0.274789,0.17,1,2496978,2496505,473
182198961,37.4393,39.1136,466,43252,0.271916,0.23,1,2497014,2496548,466
182201881,29.3757,37.2454,454,43301,0.282766,0.23,1,2497038,2496584,454
182204801,21.3503,29.2982,446,43350,0.287107,0.21,1,2497054,2496608,446
182225241,27.8276,17.1651,469,43690,0.423269,0.25,1,2497260,2496791,469
182228161,30.3311,27.866,466,43738,0.415308,0.27,1,2497292,2496826,466
182231081,40.3324,30.3464,481,43786,0.412123,0.27,1,2497339,2496858,481
182280721,35.9729,39.0932,447,44598,0.771156,0.51,2,2497859,2497412,447
182283641,36.5891,37.2373,448,44645,0.782462,0.57,2,2497896,2497448,448
182286561,30.8357,29.8949,450,44692,0.798985,0.57,2,2497923,2497473,450
182289481,21.9343,21.558,450,44739,0.805594,0.57,2,2497939,2497489,450
182292401,29.1737,29.0232,450,44786,0.820238,0.57,2,2497973,2497523,450
182295321,30.8695,30.8093,450,44833,0.826095,0.55,2,2498005,2497555,450
182298241,25.5478,26.1237,449,44880,0.828438,0.61,2,2498027,2497578,449
182301161,36.6191,34.4495,453,44927,0.817375,0.65,2,2498071,2497618,453
182304081,42.8476,41.3798,454,44974,0.84895,0.61,2,2498118,2497664,454
182307001,18.3391,17.7519,454,45021,0.86158,0.67,2,2498120,2497666,454
182309921,28.9356,28.1008,455,45068,0.890632,0.67,2,2498156,2497701,455
182508481,28.5848,25.0998,509,48146,0.813999,1,2,2500290,2499781,509
182526001,25.3457,28.7304,494,48410,0.440582,1,1,2500444,2499950,494
182531841,43.6553,37.8369,498,48497,0.266093,1,1,2500540,2500042,498
182537681,28.4648,33.0539,493,48583,0.0821749,1,1,2500595,2500102,493
182540601,26.9859,35.4216,482,48626,0.06287,1,1,2500621,2500139,482
182543521,32.3944,30.9686,490,48669,0.067148,1,1,2500657,2500167,490
182546441,29.1578,30.3874,487,48712,0.0568592,1,1,2500684,2500197,487
182549361,24.2631,33.155,473,48755,0.0767437,0.9,1,2500705,2500232,473
182558121,28.1448,11.4339,494,48884,0.0737916,0.69,1,2500784,2500290,494
182561041,29.8579,26.7736,488,48927,0.0715166,0.65,1,2500815,2500327,488
182563961,25.1432,30.5094,477,48970,0.0466067,0.61,1,2500837,2500360,477
182566881,11.8573,27.8038,454,49013,0.0246427,0.65,1,2500840,2500386,454
182569801,19.1429,14.7215,472,49056,0.0638571,0.43,1,2500864,2500392,472
182572721,21.4572,19.6886,472,49099,0.0435428,0.39,1,2500887,2500415,472
182575641,33.7829,25.2754,485,49142,0.0354171,0.29,1,2500929,2500444,485
182578561,36.3131,40.1102,473,49185,0.0441669,0.21,1,2500967,2500494,473
182581481,30.7253,43.6441,454,49228,0.0356667,0.09,1,2500994,2500540,454
182584401,26.6901,36.6576,446,49271,0.0442667,0.03,1,2501018,2500572,446
182587321,25.676,28.4631,448,49314,0.0717067,0.05,1,2501043,2500595,448
182590241,33.6704,26.9852,461,49357,0.0346827,0.07,1,2501082,2500621,461
182593161,27.2682,32.3941,448,49400,0.0438731,0.05,1,2501105,2500657,448
182599001,27.1629,24.2631,453,49486,0.0970197,0.13,1,2501158,2500705,453
182622361,33.2902,21.4572,465,49825,0.21248,0.03,1,2501352,2500887,465
182625281,37.3161,33.7829,463,49867,0.210992,0.05,1,2501392,2500929,463
182628201,30.5264,36.3131,451,49909,0.210397,0.03,1,2501418,2500967,451
182631121,26.0106,30.7253,447,49951,0.210159,0.05,1,2501441,2500994,447
182634041,24.2042,26.6901,446,49993,0.210064,0.09,1,2501464,2501018,446
182636961,34.2817,25.676,462,50035,0.210025,0.01,1,2501505,2501043,462
182654481,28.9258,27.2661,458,50287,0.200615,0.15,1,2501665,2501207,458
182657401,12.7703,28.9064,430,50329,0.206246,0.17,1,2501667,2501237,430
182660321,20.1081,25.9626,431,50371,0.220498,0.17,1,2501692,2501261,431
182663241,10.4433,12.785,431,50413,0.226199,0.19,1,2501696,2501265,431
182666161,17.3773,18.314,431,50455,0.24048,0.19,1,2501718,2501287,431
182669081,21.3509,21.7256,431,50497,0.270192,0.23,1,2501742,2501311,431
182672001,33.1404,33.2902,431,50539,0.270077,0.21,1,2501783,2501352,431
182674921,37.8561,37.3161,432,50581,0.270031,0.21,1,2501824,2501392,432
182677841,31.3425,30.5264,433,50623,0.282012,0.21,1,2501851,2501418,433
182680761,25.737,26.0106,432,50665,0.262805,0.21,1,2501873,2501441,432
182683681,24.0948,24.2042,432,50707,0.291122,0.21,1,2501896,2501464,432
182686601,33.0379,34.2817,430,50749,0.266449,0.17,1,2501935,2501505,430
182689521,30.6152,29.9127,432,50791,0.24458,0.19,1,2501964,2501532,432
182692441,26.6461,28.1651,429,50832,0.235832,0.13,1,2501988,2501559,429
182695361,26.2584,27.466,428,50873,0.292333,0.15,1,2502014,2501586,428
182704121,29.3765,28.9258,432,50996,0.412069,0.21,1,2502097,2501665,432
182707041,12.9506,12.7703,432,51037,0.434828,0.23,1,2502099,2501667,432
182815081,17.5606,10.8588,474,52541,0.761801,0.65,2,2503047,2502573,474
182818001,22.0243,18.1435,476,52581,0.766721,0.63,2,2503072,2502596,476
182820921,35.8097,21.6574,497,52621,0.792688,0.63,2,2503117,2502620,497
182823841,38.3239,35.663,492,52661,0.827075,0.63,2,2503157,2502665,492
182826761,30.9296,38.2652,478,52701,0.84083,0.63,2,2503183,2502705,478
182829681,25.5718,30.9061,474,52741,0.846332,0.63,2,2503205,2502731,474
182832601,25.2287,25.5624,477,52781,0.860533,0.65,2,2503230,2502753,477
182835521,32.8915,24.625,491,52821,0.866213,0.65,2,2503268,2502777,491
182838441,29.9566,32.65,481,52861,0.868485,0.65,2,2503296,2502815,481
182841361,27.5826,29.86,479,52901,0.881394,0.65,2,2503322,2502843,479
182844281,30.2331,27.544,485,52941,0.898558,0.69,2,2503354,2502869,485
183168401,40.4436,52.5235,518,28605,0.865418,1,2,2507640,2507122,518
183171321,71.9774,54.0094,556,28679,0.844167,1,2,2507733,2507177,556
183174241,62.391,70.2038,531,28753,0.835667,1,2,2507789,2507258,531
183177161,57.3564,62.8815,527,28827,0.784267,1,2,2507843,2507316,527
183180081,58.3426,58.1526,531,28900,0.775707,1,2,2507902,2507371,531
183183001,48.537,58.061,515,28973,0.784283,0.91,2,2507944,2507429,515
183185921,41.0148,52.6244,502,29046,0.751713,1,2,2507980,2507478,502
183188841,35.6059,42.0498,499,29119,0.774685,0.95,2,2508012,2507513,499
183191761,48.4424,39.0199,519,29192,0.807874,0.89,2,2508069,2507550,519
183194681,39.7769,48.608,498,29265,0.86915,0.83,2,2508103,2507605,498
183326081,64.4345,52.405,544,32359,0.8452,1,2,2510313,2509769,544
183329001,46.1738,59.962,513,32424,0.80008,1,2,2510347,2509834,513
183331921,40.0695,44.3848,515,32489,0.794032,1,2,2510383,2509868,515
183346521,34.1111,52.0967,495,32814,0.287923,1,1,2510583,2510088,495
183352361,53.5778,62.2155,477,32942,0.287268,0.93,1,2510680,2510203,477
183355281,36.4311,44.0862,470,33006,0.264907,0.77,1,2510705,2510235,470
183358201,57.1724,64.4345,463,33070,0.219963,0.77,1,2510776,2510313,463
183364041,37.1076,40.0695,457,33198,0.201994,0.55,1,2510840,2510383,457
183372801,29.7109,35.4444,439,33389,0.217648,0.31,1,2510944,2510505,439
183375721,41.2844,44.7778,437,33452,0.261059,0.23,1,2510993,2510556,437
183378641,32.7137,34.1111,437,33515,0.278424,0.33,1,2511020,2510583,437
183393241,39.8534,40.269,430,33830,0.401088,0.21,1,2511235,2510805,430
183399081,42.7365,42.443,430,33955,0.415774,0.21,1,2511316,2510886,430
183402001,36.8946,36.7772,430,34017,0.43631,0.23,1,2511349,2510919,430
183404921,30.3578,29.7109,431,34079,0.432524,0.29,1,2511375,2510944,431
183469161,30.4658,36.6349,475,35419,0.760733,0.55,2,2512265,2511790,475
183472081,45.7863,30.854,504,35479,0.766293,0.55,2,2512321,2511817,504
183475001,35.1145,45.9416,476,35539,0.780517,0.57,2,2512349,2511873,476
183477921,29.6458,34.5766,475,35598,0.798207,0.59,2,2512375,2511900,475
183480841,58.6583,28.2307,529,35657,0.841283,0.65,2,2512453,2511924,529
183483761,24.6633,56.8923,455,35716,0.858513,0.67,2,2512455,2512000,455
183486681,26.0653,38.3569,456,35775,0.889405,0.71,2,2512482,2512026,456
183638521,30.1602,37.3049,496,38727,0.882675,1,2,2514526,2514030,496
183641441,39.6641,49.722,484,38782,0.88707,1,2,2514572,2514088,484
183644361,33.8656,39.6888,481,38836,0.888828,0.96,2,2514602,2514121,481
183834161,38.3632,30.6341,513,42222,0.86728,1,2,2516972,2516459,513
183837081,33.9453,36.2536,504,42272,0.796912,1,2,2517003,2516499,504
183854601,36.1066,38.0875,497,42572,0.25451,1,1,2517208,2516711,497
183889641,27.7701,30.6242,470,43162,0.202017,0.43,1,2517571,2517101,470
183898401,27.0493,35.9199,456,43309,0.221969,0.15,1,2517664,2517208,456
183901321,30.0197,30.568,461,43358,0.250788,0.09,1,2517696,2517235,461
183904241,35.4079,34.4272,463,43407,0.262315,0.13,1,2517735,2517272,463
183907161,31.5632,35.9709,455,43456,0.254926,0.11,1,2517764,2517309,455
183910081,30.6253,31.7884,456,43505,0.25197,0.11,1,2517794,2517338,456
183913001,34.4501,31.3153,462,43553,0.226788,0.17,1,2517831,2517369,462
183915921,34.78,31.7261,465,43601,0.252715,0.19,1,2517866,2517401,465
183918841,26.512,34.8905,449,43649,0.275086,0.19,1,2517887,2517438,449
183921761,25.6048,25.9562,454,43697,0.272034,0.17,1,2517912,2517458,454
183924681,30.6419,24.7825,464,43745,0.294814,0.15,1,2517946,2517482,464
183948041,32.6095,35.4079,462,44129,0.404588,0.25,1,2518197,2517735,462
183950961,31.0438,31.5632,463,44177,0.419835,0.25,1,2518227,2517764,463
183953881,34.6175,30.6253,470,44225,0.413934,0.21,1,2518264,2517794,470
183956801,35.447,34.4501,469,44273,0.411574,0.27,1,2518300,2517831,469
183959721,26.7788,34.78,455,44321,0.434629,0.29,1,2518321,2517866,455
184018121,19.1559,18.6505,445,45263,0.751204,0.53,2,2518882,2518437,445
184021041,32.8624,30.8602,448,45310,0.750481,0.57,2,2518924,2518476,448
184023961,34.7449,32.1441,451,45357,0.774193,0.61,2,2518960,2518509,451
184026881,30.098,28.4576,452,45403,0.795677,0.61,2,2518987,2518535,452
184029801,31.8392,30.5831,453,45449,0.840271,0.65,2,2519020,2518567,453
184032721,38.5357,37.4332,454,45495,0.822108,0.65,2,2519063,2518609,454
184035641,33.4143,32.9733,454,45541,0.814843,0.69,2,2519093,2518639,454
184038561,31.9657,31.7893,454,45587,0.799937,0.65,2,2519124,2518670,454
184041481,34.3863,34.3157,454,45633,0.829975,0.69,2,2519160,2518706,454
184044401,36.5545,36.5263,454,45679,0.84199,0.71,2,2519198,2518744,454
184047321,29.0218,28.4105,455,45725,0.846796,0.67,2,2519222,2518767,455
184050241,27.2087,26.9642,455,45771,0.872718,0.69,2,2519248,2518793,455
184053161,31.8835,31.1857,456,45817,0.871087,0.73,2,2519283,2518827,456
184056081,31.9534,30.4743,458,45863,0.894435,0.73,2,2519315,2518857,458
184059001,13.9814,13.3897,458,45909,0.879774,0.73,2,2519317,2518859,458
184061921,18.7925,5.35588,480,45955,0.87391,0.77,2,2519339,2518859,480
184064841,33.317,15.9424,500,46001,0.895564,0.75,2,2519382,2518882,500
184266321,89.3101,86.2284,507,22910,0.224656,0.91,1,2521674,2521167,507
184275081,56.0198,82.6066,450,23187,0.207578,0.51,1,2521841,2521391,450
184280921,79.7632,30.7371,543,23369,0.228812,0.29,1,2521965,2521422,543
184283841,76.9053,75.8948,512,23460,0.241525,0.21,1,2522040,2521528,512
184286761,69.7621,78.9579,496,23550,0.27061,0.17,1,2522105,2521609,496
184289681,57.3048,70.5832,480,23640,0.294244,0.15,1,2522154,2521674,480
184304281,72.895,79.5714,432,24085,0.410869,0.25,1,2522397,2521965,432
184342241,58.0765,56.822,450,25205,0.771889,0.57,2,2523161,2522711,450
184345161,30.4306,29.9288,450,25289,0.782756,0.57,2,2523173,2522723,450
184348081,13.3722,13.1715,450,25373,0.787102,0.67,2,2523175,2522725,450
184351001,74.9489,73.0686,453,25457,0.812841,0.67,2,2523291,2522838,453
184353921,81.5796,29.2274,539,25540,0.859136,0.73,2,2523377,2522838,539
184356841,72.8318,60.891,524,25623,0.877655,0.71,2,2523444,2522920,524
184359761,59.1327,64.5564,507,25706,0.897062,0.71,2,2523494,2522987,507
184464881,57.2969,24.7862,556,28521,0.866205,1,2,2525475,2524919,556
184485321,47.6922,65.3706,507,29036,0.200701,1,1,2525848,2525341,507
184491161,51.4308,33.7393,531,29182,0.0813121,0.81,1,2525933,2525402,531
184494081,43.9723,57.2957,497,29255,0.0745249,0.67,1,2525972,2525475,497
184497001,34.9889,49.3183,482,29327,0.0598099,0.65,1,2526001,2525519,482
184499921,25.9956,37.7273,472,29399,0.089924,0.71,1,2526021,2525549,472
184502841,63.1982,28.2909,538,29471,0.0899696,0.39,1,2526109,2525571,538
184517441,48.0241,31.0769,488,29828,0.236592,0.03,1,2526356,2525868,488
184520361,20.4096,51.4308,425,29899,0.256637,0.07,1,2526358,2525933,425
184523281,31.5639,43.9723,425,29970,0.252655,0.05,1,2526397,2525972,425
184526201,30.6255,34.9889,426,30041,0.251062,0.11,1,2526427,2526001,426
184529121,24.8502,25.9956,427,30111,0.298425,0.09,1,2526448,2526021,427
184540801,43.625,42.9007,432,30391,0.401384,0.19,1,2526708,2526276,432
184543721,28.25,28.5603,431,30461,0.406553,0.27,1,2526726,2526295,431
184599201,44.7684,62.1884,485,31754,0.767393,0.69,2,2527601,2527116,485
184602121,28.7074,44.0754,471,31821,0.780957,0.65,2,2527619,2527148,471
184605041,54.6829,28.4301,525,31887,0.762383,0.69,2,2527691,2527166,525
184607961,23.0732,52.7721,458,31953,0.790953,0.69,2,2527693,2527235,458
184610881,32.6293,22.3088,495,32019,0.766381,0.73,2,2527732,2527237,495
184613801,31.0517,31.7235,487,32085,0.756553,0.75,2,2527762,2527275,487
184616721,28.0207,31.2894,482,32151,0.764621,0.73,2,2527788,2527306,482
184619641,64.0083,27.5158,545,32217,0.779848,0.69,2,2527876,2527331,545
184622561,85.0033,65.0063,554,32283,0.833939,0.71,2,2527975,2527421,554
184625481,66.4013,84.8025,510,32349,0.891576,0.75,2,2528029,2527519,510
184781701,370.681,414.734,464,14600,0.802,1,2,2530333,2529869,464
184787541,140.309,144.237,510,15606,0.21352,0.89,1,2530576,2530066,510
184793381,81.3694,96.518,478,15877,0.0761632,0.81,1,2530727,2530249,478
184796301,67.9478,57.8072,505,16011,0.0484653,0.13,1,2530786,2530281,505
184799221,121.379,162.323,430,16144,0.0973861,0.09,1,2530943,2530513,430
184805061,85.3007,93.8917,423,16406,0.206382,0.05,1,2531087,2530664,423
184807981,72.5203,75.3567,424,16535,0.232553,0.03,1,2531151,2530727,424
184831341,84.4272,121.232,487,17536,0.22699,0.11,1,2531857,2531370,487
184866381,56.6586,56.6581,448,18937,0.755317,0.59,2,2532739,2532291,448
184869301,80.2634,79.0632,450,19049,0.800127,0.69,2,2532835,2532385,450
184872221,74.1054,71.2253,454,19160,0.842051,0.65,2,2532905,2532451,454
184875141,64.4421,63.2901,454,19271,0.87082,0.75,2,2532963,2532509,454
184880981,52.5507,51.6464,457,19490,0.896531,0.77,2,2533136,2532679,457
184886821,83.0481,22.6634,558,19707,0.895845,0.83,2,2533297,2532739,558
184889741,77.0192,66.6654,535,19815,0.880338,0.87,2,2533370,2532835,535
184962741,81.5158,84.9478,491,22336,0.848003,1,2,2535215,2534724,491
184965661,52.4063,52.5791,493,22431,0.789201,1,2,2535248,2534755,493
184974421,123.786,46.6851,649,22714,0.406429,1,1,2535514,2534865,649
184980261,49.2058,69.6296,505,22900,0.263029,0.95,1,2535581,2535076,505
184994861,113.97,54.4461,603,23359,0.219989,0.29,1,2535947,2535344,603
184997781,62.988,123.778,462,23450,0.237996,0.25,1,2535976,2535514,462
185000701,46.7952,67.5114,468,23540,0.293198,0.23,1,2536012,2535544,468
185009461,34.6749,49.0327,453,23809,0.411645,0.15,1,2536159,2535706,453
185012381,49.87,35.8131,486,23898,0.434658,0.19,1,2536219,2535733,486
185044501,37.6508,37.1277,449,24856,0.768312,0.55,2,2536861,2536412,449
185047421,37.8603,37.6511,449,24941,0.769325,0.63,2,2536899,2536450,449
185053261,49.1376,48.1442,453,25111,0.760292,0.63,2,2537029,2536576,453
185062021,123.241,119.817,458,25363,0.784739,0.77,2,2537287,2536829,458
185064941,50.4963,49.1269,458,25447,0.775895,0.77,2,2537289,2536831,458
185067861,38.1985,19.6508,488,25530,0.784358,0.79,2,2537319,2536831,488
185070781,38.6794,25.8603,497,25613,0.775743,0.77,2,2537358,2536861,497
185073701,73.0718,33.1441,555,25696,0.808297,0.73,2,2537454,2536899,555
185076621,48.4287,71.4576,490,25778,0.797319,0.77,2,2537486,2536996,490
185079541,34.9715,48.3831,483,25860,0.816928,0.73,2,2537512,2537029,483
185082461,50.5886,34.9532,518,25942,0.860771,0.75,2,2537573,2537055,518
185184661,52.23,33.2227,550,28660,0.851878,1,2,2539491,2538941,550
185187581,122.892,52.8891,654,28734,0.838751,0.98,2,2539661,2539007,654
185190501,73.1568,132.156,509,28808,0.8695,0.99,2,2539701,2539192,509
185193421,49.6627,76.2623,504,28881,0.8818,0.99,2,2539735,2539231,504
185316061,33.977,37.159,509,31813,0.878464,1,2,2541749,2541240,509
185318981,32.1908,29.8636,515,31880,0.843386,1,2,2541780,2541265,515
185321901,35.0763,34.1454,515,31946,0.895354,1,2,2541817,2541302,515
185324821,33.8305,34.6582,513,32012,0.820142,1,2,2541850,2541337,513
185333581,71.1172,111.346,513,32210,0.254809,1,1,2542080,2541567,513
185339421,35.0187,55.0154,497,32342,0.0479694,1,1,2542147,2541650,497
185342341,36.8075,40.6062,504,32407,0.0251878,1,1,2542185,2541681,504
185345261,33.323,38.4425,498,32472,0.0880751,0.8,1,2542216,2541718,498
185351101,33.5317,32.1908,501,32602,0.094492,0.93,1,2542281,2541780,501
185354021,29.0127,35.0763,490,32667,0.0917968,0.77,1,2542307,2541817,490
185356941,29.6051,33.8305,487,32732,0.0907187,0.67,1,2542337,2541850,487
185359861,13.042,35.7322,452,32797,0.0902875,0.35,1,2542339,2541887,452
185371541,33.1851,35.0187,425,33053,0.0774314,0.01,1,2542572,2542147,425
185377381,35.7896,33.323,429,33181,0.061589,0.11,1,2542645,2542216,429
185380301,31.1158,31.3292,427,33245,0.0666356,0.09,1,2542673,2542246,427
185383221,32.2463,33.5317,425,33309,0.0446542,0.09,1,2542706,2542281,425
185386141,29.0985,29.0127,426,33372,0.0718617,0.09,1,2542733,2542307,426
185389061,29.6394,29.6051,426,33435,0.0347447,0.09,1,2542763,2542337,426
185391981,13.0558,13.042,426,33498,0.0438979,0.15,1,2542765,2542339,426
185394901,78.4223,79.0168,425,33561,0.0715591,0.11,1,2542887,2542462,425
185403661,30.075,33.1851,423,33750,0.0969798,0.13,1,2542995,2542572,423
185409501,34.332,35.7896,422,33876,0.0959168,0.07,1,2543067,2542645,422
185412421,31.1328,31.1158,423,33938,0.0803667,0.03,1,2543096,2542673,423
185415341,32.2531,32.2463,423,34000,0.0861467,0.09,1,2543129,2542706,423
185429941,63.0644,31.3689,478,34310,0.21382,0.15,1,2543365,2542887,478
185432861,48.0257,43.1476,465,34372,0.259528,0.15,1,2543403,2542938,465
185435781,28.8103,40.659,442,34434,0.277811,0.07,1,2543419,2542977,442
185438701,34.3241,27.0636,462,34495,0.285124,0.11,1,2543457,2542995,462
185441621,33.5296,33.6254,457,34556,0.28805,0.09,1,2543490,2543033,457
185444541,30.2119,33.8502,451,34617,0.28922,0.07,1,2543518,2543067,451
185447461,32.4847,30.9401,456,34678,0.289688,0.09,1,2543552,2543096,456
185450381,30.9939,32.176,453,34739,0.289875,0.11,1,2543582,2543129,453
185462061,64.3742,79.6589,484,34983,0.401549,0.23,1,2543797,2543313,484
185464981,50.3497,63.0636,473,35043,0.44262,0.29,1,2543838,2543365,473
185511701,30.2573,30.2714,447,35996,0.77993,0.51,2,2544400,2543953,447
185514621,32.5029,32.5085,447,36055,0.773972,0.51,2,2544434,2543987,447
185517541,32.8012,32.2034,448,36114,0.783589,0.53,2,2544467,2544019,448
185520461,34.1205,33.2814,449,36173,0.775436,0.55,2,2544502,2544053,449
185526301,87.5393,84.405,454,36289,0.77327,0.67,2,2544640,2544186,454
185529221,66.8157,64.962,455,36347,0.795308,0.67,2,2544693,2544238,455
185532141,27.9263,27.1848,455,36405,0.780123,0.69,2,2544695,2544240,455
185535061,36.3705,36.6739,454,36463,0.798049,0.69,2,2544737,2544283,454
185537981,24.1482,24.2696,454,36521,0.79322,0.73,2,2544753,2544299,454
185540901,35.4593,33.1078,458,36579,0.803288,0.75,2,2544796,2544338,458
185543821,35.7837,33.6431,460,36637,0.795315,0.81,2,2544832,2544372,460
185546741,31.1135,30.2573,460,36695,0.816126,0.77,2,2544860,2544400,460
185549661,32.8454,32.5029,460,36753,0.83645,0.79,2,2544894,2544434,460
185552581,32.3382,32.8012,459,36810,0.84458,0.77,2,2544926,2544467,459
185555501,33.3353,34.1205,458,36867,0.847832,0.73,2,2544960,2544502,458
185558421,14.5341,14.8482,458,36924,0.849133,0.79,2,2544962,2544504,458
185561341,88.0136,87.5393,459,36981,0.897653,0.81,2,2545099,2544640,459
185783261,54.674,23.0963,571,41097,0.897614,1,2,2547942,2547371,571
185786181,55.4696,74.0385,519,41148,0.809045,1,2,2547998,2547479,519
185818301,30.3692,29.7122,479,41709,0.444979,0.96,1,2548318,2547839,479
185821221,25.9477,31.6849,469,41760,0.447991,0.85,1,2548341,2547872,469
185844581,28.0043,29.3077,448,42161,0.444861,0.47,1,2548650,2548202,448
185894221,15.6243,14.5843,446,43004,0.753931,0.49,2,2549149,2548703,446
185897141,23.0497,5.83371,474,43053,0.763572,0.53,2,2549177,2548703,474
185908821,50.2893,49.4357,499,43249,0.773771,0.61,2,2549350,2548851,499
185911741,46.5157,48.5743,495,43298,0.807509,0.65,2,2549394,2548899,495
185914661,37.8063,45.8297,483,43347,0.821003,0.65,2,2549426,2548943,483
185917581,39.1225,37.5319,491,43396,0.826401,0.67,2,2549466,2548975,491
185920501,34.849,37.8128,485,43445,0.804561,0.71,2,2549498,2549013,485
185923421,27.1396,33.1251,477,43494,0.795824,0.69,2,2549520,2549043,477
185926341,27.6558,26.45,483,43543,0.79233,0.73,2,2549548,2549065,483
185929261,27.2623,27.38,482,43591,0.802932,0.69,2,2549575,2549093,482
185932181,22.3049,27.152,474,43639,0.819173,0.75,2,2549594,2549120,474
185935101,16.122,21.0608,469,43687,0.825669,0.77,2,2549606,2549137,469
185938021,23.2488,15.6243,485,43735,0.840268,0.77,2,2549634,2549149,485
185940941,28.4995,23.0497,489,43783,0.870107,0.71,2,2549666,2549177,489
186167241,95.0226,100.45,471,21469,0.060976,0.21,1,2552339,2551868,471
186173081,82.6436,72.592,482,21666,0.0949562,0.07,1,2552488,2552006,482
186178921,32.543,40.0547,438,21861,0.095593,0.01,1,2552528,2552090,438
186181841,60.4172,73.0219,422,21958,0.0922372,0.07,1,2552607,2552185,422
186190601,67.7307,68.0094,426,22247,0.0858232,0.09,1,2552826,2552400,426
186193521,79.8923,80.0038,426,22342,0.0763293,0.11,1,2552914,2552488,426
186196441,39.1569,39.8015,425,22437,0.0485317,0.09,1,2552926,2552501,425
186199361,31.2628,32.1206,424,22532,0.0494127,0.09,1,2552952,2552528,424
186202281,58.7051,12.8482,501,22626,0.0857651,0.09,1,2553029,2552528,501
186213961,78.8117,67.2265,510,22999,0.238788,0.07,1,2553336,2552826,510
186216881,38.7247,79.6906,434,23091,0.257515,0.03,1,2553348,2552914,434
186219801,31.6899,39.0762,449,23183,0.253006,0.05,1,2553375,2552926,449
186222721,60.6759,31.2305,503,23274,0.251202,0.11,1,2553455,2552952,503
186225641,71.0704,58.6922,504,23365,0.274481,0.13,1,2553533,2553029,504
186231481,70.5313,77.0708,494,23546,0.414717,0.23,1,2553682,2553188,494
186234401,81.0125,68.0283,520,23636,0.435887,0.27,1,2553770,2553250,520
186237321,39.605,78.8113,446,23726,0.444355,0.27,1,2553782,2553336,446
186278201,74.8849,72.3316,453,24947,0.756407,0.67,2,2554580,2554127,453
186281121,83.354,81.1326,455,25032,0.764563,0.69,2,2554669,2554214,455
186284041,40.5416,40.253,454,25117,0.755825,0.69,2,2554681,2554227,454
186286961,31.8166,31.7012,454,25201,0.77633,0.73,2,2554707,2554253,454
186289881,63.1267,61.8805,456,25285,0.832532,0.73,2,2554791,2554335,456
186292801,26.4507,25.9522,456,25369,0.855013,0.71,2,2554793,2554337,456
186295721,58.5803,57.7809,457,25453,0.864005,0.71,2,2554873,2554416,457
186395001,48.7663,55.898,488,28143,0.8164,1,2,2556786,2556298,488
186397921,68.7065,74.5592,483,28218,0.76456,1,2,2556868,2556385,483
186430041,50.9838,76.6624,487,29032,0.765942,0.55,2,2557437,2556950,487
186432961,49.7935,51.665,501,29105,0.768377,0.59,2,2557486,2556985,501
186435881,42.1174,52.466,485,29178,0.781351,0.59,2,2557523,2557038,485
186438801,37.247,41.9864,484,29251,0.79854,0.63,2,2557557,2557073,484
186441721,52.0988,37.1946,512,29323,0.853416,0.61,2,2557619,2557107,512
186444641,39.4395,51.4778,482,29395,0.887366,0.63,2,2557650,2557168,482
186447561,45.1758,37.9911,502,29467,0.888947,0.65,2,2557699,2557197,502
186628601,357.058,385.921,467,14600,0.418,0.51,1,2560636,2560169,467
186637361,115.972,119.091,474,15033,0.097552,0.09,1,2560973,2560499,474
186640281,53.5887,80.0364,432,15174,0.0690208,0.05,1,2560985,2560553,432
186643201,65.2355,73.4145,436,15314,0.0336083,0.05,1,2561058,2560622,436
186646121,125.694,136.766,423,15453,0.0554433,0.05,1,2561224,2560801,423
186649041,92.8777,97.9063,422,15590,0.0401773,0.09,1,2561295,2560873,422
186651961,98.3511,99.1625,424,15726,0.0220709,0.05,1,2561397,2560973,424
186654881,46.5404,46.865,424,15861,0.0148284,0.01,1,2561409,2560985,424
186657801,61.8162,62.546,423,15995,0.00593135,0.07,1,2561481,2561058,423
186660721,125.526,124.618,425,16128,0.0443725,0.03,1,2561649,2561224,425
186663641,91.0106,92.4474,422,16260,0.035749,0.01,1,2561717,2561295,422
186666561,97.6042,98.1789,422,16391,0.0322996,0.01,1,2561819,2561397,422
186669481,46.8417,46.4716,423,16521,0.0549198,0,1,2561832,2561409,423
186672401,61.3367,61.7886,422,16650,0.0399679,0,1,2561903,2561481,422
186675321,126.535,24.7155,592,16778,0.0699872,0.07,1,2562073,2561481,592
186678241,89.6139,110.686,489,16905,0.0459949,0.03,1,2562138,2561649,489
186681161,98.2455,85.0745,525,17031,0.0483979,0.03,1,2562242,2561717,525
186684081,46.4982,95.2298,435,17156,0.0253592,0.07,1,2562254,2561819,435
186687001,60.5993,45.8919,492,17280,0.0641437,0.03,1,2562324,2561832,492
186689921,128.64,60.9568,595,17403,0.0436575,0.09,1,2562498,2561903,595
186692841,88.0559,126.383,486,17525,0.071463,0.03,1,2562559,2562073,486
186695761,97.6224,89.5531,525,17646,0.0585852,0.05,1,2562663,2562138,525
186698681,46.8489,98.2212,434,17766,0.0534341,0.01,1,2562676,2562242,434
186701601,60.1396,46.4885,491,17885,0.0993736,0.09,1,2562745,2562254,491
186713281,85.3716,97.6221,425,18355,0.078528,0.05,1,2563088,2562663,425
186716201,41.3486,46.8488,424,18471,0.0374112,0.13,1,2563100,2562676,424
186719121,60.3395,60.1395,428,18586,0.0329645,0.11,1,2563173,2562745,428
186727881,59.5417,58.9289,429,18926,0.20251,0.05,1,2563414,2562985,429
186730801,81.4167,85.3716,422,19038,0.231004,0.01,1,2563510,2563088,422
186733721,39.7667,41.3486,422,19149,0.266402,0.03,1,2563522,2563100,422
186736641,60.3067,60.3395,423,19260,0.280561,0.15,1,2563596,2563173,423
186745401,63.1156,59.5417,434,19589,0.442996,0.25,1,2563848,2563414,434
186792121,53.3079,61.9276,449,21255,0.753195,0.71,2,2564926,2564477,449
186795041,137.123,135.771,457,21355,0.847278,0.71,2,2565119,2564662,457
186797961,56.0493,55.5084,457,21454,0.884911,0.71,2,2565121,2564664,457
186800881,65.6197,65.4034,457,21553,0.875964,0.73,2,2565193,2564736,457
186903081,72.9782,73.8461,486,24763,0.428677,1,1,2567516,2567030,486
186908921,48.3965,45.7754,490,24934,0.259388,0.91,1,2567591,2567101,490
186914761,44.8234,49.0841,472,25104,0.0715021,0.97,1,2567696,2567224,472
186917681,35.9294,40.0336,468,25188,0.0286008,0.88,1,2567726,2567258,468
186920601,25.7717,31.6134,461,25272,0.0174403,0.35,1,2567745,2567284,461
186923521,113.509,131.445,435,25356,0.0489761,0.33,1,2567917,2567482,435
186926441,66.4035,72.9782,436,25440,0.0615905,0.33,1,2567952,2567516,436
186929361,37.9614,29.1913,455,25523,0.0546362,0.27,1,2567971,2567516,455
186932281,45.1846,25.4765,482,25606,0.0518545,0.21,1,2568021,2567539,482
186935201,55.8738,41.3906,493,25689,0.0627418,0.05,1,2568084,2567591,493
186938121,42.7495,59.7562,455,25771,0.0430967,0.03,1,2568118,2567663,455
186941041,34.4998,43.7025,451,25853,0.0712387,0,1,2568147,2567696,451
186943961,25.1999,35.481,440,25935,0.0704955,0.01,1,2568166,2567726,440
186946881,113.88,25.5924,594,26017,0.0941982,0.07,1,2568339,2567745,594
186949801,66.552,113.437,457,26098,0.0676793,0.07,1,2568374,2567917,457
186952721,37.4208,66.3748,440,26179,0.0570717,0.05,1,2568392,2567952,440
186955641,45.5683,37.9499,472,26260,0.0648287,0.05,1,2568443,2567971,472
186984841,47.3817,56.0273,429,27056,0.208074,0.15,1,2568935,2568506,429
186987761,41.7527,44.6109,430,27134,0.20923,0.15,1,2568973,2568543,430
186996521,114.296,115.679,428,27368,0.251231,0.13,1,2569193,2568765,428
186999441,64.9185,65.4716,428,27445,0.262492,0.11,1,2569225,2568797,428
187002361,37.9674,37.5887,429,27522,0.278997,0.15,1,2569245,2568816,429
187019881,23.5252,23.2404,430,27981,0.413929,0.29,1,2569448,2569018,430
187069521,33.3773,41.416,475,29241,0.750448,0.51,2,2570317,2569842,475
187072441,24.1509,33.9664,464,29313,0.762179,0.53,2,2570335,2569871,464
187075361,125.46,23.7866,640,29385,0.838872,0.65,2,2570528,2569888,640
187078281,71.1841,121.715,488,29457,0.881549,0.69,2,2570563,2570075,488
187081201,40.4737,67.8858,476,29529,0.874619,0.69,2,2570583,2570107,476
187084121,49.1895,39.7543,510,29601,0.871848,0.71,2,2570638,2570128,510
187087041,20.8758,48.3017,458,29673,0.882739,0.71,2,2570640,2570182,458
187284141,113.627,112.43,449,16128,0.785578,0.63,2,2574346,2573897,449
187287061,100.651,98.9722,451,16260,0.860231,0.71,2,2574438,2573987,451
187289981,101.46,97.1889,457,16391,0.830093,0.73,2,2574540,2574083,457
187292901,48.9841,47.8755,456,16521,0.842037,0.73,2,2574554,2574098,456
187295821,91.5937,90.5502,457,16650,0.870815,0.73,2,2574674,2574217,457
187360061,86.5244,86.9026,498,19260,0.85,1,2,2576586,2576088,498
187365901,66.6439,68.9844,481,19480,0.4444,1,1,2576752,2576271,481
187386341,66.8387,66.2126,511,20230,0.437234,0.35,1,2577263,2576752,511
187418461,100.104,101.613,457,21355,0.775862,0.67,2,2578054,2577597,457
187421381,59.2417,61.0454,455,21454,0.796345,0.67,2,2578086,2577631,455
187424301,70.4967,70.6182,456,21553,0.852538,0.67,2,2578164,2577708,456
187427221,79.7987,80.4473,455,21651,0.875015,0.69,2,2578250,2577795,455
187433061,24.7678,24.1516,458,21847,0.897202,0.75,2,2578297,2577839,458
187523581,95.1459,98.9894,483,24677,0.886,1,2,2580408,2579925,483
187526501,57.2584,58.1957,484,24763,0.8164,1,2,2580440,2579956,484
187529421,40.3033,41.2783,483,24849,0.75256,1,2,2580469,2579986,483
187541101,34.8526,37.4119,474,25188,0.442194,1,1,2580692,2580218,474
187544021,53.541,56.3648,471,25272,0.410877,0.81,1,2580758,2580287,471
187558621,78.5857,50.8245,544,25689,0.401119,0.49,1,2581080,2580536,544
187561541,48.8343,82.1298,470,25771,0.418448,0.45,1,2581109,2580639,470
187564461,32.1337,50.2519,462,25853,0.437379,0.41,1,2581130,2580668,462
187596581,52.7449,86.0214,479,26740,0.759784,0.61,2,2581784,2581305,479
187599501,37.898,51.2085,479,26819,0.765914,0.59,2,2581812,2581333,479
187602421,51.1592,37.8834,510,26898,0.780365,0.59,2,2581872,2581362,510
187605341,21.6637,51.1534,452,26977,0.786146,0.69,2,2581874,2581422,452
187608261,72.2655,81.0613,457,27056,0.812459,0.71,2,2581980,2581523,457
187611181,45.7062,49.2245,457,27134,0.810983,0.71,2,2582008,2581551,457
187614101,31.4825,32.8898,457,27212,0.810393,0.71,2,2582030,2581573,457
187617021,55.193,55.1559,458,27290,0.810157,0.77,2,2582101,2581643,458
187619941,91.0772,89.8624,460,27368,0.870063,0.77,2,2582216,2581756,460
187622861,53.2309,52.7449,460,27445,0.882025,0.77,2,2582244,2581784,460
187745501,44.8814,47.3379,484,30518,0.7996,1,2,2584375,2583891,484
187760101,55.6932,56.4844,487,30863,0.218514,1,1,2584631,2584144,487
187765941,40.4709,45.3975,482,31000,0.208962,1,1,2584710,2584228,482
187768861,35.3884,42.759,473,31068,0.233585,0.89,1,2584742,2584269,473
187795141,40.1834,48.1154,462,31676,0.211632,0.23,1,2585137,2584675,462
187798061,36.4734,40.2462,461,31743,0.234653,0.25,1,2585171,2584710,461
187800981,49.3893,35.2985,487,31810,0.243861,0.15,1,2585229,2584742,487
187803901,35.9557,49.5194,455,31877,0.271544,0.19,1,2585256,2584801,455
187806821,37.7823,36.0078,467,31943,0.282618,0.15,1,2585295,2584828,467
187809741,31.9129,37.8031,456,32009,0.299047,0.19,1,2585323,2584867,456
187812661,28.9652,30.7212,457,32075,0.293619,0.13,1,2585350,2584893,457
187821421,49.2538,51.6462,476,32273,0.403512,0.21,1,2585534,2585058,476
187824341,41.9015,46.4585,470,32339,0.419405,0.23,1,2585571,2585101,470
187827261,36.5606,40.1834,467,32404,0.413762,0.25,1,2585604,2585137,467
187882741,53.3741,52.544,448,33622,0.762849,0.59,2,2586378,2585930,448
187888581,42.2598,41.887,449,33748,0.766456,0.57,2,2586463,2586014,449
187891501,37.3039,36.5548,450,33811,0.792582,0.61,2,2586497,2586047,450
187894421,51.5216,51.2219,450,33874,0.827033,0.59,2,2586558,2586108,450
187897341,39.8086,39.0888,451,33936,0.840813,0.69,2,2586590,2586139,451
187900261,40.5235,38.4355,454,33998,0.870325,0.69,2,2586631,2586177,454
188040421,39.0032,34.7956,493,36866,0.858736,1,2,2588606,2588113,493
188043341,34.8013,28.9182,500,36923,0.865494,1,2,2588638,2588138,500
188046261,56.5205,57.7673,494,36980,0.820198,1,2,2588709,2588215,494
188069621,36.228,42.3027,502,37436,0.449637,0.91,1,2588995,2588493,502
188072541,37.2912,37.3211,506,37492,0.425855,0.89,1,2589033,2588527,506
188078381,33.8066,38.9714,495,37604,0.426937,0.87,1,2589101,2588606,495
188081301,54.9226,34.7886,532,37660,0.428775,0.79,1,2589170,2588638,532
188084221,38.1691,56.5154,488,37716,0.44151,0.67,1,2589197,2588709,488
188087141,30.8676,43.6062,479,37772,0.422604,0.75,1,2589223,2588744,479
188092981,23.6588,30.137,474,37884,0.438417,0.59,1,2589271,2588797,474
188157221,38.0237,37.6815,454,39092,0.765693,0.65,2,2590094,2589640,454
188160141,32.0095,31.2726,455,39146,0.780277,0.67,2,2590122,2589667,455
188163061,29.6038,29.309,455,39200,0.786111,0.67,2,2590150,2589695,455
188165981,23.8415,23.7236,455,39254,0.800444,0.67,2,2590170,2589715,455
188168901,31.1366,31.0894,455,39308,0.806178,0.67,2,2590206,2589751,455
188171821,13.6546,13.6358,455,39362,0.808471,0.73,2,2590208,2589753,455
188174741,44.4619,43.8543,456,39416,0.797388,0.69,2,2590273,2589817,456
188177661,38.7847,38.5417,456,39470,0.816955,0.69,2,2590308,2589852,456
188180581,35.9139,35.8167,456,39524,0.824782,0.71,2,2590342,2589886,456
188183501,38.9656,38.9267,456,39577,0.827913,0.69,2,2590383,2589927,456
188186421,37.7862,38.3707,455,39630,0.841165,0.75,2,2590420,2589965,455
188189341,36.1145,35.1483,457,39683,0.858466,0.73,2,2590455,2589998,457
188335341,29.8044,29.9499,496,42260,0.891155,1,2,2592234,2591738,496
188530981,41.2142,37.1896,494,45486,0.873575,1,2,2594512,2594018,494
188533901,36.2857,28.0758,505,45532,0.82343,1,2,2594545,2594040,505
188536821,33.7143,38.2303,492,45578,0.791372,1,2,2594577,2594085,492
188539741,33.8857,36.8921,490,45624,0.778549,1,2,2594611,2594121,490
188545581,30.5017,24.3827,504,45716,0.752168,1,2,2594675,2594171,504
188548501,33.2007,32.5531,501,45762,0.822867,0.97,2,2594710,2594209,501
188551421,22.2803,36.4212,477,45808,0.815147,1,2,2594725,2594248,477
188554341,23.3121,31.3685,473,45854,0.800059,0.91,2,2594749,2594276,473
188557261,14.7248,17.3474,474,45900,0.794024,1,2,2594758,2594284,474
188560181,25.6899,22.539,481,45946,0.827609,1,2,2594791,2594310,481
188563101,27.076,9.01558,509,45992,0.889044,1,2,2594819,2594310,509
188566021,32.4304,25.2062,509,46038,0.877617,0.87,2,2594855,2594346,509
188568941,38.1722,34.6825,510,46084,0.861047,0.95,2,2594897,2594387,510
188571861,35.6689,41.473,498,46130,0.890419,0.99,2,2594931,2594433,498
188574781,38.8675,38.1892,503,46176,0.878168,0.81,2,2594972,2594469,503
188577701,35.347,41.0757,493,46222,0.861267,0.79,2,2595005,2594512,493
188580621,32.7388,36.2303,491,46268,0.878507,0.77,2,2595036,2594545,491
188858021,338.167,356.22,507,23360,0.898,1,2,2598358,2597851,507
188912041,50.0829,68.3897,481,23721,0.083675,0.89,1,2598755,2598274,481
188914961,37.4331,45.9559,479,23810,0.06347,0.73,1,2598784,2598305,479
188917881,32.9733,38.1824,476,23899,0.031388,0.69,1,2598814,2598338,476
188920801,32.3893,37.4729,471,23988,0.0185552,0.65,1,2598846,2598375,471
188923721,64.5557,62.9892,477,24076,0.0614221,0.25,1,2598932,2598455,477
188941241,32.5381,33.047,422,24599,0.212536,0.01,1,2599236,2598814,422
188961681,35.265,36.3453,427,25196,0.21165,0.23,1,2599633,2599206,427
188964601,34.506,32.5381,431,25280,0.23466,0.15,1,2599667,2599236,431
188967521,30.0024,32.8153,425,25364,0.255864,0.13,1,2599694,2599269,425
188985041,37.3112,45.1223,461,25861,0.415547,0.23,1,2600066,2599605,461
188987961,35.3245,34.8489,467,25943,0.400219,0.25,1,2600100,2599633,467
188993801,68.7719,29.9358,528,26106,0.427635,0.35,1,2600222,2599694,528
189037601,36.0615,35.2276,452,27297,0.761386,0.61,2,2600992,2600540,452
189040521,31.2246,30.891,452,27375,0.790555,0.57,2,2601020,2600568,452
189043441,72.4898,71.1564,454,27452,0.802222,0.67,2,2601120,2600666,454
189046361,71.5959,70.4626,455,27529,0.842889,0.69,2,2601191,2600736,455
189049281,75.4384,73.785,457,27606,0.871156,0.69,2,2601269,2600812,457
189052201,31.3753,30.714,457,27683,0.882462,0.73,2,2601271,2600814,457
189157321,80.6586,81.4989,489,30313,0.87158,1,2,2603169,2602680,489
189160241,54.4635,49.9996,497,30383,0.762632,0.95,2,2603206,2602709,497
189169001,34.4217,29.72,513,30591,0.448408,1,1,2603334,2602821,513
189171921,23.3687,29.288,500,30660,0.413363,1,1,2603350,2602850,500
189174841,23.1475,27.9152,496,30729,0.411345,1,1,2603373,2602877,496
189206961,30.285,19.843,474,31479,0.412487,0.29,1,2603847,2603373,474
189209881,54.114,30.1372,507,31546,0.422995,0.31,1,2603917,2603410,507
189259521,25.98,30.4714,472,32668,0.753294,0.59,2,2604683,2604211,472
189262441,19.992,26.5886,464,32733,0.763318,0.55,2,2604699,2604235,464
189265361,9.19679,20.2354,450,32798,0.767327,0.57,2,2604701,2604251,450
189268281,26.4787,30.8942,450,32862,0.816931,0.61,2,2604739,2604289,450
189271201,54.9915,55.5577,452,32926,0.800772,0.65,2,2604813,2604361,452
189274121,65.1966,63.6231,455,32990,0.794309,0.69,2,2604885,2604430,455
189277041,74.6786,73.4492,456,33054,0.791724,0.69,2,2604966,2604510,456
189279961,50.2715,49.7797,456,33118,0.814689,0.67,2,2605000,2604544,456
189282881,55.5086,55.3119,456,33182,0.823876,0.71,2,2605059,2604603,456
189285801,45.0034,43.1247,459,33246,0.83955,0.75,2,2605097,2604638,459
189288721,31.2014,30.4499,459,33310,0.85782,0.77,2,2605119,2604660,459
189291641,26.8805,25.98,460,33373,0.841128,0.77,2,2605143,2604683,460
189294561,20.3522,19.992,460,33436,0.870451,0.77,2,2605159,2604699,460
189297481,9.34089,9.19679,460,33499,0.88218,0.85,2,2605161,2604701,460
189300401,27.7364,26.4787,462,33562,0.898872,0.79,2,2605201,2604739,462
189443481,56.6587,79.1852,478,36522,0.890339,1,2,2607336,2606858,478
189449321,59.8254,64.5096,487,36638,0.443654,1,1,2607453,2606966,487
189452241,53.9302,49.2039,498,36696,0.267462,1,1,2607503,2607005,498
189458081,36.3488,33.9126,499,36811,0.0991939,1,1,2607566,2607067,499
189461001,28.9395,37.565,483,36868,0.0816775,1,1,2607590,2607107,483
189463921,28.3758,34.826,478,36925,0.062671,0.97,1,2607618,2607140,478
189466841,20.9503,24.7304,476,36982,0.0550684,1,1,2607634,2607158,476
189469761,31.1801,33.2922,475,37039,0.0220274,1,1,2607672,2607197,475
189472681,31.6721,36.1169,469,37096,0.00881094,0.92,1,2607704,2607235,469
189475601,26.4688,30.6467,465,37153,0.0335244,0.92,1,2607727,2607262,465
189478521,49.5875,12.2587,530,37210,0.0194098,0.85,1,2607792,2607262,530
189481441,45.635,49.3035,499,37267,0.0377639,0.53,1,2607835,2607336,499
189484361,51.254,52.1214,500,37324,0.0451056,0.29,1,2607890,2607390,500
189487281,46.3016,58.6486,480,37381,0.0600422,0.15,1,2607933,2607453,480
189490201,34.7206,53.4594,457,37438,0.0240169,0.11,1,2607960,2607503,457
189493121,31.8883,38.1838,459,37494,0.0876068,0.05,1,2607990,2607531,459
189496041,26.5553,36.2735,447,37550,0.0530427,0.07,1,2608013,2607566,447
189498961,26.2221,28.9094,449,37606,0.0392171,0.05,1,2608039,2607590,449
189501881,21.2888,28.3638,439,37662,0.0216868,0.05,1,2608057,2607618,439
189504801,30.1155,20.9455,459,37718,0.0386747,0,1,2608093,2607634,459
189507721,31.2462,31.1782,453,37774,0.0214699,0,1,2608125,2607672,453
189510641,26.2985,31.6713,444,37830,0.050588,0.05,1,2608148,2607704,444
189513561,50.1194,26.4685,487,37886,0.0382352,0.01,1,2608214,2607727,487
189516481,46.4478,49.5874,466,37942,0.0452941,0.05,1,2608258,2607792,466
189519401,52.7791,45.635,480,37998,0.0481176,0.05,1,2608315,2607835,480
189522321,46.3116,51.254,467,38054,0.097247,0.07,1,2608357,2607890,467
189534001,25.656,26.5553,448,38275,0.0919135,0.03,1,2608461,2608013,448
189536921,21.6624,26.2221,441,38330,0.0427654,0.01,1,2608480,2608039,441
189539841,29.665,21.2888,458,38385,0.0591062,0.05,1,2608515,2608057,458
189542761,31.666,30.1155,455,38440,0.0656425,0.01,1,2608548,2608093,455
189545681,27.0664,31.2462,447,38495,0.044257,0.07,1,2608572,2608125,447
189548601,49.2266,26.2985,488,38550,0.0477028,0.03,1,2608636,2608148,488
189551521,46.6906,50.1194,467,38605,0.0370811,0.05,1,2608681,2608214,467
189554441,19.8762,46.4478,425,38660,0.0328324,0.05,1,2608683,2608258,425
189557361,42.1505,52.7791,425,38715,0.043133,0.13,1,2608740,2608315,425
189560281,43.8602,46.3116,428,38770,0.0472532,0.11,1,2608785,2608357,428
189563201,33.7441,34.1247,429,38824,0.0609013,0.15,1,2608812,2608383,429
189566121,33.2976,32.8499,430,38878,0.0663605,0.17,1,2608845,2608415,430
189569041,22.9191,25.1399,426,38932,0.0685442,0.05,1,2608861,2608435,426
189571961,23.5676,25.656,424,38986,0.0934177,0.01,1,2608885,2608461,424
189574881,20.227,21.6624,423,39040,0.0793671,0.07,1,2608903,2608480,423
189577801,29.0908,29.665,423,39094,0.0617468,0.07,1,2608938,2608515,423
189580721,31.4363,31.666,423,39148,0.0786987,0.03,1,2608971,2608548,423
189583641,26.9745,27.0664,423,39202,0.0734795,0.05,1,2608995,2608572,423
189586561,49.1898,49.2266,423,39256,0.0713918,0.03,1,2609059,2608636,423
189589481,46.6759,46.6906,423,39310,0.0285567,0.03,1,2609104,2608681,423
189592401,19.8704,19.8762,423,39364,0.0414227,0.05,1,2609106,2608683,423
189595321,41.5481,42.1505,422,39418,0.0465691,0.05,1,2609162,2608740,422
189598241,44.2193,43.8602,423,39472,0.0726276,0.07,1,2609208,2608785,423
189609921,23.7688,23.5676,425,39685,0.215027,0.07,1,2609310,2608885,425
189612841,19.1075,20.227,423,39738,0.224011,0.05,1,2609326,2608903,423
189615761,28.043,29.0908,422,39791,0.251604,0.09,1,2609360,2608938,422
189618681,32.2172,31.4363,424,39844,0.250642,0.07,1,2609395,2608971,424
189621601,27.8869,26.9745,425,39897,0.286257,0.07,1,2609420,2608995,425
189624521,48.3548,49.1898,423,39950,0.276503,0,1,2609482,2609059,423
189627441,45.7419,46.6759,422,40003,0.272601,0.05,1,2609526,2609104,422
189630361,19.4968,19.8704,422,40056,0.29504,0.05,1,2609528,2609106,422
189636201,46.5595,16.6193,472,40162,0.259606,0.09,1,2609634,2609162,472
189639121,36.0238,34.2477,455,40215,0.289843,0.17,1,2609663,2609208,455
189662481,48.5824,27.8803,496,40632,0.413224,0.27,1,2609916,2609420,496
189665401,45.8329,48.3521,478,40684,0.43529,0.27,1,2609960,2609482,478
189668321,19.5332,45.7409,436,40736,0.444116,0.31,1,2609962,2609526,436
189671241,41.4133,19.4963,490,40788,0.447646,0.31,1,2610018,2609528,490
189674161,47.1653,41.3985,485,40840,0.437059,0.23,1,2610069,2609584,485
189677081,36.8661,46.5594,465,40892,0.444823,0.31,1,2610099,2609634,465
189680001,39.3464,36.0238,477,40944,0.447929,0.33,1,2610140,2609663,477
189750081,42.5405,41.589,454,42162,0.763066,0.65,2,2610915,2610461,454
189753001,47.0162,46.6356,454,42212,0.779226,0.65,2,2610965,2610511,454
189755921,20.0065,19.8542,454,42262,0.785691,0.67,2,2610967,2610513,454
189758841,26.0026,26.5417,453,42312,0.788276,0.65,2,2610997,2610544,453
189761761,34.401,35.2167,452,42362,0.80131,0.65,2,2611037,2610585,452
189764681,23.9604,23.6867,453,42412,0.794524,0.67,2,2611054,2610601,453
189767601,23.9842,23.8747,453,42462,0.79181,0.69,2,2611078,2610625,453
189770521,20.9937,20.3499,454,42512,0.826724,0.67,2,2611097,2610643,454
189773441,30.5975,30.9399,453,42562,0.86469,0.69,2,2611134,2610681,453
189982221,161.817,174.318,487,20544,0.214,1,1,2613582,2613095,487
189990981,85.3323,102.476,472,20852,0.096016,0.33,1,2613841,2613369,472
189993901,70.1329,79.9905,467,20954,0.0804064,0.11,1,2613901,2613434,467
189996821,47.8532,66.1962,443,21055,0.0861626,0.13,1,2613934,2613491,443
190005581,90.7106,94.5006,424,21356,0.0782344,0.09,1,2614127,2613703,424
190017261,47.4086,46.7568,427,21750,0.212483,0.17,1,2614361,2613934,427
190020181,30.3634,29.5027,428,21848,0.246993,0.11,1,2614380,2613952,428
190023101,40.9454,43.6011,423,21945,0.248797,0.05,1,2614428,2614005,423
190040621,31.332,30.3627,433,22519,0.201765,0.27,1,2614813,2614380,433
190043541,41.3328,12.1451,481,22613,0.206706,0.25,1,2614861,2614380,481
190046461,85.5331,33.658,548,22707,0.256682,0.15,1,2614976,2614428,548
190052301,78.3653,71.8653,509,22893,0.440669,0.15,1,2615121,2614612,509
190099021,72.3177,74.9026,455,24331,0.784523,0.67,2,2616092,2615637,455
190101941,49.3271,50.3611,455,24418,0.823809,0.69,2,2616126,2615671,455
190104861,31.7308,32.7444,454,24505,0.863524,0.65,2,2616146,2615692,454
190107781,41.4923,41.8978,454,24591,0.879409,0.65,2,2616194,2615740,454
190110701,88.5969,88.1591,455,24677,0.897764,0.65,2,2616314,2615859,455
190350141,43.3451,39.2803,496,30932,0.885551,1,2,2620685,2620189,496
190353061,57.538,61.9121,486,31000,0.87622,0.99,2,2620752,2620266,486
190355981,47.0152,47.5648,488,31068,0.860488,1,2,2620792,2620304,488
190358901,53.6061,59.8259,478,31136,0.818195,1,2,2620850,2620372,478
190361821,42.4424,44.9304,478,31204,0.849278,0.99,2,2620885,2620407,478
190364741,35.577,36.5721,478,31272,0.861711,1,2,2620916,2620438,478
190507821,44.7918,41.6126,532,34432,0.857715,1,2,2623130,2622598,532
190510741,37.1167,49.045,510,34493,0.781086,1,2,2623162,2622652,510
190522421,42.2158,39.5212,518,34737,0.211468,1,1,2623346,2622828,518
190525341,32.4863,34.4085,513,34798,0.0905871,0.99,1,2623372,2622859,513
190528261,33.3945,33.5634,514,34859,0.0782348,1,1,2623406,2622892,514
190531181,60.1578,28.4254,567,34920,0.0612939,0.89,1,2623484,2622917,567
190534101,44.4631,68.3701,506,34981,0.0665176,1,1,2623518,2623012,506
190537021,37.5853,48.9481,503,35041,0.056607,1,1,2623551,2623048,503
190539941,39.6341,39.9792,510,35101,0.0286428,0.77,1,2623592,2623082,510
190542861,32.0536,44.7917,489,35161,0.0414571,0.73,1,2623619,2623130,489
190545781,46.4215,37.1167,513,35221,0.0705828,0.53,1,2623675,2623162,513
190548701,31.7686,56.2467,466,35281,0.0822331,0.37,1,2623697,2623231,466
190551621,34.3074,41.0987,471,35341,0.0988933,0.29,1,2623733,2623262,471
190554541,35.323,41.0395,466,35401,0.0815573,0.11,1,2623769,2623303,466
190557461,29.7292,42.2158,449,35461,0.0746229,0.01,1,2623795,2623346,449
190560381,31.6917,32.4863,456,35521,0.0598492,0.07,1,2623828,2623372,456
190563301,59.4767,33.3945,500,35581,0.0419397,0.05,1,2623906,2623406,500
190566221,44.7907,60.1578,457,35640,0.0347759,0.07,1,2623941,2623484,457
190569141,19.1163,44.4631,425,35699,0.0139103,0.05,1,2623943,2623518,425
190572061,26.2465,37.5853,423,35758,0.0235641,0.01,1,2623974,2623551,423
190574981,35.0986,39.6341,423,35817,0.0394257,0.05,1,2624015,2623592,423
190577901,31.4394,32.0536,425,35876,0.0697703,0.09,1,2624044,2623619,425
190580821,47.9758,46.4215,428,35935,0.0939081,0.09,1,2624103,2623675,428
190592501,27.1626,29.7292,422,36171,0.097588,0.05,1,2624217,2623795,422
190598341,60.506,59.4767,425,36287,0.0768141,0.03,1,2624331,2623906,425
190601261,43.4024,44.7907,422,36345,0.0607256,0,1,2624363,2623941,422
190604181,18.561,19.1163,422,36403,0.0302903,0.03,1,2624365,2623943,422
190607101,27.2244,26.2465,424,36461,0.0421161,0.05,1,2624398,2623974,424
190610021,34.2898,35.0986,422,36519,0.0468464,0.09,1,2624437,2624015,422
190612941,32.3159,31.4394,424,36577,0.0367386,0.11,1,2624468,2624044,424
190615861,48.9264,47.9758,425,36635,0.0446954,0.11,1,2624528,2624103,425
190618781,32.1705,31.7903,425,36693,0.0718782,0.11,1,2624549,2624124,425
190621701,35.6682,35.5161,425,36751,0.0587513,0.11,1,2624587,2624162,425
190624621,33.4673,33.4064,425,36809,0.0535005,0.09,1,2624619,2624194,425
190627541,26.5869,27.1626,424,36866,0.0874002,0.13,1,2624641,2624217,424
190630461,31.0348,31.265,424,36923,0.0889601,0.05,1,2624675,2624251,424
190633381,60.4139,60.506,424,36980,0.053584,0.05,1,2624755,2624331,424
190636301,42.1656,43.4024,422,37037,0.0514336,0.01,1,2624785,2624363,422
190639221,18.0662,18.561,422,37094,0.0505734,0.05,1,2624787,2624365,422
190642141,28.2265,27.2244,424,37151,0.0382294,0.05,1,2624822,2624398,424
190645061,34.0906,10.8898,462,37208,0.0692917,0.05,1,2624860,2624398,462
190647981,31.6362,27.7559,453,37265,0.0937167,0.03,1,2624890,2624437,453
190650901,49.8545,29.7024,484,37322,0.0914867,0.05,1,2624952,2624468,484
190680101,36.6762,28.2262,464,37884,0.201933,0.09,1,2625286,2624822,464
190683021,32.6705,34.0905,456,37940,0.230773,0.11,1,2625316,2624860,456
190685941,50.8682,31.6362,489,37996,0.278309,0.09,1,2625379,2624890,489
190688861,32.3473,49.8545,447,38052,0.297324,0.13,1,2625399,2624952,447
190706381,42.0653,58.29,460,38383,0.410026,0.19,1,2625636,2625176,460
190709301,18.0261,41.316,432,38438,0.42201,0.19,1,2625638,2625206,432
190712221,28.8104,17.7264,466,38493,0.426804,0.19,1,2625674,2625208,466
190715141,36.7242,28.6906,472,38548,0.428722,0.21,1,2625716,2625244,472
190718061,35.0897,36.6762,464,38603,0.429489,0.25,1,2625750,2625286,464
190720981,15.2359,32.6705,436,38658,0.405795,0.31,1,2625752,2625316,436
190723901,44.4943,50.8682,437,38713,0.420318,0.31,1,2625816,2625379,437
190791061,36.2664,35.6191,448,39948,0.752371,0.61,2,2626605,2626157,448
190796901,15.6426,15.0591,450,40054,0.757579,0.73,2,2626643,2626193,450
190799821,49.4571,45.6236,456,40107,0.837032,0.73,2,2626715,2626259,456
190802741,31.7828,18.2494,476,40160,0.844813,0.73,2,2626735,2626259,476
190805661,36.7131,19.8998,495,40213,0.847925,0.71,2,2626775,2626280,495
190808581,35.0853,32.5599,488,40266,0.86117,0.71,2,2626809,2626321,488
190811501,28.4341,33.424,478,40318,0.866468,0.69,2,2626833,2626355,478
190814421,35.3736,27.1696,495,40370,0.856587,0.73,2,2626873,2626378,495
190817341,59.1495,34.2678,531,40422,0.888635,0.77,2,2626948,2626417,531
191018821,193.416,200.072,489,19818,0.2452,0.61,1,2629395,2628906,489
191036341,90.582,39.7433,537,20451,0.242631,0.09,1,2629821,2629284,537
191039261,81.8328,82.4973,502,20555,0.271052,0.11,1,2629897,2629395,502
191053861,18.4674,43.8192,432,21066,0.426356,0.29,1,2630132,2629700,432
191097661,83.4263,81.5344,451,22529,0.800211,0.59,2,2631150,2630699,451
191100581,80.7705,32.6137,530,22623,0.854084,0.63,2,2631229,2630699,530
191103501,88.1082,59.8455,545,22717,0.875634,0.71,2,2631322,2630777,545
191106421,64.0433,77.3382,504,22810,0.896254,0.73,2,2631370,2630866,504
191302061,52.7314,42.0326,512,28365,0.87471,1,2,2635324,2634812,512
191304981,37.2926,16.813,539,28440,0.835884,1,2,2635351,2634812,539
191307901,26.317,33.1252,514,28514,0.796354,0.99,2,2635370,2634856,514
191325421,77.1703,48.2801,568,28956,0.447133,0.89,1,2635757,2635189,568
191328341,48.8681,79.312,498,29029,0.424853,0.84,1,2635787,2635289,498
191331261,33.3472,52.7248,486,29102,0.415941,0.81,1,2635810,2635324,486
191334181,22.3389,37.2899,474,29175,0.424377,0.77,1,2635825,2635351,474
191369221,66.4828,65.8542,447,30034,0.793517,0.49,2,2636410,2635963,447
191372141,50.5931,49.7417,448,30104,0.803407,0.53,2,2636450,2636002,448
191375061,60.4372,60.0967,448,30174,0.807363,0.55,2,2636517,2636069,448
191377981,45.7749,45.0387,449,30244,0.808945,0.63,2,2636553,2636104,449
191380901,77.11,74.4155,453,30314,0.845578,0.61,2,2636651,2636198,453
191383821,50.044,48.3662,454,30384,0.872231,0.65,2,2636683,2636229,454
191386741,33.2176,32.5465,454,30454,0.858893,0.65,2,2636705,2636251,454
191389661,21.687,21.4186,454,30523,0.853557,0.65,2,2636719,2636265,454
191392581,9.87481,9.76744,454,30592,0.875423,0.75,2,2636721,2636267,454
191535661,53.0863,55.4593,493,33814,0.7972,1,2,2639075,2638582,493
191547341,30.447,29.7734,502,34063,0.431816,1,1,2639201,2638699,502
191550261,46.9788,50.3093,496,34125,0.250727,1,1,2639259,2638763,496
191564861,72.1806,38.6598,568,34435,0.0585642,0.88,1,2639501,2638933,568
191567781,45.6722,80.2639,488,34496,0.0654257,0.71,1,2639529,2639041,488
191570701,33.2689,52.5056,479,34557,0.0681703,0.67,1,2639554,2639075,479
191579461,27.1852,34.0804,465,34740,0.0612429,0.37,1,2639638,2639173,465
191582381,37.2741,30.4321,481,34801,0.0784972,0.13,1,2639682,2639201,481
191585301,35.9096,46.9729,458,34862,0.0733989,0.03,1,2639717,2639259,458
191588221,34.1639,40.9891,454,34923,0.0593595,0.09,1,2639750,2639296,454
191591141,44.2655,33.1957,477,34984,0.0297438,0.13,1,2639801,2639324,477
191594061,32.7062,43.8783,451,35044,0.0538975,0.09,1,2639826,2639375,451
191596981,71.8825,34.9513,520,35104,0.063559,0.03,1,2639924,2639404,520
191599901,44.953,72.1805,450,35164,0.0674236,0.07,1,2639951,2639501,450
191602821,32.3812,45.6722,446,35224,0.0809694,0.07,1,2639975,2639529,446
191605741,35.1525,33.2689,458,35284,0.0743878,0.13,1,2640012,2639554,458
191608661,28.461,31.9076,451,35344,0.0837551,0.11,1,2640036,2639585,451
191611581,27.5844,28.963,451,35404,0.087502,0.03,1,2640063,2639612,451
191620341,33.8294,35.9096,455,35584,0.0812001,0.05,1,2640172,2639717,455
191623261,44.1318,34.1639,473,35643,0.07448,0.01,1,2640223,2639750,473
191626181,18.8527,44.2655,424,35702,0.071792,0.07,1,2640225,2639801,424
191646621,28.5861,27.5844,428,36115,0.205485,0.15,1,2640491,2640063,428
191652461,32.1738,33.5735,426,36232,0.216478,0.05,1,2640564,2640138,426
191655381,33.2695,33.8294,426,36290,0.200591,0.07,1,2640598,2640172,426
191658301,44.5078,44.1318,427,36348,0.254236,0.07,1,2640650,2640223,427
191661221,19.0031,18.8527,427,36406,0.251695,0.19,1,2640652,2640225,427
191664141,24.4012,23.1411,429,36464,0.262678,0.17,1,2640680,2640251,429
191763421,45.8684,33.5451,503,38385,0.756653,0.53,2,2641978,2641475,503
191766341,19.5473,47.018,449,38440,0.764661,0.53,2,2641980,2641531,449
191769261,24.6189,20.0072,475,38495,0.767864,0.53,2,2642008,2641533,475
191772181,72.8476,24.8029,552,38550,0.841146,0.57,2,2642113,2641561,552
191775101,47.139,71.7212,479,38605,0.882458,0.59,2,2642143,2641664,479
191778021,20.0556,45.4885,453,38660,0.898983,0.63,2,2642145,2641692,453
191924021,70.4405,29.6804,574,41302,0.786863,1,2,2644004,2643430,574
191941541,24.5375,23.3941,495,41608,0.438174,1,1,2644151,2643656,495
191944461,29.615,24.9576,502,41659,0.40927,1,1,2644184,2643682,502
191953221,33.2634,33.2053,480,41812,0.297633,0.99,1,2644279,2643799,480
191956141,37.3053,43.8821,469,41862,0.281053,0.95,1,2644319,2643850,469
191959061,29.9221,33.7528,467,41912,0.274421,0.91,1,2644344,2643877,467
191961981,26.9689,32.1011,461,41962,0.271769,0.69,1,2644369,2643908,461
191967821,41.635,43.7762,454,42062,0.296683,0.57,1,2644484,2644030,454
191976581,22.2246,26.6097,442,42212,0.406108,0.43,1,2644555,2644113,442
191982421,25.6359,24.5375,445,42312,0.411777,0.39,1,2644596,2644151,445
192099221,22.5913,28.7318,473,44264,0.75857,0.67,2,2645900,2645427,473
192102141,13.8365,22.2927,463,44312,0.765428,0.69,2,2645908,2645445,463
192105061,27.1346,13.7171,491,44360,0.780171,0.69,2,2645944,2645453,491
192107981,29.4538,28.2868,484,44408,0.810068,0.67,2,2645975,2645491,484
192110901,27.3815,29.3147,480,44456,0.822027,0.67,2,2646001,2645521,480
192113821,12.1526,27.3259,456,44503,0.826811,0.75,2,2646003,2645547,456
192116741,25.261,30.7304,457,44550,0.864724,0.69,2,2646037,2645580,457
192119661,30.5044,33.2921,456,44597,0.89189,0.69,2,2646071,2645615,456
192293401,101.903,108.684,491,21370,0.24712,0.9,1,2648058,2647567,491
192296321,118.761,113.074,505,21469,0.272848,0.59,1,2648188,2647683,505
192299241,84.7045,105.829,466,21568,0.271139,0.51,1,2648250,2647784,466
192343041,88.8195,77.0926,544,22999,0.807179,0.65,2,2649229,2648685,544
192345961,48.7278,84.8371,476,23091,0.808871,0.71,2,2649251,2648775,476
192348881,35.0911,45.9348,482,23183,0.821549,0.73,2,2649277,2648795,482
192351801,44.6364,33.3739,508,23274,0.826619,0.77,2,2649328,2648820,508
192354721,56.8546,42.7496,524,23365,0.852648,0.73,2,2649393,2648869,524
192456921,91.6443,66.984,585,26354,0.8116,1,2,2651578,2650993,585
192474441,94.6199,47.8164,598,26832,0.204223,1,1,2651887,2651289,598
192477361,69.648,93.5266,527,26911,0.0996894,0.89,1,2651940,2651413,527
192480281,29.0592,74.6106,467,26990,0.0398758,0.73,1,2651942,2651475,467
192483201,65.6237,91.6443,454,27068,0.0579503,0.55,1,2652032,2651578,454
192486121,40.6495,55.2577,447,27146,0.0291801,0.55,1,2652056,2651609,447
192489041,38.4598,44.9031,446,27224,0.0536721,0.43,1,2652093,2651647,446
192491961,32.7839,39.5612,439,27302,0.0754688,0.31,1,2652122,2651683,439
192494881,29.3136,32.6245,438,27380,0.0961875,0.27,1,2652149,2651711,438
192497801,33.9254,40.0498,430,27457,0.080475,0.13,1,2652186,2651756,430
192500721,87.3702,94.6199,422,27534,0.03819,0.03,1,2652309,2651887,422
192503641,67.3481,69.648,423,27611,0.033276,0,1,2652363,2651940,423
192506561,28.1392,29.0592,423,27688,0.0133104,0.07,1,2652365,2651942,423
192509481,64.6557,65.6237,422,27764,0.0833242,0.01,1,2652454,2652032,422
192512401,40.2623,40.6495,422,27840,0.0873297,0.07,1,2652478,2652056,422
192515321,39.5049,38.4598,424,27916,0.0649319,0.09,1,2652517,2652093,424
192518241,34.402,32.7839,426,27992,0.0799727,0.11,1,2652548,2652122,426
192521161,28.1608,29.3136,423,28068,0.0859891,0.07,1,2652572,2652149,423
192524081,33.4643,33.9254,423,28143,0.0763956,0.01,1,2652609,2652186,423
192538681,41.5622,57.9023,450,28517,0.216792,0.09,1,2652904,2652454,450
192541601,37.0249,37.5609,460,28591,0.224717,0.05,1,2652938,2652478,460
192544521,34.61,38.4244,454,28665,0.215887,0.09,1,2652971,2652517,454
192547441,28.244,33.9697,447,28739,0.212355,0.09,1,2652995,2652548,447
192550361,34.0976,27.9879,461,28813,0.222942,0.07,1,2653033,2652572,461
192553281,91.039,33.3952,553,28886,0.275177,0.21,1,2653162,2652609,553
192567881,37.3911,41.5615,466,29251,0.405643,0.23,1,2653370,2652904,466
192570801,34.1564,37.0246,464,29323,0.444257,0.21,1,2653402,2652938,464
192629201,31.2782,31.0392,446,30733,0.768878,0.49,2,2654293,2653847,446
192632121,26.9113,26.8157,446,30802,0.793551,0.49,2,2654317,2653871,446
192635041,34.7645,34.7263,446,30871,0.791421,0.53,2,2654357,2653911,446
192637961,93.7058,93.6905,446,30940,0.802568,0.55,2,2654490,2654044,446
192640881,72.2823,70.4762,449,31008,0.879027,0.59,2,2654548,2654099,449
192643801,30.1129,29.3905,449,31076,0.885611,0.65,2,2654550,2654101,449
192889081,324.45,359.844,468,16060,0.4156,0.53,1,2658251,2657783,468
192894921,129.312,159.695,458,16323,0.078496,0.05,1,2658479,2658021,458
192897841,98.5248,118.478,445,16453,0.0733984,0.03,1,2658557,2658112,445
192900761,79.6099,100.191,424,16582,0.0473594,0.05,1,2658624,2658200,424
192903681,47.444,53.8765,427,16710,0.0489437,0.03,1,2658650,2658223,427
192906601,133.578,38.3506,590,16837,0.0975775,0.05,1,2658841,2658251,590
192909521,89.431,114.34,485,16963,0.039031,0,1,2658901,2658416,485
192912441,83.1724,83.5361,501,17088,0.0156124,0.07,1,2658980,2658479,501
192915361,72.269,80.2144,488,17212,0.024245,0.03,1,2659045,2658557,488
192918281,46.3076,72.2858,450,17335,0.027698,0.05,1,2659074,2658624,450
192921201,134.923,44.5143,618,17457,0.0650792,0.13,1,2659268,2658650,618
192924121,86.9692,132.406,482,17579,0.0560317,0,1,2659323,2658841,482
192927041,82.1877,88.9623,501,17700,0.0404127,0,1,2659402,2658901,501
192929961,71.2751,82.9849,486,17820,0.0341651,0.03,1,2659466,2658980,486
192932881,47.71,72.194,453,17939,0.031666,0.03,1,2659498,2659045,453
192935801,136.084,46.2776,619,18057,0.0426664,0.09,1,2659693,2659074,619
192938721,55.6336,134.911,427,18175,0.0470666,0.05,1,2659695,2659268,427
192941641,52.8534,86.9644,423,18292,0.0608266,0.03,1,2659746,2659323,423
192944561,68.5414,82.1858,423,18408,0.0243306,0.03,1,2659825,2659402,423
192947481,65.8166,71.2743,423,18523,0.0397323,0.03,1,2659889,2659466,423
192950401,45.5266,47.7097,423,18638,0.0458929,0.05,1,2659921,2659498,423
192953321,136.411,136.084,425,18752,0.0603572,0.05,1,2660118,2659693,425
192956241,55.7643,55.6336,425,18865,0.0661429,0.07,1,2660120,2659695,425
192959161,51.7057,52.8534,423,18977,0.0564571,0,1,2660169,2659746,423
192962081,67.4823,68.5414,422,19089,0.0225829,0.05,1,2660247,2659825,422
192965001,65.3929,65.8165,422,19200,0.0390331,0.05,1,2660311,2659889,422
192967921,45.3572,45.5266,422,19311,0.0576133,0.07,1,2660343,2659921,422
192982521,64.6385,55.0729,485,19854,0.0954092,0.05,1,2660732,2660247,485
192985441,45.6554,60.4292,454,19961,0.0681637,0.07,1,2660765,2660311,454
192986901,138.862,43.3717,623,20067,0.0812655,0.17,1,2660966,2660343,623
192989821,58.5449,136.149,430,20173,0.0745062,0.17,1,2660971,2660541,430
192992741,24.6179,55.6595,430,20278,0.0958025,0.23,1,2660973,2660543,430
193021941,55.7048,59.0795,427,21302,0.217897,0.15,1,2661582,2661155,427
193024861,43.2819,44.6318,427,21402,0.213159,0.17,1,2661617,2661190,427
193027781,142.113,141.453,429,21501,0.295264,0.19,1,2661825,2661396,429
193036541,23.4472,23.405,429,21796,0.404097,0.23,1,2661883,2661454,429
193067201,138.204,37.8866,645,22843,0.776714,0.61,2,2662692,2662047,645
193070121,70.2814,145.355,453,22936,0.808685,0.61,2,2662717,2662264,453
193073041,29.3126,59.3419,453,23028,0.821474,0.67,2,2662719,2662266,453
193075961,45.325,57.3367,453,23120,0.86259,0.67,2,2662775,2662322,453
193078881,19.33,24.1347,453,23212,0.855036,0.67,2,2662777,2662324,453
193081801,51.532,52.2539,455,23303,0.876014,0.71,2,2662850,2662395,455
193084721,59.0128,57.5016,458,23394,0.872406,0.75,2,2662914,2662456,458
193090561,153.922,138.2,485,23575,0.884785,0.83,2,2663177,2662692,485
193093481,62.7688,70.2801,462,23665,0.875914,0.83,2,2663179,2662717,462
193197141,42.1478,31.1247,526,26701,0.078928,1,1,2665215,2664689,526
193200061,38.4591,47.2499,504,26780,0.0615712,1,1,2665251,2664747,504
193202981,38.7836,35.7,515,26859,0.0306285,1,1,2665290,2664775,515
193208821,31.8854,31.872,504,27017,0.0949005,0.45,1,2665346,2664842,504
193211741,117.154,153.149,444,27095,0.0799602,0.39,1,2665520,2665076,444
193214661,63.6617,81.0595,439,27173,0.0739841,0.25,1,2665548,2665109,439
193217581,42.8647,53.4238,433,27251,0.0955936,0.07,1,2665577,2665144,433
193223421,36.0183,42.1478,422,27406,0.047695,0.05,1,2665637,2665215,422
193226341,36.0073,38.4591,422,27483,0.037078,0.01,1,2665673,2665251,422
193229261,37.8029,38.7836,422,27560,0.0448312,0.15,1,2665712,2665290,422
193232181,29.5212,28.7135,424,27637,0.0479325,0.09,1,2665736,2665312,424
193235101,31.0085,31.8854,422,27714,0.061173,0.07,1,2665768,2665346,422
193238021,118.603,117.154,425,27790,0.0784692,0.07,1,2665945,2665520,425
193240941,63.0414,63.6617,423,27866,0.0853877,0.11,1,2665971,2665548,423
193249701,33.5066,36.0183,422,28094,0.0829848,0.03,1,2666059,2665637,422
193252621,35.0027,36.0073,422,28169,0.0511939,0.05,1,2666095,2665673,422
193255541,37.4011,37.8029,422,28244,0.0624776,0.05,1,2666134,2665712,422
193258461,30.5604,29.5212,424,28319,0.066991,0.07,1,2666160,2665736,424
193261381,32.0242,31.0085,425,28394,0.0807964,0.07,1,2666193,2665768,425
193270141,46.6895,60.0645,459,28617,0.215171,0.17,1,2666430,2665971,459
193273061,29.4758,43.2258,445,28691,0.236068,0.13,1,2666448,2666003,445
193275981,31.5903,29.2903,458,28765,0.232427,0.05,1,2666481,2666023,458
193284741,31.5418,37.3706,449,28985,0.0592753,0.07,1,2666583,2666134,449
193287661,32.4167,30.5482,456,29058,0.0417101,0.09,1,2666616,2666160,456
193290581,121.567,32.0193,604,29131,0.0586841,0.15,1,2666797,2666193,604
193308101,31.8101,33.6361,460,29564,0.202061,0.05,1,2666976,2666516,460
193328541,26.3325,30.5323,430,30062,0.200863,0.21,1,2667311,2666881,430
193331461,29.733,30.8129,431,30132,0.206345,0.19,1,2667343,2666912,431
193334381,31.6932,31.5252,432,30202,0.208538,0.21,1,2667376,2666944,432
193337301,30.6773,31.8101,430,30272,0.245415,0.11,1,2667406,2666976,430
193340221,27.8709,30.124,427,30342,0.236166,0.09,1,2667432,2667005,427
193343141,30.9484,31.8496,427,30412,0.244466,0.13,1,2667465,2667038,427
193357741,26.93,26.3325,432,30758,0.404235,0.21,1,2667743,2667311,432
193372341,30.4966,30.9484,432,31100,0.427183,0.37,1,2667897,2667465,432
193404461,131.598,30.4594,640,31841,0.753324,0.53,2,2668537,2667897,640
193407381,53.8394,127.984,449,31907,0.77533,0.57,2,2668539,2668090,449
193413221,42.9343,38.9574,494,32039,0.761253,0.63,2,2668616,2668122,494
193416141,28.5737,40.783,471,32105,0.778501,0.63,2,2668635,2668164,471
193419061,30.0295,27.1132,484,32171,0.8094,0.67,2,2668666,2668182,484
193421981,32.4118,28.8453,488,32237,0.82176,0.67,2,2668700,2668212,488
193424901,32.1647,31.9381,486,32303,0.826704,0.67,2,2668732,2668246,486
193427821,29.6659,31.9752,482,32368,0.828682,0.69,2,2668760,2668278,482
193430741,32.8664,28.9901,490,32433,0.853473,0.71,2,2668795,2668305,490
193432201,133.747,31.996,657,32498,0.863389,0.79,2,2668996,2668339,657
193435121,54.6986,131.598,461,32563,0.867356,0.79,2,2668998,2668537,461
193438041,23.0794,53.8394,461,32628,0.868942,0.73,2,2669000,2668539,461
193440961,27.8318,41.3357,459,32693,0.893577,0.77,2,2669031,2668572,459
193443881,38.1327,42.9343,460,32758,0.879431,0.79,2,2669076,2668616,460
193446801,27.2531,28.5737,461,32823,0.873772,0.79,2,2669096,2668635,461
193449721,30.1012,11.4295,493,32887,0.883509,0.83,2,2669128,2668635,493
193560681,127.246,30.1373,670,35306,0.802,1,2,2670878,2670208,670
193581121,25.6071,28.9102,511,35723,0.291795,1,1,2671071,2670560,511
193584041,13.8428,29.5641,487,35782,0.230718,1,1,2671077,2670590,487
193592801,26.5659,33.1161,484,35959,0.071646,0.67,1,2671172,2670688,484
193595721,107.226,127.246,455,36018,0.0706584,0.69,1,2671333,2670878,455
193598641,61.4906,70.0986,454,36077,0.0582634,0.57,1,2671364,2670910,454
193601561,35.3962,43.0394,447,36136,0.0533053,0.47,1,2671382,2670935,447
193604481,27.3585,32.2158,444,36194,0.0753221,0.41,1,2671404,2670960,444
193607401,25.9434,28.4863,443,36252,0.0721289,0.27,1,2671429,2670986,443
193610321,26.5774,31.7945,436,36310,0.0828515,0.31,1,2671456,2671020,436
193613241,26.2309,29.5178,434,36368,0.0871406,0.27,1,2671482,2671048,434
193616161,21.8924,25.6071,430,36426,0.0768562,0.19,1,2671501,2671071,430
193619081,12.957,13.8428,431,36484,0.0847425,0.13,1,2671508,2671077,431
193633681,58.0514,61.4906,422,36774,0.213057,0.05,1,2671786,2671364,422
193636601,35.2206,35.3962,424,36831,0.235223,0.09,1,2671806,2671382,424
193639521,27.2882,27.3585,424,36888,0.220089,0.07,1,2671828,2671404,424
193642441,25.3153,25.9434,423,36945,0.226036,0.09,1,2671852,2671429,423
193645361,26.9261,26.5774,424,37002,0.252414,0.09,1,2671880,2671456,424
193648281,26.3704,26.2309,424,37059,0.262966,0.07,1,2671906,2671482,424
193651201,21.3482,21.8924,423,37116,0.255186,0.09,1,2671924,2671501,423
193654121,13.3393,12.957,424,37173,0.276075,0.09,1,2671932,2671508,424
193657041,29.9357,5.18278,465,37230,0.28443,0.13,1,2671973,2671508,465
193659961,29.9743,24.2731,458,37287,0.287772,0.13,1,2672003,2671545,458
193744641,37.3518,37.1545,448,38896,0.769776,0.57,2,2673132,2672684,448
193747561,31.1407,29.8618,450,38950,0.78191,0.59,2,2673159,2672709,450
193750481,27.4563,26.3447,451,39004,0.810764,0.59,2,2673184,2672733,451
193753401,27.7825,27.3379,451,39058,0.834306,0.59,2,2673212,2672761,451
193756321,27.313,26.5352,452,39112,0.831722,0.61,2,2673239,2672787,452
193759241,21.7252,21.4141,452,39166,0.830689,0.61,2,2673257,2672805,452
193762161,13.4901,13.3656,452,39220,0.830276,0.63,2,2673265,2672813,452
193765081,31.196,30.5463,453,39274,0.84211,0.63,2,2673308,2672855,453
193768001,13.6784,13.4185,453,39328,0.846844,0.67,2,2673310,2672857,453
193770921,23.4714,23.3674,453,39382,0.824738,0.63,2,2673340,2672887,453
193773841,23.7885,23.747,453,39436,0.827895,0.73,2,2673364,2672911,453
193776761,116.315,112.699,459,39490,0.865158,0.77,2,2673542,2673083,459
193927141,237.447,242.903,506,19092,0.79,1,2,2675463,2674957,506
193968021,84.0949,77.8116,533,20594,0.751439,0.57,2,2676498,2675965,533
193970941,67.8379,80.9246,507,20697,0.750575,0.67,2,2676555,2676048,507
193973861,63.1352,64.1699,514,20799,0.76223,0.69,2,2676615,2676101,514
193976781,40.8541,61.0679,481,20901,0.790892,0.71,2,2676641,2676160,481
193979701,122.542,38.2272,635,21002,0.862357,0.73,2,2676818,2676183,635
193982621,50.2166,122.091,459,21103,0.890943,0.73,2,2676820,2676361,459
194067301,47.194,60.5113,529,23846,0.89824,1,2,2678770,2678241,529
194070221,58.4776,51.8045,549,23935,0.761296,1,2,2678836,2678287,549
194081901,46.7754,47.7806,482,24288,0.288241,0.99,1,2679012,2678530,482
194090661,40.3616,47.194,467,24549,0.0906874,0.67,1,2679237,2678770,467
194093581,47.3447,58.4776,453,24635,0.054275,0.63,1,2679289,2678836,453
194096501,33.9379,41.991,447,24721,0.06371,0.51,1,2679314,2678867,447
194099421,35.1751,39.5964,445,24807,0.031484,0.39,1,2679350,2678905,445
194102341,48.8701,55.4386,437,24892,0.0545936,0.17,1,2679408,2678971,437
194105261,41.148,46.7754,432,24977,0.0398374,0.09,1,2679444,2679012,432
194108181,115.459,122.51,424,25062,0.093935,0.09,1,2679609,2679185,424
194116941,44.7574,47.3447,422,25315,0.204012,0.07,1,2679711,2679289,422
194128621,39.6466,40.428,457,25648,0.213591,0.03,1,2679865,2679408,457
194131541,119.059,37.7712,593,25731,0.271436,0.13,1,2680037,2679444,593
194134461,67.4235,114.108,461,25813,0.282575,0.15,1,2680070,2679609,461
194137381,38.9694,65.4434,448,25895,0.28703,0.19,1,2680090,2679642,448
194154901,122.663,39.6444,608,26383,0.274259,0.31,1,2680473,2679865,608
194157821,68.2652,119.058,468,26463,0.259704,0.29,1,2680505,2680037,468
194160741,39.3061,67.4231,455,26543,0.253881,0.29,1,2680525,2680070,455
194163661,46.3224,38.9692,486,26623,0.299553,0.33,1,2680576,2680090,486
194178261,27.6039,39.6573,437,27019,0.400767,0.25,1,2680732,2680295,437
194181181,116.042,122.663,434,27097,0.430307,0.25,1,2680907,2680473,434
194219141,40.9628,39.1195,450,28096,0.766914,0.61,2,2681497,2681047,450
194222061,35.5851,34.8478,450,28171,0.768766,0.61,2,2681529,2681079,450
194224981,50.234,49.9391,450,28246,0.805506,0.61,2,2681589,2681139,450
194227901,21.2936,21.1756,450,28321,0.820202,0.63,2,2681591,2681141,450
194230821,28.9174,28.2703,451,28396,0.862081,0.63,2,2681625,2681174,451
194379741,46.5985,66.823,509,31975,0.8068,1,2,2684271,2683762,509
194388501,30.6303,28.6367,529,32173,0.449315,1,1,2684364,2683835,529
194423541,308.652,366.655,431,14600,0.209726,0.01,1,2684858,2684427,431
194426461,256.661,203.062,559,14746,0.0898904,0.01,1,2685080,2684521,559
194429381,144.664,196.425,437,14890,0.0359562,0.01,1,2685150,2684713,437
194432301,102.266,118.17,445,15033,0.0203825,0.03,1,2685224,2684779,445
194435221,51.7063,61.668,439,15174,0.026153,0.07,1,2685242,2684803,439
194438141,44.0825,43.2672,447,15314,0.0524612,0.01,1,2685281,2684834,447
194441061,150.233,164.907,422,15453,0.0629845,0,1,2685502,2685080,422
194443981,102.093,107.963,422,15590,0.0311938,0.01,1,2685572,2685150,422
194446901,85.8373,87.5851,423,15726,0.0304775,0.03,1,2685647,2685224,423
194449821,45.7349,45.834,424,15861,0.042191,0.07,1,2685666,2685242,424
194452741,41.094,41.7336,423,15995,0.0588764,0.07,1,2685704,2685281,423
194458581,101.375,101.717,422,16260,0.20262,0.03,1,2685994,2685572,422
194461501,85.55,85.6869,422,16391,0.219048,0.05,1,2686069,2685647,422
194464421,45.62,45.6748,422,16521,0.213619,0.07,1,2686088,2685666,422
194477561,73.1766,83.9714,431,17156,0.228354,0.21,1,2686500,2686069,431
194480481,40.0706,44.9886,430,17280,0.241342,0.19,1,2686518,2686088,430
194483401,40.0283,41.3954,431,17403,0.222537,0.17,1,2686558,2686127,431
194492161,86.8258,70.4253,506,17766,0.417682,0.25,1,2686931,2686425,506
194495081,45.5303,73.1701,449,17885,0.437073,0.25,1,2686949,2686500,449
194498001,42.2121,40.068,471,18004,0.444829,0.21,1,2686989,2686518,471
194500921,18.0848,40.0272,433,18122,0.447932,0.39,1,2686991,2686558,433
194521361,149.455,147.034,448,18926,0.805683,0.65,2,2687672,2687224,448
194524281,107.782,104.414,452,19038,0.880273,0.67,2,2687752,2687300,452
194616261,136.653,148.984,476,22328,0.862,1,2,2690036,2689560,476
194627941,43.4727,41.8492,516,22706,0.291683,1,1,2690246,2689730,516
194636701,126.742,33.1103,669,22985,0.0947477,0.77,1,2690500,2689831,669
194639621,98.6969,136.244,544,23077,0.0438991,0.59,1,2690580,2690036,544
194642541,55.6788,109.098,480,23169,0.0475596,0.51,1,2690607,2690127,480
194645461,46.2715,64.6391,485,23261,0.0370239,0.25,1,2690647,2690162,485
194648381,37.7086,54.6556,469,23352,0.0568095,0.23,1,2690679,2690210,469
194651301,33.6834,43.4622,464,23443,0.0647238,0.13,1,2690710,2690246,464
194654221,28.4734,38.3849,454,23533,0.0558895,0.09,1,2690735,2690281,454
194657141,123.589,33.354,611,23623,0.0643558,0.07,1,2690922,2690311,611
194660061,98.6357,126.742,504,23713,0.0437423,0.01,1,2691004,2690500,504
194662981,55.0543,98.6966,450,23802,0.0954969,0.05,1,2691030,2690580,450
194665901,46.6217,55.6787,464,23891,0.0801988,0.03,1,2691071,2690607,464
194668821,37.2487,46.2715,455,23980,0.0860795,0.07,1,2691102,2690647,455
194674661,25.0398,33.6834,425,24156,0.0941727,0.05,1,2691135,2690710,425
194692181,37.9721,37.2487,427,24677,0.203854,0.11,1,2691529,2691102,427
194695101,16.3888,16.0995,427,24763,0.243542,0.09,1,2691531,2691104,427
194698021,24.5555,25.0398,426,24849,0.247417,0.19,1,2691561,2691135,426
194700941,29.0222,25.6159,432,24934,0.248967,0.23,1,2691593,2691161,432
194727221,124.458,27.4489,621,25689,0.441892,0.35,1,2692214,2691593,621
194776861,124.101,128.077,456,27056,0.853641,0.67,2,2693115,2692659,456
194906801,35.632,28.5217,508,30378,0.898912,1,2,2695311,2694803,508
194912641,111.061,126.723,483,30518,0.850626,1,2,2695504,2695021,483
194915561,60.6244,54.8894,503,30587,0.83825,1,2,2695531,2695028,503
194918481,43.4498,54.3558,481,30656,0.8093,1,2,2695563,2695082,481
194921401,56.3799,58.9423,484,30725,0.82172,1,2,2695628,2695144,484
194924321,41.152,46.3769,477,30794,0.838688,0.93,2,2695659,2695182,477
194927241,34.4608,40.7508,470,30863,0.845475,1,2,2695689,2695219,470
194930161,26.9843,27.7003,473,30932,0.80019,0.89,2,2695711,2695238,473
194933081,31.1937,32.0801,472,31000,0.842076,0.88,2,2695745,2695273,472
194936001,32.8775,35.632,468,31068,0.88283,0.92,2,2695779,2695311,468
194938921,29.351,31.6528,466,31136,0.887132,0.81,2,2695806,2695340,466
195067401,57.6168,59.3121,483,33998,0.8632,1,2,2697892,2697409,483
195070321,53.0467,44.7248,498,34060,0.79528,1,2,2697942,2697444,498
195079081,41.627,33.0784,508,34246,0.420258,1,1,2698077,2697569,508
195084921,25.6203,22.0925,532,34370,0.212441,1,1,2698129,2697597,532
195090761,26.2993,32.5748,511,34493,0.0879906,1,1,2698178,2697667,511
195093681,29.7197,22.6299,527,34554,0.0651962,1,1,2698210,2697683,527
195096601,85.0879,30.652,613,34615,0.0560785,0.98,1,2698332,2697719,613
195099521,49.0352,97.4608,496,34676,0.0524314,0.78,1,2698357,2697861,496
195102441,45.4141,57.5843,508,34737,0.0509726,0.75,1,2698400,2697892,508
195105361,40.9656,53.0337,496,34798,0.062389,0.61,1,2698438,2697942,496
195108281,42.1862,49.4135,492,34859,0.0309556,0.37,1,2698481,2697989,492
195111201,34.8745,51.5654,469,34920,0.0903822,0.37,1,2698511,2698042,469
195114121,32.5498,41.6262,465,34981,0.0781529,0.33,1,2698542,2698077,465
195117041,20.8199,37.0505,444,35041,0.0732612,0.11,1,2698555,2698111,444
195122881,26.4912,22.2481,456,35161,0.0777218,0.07,1,2698605,2698149,456
195125801,29.7965,26.2992,459,35221,0.0490887,0.05,1,2698637,2698178,459
195128721,82.7186,29.7197,545,35281,0.0616355,0.05,1,2698755,2698210,545
195131641,47.4874,85.0879,447,35341,0.0906542,0.05,1,2698779,2698332,447
195134561,44.795,49.0352,465,35401,0.0902617,0.05,1,2698822,2698357,465
195137481,40.718,45.4141,460,35461,0.0781047,0.07,1,2698860,2698400,460
195140401,42.0872,40.9656,465,35521,0.0372419,0.01,1,2698903,2698438,465
195143321,37.2349,42.1862,456,35581,0.0328967,0.13,1,2698937,2698481,456
195146241,32.294,34.8745,455,35640,0.0551587,0.07,1,2698966,2698511,455
195149161,14.1176,32.5498,426,35699,0.0640635,0.07,1,2698968,2698542,426
195152081,14.047,20.8199,427,35758,0.0916254,0.15,1,2698982,2698555,427
195160841,30.515,29.7965,427,35935,0.087224,0.07,1,2699064,2698637,427
195163761,83.006,82.7186,427,35994,0.0408896,0.11,1,2699182,2698755,427
195166681,46.4024,47.4874,425,36053,0.0463558,0.09,1,2699204,2698779,425
195169601,44.361,44.795,425,36112,0.0365423,0.07,1,2699247,2698822,425
195172521,40.5444,40.718,425,36171,0.0806169,0.01,1,2699285,2698860,425
195175441,40.2178,42.0872,422,36229,0.0742468,0.03,1,2699325,2698903,422
195178361,37.0871,37.2349,423,36287,0.0956987,0.07,1,2699360,2698937,423
195198801,82.9204,83.006,424,36693,0.0849398,0.05,1,2699606,2699182,424
195201721,46.3682,46.4024,424,36751,0.0519759,0.03,1,2699628,2699204,424
195204641,43.7473,44.361,423,36809,0.0387904,0.11,1,2699670,2699247,423
195260121,19.9825,15.493,451,37884,0.217949,0.17,1,2700287,2699836,451
195263041,22.993,19.9972,453,37940,0.22518,0.17,1,2700312,2699859,453
195265961,27.7972,22.9989,459,37996,0.240072,0.15,1,2700343,2699884,459
195268881,78.3189,27.1995,541,38052,0.282029,0.09,1,2700455,2699914,541
195271801,44.5276,79.2798,449,38108,0.298811,0.13,1,2700477,2700028,449
195303921,22.917,27.7972,434,38713,0.424719,0.31,1,2700777,2700343,434
195350641,45.4072,43.5867,450,39577,0.759731,0.59,2,2701407,2700957,450
195356481,44.9452,44.4139,451,39683,0.753957,0.61,2,2701498,2701047,451
195359401,42.5781,41.7655,452,39736,0.775583,0.61,2,2701539,2701087,452
195362321,35.6312,34.7062,453,39789,0.784233,0.61,2,2701570,2701117,453
195365241,15.4525,15.0825,453,39842,0.787693,0.63,2,2701572,2701119,453
195368161,15.781,15.633,453,39895,0.813077,0.65,2,2701588,2701135,453
195371081,20.1124,19.4532,454,39948,0.811231,0.73,2,2701611,2701157,454
195374001,26.045,24.5813,456,40001,0.810492,0.69,2,2701641,2701185,456
195376921,11.618,11.0325,456,40054,0.810197,0.73,2,2701643,2701187,456
195379841,23.8472,23.613,456,40107,0.810079,0.73,2,2701675,2701219,456
195382761,83.3389,9.4452,579,40160,0.834032,0.75,2,2701798,2701219,579
195385681,46.5356,76.3781,480,40213,0.843613,0.75,2,2701820,2701340,480
195388601,45.0142,43.7512,502,40266,0.859445,0.77,2,2701864,2701362,502
195391521,45.6057,44.5005,503,40318,0.865778,0.71,2,2701910,2701407,503
195394441,45.2423,46.0002,501,40370,0.856311,0.77,2,2701955,2701454,501
195397361,43.2969,44.8001,499,40422,0.864524,0.79,2,2701997,2701498,499
195400281,37.1188,42.52,491,40474,0.87981,0.79,2,2702030,2701539,491
195403201,16.0475,35.608,462,40526,0.885924,0.79,2,2702032,2701570,462
195406121,16.019,15.4432,476,40578,0.88837,0.83,2,2702048,2701572,476
195409041,20.8076,15.7773,484,40630,0.889348,0.81,2,2702072,2701588,484
195540441,57.6262,85.1035,482,42905,0.876351,1,2,2703695,2703213,482
195543361,40.4505,49.6414,485,42954,0.83654,1,2,2703724,2703239,485
195546281,31.7802,33.0566,489,43003,0.808616,1,2,2703750,2703261,489
195557961,35.2152,41.9102,515,43199,0.432109,1,1,2703894,2703379,515
195566721,29.4458,33.7863,502,43346,0.271735,1,1,2703989,2703487,502
195569641,21.3783,29.7145,491,43395,0.282694,1,1,2704005,2703514,491
195572561,16.9513,23.8858,485,43444,0.239078,1,1,2704019,2703534,485
195581321,52.8769,33.0647,537,43590,0.097621,0.81,1,2704158,2703621,537
195587161,28.6203,40.4504,482,43686,0.0720194,0.79,1,2704206,2703724,482
195590081,31.2481,31.7801,489,43734,0.0588077,0.67,1,2704239,2703750,489
195593001,27.4992,33.1121,480,43782,0.0415231,0.53,1,2704264,2703784,480
195595921,34.3997,31.8448,488,43830,0.0586092,0.37,1,2704303,2703815,488
195598841,29.3599,41.5379,466,43878,0.0774437,0.41,1,2704329,2703863,466
195636801,11.4897,27.4992,423,44501,0.214562,0.07,1,2704687,2704264,423
195639721,29.1959,34.3997,425,44548,0.235825,0.09,1,2704728,2704303,425
195642641,29.0783,29.3599,428,44595,0.22033,0.13,1,2704757,2704329,428
195645561,33.8313,33.944,428,44642,0.226132,0.17,1,2704794,2704366,428
195648481,33.9325,32.7776,430,44689,0.264453,0.13,1,2704828,2704398,430
195651401,26.773,27.511,428,44736,0.291781,0.13,1,2704850,2704422,428
195657241,15.3237,15.5618,429,44830,0.299885,0.13,1,2704878,2704449,429
195660161,28.9295,29.6247,428,44877,0.293954,0.13,1,2704916,2704488,428
195680601,11.7657,11.4897,431,45206,0.404234,0.25,1,2705118,2704687,431
195683521,29.9063,29.1959,432,45253,0.407694,0.21,1,2705160,2704728,432
195686441,29.3625,29.0783,432,45300,0.433077,0.23,1,2705189,2704757,432
195774041,31.1967,29.9629,477,46675,0.757603,0.53,2,2706077,2705600,477
195776961,38.2787,29.9852,490,46720,0.789041,0.57,2,2706120,2705630,490
195779881,36.9115,35.9941,486,46765,0.801616,0.59,2,2706156,2705670,486
195782801,27.9646,35.9976,472,46810,0.830647,0.59,2,2706178,2705706,472
195785721,21.9858,27.5991,468,46855,0.854259,0.61,2,2706196,2705728,468
195788641,16.5943,21.2396,464,46900,0.887703,0.61,2,2706209,2705745,464
195803241,30.7901,34.4338,483,47125,0.895967,0.67,2,2706398,2705915,483
195806161,33.916,31.1735,490,47170,0.892387,0.69,2,2706434,2705944,490
195809081,27.9664,32.8694,480,47215,0.890955,0.73,2,2706458,2705978,480
195812001,12.3866,26.9478,459,47260,0.890382,0.73,2,2706460,2706001,459
196051441,332.005,343.716,500,23360,0.442,0.61,1,2709161,2708661,500
196083561,300.202,334.886,450,23360,0.2068,0.49,1,2709440,2708990,450
196089401,80.0723,96.3018,440,23541,0.096688,0.17,1,2709524,2709084,440
196092321,51.8289,57.7207,441,23631,0.0806752,0.01,1,2709557,2709116,441
196095241,35.7316,41.6883,435,23721,0.0862701,0.03,1,2709582,2709147,435
196098161,55.0926,46.0753,454,23810,0.052508,0,1,2709650,2709196,454
196101081,75.4371,62.2301,470,23899,0.0390032,0.01,1,2709739,2709269,470
196104001,67.9748,75.2921,449,23988,0.0576013,0.03,1,2709802,2709353,449
196106921,62.5899,58.9168,460,24076,0.0890405,0.09,1,2709861,2709401,460
196109841,57.436,77.5667,424,24164,0.0776162,0.07,1,2709915,2709491,424
196112761,45.1744,50.8267,428,24252,0.0850465,0.07,1,2709952,2709524,428
196121521,52.3792,53.2209,423,24513,0.062323,0.03,1,2710073,2709650,423
196124441,74.3517,74.6884,423,24599,0.0309292,0.07,1,2710162,2709739,423
196127361,67.5407,67.6753,423,24685,0.0423717,0.11,1,2710225,2709802,423
196130281,64.8163,62.4701,427,24771,0.0349487,0.07,1,2710288,2709861,427
196133201,55.9265,57.3881,423,24857,0.0439795,0.09,1,2710338,2709915,423
196136121,46.3706,45.1552,426,24942,0.0595918,0.13,1,2710378,2709952,426
196139041,35.3482,34.8621,426,25027,0.0778367,0.11,1,2710406,2709980,426
196141961,29.7393,28.9448,427,25112,0.0611347,0.03,1,2710432,2710005,427
196144881,49.6957,52.3779,422,25196,0.0904539,0.01,1,2710495,2710073,422
196162401,35.3296,40.1482,451,25697,0.212571,0.09,1,2710829,2710378,451
196165321,29.7318,32.8593,449,25779,0.247028,0.05,1,2710855,2710406,449
196168241,50.2927,28.7437,487,25861,0.236811,0.11,1,2710919,2710432,487
196171161,75.3171,49.2975,516,25943,0.256725,0.13,1,2711011,2710495,516
196174081,68.5268,73.119,491,26025,0.26469,0.11,1,2711075,2710584,491
196188681,31.0752,35.3279,460,26429,0.401619,0.27,1,2711289,2710829,460
196191601,49.6301,29.7312,496,26509,0.442648,0.23,1,2711351,2710855,496
196229561,60.0674,58.1601,452,27529,0.772983,0.63,2,2712080,2711628,452
196232481,49.827,48.4641,453,27606,0.771193,0.63,2,2712123,2711670,453
196235401,21.1308,20.5856,453,27683,0.770477,0.65,2,2712125,2711672,453
196238321,28.2523,27.4342,454,27760,0.770191,0.69,2,2712158,2711704,454
196241241,28.1009,27.7737,454,27836,0.770076,0.65,2,2712186,2711732,454
196247081,77.4561,76.8038,455,27988,0.784412,0.73,2,2712346,2711891,455
196250001,71.7825,70.9215,456,28064,0.859765,0.77,2,2712414,2711958,456
196252921,71.913,69.1686,460,28139,0.865906,0.79,2,2712486,2712026,460
196255841,61.7652,60.0674,461,28214,0.892362,0.77,2,2712541,2712080,461
196358041,74.188,78.4665,489,30729,0.8452,1,2,2714247,2713758,489
196369721,58.3712,51.1751,491,31004,0.200149,1,1,2714494,2714003,491
196375561,33.5794,31.468,492,31140,0.0884239,1,1,2714553,2714061,492
196378481,27.8318,28.1872,490,31208,0.0533695,1,1,2714577,2714087,490
196381401,17.7327,25.6749,477,31276,0.0753478,1,1,2714588,2714111,477
196384321,22.6931,10.27,503,31344,0.0481391,0.88,1,2714614,2714111,503
196387241,65.4772,23.308,565,31412,0.0732557,0.79,1,2714708,2714143,565
196413521,21.9249,17.7311,448,32013,0.097088,0.03,1,2715036,2714588,448
196422281,60.2032,57.9908,487,32211,0.210934,0.17,1,2715248,2714761,487
196425201,54.6813,58.5963,479,32277,0.246373,0.15,1,2715299,2714820,479
196428121,51.2725,52.8385,479,32343,0.260549,0.13,1,2715348,2714869,479
196431041,37.909,51.1354,458,32408,0.25422,0.17,1,2715377,2714919,458
196433961,31.3636,37.2542,457,32473,0.287688,0.13,1,2715404,2714947,457
196451481,46.7382,60.508,433,32862,0.437028,0.23,1,2715621,2715188,433
196454401,53.4953,60.2032,431,32926,0.444811,0.27,1,2715679,2715248,431
196457321,54.3981,54.6813,435,32990,0.447924,0.27,1,2715734,2715299,435
196521561,55.1334,42.5766,502,34373,0.75029,0.53,2,2716625,2716123,502
196524481,53.2533,50.0307,499,34435,0.786116,0.61,2,2716677,2716178,499
196527401,40.5013,48.8123,483,34496,0.800446,0.63,2,2716709,2716226,483
196530321,33.0005,38.1249,480,34557,0.830179,0.61,2,2716737,2716257,480
196533241,27.6002,32.65,475,34618,0.842071,0.61,2,2716761,2716286,475
196536161,18.8401,27.46,464,34679,0.858829,0.61,2,2716774,2716310,464
196539081,23.136,18.184,478,34740,0.841531,0.65,2,2716800,2716322,478
196542001,70.4544,23.4736,553,34801,0.858613,0.69,2,2716902,2716349,553
196544921,29.3818,69.3894,455,34862,0.865445,0.65,2,2716904,2716449,455
196688001,59.161,47.9676,539,37718,0.80392,1,2,2718943,2718404,539
196702601,31.2634,38.3536,504,37998,0.426898,1,1,2719111,2718607,504
196714281,66.4499,26.2875,568,38220,0.263937,1,1,2719279,2718711,568
196717201,38.58,70.515,488,38275,0.207575,0.97,1,2719299,2718811,488
196720121,37.032,42.006,501,38330,0.22103,0.87,1,2719335,2718834,501
196723041,51.4128,38.4024,526,38385,0.214412,0.73,1,2719396,2718870,526
196725961,39.1651,59.161,484,38440,0.223765,0.61,1,2719427,2718943,484
196728881,33.666,41.6644,484,38495,0.215506,0.49,1,2719457,2718973,484
196731801,37.4664,38.8658,487,38550,0.212202,0.53,1,2719497,2719010,487
196734721,30.5866,40.1463,472,38605,0.258881,0.39,1,2719523,2719051,472
196737641,13.4346,34.6585,443,38660,0.277552,0.41,1,2719525,2719082,443
196763921,38.9241,39.1651,433,39148,0.411958,0.21,1,2719860,2719427,433
196766841,32.9697,33.666,432,39202,0.422783,0.21,1,2719889,2719457,432
196769761,39.5879,37.4664,436,39256,0.427113,0.29,1,2719933,2719497,436
196772681,32.0351,30.5866,437,39310,0.404845,0.29,1,2719960,2719523,437
196778521,24.2056,23.3739,438,39418,0.404375,0.35,1,2719993,2719555,438
196781441,21.0822,20.1495,439,39472,0.40775,0.35,1,2720012,2719573,439
196784361,26.4329,26.0598,439,39526,0.4211,0.37,1,2720042,2719603,439
196787281,21.3732,20.6239,440,39579,0.42644,0.29,1,2720060,2719620,440
196790201,60.7493,62.8496,436,39632,0.428576,0.31,1,2720147,2719711,436
196793121,35.6997,35.9398,437,39685,0.44143,0.37,1,2720166,2719729,437
196796041,38.8799,37.7759,439,39738,0.446572,0.41,1,2720207,2719768,439
196851521,13.6168,30.5166,447,40736,0.772099,0.51,2,2720846,2720399,447
196854441,25.2467,13.4066,478,40788,0.78284,0.53,2,2720879,2720401,478
196857361,22.0987,24.5626,466,40840,0.835136,0.53,2,2720899,2720433,466
196860281,28.6395,20.6251,481,40892,0.892054,0.57,2,2720932,2720451,481
197115781,170.564,182.241,504,20544,0.262,0.8,1,2724011,2723507,504
197121621,84.2902,103.919,478,20750,0.06232,0.45,1,2724160,2723682,478
197124541,83.5161,97.9674,467,20852,0.054928,0.27,1,2724243,2723776,467
197127461,81.4064,79.987,479,20954,0.0519712,0.15,1,2724323,2723844,479
197130381,46.3626,70.3948,438,21055,0.0387885,0.09,1,2724346,2723908,438
197133301,38.945,45.5579,443,21156,0.0455154,0.11,1,2724380,2723937,443
197136221,47.978,62.6232,423,21256,0.0602062,0.01,1,2724434,2724011,423
197159581,74.2586,73.1205,426,22042,0.226953,0.11,1,2724950,2724524,426
197162501,66.3034,65.2482,427,22138,0.264781,0.21,1,2725011,2724584,427
197165421,78.1214,75.8993,430,22234,0.279913,0.21,1,2725097,2724667,430
197197541,52.8961,37.4576,500,23261,0.425245,0.33,1,2725727,2725227,500
197200461,78.7584,52.183,534,23352,0.428098,0.37,1,2725823,2725289,534
197229661,72.6845,78.1213,449,24244,0.768748,0.63,2,2726419,2725970,449
197232581,80.0738,79.2485,454,24331,0.817499,0.65,2,2726504,2726050,454
197235501,44.0295,43.6994,454,24418,0.849,0.67,2,2726524,2726070,454
197238421,38.6118,37.8798,455,24505,0.8496,0.63,2,2726559,2726104,455
197241341,52.6447,53.5519,453,24591,0.84984,0.65,2,2726621,2726168,453
197244261,82.2579,80.8208,456,24677,0.849936,0.69,2,2726723,2726267,456
197247181,34.1032,33.5283,456,24763,0.849974,0.73,2,2726725,2726269,456
197363981,43.1857,46.1172,482,27981,0.8932,1,2,2729004,2728522,482
197378581,44.3526,50.254,480,28357,0.25601,1,1,2729294,2728814,480
197384421,47.7764,48.8406,514,28506,0.0829617,1,1,2729396,2728882,514
197387341,41.3106,45.3363,508,28580,0.0391847,0.93,1,2729433,2728925,508
197390261,40.5242,38.5345,514,28654,0.0456739,0.85,1,2729473,2728959,514
197393181,74.4097,42.4138,566,28728,0.0242695,0.65,1,2729570,2729004,566
197396101,49.5639,82.9655,489,28802,0.0517078,0.55,1,2729603,2729114,489
197399021,36.0255,55.3862,479,28876,0.0386831,0.51,1,2729630,2729151,479
197401941,54.0102,40.1545,515,28949,0.0334732,0.27,1,2729696,2729181,515
197404861,36.6041,65.8618,457,29022,0.0433893,0.17,1,2729721,2729264,457
197407781,45.8416,44.3447,479,29095,0.0713557,0.05,1,2729773,2729294,479
197410701,47.1367,51.9379,470,29168,0.0705423,0.05,1,2729821,2729351,470
197413621,39.2547,47.7752,459,29241,0.0462169,0.01,1,2729855,2729396,459
197416541,41.5019,41.3101,465,29313,0.0604868,0.05,1,2729898,2729433,465
197419461,73.0007,40.524,519,29385,0.0661947,0.01,1,2729992,2729473,519
197422381,50.2003,74.4096,457,29457,0.0684779,0.07,1,2730027,2729570,457
197425301,35.0801,49.5638,449,29529,0.0573912,0.03,1,2730052,2729603,449
197428221,53.632,36.0255,488,29601,0.0529565,0.03,1,2730118,2729630,488
197431141,38.8528,54.0102,451,29673,0.0271826,0.05,1,2730147,2729696,451
197434061,46.7411,36.6041,478,29744,0.016873,0.09,1,2730199,2729721,478
197436981,46.2965,45.8416,472,29815,0.0127492,0.07,1,2730245,2729773,472
197439901,19.7186,47.1367,426,29886,0.0110997,0.03,1,2730247,2729821,426
197442821,26.4874,39.2547,423,29957,0.0344399,0.07,1,2730278,2729855,423
197445741,37.595,41.5019,425,30028,0.0677759,0.07,1,2730323,2729898,425
197448661,72.038,73.0007,426,30098,0.0451104,0.07,1,2730418,2729992,426
197451581,49.2152,50.2003,425,30168,0.0720442,0.05,1,2730452,2730027,425
197454501,34.0861,35.0801,424,30238,0.0828177,0.05,1,2730476,2730052,424
197457421,53.2344,53.632,424,30308,0.0871271,0.01,1,2730542,2730118,424
197460341,38.6938,38.8528,424,30378,0.0768508,0.01,1,2730571,2730147,424
197472021,27.645,26.4874,425,30656,0.0979194,0.09,1,2730703,2730278,425
197480781,49.5533,49.2152,424,30863,0.224907,0.09,1,2730876,2730452,424
197483701,34.2213,34.0861,424,30932,0.251963,0.09,1,2730900,2730476,424
197486621,54.4885,53.2344,426,31000,0.250785,0.07,1,2730968,2730542,426
197489541,38.5954,38.6938,425,31068,0.250314,0.13,1,2730996,2730571,425
197492461,46.6382,46.0775,426,31136,0.298126,0.11,1,2731048,2730622,426
197530421,28.9658,19.4578,471,32009,0.400288,0.33,1,2731566,2731095,471
197533341,41.5863,28.7831,486,32075,0.406115,0.37,1,2731616,2731130,486
197582981,47.4161,46.9723,453,33178,0.752947,0.59,2,2732374,2731921,453
197585901,46.5665,47.5889,451,33242,0.763179,0.59,2,2732420,2731969,451
197588821,19.8266,20.2356,451,33306,0.767272,0.59,2,2732422,2731971,451
197591741,28.3306,28.4942,451,33370,0.756909,0.61,2,2732456,2732005,451
197594661,43.7323,42.5977,453,33433,0.800763,0.63,2,2732510,2732057,453
197597581,18.6929,18.2391,453,33496,0.842305,0.67,2,2732512,2732059,453
197600501,68.0772,67.2956,454,33559,0.870922,0.69,2,2732613,2732159,454
197804901,47.2836,53.2315,513,37716,0.869175,1,2,2735517,2735004,513
197807821,37.5135,45.2926,504,37772,0.80967,1,2,2735548,2735044,504
197810741,36.6054,39.117,505,37828,0.761868,1,2,2735584,2735079,505
197822421,49.5611,35.8062,530,38052,0.447136,0.99,1,2735756,2735226,530
197825341,40.8244,43.1225,517,38108,0.424854,1,1,2735791,2735274,517
197828261,32.5298,39.449,507,38163,0.427942,1,1,2735818,2735311,507
197837021,40.2899,33.7727,515,38328,0.234028,0.97,1,2735931,2735416,515
197845781,33.5866,37.5135,487,38493,0.0972978,0.73,1,2736035,2735548,487
197851621,36.5738,38.6422,484,38603,0.0575676,0.49,1,2736108,2735624,484
197854541,15.8295,38.2569,448,38658,0.0290271,0.41,1,2736110,2735662,448
197857461,23.1318,36.9027,440,38713,0.0416108,0.43,1,2736138,2735698,440
197860381,44.6527,49.5611,441,38768,0.0346443,0.41,1,2736197,2735756,441
197863301,39.4611,40.8244,442,38822,0.0798577,0.43,1,2736233,2735791,442
197866221,28.9844,32.5298,437,38876,0.0739431,0.29,1,2736255,2735818,437
197886661,33.6375,34.4346,424,39254,0.219402,0.01,1,2736494,2736070,424
197889581,35.055,36.5738,422,39308,0.285761,0.01,1,2736530,2736108,422
197892501,15.222,15.8295,422,39362,0.288304,0.05,1,2736532,2736110,422
197895421,24.0888,23.1318,424,39416,0.265322,0.03,1,2736562,2736138,424
197907101,34.3943,33.1938,428,39630,0.4014,0.13,1,2736719,2736291,428
197912941,38.7431,39.151,427,39736,0.427824,0.15,1,2736790,2736363,427
197918781,30.1989,30.9842,427,39842,0.439252,0.19,1,2736854,2736427,427
197921701,32.4796,31.5937,429,39895,0.445701,0.25,1,2736888,2736459,429
197924621,35.7918,33.6375,432,39948,0.44828,0.33,1,2736926,2736494,432
198009301,24.7424,17.0544,477,41453,0.79798,0.55,2,2737890,2737413,477
198012221,47.097,23.6217,511,41504,0.817192,0.59,2,2737952,2737441,511
198015141,20.0388,45.4487,453,41555,0.824877,0.65,2,2737954,2737501,453
198018061,32.0155,41.5795,454,41606,0.827951,0.65,2,2737994,2737540,454
198020981,28.4062,31.6318,455,41657,0.85318,0.67,2,2738020,2737565,455
198023901,35.9625,36.6527,456,41708,0.875272,0.71,2,2738061,2737605,456
198026821,31.185,30.2611,458,41759,0.896109,0.77,2,2738089,2737631,458
198312981,32.3022,28.907,522,46450,0.8668,1,2,2741371,2740849,522
198369921,74.4109,75.1064,454,21469,0.0490221,0.05,1,2742070,2741616,454
198372841,90.3644,85.8426,462,21568,0.0196088,0,1,2742171,2741709,462
198375761,86.5457,78.137,473,21666,0.0258435,0.01,1,2742255,2741782,473
198378681,42.4183,62.4548,434,21764,0.0103374,0.05,1,2742268,2741834,434
198381601,36.1673,40.5819,440,21861,0.022135,0.03,1,2742300,2741860,440
198390361,56.5547,58.3252,423,22151,0.0851766,0,1,2742493,2742070,423
198393281,83.2219,83.9301,423,22247,0.0640707,0.03,1,2742594,2742171,423
198396201,83.0888,83.972,422,22342,0.0436283,0,1,2742677,2742255,422
198399121,41.6355,41.3888,423,22437,0.0174513,0.03,1,2742691,2742268,423
198402041,35.8542,35.7555,423,22532,0.0489805,0.03,1,2742723,2742300,423
198404961,62.9417,14.3022,504,22626,0.0495922,0.21,1,2742804,2742300,504
198407881,64.1767,50.7209,494,22720,0.0498369,0.19,1,2742869,2742375,494
198410801,53.2707,59.8884,474,22813,0.0619348,0.03,1,2742915,2742441,474
198413721,81.9083,55.1553,523,22906,0.0427739,0.05,1,2743016,2742493,523
198416641,81.9633,82.6621,504,22999,0.0351096,0.03,1,2743098,2742594,504
198419561,41.7853,82.8649,436,23091,0.0140438,0,1,2743113,2742677,436
198422481,35.3141,41.5459,453,23183,0.0116175,0.07,1,2743144,2742691,453
198425401,63.9257,35.8184,504,23274,0.070647,0.05,1,2743227,2742723,504
198434161,81.7312,53.2684,523,23546,0.0849214,0.03,1,2743438,2742915,523
198437081,81.8925,81.9074,504,23636,0.0519686,0.03,1,2743520,2743016,504
198440001,41.757,81.9629,437,23726,0.0387874,0,1,2743535,2743098,437
198442921,34.7028,41.7852,452,23815,0.033515,0.01,1,2743565,2743113,452
198445841,67.2811,35.3141,510,23904,0.031406,0.11,1,2743654,2743144,510
198448761,28.1124,63.9256,429,23993,0.0545624,0.15,1,2743656,2743227,429
198451681,50.245,64.5703,429,24081,0.099825,0.15,1,2743721,2743292,429
198463361,41.0303,41.757,423,24431,0.0633715,0.03,1,2743958,2743535,423
198466281,34.4121,34.7028,423,24518,0.0313486,0.03,1,2743988,2743565,423
198469201,68.3648,67.2811,425,24604,0.0425394,0.07,1,2744079,2743654,425
198472121,28.5459,28.1124,425,24690,0.0230158,0.13,1,2744081,2743656,425
198475041,52.2184,50.245,428,24776,0.0512063,0.19,1,2744149,2743721,428
198477961,48.4873,47.098,429,24862,0.0864825,0.17,1,2744195,2743766,429
198489641,33.4877,34.4121,422,25201,0.203382,0.05,1,2744410,2743988,422
198495481,28.398,28.5459,422,25369,0.0913411,0.07,1,2744503,2744081,422
198524681,50.8622,52.7387,474,26192,0.219349,0.13,1,2745046,2744572,474
198527601,81.5449,49.2955,529,26273,0.249739,0.09,1,2745148,2744619,529
198539281,64.4779,34.5548,512,26594,0.405033,0.15,1,2745353,2744841,512
198542201,26.9912,64.2219,430,26674,0.420013,0.15,1,2745355,2744925,430
198545121,53.3965,26.8888,499,26753,0.414005,0.19,1,2745426,2744927,499
198548041,53.1586,52.1555,483,26832,0.411602,0.25,1,2745479,2744996,483
198586001,34.1306,32.0713,454,27840,0.773437,0.65,2,2746129,2745675,454
198588921,34.6522,33.8285,454,27916,0.807375,0.69,2,2746164,2745710,454
198591841,65.4609,65.1314,454,27992,0.80895,0.65,2,2746250,2745796,454
198594761,27.3844,27.2526,454,28068,0.80958,0.67,2,2746252,2745798,454
198597681,52.9537,53.501,453,28143,0.857832,0.67,2,2746322,2745869,453
198600601,52.3815,52.6004,453,28218,0.853133,0.69,2,2746374,2745921,453
198603521,84.5526,84.0402,454,28293,0.863253,0.69,2,2746480,2746026,454
198606441,35.021,34.8161,454,28368,0.867301,0.69,2,2746482,2746028,454
198609361,71.0084,13.9264,549,28443,0.856921,0.79,2,2746577,2746028,549
198612281,35.6034,58.9706,472,28517,0.864768,0.79,2,2746589,2746117,472
198615201,35.2413,30.7882,495,28591,0.891907,0.83,2,2746624,2746129,495
198723241,39.6407,40.1685,486,31212,0.8692,1,2,2748504,2748018,486
198726161,37.4563,34.0674,492,31280,0.78568,1,2,2748540,2748048,492
198737841,52.3141,34.4481,541,31549,0.447457,1,1,2748704,2748163,541
198740761,49.1256,47.9793,531,31616,0.436983,1,1,2748751,2748220,531
198749521,49.368,53.4707,519,31817,0.285487,0.93,1,2748940,2748421,519
198752441,37.1472,52.5883,496,31883,0.276195,0.81,1,2748969,2748473,496
198755361,32.2589,39.6353,494,31949,0.284478,0.73,1,2748998,2748504,494
198758281,30.3036,37.4541,487,32015,0.287791,0.71,1,2749027,2748540,487
198769961,47.355,52.314,489,32279,0.410999,0.43,1,2749193,2748704,489
198772881,80.142,49.1256,544,32345,0.4464,0.27,1,2749295,2748751,544
198807921,53.0874,51.8568,448,33120,0.759995,0.53,2,2749776,2749328,448
198810841,48.835,48.3427,448,33184,0.765998,0.55,2,2749822,2749374,448
198813761,37.534,36.7371,449,33248,0.792399,0.57,2,2749852,2749403,449
198816681,32.4136,32.6948,448,33312,0.76696,0.55,2,2749881,2749433,448
198819601,32.1654,31.6779,449,33375,0.768784,0.55,2,2749913,2749464,449
198822521,29.0662,28.2712,450,33438,0.805514,0.55,2,2749940,2749490,450
198825441,12.8265,12.5085,450,33501,0.820205,0.59,2,2749942,2749492,450
198828361,24.3306,23.6034,451,33564,0.826082,0.69,2,2749974,2749523,451
198831281,54.1322,50.2414,457,33627,0.864433,0.75,2,2750048,2749591,457
198834201,51.6529,48.2965,460,33690,0.879773,0.77,2,2750098,2749638,460
198974361,53.0542,55.2407,488,36582,0.877705,1,2,2752147,2751659,488
198994801,25.3746,29.4198,478,36984,0.430105,0.95,1,2752361,2751883,478
199006481,76.4224,16.5355,571,37212,0.0604027,0.92,1,2752577,2752006,571
199009401,47.969,70.2142,494,37269,0.0301611,0.83,1,2752606,2752112,494
199012321,40.7876,49.0857,495,37326,0.0180644,0.59,1,2752642,2752147,495
199015241,34.915,47.2343,480,37383,0.0252258,0.67,1,2752673,2752193,480
199018161,32.566,36.2937,482,37440,0.0280903,0.63,1,2752704,2752222,482
199021081,27.4264,34.3175,473,37496,0.0532361,0.61,1,2752728,2752255,473
199024001,27.7706,28.127,477,37552,0.0752944,0.55,1,2752756,2752279,477
199026921,24.3082,31.0508,466,37608,0.0841178,0.43,1,2752778,2752312,466
199029841,21.1233,27.4203,460,37664,0.0756471,0.39,1,2752797,2752337,460
199032761,29.4493,25.3681,471,37720,0.0602588,0.23,1,2752832,2752361,471
199035681,28.5797,35.3473,457,37776,0.0901035,0.11,1,2752860,2752403,457
199038601,31.8319,35.1389,456,37832,0.0900414,0.05,1,2752894,2752438,456
199041521,75.7328,35.0556,526,37888,0.0360166,0.03,1,2752999,2752473,526
199044441,47.6931,76.4222,451,37944,0.0684066,0.01,1,2753028,2752577,451
199047361,40.0772,47.9689,457,38000,0.0813626,0.01,1,2753063,2752606,457
199050281,35.2309,40.7876,453,38056,0.0625451,0.03,1,2753095,2752642,453
199053201,32.0924,34.915,452,38112,0.043018,0.03,1,2753125,2752673,452
199056121,30.2369,32.566,450,38167,0.0352072,0.07,1,2753154,2752704,450
199059041,28.2948,27.4264,453,38222,0.0440829,0.09,1,2753181,2752728,453
199061961,23.3179,27.7706,445,38277,0.0596332,0.09,1,2753201,2752756,445
199064881,21.3272,24.3082,443,38332,0.0658533,0.07,1,2753221,2752778,443
199067801,30.1309,21.1233,460,38387,0.0683413,0.05,1,2753257,2752797,460
199070721,28.2523,29.4493,452,38442,0.0573365,0.11,1,2753284,2752832,452
199073641,32.3009,28.5797,459,38497,0.0409346,0.09,1,2753319,2752860,459
199076561,74.1204,31.8319,527,38552,0.0343738,0,1,2753421,2752894,527
199079481,51.2481,75.7328,458,38607,0.0437495,0.09,1,2753457,2752999,458
199082401,21.6993,47.6931,431,38662,0.0474998,0.09,1,2753459,2753028,431
199085321,26.6797,40.0772,426,38717,0.0609999,0.05,1,2753489,2753063,426
199088241,28.6719,35.2309,424,38772,0.0904,0.03,1,2753519,2753095,424
199097001,28.835,28.2948,425,38934,0.200906,0.07,1,2753606,2753181,425
199099921,23.534,23.3179,425,38988,0.218362,0.07,1,2753626,2753201,425
199102841,21.4136,21.3272,425,39042,0.249345,0.07,1,2753646,2753221,425
199105761,30.1654,30.1309,425,39096,0.261738,0.05,1,2753682,2753257,425
199108681,27.6662,28.2523,424,39150,0.242695,0.03,1,2753708,2753284,424
199111601,31.4665,32.3009,423,39204,0.247078,0.03,1,2753742,2753319,423
199114521,73.7866,74.1204,423,39258,0.260831,0.05,1,2753844,2753421,423
199117441,51.7146,51.2481,424,39312,0.254333,0.05,1,2753881,2753457,424
199120361,21.8859,21.6993,424,39366,0.251733,0.07,1,2753883,2753459,424
199123281,28.5543,26.6797,427,39420,0.274693,0.11,1,2753916,2753489,427
199143721,30.2754,30.1654,433,39793,0.414762,0.23,1,2754115,2753682,433
199149561,32.0841,31.4665,434,39899,0.405962,0.27,1,2754176,2753742,434
199152481,73.4336,73.7866,433,39952,0.420385,0.25,1,2754277,2753844,433
199161241,29.6358,8.75434,467,40111,0.430825,0.29,1,2754350,2753883,467
199164161,32.8543,23.3017,469,40164,0.40633,0.33,1,2754385,2753916,469
199172921,31.3347,29.5473,470,40322,0.415045,0.35,1,2754478,2754008,470
199175841,24.5339,30.4189,459,40374,0.400018,0.37,1,2754498,2754039,459
199187521,32.7305,27.7067,476,40582,0.401488,0.41,1,2754617,2754141,476
199190441,73.6922,32.0827,542,40634,0.406595,0.43,1,2754718,2754176,542
199240081,32.7852,29.1483,481,41508,0.755607,0.53,2,2755272,2754791,481
199243001,14.3141,32.0593,449,41559,0.764243,0.55,2,2755274,2754825,449
199245921,24.9256,32.0237,449,41610,0.815697,0.55,2,2755306,2754857,449
199248841,27.9703,30.2095,450,41661,0.836279,0.59,2,2755336,2754886,450
199251761,31.5881,31.2838,452,41712,0.868511,0.61,2,2755370,2754918,452
199254681,24.6352,24.5135,452,41763,0.881405,0.61,2,2755390,2754938,452
199473681,215.278,218.109,518,20544,0.4132,1,1,2758041,2757523,518
199476601,125.711,137.044,501,20647,0.25528,0.84,1,2758107,2757606,501
199482441,73.1538,78.327,490,20852,0.0588448,0.61,1,2758229,2757739,490
199485361,65.2615,72.1308,482,20954,0.0415379,0.45,1,2758289,2757807,482
199488281,42.9046,60.0523,458,21055,0.0586152,0.41,1,2758317,2757859,458
199491201,39.9618,46.8209,458,21156,0.0534461,0.25,1,2758355,2757897,458
199494121,87.9847,105.128,434,21256,0.0393784,0.15,1,2758475,2758041,434
199497041,71.1939,81.6513,428,21356,0.0457514,0.05,1,2758535,2758107,428
199499961,59.6776,66.2605,424,21455,0.0723005,0.01,1,2758587,2758163,424
199502881,62.271,66.1042,422,21554,0.0709202,0.03,1,2758651,2758229,422
199505801,62.1084,62.4417,424,21652,0.0463681,0.07,1,2758713,2758289,424
199508721,41.6434,41.7767,424,21750,0.0605472,0.05,1,2758741,2758317,424
199511641,38.8573,39.5107,423,21848,0.0662189,0.03,1,2758778,2758355,423
199523321,61.8827,62.2595,423,22234,0.200367,0.03,1,2759074,2758651,423
199532081,37.7525,38.8566,423,22519,0.217544,0.07,1,2759201,2758778,423
199535001,88.301,15.5426,545,22613,0.249017,0.13,1,2759323,2758778,545
199537921,72.5204,78.2171,487,22707,0.297607,0.13,1,2759385,2758898,487
199543761,62.2433,58.7147,492,22893,0.420817,0.21,1,2759503,2759011,492
199546681,62.0973,61.2859,491,22986,0.438327,0.17,1,2759565,2759074,491
199599241,90.8421,92.2315,453,24591,0.781651,0.61,2,2760658,2760205,453
199602161,77.7368,78.2926,453,24677,0.81066,0.61,2,2760727,2760274,453
199605081,32.2947,32.517,453,24763,0.822264,0.61,2,2760729,2760276,453
199608001,47.7179,49.6068,450,24849,0.874906,0.69,2,2760787,2760337,450
199695601,89.2317,92.9441,485,27290,0.834567,1,2,2762543,2762058,485
199710201,39.5681,38.9879,481,27676,0.426578,1,1,2762773,2762292,481
199713121,43.4273,44.9952,478,27753,0.416631,0.97,1,2762819,2762341,478
199716041,37.7709,43.1981,470,27829,0.436652,1,1,2762853,2762383,470
199762761,39.3971,53.3464,476,29022,0.755479,0.59,2,2763663,2763187,476
199765681,43.9588,36.9386,497,29095,0.776191,0.59,2,2763710,2763213,497
199768601,39.7835,42.9754,487,29168,0.772477,0.65,2,2763747,2763260,487
199771521,39.9134,37.5902,493,29241,0.806991,0.67,2,2763787,2763294,493
199774441,81.9654,37.8361,565,29313,0.832796,0.73,2,2763897,2763332,565
199777361,71.7861,79.9344,522,29385,0.843118,0.71,2,2763962,2763440,522
199780281,35.9145,71.5738,468,29457,0.847247,0.71,2,2763974,2763506,468
199783201,49.7658,35.8295,515,29529,0.848899,0.71,2,2764033,2763518,515
199786121,54.7063,49.7318,514,29601,0.84956,0.75,2,2764091,2763577,514
199789041,40.4825,53.4927,489,29673,0.837824,0.77,2,2764122,2763633,489
199791961,44.993,39.3971,507,29744,0.84513,0.79,2,2764170,2763663,507
199794881,39.5972,43.9588,496,29815,0.860052,0.77,2,2764206,2763710,496
199797801,17.0389,39.7835,461,29886,0.866021,0.83,2,2764208,2763747,461
199800721,32.0156,39.9134,463,29957,0.868408,0.85,2,2764250,2763787,463
199888321,31.9679,24.8721,512,32009,0.898,1,2,2765673,2765161,512
199891241,72.1872,30.9488,576,32075,0.8452,1,2,2765772,2765196,576
199905841,44.424,56.427,509,32404,0.247224,1,1,2766013,2765504,509
199911681,35.7878,45.7483,504,32534,0.0695559,1,1,2766086,2765582,504
199914601,31.7151,36.2993,503,32599,0.0338224,1,1,2766115,2765612,503
199917521,28.2861,31.9197,500,32664,0.0315289,0.83,1,2766141,2765641,500
199920441,66.5144,31.9679,560,32729,0.0306116,0.81,1,2766233,2765673,560
199923361,27.8058,72.1872,463,32794,0.0302446,0.61,1,2766235,2765772,463
199926281,42.3223,64.8749,455,32858,0.0660978,0.55,1,2766287,2765832,455
199929201,37.3289,51.7499,446,32922,0.0684391,0.43,1,2766321,2765875,446
199932121,36.5316,45.9,440,32986,0.0573757,0.27,1,2766357,2765917,440
199935041,44.6126,52.56,433,33050,0.0769503,0.17,1,2766407,2765974,433
199946721,28.8477,31.7151,424,33306,0.0817939,0.03,1,2766539,2766115,424
199952561,65.8156,66.5144,423,33433,0.062287,0.03,1,2766656,2766233,423
199955481,27.5263,27.8058,423,33496,0.0429148,0.09,1,2766658,2766235,423
199958401,42.2105,42.3223,423,33559,0.0351659,0.07,1,2766710,2766287,423
199961321,37.2842,37.3289,423,33622,0.0680664,0.05,1,2766744,2766321,423
199964241,37.1137,36.5316,424,33685,0.0932265,0.09,1,2766781,2766357,424
199975921,32.5629,33.1192,426,33936,0.216803,0.05,1,2766939,2766513,426
199978841,29.2252,28.8477,427,33998,0.236721,0.13,1,2766966,2766539,427
199981761,26.0901,26.5391,426,34060,0.220688,0.03,1,2766990,2766564,426
199984681,63.236,65.8156,422,34122,0.274275,0.03,1,2767078,2766656,422
199987601,26.4944,27.5263,422,34184,0.29571,0.03,1,2767080,2766658,422
200025561,37.8142,43.5967,469,34981,0.403367,0.33,1,2767604,2767135,469
200028481,38.5257,36.6387,476,35041,0.407347,0.31,1,2767643,2767167,476
200031401,50.8103,38.0555,496,35101,0.420939,0.39,1,2767702,2767206,496
200034321,41.9241,48.2222,477,35161,0.426375,0.39,1,2767738,2767261,477
200037241,44.3696,41.4889,486,35221,0.42855,0.39,1,2767784,2767298,486
200089801,47.125,46.2784,450,36287,0.770052,0.57,2,2768462,2768012,450
200092721,38.65,38.3114,450,36345,0.758021,0.57,2,2768495,2768045,450
200095641,16.66,16.5245,450,36403,0.753208,0.59,2,2768497,2768047,450
200098561,30.064,30.0098,450,36461,0.763283,0.57,2,2768536,2768086,450
200101481,47.4256,47.4039,450,36519,0.815313,0.61,2,2768595,2768145,450
200104401,40.5702,40.5616,450,36577,0.824125,0.67,2,2768631,2768181,450
200107321,45.6281,43.8246,453,36635,0.85165,0.69,2,2768680,2768227,453
200110241,37.4512,34.9299,456,36693,0.87466,0.69,2,2768712,2768256,456
200276681,31.5071,31.8749,495,39842,0.888285,1,2,2770905,2770410,495
200279601,31.8028,31.95,495,39895,0.829314,1,2,2770937,2770442,495
200282521,36.1211,39.78,489,39948,0.757726,1,2,2770976,2770487,489
200285441,28.8485,37.512,477,40001,0.80109,1,2,2771000,2770523,477
200288361,32.5394,33.6048,481,40054,0.854436,1,2,2771035,2770554,481
200291281,28.0158,30.2419,478,40107,0.839774,1,2,2771060,2770582,478
200294201,29.2063,12.0968,508,40160,0.86991,1,2,2771090,2770582,508
200297121,33.2825,29.4387,503,40213,0.881964,1,2,2771126,2770623,503
200667961,29.3855,31.0666,516,46405,0.891088,1,2,2775450,2774934,516
200670881,33.3542,23.8266,533,46450,0.794435,1,2,2775486,2774953,533
200673801,31.9417,35.3307,521,46495,0.779774,1,2,2775517,2774996,521
200688401,33.4192,36.5547,507,46720,0.423559,1,1,2775674,2775167,507
200691321,22.9677,29.0219,499,46765,0.403424,1,1,2775690,2775191,499
200697161,30.1948,33.9235,501,46855,0.226548,1,1,2775757,2775256,501
200705921,32.5805,33.8991,501,46990,0.0612991,0.91,1,2775858,2775357,501
200708841,31.6322,35.1596,496,47035,0.0425196,0.92,1,2775889,2775393,496
200711761,28.8529,31.4639,494,47080,0.0230078,0.87,1,2775916,2775422,494
200714681,27.7412,29.3855,493,47125,0.0272031,0.73,1,2775943,2775450,493
200717601,29.0965,33.3542,487,47170,0.0288813,0.77,1,2775973,2775486,487
200720521,28.4386,31.9417,484,47215,0.0415525,0.69,1,2776001,2775517,484
200723441,22.7754,31.3767,472,47260,0.034621,0.59,1,2776020,2775548,472
200726361,26.5102,27.5507,476,47305,0.0318484,0.47,1,2776049,2775573,476
200729281,30.4041,29.6203,478,47350,0.0307394,0.43,1,2776082,2775604,478
200732201,13.3616,34.0481,443,47395,0.0302957,0.39,1,2776084,2775641,443
200735121,21.5447,33.4192,437,47439,0.0181183,0.39,1,2776111,2775674,437
200738041,19.4179,22.9677,439,47483,0.0492473,0.25,1,2776129,2775690,439
200740961,26.3671,31.9871,432,47527,0.0376989,0.17,1,2776160,2775728,432
200743881,27.3469,30.1948,431,47571,0.0570796,0.15,1,2776188,2775757,431
200746801,31.9387,34.8779,428,47615,0.0768318,0.11,1,2776223,2775795,428
200749721,29.5755,31.9512,426,47659,0.0967327,0.01,1,2776251,2775825,426
200755561,30.5321,31.6322,423,47747,0.0934772,0.01,1,2776312,2775889,423
200761401,27.5651,27.7412,423,47835,0.0461564,0.03,1,2776366,2775943,423
200764321,28.4261,29.0965,422,47879,0.0244625,0.05,1,2776395,2775973,422
200767241,28.7704,28.4386,423,47923,0.039785,0.03,1,2776424,2776001,423
200770161,22.9082,22.7754,423,47967,0.057914,0.03,1,2776443,2776020,423
200773081,26.5633,26.5102,423,48011,0.0411656,0.03,1,2776472,2776049,423
200776001,30.4253,30.4041,423,48055,0.0704662,0.03,1,2776505,2776082,423
200778921,13.3701,13.3616,423,48099,0.0581865,0.01,1,2776507,2776084,423
200781841,21.548,21.5447,423,48143,0.0652746,0.07,1,2776534,2776111,423
200784761,19.4192,19.4179,423,48187,0.0561098,0.03,1,2776552,2776129,423
200790601,28.9071,27.3469,425,48275,0.0941776,0.09,1,2776613,2776188,425
200793521,31.9628,31.9387,424,48319,0.091671,0.11,1,2776647,2776223,424
200796441,31.3851,29.5755,427,48363,0.0906684,0.15,1,2776678,2776251,427
200799361,29.9541,29.8302,426,48407,0.0782674,0.07,1,2776707,2776281,426
200802281,29.9816,30.5321,425,48451,0.0973069,0.13,1,2776737,2776312,425
200805201,28.7926,28.4128,426,48494,0.0809228,0,1,2776765,2776339,426
200813961,27.9067,28.7704,422,48623,0.0980591,0.07,1,2776846,2776424,422
200837321,28.5872,23.6991,454,48967,0.21785,0.09,1,2777036,2776582,454
200840241,31.8349,28.0796,457,49010,0.24914,0.09,1,2777070,2776613,457
200843161,31.334,31.6319,454,49053,0.285656,0.09,1,2777101,2776647,454
200854841,25.4741,28.7842,449,49225,0.297377,0.13,1,2777214,2776765,449
200857761,26.9897,25.9137,453,49268,0.292951,0.11,1,2777242,2776789,453
200863601,23.3983,27.9062,444,49354,0.295272,0.11,1,2777290,2776846,444
200892801,31.1447,31.334,466,49780,0.405365,0.31,1,2777567,2777101,466
200895721,31.0579,30.5336,467,49822,0.408146,0.31,1,2777598,2777131,467
200898641,29.8231,30.2134,466,49864,0.421258,0.31,1,2777627,2777161,466
200901561,25.1293,30.6854,457,49906,0.426503,0.29,1,2777649,2777192,457
200904481,26.8517,25.4741,463,49948,0.440601,0.29,1,2777677,2777214,463
200989161,34.3229,32.6661,450,51157,0.750819,0.61,2,2778429,2777979,450
200992081,32.3292,31.6664,450,51198,0.750328,0.61,2,2778460,2778010,450
200995001,30.9317,30.6666,450,51239,0.774131,0.61,2,2778490,2778040,450
200997921,30.3727,30.2666,450,51280,0.759652,0.59,2,2778520,2778070,450
201000841,27.1491,25.9067,452,51321,0.777861,0.67,2,2778545,2778093,452
201003761,28.2596,27.1627,453,51362,0.797144,0.67,2,2778574,2778121,453
201006681,29.3039,28.8651,453,51403,0.792858,0.67,2,2778604,2778151,453
201009601,23.7215,23.546,453,51444,0.827143,0.67,2,2778624,2778171,453
201012521,31.0886,29.8184,455,51485,0.816857,0.69,2,2778660,2778205,455
201015441,34.0354,34.1274,454,51526,0.860743,0.65,2,2778696,2778242,454
201018361,14.8142,14.8509,454,51567,0.854297,0.69,2,2778698,2778244,454
201021281,22.7257,22.7404,454,51608,0.863719,0.69,2,2778726,2778272,454
201027121,25.2361,25.2385,454,51690,0.895395,0.65,2,2778774,2778320,454
201030041,11.2944,11.2954,454,51731,0.892158,0.69,2,2778776,2778322,454
201238821,104.799,100.951,515,24990,0.27448,1,1,2780868,2780353,515
201247581,66.4192,73.7089,492,25244,0.0629267,0.67,1,2781049,2780557,492
201250501,83.5677,70.2835,519,25328,0.0431707,0.59,1,2781144,2780625,519
201253421,51.4271,78.5134,465,25412,0.0472683,0.55,1,2781174,2780709,465
201256341,29.5708,49.4054,450,25495,0.0609073,0.43,1,2781189,2780739,450
201259261,41.8283,28.1621,486,25578,0.0303629,0.33,1,2781239,2780753,486
201262181,50.9313,38.8649,497,25661,0.0781452,0.15,1,2781296,2780799,497
201273861,82.1022,63.3565,517,25990,0.0723205,0.03,1,2781566,2781049,517
201276781,51.4409,82.3426,453,26072,0.0589282,0.05,1,2781597,2781144,453
201279701,28.9764,50.937,437,26153,0.0535713,0.07,1,2781611,2781174,437
201282621,43.3905,29.3748,475,26234,0.0514285,0.01,1,2781664,2781189,475
201285541,52.1562,41.7499,483,26315,0.0385714,0.11,1,2781722,2781239,483
201288461,46.6625,50.9,469,26396,0.0334286,0.15,1,2781765,2781296,469
201291381,60.665,44.96,498,26476,0.0553714,0.21,1,2781835,2781337,498
201305981,43.2884,28.9762,476,26874,0.200468,0.05,1,2782087,2781611,476
201308901,18.5154,43.3905,425,26953,0.206187,0.03,1,2782089,2781664,425
201311821,41.6061,52.1562,424,27032,0.220475,0.03,1,2782146,2781722,424
201314741,41.8425,46.6625,423,27110,0.20219,0.07,1,2782188,2781765,423
201317661,60.537,60.665,426,27188,0.206876,0.13,1,2782261,2781835,426
201320581,61.4148,60.266,428,27266,0.23275,0.21,1,2782323,2781895,428
201323501,83.3659,80.5064,432,27344,0.2551,0.19,1,2782421,2781989,432
201326421,51.3464,50.8026,431,27421,0.26404,0.19,1,2782451,2782020,431
201343941,61.0586,60.537,432,27881,0.424789,0.25,1,2782693,2782261,432
201393581,42.4333,42.4366,494,29146,0.782735,0.63,2,2783510,2783016,494
201396501,62.5733,42.1746,528,29219,0.811094,0.61,2,2783586,2783058,528
201399421,68.8293,63.0698,524,29291,0.810438,0.69,2,2783659,2783135,524
201402341,91.1317,66.0279,562,29363,0.834175,0.75,2,2783765,2783203,562
201405261,54.4527,88.8112,488,29435,0.84367,0.73,2,2783795,2783307,488
201408181,30.1811,54.1245,471,29507,0.859468,0.73,2,2783809,2783338,471
201411101,45.0724,30.0498,512,29579,0.889787,0.73,2,2783864,2783352,512
201513301,42.0016,29.9802,527,31988,0.85,1,2,2785464,2784937,527
201524981,42.4944,57.5515,506,32252,0.215728,1,1,2785712,2785206,506
201527901,44.5978,36.8206,529,32318,0.0862912,1,1,2785758,2785229,529
201530821,33.4391,44.1282,506,32383,0.0645165,1,1,2785784,2785278,506
201533741,30.1756,33.2513,508,32448,0.0438066,1,1,2785812,2785304,508
201536661,43.8703,34.9005,525,32513,0.0475226,1,1,2785865,2785340,525
201539581,28.3481,45.7602,490,32578,0.0250091,0.9,1,2785883,2785393,490
201542501,35.3392,31.5041,508,32643,0.0400036,0.79,1,2785923,2785415,508
201545421,51.9357,42.0016,522,32708,0.0340014,0.57,1,2785986,2785464,522
201548341,21.9743,57.6007,456,32773,0.0316006,0.33,1,2785988,2785532,456
201551261,63.3897,90.8403,434,32838,0.0546402,0.21,1,2786079,2785645,434
201554181,41.5559,56.7361,427,32902,0.0518561,0.15,1,2786106,2785679,427
201557101,34.6224,42.4944,424,32966,0.0747424,0,1,2786136,2785712,424
201560021,40.8489,44.5978,423,33030,0.047897,0.05,1,2786181,2785758,423
201562941,32.5396,33.4391,424,33094,0.0491588,0.03,1,2786208,2785784,424
201565861,29.8158,30.1756,424,33158,0.0376635,0.05,1,2786236,2785812,424
201568781,42.5263,43.8703,422,33222,0.0330654,0.01,1,2786287,2785865,422
201571701,28.4105,28.3481,423,33286,0.0132262,0.05,1,2786306,2785883,423
201574621,34.7642,35.3392,422,33350,0.0352905,0.03,1,2786345,2785923,422
201577541,52.3057,51.9357,423,33413,0.0561162,0.03,1,2786409,2785986,423
201580461,22.1223,21.9743,423,33476,0.0644465,0.07,1,2786411,2785988,423
201595061,31.8979,32.5396,422,33791,0.213713,0.03,1,2786630,2786208,422
201606741,34.7478,34.7642,422,34040,0.065231,0.07,1,2786767,2786345,422
201609661,52.8991,52.3057,423,34102,0.0920924,0.07,1,2786832,2786409,423
201615501,65.3439,63.4489,426,34226,0.0951348,0.13,1,2786928,2786502,426
201624261,40.254,29.0207,472,34412,0.0941686,0.19,1,2787033,2786561,472
201641781,53.1797,34.7228,489,34778,0.224747,0.11,1,2787256,2786767,489
201644701,22.4719,52.8891,426,34839,0.239899,0.11,1,2787258,2786832,426
201647621,65.9888,22.3557,519,34900,0.25796,0.09,1,2787353,2786834,519
201650541,45.5955,65.3423,457,34961,0.277184,0.13,1,2787385,2786928,457
201653461,36.2382,45.3369,455,35021,0.296874,0.09,1,2787415,2786960,455
201691421,32.7779,40.8953,438,35797,0.41807,0.31,1,2787897,2787459,438
201694341,29.9112,33.7581,437,35856,0.449228,0.35,1,2787925,2787488,437
201741061,33.5304,32.6185,447,36789,0.766104,0.53,2,2788504,2788057,447
201743981,56.0122,55.6474,447,36846,0.792441,0.53,2,2788575,2788128,447
201746901,23.6049,23.459,447,36903,0.802977,0.53,2,2788577,2788130,447
201749821,69.442,68.7836,448,36960,0.795191,0.57,2,2788677,2788229,448
201752741,46.9768,46.7134,448,37017,0.828076,0.57,2,2788709,2788261,448
201755661,36.7907,36.6854,448,37074,0.82923,0.53,2,2788739,2788291,448
201758581,15.9163,15.8741,448,37131,0.853692,0.59,2,2788741,2788293,448
201761501,36.3665,34.5497,451,37188,0.851477,0.59,2,2788791,2788340,451
201764421,33.1466,13.8199,482,37245,0.850591,0.63,2,2788822,2788340,482
201767341,31.2586,22.9279,483,37302,0.874236,0.69,2,2788852,2788369,483
201770261,44.3035,25.9712,508,37359,0.895694,0.73,2,2788905,2788397,508
201945461,27.1706,24.8005,508,40611,0.276194,1,1,2791162,2790654,508
201951301,28.1073,31.5681,501,40715,0.071791,0.99,1,2791222,2790721,501
201954221,25.0429,28.8272,497,40767,0.0287164,1,1,2791245,2790748,497
201957141,34.6172,27.1309,512,40819,0.0294866,1,1,2791286,2790774,512
201960061,33.6469,33.6524,507,40871,0.0117946,0.85,1,2791319,2790812,507
201962981,30.8587,33.2609,503,40923,0.0227179,1,1,2791348,2790845,503
201965901,44.7435,31.9044,526,40975,0.0630871,1,1,2791402,2790876,526
201968821,38.8974,47.5618,503,41027,0.0312349,0.87,1,2791437,2790934,503
201971741,49.759,44.2247,518,41078,0.0424939,0.63,1,2791494,2790976,518
201974661,39.1036,57.2899,484,41129,0.0349976,0.49,1,2791526,2791042,484
201977581,33.0414,46.916,473,41180,0.067999,0.37,1,2791555,2791082,473
201989261,25.4795,31.2682,447,41384,0.0963488,0.01,1,2791643,2791196,447
201992181,25.1918,28.1073,446,41435,0.0565395,0,1,2791668,2791222,446
201995101,34.6767,25.0429,464,41486,0.0526158,0.03,1,2791709,2791245,464
201998021,33.0707,34.6172,455,41537,0.0270463,0,1,2791741,2791286,455
202000941,14.4283,33.6469,424,41588,0.0168185,0.03,1,2791743,2791319,424
202003861,23.1713,30.8587,424,41639,0.0247274,0.09,1,2791772,2791348,424
202006781,41.0685,44.7435,423,41690,0.039891,0.01,1,2791825,2791402,423
202009701,37.4274,38.8974,423,41741,0.0459564,0.05,1,2791860,2791437,423
202012621,50.371,49.759,425,41792,0.0483826,0.03,1,2791919,2791494,425
202015541,38.1484,39.1036,423,41843,0.085353,0.09,1,2791949,2791526,423
202018461,35.6594,33.0414,428,41893,0.0761412,0.17,1,2791983,2791555,428
202021381,22.6637,21.6166,428,41943,0.0484565,0.13,1,2791997,2791569,428
202024301,18.6655,18.2466,428,41993,0.0613826,0.09,1,2792013,2791585,428
202027221,26.6662,27.6987,426,42043,0.042553,0.09,1,2792045,2791619,426
202030141,23.8665,25.4795,424,42093,0.0350212,0.03,1,2792067,2791643,424
202033061,23.9466,25.1918,423,42143,0.0560085,0.05,1,2792091,2791668,423
202035981,35.3786,34.6767,425,42193,0.0404034,0.01,1,2792134,2791709,425
202038901,31.5515,33.0707,422,42243,0.0221614,0.01,1,2792163,2791741,422
202041821,13.8206,14.4283,422,42293,0.0388645,0.03,1,2792165,2791743,422
202044741,22.9282,23.1713,422,42343,0.0455458,0.05,1,2792194,2791772,422
202047661,40.9713,41.0685,422,42393,0.0242183,0.05,1,2792247,2791825,422
202050581,38.5885,37.4274,424,42443,0.0516873,0.05,1,2792284,2791860,424
202079781,32.054,31.5515,423,42937,0.077261,0.05,1,2792586,2792163,423
202082701,14.0216,13.8206,423,42986,0.0609044,0.05,1,2792588,2792165,423
202085621,21.8086,5.52823,450,43035,0.0423618,0.05,1,2792615,2792165,450
202088541,40.5235,19.6113,474,43084,0.0469447,0.01,1,2792668,2792194,474
202091461,39.0094,39.6445,459,43133,0.0847779,0.07,1,2792706,2792247,459
202094381,53.4038,38.0578,485,43182,0.0639112,0.15,1,2792769,2792284,485
202097301,39.3615,50.6231,456,43231,0.0555645,0.13,1,2792799,2792343,456
202100221,34.9446,38.8492,457,43280,0.0522258,0.13,1,2792831,2792374,457
202103141,23.5778,34.7397,441,43329,0.0628903,0.11,1,2792847,2792406,441
202106061,19.6311,22.2959,444,43378,0.0551561,0.13,1,2792864,2792420,444
202108981,27.0525,18.5184,460,43427,0.0880625,0.15,1,2792896,2792436,460
202138181,38.9137,53.4038,453,43909,0.201773,0.05,1,2793222,2792769,453
202141101,35.3655,39.3615,456,43957,0.206709,0.05,1,2793255,2792799,456
202144021,23.7462,34.9446,440,44005,0.208684,0.07,1,2793271,2792831,440
202146941,20.8985,23.5778,443,44053,0.221473,0.05,1,2793290,2792847,443
202149861,27.5594,19.6311,458,44101,0.226589,0.11,1,2793322,2792864,458
202152781,24.2238,27.0525,448,44149,0.240636,0.11,1,2793344,2792896,448
202155701,22.8895,24.021,448,44197,0.258254,0.11,1,2793366,2792918,448
202158621,33.1558,22.8084,466,44245,0.277302,0.13,1,2793406,2792940,466
202187821,23.4924,23.7462,432,44719,0.403176,0.23,1,2793703,2793271,432
202196581,25.5035,24.2238,435,44860,0.412923,0.27,1,2793779,2793344,435
202199501,24.0014,22.8895,436,44907,0.411169,0.29,1,2793802,2793366,436
202202421,34.2006,33.1558,437,44954,0.410468,0.35,1,2793843,2793406,437
202205341,33.4802,31.8623,439,45001,0.422187,0.35,1,2793876,2793437,439
202208261,14.5921,13.9449,439,45048,0.426875,0.31,1,2793878,2793439,439
202211181,21.4368,22.378,437,45095,0.42875,0.33,1,2793904,2793467,437
202214101,42.1747,41.3512,439,45142,0.4175,0.33,1,2793960,2793521,439
202217021,18.0699,17.7405,439,45189,0.413,0.37,1,2793962,2793523,439
202219941,31.828,32.2962,438,45236,0.4472,0.37,1,2794003,2793565,438
202269581,40.8859,41.6925,479,46021,0.750393,0.55,2,2794543,2794064,479
202272501,35.5544,35.277,480,46067,0.786157,0.59,2,2794575,2794095,480
202275421,23.8218,33.3108,464,46113,0.812463,0.55,2,2794591,2794127,464
202278341,22.1287,22.9243,469,46159,0.834985,0.59,2,2794612,2794143,469
202281261,28.0515,21.7697,480,46205,0.843994,0.55,2,2794644,2794164,480
202284181,26.2206,27.9079,473,46251,0.835598,0.57,2,2794669,2794196,473
202287101,23.6882,25.5632,471,46297,0.832239,0.61,2,2794691,2794220,471
202290021,34.6753,23.4253,491,46343,0.854896,0.63,2,2794733,2794242,491
202292941,35.4701,33.9701,486,46388,0.839958,0.67,2,2794769,2794283,486
202295861,15.388,33.988,454,46433,0.833983,0.67,2,2794771,2794317,454
202298781,21.7552,14.7952,478,46478,0.831593,0.67,2,2794797,2794319,478
202301701,41.1021,21.5181,506,46523,0.830637,0.65,2,2794851,2794345,506
202304621,17.6408,41.6072,453,46568,0.830255,0.61,2,2794853,2794400,453
202307541,37.0563,17.8429,501,46613,0.866102,0.71,2,2794903,2794402,501
202310461,53.8225,33.5372,522,46658,0.880441,0.75,2,2794968,2794446,522
202516321,342.031,353.256,515,21900,0.814,1,2,2797118,2796603,515
202533841,74.4395,85.3734,472,23187,0.277577,0.79,1,2797532,2797060,472
202536761,45.3758,50.3494,471,23278,0.201031,0.69,1,2797558,2797087,471
202539681,50.5503,38.7397,494,23369,0.206412,0.65,1,2797612,2797118,494
202542601,56.8201,40.6959,513,23460,0.208565,0.51,1,2797673,2797160,513
202554281,69.3362,64.493,508,23819,0.226475,0.25,1,2797961,2797453,508
202557201,42.7345,73.1972,454,23908,0.22859,0.15,1,2797986,2797532,454
202560121,18.2938,44.8789,430,23997,0.229436,0.21,1,2797988,2797558,430
202563041,40.9175,50.3516,432,24085,0.277774,0.21,1,2798044,2797612,432
202615601,57.4747,42.9313,508,25623,0.761551,0.55,2,2799049,2798541,508
202618521,92.5899,53.1725,564,25706,0.77862,0.63,2,2799165,2798601,564
202621441,64.636,89.669,496,25788,0.809448,0.61,2,2799211,2798715,496
202624361,76.8544,62.8676,536,25870,0.845779,0.71,2,2799296,2798760,536
202627281,46.3418,73.747,481,25952,0.872312,0.75,2,2799322,2798841,481
202630201,19.7367,44.4988,458,26034,0.882925,0.71,2,2799324,2798866,458
202633121,45.0947,18.9995,518,26115,0.89917,0.77,2,2799386,2798868,518
202738241,66.2945,41.1217,556,28890,0.84424,1,2,2801364,2800808,556
202741161,48.7178,61.4487,518,28963,0.763696,1,2,2801401,2800883,518
202747001,59.5149,40.4318,549,29109,0.428191,1,1,2801513,2800964,549
202752841,64.0024,52.6691,549,29255,0.0817106,1,1,2801644,2801095,549
202755761,61.001,69.0676,528,29327,0.0386842,0.95,1,2801703,2801175,528
202758681,34.0004,58.2271,493,29399,0.0154737,0.96,1,2801719,2801226,493
202761601,29.2002,34.0908,501,29471,0.0361895,1,1,2801745,2801244,501
202764521,58.4801,32.2363,548,29543,0.0204758,0.75,1,2801823,2801275,548
202767441,41.992,66.2945,490,29615,0.0501903,0.71,1,2801854,2801364,490
202770361,35.9968,48.7178,485,29686,0.0380761,0.55,1,2801886,2801401,485
202773281,49.1987,45.2871,500,29757,0.0452305,0.29,1,2801944,2801444,500
202776201,53.8795,59.5149,488,29828,0.0480922,0.03,1,2802001,2801513,488
202779121,22.7518,64.0059,423,29899,0.0252369,0.01,1,2802003,2801580,423
202782041,47.5007,64.0024,423,29970,0.0280947,0.01,1,2802067,2801644,423
202784961,53.8003,61.001,422,30041,0.0412379,0,1,2802125,2801703,422
202787881,31.1201,34.0004,422,30111,0.0164952,0.05,1,2802141,2801719,422
202790801,28.648,29.2002,423,30181,0.0485981,0.01,1,2802168,2801745,423
202793721,58.2592,58.4801,423,30251,0.0374392,0.07,1,2802246,2801823,423
202796641,43.1037,41.992,425,30321,0.0569757,0.03,1,2802279,2801854,425
202799561,35.8415,35.9968,424,30391,0.0647903,0.05,1,2802310,2801886,424
202805401,53.3746,53.8795,422,30530,0.0883664,0.01,1,2802423,2802001,422
202808321,22.5499,22.7518,422,30599,0.0533466,0.03,1,2802425,2802003,422
202811241,47.4199,47.5007,422,30668,0.0393386,0.05,1,2802489,2802067,422
202814161,53.768,53.8003,422,30737,0.0157355,0,1,2802547,2802125,422
202817081,31.1072,31.1201,422,30806,0.00629418,0.07,1,2802563,2802141,422
202820001,29.2429,28.648,423,30875,0.0685177,0.03,1,2802591,2802168,423
202822921,57.8972,58.2592,422,30944,0.0454071,0.07,1,2802668,2802246,422
202825841,45.9589,43.1037,427,31012,0.0601628,0.07,1,2802706,2802279,427
202828761,35.7835,35.8415,425,31080,0.0780651,0.15,1,2802735,2802310,425
202840441,46.4153,9.01994,485,31352,0.0881585,0.03,1,2802910,2802425,485
202843361,53.3661,42.008,479,31419,0.0412634,0,1,2802968,2802489,479
202846281,31.5464,51.6032,438,31486,0.0165054,0,1,2802985,2802547,438
202849201,30.6186,30.2413,452,31553,0.0486021,0.11,1,2803015,2802563,452
202852121,56.6474,28.8965,498,31620,0.0494409,0.03,1,2803089,2802591,498
202855041,47.259,57.7586,462,31687,0.0857764,0.07,1,2803130,2802668,462
202869641,43.5284,21.5367,484,32019,0.229963,0.05,1,2803331,2802847,484
202875481,30.7245,53.3659,438,32151,0.0931941,0,1,2803406,2802968,438
202878401,32.0898,31.5464,454,32217,0.0672776,0.07,1,2803439,2802985,454
202881321,56.6359,30.6185,497,32283,0.0569111,0.05,1,2803512,2803015,497
202884241,49.0544,56.6474,467,32349,0.0407644,0.11,1,2803556,2803089,467
202887161,37.0217,47.259,455,32414,0.0583058,0.13,1,2803585,2803130,455
202890081,53.2087,35.7036,491,32479,0.0533223,0.17,1,2803649,2803158,491
202893001,53.0835,50.8814,483,32544,0.0513289,0.21,1,2803702,2803219,483
202895921,22.4334,51.5526,433,32609,0.0505316,0.21,1,2803704,2803271,433
202898841,43.7734,21.821,489,32674,0.0502126,0.25,1,2803762,2803273,489
202901761,49.9093,43.5284,485,32739,0.0620851,0.11,1,2803816,2803331,485
202904681,21.1637,52.8114,428,32804,0.066834,0.05,1,2803818,2803390,428
202907601,16.2655,30.7245,425,32868,0.0807336,0.05,1,2803831,2803406,425
202910521,25.7062,32.0898,424,32932,0.0862934,0.05,1,2803863,2803439,424
202913441,54.0825,56.6359,424,32996,0.0645174,0.03,1,2803936,2803512,424
202916361,48.033,49.0544,424,33060,0.0438069,0.07,1,2803980,2803556,424
202919281,37.2132,37.0217,425,33124,0.0475228,0.05,1,2804010,2803585,425
202939721,16.3594,16.2655,425,33568,0.200286,0.09,1,2804256,2803831,425
202942641,26.3437,25.7062,426,33631,0.206114,0.05,1,2804289,2803863,426
202945561,51.9375,54.0825,422,33694,0.208446,0.03,1,2804358,2803936,422
202951401,38.31,37.2132,425,33820,0.204951,0.15,1,2804435,2804010,425
202954321,54.324,52.6853,427,33883,0.243981,0.19,1,2804500,2804073,427
202957241,54.7296,52.8741,429,33945,0.247592,0.15,1,2804555,2804126,429
202960161,23.0918,22.3496,429,34007,0.273037,0.17,1,2804557,2804128,429
202977681,51.266,22.4175,498,34379,0.400661,0.21,1,2804787,2804289,498
202980601,47.5064,50.367,474,34441,0.406264,0.19,1,2804832,2804358,474
202983521,39.4026,47.1468,463,34502,0.420506,0.21,1,2804866,2804403,463
203015641,40.1827,47.5064,476,35170,0.751171,0.43,2,2805308,2804832,476
203018561,57.4731,39.4026,511,35230,0.774468,0.49,2,2805377,2804866,511
203021481,60.7892,55.361,508,35290,0.783787,0.55,2,2805440,2804932,508
203024401,25.5157,56.3444,453,35350,0.787515,0.61,2,2805442,2804989,453
203027321,46.2063,23.7378,511,35410,0.801006,0.59,2,2805502,2804991,511
203030241,54.4825,46.0951,510,35470,0.794402,0.63,2,2805562,2805052,510
203033161,22.993,53.238,454,35530,0.791761,0.63,2,2805564,2805110,454
203036081,16.3972,22.4952,464,35589,0.790704,0.63,2,2805576,2805112,464
203039001,28.1589,16.1981,488,35648,0.790282,0.65,2,2805612,2805124,488
203041921,12.4636,27.4792,455,35707,0.790113,0.71,2,2805614,2805159,455
203044841,47.5854,52.3917,457,35766,0.814045,0.75,2,2805685,2805228,457
203047761,47.2342,47.9567,459,35825,0.847618,0.77,2,2805732,2805273,459
203050681,40.4937,40.1827,460,35884,0.837047,0.79,2,2805768,2805308,460
203053601,58.1975,57.4731,461,35943,0.868819,0.79,2,2805838,2805377,461
203056521,61.079,60.7892,461,36002,0.869528,0.79,2,2805901,2805440,461
203059441,25.6316,25.5157,461,36061,0.869811,0.81,2,2805903,2805442,461
203222961,330.911,361.023,486,17520,0.418,1,1,2808087,2807601,486
203228801,145.586,158.444,505,17761,0.09208,0.69,1,2808314,2807809,505
203231721,108.034,119.177,495,17881,0.066832,0.33,1,2808397,2807902,495
203240481,28.6342,41.2274,432,18235,0.0942772,0.03,1,2808510,2808078,432
203243401,84.6537,94.4909,424,18351,0.0557109,0.03,1,2808632,2808208,424
203246321,96.2615,101.396,422,18467,0.0642844,0.05,1,2808736,2808314,422
203260921,83.4334,84.2012,424,19035,0.0808471,0.07,1,2809056,2808632,424
203263841,95.7734,96.0805,424,19146,0.0983388,0.13,1,2809160,2808736,424
203278441,80.3919,10.8315,544,19694,0.0713078,0.03,1,2809479,2808935,544
203281361,96.3568,76.9326,530,19802,0.0465231,0.11,1,2809586,2809056,530
203284281,91.9427,93.173,515,19909,0.0726092,0.13,1,2809675,2809160,515
203307641,47.9493,84.1754,450,20746,0.221914,0.17,1,2810204,2809754,450
203310561,27.5797,47.4701,441,20848,0.238766,0.13,1,2810218,2809777,441
203348521,47.6232,46.2033,449,22134,0.773025,0.55,2,2811087,2810638,449
203351441,28.0493,26.8813,450,22230,0.79521,0.65,2,2811102,2810652,450
203354361,83.8197,80.9525,454,22325,0.792084,0.67,2,2811223,2810769,454
203357281,96.5279,94.781,455,22420,0.802834,0.67,2,2811328,2810873,455
203360201,39.8112,39.1124,455,22515,0.807133,0.67,2,2811330,2810875,455
203363121,77.7245,15.645,558,22609,0.796853,0.75,2,2811433,2810875,558
203366041,85.0898,66.258,548,22703,0.816741,0.77,2,2811523,2810975,548
203368961,48.4359,79.3032,484,22796,0.836697,0.79,2,2811547,2811063,484
203371881,27.7744,46.1213,474,22889,0.844679,0.81,2,2811561,2811087,474
203374801,84.9097,27.4485,582,22982,0.871871,0.79,2,2811684,2811102,582
203377721,96.9639,83.5794,566,23074,0.894749,0.81,2,2811789,2811223,566
203386481,86.0777,77.7091,552,23349,0.897024,0.83,2,2811985,2811433,552
203456561,48.1393,49.2714,484,25437,0.8452,1,2,2813441,2812957,484
203459481,38.4557,19.7086,516,25520,0.82408,1,2,2813473,2812957,516
203462401,33.3823,23.4834,520,25603,0.767632,1,2,2813503,2812983,520
203517881,86.1089,86.1133,451,27131,0.844075,0.63,2,2814581,2814130,451
203520801,56.6435,54.8453,454,27209,0.87163,0.63,2,2814618,2814164,454
203523721,70.6574,69.3381,455,27287,0.894652,0.69,2,2814698,2814243,455
203608401,46.2042,82.0129,494,29454,0.835792,1,2,2816218,2815724,494
203611321,37.0817,47.8052,500,29526,0.760317,1,2,2816249,2815749,500
203660961,50.6304,52.6577,446,30722,0.781453,0.63,2,2817024,2816578,446
203663881,71.8521,69.6631,451,30791,0.846581,0.59,2,2817110,2816659,451
203666801,44.3409,42.2652,453,30860,0.884632,0.61,2,2817136,2816683,453
203672641,29.1745,27.8824,454,30997,0.898741,0.63,2,2817186,2816732,454
203827401,33.4246,35.1431,513,34430,0.893334,1,2,2819589,2819076,513
203830321,34.3699,32.6572,517,34491,0.807334,1,2,2819624,2819107,517
203842001,34.3791,49.5416,505,34735,0.285388,1,1,2819812,2819307,505
203847841,39.1007,41.6467,509,34857,0.058862,0.94,1,2819895,2819386,509
203850761,56.4403,36.4587,544,34918,0.0295448,0.89,1,2819963,2819419,544
203853681,44.7761,58.3835,508,34979,0.0178179,0.93,1,2820000,2819492,508
203856601,34.7104,46.1534,498,35039,0.0491272,0.98,1,2820028,2819530,498
203859521,30.0842,34.0614,499,35099,0.0616509,0.85,1,2820055,2819556,499
203862441,28.8337,33.4245,494,35159,0.0546604,0.75,1,2820083,2819589,494
203865361,24.1335,34.3698,480,35219,0.0638641,0.65,1,2820104,2819624,480
203868281,58.8534,30.5479,534,35279,0.0675457,0.41,1,2820186,2819652,534
203871201,45.7414,68.6192,477,35339,0.0930183,0.31,1,2820223,2819746,477
203879961,37.3674,40.7516,463,35519,0.0921132,0.01,1,2820320,2819857,463
203882881,53.947,39.1007,490,35579,0.0548453,0.01,1,2820385,2819895,490
203885801,44.3788,56.4403,460,35638,0.0759381,0.01,1,2820423,2819963,460
203888721,35.1515,44.7761,452,35697,0.0843752,0.07,1,2820452,2820000,452
203891641,15.2606,34.7104,426,35756,0.0877501,0.07,1,2820454,2820028,426
203915001,36.5518,37.3674,427,36227,0.21739,0.03,1,2820747,2820320,427
203923761,35.0753,35.1515,426,36401,0.204713,0.09,1,2820878,2820452,426
203926681,15.2301,15.2606,426,36459,0.207885,0.13,1,2820880,2820454,426
203929601,21.692,21.7042,426,36517,0.245154,0.13,1,2820906,2820480,426
203932521,24.8768,24.8817,426,36575,0.272062,0.13,1,2820933,2820507,426
203935441,24.3507,24.3527,426,36633,0.282825,0.19,1,2820957,2820531,426
203938361,59.5403,57.7411,429,36691,0.29913,0.17,1,2821040,2820611,429
203964641,22.4899,6.09205,459,37206,0.448145,0.27,1,2821339,2820880,459
203967561,25.196,18.0368,460,37263,0.437258,0.29,1,2821366,2820906,460
204046401,60.3655,62.7282,452,38766,0.808086,0.65,2,2822375,2821923,452
204049321,49.3462,49.0913,454,38820,0.845234,0.67,2,2822417,2821963,454
204052241,33.5385,32.8365,455,38874,0.896094,0.69,2,2822440,2821985,455
204227441,32.2475,31.2648,495,42009,0.873897,1,2,2824623,2824128,495
204244961,30.2037,44.2702,480,42309,0.859525,1,2,2824801,2824321,480
204247881,32.4815,38.7081,479,42359,0.82981,0.96,2,2824835,2824356,479
204250801,36.3926,31.6832,491,42409,0.757924,1,2,2824874,2824383,491
204262481,41.9573,42.5471,489,42609,0.772091,1,2,2825051,2824562,489
204265401,31.7829,35.6188,483,42659,0.794836,0.79,2,2825076,2824593,483
204268321,25.3132,32.2475,474,42708,0.815935,1,2,2825097,2824623,474
204271241,28.1253,33.299,470,42757,0.848374,0.91,2,2825127,2824657,470
204274161,31.6501,35.5196,467,42806,0.849349,0.91,2,2825161,2824694,467
204277081,31.26,32.8078,467,42855,0.83774,0.93,2,2825192,2824725,467
204280001,23.304,24.5231,466,42904,0.857096,0.89,2,2825210,2824744,466
204282921,23.1216,23.0093,467,42953,0.876838,0.83,2,2825233,2824766,467
204285841,28.4486,30.2037,464,43002,0.884735,0.83,2,2825265,2824801,464
204288761,30.5795,12.0815,496,43051,0.863894,0.81,2,2825297,2824801,496
204291681,33.2318,25.2326,497,43100,0.855558,0.71,2,2825332,2824835,497
204294601,36.6927,33.493,497,43149,0.864223,0.67,2,2825371,2824874,497
204297521,36.8771,36.7972,495,43198,0.891689,0.71,2,2825408,2824913,495
204555941,338.203,370.079,491,20440,0.418,0.93,1,2828330,2827839,491
204561781,118.673,129.173,488,21370,0.08728,0.51,1,2828488,2828000,488
204564701,82.869,95.4691,474,21469,0.088912,0.19,1,2828547,2828073,474
204567621,71.5476,86.7876,457,21568,0.0415648,0.09,1,2828611,2828154,457
204570541,79.619,76.1151,473,21666,0.0586259,0.05,1,2828696,2828223,473
204573461,49.8476,73.646,431,21764,0.0414504,0.01,1,2828726,2828295,431
204576381,35.539,44.4584,432,21861,0.0225801,0.01,1,2828752,2828320,432
204579301,64.6156,74.1834,422,21958,0.0390321,0.03,1,2828836,2828414,422
204582221,70.8462,74.0733,423,22055,0.0576128,0.09,1,2828911,2828488,423
204593901,47.6153,48.7059,423,22437,0.0883069,0.01,1,2829149,2828726,423
204596821,35.2461,35.0823,424,22532,0.0413228,0.01,1,2829176,2828752,424
204599741,62.6984,14.0329,505,22626,0.0345291,0.05,1,2829257,2828752,505
204602661,70.0794,56.0132,496,22720,0.0438116,0.07,1,2829332,2828836,496
204605581,66.4318,67.4053,485,22813,0.0715246,0.13,1,2829396,2828911,485
204628941,69.301,66.4295,495,23546,0.210553,0.13,1,2829891,2829396,495
204631861,75.1204,67.3718,506,23636,0.258221,0.11,1,2829970,2829464,506
204634781,46.8482,74.9487,454,23726,0.277288,0.13,1,2829998,2829544,454
204701941,79.5149,65.4375,527,25702,0.761173,0.59,2,2831291,2830764,527
204704861,49.806,73.575,478,25784,0.790469,0.59,2,2831321,2830843,478
204707781,38.5224,47.43,479,25866,0.814188,0.65,2,2831352,2830873,479
204710701,63.409,35.772,531,25948,0.823675,0.65,2,2831432,2830901,531
204713621,26.5636,62.3088,453,26030,0.82747,0.61,2,2831434,2830981,453
204716541,58.0254,26.1235,530,26111,0.864988,0.69,2,2831513,2830983,530
204719461,64.0102,56.6494,521,26192,0.891995,0.65,2,2831581,2831060,521
204842101,42.9053,64.8509,494,29395,0.881872,1,2,2833816,2833322,494
204845021,56.7621,43.3404,531,29467,0.826749,1,2,2833882,2833351,531
204856701,50.0483,51.0919,523,29753,0.249597,0.95,1,2834120,2833597,523
204871301,38.5755,42.9053,467,30107,0.0745079,0.79,1,2834283,2833816,467
204874221,47.8302,56.7621,455,30177,0.0478031,0.53,1,2834337,2833882,455
204877141,62.9321,69.5048,450,30247,0.0491213,0.43,1,2834410,2833960,450
204880061,58.7728,66.8019,441,30317,0.0856485,0.27,1,2834466,2834025,441
204882981,49.9091,56.1208,436,30387,0.0402594,0.17,1,2834510,2834074,436
204885901,42.7637,50.0483,428,30457,0.0461038,0.15,1,2834548,2834120,428
204888821,34.5055,37.4193,428,30526,0.0604415,0.07,1,2834577,2834149,428
204891741,24.6022,26.3677,427,30595,0.0781766,0.11,1,2834595,2834168,427
204894661,21.8409,24.3471,424,30664,0.0972706,0.11,1,2834615,2834191,424
204897581,44.1364,43.9388,426,30733,0.0809083,0.05,1,2834674,2834248,426
204906341,62.5607,62.9321,422,30940,0.0548581,0.11,1,2834832,2834410,422
204909261,60.4243,58.7728,425,31008,0.0639433,0.01,1,2834891,2834466,425
204912181,48.7697,49.9091,422,31076,0.0675773,0.05,1,2834932,2834510,422
204915101,43.5079,42.7637,424,31144,0.0930309,0.07,1,2834972,2834548,424
204918021,33.6032,34.5055,422,31212,0.0912124,0.09,1,2834999,2834577,422
204920941,25.4413,24.6022,424,31280,0.0904849,0.09,1,2835019,2834595,424
204923861,22.1765,9.84087,444,31348,0.090194,0.11,1,2835039,2834595,444
204935541,60.8077,46.5239,495,31616,0.212021,0.01,1,2835254,2834759,495
204938461,60.9231,62.4096,483,31683,0.258808,0.07,1,2835315,2834832,483
204941381,48.9692,60.3638,465,31750,0.265523,0.07,1,2835356,2834891,465
204944301,43.5877,48.7455,464,31817,0.268209,0.11,1,2835396,2834932,464
204947221,33.6351,43.4982,451,31883,0.281284,0.09,1,2835423,2834972,451
204950141,26.054,33.5993,445,31949,0.274513,0.09,1,2835444,2834999,445
204953061,22.4216,25.4397,445,32015,0.271805,0.09,1,2835464,2835019,445
204955981,46.7686,22.1759,488,32081,0.282722,0.13,1,2835527,2835039,488
204967661,62.5221,60.8077,496,32345,0.429398,0.29,1,2835750,2835254,496
205037741,44.2839,44.8753,449,33879,0.777095,0.57,2,2836727,2836278,449
205040661,34.5135,35.3501,448,33941,0.808838,0.57,2,2836755,2836307,448
205043581,25.8054,26.14,448,34003,0.797535,0.53,2,2836775,2836327,448
205046501,23.5222,23.656,448,34065,0.805014,0.61,2,2836797,2836349,448
205049421,49.6089,48.4624,450,34127,0.856006,0.61,2,2836864,2836414,450
205052341,21.0435,20.585,450,34189,0.876402,0.61,2,2836866,2836416,450
205055261,28.2174,28.034,450,34251,0.896561,0.61,2,2836899,2836449,450
205058181,47.887,11.2136,511,34313,0.868624,0.61,2,2836960,2836449,511
205177901,25.9339,27.2665,483,36756,0.839903,0.93,2,2838677,2838194,483
205180821,25.9736,25.3066,485,36813,0.785961,1,2,2838703,2838218,485
205201261,53.4414,18.2814,548,37212,0.291465,1,1,2839011,2838463,548
205204181,41.1766,50.5126,509,37269,0.290586,1,1,2839044,2838535,509
205210021,34.6682,53.082,494,37383,0.258894,0.87,1,2839125,2838631,494
205212941,21.0673,38.6328,477,37440,0.265557,0.79,1,2839137,2838660,477
205215861,22.8269,25.6531,484,37496,0.280223,0.75,1,2839161,2838677,484
205236301,51.3486,42.103,496,37888,0.426359,0.23,1,2839446,2838950,496
205285941,19.7727,21.6329,445,38826,0.761083,0.47,2,2840017,2839572,445
205288861,24.1091,24.2532,446,38880,0.766433,0.53,2,2840044,2839598,446
205326821,23.7952,24.1091,458,39581,0.767842,0.73,2,2840502,2840044,458
205329741,43.7181,45.0436,456,39634,0.829137,0.69,2,2840559,2840103,456
205332661,39.0872,39.6175,456,39687,0.865655,0.71,2,2840595,2840139,456
205335581,37.2349,38.047,455,39740,0.892262,0.71,2,2840631,2840176,455
205487421,28.8735,42.4252,489,42414,0.8776,1,2,2842460,2841971,489
205490341,31.3494,42.1701,480,42464,0.75904,1,2,2842493,2842013,480
205502021,42.5529,45.8348,488,42664,0.203703,1,1,2842654,2842166,488
205504941,51.8212,50.7339,492,42713,0.0874814,1,1,2842712,2842220,492
205507861,47.1285,46.6936,492,42762,0.0409925,1,1,2842756,2842264,492
205510781,38.6514,37.8774,493,42811,0.058397,1,1,2842789,2842296,493
205513701,28.0606,33.151,484,42860,0.0413588,1,1,2842810,2842326,484
205516621,25.0242,30.0604,479,42909,0.0345435,1,1,2842833,2842354,479
205519541,30.4097,27.0242,488,42958,0.0438174,1,1,2842867,2842379,488
205522461,21.1639,25.2097,479,43007,0.059527,1,1,2842882,2842403,479
205525381,18.6656,10.0839,496,43056,0.0418108,0.99,1,2842899,2842403,496
205528301,21.2662,19.6335,493,43105,0.0227243,0.8,1,2842922,2842429,493
205531221,22.3065,26.4534,485,43154,0.0390897,0.68,1,2842945,2842460,485
205534141,31.7226,30.3814,490,43203,0.0216359,0.53,1,2842983,2842493,490
205537061,27.089,42.7525,463,43252,0.0626544,0.37,1,2843007,2842544,463
205539981,25.2356,36.301,455,43301,0.0670617,0.31,1,2843031,2842576,455
205542901,40.0942,31.3204,477,43350,0.0928247,0.09,1,2843081,2842604,477
205545821,48.4377,42.5282,481,43399,0.0431299,0.01,1,2843135,2842654,481
205548741,45.7751,51.8113,467,43448,0.0172519,0.01,1,2843179,2842712,467
205551661,36.91,47.1245,454,43497,0.0609008,0.07,1,2843210,2842756,454
205554581,28.564,38.6498,444,43546,0.0423603,0.03,1,2843233,2842789,444
205557501,24.0256,28.0599,444,43594,0.0349441,0.03,1,2843254,2842810,444
205560421,30.0102,25.024,455,43642,0.0319776,0.05,1,2843288,2842833,455
205563341,21.6041,30.4096,437,43690,0.0307911,0.07,1,2843304,2842867,437
205566261,18.8416,21.1638,439,43738,0.0423164,0.03,1,2843321,2842882,439
205569181,20.7367,18.6655,444,43786,0.0349266,0.01,1,2843343,2842899,444
205572101,24.4947,21.2662,448,43834,0.0319706,0.05,1,2843370,2842922,448
205575021,30.7979,22.3065,460,43882,0.0187883,0.01,1,2843405,2842945,460
205577941,29.1191,31.7226,450,43930,0.0375153,0.09,1,2843433,2842983,450
205580861,24.8477,27.089,448,43978,0.0330061,0.07,1,2843455,2843007,448
205583781,41.1391,25.2356,476,44026,0.0432024,0.11,1,2843507,2843031,476
205586701,46.4556,40.0942,476,44074,0.071281,0.01,1,2843557,2843081,476
205589621,44.3823,48.4377,465,44122,0.0285124,0,1,2843600,2843135,465
205592541,37.5529,45.7751,454,44170,0.029405,0.09,1,2843633,2843179,454
205595461,28.2212,36.91,445,44218,0.029762,0.03,1,2843655,2843210,445
205598381,24.4885,28.564,444,44266,0.0179048,0.03,1,2843677,2843233,444
205601301,28.9954,24.0256,455,44314,0.0251619,0.03,1,2843709,2843254,455
205604221,21.7982,30.0102,438,44362,0.0280648,0.03,1,2843726,2843288,438
205607141,19.5193,21.6041,440,44410,0.0292259,0.05,1,2843744,2843304,440
205610061,20.4077,18.8416,444,44457,0.0296904,0.03,1,2843765,2843321,444
205612981,9.36308,20.7367,424,44504,0.0298761,0.03,1,2843767,2843343,424
205615901,19.3452,24.4947,423,44551,0.0659505,0.01,1,2843793,2843370,423
205618821,28.1381,30.7979,422,44598,0.0923802,0.05,1,2843827,2843405,422
205624661,24.6621,24.8477,423,44692,0.0999808,0.05,1,2843878,2843455,423
205636341,37.2889,37.5529,423,44880,0.0472475,0.03,1,2844056,2843633,423
205639261,28.1156,28.2212,423,44927,0.024899,0.01,1,2844078,2843655,423
205642181,24.4462,24.4885,423,44974,0.0279596,0.03,1,2844100,2843677,423
205645101,29.5785,28.9954,424,45021,0.0291838,0.03,1,2844133,2843709,424
205648021,21.4314,21.7982,423,45068,0.0416735,0.03,1,2844149,2843726,423
205650941,19.3726,19.5193,423,45115,0.0586694,0.03,1,2844167,2843744,423
205653861,20.949,20.4077,424,45162,0.0414678,0.03,1,2844189,2843765,424
205656781,9.57961,9.36308,424,45209,0.0345871,0.09,1,2844191,2843767,424
205659701,20.6318,19.3452,426,45256,0.0678348,0.11,1,2844219,2843793,426
205665541,28.5011,28.6552,426,45350,0.0960536,0.09,1,2844282,2843856,426
205715181,45.9077,23.8082,485,46133,0.217424,0.11,1,2844789,2844304,485
205718101,47.7631,44.3233,476,46179,0.22497,0.17,1,2844838,2844362,476
205721021,42.5052,45.9293,468,46225,0.251988,0.17,1,2844877,2844409,468
205723941,33.8021,41.1717,458,46271,0.274795,0.17,1,2844905,2844447,458
205726861,27.3208,35.0687,450,46317,0.295918,0.15,1,2844928,2844478,450
205729781,22.9283,27.8275,447,46363,0.292367,0.15,1,2844948,2844501,447
205758981,45.3536,24.7694,490,46813,0.410635,0.23,1,2845219,2844729,490
205761901,48.7414,45.9077,481,46858,0.410254,0.23,1,2845270,2844789,481
205764821,44.0966,47.7631,473,46903,0.446102,0.27,1,2845311,2844838,473
205861181,36.5617,36.2273,453,48366,0.761886,0.65,2,2846239,2845786,453
205864101,28.4247,27.6909,454,48410,0.802754,0.73,2,2846262,2845808,454
205867021,25.7699,24.2764,456,48454,0.819102,0.69,2,2846286,2845830,456
205869941,30.7079,30.1105,456,48497,0.825641,0.73,2,2846320,2845864,456
205872861,23.0832,22.8442,456,48540,0.804256,0.71,2,2846338,2845882,456
205875781,21.2333,21.7377,455,48583,0.819703,0.69,2,2846358,2845903,455
205878701,21.6933,22.4951,454,48626,0.849881,0.69,2,2846380,2845926,454
205881621,9.87732,10.198,454,48669,0.861952,0.69,2,2846382,2845928,454
205884541,23.1509,23.2792,454,48712,0.878781,0.69,2,2846414,2845960,454
205887461,30.8604,30.9117,454,48755,0.897512,0.69,2,2846450,2845996,454
205893301,22.2177,22.2259,454,48841,0.884002,0.69,2,2846480,2846026,454
205896221,25.6871,8.89035,482,48884,0.887601,0.67,2,2846508,2846026,482
206056821,34.6131,27.3594,506,51201,0.85048,1,2,2848176,2847670,506
206062661,30.7381,34.6175,497,51283,0.847677,1,2,2848230,2847733,497
206123981,289.982,332.408,438,23360,0.256469,0.25,1,2848782,2848344,438
206129821,103.517,102.985,458,24266,0.054235,0,1,2848918,2848460,458
206132741,61.2069,70.5941,442,24353,0.027694,0.11,1,2848951,2848509,442
206135661,77.8827,67.8376,465,24440,0.0770776,0.09,1,2849040,2848575,465
206138581,56.9531,66.7351,442,24527,0.096831,0.09,1,2849083,2848641,442
206156101,45.1724,45.5157,425,25041,0.0652677,0.11,1,2849376,2848951,425
206159021,71.469,71.6063,425,25126,0.0561071,0.11,1,2849465,2849040,425
206161941,56.1876,54.4425,428,25210,0.0524428,0.11,1,2849511,2849083,428
206164861,70.475,69.177,429,25294,0.0629771,0.17,1,2849591,2849162,429
206167781,40.19,40.2708,428,25378,0.0791909,0.11,1,2849611,2849183,428
206199901,63.2902,54.4257,495,26281,0.252127,0.17,1,2850198,2849703,495
206202821,42.1161,61.3703,457,26362,0.274851,0.15,1,2850226,2849769,457
206205741,69.0464,41.9481,515,26442,0.29594,0.13,1,2850313,2849798,515
206214501,41.043,70.7727,449,26682,0.41182,0.15,1,2850462,2850013,449
206217421,30.8172,40.9091,452,26761,0.434728,0.19,1,2850486,2850034,452
206258301,67.8569,67.7997,447,27848,0.75695,0.55,2,2851197,2850750,447
206267061,44.0628,42.2592,453,28076,0.772525,0.65,2,2851358,2850905,453
206269981,32.6251,31.9037,453,28151,0.77101,0.65,2,2851383,2850930,453
206272901,61.0501,60.1615,454,28226,0.758404,0.65,2,2851463,2851009,454
206275821,25.62,25.2646,454,28301,0.789362,0.69,2,2851465,2851011,454
206278741,54.048,52.1058,457,28376,0.801745,0.69,2,2851538,2851081,457
206281661,38.4192,20.8423,485,28451,0.818698,0.73,2,2851566,2851081,485
206284581,68.7677,25.1369,546,28525,0.861479,0.79,2,2851655,2851109,546
206287501,53.9071,62.8548,502,28599,0.878592,0.73,2,2851699,2851197,502
206290421,79.7628,52.1419,554,28673,0.897437,0.75,2,2851796,2851242,554
206293341,43.9051,77.8568,479,28747,0.880975,0.79,2,2851816,2851337,479
206296261,31.9621,43.7427,482,28821,0.87439,0.77,2,2851840,2851358,482
206392621,37.7898,36.302,485,31152,0.886799,1,2,2853463,2852978,485
206395541,70.9159,73.9208,479,31220,0.87672,1,2,2853556,2853077,479
206398461,53.5664,45.1683,495,31288,0.800688,1,2,2853598,2853103,495
206430581,32.774,53.5635,480,32023,0.758723,0.69,2,2854078,2853598,480
206433501,64.7096,35.2254,543,32089,0.789489,0.69,2,2854164,2853621,543
206436421,36.0838,66.2902,473,32155,0.825796,0.67,2,2854181,2853708,473
206439341,32.4335,39.7161,481,32221,0.816318,0.65,2,2854211,2853730,481
206442261,61.5734,35.0864,530,32287,0.824527,0.63,2,2854292,2853762,530
206445181,46.2294,60.8346,488,32353,0.851811,0.65,2,2854328,2853840,488
206448101,32.8917,42.3338,482,32418,0.874724,0.63,2,2854352,2853870,482
206451021,32.3567,33.7335,486,32483,0.89589,0.69,2,2854384,2853898,486
206559061,61.9778,36.4298,560,34810,0.886342,1,2,2856055,2855495,560
206567821,31.8786,36.8675,509,34993,0.848486,0.99,2,2856147,2855638,509
206570741,33.7514,31.547,516,35053,0.873394,1,2,2856182,2855666,516
206579501,33.9361,31.899,511,35233,0.894697,0.96,2,2856282,2855771,511
206582421,74.1744,36.7596,572,35293,0.891879,1,2,2856383,2855811,572
206743021,94.7561,84.8803,552,17777,0.756248,0.57,2,2859039,2858487,552
206745941,78.7024,96.9521,515,17896,0.800499,0.53,2,2859107,2858592,515
206748861,51.881,78.3809,483,18015,0.8302,0.59,2,2859141,2858658,483
206751781,21.9524,51.1523,452,18133,0.84208,0.73,2,2859143,2858691,452
206754701,132.381,141.061,457,18250,0.822832,0.73,2,2859349,2858892,457
206757621,80.5524,83.4244,458,18366,0.791133,0.79,2,2859395,2858937,458
206760541,95.221,94.5697,461,18482,0.886453,0.83,2,2859500,2859039,461
206763461,80.0884,78.6279,463,18597,0.876581,0.85,2,2859570,2859107,463
206766381,53.0353,51.8512,464,18711,0.860632,0.85,2,2859605,2859141,464
206769301,22.4141,21.9405,464,18824,0.878253,0.81,2,2859607,2859143,464
206837921,72.096,75.2064,480,21364,0.85384,1,2,2861468,2860988,480
206852521,50.4019,48.6002,485,21855,0.253265,0.89,1,2861784,2861299,485
206855441,70.5608,81.2401,466,21952,0.263306,0.81,1,2861868,2861402,466
206858361,60.6243,72.096,454,22049,0.243322,0.61,1,2861922,2861468,454
206861281,48.2497,54.6384,451,22145,0.247329,0.63,1,2861962,2861511,451
206864201,44.4999,47.6554,450,22241,0.236932,0.21,1,2862004,2861554,450
206867121,103.6,113.262,436,22336,0.280773,0.27,1,2862147,2861711,436
206870041,57.04,64.5049,430,22431,0.274309,0.21,1,2862173,2861743,430
206881721,48.9658,55.7857,473,22807,0.411614,0.25,1,2862395,2861922,473
206884641,42.9863,46.3143,472,22900,0.446646,0.23,1,2862434,2861962,472
206908001,108.262,42.9851,595,23630,0.764654,0.55,2,2863029,2862434,595
206910921,60.1048,105.394,476,23720,0.779862,0.53,2,2863057,2862581,476
206913841,46.8419,59.5576,485,23809,0.809945,0.55,2,2863095,2862610,485
206916761,74.5368,46.023,541,23898,0.833978,0.57,2,2863188,2862647,541
206919681,63.4147,73.6092,505,23987,0.819591,0.61,2,2863244,2862739,505
206922601,26.5659,61.8437,453,24075,0.813836,0.71,2,2863246,2862793,453
206925521,40.0264,51.1375,458,24163,0.799535,0.77,2,2863295,2862837,458
206928441,42.4105,45.655,460,24251,0.805814,0.79,2,2863339,2862879,460
206931361,107.564,108.262,461,24338,0.856326,0.79,2,2863490,2863029,461
206934281,59.8257,60.1048,461,24425,0.86453,0.83,2,2863518,2863057,461
206937201,47.9303,46.8419,463,24512,0.891812,0.85,2,2863558,2863095,463
206943041,62.6288,63.4147,462,24684,0.88309,0.81,2,2863706,2863244,462
206945961,26.2515,26.5659,462,24770,0.875236,0.79,2,2863708,2863246,462
207045241,48.0511,36.089,501,27528,0.831488,1,2,2865679,2865178,501
207048161,39.0204,37.2356,496,27605,0.818595,1,2,2865712,2865216,496
207051081,31.8082,33.4942,492,27682,0.801438,1,2,2865739,2865247,492
207054001,78.7233,90.1977,474,27759,0.806575,0.9,2,2865849,2865375,474
207056921,58.4893,60.6791,478,27835,0.82063,0.96,2,2865894,2865416,478
207059841,47.3957,51.8716,472,27911,0.826252,1,2,2865934,2865462,472
207062761,63.9583,67.5487,469,27987,0.828501,0.97,2,2866009,2865540,469
207065681,59.7833,61.8195,468,28063,0.8414,0.89,2,2866066,2865598,468
207068601,39.5133,42.1278,465,28138,0.83456,0.77,2,2866092,2865627,465
207071521,46.4053,48.0511,464,28213,0.855824,0.81,2,2866143,2865679,464
207185401,36.4543,42.1108,482,31003,0.89896,1,2,2868081,2867599,482
207188321,42.1817,37.8443,493,31071,0.833584,1,2,2868127,2867634,493
207202921,44.9212,15.1946,536,31411,0.275138,1,1,2868378,2867842,536
207205841,60.5685,49.8778,534,31478,0.236055,0.9,1,2868449,2867915,534
207208761,45.2274,55.9511,509,31545,0.256422,1,1,2868484,2867975,509
207214601,32.9164,36.5522,498,31679,0.215028,0.85,1,2868543,2868045,498
207235041,58.2395,44.9203,501,32144,0.205088,0.21,1,2868879,2868378,501
207237961,45.4958,60.5681,467,32210,0.220035,0.27,1,2868916,2868449,467
207240881,32.5983,45.2272,456,32276,0.286014,0.15,1,2868940,2868484,456
207252561,44.8793,63.1066,460,32537,0.416426,0.13,1,2869124,2868664,460
207255481,35.9517,45.0426,457,32602,0.43657,0.11,1,2869154,2868697,457
207258401,41.3807,36.6171,471,32667,0.408628,0.17,1,2869199,2868728,471
207261321,39.3523,39.2468,468,32732,0.409451,0.13,1,2869237,2868769,468
207264241,16.9409,39.0987,431,32797,0.409781,0.25,1,2869239,2868808,431
207267161,51.1764,58.2395,434,32861,0.433912,0.23,1,2869313,2868879,434
207270081,43.2705,45.4958,435,32925,0.431565,0.33,1,2869351,2868916,435
207334321,43.7945,20.4724,490,34310,0.761527,0.61,2,2870245,2869755,490
207337241,37.3178,31.5889,484,34372,0.778611,0.67,2,2870278,2869794,484
207340161,34.1271,31.8356,484,34434,0.797444,0.67,2,2870310,2869826,484
207343081,38.8508,31.9342,494,34495,0.792978,0.67,2,2870352,2869858,494
207346001,62.3403,37.3737,531,34556,0.815191,0.65,2,2870430,2869899,531
207348921,48.9361,62.9495,491,34617,0.860076,0.67,2,2870470,2869979,491
207351841,39.3745,47.9798,486,34678,0.890031,0.73,2,2870503,2870017,486
207354761,40.9498,37.1919,498,34739,0.878012,0.75,2,2870545,2870047,498
207357681,41.5799,40.0768,498,34800,0.873205,0.75,2,2870587,2870089,498
207360601,17.832,40.0307,460,34861,0.871282,0.75,2,2870589,2870129,460
207506601,36.7068,37.6421,509,37773,0.809392,1,2,2872651,2872142,509
207529961,43.0309,40.9923,521,38219,0.237078,1,1,2872975,2872454,521
207535801,36.6449,42.9188,504,38329,0.211933,1,1,2873048,2872544,504
207567921,38.4953,43.0309,430,38931,0.202348,0.15,1,2873405,2872975,430
207570841,38.7981,40.6124,430,38985,0.206939,0.23,1,2873444,2873014,430
207573761,37.1192,36.6449,432,39039,0.232776,0.17,1,2873480,2873048,432
207576681,31.6477,32.658,430,39093,0.24311,0.15,1,2873508,2873078,430
207579601,31.2591,32.2632,429,39147,0.259244,0.21,1,2873539,2873110,429
207582521,32.3036,32.1053,430,39201,0.289698,0.13,1,2873572,2873142,430
207588361,30.8486,30.5768,428,39309,0.258752,0.13,1,2873634,2873206,428
207591281,13.5394,13.4307,428,39363,0.241501,0.15,1,2873636,2873208,428
207594201,26.4158,26.9723,427,39417,0.2466,0.13,1,2873671,2873244,427
207597121,29.1663,29.9889,426,39471,0.26064,0.23,1,2873702,2873276,426
207600041,51.2665,48.5956,431,39525,0.278256,0.19,1,2873768,2873337,431
207602961,36.7066,36.2382,430,39578,0.297302,0.21,1,2873795,2873365,430
207620481,33.4883,32.3036,435,39896,0.405983,0.31,1,2874007,2873572,435
207623401,32.5953,32.1215,435,39949,0.408393,0.23,1,2874039,2873604,435
207632161,26.3501,26.4158,434,40108,0.427177,0.25,1,2874105,2873671,434
207690561,34.1956,39.4827,480,41148,0.75333,0.59,2,2874831,2874351,480
207693481,31.6782,33.7931,480,41199,0.775332,0.57,2,2874861,2874381,480
207696401,33.0713,32.1172,483,41250,0.808133,0.57,2,2874895,2874412,483
207699321,32.4285,33.2469,481,41301,0.833253,0.57,2,2874927,2874446,481
207702241,31.5714,32.4988,480,41352,0.855301,0.57,2,2874958,2874478,480
207705161,13.8286,30.9995,452,41403,0.86412,0.59,2,2874960,2874508,452
207708081,28.9314,13.5998,489,41454,0.855648,0.61,2,2874999,2874510,489
207711001,33.1726,27.6399,488,41505,0.876259,0.67,2,2875035,2874547,488
207713921,14.469,31.456,456,41556,0.884504,0.73,2,2875037,2874581,456
207716841,47.7876,53.3824,458,41607,0.887802,0.71,2,2875107,2874649,458
207722681,41.366,41.1812,458,41709,0.870448,0.73,2,2875180,2874722,458
207903721,33.0899,34.1767,489,44737,0.849049,1,2,2877259,2876770,489
207906641,33.636,34.6707,488,44784,0.77762,1,2,2877293,2876805,488
207927081,28.7157,31.0335,479,45113,0.421815,1,1,2877505,2877026,479
207935841,28.4298,33.1381,472,45254,0.247556,1,1,2877599,2877127,472
207938761,31.7719,33.6553,472,45301,0.225022,0.97,1,2877633,2877161,472
207950441,29.2966,33.636,457,45487,0.0883686,0.71,1,2877750,2877293,457
207953361,36.3186,38.0544,457,45533,0.0653474,0.69,1,2877791,2877334,457
207956281,29.5274,31.4218,455,45579,0.092139,0.63,1,2877816,2877361,455
207959201,29.811,34.7687,448,45625,0.0788556,0.55,1,2877846,2877398,448
207962121,31.1244,34.3075,446,45671,0.0855422,0.51,1,2877878,2877432,446
207965041,24.4498,25.723,446,45717,0.0882169,0.47,1,2877898,2877452,446
207985481,28.0723,24.9488,456,46039,0.21369,0.17,1,2878089,2877633,456
207988401,29.2289,26.7795,458,46085,0.235476,0.13,1,2878119,2877661,458
207991321,26.6916,30.5118,450,46131,0.23219,0.09,1,2878144,2877694,450
207994241,27.4766,27.8047,452,46177,0.242876,0.07,1,2878172,2877720,452
207997161,36.7907,29.1219,465,46223,0.25915,0.05,1,2878215,2877750,465
208000081,29.1163,36.2488,448,46269,0.27766,0.11,1,2878239,2877791,448
208003001,31.4465,29.4995,456,46315,0.297064,0.07,1,2878272,2877816,456
208005921,29.9786,29.7998,455,46361,0.292826,0.09,1,2878301,2877846,455
208029281,28.823,29.6808,458,46721,0.411142,0.25,1,2878520,2878062,458
208032201,30.7292,28.0723,463,46766,0.434457,0.25,1,2878552,2878089,463
208035121,26.6917,29.2289,457,46811,0.443783,0.23,1,2878576,2878119,457
208102281,22.31,22.1159,448,47836,0.767471,0.53,2,2879227,2878779,448
208105201,26.324,25.6464,449,47880,0.792988,0.57,2,2879256,2878807,449
208108121,33.9296,33.0585,450,47924,0.815195,0.55,2,2879295,2878845,450
208111041,29.1718,29.4234,449,47968,0.824078,0.53,2,2879321,2878872,449
208113961,28.4687,27.9694,450,48012,0.803631,0.57,2,2879349,2878899,450
208116881,32.3875,31.5877,451,48056,0.807452,0.59,2,2879384,2878933,451
208119801,14.155,13.8351,451,48100,0.808981,0.59,2,2879386,2878935,451
208122721,22.462,22.334,451,48144,0.809592,0.59,2,2879414,2878963,451
208125641,28.7848,28.7336,451,48188,0.833837,0.63,2,2879447,2878996,451
208128561,26.5139,26.4934,451,48232,0.831535,0.65,2,2879472,2879021,451
208131481,29.2056,28.5974,452,48276,0.854614,0.67,2,2879503,2879051,452
208134401,39.2822,37.839,454,48320,0.839846,0.65,2,2879549,2879095,454
208137321,31.3129,30.7356,454,48364,0.809938,0.67,2,2879575,2879121,454
208140241,32.9252,32.0942,455,48408,0.809975,0.69,2,2879609,2879154,455
208143161,32.3701,31.4377,456,48452,0.80999,0.77,2,2879641,2879185,456
208146081,28.548,25.7751,460,48495,0.809996,0.79,2,2879667,2879207,460
208149001,24.0192,22.31,461,48538,0.845998,0.81,2,2879688,2879227,461
208151921,27.6077,26.324,462,48581,0.872399,0.83,2,2879718,2879256,462
208382601,161.182,173.03,488,24178,0.2116,1,1,2882054,2881566,488
208391361,81.4277,78.8259,505,24440,0.0497824,0.53,1,2882272,2881767,505
208394281,61.3711,83.1304,467,24527,0.061913,0.31,1,2882320,2881853,467
208397201,67.1484,63.2521,488,24613,0.0547652,0.13,1,2882391,2881903,488
208400121,45.4594,72.7009,440,24699,0.0519061,0.05,1,2882422,2881982,440
208403041,22.9837,41.6803,427,24785,0.0747624,0.05,1,2882430,2882003,427
208408881,58.7574,62.1089,424,24956,0.097162,0.09,1,2882550,2882126,424
208411801,61.903,63.8435,423,25041,0.0688648,0.01,1,2882614,2882191,423
208414721,73.9612,74.1374,424,25126,0.0455459,0.07,1,2882696,2882272,424
208417641,58.3845,58.455,424,25210,0.0602184,0.05,1,2882744,2882320,424
208443921,67.1724,58.2425,496,25956,0.214251,0.13,1,2883240,2882744,496
208446841,47.2689,65.897,459,26038,0.2357,0.11,1,2883274,2882815,459
208449761,24.9076,46.1588,436,26119,0.24428,0.11,1,2883284,2882848,436
208452681,35.763,24.4635,469,26200,0.247712,0.11,1,2883327,2882858,469
208455601,58.1052,34.9854,500,26281,0.285085,0.11,1,2883400,2882900,500
208473121,25.8107,47.2689,444,26761,0.416819,0.25,1,2883718,2883274,444
208476041,35.5243,24.9076,476,26840,0.400728,0.25,1,2883760,2883284,476
208481881,51.1639,58.1052,437,26998,0.439716,0.35,1,2883837,2883400,437
208511081,61.7392,59.4656,446,27772,0.786041,0.49,2,2884348,2883902,446
208514001,75.6957,74.1862,447,27848,0.812417,0.57,2,2884433,2883986,447
208516921,62.0783,59.6745,450,27924,0.834967,0.65,2,2884486,2884036,450
208519841,74.6313,71.2698,454,28000,0.843987,0.65,2,2884569,2884115,454
208522761,50.2525,48.9079,454,28076,0.871595,0.65,2,2884603,2884149,454
208525681,26.101,25.5632,454,28151,0.894638,0.71,2,2884613,2884159,454
208537361,64.3114,20.9392,529,28451,0.881095,0.83,2,2884809,2884280,529
208540281,77.3246,49.1757,547,28525,0.874438,0.83,2,2884895,2884348,547
208543201,62.1298,70.6703,514,28599,0.895775,0.85,2,2884947,2884433,514
208660001,56.8193,32.9432,560,31423,0.896848,1,2,2886943,2886383,560
208662921,44.3277,59.3773,519,31490,0.844739,1,2,2886979,2886460,519
208665841,36.3311,47.7509,510,31557,0.799896,1,2,2887010,2886500,510
208677521,57.6709,47.2736,542,31825,0.215597,1,1,2887183,2886641,542
208680441,75.8684,68.1094,548,31891,0.0862389,0.97,1,2887271,2886723,548
208683361,50.7473,68.0438,514,31957,0.0644956,1,1,2887305,2886791,514
208686281,46.6989,56.6175,509,32023,0.0557982,1,1,2887349,2886840,509
208689201,54.6796,46.047,530,32089,0.0763193,0.83,1,2887409,2886879,530
208692121,39.8718,56.8188,496,32155,0.0845277,0.81,1,2887439,2886943,496
208697961,26.1795,36.331,477,32287,0.0987244,0.65,1,2887487,2887010,477
208703801,31.7887,32.693,477,32418,0.0889959,0.43,1,2887551,2887074,477
208709641,71.2062,57.6709,510,32548,0.0502393,0,1,2887693,2887183,510
208712561,50.0825,75.8684,458,32613,0.0620957,0.05,1,2887729,2887271,458
208715481,47.633,50.7473,470,32678,0.0428383,0.05,1,2887775,2887305,470
208718401,53.8532,46.6989,484,32743,0.0711353,0.09,1,2887833,2887349,484
208721321,22.7413,54.6796,426,32808,0.0824541,0.09,1,2887835,2887409,426
208738841,42.1786,44.5155,423,33192,0.201775,0,1,2888027,2887604,423
208741761,69.6714,71.2062,422,33256,0.0807098,0.07,1,2888115,2887693,422
208744681,51.2686,50.0825,425,33320,0.0382839,0.03,1,2888154,2887729,425
208747601,48.7074,47.633,426,33383,0.0453136,0.09,1,2888201,2887775,426
208750521,56.083,53.8532,429,33446,0.0361254,0.09,1,2888262,2887833,429
208753441,23.6332,22.7413,429,33509,0.0324502,0.15,1,2888264,2887835,429
208756361,27.4533,27.0965,429,33572,0.0669801,0.17,1,2888294,2887865,429
208773881,64.0911,69.6714,422,33949,0.0867147,0.01,1,2888537,2888115,422
208776801,49.0364,51.2686,422,34011,0.0646859,0.05,1,2888576,2888154,422
208779721,49.0146,48.7074,424,34073,0.0318743,0.03,1,2888625,2888201,424
208782641,55.0058,56.083,422,34135,0.0307497,0.03,1,2888684,2888262,422
208785561,23.2023,23.6332,422,34197,0.0302999,0.09,1,2888686,2888264,422
208788481,28.4809,27.4533,424,34259,0.06612,0.09,1,2888718,2888294,424
208791401,27.5924,10.9813,451,34321,0.080448,0.13,1,2888745,2888294,451
208794321,24.2369,19.9925,447,34383,0.0981792,0.11,1,2888767,2888320,447
208806001,65.2285,43.059,504,34627,0.230657,0.07,1,2888963,2888459,504
208808921,47.6914,64.0236,462,34688,0.254263,0.05,1,2888999,2888537,462
208811841,47.2766,49.0094,470,34749,0.251705,0.01,1,2889046,2888576,470
208814761,54.3106,49.0038,480,34810,0.274682,0.03,1,2889105,2888625,480
208817681,22.9242,55.0015,423,34871,0.259873,0.03,1,2889107,2888684,423
208820601,30.1697,23.2006,456,34932,0.253949,0.09,1,2889142,2888686,456
208823521,29.4679,28.4802,453,34993,0.27558,0.09,1,2889171,2888718,453
208835201,44.1512,32.6779,480,35233,0.415103,0.19,1,2889313,2888833,480
208838121,68.0605,43.0712,514,35293,0.412041,0.27,1,2889397,2888883,514
208841041,48.8242,65.2285,470,35353,0.434816,0.27,1,2889433,2888963,470
208843961,47.1297,47.6914,480,35413,0.443927,0.25,1,2889479,2888999,480
208846881,54.8519,47.2766,493,35473,0.435571,0.29,1,2889539,2889046,493
208849801,23.1407,54.3106,436,35533,0.432228,0.25,1,2889541,2889105,436
208864401,28.6923,29.1949,443,35828,0.430925,0.41,1,2889668,2889225,443
208916961,55.806,55.195,453,36876,0.769926,0.67,2,2890437,2889984,453
208919881,23.5224,23.278,453,36933,0.793971,0.63,2,2890439,2889986,453
208922801,31.609,30.9112,454,36990,0.791588,0.71,2,2890476,2890022,454
208925721,31.2436,30.3645,455,37047,0.778635,0.67,2,2890507,2890052,455
208928641,13.6974,13.3458,455,37104,0.797454,0.71,2,2890509,2890054,455
208931561,18.679,18.5383,455,37161,0.780982,0.71,2,2890531,2890076,455
208934481,28.4716,7.41533,490,37218,0.786393,0.73,2,2890566,2890076,490
208937401,33.5886,23.9661,492,37275,0.800557,0.65,2,2890603,2890111,492
208940321,46.4355,33.5865,507,37332,0.842223,0.69,2,2890658,2890151,507
209121361,29.0633,22.0583,520,40690,0.887133,1,2,2893000,2892480,520
209337441,36.5138,38.0978,509,44366,0.885616,1,2,2895580,2895071,509
209340361,27.8055,34.4391,499,44414,0.780246,1,2,2895602,2895103,499
209354961,36.9346,33.944,499,44649,0.447891,1,1,2895793,2895294,499
209363721,20.7238,25.1164,476,44790,0.439305,1,1,2895847,2895371,476
209366641,20.2895,22.0466,476,44837,0.445722,1,1,2895867,2895391,476
209369561,24.3158,26.8186,473,44884,0.448289,0.99,1,2895894,2895421,473
209372481,29.5263,30.5275,473,44931,0.437316,0.95,1,2895927,2895454,473
209375401,43.6105,48.211,466,44978,0.432926,0.87,1,2895980,2895514,466
209378321,34.8442,37.2844,465,45025,0.41917,0.87,1,2896009,2895544,465
209381241,33.7377,36.5138,462,45072,0.449668,0.71,1,2896042,2895580,462
209384161,24.2951,27.8055,458,45119,0.449867,0.63,1,2896060,2895602,458
209463001,43.4104,29.6476,500,46366,0.766618,0.59,2,2896869,2896369,500
209465921,35.9642,43.059,479,46411,0.804647,0.57,2,2896900,2896421,479
209468841,35.3857,35.2236,484,46456,0.807859,0.63,2,2896935,2896451,484
209471761,24.9543,34.4894,468,46501,0.809144,0.65,2,2896953,2896485,468
209474681,35.1817,23.9958,493,46546,0.809657,0.65,2,2896995,2896502,493
209477601,30.8727,34.7983,479,46591,0.821863,0.61,2,2897023,2896544,479
209480521,27.9491,30.7193,477,46636,0.838745,0.61,2,2897049,2896572,477
209483441,44.1796,27.8877,506,46681,0.881498,0.63,2,2897104,2896598,506
209687841,24.0642,16.7231,531,49743,0.881994,1,2,2899202,2898671,531
209690761,26.4257,8.48925,556,49785,0.814798,1,2,2899230,2898674,556
209693681,20.1703,23.7957,538,49827,0.847919,0.98,2,2899246,2898708,538
209696601,29.6681,41.3183,521,49869,0.753168,1,2,2899282,2898761,521
209717041,21.1191,38.8532,492,50163,0.44195,0.98,1,2899494,2899002,492
209719961,25.2476,25.7413,503,50205,0.43478,1,1,2899522,2899019,503
209722881,32.8991,31.2965,506,50247,0.431912,0.98,1,2899560,2899054,506
209725801,32.9596,32.3186,506,50289,0.442765,1,1,2899593,2899087,506
209728721,14.3838,35.1274,471,50331,0.447106,0.9,1,2899595,2899124,471
209845521,25.2232,16.6119,484,51982,0.760466,0.69,2,2900634,2900150,484
209848441,29.2893,24.6447,486,52023,0.790186,0.71,2,2900666,2900180,486
209851361,32.1157,29.0579,488,52063,0.802074,0.73,2,2900700,2900212,488
209854281,33.8463,31.4232,490,52103,0.84283,0.71,2,2900735,2900245,490
209857201,32.1385,33.5693,486,52143,0.847132,0.75,2,2900766,2900280,486
209860121,28.4554,31.4277,482,52183,0.860853,0.75,2,2900792,2900310,482
209863041,32.9822,28.1711,492,52223,0.878341,0.73,2,2900828,2900336,492
209865961,21.5929,33.4684,469,52263,0.897336,0.71,2,2900842,2900373,469
210105401,80.0044,88.6771,467,24820,0.095056,0.98,1,2903296,2902829,467
210137521,63.4171,56.2967,489,26448,0.212249,0.19,1,2903889,2903400,489
210140441,45.1668,58.5187,462,26528,0.2229,0.15,1,2903922,2903460,462
210143361,33.6667,43.8075,454,26608,0.23916,0.13,1,2903948,2903494,454
210146281,37.4667,32.523,469,26688,0.257664,0.17,1,2903988,2903519,469
210149201,36.5867,37.0092,465,26767,0.289066,0.11,1,2904024,2903559,465
210166721,44.216,45.1666,433,27238,0.403368,0.25,1,2904355,2903922,433
210169641,34.4864,33.6666,435,27316,0.407347,0.27,1,2904383,2903948,435
210172561,37.7946,37.4666,435,27394,0.420939,0.31,1,2904423,2903988,435
210207601,30.389,29.8269,445,28307,0.773043,0.51,2,2905002,2904557,445
210210521,61.9556,61.1307,446,28382,0.795217,0.51,2,2905085,2904639,446
210213441,63.1822,24.4523,510,28457,0.792087,0.51,2,2905149,2904639,510
210216361,62.4729,47.5809,509,28531,0.790835,0.59,2,2905211,2904702,509
210219281,44.7892,55.6324,481,28605,0.826334,0.61,2,2905244,2904763,481
210222201,35.3157,41.4529,478,28679,0.840534,0.57,2,2905273,2904795,478
210225121,40.5263,33.3812,494,28753,0.870213,0.69,2,2905317,2904823,494
210228041,42.6105,37.9525,497,28827,0.894085,0.71,2,2905361,2904864,497
210353601,66.2618,58.3954,541,31831,0.798333,1,2,2907515,2906974,541
210362361,27.7368,40.5293,497,32029,0.446853,1,1,2907624,2907127,497
210368201,30.2379,30.4847,509,32161,0.283897,1,1,2907688,2907179,509
210371121,46.2952,32.5939,532,32227,0.227559,0.93,1,2907745,2907213,532
210376961,41.8472,65.215,496,32359,0.0760094,0.93,1,2907845,2907349,496
210379881,51.5389,45.886,521,32424,0.0484038,0.93,1,2907903,2907382,521
210382801,59.0156,53.1544,527,32489,0.0373615,0.71,1,2907967,2907440,527
210385721,54.8062,66.2618,504,32554,0.0569446,0.61,1,2908019,2907515,504
210388641,39.9225,60.1047,478,32619,0.0887778,0.43,1,2908049,2907571,478
210391561,24.969,46.8419,455,32684,0.0655111,0.39,1,2908064,2907609,455
210394481,29.7876,27.7368,473,32749,0.0922045,0.31,1,2908097,2907624,473
210412001,51.1621,51.5389,424,33134,0.072994,0.03,1,2908327,2907903,424
210414921,58.8649,59.0156,424,33198,0.0471976,0.07,1,2908391,2907967,424
210447041,57.2568,58.8649,422,33893,0.239141,0.15,1,2908813,2908391,422
210449961,58.3027,55.3459,428,33955,0.245656,0.17,1,2908872,2908444,428
210452881,41.3211,40.1384,428,34017,0.248263,0.13,1,2908902,2908474,428
210455801,24.9284,24.4553,428,34079,0.249305,0.13,1,2908916,2908488,428
210458721,32.7714,32.5821,428,34141,0.237722,0.13,1,2908954,2908526,428
210461641,14.3085,14.2329,428,34203,0.233089,0.19,1,2908956,2908528,428
210464561,19.5234,18.8931,429,34265,0.243236,0.19,1,2908979,2908550,429
210467481,40.2094,7.55726,483,34327,0.235294,0.13,1,2909033,2908550,483
210470401,53.2837,36.6229,489,34389,0.280118,0.15,1,2909095,2908606,489
210482081,58.3401,57.1407,490,34633,0.427603,0.25,1,2909303,2908813,490
210549241,60.2271,59.9701,451,36011,0.774599,0.61,2,2910197,2909746,451
210552161,43.2908,42.5881,452,36070,0.79584,0.61,2,2910229,2909777,452
210555081,25.7163,25.4352,452,36129,0.780336,0.61,2,2910243,2909791,452
210558001,33.0865,32.9741,452,36187,0.834134,0.61,2,2910281,2909829,452
210560921,14.4346,14.3896,452,36245,0.855654,0.61,2,2910283,2909831,452
210563841,18.9738,18.9559,452,36303,0.864261,0.67,2,2910305,2909853,452
210566761,42.9895,41.1823,455,36361,0.867705,0.67,2,2910364,2909909,455
210572601,49.9583,47.8692,458,36477,0.884033,0.71,2,2910437,2909979,458
210575521,36.7833,36.5477,457,36535,0.887613,0.71,2,2910465,2910008,457
210744881,21.2294,18.6128,491,39749,0.873364,1,2,2912708,2912217,491
210747801,32.4918,32.6451,489,39802,0.799345,1,2,2912748,2912259,489
210768241,49.5235,40.0883,534,40173,0.28189,0.92,1,2913048,2912514,534
210771161,34.8094,52.6353,498,40226,0.238756,0.98,1,2913073,2912575,498
210774081,33.7238,39.6541,500,40278,0.233502,0.93,1,2913106,2912606,500
210777001,32.6895,37.4616,496,40330,0.207401,0.93,1,2913138,2912642,496
210791601,40.1229,32.7903,502,40590,0.220994,0.65,1,2913283,2912781,502
210794521,35.8492,43.1161,485,40642,0.214398,0.55,1,2913316,2912831,485
210797441,37.1397,39.4465,486,40694,0.211759,0.45,1,2913354,2912868,486
210800361,40.0559,42.1786,484,40746,0.234704,0.31,1,2913396,2912912,484
210803281,35.8223,43.2714,473,40798,0.255881,0.29,1,2913429,2912956,473
210806201,45.5289,38.3086,490,40850,0.288353,0.25,1,2913481,2912991,490
210838321,41.1461,37.1397,475,41414,0.409575,0.25,1,2913829,2913354,475
210841241,36.8584,40.0559,467,41465,0.44583,0.27,1,2913863,2913396,467
210893801,28.3957,28.2892,447,42372,0.752233,0.53,2,2914421,2913974,447
210896721,31.7583,31.1157,448,42422,0.762893,0.53,2,2914455,2914007,448
210899641,17.5033,17.2463,448,42472,0.767157,0.55,2,2914463,2914015,448
210908401,32.3922,32.1838,450,42622,0.780378,0.65,2,2914557,2914107,450
210911321,44.7569,43.4735,452,42672,0.810151,0.61,2,2914610,2914158,452
210914241,35.3028,34.1894,453,42721,0.82206,0.67,2,2914639,2914186,453
210917161,39.3211,38.8758,453,42770,0.850824,0.69,2,2914681,2914228,453
210920081,44.5284,42.5503,456,42819,0.83833,0.69,2,2914729,2914273,456
210923001,38.8114,38.0201,456,42868,0.845332,0.69,2,2914764,2914308,456
210925921,49.7245,48.808,457,42917,0.860133,0.69,2,2914821,2914364,457
210928841,21.0898,20.7232,457,42966,0.866053,0.75,2,2914823,2914366,457
210931761,21.6359,21.4893,457,43015,0.844421,0.75,2,2914845,2914388,457
210934681,28.4544,8.59571,490,43064,0.823768,0.77,2,2914878,2914388,490
210937601,31.7817,23.2383,491,43113,0.815507,0.77,2,2914912,2914421,491
210940521,17.5127,29.6953,465,43162,0.812203,0.77,2,2914920,2914455,465
210943441,20.2051,16.6781,479,43211,0.822881,0.73,2,2914942,2914463,479
210946361,32.082,19.8713,497,43260,0.827152,0.73,2,2914982,2914485,497
210949281,33.2328,31.3485,492,43309,0.840861,0.81,2,2915016,2914524,492
210952201,45.6931,32.3394,513,43358,0.894344,0.83,2,2915070,2914557,513
211121561,28.3802,21.8346,539,46093,0.813754,1,2,2916977,2916438,539
211178501,90.8417,99.1462,456,21469,0.0867361,0.01,1,2917736,2917280,456
211181421,60.3367,81.0585,427,21568,0.0526944,0.01,1,2917776,2917349,427
211184341,72.1347,51.0234,476,21666,0.0510778,0.03,1,2917856,2917380,476
211187261,34.2539,53.4094,430,21764,0.0384311,0.03,1,2917865,2917435,430
211190181,32.9015,36.3637,437,21861,0.0153724,0.07,1,2917897,2917460,437
211193101,75.5606,84.7455,424,21958,0.048149,0.07,1,2918001,2917577,424
211196021,86.6242,90.8982,423,22055,0.0732596,0.07,1,2918095,2917672,423
211207701,33.0768,33.2246,422,22437,0.0719074,0,1,2918287,2917865,422
211210621,33.0307,32.4898,423,22532,0.046763,0,1,2918320,2917897,423
211213541,76.2123,12.9959,528,22626,0.0727052,0.07,1,2918425,2917897,528
211216461,88.0849,67.5984,520,22720,0.0950821,0.09,1,2918521,2918001,520
211231061,32.3295,32.9952,454,23183,0.0459976,0.03,1,2918741,2918287,454
211233981,78.3318,32.9981,530,23274,0.072399,0.09,1,2918850,2918320,530
211236901,90.7327,76.1992,524,23365,0.0709596,0.11,1,2918949,2918425,524
211260261,71.4291,90.7327,425,24081,0.20481,0.15,1,2919374,2918949,425
211263181,71.1716,76.4931,429,24169,0.207924,0.17,1,2919445,2919016,429
211266101,51.2687,52.1972,431,24257,0.24517,0.19,1,2919483,2919052,431
211269021,64.9075,65.2789,431,24344,0.296068,0.19,1,2919557,2919126,431
211286541,71.6808,71.1716,432,24862,0.436901,0.27,1,2919877,2919445,432
211330341,76.03,33.6996,554,26111,0.761616,0.61,2,2920699,2920145,554
211333261,76.612,75.2799,528,26192,0.790647,0.65,2,2920776,2920248,528
211336181,55.8448,74.5119,496,26273,0.790259,0.67,2,2920818,2920322,496
211339101,70.3379,55.0048,534,26354,0.826103,0.71,2,2920898,2920364,534
211342021,30.5352,68.8019,460,26434,0.852441,0.71,2,2920902,2920442,460
211344941,30.2141,29.9208,486,26514,0.862977,0.71,2,2920932,2920446,486
211444221,46.0756,39.6799,522,29105,0.83008,1,2,2922782,2922260,522
211499701,44.8467,44.4216,450,30457,0.7608,0.59,2,2923692,2923242,450
211502621,34.7387,33.3686,452,30526,0.79032,0.61,2,2923720,2923268,452
211505541,15.0955,14.5475,452,30595,0.778128,0.61,2,2923722,2923270,452
211508461,22.8382,22.619,452,30664,0.797251,0.69,2,2923750,2923298,452
211511381,60.7353,58.8476,455,30733,0.8529,0.73,2,2923836,2923381,455
211514301,51.2941,49.339,457,30802,0.89916,0.73,2,2923881,2923424,457
211657381,42.5512,38.4342,497,34003,0.836042,1,2,2926155,2925658,497
211666141,34.6913,38.2198,492,34189,0.441107,1,1,2926260,2925768,492
211669061,35.4765,35.0879,495,34251,0.290443,1,1,2926296,2925801,495
211677821,57.6145,74.3656,516,34437,0.0507483,0.91,1,2926472,2925956,516
211692421,33.9058,42.5167,485,34742,0.0995437,0.55,1,2926640,2926155,485
211709941,57.5605,69.0361,475,35106,0.0570228,0,1,2926897,2926422,475
211712861,47.6242,57.6144,466,35166,0.0648091,0.15,1,2926938,2926472,466
211715781,34.6497,46.4458,453,35226,0.0799236,0.15,1,2926964,2926511,453
211718701,31.8599,34.7783,456,35286,0.0859695,0.11,1,2926994,2926538,456
211742061,54.8331,64.4013,427,35763,0.225652,0.01,1,2927271,2926844,427
211744981,50.7332,57.5605,422,35822,0.276261,0.07,1,2927319,2926897,422
211759581,35.2091,34.2576,430,36117,0.423338,0.17,1,2927496,2927066,430
211765421,31.0735,31.0412,431,36234,0.438534,0.19,1,2927557,2927126,431
211774181,14.0847,14.0826,431,36408,0.427186,0.25,1,2927620,2927189,431
211777101,56.6339,54.8331,434,36466,0.440874,0.31,1,2927705,2927271,434
211847181,57.8637,13.867,535,37832,0.752948,0.59,2,2928597,2928062,535
211850101,53.1455,57.7468,498,37888,0.787179,0.55,2,2928647,2928149,498
211853021,50.6582,53.0987,497,37944,0.812872,0.57,2,2928696,2928199,497
211855941,37.0633,50.0395,477,38000,0.835149,0.57,2,2928724,2928247,477
211858861,35.8253,36.2158,485,38056,0.808059,0.61,2,2928759,2928274,485
211861781,41.3301,33.6863,498,38112,0.821224,0.67,2,2928804,2928306,498
211864701,35.732,39.8745,486,38167,0.82649,0.65,2,2928836,2928350,486
211867621,35.2928,35.7498,488,38222,0.840596,0.69,2,2928871,2928383,488
211870541,33.3171,34.0999,487,38277,0.882238,0.75,2,2928903,2928416,487
211873461,28.9269,32.24,482,38332,0.898895,0.71,2,2928929,2928447,482
212112901,33.3038,35.2758,499,42614,0.853936,1,2,2931892,2931393,499
212168381,43.9513,39.817,496,43546,0.772257,0.61,2,2932553,2932057,496
212171301,31.9805,43.5268,474,43594,0.770903,0.59,2,2932577,2932103,474
212174221,30.7922,31.8107,480,43642,0.794361,0.59,2,2932607,2932127,480
212177141,31.5169,31.9243,480,43690,0.815744,0.57,2,2932639,2932159,480
212180061,27.6068,30.7697,475,43738,0.788298,0.55,2,2932664,2932189,475
212182981,22.4427,26.7079,470,43786,0.825319,0.63,2,2932683,2932213,470
212185901,22.7771,22.6832,473,43834,0.840128,0.61,2,2932706,2932233,473
212188821,31.3108,22.2733,488,43882,0.870051,0.61,2,2932743,2932255,488
212191741,29.3243,31.1093,479,43930,0.88202,0.61,2,2932771,2932292,479
212194661,37.5297,29.2437,494,43978,0.862808,0.71,2,2932814,2932320,494
212197581,32.4119,33.8975,486,44026,0.843123,0.69,2,2932843,2932357,486
212200501,39.3648,32.159,499,44074,0.859249,0.75,2,2932887,2932388,499
212203421,40.3459,36.8636,500,44122,0.8777,0.75,2,2932928,2932428,500
212206341,37.7384,39.9454,494,44170,0.88508,0.75,2,2932964,2932470,494
212372781,190.184,188.512,513,21270,0.883592,1,2,2934835,2934322,513
212375701,138.474,140.805,508,21370,0.899437,1,2,2934939,2934431,508
212472061,69.2786,68.7513,489,24431,0.778,1,2,2937127,2936638,489
212480821,35.6578,33.2961,499,24690,0.286672,1,1,2937228,2936729,499
212486661,80.2253,79.7274,492,24862,0.0782675,1,1,2937396,2936904,492
212489581,86.6901,98.491,472,24947,0.061307,1,1,2937487,2937015,472
212492501,56.276,62.1964,470,25032,0.0665228,0.63,1,2937523,2937053,470
212495421,52.5104,69.2786,446,25117,0.0926091,0.53,1,2937573,2937127,446
212498341,42.6042,51.1114,443,25201,0.0910436,0.35,1,2937609,2937166,443
212507101,52.0947,58.0631,424,25453,0.0718268,0.01,1,2937725,2937301,424
212510021,78.4379,23.2253,520,25536,0.0827307,0.05,1,2937821,2937301,520
212512941,85.3751,66.2901,515,25619,0.0630923,0.05,1,2937911,2937396,515
212515861,56.3501,81.116,461,25702,0.0552369,0.07,1,2937948,2937487,461
212524621,31.8784,42.2474,449,25948,0.0844152,0.15,1,2938058,2937609,449
212527541,27.7514,30.699,451,26030,0.0997661,0.19,1,2938083,2937632,451
212533381,79.5602,52.0718,521,26192,0.0603626,0.09,1,2938246,2937725,521
212536301,85.8241,78.4287,515,26273,0.042145,0.05,1,2938336,2937821,515
212539221,56.5296,85.3715,462,26354,0.058858,0.05,1,2938373,2937911,462
212550901,28.4568,31.8783,451,26674,0.215443,0.11,1,2938509,2938058,451
212553821,47.9827,27.7513,487,26753,0.236177,0.11,1,2938570,2938083,487
212559661,84.4772,79.5602,512,26911,0.0629883,0.03,1,2938758,2938246,512
212562581,34.9909,85.8241,424,26990,0.0431953,0.07,1,2938760,2938336,424
212565501,38.5964,56.5296,428,27068,0.0592781,0.19,1,2938801,2938373,428
212568421,46.6385,52.0119,431,27146,0.0777113,0.19,1,2938853,2938422,431
212571341,41.4554,43.6047,431,27224,0.0730845,0.21,1,2938891,2938460,431
212574261,30.3822,30.6419,432,27302,0.0832338,0.23,1,2938914,2938482,432
212588861,33.9284,34.9909,423,27688,0.0985323,0.07,1,2939183,2938760,423
212597621,42.3714,41.4554,425,27916,0.215826,0.09,1,2939316,2938891,425
212600541,31.9486,30.3822,427,27992,0.23633,0.15,1,2939341,2938914,427
212603461,29.5794,28.9529,427,28068,0.256532,0.19,1,2939369,2938942,427
212606381,52.0318,49.3811,431,28143,0.264613,0.13,1,2939436,2939005,431
212629741,30.2241,31.4274,460,28739,0.413419,0.27,1,2939801,2939341,460
212632661,53.4896,29.371,501,28813,0.411368,0.27,1,2939870,2939369,501
212635581,74.1959,51.9484,522,28886,0.422547,0.37,1,2939958,2939436,522
212638501,80.0783,71.7794,521,28959,0.427019,0.37,1,2940042,2939521,521
212641421,33.2313,79.1117,439,29032,0.428808,0.37,1,2940044,2939605,439
212644341,40.2925,32.8447,482,29105,0.441523,0.37,1,2940089,2939607,482
212691061,76.5728,74.7595,455,30247,0.757383,0.71,2,2940855,2940400,455
212693981,82.2291,80.3038,457,30317,0.836953,0.71,2,2940941,2940484,457
212696901,34.0917,33.3215,457,30387,0.868781,0.71,2,2940943,2940486,457
212699821,41.2367,40.9286,457,30457,0.857513,0.69,2,2940989,2940532,457
212702741,51.8947,53.5714,454,30526,0.865005,0.65,2,2941048,2940594,454
212705661,21.9579,22.6286,454,30595,0.868002,0.71,2,2941050,2940596,454
212708581,35.7831,34.2514,457,30664,0.881201,0.73,2,2941095,2940638,457
212831221,34.3031,30.2666,501,33438,0.852784,1,2,2943041,2942540,501
212845821,77.7244,88.8191,481,33753,0.437344,1,1,2943319,2942838,481
212854581,38.1184,39.8604,477,33941,0.29991,0.97,1,2943422,2942945,477
212857501,30.2473,35.1442,470,34003,0.257964,0.93,1,2943447,2942977,470
212860421,24.6989,30.2577,464,34065,0.253186,0.79,1,2943468,2943004,464
212863341,28.4796,34.3031,458,34127,0.251274,0.67,1,2943499,2943041,458
212866261,29.3918,35.9212,451,34189,0.21451,0.65,1,2943529,2943078,451
212869181,32.1567,36.5685,448,34251,0.235804,0.65,1,2943563,2943115,448
212872101,33.8627,14.6274,483,34313,0.220322,0.61,1,2943598,2943115,483
212875021,60.9451,26.251,528,34375,0.262129,0.47,1,2943677,2943149,528
212877941,69.378,60.3004,520,34437,0.266851,0.37,1,2943752,2943232,520
212880861,48.7512,76.3202,468,34498,0.280741,0.37,1,2943787,2943319,468
212883781,38.7005,50.9281,466,34559,0.298296,0.31,1,2943819,2943353,466
212895461,26.0419,24.6846,460,34803,0.2977,0.25,1,2943928,2943468,460
212901301,31.4067,29.3895,463,34925,0.296032,0.25,1,2943992,2943529,463
212904221,34.1627,32.1558,465,34986,0.292413,0.21,1,2944028,2943563,465
212910061,70.746,60.9449,509,35106,0.410386,0.27,1,2944186,2943677,509
212912981,49.8984,69.378,470,35166,0.410154,0.29,1,2944222,2943752,470
212915901,39.7594,48.7512,468,35226,0.422062,0.31,1,2944255,2943787,468
212980141,68.9455,68.4437,449,36524,0.784754,0.57,2,2945077,2944628,449
212983061,50.3782,49.5775,450,36582,0.823902,0.61,2,2945115,2944665,450
212985981,39.9513,39.631,450,36640,0.875561,0.63,2,2945148,2944698,450
213167021,48.295,40.5016,510,40058,0.88024,1,2,2947546,2947036,510
213169941,35.518,16.2006,537,40111,0.898096,1,2,2947573,2947036,537
213172861,31.0072,28.0803,529,40164,0.833238,1,2,2947601,2947072,529
213175781,31.6029,32.2321,526,40217,0.819295,1,2,2947633,2947107,526
213178701,30.6412,27.2928,532,40270,0.861718,1,2,2947663,2947131,532
213181621,32.0565,33.1171,528,40322,0.782687,1,2,2947696,2947168,528
213202061,59.1709,50.5929,539,40686,0.444632,0.93,1,2947976,2947437,539
213204981,45.2684,62.2372,505,40738,0.423853,0.83,1,2948012,2947507,505
213222501,31.6037,32.0565,488,41049,0.287664,0.63,1,2948184,2947696,488
213225421,27.6415,33.2226,479,41100,0.253066,0.75,1,2948209,2947730,479
213228341,31.4566,27.689,489,41151,0.263226,0.61,1,2948243,2947754,489
213231261,25.7826,32.6756,475,41202,0.279291,0.61,1,2948265,2947790,475
213234181,27.7131,28.6702,478,41253,0.285716,0.65,1,2948294,2947816,478
213237101,46.4852,30.0681,506,41304,0.288287,0.45,1,2948353,2947847,506
213251701,12.211,29.0829,438,41559,0.408274,0.33,1,2948502,2948064,438
213254621,20.4844,28.4332,436,41610,0.421309,0.31,1,2948528,2948092,436
213257541,24.9938,28.7733,435,41661,0.414524,0.31,1,2948556,2948121,435
213260461,27.9975,29.5093,435,41712,0.423809,0.27,1,2948586,2948151,435
213318861,46.7427,46.5912,446,42713,0.779665,0.57,2,2949235,2948789,446
213321781,60.0971,58.2365,449,42762,0.821866,0.59,2,2949304,2948855,449
213324701,46.8388,46.0946,449,42811,0.814746,0.55,2,2949342,2948893,449
213327621,31.3355,30.4378,450,42860,0.835899,0.61,2,2949363,2948913,450
213330541,30.5342,30.1751,450,42909,0.844359,0.57,2,2949393,2948943,450
213333461,13.4137,13.2701,450,42958,0.847744,0.61,2,2949395,2948945,450
213336381,21.5655,20.308,452,43007,0.861098,0.61,2,2949422,2948970,452
213339301,26.0262,8.12321,481,43056,0.830439,0.63,2,2949451,2948970,481
213342221,28.4105,20.0493,483,43105,0.818176,0.63,2,2949481,2948998,483
213345141,30.5642,26.6197,484,43154,0.81327,0.69,2,2949513,2949029,484
213348061,27.8257,29.2479,479,43203,0.823308,0.67,2,2949539,2949060,479
213350981,34.5303,26.6992,493,43252,0.851323,0.69,2,2949578,2949085,493
213353901,27.6121,33.4797,478,43301,0.862529,0.73,2,2949601,2949123,478
213356821,30.2448,26.5919,488,43350,0.879012,0.75,2,2949633,2949145,488
213362661,62.0792,46.7347,530,43448,0.897842,0.85,2,2949765,2949235,530
213365581,47.6317,60.0939,499,43497,0.893137,0.81,2,2949803,2949304,499
213564141,117.231,107.583,511,21370,0.0839392,0.31,1,2952042,2951531,511
213567061,99.6925,124.033,464,21469,0.0515757,0.01,1,2952130,2951666,464
213569981,77.677,93.4132,454,21568,0.0386303,0.03,1,2952193,2951739,454
213572901,88.0708,76.3653,484,21666,0.0334521,0.05,1,2952288,2951804,484
213575821,49.0283,75.5461,432,21764,0.0133808,0.01,1,2952311,2951879,432
213578741,31.6113,43.4184,430,21861,0.00535234,0.01,1,2952331,2951901,430
213581661,34.8445,44.3674,422,21958,0.00814093,0.03,1,2952368,2951946,422
213584581,71.5378,75.347,422,22055,0.0212564,0.03,1,2952464,2952042,422
213587501,82.6151,82.9388,424,22151,0.0265025,0.03,1,2952554,2952130,424
213590421,70.8461,70.9755,424,22247,0.052601,0.03,1,2952617,2952193,424
213593341,84.7384,85.3902,423,22342,0.0510404,0,1,2952711,2952288,423
213596261,48.8954,47.9561,425,22437,0.0264162,0,1,2952736,2952311,425
213599181,29.7581,31.1824,422,22532,0.0285665,0,1,2952753,2952331,422
213602101,33.5033,12.473,458,22626,0.0294266,0.01,1,2952789,2952331,458
213605021,72.8013,27.1892,520,22720,0.0297706,0.03,1,2952888,2952368,520
213607941,81.9205,68.4757,512,22813,0.0779083,0.03,1,2952976,2952464,512
213610861,71.1682,81.3903,486,22906,0.0491633,0.07,1,2953040,2952554,486
213613781,84.2673,70.3561,516,22999,0.0616653,0.05,1,2953133,2952617,516
213616701,48.1069,84.5424,446,23091,0.0666661,0.01,1,2953157,2952711,446
213619621,29.4428,48.817,438,23183,0.0806665,0.03,1,2953174,2952736,438
213622541,33.3771,29.7268,457,23274,0.0382666,0.03,1,2953210,2952753,457
213625461,74.5508,33.4907,523,23365,0.0333066,0.03,1,2953312,2952789,523
213628381,83.8203,72.7963,514,23456,0.0433227,0.11,1,2953402,2952888,514
213631301,70.7281,81.9185,488,23546,0.0593291,0.03,1,2953464,2952976,488
213634221,85.2913,71.1674,519,23636,0.0897316,0.07,1,2953559,2953040,519
213637141,47.3165,84.267,448,23726,0.0778927,0.07,1,2953581,2953133,448
213640061,28.5266,48.1068,440,23815,0.0731571,0.09,1,2953597,2953157,440
213642981,31.8106,29.4427,457,23904,0.0472628,0.01,1,2953631,2953174,457
213645901,13.9243,33.3771,423,23993,0.0369051,0.03,1,2953633,2953210,423
213648821,67.3697,74.5508,424,24081,0.0327621,0.05,1,2953736,2953312,424
213651741,80.9479,83.8203,424,24169,0.0431048,0.07,1,2953826,2953402,424
213654661,70.7792,70.7281,426,24257,0.0352419,0.11,1,2953890,2953464,426
213657581,84.7117,85.2913,425,24344,0.0920968,0.07,1,2953984,2953559,425
213672181,66.687,67.3697,422,24776,0.0788471,0.05,1,2954158,2953736,422
213675101,80.6748,80.9479,422,24862,0.0615388,0.03,1,2954248,2953826,422
213678021,71.2699,70.7792,423,24947,0.0546155,0.13,1,2954313,2953890,423
213704301,91.0932,64.868,526,25702,0.229855,0.21,1,2954839,2954313,526
213707221,49.6373,84.1472,451,25784,0.265942,0.19,1,2954861,2954410,451
213710141,28.2549,47.4589,442,25866,0.280377,0.19,1,2954875,2954433,442
213713061,35.302,27.3835,468,25948,0.298151,0.15,1,2954915,2954447,468
213721821,78.0513,61.6805,517,26192,0.410042,0.15,1,2955097,2954580,517
213724741,70.8205,78.0722,494,26273,0.446017,0.17,1,2955163,2954669,494
213780221,77.2951,78.6989,445,27764,0.761724,0.49,2,2956165,2955720,445
213783141,44.118,45.2796,444,27840,0.778689,0.49,2,2956187,2955743,444
213786061,26.0472,26.5118,444,27916,0.797476,0.51,2,2956201,2955757,444
213788981,37.4189,37.0047,445,27992,0.85299,0.51,2,2956246,2955801,445
213791901,16.1676,16.0019,445,28068,0.875196,0.65,2,2956248,2955803,445
213794821,68.267,63.4008,453,28143,0.896078,0.71,2,2956351,2955898,453
213902861,26.441,24.0889,501,30802,0.877142,1,2,2958182,2957681,501
213905781,53.7764,64.2356,482,30871,0.776857,1,2,2958254,2957772,482
213946661,63.7685,45.8646,528,31817,0.795795,0.59,2,2958973,2958445,528
213949581,42.9074,66.9458,476,31883,0.840318,0.61,2,2959002,2958526,476
213952501,27.963,42.9783,467,31949,0.858127,0.55,2,2959020,2958553,467
213955421,29.1852,28.5913,478,32015,0.877251,0.57,2,2959050,2958572,478
213958341,27.2741,28.8365,475,32081,0.8849,0.55,2,2959076,2958601,475
213961261,22.3096,27.7346,467,32147,0.88796,0.55,2,2959095,2958628,467
213964181,51.5239,21.8938,520,32213,0.889184,0.65,2,2959166,2958646,520
213967101,81.2095,48.9575,554,32279,0.865674,0.71,2,2959267,2958713,554
213970021,68.4838,78.383,516,32345,0.892269,0.73,2,2959327,2958811,516
213984621,30.1224,27.963,495,32670,0.898894,0.89,2,2959515,2959020,495
213987541,27.649,29.1852,491,32735,0.893557,0.89,2,2959541,2959050,491
213990461,12.2596,27.2741,467,32800,0.891423,0.89,2,2959543,2959076,467
214107261,47.7088,73.5624,495,35286,0.834111,1,2,2961353,2960858,495
214127701,25.1247,26.9657,505,35704,0.414624,1,1,2961559,2961054,505
214156901,25.1533,27.2793,445,36292,0.414392,0.47,1,2961955,2961510,445
214159821,23.2613,25.3117,443,36350,0.435757,0.37,1,2961977,2961534,443
214162741,23.1045,25.1247,441,36408,0.432303,0.37,1,2962000,2961559,441
214212381,45.1617,61.3281,481,37383,0.757845,0.65,2,2962698,2962217,481
214215301,46.2647,42.5312,498,37440,0.789138,0.63,2,2962745,2962247,498
214218221,34.7059,45.2125,478,37496,0.813655,0.63,2,2962772,2962294,478
214221141,27.0823,33.685,474,37552,0.823462,0.65,2,2962794,2962320,474
214224061,31.2329,26.074,487,37608,0.851385,0.71,2,2962828,2962341,487
214226981,24.4932,30.2296,474,37664,0.874554,0.69,2,2962848,2962374,474
214229901,24.7973,24.6918,478,37720,0.871822,0.67,2,2962873,2962395,478
214232821,23.1189,24.2767,476,37776,0.870729,0.71,2,2962895,2962419,476
214235741,45.2476,22.9107,514,37832,0.894291,0.69,2,2962955,2962441,514
214393421,32.2948,42.4659,500,40738,0.891193,1,2,2964972,2964472,500
214396341,34.5179,25.3864,522,40790,0.818477,1,2,2965008,2964486,522
214402181,49.4429,39.1018,529,40894,0.446556,1,1,2965104,2964575,529
214405101,41.9771,46.2407,515,40946,0.292623,1,1,2965141,2964626,515
214410941,30.5963,32.7185,512,41049,0.0540196,0.96,1,2965200,2964688,512
214413861,27.2385,32.2874,505,41100,0.0216078,1,1,2965225,2964720,505
214416781,30.6954,28.515,512,41151,0.0266431,1,1,2965258,2964746,512
214419701,30.8782,30.606,511,41202,0.0106573,1,1,2965289,2964778,511
214422621,35.1513,32.6424,515,41253,0.0042629,0.98,1,2965327,2964812,515
214425541,45.2605,35.857,529,41304,0.0797052,1,1,2965379,2964850,529
214428461,39.1042,50.3428,504,41355,0.0738821,0.95,1,2965414,2964910,504
214431381,28.2417,41.7371,489,41406,0.0475528,0.84,1,2965435,2964946,489
214434301,28.6967,32.2948,492,41457,0.0370211,0.77,1,2965464,2964972,492
214437221,28.8787,34.5179,485,41508,0.0448085,0.59,1,2965493,2965008,485
214440141,12.7515,36.6072,449,41559,0.0479234,0.29,1,2965495,2965046,449
214443061,28.5006,49.4429,430,41610,0.0251694,0.19,1,2965534,2965104,430
214445981,31.2002,41.9771,426,41661,0.0520677,0.03,1,2965567,2965141,426
214448901,29.2801,35.9909,422,41712,0.0508271,0,1,2965595,2965173,422
214451821,28.512,30.5963,423,41763,0.0383308,0,1,2965623,2965200,423
214454741,27.0048,27.2385,424,41814,0.0333323,0.03,1,2965649,2965225,424
214457661,31.2019,30.6954,425,41864,0.0313329,0,1,2965683,2965258,425
214460581,29.8808,30.8782,423,41914,0.0545332,0,1,2965712,2965289,423
214463501,34.1523,35.1513,422,41964,0.0218133,0.13,1,2965749,2965327,422
214466421,46.0609,45.2605,424,42014,0.0627253,0.07,1,2965803,2965379,424
214469341,40.6244,39.1042,426,42064,0.0790901,0.03,1,2965840,2965414,426
214472261,27.0497,28.2417,423,42114,0.0976361,0.03,1,2965858,2965435,423
214475181,28.2199,28.6967,423,42164,0.0690544,0.05,1,2965887,2965464,423
214478101,28.688,28.8787,423,42214,0.0936218,0.05,1,2965916,2965493,423
214483941,30.2701,28.5006,426,42314,0.0833795,0.07,1,2965960,2965534,426
214492701,28.2413,28.512,422,42464,0.0790163,0.03,1,2966045,2965623,422
214495621,26.8965,27.0048,422,42514,0.0376065,0.03,1,2966071,2965649,422
214498541,31.1586,31.2019,422,42564,0.0210426,0.07,1,2966105,2965683,422
214501461,31.6634,29.8808,425,42614,0.074417,0,1,2966137,2965712,425
214504381,33.0654,34.1523,422,42664,0.0477668,0.09,1,2966171,2965749,422
214507301,45.6262,46.0609,422,42713,0.0371067,0.09,1,2966225,2965803,422
214510221,42.2505,40.6244,425,42762,0.0568427,0.11,1,2966265,2965840,425
214513141,27.7002,27.0497,425,42811,0.0887371,0.05,1,2966283,2965858,425
214527741,29.5147,12.108,454,43056,0.200694,0.13,1,2966414,2965960,454
214530661,27.4059,22.2432,451,43105,0.218278,0.13,1,2966440,2965989,451
214533581,26.5624,25.6973,449,43154,0.225311,0.05,1,2966466,2966017,449
214539421,30.89,26.4316,455,43252,0.0900498,0.01,1,2966526,2966071,455
214542341,33.356,30.9726,456,43301,0.0540199,0.11,1,2966561,2966105,456
214545261,31.9424,31.5891,455,43350,0.039608,0.03,1,2966592,2966137,455
214548181,45.777,33.0356,476,43399,0.0458432,0.03,1,2966647,2966171,476
214551101,43.5108,45.6142,464,43448,0.0483373,0.07,1,2966689,2966225,464
214554021,28.2043,42.2457,442,43497,0.0493349,0.11,1,2966707,2966265,442
214556941,29.8817,27.6983,455,43546,0.049734,0.11,1,2966738,2966283,455
214559861,30.5527,28.4793,457,43594,0.0858936,0.19,1,2966769,2966312,457
214568621,31.6674,30.2867,461,43738,0.0964572,0.21,1,2966846,2966385,461
214586141,30.9269,33.356,452,44026,0.0416559,0.03,1,2967013,2966561,452
214589061,46.5708,31.9424,478,44074,0.0346624,0.05,1,2967070,2966592,478
214591981,43.8283,45.777,465,44122,0.0438649,0.05,1,2967112,2966647,465
214594901,28.3313,43.5108,441,44170,0.071546,0.05,1,2967130,2966689,441
214597821,31.1325,28.2043,456,44218,0.0706184,0.05,1,2967163,2966707,456
214600741,32.253,29.8817,458,44266,0.0342474,0.11,1,2967196,2966738,458
214603661,14.1012,30.5527,429,44314,0.0436989,0.11,1,2967198,2966769,429
214606581,31.4405,13.4211,470,44362,0.0354796,0.11,1,2967241,2966771,470
214609501,31.7762,31.1684,459,44410,0.0441918,0.09,1,2967273,2966814,459
214612421,28.9105,31.6674,454,44457,0.0476767,0.15,1,2967300,2966846,454
214615341,12.7642,28.2669,430,44504,0.0490707,0.17,1,2967302,2966872,430
214618261,19.5057,25.7068,430,44551,0.0856283,0.17,1,2967326,2966896,430
214632861,45.7201,46.5708,423,44786,0.0794336,0.05,1,2967493,2967070,423
214635781,44.688,43.8283,425,44833,0.0617734,0.09,1,2967537,2967112,425
214638701,29.2752,28.3313,426,44880,0.0667094,0.07,1,2967556,2967130,426
214641621,29.7101,31.1325,423,44927,0.0806838,0.01,1,2967586,2967163,423
214644541,31.684,32.253,423,44974,0.0742735,0.05,1,2967619,2967196,423
214647461,13.8736,14.1012,423,45021,0.0717094,0.03,1,2967621,2967198,423
214650381,31.9494,31.4405,424,45068,0.0826838,0.05,1,2967665,2967241,424
214667901,24.8584,24.0009,427,45350,0.219201,0.15,1,2967801,2967374,427
214670821,30.3433,30.0004,427,45397,0.237681,0.11,1,2967835,2967408,427
214673741,27.7373,28.8001,425,45443,0.245072,0.05,1,2967861,2967436,425
214676661,44.0949,45.7201,423,45489,0.212029,0.05,1,2967916,2967493,423
214679581,43.438,44.688,422,45535,0.210812,0.07,1,2967959,2967537,422
214682501,29.3752,29.2752,423,45581,0.222325,0.09,1,2967979,2967556,423
214685421,30.3501,29.7101,424,45627,0.25093,0.07,1,2968010,2967586,424
214688341,31.34,31.684,423,45673,0.274372,0.07,1,2968042,2967619,423
214691261,13.736,13.8736,423,45719,0.283749,0.09,1,2968044,2967621,423
214694181,33.0944,31.9494,425,45765,0.2995,0.13,1,2968090,2967665,425
214711701,26.9245,16.9384,458,46041,0.426489,0.25,1,2968232,2967774,458
214714621,31.1698,22.9753,465,46087,0.440596,0.25,1,2968266,2967801,465
214717541,28.0679,29.5901,457,46133,0.446238,0.25,1,2968292,2967835,457
214828501,34.8668,35.8445,455,47838,0.757703,0.69,2,2969431,2968976,455
214831421,34.9467,34.7378,456,47882,0.777081,0.67,2,2969466,2969010,456
214834341,33.1787,33.6951,455,47926,0.760832,0.67,2,2969498,2969043,455
214837261,14.4715,14.678,455,47970,0.754333,0.65,2,2969500,2969045,455
214840181,20.1886,20.8712,454,48014,0.787733,0.65,2,2969524,2969070,454
214843101,22.4754,22.7485,454,48058,0.813093,0.65,2,2969548,2969094,454
214846021,10.1902,10.2994,454,48102,0.835237,0.63,2,2969550,2969096,454
214848941,23.2761,25.1198,451,48146,0.844095,0.69,2,2969582,2969131,451
214851861,32.1104,30.4479,455,48190,0.871638,0.67,2,2969620,2969165,455
215043121,115.762,116.993,511,23541,0.4348,1,1,2971673,2971162,511
215054801,63.0067,70.4062,483,23899,0.289579,0.49,1,2971929,2971446,483
215101521,63.0058,62.1289,452,25280,0.771971,0.61,2,2972817,2972365,452
215104441,42.6023,41.6516,453,25364,0.782788,0.63,2,2972846,2972393,453
215107361,35.6409,34.6606,454,25448,0.799115,0.63,2,2972877,2972423,454
215110281,43.6564,13.8643,503,25531,0.769646,0.69,2,2972926,2972423,503
215113201,71.4626,34.3457,545,25614,0.757858,0.65,2,2973016,2972471,545
215119041,75.034,59.1353,540,25779,0.765657,0.77,2,2973155,2972615,540
215121961,64.8136,72.2541,517,25861,0.792263,0.75,2,2973213,2972696,517
215124881,63.1254,64.3017,520,25943,0.826905,0.79,2,2973275,2972755,520
215127801,42.6502,62.9207,487,26025,0.828762,0.79,2,2973304,2972817,487
215130721,36.2601,42.5683,490,26106,0.829505,0.81,2,2973336,2972846,490
215133641,43.304,35.6273,507,26187,0.829802,0.75,2,2973384,2972877,507
215136561,70.1216,43.6509,546,26268,0.841921,0.75,2,2973472,2972926,546
215139481,61.6486,71.4604,512,26349,0.894768,0.71,2,2973528,2973016,512
215361401,76.9222,44.1721,571,31881,0.898,1,2,2977446,2976875,571
215364321,52.9689,71.0688,519,31947,0.8572,1,2,2977483,2976964,519
215376001,36.4776,35.6834,521,32211,0.437864,1,1,2977639,2977118,521
215381841,44.1164,44.7093,521,32343,0.248858,1,1,2977728,2977207,521
215390601,70.3595,40.8054,566,32538,0.0473669,0.83,1,2977911,2977345,566
215393521,45.5438,76.9222,494,32603,0.0369468,0.83,1,2977940,2977446,494
215396441,46.4175,52.9689,504,32668,0.0327787,0.65,1,2977987,2977483,504
215399361,35.967,50.5875,484,32733,0.0311115,0.51,1,2978016,2977532,484
215402281,15.5868,41.235,451,32798,0.0304446,0.45,1,2978018,2977567,451
215405201,23.6347,38.694,443,32862,0.0541778,0.39,1,2978047,2977604,443
215408121,29.2539,36.4776,441,32926,0.0636711,0.27,1,2978080,2977639,441
215411041,32.7016,39.791,434,32990,0.0914685,0.19,1,2978115,2977681,434
215413961,39.4806,44.1164,431,33054,0.0785874,0.09,1,2978159,2977728,431
215416881,52.9922,57.2466,427,33118,0.097435,0.07,1,2978221,2977794,427
215449001,53.5917,52.9922,426,33814,0.210048,0.13,1,2978647,2978221,426
215451921,37.0367,35.5969,428,33877,0.270019,0.15,1,2978673,2978245,428
215492801,46.8609,44.0638,485,34740,0.405424,0.33,1,2979275,2978790,485
215495721,37.3444,46.4255,468,34801,0.43217,0.35,1,2979306,2978838,468
215498641,16.1377,37.1702,439,34862,0.418868,0.31,1,2979308,2978869,439
215501561,22.0551,16.0681,463,34923,0.413547,0.33,1,2979334,2978871,463
215504481,30.422,22.0272,473,34984,0.423419,0.33,1,2979370,2978897,473
215548281,56.1097,56.619,447,35879,0.755137,0.49,2,2979965,2979518,447
215551201,39.2439,40.0476,446,35938,0.752055,0.57,2,2979993,2979547,446
215554121,70.8976,68.819,450,35997,0.786822,0.59,2,2980085,2979635,450
215557041,49.959,47.3276,453,36056,0.824729,0.63,2,2980121,2979668,453
215559961,49.3836,48.331,453,36115,0.863892,0.63,2,2980170,2979717,453
215562881,37.7534,37.3324,453,36174,0.879557,0.63,2,2980200,2979747,453
215735161,64.4973,62.8313,498,39472,0.806608,1,2,2982474,2981976,498
215738081,47.9989,44.9325,502,39526,0.796643,1,2,2982511,2982009,502
215755601,24.0778,30.483,481,39844,0.412482,1,1,2982693,2982212,481
215761441,25.3324,29.2373,481,39950,0.290397,0.87,1,2982748,2982267,481
215764361,28.733,33.8949,475,40003,0.290159,1,1,2982779,2982304,475
215773121,58.9349,15.8973,539,40162,0.0471302,0.73,1,2982932,2982393,539
215776041,46.374,54.9589,496,40215,0.0368521,0.79,1,2982970,2982474,496
215778961,41.3496,44.1836,497,40268,0.0567408,0.65,1,2983008,2982511,497
215781881,34.5398,43.4734,484,40320,0.0286963,0.61,1,2983038,2982554,484
215784801,30.0159,38.9894,475,40372,0.0414785,0.49,1,2983065,2982590,475
215787721,25.8064,33.5957,468,40424,0.0345914,0.49,1,2983088,2982620,468
215790641,25.3225,29.6383,466,40476,0.0318366,0.45,1,2983113,2982647,466
215793561,22.129,25.6553,463,40528,0.0547346,0.37,1,2983133,2982670,463
215796481,25.6516,24.0621,468,40580,0.0518938,0.31,1,2983161,2982693,468
215802321,27.3843,25.3299,465,40684,0.062303,0.29,1,2983213,2982748,465
215811081,56.8086,34.8371,496,40840,0.0968674,0.01,1,2983353,2982857,496
215814001,46.7234,58.9348,461,40892,0.056747,0.03,1,2983393,2982932,461
215828601,25.1437,25.8064,447,41149,0.0999123,0.03,1,2983535,2983088,447
215866561,24.7939,25.3593,427,41812,0.0991772,0.09,1,2983937,2983510,427
215881161,26.5387,26.1077,429,42062,0.227969,0.15,1,2984065,2983636,429
215884081,33.4155,33.2431,429,42112,0.265188,0.17,1,2984103,2983674,429
215887001,33.1662,31.8972,431,42162,0.268075,0.13,1,2984136,2983705,431
215913281,24.2037,23.167,427,42612,0.401444,0.19,1,2984411,2983984,427
215916201,30.0815,27.8668,430,42662,0.430577,0.17,1,2984445,2984015,430
216000881,27.0132,32.1393,475,44072,0.769396,0.59,2,2985364,2984889,475
216003801,29.4053,27.2557,482,44120,0.769759,0.61,2,2985395,2984913,482
216006721,36.9621,29.5023,493,44168,0.793903,0.61,2,2985437,2984944,493
216009641,35.7848,37.0009,486,44216,0.803561,0.63,2,2985472,2984986,486
216012561,55.7139,35.2004,521,44264,0.831425,0.61,2,2985541,2985020,521
216015481,23.4856,55.4801,454,44312,0.86657,0.65,2,2985543,2985089,454
216018401,34.5942,23.3921,494,44360,0.880628,0.67,2,2985585,2985091,494
216021321,37.8377,33.3568,494,44408,0.886251,0.67,2,2985625,2985131,494
216044681,27.2745,27.0132,459,44785,0.892297,0.77,2,2985823,2985364,459
216225721,319.189,349.204,467,21900,0.41608,0.77,1,2987768,2987301,467
216243241,48.6314,53.202,433,22475,0.0944038,0.03,1,2988159,2987726,433
216246161,27.2525,33.8808,425,22569,0.0797615,0.03,1,2988172,2987747,425
216249081,103.301,26.1523,558,22663,0.0619046,0.03,1,2988326,2987768,558
216257841,65.6753,64.9857,489,22943,0.215402,0.13,1,2988519,2988030,489
216260761,31.0701,63.1943,435,23035,0.224161,0.13,1,2988527,2988092,435
216263681,46.628,30.0777,484,23127,0.239664,0.07,1,2988584,2988100,484
216266601,25.8512,47.4311,437,23219,0.245866,0.07,1,2988596,2988159,437
216272441,88.7362,103.109,504,23401,0.0813385,0.19,1,2988830,2988326,504
216275361,69.0945,85.6436,486,23492,0.0985354,0.23,1,2988886,2988400,486
216295801,63.4738,88.7361,425,24117,0.229404,0.11,1,2989255,2988830,425
216298721,60.7895,69.0944,428,24205,0.253761,0.15,1,2989314,2988886,428
216301641,63.9158,66.6378,429,24293,0.299505,0.15,1,2989380,2988951,429
216304561,30.3663,31.4551,429,24380,0.293802,0.15,1,2989388,2988959,429
216310401,26.8186,26.1528,431,24554,0.295408,0.17,1,2989460,2989029,431
216327921,31.1981,30.3663,436,25067,0.416642,0.31,1,2989824,2989388,436
216354201,48.5885,28.6936,501,25818,0.767265,0.49,2,2990325,2989824,501
216357121,28.4354,46.2775,458,25900,0.768906,0.45,2,2990340,2989882,458
216360041,98.9742,26.911,590,25982,0.769562,0.51,2,2990486,2989896,590
216362961,40.7897,97.1644,448,26064,0.769825,0.51,2,2990488,2990040,448
216365881,65.5159,40.0658,528,26145,0.79393,0.59,2,2990570,2990042,528
216368801,65.8063,64.0263,514,26226,0.779572,0.63,2,2990636,2990122,514
216371721,73.7225,62.8105,531,26307,0.833829,0.73,2,2990715,2990184,531
216374641,35.489,68.9242,468,26388,0.843531,0.77,2,2990725,2990257,468
216377561,50.1956,32.9697,519,26468,0.859413,0.79,2,2990785,2990266,519
216380481,28.4782,48.5879,474,26548,0.865765,0.77,2,2990799,2990325,474
216497281,71.631,58.5041,549,29571,0.776176,1,2,2992993,2992444,549
216508961,39.9218,39.1873,520,29856,0.231886,1,1,2993146,2992626,520
216514801,18.3875,31.71,491,29998,0.0767018,0.89,1,2993184,2992693,491
216517721,80.555,89.484,485,30069,0.0966807,1,1,2993306,2992821,485
216520641,51.422,62.1936,473,30139,0.0446723,0.91,1,2993338,2992865,473
216523561,39.1688,50.0774,462,30209,0.0478689,0.67,1,2993369,2992907,462
216526481,62.4675,71.631,454,30279,0.0491476,0.49,1,2993447,2992993,454
216529401,36.387,46.6524,443,30349,0.025659,0.35,1,2993466,2993023,443
216532321,38.5548,46.261,437,30419,0.0282636,0.29,1,2993506,2993069,437
216535241,37.6219,41.3044,436,30489,0.0413054,0.15,1,2993543,2993107,436
216538161,34.2488,39.9218,429,30558,0.0585222,0.09,1,2993575,2993146,429
216541081,27.4995,33.9687,422,30627,0.0534089,0.03,1,2993598,2993176,422
216544001,15.7998,18.3875,422,30696,0.0513635,0.11,1,2993606,2993184,422
216546921,80.7199,80.555,424,30765,0.0625454,0.01,1,2993730,2993306,424
216549841,50.888,51.422,423,30834,0.0550182,0.05,1,2993761,2993338,423
216552761,38.3552,39.1688,422,30903,0.0640073,0.05,1,2993791,2993369,422
216555681,62.1421,62.4675,422,30971,0.0436029,0.01,1,2993869,2993447,422
216558601,36.8568,36.387,423,31039,0.0474412,0.03,1,2993889,2993466,423
216561521,39.9427,38.5548,425,31107,0.0249765,0.05,1,2993931,2993506,425
216564441,36.3771,37.6219,422,31175,0.0519906,0.07,1,2993965,2993543,422
216567361,33.7508,34.2488,422,31243,0.0507962,0.05,1,2993997,2993575,422
216570281,27.3003,27.4995,422,31311,0.0743185,0.05,1,2994020,2993598,422
216573201,17.5201,10.9998,433,31379,0.0717274,0.05,1,2994031,2993598,433
216576121,80.8081,9.19992,548,31446,0.046691,0.07,1,2994154,2993606,548
216579041,49.1232,78.08,452,31513,0.0846764,0.05,1,2994182,2993730,452
216587801,36.2399,61.9731,441,31714,0.0973393,0.05,1,2994310,2993869,441
216590721,39.696,36.7892,463,31781,0.0449357,0.01,1,2994352,2993889,463
216593641,36.8784,39.9157,456,31848,0.0239743,0.07,1,2994387,2993931,456
216596561,35.1514,36.3663,456,31914,0.0515897,0.05,1,2994421,2993965,456
216599481,27.2605,33.7465,446,31980,0.0626359,0.09,1,2994443,2993997,446
216602401,18.1042,27.2986,435,32046,0.0670544,0.07,1,2994455,2994020,435
216605321,80.4417,17.5194,546,32112,0.0808217,0.03,1,2994577,2994031,546
216611161,39.9907,49.1231,460,32244,0.0981315,0.17,1,2994642,2994182,460
216625761,35.8527,36.8784,458,32570,0.0956129,0.07,1,2994845,2994387,458
216628681,27.5411,35.1514,446,32635,0.0922451,0.07,1,2994867,2994421,446
216652041,38.2807,38.0794,428,33150,0.224573,0.09,1,2995203,2994775,428
216654961,34.5123,35.6318,426,33214,0.263829,0.09,1,2995235,2994809,426
216657881,35.4049,35.8527,426,33278,0.255532,0.09,1,2995271,2994845,426
216660801,27.962,27.5411,427,33342,0.264213,0.11,1,2995294,2994867,427
216663721,18.3848,18.2164,427,33405,0.243685,0.13,1,2995306,2994879,427
216666641,81.7539,81.0866,428,33468,0.247474,0.13,1,2995430,2995002,428
216669561,33.9016,33.6346,428,33531,0.24899,0.19,1,2995432,2995004,428
216672481,33.9606,32.6539,430,33594,0.249596,0.17,1,2995466,2995036,430
216675401,33.3843,32.2615,431,33657,0.249838,0.19,1,2995499,2995068,431
216678321,58.9537,58.5046,431,33720,0.297935,0.19,1,2995575,2995144,431
216695841,18.2157,18.3848,433,34094,0.404073,0.25,1,2995739,2995306,433
216698761,81.0863,81.7539,432,34156,0.431629,0.25,1,2995862,2995430,432
216704601,33.2538,13.5606,465,34280,0.444661,0.25,1,2995897,2995432,465
216707521,34.3015,25.8243,466,34342,0.447864,0.25,1,2995932,2995466,466
216748401,43.0197,35.4882,497,35193,0.77993,0.61,2,2996527,2996030,497
216751321,36.4079,41.1953,484,35253,0.773972,0.63,2,2996559,2996075,484
216754241,36.7632,35.6781,489,35313,0.795589,0.63,2,2996596,2996107,489
216757161,27.9053,36.4712,474,35373,0.804236,0.63,2,2996618,2996144,474
216760081,18.3621,27.7885,464,35433,0.807694,0.63,2,2996630,2996166,464
216763001,84.7448,18.3154,581,35493,0.845078,0.67,2,2996759,2996178,581
216765921,35.0979,83.5262,456,35553,0.860031,0.67,2,2996761,2996305,456
216768841,34.4392,34.6105,488,35612,0.866012,0.65,2,2996795,2996307,488
216771761,36.5757,33.6442,493,35671,0.880405,0.73,2,2996833,2996340,493
216774681,15.8303,35.0577,459,35730,0.898162,0.77,2,2996835,2996376,459
216909001,36.8247,42.2484,518,38355,0.874,1,2,2998699,2998181,518
216911921,30.3299,31.8994,519,38410,0.8236,1,2,2998725,2998206,519
216914841,25.932,31.9597,510,38465,0.79144,1,2,2998748,2998238,510
216935281,31.5414,34.2792,488,38849,0.432012,1,1,2998990,2998502,488
216938201,25.8165,27.5117,487,38903,0.406805,1,1,2999012,2998525,487
216941121,77.5266,82.4047,480,38957,0.204722,1,1,2999124,2998644,480
216946961,33.2843,36.8247,470,39065,0.0987555,0.79,1,2999169,2998699,470
216949881,25.9137,30.3299,465,39119,0.0815022,0.77,1,2999190,2998725,465
216952801,22.3655,25.932,462,39173,0.0326009,0.65,1,2999210,2998748,462
216955721,35.9462,41.5728,455,39227,0.0190404,0.67,1,2999255,2998800,455
216958641,33.5785,36.4291,454,39281,0.0496161,0.61,1,2999287,2998833,454
216961561,30.2314,30.7716,455,39335,0.0258465,0.53,1,2999315,2998860,455
216964481,28.2926,29.7087,453,39389,0.0283386,0.53,1,2999342,2998889,453
216967401,31.117,32.8835,451,39443,0.0533354,0.51,1,2999375,2998924,451
216970321,29.2468,35.3534,442,39497,0.0633342,0.37,1,2999403,2998961,442
216973241,27.2987,31.5414,439,39550,0.0673337,0.39,1,2999429,2998990,439
216976161,24.7195,25.8165,440,39603,0.0569335,0.07,1,2999452,2999012,440
216987841,23.4952,25.9137,422,39815,0.216353,0,1,2999612,2999190,422
216993681,35.1992,35.9462,422,39921,0.0958166,0.07,1,2999677,2999255,422
216996601,33.2797,33.5785,422,39974,0.0923266,0.01,1,2999709,2999287,422
216999521,30.7119,30.2314,423,40027,0.0429306,0.03,1,2999738,2999315,423
217002441,27.8848,28.2926,422,40080,0.0471723,0.03,1,2999764,2999342,422
217005361,30.9539,11.317,455,40133,0.0608689,0.07,1,2999797,2999342,455
217008281,30.3816,24.3268,452,40186,0.0783476,0.07,1,2999827,2999375,452
217052081,27.8975,26.5526,455,40967,0.215552,0.11,1,3000306,2999851,455
217055001,74.159,26.821,533,41019,0.260221,0.19,1,3000411,2999878,533
217057921,36.8636,72.5284,442,41070,0.278088,0.19,1,3000423,2999981,442
217060841,33.3454,36.2114,461,41121,0.297235,0.19,1,3000454,2999993,461
217090041,21.053,27.7438,432,41631,0.412092,0.23,1,3000710,3000278,432
217092961,25.8212,27.8975,433,41682,0.434837,0.29,1,3000739,3000306,433
217160121,28.3957,28.3826,445,42831,0.785933,0.51,2,3001500,3001055,445
217163041,34.7583,33.553,447,42880,0.812373,0.57,2,3001539,3001092,447
217165961,33.1033,32.0212,448,42929,0.822949,0.53,2,3001571,3001123,448
217168881,14.4413,14.0085,448,42978,0.82718,0.55,2,3001573,3001125,448
217171801,22.5765,21.8034,449,43027,0.852872,0.55,2,3001601,3001152,449
217174721,27.0306,8.72136,479,43076,0.851149,0.59,2,3001631,3001152,479
217177641,80.4122,22.0885,564,43125,0.88646,0.69,2,3001747,3001183,564
217180561,39.3649,74.8354,466,43174,0.888584,0.71,2,3001759,3001293,466
217406861,326.801,353.994,479,20440,0.4204,0.97,1,3004270,3003791,479
217415621,80.4833,90.9596,475,21469,0.0765856,0.23,1,3004469,3003994,475
217418541,77.1933,76.5838,483,21568,0.0726342,0.13,1,3004544,3004061,483
217421461,90.8773,85.2335,492,21666,0.0590537,0.09,1,3004644,3004152,492
217424381,48.3509,80.2934,435,21764,0.0896215,0.03,1,3004664,3004229,435
217427301,36.1404,49.5174,434,21861,0.0778486,0.03,1,3004692,3004258,434
217430221,55.8561,67.8069,423,21958,0.0731394,0.07,1,3004761,3004338,423
217433141,64.9425,69.7228,423,22055,0.0712558,0.05,1,3004832,3004409,423
217436061,62.577,63.8891,424,22151,0.0345023,0.07,1,3004893,3004469,424
217438981,71.2308,70.5556,426,22247,0.0558009,0.05,1,3004970,3004544,426
217441901,87.8923,88.2223,425,22342,0.0523204,0.11,1,3005069,3004644,425
217444821,47.1569,47.2889,425,22437,0.0509281,0.07,1,3005089,3004664,425
217447741,35.6628,35.7156,425,22532,0.0503713,0.07,1,3005117,3004692,425
217450661,53.8651,14.2862,491,22626,0.0741485,0.07,1,3005183,3004692,491
217462341,86.6653,70.6713,520,22999,0.205466,0.05,1,3005490,3004970,520
217465261,46.6661,87.6685,441,23091,0.220186,0.05,1,3005510,3005069,441
217468181,36.6665,47.0674,451,23183,0.238075,0.05,1,3005540,3005089,451
217471101,55.4666,35.627,491,23274,0.25723,0.09,1,3005608,3005117,491
217491541,56.258,36.6664,502,23904,0.414752,0.27,1,3006042,3005540,502
217494461,23.7032,55.4666,436,23993,0.423901,0.35,1,3006044,3005608,436
217529501,88.9446,88.274,449,25032,0.751964,0.53,2,3006811,3006362,449
217532421,48.7778,49.1096,448,25117,0.762785,0.57,2,3006833,3006385,448
217535341,38.1111,37.6438,449,25201,0.791114,0.67,2,3006864,3006415,449
217538261,59.6445,57.0575,453,25285,0.814446,0.63,2,3006938,3006485,453
217541181,25.0578,24.023,453,25369,0.823778,0.67,2,3006940,3006487,453
217544101,57.4231,57.0092,453,25453,0.839511,0.67,2,3007019,3006566,453
217547021,63.1692,22.8037,520,25536,0.869805,0.71,2,3007086,3006566,520
217669661,34.3102,30.2078,526,28813,0.813401,1,2,3009378,3008852,526
217684261,48.8985,70.2876,504,29178,0.06999,0.99,1,3009701,3009197,504
217687181,41.7594,49.115,506,29251,0.057996,0.94,1,3009738,3009232,506
217690101,40.7038,41.846,509,29323,0.0291984,0.87,1,3009778,3009269,509
217693021,36.0815,44.9384,495,29395,0.0116794,0.91,1,3009811,3009316,495
217695941,28.8326,34.7754,491,29467,0.0466717,0.75,1,3009835,3009344,491
217698861,59.533,34.3101,537,29539,0.0726687,0.63,1,3009915,3009378,537
217713461,19.3872,48.8985,424,29895,0.0935281,0.05,1,3010125,3009701,424
217716381,29.9549,41.7594,424,29966,0.0914112,0.01,1,3010162,3009738,424
217719301,34.782,40.7038,422,30037,0.0785645,0,1,3010200,3009778,422
217722221,34.3128,36.0815,423,30107,0.0494258,0.07,1,3010234,3009811,423
217725141,29.3251,28.8326,425,30177,0.0737703,0.09,1,3010260,3009835,425
217728061,62.13,59.533,429,30247,0.0475081,0.15,1,3010344,3009915,429
217730981,66.852,65.8132,429,30317,0.0610033,0.15,1,3010414,3009985,429
217742661,18.4346,19.3872,426,30595,0.216074,0.09,1,3010551,3010125,426
217745581,28.3738,29.9549,424,30664,0.236429,0.07,1,3010586,3010162,424
217748501,33.5495,34.782,423,30733,0.232572,0.03,1,3010623,3010200,423
217751421,33.2198,34.3128,422,30802,0.243029,0.09,1,3010656,3010234,422
217754341,30.0879,29.3251,424,30871,0.247212,0.03,1,3010684,3010260,424
217757261,61.2352,62.13,422,30940,0.272885,0.07,1,3010766,3010344,422
217760181,68.8941,66.852,426,31008,0.283154,0.13,1,3010840,3010414,426
217763101,44.3576,43.5408,426,31076,0.299262,0.17,1,3010868,3010442,426
217789381,69.6652,61.1219,508,31683,0.407011,0.29,1,3011274,3010766,508
217798141,45.3066,67.5358,465,31883,0.403089,0.31,1,3011416,3010951,465
217801061,19.3226,44.4143,438,31949,0.407236,0.31,1,3011418,3010980,438
217803981,29.3291,18.9657,472,32015,0.408894,0.33,1,3011454,3010982,472
217806901,34.5316,28.5863,475,32081,0.409558,0.33,1,3011492,3011017,475
217809821,34.8126,34.2345,472,32147,0.421823,0.35,1,3011527,3011055,472
217853621,46.8118,44.8304,453,33120,0.809503,0.67,2,3012195,3011742,453
217856541,70.3247,68.3322,455,33184,0.809801,0.67,2,3012281,3011826,455
217859461,46.7299,45.9329,455,33248,0.86992,0.67,2,3012312,3011857,455
217862381,19.892,19.5731,455,33312,0.869968,0.67,2,3012314,3011859,455
217865301,29.5568,29.4293,455,33375,0.893987,0.69,2,3012350,3011895,455
217868221,35.2227,34.5717,456,33438,0.891595,0.69,2,3012389,3011933,456
217871141,15.2891,15.0287,456,33501,0.890638,0.71,2,3012391,3011935,456
218072621,35.8567,31.507,510,37608,0.893008,1,2,3015301,3014791,510
218075541,35.9427,35.4028,508,37664,0.879203,1,2,3015337,3014829,508
218078461,28.7771,33.3611,500,37720,0.825681,1,2,3015361,3014861,500
218081381,32.5108,18.7444,526,37776,0.768273,1,2,3015396,3014870,526
218095981,47.9259,49.1001,524,38056,0.29797,1,1,3015628,3015104,524
218098901,46.7703,53.84,513,38112,0.209188,0.92,1,3015674,3015161,513
218125181,47.5253,34.8417,499,38607,0.0783189,0.31,1,3015972,3015473,499
218128101,20.2101,53.5367,435,38662,0.0853276,0.35,1,3015974,3015539,435
218148541,31.8556,31.6389,429,39042,0.224488,0.11,1,3016229,3015800,429
218151461,22.9422,23.4556,428,39096,0.251795,0.13,1,3016246,3015818,428
218154381,28.9769,28.5822,429,39150,0.286718,0.09,1,3016279,3015850,429
218160221,29.3563,28.8132,428,39258,0.299075,0.05,1,3016340,3015912,428
218180661,31.006,31.8476,428,39634,0.403465,0.21,1,3016589,3016161,428
218186501,33.521,31.8556,434,39740,0.423354,0.27,1,3016663,3016229,434
218189421,24.2084,22.9422,435,39793,0.415342,0.31,1,3016681,3016246,435
218192341,29.4834,28.9769,435,39846,0.448137,0.33,1,3016714,3016279,435
218195261,32.1933,31.3908,436,39899,0.449255,0.29,1,3016748,3016312,436
218271181,33.5114,29.9765,484,41253,0.832458,0.55,2,3017640,3017156,484
218274101,30.8045,32.9906,478,41304,0.866983,0.59,2,3017669,3017191,478
218277021,48.3218,29.9962,510,41355,0.880793,0.59,2,3017729,3017219,510
218279941,20.5287,47.9985,452,41406,0.886317,0.59,2,3017731,3017279,452
218282861,35.8115,20.3994,496,41457,0.888527,0.63,2,3017777,3017281,496
218285781,40.7246,34.5598,496,41508,0.889411,0.63,2,3017821,3017325,496
218288701,17.4898,40.2239,454,41559,0.889764,0.71,2,3017823,3017369,454
218440541,55.7955,32.8929,546,44122,0.86656,1,2,3019625,3019079,546
218443461,43.3182,52.7572,515,44170,0.892624,1,2,3019660,3019145,515
218792401,83.3267,96.3593,481,24640,0.862,1,2,3024476,3023995,481
218812841,41.7036,41.8167,484,25236,0.29301,0.77,1,3024849,3024365,484
218827441,57.1707,52.1588,498,25653,0.410396,0.29,1,3025139,3024641,498
218830361,67.8683,57.4635,512,25736,0.434158,0.29,1,3025214,3024702,512
218865401,52.8433,69.3115,487,26708,0.768382,0.53,2,3025861,3025374,487
218868321,45.7373,51.7246,488,26787,0.781353,0.55,2,3025902,3025414,488
218871241,60.2949,43.4898,520,26866,0.798541,0.61,2,3025972,3025452,520
218874161,25.318,58.7959,453,26945,0.805416,0.63,2,3025974,3025521,453
218877081,44.9272,58.3184,453,27024,0.868167,0.69,2,3026032,3025579,453
218880001,66.5709,70.1274,456,27102,0.893267,0.69,2,3026113,3025657,456
219166161,51.1599,63.0942,470,33908,0.787293,1,2,3030909,3030439,470
219177841,26.9705,35.8872,494,34156,0.0665707,1,1,3031068,3030574,494
219180761,35.9882,37.1549,498,34218,0.0266283,1,1,3031110,3030612,498
219183681,35.3953,14.862,533,34280,0.0166513,1,1,3031145,3030612,533
219186601,46.5581,41.9448,527,34342,0.0246605,0.98,1,3031199,3030672,527
219189521,37.2232,40.1779,519,34404,0.0758642,1,1,3031230,3030711,519
219192441,41.2893,43.0712,518,34465,0.0483457,1,1,3031274,3030756,518
219195361,42.9157,45.4285,515,34526,0.0253383,0.89,1,3031318,3030803,515
219198281,45.3663,51.1714,507,34587,0.0521353,0.69,1,3031365,3030858,507
219201201,52.9465,51.0686,514,34648,0.0748541,0.39,1,3031423,3030909,514
219204121,36.1786,66.6274,462,34709,0.0719417,0.19,1,3031448,3030986,462
219207041,25.8714,47.051,447,34770,0.0587767,0.03,1,3031467,3031020,447
219209961,24.1486,34.4204,444,34831,0.0415107,0.01,1,3031490,3031046,444
219212881,34.8594,26.9682,464,34892,0.0166043,0,1,3031532,3031068,464
219215801,34.3438,35.9873,456,34953,0.0246417,0.01,1,3031566,3031110,456
219218721,46.1375,35.3949,475,35013,0.0278567,0.03,1,3031620,3031145,475
219221641,39.455,46.558,456,35073,0.0531427,0.11,1,3031655,3031199,456
219224561,40.382,37.2232,466,35133,0.0512571,0.03,1,3031696,3031230,466
219227481,41.9528,41.2893,465,35193,0.0505028,0.01,1,3031739,3031274,465
219230401,46.7811,42.9157,471,35253,0.0382011,0.07,1,3031789,3031318,471
219233321,55.3124,45.3663,485,35313,0.0692805,0.09,1,3031850,3031365,485
219236241,34.125,52.9465,447,35373,0.0817122,0.07,1,3031870,3031423,447
219239161,25.65,36.1786,442,35433,0.0866849,0.05,1,3031890,3031448,442
219245001,33.984,24.1486,463,35553,0.0402696,0,1,3031953,3031490,463
219247921,33.9936,34.8594,455,35612,0.0341078,0.03,1,3031987,3031532,455
219250841,45.9974,34.3438,475,35671,0.0196431,0.03,1,3032041,3031566,475
219253761,19.599,46.1375,423,35730,0.0138573,0.07,1,3032043,3031620,423
219256681,31.2396,39.455,427,35789,0.0355429,0.05,1,3032082,3031655,427
219259601,35.8958,40.382,425,35848,0.0682172,0.05,1,3032121,3031696,425
219262521,39.5583,41.9528,424,35907,0.0812869,0.03,1,3032163,3031739,424
219265441,45.8233,46.7811,424,35966,0.0745147,0.09,1,3032213,3031789,424
219271281,34.4517,34.125,426,36084,0.217122,0.09,1,3032296,3031870,426
219274201,26.3807,25.65,427,36143,0.224849,0.11,1,3032317,3031890,427
219277121,23.7523,23.46,427,36201,0.22794,0,1,3032339,3031912,427
219280041,31.1009,33.984,422,36259,0.229176,0.03,1,3032375,3031953,422
219288801,19.4145,19.599,422,36433,0.0470672,0.05,1,3032465,3032043,422
219291721,32.9658,31.2396,425,36491,0.0368269,0.09,1,3032507,3032082,425
219294641,35.9863,35.8958,424,36549,0.0687308,0.09,1,3032545,3032121,424
219297561,39.5945,39.5583,424,36607,0.0934923,0.07,1,3032587,3032163,424
219312161,24.3114,23.7523,433,36895,0.219098,0.23,1,3032772,3032339,433
219315081,30.1245,31.1009,431,36952,0.225639,0.15,1,3032806,3032375,431
219318001,28.8498,32.8404,425,37009,0.228256,0.05,1,3032834,3032409,425
219320921,42.1399,45.5361,422,37066,0.241302,0.01,1,3032885,3032463,422
219323841,18.056,19.4145,422,37123,0.246521,0.03,1,3032887,3032465,422
219332601,40.3476,28.0745,466,37294,0.0990573,0.11,1,3033011,3032545,466
219347201,25.9972,27.6974,454,37576,0.200454,0.25,1,3033204,3032750,454
219367641,40.119,36.3688,468,37968,0.202017,0.09,1,3033436,3032968,468
219370561,50.8476,40.3475,483,38024,0.254807,0.15,1,3033494,3033011,483
219373481,62.939,49.139,499,38080,0.275923,0.19,1,3033565,3033066,499
219376401,38.9756,60.4556,454,38135,0.296369,0.19,1,3033588,3033134,454
219391001,41.7002,29.1195,480,38410,0.411236,0.19,1,3033746,3033266,480
219393921,17.8801,41.6478,432,38465,0.422495,0.19,1,3033748,3033316,432
219396841,28.752,17.8591,466,38520,0.426998,0.19,1,3033784,3033318,466
219399761,34.3008,28.7437,468,38575,0.428799,0.19,1,3033822,3033354,468
219402681,14.9203,34.2975,432,38630,0.42952,0.21,1,3033824,3033392,432
219437721,34.3453,34.3008,443,39281,0.75426,0.43,2,3034265,3033822,443
219440641,14.9381,14.9203,443,39335,0.763704,0.47,2,3034267,3033824,443
219443561,32.3752,32.3681,443,39389,0.767482,0.49,2,3034311,3033868,443
219446481,51.3501,50.7473,444,39443,0.756993,0.51,2,3034375,3033931,444
219455241,30.2384,28.9278,449,39603,0.760527,0.61,2,3034496,3034047,449
219458161,29.4954,27.1711,452,39656,0.754211,0.67,2,3034525,3034073,452
219461081,35.1981,32.4685,455,39709,0.751684,0.71,2,3034564,3034109,455
219464001,33.2793,30.9874,457,39762,0.774674,0.77,2,3034596,3034139,457
219466921,43.9117,42.395,458,39815,0.85587,0.73,2,3034647,3034189,458
219469841,18.7647,18.158,458,39868,0.888348,0.73,2,3034649,3034191,458
219475681,34.4423,34.3453,458,39974,0.899336,0.77,2,3034723,3034265,458
219478601,14.9769,14.9381,458,40027,0.893734,0.77,2,3034725,3034267,458
219481521,32.3908,32.3752,458,40080,0.891494,0.77,2,3034769,3034311,458
219484441,50.1563,12.9501,520,40133,0.890597,0.75,2,3034831,3034311,520
219487361,63.2625,43.58,528,40186,0.890239,0.73,2,3034903,3034375,528
219659641,29.2854,26.4222,516,43174,0.889897,1,2,3036927,3036411,516
219662561,35.7142,36.3689,513,43223,0.757959,1,2,3036967,3036454,513
219677161,28.2873,28.5897,511,43468,0.423758,1,1,3037153,3036642,511
219683001,29.126,32.6544,510,43565,0.277801,1,1,3037215,3036705,510
219685921,50.6504,32.8617,542,43613,0.273121,1,1,3037280,3036738,542
219688841,32.2602,52.7447,496,43661,0.259248,0.93,1,3037300,3036804,496
219691761,27.3041,34.8979,497,43709,0.217699,0.98,1,3037324,3036827,497
219694681,21.1216,28.9592,489,43757,0.21308,0.96,1,3037341,3036852,489
219706361,39.2575,35.7142,501,43949,0.201823,0.53,1,3037468,3036967,501
219712201,39.0412,38.1143,489,44045,0.203892,0.49,1,3037540,3037051,489
219715121,33.0165,44.0457,470,44093,0.231557,0.45,1,3037569,3037099,470
219718041,27.6066,36.2183,463,44141,0.254623,0.39,1,3037593,3037130,463
219720961,28.4426,28.2873,469,44189,0.275849,0.25,1,3037622,3037153,469
219723881,24.5771,32.3149,456,44237,0.26034,0.25,1,3037644,3037188,456
219726801,50.6308,29.126,497,44285,0.290136,0.27,1,3037712,3037215,497
219750161,38.0363,39.2575,431,44664,0.406471,0.19,1,3037899,3037468,431
219753081,31.4145,33.103,429,44711,0.432588,0.21,1,3037926,3037497,429
219756001,40.1658,39.0412,432,44758,0.443035,0.25,1,3037972,3037540,432
219811481,26.4619,25.7386,450,45645,0.763747,0.63,2,3038530,3038080,450
219814401,54.3848,52.2955,453,45691,0.803499,0.69,2,3038603,3038150,453
219817321,33.1539,31.7182,454,45737,0.8314,0.65,2,3038622,3038168,454
219820241,27.6616,27.0873,454,45783,0.86656,0.65,2,3038646,3038192,454
219823161,19.4646,19.2349,454,45829,0.880624,0.65,2,3038660,3038206,454
219826081,8.98585,8.89396,454,45875,0.86225,0.65,2,3038662,3038208,454
219829001,15.5943,15.5576,454,45921,0.8549,0.65,2,3038682,3038228,454
219831921,23.0377,6.22303,482,45967,0.85196,0.71,2,3038710,3038228,482
219834841,32.0151,19.2892,492,46013,0.850784,0.63,2,3038748,3038256,492
219837761,38.006,31.7157,494,46059,0.862314,0.59,2,3038790,3038296,494
219840681,32.0024,39.0863,478,46105,0.890925,0.59,2,3038818,3038340,478
220045081,38.3892,57.0653,490,49202,0.879971,1,2,3040984,3040494,490
220050921,27.0223,30.7304,502,49288,0.897995,1,2,3041047,3040545,502
220059681,32.1614,32.9027,502,49417,0.875152,1,2,3041136,3040634,502
220062601,27.2646,27.5611,502,49460,0.896061,1,2,3041160,3040658,502
220065521,25.9058,23.0244,507,49503,0.856424,1,2,3041185,3040678,507
220068441,30.7623,28.4098,509,49546,0.84057,1,2,3041219,3040710,509
220071361,27.9049,32.3639,500,49589,0.774228,1,2,3041245,3040745,500
220074281,17.162,26.1456,488,49631,0.795691,1,2,3041255,3040767,488
220077201,26.0648,18.2582,507,49673,0.768276,1,2,3041287,3040780,507
220085961,29.3401,29.0805,500,49799,0.75933,1,2,3041369,3040869,500
220141441,35.7089,37.4544,453,50597,0.787404,0.61,2,3041903,3041450,453
220144361,40.6836,42.5818,451,50639,0.812962,0.61,2,3041947,3041496,451
220147281,27.0734,27.8327,451,50681,0.835185,0.59,2,3041965,3041514,451
220150201,25.2294,24.3331,453,50723,0.856074,0.63,2,3041989,3041536,453
220153121,27.4917,27.1332,453,50765,0.876429,0.67,2,3042018,3041565,453
220156041,31.3967,30.0533,455,50806,0.872572,0.65,2,3042052,3041597,455
220420301,44.4481,65.4858,474,25744,0.75172,0.47,2,3044875,3044401,474
220423221,69.3792,44.1943,530,25826,0.750688,0.55,2,3044961,3044431,530
220426141,52.3517,68.0777,487,25908,0.762275,0.55,2,3045002,3044515,487
220429061,73.7407,50.6311,536,25990,0.79091,0.61,2,3045090,3044554,536
220431981,43.8963,70.6524,476,26072,0.790364,0.63,2,3045114,3044638,476
220434901,30.1585,42.661,473,26153,0.790146,0.65,2,3045135,3044662,473
220437821,70.2634,29.0644,550,26234,0.778058,0.67,2,3045232,3044682,550
220440741,72.5054,69.2258,528,26315,0.797223,0.77,2,3045306,3044778,528
220443661,45.8021,69.0903,487,26396,0.804889,0.77,2,3045334,3044847,487
220446581,69.3209,44.4361,544,26476,0.819956,0.75,2,3045419,3044875,544
220449501,52.9283,69.3744,500,26556,0.825982,0.77,2,3045461,3044961,500
220452421,73.9713,52.3498,547,26636,0.840393,0.81,2,3045549,3045002,547
220455341,44.5885,73.7399,484,26716,0.834157,0.79,2,3045574,3045090,484
220458261,30.4354,43.896,481,26795,0.843663,0.79,2,3045595,3045114,481
220461181,69.7742,30.1584,556,26874,0.883465,0.77,2,3045691,3045135,556
220464101,29.1097,70.2634,461,26953,0.899386,0.81,2,3045693,3045232,461
220557541,83.4005,61.3652,578,29363,0.87256,1,2,3047458,3046880,578
220560461,47.7602,83.9461,503,29435,0.835024,1,2,3047482,3046979,503
220563381,38.3041,48.5784,510,29507,0.78401,1,2,3047514,3047004,510
220604261,39.4173,39.611,453,30497,0.7508,0.65,2,3048148,3047695,453
220607181,23.5669,24.8444,451,30566,0.77432,0.55,2,3048161,3047710,451
220610101,42.4268,42.3378,452,30635,0.795728,0.63,2,3048216,3047764,452
220613021,57.7707,58.3351,451,30704,0.828291,0.61,2,3048284,3047833,451
220615941,75.3083,76.134,450,30773,0.853316,0.61,2,3048371,3047921,450
220770701,48.7033,59.0063,489,34226,0.848368,1,2,3050756,3050267,489
220788221,41.0607,45.5383,511,34595,0.203287,1,1,3050985,3050474,511
220791141,49.4243,40.4153,529,34656,0.099315,1,1,3051040,3050511,529
220794061,39.5697,49.1661,507,34717,0.081726,0.92,1,3051073,3050566,507
220796981,54.2279,42.4665,533,34778,0.0326904,0.99,1,3051137,3050604,533
220799901,43.2912,55.3866,505,34839,0.0670762,0.96,1,3051173,3050668,505
220802821,41.9165,43.7546,510,34900,0.0328305,0.77,1,3051214,3050704,510
220805741,28.7666,48.7019,478,34961,0.0431322,0.67,1,3051234,3050756,478
220808661,25.9066,32.6807,480,35021,0.0472529,0.65,1,3051258,3050778,480
220811581,43.3627,29.8723,507,35081,0.0609012,0.43,1,3051313,3050806,507
220814501,31.1451,53.9489,460,35141,0.0423605,0.45,1,3051336,3050876,460
220817421,36.458,35.3796,477,35201,0.0589442,0.25,1,3051376,3050899,477
220820341,33.7832,41.1518,464,35261,0.0655777,0.11,1,3051408,3050944,464
220823261,45.9133,41.0607,477,35321,0.0562311,0.03,1,3051462,3050985,477
220826181,38.1653,49.4243,455,35381,0.0404924,0.07,1,3051495,3051040,455
220829101,54.2661,39.5697,487,35441,0.022197,0,1,3051560,3051073,487
220832021,43.9064,54.2279,460,35501,0.0508788,0.09,1,3051597,3051137,460
220834941,40.9626,43.2912,463,35561,0.0383515,0.01,1,3051636,3051173,463
220837861,27.785,41.9165,441,35620,0.0333406,0.05,1,3051655,3051214,441
220840781,26.114,28.7666,446,35679,0.0673362,0.05,1,3051680,3051234,446
220843701,11.6456,25.9066,424,35738,0.0569345,0.07,1,3051682,3051258,424
220846621,37.6582,43.3627,424,35797,0.0647738,0.03,1,3051737,3051313,424
220849541,28.8633,31.1451,424,35856,0.0319095,0.07,1,3051760,3051336,424
220852461,36.1453,36.458,425,35915,0.0787638,0.07,1,3051801,3051376,425
220855381,33.0581,33.7832,424,35974,0.0975055,0.05,1,3051832,3051408,424
220858301,46.2232,45.9133,425,36033,0.0450022,0.03,1,3051887,3051462,425
220861221,37.0893,38.1653,423,36092,0.0360009,0.01,1,3051918,3051495,423
220864141,54.4357,54.2661,424,36151,0.0324004,0.07,1,3051984,3051560,424
220867061,44.5743,43.9064,425,36209,0.0429601,0.03,1,3052022,3051597,425
220869981,40.6297,40.9626,424,36267,0.0951841,0.03,1,3052060,3051636,424
220887501,37.5987,36.1453,425,36615,0.207518,0.11,1,3052226,3051801,425
220890421,34.8395,33.0581,427,36673,0.257007,0.01,1,3052259,3051832,427
220893341,43.9358,46.2232,422,36731,0.252803,0.03,1,3052309,3051887,422
220896261,36.1743,37.0893,422,36789,0.215121,0.03,1,3052340,3051918,422
220899181,54.6697,54.4357,423,36846,0.0920484,0.05,1,3052407,3051984,423
220902101,45.8679,44.5743,425,36903,0.0548194,0.13,1,3052447,3052022,425
220905021,42.9472,40.6297,428,36960,0.0639277,0.17,1,3052488,3052060,428
220907941,29.1789,28.2519,428,37017,0.0435711,0.17,1,3052508,3052080,428
220910861,26.0715,25.7008,428,37074,0.0354284,0.13,1,3052532,3052104,428
220913781,11.6286,11.4803,428,37131,0.0321714,0.13,1,3052534,3052106,428
220916701,37.0514,36.9921,428,37188,0.0788686,0.13,1,3052588,3052160,428
220919621,27.4206,14.7968,449,37245,0.0615474,0.15,1,3052609,3052160,449
220937141,43.982,54.5788,461,37584,0.209496,0.03,1,3052868,3052407,461
220942981,29.1171,42.9326,442,37696,0.205119,0.03,1,3052930,3052488,442
220945901,26.6468,29.173,447,37752,0.220048,0.03,1,3052955,3052508,447
220948821,11.8587,26.0692,425,37808,0.226019,0.03,1,3052957,3052532,425
220951741,37.7435,11.6277,478,37864,0.216408,0.11,1,3053012,3052534,478
220954661,28.2974,37.0511,446,37920,0.224563,0.05,1,3053034,3052588,446
220957581,41.919,27.4204,476,37976,0.239825,0.13,1,3053085,3052609,476
220960501,37.1676,40.3682,461,38032,0.25793,0.13,1,3053119,3052658,461
220963421,43.667,36.5473,475,38088,0.253172,0.17,1,3053167,3052692,475
220966341,35.4668,42.2189,459,38143,0.251269,0.17,1,3053197,3052738,459
220969261,49.5867,34.8876,488,38198,0.250508,0.19,1,3053256,3052768,488
220972181,45.0347,49.955,470,38253,0.250203,0.23,1,3053298,3052828,470
220975101,43.2139,43.982,472,38308,0.250081,0.19,1,3053340,3052868,472
220978021,30.4855,42.7928,452,38363,0.262032,0.21,1,3053362,3052910,452
220980941,27.1942,29.1171,457,38418,0.278813,0.23,1,3053387,3052930,457
220983861,12.0777,26.6468,434,38473,0.285525,0.23,1,3053389,3052955,434
220986781,37.8311,11.8587,487,38528,0.27621,0.21,1,3053444,3052957,487
221004301,35.3752,35.4668,435,38857,0.409748,0.25,1,3053632,3053197,435
221007221,48.9501,49.5867,434,38911,0.445899,0.25,1,3053690,3053256,434
221010141,44.78,45.0347,434,38965,0.44836,0.25,1,3053732,3053298,434
221045181,49.8297,48.9501,443,39611,0.754255,0.45,2,3054133,3053690,443
221051021,44.6928,43.112,446,39717,0.781881,0.47,2,3054220,3053774,446
221053941,31.0771,31.0448,445,39770,0.774752,0.51,2,3054242,3053797,445
221056861,28.0308,28.0179,445,39823,0.771901,0.51,2,3054268,3053823,445
221059781,12.4123,12.4072,445,39876,0.77076,0.55,2,3054270,3053825,445
221062701,42.1649,39.1629,450,39929,0.770304,0.63,2,3054332,3053882,450
221065621,30.666,28.8651,451,39982,0.782122,0.63,2,3054355,3053904,451
221068541,13.4664,12.7461,451,40035,0.762849,0.63,2,3054357,3053906,451
221071461,35.3866,35.0984,451,40088,0.791139,0.63,2,3054407,3053956,451
221074381,38.7546,14.0394,492,40141,0.814456,0.67,2,3054448,3053956,492
221077301,43.7018,28.4157,501,40194,0.835782,0.71,2,3054495,3053994,501
221080221,39.0807,39.5663,490,40247,0.856313,0.71,2,3054531,3054041,490
221083141,51.6323,36.2265,516,40299,0.876525,0.79,2,3054591,3054075,516
221086061,45.8529,49.2906,500,40351,0.88461,0.73,2,3054633,3054133,500
221270021,28.4565,22.1078,531,43525,0.888304,1,2,3056797,3056266,531
221272941,29.3826,28.0431,529,43573,0.829322,1,2,3056827,3056298,529
221275861,34.553,37.6173,523,43621,0.781729,1,2,3056865,3056342,523
221287541,35.2238,33.3534,525,43813,0.424124,1,1,3057010,3056485,525
221290461,39.8895,39.1414,525,43861,0.40365,1,1,3057053,3056528,525
221296301,30.8623,41.0626,500,43957,0.298584,1,1,3057110,3056610,500
221299221,36.3449,34.425,510,44005,0.269434,0.95,1,3057150,3056640,510
221302141,33.138,34.77,506,44053,0.233773,0.98,1,3057181,3056675,506
221305061,28.2552,32.508,500,44101,0.231509,0.99,1,3057206,3056706,500
221307981,31.7021,31.6032,503,44149,0.206604,0.97,1,3057240,3056737,503
221322581,35.4597,33.6212,491,44389,0.201095,0.57,1,3057389,3056898,491
221325501,32.1839,38.6485,479,44437,0.206438,0.43,1,3057419,3056940,479
221328421,14.0735,37.0594,445,44484,0.208575,0.37,1,3057421,3056976,445
221331341,23.6294,35.2238,441,44531,0.23343,0.39,1,3057451,3057010,441
221337181,29.7007,32.1558,437,44625,0.228149,0.25,1,3057517,3057080,437
221340101,27.4803,30.8623,433,44672,0.26526,0.25,1,3057543,3057110,433
221343021,34.9921,36.3449,433,44719,0.292104,0.21,1,3057583,3057150,433
221357621,26.3206,26.4323,430,44954,0.412844,0.19,1,3057717,3057287,430
221360541,30.9282,30.3729,431,45001,0.411138,0.19,1,3057751,3057320,431
221363461,29.1713,30.1492,429,45048,0.410455,0.21,1,3057779,3057350,429
221366381,38.0685,35.4597,434,45095,0.410182,0.21,1,3057823,3057389,434
221369301,32.0274,32.1839,432,45142,0.446073,0.21,1,3057851,3057419,432
221451061,29.533,31.4027,479,46433,0.753031,0.61,2,3058672,3058193,479
221453981,38.8132,29.3611,496,46478,0.787212,0.61,2,3058717,3058221,496
221456901,33.5253,38.1444,482,46523,0.776885,0.65,2,3058747,3058265,482
221459821,14.6101,32.6578,455,46568,0.772754,0.65,2,3058749,3058294,455
221462741,25.644,14.2631,486,46613,0.795102,0.67,2,3058782,3058296,486
221465661,31.8576,25.5052,489,46658,0.804041,0.63,2,3058818,3058329,489
221468581,32.543,32.4021,485,46703,0.795616,0.63,2,3058851,3058366,485
221471501,30.4172,32.7608,481,46748,0.804247,0.67,2,3058880,3058399,481
221474421,37.9669,29.3043,497,46793,0.795699,0.67,2,3058923,3058426,497
221477341,33.1868,36.9217,485,46838,0.828279,0.67,2,3058953,3058468,485
221480261,30.0747,33.3687,482,46883,0.865312,0.67,2,3058981,3058499,482
221483181,31.2299,30.1475,486,46928,0.892125,0.67,2,3059013,3058527,486
221486101,26.292,31.259,477,46973,0.89085,0.67,2,3059036,3058559,477
221489021,27.9168,25.7036,484,47018,0.89034,0.71,2,3059065,3058581,484
221661301,336.541,337.543,520,20440,0.801998,0.81,2,3060924,3060404,520
221699261,71.2179,80.2057,474,23095,0.767723,0.61,2,3061668,3061194,474
221702181,66.2872,63.2823,485,23187,0.805089,0.65,2,3061731,3061246,485
221705101,68.5149,76.3129,470,23278,0.832036,0.65,2,3061801,3061331,470
221708021,44.8059,50.9252,465,23369,0.854814,0.63,2,3061830,3061365,465
221710941,47.9224,27.5701,503,23460,0.863926,0.67,2,3061880,3061377,503
221818981,72.731,57.1937,552,26598,0.773526,1,2,3064160,3063608,552
221883221,77.8223,76.0124,450,28297,0.784804,0.57,2,3065283,3064833,450
221886141,32.3289,31.605,450,28372,0.799921,0.57,2,3065285,3064835,450
221889061,35.7316,12.642,488,28447,0.817969,0.61,2,3065323,3064835,488
221891981,62.8926,27.2568,532,28521,0.825187,0.63,2,3065404,3064872,532
221894901,46.757,58.9027,488,28595,0.840075,0.67,2,3065440,3064952,488
221897821,63.1028,43.9611,528,28669,0.87003,0.69,2,3065514,3064986,528
221900741,57.0411,61.3844,508,28743,0.882012,0.77,2,3065567,3065059,508
222029221,40.626,57.5372,505,31821,0.226319,1,1,3067727,3067222,505
222035061,37.2202,44.126,507,31953,0.062611,1,1,3067807,3067300,507
222037981,35.8881,35.0504,513,32019,0.0550444,1,1,3067842,3067329,513
222040901,38.3552,34.4202,519,32085,0.0880178,1,1,3067882,3067363,519
222049661,31.9507,51.1389,483,32283,0.212273,0.63,1,3068007,3067524,483
222055501,44.9521,77.6622,469,32414,0.227164,0.23,1,3068128,3067659,469
222058421,34.7808,52.0649,462,32479,0.228865,0.15,1,3068156,3067694,462
222061341,39.1123,40.626,471,32544,0.241546,0.11,1,3068198,3067727,471
222064261,33.6449,45.0504,453,32609,0.234618,0,1,3068228,3067775,453
222087621,47.9282,44.9521,437,33124,0.214231,0.23,1,3068565,3068128,437
222090541,33.5713,34.7808,433,33188,0.223693,0.25,1,3068589,3068156,433
222093461,39.8285,39.1123,435,33252,0.227477,0.23,1,3068633,3068198,435
222096381,31.5314,33.6449,431,33316,0.252991,0.13,1,3068659,3068228,431
222099301,33.6126,36.258,428,33379,0.227196,0.09,1,3068694,3068266,428
222102221,38.045,39.7032,427,33442,0.240879,0.11,1,3068735,3068308,427
222105141,16.418,17.0813,427,33505,0.246351,0.13,1,3068737,3068310,427
222108061,43.7672,44.6325,426,33568,0.260541,0.19,1,3068799,3068373,426
222110981,46.9069,44.253,431,33631,0.278216,0.21,1,3068848,3068417,431
222122661,33.6968,33.5713,431,33883,0.411714,0.23,1,3069020,3068589,431
222125581,41.0787,39.8285,433,33945,0.446686,0.27,1,3069066,3068633,433
222181061,70.3672,31.6446,546,35110,0.769217,0.65,2,3069851,3069305,546
222183981,50.3469,68.4578,490,35170,0.805687,0.63,2,3069888,3069398,490
222186901,35.1387,50.1831,477,35230,0.808275,0.65,2,3069913,3069436,477
222189821,44.0555,34.4733,503,35290,0.83331,0.69,2,3069963,3069460,503
222192741,33.2222,42.5893,481,35350,0.843324,0.67,2,3069989,3069508,481
222195661,33.6889,33.2357,488,35410,0.85933,0.69,2,3070023,3069535,488
222198581,42.2756,34.2943,501,35470,0.889732,0.67,2,3070071,3069570,501
222204421,45.6441,17.9671,518,35589,0.894757,0.69,2,3070137,3069619,518
222359181,40.5594,52.6388,503,38610,0.8908,1,2,3072227,3071724,503
222362101,31.8237,40.8555,496,38665,0.84232,1,2,3072253,3071757,496
222365021,34.9295,43.3422,488,38720,0.786928,1,2,3072290,3071802,488
222391301,28.7508,32.996,469,39207,0.276505,0.97,1,3072603,3072134,469
222394221,45.1003,47.3984,468,39261,0.260602,0.83,1,3072659,3072191,468
222397141,37.2401,40.5594,464,39315,0.278241,0.81,1,3072691,3072227,464
222400061,28.696,31.8237,461,39369,0.297296,0.75,1,3072714,3072253,461
222420501,31.8858,34.8557,437,39742,0.411988,0.27,1,3072946,3072509,437
222423421,38.5543,37.9423,440,39795,0.410795,0.29,1,3072989,3072549,440
222511021,39.0983,45.692,486,41356,0.783503,0.59,2,3074025,3073539,486
222513941,28.8393,39.8768,472,41407,0.799401,0.59,2,3074047,3073575,472
222516861,33.7357,29.1507,487,41458,0.817761,0.59,2,3074084,3073597,487
222519781,35.0943,33.2603,487,41509,0.849104,0.63,2,3074120,3073633,487
222522701,15.2377,34.3041,454,41560,0.861642,0.65,2,3074122,3073668,454
222525621,25.8951,32.9216,455,41611,0.878657,0.67,2,3074155,3073700,455
222665781,35.1554,40.7035,505,43979,0.895312,1,2,3075786,3075281,505
222668701,33.8622,34.2814,508,44027,0.898125,1,2,3075819,3075311,508
222671621,41.7449,29.3126,529,44075,0.85725,1,2,3075866,3075337,529
222674541,37.0979,48.325,502,44123,0.7569,1,2,3075900,3075398,502
222762141,32.8432,31.5882,449,45536,0.75606,0.55,2,3076805,3076356,449
222770901,29.342,28.4216,451,45674,0.760468,0.65,2,3076896,3076445,451
222773821,32.1368,31.1687,452,45720,0.766187,0.61,2,3076930,3076478,452
222776741,35.6547,35.2675,452,45766,0.792475,0.61,2,3076968,3076516,452
222779661,31.0619,29.707,454,45812,0.80299,0.71,2,3076996,3076542,454
222782581,31.0248,31.0828,453,45858,0.843196,0.67,2,3077027,3076574,453
222785501,16.0099,16.0331,453,45904,0.883278,0.63,2,3077033,3076580,453
222788421,23.204,23.2132,453,45950,0.887311,0.63,2,3077061,3076608,453
222995741,34.8565,38.0539,513,49100,0.877458,1,2,3079247,3078734,513
222998661,32.5426,33.8216,513,49143,0.752983,1,2,3079278,3078765,513
223033701,26.683,31.2711,495,49657,0.426377,1,1,3079613,3079118,495
223051221,30.5271,32.817,486,49909,0.405762,0.67,1,3079797,3079311,486
223054141,24.8108,31.7268,476,49951,0.420305,0.57,1,3079818,3079342,476
223057061,29.1243,30.6907,478,49993,0.426122,0.53,1,3079850,3079372,478
223059981,27.2497,32.6763,470,50035,0.428449,0.53,1,3079876,3079406,470
223062901,30.6999,28.6705,477,50077,0.41738,0.45,1,3079909,3079432,477
223065821,27.88,31.8682,469,50119,0.412952,0.53,1,3079935,3079466,469
223068741,20.152,25.9473,462,50161,0.411181,0.47,1,3079950,3079488,462
223071661,15.2608,21.1789,456,50203,0.410472,0.51,1,3079962,3079506,456
223074581,30.1043,15.6716,484,50245,0.422189,0.47,1,3080002,3079518,484
223077501,28.8417,30.2686,472,50287,0.438876,0.43,1,3080030,3079558,472
223080421,12.7367,30.7074,443,50329,0.44555,0.41,1,3080032,3079589,443
223118381,19.7427,20.152,442,50873,0.75297,0.41,2,3080392,3079950,442
223127141,29.6555,28.8417,444,50996,0.76267,0.45,2,3080474,3080030,444
223130061,13.0622,12.7367,444,51037,0.755068,0.47,2,3080476,3080032,444
223132981,19.0249,18.8947,444,51078,0.764027,0.51,2,3080499,3080055,444
223135901,28.01,26.1579,447,51119,0.803611,0.59,2,3080533,3080086,447
223138821,29.804,29.0631,447,51160,0.819444,0.61,2,3080564,3080117,447
223141741,34.1216,30.8253,452,51201,0.849778,0.65,2,3080601,3080149,452
223144661,29.2486,27.9301,452,51242,0.861911,0.59,2,3080627,3080175,452
223147581,30.8995,30.972,451,51283,0.866764,0.67,2,3080659,3080208,451
223150501,34.5598,32.1888,455,51324,0.832706,0.67,2,3080696,3080241,455
223153421,25.8239,24.8755,455,51365,0.819082,0.71,2,3080716,3080261,455
223156341,28.3296,27.9502,455,51406,0.813633,0.73,2,3080746,3080291,455
223159261,28.7318,27.9801,456,51447,0.847453,0.73,2,3080775,3080319,456
223162181,30.6927,30.392,456,51488,0.848981,0.73,2,3080807,3080351,456
223165101,29.6771,28.3568,458,51529,0.837593,0.77,2,3080836,3080378,458
223168021,20.2708,19.7427,458,51570,0.833037,0.73,2,3080850,3080392,458
223170941,15.3083,15.0971,458,51611,0.831215,0.71,2,3080862,3080404,458
223173861,30.1233,30.6388,457,51652,0.866486,0.79,2,3080902,3080445,457
223176781,30.6493,29.6555,459,51693,0.868594,0.75,2,3080933,3080474,459
223179701,13.4597,13.0622,459,51734,0.869438,0.77,2,3080935,3080476,459
223182621,18.5839,19.0249,458,51775,0.869775,0.77,2,3080957,3080499,458
223185541,29.0336,7.60995,494,51816,0.89391,0.83,2,3080993,3080499,494
223446881,68.2814,67.8713,508,25716,0.27928,1,1,3083614,3083106,508
223449801,69.3126,68.5485,509,25798,0.201712,0.87,1,3083684,3083175,509
223467321,73.5557,47.4988,517,26287,0.204056,0.27,1,3084011,3083494,517
223470241,50.4223,69.9995,467,26368,0.231623,0.23,1,3084046,3083579,467
223473161,58.5689,48.9998,496,26448,0.242649,0.15,1,3084110,3083614,496
223476081,54.6276,61.5999,478,26528,0.29506,0.07,1,3084162,3083684,478
223481921,56.0204,50.536,486,26688,0.41561,0.19,1,3084269,3083783,486
223484841,39.2082,53.8144,458,26767,0.436244,0.15,1,3084297,3083839,458
223528641,57.4331,56.0551,454,27930,0.793952,0.63,2,3085054,3084600,454
223531561,51.7732,53.022,451,28006,0.827581,0.67,2,3085102,3084651,451
223534481,59.1093,58.4088,453,28082,0.841032,0.67,2,3085166,3084713,453
223537401,40.4437,40.1635,453,28157,0.846413,0.63,2,3085194,3084741,453
223540321,47.3775,47.2654,453,28232,0.848565,0.67,2,3085246,3084793,453
223543241,20.151,20.1062,453,28307,0.849426,0.63,2,3085248,3084795,453
223546161,68.6604,68.6425,453,28382,0.86177,0.63,2,3085349,3084896,453
223549081,51.4642,27.457,493,28457,0.866708,0.73,2,3085389,3084896,493
223552001,61.9857,31.9828,527,28531,0.880683,0.77,2,3085458,3084931,527
223554921,58.9943,52.9931,517,28605,0.886273,0.83,2,3085515,3084998,517
223557841,53.5977,54.7972,511,28679,0.876509,0.85,2,3085565,3085054,511
223560761,59.8391,50.7189,527,28753,0.896604,0.85,2,3085629,3085102,527
223660041,52.6047,53.6048,491,31158,0.8596,1,2,3087298,3086807,491
223674641,59.6497,38.8779,557,31496,0.239078,1,1,3087543,3086986,557
223680481,42.184,46.3005,517,31630,0.0778524,1,1,3087622,3087105,517
223683401,34.8736,44.3202,504,31697,0.097141,1,1,3087652,3087148,504
223686321,48.7494,36.9281,530,31764,0.0688564,0.89,1,3087710,3087180,530
223689241,46.4998,54.9712,508,31831,0.0935426,0.81,1,3087755,3087247,508
223695081,38.28,59.4354,478,31963,0.0953668,0.45,1,3087840,3087362,478
223706761,43.7576,59.6495,463,32227,0.209561,0.09,1,3088006,3087543,463
223709681,42.103,48.4598,463,32293,0.209825,0.03,1,3088047,3087584,463
223712601,33.0412,42.1839,452,32359,0.22193,0.11,1,3088074,3087622,452
223715521,48.6165,34.8736,481,32424,0.202772,0.05,1,3088133,3087652,481
223718441,48.8466,48.7494,472,32489,0.231109,0.11,1,3088182,3087710,472
223721361,52.5386,46.4998,482,32554,0.254444,0.11,1,3088237,3087755,482
223724281,37.8155,52.1999,454,32619,0.263777,0.09,1,3088265,3087811,454
223727201,37.3262,38.28,462,32684,0.267511,0.15,1,3088302,3087840,462
223730121,29.9305,35.712,453,32749,0.293004,0.11,1,3088327,3087874,453
223738881,42.5476,43.7576,433,32942,0.409712,0.21,1,3088439,3088006,433
223741801,41.019,42.103,432,33006,0.421885,0.23,1,3088479,3088047,432
223744721,33.2076,33.0412,433,33070,0.426754,0.19,1,3088507,3088074,433
223747641,47.483,48.6165,431,33134,0.440702,0.25,1,3088564,3088133,431
223750561,50.1932,48.8466,434,33198,0.422281,0.27,1,3088616,3088182,434
223753481,53.6773,52.5386,435,33262,0.438912,0.27,1,3088672,3088237,435
223756401,38.2709,37.8155,435,33326,0.445565,0.27,1,3088700,3088265,435
223759321,37.5084,37.3262,435,33389,0.436226,0.31,1,3088737,3088302,435
223762241,31.2033,29.9305,437,33452,0.44449,0.31,1,3088764,3088327,437
223765161,13.6813,13.1722,437,33515,0.447796,0.43,1,3088766,3088329,437
223838161,43.4558,43.9749,494,35059,0.772705,0.61,2,3089821,3089327,494
223841081,35.3823,42.79,482,35119,0.819082,0.65,2,3089851,3089369,482
223844001,50.1529,34.516,513,35179,0.885633,0.63,2,3089911,3089398,513
223992921,45.6916,51.912,525,38122,0.810003,1,2,3091964,3091439,525
223995841,38.6767,50.7648,509,38177,0.750001,1,2,3091998,3091489,509
224033801,34.8664,38.6767,454,38890,0.790717,0.63,2,3092452,3091998,454
224036721,38.5466,43.0707,449,38944,0.778287,0.63,2,3092493,3092044,449
224039641,36.4186,37.6283,450,38998,0.809315,0.59,2,3092528,3092078,450
224042561,34.3674,34.2513,451,39052,0.797726,0.59,2,3092561,3092110,451
224045481,35.947,35.9005,451,39106,0.79309,0.63,2,3092598,3092147,451
224048401,35.9788,33.5602,455,39160,0.827236,0.57,2,3092634,3092179,455
224051321,32.9915,30.8241,457,39214,0.828894,0.65,2,3092665,3092208,457
224054241,29.9966,30.9296,454,39268,0.829558,0.71,2,3092693,3092239,454
224057161,39.5986,38.1719,457,39322,0.841823,0.75,2,3092739,3092282,457
224060081,17.0395,16.4687,457,39376,0.846729,0.63,2,3092741,3092284,457
224063001,24.8158,25.7875,455,39430,0.872692,0.73,2,3092771,3092316,455
224235281,33.7579,34.1213,499,42472,0.89992,1,2,3094912,3094413,499
224238201,33.3032,34.0485,498,42522,0.863968,1,2,3094945,3094447,498
224241121,31.3213,30.4194,500,42572,0.849587,1,2,3094975,3094475,500
224244041,32.3285,40.3678,486,42622,0.813835,1,2,3095008,3094522,486
224246961,39.9314,36.5471,497,42672,0.775534,1,2,3095053,3094556,497
224267401,33.1665,32.0919,487,43015,0.443247,1,1,3095296,3094809,487
224299521,31.9345,40.0656,477,43553,0.409283,0.57,1,3095635,3095158,477
224302441,37.3738,35.2262,486,43601,0.433713,0.49,1,3095676,3095190,486
224305361,32.9495,39.2905,474,43649,0.443485,0.47,1,3095706,3095232,474
224308281,31.7798,34.9162,473,43697,0.447394,0.41,1,3095737,3095264,473
224311201,22.3119,33.1665,457,43745,0.448958,0.37,1,3095753,3095296,457
224314121,31.1248,24.0666,476,43793,0.449583,0.33,1,3095790,3095314,476
224357921,13.7075,31.1248,445,44511,0.758973,0.51,2,3096235,3095790,445
224360841,24.683,30.4499,447,44558,0.777589,0.53,2,3096267,3095820,447
224363761,26.6732,29.58,446,44605,0.785036,0.51,2,3096295,3095849,446
224366681,28.6693,29.232,447,44652,0.800014,0.53,2,3096325,3095878,447
224369601,28.2677,27.8928,448,44699,0.830006,0.53,2,3096353,3095905,448
224372521,35.9071,35.1571,449,44746,0.866002,0.55,2,3096394,3095945,449
224375441,29.9628,29.6628,449,44793,0.856401,0.57,2,3096420,3095971,449
224378361,30.5851,29.2651,451,44840,0.86456,0.61,2,3096451,3096000,451
224392961,33.9804,32.6795,457,45075,0.897266,0.71,2,3096637,3096180,457
224585681,30.8698,26.353,495,48064,0.8536,1,2,3098671,3098176,495
224588601,30.3479,28.5412,495,48108,0.79144,1,2,3098701,3098206,495
224603201,26.3556,28.7745,497,48328,0.437772,1,1,3098846,3098349,497
224609041,32.5369,37.0039,480,48416,0.200843,1,1,3098916,3098436,480
224611961,35.2148,34.6016,484,48460,0.0983374,1,1,3098953,3098469,484
224614881,31.4859,31.2406,484,48503,0.0573349,1,1,3098982,3098498,484
224617801,27.5944,28.6963,482,48546,0.040934,1,1,3099007,3098525,482
224620721,35.0377,29.4785,492,48589,0.0223736,1,1,3099047,3098555,492
224623641,29.6151,28.5914,490,48632,0.0269494,1,1,3099073,3098583,490
224626561,19.046,26.4366,477,48675,0.0287798,0.84,1,3099085,3098608,477
224629481,22.6184,29.1746,471,48718,0.0115119,0.82,1,3099110,3098639,471
224632401,25.2474,30.8698,466,48761,0.0466048,0.75,1,3099137,3098671,466
224635321,25.6989,30.3479,462,48804,0.0486419,0.67,1,3099163,3098701,462
224638241,23.4796,30.1392,454,48847,0.0614568,0.67,1,3099185,3098731,454
224641161,27.9918,12.0557,485,48890,0.0905827,0.69,1,3099216,3098731,485
224644081,24.3967,22.8223,477,48933,0.0902331,0.53,1,3099238,3098761,477
224647001,24.1587,28.3289,469,48976,0.0660932,0.45,1,3099262,3098793,469
224649921,22.2635,28.7316,461,49019,0.0444373,0.39,1,3099283,3098822,461
224652841,26.9054,25.8926,467,49062,0.0597749,0.27,1,3099313,3098846,467
224655761,26.3622,33.1571,455,49105,0.07791,0.11,1,3099339,3098884,455
224658681,31.5449,32.4628,458,49148,0.061164,0.03,1,3099374,3098916,458
224661601,31.2179,35.1851,452,49191,0.0664656,0.03,1,3099405,3098953,452
224664521,26.8872,31.4741,447,49234,0.0445862,0.03,1,3099429,3098982,447
224667441,34.1549,27.5896,461,49277,0.0718345,0.01,1,3099468,3099007,461
224670361,29.2619,35.0358,447,49320,0.0827338,0.03,1,3099494,3099047,447
224676201,21.8419,19.0457,446,49406,0.0624374,0,1,3099531,3099085,446
224679121,25.5368,22.6183,449,49449,0.066975,0.07,1,3099559,3099110,449
224684961,25.6859,25.6989,447,49535,0.088716,0.07,1,3099610,3099163,447
224687881,28.8744,23.4796,456,49578,0.0654864,0.11,1,3099641,3099185,456
224690801,24.7497,27.9918,447,49620,0.0801946,0.09,1,3099663,3099216,447
224693721,23.0999,24.3967,447,49662,0.0740778,0.05,1,3099685,3099238,447
224696641,21.84,24.1587,444,49704,0.0836311,0.03,1,3099706,3099262,444
224708321,31.7351,31.5449,455,49872,0.077453,0.07,1,3099829,3099374,455
224711241,25.894,31.2179,446,49914,0.0489812,0.03,1,3099851,3099405,446
224714161,35.5576,26.8872,464,49956,0.0615925,0.09,1,3099893,3099429,464
224717081,31.023,34.1549,453,49998,0.078637,0.09,1,3099921,3099468,453
224720001,19.6092,29.2619,439,50040,0.0854548,0.13,1,3099933,3099494,439
224722921,19.8437,20.1048,445,50082,0.0881819,0.03,1,3099953,3099508,445
224725841,27.7375,21.8419,455,50124,0.0772728,0.07,1,3099986,3099531,455
224728761,25.495,25.5368,451,50166,0.0729091,0.15,1,3100010,3099559,451
224731681,24.598,25.2147,450,50208,0.0831636,0.07,1,3100034,3099584,450
224734601,29.0392,25.6859,456,50250,0.0992655,0.05,1,3100066,3099610,456
224755041,27.9797,29.8378,425,50544,0.214103,0.03,1,3100221,3099796,425
224757961,29.7919,31.7351,423,50586,0.235641,0.03,1,3100252,3099829,423
224760881,25.1168,25.894,423,50628,0.244257,0.07,1,3100274,3099851,423
224795921,21.0787,20.1834,430,51123,0.204723,0.19,1,3100562,3100132,430
224810521,22.9947,25.1168,430,51328,0.205511,0.11,1,3100704,3100274,430
224813441,33.7979,36.4467,427,51369,0.208204,0.19,1,3100745,3100318,427
224816361,32.1192,31.9787,429,51410,0.209282,0.15,1,3100776,3100347,429
224819281,20.0477,19.9915,429,51451,0.233713,0.19,1,3100788,3100359,429
224822201,20.0191,19.9966,429,51492,0.219485,0.21,1,3100808,3100379,429
224825121,27.8076,27.1986,430,51533,0.225794,0.19,1,3100841,3100411,430
224828041,25.5231,25.8795,429,51574,0.228318,0.15,1,3100865,3100436,429
224830961,24.6092,24.7518,429,51615,0.229327,0.17,1,3100889,3100460,429
224833881,30.2437,29.7007,430,51656,0.265731,0.15,1,3100923,3100493,430
224836801,24.0975,24.4803,429,51697,0.292292,0.19,1,3100943,3100514,429
224839721,10.839,10.9921,429,51738,0.278917,0.21,1,3100945,3100516,429
224842641,18.7356,18.1968,430,51779,0.273567,0.21,1,3100969,3100539,430
224845561,20.6942,7.27874,452,51820,0.271427,0.21,1,3100991,3100539,452
224848481,28.6777,16.7115,463,51861,0.282571,0.19,1,3101025,3100562,463
224857241,31.5234,29.4375,461,51984,0.401365,0.17,1,3101116,3100655,461
224860161,23.4093,30.375,448,52025,0.418546,0.23,1,3101134,3100686,448
224863081,33.3637,22.95,470,52065,0.449418,0.21,1,3101174,3100704,470
224953601,23.1912,29.8153,453,53305,0.759962,0.67,2,3101944,3101491,453
224956521,29.6765,31.1261,455,53344,0.777985,0.65,2,3101978,3101523,455
224959441,32.2706,33.4504,454,53383,0.833194,0.65,2,3102012,3101558,454
224962361,26.1082,25.3802,456,53422,0.843278,0.69,2,3102034,3101578,456
224965281,35.0433,34.7521,456,53461,0.859311,0.69,2,3102075,3101619,456
225188661,335.421,346.76,501,26280,0.874,0.98,2,3104340,3103839,501
225236841,49.9052,62.5843,475,26521,0.446934,0.85,1,3104753,3104278,475
225239761,39.7621,38.8337,485,26601,0.448774,0.79,1,3104786,3104301,485
225242681,45.9048,38.9335,496,26681,0.44951,0.57,1,3104836,3104340,496
225245601,45.9619,57.5734,472,26760,0.449804,0.57,1,3104882,3104410,472
225268961,43.6553,44.0472,444,27387,0.772507,0.45,2,3105280,3104836,444
225271881,46.2621,45.2189,446,27464,0.795003,0.51,2,3105328,3104882,446
225274801,67.1049,64.2875,450,27541,0.816001,0.55,2,3105409,3104959,450
225277721,46.0419,45.515,449,27618,0.8484,0.67,2,3105441,3104992,449
225280641,75.4168,71.606,455,27695,0.89736,0.67,2,3105536,3105081,455
225432481,50.2053,43.3146,527,31422,0.77992,1,2,3108154,3107627,527
225441241,36.9571,23.4361,550,31623,0.420235,1,1,3108261,3107711,550
225444161,34.5829,45.3745,523,31690,0.294094,1,1,3108294,3107771,523
225450001,53.6533,67.3799,524,31824,0.077055,1,1,3108430,3107906,524
225452921,61.0613,58.752,537,31890,0.084822,1,1,3108496,3107959,537
225455841,45.4245,60.7008,510,31956,0.0639288,0.97,1,3108531,3108021,510
225458761,37.9698,48.2803,503,32022,0.0675715,0.87,1,3108564,3108061,503
225461681,43.9879,41.5121,514,32088,0.0810286,0.69,1,3108612,3108098,514
225479201,48.6652,69.6331,464,32482,0.0834506,0.03,1,3108851,3108387,464
225482121,59.6661,53.6533,488,32547,0.0753802,0.09,1,3108918,3108430,488
225485041,44.8664,61.0613,457,32612,0.0841521,0.05,1,3108953,3108496,457
225487961,38.3466,45.4245,456,32677,0.0996608,0.07,1,3108987,3108531,456
225499641,31.1737,32.3581,431,32935,0.203623,0.19,1,3109102,3108671,431
225502561,28.0695,29.1432,430,32999,0.207449,0.17,1,3109128,3108698,430
225505481,26.2278,26.6573,430,33063,0.24498,0.11,1,3109153,3108723,430
225523001,46.3942,45.3386,428,33445,0.21517,0.13,1,3109465,3109037,428
225525921,19.7577,19.3355,428,33508,0.224068,0.19,1,3109467,3109039,428
225528841,25.3031,23.9342,430,33571,0.263627,0.23,1,3109496,3109066,430
225531761,32.9212,31.1737,432,33634,0.267451,0.21,1,3109534,3109102,432
225534681,28.7685,28.0695,432,33697,0.26898,0.27,1,3109560,3109128,432
225537601,27.1074,26.2278,433,33760,0.257592,0.15,1,3109586,3109153,433
225540521,60.043,62.0911,429,33823,0.289037,0.13,1,3109668,3109239,429
225555121,47.4168,46.3942,433,34134,0.415001,0.23,1,3109898,3109465,433
225558041,20.1667,19.7577,433,34196,0.448001,0.29,1,3109900,3109467,433
225560961,26.0667,25.3031,434,34258,0.4492,0.29,1,3109930,3109496,434
225631041,14.2398,33.0076,445,35709,0.773122,0.49,2,3110855,3110410,445
225633961,22.4959,29.403,446,35768,0.783249,0.51,2,3110883,3110437,446
225636881,25.7984,27.9612,447,35827,0.8233,0.55,2,3110911,3110464,447
225639801,62.5194,61.5845,450,35886,0.85132,0.59,2,3110998,3110548,450
225642721,45.4077,44.4338,451,35945,0.874528,0.63,2,3111032,3110581,451
225645641,61.9631,61.5735,451,36004,0.895811,0.59,2,3111105,3110654,451
225648561,47.5852,47.4294,451,36063,0.880324,0.61,2,3111143,3110692,451
225890921,30.6652,31.2307,516,40637,0.856,1,2,3114288,3113772,516
225893841,35.0661,34.6923,517,40689,0.8044,1,2,3114326,3113809,517
225896761,33.2264,32.4769,518,40741,0.75976,1,2,3114358,3113840,518
225902601,39.1562,37.9563,521,40845,0.444362,1,1,3114442,3113921,521
225911361,38.938,38.1412,533,41001,0.0733191,1,1,3114559,3114026,533
225914281,60.5752,54.2565,543,41052,0.0473277,1,1,3114634,3114091,543
225917201,36.8301,49.3026,518,41103,0.0369311,1,1,3114655,3114137,518
225920121,36.332,41.921,517,41154,0.0207724,1,1,3114691,3114174,517
225923041,27.1328,34.7684,508,41205,0.074309,1,1,3114712,3114204,508
225931801,28.4725,30.6652,497,41358,0.0947558,0.77,1,3114785,3114288,497
225958081,36.7827,36.8301,424,41817,0.0605144,0.01,1,3115079,3114655,424
225961001,38.7131,36.332,428,41867,0.0422057,0.11,1,3115119,3114691,428
225963921,27.4852,27.1328,427,41917,0.0348823,0.15,1,3115139,3114712,427
225966841,19.3941,20.4531,425,41967,0.0559529,0.09,1,3115153,3114728,425
225996041,54.1854,57.4568,424,42467,0.250245,0.03,1,3115480,3115056,424
225998961,34.2742,36.7827,422,42517,0.274098,0.03,1,3115501,3115079,422
226013561,29.1471,28.5431,427,42765,0.203111,0.15,1,3115638,3115211,427
226019401,35.9835,35.2869,428,42863,0.216098,0.15,1,3115707,3115279,428
226022321,32.3934,31.5148,429,42912,0.200439,0.15,1,3115737,3115308,429
226025241,14.1574,13.8059,429,42961,0.218176,0.15,1,3115739,3115310,429
226028161,23.6629,23.5224,429,43010,0.23727,0.15,1,3115769,3115340,429
226031081,33.4652,9.40894,469,43059,0.220908,0.17,1,3115809,3115340,469
226034001,33.1861,27.7636,462,43108,0.226363,0.21,1,3115842,3115380,462
226036921,56.4744,29.7054,503,43157,0.228545,0.29,1,3115914,3115411,503
226039841,34.5898,53.2822,454,43206,0.253418,0.29,1,3115934,3115480,454
226042761,34.2359,33.9129,467,43255,0.275367,0.15,1,3115968,3115501,467
226092401,25.5756,19.6377,468,44077,0.402121,0.39,1,3116474,3116006,468
226095321,30.0303,24.6551,473,44125,0.418848,0.37,1,3116507,3116034,473
226098241,28.8121,30.262,467,44173,0.449539,0.37,1,3116535,3116068,467
226147881,32.6931,32.2099,446,44977,0.762085,0.49,2,3117051,3116605,446
226150801,14.2772,14.084,446,45024,0.754834,0.51,2,3117053,3116607,446
226153721,24.9109,24.2336,447,45071,0.751934,0.51,2,3117085,3116638,447
226156641,33.9644,33.6934,447,45118,0.786773,0.55,2,3117125,3116678,447
226159561,35.1857,33.8774,449,45165,0.776709,0.55,2,3117161,3116712,449
226162481,15.2743,14.7509,449,45212,0.796684,0.61,2,3117163,3116714,449
226165401,52.3097,51.5004,450,45259,0.792673,0.63,2,3117240,3116790,450
226168321,34.7239,32.6002,453,45306,0.803069,0.67,2,3117263,3116810,453
226171241,35.4896,34.6401,453,45353,0.831228,0.63,2,3117299,3116846,453
226174161,29.7958,29.456,453,45400,0.866491,0.63,2,3117325,3116872,453
226177081,20.3183,20.1824,453,45446,0.880596,0.69,2,3117339,3116886,453
226180001,26.7273,26.073,454,45492,0.886239,0.67,2,3117370,3116916,454
226185841,31.2764,30.3317,456,45584,0.898998,0.73,2,3117436,3116980,456
226399001,33.9546,32.3657,504,48844,0.889806,1,2,3119713,3119209,504
226401921,27.9818,12.9463,528,48887,0.853922,1,2,3119737,3119209,528
226404841,19.5927,22.5785,513,48930,0.815569,1,2,3119751,3119238,513
226530401,31.0011,29.4819,451,50751,0.758012,0.57,2,3120942,3120491,451
226533321,31.0005,30.9928,450,50793,0.765205,0.59,2,3120973,3120523,450
226536241,28.0002,28.5971,449,50834,0.792082,0.55,2,3120999,3120550,449
226539161,35.8001,34.2388,452,50875,0.814833,0.59,2,3121040,3120588,452
226542081,35.92,35.8955,451,50916,0.859933,0.59,2,3121076,3120625,451
226545001,23.968,23.9582,451,50957,0.877973,0.59,2,3121092,3120641,451
226547921,15.5872,15.5833,451,50998,0.861189,0.59,2,3121102,3120651,451
226550841,7.43488,7.43331,451,51039,0.854476,0.65,2,3121104,3120653,451
226553761,21.574,20.9733,452,51080,0.86379,0.65,2,3121135,3120683,452
226556681,29.6296,28.1893,454,51121,0.891516,0.71,2,3121170,3120716,454
226933361,70.0089,69.4455,486,27957,0.753232,1,2,3125967,3125481,486
226945041,41.8962,40.5906,499,28259,0.0542747,1,1,3126171,3125672,499
226947961,33.5585,36.0362,494,28334,0.0277099,0.98,1,3126199,3125705,494
226950881,51.2234,51.0145,496,28409,0.017084,0.98,1,3126262,3125766,496
226953801,31.8894,20.4058,515,28484,0.0248336,1,1,3126281,3125766,515
226956721,61.9557,31.5623,558,28558,0.0279334,0.85,1,3126363,3125805,558
226959641,60.1823,69.6249,522,28632,0.0171734,0.65,1,3126422,3125900,522
226962561,62.4729,68.05,519,28706,0.0248693,0.33,1,3126486,3125967,519
226965481,41.7892,75.22,467,28780,0.0879477,0.17,1,3126514,3126047,467
226968401,42.5157,52.288,473,28854,0.0351791,0,1,3126557,3126084,473
226971321,38.6063,52.1152,457,28927,0.0560716,0.01,1,3126593,3126136,457
226974241,32.2425,41.8461,450,29000,0.0284287,0.01,1,3126621,3126171,450
226977161,51.897,33.5384,487,29073,0.0113715,0.01,1,3126686,3126199,487
226980081,30.3588,51.2154,440,29146,0.0345486,0.03,1,3126702,3126262,440
226983001,62.5435,31.8861,505,29219,0.0438194,0.03,1,3126786,3126281,505
226985921,60.4174,61.9545,482,29291,0.0475278,0.01,1,3126845,3126363,482
226988841,62.567,60.1818,487,29363,0.0850111,0.03,1,3126909,3126422,487
226991761,44.2268,62.4727,455,29435,0.0760044,0.13,1,3126941,3126486,455
226994681,39.8907,41.7891,464,29507,0.0844018,0,1,3126978,3126514,464
226997601,38.7563,42.5156,459,29579,0.0637607,0.07,1,3127016,3126557,459
227000521,31.7025,38.6063,450,29651,0.0315043,0.01,1,3127043,3126593,450
227003441,52.281,32.2425,488,29722,0.0306017,0,1,3127109,3126621,488
227006361,29.3124,51.897,437,29793,0.0182407,0.05,1,3127123,3126686,437
227009281,12.925,30.3588,423,29864,0.0132963,0.05,1,3127125,3126702,423
227012201,56.77,62.5435,425,29935,0.0233185,0.05,1,3127211,3126786,425
227015121,56.308,60.4174,422,30006,0.0393274,0.11,1,3127267,3126845,422
227018041,63.9232,62.567,427,30077,0.057731,0.07,1,3127336,3126909,427
227020961,44.1693,44.2268,426,30147,0.0770924,0.09,1,3127367,3126941,426
227026801,37.6671,38.7563,423,30287,0.0903348,0.01,1,3127439,3127016,423
227029721,30.6668,31.7025,422,30357,0.0421339,0.03,1,3127465,3127043,422
227032641,51.8667,52.281,422,30427,0.0228536,0.01,1,3127531,3127109,422
227035561,29.7467,29.3124,423,30497,0.0271414,0.01,1,3127546,3127123,423
227038481,13.0987,12.925,423,30566,0.0288566,0.03,1,3127548,3127125,423
227041401,56.8395,56.77,423,30635,0.0175426,0.05,1,3127634,3127211,423
227044321,56.9358,56.308,424,30704,0.0730171,0.07,1,3127691,3127267,424
227047241,64.7743,63.9232,425,30773,0.0712068,0.09,1,3127761,3127336,425
227050161,44.5097,44.1693,425,30842,0.0824827,0.15,1,3127792,3127367,425
227061841,51.1843,51.8667,422,31115,0.0575036,0.03,1,3127953,3127531,422
227064761,29.4737,29.7467,422,31183,0.0410014,0.03,1,3127968,3127546,422
227067681,12.9895,13.0987,422,31251,0.0344006,0.01,1,3127970,3127548,422
227070601,56.7958,56.8395,422,31319,0.0317602,0.01,1,3128056,3127634,422
227073521,58.1183,22.7358,481,31387,0.0307041,0.11,1,3128115,3127634,481
227076441,65.2473,43.2943,494,31454,0.0422816,0.07,1,3128185,3127691,494
227079361,44.6989,59.3177,455,31521,0.0709127,0.09,1,3128216,3127761,455
227082281,41.2796,42.3271,463,31588,0.0463651,0.13,1,3128255,3127792,463
227085201,38.1118,39.1308,462,31655,0.060546,0.15,1,3128291,3127829,462
227088121,28.4447,36.0523,450,31722,0.0782184,0.15,1,3128313,3127863,450
227091041,47.9779,28.8209,487,31789,0.0732874,0,1,3128374,3127887,487
227093961,28.1912,51.1284,436,31856,0.0353149,0.03,1,3128389,3127953,436
227096881,12.4765,29.4513,423,31922,0.044126,0.03,1,3128391,3127968,423
227099801,57.1906,12.9805,508,31988,0.0356504,0.03,1,3128478,3127970,508
227102721,58.2762,56.7922,481,32054,0.0682602,0.03,1,3128537,3128056,481
227105641,65.9105,58.1169,493,32120,0.0933041,0.05,1,3128608,3128115,493
227117321,30.3577,38.1118,449,32383,0.213637,0.09,1,3128740,3128291,449
227120241,45.7431,28.4447,483,32448,0.235455,0.07,1,3128796,3128313,483
227123161,26.6972,47.9779,436,32513,0.256182,0.01,1,3128810,3128374,436
227126081,11.8789,28.1912,423,32578,0.264473,0.05,1,3128812,3128389,423
227129001,58.1516,12.4765,510,32643,0.255789,0.03,1,3128901,3128391,510
227131921,59.8606,57.1906,484,32708,0.216316,0.09,1,3128962,3128478,484
227134841,25.1442,58.2762,427,32773,0.200526,0.11,1,3128964,3128537,427
227137761,52.6577,65.9105,427,32838,0.218211,0.17,1,3129035,3128608,427
227140681,41.4631,44.9642,430,32902,0.237284,0.17,1,3129069,3128639,430
227143601,40.5852,41.9857,430,32966,0.280914,0.21,1,3129109,3128679,430
227146521,39.0341,38.3943,432,33030,0.298365,0.23,1,3129147,3128715,432
227155281,27.9622,26.6972,435,33222,0.425895,0.27,1,3129245,3128810,435
227158201,12.3849,11.8789,435,33286,0.416358,0.25,1,3129247,3128812,435
227161121,56.554,58.1516,432,33350,0.412543,0.19,1,3129333,3128901,432
227164041,58.6216,59.8606,431,33413,0.423017,0.19,1,3129393,3128962,431
227166961,24.6486,25.1442,431,33476,0.427207,0.23,1,3129395,3128964,431
227228281,59.0537,56.7988,513,34778,0.773368,0.67,2,3130288,3129775,513
227231201,24.8215,59.3195,454,34839,0.783347,0.63,2,3130290,3129836,454
227234121,54.9286,24.9278,527,34900,0.775339,0.67,2,3130365,3129838,527
227237041,44.7714,54.9711,490,34961,0.808136,0.67,2,3130403,3129913,490
227239961,44.3086,43.5884,498,35021,0.833254,0.67,2,3130447,3129949,498
227242881,42.3234,43.8354,495,35081,0.843302,0.71,2,3130488,3129993,495
227245801,31.3294,40.9342,480,35141,0.871321,0.71,2,3130512,3130032,480
227388881,37.4812,28.2536,522,37976,0.884848,1,2,3132469,3131947,522
227391801,28.7925,35.9015,504,38032,0.839939,1,2,3132492,3131988,504
227394721,34.917,35.9606,507,38088,0.761976,1,2,3132531,3132024,507
227421001,29.6899,34.0073,503,38583,0.291217,1,1,3132900,3132397,503
227423921,14.876,32.2029,477,38638,0.266487,0.81,1,3132905,3132428,477
227426841,25.7504,37.4812,469,38693,0.292595,0.81,1,3132938,3132469,469
227432681,29.4401,34.917,463,38803,0.295215,0.67,1,3132994,3132531,463
227444361,33.2737,37.5899,442,39019,0.421077,0.43,1,3133167,3132725,442
227447281,27.1095,30.6359,439,39073,0.426431,0.27,1,3133190,3132751,439
227461881,16.1618,14.876,436,39343,0.449624,0.31,1,3133341,3132905,436
227517361,55.3955,41.3906,516,40351,0.751005,0.63,2,3134041,3133525,516
227520281,35.9582,54.9562,475,40403,0.774402,0.65,2,3134064,3133589,475
227523201,28.7833,35.1825,477,40455,0.807761,0.65,2,3134088,3133611,477
227526121,48.7133,28.473,515,40507,0.833104,0.71,2,3134150,3133635,515
227529041,35.0853,47.9892,480,40559,0.843242,0.71,2,3134176,3133696,480
227531961,32.0341,34.7957,484,40611,0.847297,0.67,2,3134206,3133722,484
227534881,27.2137,31.9183,478,40663,0.848919,0.69,2,3134230,3133752,478
227537801,15.6855,27.7673,461,40715,0.849567,0.69,2,3134238,3133777,461
227540721,28.4742,15.9069,490,40767,0.837827,0.67,2,3134275,3133785,490
227543641,26.3897,28.5628,478,40819,0.821131,0.67,2,3134300,3133822,478
227546561,29.7559,25.8251,486,40871,0.814452,0.69,2,3134332,3133846,486
227549481,48.5023,28.93,516,40923,0.871781,0.73,2,3134393,3133877,516
227552401,45.2009,46.972,500,40975,0.894712,0.73,2,3134436,3133936,500
227715921,29.1683,31.135,517,43765,0.863613,1,2,3136329,3135812,517
227736361,35.0994,41.3233,503,44101,0.445966,1,1,3136616,3136113,503
227739281,32.6398,35.1293,503,44149,0.436386,1,1,3136647,3136144,503
227742201,25.6559,30.2517,497,44197,0.408555,1,1,3136668,3136171,497
227780161,35.3044,35.0994,444,44813,0.415335,0.43,1,3137060,3136616,444
227832721,23.5303,23.3075,446,45653,0.76121,0.53,2,3137576,3137130,446
227835641,29.8121,29.723,446,45699,0.778484,0.55,2,3137610,3137164,446
227867761,37.1903,42.1432,488,46205,0.76063,0.75,2,3137958,3137470,488
227870681,32.8761,36.0573,486,46251,0.790252,0.69,2,3137988,3137502,486
227873601,27.5505,33.0229,479,46297,0.826101,0.73,2,3138012,3137533,479
227876521,24.2202,25.8092,480,46343,0.84044,0.79,2,3138034,3137554,480
227879441,30.0881,23.5237,492,46388,0.870176,0.79,2,3138068,3137576,492
227882361,24.0352,29.8095,478,46433,0.88207,0.73,2,3138088,3137610,478
227885281,15.6141,24.5238,467,46478,0.886828,0.73,2,3138098,3137631,467
227888201,26.6456,15.8095,491,46523,0.888731,0.73,2,3138132,3137641,491
227891121,11.8583,26.7238,459,46568,0.889493,0.73,2,3138134,3137675,459
228133481,162.977,172.261,490,22724,0.295216,0.79,1,3140744,3140254,490
228136401,108.391,115.705,484,22817,0.256086,0.67,1,3140816,3140332,484
228139321,80.5562,84.6818,482,22910,0.228435,0.47,1,3140878,3140396,482
228142241,76.0225,81.2727,476,23003,0.229374,0.31,1,3140951,3140475,476
228145161,71.809,83.5091,460,23095,0.25375,0.27,1,3141020,3140560,460
228148081,68.3236,82.0036,445,23187,0.2995,0.19,1,3141086,3140641,445
228156841,66.8687,47.4642,504,23460,0.408208,0.23,1,3141248,3140744,504
228159761,63.9475,62.1857,494,23550,0.421283,0.21,1,3141310,3140816,494
228197721,17.662,17.1454,455,24694,0.75739,0.69,2,3142002,3141547,455
228200641,48.4648,47.6582,456,24780,0.776956,0.65,2,3142071,3141615,456
228203561,63.7859,64.6633,454,24866,0.772782,0.69,2,3142145,3141691,454
228206481,65.1144,64.8653,455,24951,0.783113,0.71,2,3142211,3141756,455
228209401,71.6457,71.5461,455,25036,0.823245,0.69,2,3142287,3141832,455
228212321,75.4583,74.2184,457,25121,0.863298,0.69,2,3142365,3141908,457
228215241,73.3833,72.8874,457,25205,0.867319,0.77,2,3142437,3141980,457
228218161,41.9533,41.1549,458,25289,0.880928,0.77,2,3142458,3142000,458
228221081,17.9813,17.662,458,25373,0.886371,0.79,2,3142460,3142002,458
228308681,55.5079,54.0003,493,27768,0.823408,1,2,3144190,3143697,493
228311601,74.4032,72.6001,495,27844,0.767363,1,2,3144277,3143782,495
228329121,51.2886,63.4247,463,28297,0.414701,0.93,1,3144560,3144097,463
228332041,37.9155,42.7699,463,28372,0.41188,0.93,1,3144589,3144126,463
228349561,38.9541,35.747,486,28817,0.400673,0.49,1,3144889,3144403,486
228352481,56.9816,37.6988,516,28890,0.406269,0.41,1,3144958,3144442,516
228355401,46.7927,57.6795,485,28963,0.432508,0.39,1,3144998,3144513,485
228358321,37.3171,51.2718,469,29036,0.431003,0.41,1,3145029,3144560,469
228361241,47.9268,37.9087,495,29109,0.442401,0.35,1,3145084,3144589,495
228390441,71.9578,47.9268,531,29828,0.770179,0.49,2,3145615,3145084,531
228393361,29.9831,70.1707,448,29899,0.782072,0.55,2,3145617,3145169,448
228396281,52.1932,65.2683,453,29970,0.798829,0.61,2,3145684,3145231,453
228399201,37.0773,42.3073,453,30041,0.829531,0.61,2,3145711,3145258,453
228402121,31.6309,34.3229,452,30111,0.817813,0.65,2,3145739,3145287,452
228405041,40.8524,40.1292,455,30181,0.837125,0.67,2,3145786,3145331,455
228407961,57.1409,56.8517,455,30251,0.83285,0.69,2,3145854,3145399,455
228410881,48.0564,47.3407,456,30321,0.86714,0.71,2,3145896,3145440,456
228542281,51.8675,48.1592,494,33316,0.88917,1,2,3148011,3147517,494
228545201,41.747,43.8637,488,33379,0.757668,1,2,3148046,3147558,488
228553961,29.6478,26.8553,496,33568,0.401531,1,1,3148132,3147636,496
228556881,30.4591,31.1421,493,33631,0.274612,0.93,1,3148163,3147670,493
228562721,44.1135,49.2627,487,33757,0.057138,1,1,3148274,3147787,487
228565641,38.0454,44.3051,480,33820,0.0288552,1,1,3148308,3147828,480
228568561,50.6182,48.922,487,33883,0.0175421,0.89,1,3148367,3147880,487
228571481,67.6473,77.1688,470,33945,0.0130168,0.86,1,3148446,3147976,470
228574401,43.8589,51.8675,463,34007,0.0592067,0.67,1,3148474,3148011,463
228577321,34.3436,41.747,456,34069,0.0536827,0.59,1,3148502,3148046,456
228580241,29.9374,35.2988,452,34131,0.0874731,0.51,1,3148529,3148077,452
228583161,20.975,29.1195,442,34193,0.0769892,0.29,1,3148544,3148102,442
228586081,22.19,29.6478,435,34255,0.0487957,0.29,1,3148567,3148132,435
228589001,24.476,11.8591,461,34317,0.0495183,0.19,1,3148593,3148132,461
228591921,51.1904,23.3436,499,34379,0.0198073,0.03,1,3148662,3148163,499
228594841,40.2762,54.9375,456,34441,0.0499229,0.01,1,3148695,3148239,456
228597761,38.3105,42.975,458,34502,0.0499692,0.01,1,3148732,3148274,458
228600681,50.7242,37.59,483,34563,0.0199877,0.01,1,3148791,3148308,483
228603601,66.4897,50.436,501,34624,0.0499951,0.01,1,3148868,3148367,501
228606521,43.3959,67.5744,450,34685,0.097998,0.09,1,3148896,3148446,450
228624041,50.673,24.4757,491,35050,0.0533588,0,1,3149084,3148593,491
228626961,40.0692,51.1903,455,35110,0.0513435,0.07,1,3149117,3148662,455
228629881,37.6277,40.2761,458,35170,0.0385374,0.05,1,3149153,3148695,458
228632801,51.0511,38.3104,481,35230,0.021415,0,1,3149213,3148732,481
228635721,69.6204,50.7242,504,35290,0.014566,0.07,1,3149295,3148791,504
228638641,43.4482,66.4897,453,35350,0.0358264,0.13,1,3149321,3148868,453
228641561,34.7793,43.3959,454,35410,0.0563306,0.11,1,3149350,3148896,454
228644481,31.9117,34.1583,456,35470,0.0765322,0.11,1,3149380,3148924,456
228647401,19.9647,31.6633,438,35530,0.0846129,0.13,1,3149392,3148954,438
228664921,35.2235,37.6277,422,35884,0.0630941,0.01,1,3149575,3149153,422
228667841,50.0894,51.0511,422,35943,0.0432376,0.01,1,3149635,3149213,422
228670761,69.8358,69.6204,423,36002,0.0352951,0.05,1,3149718,3149295,423
228673681,44.1343,43.4482,424,36061,0.056118,0.07,1,3149745,3149321,424
228676601,36.2537,34.7793,426,36120,0.0884472,0.09,1,3149776,3149350,426
228702881,49.258,50.0894,422,36643,0.0876057,0.03,1,3150057,3149635,422
228705801,69.5032,69.8358,422,36701,0.0770423,0.07,1,3150140,3149718,422
228708721,44.6013,44.1343,423,36759,0.0968169,0.11,1,3150168,3149745,423
228711641,37.6405,36.2537,425,36816,0.0927268,0.15,1,3150201,3149776,425
228737921,45.5847,29.314,482,37329,0.229012,0.03,1,3150479,3149997,482
228740841,69.2339,47.7256,507,37386,0.241605,0.07,1,3150564,3150057,507
228743761,45.6936,68.8902,454,37443,0.246642,0.11,1,3150594,3150140,454
228746681,37.4774,44.3561,458,37499,0.248657,0.09,1,3150626,3150168,458
228749601,35.391,37.5424,459,37555,0.261463,0.13,1,3150660,3150201,459
228752521,22.5564,34.217,441,37611,0.266585,0.13,1,3150674,3150233,441
228755441,25.2226,22.0868,454,37667,0.256634,0.15,1,3150701,3150247,454
228758361,25.689,24.4347,454,37723,0.288654,0.17,1,3150727,3150273,454
228772961,47.0506,31.4617,488,38003,0.404245,0.25,1,3150912,3150424,488
228775881,69.8202,45.5847,518,38059,0.419698,0.25,1,3150997,3150479,518
228778801,45.9281,69.2339,463,38115,0.437879,0.25,1,3151027,3150564,463
228796321,12.0679,25.689,439,38445,0.445868,0.31,1,3151166,3150727,439
228845961,14.5336,14.1425,449,39369,0.751429,0.55,2,3151745,3151296,449
228848881,41.2134,41.057,449,39423,0.786572,0.59,2,3151804,3151355,449
228851801,68.0854,67.4228,450,39477,0.776629,0.59,2,3151890,3151440,450
228854721,45.2341,45.5691,449,39530,0.784651,0.61,2,3151920,3151471,449
228857641,38.4937,38.0276,450,39583,0.799861,0.63,2,3151954,3151504,450
228860561,36.9975,36.2111,451,39636,0.841944,0.63,2,3151990,3151539,451
228863481,23.199,22.8844,451,39689,0.858778,0.61,2,3152004,3151553,451
228866401,26.6796,25.9538,452,39742,0.877511,0.65,2,3152033,3151581,452
228869321,26.8718,25.9815,453,39795,0.897004,0.65,2,3152060,3151607,453
228875161,46.7795,44.837,456,39901,0.883921,0.75,2,3152132,3151676,456
229111681,84.2513,88.5652,487,20031,0.297424,0.57,1,3155117,3154630,487
229114601,108.701,113.426,482,20137,0.22097,0.37,1,3155242,3154760,482
229117521,84.8802,84.3704,486,20242,0.214388,0.25,1,3155311,3154825,486
229120441,51.9521,73.3482,450,20347,0.247755,0.31,1,3155341,3154891,450
229123361,57.9808,40.1393,494,20451,0.273102,0.27,1,3155403,3154909,494
229126281,74.7923,52.0557,520,20555,0.283241,0.25,1,3155489,3154969,520
229129201,66.5169,71.8223,496,20658,0.299296,0.29,1,3155550,3155054,496
229135041,83.3627,101.612,503,20863,0.433087,0.21,1,3155745,3155242,503
229137961,51.3451,82.0446,464,20965,0.443235,0.27,1,3155775,3155311,464
229140881,21.738,50.8178,436,21066,0.447294,0.29,1,3155777,3155341,436
229175921,85.4676,85.3093,450,22244,0.762399,0.63,2,3156638,3156188,450
229178841,53.387,52.7237,451,22339,0.790959,0.63,2,3156670,3156219,451
229181761,22.5548,22.2895,451,22434,0.802384,0.69,2,3156672,3156221,451
229184681,47.4219,45.5158,454,22529,0.818954,0.69,2,3156736,3156282,454
229187601,75.3688,18.2063,548,22623,0.885581,0.73,2,3156830,3156282,548
229272281,37.9881,35.7767,493,25198,0.8428,1,2,3158643,3158150,493
229281041,45.9432,51.4657,479,25450,0.288899,1,1,3158812,3158333,479
229286881,83.6709,90.4345,543,25616,0.0594239,0.9,1,3159013,3158470,543
229289801,50.8684,79.3738,500,25699,0.0537695,0.99,1,3159042,3158542,500
229292721,38.9473,50.9495,499,25781,0.0275078,0.99,1,3159073,3158574,499
229295641,31.1789,40.1798,492,25863,0.0290031,0.75,1,3159099,3158607,492
229298561,62.8716,37.6719,540,25945,0.0536013,0.41,1,3159183,3158643,540
229301481,35.9486,73.2688,461,26027,0.0394405,0.39,1,3159201,3158740,461
229307321,86.2718,45.923,546,26189,0.0867105,0.03,1,3159358,3158812,546
229310241,80.7087,92.1692,500,26270,0.0406842,0.01,1,3159435,3158935,500
229313161,49.6835,83.6677,451,26351,0.0462737,0.05,1,3159464,3159013,451
229316081,37.8734,50.8671,452,26431,0.0605095,0.01,1,3159494,3159042,452
229319001,30.7494,38.9468,447,26511,0.0542038,0.03,1,3159520,3159073,447
229321921,64.4997,31.1787,508,26591,0.0756815,0.07,1,3159607,3159099,508
229324841,38.3999,62.8715,445,26671,0.0482726,0.03,1,3159628,3159183,445
229327761,38.16,35.9486,465,26750,0.061309,0.21,1,3159666,3159201,465
229333601,78.7056,86.2718,498,26908,0.0950094,0.01,1,3159856,3159358,498
229336521,32.6822,80.7087,423,26987,0.0920038,0.05,1,3159858,3159435,423
229339441,31.0729,49.6835,424,27065,0.0668015,0.07,1,3159888,3159464,424
229342361,30.4292,37.8734,424,27143,0.0567206,0.05,1,3159918,3159494,424
229345281,26.5717,30.7494,422,27221,0.0526882,0.09,1,3159942,3159520,422
229348201,65.2287,64.4997,426,27299,0.0750753,0.03,1,3160033,3159607,426
229351121,36.8915,38.3999,423,27377,0.0840301,0.07,1,3160051,3159628,423
229354041,39.3566,38.16,426,27454,0.087612,0.13,1,3160092,3159666,426
229374481,66.219,65.2287,424,27989,0.219442,0.09,1,3160457,3160033,424
229377401,37.2876,36.8915,424,28065,0.273777,0.09,1,3160475,3160051,424
229380321,40.715,39.3566,426,28140,0.271511,0.11,1,3160518,3160092,426
229386161,77.4344,76.9771,427,28290,0.402242,0.15,1,3160707,3160280,427
229400761,70.4237,24.819,527,28662,0.445613,0.27,1,3160891,3160364,527
229403681,39.5695,65.7276,453,28736,0.436245,0.31,1,3160910,3160457,453
229406601,41.0278,37.091,477,28810,0.432498,0.27,1,3160952,3160475,477
229441641,34.4382,80.7244,448,29679,0.759981,0.51,2,3161598,3161150,448
229444561,32.9753,33.4898,478,29750,0.789992,0.53,2,3161630,3161152,478
229447481,29.9901,31.9959,475,29821,0.801997,0.53,2,3161658,3161183,475
229450401,13.196,29.5984,449,29892,0.806799,0.55,2,3161660,3161211,449
229453321,19.6784,26.2393,449,29963,0.83272,0.63,2,3161684,3161235,449
229456241,69.0714,69.2957,453,30034,0.819088,0.61,2,3161786,3161333,453
229459161,38.4285,39.1183,452,30104,0.813635,0.67,2,3161804,3161352,452
229462081,42.9714,40.8473,456,30174,0.811454,0.75,2,3161850,3161394,456
229465001,93.3886,90.7389,459,30244,0.882582,0.77,2,3161977,3161518,459
229467921,84.7554,83.0956,460,30314,0.899033,0.77,2,3162056,3161596,460
229479601,13.4305,13.196,462,30592,0.887255,0.85,2,3162122,3161660,462
229590561,50.6946,46.7815,494,33118,0.8584,1,2,3163985,3163491,494
229593481,34.6778,33.7126,493,33182,0.79336,1,2,3164009,3163516,493
229608081,37.4764,38.9852,492,33499,0.228895,1,1,3164175,3163683,492
229613921,32.2762,39.4776,481,33625,0.0618232,1,1,3164235,3163754,481
229616841,94.5105,92.5911,489,33688,0.0667293,0.86,1,3164371,3163882,489
229619761,70.2042,80.2364,471,33751,0.0446917,0.82,1,3164425,3163954,471
229622681,41.2817,50.6946,462,33814,0.0598767,0.75,1,3164447,3163985,462
229625601,27.9127,34.6778,457,33877,0.0899507,0.67,1,3164466,3164009,457
229628521,27.9651,33.6711,452,33939,0.0899803,0.55,1,3164494,3164042,452
229634361,15.2744,18.2274,445,34063,0.0875968,0.21,1,3164524,3164079,445
229646041,30.2038,12.4762,456,34311,0.0860025,0.03,1,3164658,3164202,456
229648961,95.4815,24.7905,562,34373,0.064401,0.07,1,3164797,3164235,562
229651881,67.5926,91.5162,475,34435,0.0557604,0.03,1,3164846,3164371,475
229654801,42.037,69.0065,446,34496,0.0403042,0.07,1,3164871,3164425,446
229657721,27.6148,40.8026,442,34557,0.0461217,0.11,1,3164889,3164447,442
229660641,29.6459,27.721,454,34618,0.0724487,0.09,1,3164920,3164466,454
229663561,22.6584,27.8884,444,34679,0.0829795,0.13,1,3164938,3164494,444
229666481,16.2633,23.1554,436,34740,0.0631918,0.07,1,3164950,3164514,436
229681081,93.7896,30.2035,562,35044,0.0811239,0.05,1,3165220,3164658,562
229684001,66.9158,95.4814,472,35104,0.0504496,0.05,1,3165269,3164797,472
229686921,40.5663,67.5926,446,35164,0.0741798,0.03,1,3165292,3164846,446
229689841,27.6265,42.037,440,35224,0.0836719,0.05,1,3165311,3164871,440
229692761,31.4506,27.6148,456,35284,0.0874688,0.09,1,3165345,3164889,456
229716121,85.0562,93.7896,424,35761,0.0896985,0.03,1,3165644,3165220,424
229719041,62.8225,66.9158,423,35820,0.0658794,0.09,1,3165692,3165269,423
229721961,39.529,40.5663,424,35879,0.0563518,0.09,1,3165716,3165292,424
229724881,27.2116,27.6265,424,35938,0.0645407,0.09,1,3165735,3165311,424
229754081,61.15,62.8225,422,36522,0.0986944,0.05,1,3166114,3165692,422
229757001,40.06,39.529,424,36580,0.0694777,0.07,1,3166140,3165716,424
229759921,28.024,27.2116,425,36638,0.0577911,0.13,1,3166160,3165735,425
229774521,32.757,31.8694,429,36925,0.217869,0.21,1,3166314,3165885,429
229777441,30.5028,29.5477,430,36982,0.273147,0.17,1,3166343,3165913,430
229780361,26.6011,26.2191,430,37039,0.283259,0.17,1,3166367,3165937,430
229783281,11.8405,11.6876,430,37096,0.287304,0.07,1,3166369,3165939,430
229794961,27.7591,32.296,443,37324,0.405323,0.05,1,3166583,3166140,443
229809561,34.2548,44.3131,457,37606,0.283213,0.23,1,3166746,3166289,457
229812481,32.9019,32.7252,464,37662,0.275285,0.31,1,3166778,3166314,464
229824161,61.7159,76.7354,489,37886,0.412599,0.41,1,3166978,3166489,489
229827081,40.2864,59.4941,467,37942,0.42304,0.41,1,3167004,3166537,467
229830001,28.1145,39.3977,461,37998,0.439216,0.41,1,3167024,3166563,461
229888401,30.8449,28.5357,456,39094,0.760121,0.67,2,3167695,3167239,456
229891321,13.538,12.6143,456,39148,0.766048,0.65,2,3167697,3167241,456
229894241,82.2152,82.4457,455,39202,0.756419,0.67,2,3167825,3167370,455
229897161,62.8861,62.9783,455,39256,0.776568,0.67,2,3167875,3167420,455
229900081,40.7544,40.7913,455,39310,0.772627,0.67,2,3167901,3167446,455
229903001,17.5018,17.5165,455,39364,0.795051,0.69,2,3167903,3167448,455
229905921,19.0007,19.6066,454,39418,0.78002,0.65,2,3167923,3167469,454
229908841,30.4003,30.6426,454,39472,0.810008,0.69,2,3167961,3167507,454
229911761,21.7601,21.8571,454,39526,0.822003,0.65,2,3167977,3167523,454
229914681,15.904,15.9428,454,39579,0.838801,0.71,2,3167989,3167535,454
229917601,48.3616,46.5771,457,39632,0.857521,0.77,2,3168059,3167602,457
229920521,37.3446,36.0309,458,39685,0.889008,0.75,2,3168089,3167631,458
230122001,87.0282,106.732,462,19424,0.0964614,0.19,1,3170786,3170324,462
230127841,36.2445,43.8372,436,19642,0.201434,0.21,1,3170849,3170413,436
230130761,57.0978,24.1349,496,19750,0.230574,0.19,1,3170920,3170424,496
230133681,105.039,50.454,565,19857,0.242229,0.01,1,3171057,3170492,565
230151201,106.822,56.6237,571,20490,0.400216,0.25,1,3171491,3170920,571
230177481,83.339,83.9313,447,21404,0.773644,0.53,2,3172101,3171654,447
230180401,60.9356,60.5725,448,21503,0.831458,0.53,2,3172147,3171699,448
230183321,36.3742,36.229,448,21602,0.878583,0.59,2,3172167,3171719,448
230197921,87.0826,83.339,461,22088,0.891093,0.87,2,3172562,3172101,461
230203761,37.9332,36.3742,465,22280,0.882975,0.95,2,3172632,3172167,465
230303041,97.3243,96.3282,480,25315,0.7564,1,2,3174858,3174378,480
230314721,37.0851,29.5764,514,25648,0.207956,1,1,3175028,3174514,514
230320561,45.0536,53.4522,510,25813,0.0968729,1,1,3175125,3174615,510
230323481,70.2214,38.7809,568,25895,0.0687492,0.91,1,3175212,3174644,568
230326401,87.4886,77.9124,563,25977,0.0454997,0.63,1,3175311,3174748,563
230329321,61.3954,97.1649,497,26059,0.0481999,0.53,1,3175355,3174858,497
230332241,53.3582,71.266,491,26140,0.0252799,0.39,1,3175403,3174912,491
230335161,36.3433,58.5064,466,26221,0.076112,0.27,1,3175428,3174962,466
230346841,68.9032,45.053,509,26543,0.0508605,0.05,1,3175634,3175125,509
230349761,86.9613,70.2212,521,26623,0.0623442,0.03,1,3175733,3175212,521
230352681,61.7845,87.4885,467,26703,0.0549377,0.05,1,3175778,3175311,467
230355601,53.5138,61.3954,471,26782,0.0639751,0.01,1,3175826,3175355,471
230358521,38.2055,53.3582,451,26861,0.06759,0.11,1,3175854,3175403,451
230361441,16.4822,36.3433,428,26940,0.069036,0.13,1,3175856,3175428,428
230370201,42.2869,44.758,426,27175,0.202898,0.01,1,3175975,3175549,426
230373121,67.9147,68.9032,426,27253,0.279159,0.07,1,3176060,3175634,426
230384801,38.2858,38.2055,425,27562,0.407322,0.07,1,3176279,3175854,425
230402321,88.0648,85.9659,439,28020,0.441028,0.35,1,3176597,3176158,439
230405241,61.6259,60.7864,439,28096,0.446411,0.39,1,3176641,3176202,439
230460721,57.0052,63.006,501,29494,0.766545,0.55,2,3177585,3177084,501
230463641,40.2021,57.0024,477,29566,0.804618,0.55,2,3177614,3177137,477
230466561,17.2808,39.601,451,29638,0.819847,0.55,2,3177616,3177165,451
230469481,20.1123,17.0404,471,29709,0.801939,0.57,2,3177638,3177167,471
230472401,41.6449,20.0162,505,29780,0.806776,0.59,2,3177694,3177189,505
230475321,17.858,41.0065,452,29851,0.80871,0.61,2,3177696,3177244,452
230478241,35.9432,45.2026,452,29922,0.857484,0.67,2,3177744,3177292,452
230481161,73.1773,75.081,455,29993,0.888994,0.67,2,3177842,3177387,455
230597961,58.0107,27.3365,565,32695,0.887517,1,2,3179732,3179167,565
230600881,88.6043,61.3346,590,32760,0.781007,0.95,2,3179841,3179251,590
230621321,24.5606,30.0429,476,33209,0.761492,0.99,2,3180073,3179597,476
230624241,21.2242,25.8171,472,33273,0.766597,1,2,3180092,3179620,472
230627161,30.0897,32.5269,471,33337,0.816639,0.82,2,3180128,3179657,471
230630081,51.6359,58.0107,462,33400,0.860656,0.71,2,3180194,3179732,462
230633001,81.8544,88.6043,455,33463,0.866262,0.69,2,3180296,3179841,455
230635921,37.5417,39.6417,456,33526,0.844505,0.63,2,3180304,3179848,456
230638841,37.8167,41.0567,452,33589,0.823802,0.69,2,3180342,3179890,452
230641761,60.1267,59.0227,456,33652,0.851521,0.67,2,3180417,3179961,456
230644681,44.4507,47.0091,451,33715,0.838608,0.67,2,3180451,3180000,451
230647601,38.1803,38.0036,453,33778,0.869443,0.75,2,3180485,3180032,453
230802361,52.0721,47.8699,498,36947,0.858616,1,2,3182712,3182214,498
230805281,40.6289,46.148,486,37004,0.769447,1,2,3182745,3182259,486
230825721,28.264,28.4582,510,37403,0.295882,1,1,3182969,3182459,510
230828641,28.7056,31.1833,506,37459,0.268353,0.85,1,3182998,3182492,506
230866601,33.3538,28.7056,468,38185,0.203928,0.15,1,3183466,3182998,468
230869521,73.3415,36.0822,527,38240,0.243571,0.13,1,3183566,3183039,527
230872441,50.3366,75.0329,461,38295,0.259429,0.13,1,3183601,3183140,461
230892881,19.1153,23.9443,428,38680,0.405647,0.15,1,3183776,3183348,428
230895801,28.0461,28.7777,430,38735,0.420259,0.19,1,3183810,3183380,430
230898721,25.0184,24.7111,431,38790,0.426103,0.21,1,3183833,3183402,431
230901641,26.2074,24.8844,433,38844,0.440441,0.21,1,3183860,3183427,433
230954201,43.2805,42.0207,450,39810,0.78152,0.59,2,3184563,3184113,450
230957121,35.3122,35.4083,449,39863,0.786608,0.55,2,3184593,3184144,449
230960041,35.7249,35.7633,449,39916,0.812643,0.55,2,3184629,3184180,449
230962961,19.09,19.1053,449,39969,0.811057,0.55,2,3184637,3184188,449
230965881,8.83598,8.84213,449,40022,0.810423,0.57,2,3184639,3184190,449
230968801,19.1344,19.7369,448,40075,0.822169,0.57,2,3184665,3184217,448
230971721,30.4538,7.89474,486,40128,0.826868,0.57,2,3184703,3184217,486
230974641,25.3815,25.3579,471,40181,0.840747,0.61,2,3184725,3184254,471
230977561,27.5526,23.3432,478,40234,0.870299,0.61,2,3184754,3184276,478
230980481,35.021,26.1373,490,40286,0.83412,0.65,2,3184794,3184304,490
230983401,80.0084,32.6549,563,40338,0.831648,0.75,2,3184904,3184341,563
230986321,54.8034,77.262,494,40390,0.830659,0.71,2,3184942,3184448,494
230989241,41.7213,53.7048,489,40442,0.830264,0.71,2,3184975,3184486,489
230992161,45.4885,40.6819,505,40494,0.854105,0.83,2,3185023,3184518,505
230995081,36.1954,43.2728,490,40546,0.875642,0.79,2,3185053,3184563,490
230998001,36.6782,35.3091,497,40598,0.896257,0.83,2,3185090,3184593,497
231167361,25.6985,29.2359,517,43513,0.892893,1,2,3187086,3186569,517
231170281,28.8794,30.2944,517,43561,0.879157,1,2,3187117,3186600,517
231173201,32.5518,25.3177,530,43609,0.807663,1,2,3187152,3186622,530
231176121,29.2207,20.3271,540,43657,0.821065,1,2,3187179,3186639,540
231179041,22.4883,20.1308,538,43705,0.814426,1,2,3187197,3186659,538
231181961,20.3953,28.4523,523,43753,0.79977,1,2,3187216,3186693,523
231184881,29.7581,28.7809,530,43801,0.817908,1,2,3187252,3186722,530
231187801,40.1033,50.5124,512,43849,0.765163,1,2,3187299,3186787,512
231193641,41.5765,48.402,510,43945,0.783626,1,2,3187387,3186877,510
231196561,54.4306,44.5608,531,43993,0.75145,0.98,2,3187450,3186919,531
231199481,41.5722,53.2243,505,44041,0.77458,1,2,3187483,3186978,505
231202401,33.4289,42.2897,498,44089,0.783832,1,2,3187511,3187013,498
231205321,24.1716,33.1159,489,44137,0.811533,0.93,2,3187529,3187040,489
231208241,24.0686,25.2464,493,44185,0.834613,0.85,2,3187553,3187060,493
231211161,27.0275,25.6985,496,44233,0.819845,0.87,2,3187582,3187086,496
231214081,30.011,28.8794,497,44281,0.825938,0.76,2,3187614,3187117,497
231217001,27.6044,32.5518,488,44329,0.840375,0.83,2,3187640,3187152,488
231219921,22.4418,29.2207,480,44377,0.83415,0.81,2,3187659,3187179,480
231222841,19.1767,22.4883,479,44425,0.84366,0.79,2,3187676,3187197,479
231225761,8.87068,20.3953,462,44472,0.847464,0.83,2,3187678,3187216,462
231228681,22.1483,29.7581,457,44519,0.872986,0.73,2,3187709,3187252,457
231494401,31.2585,21.9205,513,48640,0.859692,1,2,3190634,3190121,513
231497321,25.1034,24.9682,507,48683,0.793877,1,2,3190655,3190148,507
231509001,22.161,17.564,513,48855,0.422803,1,1,3190756,3190243,513
231514841,26.4658,35.2102,511,48941,0.256049,1,1,3190808,3190297,511
231523601,34.1898,33.2615,513,49070,0.0828671,1,1,3190917,3190404,513
231526521,29.8759,37.9046,499,49113,0.0331468,1,1,3190944,3190445,499
231529441,34.7504,34.3618,505,49156,0.0432587,1,1,3190982,3190477,505
231532361,26.5001,31.1447,497,49199,0.0353035,0.94,1,3191003,3190506,497
231535281,32.2001,28.6579,506,49242,0.0441214,0.95,1,3191039,3190533,506
231538201,29.68,34.8632,495,49285,0.0956486,0.87,1,3191067,3190572,495
231541121,25.672,33.1453,486,49328,0.0802594,0.83,1,3191090,3190604,486
231549881,23.843,25.6413,473,49457,0.0908166,0.57,1,3191154,3190681,473
231552801,23.9372,28.2565,467,49500,0.0783266,0.47,1,3191178,3190711,467
231555721,18.5749,26.9026,456,49543,0.0853307,0.35,1,3191193,3190737,456
231590761,23.5316,25.672,448,50048,0.204325,0.13,1,3191538,3191090,448
231596601,23.9251,19.1075,453,50132,0.204292,0.07,1,3191580,3191127,453
231599521,23.97,23.843,450,50174,0.207717,0.07,1,3191604,3191154,450
231602441,17.988,23.9372,440,50216,0.209087,0.09,1,3191618,3191178,440
231605361,22.7952,18.5749,451,50258,0.209635,0.11,1,3191644,3191193,451
231608281,23.5181,21.23,452,50300,0.209854,0.13,1,3191668,3191216,452
231611201,10.6072,23.492,429,50342,0.209942,0.17,1,3191670,3191241,429
231614121,22.8429,27.3968,430,50384,0.233977,0.09,1,3191701,3191271,430
231617041,30.7372,33.7587,428,50426,0.267591,0.21,1,3191737,3191309,428
231619961,30.8949,30.9035,430,50468,0.269036,0.15,1,3191768,3191338,430
231622881,26.7579,28.5614,427,50510,0.293615,0.13,1,3191792,3191365,427
231637481,28.5278,27.3289,432,50720,0.423592,0.23,1,3191949,3191517,432
231771801,26.7989,30.487,472,52592,0.758636,0.55,2,3193118,3192646,472
231774721,38.9196,26.5948,495,52632,0.801454,0.57,2,3193165,3192670,495
231777641,28.7678,37.6379,472,52672,0.818582,0.59,2,3193187,3192715,472
231780561,39.1071,28.2552,496,52712,0.849433,0.57,2,3193233,3192737,496
231783481,33.0429,38.9021,479,52752,0.825773,0.61,2,3193262,3192783,479
231786401,31.2171,32.3608,481,52792,0.828309,0.61,2,3193292,3192811,481
231789321,25.6869,30.9443,473,52832,0.841324,0.61,2,3193314,3192841,473
231792241,18.6747,24.3777,467,52872,0.84653,0.67,2,3193328,3192861,467
231795161,24.8699,18.7511,481,52912,0.884612,0.63,2,3193357,3192876,481
231982041,91.9461,96.0983,496,25716,0.87784,1,2,3195266,3194770,496
232084241,66.5439,26.1871,550,28457,0.83704,1,2,3197172,3196622,550
232087161,50.0176,56.6748,512,28531,0.808816,1,2,3197211,3196699,512
232119281,44.9292,65.6064,484,29337,0.762627,0.59,2,3197771,3197287,484
232122201,50.9717,47.8425,503,29409,0.803051,0.61,2,3197826,3197323,503
232125121,53.9887,52.137,504,29481,0.85522,0.65,2,3197882,3197378,504
232265281,34.8857,43.4954,511,32749,0.89944,1,2,3200116,3199605,511
232268201,34.3543,37.7982,511,32814,0.779776,1,2,3200150,3199639,511
232285721,63.0115,62.9736,489,33198,0.0856484,1,1,3200460,3199971,489
232288641,46.2046,48.5894,485,33262,0.0342593,0.99,1,3200495,3200010,485
232291561,43.0818,41.0358,490,33326,0.0437037,0.96,1,3200536,3200046,490
232294481,31.6327,39.2143,476,33389,0.0714815,0.85,1,3200560,3200084,476
232297401,26.4531,34.8857,467,33452,0.0825926,0.7,1,3200583,3200116,467
232300321,25.5812,34.3543,458,33515,0.087037,0.65,1,3200608,3200150,458
232303241,27.6325,35.3417,451,33578,0.0888148,0.33,1,3200637,3200186,451
232306161,43.453,56.1367,435,33641,0.0895259,0.23,1,3200691,3200256,435
232312001,36.3525,42.8219,424,33767,0.0995241,0.05,1,3200767,3200343,424
232317841,62.8164,63.0115,426,33893,0.0723239,0,1,3200886,3200460,426
232320761,44.3266,46.2046,423,33955,0.0349295,0.05,1,3200918,3200495,423
232323681,42.9306,43.0818,424,34017,0.0199718,0.09,1,3200960,3200536,424
232326601,32.1722,31.6327,425,34079,0.0499887,0.09,1,3200985,3200560,425
232329521,27.2689,26.4531,426,34141,0.0739955,0.09,1,3201009,3200583,426
232332441,24.7076,25.5812,424,34203,0.0715982,0.09,1,3201032,3200608,424
232335361,27.883,27.6325,425,34265,0.0826393,0.09,1,3201062,3200637,425
232338281,43.5532,11.053,479,34327,0.0870557,0.09,1,3201116,3200637,479
232341201,45.0213,36.8212,471,34389,0.0888223,0.13,1,3201162,3200691,471
232349961,62.0654,38.1166,502,34572,0.0692846,0.05,1,3201309,3200807,502
232352881,43.4261,62.6466,454,34633,0.0697139,0.01,1,3201340,3200886,454
232355801,43.1705,44.2586,465,34694,0.0578855,0.01,1,3201383,3200918,465
232358721,31.6682,42.9035,447,34755,0.0651542,0.07,1,3201407,3200960,447
232361641,26.4673,32.1614,445,34816,0.0800617,0.09,1,3201430,3200985,445
232364561,26.7869,27.2646,448,34877,0.0740247,0.07,1,3201457,3201009,448
232379161,39.186,35.4085,467,35179,0.226387,0.13,1,3201658,3201191,467
232382081,60.6744,38.1634,502,35239,0.240555,0.03,1,3201733,3201231,502
232385001,44.0698,62.0654,457,35299,0.258222,0.07,1,3201766,3201309,457
232387921,42.2279,43.4261,467,35359,0.265289,0.05,1,3201807,3201340,467
232399601,28.4266,26.7869,455,35598,0.414071,0.13,1,3201912,3201457,455
232402521,44.3707,27.5148,482,35657,0.411629,0.13,1,3201967,3201485,482
232405441,18.9483,43.4059,430,35716,0.410651,0.19,1,3201969,3201539,430
232408361,36.9793,46.1624,431,35775,0.434261,0.21,1,3202018,3201587,431
232411281,33.3917,36.4649,432,35834,0.407704,0.25,1,3202049,3201617,432
232417121,60.6627,60.6744,434,35952,0.404833,0.27,1,3202167,3201733,434
232420041,44.6651,44.0698,435,36011,0.419933,0.27,1,3202201,3201766,435
232422961,44.266,42.2279,438,36070,0.449973,0.35,1,3202245,3201807,438
232498881,27.4075,32.6229,470,37563,0.754892,0.53,2,3203184,3202714,470
232501801,30.163,28.0492,477,37619,0.775957,0.59,2,3203216,3202739,477
232504721,31.2652,28.6197,480,37675,0.784383,0.61,2,3203248,3202768,480
232507641,46.1061,29.4479,506,37731,0.847753,0.67,2,3203304,3202798,506
232510561,19.6424,44.1791,454,37787,0.873101,0.67,2,3203306,3202852,454
232513481,36.657,18.8717,500,37843,0.883241,0.65,2,3203354,3202854,500
232516401,32.6628,36.9487,481,37899,0.887296,0.61,2,3203384,3202903,481
232519321,40.6651,32.7795,497,37955,0.888918,0.65,2,3203430,3202933,497
232691601,30.5006,32.0411,514,41108,0.854416,1,2,3205631,3205117,514
232790881,33.2572,34.4331,450,42819,0.770756,0.59,2,3206755,3206305,450
232793801,34.9029,34.7732,451,42868,0.794302,0.61,2,3206791,3206340,451
232796721,40.3612,40.9093,450,42917,0.839721,0.63,2,3206835,3206385,450
232799641,26.9445,26.5637,451,42966,0.857888,0.59,2,3206853,3206402,451
232802561,24.5778,23.8255,452,43015,0.853155,0.59,2,3206876,3206424,452
232805481,29.6311,9.53019,485,43064,0.851262,0.63,2,3206909,3206424,485
232808401,27.4524,24.2121,477,43113,0.850505,0.65,2,3206935,3206458,477
232811321,29.581,25.2848,482,43162,0.874202,0.65,2,3206966,3206484,482
232814241,28.0324,28.7139,478,43211,0.895681,0.65,2,3206993,3206515,478
232817161,35.813,26.4856,494,43260,0.892272,0.69,2,3207034,3206540,494
232820081,35.9252,35.1942,489,43309,0.890909,0.69,2,3207070,3206581,489
233120841,40.8698,67.4391,452,23127,0.217046,0.21,1,3210804,3210352,452
233123761,33.1479,41.9756,455,23219,0.224818,0.11,1,3210832,3210377,455
233126681,69.0592,32.9903,521,23310,0.263927,0.11,1,3210925,3210404,521
233141281,41.4784,69.1698,454,23762,0.416127,0.23,1,3211236,3210782,454
233144201,33.9913,40.8679,461,23851,0.436451,0.23,1,3211265,3210804,461
233147121,70.5965,33.1472,528,23940,0.43258,0.29,1,3211360,3210832,528
233150041,29.4386,69.0589,437,24029,0.431032,0.35,1,3211362,3210925,437
233176321,61.0478,58.5754,447,24812,0.755838,0.59,2,3211887,3211440,447
233179241,60.4191,58.2302,449,24897,0.836335,0.57,2,3211947,3211498,449
233182161,79.3676,79.0921,448,24982,0.856534,0.65,2,3212039,3211591,448
233298961,54.4994,55.8017,489,28176,0.866032,1,2,3214253,3213764,489
233301881,61.9998,64.3207,486,28251,0.784413,1,2,3214320,3213834,486
233322321,41.124,62.1816,498,28772,0.438397,0.94,1,3214659,3214161,498
233336921,49.6422,56.4703,495,29138,0.405913,0.39,1,3214919,3214424,495
233389481,56.4187,53.8177,448,30419,0.778459,0.57,2,3215761,3215313,448
233392401,51.9675,49.7271,450,30489,0.857384,0.57,2,3215810,3215360,450
233395321,21.987,21.0908,450,30558,0.864953,0.61,2,3215812,3215362,450
233398241,38.7948,37.2363,452,30627,0.867981,0.63,2,3215862,3215410,452
233605561,52.765,48.0284,533,35193,0.816518,1,2,3219086,3218553,533
233620161,46.6318,46.6016,520,35493,0.282393,0.97,1,3219299,3218779,520
233626001,38.7811,47.2963,504,35612,0.0895829,1,1,3219374,3218870,504
233628921,35.3124,39.3185,503,35671,0.0538332,0.98,1,3219407,3218904,503
233631841,15.325,37.3274,469,35730,0.0395333,0.91,1,3219409,3218940,469
233634761,34.33,42.531,470,35789,0.0338133,0.95,1,3219456,3218986,470
233637681,35.332,40.4124,467,35848,0.0195253,0.73,1,3219492,3219025,467
233640601,47.1328,52.765,461,35907,0.0138101,0.65,1,3219547,3219086,461
233643521,39.8531,43.306,459,35966,0.0115241,0.57,1,3219582,3219123,459
233646441,32.1412,40.1224,448,36025,0.0106096,0.51,1,3219609,3219161,448
233649361,33.2565,39.449,443,36084,0.0222438,0.43,1,3219643,3219200,443
233652281,42.7026,47.5796,439,36143,0.0628975,0.15,1,3219692,3219253,439
233655201,40.481,46.6318,432,36201,0.067159,0.11,1,3219731,3219299,432
233666881,14.0635,15.325,422,36433,0.0982473,0.03,1,3219831,3219409,422
233669801,33.8254,34.33,422,36491,0.0452989,0.01,1,3219878,3219456,422
233672721,35.1302,35.332,422,36549,0.0181196,0.01,1,3219914,3219492,422
233675641,47.0521,47.1328,422,36607,0.0732478,0.01,1,3219969,3219547,422
233678561,39.8208,39.8531,422,36665,0.0292991,0.01,1,3220004,3219582,422
233681481,32.1283,32.1412,422,36723,0.0177197,0.03,1,3220031,3219609,422
233684401,33.2513,33.2565,422,36781,0.0370879,0.09,1,3220065,3219643,422
233687321,45.1005,42.7026,426,36838,0.0688351,0.07,1,3220118,3219692,426
233690241,40.2402,40.481,424,36895,0.0695341,0.17,1,3220155,3219731,424
233693161,38.8961,35.9924,429,36952,0.0818136,0.15,1,3220193,3219764,429
233696081,35.3584,35.397,427,37009,0.0507254,0.09,1,3220226,3219799,427
233699001,29.1434,32.1588,422,37066,0.0742902,0.09,1,3220251,3219829,422
233701921,12.8573,14.0635,422,37123,0.0837161,0.01,1,3220253,3219831,422
233704841,33.3429,33.8254,422,37180,0.0754864,0.01,1,3220300,3219878,422
233707761,34.3372,13.5302,457,37237,0.0361946,0,1,3220335,3219878,457
233710681,46.7349,27.0121,476,37294,0.0204778,0.11,1,3220390,3219914,476
233713601,39.6939,43.8048,456,37351,0.0141911,0,1,3220425,3219969,456
233716521,32.0776,38.5219,448,37408,0.0236765,0.01,1,3220452,3220004,448
233719441,33.231,31.6088,455,37464,0.0274706,0.05,1,3220486,3220031,455
233722361,46.2924,33.0435,476,37520,0.0409882,0.09,1,3220541,3220065,476
233725281,40.117,45.0174,459,37576,0.0583953,0.07,1,3220577,3220118,459
233754481,33.6651,32.0776,456,38135,0.0600391,0.03,1,3220908,3220452,456
233757401,47.666,33.231,479,38190,0.0420157,0.05,1,3220965,3220486,479
233760321,40.6664,46.2924,460,38245,0.0468063,0.07,1,3221001,3220541,460
233763241,42.0666,40.117,467,38300,0.0487225,0.13,1,3221044,3220577,467
233766161,37.2266,39.4468,462,38355,0.049489,0.19,1,3221078,3220616,462
233769081,29.8907,36.1787,453,38410,0.0617956,0.17,1,3221103,3220650,453
233772001,13.1563,28.8715,431,38465,0.0667182,0.17,1,3221105,3220674,431
233812881,35.3619,33.4625,428,39227,0.224265,0.13,1,3221580,3221152,428
233815801,32.7447,31.985,428,39281,0.287706,0.13,1,3221611,3221183,428
233833321,46.6642,46.9827,429,39603,0.422486,0.13,1,3221817,3221388,429
233836241,40.2657,40.9931,428,39656,0.414994,0.15,1,3221853,3221425,428
233839161,41.3063,42.1972,427,39709,0.447998,0.17,1,3221895,3221468,427
233906321,33.0646,28.2988,484,40915,0.760265,0.53,2,3222648,3222164,484
233909241,46.8258,33.5195,503,40967,0.778106,0.51,2,3222704,3222201,503
233912161,40.3303,47.6078,482,41019,0.809242,0.51,2,3222740,3222258,482
233915081,42.5321,40.6431,490,41070,0.821697,0.53,2,3222784,3222294,490
233918001,40.4129,42.0573,486,41121,0.814679,0.57,2,3222823,3222337,486
233920921,32.9651,39.0229,477,41172,0.811871,0.57,2,3222851,3222374,477
233923841,14.3861,32.4092,451,41223,0.810749,0.57,2,3222853,3222402,451
233926761,39.3544,14.1637,505,41274,0.822299,0.63,2,3222909,3222404,505
233929681,37.3418,37.4655,488,41325,0.82692,0.63,2,3222945,3222457,488
233932601,16.1367,36.5862,454,41376,0.828768,0.63,2,3222947,3222493,454
233935521,43.6547,15.8345,514,41427,0.841507,0.65,2,3223009,3222495,514
233938441,40.2619,41.1338,494,41478,0.882603,0.73,2,3223047,3222553,494
234113641,34.5762,29.7325,522,44429,0.85336,1,2,3225065,3224543,522
234115101,34.2305,35.293,517,44476,0.893344,1,2,3225099,3224582,517
234173501,80.4462,92.6606,447,20852,0.0702134,0.07,1,3225885,3225438,447
234188101,57.914,60.0896,426,21356,0.095423,0.13,1,3226170,3225744,426
234205621,79.2072,80.1214,428,21945,0.2141,0.07,1,3226555,3226127,428
234208541,55.6829,57.8486,425,22042,0.24764,0.11,1,3226595,3226170,425
234211461,55.8732,56.7394,425,22138,0.285056,0.11,1,3226651,3226226,425
234228981,57.5243,69.1228,473,22707,0.437386,0.27,1,3227028,3226555,473
234266941,85.7028,44.052,559,23891,0.792513,0.55,2,3227876,3227317,559
234269861,61.2811,84.2208,493,23980,0.815005,0.57,2,3227921,3227428,493
234272781,25.7125,60.0883,451,24068,0.824002,0.65,2,3227923,3227472,451
234275701,49.285,60.6353,455,24156,0.827601,0.71,2,3227988,3227533,455
234278621,70.114,73.4541,457,24244,0.84104,0.71,2,3228072,3227615,457
234281541,73.6456,74.9817,457,24331,0.846416,0.73,2,3228148,3227691,457
234284461,47.4582,47.3927,458,24418,0.848567,0.75,2,3228178,3227720,458
234287381,45.3833,44.7571,459,24505,0.861427,0.83,2,3228222,3227763,459
234515141,44.1455,38.4239,496,30518,0.892,1,2,3232480,3231984,496
234518061,38.6582,33.9696,500,30587,0.8608,1,2,3232515,3232015,500
234520981,37.0633,37.5878,496,30656,0.79432,1,2,3232551,3232055,496
234526821,64.0101,55.9341,497,30794,0.279491,1,1,3232706,3232209,497
234532661,42.2816,40.8694,496,30932,0.0819186,1,1,3232784,3232288,496
234535581,35.5126,39.1478,489,31000,0.0507674,1,1,3232815,3232326,489
234538501,55.0051,60.6591,482,31068,0.062307,1,1,3232883,3232401,482
234541421,41.802,45.8636,479,31136,0.0669228,0.82,1,3232916,3232437,479
234544341,38.3208,44.1455,472,31204,0.0927691,0.84,1,3232952,3232480,472
234556021,52.341,64.1301,488,31475,0.0834469,0.09,1,3233136,3232648,488
234558941,40.1364,60.4521,462,31542,0.0993788,0.03,1,3233168,3232706,462
234561861,38.2546,48.7808,458,31609,0.0577515,0.05,1,3233205,3232747,458
234564781,33.9018,41.7123,452,31676,0.0531006,0.03,1,3233236,3232784,452
234567701,57.9607,35.2849,495,31743,0.0512402,0.07,1,3233310,3232815,495
234570621,41.1843,54.914,457,31810,0.0624961,0.07,1,3233340,3232883,457
234573541,38.6737,41.7656,461,31877,0.0429984,0.11,1,3233377,3232916,461
234576461,30.4695,38.3062,450,31943,0.0591994,0.13,1,3233402,3232952,450
234579381,30.1878,30.3225,455,32009,0.0536797,0.13,1,3233432,3232977,455
234582301,61.8751,30.129,508,32075,0.0874719,0.09,1,3233515,3233007,508
234591061,35.64,40.1363,458,32273,0.200238,0.03,1,3233626,3233168,458
234596901,58.7424,33.9018,497,32404,0.0764381,0.05,1,3233733,3233236,497
234599821,42.097,57.9607,454,32469,0.0365752,0.07,1,3233764,3233310,454
234602741,38.4388,41.1843,460,32534,0.0806301,0.03,1,3233800,3233340,460
234605661,31.5755,38.6737,450,32599,0.062252,0.07,1,3233827,3233377,450
234608581,30.6302,30.4695,455,32664,0.0669008,0.05,1,3233857,3233402,455
234614421,26.5008,61.8751,429,32794,0.0959041,0.19,1,3233944,3233515,429
234631941,40.1701,42.097,422,33178,0.0710008,0.11,1,3234186,3233764,422
234634861,39.468,38.4388,425,33242,0.0704003,0.05,1,3234225,3233800,425
234652381,38.2088,36.5201,430,33622,0.202186,0.17,1,3234456,3234026,430
234658221,31.4334,30.5632,431,33748,0.22795,0.05,1,3234515,3234084,431
234661141,50.3734,55.4253,422,33811,0.22918,0.05,1,3234578,3234156,422
234664061,38.1493,40.1701,422,33874,0.229672,0.07,1,3234608,3234186,422
234666981,41.0597,39.468,426,33936,0.241869,0.15,1,3234651,3234225,426
234669901,32.6239,31.3872,427,33998,0.282748,0.15,1,3234678,3234251,427
234684501,37.1289,15.4088,467,34308,0.402131,0.21,1,3234885,3234418,467
234687421,32.8516,28.9635,459,34370,0.418852,0.19,1,3234915,3234456,459
234690341,32.9406,28.3854,464,34432,0.425541,0.25,1,3234948,3234484,464
234693261,50.3763,29.9542,495,34493,0.440216,0.23,1,3235010,3234515,495
234702021,34.1841,40.9651,461,34676,0.444094,0.31,1,3235112,3234651,461
234704941,35.2736,32.586,470,34737,0.423638,0.37,1,3235148,3234678,470
234760421,50.9581,51.122,453,35876,0.792533,0.65,2,3235906,3235453,453
234763341,39.5832,39.0488,454,35935,0.827013,0.65,2,3235938,3235484,454
234766261,41.0333,40.8195,454,35994,0.816805,0.63,2,3235980,3235526,454
234769181,34.4133,33.7278,455,36053,0.836722,0.69,2,3236010,3235555,455
234772101,34.7653,33.8911,456,36112,0.832689,0.71,2,3236045,3235589,456
235134181,30.5854,37.6741,490,42758,0.884608,1,2,3240718,3240228,490
235137101,36.2341,34.2696,498,42807,0.875843,1,2,3240758,3240260,498
235140021,36.6937,24.5079,517,42856,0.884337,1,2,3240795,3240278,517
235142941,34.4775,42.2031,496,42905,0.815735,1,2,3240828,3240332,496
235154621,28.3434,26.6932,528,43101,0.443619,1,1,3240960,3240432,528
235163381,39.206,38.0204,519,43248,0.290712,1,1,3241063,3240544,519
235166301,36.6824,38.6081,515,43297,0.206285,0.87,1,3241098,3240583,515
235175061,30.1877,35.9509,496,43444,0.0595222,0.82,1,3241187,3240691,496
235177981,33.6751,30.5804,505,43493,0.0418089,0.87,1,3241223,3240718,505
235180901,35.07,36.2321,501,43542,0.0587236,0.89,1,3241259,3240758,501
235183821,29.028,36.6929,489,43590,0.0654894,0.77,1,3241284,3240795,489
235186741,33.8112,34.4771,493,43638,0.0681958,0.59,1,3241321,3240828,493
235201341,29.8902,24.5374,472,43878,0.214922,0.27,1,3241454,3240982,472
235207181,31.7824,39.206,460,43974,0.225188,0.15,1,3241523,3241063,460
235210101,26.513,36.6824,448,44022,0.228075,0.07,1,3241546,3241098,448
235213021,31.6052,29.673,458,44070,0.26523,0.09,1,3241581,3241123,458
235215941,29.4421,33.4692,450,44118,0.292092,0.03,1,3241609,3241159,450
235218861,33.9768,30.1877,459,44166,0.218837,0.03,1,3241646,3241187,459
235221781,35.7907,33.6751,460,44214,0.201535,0.07,1,3241683,3241223,460
235233461,24.6042,34.5245,444,44406,0.202295,0.15,1,3241800,3241356,444
235236381,26.6417,23.4098,456,44454,0.218918,0.21,1,3241828,3241372,456
235239301,11.8567,25.5639,431,44501,0.201567,0.15,1,3241830,3241399,431
235245141,28.2971,29.8902,432,44595,0.215851,0.17,1,3241886,3241454,432
235248061,35.9188,35.9561,433,44642,0.24834,0.25,1,3241927,3241494,433
235250981,32.3675,31.7824,434,44689,0.285336,0.23,1,3241957,3241523,434
235277261,24.3021,24.6042,432,45112,0.404016,0.23,1,3242232,3241800,432
235288941,30.0509,28.2971,434,45300,0.417719,0.27,1,3242320,3241886,434
235291861,37.8204,35.9188,436,45347,0.425088,0.31,1,3242363,3241927,436
235294781,33.7281,32.3675,437,45394,0.428035,0.31,1,3242394,3241957,437
235297701,27.2913,26.147,438,45440,0.441214,0.33,1,3242417,3241979,438
235300621,34.3165,33.2588,439,45486,0.434486,0.33,1,3242456,3242017,439
235303541,29.3266,29.5035,438,45532,0.431794,0.33,1,3242482,3242044,438
235306461,30.9306,31.0014,438,45578,0.442718,0.35,1,3242514,3242076,438
235309381,36.3723,35.8006,439,45624,0.423087,0.35,1,3242554,3242115,439
235312301,28.9489,28.7202,439,45670,0.427235,0.39,1,3242578,3242139,439
235376541,32.5525,17.1476,488,46675,0.771905,0.55,2,3243209,3242721,488
235379461,38.221,30.859,490,46720,0.794762,0.55,2,3243251,3242761,490
235382381,36.2884,37.5436,483,46765,0.851905,0.57,2,3243286,3242803,483
235385301,27.7154,34.8174,472,46810,0.862762,0.59,2,3243308,3242836,472
235388221,35.0861,27.127,490,46855,0.867105,0.63,2,3243348,3242858,490
235391141,29.6345,33.6508,478,46900,0.868842,0.63,2,3243374,3242896,478
235394061,31.6538,29.0603,485,46945,0.881537,0.63,2,3243407,3242922,485
235621821,29.1067,21.0071,519,50326,0.835481,1,2,3245723,3245204,519
235624741,29.0427,27.0028,517,50368,0.808192,1,2,3245752,3245235,517
235627661,21.2171,31.2011,499,50410,0.845277,0.98,2,3245768,3245269,499
235630581,25.2868,40.0805,481,50452,0.836111,1,2,3245796,3245315,481
235633501,35.3147,37.0322,488,50494,0.772444,1,2,3245838,3245350,488
235636421,34.5259,35.2129,488,50536,0.758978,1,2,3245872,3245384,488
235642261,35.6441,37.7941,478,50620,0.806636,1,2,3245936,3245458,478
235645181,32.2577,36.7176,472,50662,0.796655,1,2,3245966,3245494,472
235648101,27.9031,31.487,469,50704,0.804662,1,2,3245991,3245522,469
235651021,26.7612,26.3948,472,50746,0.807865,1,2,3246017,3245545,472
235653941,26.3045,24.3579,475,50788,0.809146,0.94,2,3246043,3245568,475
235656861,29.1218,30.1432,472,50829,0.821658,0.91,2,3246074,3245602,472
235659781,31.4487,31.8573,472,50870,0.790663,0.93,2,3246107,3245635,472
235662701,24.5795,26.5429,469,50911,0.802265,0.97,2,3246127,3245658,469
235665621,15.2318,18.4172,465,50952,0.806906,0.87,2,3246136,3245671,465
235668541,14.4927,15.7669,465,50993,0.808762,0.79,2,3246150,3245685,465
235671461,27.3971,29.1067,463,51034,0.785505,0.79,2,3246186,3245723,463
235674381,29.5588,29.0427,465,51075,0.848202,0.87,2,3246217,3245752,465
235677301,21.4235,21.2171,465,51116,0.885281,0.83,2,3246233,3245768,465
235680221,23.5694,25.2868,462,51157,0.888112,0.73,2,3246258,3245796,462
235691901,35.4178,35.6441,458,51321,0.883328,0.79,2,3246394,3245936,458
235694821,33.9671,32.2577,461,51362,0.899331,0.81,2,3246427,3245966,461
235697741,30.3868,27.9031,464,51403,0.881732,0.81,2,3246455,3245991,464
235700661,25.3547,26.7612,460,51444,0.850693,0.81,2,3246477,3246017,460
235703581,26.9419,26.3045,462,51485,0.850277,0.83,2,3246505,3246043,462
235706501,28.7768,29.1218,461,51526,0.862111,0.77,2,3246535,3246074,461
235709421,30.7107,31.4487,460,51567,0.878844,0.81,2,3246567,3246107,460
235712341,24.8843,24.5795,461,51608,0.897538,0.81,2,3246588,3246127,461
235715261,15.9537,15.2318,462,51649,0.881015,0.81,2,3246598,3246136,462
235718181,14.7815,14.4927,462,51690,0.898406,0.77,2,3246612,3246150,462
235884621,327.743,350.583,499,24820,0.802,1,2,3248649,3248150,499
235924041,209.039,221.573,468,24820,0.23512,0.55,1,3248961,3248493,468
235954701,72.8025,72.6207,443,24990,0.0661677,0.03,1,3249226,3248783,443
235957621,77.121,62.0483,468,25075,0.0264671,0.03,1,3249306,3248838,468
235960541,77.0484,80.6193,452,25160,0.0525868,0.03,1,3249383,3248931,452
235963461,81.8194,73.0477,469,25244,0.0630347,0.11,1,3249468,3248999,469
235972221,27.8684,24.9551,447,25495,0.240434,0.07,1,3249544,3249097,447
235975141,39.9474,32.782,457,25578,0.234174,0.11,1,3249592,3249135,457
235978061,51.9789,32.9128,484,25661,0.219669,0.03,1,3249652,3249168,484
235983901,72.3966,67.186,499,25826,0.0915471,0.07,1,3249805,3249306,499
235986821,81.7587,73.0744,510,25908,0.0666188,0.07,1,3249893,3249383,510
235989741,54.9035,80.2298,462,25990,0.0926475,0.15,1,3249930,3249468,462
235992661,35.1614,51.2919,452,26072,0.079059,0.25,1,3249952,3249500,452
235995581,28.4646,31.9168,457,26153,0.0856236,0.27,1,3249976,3249519,457
235998501,40.1858,27.7667,480,26234,0.0882494,0.23,1,3250024,3249544,480
236010181,80.3824,72.394,511,26556,0.0716192,0.05,1,3250316,3249805,511
236013101,54.9529,81.7576,461,26636,0.0466477,0.11,1,3250354,3249893,461
236016021,35.7812,54.903,447,26716,0.0606591,0.07,1,3250377,3249930,447
236018941,28.7125,35.1612,449,26795,0.0542636,0.09,1,3250401,3249952,449
236030621,61.2102,64.3897,429,27110,0.209949,0.13,1,3250585,3250156,429
236033541,67.0841,68.9559,428,27188,0.26998,0.03,1,3250656,3250228,428
236036461,76.6336,80.3824,423,27266,0.281992,0.03,1,3250739,3250316,423
236039381,53.4535,54.9529,423,27344,0.262797,0.07,1,3250777,3250354,423
236042301,35.1814,35.7812,423,27421,0.243119,0.05,1,3250800,3250377,423
236045221,29.0726,28.7125,424,27498,0.235247,0.15,1,3250825,3250401,424
236048141,43.429,40.285,429,27575,0.292099,0.15,1,3250878,3250449,429
236059821,69.6366,67.0841,436,27881,0.41399,0.29,1,3251092,3250656,436
236062741,77.6546,76.6336,436,27957,0.411596,0.25,1,3251175,3250739,436
236071501,28.7059,29.0726,433,28184,0.408662,0.33,1,3251258,3250825,433
236074421,46.8824,43.429,439,28259,0.445465,0.33,1,3251317,3250878,439
236112381,71.1604,63.3096,524,29219,0.756739,0.57,2,3251981,3251457,524
236115301,78.8641,70.3238,533,29291,0.788695,0.61,2,3252065,3251532,533
236118221,53.1457,77.3295,487,29363,0.801478,0.61,2,3252101,3251614,487
236121141,35.0583,52.5318,474,29435,0.818591,0.61,2,3252124,3251650,474
236124061,29.6233,34.2127,478,29507,0.825437,0.63,2,3252150,3251672,478
236126981,50.8493,29.2851,517,29579,0.816175,0.65,2,3252215,3251698,517
236129901,21.5397,49.514,456,29651,0.78847,0.65,2,3252217,3251761,456
236132821,48.8159,21.0056,521,29722,0.801388,0.69,2,3252284,3251763,521
236135741,66.9264,48.0022,534,29793,0.842555,0.73,2,3252363,3251829,534
236138661,27.9705,65.4009,459,29864,0.859022,0.79,2,3252365,3251906,459
236252541,70.6499,45.9241,557,32513,0.892,1,2,3254253,3253696,557
236255461,45.06,67.5696,503,32578,0.8428,1,2,3254281,3253778,503
236267141,38.4015,47.2098,508,32838,0.243384,1,1,3254480,3253972,508
236272981,28.5842,34.0736,488,32966,0.0785414,1,1,3254527,3254039,488
236275901,34.8337,40.0294,483,33030,0.0494166,1,1,3254566,3254083,483
236278821,34.3335,35.8118,484,33094,0.0257666,1,1,3254600,3254116,484
236281741,37.7334,43.1247,476,33158,0.0763067,0.82,1,3254640,3254164,476
236284661,61.2934,70.6499,464,33222,0.0365227,0.81,1,3254717,3254253,464
236287581,39.5173,45.06,461,33286,0.0326091,0.67,1,3254742,3254281,461
236290501,42.2069,51.024,450,33350,0.0430436,0.43,1,3254786,3254336,450
236293421,55.2828,66.0096,438,33413,0.0832174,0.27,1,3254850,3254412,438
236296341,39.5131,48.0038,431,33476,0.099287,0.15,1,3254879,3254448,431
236299261,32.0052,38.4015,426,33539,0.0457148,0.09,1,3254906,3254480,426
236302181,23.0021,24.9606,427,33602,0.0602859,0.03,1,3254923,3254496,427
236305101,26.0008,28.5842,424,33665,0.0661144,0.03,1,3254951,3254527,424
236308021,32.6003,34.8337,422,33728,0.0684457,0.01,1,3254988,3254566,422
236310941,33.4401,34.3335,422,33791,0.0453783,0.11,1,3255022,3254600,422
236313861,37.9761,37.7334,423,33854,0.0361513,0.01,1,3255063,3254640,423
236316781,60.7904,61.2934,422,33916,0.0804605,0.03,1,3255139,3254717,422
236319701,39.3162,39.5173,422,33978,0.0381842,0.05,1,3255164,3254742,422
236322621,42.7265,42.2069,423,34040,0.0692737,0.11,1,3255209,3254786,423
236343061,33.0179,31.3713,455,34473,0.0556426,0.03,1,3255443,3254988,455
236345981,37.8072,32.9485,462,34534,0.064257,0.03,1,3255484,3255022,462
236348901,61.3229,37.7794,498,34595,0.0557028,0.11,1,3255561,3255063,498
236351821,38.9291,60.7118,446,34656,0.0522811,0.01,1,3255585,3255139,446
236354741,45.5717,39.2847,471,34717,0.0749125,0.09,1,3255635,3255164,471
236357661,58.4287,42.7139,493,34778,0.083965,0.13,1,3255702,3255209,493
236360581,40.1715,57.2856,454,34839,0.099586,0.15,1,3255730,3255276,454
236378101,36.9258,33.0179,462,35201,0.0967554,0.07,1,3255905,3255443,462
236381021,62.1703,37.8071,500,35261,0.0567022,0.05,1,3255984,3255484,500
236383941,38.6681,61.3229,446,35321,0.0286809,0.05,1,3256007,3255561,446
236386861,47.8673,38.9291,476,35381,0.0294723,0.09,1,3256061,3255585,476
236389781,59.3469,45.5717,493,35441,0.0777889,0.09,1,3256128,3255635,493
236392701,40.5388,58.4287,454,35501,0.0971156,0.11,1,3256156,3255702,454
236407301,24.0657,29.0364,432,35797,0.239871,0.21,1,3256264,3255832,432
236410221,27.6263,30.8146,430,35856,0.281949,0.03,1,3256294,3255864,430
236413141,31.4505,36.9258,423,35915,0.298779,0.03,1,3256328,3255905,423
236416061,59.9802,62.1703,423,35974,0.257512,0.01,1,3256407,3255984,423
236418981,37.1921,38.6681,422,36033,0.241005,0.03,1,3256429,3256007,422
236424821,61.7507,59.3469,427,36151,0.224561,0.11,1,3256555,3256128,427
236427741,42.1003,40.5388,428,36209,0.251824,0.13,1,3256584,3256156,428
236430661,32.4401,31.8155,428,36267,0.23873,0.15,1,3256610,3256182,428
236433581,24.376,23.5262,429,36325,0.233492,0.17,1,3256629,3256200,429
236436501,29.5504,27.4105,432,36383,0.243397,0.17,1,3256662,3256230,432
236439421,13.0202,12.1642,432,36441,0.247359,0.29,1,3256664,3256232,432
236442341,25.6081,24.0657,434,36499,0.224943,0.31,1,3256698,3256264,434
236445261,28.8432,27.6263,435,36557,0.215977,0.31,1,3256729,3256294,435
236448181,31.9373,31.4505,435,36615,0.236391,0.23,1,3256763,3256328,435
236451101,57.7749,59.9802,431,36673,0.232556,0.23,1,3256838,3256407,431
236454021,36.31,37.1921,431,36731,0.255023,0.15,1,3256860,3256429,431
236456941,46.324,47.8768,429,36789,0.252009,0.25,1,3256913,3256484,429
236459861,63.5296,61.7507,433,36846,0.274804,0.27,1,3256988,3256555,433
236471541,28.996,29.5504,432,37074,0.410283,0.25,1,3257094,3256662,432
236474461,12.7984,13.0202,432,37131,0.422113,0.21,1,3257096,3256664,432
236477381,25.5194,25.6081,432,37188,0.402845,0.21,1,3257130,3256698,432
236480301,28.2077,10.2432,462,37245,0.407138,0.21,1,3257160,3256698,462
236483221,31.6831,22.6973,465,37302,0.444855,0.25,1,3257194,3256729,465
236550381,28.609,26.3157,484,38583,0.758078,0.65,2,3258055,3257571,484
236553301,12.6436,29.1263,455,38638,0.765231,0.71,2,3258057,3257602,455
236556221,27.8574,33.2505,457,38693,0.828093,0.73,2,3258095,3257638,457
236559141,59.143,60.7002,458,38748,0.877237,0.73,2,3258175,3257717,458
236760621,68.4451,76.112,473,19424,0.0986656,0.17,1,3260854,3260381,473
236769381,83.2445,41.0392,518,19750,0.225435,0.15,1,3261044,3260526,518
236772301,106.498,70.4157,550,19857,0.276174,0.09,1,3261166,3260616,550
236783981,40.8719,53.7626,458,20281,0.41675,0.17,1,3261361,3260903,458
236819021,56.1919,57.8332,450,21503,0.751396,0.55,2,3262221,3261771,450
236821941,41.6767,42.9333,449,21602,0.762559,0.57,2,3262253,3261804,449
236824861,89.2707,89.1733,450,21700,0.767023,0.57,2,3262374,3261924,450
236827781,36.9083,36.8693,450,21798,0.768809,0.67,2,3262376,3261926,450
236830701,92.7633,89.7477,455,21895,0.829524,0.77,2,3262506,3262051,455
236833621,79.7053,76.6991,458,21992,0.86581,0.73,2,3262577,3262119,458
236924141,41.103,52.2438,478,24807,0.86752,1,2,3264537,3264059,478
236935821,54.5818,56.6478,474,25147,0.885105,1,2,3264770,3264296,474
236938741,92.0327,89.8591,479,25231,0.816042,0.92,2,3264887,3264408,479
236941661,75.2131,73.1437,481,25315,0.764417,0.93,2,3264951,3264470,481
236944581,42.6852,47.2575,472,25399,0.779767,0.82,2,3264972,3264500,472
236947501,38.0741,41.103,470,25482,0.797907,0.82,2,3265007,3264537,470
236950421,41.6296,16.4412,514,25565,0.805163,0.99,2,3265051,3264537,514
236953341,35.8519,32.9765,502,25648,0.820065,0.98,2,3265083,3264581,502
236956261,85.7407,34.1906,586,25731,0.850026,0.87,2,3265202,3264616,586
236959181,53.4963,86.8762,496,25813,0.86201,0.87,2,3265234,3264738,496
237090581,87.3068,59.9816,576,29278,0.76696,1,2,3267725,3267149,576
237096421,55.8491,56.5171,528,29422,0.416714,1,1,3267826,3267298,528
237099341,39.7396,58.6068,497,29494,0.292685,1,1,3267855,3267358,497
237108101,37.3913,43.1108,504,29709,0.0549719,1,1,3267975,3267471,504
237111021,53.9565,37.0443,536,29780,0.0519887,0.96,1,3268040,3267504,536
237113941,23.3826,51.4177,478,29851,0.0387955,0.97,1,3268043,3267565,478
237116861,36.953,48.7671,477,29922,0.0155182,0.63,1,3268089,3267612,477
237122701,53.5525,66.1227,443,30064,0.200483,0.31,1,3268220,3267777,443
237125621,44.821,55.8491,433,30134,0.206193,0.21,1,3268259,3267826,433
237128541,31.1284,39.7396,426,30204,0.244477,0.09,1,3268281,3267855,426
237131461,38.8514,44.6959,422,30274,0.235791,0.09,1,3268325,3267903,422
237134381,37.1405,39.4783,422,30344,0.220316,0.01,1,3268361,3267939,422
237148981,71.9166,66.3812,432,30691,0.0733248,0.23,1,3268607,3268175,432
237151901,56.3667,53.5525,433,30760,0.0713299,0.21,1,3268653,3268220,433
237154821,45.9467,44.821,433,30829,0.070532,0.27,1,3268692,3268259,433
237157741,31.5787,31.1284,433,30898,0.0702128,0.23,1,3268714,3268281,433
237160661,38.4315,38.8514,432,30966,0.0580851,0.21,1,3268757,3268325,432
237163581,34.5726,37.1405,428,31034,0.053234,0.13,1,3268789,3268361,428
237166501,33.629,37.0562,424,31102,0.0632936,0.13,1,3268822,3268398,424
237169421,56.0516,53.8225,430,31170,0.0553174,0.13,1,3268893,3268463,430
237172341,23.6206,22.729,430,31238,0.052127,0.19,1,3268895,3268465,430
237175261,33.4483,37.2916,423,31306,0.0868508,0.19,1,3268935,3268512,423
237184021,45.7487,52.7867,461,31508,0.201158,0.07,1,3269114,3268653,461
237186941,31.4995,44.5147,444,31575,0.206463,0.07,1,3269136,3268692,444
237189861,38.9998,31.0059,466,31642,0.220585,0.05,1,3269180,3268714,466
237192781,34.7999,38.2023,455,31709,0.226234,0.05,1,3269212,3268757,455
237195701,33.12,34.4809,455,31776,0.240494,0.07,1,3269244,3268789,455
237198621,55.248,33.5924,492,31843,0.258197,0.05,1,3269314,3268822,492
237201541,23.2992,56.037,423,31909,0.265279,0.05,1,3269316,3268893,423
237204461,36.3197,23.6148,466,31975,0.268112,0.11,1,3269361,3268895,466
237210301,58.8511,69.1784,479,32107,0.440098,0.23,1,3269507,3269028,479
237271621,63.5855,62.5095,451,33463,0.76854,0.59,2,3270403,3269952,451
237274541,26.6342,26.2038,451,33526,0.757416,0.59,2,3270405,3269954,451
237277461,34.0537,33.2815,452,33589,0.776966,0.65,2,3270444,3269992,452
237280381,26.8215,26.5126,452,33652,0.820787,0.67,2,3270466,3270014,452
237283301,39.5286,38.805,453,33715,0.838315,0.65,2,3270514,3270061,453
237286221,35.6114,34.722,454,33778,0.809326,0.69,2,3270547,3270093,454
237289141,33.4446,33.0888,454,33841,0.83373,0.67,2,3270579,3270125,454
237292061,57.1778,56.4355,455,33903,0.831492,0.71,2,3270652,3270197,455
237294981,24.0711,23.7742,455,33965,0.830597,0.73,2,3270654,3270199,455
237297901,36.6285,35.9097,456,34027,0.818239,0.75,2,3270699,3270243,456
237300821,80.0514,77.9639,459,34089,0.885296,0.79,2,3270808,3270349,459
237420541,29.3516,30.5952,495,36544,0.875572,1,2,3272454,3271959,495
237423461,36.3406,34.4381,499,36602,0.836229,1,2,3272495,3271996,499
237426381,42.7363,52.7752,481,36660,0.796491,1,2,3272542,3272061,481
237446821,22.9762,24.3684,471,37061,0.28529,0.99,1,3272829,3272358,471
237455581,27.3185,12.5516,490,37232,0.277219,0.85,1,3272916,3272426,490
237458501,34.9274,21.8206,502,37289,0.284887,0.81,1,3272956,3272454,502
237461421,39.771,33.3283,504,37346,0.299955,0.77,1,3272999,3272495,504
237470181,65.9053,35.205,539,37515,0.294477,0.35,1,3273155,3272616,539
237476021,31.6649,57.4728,453,37627,0.283516,0.31,1,3273216,3272763,453
237569461,32.4103,32.9344,451,39384,0.751575,0.63,2,3274291,3273840,451
237572381,39.3641,38.9737,452,39438,0.78663,0.65,2,3274335,3273883,452
237575301,41.5456,40.7895,453,39492,0.824652,0.67,2,3274378,3273925,453
237578221,33.4183,33.1158,453,39545,0.851861,0.65,2,3274406,3273953,453
237581141,66.7673,66.0463,454,39598,0.898744,0.67,2,3274495,3274041,454
237947601,173.2,178.272,498,20544,0.85239,0.92,2,3278864,3278366,498
237950521,131.68,128.909,506,20647,0.862956,1,2,3278968,3278462,506
237953441,95.8721,95.3636,505,20750,0.891182,1,2,3279040,3278535,505
238073161,44.3313,42.383,497,24591,0.83944,1,2,3281716,3281219,497
238081921,70.0852,71.8565,481,24849,0.427884,1,1,3281935,3281454,481
238093601,49.8422,56.8283,463,25188,0.296602,0.77,1,3282143,3281680,463
238096521,39.7369,44.3313,460,25272,0.280641,0.51,1,3282176,3281716,460
238099441,70.4948,76.5325,453,25356,0.298256,0.53,1,3282267,3281814,453
238111121,65.1935,46.7336,514,25689,0.404739,0.39,1,3282489,3281975,514
238114041,47.0774,67.8935,467,25771,0.419896,0.25,1,3282524,3282057,467
238116961,50.031,48.7574,483,25853,0.449958,0.29,1,3282576,3282093,483
238143241,40.7277,50.0307,478,26581,0.771568,0.51,2,3283054,3282576,478
238146161,73.8911,39.2123,542,26661,0.794627,0.53,2,3283150,3282608,542
238149081,48.1564,72.6849,478,26740,0.791851,0.55,2,3283181,3282703,478
238152001,67.2626,47.074,528,26819,0.82674,0.61,2,3283261,3282733,528
238154921,52.105,65.0296,493,26898,0.840696,0.63,2,3283303,3282810,493
238157841,22.042,50.6118,454,26977,0.846278,0.73,2,3283305,3282851,454
238160761,59.8168,68.2447,459,27056,0.860511,0.77,2,3283390,3282931,459
238163681,45.5267,48.2979,460,27134,0.866205,0.75,2,3283426,3282966,460
238292161,43.417,37.5004,496,30378,0.886,1,2,3285702,3285206,496
238295081,43.1668,49.8002,481,30448,0.8644,1,2,3285745,3285264,481
238298001,37.6667,40.9201,480,30518,0.75976,1,2,3285779,3285299,480
238312601,52.1623,52.14,484,30863,0.279892,1,1,3286034,3285550,484
238315521,66.4649,65.856,485,30932,0.201957,1,1,3286110,3285625,485
238318441,40.386,48.5424,471,31000,0.206783,0.81,1,3286133,3285662,471
238333041,38.1665,44.7867,445,31340,0.0915991,0.47,1,3286309,3285864,445
238347641,37.5111,65.777,448,31676,0.216487,0.21,1,3286558,3286110,448
238350561,36.0045,40.1108,460,31743,0.248595,0.11,1,3286593,3286133,460
238353481,39.0018,37.6443,465,31810,0.285438,0.13,1,3286634,3286169,465
238371001,49.2177,65.9862,464,32207,0.419819,0.11,1,3286892,3286428,464
238423561,37.8966,37.9021,447,33370,0.776635,0.51,2,3287616,3287169,447
238426481,36.7587,36.7608,447,33433,0.772654,0.51,2,3287652,3287205,447
238429401,15.9035,15.9043,447,33496,0.795062,0.57,2,3287654,3287207,447
238432321,61.5614,59.7617,450,33559,0.756025,0.55,2,3287746,3287296,450
238435241,49.2246,48.5047,450,33622,0.77641,0.63,2,3287787,3287337,450
238441081,42.5559,40.2808,456,33748,0.797426,0.73,2,3287894,3287438,456
238444001,38.6224,37.7123,456,33811,0.82897,0.69,2,3287930,3287474,456
238446921,41.2489,40.8849,456,33874,0.829588,0.69,2,3287973,3287517,456
238449841,34.4996,34.354,456,33936,0.829835,0.75,2,3288003,3287547,456
238452761,29.3998,28.7416,457,33998,0.841934,0.81,2,3288029,3287572,457
238455681,39.9599,37.8966,460,34060,0.870774,0.77,2,3288076,3287616,460
238461521,16.2336,15.9035,460,34184,0.896524,0.73,2,3288114,3287654,460
238590001,41.3853,43.4094,487,36809,0.868,1,2,3289986,3289499,487
238592921,38.1541,34.7637,494,36866,0.8212,1,2,3290022,3289528,494
238595841,36.2616,30.1055,502,36923,0.75448,1,2,3290057,3289555,502
238604601,34.4807,38.2388,482,37094,0.401807,1,1,3290185,3289703,482
238607521,56.9923,54.2955,489,37151,0.274723,1,1,3290257,3289768,489
238616281,33.7915,29.2749,517,37322,0.0581422,1,1,3290346,3289829,517
238619201,30.9166,39.31,500,37379,0.0292569,1,1,3290375,3289875,500
238622121,33.3666,34.324,504,37436,0.0177028,1,1,3290410,3289906,504
238625041,35.5467,34.1296,507,37492,0.0250811,0.78,1,3290447,3289940,507
238627961,34.6187,41.2518,495,37548,0.0520324,0.79,1,3290481,3289986,495
238630881,31.2475,38.1007,488,37604,0.050813,0.71,1,3290510,3290022,488
238633801,45.499,36.2403,508,37660,0.0623252,0.47,1,3290565,3290057,508
238660081,35.5942,33.3666,460,38163,0.217778,0.03,1,3290870,3290410,460
238663001,35.8377,35.5467,459,38218,0.213111,0.07,1,3290906,3290447,459
238665921,31.1351,34.6187,453,38273,0.235245,0.05,1,3290934,3290481,453
238692201,30.1459,31.2135,433,38768,0.203429,0.21,1,3291231,3290798,433
238695121,33.0584,33.4854,433,38822,0.219372,0.23,1,3291266,3290833,433
238698041,33.0234,35.5942,429,38876,0.225749,0.21,1,3291299,3290870,429
238700961,36.6093,35.8377,432,38930,0.288299,0.25,1,3291338,3290906,432
238715561,51.1186,51.2835,429,39200,0.400728,0.19,1,3291543,3291114,429
238718481,35.4474,35.5134,429,39254,0.430291,0.15,1,3291568,3291139,429
238803161,27.2932,12.3817,490,40786,0.758941,0.67,2,3292525,3292035,490
238806081,31.3173,26.5527,488,40838,0.765576,0.65,2,3292559,3292071,488
238809001,34.1269,31.6211,489,40890,0.780231,0.67,2,3292595,3292106,489
238811921,34.0508,33.6484,488,40942,0.810092,0.67,2,3292629,3292141,488
238814841,40.0203,33.8594,498,40994,0.822037,0.59,2,3292673,3292175,498
238817761,33.4081,41.1437,481,41045,0.862815,0.65,2,3292702,3292221,481
239025081,189.054,184.277,507,19818,0.415589,0.67,1,3295199,3294692,507
239030921,92.2887,95.1243,492,20031,0.401294,0.57,1,3295366,3294874,492
239033841,71.1155,82.4497,475,20137,0.418518,0.33,1,3295423,3294948,475
239036761,74.0462,68.9799,491,20242,0.449407,0.33,1,3295499,3295008,491
239071801,66.2668,66.3705,452,21466,0.757359,0.69,2,3296317,3295865,452
239074721,75.1067,73.9482,454,21565,0.812944,0.67,2,3296398,3295944,454
239077641,37.2427,36.1793,455,21663,0.811177,0.63,2,3296410,3295955,455
239080561,16.0971,15.6717,455,21761,0.822471,0.75,2,3296412,3295957,455
239083481,85.0388,83.6687,457,21858,0.898988,0.73,2,3296543,3296086,457
239168161,66.9777,80.0869,474,24515,0.8476,1,2,3298435,3297961,474
239174001,57.2764,51.9339,487,24687,0.424816,1,1,3298578,3298091,487
239179841,56.6842,62.1894,477,24859,0.251571,1,1,3298683,3298206,477
239185681,43.6295,48.1103,474,25029,0.0966513,0.99,1,3298791,3298317,474
239188601,38.4518,38.4441,477,25114,0.0566605,0.75,1,3298826,3298349,477
239191521,54.3807,66.9777,456,25198,0.0526642,0.43,1,3298891,3298435,456
239194441,78.1523,92.1911,441,25282,0.0630657,0.31,1,3298985,3298544,441
239197361,49.8609,57.2764,438,25366,0.0552263,0.29,1,3299016,3298578,438
239200281,42.1444,48.7106,432,25450,0.0520905,0.29,1,3299053,3298621,432
239203201,51.0577,19.4842,489,25533,0.0508362,0.19,1,3299110,3298621,489
239206121,67.8231,44.9937,506,25616,0.0383345,0.11,1,3299189,3298683,506
239209041,41.5292,68.3975,446,25699,0.0693338,0.05,1,3299213,3298767,446
239211961,37.6117,41.759,457,25781,0.0697335,0.03,1,3299248,3298791,457
239214881,53.4447,37.7036,486,25863,0.0698934,0.05,1,3299312,3298826,486
239217801,78.3779,54.0814,516,25945,0.0939574,0.07,1,3299407,3298891,516
239220721,49.9511,78.0326,453,26027,0.079583,0.05,1,3299438,3298985,453
239223641,41.5805,49.813,458,26108,0.0738332,0.05,1,3299474,3299016,458
239226561,52.6322,42.1252,481,26189,0.0475333,0.05,1,3299534,3299053,481
239229481,67.2529,51.0501,501,26270,0.0370133,0.03,1,3299611,3299110,501
239232401,41.9011,67.82,447,26351,0.0328053,0.09,1,3299636,3299189,447
239235321,38.3605,41.528,459,26431,0.0551221,0.07,1,3299672,3299213,459
239238241,52.5442,37.6112,486,26511,0.0640489,0.07,1,3299734,3299248,486
239241161,79.2177,53.4445,519,26591,0.0796195,0.11,1,3299831,3299312,519
239279121,66.7729,66.6072,427,27608,0.204799,0.11,1,3300460,3300033,427
239282041,27.9092,27.8429,427,27685,0.23192,0.15,1,3300462,3300035,427
239284961,27.3637,26.1371,429,27761,0.266768,0.15,1,3300489,3300060,429
239287881,33.1455,32.6549,429,27837,0.292707,0.17,1,3300526,3300097,429
239290801,51.0582,50.2619,430,27913,0.291083,0.13,1,3300589,3300159,430
239311241,29.4132,11.1637,462,28440,0.401746,0.29,1,3300924,3300462,462
239314161,33.3653,20.6655,471,28514,0.406698,0.31,1,3300960,3300489,471
239317081,51.7461,30.4662,498,28588,0.420679,0.29,1,3301024,3300526,498
239357961,72.4948,52.1279,536,29608,0.770795,0.63,2,3301785,3301249,536
239360881,30.1979,70.6512,455,29679,0.806318,0.63,2,3301787,3301332,455
239363801,30.6792,29.4605,484,29750,0.808527,0.63,2,3301818,3301334,484
239366721,33.8717,30.3842,489,29821,0.797411,0.65,2,3301854,3301365,489
239369641,14.7487,33.7537,455,29892,0.792964,0.67,2,3301856,3301401,455
239372561,45.4995,53.1015,455,29963,0.827186,0.69,2,3301922,3301467,455
239375481,81.1998,83.6406,456,30034,0.840874,0.69,2,3302027,3301571,456
239378401,52.8799,53.8562,456,30104,0.88235,0.71,2,3302061,3301605,456
239381321,41.552,41.3425,457,30174,0.89894,0.77,2,3302095,3301638,457
239506881,75.0156,79.1316,480,33054,0.828016,1,2,3304140,3303660,480
239518561,34.7524,27.3458,517,33310,0.427997,1,1,3304287,3303770,517
239524401,54.6404,66.7753,481,33436,0.27368,1,1,3304376,3303895,481
239530241,34.0625,36.2441,480,33562,0.205789,0.92,1,3304438,3303958,480
239536081,38.57,45.039,468,33688,0.0893262,0.73,1,3304513,3304045,468
239539001,65.228,75.0156,456,33751,0.0897305,0.65,1,3304596,3304140,456
239541921,45.8912,54.0062,449,33814,0.0898922,0.39,1,3304629,3304180,449
239547761,33.9826,38.881,437,33939,0.0755828,0.41,1,3304692,3304255,437
239550681,32.193,34.7524,436,34001,0.0842331,0.33,1,3304723,3304287,436
239553601,19.4772,21.101,435,34063,0.0516932,0.21,1,3304734,3304299,435
239556521,50.3909,54.6404,429,34125,0.0986773,0.15,1,3304805,3304376,429
239559441,39.9564,41.6562,429,34187,0.0934709,0.21,1,3304838,3304409,429
239585721,19.5444,32.1596,433,34740,0.205647,0.03,1,3305156,3304723,433
239588641,52.2178,19.4638,496,34801,0.256259,0.13,1,3305230,3304734,496
239594481,32.1148,39.9542,452,34923,0.294201,0.15,1,3305290,3304838,452
239614921,31.1641,33.6526,460,35344,0.423051,0.21,1,3305575,3305115,460
239673321,69.0752,67.0131,452,36522,0.754218,0.61,2,3306342,3305890,452
239676241,48.6301,47.8052,452,36580,0.775687,0.61,2,3306377,3305925,452
239679161,37.452,37.1221,452,36638,0.796275,0.63,2,3306407,3305955,452
239682081,35.3808,34.6488,453,36696,0.80451,0.65,2,3306441,3305988,453
239685001,33.3523,32.4595,454,36754,0.831804,0.65,2,3306473,3306019,454
239687921,22.3409,21.3838,455,36811,0.830722,0.75,2,3306488,3306033,455
239690841,57.5364,55.9535,457,36868,0.830289,0.73,2,3306569,3306112,457
239693761,44.0145,42.7814,458,36925,0.818115,0.75,2,3306604,3306146,458
239696681,33.2058,33.3126,457,36982,0.813246,0.73,2,3306630,3306173,457
239699601,31.2823,31.925,456,37039,0.811298,0.73,2,3306660,3306204,456
239702521,13.7129,13.97,456,37096,0.834519,0.73,2,3306662,3306206,456
239705441,31.2852,30.188,458,37153,0.843808,0.73,2,3306705,3306247,458
239708361,70.7141,12.0752,555,37210,0.859523,0.77,2,3306802,3306247,555
239836841,49.4318,61.7672,485,39632,0.8716,1,2,3308471,3307986,485
239839761,41.9727,43.9069,490,39685,0.81064,1,2,3308508,3308018,490
239857281,41.2534,49.76,483,40003,0.285731,1,1,3308742,3308259,483
239860201,33.9014,36.704,484,40056,0.264293,1,1,3308771,3308287,484
239863121,27.9605,32.6816,478,40109,0.219717,1,1,3308795,3308317,478
239871881,32.2935,26.8116,506,40268,0.0853419,0.99,1,3308881,3308375,506
239874801,45.9174,32.3246,525,40320,0.0641368,0.79,1,3308936,3308411,525
239877721,36.367,48.9299,495,40372,0.0556547,0.77,1,3308966,3308471,495
239880641,33.1468,41.7719,489,40424,0.0402619,0.67,1,3308997,3308508,489
239883561,32.4587,36.5088,488,40476,0.0461048,0.59,1,3309029,3308541,488
239886481,29.1835,33.8035,483,40528,0.0244419,0.53,1,3309056,3308573,483
239889401,28.4734,33.3214,478,40580,0.0397768,0.53,1,3309084,3308606,478
239892321,49.7894,31.3286,512,40632,0.0819107,0.25,1,3309148,3308636,512
239912761,43.7391,32.2935,476,40996,0.205558,0.05,1,3309357,3308881,476
239915681,37.2956,45.9174,454,41047,0.244223,0.05,1,3309390,3308936,454
239918601,31.7183,36.367,452,41098,0.259689,0.03,1,3309418,3308966,452
239921521,32.4873,33.1468,454,41149,0.229876,0.05,1,3309451,3308997,454
239924441,29.1949,32.4587,449,41200,0.20595,0.01,1,3309478,3309029,449
239930281,52.1912,28.4734,490,41302,0.230952,0.11,1,3309574,3309084,490
239933201,36.4765,49.7894,452,41353,0.278381,0.13,1,3309600,3309148,452
239939041,25.8762,31.3663,450,41455,0.285741,0.09,1,3309652,3309202,450
239941961,23.5505,25.7465,450,41506,0.276296,0.15,1,3309674,3309224,450
239944881,10.6202,22.2986,432,41557,0.272519,0.19,1,3309676,3309244,432
239953641,45.3437,43.7391,434,41710,0.402641,0.27,1,3309791,3309357,434
240061681,25.5764,33.4931,470,43544,0.769428,0.63,2,3310983,3310513,470
240064601,23.4305,25.3972,472,43592,0.781771,0.63,2,3311005,3310533,472
240067521,10.5722,23.3589,452,43640,0.786708,0.63,2,3311007,3310555,452
240070441,21.0289,10.5436,478,43688,0.800683,0.61,2,3311035,3310557,478
240073361,33.0116,20.4174,492,43736,0.818273,0.69,2,3311076,3310584,492
240076281,50.4046,30.367,517,43784,0.849309,0.73,2,3311138,3310621,517
240079201,40.5618,48.1468,491,43832,0.873724,0.73,2,3311172,3310681,491
240082121,30.6247,39.6587,481,43880,0.883489,0.71,2,3311196,3310715,481
240400401,91.2106,100.396,473,22093,0.0844,0.23,1,3314877,3314404,473
240403321,79.0842,80.3583,477,22189,0.06376,0.09,1,3314948,3314471,477
240406241,44.8337,69.3433,437,22285,0.031504,0.01,1,3314970,3314533,437
240409161,38.3335,46.3373,440,22380,0.0306016,0,1,3315004,3314564,440
240412081,59.7334,40.1349,478,22475,0.0302406,0.11,1,3315078,3314600,478
240415001,62.8934,62.854,465,22569,0.0120963,0.05,1,3315143,3314678,465
240417921,77.9573,67.7416,482,22663,0.0228385,0.05,1,3315231,3314749,482
240420841,71.9829,63.0966,490,22757,0.0511354,0.07,1,3315299,3314809,490
240423761,71.3932,66.0387,493,22850,0.0744542,0.05,1,3315370,3314877,493
240426681,41.1573,69.0155,443,22943,0.0837817,0.01,1,3315391,3314948,443
240429601,37.4629,40.8062,456,23035,0.0395127,0.03,1,3315426,3314970,456
240432521,59.3852,36.7225,496,23127,0.0218051,0.03,1,3315500,3315004,496
240435441,62.7541,59.089,487,23219,0.014722,0,1,3315565,3315078,487
240438361,77.9016,62.6356,510,23310,0.0238888,0.03,1,3315653,3315143,510
240441281,73.1606,77.8542,492,23401,0.0395555,0.07,1,3315723,3315231,492
240444201,71.8643,71.9417,495,23492,0.0818222,0.09,1,3315794,3315299,495
240450041,37.4183,41.1507,457,23672,0.0790915,0.01,1,3315848,3315391,457
240452961,59.3673,37.4603,496,23762,0.0316366,0.01,1,3315922,3315426,496
240455881,62.1469,59.3841,486,23851,0.0426546,0.01,1,3315986,3315500,486
240458801,78.2588,62.7536,510,23940,0.0590619,0.03,1,3316075,3315565,510
240461721,32.5035,77.9015,424,24029,0.0656247,0.05,1,3316077,3315653,424
240464641,56.2014,73.1606,426,24117,0.0682499,0.11,1,3316149,3315723,426
240467561,66.8806,71.8642,429,24205,0.0933,0.15,1,3316223,3315794,429
240476321,57.9924,59.3673,424,24467,0.0863712,0.05,1,3316346,3315922,424
240479241,62.1969,62.1469,425,24554,0.0525485,0.07,1,3316411,3315986,425
240482161,78.2788,78.2588,425,24640,0.0990194,0.07,1,3316500,3316075,425
240485081,32.5115,32.5035,425,24726,0.0936078,0.07,1,3316502,3316077,425
240493841,37.0727,36.9522,427,24982,0.211671,0.15,1,3316667,3316240,427
240496761,34.0291,33.9809,427,25067,0.222668,0.05,1,3316699,3316272,427
240523041,51.4896,31.8708,493,25818,0.228116,0.11,1,3317192,3316699,493
240525961,60.7958,54.1483,491,25900,0.229246,0.13,1,3317259,3316768,491
240528881,81.3183,61.2593,520,25982,0.253699,0.15,1,3317354,3316834,520
240531801,33.7273,80.3037,429,26064,0.275479,0.17,1,3317356,3316927,429
240534721,59.0909,33.3215,503,26145,0.296192,0.21,1,3317432,3316929,503
240543481,35.5098,37.5566,463,26388,0.404636,0.21,1,3317560,3317097,463
240546401,53.2039,34.2226,496,26468,0.419855,0.25,1,3317625,3317129,496
240549321,61.4816,51.4891,500,26548,0.449942,0.23,1,3317692,3317192,500
240584361,60.8329,59.9268,449,27490,0.755512,0.59,2,3318317,3317868,449
240587281,72.9332,71.3707,451,27567,0.776205,0.59,2,3318398,3317947,451
240590201,30.3733,29.7483,451,27644,0.784482,0.61,2,3318400,3317949,451
240593121,23.5493,22.6993,452,27721,0.823793,0.67,2,3318419,3317967,452
240596041,32.2197,31.2797,453,27797,0.863517,0.65,2,3318457,3318004,453
240601881,62.1552,61.7648,454,27949,0.883363,0.75,2,3318591,3318137,454
240607721,35.8648,35.0824,457,28101,0.898538,0.77,2,3318696,3318239,457
240610641,61.7459,60.8329,458,28176,0.893415,0.79,2,3318775,3318317,458
240721601,51.5144,57.7588,482,30903,0.80104,1,2,3320679,3320197,482
240733281,39.954,35.4098,501,31175,0.0717226,1,1,3320874,3320373,501
240736201,30.9816,30.3639,499,31243,0.058689,1,1,3320899,3320400,499
240739121,20.7926,31.3456,481,31311,0.0654756,1,1,3320913,3320432,481
240742041,37.7171,12.5382,530,31379,0.0441902,1,1,3320962,3320432,530
240744961,73.8868,44.0153,563,31446,0.0476761,0.84,1,3321060,3320497,563
240747881,49.3547,75.2061,500,31513,0.0370704,0.91,1,3321093,3320593,500
240750801,44.9419,51.0824,507,31580,0.0328282,0.73,1,3321135,3320628,507
240753721,56.3768,51.033,520,31647,0.0431313,0.29,1,3321199,3320679,520
240756641,37.5507,70.2132,462,31714,0.0832525,0.23,1,3321224,3320762,462
240759561,36.6203,44.8853,470,31781,0.099301,0.05,1,3321260,3320790,470
240762481,35.6481,47.3541,456,31848,0.0697204,0.01,1,3321295,3320839,456
240765401,29.2592,39.9416,446,31914,0.0458882,0.05,1,3321320,3320874,446
240768321,21.3037,30.9767,437,31980,0.0243553,0.07,1,3321336,3320899,437
240771241,37.9215,20.7907,472,32046,0.0277421,0.03,1,3321385,3320913,472
240774161,73.3686,37.7163,520,32112,0.0110968,0.05,1,3321482,3320962,520
240777081,49.7474,73.8865,456,32178,0.0104387,0.03,1,3321516,3321060,456
240780001,45.099,49.3546,465,32244,0.0821755,0.03,1,3321558,3321093,465
240797521,21.6524,29.2592,438,32635,0.0513913,0.01,1,3321758,3321320,438
240800441,37.461,21.3037,470,32700,0.0265565,0.03,1,3321806,3321336,470
240803361,73.1844,37.9215,518,32765,0.0166226,0,1,3321903,3321385,518
240806281,30.4738,73.3686,423,32830,0.012649,0.01,1,3321905,3321482,423
240809201,33.1895,49.7474,424,32894,0.0110596,0.13,1,3321940,3321516,424
240812121,41.4758,45.099,429,32958,0.0224238,0.13,1,3321987,3321558,429
240815041,53.7903,55.8396,428,33022,0.0389695,0.15,1,3322049,3321621,428
240817961,39.5161,39.7358,429,33086,0.0455878,0.13,1,3322079,3321650,429
240832561,37.2034,37.461,424,33405,0.0889308,0.01,1,3322230,3321806,424
240835481,72.4813,73.1844,423,33468,0.0775723,0.01,1,3322326,3321903,423
240838401,30.1925,30.4738,423,33531,0.0490289,0.01,1,3322328,3321905,423
240841321,32.477,33.1895,422,33594,0.0616116,0.03,1,3322362,3321940,422
240844241,41.1908,41.4758,422,33657,0.0666446,0.05,1,3322409,3321987,422
240870521,29.346,30.1925,423,34218,0.210286,0.03,1,3322751,3322328,423
240882201,41.8105,53.7169,457,34465,0.253399,0.15,1,3322930,3322473,457
240885121,36.5242,40.6868,458,34526,0.27536,0.13,1,3322963,3322505,458
240888041,36.8097,36.0747,462,34587,0.296144,0.15,1,3323000,3322538,462
240890961,26.7239,35.4299,447,34648,0.280458,0.13,1,3323020,3322573,447
240893881,21.4895,26.172,445,34709,0.274183,0.13,1,3323038,3322593,445
240896801,35.5958,21.2688,472,34770,0.259673,0.19,1,3323083,3322611,472
240899721,71.8383,34.9075,524,34831,0.265869,0.19,1,3323179,3322655,524
240902641,29.9353,70.363,432,34892,0.268348,0.23,1,3323181,3322749,432
240905561,31.7741,29.3452,463,34953,0.281339,0.19,1,3323214,3322751,463
240908481,40.3097,31.5381,476,35013,0.298536,0.17,1,3323260,3322784,476
240920161,36.8879,36.5242,471,35253,0.425579,0.31,1,3323434,3322963,471
240923081,26.7552,36.8097,454,35313,0.440231,0.27,1,3323454,3323000,454
240926001,21.5021,26.7239,452,35373,0.446093,0.27,1,3323472,3323020,452
240975641,42.5099,40.8128,449,36375,0.751114,0.55,2,3324145,3323696,449
240978561,18.204,17.5251,449,36433,0.786446,0.59,2,3324147,3323698,449
240981481,53.4816,52.0101,451,36491,0.788578,0.65,2,3324224,3323773,451
240984401,41.7926,40.004,453,36549,0.813431,0.69,2,3324258,3323805,453
240987321,37.7171,36.4016,454,36607,0.847373,0.65,2,3324293,3323839,454
240990241,38.4868,37.9606,454,36665,0.884949,0.65,2,3324332,3323878,454
240993161,27.3947,27.1843,454,36723,0.87598,0.65,2,3324352,3323898,454
240996081,21.7579,21.6737,454,36781,0.872392,0.67,2,3324370,3323916,454
240999001,36.3032,35.6695,455,36838,0.870957,0.75,2,3324416,3323961,455
241150841,53.3928,45.5234,492,39709,0.8188,1,2,3326450,3325958,492
241165441,37.2293,37.6854,485,39974,0.431812,1,1,3326630,3326145,485
241174201,34.1587,12.4439,527,40133,0.261156,1,1,3326730,3326203,527
241177121,28.6635,24.1775,520,40186,0.266462,1,1,3326755,3326235,520
241180041,17.4654,24.671,505,40239,0.292585,1,1,3326765,3326260,505
241182961,22.5862,26.0684,504,40291,0.255034,1,1,3326791,3326287,504
241185881,55.2345,27.2274,553,40343,0.264014,0.87,1,3326868,3326315,553
241188801,43.6938,64.2909,500,40395,0.255605,0.75,1,3326904,3326404,500
241191721,35.4775,53.3164,484,40447,0.252242,0.67,1,3326934,3326450,484
241194641,34.591,39.9266,487,40499,0.250897,0.59,1,3326968,3326481,487
241197561,28.8364,37.5706,476,40551,0.298359,0.63,1,3326993,3326517,476
241220921,21.7286,17.4654,460,40967,0.403767,0.23,1,3327225,3326765,460
241226761,42.2366,55.2345,469,41070,0.416203,0.25,1,3327337,3326868,469
241229681,36.0946,43.6938,465,41121,0.436481,0.25,1,3327369,3326904,465
241285161,27.2496,27.2726,446,42085,0.752913,0.49,2,3327975,3327529,446
241293921,31.648,30.3295,450,42235,0.796266,0.57,2,3328081,3327631,450
241296841,13.8592,13.3318,450,42285,0.816507,0.57,2,3328083,3327633,450
241299761,10.3437,10.1327,450,42335,0.836603,0.65,2,3328091,3327641,450
241302681,23.3375,20.8531,454,42385,0.868641,0.67,2,3328123,3327669,454
241305601,55.535,53.9412,455,42435,0.881456,0.73,2,3328200,3327745,455
241308521,45.014,43.1765,457,42485,0.898583,0.75,2,3328238,3327781,457
241498321,40.5408,42.6056,490,45599,0.86872,1,2,3330401,3329911,490
241565481,111.915,113.027,457,21370,0.0547037,0.07,1,3331183,3330726,457
241568401,83.7662,84.8107,456,21469,0.0638815,0.05,1,3331248,3330792,456
241574241,71.2426,61.8097,469,21666,0.047421,0.03,1,3331381,3330912,469
241577161,45.897,69.7239,423,21764,0.0609684,0.05,1,3331410,3330987,423
241580081,39.9588,32.0896,452,21861,0.0663874,0.09,1,3331446,3330994,452
241583001,67.5835,82.4358,422,21958,0.0565549,0.01,1,3331532,3331110,422
241585921,72.0334,76.7743,424,22055,0.052622,0.07,1,3331607,3331183,424
241588841,67.2134,69.7097,423,22151,0.0510488,0.13,1,3331671,3331248,423
241591761,65.2853,64.4839,426,22247,0.0744195,0.01,1,3331735,3331309,426
241594681,68.1141,68.9936,424,22342,0.0837678,0.07,1,3331805,3331381,424
241597601,44.6457,44.9974,424,22437,0.0755071,0.07,1,3331834,3331410,424
241600521,38.8583,39.599,423,22532,0.0602028,0.07,1,3331869,3331446,423
241603441,65.9433,15.8396,507,22626,0.0540811,0.05,1,3331953,3331446,507
241606361,71.9773,57.9358,497,22720,0.0396325,0.05,1,3332029,3331532,497
241609281,67.7909,68.1743,487,22813,0.045853,0.05,1,3332094,3331607,487
241612201,66.7164,65.6697,489,22906,0.0723412,0.09,1,3332160,3331671,489
241626801,71.4189,65.9275,498,23365,0.211298,0.03,1,3332451,3331953,498
241635561,68.8668,66.7154,495,23636,0.210563,0.13,1,3332655,3332160,495
241638481,44.9467,67.4861,456,23726,0.234225,0.15,1,3332684,3332228,456
241641401,39.5787,43.7945,464,23815,0.24369,0.15,1,3332720,3332256,464
241644321,68.0315,39.1178,515,23904,0.247476,0.21,1,3332807,3332292,515
241647241,28.4126,66.0471,433,23993,0.24899,0.23,1,3332809,3332376,433
241650161,56.365,71.4188,433,24081,0.285596,0.19,1,3332884,3332451,433
241658921,68.7674,68.8668,433,24344,0.411158,0.25,1,3333088,3332655,433
241699801,65.4484,22.7687,518,25536,0.795662,0.59,2,3333837,3333319,518
241702721,67.5793,49.9075,519,25619,0.840265,0.63,2,3333906,3333387,519
241705641,76.2317,60.763,533,25702,0.846106,0.77,2,3333988,3333455,533
241708561,49.0927,69.9052,488,25784,0.860442,0.75,2,3334019,3333531,488
241711481,43.0371,47.1621,495,25866,0.866177,0.71,2,3334058,3333563,495
241714401,68.8148,41.6648,543,25948,0.880471,0.71,2,3334144,3333601,543
241717321,28.7259,68.8659,458,26030,0.886188,0.75,2,3334146,3333688,458
241825361,70.9362,56.7789,553,28886,0.862,1,2,3336203,3335650,553
241839961,42.784,41.0473,516,29251,0.0732141,1,1,3336435,3335919,516
241842881,53.7136,36.8189,543,29323,0.0472856,1,1,3336496,3335953,543
241845801,44.2854,59.1276,507,29395,0.0369143,1,1,3336534,3336027,507
241848721,55.5142,39.851,543,29467,0.0447657,1,1,3336597,3336054,543
241851641,60.6057,57.3404,538,29539,0.0359063,0.77,1,3336661,3336123,538
241854561,59.6423,70.9362,517,29611,0.0443625,0.47,1,3336720,3336203,517
241857481,44.2569,73.3745,476,29682,0.035745,0.37,1,3336754,3336278,476
241860401,35.7028,52.7498,467,29753,0.044298,0.21,1,3336784,3336317,467
241863321,30.4811,43.8999,456,29824,0.0597192,0.07,1,3336811,3336355,456
241866241,13.3924,37.96,424,29895,0.0658877,0.01,1,3336813,3336389,424
241869161,33.557,42.784,425,29966,0.0263551,0.03,1,3336860,3336435,425
241872081,48.2228,53.7136,422,30037,0.028542,0.03,1,3336918,3336496,422
241875001,42.0891,44.2854,422,30107,0.0414168,0.05,1,3336956,3336534,422
241877921,54.6356,55.5142,422,30177,0.0945667,0.03,1,3337019,3336597,422
241880841,62.0543,60.6057,425,30247,0.0798267,0.05,1,3337086,3336661,425
241883761,60.2217,59.6423,425,30317,0.0859307,0.03,1,3337145,3336720,425
241886681,43.2887,44.2569,423,30387,0.0343723,0.05,1,3337177,3336754,423
241889601,37.1155,35.7028,426,30457,0.0437489,0.07,1,3337210,3336784,426
241892521,29.2462,30.4811,423,30526,0.0834996,0.07,1,3337234,3336811,423
241895441,12.8985,13.3924,423,30595,0.0993998,0,1,3337236,3336813,423
241898361,32.7594,33.557,422,30664,0.0577599,0.03,1,3337282,3336860,422
241901281,47.9038,48.2228,422,30733,0.053104,0.05,1,3337340,3336918,422
241904201,42.5615,42.0891,423,30802,0.0392416,0.13,1,3337379,3336956,423
241907121,56.6246,54.6356,426,30871,0.0816966,0.07,1,3337445,3337019,426
241910041,61.0498,62.0543,423,30940,0.0986787,0.09,1,3337509,3337086,423
241912961,60.4199,60.2217,424,31008,0.0934715,0,1,3337569,3337145,424
241915881,42.168,43.2887,422,31076,0.0673886,0.05,1,3337599,3337177,422
241918801,37.2672,37.1155,423,31144,0.0689554,0.11,1,3337633,3337210,423
241921721,30.5069,29.2462,425,31212,0.0935822,0.11,1,3337659,3337234,425
241927561,30.5611,5.15939,467,31348,0.0413731,0.03,1,3337703,3337236,467
241930481,47.0244,29.6638,479,31415,0.0225493,0.05,1,3337761,3337282,479
241933401,42.2098,46.6655,460,31482,0.0390197,0.03,1,3337800,3337340,460
241936321,58.8839,42.0662,491,31549,0.0216079,0.11,1,3337870,3337379,491
241939241,62.5536,56.4265,490,31616,0.0506432,0.11,1,3337935,3337445,490
241942161,60.4214,60.9706,485,31683,0.0982573,0.09,1,3337994,3337509,485
241962601,42.5414,47.0243,461,32147,0.0410685,0.05,1,3338222,3337761,461
241965521,59.0166,42.2097,492,32213,0.0344274,0.01,1,3338292,3337800,492
241968441,65.0066,58.8839,491,32279,0.043771,0.07,1,3338361,3337870,491
241971361,62.0027,62.5536,486,32345,0.0475084,0.13,1,3338421,3337935,486
241974281,42.2011,60.4214,456,32410,0.0610034,0.15,1,3338450,3337994,456
241977201,37.8804,40.9686,463,32475,0.0664013,0.17,1,3338485,3338022,463
241980121,31.9522,36.1874,458,32540,0.0685605,0.19,1,3338513,3338055,458
241983041,13.9809,31.275,432,32605,0.0694242,0.19,1,3338515,3338083,432
241985961,25.9923,13.71,464,32670,0.0937697,0.13,1,3338549,3338085,464
241994721,31.3275,42.5414,423,32864,0.0609613,0.03,1,3338645,3338222,423
242000561,62.6124,65.0066,422,32992,0.0949538,0.05,1,3338783,3338361,422
242009321,38.1592,37.8804,425,33184,0.213677,0.07,1,3338910,3338485,425
242012241,32.6637,31.9522,426,33248,0.235471,0.07,1,3338939,3338513,426
242015161,14.2655,13.9809,426,33312,0.244188,0.11,1,3338941,3338515,426
242018081,26.7062,25.9923,427,33375,0.247675,0.11,1,3338976,3338549,427
242021001,41.8825,42.7969,425,33438,0.27307,0.11,1,3339028,3338603,425
242023921,17.953,18.3188,425,33501,0.259228,0.03,1,3339030,3338605,425
242026841,29.3812,31.3275,422,33564,0.217691,0.13,1,3339067,3338645,422
242029761,56.1525,54.531,426,33627,0.201076,0.09,1,3339141,3338715,426
242035601,63.1044,62.245,427,33753,0.215772,0.13,1,3339272,3338845,427
242038521,43.8418,42.898,428,33816,0.236309,0.27,1,3339303,3338875,428
242058961,26.5809,29.3812,429,34251,0.409718,0.19,1,3339496,3339067,429
242061881,54.4324,11.7525,502,34313,0.409887,0.19,1,3339569,3339067,502
242070641,45.6037,61.9762,465,34498,0.413353,0.25,1,3339737,3339272,465
242073561,43.4415,43.3905,476,34559,0.423341,0.35,1,3339779,3339303,476
242143641,35.3955,36.0542,450,35999,0.756184,0.57,2,3340702,3340252,450
242149481,27.7433,27.8487,450,36117,0.782189,0.61,2,3340740,3340290,450
242152401,47.0973,45.9395,452,36176,0.834876,0.61,2,3340800,3340348,452
242155321,20.0389,19.5758,452,36234,0.83195,0.57,2,3340802,3340350,452
242158241,29.0156,28.8303,452,36292,0.84278,0.61,2,3340837,3340385,452
242161161,54.8062,54.7321,452,36350,0.871112,0.61,2,3340909,3340457,452
242164081,23.1225,23.0928,452,36408,0.858445,0.63,2,3340911,3340459,452
242167001,51.249,50.6371,453,36466,0.865378,0.71,2,3340981,3340528,453
242342201,35.7803,36.5606,504,39793,0.857651,1,2,3343294,3342790,504
242345121,35.3121,37.4242,501,39846,0.81706,1,2,3343329,3342828,501
242365561,30.8767,27.668,515,40217,0.288722,1,1,3343616,3343101,515
242368481,31.5507,35.0672,507,40270,0.277489,0.95,1,3343648,3343141,507
242371401,21.6203,31.4269,493,40322,0.272995,0.97,1,3343663,3343170,493
242374321,23.0481,25.1707,496,40374,0.283198,1,1,3343687,3343191,496
242377241,32.0192,26.2683,507,40426,0.263279,0.89,1,3343725,3343218,507
242380161,31.4077,33.9073,499,40478,0.291312,0.81,1,3343756,3343257,499
242391841,43.3272,63.4888,477,40686,0.410898,0.33,1,3343927,3343450,477
242394761,40.7309,46.9955,480,40738,0.446359,0.35,1,3343966,3343486,480
242397681,31.2924,45.1982,461,40790,0.424544,0.35,1,3343991,3343530,461
242400601,32.3169,32.4793,470,40842,0.427817,0.29,1,3344024,3343554,470
242403521,30.3268,32.1917,467,40894,0.429127,0.27,1,3344053,3343586,467
242412281,22.3169,21.6203,459,41049,0.438584,0.29,1,3344122,3343663,459
242418121,31.8907,32.0192,467,41151,0.440973,0.31,1,3344192,3343725,467
242421041,30.7563,31.4077,466,41202,0.434389,0.35,1,3344222,3343756,466
242423961,35.7025,29.3631,477,41253,0.419756,0.35,1,3344261,3343784,477
242426881,56.881,34.5452,510,41304,0.413902,0.41,1,3344332,3343822,510
242444401,22.4789,30.3268,443,41610,0.438098,0.47,1,3344496,3344053,443
242447321,28.7915,30.7307,445,41661,0.445239,0.45,1,3344529,3344084,445
242450241,19.9166,21.2923,444,41712,0.448096,0.43,1,3344543,3344099,444
242453161,21.1666,22.3169,443,41763,0.449238,0.47,1,3344565,3344122,443
242456081,31.8667,31.7268,444,41814,0.437695,0.43,1,3344604,3344160,444
242488201,28.6691,28.7915,442,42364,0.770284,0.45,2,3344971,3344529,442
242491121,19.8676,19.9166,442,42414,0.782113,0.45,2,3344985,3344543,442
242494041,21.1471,21.1666,442,42464,0.774845,0.43,2,3345007,3344565,442
242496961,32.4588,31.8667,443,42514,0.795938,0.49,2,3345047,3344604,443
242499881,32.7835,31.3467,445,42564,0.792375,0.51,2,3345080,3344635,445
242502801,29.9134,29.3387,445,42614,0.82695,0.55,2,3345108,3344663,445
242505721,37.1654,35.7355,447,42664,0.85278,0.61,2,3345150,3344703,447
242856121,109.239,133.437,470,22093,0.0815008,0.39,1,3349149,3348679,470
242859041,80.2957,89.9748,470,22189,0.0746003,0.03,1,3349210,3348740,470
242861961,76.5183,86.3899,460,22285,0.0478401,0.05,1,3349284,3348824,460
242864881,60.6073,79.556,435,22380,0.037136,0.03,1,3349334,3348899,435
242867801,61.4429,62.4224,446,22475,0.0328544,0.23,1,3349396,3348950,446
242870721,40.7772,43.569,442,22569,0.0671418,0.11,1,3349423,3348981,442
242873641,67.9109,33.6276,501,22663,0.0448567,0.01,1,3349509,3349008,501
242876561,63.7643,60.851,483,22757,0.0359427,0.01,1,3349570,3349087,483
242879481,65.1057,61.5404,487,22850,0.0563771,0.07,1,3349636,3349149,487
242882401,67.4423,61.2162,495,22943,0.0405508,0.03,1,3349705,3349210,495
242885321,56.9769,68.8865,471,23035,0.0342203,0.03,1,3349755,3349284,471
242888241,60.5908,57.5546,484,23127,0.0316881,0.03,1,3349818,3349334,484
242891161,42.2363,60.2218,452,23219,0.0546753,0.09,1,3349848,3349396,452
242894081,66.6945,40.2887,508,23310,0.0758701,0.03,1,3349931,3349423,508
242897001,63.2778,67.7155,483,23401,0.084348,0.03,1,3349992,3349509,483
242899921,66.7111,63.6862,491,23492,0.0397392,0.07,1,3350061,3349570,491
242902841,65.6844,65.0745,490,23582,0.0338957,0.03,1,3350126,3349636,490
242905761,56.2738,67.4298,471,23672,0.0135583,0.03,1,3350176,3349705,471
242908681,60.9095,56.9719,485,23762,0.0234233,0.03,1,3350240,3349755,485
242911601,44.1638,60.5888,455,23851,0.0273693,0.07,1,3350273,3349818,455
242914521,67.4655,42.2355,508,23940,0.0529477,0.09,1,3350356,3349848,508
242917441,28.1862,66.6942,427,24029,0.0751791,0.09,1,3350358,3349931,427
242929121,55.3216,56.2738,423,24380,0.0958606,0.03,1,3350599,3350176,423
242932041,61.1286,60.9095,424,24467,0.0683442,0.03,1,3350664,3350240,424
242934961,43.6514,44.1638,423,24554,0.0933377,0.07,1,3350696,3350273,423
242943721,48.8257,47.2745,429,24812,0.0969336,0.19,1,3350847,3350418,429
242955401,61.4323,61.1286,425,25152,0.0889295,0.11,1,3351089,3350664,425
242958321,43.7729,43.6514,425,25236,0.0775718,0.11,1,3351121,3350696,425
242961241,71.5092,69.6606,428,25320,0.0970287,0.11,1,3351211,3350783,428
242972921,62.6034,47.4121,492,25653,0.208548,0.17,1,3351405,3350913,492
242975841,52.0414,56.7648,474,25736,0.245419,0.19,1,3351450,3350976,474
242978761,57.4166,49.7059,490,25818,0.236168,0.03,1,3351511,3351021,490
242981681,42.1666,60.6824,454,25900,0.244467,0.07,1,3351543,3351089,454
242984601,73.2666,43.473,516,25982,0.247787,0.11,1,3351637,3351121,516
242987521,30.5067,71.3892,428,26064,0.249115,0.11,1,3351639,3351211,428
242990441,51.2027,29.7557,491,26145,0.261646,0.19,1,3351704,3351213,491
242993361,61.2811,48.5023,498,26226,0.278658,0.19,1,3351772,3351274,498
243019641,26.3068,61.2811,439,26945,0.402501,0.37,1,3352211,3351772,439
243022561,50.7227,63.5124,441,27024,0.443,0.37,1,3352278,3351837,441
243051761,47.7846,46.6891,446,27797,0.751527,0.57,2,3352768,3352322,446
243054681,56.3138,54.6756,448,27873,0.762611,0.61,2,3352830,3352382,448
243057601,44.1255,42.2703,450,27949,0.791044,0.65,2,3352866,3352416,450
243060521,75.2502,73.3081,452,28025,0.826418,0.65,2,3352962,3352510,452
243063441,31.3001,30.5232,452,28101,0.840567,0.63,2,3352964,3352512,452
243066361,51.52,51.2093,452,28176,0.834227,0.73,2,3353029,3352577,452
243194841,37.0272,41.6443,487,31311,0.84016,1,2,3355205,3354718,487
243197761,37.6109,16.6577,525,31379,0.786064,1,2,3355243,3354718,525
243203601,53.0577,66.0252,517,31513,0.40777,1,1,3355370,3354853,517
243206521,41.6231,45.0101,520,31580,0.253108,1,1,3355404,3354884,520
243212361,40.8597,66.1216,501,31714,0.0536973,1,1,3355512,3355011,501
243215281,43.9439,45.6486,515,31781,0.0394789,1,1,3355558,3355043,515
243218201,45.7776,45.2595,517,31848,0.0457916,0.96,1,3355605,3355088,517
243221121,35.711,46.9038,498,31914,0.0363166,0.95,1,3355634,3355136,498
243224041,32.2844,38.5615,495,31980,0.0205266,0.76,1,3355664,3355169,495
243226961,34.5138,37.0246,495,32046,0.0622107,0.75,1,3355700,3355205,495
243241561,38.715,67.6492,445,32375,0.071245,0.01,1,3355934,3355489,445
243244481,43.686,40.8597,469,32440,0.034498,0.03,1,3355981,3355512,469
243247401,45.0744,43.9439,469,32505,0.0317992,0.05,1,3356027,3355558,469
243250321,35.4298,45.7775,451,32570,0.0427197,0.03,1,3356056,3355605,451
243253241,32.7719,35.711,453,32635,0.0710879,0.01,1,3356087,3355634,453
243256161,37.1088,32.2844,463,32700,0.0584351,0.09,1,3356127,3355664,463
243259081,54.4435,34.5138,493,32765,0.0773741,0.15,1,3356193,3355700,493
243262001,22.9774,52.8055,430,32830,0.0849496,0.11,1,3356195,3355765,430
243299961,30.8284,30.0764,429,33657,0.206671,0.17,1,3356689,3356260,429
243302881,57.9313,56.4306,431,33720,0.220668,0.21,1,3356765,3356334,431
243305801,37.5725,36.3722,432,33783,0.202267,0.17,1,3356789,3356357,432
243308721,42.629,43.3489,430,33846,0.218907,0.11,1,3356835,3356405,430
243311641,41.0516,44.3396,425,33908,0.249563,0.13,1,3356875,3356450,425
243314561,35.0206,35.7358,426,33970,0.249825,0.11,1,3356906,3356480,426
243317481,33.2083,32.8943,427,34032,0.22593,0.11,1,3356938,3356511,427
243355441,56.38,39.6797,503,34831,0.411919,0.41,1,3357485,3356982,503
243358361,23.752,54.2719,441,34892,0.434768,0.37,1,3357487,3357046,441
243405081,36.651,38.3217,452,35848,0.78319,0.59,2,3358110,3357658,452
243408001,42.2604,43.5287,451,35907,0.787276,0.61,2,3358156,3357705,451
243410921,41.5042,41.4115,452,35966,0.82491,0.63,2,3358197,3357745,452
243413841,35.2017,34.5646,453,36025,0.863964,0.63,2,3358228,3357775,453
243416761,34.4807,34.2258,453,36084,0.855586,0.61,2,3358262,3357809,453
243419681,42.5923,43.0903,452,36143,0.876234,0.63,2,3358310,3357858,452
243615321,39.3935,36.6108,478,39868,0.861691,0.97,2,3360894,3360416,478
243618241,33.7574,36.8443,471,39921,0.842676,0.9,2,3360924,3360453,471
243621161,34.503,34.5377,473,39974,0.811071,1,2,3360959,3360486,473
243624081,32.4012,33.0151,472,40027,0.786428,1,2,3360990,3360518,472
243627001,37.5605,31.806,482,40080,0.764571,1,2,3361031,3360549,482
243688321,28.1047,30.9723,474,41172,0.76176,0.49,2,3361760,3361286,474
243691241,38.2419,28.5889,492,41223,0.754704,0.61,2,3361805,3361313,492
243694161,32.6967,36.0356,480,41274,0.763882,0.57,2,3361834,3361354,480
243697081,34.6787,32.4142,486,41325,0.779553,0.61,2,3361870,3361384,486
243700001,30.6715,33.9657,479,41376,0.785821,0.61,2,3361898,3361419,479
243702921,33.8686,30.3863,487,41427,0.812328,0.61,2,3361934,3361447,487
243705841,27.9474,33.7545,475,41478,0.822931,0.61,2,3361958,3361483,475
243708761,31.579,27.9018,485,41529,0.827173,0.59,2,3361992,3361507,485
243711681,13.8316,30.9607,454,41580,0.828869,0.65,2,3361994,3361540,454
243714601,23.5326,29.7843,455,41631,0.877548,0.69,2,3362024,3361569,455
243717521,29.8131,31.7137,456,41682,0.897019,0.75,2,3362058,3361602,456
244190561,36.6182,33.0849,532,49202,0.859592,1,2,3367329,3366797,532
244251881,107.163,114.368,457,22817,0.0804854,0.09,1,3368014,3367557,457
244254801,67.4654,75.147,449,22910,0.0741942,0,1,3368055,3367606,449
244257721,68.9861,67.8588,456,23003,0.0476777,0.01,1,3368125,3367669,456
244260641,59.3945,66.1435,444,23095,0.0610711,0.03,1,3368178,3367734,444
244263561,78.3578,79.8574,446,23187,0.0304284,0.05,1,3368269,3367823,446
244266481,36.1431,46.943,429,23278,0.0301714,0.05,1,3368277,3367848,429
244269401,70.8572,30.1772,504,23369,0.0660686,0.01,1,3368371,3367867,504
244278161,62.1829,50.4353,492,23640,0.0673484,0.03,1,3368547,3368055,492
244281081,56.6731,62.1741,475,23730,0.0449394,0.07,1,3368600,3368125,475
244284001,77.2693,56.6697,513,23819,0.0239757,0.01,1,3368691,3368178,513
244286921,35.7077,77.2679,430,23908,0.0275903,0.03,1,3368699,3368269,430
244289841,15.4831,35.7071,424,23997,0.0410361,0.09,1,3368701,3368277,424
244292761,63.7932,70.6829,426,24085,0.0944144,0.17,1,3368797,3368371,426
244301521,58.6348,62.1717,423,24348,0.0754025,0.03,1,3368970,3368547,423
244304441,55.2539,56.6687,423,24435,0.036161,0.01,1,3369023,3368600,423
244307361,77.3016,77.2675,424,24522,0.0324644,0.03,1,3369115,3368691,424
244310281,34.5206,35.707,422,24608,0.0309858,0.05,1,3369121,3368699,422
244313201,15.0082,15.4828,422,24694,0.0303943,0.13,1,3369123,3368701,422
244316121,66.0033,63.7931,426,24780,0.0781577,0.11,1,3369223,3368797,426
244319041,70.8013,68.7172,428,24866,0.0612631,0.17,1,3369297,3368869,428
244321961,49.9205,49.0869,428,24951,0.0905052,0.03,1,3369333,3368905,428
244327801,53.5873,55.2539,422,25121,0.0924808,0.03,1,3369445,3369023,422
244330721,77.2349,77.3016,423,25205,0.0549923,0.03,1,3369538,3369115,423
244333641,34.494,34.5206,423,25289,0.0399969,0.03,1,3369544,3369121,423
244336561,14.9976,15.0082,423,25373,0.0339988,0.11,1,3369546,3369123,423
244339481,67.199,66.0033,425,25457,0.0555995,0.11,1,3369648,3369223,425
244342401,70.0796,26.4013,497,25540,0.0882398,0.05,1,3369720,3369223,497
244348241,56.9327,43.5842,486,25706,0.212118,0.15,1,3369819,3369333,486
244351161,52.7731,53.4337,476,25788,0.246847,0.07,1,3369869,3369393,476
244354081,75.7092,52.5735,515,25870,0.248739,0.03,1,3369960,3369445,515
244357001,33.8837,76.8294,428,25952,0.249496,0.03,1,3369966,3369538,428
244359921,14.7535,34.3318,424,26034,0.249798,0.03,1,3369968,3369544,424
244362841,68.3014,14.9327,526,26115,0.273919,0.07,1,3370072,3369546,526
244371601,60.5553,50.8277,495,26358,0.412811,0.27,1,3370253,3369758,495
244374521,54.2221,56.9311,484,26438,0.447124,0.27,1,3370303,3369819,484
244430001,74.402,74.7822,451,27920,0.761227,0.63,2,3371290,3370839,451
244432921,35.1608,34.7129,452,27996,0.790491,0.59,2,3371299,3370847,452
244435841,15.2643,15.0851,452,28072,0.802196,0.69,2,3371301,3370849,452
244438761,71.5057,70.2341,454,28147,0.794879,0.71,2,3371410,3370956,454
244441681,76.0023,73.6936,457,28222,0.767951,0.71,2,3371489,3371032,457
244444601,58.6009,57.0774,458,28297,0.805181,0.75,2,3371536,3371078,458
244447521,24.6404,24.031,458,28372,0.820072,0.75,2,3371538,3371080,458
244450441,49.4561,9.61239,524,28447,0.862029,0.73,2,3371604,3371080,524
244552641,63.9599,72.5511,478,30944,0.80728,1,2,3373380,3372902,478
244584761,54.8416,63.7129,511,31687,0.755539,0.71,2,3373891,3373380,511
244587681,41.1366,60.2851,485,31754,0.800216,0.69,2,3373923,3373438,485
244590601,38.0547,41.5141,492,31821,0.818086,0.71,2,3373959,3373467,492
244593521,57.2219,40.6056,522,31887,0.825235,0.71,2,3374029,3373507,522
244596441,33.0887,55.8423,473,31953,0.816094,0.71,2,3374046,3373573,473
244599361,49.8355,35.5369,512,32019,0.848437,0.65,2,3374107,3373595,512
244602281,39.7342,50.2148,485,32085,0.825375,0.63,2,3374140,3373655,485
244605201,36.8937,38.6859,489,32151,0.87615,0.75,2,3374175,3373686,489
244762881,36.5983,40.9042,513,35530,0.86392,1,2,3376541,3376028,513
244765801,36.2393,40.9617,508,35589,0.843568,1,2,3376577,3376069,508
244768721,37.2957,34.3847,516,35648,0.787427,1,2,3376615,3376099,516
244783321,38.0485,41.3623,483,35943,0.094396,1,1,3376809,3376326,483
244786241,58.4194,56.7449,488,36002,0.0797584,1,1,3376881,3376393,488
244789161,37.7678,40.098,483,36061,0.0979034,0.97,1,3376905,3376422,483
244795001,39.8828,46.4957,466,36179,0.0720645,0.79,1,3376977,3376511,466
244797921,33.9531,36.5983,466,36237,0.0348258,0.83,1,3377007,3376541,466
244800841,32.1813,36.2393,461,36295,0.0199303,0.75,1,3377038,3376577,461
244803761,35.0725,37.2957,460,36353,0.0379721,0.63,1,3377075,3376615,460
244806681,25.429,30.5183,453,36411,0.0331888,0.59,1,3377094,3376641,453
244809601,26.3716,32.0073,447,36469,0.0432755,0.15,1,3377121,3376674,447
244812521,39.9486,51.8029,431,36527,0.0473102,0.09,1,3377170,3376739,431
244815441,33.9795,41.1212,427,36585,0.0249241,0.03,1,3377200,3376773,427
244818361,33.9918,38.0485,425,36643,0.0399696,0.07,1,3377234,3376809,425
244821281,54.9967,58.4194,422,36701,0.0459879,0.11,1,3377303,3376881,422
244824201,37.5987,37.7678,424,36759,0.0483951,0.11,1,3377329,3376905,424
244827121,31.2395,30.7071,425,36816,0.0373581,0.05,1,3377356,3376931,425
244830041,38.2958,39.8828,422,36873,0.0329432,0.01,1,3377399,3376977,422
244832961,33.3183,33.9531,422,36930,0.0191773,0.01,1,3377429,3377007,422
244835881,31.9273,32.1813,422,36987,0.0256709,0.05,1,3377460,3377038,422
244838801,34.9709,35.0725,422,37044,0.0102684,0.03,1,3377497,3377075,422
244841721,25.3884,25.429,422,37101,0.0341073,0.05,1,3377516,3377094,422
244844641,26.9553,26.3716,423,37158,0.0556429,0.05,1,3377544,3377121,423
244847561,38.9821,10.5486,470,37215,0.0522572,0.05,1,3377591,3377121,470
244850481,34.1929,33.6195,452,37272,0.0989029,0.01,1,3377622,3377170,452
244856321,54.4309,32.9791,490,37386,0.0482245,0.05,1,3377724,3377234,490
244859241,37.3723,54.5916,447,37443,0.0252898,0.05,1,3377750,3377303,447
244862161,31.1489,37.4367,448,37499,0.0101159,0.03,1,3377777,3377329,448
244865081,38.8596,31.1747,465,37555,0.0460464,0.03,1,3377821,3377356,465
244868001,32.9438,38.2699,451,37611,0.0604185,0.01,1,3377850,3377399,451
244870921,32.3775,33.3079,453,37667,0.0541674,0.03,1,3377882,3377429,453
244873841,35.151,31.9232,459,37723,0.021667,0,1,3377919,3377460,459
244876761,26.0604,34.9693,442,37779,0.0266668,0.05,1,3377939,3377497,442
244879681,27.8242,25.3877,452,37835,0.0526667,0.07,1,3377968,3377516,452
244882601,38.7297,26.9551,470,37891,0.0870667,0.05,1,3378014,3377544,470
244891361,52.5667,34.0771,489,38059,0.215092,0.01,1,3378145,3377656,489
244900121,40.0363,31.1489,468,38225,0.0850459,0.07,1,3378245,3377777,468
244903041,31.6145,38.8596,450,38280,0.0760184,0.07,1,3378271,3377821,450
244905961,33.0458,32.9438,455,38335,0.0724073,0.05,1,3378305,3377850,455
244908881,34.8183,32.3775,459,38390,0.0829629,0,1,3378341,3377882,459
244911801,25.9273,35.151,442,38445,0.0751852,0.03,1,3378361,3377919,442
244914721,28.9709,26.0604,453,38500,0.0720741,0.07,1,3378392,3377939,453
244917641,40.3884,27.8242,472,38555,0.0468296,0.11,1,3378440,3377968,472
244920561,38.3553,38.7297,463,38610,0.0487319,0.17,1,3378477,3378014,463
244923481,16.5421,35.2919,432,38665,0.0494927,0.23,1,3378479,3378047,432
244926401,27.0169,33.9167,433,38720,0.0737971,0.23,1,3378513,3378080,433
244943921,33.444,33.0458,426,39045,0.225386,0.09,1,3378731,3378305,426
244946841,34.3776,34.8183,425,39099,0.240154,0.07,1,3378766,3378341,425
244949761,25.751,25.9273,425,39153,0.270062,0.07,1,3378786,3378361,425
244952681,28.9004,28.9709,425,39207,0.270025,0.03,1,3378817,3378392,425
244955601,39.1602,40.3884,423,39261,0.28201,0.05,1,3378863,3378440,423
244958521,38.4641,38.3553,424,39315,0.274804,0.05,1,3378901,3378477,424
244961441,16.5856,16.5421,424,39369,0.271922,0.09,1,3378903,3378479,424
244996481,39.4875,38.4641,436,40007,0.42341,0.27,1,3379337,3378901,436
244999401,16.995,16.5856,436,40060,0.439364,0.27,1,3379339,3378903,436
245002321,28.398,6.63425,472,40113,0.421746,0.35,1,3379375,3378903,472
245005241,50.3592,23.0537,503,40166,0.438698,0.29,1,3379440,3378937,503
245008161,34.5437,49.4215,460,40219,0.445479,0.35,1,3379464,3379004,460
245051961,41.3431,29.4175,493,40999,0.78446,0.47,2,3379983,3379490,493
245054881,32.7373,41.167,471,41050,0.787784,0.49,2,3380010,3379539,471
245057801,34.0949,32.0668,480,41101,0.777114,0.49,2,3380045,3379565,480
245060721,36.438,33.2267,484,41152,0.784845,0.51,2,3380083,3379599,484
245063641,27.1752,36.0907,467,41203,0.799938,0.51,2,3380104,3379637,467
245066561,30.0701,26.4363,479,41254,0.805975,0.51,2,3380136,3379657,479
245069481,43.828,29.1745,501,41305,0.82039,0.59,2,3380189,3379688,501
245072401,42.1312,42.2698,491,41356,0.838156,0.63,2,3380230,3379739,491
245075321,18.0525,40.3079,454,41407,0.845262,0.63,2,3380232,3379778,454
245078241,30.021,17.3232,490,41458,0.860105,0.65,2,3380270,3379780,490
245084081,22.8034,51.6117,459,41560,0.894817,0.73,2,3380342,3379883,459
245268041,315.85,364.047,458,20440,0.4012,0.29,1,3382864,3382406,458
245306001,205.54,237.419,437,20440,0.21448,0.27,1,3382996,3382559,437
245311841,113.046,83.947,509,20647,0.0571168,0.03,1,3383162,3382653,509
245314761,87.8186,107.379,457,20750,0.0528467,0.01,1,3383233,3382776,457
245317681,44.7274,72.9515,423,20852,0.0751387,0.03,1,3383249,3382826,423
245320601,35.291,35.1806,442,20954,0.0480555,0.03,1,3383278,3382836,442
245323521,50.7164,30.8722,475,21055,0.0252222,0.09,1,3383339,3382864,475
245326441,69.4866,59.7489,478,21156,0.0760889,0.07,1,3383421,3382943,478
245332281,88.7579,102.44,422,21356,0.0661742,0.05,1,3383584,3383162,422
245335201,80.5031,83.5759,426,21455,0.0564697,0.09,1,3383659,3383233,426
245349801,63.2205,61.3512,429,21945,0.0973751,0.03,1,3383906,3383477,429
245364401,49.3875,50.1278,424,22424,0.0974867,0.11,1,3384187,3383763,424
245367321,71.355,71.0511,425,22519,0.0809947,0.11,1,3384273,3383848,425
245370241,63.342,28.4204,483,22613,0.0503979,0.09,1,3384331,3383848,483
245373161,86.5368,46.1682,527,22707,0.0981591,0.11,1,3384433,3383906,527
245384841,48.4681,31.5323,484,23078,0.220961,0.09,1,3384610,3384126,484
245387761,70.3873,49.2129,508,23170,0.274384,0.07,1,3384695,3384187,508
245399441,43.4035,80.8102,446,23533,0.428032,0.17,1,3384956,3384510,446
245402361,31.7614,41.9241,454,23623,0.417213,0.19,1,3384980,3384526,454
245428641,51.564,50.5046,446,24418,0.753668,0.53,2,3385489,3385043,446
245431561,75.2256,73.0018,449,24505,0.787467,0.57,2,3385580,3385131,449
245434481,68.4902,65.8007,452,24591,0.812987,0.61,2,3385644,3385192,452
245437401,91.5961,90.5203,452,24677,0.859195,0.65,2,3385751,3385299,452
245440321,37.8384,37.4081,452,24763,0.877678,0.73,2,3385753,3385301,452
245443241,66.1354,63.5632,456,24849,0.897071,0.73,2,3385838,3385382,456
245460761,93.9548,91.5961,466,25356,0.883996,0.89,2,3386217,3385751,466
245463681,38.7819,37.8384,466,25440,0.851599,0.89,2,3386219,3385753,466
245466601,66.5128,15.1354,551,25523,0.874639,0.91,2,3386304,3385753,551
245469521,36.8051,57.0542,483,25606,0.895856,0.93,2,3386321,3385838,483
245554201,60.6353,67.9112,482,27905,0.886,1,2,3387939,3387457,482
245565881,58.4419,60.7257,484,28207,0.0763936,1,1,3388213,3387729,484
245568801,40.7767,35.6903,494,28282,0.0305574,1,1,3388242,3387748,494
245571721,27.1107,31.6761,483,28357,0.054223,1,1,3388260,3387777,483
245574641,28.2443,12.6704,512,28432,0.0636892,1,1,3388289,3387777,512
245577561,43.6977,24.8682,533,28506,0.0674757,1,1,3388343,3387810,533
245580481,52.8791,46.5473,531,28580,0.0929903,0.81,1,3388402,3387871,531
245583401,51.1516,59.4189,513,28654,0.0791961,0.63,1,3388452,3387939,513
245589241,54.1443,92.067,470,28802,0.0738714,0.03,1,3388582,3388112,470
245592161,53.4577,65.0268,476,28876,0.0715486,0.01,1,3388635,3388159,476
245595081,40.5831,58.4107,454,28949,0.0466194,0,1,3388667,3388213,454
245598001,25.8332,40.7643,441,29022,0.0366478,0.07,1,3388683,3388242,441
245600921,28.9333,27.1057,454,29095,0.0326591,0.07,1,3388714,3388260,454
245603841,44.5733,28.2423,480,29168,0.0310636,0.07,1,3388769,3388289,480
245618441,52.5585,54.1442,475,29529,0.0978061,0.07,1,3389057,3388582,475
245621361,39.6234,53.4577,453,29601,0.0451224,0.03,1,3389088,3388635,453
245624281,25.4494,40.5831,437,29673,0.036049,0.03,1,3389104,3388667,437
245627201,28.7797,25.8332,452,29744,0.0324196,0.03,1,3389135,3388683,452
245630121,45.1119,28.9333,477,29815,0.0309678,0.03,1,3389191,3388714,477
245633041,19.2448,44.5733,424,29886,0.0303871,0.15,1,3389193,3388769,424
245635961,45.4979,52.6293,429,29957,0.0421549,0.11,1,3389256,3388827,429
245638881,45.7992,49.8517,427,30028,0.0708619,0.11,1,3389302,3388875,427
245650561,37.7677,39.6234,423,30308,0.202214,0.03,1,3389511,3389088,423
245659321,44.2731,45.1119,423,30518,0.208062,0.03,1,3389614,3389191,423
245662241,18.9093,19.2448,423,30587,0.221225,0.05,1,3389616,3389193,423
245665161,45.9637,45.4979,424,30656,0.20249,0.09,1,3389680,3389256,424
245668081,47.1855,45.7992,426,30725,0.230996,0.15,1,3389728,3389302,426
245671001,77.6742,74.1197,431,30794,0.254398,0.19,1,3389826,3389395,431
245673921,52.0697,50.0479,432,30863,0.275759,0.21,1,3389861,3389429,432
245676841,53.2279,52.4191,432,30932,0.284304,0.21,1,3389915,3389483,432
245679761,36.8911,37.7677,430,31000,0.287722,0.17,1,3389941,3389511,430
245682681,24.3565,24.7071,430,31068,0.265089,0.17,1,3389957,3389527,430
245685601,29.5426,29.6828,430,31136,0.268035,0.23,1,3389990,3389560,430
245688521,46.017,44.2731,433,31204,0.233214,0.23,1,3390047,3389614,433
245694361,45.0427,45.9637,431,31340,0.228114,0.19,1,3390111,3389680,431
245697281,47.4171,18.3855,480,31408,0.277246,0.25,1,3390160,3389680,480
245708961,36.8779,52.5219,459,31676,0.402377,0.29,1,3390374,3389915,459
245711881,24.3512,36.6087,449,31743,0.406951,0.25,1,3390390,3389941,449
245714801,28.9405,24.2435,465,31810,0.40878,0.27,1,3390422,3389957,465
245717721,44.5762,29.4974,487,31877,0.433512,0.21,1,3390477,3389990,487
245720641,19.0305,45.999,432,31943,0.419405,0.17,1,3390479,3390047,432
245723561,45.4122,19.5996,493,32009,0.449762,0.25,1,3390542,3390049,493
245755681,54.3255,45.4122,504,32729,0.802589,0.59,2,3391046,3390542,504
245758601,22.9302,50.5649,452,32794,0.831036,0.63,2,3391048,3390596,452
245761521,71.5721,82.026,453,32858,0.842414,0.61,2,3391152,3390699,453
245764441,49.0288,53.8104,452,32922,0.858966,0.63,2,3391186,3390734,452
245767361,53.2115,54.5242,453,32986,0.889586,0.65,2,3391242,3390789,453
245954241,52.0789,61.1397,475,36866,0.88456,1,2,3393901,3393426,475
245957161,47.2315,47.2559,481,36923,0.815824,1,2,3393945,3393464,481
245960081,63.2926,66.9024,475,36980,0.77633,1,2,3394019,3393544,475
246030161,59.7605,42.8745,515,38328,0.762462,0.51,2,3394919,3394404,515
246033081,46.1042,58.5498,483,38383,0.790985,0.53,2,3394956,3394473,483
246036001,37.6417,45.0199,479,38438,0.826394,0.57,2,3394988,3394509,479
246038921,37.2567,37.208,484,38493,0.852558,0.59,2,3395025,3394541,484
246041841,28.1027,35.8832,471,38548,0.887023,0.57,2,3395047,3394576,471
246056441,30.3396,32.0801,454,38822,0.887685,0.65,2,3395181,3394727,454
246059361,24.7358,23.632,457,38876,0.865074,0.69,2,3395202,3394745,457
246062281,48.2943,47.2528,458,38930,0.86803,0.75,2,3395266,3394808,458
246250621,169.416,172.857,500,19092,0.2332,1,1,3397655,3397155,500
246256461,106.427,99.2971,520,19314,0.072112,0.73,1,3397879,3397359,520
246259381,76.1706,94.9188,484,19424,0.0348448,0.33,1,3397935,3397451,484
246262301,64.6682,91.9675,451,19533,0.0199379,0.27,1,3397992,3397541,451
246265221,36.0673,53.587,440,19642,0.0379752,0.23,1,3398009,3397569,440
246268141,55.2269,34.6348,486,19750,0.0151901,0.03,1,3398077,3397591,486
246271061,113.291,52.2539,574,19857,0.060076,0.07,1,3398229,3397655,574
246273981,87.9163,112.702,492,19964,0.0240304,0.03,1,3398300,3397808,492
246276901,69.3665,87.6806,478,20070,0.0156122,0.01,1,3398357,3397879,478
246279821,63.1466,68.6723,481,20176,0.0242449,0.01,1,3398416,3397935,481
246282741,34.2586,61.6689,439,20281,0.0396979,0.05,1,3398431,3397992,439
246285661,55.7035,34.8676,492,20386,0.0458792,0,1,3398501,3398009,492
246288581,111.681,54.747,573,20490,0.0843517,0.09,1,3398650,3398077,573
246291501,87.8726,113.099,493,20594,0.0337407,0,1,3398722,3398229,493
246294421,69.349,87.8395,479,20697,0.0314963,0.01,1,3398779,3398300,479
246297341,63.1396,69.3358,481,20799,0.0305985,0.03,1,3398838,3398357,481
246300261,34.2558,63.1343,437,20901,0.0422394,0.05,1,3398853,3398416,437
246303181,55.7023,34.2537,492,21002,0.0228958,0.05,1,3398923,3398431,492
246306101,23.4809,55.7015,424,21103,0.0151583,0.11,1,3398925,3398501,424
246309021,101.192,111.681,428,21204,0.0360633,0,1,3399078,3398650,428
246311941,80.6769,87.8722,423,21304,0.0204253,0.03,1,3399145,3398722,423
246314861,65.8708,69.3489,422,21404,0.0621701,0.03,1,3399201,3398779,422
246317781,62.3483,63.1396,423,21503,0.0248681,0.05,1,3399261,3398838,423
246320701,34.5393,34.2558,424,21602,0.0279472,0.01,1,3399277,3398853,424
246323621,55.2157,55.7023,423,21700,0.0411789,0.01,1,3399346,3398923,423
246326541,23.2863,23.4809,423,21798,0.0464716,0.05,1,3399348,3398925,423
246329461,100.515,101.192,422,21895,0.0245886,0.01,1,3399500,3399078,422
246332381,80.4058,80.6769,422,21992,0.0278354,0.09,1,3399567,3399145,422
246335301,66.9623,65.8708,424,22088,0.0651342,0,1,3399625,3399201,424
246338221,62.1849,62.3483,423,22184,0.0560537,0.03,1,3399684,3399261,423
246341141,34.474,34.5393,423,22280,0.0284215,0.05,1,3399700,3399277,423
246344061,54.5896,55.2157,422,22375,0.0293686,0.05,1,3399768,3399346,422
246346981,23.0358,23.2863,422,22470,0.0297474,0.01,1,3399770,3399348,422
246349901,100.414,100.515,422,22564,0.029899,0.01,1,3399922,3399500,422
246352821,79.7657,40.2058,488,22658,0.0659596,0.03,1,3399988,3399500,488
246355741,67.9063,56.2823,481,22752,0.0803838,0.09,1,3400048,3399567,481
246370341,100.993,22.7888,574,23214,0.0613319,0.03,1,3400344,3399770,574
246373261,81.7973,100.316,491,23305,0.0665328,0.09,1,3400413,3399922,491
246384941,54.702,34.1425,495,23667,0.208151,0.17,1,3400616,3400121,495
246387861,23.0808,54.457,429,23757,0.22126,0.13,1,3400618,3400189,429
246390781,98.0323,22.9828,575,23846,0.262504,0.01,1,3400766,3400191,575
246393701,82.4129,100.993,494,23935,0.255002,0.07,1,3400838,3400344,494
246396621,34.1652,81.7972,427,24024,0.276001,0.17,1,3400840,3400413,427
246399541,51.4661,68.7189,430,24112,0.2364,0.17,1,3400903,3400473,430
246402461,56.5864,62.8876,431,24200,0.22056,0.19,1,3400963,3400532,431
246405381,32.2346,34.755,431,24288,0.214224,0.23,1,3400979,3400548,431
246408301,54.8938,54.702,433,24375,0.22369,0.23,1,3401049,3400616,433
246411221,23.1575,23.0808,433,24462,0.251476,0.29,1,3401051,3400618,433
246414141,98.663,98.0323,434,24549,0.29859,0.25,1,3401200,3400766,434
246425821,56.1226,56.5864,432,24892,0.41742,0.21,1,3401395,3400963,432
246428741,32.049,32.2346,432,24977,0.424968,0.23,1,3401411,3400979,432
246472541,58.1485,51.8184,511,26221,0.765049,0.61,2,3402288,3401777,511
246475461,34.0594,56.7274,469,26302,0.79202,0.63,2,3402306,3401837,469
246478381,59.2238,32.8909,528,26383,0.826808,0.67,2,3402382,3401854,528
246481301,24.8895,57.5564,456,26463,0.852723,0.63,2,3402384,3401928,456
246659421,52.7913,55.2176,487,30966,0.823619,1,2,3405634,3405147,487
246674021,30.2958,21.0912,501,31306,0.0789267,1,1,3405810,3405309,501
246676941,61.3183,8.43647,583,31374,0.0495707,0.97,1,3405892,3405309,583
246679861,68.9273,66.9746,551,31441,0.0198283,1,1,3405966,3405415,551
246682781,57.5709,76.5898,518,31508,0.0259313,0.98,1,3406016,3405498,518
246685701,39.8284,57.6359,501,31575,0.0403725,0.85,1,3406044,3405543,501
246688621,44.7313,41.6544,518,31642,0.034149,0.77,1,3406092,3405574,518
246691541,31.6925,52.6617,481,31709,0.0316596,0.63,1,3406115,3405634,481
246694461,40.877,39.0647,498,31776,0.0426638,0.29,1,3406162,3405664,498
246697381,26.5508,52.2259,454,31843,0.0350655,0.23,1,3406179,3405725,454
246700301,25.6203,37.0904,452,31909,0.0320262,0.09,1,3406204,3405752,452
246703221,28.2481,32.2361,453,31975,0.0188105,0.01,1,3406234,3405781,453
246706141,58.6993,30.2945,503,32041,0.0135242,0.03,1,3406313,3405810,503
246709061,70.2797,61.3178,499,32107,0.0234097,0,1,3406391,3405892,499
246711981,56.9119,68.9271,473,32173,0.0273639,0.03,1,3406439,3405966,473
246714901,38.3648,57.5708,449,32239,0.0409455,0.05,1,3406465,3406016,449
246717821,44.7459,39.8283,470,32305,0.0583782,0.03,1,3406514,3406044,470
246720741,32.2984,44.7313,446,32370,0.0413513,0.03,1,3406538,3406092,446
246723661,41.1193,31.6925,470,32435,0.0585405,0.05,1,3406585,3406115,470
246726581,26.0477,40.877,439,32500,0.0654162,0.03,1,3406601,3406162,439
246729501,25.4191,26.5508,447,32565,0.0681665,0.03,1,3406626,3406179,447
246732421,27.5676,25.6203,451,32630,0.0692666,0.01,1,3406655,3406204,451
246738261,73.4108,58.6993,505,32760,0.0530827,0.03,1,3406818,3406313,505
246741181,30.5643,70.2797,429,32825,0.0272331,0.03,1,3406820,3406391,429
246744101,39.2257,56.9119,426,32889,0.0528932,0.05,1,3406865,3406439,426
246747021,32.4903,38.3648,428,32953,0.0631573,0.07,1,3406893,3406465,428
246761621,25.5529,25.4191,426,33273,0.200471,0.07,1,3407052,3406626,426
246764541,25.2211,27.5676,422,33337,0.218188,0.15,1,3407077,3406655,422
246770381,71.1154,73.4108,423,33463,0.0745101,0.01,1,3407241,3406818,423
246773301,29.6462,30.5643,423,33526,0.047804,0.07,1,3407243,3406820,423
246776221,38.8585,39.2257,423,33589,0.0371216,0.07,1,3407288,3406865,423
246779141,32.3434,32.4903,423,33652,0.0328486,0.15,1,3407316,3406893,423
246782061,42.9374,40.5961,427,33715,0.0311395,0.15,1,3407366,3406939,427
246784981,32.1749,30.6384,428,33778,0.0424558,0.21,1,3407391,3406963,428
246787901,42.27,40.4554,430,33841,0.0589823,0.19,1,3407440,3407010,430
246790821,27.708,26.3822,431,33903,0.0415929,0.21,1,3407458,3407027,431
246793741,26.6832,25.5529,432,33965,0.0346372,0.23,1,3407484,3407052,432
246796661,23.8733,25.2211,429,34027,0.0678549,0.09,1,3407506,3407077,429
246820021,41.8963,31.7196,471,34521,0.216358,0.07,1,3407862,3407391,471
246822941,27.5585,42.0878,440,34582,0.248543,0.03,1,3407880,3407440,440
246825861,27.2234,27.6351,449,34643,0.273417,0.03,1,3407907,3407458,449
246828781,24.0894,26.6541,445,34704,0.283367,0.09,1,3407929,3407484,445
246831701,61.8357,23.8616,510,34765,0.263347,0.15,1,3408016,3407506,510
246834621,69.1343,59.9446,500,34826,0.255339,0.17,1,3408090,3407590,500
246837541,28.8537,67.7779,429,34887,0.252135,0.17,1,3408092,3407663,429
246840461,39.1415,28.3111,473,34948,0.274854,0.15,1,3408138,3407665,473
246843381,32.4566,38.3245,456,35008,0.283942,0.15,1,3408166,3407710,456
246863821,60.6705,24.0894,520,35428,0.400794,0.25,1,3408449,3407929,520
246919301,30.4426,30.858,446,36544,0.780879,0.55,2,3409129,3408683,446
246922221,45.7771,44.7432,448,36602,0.798352,0.57,2,3409185,3408737,448
246925141,30.3108,29.8973,448,36660,0.805341,0.61,2,3409205,3408757,448
246928061,29.5243,27.5589,451,36718,0.796136,0.63,2,3409234,3408783,451
246930981,25.6097,24.2236,452,36776,0.780454,0.63,2,3409257,3408805,452
246933901,62.4439,61.2894,453,36833,0.786182,0.71,2,3409344,3408891,453
246936821,72.9776,71.3158,455,36890,0.812473,0.71,2,3409424,3408969,455
246939741,30.391,29.7263,455,36947,0.822989,0.69,2,3409426,3408971,455
246942661,42.1564,41.2905,456,37004,0.827196,0.73,2,3409476,3409020,456
246945581,35.4626,33.9162,458,37061,0.864878,0.77,2,3409507,3409049,458
247145601,174.575,174.707,484,18366,0.26632,0.61,1,3412120,3411636,484
247163121,61.787,73.838,427,19049,0.204336,0.11,1,3412547,3412120,427
247166041,108.715,112.935,428,19160,0.243735,0.11,1,3412687,3412259,428
247180641,62.2825,13.9744,511,19707,0.414883,0.23,1,3412979,3412468,511
247204001,99.5921,110.699,537,20552,0.780159,0.53,2,3413659,3413122,537
247206921,82.4368,98.2794,518,20655,0.858064,0.53,2,3413730,3413212,518
247209841,50.3747,81.9118,476,20758,0.877225,0.55,2,3413759,3413283,476
247212761,36.9499,49.5647,476,20860,0.89689,0.55,2,3413787,3413311,476
247215681,67.58,36.6259,536,20962,0.880756,0.65,2,3413875,3413339,536
247218601,28.232,64.4504,455,21063,0.874302,0.77,2,3413877,3413422,455
247221521,102.493,113.98,460,21164,0.895721,0.83,2,3414029,3413569,460
247224441,96.7971,99.5921,463,21264,0.892288,0.91,2,3414122,3413659,463
247320801,60.1849,64.5188,487,24338,0.898845,1,2,3416241,3415754,487
247323721,44.474,42.0075,494,24425,0.833538,1,2,3416275,3415781,494
247326641,79.5896,89.403,476,24512,0.771415,1,2,3416378,3415902,476
247329561,93.0358,97.5612,475,24598,0.818566,0.98,2,3416480,3416005,475
247332481,74.4143,76.2245,475,24684,0.789426,0.93,2,3416542,3416067,475
247335401,39.9657,41.8898,473,24770,0.801771,0.99,2,3416559,3416086,473
247338321,43.5863,46.1559,470,24856,0.794708,0.97,2,3416605,3416135,470
247341241,35.4345,36.4624,470,24941,0.815883,0.85,2,3416635,3416165,470
247344161,55.5738,60.1849,463,25026,0.848353,0.79,2,3416704,3416241,463
247347081,41.4295,44.474,461,25111,0.873341,0.73,2,3416736,3416275,461
247443441,48.4627,45.2171,496,27759,0.885831,1,2,3418620,3418124,496
247446361,39.7851,39.6869,494,27835,0.804332,1,2,3418654,3418160,494
247460961,41.2458,45.105,469,28213,0.435734,0.97,1,3418972,3418503,469
247463881,35.0983,36.642,469,28288,0.444294,0.97,1,3419003,3418534,469
247466801,27.8393,29.6568,467,28363,0.423717,0.97,1,3419026,3418559,467
247469721,45.9357,11.8627,525,28438,0.415487,0.83,1,3419084,3418559,525
247472641,36.3743,41.3451,494,28512,0.424195,0.75,1,3419114,3418620,494
247475561,78.7497,36.938,567,28586,0.427678,0.71,1,3419221,3418654,567
247478481,86.6999,80.7752,549,28660,0.441071,0.53,1,3419313,3418764,549
247522281,48.7419,27.3176,511,29748,0.772368,0.59,2,3419977,3419466,511
247525201,36.2968,46.927,479,29819,0.794947,0.61,2,3420005,3419526,479
247528121,15.7187,35.5708,453,29890,0.803979,0.67,2,3420007,3419554,453
247531041,74.0875,79.6283,457,29961,0.831592,0.69,2,3420120,3419663,457
247533961,83.635,86.4513,456,30032,0.866637,0.71,2,3420210,3419754,456
247539801,37.0216,37.2322,457,30172,0.883862,0.71,2,3420274,3419817,457
247542721,40.0086,40.0929,457,30242,0.887545,0.73,2,3420316,3419859,457
247671201,49.0506,50.929,497,33181,0.870966,1,2,3422348,3421851,497
247674121,41.2202,38.9716,502,33245,0.786387,1,2,3422384,3421882,502
247682881,85.1981,84.3342,493,33435,0.239209,1,1,3422584,3422091,493
247688721,34.6317,41.0935,485,33561,0.0802734,0.99,1,3422640,3422155,485
247691641,27.0527,32.0374,481,33624,0.0981094,1,1,3422662,3422181,481
247697481,34.6884,36.566,478,33750,0.0768975,0.85,1,3422736,3422258,478
247700401,27.6754,32.6264,471,33813,0.096759,0.85,1,3422759,3422288,471
247703321,38.6701,49.0506,457,33876,0.0807036,0.73,1,3422805,3422348,457
247706241,34.6681,41.2202,453,33938,0.0502814,0.63,1,3422837,3422384,453
247709161,27.0672,31.4881,450,34000,0.0381126,0.41,1,3422859,3422409,450
247712081,45.0269,53.9952,438,34062,0.033245,0.05,1,3422916,3422478,438
247715001,74.4108,85.1981,426,34124,0.055298,0.05,1,3423010,3422584,426
247717921,49.5643,55.0792,424,34186,0.0281192,0.05,1,3423043,3422619,424
247720841,33.0257,34.6317,425,34248,0.0292477,0.05,1,3423065,3422640,425
247723761,25.2103,13.8527,445,34310,0.0416991,0.11,1,3423085,3422640,445
247726681,32.2841,18.7411,460,34372,0.0466796,0.13,1,3423122,3422662,460
247729601,35.1136,30.8964,458,34434,0.0846718,0.05,1,3423159,3422701,458
247732521,30.2455,33.3586,450,34495,0.0398687,0.11,1,3423186,3422736,450
247735441,36.6982,27.1434,468,34556,0.0699475,0.07,1,3423227,3422759,468
247738361,33.8793,38.4574,454,34617,0.081979,0.03,1,3423259,3422805,454
247744201,45.1407,27.0332,480,34739,0.0983166,0.03,1,3423339,3422859,480
247755881,24.6324,33.0248,441,34983,0.0897329,0.05,1,3423506,3423065,441
247758801,33.253,25.2099,460,35043,0.0898932,0.05,1,3423545,3423085,460
247761721,34.9012,32.284,459,35103,0.0779573,0.11,1,3423581,3423122,459
247764641,29.5605,35.1136,448,35163,0.0971829,0.01,1,3423607,3423159,448
247767561,38.8242,30.2454,466,35223,0.0808732,0.09,1,3423652,3423186,466
247770481,34.7297,36.6982,457,35283,0.0743493,0.09,1,3423684,3423227,457
247773401,28.2919,33.8793,449,35343,0.0717397,0.13,1,3423708,3423259,449
247776321,46.1168,27.3517,484,35403,0.0706959,0.09,1,3423766,3423282,484
247779241,74.8467,45.1407,521,35463,0.0822784,0.19,1,3423860,3423339,521
247799681,29.4227,29.5605,427,35878,0.21944,0.07,1,3424034,3423607,427
247802601,37.5691,38.8242,425,35937,0.225776,0.07,1,3424077,3423652,425
247805521,34.2276,34.7297,425,35996,0.26431,0.07,1,3424109,3423684,425
247808441,28.0911,28.2919,425,36055,0.279724,0.07,1,3424133,3423708,425
247834721,30.5075,29.4227,432,36579,0.404141,0.23,1,3424466,3424034,432
247837641,39.203,37.5691,434,36637,0.431656,0.29,1,3424511,3424077,434
247907721,41.0644,31.378,495,37997,0.763869,0.55,2,3425402,3424907,495
247910641,38.0257,40.7512,484,38053,0.791547,0.53,2,3425438,3424954,484
247913561,30.8103,37.9005,474,38109,0.814619,0.55,2,3425464,3424990,474
247916481,49.5241,30.7602,510,38164,0.847848,0.55,2,3425526,3425016,510
247919401,79.8097,48.3041,550,38219,0.837139,0.65,2,3425626,3425076,550
247922321,53.5239,77.5216,489,38274,0.844856,0.69,2,3425662,3425173,489
247925241,33.4095,52.6087,473,38329,0.847942,0.65,2,3425682,3425209,473
247928161,23.5638,33.0435,470,38384,0.861177,0.65,2,3425699,3425229,470
247931081,10.6255,22.8174,456,38439,0.866471,0.65,2,3425701,3425245,456
247934001,28.8502,10.327,495,38494,0.856588,0.69,2,3425742,3425247,495
247936921,35.5401,28.1308,495,38549,0.876635,0.67,2,3425782,3425287,495
247939841,31.016,34.6523,484,38604,0.884654,0.71,2,3425810,3425326,484
247942761,13.6064,30.6609,458,38659,0.887862,0.81,2,3425812,3425354,458
248115041,56.8707,59.8173,488,41760,0.843229,1,2,3428040,3427552,488
248117961,44.3483,45.5269,488,41811,0.751292,1,2,3428076,3427588,488
248147161,30.6677,26.8547,490,42311,0.245501,1,1,3428350,3427860,490
248150081,27.8671,29.9419,484,42361,0.224201,0.93,1,3428376,3427892,484
248153001,60.9468,73.1767,465,42411,0.28768,0.77,1,3428459,3427994,465
248170521,26.603,28.1881,447,42710,0.402357,0.55,1,3428644,3428197,447
248173441,17.2412,19.0752,445,42759,0.418943,0.43,1,3428655,3428210,445
248176361,18.8965,20.8301,443,42808,0.425577,0.35,1,3428675,3428232,443
248182201,25.1034,28.1728,436,42906,0.438892,0.31,1,3428725,3428289,436
248185121,26.8414,28.6691,435,42955,0.445557,0.19,1,3428753,3428318,435
248193881,60.2298,20.5068,517,43102,0.444436,0.33,1,3428893,3428376,517
248196801,52.2919,58.0027,481,43151,0.447774,0.41,1,3428940,3428459,481
248199721,39.5168,47.8011,471,43200,0.44911,0.37,1,3428971,3428500,471
248202641,31.4067,39.5204,463,43249,0.449644,0.39,1,3428997,3428534,463
248205561,29.9627,29.6082,469,43298,0.437858,0.35,1,3429026,3428557,469
248284401,35.58,40.1533,454,44596,0.769411,0.67,2,3429868,3429414,454
248287321,30.432,31.6613,455,44643,0.805764,0.67,2,3429895,3429440,455
248290241,28.9728,29.4645,455,44690,0.820306,0.65,2,3429923,3429468,455
248293161,33.7891,34.5858,454,44737,0.850122,0.65,2,3429960,3429506,454
248296081,27.9156,28.2343,454,44784,0.862049,0.67,2,3429984,3429530,454
248299001,18.3663,19.0937,453,44831,0.86682,0.63,2,3429996,3429543,453
248301921,19.9465,19.6375,454,44878,0.892728,0.63,2,3430017,3429563,454
248304841,21.1786,21.655,453,44925,0.879091,0.63,2,3430039,3429586,453
248310681,28.1086,28.1848,453,45019,0.897855,0.67,2,3430097,3429644,453
248617281,332.682,356.335,503,21900,0.826,1,2,3433430,3432927,503
248628961,88.4751,94.2694,498,23003,0.258602,1,1,3433716,3433218,498
248640641,56.409,40.7077,502,23369,0.209324,0.59,1,3433932,3433430,502
248643561,59.1636,46.8831,512,23460,0.22173,0.45,1,3433993,3433481,512
248646481,65.0654,60.7532,511,23550,0.250692,0.39,1,3434062,3433551,511
248649401,75.8262,70.5013,517,23640,0.298277,0.13,1,3434145,3433628,517
248658161,47.7649,66.3601,463,23908,0.41389,0.15,1,3434298,3433835,463
248661081,20.3059,47.544,430,23997,0.423556,0.25,1,3434300,3433870,430
248707801,21.276,20.8191,454,25373,0.760267,0.61,2,3435197,3434743,454
248713641,58.3642,19.651,516,25540,0.770843,0.67,2,3435327,3434811,516
248716561,67.1457,46.2604,525,25623,0.806337,0.65,2,3435400,3434875,525
248719481,77.2583,61.7042,537,25706,0.820535,0.69,2,3435484,3434947,537
248722401,60.3033,75.0817,502,25788,0.814214,0.63,2,3435533,3435031,502
248725321,73.9213,59.4327,536,25870,0.859686,0.75,2,3435616,3435080,536
248728241,51.1685,71.1731,493,25952,0.853874,0.77,2,3435652,3435159,493
248731161,21.6674,50.0692,459,26034,0.85155,0.77,2,3435654,3435195,459
248734081,47.067,21.2277,521,26115,0.86262,0.73,2,3435718,3435197,521
248830441,50.9269,74.6828,505,28669,0.8596,1,2,3437555,3437050,505
248833361,40.7707,48.4731,508,28743,0.79384,1,2,3437589,3437081,508
248859641,37.2216,50.9267,493,29399,0.751354,0.75,2,3438048,3437555,493
248862561,39.4886,40.7707,500,29471,0.750542,0.61,2,3438089,3437589,500
248865481,54.7955,42.1083,522,29543,0.762217,0.61,2,3438154,3437632,522
248868401,57.9182,55.8433,517,29615,0.850887,0.67,2,3438214,3437697,517
249023161,47.3119,47.9067,489,33188,0.82168,1,2,3440692,3440203,489
249031921,36.748,40.698,494,33379,0.415707,1,1,3440810,3440316,494
249037761,36.8397,34.8317,502,33505,0.228513,1,1,3440888,3440386,502
249046521,52.6137,62.3732,477,33694,0.0916649,0.98,1,3441017,3440540,477
249049441,37.8455,45.9493,470,33757,0.0906659,0.89,1,3441045,3440575,470
249052361,60.1382,68.7797,461,33820,0.0542664,0.75,1,3441120,3440659,461
249055281,42.0553,47.3119,458,33883,0.0397066,0.57,1,3441150,3440692,458
249058201,36.6221,45.9248,446,33945,0.0338826,0.41,1,3441183,3440737,446
249061121,35.0488,42.3699,440,34007,0.043553,0.35,1,3441217,3440777,440
249064041,30.8195,36.748,435,34069,0.0954212,0.25,1,3441245,3440810,435
249081561,36.7303,49.7015,451,34441,0.0861553,0.09,1,3441468,3441017,451
249084481,59.0921,36.6806,497,34502,0.0644621,0.03,1,3441542,3441045,497
249087401,41.6368,59.6722,452,34563,0.0317848,0.03,1,3441572,3441120,452
249093241,35.9419,36.5476,457,34685,0.0638856,0.05,1,3441640,3441183,457
249096161,32.9768,35.019,454,34746,0.0795542,0.13,1,3441671,3441217,454
249099081,39.5907,30.8076,470,34807,0.0978217,0.17,1,3441715,3441245,470
249110761,45.5815,30.0639,485,35050,0.250904,0.07,1,3441862,3441377,485
249113681,36.2326,49.8256,452,35110,0.226362,0.07,1,3441892,3441440,452
249116601,58.293,36.7302,497,35170,0.216545,0.05,1,3441965,3441468,497
249119521,40.7172,59.0921,452,35230,0.236618,0.01,1,3441994,3441542,452
249134121,38.4397,39.5907,463,35530,0.219719,0.15,1,3442178,3441715,463
249137041,32.1759,36.8363,456,35589,0.249888,0.19,1,3442206,3441750,456
249139961,32.0703,29.1345,464,35648,0.273955,0.21,1,3442238,3441774,464
249142881,14.0281,31.4538,433,35707,0.283582,0.29,1,3442240,3441807,433
249145801,39.2113,45.5815,434,35766,0.299433,0.21,1,3442296,3441862,434
249169161,40.9835,38.4397,435,36237,0.404217,0.27,1,3442613,3442178,435
249177921,14.4309,14.0281,436,36411,0.40099,0.31,1,3442676,3442240,436
249180841,39.9724,39.2113,437,36469,0.418396,0.31,1,3442733,3442296,437
249256761,59.6481,34.0268,530,37947,0.804882,0.67,2,3443734,3443204,530
249259681,40.6593,59.2107,482,38003,0.843953,0.67,2,3443762,3443280,482
249262601,37.8637,40.4843,490,38059,0.871581,0.69,2,3443798,3443308,490
249265521,33.1455,38.3937,483,38115,0.894633,0.65,2,3443828,3443345,483
249429041,34.6675,46.8573,503,41101,0.83944,1,2,3445885,3445382,503
249437801,34.4747,28.3429,518,41254,0.412044,1,1,3445990,3445472,518
249446561,46.4624,61.4779,515,41407,0.0664508,1,1,3446139,3445624,515
249449481,35.985,43.7912,512,41458,0.0685803,1,1,3446168,3445656,512
249452401,32.994,37.9165,509,41509,0.0334321,1,1,3446199,3445690,509
249455321,14.9976,31.9666,484,41560,0.0133729,1,1,3446202,3445718,484
249458241,26.999,31.3866,488,41611,0.00534914,1,1,3446237,3445749,488
249461161,23.9996,33.5547,475,41662,0.0801397,0.99,1,3446259,3445784,475
249464081,22.7998,28.4219,472,41713,0.0860559,0.91,1,3446281,3445809,472
249467001,30.7199,37.1687,465,41764,0.0764223,0.77,1,3446317,3445852,465
249469921,25.488,34.6675,454,41815,0.0605689,0.67,1,3446339,3445885,454
249472841,31.1952,35.467,453,41865,0.0782276,0.45,1,3446374,3445921,453
249475761,27.4781,35.1868,443,41915,0.085291,0.31,1,3446399,3445956,443
249478681,27.7912,34.4747,437,41965,0.0521164,0.23,1,3446427,3445990,437
249481601,31.5165,35.3899,435,42015,0.0748466,0.05,1,3446461,3446026,435
249484521,52.8066,59.156,427,42065,0.0479386,0.01,1,3446528,3446101,427
249487441,42.7226,46.4624,425,42115,0.0251755,0.07,1,3446564,3446139,425
249490361,35.0891,35.985,426,42165,0.0400702,0.01,1,3446594,3446168,426
249493281,30.8356,32.994,423,42215,0.0820281,0,1,3446622,3446199,423
249496201,14.1342,14.9976,423,42265,0.0988112,0,1,3446625,3446202,423
249499121,27.8537,26.999,425,42315,0.0695245,0.13,1,3446662,3446237,425
249502041,24.9415,23.9996,426,42365,0.0278098,0.09,1,3446685,3446259,426
249504961,22.5766,22.7998,425,42415,0.0531239,0.07,1,3446706,3446281,425
249534161,31.9909,30.8356,426,42910,0.205507,0.11,1,3447048,3446622,426
249537081,13.9964,14.1342,425,42959,0.208203,0.05,1,3447050,3446625,425
249540001,25.9985,27.8537,422,43008,0.221281,0.05,1,3447084,3446662,422
249545841,24.4398,18.2566,446,43106,0.221405,0.07,1,3447131,3446685,446
249548761,32.5759,19.9026,463,43155,0.214562,0.15,1,3447169,3446706,463
249551681,25.0304,28.9611,448,43204,0.211825,0.15,1,3447189,3446741,448
249554601,31.6121,23.5844,464,43253,0.21073,0.13,1,3447225,3446761,464
249557521,28.8449,31.6338,454,43302,0.222292,0.19,1,3447252,3446798,454
249560441,25.9379,28.2535,452,43351,0.226917,0.17,1,3447276,3446824,452
249563361,33.1752,26.3014,465,43400,0.228767,0.17,1,3447314,3446849,465
249572121,36.1552,41.6913,462,43547,0.214561,0.21,1,3447448,3446986,462
249575041,31.8621,36.4765,458,43595,0.211824,0.21,1,3447477,3447019,458
249577961,13.9448,31.9906,431,43643,0.21073,0.21,1,3447479,3447048,431
249583801,23.2312,25.9985,451,43739,0.229317,0.15,1,3447535,3447084,451
249586721,25.4925,23.5994,456,43787,0.241727,0.25,1,3447562,3447106,456
249589641,32.997,24.4398,469,43835,0.282691,0.21,1,3447600,3447131,469
249592561,25.1988,32.5759,451,43883,0.299076,0.21,1,3447620,3447169,451
249610081,42.2841,53.4701,465,44171,0.410079,0.19,1,3447846,3447381,465
249613001,37.3136,42.388,464,44219,0.446032,0.23,1,3447880,3447416,464
249688921,27.0536,26.4538,453,45444,0.796019,0.65,2,3448601,3448148,453
249691841,34.2215,33.3815,454,45490,0.840407,0.67,2,3448640,3448186,454
249694761,54.4886,53.5526,455,45536,0.834163,0.67,2,3448708,3448253,455
249697681,43.3954,43.021,455,45582,0.831665,0.63,2,3448744,3448289,455
249700601,37.7582,38.8084,453,45628,0.854666,0.65,2,3448778,3448325,453
249703521,31.9033,32.9234,452,45674,0.863866,0.61,2,3448806,3448354,452
249706441,13.9613,14.3693,452,45720,0.867547,0.63,2,3448808,3448356,452
249916681,332.375,336.127,499,21900,0.406,1,1,3451019,3450520,499
249919601,200.15,196.851,507,22724,0.2164,0.86,1,3451131,3450624,507
249922521,118.46,126.14,492,22817,0.08656,0.83,1,3451195,3450703,492
249925441,74.984,80.4561,488,22910,0.052624,0.59,1,3451241,3450753,488
249928361,58.7936,73.5824,467,23003,0.0390496,0.41,1,3451289,3450822,467
249931281,59.5174,64.833,468,23095,0.0456198,0.11,1,3451349,3450881,468
249934201,47.807,74.5332,427,23187,0.0842479,0.03,1,3451389,3450962,427
249937121,38.3228,41.2133,440,23278,0.0516992,0.01,1,3451421,3450981,440
249940041,95.1291,39.2853,535,23369,0.0386797,0.09,1,3451554,3451019,535
249942961,75.8516,82.9141,486,23460,0.0454719,0,1,3451617,3451131,486
249945881,57.3407,71.5657,467,23550,0.0241887,0.03,1,3451662,3451195,467
249948801,52.9363,56.2263,471,23640,0.0516755,0.03,1,3451712,3451241,471
249951721,56.5745,51.2905,482,23730,0.0506702,0.05,1,3451771,3451289,482
249954641,47.8298,56.5162,464,23819,0.0622681,0.11,1,3451813,3451349,464
249957561,37.1319,46.6065,454,23908,0.0429072,0.03,1,3451843,3451389,454
249960481,16.0528,37.8426,424,23997,0.0351629,0.03,1,3451845,3451421,424
249963401,86.8211,94.937,425,24085,0.0560652,0.05,1,3451979,3451554,425
249966321,71.9284,75.7748,424,24173,0.0884261,0.01,1,3452041,3451617,424
249969241,55.7714,57.3099,424,24261,0.0653704,0.07,1,3452086,3451662,424
249972161,51.7086,52.924,423,24348,0.0801482,0.05,1,3452135,3451712,423
249975081,56.6834,56.5696,424,24435,0.0500593,0.07,1,3452195,3451771,424
249978001,48.4734,47.8278,425,24522,0.0380237,0.03,1,3452238,3451813,425
249980921,36.1893,37.1311,423,24608,0.0332095,0.03,1,3452266,3451843,423
249983841,15.6757,16.0525,423,24694,0.0132838,0.07,1,3452268,3451845,423
249986761,86.6703,86.821,423,24780,0.0593135,0.11,1,3452402,3451979,423
249995521,50.8109,51.7085,422,25036,0.213316,0.03,1,3452557,3452135,422
249998441,56.3244,56.6834,422,25121,0.235326,0.03,1,3452617,3452195,422
250001361,48.9297,48.4734,423,25205,0.232131,0.03,1,3452661,3452238,423
250004281,35.7719,36.1893,422,25289,0.254852,0,1,3452688,3452266,422
250007201,15.5088,15.6757,422,25373,0.239941,0.09,1,3452690,3452268,422
250024721,50.2085,54.9931,477,25870,0.23597,0.23,1,3453094,3452617,477
250027641,35.6834,48.3972,459,25952,0.232388,0.27,1,3453120,3452661,459
250030561,15.4734,35.5589,434,26034,0.230955,0.23,1,3453122,3452688,434
250033481,82.9893,15.4236,560,26115,0.266382,0.07,1,3453250,3452690,560
250036401,76.3957,87.7694,496,26196,0.280553,0.13,1,3453322,3452826,496
250039321,57.5583,76.5078,472,26277,0.298221,0.15,1,3453367,3452895,472
250053921,15.6672,35.6833,434,26678,0.404631,0.23,1,3453554,3453120,434
250056841,85.4669,15.4733,564,26757,0.419853,0.29,1,3453686,3453122,564
250059761,76.7867,82.9893,507,26836,0.413941,0.29,1,3453757,3453250,507
250062681,58.3147,76.3957,481,26915,0.423576,0.31,1,3453803,3453322,481
250065601,24.5259,57.5583,438,26994,0.427431,0.41,1,3453805,3453367,438
250068521,41.6104,53.6233,440,27072,0.440972,0.35,1,3453858,3453418,440
250097721,54.09,52.6441,446,27844,0.772607,0.53,2,3454364,3453918,446
250100641,51.636,51.0577,446,27920,0.783043,0.55,2,3454414,3453968,446
250103561,36.8544,36.0231,447,27996,0.799217,0.51,2,3454441,3453994,447
250106481,15.9418,15.6092,447,28072,0.805687,0.57,2,3454443,3453996,447
250109401,87.3767,86.0437,449,28147,0.868275,0.63,2,3454578,3454129,449
250112321,79.9507,77.0175,453,28222,0.88131,0.69,2,3454653,3454200,453
250115241,60.1803,58.407,454,28297,0.898524,0.65,2,3454700,3454246,454
250118161,25.2721,24.5628,454,28372,0.88141,0.65,2,3454702,3454248,454
250243721,34.5388,30.0009,530,31419,0.896464,1,2,3456837,3456307,530
250283141,163.37,142.056,506,14175,0.0902537,0.01,1,3457663,3457157,506
250286061,100.748,126.422,449,14325,0.0781015,0.05,1,3457722,3457273,449
250288981,58.8993,75.169,439,14473,0.0612406,0.03,1,3457753,3457314,439
250291901,151.36,76.8676,574,14620,0.0424962,0,1,3457966,3457392,574
250294821,131.944,121.947,541,14765,0.0229985,0.05,1,3458085,3457544,541
250297741,89.3776,120.179,483,14909,0.0391994,0.07,1,3458146,3457663,483
250300661,52.551,83.4715,452,15051,0.0696798,0.05,1,3458174,3457722,452
250303581,22.2204,51.9886,423,15192,0.0818719,0.03,1,3458176,3457753,423
250306501,136.688,148.595,423,15332,0.0327488,0.01,1,3458389,3457966,423
250309421,125.475,130.838,422,15471,0.0190995,0.05,1,3458507,3458085,422
250312341,87.9901,88.9353,424,15608,0.0376398,0.09,1,3458570,3458146,424
250315261,53.196,52.3741,426,15744,0.0450559,0.09,1,3458600,3458174,426
250318181,22.4784,22.1496,426,15879,0.0480224,0,1,3458602,3458176,426
250321101,134.991,136.66,423,16013,0.073209,0.01,1,3458812,3458389,423
250324021,124.197,125.464,422,16146,0.0592836,0.05,1,3458929,3458507,422
250326941,87.4786,87.9856,422,16278,0.0297134,0.05,1,3458992,3458570,422
250329861,54.1914,53.1942,424,16408,0.0298854,0.05,1,3459024,3458600,424
250332781,22.8766,22.4777,424,16537,0.0299542,0.09,1,3459026,3458602,424
250335701,135.151,134.991,424,16665,0.0659817,0.09,1,3459236,3458812,424
250338621,122.46,53.9964,538,16792,0.0803927,0.05,1,3459350,3458812,538
250341541,86.7841,91.7986,484,16918,0.0501571,0.01,1,3459413,3458929,484
250344461,54.5136,74.5194,454,17043,0.0260628,0.03,1,3459446,3458992,454
250347381,23.0055,49.0078,424,17168,0.0164251,0.03,1,3459448,3459024,424
250348841,129.802,20.8031,623,17292,0.0725701,0.09,1,3459649,3459026,623
250357601,73.4913,86.6514,423,17658,0.224244,0.01,1,3459836,3459413,423
250360521,48.5965,54.4606,422,17778,0.215698,0.01,1,3459868,3459446,422
250363441,20.6386,22.9842,422,17897,0.212279,0.11,1,3459870,3459448,422
250366361,139.655,129.794,440,18016,0.282912,0.15,1,3460089,3459649,440
250375121,74.2899,73.4908,432,18367,0.422986,0.21,1,3460268,3459836,432
250378041,47.716,48.5963,430,18483,0.415195,0.21,1,3460298,3459868,430
250380961,20.2864,20.6385,430,18598,0.412078,0.33,1,3460300,3459870,430
250413081,49.3544,53.3226,482,19816,0.751109,0.63,2,3461192,3460710,482
250416001,20.9417,39.329,454,19923,0.762443,0.63,2,3461194,3460740,454
250417461,128.977,16.9316,653,20029,0.790977,0.65,2,3461395,3460742,653
250420381,71.3907,145.973,454,20135,0.826391,0.69,2,3461428,3460974,454
250423301,29.7563,59.5891,454,20240,0.840556,0.69,2,3461430,3460976,454
250426221,84.5025,95.2356,456,20345,0.834223,0.75,2,3461551,3461095,456
250513821,42.898,56.8204,512,23269,0.80123,1,2,3463568,3463056,512
250525501,92.8742,75.9506,584,23631,0.0483515,0.93,1,3463930,3463346,584
250528421,54.5497,98.7802,499,23721,0.0493406,0.87,1,3463959,3463460,499
250531341,39.8199,58.1121,498,23810,0.0257362,0.91,1,3463989,3463491,498
250534261,35.7279,44.2448,496,23899,0.0162945,0.73,1,3464022,3463526,496
250537181,15.4912,42.8979,456,23988,0.0365178,0.65,1,3464024,3463568,456
250540101,21.1965,35.1592,451,24076,0.0566071,0.03,1,3464049,3463598,451
250543021,99.0786,121.464,423,24164,0.0226428,0,1,3464200,3463777,423
250545941,70.8314,79.1855,424,24252,0.00905714,0,1,3464252,3463828,424
250548861,88.3326,92.8742,422,24339,0.00362286,0.05,1,3464352,3463930,422
250551781,55.133,54.5497,426,24426,0.0194491,0.01,1,3464385,3463959,426
250554701,38.2532,39.8199,423,24513,0.0617797,0.01,1,3464412,3463989,423
250557621,36.3013,35.7279,425,24599,0.0427119,0.05,1,3464447,3464022,425
250560541,15.7205,15.4912,425,24685,0.0350847,0.07,1,3464449,3464024,425
250563461,19.4882,21.1965,422,24771,0.0560339,0,1,3464471,3464049,422
250569301,69.8381,70.8314,422,24942,0.0941654,0,1,3464674,3464252,422
250572221,88.5352,88.3326,423,25027,0.0376662,0.03,1,3464775,3464352,423
250575141,55.2141,55.133,423,25112,0.0450665,0.09,1,3464808,3464385,423
250578061,39.4856,38.2532,425,25196,0.0600266,0.03,1,3464837,3464412,425
250580981,35.5943,36.3013,423,25280,0.0540106,0.03,1,3464870,3464447,423
250583901,15.4377,15.7205,423,25364,0.0516043,0.07,1,3464872,3464449,423
250586821,21.1751,19.4882,426,25448,0.0386417,0.07,1,3464897,3464471,426
250589741,100.87,7.79528,580,25531,0.0814567,0.13,1,3465051,3464471,580
250592661,66.748,94.9181,471,25614,0.0865827,0.09,1,3465095,3464624,471
250595581,87.2992,67.9672,522,25697,0.0646331,0,1,3465196,3464674,522
250598501,55.3197,87.7869,455,25779,0.0558532,0.05,1,3465230,3464775,455
250601421,39.5279,54.9148,451,25861,0.0403413,0.07,1,3465259,3464808,451
250604341,35.0111,39.3659,454,25943,0.0221365,0.05,1,3465291,3464837,454
250607261,15.2045,35.5464,423,26025,0.0148546,0.05,1,3465293,3464870,423
250610181,21.6818,15.4185,447,26106,0.0239418,0.03,1,3465319,3464872,447
250613101,103.473,21.1674,580,26187,0.0515767,0.11,1,3465477,3464897,580
250616021,69.5891,100.867,473,26268,0.0386307,0.09,1,3465524,3465051,473
250636461,104.647,21.6818,582,26827,0.204154,0.07,1,3465901,3465319,582
250645221,69.9854,84.8356,429,27063,0.274906,0.15,1,3466048,3465619,429
250662741,106.425,104.647,433,27529,0.402062,0.19,1,3466334,3465901,433
250665661,71.3699,70.6589,433,27606,0.418825,0.19,1,3466382,3465949,433
250668581,29.748,29.4636,433,27683,0.42553,0.33,1,3466384,3465951,433
250700701,51.402,65.9597,484,28513,0.769779,0.63,2,3466970,3466486,484
250703621,37.3608,46.7839,478,28587,0.793911,0.59,2,3466998,3466520,478
250706541,34.7443,35.5135,483,28661,0.791565,0.61,2,3467031,3466548,483
250709461,15.0977,33.4054,453,28735,0.790626,0.65,2,3467033,3466580,453
250712381,21.6391,14.5622,477,28809,0.79025,0.63,2,3467059,3466582,477
250715301,109.456,22.0249,618,28882,0.8141,0.63,2,3467227,3466609,618
250718221,73.7823,109.61,500,28955,0.81164,0.67,2,3467277,3466777,500
250721141,30.7129,72.644,454,29028,0.810656,0.67,2,3467279,3466825,454
250724061,82.4852,30.2576,569,29101,0.822262,0.79,2,3467396,3466827,569
250726981,53.9941,77.503,495,29174,0.826905,0.79,2,3467431,3466936,495
250729901,38.3976,51.4012,489,29247,0.864762,0.81,2,3467459,3466970,489
250732821,34.559,37.3605,493,29319,0.879905,0.79,2,3467491,3466998,493
250735741,15.0236,34.7442,462,29391,0.885962,0.79,2,3467493,3467031,462
250738661,21.6094,15.0977,486,29463,0.888385,0.79,2,3467519,3467033,486
250858381,397.073,419.049,485,13140,0.406,1,1,3469621,3469136,485
250867141,100.821,118.139,485,14325,0.048544,0.23,1,3469919,3469434,485
250870061,101.528,87.4556,520,14473,0.0374176,0.01,1,3470021,3469501,520
250872981,149.211,106.982,581,14620,0.056967,0.01,1,3470202,3469621,581
250875901,99.2845,137.593,489,14765,0.0287868,0.09,1,3470268,3469779,489
250878821,83.5138,94.6372,496,14909,0.0115147,0,1,3470341,3469845,496
250881741,94.0055,82.2549,523,15051,0.0706059,0.03,1,3470442,3469919,523
250884661,38.8022,94.1019,423,15192,0.0702424,0.07,1,3470444,3470021,423
250887581,125.321,146.241,425,15332,0.0700969,0.01,1,3470627,3470202,425
250890501,89.1284,98.0963,424,15471,0.0460388,0,1,3470692,3470268,424
250893421,78.8513,83.0385,423,15608,0.0364155,0.11,1,3470764,3470341,423
250896341,93.3405,93.8154,425,15744,0.0685662,0.07,1,3470867,3470442,425
250899261,38.5362,38.7262,425,15879,0.0814265,0.07,1,3470869,3470444,425
250902181,124.614,125.29,424,16013,0.0625706,0.03,1,3471051,3470627,424
250905101,87.6458,89.1162,422,16146,0.0550282,0.03,1,3471114,3470692,422
250908021,78.2583,78.8465,422,16278,0.0400113,0.09,1,3471186,3470764,422
250910941,95.5033,93.3386,426,16408,0.0220045,0.09,1,3471293,3470867,426
250913861,39.4013,38.5354,426,16537,0.0148018,0.05,1,3471295,3470869,426
250916781,122.561,124.614,422,16665,0.0239207,0.05,1,3471473,3471051,422
250919701,86.2242,49.8457,484,16792,0.0815683,0.05,1,3471535,3471051,484
250925541,95.2759,66.2953,528,17043,0.0622509,0.01,1,3471714,3471186,528
250928461,39.3103,90.7181,423,17168,0.0429004,0.01,1,3471716,3471293,423
250931381,123.124,37.4872,600,17292,0.0471601,0.03,1,3471895,3471295,600
250934301,88.8497,121.795,488,17415,0.0608641,0.12,1,3471961,3471473,488
250937221,78.7399,85.918,498,17537,0.0783456,0.13,1,3472033,3471535,498
250945981,124.007,39.2907,603,17897,0.229414,0.05,1,3472319,3471716,603
250992701,90.6474,24.1354,566,19708,0.773697,0.75,2,3473468,3472902,566
250995621,37.459,75.6542,458,19816,0.783479,0.75,2,3473470,3473012,458
250998541,131.984,31.4617,651,19923,0.799392,0.71,2,3473665,3473014,651
251001461,94.7934,130.785,524,20029,0.829757,0.71,2,3473735,3473211,524
251004381,39.1174,94.3139,456,20135,0.841903,0.67,2,3473737,3473281,456
251007301,62.447,38.9255,532,20240,0.834761,0.79,2,3473815,3473283,532
251010221,92.7788,59.9702,571,20345,0.855904,0.79,2,3473928,3473357,571
251013141,38.3115,90.5881,462,20449,0.864362,0.79,2,3473930,3473468,462
251080301,75.9423,105.571,549,22715,0.405268,1,1,3475627,3475078,549
251089061,89.2923,54.2526,582,22994,0.0943372,0.99,1,3475830,3475248,582
251094901,34.2068,60.4004,484,23178,0.0882939,0.97,1,3475886,3475402,484
251115341,34.0324,58.5168,442,23810,0.230356,0.07,1,3476310,3475868,442
251118261,84.4129,34.2067,542,23899,0.242142,0.11,1,3476428,3475886,542
251121181,34.9652,85.6827,424,23988,0.270857,0.13,1,3476430,3476006,424
251135781,60.3494,58.0809,433,24426,0.433478,0.27,1,3476725,3476292,433
251138701,36.1398,34.0324,435,24513,0.443391,0.25,1,3476745,3476310,435
251200021,38.2745,46.6796,482,26268,0.754961,0.57,2,3477900,3477418,482
251202941,88.5098,37.8718,572,26349,0.799984,0.67,2,3478022,3477450,572
251205861,67.8039,85.9487,508,26429,0.829994,0.75,2,3478076,3477568,508
251208781,37.9216,64.3795,476,26509,0.853997,0.73,2,3478094,3477618,476
251299301,47.2822,48.4821,523,28882,0.881223,1,2,3479758,3479235,523
251302221,38.1129,46.9928,509,28955,0.874489,1,2,3479790,3479281,509
251305141,33.8451,40.9971,503,29028,0.811796,1,2,3479821,3479318,503
251337261,67.5732,55.5381,531,29820,0.784252,0.59,2,3480422,3479891,531
251340181,28.2293,69.6152,454,29891,0.811701,0.57,2,3480424,3479970,454
251343101,27.4917,47.0461,449,29962,0.84668,0.53,2,3480451,3480002,449
251346021,77.5967,86.0184,448,30033,0.872672,0.55,2,3480562,3480114,448
251486181,72.4631,66.2908,493,33246,0.893488,1,2,3482790,3482297,493
251489101,48.1852,42.1163,499,33310,0.843395,1,2,3482822,3482323,499
251492021,32.4741,33.0465,494,33373,0.811358,1,2,3482844,3482350,494
251506621,26.5453,37.5883,481,33688,0.423268,0.97,1,3483053,3482572,481
251509541,28.6181,37.2353,474,33751,0.415307,0.99,1,3483083,3482609,474
251512461,26.4473,32.8941,469,33814,0.400123,0.94,1,3483108,3482639,469
251532901,39.4416,45.1583,439,34249,0.412017,0.47,1,3483440,3483001,439
251535821,34.9766,18.0633,471,34311,0.410807,0.43,1,3483472,3483001,471
251538741,27.7907,27.0253,461,34373,0.422323,0.39,1,3483495,3483034,461
251541661,27.3163,22.2101,469,34435,0.414929,0.41,1,3483522,3483053,469
251544581,25.3265,26.8841,463,34496,0.423972,0.39,1,3483546,3483083,463
251547501,47.3306,25.7536,500,34557,0.427589,0.37,1,3483608,3483108,500
251594221,42.6537,50.9781,482,35524,0.771212,0.53,2,3484288,3483806,482
251597141,41.0615,40.7912,488,35584,0.794485,0.55,2,3484328,3483840,488
251600061,35.6246,40.3165,480,35643,0.815794,0.57,2,3484360,3483880,480
251602981,15.4498,34.7266,451,35702,0.824318,0.59,2,3484362,3483911,451
251605901,20.5799,28.2906,451,35761,0.827727,0.59,2,3484386,3483935,451
251608821,25.032,28.1163,451,35820,0.829091,0.61,2,3484414,3483963,451
251611741,25.6128,26.2465,452,35879,0.853636,0.59,2,3484440,3483988,452
251614661,49.2451,49.4986,452,35938,0.899455,0.71,2,3484505,3484053,452
251789861,333.239,351.611,486,17520,0.862,1,2,3486862,3486376,486
251795701,166.118,135.458,551,17761,0.22192,1,1,3487128,3486577,551
251801541,91.8589,98.5932,513,18000,0.0655072,0.78,1,3487289,3486776,513
251804461,48.7436,79.0373,467,18118,0.0802029,0.77,1,3487309,3486842,467
251807381,25.4974,39.4149,464,18235,0.0740812,0.35,1,3487319,3486855,464
251810301,77.399,97.966,439,18351,0.0836325,0,1,3487431,3486992,439
251813221,103.56,120.786,424,18467,0.099453,0.05,1,3487552,3487128,424
251816141,92.4238,100.515,422,18582,0.0577812,0.03,1,3487637,3487215,422
251819061,81.9695,84.6058,423,18696,0.0771125,0.09,1,3487712,3487289,423
251821981,45.9878,45.8423,425,18810,0.060845,0.07,1,3487734,3487309,425
251824901,24.3951,24.3369,425,18923,0.054338,0.09,1,3487744,3487319,425
251833661,90.6973,92.3496,422,19257,0.201478,0.09,1,3488059,3487637,422
251839501,46.1916,45.9759,424,19477,0.227836,0.05,1,3488158,3487734,424
251842421,23.8766,24.3904,423,19586,0.229135,0.05,1,3488167,3487744,423
251845341,77.9507,9.75615,537,19694,0.265654,0.15,1,3488281,3487744,537
251859941,23.4965,46.0417,439,20227,0.417488,0.23,1,3488597,3488158,439
251897901,22.9257,24.1573,453,21550,0.75776,0.61,2,3489492,3489039,453
251900821,82.3703,83.4629,452,21648,0.765104,0.65,2,3489614,3489162,452
251903741,110.948,109.585,455,21746,0.804042,0.65,2,3489744,3489289,455
251906661,45.5792,45.0341,455,21844,0.819617,0.71,2,3489746,3489291,455
251909581,68.6317,67.2136,457,21941,0.873847,0.75,2,3489830,3489373,457
251991341,63.2859,57.659,503,24502,0.766,1,2,3491670,3491167,503
252014701,55.904,63.2859,457,25185,0.299785,0.65,1,3492127,3491670,457
252029301,33.7712,32.0746,467,25603,0.403457,0.25,1,3492350,3491883,467
252032221,50.7085,32.0298,497,25686,0.443383,0.33,1,3492412,3491915,497
252081861,44.8156,52.4721,450,27053,0.793253,0.63,2,3493306,3492856,450
252084781,92.3262,94.1888,452,27131,0.827301,0.61,2,3493430,3492978,452
252087701,55.5305,55.6755,453,27209,0.852921,0.65,2,3493461,3493008,453
252090621,54.6122,54.0702,454,27287,0.875168,0.69,2,3493515,3493061,454
252306701,83.1313,27.8363,605,32531,0.892,1,2,3497249,3496644,605
252312541,41.981,57.3738,510,32661,0.88312,1,2,3497316,3496806,510
252315461,45.5924,43.9495,523,32726,0.767248,1,2,3497364,3496841,523
252332981,34.0513,40.3209,482,33112,0.26453,1,1,3497587,3497105,482
252338821,72.2882,83.1313,465,33240,0.0867247,0.91,1,3497714,3497249,465
252341741,46.9153,52.4525,463,33304,0.0766899,0.87,1,3497744,3497281,463
252344661,39.1661,41.981,462,33368,0.072676,0.69,1,3497778,3497316,462
252347581,37.8664,45.5924,451,33431,0.0350704,0.67,1,3497815,3497364,451
252350501,36.7466,41.637,448,33494,0.0560282,0.59,1,3497851,3497403,448
252353421,35.6986,38.2548,447,33557,0.0764113,0.47,1,3497886,3497439,447
252356341,25.0795,27.3019,445,33620,0.0605645,0.41,1,3497904,3497459,445
252359261,44.8318,49.3208,439,33683,0.0902258,0.27,1,3497962,3497523,439
252368021,26.7252,29.2205,425,33872,0.0645745,0.03,1,3498038,3497613,425
252414741,38.9496,37.0338,466,34857,0.202079,0.15,1,3498703,3498237,466
252417661,35.9798,38.8135,460,34918,0.206831,0.15,1,3498737,3498277,460
252423501,46.9168,25.1702,488,35039,0.204693,0.17,1,3498817,3498329,488
252426421,34.9667,45.4681,456,35099,0.219877,0.17,1,3498844,3498388,456
252429341,25.9867,33.7872,450,35159,0.249951,0.19,1,3498864,3498414,450
252432261,28.3947,25.5149,460,35219,0.27398,0.21,1,3498894,3498434,460
252435181,69.5579,27.606,528,35279,0.283592,0.19,1,3498991,3498463,528
252438101,48.2231,69.8424,464,35339,0.299437,0.19,1,3499025,3498561,464
252446861,39.5423,37.3739,471,35519,0.425004,0.21,1,3499134,3498663,471
252505261,70.9661,69.7566,449,36691,0.77912,0.57,2,3499877,3499428,449
252508181,49.9865,48.9026,450,36749,0.809648,0.63,2,3499913,3499463,450
252511101,40.9946,39.9611,451,36807,0.809859,0.61,2,3499948,3499497,451
252514021,40.3978,39.3844,452,36864,0.821944,0.69,2,3499988,3499536,452
252516941,43.1591,41.5538,454,36921,0.850777,0.69,2,3500033,3499579,454
252519861,37.6637,37.0215,454,36978,0.886311,0.69,2,3500067,3499613,454
252681921,361.019,381.557,479,17520,0.418,1,1,3502253,3501774,479
252708201,140.201,140.604,478,17761,0.095152,0.11,1,3502926,3502448,478
252722801,93.0408,96.7764,425,18351,0.0627312,0.07,1,3503278,3502853,425
252725721,81.6163,82.5106,426,18467,0.0670925,0.13,1,3503352,3502926,426
252728641,63.8465,64.2042,426,18582,0.056837,0.15,1,3503404,3502978,426
252752001,57.976,57.0003,428,19477,0.208545,0.09,1,3503949,3503521,428
252754921,64.5904,65.4001,426,19586,0.209418,0.09,1,3504018,3503592,426
252757841,91.2362,26.16,535,19694,0.245767,0.11,1,3504127,3503592,535
252760761,81.4945,75.864,501,19802,0.260307,0.15,1,3504202,3503701,501
252763681,64.3978,75.3456,479,19909,0.254123,0.17,1,3504255,3503776,479
252766601,67.7591,61.3382,497,20016,0.263649,0.19,1,3504325,3503828,497
252769521,59.5036,65.9353,482,20122,0.29146,0.23,1,3504379,3503897,482
252781201,64.7633,81.4687,487,20540,0.415413,0.25,1,3504689,3504202,487
252810401,69.5588,66.9048,452,21550,0.761378,0.61,2,3505338,3504886,452
252813321,95.0235,93.9619,452,21648,0.790551,0.65,2,3505450,3504998,452
252816241,86.0094,84.3848,454,21746,0.86222,0.65,2,3505530,3505076,454
252819161,35.6038,34.9539,454,21844,0.866888,0.67,2,3505532,3505078,454
252822081,47.8415,46.9816,455,21941,0.880755,0.73,2,3505588,3505133,455
252927201,59.0755,57.4199,486,25185,0.889237,1,2,3507947,3507461,486
252930121,35.6302,37.368,482,25269,0.841695,1,2,3507967,3507485,482
252950561,53.8703,100.483,492,25850,0.290249,0.85,1,3508408,3507916,492
252953481,35.3481,58.7933,484,25932,0.2781,0.81,1,3508431,3507947,484
252968081,77.7773,38.0948,550,26338,0.400029,0.27,1,3508711,3508161,550
252971001,95.3109,85.4379,540,26418,0.430011,0.29,1,3508818,3508278,540
253017721,15.1076,15.045,447,27673,0.773901,0.59,2,3509491,3509044,447
253020641,74.4431,72.018,451,27750,0.80756,0.59,2,3509605,3509154,451
253023561,95.1772,93.6072,452,27826,0.821024,0.65,2,3509714,3509262,452
253026481,54.2709,53.0429,453,27902,0.85041,0.67,2,3509741,3509288,453
253029401,34.9084,34.4172,453,27978,0.838164,0.71,2,3509763,3509310,453
253032321,58.3633,55.7669,457,28054,0.881266,0.79,2,3509837,3509380,457
253157881,51.9151,57.7121,501,31133,0.896128,1,2,3511973,3511472,501
253160801,92.766,99.2848,494,31201,0.772451,1,2,3512093,3511599,494
253181241,39.5753,46.2907,507,31673,0.40439,1,1,3512347,3511840,507
253184161,35.6301,40.7163,503,31740,0.431756,0.88,1,3512380,3511877,503
253251321,90.6349,86.9547,457,33240,0.769797,0.71,2,3513449,3512992,457
253254241,54.2539,52.7819,457,33304,0.793919,0.71,2,3513479,3513022,457
253257161,34.9016,34.3127,457,33368,0.803568,0.73,2,3513501,3513044,457
253260081,26.5606,25.1251,459,33431,0.795427,0.73,2,3513522,3513063,459
253263001,11.8243,11.25,459,33494,0.792171,0.75,2,3513524,3513065,459
253265921,29.9297,29.7,459,33557,0.826868,0.71,2,3513566,3513107,459
253268841,41.9719,44.28,455,33620,0.852747,0.67,2,3513616,3513161,455
253271761,43.1888,44.112,455,33683,0.863099,0.73,2,3513660,3513205,455
253274681,38.8755,38.0448,457,33746,0.86724,0.73,2,3513696,3513239,457
253414841,40.689,45.6298,486,36633,0.835312,1,2,3515709,3515223,486
253423601,41.2921,44.4403,479,36807,0.44106,1,1,3515884,3515405,479
253426521,34.5168,34.5761,481,36864,0.422424,1,1,3515914,3515433,481
253432361,34.9227,31.4522,491,36978,0.277588,1,1,3515984,3515493,491
253435281,34.9691,35.3809,488,37035,0.273035,1,1,3516019,3515531,488
253438201,24.7876,33.3523,474,37092,0.259214,0.93,1,3516037,3515563,474
253452801,73.3713,39.4164,556,37377,0.084264,0.45,1,3516265,3515709,556
253455721,47.3485,80.5666,478,37434,0.0877056,0.41,1,3516295,3515817,478
253461561,31.3358,41.2107,468,37546,0.0944329,0.41,1,3516352,3515884,468
253484921,31.6872,29.5704,459,37994,0.209603,0.09,1,3516588,3516129,459
253487841,75.0749,33.4281,527,38050,0.281841,0.07,1,3516692,3516165,527
253517041,31.544,27.7952,463,38601,0.432508,0.19,1,3516987,3516524,463
253604641,46.3727,69.8948,477,40211,0.771291,0.61,2,3518052,3517575,477
253607561,39.5491,43.5579,486,40264,0.806517,0.63,2,3518087,3517601,486
253610481,32.6196,37.8232,480,40316,0.820607,0.63,2,3518115,3517635,480
253613401,34.6479,31.9293,488,40368,0.826243,0.65,2,3518151,3517663,488
253616321,34.8591,34.9717,486,40420,0.816497,0.67,2,3518186,3517700,486
253619241,37.3437,33.7887,492,40472,0.872599,0.71,2,3518225,3517733,492
253794441,24.9042,30.5645,508,43492,0.883948,1,2,3520280,3519772,508
253797361,30.3617,26.6258,518,43541,0.815579,1,2,3520314,3519796,518
253829481,30.4754,35.5029,492,44069,0.769171,0.89,2,3520696,3520204,492
253841161,65.9162,30.3617,546,44261,0.804155,0.69,2,3520860,3520314,546
253844081,46.1665,67.9447,486,44309,0.819662,0.67,2,3520893,3520407,486
253847001,37.6666,48.1779,483,44357,0.849865,0.71,2,3520925,3520442,483
253849921,36.0666,37.8711,487,44405,0.885946,0.69,2,3520960,3520473,487
254055781,198.092,223.374,460,21900,0.4036,0.59,1,3523597,3523137,460
254106881,45.7883,21.1196,490,22475,0.421976,0.31,1,3523971,3523481,490
254133161,113.505,55.4644,596,23310,0.766298,0.59,2,3524629,3524033,596
254136081,89.2018,108.586,525,23401,0.804519,0.63,2,3524702,3524177,525
254139001,71.0807,86.6343,512,23492,0.843808,0.67,2,3524761,3524249,512
254141921,45.8323,69.4537,483,23582,0.871523,0.69,2,3524790,3524307,483
254144841,29.1329,44.5815,473,23672,0.882609,0.69,2,3524808,3524335,473
254247041,113.958,59.085,628,26628,0.8692,1,2,3526982,3526354,628
254249961,68.9832,116.634,512,26708,0.76168,1,2,3527021,3526509,512
254261641,30.2252,43.3586,489,27024,0.411515,1,1,3527167,3526678,489
254267481,46.956,47.7374,487,27180,0.273442,0.98,1,3527248,3526761,487
254273321,95.953,113.958,456,27336,0.0857508,0.69,1,3527438,3526982,456
254276241,58.7812,68.9832,451,27413,0.0403003,0.69,1,3527472,3527021,451
254279161,41.5125,47.3933,448,27490,0.0581201,0.47,1,3527502,3527054,448
254282081,49.005,53.1573,445,27567,0.0772481,0.41,1,3527556,3527111,445
254285001,38.202,41.0629,443,27644,0.0728992,0.37,1,3527587,3527144,443
254287921,26.6808,30.2252,439,27721,0.0711597,0.39,1,3527606,3527167,439
254290841,19.6723,22.8901,436,27797,0.0944639,0.19,1,3527621,3527185,436
254296681,56.7876,61.3824,425,27949,0.0883142,0.05,1,3527744,3527319,425
254314201,27.7379,26.6808,425,28401,0.216218,0.07,1,3528031,3527606,425
254317121,20.6952,10.6723,441,28476,0.200487,0.11,1,3528047,3527606,441
254320041,41.2781,13.2689,481,28550,0.230195,0.13,1,3528102,3527621,481
254322961,54.9112,38.9076,489,28624,0.254078,0.07,1,3528166,3527677,489
254325881,92.7645,55.763,540,28698,0.287631,0.15,1,3528284,3527744,540
254346321,42.8861,20.6935,488,29211,0.40306,0.25,1,3528535,3528047,488
254349241,56.1544,41.2774,498,29283,0.443224,0.27,1,3528600,3528102,498
254422241,40.6821,40.5977,454,31039,0.780926,0.69,2,3529786,3529332,454
254425161,30.0728,29.4391,455,31107,0.810371,0.67,2,3529809,3529354,455
254428081,22.8291,22.5756,455,31175,0.846148,0.71,2,3529827,3529372,455
254431001,10.3317,10.2303,455,31243,0.860459,0.69,2,3529829,3529374,455
254433921,38.3327,38.8921,454,31311,0.890184,0.69,2,3529886,3529432,454
254530281,89.3246,97.8506,472,33468,0.871888,1,2,3531491,3531019,472
254541961,48.2467,50.6106,490,33720,0.433344,1,1,3531654,3531164,490
254544881,39.6987,40.6442,490,33783,0.407338,1,1,3531688,3531198,490
254550721,26.6318,29.3031,487,33908,0.270374,0.97,1,3531738,3531251,487
254556561,22.6211,26.5285,480,34032,0.0972598,1,1,3531786,3531306,480
254568241,40.7647,23.8919,487,34280,0.0995938,0.55,1,3532018,3531531,487
254571161,33.7059,29.9568,482,34342,0.0698375,0.47,1,3532047,3531565,482
254577001,34.1929,45.9531,468,34465,0.072374,0.39,1,3532122,3531654,468
254579921,28.6772,38.7812,459,34526,0.0829496,0.33,1,3532147,3531688,459
254582841,22.8709,31.7125,451,34587,0.0991798,0.21,1,3532166,3531715,451
254603281,33.3421,40.7641,453,35013,0.240215,0.05,1,3532471,3532018,453
254606201,40.9368,33.7056,470,35073,0.246086,0.13,1,3532517,3532047,470
254609121,34.9747,40.4823,456,35133,0.236434,0.05,1,3532548,3532092,456
254612041,28.3899,34.1929,450,35193,0.232574,0.09,1,3532572,3532122,450
254614961,22.156,28.6772,443,35253,0.24303,0.11,1,3532590,3532147,443
254617881,26.8624,22.8709,454,35313,0.247212,0.13,1,3532620,3532166,454
254620801,21.545,25.3483,445,35373,0.260885,0.13,1,3532638,3532193,445
254623721,50.618,20.9393,497,35433,0.278354,0.19,1,3532708,3532211,497
254626641,76.6472,49.1757,523,35493,0.273342,0.19,1,3532802,3532279,523
254629561,53.4589,75.4703,468,35553,0.295337,0.17,1,3532840,3532372,468
254644161,31.4153,34.9747,433,35848,0.428909,0.23,1,3532981,3532548,433
254647081,26.9661,28.3899,433,35907,0.441564,0.25,1,3533005,3532572,433
254650001,22.1864,22.156,434,35966,0.434625,0.25,1,3533024,3532590,434
254652921,27.4746,26.8624,435,36025,0.44385,0.27,1,3533055,3532620,435
254655841,21.7898,21.545,435,36084,0.42354,0.29,1,3533073,3532638,435
254661681,76.9264,76.6472,436,36201,0.402566,0.31,1,3533238,3532802,436
254664601,54.7705,53.4589,438,36259,0.443027,0.33,1,3533278,3532840,438
254708401,15.7824,15.5053,445,37123,0.764729,0.49,2,3533791,3533346,445
254711321,33.913,34.4021,444,37180,0.803892,0.49,2,3533837,3533393,444
254714241,31.5652,13.7608,474,37237,0.795557,0.51,2,3533867,3533393,474
254717161,27.0261,23.5043,468,37294,0.792223,0.51,2,3533891,3533423,468
254720081,23.4104,23.8017,465,37351,0.778889,0.53,2,3533912,3533447,465
254723001,27.9642,21.5207,476,37408,0.761556,0.55,2,3533943,3533467,476
254725921,21.9857,26.6083,464,37464,0.766622,0.55,2,3533961,3533497,464
254728841,51.3943,21.4433,517,37520,0.780649,0.59,2,3534032,3533515,517
254731761,79.9577,49.9773,547,37576,0.81026,0.59,2,3534131,3533584,547
254734681,59.5831,77.5909,497,37632,0.858104,0.67,2,3534177,3533680,497
254914261,131.727,15.618,681,19707,0.88,1,2,3537075,3536394,681
254917181,95.2909,131.047,544,19815,0.778,1,2,3537146,3536602,544
254928861,42.1258,50.5436,514,20239,0.280701,1,1,3537365,3536851,514
254934701,86.9001,131.687,528,20448,0.0821121,0.71,1,3537603,3537075,528
254937621,65.9601,95.2748,509,20552,0.0628449,0.51,1,3537655,3537146,509
254940541,70.784,80.7099,512,20655,0.0431379,0.35,1,3537729,3537217,512
254943461,51.7136,77.284,476,20758,0.0352552,0.29,1,3537768,3537292,476
254946381,38.6854,54.3136,467,20860,0.0441021,0.23,1,3537798,3537331,467
254949301,113.874,42.1254,597,20962,0.0596408,0.03,1,3537962,3537365,597
254952221,46.7497,121.25,425,21063,0.0658563,0.05,1,3537964,3537539,425
254955141,55.8999,86.9001,423,21164,0.0443425,0.05,1,3538026,3537603,423
254958061,52.9599,65.96,422,21264,0.047737,0.03,1,3538077,3537655,422
254960981,66.184,70.784,423,21364,0.0250948,0.03,1,3538152,3537729,423
254963901,51.0736,51.7136,425,21463,0.0400379,0.05,1,3538193,3537768,425
254966821,37.8294,38.6854,424,21562,0.0460152,0.07,1,3538222,3537798,424
254969741,112.932,113.874,423,21660,0.0604061,0.07,1,3538385,3537962,423
254972661,46.3727,46.7497,423,21758,0.0661624,0.03,1,3538387,3537964,423
254975581,55.1491,55.8999,422,21855,0.092465,0.05,1,3538448,3538026,422
254978501,52.6596,52.9599,422,21952,0.078986,0.01,1,3538499,3538077,422
254981421,66.0639,66.184,422,22049,0.0735944,0.05,1,3538574,3538152,422
254984341,51.6255,51.0736,423,22145,0.0474378,0.05,1,3538616,3538193,423
254987261,37.4502,37.8294,422,22241,0.0369751,0.07,1,3538644,3538222,422
254998941,51.9635,22.0596,475,22620,0.217571,0.07,1,3538923,3538448,475
255001861,65.7854,39.4239,499,22714,0.213028,0.07,1,3538998,3538499,499
255004781,49.7142,60.7695,463,22807,0.211211,0.03,1,3539037,3538574,463
255010621,120.154,36.6031,598,22993,0.260594,0.21,1,3539242,3538644,598
255013541,49.2617,114.841,433,23085,0.290238,0.21,1,3539244,3538811,433
255057341,51.1639,50.3081,450,24425,0.759287,0.57,2,3540130,3539680,450
255060261,57.6656,56.7232,451,24512,0.753715,0.61,2,3540192,3539741,451
255063181,54.2662,53.2893,452,24598,0.763486,0.65,2,3540244,3539792,452
255066101,68.5065,66.9157,454,24684,0.767394,0.65,2,3540322,3539868,454
255069021,28.6026,27.9663,454,24770,0.792958,0.69,2,3540324,3539870,454
255071941,35.441,35.1865,454,24856,0.815183,0.65,2,3540364,3539910,454
255074861,33.3764,33.2746,454,24941,0.836073,0.75,2,3540396,3539942,454
255077781,127.951,124.91,459,25026,0.856429,0.79,2,3540587,3540128,459
255080701,52.3802,51.1639,459,25111,0.888572,0.75,2,3540589,3540130,459
255179981,60.8283,58.6846,493,27835,0.831232,1,2,3542515,3542022,493
255182901,55.5313,52.8739,496,27911,0.758493,1,2,3542567,3542071,496
255197501,41.5357,34.6925,495,28288,0.201332,1,1,3542794,3542299,495
255203341,91.0057,12.2708,625,28438,0.0694131,0.85,1,3542952,3542327,625
255206261,53.2023,99.7083,495,28512,0.0337652,0.78,1,3542980,3542485,495
255209181,47.0809,57.8833,508,28586,0.0555061,0.71,1,3543023,3542515,508
255212101,38.6324,54.3533,489,28660,0.0762024,0.63,1,3543056,3542567,489
255215021,62.8529,42.1413,534,28734,0.072481,0.37,1,3543135,3542601,534
255217941,41.9412,72.0565,470,28808,0.0589924,0.33,1,3543163,3542693,470
255220861,25.1765,48.0226,452,28881,0.077597,0.25,1,3543177,3542725,452
255223781,38.2706,31.809,478,28954,0.0850388,0.13,1,3543224,3542746,478
255229621,86.4033,34.0094,551,29100,0.0700062,0.01,1,3543374,3542823,551
255232541,51.3613,91.0038,450,29173,0.0340025,0.01,1,3543402,3542952,450
255235461,48.1445,53.2015,468,29246,0.019601,0.07,1,3543448,3542980,468
255238381,38.4578,47.0806,457,29318,0.0378404,0.09,1,3543480,3543023,457
255241301,61.5831,38.6322,501,29390,0.0811362,0.07,1,3543557,3543056,501
255252981,32.1909,38.2706,453,29677,0.220525,0.11,1,3543677,3543224,453
255255901,83.6764,31.5082,544,29748,0.21421,0.05,1,3543795,3543251,544
255270501,61.7957,61.5831,428,30102,0.214613,0.17,1,3543985,3543557,428
255273421,44.5183,43.2332,430,30172,0.223845,0.17,1,3544018,3543588,430
255276341,26.2073,25.6933,430,30242,0.203538,0.19,1,3544032,3543602,430
255279261,40.4829,38.4773,433,30312,0.207415,0.25,1,3544082,3543649,433
255285101,81.8373,83.6764,430,30452,0.228786,0.17,1,3544225,3543795,430
255288021,49.5349,50.2705,430,30521,0.241515,0.17,1,3544253,3543823,430
255290941,21.014,21.3082,430,30590,0.246606,0.13,1,3544255,3543825,430
255293861,35.4056,36.7233,428,30659,0.248642,0.17,1,3544300,3543872,428
255296781,35.1622,34.4893,430,30728,0.249457,0.25,1,3544335,3543905,430
255311381,33.9524,33.5932,431,31071,0.401406,0.25,1,3544542,3544111,431
255369781,35.5608,40.1548,480,32407,0.753872,0.55,2,3545431,3544951,480
255372701,86.2243,34.0619,570,32472,0.823549,0.57,2,3545551,3544981,570
255375621,53.0897,86.2248,480,32537,0.863419,0.59,2,3545582,3545102,480
255378541,22.4359,52.4899,452,32602,0.879368,0.59,2,3545584,3545132,452
255381461,35.3744,22.196,494,32667,0.885747,0.59,2,3545628,3545134,494
255521621,45.8855,47.4392,518,35642,0.844432,1,2,3547680,3547162,518
255524541,32.1542,43.5757,500,35701,0.787773,1,2,3547703,3547203,500
255533301,28.0019,39.6048,482,35878,0.421697,1,1,3547788,3547306,482
255539141,59.9203,60.3368,485,35996,0.0746716,1,1,3547953,3547468,485
255542061,36.5681,39.1347,481,36055,0.0298686,1,1,3547974,3547493,481
255544981,28.4272,33.6539,474,36114,0.0299475,0.98,1,3547997,3547523,474
255547901,28.7709,31.4616,473,36173,0.029979,1,1,3548026,3547553,473
255550821,26.5084,25.7846,476,36231,0.0419916,0.93,1,3548051,3547575,476
255553741,40.0033,45.7138,466,36289,0.0347966,0.77,1,3548100,3547634,466
255556661,40.6013,45.8855,461,36347,0.0199187,0.75,1,3548141,3547680,461
255559581,28.2405,32.1542,458,36405,0.0259675,0.53,1,3548161,3547703,458
255562501,23.8962,30.2617,450,36463,0.052387,0.41,1,3548182,3547732,450
255565421,20.9585,29.5047,440,36521,0.0629548,0.37,1,3548201,3547761,440
255568341,22.7834,28.0019,437,36579,0.0551819,0.03,1,3548225,3547788,437
255571261,72.7134,83.8008,422,36637,0.0640728,0,1,3548331,3547909,422
255574181,56.0853,59.9203,423,36695,0.0256291,0,1,3548376,3547953,423
255577101,34.4341,36.5681,422,36753,0.0282516,0.03,1,3548396,3547974,422
255580021,27.5737,28.4272,422,36810,0.0173007,0.03,1,3548419,3547997,422
255582941,28.4295,28.7709,422,36867,0.0369203,0.05,1,3548448,3548026,422
255585861,28.1718,26.5084,425,36924,0.0447681,0.03,1,3548476,3548051,425
255588781,38.8687,40.0033,422,36981,0.0359072,0.01,1,3548522,3548100,422
255591701,40.1475,40.6013,422,37038,0.0323629,0.03,1,3548563,3548141,422
255594621,28.059,28.2405,422,37095,0.0309452,0.07,1,3548583,3548161,422
255597541,24.4236,23.8962,423,37152,0.0423781,0.07,1,3548605,3548182,423
255600461,19.9694,9.55848,440,37209,0.0469512,0.07,1,3548622,3548182,440
255603381,24.1878,15.2234,448,37266,0.0727805,0.05,1,3548649,3548201,448
255609221,56.19,71.7957,467,37380,0.0428449,0,1,3548798,3548331,467
255612141,34.476,55.7183,442,37437,0.0351379,0.03,1,3548818,3548376,442
255615061,26.9904,34.2873,444,37493,0.0200552,0.01,1,3548840,3548396,444
255617981,28.1962,27.5149,450,37549,0.0260221,0.05,1,3548869,3548419,450
255620901,28.0785,28.406,449,37605,0.0164088,0.05,1,3548897,3548448,449
255623821,38.8314,28.1624,467,37661,0.0245635,0.03,1,3548943,3548476,467
255626741,40.1326,38.865,462,37717,0.0398254,0.03,1,3548984,3548522,462
255629661,29.253,40.146,443,37773,0.0219302,0.03,1,3549006,3548563,443
255632581,25.5012,28.0584,446,37829,0.0267721,0.05,1,3549029,3548583,446
255635501,21.0005,24.4234,442,37885,0.0647088,0.05,1,3549047,3548605,442
255638421,24.6002,19.9693,452,37941,0.0678835,0.09,1,3549074,3548622,452
255641341,71.6401,24.1877,528,37997,0.0691534,0.13,1,3549177,3548649,528
255644261,53.856,71.4751,467,38053,0.0576614,0,1,3549219,3548752,467
255647181,34.7424,56.19,443,38109,0.0530645,0.03,1,3549241,3548798,443
255650101,25.897,34.476,443,38164,0.0392258,0.01,1,3549261,3548818,443
255653021,27.7588,26.9904,450,38219,0.0156903,0.03,1,3549290,3548840,450
255655941,28.5035,28.1962,450,38274,0.0242761,0.01,1,3549319,3548869,450
255658861,38.4014,28.0785,467,38329,0.0157105,0.03,1,3549364,3548897,467
255661781,39.9606,38.8314,462,38384,0.0242842,0.05,1,3549405,3548943,462
255664701,30.3842,40.1326,445,38439,0.0277137,0.01,1,3549429,3548984,445
255667621,27.1537,29.253,448,38494,0.0410855,0.03,1,3549454,3549006,448
255670541,21.6615,25.5012,443,38549,0.0584342,0.09,1,3549472,3549029,443
255673461,24.2646,21.0005,451,38604,0.0773737,0.07,1,3549498,3549047,451
255676381,10.9058,24.6002,426,38659,0.0849495,0.07,1,3549500,3549074,426
255679301,65.5623,71.6401,425,38714,0.0999798,0.05,1,3549602,3549177,425
255693901,27.993,28.5035,423,38985,0.0638558,0.01,1,3549742,3549319,423
255696821,38.1972,38.4014,423,39039,0.0435423,0.03,1,3549787,3549364,423
255699741,39.2789,39.9606,422,39093,0.0474169,0.03,1,3549827,3549405,422
255702661,30.7115,30.3842,423,39147,0.0249668,0.05,1,3549852,3549429,423
255705581,27.8846,27.1537,424,39201,0.0159867,0.07,1,3549878,3549454,424
255708501,23.1538,21.6615,426,39255,0.0123947,0.09,1,3549898,3549472,426
255711421,25.4615,24.2646,427,39309,0.0229579,0.09,1,3549925,3549498,427
255714341,11.3846,10.9058,427,39363,0.0271831,0.11,1,3549927,3549500,427
255717261,66.3538,65.5623,428,39417,0.0648733,0.15,1,3550030,3549602,428
255728941,27.2203,27.9824,426,39631,0.224909,0.03,1,3550140,3549714,426
255731861,25.8881,27.993,423,39684,0.215963,0.03,1,3550165,3549742,423
255734781,36.7552,38.1972,422,39737,0.200385,0.05,1,3550209,3549787,422
255737701,38.7021,39.2789,422,39790,0.206154,0.01,1,3550249,3549827,422
255778581,28.9441,38.6369,452,40527,0.226625,0.17,1,3550701,3550249,452
255781501,27.1776,30.4547,453,40579,0.24065,0.13,1,3550727,3550274,453
255784421,21.6711,27.7819,445,40631,0.24626,0.13,1,3550745,3550300,445
255787341,24.8684,23.1128,452,40683,0.260504,0.13,1,3550772,3550320,452
255790261,11.1474,25.4451,427,40735,0.266202,0.13,1,3550774,3550347,427
255813621,40.5122,35.4007,475,41148,0.412465,0.19,1,3551112,3550637,475
255816541,29.4049,39.3603,455,41199,0.446986,0.25,1,3551134,3550679,455
255892461,39.3105,38.303,451,42511,0.759856,0.59,2,3551964,3551513,451
255895381,42.1242,41.7212,451,42561,0.825942,0.61,2,3552008,3551557,451
255898301,30.0497,30.4885,450,42611,0.852377,0.59,2,3552030,3551580,450
255901221,28.2199,27.7954,451,42661,0.850951,0.65,2,3552057,3551606,451
255904141,23.2879,22.5182,452,42710,0.85038,0.67,2,3552077,3551625,452
255907061,27.3152,25.8073,454,42759,0.874152,0.63,2,3552107,3551653,454
255909981,12.1261,11.5229,454,42808,0.883661,0.69,2,3552109,3551655,454
255912901,72.6504,72.4092,454,42857,0.899464,0.67,2,3552222,3551768,454
256114381,30.0324,35.6742,513,46131,0.878352,1,2,3554449,3553936,513
256117301,31.2129,31.0697,517,46177,0.849341,1,2,3554481,3553964,517
256120221,22.6852,30.4279,504,46223,0.813736,1,2,3554498,3553994,504
256155261,31.3509,34.7023,496,46766,0.772064,0.95,2,3554885,3554389,496
256158181,29.3404,33.0809,492,46811,0.794825,0.83,2,3554913,3554421,492
256161101,26.7362,30.0324,489,46856,0.79193,0.83,2,3554938,3554449,489
256164021,19.6945,31.2129,472,46901,0.778772,0.79,2,3554953,3554481,472
256166941,25.2778,22.6852,484,46946,0.797509,0.69,2,3554982,3554498,484
256169861,67.1111,25.2741,552,46991,0.841003,0.63,2,3555077,3554525,552
256172781,49.6444,70.7096,489,47036,0.870401,0.67,2,3555115,3554626,489
256383021,24.6146,28.5832,517,50159,0.880273,1,2,3557220,3556703,517
256385941,20.6458,30.0333,504,50201,0.886109,0.99,2,3557238,3556734,504
256388861,17.8583,27.0133,495,50243,0.876444,1,2,3557254,3556759,495
256391781,21.5433,22.2053,500,50285,0.872577,1,2,3557278,3556778,500
256394701,27.2173,26.8821,501,50327,0.859031,1,2,3557309,3556808,501
256397621,21.6869,26.3529,493,50369,0.841612,1,2,3557327,3556834,493
256400541,14.6748,26.1411,477,50411,0.822645,0.92,2,3557337,3556860,477
256403461,17.2699,21.8565,477,50453,0.851058,0.97,2,3557356,3556879,477
256406381,47.108,49.5426,476,50495,0.850423,0.98,2,3557423,3556947,476
256409301,57.2432,61.817,470,50537,0.790169,0.93,2,3557487,3557017,470
256412221,42.0973,45.1268,468,50579,0.778068,0.9,2,3557519,3557051,468
256415141,36.0389,36.6507,469,50621,0.773227,1,2,3557551,3557082,469
256418061,27.0156,27.8603,468,50663,0.783291,0.93,2,3557572,3557104,468
256420981,22.8062,21.9441,470,50705,0.775316,1,2,3557592,3557122,470
256423901,13.3225,15.9776,465,50747,0.784127,0.93,2,3557599,3557134,465
256426821,23.329,25.5911,463,50789,0.799651,0.91,2,3557629,3557166,463
256429741,29.1316,30.0364,463,50830,0.82986,0.85,2,3557662,3557199,463
256432661,24.8526,24.6146,464,50871,0.829944,0.89,2,3557684,3557220,464
256435581,21.9411,20.6458,466,50912,0.853978,0.87,2,3557704,3557238,466
256438501,15.9764,17.8583,462,50953,0.863591,0.87,2,3557716,3557254,462
256441421,20.1906,21.5433,461,50994,0.807436,0.85,2,3557739,3557278,461
256444341,27.8762,27.2173,463,51035,0.808975,0.83,2,3557772,3557309,463
256447261,21.3505,21.6869,462,51076,0.79759,0.81,2,3557789,3557327,462
256450181,15.7402,14.6748,464,51117,0.829036,0.87,2,3557801,3557337,464
256453101,18.2961,17.2699,465,51158,0.853614,0.85,2,3557821,3557356,465
256456021,45.1184,47.108,461,51199,0.875446,0.75,2,3557884,3557423,461
256458941,53.4474,57.2432,456,51240,0.872178,0.77,2,3557943,3557487,456
256461861,42.9789,42.0973,460,51281,0.894871,0.77,2,3557979,3557519,460
256488141,14.8611,15.9764,461,51650,0.885892,0.77,2,3558177,3557716,461
256491061,20.9444,20.1906,463,51691,0.888357,0.81,2,3558202,3557739,463
256699841,93.5883,94.6188,463,24990,0.404004,0.37,1,3560434,3559971,463
256702761,52.4353,67.8475,438,25075,0.443602,0.31,1,3560459,3560021,438
256705681,39.5741,39.739,448,25160,0.423441,0.29,1,3560490,3560042,448
256708601,53.0297,32.6956,482,25244,0.415376,0.29,1,3560552,3560070,482
256711521,38.6119,42.4782,462,25328,0.436151,0.29,1,3560581,3560119,462
256737801,50.368,37.7886,501,26072,0.77363,0.51,2,3561082,3560581,501
256740721,54.3472,47.5154,504,26153,0.807452,0.61,2,3561139,3560635,504
256743641,99.1389,52.0062,578,26234,0.796981,0.69,2,3561268,3560690,578
256746561,76.8556,94.6025,517,26315,0.804792,0.69,2,3561330,3560813,517
256749481,47.5422,75.041,483,26396,0.783917,0.73,2,3561358,3560875,483
256752401,38.2169,45.6164,489,26476,0.787567,0.77,2,3561390,3560901,489
256755321,52.4868,36.2466,521,26556,0.801027,0.75,2,3561452,3560931,521
256758241,38.9947,52.2986,488,26636,0.806411,0.75,2,3561482,3560994,488
256761161,51.5979,38.9194,518,26716,0.820564,0.79,2,3561542,3561024,518
256764081,56.0392,50.3678,519,26795,0.862226,0.83,2,3561601,3561082,519
256767001,98.6157,54.3471,589,26874,0.89089,0.79,2,3561728,3561139,589
256883801,33.2666,42.6868,496,29864,0.84472,1,2,3563752,3563256,496
256886721,35.5067,37.4747,499,29935,0.763888,1,2,3563789,3563290,499
256898401,46.0578,48.4458,479,30217,0.406099,1,1,3563956,3563477,479
256904241,63.0492,66.7913,477,30357,0.0733759,0.97,1,3564128,3563651,477
256907161,41.4197,45.9165,472,30427,0.0593504,0.89,1,3564155,3563683,472
256910081,38.7679,44.1666,466,30497,0.0657401,0.79,1,3564192,3563726,466
256913001,27.5072,33.2666,460,30566,0.0682961,0.71,1,3564212,3563752,460
256915921,32.0029,35.5067,458,30635,0.0573184,0.61,1,3564247,3563789,458
256918841,30.2011,33.4027,455,30704,0.0649274,0.57,1,3564276,3563821,455
256927601,41.3889,46.0578,437,30911,0.0989554,0.01,1,3564393,3563956,437
256956801,41.4625,36.2433,469,31588,0.215249,0.09,1,3564818,3564349,469
256959721,90.985,40.8973,549,31655,0.2841,0.19,1,3564942,3564393,549
256962641,57.394,88.3589,464,31722,0.27564,0.13,1,3564977,3564513,464
256965561,37.3576,57.5436,451,31789,0.272256,0.09,1,3565001,3564550,451
256968481,39.543,39.8174,464,31856,0.282902,0.13,1,3565042,3564578,464
256971401,28.4172,38.127,448,31922,0.299161,0.17,1,3565063,3564615,448
257006441,31.562,32.3669,468,32708,0.423566,0.33,1,3565566,3565098,468
257009361,13.8248,31.5468,439,32773,0.439426,0.37,1,3565568,3565129,439
257053161,94.9565,91.5635,452,33728,0.755559,0.67,2,3566266,3565814,452
257056081,58.9826,57.0254,453,33791,0.752224,0.69,2,3566301,3565848,453
257059001,40.993,38.4102,456,33854,0.76289,0.75,2,3566330,3565874,456
257061921,42.7972,41.1641,457,33916,0.815156,0.71,2,3566374,3565917,457
257064841,30.3189,30.8656,455,33978,0.812062,0.71,2,3566396,3565941,455
257067761,33.7276,33.9462,455,34040,0.846825,0.69,2,3566432,3565977,455
257070681,32.691,33.3785,454,34102,0.86073,0.69,2,3566464,3566010,454
257073601,14.2764,14.5514,454,34164,0.866292,0.67,2,3566466,3566012,454
257076521,27.3106,26.8206,455,34226,0.892517,0.67,2,3566502,3566047,455
257234201,40.3666,42.7447,507,37416,0.878723,1,2,3568786,3568279,507
257240041,32.7387,32.5191,511,37528,0.813796,1,2,3568855,3568344,511
257257561,77.0913,31.083,583,37864,0.273195,0.97,1,3569118,3568535,583
257269241,41.7463,36.4165,513,38088,0.0472658,0.85,1,3569256,3568743,513
257272161,38.2985,40.3666,506,38143,0.0369063,0.93,1,3569292,3568786,506
257275081,26.1194,41.3466,482,38198,0.0147625,0.75,1,3569310,3568828,482
257278001,29.0478,32.7387,486,38253,0.011905,0.69,1,3569341,3568855,486
257280921,31.4191,35.2955,482,38308,0.058762,0.69,1,3569374,3568892,482
257283841,21.5676,33.3182,465,38363,0.0415048,0.51,1,3569389,3568924,465
257286761,25.4271,28.9273,467,38418,0.0826019,0.39,1,3569417,3568950,467
257289681,28.1708,29.5709,467,38473,0.0750408,0.35,1,3569447,3568980,467
257301361,22.2828,34.4146,428,38693,0.205777,0.07,1,3569602,3569174,428
257304281,28.1131,35.3658,424,38748,0.256311,0.01,1,3569634,3569210,424
257307201,38.2452,41.7463,423,38803,0.264524,0.03,1,3569679,3569256,423
257310121,36.2981,38.2985,422,38857,0.25581,0,1,3569714,3569292,422
257313041,25.3192,26.1194,422,38911,0.240324,0.01,1,3569732,3569310,422
257318881,31.0511,31.4191,424,39019,0.217252,0.03,1,3569798,3569374,424
257321801,22.0204,21.5676,425,39073,0.248901,0.11,1,3569814,3569389,425
257324721,25.6082,25.4271,425,39127,0.23756,0.07,1,3569842,3569417,425
257327641,28.2433,28.1708,425,39181,0.233024,0.19,1,3569872,3569447,425
257330561,74.2973,70.6683,431,39235,0.27921,0.21,1,3569977,3569546,431
257333481,48.3189,46.2673,432,39289,0.285684,0.21,1,3570008,3569576,432
257339321,23.811,22.2828,434,39397,0.298909,0.29,1,3570036,3569602,434
257353921,30.3369,31.1277,431,39664,0.41587,0.23,1,3570198,3569767,431
257447361,51.5912,79.183,490,41333,0.766512,0.73,2,3571352,3570862,490
257450281,21.8365,51.4732,459,41384,0.780605,0.73,2,3571354,3570895,459
257453201,24.3346,21.7893,483,41435,0.798242,0.75,2,3571380,3570897,483
257456121,29.5338,24.9157,489,41486,0.793297,0.73,2,3571413,3570924,489
257459041,40.6135,29.1663,505,41537,0.815319,0.73,2,3571461,3570956,505
257461961,17.4454,40.4665,459,41588,0.824127,0.75,2,3571463,3571004,459
257464881,29.7782,38.9866,459,41639,0.851651,0.75,2,3571501,3571042,459
257467801,20.3113,23.9946,459,41690,0.87466,0.73,2,3571515,3571056,459
257470721,30.3245,32.9979,457,41741,0.895864,0.69,2,3571552,3571095,457
257626941,323.669,347.843,487,20440,0.874,0.91,2,3573534,3573047,487
257659061,74.8828,67.5739,481,20647,0.296656,0.79,1,3573982,3573501,481
257661981,61.1531,46.8296,500,20750,0.292662,0.65,1,3574034,3573534,500
257670741,81.1698,72.9571,489,21055,0.43369,0.25,1,3574328,3573839,489
257717461,31.7653,29.0718,459,22613,0.758115,0.67,2,3575298,3574839,459
257720381,25.9061,14.0287,477,22707,0.765246,0.69,2,3575320,3574843,477
257723301,44.5624,18.8115,512,22800,0.768098,0.73,2,3575377,3574865,512
257726221,120.425,41.7246,626,22893,0.841239,0.63,2,3575548,3574922,626
257729141,73.37,121.09,494,22986,0.894496,0.67,2,3575590,3575096,494
257802141,71.8288,74.6799,480,25188,0.886,1,2,3577178,3576698,480
257805061,46.7315,42.472,489,25272,0.7804,1,2,3577208,3576719,489
257816741,103.47,20.3353,640,25606,0.247354,1,1,3577438,3576798,640
257822581,87.9552,74.2936,571,25771,0.0959767,1,1,3577593,3577022,571
257840101,93.367,29.1702,578,26260,0.0693,0.07,1,3577863,3577285,578
257843021,71.5468,103.468,482,26341,0.06972,0.01,1,3577920,3577438,482
257845941,89.2187,77.3872,523,26421,0.081888,0.09,1,3578021,3577498,523
257869301,47.3895,71.5468,425,27056,0.208688,0.09,1,3578345,3577920,425
257875141,59.3023,62.0875,428,27212,0.0873902,0.13,1,3578493,3578065,428
257878061,36.9209,38.035,428,27290,0.0769561,0.13,1,3578515,3578087,428
257880981,27.9684,28.414,428,27368,0.0967824,0.13,1,3578537,3578109,428
257901421,57.925,59.3023,425,27905,0.217885,0.07,1,3578918,3578493,425
257904341,36.37,36.9209,425,27981,0.213154,0.11,1,3578940,3578515,425
257907261,28.348,27.9684,426,28057,0.259262,0.13,1,3578963,3578537,426
257910181,20.9392,20.7873,426,28132,0.277705,0.09,1,3578979,3578553,426
257951061,76.6272,48.6584,534,29168,0.403609,0.35,1,3579741,3579207,534
257986101,31.1428,37.7004,446,30028,0.797355,0.49,2,3580257,3579811,446
257989021,28.0571,30.6801,446,30098,0.816942,0.51,2,3580283,3579837,446
257991941,21.4228,21.8721,447,30168,0.836777,0.55,2,3580300,3579853,447
257994861,24.1691,22.5488,450,30238,0.820711,0.65,2,3580326,3579876,450
257997781,103.268,100.22,454,30308,0.874284,0.65,2,3580482,3580028,454
258000701,42.5071,41.2878,454,30378,0.895714,0.65,2,3580484,3580030,454
258135021,40.6483,27.0046,517,33433,0.87064,1,2,3582649,3582132,517
258137941,33.6593,23.4018,525,33496,0.846256,1,2,3582678,3582153,525
258140861,23.0637,22.5607,519,33559,0.848502,1,2,3582694,3582175,519
258143781,15.2255,24.6243,503,33622,0.801401,1,2,3582704,3582201,503
258184661,52.6154,83.8704,482,34493,0.406167,0.65,1,3583352,3582870,482
258187581,37.2462,52.1482,478,34554,0.420467,0.55,1,3583379,3582901,478
258205101,20.3335,32.3193,459,34920,0.442917,0.51,1,3583600,3583141,459
258208021,12.3334,20.7277,453,34981,0.447167,0.53,1,3583607,3583154,453
258245981,28.7609,28.9334,447,35758,0.754741,0.55,2,3584094,3583647,447
258248901,80.5044,78.7733,450,35817,0.775896,0.57,2,3584209,3583759,450
258251821,53.8017,51.9093,452,35876,0.784359,0.63,2,3584245,3583793,452
258254741,38.9207,37.5637,453,35935,0.799743,0.65,2,3584274,3583821,453
258257661,62.3683,61.2255,454,35994,0.805897,0.67,2,3584352,3583898,454
258260581,44.1473,43.0902,455,36053,0.808359,0.69,2,3584384,3583929,455
258263501,42.8589,41.8361,456,36112,0.845344,0.69,2,3584426,3583970,456
258266421,36.3436,35.9344,456,36171,0.896137,0.69,2,3584458,3584002,456
258464981,202.81,207.731,477,17641,0.213145,0.31,1,3587138,3586661,477
258470821,103.85,102.357,476,17881,0.0593033,0.05,1,3587311,3586835,476
258473741,81.7398,85.9428,468,18000,0.0537213,0.03,1,3587378,3586910,468
258476661,50.0959,68.5771,440,18118,0.0214885,0.05,1,3587407,3586967,440
258479581,42.2384,48.4308,442,18235,0.0265954,0.03,1,3587444,3587002,442
258482501,87.0954,100.972,423,18351,0.0286382,0.03,1,3587561,3587138,423
258485421,88.8381,94.3889,423,18467,0.0774553,0.03,1,3587651,3587228,423
258488341,85.3353,87.5556,423,18582,0.0729821,0.05,1,3587734,3587311,423
258491261,74.9341,75.2222,424,18696,0.0351928,0,1,3587802,3587378,424
258494181,46.7736,47.4889,423,18810,0.0200771,0.03,1,3587830,3587407,423
258497101,41.5095,41.1956,424,18923,0.0260309,0.03,1,3587868,3587444,424
258500021,85.6038,86.6782,422,19035,0.0644123,0.11,1,3587983,3587561,422
258502941,90.0415,88.6713,425,19146,0.0677649,0.07,1,3588076,3587651,425
258505861,87.0166,85.2685,427,19257,0.069106,0.01,1,3588161,3587734,427
258508781,73.8066,74.9074,424,19367,0.0576424,0.01,1,3588226,3587802,424
258511701,45.1227,46.763,422,19477,0.029057,0.03,1,3588252,3587830,422
258514621,40.8491,41.5052,422,19586,0.0296228,0.03,1,3588290,3587868,422
258517541,85.9396,16.6021,538,19694,0.0778491,0.09,1,3588406,3587868,538
258520461,90.7759,75.6408,517,19802,0.0971396,0.07,1,3588500,3587983,517
258532141,40.8199,44.8676,460,20227,0.0943108,0.03,1,3588712,3588252,460
258540901,88.2925,90.7595,512,20540,0.214116,0.11,1,3589012,3588500,512
258543821,73.117,87.3038,490,20643,0.235646,0.15,1,3589075,3588585,490
258546741,42.4468,72.1215,450,20746,0.256259,0.13,1,3589097,3588647,450
258549661,40.3787,45.0486,462,20848,0.276503,0.07,1,3589136,3588674,462
258552581,89.9515,40.8194,547,20950,0.296601,0.13,1,3589259,3588712,547
258555501,94.7806,88.3278,525,21051,0.292641,0.19,1,3589357,3588832,525
258558421,39.1122,91.7311,433,21152,0.291056,0.25,1,3589359,3588926,433
258567181,39.4152,42.4468,435,21451,0.403828,0.29,1,3589532,3589097,435
258570101,39.7661,40.3787,436,21550,0.443531,0.31,1,3589572,3589136,436
258596381,98.4982,94.3226,452,22420,0.798154,0.63,2,3590245,3589793,452
258599301,40.5993,38.929,452,22515,0.829262,0.63,2,3590247,3589795,452
258602221,70.2397,15.5716,542,22609,0.817705,0.71,2,3590337,3589795,542
258605141,68.8959,59.0286,522,22703,0.813082,0.67,2,3590405,3589883,522
258608061,42.5584,64.4115,479,22796,0.811233,0.67,2,3590430,3589951,479
258610981,42.2233,40.1646,497,22889,0.834493,0.73,2,3590472,3589975,497
258613901,92.4893,41.2658,581,22982,0.867797,0.73,2,3590598,3590017,581
258710261,60.8803,103.842,512,25850,0.778,1,2,3592650,3592138,512
258716101,55.2208,66.0546,524,26014,0.26968,1,1,3592766,3592242,524
258721941,42.0753,41.8887,517,26176,0.0635488,1,1,3592843,3592326,517
258727781,77.5321,35.5022,584,26338,0.0413678,1,1,3592979,3592395,584
258730701,89.2128,79.0009,573,26418,0.0165471,0.85,1,3593076,3592503,573
258733621,51.2851,98.2004,488,26498,0.0246188,0.69,1,3593102,3592614,488
258736541,52.9141,60.8801,506,26578,0.0518475,0.43,1,3593156,3592650,506
258739461,40.3656,64.5521,471,26658,0.062739,0.07,1,3593188,3592717,471
258742381,37.7462,55.2208,458,26737,0.0550956,0.01,1,3593224,3592766,458
258745301,39.0985,43.6883,462,26816,0.0400382,0.03,1,3593264,3592802,462
258748221,33.6394,42.0753,451,26895,0.0340153,0.13,1,3593294,3592843,451
258751141,14.6558,34.8301,423,26974,0.0316061,0,1,3593296,3592873,423
258754061,69.4623,77.5321,423,27053,0.0186424,0,1,3593402,3592979,423
258756981,85.3849,89.2128,422,27131,0.013457,0.03,1,3593498,3593076,422
258759901,50.354,51.2851,423,27209,0.00538279,0.07,1,3593525,3593102,423
258762821,53.1416,52.9141,424,27287,0.0321531,0.07,1,3593580,3593156,424
258765741,39.8566,40.3656,423,27365,0.0788613,0.05,1,3593611,3593188,423
258768661,37.5427,37.7462,423,27442,0.0495445,0.03,1,3593647,3593224,423
258771581,38.4171,39.0985,422,27519,0.0378178,0.03,1,3593686,3593264,422
258774501,34.5668,33.6394,424,27596,0.0331271,0.03,1,3593718,3593294,424
258777421,15.0267,14.6558,424,27673,0.0312508,0.01,1,3593720,3593296,424
258780341,68.4107,69.4623,422,27750,0.0185003,0.01,1,3593824,3593402,422
258783261,84.9643,85.3849,422,27826,0.0614001,0,1,3593920,3593498,422
258786181,50.1857,50.354,422,27902,0.0425601,0.05,1,3593947,3593525,422
258789101,53.0743,53.1416,422,27978,0.059024,0.11,1,3594002,3593580,422
258792021,41.6297,39.8566,425,28054,0.0416096,0.03,1,3594036,3593611,425
258794941,36.4519,37.5427,422,28129,0.0346438,0.03,1,3594069,3593647,422
258797861,37.9808,38.4171,422,28204,0.0318575,0.03,1,3594108,3593686,422
258800781,34.9923,34.5668,423,28279,0.018743,0.03,1,3594141,3593718,423
258803701,15.1969,15.0267,423,28354,0.0134972,0.03,1,3594143,3593720,423
258806621,67.2788,6.01069,525,28429,0.0233989,0.01,1,3594245,3593720,525
258809541,85.7115,64.8043,519,28503,0.0633596,0.09,1,3594343,3593824,519
258812461,49.2846,83.5217,448,28577,0.0793438,0.03,1,3594368,3593920,448
258824141,37.7561,36.415,460,28873,0.0634232,0.03,1,3594529,3594069,460
258827061,34.9024,37.966,454,28946,0.0313693,0.01,1,3594562,3594108,454
258829981,15.161,34.9864,423,29019,0.0185477,0.01,1,3594564,3594141,423
258832901,67.2644,15.1946,523,29092,0.0494191,0.03,1,3594666,3594143,523
258835821,88.1058,67.2778,523,29165,0.0497676,0.09,1,3594768,3594245,523
258838741,50.2423,85.7111,450,29238,0.073907,0.09,1,3594793,3594343,450
258841661,55.4969,49.2845,484,29310,0.0595628,0.13,1,3594852,3594368,484
258844581,42.5988,53.3138,462,29382,0.0778251,0.15,1,3594886,3594424,462
258850421,34.0558,35.8902,460,29526,0.097652,0.01,1,3594950,3594490,460
258853341,34.0223,37.7561,455,29598,0.0690608,0.01,1,3594984,3594529,455
258856261,14.8089,34.9024,424,29670,0.0336243,0.01,1,3594986,3594562,424
258859181,66.5236,15.161,523,29741,0.0314497,0.07,1,3595087,3594564,523
258862101,89.0094,67.2644,525,29812,0.0665799,0.05,1,3595191,3594666,525
258865021,36.8038,88.1058,425,29883,0.0806319,0.09,1,3595193,3594768,425
258867941,30.9215,50.2423,427,29954,0.0982528,0.05,1,3595220,3594793,427
258888381,65.7074,66.5236,422,30445,0.0967005,0.09,1,3595509,3595087,422
258891301,91.083,89.0094,426,30515,0.0566802,0.09,1,3595617,3595191,426
258894221,37.6332,36.8038,426,30584,0.0406721,0.11,1,3595619,3595193,426
258897141,30.6533,30.9215,425,30653,0.0582688,0.15,1,3595645,3595220,425
258900061,48.8613,47.1686,428,30722,0.0773075,0.17,1,3595706,3595278,428
258902981,41.7445,39.8674,430,30791,0.072923,0.19,1,3595743,3595313,430
258905901,35.2978,33.947,431,30860,0.0951692,0.17,1,3595774,3595343,431
258932181,42.9215,41.5045,462,31472,0.216134,0.07,1,3596168,3595706,462
258935101,36.3686,38.8018,457,31539,0.224453,0.11,1,3596200,3595743,457
258938021,33.7474,34.1207,458,31606,0.251781,0.13,1,3596232,3595774,458
258940941,30.299,32.2483,455,31673,0.262713,0.13,1,3596260,3595805,455
258943861,13.3196,29.6993,429,31740,0.267085,0.13,1,3596262,3595833,429
258946781,65.9278,13.0797,528,31807,0.280834,0.21,1,3596363,3595835,528
258961381,44.0767,48.8031,471,32138,0.416607,0.23,1,3596600,3596129,471
258964301,36.8307,42.9212,464,32204,0.436643,0.23,1,3596632,3596168,464
258975981,66.1125,13.3196,536,32466,0.442266,0.29,1,3596798,3596262,536
258978901,91.845,65.9278,544,32531,0.446906,0.37,1,3596907,3596363,544
258981821,37.938,89.3711,441,32596,0.448763,0.37,1,3596909,3596468,441
259031461,35.9748,34.138,450,33683,0.77392,0.63,2,3597561,3597111,450
259034381,31.7899,30.4552,451,33746,0.771568,0.63,2,3597590,3597139,451
259037301,13.916,13.3821,451,33809,0.794627,0.65,2,3597592,3597141,451
259040221,66.7664,65.9528,452,33872,0.815851,0.67,2,3597694,3597242,452
259043141,93.9066,91.7811,455,33934,0.88434,0.67,2,3597806,3597351,455
259200821,25.6497,24.01,504,37149,0.893508,1,2,3599968,3599464,504
259203741,33.6599,9.604,543,37206,0.843403,1,2,3600007,3599464,543
259206661,33.264,17.6416,553,37263,0.775361,1,2,3600040,3599487,553
259221261,42.7073,38.4424,530,37546,0.431828,1,1,3600288,3599758,530
259224181,39.8829,47.177,515,37602,0.418731,0.99,1,3600326,3599811,515
259227101,33.3532,45.8708,499,37658,0.437492,1,1,3600355,3599856,499
259230021,30.7413,38.1483,495,37714,0.444997,0.93,1,3600384,3599889,495
259311781,30.8159,30.564,451,39252,0.756504,0.59,2,3601356,3600905,451
259314701,32.7264,32.6256,451,39306,0.788602,0.59,2,3601390,3600939,451
259317621,14.2905,14.2502,451,39360,0.777441,0.61,2,3601392,3600941,451
259320541,26.1162,25.5001,452,39414,0.796976,0.65,2,3601426,3600974,452
259323461,78.8465,77.4,454,39468,0.82879,0.67,2,3601540,3601086,454
259326381,41.1386,39.96,455,39522,0.865516,0.67,2,3601556,3601101,455
259329301,34.4554,33.984,455,39575,0.892206,0.69,2,3601586,3601131,455
259676781,32.2912,31.7708,495,45485,0.89737,1,2,3605690,3605195,495
259679701,31.5165,35.5083,488,45531,0.856948,1,2,3605721,3605233,488
259682621,42.0066,38.2033,497,45577,0.828779,1,2,3605770,3605273,497
259685541,37.8026,38.0813,494,45623,0.757512,1,2,3605805,3605311,494
259755621,21.0138,24.8483,466,46719,0.758488,0.55,2,3606529,3606063,466
259758541,12.0055,18.9393,457,46764,0.753395,0.57,2,3606535,3606078,457
259761461,28.2022,11.7757,489,46809,0.775358,0.59,2,3606574,3606085,489
259764381,30.4809,27.5103,483,46854,0.760143,0.63,2,3606606,3606123,483
259767301,28.9924,29.6041,480,46899,0.766057,0.63,2,3606634,3606154,480
259770221,37.9969,28.6416,496,46944,0.768423,0.59,2,3606678,3606182,496
259773141,34.3988,39.0567,482,46989,0.781369,0.57,2,3606710,3606228,482
259776061,28.7595,34.2227,476,47034,0.774548,0.65,2,3606735,3606259,476
259778981,42.1038,28.6891,502,47079,0.783819,0.69,2,3606786,3606284,502
259781901,36.0415,40.8756,485,47124,0.787528,0.61,2,3606818,3606333,485
259784821,33.6166,36.7503,483,47169,0.789011,0.67,2,3606850,3606367,483
259787741,36.8466,32.1001,493,47214,0.801604,0.71,2,3606889,3606396,493
259790661,35.1387,35.04,490,47259,0.842642,0.75,2,3606923,3606433,490
259793581,27.8555,33.216,481,47304,0.847057,0.73,2,3606946,3606465,481
259796501,24.3422,27.0864,480,47349,0.848823,0.75,2,3606968,3606488,480
259799421,21.1369,24.0346,477,47394,0.861529,0.77,2,3606987,3606510,477
259802341,9.65475,21.0138,460,47438,0.866612,0.75,2,3606989,3606529,460
259805261,7.4619,12.0055,460,47482,0.844645,0.79,2,3606995,3606535,460
259808181,25.7848,28.2022,459,47526,0.871858,0.75,2,3607033,3606574,459
259811101,29.5139,30.4809,459,47570,0.858743,0.77,2,3607065,3606606,459
259814021,29.2056,28.9924,460,47614,0.889497,0.77,2,3607094,3606634,460
259816941,38.6822,37.9969,461,47658,0.889799,0.79,2,3607139,3606678,461
259822781,28.2692,28.7595,460,47746,0.899568,0.79,2,3607195,3606735,460
259825701,42.5077,42.1038,461,47790,0.893827,0.79,2,3607247,3606786,461
259989221,31.7171,23.1361,530,50199,0.881632,1,2,3608926,3608396,530
259992141,27.0869,24.8545,528,50241,0.850653,1,2,3608950,3608422,528
259995061,31.8347,27.9418,533,50283,0.826261,1,2,3608985,3608452,533
259997981,30.1339,26.7767,536,50325,0.840504,1,2,3609014,3608478,536
260000901,19.2536,19.1107,534,50367,0.822202,1,2,3609026,3608492,534
260003821,10.1014,15.4443,525,50409,0.802881,1,2,3609030,3608505,525
260006741,16.6406,25.9777,513,50451,0.807152,1,2,3609051,3608538,513
260068061,44.2398,41.7876,458,51320,0.782392,0.59,2,3609649,3609191,458
260070981,30.8959,31.715,455,51361,0.810957,0.57,2,3609671,3609216,455
260073901,21.9584,25.286,450,51402,0.822383,0.63,2,3609687,3609237,450
260076821,29.7833,28.7144,454,51443,0.814953,0.67,2,3609722,3609268,454
260079741,34.1133,33.0858,455,51484,0.847981,0.67,2,3609759,3609304,455
260082661,32.8453,32.4343,455,51525,0.873193,0.65,2,3609791,3609336,455
260085581,27.5381,29.1737,452,51566,0.883277,0.67,2,3609815,3609363,452
260088501,29.6153,29.6695,453,51607,0.887311,0.69,2,3609846,3609393,453
260364441,48.7799,47.9127,490,27498,0.425872,1,1,3613471,3612981,490
260367361,50.7119,41.9651,504,27575,0.272349,1,1,3613523,3613019,504
260376121,53.1896,59.5658,485,27805,0.0409503,1,1,3613660,3613175,485
260379041,55.4758,55.0263,490,27881,0.0163801,0.88,1,3613717,3613227,490
260381961,58.7903,74.8105,463,27957,0.012552,0.93,1,3613778,3613315,463
260384881,43.3161,52.1242,459,28033,0.00502082,0.43,1,3613811,3613352,459
260387801,59.9265,72.4497,444,28109,0.00200833,0.29,1,3613882,3613438,444
260390721,36.5706,48.7799,432,28184,0.0188033,0.17,1,3613903,3613471,432
260393641,39.8282,50.7119,422,28259,0.0255213,0.07,1,3613945,3613523,422
260396561,39.3313,43.6848,422,28334,0.0402085,0.07,1,3613984,3613562,422
260399481,36.7325,38.4739,422,28409,0.0220834,0.07,1,3614019,3613597,422
260402401,51.893,15.3896,484,28484,0.00883336,0,1,3614081,3613597,484
260405321,56.1572,43.9558,480,28558,0.00953335,0,1,3614140,3613660,480
260408241,57.8629,51.7823,482,28632,0.0218133,0.01,1,3614199,3613717,482
260411161,43.5452,57.3129,455,28706,0.00872533,0,1,3614233,3613778,455
260414081,59.4181,42.7252,492,28780,0.0214901,0,1,3614303,3613811,492
260417001,36.3672,59.6901,442,28854,0.0505961,0.03,1,3614324,3613882,442
260419921,39.7469,36.476,463,28927,0.0382384,0.03,1,3614366,3613903,463
260422841,39.2988,39.7904,460,29000,0.0452954,0.05,1,3614405,3613945,460
260425761,37.3195,39.3162,457,29073,0.0481181,0.01,1,3614441,3613984,457
260428681,52.7278,36.7265,485,29146,0.0612473,0,1,3614504,3614019,485
260431601,55.8911,51.8906,481,29219,0.0664989,0.01,1,3614562,3614081,481
260434521,58.3564,56.1562,482,29291,0.0325996,0.03,1,3614622,3614140,482
260437441,42.5426,57.8625,455,29363,0.0190398,0,1,3614654,3614199,455
260440361,60.217,43.545,493,29435,0.0256159,0.03,1,3614726,3614233,493
260443281,36.0868,59.418,443,29507,0.0402464,0.07,1,3614746,3614303,443
260446201,39.0347,36.3672,463,29579,0.0340986,0.03,1,3614787,3614324,463
260449121,39.0139,39.7469,460,29651,0.0196394,0.05,1,3614826,3614366,460
260452041,38.4056,39.2988,459,29722,0.0138558,0.05,1,3614864,3614405,459
260454961,53.7622,37.3195,487,29793,0.0595423,0.07,1,3614928,3614441,487
260457881,22.7049,52.7278,426,29864,0.0778169,0.07,1,3614930,3614504,426
260460801,43.282,55.8911,425,29935,0.0611268,0.01,1,3614987,3614562,425
260463721,52.1128,58.3564,423,30006,0.0304507,0.01,1,3615045,3614622,423
260466641,40.0451,42.5426,423,30077,0.0301803,0.03,1,3615077,3614654,423
260469561,59.218,60.217,423,30147,0.0540721,0.05,1,3615149,3614726,423
260472481,36.2872,36.0868,424,30217,0.0216288,0.03,1,3615170,3614746,424
260475401,39.7149,39.0347,425,30287,0.0266515,0.01,1,3615212,3614787,425
260478321,37.486,39.0139,422,30357,0.0166606,0.01,1,3615248,3614826,422
260481241,38.9944,38.4056,424,30427,0.0246642,0.09,1,3615288,3614864,424
260484161,55.7978,53.7622,427,30497,0.0158657,0.09,1,3615355,3614928,427
260487081,23.5191,22.7049,427,30566,0.0123463,0.05,1,3615357,3614930,427
260490001,41.8076,43.282,424,30635,0.0109385,0.01,1,3615411,3614987,424
260492921,50.3231,52.1128,422,30704,0.0103754,0.03,1,3615467,3615045,422
260495841,39.9292,40.0451,423,30773,0.0101502,0.07,1,3615500,3615077,423
260498761,58.5717,59.218,422,30842,0.0220601,0,1,3615571,3615149,422
260501681,36.0287,36.2872,422,30911,0.026824,0.03,1,3615592,3615170,422
260504601,39.6115,39.7149,422,30979,0.0527296,0.01,1,3615634,3615212,422
260507521,37.4446,37.486,422,31047,0.0390918,0.03,1,3615670,3615248,422
260510441,39.5778,38.9944,423,31115,0.0156367,0.01,1,3615711,3615288,423
260513361,55.4311,55.7978,422,31183,0.0722547,0.01,1,3615777,3615355,422
260516281,23.3725,23.5191,422,31251,0.0709019,0.01,1,3615779,3615357,422
260519201,41.749,41.8076,422,31319,0.0703607,0.01,1,3615833,3615411,422
260522121,49.6996,16.7231,477,31387,0.0581443,0.01,1,3615888,3615411,477
260525041,39.6798,40.2892,454,31454,0.0412577,0.01,1,3615921,3615467,454
260527961,58.4719,35.9157,492,31521,0.0345031,0.03,1,3615992,3615500,492
260530881,35.9888,56.9663,442,31588,0.0558012,0.03,1,3616013,3615571,442
260533801,40.1955,35.3865,464,31655,0.0643205,0.07,1,3616056,3615592,464
260536721,37.0782,39.3546,457,31722,0.0437282,0.03,1,3616091,3615634,457
260539641,39.4313,37.3418,462,31789,0.0234913,0,1,3616132,3615670,462
260542561,55.9725,39.5367,488,31856,0.0393965,0.11,1,3616199,3615711,488
260545481,23.589,55.4147,424,31922,0.0457586,0.07,1,3616201,3615777,424
260548401,42.4356,23.3659,477,31988,0.0723034,0.07,1,3616256,3615779,477
260557161,59.3799,39.6794,494,32186,0.0783074,0.03,1,3616415,3615921,494
260560081,36.352,58.4718,444,32252,0.073323,0.07,1,3616436,3615992,444
260565921,36.1763,40.1955,457,32383,0.0969317,0.03,1,3616513,3616056,457
260568841,39.6705,37.0782,464,32448,0.0567727,0.01,1,3616555,3616091,464
260571761,56.0682,39.4313,490,32513,0.0647091,0.05,1,3616622,3616132,490
260574681,23.6273,55.9725,425,32578,0.0678836,0.05,1,3616624,3616199,425
260577601,43.6509,23.589,480,32643,0.0691535,0.09,1,3616681,3616201,480
260580521,49.8604,42.4356,479,32708,0.0936614,0.13,1,3616735,3616256,479
260595121,41.0197,40.9408,428,33030,0.215817,0.09,1,3616908,3616480,428
260598041,35.0079,36.1763,426,33094,0.236327,0.03,1,3616939,3616513,426
260603881,56.9613,56.0682,426,33222,0.0918123,0.07,1,3617048,3616622,426
260606801,23.9845,23.6273,426,33286,0.0547249,0.07,1,3617050,3616624,426
260609721,43.1938,43.6509,425,33350,0.05189,0.11,1,3617106,3616681,425
260612641,50.8775,49.8604,427,33413,0.050756,0.11,1,3617162,3616735,427
260615561,21.551,21.1441,427,33476,0.0503024,0.17,1,3617164,3616737,427
260618481,27.8204,27.0577,428,33539,0.038121,0.19,1,3617196,3616768,428
260621401,57.3282,54.6231,432,33602,0.0452484,0.21,1,3617273,3616841,432
260624321,36.1313,35.0492,432,33665,0.0600994,0.23,1,3617295,3616863,432
260627241,40.8525,41.0197,431,33728,0.0660397,0.25,1,3617339,3616908,431
260630161,35.541,35.0079,432,33791,0.0444159,0.15,1,3617371,3616939,432
260633081,33.4164,37.4032,425,33854,0.0237664,0.03,1,3617403,3616978,425
260636001,54.1666,56.9613,423,33916,0.0635065,0.03,1,3617471,3617048,423
260638921,22.8666,23.9845,423,33978,0.0554026,0.05,1,3617473,3617050,423
260653521,56.0937,11.1282,498,34288,0.233319,0.05,1,3617694,3617196,498
260656441,36.2375,50.6513,444,34350,0.243328,0.07,1,3617717,3617273,444
260659361,40.895,33.4605,466,34412,0.259331,0.07,1,3617761,3617295,466
260662281,35.558,39.7842,454,34473,0.277732,0.03,1,3617793,3617339,454
260665201,32.8232,35.1137,453,34534,0.285093,0.01,1,3617824,3617371,453
260668121,55.7293,33.2455,492,34595,0.276037,0.09,1,3617895,3617403,492
260671041,23.4917,54.0982,426,34656,0.272415,0.05,1,3617897,3617471,426
260682721,28.6574,21.3337,462,34900,0.410222,0.19,1,3618049,3617587,462
260685641,58.863,27.7335,509,34961,0.446089,0.27,1,3618128,3617619,509
260726521,34.7554,41.6981,449,35797,0.797635,0.57,2,3618644,3618195,449
260729441,34.3022,36.4792,450,35856,0.829054,0.59,2,3618678,3618228,450
260732361,32.9209,33.1917,451,35915,0.853622,0.61,2,3618710,3618259,451
260735281,56.9684,56.4767,452,35974,0.875449,0.61,2,3618783,3618331,452
260738201,23.9873,23.7907,452,36033,0.884179,0.67,2,3618785,3618333,452
260741121,49.7949,47.3163,456,36092,0.875672,0.71,2,3618852,3618396,456
260744041,55.918,54.3265,457,36151,0.884269,0.71,2,3618912,3618455,457
260746961,23.5672,22.9306,457,36209,0.887707,0.71,2,3618914,3618457,457
260749881,29.8269,29.5722,457,36267,0.889083,0.77,2,3618948,3618491,457
260752801,62.3308,60.4289,460,36325,0.877633,0.75,2,3619032,3618572,460
260755721,38.1323,37.9716,459,36383,0.873053,0.75,2,3619054,3618595,459
260758641,16.4529,16.3886,459,36441,0.847221,0.83,2,3619056,3618597,459
260761561,35.9812,34.7554,461,36499,0.848889,0.85,2,3619105,3618644,461
260764481,35.3925,34.3022,462,36557,0.837555,0.87,2,3619140,3618678,462
260767401,33.957,32.9209,463,36615,0.833022,0.89,2,3619173,3618710,463
260770321,57.9828,56.9684,464,36673,0.843209,0.89,2,3619247,3618783,464
260773241,24.3931,23.9873,464,36731,0.847284,0.87,2,3619249,3618785,464
260776161,50.5572,49.7949,465,36789,0.848913,0.89,2,3619317,3618852,465
260779081,55.6229,55.918,464,36846,0.885565,0.89,2,3619376,3618912,464
260784921,29.7797,29.8269,464,36960,0.89409,0.87,2,3619412,3618948,464
260907561,30.7993,30.6352,495,39289,0.88,1,2,3621040,3620545,495
260910481,28.5197,26.6541,498,39343,0.808,1,2,3621067,3620569,498
260913401,29.4079,27.4616,500,39397,0.8212,1,2,3621097,3620597,500
260916321,44.7632,52.9847,485,39451,0.81448,1,2,3621152,3620667,485
260930921,40.2917,37.5611,498,39717,0.424471,1,1,3621359,3620861,498
261033121,40.637,40.0025,489,41537,0.771726,0.57,2,3622533,3622044,489
261036041,17.4548,40.001,451,41588,0.782691,0.59,2,3622535,3622084,451
261038961,20.1819,29.2004,451,41639,0.787076,0.63,2,3622557,3622106,451
261041881,38.0728,40.4802,453,41690,0.84883,0.67,2,3622607,3622154,453
261044801,51.2291,50.9921,455,41741,0.849532,0.67,2,3622667,3622212,455
261047721,42.0916,41.9968,455,41792,0.873813,0.69,2,3622703,3622248,455
261050641,36.6367,35.9987,456,41843,0.871525,0.71,2,3622736,3622280,456
261053561,41.0547,40.1995,457,41893,0.87061,0.71,2,3622780,3622323,457
261056481,35.0219,34.0798,458,41943,0.882244,0.71,2,3622811,3622353,458
261059401,24.2087,23.8319,458,41993,0.874898,0.73,2,3622828,3622370,458
261062321,19.2835,19.1328,458,42043,0.895959,0.71,2,3622844,3622386,458
261231681,28.9081,25.3249,511,44860,0.881882,1,2,3624797,3624286,511
261234601,25.3633,26.9299,506,44907,0.898753,1,2,3624820,3624314,506
261237521,32.9453,40.172,495,44954,0.785501,1,2,3624858,3624363,495
261255041,32.8828,48.7352,480,45236,0.42259,1,1,3625050,3624570,480
261263801,31.6725,36.287,474,45377,0.262006,0.96,1,3625148,3624674,474
261275481,23.8844,28.9081,467,45561,0.0863393,0.91,1,3625264,3624797,467
261278401,20.3538,25.3633,462,45607,0.0405357,0.71,1,3625282,3624820,462
261281321,28.5415,32.9453,458,45653,0.0342143,0.69,1,3625316,3624858,458
261284241,29.4166,31.7781,457,45699,0.0436857,0.63,1,3625346,3624889,457
261287161,26.7666,33.1112,448,45745,0.0354743,0.59,1,3625371,3624923,448
261290081,30.5067,33.0445,448,45791,0.0201897,0.55,1,3625404,3624956,448
261293001,27.8027,33.0178,441,45837,0.0260759,0.45,1,3625430,3624989,441
261295921,25.5211,28.2071,440,45883,0.0644304,0.37,1,3625454,3625014,440
261298841,32.4084,32.8828,441,45929,0.0437721,0.37,1,3625491,3625050,441
261301761,32.7634,13.1531,474,45975,0.0595089,0.31,1,3625524,3625050,474
261328041,29.0916,28.5363,451,46388,0.0907807,0.05,1,3625767,3625316,451
261330961,27.2366,29.4145,447,46433,0.0663123,0.03,1,3625793,3625346,447
261333881,30.0947,26.7658,454,46478,0.0925249,0.01,1,3625825,3625371,454
261363081,20.6226,24.1397,447,46928,0.211755,0.15,1,3626113,3625666,447
261366001,19.049,21.0559,446,46973,0.222702,0.13,1,3626131,3625685,446
261368921,25.6196,19.8223,457,47018,0.239081,0.11,1,3626161,3625704,457
261371841,28.2478,27.7289,454,47063,0.257632,0.07,1,3626191,3625737,454
261374761,26.8991,29.0916,450,47108,0.265053,0.05,1,3626217,3625767,450
261377681,31.1597,27.2366,458,47153,0.256021,0.11,1,3626251,3625793,458
261380601,28.0639,30.0947,452,47198,0.276408,0.15,1,3626277,3625825,452
261383521,26.8255,27.6379,452,47243,0.296563,0.11,1,3626303,3625851,452
261386441,32.9302,26.6551,463,47288,0.292625,0.13,1,3626340,3625877,463
261389361,35.3721,32.2621,464,47333,0.29105,0.17,1,3626377,3625913,464
261406881,25.4167,24.5565,433,47598,0.404644,0.23,1,3626528,3626095,433
261409801,20.9667,20.6226,433,47642,0.407857,0.23,1,3626546,3626113,433
261412721,19.7867,19.049,434,47686,0.433143,0.25,1,3626565,3626131,434
261514921,26.0675,28.8776,474,49209,0.758811,0.59,2,3627545,3627071,474
261517841,30.827,25.951,484,49252,0.789524,0.63,2,3627579,3627095,484
261520761,30.3308,30.7804,480,49295,0.80181,0.61,2,3627609,3627129,480
261523681,27.7323,29.7122,477,49338,0.818724,0.61,2,3627635,3627158,477
261526601,33.8929,28.6849,487,49381,0.84949,0.63,2,3627673,3627186,487
261529521,38.1572,33.6739,491,49424,0.897796,0.65,2,3627714,3627223,491
261757281,315.02,351.058,478,23360,0.87736,0.99,2,3629920,3629442,478
261760201,175.208,171.023,509,24178,0.788944,0.93,2,3630002,3629493,509
261763121,124.683,111.609,528,24266,0.765578,0.79,2,3630093,3629565,528
261766041,81.6733,101.644,486,24353,0.756231,0.87,2,3630146,3629660,486
261768961,81.2693,71.8575,515,24440,0.788492,0.71,2,3630227,3629712,515
261771881,62.5077,82.743,475,24527,0.801397,0.75,2,3630277,3629802,475
261774801,54.4031,51.0972,494,24613,0.818559,0.75,2,3630326,3629832,494
261777721,37.3612,51.0389,469,24699,0.825423,0.71,2,3630352,3629883,469
261780641,29.3445,38.4155,463,24785,0.864169,0.73,2,3630376,3629913,463
261783561,60.9378,68.7662,456,24871,0.879668,0.75,2,3630458,3630002,456
261882841,48.4206,39.7181,496,27619,0.874,1,2,3632382,3631886,496
261885761,57.7682,68.0872,473,27696,0.7756,1,2,3632446,3631973,473
261900361,32.069,39.9468,474,28076,0.241462,1,1,3632715,3632241,474
261903281,39.2276,42.3787,474,28151,0.222585,0.95,1,3632759,3632285,474
261906201,37.891,44.5515,465,28226,0.215034,0.81,1,3632796,3632331,465
261912041,51.3026,57.7682,453,28376,0.208405,0.71,1,3632899,3632446,453
261920801,58.7954,67.6572,488,28599,0.223338,0.29,1,3633094,3632606,488
261923721,39.1181,59.4629,460,28673,0.215335,0.31,1,3633120,3632660,460
261926641,31.2473,41.7851,456,28747,0.236134,0.19,1,3633146,3632690,456
261929561,37.6989,31.7141,473,28821,0.220454,0.21,1,3633188,3632715,473
261932481,37.2796,39.0856,466,28894,0.238181,0.21,1,3633225,3632759,466
261935401,40.7118,37.8342,472,28967,0.269273,0.15,1,3633268,3632796,472
261947081,59.0646,64.487,486,29259,0.423485,0.25,1,3633525,3633039,486
262014241,38.4949,37.6801,450,30879,0.796548,0.63,2,3634516,3634066,450
262017161,38.798,37.872,451,30948,0.816619,0.63,2,3634555,3634104,451
262020081,44.3192,43.9488,451,31016,0.848648,0.67,2,3634603,3634152,451
262023001,56.7277,55.3795,453,31084,0.897459,0.65,2,3634668,3634215,453
262139801,36.3739,41.8716,483,33698,0.859485,1,2,3636452,3635969,483
262142721,51.7495,49.1486,491,33761,0.853794,1,2,3636514,3636023,491
262145641,57.2998,59.2595,486,33824,0.803518,1,2,3636575,3636089,486
262148561,61.9199,65.1038,482,33887,0.783407,1,2,3636640,3636158,482
262151481,68.568,77.0415,470,33949,0.859363,1,2,3636713,3636243,470
262154401,53.8272,49.4166,483,34011,0.841745,1,2,3636757,3636274,483
262320841,74.3101,64.1931,550,37389,0.754,1,2,3639093,3638543,550
262332521,33.7167,32.0369,521,37614,0.0934624,1,1,3639245,3638724,521
262335441,29.0867,26.0148,525,37670,0.055385,1,1,3639271,3638746,525
262338361,24.2347,26.6059,519,37726,0.022154,1,1,3639292,3638773,519
262341281,28.8939,29.2424,520,37782,0.0268616,1,1,3639324,3638804,520
262344201,26.5575,26.0969,521,37838,0.0407446,1,1,3639349,3638828,521
262347121,32.223,30.2388,524,37894,0.0342979,1,1,3639385,3638861,524
262350041,36.2892,33.0955,528,37950,0.0557191,1,1,3639424,3638896,528
262352961,43.3157,44.4382,524,38006,0.0402877,0.95,1,3639472,3638948,524
262355881,58.7263,50.7753,538,38062,0.0701151,0.61,1,3639541,3639003,538
262358801,39.6905,74.3101,475,38118,0.082046,0.45,1,3639568,3639093,475
262370481,27.9441,33.7167,449,38338,0.0904684,0.03,1,3639694,3639245,449
262373401,23.1776,29.0867,443,38393,0.0661874,0,1,3639714,3639271,443
262376321,29.0711,24.2347,455,38448,0.0444749,0.03,1,3639747,3639292,455
262379241,25.4284,28.8939,446,38503,0.03579,0.05,1,3639770,3639324,446
262382161,31.7714,26.5575,457,38558,0.044316,0.03,1,3639806,3639349,457
262385081,37.3085,32.223,462,38613,0.0357264,0.07,1,3639847,3639385,462
262388001,16.1234,36.2892,425,38668,0.0322906,0.03,1,3639849,3639424,425
262390921,34.0494,43.3157,423,38723,0.0549162,0.09,1,3639895,3639472,423
262393841,56.2197,58.7263,425,38778,0.0519665,0.09,1,3639966,3639541,425
262396761,41.0879,39.6905,429,38832,0.0747866,0.17,1,3639997,3639568,429
262411361,24.0761,23.1776,426,39102,0.0906698,0.03,1,3640140,3639714,426
262414281,28.8304,29.0711,425,39156,0.0542679,0.03,1,3640172,3639747,425
262417201,23.5322,25.4284,422,39210,0.0277072,0.05,1,3640192,3639770,422
262420121,31.0129,31.7714,422,39264,0.0410829,0.03,1,3640228,3639806,422
262423041,37.6051,37.3085,423,39318,0.0464331,0.03,1,3640270,3639847,423
262425961,16.2421,16.1234,423,39372,0.0485733,0.07,1,3640272,3639849,423
262428881,34.0968,34.0494,423,39426,0.0614293,0.05,1,3640318,3639895,423
262431801,57.4387,56.2197,425,39480,0.0905717,0.09,1,3640391,3639966,425
262463921,16.423,16.2421,423,40063,0.086181,0.05,1,3640695,3640272,423
262466841,34.7692,6.49682,470,40116,0.0764724,0.07,1,3640742,3640272,470
262469761,57.7077,30.1987,497,40169,0.060589,0.11,1,3640815,3640318,497
262472681,43.4831,55.8795,458,40222,0.0782356,0.13,1,3640849,3640391,458
262475601,50.3932,42.1518,480,40274,0.0852942,0.13,1,3640904,3640424,480
262478521,32.1573,48.6607,447,40326,0.0881177,0.13,1,3640924,3640477,447
262507721,57.0773,34.7692,496,40846,0.214799,0.05,1,3641238,3640742,496
262510641,44.4309,57.7077,459,40898,0.23592,0.09,1,3641274,3640815,459
262513561,50.7724,43.4831,480,40950,0.256368,0.09,1,3641329,3640849,480
262525241,22.9478,24.1052,448,41155,0.401075,0.11,1,3641418,3640970,448
262528161,28.3791,22.8421,458,41206,0.40643,0.11,1,3641450,3640992,458
262531081,22.7516,27.7368,446,41257,0.420572,0.13,1,3641469,3641023,446
262534001,28.9007,21.8947,461,41308,0.426229,0.15,1,3641502,3641041,461
262536921,38.5603,27.9579,474,41359,0.416492,0.17,1,3641547,3641073,474
262539841,16.6241,37.5832,432,41410,0.412597,0.17,1,3641549,3641117,432
262542761,35.4496,16.2333,478,41461,0.411039,0.21,1,3641597,3641119,478
262545681,57.9799,34.6933,504,41512,0.422415,0.23,1,3641670,3641166,504
262548601,24.3919,57.0773,434,41563,0.426966,0.25,1,3641672,3641238,434
262554441,46.7427,50.7724,436,41665,0.427115,0.33,1,3641765,3641329,436
262557361,33.0971,32.3089,440,41716,0.440846,0.39,1,3641789,3641349,440
262612841,23.4144,22.6704,448,42668,0.784975,0.57,2,3642360,3641912,448
262615761,30.3658,28.8682,450,42717,0.78799,0.65,2,3642395,3641945,450
262618681,39.7463,37.9473,452,42766,0.825196,0.65,2,3642441,3641989,452
262621601,17.0985,16.3789,452,42815,0.840078,0.65,2,3642443,3641991,452
262624521,36.2394,35.9516,452,42864,0.834031,0.59,2,3642492,3642040,452
262627441,58.2958,58.1806,452,42913,0.843613,0.59,2,3642565,3642113,452
262630361,24.5183,24.4722,452,42962,0.847445,0.61,2,3642567,3642115,452
262633281,31.4073,31.3889,452,43011,0.848978,0.61,2,3642603,3642151,452
262636201,44.9629,12.5556,506,43060,0.873591,0.67,2,3642657,3642151,506
262639121,35.9852,37.4222,482,43109,0.859437,0.71,2,3642687,3642205,482
262642041,32.3941,31.7689,484,43158,0.853775,0.69,2,3642717,3642233,484
262644961,26.7576,30.1076,478,43207,0.83951,0.69,2,3642740,3642262,478
262647881,25.1031,25.243,480,43256,0.845804,0.73,2,3642764,3642284,480
262650801,31.6412,23.8972,493,43305,0.860322,0.77,2,3642800,3642307,493
262653721,24.0565,29.9589,478,43354,0.878129,0.81,2,3642819,3642341,478
262656641,30.0226,23.3836,493,43403,0.885251,0.79,2,3642853,3642360,493
262659561,41.409,30.3534,507,43452,0.888101,0.85,2,3642902,3642395,507
262662481,17.7636,39.7414,463,43501,0.88924,0.85,2,3642904,3642441,463
262808481,37.2276,36.2846,491,45860,0.86632,1,2,3644596,3644105,491
262811401,31.691,29.5139,494,45906,0.892528,1,2,3644624,3644130,494
262817241,21.9906,14.9222,519,45998,0.895204,1,2,3644666,3644147,519
262820161,16.5962,17.9689,512,46044,0.856082,1,2,3644679,3644167,512
262823081,15.0385,20.3876,504,46090,0.828433,1,2,3644693,3644189,504
262826001,26.4154,24.955,510,46136,0.793373,1,2,3644727,3644217,510
262828921,29.1662,29.182,509,46182,0.767349,1,2,3644758,3644249,509
262834761,35.8666,45.1091,505,46274,0.783976,1,2,3644840,3644335,505
262837681,35.3466,34.8436,512,46320,0.75159,1,2,3644875,3644363,512
262852281,34.5994,33.0688,508,46546,0.410733,0.81,1,3645064,3644556,508
262869801,25.7547,15.0385,494,46816,0.258089,0.77,1,3645187,3644693,494
262872721,28.3019,26.4154,490,46861,0.229236,0.75,1,3645217,3644727,490
262884401,42.6717,35.3466,504,47041,0.204348,0.63,1,3645379,3644875,504
262887321,39.8687,46.5387,488,47086,0.207739,0.55,1,3645417,3644929,488
262890241,27.9475,42.6155,468,47131,0.221096,0.49,1,3645437,3644969,468
262896081,32.3116,32.4985,474,47221,0.202175,0.37,1,3645502,3645028,474
262901921,24.8499,30.6398,459,47311,0.215948,0.35,1,3645551,3645092,459
262904841,17.1399,24.8559,450,47356,0.212379,0.35,1,3645563,3645113,450
262907761,8.05598,19.5424,436,47401,0.210952,0.29,1,3645565,3645129,436
262910681,8.62239,13.2169,436,47445,0.222381,0.29,1,3645574,3645138,436
262913601,13.049,14.8868,436,47489,0.202952,0.23,1,3645590,3645154,436
262916521,24.4196,25.7547,435,47533,0.219181,0.21,1,3645622,3645187,435
262919441,25.9678,28.3019,432,47577,0.237672,0.15,1,3645649,3645217,432
262922361,37.3871,40.1208,429,47621,0.257069,0.17,1,3645694,3645265,429
262925281,35.9549,36.4483,430,47665,0.276828,0.21,1,3645729,3645299,430
262936961,27.9636,27.9475,433,47841,0.425599,0.17,1,3645870,3645437,433
262939881,29.1855,29.779,432,47885,0.41624,0.21,1,3645900,3645468,432
262942801,32.0742,32.3116,432,47929,0.436496,0.19,1,3645934,3645502,432
262954481,7.9923,8.05598,432,48105,0.44591,0.23,1,3645997,3645565,432
262957401,7.99692,8.62239,431,48149,0.436364,0.19,1,3646005,3645574,431
263039161,30.7736,33.4329,479,49360,0.759457,0.65,2,3646857,3646378,479
263042081,24.3095,30.1732,471,49403,0.765783,0.65,2,3646877,3646406,471
263045001,16.9238,24.0693,463,49446,0.768313,0.61,2,3646889,3646426,463
263047921,7.96951,16.8277,453,49489,0.769325,0.61,2,3646891,3646438,453
263050841,7.9878,7.93108,459,49532,0.76973,0.61,2,3646899,3646440,459
263053761,14.5951,7.97243,470,49575,0.805892,0.59,2,3646918,3646448,470
263056681,25.038,14.589,483,49617,0.832357,0.61,2,3646950,3646467,483
263059601,26.8152,25.0356,479,49659,0.854943,0.61,2,3646978,3646499,479
263062521,38.3261,26.8142,497,49701,0.875977,0.63,2,3647024,3646527,497
263065441,38.1304,37.7257,490,49743,0.884391,0.63,2,3647062,3646572,490
263068361,35.6522,37.8903,486,49785,0.899756,0.61,2,3647096,3646610,486
263329701,74.7049,66.891,525,25627,0.75896,0.63,2,3650509,3649984,525
263332621,71.8819,71.7564,520,25710,0.789584,0.61,2,3650579,3650059,520
263335541,64.7528,70.7026,510,25792,0.825834,0.67,2,3650639,3650129,510
263338461,72.7011,63.081,530,25874,0.852333,0.69,2,3650717,3650187,530
263341381,44.0804,71.4324,478,25956,0.874933,0.71,2,3650742,3650264,478
263344301,29.0322,42.973,473,26038,0.895973,0.67,2,3650761,3650288,473
263455261,43.3849,67.8974,506,28967,0.892454,1,2,3652829,3652323,506
263458181,51.554,51.159,523,29040,0.782982,1,2,3652886,3652363,523
263481541,41.7453,69.4622,489,29619,0.446075,0.87,1,3653292,3652803,489
263484461,44.8981,43.3849,510,29690,0.43643,0.71,1,3653339,3652829,510
263487381,47.3592,51.554,502,29761,0.432572,0.51,1,3653388,3652886,502
263490301,69.3437,53.0216,532,29832,0.431029,0.57,1,3653472,3652940,532
263493221,28.9375,72.2086,449,29903,0.430412,0.49,1,3653474,3653025,449
263496141,48.175,67.2835,446,29974,0.418165,0.51,1,3653535,3653089,446
263548701,69.2459,68.8485,450,31220,0.764175,0.61,2,3654365,3653915,450
263551621,28.8984,28.7394,450,31288,0.76767,0.61,2,3654367,3653917,450
263554541,49.9594,11.4958,514,31356,0.817068,0.67,2,3654431,3653917,514
263557461,42.7837,41.7983,490,31423,0.836827,0.67,2,3654469,3653979,490
263560381,31.5135,39.5193,476,31490,0.844731,0.67,2,3654493,3654017,476
263563301,30.0054,30.2077,481,31557,0.835892,0.61,2,3654522,3654041,481
263566221,64.2022,29.4831,539,31624,0.856357,0.67,2,3654609,3654070,539
263569141,42.4809,63.9932,480,31691,0.864543,0.67,2,3654637,3654157,480
263572061,47.5923,42.3973,503,31758,0.867817,0.73,2,3654688,3654185,503
263574981,47.8369,45.7589,503,31825,0.881127,0.69,2,3654736,3654233,503
263732661,36.3589,46.6311,510,35233,0.86824,1,2,3657107,3656597,510
263738501,69.4174,69.861,533,35353,0.430518,1,1,3657255,3656722,533
263741421,49.967,55.5444,524,35413,0.214207,1,1,3657292,3656768,524
263747261,44.2347,42.2471,521,35533,0.0930732,1,1,3657374,3656853,521
263750181,35.0939,38.4988,514,35592,0.0672293,1,1,3657403,3656889,514
263753101,30.2376,35.7995,507,35651,0.0688917,1,1,3657430,3656923,507
263756021,26.495,33.5198,499,35710,0.0455567,0.9,1,3657454,3656955,499
263758941,20.198,35.6079,478,35769,0.0362227,0.98,1,3657470,3656992,478
263761861,30.8792,41.2432,471,35828,0.0444891,0.9,1,3657508,3657037,471
263764781,25.5517,36.8973,459,35887,0.0237956,0.83,1,3657530,3657071,459
263767701,29.4207,36.3589,455,35946,0.0155183,0.59,1,3657562,3657107,455
263770621,50.1683,56.5436,449,36005,0.0242073,0.25,1,3657626,3657177,449
263773541,55.4673,69.4174,430,36064,0.0396829,0.07,1,3657685,3657255,430
263776461,40.1869,49.967,423,36123,0.0458732,0.07,1,3657715,3657292,423
263779381,37.6748,41.5868,423,36182,0.0243493,0.07,1,3657751,3657328,423
263782301,42.6699,44.2347,423,36240,0.0277397,0.05,1,3657797,3657374,423
263785221,35.668,35.0939,425,36298,0.0290959,0.07,1,3657828,3657403,425
263788141,28.6672,30.2376,422,36356,0.0416384,0.03,1,3657852,3657430,422
263791061,27.0669,26.495,424,36414,0.0226553,0.03,1,3657878,3657454,424
263793981,19.2267,20.198,422,36472,0.0150621,0.05,1,3657892,3657470,422
263796901,30.4907,30.8792,422,36530,0.0240249,0.01,1,3657930,3657508,422
263799821,25.3963,25.5517,422,36588,0.0396099,0.01,1,3657952,3657530,422
263802741,29.3585,29.4207,422,36646,0.045844,0.03,1,3657984,3657562,422
263805661,50.1434,50.1683,422,36704,0.0843376,0.05,1,3658048,3657626,422
263808581,56.0574,55.4673,423,36762,0.075735,0.05,1,3658108,3657685,423
263811501,39.8229,40.1869,422,36819,0.060294,0.01,1,3658137,3657715,422
263814421,38.7292,37.6748,424,36876,0.0541176,0.03,1,3658175,3657751,424
263817341,42.4917,42.6699,423,36933,0.039647,0.03,1,3658220,3657797,423
263820261,36.1967,35.668,424,36990,0.0338588,0.05,1,3658252,3657828,424
263823181,27.6787,28.6672,422,37047,0.0555435,0.01,1,3658274,3657852,422
263826101,26.6715,27.0669,422,37104,0.0402174,0.01,1,3658300,3657878,422
263829021,19.0686,19.2267,422,37161,0.022087,0.01,1,3658314,3657892,422
263831941,29.8274,7.6907,459,37218,0.0388348,0.03,1,3658351,3657892,459
263834861,25.131,25.8763,443,37275,0.0335339,0.05,1,3658373,3657930,443
263837781,29.2524,23.5505,453,37332,0.0434136,0.05,1,3658405,3657952,453
263840701,51.901,28.6202,488,37389,0.0353654,0.11,1,3658472,3657984,488
263843621,55.5604,49.8481,482,37446,0.0441462,0.07,1,3658530,3658048,482
263846541,39.0242,55.9392,450,37502,0.0476585,0.05,1,3658558,3658108,450
263849461,39.6097,39.7757,461,37558,0.0370634,0.05,1,3658598,3658137,461
263852381,41.6439,38.7103,466,37614,0.0328254,0.03,1,3658641,3658175,466
263855301,36.4575,42.4841,454,37670,0.0551301,0.03,1,3658674,3658220,454
263858221,27.783,36.1936,444,37726,0.0640521,0.07,1,3658696,3658252,444
263861141,26.1132,27.6775,447,37782,0.0556208,0.03,1,3658721,3658274,447
263864061,18.8453,26.671,435,37838,0.0762483,0.01,1,3658735,3658300,435
263866981,30.3381,19.0684,459,37894,0.0484993,0.05,1,3658773,3658314,459
263869901,24.7352,29.8274,443,37950,0.0373997,0.03,1,3658794,3658351,443
263872821,30.8941,25.1309,456,38006,0.0329599,0.05,1,3658829,3658373,456
263875741,51.3576,29.2524,489,38062,0.031184,0.03,1,3658894,3658405,489
263878661,55.9431,51.901,481,38118,0.0544736,0.05,1,3658953,3658472,481
263881581,39.1772,55.5604,451,38173,0.0637894,0.05,1,3658981,3658530,451
263884501,39.0709,39.0242,462,38228,0.0555158,0.03,1,3659020,3658558,462
263887421,41.4284,39.6097,465,38283,0.0762063,0.03,1,3659063,3658598,465
263890341,36.9713,41.6439,456,38338,0.0964825,0.07,1,3659097,3658641,456
263893261,28.5885,36.4575,446,38393,0.092593,0.07,1,3659120,3658674,446
263913701,49.1128,51.3576,423,38778,0.0852795,0.07,1,3659317,3658894,423
263942901,22.8508,23.7623,427,39318,0.204312,0.11,1,3659642,3659215,427
263945821,10.3403,10.7049,427,39372,0.243725,0.15,1,3659644,3659217,427
263948741,25.1361,25.282,427,39426,0.25949,0.05,1,3659679,3659252,427
263951661,47.8545,49.1128,425,39480,0.265796,0.15,1,3659742,3659317,425
263954581,58.1418,56.2451,429,39533,0.256318,0.15,1,3659807,3659378,429
263957501,40.0567,39.298,429,39586,0.288527,0.19,1,3659835,3659406,429
263966261,38.2516,37.9631,430,39745,0.272626,0.21,1,3659954,3659524,430
263969181,29.1007,28.9852,430,39798,0.29505,0.17,1,3659977,3659547,430
263972101,27.8403,27.7941,430,39851,0.29202,0.17,1,3660004,3659574,430
263975021,18.3361,18.3176,430,39904,0.290808,0.21,1,3660016,3659586,430
263977941,31.3344,30.1271,432,39957,0.290323,0.21,1,3660056,3659624,432
263992541,58.5535,46.8618,499,40222,0.449479,0.25,1,3660241,3659742,499
263995461,40.2214,57.7447,462,40274,0.449791,0.31,1,3660269,3659807,462
264062621,28.7237,11.4339,488,41461,0.761174,0.61,2,3661002,3660514,488
264065541,52.8895,26.7736,520,41512,0.79047,0.67,2,3661071,3660551,520
264068461,22.3558,50.3094,456,41563,0.802188,0.67,2,3661073,3660617,456
264071381,48.5423,60.3238,455,41614,0.830875,0.67,2,3661139,3660684,455
264074301,36.2169,40.9295,455,41665,0.85435,0.73,2,3661167,3660712,455
264249501,31.6589,36.9654,490,44602,0.89512,1,2,3663188,3662698,490
264252421,32.4636,33.9862,491,44649,0.772048,1,2,3663221,3662730,491
264269941,25.4307,25.6301,492,44931,0.430476,1,1,3663375,3662883,492
264275781,35.5089,36.3808,484,45025,0.214076,1,1,3663461,3662977,484
264284541,33.6406,40.9204,471,45166,0.0638609,0.97,1,3663568,3663097,471
264287461,31.4562,34.3681,471,45213,0.0555443,1,1,3663598,3663127,471
264290381,28.1825,31.1473,468,45260,0.0642177,0.83,1,3663624,3663156,468
264293301,26.873,31.6589,462,45307,0.0916871,0.69,1,3663650,3663188,462
264302061,23.7039,26.0742,454,45446,0.074748,0.65,1,3663729,3663275,454
264304981,21.4815,24.2297,451,45492,0.0838992,0.61,1,3663749,3663298,451
264307901,21.1926,24.6919,447,45538,0.0875597,0.45,1,3663770,3663323,447
264313741,21.5108,25.4307,439,45630,0.0944096,0.23,1,3663814,3663375,439
264319581,30.2017,35.5089,427,45722,0.0955055,0.11,1,3663888,3663461,427
264322501,36.6807,40.0036,425,45768,0.0922022,0.09,1,3663929,3663504,425
264345861,24.4388,28.7765,445,46136,0.236309,0.05,1,3664154,3663709,445
264348781,21.1755,23.5106,444,46182,0.256524,0.09,1,3664173,3663729,444
264351701,21.6702,21.4042,446,46228,0.264609,0.09,1,3664195,3663749,446
264354621,21.8681,21.1617,447,46274,0.267844,0.11,1,3664217,3663770,447
264357541,21.9472,22.2647,446,46320,0.269138,0.09,1,3664239,3663793,446
264360461,37.5789,21.5059,473,46366,0.281655,0.11,1,3664287,3663814,473
264363381,29.4316,38.0023,448,46411,0.286662,0.09,1,3664311,3663863,448
264380901,29.4286,30.267,456,46681,0.413316,0.19,1,3664506,3664050,456
264383821,29.7714,27.1068,461,46726,0.447326,0.19,1,3664536,3664075,461
264448061,21.9036,21.952,445,47709,0.757703,0.49,2,3665118,3664673,445
264450981,38.7614,38.1808,446,47753,0.753081,0.49,2,3665168,3664722,446
264453901,29.9046,29.6723,446,47797,0.775232,0.49,2,3665192,3664746,446
264456821,38.3618,38.2689,446,47841,0.760093,0.51,2,3665236,3664790,446
264477261,25.2144,23.9696,454,48149,0.760001,0.65,2,3665436,3664982,454
264480181,28.0858,27.5878,454,48193,0.790001,0.71,2,3665466,3665012,454
264483101,25.0343,24.2351,455,48237,0.814,0.73,2,3665489,3665034,455
264486021,21.4137,20.4941,456,48281,0.8236,0.73,2,3665508,3665052,456
264488941,21.7655,21.3976,456,48325,0.83944,0.75,2,3665530,3665074,456
264491861,22.5062,21.759,457,48369,0.881776,0.77,2,3665553,3665096,457
264494781,22.8025,21.9036,458,48413,0.86271,0.75,2,3665576,3665118,458
264497701,39.721,38.7614,459,48457,0.867084,0.79,2,3665627,3665168,459
264500621,30.2884,29.9046,459,48500,0.844834,0.75,2,3665651,3665192,459
264503541,38.5154,38.3618,459,48543,0.835933,0.73,2,3665695,3665236,459
264506461,33.4061,33.9447,458,48586,0.856373,0.73,2,3665725,3665267,458
264509381,36.1625,36.3779,458,48629,0.864549,0.73,2,3665763,3665305,458
264512301,32.465,33.7512,456,48672,0.85582,0.71,2,3665793,3665337,456
264515221,35.186,35.1005,457,48715,0.864328,0.75,2,3665830,3665373,457
264518141,32.0744,30.8402,459,48758,0.843731,0.75,2,3665860,3665401,459
264521061,14.0298,13.5361,459,48801,0.835492,0.77,2,3665862,3665403,459
264523981,24.8119,25.2144,458,48844,0.844197,0.77,2,3665894,3665436,458
264526901,28.5248,10.0858,489,48887,0.883679,0.81,2,3665925,3665436,489
264529821,26.4099,22.0343,484,48930,0.899472,0.83,2,3665950,3665466,484
264716701,31.0653,25.8933,508,51613,0.859138,1,2,3667835,3667327,508
264719621,33.4261,25.3573,518,51654,0.793655,1,2,3667870,3667352,518
264722541,31.3704,26.9429,520,51695,0.767462,1,2,3667900,3667380,520
264795541,69.2638,61.2049,475,24613,0.0714177,0.03,1,3668778,3668303,475
264798461,48.1055,76.0819,423,24699,0.0465671,0.03,1,3668812,3668389,423
264801381,40.2422,40.0328,442,24785,0.0186268,0.11,1,3668847,3668405,442
264810141,52.4955,55.5061,424,25041,0.239512,0.11,1,3669013,3668589,424
264813061,63.5982,63.0024,427,25126,0.269805,0.15,1,3669084,3668657,427
264815981,50.6393,49.201,429,25210,0.293922,0.03,1,3669126,3668697,429
264821821,46.2623,47.7122,422,25378,0.283428,0,1,3669234,3668812,422
264824741,40.7049,40.0849,424,25461,0.239371,0,1,3669271,3668847,424
264827661,49.882,16.0339,480,25544,0.257748,0.17,1,3669327,3668847,480
264830581,61.3528,36.4136,499,25627,0.277099,0.25,1,3669396,3668897,499
264851021,53.7237,40.689,493,26200,0.295595,0.27,1,3669764,3669271,493
264859781,66.5103,53.9401,511,26442,0.437718,0.31,1,3669956,3669445,511
264906501,50.8699,50.2414,448,27696,0.777504,0.63,2,3670718,3670270,448
264909421,55.148,53.0966,451,27772,0.845002,0.67,2,3670776,3670325,451
264912341,68.8592,66.8386,453,27848,0.872001,0.69,2,3670854,3670401,453
264915261,55.7437,53.1355,456,27924,0.8948,0.69,2,3670901,3670445,456
265043741,54.871,44.9216,500,31084,0.896628,1,2,3673102,3672602,500
265049581,73.3394,77.0275,478,31220,0.81186,1,2,3673230,3672752,478
265052501,55.1357,51.811,486,31288,0.774744,1,2,3673273,3672787,486
265055421,36.4543,20.7244,510,31356,0.819898,0.93,2,3673297,3672787,510
265058341,40.9817,25.0898,526,31423,0.813959,1,2,3673341,3672815,526
265061261,46.9927,47.8359,514,31490,0.859584,1,2,3673392,3672878,514
265064181,48.1971,42.5344,524,31557,0.877833,0.95,2,3673441,3672917,524
265067101,39.0788,48.8137,504,31624,0.849133,0.97,2,3673474,3672970,504
265070021,31.2315,41.1255,494,31691,0.861653,0.99,2,3673500,3673006,494
265072941,50.8926,32.0502,532,31758,0.878661,0.84,2,3673564,3673032,532
265075861,41.357,54.8201,497,31825,0.885465,0.91,2,3673599,3673102,497
265078781,70.5428,42.328,553,31891,0.876186,0.75,2,3673689,3673136,553
265084621,38.0469,55.1325,487,32023,0.88539,0.85,2,3673760,3673273,487
265353261,39.2638,39.9499,513,37614,0.8968,1,2,3677654,3677141,513
265356181,36.7055,43.58,502,37670,0.83272,1,2,3677689,3677187,502
265362021,40.3129,36.4928,518,37782,0.408035,1,1,3677777,3677259,518
265364941,39.5252,34.3971,524,37838,0.241214,1,1,3677816,3677292,524
265370781,31.404,35.0235,516,37950,0.0709943,1,1,3677877,3677361,516
265373701,31.1616,31.4094,518,38006,0.0283977,1,1,3677908,3677390,518
265376621,38.8646,31.7638,530,38062,0.0293591,1,1,3677952,3677422,530
265379541,54.5459,43.3055,544,38118,0.0177436,1,1,3678017,3677473,544
265382461,44.0183,58.1222,513,38173,0.0130975,1,1,3678054,3677541,513
265385381,36.2073,46.6489,505,38228,0.023239,0.97,1,3678085,3677580,505
265388301,31.2829,39.6596,498,38283,0.0152956,0.84,1,3678113,3677615,498
265391221,32.3132,39.2638,492,38338,0.0361182,0.79,1,3678146,3677654,492
265394141,32.7253,36.7055,490,38393,0.0564473,0.47,1,3678179,3677689,490
265397061,29.2901,45.2822,466,38448,0.0645789,0.27,1,3678206,3677740,466
265399981,31.516,40.3129,462,38503,0.0918316,0.13,1,3678239,3677777,462
265402901,30.6064,39.5252,453,38558,0.0667326,0.01,1,3678269,3677816,453
265405821,29.6426,35.0101,450,38613,0.044693,0.05,1,3678298,3677848,450
265408741,13.057,31.404,423,38668,0.0238772,0,1,3678300,3677877,423
265411661,24.4228,31.1616,424,38723,0.0155509,0.03,1,3678332,3677908,424
265414581,34.9691,38.8646,422,38778,0.0242204,0.01,1,3678374,3677952,422
265417501,54.7877,54.5459,425,38832,0.0156881,0.01,1,3678442,3678017,425
265420421,42.9151,44.0183,423,38886,0.00627526,0.03,1,3678477,3678054,423
265423341,35.766,36.2073,423,38940,0.0925101,0.01,1,3678508,3678085,423
265429181,33.2026,32.3132,424,39048,0.0832016,0.07,1,3678570,3678146,424
265443781,29.1611,29.6426,423,39318,0.0983208,0.01,1,3678721,3678298,423
265446701,12.8644,13.057,423,39372,0.0813283,0.01,1,3678723,3678300,423
265449621,24.3458,24.4228,423,39426,0.0325313,0.03,1,3678755,3678332,423
265452541,34.3383,34.9691,422,39480,0.0550125,0.01,1,3678796,3678374,422
265455461,55.1353,54.7877,423,39533,0.040005,0,1,3678865,3678442,423
265458381,42.4541,42.9151,422,39586,0.016002,0.15,1,3678899,3678477,422
265461301,38.5817,35.766,427,39639,0.0604008,0.11,1,3678935,3678508,427
265464221,31.0327,30.5064,426,39692,0.0661603,0.07,1,3678961,3678535,426
265467141,34.0131,33.2026,427,39745,0.0924641,0.13,1,3678997,3678570,427
265470061,31.0052,32.481,424,39798,0.0909856,0.13,1,3679026,3678602,424
265472981,31.0021,30.3924,426,39851,0.0783943,0.13,1,3679057,3678631,426
265475901,32.2008,30.757,428,39904,0.0613577,0.15,1,3679090,3678662,428
265478821,29.6803,30.9028,425,39957,0.0905431,0.07,1,3679118,3678693,425
265481741,28.6721,29.1611,425,40010,0.0542172,0.07,1,3679146,3678721,425
265484661,12.6689,12.8644,425,40063,0.0396869,0.07,1,3679148,3678723,425
265487581,22.4675,5.14578,454,40116,0.0218748,0,1,3679177,3678723,454
265490501,32.987,21.2583,462,40169,0.0387499,0.07,1,3679217,3678755,462
265493421,55.1948,33.1033,491,40222,0.0215,0.03,1,3679287,3678796,491
265496341,41.8779,54.6413,455,40274,0.0146,0,1,3679320,3678865,455
265499261,39.5512,42.2565,459,40326,0.02384,0.09,1,3679358,3678899,459
265502181,32.0205,38.5026,450,40378,0.039536,0.07,1,3679385,3678935,450
265505101,34.4082,31.001,460,40430,0.0578144,0.11,1,3679421,3678961,460
265516781,29.9929,32.2,452,40638,0.223192,0.11,1,3679542,3679090,452
265519701,27.5971,29.68,450,40690,0.239277,0.03,1,3679568,3679118,450
265522621,12.2389,28.672,424,40742,0.245711,0.03,1,3679570,3679146,424
265525541,22.2955,12.6688,451,40794,0.248284,0.01,1,3679599,3679148,451
265531381,55.1673,32.987,492,40898,0.0721255,0.01,1,3679709,3679217,492
265534301,41.2669,55.1948,454,40950,0.0588502,0.01,1,3679741,3679287,454
265537221,39.9068,41.8779,460,41002,0.0415401,0.03,1,3679780,3679320,460
265540141,33.3627,39.5512,451,41053,0.046616,0.05,1,3679809,3679358,451
265543061,35.5451,32.0205,461,41104,0.0486464,0.07,1,3679846,3679385,461
265545981,34.018,34.4082,458,41155,0.0854586,0.13,1,3679879,3679421,458
265548901,32.2072,31.7633,459,41206,0.0881834,0.17,1,3679910,3679451,459
265551821,33.2829,30.7053,463,41257,0.0892734,0.21,1,3679944,3679481,463
265572261,44.7657,55.1673,424,41614,0.0586521,0.05,1,3680133,3679709,424
265575181,35.9063,41.2669,422,41665,0.0774608,0.03,1,3680163,3679741,422
265578101,38.3625,39.9068,423,41716,0.0489843,0.05,1,3680203,3679780,423
265581021,32.745,33.3627,423,41767,0.0495937,0.05,1,3680232,3679809,423
265583941,35.898,35.5451,424,41818,0.0498375,0.11,1,3680270,3679846,424
265586861,34.7592,34.018,425,41868,0.049935,0.09,1,3680304,3679879,425
265589781,33.1037,32.2072,426,41918,0.073974,0.09,1,3680336,3679910,426
265592701,33.6415,33.2829,426,41968,0.0835896,0.11,1,3680370,3679944,426
265595621,32.6566,31.9132,427,42018,0.0874358,0.13,1,3680402,3679975,427
265610221,12.7933,12.9143,428,42268,0.217174,0.01,1,3680495,3680067,428
265613141,41.7173,44.7657,423,42318,0.22487,0.09,1,3680556,3680133,423
265616061,34.0869,35.9063,422,42368,0.227948,0.03,1,3680585,3680163,422
265618981,38.2348,38.3625,423,42418,0.205179,0.05,1,3680626,3680203,423
265621901,32.0939,32.745,422,42468,0.208072,0.05,1,3680654,3680232,422
265624821,35.6376,35.898,422,42518,0.233229,0.05,1,3680692,3680270,422
265627741,35.255,34.7592,423,42568,0.231291,0.09,1,3680727,3680304,423
265630661,34.502,33.1037,425,42618,0.266517,0.09,1,3680761,3680336,425
265633581,34.8008,33.6415,426,42668,0.256607,0.09,1,3680796,3680370,426
265636501,34.3203,32.6566,428,42717,0.252643,0.19,1,3680830,3680402,428
265639421,31.1281,29.8626,429,42766,0.239057,0.15,1,3680859,3680430,429
265642341,13.6513,13.1451,429,42815,0.257623,0.15,1,3680861,3680432,429
265645261,22.8605,21.458,431,42864,0.253049,0.23,1,3680890,3680459,431
265648181,29.5442,28.9832,431,42913,0.26322,0.23,1,3680924,3680493,431
265651101,13.0177,12.7933,431,42962,0.243288,0.23,1,3680926,3680495,431
265654021,41.8071,41.7173,431,43011,0.271315,0.23,1,3680987,3680556,431
265656941,34.1228,16.6869,460,43060,0.246526,0.23,1,3681016,3680556,460
265659861,37.6491,24.0748,471,43109,0.26061,0.19,1,3681056,3680585,471
265662781,32.4597,34.2299,459,43158,0.266244,0.21,1,3681085,3680626,459
265665701,35.7839,30.492,469,43207,0.268498,0.25,1,3681123,3680654,469
265668621,35.9135,34.9968,467,43256,0.269399,0.23,1,3681159,3680692,467
265671541,35.3654,34.9987,467,43305,0.26976,0.29,1,3681194,3680727,467
265674461,35.1462,34.3995,468,43354,0.281904,0.25,1,3681229,3680761,468
265677381,33.2585,34.7598,465,43403,0.298762,0.25,1,3681261,3680796,465
265691981,13.1662,29.5438,434,43646,0.403715,0.23,1,3681358,3680924,434
265773741,31.8944,31.4814,448,44978,0.758614,0.53,2,3682246,3681798,448
265776661,13.9578,13.7926,448,45025,0.753445,0.55,2,3682248,3681800,448
265779581,45.7831,44.517,450,45072,0.835378,0.59,2,3682315,3681865,450
265782501,36.3132,35.2068,451,45119,0.880151,0.59,2,3682345,3681894,451
265785421,38.5253,38.0827,451,45166,0.898061,0.59,2,3682385,3681934,451
266049681,343.228,357.424,496,21900,0.85,1,2,3685200,3684704,496
266067201,69.4835,81.6893,477,23187,0.445909,0.75,1,3685613,3685136,477
266081801,58.7675,73.6448,497,23640,0.41607,0.51,1,3685923,3685426,497
266084721,60.107,61.2579,505,23730,0.448428,0.47,1,3685984,3685479,505
266113921,43.212,43.3363,445,24608,0.767309,0.47,2,3686526,3686081,445
266116841,18.4848,18.5345,445,24694,0.756924,0.57,2,3686528,3686083,445
266119761,55.9939,54.2138,448,24780,0.800769,0.57,2,3686609,3686161,448
266122681,67.9976,65.4855,451,24866,0.842308,0.67,2,3686685,3686234,451
266125601,78.799,76.5942,453,24951,0.858923,0.71,2,3686771,3686318,453
266128521,61.5196,59.4377,455,25036,0.841569,0.73,2,3686821,3686366,455
266131441,64.2078,61.5751,458,25121,0.858628,0.75,2,3686887,3686429,458
266248241,74.8215,72.2832,500,28297,0.896771,1,2,3689147,3688647,500
266254081,43.2914,22.1253,531,28447,0.865883,1,2,3689222,3688691,531
266257001,46.7166,28.0501,548,28521,0.832353,1,2,3689271,3688723,548
266259921,48.6866,57.4201,521,28595,0.830941,1,2,3689321,3688800,521
266283281,43.487,43.288,509,29182,0.42847,0.81,1,3689731,3689222,509
266286201,45.5948,46.7152,507,29255,0.429388,0.83,1,3689778,3689271,507
266321241,46.7418,47.7352,446,30111,0.796831,0.51,2,3690340,3689894,446
266324161,38.4967,38.8941,446,30181,0.816732,0.49,2,3690373,3689927,446
266327081,40.5987,40.7576,446,30251,0.800693,0.51,2,3690415,3689969,446
266330001,70.8395,70.3031,447,30321,0.830277,0.51,2,3690506,3690059,447
266332921,51.1358,49.7212,449,30391,0.818111,0.55,2,3690544,3690095,449
266335841,40.2543,39.6885,449,30461,0.837244,0.55,2,3690577,3690128,449
266338761,46.1017,43.4754,453,30530,0.844898,0.57,2,3690627,3690174,453
266341681,19.6407,18.5902,453,30599,0.847959,0.69,2,3690629,3690176,453
266344601,37.8563,35.6361,456,30668,0.873184,0.77,2,3690679,3690223,456
266499361,55.4676,69.4747,491,34131,0.873616,1,2,3693155,3692664,491
266508121,40.4379,16.5904,535,34317,0.444951,1,1,3693273,3692738,535
266513961,46.1901,32.5345,558,34441,0.230792,1,1,3693362,3692804,558
266519801,51.0704,50.8055,526,34563,0.0909268,1,1,3693460,3692934,526
266522721,39.6282,47.3222,513,34624,0.0543707,0.99,1,3693492,3692979,513
266525641,30.8513,39.3289,504,34685,0.0517483,1,1,3693517,3693013,504
266528561,36.9405,39.1316,506,34746,0.0506993,1,1,3693558,3693052,506
266531481,47.1762,36.6526,525,34807,0.0262797,0.79,1,3693612,3693087,525
266534401,36.8705,55.4611,487,34868,0.0645119,0.59,1,3693642,3693155,487
266537321,34.5482,44.9844,482,34929,0.0678048,0.51,1,3693675,3693193,482
266540241,34.2193,42.5938,475,34990,0.0811219,0.35,1,3693709,3693234,475
266543161,34.0877,40.4375,470,35050,0.0744488,0.29,1,3693743,3693273,470
266546081,43.0351,38.975,481,35110,0.0477795,0.15,1,3693792,3693311,481
266549001,37.014,46.19,463,35170,0.0491118,0.05,1,3693825,3693362,463
266551921,48.4056,43.676,477,35230,0.0256447,0.07,1,3693881,3693404,477
266554841,39.1622,51.0704,454,35290,0.0162579,0.03,1,3693914,3693460,454
266557761,30.0649,39.6282,446,35350,0.0365032,0.05,1,3693938,3693492,446
266560681,37.826,30.8513,464,35410,0.0806013,0.05,1,3693981,3693517,464
266563601,47.5304,36.9405,477,35470,0.0622405,0.01,1,3694035,3693558,477
266566521,39.4122,47.1762,457,35530,0.0548962,0.09,1,3694069,3693612,457
266581121,39.0234,43.0351,423,35825,0.24205,0.05,1,3694215,3693792,423
266584041,34.8094,37.014,422,35884,0.27082,0.01,1,3694247,3693825,422
266586961,47.5237,48.4056,422,35943,0.234328,0.01,1,3694303,3693881,422
266589881,39.4095,39.1622,423,36002,0.219731,0.05,1,3694337,3693914,423
266598641,46.8502,47.5304,424,36179,0.0882228,0.05,1,3694459,3694035,424
266601561,39.7401,39.4122,425,36237,0.0652891,0.15,1,3694494,3694069,425
266604481,34.496,33.1649,427,36295,0.0681157,0.11,1,3694525,3694098,427
266607401,35.3984,34.8659,427,36353,0.0452463,0.11,1,3694561,3694134,427
266610321,15.3594,15.1464,427,36411,0.0600985,0.21,1,3694563,3694136,427
266613241,25.9437,24.0586,430,36469,0.0540394,0.29,1,3694596,3694166,430
266616161,42.7775,39.0234,435,36527,0.0996158,0.29,1,3694650,3694215,435
266642441,35.4929,35.3984,423,37044,0.225531,0.07,1,3694984,3694561,423
266645361,15.3971,15.3594,423,37101,0.216212,0.05,1,3694986,3694563,423
266648281,27.1589,25.9437,425,37158,0.224485,0.05,1,3695021,3694596,425
266651201,43.2635,10.3775,479,37215,0.227794,0.13,1,3695075,3694596,479
266654121,36.5054,36.551,457,37272,0.265118,0.11,1,3695107,3694650,457
266706681,39.493,47.8602,473,38280,0.41257,0.37,1,3695785,3695312,473
266709601,34.9972,39.5441,471,38335,0.423028,0.37,1,3695817,3695346,471
266712521,36.7989,35.0176,477,38390,0.439211,0.39,1,3695855,3695378,477
266715441,15.9196,36.2071,442,38445,0.445685,0.39,1,3695857,3695415,442
266718361,26.7678,15.6828,474,38500,0.448274,0.39,1,3695891,3695417,474
266744641,40.7124,39.493,443,38991,0.780738,0.43,2,3696228,3695785,443
266747561,35.485,34.9972,443,39045,0.798295,0.45,2,3696260,3695817,443
266750481,37.594,36.7989,444,39099,0.793318,0.45,2,3696299,3695855,444
266753401,16.2376,15.9196,444,39153,0.815327,0.45,2,3696301,3695857,444
266756321,26.895,26.7678,444,39207,0.800131,0.49,2,3696335,3695891,444
266759241,44.358,43.1071,446,39261,0.818052,0.51,2,3696391,3695945,446
266762161,39.3432,38.2429,447,39315,0.801221,0.51,2,3696427,3695980,447
266765081,16.9373,16.4971,447,39369,0.818488,0.57,2,3696429,3695982,447
266768001,42.7749,40.1989,451,39423,0.825395,0.67,2,3696489,3696038,451
266770921,36.31,34.0795,453,39477,0.852158,0.65,2,3696521,3696068,453
266773841,27.724,25.6318,455,39530,0.862863,0.77,2,3696543,3696088,455
266776761,44.0896,41.4527,458,39583,0.867145,0.75,2,3696598,3696140,458
266951961,33.0782,31.2724,495,42665,0.858832,1,2,3698741,3698246,495
266954881,31.8313,35.309,488,42714,0.865533,1,2,3698772,3698284,488
266957801,33.1325,36.3236,485,42763,0.856213,1,2,3698806,3698321,485
266960721,33.653,32.5294,489,42812,0.792485,1,2,3698840,3698351,489
266969481,38.8018,34.6019,496,42959,0.419119,1,1,3698948,3698452,496
266972401,36.5207,33.0408,499,43008,0.257648,1,1,3698983,3698484,499
266984081,38.0677,34.0378,524,43204,0.0711558,0.98,1,3699113,3698589,524
266992841,30.8283,36.1144,500,43351,0.082554,0.83,1,3699210,3698710,500
266995761,26.1313,33.0458,492,43400,0.0630216,0.87,1,3699233,3698741,492
266998681,31.4525,31.8183,496,43449,0.0552086,0.85,1,3699268,3698772,496
267001601,28.781,33.1273,489,43498,0.0520835,0.75,1,3699295,3698806,489
267004521,25.3124,33.6509,478,43547,0.0388334,0.55,1,3699318,3698840,478
267007441,26.325,33.2604,472,43595,0.0455334,0.49,1,3699345,3698873,472
267010361,31.53,32.5041,475,43643,0.0602133,0.33,1,3699380,3698905,475
267013281,33.012,38.8017,466,43691,0.0660853,0.15,1,3699414,3698948,466
267016201,29.4048,36.5207,458,43739,0.0444341,0.15,1,3699441,3698983,458
267019121,25.5619,33.8083,449,43787,0.0597737,0.15,1,3699464,3699015,449
267022041,30.0248,27.9233,458,43835,0.0779095,0.11,1,3699497,3699039,458
267024961,36.0099,29.1693,468,43883,0.0611638,0.03,1,3699537,3699069,468
267027881,37.804,38.0677,463,43931,0.0304655,0.15,1,3699576,3699113,463
267030801,32.5216,37.4271,455,43979,0.0661862,0.09,1,3699605,3699150,455
267033721,31.0086,33.5708,454,44027,0.0684745,0.07,1,3699635,3699181,454
267036641,25.6035,30.8283,447,44075,0.0453898,0.05,1,3699657,3699210,447
267039561,30.6414,26.1313,458,44123,0.0241559,0.05,1,3699691,3699233,458
267042481,27.8566,31.4525,449,44171,0.0516624,0.05,1,3699717,3699268,449
267045401,26.1426,28.781,447,44219,0.0506649,0.03,1,3699742,3699295,447
267048321,26.057,25.3124,450,44267,0.050266,0.05,1,3699768,3699318,450
267051241,31.4228,26.325,458,44315,0.0381064,0.07,1,3699803,3699345,458
267054161,33.5691,31.53,458,44363,0.0452426,0.07,1,3699838,3699380,458
267057081,28.4277,33.012,449,44411,0.036097,0.03,1,3699863,3699414,449
267060001,28.1711,29.4048,450,44458,0.0684388,0.07,1,3699891,3699441,450
267062921,12.4684,25.5619,429,44505,0.0813755,0.09,1,3699893,3699464,429
267071681,37.302,37.804,425,44646,0.083688,0.09,1,3700001,3699576,425
267074601,31.7208,32.5216,424,44693,0.0754752,0.07,1,3700029,3699605,424
267077521,31.2883,31.0086,425,44740,0.0481901,0.03,1,3700060,3699635,425
267080441,24.5153,25.6035,423,44787,0.085276,0.01,1,3700080,3699657,423
267083361,31.4061,30.6414,425,44834,0.0881104,0.07,1,3700116,3699691,425
267086281,28.1625,27.8566,425,44881,0.0892442,0.05,1,3700142,3699717,425
267115481,34.2244,37.302,422,45351,0.216848,0.07,1,3700423,3700001,422
267118401,31.0898,31.7208,423,45398,0.236739,0.03,1,3700452,3700029,423
267121321,32.2359,31.2883,425,45444,0.208696,0.11,1,3700485,3700060,425
267124241,24.8944,24.5153,425,45490,0.257478,0.09,1,3700505,3700080,425
267127161,30.9577,31.4061,424,45536,0.264991,0.09,1,3700540,3700116,424
267144681,27.1404,28.0746,426,45812,0.406822,0.13,1,3700712,3700286,426
267147601,31.2562,29.8298,429,45858,0.420729,0.13,1,3700746,3700317,429
267150521,13.7025,13.1319,429,45904,0.426291,0.21,1,3700748,3700319,429
267153441,24.081,22.6528,431,45950,0.440517,0.21,1,3700779,3700348,431
267156361,33.6324,9.06111,471,45996,0.434207,0.21,1,3700819,3700348,471
267273161,33.2381,32.4697,452,47795,0.753853,0.61,2,3701992,3701540,452
267276081,36.0953,35.7879,452,47839,0.787541,0.61,2,3702030,3701578,452
267279001,27.6381,27.5151,452,47883,0.801016,0.61,2,3702052,3701600,452
267281921,32.6552,32.6061,452,47927,0.818407,0.61,2,3702088,3701636,452
267284841,14.2621,14.2424,452,47971,0.849363,0.59,2,3702090,3701638,452
267287761,23.7048,24.297,451,48015,0.861745,0.59,2,3702120,3701669,451
267290681,34.6819,34.9188,451,48059,0.866698,0.59,2,3702162,3701711,451
267293601,15.0728,15.1675,451,48103,0.868679,0.65,2,3702164,3701713,451
267442521,26.9109,26.5538,514,50287,0.8896,1,2,3703681,3703167,514
267445441,28.7644,34.0215,505,50329,0.82984,1,2,3703711,3703206,505
267448361,30.1057,27.4086,513,50371,0.769936,1,2,3703742,3703229,513
267486321,24.7719,28.6931,471,50914,0.438661,0.96,1,3704098,3703627,471
267489241,26.1087,28.2772,470,50955,0.421464,0.84,1,3704125,3703655,470
267492161,21.8435,26.9109,463,50996,0.414586,0.79,1,3704144,3703681,463
267495081,26.1374,28.7644,462,51037,0.435834,0.73,1,3704173,3703711,462
267498001,26.655,30.1057,458,51078,0.444334,0.65,1,3704200,3703742,458
267562241,24.7985,27.5561,469,51980,0.757541,0.53,2,3704778,3704309,469
267565161,23.1194,24.2225,469,52021,0.789016,0.55,2,3704800,3704331,469
267568081,34.4478,22.289,490,52061,0.825607,0.57,2,3704842,3704352,490
267571001,30.5791,33.5156,477,52101,0.828243,0.63,2,3704870,3704393,477
267573921,33.8316,29.0062,487,52141,0.829297,0.61,2,3704906,3704419,487
267576841,26.7327,33.2025,473,52181,0.853719,0.67,2,3704928,3704455,473
267579761,17.2931,25.881,463,52221,0.875488,0.63,2,3704939,3704476,463
267582681,26.7172,16.3524,486,52261,0.872195,0.63,2,3704972,3704486,486
267585601,22.6869,26.341,473,52301,0.870878,0.65,2,3704992,3704519,473
267588521,25.2748,22.5364,480,52341,0.858351,0.69,2,3705019,3704539,480
267591441,22.1099,25.2146,473,52381,0.853341,0.67,2,3705039,3704566,473
267594361,28.044,21.4858,486,52421,0.851336,0.67,2,3705071,3704585,486
267597281,28.6176,27.7943,483,52461,0.838534,0.69,2,3705100,3704617,483
267600201,30.047,27.9177,486,52501,0.845414,0.73,2,3705131,3704645,486
267603121,26.4188,28.5671,481,52541,0.848166,0.71,2,3705155,3704674,481
267606041,27.3675,25.2268,486,52581,0.873266,0.73,2,3705183,3704697,486
267617721,36.499,23.1194,506,52741,0.888516,0.85,2,3705306,3704800,506
267620641,30.1996,34.4478,490,52781,0.877406,0.83,2,3705332,3704842,490
267623561,34.2798,30.5791,499,52821,0.884962,0.83,2,3705369,3704870,499
267626481,27.5119,33.8316,486,52861,0.875985,0.87,2,3705392,3704906,486
267629401,18.2048,26.7327,476,52901,0.872394,0.89,2,3705404,3704928,476
267632321,26.4819,17.2931,497,52941,0.882958,0.87,2,3705436,3704939,497
267635241,22.5928,26.7172,484,52981,0.887183,0.87,2,3705456,3704972,484
267864461,54.8511,50.3461,505,26608,0.784051,0.57,2,3707966,3707461,505
267867381,53.1405,53.7385,501,26688,0.79962,0.59,2,3708018,3707517,501
267870301,58.4562,52.0954,512,26767,0.781848,0.61,2,3708080,3707568,512
267873221,31.1825,57.4382,464,26846,0.786739,0.63,2,3708093,3707629,464
267876141,13.673,29.5753,455,26925,0.788696,0.65,2,3708095,3707640,455
267879061,64.8692,71.2301,455,27004,0.837478,0.65,2,3708194,3707739,455
267881981,58.3477,60.892,455,27082,0.868991,0.75,2,3708248,3707793,455
267963741,69.6735,60.9693,546,29192,0.874,1,2,3709737,3709191,546
267966661,45.8694,71.1877,498,29265,0.8596,1,2,3709767,3709269,498
267969581,65.7478,50.0751,541,29337,0.85384,1,2,3709846,3709305,541
267975421,67.3996,52.532,540,29481,0.892614,1,2,3709960,3709420,540
268083461,37.3819,44.637,505,32029,0.856758,1,2,3711693,3711188,505
268086381,36.5528,34.6548,513,32095,0.804703,1,2,3711729,3711216,513
268089301,39.8211,41.4619,509,32161,0.771881,1,2,3711771,3711262,509
268103901,54.1639,47.6047,534,32489,0.439837,1,1,3712027,3711493,534
268112661,34.6185,45.4547,494,32684,0.28471,0.81,1,3712155,3711661,494
268115581,34.8474,37.3819,497,32749,0.275884,0.77,1,3712190,3711693,497
268118501,15.139,36.5528,463,32814,0.248354,0.75,1,3712192,3711729,463
268121421,27.6556,39.8211,457,32878,0.249341,0.63,1,3712228,3711771,457
268124341,58.4622,64.5284,455,32942,0.273737,0.59,1,3712307,3711852,455
268127261,38.3849,43.8114,450,33006,0.247495,0.55,1,3712332,3711882,450
268130181,29.754,32.5245,449,33070,0.248998,0.47,1,3712356,3711907,449
268138941,60.2003,64.8656,436,33262,0.402576,0.27,1,3712535,3712099,436
268141861,39.6801,41.5462,436,33326,0.41903,0.27,1,3712561,3712125,436
268144781,32.672,34.6185,434,33389,0.425612,0.27,1,3712589,3712155,434
268147701,34.6688,34.8474,435,33452,0.428245,0.23,1,3712625,3712190,435
268150621,15.0675,15.139,435,33515,0.429298,0.25,1,3712627,3712192,435
268200261,52.1183,53.0144,500,34572,0.7567,0.63,2,3713359,3712859,500
268203181,61.6473,51.2057,518,34633,0.78868,0.63,2,3713427,3712909,518
268206101,39.0589,61.2823,474,34694,0.801472,0.61,2,3713451,3712977,474
268209021,33.6236,39.5129,479,34755,0.806589,0.59,2,3713481,3713002,479
268211941,36.2494,33.2052,488,34816,0.820636,0.65,2,3713519,3713031,488
268214861,15.6998,35.4821,453,34877,0.826254,0.65,2,3713521,3713068,453
268217781,29.0799,15.3928,489,34938,0.828502,0.65,2,3713559,3713070,489
268220701,60.832,28.9571,533,34999,0.841401,0.63,2,3713641,3713108,533
268223621,39.3328,60.1829,477,35059,0.84656,0.65,2,3713666,3713189,477
268226541,32.5331,38.4731,481,35119,0.872624,0.69,2,3713694,3713213,481
268375461,58.0668,52.4034,538,38067,0.825301,1,2,3715780,3715242,538
268390061,36.3383,33.8515,512,38342,0.446009,1,1,3715954,3715442,512
268395901,41.9341,42.0162,510,38452,0.218962,0.98,1,3716034,3715524,510
268401741,26.6295,40.9226,488,38562,0.0530338,0.91,1,3716090,3715602,488
268404661,28.0518,27.169,499,38617,0.0272135,0.93,1,3716119,3715620,499
268407581,12.4207,30.6676,468,38672,0.0168854,0.89,1,3716121,3715653,468
268410501,38.5683,50.667,460,38727,0.0247542,0.77,1,3716177,3715717,460
268413421,51.4273,58.0668,457,38782,0.0399017,0.69,1,3716237,3715780,457
268416341,39.7709,46.0267,451,38836,0.0459607,0.65,1,3716269,3715818,451
268419261,35.7084,36.4107,454,38890,0.0363843,0.55,1,3716302,3715848,454
268422181,30.4833,34.3643,448,38944,0.0205537,0.53,1,3716329,3715881,448
268425101,31.9933,35.3457,445,38998,0.0622215,0.37,1,3716362,3715917,445
268428021,30.7973,36.3383,438,39052,0.0788886,0.29,1,3716392,3715954,438
268439701,25.446,26.6295,424,39268,0.0915395,0.01,1,3716514,3716090,424
268442621,26.9784,28.0518,423,39322,0.0666158,0.01,1,3716542,3716119,423
268445541,11.9914,12.4207,423,39376,0.0566463,0.03,1,3716544,3716121,423
268448461,37.7965,38.5683,422,39430,0.0766585,0.05,1,3716599,3716177,422
268451381,51.7186,51.4273,423,39484,0.0606634,0.05,1,3716660,3716237,423
268454301,39.8874,39.7709,423,39537,0.0782654,0.03,1,3716692,3716269,423
268457221,35.155,35.7084,422,39590,0.0613061,0.01,1,3716724,3716302,422
268460141,30.262,30.4833,422,39643,0.0245225,0.09,1,3716751,3716329,422
268463061,34.3048,31.9933,426,39696,0.063809,0.09,1,3716788,3716362,426
268483501,11.4533,11.9914,422,40067,0.0990164,0.05,1,3716966,3716544,422
268486421,36.9813,4.79654,476,40120,0.0816066,0.09,1,3717020,3716544,476
268489341,52.5925,34.9186,484,40173,0.0626426,0.05,1,3717083,3716599,484
268492261,40.237,50.5674,455,40226,0.0790571,0.09,1,3717115,3716660,455
268495181,34.0948,39.427,453,40278,0.0976228,0.05,1,3717145,3716692,453
268498101,30.4379,34.9708,449,40330,0.0930491,0,1,3717173,3716724,449
268506861,30.268,31.7101,455,40486,0.224595,0.17,1,3717273,3716818,455
268509781,36.1072,29.4841,467,40538,0.251838,0.11,1,3717313,3716846,467
268512701,34.8429,36.3936,460,40590,0.262735,0.15,1,3717347,3716887,460
268515621,23.5372,34.9574,442,40642,0.267094,0.15,1,3717363,3716921,442
268518541,23.8149,23.583,450,40694,0.280838,0.09,1,3717387,3716937,450
268521461,10.7259,25.6332,425,40746,0.286335,0.09,1,3717389,3716964,425
268524381,37.2904,11.4533,478,40798,0.276534,0.07,1,3717444,3716966,478
268527301,52.1162,36.9813,486,40850,0.248614,0.05,1,3717506,3717020,486
268530221,41.2465,52.5925,457,40902,0.261445,0.09,1,3717540,3717083,457
268533141,35.6986,40.237,457,40954,0.254578,0.11,1,3717572,3717115,457
268536061,31.6794,34.0948,456,41006,0.263831,0.09,1,3717601,3717145,456
268559421,10.846,23.8149,437,41414,0.404419,0.29,1,3717824,3717387,437
268562341,36.7384,10.7259,489,41465,0.407768,0.27,1,3717878,3717389,489
268571101,29.0873,41.2465,435,41618,0.415137,0.25,1,3717975,3717540,435
268591541,35.784,35.2185,441,41972,0.441717,0.37,1,3718222,3717781,441
268641181,11.2773,10.9782,444,42819,0.755065,0.45,2,3718710,3718266,444
268644101,37.5109,36.7913,445,42868,0.752026,0.49,2,3718765,3718320,445
268649941,21.8417,21.4866,446,42966,0.757524,0.51,2,3718828,3718382,446
268652861,30.3367,28.9946,448,43015,0.76501,0.51,2,3718864,3718416,448
268664541,35.9606,36.8623,484,43211,0.754896,0.57,2,3719004,3718520,484
268667461,36.5842,35.7449,486,43260,0.799958,0.67,2,3719041,3718555,486
268670381,41.0337,33.498,498,43309,0.853983,0.69,2,3719085,3718587,498
268673301,38.0135,39.1992,491,43358,0.899593,0.75,2,3719121,3718630,491
268857261,34.4113,31.2747,515,46323,0.890319,1,2,3721162,3720647,515
268860181,33.5645,32.3099,515,46369,0.830128,1,2,3721195,3720680,515
268968221,31.2207,30.5125,452,48020,0.761996,0.61,2,3722265,3721813,452
268971141,28.0883,27.805,452,48064,0.766798,0.61,2,3722291,3721839,452
268974061,12.4353,12.322,452,48108,0.768719,0.63,2,3722293,3721841,452
268976981,16.9741,16.3288,453,48152,0.769488,0.61,2,3722313,3721860,453
268979901,30.7896,31.1315,452,48196,0.793795,0.65,2,3722353,3721901,452
268982821,31.5159,31.6526,452,48240,0.827518,0.63,2,3722385,3721933,452
268985741,36.0063,34.861,454,48284,0.841007,0.63,2,3722424,3721970,454
268988661,36.0025,36.1444,453,48328,0.822403,0.67,2,3722460,3722007,453
268991581,34.801,33.6578,455,48372,0.802961,0.73,2,3722494,3722039,455
268994501,33.7204,32.6631,456,48416,0.831184,0.71,2,3722527,3722071,456
268997421,30.2882,30.4652,455,48460,0.878474,0.71,2,3722555,3722100,455
269000341,30.1153,29.5861,456,48503,0.88539,0.69,2,3722585,3722129,456
269003261,33.6461,33.4344,456,48546,0.876156,0.71,2,3722621,3722165,456
269006181,27.2584,26.5738,457,48589,0.884462,0.73,2,3722644,3722187,457
269009101,23.5034,22.6295,458,48632,0.887785,0.77,2,3722665,3722207,458
269012021,21.4013,21.0518,458,48675,0.889114,0.77,2,3722685,3722227,458
269026621,32.2332,6.78965,501,48890,0.888781,0.81,2,3722814,3722313,501
269029541,32.0933,26.7159,493,48933,0.877513,0.85,2,3722846,3722353,493
269032461,36.2373,29.8863,500,48976,0.861005,0.85,2,3722885,3722385,500
269035381,36.0949,35.3545,497,49019,0.854402,0.81,2,3722921,3722424,497
269038301,34.238,35.7418,494,49062,0.863761,0.79,2,3722954,3722460,494
269041221,35.2952,34.6967,496,49105,0.867504,0.85,2,3722990,3722494,496
269171161,337.834,341.239,497,23360,0.85,1,2,3724705,3724208,497
269228101,39.457,47.9846,474,23810,0.770632,0.73,2,3725141,3724667,474
269231021,28.3828,35.9938,467,23899,0.818253,0.71,2,3725162,3724695,467
269233941,42.5531,40.1975,476,23988,0.825301,0.63,2,3725214,3724738,476
269236861,71.6213,57.479,498,24076,0.85212,0.59,2,3725305,3724807,498
269374101,59.2831,45.1842,508,27912,0.859139,1,2,3728040,3727532,508
269377021,46.5132,36.6737,515,27988,0.769656,1,2,3728078,3727563,515
269391621,57.5435,59.6738,489,28364,0.0764253,1,1,3728372,3727883,489
269394541,42.8174,23.8695,522,28439,0.0485701,1,1,3728405,3727883,522
269397461,38.727,38.9478,509,28513,0.025428,0.89,1,3728441,3727932,509
269400381,47.8908,38.9791,524,28587,0.0161712,0.81,1,3728495,3727971,524
269403301,39.5563,56.9916,489,28661,0.0124685,0.71,1,3728529,3728040,489
269406221,36.8225,45.5967,486,28735,0.0109874,0.65,1,3728564,3728078,486
269409141,49.529,42.2387,504,28809,0.010395,0.55,1,3728622,3728118,504
269412061,46.8116,54.0955,487,28882,0.034158,0.39,1,3728667,3728180,487
269414981,69.7246,49.8382,525,28955,0.0316632,0,1,3728752,3728227,525
269417901,53.0899,82.3353,463,29028,0.0126653,0,1,3728794,3728331,463
269420821,40.4359,57.5341,454,29101,0.0350661,0.03,1,3728826,3728372,454
269423741,38.3744,42.8136,458,29174,0.0440264,0.01,1,3728863,3728405,458
269426661,47.7498,38.7255,476,29247,0.0356106,0.01,1,3728917,3728441,476
269429581,38.8999,47.8902,455,29319,0.0442442,0.01,1,3728950,3728495,455
269432501,37.16,39.5561,457,29391,0.0176977,0.01,1,3728986,3728529,457
269435421,49.664,36.8224,480,29463,0.0370791,0.01,1,3729044,3728564,480
269438341,46.8656,49.529,467,29535,0.0328316,0.05,1,3729089,3728622,467
269441261,69.7462,46.8116,507,29607,0.0551327,0.03,1,3729174,3728667,507
269444181,53.0985,69.7246,464,29678,0.0400531,0,1,3729216,3728752,464
269447101,39.8394,53.0899,453,29749,0.0340212,0.05,1,3729247,3728794,453
269450021,38.1358,40.4359,458,29820,0.0316085,0.05,1,3729284,3728826,458
269452941,16.4543,38.3744,423,29891,0.0426434,0.03,1,3729286,3728863,423
269455861,38.9817,47.7498,423,29962,0.0230574,0.05,1,3729340,3728917,423
269458781,35.9927,38.8999,424,30033,0.0392229,0,1,3729374,3728950,424
269461701,34.7971,37.16,422,30103,0.0156892,0.05,1,3729408,3728986,422
269464621,49.3188,49.664,423,30173,0.0242757,0.03,1,3729467,3729044,423
269467541,47.3275,46.8656,424,30243,0.0397103,0.07,1,3729513,3729089,424
269470461,69.931,69.7462,424,30313,0.0578841,0.03,1,3729598,3729174,424
269473381,53.7724,53.0985,425,30383,0.0291536,0.03,1,3729641,3729216,425
269476301,38.909,39.8394,423,30453,0.0116615,0.03,1,3729670,3729247,423
269479221,37.7636,38.1358,423,30522,0.0706646,0.05,1,3729707,3729284,423
269482141,16.3054,16.4543,423,30591,0.0942658,0.01,1,3729709,3729286,423
269485061,38.3222,38.9817,422,30660,0.0677063,0.05,1,3729762,3729340,422
269487981,35.7289,35.9927,422,30729,0.0690825,0,1,3729796,3729374,422
269490901,34.6915,34.7971,422,30798,0.027633,0.03,1,3729830,3729408,422
269493821,49.2766,49.3188,422,30867,0.0410532,0.05,1,3729889,3729467,422
269496741,47.3106,47.3275,422,30936,0.0464213,0.07,1,3729935,3729513,422
269499661,70.5243,69.931,423,31004,0.0605685,0.01,1,3730021,3729598,423
269502581,53.4097,53.7724,422,31072,0.0542274,0,1,3730063,3729641,422
269505501,38.7639,38.909,422,31140,0.021691,0.11,1,3730092,3729670,422
269508421,40.7056,37.7636,427,31208,0.0626764,0.11,1,3730134,3729707,427
269520101,33.8309,34.1635,455,31479,0.0584845,0,1,3730251,3729796,455
269523021,48.9323,34.0654,480,31546,0.0413938,0.05,1,3730310,3729830,480
269525941,47.1729,49.0262,467,31613,0.0345575,0.05,1,3730356,3729889,467
269528861,72.2692,47.2105,510,31680,0.043823,0.07,1,3730445,3729935,510
269531781,52.3077,70.4842,463,31747,0.0355292,0.05,1,3730484,3730021,463
269534701,38.3231,53.3937,450,31814,0.0142117,0,1,3730513,3730063,450
269537621,44.7292,38.7575,470,31881,0.0116847,0.09,1,3730562,3730092,470
269540541,19.0917,40.703,430,31947,0.0106739,0.15,1,3730564,3730134,430
269543461,35.2367,17.4812,474,32013,0.0222695,0.17,1,3730610,3730136,474
269546381,33.8947,35.1925,460,32079,0.0269078,0.07,1,3730643,3730183,460
269549301,30.9579,35.077,454,32145,0.0647631,0.03,1,3730672,3730218,454
269552221,48.3831,33.8308,481,32211,0.0559053,0.03,1,3730732,3730251,481
269555141,46.9533,48.9323,468,32277,0.0283621,0.03,1,3730778,3730310,468
269558061,72.7813,47.1729,512,32343,0.0293448,0.05,1,3730868,3730356,512
269560981,51.3125,72.2692,460,32408,0.0177379,0.03,1,3730905,3730445,460
269563901,37.925,52.3077,450,32473,0.0130952,0,1,3730934,3730484,450
269566821,44.57,38.3231,470,32538,0.0232381,0.01,1,3730983,3730513,470
269569741,19.028,44.7292,423,32603,0.0272952,0.01,1,3730985,3730562,423
269572661,35.8112,19.0917,468,32668,0.0889181,0.03,1,3731032,3730564,468
269584341,44.976,48.3831,424,32926,0.0932363,0.01,1,3731156,3730732,424
269587261,44.9904,46.9533,423,32990,0.0552945,0.03,1,3731201,3730778,423
269590181,72.5962,72.7813,424,33054,0.0521178,0.01,1,3731292,3730868,424
269593101,50.6385,51.3125,423,33118,0.0868471,0.01,1,3731328,3730905,423
269596021,37.0554,37.925,422,33182,0.0527388,0.03,1,3731356,3730934,422
269598941,44.8222,44.57,423,33246,0.0270955,0.03,1,3731406,3730983,423
269601861,19.1289,19.028,423,33310,0.0168382,0.13,1,3731408,3730985,423
269604781,38.8515,35.8112,428,33373,0.0487353,0.15,1,3731460,3731032,428
269607701,36.5406,34.1245,430,33436,0.0494941,0.15,1,3731495,3731065,430
269610621,15.8162,14.8498,430,33499,0.0497976,0.17,1,3731497,3731067,430
269613541,24.9265,23.9399,431,33562,0.0619191,0.05,1,3731528,3731097,431
269625221,51.2829,50.6385,425,33814,0.0961931,0.03,1,3731753,3731328,425
269628141,36.1132,37.0554,423,33877,0.0804772,0.01,1,3731779,3731356,423
269651501,41.6641,35.1882,468,34373,0.235809,0.13,1,3732048,3731580,468
269654421,71.2657,39.8753,516,34435,0.268324,0.09,1,3732139,3731623,516
269657341,51.3063,71.7501,461,34496,0.26933,0.09,1,3732177,3731716,461
269660261,37.3225,50.9,452,34557,0.269732,0.07,1,3732205,3731753,452
269663181,43.729,35.96,474,34618,0.269893,0.13,1,3732253,3731779,474
269666101,18.6916,43.784,427,34679,0.281957,0.13,1,3732255,3731828,427
269669021,38.6766,18.7136,477,34740,0.286783,0.11,1,3732307,3731830,477
269671941,38.8707,39.2854,463,34801,0.252713,0.11,1,3732346,3731883,463
269674861,16.7483,37.3142,429,34862,0.239085,0.11,1,3732348,3731919,429
269677781,27.0993,16.1257,461,34923,0.209634,0.17,1,3732382,3731921,461
269683621,43.8159,42.6601,475,35044,0.248341,0.27,1,3732482,3732007,475
269686541,73.3264,41.664,527,35104,0.285337,0.29,1,3732575,3732048,527
269706981,16.0421,38.8707,434,35524,0.404865,0.23,1,3732780,3732346,434
269709901,25.6168,16.7483,464,35584,0.407946,0.19,1,3732812,3732348,464
269712821,45.0467,27.0993,488,35643,0.445178,0.17,1,3732870,3732382,488
269759541,50.0757,49.662,449,36580,0.785508,0.59,2,3733497,3733048,449
269762461,37.4303,37.2648,449,36638,0.800203,0.57,2,3733526,3733077,449
269765381,46.1721,45.5059,450,36696,0.818081,0.57,2,3733578,3733128,450
269768301,19.6688,19.4024,450,36754,0.849232,0.63,2,3733580,3733130,450
269771221,42.0675,40.1609,453,36811,0.861693,0.67,2,3733637,3733184,453
269774141,38.427,37.6644,453,36868,0.854677,0.67,2,3733673,3733220,453
269777061,16.5708,16.2658,453,36925,0.851871,0.63,2,3733675,3733222,453
269779981,25.8283,25.7063,453,36982,0.862748,0.69,2,3733707,3733254,453
269782901,48.7313,48.0825,454,37039,0.867099,0.69,2,3733771,3733317,454
269785821,20.6925,20.433,454,37096,0.88084,0.69,2,3733773,3733319,454
269937661,68.0608,74.512,489,39950,0.834928,1,2,3735833,3735344,489
269955181,28.5846,30.0427,518,40268,0.433582,1,1,3736019,3735501,518
269966861,28.327,34.1147,498,40476,0.417612,0.92,1,3736150,3735652,498
269993141,27.112,29.4614,473,40944,0.422728,0.37,1,3736464,3735991,473
270004821,27.7517,33.3174,465,41149,0.44767,0.43,1,3736590,3736125,465
270007741,26.7007,28.327,466,41200,0.437068,0.37,1,3736616,3736150,466
270010661,31.0803,28.1308,472,41251,0.444827,0.39,1,3736650,3736178,472
270071981,23.9309,22.6409,452,42312,0.753856,0.69,2,3737332,3736880,452
270074901,27.5723,25.8564,454,42362,0.775542,0.65,2,3737362,3736908,454
270077821,33.8289,34.3425,452,42412,0.808217,0.65,2,3737400,3736948,452
270080741,28.5316,28.137,453,42462,0.833287,0.69,2,3737425,3736972,453
270083661,35.4126,34.6548,454,42512,0.855315,0.65,2,3737465,3737011,454
270086581,27.3651,27.0619,454,42562,0.888126,0.69,2,3737487,3737033,454
270092421,31.4984,30.8499,455,42662,0.8945,0.67,2,3737549,3737094,455
270491001,53.3542,87.5277,502,26740,0.8476,1,2,3744294,3743792,502
270549401,42.4595,41.4187,451,28282,0.750351,0.59,2,3745298,3744847,451
270552321,36.1838,35.7675,451,28357,0.78614,0.59,2,3745330,3744879,451
270555241,60.6735,14.307,528,28432,0.800456,0.63,2,3745407,3744879,528
270558161,44.0694,52.5228,483,28506,0.806183,0.61,2,3745440,3744957,483
270561081,56.0278,40.2091,515,28580,0.844473,0.61,2,3745504,3744989,515
270564001,36.2111,55.6836,472,28654,0.871789,0.61,2,3745527,3745055,472
270566921,70.2844,34.2735,545,28728,0.870716,0.69,2,3745620,3745075,545
270569841,47.3138,67.7094,487,28802,0.870286,0.69,2,3745652,3745165,487
270572761,63.3255,46.2838,529,28876,0.894115,0.75,2,3745726,3745197,529
270686641,57.6273,45.5881,536,31609,0.787354,1,2,3747631,3747095,536
270704161,49.4913,38.1929,528,32009,0.236123,1,1,3747902,3747374,528
270712921,40.2954,56.4203,498,32207,0.0931119,0.89,1,3748027,3747529,498
270715841,50.3182,43.5681,520,32273,0.0672447,0.69,1,3748084,3747564,520
270718761,40.5273,57.6273,487,32339,0.0808979,0.63,1,3748118,3747631,487
270721681,36.0109,43.4509,486,32404,0.0863592,0.57,1,3748151,3747665,486
270727521,42.8417,58.5521,478,32534,0.0942175,0.31,1,3748250,3747772,478
270730441,35.1367,46.8209,469,32599,0.055687,0.25,1,3748280,3747811,469
270733361,45.2547,39.7283,486,32664,0.0762748,0.19,1,3748332,3747846,486
270736281,32.5019,49.4913,454,32729,0.0605099,0.15,1,3748356,3747902,454
270739201,14.2007,36.5965,428,32794,0.090204,0.09,1,3748358,3747930,428
270768401,33.4435,32.5019,427,33433,0.228751,0.11,1,3748783,3748356,427
270771321,14.5774,14.2007,427,33496,0.217501,0.21,1,3748785,3748358,427
270774241,46.631,44.6803,430,33559,0.249,0.15,1,3748853,3748423,430
270777161,35.4524,35.2721,429,33622,0.2736,0.17,1,3748881,3748452,429
270780081,48.381,48.9089,428,33685,0.24744,0.13,1,3748938,3748510,428
270783001,40.9524,41.1635,428,33748,0.296976,0.15,1,3748974,3748546,428
270794681,35.6564,35.7722,430,33998,0.416035,0.21,1,3749138,3748708,430
270797601,44.2626,43.1089,432,34060,0.424414,0.25,1,3749188,3748756,432
270850161,35.8632,42.1954,480,35161,0.783262,0.59,2,3749889,3749409,480
270853081,56.3453,34.8782,520,35221,0.823305,0.59,2,3749959,3749439,520
270856001,46.5381,55.9513,490,35281,0.851322,0.65,2,3749999,3749509,490
270858921,36.6152,45.7805,481,35341,0.874529,0.61,2,3750029,3749548,481
270861841,46.4461,36.3122,504,35401,0.883811,0.63,2,3750082,3749578,504
270864761,35.9784,45.1249,482,35461,0.875525,0.67,2,3750111,3749629,482
270867681,15.5914,34.85,456,35521,0.87221,0.67,2,3750113,3749657,456
270870601,50.6366,15.14,528,35581,0.894884,0.73,2,3750187,3749659,528
271019521,30.1853,30.9354,508,38493,0.868,1,2,3752158,3751650,508
271022441,36.0741,33.3742,513,38548,0.8692,1,2,3752198,3751685,513
271025361,36.6296,40.3497,505,38603,0.80968,1,2,3752235,3751730,505
271042881,34.6908,37.7786,482,38930,0.268232,1,1,3752473,3751991,482
271051641,33.2282,35.6578,476,39092,0.203167,1,1,3752574,3752098,476
271092521,28.1364,27.6913,429,39842,0.228477,0.17,1,3753027,3752598,429
271095441,25.6545,26.6765,427,39895,0.217391,0.07,1,3753051,3752624,427
271098361,29.4618,31.6706,424,39948,0.248956,0.13,1,3753083,3752659,424
271101281,33.3847,33.6682,425,40001,0.261583,0.09,1,3753119,3752694,425
271104201,25.9539,26.6673,424,40054,0.278633,0.13,1,3753140,3752716,424
271121721,28.7249,29.8341,456,40370,0.417023,0.19,1,3753359,3752903,456
271124641,36.6899,28.7336,470,40422,0.436809,0.17,1,3753401,3752931,470
271218081,34.5071,33.7789,457,42060,0.792857,0.71,2,3754454,3753997,457
271221001,27.0028,26.7116,457,42110,0.815143,0.67,2,3754476,3754019,457
271223921,49.2011,50.2846,455,42160,0.872057,0.67,2,3754540,3754085,455
271226841,36.4805,36.9139,455,42210,0.894823,0.67,2,3754568,3754113,455
271558261,168.18,179.036,494,21997,0.24808,0.95,1,3758310,3757816,494
271564101,88.8288,95.0058,486,22189,0.0648928,0.55,1,3758460,3757974,486
271569941,67.2526,82.5209,461,22380,0.0955829,0.21,1,3758600,3758139,461
271572861,47.901,66.6084,440,22475,0.0802331,0.19,1,3758635,3758195,440
271575781,36.5604,38.6433,449,22569,0.0980933,0.27,1,3758664,3758215,449
271587461,82.6415,70.0133,513,22943,0.206943,0.13,1,3758973,3758460,513
271590381,65.4566,79.6053,481,23035,0.220777,0.09,1,3759027,3758546,481
271593301,46.5826,64.2421,461,23127,0.226311,0.07,1,3759061,3758600,461
271596221,37.2331,46.6968,457,23219,0.240524,0.11,1,3759092,3758635,457
271599141,55.6932,36.0787,496,23310,0.25821,0.13,1,3759160,3758664,496
271610821,66.2305,82.6292,486,23672,0.411202,0.23,1,3759459,3758973,486
271613741,46.8922,65.4517,466,23762,0.422481,0.23,1,3759493,3759027,466
271616661,38.5569,46.5807,465,23851,0.426992,0.25,1,3759526,3759061,465
271619581,56.8228,37.2323,503,23940,0.428797,0.27,1,3759595,3759092,503
271625421,56.3716,68.4772,438,24117,0.439407,0.37,1,3759675,3759237,438
271657541,67.9833,66.2238,450,25067,0.775779,0.63,2,3760352,3759902,450
271660461,48.1933,46.8895,451,25152,0.784311,0.65,2,3760387,3759936,451
271663381,39.6773,38.5558,452,25236,0.811725,0.61,2,3760421,3759969,452
271666301,59.0709,58.0223,453,25320,0.85869,0.61,2,3760493,3760040,453
271669221,24.8284,24.4089,453,25404,0.877476,0.65,2,3760495,3760042,453
271672141,56.1313,55.3636,454,25487,0.89699,0.65,2,3760572,3760118,454
271675061,70.4525,22.1454,534,25570,0.880796,0.67,2,3760652,3760118,534
271677981,89.381,56.8582,556,25653,0.898318,0.77,2,3760754,3760198,556
271911581,42.3124,48.9123,511,31580,0.882255,1,2,3764874,3764363,511
271914501,54.1249,47.7649,526,31647,0.850902,1,2,3764936,3764410,526
271917421,40.25,48.506,508,31714,0.838361,0.97,2,3764967,3764459,508
271920341,59.3,39.2024,547,31781,0.797344,0.97,2,3765039,3764492,547
271923261,60.92,60.681,534,31848,0.804938,0.94,2,3765101,3764567,534
271926181,43.568,63.8724,500,31914,0.795975,0.99,2,3765133,3764633,500
271929101,35.4272,44.749,498,31980,0.81639,0.91,2,3765163,3764665,498
271932021,28.5709,37.6996,489,32046,0.800556,0.97,2,3765187,3764698,489
271934941,49.2284,28.8798,529,32112,0.854222,0.89,2,3765250,3764721,529
271937861,50.8913,49.9519,517,32178,0.899689,0.89,2,3765302,3764785,517
271940781,42.5565,51.7808,501,32244,0.881876,0.87,2,3765339,3764838,501
271943701,53.6226,42.3123,526,32310,0.89875,0.83,2,3765400,3764874,526
272054661,40.2778,46.4568,515,34709,0.86944,1,2,3767063,3766548,515
272057581,33.5111,40.7827,507,34770,0.845776,1,2,3767092,3766585,507
272060501,37.4044,31.3131,522,34831,0.77631,1,2,3767132,3766610,522
272075101,37.007,48.7536,506,35133,0.401866,1,1,3767323,3766817,506
272078021,58.6028,38.1014,548,35193,0.286746,1,1,3767396,3766848,548
272080941,65.4411,60.8406,542,35253,0.204699,0.94,1,3767466,3766924,542
272089701,29.5082,40.2778,489,35433,0.0791007,0.83,1,3767552,3767063,489
272092621,32.8033,33.5111,495,35493,0.0616403,0.73,1,3767587,3767092,495
272095541,33.5213,37.4044,489,35553,0.0546561,0.53,1,3767621,3767132,489
272098461,35.6085,38.9618,486,35612,0.0518624,0.49,1,3767658,3767172,486
272101381,29.2434,38.9847,472,35671,0.038745,0.51,1,3767683,3767211,472
272104301,12.8974,31.7939,447,35730,0.033498,0.45,1,3767685,3767238,447
272107221,33.3589,44.5176,441,35789,0.0433992,0.35,1,3767732,3767291,441
272110141,28.9436,37.007,435,35848,0.0233597,0.21,1,3767758,3767323,435
272113061,51.7774,58.6028,429,35907,0.0513439,0.15,1,3767825,3767396,429
272115981,62.111,65.4411,428,35966,0.0385376,0.15,1,3767894,3767466,428
272118901,43.4444,44.1764,429,36025,0.069415,0.09,1,3767925,3767496,429
272121821,34.1778,36.2706,426,36084,0.081766,0.05,1,3767953,3767527,426
272124741,28.0711,29.5082,425,36143,0.0627064,0.05,1,3767977,3767552,425
272127661,32.2284,32.8033,425,36201,0.0790826,0.05,1,3768012,3767587,425
272130581,32.0914,33.5213,423,36259,0.097633,0.05,1,3768044,3767621,423
272148101,51.867,51.7774,424,36607,0.227903,0.03,1,3768249,3767825,424
272151021,62.1468,62.111,424,36665,0.277161,0.09,1,3768318,3767894,424
272186061,64.9315,48.6828,505,37351,0.410213,0.31,1,3768754,3768249,505
272188981,43.9726,60.8731,466,37408,0.446085,0.33,1,3768784,3768318,466
272270741,33.43,33.7855,455,38957,0.773626,0.67,2,3769773,3769318,455
272273661,33.772,33.9142,455,39011,0.78345,0.69,2,3769807,3769352,455
272276581,36.3088,35.7657,456,39065,0.78738,0.73,2,3769845,3769389,456
272279501,29.5235,29.3063,456,39119,0.800952,0.69,2,3769870,3769414,456
272282421,13.0094,12.9225,456,39173,0.830381,0.67,2,3769872,3769416,456
272285341,35.2038,35.769,455,39227,0.842152,0.69,2,3769922,3769467,455
272288261,33.2815,32.9076,456,39281,0.846861,0.69,2,3769954,3769498,456
272291181,14.5126,14.363,456,39335,0.848744,0.73,2,3769956,3769500,456
272294101,50.205,50.1452,456,39389,0.885498,0.75,2,3770030,3769574,456
272443021,24.9098,28.0235,496,42035,0.855681,1,2,3771849,3771353,496
272445941,25.5639,28.6094,493,42085,0.858272,1,2,3771875,3771382,493
272454701,51.6281,48.439,493,42235,0.896129,1,2,3772056,3771563,493
272457621,33.8512,37.3756,485,42285,0.856452,0.97,2,3772078,3771593,485
272460541,33.3405,26.3502,499,42335,0.780581,1,2,3772111,3771612,499
272498501,29.6315,33.8512,458,42978,0.757142,0.73,2,3772536,3772078,458
272501421,32.2526,33.3405,459,43027,0.764857,0.73,2,3772570,3772111,459
272504341,32.701,13.3362,492,43076,0.755943,0.69,2,3772603,3772111,492
272507261,31.6804,26.9345,487,43125,0.752377,0.73,2,3772634,3772147,487
272510181,20.4722,29.3738,469,43174,0.774951,0.67,2,3772647,3772178,469
272513101,24.9889,20.1495,483,43223,0.80798,0.73,2,3772675,3772192,483
272516021,32.7955,24.8598,493,43272,0.809192,0.71,2,3772713,3772220,493
272518941,30.5182,33.3439,483,43321,0.833677,0.69,2,3772742,3772259,483
272521861,22.4073,29.5376,473,43370,0.831471,0.67,2,3772759,3772286,473
272524781,22.1629,21.415,479,43419,0.842588,0.73,2,3772781,3772302,479
272527701,25.0652,22.966,482,43468,0.859035,0.71,2,3772808,3772326,482
272530621,32.2261,24.7864,493,43517,0.853614,0.65,2,3772845,3772352,493
272533541,72.8904,32.1146,556,43565,0.875446,0.75,2,3772945,3772389,556
272536461,47.1562,70.4458,490,43613,0.896178,0.75,2,3772975,3772485,490
272737941,230.288,260.182,470,20440,0.2644,1,1,3775343,3774873,470
272743781,94.446,81.3491,513,21370,0.091504,0.63,1,3775472,3774959,513
272746701,64.7784,86.5397,468,21469,0.0786016,0.37,1,3775517,3775049,468
272749621,59.5114,77.2159,453,21568,0.0494406,0.31,1,3775573,3775120,453
272752541,39.4045,50.6863,446,21666,0.0257763,0.21,1,3775599,3775153,446
272755461,33.1618,36.4745,448,21764,0.0403105,0.11,1,3775628,3775180,448
272758381,98.4647,48.1898,534,21861,0.0461242,0.03,1,3775770,3775236,534
272761301,71.1859,116.476,425,21958,0.0484497,0.07,1,3775823,3775398,425
272764221,71.6744,90.9904,423,22055,0.0373799,0.07,1,3775895,3775472,423
272767141,55.6697,63.3961,423,22151,0.056952,0.03,1,3775940,3775517,423
272772981,37.7072,39.1834,422,22342,0.0943123,0.05,1,3776021,3775599,422
272778821,99.0331,98.4293,424,22532,0.05229,0.05,1,3776194,3775770,424
272781741,69.6133,39.3717,474,22626,0.050916,0.05,1,3776244,3775770,474
272784661,71.6453,47.5487,494,22720,0.0503664,0.03,1,3776317,3775823,494
272787581,56.8581,62.2195,469,22813,0.0621466,0.07,1,3776364,3775895,469
272790501,56.3432,51.8878,480,22906,0.0788586,0.13,1,3776420,3775940,480
272793421,38.7373,53.7551,452,22999,0.0735435,0.09,1,3776447,3775995,452
272796341,31.6949,37.102,453,23091,0.0834174,0.13,1,3776474,3776021,453
272799261,97.878,32.8408,565,23183,0.0393669,0.01,1,3776616,3776051,565
272802181,69.7512,98.9363,473,23274,0.0337468,0.05,1,3776667,3776194,473
272805101,71.7005,69.5745,496,23365,0.0674987,0.05,1,3776740,3776244,496
272828461,56.5838,71.7005,426,24081,0.265986,0.13,1,3777166,3776740,426
272845981,69.3134,69.3985,430,24604,0.402034,0.17,1,3777519,3777089,430
272878101,56.8169,24.0681,499,25536,0.754475,0.55,2,3778101,3777602,499
272881021,59.3268,40.2272,509,25619,0.77579,0.57,2,3778162,3777653,509
272883941,40.5307,52.0909,477,25702,0.784316,0.61,2,3778190,3777713,477
272886861,32.4123,37.0364,477,25784,0.799726,0.61,2,3778217,3777740,477
272889781,98.7649,30.4145,594,25866,0.805891,0.71,2,3778360,3777766,594
272892701,71.906,96.1658,508,25948,0.820356,0.71,2,3778414,3777906,508
272895621,29.9624,70.8663,456,26030,0.826142,0.71,2,3778416,3777960,456
272898541,66.585,29.5465,545,26111,0.804457,0.75,2,3778507,3777962,545
272901461,59.634,64.0186,513,26192,0.807783,0.77,2,3778562,3778049,513
272904381,59.8536,56.8074,521,26273,0.833113,0.79,2,3778622,3778101,521
272907301,40.7414,59.323,488,26354,0.855245,0.79,2,3778650,3778162,488
272910221,33.0966,40.5292,488,26434,0.876098,0.81,2,3778678,3778190,488
273029941,68.9958,55.7031,547,29539,0.804023,1,2,3780935,3780388,547
273082501,46.951,46.7271,446,30802,0.78089,0.51,2,3781723,3781277,446
273085421,45.1804,43.2908,449,30871,0.810356,0.57,2,3781767,3781318,449
273088341,60.0722,59.9163,448,30940,0.834142,0.55,2,3781837,3781389,448
273091261,51.6289,52.1665,447,31008,0.867657,0.55,2,3781883,3781436,447
273094181,44.6515,44.2666,448,31076,0.881063,0.59,2,3781923,3781475,448
273097101,38.2606,36.3066,451,31144,0.886425,0.61,2,3781957,3781506,451
273102941,23.4017,22.6091,453,31280,0.882228,0.67,2,3782008,3781555,453
273105861,60.3607,9.04362,538,31348,0.874891,0.77,2,3782093,3781555,538
273108781,49.9443,51.0175,502,31415,0.871956,0.75,2,3782136,3781634,502
273243101,49.2868,32.1949,541,34375,0.897232,1,2,3784193,3783652,541
273246021,50.3147,51.278,528,34437,0.808893,1,2,3784244,3783716,528
273260621,51.8272,36.7545,534,34742,0.297291,1,1,3784462,3783928,534
273266461,35.4124,43.3207,506,34864,0.0547666,0.98,1,3784536,3784030,506
273269381,34.5649,34.7283,511,34925,0.0399066,1,1,3784570,3784059,511
273272301,36.626,37.2913,510,34986,0.0459626,0.85,1,3784608,3784098,510
273275221,41.0504,37.7165,516,35046,0.0363851,0.89,1,3784652,3784136,516
273278141,47.6202,49.2866,511,35106,0.044554,0.75,1,3784704,3784193,511
273281061,43.6481,50.3146,501,35166,0.0478216,0.55,1,3784745,3784244,501
273283981,31.8592,50.1259,475,35226,0.0371286,0.45,1,3784769,3784294,475
273286901,34.3437,38.0503,481,35286,0.0328515,0.43,1,3784805,3784324,481
273289821,32.3375,37.4201,475,35346,0.0431406,0.35,1,3784836,3784361,475
273292741,44.735,39.5681,487,35406,0.0352562,0.23,1,3784889,3784402,487
273295661,44.294,51.8272,471,35466,0.0561025,0.03,1,3784933,3784462,471
273298581,32.7176,49.5309,448,35526,0.022441,0,1,3784958,3784510,448
273301501,33.487,35.4124,456,35586,0.0389764,0.03,1,3784992,3784536,456
273304421,36.1948,34.5649,460,35645,0.0815906,0.05,1,3785030,3784570,460
273333621,32.907,32.7176,424,36234,0.0981064,0.05,1,3785382,3784958,424
273336541,34.1628,33.487,425,36292,0.0572425,0.11,1,3785417,3784992,425
273339461,37.6651,36.1948,427,36350,0.052897,0.15,1,3785457,3785030,427
273342381,16.266,15.6779,427,36408,0.0751588,0.11,1,3785459,3785032,427
273345301,32.3064,32.0712,427,36466,0.0960635,0.15,1,3785502,3785075,427
273354061,32.2356,31.1406,430,36640,0.225748,0.19,1,3785622,3785192,430
273356981,33.8942,34.0562,429,36698,0.228299,0.13,1,3785657,3785228,429
273359901,33.3577,33.4225,429,36756,0.24132,0.11,1,3785690,3785261,429
273362821,43.9431,45.169,427,36813,0.246528,0.15,1,3785741,3785314,427
273365741,42.7772,43.2676,427,36870,0.248611,0.07,1,3785783,3785356,427
273368661,32.1109,32.907,426,36927,0.261444,0.03,1,3785808,3785382,426
273371581,32.0444,34.1628,423,36984,0.242578,0.05,1,3785840,3785417,423
273374501,37.4177,37.6651,424,37041,0.235031,0.09,1,3785881,3785457,424
273377421,16.1671,16.266,424,37098,0.208012,0.11,1,3785883,3785459,424
273380341,33.4668,32.3064,426,37155,0.221205,0.11,1,3785928,3785502,426
273383261,46.3867,12.9226,481,37212,0.214482,0.15,1,3785983,3785502,481
273386181,44.9547,36.969,472,37269,0.235793,0.23,1,3786027,3785555,472
273389101,33.5819,39.9876,456,37326,0.256317,0.25,1,3786053,3785597,456
273392021,35.0328,30.995,467,37383,0.264527,0.23,1,3786089,3785622,467
273394941,33.8131,33.398,465,37440,0.291811,0.25,1,3786122,3785657,465
273409541,37.4618,32.0393,472,37720,0.423612,0.23,1,3786312,3785840,472
273412461,16.1847,37.4157,433,37776,0.415445,0.19,1,3786314,3785881,433
273415381,32.8739,16.1663,475,37832,0.412178,0.23,1,3786358,3785883,475
273418301,47.3496,33.4665,487,37888,0.410871,0.21,1,3786415,3785928,487
273421221,45.9398,46.3866,477,37944,0.422348,0.25,1,3786460,3785983,477
273424141,34.5759,44.9546,460,38000,0.426939,0.27,1,3786487,3786027,460
273427061,35.4304,33.5819,470,38056,0.428776,0.27,1,3786523,3786053,470
273429981,35.1721,35.0327,469,38112,0.44151,0.31,1,3786558,3786089,469
273485461,16.7025,16.4871,446,39150,0.77222,0.53,2,3787201,3786755,446
273488381,34.281,32.9948,448,39204,0.806888,0.55,2,3787247,3786799,448
273491301,49.1124,47.3979,450,39258,0.808755,0.59,2,3787306,3786856,450
273494221,47.845,46.5592,451,39312,0.821502,0.59,2,3787353,3786902,451
273497141,20.338,19.8237,451,39366,0.802601,0.63,2,3787355,3786904,451
273500061,23.7352,23.5295,451,39420,0.83104,0.67,2,3787381,3786930,451
273502981,34.6941,32.2118,455,39474,0.866416,0.67,2,3787423,3786968,455
273672341,32.3307,32.1096,492,42464,0.843952,1,2,3789496,3789004,492
273675261,35.1323,33.8439,494,42514,0.775581,1,2,3789533,3789039,494
273692781,33.3326,35.9076,484,42811,0.265405,1,1,3789748,3789264,484
273701541,32.3013,36.6661,471,42958,0.0820259,1,1,3789841,3789370,471
273704461,30.9205,32.6664,471,43007,0.0508104,1,1,3789871,3789400,471
273707381,29.1682,13.0666,499,43056,0.0263241,0.97,1,3789899,3789400,499
273710301,28.4673,23.2266,497,43105,0.0285297,0.89,1,3789927,3789430,497
273713221,28.7869,29.6907,492,43154,0.0294119,0.79,1,3789956,3789464,492
273716141,34.3148,31.0763,498,43203,0.0297647,0.73,1,3789994,3789496,498
273719061,34.1259,34.6305,495,43252,0.0659059,0.71,1,3790028,3789533,495
273721981,29.2504,34.2522,487,43301,0.0563624,0.71,1,3790054,3789567,487
273724901,24.9001,31.1009,480,43350,0.0525449,0.55,1,3790076,3789596,480
273727821,32.7601,31.0404,487,43399,0.075018,0.49,1,3790114,3789627,487
273730741,39.504,38.8161,487,43448,0.0600072,0.27,1,3790158,3789671,487
273733661,27.2016,47.3265,453,43497,0.0660029,0.19,1,3790177,3789724,453
273736581,25.2806,33.3306,453,43546,0.0924012,0.09,1,3790201,3789748,453
273745341,30.394,32.3012,452,43690,0.0992737,0.03,1,3790293,3789841,452
273748261,28.3576,30.9205,449,43738,0.0697095,0.01,1,3790320,3789871,449
273751181,28.743,29.1682,450,43786,0.0338838,0.03,1,3790349,3789899,450
273754101,28.2972,28.4673,450,43834,0.0555535,0.03,1,3790377,3789927,450
273757021,34.1189,28.7869,459,43882,0.0282214,0.03,1,3790415,3789956,459
273759941,35.2476,34.3148,457,43930,0.0292886,0.09,1,3790451,3789994,457
273762861,29.699,34.1259,449,43978,0.0537154,0.05,1,3790477,3790028,449
273765781,25.0796,29.2504,445,44026,0.0754862,0.05,1,3790499,3790054,445
273768701,33.4318,24.9001,462,44074,0.0961945,0.09,1,3790538,3790076,462
273771621,39.7727,32.7601,468,44122,0.0924778,0.05,1,3790582,3790114,468
273794981,13.0135,28.743,426,44504,0.0820914,0.07,1,3790775,3790349,426
273803741,35.1529,35.2476,425,44645,0.0491738,0.07,1,3790876,3790451,425
273806661,30.2611,29.699,426,44692,0.0736695,0.09,1,3790903,3790477,426
273809581,25.3045,25.0796,426,44739,0.0834678,0.11,1,3790925,3790499,426
273812501,34.7218,33.4318,428,44786,0.0753871,0.09,1,3790966,3790538,428
273844621,29.0553,30.8822,424,45303,0.217542,0.01,1,3791262,3790838,424
273847541,34.4221,35.1529,424,45350,0.237017,0.09,1,3791300,3790876,424
273850461,29.9689,30.2611,424,45397,0.232807,0.09,1,3791327,3790903,424
273853381,25.1875,25.3045,424,45443,0.243123,0.07,1,3791349,3790925,424
273856301,35.275,34.7218,425,45489,0.259249,0.15,1,3791391,3790966,425
273876741,25.9288,26.0992,427,45811,0.425989,0.17,1,3791597,3791170,427
273879661,27.7715,27.2397,428,45857,0.428395,0.17,1,3791626,3791198,428
273885501,22.9234,21.6384,430,45949,0.439343,0.17,1,3791658,3791228,430
273888421,30.1694,8.65534,465,45995,0.445737,0.25,1,3791693,3791228,465
273897181,26.2188,29.1379,454,46133,0.444447,0.25,1,3791781,3791327,454
273900101,37.4875,24.8552,477,46179,0.423779,0.27,1,3791826,3791349,477
273984781,27.7254,29.7468,455,47486,0.797787,0.67,2,3792656,3792201,455
273987701,24.2902,25.0987,455,47530,0.817115,0.67,2,3792678,3792223,455
273990621,36.7161,37.0395,455,47574,0.848846,0.63,2,3792723,3792268,455
273993541,45.8864,47.2158,453,47618,0.861538,0.67,2,3792775,3792322,453
274005221,34.0547,31.9719,459,47794,0.894647,0.73,2,3792894,3792435,459
274228601,80.7702,82.4396,510,23721,0.294947,0.91,1,3795324,3794814,510
274231521,74.9081,82.7759,498,23810,0.267979,0.79,1,3795395,3794897,498
274234441,60.5632,70.9103,486,23899,0.269192,0.61,1,3795446,3794960,486
274237361,41.6253,58.9641,464,23988,0.269677,0.57,1,3795475,3795011,464
274240281,30.4501,38.5857,462,24076,0.281871,0.43,1,3795498,3795036,462
274243201,34.98,49.0343,444,24164,0.298748,0.29,1,3795536,3795092,444
274254881,70.7307,72.1177,433,24513,0.424432,0.27,1,3795828,3795395,433
274257801,58.8923,59.4471,433,24599,0.427773,0.27,1,3795879,3795446,433
274298681,70.7151,63.953,520,25779,0.760143,0.51,2,3796643,3796123,520
274301601,72.686,69.3812,521,25861,0.802057,0.53,2,3796717,3796196,521
274304521,63.2744,72.1525,504,25943,0.806823,0.61,2,3796774,3796270,504
274307441,45.7098,60.661,485,26025,0.808729,0.67,2,3796808,3796323,485
274310361,33.2839,42.8644,479,26106,0.809492,0.67,2,3796833,3796354,479
274313281,36.7136,31.5458,494,26187,0.821797,0.69,2,3796872,3796378,494
274316201,68.0854,35.4183,545,26268,0.850719,0.73,2,3796961,3796416,545
274319121,67.4342,66.9673,524,26349,0.886287,0.77,2,3797028,3796504,524
274418401,73.0023,39.7601,566,28955,0.8812,1,2,3798858,3798292,566
274421321,50.2009,69.304,512,29028,0.79048,1,2,3798893,3798381,512
274438841,38.5309,46.0361,506,29463,0.294077,0.95,1,3799199,3798693,506
274441761,33.4124,37.0144,505,29535,0.243631,1,1,3799229,3798724,505
274444681,63.7649,37.0058,552,29607,0.223452,0.81,1,3799313,3798761,552
274447601,44.706,73.0023,487,29678,0.215381,0.73,1,3799345,3798858,487
274450521,32.2824,50.2009,476,29749,0.260152,0.57,1,3799369,3798893,476
274453441,56.113,36.8804,520,29820,0.266061,0.41,1,3799441,3798921,520
274456361,23.6452,58.5521,449,29891,0.268424,0.45,1,3799443,3798994,449
274465121,42.5293,46.8273,435,30103,0.405259,0.29,1,3799601,3799166,435
274470961,31.1647,33.4124,433,30243,0.404441,0.21,1,3799662,3799229,433
274476801,45.5464,44.706,435,30383,0.404311,0.29,1,3799780,3799345,435
274479721,32.0185,32.2824,434,30453,0.431724,0.27,1,3799803,3799369,434
274482641,57.2074,56.113,436,30522,0.43069,0.27,1,3799877,3799441,436
274485561,24.083,23.6452,436,30591,0.430276,0.33,1,3799879,3799443,436
274520601,54.1716,48.2533,499,31412,0.758116,0.59,2,3800452,3799953,499
274523521,44.4686,49.9013,486,31479,0.789246,0.55,2,3800490,3800004,486
274526441,38.7874,42.7605,483,31546,0.765699,0.59,2,3800525,3800042,483
274529361,32.915,36.3042,480,31613,0.792279,0.67,2,3800554,3800074,480
274532281,63.566,31.3217,536,31680,0.802912,0.65,2,3800638,3800102,536
274535201,47.6264,63.5287,488,31747,0.807165,0.63,2,3800675,3800187,488
274538121,32.2506,47.0115,474,31814,0.808866,0.63,2,3800697,3800223,474
274541041,59.7002,32.0046,530,31881,0.869546,0.69,2,3800775,3800245,530
274543961,25.0801,57.8018,457,31947,0.893818,0.69,2,3800777,3800320,457
274546881,57.432,24.3207,534,32013,0.891527,0.73,2,3800856,3800322,534
274549801,56.5728,55.9283,513,32079,0.878611,0.79,2,3800912,3800399,513
274694341,131.466,155.814,498,15606,0.20296,0.65,1,3803220,3802722,498
274706021,107.876,137.165,428,16144,0.260412,0.13,1,3803581,3803153,428
274717701,64.8112,64.8602,432,16663,0.424795,0.19,1,3803878,3803446,432
274743981,83.0466,98.7529,520,17777,0.777055,0.61,2,3804714,3804194,520
274746901,68.6186,82.1012,508,17896,0.772822,0.63,2,3804773,3804265,508
274749821,113.247,66.4405,595,18015,0.819129,0.71,2,3804916,3804321,595
274752741,46.499,109.976,458,18133,0.837651,0.71,2,3804918,3804460,458
274755661,61.7996,87.7905,457,18250,0.869061,0.75,2,3804990,3804533,457
274822821,70.9536,114.558,517,20758,0.8596,1,2,3806838,3806321,517
274825741,48.1814,65.6231,517,20860,0.76984,1,2,3806871,3806354,517
274837421,59.5822,72.9599,481,21264,0.250924,0.89,1,3807135,3806654,481
274843261,61.0132,70.9536,459,21463,0.0941478,0.71,1,3807297,3806838,459
274846181,43.0053,48.1814,457,21562,0.0676591,0.39,1,3807328,3806871,457
274849101,79.0021,89.4726,443,21660,0.0810637,0.39,1,3807431,3806988,443
274852021,47.8008,54.389,439,21758,0.0744255,0.27,1,3807458,3807019,439
274869541,78.5794,79.0021,424,22336,0.229996,0.07,1,3807855,3807431,424
274872461,47.0318,47.8008,423,22431,0.241999,0.13,1,3807881,3807458,423
274875381,47.0127,45.5203,426,22526,0.234799,0.13,1,3807928,3807502,426
274878301,56.0051,18.2081,488,22620,0.26792,0.13,1,3807990,3807502,488
274889981,79.9665,42.7493,535,22993,0.407131,0.25,1,3808288,3807753,535
274892901,47.5866,78.2997,459,23085,0.444852,0.25,1,3808314,3807855,459
274898741,57.6539,46.968,497,23268,0.441976,0.29,1,3808425,3807928,497
274901661,98.0615,55.9872,560,23359,0.446791,0.33,1,3808550,3807990,560
274933781,79.3431,82.7639,448,24338,0.777603,0.57,2,3809179,3808731,448
274936701,49.1373,49.3056,450,24425,0.797041,0.59,2,3809208,3808758,450
274939621,47.8549,47.3222,451,24512,0.804816,0.61,2,3809255,3808804,451
274942541,57.542,56.7289,452,24598,0.807927,0.65,2,3809319,3808867,452
274945461,101.617,100.092,454,24684,0.809171,0.65,2,3809450,3808996,454
274948381,41.8467,41.2366,454,24770,0.809668,0.71,2,3809452,3808998,454
274951301,41.9387,39.8946,457,24856,0.857867,0.71,2,3809494,3809037,457
274954221,37.1755,36.3579,457,24941,0.865147,0.83,2,3809528,3809071,457
275068101,106.148,111.13,482,28063,0.822654,1,2,3811834,3811352,482
275088541,39.6718,48.4579,510,28586,0.261098,1,1,3812104,3811594,510
275094381,95.3875,56.4733,594,28734,0.227776,0.73,1,3812289,3811695,594
275097301,57.355,105.989,487,28808,0.25311,0.67,1,3812321,3811834,487
275100221,40.942,62.1957,484,28881,0.263244,0.57,1,3812351,3811867,484
275103141,33.7768,44.6783,480,28954,0.231298,0.51,1,3812380,3811900,480
275106061,30.9107,37.6713,476,29027,0.206519,0.47,1,3812409,3811933,476
275108981,44.1643,34.8685,496,29100,0.208608,0.27,1,3812462,3811966,496
275114821,38.7463,42.179,471,29246,0.216977,0.23,1,3812537,3812066,471
275117741,49.0985,39.6716,489,29318,0.272791,0.15,1,3812593,3812104,489
275123581,60.5358,95.3875,468,29462,0.416847,0.27,1,3812757,3812289,468
275126501,38.6143,57.355,460,29534,0.448739,0.27,1,3812781,3812321,460
275181981,62.5124,61.9179,454,30866,0.787539,0.69,2,3813655,3813201,454
275184901,40.005,39.7672,454,30935,0.801016,0.69,2,3813680,3813226,454
275187821,35.202,35.1069,454,31003,0.806406,0.65,2,3813712,3813258,454
275190741,30.8808,30.8427,454,31071,0.796562,0.67,2,3813740,3813286,454
275193661,44.7523,44.1371,455,31139,0.804625,0.69,2,3813794,3813339,455
275196581,40.7009,39.8548,456,31207,0.83185,0.69,2,3813832,3813376,456
275199501,17.4804,17.1419,456,31275,0.81874,0.67,2,3813834,3813378,456
275202421,34.5921,36.2568,453,31343,0.837496,0.67,2,3813880,3813427,453
275205341,49.2369,14.5027,512,31411,0.868998,0.69,2,3813939,3813427,512
275208261,101.295,40.0011,591,31478,0.869599,0.75,2,3814075,3813484,591
275325061,35.8891,33.2273,494,34062,0.86728,1,2,3815802,3815308,494
275327981,37.1557,41.4909,485,34124,0.796912,1,2,3815840,3815355,485
275339661,38.9384,40.0046,501,34372,0.240865,1,1,3816047,3815546,501
275348421,45.3561,35.2963,524,34556,0.0814153,0.95,1,3816171,3815647,524
275351341,38.5424,46.5185,504,34617,0.0385661,1,1,3816205,3815701,504
275354261,31.017,39.6074,495,34678,0.0814265,0.93,1,3816231,3815736,495
275357181,29.2068,32.643,495,34739,0.0985706,0.81,1,3816259,3815764,495
275383461,40.9341,45.356,462,35283,0.216737,0.01,1,3816633,3816171,462
275386381,30.7736,38.5424,452,35343,0.260695,0.11,1,3816657,3816205,452
275389301,29.7095,31.017,455,35403,0.266278,0.11,1,3816686,3816231,455
275392221,31.0838,29.2068,459,35463,0.292511,0.13,1,3816718,3816259,459
275415581,43.402,43.8352,432,35937,0.410113,0.23,1,3817026,3816594,432
275418501,41.9608,40.9341,434,35996,0.422045,0.29,1,3817067,3816633,434
275421421,32.3843,30.7736,436,36055,0.426818,0.27,1,3817093,3816657,436
275424341,30.9537,29.7095,437,36114,0.404727,0.31,1,3817123,3816686,437
275427261,31.5815,31.0838,437,36173,0.407891,0.31,1,3817155,3816718,437
275430181,29.4326,29.2335,437,36231,0.433156,0.31,1,3817183,3816746,437
275433101,71.773,70.4934,439,36289,0.443263,0.35,1,3817283,3816844,439
275494421,30.8638,31.5921,479,37493,0.757192,0.57,2,3818013,3817534,479
275497341,32.1455,30.6368,482,37549,0.776877,0.59,2,3818046,3817564,482
275500261,30.8582,32.0547,479,37605,0.796751,0.65,2,3818076,3817597,479
275503181,74.1433,29.6219,554,37661,0.8047,0.67,2,3818179,3817625,554
275506101,51.2573,73.0488,488,37717,0.80788,0.67,2,3818215,3817727,488
275509021,21.7029,50.8195,454,37773,0.809152,0.67,2,3818217,3817763,454
275511941,23.0812,21.5278,476,37829,0.809661,0.63,2,3818241,3817765,476
275514861,34.4325,23.0111,494,37885,0.809864,0.65,2,3818283,3817789,494
275517781,37.173,32.6044,494,37941,0.845946,0.73,2,3818322,3817828,494
275520701,43.6692,35.2418,505,37997,0.872378,0.71,2,3818370,3817865,505
275523621,45.0677,43.4967,502,38053,0.894951,0.73,2,3818416,3817914,502
275672541,29.0103,30.2551,515,40787,0.88216,1,2,3820283,3819768,515
275675461,33.8041,35.502,513,40839,0.826864,1,2,3820320,3819807,513
275678381,35.7216,35.2008,515,40891,0.768746,1,2,3820357,3819842,515
275760141,19.8483,22.8698,434,42311,0.402508,0.31,1,3821248,3820814,434
275763061,29.5393,28.9479,437,42361,0.443003,0.33,1,3821284,3820847,437
275827301,29.2474,34.9915,472,43445,0.757316,0.59,2,3822022,3821550,472
275830221,29.099,28.3966,477,43494,0.776926,0.59,2,3822051,3821574,477
275833141,28.4396,27.5586,478,43543,0.78477,0.63,2,3822079,3821601,478
275836061,30.5758,27.8235,482,43591,0.787908,0.61,2,3822111,3821629,482
275838981,13.4303,30.9294,451,43639,0.789163,0.61,2,3822113,3821662,451
275841901,19.7721,13.5718,473,43687,0.789665,0.61,2,3822137,3821664,473
275844821,30.7089,19.8287,487,43735,0.801866,0.57,2,3822175,3821688,487
275847741,33.2835,30.7315,484,43783,0.806746,0.61,2,3822210,3821726,484
275850661,33.7134,30.8926,487,43831,0.808699,0.65,2,3822244,3821757,487
275853581,54.2854,31.557,523,43879,0.833479,0.73,2,3822312,3821789,523
275856501,50.5141,52.2228,505,43927,0.843392,0.71,2,3822360,3821855,505
275859421,32.2057,50.2891,476,43975,0.847357,0.71,2,3822380,3821904,476
275862341,35.6823,32.1156,494,44023,0.860943,0.73,2,3822418,3821924,494
275865261,37.6729,35.0463,496,44071,0.878377,0.75,2,3822457,3821961,496
276079881,84.1117,95.5286,463,21469,0.0907815,0.09,1,3824890,3824427,463
276100321,67.2918,68.1176,427,22151,0.211584,0.17,1,3825317,3824890,427
276103241,68.3167,67.4471,429,22247,0.222634,0.15,1,3825386,3824957,429
276106161,74.7267,74.3788,429,22342,0.263053,0.15,1,3825465,3825036,429
276109081,35.8907,35.7515,429,22437,0.255221,0.13,1,3825475,3825046,429
276112001,38.3563,38.9006,428,22532,0.276089,0.13,1,3825515,3825087,428
276114921,69.9425,15.5602,519,22626,0.284435,0.15,1,3825606,3825087,519
276126601,75.5281,67.7087,512,22999,0.42733,0.29,1,3825898,3825386,512
276164561,64.5845,69.8128,450,24169,0.75433,0.61,2,3826639,3826189,450
276167481,68.4338,70.5251,450,24257,0.787732,0.59,2,3826710,3826260,450
276170401,76.5735,76.81,451,24344,0.825093,0.59,2,3826792,3826341,451
276173321,38.4294,37.924,452,24431,0.828037,0.67,2,3826805,3826353,452
276176241,42.3718,39.7696,456,24518,0.829215,0.75,2,3826850,3826394,456
276179161,73.3487,70.5078,459,24604,0.865686,0.75,2,3826944,3826485,459
276182081,30.5395,29.4031,459,24690,0.880274,0.73,2,3826946,3826487,459
276185001,63.8158,63.9613,458,24776,0.86211,0.77,2,3827032,3826574,458
276295961,47.1435,43.1726,499,27840,0.851536,1,2,3829221,3828722,499
276298881,36.2574,38.8691,492,27916,0.790614,1,2,3829250,3828758,492
276357281,42.7934,50.7884,485,29395,0.754195,0.51,2,3830255,3829770,485
276360201,53.7173,43.7154,507,29467,0.787678,0.57,2,3830316,3829809,507
276363121,41.2869,52.2861,482,29539,0.813071,0.63,2,3830349,3829867,482
276366041,75.3148,40.1145,548,29611,0.847228,0.63,2,3830447,3829899,548
276368961,46.9259,73.6458,480,29682,0.860891,0.63,2,3830475,3829995,480
276371881,63.7704,46.2583,527,29753,0.830357,0.65,2,3830550,3830023,527
276374801,44.1081,62.3033,485,29824,0.842143,0.67,2,3830581,3830096,485
276377721,18.8433,43.5213,456,29895,0.846857,0.73,2,3830583,3830127,456
276380641,25.5373,34.2085,458,29966,0.860743,0.75,2,3830613,3830155,458
276383561,48.6149,51.4834,459,30037,0.866297,0.77,2,3830677,3830218,459
276386481,42.246,42.7934,460,30107,0.892519,0.81,2,3830715,3830255,460
276482841,77.3413,40.7231,571,32345,0.893139,1,2,3832321,3831750,571
276485761,51.9365,76.8893,505,32410,0.831255,1,2,3832356,3831851,505
276500361,37.3344,32.0469,516,32735,0.445168,1,1,3832568,3832052,516
276509121,49.6454,55.883,491,32928,0.248091,1,1,3832680,3832189,491
276512041,36.0582,40.3532,488,32992,0.225236,0.83,1,3832707,3832219,488
276520801,53.0917,63.3746,452,33184,0.0552151,0.63,1,3832879,3832427,452
276523721,41.0367,46.3498,450,33248,0.0760861,0.53,1,3832912,3832462,450
276526641,34.4147,38.3399,447,33312,0.0604344,0.39,1,3832942,3832495,447
276529561,29.9659,36.336,439,33375,0.0781738,0.43,1,3832969,3832530,439
276541241,46.1655,49.6454,431,33627,0.241473,0.21,1,3833111,3832680,431
276544161,32.2662,36.0582,427,33690,0.246589,0.15,1,3833134,3832707,427
276547081,62.7065,64.8233,426,33753,0.248636,0.11,1,3833217,3832791,426
276550001,41.2826,42.7293,425,33816,0.249454,0,1,3833244,3832819,425
276552921,50.713,53.0917,422,33879,0.261782,0.09,1,3833301,3832879,422
276555841,42.4852,41.0367,426,33941,0.254713,0.05,1,3833338,3832912,426
276558761,33.7941,34.4147,424,34003,0.287885,0.09,1,3833366,3832942,424
276593801,30.5116,33.7721,462,34742,0.401961,0.33,1,3833828,3833366,462
276596721,35.0047,29.7088,473,34803,0.406784,0.33,1,3833866,3833393,473
276599641,29.0019,34.6835,460,34864,0.408714,0.33,1,3833891,3833431,460
276602561,24.8007,28.2734,458,34925,0.409485,0.29,1,3833913,3833455,458
276605481,50.7203,25.1094,503,34986,0.445794,0.31,1,3833981,3833478,503
276649281,41.3716,42.2461,450,35881,0.758103,0.61,2,3834565,3834115,450
276652201,53.7486,52.8984,452,35940,0.753241,0.65,2,3834627,3834175,452
276655121,45.4994,43.3594,455,35999,0.775296,0.67,2,3834667,3834212,455
276658041,35.5998,34.1438,456,36058,0.796119,0.67,2,3834696,3834240,456
276660961,31.0399,31.0575,455,36117,0.804447,0.65,2,3834724,3834269,455
276663881,36.416,35.823,456,36176,0.819779,0.69,2,3834764,3834308,456
276666801,28.9664,28.7292,456,36234,0.849912,0.69,2,3834788,3834332,456
276669721,24.7866,24.6917,456,36292,0.837965,0.69,2,3834810,3834354,456
276865361,37.9215,37.3382,488,40005,0.886385,1,2,3837403,3836915,488
276868281,40.9686,41.3353,487,40058,0.864554,1,2,3837446,3836959,487
276871201,38.5874,16.5341,524,40111,0.771822,0.99,2,3837483,3836959,524
276891641,36.3479,36.5727,510,40478,0.277342,0.96,1,3837739,3837229,510
276894561,32.5392,36.2291,504,40530,0.212937,1,1,3837769,3837265,504
276917921,38.7629,33.414,497,40946,0.234537,0.57,1,3838047,3837550,497
276920841,30.5052,43.9656,471,40998,0.243815,0.51,1,3838072,3837601,471
276923761,30.8021,33.1862,476,41049,0.247526,0.43,1,3838103,3837627,476
276926681,34.5208,33.6745,479,41100,0.26101,0.31,1,3838140,3837661,479
276929601,31.8083,39.8698,465,41151,0.278404,0.21,1,3838170,3837705,465
276947121,32.2323,36.3002,459,41457,0.405821,0.17,1,3838366,3837907,459
276955881,23.5909,30.9072,432,41610,0.444293,0.27,1,3838435,3838003,432
276958801,37.6363,38.7629,435,41661,0.447717,0.25,1,3838482,3838047,435
277002601,29.5713,28.8545,445,42414,0.762082,0.51,2,3838950,3838505,445
277005521,31.0285,30.7418,445,42464,0.790833,0.51,2,3838982,3838537,445
277008441,35.2114,33.8967,447,42514,0.826333,0.53,2,3839020,3838573,447
277011361,35.6846,34.5587,448,42564,0.816533,0.59,2,3839056,3838608,448
277014281,33.4738,32.4235,449,42614,0.824613,0.61,2,3839088,3838639,449
277017201,28.3895,27.3694,450,42664,0.827845,0.55,2,3839113,3838663,450
277020121,40.7558,40.9478,449,42713,0.817138,0.55,2,3839162,3838713,449
277023041,30.7023,30.7791,449,42762,0.836855,0.57,2,3839186,3838737,449
277025961,37.4809,36.9116,450,42811,0.820742,0.59,2,3839228,3838778,450
277028881,34.7924,32.7647,453,42860,0.838297,0.65,2,3839261,3838808,453
277031801,37.9169,36.5059,454,42909,0.857319,0.65,2,3839301,3838847,454
277034721,16.3668,15.8023,454,42958,0.840927,0.65,2,3839303,3838849,454
277037641,25.1467,24.3209,455,43007,0.846371,0.65,2,3839334,3838879,455
277040561,40.6587,9.72837,506,43056,0.848548,0.77,2,3839385,3838879,506
277043481,31.8635,32.0914,485,43105,0.873419,0.79,2,3839411,3838926,485
277046401,31.9454,27.2365,493,43154,0.871368,0.81,2,3839443,3838950,493
277049321,35.5782,30.0946,499,43203,0.870547,0.85,2,3839481,3838982,499
277052241,35.8313,34.8378,497,43252,0.882219,0.81,2,3839517,3839020,497
277055161,34.1325,35.5351,494,43301,0.874888,0.83,2,3839550,3839056,494
277058081,28.653,33.4141,487,43350,0.859955,0.83,2,3839575,3839088,487
277061001,40.2612,28.3656,510,43399,0.865982,0.81,2,3839623,3839113,510
277063921,30.5045,40.7462,485,43448,0.868393,0.85,2,3839647,3839162,485
277066841,37.4018,30.6985,503,43497,0.881357,0.81,2,3839689,3839186,503
277069761,34.7607,37.4794,494,43546,0.898543,0.85,2,3839722,3839228,494
277285841,29.7194,33.2234,509,46993,0.884536,1,2,3842108,3841599,509
277288761,32.2878,31.8893,512,47038,0.887815,1,2,3842142,3841630,512
277291681,32.1151,36.1557,505,47083,0.853126,1,2,3842174,3841669,505
277294601,34.446,31.2623,513,47128,0.85125,1,2,3842210,3841697,513
277297521,34.1784,35.3049,509,47173,0.8385,1,2,3842244,3841735,509
277300441,31.6714,33.922,506,47218,0.8334,1,2,3842274,3841768,506
277303361,32.4685,30.9688,510,47263,0.79536,1,2,3842307,3841797,510
277306281,31.5874,33.3875,506,47308,0.804144,0.94,2,3842338,3841832,506
277309201,25.235,31.355,497,47353,0.819658,1,2,3842359,3841862,497
277312121,13.694,26.942,479,47398,0.849863,1,2,3842365,3841886,479
277315041,25.2776,23.3768,491,47442,0.801945,1,2,3842398,3841907,491
277317961,21.511,30.3507,475,47486,0.818778,0.95,2,3842417,3841942,475
277320881,29.0044,32.5403,475,47530,0.813511,0.97,2,3842451,3841976,475
277323801,31.4018,34.6161,472,47574,0.811404,0.93,2,3842484,3842012,472
277326721,33.5607,34.2464,473,47618,0.846562,0.88,2,3842519,3842046,473
277329641,30.8243,35.2986,466,47662,0.848625,0.87,2,3842548,3842082,466
277332561,29.7297,29.7194,469,47706,0.87345,0.89,2,3842577,3842108,469
277335481,29.2919,32.2878,464,47750,0.88338,0.83,2,3842606,3842142,464
277338401,31.5168,32.1151,465,47794,0.899352,0.85,2,3842639,3842174,465
277677121,87.4546,72.8032,504,24178,0.069232,0.84,1,3846228,3845724,504
277680041,72.7818,66.9213,504,24266,0.0456928,0.57,1,3846291,3845787,504
277682961,55.5127,76.5685,465,24353,0.0842771,0.43,1,3846335,3845870,465
277685881,38.4051,61.8274,440,24440,0.0517108,0.37,1,3846362,3845922,440
277688801,35.162,35.531,455,24527,0.0746843,0.29,1,3846395,3845940,455
277694641,60.5859,60.405,453,24699,0.0971495,0.09,1,3846507,3846054,453
277700481,66.5737,88.8648,423,24871,0.0599439,0.03,1,3846651,3846228,423
277703401,65.6295,73.3459,425,24956,0.0659776,0.11,1,3846716,3846291,425
277706321,53.2518,55.7384,426,25041,0.044391,0.03,1,3846761,3846335,426
277709241,35.1007,38.4953,422,25126,0.0477564,0.09,1,3846784,3846362,422
277712161,37.4403,35.1981,428,25210,0.0971026,0.13,1,3846823,3846395,428
277723841,63.0177,29.3747,484,25544,0.207398,0.03,1,3847073,3846589,484
277726761,64.2071,48.9499,487,25627,0.208959,0.07,1,3847138,3846651,487
277732601,34.2731,50.432,444,25792,0.205033,0.05,1,3847205,3846761,444
277744281,77.0486,60.0383,516,26119,0.228497,0.19,1,3847449,3846933,516
277747201,64.4194,75.0153,487,26200,0.241399,0.23,1,3847505,3847018,487
277750121,64.1678,63.0061,496,26281,0.29456,0.21,1,3847569,3847073,496
277761801,35.9627,39.509,464,26602,0.416933,0.17,1,3847712,3847248,464
277764721,62.9851,36.8036,510,26682,0.448773,0.21,1,3847793,3847283,510
277805601,49.5408,48.4789,448,27772,0.795616,0.53,2,3848502,3848054,448
277808521,33.0163,32.5916,448,27848,0.828247,0.57,2,3848524,3848076,448
277811441,41.4065,40.0366,450,27924,0.829299,0.57,2,3848571,3848121,450
277814361,36.9626,36.4146,450,28000,0.865719,0.69,2,3848605,3848155,450
277817281,67.585,64.9659,454,28076,0.844288,0.65,2,3848693,3848239,454
277820201,79.234,78.1863,454,28151,0.871715,0.67,2,3848780,3848326,454
277934081,82.5158,72.3428,500,30948,0.862,1,2,3850762,3850262,500
277954521,33.6666,26.7448,528,31423,0.423991,1,1,3851011,3850483,528
277983721,33.6361,31.6656,479,32089,0.406057,0.39,1,3851455,3850976,479
277986641,48.8545,33.6662,503,32155,0.432423,0.37,1,3851514,3851011,503
278030441,40.2936,39.4827,451,33128,0.764223,0.61,2,3852178,3851727,451
278033361,43.7174,42.7931,452,33192,0.779689,0.63,2,3852224,3851772,452
278036281,34.887,33.3172,454,33256,0.773876,0.63,2,3852253,3851799,454
278039201,31.9548,31.9269,453,33320,0.79555,0.61,2,3852283,3851830,453
278042121,29.5819,30.1708,452,33383,0.80422,0.63,2,3852311,3851859,452
278045041,34.0328,33.6683,453,33446,0.807688,0.63,2,3852348,3851895,453
278047961,14.8131,14.6673,453,33509,0.833075,0.67,2,3852350,3851897,453
278050881,42.5252,42.4669,453,33572,0.85523,0.71,2,3852411,3851958,453
278193961,59.679,52.421,493,36530,0.896253,1,2,3854531,3854038,493
278196881,43.6716,38.9684,496,36588,0.868501,1,2,3854564,3854068,496
278199801,41.4686,45.5874,486,36646,0.8574,1,2,3854604,3854118,486
278202721,42.3875,42.8349,488,36704,0.82896,1,2,3854647,3854159,488
278205641,34.355,32.134,492,36762,0.793584,1,2,3854676,3854184,492
278208561,32.942,31.4536,493,36819,0.791434,1,2,3854708,3854215,493
278211481,31.1768,34.7814,486,36876,0.802573,1,2,3854738,3854252,486
278214401,31.0707,33.7126,484,36933,0.831029,0.98,2,3854769,3854285,484
278217321,25.0283,26.085,484,36990,0.842412,1,2,3854790,3854306,484
278220241,44.2113,48.234,478,37047,0.858965,0.86,2,3854847,3854369,478
278223161,35.6845,38.4936,476,37104,0.865586,0.95,2,3854877,3854401,476
278231921,41.8358,46.1916,497,37275,0.898997,0.85,2,3855028,3854531,497
278234841,38.3343,38.2766,500,37332,0.893599,0.85,2,3855064,3854564,500
278237761,41.7337,39.3107,504,37389,0.89144,0.81,2,3855108,3854604,504
278240681,33.4935,41.5243,489,37446,0.890576,0.77,2,3855136,3854647,489
278415881,48.1027,46.8529,518,40690,0.897328,1,2,3857412,3856894,518
278418801,42.0411,38.5412,523,40742,0.820931,1,2,3857450,3856927,523
278442161,33.9241,28.1188,515,41155,0.213678,1,1,3857713,3857198,515
278448001,41.3078,31.979,526,41257,0.0881886,0.98,1,3857792,3857266,526
278450921,39.9231,46.3916,509,41308,0.0532754,0.96,1,3857831,3857322,509
278453841,42.3693,40.7566,516,41359,0.0513102,0.85,1,3857875,3857359,516
278456761,36.1477,48.1027,495,41410,0.0385241,0.77,1,3857907,3857412,495
278459681,39.6591,42.0411,499,41461,0.0694096,0.69,1,3857949,3857450,499
278462601,33.8636,46.2164,480,41512,0.0817638,0.53,1,3857979,3857499,480
278465521,14.7455,38.2866,449,41563,0.0867055,0.47,1,3857981,3857532,449
278468441,24.4982,35.1146,447,41614,0.0646822,0.55,1,3858012,3857565,447
278471361,21.1993,27.8459,443,41665,0.0798729,0.41,1,3858031,3857588,443
278474281,28.2797,30.9383,443,41716,0.0739492,0.33,1,3858064,3857621,443
278477201,20.9119,26.7753,435,41767,0.0715797,0.31,1,3858080,3857645,435
278480121,25.1648,29.3101,432,41818,0.0706319,0.13,1,3858108,3857676,432
278483041,31.0659,33.9241,430,41868,0.0582527,0.15,1,3858143,3857713,430
278485961,28.6264,32.7696,425,41918,0.0773011,0.03,1,3858170,3857745,425
278488881,39.6505,41.3078,425,41968,0.0609204,0.03,1,3858217,3857792,425
278491801,38.6602,39.9231,424,42018,0.0423682,0.05,1,3858255,3857831,424
278494721,40.6641,42.3693,422,42068,0.0469473,0.03,1,3858297,3857875,422
278497641,36.0656,36.1477,423,42118,0.0607789,0.09,1,3858330,3857907,423
278500561,40.8263,39.6591,425,42168,0.0903116,0.09,1,3858374,3857949,425
278512241,20.2308,21.1993,423,42368,0.200024,0.07,1,3858454,3858031,423
278515161,29.0923,28.2797,425,42418,0.20601,0.07,1,3858489,3858064,425
278518081,21.2369,20.9119,425,42468,0.208404,0.07,1,3858505,3858080,425
278521001,24.0948,25.1648,423,42518,0.233362,0.05,1,3858531,3858108,423
278523921,30.0379,31.0659,422,42568,0.231345,0.09,1,3858565,3858143,422
278526841,31.2152,28.6264,427,42618,0.230538,0.05,1,3858597,3858170,427
278529761,37.6861,39.6505,422,42668,0.230215,0.03,1,3858639,3858217,422
278532681,38.4744,38.6602,423,42717,0.218086,0.05,1,3858678,3858255,423
278535601,39.9898,40.6641,422,42766,0.213234,0.07,1,3858719,3858297,422
278550201,26.1692,25.0769,430,43011,0.200856,0.21,1,3858867,3858437,430
278573561,37.698,37.6614,468,43403,0.215639,0.21,1,3859107,3858639,468
278576481,39.6792,38.4646,470,43452,0.224256,0.21,1,3859148,3858678,470
278579401,33.8717,39.9858,459,43501,0.239702,0.15,1,3859178,3858719,459
278582321,43.5487,35.7943,476,43550,0.257881,0.17,1,3859228,3858752,476
278588161,16.0878,36.8071,431,43646,0.294461,0.19,1,3859263,3858832,431
278591081,26.8351,15.9228,463,43694,0.267784,0.21,1,3859297,3858834,463
278594001,21.534,26.1691,448,43742,0.269114,0.17,1,3859315,3858867,448
278596921,29.0136,21.8677,463,43790,0.281646,0.17,1,3859349,3858886,463
278599841,21.2054,29.1471,445,43838,0.298658,0.17,1,3859365,3858920,445
278614441,40.3221,37.245,471,44078,0.400892,0.25,1,3859540,3859069,471
278617361,40.7288,37.698,474,44126,0.418357,0.23,1,3859581,3859107,474
278620281,34.2915,39.6792,463,44174,0.437343,0.25,1,3859611,3859148,463
278675761,27.0427,25.7227,447,45072,0.767673,0.53,2,3860177,3859730,447
278678681,23.4171,21.6891,449,45119,0.769069,0.59,2,3860198,3859749,449
278681601,32.1668,29.6756,452,45166,0.817628,0.59,2,3860236,3859784,452
278684521,14.0667,13.0702,452,45213,0.837051,0.61,2,3860238,3859786,452
278687441,15.2267,14.8281,452,45260,0.85682,0.61,2,3860254,3859802,452
278690361,21.6907,21.5312,452,45307,0.888728,0.63,2,3860280,3859828,452
278693281,30.2763,29.6125,453,45354,0.889491,0.65,2,3860316,3859863,453
278696201,31.3105,30.445,454,45400,0.889796,0.67,2,3860348,3859894,454
278699121,39.5242,38.578,455,45446,0.889919,0.65,2,3860393,3859938,455
278906441,321.14,338.5,489,21900,0.766,0.65,2,3862742,3862253,489
278967761,81.618,74.8375,530,23035,0.769406,0.55,2,3863864,3863334,530
278970681,88.4472,79.135,541,23127,0.793762,0.63,2,3863957,3863416,541
278973601,58.1789,85.054,490,23219,0.803505,0.61,2,3863995,3863505,490
278976521,65.8716,57.4216,522,23310,0.831402,0.65,2,3864066,3863544,522
278979441,35.9486,65.5686,467,23401,0.854561,0.61,2,3864082,3863615,467
278982361,47.3794,35.8275,506,23492,0.887824,0.69,2,3864137,3863631,506
279067041,69.0191,57.7454,557,25982,0.871531,1,2,3865969,3865412,557
279069961,49.8077,72.2982,512,26064,0.774612,0.93,2,3866006,3865494,512
279084561,90.4198,79.7983,572,26468,0.445318,1,1,3866326,3865754,572
279087481,57.7679,93.1193,506,26548,0.400127,0.99,1,3866362,3865856,506
279090401,63.9072,60.0477,536,26628,0.274051,0.79,1,3866430,3865894,536
279093321,45.3629,69.0191,494,26708,0.25962,0.71,1,3866463,3865969,494
279096241,36.7451,49.8076,488,26787,0.229848,0.71,1,3866494,3866006,488
279099161,33.2981,41.5231,483,26866,0.205939,0.65,1,3866525,3866042,483
279119601,42.8063,45.3629,432,27413,0.213788,0.21,1,3866895,3866463,432
279122521,35.1225,36.7451,431,27490,0.211515,0.19,1,3866925,3866494,431
279125441,32.649,33.2981,431,27567,0.210606,0.19,1,3866956,3866525,431
279128361,14.2596,14.5192,431,27644,0.234242,0.17,1,3866958,3866527,431
279131281,40.5038,41.8077,429,27721,0.267697,0.17,1,3867016,3866587,429
279134201,66.0015,67.1231,428,27797,0.293079,0.17,1,3867099,3866671,428
279157561,40.8727,40.5038,434,28401,0.413447,0.29,1,3867450,3867016,434
279160481,67.3491,16.2015,519,28476,0.447379,0.31,1,3867535,3867016,519
279210121,41.6246,15.5899,510,29714,0.753436,0.59,2,3868343,3867833,510
279213041,68.2498,41.636,537,29785,0.799374,0.59,2,3868429,3867892,537
279215961,28.4999,68.8544,452,29856,0.81775,0.61,2,3868431,3867979,452
279218881,69.6,85.7418,452,29927,0.8731,0.61,2,3868528,3868076,452
279221801,53.64,58.2967,455,29998,0.87124,0.67,2,3868571,3868116,455
279344441,41.8892,60.227,501,32830,0.8524,1,2,3870551,3870050,501
279347361,32.3557,43.2908,495,32894,0.81496,1,2,3870577,3870082,495
279350281,31.5423,41.3163,486,32958,0.775984,1,2,3870608,3870122,486
279367801,63.5756,63.5191,484,33342,0.436025,1,1,3870902,3870418,484
279370721,42.2302,45.8076,478,33405,0.40841,0.91,1,3870930,3870452,478
279373641,49.8921,59.723,464,33468,0.409364,0.79,1,3870985,3870521,464
279376561,36.7568,41.8892,462,33531,0.421746,0.79,1,3871013,3870551,462
279437881,50.1264,40.4253,503,34831,0.772735,0.59,2,3871874,3871371,503
279440801,39.2506,49.1701,480,34892,0.783094,0.55,2,3871906,3871426,480
279443721,30.1002,38.868,472,34953,0.787238,0.55,2,3871930,3871458,472
279446641,30.0401,29.9472,478,35013,0.764895,0.59,2,3871960,3871482,478
279449561,36.616,28.7789,491,35073,0.755958,0.61,2,3872001,3871510,491
279452481,32.6464,35.5116,481,35133,0.764383,0.61,2,3872031,3871550,481
279455401,27.4586,32.2046,475,35193,0.767753,0.61,2,3872055,3871580,475
279458321,56.5834,27.2818,527,35253,0.805101,0.65,2,3872131,3871604,527
279461241,48.4334,55.3127,496,35313,0.820041,0.67,2,3872174,3871678,496
279464161,63.7733,46.7251,529,35373,0.838016,0.75,2,3872248,3871719,529
279467081,43.5093,61.29,488,35433,0.845206,0.77,2,3872278,3871790,488
279470001,51.0037,41.316,516,35493,0.872083,0.79,2,3872334,3871818,516
279472921,39.6015,50.1264,492,35553,0.894833,0.79,2,3872366,3871874,492
279598481,50.5489,26.5912,544,38024,0.894436,1,2,3874011,3873467,544
279601401,38.8195,53.2365,504,38080,0.795775,1,2,3874042,3873538,504
279651041,41.1254,41.9762,452,39011,0.755275,0.61,2,3874713,3874261,452
279653961,34.4501,35.3905,451,39065,0.75211,0.59,2,3874743,3874292,451
279656881,35.3801,36.3562,450,39119,0.786844,0.53,2,3874779,3874329,450
279659801,23.152,22.9425,451,39173,0.812738,0.59,2,3874794,3874343,451
279662721,21.2608,21.177,451,39227,0.823095,0.61,2,3874814,3874363,451
279665641,23.5043,21.6708,454,39281,0.839238,0.63,2,3874839,3874385,454
279668561,13.0017,12.8683,453,39335,0.821695,0.59,2,3874845,3874392,453
279671481,19.6007,20.7473,451,39389,0.826678,0.63,2,3874869,3874418,451
279674401,45.6403,44.8989,453,39443,0.852671,0.65,2,3874932,3874479,453
279677321,32.6561,32.9596,452,39497,0.875068,0.75,2,3874956,3874504,452
279915301,325.829,366.293,469,18980,0.41656,0.65,1,3877882,3877413,469
279921141,124.013,140.687,458,19925,0.0750496,0.07,1,3878045,3877587,458
279924061,98.205,95.8748,473,20031,0.0360198,0.11,1,3878126,3877653,473
279926981,79.482,88.7499,456,20137,0.0144079,0,1,3878193,3877737,456
279929901,66.5928,75.7,447,20242,0.0237632,0.05,1,3878251,3877804,447
279932821,47.0371,55.48,439,20347,0.00950527,0.07,1,3878285,3877846,439
279935741,72.8149,43.792,493,20451,0.00980211,0.01,1,3878375,3877882,493
279938661,84.9259,60.7168,514,20555,0.0219208,0.01,1,3878468,3877954,514
279941581,81.9704,78.8867,503,20658,0.0267683,0.01,1,3878548,3878045,503
279944501,73.5882,80.1547,490,20761,0.0167073,0,1,3878616,3878126,490
279947421,64.2353,72.2619,481,20863,0.0246829,0.03,1,3878674,3878193,481
279950341,45.4941,63.7048,456,20965,0.00987317,0,1,3878707,3878251,456
279953261,19.3976,45.8819,424,21066,0.0219493,0.01,1,3878709,3878285,424
279956181,61.1591,72.3528,423,21167,0.0867797,0.03,1,3878798,3878375,423
279959101,79.6636,84.7411,422,21267,0.0407119,0.03,1,3878890,3878468,422
279962021,80.4654,81.8964,423,21367,0.0462848,0.01,1,3878971,3878548,423
279964941,72.9862,73.5586,423,21466,0.0485139,0.03,1,3879039,3878616,423
279967861,63.9945,64.2234,423,21565,0.0254056,0,1,3879097,3878674,423
279970781,45.3978,45.4894,423,21663,0.0281622,0.03,1,3879130,3878707,423
279973701,19.3591,19.3957,423,21761,0.0112649,0.13,1,3879132,3878709,423
279976621,63.5436,61.1583,427,21858,0.082506,0.01,1,3879225,3878798,427
279979541,77.6175,79.6633,422,21955,0.0990024,0.05,1,3879312,3878890,422
279982461,79.647,80.4653,422,22052,0.0816009,0.05,1,3879393,3878971,422
279985381,73.2588,72.9861,423,22148,0.0506404,0.01,1,3879462,3879039,423
279988301,63.5035,63.9945,422,22244,0.0262562,0.03,1,3879519,3879097,422
279991221,45.2014,45.3978,422,22339,0.0285025,0,1,3879552,3879130,422
279994141,19.2806,19.3591,422,22434,0.011401,0.13,1,3879554,3879132,422
279997061,67.1122,63.5436,428,22529,0.0465604,0.13,1,3879653,3879225,428
279999981,77.2449,25.4175,512,22623,0.0246242,0.11,1,3879737,3879225,512
280002901,77.098,62.367,502,22717,0.0158497,0.07,1,3879814,3879312,502
280005821,72.2392,73.5468,490,22810,0.0123399,0.03,1,3879883,3879393,490
280008741,63.0957,70.8187,478,22903,0.0229359,0.01,1,3879940,3879462,478
280011661,45.0383,62.5275,454,22996,0.00917438,0.03,1,3879973,3879519,454
280014581,19.2153,44.811,423,23088,0.00966975,0,1,3879975,3879552,423
280017501,68.2861,19.1244,522,23180,0.0458679,0.07,1,3880076,3879554,522
280020421,76.5144,67.0498,505,23271,0.0723472,0.01,1,3880158,3879653,505
280026261,71.0423,77.088,490,23453,0.0847755,0.01,1,3880304,3879814,490
280029181,63.2169,72.2352,479,23543,0.0519102,0.03,1,3880362,3879883,479
280032101,44.4868,63.0941,454,23633,0.0207641,0,1,3880394,3879940,454
280035021,18.9947,45.0376,423,23723,0.0143056,0.01,1,3880396,3879973,423
280037941,69.9979,19.2151,525,23812,0.0717223,0.07,1,3880500,3879975,525
280049621,64.3311,71.0423,427,24166,0.217884,0.03,1,3880731,3880304,427
280052541,58.1325,63.2169,423,24254,0.261154,0,1,3880785,3880362,423
280055461,41.853,44.4868,422,24341,0.278461,0.01,1,3880816,3880394,422
280058381,17.9412,18.9947,422,24428,0.261385,0.11,1,3880818,3880396,422
280064221,80.6306,77.7992,430,24601,0.415022,0.17,1,3881013,3880583,430
280134301,87.5445,72.1055,543,26591,0.7628,0.59,2,3882351,3881808,543
280137221,36.2178,84.6422,452,26671,0.77912,0.59,2,3882353,3881901,452
280140141,64.8871,35.0569,534,26750,0.845648,0.65,2,3882437,3881903,534
280143061,68.5548,62.6228,524,26829,0.896259,0.67,2,3882508,3881984,524
280230661,36.417,39.329,518,29102,0.872917,1,2,3884055,3883537,518
280233581,33.1668,27.1316,530,29175,0.859167,1,2,3884086,3883556,530
280236501,42.0667,26.4526,552,29248,0.805667,1,2,3884134,3883582,552
280239421,79.8267,58.5811,577,29320,0.784267,0.95,2,3884239,3883662,577
280242341,41.5307,82.8324,494,29392,0.787707,1,2,3884255,3883761,494
280245261,58.6123,45.133,544,29464,0.813083,1,2,3884325,3883781,544
280248181,64.8449,58.8532,545,29536,0.871233,1,2,3884394,3883849,545
280251101,67.338,69.1413,538,29608,0.894493,0.89,2,3884463,3883925,538
280332861,54.202,39.2745,549,31547,0.871456,1,2,3885742,3885193,549
280335781,61.2808,58.3098,544,31614,0.786582,1,2,3885808,3885264,544
280391261,30.4191,45.7529,447,32862,0.757902,0.49,2,3886599,3886152,447
280394181,43.9676,50.1012,447,32926,0.789161,0.55,2,3886652,3886205,447
280397101,57.7871,57.2405,452,32990,0.813664,0.61,2,3886719,3886267,452
280400021,65.1148,64.8962,452,33054,0.859466,0.61,2,3886789,3886337,452
280601501,61.9615,13.559,569,37210,0.44462,1,1,3889658,3889089,569
280610261,28.2775,34.1798,494,37381,0.403576,1,1,3889738,3889244,494
280613181,34.111,29.2719,506,37438,0.41943,0.95,1,3889776,3889270,506
280616101,32.2444,35.1088,498,37494,0.425772,0.87,1,3889807,3889309,498
280671581,61.9261,32.8621,527,38550,0.754457,0.53,2,3890547,3890020,527
280674501,39.1704,61.1448,471,38605,0.775783,0.51,2,3890571,3890100,471
280677421,16.8682,39.4579,448,38660,0.796313,0.49,2,3890573,3890125,448
280680341,22.9473,31.3832,449,38715,0.816525,0.57,2,3890600,3890151,449
280683261,24.7789,28.7533,448,38770,0.82461,0.63,2,3890626,3890178,448
280686181,35.1116,34.9013,451,38824,0.839844,0.63,2,3890668,3890217,451
280689101,34.4446,33.1605,453,38878,0.857938,0.65,2,3890702,3890249,453
280878901,345.416,355.057,510,18980,0.814,1,2,3893102,3892592,510
280893501,70.4932,93.9545,474,19533,0.0896761,0.73,1,3893518,3893044,474
280896421,43.1973,57.3818,466,19642,0.0898705,0.69,1,3893543,3893077,466
280902261,60.5516,78.7811,491,19857,0.0875793,0.35,1,3893699,3893208,491
280919781,61.0705,83.3752,469,20490,0.0971325,0.07,1,3894123,3893654,469
280934381,80.7978,39.6858,536,21002,0.277254,0.05,1,3894500,3893964,536
280943141,101.843,107.228,430,21304,0.429344,0.17,1,3894691,3894261,430
280984021,105.616,16.9338,599,22658,0.768901,0.63,2,3895587,3894988,599
280986941,73.4463,94.9735,504,22752,0.81756,0.63,2,3895639,3895135,504
280989861,64.7785,69.1894,511,22845,0.849024,0.67,2,3895698,3895187,511
280992781,40.3114,61.8758,478,22938,0.87361,0.67,2,3895722,3895244,478
280995701,90.5246,39.1503,578,23030,0.871444,0.65,2,3895846,3895268,578
280998621,37.4098,88.8601,458,23122,0.870578,0.71,2,3895848,3895390,458
281001541,44.3639,36.744,505,23214,0.858231,0.77,2,3895897,3895392,505
281080381,53.0327,18.6881,545,25565,0.886071,1,2,3897598,3897053,545
281086221,82.7652,34.7901,593,25731,0.754971,0.99,2,3897738,3897145,593
281100821,41.4699,60.6587,502,26140,0.236988,0.91,1,3898008,3897506,502
281103741,46.588,44.0635,519,26221,0.220795,0.85,1,3898058,3897539,519
281106661,34.2352,53.0254,486,26302,0.202318,0.93,1,3898084,3897598,486
281109581,76.6941,37.4102,564,26383,0.218927,0.65,1,3898189,3897625,564
281112501,45.6776,82.7641,476,26463,0.213571,0.51,1,3898214,3897738,476
281115421,36.2711,51.1056,476,26543,0.235428,0.41,1,3898244,3897768,476
281118341,99.1084,40.8422,583,26623,0.256171,0.23,1,3898385,3897802,583
281130021,19.5676,46.588,433,26940,0.402606,0.19,1,3898491,3898058,433
281132941,22.827,34.2352,432,27019,0.431042,0.23,1,3898516,3898084,432
281167981,37.2129,36.5969,448,27944,0.753346,0.61,2,3899126,3898678,448
281170901,101.885,100.439,450,28020,0.799339,0.59,2,3899271,3898821,450
281173821,58.7541,57.5755,451,28096,0.793735,0.63,2,3899301,3898850,451
281176741,42.7016,41.0302,453,28171,0.803494,0.67,2,3899333,3898880,453
281179661,47.6806,47.0121,453,28246,0.891398,0.63,2,3899384,3898931,453
281299381,68.6881,78.6402,490,31170,0.784432,1,2,3901437,3900947,490
281302301,47.8753,45.8561,500,31238,0.763773,1,2,3901471,3900971,500
281313981,56.4544,90.7275,517,31508,0.442385,1,1,3901683,3901166,517
281357781,62.2009,34.1188,519,32500,0.406275,0.33,1,3902334,3901815,519
281360701,45.2804,64.0475,469,32565,0.40851,0.31,1,3902368,3901899,469
281363621,28.9121,45.419,454,32630,0.409404,0.33,1,3902386,3901932,454
281366541,22.3649,29.5676,453,32695,0.433762,0.29,1,3902404,3901951,453
281404501,36.3111,35.0184,450,33526,0.771579,0.57,2,3902982,3902532,450
281407421,33.1244,32.0074,451,33589,0.782631,0.65,2,3903013,3902562,451
281410341,30.6498,29.6029,452,33652,0.787053,0.65,2,3903042,3902590,452
281413261,38.0599,37.0412,453,33715,0.812821,0.63,2,3903085,3902632,453
281416181,29.624,29.2165,453,33778,0.847128,0.65,2,3903109,3902656,453
281419101,34.0496,33.2866,454,33841,0.824851,0.69,2,3903146,3902692,454
281422021,65.8198,64.3146,456,33903,0.851941,0.67,2,3903233,3902777,456
281424941,45.5279,45.5259,455,33965,0.874776,0.69,2,3903265,3902810,455
281427861,30.2112,29.6103,456,34027,0.88391,0.67,2,3903285,3902829,456
281617661,123.213,104.467,581,17579,0.774191,0.53,2,3906673,3906092,581
281620581,101.485,121.587,535,17700,0.795677,0.59,2,3906760,3906225,535
281623501,77.7941,99.6347,512,17820,0.864271,0.63,2,3906822,3906310,512
281626421,44.3176,75.2539,475,17939,0.891708,0.65,2,3906844,3906369,475
281743221,68.7598,68.6419,496,22182,0.8596,1,2,3909942,3909446,496
281757821,40.6555,21.149,507,22656,0.415871,1,1,3910224,3909717,507
281769501,80.428,69.2918,541,23028,0.430406,0.53,1,3910554,3910013,541
281798701,40.7289,46.2284,482,23933,0.783585,0.53,2,3911112,3910630,482
281801621,17.4916,39.4914,449,24022,0.799434,0.61,2,3911114,3910665,449
281804541,87.3966,94.3965,452,24110,0.769774,0.63,2,3911248,3910796,452
281807461,58.3587,60.5586,453,24198,0.793909,0.69,2,3911287,3910834,453
281810381,67.1435,66.2234,456,24286,0.863564,0.75,2,3911360,3910904,456
281813301,85.0574,82.8894,459,24373,0.879426,0.75,2,3911457,3910998,459
281816221,54.423,53.5558,459,24460,0.88577,0.75,2,3911491,3911032,459
281819141,49.3692,47.8223,461,24547,0.888308,0.81,2,3911537,3911076,461
281822061,40.7477,40.7289,460,24633,0.877323,0.81,2,3911572,3911112,460
281824981,17.4991,17.4916,460,24719,0.872929,0.75,2,3911574,3911114,460
281935941,74.1541,79.4957,487,27790,0.809066,1,2,3913841,3913354,487
281941781,43.7846,40.0793,497,27942,0.41625,1,1,3913920,3913423,497
281947621,42.0455,37.0127,499,28094,0.0990001,0.96,1,3914000,3913501,499
281950541,71.4182,77.2051,486,28169,0.0396,1,1,3914091,3913605,486
281953461,55.5673,66.282,472,28244,0.03384,0.98,1,3914136,3913664,472
281956381,43.2269,48.7128,470,28319,0.031536,0.94,1,3914171,3913701,470
281959301,44.8908,48.8851,467,28394,0.0186144,0.94,1,3914217,3913750,467
281962221,65.3563,19.554,546,28469,0.0494458,0.71,1,3914296,3913750,546
281965141,43.5425,62.4216,484,28543,0.0617783,0.47,1,3914325,3913841,484
281968061,35.417,50.7686,471,28617,0.0547113,0.29,1,3914355,3913884,471
281970981,29.7668,41.9075,461,28691,0.0638845,0.01,1,3914381,3913920,461
281973901,37.1067,38.363,467,28765,0.0315538,0.05,1,3914423,3913956,467
281976821,68.8427,41.7452,513,28839,0.0306215,0,1,3914513,3914000,513
281979741,53.9371,71.2981,466,28912,0.0302486,0.03,1,3914557,3914091,466
281982661,43.1748,55.5192,457,28985,0.0180994,0.03,1,3914593,3914136,457
281985581,44.2699,43.2077,467,29058,0.0372398,0.01,1,3914638,3914171,467
281988501,66.308,44.8831,502,29131,0.0688959,0.07,1,3914719,3914217,502
281991421,43.3232,65.3532,451,29204,0.0935584,0.07,1,3914747,3914296,451
282000181,34.8367,29.7666,463,29420,0.0959877,0.01,1,3914844,3914381,463
282003101,68.5347,37.1066,512,29492,0.0563951,0.03,1,3914935,3914423,512
282006021,53.2139,68.8427,465,29564,0.028558,0.03,1,3914978,3914513,465
282008941,43.4855,53.9371,458,29636,0.0294232,0.01,1,3915015,3914557,458
282011861,43.7942,43.1748,466,29707,0.0297693,0.05,1,3915059,3914593,466
282014781,67.9177,44.2699,505,29778,0.0299077,0.09,1,3915143,3914638,505
282017701,28.3671,66.308,426,29849,0.0299631,0.11,1,3915145,3914719,426
282020621,28.7468,43.3232,427,29920,0.0179852,0.15,1,3915174,3914747,427
282023541,28.8987,34.7293,427,29991,0.0611941,0.09,1,3915203,3914776,427
282026461,32.5595,33.0917,430,30062,0.0424776,0.09,1,3915238,3914808,430
282029381,32.2238,34.8367,426,30132,0.0469911,0.03,1,3915270,3914844,426
282032301,65.6895,68.5347,423,30202,0.0247964,0.01,1,3915358,3914935,423
282035221,51.4758,53.2139,422,30272,0.0399186,0.03,1,3915400,3914978,422
282038141,43.3903,43.4855,423,30342,0.0339674,0.03,1,3915438,3915015,423
282041061,43.7561,43.7942,423,30412,0.055587,0.03,1,3915482,3915059,423
282043981,67.9025,67.9177,423,30482,0.0282348,0.03,1,3915566,3915143,423
282046901,28.361,28.3671,423,30551,0.0412939,0.01,1,3915568,3915145,423
282049821,28.1444,28.7468,422,30620,0.0465176,0.09,1,3915596,3915174,422
282052741,29.8578,28.8987,424,30689,0.096607,0.03,1,3915627,3915203,424
282064421,51.4236,51.4758,422,30964,0.0987131,0.03,1,3915822,3915400,422
282067341,43.3694,43.3903,422,31032,0.0574853,0.07,1,3915860,3915438,422
282070261,43.7478,43.7561,422,31100,0.0409941,0.01,1,3915904,3915482,422
282073181,67.8991,67.9025,422,31168,0.0703976,0.05,1,3915988,3915566,422
282076101,28.3596,28.361,422,31236,0.082159,0.05,1,3915990,3915568,422
282079021,28.7439,28.1444,423,31304,0.0748636,0.05,1,3916019,3915596,423
282081941,31.2975,11.2578,456,31372,0.0839454,0.13,1,3916052,3915596,456
282084861,33.519,23.1031,460,31439,0.0995782,0.15,1,3916087,3915627,460
282119901,63.285,34.4075,509,32237,0.218476,0.15,1,3916631,3916122,509
282122821,50.514,61.163,472,32303,0.23739,0.17,1,3916673,3916201,472
282125741,40.6056,50.2652,463,32368,0.256956,0.11,1,3916707,3916244,463
282128661,43.2422,42.3061,471,32433,0.264782,0.17,1,3916752,3916281,471
282131581,68.2969,43.3224,512,32498,0.267913,0.09,1,3916837,3916325,512
282134501,28.5188,68.929,428,32563,0.269165,0.09,1,3916839,3916411,428
282140341,33.363,29.5086,462,32693,0.296266,0.15,1,3916905,3916443,462
282152021,62.3517,63.285,434,32951,0.297648,0.25,1,3917065,3916631,434
282160781,43.2785,43.2422,435,33143,0.28521,0.27,1,3917187,3916752,435
282184141,62.4875,62.3517,436,33650,0.426662,0.31,1,3917501,3917065,436
282227941,70.4384,43.1003,536,34580,0.785334,0.61,2,3918158,3917622,536
282230861,29.3754,69.4401,451,34641,0.800134,0.61,2,3918160,3917709,451
282233781,32.1501,28.976,483,34702,0.818053,0.61,2,3918194,3917711,483
282236701,33.2601,30.7904,485,34763,0.837221,0.59,2,3918228,3917743,485
282239621,36.104,33.3162,488,34824,0.856889,0.67,2,3918266,3917778,488
282242541,15.6416,34.9265,454,34885,0.864755,0.63,2,3918268,3917814,454
282245461,30.2566,15.1706,492,34946,0.867902,0.65,2,3918308,3917816,492
282394381,37.5893,29.4461,531,37905,0.81592,1,2,3920410,3919879,531
282397301,33.0357,27.3784,535,37961,0.752368,1,2,3920440,3919905,535
282406061,36.6023,43.9682,510,38128,0.405512,1,1,3920578,3920068,510
282420661,65.4234,29.833,564,38403,0.247023,1,1,3920777,3920213,564
282423581,47.1694,68.3332,505,38458,0.224809,0.97,1,3920812,3920307,505
282426501,33.2678,48.9333,493,38513,0.227924,0.87,1,3920836,3920343,493
282429421,33.1071,36.9733,497,38568,0.205169,0.75,1,3920869,3920372,497
282435261,20.7771,33.0357,456,38678,0.204427,0.51,1,3920896,3920440,456
282461541,47.7297,47.1694,433,39166,0.204988,0.23,1,3921245,3920812,433
282473221,20.1531,20.7771,431,39382,0.213616,0.19,1,3921327,3920896,431
282476141,42.2612,43.1109,430,39436,0.247446,0.17,1,3921384,3920954,430
282479061,39.1045,41.2443,427,39490,0.260979,0.17,1,3921421,3920994,427
282481981,34.8418,33.8977,430,39543,0.278391,0.19,1,3921453,3921023,430
282496581,64.8265,63.8242,429,39808,0.408134,0.23,1,3921637,3921208,429
282499501,49.3306,47.7297,431,39861,0.433254,0.17,1,3921676,3921245,431
282502421,32.9322,32.8919,430,39914,0.443301,0.19,1,3921698,3921268,430
282557901,38.084,40.5603,481,40908,0.771547,0.51,2,3922336,3921855,481
282560821,28.4336,36.6241,469,40960,0.770619,0.53,2,3922358,3921889,469
282563741,26.9734,27.8496,473,41012,0.770247,0.53,2,3922384,3921911,473
282566661,26.3894,25.5399,475,41063,0.782099,0.59,2,3922410,3921935,475
282569581,25.5558,25.2159,475,41114,0.83484,0.61,2,3922435,3921960,475
282572501,67.8223,24.4864,547,41165,0.879936,0.67,2,3922531,3921984,547
282575421,51.1289,65.5946,494,41216,0.897974,0.67,2,3922571,3922077,494
282813401,308.258,344.225,465,20440,0.42616,0.71,1,3925260,3924795,465
282828001,70.8625,70.41,453,20954,0.0611287,0.03,1,3925635,3925182,453
282830921,39.145,57.564,422,21055,0.0424515,0,1,3925653,3925231,422
282833841,33.058,33.2256,434,21156,0.0349806,0.03,1,3925682,3925248,434
282836761,78.6232,84.6902,424,21256,0.0919922,0.11,1,3925791,3925367,424
282845521,63.2559,67.0762,422,21554,0.227408,0.03,1,3925988,3925566,422
282848441,67.3024,68.2305,423,21652,0.264963,0.03,1,3926058,3925635,423
282851361,37.7209,38.0922,423,21750,0.231985,0.03,1,3926076,3925653,423
282854281,33.0884,32.6369,424,21848,0.218794,0.13,1,3926106,3925682,424
282857201,79.8354,78.4548,426,21945,0.201518,0.17,1,3926217,3925791,426
282860121,88.3341,84.7819,431,22042,0.218607,0.23,1,3926311,3925880,431
282863041,62.3337,59.1128,434,22138,0.249443,0.25,1,3926356,3925922,434
282865961,64.5335,63.2451,434,22234,0.297777,0.29,1,3926422,3925988,434
282868881,66.6134,67.298,432,22329,0.293111,0.21,1,3926490,3926058,432
282886401,66.4228,61.063,501,22893,0.402118,0.33,1,3926857,3926356,501
282889321,67.3691,64.0252,503,22986,0.430847,0.29,1,3926925,3926422,503
282892241,37.7476,66.4101,453,23078,0.442339,0.33,1,3926943,3926490,453
282895161,34.2991,37.364,467,23170,0.446936,0.31,1,3926975,3926508,467
282927281,42.6109,63.4431,449,24156,0.767976,0.65,2,3927678,3927229,449
282930201,62.0444,66.7773,455,24244,0.817191,0.65,2,3927753,3927298,455
282933121,66.2177,68.7109,454,24331,0.884876,0.65,2,3927822,3927368,454
283055761,54.0913,63.934,477,27753,0.898,1,2,3930214,3929737,477
283058681,57.6365,44.7736,505,27829,0.8812,1,2,3930274,3929769,505
283061601,47.0546,38.3094,511,27905,0.82648,1,2,3930314,3929803,511
283064521,52.4218,57.9238,496,27981,0.768592,1,2,3930370,3929874,496
283067441,80.9687,86.1695,491,28057,0.757437,1,2,3930470,3929979,491
283087881,44.8841,52.4306,501,28580,0.404244,0.79,1,3930775,3930274,501
283117081,47.0634,44.8836,490,29313,0.435109,0.31,1,3931265,3930775,490
283178401,79.9481,80.8818,455,30794,0.791206,0.71,2,3932272,3931817,455
283181321,43.3792,43.1527,456,30863,0.802482,0.77,2,3932291,3931835,456
283184241,42.5517,41.2611,458,30932,0.806993,0.73,2,3932333,3931875,458
283187161,37.4207,36.9044,458,31000,0.844797,0.73,2,3932367,3931909,458
283190081,49.7683,49.5618,458,31068,0.895919,0.75,2,3932425,3931967,458
283318561,42.1675,48.4274,479,33936,0.894042,0.96,2,3934425,3933946,479
283321481,42.067,35.571,494,33998,0.843617,1,2,3934467,3933973,494
283324401,31.8268,27.4284,497,34060,0.775447,1,2,3934492,3933995,497
283333161,59.8769,63.6274,476,34246,0.449709,1,1,3934643,3934167,476
283336081,40.1508,25.451,503,34308,0.413883,1,1,3934670,3934167,503
283339001,37.6603,28.1804,509,34370,0.423553,0.93,1,3934706,3934197,509
283344841,44.1857,36.5489,518,34493,0.402569,0.97,1,3934790,3934272,518
283347761,59.6743,45.8195,536,34554,0.443027,0.95,1,3934860,3934324,536
283385721,42.6106,37.6697,490,35341,0.753488,0.49,2,3935373,3934883,490
283388641,31.4442,40.8679,471,35401,0.775395,0.57,2,3935397,3934926,471
283391561,29.3777,29.5472,477,35461,0.796158,0.57,2,3935425,3934948,477
283394481,36.3511,29.8189,488,35521,0.792463,0.57,2,3935466,3934978,488
283397401,56.5404,35.3275,519,35581,0.790985,0.55,2,3935536,3935017,519
283400321,38.2162,55.531,476,35640,0.802394,0.55,2,3935562,3935086,476
283403241,16.4865,36.6124,454,35699,0.806958,0.69,2,3935564,3935110,454
283406161,31.1946,36.845,458,35758,0.796783,0.71,2,3935605,3935147,458
283409081,31.6778,34.538,457,35817,0.804713,0.75,2,3935637,3935180,457
283412001,44.4711,44.4152,459,35876,0.819885,0.73,2,3935690,3935231,459
283414921,60.9885,61.5661,458,35935,0.849954,0.73,2,3935762,3935304,458
283417841,38.7954,39.0264,458,35994,0.873982,0.77,2,3935786,3935328,458
283426601,29.8909,29.3777,462,36171,0.885615,0.79,2,3935887,3935425,462
283765321,32.7023,36.1829,512,42410,0.891975,1,2,3940226,3939714,512
283768241,32.2809,34.8732,510,42460,0.81879,1,2,3940258,3939748,510
283771161,36.3124,53.5493,483,42510,0.849516,1,2,3940297,3939814,483
283774081,41.5249,44.8197,489,42560,0.885806,1,2,3940342,3939853,489
283777001,41.81,37.7279,498,42610,0.756323,1,2,3940384,3939886,498
283791601,37.0147,46.5844,479,42856,0.426468,1,1,3940542,3940063,479
283797441,44.3224,36.9735,495,42954,0.259035,1,1,3940627,3940132,495
283800361,37.5289,30.3894,502,43003,0.277614,1,1,3940660,3940158,502
283803281,24.0116,12.1558,517,43052,0.261046,1,1,3940675,3940158,517
283806201,23.4046,26.4623,504,43101,0.218418,0.82,1,3940698,3940194,504
283832481,34.6148,28.0348,483,43542,0.207221,0.35,1,3940982,3940499,483
283835401,31.2459,37.0139,469,43590,0.208888,0.27,1,3941011,3940542,469
283838321,41.2984,35.8056,482,43638,0.209555,0.21,1,3941059,3940577,482
283844161,22.3277,37.5289,445,43734,0.229129,0.25,1,3941105,3940660,445
283847081,22.7311,24.0116,453,43782,0.229652,0.19,1,3941128,3940675,453
283850001,24.0924,23.4046,455,43830,0.253861,0.15,1,3941153,3940698,455
283852921,34.237,25.5618,469,43878,0.263544,0.21,1,3941194,3940725,469
283870441,21.4165,20.5926,452,44166,0.405038,0.17,1,3941368,3940916,452
283873361,36.1666,22.0371,475,44214,0.420015,0.23,1,3941414,3940939,475
283966801,42.5212,43.2117,449,45716,0.758721,0.57,2,3942385,3941936,449
283969721,38.6085,39.4847,448,45762,0.789489,0.53,2,3942421,3941973,448
283972641,23.8434,24.1939,448,45808,0.777795,0.57,2,3942435,3941987,448
283975561,23.9374,24.0776,448,45854,0.821118,0.57,2,3942459,3942011,448
283978481,10.7749,10.831,448,45900,0.838447,0.55,2,3942461,3942013,448
283981401,18.71,19.3324,447,45946,0.845379,0.55,2,3942485,3942038,447
283984321,32.684,7.73296,489,45992,0.824152,0.57,2,3942527,3942038,489
283987241,34.6736,28.2932,483,46038,0.827661,0.57,2,3942563,3942080,483
283990161,45.0694,32.9173,499,46084,0.877064,0.59,2,3942615,3942116,499
283993081,39.6278,42.5669,486,46130,0.896826,0.63,2,3942651,3942165,486
284169741,321.781,342.42,477,21900,0.826,1,2,3944502,3944025,477
284198941,92.5902,65.2302,560,22850,0.77015,0.63,2,3945219,3944659,560
284201861,77.2361,92.0921,517,22943,0.83006,0.63,2,3945286,3944769,517
284204781,66.8944,75.8368,512,23035,0.890024,0.67,2,3945346,3944834,512
284306981,40.4532,68.0306,498,26064,0.85,1,2,3947429,3946931,498
284309901,40.7813,31.4122,532,26145,0.766,1,2,3947470,3946938,532
284318661,84.018,73.1944,562,26388,0.421744,1,1,3947730,3947168,562
284321581,52.2072,82.0778,505,26468,0.426698,1,1,3947761,3947256,505
284324501,39.4829,53.8311,501,26548,0.440679,1,1,3947792,3947291,501
284327421,58.3932,41.3324,539,26628,0.434272,0.85,1,3947863,3947324,539
284330341,37.1573,65.133,481,26708,0.419709,0.81,1,3947886,3947405,481
284333261,37.6629,40.4532,495,26787,0.425883,0.71,1,3947924,3947429,495
284336181,70.2652,40.7813,546,26866,0.440353,0.37,1,3948016,3947470,546
284339101,29.3061,78.1125,445,26945,0.446141,0.43,1,3948018,3947573,445
284394581,48.3546,49.0493,452,28401,0.797994,0.61,2,3948976,3948524,452
284397501,78.7419,19.6197,551,28476,0.865198,0.65,2,3949075,3948524,551
284502621,44.5077,46.4275,481,31039,0.803967,1,2,3950837,3950356,481
284511381,48.5925,49.8674,481,31243,0.211054,1,1,3951009,3950528,481
284514301,33.237,34.3469,480,31311,0.0904215,1,1,3951032,3950552,480
284517221,33.0948,13.7388,513,31379,0.0901686,1,1,3951065,3950552,513
284520141,49.2379,28.8955,534,31446,0.0540674,1,1,3951125,3950591,534
284523061,31.6952,48.1582,493,31513,0.027627,0.99,1,3951145,3950652,493
284525981,38.4781,31.8633,515,31580,0.0410508,1,1,3951188,3950673,515
284528901,63.3912,42.1453,546,31647,0.0944203,0.91,1,3951268,3950722,546
284546421,31.8099,33.2348,456,32046,0.0768315,0.09,1,3951488,3951032,456
284549341,49.3239,33.0939,484,32112,0.0367326,0.03,1,3951549,3951065,484
284552261,29.9296,49.2376,441,32178,0.044693,0.01,1,3951566,3951125,441
284555181,38.9718,31.695,466,32244,0.0358772,0.05,1,3951611,3951145,466
284558101,65.9887,38.478,507,32310,0.0803509,0.13,1,3951695,3951188,507
284584381,17.5613,29.9296,422,32894,0.098909,0.03,1,3951988,3951566,422
284587301,35.2245,38.9718,424,32958,0.0575636,0.11,1,3952035,3951611,424
284596061,39.4064,38.8782,429,33150,0.246324,0.17,1,3952185,3951756,429
284598981,62.5626,61.7513,430,33214,0.28453,0.17,1,3952263,3951833,430
284601901,39.425,39.1005,430,33278,0.275812,0.17,1,3952287,3951857,430
284604821,31.37,31.2402,430,33342,0.272325,0.17,1,3952313,3951883,430
284607741,29.948,29.8961,430,33405,0.28293,0.13,1,3952342,3951912,430
284610661,43.1792,46.7584,424,33468,0.275172,0.09,1,3952394,3951970,424
284613581,18.4717,19.9034,424,33531,0.272069,0.09,1,3952396,3951972,424
284616501,15.7887,17.5613,422,33594,0.258828,0.03,1,3952410,3951988,422
284619421,34.5155,35.2245,422,33657,0.217531,0.19,1,3952457,3952035,422
284657381,43.7943,71.2969,452,34465,0.229855,0.15,1,3953006,3952554,452
284660301,40.9177,43.5187,466,34526,0.265942,0.11,1,3953045,3952579,466
284671981,29.3867,31.5941,453,34770,0.417544,0.13,1,3953201,3952748,453
284674901,44.1547,29.4376,479,34831,0.449018,0.17,1,3953255,3952776,479
284727461,43.0139,42.749,451,35907,0.767949,0.65,2,3953931,3953480,451
284730381,69.4056,66.8996,455,35966,0.829179,0.69,2,3954018,3953563,455
284733301,43.3622,41.7598,456,36025,0.865672,0.69,2,3954044,3953588,456
284736221,32.9449,32.3039,456,36084,0.892269,0.71,2,3954070,3953614,456
284933321,323.374,353.165,471,17520,0.442,1,1,3956661,3956190,471
284942081,101.72,111.139,479,17881,0.059248,0.05,1,3956953,3956474,479
284945001,91.088,100.855,469,18000,0.0296992,0.03,1,3957037,3956568,469
284947921,43.6352,75.1422,423,18118,0.0658797,0.03,1,3957049,3956626,423
284950841,37.2541,39.0569,441,18235,0.0683519,0.01,1,3957082,3956641,441
284953761,80.9016,93.0227,422,18351,0.0573407,0.05,1,3957192,3956770,422
284965441,39.9863,41.031,422,18810,0.0974199,0.07,1,3957471,3957049,422
284968361,35.7945,36.2124,422,18923,0.092968,0.05,1,3957504,3957082,422
284971281,80.3178,80.485,422,19035,0.0551872,0.13,1,3957614,3957192,422
284974201,102.327,99.994,426,19146,0.0640749,0.11,1,3957731,3957305,426
284977121,84.1308,82.5976,427,19257,0.07963,0.11,1,3957803,3957376,427
284980041,82.8523,83.439,425,19367,0.097852,0.09,1,3957885,3957460,425
285000481,41.1375,82.3025,438,20122,0.0953029,0.13,1,3958323,3957885,438
285003401,36.255,39.521,460,20227,0.0921211,0.21,1,3958356,3957896,460
285009241,100.481,79.5234,542,20436,0.0951394,0.09,1,3958578,3958036,542
285018001,40.7508,84.8415,437,20746,0.229529,0.09,1,3958748,3958311,437
285020921,35.5003,41.1366,457,20848,0.253812,0.09,1,3958780,3958323,457
285023841,79.6001,36.2546,533,20950,0.299525,0.11,1,3958889,3958356,533
285032601,63.9184,85.1923,431,21252,0.40821,0.23,1,3959084,3958653,431
285064721,84.285,81.2107,453,22325,0.807829,0.69,2,3959780,3959327,453
285067641,104.514,102.684,454,22420,0.869131,0.65,2,3959898,3959444,454
285070561,43.0056,42.2737,454,22515,0.893653,0.65,2,3959900,3959446,454
285085161,87.9617,36.0633,579,22982,0.898121,0.85,2,3960243,3959664,579
285088081,107.785,84.0253,584,23074,0.893248,0.91,2,3960364,3959780,584
285091001,44.3139,104.41,468,23166,0.891299,0.91,2,3960366,3959898,468
285178601,102.5,82.3385,603,25768,0.801866,1,2,3962274,3961671,603
285190281,46.928,70.7719,503,26095,0.21392,0.96,1,3962470,3961967,503
285199041,62.8594,35.3694,554,26338,0.0528109,0.96,1,3962615,3962061,554
285201961,89.9438,65.7478,576,26418,0.0271243,0.69,1,3962723,3962147,576
285204881,56.3775,102.499,483,26498,0.0288497,0.63,1,3962757,3962274,483
285207801,52.551,61.9996,498,26578,0.0415399,0.45,1,3962807,3962309,498
285219481,32.5741,37.3712,454,26895,0.0973034,0.11,1,3962955,3962501,454
285222401,14.2296,34.1485,424,26974,0.0809214,0.01,1,3962957,3962533,424
285225321,54.2919,62.8594,423,27053,0.0503685,0.01,1,3963038,3962615,423
285228241,86.5167,89.9438,423,27131,0.0621474,0.03,1,3963146,3962723,423
285231161,56.8067,56.3775,426,27209,0.054859,0.05,1,3963183,3962757,426
285263281,60.9161,59.6091,428,28054,0.222657,0.13,1,3963724,3963296,428
285266201,39.9665,39.4436,428,28129,0.275063,0.13,1,3963750,3963322,428
285269121,32.7866,32.5775,428,28204,0.296025,0.13,1,3963778,3963350,428
285272041,32.3146,32.231,428,28279,0.28041,0.13,1,3963810,3963382,428
285274961,14.1259,14.0924,428,28354,0.274164,0.13,1,3963812,3963384,428
285277881,53.0503,5.63696,507,28429,0.271666,0.15,1,3963891,3963384,507
285289561,62.6925,53.0739,499,28725,0.406747,0.25,1,3964157,3963658,499
285292481,41.277,60.8296,460,28799,0.408699,0.31,1,3964184,3963724,460
285295401,33.3108,39.9318,462,28873,0.409479,0.31,1,3964212,3963750,462
285298321,32.5243,32.7727,466,28946,0.409792,0.27,1,3964244,3963778,466
285301241,14.2097,32.3091,436,29019,0.409917,0.27,1,3964246,3963810,436
285304161,53.6839,14.1236,514,29092,0.445967,0.27,1,3964326,3963812,514
285345041,63.1297,64.4175,451,30095,0.797314,0.59,2,3965050,3964599,451
285347961,41.4519,41.367,452,30165,0.840925,0.61,2,3965077,3964625,452
285350881,33.3807,33.3468,452,30235,0.87037,0.63,2,3965105,3964653,452
285517321,59.3561,51.7318,498,33996,0.7828,1,2,3967766,3967268,498
285526081,32.3108,32.5188,499,34182,0.422819,1,1,3967865,3967366,499
285534841,30.4599,28.9132,513,34368,0.0959404,1,1,3967980,3967467,513
285537761,34.384,30.1653,519,34430,0.0563762,1,1,3968017,3967498,519
285540681,33.5536,34.8661,514,34491,0.0225505,1,1,3968050,3967536,514
285543601,47.0214,33.7464,537,34552,0.0390202,1,1,3968106,3967569,537
285546521,63.8086,48.8986,553,34613,0.0576081,0.97,1,3968181,3967628,553
285549441,45.9234,71.7594,500,34674,0.0290432,0.65,1,3968215,3967715,500
285552361,38.1694,59.3038,482,34735,0.0296173,0.57,1,3968248,3967766,482
285555281,32.6677,45.9215,474,34796,0.0178469,0.45,1,3968277,3967803,474
285558201,25.6671,38.7686,461,34857,0.0491388,0.35,1,3968298,3967837,461
285561121,40.8668,32.3074,484,34918,0.0616555,0.23,1,3968349,3967865,484
285564041,33.1467,47.123,455,34979,0.0306622,0.07,1,3968377,3967922,455
285566961,28.2587,38.6492,447,35039,0.0182649,0.05,1,3968402,3967955,447
285569881,34.1035,30.4597,460,35099,0.00730595,0.03,1,3968440,3967980,460
285572801,35.8414,34.3839,460,35159,0.0209224,0,1,3968477,3968017,460
285575721,46.7366,33.5535,481,35219,0.026369,0.05,1,3968531,3968050,481
285578641,63.0946,47.0214,499,35279,0.0765476,0.07,1,3968605,3968106,499
285581561,44.4378,63.8086,456,35339,0.096619,0.01,1,3968637,3968181,456
285599081,27.3214,33.1467,446,35697,0.0547529,0.01,1,3968823,3968377,446
285602001,12.1286,28.2587,423,35756,0.0399011,0,1,3968825,3968402,423
285604921,27.0514,34.1035,422,35815,0.0159605,0.03,1,3968862,3968440,422
285607841,33.0206,35.8414,422,35874,0.0363842,0.03,1,3968899,3968477,422
285610761,46.8082,46.7366,424,35933,0.0325537,0.11,1,3968955,3968531,424
285613681,66.1233,63.0946,429,35992,0.0670215,0.11,1,3969034,3968605,429
285642881,33.0506,33.0206,423,36575,0.0566105,0.03,1,3969322,3968899,423
285645801,46.2202,46.8082,422,36633,0.0406442,0.09,1,3969377,3968955,422
285648721,68.8881,66.1233,427,36691,0.0822577,0.15,1,3969461,3969034,427
285651641,44.3552,43.2493,427,36749,0.0989031,0.17,1,3969489,3969062,427
285663321,41.8971,41.9744,428,36978,0.20226,0.15,1,3969631,3969203,428
285666241,29.3588,28.7898,429,37035,0.206904,0.15,1,3969652,3969223,429
285669161,24.9435,25.9159,427,37092,0.208762,0.15,1,3969674,3969247,427
285672081,11.1774,11.5664,427,37149,0.209505,0.15,1,3969676,3969249,427
285689601,42.1168,44.2842,466,37490,0.213919,0.17,1,3969955,3969489,466
285692521,34.8467,41.1137,457,37546,0.223567,0.15,1,3969985,3969528,457
285695441,27.7387,33.8455,451,37602,0.239427,0.17,1,3970008,3969557,451
285698361,42.8955,26.7382,482,37658,0.281771,0.23,1,3970061,3969579,482
285701281,29.1582,41.8953,450,37714,0.298708,0.21,1,3970081,3969631,450
285730481,28.5336,34.8467,456,38271,0.423124,0.25,1,3970441,3969985,456
285777201,25.9884,25.2021,446,39144,0.758564,0.49,2,3970985,3970539,446
285780121,11.5954,11.2809,446,39198,0.777426,0.49,2,3970987,3970541,446
285785961,31.3753,30.8449,448,39306,0.761588,0.53,2,3971056,3970608,448
285788881,13.7501,13.538,448,39360,0.766635,0.57,2,3971058,3970610,448
285791801,38.5,37.8152,449,39414,0.768654,0.59,2,3971113,3970664,449
285794721,71.2,70.9261,449,39468,0.793462,0.63,2,3971206,3970757,449
285797641,47.68,46.3704,451,39522,0.803385,0.67,2,3971238,3970787,451
285800561,46.072,43.1482,455,39575,0.783354,0.69,2,3971283,3970828,455
285803481,37.6288,35.8593,456,39628,0.787342,0.75,2,3971315,3970859,456
285806401,31.2515,29.9437,457,39681,0.824937,0.71,2,3971342,3970885,457
285809321,46.7006,46.1775,457,39734,0.851975,0.71,2,3971399,3970942,457
285812241,30.6802,30.471,457,39787,0.87479,0.79,2,3971419,3970962,457
285990361,45.4405,62.4772,481,42904,0.885088,1,2,3973564,3973083,481
285993281,35.5762,41.7909,482,42953,0.852035,1,2,3973593,3973111,482
285996201,37.0305,35.9164,488,43002,0.766814,1,2,3973631,3973143,488
286002041,30.4049,29.7466,511,43100,0.43589,1,1,3973694,3973183,511
286004961,32.562,31.0986,513,43149,0.252356,1,1,3973728,3973215,513
286010801,36.5299,36.7758,514,43247,0.046377,1,1,3973803,3973289,514
286013721,36.212,38.1103,511,43296,0.0485508,1,1,3973839,3973328,511
286016641,38.4848,35.6441,517,43345,0.0254203,1,1,3973879,3973362,517
286019561,34.5939,32.8577,518,43394,0.0641681,1,1,3973911,3973393,518
286022481,33.0376,35.9431,512,43443,0.0556672,0.97,1,3973943,3973431,512
286025401,19.815,32.3772,493,43492,0.0522669,0.94,1,3973954,3973461,493
286028321,21.126,20.7509,502,43541,0.0509068,1,1,3973976,3973474,502
286031241,39.6504,28.1004,521,43589,0.0263627,0.82,1,3974028,3973507,521
286034161,31.4602,45.4401,490,43637,0.0285451,0.83,1,3974054,3973564,490
286037081,32.3841,35.5761,494,43685,0.041418,0.71,1,3974087,3973593,494
286040001,26.7536,37.0304,479,43733,0.0585672,0.43,1,3974110,3973631,479
286042921,22.1015,37.0122,461,43781,0.0234269,0.35,1,3974129,3973668,461
286045841,22.6406,30.4049,458,43829,0.0993708,0.13,1,3974152,3973694,458
286048761,30.6562,32.5619,460,43877,0.0577483,0,1,3974188,3973728,460
286051681,33.8625,35.8248,458,43925,0.0410993,0.01,1,3974224,3973766,458
286054601,35.145,36.5299,457,43973,0.0464397,0.05,1,3974260,3973803,457
286057521,38.058,36.212,461,44021,0.0605759,0.01,1,3974300,3973839,461
286060441,35.0232,38.4848,454,44069,0.0782304,0.09,1,3974333,3973879,454
286063361,33.2093,34.5939,454,44117,0.0612921,0.05,1,3974365,3973911,454
286066281,19.2837,33.0376,432,44165,0.0425169,0.05,1,3974375,3973943,432
286069201,23.9135,19.815,448,44213,0.0590067,0.05,1,3974402,3973954,448
286072121,38.3654,21.126,474,44261,0.0296027,0.01,1,3974450,3973976,474
286075041,30.9462,39.6504,448,44309,0.0178411,0.03,1,3974476,3974028,448
286077961,32.7785,31.4602,456,44357,0.0491364,0.05,1,3974510,3974054,456
286080881,26.9114,32.3841,446,44405,0.0496546,0.07,1,3974533,3974087,446
286083801,22.1646,26.7536,442,44453,0.0198618,0,1,3974552,3974110,442
286086721,10.0658,22.1015,425,44500,0.0259447,0.15,1,3974554,3974129,425
286089641,19.6263,22.6406,428,44547,0.0283779,0.03,1,3974580,3974152,428
286092561,25.8505,30.6562,422,44594,0.0173512,0.03,1,3974610,3974188,422
286095481,33.1402,33.8625,424,44641,0.0249405,0.05,1,3974648,3974224,424
286098401,33.6561,35.145,422,44688,0.0159762,0.07,1,3974682,3974260,422
286101321,38.0624,38.058,423,44735,0.0483905,0.09,1,3974723,3974300,423
286104241,36.225,35.0232,425,44782,0.0733562,0.05,1,3974758,3974333,425
286113001,25.5984,23.9135,426,44923,0.0783748,0.01,1,3974828,3974402,426
286115921,36.6394,38.3654,422,44970,0.0493499,0.01,1,3974872,3974450,422
286118841,30.8557,30.9462,423,45017,0.03774,0.07,1,3974899,3974476,423
286121761,32.7423,32.7785,423,45064,0.057096,0.05,1,3974933,3974510,423
286127601,21.7988,22.1646,423,45158,0.0943354,0.03,1,3974975,3974552,423
286130521,9.91951,10.0658,423,45205,0.0677341,0.03,1,3974977,3974554,423
286133441,19.5678,19.6263,423,45252,0.0690937,0.01,1,3975003,3974580,423
286136361,25.2271,25.8505,422,45299,0.0576375,0.03,1,3975032,3974610,422
286139281,33.4908,33.1402,423,45346,0.029055,0.01,1,3975071,3974648,423
286142201,33.1963,33.6561,422,45393,0.011622,0.07,1,3975104,3974682,422
286145121,38.4785,38.0624,423,45439,0.0346488,0.09,1,3975146,3974723,423
286148041,38.1914,36.225,426,45485,0.0198595,0.13,1,3975184,3974758,426
286150961,34.4766,32.49,428,45531,0.0259438,0.13,1,3975216,3974788,428
286153881,18.5906,18.996,426,45577,0.0523775,0.05,1,3975224,3974798,426
286156801,24.2363,25.5984,424,45623,0.050951,0.03,1,3975252,3974828,424
286159721,35.4945,36.6394,423,45669,0.0383804,0.03,1,3975295,3974872,423
286162641,29.7978,30.8557,422,45715,0.0573522,0.07,1,3975321,3974899,422
286165561,34.1191,32.7423,425,45761,0.0409409,0.13,1,3975358,3974933,425
286168481,28.6476,27.4969,426,45807,0.0943763,0.09,1,3975383,3974957,426
286183081,32.4639,20.5308,460,46037,0.0940192,0.01,1,3975492,3975032,460
286186001,32.7856,31.6123,454,46083,0.0436077,0,1,3975525,3975071,454
286188921,38.9142,32.4449,464,46129,0.0234431,0.05,1,3975568,3975104,464
286191841,37.7657,38.178,459,46175,0.0273772,0.01,1,3975605,3975146,459
286194761,34.9063,38.0712,454,46221,0.0409509,0.03,1,3975638,3975184,454
286197681,18.7625,34.4285,430,46267,0.0463804,0.07,1,3975646,3975216,430
286200601,24.905,18.5714,451,46313,0.0485521,0.05,1,3975675,3975224,451
286203521,36.362,24.2286,467,46359,0.0734209,0.03,1,3975719,3975252,467
286206441,28.9448,35.4914,448,46404,0.0713683,0.07,1,3975743,3975295,448
286209361,34.3779,29.7966,460,46449,0.0945473,0.03,1,3975781,3975321,460
286223961,23.1731,20.6494,451,46674,0.0858418,0.13,1,3975880,3975429,451
286232721,38.5391,32.7856,465,46809,0.0484539,0.01,1,3975990,3975525,465
286235641,37.6156,38.9142,459,46854,0.0253815,0.03,1,3976027,3975568,459
286238561,35.4463,37.7657,456,46899,0.0281526,0.05,1,3976061,3975605,456
286241481,18.9785,34.9063,431,46944,0.029261,0.05,1,3976069,3975638,431
286244401,25.5914,18.7625,453,46989,0.0657044,0.05,1,3976099,3975646,453
286247321,36.0366,24.905,467,47034,0.0802818,0.09,1,3976142,3975675,467
286250241,29.4146,36.362,448,47079,0.0741127,0.07,1,3976167,3975719,448
286253161,35.7658,28.9448,464,47124,0.0956451,0.11,1,3976207,3975743,464
286296961,29.6918,29.4146,426,47790,0.202154,0.11,1,3976593,3976167,426
286299881,37.0767,35.7658,428,47834,0.206861,0.13,1,3976635,3976207,428
286302801,31.6307,30.5063,429,47878,0.232745,0.15,1,3976663,3976234,429
286305721,22.2523,21.8025,429,47922,0.267098,0.15,1,3976679,3976250,429
286308641,10.1009,9.92101,429,47966,0.256839,0.17,1,3976681,3976252,429
286311561,21.4404,20.7684,430,48010,0.264736,0.17,1,3976710,3976280,430
286314481,22.9761,22.7074,430,48054,0.279894,0.17,1,3976734,3976304,430
286317401,31.9905,31.8829,430,48098,0.297958,0.17,1,3976772,3976342,430
286332001,34.3519,35.0228,426,48318,0.404245,0.13,1,3976910,3976484,426
286334921,18.5408,18.8091,426,48362,0.431698,0.13,1,3976918,3976492,426
286337841,28.4163,27.3236,428,48406,0.406679,0.23,1,3976953,3976525,428
286349521,33.4299,31.6307,434,48579,0.409051,0.29,1,3977097,3976663,434
286454641,25.081,23.0646,478,50115,0.760834,0.61,2,3978069,3977591,478
286457561,34.0324,25.4258,491,50157,0.778334,0.63,2,3978109,3977618,491
286460481,14.813,33.5703,454,50199,0.785333,0.63,2,3978111,3977657,454
286463401,20.3252,14.6281,476,50241,0.800133,0.63,2,3978135,3977659,476
286466321,35.7301,20.2513,498,50283,0.806053,0.59,2,3978181,3977683,498
286469241,15.492,36.9005,452,50325,0.808421,0.63,2,3978183,3977731,452
286472161,28.3968,36.3602,453,50367,0.845369,0.63,2,3978220,3977767,453
286475081,31.7587,34.9441,453,50409,0.884147,0.63,2,3978254,3977801,453
286478001,18.1035,18.7776,454,50451,0.887659,0.65,2,3978263,3977809,454
286480921,28.2414,27.9111,455,50493,0.877064,0.71,2,3978298,3977843,455
286659041,26.8976,35.2384,507,52977,0.8188,1,2,3980021,3979514,507
286676561,33.9607,29.721,525,53217,0.408153,1,1,3980200,3979675,525
286732041,300.384,355.688,430,24820,0.217261,0.09,1,3980678,3980248,430
286737881,102.181,99.2701,464,24990,0.0911618,0,1,3980809,3980345,464
286740801,68.4726,76.9081,448,25075,0.0664647,0.03,1,3980855,3980407,448
286743721,56.789,64.9632,440,25160,0.0445859,0.05,1,3980904,3980464,440
286746641,49.7156,50.5853,444,25244,0.0478344,0.05,1,3980949,3980505,444
286749561,66.0862,53.8341,465,25328,0.0251337,0.07,1,3981026,3980561,465
286752481,49.2345,67.1336,427,25412,0.0640535,0.11,1,3981064,3980637,427
286755401,36.4938,33.4535,444,25495,0.0556214,0.09,1,3981092,3980648,444
286758321,63.7975,31.3814,496,25578,0.0642486,0.11,1,3981174,3980678,496
286761241,59.719,53.3526,485,25661,0.0436994,0.05,1,3981231,3980746,485
286764161,52.0876,59.141,469,25744,0.0354798,0.05,1,3981278,3980809,469
286767081,50.235,51.2564,472,25826,0.0201919,0.03,1,3981327,3980855,472
286770001,47.094,49.9026,468,25908,0.0260768,0.05,1,3981372,3980904,468
286772921,65.0376,46.961,500,25990,0.0284307,0.01,1,3981449,3980949,500
286775841,50.015,64.9844,463,26072,0.0293723,0.09,1,3981489,3981026,463
286778761,35.606,48.7938,451,26153,0.0417489,0.05,1,3981515,3981064,451
286781681,63.4424,36.3175,505,26234,0.0706996,0.07,1,3981597,3981092,505
286784601,58.977,63.727,479,26315,0.0702798,0.03,1,3981653,3981174,479
286787521,52.3908,59.6908,470,26396,0.0941119,0.03,1,3981701,3981231,470
286790441,49.7563,52.0763,471,26476,0.0796448,0.01,1,3981749,3981278,471
286793361,46.9025,50.2305,467,26556,0.0498579,0.03,1,3981794,3981327,467
286796281,64.961,47.0922,499,26636,0.0379432,0.03,1,3981871,3981372,499
286799201,49.9844,65.0369,462,26716,0.0691773,0.03,1,3981911,3981449,462
286802121,36.7938,50.0148,450,26795,0.0696709,0.05,1,3981939,3981489,450
286805041,63.3175,35.6059,505,26874,0.0578684,0.09,1,3982020,3981515,505
286807961,26.527,63.4424,425,26953,0.0531473,0.07,1,3982022,3981597,425
286810881,45.4108,58.9769,427,27032,0.0632589,0.11,1,3982080,3981653,427
286831321,62.7261,63.3175,424,27575,0.205007,0.05,1,3982444,3982020,424
286834241,26.2904,26.527,424,27652,0.232003,0.07,1,3982446,3982022,424
286837161,46.5162,45.4108,426,27729,0.254801,0.17,1,3982506,3982080,426
286840081,48.0065,45.7643,429,27805,0.29992,0.19,1,3982555,3982126,429
286851761,52.2578,51.538,429,28109,0.400846,0.21,1,3982766,3982337,429
286913081,28.3132,66.9303,453,29651,0.773286,0.61,2,3983777,3983324,453
286916001,50.9253,27.9721,517,29722,0.771315,0.65,2,3983843,3983326,517
286918921,49.7701,49.5889,502,29793,0.770526,0.67,2,3983892,3983390,502
286921841,21.108,49.8355,454,29864,0.77021,0.67,2,3983894,3983440,454
286924761,39.0432,49.3342,456,29935,0.806084,0.71,2,3983945,3983489,456
286927681,44.4173,47.3337,458,30006,0.820434,0.73,2,3983993,3983535,458
286930601,64.5669,65.7335,458,30077,0.850173,0.73,2,3984071,3983613,458
286933521,53.4268,53.8934,458,30147,0.862069,0.71,2,3984117,3983659,458
286936441,38.7707,38.9574,458,30217,0.866828,0.77,2,3984146,3983688,458
287032801,48.0973,45.1577,519,32448,0.880432,1,2,3985722,3985203,519
287035721,40.8389,40.2631,518,32513,0.826173,1,2,3985758,3985240,518
287038641,40.3356,49.1052,503,32578,0.816469,1,2,3985798,3985295,503
287050321,51.2262,63.5947,486,32838,0.443158,1,1,3985964,3985478,486
287053241,41.4905,51.2379,478,32902,0.411263,0.98,1,3985999,3985521,478
287085361,38.4827,41.4905,441,33602,0.413874,0.37,1,3986440,3985999,441
287088281,31.5931,33.9962,439,33665,0.435549,0.31,1,3986467,3986028,439
287143761,30.9571,36.5846,478,34839,0.757953,0.65,2,3987241,3986763,478
287146681,49.5828,29.6338,515,34900,0.801181,0.67,2,3987303,3986788,515
287149601,39.6331,48.4535,487,34961,0.806473,0.69,2,3987336,3986849,487
287152521,34.4533,38.5814,486,35021,0.796589,0.71,2,3987367,3986881,486
287155441,60.5813,32.8326,535,35081,0.852636,0.75,2,3987445,3986910,535
287158361,43.4325,59.333,490,35141,0.887054,0.73,2,3987477,3986987,490
287161281,43.173,43.5332,500,35201,0.888822,0.73,2,3987520,3987020,500
287313121,36.8836,36.4838,518,38198,0.898,1,2,3989565,3989047,518
287316041,35.1534,44.5935,502,38253,0.8692,1,2,3989599,3989097,502
287318961,53.0614,34.0374,540,38308,0.83368,1,2,3989664,3989124,540
287321881,38.0245,50.815,506,38363,0.771472,1,2,3989692,3989186,506
287345241,41.5404,47.5225,473,38803,0.430436,0.95,1,3989964,3989491,473
287348161,38.8161,44.209,468,38857,0.418174,0.85,1,3990001,3989533,468
287356921,52.0202,53.0614,460,39019,0.416283,0.73,1,3990124,3989664,460
287359841,35.8081,38.0245,457,39073,0.424513,0.67,1,3990149,3989692,457
287400721,35.2138,35.3232,442,39823,0.755977,0.45,2,3990626,3990184,442
287403641,27.2855,27.3293,442,39876,0.752391,0.45,2,3990648,3990206,442
287406561,34.3142,33.7317,443,39929,0.762956,0.49,2,3990687,3990244,443
287409481,39.5257,38.6927,444,39982,0.755183,0.53,2,3990730,3990286,444
287412401,26.0103,24.4771,446,40035,0.788073,0.51,2,3990747,3990301,446
287415321,26.6041,26.5908,445,40088,0.825229,0.51,2,3990774,3990329,445
287418241,28.6416,10.6363,475,40141,0.816092,0.53,2,3990804,3990329,475
287421161,41.4567,22.2545,495,40194,0.836437,0.55,2,3990854,3990359,495
287424081,38.7827,36.5018,486,40247,0.820575,0.57,2,3990891,3990405,486
287427001,29.9131,36.2007,474,40299,0.83823,0.63,2,3990915,3990441,474
287429921,30.5652,28.8803,481,40351,0.833292,0.63,2,3990946,3990465,481
287432841,56.6261,29.5521,525,40403,0.867317,0.65,2,3991020,3990495,525
287435761,40.0504,55.0208,482,40455,0.868927,0.75,2,3991049,3990567,482
287625561,32.879,34.7244,520,43717,0.822429,1,2,3993303,3992783,520
287628481,31.1516,28.2897,526,43765,0.778971,1,2,3993333,3992807,526
287643081,33.3248,39.6708,512,44005,0.444786,1,1,3993511,3992999,512
287646001,29.5299,38.0683,502,44053,0.423914,1,1,3993538,3993036,502
287654761,29.6339,31.5004,504,44197,0.428171,1,1,3993635,3993131,504
287657681,29.8536,32.4001,501,44245,0.405268,0.99,1,3993665,3993164,501
287669361,27.0395,32.879,486,44437,0.287095,0.75,1,3993789,3993303,486
287672281,12.0158,31.1516,458,44484,0.276838,0.71,1,3993791,3993333,458
287675201,19.8063,28.0606,457,44531,0.272735,0.61,1,3993816,3993359,457
287678121,31.9225,38.8243,451,44578,0.259094,0.43,1,3993856,3993405,451
287681041,31.369,36.5297,447,44625,0.217638,0.43,1,3993887,3993440,447
287683961,38.3476,39.8119,448,44672,0.213055,0.43,1,3993930,3993482,448
287701481,29.3196,29.8536,441,44954,0.208718,0.35,1,3994106,3993665,441
287721921,30.175,31.9225,432,45283,0.220249,0.19,1,3994288,3993856,432
287724841,30.67,31.369,432,45330,0.2381,0.21,1,3994319,3993887,432
287727761,36.868,38.3476,430,45377,0.26924,0.19,1,3994360,3993930,430
287730681,28.5472,29.739,429,45423,0.281696,0.19,1,3994383,3993954,429
287733601,28.8189,29.2956,429,45469,0.298678,0.15,1,3994412,3993983,429
287745281,29.365,29.3196,429,45653,0.440462,0.15,1,3994535,3994106,429
287824121,36.8323,29.4761,487,46883,0.769062,0.51,2,3995334,3994847,487
287827041,34.5329,36.3904,479,46928,0.793625,0.57,2,3995367,3994888,479
287829961,30.6132,32.5562,477,46973,0.82745,0.57,2,3995395,3994918,477
287832881,30.8453,29.8225,480,47018,0.84098,0.57,2,3995426,3994946,480
287835801,33.9381,30.529,485,47063,0.894392,0.59,2,3995462,3994977,485
288063561,133.195,128.607,511,22817,0.21016,0.89,1,3997890,3997379,511
288089841,59.582,66.0078,479,23640,0.203195,0.17,1,3998422,3997943,479
288092761,61.0328,57.6031,489,23730,0.255278,0.15,1,3998484,3997995,489
288095681,61.0131,60.8413,487,23819,0.276111,0.09,1,3998545,3998058,487
288098601,40.6052,60.3365,454,23908,0.296445,0.15,1,3998572,3998118,454
288107361,84.1507,87.3095,429,24173,0.404652,0.17,1,3998745,3998316,429
288110281,65.4603,64.9238,432,24261,0.407861,0.23,1,3998798,3998366,432
288113201,60.9841,59.5695,434,24348,0.409144,0.29,1,3998856,3998422,434
288116121,62.7936,61.0278,436,24435,0.409658,0.29,1,3998920,3998484,436
288119041,61.7175,61.0111,436,24522,0.421863,0.31,1,3998981,3998545,436
288121961,42.087,40.6044,438,24608,0.414745,0.33,1,3999010,3998572,438
288124881,18.0348,17.4418,438,24694,0.411898,0.35,1,3999012,3998574,438
288151161,44.5395,43.2139,444,25457,0.78531,0.49,2,3999516,3999072,444
288154081,88.6158,17.2856,562,25540,0.776124,0.53,2,3999634,3999072,562
288157001,68.4463,75.9142,502,25623,0.76045,0.61,2,3999689,3999187,502
288159921,62.1785,62.1657,507,25706,0.76618,0.61,2,3999747,3999240,507
288162841,66.2714,58.4663,520,25788,0.840472,0.71,2,3999816,3999296,520
288165761,64.9086,61.7865,520,25870,0.846189,0.79,2,3999880,3999360,520
288168681,43.9634,61.9146,488,25952,0.848476,0.75,2,3999910,3999422,488
288171601,18.7854,42.7658,460,26034,0.84939,0.75,2,3999912,3999452,460
288174521,45.3142,18.3063,521,26115,0.849756,0.81,2,3999975,3999454,521
288177441,88.9257,44.5225,577,26196,0.837902,0.77,2,4000093,3999516,577
288180361,67.9703,88.609,513,26277,0.857161,0.75,2,4000147,3999634,513
288183281,62.5881,68.4436,517,26358,0.876864,0.77,2,4000206,3999689,517
288282561,72.4213,88.7062,533,28963,0.832586,1,2,4002056,4001523,533
288294241,51.7596,68.2085,525,29255,0.295442,1,1,4002240,4001715,525
288297161,57.9038,64.4834,525,29327,0.208177,0.96,1,4002302,4001777,525
288303001,33.7446,39.9573,508,29471,0.0873083,1,1,4002359,4001851,508
288305921,67.4978,36.3829,564,29543,0.0529233,0.88,1,4002449,4001885,564
288308841,65.3991,74.5532,528,29615,0.0391693,0.77,1,4002513,4001985,528
288311761,42.3597,72.4213,484,29686,0.0456677,0.67,1,4002540,4002056,484
288314681,31.3439,46.3685,479,29757,0.0482671,0.65,1,4002564,4002085,479
288317601,53.3375,37.7474,515,29828,0.0853068,0.35,1,4002632,4002117,515
288320521,22.535,61.899,439,29899,0.0881227,0.17,1,4002634,4002195,439
288326361,46.3256,57.9038,426,30041,0.0896996,0.15,1,4002728,4002302,426
288329281,34.1302,39.3615,425,30111,0.0658799,0.03,1,4002754,4002329,425
288332201,31.6521,33.7446,425,30181,0.0683519,0.03,1,4002784,4002359,425
288335121,65.4608,67.4978,423,30251,0.0573408,0.03,1,4002872,4002449,423
288338041,63.9843,65.3991,422,30321,0.0289363,0.05,1,4002935,4002513,422
288340961,42.9937,42.3597,424,30391,0.0295745,0.05,1,4002964,4002540,424
288343881,32.1975,31.3439,425,30461,0.0658298,0.11,1,4002989,4002564,425
288361401,30.9225,31.6521,424,30875,0.21608,0.05,1,4003208,4002784,424
288364321,63.969,65.4608,422,30944,0.272432,0.01,1,4003294,4002872,422
288367241,63.3876,63.9843,422,31012,0.246973,0.03,1,4003357,4002935,422
288370161,43.355,42.9937,423,31080,0.212789,0.09,1,4003387,4002964,423
288396441,59.1469,63.8282,491,31687,0.217496,0.23,1,4003785,4003294,491
288399361,41.6588,63.3313,458,31754,0.236999,0.19,1,4003815,4003357,458
288402281,31.0635,43.3325,452,31821,0.244799,0.17,1,4003839,4003387,452
288405201,55.6254,32.333,499,31887,0.25992,0.09,1,4003911,4003412,499
288408121,23.4502,57.3332,427,31953,0.265968,0.13,1,4003913,4003486,427
288411041,33.9801,24.1333,466,32019,0.292387,0.09,1,4003954,4003488,466
288422721,70.1771,32.1682,523,32283,0.412557,0.21,1,4004164,4003641,523
288486961,70.4798,71.1796,450,33694,0.766145,0.61,2,4005058,4004608,450
288489881,61.7919,62.0718,450,33757,0.852458,0.61,2,4005114,4004664,450
288638801,35.8838,34.7524,503,36816,0.87664,1,2,4007235,4006732,503
288641721,28.1535,36.701,488,36873,0.848656,1,2,4007258,4006770,488
288644641,30.4614,28.4804,497,36930,0.813462,1,2,4007290,4006793,497
288647561,30.7846,26.3922,503,36987,0.775385,1,2,4007321,4006818,503
288688441,18.1687,27.9104,475,37779,0.759622,0.75,2,4007822,4007347,475
288691361,43.2675,22.5642,516,37835,0.777849,0.71,2,4007882,4007366,516
288694281,56.307,46.2257,519,37891,0.761139,0.63,2,4007947,4007428,519
288697201,41.1228,58.0903,484,37947,0.766456,0.67,2,4007978,4007494,484
288700121,47.0491,40.6361,506,38003,0.816582,0.65,2,4008029,4007523,506
288703041,57.8196,46.8544,520,38059,0.896633,0.73,2,4008094,4007574,520
288849041,36.1984,39.1104,508,40739,0.8596,1,2,4009897,4009389,508
288851961,31.8794,32.4442,509,40791,0.80584,1,2,4009926,4009417,509
288869481,26.7644,32.7618,509,41101,0.299182,1,1,4010150,4009641,509
288872401,27.5058,31.7047,506,41152,0.245673,1,1,4010178,4009672,506
288875321,25.4023,28.2819,504,41203,0.212269,1,1,4010202,4009698,504
288881161,47.9844,35.7251,533,41305,0.0759631,1,1,4010301,4009768,533
288884081,38.9937,51.49,504,41356,0.0603852,0.94,1,4010334,4009830,504
288887001,31.1975,40.996,496,41407,0.0421541,0.79,1,4010360,4009864,496
288889921,27.479,36.1984,488,41458,0.0348616,0.77,1,4010385,4009897,488
288892841,36.1916,31.8794,501,41509,0.0199447,0.65,1,4010427,4009926,501
288895761,15.6766,42.1517,454,41560,0.0139779,0.45,1,4010429,4009975,454
288898681,32.0707,49.8607,442,41611,0.0595911,0.39,1,4010472,4010030,442
288927881,30.4101,31.1975,422,42115,0.0989578,0.03,1,4010782,4010360,422
288930801,27.764,27.479,423,42165,0.0695831,0.01,1,4010808,4010385,423
288933721,36.9056,36.1916,424,42215,0.0938332,0.01,1,4010851,4010427,424
288948321,30.7782,30.9245,426,42465,0.216202,0.11,1,4010991,4010565,426
288951241,24.3113,24.9698,425,42515,0.212481,0.13,1,4011011,4010586,425
288954161,25.9245,24.3879,428,42565,0.210992,0.15,1,4011038,4010610,428
288957081,21.1698,19.9552,429,42615,0.234397,0.09,1,4011056,4010627,429
288960001,32.4679,33.7821,426,42665,0.279759,0.17,1,4011096,4010670,426
288980441,33.605,32.7849,428,43008,0.400211,0.13,1,4011325,4010897,428
288983361,38.042,13.114,469,43057,0.406084,0.21,1,4011366,4010897,469
288986281,27.8168,29.2456,450,43106,0.408434,0.21,1,4011387,4010937,450
288992121,25.4507,29.5193,452,43204,0.404949,0.21,1,4011443,4010991,452
288995041,25.7803,23.8077,458,43253,0.43198,0.21,1,4011469,4011011,458
289088481,49.632,49.1899,454,44787,0.752441,0.65,2,4012488,4012034,454
289091401,38.4528,37.6759,455,44834,0.750977,0.67,2,4012519,4012064,455
289094321,32.1811,33.0704,453,44881,0.774391,0.63,2,4012547,4012094,453
289097241,27.2724,27.6282,453,44928,0.771756,0.61,2,4012571,4012118,453
289100161,38.509,39.2513,452,44975,0.794703,0.61,2,4012617,4012165,452
289103081,16.6036,16.9005,452,45022,0.779881,0.61,2,4012619,4012167,452
289106001,34.2414,34.3602,452,45069,0.809952,0.61,2,4012665,4012213,452
289108921,38.2966,38.3441,452,45116,0.857981,0.63,2,4012706,4012254,452
289111841,27.9186,27.3376,453,45163,0.889192,0.63,2,4012727,4012274,453
289330841,345.763,360.697,490,21900,0.85,0.9,2,4015116,4014626,490
289333761,174.305,173.679,501,21997,0.79,0.95,2,4015176,4014675,501
289336681,111.122,120.472,485,22093,0.826,0.88,2,4015245,4014760,485
289339601,72.6488,63.7886,506,22189,0.8524,0.93,2,4015292,4014786,506
289342521,72.8595,79.5154,489,22285,0.86296,0.89,2,4015365,4014876,489
289450561,39.6018,17.7724,529,25570,0.881296,1,2,4017669,4017140,529
289453481,53.0407,35.309,544,25653,0.754518,1,2,4017731,4017187,544
289462241,53.5066,77.4038,515,25900,0.0965292,1,1,4017950,4017435,515
289465161,64.6026,54.3615,548,25982,0.0566117,0.94,1,4018022,4017474,548
289468081,53.4411,62.5446,526,26064,0.0286447,1,1,4018068,4017542,526
289471001,39.9764,59.2178,500,26145,0.0294579,0.94,1,4018099,4017599,500
289473921,35.1906,43.4871,499,26226,0.0417831,0.83,1,4018131,4017632,499
289476841,45.2762,39.5949,514,26307,0.0347133,0.67,1,4018183,4017669,514
289479761,72.7105,53.0379,543,26388,0.0438853,0.29,1,4018274,4017731,543
289482681,66.8842,85.4152,499,26468,0.0475541,0.01,1,4018337,4017838,499
289485601,50.7537,79.7661,463,26548,0.0490216,0.03,1,4018377,4017914,463
289488521,61.7015,53.5064,496,26628,0.0496087,0.03,1,4018446,4017950,496
289491441,51.0806,64.6026,468,26708,0.0858435,0.01,1,4018490,4018022,468
289494361,39.0322,53.441,453,26787,0.0343374,0.03,1,4018521,4018068,453
289497281,34.2129,39.9764,453,26866,0.031735,0.05,1,4018552,4018099,453
289500201,14.8852,35.1906,423,26945,0.030694,0.03,1,4018554,4018131,423
289503121,36.5541,45.2762,422,27024,0.0302776,0.05,1,4018605,4018183,422
289508961,67.1686,66.8842,426,27180,0.212444,0.05,1,4018763,4018337,426
289520641,37.4027,39.0322,422,27490,0.0986066,0.03,1,4018943,4018521,422
289523561,35.3611,34.2129,425,27567,0.0814426,0.03,1,4018977,4018552,425
289526481,15.3444,14.8852,425,27644,0.0745771,0.03,1,4018979,4018554,425
289529401,35.5378,36.5541,423,27721,0.0838308,0.19,1,4019028,4018605,423
289532321,74.2151,70.4216,430,27797,0.0755323,0.27,1,4019128,4018698,430
289535241,70.486,67.1686,433,27873,0.0602129,0.17,1,4019196,4018763,433
289538161,49.1944,49.6675,430,27949,0.0660852,0.09,1,4019231,4018801,430
289555681,35.973,35.5378,424,28401,0.213853,0.09,1,4019452,4019028,424
289573201,35.9767,50.8528,453,28846,0.202943,0.15,1,4019795,4019342,453
289593641,61.7253,49.5099,499,29355,0.276978,0.21,1,4020154,4019655,499
289602401,35.1264,35.9766,464,29571,0.401007,0.19,1,4020259,4019795,464
289605321,15.2506,34.7907,432,29643,0.418403,0.19,1,4020261,4019829,432
289608241,36.1002,15.1163,480,29714,0.449361,0.17,1,4020311,4019831,480
289640361,73.0017,72.6401,445,30489,0.783044,0.47,2,4020853,4020408,445
289643281,30.4007,30.256,445,30558,0.775217,0.51,2,4020855,4020410,445
289646201,54.1603,54.1024,445,30627,0.772087,0.55,2,4020925,4020480,445
289649121,46.8641,44.441,449,30696,0.806835,0.63,2,4020967,4020518,449
289652041,65.5456,62.1764,453,30765,0.820734,0.67,2,4021045,4020592,453
289654961,55.0183,53.6706,453,30834,0.826294,0.67,2,4021093,4020640,453
289657881,38.8073,37.0682,455,30903,0.828517,0.71,2,4021121,4020666,455
289660801,38.9229,37.0273,457,30971,0.865407,0.71,2,4021160,4020703,457
289663721,16.7692,16.0109,457,31039,0.856163,0.77,2,4021162,4020705,457
289803881,75.948,69.3193,492,34156,0.881148,1,2,4023425,4022933,492
289806801,51.9792,48.1277,494,34218,0.790459,1,2,4023461,4022967,494
289809721,36.3917,19.2511,520,34280,0.766184,1,2,4023487,4022967,520
289882721,23.0976,30.3361,449,35789,0.784196,0.65,2,4024445,4023996,449
289885641,31.439,31.3344,454,35848,0.823678,0.59,2,4024482,4024028,454
289888561,29.3756,31.1338,451,35907,0.863471,0.69,2,4024510,4024059,451
289891481,61.5502,59.2535,456,35966,0.867389,0.69,2,4024593,4024137,456
289894401,41.4201,41.1014,455,36025,0.844955,0.67,2,4024621,4024166,455
289897321,40.568,40.4406,455,36084,0.847982,0.73,2,4024661,4024206,455
290087121,58.1578,51.1261,499,39709,0.874,1,2,4027232,4026733,499
290090041,44.8631,41.4504,500,39762,0.8356,1,2,4027268,4026768,500
290092961,38.9452,38.1802,499,39815,0.76024,1,2,4027303,4026804,499
290101721,33.6205,29.2995,509,39974,0.415135,1,1,4027406,4026897,509
290110481,31.9837,13.2992,532,40133,0.0872887,1,1,4027500,4026968,532
290113401,30.7935,19.1197,539,40186,0.0649155,1,1,4027530,4026991,539
290116321,24.3174,26.8479,527,40239,0.0559662,1,1,4027550,4027023,527
290119241,22.327,32.9391,511,40291,0.0283865,1,1,4027571,4027060,511
290122161,51.5308,35.9757,544,40343,0.0293546,1,1,4027642,4027098,544
290125081,50.0123,61.1903,515,40395,0.0117418,0.79,1,4027691,4027176,515
290128001,38.0049,58.0761,489,40447,0.0466967,0.81,1,4027721,4027232,489
290130921,33.202,44.8304,483,40499,0.0246787,0.71,1,4027751,4027268,483
290133841,35.4808,38.9322,485,40551,0.0518715,0.53,1,4027788,4027303,485
290136761,32.1923,38.3729,477,40603,0.0627486,0.49,1,4027818,4027341,477
290139681,27.2769,34.5491,469,40655,0.0310994,0.33,1,4027842,4027373,469
290142601,25.3108,33.6197,460,40707,0.0424398,0.27,1,4027866,4027406,460
290145521,23.9243,32.6479,451,40759,0.0589759,0.07,1,4027889,4027438,451
290148441,28.7697,30.4591,454,40811,0.0415904,0.03,1,4027921,4027467,454
290151361,31.3079,31.9837,454,40863,0.0466361,0.05,1,4027954,4027500,454
290154281,22.7232,30.7935,441,40915,0.0486545,0.05,1,4027971,4027530,441
290157201,24.0893,24.3174,446,40967,0.0254618,0.01,1,4027996,4027550,446
290160121,50.4357,22.327,493,41019,0.0281847,0.03,1,4028064,4027571,493
290163041,49.5743,51.5308,471,41070,0.0292739,0,1,4028113,4027642,471
290165961,39.0297,50.0123,454,41121,0.0537096,0.07,1,4028145,4027691,454
290168881,32.4119,38.0049,452,41172,0.0994838,0.01,1,4028173,4027721,452
290171801,35.7648,33.202,460,41223,0.0817935,0.07,1,4028211,4027751,460
290183481,24.3876,25.3108,447,41427,0.0968939,0.07,1,4028313,4027866,447
290189321,31.502,28.7697,456,41529,0.083903,0.05,1,4028377,4027921,456
290192241,13.8008,31.3079,425,41580,0.0755612,0.05,1,4028379,4027954,425
290195161,13.9203,22.7232,422,41631,0.0722245,0.01,1,4028393,4027971,422
290198081,22.3681,24.0893,425,41682,0.0828898,0.03,1,4028421,4027996,425
290201001,49.1473,50.4357,424,41733,0.0991559,0.03,1,4028488,4028064,424
290203921,48.4589,49.5743,423,41784,0.0816624,0.07,1,4028536,4028113,423
290206841,41.5836,39.0297,428,41835,0.0506649,0.13,1,4028573,4028145,428
290209761,32.2334,32.4119,426,41885,0.050266,0.07,1,4028599,4028173,426
290212681,36.2934,35.7648,427,41935,0.0381064,0.15,1,4028638,4028211,427
290215601,33.7173,32.3059,429,41985,0.0692426,0.09,1,4028670,4028241,429
290230201,29.2067,31.502,423,42235,0.214453,0.07,1,4028800,4028377,423
290233121,12.8827,13.8008,423,42285,0.247781,0.07,1,4028802,4028379,423
290236041,12.9531,13.9203,422,42335,0.249112,0.09,1,4028815,4028393,422
290271081,30.7451,29.2067,433,42929,0.234433,0.27,1,4029233,4028800,433
290274001,13.4981,12.8827,433,42978,0.255773,0.25,1,4029235,4028802,433
290276921,12.5992,12.9531,432,43027,0.240309,0.25,1,4029247,4028815,432
290279841,20.6397,5.18123,458,43076,0.234124,0.15,1,4029273,4028815,458
290282761,49.0559,20.0725,496,43125,0.255649,0.19,1,4029341,4028845,496
290285681,47.2224,48.829,474,43174,0.27626,0.19,1,4029387,4028913,474
290288601,38.6889,47.1316,461,43223,0.296504,0.13,1,4029420,4028959,461
290323641,50.2954,20.6397,502,43805,0.410591,0.27,1,4029775,4029273,502
290326561,48.3182,49.0559,481,43853,0.446236,0.29,1,4029822,4029341,481
290402481,12.9333,13.5446,449,45087,0.758248,0.59,2,4030568,4030119,449
290405401,21.3733,21.6178,449,45134,0.753299,0.55,2,4030595,4030146,449
290408321,9.74933,9.84713,449,45181,0.77532,0.57,2,4030597,4030148,449
290411241,46.4997,45.9389,450,45228,0.820128,0.65,2,4030668,4030218,450
290414161,50.3999,48.3755,453,45275,0.838051,0.63,2,4030721,4030268,453
290417081,40.56,39.7502,453,45322,0.86922,0.65,2,4030755,4030302,453
290420001,31.824,32.1001,452,45369,0.857688,0.61,2,4030781,4030329,452
290422921,36.7296,36.84,452,45415,0.865075,0.63,2,4030821,4030369,452
290425841,38.0918,37.536,453,45461,0.88003,0.69,2,4030860,4030407,453
290428761,31.4367,30.6144,454,45507,0.886012,0.69,2,4030887,4030433,454
290636081,28.9784,30.4358,504,48686,0.8764,1,2,4033077,4032573,504
290639001,31.3914,32.5743,503,48729,0.86056,1,2,4033110,4032607,503
290641921,34.7565,41.8297,492,48772,0.818224,1,2,4033147,4032655,492
290644841,34.9026,37.7319,492,48815,0.75329,1,2,4033182,4032690,492
290656521,22.4935,28.7579,516,48987,0.43434,1,1,4033296,4032780,516
290662361,31.319,28.9613,521,49073,0.265094,1,1,4033359,4032838,521
290665281,29.9276,31.3845,517,49116,0.208038,1,1,4033388,4032871,517
290674041,20.3234,28.1446,492,49245,0.0869944,1,1,4033453,4032961,492
290676961,26.7293,25.6578,499,49288,0.0527978,1,1,4033484,4032985,499
290679881,29.8917,28.8631,500,49331,0.0511191,0.86,1,4033516,4033016,500
290682801,26.3567,31.9453,490,49374,0.0624476,0.85,1,4033540,4033050,490
290685721,30.3427,28.9781,496,49417,0.0429791,0.85,1,4033573,4033077,496
290688641,33.7371,31.3912,499,49460,0.0471916,0.79,1,4033609,4033110,499
290691561,29.6948,34.7565,489,49503,0.0488766,0.71,1,4033636,4033147,489
290694481,30.4779,34.9026,485,49546,0.0615507,0.59,1,4033667,4033182,485
290697401,30.1912,34.961,480,49589,0.0306203,0.45,1,4033697,4033217,480
290700321,24.6765,35.5844,465,49631,0.0662481,0.43,1,4033718,4033253,465
290703241,18.2706,29.2338,454,49673,0.0684992,0.41,1,4033732,4033278,454
290706161,22.9082,22.4935,462,49715,0.0573997,0.29,1,4033758,4033296,462
290709081,27.1633,25.7974,464,49757,0.0889599,0.21,1,4033788,4033324,464
290720761,18.9162,25.3084,441,49925,0.0801814,0.05,1,4033877,4033436,441
290723681,27.3665,20.3234,457,49967,0.0620725,0.03,1,4033910,4033453,457
290726601,28.9466,26.7293,456,50009,0.042829,0.05,1,4033940,4033484,456
290729521,24.1786,29.8917,445,50051,0.0471316,0.07,1,4033961,4033516,445
290732441,30.0715,26.3567,455,50093,0.0368526,0.03,1,4033995,4033540,455
290735361,34.2286,30.3427,459,50135,0.0447411,0.05,1,4034032,4033573,459
290738281,30.4914,33.7371,451,50177,0.0598964,0.05,1,4034060,4033609,451
290741201,30.1966,29.6948,454,50219,0.0899586,0.07,1,4034090,4033636,454
290744121,30.0786,30.4779,453,50261,0.0899834,0.01,1,4034120,4033667,453
290782081,31.4521,30.0715,425,50806,0.097655,0.05,1,4034420,4033995,425
290785001,34.7808,34.2286,425,50847,0.093062,0.07,1,4034457,4034032,425
290808361,25.9496,26.1541,427,51175,0.211158,0.17,1,4034641,4034214,427
290811281,26.5799,26.0616,428,51216,0.210463,0.15,1,4034668,4034240,428
290814201,26.2319,26.6247,427,51257,0.234185,0.15,1,4034694,4034267,427
290817121,22.4928,22.6499,427,51298,0.267674,0.11,1,4034714,4034287,427
290820041,18.5971,18.6599,427,51339,0.29307,0.19,1,4034730,4034303,427
290822961,27.2388,26.064,429,51380,0.267228,0.17,1,4034763,4034334,429
290825881,27.6955,27.8256,428,51421,0.292891,0.17,1,4034791,4034363,428
290828801,23.0782,23.1302,428,51462,0.291156,0.05,1,4034811,4034383,428
290834641,33.4525,34.7808,424,51544,0.299785,0.11,1,4034881,4034457,424
290860921,27.1866,24.9239,458,51913,0.401428,0.21,1,4035099,4034641,458
290863841,26.4746,26.1695,457,51954,0.406571,0.25,1,4035125,4034668,457
290866761,24.3899,26.0678,454,51995,0.420628,0.29,1,4035148,4034694,454
290869681,19.3559,22.4271,450,52035,0.426251,0.31,1,4035164,4034714,450
290872601,26.9424,18.5709,466,52075,0.440501,0.25,1,4035196,4034730,466
290875521,28.777,27.2283,463,52115,0.4462,0.31,1,4035226,4034763,463
290948521,12.7868,28.3967,448,53115,0.751978,0.49,2,4035887,4035439,448
290951441,11.1147,12.5587,456,53155,0.762791,0.51,2,4035897,4035441,456
290954361,24.2459,11.0235,479,53195,0.779117,0.53,2,4035930,4035451,479
290957281,27.0984,23.6094,476,53235,0.809647,0.53,2,4035959,4035483,476
290960201,12.0393,26.2438,450,53275,0.797859,0.59,2,4035961,4035511,450
290963121,22.8157,27.8975,451,53315,0.829143,0.61,2,4035991,4035540,451
290966041,25.3263,26.759,452,53354,0.853657,0.63,2,4036018,4035566,452
290968961,25.1305,25.1036,453,53393,0.827463,0.63,2,4036043,4035590,453
290971881,19.6522,19.6414,453,53432,0.816985,0.61,2,4036059,4035606,453
290974801,27.6609,27.6566,453,53471,0.824794,0.63,2,4036092,4035639,453
290977721,30.8644,30.2626,454,53510,0.815918,0.65,2,4036125,4035671,454
290980641,24.3457,24.1051,454,53549,0.824367,0.63,2,4036145,4035691,454
290983561,31.3383,30.642,455,53588,0.803747,0.69,2,4036181,4035726,455
290986481,35.3353,34.4568,456,53627,0.795499,0.69,2,4036219,4035763,456
290989401,33.3341,32.9827,456,53666,0.8042,0.71,2,4036251,4035795,456
290992321,33.1337,31.7931,458,53705,0.83168,0.73,2,4036284,4035826,458
290995241,33.0535,31.9172,459,53744,0.866672,0.73,2,4036317,4035858,459
290998161,30.0214,28.9669,460,53783,0.880669,0.77,2,4036345,4035885,460
291001081,13.2086,12.7868,460,53822,0.886267,0.77,2,4036347,4035887,460
291249281,184.6,213.586,462,26280,0.2116,0.73,1,4039077,4038615,462
291262421,88.936,102.214,444,26280,0.047056,0.51,1,4039200,4038756,444
291294541,48.7744,54.0855,444,26280,0.0488224,0.45,1,4039222,4038778,444
291297461,64.5098,45.0342,480,26361,0.073529,0.15,1,4039297,4038817,480
291300381,42.6039,60.6137,437,26441,0.0474116,0.13,1,4039325,4038888,437
291303301,33.2416,39.2455,439,26521,0.0489646,0.03,1,4039352,4038913,439
291306221,33.6966,34.8982,441,26601,0.0375859,0.03,1,4039386,4038945,441
291309141,29.0786,31.9593,437,26681,0.0210343,0.07,1,4039412,4038975,437
291312061,47.0315,40.3837,450,26760,0.0504137,0.05,1,4039471,4039021,450
291314981,59.6126,49.7535,462,26839,0.0621655,0.03,1,4039539,4039077,462
291317901,56.245,57.7014,453,26918,0.0428662,0.01,1,4039593,4039140,453
291320821,53.098,59.0806,444,26997,0.0471465,0.09,1,4039644,4039200,444
291323741,66.8392,81.8322,423,27075,0.0608586,0.03,1,4039720,4039297,423
291326661,45.3357,49.5329,426,27153,0.0903434,0.05,1,4039751,4039325,426
291332501,34.9737,34.8053,425,27309,0.046855,0.01,1,4039811,4039386,425
291335421,28.3895,29.5221,423,27387,0.060742,0.07,1,4039835,4039412,423
291338341,49.1558,47.2088,427,27464,0.0542968,0.07,1,4039898,4039471,427
291341261,58.0623,59.6835,423,27541,0.0637187,0.03,1,4039962,4039539,423
291344181,56.2249,56.2734,424,27618,0.0434875,0.05,1,4040017,4039593,424
291347101,52.49,53.1094,423,27695,0.047395,0.07,1,4040067,4039644,423
291350021,68.396,66.8437,426,27771,0.036958,0.11,1,4040146,4039720,426
291352941,47.1584,45.3375,428,27847,0.0567832,0.11,1,4040179,4039751,428
291355861,32.0634,31.935,427,27923,0.0527133,0.01,1,4040201,4039774,427
291358781,32.0253,34.974,422,27999,0.0390853,0.07,1,4040233,4039811,422
291361701,27.8101,28.3896,423,28075,0.0696341,0.05,1,4040258,4039835,423
291364621,48.9241,49.1558,423,28150,0.0458536,0.07,1,4040321,4039898,423
291367541,57.9696,58.0623,423,28225,0.0363415,0.03,1,4040385,4039962,423
291370461,55.5878,56.2249,422,28300,0.0205366,0.05,1,4040439,4040017,422
291373381,52.2351,52.49,422,28375,0.0382146,0.05,1,4040489,4040067,422
291376301,68.2941,20.996,501,28450,0.0572859,0.03,1,4040568,4040067,501
291379221,47.7176,55.7984,456,28524,0.0529143,0.07,1,4040602,4040146,456
291382141,32.887,42.1194,446,28598,0.0631657,0.05,1,4040625,4040179,446
291385061,31.1548,30.0477,454,28672,0.0552663,0.03,1,4040655,4040201,454
291387981,28.0619,31.2191,448,28746,0.0641065,0.09,1,4040681,4040233,448
291390901,47.8248,27.4876,484,28820,0.0676426,0.03,1,4040742,4040258,484
291393821,58.1299,48.7951,486,28893,0.069057,0.03,1,4040807,4040321,486
291396741,55.052,57.918,475,28966,0.0816228,0.01,1,4040860,4040385,475
291399661,52.0208,55.5672,471,29039,0.0746491,0.05,1,4040910,4040439,471
291402581,69.4083,52.2269,502,29112,0.0718597,0.07,1,4040991,4040489,502
291405501,48.1633,68.2908,457,29185,0.0707439,0.05,1,4041025,4040568,457
291408421,32.4653,47.7163,445,29258,0.0822975,0.07,1,4041047,4040602,445
291423021,54.5014,58.1299,476,29618,0.202472,0.09,1,4041283,4040807,476
291425941,52.4006,55.052,474,29689,0.242989,0.07,1,4041334,4040860,474
291428861,69.5602,52.0208,505,29760,0.271195,0.07,1,4041415,4040910,505
291446381,49.2733,48.1338,431,30184,0.415199,0.21,1,4041597,4041166,431
291449301,59.3093,58.2535,432,30254,0.43608,0.21,1,4041663,4041231,432
291452221,54.9237,54.5014,432,30324,0.444432,0.27,1,4041715,4041283,432
291513541,58.1808,56.2972,511,31757,0.759351,0.67,2,4042670,4042159,511
291516461,72.4723,57.9189,534,31824,0.813741,0.67,2,4042752,4042218,534
291519381,51.1889,71.1675,491,31890,0.823496,0.69,2,4042789,4042298,491
291522301,21.6756,50.067,457,31956,0.827399,0.69,2,4042791,4042334,457
291525221,22.4702,21.2268,478,32022,0.840959,0.71,2,4042814,4042336,478
291528141,31.7881,21.6907,494,32088,0.870384,0.73,2,4042852,4042358,494
291531061,28.3152,30.2763,484,32154,0.870153,0.73,2,4042878,4042394,484
291533981,49.7261,28.3105,521,32220,0.870061,0.71,2,4042942,4042421,521
291536901,61.8904,50.3242,526,32286,0.894025,0.67,2,4043012,4042486,526
291659541,330.59,328.069,518,14600,0.78328,1,2,4044853,4044335,518
291671221,83.0503,101.763,473,15877,0.751716,0.71,2,4045283,4044810,473
291674141,45.8201,58.7053,464,16011,0.774686,0.61,2,4045304,4044840,464
291677061,125.728,138.082,452,16144,0.843875,0.69,2,4045483,4045031,452
291779261,71.5605,86.6557,528,20239,0.8836,1,2,4048440,4047912,528
291782181,77.8242,65.8623,558,20344,0.76744,1,2,4048522,4047964,558
291793861,82.8483,112.748,533,20758,0.432494,0.89,1,4048843,4048310,533
291802621,30.2143,77.8239,456,21063,0.28616,0.57,1,4048978,4048522,456
291846421,50.431,49.3789,449,22526,0.765635,0.55,2,4049925,4049476,449
291849341,40.5724,19.7516,483,22620,0.756254,0.59,2,4049959,4049476,483
291852261,109.829,28.9006,604,22714,0.752502,0.65,2,4050115,4049511,604
291855181,86.5316,102.16,524,22807,0.775001,0.73,2,4050186,4049662,524
291858101,65.8126,81.0641,509,22900,0.796,0.75,2,4050238,4049729,509
291861021,73.1251,64.2256,534,22993,0.8644,0.73,2,4050316,4049782,534
291863941,30.45,71.8903,459,23085,0.89176,0.73,2,4050318,4049859,459
291957381,46.7436,47.6444,514,25860,0.845976,1,2,4052287,4051773,514
291960301,39.6975,36.4578,520,25942,0.81239,1,2,4052322,4051802,520
292012861,100.6,99.5426,449,27374,0.76729,0.53,2,4053373,4052924,449
292015781,55.8402,57.217,446,27451,0.780916,0.55,2,4053399,4052953,446
292018701,51.7361,50.4868,449,27528,0.774366,0.59,2,4053448,4052999,449
292021621,42.2944,41.7947,449,27605,0.795747,0.55,2,4053484,4053035,449
292024541,18.1178,17.9179,449,27682,0.780299,0.61,2,4053486,4053037,449
292027461,56.4471,55.7672,450,27759,0.834119,0.57,2,4053568,4053118,450
292030381,45.3788,44.5069,451,27835,0.855648,0.67,2,4053606,4053155,451
292036221,42.3006,40.0011,457,27987,0.894104,0.81,2,4053689,4053232,457
292167621,39.4527,41.2754,485,31207,0.830616,1,2,4055981,4055496,485
292179301,81.578,32.5015,604,31478,0.252288,1,1,4056200,4055596,604
292185141,55.8925,60.5202,531,31612,0.089566,1,1,4056299,4055768,531
292188061,43.957,63.2081,502,31679,0.0898264,1,1,4056335,4055833,502
292190981,31.9828,40.2832,501,31746,0.0899306,0.9,1,4056359,4055858,501
292196821,33.1972,50.6053,488,31880,0.0827889,0.77,1,4056437,4055949,488
292211421,55.4631,81.5777,468,32210,0.0591486,0.03,1,4056668,4056200,468
292214341,55.1853,60.2311,477,32276,0.0776594,0.07,1,4056723,4056246,477
292234781,29.3788,28.1116,456,32732,0.200647,0.13,1,4056952,4056496,456
292237701,12.9515,28.6446,429,32797,0.206259,0.09,1,4056954,4056525,429
292240621,59.1806,69.6578,422,32861,0.244504,0.03,1,4057044,4056622,422
292243541,51.2722,55.4631,422,32925,0.223801,0.09,1,4057090,4056668,422
292249381,43.8436,44.2741,426,33053,0.0994082,0.13,1,4057186,4056760,426
292263981,29.2029,28.447,432,33372,0.227415,0.21,1,4057354,4056922,432
292266901,29.6812,29.3788,432,33435,0.252966,0.21,1,4057384,4056952,432
292269821,13.0725,12.9515,432,33498,0.287186,0.27,1,4057386,4056954,432
292272741,59.829,59.1806,433,33561,0.288875,0.21,1,4057477,4057044,433
292293181,38.9762,37.0072,432,34000,0.409682,0.25,1,4057762,4057330,432
292316541,34.5541,40.4596,465,34495,0.414497,0.31,1,4058076,4057611,465
292319461,43.2216,33.5838,485,34556,0.435799,0.37,1,4058125,4057640,485
292369101,62.4454,13.3354,541,35583,0.777305,0.61,2,4058800,4058259,541
292372021,51.3781,59.3342,495,35642,0.796922,0.61,2,4058844,4058349,495
292374941,21.7513,50.1337,453,35701,0.804769,0.61,2,4058846,4058393,453
292377861,41.1005,53.0535,452,35760,0.843908,0.63,2,4058900,4058448,452
292380781,42.2402,45.8214,454,35819,0.847563,0.71,2,4058943,4058489,454
292383701,35.4961,36.3286,455,35878,0.837025,0.71,2,4058974,4058519,455
292386621,44.7984,43.9314,457,35937,0.86881,0.69,2,4059025,4058568,457
292392461,42.2077,41.709,457,36055,0.89621,0.73,2,4059105,4058648,457
292553061,39.215,41.3423,493,39147,0.876756,1,2,4061254,4060761,493
292555981,39.686,35.7369,501,39201,0.884702,1,2,4061294,4060793,501
292558901,35.0744,37.0948,495,39255,0.863881,1,2,4061326,4060831,495
292561821,32.0298,37.0379,488,39309,0.831552,0.99,2,4061356,4060868,488
292564741,36.2119,32.8152,497,39363,0.758621,1,2,4061395,4060898,497
292582261,29.267,34.4844,479,39684,0.449402,0.88,1,4061583,4061104,479
292585181,56.7068,60.5937,476,39737,0.437761,0.91,1,4061658,4061182,476
292588101,43.6827,47.0375,473,39790,0.421104,0.85,1,4061693,4061220,473
292593941,36.7492,39.686,469,39896,0.426177,0.85,1,4061763,4061294,469
292596861,31.4997,35.0744,465,39949,0.428471,0.81,1,4061791,4061326,465
292599781,27.5999,32.0298,460,40002,0.441388,0.71,1,4061816,4061356,460
292602701,31.44,36.2119,455,40055,0.422555,0.65,1,4061850,4061395,455
292605621,28.776,32.4848,452,40108,0.427022,0.65,1,4061877,4061425,452
292608541,25.9104,12.9939,476,40161,0.416809,0.63,1,4061901,4061425,476
292611461,35.5642,20.1976,493,40214,0.436724,0.51,1,4061943,4061450,493
292669861,36.5138,38.1573,482,41250,0.759707,0.51,2,4062649,4062167,482
292672781,35.0055,36.2629,481,41301,0.753883,0.57,2,4062683,4062202,481
292675701,29.0022,33.1052,475,41352,0.775553,0.59,2,4062708,4062233,475
292678621,32.0009,27.6421,485,41403,0.796221,0.61,2,4062742,4062257,485
292681541,30.2004,31.4568,480,41454,0.816489,0.61,2,4062771,4062291,480
292684461,25.2801,29.3827,474,41505,0.824595,0.61,2,4062793,4062319,474
292687381,11.3121,25.5531,453,41556,0.827838,0.63,2,4062795,4062342,453
292690301,31.5248,36.6212,454,41607,0.841135,0.65,2,4062840,4062386,454
292693221,28.8099,30.2485,455,41658,0.834454,0.67,2,4062867,4062412,455
292696141,28.324,28.8994,455,41709,0.831782,0.65,2,4062895,4062440,455
292699061,27.5296,27.7598,455,41760,0.830713,0.73,2,4062922,4062467,455
292701981,59.6118,57.9039,458,41811,0.854285,0.71,2,4063003,4062545,458
292704901,44.2447,42.9616,459,41861,0.863714,0.77,2,4063037,4062578,459
292707821,40.4979,38.7846,461,41911,0.867486,0.77,2,4063075,4062614,461
292713661,35.0397,35.0055,460,42011,0.895998,0.79,2,4063143,4062683,460
292925361,33.7037,48.9081,441,21156,0.22973,0.21,1,4065776,4065335,441
292928281,60.2815,72.3633,431,21256,0.217892,0.09,1,4065854,4065423,431
292931201,73.3126,80.5453,427,21356,0.273157,0.17,1,4065936,4065509,427
292942881,51.3072,50.134,432,21750,0.414753,0.25,1,4066186,4065754,432
292945801,33.7229,33.2536,432,21848,0.447901,0.21,1,4066208,4065776,432
292983761,55.3734,82.4082,488,23078,0.772072,0.69,2,4067083,4066595,488
292986681,35.3494,52.7633,477,23170,0.794829,0.71,2,4067105,4066628,477
292989601,62.1397,34.9053,534,23261,0.851932,0.69,2,4067185,4066651,534
292992521,76.4559,61.3621,541,23352,0.886773,0.69,2,4067271,4066730,541
293094721,79.4102,69.8739,563,26341,0.752917,1,2,4069393,4068830,563
293112241,39.0553,48.2851,505,26819,0.432832,0.99,1,4069685,4069180,505
293115161,65.4221,40.314,553,26898,0.443133,0.85,1,4069768,4069215,553
293118081,27.3688,72.5256,461,26977,0.435253,0.65,1,4069770,4069309,461
293121001,57.1475,79.4102,454,27056,0.444101,0.51,1,4069847,4069393,454
293123921,47.459,59.9641,448,27134,0.411641,0.49,1,4069888,4069440,448
293126841,30.3836,37.7856,444,27212,0.410656,0.47,1,4069907,4069463,444
293158961,67.4692,64.5014,450,28057,0.759318,0.59,2,4070511,4070061,450
293161881,47.9877,47.4006,449,28132,0.777727,0.59,2,4070546,4070097,449
293167721,66.598,64.8241,453,28282,0.773636,0.65,2,4070664,4070211,453
293170641,27.8392,27.1296,453,28357,0.783455,0.65,2,4070666,4070213,453
293173561,56.7357,10.8519,529,28432,0.799382,0.65,2,4070742,4070213,529
293176481,47.2943,49.9407,494,28506,0.829753,0.65,2,4070783,4070289,494
293179401,32.1177,43.9763,476,28580,0.817901,0.69,2,4070805,4070329,476
293182321,71.0471,31.3905,550,28654,0.81316,0.79,2,4070902,4070352,550
293185241,69.2188,67.7562,526,28728,0.847264,0.77,2,4070970,4070444,526
293188161,48.0875,67.3025,493,28802,0.872906,0.79,2,4071004,4070511,493
293191081,38.435,47.921,490,28876,0.895162,0.73,2,4071036,4070546,490
293319561,51.7805,50.4952,525,31943,0.85912,1,2,4073222,4072697,525
293337081,60.5921,44.2507,545,32339,0.0735817,1,1,4073500,4072955,545
293340001,56.6368,69.3003,513,32404,0.0474327,1,1,4073554,4073041,513
293342921,49.0547,49.3201,521,32469,0.0369731,0.97,1,4073598,4073077,521
293345841,40.0219,49.128,506,32534,0.0327892,1,1,4073632,4073126,506
293348761,45.4088,42.4512,517,32599,0.0131157,0.77,1,4073681,4073164,517
293351681,33.1635,51.7805,484,32664,0.0112463,0.63,1,4073706,4073222,484
293354601,31.2654,39.9122,482,32729,0.0104985,0.55,1,4073736,4073254,482
293357521,13.7062,37.5649,448,32794,0.0101994,0.41,1,4073738,4073290,448
293360441,30.0825,45.626,438,32858,0.0220798,0.25,1,4073779,4073341,438
293363361,30.033,37.4504,436,32922,0.0388319,0.05,1,4073809,4073373,436
293366281,39.6132,50.9802,422,32986,0.0575328,0.01,1,4073855,4073433,422
293369201,56.0453,60.5921,422,33050,0.0290131,0.03,1,4073922,4073500,422
293372121,55.4181,56.6368,423,33114,0.0176052,0.03,1,4073977,4073554,423
293375041,47.9672,49.0547,422,33178,0.0250421,0.03,1,4074020,4073598,422
293377961,39.5869,40.0219,422,33242,0.0280168,0,1,4074054,4073632,422
293380881,45.2348,45.4088,422,33306,0.0532067,0.01,1,4074103,4073681,422
293383801,33.6939,33.1635,423,33370,0.0212827,0.01,1,4074129,4073706,423
293386721,30.8776,31.2654,422,33433,0.0505131,0.01,1,4074158,4073736,422
293389641,13.551,13.7062,422,33496,0.0622052,0.03,1,4074160,4073738,422
293392561,30.6204,30.0825,423,33559,0.0548821,0.05,1,4074202,4073779,423
293395481,29.6482,30.033,422,33622,0.0519528,0.07,1,4074231,4073809,422
293398401,40.0593,39.6132,423,33685,0.0867811,0.01,1,4074278,4073855,423
293401321,55.6237,56.0453,422,33748,0.0407125,0.01,1,4074344,4073922,422
293404241,56.4495,55.4181,424,33811,0.046285,0.03,1,4074401,4073977,424
293407161,47.7798,47.9672,423,33874,0.024514,0.03,1,4074443,4074020,423
293410081,38.9119,39.5869,422,33936,0.0278056,0.07,1,4074476,4074054,422
293413001,45.5648,45.2348,423,33998,0.0411222,0,1,4074526,4074103,423
293415921,33.2259,33.6939,422,34060,0.0164489,0.07,1,4074551,4074129,422
293418841,33.0904,30.8776,426,34122,0.0365796,0.07,1,4074584,4074158,426
293421761,14.4361,13.551,426,34184,0.0446318,0.05,1,4074586,4074160,426
293424681,29.7745,30.6204,424,34246,0.0598527,0.05,1,4074626,4074202,424
293427601,29.3098,12.2482,453,34308,0.0539411,0.05,1,4074655,4074202,453
293430521,39.9239,22.2993,471,34370,0.0515764,0.11,1,4074702,4074231,471
293433441,53.7696,37.1197,487,34432,0.0386306,0.01,1,4074765,4074278,487
293436361,55.7078,54.4479,478,34493,0.0214522,0.05,1,4074822,4074344,478
293439281,47.4831,55.9792,463,34554,0.0145809,0.01,1,4074864,4074401,463
293442201,39.3933,47.5917,455,34615,0.0478324,0.03,1,4074898,4074443,455
293445121,45.1573,38.8367,471,34676,0.0491329,0.05,1,4074947,4074476,471
293448041,33.0629,45.5347,446,34737,0.0196532,0,1,4074972,4074526,446
293450961,34.2252,33.2139,456,34798,0.0258613,0.05,1,4075007,4074551,456
293453881,14.8901,33.0855,425,34859,0.0283445,0.05,1,4075009,4074584,425
293456801,30.556,14.4342,464,34920,0.0533378,0.07,1,4075050,4074586,464
293459721,29.0224,29.7737,452,34981,0.0633351,0.05,1,4075078,4074626,452
293462641,39.809,29.3095,470,35041,0.091334,0.05,1,4075125,4074655,470
293468481,55.2094,53.7695,478,35161,0.0518134,0.01,1,4075243,4074765,478
293471401,48.4838,55.7078,465,35221,0.0387254,0.01,1,4075287,4074822,465
293474321,39.1935,47.4831,456,35281,0.0454901,0.07,1,4075320,4074864,456
293477241,45.6774,39.3932,472,35341,0.0481961,0.05,1,4075370,4074898,472
293480161,32.071,45.1573,446,35401,0.0372784,0,1,4075393,4074947,446
293483081,34.4284,33.0629,457,35461,0.0329114,0.03,1,4075429,4074972,457
293486001,14.9714,34.2252,424,35521,0.0311645,0.03,1,4075431,4075007,424
293488921,31.7885,14.8901,465,35581,0.0184658,0.07,1,4075474,4075009,465
293491841,29.5154,30.556,452,35640,0.0253863,0.07,1,4075502,4075050,452
293494761,13.0062,29.0224,426,35699,0.0281545,0.11,1,4075504,4075078,426
293497681,34.0025,39.809,427,35758,0.0772618,0.13,1,4075552,4075125,427
293503521,52.3604,55.2094,422,35876,0.0855619,0.03,1,4075665,4075243,422
293506441,47.9442,48.4838,423,35935,0.0342248,0.05,1,4075710,4075287,423
293509361,39.5777,39.1935,424,35994,0.0436899,0.05,1,4075744,4075320,424
293512281,45.8311,45.6774,424,36053,0.071476,0.03,1,4075794,4075370,424
293515201,31.5324,32.071,423,36112,0.0945904,0.03,1,4075816,4075393,423
293518121,34.213,34.4284,423,36171,0.0918362,0.03,1,4075852,4075429,423
293567761,34.8496,34.6963,427,37151,0.212121,0.15,1,4076404,4075977,427
293570681,51.7399,13.8785,490,37208,0.210849,0.17,1,4076467,4075977,490
293573601,51.2959,42.1514,480,37265,0.210339,0.21,1,4076518,4076038,480
293582361,47.4189,38.3137,481,37436,0.203302,0.17,1,4076647,4076166,481
293585281,33.3676,47.7255,451,37492,0.219321,0.15,1,4076671,4076220,451
293588201,34.347,32.8902,463,37548,0.237728,0.13,1,4076706,4076243,463
293591121,14.9388,34.1561,430,37604,0.245091,0.15,1,4076708,4076278,430
293594041,31.7755,14.8624,471,37660,0.248037,0.17,1,4076751,4076280,471
293596961,32.5102,31.145,462,37716,0.249215,0.19,1,4076784,4076322,462
293599881,14.2041,31.058,433,37772,0.249686,0.19,1,4076786,4076353,433
293602801,35.6816,13.6232,481,37828,0.285874,0.23,1,4076836,4076355,481
293608641,51.1891,51.7397,482,37940,0.29414,0.21,1,4076949,4076467,482
293632001,32.1753,31.7755,466,38383,0.401365,0.25,1,4077217,4076751,466
293634921,14.0701,32.5102,435,38438,0.406546,0.25,1,4077219,4076784,435
293637841,37.4281,14.2041,486,38493,0.408618,0.31,1,4077272,4076786,486
293640761,52.1712,35.6816,498,38548,0.409447,0.31,1,4077334,4076836,498
293643681,51.4685,51.4727,487,38603,0.445779,0.29,1,4077385,4076898,487
293675801,37.4678,37.4281,442,39200,0.752704,0.41,2,4077714,4077272,442
293678721,52.1871,52.1712,442,39254,0.763081,0.47,2,4077776,4077334,442
293681641,53.2748,51.4685,445,39308,0.803233,0.47,2,4077830,4077385,445
293684561,22.5099,21.7874,445,39362,0.819293,0.51,2,4077832,4077387,445
293687481,36.004,34.515,447,39416,0.837717,0.55,2,4077877,4077430,447
293690401,35.4016,34.806,447,39470,0.893087,0.57,2,4077912,4077465,447
293941521,162.79,166.432,485,19818,0.295308,0.61,1,4080978,4080493,485
293944441,126.316,114.573,507,19925,0.244123,0.47,1,4081080,4080573,507
293947361,93.1264,102.229,484,20031,0.247649,0.35,1,4081151,4080667,484
293950281,86.4506,96.6917,473,20137,0.22506,0.27,1,4081233,4080760,473
293953201,80.7802,80.6767,480,20242,0.240024,0.19,1,4081310,4080830,480
293956121,46.1121,63.4707,451,20347,0.25801,0.15,1,4081333,4080882,451
293964881,77.9512,83.5501,504,20658,0.406993,0.25,1,4081584,4081080,504
293994081,47.4853,45.6644,451,21663,0.792647,0.59,2,4082218,4081767,451
293997001,20.1941,19.4658,451,21761,0.815059,0.67,2,4082220,4081769,451
293999921,57.2776,53.9863,456,21858,0.824024,0.73,2,4082302,4081846,456
294002841,87.7111,86.3945,456,21955,0.863609,0.75,2,4082410,4081954,456
294096281,74.506,75.4248,481,24859,0.883216,1,2,4084469,4083988,481
294110881,80.4957,84.9058,490,25282,0.421604,1,1,4084784,4084294,490
294116721,49.3593,57.2649,481,25450,0.282257,0.94,1,4084864,4084383,481
294119641,57.5437,22.906,544,25533,0.226903,0.83,1,4084927,4084383,544
294122561,82.4175,60.7624,557,25616,0.204761,0.65,1,4085026,4084469,557
294125481,52.167,84.305,489,25699,0.219904,0.59,1,4085058,4084569,489
294128401,30.4668,55.922,468,25781,0.261962,0.57,1,4085074,4084606,468
294131321,41.5867,34.9688,496,25863,0.242785,0.43,1,4085123,4084627,496
294134241,76.0347,46.3875,541,25945,0.271114,0.37,1,4085222,4084681,541
294143001,54.8342,49.3368,493,26189,0.424631,0.19,1,4085357,4084864,493
294195561,83.9517,83.4159,455,27608,0.857485,0.67,2,4086356,4085901,455
294306521,56.3095,50.8729,494,30384,0.85912,1,2,4088282,4087788,494
294309441,41.1238,35.9492,499,30454,0.781648,1,2,4088313,4087814,499
294321121,68.2096,68.4083,496,30730,0.409338,1,1,4088485,4087989,496
294324041,45.2838,48.9633,490,30799,0.277735,1,1,4088515,4088025,490
294326961,40.3135,49.5853,477,30868,0.201094,0.97,1,4088552,4088075,477
294329881,59.3254,59.4341,483,30937,0.0804376,0.9,1,4088624,4088141,483
294332801,72.9302,86.7737,460,31005,0.0381751,0.81,1,4088706,4088246,460
294335721,49.5721,56.3095,458,31073,0.03327,0.73,1,4088740,4088282,458
294338641,36.0288,41.1238,454,31141,0.043308,0.67,1,4088767,4088313,454
294341561,30.0115,32.6495,453,31209,0.0353232,0.65,1,4088793,4088340,453
294344481,22.2046,25.0598,450,31277,0.0681293,0.65,1,4088810,4088360,450
294347401,24.4818,10.0239,476,31345,0.0452517,0.53,1,4088836,4088360,476
294350321,60.7927,22.0096,531,31413,0.0961007,0.29,1,4088921,4088390,531
294362001,69.8171,59.1714,503,31681,0.0784442,0.01,1,4089127,4088624,503
294370761,31.0123,36.019,449,31881,0.0787004,0.03,1,4089216,4088767,449
294373681,22.6049,30.0076,440,31947,0.0734802,0.09,1,4089233,4088793,440
294376601,24.642,22.203,449,32013,0.0713921,0.03,1,4089259,4088810,449
294417481,32.3717,37.8171,429,32926,0.237586,0.17,1,4089842,4089413,429
294420401,48.3487,49.9268,430,32990,0.245034,0.17,1,4089901,4089471,430
294423321,63.7395,66.7707,426,33054,0.272014,0.11,1,4089975,4089549,426
294426241,50.0958,50.1083,428,33118,0.270806,0.17,1,4090016,4089588,428
294429161,37.4383,36.2433,430,33182,0.246322,0.17,1,4090045,4089615,430
294432081,29.3753,28.8973,430,33246,0.260529,0.19,1,4090069,4089639,430
294435001,23.1501,22.3589,431,33310,0.230212,0.17,1,4090088,4089657,431
294437921,26.0601,25.1436,432,33373,0.242085,0.19,1,4090116,4089684,432
294440841,63.824,64.0574,431,33436,0.294834,0.19,1,4090205,4089774,431
294449601,32.8367,32.3717,433,33625,0.401189,0.25,1,4090275,4089842,433
294452521,49.1347,48.3487,434,33688,0.442476,0.29,1,4090335,4089901,434
294513841,36.3792,32.1741,484,34984,0.753845,0.55,2,4091165,4090681,484
294516761,52.3517,34.4696,511,35044,0.835538,0.57,2,4091228,4090717,511
294519681,66.5407,50.9879,525,35104,0.844215,0.61,2,4091304,4090779,525
294522601,50.6163,64.7951,491,35164,0.847686,0.61,2,4091344,4090853,491
294525521,37.0465,49.9181,479,35224,0.849074,0.61,2,4091372,4090893,479
294528441,30.4186,36.7672,477,35284,0.84963,0.59,2,4091398,4090921,477
294531361,23.5674,29.7069,471,35344,0.873852,0.65,2,4091417,4090946,471
294534281,26.227,22.6828,481,35404,0.883541,0.65,2,4091445,4090964,481
294706561,44.3803,42.0834,496,38770,0.79528,1,2,4093808,4093312,496
294727001,38.5807,34.507,494,39148,0.0738402,1,1,4094049,4093555,494
294729921,35.2323,36.6028,489,39202,0.0715361,1,1,4094082,4093593,489
294732841,38.6929,44.0411,481,39256,0.0466144,1,1,4094123,4093642,481
294735761,44.8772,48.8164,478,39310,0.0486458,0.98,1,4094172,4093694,478
294738681,31.1509,38.1266,469,39364,0.0254583,0.98,1,4094194,4093725,469
294741601,30.4603,34.4506,467,39418,0.0401833,0.67,1,4094224,4093757,467
294744521,36.1841,44.3803,456,39472,0.0940733,0.61,1,4094264,4093808,456
294764961,37.3496,38.5807,422,39844,0.0895489,0.07,1,4094471,4094049,422
294767881,34.7399,35.2323,422,39897,0.0778196,0.03,1,4094504,4094082,422
294770801,39.0959,38.6929,423,39950,0.0731278,0.05,1,4094546,4094123,423
294773721,46.2384,44.8772,425,40003,0.0592511,0.01,1,4094597,4094172,425
294776641,31.0953,31.1509,424,40056,0.0297005,0.05,1,4094618,4094194,424
294779561,29.2381,30.4603,422,40109,0.0778802,0.05,1,4094646,4094224,422
294782481,38.0953,12.1841,466,40162,0.0731521,0.13,1,4094690,4094224,466
294811681,45.7494,39.094,472,40684,0.0721728,0.05,1,4095018,4094546,472
294814601,30.8997,46.2376,442,40736,0.0468691,0.01,1,4095039,4094597,442
294817521,30.9599,31.095,452,40788,0.0247477,0.11,1,4095070,4094618,452
294820441,40.584,29.238,471,40840,0.0518991,0.07,1,4095117,4094646,471
294823361,33.0336,38.0952,455,40892,0.0867596,0.15,1,4095145,4094690,455
294905121,24.471,23.9754,430,42312,0.205713,0.19,1,4096002,4095572,430
294908041,27.1884,26.3901,431,42362,0.280285,0.19,1,4096031,4095600,431
294928481,38.0302,38.6338,428,42711,0.421933,0.15,1,4096252,4095824,428
294934321,29.3648,29.4614,428,42809,0.438309,0.13,1,4096319,4095891,428
294937241,30.9459,30.9846,428,42858,0.445324,0.21,1,4096351,4095923,428
294986881,26.7986,18.1513,478,43688,0.759963,0.53,2,4096881,4096403,478
294989801,30.5194,25.8605,480,43736,0.753985,0.53,2,4096914,4096434,480
294992721,24.8078,29.5442,469,43784,0.751594,0.57,2,4096935,4096466,469
294995641,33.9231,23.8177,489,43832,0.786638,0.59,2,4096975,4096486,489
294998561,29.1692,32.9271,476,43880,0.812655,0.59,2,4097001,4096525,476
295001481,27.8677,28.7708,477,43928,0.847062,0.61,2,4097028,4096551,477
295004401,36.3471,27.1083,493,43976,0.860825,0.61,2,4097070,4096577,493
295007321,33.1388,36.0433,482,44024,0.86633,0.63,2,4097101,4096619,482
295010241,40.8555,32.4173,498,44072,0.880532,0.67,2,4097147,4096649,498
295013161,46.3422,39.3669,504,44120,0.898213,0.71,2,4097197,4096693,504
295229241,85.8042,70.8689,529,21666,0.0828717,0.98,1,4099788,4099259,529
295232161,50.5217,70.3476,486,21764,0.0511487,0.91,1,4099815,4099329,486
295235081,37.0087,44.939,486,21861,0.0384595,0.85,1,4099843,4099357,486
295238001,52.0035,70.1756,461,21958,0.0333838,0.35,1,4099905,4099444,461
295240921,71.2014,91.6702,439,22055,0.0313535,0.17,1,4099989,4099550,439
295243841,49.4806,66.6681,424,22151,0.0305414,0,1,4100024,4099600,424
295246761,85.7922,93.8672,422,22247,0.0422166,0.05,1,4100134,4099712,422
295249681,79.9169,83.1469,422,22342,0.0348866,0.03,1,4100210,4099788,422
295252601,48.1668,49.4588,422,22437,0.0559547,0.03,1,4100237,4099815,422
295255521,36.6667,36.5835,423,22532,0.0223819,0.03,1,4100266,4099843,423
295258441,51.2667,14.6334,484,22626,0.0509527,0.03,1,4100327,4099843,484
295261361,70.3067,43.0534,505,22720,0.0743811,0.03,1,4100410,4099905,505
295264281,50.9227,67.6213,459,22813,0.0837524,0.03,1,4100448,4099989,459
295267201,84.5691,48.0485,531,22906,0.075501,0.05,1,4100555,4100024,531
295270121,79.4276,85.2194,497,22999,0.0602004,0.03,1,4100631,4100134,497
295273041,47.9711,79.6878,448,23091,0.0540802,0.07,1,4100658,4100210,448
295275961,36.5884,48.0751,450,23183,0.0276321,0,1,4100687,4100237,450
295278881,53.0354,36.63,485,23274,0.0650528,0.07,1,4100751,4100266,485
295290561,78.5513,84.5681,497,23636,0.0687213,0.05,1,4101052,4100555,497
295293481,47.6205,79.4273,448,23726,0.0454885,0.05,1,4101079,4100631,448
295296401,37.0482,47.9709,451,23815,0.0241954,0.01,1,4101109,4100658,451
295299321,55.0193,36.5884,489,23904,0.0396782,0.09,1,4101176,4100687,489
295302241,23.2077,53.0353,427,23993,0.0458713,0.19,1,4101178,4100751,427
295313921,74.7973,78.5513,423,24344,0.0746623,0.03,1,4101475,4101052,423
295316841,45.5189,47.6205,422,24431,0.0478649,0.01,1,4101501,4101079,422
295319761,36.8076,37.0482,423,24518,0.019146,0.05,1,4101532,4101109,423
295322681,55.523,55.0193,424,24604,0.0256584,0.05,1,4101600,4101176,424
295325601,23.4092,23.2077,424,24690,0.0102634,0.17,1,4101602,4101178,424
295328521,64.5637,62.0831,428,24776,0.0221053,0.11,1,4101694,4101266,428
295331441,49.2255,48.2332,428,24862,0.0628421,0.21,1,4101733,4101305,428
295346041,55.2567,55.523,422,25285,0.0723267,0,1,4102022,4101600,422
295348961,23.3027,23.4092,422,25369,0.0349307,0.03,1,4102024,4101602,422
295351881,65.1211,64.5637,423,25453,0.0139723,0.03,1,4102117,4101694,423
295354801,51.2484,25.8255,465,25536,0.0595889,0.09,1,4102159,4101694,465
295369401,53.5129,35.7451,489,25948,0.209362,0.05,1,4102443,4101954,489
295372321,22.6052,55.098,423,26030,0.221745,0.01,1,4102445,4102022,423
295375241,64.8421,23.2392,514,26111,0.226698,0,1,4102538,4102024,514
295378161,53.5368,65.0957,467,26192,0.204679,0.09,1,4102584,4102117,467
295381081,85.0147,51.2383,531,26273,0.267872,0.15,1,4102690,4102159,531
295392761,54.8708,31.7821,500,26594,0.403674,0.23,1,4102875,4102375,500
295395681,23.1483,53.5128,434,26674,0.407469,0.23,1,4102877,4102443,434
295398601,65.0593,22.6051,525,26753,0.432988,0.23,1,4102970,4102445,525
295401521,53.6237,64.8421,478,26832,0.443195,0.19,1,4103016,4102538,478
295454081,54.1973,54.0352,448,28218,0.766323,0.57,2,4103908,4103460,448
295457001,90.6789,90.0141,449,28293,0.804529,0.57,2,4104023,4103574,449
295459921,37.4716,37.2056,449,28368,0.819812,0.57,2,4104025,4103576,449
295462841,58.1886,14.8822,521,28443,0.837925,0.67,2,4104097,4103576,521
295465761,39.4755,47.3529,479,28517,0.85717,0.65,2,4104124,4103645,479
295468681,30.7902,34.5412,478,28591,0.876868,0.71,2,4104149,4103671,478
295471601,56.7161,28.2165,528,28665,0.896747,0.77,2,4104223,4103695,528
295588401,35.7447,39.425,514,31482,0.83198,1,2,4106159,4105645,514
295591321,56.2979,34.37,553,31549,0.830792,1,2,4106229,4105676,553
295603001,43.2636,59.4783,511,31817,0.249604,1,1,4106462,4105951,511
295608841,36.3222,37.8365,511,31949,0.0699367,1,1,4106538,4106027,511
295611761,31.3289,36.1346,504,32015,0.0579747,1,1,4106566,4106062,504
295617601,32.2526,30.8615,507,32147,0.0704759,0.72,1,4106627,4106120,507
295620521,48.901,35.7446,528,32213,0.0341904,0.83,1,4106687,4106159,528
295623441,45.9604,56.2978,502,32279,0.0316762,0.69,1,4106731,4106229,502
295626361,76.5842,53.1191,548,32345,0.0426705,0.39,1,4106828,4106280,548
295629281,48.6337,89.6477,464,32410,0.0470682,0.21,1,4106858,4106394,464
295632201,38.6535,55.6591,463,32475,0.0488273,0.19,1,4106890,4106427,463
295635121,40.0614,43.2636,469,32540,0.0495309,0.05,1,4106931,4106462,469
295638041,32.8246,44.3055,452,32605,0.0738124,0.03,1,4106959,4106507,452
295640961,31.1298,36.3222,451,32670,0.0595249,0.05,1,4106989,4106538,451
295643881,29.8519,31.3289,452,32735,0.06581,0.13,1,4107018,4106566,452
295646801,13.1408,28.1315,428,32800,0.068324,0.05,1,4107020,4106592,428
295664321,38.5352,38.6535,424,33184,0.215053,0.05,1,4107314,4106890,424
295667241,41.2141,40.0614,426,33248,0.200021,0.09,1,4107357,4106931,426
295681841,26.391,24.4563,428,33564,0.204215,0.19,1,4107480,4107052,428
295684761,47.1564,45.7825,429,33627,0.243686,0.19,1,4107541,4107112,429
295687681,44.6626,44.113,429,33690,0.271474,0.21,1,4107584,4107155,429
295690601,76.665,75.8452,430,33753,0.29459,0.19,1,4107682,4107252,430
295716881,48.8677,10.5564,495,34313,0.292583,0.27,1,4107975,4107480,495
295719801,44.7471,40.8226,476,34375,0.291033,0.29,1,4108017,4107541,476
295731481,41.0335,38.7443,479,34620,0.417994,0.31,1,4108224,4107745,479
295734401,32.0134,41.2977,462,34681,0.425198,0.31,1,4108250,4107788,462
295737321,28.4054,32.1191,462,34742,0.428079,0.31,1,4108276,4107814,462
295740241,31.7621,28.4476,470,34803,0.429232,0.33,1,4108310,4107840,470
295743161,13.9049,31.1791,439,34864,0.429693,0.37,1,4108312,4107873,439
295746081,25.9619,13.6716,471,34925,0.441877,0.31,1,4108346,4107875,471
295786961,37.5084,46.5139,452,35763,0.771944,0.63,2,4108907,4108455,452
295789881,75.6034,78.6056,453,35822,0.818777,0.63,2,4109008,4108555,453
295792801,51.2413,52.4422,453,35881,0.825511,0.65,2,4109043,4108590,453
295795721,41.4965,41.3769,454,35940,0.864204,0.67,2,4109078,4108624,454
295798641,42.3986,41.7508,455,35999,0.843682,0.67,2,4109121,4108666,455
295801561,32.5594,32.3003,455,36058,0.847473,0.67,2,4109147,4108692,455
295804481,28.6238,28.5201,455,36117,0.848989,0.67,2,4109173,4108718,455
295807401,31.8495,31.808,455,36176,0.849596,0.67,2,4109207,4108752,455
295810321,13.9398,13.9232,455,36234,0.873838,0.65,2,4109209,4108754,455
295813241,25.9759,26.5693,454,36292,0.871535,0.69,2,4109243,4108789,454
295970921,59.3494,67.8601,475,39312,0.7828,1,2,4111413,4110938,475
295976761,46.5759,38.9376,496,39420,0.443248,1,1,4111503,4111007,496
295982601,30.9721,27.71,503,39528,0.29532,1,1,4111562,4111059,503
295985521,27.9889,30.884,496,39581,0.232128,1,1,4111588,4111092,496
295994281,22.4793,21.8726,502,39740,0.0621362,1,1,4111661,4111159,502
295997201,20.9917,35.149,478,39793,0.0308545,1,1,4111681,4111203,478
296000121,30.5967,40.4596,471,39846,0.0183418,1,1,4111718,4111247,471
296003041,35.6387,34.1838,480,39899,0.0253367,0.87,1,4111757,4111277,480
296005961,49.0555,59.8735,461,39952,0.0641347,0.69,1,4111815,4111354,461
296008881,51.4222,59.3494,455,40005,0.0556539,0.45,1,4111868,4111413,455
296011801,40.3689,51.9398,441,40058,0.0282615,0.45,1,4111901,4111460,441
296014721,40.7475,20.7759,482,40111,0.0773046,0.35,1,4111942,4111460,482
296017641,32.499,34.1104,466,40164,0.0969219,0.31,1,4111969,4111503,466
296032241,21.424,26.0706,446,40426,0.0962341,0.03,1,4112087,4111641,446
296038081,28.8678,20.9713,458,40530,0.0765974,0.01,1,4112139,4111681,458
296041001,34.9471,30.5885,460,40582,0.072639,0.03,1,4112178,4111718,460
296058521,29.8605,32.499,453,40894,0.210808,0.11,1,4112422,4111969,453
296061441,24.5442,27.9996,449,40946,0.222323,0.13,1,4112443,4111994,449
296064361,29.0177,24.9998,458,40998,0.238929,0.11,1,4112475,4112017,458
296067281,22.4071,27.3999,447,41049,0.281572,0.15,1,4112493,4112046,447
296070201,21.5628,23.56,447,41100,0.286629,0.07,1,4112514,4112067,447
296073121,17.0251,21.424,441,41151,0.288651,0.13,1,4112528,4112087,441
296076041,26.0101,18.1696,457,41202,0.289461,0.05,1,4112560,4112103,457
296078961,34.404,28.8678,461,41253,0.265784,0.07,1,4112600,4112139,461
296081881,52.7616,34.9471,487,41304,0.244314,0.13,1,4112665,4112178,487
296084801,52.9046,49.3789,481,41355,0.247725,0.15,1,4112718,4112237,481
296087721,40.3619,51.5515,460,41406,0.24909,0.17,1,4112750,4112290,460
296090641,44.9447,39.8206,476,41457,0.249636,0.13,1,4112798,4112322,476
296093561,34.1779,44.1282,456,41508,0.297854,0.21,1,4112825,4112369,456
296122761,52.3922,52.7616,433,42014,0.278377,0.25,1,4113098,4112665,433
296125681,53.3569,52.9046,434,42064,0.297351,0.25,1,4113152,4112718,434
296143201,22.6488,22.8994,438,42364,0.438565,0.31,1,4113316,4112878,438
296154881,16.8326,16.8774,437,42564,0.426475,0.35,1,4113401,4112964,437
296213281,47.7553,41.7888,498,43546,0.754169,0.53,2,4114120,4113622,498
296216201,37.1021,46.7155,478,43594,0.775668,0.59,2,4114150,4113672,478
296219121,16.0408,36.6862,450,43642,0.784267,0.59,2,4114152,4113702,450
296222041,25.6163,15.8745,480,43690,0.823707,0.57,2,4114184,4113704,480
296224961,24.0465,25.5498,471,43738,0.851483,0.55,2,4114207,4113736,471
296227881,28.8186,23.4199,481,43786,0.874593,0.57,2,4114239,4113758,481
296470241,30.7259,29.1431,526,47618,0.87064,1,2,4116904,4116378,526
296473161,24.8904,30.8572,515,47662,0.786256,1,2,4116925,4116410,515
296481921,38.769,37.6149,498,47794,0.40144,1,1,4117052,4116554,498
296487761,30.323,20.7784,510,47882,0.22623,1,1,4117103,4116593,510
296493601,28.9717,33.5645,501,47970,0.0589969,1,1,4117166,4116665,501
296496521,25.3887,26.6258,502,48014,0.0235987,1,1,4117189,4116687,502
296499441,25.1555,29.8503,495,48058,0.0394395,1,1,4117214,4116719,495
296502361,29.2622,34.1401,490,48102,0.0337758,1,1,4117246,4116756,490
296505281,30.3049,35.8561,484,48146,0.0435103,0.95,1,4117277,4116793,484
296508201,22.9219,29.3424,477,48190,0.0954041,0.96,1,4117295,4116818,477
296534481,26.4606,30.323,427,48583,0.207624,0.07,1,4117530,4117103,427
296537401,31.5843,34.9292,424,48626,0.23305,0.01,1,4117565,4117141,424
296543241,23.8935,25.3887,423,48712,0.0648879,0.05,1,4117612,4117189,423
296546161,23.9574,25.1555,422,48755,0.0319552,0.03,1,4117636,4117214,422
296549081,31.783,29.2622,427,48798,0.0127821,0.05,1,4117673,4117246,427
296552001,31.9132,30.3049,428,48841,0.0831128,0.05,1,4117705,4117277,428
296554921,23.5653,12.1219,446,48884,0.0632451,0.13,1,4117723,4117277,446
296557841,17.2261,15.6488,441,48927,0.0432981,0.17,1,4117736,4117295,441
296560761,25.4904,14.6595,458,48970,0.0353192,0.15,1,4117767,4117309,458
296563681,25.7962,25.0638,452,49013,0.0921277,0.15,1,4117793,4117341,452
296572441,31.795,30.0441,460,49142,0.0848562,0.17,1,4117879,4117419,460
296589961,20.6884,28.2334,443,49400,0.201239,0.01,1,4118034,4117591,443
296607481,27.156,17.2261,455,49657,0.217771,0.03,1,4118191,4117736,455
296610401,27.6624,25.4904,452,49699,0.237108,0.13,1,4118219,4117767,452
296613321,18.265,25.7962,438,49741,0.268843,0.11,1,4118231,4117793,438
296616241,32.506,18.7185,466,49783,0.281537,0.11,1,4118273,4117807,466
296619161,32.2024,31.4874,458,49825,0.286615,0.07,1,4118305,4117847,458
296622081,35.081,31.795,463,49867,0.276646,0.13,1,4118342,4117879,463
296625001,21.2324,34.918,438,49909,0.284658,0.13,1,4118354,4117916,438
296642521,29.3912,22.0754,464,50161,0.414697,0.17,1,4118521,4118057,464
296645441,33.9565,31.0302,464,50203,0.423879,0.17,1,4118558,4118094,464
296782681,27.6507,32.2804,474,52141,0.757219,0.59,2,4119787,4119313,474
296785601,22.4603,27.3122,469,52181,0.776888,0.61,2,4119806,4119337,469
296788521,23.3841,21.7249,475,52221,0.784755,0.61,2,4119830,4119355,475
296791441,30.3536,23.0899,486,52261,0.799902,0.65,2,4119865,4119379,486
296794361,37.3415,30.236,493,52301,0.853961,0.67,2,4119907,4119414,493
296797281,25.1366,34.8944,472,52341,0.887584,0.73,2,4119924,4119452,472
296800201,18.4546,23.5578,470,52381,0.877034,0.75,2,4119938,4119468,470
296803121,8.58185,17.8231,458,52421,0.872813,0.71,2,4119940,4119482,458
296806041,25.0327,8.32924,492,52461,0.871125,0.75,2,4119976,4119484,492
296808961,29.2131,24.9317,488,52501,0.88245,0.69,2,4120008,4119520,488
296811881,18.8852,30.9727,465,52541,0.88698,0.63,2,4120020,4119555,465
297115561,331.713,346.268,503,26280,0.754,1,2,4123204,4122701,503
297134541,168.154,178.283,469,26280,0.28744,0.79,1,4123520,4123051,469
297163741,94.2616,106.713,455,26280,0.240976,0.67,1,4123565,4123110,455
297166661,60.5047,54.6853,473,26361,0.21039,0.61,1,4123603,4123130,473
297181261,58.8608,79.7427,454,26760,0.208257,0.27,1,4123818,4123364,454
297184181,57.7443,60.0971,464,26839,0.257303,0.15,1,4123875,4123411,464
297195861,34.2719,41.8105,429,27153,0.423947,0.11,1,4124060,4123631,429
297198781,23.3087,27.5242,427,27231,0.439579,0.11,1,4124076,4123649,427
297236741,59.3165,60.0495,448,28225,0.758558,0.53,2,4124759,4124311,448
297239661,69.9266,70.2198,448,28300,0.765423,0.57,2,4124836,4124388,448
297242581,57.9706,56.8879,450,28375,0.804169,0.57,2,4124886,4124436,450
297245501,45.9883,22.7552,488,28450,0.783668,0.59,2,4124924,4124436,488
297248421,36.9953,31.9021,481,28524,0.799467,0.63,2,4124955,4124474,481
297251341,26.7981,30.1608,472,28598,0.805787,0.67,2,4124975,4124503,472
297254261,34.1192,22.8643,493,28672,0.832315,0.73,2,4125014,4124521,493
297257181,64.0477,31.9457,539,28746,0.830926,0.75,2,4125098,4124559,539
297260101,62.2191,61.3783,519,28820,0.81837,0.75,2,4125159,4124640,519
297263021,60.2876,61.1513,517,28893,0.837348,0.77,2,4125218,4124701,517
297265941,70.3151,59.2605,536,28966,0.868939,0.77,2,4125295,4124759,536
297268861,57.526,69.9042,508,29039,0.893576,0.83,2,4125344,4124836,508
297409021,58.2311,70.0121,521,32352,0.86893,1,2,4127643,4127122,521
297411941,76.6924,63.4049,551,32417,0.797572,1,2,4127732,4127181,551
297414861,52.277,76.3619,502,32482,0.781029,1,2,4127768,4127266,502
297417781,43.7108,50.3448,507,32547,0.774411,1,2,4127806,4127299,507
297420701,30.6843,38.1379,499,32612,0.759765,0.89,2,4127828,4127329,499
297423621,22.4737,29.0552,493,32677,0.777906,1,2,4127845,4127352,493
297426541,26.9895,24.2221,502,32742,0.797162,1,2,4127875,4127373,502
297429461,25.1958,30.0888,492,32807,0.804865,1,2,4127899,4127407,492
297432381,29.2783,43.2355,472,32871,0.843946,1,2,4127931,4127459,472
297435301,39.9113,43.6942,475,32935,0.859578,0.93,2,4127978,4127503,475
297692261,43.8486,45.6193,513,38172,0.846604,1,2,4131721,4131208,513
297695181,29.5394,35.6477,504,38227,0.764642,0.99,2,4131741,4131237,504
297727301,42.5202,46.6215,467,38831,0.429685,0.81,1,4132146,4131679,467
297730221,38.6081,43.8486,461,38885,0.429874,0.71,1,4132182,4131721,461
297733141,26.2432,29.5394,459,38939,0.41795,0.55,1,4132200,4131741,459
297736061,29.0973,33.4158,454,38993,0.42518,0.53,1,4132231,4131777,454
297738981,30.2389,34.3663,450,39047,0.416072,0.47,1,4132262,4131812,450
297741901,25.2956,29.9465,445,39101,0.424429,0.45,1,4132284,4131839,445
297832421,36.153,49.8344,480,40741,0.760802,0.65,2,4133360,4132880,480
297835341,25.2612,37.3337,469,40793,0.766321,0.61,2,4133378,4132909,469
297838261,52.7045,25.7335,522,40845,0.816528,0.63,2,4133449,4132927,522
297841181,45.6818,51.6934,494,40897,0.872611,0.67,2,4133490,4132996,494
297847021,27.4691,41.0309,473,41001,0.896818,0.69,2,4133547,4133074,473
297984261,32.4888,28.9927,522,43353,0.867732,1,2,4135141,4134619,522
297987181,33.9955,31.9971,523,43402,0.833093,1,2,4135176,4134653,523
297990101,45.9982,31.9988,545,43451,0.807237,1,2,4135230,4134685,545
297993021,39.9993,48.1995,522,43500,0.844895,1,2,4135266,4134744,522
297995941,30.9997,38.4798,515,43549,0.859958,1,2,4135291,4134776,515
297998861,48.9999,25.5919,559,43597,0.793983,1,2,4135352,4134793,559
298001781,36.4,58.8368,506,43645,0.779593,1,2,4135380,4134874,506
298007621,27.064,33.2939,501,43741,0.797935,0.94,2,4135431,4134930,501
298010541,22.8256,30.1176,493,43789,0.805174,0.91,2,4135451,4134958,493
298013461,28.3302,24.047,505,43837,0.80807,0.95,2,4135483,4134978,505
298016381,31.7321,31.2188,503,43885,0.869228,1,2,4135517,4135014,503
298019301,28.8928,32.8875,496,43933,0.869691,1,2,4135544,4135048,496
298197421,29.2383,26.14,514,46771,0.89146,1,2,4137492,4136978,514
298200341,30.8953,30.256,513,46816,0.878584,1,2,4137524,4137011,513
298206181,33.9833,29.681,520,46906,0.895373,1,2,4137594,4137074,520
298400361,351.631,373.684,507,23360,0.874,1,2,4140058,4139551,507
298457301,44.0388,53.088,472,23631,0.295635,0.77,1,4140499,4140027,472
298460221,29.0155,35.6352,467,23721,0.256254,0.77,1,4140518,4140051,467
298463141,33.2062,28.6541,479,23810,0.228502,0.63,1,4140554,4140075,479
298471901,72.0852,71.8899,484,24076,0.200624,0.29,1,4140802,4140318,484
298474821,70.8341,100.156,435,24164,0.27825,0.27,1,4140872,4140437,435
298489421,74.4793,76.0179,432,24599,0.403409,0.19,1,4141091,4140659,432
298492341,73.5917,73.6072,433,24685,0.443364,0.21,1,4141164,4140731,433
298530301,25.5263,32.8502,467,25779,0.75866,0.61,2,4141840,4141373,467
298533221,31.8105,23.9401,485,25861,0.765464,0.57,2,4141876,4141391,485
298536141,79.3242,31.176,560,25943,0.828186,0.65,2,4141987,4141427,560
298539061,79.1297,76.6704,532,26025,0.865274,0.73,2,4142066,4141534,532
298652941,44.3802,55.4105,511,29028,0.8464,1,2,4144191,4143680,511
298655861,37.5521,37.7642,518,29101,0.76456,1,2,4144224,4143706,518
298670461,79.9589,83.9768,547,29463,0.203698,1,1,4144512,4143965,547
298673381,70.9836,70.1907,551,29535,0.0874792,1,1,4144577,4144026,551
298676301,58.3934,74.8763,523,29607,0.0529917,0.86,1,4144627,4144104,523
298679221,38.3574,62.9505,493,29678,0.0391967,0.8,1,4144652,4144159,493
298682141,33.3429,44.3802,491,29749,0.0336787,0.71,1,4144682,4144191,491
298685061,28.3372,37.5521,483,29820,0.0194715,0.63,1,4144707,4144224,483
298687981,12.5349,33.0208,455,29891,0.0137886,0.63,1,4144709,4144254,455
298690901,12.8139,24.6083,449,29962,0.0235154,0.45,1,4144722,4144273,449
298693821,42.9256,51.2433,443,30033,0.0634062,0.17,1,4144785,4144342,443
298696741,57.9702,70.8973,427,30103,0.0913625,0.13,1,4144853,4144426,427
298699661,75.3881,79.9589,428,30173,0.066545,0.01,1,4144940,4144512,428
298702581,66.1552,70.9836,423,30243,0.080618,0.03,1,4145000,4144577,423
298705501,57.0621,58.3934,424,30313,0.0862472,0.03,1,4145051,4144627,424
298708421,37.2248,38.3574,423,30383,0.0644989,0.03,1,4145075,4144652,423
298711341,32.8899,33.3429,423,30453,0.0557996,0.01,1,4145105,4144682,423
298714261,28.756,28.3372,424,30522,0.0403198,0.01,1,4145131,4144707,424
298717181,12.7024,12.5349,424,30591,0.0341279,0.03,1,4145133,4144709,424
298720101,13.481,12.8139,425,30660,0.0556512,0.09,1,4145147,4144722,425
298723021,43.1924,42.9256,425,30729,0.0642605,0.11,1,4145210,4144785,425
298725941,58.077,57.9702,425,30798,0.0677042,0.05,1,4145278,4144853,425
298728861,75.4308,75.3881,425,30867,0.0810817,0.09,1,4145365,4144940,425
298746381,12.054,12.7024,422,31276,0.201577,0.03,1,4145555,4145133,422
298760981,68.4457,75.2357,487,31613,0.264691,0.15,1,4145852,4145365,487
298842741,43.7284,43.7515,450,33436,0.769172,0.57,2,4146952,4146502,450
298845661,18.6914,18.7006,450,33499,0.781669,0.61,2,4146954,4146504,450
298848581,50.6765,48.8802,453,33562,0.786668,0.71,2,4147026,4146573,453
298851501,79.6706,77.7521,455,33625,0.788667,0.69,2,4147125,4146670,455
298854421,72.6682,72.5008,454,33688,0.825467,0.67,2,4147193,4146739,454
298857341,61.4673,60.2003,456,33751,0.852187,0.69,2,4147247,4146791,456
298860261,38.9869,38.4801,456,33814,0.874875,0.73,2,4147271,4146815,456
298863181,37.1948,36.3921,457,33877,0.88395,0.75,2,4147307,4146850,457
298869021,12.4312,12.3027,457,34001,0.898632,0.75,2,4147331,4146874,457
298871941,13.3725,13.3211,457,34063,0.893453,0.79,2,4147345,4146888,457
299017941,51.4996,64.8033,477,37039,0.878739,1,2,4149471,4148994,477
299020861,55.3998,50.5213,494,37096,0.861495,1,2,4149529,4149035,494
299082181,28.5699,33.6004,472,38275,0.754074,0.49,2,4150290,4149818,472
299085101,32.428,28.4401,482,38330,0.75163,0.51,2,4150325,4149843,482
299088021,49.5712,31.7761,509,38385,0.750652,0.59,2,4150386,4149877,509
299090941,52.8285,48.1104,505,38440,0.762261,0.59,2,4150441,4149936,505
299093861,52.3314,51.0442,504,38495,0.778904,0.63,2,4150493,4149989,504
299096781,34.7326,51.6177,475,38550,0.773562,0.63,2,4150516,4150041,475
299099701,35.493,35.0471,487,38605,0.795425,0.67,2,4150552,4150065,487
299102621,15.3972,33.8188,456,38660,0.80417,0.67,2,4150554,4150098,456
299105541,29.5589,37.5275,455,38715,0.843668,0.73,2,4150593,4150138,455
299108461,37.6236,39.011,458,38770,0.847467,0.75,2,4150636,4150178,458
299111381,29.4494,29.4044,459,38824,0.848987,0.73,2,4150660,4150201,459
299114301,24.9798,25.5618,458,38878,0.873595,0.73,2,4150682,4150224,458
299304101,15.9766,21.492,486,42262,0.887649,0.98,2,4153037,4152551,486
299315781,25.0378,29.2638,479,42462,0.899348,0.98,2,4153150,4152671,479
299318701,24.4151,27.9055,476,42512,0.881739,1,2,4153174,4152698,476
299324541,47.8264,46.9449,473,42612,0.886278,0.91,2,4153267,4152794,473
299327461,49.7306,52.378,468,42662,0.864511,0.93,2,4153318,4152850,468
299330381,42.0922,43.1512,468,42711,0.891805,1,2,4153355,4152887,468
299336221,39.6148,40.3842,467,42809,0.871089,0.91,2,4153441,4152974,467
299339141,34.4459,35.3537,466,42858,0.882435,0.91,2,4153472,4153006,466
299342061,28.1784,27.9415,467,42907,0.886974,0.87,2,4153496,4153029,467
299344981,16.0713,15.9766,467,42956,0.88879,0.91,2,4153504,4153037,467
299347901,24.4285,25.5906,465,43005,0.865516,0.91,2,4153534,4153069,465
299350821,30.1714,10.2363,499,43054,0.856206,0.93,2,4153568,4153069,499
299353741,24.6686,25.0945,485,43103,0.864483,0.91,2,4153589,4153104,485
299356661,24.8674,22.6378,489,43152,0.843793,0.89,2,4153614,4153125,489
299359581,22.547,24.0551,485,43201,0.871517,0.87,2,4153635,4153150,485
299362501,30.0188,24.022,496,43250,0.882607,0.93,2,4153670,4153174,496
299365421,47.4075,29.4088,522,43299,0.875043,0.87,2,4153729,4153207,522
299368341,50.163,47.7635,514,43348,0.884017,0.85,2,4153781,4153267,514
299371261,43.4652,49.7054,502,43397,0.899607,0.91,2,4153820,4153318,502
299561061,134.502,127.618,487,21370,0.40264,0.43,1,4156366,4155879,487
299566901,81.1604,69.1389,489,21568,0.435222,0.41,1,4156490,4156001,489
299596101,54.8775,54.5687,447,22532,0.785603,0.55,2,4157098,4156651,447
299599021,81.951,21.8275,547,22626,0.800241,0.55,2,4157198,4156651,547
299601941,68.7804,68.131,508,22720,0.842097,0.63,2,4157258,4156750,508
299604861,54.5122,60.8524,497,22813,0.882839,0.69,2,4157303,4156806,497
299607781,76.4049,50.141,545,22906,0.899135,0.73,2,4157394,4156849,545
299715821,47.7151,51.6575,518,26111,0.8932,1,2,4159644,4159126,518
299718741,39.486,43.463,514,26192,0.79528,1,2,4159678,4159164,514
299727501,80.3831,52.0536,577,26434,0.259458,1,1,4159901,4159324,577
299733341,81.7413,54.0486,576,26594,0.0835133,0.95,1,4160041,4159465,576
299736261,50.0965,82.2194,504,26674,0.0634053,1,1,4160070,4159566,504
299739181,41.0386,53.2878,505,26753,0.0553621,0.83,1,4160105,4159600,505
299742101,35.0154,47.7151,492,26832,0.0401448,0.73,1,4160136,4159644,492
299745021,56.0062,39.486,528,26911,0.0580579,0.51,1,4160206,4159678,528
299747941,23.6025,67.3944,444,26990,0.0652232,0.39,1,4160208,4159764,444
299750861,26.841,47.9578,438,27068,0.0800893,0.11,1,4160237,4159799,438
299753781,64.7364,80.3831,426,27146,0.0860357,0.05,1,4160327,4159901,426
299756701,51.0946,57.3532,426,27224,0.0644143,0.05,1,4160369,4159943,426
299759621,77.4378,81.7413,423,27302,0.0917657,0.05,1,4160464,4160041,423
299765461,39.9901,41.0386,423,27457,0.0830825,0.03,1,4160528,4160105,423
299768381,34.596,35.0154,423,27534,0.051233,0.07,1,4160559,4160136,423
299771301,57.0384,56.0062,425,27611,0.0864932,0.07,1,4160631,4160206,425
299780061,63.2425,64.7364,423,27840,0.206416,0.05,1,4160750,4160327,423
299782981,49.897,51.0946,422,27916,0.232566,0.11,1,4160791,4160369,422
299785901,78.7588,77.4378,425,27992,0.255026,0.11,1,4160889,4160464,425
299788821,49.5035,48.9751,425,28068,0.276011,0.07,1,4160919,4160494,425
299791741,39.0014,39.9901,423,28143,0.296404,0.03,1,4160951,4160528,423
299794661,33.6006,34.596,422,28218,0.280562,0.11,1,4160981,4160559,422
299797581,59.0402,57.0384,426,28293,0.286225,0.13,1,4161057,4160631,426
299800501,24.8161,24.0154,426,28368,0.28849,0.13,1,4161059,4160633,426
299803421,27.9264,9.60614,456,28443,0.289396,0.11,1,4161089,4160633,456
299829701,28.682,24.8123,466,29105,0.423446,0.29,1,4161525,4161059,466
299832621,67.8728,27.9249,530,29178,0.439378,0.33,1,4161619,4161089,530
299891021,29.339,28.8745,450,30595,0.77167,0.59,2,4162514,4162064,450
299893941,35.7356,36.1498,449,30664,0.806668,0.61,2,4162554,4162105,449
299896861,77.8942,77.4599,450,30733,0.844667,0.61,2,4162660,4162210,450
299899781,50.3577,49.584,451,30802,0.883867,0.63,2,4162692,4162241,451
300019501,46.759,49.2723,488,33501,0.864093,1,2,4164586,4164098,488
300022421,35.5036,37.1089,487,33564,0.807637,1,2,4164614,4164127,487
300025341,28.6014,28.6436,488,33627,0.785055,1,2,4164638,4164150,488
300028261,36.0406,35.4574,489,33690,0.776022,1,2,4164679,4164190,489
300037021,35.6426,37.7173,482,33879,0.418545,0.98,1,4164811,4164329,482
300045781,34.3451,36.4939,482,34065,0.0783869,0.86,1,4164944,4164462,482
300048701,64.1381,70.3976,473,34127,0.0493548,0.83,1,4165028,4164555,473
300051621,37.6552,46.759,462,34189,0.0377419,0.77,1,4165048,4164586,462
300054541,30.6621,35.5036,460,34251,0.0450968,0.77,1,4165074,4164614,460
300057461,27.2648,14.2014,485,34313,0.0360387,0.77,1,4165099,4164614,485
300060381,30.7059,20.0806,494,34375,0.0324155,0.77,1,4165132,4164638,494
300063301,46.4824,32.6322,510,34437,0.0789662,0.53,1,4165189,4164679,510
300066221,35.3929,52.6529,472,34498,0.0975865,0.45,1,4165217,4164745,472
300077901,34.7797,43.8279,453,34742,0.0607222,0.05,1,4165369,4164916,453
300089581,28.1784,30.6612,448,34986,0.0899225,0.03,1,4165522,4165074,448
300092501,30.4713,27.2645,455,35046,0.089969,0.03,1,4165554,4165099,455
300153821,30.2372,29.6499,428,36292,0.205505,0.11,1,4166350,4165922,428
300156741,26.4949,26.8599,427,36350,0.232202,0.11,1,4166374,4165947,427
300159661,11.798,11.944,427,36408,0.254881,0.17,1,4166376,4165949,427
300162581,23.9192,23.3776,428,36466,0.275952,0.11,1,4166408,4165980,428
300171341,33.5228,33.5842,427,36640,0.413421,0.19,1,4166529,4166102,427
300235581,49.2284,24.7027,516,37888,0.784414,0.57,2,4167358,4166842,516
300238501,35.2914,50.0811,475,37944,0.811765,0.57,2,4167384,4166909,475
300241421,36.9165,35.6324,487,38000,0.834706,0.61,2,4167422,4166935,487
300244341,50.1666,35.853,510,38056,0.879883,0.61,2,4167481,4166971,510
300247261,42.8666,48.5412,491,38112,0.885953,0.69,2,4167519,4167028,491
300261861,29.8956,32.7972,484,38387,0.885754,0.71,2,4167714,4167230,484
300264781,13.1582,29.3189,459,38442,0.876302,0.71,2,4167716,4167257,459
300267701,26.8633,12.9276,493,38497,0.848521,0.77,2,4167752,4167259,493
300270621,50.9453,25.571,526,38552,0.861408,0.81,2,4167819,4167293,526
300273541,36.5781,49.2284,488,38607,0.878563,0.83,2,4167846,4167358,488
300276461,15.8312,35.2914,464,38662,0.885425,0.85,2,4167848,4167384,464
300464801,118.805,124.329,494,19203,0.44104,0.93,1,4170327,4169833,494
300491081,72.679,89.8353,507,20176,0.800889,0.61,2,4171033,4170526,507
300494001,43.4716,70.7341,473,20281,0.830355,0.61,2,4171057,4170584,473
300496921,67.1886,42.6936,532,20386,0.818142,0.65,2,4171140,4170608,532
300499841,78.4755,64.4775,539,20490,0.837257,0.77,2,4171226,4170687,539
300584521,85.5787,55.8816,573,23305,0.754,1,2,4173218,4172645,573
300599121,41.3701,65.9165,496,23757,0.0749114,1,1,4173528,4173032,496
300602041,45.348,41.3666,519,23846,0.0599645,1,1,4173576,4173057,519
300604961,72.7392,45.9466,561,23935,0.0779858,0.59,1,4173667,4173106,561
300607881,30.2957,85.5787,451,24024,0.0611943,0.39,1,4173669,4173218,451
300628321,74.2229,72.7392,426,24635,0.0852887,0.05,1,4174093,4173667,426
300637081,71.5423,71.2073,427,24892,0.203938,0.15,1,4174260,4173833,427
300640001,45.4169,44.0829,429,24977,0.243575,0.15,1,4174288,4173859,429
300642921,55.3668,57.2332,425,25062,0.24743,0.13,1,4174350,4173925,425
300645841,37.7467,37.8933,426,25147,0.272972,0.09,1,4174376,4173950,426
300666281,56.5211,39.0468,495,25731,0.416403,0.25,1,4174783,4174288,495
300669201,38.8084,52.8187,460,25813,0.436561,0.29,1,4174810,4174350,460
300672121,44.3234,36.7275,482,25895,0.444624,0.33,1,4174858,4174376,482
300707161,74.897,69.7247,522,26861,0.750466,0.47,2,4175575,4175053,522
300710081,31.1588,74.6899,446,26940,0.762186,0.51,2,4175577,4175131,446
300713001,31.6635,47.8759,448,27019,0.802875,0.61,2,4175609,4175161,448
300715921,53.4654,57.5504,452,27097,0.84315,0.61,2,4175677,4175225,452
300718841,38.1862,39.8202,452,27175,0.83526,0.63,2,4175705,4175253,452
300721761,45.2745,44.7281,454,27253,0.832104,0.69,2,4175755,4175301,454
300724681,79.3098,77.8912,456,27331,0.842842,0.69,2,4175857,4175401,456
300727601,32.9239,32.3565,456,27408,0.847137,0.75,2,4175859,4175403,456
300730521,70.7696,68.7426,459,27485,0.860855,0.77,2,4175955,4175496,459
300899881,89.447,59.1426,585,31642,0.8236,1,2,4178909,4178324,585
300902801,56.7788,88.4571,512,31709,0.77944,1,2,4178944,4178432,512
300905721,41.3115,59.3828,503,31776,0.761776,1,2,4178975,4178472,503
300920321,44.0061,34.2734,526,32107,0.261999,1,1,4179167,4178641,526
300923241,38.0024,46.1093,506,32173,0.2068,1,1,4179201,4178695,506
300929081,80.3604,55.6175,568,32305,0.0630879,0.77,1,4179365,4178797,568
300932001,50.7442,89.447,487,32370,0.0432352,0.75,1,4179396,4178909,487
300934921,38.8977,56.7788,483,32435,0.0472941,0.75,1,4179427,4178944,483
300937841,35.9591,41.3115,486,32500,0.0369176,0.69,1,4179461,4178975,486
300940761,37.7836,36.9246,491,32565,0.068767,0.55,1,4179500,4179009,491
300943681,31.9135,39.9698,477,32630,0.0575068,0.43,1,4179528,4179051,477
300946601,26.5654,35.7879,467,32695,0.0650027,0.33,1,4179551,4179084,467
300949521,35.8262,33.5152,477,32760,0.0680011,0.17,1,4179593,4179116,477
300952441,15.5305,44.0061,428,32825,0.0692004,0.17,1,4179595,4179167,428
300964121,49.708,50.7442,423,33081,0.0431475,0.05,1,4179819,4179396,423
300967041,37.8832,38.8977,422,33145,0.071259,0.03,1,4179849,4179427,422
300969961,37.3533,35.9591,425,33209,0.0825036,0.09,1,4179886,4179461,425
300984561,16.1841,15.5305,428,33526,0.205392,0.19,1,4180023,4179595,428
300987481,24.4736,24.8122,427,33589,0.244157,0.13,1,4180053,4179626,427
300990401,49.3895,48.9249,428,33652,0.247663,0.09,1,4180119,4179691,428
300993321,75.5558,77.7699,424,33715,0.273065,0,1,4180212,4179788,424
300996241,48.2223,49.708,423,33778,0.259226,0.09,1,4180242,4179819,423
300999161,39.6889,37.8832,427,33841,0.25369,0.09,1,4180276,4179849,427
301002081,36.2756,37.3533,424,33903,0.263476,0.17,1,4180310,4179886,424
301005001,41.5102,38.9413,429,33965,0.24339,0.19,1,4180355,4179926,429
301007921,33.4041,32.3765,429,34027,0.247356,0.19,1,4180383,4179954,429
301010841,26.5616,26.1506,429,34089,0.248942,0.21,1,4180405,4179976,429
301013761,39.4247,37.4602,432,34151,0.273577,0.21,1,4180453,4180021,432
301016681,16.9699,16.1841,432,34213,0.283431,0.21,1,4180455,4180023,432
301019601,24.7879,6.47364,462,34275,0.287372,0.27,1,4180485,4180023,462
301022521,50.1152,20.5895,499,34337,0.288949,0.25,1,4180552,4180053,499
301054641,50.1988,24.7878,502,35008,0.401783,0.29,1,4180987,4180485,502
301057561,77.0795,50.1151,530,35068,0.442713,0.33,1,4181082,4180552,530
301098441,41.0488,41.2527,448,35902,0.772706,0.53,2,4181595,4181147,448
301104281,41.8478,41.4004,450,36020,0.772833,0.57,2,4181676,4181226,450
301107201,34.7391,34.5602,450,36079,0.795133,0.61,2,4181706,4181256,450
301110121,28.8956,27.6241,452,36138,0.804053,0.65,2,4181731,4181279,452
301113041,42.1583,40.4496,454,36196,0.843621,0.65,2,4181782,4181328,454
301115961,18.0633,17.3799,454,36254,0.883448,0.65,2,4181784,4181330,454
301118881,25.2253,24.9519,454,36312,0.899379,0.71,2,4181814,4181360,454
301279481,36.3743,31.6177,501,39384,0.86769,1,2,4183991,4183490,501
301285321,34.8599,33.8588,496,39492,0.77603,1,2,4184052,4183556,496
301297001,39.6044,34.1116,509,39704,0.20289,1,1,4184207,4183698,509
301302841,35.1367,43.0179,492,39810,0.0732625,1,1,4184270,4183778,492
301305761,32.6547,32.8071,497,39863,0.071305,1,1,4184301,4183804,497
301308681,47.8619,58.7229,479,39916,0.034522,0.96,1,4184359,4183880,479
301311601,42.5448,48.0891,477,39969,0.0558088,0.94,1,4184398,4183921,477
301314521,35.0179,41.4357,470,40022,0.0643235,0.81,1,4184428,4183958,470
301317441,31.4072,36.3743,466,40075,0.0557294,0.81,1,4184457,4183991,466
301320361,22.7629,14.5497,483,40128,0.0402918,0.93,1,4184474,4183991,483
301323281,27.1051,18.4199,492,40181,0.0461167,0.69,1,4184504,4184012,492
301326201,28.8421,31.368,482,40234,0.0484467,0.51,1,4184534,4184052,482
301329121,26.5368,33.5472,472,40286,0.0373787,0.49,1,4184559,4184087,472
301332041,34.0147,30.2189,483,40338,0.0929515,0.21,1,4184598,4184115,483
301346641,47.9739,32.649,482,40598,0.0960014,0.01,1,4184783,4184301,482
301349561,40.7896,47.8596,460,40650,0.0684006,0.07,1,4184819,4184359,460
301352481,34.9158,42.5438,452,40702,0.0573602,0.07,1,4184850,4184398,452
301355401,31.9663,35.0175,452,40754,0.0289441,0.05,1,4184880,4184428,452
301358321,22.3865,31.407,439,40806,0.0295776,0.03,1,4184896,4184457,439
301361241,27.5546,22.7628,453,40858,0.0778311,0.05,1,4184927,4184474,453
301372921,32.5534,34.0147,456,41065,0.0846005,0.11,1,4185054,4184598,456
301375841,30.4214,31.6059,455,41116,0.0758402,0.15,1,4185083,4184628,455
301378761,34.3685,28.8424,465,41167,0.0843361,0.15,1,4185120,4184655,465
301399201,29.4094,22.3865,458,41524,0.0830349,0.11,1,4185354,4184896,458
301402121,12.9638,27.5546,429,41575,0.099214,0.17,1,4185356,4184927,429
301422561,34.2454,32.9474,428,41930,0.217717,0.17,1,4185580,4185152,428
301425481,46.6982,44.979,430,41980,0.285087,0.13,1,4185635,4185205,430
301448841,22.4991,22.7142,426,42380,0.411897,0.11,1,4185835,4185409,426
301451761,33.5996,33.0857,427,42430,0.434759,0.13,1,4185876,4185449,427
301539361,32.396,32.9712,481,43897,0.759787,0.61,2,4186832,4186351,481
301542281,36.3584,32.3885,488,43945,0.753915,0.59,2,4186871,4186383,488
301545201,37.3434,35.7554,488,43993,0.775566,0.59,2,4186909,4186421,488
301548121,49.7373,37.1022,508,44041,0.808226,0.61,2,4186967,4186459,508
301551041,40.8949,48.4409,487,44089,0.833291,0.65,2,4187002,4186515,487
301553961,36.758,39.1763,488,44137,0.831316,0.69,2,4187036,4186548,488
301556881,33.9032,35.4705,487,44185,0.830527,0.69,2,4187068,4186581,487
301559801,24.3613,33.3882,473,44233,0.830211,0.69,2,4187086,4186613,473
301562721,32.5445,24.1553,493,44281,0.854084,0.67,2,4187124,4186631,493
301565641,14.2178,33.0621,456,44329,0.863634,0.67,2,4187126,4186670,456
301568561,24.8871,14.4248,486,44377,0.867453,0.67,2,4187158,4186672,486
301571481,23.1548,24.9699,476,44425,0.892981,0.67,2,4187180,4186704,476
301577321,31.1848,34.4752,459,44519,0.895277,0.77,2,4187227,4186768,459
301781721,222.301,203.489,496,21270,0.21208,0.05,1,4189833,4189337,496
301799241,55.7073,67.8559,427,21861,0.229846,0.15,1,4190183,4189756,427
301810921,65.7605,65.8939,429,22247,0.40702,0.19,1,4190460,4190031,429
301813841,63.5042,62.3576,431,22342,0.432808,0.21,1,4190522,4190091,431
301854721,65.3051,67.1054,513,23636,0.765539,0.59,2,4191415,4190902,513
301857641,44.122,64.6422,480,23726,0.804216,0.59,2,4191445,4190965,480
301860561,57.2488,43.8569,516,23815,0.819686,0.61,2,4191511,4190995,516
301863481,76.2995,56.5427,540,23904,0.861874,0.63,2,4191600,4191060,540
301866401,31.7198,75.4171,454,23993,0.87875,0.63,2,4191602,4191148,454
301962761,57.492,45.9247,537,26753,0.88408,1,2,4193575,4193038,537
301965681,43.9968,53.7699,513,26832,0.815632,1,2,4193610,4193097,513
301968601,72.7987,54.508,550,26911,0.788253,1,2,4193702,4193152,550
301977361,40.3951,49.5925,484,27146,0.751968,1,2,4193814,4193330,484
301991961,39.717,43.9968,459,27534,0.78723,0.77,2,4194069,4193610,459
301994881,69.2868,72.7987,456,27611,0.788892,0.67,2,4194158,4193702,456
301997801,49.3147,50.7195,456,27688,0.813557,0.73,2,4194194,4193738,456
302000721,41.3259,42.4878,455,27764,0.835423,0.77,2,4194230,4193775,455
302003641,40.5304,40.3951,456,27840,0.856169,0.71,2,4194270,4193814,456
302006561,54.6121,52.758,459,27916,0.852468,0.71,2,4194334,4193875,459
302173001,41.3428,44.7755,513,31949,0.0834624,0.97,1,4197171,4196658,513
302175921,33.9371,40.7102,504,32015,0.051385,1,1,4197200,4196696,504
302178841,41.1748,35.4841,518,32081,0.050554,0.92,1,4197246,4196728,518
302181761,47.6699,38.7936,529,32147,0.0202216,0.97,1,4197298,4196769,529
302184681,44.268,50.9175,512,32213,0.00808864,0.88,1,4197340,4196828,512
302187601,48.3072,45.567,521,32279,0.0332355,0.99,1,4197391,4196870,521
302190521,58.3229,51.2268,531,32345,0.0552942,0.51,1,4197456,4196925,531
302193441,44.3291,70.8907,482,32410,0.0401177,0.37,1,4197491,4197009,482
302196361,32.7317,55.3563,462,32475,0.0460471,0.25,1,4197516,4197054,462
302199281,35.2927,40.1425,469,32540,0.0604188,0.09,1,4197553,4197084,469
302202201,37.5171,44.857,460,32605,0.0541675,0.01,1,4197592,4197132,460
302205121,32.4068,41.3428,450,32670,0.039667,0.03,1,4197621,4197171,450
302208041,40.5627,33.9371,467,32735,0.0458668,0.05,1,4197667,4197200,467
302210961,17.4251,41.1748,423,32800,0.0483467,0,1,4197669,4197246,423
302213881,37.57,47.6699,422,32864,0.0373387,0,1,4197720,4197298,422
302216801,42.628,44.268,426,32928,0.0449355,0.05,1,4197766,4197340,426
302219721,46.4512,48.3072,424,32992,0.0479742,0.07,1,4197815,4197391,424
302222641,56.9805,58.3229,423,33056,0.0491897,0.03,1,4197879,4197456,423
302225561,44.9922,44.3291,425,33120,0.0376759,0.05,1,4197916,4197491,425
302228481,33.5969,32.7317,426,33184,0.0330703,0.07,1,4197942,4197516,426
302231401,36.2388,35.2927,427,33248,0.0432281,0.05,1,4197980,4197553,427
302234321,35.4955,37.5171,423,33312,0.0712913,0.03,1,4198015,4197592,423
302237241,30.9982,32.4068,422,33375,0.0585165,0.05,1,4198043,4197621,422
302240161,41.7993,40.5627,425,33438,0.0654066,0.05,1,4198092,4197667,425
302243081,17.9197,17.4251,425,33501,0.0681626,0.03,1,4198094,4197669,425
302246001,35.9679,37.57,422,33564,0.0452651,0.05,1,4198142,4197720,422
302248921,41.9872,42.628,422,33627,0.024106,0.05,1,4198188,4197766,422
302251841,46.1949,46.4512,422,33690,0.0636424,0.05,1,4198237,4197815,422
302254761,58.0779,56.9805,424,33753,0.091457,0.03,1,4198303,4197879,424
302272281,41.668,41.7993,423,34127,0.0616341,0.07,1,4198515,4198092,423
302275201,17.8672,17.9197,423,34189,0.0546536,0.03,1,4198517,4198094,423
302278121,35.3469,35.9679,422,34251,0.0878615,0.03,1,4198564,4198142,422
302281041,41.1388,14.3872,467,34313,0.0651446,0.01,1,4198609,4198142,467
302283961,47.6555,33.3549,473,34375,0.0560578,0.09,1,4198661,4198188,473
302286881,59.8622,42.7419,492,34437,0.0764231,0.11,1,4198729,4198237,492
302289801,46.1449,56.6968,463,34498,0.0845693,0.13,1,4198766,4198303,463
302292721,34.658,44.2787,454,34559,0.0998277,0.13,1,4198793,4198339,454
302295641,37.8632,33.3115,468,34620,0.0939311,0.21,1,4198833,4198365,468
302304401,38.1592,29.1559,471,34803,0.0849716,0,1,4198936,4198465,471
302307321,16.4637,41.6624,423,34864,0.0759886,0.05,1,4198938,4198515,423
302310241,36.5855,17.8649,471,34925,0.0483955,0.11,1,4198988,4198517,471
302313161,39.8342,35.346,466,34986,0.0373582,0.05,1,4199030,4198564,466
302316081,47.1337,41.1384,473,35046,0.0329433,0.05,1,4199082,4198609,473
302319001,62.0535,47.6554,493,35106,0.0311773,0.09,1,4199154,4198661,493
302321921,47.0214,59.8621,462,35166,0.0304709,0.09,1,4199191,4198729,462
302324841,34.4086,46.1449,451,35226,0.0301884,0.11,1,4199217,4198766,451
302327761,38.9634,34.6579,466,35286,0.0540753,0.09,1,4199259,4198793,466
302330681,37.1854,37.8632,462,35346,0.0876301,0.11,1,4199295,4198833,462
302348201,16.9128,39.8342,424,35704,0.0992216,0.03,1,4199454,4199030,424
302354041,58.146,62.0535,423,35822,0.204275,0.03,1,4199577,4199154,423
302356961,45.4584,47.0214,423,35881,0.20771,0.03,1,4199614,4199191,423
302359881,35.5834,34.4086,426,35940,0.233084,0.07,1,4199643,4199217,426
302362801,40.0333,38.9634,427,35999,0.255234,0.11,1,4199686,4199259,427
302365721,38.2133,37.1854,428,36058,0.264093,0.13,1,4199723,4199295,428
302368641,28.4853,28.0741,428,36117,0.267637,0.15,1,4199745,4199317,428
302389081,58.2893,58.146,431,36524,0.409981,0.21,1,4200008,4199577,431
302392001,44.9157,45.4584,430,36582,0.421992,0.25,1,4200044,4199614,430
302476681,39.4715,31.5479,499,38222,0.772444,0.69,2,4201131,4200632,499
302479601,16.9886,39.0191,457,38277,0.782978,0.69,2,4201133,4200676,457
302482521,38.5954,16.8077,508,38332,0.811191,0.73,2,4201186,4200678,508
302485441,39.4382,36.7231,498,38387,0.822476,0.77,2,4201226,4200728,498
302488361,16.9753,39.2892,459,38442,0.826991,0.73,2,4201228,4200769,459
302491281,41.5901,16.9157,515,38497,0.840796,0.67,2,4201286,4200771,515
302494201,60.436,43.3663,527,38552,0.894319,0.69,2,4201359,4200832,527
302622681,34.0796,31.6025,512,40894,0.87112,1,2,4202933,4202421,512
302625601,39.4318,38.441,512,40946,0.834448,1,2,4202976,4202464,512
302628521,34.3727,33.3764,513,40998,0.783779,1,2,4203007,4202494,513
302640201,36.7503,34.4736,518,41202,0.421393,1,1,4203154,4202636,518
302643121,32.7001,31.1895,519,41253,0.402557,1,1,4203184,4202665,519
302646041,54.4801,34.0758,552,41304,0.275023,1,1,4203253,4202701,552
302651881,34.8768,42.1721,502,41406,0.0656036,0.95,1,4203314,4202812,502
302654801,27.1507,34.8688,494,41457,0.0562415,0.99,1,4203336,4202842,494
302657721,27.6603,27.7475,499,41508,0.0524966,0.95,1,4203364,4202865,499
302660641,12.2641,29.699,470,41559,0.0509986,0.81,1,4203366,4202896,470
302663561,24.7056,34.0796,466,41610,0.0503995,0.81,1,4203399,4202933,466
302666481,30.2823,39.4318,457,41661,0.0381598,0.75,1,4203433,4202976,457
302669401,28.9129,34.3727,454,41712,0.0332639,0.67,1,4203461,4203007,454
302672321,31.3652,35.3491,451,41763,0.0193056,0.55,1,4203494,4203043,451
302675241,32.3461,36.9396,446,41814,0.0497222,0.37,1,4203527,4203081,446
302678161,32.1384,36.3759,442,41864,0.0738889,0.39,1,4203559,4203117,442
302681081,32.6554,36.7503,438,41914,0.0715556,0.39,1,4203592,4203154,438
302684001,29.2621,32.7001,435,41964,0.0586222,0.19,1,4203619,4203184,435
302689841,34.9219,39.192,424,42064,0.0873796,0,1,4203706,4203282,424
302713201,31.8272,31.3652,423,42464,0.0596987,0.07,1,4203917,4203494,423
302716121,32.5309,32.3461,423,42514,0.0778795,0.09,1,4203950,4203527,423
302719041,31.6124,32.1384,422,42564,0.0971518,0.07,1,4203981,4203559,422
302721961,33.6449,32.6554,424,42614,0.0928607,0.05,1,4204016,4203592,424
302774521,33.0733,35.7015,457,43497,0.215562,0.13,1,4204590,4204133,457
302777441,27.6293,31.6806,452,43546,0.224225,0.13,1,4204614,4204162,452
302780361,26.6517,27.6722,453,43594,0.22769,0.13,1,4204640,4204187,453
302783281,11.8607,27.8689,427,43642,0.229076,0.13,1,4204642,4204215,427
302786201,25.7443,12.3476,460,43690,0.22963,0.15,1,4204677,4204217,460
302789121,28.2977,24.739,457,43738,0.253852,0.13,1,4204707,4204250,457
302792041,27.5191,27.8956,454,43786,0.263541,0.15,1,4204734,4204280,454
302812481,37.3835,49.9582,458,44122,0.441604,0.21,1,4204990,4204532,458
302885481,32.5919,31.2996,450,45303,0.769566,0.55,2,4205693,4205243,450
302888401,32.2368,32.3198,449,45350,0.781826,0.59,2,4205725,4205276,449
302891321,33.2947,33.3279,449,45397,0.786731,0.57,2,4205759,4205310,449
302894241,31.3179,30.7312,450,45443,0.788692,0.61,2,4205789,4205339,450
302897161,52.7272,51.2925,452,45489,0.801477,0.59,2,4205856,4205404,452
302900081,39.0909,39.117,451,45535,0.818591,0.63,2,4205886,4205435,451
302903001,34.8363,34.8468,451,45581,0.825436,0.67,2,4205918,4205467,451
302905921,29.5345,28.3387,453,45627,0.852175,0.69,2,4205944,4205491,453
302908841,28.0138,26.9355,454,45673,0.88687,0.65,2,4205971,4205517,454
302929281,32.8936,10.9919,494,45995,0.89226,0.79,2,4206151,4205657,494
302932201,32.3574,25.9968,490,46041,0.890904,0.79,2,4206183,4205693,490
303174561,187.333,191.854,503,22724,0.295596,0.9,1,4208826,4208323,503
303186241,49.4453,63.0395,464,23095,0.221599,0.37,1,4209049,4208585,464
303195001,77.3725,37.0105,520,23369,0.272182,0.11,1,4209252,4208732,520
303209601,62.7776,46.4724,505,23819,0.413984,0.15,1,4209554,4209049,505
303212521,43.711,62.389,463,23908,0.423594,0.19,1,4209585,4209122,463
303215441,18.6844,42.9556,435,23997,0.427437,0.33,1,4209587,4209152,435
303256321,63.9246,63.5588,452,25205,0.756536,0.67,2,4210449,4209997,452
303259241,45.9698,45.2235,453,25289,0.788615,0.63,2,4210483,4210030,453
303262161,19.5879,19.2894,453,25373,0.801446,0.69,2,4210485,4210032,453
303265081,69.6352,68.9158,454,25457,0.818578,0.69,2,4210588,4210134,454
303268001,75.2541,27.5663,533,25540,0.849431,0.73,2,4210667,4210134,533
303270921,64.9016,57.8265,513,25623,0.861773,0.75,2,4210725,4210212,513
303273841,65.5607,57.3306,522,25706,0.890709,0.73,2,4210791,4210269,522
303370201,72.1023,64.3144,495,28297,0.872777,1,2,4212637,4212142,495
303373121,47.4409,42.5258,498,28372,0.763111,1,2,4212668,4212170,498
303390641,56.516,40.3367,543,28817,0.401067,1,1,4212963,4212420,543
303408161,45.9728,54.0295,490,29255,0.431963,0.51,1,4213257,4212767,490
303449041,63.434,62.5593,449,30251,0.758352,0.61,2,4213920,4213471,449
303451961,65.5736,62.8237,453,30321,0.765341,0.61,2,4213987,4213534,453
303460721,48.6447,49.5247,451,30530,0.773062,0.59,2,4214105,4213654,451
303463641,20.6579,21.0099,451,30599,0.783225,0.65,2,4214107,4213656,451
303466561,38.8632,37.204,454,30668,0.78729,0.71,2,4214158,4213704,454
303469481,46.7453,44.2816,457,30737,0.836916,0.71,2,4214210,4213753,457
303472401,36.6981,35.7126,457,30806,0.856766,0.77,2,4214240,4213783,457
303761481,37.3561,41.5489,481,36987,0.879322,1,2,4218562,4218081,481
303764401,35.3425,35.8196,483,37044,0.861729,1,2,4218596,4218113,483
303767321,45.937,47.3278,481,37101,0.794692,1,2,4218649,4218168,481
303770241,41.1748,41.7311,481,37158,0.791877,1,2,4218687,4218206,481
303831561,38.6846,40.9768,485,38335,0.761641,0.55,2,4219478,4218993,485
303834481,33.4738,37.3907,480,38390,0.802656,0.55,2,4219508,4219028,480
303837401,44.5895,32.9563,502,38445,0.807063,0.63,2,4219560,4219058,502
303840321,41.2358,43.1825,491,38500,0.832825,0.63,2,4219599,4219108,491
303843241,39.2943,40.073,491,38555,0.81913,0.65,2,4219637,4219146,491
303846161,34.9177,38.8292,485,38610,0.813652,0.61,2,4219669,4219184,485
303849081,15.1671,35.9317,453,38665,0.811461,0.69,2,4219671,4219218,453
303852001,34.2668,39.5727,458,38720,0.834584,0.75,2,4219718,4219260,458
303854921,41.3067,42.2291,460,38775,0.855834,0.75,2,4219764,4219304,460
304231601,33.8432,33.3915,490,45257,0.899861,1,2,4224252,4223762,490
304234521,30.3373,30.7566,489,45304,0.821944,1,2,4224280,4223791,489
304237441,28.9349,26.7026,493,45351,0.790778,1,2,4224308,4223815,493
304240361,36.174,38.8811,487,45398,0.754311,1,2,4224349,4223862,487
304313361,25.2308,25.3171,477,46544,0.757896,0.63,2,4225103,4224626,477
304316281,29.2923,25.1268,484,46589,0.765159,0.65,2,4225135,4224651,484
304319201,29.7169,28.6507,483,46634,0.768063,0.67,2,4225165,4224682,483
304322121,27.4868,30.0603,478,46679,0.781225,0.63,2,4225191,4224713,478
304325041,29.5947,27.6241,483,46724,0.78649,0.65,2,4225222,4224739,483
304327961,36.4379,27.8496,496,46769,0.800596,0.71,2,4225263,4224767,496
304330881,33.7752,35.1399,488,46814,0.818238,0.73,2,4225295,4224807,488
304333801,38.7101,32.6559,499,46859,0.825295,0.71,2,4225337,4224838,499
304336721,34.684,38.8624,488,46904,0.828118,0.73,2,4225369,4224881,488
304339641,34.8736,34.145,492,46949,0.841247,0.73,2,4225404,4224912,492
304342561,27.7494,34.658,480,46994,0.858499,0.71,2,4225427,4224947,480
304345481,27.2998,27.6632,484,47039,0.8534,0.73,2,4225454,4224970,484
304348401,27.7199,27.2653,485,47084,0.86336,0.71,2,4225482,4224997,485
304351321,29.088,27.1061,488,47129,0.879344,0.73,2,4225512,4225024,488
304354241,26.0352,29.4424,481,47174,0.897738,0.75,2,4225536,4225055,481
304587841,49.6416,33.2156,484,23003,0.0913427,0.19,1,4228202,4227718,484
304599521,76.9716,68.4439,481,23369,0.225874,0.07,1,4228499,4228018,481
304602441,64.9886,60.9776,482,23460,0.26435,0.07,1,4228556,4228074,482
304614121,65.0909,72.5338,488,23819,0.401375,0.19,1,4228782,4228294,488
304617041,62.0364,63.8135,490,23908,0.41855,0.15,1,4228842,4228352,490
304619961,26.0145,61.5254,432,23997,0.42542,0.27,1,4228844,4228412,432
304666681,26.3795,26.2634,448,25373,0.757475,0.57,2,4229735,4229287,448
304669601,66.3518,66.3054,448,25457,0.80099,0.57,2,4229828,4229380,448
304672521,66.1407,26.5221,514,25540,0.830396,0.63,2,4229894,4229380,514
304675441,41.4563,49.0089,475,25623,0.842158,0.63,2,4229919,4229444,475
304678361,46.5825,34.0035,501,25706,0.846863,0.63,2,4229969,4229468,501
304681281,78.033,42.4014,552,25788,0.860745,0.69,2,4230068,4229516,552
304684201,67.2132,75.1606,515,25870,0.890298,0.71,2,4230128,4229613,515
304789321,50.4015,71.5311,510,28669,0.899143,1,2,4232081,4231571,510
304792241,34.5606,50.8125,497,28743,0.845657,1,2,4232105,4231608,497
304815601,48.4192,63.0033,503,29327,0.767853,0.89,2,4232542,4232039,503
304818521,33.7677,50.4013,485,29399,0.805141,0.81,2,4232566,4232081,485
304821441,62.1071,34.5605,542,29471,0.832057,0.63,2,4232647,4232105,542
304824361,69.2428,65.4242,530,29543,0.878823,0.69,2,4232721,4232191,530
304827281,46.2971,71.1697,486,29615,0.885529,0.67,2,4232752,4232266,486
304944081,49.7902,69.0608,508,32349,0.828388,1,2,4234641,4234133,508
304947001,40.9161,48.0243,509,32414,0.757355,1,2,4234676,4234167,509
304958681,38.0843,40.4934,514,32674,0.283244,1,1,4234853,4234339,514
304961601,36.8337,40.1974,510,32739,0.215298,1,1,4234889,4234379,510
304970361,47.9094,56.1886,480,32932,0.043059,0.91,1,4234999,4234519,480
304982041,31.1641,38.5664,445,33188,0.0940783,0.35,1,4235158,4234713,445
304987881,40.8663,44.2106,436,33316,0.0714525,0.23,1,4235255,4234819,436
304999561,24.0142,26.7734,423,33568,0.216821,0,1,4235360,4234937,423
305008321,39.8169,41.0255,425,33757,0.205157,0.13,1,4235527,4235102,425
305011241,32.7268,31.4102,428,33820,0.220063,0.07,1,4235555,4235127,428
305014161,29.8907,31.1641,425,33883,0.226025,0.11,1,4235583,4235158,425
305017081,49.1563,49.6656,425,33945,0.24041,0.05,1,4235645,4235220,425
305020001,40.6625,40.8663,425,34007,0.234164,0.13,1,4235680,4235255,425
305022921,34.865,34.3465,426,34069,0.279666,0.15,1,4235711,4235285,426
305031681,25.5834,24.0142,430,34255,0.417019,0.25,1,4235790,4235360,430
305034601,47.4333,9.60567,492,34317,0.436807,0.13,1,4235852,4235360,492
305104681,60.0004,72.3501,451,35766,0.755536,0.59,2,4236834,4236383,451
305107601,36.6002,40.94,452,35825,0.776214,0.65,2,4236855,4236403,452
305110521,32.6401,33.176,454,35884,0.772486,0.65,2,4236885,4236431,454
305113441,30.456,30.0704,455,35943,0.782994,0.71,2,4236914,4236459,455
305116361,52.3824,51.0282,457,36002,0.763198,0.71,2,4236981,4236524,457
305119281,42.553,42.0113,457,36061,0.791279,0.71,2,4237017,4236560,457
305122201,36.2212,36.0045,457,36120,0.778512,0.69,2,4237049,4236592,457
305125121,36.0885,36.6018,456,36179,0.773405,0.69,2,4237085,4236629,456
305128041,29.4354,29.6407,456,36237,0.783362,0.67,2,4237110,4236654,456
305130961,29.7742,29.2563,457,36295,0.763345,0.73,2,4237140,4236683,457
305133881,50.9097,49.5025,459,36353,0.803338,0.75,2,4237205,4236746,459
305136801,21.5639,21.001,459,36411,0.843335,0.77,2,4237207,4236748,459
305139721,60.8255,60.0004,460,36469,0.883334,0.79,2,4237294,4236834,460
305142641,38.1302,36.6002,462,36527,0.899334,0.77,2,4237317,4236855,462
305279881,36.2548,38.3329,482,39153,0.892823,1,2,4239126,4238644,482
305282801,60.1019,54.9332,492,39207,0.879129,1,2,4239202,4238710,492
305285721,43.2408,37.5733,498,39261,0.849652,1,2,4239234,4238736,498
305288641,29.2963,34.2293,486,39315,0.885861,1,2,4239254,4238768,486
305618601,31.6566,23.003,519,44975,0.896224,1,2,4243190,4242671,519
305621521,25.8626,32.0012,503,45022,0.82049,1,2,4243212,4242709,503
305624441,30.7451,32.0005,505,45069,0.802196,1,2,4243246,4242741,505
305647801,42.1496,64.1833,475,45444,0.436215,1,1,4243507,4243032,475
305650721,42.6598,47.2733,482,45490,0.420486,0.96,1,4243550,4243068,482
305653641,27.8639,34.5093,474,45536,0.402194,0.86,1,4243568,4243094,474
305656561,31.5456,30.6037,480,45582,0.430878,0.93,1,4243602,4243122,480
305659481,32.4182,35.6415,474,45628,0.430351,0.88,1,4243635,4243161,474
305685761,24.891,25.4148,468,46042,0.29566,0.43,1,4243878,4243410,468
305706201,24.3953,32.4044,458,46364,0.43556,0.37,1,4244093,4243635,458
305709121,21.7581,24.3618,459,46409,0.408224,0.39,1,4244113,4243654,459
305712041,26.7032,21.7447,469,46454,0.40929,0.33,1,4244143,4243674,469
305714961,28.6813,27.2979,468,46499,0.421716,0.39,1,4244173,4243705,468
305717881,26.4725,28.3192,464,46544,0.426686,0.37,1,4244198,4243734,464
305823001,17.7639,17.4082,457,48147,0.768762,0.71,2,4245217,4244760,457
305825921,14.3056,14.1633,457,48191,0.805505,0.73,2,4245229,4244772,457
305828841,41.7222,42.2653,456,48235,0.820202,0.69,2,4245289,4244833,456
305831761,43.0889,44.5061,454,48279,0.850081,0.69,2,4245333,4244879,454
305834681,28.0356,28.6024,454,48323,0.850032,0.65,2,4245351,4244897,454
305837601,32.8142,33.041,454,48367,0.886013,0.69,2,4245387,4244933,454
305840521,31.7257,31.8164,454,48411,0.888405,0.65,2,4245418,4244964,454
306082881,336.895,361.992,484,23360,0.85,1,2,4248282,4247798,484
306131061,85.6893,68.9835,506,24178,0.40696,1,1,4248515,4248009,506
306133981,69.6757,59.3934,512,24266,0.264784,0.91,1,4248574,4248062,512
306139821,58.3081,68.6629,483,24440,0.0447654,0.83,1,4248688,4248205,483
306142741,44.9232,50.8652,480,24527,0.0179062,0.89,1,4248724,4248244,480
306145661,28.1693,34.1461,474,24613,0.0131625,0.83,1,4248741,4248267,474
306148581,62.2677,44.2584,508,24699,0.059265,0.61,1,4248826,4248318,508
306151501,60.9071,69.9034,481,24785,0.041706,0.31,1,4248886,4248405,481
306154421,64.5628,93.9613,438,24871,0.0346824,0.17,1,4248953,4248515,438
306157341,55.8251,72.9845,429,24956,0.031873,0.01,1,4249003,4248574,429
306160261,54.1301,64.5938,423,25041,0.0307492,0,1,4249056,4248633,423
306163181,54.652,58.8375,423,25126,0.0422997,0,1,4249111,4248688,423
306166101,43.4608,45.135,423,25210,0.0229199,0.01,1,4249147,4248724,423
306169021,28.1843,28.254,424,25294,0.0151679,0.09,1,4249165,4248741,424
306171941,62.2737,62.3016,424,25378,0.0840672,0.03,1,4249250,4248826,424
306192381,29.2221,43.0866,441,25956,0.0727011,0.01,1,4249588,4249147,441
306195301,63.8889,28.0347,510,26038,0.0950804,0.13,1,4249675,4249165,510
306204061,56.8889,63.7142,478,26281,0.207445,0.15,1,4249853,4249375,478
306206981,56.9556,55.4857,485,26362,0.256978,0.21,1,4249910,4249425,485
306209901,51.5822,54.5943,479,26442,0.288791,0.15,1,4249958,4249479,479
306224501,65.5231,61.5555,495,26840,0.403133,0.17,1,4250230,4249735,495
306227421,27.4092,64.2222,431,26919,0.419253,0.25,1,4250232,4249801,431
306230341,43.9637,56.8889,434,26998,0.449701,0.29,1,4250287,4249853,434
306274141,67.3158,64.9192,453,28151,0.794145,0.65,2,4251057,4250604,453
306277061,68.9263,67.3677,454,28226,0.815658,0.69,2,4251127,4250673,454
306279981,28.7705,28.1471,454,28301,0.824263,0.69,2,4251129,4250675,454
306282901,44.5082,44.2588,454,28376,0.815705,0.69,2,4251184,4250730,454
306285821,54.4033,17.7035,515,28451,0.836282,0.65,2,4251245,4250730,515
306288741,52.3613,44.2814,504,28525,0.844513,0.67,2,4251296,4250792,504
306291661,41.9445,47.7126,489,28599,0.859805,0.73,2,4251331,4250842,489
306294581,28.7778,39.485,475,28673,0.865922,0.69,2,4251351,4250876,475
306297501,70.3111,27.794,553,28747,0.880369,0.77,2,4251449,4250896,553
306408461,34.7158,24.8902,531,31423,0.865226,1,2,4253298,4252767,531
306437661,31.347,38.7886,490,32089,0.0878129,0.81,1,4253756,4253266,490
306469781,13.8902,31.347,427,32808,0.215647,0.11,1,4254183,4253756,427
306472701,28.9561,37.1388,425,32872,0.224259,0.13,1,4254222,4253797,425
306475621,46.9824,49.0555,427,32936,0.239704,0.19,1,4254281,4253854,427
306478541,63.793,64.6222,427,33000,0.293881,0.13,1,4254356,4253929,427
306484381,31.5669,31.3396,430,33128,0.283421,0.11,1,4254415,4253985,430
306498981,33.4874,31.7254,433,33446,0.415289,0.23,1,4254614,4254181,433
306501901,14.595,13.8902,433,33509,0.448116,0.23,1,4254616,4254183,433
306560301,33.4511,40.0698,477,34749,0.75442,0.61,2,4255470,4254993,477
306563221,36.7805,32.8279,488,34810,0.751768,0.61,2,4255509,4255021,488
306566141,15.9122,34.7312,454,34871,0.750707,0.67,2,4255511,4255057,454
306577821,49.5786,67.2059,492,35113,0.756642,0.67,2,4255731,4255239,492
306580741,31.8314,49.6824,474,35173,0.764657,0.67,2,4255751,4255277,474
306583661,52.3326,31.8729,520,35233,0.791863,0.73,2,4255817,4255297,520
306586581,49.133,50.5492,504,35293,0.790745,0.75,2,4255864,4255360,504
306589501,40.0532,47.8197,492,35353,0.802298,0.73,2,4255898,4255406,492
306592421,34.6213,40.1279,488,35413,0.830919,0.77,2,4255929,4255441,488
306595341,37.2485,33.4511,498,35473,0.866368,0.75,2,4255968,4255470,498
306598261,16.0994,36.7805,461,35533,0.856547,0.75,2,4255970,4255509,461
306750101,42.4588,38.1182,521,38503,0.886087,1,2,4258060,4257539,521
306753021,39.1835,36.8473,522,38558,0.780435,1,2,4258097,4257575,522
306758861,35.1894,37.2156,512,38668,0.75247,1,2,4258168,4257656,512
306761781,24.8757,36.4862,494,38723,0.762988,1,2,4258186,4257692,494
306793901,37.4915,38.4734,463,39318,0.795242,0.77,2,4258598,4258135,463
306796821,32.9966,35.1894,460,39372,0.816097,0.77,2,4258628,4258168,460
306799741,22.1986,24.8757,457,39426,0.848439,0.65,2,4258643,4258186,457
306802661,39.4795,41.7503,455,39480,0.849376,0.69,2,4258694,4258239,455
306805581,35.5918,36.5001,455,39533,0.83775,0.73,2,4258727,4258272,455
306808501,40.0367,39.8,456,39586,0.8811,0.69,2,4258770,4258314,456
306811421,38.2147,38.12,456,39639,0.89844,0.63,2,4258807,4258351,456
306814341,35.0859,35.648,455,39692,0.893376,0.65,2,4258840,4258385,455
306817261,20.6343,19.6592,457,39745,0.89135,0.71,2,4258851,4258394,457
307053781,320.419,359.403,478,18980,0.442,0.97,1,4261739,4261261,478
307056701,180.367,182.761,500,19818,0.2548,0.75,1,4261826,4261326,500
307071301,39.4002,63.3115,431,20347,0.22651,0.07,1,4262142,4261711,431
307082981,69.7446,88.568,484,20761,0.425079,0.23,1,4262486,4262002,484
307085901,68.6979,66.6272,500,20863,0.440031,0.19,1,4262554,4262054,500
307118021,80.0873,77.1568,451,21955,0.774097,0.63,2,4263221,4262770,451
307120941,95.6349,93.2627,453,22052,0.831639,0.67,2,4263327,4262874,453
307123861,73.054,70.9051,455,22148,0.854655,0.71,2,4263385,4262930,455
307126781,70.0216,69.162,455,22244,0.863862,0.71,2,4263453,4262998,455
307129701,41.2086,40.8648,455,22339,0.867545,0.71,2,4263475,4263020,455
307132621,17.6835,17.5459,455,22434,0.869018,0.73,2,4263477,4263022,455
307135541,79.0734,77.2184,458,22529,0.845607,0.73,2,4263597,4263139,458
307138461,82.6294,30.8873,543,22623,0.824243,0.81,2,4263682,4263139,543
307141381,97.2517,61.5549,568,22717,0.839697,0.87,2,4263789,4263221,568
307144301,73.7007,88.222,520,22810,0.881879,0.87,2,4263847,4263327,520
307231901,71.6545,77.4115,479,25450,0.887056,1,2,4265706,4265227,479
307234821,49.0618,30.9646,513,25533,0.828822,1,2,4265740,4265227,513
307237741,63.4247,38.7858,542,25616,0.769529,1,2,4265813,4265271,542
307278621,66.5734,53.2133,523,26750,0.772802,0.59,2,4266616,4266093,523
307281541,45.8293,65.0853,482,26829,0.783121,0.57,2,4266648,4266166,482
307284461,60.3317,45.8341,519,26908,0.811248,0.59,2,4266718,4266199,519
307287381,25.3327,59.7336,452,26987,0.822499,0.63,2,4266720,4266268,452
307290301,41.9331,54.4935,454,27065,0.875,0.69,2,4266773,4266319,454
307421701,44.8752,44.8643,490,30384,0.8548,1,2,4269130,4268640,490
307424621,40.7501,35.9457,498,30454,0.75592,1,2,4269168,4268670,498
307436301,62.7088,78.661,475,30730,0.411368,1,1,4269350,4268875,475
307439221,49.6835,50.0644,485,30799,0.410547,1,1,4269391,4268906,485
307447981,53.0517,61.1881,459,31005,0.254515,0.81,1,4269555,4269096,459
307450901,40.4207,44.8752,457,31073,0.215806,0.69,1,4269587,4269130,457
307477181,48.2153,45.4101,487,31681,0.200382,0.21,1,4269984,4269497,487
307480101,39.0861,52.9641,462,31748,0.218153,0.19,1,4270017,4269555,462
307483021,33.6344,40.3856,460,31815,0.261261,0.15,1,4270047,4269587,460
307485941,29.6538,35.9542,454,31881,0.278504,0.15,1,4270074,4269620,454
307488861,32.2615,30.5817,461,31947,0.261402,0.17,1,4270108,4269647,461
307491781,31.5046,32.6327,458,32013,0.242561,0.13,1,4270139,4269681,458
307494701,58.2018,31.0531,504,32079,0.223024,0.09,1,4270215,4269711,504
307512221,34.577,39.0861,463,32473,0.401193,0.29,1,4270480,4270017,463
307515141,31.2308,33.6344,462,32538,0.418477,0.29,1,4270509,4270047,462
307518061,31.6923,29.6538,467,32603,0.425391,0.25,1,4270541,4270074,467
307520981,30.6769,32.2615,463,32668,0.428156,0.23,1,4270571,4270108,463
307556021,60.9227,58.4708,447,33436,0.821607,0.51,2,4271095,4270648,447
307558941,25.5691,24.5883,447,33499,0.826643,0.55,2,4271097,4270650,447
307561861,40.8276,39.2353,449,33562,0.816657,0.67,2,4271148,4270699,449
307564781,63.7311,59.4941,455,33625,0.836663,0.71,2,4271227,4270772,455
307567701,45.2924,42.9977,456,33688,0.868665,0.73,2,4271260,4270804,456
307570621,49.317,48.3991,456,33751,0.893466,0.69,2,4271312,4270856,456
307573541,40.1268,39.7596,456,33814,0.891386,0.71,2,4271346,4270890,456
307579381,33.5403,32.0415,459,33939,0.883022,0.75,2,4271411,4270952,459
307582301,32.6161,32.0166,459,34001,0.875209,0.75,2,4271443,4270984,459
307585221,31.6464,30.8066,460,34063,0.860083,0.87,2,4271474,4271014,460
307731221,57.6469,59.3979,503,37039,0.81784,1,2,4273611,4273108,503
307734141,47.0588,39.9592,516,37096,0.789136,1,2,4273651,4273135,516
307789621,32.8546,28.9342,489,38165,0.76201,0.63,2,4274313,4273824,489
307792541,59.9418,32.5737,532,38220,0.790804,0.67,2,4274391,4273859,532
307795461,49.7767,61.0295,495,38275,0.790322,0.69,2,4274434,4273939,495
307798381,36.7107,49.0118,482,38330,0.838129,0.63,2,4274462,4273980,482
307801301,51.2843,35.8047,516,38385,0.845251,0.69,2,4274523,4274007,516
307804221,42.7137,52.7219,489,38440,0.824101,0.67,2,4274560,4274071,489
307807141,33.2855,42.6888,480,38495,0.83964,0.63,2,4274587,4274107,480
307810061,20.5142,34.4755,463,38550,0.857856,0.63,2,4274599,4274136,463
307812981,27.4057,20.3902,484,38605,0.865142,0.67,2,4274631,4274147,484
307815901,12.1623,26.7561,455,38660,0.868057,0.65,2,4274633,4274178,455
307932701,22.4557,22.985,512,40788,0.888384,1,2,4276111,4275599,512
307935621,26.9823,24.194,517,40840,0.829354,1,2,4276141,4275624,517
307938541,29.3929,25.2776,522,40892,0.817741,1,2,4276172,4275650,522
307941461,30.3572,31.111,518,40944,0.765097,1,2,4276203,4275685,518
307953141,44.7835,40.262,523,41149,0.445106,1,1,4276407,4275884,523
307964821,32.2169,31.7459,503,41353,0.286099,1,1,4276540,4276037,503
307967741,21.8867,33.0984,484,41404,0.264439,0.86,1,4276555,4276071,484
307970661,21.9547,24.6393,487,41455,0.231776,0.87,1,4276577,4276090,487
307979421,20.4851,29.3929,459,41608,0.209954,0.73,1,4276631,4276172,459
307985261,41.7976,45.7429,453,41710,0.265193,0.45,1,4276712,4276259,453
307988181,56.919,63.8971,444,41761,0.292077,0.43,1,4276779,4276335,444
307996941,39.3068,42.5134,437,41912,0.432693,0.35,1,4276885,4276448,437
308075781,45.2337,38.0971,500,43250,0.765869,0.69,2,4277742,4277242,500
308078701,41.4935,43.4389,492,43299,0.792347,0.65,2,4277781,4277289,492
308081621,34.5974,40.7755,483,43348,0.802939,0.65,2,4277811,4277328,483
308084541,31.839,34.3102,483,43397,0.819176,0.67,2,4277841,4277358,483
308087461,30.7356,31.1241,484,43446,0.82567,0.65,2,4277871,4277387,484
308090381,20.6942,31.0496,467,43495,0.840268,0.65,2,4277885,4277418,467
308093301,21.4777,20.8199,475,43544,0.858107,0.65,2,4277907,4277432,475
308096221,22.9911,21.5279,477,43592,0.865243,0.65,2,4277931,4277454,477
308099141,10.3964,23.0112,455,43640,0.868097,0.65,2,4277933,4277478,455
308102061,22.7586,10.4045,484,43688,0.881239,0.69,2,4277964,4277480,484
308104981,24.7034,22.1618,480,43736,0.862496,0.69,2,4277990,4277510,480
308107901,50.0814,25.0647,520,43784,0.866998,0.67,2,4278057,4277537,520
308110821,59.6325,49.0259,521,43832,0.868799,0.69,2,4278123,4277602,521
308113741,39.453,59.2104,481,43880,0.85752,0.71,2,4278149,4277668,481
308116661,48.1812,38.0841,511,43928,0.853008,0.81,2,4278203,4277692,511
308119581,42.6725,45.2337,500,43976,0.875203,0.81,2,4278242,4277742,500
308122501,35.069,41.4935,491,44024,0.884081,0.81,2,4278272,4277781,491
308486041,334.592,358.406,485,21900,0.86008,1,2,4282133,4281648,485
308488961,184.837,182.362,505,22724,0.866032,1,2,4282218,4281713,505
308491881,111.735,117.945,493,22817,0.856413,1,2,4282281,4281788,493
308494801,90.8939,83.778,509,22910,0.840565,0.99,2,4282358,4281849,509
308497721,80.7576,79.7112,506,23003,0.762226,0.93,2,4282432,4281926,506
308506481,38.4805,48.1095,474,23278,0.760862,0.77,2,4282581,4282107,474
308509401,77.1922,34.8438,551,23369,0.838345,0.87,2,4282684,4282133,551
308605761,47.5133,63.5133,513,26196,0.787312,1,2,4284627,4284114,513
308620361,45.7371,74.7374,496,26598,0.252795,0.98,1,4284951,4284455,496
308623281,38.0948,44.895,504,26678,0.203118,0.98,1,4284984,4284480,504
308646641,41.8108,45.7371,431,27306,0.226613,0.17,1,4285382,4284951,431
308649561,35.3243,38.0948,429,27384,0.228645,0.07,1,4285413,4284984,429
308652481,50.1297,53.6379,425,27461,0.253458,0.09,1,4285473,4285048,425
308655401,42.2519,42.4552,427,27538,0.263383,0.11,1,4285510,4285083,427
308658321,66.1008,66.1821,427,27615,0.255353,0.11,1,4285592,4285165,427
308661241,27.6403,27.6728,427,27692,0.252141,0.11,1,4285594,4285167,427
308664161,43.4561,44.6691,425,27768,0.274857,0.15,1,4285648,4285223,425
308675841,35.3941,35.3243,431,28072,0.401452,0.27,1,4285844,4285413,431
308678761,51.9576,50.1297,434,28147,0.430581,0.27,1,4285907,4285473,434
308722561,71.6512,54.8174,534,29255,0.760236,0.63,2,4286679,4286145,534
308725481,44.2605,70.527,479,29327,0.778094,0.63,2,4286705,4286226,479
308728401,35.7042,44.4108,482,29399,0.797238,0.61,2,4286735,4286253,482
308731321,53.8817,36.3643,517,29471,0.828895,0.61,2,4286801,4286284,517
308734241,46.7527,54.1457,493,29543,0.817558,0.67,2,4286843,4286350,493
308737161,70.3011,45.0583,540,29615,0.789023,0.71,2,4286929,4286389,540
308740081,29.3204,69.6233,456,29686,0.789609,0.71,2,4286931,4286475,456
308743001,47.1282,29.0493,513,29757,0.825844,0.69,2,4286990,4286477,513
308745921,57.8513,45.8197,521,29828,0.876338,0.73,2,4287055,4286534,521
308748841,24.3405,56.1279,460,29899,0.896535,0.79,2,4287057,4286597,460
308862721,53.4692,37.4446,540,32544,0.829648,1,2,4288930,4288390,540
308886081,61.821,70.4563,482,33060,0.29958,0.97,1,4289283,4288801,482
308889001,42.1284,49.1825,476,33124,0.221832,0.89,1,4289312,4288836,476
308891921,31.2514,37.673,470,33188,0.214733,0.77,1,4289336,4288866,470
308903601,39.1856,43.022,443,33442,0.0927132,0.43,1,4289511,4289068,443
308906521,33.6743,37.0088,440,33505,0.0790853,0.35,1,4289541,4289101,440
308909441,23.6697,26.2035,438,33568,0.0856341,0.37,1,4289558,4289120,438
308926961,41.7926,41.9005,430,33945,0.229328,0.17,1,4289815,4289385,430
308929881,35.3171,37.1602,427,34007,0.265731,0.09,1,4289846,4289419,427
308932801,50.1268,51.4641,426,34069,0.280292,0.07,1,4289906,4289480,426
308953241,39.4739,57.7259,454,34502,0.403524,0.19,1,4290169,4289715,454
308962001,36.7023,41.7345,464,34685,0.400946,0.29,1,4290279,4289815,464
308964921,50.6809,35.2938,493,34746,0.418378,0.29,1,4290339,4289846,493
308967841,40.6724,50.1175,467,34807,0.437351,0.33,1,4290373,4289906,467
309023321,32.0024,31.0718,454,35943,0.782067,0.63,2,4291088,4290634,454
309026241,44.001,44.2287,453,36002,0.822827,0.61,2,4291140,4290687,453
309029161,36.8004,37.4915,452,36061,0.839131,0.61,2,4291172,4290720,452
309032081,51.3202,51.5966,452,36120,0.809652,0.61,2,4291233,4290781,452
309035001,41.5281,41.6386,452,36179,0.821861,0.59,2,4291268,4290816,452
309037921,34.6112,35.2555,451,36237,0.874744,0.61,2,4291298,4290847,451
309040841,25.2445,24.9022,452,36295,0.859898,0.65,2,4291317,4290865,452
309043761,45.4978,45.3609,452,36353,0.877959,0.61,2,4291376,4290924,452
309046681,19.3991,19.3443,452,36411,0.885184,0.61,2,4291378,4290926,452
309049601,25.1596,24.5377,453,36469,0.888073,0.8,2,4291407,4290954,453
309186841,36.6375,47.5345,476,39099,0.811466,1,2,4293262,4292786,476
309189761,30.255,31.0138,482,39153,0.762586,1,2,4293288,4292806,482
309201441,34.8929,33.6884,491,39369,0.273778,1,1,4293455,4292964,491
309207281,31.0229,37.4301,489,39477,0.0702045,1,1,4293516,4293027,489
309210201,33.4091,36.5721,488,39530,0.0460818,0.96,1,4293551,4293063,488
309213121,41.5637,53.0288,471,39583,0.0604327,0.95,1,4293598,4293127,471
309216041,34.6255,42.2115,466,39636,0.0301731,0.95,1,4293628,4293162,466
309218961,30.0502,35.4846,462,39689,0.0300692,0.87,1,4293655,4293193,462
309221881,28.2201,31.5938,460,39742,0.0300277,0.75,1,4293682,4293222,460
309224801,38.888,36.6375,466,39795,0.0300111,0.73,1,4293728,4293262,466
309227721,28.1552,30.255,461,39848,0.0180044,0.69,1,4293749,4293288,461
309230641,26.8621,30.702,456,39901,0.0732018,0.41,1,4293775,4293319,456
309245241,29.8018,24.1829,455,40166,0.0437384,0,1,4293941,4293486,455
309248161,32.3207,27.6731,459,40219,0.0354954,0.03,1,4293975,4293516,459
309251081,39.9283,32.0693,469,40271,0.0441981,0.07,1,4294020,4293551,469
309254001,34.5713,41.0277,453,40323,0.0596793,0.01,1,4294051,4293598,453
309256921,28.8285,34.4111,448,40375,0.0538717,0.03,1,4294076,4293628,448
309259841,27.7314,29.9644,448,40427,0.0395487,0.03,1,4294103,4293655,448
309262761,38.6926,28.1858,467,40479,0.0218195,0.03,1,4294149,4293682,467
309265681,28.677,38.8743,443,40531,0.0507278,0.01,1,4294171,4293728,443
309268601,29.4708,28.1497,452,40583,0.0862911,0.11,1,4294201,4293749,452
309291961,35.3062,39.9283,455,40999,0.201318,0.07,1,4294475,4294020,455
309294881,28.5225,34.5713,448,41050,0.218527,0.05,1,4294499,4294051,448
309297801,27.609,28.8285,450,41101,0.201411,0.03,1,4294526,4294076,450
309312401,37.2475,45.9883,457,41356,0.0987056,0.13,1,4294715,4294258,457
309338681,26.173,27.609,431,41815,0.241574,0.17,1,4294957,4294526,431
309341601,36.8692,38.0436,430,41865,0.23463,0.13,1,4295001,4294571,430
309344521,27.9477,29.6174,428,41915,0.255852,0.09,1,4295023,4294595,428
309347441,29.7791,31.047,427,41965,0.252341,0.11,1,4295054,4294627,427
309350361,46.1116,46.6188,427,42015,0.274936,0.09,1,4295111,4294684,427
309353281,36.4447,37.2475,426,42065,0.259975,0.11,1,4295141,4294715,426
309385401,28.1005,27.9477,433,42615,0.412458,0.25,1,4295456,4295023,433
309388321,29.2402,29.7791,432,42665,0.422983,0.29,1,4295486,4295054,432
309391241,47.0961,46.1116,434,42714,0.439193,0.25,1,4295545,4295111,434
309458401,31.9393,37.2862,477,43835,0.768041,0.59,2,4296254,4295777,477
309461321,28.3757,31.1145,476,43883,0.793216,0.57,2,4296280,4295804,476
309464241,40.1503,27.4458,499,43931,0.863286,0.67,2,4296328,4295829,499
309467161,29.2601,37.9783,476,43979,0.891315,0.67,2,4296350,4295874,476
309478841,32.8371,37.937,484,44171,0.897522,0.69,2,4296502,4296018,484
309680321,28.9553,23.4526,523,47354,0.86253,1,2,4298665,4298142,523
309683241,32.5821,29.781,524,47399,0.807012,1,2,4298700,4298176,524
309686161,30.4328,32.9124,518,47443,0.772805,1,2,4298729,4298211,518
309689081,19.3731,32.365,498,47487,0.771122,1,2,4298741,4298243,498
309703681,39.4998,33.486,496,47707,0.436123,1,1,4298922,4298426,496
309715361,27.6848,30.2524,487,47883,0.261197,1,1,4299032,4298545,487
309727041,25.3807,28.9553,465,48059,0.0765266,0.77,1,4299130,4298665,465
309773761,23.7097,25.3807,424,48756,0.229634,0.15,1,4299554,4299130,424
309776681,31.6839,29.9523,428,48799,0.277853,0.13,1,4299591,4299163,428
309779601,27.6736,27.5809,427,48842,0.297141,0.13,1,4299616,4299189,427
309785441,17.1478,9.81295,444,48928,0.283943,0.15,1,4299642,4299198,444
309802961,24.7061,31.1223,445,49186,0.400583,0.13,1,4299835,4299390,445
309805881,29.6825,23.2489,460,49229,0.442233,0.21,1,4299868,4299408,460
309893481,35.5033,35.0491,449,50497,0.767039,0.55,2,4300674,4300225,449
309896401,32.2013,32.0196,449,50539,0.792816,0.57,2,4300704,4300255,449
309899321,27.2805,26.6079,450,50581,0.815126,0.61,2,4300728,4300278,450
309902241,33.1122,31.0431,453,50623,0.836051,0.65,2,4300765,4300312,453
309905161,28.2449,26.8173,454,50665,0.83242,0.65,2,4300790,4300336,454
309908081,20.898,20.3269,454,50707,0.830968,0.65,2,4300806,4300352,454
309911001,25.1592,24.9308,454,50749,0.830387,0.65,2,4300834,4300380,454
309913921,24.4637,24.3723,454,50791,0.830155,0.65,2,4300858,4300404,454
309916841,25.3855,25.3489,454,50832,0.830062,0.71,2,4300884,4300430,454
309919761,35.3542,33.5396,457,50873,0.830025,0.69,2,4300926,4300469,457
309922681,28.5417,28.4158,456,50914,0.83001,0.69,2,4300950,4300494,456
309925601,16.2167,16.1663,456,50955,0.818004,0.67,2,4300958,4300502,456
309928521,17.2867,17.8665,455,50996,0.813202,0.67,2,4300976,4300521,455
309931441,8.11467,8.34661,455,51037,0.811281,0.67,2,4300978,4300523,455
309934361,29.6459,29.7386,455,51078,0.846512,0.73,2,4301022,4300567,455
309937281,31.0583,29.8955,457,51119,0.848605,0.75,2,4301054,4300597,457
309940201,39.4233,37.7582,459,51160,0.861442,0.79,2,4301099,4300640,459
309946041,33.5477,32.2013,462,51242,0.883031,0.83,2,4301166,4300704,462
309948961,28.4191,27.2805,463,51283,0.887212,0.85,2,4301191,4300728,463
310167961,332.701,336.182,510,24820,0.406,0.73,1,4303490,4302980,510
310213221,27.7534,34.5033,428,25160,0.0614982,0.01,1,4303912,4303484,428
310216141,44.7014,40.2013,440,25244,0.0425993,0.03,1,4303968,4303528,440
310219061,67.6805,59.2805,451,25328,0.0350397,0.01,1,4304051,4303600,451
310221981,62.4722,56.1122,456,25412,0.0320159,0.01,1,4304110,4303654,456
310224901,65.7889,59.6449,462,25495,0.0128064,0.03,1,4304178,4303716,462
310227821,68.9156,65.858,463,25578,0.0711225,0.05,1,4304249,4303786,463
310239501,42.545,21.486,478,25908,0.0704127,0.03,1,4304390,4303912,478
310242421,66.818,42.1944,505,25990,0.0461651,0.03,1,4304473,4303968,505
310245341,62.1272,66.6778,481,26072,0.048466,0.03,1,4304532,4304051,481
310248261,65.0509,62.0711,489,26153,0.0193864,0,1,4304599,4304110,489
310251181,72.2204,65.6284,498,26234,0.0377546,0.11,1,4304676,4304178,498
310254101,60.0881,68.8514,479,26315,0.0691018,0.13,1,4304728,4304249,479
310257021,35.4353,58.7406,446,26396,0.0936407,0.15,1,4304747,4304301,446
310259941,22.5741,34.8962,441,26476,0.0794563,0.13,1,4304761,4304320,441
310262861,39.6296,22.3585,478,26556,0.0497825,0.03,1,4304812,4304334,478
310265781,65.6519,42.5434,505,26636,0.037913,0.03,1,4304895,4304390,505
310268701,62.8607,66.8174,483,26716,0.0451652,0.05,1,4304956,4304473,483
310271621,64.1443,62.1269,489,26795,0.0180661,0,1,4305021,4304532,489
310274541,73.0577,65.0508,501,26874,0.0612264,0.05,1,4305100,4304599,501
310277461,30.4231,72.2203,426,26953,0.0544906,0.09,1,4305102,4304676,426
310292061,64.4655,65.6519,422,27344,0.080094,0.05,1,4305317,4304895,422
310294981,63.5862,62.8607,424,27421,0.0620376,0,1,4305380,4304956,424
310297901,63.2345,64.1443,422,27498,0.066815,0.09,1,4305443,4305021,422
310300821,73.8938,73.0577,424,27575,0.068726,0.05,1,4305524,4305100,424
310303741,30.7575,30.4231,424,27652,0.0694904,0.15,1,4305526,4305102,424
310306661,45.903,43.3692,428,27729,0.0937962,0.13,1,4305582,4305154,428
310321261,62.2585,63.5862,422,28109,0.0872165,0.07,1,4305802,4305380,422
310324181,63.9034,63.2345,424,28184,0.0648866,0.07,1,4305867,4305443,424
310327101,73.5614,73.8938,423,28259,0.0679546,0.07,1,4305947,4305524,423
310330021,30.6245,30.7575,423,28334,0.0931819,0.11,1,4305949,4305526,423
310332941,48.8498,45.903,428,28409,0.0792727,0.11,1,4306010,4305582,428
310335861,30.3399,18.3612,446,28484,0.0737091,0.15,1,4306028,4305582,446
310338781,20.536,18.1445,442,28558,0.0714836,0.13,1,4306042,4305600,442
310347541,58.9623,60.4412,485,28780,0.209295,0.03,1,4306224,4305739,485
310350461,63.1849,61.9765,488,28854,0.233718,0.05,1,4306290,4305802,488
310353381,73.874,63.7906,504,28927,0.267487,0.07,1,4306371,4305867,504
310356301,30.7496,73.5162,426,29000,0.280995,0.11,1,4306373,4305947,426
310359221,48.8998,30.6065,485,29073,0.298398,0.07,1,4306434,4305949,485
310391341,13.7225,30.3599,439,29864,0.415598,0.33,1,4306891,4306452,439
310394261,15.089,22.344,438,29935,0.424239,0.33,1,4306907,4306469,438
310426381,37.2929,36.0356,445,30704,0.758684,0.55,2,4307402,4306957,445
310429301,64.1172,61.2142,449,30773,0.825474,0.63,2,4307484,4307035,449
310432221,62.8469,60.4857,451,30842,0.852189,0.69,2,4307546,4307095,451
310435141,67.7387,64.9943,454,30911,0.826876,0.73,2,4307617,4307163,454
310438061,79.2955,76.3977,457,30979,0.82875,0.73,2,4307704,4307247,457
310440981,32.9182,31.7591,457,31047,0.8295,0.75,2,4307706,4307249,457
310443901,50.9673,50.5036,457,31115,0.8178,0.71,2,4307769,4307312,457
310446821,32.3869,32.2015,457,31183,0.81312,0.71,2,4307789,4307332,457
310449741,14.1548,14.0806,457,31251,0.811248,0.71,2,4307791,4307334,457
310452661,15.2619,15.2322,457,31319,0.834499,0.71,2,4307807,4307350,457
310455581,39.1048,6.09289,512,31387,0.8438,0.79,2,4307862,4307350,512
310458501,66.0419,33.6372,544,31454,0.84752,0.87,2,4307946,4307402,544
310461421,64.8168,62.6549,526,31521,0.897008,0.87,2,4308010,4307484,526
310595741,58.4033,88.5576,500,34473,0.899495,1,2,4310112,4309612,500
310607421,30.4871,36.4095,499,34717,0.895139,1,2,4310243,4309744,499
310610341,25.3949,33.1638,490,34778,0.880056,1,2,4310265,4309775,490
310613261,26.3579,25.8655,496,34839,0.874022,0.96,2,4310292,4309796,496
310616181,34.5432,25.9462,510,34900,0.871609,0.92,2,4310332,4309822,510
310619101,49.8173,34.3785,530,34961,0.858644,0.94,2,4310392,4309862,530
310622021,40.9269,51.5514,502,35021,0.877457,0.93,2,4310427,4309925,502
310919861,45.702,56.2412,513,40715,0.898,1,2,4314432,4313919,513
310922781,43.4808,48.8965,511,40767,0.7612,1,2,4314474,4313963,511
310931541,35.1828,30.2734,526,40923,0.429597,1,1,4314579,4314053,526
310937381,30.7092,33.8837,517,41027,0.209135,1,1,4314640,4314123,517
310946141,30.2854,35.7446,505,41180,0.0455447,1,1,4314734,4314229,505
310949061,23.5142,29.2978,499,41231,0.0602179,1,1,4314753,4314254,499
310951981,31.0057,26.7191,510,41282,0.0780872,1,1,4314789,4314279,510
310954901,54.4023,32.8877,543,41333,0.0732349,0.9,1,4314859,4314316,543
310957821,39.7609,61.7551,492,41384,0.0472939,0.87,1,4314889,4314397,492
310960741,38.7044,45.702,495,41435,0.0489176,0.67,1,4314927,4314432,495
310963661,35.2817,43.4808,486,41486,0.037567,0.53,1,4314960,4314474,486
310966581,33.9127,38.3923,484,41537,0.0210268,0.45,1,4314993,4314509,484
310969501,14.7651,36.9569,450,41588,0.0384107,0.37,1,4314995,4314545,450
310972421,21.506,35.1828,442,41639,0.0813643,0.31,1,4315021,4314579,442
310975341,23.6024,33.2731,435,41690,0.0865457,0.11,1,4315046,4314611,435
310989941,21.9982,23.5142,423,41943,0.0756798,0.09,1,4315176,4314753,423
310992861,30.9993,31.0057,424,41993,0.0842719,0.07,1,4315213,4314789,424
310995781,54.3997,54.4023,424,42043,0.0397088,0.03,1,4315283,4314859,424
310998701,39.1599,39.7609,423,42093,0.0338835,0.05,1,4315312,4314889,423
311001621,38.464,38.7044,423,42143,0.0555534,0.03,1,4315350,4314927,423
311004541,35.7856,35.2817,424,42193,0.0522214,0.01,1,4315384,4314960,424
311007461,34.1142,33.9127,424,42243,0.0628885,0.05,1,4315417,4314993,424
311010381,14.8457,14.7651,424,42293,0.0671554,0.11,1,4315419,4314995,424
311019141,23.0541,23.241,425,42443,0.209018,0.11,1,4315494,4315069,425
311022061,30.8216,29.0964,428,42493,0.257607,0.13,1,4315530,4315102,428
311024981,26.7287,27.2386,426,42543,0.253043,0.11,1,4315554,4315128,426
311027901,27.4915,29.4954,423,42593,0.239217,0.05,1,4315582,4315159,423
311030821,20.5966,21.9982,422,42643,0.233687,0.09,1,4315598,4315176,422
311033741,31.6386,30.9993,424,42692,0.219475,0.01,1,4315637,4315213,424
311036661,53.4555,54.3997,422,42741,0.21379,0.03,1,4315705,4315283,422
311065861,27.7066,30.5936,458,43231,0.096886,0.25,1,4315988,4315530,458
311068781,26.6826,26.6374,460,43280,0.0927544,0.23,1,4316014,4315554,460
311071701,19.0731,27.455,446,43329,0.0911018,0.23,1,4316028,4315582,446
311083381,37.4003,40.5812,464,43525,0.224812,0.15,1,4316201,4315737,464
311086301,35.9601,37.8325,463,43573,0.227925,0.19,1,4316236,4315773,463
311089221,35.384,36.133,463,43621,0.21717,0.19,1,4316271,4315808,463
311092141,15.3536,35.4532,430,43669,0.212868,0.19,1,4316273,4315843,430
311095061,24.1414,15.3813,458,43717,0.211147,0.11,1,4316303,4315845,458
311097981,24.6566,25.3525,451,43765,0.222459,0.11,1,4316328,4315877,451
311100901,24.2626,24.541,451,43813,0.238984,0.09,1,4316352,4315901,451
311103821,31.9051,25.4164,462,43861,0.245593,0.11,1,4316389,4315927,462
311106741,27.162,31.7666,450,43909,0.260237,0.09,1,4316413,4315963,450
311109661,26.4648,27.7066,451,43957,0.278095,0.09,1,4316439,4315988,451
311112581,18.9859,26.6826,439,44005,0.285238,0.09,1,4316453,4316014,439
311138861,25.2185,24.1414,457,44437,0.413751,0.23,1,4316760,4316303,457
311141781,11.2874,24.6566,434,44484,0.423501,0.25,1,4316762,4316328,434
311191421,31.284,29.766,446,45283,0.796419,0.51,2,4317269,4316823,446
311194341,26.9136,26.9064,445,45330,0.804568,0.55,2,4317293,4316848,445
311197261,28.1654,26.9626,447,45377,0.819827,0.51,2,4317322,4316875,447
311200181,20.2662,19.185,448,45423,0.849931,0.57,2,4317337,4316889,448
311203101,38.1065,36.474,450,45469,0.873972,0.69,2,4317387,4316937,450
311241061,29.753,25.0214,492,46067,0.897756,0.83,2,4317785,4317293,492
311460061,95.9545,107.213,453,22630,0.087856,0.63,1,4320257,4319804,453
311462981,74.9818,59.0852,487,22724,0.0771424,0.49,1,4320318,4319831,487
311465901,82.7927,81.8341,478,22817,0.084857,0.27,1,4320406,4319928,478
311468821,73.9171,78.3336,470,22910,0.0999428,0.13,1,4320474,4320004,470
311474661,26.1067,35.3334,439,23095,0.0963909,0.03,1,4320511,4320072,439
311477581,55.4427,32.7334,483,23187,0.0445563,0.01,1,4320586,4320103,483
311480501,63.5771,67.0933,462,23278,0.0238225,0.03,1,4320655,4320193,462
311483421,78.2308,65.2373,486,23369,0.015529,0.07,1,4320743,4320257,486
311486341,82.8923,62.6949,511,23460,0.0722116,0.09,1,4320829,4320318,511
311495101,27.7211,41.9805,442,23730,0.201182,0.09,1,4320938,4320496,442
311498021,52.4884,25.7922,496,23819,0.206473,0.01,1,4321007,4320511,496
311509701,79.4637,82.8843,427,24173,0.207606,0.21,1,4321256,4320829,427
311588541,29.6805,44.9075,469,26438,0.768812,0.61,2,4322705,4322236,469
311591461,53.2722,29.363,519,26518,0.829525,0.63,2,4322774,4322255,519
311594381,62.1089,53.1452,518,26598,0.87781,0.57,2,4322842,4322324,518
311597301,26.0435,62.6581,451,26678,0.897124,0.57,2,4322844,4322393,451
311737461,68.1186,72.8842,493,30251,0.8884,1,2,4325422,4324929,493
311740381,64.4474,71.1537,485,30321,0.76936,1,2,4325484,4324999,485
311749141,38.9006,40.6498,502,30530,0.412839,1,1,4325628,4325126,502
311757901,36.9776,37.9776,483,30737,0.249862,1,1,4325712,4325229,483
311760821,37.5911,37.991,483,30806,0.237945,0.91,1,4325750,4325267,483
311763741,55.8364,66.7964,465,30875,0.233178,0.85,1,4325818,4325353,465
311766661,59.5346,68.1186,458,30944,0.219271,0.69,1,4325880,4325422,458
311769581,59.8138,64.4474,456,31012,0.225708,0.45,1,4325940,4325484,456
311772501,61.1255,71.379,442,31080,0.216283,0.41,1,4326002,4325560,442
311775421,45.4502,50.7516,440,31148,0.200513,0.37,1,4326037,4325597,440
311778341,36.1801,38.9006,439,31216,0.218205,0.39,1,4326067,4325628,439
311781261,24.072,26.3603,437,31284,0.225282,0.39,1,4326083,4325646,437
311784181,19.8288,10.5441,454,31352,0.216113,0.35,1,4326100,4325646,454
311787101,35.5315,15.6176,481,31419,0.236445,0.17,1,4326146,4325665,481
311790021,37.0126,34.4471,472,31486,0.280578,0.23,1,4326184,4325712,472
311792941,54.405,36.5788,500,31553,0.262231,0.23,1,4326250,4325750,500
311795861,57.762,55.4315,492,31620,0.266892,0.21,1,4326310,4325818,492
311798781,59.7048,59.3726,491,31687,0.256757,0.23,1,4326371,4325880,491
311801701,61.0819,59.749,493,31754,0.264703,0.21,1,4326433,4325940,493
311804621,44.8328,61.0996,465,31821,0.267881,0.19,1,4326467,4326002,465
311807541,35.9331,45.4398,460,31887,0.269152,0.23,1,4326497,4326037,460
311810461,23.9732,36.1759,446,31953,0.281661,0.23,1,4326513,4326067,446
311813381,20.9893,24.0704,449,32019,0.298664,0.21,1,4326532,4326083,449
311825061,57.7485,54.405,492,32283,0.444974,0.27,1,4326742,4326250,492
311863021,65.3036,62.6398,450,33124,0.753261,0.57,2,4327317,4326867,450
311865941,47.1214,45.4559,451,33188,0.751304,0.59,2,4327352,4326901,451
311868861,36.8486,36.1824,451,33252,0.786522,0.61,2,4327382,4326931,451
311871781,25.5394,24.6729,452,33316,0.776609,0.61,2,4327400,4326948,452
311874701,22.2158,21.8692,452,33379,0.772643,0.61,2,4327420,4326968,452
311877621,38.2863,38.1477,452,33442,0.771057,0.61,2,4327469,4327017,452
311880541,16.5145,16.4591,452,33505,0.794423,0.65,2,4327471,4327019,452
311883461,30.0058,29.9836,452,33568,0.815769,0.65,2,4327510,4327058,452
311886381,52.2023,50.9935,454,33631,0.824308,0.73,2,4327577,4327123,454
311889301,62.2809,59.3974,458,33694,0.875723,0.75,2,4327646,4327188,458
311892221,61.5124,59.759,459,33757,0.872289,0.77,2,4327707,4327248,459
311895141,65.405,65.3036,458,33820,0.894916,0.75,2,4327775,4327317,458
312035301,38.2894,38.61,494,36701,0.892931,1,2,4329758,4329264,494
312041141,31.9263,28.4976,495,36816,0.835269,1,2,4329813,4329318,495
312044061,35.5705,32.999,497,36873,0.760108,1,2,4329851,4329354,497
312070341,33.8321,48.9742,491,37386,0.296971,0.88,1,4330219,4329728,491
312073261,26.1328,37.5897,482,37443,0.268789,0.91,1,4330240,4329758,482
312076181,28.4531,27.0359,492,37499,0.269515,0.79,1,4330270,4329778,492
312079101,31.7813,31.8143,491,37555,0.293806,0.71,1,4330304,4329813,491
312082021,30.1125,35.5257,482,37611,0.291522,0.67,1,4330333,4329851,482
312084941,25.845,31.0103,477,37667,0.254609,0.67,1,4330356,4329879,477
312087861,36.138,28.6041,493,37723,0.251844,0.47,1,4330399,4329906,493
312090781,35.4552,36.6416,486,37779,0.262737,0.51,1,4330434,4329948,486
312093701,41.7821,39.2567,491,37835,0.267095,0.41,1,4330480,4329989,491
312096621,37.1128,44.5027,477,37891,0.268838,0.31,1,4330514,4330037,477
312108301,24.9693,33.8321,454,38115,0.434322,0.25,1,4330673,4330219,454
312111221,27.3877,26.1328,462,38170,0.443729,0.27,1,4330702,4330240,462
312172541,67.4726,67.3552,450,39315,0.770592,0.57,2,4331486,4331036,450
312175461,28.189,28.1421,450,39369,0.782237,0.59,2,4331488,4331038,450
312178381,31.0756,29.8568,452,39423,0.798895,0.63,2,4331521,4331069,452
312181301,30.4302,29.3427,453,39477,0.805558,0.67,2,4331551,4331098,453
312184221,24.1721,23.7371,453,39530,0.820223,0.65,2,4331571,4331118,453
312187141,27.6688,26.8948,454,39583,0.826089,0.67,2,4331601,4331147,454
312190061,33.8675,32.9579,455,39636,0.840436,0.71,2,4331639,4331184,455
312192981,30.347,29.9832,455,39689,0.870174,0.71,2,4331667,4331212,455
312195901,24.1388,23.9933,455,39742,0.88207,0.71,2,4331687,4331232,455
312198821,39.6555,38.3973,457,39795,0.898828,0.69,2,4331737,4331280,457
312350661,28.4045,31.1131,507,42465,0.887161,1,2,4333590,4333083,507
312353581,27.5618,29.8452,505,42515,0.804864,1,2,4333617,4333112,505
312365261,39.6816,38.4632,488,42714,0.401869,1,1,4333771,4333283,488
312368181,63.8726,65.7853,484,42763,0.226747,0.96,1,4333851,4333367,484
312371101,44.1491,44.9141,484,42812,0.096699,1,1,4333882,4333398,484
312374021,33.2596,30.5656,489,42861,0.0566796,1,1,4333908,4333419,489
312376941,22.9038,26.6263,481,42910,0.0286718,1,1,4333924,4333443,481
312379861,25.3615,28.0505,479,42959,0.0654687,1,1,4333951,4333472,479
312382781,28.1446,32.8202,473,43008,0.0561875,1,1,4333981,4333508,473
312385701,23.8578,13.1281,494,43057,0.040475,0.9,1,4334002,4333508,494
312388621,25.7431,19.6512,497,43106,0.02219,0.97,1,4334029,4333532,497
312391541,24.6973,25.8605,491,43155,0.038876,0.84,1,4334053,4333562,491
312394461,24.8789,27.1442,488,43204,0.0155504,0.75,1,4334078,4333590,488
312397381,23.7516,27.0577,484,43253,0.0242202,0.61,1,4334101,4333617,484
312400301,30.5006,28.8231,489,43302,0.0396881,0.59,1,4334136,4333647,489
312403221,36.2002,34.9292,490,43351,0.0458752,0.53,1,4334176,4333686,490
312406141,31.8801,42.1717,472,43400,0.0723501,0.29,1,4334205,4333733,472
312409061,54.752,39.6687,504,43449,0.05894,0.11,1,4334275,4333771,504
312411981,39.3008,63.8675,453,43498,0.041576,0.01,1,4334304,4333851,453
312414901,30.7203,44.147,447,43547,0.0466304,0.03,1,4334329,4333882,447
312417821,21.8881,33.2588,437,43595,0.0246522,0.01,1,4334345,4333908,437
312420741,26.7553,22.9035,451,43643,0.0758609,0.09,1,4334375,4333924,451
312423661,27.5021,25.3614,452,43691,0.0843443,0.05,1,4334403,4333951,452
312426581,23.6008,28.1446,443,43739,0.0757377,0.03,1,4334424,4333981,443
312429501,25.0403,23.8578,448,43787,0.0722951,0.01,1,4334450,4334002,448
312432421,25.0161,25.7431,446,43835,0.046918,0.05,1,4334475,4334029,446
312435341,25.0065,24.6973,447,43883,0.0247672,0,1,4334500,4334053,447
312438261,23.8026,24.8789,445,43931,0.0159069,0.03,1,4334523,4334078,445
312441181,31.121,23.7516,458,43979,0.0243628,0.05,1,4334559,4334101,458
312444101,37.6484,30.5006,465,44027,0.0397451,0.05,1,4334601,4334136,465
312447021,31.8594,36.2002,453,44075,0.033898,0.09,1,4334629,4334176,453
312449941,53.5437,31.8801,492,44123,0.0795592,0.05,1,4334697,4334205,492
312452861,38.8175,54.752,451,44171,0.0978237,0.03,1,4334726,4334275,451
312458701,23.0108,30.7203,440,44267,0.0420518,0.01,1,4334769,4334329,440
312461621,29.0043,21.8881,457,44315,0.0468207,0.11,1,4334802,4334345,457
312464541,26.6017,26.7553,452,44363,0.0487283,0.09,1,4334827,4334375,452
312467461,23.2407,27.5021,445,44411,0.0494913,0.07,1,4334848,4334403,445
312470381,24.8963,23.6008,450,44458,0.0497965,0.07,1,4334874,4334424,450
312473301,11.1585,25.0403,426,44505,0.0499186,0.03,1,4334876,4334450,426
312476221,17.6634,25.0161,423,44552,0.0619674,0.01,1,4334898,4334475,423
312479141,21.4654,25.0065,422,44599,0.066787,0.01,1,4334922,4334500,422
312482061,22.9861,23.8026,423,44646,0.0447148,0.03,1,4334946,4334523,423
312484981,30.7945,31.121,423,44693,0.0238859,0.05,1,4334982,4334559,423
312487901,38.1178,37.6484,424,44740,0.0395544,0.03,1,4335025,4334601,424
312490821,32.6471,31.8594,425,44787,0.0578217,0.11,1,4335054,4334629,425
312493741,53.8588,53.5437,425,44834,0.0891287,0.11,1,4335122,4334697,425
312514181,25.095,24.8963,424,45163,0.0975803,0.05,1,4335298,4334874,424
312517101,11.238,11.1585,424,45210,0.0930321,0.07,1,4335300,4334876,424
312525861,22.2952,22.9861,422,45351,0.203474,0.01,1,4335368,4334946,422
312528781,30.5181,30.7945,422,45398,0.20739,0.05,1,4335404,4334982,422
312531701,38.0072,38.1178,422,45444,0.220956,0.07,1,4335447,4335025,422
312534621,33.8029,32.6471,424,45490,0.214382,0.11,1,4335478,4335054,424
312537541,54.9212,53.8588,425,45536,0.235753,0.15,1,4335547,4335122,425
312540461,43.5685,40.7435,429,45582,0.256301,0.15,1,4335583,4335154,429
312543381,30.6274,29.4974,429,45628,0.26452,0.15,1,4335605,4335176,429
312552141,25.6242,26.3438,426,45766,0.294129,0.09,1,4335676,4335250,426
312555061,23.4497,23.7375,426,45812,0.291652,0.09,1,4335698,4335272,426
312598861,23.3992,25.6237,457,46499,0.405318,0.29,1,4336133,4335676,457
312601781,25.5597,23.4495,462,46544,0.420127,0.35,1,4336160,4335698,462
312604701,11.4239,24.9798,438,46589,0.426051,0.31,1,4336162,4335724,438
312671861,58.1896,57.0331,450,47619,0.751519,0.61,2,4336868,4336418,450
312674781,46.0758,45.6132,450,47663,0.750608,0.57,2,4336906,4336456,450
312677701,32.8303,32.6453,450,47707,0.762243,0.55,2,4336930,4336480,450
312680621,22.7321,22.0581,451,47751,0.778897,0.61,2,4336946,4336495,451
312683541,29.4929,28.0232,453,47795,0.797559,0.67,2,4336980,4336527,453
312686461,28.5971,26.2093,456,47839,0.829024,0.69,2,4337008,4336552,456
312689381,24.6389,23.6837,456,47883,0.841609,0.67,2,4337030,4336574,456
312692301,27.8555,26.8735,457,47927,0.846644,0.71,2,4337060,4336603,457
312695221,12.3422,11.9494,457,47971,0.848658,0.71,2,4337062,4336605,457
312698141,21.1369,20.9798,457,48015,0.873463,0.71,2,4337089,4336632,457
312701061,24.0548,23.9919,457,48059,0.883385,0.71,2,4337115,4336658,457
312703981,10.8219,10.7968,457,48103,0.863354,0.67,2,4337117,4336660,457
312706901,17.5288,18.7187,455,48147,0.855342,0.67,2,4337139,4336684,455
312709821,28.6115,29.0875,455,48191,0.876137,0.69,2,4337175,4336720,455
312965321,74.4144,91.511,467,23631,0.091312,0.15,1,4339911,4339444,467
312971161,65.3063,69.0018,457,23810,0.0590099,0.01,1,4340024,4339567,457
312974081,52.5225,64.8007,439,23899,0.029604,0.03,1,4340068,4339629,439
312977001,43.809,45.7203,444,23988,0.0298416,0.03,1,4340106,4339662,444
312979921,34.9236,40.4881,436,24076,0.0299366,0.03,1,4340135,4339699,436
312982841,69.1694,77.9952,425,24164,0.0539747,0.09,1,4340227,4339802,425
312985761,63.0678,65.3981,427,24252,0.0875899,0.07,1,4340286,4339859,427
312994521,62.1163,62.5775,423,24513,0.0485657,0.01,1,4340447,4340024,423
312997441,50.6465,51.431,422,24599,0.0254263,0.03,1,4340490,4340068,422
313000361,44.8586,43.3724,425,24685,0.0161705,0.03,1,4340531,4340106,425
313003281,34.7434,34.749,424,24771,0.00646821,0.07,1,4340559,4340135,424
313006201,68.4974,69.0996,423,24857,0.0325873,0.11,1,4340650,4340227,423
313009121,63.999,63.0398,425,24942,0.0550349,0.11,1,4340711,4340286,425
313012041,55.5996,55.2159,425,25027,0.076014,0.11,1,4340761,4340336,425
313017881,61.4559,62.1145,422,25196,0.0493622,0.01,1,4340869,4340447,422
313020801,50.3824,50.6458,422,25280,0.0617449,0.01,1,4340912,4340490,422
313023721,45.3529,44.8583,423,25364,0.066698,0,1,4340954,4340531,423
313026641,34.3412,34.7433,422,25448,0.0566792,0,1,4340981,4340559,422
313029561,67.7365,13.8973,512,25531,0.0406717,0.05,1,4341071,4340559,512
313032481,65.4946,60.1589,485,25614,0.0342687,0.07,1,4341135,4340650,485
313035401,56.7978,60.6636,475,25697,0.0797075,0.09,1,4341186,4340711,475
313041241,59.2477,42.1062,495,25861,0.0619532,0.01,1,4341290,4340795,495
313044161,49.4991,61.2425,464,25943,0.0667813,0.07,1,4341333,4340869,464
313047081,46.7996,50.297,466,26025,0.0447125,0.07,1,4341378,4340912,466
313050001,33.1198,45.3188,448,26106,0.035885,0.05,1,4341402,4340954,448
313052921,67.8479,34.3275,512,26187,0.020354,0.03,1,4341493,4340981,512
313055841,65.5392,67.731,486,26268,0.0261416,0.03,1,4341557,4341071,486
313058761,59.2157,65.4924,477,26349,0.0644566,0.11,1,4341612,4341135,477
313061681,44.6863,56.797,461,26429,0.0677827,0.13,1,4341647,4341186,461
313064601,56.2745,43.1188,491,26509,0.0931131,0.03,1,4341711,4341220,491
313067521,48.3098,59.2475,464,26589,0.0792452,0.07,1,4341754,4341290,464
313070441,46.9239,49.499,467,26669,0.0616981,0.03,1,4341800,4341333,467
313073361,32.5696,46.7996,445,26748,0.0786792,0.03,1,4341823,4341378,445
313076281,68.2278,33.1198,513,26827,0.0494717,0.01,1,4341915,4341402,513
313079201,65.6911,67.8479,486,26906,0.0497887,0.03,1,4341979,4341493,486
313082121,27.4765,65.5392,424,26985,0.0499155,0.09,1,4341981,4341557,424
313085041,45.1906,59.2157,426,27063,0.0619662,0.07,1,4342038,4341612,426
313087961,38.4762,44.6863,425,27141,0.0667865,0.11,1,4342072,4341647,425
313102561,68.2295,68.2278,424,27529,0.0624023,0.05,1,4342339,4341915,424
313105481,65.6918,65.6911,424,27606,0.0549609,0.05,1,4342403,4341979,424
313108401,27.4767,27.4765,424,27683,0.0759844,0.07,1,4342405,4341981,424
313111321,44.5907,45.1906,423,27760,0.0723937,0.07,1,4342461,4342038,423
313114241,40.0363,38.4762,426,27836,0.0829575,0.19,1,4342498,4342072,426
313131761,65.6715,65.6918,424,28289,0.228484,0.09,1,4342827,4342403,424
313134681,27.4686,27.4767,424,28364,0.253394,0.09,1,4342829,4342405,424
313137601,44.5874,10.9907,480,28439,0.263357,0.07,1,4342885,4342405,480
313140521,39.435,37.9963,460,28513,0.279343,0.09,1,4342921,4342461,460
313143441,56.574,37.3985,491,28587,0.297737,0.15,1,4342989,4342498,491
313172641,48.1752,56.5737,478,29319,0.419449,0.33,1,4343467,4342989,478
313175561,49.2701,46.6295,488,29391,0.449779,0.43,1,4343517,4343029,488
313210601,70.7623,67.1632,451,30243,0.786869,0.59,2,4344080,4343629,451
313213521,69.7049,67.6653,452,30313,0.800748,0.59,2,4344149,4343697,452
313216441,29.082,28.2661,452,30383,0.806299,0.63,2,4344151,4343699,452
313219361,50.0328,47.9064,455,30453,0.83252,0.67,2,4344215,4343760,455
313222281,41.6131,40.7626,455,30522,0.819008,0.67,2,4344251,4343796,455
313225201,17.8452,17.505,455,30591,0.789603,0.71,2,4344253,4343798,455
313228121,48.5381,48.402,455,30660,0.837841,0.65,2,4344322,4343867,455
313231041,45.2152,45.1608,455,30729,0.857136,0.69,2,4344365,4343910,455
313233961,49.8861,49.2643,456,30798,0.852855,0.75,2,4344418,4343962,456
313236881,34.9544,32.9057,459,30867,0.839142,0.83,2,4344443,4343984,459
313365361,79.2378,78.1918,484,33751,0.77368,1,2,4346529,4346045,484
313382881,37.784,44.6579,482,34125,0.406041,1,1,4346737,4346255,482
313394561,58.7305,25.4744,552,34373,0.246219,0.89,1,4346904,4346352,552
313397481,69.6922,64.1898,539,34435,0.236487,0.67,1,4346981,4346442,539
313415001,34.9234,38.9459,475,34801,0.0686774,0.35,1,4347175,4346700,475
313417921,30.7694,37.7784,466,34862,0.069471,0.31,1,4347203,4346737,466
313420841,33.9077,31.9113,474,34923,0.0817884,0.37,1,4347239,4346765,474
313423761,26.7631,35.5645,458,34984,0.0627154,0.31,1,4347261,4346803,458
313426681,55.1052,26.8258,511,35044,0.0670861,0.19,1,4347335,4346824,511
313429601,69.4421,58.7303,510,35104,0.0448345,0.23,1,4347414,4346904,510
313432521,45.1768,69.6921,462,35164,0.0479338,0.15,1,4347443,4346981,462
313435441,35.4707,47.6769,458,35224,0.0251735,0.17,1,4347472,4347014,458
313438361,32.7883,37.0707,459,35284,0.0520694,0.19,1,4347503,4347044,459
313441281,29.9153,33.4283,456,35344,0.0508278,0.13,1,4347531,4347075,456
313444201,32.3661,30.7713,461,35404,0.0863311,0.11,1,4347565,4347104,461
313461721,49.0108,55.1052,425,35761,0.211824,0.03,1,4347760,4347335,425
313490921,26.7835,25.8174,432,36348,0.21478,0.19,1,4348116,4347684,432
313493841,11.9134,11.5269,432,36406,0.223912,0.23,1,4348118,4347686,432
313496761,48.5654,49.0108,431,36464,0.251565,0.11,1,4348191,4347760,431
313523041,36.995,35.4588,432,36982,0.415508,0.23,1,4348527,4348095,432
313525961,27.998,26.7835,433,37039,0.400203,0.23,1,4348549,4348116,433
313528881,12.3992,11.9134,433,37096,0.418081,0.27,1,4348551,4348118,433
313601881,53.2419,12.9684,530,38495,0.827075,0.65,2,4349523,4348993,530
313604801,70.4967,52.5874,533,38550,0.86483,0.65,2,4349605,4349072,533
313607721,43.7987,69.0349,479,38605,0.879932,0.65,2,4349631,4349152,479
313610641,18.7195,44.414,453,38660,0.885973,0.67,2,4349633,4349180,453
313742041,32.2783,33.4411,508,41047,0.872031,1,2,4351257,4350749,508
313744961,41.7113,37.3765,516,41098,0.882812,1,2,4351305,4350789,516
313747881,35.8845,37.7506,510,41149,0.803125,1,2,4351337,4350827,510
313750801,31.7538,31.9002,511,41200,0.79525,1,2,4351366,4350855,511
313765401,33.3309,37.9673,504,41455,0.404038,1,1,4351583,4351079,504
313788761,33.9356,35.8845,463,41862,0.285887,0.79,1,4351800,4351337,463
313794601,40.4697,43.3015,457,41962,0.282142,0.59,1,4351874,4351417,457
313797521,53.9879,59.9206,449,42012,0.298857,0.49,1,4351937,4351488,449
313812121,13.0943,13.9729,440,42262,0.40579,0.37,1,4352056,4351616,440
313817961,26.9351,26.2357,439,42362,0.428526,0.35,1,4352113,4351674,439
313908481,36.2389,26.4212,493,43880,0.768527,0.61,2,4353099,4352606,493
313911401,33.0955,35.7685,482,43928,0.769411,0.63,2,4353130,4352648,482
313914321,30.0382,32.3074,480,43976,0.769764,0.63,2,4353158,4352678,480
313917241,41.4153,29.723,501,44024,0.805906,0.65,2,4353207,4352706,501
313920161,57.3661,40.6892,521,44072,0.856362,0.67,2,4353275,4352754,521
313923081,42.1464,56.4757,486,44120,0.888545,0.65,2,4353307,4352821,486
314326041,29.8588,23.4376,526,50286,0.874134,1,2,4357514,4356988,526
314328961,26.9435,21.975,530,50328,0.835654,1,2,4357539,4357009,530
314331881,20.9774,30.39,511,50370,0.820262,1,2,4357556,4357045,511
314343561,40.3626,36.0532,499,50538,0.441335,1,1,4357707,4357208,499
314349401,24.818,34.9285,481,50622,0.400614,1,1,4357758,4357277,481
314355241,24.6109,24.1886,485,50706,0.288498,1,1,4357811,4357326,485
314387361,32.177,35.5164,450,51159,0.214539,0.53,1,4358083,4357633,450
314390281,28.4708,30.4066,449,51200,0.235816,0.35,1,4358109,4357660,449
314393201,32.9883,40.3626,438,51241,0.256326,0.35,1,4358145,4357707,438
314396121,35.3953,36.545,441,51282,0.25253,0.41,1,4358182,4357741,441
314399041,23.7581,24.818,440,51323,0.299012,0.31,1,4358198,4357758,440
314419481,16.1426,17.5147,428,51610,0.428869,0.19,1,4358350,4357922,428
314422401,22.057,22.0059,429,51651,0.441548,0.19,1,4358376,4357947,429
314425321,24.4228,25.6024,427,51692,0.446619,0.13,1,4358402,4357975,427
314428241,24.7691,24.6409,428,51733,0.424648,0.17,1,4358427,4357999,428
314431161,20.1077,18.8564,430,51774,0.403859,0.17,1,4358444,4358014,430
314434081,27.8431,7.54255,463,51815,0.431544,0.21,1,4358477,4358014,463
314437001,33.9372,23.417,467,51856,0.442617,0.23,1,4358515,4358048,467
314439921,28.5749,30.3668,457,51897,0.435047,0.25,1,4358540,4358083,457
314442841,34.83,27.7467,470,51938,0.420019,0.27,1,4358579,4358109,470
314445761,35.532,32.6987,470,51979,0.414007,0.25,1,4358615,4358145,470
314448681,26.2128,35.2795,453,52020,0.411603,0.33,1,4358635,4358182,453
314451601,25.4851,23.7118,462,52060,0.434641,0.39,1,4358660,4358198,462
314521681,22.2519,16.3702,474,53020,0.771341,0.55,2,4359265,4358791,474
314524601,24.5007,22.1481,474,53060,0.782536,0.55,2,4359291,4358817,474
314527521,24.2003,24.4592,472,53100,0.787015,0.53,2,4359315,4358843,472
314530441,19.2801,24.7837,463,53140,0.788806,0.53,2,4359331,4358868,463
314533361,31.712,19.5135,487,53180,0.837522,0.59,2,4359371,4358884,487
314536281,35.4848,29.4054,489,53220,0.845009,0.61,2,4359409,4358920,489
314539201,15.3939,34.5622,453,53260,0.848004,0.65,2,4359411,4358958,453
314542121,21.1576,28.2249,454,53300,0.861201,0.65,2,4359436,4358982,454
314545041,31.263,34.0899,454,53339,0.890481,0.65,2,4359474,4359020,454
314547961,34.1052,35.236,454,53378,0.878192,0.65,2,4359510,4359056,454
314550881,27.4421,27.2944,455,53417,0.885277,0.65,2,4359533,4359078,455
314553801,26.5768,25.9178,456,53456,0.888111,0.71,2,4359559,4359103,456
314556721,23.2307,22.3671,457,53495,0.889244,0.71,2,4359580,4359123,457
314858941,312.225,346.863,462,26280,0.427841,0.73,1,4362315,4361853,462
314861861,157.29,161.545,478,26361,0.201136,0.57,1,4362369,4361891,478
314867701,56.1264,68.4472,455,26521,0.0741818,0.27,1,4362456,4362001,455
314870621,55.4506,60.9789,454,26601,0.0476727,0.07,1,4362511,4362057,454
314873541,52.1802,65.1916,436,26681,0.0730691,0.03,1,4362561,4362125,436
314876461,51.4721,47.6766,451,26760,0.0352276,0.05,1,4362612,4362161,451
314879381,55.3888,70.0707,424,26839,0.0440911,0.11,1,4362670,4362246,424
314882301,41.3555,46.6283,425,26918,0.0236364,0.07,1,4362702,4362277,425
314885221,39.3422,33.6513,438,26997,0.0514546,0.05,1,4362740,4362302,438
314888141,47.5369,53.6605,424,27075,0.0625818,0.05,1,4362793,4362369,424
314891061,55.6148,56.8642,426,27153,0.0910327,0.05,1,4362854,4362428,426
314893981,39.0459,39.5457,426,27231,0.0784131,0.03,1,4362882,4362456,426
314902741,49.5629,50.4109,422,27464,0.0710184,0.05,1,4363034,4362612,422
314905661,54.6252,54.9644,422,27541,0.0824074,0.01,1,4363092,4362670,422
314908581,41.0501,41.1857,422,27618,0.0629629,0.07,1,4363124,4362702,422
314914421,47.968,47.5097,424,27771,0.208074,0.11,1,4363217,4362793,424
314917341,56.3872,55.6039,425,27847,0.25723,0.07,1,4363279,4362854,425
314920261,39.9549,39.0416,426,27923,0.276892,0.15,1,4363308,4362882,426
314931941,54.8308,54.6251,424,28225,0.279488,0.05,1,4363516,4363092,424
314934861,41.7323,41.05,425,28300,0.273795,0.15,1,4363549,4363124,425
314937781,43.0929,40.42,429,28375,0.247518,0.15,1,4363593,4363164,429
314940701,50.8372,16.168,485,28450,0.285007,0.27,1,4363649,4363164,485
314958221,53.4686,46.9778,493,28893,0.428619,0.25,1,4363949,4363456,493
314961141,40.5875,54.7911,465,28966,0.441448,0.27,1,4363981,4363516,465
314964061,42.635,41.7164,476,29039,0.434579,0.23,1,4364025,4363549,476
315013701,54.3942,55.0736,450,30254,0.771862,0.59,2,4364842,4364392,450
315019541,44.2231,42.8918,453,30394,0.760698,0.61,2,4364921,4364468,453
315022461,56.0892,55.5567,453,30464,0.766279,0.67,2,4364985,4364532,453
315025381,62.6357,61.8227,454,30533,0.828512,0.69,2,4365052,4364598,454
315028301,26.2543,25.9291,454,30602,0.853405,0.65,2,4365054,4364600,454
315031221,30.9017,30.7716,454,30671,0.875362,0.73,2,4365088,4364634,454
315148021,43.0114,39.7226,483,33319,0.881758,1,2,4366961,4366478,483
315150941,44.2045,35.0891,496,33382,0.886703,1,2,4367006,4366510,496
315153861,39.8818,40.4356,489,33445,0.876681,1,2,4367043,4366554,489
315156781,38.7527,37.1742,492,33508,0.812672,0.96,2,4367081,4366589,492
315159701,39.5011,32.8697,502,33571,0.811069,1,2,4367121,4366619,502
315162621,36.8004,49.1479,477,33634,0.786428,0.98,2,4367156,4366679,477
315165541,47.1202,47.8592,484,33697,0.764571,1,2,4367210,4366726,484
315197661,45.5907,27.3202,511,34382,0.790604,0.75,2,4367667,4367156,511
315200581,44.6363,43.3281,501,34443,0.802242,0.71,2,4367711,4367210,501
315203501,38.2545,45.5312,488,34504,0.806897,0.71,2,4367745,4367257,488
315206421,45.9018,38.0125,506,34565,0.844759,0.67,2,4367796,4367290,506
315209341,49.5607,46.405,506,34626,0.859903,0.73,2,4367848,4367342,506
315212261,39.0243,49.162,487,34687,0.877961,0.71,2,4367880,4367393,487
315215181,42.0097,39.4648,498,34748,0.897185,0.65,2,4367924,4367426,498
315381621,50.5293,35.3701,550,38061,0.874632,1,2,4370233,4369683,550
315384541,43.0117,62.7481,507,38117,0.799853,1,2,4370271,4369764,507
315387461,45.4047,44.2992,522,38172,0.817941,0.99,2,4370318,4369796,522
315390381,36.1619,38.7197,517,38227,0.801176,1,2,4370348,4369831,517
315393301,35.4647,43.6879,505,38282,0.806471,1,2,4370383,4369878,505
315396221,39.3859,38.4751,512,38337,0.784588,0.96,2,4370425,4369913,512
315399141,34.3544,35.7901,509,38392,0.763835,1,2,4370456,4369947,509
315402061,29.3417,35.316,500,38447,0.755534,1,2,4370482,4369982,500
315404981,35.1367,32.1264,509,38502,0.764214,1,2,4370521,4370012,509
315407901,45.8547,35.0506,525,38557,0.767685,0.93,2,4370574,4370049,525
315410821,38.1419,47.0202,503,38612,0.805074,0.96,2,4370607,4370104,503
315413741,16.4567,39.8081,470,38667,0.79603,0.93,2,4370609,4370139,470
315416661,26.3827,36.3232,469,38722,0.792412,0.83,2,4370642,4370173,469
315419581,42.3531,50.5293,462,38777,0.802965,0.75,2,4370695,4370233,462
315422501,40.9412,43.0117,464,38831,0.807186,0.83,2,4370735,4370271,464
315425421,43.9765,45.4047,463,38885,0.844874,0.79,2,4370781,4370318,463
315428341,35.5906,36.1619,463,38939,0.88395,0.81,2,4370811,4370348,463
315431261,35.8362,35.4647,464,38993,0.87558,0.77,2,4370847,4370383,464
315583101,37.0757,37.4918,498,41715,0.843495,1,2,4372722,4372224,498
315594781,34.0883,32.2894,499,41917,0.213737,1,1,4372865,4372366,499
315600621,30.5341,36.8463,476,42017,0.055798,1,1,4372923,4372447,476
315603541,37.4137,37.5385,480,42067,0.0223192,1,1,4372965,4372485,480
315606461,26.9655,31.8154,472,42117,0.0269277,0.88,1,4372985,4372513,472
315609381,30.5862,31.9262,473,42167,0.0167711,1,1,4373018,4372545,473
315612301,27.8345,30.7705,469,42217,0.0127084,1,1,4373044,4372575,469
315615221,29.7338,30.3082,470,42267,0.00508337,0.99,1,4373075,4372605,470
315618141,32.8935,33.7233,469,42317,0.0320333,0.93,1,4373110,4372641,469
315621061,38.9574,41.6893,465,42367,0.0308133,0.77,1,4373153,4372688,465
315623981,29.983,37.0757,455,42417,0.0183253,0.61,1,4373177,4372722,455
315626901,29.9932,37.6303,447,42467,0.0373301,0.47,1,4373207,4372760,447
315629821,25.7973,33.0521,440,42517,0.0329321,0.19,1,4373230,4372790,440
315632741,32.5189,40.2208,432,42567,0.0431728,0.13,1,4373267,4372835,432
315635661,29.8076,34.0883,430,42617,0.0472691,0.09,1,4373295,4372865,430
315638581,23.323,29.8353,422,42667,0.0369077,0,1,4373314,4372892,422
315641501,28.5292,30.5341,423,42716,0.0447631,0,1,4373346,4372923,423
315644421,36.0117,37.4137,422,42765,0.0179052,0.03,1,4373387,4372965,422
315647341,26.4047,26.9655,422,42814,0.0131621,0.01,1,4373407,4372985,422
315650261,30.3619,30.5862,422,42863,0.00526484,0.01,1,4373440,4373018,422
315653181,27.7447,27.8345,422,42912,0.00210593,0,1,4373466,4373044,422
315656101,29.6979,29.7338,422,42961,0.000842374,0.05,1,4373497,4373075,422
315659021,32.8792,32.8935,422,43010,0.0303369,0.05,1,4373532,4373110,422
315661941,38.3517,13.1574,464,43059,0.0181348,0.03,1,4373574,4373110,464
315664861,29.7407,31.063,445,43108,0.00725391,0.01,1,4373598,4373153,445
315667781,29.8963,26.8252,451,43157,0.0209016,0.05,1,4373628,4373177,451
315670701,26.3585,28.7301,445,43206,0.0503606,0.03,1,4373652,4373207,445
315673621,32.1434,25.292,458,43255,0.0501442,0.05,1,4373688,4373230,458
315676541,29.6574,32.3168,449,43304,0.0380577,0.05,1,4373716,4373267,449
315679461,23.8629,29.7267,441,43353,0.0812231,0.03,1,4373736,4373295,441
315682381,28.1452,23.2907,453,43402,0.0864892,0.05,1,4373767,4373314,453
315685301,35.8581,28.5163,462,43451,0.0345957,0,1,4373808,4373346,462
315688221,26.3432,36.0065,441,43500,0.0438383,0.01,1,4373828,4373387,441
315691141,30.3373,26.4026,454,43549,0.0235353,0,1,4373861,4373407,454
315694061,28.3349,30.361,448,43597,0.00941412,0,1,4373888,4373440,448
315696981,29.334,27.7444,452,43645,0.00376565,0,1,4373918,4373466,452
315699901,32.7336,29.6978,456,43693,0.0195063,0.05,1,4373953,4373497,456
315702821,38.2934,32.8791,463,43741,0.0258025,0.01,1,4373995,4373532,463
315705741,29.7174,38.3516,445,43789,0.028321,0,1,4374019,4373574,445
315708661,32.287,29.7407,455,43837,0.0293284,0.03,1,4374053,4373598,455
315711581,25.5148,29.8963,446,43885,0.0177314,0.07,1,4374074,4373628,446
315714501,31.2059,26.3585,457,43933,0.0490925,0.05,1,4374109,4373652,457
315717421,31.6824,32.1434,453,43981,0.037637,0.03,1,4374141,4373688,453
315720341,25.8729,29.6574,447,44029,0.0450548,0.11,1,4374163,4373716,447
315723261,27.7492,23.8629,456,44077,0.0720219,0.09,1,4374192,4373736,456
315726181,33.2997,28.1452,462,44125,0.0708088,0,1,4374229,4373767,462
315729101,25.3199,35.8581,441,44173,0.0343235,0.05,1,4374249,4373808,441
315732021,29.9279,26.3432,454,44221,0.0317294,0.01,1,4374282,4373828,454
315734941,28.7712,30.3373,449,44269,0.0126918,0,1,4374310,4373861,449
315737861,28.9085,28.3349,451,44317,0.0110767,0,1,4374339,4373888,451
315740781,32.5634,29.334,456,44365,0.0344307,0.03,1,4374374,4373918,456
315743701,38.8254,32.7336,464,44413,0.0317723,0.03,1,4374417,4373953,464
315746621,29.9301,38.2934,446,44460,0.0307089,0.03,1,4374441,4373995,446
315749541,13.1721,29.7174,424,44507,0.0302836,0.03,1,4374443,4374019,424
315752461,25.0688,32.287,423,44554,0.0541134,0.01,1,4374476,4374053,423
315755381,22.6275,25.5148,423,44601,0.0516454,0.07,1,4374497,4374074,423
315758301,31.251,31.2059,425,44648,0.0386581,0.03,1,4374534,4374109,425
315761221,31.7004,31.6824,425,44695,0.0334633,0.05,1,4374566,4374141,425
315764141,26.4802,25.8729,426,44742,0.0673853,0.09,1,4374589,4374163,426
315767061,27.9921,27.7492,426,44789,0.0809541,0.07,1,4374618,4374192,426
315775821,29.5595,29.9279,422,44930,0.0591811,0,1,4374704,4374282,422
315778741,29.2238,28.7712,423,44977,0.0416724,0.01,1,4374733,4374310,423
315781661,28.4895,28.9085,422,45024,0.022669,0.05,1,4374761,4374339,422
315784581,32.3958,32.5634,422,45071,0.0390676,0.03,1,4374796,4374374,422
315787501,39.3583,38.8254,423,45118,0.057627,0.03,1,4374840,4374417,423
315790421,30.1433,29.9301,423,45165,0.0650508,0.03,1,4374864,4374441,423
315793341,13.2573,13.1721,423,45212,0.0680203,0.07,1,4374866,4374443,423
315796261,25.1029,25.0688,423,45259,0.0452081,0.05,1,4374899,4374476,423
315799181,22.0412,22.6275,422,45306,0.0720833,0.03,1,4374919,4374497,422
315802101,31.0165,31.251,422,45353,0.0468333,0.03,1,4374956,4374534,422
315805021,32.2066,31.7004,423,45400,0.0247333,0.09,1,4374989,4374566,423
315807941,27.2826,26.4802,424,45446,0.0398933,0.09,1,4375013,4374589,424
315810861,29.5131,27.9921,426,45492,0.0819573,0.15,1,4375044,4374618,426
315813781,32.8052,30.9968,428,45538,0.0987829,0.09,1,4375079,4374651,428
315822541,28.4035,29.2238,422,45676,0.0824021,0.01,1,4375155,4374733,422
315825461,28.1614,28.4895,422,45722,0.0389608,0.05,1,4375183,4374761,422
315828381,32.2646,32.3958,422,45768,0.0215843,0.07,1,4375218,4374796,422
315831301,39.9058,39.3583,423,45814,0.0146337,0.07,1,4375263,4374840,423
315834221,29.7623,30.1433,422,45860,0.0358535,0.07,1,4375286,4374864,422
315837141,13.1049,13.2573,422,45906,0.0443414,0.03,1,4375288,4374866,422
315840061,25.042,25.1029,422,45952,0.0357366,0.03,1,4375321,4374899,422
315842981,22.6168,10.0412,443,45998,0.0442946,0.09,1,4375342,4374899,443
315845901,30.0467,16.0165,458,46044,0.0477178,0.03,1,4375377,4374919,458
315848821,31.8187,28.6066,454,46090,0.0370871,0.01,1,4375410,4374956,454
315851741,27.1275,31.2426,445,46136,0.0328349,0.05,1,4375434,4374989,445
315854661,31.251,26.8971,455,46182,0.0311339,0.11,1,4375468,4375013,455
315857581,35.3004,29.3588,462,46228,0.0544536,0.11,1,4375506,4375044,462
315860501,22.5202,32.7435,441,46274,0.0877814,0.13,1,4375520,4375079,441
315872181,31.6277,28.1598,456,46456,0.0978152,0.01,1,4375639,4375183,456
315875101,39.6511,32.2639,466,46501,0.0571261,0.01,1,4375684,4375218,466
315878021,29.6604,39.9056,444,46546,0.0288504,0.05,1,4375707,4375263,444
315880941,13.0642,29.7622,423,46591,0.0175402,0.05,1,4375709,4375286,423
315883861,25.0257,13.1049,454,46636,0.0130161,0.03,1,4375742,4375288,454
315886781,23.8103,25.042,444,46681,0.0232064,0.05,1,4375765,4375321,444
315889701,30.5241,22.6168,458,46726,0.0632826,0.05,1,4375800,4375342,458
315892621,31.4096,30.0467,455,46771,0.079313,0.03,1,4375832,4375377,455
315895541,26.9639,31.8187,446,46816,0.0857252,0.03,1,4375856,4375410,446
315951021,24.7003,23.9257,430,47665,0.0996829,0.11,1,4376377,4375947,430
315965621,38.5934,38.1516,429,47885,0.241549,0.17,1,4376535,4376106,429
315968541,28.6374,29.0606,428,47929,0.29462,0.13,1,4376557,4376129,428
316012341,41.6101,38.5934,435,48586,0.449736,0.33,1,4376970,4376535,435
316085341,33.572,26.2338,484,49659,0.769075,0.53,2,4377630,4377146,484
316088261,39.8288,32.6935,491,49701,0.79363,0.51,2,4377674,4377183,491
316091181,24.3315,38.8774,462,49743,0.803452,0.55,2,4377688,4377226,462
316094101,30.1326,23.951,482,49785,0.819381,0.55,2,4377722,4377240,482
316097021,28.253,29.9804,475,49827,0.849752,0.57,2,4377749,4377274,475
316099941,25.7012,26.9922,474,49869,0.861901,0.59,2,4377773,4377299,474
316102861,36.6805,25.1969,494,49911,0.87876,0.59,2,4377817,4377323,494
316105781,47.6722,35.2787,507,49953,0.861504,0.73,2,4377872,4377365,507
316108701,32.8689,44.7115,479,49995,0.866602,0.71,2,4377895,4377416,479
316111621,14.3475,31.0846,459,50037,0.868641,0.71,2,4377897,4377438,459
316114541,25.539,13.6338,490,50079,0.857456,0.73,2,4377930,4377440,490
316117461,25.2156,24.6535,483,50121,0.852983,0.75,2,4377955,4377472,483
316120381,11.2862,24.2614,461,50163,0.851193,0.75,2,4377957,4377496,461
316123301,26.1145,10.9046,495,50205,0.874477,0.75,2,4377993,4377498,495
316126221,29.6458,26.5618,490,50247,0.883791,0.75,2,4378025,4377535,490
316129141,27.4583,29.8247,484,50289,0.899516,0.73,2,4378051,4377567,484
316146661,29.5804,28.253,465,50541,0.894597,0.87,2,4378214,4377749,465
316336461,26.2209,25.5343,531,53183,0.853588,1,2,4380051,4379520,531
316339381,18.2884,27.0137,516,53223,0.863435,1,2,4380064,4379548,516
316342301,28.9154,27.6055,524,53263,0.795374,1,2,4380100,4379576,524
316371501,23.3954,30.1138,487,53654,0.414144,1,1,4380371,4379884,487
316383181,28.0165,31.1309,470,53810,0.27417,0.94,1,4380470,4380000,470
316403621,20.0027,22.2986,453,54083,0.298809,0.61,1,4380625,4380172,453
316406541,24.2011,26.9194,450,54122,0.293524,0.63,1,4380652,4380202,450
316415301,27.4449,29.1788,445,54239,0.296946,0.39,1,4380738,4380293,445
316421141,28.5112,29.9886,443,54317,0.283911,0.43,1,4380795,4380352,443
316424061,19.8045,23.3954,438,54356,0.275565,0.37,1,4380809,4380371,438
316426981,19.9218,20.7582,439,54395,0.284226,0.31,1,4380829,4380390,439
316429901,21.1687,22.1033,438,54434,0.28769,0.29,1,4380851,4380413,438
316441581,21.7147,22.6026,438,54590,0.405909,0.33,1,4380952,4380514,438
316464941,25.0794,30.8693,455,54896,0.403643,0.31,1,4381143,4380688,455
316467861,28.0317,24.9477,464,54934,0.407457,0.29,1,4381173,4380709,464
316470781,27.4127,27.3791,462,54972,0.420983,0.31,1,4381200,4380738,462
316473701,27.1651,27.7516,461,55010,0.414393,0.27,1,4381227,4380766,461
316476621,21.066,28.5007,449,55048,0.423757,0.27,1,4381244,4380795,449
316479541,20.4264,19.8003,455,55086,0.403503,0.29,1,4381264,4380809,455
316485381,24.7482,21.168,462,55162,0.41616,0.31,1,4381313,4380851,462
316488301,30.2993,24.6672,469,55200,0.448464,0.39,1,4381347,4380878,469
316570061,33.8901,33.0485,455,56260,0.76594,0.67,2,4382019,4381564,455
316572981,25.556,25.2194,455,56297,0.780376,0.67,2,4382039,4381584,455
316575901,28.2224,28.0878,455,56334,0.77415,0.67,2,4382069,4381614,455
316578821,28.089,28.0351,455,56371,0.79566,0.67,2,4382097,4381642,455
316581741,26.8356,26.814,455,56408,0.780264,0.67,2,4382123,4381668,455
316584661,20.3342,20.3256,455,56445,0.786106,0.67,2,4382139,4381684,455
316587581,20.1337,20.1302,455,56482,0.788442,0.69,2,4382159,4381704,455
316590501,21.2535,21.8521,454,56519,0.789377,0.65,2,4382181,4381727,454
316593421,24.7014,24.3408,455,56556,0.813751,0.73,2,4382208,4381753,455
316596341,34.4806,32.5363,458,56593,0.8355,0.73,2,4382249,4381791,458
316599261,29.9922,29.2145,458,56630,0.8442,0.71,2,4382276,4381818,458
316602181,22.7969,23.0858,457,56667,0.85968,0.73,2,4382294,4381837,457
316605101,16.3188,17.0343,456,56704,0.889872,0.71,2,4382306,4381850,456
316881041,174.053,161.874,492,27816,0.273631,0.47,1,4384929,4384437,492
316883961,84.0211,101.35,455,27892,0.247453,0.53,1,4384953,4384498,455
316886881,43.8084,53.1399,451,27968,0.224981,0.45,1,4384970,4384519,451
316889801,30.1234,24.856,466,28044,0.215992,0.47,1,4384991,4384525,466
316892721,28.2493,32.1424,456,28120,0.236397,0.37,1,4385018,4384562,456
316895641,56.2997,52.457,465,28195,0.208559,0.37,1,4385093,4384628,465
316898561,51.3199,46.7828,470,28270,0.221424,0.23,1,4385141,4384671,470
316901481,55.328,56.5131,465,28345,0.214569,0.17,1,4385199,4384734,465
316904401,64.1312,64.6052,465,28420,0.235828,0.17,1,4385269,4384804,465
316907321,80.8525,60.0421,500,28495,0.292331,0.21,1,4385361,4384861,500
316913161,27.8164,40.3267,446,28643,0.403173,0.21,1,4385399,4384953,446
316916081,24.9266,26.3307,452,28717,0.407269,0.21,1,4385422,4384970,452
316919001,26.1706,23.1323,458,28791,0.420908,0.25,1,4385449,4384991,458
316921921,54.8683,25.4529,505,28865,0.438363,0.19,1,4385523,4385018,505
316971561,22.1085,24.9728,454,30088,0.755337,0.63,2,4386317,4385863,454
316974481,25.6434,27.3891,453,30158,0.788135,0.65,2,4386345,4385892,453
316977401,55.2574,55.3556,454,30228,0.825254,0.67,2,4386420,4385966,454
316980321,52.1029,51.5423,455,30298,0.852102,0.69,2,4386470,4386015,455
316983241,56.2412,55.4169,456,30368,0.850841,0.67,2,4386529,4386073,456
316986161,65.6965,65.9668,455,30438,0.850336,0.73,2,4386601,4386146,455
316989081,91.6786,89.9867,458,30508,0.874135,0.73,2,4386710,4386252,458
316992001,37.8714,37.1947,458,30577,0.883654,0.75,2,4386712,4386254,458
316994921,28.9486,28.6779,458,30646,0.887462,0.73,2,4386735,4386277,458
317132161,162.289,213.617,501,14890,0.88792,1,2,4389129,4388628,501
317140921,42.6905,50.7275,486,15314,0.870187,0.87,2,4389257,4388771,486
317241661,158.081,162.664,490,19589,0.754,1,2,4392428,4391938,490
317260641,62.9424,157.681,453,20335,0.770631,0.55,2,4392881,4392428,453
317263561,46.177,83.4723,454,20439,0.794252,0.59,2,4392916,4392462,454
317266481,59.8708,74.1889,455,20543,0.839701,0.67,2,4392985,4392530,455
317269401,47.3483,55.4756,451,20646,0.86988,0.67,2,4393024,4392573,451
317272321,56.7393,57.5902,455,20749,0.857952,0.65,2,4393087,4392632,455
317275241,40.6957,41.6361,454,20851,0.853181,0.75,2,4393117,4392663,454
317390581,48.9785,54.3543,486,24591,0.236848,1,1,4395822,4395336,486
317396421,33.2766,36.8967,479,24763,0.0774957,1,1,4395883,4395404,479
317399341,39.1106,36.9587,485,24849,0.0729983,1,1,4395926,4395441,485
317402261,32.4442,35.7835,478,24934,0.0831993,0.92,1,4395954,4395476,478
317405181,39.9777,50.9134,462,25019,0.0752797,0.27,1,4395999,4395537,462
317408101,133.591,155.365,433,25104,0.0961119,0.25,1,4396195,4395762,433
317451901,38.3519,33.2256,470,26341,0.252825,0.17,1,4396851,4396381,470
317516141,36.2577,35.8824,449,28057,0.769029,0.57,2,4398021,4397572,449
317519061,33.7031,34.153,448,28132,0.757612,0.55,2,4398053,4397605,448
317521981,39.8812,40.6612,447,28207,0.777045,0.57,2,4398097,4397650,447
317524901,35.1525,33.6645,450,28282,0.808818,0.59,2,4398129,4397679,450
317527821,15.261,14.6658,450,28357,0.821527,0.59,2,4398131,4397681,450
317530741,34.3044,5.86632,497,28432,0.838611,0.59,2,4398178,4397681,497
317532201,134.322,30.5465,651,28506,0.881444,0.73,2,4398379,4397728,651
317689881,28.1799,39.254,500,32273,0.892336,1,2,4400918,4400418,500
317692801,26.872,28.9016,504,32339,0.818934,1,2,4400944,4400440,504
317707401,121.09,33.3795,658,32664,0.282111,1,1,4401264,4400606,658
317724921,23.1433,26.872,463,33050,0.239007,0.63,1,4401407,4400944,463
317727841,29.0573,34.1488,457,33114,0.221603,0.57,1,4401440,4400983,457
317730761,26.6229,31.6595,452,33178,0.250641,0.51,1,4401465,4401013,452
317733681,27.4492,33.0638,446,33242,0.274256,0.43,1,4401493,4401047,446
317736601,31.9797,37.2255,441,33306,0.247703,0.15,1,4401528,4401087,441
317751201,31.2625,31.3959,430,33622,0.408664,0.19,1,4401796,4401366,430
317754121,23.905,23.3584,431,33685,0.409466,0.27,1,4401815,4401384,431
317759961,28.3048,29.0573,432,33811,0.429115,0.27,1,4401872,4401440,432
317762881,27.5219,26.6229,434,33874,0.429646,0.29,1,4401899,4401465,434
317812521,34.2916,27.8394,487,34920,0.773217,0.59,2,4402654,4402167,487
317815441,33.5166,34.5358,481,34981,0.771287,0.59,2,4402687,4402206,481
317818361,25.4067,31.8143,471,35041,0.806515,0.61,2,4402707,4402236,471
317821281,26.3627,24.7257,478,35101,0.832606,0.61,2,4402734,4402256,478
317824201,28.5451,25.4903,482,35161,0.819042,0.61,2,4402764,4402282,482
317827121,28.218,28.7961,479,35221,0.825617,0.61,2,4402792,4402313,479
317830041,29.2872,28.3184,481,35281,0.828247,0.61,2,4402822,4402341,481
317832961,32.1149,28.7274,486,35341,0.853299,0.63,2,4402856,4402370,486
317835881,118.446,31.891,628,35401,0.875319,0.69,2,4403032,4402404,628
317838801,71.9784,116.556,496,35461,0.872128,0.75,2,4403073,4402577,496
317841721,29.9914,68.8226,461,35521,0.870851,0.77,2,4403075,4402614,461
317844641,35.3965,28.729,498,35581,0.88234,0.79,2,4403114,4402616,498
317847561,34.5586,34.2916,494,35640,0.886936,0.77,2,4403148,4402654,494
317850481,15.0234,33.5166,463,35699,0.888775,0.83,2,4403150,4402687,463
317999401,30.9114,31.0476,524,38603,0.84928,1,2,4405181,4404657,524
318002321,32.1646,32.219,524,38658,0.825712,1,2,4405214,4404690,524
318005241,33.8658,27.2876,535,38713,0.828285,1,2,4405249,4404714,535
318008161,25.5463,19.915,540,38768,0.817314,1,2,4405269,4404729,540
318011081,18.6185,20.566,533,38822,0.764926,1,2,4405283,4404750,533
318116201,32.5297,30.9646,484,40734,0.753174,0.63,2,4406580,4406096,484
318119121,32.2119,30.9858,485,40786,0.82327,0.67,2,4406612,4406127,485
318122041,21.2848,30.9943,468,40838,0.851308,0.69,2,4406626,4406158,468
318124961,18.7139,18.9977,474,40890,0.886523,0.75,2,4406643,4406169,474
318543981,127.875,117.223,508,22093,0.093808,0.41,1,4411538,4411030,508
318546901,91.3501,104.489,479,22189,0.0795232,0.21,1,4411605,4411126,479
318549821,77.9401,96.3957,457,22285,0.0738093,0.07,1,4411674,4411217,457
318552741,53.976,74.5583,435,22380,0.0835237,0,1,4411712,4411277,435
318555661,46.7904,52.0233,440,22475,0.0634095,0.01,1,4411754,4411314,440
318558581,31.3162,37.6093,433,22569,0.0433638,0.13,1,4411775,4411342,433
318561501,61.7265,33.0437,485,22663,0.0473455,0.01,1,4411857,4411372,485
318564421,88.2906,51.6175,527,22757,0.0249382,0.03,1,4411963,4411436,527
318567341,75.5162,81.847,492,22850,0.0159753,0.07,1,4412030,4411538,492
318570261,71.6065,72.9388,494,22943,0.0483901,0.07,1,4412099,4411605,494
318573181,49.6426,70.5755,460,23035,0.073356,0.09,1,4412134,4411674,460
318576101,44.457,51.0302,463,23127,0.0833424,0.05,1,4412175,4411712,463
318579021,30.9828,45.6121,443,23219,0.051337,0.03,1,4412197,4411754,443
318581941,60.9931,30.8448,503,23310,0.0505348,0.05,1,4412278,4411775,503
318584861,89.1973,61.5379,529,23401,0.0382139,0.01,1,4412386,4411857,529
318587781,75.8789,88.2152,490,23492,0.0572856,0.01,1,4412453,4411963,490
318590701,72.3516,75.4861,493,23582,0.0889142,0.07,1,4412523,4412030,493
318602381,60.7578,30.982,504,23940,0.0656842,0.05,1,4412701,4412197,504
318605301,25.5031,60.9928,425,24029,0.0442737,0.03,1,4412703,4412278,425
318608221,73.8012,89.1971,423,24117,0.0717095,0.07,1,4412809,4412386,423
318611141,70.9205,75.8789,425,24205,0.0466838,0.11,1,4412878,4412453,425
318614061,71.5682,72.3515,427,24293,0.0606735,0.17,1,4412950,4412523,427
318616981,53.8273,52.3406,430,24380,0.0542694,0.13,1,4412992,4412562,430
318619901,43.1309,43.7362,428,24467,0.0877078,0.11,1,4413028,4412600,428
318631581,74.1938,73.8012,424,24812,0.200149,0.03,1,4413233,4412809,424
318634501,70.4775,70.9205,423,24897,0.24206,0.07,1,4413301,4412878,423
318660781,73.6657,52.671,508,25653,0.449835,0.35,1,4413809,4413301,508
318692901,26.7823,43.7058,461,26548,0.756021,0.51,2,4414349,4413888,461
318695821,62.9129,25.8823,534,26628,0.752408,0.59,2,4414436,4413902,534
318698741,26.3652,60.7529,452,26708,0.750963,0.59,2,4414438,4413986,452
318701661,81.3461,25.5012,568,26787,0.762385,0.63,2,4414556,4413988,568
318710421,61.2941,76.8481,458,27024,0.768073,0.73,2,4414712,4414254,458
318713341,51.5177,57.1392,459,27102,0.805229,0.75,2,4414757,4414298,459
318716261,42.2071,44.4557,459,27180,0.820092,0.77,2,4414793,4414334,459
318719181,26.4828,26.7823,460,27258,0.814037,0.75,2,4414809,4414349,460
318722101,62.1931,62.9129,459,27336,0.859615,0.75,2,4414895,4414436,459
318725021,26.0773,26.3652,459,27413,0.877846,0.77,2,4414897,4414438,459
318844741,57.3601,59.7819,486,30419,0.876004,1,2,4417076,4416590,486
318847661,46.344,46.1128,488,30489,0.788402,0.97,2,4417115,4416627,488
318914821,38.0451,43.8889,480,32046,0.771642,0.53,2,4418128,4417648,480
318917741,54.818,36.7555,514,32112,0.806657,0.57,2,4418194,4417680,514
318920661,42.3272,52.5022,485,32178,0.832663,0.61,2,4418228,4417743,485
318923581,64.3309,41.4009,530,32244,0.867065,0.63,2,4418307,4417777,530
318926501,45.5324,61.5604,488,32310,0.868826,0.67,2,4418340,4417852,488
318929421,39.2129,45.0241,489,32375,0.88153,0.71,2,4418375,4417886,489
318932341,56.4852,37.8097,524,32440,0.898612,0.69,2,4418443,4417919,524
319344061,36.7401,41.9155,508,40603,0.861136,1,2,4424072,4423564,508
319346981,34.496,41.3662,500,40655,0.806454,1,2,4424105,4423605,500
319411221,38.0306,37.71,454,41784,0.777188,0.65,2,4424845,4424391,454
319414141,33.8122,33.684,454,41835,0.784875,0.63,2,4424876,4424422,454
319417061,33.9249,34.4736,453,41885,0.79995,0.65,2,4424910,4424457,453
319419981,45.97,44.3894,456,41935,0.78198,0.71,2,4424964,4424508,456
319422901,36.388,36.3558,455,41985,0.774792,0.69,2,4424994,4424539,455
319425821,31.3552,30.7423,456,42035,0.795917,0.73,2,4425022,4424566,456
319428741,33.5421,33.2969,456,42085,0.804367,0.69,2,4425057,4424601,456
319431661,28.4168,28.3188,456,42135,0.795747,0.77,2,4425082,4424626,456
319434581,32.3667,31.1275,458,42185,0.804299,0.69,2,4425117,4424659,458
319437501,33.3467,34.051,456,42235,0.83172,0.69,2,4425151,4424695,456
319440421,14.5387,14.8204,456,42285,0.818688,0.73,2,4425153,4424697,456
319443341,22.6155,22.7282,456,42335,0.873475,0.73,2,4425181,4424725,456
319633141,37.8744,39.9252,489,45461,0.86388,1,2,4427391,4426902,489
319653581,31.9576,33.5325,506,45783,0.417032,1,1,4427619,4427113,506
319656501,19.383,32.613,485,45829,0.424813,0.97,1,4427630,4427145,485
319665261,28.0485,8.23123,527,45967,0.295748,1,1,4427712,4427185,527
319668181,27.4194,29.0925,511,46013,0.292299,0.99,1,4427739,4427228,511
319671101,38.5678,31.437,524,46059,0.29092,1,1,4427785,4427261,524
319674021,40.0271,46.1748,509,46105,0.266368,0.91,1,4427826,4427317,509
319676941,34.0108,41.8699,500,46151,0.244547,0.81,1,4427856,4427356,500
319679861,34.6043,37.748,500,46197,0.247819,0.65,1,4427891,4427391,500
319682781,36.0417,40.2992,495,46243,0.249128,0.65,1,4427928,4427433,495
319685701,28.8167,40.1197,479,46289,0.273651,0.61,1,4427952,4427473,479
319688621,20.5267,34.6479,463,46335,0.28346,0.59,1,4427967,4427504,463
319691541,24.4107,26.4591,469,46381,0.275384,0.45,1,4427994,4427525,469
319694461,33.1643,24.9837,484,46426,0.284154,0.47,1,4428033,4427549,484
319711981,28.254,28.0485,461,46696,0.408993,0.29,1,4428173,4427712,461
319714901,38.9016,27.4194,480,46741,0.421597,0.29,1,4428219,4427739,480
319717821,38.9606,38.5678,473,46786,0.438639,0.25,1,4428258,4427785,473
319720741,33.5843,40.0271,462,46831,0.445456,0.23,1,4428288,4427826,462
319723661,35.0337,34.0108,468,46876,0.424182,0.25,1,4428324,4427856,468
319726581,37.4135,34.6043,472,46921,0.427673,0.25,1,4428363,4427891,472
319729501,29.9654,36.0417,460,46966,0.441069,0.29,1,4428388,4427928,460
319834621,31.6264,30.5062,448,48557,0.771538,0.57,2,4429391,4428943,448
319837541,16.2505,15.8025,448,48600,0.806615,0.57,2,4429397,4428949,448
319840461,20.9002,20.721,448,48643,0.820646,0.55,2,4429421,4428973,448
319843381,26.9601,26.8884,448,48686,0.838259,0.55,2,4429452,4429004,448
319846301,25.784,25.1554,449,48729,0.857303,0.57,2,4429477,4429028,449
319849221,30.1136,28.0621,452,48772,0.876921,0.57,2,4429510,4429058,452
319852141,13.2454,12.4249,452,48815,0.884769,0.65,2,4429512,4429060,452
319855061,35.8982,34.3699,454,48858,0.899907,0.65,2,4429563,4429109,454
320078441,325.734,373.253,471,23360,0.406,0.95,1,4432263,4431792,471
320095961,72.519,82.8562,452,23360,0.058864,0.61,1,4432442,4431990,452
320125161,42.8076,52.3425,443,24090,0.0295456,0.43,1,4432465,4432022,443
320128081,68.723,39.537,498,24178,0.0298182,0.03,1,4432551,4432053,498
320131001,64.6892,87.2148,441,24266,0.0179273,0,1,4432613,4432172,441
320133921,42.6757,55.2859,435,24353,0.0251709,0.11,1,4432641,4432206,435
320136841,24.2703,28.1144,437,24440,0.0400684,0.03,1,4432653,4432216,437
320139761,29.5081,29.2457,440,24527,0.0220273,0.01,1,4432686,4432246,440
320142681,63.4032,57.8983,449,24613,0.0148109,0.05,1,4432772,4432323,449
320145601,64.9613,59.1593,455,24699,0.0239244,0.03,1,4432838,4432383,455
320148521,55.3845,59.0637,445,24785,0.0635698,0.03,1,4432887,4432442,445
320154361,66.2215,72.8102,423,24956,0.0929712,0.03,1,4433036,4432613,423
320157281,43.8886,45.9241,424,25041,0.0551885,0.05,1,4433065,4432641,424
320160201,24.7554,25.5696,424,25126,0.0520754,0.01,1,4433077,4432653,424
320163121,28.5022,30.0279,422,25210,0.0748302,0.01,1,4433108,4432686,422
320166041,63.0009,63.6111,422,25294,0.0359321,0.03,1,4433194,4432772,422
320168961,66.0004,65.0445,424,25378,0.0323728,0.09,1,4433262,4432838,424
320171881,54.6001,55.4178,422,25461,0.0669491,0.09,1,4433309,4432887,422
320174801,78.8401,22.1671,517,25544,0.0927797,0.17,1,4433404,4432887,517
320192321,65.6736,62.8648,489,26038,0.0707115,0.03,1,4433683,4433194,489
320195241,55.6694,65.9459,470,26119,0.0702846,0.09,1,4433732,4433262,470
320198161,81.0678,54.5784,521,26200,0.0701139,0.11,1,4433830,4433309,521
320209841,31.1633,24.1492,461,26522,0.202675,0.13,1,4433959,4433498,461
320227361,48.8793,65.4271,430,26998,0.224977,0.17,1,4434315,4433885,430
320230281,35.1517,41.7708,430,27076,0.263991,0.17,1,4434341,4433911,430
320233201,21.2607,23.9083,430,27154,0.279596,0.23,1,4434353,4433923,430
320236121,31.9043,31.1633,433,27232,0.273839,0.19,1,4434392,4433959,433
320256561,36.3803,35.1517,436,27772,0.42252,0.29,1,4434777,4434341,436
320259481,21.7521,21.2607,436,27848,0.439008,0.27,1,4434789,4434353,436
320262401,32.1008,31.9043,436,27924,0.433603,0.37,1,4434828,4434392,436
320300361,83.3983,55.4468,547,28894,0.774012,0.57,2,4435571,4435024,547
320303281,34.5593,82.1787,449,28967,0.795605,0.57,2,4435573,4435124,449
320306201,55.2237,34.0715,516,29040,0.828242,0.57,2,4435642,4435126,516
320309121,38.2895,53.2286,477,29113,0.829297,0.61,2,4435669,4435192,477
320312041,22.5158,36.8914,463,29186,0.829719,0.61,2,4435681,4435218,463
320314961,31.8063,21.9566,489,29259,0.865887,0.63,2,4435719,4435230,489
320317881,63.1225,32.1826,534,29331,0.892355,0.65,2,4435803,4435269,534
320452201,46.0008,53.466,516,32483,0.8908,1,2,4438047,4437531,516
320455121,37.0003,38.7864,518,32548,0.82432,1,2,4438078,4437560,518
320458041,31.6001,31.1146,520,32613,0.767728,1,2,4438106,4437586,520
320460961,32.4401,32.8458,519,32678,0.757091,1,2,4438139,4437620,519
320522281,27.612,28.3291,448,34011,0.758009,0.51,2,4439015,4438567,448
320525201,29.0448,29.9316,447,34073,0.753204,0.57,2,4439045,4438598,447
320528121,30.8179,30.5727,448,34135,0.751281,0.53,2,4439077,4438629,448
320531041,28.5272,29.0291,447,34197,0.774513,0.59,2,4439104,4438657,447
320533961,46.2109,45.2116,449,34259,0.819805,0.59,2,4439162,4438713,449
320536881,41.2843,18.0846,487,34321,0.837922,0.61,2,4439200,4438713,487
320539801,72.9137,28.8339,545,34383,0.857169,0.67,2,4439294,4438749,545
320542721,45.9655,67.3335,480,34444,0.876868,0.67,2,4439322,4438842,480
320828881,51.3869,47.1297,494,40010,0.8572,1,2,4443218,4442724,494
320831801,40.9547,38.0519,496,40063,0.76888,1,2,4443252,4442756,496
320834721,30.1819,15.2208,519,40116,0.781552,1,2,4443275,4442756,519
320837641,25.8728,22.2883,515,40169,0.774621,1,2,4443298,4442783,515
320863921,48.6695,39.1656,526,40638,0.76197,0.93,2,4443634,4443108,526
320866841,47.6678,50.4662,515,40690,0.790788,0.79,2,4443681,4443166,515
320869761,37.0671,51.3865,493,40742,0.802315,0.71,2,4443711,4443218,493
320872681,27.4268,40.9546,480,40794,0.758926,0.79,2,4443732,4443252,480
320875601,24.1707,30.1818,479,40846,0.76557,0.77,2,4443754,4443275,479
320878521,24.0683,25.8727,480,40898,0.780228,0.65,2,4443778,4443298,480
320881441,30.6273,24.1491,492,40950,0.786091,0.63,2,4443813,4443321,492
320884361,34.4509,30.0596,495,41002,0.800436,0.61,2,4443850,4443355,495
320887281,25.1804,37.2239,472,41053,0.794175,0.51,2,4443869,4443397,472
320890201,34.0721,29.2895,488,41104,0.79167,0.77,2,4443909,4443421,488
320893121,34.6289,32.7158,488,41155,0.814668,0.73,2,4443944,4443456,488
320896041,51.0515,34.0863,515,41206,0.847867,0.75,2,4444006,4443491,515
320898961,36.6206,48.4345,484,41257,0.873147,0.71,2,4444033,4443549,484
320901881,50.6482,36.1738,516,41308,0.895259,0.79,2,4444093,4443577,516
320907721,37.9837,47.6678,490,41410,0.895641,0.81,2,4444171,4443681,490
320910641,27.1935,37.0671,480,41461,0.892257,0.73,2,4444191,4443711,480
320913561,24.6774,27.4268,482,41512,0.878903,0.77,2,4444214,4443732,482
321077081,28.4321,29.5698,507,44270,0.88,1,2,4446112,4445605,507
321080001,26.3728,28.0279,505,44318,0.814,1,2,4446137,4445632,505
321142781,196.906,184.56,487,20544,0.0855391,0.03,1,4446880,4446393,487
321145701,128.562,141.024,458,20647,0.0762156,0.03,1,4446963,4446505,458
321148621,72.4249,89.4096,438,20750,0.0484863,0.05,1,4446998,4446560,438
321151541,72.77,71.7638,451,20852,0.0613945,0.03,1,4447071,4446620,451
321154461,57.908,58.1055,450,20954,0.0545578,0.03,1,4447119,4446669,450
321157381,35.1632,50.2422,425,21055,0.0638231,0.03,1,4447139,4446714,425
321160301,32.0653,28.4969,441,21156,0.0555292,0.03,1,4447169,4446728,441
321163221,93.2261,102.599,423,21256,0.0522117,0.07,1,4447303,4446880,423
321166141,88.8904,90.8395,426,21356,0.0988847,0.03,1,4447389,4446963,426
321183661,91.5587,93.0716,422,21945,0.0629106,0.13,1,4447725,4447303,422
321186581,91.8235,88.8286,428,22042,0.0551643,0.15,1,4447817,4447389,428
321189501,54.7294,54.1315,427,22138,0.0760657,0.15,1,4447847,4447420,427
321215781,57.4574,68.2172,476,22986,0.0903911,0.19,1,4448401,4447925,476
321218701,34.983,56.0869,448,23078,0.0781564,0.19,1,4448421,4447973,448
321221621,30.7932,34.4347,456,23170,0.0732626,0.19,1,4448449,4447993,456
321230381,54.6268,91.8918,458,23443,0.202689,0.13,1,4448699,4448241,458
321233301,69.2507,55.3567,506,23533,0.243076,0.11,1,4448778,4448272,506
321236221,55.9003,70.1427,473,23623,0.29523,0.07,1,4448825,4448352,473
321244981,90.2176,30.7931,554,23891,0.411295,0.15,1,4449003,4448449,554
321268341,92.6731,90.2176,444,24591,0.75337,0.53,2,4449447,4449003,444
321280021,64.086,61.6664,451,24934,0.795398,0.69,2,4449664,4449213,451
321282941,59.2344,55.2665,456,25019,0.792159,0.71,2,4449720,4449264,456
321285861,36.8938,34.7066,457,25104,0.826864,0.71,2,4449742,4449285,457
321288781,31.5575,30.6826,457,25188,0.864745,0.79,2,4449770,4449313,457
321291701,94.223,92.6731,459,25272,0.867898,0.73,2,4449906,4449447,459
321294621,96.4892,96.4692,458,25356,0.881159,0.73,2,4450004,4449546,458
321306301,60.3149,60.2664,517,25689,0.89995,0.79,2,4450181,4449664,517
321309221,37.926,57.7066,484,25771,0.89398,0.85,2,4450204,4449720,484
321312141,33.1704,36.2826,492,25853,0.891592,0.89,2,4450234,4449742,492
321399741,47.8679,36.711,510,28207,0.80344,1,2,4451975,4451465,510
321414341,25.9945,23.535,523,28580,0.413933,1,1,4452154,4451631,523
321417261,91.9978,33.414,619,28654,0.243573,1,1,4452290,4451671,619
321423101,43.9996,100.146,481,28802,0.0641717,0.9,1,4452394,4451913,481
321426021,42.7999,49.0585,508,28876,0.0436687,0.73,1,4452436,4451928,508
321428941,46.5199,47.8234,510,28949,0.0594675,0.71,1,4452485,4451975,510
321431861,40.208,50.3294,494,29022,0.053787,0.55,1,4452521,4452027,494
321434781,34.6832,46.5317,481,29095,0.0755148,0.53,1,4452552,4452071,481
321437701,25.2733,40.2127,464,29168,0.0722059,0.47,1,4452571,4452107,464
321440621,24.5093,30.4851,464,29241,0.0828824,0.35,1,4452595,4452131,464
321452301,42.1042,43.9996,464,29529,0.21529,0.03,1,4452858,4452394,464
321455221,47.4417,42.7998,473,29601,0.224116,0.07,1,4452909,4452436,473
321458141,39.3767,46.5199,458,29673,0.215646,0.05,1,4452943,4452485,458
321461061,36.1507,40.208,456,29744,0.236259,0.09,1,4452977,4452521,456
321463981,25.2603,34.6832,443,29815,0.244503,0.07,1,4452995,4452552,443
321466901,11.3041,25.2733,426,29886,0.247801,0.09,1,4452997,4452571,426
321469821,17.7216,24.5093,424,29957,0.261121,0.17,1,4453019,4452595,424
321475661,86.3555,85.4015,431,30098,0.434179,0.21,1,4453235,4452804,431
321563261,90.9416,88.6985,547,32141,0.779296,0.65,2,4454585,4454038,547
321566181,43.5766,93.0794,463,32207,0.797718,0.61,2,4454597,4454134,463
321569101,46.2307,44.4318,499,32273,0.817087,0.65,2,4454645,4454146,499
321572021,49.6923,45.3727,505,32339,0.884835,0.67,2,4454697,4454192,505
321674221,49.8529,43.9117,520,34554,0.822448,1,2,4456206,4455686,520
321677141,36.7412,40.9647,509,34615,0.814979,1,2,4456234,4455725,509
321680061,32.6965,32.5859,512,34676,0.775992,1,2,4456264,4455752,512
321694661,40.3591,60.1023,498,34981,0.41561,1,1,4456508,4456010,498
321700501,37.5375,37.5764,508,35101,0.298098,0.99,1,4456582,4456074,508
321706341,43.326,36.1322,517,35221,0.296096,0.75,1,4456664,4456147,517
321709261,35.9304,49.8529,489,35281,0.268438,0.81,1,4456695,4456206,489
321712181,31.7722,36.7412,490,35341,0.281375,0.75,1,4456724,4456234,490
321715101,26.5089,32.6965,483,35401,0.28655,0.65,1,4456747,4456264,483
321726781,37.1538,55.8978,467,35640,0.412312,0.39,1,4456945,4456478,467
321732621,25.6246,38.3437,434,35758,0.40557,0.27,1,4456979,4456545,434
321735541,36.0498,37.5375,440,35817,0.420228,0.31,1,4457022,4456582,440
321776421,41.0395,40.328,447,36635,0.774369,0.57,2,4457544,4457097,447
321782261,33.8063,31.7725,452,36751,0.761099,0.65,2,4457611,4457159,452
321788101,67.089,64.3636,456,36866,0.830976,0.73,2,4457727,4457271,456
321791021,42.4356,41.3454,456,36923,0.87839,0.73,2,4457753,4457297,456
321793941,55.9742,54.3382,458,36980,0.897356,0.75,2,4457818,4457360,458
321799781,16.8759,16.8541,457,37094,0.883977,0.75,2,4457848,4457391,457
321811461,41.88,31.2235,505,37322,0.87487,0.81,2,4458003,4457498,505
321814381,37.752,40.0894,494,37379,0.871948,0.73,2,4458038,4457544,494
321817301,33.1008,37.6358,488,37436,0.846779,0.77,2,4458068,4457580,488
321820221,26.4403,33.6543,479,37492,0.836712,0.73,2,4458090,4457611,479
321823141,70.5761,26.6617,557,37548,0.856685,0.89,2,4458190,4457633,557
321826061,45.0305,67.0647,491,37604,0.864674,0.91,2,4458218,4457727,491
321828981,56.4122,42.4259,529,37660,0.867869,0.91,2,4458282,4457753,529
321831901,39.3649,55.9703,492,37716,0.869148,0.91,2,4458310,4457818,492
321834821,16.9459,39.1881,466,37772,0.869659,0.87,2,4458312,4457846,466
321837741,25.9784,16.8753,496,37828,0.869864,0.95,2,4458344,4457848,496
321840661,37.9914,24.7501,512,37884,0.881945,0.91,2,4458390,4457878,512
321843581,33.1965,37.5,496,37940,0.886778,0.91,2,4458420,4457924,496
321977901,52.7469,50.8904,538,40422,0.886,1,2,4460189,4459651,538
321980821,37.8987,52.1562,513,40474,0.8524,1,2,4460217,4459704,513
321983741,34.9595,39.4625,515,40526,0.79096,1,2,4460250,4459735,515
321995421,30.8758,30.775,515,40734,0.414953,1,1,4460382,4459867,515
322001261,33.5001,33.244,519,40838,0.247592,1,1,4460453,4459934,519
322010021,50,32.9196,543,40994,0.0823259,1,1,4460563,4460020,543
322012941,39.2,58.1678,500,41045,0.0329304,0.95,1,4460595,4460095,500
322015861,46.88,44.8671,516,41096,0.0191721,0.83,1,4460647,4460131,516
322018781,34.952,52.7469,485,41147,0.0136689,0.83,1,4460674,4460189,485
322021701,30.7808,37.8987,485,41198,0.0354675,0.75,1,4460702,4460217,485
322024621,30.9123,34.9595,483,41249,0.020187,0.61,1,4460733,4460250,483
322027541,30.3649,33.1838,481,41300,0.0140748,0.53,1,4460763,4460282,481
322030461,31.346,35.4735,476,41351,0.0716299,0.41,1,4460795,4460319,476
322045061,17.2899,29,424,41606,0.211098,0.05,1,4460903,4460479,424
322056741,45.9994,46.88,422,41810,0.0715001,0.01,1,4461069,4460647,422
322059661,35.1998,34.952,423,41860,0.0466,0.05,1,4461097,4460674,423
322062581,30.8799,30.7808,423,41910,0.03664,0.01,1,4461125,4460702,423
322065501,32.152,30.9123,425,41960,0.044656,0.01,1,4461158,4460733,425
322083021,12.7188,13.2249,429,42260,0.209703,0.23,1,4461312,4460883,429
322088861,14.515,14.116,431,42360,0.205152,0.15,1,4461346,4460915,431
322091781,47.206,48.2464,429,42410,0.208061,0.11,1,4461415,4460986,429
322094701,35.6824,38.4986,425,42460,0.233224,0.03,1,4461443,4461018,425
322097621,43.073,45.9994,422,42510,0.21929,0.03,1,4461491,4461069,422
322103461,29.6917,30.8799,422,42610,0.201886,0.05,1,4461547,4461125,422
322106381,33.4767,32.152,425,42660,0.230755,0.15,1,4461583,4461158,425
322109301,31.9907,30.2608,427,42709,0.206302,0.19,1,4461614,4461187,427
322112221,35.5963,33.7043,429,42758,0.244521,0.15,1,4461652,4461223,429
322115141,26.2385,25.4817,429,42807,0.259808,0.17,1,4461672,4461243,429
322118061,36.8954,35.9927,430,42856,0.289923,0.19,1,4461716,4461286,430
322120981,29.7582,28.7971,431,42905,0.277969,0.23,1,4461741,4461310,431
322123901,13.1033,12.7188,431,42954,0.285188,0.19,1,4461743,4461312,431
322150181,32.752,33.4587,463,43395,0.404784,0.19,1,4462046,4461583,463
322158941,37.7361,26.2374,479,43542,0.413026,0.31,1,4462151,4461672,479
322170621,15.078,18.4413,449,43734,0.404701,0.33,1,4462214,4461765,449
322173541,47.4312,14.5765,506,43782,0.407881,0.33,1,4462283,4461777,506
322176461,35.7725,47.2306,465,43830,0.421152,0.33,1,4462311,4461846,465
322193981,37.3771,32.752,480,44118,0.439387,0.37,1,4462526,4462046,480
322196901,26.9508,37.1008,460,44166,0.445755,0.39,1,4462546,4462086,460
322240701,26.8903,26.9508,444,44877,0.785389,0.47,2,4462990,4462546,444
322243621,38.3561,37.7803,445,44924,0.800156,0.51,2,4463036,4462591,445
322246541,30.9424,29.5121,447,44971,0.854062,0.51,2,4463062,4462615,447
322249461,13.577,13.0049,447,45018,0.875625,0.51,2,4463064,4462617,447
322252381,21.6308,20.8019,448,45065,0.89625,0.53,2,4463091,4462643,448
322531241,326.658,354.009,471,21900,0.418,0.9,1,4466085,4465614,471
322537081,107.945,113.521,484,22817,0.08728,0.53,1,4466233,4465749,484
322540001,68.3781,85.6086,459,22910,0.076912,0.21,1,4466275,4465816,459
322542921,63.3512,72.0434,456,23003,0.0607648,0.07,1,4466335,4465879,456
322545841,66.1405,65.4174,463,23095,0.0423059,0.03,1,4466403,4465940,463
322548761,60.0562,81.3669,427,23187,0.0229224,0.03,1,4466459,4466032,427
322551681,43.2225,43.3468,441,23278,0.0271689,0.03,1,4466491,4466050,441
322554601,82.689,38.3387,515,23369,0.0648676,0.01,1,4466600,4466085,515
322557521,66.6756,70.5355,479,23460,0.091947,0.03,1,4466656,4466177,479
322569201,57.9821,63.1881,478,23819,0.0589458,0.01,1,4466881,4466403,478
322572121,42.3928,58.8752,454,23908,0.0415783,0.03,1,4466913,4466459,454
322575041,18.1571,42.7501,424,23997,0.0346313,0.09,1,4466915,4466491,424
322589641,64.2074,63.9504,429,24435,0.213331,0.01,1,4467256,4466827,429
322598401,17.7413,18.1568,423,24694,0.0887732,0.15,1,4467338,4466915,423
322613001,63.966,64.2074,431,25121,0.217879,0.17,1,4467687,4467256,431
322615921,51.9864,53.8829,428,25205,0.261151,0.07,1,4467731,4467303,428
322618841,38.7946,41.3532,425,25289,0.278461,0.07,1,4467761,4467336,425
322621761,16.7178,17.7413,425,25373,0.261384,0.11,1,4467763,4467338,425
322624681,78.0871,77.2965,427,25457,0.242554,0.11,1,4467882,4467455,427
322627601,66.6349,30.9186,486,25540,0.247021,0.15,1,4467941,4467455,486
322630521,54.2539,47.1674,474,25623,0.248809,0.17,1,4467987,4467513,474
322633441,58.9016,45.867,491,25706,0.261523,0.23,1,4468049,4467558,491
322636361,65.5606,54.9468,500,25788,0.278609,0.23,1,4468119,4467619,500
322639281,53.2243,62.7787,477,25870,0.297444,0.29,1,4468164,4467687,477
322648041,78.1664,16.6418,552,26115,0.297196,0.23,1,4468315,4467763,552
322656801,59.0026,54.2491,496,26358,0.431101,0.27,1,4468483,4467987,496
322683081,48.0863,59.0026,446,27072,0.795375,0.53,2,4468929,4468483,446
322686001,63.0345,66.2011,448,27150,0.85215,0.55,2,4469002,4468554,448
322688921,53.4138,54.0804,449,27228,0.85086,0.57,2,4469049,4468600,449
322691841,39.9655,39.6322,450,27306,0.838344,0.57,2,4469080,4468630,450
322694761,17.1862,17.0529,450,27384,0.833338,0.61,2,4469082,4468632,450
322697681,79.4745,77.6211,453,27461,0.843335,0.65,2,4469203,4468750,453
322700601,71.9898,68.8485,457,27538,0.883334,0.73,2,4469270,4468813,457
322703521,60.5959,57.5394,460,27615,0.887334,0.73,2,4469323,4468863,460
322706441,25.4384,24.2158,460,27692,0.888933,0.85,2,4469325,4468865,460
322829081,38.3932,38.5669,491,30737,0.855898,1,2,4471474,4470983,491
322832001,35.7573,32.8268,496,30806,0.804359,1,2,4471508,4471012,496
322840761,46.3285,50.0049,482,31012,0.408359,0.96,1,4471684,4471202,482
322846601,42.6926,47.3608,480,31148,0.258537,0.96,1,4471765,4471285,480
322849521,59.677,68.1443,469,31216,0.229415,0.93,1,4471836,4471367,469
322852441,42.4708,49.4577,463,31284,0.217766,0.93,1,4471867,4471404,463
322855361,34.3883,19.7831,492,31352,0.213106,0.91,1,4471896,4471404,492
322858281,32.9553,27.1132,492,31419,0.211243,0.81,1,4471928,4471436,492
322884561,35.3953,42.4677,460,32019,0.207125,0.21,1,4472327,4471867,460
322887481,32.7581,34.3871,462,32085,0.20885,0.21,1,4472358,4471896,462
322890401,34.7032,32.9548,466,32151,0.23354,0.19,1,4472394,4471928,466
322893321,50.4813,34.1819,492,32217,0.267416,0.17,1,4472455,4471963,492
322907921,58.2811,39.3011,499,32544,0.411055,0.11,1,4472695,4472196,499
322960481,56.0547,56.6825,449,33694,0.764429,0.57,2,4473403,4472954,449
322963401,44.0219,43.673,450,33757,0.791771,0.65,2,4473439,4472989,450
322966321,40.4088,39.0692,452,33820,0.814709,0.65,2,4473477,4473025,452
322969241,41.3635,40.8277,452,33883,0.811883,0.59,2,4473519,4473067,452
322972161,59.7454,60.1311,451,33945,0.858753,0.61,2,4473591,4473140,451
322975081,44.8982,43.8524,453,34007,0.889501,0.67,2,4473626,4473173,453
322978001,37.7593,37.341,453,34069,0.889801,0.69,2,4473659,4473206,453
322980921,34.9037,34.1364,454,34131,0.88992,0.69,2,4473692,4473238,454
322986761,30.0646,29.3418,455,34255,0.882787,0.67,2,4473734,4473279,455
323124001,56.5116,54.0481,492,37044,0.873545,1,2,4475722,4475230,492
323126921,47.2046,44.4193,495,37101,0.775418,1,2,4475763,4475268,495
323144441,44.635,53.1972,515,37443,0.274224,1,1,4475992,4475477,515
323147361,46.654,51.2789,513,37499,0.21169,0.98,1,4476040,4475527,513
323156121,32.4579,28.4338,507,37667,0.0795481,1,1,4476119,4475612,507
323159041,50.1831,34.7735,530,37723,0.0378193,0.79,1,4476181,4475651,530
323161961,42.2733,56.5094,496,37779,0.0691277,0.71,1,4476218,4475722,496
323164881,34.3093,47.2038,484,37835,0.0456511,0.63,1,4476247,4475763,484
323167801,25.7237,37.4815,473,37891,0.0722604,0.61,1,4476267,4475794,473
323170721,26.4895,29.9926,475,37947,0.0949042,0.57,1,4476294,4475819,475
323182401,43.0045,44.635,475,38170,0.20091,0.17,1,4476467,4475992,475
323185321,29.8018,46.654,448,38225,0.254364,0.15,1,4476488,4476040,448
323188241,22.7207,31.8616,444,38280,0.251746,0.09,1,4476506,4476062,444
323191161,30.0883,24.1446,460,38335,0.262698,0.05,1,4476541,4476081,460
323217441,38.0587,38.5113,430,38829,0.44188,0.21,1,4476851,4476421,430
323220361,45.2235,43.0045,434,38883,0.434752,0.29,1,4476901,4476467,434
323223281,30.6894,29.8018,434,38937,0.443901,0.25,1,4476922,4476488,434
323226201,23.0758,22.7207,434,38991,0.44756,0.27,1,4476940,4476506,434
323278761,28.0466,27.1422,447,39954,0.758152,0.49,2,4477577,4477130,447
323281681,29.2186,29.4569,446,40007,0.765261,0.53,2,4477607,4477161,446
323284601,12.8874,12.9828,446,40060,0.768104,0.53,2,4477609,4477163,446
323287521,23.155,5.1931,476,40113,0.769242,0.51,2,4477639,4477163,476
323290441,53.662,20.0772,520,40166,0.805697,0.57,2,4477713,4477193,520
323293361,39.4648,50.6309,479,40219,0.832279,0.57,2,4477743,4477264,479
323296281,46.3859,38.2524,500,40271,0.830911,0.59,2,4477794,4477294,500
323299201,31.7544,45.3009,472,40323,0.842365,0.63,2,4477816,4477344,472
323302121,23.5017,31.3204,468,40375,0.846946,0.63,2,4477834,4477366,468
323305041,31.6007,23.3282,487,40427,0.860778,0.61,2,4477871,4477384,487
323307961,55.2403,30.9313,522,40479,0.830311,0.69,2,4477942,4477420,522
323310881,47.8961,51.9725,499,40531,0.806125,0.77,2,4477985,4477486,499
323313801,34.7584,44.789,485,40583,0.79645,0.75,2,4478011,4477526,485
323316721,28.9034,34.1156,483,40635,0.80458,0.77,2,4478036,4477553,483
323319641,29.5614,28.0462,489,40687,0.807832,0.77,2,4478066,4477577,489
323322561,13.0245,29.2185,461,40739,0.809133,0.77,2,4478068,4477607,461
323325481,23.2098,12.8874,489,40791,0.821653,0.77,2,4478098,4477609,489
323328401,55.4839,23.155,536,40843,0.814661,0.83,2,4478175,4477639,536
323331321,40.7936,53.662,493,40895,0.835864,0.85,2,4478206,4477713,493
323334241,46.9174,39.4648,514,40947,0.880346,0.83,2,4478257,4477743,514
323337161,31.967,46.3859,485,40999,0.874138,0.85,2,4478279,4477794,485
323340081,23.5868,31.7544,481,41050,0.871655,0.85,2,4478297,4477816,481
323343001,32.2347,23.5017,501,41101,0.882662,0.87,2,4478335,4477834,501
323534261,233.172,254.828,468,18980,0.2356,0.67,1,4480743,4480275,468
323540101,100.067,123.093,466,19925,0.084496,0.11,1,4480904,4480438,466
323543021,63.427,87.637,441,20031,0.0757984,0.05,1,4480943,4480502,441
323545941,49.9708,57.2548,445,20137,0.0483194,0.09,1,4480984,4480539,445
323548861,75.1883,45.7019,499,20242,0.0733277,0,1,4481076,4480577,499
323551781,67.8753,75.8808,466,20347,0.0473311,0.09,1,4481139,4480673,466
323554701,99.7501,72.3523,517,20451,0.0849324,0.07,1,4481260,4480743,517
323578061,75.6301,79.9947,430,21267,0.252687,0.21,1,4481757,4481327,430
323580981,54.252,54.7979,432,21367,0.227075,0.19,1,4481797,4481365,432
323583901,45.1008,46.5191,430,21466,0.22883,0.13,1,4481836,4481406,430
323586821,73.8403,75.6077,428,21565,0.217532,0.11,1,4481929,4481501,428
323589741,66.7361,66.8431,429,21663,0.225013,0.11,1,4481991,4481562,429
323592661,27.8945,27.9372,429,21761,0.228005,0.25,1,4481993,4481564,429
323595581,87.3578,85.5749,432,21858,0.289202,0.29,1,4482120,4481688,432
323607261,72.2108,73.8403,430,22244,0.408828,0.23,1,4482359,4481929,430
323648141,75.6295,46.5529,543,23543,0.795645,0.59,2,4483250,4482707,543
323651061,69.8518,74.4212,516,23633,0.852258,0.59,2,4483316,4482800,516
323653981,29.1407,69.3685,452,23723,0.874903,0.59,2,4483318,4482866,452
323656901,92.0563,28.9474,584,23812,0.895961,0.63,2,4483452,4482868,584
323779541,83.7506,81.9814,490,27299,0.825427,1,2,4485909,4485419,490
323782461,51.5002,51.3926,489,27377,0.780171,1,2,4485939,4485450,489
323811661,40.9865,42.8001,454,28140,0.782245,0.73,2,4486430,4485976,454
323814581,34.3946,35.72,453,28215,0.786898,0.61,2,4486460,4486007,453
323817501,42.5578,44.288,451,28290,0.788759,0.63,2,4486508,4486057,451
323820421,46.4231,44.1152,456,28365,0.789504,0.63,2,4486557,4486101,456
323823341,58.7693,17.6461,523,28440,0.813802,0.65,2,4486624,4486101,523
323826261,42.7077,49.0584,485,28514,0.835521,0.65,2,4486656,4486171,485
323829181,64.4831,39.4234,531,28588,0.856208,0.67,2,4486735,4486204,531
323832101,76.7932,61.9693,539,28662,0.876483,0.77,2,4486820,4486281,539
323835021,48.7173,73.9877,487,28736,0.884593,0.75,2,4486850,4486363,487
323837941,42.8869,48.1951,495,28810,0.899837,0.81,2,4486889,4486394,495
324048181,39.2349,36.095,502,33688,0.891088,1,2,4490324,4489822,502
324051101,32.4939,36.638,493,33751,0.770435,1,2,4490352,4489859,493
324059861,43.5036,41.4888,489,33939,0.422988,1,1,4490473,4489984,489
324065701,43.9206,42.9982,484,34063,0.217678,1,1,4490567,4490083,484
324071541,54.0673,50.9197,483,34187,0.0468285,0.89,1,4490697,4490214,483
324074461,32.4269,38.9679,470,34249,0.0247314,0.89,1,4490715,4490245,470
324077381,35.7708,15.5872,508,34311,0.0518926,0.97,1,4490753,4490245,508
324080301,33.5083,30.2349,500,34373,0.062757,0.85,1,4490785,4490285,500
324083221,24.8033,35.4939,480,34435,0.0551028,0.69,1,4490804,4490324,480
324086141,30.3213,30.9976,486,34496,0.0520411,0.53,1,4490838,4490352,486
324089061,33.7285,32.799,488,34557,0.0388164,0.47,1,4490874,4490386,488
324091981,34.4914,36.5196,484,34618,0.0695266,0.35,1,4490909,4490425,484
324094901,43.7966,43.4078,486,34679,0.0698106,0.25,1,4490959,4490473,486
324100741,64.6074,43.9053,509,34801,0.0603697,0.05,1,4491076,4490567,509
324103661,51.043,69.1621,465,34862,0.0661479,0,1,4491118,4490653,465
324106581,31.8172,54.0648,440,34923,0.0264592,0.01,1,4491137,4490697,440
324109501,36.1269,32.4259,461,34984,0.0285837,0.07,1,4491176,4490715,461
324112421,34.2508,35.7704,456,35044,0.0534335,0.07,1,4491209,4490753,456
324115341,23.9003,33.5081,441,35104,0.0513734,0.05,1,4491226,4490785,441
324118261,31.1601,24.8033,458,35164,0.0865494,0.05,1,4491262,4490804,458
324121181,32.264,30.3213,457,35224,0.0646197,0.03,1,4491295,4490838,457
324124101,35.1056,33.7285,458,35284,0.0798479,0.09,1,4491332,4490874,458
324127021,43.4422,34.4914,472,35344,0.0619392,0.07,1,4491381,4490909,472
324129941,41.3769,43.7966,462,35404,0.0427757,0.13,1,4491421,4490959,462
324132861,63.9508,38.5186,506,35464,0.0231103,0.03,1,4491500,4490994,506
324135781,50.1803,64.6074,465,35524,0.0152441,0.07,1,4491541,4491076,465
324138701,30.8721,51.043,441,35584,0.0240976,0,1,4491559,4491118,441
324141621,37.5488,31.8172,464,35643,0.0276391,0.03,1,4491601,4491137,464
324144541,16.2195,36.1269,427,35702,0.0290556,0.07,1,4491603,4491176,427
324147461,25.0878,34.2508,425,35761,0.0416222,0.05,1,4491634,4491209,425
324150381,19.6351,23.9003,424,35820,0.0826489,0.11,1,4491650,4491226,424
324153301,31.854,31.1601,428,35879,0.0750596,0.05,1,4491690,4491262,428
324156221,30.1416,32.264,424,35938,0.0360238,0.09,1,4491719,4491295,424
324159141,36.0566,35.1056,427,35997,0.0324095,0.05,1,4491759,4491332,427
324162061,42.0227,43.4422,424,36056,0.0309638,0.03,1,4491805,4491381,424
324164981,40.2091,41.3769,423,36115,0.0783855,0.01,1,4491844,4491421,423
324167901,64.0836,63.9508,424,36174,0.0613542,0.01,1,4491924,4491500,424
324170821,49.0334,50.1803,422,36232,0.0305417,0.03,1,4491963,4491541,422
324173741,31.6134,30.8721,424,36290,0.0122167,0.03,1,4491983,4491559,424
324176661,38.4454,37.5488,425,36348,0.0108867,0.03,1,4492026,4491601,425
324179581,16.5781,16.2195,425,36406,0.0343547,0.05,1,4492028,4491603,425
324182501,25.2313,25.0878,425,36464,0.0557419,0.11,1,4492059,4491634,425
324185421,19.6925,19.6351,425,36522,0.0762967,0.07,1,4492075,4491650,425
324188341,30.677,31.854,423,36580,0.0845187,0.01,1,4492113,4491690,423
324191261,29.0708,30.1416,422,36638,0.0998075,0.03,1,4492141,4491719,422
324202941,62.6306,64.0836,422,36868,0.253067,0.01,1,4492346,4491924,422
324205861,48.4522,49.0334,422,36925,0.287227,0,1,4492385,4491963,422
324208781,31.9809,31.6134,423,36982,0.264891,0.01,1,4492406,4491983,423
324211701,38.5924,38.4454,423,37039,0.255956,0.05,1,4492449,4492026,423
324214621,16.6369,16.5781,423,37096,0.252383,0.07,1,4492451,4492028,423
324217541,25.2548,25.2313,423,37153,0.262953,0.07,1,4492482,4492059,423
324220461,19.7019,10.0925,439,37210,0.243181,0.09,1,4492498,4492059,439
324223381,31.2808,13.637,462,37267,0.259272,0.09,1,4492537,4492075,462
324226301,29.3123,28.2548,452,37324,0.265709,0.11,1,4492565,4492113,452
324229221,36.9249,28.1019,466,37381,0.292284,0.13,1,4492607,4492141,466
324237981,66.2992,41.0145,512,37550,0.409186,0.29,1,4492781,4492269,512
324240901,49.3197,62.6058,473,37606,0.433674,0.31,1,4492819,4492346,473
324243821,30.5279,48.4423,452,37662,0.44347,0.25,1,4492837,4492385,452
324281781,40.5979,30.5279,490,38385,0.759187,0.49,2,4493327,4492837,490
324284701,17.4392,38.0111,449,38440,0.765675,0.49,2,4493329,4492880,449
324287621,26.1757,16.4045,479,38495,0.78027,0.54,2,4493361,4492882,479
324290541,22.4703,25.7618,467,38550,0.798108,0.53,2,4493381,4492914,467
324293461,33.5881,20.5047,491,38605,0.829243,0.61,2,4493422,4492931,491
324296381,14.6352,32.2019,453,38660,0.841697,0.63,2,4493424,4492971,453
324299301,23.2541,29.6808,454,38715,0.858679,0.65,2,4493453,4492999,454
324302221,35.7016,38.2723,454,38770,0.841472,0.67,2,4493497,4493043,454
324305141,46.6807,47.1089,455,38824,0.810589,0.73,2,4493551,4493096,455
324308061,46.2723,44.0436,459,38878,0.786235,0.71,2,4493597,4493138,459
324310981,69.5089,69.2174,458,38932,0.800494,0.75,2,4493682,4493224,458
324313901,51.2036,50.487,459,38986,0.770198,0.75,2,4493721,4493262,459
324316821,31.2814,30.9948,459,39040,0.770079,0.77,2,4493739,4493280,459
324319741,41.9126,40.5979,461,39094,0.806032,0.77,2,4493788,4493327,461
324322661,17.965,17.4392,461,39148,0.820413,0.79,2,4493790,4493329,461
324325581,26.986,26.1757,462,39202,0.814165,0.81,2,4493823,4493361,462
324328501,23.9944,22.4703,464,39256,0.787666,0.85,2,4493845,4493381,464
324331421,34.1978,33.5881,464,39310,0.801066,0.85,2,4493886,4493422,464
324334341,14.8791,14.6352,464,39364,0.806427,0.87,2,4493888,4493424,464
324337261,22.7516,23.2541,463,39418,0.820571,0.83,2,4493916,4493453,463
324340181,35.5007,35.7016,463,39472,0.850228,0.79,2,4493960,4493497,463
324343101,45.4003,46.6807,461,39526,0.898091,0.77,2,4494012,4493551,461
324346021,45.1601,46.2723,460,39579,0.893237,0.81,2,4494057,4493597,460
324489101,31.6733,26.2198,504,42112,0.7864,1,2,4495824,4495320,504
324503701,31.6107,36.9779,495,42362,0.275845,1,1,4495969,4495474,495
324509541,45.8577,48.3965,491,42462,0.0573352,1,1,4496088,4495597,491
324512461,36.3431,42.7586,482,42512,0.0409341,1,1,4496118,4495636,482
324515381,37.3372,40.5034,481,42562,0.0463736,1,1,4496156,4495675,481
324518301,33.5349,37.8014,476,42612,0.0485494,1,1,4496187,4495711,476
324521221,32.614,32.5206,479,42662,0.0374198,1,1,4496219,4495740,479
324524141,24.4456,23.2082,481,42711,0.0329679,0.86,1,4496238,4495757,481
324527061,20.5782,29.6833,465,42760,0.0311872,0.7,1,4496256,4495791,465
324529981,24.4313,31.6733,459,42809,0.0184749,0.65,1,4496283,4495824,459
324532901,22.9725,27.6693,456,42858,0.0733899,0.47,1,4496305,4495849,456
324535821,24.189,29.6677,450,42907,0.083356,0.41,1,4496330,4495880,450
324538741,21.0756,31.0671,437,42956,0.0993424,0.31,1,4496349,4495912,437
324547501,58.8768,25.6043,509,43103,0.0704379,0.03,1,4496478,4495969,509
324550421,43.9507,61.2417,458,43152,0.0581752,0.01,1,4496512,4496054,458
324553341,37.3803,44.8967,457,43201,0.0532701,0.03,1,4496545,4496088,457
324556261,34.1521,35.9587,459,43250,0.051308,0.05,1,4496577,4496118,459
324559181,32.8608,37.1835,453,43299,0.0505232,0.05,1,4496609,4496156,453
324562101,32.3443,33.4734,454,43348,0.0502093,0.03,1,4496641,4496187,454
324565021,27.9377,32.5894,447,43397,0.0860837,0.03,1,4496666,4496219,447
324570861,23.91,20.5743,449,43495,0.0989734,0.01,1,4496705,4496256,449
324573781,23.364,24.4297,445,43544,0.0935894,0.11,1,4496728,4496283,445
324576701,24.9456,22.9719,449,43592,0.0914357,0.09,1,4496754,4496305,449
324579621,22.5782,24.1888,445,43640,0.0785743,0.11,1,4496775,4496330,445
324582541,18.6313,21.0755,442,43688,0.0974297,0.13,1,4496791,4496349,442
324585461,26.6525,19.2302,456,43736,0.0929719,0.09,1,4496823,4496367,456
324594221,37.1538,43.9507,456,43880,0.0729102,0.05,1,4496968,4496512,456
324597141,34.0615,37.3803,455,43928,0.0591641,0.05,1,4497000,4496545,455
324600061,34.0246,34.1521,457,43976,0.0536656,0.05,1,4497034,4496577,457
324602981,32.2098,32.8608,456,44024,0.0394663,0.05,1,4497065,4496609,456
324605901,29.0839,32.3443,451,44072,0.0457865,0.11,1,4497092,4496641,451
324608821,18.8336,27.9377,438,44120,0.0603146,0.13,1,4497104,4496666,438
324611741,22.5334,17.7751,452,44168,0.0541258,0.09,1,4497129,4496677,452
324614661,24.6134,23.91,450,44216,0.0636503,0.09,1,4497155,4496705,450
324617581,24.2453,23.364,451,44264,0.0794601,0.09,1,4497179,4496728,451
324620501,22.8981,24.9456,447,44312,0.097784,0.07,1,4497201,4496754,447
324638021,29.7678,37.1538,424,44597,0.095838,0.05,1,4497392,4496968,424
324640941,31.1071,34.0615,424,44644,0.0683352,0.05,1,4497424,4497000,424
324643861,32.8428,34.0246,424,44691,0.0693341,0.03,1,4497458,4497034,424
324649701,29.8549,29.0839,425,44785,0.0842935,0.07,1,4497517,4497092,425
324652621,19.1419,18.8336,425,44832,0.0517174,0.05,1,4497529,4497104,425
324655541,22.0568,22.5334,424,44879,0.050687,0.07,1,4497553,4497129,424
324658461,25.0227,24.6134,425,44926,0.0742748,0.09,1,4497580,4497155,425
324661381,25.0091,24.2453,426,44973,0.0957099,0.11,1,4497605,4497179,426
324681821,29.1283,29.7678,426,45302,0.206909,0.05,1,4497818,4497392,426
324684741,30.2513,31.1071,425,45349,0.232764,0.07,1,4497849,4497424,425
324687661,32.5005,32.8428,425,45396,0.267105,0.13,1,4497883,4497458,425
324690581,31.6002,31.1371,426,45442,0.268842,0.07,1,4497914,4497488,426
324693501,28.2401,29.8549,423,45488,0.269537,0.03,1,4497940,4497517,423
324696421,19.096,19.1419,424,45534,0.257815,0.05,1,4497953,4497529,424
324713941,27.0788,27.4486,426,45810,0.429775,0.15,1,4498103,4497677,426
324772341,33.8944,29.834,481,46722,0.757804,0.53,2,4498729,4498248,481
324775261,33.9578,32.3336,481,46767,0.801122,0.53,2,4498763,4498282,481
324778181,32.1831,33.3334,478,46812,0.806449,0.53,2,4498794,4498316,478
324781101,28.4732,31.3334,474,46857,0.80858,0.55,2,4498820,4498346,474
324784021,19.7893,28.1334,462,46902,0.809432,0.55,2,4498834,4498372,462
324786941,25.3157,19.6533,477,46947,0.797773,0.59,2,4498863,4498386,477
324789861,28.1263,23.4613,481,46992,0.817109,0.63,2,4498893,4498412,481
324792781,27.4505,26.7845,479,47037,0.848844,0.63,2,4498920,4498441,479
324795701,27.1802,26.3138,480,47082,0.849537,0.67,2,4498947,4498467,480
324798621,21.6721,26.1255,472,47127,0.873815,0.67,2,4498965,4498493,472
324801541,30.8688,21.2502,491,47172,0.871526,0.71,2,4499002,4498511,491
324833661,25.8507,25.3157,463,47661,0.885866,0.83,2,4499326,4498863,463
324836581,28.9403,28.1263,464,47705,0.888346,0.87,2,4499357,4498893,464
324839501,28.3761,27.4505,465,47749,0.865339,0.85,2,4499385,4498920,465
324842421,26.9504,27.1802,464,47793,0.868135,0.89,2,4499411,4498947,464
324845341,22.7802,21.6721,466,47837,0.845254,0.87,2,4499431,4498965,466
324848261,30.7121,30.8688,465,47881,0.884102,0.93,2,4499467,4499002,465
325064341,259.808,287.841,442,23360,0.2452,0.25,1,4501816,4501374,442
325078941,51.1567,28.8617,478,23810,0.238104,0.09,1,4502074,4501596,478
325081861,42.6627,53.5447,445,23899,0.221242,0.07,1,4502111,4501666,445
325084781,58.4651,61.0179,448,23988,0.238497,0.11,1,4502180,4501732,448
325087701,59.386,56.8072,454,24076,0.269399,0.11,1,4502240,4501786,454
325096461,46.6167,47.8677,431,24339,0.405322,0.19,1,4502422,4501991,431
325099381,30.6467,32.3471,429,24426,0.432129,0.27,1,4502442,4502013,429
325169461,32.4837,48.984,468,26429,0.796491,0.55,2,4503781,4503313,468
325172381,53.7935,31.5936,516,26509,0.840596,0.57,2,4503849,4503333,516
325175301,41.9174,52.2374,484,26589,0.882239,0.57,2,4503883,4503399,484
325344661,59.1124,50.0713,504,30867,0.803632,1,2,4506887,4506383,504
325368021,23.2475,24.5724,503,31412,0.0700082,1,1,4507225,4506722,503
325370941,47.699,30.229,533,31479,0.0940033,0.91,1,4507289,4506756,533
325385541,37.4273,57.0782,463,31814,0.220447,0.29,1,4507562,4507099,463
325388461,29.3709,42.0313,455,31881,0.238179,0.11,1,4507586,4507131,455
325391381,25.5484,33.6125,450,31947,0.233272,0.11,1,4507609,4507159,450
325394301,19.8193,29.045,440,32013,0.219309,0.07,1,4507625,4507185,440
325397221,21.7277,20.618,448,32079,0.249723,0.05,1,4507648,4507200,448
325400141,48.2911,23.2472,489,32145,0.273889,0.11,1,4507714,4507225,489
325403061,52.3164,47.6989,480,32211,0.295556,0.13,1,4507769,4507289,480
325411821,52.3323,64.4207,474,32408,0.420916,0.17,1,4507965,4507491,474
325414741,38.9329,51.5683,461,32473,0.438366,0.25,1,4507995,4507534,461
325467301,54.7158,51.8185,452,33625,0.772725,0.65,2,4508658,4508206,452
325470221,80.6863,78.9274,453,33688,0.79509,0.65,2,4508756,4508303,453
325473141,70.0745,68.771,454,33751,0.768036,0.65,2,4508819,4508365,454
325476061,54.4298,53.9084,454,33814,0.793214,0.69,2,4508863,4508409,454
325478981,40.3719,40.1634,454,33877,0.803286,0.65,2,4508894,4508440,454
325481901,29.3488,29.2653,454,33939,0.819314,0.65,2,4508916,4508462,454
325484821,24.9395,24.9061,454,34001,0.813726,0.65,2,4508938,4508484,454
325487741,22.5758,21.9625,455,34063,0.82349,0.67,2,4508959,4508504,455
325490661,23.4303,23.185,455,34125,0.803396,0.67,2,4508983,4508528,455
325493581,10.5721,10.474,455,34187,0.819358,0.75,2,4508985,4508530,455
325496501,46.2289,43.7896,459,34249,0.801743,0.75,2,4509055,4508596,459
325499421,56.2915,17.5158,522,34311,0.830697,0.81,2,4509118,4508596,522
325502341,80.7166,44.2063,557,34373,0.878279,0.81,2,4509215,4508658,557
325505261,69.4866,76.4825,521,34435,0.897312,0.75,2,4509277,4508756,521
325639581,62.7204,60.2486,496,37153,0.777078,1,2,4511135,4510639,496
325651261,37.908,39.1984,511,37381,0.278181,1,1,4511300,4510789,511
325657101,31.5053,31.3517,511,37494,0.074509,1,1,4511361,4510850,511
325660021,33.0021,26.9407,521,37550,0.0598036,1,1,4511395,4510874,521
325662941,32.4008,33.5763,515,37606,0.0659214,0.94,1,4511427,4510912,515
325665861,21.3603,34.4305,494,37662,0.0563686,1,1,4511441,4510947,494
325668781,38.5441,23.3722,528,37718,0.0645474,1,1,4511491,4510963,528
325671701,32.2177,44.7489,497,37774,0.055819,0.85,1,4511519,4511022,497
325674621,54.8871,38.2996,533,37830,0.0283276,0.69,1,4511589,4511056,533
325677541,52.5548,62.7198,505,37886,0.041331,0.47,1,4511640,4511135,505
325680461,38.4219,58.6879,478,37942,0.0705324,0.39,1,4511669,4511191,478
325683381,33.3688,45.6752,471,37998,0.082213,0.27,1,4511699,4511228,471
325689221,28.019,37.908,453,38110,0.0863541,0.05,1,4511753,4511300,453
325695061,31.843,31.5053,455,38220,0.0750166,0.05,1,4511816,4511361,455
325697981,33.7372,33.0021,456,38275,0.0840067,0.07,1,4511851,4511395,456
325700901,21.2949,32.4008,437,38330,0.0756027,0.05,1,4511864,4511427,437
325703821,39.118,21.3603,474,38385,0.0602411,0.07,1,4511915,4511441,474
325706741,32.4472,38.5441,452,38440,0.0300964,0.05,1,4511943,4511491,452
325709661,54.3789,32.2177,493,38495,0.0300386,0.01,1,4512012,4511519,493
325712581,52.3515,54.8871,474,38550,0.0300154,0.05,1,4512063,4511589,474
325715501,40.1406,52.5548,455,38605,0.0180062,0.09,1,4512095,4511640,455
325718421,17.2562,38.4219,428,38660,0.0252025,0.09,1,4512097,4511669,428
325735941,34.9365,33.7372,426,38986,0.0506184,0.07,1,4512277,4511851,426
325738861,23.5746,21.2949,429,39040,0.0502474,0.05,1,4512293,4511864,429
325741781,37.0298,39.118,424,39094,0.0980989,0.01,1,4512339,4511915,424
325753461,40.7592,40.1406,425,39310,0.0955833,0.03,1,4512520,4512095,425
325756381,17.5037,17.2562,425,39364,0.0922333,0.15,1,4512522,4512097,425
325770981,29.4746,28.8413,428,39632,0.203572,0,1,4512666,4512238,428
325782661,32.0698,31.6119,426,39844,0.240459,0.13,1,4512793,4512367,426
325785581,55.4279,55.2448,426,39897,0.246184,0.09,1,4512864,4512438,426
325788501,50.9712,50.8979,426,39950,0.248474,0.09,1,4512912,4512486,426
325791421,41.3885,40.7592,427,40003,0.249389,0.09,1,4512947,4512520,427
325794341,17.7554,17.5037,427,40056,0.249756,0.17,1,4512949,4512522,427
325797261,26.3022,25.6015,428,40109,0.261902,0.17,1,4512981,4512553,428
325800181,27.3209,10.2406,456,40162,0.266761,0.19,1,4513009,4512553,456
325803101,26.5283,20.8962,454,40215,0.292704,0.17,1,4513035,4512581,454
325826461,50.9614,55.4239,479,40632,0.412581,0.25,1,4513343,4512864,479
325829381,41.3846,50.9695,466,40684,0.435032,0.25,1,4513378,4512912,466
325832301,17.7538,41.3878,433,40736,0.444013,0.25,1,4513380,4512947,433
325835221,27.5015,17.7551,465,40788,0.423605,0.27,1,4513414,4512949,465
325838141,28.4006,26.3021,462,40840,0.427442,0.27,1,4513443,4512981,462
325841061,28.7602,27.3208,463,40892,0.440977,0.31,1,4513472,4513009,463
325884861,28.2556,30.1041,447,41659,0.772125,0.51,2,4513950,4513503,447
325887781,29.3023,30.0416,447,41710,0.77085,0.51,2,4513980,4513533,447
325890701,32.1209,32.4167,447,41761,0.78234,0.51,2,4514014,4513567,447
325893621,23.6484,23.7667,447,41812,0.810936,0.59,2,4514032,4513585,447
325896541,42.4593,40.1067,451,41862,0.834374,0.61,2,4514087,4513636,451
325899461,34.9837,33.4427,452,41912,0.84375,0.63,2,4514117,4513665,452
325902381,56.5935,55.3771,453,41962,0.8235,0.69,2,4514188,4513735,453
325905301,54.4374,52.1508,456,42012,0.8394,0.71,2,4514241,4513785,456
325908221,43.975,42.4603,457,42062,0.86976,0.71,2,4514278,4513821,457
325911141,18.79,18.1841,457,42112,0.881904,0.71,2,4514280,4513823,457
325914061,27.916,27.6737,457,42162,0.886762,0.73,2,4514314,4513857,457
325916981,29.1664,27.8695,459,42212,0.888705,0.75,2,4514344,4513885,459
325919901,12.8666,12.3478,459,42262,0.865482,0.75,2,4514346,4513887,459
325922821,23.1466,24.1391,457,42312,0.880193,0.79,2,4514376,4513919,457
325925741,29.0586,28.2556,459,42362,0.886077,0.77,2,4514409,4513950,459
326134521,329.977,342.287,498,20440,0.43,1,1,4516843,4516345,498
326140361,112.796,113.566,500,20647,0.076,0.93,1,4516973,4516473,500
326143281,107.519,104.226,506,20750,0.0364,0.49,1,4517077,4516571,506
326146201,90.4074,101.691,485,20852,0.05656,0.21,1,4517156,4516671,485
326149121,75.163,85.0762,476,20954,0.088624,0.05,1,4517221,4516745,476
326152041,49.2652,76.6305,437,21055,0.0534496,0,1,4517253,4516816,437
326154961,27.5061,43.2522,429,21156,0.0393798,0.03,1,4517266,4516837,429
326157881,41.0024,50.9009,423,21256,0.0337519,0,1,4517316,4516893,423
326160801,66.201,68.3604,426,21356,0.0315008,0.01,1,4517399,4516973,426
326181241,65.3663,66.1282,422,22042,0.0597809,0.15,1,4517821,4517399,422
326201681,62.8272,33.8062,503,22707,0.0697006,0.03,1,4518242,4517739,503
326204601,89.9309,62.7225,529,22800,0.0818803,0.13,1,4518350,4517821,529
326225041,90.5682,62.8229,533,23443,0.222656,0.09,1,4518775,4518242,533
326227961,89.0273,89.9291,513,23533,0.287062,0.17,1,4518863,4518350,513
326248401,78.6828,90.5682,435,24156,0.424535,0.33,1,4519210,4518775,435
326283441,27.0785,26.6767,449,25188,0.761829,0.55,2,4519858,4519409,449
326289281,64.3326,61.8683,453,25356,0.759093,0.63,2,4519988,4519535,453
326292201,26.933,25.9473,453,25440,0.789637,0.63,2,4519990,4519537,453
326295121,80.3732,10.3789,569,25523,0.789855,0.69,2,4520106,4519537,569
326298041,90.3493,73.1516,551,25606,0.825942,0.73,2,4520203,4519652,551
326300961,79.3397,86.8606,527,25689,0.840377,0.73,2,4520275,4519748,527
326303881,47.3359,76.7442,483,25771,0.846151,0.77,2,4520301,4519818,483
326306801,27.3344,46.2977,471,25853,0.84846,0.77,2,4520315,4519844,471
326309721,40.9337,26.9191,507,25935,0.873384,0.73,2,4520365,4519858,507
326400241,52.0683,45.481,491,28357,0.8932,1,2,4522119,4521628,491
326414841,58.9962,31.3489,555,28728,0.234967,1,1,4522346,4521791,555
326420681,62.9594,42.4558,550,28876,0.0555947,1,1,4522455,4521905,550
326423601,88.7838,64.3823,577,28949,0.0522379,0.93,1,4522561,4521984,577
326426521,45.7135,91.1529,485,29022,0.0388952,0.85,1,4522578,4522093,485
326429441,50.6854,52.0612,513,29095,0.0335581,0.63,1,4522632,4522119,513
326432361,32.2742,56.2245,474,29168,0.0434232,0.61,1,4522652,4522178,474
326435281,31.5097,38.6898,478,29241,0.0953693,0.47,1,4522683,4522205,478
326449881,85.9556,62.9594,527,29601,0.0481222,0.05,1,4522982,4522455,527
326452801,44.5822,88.7838,438,29673,0.0492489,0.03,1,4522999,4522561,438
326455721,50.8329,45.7135,476,29744,0.0256995,0.03,1,4523054,4522578,476
326458641,34.7332,50.6854,446,29815,0.0402798,0.05,1,4523078,4522632,446
326461561,15.0933,32.2742,428,29886,0.0461119,0.13,1,4523080,4522652,428
326464481,24.0373,31.5097,427,29957,0.0484448,0.11,1,4523110,4522683,427
326467401,27.0149,28.2039,430,30028,0.0733779,0.19,1,4523139,4522709,430
326470321,52.806,52.6815,431,30098,0.0833512,0.21,1,4523209,4522778,431
326473241,39.1224,38.4726,432,30168,0.0873405,0.05,1,4523239,4522807,432
326479081,82.8196,85.9556,423,30308,0.0631745,0.05,1,4523405,4522982,423
326482001,45.1278,44.5822,426,30378,0.0912698,0.01,1,4523425,4522999,426
326487841,34.3405,34.7332,424,30518,0.0830032,0.05,1,4523502,4523078,424
326490761,14.9362,15.0933,424,30587,0.0752013,0.05,1,4523504,4523080,424
326493681,23.9745,24.0373,424,30656,0.0960805,0.09,1,4523534,4523110,424
326502441,39.9104,39.1224,427,30863,0.207989,0.13,1,4523666,4523239,427
326508281,81.3857,82.8196,425,31000,0.228878,0.11,1,4523830,4523405,425
326511201,45.7543,45.1278,427,31068,0.217551,0.11,1,4523852,4523425,427
326514121,48.9017,49.8511,425,31136,0.237021,0.07,1,4523903,4523478,425
326517041,34.5607,34.3405,426,31204,0.268808,0.07,1,4523928,4523502,426
326519961,15.0243,14.9362,426,31272,0.281523,0.11,1,4523930,4523504,426
326522881,25.2097,23.9745,428,31340,0.286609,0.11,1,4523962,4523534,428
326525801,28.6839,9.58979,459,31408,0.276644,0.19,1,4523993,4523534,459
326528721,55.2736,22.4359,501,31475,0.296657,0.19,1,4524066,4523565,501
326531641,40.1094,50.9744,461,31542,0.280663,0.23,1,4524096,4523635,461
326534561,55.0438,38.9897,495,31609,0.298265,0.19,1,4524161,4523666,495
326557921,55.3626,28.6833,507,32141,0.426766,0.31,1,4524500,4523993,507
326604641,50.6483,50.1845,452,33178,0.785254,0.63,2,4525226,4524774,452
326607561,37.0593,36.2738,453,33242,0.776102,0.63,2,4525254,4524801,453
326610481,16.0237,15.7095,453,33306,0.796441,0.65,2,4525256,4524803,453
326613401,25.0095,24.8838,453,33370,0.804576,0.63,2,4525287,4524834,453
326616321,29.2038,29.1535,453,33433,0.84383,0.63,2,4525319,4524866,453
326619241,12.8815,12.8614,453,33496,0.835532,0.67,2,4525321,4524868,453
326622161,52.5526,51.3446,455,33559,0.880213,0.69,2,4525400,4524945,455
326765241,83.6704,86.4933,478,36519,0.7792,1,2,4527515,4527037,478
326774001,43.5869,39.1596,490,36693,0.403869,1,1,4527638,4527148,490
326779841,31.9339,32.3055,490,36809,0.233819,1,1,4527700,4527210,490
326785681,25.3894,25.0889,493,36923,0.098611,1,1,4527750,4527257,493
326788601,26.3558,30.4356,486,36980,0.0454444,1,1,4527777,4527291,486
326791521,29.7423,28.9742,490,37037,0.0481778,1,1,4527809,4527319,490
326794441,29.2969,30.1897,488,37094,0.0252711,0.93,1,4527838,4527350,488
326797361,42.3188,45.6759,483,37151,0.0161084,0.93,1,4527889,4527406,483
326800281,66.1275,18.2703,565,37208,0.0244434,0.66,1,4527971,4527406,565
326803201,48.051,72.7081,492,37265,0.0397773,0.55,1,4528007,4527515,492
326806121,39.0204,54.2833,483,37322,0.0459109,0.43,1,4528040,4527557,483
326809041,36.0082,45.7133,477,37379,0.0483644,0.33,1,4528074,4527597,477
326811961,31.2033,42.8853,464,37436,0.0733458,0.33,1,4528102,4527638,464
326814881,24.4813,37.5541,450,37492,0.0833383,0.15,1,4528122,4527672,450
326817801,25.3925,31.8217,448,37548,0.0873353,0.03,1,4528148,4527700,448
326820721,23.957,28.9287,444,37604,0.0649341,0.09,1,4528171,4527727,444
326823641,25.7828,25.3715,448,37660,0.0559736,0.01,1,4528198,4527750,448
326826561,30.7131,26.3486,455,37716,0.0523895,0.05,1,4528232,4527777,455
326829481,29.6852,29.7394,452,37772,0.0509558,0.01,1,4528261,4527809,452
326832401,43.0741,29.2958,475,37828,0.0503823,0.01,1,4528313,4527838,475
326835321,65.8296,42.3183,505,37884,0.0621529,0.03,1,4528394,4527889,505
326838241,47.3319,66.1273,458,37940,0.0908612,0.05,1,4528429,4527971,458
326855761,24.0526,25.3925,445,38273,0.0940662,0.05,1,4528593,4528148,445
326858681,25.821,23.957,449,38328,0.0436265,0.05,1,4528620,4528171,449
326861601,30.7284,25.7828,456,38383,0.0174506,0.05,1,4528654,4528198,456
326864521,30.2914,30.7131,452,38438,0.0129802,0.05,1,4528684,4528232,452
326867441,43.3165,29.6852,475,38493,0.0351921,0.05,1,4528736,4528261,475
326870361,67.7266,43.0741,507,38548,0.0320768,0.07,1,4528820,4528313,507
326873281,48.6906,65.8296,462,38603,0.0788307,0.11,1,4528856,4528394,462
326876201,20.6763,47.3319,429,38658,0.0735323,0.17,1,4528858,4528429,429
326879121,28.0705,38.1327,430,38713,0.0954129,0.11,1,4528891,4528461,430
326882041,33.4282,38.0531,429,38768,0.0921652,0.15,1,4528928,4528499,429
326899561,30.7623,30.7284,424,39092,0.0955077,0.01,1,4529078,4528654,424
326902481,29.7049,30.2914,423,39146,0.0802031,0.05,1,4529107,4528684,423
326905401,43.682,43.3165,424,39200,0.0500812,0.03,1,4529160,4528736,424
326908321,67.2728,67.7266,423,39254,0.0500325,0.11,1,4529243,4528820,423
326911241,50.3091,48.6906,426,39308,0.050013,0.07,1,4529282,4528856,426
326914161,21.3236,20.6763,426,39362,0.0500052,0.11,1,4529284,4528858,426
326917081,27.7295,28.0705,425,39416,0.0740021,0.09,1,4529316,4528891,425
326920001,34.4918,33.4282,427,39470,0.0836008,0.11,1,4529355,4528928,427
326931681,22.0318,22.0142,429,39683,0.20062,0.15,1,4529446,4529017,429
326934601,23.2127,24.4057,427,39736,0.206248,0.05,1,4529470,4529043,427
326937521,27.2851,30.7623,422,39789,0.208499,0.07,1,4529500,4529078,422
326943361,43.0056,43.682,423,39895,0.20496,0.05,1,4529583,4529160,423
326963801,27.012,27.3347,451,40266,0.205239,0.17,1,4529833,4529382,451
326966721,22.8048,24.1339,449,40318,0.220096,0.21,1,4529853,4529404,449
326969641,22.3219,21.6535,451,40370,0.238038,0.21,1,4529875,4529424,451
326972561,23.3288,21.8614,453,40422,0.257215,0.21,1,4529899,4529446,453
326975481,27.3315,23.1446,459,40474,0.288886,0.21,1,4529929,4529470,459
327001761,27.4384,31.5299,455,40942,0.405782,0.21,1,4530264,4529809,455
327004681,24.1754,27.012,453,40994,0.408313,0.23,1,4530286,4529833,453
327010521,24.9881,22.3219,460,41096,0.41693,0.27,1,4530335,4529875,460
327013441,27.9952,23.3288,466,41147,0.448772,0.31,1,4530365,4529899,466
327071841,27.7537,27.7703,446,42160,0.769034,0.57,2,4531053,4530607,446
327074761,39.3015,36.9081,450,42210,0.793614,0.57,2,4531100,4530650,450
327077681,16.9206,15.9633,450,42260,0.803446,0.59,2,4531102,4530652,450
327080601,25.3682,24.3853,451,42310,0.819378,0.61,2,4531133,4530682,451
327083521,24.5473,24.7541,450,42360,0.837751,0.55,2,4531157,4530707,450
327086441,21.8189,22.5016,449,42410,0.857101,0.57,2,4531177,4530728,449
327089361,23.1276,22.8007,450,42460,0.87684,0.63,2,4531201,4530751,450
327092281,29.651,26.5203,455,42510,0.860736,0.71,2,4531235,4530780,455
327095201,30.4604,28.6081,456,42560,0.866294,0.69,2,4531266,4530810,456
327298141,340.865,353.684,495,20440,0.874,0.94,2,4533751,4533256,495
327334641,135.215,141.076,444,21270,0.088816,0.17,1,4534420,4533976,444
327337561,100.886,75.0303,491,21370,0.0655264,0.03,1,4534498,4534007,491
327340481,70.9545,81.6121,456,21469,0.0442106,0.03,1,4534549,4534093,456
327343401,58.3818,82.4448,423,21568,0.0956842,0.05,1,4534599,4534176,423
327346321,35.9527,36.5779,438,21666,0.0802737,0.03,1,4534620,4534182,438
327349241,82.1811,29.0312,527,21764,0.0621095,0.05,1,4534733,4534206,527
327352161,77.2724,80.6125,486,21861,0.0908438,0.03,1,4534807,4534321,486
327358001,69.6036,83.458,426,22055,0.200535,0.03,1,4534924,4534498,426
327363841,52.8966,55.5933,424,22247,0.215686,0.07,1,4535023,4534599,424
327366761,34.3586,34.8373,425,22342,0.236274,0.05,1,4535045,4534620,425
327369681,80.9435,81.7349,424,22437,0.22051,0.11,1,4535157,4534733,424
327372601,80.3774,77.094,430,22532,0.274204,0.11,1,4535237,4534807,430
327384281,53.4945,54.2696,480,22906,0.411612,0.23,1,4535453,4534973,480
327387201,35.1978,51.7078,453,22999,0.410645,0.25,1,4535476,4535023,453
327390121,81.2791,33.8831,543,23091,0.446258,0.21,1,4535588,4535045,543
327393041,83.5116,80.7533,516,23183,0.448503,0.31,1,4535673,4535157,516
327445601,61.7682,61.3482,448,24776,0.75423,0.53,2,4536694,4536246,448
327448521,52.9073,52.1393,449,24862,0.823692,0.61,2,4536741,4536292,449
327451441,53.5629,52.0557,451,24947,0.851477,0.63,2,4536795,4536344,451
327454361,34.6252,34.0223,451,25032,0.886591,0.67,2,4536817,4536366,451
327541961,53.1318,57.3343,478,27457,0.859024,1,2,4538575,4538097,478
327544881,54.8527,50.5337,488,27534,0.81761,1,2,4538631,4538143,488
327559481,79.155,88.4343,469,27916,0.4217,0.9,1,4538920,4538451,469
327562401,53.862,57.5737,469,27992,0.41468,0.95,1,4538957,4538488,469
327571161,49.4552,54.8527,455,28218,0.42758,0.65,1,4539086,4538631,455
327641241,63.2599,77.7817,455,29966,0.767416,0.65,2,4540264,4539809,455
327644161,46.904,53.3127,454,30037,0.780966,0.67,2,4540300,4539846,454
327647081,28.9616,30.9251,455,30107,0.822387,0.65,2,4540317,4539862,455
327650001,50.5846,51.97,454,30177,0.826955,0.67,2,4540382,4539928,454
327652921,53.2339,53.188,455,30247,0.852782,0.67,2,4540437,4539982,455
327766801,27.5323,35.8716,489,32864,0.838555,1,2,4542230,4541741,489
327769721,39.2129,45.5486,484,32928,0.761422,1,2,4542277,4541793,484
327772641,48.0852,48.8194,487,32992,0.766569,1,2,4542331,4541844,487
327784321,55.9894,59.109,476,33248,0.807256,0.96,2,4542521,4542045,476
327787241,36.7958,41.0436,471,33312,0.772902,1,2,4542545,4542074,471
327790161,54.9183,57.8174,469,33375,0.783161,0.99,2,4542612,4542143,469
327793081,41.7673,45.327,465,33438,0.835264,0.91,2,4542645,4542180,465
327796001,31.7069,34.3308,463,33501,0.844106,0.77,2,4542670,4542207,463
327798921,24.0828,27.5323,459,33564,0.847642,0.71,2,4542689,4542230,459
327801841,35.4331,39.2129,455,33627,0.873057,0.77,2,4542732,4542277,455
327804761,46.5732,48.0852,455,33690,0.883223,0.63,2,4542786,4542331,455
327807681,57.6293,55.8341,459,33753,0.887289,0.79,2,4542851,4542392,459
327810601,38.6517,37.9336,459,33816,0.876916,0.69,2,4542877,4542418,459
327813521,32.2607,34.9735,454,33879,0.896766,0.87,2,4542905,4542451,454
327979961,29.8321,29.5529,529,37269,0.8668,1,2,4545271,4544742,529
327982881,29.9329,38.8212,514,37326,0.88072,1,2,4545301,4544787,514
327985801,33.5731,38.3285,512,37383,0.874288,1,2,4545337,4544825,512
327994561,50.5327,47.333,520,37552,0.271234,1,1,4545487,4544967,520
328000401,52.6052,54.2533,517,37664,0.0805975,1,1,4545584,4545067,517
328003321,41.4421,42.1013,517,37720,0.038239,1,1,4545618,4545101,517
328006241,39.9768,38.4405,520,37776,0.0572956,1,1,4545657,4545137,520
328009161,36.3907,36.3762,519,37832,0.0769182,1,1,4545691,4545172,519
328012081,32.5563,37.9505,510,37888,0.0367673,0.87,1,4545721,4545211,510
328015001,26.2225,35.5802,498,37944,0.0147069,0.83,1,4545743,4545245,498
328017921,24.889,29.8321,496,38000,0.0238828,0.89,1,4545767,4545271,496
328020841,29.1556,29.9328,498,38056,0.0275531,0.87,1,4545799,4545301,498
328023761,33.2622,33.5731,498,38112,0.0170212,0.53,1,4545835,4545337,498
328026681,34.3049,45.8293,479,38167,0.0248085,0.41,1,4545870,4545391,479
328029601,40.122,42.3317,483,38222,0.0759234,0.11,1,4545914,4545431,483
328032521,38.8488,50.5327,465,38277,0.0603694,0.03,1,4545952,4545487,465
328035441,48.5395,43.0131,482,38332,0.0421477,0.05,1,4546007,4545525,482
328038361,41.0158,52.6052,459,38387,0.0348591,0.01,1,4546043,4545584,459
328041281,38.6063,41.4421,462,38442,0.0439436,0.07,1,4546080,4545618,462
328044201,35.8425,39.9768,457,38497,0.0475775,0.09,1,4546114,4545657,457
328047121,31.737,36.3907,452,38552,0.025031,0.01,1,4546143,4545691,452
328050041,25.8948,32.5563,444,38607,0.0280124,0,1,4546165,4545721,444
328052961,11.5579,26.2225,424,38662,0.029205,0.03,1,4546167,4545743,424
328055881,18.4232,24.889,423,38717,0.077682,0.03,1,4546190,4545767,423
328058801,27.1693,29.1556,424,38772,0.0730728,0.01,1,4546223,4545799,424
328070481,39.1819,38.8488,425,38988,0.0865907,0.03,1,4546377,4545952,425
328073401,47.4728,48.5395,423,39042,0.0526363,0.03,1,4546430,4546007,423
328076321,40.5891,41.0158,423,39096,0.0270545,0.05,1,4546466,4546043,423
328079241,39.0356,38.6063,424,39150,0.0408218,0.05,1,4546504,4546080,424
328082161,36.0143,35.8425,424,39204,0.0583287,0.01,1,4546538,4546114,424
328085081,31.2057,31.737,423,39258,0.0413315,0.03,1,4546566,4546143,423
328088001,25.6823,25.8948,423,39312,0.0585326,0.03,1,4546588,4546165,423
328090921,11.4729,11.5579,423,39366,0.041413,0.11,1,4546590,4546167,423
328093841,19.5892,18.4232,425,39420,0.0825652,0.07,1,4546615,4546190,425
328099681,33.1343,32.4677,427,39528,0.0984104,0.11,1,4546686,4546259,427
328102601,31.2537,33.3871,423,39581,0.0933642,0.11,1,4546716,4546293,423
328111361,45.3682,47.4728,422,39740,0.0935753,0.01,1,4546852,4546430,422
328114281,39.7473,40.5891,422,39793,0.0554301,0.05,1,4546888,4546466,422
328117201,39.2989,39.0356,423,39846,0.040172,0.07,1,4546927,4546504,423
328120121,36.1196,36.0143,423,39899,0.0460688,0.03,1,4546961,4546538,423
328123041,31.2478,31.2057,423,39952,0.0244275,0.07,1,4546989,4546566,423
328125961,25.6991,25.6823,423,40005,0.027771,0.03,1,4547011,4546588,423
328128881,11.4797,11.4729,423,40058,0.0291084,0.03,1,4547013,4546590,423
328131801,20.1919,4.58916,449,40111,0.0296434,0.11,1,4547039,4546590,449
328134721,29.6767,16.8357,460,40164,0.0418573,0.13,1,4547075,4546615,460
328137641,33.4707,27.7343,461,40217,0.0587429,0.09,1,4547111,4546650,461
328140561,31.3883,32.6937,455,40270,0.0774972,0.09,1,4547141,4546686,455
328149321,44.0328,39.8924,472,40426,0.23368,0.07,1,4547275,4546803,472
328152241,38.0131,45.357,457,40478,0.279472,0.03,1,4547309,4546852,457
328155161,38.6053,39.7428,460,40530,0.249789,0.03,1,4547348,4546888,460
328158081,35.8421,39.2971,455,40582,0.249916,0.05,1,4547382,4546927,455
328161001,31.7368,36.1188,450,40634,0.249966,0.01,1,4547411,4546961,450
328163921,25.8947,31.2475,444,40686,0.249986,0.03,1,4547433,4546989,444
328166841,11.5579,25.699,424,40738,0.249995,0.03,1,4547435,4547011,424
328169761,20.8232,11.4796,449,40790,0.237998,0.03,1,4547462,4547013,449
328172681,29.9293,20.1918,459,40842,0.233199,0.05,1,4547498,4547039,459
328175601,34.7717,29.6767,461,40894,0.21928,0.07,1,4547536,4547075,461
328178521,31.9087,33.4707,455,40946,0.213712,0.09,1,4547566,4547111,455
328184361,41.4654,41.9553,469,41049,0.224994,0.21,1,4547659,4547190,469
328187281,46.5862,39.5821,481,41100,0.263998,0.27,1,4547709,4547228,481
328190201,39.0345,44.0328,468,41151,0.291599,0.31,1,4547743,4547275,468
328210641,29.6829,20.8232,468,41508,0.401396,0.23,1,4547930,4547462,468
328213561,13.0732,29.9293,434,41559,0.406559,0.21,1,4547932,4547498,434
328216481,26.8293,34.7717,432,41610,0.444623,0.21,1,4547968,4547536,432
328219401,28.7317,31.9087,432,41661,0.435849,0.17,1,4547998,4547566,432
328301161,30.5295,11.0113,482,43056,0.761458,0.61,2,4548893,4548411,482
328304081,44.6118,23.0045,505,43105,0.778583,0.61,2,4548947,4548442,505
328307001,43.0447,41.6018,493,43154,0.785433,0.61,2,4548989,4548496,493
328309921,49.0179,41.8407,504,43203,0.812173,0.65,2,4549042,4548538,504
328312841,41.2072,47.3363,489,43252,0.834869,0.67,2,4549078,4548589,489
328514321,174.889,179.583,486,21270,0.429643,0.83,1,4551346,4550860,486
328517241,119.755,116.833,494,21370,0.405857,0.75,1,4551429,4550935,494
328523081,86.6009,95.7333,478,21568,0.414137,0.45,1,4551590,4551112,478
328526001,71.8403,74.8933,479,21666,0.423655,0.37,1,4551652,4551173,479
328528921,38.9361,62.9573,441,21764,0.427462,0.43,1,4551669,4551228,441
328531841,37.1745,38.9829,454,21861,0.428985,0.33,1,4551705,4551251,454
328578561,80.3018,61.8557,544,23365,0.800899,0.69,2,4552771,4552227,544
328581481,81.3207,78.1423,537,23456,0.83036,0.69,2,4552853,4552316,537
328584401,82.9283,80.4569,539,23546,0.854144,0.69,2,4552937,4552398,539
328587321,69.7713,83.7828,514,23636,0.887658,0.65,2,4552998,4552484,514
328692441,40.3834,59.0301,507,26674,0.415886,1,1,4555068,4554561,507
328695361,64.7534,45.212,552,26753,0.424354,1,1,4555149,4554597,552
328742081,42.7599,44.259,447,27992,0.754416,0.61,2,4555922,4555475,447
328756681,25.8183,25.1828,456,28368,0.78593,0.69,2,4556179,4555723,456
328759601,60.7273,10.0731,540,28443,0.776372,0.77,2,4556263,4555723,540
328762521,47.0909,53.8293,495,28517,0.784549,0.73,2,4556301,4555806,495
328765441,38.0364,44.3317,489,28591,0.78782,0.73,2,4556333,4555844,489
328768361,43.4145,36.9327,504,28665,0.801128,0.77,2,4556380,4555876,504
328771281,39.5658,42.3731,495,28739,0.794451,0.73,2,4556417,4555922,495
328774201,65.6263,39.7492,540,28813,0.81578,0.73,2,4556500,4555960,540
328777121,75.4505,65.0997,540,28886,0.872312,0.71,2,4556582,4556042,540
328864721,64.2899,68.4325,481,31008,0.83416,1,2,4558070,4557589,481
328867641,47.316,46.573,485,31076,0.855664,1,2,4558106,4557621,485
328870561,51.3264,48.6292,489,31144,0.804266,1,2,4558160,4557671,489
328873481,43.3306,45.2517,484,31212,0.771706,1,2,4558198,4557714,484
328885161,28.8965,28.504,512,31482,0.4447,0.95,1,4558319,4557807,512
328891001,74.9434,63.7207,557,31616,0.233152,0.92,1,4558483,4557926,557
328896841,45.8309,64.1953,500,31750,0.0445043,0.87,1,4558570,4558070,500
328899761,47.7324,47.2781,513,31817,0.0598017,0.77,1,4558619,4558106,513
328902681,37.693,51.3112,490,31883,0.0539207,0.75,1,4558650,4558160,490
328905601,37.2772,43.3245,489,31949,0.0515683,0.61,1,4558687,4558198,489
328908521,29.3109,43.1298,470,32015,0.0506273,0.57,1,4558711,4558241,470
328911441,23.1243,32.8519,463,32081,0.0622509,0.47,1,4558730,4558267,463
328914361,26.0497,25.7408,470,32147,0.0789004,0.39,1,4558758,4558288,470
328923121,55.9072,74.9434,474,32345,0.20785,0.03,1,4558957,4558483,474
328926041,43.3629,60.5774,458,32410,0.20914,0,1,4558992,4558534,458
328940641,22.6834,29.3109,443,32735,0.405025,0.07,1,4559154,4558711,443
328943561,10.2734,23.1243,426,32800,0.40801,0.09,1,4559156,4558730,426
328946481,22.1093,26.0497,428,32864,0.421204,0.15,1,4559186,4558758,428
328949401,54.4437,55.4199,429,32928,0.426482,0.21,1,4559262,4558833,429
329031161,42.383,39.0425,492,34681,0.764927,0.61,2,4560450,4559958,492
329034081,31.9532,40.217,476,34742,0.767971,0.61,2,4560475,4559999,476
329037001,23.5813,30.4868,470,34803,0.769188,0.67,2,4560493,4560023,470
329039921,10.6325,22.9947,454,34864,0.769675,0.67,2,4560495,4560041,454
329042841,22.853,10.3979,483,34925,0.76987,0.69,2,4560526,4560043,483
329045761,55.3412,22.1592,530,34986,0.793948,0.65,2,4560603,4560073,530
329048681,70.7365,55.0637,534,35046,0.839579,0.67,2,4560684,4560150,534
329051601,60.0946,70.0255,507,35106,0.881832,0.69,2,4560737,4560230,507
329282281,36.773,40.3768,498,39581,0.849616,1,2,4563842,4563344,498
329293961,29.5974,38.752,505,39793,0.423846,1,1,4563977,4563472,505
329299801,36.0556,34.2803,511,39899,0.225015,1,1,4564052,4563541,511
329311481,29.9102,17.5528,514,40111,0.0558244,0.99,1,4564187,4563673,514
329314401,47.3641,27.4211,539,40164,0.0643298,1,1,4564246,4563707,539
329317321,36.3456,52.3684,499,40217,0.0317319,0.95,1,4564275,4563776,499
329320241,29.5383,40.7474,491,40270,0.0306928,0.77,1,4564300,4563809,491
329323161,30.4153,36.099,489,40322,0.0302771,0.59,1,4564331,4563842,489
329326081,31.3661,38.4396,481,40374,0.0421108,0.49,1,4564363,4563882,481
329329001,28.7464,36.3758,473,40426,0.0348443,0.41,1,4564390,4563917,473
329331921,24.6986,34.9503,461,40478,0.0319377,0.39,1,4564412,4563951,461
329334841,29.0794,29.5801,467,40530,0.0667751,0.23,1,4564444,4563977,467
329337761,31.4318,34.6321,462,40582,0.03271,0.17,1,4564477,4564015,462
329340681,29.9727,36.0528,454,40634,0.067084,0.11,1,4564506,4564052,454
329343601,33.5891,34.2211,457,40686,0.0328336,0.09,1,4564542,4564085,457
329346521,39.8356,34.6885,466,40738,0.0311334,0.13,1,4564586,4564120,466
329349441,29.7343,40.2754,445,40790,0.0304534,0.01,1,4564609,4564164,445
329352361,46.6937,29.9102,480,40842,0.0301814,0.07,1,4564667,4564187,480
329355281,37.2775,47.3641,452,40894,0.0300725,0.01,1,4564698,4564246,452
329358201,29.311,36.3456,447,40946,0.042029,0.03,1,4564722,4564275,447
329361121,29.7244,29.5383,452,40998,0.0228116,0.03,1,4564752,4564300,452
329364041,31.6898,30.4153,454,41049,0.0151246,0.05,1,4564785,4564331,454
329366961,28.8759,31.3661,449,41100,0.0240499,0.03,1,4564812,4564363,449
329369881,24.7504,28.7464,444,41151,0.0396199,0.03,1,4564834,4564390,444
329372801,30.3001,24.6986,456,41202,0.045848,0.09,1,4564868,4564412,456
329375721,31.3201,29.0794,456,41253,0.0723392,0.01,1,4564900,4564444,456
329378641,29.928,31.4318,452,41304,0.0949357,0.09,1,4564929,4564477,452
329381561,34.7712,29.9727,461,41355,0.0679743,0.01,1,4564967,4564506,461
329384481,37.9085,33.5891,465,41406,0.0691897,0.03,1,4565007,4564542,465
329387401,29.5634,39.8356,445,41457,0.0456759,0.03,1,4565031,4564586,445
329390321,47.8254,29.7343,482,41508,0.0362704,0.03,1,4565091,4564609,482
329393241,20.3301,46.6937,426,41559,0.0325081,0.03,1,4565093,4564667,426
329396161,24.3321,37.2775,422,41610,0.0670033,0.05,1,4565120,4564698,422
329399081,24.7328,29.311,423,41661,0.0688013,0.01,1,4565145,4564722,423
329402001,27.8931,29.7244,423,41712,0.0575205,0.01,1,4565175,4564752,423
329404921,30.9573,31.6898,423,41763,0.0410082,0.03,1,4565208,4564785,423
329407841,28.5829,28.8759,423,41814,0.0224033,0.05,1,4565235,4564812,423
329410761,25.2332,24.7504,424,41864,0.0389613,0.05,1,4565258,4564834,424
329413681,30.4933,30.3001,424,41914,0.0215845,0.09,1,4565292,4564868,424
329416601,32.5973,31.3201,426,41964,0.0386338,0.11,1,4565326,4564900,426
329419521,31.6389,29.928,428,42014,0.0454535,0.05,1,4565357,4564929,428
329422441,33.0556,34.7712,424,42064,0.0241814,0.07,1,4565391,4564967,424
329425361,37.2222,37.9085,424,42114,0.0396726,0.03,1,4565431,4565007,424
329428281,29.2889,29.5634,424,42164,0.045869,0.03,1,4565455,4565031,424
329431201,47.1156,47.8254,423,42214,0.0483476,0.03,1,4565514,4565091,423
329434121,20.0462,20.3301,423,42264,0.049339,0.09,1,4565516,4565093,423
329437041,24.8185,24.3321,424,42314,0.0497356,0.07,1,4565544,4565120,424
329439961,26.1274,24.7328,426,42364,0.0498942,0.05,1,4565571,4565145,426
329442881,26.051,27.8931,422,42414,0.0859577,0.03,1,4565597,4565175,422
329451641,24.9713,25.2332,422,42564,0.0604613,0.01,1,4565680,4565258,422
329454561,30.3885,30.4933,422,42614,0.0661845,0.05,1,4565714,4565292,422
329457481,33.1554,32.5973,423,42664,0.0444738,0.05,1,4565749,4565326,423
329460401,31.2622,31.6389,422,42713,0.0477895,0.01,1,4565779,4565357,422
329463321,32.9049,33.0556,422,42762,0.0971158,0.05,1,4565813,4565391,422
329466241,38.3619,37.2222,424,42811,0.0688463,0.05,1,4565855,4565431,424
329469161,29.1448,29.2889,423,42860,0.0695385,0.05,1,4565878,4565455,423
329472081,46.4579,47.1156,422,42909,0.0698154,0.05,1,4565936,4565514,422
329475001,19.7832,20.0462,422,42958,0.0699262,0.05,1,4565938,4565516,422
329477921,24.7133,24.8185,422,43007,0.0819705,0.05,1,4565966,4565544,422
329480841,27.2853,9.9274,451,43056,0.0627882,0.05,1,4565995,4565544,451
329483761,26.5141,20.171,450,43105,0.0791153,0.11,1,4566021,4565571,450
329486681,31.0056,23.6684,458,43154,0.0976461,0.11,1,4566055,4565597,458
329512961,45.406,29.1442,480,43594,0.211688,0.07,1,4566358,4565878,480
329515881,19.3624,46.4577,424,43642,0.222675,0.07,1,4566360,4565936,424
329518801,25.145,19.7831,451,43690,0.26307,0.09,1,4566389,4565938,451
329524641,27.4232,27.2853,451,43786,0.283291,0.09,1,4566446,4565995,451
329527561,31.9693,26.5141,460,43834,0.299316,0.11,1,4566481,4566021,460
329548001,38.5113,34.4681,470,44170,0.420786,0.19,1,4566708,4566238,470
329550921,30.4045,37.7872,455,44218,0.426314,0.19,1,4566733,4566278,455
329553841,46.9618,29.5149,489,44266,0.440526,0.23,1,4566791,4566302,489
329556761,19.9847,45.406,435,44314,0.44621,0.23,1,4566793,4566358,435
329644361,20.3544,19.9299,451,45719,0.769394,0.63,2,4567688,4567237,451
329647281,27.9417,27.772,451,45765,0.769758,0.61,2,4567721,4567270,451
329650201,29.7767,29.1088,452,45811,0.757903,0.65,2,4567752,4567300,452
329653121,28.1107,27.8435,452,45857,0.789161,0.65,2,4567779,4567327,452
329656041,12.4443,12.3374,452,45903,0.801665,0.61,2,4567781,4567329,452
329658961,28.9777,28.935,452,45949,0.794666,0.61,2,4567821,4567369,452
329661881,27.1911,11.574,478,45995,0.803866,0.67,2,4567847,4567369,478
329664801,25.8764,20.2296,477,46041,0.843547,0.67,2,4567872,4567395,477
329667721,30.7506,22.4918,487,46087,0.847419,0.69,2,4567906,4567419,487
329670641,33.9002,29.3967,489,46133,0.848967,0.67,2,4567942,4567453,489
329673561,32.7601,32.7587,486,46179,0.873587,0.67,2,4567974,4567488,486
329676481,37.104,32.3035,494,46225,0.883435,0.69,2,4568014,4567520,494
329679401,38.8416,37.5214,493,46271,0.887374,0.65,2,4568054,4567561,493
329682321,32.3366,39.0086,481,46317,0.88895,0.71,2,4568082,4567601,481
329910081,179.846,174.015,526,22724,0.2404,0.99,1,4570541,4570015,526
329915921,77.8554,98.4024,477,22910,0.060064,0.83,1,4570681,4570204,477
329918841,67.1421,68.161,489,23003,0.0540256,0.75,1,4570741,4570252,489
329921761,60.4569,68.0644,477,23095,0.0276102,0.51,1,4570797,4570320,477
329924681,61.9827,80.0258,452,23187,0.0290441,0.41,1,4570860,4570408,452
329927601,38.5931,47.6103,449,23278,0.0416176,0.31,1,4570883,4570434,449
329930521,62.8372,34.6441,502,23369,0.0826471,0.01,1,4570962,4570460,502
329933441,84.5349,62.4576,520,23460,0.0510588,0.09,1,4571061,4570541,520
329936361,58.414,83.1831,464,23550,0.0384235,0,1,4571102,4570638,464
329939281,59.9656,59.0732,482,23640,0.0333694,0.05,1,4571163,4570681,482
329942201,57.5862,59.6293,478,23730,0.0313478,0.01,1,4571219,4570741,478
329945121,60.2345,57.4517,484,23819,0.0545391,0.03,1,4571281,4570797,484
329948041,39.0938,60.7807,446,23908,0.0638156,0.05,1,4571306,4570860,446
329950961,16.8375,38.1123,425,23997,0.0675263,0.11,1,4571308,4570883,425
329956801,80.454,84.458,424,24173,0.0720042,0.03,1,4571485,4571061,424
329959721,56.1816,58.3832,423,24261,0.0468017,0.03,1,4571525,4571102,423
329962641,59.6726,59.9533,424,24348,0.0187207,0.03,1,4571587,4571163,424
329965561,56.8691,57.5813,423,24435,0.0134883,0.07,1,4571642,4571219,423
329968481,59.9476,60.2325,423,24522,0.0353953,0.07,1,4571704,4571281,423
329971401,40.179,39.093,425,24608,0.0441581,0.07,1,4571731,4571306,425
329974321,17.2716,16.8372,425,24694,0.0836633,0.13,1,4571733,4571308,425
329977241,56.1086,54.1349,428,24780,0.0994653,0.05,1,4571815,4571387,428
329986001,59.823,59.6726,423,25036,0.0584458,0.01,1,4572010,4571587,423
329988921,56.3292,56.8691,422,25121,0.0533783,0.05,1,4572064,4571642,422
329991841,60.3317,59.9476,423,25205,0.0513513,0.05,1,4572127,4571704,423
329994761,41.5327,40.179,425,25289,0.0505405,0.11,1,4572156,4571731,425
329997681,17.8131,17.2716,425,25373,0.0262162,0.11,1,4572158,4571733,425
330000601,58.7252,56.1086,429,25457,0.0644865,0.11,1,4572244,4571815,429
330003521,76.2901,22.4435,517,25540,0.0557946,0.13,1,4572332,4571815,517
330006441,54.516,64.1774,465,25623,0.0763178,0.09,1,4572372,4571907,465
330012281,55.2826,57.6684,475,25788,0.0734108,0.05,1,4572485,4572010,475
330015201,59.913,55.4674,484,25870,0.0593643,0.05,1,4572548,4572064,484
330018121,41.3652,59.9869,450,25952,0.0417457,0.05,1,4572577,4572127,450
330021041,17.7461,41.3948,423,26034,0.0346983,0.01,1,4572579,4572156,423
330023961,59.8984,17.7579,509,26115,0.0438793,0.09,1,4572667,4572158,509
330038561,59.8588,55.282,486,26518,0.206936,0.05,1,4572971,4572485,486
330041481,41.3435,59.9128,452,26598,0.244774,0.03,1,4573000,4572548,452
330044401,17.7374,41.3651,425,26678,0.25991,0.03,1,4573002,4572577,425
330047321,59.895,17.746,511,26757,0.289964,0.05,1,4573090,4572579,511
330064841,58.6704,59.8588,433,27228,0.403629,0.27,1,4573404,4572971,433
330067761,42.0681,41.3435,435,27306,0.419452,0.27,1,4573435,4573000,435
330070681,18.0273,17.7374,435,27384,0.425781,0.31,1,4573437,4573002,435
330126161,64.2602,17.9821,547,28817,0.795767,0.71,2,4574426,4573879,547
330129081,85.7041,62.9928,554,28890,0.804307,0.65,2,4574526,4573972,554
330132001,59.4816,85.7971,495,28963,0.819723,0.69,2,4574568,4574073,495
330134921,24.9927,59.5189,455,29036,0.825889,0.65,2,4574570,4574115,455
330137841,46.5971,25.0075,514,29109,0.876356,0.67,2,4574631,4574117,514
330242961,92.9781,58.8369,595,31620,0.885999,0.99,2,4576440,4575845,595
330245881,58.7912,89.5348,521,31687,0.7684,1,2,4576476,4575955,521
330263401,36.4468,37.7674,512,32085,0.283515,1,1,4576702,4576190,512
330266321,30.7787,31.9069,511,32151,0.299406,1,1,4576729,4576218,511
330269241,54.9115,28.3628,556,32217,0.269762,1,1,4576800,4576244,556
330272161,81.9646,59.9451,575,32283,0.281905,0.81,1,4576900,4576325,575
330275081,50.7858,92.978,490,32349,0.274762,0.69,1,4576930,4576440,490
330278001,39.5143,58.7912,486,32414,0.295905,0.65,1,4576962,4576476,486
330301361,50.6454,54.9115,434,32932,0.419993,0.29,1,4577234,4576800,434
330304281,80.2582,81.9646,434,32996,0.437997,0.27,1,4577334,4576900,434
330351001,38.3722,37.2596,450,34007,0.757876,0.61,2,4577955,4577505,450
330353921,39.9489,39.5038,450,34069,0.75315,0.59,2,4577996,4577546,450
330362681,21.9007,20.5762,453,34255,0.755482,0.65,2,4578058,4577605,453
330365601,53.1603,8.2305,527,34317,0.752193,0.71,2,4578132,4577605,527
330368521,83.0641,45.8922,559,34379,0.786877,0.75,2,4578235,4577676,559
330371441,51.2256,80.1569,486,34441,0.800751,0.75,2,4578265,4577779,486
330374361,42.0903,50.0628,492,34502,0.8303,0.75,2,4578301,4577809,492
330377281,40.2361,41.6251,495,34563,0.85412,0.71,2,4578340,4577845,495
330380201,35.2944,39.45,489,34624,0.863648,0.75,2,4578372,4577883,489
330383121,38.1178,34.38,498,34685,0.867459,0.77,2,4578412,4577914,498
330386041,39.2471,38.352,497,34746,0.880984,0.75,2,4578452,4577955,497
330523281,36.7026,42.2274,502,37499,0.838613,1,2,4580345,4579843,502
330526201,50.081,38.491,525,37555,0.821445,1,2,4580404,4579879,525
330529121,35.0324,42.3964,505,37611,0.766578,1,2,4580429,4579924,505
330564161,31.333,50.081,481,38280,0.412969,0.73,1,4580885,4580404,481
330567081,28.1332,35.0324,482,38335,0.423187,0.71,1,4580911,4580429,482
330570001,34.0533,32.013,490,38390,0.439275,0.61,1,4580949,4580459,490
330637161,52.8168,50.4364,452,39636,0.761245,0.63,2,4581760,4581308,452
330640081,32.5267,31.5746,452,39689,0.790498,0.67,2,4581779,4581327,452
330643001,29.8107,28.8298,453,39742,0.790199,0.65,2,4581807,4581354,453
330645921,34.7243,33.7319,454,39795,0.81408,0.67,2,4581845,4581391,454
330648841,31.2897,31.4928,453,39848,0.859632,0.63,2,4581874,4581421,453
330651761,59.3159,58.7971,454,39901,0.889853,0.69,2,4581952,4581498,454
330826961,32.3821,27.5564,508,42959,0.858966,1,2,4584045,4583537,508
330829881,29.1528,25.4226,511,43008,0.829587,1,2,4584072,4583561,511
330908721,31.5279,22.1157,482,44315,0.775707,0.53,2,4584950,4584468,482
330911641,27.0112,29.8463,471,44363,0.808283,0.51,2,4584974,4584503,471
330914561,18.0045,26.9385,458,44411,0.821313,0.51,2,4584986,4584528,458
330917481,28.8018,17.9754,482,44458,0.826525,0.53,2,4585022,4584540,482
330920401,12.7207,28.1902,449,44505,0.82861,0.55,2,4585024,4584575,449
330923321,24.2883,30.4761,449,44552,0.865444,0.61,2,4585056,4584607,449
331118961,42.4173,40.7342,487,47619,0.81447,1,2,4587202,4586715,487
331121881,35.5669,36.0937,485,47663,0.751788,1,2,4587233,4586748,485
331244521,28.8847,17.9017,489,49487,0.79721,0.69,2,4588404,4587915,489
331247441,22.3539,27.5607,473,49530,0.816884,0.71,2,4588422,4587949,473
331250361,13.7415,22.4243,462,49573,0.824754,0.67,2,4588430,4587968,462
331253281,45.6966,13.7697,521,49615,0.839901,0.69,2,4588497,4587976,521
331256201,33.2786,45.1079,480,49657,0.845961,0.69,2,4588522,4588042,480
331259121,40.9115,33.0432,501,49699,0.860384,0.69,2,4588568,4588067,501
331262041,31.9646,40.8173,481,49741,0.878154,0.69,2,4588594,4588113,481
331264961,31.3858,31.9269,486,49783,0.897262,0.75,2,4588625,4588139,486
331451841,27.8923,29.8356,504,52421,0.885263,1,2,4590433,4589929,504
331460601,24.3931,26.4375,505,52541,0.867137,1,2,4590520,4590015,505
331463521,32.5572,23.775,521,52581,0.892855,1,2,4590558,4590037,521
331472281,24.7637,23.2176,505,52701,0.877703,1,2,4590627,4590122,505
331478121,32.8822,30.1148,505,52781,0.897632,0.96,2,4590692,4590187,505
331742381,299.652,348.328,475,26280,0.765684,0.92,2,4593093,4592618,475
331754061,65.9959,67.2516,492,26601,0.762882,0.69,2,4593359,4592867,492
331756981,62.3984,69.5006,481,26681,0.767153,0.73,2,4593419,4592938,481
331759901,55.5593,52.4003,491,26760,0.756861,0.63,2,4593470,4592979,491
331765741,36.3695,44.384,454,26918,0.758298,0.61,2,4593541,4593087,454
331768661,16.9478,19.5536,455,26997,0.765319,0.65,2,4593545,4593090,455
331771581,60.1791,61.8214,454,27075,0.792128,0.67,2,4593634,4593180,454
331774501,66.0716,66.1286,455,27153,0.790851,0.75,2,4593704,4593249,455
331777421,57.0287,55.8514,457,27231,0.77834,0.79,2,4593755,4593298,457
331780341,60.6115,58.9406,459,27309,0.833336,0.77,2,4593818,4593359,459
331783261,59.6446,59.5762,458,27387,0.855334,0.75,2,4593877,4593419,458
331789101,46.2631,46.9722,458,27541,0.894054,0.77,2,4593970,4593512,458
331911741,45.4109,42.679,491,30602,0.812241,1,2,4596092,4595601,491
331914661,41.5644,48.2716,478,30671,0.810897,1,2,4596131,4595653,478
331917581,47.2258,45.1086,486,30740,0.822359,1,2,4596182,4595696,486
331920501,67.4903,70.8435,479,30809,0.754943,1,2,4596263,4595784,479
331938021,42.416,44.5274,466,31219,0.796054,0.75,2,4596512,4596046,466
331940941,42.7664,45.4109,463,31287,0.804422,0.75,2,4596555,4596092,463
331943861,39.3066,18.1644,500,31355,0.771769,0.81,2,4596592,4596092,500
331946781,45.1226,30.6658,510,31422,0.794707,0.83,2,4596641,4596131,510
331949701,68.4491,42.8663,543,31489,0.815883,0.71,2,4596725,4596182,543
331952621,42.3796,65.7465,487,31556,0.836353,0.73,2,4596750,4596263,487
331955541,42.1518,44.8986,498,31623,0.832541,0.73,2,4596792,4596294,498
331958461,38.4607,46.1594,487,31690,0.867017,0.71,2,4596828,4596341,487
332084021,32.9065,31.6412,514,34443,0.87976,1,2,4598730,4598216,514
332086941,38.3626,45.6565,501,34504,0.789904,1,2,4598772,4598271,501
332098621,41.6669,37.4328,519,34748,0.250958,1,1,4598963,4598444,519
332104461,38.2267,41.3892,515,34870,0.0917532,1,1,4599048,4598533,515
332107381,53.0907,35.1557,547,34931,0.0547013,0.95,1,4599111,4598564,547
332110301,39.8363,56.6623,507,34992,0.0398805,0.93,1,4599142,4598635,507
332113221,30.3345,43.6649,496,35052,0.0939522,0.91,1,4599166,4598670,496
332127821,33.3049,53.418,462,35352,0.22229,0.27,1,4599350,4598888,462
332130741,37.9219,41.1672,470,35412,0.238916,0.17,1,4599391,4598921,470
332133661,46.9688,41.6669,481,35472,0.245566,0.09,1,4599444,4598963,481
332136581,37.3875,49.0668,458,35532,0.236227,0.05,1,4599475,4599017,458
332139501,49.755,38.2267,485,35591,0.256491,0.03,1,4599533,4599048,485
332142421,39.702,53.0907,455,35650,0.264596,0.03,1,4599566,4599111,455
332145341,17.0808,39.8363,426,35709,0.243839,0.13,1,4599568,4599142,426
332148261,22.4323,30.3345,428,35768,0.235535,0.15,1,4599594,4599166,428
332157021,46.3157,45.4054,430,35945,0.214994,0.21,1,4599712,4599282,430
332159941,45.5263,42.7622,434,36004,0.223998,0.25,1,4599757,4599323,434
332162861,33.8105,33.3049,433,36063,0.239599,0.25,1,4599783,4599350,433
332165781,39.9242,37.9219,436,36122,0.26984,0.25,1,4599827,4599391,436
332168701,46.5697,46.9688,434,36181,0.245936,0.23,1,4599878,4599444,434
332171621,37.8279,37.3875,435,36239,0.260374,0.27,1,4599910,4599475,435
332174541,48.7312,49.755,433,36297,0.26615,0.27,1,4599966,4599533,433
332189141,32.108,31.7892,431,36587,0.411042,0.23,1,4600087,4599656,431
332192061,47.6432,46.3157,433,36645,0.434417,0.23,1,4600145,4599712,433
332262141,50.6815,33.4605,512,38005,0.767564,0.65,2,4601041,4600529,512
332265061,46.0726,48.7842,496,38061,0.805026,0.67,2,4601084,4600588,496
332267981,38.229,44.7137,487,38117,0.83201,0.73,2,4601117,4600630,487
332270901,42.2916,35.8855,502,38172,0.878804,0.75,2,4601162,4600660,502
332273821,46.9166,40.7542,508,38227,0.897522,0.73,2,4601212,4600704,508
332440261,33.4109,24.5407,518,41256,0.86968,1,2,4603289,4602771,518
332451941,22.5561,30.9354,505,41460,0.439432,1,1,4603400,4602895,505
332457781,30.489,31.9497,512,41562,0.285109,1,1,4603467,4602955,512
332460701,33.1956,46.3799,491,41613,0.264044,1,1,4603502,4603011,491
332463621,28.2782,41.3519,478,41664,0.207617,1,1,4603527,4603049,478
332469461,43.5245,41.1763,486,41766,0.0872188,1,1,4603619,4603133,486
332472381,42.0098,47.6705,475,41817,0.0528875,0.93,1,4603660,4603185,475
332475301,37.2039,46.0682,464,41867,0.039155,0.91,1,4603694,4603230,464
332478221,31.0816,34.0273,465,41917,0.045662,0.83,1,4603721,4603256,465
332481141,28.6326,33.4109,459,41967,0.0722648,0.67,1,4603748,4603289,459
332484061,27.0531,32.5644,453,42017,0.0949059,0.59,1,4603774,4603321,453
332486981,28.2212,32.2257,450,42067,0.0679624,0.37,1,4603803,4603353,450
332489901,26.2885,30.8903,445,42117,0.0571849,0.41,1,4603828,4603383,445
332492821,17.7154,22.5561,440,42167,0.076874,0.37,1,4603840,4603400,440
332495741,26.8862,31.2224,436,42217,0.0967496,0.21,1,4603873,4603437,436
332498661,27.5545,30.489,434,42267,0.0926998,0.25,1,4603901,4603467,434
332507421,35.1235,38.3113,423,42417,0.219773,0.07,1,4603995,4603572,423
332510341,42.2494,43.5245,423,42467,0.273909,0.03,1,4604042,4603619,423
332513261,40.8998,42.0098,422,42517,0.283564,0.03,1,4604082,4603660,422
332516181,36.7599,37.2039,422,42567,0.239425,0.05,1,4604116,4603694,422
332519101,32.704,31.0816,425,42617,0.20977,0.09,1,4604146,4603721,425
332522021,28.6816,28.6326,424,42667,0.221908,0.11,1,4604172,4603748,424
332524941,27.6726,27.0531,425,42716,0.202763,0.05,1,4604199,4603774,425
332527861,27.2691,28.2212,423,42765,0.219105,0.05,1,4604226,4603803,423
332530781,26.5076,26.2885,424,42814,0.237642,0.09,1,4604252,4603828,424
332533701,19.003,17.7154,426,42863,0.269057,0.11,1,4604266,4603840,426
332536621,28.0012,26.8862,427,42912,0.293623,0.09,1,4604300,4603873,427
332545381,26.1041,11.6087,452,43059,0.291672,0.19,1,4604383,4603931,452
332559981,31.4798,36.5816,458,43304,0.415796,0.19,1,4604574,4604116,458
332562901,29.9919,32.6326,457,43353,0.436319,0.23,1,4604603,4604146,457
332565821,28.1968,28.6531,458,43402,0.432527,0.19,1,4604630,4604172,458
332583341,31.1198,27.4004,468,43693,0.439127,0.33,1,4604795,4604327,468
332586261,25.6479,30.7601,457,43741,0.433651,0.27,1,4604817,4604360,457
332589181,37.2592,26.1041,479,43789,0.41946,0.31,1,4604862,4604383,479
332679701,40.6389,41.1275,451,45259,0.772333,0.63,2,4605814,4605363,451
332682621,39.0555,39.251,451,45306,0.818933,0.63,2,4605852,4605401,451
332685541,35.4222,35.5004,451,45353,0.873573,0.65,2,4605885,4605434,451
332869501,28.1358,25.9122,501,48193,0.873413,1,2,4607838,4607337,501
332872421,30.4543,38.5649,486,48237,0.859365,1,2,4607870,4607384,486
332875341,35.5817,35.2259,492,48281,0.781746,1,2,4607909,4607417,492
332919141,29.8494,20.9743,498,48930,0.426969,0.85,1,4608336,4607838,498
332922061,32.3397,27.5897,500,48973,0.416788,0.73,1,4608370,4607870,500
332924981,25.5359,34.4359,482,49016,0.412715,0.71,1,4608391,4607909,482
332930821,25.4457,32.3897,474,49102,0.429634,0.57,1,4608444,4607970,474
333021341,21.6872,24.8924,446,50415,0.756488,0.49,2,4609278,4608832,446
333024261,27.2749,28.557,446,50457,0.788595,0.49,2,4609309,4608863,446
333027181,24.71,25.2228,446,50499,0.789438,0.51,2,4609332,4608886,446
333030101,23.684,22.6891,448,50541,0.801775,0.57,2,4609355,4608907,448
333033021,25.0736,23.4756,450,50583,0.75871,0.57,2,4609381,4608931,450
333035941,29.2294,28.5903,450,50625,0.789484,0.55,2,4609413,4608963,450
333038861,27.2918,26.4361,451,50667,0.789794,0.59,2,4609439,4608988,451
333041781,22.9167,22.5744,451,50709,0.813917,0.59,2,4609459,4609008,451
333044701,17.5667,17.4298,451,50751,0.799567,0.61,2,4609473,4609022,451
333047621,40.0267,39.3719,452,50793,0.841827,0.61,2,4609528,4609076,452
333050541,34.0107,33.7488,452,50834,0.858731,0.65,2,4609558,4609106,452
333053461,37.6043,36.2995,454,50875,0.841492,0.65,2,4609598,4609144,454
333056381,27.0417,26.5198,454,50916,0.870597,0.65,2,4609618,4609164,454
333059301,27.6167,27.4079,454,50957,0.882239,0.65,2,4609646,4609192,454
333062221,30.2467,28.3632,457,50998,0.886896,0.71,2,4609678,4609221,457
333065141,13.2987,12.5453,457,51039,0.888758,0.77,2,4609680,4609223,457
333333781,163.032,173.505,479,24905,0.400624,0.98,1,4612295,4611816,479
333336701,93.4129,76.0019,515,24990,0.26225,0.83,1,4612342,4611827,515
333339621,71.5652,77.8008,493,25075,0.2069,0.79,1,4612399,4611906,493
333371741,66.4579,63.862,494,25990,0.236019,0.11,1,4613031,4612537,494
333374661,44.5832,65.7448,457,26072,0.256408,0.15,1,4613061,4612604,457
333377581,38.8333,44.8979,461,26153,0.276563,0.17,1,4613096,4612635,461
333392181,61.2329,65.8569,488,26556,0.427181,0.19,1,4613391,4612903,488
333435981,36.6176,35.9576,447,27729,0.75833,0.53,2,4614087,4613640,447
333438901,53.647,51.5831,450,27805,0.777332,0.67,2,4614152,4613702,450
333441821,69.4588,65.6332,455,27881,0.808933,0.71,2,4614232,4613777,455
333444741,62.5835,61.0533,455,27957,0.857573,0.65,2,4614290,4613835,455
333447661,70.6334,70.6213,454,28033,0.889029,0.71,2,4614366,4613912,454
333453501,39.1413,38.8994,455,28184,0.882645,0.71,2,4614431,4613976,455
333576141,43.5411,46.2365,483,31183,0.897927,1,2,4616519,4616036,483
333579061,34.2165,37.0946,480,31251,0.857171,1,2,4616547,4616067,480
333581981,50.8866,53.8378,477,31319,0.852868,1,2,4616609,4616132,477
333584901,41.3546,21.5351,512,31387,0.839147,1,2,4616644,4616132,512
333587821,79.5419,32.6141,577,31454,0.833659,1,2,4616749,4616172,577
333590741,52.2167,75.4456,507,31521,0.855464,0.91,2,4616783,4616276,507
333593661,42.4867,51.7782,507,31588,0.852185,1,2,4616819,4616312,507
333596581,49.9947,42.3113,526,31655,0.862874,0.95,2,4616874,4616348,526
333599501,37.9979,51.1245,499,31722,0.87915,0.95,2,4616904,4616405,499
333602421,33.1991,40.2498,496,31789,0.86166,0.93,2,4616934,4616438,496
333605341,40.2797,35.2999,509,31856,0.866664,0.87,2,4616979,4616470,509
333608261,34.7119,43.52,491,31922,0.868666,0.83,2,4617010,4616519,491
333611181,47.4847,34.208,519,31988,0.857466,0.85,2,4617066,4616547,519
333614101,39.9939,50.8832,492,32054,0.864986,0.83,2,4617101,4616609,492
333742581,35.5355,38.508,509,34839,0.8692,1,2,4619034,4618525,509
333745501,75.4142,28.0032,590,34900,0.76168,1,2,4619136,4618546,590
333763021,43.4711,36.2944,526,35261,0.448877,1,1,4619363,4618837,526
333765941,36.5884,43.9178,509,35321,0.437551,1,1,4619395,4618886,509
333768861,35.6354,40.3671,506,35381,0.42102,1,1,4619430,4618924,506
333771781,35.2541,38.3468,504,35441,0.402408,0.88,1,4619465,4618961,504
333798061,41.2389,43.4711,444,35974,0.408905,0.43,1,4619807,4619363,444
333803901,34.1982,35.6354,441,36092,0.405025,0.39,1,4619871,4619430,441
333806821,34.6793,35.2541,441,36151,0.42001,0.39,1,4619906,4619465,441
333809741,32.4717,32.7017,441,36209,0.438004,0.33,1,4619937,4619496,441
333847701,71.3821,68.1887,447,36960,0.756733,0.53,2,4620476,4620029,447
333850621,39.9529,38.6755,447,37017,0.752693,0.53,2,4620495,4620048,447
333853541,38.1811,36.4702,449,37074,0.763077,0.53,2,4620532,4620083,449
333856461,16.4725,15.7881,449,37131,0.767231,0.55,2,4620534,4620085,449
333859381,41.989,41.7152,449,37188,0.756892,0.55,2,4620593,4620144,449
333862301,31.1956,16.6861,473,37245,0.752757,0.61,2,4620617,4620144,473
333865221,32.2782,20.4744,483,37302,0.763103,0.65,2,4620650,4620167,483
333868141,43.5113,26.7898,503,37359,0.779241,0.69,2,4620701,4620198,503
333871061,35.4045,40.7159,483,37416,0.797696,0.69,2,4620731,4620248,483
333873981,36.3618,34.2864,490,37472,0.805079,0.71,2,4620768,4620278,490
333876901,34.9447,34.7145,489,37528,0.820031,0.73,2,4620802,4620313,489
333879821,33.7779,34.2858,488,37584,0.838013,0.75,2,4620835,4620347,488
333882741,72.3112,32.9143,554,37640,0.869205,0.77,2,4620933,4620379,554
333885661,40.9245,71.3657,477,37696,0.881682,0.75,2,4620953,4620476,477
333888581,37.9698,39.9463,494,37752,0.886673,0.77,2,4620989,4620495,494
333891501,16.3879,38.1785,459,37808,0.888669,0.77,2,4620991,4620532,459
334040421,33.9987,41.71,503,40559,0.864375,1,2,4622934,4622431,503
334043341,33.9995,23.884,525,40611,0.77175,1,2,4622968,4622443,525
334052101,23.608,30.3046,501,40767,0.434112,1,1,4623045,4622544,501
334057941,28.6173,24.2887,513,40871,0.231458,1,1,4623105,4622592,513
334063781,32.7788,33.4062,515,40975,0.0670333,1,1,4623176,4622661,515
334066701,30.5115,32.5625,512,41027,0.0688133,1,1,4623205,4622693,512
334069621,69.2046,32.825,574,41078,0.0275253,1,1,4623300,4622726,574
334072541,49.8818,76.73,505,41129,0.0110101,1,1,4623337,4622832,505
334075461,41.5527,50.492,508,41180,0.0104041,0.91,1,4623373,4622865,508
334078381,29.8211,45.9968,487,41231,0.0101616,0.81,1,4623395,4622908,487
334081301,30.5284,33.9987,492,41282,0.0340646,0.71,1,4623426,4622934,492
334084221,24.8114,33.9995,479,41333,0.0436259,0.57,1,4623447,4622968,479
334087141,21.3245,32.7998,466,41384,0.0354503,0.45,1,4623466,4623000,466
334090061,18.1298,27.5199,458,41435,0.0201801,0.37,1,4623482,4623024,458
334092981,23.4519,23.608,464,41486,0.0260721,0.25,1,4623509,4623045,464
334095901,22.5808,28.0432,455,41537,0.0284288,0.17,1,4623531,4623076,455
334098821,10.2323,28.6173,428,41588,0.0533715,0.05,1,4623533,4623105,428
334101741,24.4929,35.4469,422,41639,0.0633486,0.03,1,4623567,4623145,422
334104661,30.1972,32.7788,425,41690,0.0433394,0.07,1,4623601,4623176,425
334107581,30.0789,30.5115,426,41741,0.0713358,0,1,4623631,4623205,426
334110501,69.6315,69.2046,427,41792,0.0465343,0,1,4623727,4623300,427
334113421,48.2526,49.8818,424,41843,0.0846137,0.01,1,4623761,4623337,424
334116341,40.301,41.5527,423,41893,0.0518455,0.01,1,4623796,4623373,423
334119261,29.9204,29.8211,424,41943,0.0267382,0.05,1,4623819,4623395,424
334122181,29.9682,30.5284,423,41993,0.0406953,0.05,1,4623849,4623426,423
334125101,25.1873,24.8114,424,42043,0.0702781,0.03,1,4623871,4623447,424
334128021,20.8749,21.3245,423,42093,0.0821112,0.01,1,4623889,4623466,423
334130941,18.55,18.1298,424,42143,0.0628445,0.03,1,4623906,4623482,424
334133861,24.22,23.4519,425,42193,0.0431378,0.03,1,4623934,4623509,425
334136781,22.888,22.5808,425,42243,0.0712551,0.07,1,4623956,4623531,425
334139701,10.3552,10.2323,425,42293,0.0825021,0.07,1,4623958,4623533,425
334142621,23.3421,24.4929,423,42343,0.0990008,0.03,1,4623990,4623567,423
334145541,29.1368,30.1972,422,42393,0.0576003,0.09,1,4624023,4623601,422
334148461,30.8547,30.0789,424,42443,0.0530401,0.03,1,4624055,4623631,424
334151381,68.7419,69.6315,422,42493,0.0392161,0.11,1,4624149,4623727,422
334154301,49.6968,48.2526,425,42543,0.0576864,0.03,1,4624186,4623761,425
334157221,39.6787,40.301,423,42593,0.0650746,0.01,1,4624219,4623796,423
334160141,29.0715,29.9204,422,42643,0.0440298,0.05,1,4624241,4623819,422
334163061,30.8286,29.9682,424,42692,0.0476119,0.09,1,4624273,4623849,424
334165981,25.5314,25.1873,424,42741,0.0610448,0.09,1,4624295,4623871,424
334168901,20.4126,20.8749,423,42790,0.0544179,0.05,1,4624312,4623889,423
334171821,17.765,18.55,422,42839,0.0877672,0.03,1,4624328,4623906,422
334177661,23.2424,22.888,424,42937,0.0824428,0.09,1,4624380,4623956,424
334180581,10.497,10.3552,424,42986,0.0989771,0.09,1,4624382,4623958,424
334183501,23.3988,4.14208,456,43035,0.0815908,0.11,1,4624414,4623958,456
334186421,27.3595,20.8568,454,43084,0.0746363,0.03,1,4624444,4623990,454
334189341,30.1438,28.1427,453,43133,0.0478545,0.05,1,4624476,4624023,453
334192261,68.4575,30.4571,515,43182,0.0251418,0.03,1,4624570,4624055,515
334195181,50.183,68.5828,459,43231,0.0520567,0.07,1,4624608,4624149,459
334198101,39.8732,49.6331,455,43280,0.0748227,0.07,1,4624641,4624186,455
334201021,28.5493,39.6533,443,43329,0.0719291,0.03,1,4624662,4624219,443
334206861,25.6879,30.8245,444,43427,0.0967086,0.07,1,4624717,4624273,444
334209781,21.0752,25.5298,440,43476,0.0926835,0.05,1,4624735,4624295,440
334262341,11.0883,23.3808,431,44341,0.0966265,0.17,1,4625235,4624804,431
334291541,25.6986,25.9053,429,44813,0.227715,0.13,1,4625571,4625142,429
334294461,21.0794,21.7621,428,44860,0.241086,0.13,1,4625589,4625161,428
334297381,19.2318,19.5049,428,44907,0.222434,0.13,1,4625607,4625179,428
334300301,25.6927,25.8019,428,44954,0.214974,0.09,1,4625637,4625209,428
334303221,24.0771,24.7208,427,45001,0.24799,0.09,1,4625660,4625233,427
334306141,10.8308,11.0883,427,45048,0.261196,0.13,1,4625662,4625235,427
334309061,24.1323,23.6353,428,45095,0.290478,0.15,1,4625695,4625267,428
334408341,64.8877,20.9356,544,46658,0.777063,0.57,2,4626736,4626192,544
334411261,52.3551,65.3742,493,46703,0.808825,0.57,2,4626780,4626287,493
334414181,44.942,51.3497,491,46748,0.85753,0.61,2,4626820,4626329,491
334417101,30.5768,44.5399,472,46793,0.877012,0.61,2,4626841,4626369,472
334420021,33.2307,29.8159,487,46838,0.896805,0.63,2,4626876,4626389,487
334666761,334.546,346.294,506,23360,0.442,1,1,4629401,4628895,506
334669681,159.619,166.718,502,23451,0.2068,1,1,4629444,4628942,502
334675521,85.299,93.1548,498,23631,0.087088,0.73,1,4629588,4629090,498
334678441,85.7196,88.8619,498,23721,0.0768352,0.43,1,4629674,4629176,498
334681361,61.2878,82.3448,465,23810,0.0727341,0.29,1,4629719,4629254,465
334693041,37.113,48.1688,424,24164,0.223382,0.05,1,4629868,4629444,424
334695961,58.6452,63.6675,423,24252,0.215353,0.07,1,4629941,4629518,423
334707641,58.6933,56.3739,429,24599,0.201113,0.21,1,4630203,4629774,429
334713481,28.1109,28.0998,429,24771,0.215778,0.25,1,4630254,4629825,429
334716401,38.8444,37.0399,432,24857,0.212311,0.21,1,4630300,4629868,432
334719321,56.9377,58.616,428,24942,0.270924,0.15,1,4630369,4629941,428
334736841,28.3217,28.1108,431,25448,0.410302,0.23,1,4630685,4630254,431
334739761,38.9287,11.2443,477,25531,0.434121,0.21,1,4630731,4630254,477
334783561,29.2828,44.7843,465,26748,0.759827,0.51,2,4631572,4631107,465
334786481,41.1131,29.3137,495,26827,0.753931,0.51,2,4631621,4631126,495
334789401,62.6452,40.5255,524,26906,0.823572,0.53,2,4631698,4631174,524
334792321,26.2581,61.8102,450,26985,0.827429,0.63,2,4631700,4631250,450
334795241,53.1032,65.5241,453,27063,0.840972,0.63,2,4631771,4631318,453
334798161,78.8413,82.6096,455,27141,0.858389,0.71,2,4631867,4631412,455
334801081,59.7365,60.0439,457,27219,0.877355,0.73,2,4631914,4631457,457
334920801,46.6942,42.1947,500,30243,0.831606,1,2,4634002,4633502,500
334923721,42.0777,52.8779,479,30313,0.770643,1,2,4634041,4633562,479
334941241,44.8083,51.9711,469,30729,0.802558,0.96,2,4634353,4633884,469
334944161,37.7233,40.5885,469,30798,0.819023,0.94,2,4634386,4633917,469
334947081,30.0893,34.2354,464,30867,0.813609,0.75,2,4634411,4633947,464
334950001,39.0357,46.6942,454,30936,0.847444,0.73,2,4634456,4634002,454
334952921,39.0143,42.0777,454,31004,0.848978,0.65,2,4634495,4634041,454
334955841,48.0057,48.0311,456,31072,0.873591,0.65,2,4634549,4634093,456
334958761,42.0023,42.0124,456,31140,0.859436,0.71,2,4634587,4634131,456
334961681,80.4009,81.005,455,31208,0.865775,0.71,2,4634693,4634238,455
334964601,51.3604,52.802,453,31276,0.86831,0.71,2,4634725,4634272,453
334967521,43.9441,21.1208,492,31344,0.893324,0.75,2,4634764,4634272,492
335096001,42.2092,38.8137,493,34187,0.822986,1,2,4636761,4636268,493
335098921,37.8837,28.7255,506,34249,0.755194,1,2,4636796,4636290,506
335139801,297.169,349.478,441,14600,0.247292,0.09,1,4637326,4636885,441
335145641,147.627,175.197,469,15606,0.0959668,0.05,1,4637608,4637139,469
335148561,98.6508,118.679,454,15742,0.0923867,0.07,1,4637674,4637220,454
335151481,64.6603,91.2714,423,15877,0.0369547,0.05,1,4637716,4637293,423
335154401,45.0641,46.7086,438,16011,0.0207819,0.01,1,4637748,4637310,438
335157321,133.826,143.483,423,16144,0.0263127,0.09,1,4637941,4637518,423
335160241,106.93,111.393,422,16276,0.0525251,0.09,1,4638030,4637608,422
335163161,84.7721,84.1573,426,16406,0.05101,0,1,4638100,4637674,426
335166081,57.9088,58.8629,424,16535,0.026404,0.01,1,4638140,4637716,424
335169001,41.7635,42.7452,423,16663,0.0405616,0.01,1,4638171,4637748,423
335171921,131.305,17.0981,614,16790,0.0222246,0.03,1,4638362,4637748,614
335174841,107.722,122.639,513,16916,0.0508899,0.07,1,4638454,4637941,513
335177761,84.4889,102.456,493,17042,0.0503559,0.05,1,4638523,4638030,493
335180681,56.5955,82.9823,461,17167,0.0261424,0.01,1,4638561,4638100,461
335183601,41.8382,57.1929,453,17291,0.0404569,0.05,1,4638593,4638140,453
335186521,131.335,41.4772,613,17414,0.0341828,0.01,1,4638784,4638171,613
335189441,107.734,131.191,514,17536,0.0556731,0.07,1,4638876,4638362,514
335192361,85.0936,107.676,492,17657,0.0642692,0.05,1,4638946,4638454,492
335195281,56.8375,84.4705,461,17777,0.0797077,0.01,1,4638984,4638523,461
335198201,41.935,56.5882,455,17896,0.0978831,0.05,1,4639016,4638561,455
335204041,53.5096,131.334,424,18133,0.225661,0.07,1,4639208,4638784,424
335206961,77.2038,107.734,425,18250,0.264265,0.07,1,4639301,4638876,425
335218641,134.327,130.774,434,18711,0.435933,0.25,1,4639640,4639206,434
335221561,54.9307,53.5096,434,18824,0.432373,0.29,1,4639642,4639208,434
335258061,24.2341,55.0882,457,20239,0.753135,0.69,2,4640542,4640085,457
335260981,67.2937,81.4353,454,20344,0.799254,0.69,2,4640638,4640184,454
335263901,72.5175,76.9741,456,20448,0.805702,0.65,2,4640714,4640258,456
335266821,53.007,55.9896,454,20552,0.856281,0.65,2,4640754,4640300,454
335269741,42.2028,43.3959,454,20655,0.840512,0.77,2,4640789,4640335,454
335345661,55.9552,47.8971,539,23177,0.8596,1,2,4642617,4642078,539
335360261,80.9605,72.5481,555,23630,0.0641943,1,1,4642999,4642444,555
335363181,49.7842,78.2192,502,23720,0.0556777,0.99,1,4643028,4642526,502
335366101,49.3137,49.8877,520,23809,0.0522711,0.77,1,4643077,4642557,520
335369021,33.5255,55.9551,483,23898,0.0389084,0.65,1,4643100,4642617,483
335371941,33.2102,38.582,489,23987,0.0215634,0.57,1,4643133,4642644,489
335374861,14.4841,37.6328,454,24075,0.0386253,0.17,1,4643135,4642681,454
335383621,75.351,80.9605,423,24338,0.063192,0.05,1,4643422,4642999,423
335386541,48.7404,49.7842,425,24425,0.0672768,0.05,1,4643453,4643028,425
335389461,48.2962,49.3137,424,24512,0.0569107,0.03,1,4643501,4643077,424
335392381,32.5185,33.5255,423,24598,0.0407643,0.01,1,4643523,4643100,423
335395301,33.4074,33.2102,424,24684,0.0223057,0.05,1,4643557,4643133,424
335398221,14.563,14.4841,424,24770,0.0149223,0.17,1,4643559,4643135,424
335401141,115.625,113.194,428,24856,0.0599689,0.11,1,4643742,4643314,428
335406981,73.22,75.351,422,25026,0.082795,0.07,1,4643844,4643422,422
335409901,48.488,48.7404,423,25111,0.087118,0.05,1,4643876,4643453,423
335412821,47.5952,48.2962,422,25195,0.0888472,0.03,1,4643923,4643501,422
335418661,32.9352,33.4074,422,25363,0.0826156,0.01,1,4643979,4643557,422
335421581,14.3741,14.563,422,25447,0.0750462,0.01,1,4643981,4643559,422
335424501,118.55,5.82518,610,25530,0.0720185,0.09,1,4644169,4643559,610
335427421,58.2199,112.13,445,25613,0.0708074,0.13,1,4644187,4643742,445
335430341,70.6879,55.652,506,25696,0.070323,0.07,1,4644266,4643760,506
335450781,58.2114,118.547,442,26267,0.201103,0.07,1,4644611,4644169,442
335453701,70.6846,58.2189,503,26348,0.290441,0.07,1,4644690,4644187,503
335462461,33.4918,48.27,451,26588,0.449388,0.17,1,4644799,4644348,451
335509181,49.2885,48.96,452,27835,0.803231,0.65,2,4645622,4645170,452
335512101,50.9154,50.184,453,27911,0.819292,0.63,2,4645674,4645221,453
335515021,34.7662,34.4736,453,27987,0.825717,0.61,2,4645698,4645245,453
335517941,34.3065,34.7894,452,28063,0.828287,0.61,2,4645732,4645280,452
335520861,14.9226,15.1158,452,28138,0.829315,0.65,2,4645734,4645282,452
335523781,121.769,120.646,454,28213,0.829726,0.65,2,4645927,4645473,454
335526701,60.7076,60.2585,454,28288,0.82989,0.65,2,4645947,4645493,454
335529621,25.483,25.3034,454,28363,0.853956,0.65,2,4645949,4645495,454
335532541,64.1932,10.1214,544,28438,0.803582,0.79,2,4646039,4645495,544
335535461,52.0773,55.6485,502,28512,0.783433,0.85,2,4646083,4645581,502
335538381,51.4309,46.8594,512,28586,0.799373,0.83,2,4646134,4645622,512
335541301,34.9724,49.9438,484,28660,0.817749,0.83,2,4646158,4645674,484
335544221,35.5889,34.3775,496,28734,0.8251,0.83,2,4646194,4645698,496
335547141,15.4356,34.151,464,28808,0.82804,0.83,2,4646196,4645732,464
335661021,24.1585,31.5825,522,31545,0.886749,1,2,4648152,4647630,522
335672701,40.1273,47.2485,517,31813,0.437565,1,1,4648414,4647897,517
335681461,38.7601,45.9359,504,32012,0.260084,0.99,1,4648536,4648032,504
335684381,35.3041,39.9744,501,32078,0.218034,0.99,1,4648569,4648068,501
335687301,31.5216,36.9897,495,32144,0.201213,0.91,1,4648598,4648103,495
335690221,25.8086,33.3959,486,32210,0.206485,0.85,1,4648620,4648134,486
335693141,90.7235,24.1584,602,32276,0.208594,0.61,1,4648754,4648152,602
335696061,57.8894,100.863,486,32342,0.245438,0.59,1,4648790,4648304,486
335698981,42.3558,62.5453,481,32407,0.296175,0.47,1,4648822,4648341,481
335701901,36.1423,47.8181,475,32472,0.28047,0.37,1,4648854,4648379,475
335704821,31.8569,40.1273,469,32537,0.286188,0.33,1,4648883,4648414,469
335725261,90.1812,90.7235,432,32989,0.411889,0.27,1,4649186,4648754,432
335795341,43.6945,61.3732,482,34495,0.762681,0.61,2,4650153,4649671,482
335798261,40.2778,43.1493,489,34556,0.791073,0.65,2,4650191,4649702,489
335801181,32.3111,38.8597,480,34617,0.814429,0.67,2,4650218,4649738,480
335804101,46.5244,31.7439,509,34678,0.811772,0.69,2,4650274,4649765,509
335807021,36.6098,46.2976,483,34739,0.810709,0.69,2,4650304,4649821,483
335809941,34.4439,36.519,486,34800,0.822284,0.71,2,4650337,4649851,486
335812861,14.9776,33.8076,456,34861,0.826913,0.71,2,4650339,4649883,456
335815781,23.391,14.723,483,34922,0.840765,0.73,2,4650368,4649885,483
335818701,23.1564,22.6892,478,34983,0.858306,0.65,2,4650391,4649913,478
335947181,35.706,41.3637,513,37549,0.880624,1,2,4652246,4651733,513
335950101,33.4824,35.1455,514,37605,0.79025,1,2,4652278,4651764,514
335964701,48.4283,74.4085,514,37885,0.248659,1,1,4652486,4651972,514
335993901,26.065,24.3172,477,38439,0.217305,0.48,1,4652801,4652324,477
335996821,57.826,28.9269,524,38494,0.224922,0.25,1,4652880,4652356,524
335999741,44.1304,68.5708,464,38549,0.263969,0.17,1,4652915,4652451,464
336002661,36.2522,48.4283,460,38604,0.291588,0.13,1,4652946,4652486,460
336005581,15.7009,39.7713,428,38659,0.278635,0.13,1,4652948,4652520,428
336026021,24.0875,24.1563,431,39039,0.298293,0.21,1,4653183,4652752,431
336037701,44.863,44.1304,434,39255,0.414148,0.31,1,4653349,4652915,434
336040621,36.5452,36.2522,434,39309,0.447659,0.27,1,4653380,4652946,434
336128221,48.0944,27.8676,508,40891,0.756436,0.59,2,4654407,4653899,508
336131141,37.2378,45.947,480,40943,0.776574,0.59,2,4654437,4653957,480
336134061,31.6951,36.3788,478,40995,0.79663,0.57,2,4654465,4653987,478
336136981,30.678,30.7515,481,41046,0.828652,0.61,2,4654495,4654014,481
336139901,27.2712,30.3006,476,41097,0.853461,0.63,2,4654520,4654044,476
336142821,25.3085,25.9202,477,41148,0.839384,0.63,2,4654544,4654067,477
336145741,29.3234,25.3681,484,41199,0.869754,0.67,2,4654576,4654092,484
336355981,132.443,148.84,496,20647,0.22072,0.77,1,4657184,4656688,496
336373501,91.6465,108.68,428,21256,0.220128,0.15,1,4657539,4657111,428
336376421,81.6586,87.272,430,21356,0.250051,0.17,1,4657614,4657184,430
336379341,59.0634,61.9088,429,21455,0.29802,0.17,1,4657658,4657229,429
336393941,93.9437,91.4615,435,21945,0.404361,0.27,1,4657974,4657539,435
336437741,86.5182,97.1657,530,23352,0.772989,0.63,2,4658947,4658417,530
336440661,63.4073,85.6663,500,23443,0.807196,0.65,2,4658995,4658495,500
336443581,68.5629,62.4665,525,23533,0.844878,0.71,2,4659067,4658542,525
336446501,64.0252,66.3866,517,23623,0.895951,0.73,2,4659128,4658611,517
337121021,38.1505,38.7903,488,39200,0.869632,1,2,4670030,4669542,488
337123941,36.2602,36.5161,488,39254,0.779853,1,2,4670065,4669577,488
337135621,31.4611,38.2644,491,39470,0.4451,1,1,4670205,4669714,491
337141461,40.3138,43.8023,481,39577,0.245216,1,1,4670295,4669814,481
337147301,37.8902,37.1284,491,39683,0.0836346,1,1,4670375,4669884,491
337150221,35.5561,35.8513,490,39736,0.0394538,0.95,1,4670409,4669919,490
337153141,31.0224,35.9405,482,39789,0.0337815,0.88,1,4670437,4669955,482
337156061,28.609,35.3762,474,39842,0.0435126,0.84,1,4670464,4669990,474
337158981,30.6436,38.1505,466,39895,0.047405,0.72,1,4670496,4670030,466
337161901,29.6574,36.2602,460,39948,0.036962,0.69,1,4670525,4670065,460
337164821,30.463,36.7041,454,40001,0.0207848,0.59,1,4670556,4670102,454
337167741,32.5852,36.8816,451,40054,0.0503139,0.45,1,4670590,4670139,451
337170661,33.4341,38.1527,446,40107,0.0741256,0.45,1,4670624,4670178,446
337173581,25.9736,15.2611,467,40160,0.0836502,0.39,1,4670645,4670178,467
337176501,33.1895,22.3044,478,40213,0.0754601,0.25,1,4670683,4670205,478
337179421,36.6758,40.1218,465,40266,0.072184,0.19,1,4670722,4670257,465
337182341,41.0703,38.8487,471,40318,0.0348736,0.11,1,4670766,4670295,471
337185261,34.4281,43.1395,455,40370,0.0439494,0.03,1,4670796,4670341,455
337188181,35.3712,37.6558,457,40422,0.0355798,0.01,1,4670832,4670375,457
337191101,30.9485,35.4623,451,40474,0.0562319,0.03,1,4670860,4670409,451
337194021,27.3794,30.9849,448,40526,0.0524928,0.05,1,4670885,4670437,448
337196941,30.7518,28.594,454,40578,0.0269971,0.05,1,4670918,4670464,454
337199861,29.1007,30.6376,450,40630,0.0767988,0.03,1,4670946,4670496,450
337202781,30.8403,29.655,453,40682,0.0847195,0.01,1,4670978,4670525,453
337217381,35.1724,33.1894,460,40942,0.222464,0.07,1,4671143,4670683,460
337220301,42.269,36.6758,468,40994,0.226986,0.01,1,4671190,4670722,468
337223221,33.1076,41.0703,451,41045,0.240794,0.05,1,4671217,4670766,451
337226141,35.443,34.4281,458,41096,0.282318,0.03,1,4671254,4670796,458
337229061,30.9772,35.3712,450,41147,0.250927,0.07,1,4671282,4670832,450
337231981,26.7909,30.9485,446,41198,0.214371,0.05,1,4671306,4670860,446
337264101,32.7513,33.1076,434,41759,0.225818,0.31,1,4671651,4671217,434
337267021,35.9005,35.443,435,41810,0.264327,0.23,1,4671689,4671254,435
337269941,28.7602,30.9772,431,41860,0.267731,0.19,1,4671713,4671282,431
337272861,24.7041,26.7909,429,41910,0.269092,0.13,1,4671735,4671306,429
337290381,28.8693,28.0258,431,42210,0.298263,0.19,1,4671931,4671500,431
337304981,33.7631,32.7513,432,42460,0.426942,0.29,1,4672083,4671651,432
337386741,35.8226,44.4675,482,43830,0.78346,0.67,2,4672978,4672496,482
337389661,38.329,34.587,494,43878,0.799384,0.63,2,4673018,4672524,494
337392581,31.5316,39.0348,479,43926,0.817754,0.63,2,4673045,4672566,479
337395501,25.8126,31.8139,474,43974,0.837101,0.63,2,4673067,4672593,474
337398421,29.5251,25.9256,484,44022,0.844841,0.61,2,4673099,4672615,484
337401341,31.01,30.1702,483,44070,0.859936,0.61,2,4673131,4672648,483
337404261,30.404,31.2681,481,44118,0.865974,0.61,2,4673161,4672680,481
337407181,34.9616,30.5072,489,44166,0.88039,0.59,2,4673199,4672710,489
337620341,185.958,179.951,505,21997,0.221151,0.76,1,4675560,4675055,505
337629101,83.4693,98.6848,464,22285,0.208314,0.45,1,4675770,4675306,464
337634941,40.5951,64.7496,432,22475,0.22413,0.21,1,4675852,4675420,432
337637861,33.038,33.0998,448,22569,0.239652,0.15,1,4675880,4675432,448
337640781,75.0152,34.2399,516,22663,0.281861,0.05,1,4675983,4675467,516
337643701,69.6061,69.496,489,22757,0.298744,0.11,1,4676049,4675560,489
337690421,63.2773,69.7883,447,24205,0.762394,0.51,2,4677002,4676555,447
337693341,76.3109,78.9153,447,24293,0.790958,0.53,2,4677087,4676640,447
337696261,67.7244,68.1661,448,24380,0.826383,0.53,2,4677149,4676701,448
337699181,39.0897,39.2664,448,24467,0.840553,0.55,2,4677169,4676721,448
337702101,34.2359,33.7066,449,24554,0.846221,0.65,2,4677200,4676751,449
337705021,83.2944,80.0826,454,24640,0.800489,0.65,2,4677316,4676862,454
337707941,34.5177,33.2331,454,24726,0.782195,0.73,2,4677318,4676864,454
337710861,56.4071,54.6932,456,24812,0.822878,0.81,2,4677389,4676933,456
337713781,66.3628,63.2773,460,24897,0.887151,0.81,2,4677462,4677002,460
337827661,78.8296,84.5505,483,28025,0.837616,1,2,4679695,4679212,483
337833501,51.6127,45.3281,495,28176,0.432819,1,1,4679781,4679286,495
337836421,45.2451,56.5312,472,28251,0.275127,1,1,4679822,4679350,472
337842261,54.6392,58.845,483,28401,0.0740204,1,1,4679937,4679454,483
337845181,62.0557,23.538,550,28476,0.0596082,0.99,1,4680004,4679454,550
337848101,40.4223,50.2152,508,28550,0.0418433,1,1,4680030,4679522,508
337851021,36.5689,39.2861,510,28624,0.0347373,1,1,4680064,4679554,510
337853941,65.6276,37.3144,559,28698,0.0438949,0.73,1,4680149,4679590,559
337856861,43.051,77.9258,482,28772,0.023558,0.57,1,4680177,4679695,482
337859781,38.8204,52.1703,483,28846,0.0394232,0.27,1,4680213,4679730,483
337862701,38.3282,51.4681,470,28919,0.0577693,0.17,1,4680251,4679781,470
337865621,48.9313,45.1872,485,28992,0.0531077,0,1,4680307,4679822,485
337868541,51.3725,54.0749,478,29065,0.0392431,0.05,1,4680360,4679882,478
337871461,59.549,54.63,488,29138,0.0216972,0.05,1,4680425,4679937,488
337874381,39.4196,62.052,447,29211,0.0746789,0.03,1,4680451,4680004,447
337877301,36.1678,40.4208,455,29283,0.0958716,0.03,1,4680485,4680030,455
337880221,66.0671,36.5683,507,29355,0.0563486,0.05,1,4680571,4680064,507
337883141,43.8269,65.6273,451,29427,0.0405395,0.01,1,4680600,4680149,451
337886061,38.5307,43.0509,458,29499,0.0822158,0.05,1,4680635,4680177,458
337888981,38.8123,38.8204,461,29571,0.0628863,0.07,1,4680674,4680213,461
337891901,49.7249,38.3281,480,29643,0.0431545,0.05,1,4680731,4680251,480
337894821,50.49,48.9313,475,29714,0.0472618,0.03,1,4680782,4680307,475
337897741,60.396,51.3725,489,29785,0.0369047,0.01,1,4680849,4680360,489
337900661,25.3584,59.549,426,29856,0.0327619,0.11,1,4680851,4680425,426
337903581,26.9434,39.4196,428,29927,0.0791048,0.11,1,4680879,4680451,428
337926941,60.5104,60.396,424,30489,0.0745651,0.03,1,4681273,4680849,424
337929861,25.4041,25.3584,424,30558,0.047826,0.11,1,4681275,4680851,424
337932781,28.7617,26.9434,427,30627,0.0491304,0.15,1,4681306,4680879,427
337935701,30.1047,28.7773,428,30696,0.0496522,0.19,1,4681337,4680909,428
337938621,64.8419,63.7109,429,30765,0.0978609,0.17,1,4681425,4680996,429
337982421,49.6191,49.0325,478,31781,0.227594,0.21,1,4682063,4681585,478
337985341,55.8477,48.413,490,31848,0.241038,0.19,1,4682123,4681633,490
337988261,23.5391,56.5652,430,31914,0.246415,0.19,1,4682125,4681695,430
337991181,28.0156,23.8261,459,31980,0.272566,0.15,1,4682156,4681697,459
337994101,29.8062,28.1304,459,32046,0.295026,0.17,1,4682187,4681728,459
338043741,51.0446,50.9184,449,33150,0.779764,0.55,2,4682945,4682496,449
338046661,57.0178,56.9674,449,33214,0.785906,0.55,2,4683006,4682557,449
338049581,24.0071,23.9869,449,33278,0.788362,0.55,2,4683008,4682559,449
338052501,28.8029,28.7948,449,33342,0.813345,0.57,2,4683040,4682591,449
338055421,31.9211,31.3179,450,33405,0.799338,0.61,2,4683074,4682624,450
338058341,70.9685,69.5272,452,33468,0.805735,0.61,2,4683171,4682719,452
338061261,29.5874,29.0109,452,33531,0.784294,0.63,2,4683173,4682721,452
338064181,31.635,30.8043,453,33594,0.787718,0.65,2,4683206,4682753,453
338067101,37.854,36.3217,455,33657,0.801087,0.71,2,4683248,4682793,455
338070021,40.3416,38.5287,457,33720,0.794435,0.77,2,4683290,4682833,457
338072941,55.7366,52.6115,461,33783,0.815774,0.81,2,4683356,4682895,461
338075861,52.8947,51.0446,462,33846,0.87231,0.79,2,4683407,4682945,462
338213101,63.2334,59.9535,491,36665,0.82264,1,2,4685376,4684885,491
338283181,57.1272,40.8132,519,38024,0.845258,0.63,2,4686286,4685767,519
338286101,41.4509,56.5253,483,38080,0.884103,0.65,2,4686317,4685834,483
338289021,32.1804,40.6101,479,38135,0.875641,0.63,2,4686343,4685864,479
338519701,36.1328,35.8245,491,42285,0.885942,1,2,4689204,4688713,491
338522621,34.2531,30.5298,497,42335,0.882377,1,2,4689237,4688740,497
338528461,37.0405,44.4848,486,42435,0.89238,1,2,4689310,4688824,486
338531381,41.2162,38.7939,495,42485,0.854952,1,2,4689354,4688859,495
338534301,35.0865,34.7176,494,42535,0.851981,1,2,4689385,4688891,494
338537221,30.8346,33.687,489,42585,0.862792,1,2,4689413,4688924,489
338540141,32.1338,34.4748,487,42635,0.819117,1,2,4689446,4688959,487
338543061,31.4535,29.9899,491,42684,0.801647,1,2,4689477,4688986,491
338569341,38.0695,25.8805,506,43125,0.420769,0.86,1,4689777,4689271,506
338610221,34.9986,32.1738,481,43805,0.401215,0.37,1,4690216,4689735,481
338662781,30.1257,29.0239,451,44664,0.763086,0.61,2,4690769,4690318,451
338665701,28.2503,27.2096,452,44711,0.779234,0.61,2,4690796,4690344,452
338668621,28.7001,27.6838,453,44758,0.797694,0.63,2,4690825,4690372,453
338671541,28.28,27.8735,453,44805,0.805077,0.63,2,4690853,4690400,453
338674461,35.312,35.1494,453,44852,0.808031,0.63,2,4690893,4690440,453
338677381,35.7248,35.6598,453,44899,0.845212,0.63,2,4690929,4690476,453
338680301,33.4899,33.4639,453,44946,0.836085,0.63,2,4690961,4690508,453
338683221,24.796,24.7856,453,44993,0.844434,0.67,2,4690980,4690527,453
338686141,31.5184,30.3142,455,45040,0.859774,0.67,2,4691016,4690561,455
338691981,28.0829,28.4903,454,45134,0.894764,0.69,2,4691070,4690616,454
338896381,38.2652,31.652,505,48295,0.80584,1,2,4693256,4692751,505
338908061,28.1332,24.8967,499,48471,0.242437,1,1,4693377,4692878,499
338910981,29.2533,32.1587,492,48514,0.096975,1,1,4693407,4692915,492
338913901,32.1013,33.8635,491,48557,0.06879,1,1,4693441,4692950,491
338916821,31.4405,30.9454,493,48600,0.027516,1,1,4693472,4692979,493
338919741,30.5762,27.9782,497,48643,0.0170064,1,1,4693502,4693005,497
338922661,26.0305,29.7913,489,48686,0.0368026,1,1,4693525,4693036,489
338925581,26.0122,28.1165,488,48729,0.020721,1,1,4693551,4693063,488
338928501,28.4049,31.6466,484,48772,0.0262884,1,1,4693581,4693097,484
338931421,29.962,31.8586,483,48815,0.0165154,1,1,4693612,4693129,483
338934341,26.3848,30.1435,478,48858,0.0726061,1,1,4693636,4693158,478
338937261,20.7539,12.0574,495,48901,0.0710425,0.89,1,4693653,4693158,495
338940181,20.9016,20.423,490,48944,0.070417,0.91,1,4693674,4693184,490
338943101,28.1606,23.7692,497,48987,0.0341668,0.73,1,4693707,4693210,497
338946021,30.4643,37.1077,483,49030,0.0556667,0.57,1,4693739,4693256,483
338948941,23.5857,38.2431,463,49073,0.0522667,0.47,1,4693758,4693295,463
338951861,22.6343,30.8972,459,49116,0.0749067,0.27,1,4693780,4693321,459
338954781,24.6537,29.7589,456,49159,0.0719627,0.15,1,4693806,4693350,456
338957701,24.2615,28.1036,453,49202,0.0707851,0,1,4693830,4693377,453
338960621,29.5046,29.2414,456,49245,0.046314,0.05,1,4693863,4693407,456
338963541,31.0018,32.0966,454,49288,0.0185256,0,1,4693895,4693441,454
338966461,30.4007,31.4386,453,49331,0.0254102,0.01,1,4693925,4693472,453
338969381,25.3603,30.5755,445,49374,0.0161641,0.05,1,4693947,4693502,445
338972301,25.1441,26.0302,447,49417,0.0124656,0.01,1,4693972,4693525,447
338975221,29.2576,26.0121,453,49460,0.0469863,0.03,1,4694004,4693551,453
338978141,29.7031,28.4048,453,49503,0.0487945,0.01,1,4694034,4693581,453
338981061,27.4812,29.9619,448,49546,0.0615178,0.11,1,4694060,4693612,448
338983981,20.5925,26.3848,440,49589,0.0666071,0.07,1,4694076,4693636,440
338986901,20.237,20.7539,443,49631,0.0686428,0.07,1,4694096,4693653,443
338989821,29.0948,20.9016,457,49673,0.0454571,0.01,1,4694131,4693674,457
338992741,30.2379,28.1606,455,49715,0.0241829,0.07,1,4694162,4693707,455
338995661,23.4952,30.4643,442,49757,0.0396731,0.05,1,4694181,4693739,442
338998581,22.5981,23.5857,445,49799,0.0698693,0.09,1,4694203,4693758,445
339010261,30.7513,29.5046,453,49967,0.0699007,0,1,4694316,4693863,453
339013181,30.3005,31.0018,451,50009,0.0339603,0.03,1,4694346,4693895,451
339016101,25.3202,30.4007,443,50051,0.0315841,0.01,1,4694368,4693925,443
339019021,25.7281,25.3603,447,50093,0.0426336,0.01,1,4694394,4693947,447
339021941,29.4912,25.1441,454,50135,0.0350535,0.07,1,4694426,4693972,454
339024861,30.9965,29.2576,454,50177,0.0200214,0.05,1,4694458,4694004,454
339027781,26.7986,29.7031,448,50219,0.0140086,0.07,1,4694482,4694034,448
339030701,21.5194,27.4812,440,50261,0.0356034,0.07,1,4694500,4694060,440
339033621,19.4078,20.5925,442,50303,0.0442414,0.07,1,4694518,4694076,442
339036541,8.96311,20.237,424,50345,0.0596966,0.03,1,4694520,4694096,424
339039461,23.9852,29.0948,423,50387,0.0778786,0.01,1,4694554,4694131,423
339056981,27.0591,28.8783,426,50639,0.211913,0.01,1,4694710,4694284,426
339059901,28.2236,30.7513,423,50681,0.210765,0.01,1,4694739,4694316,423
339065741,24.9158,25.3202,423,50765,0.0517224,0.05,1,4694791,4694368,423
339068661,24.9663,25.7281,422,50806,0.038689,0.03,1,4694816,4694394,422
339071581,29.7865,29.4912,423,50847,0.0214756,0.01,1,4694849,4694426,423
339074501,31.7146,30.9965,424,50888,0.0145902,0.01,1,4694882,4694458,424
339077421,26.4858,26.7986,423,50929,0.0118361,0.05,1,4694905,4694482,423
339080341,21.9943,21.5194,424,50970,0.0107344,0.05,1,4694924,4694500,424
339083261,20.1977,19.4078,425,51011,0.0222938,0.07,1,4694943,4694518,425
339086181,9.27909,8.96311,425,51052,0.0269175,0.09,1,4694945,4694520,425
339089101,24.7116,23.9852,426,51093,0.040767,0.15,1,4694980,4694554,426
339092021,30.2847,29.3941,427,51134,0.0703068,0.15,1,4695014,4694587,427
339097861,25.0055,23.4231,430,51216,0.0724491,0.19,1,4695059,4694629,430
339100781,27.4022,27.3692,429,51257,0.0469796,0.19,1,4695088,4694659,429
339103701,25.3609,24.1477,431,51298,0.0607919,0.23,1,4695112,4694681,431
339106621,28.7444,27.0591,433,51339,0.0423167,0.21,1,4695143,4694710,433
339109541,25.8977,28.2236,428,51380,0.0829267,0.05,1,4695167,4694739,428
339112461,24.7591,29.2895,422,51421,0.0991707,0.01,1,4695191,4694769,422
339115381,23.1036,24.9158,422,51462,0.0936683,0.03,1,4695213,4694791,422
339118301,24.2415,24.9663,422,51503,0.0674673,0.01,1,4695238,4694816,422
339121221,29.4966,29.7865,422,51544,0.0569869,0.01,1,4695271,4694849,422
339124141,31.5986,31.7146,422,51585,0.0227948,0.01,1,4695304,4694882,422
339127061,26.4395,26.4858,422,51626,0.0511179,0.01,1,4695327,4694905,422
339129981,21.9758,21.9943,422,51667,0.0384472,0.03,1,4695346,4694924,422
339132901,20.7903,20.1977,423,51708,0.0333789,0.03,1,4695366,4694943,423
339135821,9.51612,9.27909,423,51749,0.0553515,0.05,1,4695368,4694945,423
339138741,26.0065,24.7116,425,51790,0.0641406,0.05,1,4695405,4694980,425
339141661,30.8026,9.88465,459,51831,0.0796563,0.09,1,4695439,4694980,459
339144581,23.721,24.3539,444,51872,0.0738625,0.13,1,4695458,4695014,444
339147501,23.8884,21.1415,449,51913,0.071545,0.05,1,4695482,4695033,449
339150421,26.3554,24.0566,451,51954,0.070618,0.03,1,4695510,4695059,451
339162101,24.5547,25.8734,447,52115,0.0985278,0.11,1,4695614,4695167,447
339173781,31.5166,29.496,454,52275,0.0771623,0,1,4695725,4695271,454
339176701,27.6066,31.5984,446,52315,0.0728649,0.07,1,4695750,4695304,446
339179621,21.8427,26.4394,441,52355,0.047146,0.03,1,4695768,4695327,441
339182541,20.7371,21.9757,442,52395,0.0368584,0.03,1,4695788,4695346,442
339185461,9.49482,20.7903,424,52435,0.0327434,0.07,1,4695790,4695366,424
339188381,27.1979,9.51612,461,52475,0.0310973,0.07,1,4695829,4695368,461
339191301,31.8792,26.0064,459,52515,0.0184389,0.09,1,4695864,4695405,459
339194221,23.5517,30.8026,443,52555,0.0253756,0.07,1,4695882,4695439,443
339197141,23.8207,23.721,448,52595,0.0401502,0.07,1,4695906,4695458,448
339200061,26.3283,23.8884,452,52635,0.0580601,0.07,1,4695934,4695482,452
339211741,25.0868,26.8867,450,52795,0.207166,0.09,1,4696041,4695591,450
339214661,22.6347,24.5547,448,52835,0.232867,0.15,1,4696062,4695614,448
339217581,22.2539,21.8219,450,52875,0.255147,0.13,1,4696084,4695634,450
339220501,29.3016,23.7288,459,52915,0.276059,0.11,1,4696118,4695659,459
339223421,29.7206,29.2915,456,52955,0.296423,0.05,1,4696148,4695692,456
339258461,30.5598,29.2925,430,53432,0.43259,0.19,1,4696422,4695992,430
339354821,18.8737,18.7334,452,54718,0.76613,0.61,2,4697222,4696770,452
339360661,29.1798,19.7973,485,54794,0.759781,0.67,2,4697283,4696798,485
339363581,30.8719,27.7189,484,54832,0.777912,0.59,2,4697315,4696831,484
339366501,29.7488,31.4876,479,54870,0.785165,0.61,2,4697344,4696865,479
339369421,28.6995,30.595,477,54908,0.824066,0.63,2,4697372,4696895,477
339372341,25.2798,27.838,474,54946,0.827626,0.65,2,4697395,4696921,474
339375261,23.3119,24.3352,474,54984,0.817051,0.63,2,4697417,4696943,474
339378181,31.5248,22.9341,489,55022,0.84882,0.67,2,4697454,4696965,489
339381101,32.4099,30.7736,486,55060,0.873528,0.65,2,4697487,4697001,486
339384021,27.964,31.5095,479,55098,0.871411,0.73,2,4697512,4697033,479
339386941,22.5856,27.0038,474,55136,0.858565,0.67,2,4697531,4697057,474
339389861,23.4342,22.2015,479,55174,0.853426,0.69,2,4697555,4697076,479
339392781,10.5737,23.2806,457,55212,0.85137,0.73,2,4697557,4697100,457
339395701,27.6295,10.5122,494,55250,0.838548,0.75,2,4697596,4697102,494
339398621,33.2518,27.0049,493,55288,0.821419,0.73,2,4697633,4697140,493
339401541,25.9007,32.402,478,55326,0.802568,0.73,2,4697654,4697176,478
339404461,11.5603,24.9608,460,55364,0.795027,0.73,2,4697656,4697196,460
339407381,19.0241,11.1843,482,55402,0.804011,0.79,2,4697680,4697198,482
339410301,25.6096,18.8737,488,55440,0.807604,0.73,2,4697710,4697222,488
339413221,29.4439,24.9495,491,55478,0.821042,0.77,2,4697742,4697251,491
339416141,32.1775,29.1798,493,55516,0.838417,0.79,2,4697776,4697283,493
339419061,29.671,30.8719,489,55554,0.845367,0.79,2,4697804,4697315,489
339421981,29.2684,29.7488,489,55592,0.872147,0.85,2,4697833,4697344,489
339424901,25.5074,28.6995,484,55630,0.870859,0.83,2,4697856,4697372,484
339623461,325.791,358.003,477,26280,0.442,1,1,4700036,4699559,477
339645361,62.8986,71.5362,452,26280,0.073168,0.43,1,4700216,4699764,452
339651201,50.3595,59.8145,442,26280,0.0472672,0.29,1,4700258,4699816,442
339677481,42.3438,52.1258,432,27010,0.0369069,0.09,1,4700295,4699863,432
339680401,51.7375,53.8503,435,27088,0.0687627,0.05,1,4700353,4699918,435
339683321,43.495,43.7401,436,27166,0.0695051,0,1,4700391,4699955,436
339686241,36.598,34.8961,439,27244,0.057802,0.13,1,4700423,4699984,439
339689161,26.6392,27.1584,437,27322,0.0231208,0.07,1,4700443,4700006,437
339692081,56.2557,28.8634,483,27400,0.0392483,0.01,1,4700519,4700036,483
339695001,50.7023,63.1453,444,27477,0.0336993,0.05,1,4700566,4700122,444
339697921,53.8809,57.6581,446,27554,0.0194797,0.05,1,4700622,4700176,446
339700841,42.5524,47.0633,441,27631,0.0377919,0.03,1,4700657,4700216,441
339703761,53.0209,44.0253,459,27708,0.0811168,0.09,1,4700717,4700258,459
339706681,56.6084,74.6101,423,27784,0.0744467,0.07,1,4700776,4700353,423
339709601,46.0434,52.644,424,27860,0.0597787,0.05,1,4700815,4700391,424
339712521,37.6173,40.2576,424,27936,0.0659115,0,1,4700847,4700423,424
339715441,26.4469,28.103,423,28012,0.0443646,0.05,1,4700866,4700443,423
339718361,56.1788,56.8412,423,28088,0.0357458,0.03,1,4700942,4700519,423
339721281,51.8715,50.9365,425,28163,0.0202983,0.01,1,4700991,4700566,425
339724201,53.7486,53.9746,424,28238,0.0621193,0.05,1,4701046,4700622,424
339727121,42.4994,42.5898,424,28313,0.0548477,0.11,1,4701081,4700657,424
339730041,53.5998,53.0359,425,28388,0.0999391,0.11,1,4701142,4700717,425
339732961,54.4399,21.2144,480,28463,0.0939756,0.07,1,4701197,4700717,480
339738801,38.4704,40.9543,455,28611,0.0642361,0.07,1,4701270,4700815,455
339741721,25.5882,35.5817,440,28685,0.0556944,0.03,1,4701287,4700847,440
339744641,55.8353,25.6327,497,28759,0.0402778,0.03,1,4701363,4700866,497
339747561,51.7341,55.8531,470,28833,0.0461111,0.01,1,4701412,4700942,470
339750481,55.4936,51.7412,479,28906,0.0484444,0.09,1,4701470,4700991,479
339753401,42.5975,53.6965,458,28979,0.0613778,0.05,1,4701504,4701046,458
339756321,54.839,42.4786,486,29052,0.0665511,0.13,1,4701567,4701081,486
339759241,54.9356,53.5914,480,29125,0.0806204,0.09,1,4701622,4701142,480
339762161,45.3742,54.4366,464,29198,0.0982482,0.13,1,4701661,4701197,464
339768001,24.2999,38.4699,438,29343,0.0961197,0.05,1,4701708,4701270,438
339770921,55.92,25.5879,498,29415,0.0924479,0.03,1,4701785,4701287,498
339776761,56.3472,51.7341,482,29559,0.0951917,0.05,1,4701894,4701412,482
339779681,42.9389,55.4936,458,29631,0.0920767,0.07,1,4701928,4701470,458
339791361,19.6368,45.3742,428,29915,0.200837,0.11,1,4702089,4701661,428
339794281,25.2547,36.7497,426,29986,0.230335,0.09,1,4702118,4701692,426
339797201,18.5019,24.2999,424,30057,0.242134,0.09,1,4702132,4701708,424
339800121,54.2008,55.92,425,30127,0.258854,0.11,1,4702210,4701785,425
339803041,52.8803,52.368,427,30197,0.289541,0.09,1,4702262,4701835,427
339805961,55.9521,56.3472,426,30267,0.289817,0.09,1,4702320,4701894,426
339817641,48.05,46.0921,433,30546,0.401259,0.21,1,4702520,4702087,433
339820561,20.42,19.6368,433,30615,0.418504,0.25,1,4702522,4702089,433
339829321,55.9549,54.2008,435,30822,0.446544,0.31,1,4702645,4702210,435
339832241,53.582,52.8803,435,30891,0.448618,0.29,1,4702697,4702262,435
339893561,58.4497,53.7638,512,32299,0.77083,0.63,2,4703652,4703140,512
339896481,43.7799,57.5055,486,32364,0.806332,0.63,2,4703686,4703200,486
339899401,59.512,43.4022,522,32429,0.832533,0.63,2,4703756,4703234,522
339902321,61.0048,59.3609,514,32494,0.879013,0.65,2,4703818,4703304,514
340229361,35.494,36.4812,502,39109,0.875728,1,2,4708384,4707882,502
340232281,35.7976,37.9925,499,39163,0.776291,1,2,4708420,4707921,499
340334481,28.3185,36.0853,474,41009,0.7603,0.63,2,4709649,4709175,474
340337401,32.9274,28.8341,486,41060,0.77812,0.57,2,4709685,4709199,486
340340321,34.171,33.7336,484,41111,0.785248,0.55,2,4709720,4709236,484
340343241,32.8684,35.0935,480,41162,0.788099,0.61,2,4709752,4709272,480
340346161,29.9474,32.0374,478,41213,0.76524,0.57,2,4709780,4709302,478
340349081,33.5789,30.215,485,41264,0.768096,0.59,2,4709816,4709331,485
340352001,33.8316,34.286,482,41315,0.769238,0.57,2,4709850,4709368,482
340354921,27.9326,32.3144,475,41366,0.769695,0.61,2,4709874,4709399,475
340357841,36.9731,27.3258,494,41417,0.805878,0.61,2,4709917,4709423,494
340360761,37.5892,36.1303,490,41468,0.796351,0.63,2,4709955,4709465,490
340363681,37.2357,37.2521,489,41519,0.828541,0.63,2,4709992,4709503,489
340366601,16.0943,37.1008,454,41570,0.841416,0.69,2,4709994,4709540,454
340369521,43.6377,50.2403,457,41621,0.882567,0.75,2,4710056,4709599,457
340372441,34.8551,36.2961,459,41672,0.899027,0.79,2,4710085,4709626,459
340530121,30.3472,45.2694,501,44324,0.826536,1,2,4711918,4711417,501
340533041,32.5389,33.7078,509,44372,0.780614,1,2,4711952,4711443,509
340550561,15.5547,32.7068,490,44655,0.44124,1,1,4712122,4711632,490
340553481,29.0219,34.0827,493,44702,0.434496,1,1,4712160,4711667,493
340556401,30.8088,33.4331,492,44749,0.431798,1,1,4712192,4711700,492
340559321,26.1235,34.3732,480,44796,0.430719,0.91,1,4712215,4711735,480
340562241,36.8494,37.7493,484,44843,0.418288,1,1,4712259,4711775,484
340571001,42.1264,50.368,464,44984,0.40093,0.77,1,4712365,4711901,464
340573921,25.2505,30.3472,461,45031,0.418372,0.75,1,4712379,4711918,461
340576841,29.9002,32.5389,460,45078,0.413349,0.61,1,4712412,4711952,460
340582681,28.064,34.6062,445,45172,0.441736,0.57,1,4712467,4712022,445
340684881,28.9441,15.7622,493,46777,0.761819,0.71,2,4713504,4713011,493
340687801,33.1776,27.9049,493,46822,0.778728,0.73,2,4713540,4713047,493
340690721,26.471,32.162,480,46867,0.797491,0.75,2,4713562,4713082,480
340693641,35.7884,27.2648,498,46912,0.804996,0.71,2,4713604,4713106,498
340696561,34.7154,36.1059,490,46957,0.831999,0.71,2,4713638,4713148,490
340699481,27.0861,34.8424,478,47002,0.854799,0.69,2,4713660,4713182,478
340702401,43.2345,27.7369,509,47047,0.83992,0.71,2,4713714,4713205,509
340705321,26.8938,42.8948,472,47092,0.845968,0.71,2,4713730,4713258,472
340708241,29.9575,26.7579,488,47137,0.848387,0.69,2,4713762,4713274,488
340711161,30.583,30.5032,486,47182,0.873355,0.71,2,4713793,4713307,486
340714081,29.0332,30.2013,484,47227,0.895342,0.71,2,4713821,4713337,484
340880521,166.989,178.376,503,22724,0.8596,1,2,4715567,4715064,503
340900961,60.0955,35.3438,516,23369,0.445833,0.81,1,4716023,4715507,516
340933081,76.242,75.4499,449,24348,0.755878,0.57,2,4716705,4716256,449
340936001,53.8968,52.9799,450,24435,0.764351,0.57,2,4716744,4716294,450
340938921,68.3587,67.992,450,24522,0.77974,0.59,2,4716822,4716372,450
340941841,38.1435,38.5968,449,24608,0.785896,0.59,2,4716840,4716391,449
340944761,16.4574,16.6387,449,24694,0.788358,0.65,2,4716842,4716393,449
340947681,54.583,51.6555,454,24780,0.813343,0.67,2,4716922,4716468,454
340950601,72.8332,72.2622,453,24866,0.847337,0.69,2,4717007,4716554,453
340953521,74.1333,72.1049,456,24951,0.896935,0.81,2,4717082,4716626,456
341187121,75.6138,66.4649,498,31012,0.868,1,2,4721396,4720898,498
341190041,53.6455,54.786,490,31080,0.8092,1,2,4721435,4720945,490
341204641,43.9356,48.6512,516,31419,0.237755,1,1,4721644,4721128,516
341210481,36.6697,38.7442,512,31553,0.0608408,1,1,4721715,4721203,512
341213401,51.8679,34.6977,542,31620,0.0543363,1,1,4721777,4721235,542
341216321,70.5472,58.2791,551,31687,0.0517345,0.78,1,4721860,4721309,551
341219241,47.4189,75.5116,496,31754,0.0626938,0.77,1,4721892,4721396,496
341222161,37.5675,53.6047,488,31821,0.0430775,0.63,1,4721923,4721435,488
341225081,35.427,41.8419,488,31887,0.047231,0.53,1,4721957,4721469,488
341228001,32.1708,37.7367,483,31953,0.0248924,0.49,1,4721987,4721504,483
341230921,41.6683,39.0947,491,32019,0.063957,0.21,1,4722035,4721544,491
341233841,35.8673,52.8379,461,32085,0.0675828,0.17,1,4722067,4721606,461
341236761,34.7469,43.9352,457,32151,0.0690331,0.07,1,4722101,4721644,457
341239681,35.4988,39.1741,457,32217,0.0456132,0.01,1,4722137,4721680,457
341242601,51.9995,36.6696,485,32283,0.0362453,0.05,1,4722200,4721715,485
341245521,69.9998,51.8678,505,32349,0.0564981,0.05,1,4722282,4721777,505
341248441,47.7999,70.5471,455,32414,0.0285992,0.07,1,4722315,4721860,455
341251361,36.52,47.4189,452,32479,0.0534397,0.03,1,4722344,4721892,452
341254281,35.008,37.5675,455,32544,0.0273759,0.05,1,4722378,4721923,455
341257201,32.6032,35.427,452,32609,0.0169504,0.01,1,4722409,4721957,452
341260121,41.8413,32.1708,470,32674,0.0367801,0.09,1,4722457,4721987,470
341263041,35.9365,41.6683,454,32739,0.0207121,0.07,1,4722489,4722035,454
341265961,15.5746,35.8673,424,32804,0.0262848,0.07,1,4722491,4722067,424
341268881,26.0298,34.7469,423,32868,0.0405139,0.03,1,4722524,4722101,423
341271801,31.4119,35.4988,422,32932,0.0222056,0.03,1,4722559,4722137,422
341274721,50.9648,51.9995,423,32996,0.0628822,0.07,1,4722623,4722200,423
341277641,70.7859,69.9998,425,33060,0.0671529,0.01,1,4722707,4722282,425
341286401,35.6823,35.008,424,33252,0.0779778,0.01,1,4722802,4722378,424
341289321,32.2729,32.6032,423,33316,0.0611911,0.05,1,4722832,4722409,423
341292241,41.1092,41.8413,422,33379,0.0544764,0.01,1,4722879,4722457,422
341295161,36.2437,35.9365,423,33442,0.0517906,0.03,1,4722912,4722489,423
341298081,15.6975,15.5746,423,33505,0.0507162,0.05,1,4722914,4722491,423
341301001,25.479,26.0298,422,33568,0.0502865,0.01,1,4722946,4722524,422
341303921,31.1916,31.4119,422,33631,0.0621146,0.09,1,4722981,4722559,422
341306841,52.0766,50.9648,424,33694,0.0788458,0.07,1,4723047,4722623,424
341309761,72.4307,70.7859,426,33757,0.0735383,0.13,1,4723133,4722707,426
341312681,48.1723,47.5144,426,33820,0.0834153,0.13,1,4723165,4722739,426
341315601,35.4689,35.2057,426,33883,0.0993661,0.05,1,4723192,4722766,426
341318521,34.5876,35.6823,424,33945,0.0937465,0.05,1,4723226,4722802,424
341338961,52.7198,25.0766,489,34379,0.0980962,0.09,1,4723470,4722981,489
341341881,72.0879,49.6307,508,34441,0.0812385,0.07,1,4723555,4723047,508
341344801,48.6352,71.4523,455,34502,0.0624954,0.09,1,4723588,4723133,455
341347721,36.8541,47.7809,452,34563,0.0669982,0.11,1,4723617,4723165,452
341350641,35.1416,35.3124,459,34624,0.0567993,0.09,1,4723651,4723192,459
341353561,31.4567,34.5249,454,34685,0.0767197,0.11,1,4723680,4723226,454
341356481,41.3827,31.21,473,34746,0.0726879,0.13,1,4723728,4723255,473
341359401,34.5531,41.284,455,34807,0.0710752,0.11,1,4723758,4723303,455
341362321,15.0212,35.1136,426,34868,0.0704301,0.11,1,4723760,4723334,426
341365241,27.6085,15.2454,460,34929,0.082172,0.11,1,4723796,4723336,460
341368161,30.8434,26.4982,459,34990,0.0748688,0.11,1,4723829,4723370,459
341376921,47.67,72.0879,456,35170,0.209512,0.05,1,4724011,4723555,456
341379841,35.868,48.6352,451,35230,0.269805,0.07,1,4724039,4723588,451
341397361,28.226,15.0212,461,35589,0.417401,0.09,1,4724221,4723760,461
341400281,31.0904,27.6085,458,35648,0.436961,0.07,1,4724254,4723796,458
341403201,13.6362,30.8434,427,35707,0.444784,0.17,1,4724256,4723829,427
341406121,46.8545,51.9374,430,35766,0.423914,0.21,1,4724325,4723895,430
341409041,70.9418,71.1749,433,35825,0.439565,0.23,1,4724412,4723979,433
341411961,48.1767,47.67,434,35884,0.445826,0.31,1,4724445,4724011,434
341444081,71.1198,70.9418,443,36527,0.780623,0.45,2,4724855,4724412,443
341447001,48.8479,48.1767,444,36585,0.810249,0.51,2,4724889,4724445,444
341449921,39.9392,37.8707,447,36643,0.8461,0.51,2,4724923,4724476,447
341452841,37.5757,36.7483,447,36701,0.87244,0.53,2,4724959,4724512,447
341455761,34.2303,32.6993,449,36759,0.894976,0.63,2,4724991,4724542,449
341639721,33.5293,25.2589,532,40219,0.8488,1,2,4727385,4726853,532
341642641,37.4117,29.9035,539,40271,0.87352,1,2,4727425,4726886,539
341645561,33.5647,44.9614,515,40323,0.883408,1,2,4727456,4726941,515
341648481,35.6259,38.3846,518,40375,0.827363,1,2,4727493,4726975,518
341660161,30.8496,26.0338,529,40583,0.444492,1,1,4727619,4727090,529
341663081,66.9399,39.2135,572,40635,0.207797,1,1,4727710,4727138,572
341668921,35.1904,50.6742,504,40739,0.0704475,1,1,4727773,4727269,504
341671841,26.6761,41.2697,490,40791,0.070179,1,1,4727794,4727304,490
341674761,25.0705,24.3079,501,40843,0.0280716,0.92,1,4727818,4727317,501
341677681,30.4282,28.3231,504,40895,0.0112286,0.78,1,4727852,4727348,504
341680601,33.1713,33.5293,502,40947,0.0104915,0.89,1,4727887,4727385,502
341683521,31.2685,37.4117,492,40999,0.0341966,0.89,1,4727917,4727425,492
341686441,32.3074,33.5647,494,41050,0.0556786,0.79,1,4727950,4727456,494
341689361,30.323,35.6259,486,41101,0.0522715,0.63,1,4727979,4727493,486
341692281,28.9292,34.6503,480,41152,0.0509086,0.57,1,4728007,4727527,480
341695201,27.7717,33.0601,475,41203,0.0743634,0.51,1,4728034,4727559,475
341698121,26.1087,30.6241,471,41254,0.0957454,0.37,1,4728059,4727588,471
341703961,44.4974,66.9399,460,41356,0.0477193,0.03,1,4728170,4727710,460
341706881,33.399,48.9759,449,41407,0.0490877,0.05,1,4728196,4727747,449
341709801,25.9596,35.1904,444,41458,0.0856351,0.07,1,4728217,4727773,444
341712721,24.1838,26.6761,446,41509,0.088254,0,1,4728240,4727794,446
341718561,25.3494,30.4282,425,41611,0.0585206,0.01,1,4728277,4727852,425
341721481,30.5398,33.1713,424,41662,0.0414083,0.05,1,4728311,4727887,424
341724401,29.6159,31.2685,423,41713,0.0345633,0.07,1,4728340,4727917,423
341727321,31.6464,32.3074,423,41764,0.0558253,0.05,1,4728373,4727950,423
341730241,30.6585,30.323,424,41815,0.0883301,0.05,1,4728403,4727979,424
341733161,29.6634,28.9292,425,41865,0.0893321,0.09,1,4728432,4728007,425
341736081,28.6654,27.7717,426,41915,0.0657328,0.11,1,4728460,4728034,426
341739001,26.4661,26.1087,426,41965,0.0922931,0.11,1,4728485,4728059,426
341750681,26.7415,25.9596,427,42165,0.0990827,0.09,1,4728644,4728217,427
341788641,32.9589,33.8538,425,42812,0.0880774,0.09,1,4729047,4728622,425
341791561,26.9836,26.7415,426,42861,0.077231,0.11,1,4729070,4728644,426
341794481,23.9934,23.2966,427,42910,0.0728924,0.11,1,4729092,4728665,427
341797401,10.7974,10.5186,427,42959,0.071157,0.15,1,4729094,4728667,427
341826601,42.94,54.4836,460,43449,0.209215,0.11,1,4729445,4728985,460
341829521,32.776,43.3935,450,43498,0.221686,0.07,1,4729471,4729021,450
341832441,26.9104,32.9574,447,43547,0.250674,0.07,1,4729494,4729047,447
341835361,23.9642,26.983,446,43595,0.26227,0.07,1,4729516,4729070,446
341838281,10.7857,23.9932,426,43643,0.266908,0.07,1,4729518,4729092,426
341841201,27.1143,10.7973,462,43691,0.268763,0.13,1,4729556,4729094,462
341844121,28.8457,25.9189,456,43739,0.293505,0.11,1,4729586,4729130,456
341858721,27.9837,31.4702,453,43979,0.403162,0.13,1,4729739,4729286,453
341861641,26.7935,28.1881,453,44027,0.419265,0.13,1,4729765,4729312,453
341925881,27.2968,27.2069,451,45069,0.75952,0.57,2,4730441,4729990,451
341931721,31.8475,31.4731,451,45163,0.782723,0.59,2,4730506,4730055,451
341934641,13.939,13.7892,451,45210,0.775089,0.67,2,4730508,4730057,451
341937561,26.5756,26.5157,451,45257,0.784036,0.65,2,4730543,4730092,451
341940481,30.4302,29.8063,452,45304,0.823614,0.65,2,4730576,4730124,452
341943401,30.1721,29.9225,452,45351,0.851446,0.63,2,4730606,4730154,452
341946321,28.8688,28.169,453,45398,0.886578,0.69,2,4730634,4730181,453
341960921,29.9577,29.7624,457,45628,0.897031,0.75,2,4730836,4730379,457
341987201,31.8353,24.0521,495,46042,0.898196,0.87,2,4731071,4730576,495
342136121,42.3605,45.7967,484,48323,0.84952,1,2,4732683,4732199,484
342139041,34.3442,32.1187,490,48367,0.825808,1,2,4732712,4732222,490
342141961,32.3377,36.2475,482,48411,0.792323,1,2,4732743,4732261,482
342153641,29.1478,27.2367,498,48584,0.429195,1,1,4732864,4732366,498
342156561,19.4591,28.2947,482,48627,0.405678,1,1,4732877,4732395,482
342162401,25.0735,23.9672,488,48713,0.265308,1,1,4732931,4732443,488
342165321,25.0294,26.9869,484,48756,0.208123,1,1,4732956,4732472,484
342174081,21.4979,9.98316,498,48885,0.0788399,1,1,4733020,4732522,498
342177001,24.7992,18.3933,501,48928,0.037536,0.87,1,4733047,4732546,501
342179921,51.3197,25.3573,540,48971,0.0330144,0.95,1,4733116,4732576,540
342182841,37.9279,53.9429,496,49014,0.0132058,0.79,1,4733145,4732649,496
342185761,31.9711,41.9772,490,49057,0.0352823,0.81,1,4733173,4732683,490
342188681,27.7885,34.1909,486,49100,0.0441129,0.77,1,4733198,4732712,486
342191601,28.5154,32.2763,484,49143,0.0476452,0.63,1,4733227,4732743,484
342194521,25.8062,33.9105,473,49186,0.0250581,0.57,1,4733251,4732778,473
342197441,25.9225,29.1642,473,49229,0.0520232,0.45,1,4733277,4732804,473
342200361,25.369,30.8657,466,49272,0.0628093,0.37,1,4733302,4732836,466
342203281,17.3476,29.1463,450,49315,0.0671237,0.39,1,4733314,4732864,450
342226641,51.2911,24.7992,491,49657,0.0986245,0.03,1,4733538,4733047,491
342229561,37.3165,51.3197,450,49699,0.0574498,0,1,4733566,4733116,450
342232481,34.1266,37.9279,453,49741,0.0649799,0.05,1,4733598,4733145,453
342235401,28.0506,31.9711,449,49783,0.043992,0.05,1,4733622,4733173,449
342238321,28.0203,27.7885,452,49825,0.0715968,0.05,1,4733650,4733198,452
342264601,19.6595,18.1225,448,50203,0.20059,0.13,1,4733850,4733402,448
342276281,43.1705,51.2911,423,50371,0.218783,0.03,1,4733961,4733538,423
342279201,33.4682,37.3165,422,50413,0.225513,0.07,1,4733988,4733566,422
342282121,34.3873,34.1266,425,50455,0.240205,0.03,1,4734023,4733598,425
342285041,28.7549,28.0506,426,50497,0.246082,0.09,1,4734048,4733622,426
342287961,28.302,28.0203,426,50539,0.284433,0.13,1,4734076,4733650,426
342314241,19.1249,19.6595,430,50914,0.404906,0.17,1,4734280,4733850,430
342317161,18.45,18.6638,430,50955,0.407962,0.17,1,4734298,4733868,430
342320081,22.98,23.0655,430,50996,0.409185,0.17,1,4734324,4733894,430
342323001,10.392,10.4262,430,51037,0.433674,0.25,1,4734326,4733896,430
342436881,29.7129,32.3256,480,52621,0.764125,0.63,2,4735412,4734932,480
342439801,28.6852,29.7302,480,52661,0.77965,0.61,2,4735440,4734960,480
342442721,31.2741,29.2921,484,52701,0.77386,0.63,2,4735473,4734989,484
342445641,28.1096,30.9168,478,52741,0.771544,0.63,2,4735499,4735021,478
342448561,17.2439,27.9667,462,52781,0.806618,0.63,2,4735509,4735047,462
342451481,27.2975,17.1867,486,52821,0.832647,0.65,2,4735543,4735057,486
342454401,25.319,27.8747,475,52861,0.855059,0.61,2,4735567,4735092,475
342457321,24.5276,25.5499,475,52901,0.864024,0.61,2,4735591,4735116,475
342460241,18.811,24.6199,466,52941,0.879609,0.61,2,4735606,4735140,466
342463161,19.5244,18.248,472,52981,0.885844,0.63,2,4735626,4735154,472
342699681,62.8863,52.3484,510,26368,0.800198,0.61,2,4738124,4737614,510
342702601,65.3545,57.5394,516,26448,0.842079,0.59,2,4738191,4737675,516
342705521,64.5418,62.6157,514,26528,0.858832,0.55,2,4738255,4737741,514
342708441,51.6167,63.4463,493,26608,0.877533,0.55,2,4738298,4737805,493
342711361,56.0467,51.1785,509,26688,0.897013,0.59,2,4738357,4737848,509
342828161,42.6256,27.4786,546,29696,0.862,1,2,4740417,4739871,546
342831081,46.4502,51.7915,527,29767,0.7588,1,2,4740466,4739939,527
342904081,45.369,54.7364,484,31496,0.750772,0.61,2,4741611,4741127,484
342907001,50.5476,41.6946,505,31563,0.798309,0.61,2,4741665,4741160,505
342909921,46.619,49.0778,495,31630,0.817324,0.67,2,4741709,4741214,495
342912841,39.0476,44.8311,487,31697,0.800929,0.67,2,4741743,4741256,487
342915761,34.819,38.9325,484,31764,0.806372,0.67,2,4741775,4741291,484
342918681,41.5276,34.773,498,31831,0.808549,0.61,2,4741821,4741323,498
342921601,60.411,42.1092,524,31897,0.857419,0.71,2,4741894,4741370,524
342924521,43.3644,58.8437,486,31963,0.888968,0.73,2,4741926,4741440,486
343304121,42.9161,47.4193,488,39643,0.85288,1,2,4747293,4746805,488
343315801,38.5723,37.1131,490,39855,0.423354,1,1,4747454,4746964,490
343321641,30.1716,31.0181,490,39961,0.275337,1,1,4747512,4747022,490
343324561,21.6686,28.6072,479,40014,0.272135,1,1,4747528,4747049,479
343327481,23.6674,25.2429,481,40067,0.258854,1,1,4747553,4747072,481
343342081,35.9899,39.4025,501,40330,0.207716,0.77,1,4747749,4747248,501
343345001,40.1959,42.761,499,40382,0.257087,0.65,1,4747792,4747293,499
343347921,32.8784,43.5044,483,40434,0.276835,0.61,1,4747820,4747337,483
343350841,37.7514,37.8018,490,40486,0.272734,0.45,1,4747861,4747371,490
343353761,33.7005,43.9207,473,40538,0.271094,0.35,1,4747892,4747419,473
343356681,27.2802,38.5683,461,40590,0.282437,0.29,1,4747915,4747454,461
343359601,28.3121,33.4273,460,40642,0.274975,0.23,1,4747944,4747484,460
343362521,20.3248,30.1709,447,40694,0.29599,0.27,1,4747959,4747512,447
343374201,47.0755,44.4668,478,40902,0.443369,0.13,1,4748112,4747634,478
343441361,22.0029,21.951,450,42072,0.762177,0.59,2,4748846,4748396,450
343444281,23.2012,22.5804,451,42122,0.754871,0.57,2,4748870,4748419,451
343447201,24.8805,24.0322,452,42172,0.751948,0.61,2,4748896,4748444,452
343450121,47.1522,46.8129,452,42222,0.798779,0.61,2,4748958,4748506,452
343453041,20.0609,19.9251,452,42272,0.817512,0.63,2,4748960,4748508,452
343455961,38.0244,38.5701,451,42322,0.813005,0.63,2,4749010,4748559,451
343458881,37.4097,36.428,453,42372,0.811202,0.67,2,4749047,4748594,453
343461801,35.9639,35.5712,453,42422,0.834481,0.67,2,4749082,4748629,453
343464721,43.1856,41.8285,455,42472,0.867792,0.69,2,4749130,4748675,455
343467641,34.6742,33.5314,456,42522,0.881117,0.69,2,4749159,4748703,456
343470561,39.0697,38.6126,456,42572,0.886447,0.71,2,4749201,4748745,456
343473481,34.8279,34.045,457,42622,0.888579,0.71,2,4749233,4748776,457
343493921,20.4104,20.0609,461,42966,0.889716,0.81,2,4749421,4748960,461
343639921,31.9733,41.1925,479,45357,0.882381,1,2,4751105,4750626,479
343642841,33.7893,35.077,483,45403,0.850952,1,2,4751140,4750657,483
343645761,33.9157,30.2308,490,45449,0.802381,1,2,4751174,4750684,490
343648681,23.7663,26.4923,483,45495,0.842952,1,2,4751191,4750708,483
343651601,22.1065,24.3969,481,45541,0.823181,1,2,4751212,4750731,481
343654521,26.2426,25.3588,484,45587,0.851272,1,2,4751241,4750757,484
343657441,30.297,28.7435,486,45633,0.790509,1,2,4751274,4750788,486
343660361,43.3188,49.2974,475,45679,0.790204,0.92,2,4751326,4750851,475
343707081,34.4715,43.3168,487,46414,0.750435,0.71,2,4751813,4751326,487
343710001,33.5886,35.9267,489,46459,0.750174,0.69,2,4751846,4751357,489
343712921,28.4354,35.3707,479,46504,0.76207,0.69,2,4751871,4751392,479
343715841,32.3742,30.9483,486,46549,0.754828,0.63,2,4751906,4751420,486
343718761,27.3497,32.7793,476,46594,0.775931,0.63,2,4751930,4751454,476
343721681,28.3399,27.5117,481,46639,0.784372,0.65,2,4751959,4751478,481
343724601,31.1359,29.0047,484,46684,0.823749,0.67,2,4751992,4751508,484
343727521,29.8544,30.8019,481,46729,0.8635,0.67,2,4752021,4751540,481
343730441,29.9418,29.1208,483,46774,0.8794,0.63,2,4752051,4751568,483
343971341,75.1608,39.9697,523,23369,0.763615,0.49,2,4755143,4754620,523
343974261,78.0643,62.1879,526,23460,0.803446,0.55,2,4755223,4754697,526
343977181,66.0257,71.6751,506,23550,0.819378,0.57,2,4755281,4754775,506
343980101,81.0103,62.8701,540,23640,0.813751,0.63,2,4755372,4754832,540
343983021,44.4041,77.948,472,23730,0.811501,0.63,2,4755392,4754920,472
343985941,41.7616,43.1792,492,23819,0.8106,0.63,2,4755432,4754940,492
343988861,68.9047,41.2717,539,23908,0.82224,0.69,2,4755519,4754980,539
343991781,28.7619,65.7087,459,23997,0.826896,0.83,2,4755521,4755062,459
343994701,61.3047,74.8835,461,24085,0.876758,0.83,2,4755604,4755143,461
344146541,72.4458,71.1437,497,28297,0.8092,1,2,4758617,4758120,497
344158221,53.8626,42.9189,531,28595,0.418395,1,1,4758786,4758255,531
344161141,64.745,44.1676,558,28669,0.413358,1,1,4758858,4758300,558
344178661,38.3524,49.9702,483,29109,0.401881,0.57,1,4759135,4758652,483
344228301,61.8632,60.2834,447,30321,0.776686,0.51,2,4759955,4759508,447
344231221,43.9453,43.3134,447,30391,0.820675,0.53,2,4759987,4759540,447
344234141,40.9781,40.1254,448,30461,0.82627,0.55,2,4760026,4759578,448
344237061,35.5912,34.6501,449,30530,0.816508,0.55,2,4760058,4759609,449
344239981,15.4365,15.0601,449,30599,0.836603,0.63,2,4760060,4759611,449
344242901,42.7746,41.424,451,30668,0.868641,0.69,2,4760121,4759670,451
344245821,63.3098,60.9696,454,30737,0.881457,0.71,2,4760198,4759744,454
344248741,53.5239,51.9878,455,30806,0.874583,0.67,2,4760245,4759790,455
344251661,55.6096,54.3951,456,30875,0.883833,0.71,2,4760302,4759846,456
344254581,43.2438,42.1581,457,30944,0.875533,0.83,2,4760337,4759880,457
344257501,65.2975,61.8632,462,31012,0.872213,0.85,2,4760417,4759955,462
344260421,45.319,43.9453,462,31080,0.882885,0.83,2,4760449,4759987,462
344263341,40.9276,40.9781,461,31148,0.887154,0.81,2,4760487,4760026,461
344269181,15.6684,15.4365,462,31284,0.882345,0.85,2,4760522,4760060,462
344272101,44.0674,6.1746,525,31352,0.862938,0.89,2,4760585,4760060,525
344385981,50.0044,41.4449,501,33883,0.764464,1,2,4762411,4761910,501
344397661,56.2449,62.9378,483,34131,0.439138,1,1,4762573,4762090,483
344403501,47.0392,44.15,486,34255,0.292262,1,1,4762655,4762169,486
344406421,34.4157,17.66,512,34317,0.254905,1,1,4762681,4762169,512
344412261,62.7465,29.7056,556,34441,0.0827848,0.95,1,4762792,4762236,556
344415181,40.6986,64.0822,495,34502,0.0751139,0.87,1,4762818,4762323,495
344432701,37.1405,56.238,468,34868,0.20474,0.35,1,4763041,4762573,468
344435621,42.4562,41.0952,483,34929,0.231896,0.23,1,4763087,4762604,483
344438541,30.1825,47.0381,454,34990,0.242758,0.23,1,4763109,4762655,454
344441461,27.673,34.4152,454,35050,0.295103,0.15,1,4763135,4762681,454
344479421,57.3528,59.6692,439,35825,0.422431,0.37,1,4763655,4763216,439
344523221,36.9541,35.3986,446,36701,0.758882,0.53,2,4764205,4763759,446
344526141,26.7816,26.1594,446,36759,0.765553,0.51,2,4764225,4763779,446
344529061,30.5127,29.6638,447,36816,0.756221,0.59,2,4764258,4763811,447
344531981,59.6051,56.8655,451,36873,0.776488,0.65,2,4764337,4763886,451
344534901,38.842,37.1462,452,36930,0.772595,0.63,2,4764362,4763910,452
344537821,45.5368,45.4585,451,36987,0.795038,0.65,2,4764412,4763961,451
344540741,33.2147,32.5834,452,37044,0.816015,0.61,2,4764437,4763985,452
344543661,14.4859,14.2334,452,37101,0.824406,0.67,2,4764439,4763987,452
344546581,23.7944,21.8933,455,37158,0.779762,0.67,2,4764469,4764014,455
344549501,59.3177,8.75734,538,37215,0.797905,0.71,2,4764552,4764014,538
344552421,40.5271,53.9029,482,37272,0.817162,0.71,2,4764580,4764098,482
344555341,46.2108,38.3612,504,37329,0.824865,0.77,2,4764630,4764126,504
344558261,37.6843,43.5445,489,37386,0.827946,0.77,2,4764662,4764173,489
344561181,27.0737,36.6178,477,37443,0.841178,0.77,2,4764682,4764205,477
344564101,31.2295,26.6471,491,37499,0.846471,0.75,2,4764716,4764225,491
344567021,59.8918,30.4588,537,37555,0.884589,0.79,2,4764795,4764258,537
344715941,43.8815,25.2708,550,40323,0.793168,1,2,4766689,4766139,550
344724701,44.4484,45.8733,510,40479,0.285723,1,1,4766819,4766309,510
344730541,33.6317,33.2597,508,40583,0.0949156,1,1,4766880,4766372,508
344733461,50.0527,32.5039,537,40635,0.0559663,1,1,4766941,4766404,537
344736381,36.2211,46.0016,509,40687,0.0283865,1,1,4766968,4766459,509
344739301,34.8884,36.4006,513,40739,0.0893546,1,1,4767002,4766489,513
344742221,28.3554,34.9602,503,40791,0.0537418,1,1,4767026,4766523,503
344745141,27.5421,33.1841,498,40843,0.0274967,0.92,1,4767053,4766555,498
344748061,24.8169,28.2736,496,40895,0.0409987,0.94,1,4767076,4766580,496
344750981,23.7267,27.5095,492,40947,0.0343995,1,1,4767099,4766607,492
344753901,33.4907,27.2038,505,40999,0.0557598,0.67,1,4767139,4766634,505
344756821,36.1963,43.8815,488,41050,0.0403039,0.41,1,4767177,4766689,488
344759741,32.4785,44.5526,473,41101,0.0461216,0.29,1,4767207,4766734,473
344762661,36.9914,40.621,475,41152,0.0484486,0.21,1,4767247,4766772,475
344765581,29.1966,44.4484,452,41203,0.0613795,0.13,1,4767271,4766819,452
344768501,29.6786,34.5794,454,41254,0.0245518,0.03,1,4767301,4766847,454
344771421,48.4715,33.6317,482,41305,0.0158207,0.03,1,4767362,4766880,482
344774341,35.5886,50.0527,448,41356,0.0243283,0.01,1,4767389,4766941,448
344777261,35.2354,36.2211,456,41407,0.0757313,0.13,1,4767424,4766968,456
344780181,27.8942,34.8884,445,41458,0.0842925,0.03,1,4767447,4767002,445
344783101,27.3577,28.3554,448,41509,0.039717,0.01,1,4767474,4767026,448
344786021,12.1431,27.5421,423,41560,0.0338868,0.05,1,4767476,4767053,423
344788941,18.0572,24.8169,422,41611,0.0555547,0.03,1,4767498,4767076,422
344791861,21.0229,23.7267,422,41662,0.0642219,0.07,1,4767521,4767099,422
344794781,34.2092,33.4907,425,41713,0.0676888,0.03,1,4767564,4767139,425
344797701,35.2837,36.1963,423,41764,0.0570755,0.05,1,4767600,4767177,423
344800621,32.1135,32.4785,423,41815,0.0408302,0.05,1,4767630,4767207,423
344803541,38.0454,36.9914,425,41865,0.0343321,0.07,1,4767672,4767247,425
344806461,30.8182,29.1966,427,41915,0.0317328,0,1,4767698,4767271,427
344809381,28.5273,29.6786,424,41965,0.0666931,0.01,1,4767725,4767301,424
344812301,47.4109,48.4715,423,42015,0.0446773,0.03,1,4767785,4767362,423
344815221,34.5644,35.5886,422,42065,0.0358709,0.11,1,4767811,4767389,422
344818141,35.4257,35.2354,423,42115,0.0323484,0.09,1,4767847,4767424,423
344821061,28.5703,27.8942,424,42165,0.0429393,0.01,1,4767871,4767447,424
344823981,27.0281,27.3577,423,42215,0.0231757,0.03,1,4767897,4767474,423
344826901,12.0112,12.1431,423,42265,0.0152703,0.07,1,4767899,4767476,423
344829821,19.2045,18.0572,425,42315,0.0241081,0.07,1,4767923,4767498,425
344832741,20.8818,21.0229,424,42365,0.0756432,0.07,1,4767945,4767521,424
344835661,33.5527,34.2092,423,42415,0.0962573,0.05,1,4767987,4767564,423
344838581,35.0211,35.2837,423,42465,0.0805029,0.03,1,4768023,4767600,423
344841501,32.0084,32.1135,423,42515,0.0502012,0.03,1,4768053,4767630,423
344844421,38.0034,38.0454,423,42565,0.0740805,0.03,1,4768095,4767672,423
344847341,31.4013,30.8182,424,42615,0.0836322,0.09,1,4768122,4767698,424
344850261,28.7605,28.5273,424,42665,0.0514529,0.03,1,4768149,4767725,424
344853181,46.3042,47.4109,422,42714,0.0265811,0.03,1,4768207,4767785,422
344856101,34.1217,34.5644,422,42763,0.0286325,0.03,1,4768233,4767811,422
344859021,35.8487,35.4257,423,42812,0.017453,0.05,1,4768270,4767847,423
344861941,28.1395,28.5703,422,42861,0.0489812,0.01,1,4768293,4767871,422
344864861,26.8558,27.0281,422,42910,0.0615925,0.01,1,4768319,4767897,422
344867781,11.9423,12.0112,422,42959,0.042637,0.03,1,4768321,4767899,422
344870701,20.3769,19.2045,424,43008,0.0470548,0.03,1,4768347,4767923,424
344873621,21.9508,7.6818,447,43057,0.0368219,0.11,1,4768370,4767923,447
344876541,33.3803,16.2727,466,43106,0.0567288,0.11,1,4768411,4767945,466
344879461,33.7521,31.7091,458,43155,0.0886915,0.07,1,4768445,4767987,458
344882381,32.1008,34.2836,453,43204,0.0894766,0.03,1,4768476,4768023,453
344885301,38.6403,31.7135,466,43253,0.0897906,0.09,1,4768519,4768053,466
344888221,31.0561,37.8854,450,43302,0.0899163,0.09,1,4768545,4768095,450
344896981,33.7636,46.2967,447,43449,0.0703146,0.03,1,4768654,4768207,447
344899901,35.7054,34.1187,458,43498,0.0461259,0.01,1,4768691,4768233,458
344902821,28.6822,35.8475,445,43547,0.0364503,0.07,1,4768715,4768270,445
344905741,26.4729,28.139,447,43595,0.0445801,0.07,1,4768740,4768293,447
344908661,11.7891,26.8556,423,43643,0.0478321,0.03,1,4768742,4768319,423
344911581,20.3157,11.9422,447,43691,0.0491328,0.05,1,4768768,4768321,447
344914501,23.1263,20.3769,446,43739,0.0376531,0.03,1,4768793,4768347,446
344917421,34.4505,21.9508,465,43787,0.0330613,0.07,1,4768835,4768370,465
344920341,35.3802,33.3803,460,43835,0.0432245,0.11,1,4768871,4768411,460
344923261,32.1521,33.7521,456,43883,0.0592898,0.09,1,4768901,4768445,456
344926181,38.6608,32.1008,468,43931,0.0657159,0.09,1,4768944,4768476,468
344929101,31.0643,38.6403,451,43979,0.0682864,0.09,1,4768970,4768519,451
344932021,28.6257,31.0561,452,44027,0.0933146,0.11,1,4768997,4768545,452
344940781,35.432,33.7636,459,44171,0.0738921,0.03,1,4769113,4768654,459
344943701,28.5728,35.7054,446,44219,0.0595569,0.03,1,4769137,4768691,446
344946621,25.8291,28.6822,446,44267,0.0658227,0.05,1,4769161,4768715,446
344949541,11.5317,26.4729,423,44315,0.0683291,0.05,1,4769163,4768740,423
344952461,21.4127,11.7891,449,44363,0.0453316,0.05,1,4769191,4768742,449
344955381,22.3651,20.3157,446,44411,0.0601327,0.03,1,4769214,4768768,446
344958301,34.746,23.1263,464,44458,0.0420531,0.03,1,4769257,4768793,464
344961221,15.0984,34.4505,424,44505,0.0348212,0.05,1,4769259,4768835,424
344964141,27.6394,35.3802,424,44552,0.0559285,0.07,1,4769295,4768871,424
344967061,29.6557,32.1521,425,44599,0.0763714,0.07,1,4769326,4768901,425
344981661,32.409,31.5801,430,44834,0.224798,0.01,1,4769505,4769075,430
344984581,31.5636,35.432,423,44881,0.227919,0.05,1,4769536,4769113,423
344987501,28.2254,28.5728,425,44928,0.217168,0.07,1,4769562,4769137,425
344990421,25.6902,25.8291,425,44975,0.224867,0.07,1,4769586,4769161,425
344993341,11.4761,11.5317,425,45022,0.227947,0.03,1,4769588,4769163,425
344996261,20.7904,21.4127,424,45069,0.253179,0.07,1,4769615,4769191,424
344999181,21.5162,22.3651,423,45116,0.239271,0.03,1,4769637,4769214,423
345002101,34.4065,34.746,423,45163,0.257709,0.03,1,4769680,4769257,423
345005021,14.9626,15.0984,423,45210,0.265083,0.07,1,4769682,4769259,423
345007941,28.785,27.6394,425,45257,0.268033,0.09,1,4769720,4769295,425
345010861,29.514,29.6557,424,45304,0.257213,0.15,1,4769750,4769326,424
345048821,14.9372,14.9626,433,45904,0.401397,0.27,1,4770115,4769682,433
345051741,28.7749,28.785,433,45950,0.430559,0.27,1,4770153,4769720,433
345054661,29.5099,11.514,463,45996,0.442223,0.25,1,4770183,4769720,463
345130581,22.0384,20.3264,471,47174,0.760679,0.55,2,4770957,4770486,471
345133501,36.4154,21.9306,494,47219,0.778272,0.57,2,4771003,4770509,494
345136421,15.7661,35.7722,451,47264,0.785309,0.57,2,4771005,4770554,451
345139341,29.7065,15.5089,488,47309,0.776123,0.59,2,4771044,4770556,488
345142261,31.0826,29.0036,482,47354,0.784449,0.59,2,4771076,4770594,482
345145181,13.633,30.8014,452,47399,0.78778,0.59,2,4771078,4770626,452
345148101,35.4532,42.9206,451,47443,0.801112,0.59,2,4771128,4770677,451
345151021,30.9813,33.9682,451,47487,0.818445,0.61,2,4771156,4770705,451
345153941,29.1925,30.9873,450,47531,0.849378,0.63,2,4771184,4770734,450
345156861,50.077,48.9949,453,47575,0.849751,0.65,2,4771248,4770795,453
345159781,34.4308,33.398,454,47619,0.8499,0.71,2,4771272,4770818,454
345349581,33.5067,33.3246,501,50413,0.8548,1,2,4773177,4772676,501
345352501,30.2027,38.5299,487,50455,0.75592,1,2,4773205,4772718,487
345396301,30.546,34.2668,464,51078,0.43937,0.81,1,4773608,4773144,464
345405061,19.6189,25.2811,451,51201,0.44404,0.65,1,4773678,4773227,451
345407981,31.8476,32.9124,453,51242,0.423616,0.61,1,4773718,4773265,453
345504341,19.0993,24.3645,468,52581,0.754982,0.63,2,4774572,4774104,468
345507261,31.6397,18.7458,493,52621,0.787993,0.65,2,4774612,4774119,493
345510181,33.0559,31.4983,487,52661,0.801197,0.65,2,4774646,4774159,487
345513101,28.2224,32.9993,478,52701,0.794479,0.65,2,4774671,4774193,478
345516021,18.4889,28.1997,465,52741,0.791792,0.67,2,4774683,4774218,465
345518941,20.5956,19.0799,474,52781,0.802717,0.63,2,4774705,4774231,474
345521861,25.0382,20.832,480,52821,0.819087,0.63,2,4774733,4774253,480
345524781,21.4153,25.1328,471,52861,0.813635,0.63,2,4774752,4774281,471
345527701,20.5661,20.8531,473,52901,0.847454,0.65,2,4774772,4774299,473
345530621,26.8264,20.3412,484,52941,0.884982,0.63,2,4774803,4774319,484
345533541,28.7306,26.7365,483,52981,0.851993,0.67,2,4774833,4774350,483
345536461,30.0922,27.4946,486,53021,0.850797,0.71,2,4774864,4774378,486
345539381,31.2369,28.9978,488,53061,0.862319,0.73,2,4774896,4774408,488
345542301,29.2948,30.1991,485,53101,0.866928,0.73,2,4774924,4774439,485
345545221,32.1179,28.8797,491,53141,0.868771,0.71,2,4774958,4774467,491
345548141,35.6472,32.5519,494,53181,0.857508,0.75,2,4774996,4774502,494
345551061,25.0589,34.6207,476,53221,0.853003,0.73,2,4775014,4774538,476
345553981,11.2235,25.2483,459,53261,0.851201,0.77,2,4775016,4774557,459
345556901,14.0894,19.0993,460,53301,0.850481,0.81,2,4775032,4774572,460
345729181,329.948,353.929,498,24820,0.79,1,2,4777059,4776561,498
345780281,84.0926,68.2274,503,25633,0.29752,0.98,1,4777268,4776765,503
345789041,60.0059,72.8386,472,25880,0.0596013,0.75,1,4777456,4776984,472
345791961,40.2024,48.9354,466,25962,0.0658405,0.61,1,4777483,4777017,466
345794881,32.2809,35.1742,467,26044,0.0323362,0.57,1,4777510,4777043,467
345797801,36.9124,36.2697,470,26125,0.0549345,0.51,1,4777550,4777080,470
345800721,51.965,44.5079,482,26206,0.0879738,0.35,1,4777612,4777130,482
345809481,61.3578,69.7125,480,26448,0.20843,0.05,1,4777822,4777342,480
345812401,58.1431,62.685,478,26528,0.257372,0.03,1,4777878,4777400,478
345815321,39.4572,58.674,449,26608,0.288949,0.07,1,4777905,4777456,449
345844521,32.342,31.9828,437,27394,0.407856,0.33,1,4778369,4777932,437
345847441,39.9368,39.1931,438,27471,0.433143,0.33,1,4778414,4777976,438
345900001,42.2337,32.5807,499,28827,0.756077,0.59,2,4779309,4778810,499
345902921,56.4935,42.4323,516,28900,0.776431,0.65,2,4779375,4778859,516
345905841,23.7974,54.7729,455,28973,0.784572,0.65,2,4779377,4778922,455
345908761,64.719,23.1092,545,29046,0.811829,0.69,2,4779469,4778924,545
345911681,70.2876,63.2437,529,29119,0.846732,0.67,2,4779543,4779014,529
345914601,65.315,69.6975,517,29192,0.884693,0.73,2,4779605,4779088,517
346057681,54.3458,76.2522,513,32554,0.834448,1,2,4781964,4781451,513
346083961,42.3161,47.9112,475,33134,0.273647,0.89,1,4782300,4781825,475
346086881,73.3264,80.3645,467,33198,0.259459,0.77,1,4782394,4781927,467
346089801,47.9306,54.3458,461,33262,0.277784,0.63,1,4782425,4781964,461
346092721,58.7722,64.9383,455,33326,0.297113,0.53,1,4782491,4782036,455
346107321,36.1631,36.4394,443,33641,0.441964,0.35,1,4782631,4782188,443
346177401,30.5543,32.0485,479,35119,0.783897,0.57,2,4783581,4783102,479
346180321,38.6217,30.2194,494,35179,0.799559,0.59,2,4783625,4783131,494
346183241,74.2487,38.4878,548,35239,0.817824,0.61,2,4783723,4783175,548
346186161,48.2995,73.5951,482,35299,0.849129,0.61,2,4783754,4783272,482
346189081,63.1198,48.038,524,35359,0.885652,0.71,2,4783827,4783303,524
346192001,44.4479,60.0152,488,35419,0.888261,0.73,2,4783859,4783371,488
346367201,61.6267,64.3311,488,38836,0.764848,1,2,4786212,4785724,488
346373041,37.4603,39.213,487,38944,0.425976,1,1,4786279,4785792,487
346375961,40.1841,36.0852,495,38998,0.24839,1,1,4786321,4785826,495
346381801,33.5495,35.2936,497,39106,0.0469424,1,1,4786389,4785892,497
346384721,23.0198,30.3175,486,39160,0.084777,1,1,4786405,4785919,486
346387641,25.4079,28.327,486,39214,0.0339108,1,1,4786432,4785946,486
346390561,29.3632,31.7308,484,39268,0.0675643,1,1,4786464,4785980,484
346393481,30.3453,34.2923,479,39322,0.0330257,0.87,1,4786495,4786016,479
346396401,27.1381,29.9169,477,39376,0.0432103,0.99,1,4786520,4786043,477
346399321,39.0552,46.1668,467,39430,0.0472841,0.87,1,4786567,4786100,467
346402241,36.0221,40.0667,465,39484,0.0489136,0.67,1,4786601,4786136,465
346405161,50.4088,61.6267,449,39537,0.0735655,0.49,1,4786661,4786212,449
346408081,38.1635,45.6507,444,39590,0.0834262,0.31,1,4786691,4786247,444
346411001,29.6654,37.4603,436,39643,0.0753705,0.13,1,4786715,4786279,436
346413921,30.4662,40.1841,425,39696,0.0721482,0.03,1,4786746,4786321,425
346416841,33.1865,38.8736,422,39749,0.0468593,0,1,4786781,4786359,422
346419761,33.0746,33.5495,425,39802,0.0247437,0.11,1,4786814,4786389,425
346422681,22.2298,23.0198,424,39855,0.0278975,0,1,4786829,4786405,424
346425601,24.4919,25.4079,423,39908,0.041159,0.09,1,4786855,4786432,423
346428521,31.9968,29.3632,428,39961,0.0344636,0.01,1,4786892,4786464,428
346431441,30.1987,30.3453,426,40014,0.0137854,0.05,1,4786921,4786495,426
346434361,25.2795,27.1381,423,40067,0.0715142,0.05,1,4786943,4786520,423
346437281,37.7118,10.8552,469,40120,0.0946057,0.05,1,4786989,4786520,469
346440201,34.8847,32.5421,455,40173,0.0918423,0.05,1,4787022,4786567,455
346448961,28.8966,37.7467,446,40330,0.0838779,0.07,1,4787137,4786691,446
346457721,32.7854,33.1598,454,40486,0.0612882,0.01,1,4787235,4786781,454
346460641,22.1142,33.0639,436,40538,0.0545153,0.03,1,4787250,4786814,436
346463561,25.0457,22.2256,448,40590,0.0878061,0.05,1,4787277,4786829,448
346466481,32.2183,24.4902,459,40642,0.0531224,0.03,1,4787314,4786855,459
346469401,31.4873,31.9961,453,40694,0.039249,0,1,4787345,4786892,453
346472321,25.7949,30.1984,446,40746,0.0336996,0.11,1,4787367,4786921,446
346475241,37.918,25.2794,470,40798,0.0434798,0.11,1,4787413,4786943,470
346478161,35.5672,37.7117,458,40850,0.0473919,0.09,1,4787447,4786989,458
346481081,55.0269,34.8847,493,40902,0.0369568,0.15,1,4787515,4787022,493
346484001,36.4108,52.3539,453,40954,0.0447827,0.09,1,4787539,4787086,453
346486921,29.5643,37.7416,450,41006,0.0599131,0.07,1,4787564,4787114,450
346489841,31.6257,28.8966,460,41057,0.0539652,0.17,1,4787597,4787137,460
346492761,30.6503,30.1586,459,41108,0.0635861,0.09,1,4787627,4787168,459
346495681,29.6601,32.4635,454,41159,0.0434344,0.03,1,4787656,4787202,454
346498601,20.864,32.7854,436,41210,0.0473738,0.05,1,4787671,4787235,436
346501521,26.3456,22.1142,451,41261,0.0489495,0.11,1,4787701,4787250,451
346504441,31.5382,25.0457,459,41312,0.0495798,0.03,1,4787736,4787277,459
346507361,31.2153,32.2183,453,41363,0.0618319,0.03,1,4787767,4787314,453
346510281,25.6861,31.4873,444,41414,0.0427328,0.03,1,4787789,4787345,444
346513201,38.4744,25.7949,469,41465,0.0470931,0.05,1,4787836,4787367,469
346516121,35.7898,37.918,457,41516,0.0488372,0.05,1,4787870,4787413,457
346519041,15.5159,35.5672,425,41567,0.0495349,0.03,1,4787872,4787447,425
346521961,45.8064,55.0269,423,41618,0.085814,0.05,1,4787938,4787515,423
346527801,27.729,29.5643,423,41720,0.0989302,0.05,1,4787987,4787564,423
346559921,15.5969,15.5159,424,42272,0.205898,0.11,1,4788296,4787872,424
346562841,46.4388,45.8064,425,42322,0.232359,0.13,1,4788363,4787938,425
346565761,34.1755,33.3225,426,42372,0.230944,0.09,1,4788389,4787963,426
346568681,28.0702,27.729,426,42422,0.242377,0.15,1,4788413,4787987,426
346571601,33.4281,31.4916,429,42472,0.258951,0.19,1,4788450,4788021,429
346577441,27.1885,28.6787,426,42572,0.294632,0.09,1,4788505,4788079,426
346580361,20.4754,21.0715,426,42622,0.291853,0.13,1,4788521,4788095,426
346583281,27.3902,26.4286,428,42672,0.266741,0.11,1,4788553,4788125,428
346586201,32.5561,31.5714,429,42721,0.256696,0.15,1,4788589,4788160,429
346589121,31.6224,30.6286,430,42770,0.240679,0.19,1,4788620,4788190,430
346592041,26.449,25.4514,431,42819,0.258271,0.17,1,4788643,4788212,431
346624161,26.2512,20.3613,465,43358,0.412837,0.25,1,4788986,4788521,465
346627081,30.9005,27.3445,467,43407,0.423135,0.25,1,4789020,4788553,467
346630001,32.1602,32.5378,464,43456,0.427254,0.23,1,4789053,4788589,464
346697161,27.835,35.3255,453,44558,0.761717,0.63,2,4789776,4789323,453
346700081,30.934,33.9302,453,44605,0.802687,0.63,2,4789809,4789356,453
346703001,26.7736,27.9721,453,44652,0.831075,0.65,2,4789833,4789380,453
346705921,21.5094,21.3888,454,44699,0.81843,0.63,2,4789851,4789397,454
346708841,26.6038,27.1555,453,44746,0.837372,0.63,2,4789881,4789428,453
346711761,31.0415,31.2622,453,44793,0.844949,0.65,2,4789915,4789462,453
346714681,34.6166,33.5049,455,44840,0.859979,0.69,2,4789952,4789497,455
346717601,29.4466,28.402,456,44887,0.853992,0.69,2,4789978,4789522,456
346720521,45.3787,43.7608,458,44934,0.899597,0.73,2,4790034,4789576,458
346938061,117.138,127.54,487,22093,0.414045,0.71,1,4792453,4791966,487
346943901,88.2221,90.3665,482,22285,0.408247,0.43,1,4792612,4792130,482
346946821,64.0888,77.5466,461,22380,0.433299,0.43,1,4792660,4792199,461
346949741,46.6355,55.0186,456,22475,0.43132,0.45,1,4792695,4792239,456
346978941,76.1206,68.4728,525,23401,0.773106,0.51,2,4793340,4792815,525
346981861,75.4483,74.7891,521,23492,0.795243,0.59,2,4793415,4792894,521
346984781,84.1793,72.5157,540,23582,0.840097,0.65,2,4793505,4792965,540
346987701,66.6717,81.2063,508,23672,0.858039,0.71,2,4793560,4793052,508
346990621,47.0687,63.0825,491,23762,0.877216,0.73,2,4793594,4793103,491
346993541,38.0275,45.633,489,23851,0.884886,0.77,2,4793626,4793137,489
346996461,70.411,36.2532,551,23940,0.887954,0.75,2,4793718,4793167,551
346999381,29.3644,70.3013,460,24029,0.889182,0.79,2,4793720,4793260,460
347104501,59.3892,79.5083,479,27024,0.886,1,2,4795863,4795384,479
347107421,72.9557,73.8033,491,27102,0.7804,1,2,4795945,4795454,491
347124941,50.3763,48.6825,492,27567,0.0850212,1,1,4796248,4795756,492
347127861,34.5505,40.473,481,27644,0.0760085,0.81,1,4796272,4795791,481
347130781,49.2202,59.3892,468,27721,0.0364034,0.71,1,4796331,4795863,468
347133701,64.6881,72.9557,461,27797,0.0325614,0.61,1,4796406,4795945,461
347136621,41.4752,50.1823,452,27873,0.0190245,0.53,1,4796432,4795980,452
347139541,34.5901,41.0729,447,27949,0.0256098,0.19,1,4796462,4796015,447
347142461,58.236,68.6292,434,28025,0.0642439,0.09,1,4796536,4796102,434
347145381,41.8944,50.8517,426,28101,0.0796976,0.05,1,4796567,4796141,426
347148301,52.1578,56.9407,424,28176,0.061879,0.07,1,4796626,4796202,424
347151221,47.8631,50.3763,423,28251,0.0547516,0.07,1,4796671,4796248,423
347154141,32.9452,34.5505,422,28326,0.0279006,0.01,1,4796694,4796272,422
347157061,48.5781,49.2202,422,28401,0.0171603,0.01,1,4796753,4796331,422
347159981,63.8312,19.6881,496,28476,0.0248641,0.03,1,4796827,4796331,496
347162901,41.1325,52.8752,447,28550,0.0759456,0.01,1,4796853,4796406,447
347165821,35.653,36.7501,453,28624,0.0843783,0.03,1,4796885,4796432,453
347168741,58.6612,32.7,497,28698,0.0757513,0.09,1,4796959,4796462,497
347171661,43.2645,57.48,456,28772,0.0963005,0.09,1,4796992,4796536,456
347174581,51.5058,41.592,482,28846,0.0565202,0.05,1,4797049,4796567,482
347177501,47.0023,52.0368,467,28919,0.0526081,0.05,1,4797093,4796626,467
347180421,32.0009,47.8147,444,28992,0.0390432,0.01,1,4797115,4796671,444
347183341,48.2004,32.9259,480,29065,0.0336173,0.01,1,4797174,4796694,480
347186261,65.4801,48.5704,498,29138,0.0314469,0.03,1,4797251,4796753,498
347189181,41.7921,63.8281,450,29211,0.0545788,0.11,1,4797277,4796827,450
347192101,35.3168,41.1313,455,29283,0.0878315,0.09,1,4797308,4796853,455
347212541,66.5715,48.2004,500,29785,0.0934885,0.03,1,4797674,4797174,500
347215461,27.8286,65.4801,425,29856,0.0793954,0.07,1,4797676,4797251,425
347230061,50.8395,50.2603,431,30209,0.219146,0.19,1,4797903,4797472,431
347232981,45.5358,45.3041,431,30279,0.225658,0.19,1,4797945,4797514,431
347235901,30.2143,31.3216,429,30349,0.228263,0.09,1,4797965,4797536,429
347238821,45.6857,47.9287,426,30419,0.229305,0.07,1,4798021,4797595,426
347241741,65.6743,66.5715,426,30489,0.265722,0.07,1,4798100,4797674,426
347244661,27.4697,27.8286,426,30558,0.280289,0.13,1,4798102,4797676,426
347247581,27.7879,26.7314,428,30627,0.286116,0.19,1,4798130,4797702,428
347250501,32.7152,30.4926,431,30696,0.276446,0.19,1,4798166,4797735,431
347253421,58.6861,58.997,429,30765,0.296578,0.17,1,4798242,4797813,429
347279701,31.6115,11.1152,470,31379,0.412723,0.27,1,4798600,4798130,470
347323501,32.8909,47.5564,471,32375,0.772992,0.59,2,4799286,4798815,471
347326421,48.5564,31.6226,509,32440,0.819197,0.61,2,4799345,4798836,509
347329341,68.0225,47.449,532,32505,0.825679,0.63,2,4799426,4798894,532
347332261,28.409,66.9796,454,32570,0.828272,0.63,2,4799428,4798974,454
347335181,28.7636,27.9918,481,32635,0.817309,0.63,2,4799457,4798976,481
347338101,34.3054,29.1967,489,32700,0.836923,0.63,2,4799495,4799006,489
347341021,63.5222,33.8787,535,32765,0.880769,0.69,2,4799578,4799043,535
347343941,26.6089,61.5515,457,32830,0.898308,0.73,2,4799580,4799123,457
347469501,54.0621,29.6593,552,35493,0.881196,1,2,4801462,4800910,552
347472421,40.2248,61.6637,500,35553,0.754478,1,2,4801493,4800993,500
347484101,32.5514,54.4074,484,35789,0.414883,1,1,4801628,4801144,484
347489941,45.8882,48.9052,486,35907,0.273981,1,1,4801712,4801226,486
347495781,47.9021,43.3448,498,36025,0.060637,1,1,4801833,4801335,498
347560021,42.3987,21.2565,480,37294,0.214978,0.15,1,4802573,4802093,480
347562941,65.5595,39.7026,509,37351,0.271991,0.19,1,4802654,4802145,509
347565861,44.2238,63.881,459,37408,0.294796,0.11,1,4802684,4802225,459
347583381,34.23,28.3405,466,37744,0.405857,0.15,1,4802868,4802402,466
347595061,45.4011,26.4967,486,37968,0.433606,0.25,1,4803006,4802520,486
347644701,25.6815,25.5079,447,38903,0.772946,0.59,2,4803610,4803163,447
347647621,45.6726,43.2031,451,38957,0.783178,0.59,2,4803669,4803218,451
347650541,34.469,32.8813,452,39011,0.775271,0.61,2,4803696,4803244,452
347653461,29.9876,29.3525,452,39065,0.784109,0.61,2,4803723,4803271,452
347656381,34.795,34.541,452,39119,0.799643,0.61,2,4803761,4803309,452
347659301,29.518,29.4164,452,39173,0.817857,0.61,2,4803787,4803335,452
347662221,28.6072,28.5666,452,39227,0.801143,0.59,2,4803815,4803363,452
347665141,27.0429,26.4266,453,39281,0.818457,0.63,2,4803841,4803388,453
347668061,12.0172,11.7706,453,39335,0.801383,0.67,2,4803843,4803390,453
347670981,42.6069,41.3083,455,39389,0.842553,0.79,2,4803906,4803451,455
347673901,70.4427,67.5233,459,39443,0.847021,0.75,2,4803995,4803536,459
347676821,46.1771,45.0093,459,39497,0.848809,0.75,2,4804025,4803566,459
347679741,31.6708,31.2037,459,39550,0.861523,0.79,2,4804047,4803588,459
347682661,26.4683,25.6815,460,39603,0.854609,0.79,2,4804070,4803610,460
347685581,45.3873,45.6726,459,39656,0.875844,0.77,2,4804128,4803669,459
347688501,33.7549,34.469,458,39709,0.884337,0.79,2,4804154,4803696,458
347691421,30.302,29.9876,459,39762,0.887735,0.81,2,4804182,4803723,459
347694341,35.5208,34.795,460,39815,0.889094,0.83,2,4804221,4803761,460
347846181,30.1573,32.6878,496,42485,0.890397,1,2,4806072,4805576,496
347849101,34.2629,32.2751,501,42535,0.818159,1,2,4806109,4805608,501
347852021,28.1052,32.11,493,42585,0.825264,1,2,4806133,4805640,493
347854941,31.6421,36.844,487,42635,0.804105,0.98,2,4806167,4805680,487
347857861,37.2568,35.1376,494,42684,0.807642,1,2,4806208,4805714,494
347860781,35.3027,34.455,494,42733,0.773057,1,2,4806242,4805748,494
347863701,23.1211,32.382,478,42782,0.771223,0.99,2,4806257,4805779,478
347866621,17.6484,20.1528,480,42831,0.782489,1,2,4806271,4805791,480
347869541,52.0594,54.8611,477,42880,0.774996,0.93,2,4806346,4805869,477
347901661,34.1137,37.2209,490,43419,0.771782,0.75,2,4806698,4806208,490
347904581,25.0455,35.2883,475,43468,0.782713,0.77,2,4806717,4806242,475
347907501,17.8182,23.1153,473,43517,0.799085,0.79,2,4806730,4806257,473
347910421,50.9273,17.6461,532,43565,0.841634,0.77,2,4806803,4806271,532
347913341,50.3709,52.0585,507,43613,0.834654,0.71,2,4806853,4806346,507
347916261,36.9484,52.6234,482,43661,0.855861,0.69,2,4806881,4806399,482
347919181,32.1793,38.4494,482,43709,0.864345,0.71,2,4806910,4806428,482
348110441,340.29,358.399,501,20440,0.874,1,2,4809014,4808513,501
348122121,92.7258,92.8246,506,21568,0.214518,1,1,4809346,4808840,506
348136721,63.3572,74.6113,442,22055,0.224216,0.19,1,4809611,4809169,442
348139641,74.5429,83.8445,434,22151,0.227686,0.13,1,4809693,4809259,434
348142561,79.0171,85.7378,429,22247,0.241075,0.17,1,4809775,4809346,429
348145481,75.4069,78.0951,429,22342,0.28243,0.17,1,4809848,4809419,429
348160081,75.0234,60.1623,515,22813,0.402684,0.23,1,4810126,4809611,515
348163001,79.2093,73.2649,515,22906,0.443074,0.25,1,4810208,4809693,515
348195121,58.3445,31.5653,523,23904,0.752007,0.49,2,4810857,4810334,523
348198041,24.5378,59.4261,447,23993,0.762803,0.57,2,4810859,4810412,447
348200961,55.4151,67.5705,450,24081,0.779121,0.63,2,4810935,4810485,450
348203881,73.766,76.8282,453,24169,0.821648,0.69,2,4811021,4810568,453
348206801,82.9064,82.3313,456,24257,0.850659,0.73,2,4811110,4810654,456
348209721,80.5626,79.1325,458,24344,0.886264,0.73,2,4811189,4810731,458
348215561,32.09,31.8612,458,24518,0.899002,0.77,2,4811239,4810781,458
348314841,50.1004,59.2164,481,27302,0.8356,1,2,4813205,4812724,481
348323601,60.8304,62.2778,490,27534,0.279318,1,1,4813371,4812881,490
348329441,51.8529,48.4845,487,27688,0.0938909,1,1,4813491,4813004,487
348332361,64.5411,69.1938,477,27764,0.0675564,1,1,4813564,4813087,477
348335281,43.2165,46.8775,474,27840,0.0690226,0.94,1,4813593,4813119,474
348338201,29.8866,33.751,470,27916,0.069609,0.75,1,4813614,4813144,470
348341121,42.5546,50.1004,460,27992,0.0278436,0.59,1,4813665,4813205,460
348344041,33.8219,40.4402,454,28068,0.0171374,0.33,1,4813693,4813239,454
348346961,43.5287,57.5761,435,28143,0.048855,0.15,1,4813743,4813308,435
348349881,51.0115,60.8304,428,28218,0.025542,0.03,1,4813799,4813371,428
348352801,66.6046,74.1322,422,28293,0.0402168,0.07,1,4813876,4813454,422
348355721,48.8418,51.8529,422,28368,0.0460867,0.07,1,4813913,4813491,422
348358641,64.5367,20.7411,497,28443,0.0844347,0.05,1,4813988,4813491,497
348361561,41.4147,52.0965,450,28517,0.0757739,0.07,1,4814014,4813564,450
348364481,30.3659,38.2386,444,28591,0.0603095,0.07,1,4814037,4813593,444
348367401,41.5464,27.8954,472,28665,0.0541238,0,1,4814086,4813614,472
348370321,33.4185,41.7582,449,28739,0.0756495,0.01,1,4814114,4813665,449
348373241,43.9674,33.5033,472,28813,0.0722598,0.07,1,4814165,4813693,472
348376161,51.787,43.4013,479,28886,0.0469039,0.01,1,4814222,4813743,479
348379081,65.7148,50.9605,498,28959,0.0367616,0.05,1,4814297,4813799,498
348382001,48.4859,66.5842,458,29032,0.0327046,0.05,1,4814334,4813876,458
348384921,67.9944,48.8337,502,29105,0.0310818,0.11,1,4814415,4813913,502
348387841,40.9977,64.5335,450,29178,0.0544327,0.07,1,4814438,4813988,450
348390761,31.3991,41.4134,449,29251,0.0757731,0.05,1,4814463,4814014,449
348393681,40.1596,30.3654,472,29323,0.0963092,0.05,1,4814509,4814037,472
348411201,69.3444,48.4859,505,29753,0.0593481,0.03,1,4814839,4814334,505
348414121,41.5378,67.9944,447,29824,0.0297392,0.07,1,4814862,4814415,447
348417041,17.8151,40.9977,426,29895,0.0298957,0.09,1,4814864,4814438,426
348419961,22.726,31.3991,427,29966,0.0779583,0.11,1,4814890,4814463,427
348434561,63.9729,64.4025,429,30317,0.229883,0.07,1,4815148,4814719,429
348437481,43.5891,47.361,423,30387,0.241953,0.03,1,4815178,4814755,423
348443321,41.5343,41.5378,424,30526,0.0975125,0.03,1,4815286,4814862,424
348446241,17.8137,17.8151,424,30595,0.081005,0.11,1,4815288,4814864,424
348449161,24.5255,22.726,427,30664,0.074402,0.13,1,4815317,4814890,427
348478361,23.6624,7.12548,453,31348,0.201044,0.07,1,4815741,4815288,453
348481281,38.265,20.2502,472,31415,0.254417,0.13,1,4815789,4815317,472
348484201,36.306,36.3001,460,31482,0.263767,0.15,1,4815824,4815364,460
348487121,46.3224,34.92,479,31549,0.291507,0.13,1,4815877,4815398,479
348498801,64.9635,43.7964,507,31817,0.406487,0.19,1,4816117,4815610,507
348501721,40.9854,63.7185,455,31883,0.444595,0.19,1,4816142,4815687,455
348507561,25.0377,17.155,461,32015,0.441935,0.21,1,4816174,4815713,461
348554281,66.7567,67.37,451,33056,0.803057,0.59,2,4816899,4816448,451
348557201,44.7027,44.948,451,33120,0.843223,0.65,2,4816929,4816478,451
348560121,67.6811,67.1792,452,33184,0.847289,0.61,2,4817012,4816560,452
348563041,41.4724,41.2717,452,33248,0.848916,0.61,2,4817036,4816584,452
348565961,17.789,17.7087,452,33312,0.849566,0.61,2,4817038,4816586,452
348568881,25.7156,25.0835,453,33375,0.861826,0.65,2,4817069,4816616,453
348571801,42.6862,41.8334,454,33438,0.878731,0.65,2,4817123,4816669,454
348574721,18.2745,17.9334,454,33501,0.885492,0.69,2,4817125,4816671,454
348577641,28.9098,27.5733,456,33564,0.888197,0.73,2,4817161,4816705,456
348717801,47.2309,45.8553,499,36466,0.887114,1,2,4819207,4818708,499
348720721,51.2924,62.1421,480,36524,0.840845,1,2,4819261,4818781,480
348723641,52.3169,44.0569,501,36582,0.750338,1,2,4819314,4818813,501
348747001,33.4105,42.4433,473,37041,0.429629,0.97,1,4819591,4819118,473
348805401,26.8184,30.8051,469,38167,0.759718,0.51,2,4820365,4819896,469
348808321,19.7274,26.1221,461,38222,0.777887,0.49,2,4820380,4819919,461
348811241,28.291,19.4488,480,38277,0.773155,0.53,2,4820414,4819934,480
348814161,28.1164,27.5795,475,38332,0.771262,0.51,2,4820442,4819967,475
348817081,32.2466,28.4318,481,38387,0.758505,0.55,2,4820477,4819996,481
348820001,35.0986,31.1727,485,38442,0.765402,0.53,2,4820514,4820029,485
348822921,44.0394,35.2691,497,38497,0.780161,0.57,2,4820564,4820067,497
348825841,49.4158,42.9076,502,38552,0.810064,0.59,2,4820617,4820115,502
348828761,47.9663,48.3631,497,38607,0.846026,0.63,2,4820664,4820167,497
348831681,20.3865,46.3452,454,38662,0.86041,0.71,2,4820666,4820212,454
349003961,29.3977,29.6521,502,41763,0.872848,1,2,4822804,4822302,502
349009801,28.7036,29.1043,496,41864,0.872856,1,2,4822850,4822354,496
349012721,32.4814,34.4417,493,41914,0.871142,1,2,4822885,4822392,493
349015641,36.3926,36.5767,494,41964,0.846457,1,2,4822924,4822430,494
349036081,29.9817,22.8385,495,42314,0.418832,1,1,4823200,4822705,495
349056521,30.7246,36.3926,456,42664,0.428294,0.43,1,4823380,4822924,456
349132441,24.1759,12.2586,486,43930,0.772946,0.67,2,4824209,4823723,486
349135361,30.0704,23.5034,489,43978,0.783178,0.65,2,4824243,4823754,489
349138281,30.0282,31.0014,483,44026,0.787271,0.61,2,4824273,4823790,483
349141201,45.0113,31.6006,506,44074,0.812909,0.63,2,4824328,4823822,506
349144121,45.6045,44.4402,499,44122,0.847163,0.65,2,4824374,4823875,499
349147041,47.0418,44.7761,502,44170,0.860865,0.67,2,4824422,4823920,502
349149961,41.0167,46.7104,491,44218,0.854346,0.67,2,4824459,4823968,491
349152881,35.6067,39.6842,488,44266,0.863738,0.69,2,4824491,4824003,488
349155801,28.6427,34.4737,481,44314,0.867495,0.73,2,4824515,4824034,481
349158721,30.6571,28.1895,489,44362,0.868998,0.73,2,4824547,4824058,489
349428821,88.681,36.1558,555,22663,0.769294,0.51,2,4827753,4827198,555
349431741,81.0724,79.8623,522,22757,0.769717,0.63,2,4827829,4827307,522
349434661,72.029,75.1449,516,22850,0.793887,0.61,2,4827895,4827379,516
349437581,76.2116,69.058,530,22943,0.791555,0.63,2,4827974,4827444,530
349440501,57.4846,74.4232,497,23035,0.802622,0.65,2,4828019,4827522,497
349443421,42.1939,55.5693,486,23127,0.831049,0.65,2,4828051,4827565,486
349446341,39.6775,40.8277,493,23219,0.854419,0.75,2,4828089,4827596,493
349449261,90.871,36.7311,584,23310,0.875768,0.81,2,4828214,4827630,584
349542701,63.4416,100.123,507,26064,0.8716,1,2,4830153,4829646,507
349545621,45.1767,59.8492,507,26145,0.75064,1,2,4830186,4829679,507
349551461,80.0683,57.9359,567,26307,0.241302,1,1,4830350,4829783,567
349557301,41.2509,48.7497,515,26468,0.0410084,1,1,4830416,4829901,515
349560221,43.5004,36.8999,531,26548,0.0464034,1,1,4830461,4829930,531
349563141,87.0002,44.76,597,26628,0.0485613,0.84,1,4830577,4829980,597
349566061,57.6001,97.104,503,26708,0.0494245,0.85,1,4830615,4830112,503
349568981,37.44,63.4416,486,26787,0.0857698,0.67,1,4830639,4830153,486
349571901,47.976,45.1766,508,26866,0.0403079,0.43,1,4830694,4830186,508
349574821,20.3904,60.6707,439,26945,0.0161232,0.03,1,4830696,4830257,439
349577741,54.9562,80.0683,424,27024,0.0124493,0.01,1,4830774,4830350,424
349580661,39.9825,50.6273,423,27102,0.0109797,0,1,4830804,4830381,423
349583581,37.593,41.2509,424,27180,0.0223919,0.05,1,4830840,4830416,424
349586501,41.4372,43.5004,423,27258,0.0389568,0.05,1,4830884,4830461,423
349589421,85.5749,87.0002,422,27336,0.0335827,0.05,1,4830999,4830577,422
349592341,58.8299,57.6001,425,27413,0.0674331,0.11,1,4831040,4830615,425
349595261,37.932,37.44,425,27490,0.0569732,0.01,1,4831064,4830639,425
349598181,46.9728,47.976,423,27567,0.0407893,0,1,4831117,4830694,423
349601101,19.9891,20.3904,423,27644,0.0343157,0.01,1,4831119,4830696,423
349604021,54.1956,54.9562,422,27721,0.0437263,0.01,1,4831196,4830774,422
349606941,39.6783,39.9825,422,27797,0.0714905,0.03,1,4831226,4830804,422
349609861,37.4713,37.593,422,27873,0.0465962,0.05,1,4831262,4830840,422
349612781,41.3885,41.4372,422,27949,0.0366385,0.03,1,4831306,4830884,422
349615701,85.5554,85.5749,422,28025,0.0326554,0.09,1,4831421,4830999,422
349618621,60.0222,58.8299,424,28101,0.0310622,0.05,1,4831464,4831040,424
349621541,39.6089,37.932,426,28176,0.0664249,0.03,1,4831490,4831064,426
349636141,37.187,26.6713,457,28550,0.0728242,0.03,1,4831683,4831226,457
349639061,41.8748,32.2685,466,28624,0.0471297,0.03,1,4831728,4831262,466
349641981,85.1499,39.3074,536,28698,0.0248519,0.03,1,4831842,4831306,536
349644901,59.86,84.723,464,28772,0.0399407,0.03,1,4831885,4831421,464
349647821,40.744,59.6892,449,28846,0.0339763,0.09,1,4831913,4831464,449
349650741,47.4976,39.4757,475,28919,0.0435905,0.15,1,4831965,4831490,475
349653661,20.199,45.1903,428,28992,0.0474362,0.15,1,4831967,4831539,428
349656581,56.0796,19.2761,506,29065,0.0969745,0.13,1,4832047,4831541,506
349659501,39.2318,53.9104,457,29138,0.0927898,0.19,1,4832075,4831618,457
349662421,33.6927,38.9642,458,29211,0.0671159,0.01,1,4832105,4831647,458
349665341,40.4771,37.1857,467,29283,0.0568464,0.03,1,4832150,4831683,467
349668261,84.5908,41.8743,536,29355,0.0407385,0.01,1,4832264,4831728,536
349671181,59.6363,85.1497,465,29427,0.0462954,0.05,1,4832307,4831842,465
349674101,40.6545,59.8599,450,29499,0.0365182,0.03,1,4832335,4831885,450
349677021,48.0618,40.744,475,29571,0.0326073,0.05,1,4832388,4831913,475
349679941,20.4247,47.4976,425,29643,0.0310429,0.05,1,4832390,4831965,425
349682861,57.3699,20.199,505,29714,0.0544172,0.13,1,4832472,4831967,505
349685781,39.748,56.0796,453,29785,0.0877669,0.09,1,4832500,4832047,453
349700381,58.4745,59.6363,422,30139,0.0491963,0.03,1,4832729,4832307,422
349703301,40.7898,40.6545,423,30209,0.0256785,0.03,1,4832758,4832335,423
349706221,48.7159,48.0618,424,30279,0.0282714,0.03,1,4832812,4832388,424
349709141,20.6864,20.4247,424,30349,0.0293086,0.07,1,4832814,4832390,424
349712061,58.0746,57.3699,425,30419,0.0897234,0.11,1,4832897,4832472,425
349714981,41.2298,39.748,427,30489,0.0658894,0.11,1,4832927,4832500,427
349717901,17.6919,17.0992,427,30558,0.0803557,0.17,1,4832929,4832502,427
349720821,24.4768,23.0397,429,30627,0.0741423,0.13,1,4832958,4832529,429
349723741,36.1907,36.2159,428,30696,0.0836569,0.09,1,4833002,4832574,428
349752941,37.0131,9.79071,470,31379,0.217641,0.09,1,4833428,4832958,470
349755861,82.6052,30.3163,539,31446,0.261056,0.23,1,4833541,4833002,539
349758781,55.8421,77.5265,468,31513,0.278423,0.13,1,4833579,4833111,468
349761701,39.1368,55.6106,455,31580,0.285369,0.17,1,4833607,4833152,455
349782141,37.9092,25.0312,476,32046,0.412833,0.25,1,4833859,4833383,476
349785061,85.3637,37.0125,548,32112,0.435133,0.29,1,4833976,4833428,548
349846381,90.15,86.4638,454,33468,0.769193,0.65,2,4834873,4834419,454
349849301,37.26,35.7855,454,33531,0.805677,0.69,2,4834875,4834421,454
349852221,38.304,37.7142,454,33594,0.856271,0.69,2,4834914,4834460,454
349855141,33.3216,33.0857,454,33657,0.888508,0.73,2,4834944,4834490,454
349863901,63.2846,63.5815,456,33846,0.884625,0.69,2,4835095,4834639,456
349866821,42.1138,42.2326,456,33908,0.87585,0.73,2,4835123,4834667,456
349869741,18.0455,18.093,456,33970,0.87234,0.77,2,4835125,4834669,456
349872661,27.6182,26.4372,458,34032,0.894936,0.73,2,4835159,4834701,458
350012821,87.4718,88.0682,493,36895,0.86776,1,2,4837252,4836759,493
350015741,54.1887,56.2273,490,36952,0.809104,1,2,4837284,4836794,490
350030341,34.6935,13.146,532,37237,0.432884,1,1,4837445,4836913,532
350039101,38.0044,41.3533,512,37408,0.290985,1,1,4837544,4837032,512
350042021,32.0018,35.7413,508,37464,0.242394,0.86,1,4837572,4837064,508
350044941,29.0007,33.4965,503,37520,0.222958,0.93,1,4837599,4837096,503
350047861,78.2003,32.5986,582,37576,0.203183,0.83,1,4837710,4837128,582
350059541,25.3395,31.7081,472,37800,0.0607375,0.53,1,4837813,4837341,472
350062461,34.1358,30.0833,483,37856,0.066295,0.45,1,4837853,4837370,483
350065381,30.4543,37.2333,469,37912,0.056518,0.39,1,4837881,4837412,469
350068301,26.5817,34.6933,460,37968,0.0526072,0.33,1,4837905,4837445,460
350071221,28.6327,28.2773,466,38024,0.0630429,0.29,1,4837935,4837469,466
350074141,37.8531,30.5109,478,38080,0.0672172,0.27,1,4837979,4837501,478
350077061,29.5412,38.0044,459,38135,0.0448869,0.21,1,4838003,4837544,459
350079981,28.6165,32.0017,459,38190,0.0959547,0.21,1,4838031,4837572,459
350088741,37.3275,48.6801,457,38355,0.0851011,0.13,1,4838196,4837739,457
350094581,24.8124,27.3488,448,38465,0.0940162,0.03,1,4838237,4837789,448
350106261,19.0432,26.5817,424,38685,0.221623,0.07,1,4838329,4837905,424
350109181,25.0173,28.6327,423,38740,0.238649,0.07,1,4838358,4837935,423
350112101,36.4069,37.8531,423,38795,0.25746,0.03,1,4838402,4837979,423
350115021,28.9628,29.5412,423,38849,0.240984,0.13,1,4838426,4838003,423
350117941,30.1851,28.6165,426,38903,0.270394,0.11,1,4838457,4838031,426
350155901,31.6666,30.1851,434,39603,0.429097,0.37,1,4838891,4838457,434
350158821,79.2666,76.274,438,39656,0.429639,0.39,1,4839002,4838564,438
350223061,27.863,18.6493,479,40811,0.769859,0.53,2,4839676,4839197,479
350225981,39.9452,26.6597,495,40863,0.781944,0.55,2,4839724,4839229,495
350228901,30.3781,38.2639,473,40915,0.810777,0.59,2,4839748,4839275,473
350231821,34.3512,29.1056,487,40967,0.810311,0.61,2,4839785,4839298,487
350234741,81.5405,33.2422,564,41019,0.810124,0.65,2,4839898,4839334,564
350237661,49.4162,79.2969,482,41070,0.81005,0.65,2,4839926,4839444,482
350240581,39.5665,49.1188,486,41121,0.79802,0.67,2,4839959,4839473,486
350243501,26.6266,38.8475,472,41172,0.805208,0.67,2,4839977,4839505,472
350246421,25.0506,26.339,478,41223,0.808083,0.67,2,4840001,4839523,478
350249341,37.6203,24.9356,500,41274,0.821233,0.71,2,4840047,4839547,500
350252261,31.8481,35.7742,485,41325,0.838493,0.73,2,4840075,4839590,485
350255181,13.9392,31.1097,459,41376,0.845397,0.73,2,4840077,4839618,459
350258101,19.3757,13.6439,480,41427,0.860159,0.75,2,4840100,4839620,480
350261021,29.3503,18.6576,494,41478,0.866064,0.79,2,4840136,4839642,494
350263941,40.5401,27.863,508,41529,0.880425,0.79,2,4840184,4839676,508
350266861,17.416,39.9452,462,41580,0.88617,0.83,2,4840186,4839724,462
350421621,34.9515,22.4987,542,44189,0.887046,1,2,4842057,4841515,542
350472721,314.909,353.568,470,20440,0.409811,0.73,1,4842617,4842147,470
350478561,125.505,119.091,503,20647,0.0955697,0.47,1,4842789,4842286,503
350481481,86.2022,102.236,472,20750,0.0802279,0.31,1,4842849,4842377,472
350484401,81.8809,90.0945,469,20852,0.0740912,0.15,1,4842928,4842459,469
350487321,61.5523,77.4378,448,20954,0.0596365,0.05,1,4842976,4842528,448
350493161,36.4884,30.75,448,21156,0.0995418,0.05,1,4843039,4842591,448
350496081,61.9954,74.7,423,21256,0.0578167,0.03,1,4843118,4842695,423
350499001,81.7981,86.28,424,21356,0.0891267,0.07,1,4843213,4842789,424
350513601,35.8383,36.0867,426,21848,0.211277,0.03,1,4843465,4843039,426
350519441,82.0541,81.7339,426,22042,0.236604,0.13,1,4843639,4843213,426
350522361,69.4216,68.0935,428,22138,0.268642,0.17,1,4843700,4843272,428
350525281,77.5687,75.8374,430,22234,0.269457,0.19,1,4843783,4843353,430
350528201,59.8275,59.735,429,22329,0.281783,0.19,1,4843831,4843402,429
350545721,77.9079,68.0454,517,22893,0.40997,0.27,1,4844217,4843700,517
350548641,60.5632,77.0182,483,22986,0.445988,0.29,1,4844266,4843783,483
350589521,71.5126,79.3311,450,24244,0.761493,0.59,2,4845109,4844659,450
350592441,59.8051,62.3325,451,24331,0.814597,0.59,2,4845161,4844710,451
350595361,46.722,46.533,453,24418,0.835839,0.63,2,4845199,4844746,453
350598281,38.4888,37.8132,454,24505,0.880336,0.69,2,4845232,4844778,454
350808521,90.7566,87.2364,501,30098,0.8932,1,2,4849243,4848742,501
350811441,58.5027,55.2945,504,30168,0.86728,1,2,4849280,4848776,504
350814361,41.4011,41.9178,501,30238,0.868912,1,2,4849310,4848809,501
350817281,52.5604,61.1671,487,30308,0.881565,1,2,4849370,4848883,487
350820201,36.6242,46.0668,477,30378,0.814626,1,2,4849396,4848919,477
350823121,35.0497,35.8267,482,30448,0.79985,1,2,4849430,4848948,482
350826041,44.0199,41.9307,486,30518,0.79394,1,2,4849480,4848994,486
350831881,31.4032,33.2289,477,30656,0.75943,1,2,4849538,4849061,477
350834801,47.9613,52.8916,470,30725,0.789772,0.83,2,4849597,4849127,470
350837721,87.5845,90.7566,468,30794,0.897909,0.85,2,4849711,4849243,468
350843561,37.7735,41.4011,461,30932,0.893665,0.89,2,4849771,4849310,461
350846481,52.9094,52.5604,464,31000,0.891466,0.77,2,4849834,4849370,464
350995401,58.5838,31.3626,548,34308,0.837999,1,2,4852173,4851625,548
350998321,41.4335,37.745,536,34370,0.8572,1,2,4852203,4851667,536
351012921,31.5696,39.326,511,34676,0.427021,1,1,4852363,4851852,511
351039201,32.6128,33.1493,483,35221,0.295704,0.45,1,4852744,4852261,483
351042121,34.0451,36.0597,480,35281,0.220282,0.51,1,4852779,4852299,480
351045041,29.218,35.4239,471,35341,0.238113,0.37,1,4852805,4852334,471
351047961,32.0872,31.5696,476,35401,0.269245,0.35,1,4852839,4852363,476
351050881,38.6349,33.6278,484,35461,0.257698,0.41,1,4852882,4852398,484
351053801,43.054,39.2511,487,35521,0.253079,0.37,1,4852928,4852441,487
351056721,79.6216,44.5005,543,35581,0.239232,0.37,1,4853032,4852489,543
351059641,51.0486,82.0002,468,35640,0.209693,0.33,1,4853064,4852596,468
351062561,21.6195,52.0001,438,35699,0.221877,0.35,1,4853066,4852628,438
351065481,26.6478,38.2,439,35758,0.226751,0.31,1,4853096,4852657,439
351068401,22.6591,29.08,436,35817,0.2527,0.29,1,4853116,4852680,436
351071321,27.0636,29.032,437,35876,0.23908,0.29,1,4853146,4852709,437
351074241,30.6255,32.6128,435,35935,0.281632,0.17,1,4853179,4852744,435
351077161,32.6502,34.0451,434,35994,0.274653,0.25,1,4853213,4852779,434
351080081,29.8601,29.218,436,36053,0.247861,0.29,1,4853241,4852805,436
351083001,32.344,32.0872,436,36112,0.261144,0.25,1,4853275,4852839,436
351156001,40.4053,33.0033,493,37548,0.766017,0.63,2,4854203,4853710,493
351158921,44.3621,39.0013,497,37604,0.780407,0.59,2,4854250,4853753,497
351161841,84.9449,43.8005,562,37660,0.822163,0.71,2,4854362,4853800,562
351164761,55.5779,82.3202,490,37716,0.850865,0.71,2,4854398,4853908,490
351167681,23.4312,53.3281,458,37772,0.862346,0.75,2,4854400,4853942,458
351170601,27.3725,22.5312,486,37828,0.890938,0.75,2,4854430,4853944,486
351339961,29.3408,24.9618,519,40942,0.859655,1,2,4856538,4856019,519
351342881,30.9363,29.1847,519,40994,0.757862,1,2,4856570,4856051,519
351348721,93.5098,44.2696,612,41096,0.429658,1,1,4856747,4856135,612
351354561,39.9216,55.8031,507,41198,0.237945,1,1,4856800,4856293,507
351369161,25.3573,28.062,496,41453,0.0909198,0.97,1,4856928,4856432,496
351372081,26.3429,26.8248,497,41504,0.0543679,0.94,1,4856955,4856458,497
351375001,11.7372,28.1299,470,41555,0.0397472,0.97,1,4856957,4856487,470
351377921,10.6949,20.852,464,41606,0.0458989,0.79,1,4856967,4856503,464
351380841,23.4779,29.3408,461,41657,0.0723595,0.69,1,4856999,4856538,461
351383761,26.1912,30.9363,457,41708,0.0709438,0.51,1,4857027,4856570,457
351386681,32.6765,41.7745,445,41759,0.0823775,0.31,1,4857064,4856619,445
351392521,42.4282,48.8039,432,41860,0.0983804,0.15,1,4857198,4856766,432
351421721,22.2659,23.4779,422,42360,0.213779,0.07,1,4857421,4856999,422
351424641,28.7064,26.1912,427,42410,0.259512,0.09,1,4857454,4857027,427
351427561,31.8825,32.6765,424,42460,0.253805,0.13,1,4857488,4857064,424
351430481,85.953,85.0706,426,42510,0.287522,0.09,1,4857610,4857184,426
351450921,24.8655,23.386,432,42856,0.417068,0.17,1,4857783,4857351,432
351453841,24.9462,26.1544,429,42905,0.436827,0.17,1,4857808,4857379,429
351456761,11.1785,11.6618,429,42954,0.444731,0.15,1,4857810,4857381,429
351459681,10.4714,10.6647,429,43003,0.447892,0.15,1,4857820,4857391,429
351462601,23.9886,4.26588,462,43052,0.437157,0.25,1,4857853,4857391,462
351509321,32.7448,29.9954,479,43830,0.789269,0.49,2,4858366,4857887,479
351512241,90.4979,32.3982,574,43878,0.789708,0.55,2,4858495,4857921,574
351515161,45.7992,87.9593,465,43926,0.813883,0.59,2,4858511,4858046,465
351518081,37.5197,43.5837,483,43974,0.799553,0.63,2,4858543,4858060,483
351521001,30.6079,36.0335,478,44022,0.805821,0.63,2,4858569,4858091,478
351523921,33.2431,30.0134,487,44070,0.832329,0.61,2,4858604,4858117,487
351526841,26.4973,33.0054,474,44118,0.842931,0.61,2,4858626,4858152,474
351529761,26.7989,25.8021,480,44166,0.835173,0.65,2,4858653,4858173,480
351532681,26.9196,25.9209,481,44214,0.820069,0.69,2,4858680,4858199,481
351535601,26.3678,25.9683,481,44262,0.826028,0.69,2,4858706,4858225,481
351538521,11.7471,25.9873,457,44310,0.828411,0.69,2,4858708,4858251,457
351541441,11.2989,11.5949,466,44358,0.841364,0.69,2,4858719,4858253,466
351544361,26.1195,10.638,492,44406,0.810546,0.75,2,4858755,4858263,492
351547281,33.2478,24.6552,496,44454,0.774218,0.73,2,4858793,4858297,496
351550201,14.4991,30.8621,463,44501,0.759687,0.83,2,4858795,4858332,463
351553121,26.1997,32.7448,463,44548,0.777875,0.79,2,4858829,4858366,463
351556041,86.6799,90.4979,461,44595,0.82115,0.83,2,4858956,4858495,461
351558961,44.2719,45.7992,461,44642,0.81446,0.79,2,4858972,4858511,461
351561881,37.5088,37.5197,462,44689,0.835784,0.81,2,4859005,4858543,462
351564801,31.2035,30.6079,463,44736,0.856314,0.85,2,4859032,4858569,463
351567721,34.0814,33.2431,464,44783,0.864525,0.85,2,4859068,4858604,464
351570641,26.8326,26.4973,464,44830,0.87981,0.83,2,4859090,4858626,464
351573561,26.333,26.7989,463,44877,0.897924,0.81,2,4859116,4858653,463
351579401,26.6533,26.3678,463,44971,0.896068,0.83,2,4859169,4858706,463
351582321,11.8613,11.7471,463,45018,0.892427,0.85,2,4859171,4858708,463
351585241,10.7445,11.2989,462,45065,0.866971,0.79,2,4859181,4858719,462
351588161,25.2978,26.1195,461,45112,0.892788,0.75,2,4859216,4858755,461
351773581,199.383,205.014,514,21997,0.2044,1,1,4861354,4860840,514
351779421,71.6213,89.5623,482,22189,0.067504,0.73,1,4861458,4860976,482
351782341,72.4485,78.4249,484,22285,0.0570016,0.41,1,4861531,4861047,484
351785261,48.1794,67.37,456,22380,0.0528006,0.11,1,4861563,4861107,456
351788181,56.4718,71.948,443,22475,0.0631203,0.07,1,4861625,4861182,443
351791101,41.7887,48.5792,442,22569,0.0432481,0.11,1,4861657,4861215,442
351794021,87.5155,39.2317,527,22663,0.0352992,0.03,1,4861775,4861248,527
351796941,73.4062,79.2927,485,22757,0.0801197,0.07,1,4861839,4861354,485
351799861,53.3625,69.5171,462,22850,0.0740479,0.03,1,4861879,4861417,462
351802781,66.945,52.4068,497,22943,0.0956192,0.05,1,4861955,4861458,497
351805701,44.778,64.7627,454,23035,0.0802477,0.05,1,4861985,4861531,454
351811541,40.8845,55.242,454,23219,0.0860396,0.03,1,4862079,4861625,454
351814461,88.3538,41.2968,542,23310,0.0644158,0.03,1,4862199,4861657,542
351834901,87.6215,40.8837,543,23940,0.0870612,0.05,1,4862622,4862079,543
351837821,36.2486,88.3535,425,24029,0.0408245,0.13,1,4862624,4862199,425
351840741,54.6994,73.7414,428,24117,0.0223298,0.19,1,4862691,4862263,428
351843661,45.8798,51.6966,431,24205,0.0149319,0.13,1,4862731,4862300,431
351846581,65.1519,69.2786,428,24293,0.0599728,0.13,1,4862809,4862381,428
351849501,44.0608,45.7114,428,24380,0.0779891,0.13,1,4862839,4862411,428
351861181,34.8624,36.2486,423,24726,0.0958365,0.01,1,4863047,4862624,423
351864101,53.5449,54.6994,422,24812,0.0683346,0.01,1,4863113,4862691,422
351867021,45.418,45.8798,422,24897,0.0813338,0.09,1,4863153,4862731,422
351869941,66.1672,65.1519,424,24982,0.0745335,0.09,1,4863233,4862809,424
351872861,44.4669,44.0608,424,25067,0.0958134,0.15,1,4863263,4862839,424
351887461,52.8032,53.5449,424,25487,0.246117,0.05,1,4863537,4863113,424
351890381,45.7213,21.418,465,25570,0.284447,0.09,1,4863578,4863113,465
351954621,90.698,90.1162,459,27336,0.751302,0.75,2,4864807,4864348,459
351960461,56.3917,56.8986,458,27490,0.769408,0.73,2,4864878,4864420,458
351963381,49.5567,49.7594,458,27567,0.769763,0.73,2,4864923,4864465,458
351966301,21.0227,21.1038,458,27644,0.769905,0.73,2,4864925,4864467,458
351969221,56.4091,57.6415,456,27721,0.805962,0.71,2,4865005,4864549,456
351972141,40.5636,41.6566,455,27797,0.868385,0.71,2,4865035,4864580,455
351975061,62.4254,62.8626,455,27873,0.893354,0.73,2,4865112,4864657,455
351980901,92.0681,90.698,458,28025,0.895337,0.73,2,4865265,4864807,458
352068501,57.5795,54.9464,487,30209,0.85288,1,2,4866767,4866280,487
352071421,49.4318,45.9786,491,30279,0.767152,1,2,4866811,4866320,491
352086021,42.9631,53.387,477,30627,0.279699,1,1,4867012,4866535,477
352088941,40.5853,40.5548,484,30696,0.20188,0.93,1,4867051,4866567,484
352094781,44.2936,49.4488,470,30834,0.0551007,0.81,1,4867174,4866704,470
352097701,50.1175,57.5795,461,30903,0.0400403,0.71,1,4867228,4866767,461
352100621,44.047,49.4318,457,30971,0.0460161,0.67,1,4867268,4866811,457
352103541,26.0188,32.3727,450,31039,0.0724064,0.53,1,4867282,4866832,450
352106461,39.8075,43.5491,448,31107,0.0949626,0.45,1,4867331,4866883,448
352118141,35.0127,17.1853,464,31379,0.204751,0.15,1,4867476,4867012,464
352121061,71.6051,30.2741,521,31446,0.2079,0.07,1,4867572,4867051,521
352123981,42.442,72.1096,444,31513,0.20916,0.01,1,4867595,4867151,444
352135661,39.6017,25.9132,473,31781,0.236187,0.11,1,4867755,4867282,473
352138581,35.6407,39.7653,457,31848,0.292475,0.15,1,4867788,4867331,457
352153181,40.5371,71.6046,452,32178,0.421392,0.21,1,4868024,4867572,452
352164861,42.7642,27.0043,483,32440,0.432756,0.27,1,4868190,4867707,483
352167781,38.1057,39.6017,470,32505,0.431102,0.33,1,4868225,4867755,470
352170701,42.8423,35.6407,483,32570,0.442441,0.33,1,4868271,4867788,483
352240781,40.2892,39.7673,453,34094,0.784686,0.63,2,4869248,4868795,453
352243701,75.5157,75.3069,453,34156,0.847874,0.63,2,4869347,4868894,453
352246621,31.4063,31.3228,453,34218,0.87315,0.63,2,4869349,4868896,453
352249541,24.5625,12.5291,473,34280,0.85926,0.65,2,4869369,4868896,473
352252461,45.225,17.0116,512,34342,0.877704,0.73,2,4869428,4868916,512
352255381,42.09,41.0047,495,34404,0.885082,0.73,2,4869468,4868973,495
352389701,29.3178,33.0466,499,37123,0.89464,1,2,4871378,4870879,499
352392621,32.1271,22.8186,517,37180,0.831856,1,2,4871412,4870895,517
352410141,45.1477,50.3264,520,37520,0.206603,1,1,4871634,4871114,520
352436421,22.4116,20.0203,477,38024,0.200417,0.47,1,4871933,4871456,477
352439341,29.3646,27.8081,478,38080,0.218167,0.45,1,4871967,4871489,478
352442261,48.3459,30.9232,506,38135,0.237267,0.21,1,4872028,4871522,506
352445181,40.3383,57.3693,466,38190,0.232907,0.13,1,4872063,4871597,466
352448101,70.7353,45.1477,520,38245,0.279163,0.13,1,4872154,4871634,520
352451021,50.4941,72.6591,466,38300,0.297665,0.17,1,4872191,4871725,466
352465621,27.7494,29.1811,453,38575,0.297874,0.17,1,4872325,4871872,453
352468541,12.2998,26.0725,431,38630,0.29315,0.21,1,4872327,4871896,431
352474381,22.008,22.4116,434,38740,0.295304,0.23,1,4872367,4871933,434
352486061,72.9426,70.7353,437,38957,0.401592,0.31,1,4872591,4872154,437
352488981,51.377,50.4941,437,39011,0.430637,0.31,1,4872628,4872191,437
352564901,51.3047,75.8373,483,40395,0.773405,0.55,2,4873517,4873034,483
352567821,40.9219,52.5349,480,40447,0.807362,0.57,2,4873551,4873071,480
352570741,32.5688,39.614,476,40499,0.832945,0.65,2,4873578,4873102,476
352573661,28.6275,30.2456,478,40551,0.843178,0.67,2,4873604,4873126,478
352576581,30.651,27.6982,484,40603,0.859271,0.69,2,4873636,4873152,484
352579501,27.8604,29.6793,479,40655,0.865708,0.65,2,4873662,4873183,479
352582421,12.3442,27.4717,455,40707,0.880283,0.65,2,4873664,4873209,455
352585341,10.9377,12.1887,463,40759,0.886113,0.65,2,4873674,4873211,463
352588261,22.3751,10.8755,483,40811,0.888445,0.65,2,4873704,4873221,483
352591181,30.55,22.3502,489,40863,0.889378,0.69,2,4873740,4873251,489
352792661,33.7594,27.0967,525,44285,0.813902,1,2,4876187,4875662,525
352851061,127.919,136.143,455,20647,0.0791535,0.07,1,4876929,4876474,455
352853981,80.5677,91.6574,442,20750,0.0496614,0,1,4876978,4876536,442
352856901,70.0271,72.6629,445,20852,0.0498646,0.03,1,4877041,4876596,445
352859821,64.6108,60.8652,453,20954,0.0619458,0.03,1,4877102,4876649,453
352862741,39.6443,43.5461,444,21055,0.0427783,0.03,1,4877125,4876681,444
352865661,36.8577,37.2184,446,21156,0.0591113,0.05,1,4877160,4876714,446
352868581,78.3431,91.6874,424,21256,0.0536445,0.03,1,4877266,4876842,424
352871501,82.9372,88.8749,423,21356,0.0274578,0.03,1,4877352,4876929,423
352874421,62.5749,64.95,423,21455,0.0649831,0.05,1,4877401,4876978,423
352877341,63.43,63.78,424,21554,0.0319932,0.07,1,4877465,4877041,424
352880261,61.972,62.112,424,21652,0.0787973,0.03,1,4877526,4877102,424
352883181,37.9888,38.6448,423,21750,0.0855189,0.07,1,4877548,4877125,423
352886101,37.3955,36.4579,425,21848,0.0402076,0.05,1,4877585,4877160,425
352889021,76.7582,78.1832,422,21945,0.046083,0.01,1,4877688,4877266,422
352891941,82.3033,82.8733,422,22042,0.0244332,0.09,1,4877774,4877352,422
352894861,63.5213,62.5493,424,22138,0.0397733,0.01,1,4877825,4877401,424
352897781,62.6085,63.4197,422,22234,0.0459093,0.11,1,4877887,4877465,422
352900701,62.2434,61.9679,423,22329,0.0243637,0.09,1,4877949,4877526,423
352903621,39.2974,37.9872,425,22424,0.0277455,0.01,1,4877973,4877548,425
352906541,36.1189,37.3949,422,22519,0.0410982,0.01,1,4878007,4877585,422
352909461,75.6476,14.9579,524,22613,0.0344393,0.05,1,4878109,4877585,524
352912381,81.859,67.7832,507,22707,0.0317757,0.01,1,4878195,4877688,507
352915301,64.5436,78.7133,474,22800,0.0307103,0.05,1,4878248,4877774,474
352918221,61.8174,62.0853,483,22893,0.0542841,0.05,1,4878308,4877825,483
352921141,61.927,62.0341,483,22986,0.0757136,0.01,1,4878370,4877887,483
352924061,39.1708,62.0136,445,23078,0.0602855,0.03,1,4878394,4877949,445
352926981,37.2683,39.2055,457,23170,0.0421142,0.05,1,4878430,4877973,457
352929901,75.5073,36.0822,524,23261,0.0588457,0.03,1,4878531,4878007,524
352932821,82.4029,75.6329,509,23352,0.0535383,0.03,1,4878618,4878109,509
352935741,64.7612,81.8531,476,23443,0.0514153,0.03,1,4878671,4878195,476
352938661,62.5045,64.5413,484,23533,0.0625661,0.07,1,4878732,4878248,484
352941581,62.8018,61.8165,487,23623,0.0550264,0.09,1,4878795,4878308,487
352944501,38.3207,61.9266,447,23713,0.0520106,0.05,1,4878817,4878370,447
352947421,36.3283,39.1706,458,23802,0.0868042,0.03,1,4878852,4878394,458
352956181,33.573,82.4029,423,24068,0.0845155,0.05,1,4879041,4878618,423
352959101,44.6292,64.7612,422,24156,0.0998062,0.07,1,4879093,4878671,422
352973701,79.8528,76.3313,432,24591,0.233256,0.07,1,4879387,4878955,432
352979541,32.4565,33.573,425,24763,0.204121,0.11,1,4879466,4879041,425
352982461,44.7826,44.6292,426,24849,0.243648,0.11,1,4879519,4879093,426
352985381,56.913,56.2517,427,24934,0.271459,0.11,1,4879584,4879157,427
352988301,59.9652,59.7007,427,25019,0.270584,0.17,1,4879646,4879219,427
352991221,38.3861,37.0803,429,25104,0.294234,0.15,1,4879670,4879241,429
353017501,38.7489,37.8876,474,25853,0.425253,0.31,1,4880144,4879670,474
353020421,84.4996,37.955,551,25935,0.440101,0.35,1,4880259,4879708,551
353023341,77.5998,82.982,511,26017,0.43404,0.35,1,4880332,4879821,511
353026261,32.2399,76.9928,440,26098,0.431616,0.35,1,4880334,4879894,440
353058381,25.8139,58.6784,450,26977,0.754137,0.57,2,4880908,4880458,450
353061301,47.5256,60.6714,450,27056,0.775655,0.59,2,4880970,4880520,450
353064221,34.6102,40.4685,449,27134,0.808262,0.55,2,4880996,4880547,449
353067141,37.8441,40.1874,449,27212,0.809305,0.61,2,4881036,4880587,449
353070061,85.9376,85.075,452,27290,0.881722,0.67,2,4881154,4880702,452
353072981,79.3751,77.23,455,27368,0.886689,0.67,2,4881229,4880774,455
353210221,80.8829,86.4812,478,30794,0.75256,1,2,4883615,4883137,478
353221901,49.2738,46.6955,493,31068,0.0759535,1,1,4883798,4883305,493
353224821,40.7095,40.8782,491,31136,0.0723814,1,1,4883833,4883342,491
353227741,33.0838,35.5513,487,31204,0.0349526,0.9,1,4883861,4883374,487
353230661,35.4335,36.4205,487,31272,0.043981,1,1,4883898,4883411,487
353233581,27.9734,30.7682,483,31340,0.0235924,1,1,4883921,4883438,483
353236501,50.1894,12.3073,548,31408,0.039437,0.96,1,4883986,4883438,548
353239421,62.0757,55.3229,534,31475,0.0337748,0.61,1,4884056,4883522,534
353242341,44.0303,77.9292,473,31542,0.0555099,0.37,1,4884088,4883615,473
353245261,36.2121,53.9717,466,31609,0.088204,0.23,1,4884119,4883653,466
353248181,47.4848,44.9887,482,31676,0.0532816,0.01,1,4884174,4883692,482
353251101,45.9939,53.9955,467,31743,0.0393126,0.03,1,4884219,4883752,467
353254021,39.3976,49.1982,456,31810,0.0217251,0.07,1,4884254,4883798,456
353256941,32.559,40.6793,449,31877,0.01469,0.01,1,4884282,4883833,449
353259861,37.6236,33.0717,462,31943,0.047876,0.05,1,4884323,4883861,462
353262781,27.6494,35.4287,446,32009,0.0371504,0.01,1,4884344,4883898,446
353265701,50.0598,27.9715,488,32075,0.0448602,0.05,1,4884409,4883921,488
353268621,62.0239,50.1886,493,32141,0.0359441,0.03,1,4884479,4883986,493
353271541,45.2096,62.0754,457,32207,0.0443776,0.07,1,4884513,4884056,457
353274461,34.8838,44.0302,453,32273,0.0717511,0.11,1,4884541,4884088,453
353280301,45.5414,47.4848,466,32404,0.0426802,0.03,1,4884640,4884174,466
353283221,42.2166,45.9939,461,32469,0.0350721,0.01,1,4884680,4884219,461
353286141,31.8866,39.3976,451,32534,0.0320288,0.01,1,4884705,4884254,451
353289061,38.5547,32.559,466,32599,0.0308115,0.07,1,4884748,4884282,466
353291981,25.6219,37.6236,442,32664,0.0663246,0.03,1,4884765,4884323,442
353294901,50.4487,27.6494,488,32729,0.0565298,0.05,1,4884832,4884344,488
353297821,21.3795,50.0598,425,32794,0.0526119,0.03,1,4884834,4884409,425
353300741,49.9518,62.0239,424,32858,0.0990448,0.05,1,4884903,4884479,424
353315341,41.2222,42.2166,423,33178,0.083507,0.03,1,4885103,4884680,423
353318261,31.4889,31.8866,423,33242,0.0394028,0.03,1,4885128,4884705,423
353321181,39.5956,38.5547,425,33306,0.0337611,0.09,1,4885173,4884748,425
353324101,24.2382,25.6219,422,33370,0.0555045,0.05,1,4885187,4884765,422
353327021,51.0953,50.4487,424,33433,0.0642018,0.05,1,4885256,4884832,424
353329941,21.6381,21.3795,424,33496,0.0916807,0.13,1,4885258,4884834,424
353332861,51.2552,49.9518,426,33559,0.0906723,0.13,1,4885329,4884903,426
353335781,43.9021,42.1807,428,33622,0.0902689,0.19,1,4885368,4884940,428
353338701,36.7608,35.4723,429,33685,0.0901076,0.15,1,4885400,4884971,429
353350381,30.8499,31.4889,422,33936,0.0729147,0.03,1,4885550,4885128,422
353353301,39.94,39.5956,423,33998,0.0831659,0.07,1,4885596,4885173,423
353356221,24.376,24.2382,423,34060,0.0872664,0.07,1,4885610,4885187,423
353359141,52.3504,51.0953,425,34122,0.0409065,0.11,1,4885681,4885256,425
353362061,22.1402,21.6381,425,34184,0.0463626,0.09,1,4885683,4885258,425
353364981,50.8561,51.2552,424,34246,0.072545,0.09,1,4885753,4885329,424
353367901,44.3424,20.5021,464,34308,0.071018,0.09,1,4885793,4885329,464
353370821,36.937,31.6008,457,34370,0.0704072,0.09,1,4885825,4885368,457
353385421,40.5158,30.7239,469,34676,0.093505,0.09,1,4886019,4885550,469
353388341,24.6063,39.8896,437,34737,0.079402,0.09,1,4886033,4885596,437
353391261,51.8425,24.3558,493,34798,0.0737608,0.01,1,4886103,4885610,493
353394181,21.937,52.3423,424,34859,0.0475043,0.05,1,4886105,4885681,424
353397101,51.9748,22.1369,494,34920,0.0610017,0.09,1,4886177,4885683,494
353400021,44.7899,50.8548,464,34981,0.0664007,0.07,1,4886217,4885753,464
353402941,37.116,44.3419,456,35041,0.0805603,0.07,1,4886249,4885793,456
353405861,49.0464,36.9368,481,35101,0.0862241,0.15,1,4886306,4885825,481
353423381,50.359,24.6063,492,35461,0.211517,0.07,1,4886525,4886033,492
353426301,21.3436,51.8425,424,35521,0.222607,0.03,1,4886527,4886103,424
353429221,52.9374,21.937,496,35581,0.275043,0.07,1,4886601,4886105,496
353432141,45.175,51.9748,464,35640,0.296017,0.07,1,4886641,4886177,464
353446741,37.6741,36.6474,430,35935,0.437921,0.17,1,4886805,4886375,430
353449661,28.2696,27.859,430,35994,0.409168,0.19,1,4886827,4886397,430
353452581,39.5079,38.7436,431,36053,0.409667,0.19,1,4886874,4886443,431
353455501,24.2031,23.8974,431,36112,0.433867,0.23,1,4886888,4886457,431
353522661,40.7192,27.8354,498,37436,0.782343,0.63,2,4887766,4887268,498
353525581,25.2877,39.9342,465,37492,0.810937,0.65,2,4887781,4887316,465
353528501,54.5151,24.3737,525,37548,0.822375,0.63,2,4887855,4887330,525
353531421,23.006,53.5495,454,37604,0.82695,0.67,2,4887857,4887403,454
353534341,59.0024,22.6198,535,37660,0.81678,0.69,2,4887940,4887405,535
353537261,48.201,57.0479,496,37716,0.824712,0.69,2,4887981,4887485,496
353540181,20.4804,47.4192,457,37772,0.827885,0.69,2,4887983,4887526,457
353543101,27.3922,20.1677,487,37828,0.853154,0.69,2,4888015,4887528,487
353546021,46.9569,27.2671,515,37884,0.863262,0.69,2,4888075,4887560,515
353548941,43.3827,46.9068,496,37940,0.879305,0.67,2,4888116,4887620,496
353551861,39.5531,43.3627,492,37996,0.885722,0.71,2,4888153,4887661,492
353554781,29.6212,37.7451,481,38052,0.876289,0.77,2,4888176,4887695,481
353557701,42.4485,28.298,510,38108,0.896515,0.81,2,4888227,4887717,510
353706621,23.0411,28.0335,500,40838,0.892702,0.99,2,4890101,4889601,500
353712461,31.1666,33.6454,514,40942,0.868832,1,2,4890169,4889655,514
353715381,40.0666,32.0581,529,40994,0.785533,1,2,4890215,4889686,529
353735821,34.2288,42.7929,502,41351,0.438794,1,1,4890483,4889981,502
353738741,37.0915,37.5172,507,41402,0.445518,1,1,4890522,4890015,507
353741661,33.4366,36.0069,503,41453,0.436207,0.91,1,4890553,4890050,503
353840941,36.4846,33.3838,490,43150,0.757904,0.65,2,4891609,4891119,490
353843861,49.3938,34.9535,512,43199,0.765162,0.69,2,4891667,4891155,512
353846781,41.3575,49.3814,489,43248,0.792065,0.71,2,4891703,4891214,489
353849701,37.543,40.7526,489,43297,0.838826,0.71,2,4891738,4891249,489
353852621,28.2172,35.501,479,43346,0.83353,0.77,2,4891760,4891281,479
353855541,38.2869,27.4004,502,43395,0.843412,0.71,2,4891805,4891303,502
353858461,30.9148,37.9602,483,43444,0.847365,0.71,2,4891831,4891348,483
353861381,38.7659,31.3841,500,43493,0.884946,0.71,2,4891875,4891375,500
353864301,34.7064,38.9536,488,43542,0.899978,0.69,2,4891907,4891419,488
354024901,29.5639,30.0937,509,46130,0.899245,1,2,4893660,4893151,509
354191341,26.9083,26.5622,497,48666,0.894855,1,2,4895442,4894945,497
354194261,33.5633,21.4249,517,48709,0.891942,1,2,4895480,4894963,517
354197181,26.0253,30.1699,502,48752,0.842777,1,2,4895501,4894999,502
354200101,21.8101,30.668,490,48795,0.835111,1,2,4895520,4895030,490
354203021,16.5241,21.8672,487,48838,0.856044,1,2,4895533,4895046,487
354205941,15.6096,8.74688,502,48881,0.840418,1,2,4895548,4895046,502
354208861,22.4438,18.4988,504,48924,0.798167,1,2,4895575,4895071,504
354211781,29.9775,25.3995,509,48967,0.817267,1,2,4895610,4895101,509
354232221,25.0172,36.4389,487,49268,0.756925,0.86,2,4895856,4895369,487
354243901,25.5284,33.5632,486,49440,0.771489,0.81,2,4895966,4895480,486
354246821,21.6114,26.0253,484,49483,0.770596,0.83,2,4895985,4895501,484
354249741,14.6445,21.8101,475,49526,0.782238,0.87,2,4895995,4895520,475
354252661,12.4578,16.524,473,49569,0.798895,0.83,2,4896006,4895533,473
354255581,21.7831,15.6096,486,49612,0.781558,0.77,2,4896034,4895548,486
354258501,29.7133,22.4438,494,49654,0.798623,0.83,2,4896069,4895575,494
354261421,41.2853,29.9775,508,49696,0.829449,0.69,2,4896118,4895610,508
354264341,36.3141,44.391,487,49738,0.86578,0.73,2,4896151,4895664,487
354267261,32.5256,34.5564,489,49780,0.856312,0.73,2,4896181,4895692,489
354270181,37.0103,32.4226,498,49822,0.876525,0.63,2,4896221,4895723,498
354273101,38.2041,38.769,494,49864,0.89661,0.75,2,4896260,4895766,494
354468741,337.578,350.527,510,23360,0.802,1,2,4898549,4898039,510
354516921,99.221,90.8337,513,24266,0.410608,0.92,1,4898831,4898318,513
354522761,65.6754,68.5334,497,24440,0.237297,0.75,1,4898938,4898441,497
354540281,72.6954,87.0954,439,24956,0.23592,0.29,1,4899270,4898831,439
354543201,50.0782,58.8382,434,25041,0.220368,0.17,1,4899305,4898871,434
354546121,57.8313,63.7353,430,25126,0.274147,0.17,1,4899368,4898938,430
354560721,53.5439,27.8187,473,25544,0.288782,0.19,1,4899614,4899141,473
354575321,36.364,42.5047,468,25956,0.417149,0.31,1,4899869,4899401,468
354578241,44.5456,36.2019,486,26038,0.42486,0.33,1,4899919,4899433,486
354613281,67.4141,77.0829,452,26998,0.795724,0.61,2,4900593,4900141,452
354616201,48.5656,52.4332,452,27076,0.80429,0.65,2,4900629,4900177,452
354619121,60.2263,59.9733,455,27154,0.819716,0.67,2,4900697,4900242,455
354622041,46.8905,46.7893,455,27232,0.837886,0.67,2,4900735,4900280,455
354624961,37.9562,37.3157,456,27310,0.821155,0.71,2,4900767,4900311,456
354627881,45.7825,44.9263,457,27388,0.826462,0.73,2,4900818,4900361,457
354630801,72.913,71.9705,458,27465,0.840585,0.75,2,4900909,4900451,458
354633721,55.5652,54.5882,459,27542,0.846234,0.75,2,4900953,4900494,459
354636641,23.4261,23.0353,459,27619,0.884494,0.83,2,4900955,4900496,459
354759281,39.5135,34.5007,490,30672,0.77608,1,2,4903115,4902625,490
354773881,36.0465,39.745,481,31016,0.286357,1,1,4903357,4902876,481
354776801,48.0186,52.498,476,31084,0.240543,0.95,1,4903413,4902937,476
354788481,35.8853,16.7135,499,31356,0.0966379,0.65,1,4903576,4903077,499
354791401,39.5541,29.4854,503,31423,0.0926552,0.71,1,4903618,4903115,503
354794321,35.0216,36.9942,493,31490,0.0910621,0.61,1,4903650,4903157,493
354817681,35.287,38.7106,458,32023,0.213392,0.07,1,4904000,4903542,458
354820601,38.7148,35.8842,465,32089,0.259357,0.09,1,4904041,4903576,465
354835201,47.4067,32.7454,482,32418,0.446205,0.11,1,4904269,4903787,482
354838121,50.7627,44.8981,482,32483,0.436482,0.13,1,4904322,4903840,482
354841041,44.9051,50.3593,469,32548,0.444593,0.13,1,4904363,4903894,469
354843961,38.962,43.5437,465,32613,0.423837,0.23,1,4904398,4903933,465
354846881,37.7848,37.2175,469,32678,0.427535,0.23,1,4904435,4903966,469
354890681,54.6559,53.3737,448,33635,0.761868,0.51,2,4905032,4904584,448
354893601,50.0624,49.5495,448,33698,0.802747,0.53,2,4905079,4904631,448
354896521,33.2249,33.0198,448,33761,0.831099,0.61,2,4905101,4904653,448
354899441,50.49,49.2079,450,33824,0.83044,0.61,2,4905163,4904713,450
354902361,51.396,50.8832,450,33887,0.866176,0.61,2,4905215,4904765,450
354905281,45.7584,44.3533,452,33949,0.85647,0.61,2,4905257,4904805,452
354908201,39.3034,38.7413,452,34011,0.840588,0.63,2,4905292,4904840,452
354911121,40.3213,39.4965,453,34073,0.846235,0.67,2,4905333,4904880,453
354914041,44.3285,40.9986,458,34135,0.860494,0.69,2,4905380,4904922,458
354916961,18.9314,17.5994,458,34197,0.866198,0.75,2,4905382,4904924,458
354919881,29.7726,28.6398,459,34259,0.868479,0.75,2,4905419,4904960,459
354922801,55.709,11.4559,532,34321,0.833392,0.79,2,4905492,4904960,532
354925721,51.0836,47.7824,508,34383,0.855357,0.83,2,4905540,4905032,508
354928641,33.6334,47.3129,483,34444,0.864143,0.85,2,4905562,4905079,483
354931561,51.2534,32.1252,524,34505,0.879657,0.83,2,4905625,4905101,524
354934481,52.3014,50.0501,515,34566,0.873863,0.89,2,4905678,4905163,515
354937401,46.1205,51.22,505,34627,0.871545,0.85,2,4905720,4905215,505
354940321,38.8482,45.688,497,34688,0.870618,0.83,2,4905754,4905257,497
354943241,40.7393,39.2752,504,34749,0.882247,0.85,2,4905796,4905292,504
355062961,46.3968,35.771,501,37161,0.800184,1,2,4907469,4906968,501
355086321,33.68,44.4067,496,37614,0.246146,1,1,4907776,4907280,496
355106761,32.5483,35.7434,484,38006,0.214801,0.51,1,4908023,4907539,484
355109681,32.2193,36.4974,479,38062,0.24792,0.45,1,4908055,4907576,479
355112601,39.8877,34.999,490,38118,0.249168,0.43,1,4908100,4907610,490
355115521,39.9551,43.9996,480,38173,0.285667,0.27,1,4908140,4907660,480
355147641,30.1478,32.2193,435,38778,0.435674,0.25,1,4908490,4908055,435
355226481,39.2684,29.7324,495,40222,0.751419,0.61,2,4909428,4908933,495
355229401,42.1074,38.2929,495,40274,0.774568,0.65,2,4909472,4908977,495
355249841,42.3669,45.6933,492,40638,0.758873,0.69,2,4909732,4909240,492
355252761,36.1468,41.6773,485,40690,0.789549,0.73,2,4909764,4909279,485
355255681,15.6587,34.6709,457,40742,0.81382,0.73,2,4909766,4909309,457
355258601,30.2635,15.0684,495,40794,0.847528,0.71,2,4909806,4909311,495
355445481,48.2746,72.3147,461,20347,0.416016,0.51,1,4912280,4911819,461
355448401,73.3098,44.5259,525,20451,0.412407,0.37,1,4912370,4911845,525
355489281,66.5233,62.9734,457,21858,0.754569,0.65,2,4913271,4912814,457
355492201,78.8093,79.1894,454,21955,0.787828,0.69,2,4913358,4912904,454
355495121,91.5237,90.4757,456,22052,0.849131,0.75,2,4913458,4913002,456
355498041,79.2095,78.1903,457,22148,0.861652,0.75,2,4913529,4913072,457
355500961,76.0838,75.6761,457,22244,0.878661,0.73,2,4913603,4913146,457
355503881,44.8335,45.2704,456,22339,0.873464,0.73,2,4913627,4913171,456
355506801,19.1334,19.3082,456,22434,0.895386,0.77,2,4913629,4913173,456
355582721,75.586,75.6529,487,24773,0.80872,1,2,4915366,4914879,487
355594401,34.6854,37.1399,479,25114,0.212655,1,1,4915560,4915081,479
355600241,71.0697,75.6624,472,25282,0.0976248,0.98,1,4915713,4915241,472
355603161,48.8279,49.465,474,25366,0.0570499,0.71,1,4915747,4915273,474
355606081,62.1311,75.586,452,25450,0.02882,0.71,1,4915818,4915366,452
355609001,59.0525,30.2344,509,25533,0.041528,0.63,1,4915875,4915366,509
355611921,59.621,48.6938,508,25616,0.0946112,0.41,1,4915935,4915427,508
355620681,53.6877,33.5244,494,25863,0.0970151,0.09,1,4916054,4915560,494
355623601,69.4751,57.2098,501,25945,0.044806,0.07,1,4916134,4915633,501
355626521,49.39,70.8839,457,26027,0.0479224,0.03,1,4916170,4915713,457
355629441,61.156,48.7536,492,26108,0.073169,0.01,1,4916239,4915747,492
355632361,60.4624,62.1014,481,26189,0.0592676,0.05,1,4916299,4915818,481
355635281,61.985,59.0406,487,26270,0.077707,0.13,1,4916362,4915875,487
355638201,40.394,59.6162,453,26351,0.0970828,0.11,1,4916388,4915935,453
355644041,52.543,29.2186,494,26511,0.0719332,0.09,1,4916478,4915984,494
355646961,69.6172,53.6874,505,26591,0.0287733,0.01,1,4916559,4916054,505
355649881,48.8469,69.475,460,26671,0.0415093,0.05,1,4916594,4916134,460
355673241,68.7068,69.6172,424,27299,0.0784803,0.05,1,4916983,4916559,424
355676161,48.4827,48.8469,424,27377,0.0733921,0.15,1,4917018,4916594,424
355684921,62.7909,63.0542,429,27608,0.207497,0.15,1,4917216,4916787,429
355687841,26.3164,26.4217,429,27685,0.220999,0.19,1,4917218,4916789,429
355690761,26.1265,26.1687,429,27761,0.2504,0.19,1,4917244,4916815,429
355693681,23.6506,23.6675,429,27837,0.28616,0.13,1,4917266,4916837,429
355699521,64.8641,68.7068,422,27989,0.258186,0.07,1,4917405,4916983,422
355702441,47.5456,48.4827,423,28065,0.241274,0.15,1,4917441,4917018,423
355705361,65.2183,63.1931,427,28140,0.24651,0.21,1,4917518,4917091,427
355708281,65.6873,62.4772,431,28215,0.284604,0.23,1,4917584,4917153,431
355711201,65.2749,62.7909,433,28290,0.299842,0.23,1,4917649,4917216,433
355737481,66.7718,65.6614,501,28956,0.400002,0.31,1,4918085,4917584,501
355740401,27.9087,65.2646,438,29029,0.418001,0.35,1,4918087,4917649,438
355743321,28.5635,27.3058,465,29102,0.4252,0.33,1,4918116,4917651,465
355746241,25.8254,27.7223,461,29175,0.44008,0.35,1,4918140,4917679,461
355792961,70.9339,69.023,454,30314,0.755792,0.65,2,4918981,4918527,454
355795881,29.5736,28.8092,454,30384,0.752317,0.67,2,4918983,4918529,454
355798801,29.8294,28.9237,455,30454,0.762927,0.69,2,4919013,4918558,455
355801721,27.5318,26.5695,456,30523,0.803171,0.69,2,4919039,4918583,456
355804641,12.2127,11.8278,456,30592,0.819268,0.63,2,4919041,4918585,456
355807561,42.6851,43.7311,454,30661,0.885707,0.73,2,4919104,4918650,454
355930201,49.758,58.5981,481,33436,0.784835,1,2,4921065,4920584,481
355933121,37.9032,36.6393,489,33499,0.763934,1,2,4921095,4920606,489
355944801,73.2535,70.922,490,33751,0.444981,1,1,4921354,4920864,490
355950641,28.1606,32.1075,484,33877,0.410797,0.94,1,4921400,4920916,484
355956481,23.5857,29.7372,473,34001,0.441328,0.92,1,4921445,4920972,473
355959401,26.2343,29.8949,471,34063,0.446531,0.7,1,4921473,4921002,471
355965241,32.5175,37.9032,457,34187,0.442245,0.71,1,4921552,4921095,457
355982761,28.3635,47.2722,455,34557,0.438859,0.45,1,4921840,4921385,455
355985681,26.3454,27.9089,465,34618,0.421544,0.49,1,4921865,4921400,465
355988601,23.1382,24.3636,464,34679,0.426617,0.43,1,4921886,4921422,464
355991521,27.2553,23.5454,471,34740,0.440647,0.45,1,4921916,4921445,471
355994441,43.3021,26.2182,497,34801,0.446259,0.47,1,4921970,4921473,497
356047001,43.0436,44.5612,454,35879,0.767792,0.65,2,4922720,4922266,454
356049921,26.8174,27.4245,454,35938,0.781117,0.65,2,4922736,4922282,454
356052841,26.327,26.5698,454,35997,0.762447,0.65,2,4922762,4922308,454
356055761,23.1308,22.6279,455,36056,0.766979,0.65,2,4922783,4922328,455
356058681,29.0523,28.2512,456,36115,0.780791,0.67,2,4922816,4922360,456
356061601,42.8209,43.1005,455,36174,0.786317,0.67,2,4922868,4922413,455
356064521,30.3284,30.4402,455,36232,0.800527,0.67,2,4922890,4922435,455
356067441,37.9313,37.9761,455,36290,0.854211,0.65,2,4922933,4922478,455
356070361,57.7725,58.3904,454,36348,0.899684,0.65,2,4923004,4922550,454
356222201,65.1678,70.3194,486,39256,0.85292,1,2,4925056,4924570,486
356225121,42.8671,48.5278,480,39310,0.887168,1,2,4925084,4924604,480
356230961,31.0987,27.6844,489,39418,0.876347,1,2,4925146,4924657,489
356233881,32.8395,26.0738,498,39472,0.884539,1,2,4925180,4924682,498
356236801,28.1358,31.4295,488,39526,0.875816,0.97,2,4925205,4924717,488
356239721,27.4543,32.9718,481,39579,0.812326,0.95,2,4925232,4924751,481
356242641,18.1817,24.5887,474,39632,0.78693,1,2,4925244,4924770,474
356245561,22.8727,23.6355,477,39685,0.812772,1,2,4925270,4924793,477
356248481,32.5491,31.0542,480,39738,0.751109,0.93,2,4925309,4924829,480
356254321,38.6879,42.0487,465,39844,0.769377,0.91,2,4925405,4924940,465
356260161,68.4701,65.1678,469,39950,0.7843,0.91,2,4925525,4925056,469
356263081,45.988,42.8671,472,40003,0.85972,0.91,2,4925556,4925084,472
356266001,35.1952,38.7468,464,40056,0.889888,0.86,2,4925584,4925120,464
356271841,29.8712,12.4395,494,40162,0.834782,0.89,2,4925640,4925146,494
356274761,27.5485,25.3758,486,40215,0.855913,0.87,2,4925666,4925180,486
356277681,26.0194,25.1503,486,40268,0.852365,0.77,2,4925691,4925205,486
356280601,17.0078,26.2601,470,40320,0.862946,0.77,2,4925702,4925232,470
356283521,21.2031,17.7041,482,40372,0.843178,0.83,2,4925726,4925244,482
356286441,33.0812,22.6816,497,40424,0.859271,0.71,2,4925767,4925270,497
356289361,54.0325,32.4726,526,40476,0.877708,0.73,2,4925835,4925309,526
356292281,39.613,53.1891,489,40528,0.885083,0.79,2,4925865,4925376,489
356493761,103.354,105.182,503,20031,0.082288,0.77,1,4928470,4927967,503
356496681,79.1415,87.0728,491,20137,0.0869152,0.53,1,4928533,4928042,491
356499601,65.2566,75.0291,480,20242,0.0527661,0.43,1,4928589,4928109,480
356502521,44.1026,62.4116,456,20347,0.0751064,0.37,1,4928619,4928163,456
356505441,60.2411,45.9647,492,20451,0.0960426,0.23,1,4928690,4928198,492
356508361,102.696,54.3859,563,20555,0.080417,0.01,1,4928821,4928258,563
356511281,83.0786,106.354,492,20658,0.0861668,0.03,1,4928891,4928399,492
356525881,49.5093,59.7748,427,21167,0.248284,0.07,1,4929117,4928690,427
356528801,97.2037,102.51,425,21267,0.285314,0.09,1,4929246,4928821,425
356534641,73.5126,72.8016,427,21466,0.26285,0.13,1,4929384,4928957,427
356537561,65.405,63.3206,430,21565,0.24314,0.17,1,4929444,4929014,430
356540481,45.962,43.9283,432,21663,0.223256,0.21,1,4929477,4929045,432
356543401,19.5848,18.7713,432,21761,0.215302,0.29,1,4929479,4929047,432
356546321,51.0339,49.5085,434,21858,0.236121,0.31,1,4929551,4929117,434
356569681,100.632,20.4136,567,22623,0.412062,0.35,1,4930118,4929551,567
356572601,82.8529,86.7654,507,22717,0.446825,0.31,1,4930189,4929682,507
356575521,72.1412,77.3062,501,22810,0.44873,0.37,1,4930254,4929753,501
356578441,64.2565,69.3225,496,22903,0.437492,0.35,1,4930313,4929817,496
356607641,55.4127,19.4008,524,23812,0.792809,0.53,2,4930872,4930348,524
356610561,106.765,53.3603,589,23901,0.899124,0.61,2,4931013,4930424,589
356727361,36.8922,38.3525,486,27221,0.8836,1,2,4933227,4932741,486
356741961,48.06,54.7258,476,27608,0.298152,1,1,4933567,4933091,476
356744881,36.624,41.6903,472,27685,0.293261,1,1,4933596,4933124,472
356747801,36.2496,40.0761,469,27761,0.267304,0.99,1,4933632,4933163,469
356750721,27.6998,29.2305,469,27837,0.280922,0.81,1,4933654,4933185,469
356777001,28.5925,27.4598,457,28514,0.403533,0.29,1,4934089,4933632,457
356779921,32.437,24.1839,470,28588,0.407413,0.33,1,4934124,4933654,470
356782841,102.975,30.6736,585,28662,0.420965,0.31,1,4934274,4933689,585
356785761,60.3899,101.669,468,28736,0.426386,0.37,1,4934306,4933838,468
356788681,44.556,59.2678,471,28810,0.440554,0.35,1,4934340,4933869,471
356817881,51.6963,44.5559,499,29536,0.761571,0.51,2,4934839,4934340,499
356820801,49.4785,49.6224,494,29608,0.778629,0.55,2,4934887,4934393,494
356823721,37.7914,47.449,478,29679,0.797451,0.57,2,4934917,4934439,478
356826641,37.3166,37.5796,484,29750,0.828981,0.53,2,4934954,4934470,484
356829561,31.1266,36.6318,475,29821,0.829592,0.59,2,4934981,4934506,475
356832481,13.6506,29.6527,452,29892,0.829837,0.63,2,4934983,4934531,452
356835401,26.4603,32.2611,453,29963,0.853935,0.71,2,4935018,4934565,453
356838321,104.184,103.504,458,30034,0.899574,0.75,2,4935174,4934716,458
357042721,37.718,34.4658,518,34618,0.8236,1,2,4938315,4937797,518
357045641,35.4872,43.1863,503,34679,0.86344,1,2,4938349,4937846,503
357048561,45.3949,40.0745,517,34740,0.819376,1,2,4938401,4937884,517
357060241,41.1989,49.4435,511,34984,0.090336,1,1,4938616,4938105,511
357063161,44.0796,43.1774,518,35044,0.0661344,1,1,4938662,4938144,518
357066081,33.2318,37.671,510,35104,0.0444538,1,1,4938688,4938178,510
357069001,28.8927,32.4684,507,35164,0.0237815,1,1,4938714,4938207,507
357071921,31.9571,30.9874,511,35224,0.0275126,0.89,1,4938748,4938237,511
357074841,31.9828,35.7949,504,35284,0.011005,0.75,1,4938780,4938276,504
357077761,31.9931,37.718,497,35344,0.022402,0.89,1,4938812,4938315,497
357080681,39.1973,35.4872,507,35404,0.0149608,0.79,1,4938856,4938349,507
357083601,64.8789,45.3949,537,35464,0.0479843,0.45,1,4938938,4938401,537
357086521,42.7516,76.358,468,35524,0.0491937,0.23,1,4938966,4938498,468
357092361,39.1202,44.4973,462,35643,0.043871,0.03,1,4939039,4938577,462
357095281,16.8481,41.1989,425,35702,0.0235484,0.05,1,4939041,4938616,425
357098201,32.5392,44.0796,422,35761,0.0874194,0.03,1,4939084,4938662,422
357101121,28.6157,33.2318,422,35820,0.0769677,0.01,1,4939110,4938688,422
357104041,28.2463,28.8927,424,35879,0.0307871,0.03,1,4939138,4938714,424
357106961,30.4985,31.9571,422,35938,0.0663148,0,1,4939170,4938748,422
357109881,31.3994,31.9828,422,35997,0.0445259,0.03,1,4939202,4938780,422
357112801,31.7598,31.9931,422,36056,0.0478104,0.01,1,4939234,4938812,422
357115721,39.7039,39.1973,423,36115,0.0371241,0.07,1,4939279,4938856,423
357118641,65.0816,64.8789,423,36174,0.0808497,0.05,1,4939361,4938938,423
357121561,44.6326,42.7516,426,36232,0.0983399,0.15,1,4939392,4938966,426
357139081,27.3735,28.2463,422,36580,0.0793666,0.09,1,4939560,4939138,422
357142001,30.1494,30.4985,422,36638,0.0857467,0.03,1,4939592,4939170,422
357144921,31.2598,31.3994,422,36696,0.0402987,0.05,1,4939624,4939202,422
357147841,32.9039,31.7598,424,36754,0.0221195,0.03,1,4939658,4939234,424
357150761,38.9616,39.7039,422,36811,0.0268478,0.11,1,4939701,4939279,422
357153681,67.1846,65.0816,426,36868,0.0527391,0.11,1,4939787,4939361,426
357156601,44.8738,44.6326,425,36925,0.0630956,0.11,1,4939817,4939392,425
357159521,40.1495,38.253,428,36982,0.0552383,0.15,1,4939854,4939426,428
357162441,37.0598,36.9012,427,37039,0.0880953,0.11,1,4939889,4939462,427
357165361,16.0239,15.9605,427,37096,0.0772381,0.11,1,4939891,4939464,427
357168281,34.0096,34.5842,426,37153,0.0968952,0.11,1,4939937,4939511,426
357171201,26.8038,13.8337,448,37210,0.0807581,0.13,1,4939959,4939511,448
357174121,23.9215,18.1335,449,37267,0.0983032,0.05,1,4939981,4939532,449
357182881,32.995,30.7285,456,37438,0.0852514,0.01,1,4940080,4939624,456
357185801,38.398,32.6914,464,37494,0.0521006,0.03,1,4940122,4939658,464
357188721,67.5592,38.8766,508,37550,0.0748402,0.07,1,4940209,4939701,508
357191641,45.0237,67.1506,452,37606,0.0839361,0.07,1,4940239,4939787,452
357194561,41.4095,44.8602,461,37662,0.0755744,0.05,1,4940278,4939817,461
357197481,37.5638,40.1441,459,37718,0.0722298,0.11,1,4940313,4939854,459
357200401,16.2255,37.0576,426,37774,0.0708919,0.07,1,4940315,4939889,426
357203321,34.0902,16.0231,470,37830,0.0943568,0.11,1,4940361,4939891,470
357223761,69.5706,38.398,512,38220,0.0945752,0.09,1,4940634,4940122,512
357226681,45.8283,67.5592,455,38275,0.0798301,0.09,1,4940664,4940209,455
357229601,41.1313,45.0237,463,38330,0.073932,0.07,1,4940702,4940239,463
357232521,37.4525,41.4095,459,38385,0.0595728,0.07,1,4940737,4940278,459
357235441,16.181,37.5638,426,38440,0.0538291,0.07,1,4940739,4940313,426
357238361,35.2724,16.2255,472,38495,0.0515317,0.11,1,4940787,4940315,472
357241281,29.109,34.0902,451,38550,0.0986127,0.13,1,4940812,4940361,451
357255881,30.4488,32.0665,430,38824,0.224719,0.15,1,4940932,4940502,430
357258801,34.9795,37.4266,427,38878,0.239887,0.05,1,4940970,4940543,427
357261721,66.7918,69.5706,424,38932,0.293955,0.07,1,4941058,4940634,424
357279241,31.1053,29.109,428,39256,0.412332,0.13,1,4941240,4940812,428
357282161,26.8421,24.8436,430,39310,0.422933,0.13,1,4941264,4940834,430
357355161,32.5552,37.1391,479,40632,0.760531,0.61,2,4942133,4941654,479
357369761,33.9775,28.5793,490,40892,0.769577,0.65,2,4942265,4941775,490
357372681,36.391,33.0317,492,40944,0.781831,0.65,2,4942303,4941811,492
357375601,69.7564,36.6127,545,40996,0.822732,0.67,2,4942395,4941850,545
357378521,47.7026,69.2451,487,41047,0.863093,0.67,2,4942428,4941941,487
357381441,44.281,47.498,496,41098,0.855237,0.71,2,4942470,4941974,496
357384361,40.5124,42.9992,494,41149,0.852095,0.75,2,4942508,4942014,494
357387281,17.405,38.7997,460,41200,0.850838,0.75,2,4942510,4942050,460
357390201,38.162,16.7199,510,41251,0.862335,0.75,2,4942562,4942052,510
357393121,32.0648,37.8879,486,41302,0.866934,0.77,2,4942590,4942104,486
357396041,27.2259,32.5552,481,41353,0.868774,0.73,2,4942614,4942133,481
357398961,12.0904,28.6221,457,41404,0.869509,0.69,2,4942616,4942159,457
357401881,28.8361,12.6488,495,41455,0.869804,0.73,2,4942656,4942161,495
357547881,38.1178,45.4695,514,43928,0.892,1,2,4944400,4943886,514
357550801,36.2471,36.1878,519,43976,0.8008,1,2,4944435,4943916,519
357553721,31.8988,34.2751,515,44024,0.80632,1,2,4944464,4943949,515
357556641,30.7595,31.11,516,44072,0.796528,1,2,4944494,4943978,516
357559561,29.7038,28.644,518,44120,0.780611,1,2,4944523,4944005,518
357594601,32.0907,36.2471,466,44691,0.444221,0.81,1,4944901,4944435,466
357597521,29.0363,31.8988,464,44738,0.435689,0.79,1,4944928,4944464,464
357600441,26.6145,30.7595,459,44785,0.420275,0.77,1,4944953,4944494,459
357606281,21.1783,26.2815,451,44879,0.438044,0.67,1,4944998,4944547,451
357609201,28.8713,28.5126,455,44926,0.445218,0.55,1,4945032,4944577,455
357655921,30.5708,29.5485,446,45672,0.775884,0.53,2,4945508,4945062,446
357658841,25.4283,25.0194,446,45718,0.796354,0.49,2,4945530,4945084,446
357661761,19.7713,19.6078,446,45764,0.804541,0.53,2,4945546,4945100,446
357664681,19.9085,19.8431,446,45810,0.795817,0.59,2,4945566,4945120,446
357667601,38.5634,36.7372,449,45856,0.828327,0.55,2,4945617,4945168,449
357670521,33.4254,32.6949,449,45902,0.853331,0.57,2,4945647,4945198,449
357673441,48.7701,47.878,450,45948,0.851332,0.57,2,4945706,4945256,450
357676361,38.7081,19.1512,482,45994,0.838533,0.67,2,4945738,4945256,482
357679281,31.0832,25.0605,479,46040,0.833413,0.63,2,4945764,4945285,479
357682201,31.0333,26.2242,483,46086,0.831365,0.63,2,4945795,4945312,483
357685121,29.8133,28.4897,482,46132,0.818546,0.69,2,4945824,4945342,482
357688041,28.7253,28.1959,482,46178,0.849418,0.71,2,4945852,4945370,482
357690961,28.2901,26.8783,484,46224,0.861767,0.75,2,4945880,4945396,484
357693881,23.3161,27.5513,476,46270,0.866707,0.71,2,4945900,4945424,476
357696801,29.1264,23.0205,489,46316,0.868683,0.73,2,4945933,4945444,489
357930401,271.819,298.393,467,21900,0.213693,0.67,1,4948542,4948075,467
357936241,81.8911,88.7829,471,22817,0.0833908,0.27,1,4948642,4948171,471
357947921,64.1364,47.436,477,23187,0.0918468,0,1,4948848,4948371,477
357950841,54.4546,67.5744,444,23278,0.0547387,0.03,1,4948896,4948452,444
357953761,98.5818,81.0298,482,23369,0.0758955,0.03,1,4949024,4948542,482
357956681,64.6327,68.4119,464,23460,0.0963582,0.07,1,4949066,4948602,464
357977121,86.7107,98.4568,426,24085,0.202541,0.11,1,4949450,4949024,426
357980041,60.4843,64.5827,427,24173,0.243016,0.11,1,4949493,4949066,427
357982961,63.7937,65.4331,427,24261,0.271207,0.11,1,4949559,4949132,427
357985881,41.1175,41.7732,427,24348,0.294483,0.13,1,4949585,4949158,427
358003401,62.4909,60.4843,435,24866,0.434468,0.29,1,4949928,4949493,435
358055961,42.8444,67.3747,472,26358,0.781425,0.49,2,4950914,4950442,472
358058881,38.7377,42.5499,482,26438,0.79857,0.51,2,4950950,4950468,482
358061801,68.2951,38.62,534,26518,0.817428,0.59,2,4951038,4950504,534
358064721,54.918,65.848,496,26598,0.848971,0.61,2,4951084,4950588,496
358067641,23.1672,52.7392,454,26678,0.885588,0.61,2,4951086,4950632,454
358199041,56.0391,67.2534,491,30041,0.873463,1,2,4953485,4952994,491
358201961,41.0156,44.9014,492,30111,0.859385,1,2,4953516,4953024,492
358204881,69.2063,77.3605,481,30181,0.877754,1,2,4953604,4953123,481
358207801,45.6825,50.7442,478,30251,0.885102,0.93,2,4953634,4953156,478
358210721,63.873,73.6977,465,30321,0.876041,0.95,2,4953710,4953245,465
358213641,45.9492,49.8791,465,30391,0.884416,0.89,2,4953744,4953279,465
358216561,45.3797,45.1516,468,30461,0.899766,0.93,2,4953789,4953321,468
358219481,34.9519,34.8607,468,30530,0.893907,0.97,2,4953817,4953349,468
358365481,53.437,45.3375,500,33820,0.885616,1,2,4956132,4955632,500
358374241,37.38,32.7096,499,34007,0.838359,1,2,4956260,4955761,499
358377161,32.952,28.6838,503,34069,0.773344,1,2,4956290,4955787,503
358391761,41.987,49.1913,516,34379,0.447628,1,1,4956499,4955983,516
358397601,50.3979,49.5106,523,34502,0.43522,0.81,1,4956600,4956077,523
358400521,44.7592,52.8042,509,34563,0.408088,0.93,1,4956641,4956132,509
358403441,47.9037,48.1217,514,34624,0.421235,0.91,1,4956691,4956177,514
358406361,35.9615,52.8487,486,34685,0.414494,0.79,1,4956719,4956233,486
358409281,29.3846,37.3395,484,34746,0.423798,0.73,1,4956744,4956260,484
358461841,38.6079,43.1933,453,35825,0.757057,0.67,2,4957439,4956986,453
358464761,49.6431,50.2773,455,35884,0.776823,0.67,2,4957496,4957041,455
358467681,44.4573,44.7109,455,35943,0.808729,0.63,2,4957537,4957082,455
358470601,48.9829,49.0844,455,36002,0.797492,0.67,2,4957589,4957134,455
358473521,35.1932,35.2337,455,36061,0.828997,0.69,2,4957615,4957160,455
358476441,30.2773,29.6935,456,36120,0.853599,0.69,2,4957642,4957186,456
358479361,29.5109,29.2774,456,36179,0.86344,0.67,2,4957671,4957215,456
358637041,38.6862,35.5424,494,39207,0.87112,1,2,4959779,4959285,494
358639961,37.6745,35.2169,496,39261,0.786448,1,2,4959816,4959320,496
358660401,32.3986,37.039,478,39636,0.417298,1,1,4960059,4959581,478
358680841,31.4262,35.4698,454,40007,0.299973,0.65,1,4960304,4959850,454
358683761,31.7705,33.9879,453,40060,0.269989,0.65,1,4960336,4959883,453
358686681,30.7082,13.5952,483,40113,0.281996,0.57,1,4960366,4959883,483
358689601,37.4833,27.0381,489,40166,0.262798,0.43,1,4960408,4959919,489
358692521,32.3933,37.2152,474,40219,0.279119,0.45,1,4960437,4959963,474
358695441,29.1573,34.6861,468,40271,0.273648,0.45,1,4960464,4959996,468
358698361,32.6629,32.4744,472,40323,0.283459,0.39,1,4960499,4960027,472
358701281,28.6652,32.1898,466,40375,0.299384,0.31,1,4960525,4960059,466
358724641,31.4399,31.7703,465,40791,0.411012,0.29,1,4960801,4960336,465
358727561,36.576,30.7081,475,40843,0.446405,0.25,1,4960841,4960366,475
358794721,33.8104,33.4967,450,42015,0.758393,0.59,2,4961598,4961148,450
358797641,32.1241,31.3987,451,42065,0.765357,0.63,2,4961629,4961178,451
358800561,32.0497,31.7595,451,42115,0.792143,0.59,2,4961661,4961210,451
358803481,33.2199,33.1038,451,42165,0.802857,0.61,2,4961695,4961244,451
358806401,38.4879,37.8415,452,42215,0.843143,0.61,2,4961737,4961285,452
358809321,16.5952,16.3366,452,42265,0.871257,0.61,2,4961739,4961287,452
358969921,36.3869,36.4331,488,44928,0.892893,1,2,4963591,4963103,488
358972841,34.3548,39.7733,479,44975,0.843157,1,2,4963624,4963145,479
358975761,26.3419,27.3093,481,45022,0.847263,1,2,4963645,4963164,481
358978681,33.9368,25.3237,496,45069,0.776905,1,2,4963684,4963188,496
358981601,33.3747,29.9295,496,45116,0.760762,1,2,4963717,4963221,496
359066281,30.7665,22.8174,489,46454,0.761023,0.67,2,4964597,4964108,489
359069201,30.9066,30.127,485,46499,0.766409,0.67,2,4964628,4964143,485
359072121,26.7626,29.4508,480,46544,0.768564,0.71,2,4964652,4964172,480
359075041,21.5051,26.1803,474,46589,0.769425,0.73,2,4964670,4964196,474
359077961,20.602,21.8721,475,46634,0.76977,0.69,2,4964690,4964215,475
359080881,28.6408,20.7488,489,46679,0.793908,0.73,2,4964724,4964235,489
359083801,33.0563,28.6995,491,46724,0.839563,0.65,2,4964760,4964269,491
359086721,36.0225,33.0798,493,46769,0.857825,0.73,2,4964798,4964305,493
359089641,36.609,36.0319,492,46814,0.85313,0.69,2,4964835,4964343,492
359092561,33.2436,36.6128,486,46859,0.887252,0.65,2,4964866,4964380,486
359095481,32.4974,33.8451,486,46904,0.888901,0.67,2,4964898,4964412,486
359127601,12.991,28.6408,463,47399,0.898072,0.87,2,4965187,4964724,463
359386021,318.912,343.775,478,23360,0.4156,0.83,1,4967856,4967378,478
359388941,184.565,184.31,495,23451,0.22024,0.81,1,4967951,4967456,495
359397701,54.7962,73.2598,448,23721,0.202015,0.01,1,4968104,4967656,448
359403541,58.2074,66.9216,445,23899,0.0767225,0.05,1,4968223,4967778,445
359406461,38.283,54.9686,423,23988,0.072689,0.01,1,4968248,4967825,423
359409381,35.7132,29.7875,444,24076,0.0350756,0.09,1,4968282,4967838,444
359412301,71.8853,79.715,427,24164,0.0560302,0.17,1,4968378,4967951,427
359429821,36.9169,37.8535,425,24685,0.0761674,0.01,1,4968673,4968248,425
359432741,33.9668,35.5414,423,24771,0.072467,0.07,1,4968705,4968282,423
359435661,71.7867,71.8166,424,24857,0.0469868,0.13,1,4968802,4968378,424
359438581,67.1147,65.3266,427,24942,0.0367947,0.17,1,4968866,4968439,427
359441501,60.4459,57.9306,430,25027,0.0687179,0.17,1,4968922,4968492,430
359444421,49.3783,49.5723,428,25112,0.0934872,0.15,1,4968964,4968536,428
359447341,52.7513,52.2289,429,25196,0.0913949,0.09,1,4969019,4968590,429
359470701,53.479,48.8566,480,25861,0.224831,0.09,1,4969444,4968964,480
359473621,53.7916,52.5426,479,25943,0.263932,0.13,1,4969498,4969019,479
359476541,35.9166,53.4171,449,26025,0.279573,0.11,1,4969522,4969073,449
359479461,32.9667,36.3668,455,26106,0.297829,0.13,1,4969553,4969098,455
359488221,63.0699,67.6075,485,26349,0.404261,0.15,1,4969774,4969289,485
359520341,58.7598,57.6112,452,27219,0.752933,0.65,2,4970331,4969879,452
359523261,57.1039,55.4445,454,27297,0.775173,0.65,2,4970387,4969933,454
359526181,37.2416,36.5778,454,27375,0.760069,0.65,2,4970411,4969957,454
359529101,34.0966,33.8311,454,27452,0.754028,0.67,2,4970443,4969989,454
359532021,72.4387,71.7324,455,27529,0.763611,0.67,2,4970541,4970086,455
359534941,69.7755,69.493,455,27606,0.767444,0.67,2,4970609,4970154,455
359537861,29.1102,28.9972,455,27683,0.768978,0.71,2,4970611,4970156,455
359540781,50.0441,49.9989,455,27760,0.781591,0.75,2,4970675,4970220,455
359543701,47.6176,46.3996,457,27836,0.822636,0.77,2,4970721,4970264,457
359546621,61.0471,58.7598,460,27912,0.803055,0.79,2,4970791,4970331,460
359549541,57.4188,57.1039,459,27988,0.819222,0.75,2,4970846,4970387,459
359552461,37.3675,37.2416,459,28064,0.837689,0.75,2,4970870,4970411,459
359555381,34.147,34.0966,459,28139,0.845076,0.77,2,4970902,4970443,459
359558301,73.0588,72.4387,460,28214,0.84803,0.77,2,4971001,4970541,460
359561221,68.8235,69.7755,458,28289,0.849212,0.77,2,4971067,4970609,458
359564141,28.7294,29.1102,458,28364,0.849685,0.77,2,4971069,4970611,458
359567061,51.6918,11.6441,525,28439,0.837874,0.79,2,4971136,4970611,525
359569981,48.8767,43.0576,508,28513,0.83315,0.85,2,4971183,4970675,508
359572901,60.3507,44.8231,530,28587,0.89126,0.79,2,4971251,4970721,530
359648821,47.8918,48.604,485,30453,0.81736,1,2,4972556,4972071,485
359657581,49.2651,49.7187,486,30660,0.404391,1,1,4972684,4972198,486
359660501,58.706,55.2875,492,30729,0.239756,1,1,4972749,4972257,492
359666341,39.873,36.086,501,30867,0.089961,1,1,4972822,4972321,501
359669261,63.9492,74.4344,481,30936,0.0659844,0.96,1,4972902,4972421,481
359672181,55.5797,64.5738,473,31004,0.0443938,0.93,1,4972952,4972479,473
359675101,32.4319,40.2295,466,31072,0.0477575,0.73,1,4972969,4972503,466
359678021,39.9727,47.8918,458,31140,0.037103,0.63,1,4973014,4972556,458
359680941,35.1891,43.1567,450,31208,0.0208412,0.49,1,4973046,4972596,450
359683861,29.0756,34.6627,446,31276,0.0623365,0.49,1,4973071,4972625,446
359686781,41.6303,13.8651,496,31344,0.0549346,0.29,1,4973121,4972625,496
359689701,49.0521,40.946,491,31412,0.0519738,0.13,1,4973175,4972684,491
359692621,41.2208,55.3784,462,31479,0.0267895,0.09,1,4973211,4972749,462
359695541,39.2883,44.3514,463,31546,0.0287158,0.05,1,4973249,4972786,463
359698461,60.1153,39.3405,501,31613,0.0294863,0.05,1,4973323,4972822,501
359701381,54.0461,63.7362,471,31680,0.0117945,0.03,1,4973373,4972902,471
359704301,31.8185,55.4945,438,31747,0.0107178,0.05,1,4973390,4972952,438
359707221,39.7274,32.3978,466,31814,0.0342871,0.03,1,4973435,4972969,466
359710141,35.091,39.9591,453,31881,0.0557148,0.01,1,4973467,4973014,453
359713061,31.4364,35.1836,450,31947,0.0402859,0.09,1,4973496,4973046,450
359715981,41.9746,29.0735,474,32013,0.0461144,0.05,1,4973545,4973071,474
359718901,49.1898,41.6294,478,32079,0.0604458,0.05,1,4973599,4973121,478
359721821,40.0759,49.0518,458,32145,0.0901783,0.01,1,4973633,4973175,458
359724741,40.6304,41.2207,463,32211,0.0660713,0.03,1,4973674,4973211,463
359733501,31.9763,54.0461,439,32408,0.0947086,0.01,1,4973812,4973373,439
359736421,39.1905,31.8184,466,32473,0.0558834,0.05,1,4973856,4973390,466
359739341,35.4762,39.7274,454,32538,0.0403534,0.07,1,4973889,4973435,454
359742261,31.5905,35.091,451,32603,0.0341413,0.03,1,4973918,4973467,451
359745181,43.8362,31.4364,474,32668,0.0316565,0.05,1,4973970,4973496,474
359748101,51.1345,41.9746,481,32733,0.0426626,0.07,1,4974026,4973545,481
359751021,21.6538,49.1898,429,32798,0.047065,0.11,1,4974028,4973599,429
359753941,26.6615,40.0759,425,32862,0.048826,0.05,1,4974058,4973633,425
359756861,34.6646,40.6304,424,32926,0.0255304,0.13,1,4974098,4973674,424
359759781,60.6658,58.8521,431,32990,0.0402122,0.15,1,4974176,4973745,431
359762701,51.2663,52.9409,427,33054,0.0460849,0.07,1,4974221,4973794,427
359765621,30.1065,31.9763,425,33118,0.0724339,0.03,1,4974237,4973812,425
359768541,36.6426,39.1905,422,33182,0.0709736,0.03,1,4974278,4973856,422
359771461,35.057,35.4762,423,33246,0.0343894,0.03,1,4974312,4973889,423
359774381,31.4228,31.5905,423,33310,0.0437558,0.03,1,4974341,4973918,423
359777301,44.3691,43.8362,424,33373,0.0355023,0.05,1,4974394,4973970,424
359780221,51.3477,51.1345,424,33436,0.0562009,0.05,1,4974450,4974026,424
359783141,21.7391,21.6538,424,33499,0.0644804,0.05,1,4974452,4974028,424
359786061,26.6956,26.6615,424,33562,0.0677921,0.01,1,4974482,4974058,424
359788981,33.4782,34.6646,422,33625,0.0451169,0.05,1,4974520,4974098,422
359791901,60.1913,60.6658,422,33688,0.0480467,0.05,1,4974598,4974176,422
359794821,52.2765,51.2663,424,33751,0.0372187,0.09,1,4974645,4974221,424
359797741,30.5106,30.1065,424,33814,0.0568875,0.07,1,4974661,4974237,424
359800661,36.8042,36.6426,424,33877,0.064755,0.01,1,4974702,4974278,424
359803581,33.9217,35.057,422,33939,0.079902,0.05,1,4974734,4974312,422
359806501,30.9687,31.4228,422,34001,0.0739608,0.03,1,4974763,4974341,422
359809421,44.1875,44.3691,422,34063,0.0475843,0.07,1,4974816,4974394,422
359812341,51.875,51.3477,423,34125,0.0610337,0.07,1,4974873,4974450,423
359815261,21.95,21.7391,423,34187,0.0664135,0.07,1,4974875,4974452,423
359818181,26.78,26.6956,423,34249,0.0685654,0.07,1,4974905,4974482,423
359821101,33.512,10.6782,461,34311,0.0814262,0.03,1,4974943,4974482,461
359835701,34.3396,36.6402,455,34618,0.229573,0.09,1,4975157,4974702,455
359838621,30.5359,33.8561,451,34679,0.241829,0.07,1,4975185,4974734,451
359841541,43.4143,30.9424,474,34740,0.258732,0.03,1,4975237,4974763,474
359844461,52.1657,44.177,479,34801,0.265493,0.07,1,4975295,4974816,479
359847381,22.0663,51.8708,424,34862,0.268197,0.07,1,4975297,4974873,424
359850301,26.8265,21.9483,452,34923,0.281279,0.07,1,4975327,4974875,452
359853221,35.3306,26.7793,463,34984,0.298512,0.09,1,4975368,4974905,463
359861981,32.5732,51.6819,448,35164,0.412945,0.15,1,4975515,4975067,448
359864901,37.6293,30.8728,472,35224,0.447178,0.23,1,4975556,4975084,472
359932061,33.7589,32.4381,454,36580,0.771606,0.63,2,4976412,4975958,454
359934981,38.7036,38.7752,453,36638,0.770642,0.65,2,4976454,4976001,453
359937901,37.6814,37.1101,454,36696,0.758257,0.69,2,4976491,4976037,454
359940821,31.8726,31.644,454,36754,0.789303,0.71,2,4976519,4976065,454
359943741,47.549,46.8576,455,36811,0.789721,0.73,2,4976577,4976122,455
359946661,54.4196,53.543,456,36868,0.801888,0.73,2,4976636,4976180,456
359949581,22.9678,22.6172,456,36925,0.806755,0.69,2,4976638,4976182,456
359952501,27.1871,27.0469,456,36982,0.808702,0.75,2,4976668,4976212,456
359955421,36.6749,36.0188,457,37039,0.797481,0.75,2,4976711,4976254,457
359958341,15.8699,15.6075,457,37096,0.816992,0.73,2,4976713,4976256,457
359961261,57.948,57.243,458,37153,0.848797,0.73,2,4976799,4976341,458
359964181,53.7792,22.8972,509,37210,0.849519,0.75,2,4976850,4976341,509
359967101,33.5117,39.1589,479,37267,0.861807,0.79,2,4976870,4976391,479
359970021,39.2047,28.2636,501,37324,0.878723,0.77,2,4976913,4976412,501
359972941,37.2819,36.5054,495,37381,0.897489,0.75,2,4976949,4976454,495
360080981,34.021,32.8763,494,39418,0.886,1,2,4978353,4977859,494
360083901,32.2084,34.7505,489,39472,0.8464,1,2,4978384,4977895,489
360092661,55.5813,57.376,484,39632,0.88577,1,2,4978532,4978048,484
360095581,44.4325,41.5504,490,39685,0.840308,1,2,4978569,4978079,490
360110181,52.6089,47.8284,492,39950,0.210157,1,1,4978758,4978266,492
360113101,36.0436,34.1313,492,40003,0.0840627,1,1,4978783,4978291,492
360116021,27.6174,28.0525,490,40056,0.0636251,0.81,1,4978805,4978315,490
360118941,27.247,34.021,479,40109,0.04345,0.81,1,4978832,4978353,479
360121861,25.8988,13.6084,504,40162,0.04738,0.82,1,4978857,4978353,504
360124781,23.5595,24.0434,495,40215,0.024952,1,1,4978879,4978384,495
360127701,44.2238,24.6173,528,40268,0.0279808,0.89,1,4978937,4978409,528
360130621,52.4895,47.6469,523,40320,0.0171923,0.87,1,4978995,4978472,523
360133541,40.1958,55.0588,495,40372,0.00687693,0.81,1,4979027,4978532,495
360136461,26.2783,44.2235,475,40424,0.0447508,0.65,1,4979044,4978569,475
360139381,26.7113,33.8894,475,40476,0.0179003,0.47,1,4979071,4978596,475
360142301,23.8845,33.3558,464,40528,0.0371601,0.47,1,4979093,4978629,464
360145221,32.9538,26.5423,481,40580,0.068864,0.41,1,4979132,4978651,481
360148141,42.5815,37.0169,486,40632,0.0695456,0.05,1,4979181,4978695,486
360153981,24.813,36.0427,443,40736,0.0963273,0.05,1,4979226,4978783,443
360156901,26.7252,27.6171,449,40788,0.0685309,0.03,1,4979254,4978805,449
360159821,25.0901,27.2468,446,40840,0.0454124,0.05,1,4979278,4978832,446
360162741,24.436,25.8987,445,40892,0.0481649,0.01,1,4979302,4978857,445
360165661,43.3744,23.5595,479,40944,0.061266,0.03,1,4979358,4978879,479
360168581,52.1498,44.2238,479,40996,0.0665064,0.01,1,4979416,4978937,479
360171501,41.8599,52.4895,456,41047,0.0806026,0,1,4979451,4978995,456
360177341,25.8976,26.2783,448,41149,0.0788964,0,1,4979492,4979044,448
360180261,24.759,26.7113,445,41200,0.0615586,0.05,1,4979516,4979071,445
360183181,34.5036,23.8845,464,41251,0.0546234,0.09,1,4979557,4979093,464
360186101,43.8014,32.9538,475,41302,0.0998494,0.07,1,4979607,4979132,475
360197781,24.5549,26.7252,445,41506,0.0961081,0.03,1,4979699,4979254,445
360200701,11.022,25.0901,423,41557,0.0804433,0.05,1,4979701,4979278,423
360203621,19.4088,24.436,424,41608,0.0741773,0.07,1,4979726,4979302,424
360206541,40.7635,43.3744,423,41659,0.0596709,0.07,1,4979781,4979358,423
360209461,50.5054,52.1498,422,41710,0.0418684,0.09,1,4979838,4979416,422
360212381,44.8022,41.8599,428,41761,0.0227473,0.15,1,4979879,4979451,428
360215301,26.3209,25.744,427,41812,0.0390989,0.05,1,4979893,4979466,427
360218221,23.1283,25.8976,422,41862,0.0216396,0.05,1,4979914,4979492,422
360221141,24.2513,24.759,423,41912,0.0266558,0.05,1,4979939,4979516,423
360224061,36.7005,34.5036,427,41962,0.0286623,0.13,1,4979984,4979557,427
360226981,45.2802,43.8014,428,42012,0.0534649,0.13,1,4980035,4979607,428
360229901,32.5121,31.9206,428,42062,0.087386,0.11,1,4980059,4979631,428
360250341,49.7348,50.5054,422,42412,0.0876487,0.01,1,4980260,4979838,422
360253261,44.4939,44.8022,422,42462,0.0410595,0.05,1,4980301,4979879,422
360256181,26.1976,26.3209,422,42512,0.0584238,0.01,1,4980315,4979893,422
360259101,23.079,23.1283,422,42562,0.0653695,0.03,1,4980336,4979914,422
360262021,24.2316,24.2513,422,42612,0.0441478,0.03,1,4980361,4979939,422
360264941,36.6926,36.7005,422,42662,0.0476591,0.07,1,4980406,4979984,422
360267861,47.6771,45.2802,426,42711,0.0730636,0.11,1,4980461,4980035,426
360320421,23.4784,28.4909,445,43592,0.201886,0.13,1,4980979,4980534,445
360323341,10.5913,23.3963,427,43640,0.206754,0.13,1,4980981,4980554,427
360326261,19.8365,10.5585,451,43688,0.220702,0.15,1,4981007,4980556,451
360329181,36.7346,19.2234,474,43736,0.250281,0.15,1,4981055,4980581,474
360332101,47.6938,35.2894,483,43784,0.262112,0.17,1,4981110,4980627,483
360335021,42.4775,46.5157,468,43832,0.290845,0.11,1,4981149,4980681,468
360355461,24.7835,35.3496,446,44168,0.414175,0.17,1,4981357,4980911,446
360358381,29.7134,23.7398,463,44216,0.43567,0.21,1,4981390,4980927,463
360361301,24.4854,28.6959,452,44264,0.432268,0.21,1,4981411,4980959,452
360364221,10.9941,23.4784,434,44312,0.430907,0.21,1,4981413,4980979,434
360475181,21.9786,18.9098,472,46086,0.753994,0.63,2,4982543,4982071,472
360478101,36.9915,20.7639,497,46132,0.799598,0.65,2,4982590,4982093,497
360481021,52.5966,35.9056,514,46178,0.841839,0.65,2,4982653,4982139,514
360483941,39.0386,50.9622,483,46224,0.858736,0.65,2,4982683,4982200,483
360486861,25.2155,38.3849,469,46270,0.865494,0.65,2,4982699,4982230,469
360489781,31.6862,24.954,489,46316,0.868198,0.71,2,4982735,4982246,489
360492701,27.0745,30.9816,478,46362,0.881279,0.71,2,4982759,4982281,478
360495621,12.0298,26.7926,456,46407,0.886512,0.71,2,4982761,4982305,456
360498541,21.0119,11.9171,481,46452,0.876605,0.69,2,4982788,4982307,481
360723381,65.5787,73.9369,477,23095,0.763581,0.63,2,4985366,4984889,477
360726301,56.8315,67.9747,464,23187,0.767432,0.53,2,4985417,4984953,464
360729221,45.5326,48.1899,467,23278,0.768973,0.55,2,4985455,4984988,467
360732141,83.613,39.076,543,23369,0.829589,0.61,2,4985564,4985021,543
360735061,68.2452,69.6304,511,23460,0.829836,0.69,2,4985622,4985111,511
360737981,65.6981,61.4522,519,23550,0.829934,0.69,2,4985686,4985167,519
360740901,75.4792,62.9809,537,23640,0.805974,0.75,2,4985768,4985231,537
360743821,64.9917,72.5923,516,23730,0.83239,0.79,2,4985826,4985310,516
360746741,55.9967,62.6369,510,23819,0.854956,0.77,2,4985876,4985366,510
360749661,45.1987,55.6548,497,23908,0.887982,0.77,2,4985914,4985417,497
360755501,75.5118,83.4248,465,24085,0.894477,0.83,2,4986029,4985564,465
360863541,61.0338,72.934,479,27150,0.874,1,2,4988189,4987710,479
360866461,43.6135,48.9736,478,27228,0.7636,1,2,4988221,4987743,478
360875221,71.1433,71.7983,489,27461,0.29439,1,1,4988426,4987937,489
360881061,66.2229,64.5277,492,27615,0.0987025,1,1,4988539,4988047,492
360883981,44.4892,46.2111,488,27692,0.081481,1,1,4988569,4988081,488
360886901,28.5957,37.0844,475,27768,0.0505924,0.79,1,4988587,4988112,475
360889821,47.4383,61.0338,458,27844,0.038237,0.69,1,4988647,4988189,458
360892741,33.3753,43.6135,450,27920,0.0452948,0.57,1,4988671,4988221,450
360895661,59.5501,66.6454,445,27996,0.0601179,0.47,1,4988748,4988303,445
360898581,42.42,48.8582,439,28072,0.0660472,0.13,1,4988779,4988340,439
360907341,65.2349,66.2229,424,28297,0.098547,0.07,1,4988963,4988539,424
360919021,34.1756,43.1673,447,28595,0.0876268,0.05,1,4989094,4988647,447
360921941,58.6702,31.6669,498,28669,0.0530507,0.07,1,4989169,4988671,498
360924861,43.8681,58.8668,455,28743,0.0872203,0.07,1,4989203,4988748,455
360936541,44.3902,65.2174,454,29036,0.0747608,0.11,1,4989417,4988963,454
360939461,29.1561,43.487,444,29109,0.0599043,0.13,1,4989436,4988992,444
360942381,46.4624,27.5948,485,29182,0.0779617,0.11,1,4989494,4989009,485
360945301,33.585,46.4379,451,29255,0.0971847,0.07,1,4989519,4989068,451
360948221,58.434,34.1752,500,29327,0.0928739,0.03,1,4989594,4989094,500
360951141,44.9736,58.6701,461,29399,0.0671495,0.11,1,4989630,4989169,461
360954061,62.9894,43.868,502,29471,0.0688598,0.17,1,4989705,4989203,502
360956981,44.9958,61.3472,462,29543,0.0815439,0.15,1,4989738,4989276,462
360977421,53.389,58.434,426,30041,0.217818,0.05,1,4990020,4989594,426
360980341,41.7556,44.9736,424,30111,0.237127,0.07,1,4990054,4989630,424
360983261,62.3022,62.9894,425,30181,0.256851,0.09,1,4990130,4989705,425
361000781,20.4705,20.1811,430,30599,0.401508,0.17,1,4990352,4989922,430
361003701,22.5882,22.4724,430,30668,0.430603,0.25,1,4990376,4989946,430
361038741,43.1228,52.6701,479,31486,0.772323,0.53,2,4990931,4990452,479
361041661,65.2491,41.468,525,31553,0.794929,0.55,2,4991011,4990486,525
361044581,47.6996,63.9872,482,31620,0.815972,0.57,2,4991047,4990565,482
361047501,67.0799,46.5949,527,31687,0.848389,0.59,2,4991127,4990600,527
361050421,44.8319,64.838,480,31754,0.873356,0.63,2,4991157,4990677,480
361053341,30.5328,43.9352,471,31821,0.871342,0.59,2,4991178,4990707,471
361056261,53.0131,29.5741,519,31887,0.870537,0.73,2,4991246,4990727,519
361059181,22.4052,50.2296,457,31953,0.870215,0.73,2,4991248,4990791,457
361062101,24.5621,21.2919,481,32019,0.870086,0.71,2,4991274,4990793,481
361065021,59.0248,23.5167,538,32085,0.870034,0.77,2,4991356,4990818,538
361067941,44.6099,56.8067,494,32151,0.894014,0.79,2,4991391,4990897,494
361070861,66.444,43.1227,541,32217,0.891605,0.81,2,4991472,4990931,541
361073781,48.7776,65.2491,498,32283,0.878642,0.83,2,4991509,4991011,498
361076701,68.711,47.6996,544,32349,0.885457,0.87,2,4991591,4991047,544
361079621,46.0844,67.0798,495,32414,0.888183,0.89,2,4991622,4991127,495
361082541,31.6338,44.8319,487,32479,0.889273,0.87,2,4991644,4991157,487
361208101,46.0129,70.6302,511,35170,0.8908,1,2,4993521,4993010,511
361211021,35.8052,42.6521,516,35230,0.84232,1,2,4993550,4993034,516
361213941,47.9221,32.0608,547,35290,0.762928,1,2,4993606,4993059,547
361234381,31.3448,54.452,494,35707,0.756339,1,2,4993866,4993372,494
361254821,36.4628,36.8275,454,36120,0.770118,0.63,2,4994132,4993678,454
361257741,41.5851,40.531,456,36179,0.770047,0.65,2,4994177,4993721,456
361260661,37.634,36.0124,458,36237,0.806019,0.71,2,4994212,4993754,458
361263581,31.8536,32.405,456,36295,0.820408,0.77,2,4994240,4993784,456
361266501,51.1414,51.362,456,36353,0.838163,0.77,2,4994304,4993848,456
361269421,35.4566,31.3448,463,36411,0.845265,0.71,2,4994329,4993866,463
361272341,21.3826,24.5379,455,36469,0.872106,0.67,2,4994341,4993886,455
361386221,30.1671,40.5725,498,38665,0.897846,1,2,4995883,4995385,498
361389141,28.2669,33.629,496,38720,0.893139,1,2,4995910,4995414,496
361392061,34.7067,40.4516,490,38775,0.807255,1,2,4995949,4995459,490
361456301,35.8747,37.555,435,39954,0.418163,0.31,1,4996732,4996297,435
361459221,32.9499,32.422,437,40007,0.413265,0.31,1,4996763,4996326,437
361462141,23.98,24.9688,435,40060,0.447306,0.31,1,4996781,4996346,435
361511781,29.5426,31.5587,474,40947,0.7616,0.51,2,4997351,4996877,474
361514701,35.817,28.2235,488,40999,0.76664,0.51,2,4997391,4996903,488
361517621,35.3268,36.4894,481,41050,0.756656,0.63,2,4997426,4996945,481
361520541,32.1307,31.9958,482,41101,0.752662,0.61,2,4997456,4996974,482
361523461,54.2523,31.3983,520,41152,0.751065,0.65,2,4997525,4997005,520
361552661,26.7053,29.5426,460,41662,0.765635,0.77,2,4997811,4997351,460
361555581,34.6821,35.817,460,41713,0.780254,0.75,2,4997851,4997391,460
361558501,34.2729,35.3268,459,41764,0.786102,0.75,2,4997885,4997426,459
361561421,31.7091,32.1307,459,41815,0.800441,0.75,2,4997915,4997456,459
361564341,54.0837,54.2523,459,41865,0.818176,0.71,2,4997984,4997525,459
361567261,38.4335,39.7009,457,41915,0.825271,0.73,2,4998012,4997555,457
361570181,36.3734,36.2804,458,41965,0.816108,0.71,2,4998047,4997589,458
361573101,37.3494,37.9121,457,42015,0.836443,0.69,2,4998085,4997628,457
361576021,32.9397,33.7649,456,42065,0.844577,0.69,2,4998115,4997659,456
361578941,25.1759,25.5059,456,42115,0.835831,0.73,2,4998135,4997679,456
361581861,30.4704,28.8024,459,42165,0.868332,0.73,2,4998169,4997710,459
361584781,36.1881,35.521,459,42215,0.893333,0.73,2,4998209,4997750,459
361722021,33.9048,31.1625,513,44505,0.866992,1,2,4999774,4999261,513
361724941,32.7619,30.465,515,44552,0.772797,1,2,4999806,4999291,515
361771661,21.1652,26.9048,453,45304,0.409964,0.59,1,5000282,4999829,453
361774581,35.4661,39.5619,450,45351,0.421986,0.47,1,5000327,4999877,450
361844661,24.9881,23.2292,473,46454,0.772855,0.55,2,5001030,5000557,473
361847581,34.5952,23.6917,490,46499,0.795142,0.57,2,5001071,5000581,490
361850501,28.8381,32.2767,477,46544,0.792057,0.63,2,5001096,5000619,477
361853421,31.3352,27.9107,485,46589,0.790823,0.67,2,5001129,5000644,485
361856341,31.7341,30.9643,484,46634,0.790329,0.69,2,5001161,5000677,484
361859261,22.2936,29.7857,471,46679,0.802132,0.71,2,5001177,5000706,471
361862181,38.9175,22.1143,504,46724,0.866853,0.73,2,5001227,5000723,504
361865101,32.967,37.0457,486,46769,0.892741,0.77,2,5001256,5000770,486
361885541,25.7883,38.4254,475,47084,0.898095,0.75,2,5001464,5000989,475
362106001,169.318,181.129,493,22724,0.4324,1,1,5003773,5003280,493
362108921,113.327,119.252,491,22817,0.25096,0.96,1,5003849,5003358,491
362114761,79.8124,82.4403,499,23003,0.0425536,0.87,1,5003992,5003493,499
362117681,67.9249,73.7761,491,23095,0.0230214,0.59,1,5004052,5003561,491
362120601,69.17,90.1104,460,23187,0.0512086,0.55,1,5004122,5003662,460
362123521,44.468,55.8442,455,23278,0.0864834,0.41,1,5004150,5003695,455
362132281,63.086,64.438,489,23550,0.0926549,0.01,1,5004338,5003849,489
362135201,71.4344,65.9752,499,23640,0.037062,0,1,5004415,5003916,499
362138121,63.9738,71.9901,482,23730,0.0208248,0.01,1,5004474,5003992,482
362141041,68.1895,64.796,493,23819,0.0623299,0.07,1,5004545,5004052,493
362143961,45.8758,67.9184,454,23908,0.078932,0.11,1,5004576,5004122,454
362146881,19.5503,43.9674,428,23997,0.0855728,0.17,1,5004578,5004150,428
362155641,56.7392,63.0539,422,24261,0.206357,0,1,5004760,5004338,422
362158561,69.4957,71.4216,423,24348,0.0885427,0.01,1,5004838,5004415,423
362161481,64.3983,63.9686,425,24435,0.0774171,0.09,1,5004899,5004474,425
362164401,67.7593,68.1875,424,24522,0.0849668,0.09,1,5004969,5004545,424
362167321,46.9037,45.875,426,24608,0.0879867,0.09,1,5005002,5004576,426
362170241,19.9615,19.55,426,24694,0.0891947,0.13,1,5005004,5004578,426
362179001,58.0375,56.7392,431,24951,0.221468,0.01,1,5005191,5004760,431
362181921,64.615,69.4957,422,25036,0.202587,0.07,1,5005260,5004838,422
362190681,47.4074,46.9037,426,25289,0.222006,0.09,1,5005428,5005002,426
362193601,20.1629,19.9615,426,25373,0.214802,0.11,1,5005430,5005004,426
362196521,47.6652,46.9846,427,25457,0.259921,0.11,1,5005496,5005069,427
362199441,59.8661,18.7938,495,25540,0.253968,0.23,1,5005564,5005069,495
362202361,59.9464,45.3175,492,25623,0.263587,0.25,1,5005624,5005132,492
362205281,62.3786,53.527,497,25706,0.267435,0.19,1,5005688,5005191,497
362208201,62.1514,62.8108,490,25788,0.268974,0.19,1,5005750,5005260,490
362211121,69.2606,62.3243,502,25870,0.28159,0.17,1,5005824,5005322,502
362228641,62.7087,59.9435,498,26358,0.44145,0.27,1,5006122,5005624,498
362257841,57.5744,62.2835,446,27150,0.75327,0.51,2,5006630,5006184,446
362260761,69.2298,69.9134,448,27228,0.763308,0.51,2,5006707,5006259,448
362263681,49.8919,50.1654,448,27306,0.779323,0.51,2,5006744,5006296,448
362266601,21.1568,21.2661,448,27384,0.785729,0.61,2,5006746,5006298,448
362269521,52.2627,49.9065,452,27461,0.752292,0.59,2,5006819,5006367,452
362272441,64.1051,62.5626,453,27538,0.774917,0.71,2,5006891,5006438,453
362275361,65.242,62.225,457,27615,0.819967,0.67,2,5006957,5006500,457
362278281,27.2968,26.09,457,27692,0.813987,0.77,2,5006959,5006502,457
362281201,50.5187,49.436,458,27768,0.883595,0.77,2,5007025,5006567,458
362395081,41.3626,37.3167,489,30599,0.862632,1,2,5009011,5008522,489
362398001,52.545,51.5267,488,30668,0.843053,1,2,5009071,5008583,488
362400921,42.018,45.2107,482,30737,0.811221,1,2,5009106,5008624,482
362403841,34.8072,29.4843,493,30806,0.810488,1,2,5009136,5008643,493
362418441,43.0179,48.516,478,31148,0.258946,0.93,1,5009400,5008922,478
362421361,45.4071,52.4064,470,31216,0.289578,0.8,1,5009447,5008977,470
362424281,39.1629,41.3626,471,31284,0.277831,0.8,1,5009482,5009011,471
362427201,48.6651,16.545,526,31352,0.297133,0.83,1,5009537,5009011,526
362430121,38.0661,42.618,497,31419,0.280853,0.79,1,5009568,5009071,497
362435961,33.6906,33.2189,493,31553,0.290936,0.69,1,5009629,5009136,493
362438881,58.4762,39.6876,524,31620,0.290375,0.27,1,5009704,5009180,524
362441801,50.3905,69.275,480,31687,0.29015,0.23,1,5009749,5009269,480
362453481,38.9892,45.4006,470,31953,0.443988,0.27,1,5009917,5009447,470
362503121,52.8404,51.5425,451,33060,0.780964,0.63,2,5010637,5010186,451
362506041,48.7361,47.017,453,33124,0.774386,0.67,2,5010683,5010230,453
362508961,47.6945,45.2068,456,33188,0.759754,0.71,2,5010730,5010274,456
362511881,49.0778,47.4827,457,33252,0.753902,0.65,2,5010780,5010323,457
362523561,16.3188,16.2012,456,33505,0.754612,0.71,2,5010906,5010450,456
362526481,25.1275,23.8805,458,33568,0.775845,0.73,2,5010937,5010479,458
362529401,29.251,28.7522,458,33631,0.844338,0.75,2,5010969,5010511,458
362532321,57.9004,57.1009,459,33694,0.883735,0.81,2,5011046,5010587,459
362535241,53.7602,52.8404,460,33757,0.863494,0.77,2,5011097,5010637,460
362672481,49.9283,54.5621,484,36585,0.81473,1,2,5013057,5012573,484
362687081,46.2341,45.0115,490,36873,0.0882436,1,1,5013291,5012801,490
362690001,31.6937,38.4046,478,36930,0.0652974,1,1,5013313,5012835,478
362692921,29.4775,34.5618,474,36987,0.092119,0.96,1,5013341,5012867,474
362695841,27.391,31.8247,470,37044,0.0668476,0.96,1,5013367,5012897,470
362698761,28.9564,30.1299,471,37101,0.044739,0.93,1,5013397,5012926,471
362701681,28.9826,33.052,465,37158,0.0358956,0.93,1,5013426,5012961,465
362704601,29.593,13.2208,495,37215,0.0323582,0.89,1,5013456,5012961,495
362707521,47.2372,26.8883,518,37272,0.0549433,0.75,1,5013515,5012997,518
362710441,39.2949,46.7553,492,37329,0.0999773,0.63,1,5013549,5013057,492
362713361,34.318,44.5021,480,37386,0.0819909,0.41,1,5013580,5013100,480
362716281,37.1272,42.4009,478,37443,0.0387964,0.23,1,5013619,5013141,478
362719201,47.2509,45.7603,484,37499,0.0455185,0.01,1,5013673,5013189,484
362722121,43.5003,55.5041,463,37555,0.0842074,0.05,1,5013714,5013251,463
362725041,29.4001,46.2017,443,37611,0.075683,0.05,1,5013734,5013291,443
362727961,28.5601,31.6807,449,37667,0.0602732,0.11,1,5013762,5013313,449
362730881,27.024,29.4723,447,37723,0.0541093,0.05,1,5013788,5013341,447
362733801,29.4096,27.3889,452,37779,0.0756437,0.03,1,5013819,5013367,452
362736721,28.5638,28.9556,450,37835,0.0962575,0.03,1,5013847,5013397,450
362739641,30.6255,28.9822,453,37891,0.068503,0.03,1,5013879,5013426,453
362742561,48.2502,29.5929,483,37947,0.0814012,0.07,1,5013939,5013456,483
362745481,40.9001,47.2372,460,38003,0.0865605,0.13,1,5013975,5013515,460
362760081,29.4147,43.5003,444,38280,0.0971072,0.07,1,5014158,5013714,444
362763001,27.9659,29.4001,451,38335,0.0808429,0.05,1,5014185,5013734,451
362765921,27.9863,28.5601,451,38390,0.0983372,0.05,1,5014213,5013762,451
362768841,29.7945,27.024,456,38445,0.0933349,0.09,1,5014244,5013788,456
362771761,29.3178,29.4096,454,38500,0.0913339,0.11,1,5014273,5013819,454
362789281,36.5582,38.104,427,38829,0.228952,0.15,1,5014472,5014045,427
362792201,46.4233,45.8416,429,38883,0.277581,0.09,1,5014525,5014096,429
362795121,41.9693,43.5366,426,38937,0.261032,0.09,1,5014564,5014138,426
362798041,28.7877,29.4147,426,38991,0.266413,0.07,1,5014584,5014158,426
362800961,27.7151,27.9659,426,39045,0.280565,0.11,1,5014611,5014185,426
362803881,28.486,27.9863,427,39099,0.274226,0.09,1,5014640,5014213,427
362806801,29.3944,29.7945,426,39153,0.24769,0.09,1,5014670,5014244,426
362809721,29.7578,29.3178,427,39207,0.249076,0.13,1,5014700,5014273,427
362812641,31.1031,30.3271,428,39261,0.24963,0.17,1,5014732,5014304,428
362815561,48.4412,46.9309,430,39315,0.273852,0.17,1,5014792,5014362,430
362818481,20.5765,19.9723,430,39369,0.283541,0.19,1,5014794,5014364,430
362821401,32.8306,31.9889,431,39423,0.275416,0.21,1,5014835,5014404,431
362853521,49.4684,48.4412,434,40007,0.427803,0.29,1,5015226,5014792,434
362856441,20.9874,20.5765,434,40060,0.441121,0.29,1,5015228,5014794,434
362859361,32.9949,8.2306,475,40113,0.446448,0.27,1,5015269,5014794,475
362909001,43.0642,47.9517,486,40999,0.764306,0.55,2,5015883,5015397,486
362911921,29.2257,41.9807,468,41050,0.779722,0.53,2,5015903,5015435,468
362914841,27.2903,29.3923,473,41101,0.785889,0.53,2,5015929,5015456,473
362917761,27.7161,27.3569,475,41152,0.788356,0.53,2,5015957,5015482,475
362920681,30.2864,27.7428,479,41203,0.789342,0.55,2,5015989,5015510,479
362923601,29.5146,29.6971,477,41254,0.825737,0.55,2,5016018,5015541,477
362926521,34.6058,28.6788,487,41305,0.840295,0.63,2,5016056,5015569,487
362929441,52.8423,32.4715,517,41356,0.882118,0.67,2,5016121,5015604,517
362932361,22.3369,50.7886,456,41407,0.898847,0.67,2,5016123,5015667,456
363113401,39.562,47.5735,510,44458,0.870264,1,2,5018233,5017723,510
363116321,38.0248,42.4294,508,44505,0.822105,1,2,5018270,5017762,508
363119241,33.8099,37.9718,504,44552,0.778842,1,2,5018301,5017797,504
363128001,33.3398,31.0862,507,44693,0.443206,1,1,5018391,5017884,507
363136761,42.9818,53.2775,480,44834,0.294045,1,1,5018491,5018011,480
363139681,37.5927,38.711,485,44881,0.291618,0.97,1,5018525,5018040,485
363145521,23.7748,25.5138,477,44975,0.247059,0.97,1,5018569,5018092,477
363183481,36.4261,37.5927,433,45582,0.202099,0.31,1,5018958,5018525,433
363186401,29.5704,29.4371,434,45628,0.20684,0.21,1,5018983,5018549,434
363192241,24.7713,26.9099,428,45720,0.240694,0.15,1,5019026,5018598,428
363195161,21.3085,22.764,427,45766,0.246278,0.17,1,5019045,5018618,427
363198081,34.3234,34.9056,427,45812,0.236511,0.11,1,5019088,5018661,427
363201001,31.7294,32.5622,426,45858,0.232604,0.15,1,5019118,5018692,426
363203921,33.0917,33.4249,426,45904,0.255042,0.15,1,5019152,5018726,426
363206841,31.8367,31.37,427,45950,0.288017,0.15,1,5019183,5018756,427
363209761,24.1347,12.548,446,45996,0.289207,0.19,1,5019202,5018756,446
363212681,23.4539,15.8192,451,46042,0.289683,0.13,1,5019225,5018774,451
363244801,33.8606,34.3231,464,46544,0.413565,0.23,1,5019552,5019088,464
363247721,34.5443,31.7292,469,46589,0.435426,0.27,1,5019587,5019118,469
363294441,33.3347,34.5443,476,47309,0.753719,0.51,2,5020063,5019587,476
363297361,25.9339,31.8177,467,47354,0.751487,0.53,2,5020084,5019617,467
363300281,11.5735,24.7271,449,47399,0.750595,0.57,2,5020086,5019637,449
363303201,19.0294,23.6908,450,47443,0.774238,0.57,2,5020110,5019660,450
363306121,29.8118,31.6763,450,47487,0.783695,0.57,2,5020147,5019697,450
363309041,26.9247,27.0705,451,47531,0.787478,0.59,2,5020172,5019721,451
363311961,20.3699,20.4282,451,47575,0.788991,0.65,2,5020188,5019737,451
363314881,41.748,39.9713,454,47619,0.789596,0.65,2,5020244,5019790,454
363317801,38.2992,37.5885,454,47663,0.837839,0.65,2,5020280,5019826,454
363320721,29.7197,29.4354,454,47707,0.845135,0.65,2,5020304,5019850,454
363323641,23.8879,23.7742,454,47751,0.872054,0.67,2,5020324,5019870,454
363326561,26.9551,26.3097,455,47795,0.870822,0.67,2,5020353,5019898,455
363329481,21.5821,21.3239,455,47839,0.870329,0.69,2,5020371,5019916,455
363332401,34.4328,33.7295,456,47883,0.882131,0.71,2,5020414,5019958,456
363335321,35.9731,35.0918,457,47927,0.886853,0.75,2,5020451,5019994,457
363338241,38.3893,36.8367,459,47971,0.840741,0.77,2,5020491,5020032,459
363341161,34.5557,33.3347,460,48015,0.858296,0.75,2,5020523,5020063,460
363344081,25.8223,25.9339,459,48059,0.877319,0.75,2,5020543,5020084,459
363347001,11.5289,11.5735,459,48103,0.884927,0.79,2,5020545,5020086,459
363349921,19.0116,19.0294,459,48147,0.875971,0.79,2,5020569,5020110,459
363352841,30.4046,29.8118,460,48191,0.884388,0.79,2,5020607,5020147,460
363355761,27.7619,26.9247,461,48235,0.899755,0.79,2,5020633,5020172,461
363554321,121.879,111.764,526,23541,0.8572,1,2,5022753,5022227,526
363557241,75.7515,89.7055,496,23631,0.82888,1,2,5022798,5022302,496
363601041,65.9708,66.178,446,24942,0.789809,0.55,2,5023658,5023212,446
363603961,53.3883,52.2712,448,25027,0.825923,0.63,2,5023703,5023255,448
363606881,77.1553,76.1085,449,25112,0.876369,0.59,2,5023796,5023347,449
363609801,57.2621,55.6434,451,25196,0.872548,0.61,2,5023840,5023389,451
363612721,63.7049,61.8574,453,25280,0.883019,0.61,2,5023908,5023455,453
363621481,59.3251,13.1269,531,25531,0.898193,0.77,2,5024044,5023513,531
363735361,62.2153,56.6445,537,28587,0.889648,1,2,5026219,5025682,537
363738281,50.6861,67.0578,506,28661,0.817859,1,2,5026262,5025756,506
363741201,58.6744,47.8231,535,28735,0.777144,1,2,5026326,5025791,535
363802521,57.751,57.9106,450,30243,0.793852,0.59,2,5027328,5026878,450
363805441,57.9004,56.7642,452,30313,0.791541,0.71,2,5027386,5026934,452
363808361,46.5602,44.3057,455,30383,0.802616,0.65,2,5027425,5026970,455
363811281,40.8241,40.5223,454,30453,0.807047,0.67,2,5027462,5027008,454
363814201,50.5296,49.8089,455,30522,0.820819,0.67,2,5027519,5027064,455
363817121,21.4118,21.1236,455,30591,0.850327,0.71,2,5027521,5027066,455
363820041,45.7647,45.6494,455,30660,0.898131,0.73,2,5027583,5027128,455
363933921,57.361,49.943,493,33246,0.898,1,2,5029413,5028920,493
363936841,41.5444,36.7772,496,33310,0.8452,1,2,5029444,5028948,496
363957281,55.7365,60.3904,483,33751,0.264418,1,1,5029758,5029275,483
363960201,40.8946,45.7562,478,33814,0.267767,0.9,1,5029789,5029311,478
363963121,32.5578,36.9025,474,33877,0.245107,0.87,1,5029816,5029342,474
363966041,48.4231,57.361,462,33939,0.272043,0.81,1,5029875,5029413,462
363968961,36.7693,41.5444,460,34001,0.282817,0.67,1,5029904,5029444,460
363971881,33.9077,35.8178,460,34063,0.251127,0.57,1,5029936,5029476,460
363974801,38.1631,44.3271,451,34125,0.262451,0.53,1,5029977,5029526,451
363977721,32.6652,36.3308,449,34187,0.25498,0.41,1,5030006,5029557,449
363980641,37.0661,42.1323,443,34249,0.275992,0.41,1,5030046,5029603,443
364012761,36.9661,32.6626,473,34923,0.411286,0.29,1,5030479,5030006,473
364065321,48.312,47.7025,451,35997,0.754088,0.59,2,5031197,5030746,451
364068241,36.1248,35.881,451,36056,0.763635,0.59,2,5031225,5030774,451
364071161,33.6499,33.5524,451,36115,0.767454,0.63,2,5031257,5030806,451
364074081,41.66,40.421,453,36174,0.780982,0.69,2,5031304,5030851,453
364077001,34.664,33.5684,454,36232,0.774393,0.65,2,5031334,5030880,454
364079921,39.0656,38.6274,454,36290,0.795757,0.67,2,5031376,5030922,454
364082841,39.0262,38.2509,455,36348,0.804303,0.67,2,5031415,5030960,455
364085761,16.8105,16.5004,455,36406,0.807721,0.69,2,5031417,5030962,455
364088681,39.7242,39.0002,456,36464,0.809088,0.69,2,5031472,5031016,456
364091601,54.2897,54.0001,456,36522,0.833635,0.71,2,5031536,5031080,456
364094521,40.9159,40.2,457,36580,0.867454,0.75,2,5031568,5031111,457
364097441,32.5663,32.28,457,36638,0.868982,0.77,2,5031595,5031138,457
364240521,36.8171,34.0549,496,39364,0.8836,1,2,5033501,5033005,496
364243441,41.1268,35.822,503,39418,0.81544,1,2,5033545,5033042,503
364246361,39.8507,37.7288,503,39472,0.752176,1,2,5033584,5033081,503
364266801,32.1107,35.1051,484,39844,0.237617,1,1,5033818,5033334,484
364272641,44.6177,53.8568,467,39950,0.0944187,0.89,1,5033900,5033433,467
364275561,38.2471,42.5427,466,40003,0.0557675,0.85,1,5033934,5033468,466
364278481,33.8988,36.8171,464,40056,0.052307,0.77,1,5033965,5033501,464
364281401,36.9595,41.1268,459,40109,0.0269228,0.77,1,5034004,5033545,459
364284321,35.7838,16.4507,494,40162,0.0407691,0.71,1,5034039,5033545,494
364287241,28.7135,29.9803,479,40215,0.0163076,0.65,1,5034063,5033584,479
364290161,30.0854,29.3921,481,40268,0.0365231,0.55,1,5034094,5033613,481
364293081,34.8342,30.3568,488,40320,0.0566092,0.65,1,5034132,5033644,488
364296001,29.5337,34.9427,476,40372,0.0526437,0.51,1,5034158,5033682,476
364298921,31.0135,31.9771,478,40424,0.0510575,0.29,1,5034190,5033712,478
364301841,28.6054,38.5908,462,40476,0.062423,0.25,1,5034217,5033755,462
364304761,28.2422,35.2363,457,40528,0.0309692,0.19,1,5034245,5033788,457
364307681,25.0969,32.0945,450,40580,0.0903877,0.11,1,5034268,5033818,450
364310601,41.8387,29.0378,476,40632,0.0661551,0.05,1,5034321,5033845,476
364313521,37.1355,44.6151,455,40684,0.044462,0.03,1,5034355,5033900,455
364316441,33.4542,38.2461,452,40736,0.0237848,0.05,1,5034386,5033934,452
364319361,36.7817,33.8984,460,40788,0.0515139,0.01,1,5034425,5033965,460
364322281,37.5127,36.9594,459,40840,0.0386056,0.05,1,5034463,5034004,459
364325201,27.6051,35.7837,445,40892,0.0574422,0,1,5034484,5034039,445
364328121,31.442,28.7135,455,40944,0.0529769,0.05,1,5034518,5034063,455
364331041,34.1768,30.0854,460,40996,0.0391908,0.07,1,5034554,5034094,460
364333961,31.0707,34.8342,451,41047,0.0696763,0.05,1,5034583,5034132,451
364354401,33.6317,37.1355,453,41404,0.0791901,0.01,1,5034808,5034355,453
364357321,36.8527,33.4542,461,41455,0.073676,0.07,1,5034847,5034386,461
364360241,38.7411,36.7817,462,41506,0.0594704,0.03,1,5034887,5034425,462
364363161,16.6964,37.5127,426,41557,0.0537882,0.07,1,5034889,5034463,426
364366081,18.6786,27.6051,425,41608,0.0755153,0.05,1,5034909,5034484,425
364369001,29.0714,31.442,427,41659,0.0302061,0.03,1,5034945,5034518,427
364371921,33.2286,34.1768,427,41710,0.0420824,0.09,1,5034981,5034554,427
364374841,30.0914,31.0707,426,41761,0.022833,0.13,1,5035009,5034583,426
364377761,31.8366,30.4283,429,41812,0.0391332,0.17,1,5035042,5034613,429
364380681,30.1346,28.9713,430,41862,0.0456533,0.15,1,5035071,5034641,430
364383601,28.8539,28.9885,429,41912,0.0482613,0.17,1,5035099,5034670,429
364386521,25.3415,25.9954,428,41962,0.0493045,0.13,1,5035122,5034694,428
364389441,38.9366,39.1982,428,42012,0.0977218,0.11,1,5035170,5034742,428
364401121,37.8032,38.7411,424,42212,0.0996057,0.05,1,5035311,5034887,424
364404041,16.3213,16.6964,424,42262,0.0938423,0.09,1,5035313,5034889,424
364406961,18.5285,18.6786,424,42312,0.0675369,0,1,5035333,5034909,424
364409881,27.8114,29.0714,422,42362,0.0450148,0.05,1,5035367,5034945,422
364412801,32.7246,33.2286,422,42412,0.0600059,0.01,1,5035403,5034981,422
364415721,29.8898,30.0914,422,42462,0.0780024,0.05,1,5035431,5035009,422
364418641,31.7559,31.8366,422,42512,0.0972009,0.05,1,5035464,5035042,422
364430321,40.2546,38.9366,426,42711,0.230632,0.11,1,5035596,5035170,426
364433241,34.1018,34.1746,425,42760,0.278253,0.13,1,5035626,5035201,425
364450761,25.9635,7.4114,455,43054,0.294959,0.03,1,5035788,5035333,455
364471201,42.8819,27.1182,482,43397,0.400376,0.27,1,5036029,5035547,482
364474121,35.7528,40.2473,464,43446,0.41815,0.31,1,5036060,5035596,464
364477041,34.1011,34.0989,467,43495,0.43726,0.33,1,5036093,5035626,467
364535441,34.1487,26.5534,485,44456,0.755267,0.53,2,5036709,5036224,485
364538361,14.8595,33.4213,449,44503,0.764107,0.57,2,5036711,5036262,449
364541281,24.5438,31.3685,450,44550,0.755643,0.57,2,5036742,5036292,450
364544201,30.8175,33.5474,450,44597,0.764257,0.57,2,5036777,5036327,450
364547121,30.327,31.419,450,44644,0.791703,0.59,2,5036807,5036357,450
364550041,31.9308,31.7676,451,44691,0.790681,0.61,2,5036840,5036389,451
364552961,30.1723,29.507,452,44738,0.754272,0.65,2,5036869,5036417,452
364555881,46.8689,44.8028,455,44785,0.763709,0.65,2,5036927,5036472,455
364558801,37.3476,36.5211,455,44832,0.755484,0.67,2,5036958,5036503,455
364561721,34.739,34.4085,455,44879,0.764193,0.69,2,5036991,5036536,455
364564641,39.6956,38.9634,456,44926,0.767677,0.71,2,5037034,5036578,456
364567561,38.0782,37.1854,457,44973,0.781071,0.71,2,5037071,5036614,457
364570481,16.4313,16.0741,457,45020,0.786428,0.71,2,5037073,5036616,457
364573401,18.5725,18.4297,457,45067,0.764571,0.75,2,5037093,5036636,457
364576321,29.629,28.3719,459,45114,0.755828,0.77,2,5037130,5036671,459
364579241,35.2516,34.1487,460,45161,0.788331,0.77,2,5037169,5036709,460
364582161,15.3006,14.8595,460,45208,0.801333,0.75,2,5037171,5036711,460
364585081,24.1203,24.5438,459,45255,0.806533,0.77,2,5037201,5036742,459
364588001,30.0481,30.8175,458,45302,0.832613,0.81,2,5037235,5036777,458
364590921,31.2192,30.327,460,45349,0.855045,0.79,2,5037267,5036807,460
364593841,31.6877,31.9308,459,45396,0.864018,0.73,2,5037299,5036840,459
364596761,29.4751,30.1723,458,45442,0.867607,0.77,2,5037327,5036869,458
364599681,46.59,46.8689,458,45488,0.881043,0.75,2,5037385,5036927,458
364602601,36.636,37.3476,457,45534,0.898417,0.77,2,5037415,5036958,457
364818681,321.772,355.609,459,21900,0.404926,0.67,1,5039698,5039239,459
364821601,178.509,177.644,483,21997,0.21597,0.45,1,5039781,5039298,483
364844961,88.2909,64.4742,521,22757,0.203583,0.05,1,5040302,5039781,521
364847881,68.9163,84.5897,479,22850,0.243433,0.13,1,5040358,5039879,479
364850801,58.1665,66.2359,476,22943,0.271373,0.11,1,5040409,5039933,476
364865401,89.4158,76.5403,528,23401,0.41244,0.21,1,5040734,5040206,528
364868321,70.5663,88.2161,490,23492,0.422976,0.27,1,5040792,5040302,490
364871241,59.4265,68.8865,486,23582,0.42719,0.29,1,5040844,5040358,486
364874161,49.5706,58.1546,478,23672,0.416876,0.33,1,5040887,5040409,478
364877081,42.0282,47.8618,474,23762,0.42475,0.33,1,5040924,5040450,474
364880001,49.2113,40.7447,492,23851,0.4399,0.37,1,5040978,5040486,492
364912121,72.1422,71.4295,447,24812,0.776317,0.55,2,5041624,5041177,447
364915041,63.6569,63.3718,447,24897,0.784527,0.61,2,5041682,5041235,447
364917961,59.0627,56.5487,451,24982,0.811811,0.63,2,5041738,5041287,451
364920881,50.6251,47.8195,454,25067,0.810724,0.65,2,5041783,5041329,454
364923801,43.05,41.9278,454,25152,0.83429,0.75,2,5041821,5041367,454
364926721,54.42,50.9711,459,25236,0.819716,0.73,2,5041883,5041424,459
364929641,81.168,80.3884,458,25320,0.873886,0.73,2,5041982,5041524,458
365192441,38.0469,34.0545,526,31980,0.882602,1,2,5046640,5046114,526
365195361,34.4188,35.8218,521,32046,0.791041,1,2,5046672,5046151,521
365209961,49.6667,79.2356,503,32375,0.269921,0.91,1,5046954,5046451,503
365218721,36.0107,43.5431,496,32570,0.0707949,0.91,1,5047062,5046566,496
365221641,36.6043,39.6172,496,32635,0.046318,0.85,1,5047099,5046603,496
365224561,32.0417,38.0469,488,32700,0.0185272,0.73,1,5047128,5046640,488
365227481,45.2167,34.4188,510,32765,0.0374109,0.63,1,5047182,5046672,510
365230401,19.2867,46.1675,458,32830,0.0449643,0.61,1,5047184,5046726,458
365233321,25.1147,40.667,450,32894,0.0839857,0.47,1,5047213,5046763,450
365236241,51.4459,60.6668,445,32958,0.0755943,0.29,1,5047282,5046837,445
365250841,34.843,36.0107,422,33278,0.220182,0.03,1,5047484,5047062,422
365282961,34.9425,34.843,430,33970,0.216164,0.15,1,5047914,5047484,430
365285881,35.577,36.1372,429,34032,0.272465,0.09,1,5047950,5047521,429
365297561,23.4612,7.77951,453,34280,0.297807,0.13,1,5048061,5047608,453
365300481,54.3845,19.9118,500,34342,0.293123,0.12,1,5048136,5047636,500
365309241,38.4726,43.1784,464,34526,0.42268,0.17,1,5048274,5047810,464
365312161,37.589,38.2713,466,34587,0.439072,0.21,1,5048311,5047845,466
365379321,37.622,38.2821,446,35966,0.773373,0.47,2,5049200,5048754,446
365382241,36.0488,36.9129,445,36025,0.807349,0.47,2,5049235,5048790,445
365385161,37.8195,37.5651,446,36084,0.82094,0.51,2,5049274,5048828,446
365388081,31.3278,30.6261,447,36143,0.838376,0.55,2,5049301,5048854,447
365391001,47.3311,45.8504,449,36201,0.86935,0.55,2,5049359,5048910,449
365393921,20.1324,19.5402,449,36259,0.85774,0.57,2,5049361,5048912,449
365396841,26.053,25.2161,450,36317,0.877096,0.61,2,5049391,5048941,450
365399761,56.6212,55.0864,452,36375,0.896838,0.61,2,5049468,5049016,452
365402681,23.8485,23.2346,452,36433,0.880735,0.67,2,5049470,5049018,452
365531161,33.3718,30.9256,487,38903,0.876899,1,2,5051192,5050705,487
365534081,46.3487,49.5702,480,38957,0.77676,1,2,5051247,5050767,480
365601241,33.4721,26.7707,482,40186,0.758141,0.59,2,5052038,5051556,482
365604161,37.3889,29.9083,490,40239,0.777256,0.57,2,5052078,5051588,490
365607081,31.1555,36.5633,476,40291,0.808903,0.69,2,5052105,5051629,476
365610001,45.4622,28.4253,508,40343,0.821561,0.65,2,5052160,5051652,508
365612921,37.3849,44.3701,485,40395,0.838624,0.63,2,5052192,5051707,485
365615841,25.754,37.5481,470,40447,0.86945,0.65,2,5052210,5051740,470
365618761,40.3016,25.2192,503,40499,0.88178,0.71,2,5052260,5051757,503
365621681,34.7206,38.8877,486,40551,0.898712,0.73,2,5052291,5051805,486
365624601,54.0883,32.9551,524,40603,0.893485,0.71,2,5052358,5051834,524
365627521,37.2353,53.982,482,40655,0.891394,0.75,2,5052384,5051902,482
365630441,26.8941,37.1928,476,40707,0.890558,0.71,2,5052404,5051928,476
365633361,22.1576,26.8771,475,40759,0.878223,0.73,2,5052423,5051948,475
365636281,31.6631,20.9508,496,40811,0.873289,0.75,2,5052461,5051965,496
365639201,34.2652,31.1803,494,40863,0.883316,0.77,2,5052497,5052003,494
365788121,39.8443,53.5458,507,43419,0.8692,1,2,5054282,5053775,507
365791041,34.5377,38.8183,509,43468,0.80968,1,2,5054313,5053804,509
365808561,29.1319,28.9607,510,43757,0.245434,1,1,5054488,5053978,510
365811481,31.4528,31.9843,509,43805,0.212174,1,1,5054521,5054012,509
365823161,32.1108,40.5676,501,43997,0.0979276,1,1,5054656,5054155,501
365826081,50.0443,33.027,535,44045,0.0571711,0.93,1,5054718,5054183,535
365829001,32.0177,54.6108,486,44093,0.0528684,0.81,1,5054738,5054252,486
365831921,30.2071,39.8443,485,44141,0.0511474,0.77,1,5054767,5054282,485
365834841,27.6828,34.5377,480,44189,0.0744589,0.69,1,5054793,5054313,480
365837761,22.4731,32.4151,468,44237,0.0477836,0.59,1,5054812,5054344,468
365840681,28.7893,27.966,476,44285,0.0491134,0.49,1,5054845,5054369,476
365843601,27.7157,32.1864,468,44333,0.0376454,0.45,1,5054872,5054404,468
365846521,23.6863,29.0746,462,44381,0.0450581,0.27,1,5054893,5054431,462
365849441,23.2745,27.8298,458,44429,0.0240233,0.17,1,5054916,5054458,458
365852361,10.5098,29.1319,430,44476,0.0396093,0.19,1,5054918,5054488,430
365855281,25.2039,31.4528,432,44523,0.0458437,0.09,1,5054953,5054521,432
365858201,25.0816,29.9811,428,44570,0.0483375,0.09,1,5054978,5054550,428
365861121,30.4326,34.1924,425,44617,0.061335,0.11,1,5055012,5054587,425
365864041,37.3731,38.277,426,44664,0.042534,0.09,1,5055054,5054628,426
365866961,29.3492,32.1108,422,44711,0.0710136,0.03,1,5055078,5054656,422
365869881,49.5397,50.0443,423,44758,0.0704054,0.05,1,5055141,5054718,423
365872801,31.8159,32.0177,423,44805,0.0581622,0.05,1,5055161,5054738,423
365875721,30.7263,30.2071,424,44852,0.0412649,0.09,1,5055191,5054767,424
365878641,27.8905,27.6828,424,44899,0.0825059,0.03,1,5055217,5054793,424
365881561,21.3562,22.4731,422,44946,0.0870024,0.05,1,5055234,5054812,422
365884481,30.1425,28.7893,425,44993,0.088801,0.03,1,5055270,5054845,425
365890321,23.7828,23.6863,423,45087,0.0994081,0.01,1,5055316,5054893,423
365913681,49.2053,49.5397,422,45461,0.0926516,0.05,1,5055563,5055141,422
365916601,31.6821,31.8159,422,45507,0.0670606,0.03,1,5055583,5055161,422
365919521,30.6728,30.7263,422,45553,0.0928243,0.11,1,5055613,5055191,422
365960401,30.7865,49.0541,443,46197,0.224797,0.05,1,5056006,5055563,443
365963321,30.9146,31.6216,454,46243,0.263919,0.11,1,5056037,5055583,454
365966241,31.5658,30.6487,456,46289,0.279568,0.13,1,5056069,5055613,456
365969161,23.4263,29.6595,445,46335,0.297827,0.13,1,5056087,5055642,445
365972081,32.7705,22.6638,466,46381,0.293131,0.13,1,5056126,5055660,466
365975001,26.9082,31.8655,451,46426,0.279252,0.21,1,5056149,5055698,451
365977921,23.9633,25.9462,451,46471,0.273701,0.17,1,5056171,5055720,451
365980841,23.3853,23.5785,452,46516,0.25948,0.19,1,5056194,5055742,452
365983761,10.5541,22.6314,432,46561,0.253792,0.19,1,5056196,5055764,432
365986681,25.8217,10.2526,466,46606,0.263517,0.19,1,5056232,5055766,466
365989601,27.1287,25.701,458,46651,0.267407,0.17,1,5056260,5055802,458
365992521,31.8515,27.6804,464,46696,0.256963,0.17,1,5056295,5055831,464
365995441,34.3406,31.4722,466,46741,0.288785,0.17,1,5056331,5055865,466
366015881,32.4462,23.4263,474,47056,0.402409,0.29,1,5056561,5056087,474
366018801,26.1785,32.7705,457,47101,0.406963,0.27,1,5056583,5056126,457
366021721,23.6714,26.9082,456,47146,0.420785,0.27,1,5056605,5056149,456
366024641,22.6686,23.9633,456,47191,0.426314,0.25,1,5056627,5056171,456
366027561,10.2674,23.3853,435,47236,0.428526,0.25,1,5056629,5056194,435
366030481,26.307,10.5541,470,47281,0.42941,0.27,1,5056666,5056196,470
366033401,27.3228,25.8217,462,47326,0.441764,0.27,1,5056694,5056232,462
366091801,28.7661,28.1171,446,48207,0.769918,0.57,2,5057242,5056796,446
366094721,51.1064,49.0468,449,48251,0.805967,0.59,2,5057308,5056859,449
366097641,32.4426,31.6187,449,48295,0.796387,0.53,2,5057328,5056879,449
366100561,34.577,34.8475,448,48339,0.792555,0.61,2,5057364,5056916,448
366103481,33.0308,31.939,450,48383,0.803022,0.61,2,5057396,5056946,450
366106401,24.0123,23.5756,450,48427,0.807209,0.63,2,5057414,5056964,450
366109321,33.6049,32.8302,451,48471,0.844884,0.61,2,5057454,5057003,451
366112241,27.242,26.3321,452,48514,0.871953,0.67,2,5057477,5057025,452
366115161,25.2968,24.3328,453,48557,0.858781,0.65,2,5057501,5057048,453
366118081,24.5187,23.5331,454,48600,0.865513,0.65,2,5057525,5057071,454
366121001,11.0075,10.6133,454,48643,0.868205,0.69,2,5057527,5057073,454
366123921,26.003,25.8453,454,48686,0.893282,0.71,2,5057563,5057109,454
366334161,43.8097,52.5283,484,51708,0.827884,1,2,5059676,5059192,484
366402781,303.071,349.889,445,23360,0.265381,0.37,1,5060305,5059860,445
366405701,173.428,178.356,468,24178,0.208152,0.37,1,5060392,5059924,468
366408621,104.771,103.142,474,24266,0.221261,0.35,1,5060451,5059977,474
366411541,62.9085,74.8569,453,24353,0.238504,0.29,1,5060486,5060033,453
366414461,71.3634,46.7428,502,24440,0.245402,0.19,1,5060563,5060061,502
366417381,60.9454,79.2971,455,24527,0.272161,0.11,1,5060617,5060162,455
366437821,65.4645,65.2529,434,25126,0.41091,0.29,1,5060997,5060563,434
366472861,35.6307,32.6682,484,26119,0.750852,0.55,2,5061619,5061135,484
366475781,69.4523,34.6673,540,26200,0.750341,0.61,2,5061711,5061171,540
366478701,64.9809,67.2669,513,26281,0.786136,0.61,2,5061773,5061260,513
366481621,48.7924,64.1068,489,26362,0.800455,0.63,2,5061811,5061322,489
366484541,68.1169,47.8427,533,26442,0.830182,0.65,2,5061892,5061359,533
366487461,65.6468,67.1371,517,26522,0.878073,0.71,2,5061956,5061439,517
366490381,70.0587,62.8548,530,26602,0.873229,0.73,2,5062029,5061499,530
366493301,34.0235,68.9419,467,26682,0.871292,0.73,2,5062039,5061572,467
366496221,37.0094,33.5768,496,26761,0.870517,0.77,2,5062078,5061582,496
366624701,83.0727,84.0225,490,30045,0.874,1,2,5064418,5063928,490
366627621,54.8291,55.209,490,30115,0.7876,1,2,5064454,5063964,490
366642221,44.6869,43.6521,483,30465,0.253201,1,1,5064671,5064188,483
366648061,32.1099,31.7043,481,30603,0.0825122,1,1,5064733,5064252,481
366650981,51.244,48.6817,485,30672,0.0510049,0.79,1,5064797,5064312,485
366653901,69.6976,83.0727,461,30741,0.0384019,0.73,1,5064879,5064418,461
366656821,47.079,54.8291,457,30810,0.0933608,0.65,1,5064911,5064454,457
366659741,30.2316,39.3316,447,30879,0.0793443,0.53,1,5064930,5064483,447
366662661,45.6926,48.7327,448,30948,0.0977377,0.45,1,5064986,5064538,448
366688941,29.3866,45.846,441,31557,0.0960098,0.07,1,5065352,5064911,441
366703541,33.0446,36.7037,459,31891,0.204148,0.19,1,5065557,5065098,459
366706461,26.4178,33.2815,450,31957,0.207659,0.15,1,5065579,5065129,450
366709381,52.5671,28.9126,494,32023,0.221064,0.15,1,5065649,5065155,494
366712301,69.0269,51.165,508,32089,0.286425,0.11,1,5065729,5065221,508
366732741,33.4846,37.6115,461,32548,0.401947,0.21,1,5065988,5065527,461
366735661,26.5938,33.0446,453,32613,0.406779,0.21,1,5066010,5065557,453
366747341,29.8744,45.6107,439,32872,0.400222,0.35,1,5066198,5065759,439
366753181,46.2999,47.6177,441,33000,0.427635,0.41,1,5066278,5065837,441
366802821,52.9383,52.7189,447,34073,0.766234,0.63,2,5066969,5066522,447
366805741,73.3753,70.8876,451,34135,0.780494,0.63,2,5067056,5066605,451
366808661,30.5501,29.555,451,34197,0.786197,0.59,2,5067058,5066607,451
366811581,30.2201,31.022,449,34259,0.788479,0.59,2,5067088,5066639,449
366814501,22.888,12.4088,467,34321,0.801392,0.57,2,5067106,5066639,467
366817421,49.3552,15.7635,516,34383,0.830557,0.63,2,5067173,5066657,516
366820341,49.1421,44.1054,502,34444,0.866223,0.71,2,5067222,5066720,502
366823261,44.2568,46.4422,495,34505,0.880489,0.71,2,5067263,5066768,495
367007221,40.0859,38.633,526,38173,0.893632,1,2,5069819,5069293,526
367010141,64.0344,40.6532,564,38228,0.831453,1,2,5069899,5069335,564
367021821,35.3161,38.0247,512,38448,0.436245,1,1,5070059,5069547,512
367027661,34.5706,27.324,532,38558,0.294199,1,1,5070130,5069598,532
367036421,20.5245,33.0927,478,38723,0.288829,1,1,5070179,5069701,478
367039341,34.6098,36.0371,484,38778,0.217532,0.96,1,5070223,5069739,484
367042261,36.0439,37.2148,483,38832,0.225013,0.84,1,5070260,5069777,483
367045181,30.6176,40.0859,468,38886,0.204005,0.79,1,5070287,5069819,468
367048101,56.647,64.0344,462,38940,0.243602,0.65,1,5070361,5069899,462
367051021,48.4588,56.8137,453,38994,0.283441,0.45,1,5070404,5069951,453
367053941,35.5835,43.7255,445,39048,0.287376,0.47,1,5070431,5069986,445
367056861,37.6334,43.2902,441,39102,0.264951,0.39,1,5070470,5070029,441
367059781,32.4534,35.3161,440,39156,0.25598,0.31,1,5070499,5070059,440
367062701,34.5813,36.9264,438,39210,0.276392,0.25,1,5070535,5070097,438
367065621,33.6325,34.5706,438,39264,0.296557,0.35,1,5070568,5070130,438
367086061,56.7714,56.647,433,39639,0.415259,0.31,1,5070794,5070361,433
367088981,49.1086,48.4588,434,39692,0.436104,0.29,1,5070838,5070404,434
367164901,52.6633,58.2679,496,41053,0.779205,0.61,2,5071731,5071235,496
367167821,39.0653,49.7072,482,41104,0.797682,0.65,2,5071761,5071279,482
367170741,39.0261,37.2829,492,41155,0.817073,0.65,2,5071800,5071308,492
367173661,34.8104,37.7131,486,41206,0.848829,0.65,2,5071832,5071346,486
367176581,35.5242,34.8853,489,41257,0.873532,0.63,2,5071868,5071379,489
367179501,33.4097,36.1541,484,41308,0.883413,0.63,2,5071900,5071416,484
367182421,24.1639,33.6616,470,41359,0.887365,0.63,2,5071918,5071448,470
367185341,13.2655,24.2647,458,41410,0.888946,0.63,2,5071924,5071466,458
367407261,184.829,184.218,522,20544,0.227632,0.71,1,5074569,5074047,522
367413101,85.3727,96.7949,483,20750,0.0760211,0.37,1,5074707,5074224,483
367416021,87.5491,101.118,468,20852,0.0604084,0.27,1,5074796,5074328,468
367418941,76.4196,78.8472,473,20954,0.0901634,0.11,1,5074865,5074392,473
367424781,23.6271,39.3755,427,21156,0.0948261,0.07,1,5074902,5074475,427
367430621,73.0203,73.8601,428,21356,0.0643722,0.03,1,5075072,5074644,428
367433541,64.0081,67.344,423,21455,0.0917489,0.05,1,5075130,5074707,423
367436461,81.4033,80.3376,427,21554,0.0786996,0.11,1,5075223,5074796,427
367439381,72.7613,73.535,425,21652,0.0734798,0.11,1,5075290,5074865,425
367448141,62.6887,63.8662,426,21945,0.0975827,0.03,1,5075419,5074993,426
367456901,82.1081,81.3914,426,22234,0.271925,0.07,1,5075649,5075223,426
367477341,85.472,63.3209,530,22893,0.422644,0.33,1,5076085,5075555,530
367503621,51.0437,74.9885,480,23713,0.784195,0.51,2,5076633,5076153,480
367506541,25.8175,50.3954,455,23802,0.811678,0.51,2,5076642,5076187,455
367509461,65.527,24.9582,539,23891,0.798671,0.57,2,5076734,5076195,539
367512381,73.0108,63.9833,527,23980,0.829469,0.57,2,5076812,5076285,527
367515301,30.4043,72.3933,451,24068,0.841787,0.63,2,5076814,5076363,451
367518221,52.9617,68.5573,453,24156,0.822715,0.73,2,5076882,5076429,453
367521141,84.7847,88.0229,458,24244,0.827086,0.79,2,5076988,5076530,458
367524061,77.7139,76.6092,462,24331,0.852834,0.81,2,5077061,5076599,462
367526981,51.4856,51.0437,462,24418,0.887134,0.83,2,5077095,5076633,462
367535741,74.3831,73.0108,464,24677,0.889337,0.85,2,5077276,5076812,464
367538661,30.9532,30.4043,464,24763,0.877735,0.81,2,5077278,5076814,464
367640861,82.3037,85.3426,486,27599,0.7804,1,2,5079359,5078873,486
367649621,59.9874,59.8699,493,27829,0.413066,1,1,5079506,5079013,493
367652541,45.595,44.348,495,27905,0.291226,1,1,5079542,5079047,495
367658381,58.0552,60.4957,484,28057,0.0933962,1,1,5079644,5079160,484
367664221,52.4888,58.7593,470,28207,0.0881434,0.67,1,5079731,5079261,470
367667141,70.1955,82.3037,454,28282,0.0772574,0.57,1,5079813,5079359,454
367670061,48.4782,56.9215,448,28357,0.0609029,0.57,1,5079847,5079399,448
367672981,39.1913,22.7686,481,28432,0.0303612,0.51,1,5079880,5079399,481
367675901,49.2765,31.3074,500,28506,0.0301445,0.31,1,5079936,5079436,500
367684661,56.9857,34.7637,496,28728,0.0967292,0.05,1,5080067,5079571,496
367687581,38.9943,57.7055,450,28802,0.0926917,0.13,1,5080094,5079644,450
367690501,50.9977,38.0822,484,28876,0.0910767,0.07,1,5080153,5079669,484
367710941,53.8489,29.964,496,29385,0.212382,0.09,1,5080488,5079992,496
367713861,40.1395,56.9856,452,29457,0.210953,0.09,1,5080519,5080067,452
367716781,52.0558,38.9942,485,29529,0.234381,0.09,1,5080579,5080094,485
367728461,50.8254,39.0959,487,29815,0.40176,0.17,1,5080789,5080302,487
367731381,21.5302,51.6383,429,29886,0.418704,0.19,1,5080791,5080362,429
367734301,30.2121,41.0553,431,29957,0.425482,0.19,1,5080827,5080396,431
367737221,25.2848,29.6221,431,30028,0.440193,0.23,1,5080849,5080418,431
367740141,53.3139,53.8489,433,30098,0.422077,0.21,1,5080921,5080488,433
367743061,39.9256,40.1395,433,30168,0.426831,0.25,1,5080952,5080519,433
367745981,53.1702,52.0558,435,30238,0.428732,0.35,1,5081014,5080579,435
367816061,53.5084,39.231,518,31877,0.781797,0.71,2,5082132,5081614,518
367818981,22.6033,53.4924,457,31943,0.774719,0.67,2,5082134,5081677,457
367821901,31.8413,22.597,493,32009,0.807888,0.65,2,5082172,5081679,493
367824821,26.5365,33.0388,476,32075,0.809155,0.63,2,5082195,5081719,476
367827741,53.8146,27.0155,525,32141,0.893662,0.67,2,5082267,5081742,525
368140181,41.4044,35.0414,529,38548,0.829034,1,2,5086732,5086203,529
368143101,38.1618,47.0166,510,38603,0.793613,1,2,5086768,5086258,510
368151861,43.5544,45.9691,499,38768,0.443191,1,1,5086906,5086407,499
368154781,33.6217,42.9876,485,38822,0.423276,1,1,5086933,5086448,485
368172301,31.548,34.5274,467,39146,0.29679,0.89,1,5087117,5086650,467
368175221,33.6192,36.0109,465,39200,0.280716,0.77,1,5087152,5086687,465
368178141,36.2477,41.4044,458,39254,0.286286,0.77,1,5087190,5086732,458
368181061,34.2991,38.1618,455,39308,0.276515,0.65,1,5087223,5086768,455
368183981,30.5196,34.4647,451,39362,0.272606,0.45,1,5087251,5086800,451
368186901,49.4079,56.3859,442,39416,0.283042,0.37,1,5087313,5086871,442
368189821,39.5631,43.5544,440,39470,0.299217,0.41,1,5087346,5086906,440
368201501,26.9856,25.3118,439,39683,0.409948,0.29,1,5087470,5087031,439
368216101,35.8837,36.2477,435,39948,0.429084,0.27,1,5087625,5087190,435
368219021,34.1535,34.2991,435,40001,0.429634,0.27,1,5087658,5087223,435
368221941,29.8614,30.5196,434,40054,0.417853,0.29,1,5087685,5087251,434
368227781,39.5778,19.7631,466,40160,0.447257,0.31,1,5087779,5087313,466
368268661,35.2721,39.5777,476,40890,0.761025,0.49,2,5088255,5087779,476
368271581,39.3088,34.4311,487,40942,0.79041,0.49,2,5088297,5087810,487
368274501,37.9235,38.9724,482,40994,0.826164,0.51,2,5088334,5087852,482
368277421,28.3694,37.189,468,41045,0.840466,0.51,2,5088356,5087888,468
368280341,26.9478,28.0756,472,41096,0.846186,0.51,2,5088382,5087910,472
368283261,21.5791,26.8302,464,41147,0.848475,0.51,2,5088400,5087936,464
368286181,32.0316,21.5321,485,41198,0.83739,0.51,2,5088439,5087954,485
368289101,36.2127,31.4128,486,41249,0.832956,0.59,2,5088478,5087992,486
368292021,39.0851,34.1651,491,41300,0.855182,0.61,2,5088519,5088028,491
368294941,34.834,37.6661,483,41351,0.876073,0.65,2,5088551,5088068,483
368297861,32.5336,33.0664,484,41402,0.872429,0.67,2,5088582,5088098,484
368300781,51.4134,30.6266,519,41453,0.894972,0.73,2,5088646,5088127,519
368525621,321.442,354.01,470,20440,0.417984,0.75,1,5091210,5090740,470
368531461,113.831,117.482,481,20647,0.0920775,0.31,1,5091356,5090875,481
368534381,84.5323,88.9927,476,20750,0.090831,0.07,1,5091421,5090945,476
368537301,81.8129,91.9971,462,20852,0.0543324,0.03,1,5091501,5091039,462
368540221,82.5252,78.7988,475,20954,0.021733,0.01,1,5091584,5091109,475
368543141,41.4101,64.5195,434,21055,0.0146932,0.03,1,5091598,5091164,434
368546061,36.964,40.8078,443,21156,0.0118773,0.03,1,5091632,5091189,443
368548981,57.3856,70.9231,423,21256,0.0107509,0.03,1,5091703,5091280,423
368551901,69.7542,73.9693,425,21356,0.0223004,0.09,1,5091781,5091356,425
368554821,67.5017,68.5877,426,21455,0.0629201,0.03,1,5091847,5091421,426
368557741,73.8007,75.4351,424,21554,0.0551681,0,1,5091925,5091501,424
368560661,78.1203,79.974,422,21652,0.0280672,0.01,1,5092006,5091584,422
368563581,40.8481,40.3896,424,21750,0.0412269,0.01,1,5092022,5091598,424
368566501,35.5392,36.5558,422,21848,0.0224908,0.01,1,5092054,5091632,422
368569421,56.8157,57.2223,422,21945,0.0269963,0.03,1,5092125,5091703,422
368572341,70.1263,69.6889,423,22042,0.0647985,0.09,1,5092204,5091781,423
368578181,72.9002,73.7902,422,22234,0.0811678,0.01,1,5092347,5091925,422
368581101,77.7601,78.1161,422,22329,0.0624671,0.05,1,5092428,5092006,422
368584021,40.704,40.8464,422,22424,0.0429868,0.01,1,5092444,5092022,422
368586941,35.4816,35.5386,422,22519,0.0591947,0.01,1,5092476,5092054,422
368589861,56.7926,14.2154,493,22613,0.0656779,0.03,1,5092547,5092054,493
368598621,69.9227,66.8858,497,22893,0.210843,0.05,1,5092768,5092271,497
368607381,35.3871,40.6167,454,23170,0.086694,0.07,1,5092898,5092444,454
368610301,57.9548,35.4467,495,23261,0.0646776,0.07,1,5092971,5092476,495
368613221,76.5819,56.7787,513,23352,0.067871,0.19,1,5093060,5092547,513
368616141,72.0328,72.5115,499,23443,0.0931484,0.21,1,5093129,5092630,499
368624901,39.0741,77.1687,440,23713,0.200602,0.07,1,5093290,5092850,440
368630741,56.7719,35.387,496,23891,0.239696,0.05,1,5093394,5092898,496
368633661,76.7087,57.9548,513,23980,0.281879,0.07,1,5093484,5092971,513
368636581,31.8835,76.5819,426,24068,0.298751,0.11,1,5093486,5093060,426
368697901,37.4594,38.3482,486,25853,0.767142,0.61,2,5094646,5094160,486
368700821,60.5838,36.3393,527,25935,0.804857,0.57,2,5094722,5094195,527
368703741,81.8335,61.3357,545,26017,0.831943,0.65,2,5094818,5094273,545
368706661,33.9334,80.9343,453,26098,0.842777,0.65,2,5094820,5094367,453
368709581,59.7734,33.5737,528,26179,0.847111,0.69,2,5094897,5094369,528
368712501,69.5093,56.6295,532,26260,0.872844,0.75,2,5094973,5094441,532
368829301,48.4628,32.9177,538,29313,0.895984,1,2,5097075,5096537,538
368832221,75.1851,57.5671,557,29385,0.796394,1,2,5097168,5096611,557
368855581,26.6832,37.157,468,29957,0.43282,0.87,1,5097487,5097019,468
368864341,54.7237,56.474,456,30168,0.27178,0.63,1,5097668,5097212,456
368867261,39.8895,43.5896,451,30238,0.282712,0.51,1,5097698,5097247,451
368870181,62.1558,68.4359,443,30308,0.275085,0.53,1,5097775,5097332,443
368890621,63.6216,66.3093,435,30794,0.44726,0.23,1,5098056,5097621,435
368954861,42.6481,53.9308,485,32273,0.757265,0.63,2,5099031,5098546,485
368957781,62.6592,41.3723,528,32339,0.800906,0.65,2,5099107,5098579,528
368960701,53.8637,61.5489,501,32404,0.818362,0.65,2,5099155,5098654,501
368963621,48.5455,53.4196,498,32469,0.861345,0.67,2,5099200,5098702,498
368966541,38.0182,47.7678,485,32534,0.890538,0.69,2,5099231,5098746,485
369232261,57.5529,35.8446,555,37996,0.751883,1,2,5103004,5102449,555
369246861,36.3023,34.6506,520,38273,0.29304,1,1,5103176,5102656,520
369249781,54.1209,34.2602,552,38328,0.267216,0.92,1,5103242,5102690,552
369252701,33.6484,58.1041,498,38383,0.256886,1,1,5103262,5102764,498
369255621,34.4593,38.2416,508,38438,0.252755,1,1,5103297,5102789,508
369258541,32.9837,38.0967,502,38493,0.263102,0.9,1,5103329,5102827,502
369261461,31.7935,32.6387,504,38548,0.255241,0.92,1,5103360,5102856,504
369264381,34.3174,36.4555,501,38603,0.252096,0.89,1,5103396,5102895,501
369267301,14.927,37.3822,465,38658,0.250839,0.65,1,5103398,5102933,465
369270221,40.7708,57.5529,452,38713,0.262335,0.63,1,5103456,5103004,452
369276061,32.3233,38.8485,445,38822,0.287974,0.43,1,5103520,5103075,445
369293581,36.0896,34.4593,437,39146,0.421558,0.27,1,5103734,5103297,437
369360741,38.605,29.1024,495,40370,0.764215,0.65,2,5104507,5104012,495
369363661,52.642,36.241,516,40422,0.767686,0.67,2,5104569,5104053,516
369366581,34.2568,51.6964,476,40474,0.793074,0.71,2,5104591,5104115,476
369369501,38.3027,33.8786,495,40526,0.80323,0.67,2,5104632,5104137,495
369372421,32.7211,38.1514,483,40578,0.819292,0.69,2,5104661,5104178,483
369375341,33.4884,33.2606,487,40630,0.837717,0.69,2,5104695,5104208,487
369378261,33.7954,33.7042,487,40682,0.869087,0.63,2,5104729,5104242,487
369381181,14.7181,34.4817,454,40734,0.881635,0.63,2,5104731,5104277,454
369384101,41.8873,14.9927,512,40786,0.898654,0.65,2,5104791,5104279,512
369541781,43.9539,40.7018,516,43493,0.876396,1,2,5106671,5106155,516
369544701,31.3816,36.6807,505,43542,0.896559,1,2,5106694,5106189,505
369547621,32.3526,27.2723,517,43590,0.856623,1,2,5106727,5106210,517
369550541,33.3411,39.1089,504,43638,0.864649,1,2,5106761,5106257,504
369553461,37.9364,35.4436,512,43686,0.80786,0.98,2,5106802,5106290,512
369556381,26.5746,30.3774,504,43734,0.821144,1,2,5106821,5106317,504
369559301,14.8298,22.951,493,43782,0.790458,1,2,5106828,5106335,493
369562221,35.9319,16.9804,530,43830,0.754183,1,2,5106878,5106348,530
369600181,14.62,26.5746,465,44454,0.755504,0.77,2,5107286,5106821,465
369603101,7.048,14.8298,460,44501,0.764202,0.73,2,5107288,5106828,460
369606021,31.0192,35.9319,457,44548,0.755681,0.67,2,5107335,5106878,457
369608941,43.6077,46.1728,456,44595,0.776272,0.71,2,5107387,5106931,456
369611861,31.2431,29.2691,461,44642,0.808509,0.73,2,5107410,5106949,461
369614781,36.4972,39.3076,455,44689,0.845403,0.69,2,5107450,5106995,455
369617701,34.9989,36.1231,455,44736,0.836161,0.65,2,5107484,5107029,455
369620621,30.1996,31.2492,454,44783,0.832465,0.67,2,5107511,5107057,454
369623541,28.2798,29.2997,453,44830,0.878986,0.61,2,5107538,5107085,453
369626461,38.3119,39.3199,452,44877,0.897594,0.67,2,5107583,5107131,452
369868821,31.8472,28.8354,508,48623,0.8692,1,2,5110196,5109688,508
369871741,32.5389,36.1341,500,48666,0.89368,1,2,5110229,5109729,500
369874661,30.4155,36.6537,492,48709,0.843472,1,2,5110258,5109766,492
369877581,30.7662,33.2615,492,48752,0.763389,1,2,5110289,5109797,492
369937441,294.044,352.115,430,21900,0.240775,0.05,1,5110850,5110420,430
369943281,112.687,110.338,459,22817,0.056524,0.11,1,5111008,5110549,459
369946201,74.4748,82.5354,444,22910,0.0526096,0.03,1,5111057,5110613,444
369949121,78.9899,80.4142,447,23003,0.0390438,0.05,1,5111139,5110692,447
369952041,65.796,65.7657,448,23095,0.0336175,0.05,1,5111196,5110748,448
369954961,54.5184,68.9063,424,23187,0.067447,0.05,1,5111243,5110819,424
369957881,34.4074,34.7625,433,23278,0.0569788,0.03,1,5111264,5110831,433
369963721,72.8252,58.722,498,23460,0.0559166,0.01,1,5111429,5110931,498
369966641,59.1301,69.6888,471,23550,0.0403666,0.05,1,5111479,5111008,471
369969561,72.852,57.2755,504,23640,0.0581467,0.03,1,5111561,5111057,504
370010441,66.9033,68.4274,427,24866,0.202728,0.11,1,5112280,5111853,427
370013361,54.9613,56.771,425,24951,0.219091,0.15,1,5112327,5111902,425
370016281,74.1845,73.7084,427,25036,0.249636,0.15,1,5112414,5111987,427
370019201,67.4738,66.0834,429,25121,0.249855,0.19,1,5112477,5112048,429
370045481,56.5877,66.5175,483,25870,0.413175,0.35,1,5112960,5112477,483
370048401,35.2351,54.807,457,25952,0.43527,0.31,1,5112981,5112524,457
370051321,15.294,33.9228,439,26034,0.444108,0.37,1,5112983,5112544,439
370077601,62.6718,15.294,537,26757,0.767676,0.47,2,5113520,5112983,537
370080521,70.6687,61.3176,521,26836,0.80507,0.55,2,5113596,5113075,521
370083441,61.2675,68.327,503,26915,0.808028,0.57,2,5113651,5113148,503
370086361,25.707,59.1308,452,26994,0.809211,0.59,2,5113653,5113201,452
370089281,61.8828,75.8523,451,27072,0.881684,0.65,2,5113739,5113288,451
370226521,67.8107,68.1611,495,30530,0.83848,1,2,5116186,5115691,495
370229441,47.5243,51.2644,489,30599,0.761392,1,2,5116220,5115731,489
370241121,39.295,42.2036,490,30875,0.416884,1,1,5116369,5115879,490
370246961,65.0872,65.7926,480,31012,0.295901,1,1,5116503,5116023,480
370252801,37.174,43.5268,466,31148,0.295744,0.77,1,5116568,5116102,466
370255721,61.0696,67.8107,459,31216,0.280298,0.71,1,5116645,5116186,459
370258641,42.4278,47.5243,455,31284,0.274119,0.71,1,5116675,5116220,455
370261561,34.3711,19.0097,484,31352,0.271648,0.63,1,5116704,5116220,484
370282001,37.0628,46.3882,466,31821,0.403125,0.29,1,5117003,5116537,466
370284921,60.4251,37.1553,511,31887,0.41925,0.27,1,5117079,5116568,511
370287841,40.97,61.0621,462,31953,0.4377,0.27,1,5117107,5116645,462
370290761,36.788,42.4248,466,32019,0.42108,0.27,1,5117141,5116675,466
370293681,35.7152,34.3699,472,32085,0.438432,0.33,1,5117176,5116704,472
370328721,21.9245,28.6861,447,32868,0.759046,0.51,2,5117647,5117200,447
370331641,34.5698,36.6744,448,32932,0.777618,0.55,2,5117690,5117242,448
370334561,45.0279,45.2698,449,32996,0.785047,0.67,2,5117742,5117293,449
370337481,72.6112,69.1079,455,33060,0.800019,0.67,2,5117833,5117378,455
370340401,50.6445,49.2432,455,33124,0.794008,0.69,2,5117869,5117414,455
370343321,38.8578,37.6973,456,33188,0.815603,0.73,2,5117900,5117444,456
370346241,63.5431,61.8789,458,33252,0.836241,0.73,2,5117980,5117522,458
370349161,42.2172,41.5516,458,33316,0.868496,0.73,2,5118008,5117550,458
370352081,36.0869,35.8206,458,33379,0.881399,0.71,2,5118040,5117582,458
370355001,36.0348,36.5282,457,33442,0.898559,0.71,2,5118076,5117619,457
370360841,23.0456,21.9245,459,33568,0.884169,0.79,2,5118106,5117647,459
370492241,26.1376,28.801,484,36295,0.87328,1,2,5120024,5119540,484
370495161,30.2551,27.7204,490,36353,0.835312,1,2,5120057,5119567,490
370498081,35.502,20.6882,513,36411,0.784125,1,2,5120096,5119583,513
370506841,53.5361,50.14,498,36585,0.419064,1,1,5120258,5119760,498
370512681,58.1258,62.5024,491,36701,0.24825,1,1,5120361,5119870,491
370515601,44.8503,43.001,497,36759,0.2373,1,1,5120397,5119900,497
370530201,26.8938,30.2551,462,37044,0.095598,0.75,1,5120519,5120057,462
370533121,31.1575,35.502,457,37101,0.0562392,0.63,1,5120553,5120096,457
370536041,29.263,31.6008,456,37158,0.0644957,0.63,1,5120581,5120125,456
370538961,58.5052,12.6403,534,37215,0.0437983,0.51,1,5120659,5120125,534
370541881,45.6021,57.2561,484,37272,0.0835193,0.31,1,5120696,5120212,484
370544801,37.4408,50.5025,470,37329,0.0994077,0.33,1,5120728,5120258,470
370547721,50.9763,40.601,496,37386,0.0577631,0.17,1,5120788,5120292,496
370550641,42.5905,57.6404,464,37443,0.0651052,0.23,1,5120825,5120361,464
370556481,25.2945,33.4625,449,37555,0.0884168,0.21,1,5120872,5120423,449
370571081,29.4075,31.1567,451,37835,0.204742,0.07,1,5121004,5120553,451
370574001,59.163,29.2627,502,37891,0.243897,0.03,1,5121083,5120581,502
370576921,45.8652,58.5051,461,37947,0.259559,0.11,1,5121120,5120659,461
370579841,37.5461,45.602,456,38003,0.289824,0.11,1,5121152,5120696,456
370603201,31.1546,25.5468,464,38445,0.419495,0.19,1,5121406,5120942,464
370606121,30.4618,30.0187,461,38500,0.437798,0.23,1,5121436,5120975,461
370684961,62.5694,62.322,452,39954,0.758154,0.65,2,5122415,5121963,452
370687881,48.4277,48.3288,452,40007,0.801262,0.65,2,5122454,5122002,452
370690801,20.5711,20.5315,452,40060,0.818505,0.65,2,5122456,5122004,452
370693721,28.0284,8.2126,485,40113,0.789402,0.69,2,5122489,5122004,485
370696641,50.8114,22.485,519,40166,0.837761,0.73,2,5122555,5122036,519
370699561,44.3245,46.794,496,40219,0.845104,0.71,2,5122595,5122099,496
370702481,33.3298,42.7176,482,40271,0.848042,0.73,2,5122621,5122139,482
370705401,24.1319,33.287,473,40323,0.849217,0.69,2,5122639,5122166,473
370708321,27.6528,24.1148,485,40375,0.849687,0.69,2,5122669,5122184,485
370711241,20.6611,27.6459,471,40427,0.849875,0.73,2,5122685,5122214,471
370714161,28.6644,20.6584,489,40479,0.86195,0.71,2,5122719,5122230,489
370717081,33.6658,29.2633,491,40531,0.89078,0.71,2,5122756,5122265,491
370720001,31.4663,33.3053,485,40583,0.878312,0.71,2,5122786,5122301,485
370854321,34.764,43.0348,488,42910,0.882544,1,2,5124457,5123969,488
370857241,36.7056,37.0139,493,42959,0.887018,1,2,5124495,5124002,493
370868921,20.3893,24.4964,504,43155,0.874948,1,2,5124589,5124085,504
370871841,29.1557,24.7985,514,43204,0.895979,1,2,5124624,5124110,514
370874761,21.8623,23.1194,509,43253,0.892392,1,2,5124641,5124132,509
370877681,27.3449,26.0478,512,43302,0.878957,1,2,5124672,5124160,512
370880601,23.538,30.8191,499,43351,0.885583,1,2,5124693,5124194,499
370883521,58.6152,29.7276,552,43400,0.864233,1,2,5124775,5124223,552
370886441,55.8461,59.8911,526,43449,0.891693,0.91,2,5124829,5124303,526
371144861,325.309,369.643,482,21900,0.41512,0.89,1,5127693,5127211,482
371147781,182.923,187.457,504,21997,0.220048,0.65,1,5127781,5127277,504
371153621,100.548,95.5132,498,22189,0.0964077,0.17,1,5127940,5127442,498
371156541,73.2191,97.0053,455,22285,0.0925631,0.07,1,5127995,5127540,455
371162381,44.1151,48.1608,439,22475,0.0712101,0,1,5128064,5127625,439
371165301,39.846,40.8643,440,22569,0.034484,0.03,1,5128101,5127661,440
371168221,78.9384,35.5457,513,22663,0.0437936,0.09,1,5128206,5127693,513
371171141,71.7754,67.0183,492,22757,0.0355174,0.03,1,5128273,5127781,492
371182821,43.8758,41.3205,468,23127,0.0803492,0.05,1,5128488,5128020,468
371185741,38.5503,42.9282,459,23219,0.0321397,0.01,1,5128523,5128064,459
371188661,79.0201,39.3713,528,23310,0.0308559,0.05,1,5128629,5128101,528
371191581,72.4081,78.7485,491,23401,0.0663424,0.03,1,5128697,5128206,491
371203261,42.5048,40.6848,471,23762,0.24117,0.05,1,5128913,5128442,471
371206181,36.2019,43.8739,457,23851,0.270468,0,1,5128945,5128488,457
371209101,79.2808,38.5496,530,23940,0.210187,0.03,1,5129053,5128523,530
371214941,54.5649,72.4079,427,24117,0.21243,0.13,1,5129124,5128697,427
371217861,78.826,84.7632,429,24205,0.210972,0.23,1,5129219,5128790,429
371220781,66.9304,66.9053,433,24293,0.282389,0.21,1,5129278,5128845,433
371223701,42.3722,41.7621,434,24380,0.286956,0.27,1,5129304,5128870,434
371241221,79.0932,78.826,432,24897,0.406912,0.33,1,5129651,5129219,432
371296701,44.9959,44.876,493,26468,0.757582,0.55,2,5130679,5130186,493
371299621,37.7984,44.9504,481,26548,0.789033,0.57,2,5130712,5130231,481
371302541,81.7194,37.1802,560,26628,0.873613,0.63,2,5130823,5130263,560
371433941,26.4937,32.3603,510,29998,0.888534,1,2,5133094,5132584,510
371442701,45.7596,48.9431,486,30209,0.862546,1,2,5133265,5132779,486
371445621,86.1038,87.3772,486,30279,0.867019,1,2,5133378,5132892,486
371448541,54.8415,57.1509,483,30349,0.892807,0.94,2,5133412,5132929,483
371603301,50.6039,40.968,507,33846,0.898,1,2,5135856,5135349,507
371606221,42.4416,38.5872,507,33908,0.8572,1,2,5135893,5135386,507
371609141,33.7766,37.0349,499,33970,0.79288,1,2,5135921,5135422,499
371612061,33.3106,32.214,503,34032,0.767152,1,2,5135954,5135451,503
371638341,38.3023,50.3543,499,34587,0.403146,0.83,1,5136355,5135856,499
371641261,30.3209,42.3417,487,34648,0.407258,0.75,1,5136380,5135893,487
371644181,30.1284,33.7367,489,34709,0.408903,0.75,1,5136410,5135921,489
371650021,32.1805,35.5179,485,34831,0.441025,0.63,1,5136476,5135991,485
371652941,37.4722,34.6071,492,34892,0.42241,0.55,1,5136517,5136025,492
371655861,33.5889,38.4429,482,34953,0.426964,0.45,1,5136548,5136066,482
371658781,33.2356,35.1771,482,35013,0.440786,0.51,1,5136581,5136099,482
371708421,31.1817,30.564,447,36025,0.768365,0.53,2,5137269,5136822,447
371711341,32.2727,31.4256,448,36084,0.757346,0.57,2,5137302,5136854,448
371714261,34.5091,32.3702,451,36143,0.764938,0.57,2,5137338,5136887,451
371717181,31.8036,31.5481,450,36201,0.791975,0.61,2,5137368,5136918,450
371720101,37.9215,36.6192,452,36259,0.83879,0.59,2,5137410,5136958,452
371723021,36.1686,34.4477,454,36317,0.857516,0.67,2,5137445,5136991,454
371725941,33.6674,32.3791,455,36375,0.877006,0.67,2,5137477,5137022,455
371737621,44.4987,43.3857,458,36607,0.899843,0.75,2,5137665,5137207,458
371752221,32.7664,31.8036,462,36895,0.893691,0.87,2,5137830,5137368,462
371755141,38.9066,37.9215,463,36952,0.891476,0.87,2,5137873,5137410,463
371760981,35.265,33.6674,466,37066,0.895036,0.93,2,5137943,5137477,466
371763901,15.306,14.667,466,37123,0.892014,0.93,2,5137945,5137479,466
371883621,37.9106,34.853,490,39389,0.830246,1,2,5139581,5139091,490
371898221,37.2157,33.8052,500,39656,0.259993,1,1,5139753,5139253,500
371901141,27.4863,35.7221,484,39709,0.205997,0.97,1,5139774,5139290,484
371906981,34.7578,36.6755,480,39815,0.0557595,1,1,5139845,5139365,480
371909901,31.3031,32.0702,480,39868,0.0283038,0.95,1,5139874,5139394,480
371912821,53.9213,51.2281,485,39921,0.0293215,0.94,1,5139943,5139458,485
371915741,49.7685,57.6912,470,39974,0.0297286,0.9,1,5139990,5139520,470
371918661,31.3074,36.2765,467,40027,0.0178914,0.77,1,5140009,5139542,467
371921581,33.523,37.9106,463,40080,0.0131566,0.77,1,5140044,5139581,463
371924501,26.6092,15.1642,485,40133,0.0352626,0.67,1,5140066,5139581,485
371927421,25.0437,25.2657,477,40186,0.0321051,0.65,1,5140090,5139613,477
371930341,28.6175,25.1063,483,40239,0.054842,0.39,1,5140121,5139638,483
371933261,28.847,34.6425,471,40291,0.0639368,0.27,1,5140150,5139679,471
371939101,23.5755,36.9828,449,40395,0.0954299,0.17,1,5140202,5139753,449
371944941,32.9321,31.3572,460,40499,0.0644688,0.01,1,5140268,5139808,460
371947861,30.5728,34.7429,452,40551,0.0437875,0.01,1,5140297,5139845,452
371950781,52.4291,31.2972,490,40603,0.047515,0.03,1,5140364,5139874,490
371953701,49.1717,53.9189,468,40655,0.061006,0.03,1,5140411,5139943,468
371956621,31.0687,49.7675,440,40707,0.0664024,0.01,1,5140430,5139990,440
371959541,34.0275,31.307,457,40759,0.044561,0.01,1,5140466,5140009,457
371962461,28.611,33.5228,447,40811,0.0478244,0.05,1,5140491,5140044,447
371965381,23.4444,26.6091,445,40863,0.0371298,0.03,1,5140511,5140066,445
371968301,28.5778,25.0436,453,40915,0.0568519,0.07,1,5140543,5140090,453
371971221,30.6311,28.6175,454,40967,0.0887408,0.07,1,5140575,5140121,454
371974141,33.8524,28.847,461,41019,0.0774963,0.13,1,5140611,5140150,461
371977061,23.141,31.9388,443,41070,0.0729985,0.09,1,5140627,5140184,443
371979981,27.8564,23.5755,456,41121,0.0831994,0.13,1,5140658,5140202,456
371982901,29.7426,26.8302,458,41172,0.0752798,0.03,1,5140689,5140231,458
371985821,29.897,32.9321,451,41223,0.0361119,0.03,1,5140719,5140268,451
371988741,53.3588,30.5728,491,41274,0.0324448,0.05,1,5140788,5140297,491
371991661,48.9435,52.4291,470,41325,0.0549779,0.07,1,5140834,5140364,470
371994581,30.3774,49.1717,441,41376,0.0879912,0.07,1,5140852,5140411,441
371997501,33.751,31.0687,458,41427,0.0891965,0.03,1,5140888,5140430,458
372029621,54.0137,53.3588,425,41985,0.0976702,0.07,1,5141213,5140788,425
372032541,50.4055,48.9435,427,42035,0.0930681,0.11,1,5141261,5140834,427
372038381,33.3849,33.751,426,42135,0.0712909,0.15,1,5141314,5140888,426
372041301,30.7539,29.1004,429,42185,0.0945164,0.17,1,5141343,5140914,429
372064661,30.1713,29.3353,431,42585,0.202849,0.11,1,5141545,5141114,431
372070501,51.9874,54.0137,425,42684,0.216056,0.09,1,5141638,5141213,425
372073421,49.595,50.4055,425,42733,0.200422,0.11,1,5141686,5141261,425
372076341,30.638,30.9622,425,42782,0.206169,0.05,1,5141704,5141279,425
372085101,24.1368,24.3016,425,42929,0.227515,0.11,1,5141788,5141363,425
372088021,10.8547,10.9206,425,42978,0.241006,0.13,1,5141790,5141365,425
372090941,24.1419,23.5683,426,43027,0.222402,0.13,1,5141823,5141397,426
372093861,28.8568,9.4273,458,43076,0.238961,0.11,1,5141855,5141397,458
372096781,34.3427,22.9709,464,43125,0.233584,0.15,1,5141893,5141429,464
372099701,23.9371,30.7884,445,43174,0.243434,0.21,1,5141910,5141465,445
372102621,29.3748,21.9153,462,43223,0.259374,0.15,1,5141943,5141481,462
372105541,30.9499,28.5661,461,43272,0.265749,0.23,1,5141975,5141514,461
372108461,26.78,30.0265,454,43321,0.2803,0.19,1,5141999,5141545,454
372111381,52.112,26.4106,499,43370,0.28612,0.23,1,5142068,5141569,499
372134741,29.7281,24.1419,465,43757,0.403314,0.25,1,5142288,5141823,465
372181461,28.8327,34.0912,446,44523,0.768399,0.49,2,5142771,5142325,446
372184381,22.3331,24.4365,446,44570,0.78136,0.53,2,5142789,5142343,446
372187301,31.7332,30.1746,450,44617,0.810544,0.57,2,5142827,5142377,450
372190221,31.8933,31.2698,450,44664,0.798218,0.55,2,5142859,5142409,450
372193141,27.7573,27.5079,450,44711,0.805287,0.59,2,5142884,5142434,450
372196061,53.1029,52.4032,451,44758,0.832115,0.65,2,5142954,5142503,451
372198981,51.8412,49.7613,454,44805,0.878846,0.65,2,5143005,5142551,454
372201901,32.7365,31.9045,454,44852,0.885538,0.69,2,5143025,5142571,454
372204821,35.2946,34.9618,454,44899,0.876215,0.65,2,5143062,5142608,454
372207741,32.7178,32.5847,454,44946,0.872486,0.65,2,5143093,5142639,454
372210661,25.6871,25.0339,455,44993,0.882994,0.65,2,5143114,5142659,455
372213581,11.4749,11.2136,455,45040,0.887198,0.67,2,5143116,5142661,455
372216501,24.9899,24.8854,455,45087,0.888879,0.75,2,5143150,5142695,455
372219421,33.396,30.9542,459,45134,0.853552,0.75,2,5143189,5142730,459
372222341,14.5584,13.5817,459,45181,0.839421,0.79,2,5143191,5142732,459
372225261,30.4234,28.8327,461,45228,0.845768,0.79,2,5143232,5142771,461
372228181,22.9693,22.3331,461,45275,0.896307,0.83,2,5143250,5142789,461
372451561,92.2664,87.0068,514,22189,0.420333,0.51,1,5145924,5145410,514
372483681,54.4403,36.8212,503,23219,0.429498,0.29,1,5146538,5146035,503
372518721,66.1911,68.7377,451,24293,0.785218,0.59,2,5147311,5146860,451
372521641,36.0764,37.0951,451,24380,0.800087,0.59,2,5147327,5146876,451
372524561,36.0306,36.438,451,24467,0.818035,0.63,2,5147363,5146912,451
372527481,58.8122,55.9752,456,24554,0.849214,0.69,2,5147437,5146981,456
372530401,78.7249,77.5901,456,24640,0.849686,0.69,2,5147529,5147073,456
372533321,32.69,32.236,456,24726,0.849874,0.69,2,5147531,5147075,456
372536241,69.476,68.6944,457,24812,0.87395,0.79,2,5147625,5147168,457
372626761,81.9364,85.4011,485,27336,0.830784,0.96,2,5149429,5148944,485
372638441,53.088,50.6615,483,27644,0.429028,1,1,5149639,5149156,483
372644281,35.2541,34.5058,483,27797,0.288244,1,1,5149710,5149227,483
372647201,32.1016,33.6023,480,27873,0.253298,0.87,1,5149740,5149260,480
372650121,47.0407,54.8409,468,27949,0.227319,0.77,1,5149797,5149329,468
372658881,39.8506,44.5498,449,28176,0.0853484,0.45,1,5149952,5149503,449
372661801,72.3402,77.2199,444,28251,0.0641394,0.37,1,5150046,5149602,444
372664721,48.7361,53.088,440,28326,0.0916558,0.29,1,5150079,5149639,440
372670561,34.1978,19.0541,464,28476,0.0878649,0.25,1,5150147,5149683,464
372682241,44.6707,72.0846,454,28772,0.213113,0.11,1,5150341,5149887,454
372685161,38.2683,46.8338,458,28846,0.235245,0.05,1,5150375,5149917,458
372688081,71.7073,39.7335,517,28919,0.268098,0.05,1,5150469,5149952,517
372691001,47.8829,72.2934,455,28992,0.293239,0.11,1,5150501,5150046,455
372702681,46.2114,30.4779,482,29283,0.449635,0.19,1,5150657,5150175,482
372740641,40.2071,39.1255,451,30209,0.769495,0.59,2,5151259,5150808,451
372743561,73.6828,73.2502,451,30279,0.805798,0.63,2,5151355,5150904,451
372746481,49.8731,49.7001,451,30349,0.844319,0.59,2,5151389,5150938,451
372749401,47.5493,47.48,451,30419,0.847728,0.59,2,5151435,5150984,451
372752321,34.6197,34.592,451,30489,0.885091,0.59,2,5151461,5151010,451
372761081,48.1277,45.4859,456,30696,0.860406,0.71,2,5151559,5151103,456
372764001,74.4511,72.7944,457,30765,0.890162,0.77,2,5151651,5151194,457
372775681,50.8659,49.8731,463,31039,0.889716,0.85,2,5151852,5151389,463
372778601,48.5464,47.5493,464,31107,0.865886,0.91,2,5151899,5151435,464
372781521,35.6186,34.6197,465,31175,0.892355,0.91,2,5151926,5151461,465
372787361,25.979,25.8192,465,31311,0.871177,0.91,2,5151961,5151496,465
372790281,46.3916,10.3277,525,31379,0.870471,0.83,2,5152021,5151496,525
372895401,69.9769,75.7013,484,33720,0.89224,1,2,5153724,5153240,484
372898321,55.5907,51.2805,495,33783,0.758896,1,2,5153770,5153275,495
372915841,64.2388,74.5338,474,34156,0.427092,0.85,1,5154009,5153535,474
372921681,34.2782,19.6054,500,34280,0.299935,1,1,5154067,5153567,500
372924601,33.5113,25.8422,503,34342,0.281974,0.95,1,5154100,5153597,503
372927521,63.2045,30.7369,552,34404,0.29879,0.85,1,5154183,5153631,552
372933361,36.5127,54.8379,484,34526,0.284206,0.65,1,5154254,5153770,484
372939201,29.362,35.8941,475,34648,0.267473,0.57,1,5154310,5153835,475
372950881,40.3277,64.2357,462,34892,0.420367,0.29,1,5154471,5154009,462
372953801,32.9311,43.6943,460,34953,0.414147,0.27,1,5154499,5154039,460
372956721,32.9724,34.2777,465,35013,0.435659,0.27,1,5154532,5154067,465
372994681,59.9732,64.189,450,35789,0.75867,0.59,2,5155067,5154617,450
372997601,51.5893,52.6756,451,35848,0.801468,0.61,2,5155113,5154662,451
373000521,37.4357,36.6702,453,35907,0.854587,0.63,2,5155141,5154688,453
373003441,32.9743,32.6681,453,35966,0.875835,0.63,2,5155171,5154718,453
373006361,29.3897,28.6672,454,36025,0.896334,0.63,2,5155198,5154744,454
373009281,28.5559,28.8669,453,36084,0.880534,0.65,2,5155226,5154773,453
373018041,43.0836,41.3275,458,36259,0.898034,0.73,2,5155370,5154912,458
373020961,34.0334,33.331,458,36317,0.893214,0.71,2,5155398,5154940,458
373175721,45.5284,51.1932,482,39281,0.759587,1,2,5157463,5156981,482
373187401,33.3159,30.9457,498,39497,0.433253,1,1,5157593,5157095,498
373190321,25.9264,29.1783,491,39550,0.299301,1,1,5157614,5157123,491
373196161,45.3082,52.7885,480,39656,0.0778882,1,1,5157700,5157220,480
373199081,39.1233,43.9154,477,39709,0.0371553,0.92,1,5157735,5157258,477
373202001,35.4493,36.7662,478,39762,0.0328621,0.99,1,5157768,5157290,478
373204921,35.7797,34.5065,481,39815,0.0131448,1,1,5157804,5157323,481
373207841,23.9119,31.8026,467,39868,0.0832579,0.88,1,5157820,5157353,467
373210761,49.7648,55.321,463,39921,0.0633032,0.65,1,5157887,5157424,463
373213681,37.9059,45.5284,454,39974,0.0313213,0.57,1,5157917,5157463,454
373216601,31.9624,36.8114,451,40027,0.0185285,0.57,1,5157945,5157494,451
373219521,29.5849,35.7245,444,40080,0.0134114,0.57,1,5157973,5157529,444
373222441,27.434,14.2898,470,40133,0.0113646,0.43,1,5157999,5157529,470
373225361,27.7736,23.7159,468,40186,0.0465458,0.39,1,5158027,5157559,468
373228281,18.9094,29.8864,447,40239,0.0486183,0.21,1,5158040,5157593,447
373231201,21.9638,24.5545,450,40291,0.0614473,0.05,1,5158064,5157614,450
373234121,43.5855,27.2218,479,40343,0.0425789,0.03,1,5158122,5157643,479
373237041,37.8342,45.0887,456,40395,0.0470316,0.01,1,5158156,5157700,456
373239961,34.9337,39.0355,454,40447,0.0248126,0.03,1,5158189,5157735,454
373242881,36.7735,35.4142,459,40499,0.00992505,0,1,5158227,5157768,459
373245801,23.1094,35.7657,437,40551,0.00997002,0.13,1,5158241,5157804,437
373248721,49.4438,23.9063,488,40603,0.021988,0.05,1,5158308,5157820,488
373251641,37.7775,49.7625,451,40655,0.0387952,0.01,1,5158338,5157887,451
373254561,31.911,37.905,449,40707,0.0455181,0.01,1,5158366,5157917,449
373257481,29.5644,31.962,449,40759,0.0482072,0.01,1,5158394,5157945,449
373260401,29.8258,29.5848,451,40811,0.0492829,0.01,1,5158424,5157973,451
373263321,28.1303,27.4339,452,40863,0.0857132,0.07,1,5158451,5157999,452
373272081,41.9043,21.9638,480,41019,0.0959656,0.03,1,5158544,5158064,480
373275001,36.5617,43.5855,455,41070,0.0683863,0.05,1,5158577,5158122,455
373277921,34.4247,37.8342,454,41121,0.0453545,0.01,1,5158610,5158156,454
373280841,36.5699,34.9337,459,41172,0.0241418,0,1,5158648,5158189,459
373283761,23.028,36.7735,435,41223,0.0276567,0.01,1,5158662,5158227,435
373286681,50.6112,23.1094,490,41274,0.0170627,0.03,1,5158731,5158241,490
373289601,37.0445,49.4438,451,41325,0.0368251,0.05,1,5158759,5158308,451
373292521,33.4178,37.7775,452,41376,0.04473,0.05,1,5158790,5158338,452
373295441,28.9671,31.911,450,41427,0.023892,0.05,1,5158816,5158366,450
373298361,32.5868,29.5644,457,41478,0.0275568,0.05,1,5158851,5158394,457
373301281,28.6347,29.8258,453,41529,0.0410227,0.11,1,5158877,5158424,453
373304201,12.6539,28.1303,428,41580,0.0464091,0.13,1,5158879,5158451,428
373307121,13.4616,19.6521,428,41631,0.0605636,0.15,1,5158893,5158465,428
373310041,21.5846,22.2608,431,41682,0.0782255,0.07,1,5158920,5158489,431
373318801,33.0854,34.4247,422,41835,0.0820464,0.01,1,5159032,5158610,422
373321721,36.6342,36.5699,423,41885,0.0328186,0.03,1,5159071,5158648,423
373324641,22.4537,23.028,422,41935,0.0311274,0.01,1,5159084,5158662,422
373327561,50.9815,50.6112,423,41985,0.018451,0.05,1,5159154,5158731,423
373330481,37.7926,37.0445,424,42035,0.0133804,0.05,1,5159183,5158759,424
373333401,33.717,33.4178,424,42085,0.0113522,0.01,1,5159214,5158790,424
373336321,28.4868,28.9671,423,42135,0.0345409,0.03,1,5159239,5158816,423
373339241,32.9947,32.5868,424,42185,0.0438163,0.05,1,5159275,5158851,424
373342161,29.3979,28.6347,425,42235,0.0355265,0.05,1,5159302,5158877,425
373345081,12.9592,12.6539,425,42285,0.0322106,0.07,1,5159304,5158879,425
373348001,13.5837,13.4616,425,42335,0.0188842,0.09,1,5159318,5158893,425
373350921,22.2335,21.5846,426,42385,0.0615537,0.19,1,5159346,5158920,426
373353841,40.0934,38.0339,429,42435,0.0546215,0.07,1,5159398,5158969,429
373356761,31.0374,33.2135,424,42485,0.0638486,0.07,1,5159423,5158999,424
373359681,31.0149,33.0854,422,42535,0.0915394,0,1,5159454,5159032,422
373362601,35.806,36.6342,422,42585,0.0906158,0.03,1,5159493,5159071,422
373365521,22.1224,22.4537,422,42635,0.0782463,0.01,1,5159506,5159084,422
373368441,50.849,50.9815,422,42684,0.0372985,0.01,1,5159576,5159154,422
373371361,37.7396,37.7926,422,42733,0.0209194,0.01,1,5159605,5159183,422
373374281,34.2958,33.717,423,42782,0.0263678,0.05,1,5159637,5159214,423
373377201,28.1183,28.4868,422,42831,0.0405471,0.05,1,5159661,5159239,422
373380121,32.8473,32.9947,422,42880,0.0582188,0.03,1,5159697,5159275,422
373383041,29.3389,29.3979,422,42929,0.0532875,0.03,1,5159724,5159302,422
373385961,12.9356,12.9592,422,42978,0.051315,0.01,1,5159726,5159304,422
373388881,14.1742,13.5837,423,43027,0.038526,0.01,1,5159741,5159318,423
373391801,22.4697,5.43346,451,43076,0.0334104,0.09,1,5159769,5159318,451
373394721,40.1879,18.9734,475,43125,0.0433642,0.05,1,5159821,5159346,475
373397641,32.2752,38.7894,450,43174,0.0353457,0.07,1,5159848,5159398,450
373400561,32.1101,30.5157,457,43223,0.0441383,0.11,1,5159880,5159423,457
373403481,34.444,30.8063,462,43272,0.0596553,0.09,1,5159916,5159454,462
373406401,20.9776,35.7225,435,43321,0.0658621,0.07,1,5159928,5159493,435
373409321,49.791,22.089,491,43370,0.0683449,0.01,1,5159997,5159506,491
373412241,37.3164,50.8356,450,43419,0.0573379,0.01,1,5160026,5159576,450
373415161,34.1266,37.7342,453,43468,0.0529352,0.03,1,5160058,5159605,453
373418081,28.0506,34.2937,445,43517,0.0391741,0.05,1,5160082,5159637,445
373421001,33.4203,28.1175,458,43565,0.0456696,0.07,1,5160119,5159661,458
373423921,28.9681,32.847,448,43613,0.0722679,0.05,1,5160145,5159697,448
373426841,12.7872,29.3388,423,43661,0.0829071,0.05,1,5160147,5159724,423
373429761,14.1149,12.9355,436,43709,0.0991629,0.03,1,5160162,5159726,436
373432681,23.046,14.1742,450,43757,0.0696651,0.03,1,5160191,5159741,450
373435601,41.0184,22.4697,475,43805,0.0818661,0.05,1,5160244,5159769,475
373438521,32.0074,40.1879,449,43853,0.0867464,0.03,1,5160270,5159821,449
373456041,32.707,37.3164,453,44141,0.203858,0.05,1,5160479,5160026,453
373458961,27.4828,34.1266,445,44189,0.207543,0.03,1,5160503,5160058,445
373482321,30.1797,32.0074,426,44570,0.215394,0.13,1,5160696,5160270,426
373485241,33.6719,32.6029,429,44617,0.236157,0.15,1,5160732,5160303,429
373488161,35.6688,35.2412,429,44664,0.268463,0.15,1,5160769,5160340,429
373491081,21.4675,21.2965,429,44711,0.281385,0.19,1,5160781,5160352,429
373523201,37.0584,36.4492,431,45228,0.409557,0.23,1,5161101,5160670,431
373526121,30.4233,30.1797,431,45275,0.433823,0.25,1,5161127,5160696,431
373529041,36.1693,33.6719,435,45322,0.431529,0.29,1,5161167,5160732,435
373622481,22.6516,37.8761,461,46786,0.766834,0.57,2,5162108,5161647,461
373625401,54.0607,22.3504,524,46831,0.816734,0.55,2,5162183,5161659,524
373628321,40.2243,54.5402,479,46876,0.848693,0.57,2,5162214,5161735,479
373631241,34.6897,39.8161,480,46921,0.861477,0.57,2,5162245,5161765,480
373634161,28.2759,33.9264,474,46966,0.866591,0.59,2,5162269,5161795,474
373637081,34.7104,27.9706,489,47011,0.880636,0.61,2,5162308,5161819,489
373640001,33.0841,33.9882,483,47056,0.898255,0.63,2,5162340,5161857,483
373832721,30.693,28.2692,516,49925,0.847047,1,2,5164305,5163789,516
373835641,27.8772,24.5077,520,49967,0.800819,1,2,5164331,5163811,520
373838561,29.1509,23.6031,527,50009,0.794327,1,2,5164361,5163834,527
373841481,21.8604,27.4412,514,50051,0.767731,1,2,5164378,5163864,514
373844401,21.3441,28.9765,505,50093,0.781092,1,2,5164399,5163894,505
373847321,27.1377,21.7906,519,50135,0.774437,1,2,5164430,5163911,519
373850241,29.4551,23.7162,525,50177,0.819775,1,2,5164461,5163936,525
373853161,18.982,26.2865,509,50219,0.83791,1,2,5164473,5163964,509
373856081,20.1928,27.3146,502,50261,0.869164,1,2,5164494,5163992,502
373859001,35.0771,24.7258,524,50303,0.857666,0.98,2,5164539,5164015,524
373861921,28.4308,40.4903,497,50345,0.841066,1,2,5164563,5164066,497
373864841,17.3723,37.1961,472,50387,0.858427,0.91,2,5164573,5164101,472
373867761,33.9489,43.6785,469,50429,0.841371,0.97,2,5164618,5164149,469
373870681,32.1796,36.0714,469,50471,0.858548,0.95,2,5164649,5164180,469
373873601,32.0718,34.8286,467,50513,0.889419,0.95,2,5164681,5164214,467
374240061,299.161,324.407,470,23360,0.2824,0.25,1,5168456,5167986,470
374266341,278.065,313.963,427,24820,0.20296,0.17,1,5168720,5168293,427
374280941,55.9248,44.0678,456,25962,0.0496463,0.05,1,5168983,5168527,456
374283861,52.9699,62.6271,432,26044,0.0858585,0.07,1,5169034,5168602,432
374286781,24.788,32.2508,426,26125,0.0763434,0.05,1,5169040,5168614,426
374289701,50.7152,31.5003,463,26206,0.0965374,0.15,1,5169108,5168645,463
374315981,22.2034,50.5707,429,26925,0.227968,0.13,1,5169537,5169108,429
374318901,58.6814,70.6283,428,27004,0.229187,0.13,1,5169620,5169192,428
374321821,65.4725,70.2513,428,27082,0.253675,0.15,1,5169690,5169262,428
374324741,50.789,51.5005,430,27160,0.26347,0.15,1,5169731,5169301,430
374345181,59.6648,58.6814,433,27702,0.435298,0.27,1,5170053,5169620,433
374386061,55.6945,52.547,503,28753,0.756014,0.57,2,5170773,5170270,503
374388981,25.8778,54.0188,454,28827,0.764405,0.55,2,5170779,5170325,454
374391901,57.7511,25.2075,527,28900,0.767762,0.57,2,5170858,5170331,527
374394821,24.3004,56.283,452,28973,0.769105,0.59,2,5170860,5170408,452
374397741,64.3202,23.7132,541,29046,0.781642,0.69,2,5170951,5170410,541
374400661,70.7281,61.6853,529,29119,0.822657,0.73,2,5171026,5170497,529
374403581,53.4912,67.8741,499,29192,0.851063,0.73,2,5171068,5170569,499
374406501,50.7965,52.3496,506,29265,0.886425,0.71,2,5171117,5170611,506
374534981,51.4854,31.8799,538,32293,0.85,1,2,5173203,5172665,538
374549581,46.0792,58.5159,514,32619,0.205494,1,1,5173475,5172961,514
374555421,38.9327,39.9625,515,32749,0.0676791,1,1,5173545,5173030,515
374558341,18.5731,40.585,479,32814,0.0810716,1,1,5173550,5173071,479
374561261,27.2292,39.034,474,32878,0.0864286,1,1,5173583,5173109,474
374564181,25.2917,34.2136,467,32942,0.0765715,0.75,1,5173607,5173140,467
374567101,41.3167,51.4854,456,33006,0.0606286,0.59,1,5173659,5173203,456
374572941,45.7307,62.2377,427,33134,0.0829006,0.05,1,5173741,5173314,427
374575861,56.0923,64.4951,424,33198,0.0511602,0.11,1,5173804,5173380,424
374578781,56.6369,61.198,422,33262,0.0504641,0.25,1,5173861,5173439,422
374581701,47.2548,46.0792,427,33326,0.0501856,0.07,1,5173902,5173475,427
374587541,38.6408,38.9327,425,33452,0.0500297,0.09,1,5173970,5173545,425
374590461,16.6563,18.5731,422,33515,0.0500119,0.09,1,5173972,5173550,422
374593381,28.8625,27.2292,426,33578,0.0260048,0.07,1,5174009,5173583,426
374596301,24.745,25.2917,424,33641,0.0404019,0.05,1,5174031,5173607,424
374599221,41.698,41.3167,425,33704,0.0161608,0.13,1,5174084,5173659,425
374602141,33.4792,33.3267,425,33767,0.0364643,0.07,1,5174112,5173687,425
374605061,44.5917,45.7307,423,33830,0.0445857,0.03,1,5174164,5173741,423
374607981,55.0367,56.0923,422,33893,0.0478343,0.05,1,5174226,5173804,422
374610901,56.2147,56.6369,422,33955,0.0611337,0.05,1,5174283,5173861,422
374613821,48.2859,47.2548,424,34017,0.0664535,0.15,1,5174326,5173902,424
374640101,54.9407,44.1484,483,34572,0.0987261,0.05,1,5174647,5174164,483
374643021,56.7763,54.8593,479,34633,0.0574904,0.07,1,5174705,5174226,479
374645941,50.3105,56.1437,468,34694,0.0289962,0.07,1,5174751,5174283,468
374648861,38.1242,48.2575,455,34755,0.0535985,0.17,1,5174781,5174326,455
374651781,38.0497,36.103,465,34816,0.0514394,0.13,1,5174819,5174354,465
374654701,16.4199,37.2412,429,34877,0.0505758,0.13,1,5174821,5174392,429
374657621,29.9679,16.0965,466,34938,0.0742303,0.19,1,5174860,5174394,466
374672221,51.952,44.3517,483,35239,0.217845,0.09,1,5175068,5174585,483
374678061,50.6723,56.7763,469,35359,0.0672552,0.01,1,5175174,5174705,469
374680981,39.4689,50.3105,455,35419,0.0329021,0.07,1,5175206,5174751,455
374683901,37.9876,38.1242,462,35479,0.0551608,0.05,1,5175243,5174781,462
374686821,16.395,38.0497,426,35539,0.0400643,0.05,1,5175245,5174819,426
374689741,31.158,16.4199,465,35598,0.0580257,0.09,1,5175286,5174821,465
374692661,26.2632,29.9679,449,35657,0.0532103,0.13,1,5175309,5174860,449
374695581,11.7053,25.1872,429,35716,0.0512841,0.17,1,5175311,5174882,429
374698501,34.6821,38.8749,431,35775,0.0865137,0.21,1,5175361,5174930,431
374710181,52.7519,56.1808,427,36011,0.227383,0.01,1,5175554,5175127,427
374713101,46.9007,50.6723,423,36070,0.228953,0.01,1,5175597,5175174,423
374716021,37.9603,39.4689,423,36129,0.205581,0.07,1,5175629,5175206,423
374721861,16.1536,16.395,423,36245,0.216493,0.07,1,5175668,5175245,423
374724781,31.0615,31.158,423,36303,0.260597,0.05,1,5175709,5175286,423
374727701,26.8246,26.2632,424,36361,0.242239,0.05,1,5175733,5175309,424
374730621,11.9298,11.7053,424,36419,0.234896,0.11,1,5175735,5175311,424
374733541,37.1719,34.6821,428,36477,0.267958,0.17,1,5175789,5175361,428
374753981,37.9905,37.3841,432,36881,0.404225,0.23,1,5176098,5175666,432
374756901,16.3962,16.1536,432,36938,0.40769,0.29,1,5176100,5175668,432
374812381,55.7385,45.9202,512,38011,0.752684,0.63,2,5176822,5176310,512
374815301,54.6954,54.3681,506,38067,0.775073,0.61,2,5176876,5176370,506
374818221,47.0782,54.7472,493,38122,0.784029,0.61,2,5176918,5176425,493
374821141,38.6313,47.0989,484,38177,0.799612,0.63,2,5176951,5176467,484
374824061,39.4525,38.0396,492,38232,0.817845,0.63,2,5176991,5176499,492
374826981,16.981,39.2158,454,38287,0.825138,0.63,2,5176993,5176539,454
374829901,34.9924,16.8863,499,38342,0.816055,0.59,2,5177040,5176541,499
374832821,28.997,35.5545,476,38397,0.824422,0.63,2,5177065,5176589,476
374835741,12.7988,28.0218,455,38452,0.827769,0.63,2,5177067,5176612,455
374838661,44.1195,12.4087,518,38507,0.829108,0.69,2,5177132,5176614,518
374841581,36.2478,42.1635,487,38562,0.817643,0.71,2,5177163,5176676,487
374844501,47.4991,34.8654,512,38617,0.813057,0.75,2,5177218,5176706,512
374847421,20.1996,46.3462,460,38672,0.811223,0.77,2,5177220,5176760,460
374850341,45.2799,55.7385,460,38727,0.870489,0.79,2,5177282,5176822,460
375013861,31.094,40.9606,493,41669,0.871312,1,2,5179322,5178829,493
375016781,40.0376,44.5843,492,41720,0.858525,1,2,5179368,5178876,492
375019701,35.815,29.2337,506,41771,0.84141,1,2,5179401,5178895,506
375022621,29.326,28.4935,503,41822,0.870564,1,2,5179426,5178923,503
375025541,18.3304,29.3974,484,41872,0.798226,1,2,5179437,5178953,484
375031381,28.4929,35.1836,477,41972,0.760116,1,2,5179494,5179017,477
375116061,32.1027,27.9217,483,43407,0.761857,0.59,2,5180433,5179950,483
375118981,48.2411,32.1687,507,43456,0.754743,0.59,2,5180492,5179985,507
375121901,29.4964,48.2675,465,43505,0.763897,0.59,2,5180509,5180044,465
375124821,38.1986,28.307,494,43553,0.779559,0.69,2,5180553,5180059,494
375127741,41.0794,35.9228,496,43601,0.797824,0.69,2,5180596,5180100,496
375130661,41.6318,40.1691,495,43649,0.829129,0.71,2,5180638,5180143,495
375133581,39.4527,39.4676,494,43697,0.865652,0.71,2,5180676,5180182,494
375136501,27.1811,38.5871,475,43745,0.892261,0.71,2,5180695,5180220,475
375332141,124.885,126.577,513,21370,0.22936,1,1,5182950,5182437,513
375337981,79.2617,94.1723,485,21568,0.0714976,0.69,1,5183098,5182613,485
375340901,78.5047,68.8689,511,21666,0.082599,0.49,1,5183176,5182665,511
375343821,43.4019,74.9476,452,21764,0.0870396,0.39,1,5183196,5182744,452
375352581,76.4817,83.1086,431,22055,0.218931,0.07,1,5183381,5182950,431
375355501,76.1927,82.4435,425,22151,0.237572,0.03,1,5183457,5183032,425
375358421,69.4771,72.5774,424,22247,0.269029,0.09,1,5183522,5183098,424
375373021,78.7076,54.4533,519,22720,0.411571,0.27,1,5183813,5183294,519
375375941,77.683,73.9813,509,22813,0.434628,0.25,1,5183890,5183381,509
375422661,71.4812,72.9992,453,24257,0.816844,0.67,2,5184855,5184402,453
375425581,81.3925,80.7997,455,24344,0.836738,0.67,2,5184943,5184488,455
375428501,43.357,43.1199,455,24431,0.844695,0.67,2,5184961,5184506,455
375431421,25.7428,25.648,455,24518,0.823878,0.67,2,5184975,5184520,455
375434341,64.8971,64.8592,455,24604,0.875551,0.67,2,5185066,5184611,455
375437261,27.1588,27.1437,455,24690,0.87222,0.75,2,5185068,5184613,455
375565741,77.4988,79.8723,480,28218,0.77749,1,2,5187623,5187143,480
375583261,38.3284,44.7249,507,28665,0.259902,1,1,5187910,5187403,507
375586181,32.7314,40.0899,499,28739,0.241961,1,1,5187939,5187440,499
375589101,43.0926,34.036,519,28813,0.234784,0.95,1,5187989,5187470,519
375592021,72.437,46.6144,556,28886,0.279914,0.65,1,5188081,5187525,556
375606621,43.2909,58.0514,472,29251,0.412719,0.31,1,5188312,5187840,472
375609541,34.7163,44.8206,465,29323,0.423088,0.21,1,5188341,5187876,465
375612461,31.2865,38.3282,460,29395,0.439235,0.23,1,5188370,5187910,460
375615381,43.7146,32.7313,483,29467,0.421694,0.23,1,5188422,5187939,483
375618301,73.8858,43.0925,527,29539,0.438678,0.31,1,5188516,5187989,527
375659181,56.57,55.6227,447,30526,0.758782,0.51,2,5189163,5188716,447
375662101,23.828,23.4491,447,30595,0.777513,0.59,2,5189165,5188718,447
375665021,33.5312,31.5796,450,30664,0.809005,0.63,2,5189205,5188755,450
375667941,31.4125,30.0319,451,30733,0.833602,0.63,2,5189235,5188784,451
375670861,29.365,28.8127,451,30802,0.843441,0.63,2,5189263,5188812,451
375673781,44.146,43.3251,452,30871,0.871376,0.63,2,5189317,5188865,452
375831461,53.8799,22.0131,577,34375,0.816861,1,2,5191800,5191223,577
375846061,41.5514,51.9617,517,34681,0.23768,1,1,5192040,5191523,517
375854821,31.1953,38.0535,499,34864,0.0644115,0.89,1,5192140,5191641,499
375857741,26.2781,32.6214,493,34925,0.0557646,0.96,1,5192163,5191670,493
375860661,29.1112,29.2486,497,34986,0.0523058,0.9,1,5192194,5191697,497
375863581,47.6445,32.6994,522,35046,0.0389223,0.75,1,5192254,5191732,522
375866501,58.0578,53.8798,519,35106,0.0455689,0.67,1,5192319,5191800,519
375869421,47.2231,62.3519,491,35166,0.0362276,0.51,1,5192359,5191868,491
375875261,40.7957,43.6963,483,35286,0.0957964,0.25,1,5192436,5191953,483
375878181,33.1183,46.8785,462,35346,0.0923186,0.17,1,5192464,5192002,462
375881101,31.8473,41.5514,455,35406,0.0789274,0.15,1,5192495,5192040,455
375886941,30.4156,40.4882,448,35526,0.0618284,0.03,1,5192563,5192115,448
375889861,24.7662,31.1953,444,35586,0.0547314,0.05,1,5192584,5192140,444
375892781,29.1065,26.2781,453,35645,0.0398925,0.05,1,5192616,5192163,453
375895701,12.8426,29.1112,424,35704,0.015957,0.03,1,5192618,5192194,424
375898621,39.937,47.6445,422,35763,0.0243828,0.05,1,5192676,5192254,422
375901541,56.1748,58.0578,424,35822,0.0997531,0.03,1,5192743,5192319,424
375904461,45.8699,47.2231,423,35881,0.0699013,0.15,1,5192782,5192359,423
375913221,33.8957,33.1183,426,36058,0.214474,0.07,1,5192890,5192464,426
375916141,32.7583,31.8473,427,36117,0.211789,0.13,1,5192922,5192495,427
375919061,37.1033,38.5389,424,36176,0.234716,0.03,1,5192962,5192538,424
375921981,29.8413,30.4156,424,36234,0.267886,0.05,1,5192987,5192563,424
375924901,24.5365,24.7662,424,36292,0.269155,0.03,1,5193008,5192584,424
375927821,29.6146,29.1065,425,36350,0.281662,0,1,5193041,5192616,425
375930741,13.0458,12.8426,425,36408,0.262665,0.03,1,5193043,5192618,425
375933661,38.2183,39.937,422,36466,0.219066,0.15,1,5193098,5192676,422
375936581,57.2873,56.1748,425,36524,0.225626,0.05,1,5193168,5192743,425
375939501,46.3149,45.8699,425,36582,0.216251,0.15,1,5193207,5192782,425
375942421,45.526,42.348,430,36640,0.2245,0.19,1,5193252,5192822,430
375945341,41.6104,39.7392,431,36698,0.2158,0.25,1,5193291,5192860,431
375948261,35.2442,33.8957,432,36756,0.20032,0.21,1,5193322,5192890,432
375951181,33.8977,32.7583,433,36813,0.206128,0.25,1,5193355,5192922,433
375954101,38.7591,37.1033,435,36870,0.208451,0.29,1,5193397,5192962,435
375957021,31.1036,29.8413,436,36927,0.20938,0.27,1,5193423,5192987,436
375959941,25.0414,24.5365,436,36984,0.221752,0.29,1,5193444,5193008,436
375962861,28.6166,29.6146,434,37041,0.226701,0.25,1,5193475,5193041,434
375965781,12.6466,13.0458,434,37098,0.25268,0.19,1,5193477,5193043,434
375968701,33.8587,38.2183,427,37155,0.263072,0.19,1,5193525,5193098,427
375971621,57.3435,15.2873,500,37212,0.255229,0.23,1,5193598,5193098,500
375974541,45.7374,48.1149,468,37269,0.276092,0.21,1,5193636,5193168,468
375977461,45.895,42.646,475,37326,0.296437,0.23,1,5193682,5193207,475
375992061,31.4684,38.7215,457,37608,0.415096,0.21,1,5193854,5193397,457
375994981,24.5873,31.0886,451,37664,0.436039,0.23,1,5193874,5193423,451
375997901,29.6349,25.0354,463,37720,0.444415,0.23,1,5193907,5193444,463
376000821,13.054,28.6142,434,37776,0.447766,0.27,1,5193909,5193475,434
376065061,33.9234,33.9727,448,38988,0.780791,0.53,2,5194745,5194297,448
376067981,25.5693,25.5891,448,39042,0.774316,0.55,2,5194765,5194317,448
376070901,30.6277,30.0356,449,39096,0.831726,0.55,2,5194799,5194350,449
376073821,13.4511,13.2143,449,39150,0.830691,0.57,2,5194801,5194352,449
376076741,35.9804,35.2857,450,39204,0.854276,0.57,2,5194852,5194402,450
376079661,58.7922,58.5143,450,39258,0.887711,0.57,2,5194926,5194476,450
376237341,41.6074,47.1236,483,42064,0.88648,1,2,5196854,5196371,483
376240261,31.043,28.4495,491,42114,0.876592,1,2,5196878,5196387,491
376243181,30.4172,34.7798,482,42164,0.872637,1,2,5196908,5196426,482
376269461,30.0959,32.1157,476,42614,0.443939,0.88,1,5197197,5196721,476
376275301,48.8553,53.0185,466,42713,0.44663,0.85,1,5197286,5196820,466
376278221,38.7421,41.6074,464,42762,0.412652,0.87,1,5197318,5196854,464
376281141,30.4969,31.043,465,42811,0.435061,0.87,1,5197343,5196878,465
376284061,27.7987,30.4172,461,42860,0.444024,0.65,1,5197369,5196908,461
376348301,37.7537,25.0782,492,43930,0.772169,0.51,2,5198063,5197571,492
376351221,30.1015,37.6313,471,43978,0.770868,0.53,2,5198088,5197617,471
376359981,39.0785,47.1444,485,44122,0.759496,0.65,2,5198211,5197726,485
376362901,32.4314,38.0578,481,44170,0.777798,0.69,2,5198239,5197758,481
376365821,28.5726,30.8231,481,44218,0.785119,0.69,2,5198265,5197784,481
376368741,35.429,27.9292,495,44266,0.788048,0.69,2,5198305,5197810,495
376371661,29.7716,34.5717,482,44314,0.801219,0.71,2,5198331,5197849,482
376374581,22.7086,29.4287,474,44362,0.806488,0.71,2,5198349,5197875,474
376377501,31.2835,22.5715,493,44410,0.796595,0.71,2,5198386,5197893,493
376380421,38.9134,30.6286,501,44457,0.804638,0.73,2,5198430,5197929,501
376383341,16.7654,38.6514,459,44504,0.807855,0.75,2,5198432,5197973,459
376386261,18.7061,27.4606,459,44551,0.845142,0.75,2,5198452,5197993,459
376389181,22.4825,25.3842,460,44598,0.848057,0.79,2,5198477,5198017,460
376392101,37.193,37.7537,461,44645,0.825223,0.77,2,5198524,5198063,461
376395021,28.0772,30.1015,458,44692,0.840089,0.71,2,5198546,5198088,458
376397941,26.8309,28.2406,457,44739,0.858036,0.75,2,5198572,5198115,457
376400861,50.9324,49.6962,460,44786,0.889214,0.77,2,5198639,5198179,460
376584821,39.0926,34.4421,499,47662,0.80776,1,2,5200613,5200114,499
376599421,32.4288,27.4132,517,47882,0.414399,1,1,5200784,5200267,517
376602341,20.1715,31.9653,494,47926,0.41176,1,1,5200796,5200302,494
376608181,24.7074,28.7544,485,48014,0.242282,1,1,5200842,5200357,485
376614021,26.5132,33.4007,477,48102,0.087965,1,1,5200897,5200420,477
376616941,29.8053,31.3603,479,48146,0.065186,1,1,5200929,5200450,479
376619861,22.1221,25.7441,474,48190,0.0440744,1,1,5200946,5200472,474
376622781,23.2488,27.6976,469,48234,0.0236298,0.91,1,5200970,5200501,469
376625701,27.8995,32.0791,465,48278,0.0394519,0.91,1,5201001,5200536,465
376628621,29.1598,33.2316,461,48322,0.0577808,0.73,1,5201031,5200570,461
376631541,34.4639,39.0926,456,48366,0.0531123,0.65,1,5201069,5200613,456
376634461,34.7856,38.4371,453,48410,0.0392449,0.51,1,5201104,5200651,453
376637381,31.9142,37.5748,446,48454,0.021698,0.41,1,5201134,5200688,446
376640301,28.9657,32.4299,444,48497,0.0266792,0.43,1,5201161,5200717,444
376643221,33.1863,34.572,444,48540,0.0286717,0.39,1,5201197,5200753,444
376646141,30.0745,32.4288,441,48583,0.0534687,0.41,1,5201225,5200784,441
376649061,15.0298,20.1715,434,48626,0.0513875,0.31,1,5201230,5200796,434
376651981,15.6119,18.2686,433,48669,0.074555,0.17,1,5201246,5200813,433
376654901,22.4448,24.7074,431,48712,0.071822,0.13,1,5201273,5200842,431
376657821,22.7779,27.283,425,48755,0.0467288,0.03,1,5201296,5200871,425
376660741,22.9112,26.5132,422,48798,0.0486915,0.05,1,5201319,5200897,422
376663661,29.5645,29.8053,424,48841,0.0614766,0.05,1,5201353,5200929,424
376666581,20.2258,11.9221,438,48884,0.0425906,0.03,1,5201367,5200929,438
376669501,22.4903,14.9688,445,48927,0.0590363,0.01,1,5201391,5200946,445
376672421,27.5961,20.3875,452,48970,0.0536145,0.05,1,5201422,5200970,452
376675341,29.0384,26.755,451,49013,0.0514458,0.07,1,5201452,5201001,451
376678261,34.4154,28.702,459,49056,0.0385783,0.05,1,5201490,5201031,459
376681181,34.7662,34.2808,456,49099,0.0694313,0.03,1,5201525,5201069,456
376684101,32.5065,34.7123,452,49142,0.0337725,0.01,1,5201556,5201104,452
376687021,29.2026,31.8849,449,49185,0.055509,0.03,1,5201583,5201134,449
376689941,33.281,28.954,458,49228,0.0642036,0.03,1,5201619,5201161,458
376692861,31.9124,33.1816,453,49271,0.0556814,0.07,1,5201650,5201197,453
376695781,15.765,30.0726,430,49314,0.0762726,0.05,1,5201655,5201225,430
376698701,14.706,15.0291,439,49357,0.096509,0.09,1,5201669,5201230,439
376701621,20.8824,15.6116,448,49400,0.0926036,0.07,1,5201694,5201246,448
376716221,24.3473,20.2258,449,49615,0.0685419,0.07,1,5201816,5201367,449
376719141,25.9389,22.4903,452,49657,0.0694167,0.05,1,5201843,5201391,452
376722061,28.3756,27.5961,451,49699,0.0457667,0.05,1,5201873,5201422,451
376724981,34.1502,29.0384,459,49741,0.0483067,0.03,1,5201911,5201452,459
376727901,37.0601,34.4154,460,49783,0.0373227,0.09,1,5201950,5201490,460
376730821,31.624,34.7662,453,49825,0.0569291,0.01,1,5201978,5201525,453
376733741,31.2496,32.5065,453,49867,0.0647716,0.07,1,5202009,5201556,453
376736661,32.8998,29.2026,460,49909,0.0919087,0.07,1,5202043,5201583,460
376768781,20.9416,25.9389,425,50371,0.202155,0.03,1,5202268,5201843,425
376780461,31.5633,31.624,423,50539,0.0991112,0.07,1,5202401,5201978,423
376812581,24.3306,22.8851,430,50996,0.227331,0.17,1,5202668,5202238,430
376815501,10.9322,10.3541,430,51037,0.240932,0.23,1,5202670,5202240,430
376818421,21.7729,20.9416,431,51078,0.234373,0.19,1,5202699,5202268,431
376821341,26.1092,25.1766,432,51119,0.231749,0.19,1,5202728,5202296,432
376824261,30.8437,32.2707,429,51160,0.2307,0.11,1,5202762,5202333,429
376827181,35.1375,36.9083,427,51201,0.23028,0.07,1,5202800,5202373,427
376830101,29.655,31.5633,425,51242,0.242112,0.11,1,5202826,5202401,425
376833021,32.862,33.6253,425,51283,0.270845,0.11,1,5202861,5202436,425
376835941,33.5448,33.8501,425,51324,0.294338,0.15,1,5202895,5202470,425
376873901,31.0015,20.8837,466,51857,0.412172,0.23,1,5203194,5202728,466
376876821,35.2006,28.7535,470,51898,0.434869,0.23,1,5203232,5202762,470
376958581,20.1054,30.8836,464,53021,0.772387,0.63,2,5203961,5203497,464
376961501,25.4422,19.5535,481,53061,0.770955,0.65,2,5203990,5203509,481
376964421,11.3769,24.6214,455,53101,0.770382,0.65,2,5203992,5203537,455
376967341,23.1507,11.0486,484,53141,0.794153,0.69,2,5204023,5203539,484
376970261,28.4603,21.8194,487,53181,0.803661,0.69,2,5204055,5203568,487
376973181,32.9841,27.9278,491,53221,0.819464,0.67,2,5204091,5203600,491
376976101,14.3936,33.3711,456,53261,0.825786,0.69,2,5204093,5203637,456
376979021,28.5575,36.1484,456,53301,0.840314,0.71,2,5204131,5203675,456
376981941,28.823,31.2594,457,53340,0.846126,0.71,2,5204160,5203703,457
376984861,33.1292,34.1038,457,53379,0.87245,0.73,2,5204196,5203739,457
376987781,34.2517,34.0415,458,53418,0.87098,0.71,2,5204231,5203773,458
376990701,36.5007,36.4166,458,53457,0.894392,0.73,2,5204269,5203811,458
376993621,18.2003,18.1666,458,53496,0.879757,0.73,2,5204275,5203817,458
376996541,15.6801,15.6667,458,53535,0.873903,0.71,2,5204289,5203831,458
376999461,25.472,24.8667,459,53574,0.871561,0.73,2,5204321,5203862,459
377222841,241.088,270.312,447,26280,0.223139,0.33,1,5206740,5206293,447
377259341,83.094,81.1699,452,26361,0.0873023,0.11,1,5206867,5206415,452
377262261,58.4376,67.868,435,26441,0.0769209,0.07,1,5206909,5206474,435
377265181,39.575,42.7472,436,26521,0.0847684,0.09,1,5206936,5206500,436
377271021,49.412,31.7995,468,26681,0.0627629,0.07,1,5207018,5206550,468
377273941,53.9648,57.7198,450,26760,0.0911052,0.05,1,5207075,5206625,450
377276861,58.7859,61.4879,448,26839,0.0904421,0.07,1,5207137,5206689,448
377285621,49.1223,68.1112,426,27075,0.231628,0.07,1,5207293,5206867,426
377288541,44.2489,52.4445,425,27153,0.278651,0.09,1,5207334,5206909,425
377300221,54.12,53.8114,425,27464,0.401453,0.09,1,5207500,5207075,425
377306061,53.1792,50.4898,430,27618,0.403833,0.19,1,5207612,5207182,430
377311901,50.9887,49.1184,433,27771,0.404213,0.31,1,5207726,5207293,433
377314821,46.7955,44.2473,436,27847,0.407685,0.35,1,5207770,5207334,436
377317741,36.1182,34.4989,437,27923,0.421074,0.33,1,5207799,5207362,437
377320661,25.2473,23.9996,438,27999,0.43843,0.33,1,5207817,5207379,438
377379061,57.1509,48.3276,518,29474,0.772654,0.67,2,5208842,5208324,518
377381981,61.8603,57.731,519,29546,0.795061,0.71,2,5208907,5208388,519
377384901,55.9441,60.8924,508,29618,0.828025,0.71,2,5208959,5208451,508
377387821,64.9777,55.557,527,29689,0.87721,0.67,2,5209030,5208503,527
377527981,33.0498,42.997,488,32935,0.89193,1,2,5211214,5210726,488
377530901,60.0199,63.3988,489,32999,0.842772,1,2,5211292,5210803,489
377533821,44.408,47.5595,486,33063,0.763109,1,2,5211326,5210840,486
377586381,25.6801,26.1637,448,34196,0.765925,0.57,2,5212065,5211617,448
377589301,31.872,30.2655,451,34258,0.80437,0.57,2,5212101,5211650,451
377592221,30.7488,12.1062,481,34320,0.819748,0.61,2,5212131,5211650,481
377595141,55.4995,24.0425,521,34382,0.837899,0.67,2,5212203,5211682,521
377598061,41.9998,50.417,486,34443,0.84516,0.71,2,5212236,5211750,486
377600981,72.5999,39.3668,547,34504,0.848064,0.71,2,5212329,5211782,547
377603901,45.84,70.3467,484,34565,0.849226,0.67,2,5212357,5211873,484
377606821,51.936,46.1387,510,34626,0.86169,0.67,2,5212413,5211903,510
377609741,32.7744,52.0555,474,34687,0.878676,0.69,2,5212433,5211959,474
377612661,32.3098,32.2222,487,34748,0.87347,0.71,2,5212465,5211978,487
377615581,35.7239,31.4889,494,34809,0.871388,0.75,2,5212503,5212009,494
377618501,26.2896,34.1955,478,34870,0.882555,0.79,2,5212523,5212045,478
377621421,33.3158,25.6782,496,34931,0.875022,0.83,2,5212561,5212065,496
377624341,32.5263,31.8713,492,34992,0.896009,0.83,2,5212593,5212101,492
377752821,37.69,38.9691,512,37557,0.848848,1,2,5214405,5213893,512
377773261,65.4586,38.863,551,37949,0.0762642,1,1,5214688,5214137,551
377776181,45.3835,62.9452,504,38005,0.0305057,1,1,5214720,5214216,504
377779101,51.1534,45.5781,525,38061,0.0122023,0.97,1,5214775,5214250,525
377782021,34.8614,50.0312,496,38117,0.0348809,0.95,1,5214799,5214303,496
377784941,33.1445,36.8125,500,38172,0.0679524,0.97,1,5214831,5214331,500
377787861,31.8578,35.725,496,38227,0.093181,0.77,1,5214862,5214366,496
377790781,23.5431,37.69,475,38282,0.0552724,0.67,1,5214880,5214405,475
377793701,28.0173,27.676,485,38337,0.076109,0.67,1,5214911,5214426,485
377796621,28.6069,32.0704,479,38392,0.0724436,0.49,1,5214940,5214461,479
377799541,25.2428,33.2282,468,38447,0.0949774,0.41,1,5214963,5214495,468
377802461,28.0971,31.2913,468,38502,0.091991,0.19,1,5214993,5214525,468
377808301,62.8155,40.6466,507,38612,0.0411186,0.01,1,5215113,5214606,507
377811221,26.3262,65.4586,427,38667,0.0344474,0,1,5215115,5214688,427
377814141,30.3305,45.3835,428,38722,0.043779,0,1,5215148,5214720,428
377817061,42.1322,51.1534,423,38777,0.0475116,0.05,1,5215198,5214775,423
377819981,31.2529,34.8614,423,38831,0.0490046,0.09,1,5215222,5214799,423
377822901,34.1012,33.1445,427,38885,0.0256019,0.11,1,5215258,5214831,427
377825821,30.4405,31.8578,424,38939,0.0402407,0.03,1,5215286,5214862,424
377828741,22.3762,23.5431,423,38993,0.0340963,0.09,1,5215303,5214880,423
377831661,29.9505,28.0173,427,39047,0.0556385,0.07,1,5215338,5214911,427
377834581,27.5802,28.6069,424,39101,0.0762554,0.11,1,5215364,5214940,424
377837501,27.2321,25.2428,428,39155,0.0725022,0.09,1,5215391,5214963,428
377840421,27.6928,28.0971,426,39209,0.0830009,0.11,1,5215419,5214993,426
377843341,34.4771,34.0388,427,39263,0.0992003,0,1,5215458,5215031,427
377846261,60.5909,62.8155,423,39317,0.0576801,0.03,1,5215536,5215113,423
377849181,25.4363,26.3262,423,39371,0.0230721,0.05,1,5215538,5215115,423
377852101,30.5745,30.3305,424,39425,0.0392288,0.05,1,5215572,5215148,424
377855021,41.0298,42.1322,422,39479,0.0816915,0.05,1,5215620,5215198,422
377857941,30.8119,31.2529,422,39532,0.0746766,0.01,1,5215644,5215222,422
377860861,33.9248,34.1012,422,39585,0.0838706,0.05,1,5215680,5215258,422
377863781,30.3699,30.4405,422,39638,0.0635483,0.03,1,5215708,5215286,422
377866701,22.948,22.3762,423,39691,0.0554193,0.07,1,5215726,5215303,423
377869621,31.9792,29.9505,426,39744,0.0641677,0.09,1,5215764,5215338,426
377872541,27.1917,27.5802,424,39797,0.0436671,0.07,1,5215788,5215364,424
377875461,27.6767,27.2321,425,39850,0.0474668,0.09,1,5215816,5215391,425
377878381,28.4707,27.6928,426,39903,0.0729867,0.11,1,5215845,5215419,426
377898821,33.4322,29.8352,459,40273,0.217518,0.09,1,5216103,5215644,459
377901741,30.1729,33.5341,451,40325,0.261007,0.05,1,5216131,5215680,451
377904661,22.8691,30.2136,441,40377,0.278403,0.05,1,5216149,5215708,441
377907581,31.3477,22.8855,460,40429,0.273361,0.07,1,5216186,5215726,460
377910501,27.5391,31.9542,447,40481,0.271344,0.03,1,5216211,5215764,447
377913421,27.8156,27.1817,451,40533,0.294538,0.05,1,5216239,5215788,451
377916341,30.3263,27.6727,455,40585,0.279815,0.09,1,5216271,5215816,455
377919261,37.3305,28.4691,468,40637,0.285926,0.19,1,5216313,5215845,468
377922181,58.1322,35.3876,500,40689,0.27637,0.15,1,5216385,5215885,500
377925101,24.4529,57.9551,429,40741,0.296548,0.11,1,5216387,5215958,429
377954301,29.8947,27.8156,467,41256,0.417068,0.27,1,5216706,5216239,467
377957221,37.1579,30.3263,477,41307,0.436827,0.29,1,5216748,5216271,477
378024381,23.2855,22.5773,450,42467,0.758727,0.59,2,5217473,5217023,450
378027301,31.5142,31.2309,450,42517,0.777491,0.59,2,5217510,5217060,450
378030221,29.4057,29.8924,449,42567,0.784996,0.61,2,5217538,5217089,449
378033141,29.1623,28.7569,450,42617,0.787998,0.63,2,5217567,5217117,450
378036061,31.4649,30.7028,451,42667,0.777199,0.65,2,5217600,5217149,451
378038981,39.586,38.6811,452,42716,0.80888,0.69,2,5217645,5217193,452
378041901,62.6344,61.0724,454,42765,0.833552,0.69,2,5217723,5217269,454
378044821,26.2538,25.629,454,42814,0.867421,0.67,2,5217725,5217271,454
378047741,32.7015,31.8516,455,42863,0.880968,0.73,2,5217762,5217307,455
378240461,30.3262,10.6609,533,45998,0.834019,1,2,5219926,5219393,533
378243381,30.7305,16.8644,543,46044,0.783608,1,2,5219957,5219414,543
378257981,41.0091,61.2028,504,46274,0.437595,1,1,5220128,5219624,504
378266741,29.2406,36.533,494,46411,0.253366,1,1,5220226,5219732,494
378269661,31.4962,29.0132,503,46456,0.215346,0.99,1,5220259,5219756,503
378272581,31.7985,32.6053,500,46501,0.200139,1,1,5220291,5219791,500
378307621,35.3135,41.0036,468,47041,0.20424,0.29,1,5220637,5220169,468
378310541,26.1254,35.6015,456,47086,0.219696,0.21,1,5220657,5220201,456
378313461,28.4502,29.2406,461,47131,0.213878,0.19,1,5220687,5220226,461
378316381,29.9801,31.4962,459,47176,0.235551,0.19,1,5220718,5220259,459
378319301,27.592,31.7985,453,47221,0.280221,0.15,1,5220744,5220291,453
378322221,21.8368,28.3194,445,47266,0.274088,0.13,1,5220762,5220317,445
378325141,18.3347,22.1278,443,47311,0.271635,0.11,1,5220778,5220335,443
378328061,27.1339,19.6511,458,47356,0.258654,0.13,1,5220811,5220353,458
378330981,12.0536,26.4604,429,47401,0.253462,0.13,1,5220813,5220384,429
378333901,18.6214,25.5842,427,47445,0.275385,0.15,1,5220836,5220409,427
378336821,21.2486,21.6337,431,47489,0.296154,0.19,1,5220859,5220428,431
378351421,39.9606,38.7838,431,47709,0.298626,0.23,1,5221035,5220604,431
378366021,29.094,27.592,435,47929,0.413525,0.27,1,5221179,5220744,435
378368941,22.4376,21.8368,435,47973,0.43541,0.27,1,5221197,5220762,435
378371861,18.575,18.3347,435,48017,0.444164,0.25,1,5221213,5220778,435
378418581,19.6777,18.575,445,48715,0.753548,0.47,2,5221658,5221213,445
378421501,27.0711,26.63,445,48758,0.763419,0.51,2,5221690,5221245,445
378424421,12.0284,11.852,445,48801,0.767368,0.53,2,5221692,5221247,445
378427341,19.2114,18.5408,446,48844,0.768947,0.53,2,5221716,5221270,446
378430261,22.6845,7.41632,471,48887,0.769579,0.57,2,5221741,5221270,471
378433181,18.6738,17.3665,463,48930,0.781832,0.55,2,5221757,5221294,463
378436101,20.0695,15.9466,469,48973,0.798733,0.61,2,5221778,5221309,469
378439021,53.0278,18.3786,524,49016,0.829493,0.59,2,5221853,5221329,524
378441941,36.2111,51.7515,475,49059,0.829797,0.59,2,5221878,5221403,475
378444861,40.8845,35.1006,495,49102,0.829919,0.63,2,5221922,5221427,495
378447781,39.1538,41.0402,488,49145,0.829968,0.63,2,5221960,5221472,488
378450701,26.4615,39.2161,468,49188,0.841987,0.59,2,5221978,5221510,468
378453621,29.7846,26.4864,482,49231,0.858795,0.61,2,5222010,5221528,482
378456541,32.9138,28.5946,487,49274,0.889518,0.65,2,5222045,5221558,487
378459461,32.9655,31.8378,486,49317,0.865807,0.69,2,5222078,5221592,486
378462381,25.1862,30.7351,476,49360,0.856323,0.77,2,5222098,5221622,476
378465301,20.2745,23.6941,474,49403,0.840529,0.77,2,5222115,5221641,474
378468221,27.3098,19.6776,489,49446,0.846212,0.77,2,5222147,5221658,489
378471141,12.1239,27.071,459,49489,0.848485,0.77,2,5222149,5221690,459
378474061,19.2496,12.0284,481,49532,0.849394,0.77,2,5222173,5221692,481
378476981,24.4998,19.2114,485,49575,0.825758,0.77,2,5222201,5221716,485
378479901,19.3999,22.6845,476,49617,0.828303,0.79,2,5222217,5221741,476
378482821,21.56,18.6738,483,49659,0.829321,0.81,2,5222240,5221757,483
378485741,54.224,20.0695,538,49701,0.865728,0.85,2,5222316,5221778,538
378488661,36.0896,53.0278,487,49743,0.880291,0.83,2,5222340,5221853,487
378491581,40.8358,36.2111,506,49785,0.886117,0.83,2,5222384,5221878,506
378494501,39.7343,40.8845,501,49827,0.876447,0.83,2,5222423,5221922,501
378497421,26.6937,39.1538,481,49869,0.884579,0.85,2,5222441,5221960,481
378500341,30.4775,26.4615,496,49911,0.899831,0.87,2,5222474,5221978,496
378722261,314.694,338.95,474,23360,0.442,0.85,1,5224606,5224132,474
378725181,151.077,164.38,468,24178,0.2188,0.81,1,5224648,5224180,468
378731021,86.0924,96.5008,474,24353,0.042208,0.23,1,5224798,5224324,474
378733941,75.837,81.8003,471,24440,0.0828832,0.09,1,5224867,5224396,471
378736861,65.1348,80.1201,450,24527,0.0391533,0,1,5224925,5224475,450
378739781,65.6539,56.648,475,24613,0.0456613,0.07,1,5224991,5224516,475
378742701,37.6616,60.4592,431,24699,0.0362645,0.01,1,5225010,5224579,431
378745621,27.0646,36.7837,430,24785,0.0325058,0.07,1,5225030,5224600,430
378748541,34.8258,43.5135,422,24871,0.0910023,0.03,1,5225070,5224648,422
378760221,61.2707,62.3811,424,25210,0.0762017,0.05,1,5225349,5224925,424
378763141,64.1083,64.5525,424,25294,0.0364807,0.03,1,5225415,5224991,424
378766061,36.4433,37.221,423,25378,0.0685923,0.03,1,5225433,5225010,423
378768981,27.1773,26.8884,424,25461,0.0574369,0.03,1,5225454,5225030,424
378771901,35.4709,10.7554,465,25544,0.0409748,0.13,1,5225495,5225030,465
378774821,59.7884,28.3021,501,25627,0.0703899,0.13,1,5225571,5225070,501
378786501,62.8218,61.1037,488,25956,0.070634,0.01,1,5225837,5225349,488
378789421,35.3287,64.0415,439,26038,0.0462536,0.09,1,5225854,5225415,439
378792341,26.7315,36.4166,442,26119,0.0725014,0.05,1,5225875,5225433,442
378795261,35.8926,27.1666,463,26200,0.0710006,0.03,1,5225917,5225454,463
378798181,61.757,35.4667,501,26281,0.0704002,0.09,1,5225996,5225495,501
378801101,73.3028,59.7867,506,26362,0.0821601,0.13,1,5226077,5225571,506
378804021,73.1211,70.7147,501,26442,0.098864,0.19,1,5226150,5225649,501
378824461,52.9412,61.757,425,26998,0.247307,0.09,1,5226421,5225996,425
378853661,72.3762,69.1765,438,27772,0.429978,0.29,1,5226939,5226501,438
378903301,54.3696,15.9477,530,29040,0.756819,0.55,2,5227743,5227213,530
378906221,76.9478,55.5791,540,29113,0.764728,0.65,2,5227835,5227295,540
378909141,78.7791,74.4316,533,29186,0.803891,0.69,2,5227915,5227382,533
378912061,67.5117,76.5727,515,29259,0.831556,0.75,2,5227975,5227460,515
378914981,63.0047,64.8291,518,29331,0.866623,0.73,2,5228035,5227517,518
378917901,36.0019,62.5316,475,29403,0.880649,0.73,2,5228053,5227578,475
378920821,27.6007,35.8126,479,29475,0.88626,0.73,2,5228075,5227596,479
378923741,37.4403,27.5251,501,29547,0.888504,0.71,2,5228119,5227618,501
378926661,16.1761,36.81,460,29619,0.889402,0.75,2,5228121,5227661,460
379151501,55.208,84.4371,523,34688,0.888819,1,2,5231769,5231246,523
379154421,42.4832,57.7749,517,34749,0.823527,1,2,5231803,5231286,517
379157341,37.9933,45.3099,515,34810,0.863411,1,2,5231838,5231323,515
379160261,33.1973,37.324,513,34871,0.879364,1,2,5231868,5231355,513
379163181,34.8789,40.1296,507,34932,0.885746,1,2,5231904,5231397,507
379166101,40.3516,38.8518,513,34993,0.888298,1,2,5231948,5231435,513
379169021,37.1406,33.5407,518,35053,0.889319,0.99,2,5231983,5231465,518
379177781,43.369,30.8746,534,35233,0.884676,0.93,2,5232095,5231561,534
379180701,83.3476,49.5498,582,35293,0.827871,0.89,2,5232205,5231623,582
379183621,51.939,87.0199,501,35353,0.769148,0.87,2,5232236,5231735,501
379198221,40.6675,34.8789,512,35651,0.772238,0.89,2,5232416,5231904,512
379201141,17.467,40.3516,470,35710,0.758895,0.89,2,5232418,5231948,470
379204061,23.7868,37.1406,463,35769,0.777558,0.91,2,5232446,5231983,463
379206981,29.3147,34.0563,464,35828,0.797023,0.91,2,5232479,5232015,464
379209901,28.5259,30.4225,464,35887,0.804809,0.87,2,5232507,5232043,464
379212821,43.2104,43.369,465,35946,0.819924,0.79,2,5232560,5232095,465
379215741,80.2841,83.3476,460,36005,0.825969,0.73,2,5232665,5232205,460
379218661,48.3137,51.939,456,36064,0.840388,0.71,2,5232692,5232236,456
379221581,39.7255,40.5756,457,36123,0.822155,0.69,2,5232726,5232269,457
379224501,37.4902,38.4302,456,36182,0.826862,0.71,2,5232762,5232306,456
379227421,32.9961,32.1721,458,36240,0.828745,0.77,2,5232792,5232334,458
379230341,37.1984,35.6688,460,36298,0.853498,0.79,2,5232832,5232372,460
379583661,30.744,34.3053,505,42766,0.860156,1,2,5237335,5236830,505
379586581,33.2976,29.3221,514,42815,0.872062,1,2,5237370,5236856,514
379589501,33.719,25.5288,525,42864,0.834825,1,2,5237404,5236879,525
379642061,130.924,125.641,476,19925,0.0590995,0.01,1,5238112,5237636,476
379644981,96.7696,97.6563,471,20031,0.0296398,0.01,1,5238186,5237715,471
379647901,62.1078,78.0625,445,20137,0.0538559,0.03,1,5238225,5237780,445
379650821,79.4431,63.625,482,20242,0.0275424,0.03,1,5238316,5237834,482
379653741,40.7773,62.65,435,20347,0.0410169,0.05,1,5238331,5237896,435
379656661,75.1109,46.06,498,20451,0.0584068,0.03,1,5238429,5237931,498
379659581,93.0444,63.424,528,20555,0.0413627,0,1,5238534,5238006,528
379662501,81.6177,88.9696,496,20658,0.0165451,0.01,1,5238608,5238112,496
379665421,55.4471,79.9878,460,20761,0.012618,0.07,1,5238646,5238186,460
379668341,77.3788,55.3951,513,20863,0.00504721,0.01,1,5238738,5238225,513
379671261,39.3515,76.7581,436,20965,0.0200189,0.05,1,5238752,5238316,436
379674181,16.9406,39.7032,423,21066,0.0260076,0.07,1,5238754,5238331,423
379677101,66.7762,74.6813,425,21167,0.064403,0.03,1,5238854,5238429,425
379680021,87.9105,92.8725,422,21267,0.0437612,0,1,5238956,5238534,422
379682941,80.1642,81.549,423,21367,0.0355045,0.01,1,5239031,5238608,423
379685861,54.2657,55.4196,422,21466,0.0442018,0,1,5239068,5238646,422
379688781,77.5063,77.3678,423,21565,0.0356807,0.03,1,5239161,5238738,423
379691701,40.0025,39.3471,424,21663,0.0322723,0.03,1,5239176,5238752,424
379694621,17.201,16.9389,424,21761,0.0309089,0.09,1,5239178,5238754,424
379697541,68.0804,66.7755,426,21858,0.0543636,0.03,1,5239280,5238854,426
379700461,86.0322,87.9102,422,21955,0.0517454,0.03,1,5239378,5238956,422
379703381,79.4129,80.1641,422,22052,0.0386982,0.05,1,5239453,5239031,422
379706301,53.9651,54.2656,422,22148,0.0334793,0.03,1,5239490,5239068,422
379709221,77.3861,77.5063,422,22244,0.0193917,0.03,1,5239583,5239161,422
379712141,40.5544,40.0025,423,22339,0.0377567,0.03,1,5239599,5239176,423
379715061,17.4218,17.201,423,22434,0.0211027,0.07,1,5239601,5239178,423
379717981,68.1687,68.0804,423,22529,0.0624411,0.07,1,5239703,5239280,423
379720901,84.8675,27.2322,519,22623,0.0549764,0.05,1,5239799,5239280,519
379723821,78.947,69.6929,496,22717,0.0399906,0.03,1,5239874,5239378,496
379726741,53.7788,72.8771,458,22810,0.0339962,0.03,1,5239911,5239453,458
379729661,77.3115,51.3509,514,22903,0.0195985,0.01,1,5240004,5239490,514
379732581,40.5246,76.3403,437,22996,0.0258394,0.05,1,5240020,5239583,437
379735501,17.4098,40.1361,423,23088,0.0283358,0.01,1,5240022,5239599,423
379738421,69.3639,17.2545,525,23180,0.0653343,0.09,1,5240126,5239601,525
379741341,85.3456,68.1018,519,23271,0.0921337,0.05,1,5240222,5239703,519
379747181,53.3753,78.9363,458,23453,0.0591414,0.03,1,5240332,5239874,458
379750101,77.1501,53.7745,514,23543,0.0416566,0.01,1,5240425,5239911,514
379753021,41.06,77.3098,438,23633,0.0346626,0.03,1,5240442,5240004,438
379755941,17.624,40.5239,424,23723,0.031865,0.03,1,5240444,5240020,424
379758861,71.2496,17.4096,529,23812,0.042746,0.09,1,5240551,5240022,529
379761781,87.2998,69.3638,523,23901,0.0830984,0.11,1,5240649,5240126,523
379764701,36.1199,85.3455,429,23990,0.0992394,0.11,1,5240651,5240222,429
379767621,55.848,77.9382,425,24078,0.0816958,0.03,1,5240720,5240295,425
379770541,42.7392,53.3753,422,24166,0.0506783,0.03,1,5240754,5240332,422
379773461,73.4957,77.1501,423,24254,0.0262713,0.03,1,5240848,5240425,423
379776381,39.5983,41.06,423,24341,0.0165085,0.03,1,5240865,5240442,423
379779301,17.0393,17.624,423,24428,0.0366034,0.05,1,5240867,5240444,423
379782221,71.6157,71.2496,424,24515,0.0566414,0.11,1,5240975,5240551,424
379785141,89.2463,87.2998,427,24601,0.0406565,0.11,1,5241076,5240649,427
379788061,36.8985,36.1199,427,24687,0.0342626,0.07,1,5241078,5240651,427
379790981,54.3594,55.848,424,24773,0.031705,0.03,1,5241144,5240720,424
379793901,40.9438,42.7392,422,24859,0.042682,0.01,1,5241176,5240754,422
379796821,72.7775,73.4957,422,24944,0.0350728,0.01,1,5241270,5240848,422
379799741,39.311,39.5983,422,25029,0.0320291,0.05,1,5241287,5240865,422
379802661,16.9244,17.0393,422,25114,0.0128116,0.07,1,5241289,5240867,422
379805581,72.1698,71.6157,423,25198,0.0471247,0.03,1,5241398,5240975,423
379808501,89.4679,89.2463,423,25282,0.0728499,0.03,1,5241499,5241076,423
379814341,54.3949,54.3594,423,25450,0.084856,0.03,1,5241567,5241144,423
379820181,71.9432,27.8975,515,25616,0.050777,0.03,1,5241691,5241176,515
379823101,38.9773,67.559,438,25699,0.0503108,0.03,1,5241708,5241270,438
379826021,16.7909,37.2236,423,25781,0.0261243,0,1,5241710,5241287,423
379828941,72.7164,16.0894,531,25863,0.0284497,0.07,1,5241820,5241289,531
379831861,91.4865,71.8358,526,25945,0.0533799,0.09,1,5241924,5241398,526
379834781,37.7946,89.3343,427,26027,0.063352,0.13,1,5241926,5241499,427
379837701,54.7178,36.9337,491,26108,0.0913408,0.07,1,5241992,5241501,491
379840621,40.4871,54.3735,456,26189,0.0905363,0.13,1,5242023,5241567,456
379852301,72.6621,16.7904,532,26511,0.236222,0.03,1,5242242,5241710,532
379855221,92.6648,72.7161,528,26591,0.280489,0.07,1,5242348,5241820,528
379858141,38.2659,91.4865,426,26671,0.298195,0.07,1,5242350,5241924,426
379878581,72.3661,72.6621,435,27221,0.419638,0.31,1,5242677,5242242,435
379881501,93.7465,92.6648,437,27299,0.425855,0.31,1,5242785,5242348,437
379884421,38.6986,38.2659,437,27377,0.428342,0.35,1,5242787,5242350,437
379890261,41.2318,40.4425,440,27531,0.439335,0.35,1,5242888,5242448,440
379931141,77.7904,6.98285,568,28588,0.755103,0.65,2,5243570,5243002,568
379934061,96.5162,72.9931,560,28662,0.764041,0.61,2,5243679,5243119,560
379936981,39.8065,94.5973,453,28736,0.767617,0.65,2,5243681,5243228,453
379939901,60.3226,39.0389,525,28810,0.793047,0.67,2,5243755,5243230,525
379942821,42.129,58.2156,484,28883,0.803219,0.71,2,5243785,5243301,484
379945741,76.2516,41.2862,553,28956,0.819287,0.73,2,5243884,5243331,553
379948661,31.7006,74.1145,459,29029,0.837715,0.77,2,5243886,5243427,459
379951581,22.2803,30.8458,473,29102,0.845086,0.73,2,5243902,5243429,473
379954501,10.1121,21.9383,459,29175,0.848034,0.73,2,5243904,5243445,459
380199781,35.0649,36.8202,511,34740,0.896003,1,2,5247879,5247368,511
380202701,44.026,30.9281,534,34801,0.820401,1,2,5247929,5247395,534
380214381,41.9895,43.1806,513,35044,0.429434,1,1,5248098,5247585,513
380223141,38.6633,57.4116,503,35224,0.0930038,1,1,5248241,5247738,503
380226061,37.0653,42.7646,506,35284,0.0672015,1,1,5248277,5247771,506
380228981,38.8261,39.9058,508,35344,0.0328806,0.9,1,5248317,5247809,508
380231901,32.3305,38.1623,499,35404,0.0191522,0.87,1,5248345,5247846,499
380234821,39.9322,35.0649,511,35464,0.0496609,0.77,1,5248390,5247879,511
380237741,35.7729,44.026,494,35524,0.0498644,0.63,1,5248423,5247929,494
380240661,34.1091,42.2104,486,35584,0.0619457,0.59,1,5248456,5247970,486
380243581,43.0437,39.6842,497,35643,0.0787783,0.49,1,5248505,5248008,497
380246501,18.4175,46.4737,448,35702,0.0855113,0.35,1,5248507,5248059,448
380249421,25.967,41.9895,440,35761,0.0762045,0.27,1,5248538,5248098,440
380252341,33.1868,44.3958,432,35820,0.0844818,0.09,1,5248576,5248144,432
380255261,53.4747,62.1583,425,35879,0.0997927,0.03,1,5248643,5248218,425
380261101,34.476,37.0653,423,35997,0.0843668,0.01,1,5248700,5248277,423
380264021,38.3904,38.8261,424,36056,0.0397467,0.01,1,5248741,5248317,424
380266941,30.9562,32.3305,422,36115,0.0338987,0.07,1,5248767,5248345,422
380269861,41.1825,39.9322,425,36174,0.0675595,0.05,1,5248815,5248390,425
380272781,36.873,35.7729,426,36232,0.0570238,0.07,1,5248849,5248423,426
380275701,33.9492,34.1091,425,36290,0.0408095,0.09,1,5248881,5248456,425
380278621,44.1797,43.0437,427,36348,0.0583238,0.09,1,5248932,5248505,427
380281541,18.8719,18.4175,427,36406,0.0653295,0.07,1,5248934,5248507,427
380284461,24.9487,25.967,425,36464,0.0801318,0.09,1,5248963,5248538,425
380287381,33.3795,33.1868,426,36522,0.0980527,0.11,1,5249002,5248576,426
380299061,37.7617,38.3904,423,36754,0.25379,0.03,1,5249164,5248741,423
380301981,30.7047,30.9562,423,36811,0.251516,0.09,1,5249190,5248767,423
380304901,41.6819,41.1825,424,36868,0.238606,0.05,1,5249239,5248815,424
380307821,35.8727,36.873,422,36925,0.245443,0.03,1,5249271,5248849,422
380310741,34.1491,33.9492,423,36982,0.224177,0.07,1,5249304,5248881,423
380313661,44.2596,44.1797,423,37039,0.239671,0.07,1,5249355,5248932,423
380316581,18.9039,18.8719,423,37096,0.221868,0.09,1,5249357,5248934,423
380319501,25.5615,24.9487,424,37153,0.238747,0.09,1,5249387,5248963,424
380322421,34.2246,9.9795,464,37210,0.233499,0.11,1,5249427,5248963,464
380325341,56.2898,27.3918,496,37267,0.2434,0.15,1,5249498,5249002,496
380328261,36.3159,51.7567,451,37324,0.27136,0.17,1,5249521,5249070,451
380331181,34.9264,33.3027,464,37381,0.234544,0.23,1,5249555,5249091,464
380334101,39.1706,32.5211,474,37438,0.219818,0.29,1,5249597,5249123,474
380337021,31.2682,37.6084,459,37494,0.213927,0.25,1,5249623,5249164,459
380339941,40.1073,30.6434,479,37550,0.223571,0.23,1,5249669,5249190,479
380342861,35.8429,41.6573,463,37606,0.239428,0.25,1,5249702,5249239,463
380345781,34.1372,35.8629,464,37662,0.233771,0.21,1,5249735,5249271,464
380348701,44.2549,34.1452,482,37718,0.255509,0.25,1,5249786,5249304,482
380351621,18.9019,44.2581,433,37774,0.264203,0.21,1,5249788,5249355,433
380354541,25.5608,18.9032,461,37830,0.267681,0.25,1,5249818,5249357,461
380369141,38.7443,34.9264,473,38110,0.415858,0.21,1,5250028,5249555,473
380372061,31.0977,39.1705,457,38165,0.448343,0.21,1,5250054,5249597,457
380415861,38.3863,36.6556,449,38986,0.765474,0.57,2,5250584,5250135,449
380418781,35.1545,33.8623,450,39040,0.75619,0.59,2,5250617,5250167,450
380421701,46.4618,45.3449,451,39094,0.788476,0.59,2,5250671,5250220,451
380424621,19.7847,19.338,451,39148,0.80139,0.61,2,5250673,5250222,451
380427541,26.5139,25.7352,452,39202,0.794556,0.65,2,5250704,5250252,452
380430461,38.8056,36.6941,455,39256,0.791822,0.67,2,5250751,5250296,455
380433381,60.5222,59.6776,455,39310,0.790729,0.67,2,5250826,5250371,455
380436301,25.4089,25.0711,455,39364,0.814292,0.67,2,5250828,5250373,455
380439221,23.3636,23.2284,455,39418,0.799717,0.65,2,5250850,5250395,455
380442141,28.5454,29.0914,454,39472,0.817887,0.69,2,5250882,5250428,454
380445061,39.0182,38.0365,456,39526,0.861155,0.71,2,5250928,5250472,456
380447981,32.4073,31.4146,457,39579,0.890462,0.75,2,5250956,5250499,457
380648001,128.058,137.85,487,19203,0.0844,0.45,1,5253533,5253046,487
380650921,105.823,105.54,494,19314,0.08776,0.07,1,5253624,5253130,494
380653841,77.7293,98.0161,460,19424,0.077104,0.05,1,5253683,5253223,460
380656761,59.8917,78.8064,442,19533,0.0488416,0.05,1,5253731,5253289,442
380659681,40.7567,44.1226,449,19642,0.0375366,0,1,5253759,5253310,449
380662601,79.9027,45.249,509,19750,0.0690147,0.01,1,5253865,5253356,509
380665521,86.5611,69.6996,514,19857,0.0816059,0.03,1,5253956,5253442,514
380671361,70.0098,87.5919,482,20070,0.0742569,0.07,1,5254106,5253624,482
380674281,55.6039,70.4368,469,20176,0.0297028,0.03,1,5254152,5253683,469
380677201,39.6416,56.9747,450,20281,0.0418811,0.03,1,5254181,5253731,450
380680121,81.2566,39.5899,531,20386,0.0587524,0.09,1,5254290,5253759,531
380685961,91.9611,86.3744,519,20594,0.2098,0.13,1,5254475,5253956,519
380688881,69.7844,90.9498,480,20697,0.22192,0.05,1,5254530,5254050,480
380700561,34.2537,81.2547,427,21103,0.0987532,0.21,1,5254717,5254290,427
380706401,86.4806,91.9608,434,21304,0.2042,0.23,1,5254909,5254475,434
380709321,65.7922,69.7843,431,21404,0.25568,0.13,1,5254961,5254530,431
380721001,33.4987,34.2537,426,21798,0.294497,0.21,1,5255143,5254717,426
380723921,73.9995,70.7015,432,21895,0.267799,0.23,1,5255244,5254812,432
380726841,88.9998,86.4806,434,21992,0.29312,0.29,1,5255343,5254909,434
380729761,67.9999,65.7922,436,22088,0.291248,0.33,1,5255397,5254961,436
380750201,68.3857,71.2399,489,22752,0.40537,0.29,1,5255832,5255343,489
380753121,53.7543,60.896,479,22845,0.432148,0.31,1,5255876,5255397,479
380779401,83.4694,39.4999,556,23667,0.771744,0.53,2,5256462,5255906,556
380782321,34.5878,81.1999,449,23757,0.782698,0.53,2,5256464,5256015,449
380785241,73.8351,33.68,547,23846,0.823079,0.55,2,5256564,5256017,547
380907881,85.3122,90.7473,483,27331,0.798709,1,2,5259038,5258555,483
380937081,56.3303,59.3249,455,28096,0.405016,0.51,1,5259535,5259080,455
380942921,34.5728,37.452,448,28246,0.404403,0.43,1,5259595,5259147,448
380945841,31.2291,35.3808,443,28321,0.419761,0.35,1,5259624,5259181,443
380948761,31.6917,35.7523,439,28396,0.437904,0.35,1,5259656,5259217,439
380951681,75.6767,14.3009,544,28471,0.409162,0.35,1,5259761,5259217,544
380954601,51.8707,69.3204,474,28545,0.409665,0.37,1,5259797,5259323,474
380957521,38.1483,48.7281,468,28619,0.409866,0.31,1,5259826,5259358,468
380986721,81.3833,38.1479,551,29350,0.755522,0.53,2,5260377,5259826,551
380989641,58.9533,78.8592,489,29422,0.764209,0.51,2,5260421,5259932,489
380992561,42.1813,56.7437,478,29494,0.791683,0.55,2,5260452,5259974,478
380995481,34.8725,40.6975,478,29566,0.814673,0.55,2,5260482,5260004,478
380998401,31.949,34.279,478,29638,0.823869,0.55,2,5260512,5260034,478
381001321,31.9796,31.7116,480,29709,0.839548,0.57,2,5260544,5260064,480
381141481,37.8671,40.3165,517,32953,0.87256,1,2,5262846,5262329,517
381194041,123.907,139.444,434,15453,0.433092,0.25,1,5263968,5263534,434
381214481,105.786,101.148,453,16391,0.799881,0.63,2,5264633,5264180,453
381217401,53.1143,51.259,453,16521,0.829952,0.63,2,5264651,5264198,453
381220321,39.2457,38.5036,453,16650,0.841981,0.63,2,5264681,5264228,453
381223241,129.098,15.4014,642,16778,0.858792,0.73,2,5264870,5264228,642
381290401,77.0788,62.9998,518,19480,0.8992,1,2,5266818,5266300,518
381293321,86.0315,105.6,476,19589,0.82168,1,2,5266910,5266434,476
381307921,74.6819,134.075,506,20125,0.204628,0.86,1,5267286,5266780,506
381316681,45.7476,79.9088,480,20439,0.0853362,0.59,1,5267466,5266986,480
381337121,19.126,45.7475,426,21155,0.207709,0.15,1,5267892,5267466,426
381340041,32.2504,41.099,429,21255,0.233084,0.11,1,5267933,5267504,429
381345881,67.8001,68.7358,428,21454,0.415293,0.17,1,5268140,5267712,428
381383841,125.797,28.4023,635,22706,0.752089,0.67,2,5269002,5268367,635
381386761,72.5189,119.961,491,22799,0.798835,0.67,2,5269039,5268548,491
381389681,81.8076,69.5844,543,22892,0.805534,0.67,2,5269127,5268584,543
381392601,71.123,81.2337,518,22985,0.832214,0.67,2,5269191,5268673,518
381395521,48.2492,70.8935,487,23077,0.830885,0.71,2,5269224,5268737,487
381398441,20.4997,48.1574,456,23169,0.830354,0.71,2,5269226,5268770,456
381401361,35.1999,20.463,499,23261,0.842142,0.69,2,5269271,5268772,499
381404281,128.68,33.9852,647,23352,0.858857,0.79,2,5269462,5268815,647
381407201,73.672,125.794,497,23443,0.865543,0.83,2,5269499,5269002,497
381503561,48.9296,45.6462,530,26260,0.874357,1,2,5271485,5270955,530
381506481,65.7718,52.4585,550,26341,0.895743,1,2,5271562,5271012,550
381629121,52.1222,72.923,509,29529,0.268403,0.96,1,5273816,5273307,509
381634961,42.4196,50.4277,506,29673,0.0777444,1,1,5273898,5273392,506
381637881,36.1678,40.5711,504,29744,0.0610978,0.85,1,5273930,5273426,504
381640801,31.8671,34.8284,502,29815,0.0424391,1,1,5273959,5273457,502
381643721,13.9469,32.5314,473,29886,0.0169756,0.96,1,5273961,5273488,473
381646641,21.1787,32.2125,467,29957,0.0367903,0.93,1,5273987,5273520,467
381649561,34.2715,39.285,466,30028,0.0567161,0.33,1,5274030,5273564,466
381670001,30.5077,31.8671,423,30518,0.0999686,0,1,5274382,5273959,423
381672921,13.4031,13.9469,423,30587,0.0819875,0.05,1,5274384,5273961,423
381675841,20.3612,21.1787,422,30656,0.086795,0.07,1,5274409,5273987,422
381684601,59.1191,57.9234,429,30863,0.206435,0.17,1,5274634,5274205,429
381687521,47.6476,47.7694,428,30932,0.220574,0.17,1,5274674,5274246,428
381690441,41.2591,41.3077,428,31000,0.21423,0.17,1,5274711,5274283,428
381693361,38.7036,39.9231,426,31068,0.211692,0.13,1,5274748,5274322,426
381705041,18.434,20.3612,422,31340,0.217435,0.09,1,5274831,5274409,422
381707961,37.3736,8.14449,472,31408,0.236974,0.13,1,5274881,5274409,472
381710881,107.949,30.8578,581,31475,0.25679,0.21,1,5275036,5274455,581
381731321,13.2172,29.7046,431,31943,0.402763,0.21,1,5275238,5274807,431
381734241,19.0869,13.0818,452,32009,0.419105,0.23,1,5275261,5274809,452
381780961,41.9411,41.7068,451,33050,0.763469,0.59,2,5276029,5275578,451
381783881,39.5765,39.4827,451,33114,0.779388,0.61,2,5276067,5275616,451
381786801,35.6306,34.9931,452,33178,0.785755,0.59,2,5276100,5275648,452
381789721,31.0522,31.3972,451,33242,0.836302,0.59,2,5276128,5275677,451
381792641,13.6209,13.7589,451,33306,0.832521,0.63,2,5276130,5275679,451
381795561,21.6484,20.5036,453,33370,0.819008,0.67,2,5276157,5275704,453
381798481,41.6593,40.0014,455,33433,0.837603,0.67,2,5276212,5275757,455
381801401,17.8637,17.2006,455,33496,0.845041,0.71,2,5276214,5275759,455
381804321,105.545,104.08,457,33559,0.884017,0.73,2,5276378,5275921,457
381924041,26.3066,19.6349,500,36053,0.8944,1,2,5278043,5277543,500
381926961,21.3226,18.054,501,36112,0.88576,1,2,5278061,5277560,501
381932801,31.0116,23.8886,503,36229,0.834122,1,2,5278131,5277628,503
381947401,31.4916,36.2897,478,36519,0.287354,1,1,5278390,5277912,478
381950321,38.3967,37.9159,482,36577,0.252942,1,1,5278433,5277951,482
381953241,36.3587,39.1664,477,36635,0.215177,0.91,1,5278468,5277991,477
381964921,29.1596,32.5291,462,36866,0.0962765,0.79,1,5278563,5278101,462
381967841,27.8638,31.0116,459,36923,0.0685106,0.63,1,5278590,5278131,459
381970761,88.5455,98.2047,445,36980,0.0574042,0.39,1,5278719,5278274,445
381973681,54.0182,59.6819,442,37037,0.0529617,0.31,1,5278750,5278308,442
381976601,37.2073,40.0727,441,37094,0.0871847,0.31,1,5278776,5278335,441
381979521,26.2829,29.2291,438,37151,0.0528739,0.31,1,5278795,5278357,438
381982441,26.7132,11.6916,465,37208,0.0271495,0.25,1,5278822,5278357,465
381985361,34.0853,24.4767,471,37265,0.0108598,0.23,1,5278861,5278390,471
381988281,34.0341,35.5907,462,37322,0.0343439,0.19,1,5278895,5278433,462
381991201,29.2136,35.2363,453,37379,0.0317376,0.17,1,5278921,5278468,453
381994121,20.6855,30.2945,441,37436,0.078695,0.09,1,5278936,5278495,441
381997041,16.6742,22.3178,438,37492,0.073478,0.09,1,5278950,5278512,438
382008721,53.7117,88.5409,452,37716,0.203721,0.05,1,5279171,5278719,452
382011641,38.8847,54.0164,450,37772,0.219488,0.11,1,5279200,5278750,450
382014561,25.7539,37.2065,441,37828,0.213795,0.03,1,5279217,5278776,441
382017481,27.1015,26.2826,450,37884,0.211518,0.01,1,5279245,5278795,450
382020401,35.4406,26.713,464,37940,0.210607,0,1,5279286,5278822,464
382023321,32.7762,34.0852,456,37996,0.234243,0.05,1,5279317,5278861,456
382026241,30.5105,34.0341,451,38052,0.243697,0.03,1,5279346,5278895,451
382029161,20.6042,29.2136,439,38108,0.247479,0.11,1,5279360,5278921,439
382032081,16.6417,20.6855,438,38163,0.248992,0.07,1,5279374,5278936,438
382035001,31.2567,16.6742,465,38218,0.249597,0.15,1,5279415,5278950,465
382037921,26.3027,28.8697,451,38273,0.237839,0.13,1,5279438,5278987,451
382040841,89.7211,25.9479,559,38328,0.293135,0.19,1,5279570,5279011,559
382061281,25.2856,32.7762,434,38713,0.409765,0.25,1,5279751,5279317,434
382064201,27.5143,30.5105,434,38768,0.433906,0.25,1,5279780,5279346,434
382067121,19.4057,20.6042,434,38822,0.419562,0.25,1,5279794,5279360,434
382070041,16.7623,16.6417,435,38876,0.425825,0.25,1,5279809,5279374,435
382072961,30.7049,31.2567,434,38930,0.42833,0.23,1,5279849,5279415,434
382075881,25.482,26.3027,433,38984,0.441332,0.33,1,5279871,5279438,433
382119681,58.3429,57.3571,446,39789,0.754913,0.53,2,5280488,5280042,446
382122601,40.1372,39.7428,446,39842,0.787965,0.53,2,5280516,5280070,446
382125521,26.8549,25.4971,448,39895,0.801186,0.53,2,5280534,5280086,448
382128441,29.9419,28.7989,449,39948,0.782474,0.57,2,5280566,5280117,449
382131361,37.1768,36.1195,450,40001,0.76299,0.57,2,5280608,5280158,450
382134281,16.0707,15.6478,450,40054,0.755196,0.63,2,5280610,5280160,450
382137201,26.2283,25.4591,451,40107,0.752078,0.63,2,5280643,5280192,451
382140121,28.4913,10.1837,481,40160,0.750831,0.65,2,5280673,5280192,481
382143041,20.3965,22.0735,466,40213,0.762333,0.61,2,5280688,5280222,466
382151801,26.1694,30.7167,476,40370,0.760869,0.71,2,5280767,5280291,476
382154721,96.8678,25.4867,598,40422,0.790348,0.71,2,5280911,5280313,598
382157641,59.7471,94.7947,492,40474,0.826139,0.79,2,5280946,5280454,492
382160561,41.2988,58.3179,487,40526,0.864456,0.81,2,5280975,5280488,487
382163481,27.3195,40.1271,477,40578,0.879782,0.81,2,5280993,5280516,477
382166401,28.9278,26.8509,489,40630,0.885913,0.77,2,5281023,5280534,489
382350361,339.202,346.007,511,18980,0.442,1,1,5283201,5282690,511
382359121,83.1009,95.4405,486,20031,0.092368,0.65,1,5283464,5282978,486
382362041,63.2404,72.3762,479,20137,0.0909472,0.39,1,5283514,5283035,479
382364961,59.4961,66.7505,473,20242,0.0663789,0.07,1,5283571,5283098,473
382367881,42.3985,65.1002,440,20347,0.0445515,0.07,1,5283602,5283162,440
382370801,108.159,49.4401,553,20451,0.0358206,0.03,1,5283754,5283201,553
382373721,93.6638,98.976,505,20555,0.0323282,0.13,1,5283838,5283333,505
382376641,66.8655,89.3904,471,20658,0.0309313,0.05,1,5283887,5283416,471
382379561,57.3462,64.5562,474,20761,0.0663725,0.09,1,5283938,5283464,474
382382481,57.7385,55.8225,482,20863,0.056549,0.05,1,5283996,5283514,482
382385401,39.2954,56.529,452,20965,0.0766196,0.03,1,5284023,5283571,452
382388321,16.9182,41.2116,423,21066,0.0606478,0.03,1,5284025,5283602,423
382391241,97.3673,107.685,422,21167,0.0662591,0.03,1,5284176,5283754,422
382400001,56.3435,57.3158,424,21466,0.0870406,0.05,1,5284362,5283938,424
382405841,37.575,39.2905,422,21663,0.0823265,0.05,1,5284445,5284023,422
382408761,16.23,16.9162,422,21761,0.0989306,0.07,1,5284447,5284025,422
