#Ack,ack_ewma(ms),send_ewma(ms),rtt_ratio,cwnd (Bytes),Last Router Ocupation Ack Arriaval(Packets),Last Router Ocupation Packet Sent(Packets),Network Situation,AckArrival(ms),TSInsideAck(ms),RTTAck(ms)
4381,2,0,428,16060,0.13,0.11,1,130849,130421,428
7301,2,0,430,18980,0.154,0.11,1,130851,130421,430
10221,2,0,432,21900,0.1588,0.11,1,130853,130421,432
13141,2,0,434,24820,0.17576,0.11,1,130855,130421,434
14601,161.2,0,635,27740,0.219152,0.18,1,131056,130421,635
17521,211.44,340.8,433,29200,0.21983,0.13,1,131280,130847,433
20441,43.888,69.76,433,32120,0.219966,0.13,1,131282,130849,433
23361,10.3776,13.952,435,35040,0.219993,0.16,1,131284,130849,435
26281,3.67552,4.3904,435,37960,0.299999,0.16,1,131286,130851,435
29201,2.3351,0.87808,437,40880,0.316,0.16,1,131288,130851,437
32121,2.06702,1.77562,437,43800,0.2872,0.16,1,131290,130853,437
35041,2.0134,0.355123,439,46720,0.31344,0.18,1,131292,130853,439
37961,2.00268,1.67102,439,49640,0.350688,0.18,1,131294,130855,439
40881,2.00054,0.334205,441,52560,0.414138,0.23,1,131296,130855,441
304541,87,87,483,67360,0.01,1,1,133427,132944,483
326161,32.6,37.4,477,79520,0.394,1,1,133446,132969,477
330541,72.92,80.28,469,62980,0.0868,1,1,133529,133060,469
337601,28.984,30.456,469,62980,0.05736,0.9,1,133547,133078,469
347781,37.7968,38.0912,469,60060,0.179472,0.96,1,133587,133118,469
354021,49.9594,51.6182,467,54220,0.0758944,0.75,1,133640,133173,467
363801,20.3919,26.3236,460,51300,0.0391789,0.65,1,133653,133193,460
381061,21.6784,30.8647,450,45460,0.223836,0.29,1,133675,133225,450
382721,28.3357,44.5729,432,33780,0.308767,0.09,1,133705,133273,432
394401,2,0,426,185420,0.51,0.01,1,133853,133427,426
397321,2,0,428,185420,0.526,0.01,1,133855,133427,428
400241,2,0,430,185420,0.4972,0.01,1,133857,133427,430
403161,24.4,0,460,185420,0.46744,0.01,1,133887,133427,460
406081,56.08,81.6,422,186880,0.453488,0.05,1,133951,133529,422
409001,63.216,30.72,469,186880,0.498698,0.05,1,134016,133547,469
411921,67.8432,80.544,445,186880,0.49174,0.27,1,134085,133640,445
414841,55.1686,44.1088,462,188340,0.522348,0.33,1,134137,133675,462
417761,12.6337,32.8218,434,188340,0.52847,0.33,1,134139,133705,434
420681,4.12675,6.56435,436,188340,0.561694,0.33,1,134141,133705,436
423601,2.42535,1.31287,438,189800,0.584339,0.33,1,134143,133705,438
426521,2.08507,0.262574,440,189800,0.588868,0.33,1,134145,133705,440
429441,2.01701,0.0525148,442,189800,0.605774,0.33,1,134147,133705,442
432361,2.0034,0.010503,444,191260,0.577155,0.33,1,134149,133705,444
435281,2.00068,0.00210059,446,191260,0.539431,0.33,1,134151,133705,446
438201,2.00014,0.000420118,448,191260,0.499886,0.33,1,134153,133705,448
441121,2.00003,8.40237e-05,450,192720,0.459977,0.33,1,134155,133705,450
444041,2.00001,1.68047e-05,452,192720,0.539995,0.33,1,134157,133705,452
446961,2,3.36095e-06,454,192720,0.523999,0.33,1,134159,133705,454
449881,2,6.72189e-07,456,194180,0.4888,0.33,1,134161,133705,456
452801,2,1.34438e-07,458,194180,0.44976,0.33,1,134163,133705,458
455721,2,2.68876e-08,460,194180,0.409952,0.33,1,134165,133705,460
458641,2,5.37751e-09,462,194180,0.36999,0.33,1,134167,133705,462
461561,2,1.0755e-09,464,195640,0.529998,0.33,1,134169,133705,464
464481,2,2.151e-10,466,195640,0.53,0.33,1,134171,133705,466
467401,2,4.30201e-11,468,195640,0.498,0.33,1,134173,133705,468
470321,2,8.60402e-12,470,195640,0.4596,0.33,1,134175,133705,470
473241,12.4,1.7208e-12,485,197100,0.49992,0.33,1,134190,133705,485
476161,9.68,3.44161e-13,494,197100,0.587984,0.33,1,134199,133705,494
479081,9.936,6.88321e-14,504,197100,0.597597,0.33,1,134209,133705,504
482001,7.5872,1.37664e-14,511,197100,0.615519,0.33,1,134216,133705,511
484921,5.51744,2.75328e-15,516,198560,0.603104,0.33,1,134221,133705,516
487841,2.70349,5.50657e-16,518,198560,0.568621,0.33,1,134223,133705,518
490761,2.1407,1.10131e-16,520,198560,0.569724,0.33,1,134225,133705,520
493681,2.02814,2.20263e-17,522,198560,0.537945,0.33,1,134227,133705,522
496601,2.00563,4.40525e-18,524,200020,0.603589,0.33,1,134229,133705,524
499521,2.00113,8.81051e-19,526,200020,0.584718,0.33,1,134231,133705,526
502441,2.00023,1.7621e-19,528,200020,0.548944,0.33,1,134233,133705,528
505361,2.00005,3.5242e-20,530,200020,0.525789,0.33,1,134235,133705,530
508281,2.00001,7.04841e-21,532,200020,0.577158,0.33,1,134237,133705,532
511201,2,1.40968e-21,534,201480,0.547432,0.33,1,134239,133705,534
513141,1.2,2.81936e-22,535,201480,0.525486,0.27,1,134240,133705,535
515221,9.04,2.4,543,201480,0.489097,0.76,1,134251,133708,543
517301,34.608,50.88,521,201480,0.673819,0.53,1,134292,133771,521
520221,8.5216,74.976,442,201480,0.742764,0.53,1,134294,133852,442
522081,2.50432,14.9952,443,202940,0.740553,0.42,1,134295,133852,443
525001,7.70086,13.399,439,202940,0.732111,0.42,1,134304,133865,439
527921,3.14017,2.67981,441,202940,0.698422,0.42,1,134306,133865,441
530401,2.22803,0.535962,443,202940,0.691684,0.42,1,134308,133865,443
533321,18.0456,19.3072,441,202940,0.770337,0.42,2,134330,133889,441
534981,53.2091,3.86144,503,204400,0.866067,0.45,2,134392,133889,503
536641,12.2418,53.5723,439,204400,0.885214,0.53,2,134394,133955,439
576381,2,14,439,208780,0.92,0.53,2,134610,134171,439
579301,2,2.8,441,208780,0.888,0.53,2,134612,134171,441
582221,2,0.56,443,210240,0.8416,0.53,2,134614,134171,443
585141,2,0.112,445,210240,0.95232,0.53,2,134616,134171,445
601121,2,0,453,211700,0.94,0.62,2,134634,134181,453
604041,10.8,11.2,452,211700,0.916,0.62,2,134647,134195,452
640661,2,0,452,216080,0.89,0.44,2,134696,134244,452
643581,2,0,454,216080,0.89,0.44,2,134698,134244,454
718441,7,8,471,223380,0.95,0.86,2,135096,134625,471
721361,3,1.6,473,223380,0.934,0.86,2,135098,134625,473
723221,2.2,0.32,475,223380,0.9868,0.97,2,135100,134625,475
1037981,1358,1588,424,1460,0,0,1,137716,137292,424
1039441,768.4,656.8,621,1460,0.344,0,1,138337,137716,621
1042361,508.08,628.16,443,2920,0.5728,0,1,138780,138337,443
1185441,10,4,427,45260,0.01,0.01,1,141566,141139,427
1188361,10,8,428,46720,0.002,0.01,1,141576,141148,428
1191281,12.4,8,433,48180,0.0084,0.01,1,141589,141156,433
1194201,25.68,12,449,49640,0.00168,0,1,141618,141169,449
1197121,40.336,40,446,51100,0.088336,0.39,1,141662,141216,446
1200041,16.0672,20.8,440,51100,0.121667,0.45,1,141672,141232,440
1202961,5.61344,6.56,440,51100,0.112333,0.39,1,141675,141235,440
1205881,2.72269,4.512,438,51100,0.110467,0.37,1,141677,141239,438
1208801,2.14454,2.5024,438,51100,0.110093,0.35,1,141679,141241,438
1211721,3.62891,3.70048,438,51100,0.0780187,0.33,1,141683,141245,438
1214641,7.92578,7.9401,438,51100,0.0556037,0.27,1,141692,141254,438
1217561,27.1852,10.388,459,52560,0.0511207,0.33,1,141724,141265,459
1220481,23.837,28.4776,449,52560,0.0502241,0.35,1,141747,141298,449
1223401,14.3674,19.2955,444,52560,0.0660448,0.25,1,141759,141315,444
1242381,29,0,451,54020,0.59,0,1,142040,141589,451
1245301,7.4,23.2,424,54020,0.558,0.11,1,142042,141618,424
1248221,39.88,39.84,428,54020,0.3436,0.13,1,142090,141662,428
1251141,12.776,15.968,424,55480,0.30072,0.11,1,142096,141672,424
1254061,5.7552,5.5936,425,55480,0.260144,0.11,1,142100,141675,425
1256981,2.75104,2.71872,425,55480,0.316029,0.11,1,142102,141677,425
1259901,2.15021,2.14374,425,55480,0.327206,0.07,1,142104,141679,425
1262821,2.03004,3.62875,423,55480,0.297441,0.05,1,142106,141683,423
1265741,6.80601,7.92575,422,55480,0.291488,0.05,1,142114,141692,422
1268661,28.5612,1.58515,456,55480,0.258298,0.05,1,142148,141692,456
1271581,24.1122,25.917,447,55480,0.34766,0.05,1,142171,141724,447
1274501,16.0224,23.5834,438,55480,0.349532,0.07,1,142185,141747,438
1275961,164.004,14.3167,627,55480,0.685906,1,1,142386,141759,627
1278881,83.2009,170.863,480,56940,0.801181,1,2,142449,141969,480
1281801,19.0402,42.1727,473,56940,0.808236,0.97,2,142452,141979,473
1284721,5.40804,15.6345,466,56940,0.809647,0.83,2,142454,141988,466
1287641,4.28161,10.3269,461,58400,0.793929,0.85,2,142458,141997,461
1290561,2.45632,3.66538,461,58400,0.838786,0.72,2,142460,141999,461
1293481,2.09126,10.3331,451,58400,0.815757,0.59,2,142462,142011,451
1296401,18.8183,25.2666,445,58400,0.891151,0.55,2,142485,142040,445
1299321,5.36365,6.65332,445,58400,0.90623,0.29,2,142487,142042,445
1302241,30.6727,39.7307,434,58400,0.917246,0.29,2,142524,142090,434
1305161,11.7345,7.94613,441,58400,0.935449,0.29,2,142531,142090,441
1308081,5.54691,6.38923,439,58400,0.93909,0.25,2,142535,142096,439
1311001,2.70938,4.47785,437,58400,0.907818,0.33,2,142537,142100,437
1313921,2.14188,2.49557,437,58400,0.901564,0.33,2,142539,142102,437
1316841,2.02838,2.09911,437,59860,0.916313,0.29,2,142541,142104,437
1319761,6.00567,2.01982,442,59860,0.935263,0.29,2,142548,142106,442
1639501,49,57,439,36500,0.01,0.25,1,145708,145269,439
1642421,28.2,27.4,442,37960,0.058,0.21,1,145731,145289,442
1645341,15.24,23.08,432,39420,0.0516,0.09,1,145743,145311,432
1648261,51.848,55.816,429,39420,0.01032,0.05,1,145804,145375,429
1651181,32.7696,21.5632,444,39420,0.026064,0.01,1,145832,145388,444
1654101,20.9539,29.9126,430,39420,0.0772128,0.03,1,145850,145420,430
1657021,24.9908,20.3825,438,39420,0.815443,0.03,2,145876,145438,438
1694981,64,18,487,40880,0.9,1,2,146337,145850,487
1697901,28,24.4,480,40880,0.876,1,2,146356,145876,480
1700821,20,12.08,489,40880,0.8792,1,2,146374,145885,489
1703741,10.4,13.616,483,40880,0.90384,1,2,146382,145899,483
1706661,46.08,14.7232,523,40880,0.892768,1,2,146437,145914,523
1864341,20,24,494,42340,0.9,1,2,148266,147772,494
1867261,24,20,500,42340,0.748,1,1,148291,147791,500
1870181,34.4,24.8,511,42340,0.6536,1,1,148328,147817,511
1873101,96.48,38.56,581,42340,0.17072,1,1,148440,147859,581
1876021,62.496,98.912,521,42340,0.042144,1,1,148494,147973,521
1878941,27.6992,53.3824,498,42340,0.0164288,1,1,148513,148015,498
1881861,35.1398,33.0765,507,42340,0.00328576,1,1,148550,148043,507
1884781,30.228,33.0153,503,42340,0.000657152,0.98,1,148579,148076,503
1887701,22.0456,21.8031,504,42340,0.00813143,1,1,148599,148095,504
1890621,14.8091,21.1606,496,42340,0.0416263,1,1,148612,148116,496
1893541,14.9618,20.2321,491,42340,0.0643253,1,1,148627,148136,491
1896461,14.9924,17.6464,489,42340,0.0528651,1,1,148642,148153,489
1899381,34.9985,14.7293,515,42340,0.050573,0.88,1,148682,148167,515
1902301,29.3997,38.9459,498,42340,0.0661146,0.88,1,148710,148212,498
1905221,18.6799,34.9892,480,42340,0.0132229,0.9,1,148726,148246,480
1908141,21.336,22.9978,482,42340,0.0106446,0.71,1,148748,148266,482
1911061,27.4672,24.5996,486,42340,0.802129,0.63,2,148777,148291,486
2084801,50,33,518,37960,0.09,0.93,1,150663,150145,518
2087721,70.8,58.6,529,39420,0.122,0.11,1,150739,150210,529
2090641,33.36,106.92,434,40880,0.2404,0.03,1,150763,150329,434
2093561,45.072,45.384,452,42340,0.12008,0,1,150811,150359,452
2096481,36.2144,46.6768,439,42340,0.048016,0,1,150845,150406,439
2099401,50.4429,34.1354,462,43800,0.0816032,0.19,1,150899,150437,462
2102321,25.2886,41.2271,438,43800,0.248321,0.09,1,150918,150480,438
2105241,22.6577,31.4454,431,43800,0.329664,0.01,1,150940,150509,431
2108161,23.7315,23.0891,434,43800,0.345933,0.01,1,150964,150530,434
2111081,23.1463,23.8178,433,43800,0.285187,0.01,1,150987,150554,433
2114001,18.2293,18.3636,433,43800,0.257037,0.03,1,151004,150571,433
2116921,28.4459,13.2727,452,43800,0.227407,0.01,1,151035,150583,452
2119841,7.28917,26.6545,424,43800,0.181481,0.09,1,151037,150613,424
2122761,41.4578,45.3309,424,45260,0.252296,0.09,1,151087,150663,424
2125681,70.6916,9.06618,502,45260,0.346459,0.13,1,151165,150663,502
2128601,15.7383,62.6132,428,45260,0.397292,0.27,1,151167,150739,428
2131521,26.3477,31.7226,433,45260,0.503458,0.27,1,151196,150763,433
2134441,38.0695,6.34453,474,45260,0.540692,0.09,1,151237,150763,474
2137361,30.8139,39.6689,455,45260,0.532138,0.03,1,151266,150811,455
2140281,7.76278,35.1338,423,45260,0.530428,0.09,1,151268,150845,423
2143201,52.7526,50.2268,433,46720,0.642086,0.29,1,151332,150899,433
2146121,26.5505,25.2454,434,46720,0.760417,0.35,2,151352,150918,434
2149041,24.5101,22.6491,436,46720,0.832083,0.35,2,151376,150940,436
2151961,23.302,23.7298,435,46720,0.830417,0.27,2,151399,150964,435
2154881,23.0604,23.146,435,46720,0.798083,0.25,2,151422,150987,435
2157801,18.2121,18.2292,435,46720,0.775617,0.22,2,151439,151004,435
2160721,23.6424,28.4458,429,46720,0.803123,0.17,2,151464,151035,429
2163641,6.32848,7.28917,429,46720,0.808625,0.17,2,151466,151037,429
2166561,45.2657,1.45783,484,48180,0.825725,0.27,2,151521,151037,484
2309641,88,99,480,37960,0.51,1,1,153039,152559,480
2312561,49.6,47,486,39420,0.542,1,1,153079,152593,486
2315481,47.52,38.2,497,40880,0.6844,1,1,153126,152629,497
2318401,35.104,44.44,483,42340,0.65688,1,1,153158,152675,483
2321321,47.8208,37.688,498,42340,0.651376,1,1,153209,152711,498
2324241,55.1642,28.3376,529,43800,0.730275,0.91,1,153266,152737,529
2327161,26.2328,65.6675,473,43800,0.730055,0.81,1,153285,152812,473
2341761,22,12,469,43800,0.75,0.55,2,153396,152927,469
2344681,6,21.6,447,45260,0.766,0.51,2,153398,152951,447
2347601,70,74.72,445,45260,0.5452,0.51,1,153484,153039,445
2350521,50,14.944,490,45260,0.50104,0.55,1,153529,153039,490
2353441,11.6,34.9888,452,45260,0.492208,0.72,1,153531,153079,452
2356361,42.32,44.5978,455,45260,0.442442,0.72,1,153581,153126,455
2359281,38.064,8.91955,492,45260,0.496488,0.65,1,153618,153126,492
2362201,42.0128,27.3839,503,45260,0.571298,0.65,1,153661,153158,503
2365121,10.0026,46.2768,454,46720,0.57026,0.75,1,153663,153209,454
2368041,48.4005,54.8554,455,46720,0.666052,0.73,1,153721,153266,455
2370961,28.8801,26.1711,460,46720,0.65321,1,1,153745,153285,460
2373881,31.376,20.4342,473,46720,0.746642,1,1,153777,153304,473
2376801,19.0752,19.2868,470,46720,0.733328,0.79,1,153793,153323,470
2379721,26.215,27.8574,468,46720,0.802666,0.85,2,153821,153353,468
2382641,18.043,22.3715,463,46720,0.832533,0.75,2,153837,153374,463
2385561,20.4086,22.0743,462,46720,0.830507,0.75,2,153858,153396,462
2388481,5.68172,4.41486,464,48180,0.862101,0.77,2,153860,153396,464
2391401,56.3363,2.48297,531,48180,0.86842,0.49,2,153929,153398,531
2525721,28,34,500,51100,0.72,1,1,155240,154740,500
2528641,24,26.8,498,51100,0.616,1,1,155263,154765,498
2531561,23.2,22.96,499,51100,0.5792,1,1,155286,154787,499
2534481,21.44,19.792,501,51100,0.45984,1,1,155307,154806,501
2537401,30.688,17.5584,517,51100,0.371968,1,1,155340,154823,517
2540321,43.7376,41.9117,516,51100,0.210394,1,1,155387,154871,516
2543241,26.3475,40.3823,498,51100,0.0820787,1,1,155409,154911,498
2546161,36.4695,24.8765,516,51100,0.0244157,1,1,155448,154932,516
2549081,26.4939,39.3753,497,51100,0.0128831,1,1,155472,154975,497
2552001,62.0988,32.6751,537,51100,0.0105766,1,1,155543,155006,537
2554921,27.6198,51.335,500,51100,0.0101153,1,1,155562,155062,500
2557841,18.324,26.267,496,51100,0.0100231,1,1,155578,155082,496
2560761,20.4648,18.8534,500,51100,0.00200461,1,1,155599,155099,500
2563681,18.493,22.9707,494,51100,0.0404009,1,1,155617,155123,494
2566601,17.2986,20.5941,491,51100,0.0480802,0.91,1,155634,155143,491
2569521,20.2597,23.3188,488,51100,0.00961604,0.82,1,155655,155167,488
2572441,16.0519,23.0638,480,51100,0.121923,0.78,1,155670,155190,480
2575361,24.0104,22.2128,484,51100,0.0803846,0.72,1,155696,155212,484
2578281,20.0021,26.8425,475,51100,0.0400769,0.59,1,155715,155240,475
2581201,16.0004,23.7685,467,51100,0.0320154,0.57,1,155730,155263,467
2584121,20.0001,23.1537,465,51100,0.0944031,0.43,1,155751,155286,465
2587041,22.4,21.4307,467,51100,0.154881,0.35,1,155774,155307,467
2589961,34.88,30.6861,472,51100,0.0709761,0.17,1,155812,155340,472
2592881,22.976,43.7372,445,51100,0.102195,0.05,1,155832,155387,445
2595801,34.1952,26.3474,460,51100,0.076439,0.01,1,155869,155409,460
2598721,26.039,36.4695,445,51100,0.0232878,0.01,1,155893,155448,445
2601641,62.0078,26.4939,492,51100,0.0606576,0.01,1,155964,155472,492
2604561,27.6016,62.0988,440,51100,0.0841315,0.01,1,155983,155543,440
2607481,18.3203,27.6198,437,51100,0.136826,0.01,1,155999,155562,437
2610401,20.4641,18.324,442,51100,0.115365,0,1,156020,155578,442
2613321,21.6928,20.4648,443,51100,0.143073,0.05,1,156042,155599,443
2616241,14.7386,18.493,438,51100,0.164615,0.05,1,156055,155617,438
2619161,19.7477,17.2986,442,51100,0.168923,0,1,156076,155634,442
2622081,19.9495,20.2597,441,51100,0.137785,0.15,1,156096,155655,441
2625001,22.3899,16.0519,449,51100,0.195557,0.07,1,156119,155670,449
2627921,18.878,24.0104,441,51100,0.255111,0.03,1,156137,155696,441
2630841,17.3756,20.0021,439,51100,0.427022,0.03,1,156154,155715,439
2633761,21.8751,16.0004,447,51100,0.397404,0.11,1,156177,155730,447
2636681,25.175,20.0001,452,51100,0.471481,0.17,1,156203,155751,452
2639601,34.635,22.4,466,51100,0.534296,0.05,1,156240,155774,466
2642521,21.327,34.88,446,51100,0.562859,0.11,1,156258,155812,446
2645441,30.6654,22.976,459,51100,0.552572,0.07,1,156291,155832,459
2648361,26.1331,34.1952,447,51100,0.534514,0.01,1,156316,155869,447
2651281,62.0266,26.039,494,51100,0.530903,0.07,1,156387,155893,494
2654201,33.2053,62.0078,449,51100,0.530181,0.09,1,156413,155964,449
2657121,17.0411,27.6016,443,51100,0.562036,0.15,1,156426,155983,443
2660041,20.2082,18.3203,448,51100,0.536407,0.11,1,156447,155999,448
2662961,22.4416,20.4641,450,51100,0.563281,0.15,1,156470,156020,450
2665881,18.8883,21.6928,446,51100,0.568656,0.17,1,156488,156042,446
2668801,18.1777,14.7386,451,51100,0.649731,0.17,1,156506,156055,451
2671721,19.6355,19.7477,450,51100,0.665946,0.13,1,156526,156076,450
2674641,26.3271,19.9495,458,51100,0.669189,0.21,1,156554,156096,458
2677561,23.6654,22.3899,458,51100,0.717838,0.27,1,156577,156119,458
2680481,19.9331,18.878,459,51100,0.775568,0.47,2,156596,156137,459
2683401,24.7866,17.3756,468,51100,0.851113,0.39,2,156622,156154,468
2686321,26.5573,21.8751,472,51100,0.914223,0.49,2,156649,156177,472
2689241,35.7115,25.175,484,51100,0.926845,0.55,2,156687,156203,484
2899481,55,36,491,42340,0.25,0.51,1,158574,158083,491
2902401,35,60.8,454,43800,0.346,0.29,1,158604,158150,454
2905321,29.4,42.56,444,45260,0.3972,0.11,1,158632,158188,444
2908241,51.48,38.112,464,46720,0.42344,0.01,1,158689,158225,464
2911161,39.096,59.6224,435,48180,0.444688,0,1,158725,158290,435
2914081,33.4192,40.7245,431,49640,0.336938,0.03,1,158757,158326,431
2917001,38.6838,28.9449,445,49640,0.347387,0.05,1,158797,158352,445
2919921,42.9368,37.789,449,51100,0.349477,0.09,1,158841,158392,449
2922841,35.7874,36.3578,447,51100,0.269895,0.03,1,158875,158428,447
2925761,17.5575,31.2716,430,51100,0.285979,0.05,1,158888,158458,430
2928681,17.1115,13.4543,438,51100,0.241196,0.05,1,158905,158467,438
2931601,5.0223,14.6909,425,51100,0.232239,0.05,1,158907,158482,425
2934521,18.6045,18.1382,428,51100,0.278448,0.05,1,158929,158501,428
2937441,15.7209,9.22763,436,51100,0.20769,0.07,1,158944,158508,436
2940361,51.9442,10.6455,486,51100,0.289538,0.25,1,159005,158519,486
2943281,11.9888,46.1291,433,52560,0.305908,0.37,1,159007,158574,433
2946201,30.3978,33.2258,438,52560,0.325182,0.37,1,159042,158604,438
2949121,28.4796,6.64516,466,52560,0.345036,0.41,1,159070,158604,466
2952041,7.29591,23.729,440,52560,0.349007,0.43,1,159072,158632,440
2954961,51.8592,50.3458,446,52560,0.285801,0.43,1,159135,158689,446
2957881,34.3718,10.0692,476,52560,0.22516,0.45,1,159165,158689,476
2960801,8.47437,30.8138,442,52560,0.213032,0.31,1,159167,158725,442
2963721,24.8949,31.7628,439,52560,0.242606,0.35,1,159196,158757,439
2966641,38.579,38.3526,441,52560,0.264521,0.35,1,159238,158797,441
2969561,44.5158,7.67051,487,54020,0.348904,0.35,1,159284,158797,487
2972481,30.5032,36.7341,470,54020,0.349781,0.25,1,159311,158841,470
2975401,15.7006,34.5468,448,54020,0.349956,0.29,1,159323,158875,448
2978321,12.7401,17.3094,447,54020,0.365991,0.23,1,159335,158888,447
2981241,4.14803,17.0619,432,54020,0.369198,0.23,1,159337,158905,432
2984161,19.2296,5.01237,453,54020,0.35384,0.29,1,159360,158907,453
2987081,18.2459,18.6025,449,54020,0.350768,0.19,1,159378,158929,449
2990001,56.4492,15.7205,500,54020,0.398154,0.31,1,159444,158944,500
2992921,12.8898,51.9441,441,54020,0.407631,0.31,1,159446,159005,441
2995841,4.17797,11.9888,441,55480,0.409526,0.33,1,159448,159007,441
2998761,26.4356,30.3978,438,55480,0.473905,0.35,1,159480,159042,438
3001681,25.2871,28.4796,435,55480,0.534781,0.35,1,159505,159070,435
3004601,6.65742,7.29591,435,55480,0.546956,0.27,1,159507,159072,435
3007521,50.1315,51.8592,433,55480,0.629391,0.21,1,159568,159135,433
3010441,33.2263,34.3718,432,55480,0.597878,0.21,1,159597,159165,432
3013361,8.24526,8.47437,432,55480,0.591576,0.25,1,159599,159167,432
3016281,26.4491,24.8949,434,55480,0.606315,0.27,1,159630,159196,434
3019201,39.6898,38.579,435,55480,0.625263,0.27,1,159673,159238,435
3022121,47.938,7.71579,485,55480,0.565053,0.37,1,159723,159238,485
3025041,30.3876,38.3432,465,56940,0.569011,0.35,1,159749,159284,465
3027961,16.4775,29.2686,451,56940,0.585802,0.35,1,159762,159311,451
3030881,12.8955,15.4537,451,56940,0.60516,0.37,1,159774,159323,451
3033801,4.1791,12.6907,441,56940,0.609032,0.37,1,159776,159335,441
3036721,18.4358,4.13815,461,56940,0.641806,0.35,1,159798,159337,461
3039641,18.8872,19.2276,457,56940,0.664361,0.35,1,159817,159360,457
3042561,58.9774,18.2455,508,56940,0.748872,0.41,1,159886,159378,508
3045481,13.3955,56.4491,444,56940,0.765774,0.41,2,159888,159444,444
3048401,4.2791,12.8898,444,56940,0.769155,0.41,2,159890,159446,444
3051321,2.45582,4.17796,444,56940,0.769831,0.49,2,159892,159448,444
3054241,29.2912,26.4356,448,56940,0.801966,0.55,2,159928,159480,448
3057161,26.6582,25.2871,449,58400,0.872393,0.55,2,159954,159505,449
3060081,6.93165,6.65742,449,58400,0.854479,0.65,2,159956,159507,449
3063001,52.5863,50.1315,452,58400,0.874896,0.59,2,160020,159568,452
3065921,33.7173,33.2263,452,58400,0.910979,0.59,2,160049,159597,452
3068841,8.34345,8.24526,452,58400,0.918196,0.61,2,160051,159599,452
3346241,13,15,476,43800,0.53,0.87,1,162363,161887,476
3349161,31.4,31.8,476,45260,0.642,0.77,1,162399,161923,476
3352081,31.88,37.56,469,46720,0.7764,0.77,2,162431,161962,469
3511221,39,37,496,40880,0.13,0.89,1,163968,163472,496
3514141,60.6,73,480,42340,0.274,0.79,1,164034,163554,480
3517061,36.92,47.4,470,42340,0.3188,0.53,1,164065,163595,470
3519981,37.784,54.28,452,42340,0.42376,0.39,1,164103,163651,452
3522901,37.1568,42.056,450,42340,0.460752,0.35,1,164140,163690,450
3525821,43.4314,39.6112,456,43800,0.45215,0.23,1,164185,163729,456
3528741,34.2863,32.7222,457,43800,0.51443,0.09,1,164217,163760,457
3531661,28.4573,41.7444,440,43800,0.606886,0.11,1,164244,163804,440
3534581,25.6915,29.1489,439,43800,0.721377,0.11,1,164269,163830,439
3537501,18.7383,24.2298,433,43800,0.712275,0.11,1,164286,163853,433
3540421,19.7477,19.246,435,43800,0.726455,0.13,1,164306,163871,435
3543341,25.5495,22.2492,439,43800,0.761291,0.13,2,164333,163894,439
3546261,24.3099,14.0498,451,43800,0.800258,0.13,2,164357,163906,451
3549181,6.46198,21.21,430,43800,0.776052,0.13,2,164359,163929,430
3552101,32.4924,35.442,430,43800,0.80321,0.13,2,164398,163968,430
3555021,67.2985,7.0884,506,43800,0.888642,0.31,2,164474,163968,506
3695181,27,24,486,46720,0.71,1,1,165970,165484,486
3698101,63,48.8,503,46720,0.534,1,1,166042,165539,503
3701021,33.4,39.36,492,46720,0.4668,1,1,166068,165576,492
3703941,28.28,28.672,493,46720,0.42136,1,1,166095,165602,493
3706861,22.456,27.3344,487,46720,0.412272,0.97,1,166116,165629,487
3709781,28.4912,21.4669,497,46720,0.410454,1,1,166146,165649,497
3712701,22.4982,18.6934,500,46720,0.362091,1,1,166167,165667,500
3715621,25.2996,23.7387,501,46720,0.352418,1,1,166193,165692,501
3718541,22.6599,25.5477,497,46720,0.318484,1,1,166215,165718,497
3721461,17.332,25.1095,488,46720,0.263697,0.99,1,166231,165743,488
3724381,13.8664,21.0219,481,46720,0.252739,0.98,1,166244,165763,481
3727301,22.7733,26.6044,478,46720,0.266548,1,1,166269,165791,478
3730221,26.1547,25.3209,480,46720,0.22131,1,1,166296,165816,480
3733141,22.8309,25.0642,477,46720,0.308262,0.84,1,166318,165841,477
3736061,51.7662,63.4128,463,46720,0.309652,0.76,1,166377,165914,463
3738981,28.7532,35.8826,457,46720,0.26193,0.71,1,166400,165943,457
3741901,25.7506,28.7765,455,46720,0.300386,0.49,1,166425,165970,455
3744821,56.3501,63.3553,447,46720,0.276077,0.45,1,166489,166042,447
3747741,29.67,33.4711,444,46720,0.319215,0.41,1,166512,166068,444
3750661,25.934,28.2942,442,46720,0.343843,0.41,1,166537,166095,442
3753581,20.3868,22.4588,440,46720,0.284769,0.41,1,166556,166116,440
3756501,28.8774,28.4918,441,46720,0.272954,0.35,1,166587,166146,441
3759421,20.9755,22.4984,439,46720,0.222591,0.35,1,166606,166167,439
3762341,24.1951,25.2997,438,46720,0.196518,0.31,1,166631,166193,438
3765261,19.239,22.6599,434,46720,0.191304,0.25,1,166649,166215,434
3768181,15.8478,17.332,433,46720,0.190261,0.25,1,166664,166231,433
3771101,13.5696,13.8664,433,46720,0.190052,0.27,1,166677,166244,433
3774021,23.5139,22.7733,434,46720,0.17401,0.21,1,166703,166269,434
3776941,27.9028,26.1547,436,46720,0.218802,0.33,1,166732,166296,436
3779861,23.1806,22.8309,436,46720,0.19576,0.31,1,166754,166318,436
3782781,51.0361,51.7662,435,46720,0.223152,0.25,1,166812,166377,435
3785701,27.8072,28.7532,434,46720,0.21263,0.31,1,166834,166400,434
3788621,25.5614,25.7506,434,46720,0.226526,0.27,1,166859,166425,434
3791541,61.9123,56.3501,441,46720,0.261305,0.33,1,166930,166489,441
3794461,26.7825,29.67,436,46720,0.284261,0.35,1,166948,166512,436
3797381,25.3565,25.934,436,46720,0.288852,0.27,1,166973,166537,436
3800301,20.2713,20.3868,436,46720,0.28977,0.27,1,166992,166556,436
3803221,26.4543,28.8774,433,46720,0.337954,0.21,1,167020,166587,433
3806141,18.0909,20.9755,430,46720,0.347591,0.19,1,167036,166606,430
3809061,22.8182,24.1951,429,46720,0.365518,0.19,1,167060,166631,429
3811981,19.7636,19.239,430,46720,0.353104,0.19,1,167079,166649,430
3814901,15.9527,15.8478,430,46720,0.350621,0.19,1,167094,166664,430
3817821,14.3905,13.5696,431,46720,0.366124,0.17,1,167108,166677,431
3820741,21.2781,23.5139,428,46720,0.385225,0.23,1,167131,166703,428
3823661,31.4556,27.9028,433,46720,0.437045,0.19,1,167165,166732,433
3826581,22.2911,23.1806,431,46720,0.447409,0.23,1,167185,166754,431
3829501,51.6582,51.0361,432,46720,0.497482,0.21,1,167244,166812,432
3832421,26.3316,27.8072,430,46720,0.507496,0.23,1,167264,166834,430
3835341,26.0663,25.5614,431,46720,0.525499,0.27,1,167290,166859,431
3838261,63.6133,61.9123,433,46720,0.5771,0.29,1,167363,166930,433
3841181,27.9227,26.7825,434,48180,0.65142,0.29,1,167382,166948,434
3844101,26.3845,25.3565,435,48180,0.682284,0.29,1,167408,166973,435
3847021,22.0769,20.2713,437,48180,0.720457,0.35,1,167429,166992,437
3849941,26.8154,26.4543,437,48180,0.776091,0.35,2,167457,167020,437
3852861,18.1631,18.0909,437,48180,0.803218,0.37,2,167473,167036,437
3855781,23.6326,22.8182,438,48180,0.792644,0.35,2,167498,167060,438
3858701,19.9265,19.7636,438,48180,0.806529,0.35,2,167517,167079,438
3861621,17.5853,15.9527,440,48180,0.793306,0.37,2,167534,167094,440
3864541,14.7171,14.3905,440,48180,0.822661,0.39,2,167548,167108,440
3867461,20.5434,21.2781,439,48180,0.828532,0.45,2,167570,167131,439
3870381,34.5087,31.4556,443,48180,0.861706,0.45,2,167608,167165,443
3873301,23.7017,22.2911,444,48180,0.852341,0.51,2,167629,167185,444
3876221,52.7403,51.6582,445,48180,0.914468,0.51,2,167689,167244,445
4191581,19,24,499,54020,0.85,1,2,170686,170187,499
4194501,24.6,24.8,500,55480,0.794,1,2,170712,170212,500
4197421,23.32,38.56,481,55480,0.7508,1,2,170735,170254,481
4200341,41.464,38.912,488,55480,0.83816,1,2,170781,170293,488
4203261,34.6928,31.7824,491,55480,0.831632,1,2,170814,170323,491
4206181,22.9386,31.1565,480,55480,0.918326,1,2,170834,170354,480
4334661,30,24,514,58400,0.83,1,2,171951,171437,514
4337581,28.4,25.6,516,58400,0.782,1,2,171979,171463,516
4340501,26.48,19.52,524,58400,0.7564,1,2,172005,171481,524
4343421,22.096,23.904,520,58400,0.62328,1,1,172026,171506,520
4359481,388.419,450.381,443,40880,0.356656,0.03,1,172506,172063,443
4412041,162.484,190.076,424,40880,0.383331,0.01,1,172612,172188,424
4414961,59.6968,49.2152,444,42340,0.428666,0.03,1,172646,172202,444
4417881,35.9394,38.643,438,43800,0.421733,0.05,1,172676,172238,438
4420801,60.7879,32.5286,474,45260,0.508347,0.07,1,172743,172269,474
4423721,39.3576,55.3057,447,46720,0.509669,0,1,172777,172330,447
4426641,33.4715,31.0611,454,48180,0.477934,0.03,1,172809,172355,454
4429561,32.2943,31.0122,455,49640,0.599587,0.05,1,172841,172386,455
4432481,30.4589,28.6024,457,49640,0.687917,0.13,1,172871,172414,457
4435401,24.4918,26.5205,454,49640,0.785583,0.21,2,172894,172440,454
4438321,16.8984,21.3041,449,49640,0.789117,0.27,2,172909,172460,449
4441241,11.3797,17.0608,443,49640,0.805823,0.29,2,172919,172476,443
4444161,19.0759,17.0122,447,49640,0.777165,0.35,2,172940,172493,447
4447081,43.8152,29.8024,464,49640,0.835433,0.41,2,172990,172526,464
4450001,28.763,27.5605,462,51100,0.815087,0.43,2,173015,172553,462
4452921,36.1526,30.3121,469,51100,0.795017,0.39,2,173053,172584,469
4455841,36.0305,28.4624,477,51100,0.807003,0.44,2,173089,172612,477
4458761,8.8061,32.8925,445,51100,0.809401,0.42,2,173091,172646,445
4461681,24.9612,30.5785,444,51100,0.82588,0.42,2,173120,172676,444
4464601,60.9922,6.1157,514,51100,0.749176,0.53,1,173190,172676,514
4467521,13.7984,54.8231,449,52560,0.733835,0.51,1,173192,172743,449
4470441,26.7597,38.1646,445,52560,0.810767,0.51,2,173222,172777,445
4473361,31.7519,7.63293,478,52560,0.810153,0.47,2,173255,172777,478
4476281,7.95039,27.1266,448,52560,0.810031,0.63,2,173257,172809,448
4479201,35.9901,31.0253,459,52560,0.874006,0.71,2,173300,172841,459
4631041,21,19,501,58400,0.84,1,2,174649,174148,501
4633961,21.8,15,509,58400,0.776,1,2,174671,174162,509
4636881,23.56,20.6,511,58400,0.7392,1,1,174695,174184,511
4639801,26.312,15.32,524,58400,0.66784,1,1,174722,174198,524
4642721,22.0624,23.064,520,58400,0.621568,1,1,174743,174223,520
4644181,22.8125,18.2128,526,58400,0.564314,1,1,174766,174240,526
4705501,375.763,440.443,444,40880,0.520863,0.45,1,175230,174786,444
4708421,107.152,108.889,458,42340,0.640173,0.31,1,175270,174812,458
4711341,42.2305,48.1777,451,43800,0.680034,0.19,1,175296,174845,451
4714261,38.8461,44.8355,445,45260,0.752007,0.07,2,175334,174889,445
4717181,34.1692,35.3671,445,46720,0.718401,0.07,1,175367,174922,445
4720101,49.2338,43.0734,453,48180,0.66368,0.07,1,175420,174967,453
4723021,29.0468,31.0147,449,49640,0.780736,0.15,2,175444,174995,449
4725941,53.8094,55.0029,448,49640,0.820147,0.11,2,175504,175056,448
4728861,24.3619,28.6006,443,49640,0.796029,0.17,2,175521,175078,443
4731781,42.4724,32.9201,456,49640,0.887206,0.25,2,175568,175112,456
4734701,24.4945,39.384,435,49640,0.889441,0.41,2,175588,175153,435
4737621,26.4989,24.6768,441,49640,0.889888,0.37,2,175615,175174,441
4740541,18.8998,19.3354,440,49640,0.937978,0.33,2,175632,175192,440
4880701,19,21,490,56940,0.92,1,2,176893,176403,490
4883621,29.4,37,481,56940,0.904,1,2,176925,176444,481
4886541,25.08,26.6,481,56940,0.8448,1,2,176949,176468,481
4889461,39.416,38.12,483,56940,0.76896,1,2,176992,176509,483
4892381,36.6832,28.424,493,56940,0.609792,1,1,177028,176535,493
4895301,28.1366,21.6848,499,56940,0.529958,1,1,177054,176555,499
4898221,24.0273,18.737,504,56940,0.497992,1,1,177077,176573,504
4901141,21.6055,32.5474,489,56940,0.459598,1,1,177098,176609,489
4904061,17.1211,20.1095,488,56940,0.46792,1,1,177114,176626,488
4906981,24.2242,4.0219,514,58400,0.437584,1,1,177140,176626,514
4909901,22.4448,34.4044,494,58400,0.383517,1,1,177162,176668,494
4912821,19.689,23.6809,492,58400,0.380703,1,1,177181,176689,492
4915741,27.9378,21.5362,501,58400,0.356141,1,1,177211,176710,501
4918661,20.7876,22.7072,497,58400,0.319228,0.96,1,177230,176733,497
4921581,15.3575,20.5414,491,58400,0.295846,1,1,177244,176753,491
4924501,30.2715,19.3083,506,58400,0.275169,0.99,1,177278,176772,506
4927421,22.8543,33.4617,490,58400,0.247034,0.95,1,177299,176809,490
4930341,25.3709,23.4923,495,58400,0.185407,0.95,1,177325,176830,495
4933261,19.4742,23.8985,489,58400,0.125081,0.9,1,177343,176854,489
4936181,17.4948,20.7797,486,58400,0.113016,0.92,1,177360,176874,486
4939101,24.299,19.3559,493,58400,0.0946033,0.9,1,177386,176893,493
4942021,21.6598,29.4712,482,58400,0.106921,0.83,1,177407,176925,482
4944941,35.532,25.0942,497,58400,0.0773841,0.75,1,177446,176949,497
4947861,31.9064,39.4188,485,58400,0.103477,0.57,1,177477,176992,485
4950781,24.7813,36.6838,472,58400,0.124695,0.51,1,177500,177028,472
4953701,23.3563,28.1368,469,58400,0.0809391,0.49,1,177523,177054,469
4956621,19.0713,24.0274,464,58400,0.104188,0.45,1,177541,177077,464
4959541,15.8143,21.6055,458,58400,0.0928376,0.47,1,177556,177098,458
4962461,4.76285,17.1211,444,58400,0.138568,0.43,1,177558,177114,444
4965381,20.9526,24.2242,443,58400,0.0517135,0.37,1,177583,177140,443
4968301,16.9905,22.4448,437,58400,0.0663427,0.38,1,177599,177162,437
4971221,20.9981,19.689,440,58400,0.0692685,0.35,1,177621,177181,440
4974141,25.7996,27.9378,437,58400,0.197854,0.31,1,177648,177211,437
4977061,20.3599,20.7876,437,58400,0.143571,0.29,1,177667,177230,437
4979981,14.472,15.3575,436,58400,0.164714,0.27,1,177680,177244,436
4982901,29.2944,30.2715,435,58400,0.168943,0.24,1,177713,177278,435
4985821,21.0589,22.8543,433,58400,0.201789,0.17,1,177732,177299,433
4988741,21.8118,25.3709,429,58400,0.192358,0.11,1,177754,177325,429
4991661,16.3624,19.4742,426,58400,0.206472,0.11,1,177769,177343,426
4994581,16.0725,17.4948,425,58400,0.209294,0.09,1,177785,177360,425
4997501,27.2145,24.299,429,58400,0.273859,0.11,1,177815,177386,429
5000421,20.6429,21.6598,427,58400,0.414772,0.07,1,177834,177407,427
5003341,34.5286,35.532,426,58400,0.442954,0.11,1,177872,177446,426
5006261,31.7057,31.9064,426,58400,0.448591,0.13,1,177903,177477,426
5009181,23.1411,24.7813,424,58400,0.449718,0.07,1,177924,177500,424
5012101,25.4282,23.3563,427,58400,0.513944,0.11,1,177950,177523,427
5015021,19.4856,19.0713,427,58400,0.494789,0.09,1,177968,177541,427
5017941,16.6971,15.8143,428,58400,0.490958,0.15,1,177984,177556,428
5020861,4.93943,4.76285,428,58400,0.490192,0.03,1,177986,177558,428
5023781,17.7879,20.9526,424,58400,0.522038,0.07,1,178007,177583,424
5026701,14.7576,16.9905,422,58400,0.560408,0.07,1,178021,177599,422
5029621,30.9515,20.9981,435,58400,0.552082,0.23,1,178056,177621,435
5032541,22.1903,25.7996,428,58400,0.646416,0.13,1,178076,177648,428
5035461,19.6381,20.3599,428,58400,0.681283,0.17,1,178095,177667,428
5038381,15.1276,14.472,429,58400,0.656257,0.17,1,178109,177680,429
5041301,29.4255,29.2944,429,58400,0.683251,0.21,1,178142,177713,429
5044221,22.6851,21.0589,431,58400,0.72065,0.19,1,178163,177732,431
5047141,23.737,21.8118,433,58400,0.76013,0.21,2,178187,177754,433
5050061,15.1474,16.3624,431,58400,0.816026,0.21,2,178200,177769,431
5052981,17.4295,16.0725,433,58400,0.795205,0.29,2,178218,177785,433
5055901,33.0859,27.2145,440,58400,0.823041,0.45,2,178255,177815,440
5058821,23.4172,20.6429,442,58400,0.876608,0.45,2,178276,177834,442
5061741,35.8834,34.5286,443,58400,0.887322,0.45,2,178315,177872,443
5064661,29.5767,31.7057,440,58400,0.873464,0.45,2,178343,177903,440
5067581,24.3153,23.1411,442,58400,0.918693,0.53,2,178366,177924,442
5242781,24,0,526,61320,0.8,1,2,179818,179292,526
5245701,24,16.8,529,61320,0.824,1,2,179842,179313,529
5248621,20.8,30.56,515,61320,0.9088,1,2,179862,179347,515
5251541,24.16,26.912,514,61320,0.87776,1,2,179887,179373,514
5254461,21.632,22.9824,513,62780,0.863552,1,2,179908,179395,513
5257381,20.3264,21.3965,512,62780,0.89271,1,2,179928,179416,512
5260301,23.2653,18.6793,518,62780,0.874542,1,2,179952,179434,518
5263221,15.8531,18.1359,514,62780,0.886908,1,2,179966,179452,514
5266141,15.9706,14.8272,516,62780,0.905382,1,2,179982,179466,516
5269061,16.7941,21.3654,510,62780,0.909076,0.93,2,179999,179489,510
5496821,72,55,487,54020,0.53,1,1,182169,181682,487
5504121,38.4,49.4,469,54020,0.498,0.88,1,182199,181730,469
5514341,46.88,47.48,471,54020,0.6356,0.89,1,182248,181777,471
5518721,47.776,54.296,463,54020,0.72712,0.83,1,182296,181833,463
5526021,26.3552,30.8592,459,54020,0.777424,0.75,2,182317,181858,459
5530401,42.871,46.9718,455,54020,0.851485,0.59,2,182364,181909,455
5534781,26.1742,31.7944,449,54020,0.834297,0.57,2,182386,181937,449
5540621,23.6348,27.1589,446,54020,0.830859,0.57,2,182409,181963,446
5584421,49.527,49.4318,447,54020,0.830172,0.53,2,182465,182018,447
5587341,26.7054,19.4864,456,55480,0.910034,0.49,2,182486,182030,456
5590261,27.7411,22.2973,461,56940,0.926007,0.57,2,182514,182053,461
5711441,30,35,490,46720,0.29,1,1,184046,183556,490
5714361,27.6,37.4,479,46720,0.242,1,1,184073,183594,479
5718741,15.12,17.88,478,46720,0.1524,1,1,184085,183607,478
5724581,37.424,25.976,493,46720,0.24648,1,1,184128,183635,493
5728961,25.0848,35.5952,477,46720,0.233296,1,1,184150,183673,477
5731881,15.417,33.519,457,46720,0.246659,1,1,184163,183706,457
5771301,17.4834,15.5038,464,46720,0.201332,0.94,1,184181,183717,464
5774221,45.8967,25.5008,489,48180,0.304266,0.86,1,184234,183745,489
5777141,28.3793,29.9002,482,49640,0.308853,0.93,1,184258,183776,482
5780061,20.0759,25.18,476,51100,0.357771,0.85,1,184276,183800,476
5782981,21.6152,28.236,469,51100,0.367554,0.69,1,184298,183829,469
5785901,15.523,27.2472,456,51100,0.385511,0.55,1,184312,183856,456
5788821,20.7046,19.0494,461,51100,0.341102,0.49,1,184334,183873,461
5791741,24.9409,22.2099,464,51100,0.38022,0.35,1,184360,183896,464
5794661,25.7882,36.442,450,51100,0.324044,0.27,1,184386,183936,450
5797581,26.7576,31.2884,447,51100,0.360809,0.27,1,184413,183966,447
5800501,22.1515,26.2577,443,52560,0.416162,0.21,1,184434,183991,443
5803421,16.4303,14.0515,447,52560,0.379232,0.21,1,184449,184002,447
5806341,27.2861,26.0103,448,52560,0.419847,0.21,1,184479,184031,448
5809261,22.2572,28.4021,440,52560,0.587969,0.13,1,184500,184060,440
5812181,53.2514,25.6804,476,52560,0.765594,0.25,2,184561,184085,476
5815101,28.2503,46.7361,446,52560,0.881119,0.25,2,184583,184137,446
5818021,32.8501,30.1472,454,52560,0.920224,0.19,2,184617,184163,454
6015121,27,14,481,39420,0.07,0.88,1,186453,185972,481
6018041,32.6,23.6,489,40880,0.07,1,1,186487,185998,489
6020961,38.52,39.92,485,42340,0.054,0.84,1,186527,186042,485
6023881,38.104,48.784,472,43800,0.1468,0.63,1,186565,186093,472
6026801,44.4208,55.3568,461,45260,0.14936,0.49,1,186611,186150,461
6029721,24.8842,35.0714,451,46720,0.293872,0.33,1,186631,186180,451
6032641,20.9768,27.8143,445,46720,0.274774,0.33,1,186651,186206,445
6035561,16.1954,19.9629,442,46720,0.286955,0.21,1,186666,186224,442
6038481,20.0391,23.9926,438,48180,0.385391,0.19,1,186687,186249,438
6041401,27.2078,24.7985,442,48180,0.341078,0.11,1,186716,186274,442
6044321,25.4416,30.5597,435,48180,0.460216,0.03,1,186741,186306,435
6047241,39.4883,22.1119,458,48180,0.372043,0.09,1,186784,186326,458
6050161,24.6977,38.0224,437,48180,0.322409,0.05,1,186805,186368,437
6053081,38.5395,31.6045,449,48180,0.376482,0.07,1,186847,186398,449
6056001,30.9079,50.3209,423,48180,0.323296,0.07,1,186876,186453,423
6058921,34.1816,37.2642,424,48180,0.312659,0.07,1,186911,186487,424
6061841,41.2363,7.45284,467,49640,0.262532,0.05,1,186954,186487,467
6064761,9.84726,33.4906,429,49640,0.284506,0.17,1,186956,186527,429
6067681,30.7695,37.0981,427,49640,0.400901,0.17,1,186992,186565,427
6070601,46.9539,7.41962,478,49640,0.40818,0.15,1,187043,186565,478
6073521,10.9908,38.2839,434,49640,0.409636,0.33,1,187045,186611,434
6076441,17.3982,23.6568,433,49640,0.473927,0.27,1,187064,186631,433
6079361,18.6796,20.7314,432,49640,0.502785,0.29,1,187083,186651,432
6082281,17.3359,16.1463,434,49640,0.508557,0.29,1,187100,186666,434
6085201,25.8672,3.22925,462,49640,0.509711,0.41,1,187128,186666,462
6088121,29.9734,17.4459,472,51100,0.605942,0.33,1,187159,186687,472
6091041,22.7947,26.6892,464,51100,0.641188,0.49,1,187180,186716,464
6093961,40.5589,25.3378,484,51100,0.632238,0.35,1,187225,186741,484
6096881,24.1118,39.4676,461,51100,0.614448,0.31,1,187245,186784,461
6099801,35.2224,24.6935,478,51100,0.594889,0.39,1,187283,186805,478
6102721,31.8445,38.5387,467,51100,0.590978,0.31,1,187314,186847,467
6105641,31.9689,30.9077,470,51100,0.590196,0.31,1,187346,186876,470
6108561,7.99378,34.1815,437,51100,0.638039,0.25,1,187348,186911,437
6111481,37.5988,41.2363,439,52560,0.679608,0.29,1,187393,186954,439
6114401,9.11975,9.84726,439,52560,0.687922,0.43,1,187395,186956,439
6117321,33.024,30.7695,442,52560,0.785584,0.41,2,187434,186992,442
6120241,49.8048,46.9539,445,52560,0.885117,0.41,2,187488,187043,445
6123161,11.561,10.9908,445,52560,0.905023,0.49,2,187490,187045,445
6126081,18.3122,17.3982,446,52560,0.877005,0.51,2,187510,187064,446
6129001,18.0624,18.6796,445,52560,0.903401,0.51,2,187528,187083,445
6131921,17.2125,17.3359,445,52560,0.89268,0.51,2,187545,187100,445
6134841,28.2425,25.8672,448,52560,0.938536,0.51,2,187576,187128,448
6340701,29,33,494,42340,0.73,1,1,189443,188949,494
6343621,41.8,40.2,497,43800,0.826,0.96,2,189488,188991,497
6346541,34.76,36.84,494,45260,0.8772,1,2,189521,189027,494
6510061,385,409,449,36500,0.07,0.55,1,191357,190908,449
6512981,100.2,95.4,461,37960,0.086,0.45,1,191386,190925,461
6515901,43.24,44.68,458,39420,0.2812,0.53,1,191415,190957,458
6518821,19.848,20.936,457,39420,0.27224,0.47,1,191429,190972,457
6521741,23.9696,24.1872,457,39420,0.318448,0.53,1,191454,190997,457
6524661,35.1939,37.6374,454,39420,0.53569,0.31,1,191492,191038,454
6527581,49.4388,58.7275,443,39420,0.707138,0.17,1,191545,191102,443
6530501,85.0878,58.9455,478,40880,0.789428,0.19,2,191639,191161,478
6533421,37.8176,58.9891,445,40880,0.773885,0.19,2,191665,191220,445
6536341,31.5635,34.1978,447,40880,0.818777,0.21,2,191695,191248,447
6539261,24.7127,28.4396,443,40880,0.795755,0.19,2,191718,191275,443
6542181,21.7425,26.4879,438,40880,0.751151,0.07,2,191739,191301,438
6545101,27.5485,29.2976,437,40880,0.71023,0.07,1,191768,191331,437
6548021,14.3097,26.6595,422,40880,0.694046,0.09,1,191779,191357,422
6550941,30.8619,28.5319,428,42340,0.802809,0.09,2,191814,191386,428
6553861,34.1724,5.70638,463,42340,0.952562,0.33,2,191849,191386,463
6653141,30,25,480,43800,0.65,1,1,192986,192506,480
6656061,52.4,48.2,484,43800,0.554,1,1,193044,192560,484
6658981,32.88,32.04,484,43800,0.4868,1,1,193072,192588,484
6661901,28.176,31.208,480,43800,0.47336,1,1,193099,192619,480
6664821,41.6352,32.6416,492,43800,0.502672,1,1,193144,192652,492
6667741,31.527,25.7283,497,43800,0.412534,1,1,193173,192676,497
6670661,28.7054,26.7457,498,43800,0.442507,1,1,193201,192703,498
6673581,15.3411,26.9491,483,43800,0.464501,1,1,193213,192730,483
6676501,31.0682,26.1898,492,43800,0.3969,1,1,193248,192756,492
6679421,19.8136,21.238,489,43800,0.46338,1,1,193265,192776,489
6682341,27.1627,30.6476,485,43800,0.452676,1,1,193294,192809,485
6685261,19.0325,21.3295,483,43800,0.450535,1,1,193311,192828,483
6688181,15.0065,19.4659,478,43800,0.402107,0.93,1,193325,192847,478
6691101,43.8013,53.4932,467,43800,0.232421,0.81,1,193376,192909,467
6694021,39.9603,48.2986,459,43800,0.182484,0.65,1,193415,192956,459
6696941,27.9921,33.6597,454,43800,0.188497,0.53,1,193440,192986,454
6699861,47.1984,53.1319,448,43800,0.253699,0.47,1,193492,193044,448
6702781,30.2397,33.0264,446,43800,0.37874,0.47,1,193518,193072,446
6705701,26.0479,28.2053,444,43800,0.355748,0.51,1,193543,193099,444
6708621,40.4096,41.6411,443,43800,0.38315,0.39,1,193587,193144,443
6711541,29.6819,31.5282,441,43800,0.40463,0.45,1,193614,193173,441
6714461,30.7364,28.7056,444,43800,0.488926,0.47,1,193645,193201,444
6717381,16.5473,15.3411,445,43800,0.473785,0.38,1,193658,193213,445
6819581,24,27,478,45260,0.75,1,2,194777,194299,478
6822501,35.2,20.6,497,45260,0.59,1,1,194815,194318,497
6825421,33.44,21.72,508,45260,0.478,1,1,194848,194340,508
6828341,32.288,29.944,508,45260,0.3276,1,1,194880,194372,508
6831261,27.2576,32.3888,501,45260,0.20152,1,1,194906,194405,501
6834181,38.2515,46.4778,492,45260,0.064304,1,1,194947,194455,492
6837101,32.4503,34.8956,491,45260,0.0128608,1,1,194978,194487,491
6840021,37.6901,31.7791,499,46720,0.0745722,1,1,195017,194518,499
6842941,44.338,39.1558,504,46720,0.0869144,1,1,195063,194559,504
6845861,34.4676,27.8312,511,46720,0.105383,1,1,195095,194584,511
6848781,25.2935,25.5662,509,46720,0.205077,1,1,195118,194609,509
6851701,13.0587,26.7132,492,46720,0.177015,1,1,195128,194636,492
6854621,23.4117,5.34265,518,46720,0.0754031,0.97,1,195154,194636,518
6857541,33.4823,30.6685,517,46720,0.0390806,0.88,1,195190,194673,517
6860461,24.2965,46.1337,489,46720,0.159816,0.86,1,195212,194723,489
6863381,20.8593,33.2267,479,48180,0.167963,0.75,1,195232,194753,479
6866301,28.1719,25.8453,485,48180,0.0895926,0.55,1,195262,194777,485
6869221,25.6344,35.5691,472,48180,0.137919,0.45,1,195287,194815,472
6872141,25.9269,33.5138,465,48180,0.147584,0.29,1,195313,194848,465
6875061,21.9854,32.3028,454,48180,0.181517,0.17,1,195334,194880,454
6877981,31.5971,27.2606,462,48180,0.108303,0.03,1,195368,194906,462
6880901,32.7194,38.2521,454,48180,0.0616607,0,1,195401,194947,454
6883821,8.14388,32.4504,425,48180,0.0523321,0.09,1,195403,194978,425
6886741,34.4288,37.6901,427,48180,0.0184664,0.09,1,195444,195017,427
6889661,42.0858,44.338,425,49640,0.0596933,0.11,1,195488,195063,425
6892581,36.4172,34.4676,428,49640,0.115939,0.23,1,195523,195095,428
6895501,27.2834,25.2935,430,49640,0.143188,0.17,1,195548,195118,430
6898421,12.6567,13.0587,429,49640,0.148638,0.05,1,195557,195128,429
6901341,18.5313,23.4117,423,49640,0.0697275,0.03,1,195577,195154,423
6904261,36.5063,33.4823,428,51100,0.0219455,0.19,1,195618,195190,428
6907181,27.3013,24.2965,431,51100,0.0443891,0.19,1,195643,195212,431
6910101,19.0603,4.85929,448,51100,0.0328778,0.17,1,195660,195212,448
6913021,28.6121,16.9719,459,51100,0.00657556,0.07,1,195691,195232,459
6915941,25.7224,27.3944,454,51100,0.00131511,0.15,1,195716,195262,454
6918861,26.7445,25.4789,456,51100,0.024263,0.15,1,195743,195287,456
6921781,21.3489,25.8958,450,52560,0.0048526,0.19,1,195763,195313,450
6924701,29.0698,21.9792,460,52560,0.0409705,0.09,1,195794,195334,460
6927621,29.014,31.5958,455,52560,0.136194,0.05,1,195823,195368,455
6930541,7.40279,32.7192,424,52560,0.155239,0.05,1,195825,195401,424
6933461,35.0806,8.14383,464,52560,0.167048,0.01,1,195867,195403,464
6936381,8.61611,34.4288,425,54020,0.16941,0.07,1,195869,195444,425
6939301,34.5232,42.0858,422,54020,0.217882,0.13,1,195910,195488,422
6942221,38.1046,36.4172,426,54020,0.195576,0.15,1,195949,195523,426
6945141,29.2209,27.2834,428,54020,0.191115,0.15,1,195976,195548,428
6948061,13.0442,12.6567,428,54020,0.206223,0.05,1,195985,195557,428
6950981,13.8088,18.5313,422,54020,0.209245,0.05,1,195999,195577,422
6953901,35.5618,3.70627,463,54020,0.0418489,0.01,1,196040,195577,463
6956821,27.9124,33.5413,448,54020,0.0803698,0.05,1,196066,195618,448
6959741,18.3825,26.7083,439,54020,0.088074,0.03,1,196082,195643,439
6962661,27.6765,18.9417,452,55480,0.0176148,0,1,196112,195660,452
6965581,27.1353,28.5883,448,55480,0.011523,0,1,196139,195691,448
6968501,26.2271,25.7177,449,55480,0.0583046,0.03,1,196165,195716,449
6971421,6.84541,26.7435,424,55480,0.0836609,0,1,196167,195743,424
6974341,18.1691,21.3487,425,55480,0.104732,0.05,1,196188,195763,425
6977261,28.4338,29.0697,425,55480,0.0449464,0.16,1,196219,195794,425
6980181,32.0868,29.0139,429,55480,0.0649893,0.16,1,196252,195823,429
6983101,8.01735,7.40279,429,56940,0.0689979,0.17,1,196254,195825,429
6986021,39.2035,35.0806,434,56940,0.1178,0.17,1,196301,195867,434
6988941,9.44069,7.01611,436,56940,0.12756,0.17,1,196303,195867,436
6991861,33.0881,3.00322,473,56940,0.129512,0.23,1,196342,195869,473
6994781,36.2176,33.4006,469,56940,0.161902,0.19,1,196379,195910,469
6997701,28.8435,37.8801,457,56940,0.21638,0.19,1,196406,195949,457
7000621,12.1687,29.176,438,56940,0.259276,0.21,1,196414,195976,438
7003541,11.2337,13.0352,440,58400,0.315855,0.21,1,196425,195985,440
7006461,33.4467,13.807,465,58400,0.167171,0,1,196464,195999,465
7009381,28.2893,35.5614,451,58400,0.169434,0.09,1,196491,196040,451
7012301,16.8579,27.9123,439,58400,0.185887,0.09,1,196505,196066,439
7015221,4.97157,18.3825,425,58400,0.205177,0,1,196507,196082,425
7018141,23.3943,27.6765,423,58400,0.0810355,0.01,1,196535,196112,423
7021061,28.6789,27.1353,426,59860,0.0242071,0.07,1,196565,196139,426
7023981,27.3358,26.2271,427,59860,0.0288414,0.09,1,196592,196165,427
7026901,7.06715,6.84541,427,59860,0.0457683,0.11,1,196594,196167,427
7029821,17.4134,18.1691,426,59860,0.0171537,0.03,1,196614,196188,426
7032741,25.0827,28.4338,422,61320,0.0434307,0.07,1,196641,196219,422
7035661,32.2165,32.0868,423,61320,0.0806862,0.07,1,196675,196252,423
7038581,8.04331,6.41735,425,61320,0.0561372,0.07,1,196677,196252,425
7041501,40.8087,2.88347,472,61320,0.0672274,0.13,1,196726,196254,472
7044421,9.76173,38.1767,427,61320,0.0694455,0.13,1,196728,196301,427
7047341,34.7523,9.23534,466,62780,0.133889,0.13,1,196769,196303,466
7050261,38.1505,33.0471,466,62780,0.130778,0.17,1,196808,196342,466
7053181,33.2301,36.2094,461,62780,0.162156,0.23,1,196840,196379,461
7056101,13.846,28.8419,443,62780,0.184431,0.27,1,196849,196406,443
7059021,4.3692,12.1684,437,64240,0.220886,0.33,1,196851,196414,437
7061941,11.2738,11.2337,439,64240,0.228177,0.13,1,196864,196425,439
7064861,26.2548,33.4467,430,64240,0.293635,0.17,1,196894,196464,430
7067781,27.651,28.2893,431,64240,0.306727,0.19,1,196922,196491,431
7070701,17.5302,16.8579,432,65700,0.309345,0.21,1,196937,196505,432
7073621,5.10604,4.97157,432,65700,0.325869,0.05,1,196939,196507,432
7076541,17.8212,23.3943,425,65700,0.329174,0.05,1,196960,196535,425
7079461,24.3642,4.67886,451,65700,0.297835,0.01,1,196986,196535,451
7082381,26.4728,24.9358,448,67160,0.323567,0.03,1,197013,196565,448
7085301,6.89457,26.5872,423,67160,0.344713,0.05,1,197015,196592,423
7088221,17.3789,6.91743,441,67160,0.348943,0.01,1,197035,196594,441
7091141,5.07578,17.3835,423,67160,0.317789,0.05,1,197037,196614,423
7094061,21.8152,25.0767,422,67160,0.327558,0.09,1,197063,196641,422
7096981,33.163,32.2153,424,68620,0.345512,0.05,1,197099,196675,424
7099901,8.23261,8.04307,424,68620,0.317102,0.07,1,197101,196677,424
7102821,41.6465,40.8086,425,68620,0.40742,0.07,1,197151,196726,425
7105741,9.9293,9.76172,425,70080,0.393484,0.07,1,197153,196728,425
7108661,37.1859,1.95234,469,70080,0.438697,0.15,1,197197,196728,469
7111581,37.8372,33.1905,466,70080,0.447739,0.13,1,197235,196769,466
7114501,36.3674,37.8381,463,71540,0.561548,0.17,1,197271,196808,463
7117421,13.6735,33.1676,439,71540,0.61631,0.19,1,197279,196840,439
7120341,4.3347,13.8335,432,71540,0.627262,0.23,1,197281,196849,432
7123261,2.46694,4.3667,432,73000,0.629452,0.23,1,197283,196851,432
7126181,12.4934,11.2733,434,73000,0.67789,0.31,1,197298,196864,434
7129101,27.2987,26.2547,435,73000,0.735578,0.31,1,197329,196894,435
7132021,27.8597,27.6509,435,74460,0.779116,0.31,2,197357,196922,435
7134941,17.5719,5.53019,450,74460,0.739823,0.31,1,197372,196922,450
7137861,5.11439,13.106,437,74460,0.731965,0.33,1,197374,196937,437
7140781,19.4229,4.22121,458,74460,0.762393,0.33,2,197397,196939,458
7143701,21.4846,17.6442,459,75920,0.800479,0.29,2,197419,196960,459
7146621,5.89691,24.3288,435,75920,0.824096,0.33,2,197421,196986,435
7149541,25.9794,26.4658,439,75920,0.828819,0.35,2,197452,197013,439
7152461,6.79588,6.89315,439,77380,0.845764,0.35,2,197454,197015,439
7155381,16.5592,17.3786,438,77380,0.881153,0.31,2,197473,197035,438
7158301,4.91183,5.07573,438,77380,0.888231,0.33,2,197475,197037,438
7161221,21.7824,21.8151,438,77380,0.905646,0.33,2,197501,197063,438
7164141,32.3565,4.36303,473,78840,0.925129,0.35,2,197536,197063,473
7167061,8.07129,29.6726,439,78840,0.897026,0.31,2,197538,197099,439
7477421,2,0,439,8760,0.65,0.69,1,202162,201723,439
7556261,36,43,447,32120,0.07,0.19,1,204296,203849,447
7586921,150.4,166.2,429,32120,0.182,0.13,1,204475,204046,429
7589841,62.08,54.84,442,33580,0.3324,0.17,1,204515,204073,442
7592761,33.216,30.968,443,35040,0.37848,0.23,1,204541,204098,443
7595681,21.0432,24.5936,438,36500,0.467696,0.17,1,204559,204121,438
7598601,20.2086,21.7187,437,37960,0.533539,0.21,1,204579,204142,437
7601521,12.0417,12.3437,437,37960,0.578708,0.17,1,204589,204152,437
7604441,23.2083,10.4687,453,37960,0.619742,0.07,1,204615,204162,453
7607361,33.4417,34.8937,448,37960,0.627948,0.07,1,204651,204203,448
7610281,32.2883,34.1788,446,39420,0.58159,0.05,1,204683,204237,446
7613201,35.2577,34.8357,447,39420,0.500318,0.03,1,204719,204272,447
7616121,40.6515,32.5671,457,39420,0.476064,0.21,1,204761,204304,457
7619041,129.73,134.513,449,39420,0.567213,0.21,1,204913,204464,449
7621961,61.1461,35.7027,482,39420,0.601443,0.37,1,204957,204475,482
7624881,13.8292,39.1405,444,39420,0.608289,0.39,1,204959,204515,444
7627801,24.3658,28.6281,445,40880,0.769658,0.39,2,204986,204541,445
7630721,21.6732,5.72562,466,40880,0.801932,0.49,2,205007,204541,466
7633641,5.93463,15.5451,450,40880,0.808386,0.55,2,205009,204559,450
7636561,17.9869,19.109,451,40880,0.825677,0.59,2,205030,204579,451
7639481,9.99739,11.8218,449,40880,0.829135,0.63,2,205038,204589,449
7642401,25.9995,23.1644,453,40880,0.925827,0.63,2,205068,204615,453
7645321,29.9999,33.4329,448,40880,0.945165,0.63,2,205099,204651,448
7759201,27,14,537,46720,0.79,1,2,206467,205930,537
7760661,24.6,15.6,545,46720,0.678,1,1,206491,205946,545
7773801,383.32,459.92,447,32120,0.6716,0.25,1,206964,206517,447
7781101,163.064,191.984,430,32120,0.81432,0.25,2,207072,206642,430
7905201,190,205,461,29200,0.03,0.17,1,208690,208229,461
7934401,189.2,218.6,428,29200,0.014,0.09,1,208879,208451,428
7937321,61.04,55.72,442,30660,0.0908,0.03,1,208908,208466,442
7940241,25.808,38.344,425,32120,0.09016,0.13,1,208925,208500,425
7943161,37.9616,21.2688,449,32120,0.186032,0.03,1,208966,208517,449
7946081,134.792,142.654,435,32120,0.477206,0.07,1,209125,208690,435
7949001,60.5585,62.1308,435,32120,0.567441,0.09,1,209167,208732,435
7951921,32.1117,29.2262,439,32120,0.681488,0.09,1,209192,208753,439
7954841,24.0223,25.0452,437,32120,0.672298,0.13,1,209214,208777,437
7957761,31.2045,25.809,444,33580,0.750459,0.09,2,209247,208803,444
7960681,28.6409,29.1618,442,33580,0.782092,0.01,2,209275,208833,442
7963601,27.3282,30.6324,438,33580,0.692418,0.01,1,209302,208864,438
7966521,29.4656,18.1265,453,33580,0.706484,0.11,1,209332,208879,453
7969441,7.49313,26.8253,426,33580,0.709297,0.09,1,209334,208908,426
7972361,17.4986,18.9651,429,33580,0.677859,0.21,1,209354,208925,429
7975281,37.8997,36.593,431,33580,0.767572,0.55,2,209397,208966,431
8086241,34,29,502,35040,0.41,1,1,211109,210607,502
8089161,30,25.8,506,35040,0.41,1,1,211138,210632,506
8092081,30,29.96,505,35040,0.394,1,1,211168,210663,505
8095001,32.4,33.992,503,35040,0.3748,1,1,211201,210698,503
8097921,28.08,28.3984,503,35040,0.35496,1,1,211228,210725,503
8100841,20.816,24.8797,498,35040,0.414992,1,1,211247,210749,498
8103761,28.9632,31.3759,496,35040,0.474998,1,1,211278,210782,496
8106681,24.9926,30.2752,490,35040,0.439,1,1,211302,210812,490
8109601,16.9985,24.455,482,35040,0.4478,1,1,211317,210835,482
8112521,12.1997,18.491,476,35040,0.44956,0.47,1,211328,210852,476
8115441,92.8399,118.098,446,35040,0.529912,0.43,1,211441,210995,446
8118361,80.968,87.6196,444,35040,0.545982,0.41,1,211519,211075,444
8121281,42.5936,44.7239,443,35040,0.581196,0.41,1,211552,211109,443
8124201,29.3187,32.1448,440,35040,0.540239,0.39,1,211578,211138,440
8127121,29.8637,30.429,440,35040,0.596048,0.37,1,211608,211168,440
8130041,32.3727,32.4858,440,35040,0.63121,0.35,1,211641,211201,440
8132961,31.2746,28.0972,444,35040,0.646242,0.43,1,211672,211228,444
8135881,21.4549,20.8194,444,35040,0.617248,0.49,1,211691,211247,444
8138801,27.491,28.9639,442,35040,0.65945,0.43,1,211720,211278,442
8141721,27.8982,24.9928,446,35040,0.61989,0.45,1,211748,211302,446
8144641,15.1796,16.9986,443,35040,0.627978,0.45,1,211760,211317,443
8147561,15.0359,12.1997,447,35040,0.597596,0.55,1,211775,211328,447
8150481,93.4072,92.8399,447,35040,0.511519,0.55,1,211888,211441,447
8153401,83.4814,80.968,450,35040,0.526304,0.59,1,211969,211519,450
8156321,40.6963,42.5936,447,36500,0.577261,0.53,1,211999,211552,447
8159241,30.5393,29.3187,449,36500,0.587452,0.61,1,212027,211578,449
8162161,30.9079,29.8637,450,36500,0.60549,0.64,1,212058,211608,450
8165081,33.3816,32.3727,451,36500,0.625098,0.65,1,212092,211641,451
8168001,33.8763,31.2746,454,36500,0.66102,0.61,1,212126,211672,454
8170921,21.1753,21.4549,453,36500,0.668204,0.67,1,212144,211691,453
8173841,28.2351,27.491,454,36500,0.717641,0.61,1,212174,211720,454
8176761,26.447,27.8982,452,36500,0.775528,0.63,2,212200,211748,452
8179681,11.6894,15.1796,448,36500,0.723106,0.59,1,212208,211760,448
8182601,15.9379,15.0359,450,36500,0.776621,0.49,2,212225,211775,450
8185521,89.5876,93.4072,445,36500,0.867324,0.53,2,212333,211888,445
8346121,35,99,472,36500,0.93,0.65,2,214245,213773,472
8474601,48,33,465,32120,0.07,0.31,1,215860,215395,465
8477521,54.4,62.6,451,33580,0.086,0.19,1,215916,215465,451
8480441,38.88,40.52,451,33580,0.1212,0.19,1,215951,215500,451
8483361,27.776,35.304,442,33580,0.16024,0.19,1,215976,215534,442
8486281,31.9552,31.8608,444,33580,0.248048,0.21,1,216009,215565,444
8489201,27.991,31.9722,439,35040,0.28161,0.15,1,216036,215597,439
8492121,45.5982,45.5944,440,35040,0.480322,0.07,1,216086,215646,440
8495041,45.9196,41.9189,445,35040,0.552064,0.13,1,216132,215687,445
8497961,40.3839,44.3838,439,35040,0.614413,0.07,1,216171,215732,439
8500881,41.6768,46.4768,434,35040,0.658883,0.03,1,216213,215779,434
8503801,25.1354,35.6954,422,35040,0.779777,0.07,2,216234,215812,422
8506721,45.0271,45.5391,424,35040,0.739955,0.07,1,216284,215860,424
8509641,57.0054,9.10781,484,36500,0.859991,0.09,2,216344,215860,484
8512561,41.0011,46.6216,465,36500,0.851998,0.13,2,216381,215916,465
8515481,29.0002,37.3243,456,36500,0.8504,0.17,2,216407,215951,456
8518401,38.6,27.4649,472,36500,0.92208,0.27,2,216448,215976,472
8521321,9.32001,31.893,441,36500,0.936416,0.29,2,216450,216009,441
8524241,25.864,27.9786,444,36500,0.931283,0.53,2,216480,216036,444
8527161,49.1728,45.5957,449,36500,0.930257,0.57,2,216535,216086,449
8550521,27,37,491,37960,0.83,0.85,2,216872,216381,491
8553441,39,28.2,507,37960,0.862,0.94,2,216914,216407,507
8556361,9.4,38.44,468,37960,0.8684,0.94,2,216916,216448,468
8559281,25.88,9.288,496,37960,0.90168,0.93,2,216946,216450,496
8562201,50.776,25.8576,523,37960,0.876336,0.93,2,217003,216480,523
8565121,50.1552,49.1715,518,37960,0.935267,1,2,217053,216535,518
8568041,42.831,49.8343,509,37960,0.931053,1,2,217094,216585,509
8570961,50.1662,42.7669,520,37960,0.946211,1,2,217146,216626,520
8832301,485,586,449,32120,0.41,0.37,1,220774,220325,449
8838141,176.2,206.8,436,32120,0.554,0.4,1,220873,220437,436
9007501,99,130,434,29200,0.35,0.19,1,222734,222300,434
9010421,99.8,64.4,486,30660,0.334,0.05,1,222834,222348,486
9013341,46.36,74.48,442,32120,0.3468,0.07,1,222867,222425,442
9016261,62.072,46.096,469,33580,0.42936,0.01,1,222933,222464,469
9019181,39.6144,60.4192,439,33580,0.397872,0.11,1,222967,222528,439
9022101,63.9229,67.2838,440,33580,0.439574,0.13,1,223037,222597,440
9025021,35.9846,31.0568,447,33580,0.447915,0.15,1,223066,222619,447
9027941,13.5969,19.0114,439,33580,0.465583,0.23,1,223074,222635,439
9030861,36.3194,27.0023,452,33580,0.485117,0.25,1,223116,222664,452
9033781,30.4639,31.8005,448,33580,0.489023,0.35,1,223145,222697,448
9036701,26.0928,15.9601,461,33580,0.601805,0.35,1,223170,222709,461
9039621,86.0186,23.192,537,33580,0.672361,0.33,1,223271,222734,537
9042541,18.8037,84.6384,439,33580,0.686472,0.35,1,223273,222834,439
9045461,27.7607,43.3277,436,33580,0.689294,0.35,1,223303,222867,436
9048381,59.1522,8.66554,503,35040,0.785859,0.45,2,223370,222867,503
9051301,42.2304,54.5331,475,35040,0.821172,0.39,2,223408,222933,475
9054221,68.4461,38.1066,516,35040,0.844234,0.45,2,223483,222967,516
9057141,35.2892,63.6213,473,35040,0.864847,0.45,2,223510,223037,473
9060061,15.0578,35.9243,454,35040,0.868969,0.47,2,223520,223066,454
9062981,35.8116,13.5849,487,35040,0.837794,0.49,2,223561,223074,487
9065901,34.3623,36.317,479,35040,0.895559,0.49,2,223595,223116,479
9068821,29.2725,30.4634,478,35040,0.939112,0.63,2,223623,223145,478
9290741,35,36,516,40880,0.75,1,2,226733,226217,516
9293661,32.6,31.2,518,40880,0.718,1,1,226765,226247,518
9296581,33.72,35.04,516,42340,0.6476,1,1,226799,226283,516
9299501,34.744,38.208,512,42340,0.55352,1,1,226834,226322,512
9302421,32.5488,36.4416,508,42340,0.470704,1,1,226866,226358,508
9305341,30.5098,36.0883,502,42340,0.454141,1,1,226896,226394,502
9308261,29.302,38.4177,492,42340,0.450828,1,1,226925,226433,492
9311181,33.0604,7.68353,526,43800,0.498166,1,1,226959,226433,526
9314101,26.6121,31.1367,514,43800,0.427633,1,1,226984,226470,514
9317021,24.5224,24.6273,515,43800,0.541527,1,1,227008,226493,515
9319941,59.3045,35.3255,545,43800,0.580305,0.97,1,227076,226531,545
9322861,13.4609,70.2651,468,45260,0.572061,0.81,1,227078,226610,468
9325781,37.0922,56.453,458,45260,0.746412,0.77,1,227121,226663,458
9328701,33.0184,39.2906,455,45260,0.829282,0.75,2,227153,226698,455
9331621,36.2037,35.8581,457,45260,0.925856,0.71,2,227190,226733,457
9427981,165,167,472,35040,0.01,0.69,1,228669,228197,472
9432361,91.4,107.8,452,35040,0.042,0.55,1,228742,228290,452
9439661,38.28,46.36,446,35040,0.1124,0.35,1,228767,228321,446
9444041,58.056,68.472,435,35040,0.22248,0.27,1,228830,228395,435
9474701,69.2112,72.0944,434,35040,0.324496,0.23,1,228902,228468,434
9477621,37.8422,28.0189,447,36500,0.408899,0.17,1,228932,228485,447
9480541,21.9684,20.8038,446,37960,0.61778,0.01,1,228950,228504,446
9483461,53.1937,62.5608,434,39420,0.723556,0.03,1,229011,228577,434
9486381,41.8387,38.1122,441,40880,0.808711,0.01,2,229050,228609,441
9489301,53.1677,55.6224,437,40880,0.793742,0.01,2,229106,228669,437
9492221,59.4335,55.9245,442,40880,0.806749,0.07,2,229167,228725,442
9495141,33.4867,35.9849,438,42340,0.82535,0.13,2,229194,228756,438
9498061,28.2973,24.797,443,42340,0.82907,0.07,2,229221,228778,443
9500981,37.6595,33.7594,447,42340,0.813814,0.11,2,229261,228814,447
9503901,34.7319,35.5519,445,42340,0.826763,0.23,2,229295,228850,445
9506821,8.54638,17.5104,434,42340,0.829353,0.25,2,229297,228863,434
9509741,38.5093,5.10208,478,42340,0.813871,0.35,2,229343,228865,478
9512661,37.3019,30.6204,478,43800,0.858774,0.43,2,229380,228902,478
9515581,9.06037,30.1241,450,43800,0.867755,0.67,2,229382,228932,450
9518501,17.8121,20.4248,452,43800,0.853551,0.67,2,229402,228950,452
9521421,57.9624,4.08496,520,43800,0.91471,0.75,2,229470,228950,520
9524341,13.1925,49.617,461,43800,0.926942,0.83,2,229472,229011,461
9817801,315,352,444,29200,0.35,0.19,1,233258,232814,444
9849921,171.8,190.4,430,30660,0.622,0.15,1,233394,232964,430
9852841,109.56,92.48,456,32120,0.7884,0.07,2,233488,233032,456
9940441,36,32,524,37960,0.87,1,2,234727,234203,524
9943361,28.8,32,519,37960,0.814,1,2,234754,234235,519
9946281,29.76,27.2,523,37960,0.7468,1,1,234784,234261,523
9987161,414.752,470.24,453,26280,0.44536,0.51,1,235295,234842,453
9990081,138.15,142.048,462,27740,0.497072,0.39,1,235364,234902,462
9993001,98.0301,84.4096,480,29200,0.747414,0.33,1,235452,234972,480
10083521,30,0,544,37960,0.63,1,1,236763,236219,544
10086441,34,38.4,531,37960,0.502,1,1,236798,236267,531
10089361,37.2,33.28,537,37960,0.3964,1,1,236836,236299,537
10092281,39.44,29.056,549,37960,0.26328,1,1,236876,236327,549
10095201,53.488,65.8112,531,37960,0.108656,1,1,236933,236402,531
10098121,39.4976,57.1622,512,37960,0.109731,1,1,236969,236457,512
10101041,37.4995,41.0324,512,37960,0.141946,1,1,237006,236494,512
10103961,51.4999,43.4065,523,37960,0.100389,1,1,237061,236538,523
10106881,35.1,46.2813,507,37960,0.0760778,1,1,237092,236585,507
10109801,23.02,35.6563,494,37960,0.0872156,1,1,237112,236618,494
10112721,23.004,42.3313,473,37960,0.169443,0.92,1,237135,236662,473
10115641,31.0008,38.8662,468,37960,0.153889,0.84,1,237168,236700,468
10118561,25.4002,34.1732,459,37960,0.262778,0.63,1,237192,236733,459
10121481,21.08,30.8346,449,37960,0.332556,0.47,1,237212,236763,449
10124401,28.216,34.1669,444,37960,0.410511,0.37,1,237242,236798,444
10127321,31.2432,37.2334,438,37960,0.410102,0.23,1,237274,236836,438
10130241,33.4486,39.4467,432,37960,0.44202,0.07,1,237308,236876,432
10133161,48.2897,53.4893,427,37960,0.528404,0.11,1,237360,236933,427
10136081,40.8579,39.4979,430,37960,0.673681,0.15,1,237399,236969,430
10139001,40.1716,37.4996,433,37960,0.846736,0.09,2,237439,237006,433
10141921,44.8343,51.4999,424,37960,0.833347,0.07,2,237485,237061,424
10144841,35.3669,35.1,426,37960,0.87867,0.09,2,237518,237092,426
10147761,23.8734,23.02,427,37960,0.919734,0.19,2,237539,237112,427
10249961,59,38,496,37960,0.69,1,1,238835,238339,496
10252881,43.8,49.2,484,37960,0.658,1,1,238875,238391,484
10255801,51.16,46.64,491,37960,0.4596,1,1,238928,238437,491
10258721,38.232,35.728,493,39420,0.35592,1,1,238963,238470,493
10261641,33.2464,29.5456,497,39420,0.255184,1,1,238995,238498,497
10264561,33.0493,33.1091,496,39420,0.155037,1,1,239028,238532,496
10267481,31.4099,33.0218,494,39420,0.119007,1,1,239059,238565,494
10270401,25.482,33.0044,485,39420,0.0958015,1,1,239083,238598,485
10273321,36.2964,27.4009,498,39420,0.0911603,1,1,239122,238624,498
10276241,36.0593,35.8802,496,39420,0.0422321,1,1,239158,238662,496
10279161,24.0119,33.576,484,39420,0.0804464,0.92,1,239179,238695,484
10282081,25.6024,37.9152,471,39420,0.104089,0.89,1,239205,238734,471
10285001,34.7205,41.183,466,39420,0.124818,0.69,1,239242,238776,466
10287921,46.9441,55.4366,457,39420,0.144964,0.65,1,239292,238835,457
10290841,34.1888,43.0873,448,40880,0.212993,0.41,1,239323,238875,448
10293761,42.8378,51.0175,440,40880,0.338599,0.41,1,239368,238928,440
10296681,31.7676,10.2035,469,40880,0.34772,0.33,1,239397,238928,469
10299601,27.9535,30.0407,461,40880,0.349544,0.23,1,239424,238963,461
10302521,30.3907,31.6081,460,40880,0.429909,0.13,1,239455,238995,460
10305441,30.0781,32.7216,457,40880,0.557982,0.11,1,239485,239028,457
10308361,24.4156,31.3443,449,40880,0.647596,0.09,1,239508,239059,449
10311281,35.2831,25.4689,463,40880,0.745519,0.09,1,239546,239083,463
10314201,35.0566,36.2938,459,42340,0.893104,0.03,2,239581,239122,459
10457281,26,16,455,35040,0.31,0.33,1,241290,240835,455
10460201,14.8,28,436,36500,0.422,0.35,1,241302,240866,436
10463121,28.56,24,445,37960,0.5404,0.25,1,241334,240889,445
10466041,27.312,27.2,444,39420,0.59608,0.19,1,241361,240917,444
10468961,27.8624,28.64,443,39420,0.703216,0.19,1,241389,240946,443
10471881,62.3725,60.128,446,39420,0.676643,0.17,1,241460,241014,446
10474801,40.4745,41.6256,444,39420,0.703329,0.09,1,241495,241051,444
10595981,113,148,435,32120,0.51,0.35,1,243391,242956,435
10633941,38.6,44.8,436,32120,0.574,0.27,1,243411,242975,436
10636861,48.52,39.36,449,33580,0.6828,0.19,1,243462,243013,449
10639781,65.704,67.872,444,35040,0.78456,0.19,2,243532,243088,444
10642701,37.9408,46.3744,434,36500,0.868912,0.11,2,243563,243129,434
10803301,54,51,491,29200,0.43,0.69,1,245680,245189,491
10806221,63.6,51.8,505,30660,0.574,0.49,1,245746,245241,505
10809141,52.72,71.96,478,32120,0.7148,0.25,1,245796,245318,478
10812061,58.544,86.392,448,33580,0.69496,0.25,1,245856,245408,448
10902581,39,39,525,39420,0.75,1,2,247125,246600,525
10904041,37.4,30.2,534,39420,0.654,1,1,247162,246628,534
10946381,405.88,466.84,456,26280,0.5068,0.61,1,247660,247204,456
10949301,127.576,130.968,467,27740,0.66936,0.57,1,247718,247251,467
10952221,77.5152,70.9936,476,29200,0.845872,0.47,2,247783,247307,476
11031061,64,92,527,37960,0.71,1,1,248963,248436,527
11033981,44.8,50.4,527,37960,0.55,1,1,249003,248476,527
11036901,40.96,38.88,531,39420,0.422,1,1,249043,248512,531
11039821,44.192,40.576,535,39420,0.3324,1,1,249088,248553,535
11042741,42.4384,38.5152,539,39420,0.25048,1,1,249130,248591,539
11045661,36.4877,30.103,546,39420,0.154096,1,1,249165,248619,546
11048581,31.2975,37.2206,537,39420,0.150819,1,1,249195,248658,537
11090921,385.46,475.444,426,26280,0.118164,0.07,1,249669,249243,426
11093841,114.692,131.889,427,27740,0.239633,0.05,1,249716,249289,427
11096761,78.9384,55.9778,460,29200,0.263927,0.15,1,249786,249326,460
11099681,88.5877,83.9956,460,30660,0.236785,0.07,1,249877,249417,460
11102601,40.9175,43.9991,455,32120,0.247357,0.11,1,249906,249451,455
11105521,69.7835,67.1998,459,33580,0.185471,0.11,1,249983,249524,459
11108441,47.5567,43.84,463,33580,0.237094,0.21,1,250025,249562,463
11111361,35.9113,35.168,463,33580,0.215419,0.25,1,250058,249595,463
11114281,15.9823,29.4336,446,33580,0.195084,0.21,1,250069,249623,446
11117201,27.1965,31.4867,444,33580,0.175017,0.11,1,250099,249655,444
11120121,46.2393,17.4973,481,35040,0.219003,0.27,1,250150,249669,481
11123041,10.8479,41.0995,436,35040,0.227801,0.27,1,250152,249716,436
11125961,55.7696,64.2199,433,35040,0.35756,0.27,1,250219,249786,433
11128881,83.9539,12.844,524,35040,0.335512,0.23,1,250310,249786,524
11131801,18.3908,75.3688,435,35040,0.363102,0.25,1,250312,249877,435
11134721,24.4782,38.2738,432,35040,0.41662,0.25,1,250338,249906,432
11137641,66.4956,7.65475,509,35040,0.411324,0.17,1,250415,249906,509
11140561,46.0991,63.131,473,36500,0.594265,0.25,1,250456,249983,473
11143481,34.0198,46.2262,462,36500,0.638853,0.21,1,250487,250025,462
11146401,15.604,35.6452,440,36500,0.663771,0.19,1,250498,250058,440
11149321,28.7208,15.929,461,36500,0.636754,0.17,1,250530,250069,461
11152241,7.34416,27.1858,433,36500,0.631351,0.23,1,250532,250099,433
11155161,42.2688,46.2372,433,36500,0.69427,0.23,1,250583,250150,433
11158081,10.0538,10.8474,433,36500,0.674854,0.39,1,250585,250152,433
11161001,64.4108,55.7695,444,37960,0.814971,0.33,2,250663,250219,444
11163921,83.2822,83.9539,441,37960,0.906994,0.37,2,250751,250310,441
11166841,18.2564,18.3908,441,37960,0.925399,0.43,2,250753,250312,441
11307001,27,28,506,39420,0.93,1,2,252518,252012,506
11309921,35,25.6,518,39420,0.786,1,2,252555,252037,518
11312841,37.4,32.32,522,39420,0.7572,1,2,252593,252071,522
11315761,52.28,37.664,539,39420,0.63944,1,1,252649,252110,539
11318681,43.256,52.3328,524,39420,0.535888,1,1,252690,252166,524
11321601,39.0512,42.4666,522,39420,0.435178,1,1,252728,252206,522
11324521,38.2102,38.8933,522,39420,0.463036,1,1,252766,252244,522
11327441,34.042,41.3787,513,39420,0.404607,1,1,252799,252286,513
11330361,34.0084,37.0757,511,39420,0.456921,1,1,252833,252322,511
11333281,37.2017,37.0151,512,39420,0.435384,1,1,252871,252359,512
11336201,29.0403,37.803,501,39420,0.543077,1,1,252898,252397,501
11339121,29.8081,29.9606,503,39420,0.612615,0.95,1,252928,252425,503
11342041,32.3616,34.7921,500,39420,0.674523,0.95,1,252961,252461,500
11344961,25.6723,30.9584,494,39420,0.718905,0.93,1,252985,252491,494
11347881,28.3345,27.7917,496,39420,0.855781,0.75,2,253014,252518,496
11489501,83,80,425,29200,0.47,0.09,1,254898,254473,425
11492421,31,24.8,432,30660,0.55,0.07,1,254916,254484,432
11495341,30.2,20.96,442,32120,0.662,0.03,1,254946,254504,442
11498261,19.64,32.192,424,33580,0.7804,0.07,2,254963,254539,424
11501181,59.928,44.8384,446,35040,0.90008,0.09,2,255033,254587,446
11620901,50,54,488,30660,0.07,0.67,1,256634,256146,488
11623821,81.2,85.2,484,32120,0.102,0.45,1,256723,256239,484
11626741,49.84,62.64,469,32120,0.1564,0.39,1,256765,256296,469
11629661,55.568,53.328,475,32120,0.29528,0.19,1,256822,256347,475
11632581,28.7136,54.6656,442,32120,0.419056,0.13,1,256844,256402,442
11635501,16.1427,30.9331,430,32120,0.507811,0.01,1,256857,256427,430
11638421,15.2285,21.3866,426,33580,0.493562,0.03,1,256872,256446,426
11641341,7.84571,9.07732,426,33580,0.554712,0.01,1,256878,256452,426
11644261,27.1691,29.8155,423,33580,0.598943,0.11,1,256910,256487,423
11647181,86.2338,83.5631,427,33580,0.735789,0.11,1,257011,256584,427
11650101,57.2468,16.7126,477,33580,0.699158,0.07,1,257061,256584,477
11653021,13.0494,43.3425,429,33580,0.739832,0.11,1,257063,256634,429
11655941,75.4099,79.8685,431,33580,0.827966,0.17,2,257154,256723,431
11778581,75,56,501,26280,0.33,1,1,259046,258545,501
11781501,53.4,60.8,487,27740,0.33,0.73,1,259094,258607,487
11784421,96.28,108.96,473,29200,0.57,0.75,1,259201,258728,473
11787341,42.456,50.592,466,30660,0.746,0.61,1,259230,258764,466
11790261,17.2912,30.1184,452,30660,0.7972,0.55,2,259241,258789,452
11883701,33,35,509,33580,0.57,1,1,260696,260187,509
11886621,33.8,27,518,33580,0.57,1,1,260730,260212,518
11889541,33.16,30.2,520,33580,0.586,1,1,260763,260243,520
11892461,61.832,33.24,555,33580,0.5412,1,1,260832,260277,555
11895381,38.7664,64.248,516,33580,0.46824,1,1,260865,260349,516
11898301,34.1533,43.2496,511,33580,0.501648,1,1,260898,260387,511
11901221,32.4307,39.0499,505,33580,0.55633,0.91,1,260930,260425,505
11904141,42.4861,39.01,511,33580,0.695266,1,1,260975,260464,511
11907061,47.6972,44.602,514,33580,0.771053,0.99,2,261024,260510,514
12025321,48,59,471,26280,0.15,0.51,1,262817,262346,471
12028241,54.4,61.4,465,27740,0.246,0.19,1,262873,262408,465
12031161,88.48,109.08,441,29200,0.5852,0.07,1,262970,262529,441
12034081,45.696,49.816,441,30660,0.76504,0.05,2,263005,262564,441
12037001,39.5392,36.3632,446,30660,0.865008,0.03,2,263043,262597,446
12039921,37.5078,40.0726,442,30660,0.933002,0.11,2,263080,262638,442
12133361,51,50,512,33580,0.71,1,1,264511,263999,512
12136281,38.2,38,512,33580,0.598,1,1,264546,264034,512
12139201,38.84,30.8,522,33580,0.5436,1,1,264585,264063,522
12142121,42.968,48.56,513,33580,0.48472,1,1,264629,264116,513
12145041,35.7936,36.112,514,33580,0.440944,1,1,264663,264149,514
12147961,41.5587,35.2224,522,33580,0.272189,1,1,264706,264184,522
12150881,39.5117,40.6445,519,33580,0.174438,1,1,264745,264226,519
12153801,35.1023,40.1289,513,33580,0.122888,1,1,264779,264266,513
12156721,67.8205,37.6258,552,33580,0.160578,1,1,264855,264303,552
12159641,43.1641,73.9252,506,33580,0.232115,0.92,1,264892,264386,506
12162561,31.0328,45.185,496,33580,0.214423,0.86,1,264920,264424,496
12165481,41.4066,37.837,504,33580,0.306885,0.71,1,264964,264460,504
12168401,33.8813,48.3674,485,33580,0.341377,0.57,1,264996,264511,485
12171321,35.5763,37.6735,486,33580,0.412275,0.53,1,265032,264546,486
12174241,39.9153,38.7347,488,33580,0.506455,0.47,1,265073,264585,488
12177161,30.383,42.9469,472,33580,0.557291,0.43,1,265101,264629,472
12180081,32.4766,35.7894,471,33580,0.663458,0.23,1,265134,264663,471
12183001,37.6953,41.5579,467,33580,0.764692,0.15,2,265173,264706,467
12293961,39,34,503,36500,0.85,1,2,266817,266314,503
12296881,39,35.6,506,37960,0.866,1,2,266856,266350,506
12299801,28.6,37.52,494,37960,0.8532,1,2,266882,266388,494
12410761,87,96,469,33580,0.55,0.9,1,268699,268230,469
12413681,63.8,68.8,465,33580,0.47,0.89,1,268757,268292,465
12420981,27.16,27.36,466,33580,0.55,0.65,1,268775,268309,466
12423901,63.832,73.472,454,33580,0.582,0.57,1,268848,268394,454
12453101,45.5664,53.0944,447,33580,0.6844,0.51,1,268889,268442,447
12456021,39.5133,26.6189,465,35040,0.75288,0.51,2,268927,268462,465
12548001,14,19,466,30660,0.4,0.23,1,270489,270023,466
12553841,123.6,152.6,431,30660,0.536,0.19,1,270640,270209,431
12581581,36.72,44.12,429,30660,0.5792,0.15,1,270655,270226,429
12584501,36.944,24.824,446,32120,0.61984,0.05,1,270692,270246,446
12587421,33.7888,36.1648,440,33580,0.691968,0.05,1,270725,270285,440
12590341,33.9578,35.233,439,35040,0.706394,0.03,1,270759,270320,439
12593261,40.3916,35.8466,445,35040,0.837279,0.13,2,270801,270356,445
12707141,78,45,501,27740,0.55,0.73,1,272513,272012,501
12710061,74,61,509,29200,0.742,0.57,1,272586,272077,509
12826861,123,142,439,24820,0.61,0.25,1,274348,273909,439
12829781,64.6,46,467,26280,0.594,0.07,1,274398,273931,467
12943661,117,115,471,23360,0.81,0.17,2,276386,275915,471
13095501,48,61,502,29200,0.51,1,1,279429,278927,502
13098421,49.6,12.2,552,29200,0.334,1,1,279479,278927,552
13130541,429.92,521.64,428,20440,0.5868,0.09,1,280004,279576,428
13133461,149.184,152.328,447,21900,0.74136,0.13,1,280083,279636,447
13191861,43,46,523,24820,0.47,1,1,281326,280803,523
13194781,41.4,42,523,24820,0.358,1,1,281367,280844,523
13197701,51.48,31.6,548,24820,0.2556,1,1,281421,280873,548
13200621,68.696,47.92,569,24820,0.10712,1,1,281494,280925,569
13203541,49.7392,80.784,525,24820,0.141424,1,1,281539,281014,525
13206461,62.7478,52.9568,545,24820,0.0682848,0.99,1,281605,281060,545
13209381,81.3496,60.1914,569,24820,0.085657,0.72,1,281691,281122,569
13212301,51.4699,101.638,501,24820,0.0411314,0.65,1,281735,281234,501
13215221,38.294,59.5277,487,24820,0.128226,0.47,1,281770,281283,487
13218141,35.6588,46.3055,479,24820,0.193645,0.33,1,281805,281326,479
13221061,45.5318,42.0611,486,24820,0.350729,0.23,1,281853,281367,486
13223981,65.1064,51.6122,502,24820,0.686146,0.07,1,281923,281421,502
13226901,46.6213,68.7224,471,24820,0.817229,0.15,2,281965,281494,471
13291141,44,38,531,26280,0.71,1,1,283238,282707,531
13294061,57.6,48.4,541,27740,0.582,1,1,283299,282758,541
13296981,80.32,80.88,538,27740,0.3964,1,1,283385,282847,538
13299901,49.664,62.576,522,27740,0.26328,1,1,283427,282905,522
13302821,38.7328,58.1152,501,27740,0.172656,1,1,283463,282962,501
13305741,75.7466,90.023,488,27740,0.0905312,1,1,283548,283060,488
13308661,40.7493,53.2046,476,29200,0.138106,0.75,1,283580,283104,476
13311581,35.3499,47.4409,464,29200,0.259621,0.79,1,283614,283150,464
13314501,40.67,44.6882,462,29200,0.299924,0.71,1,283656,283194,462
13317421,36.934,44.1376,454,29200,0.403985,0.71,1,283692,283238,454
13320341,50.5868,8.82753,508,30660,0.488797,0.55,1,283746,283238,508
13323261,70.9174,50.5655,523,30660,0.713759,0.35,1,283822,283299,523
13326181,42.9835,78.9131,473,30660,0.822752,0.23,2,283858,283385,473
13441521,63,25,478,27740,0.53,0.07,1,285679,285201,478
13444441,60.6,83.4,440,29200,0.786,0.03,2,285739,285299,440
13447361,64.12,44.68,470,30660,0.9012,0.07,2,285804,285334,470
13526201,41,38,516,36500,0.71,1,1,287009,286493,516
13529121,47.4,42,522,36500,0.582,1,1,287058,286536,522
13532041,48.68,33.2,540,36500,0.4604,1,1,287107,286567,540
13533501,46.536,6.64,586,36500,0.32408,1,1,287153,286567,586
13543721,390.907,507.728,430,24820,0.472816,0.17,1,287630,287200,430
13650301,166,81,556,21900,0.29,1,1,289240,288684,556
13653221,86,125,486,23360,0.338,0.95,1,289306,288820,486
13656141,61.2,61.8,495,24820,0.4276,0.89,1,289361,288866,495
13659061,37.04,43.56,487,26280,0.44552,0.83,1,289392,288905,487
13661981,43.408,50.312,480,26280,0.449104,0.69,1,289437,288957,480
13664901,40.6816,48.4624,472,27740,0.449821,0.61,1,289477,289005,472
13667821,36.9363,48.8925,459,27740,0.513964,0.41,1,289513,289054,459
13768561,237,256,448,20440,0.59,0.67,1,291597,291149,448
13771481,93,69.6,482,21900,0.702,0.57,1,291654,291172,482
13774401,77.8,79.52,474,23360,0.8044,0.53,2,291728,291254,474
13870761,69,83,465,23360,0.49,0.19,1,293562,293097,465
13937921,53,108,529,24820,0.31,1,1,294941,294412,529
13940841,49,60,529,24820,0.246,1,1,294989,294460,529
13943761,61.8,44,554,24820,0.2172,1,1,295054,294500,554
13946681,54.76,74.4,525,24820,0.16344,1,1,295107,294582,525
13949601,65.352,53.28,545,24820,0.184688,1,1,295175,294630,545
13952521,45.0704,65.856,516,24820,0.204938,0.95,1,295215,294699,516
13955441,37.8141,52.3712,503,24820,0.192988,0.77,1,295251,294748,503
13958361,69.9628,46.4742,536,24820,0.334597,0.43,1,295329,294793,536
13961281,52.3926,85.2948,489,24820,0.45092,0.31,1,295377,294888,489
13964201,44.8785,59.459,479,24820,0.450184,0.23,1,295420,294941,479
13967121,60.9757,50.2918,496,24820,0.690037,0.21,1,295485,294989,496
13970041,52.9951,62.0584,482,24820,0.770007,0.15,2,295536,295054,482
13972961,64.999,54.8117,497,24820,0.882002,0.19,2,295604,295107,497
14060561,44,45,512,32120,0.79,1,2,297267,296755,512
14063481,40.8,36.2,518,32120,0.822,1,2,297307,296789,518
14066401,54.56,44.04,530,32120,0.8604,1,2,297365,296835,530
14069321,41.312,61.608,502,33580,0.88408,1,2,297403,296901,502
14072241,57.0624,65.1216,497,33580,0.792816,1,2,297464,296967,497
14075161,65.0125,73.8243,488,33580,0.902563,0.96,2,297531,297043,488
14171521,23,21,469,30660,0.61,0.83,1,299300,298831,469
14175901,50.2,57,460,30660,0.69,0.67,1,299357,298897,460
14178821,41.24,49.8,451,30660,0.834,0.63,2,299396,298945,451
14186121,26.648,27.56,452,30660,0.8308,0.51,2,299419,298967,452
14313141,404,435,452,26280,0.73,0.57,1,301175,300723,452
14316061,99.2,106.2,451,27740,0.826,0.53,2,301198,300747,451
14318981,47.04,40.44,461,29200,0.7972,0.41,2,301232,300771,461
14321901,65.408,65.688,459,29200,0.85544,0.27,2,301302,300843,459
14408041,105,18,572,23360,0.67,0.84,1,302937,302365,572
14410961,64.2,114,488,24820,0.686,1,1,302991,302503,488
14413881,44.84,62.8,478,26280,0.7692,0.77,2,303031,302553,478
14416801,47.368,53.36,475,26280,0.91384,0.69,2,303079,302604,475
14504401,44,45,526,32120,0.75,1,2,304569,304043,526
14507321,45.6,38.6,535,32120,0.638,1,1,304615,304080,535
14508781,41.92,44.52,530,32120,0.5676,1,1,304656,304126,530
14543821,409.984,473.704,451,21900,0.74552,0.45,1,305158,304707,451
14627041,97,119,509,23360,0.09,0.71,1,306800,306291,509
14629961,81,85.4,509,24820,0.154,0.29,1,306877,306368,509
14632881,45,89.08,455,24820,0.2148,0.35,1,306913,306458,455
14635801,49.8,58.616,455,24820,0.37096,0.27,1,306964,306509,455
14638721,45.16,48.5232,453,24820,0.498192,0.23,1,307008,306555,453
14641641,37.832,43.3046,447,24820,0.539638,0.23,1,307044,306597,447
14644561,74.7664,22.2609,514,24820,0.771928,0.05,2,307128,306614,514
14647481,16.5533,75.6522,427,24820,0.834386,0.09,2,307130,306703,427
14717561,41,95,521,24820,0.57,1,1,308577,308056,521
14720481,53.8,46.2,544,24820,0.362,1,1,308634,308090,544
14723401,80.36,61.24,566,24820,0.2884,1,1,308721,308155,566
14726321,52.872,84.248,522,24820,0.30568,1,1,308767,308245,522
14729241,56.1744,53.6496,533,24820,0.213136,0.89,1,308824,308291,533
14732161,41.6349,59.5299,510,24820,0.210627,1,1,308862,308352,510
14735081,45.927,44.706,516,24820,0.354125,0.89,1,308909,308393,516
14738001,73.1854,51.3412,543,24820,0.382825,0.69,1,308989,308446,543
14740921,40.2371,82.2682,485,24820,0.516565,0.57,1,309021,308536,485
14743841,46.4474,49.2536,492,24820,0.607313,0.31,1,309069,308577,492
14746761,78.0895,55.4507,521,24820,0.769463,0.27,2,309155,308634,521
14749681,51.6179,80.6901,479,24820,0.817893,0.31,2,309200,308721,479
14936561,82,58,467,23360,0.93,0.43,2,312774,312307,467
15043141,40,13,454,23360,0.49,0.03,1,314743,314289,454
15046061,52.8,45,457,24820,0.57,0.03,1,314799,314342,457
15048981,13.76,36.2,427,26280,0.538,0.07,1,314803,314376,427
15051901,25.952,16.84,444,26280,0.6916,0.17,1,314832,314388,444
15054821,78.7904,34.568,497,26280,0.85032,0.29,2,314924,314427,497
15170161,68,63,495,24820,0.79,0.91,2,316925,316430,495
15314701,60,121,527,24820,0.13,1,1,319961,319434,527
15317621,53.6,63.4,530,24820,0.05,1,1,320013,319483,530
15320541,74.72,50.28,563,24820,0.114,1,1,320093,319530,563
15323461,53.344,78.856,525,24820,0.1908,1,1,320141,319616,525
15326381,48.2688,55.7712,522,24820,0.15816,0.89,1,320188,319666,522
15329301,40.8538,47.1542,516,24820,0.055632,1,1,320227,319711,516
15332221,39.3708,46.2308,509,24820,0.0831264,0.89,1,320266,319757,509
15335141,64.6741,46.0462,534,24820,0.0886253,0.35,1,320337,319803,534
15338061,52.9348,87.6092,486,24820,0.217725,0.13,1,320387,319901,486
15340981,48.987,65.5218,474,24820,0.347545,0.03,1,320435,319961,474
15343901,78.5974,54.7044,508,24820,0.461509,0.13,1,320521,320013,508
15346821,55.7195,74.9409,478,24820,0.740302,0.21,1,320571,320093,478
15349741,43.9439,53.3882,471,24820,0.78006,0.15,2,320612,320141,471
15352661,38.3888,48.2776,461,24820,0.804012,0.03,2,320649,320188,461
15416901,72,87,541,26280,0.61,1,1,321977,321436,541
15419821,51.2,71,520,26280,0.53,1,1,322023,321503,520
15422741,52.64,47.8,531,26280,0.37,1,1,322076,321545,531
15425661,48.928,43.16,537,27740,0.37,1,1,322124,321587,537
15428581,72.9856,47.032,568,27740,0.338,1,1,322203,321635,568
15431501,48.1971,83.8064,517,27740,0.3716,1,1,322245,321728,517
15434421,31.2394,51.9613,500,27740,0.30632,0.9,1,322272,321772,500
15437341,27.0479,54.3923,471,27740,0.293264,0.85,1,322298,321827,471
15440261,59.8096,73.2785,461,27740,0.258653,0.61,1,322366,321905,461
15443181,61.5619,72.2557,451,29200,0.299731,0.51,1,322428,321977,451
15446101,45.9124,51.2511,447,29200,0.403946,0.33,1,322470,322023,447
15449021,45.1825,52.6502,439,29200,0.552789,0.33,1,322515,322076,439
15451941,47.4365,10.53,487,30660,0.678558,0.37,1,322563,322076,487
15545381,20,20,446,27740,0.59,0.37,1,324409,323963,446
15574581,67.2,75.2,436,27740,0.766,0.33,2,324488,324052,436
15703061,2,0,452,8760,0.05,0.05,1,328221,327769,452
15751241,40,41,472,14600,0.59,0.47,1,330168,329696,472
15754161,42.4,49.8,463,16060,0.718,0.43,1,330211,329748,463
15757081,33.28,42.76,453,17520,0.8236,0.31,2,330242,329789,453
15797961,48,53,492,17520,0.03,1,1,331583,331091,492
15800881,46.4,39.4,502,17520,0.006,1,1,331629,331127,502
15803801,41.28,39.08,503,17520,0.0092,1,1,331669,331166,503
15806721,33.856,47.016,486,17520,0.04184,0.75,1,331701,331215,486
15809641,121.171,147.003,457,17520,0.160368,0.09,1,331844,331387,457
15812561,117.834,147.801,426,17520,0.232074,0.03,1,331961,331535,426
15815481,58.7668,67.9601,422,17520,0.374415,0,1,332005,331583,422
15818401,48.5534,50.392,422,17520,0.434883,0.01,1,332051,331629,422
15821321,42.5107,42.0784,423,17520,0.446977,0.05,1,332092,331669,423
15824241,34.1021,34.0157,423,17520,0.593395,0.19,1,332124,331701,423
15870961,51,77,530,20440,0.35,1,1,333482,332952,530
15873881,48.6,53.8,530,21900,0.254,1,1,333530,333000,530
15876801,42.52,49.16,523,21900,0.1548,1,1,333571,333048,523
15879721,134.104,48.232,632,21900,0.08696,1,1,333728,333096,632
15882641,45.2208,142.446,489,23360,0.041392,0.61,1,333751,333262,489
15885561,67.4442,116.489,452,23360,0.0802784,0.51,1,333824,333372,452
15888481,55.0888,70.4979,445,23360,0.200056,0.35,1,333876,333431,445
15891401,46.2178,54.8996,438,24820,0.304011,0.35,1,333920,333482,438
15894321,44.4436,10.9799,482,24820,0.308802,0.23,1,333964,333482,482
15897241,36.0887,40.596,468,24820,0.45376,0.13,1,333998,333530,468
16000901,170,198,422,23360,0.59,0.01,1,335921,335499,422
16003821,64.4,54,442,24820,0.734,0.13,1,335959,335517,442
16006741,29.68,38,429,26280,0.7948,0.03,2,335980,335551,429
16094341,95,104,485,24820,0.03,0.47,1,337606,337121,485
16097261,105.4,93.6,502,24820,0.238,0.15,1,337714,337212,502
16100181,55.48,94.72,450,24820,0.2796,0.11,1,337757,337307,450
16103101,40.696,55.744,441,26280,0.36792,0.07,1,337794,337353,441
16106021,40.9392,43.1488,442,26280,0.497584,0.05,1,337835,337393,442
16108941,36.9878,37.4298,442,26280,0.587517,0.07,1,337871,337429,442
16111861,16.1976,29.886,425,26280,0.669503,0.03,1,337882,337457,425
16114781,46.4395,49.1772,425,26280,0.829901,0.03,2,337936,337511,425
16222821,2,0,442,8760,0.79,0.75,2,341820,341378,442
16349841,42,35,493,14600,0.67,1,1,346756,346263,493
16352761,48.4,42.2,499,14600,0.558,1,1,346806,346307,499
16355681,213.68,225.24,483,14600,0.3756,0.87,1,347061,346578,483
16358601,93.136,111.448,463,14600,0.45112,0.75,1,347124,346661,463
16361521,61.0272,64.6896,463,14600,0.530224,0.67,1,347177,346714,463
16364441,40.2054,46.5379,456,14600,0.706045,0.53,1,347212,346756,456
16367361,42.4411,49.3076,449,14600,0.805209,0.33,2,347255,346806,449
16405321,70,64,497,16060,0.53,1,1,348626,348129,497
16408241,54.8,52,499,16060,0.45,1,1,348677,348178,499
16411161,50.96,50.4,499,16060,0.37,0.84,1,348727,348228,499
16414081,195.792,219.68,469,16060,0.498,0.84,1,348959,348490,469
16417001,83.1584,43.936,524,17520,0.7156,0.79,1,349014,348490,524
16419921,63.8317,61.5872,517,17520,0.80712,0.53,2,349073,348556,517
16497301,137,85,494,21900,0.49,0.03,1,350911,350417,494
16500221,55.4,85,444,23360,0.554,0.05,1,350946,350502,444
16503141,31.08,47.4,431,24820,0.6788,0.05,1,350971,350540,431
16506061,49.416,17.48,475,24820,0.83176,0.09,2,351025,350550,475
16508981,31.4832,48.296,446,24820,0.894352,0.11,2,351052,350606,446
16605341,33,24,470,20440,0.63,0.57,1,353072,352602,470
16608261,41.8,36.8,474,21900,0.806,0.41,2,353116,352642,474
16611181,24.36,48.96,442,23360,0.8252,0.29,2,353136,352694,442
16684181,45,28,471,18980,0.63,0.57,1,354884,354413,471
16687101,49,43.2,474,20440,0.806,0.55,2,354934,354460,474
16757181,38,228,450,17520,0.83,0.11,2,356739,356289,450
16887121,45,196,491,17520,0.59,1,1,360222,359731,491
16890041,42.6,72.8,491,18980,0.798,0.81,2,360264,359773,491
16960121,46,142,449,17520,0.79,0.13,2,362104,361655,449
16963041,42,58.8,452,18980,0.822,0.21,2,362145,361693,452
16965961,28.4,34.16,449,20440,0.8604,0.19,2,362170,361721,449
17034581,27,85,440,17520,0.87,0.23,2,363993,363553,440
17037501,41.4,51.4,442,18980,0.79,0.15,2,364038,363596,442
17157221,42,40,545,21900,0.41,1,1,367039,366494,545
17160141,122.8,39.2,649,21900,0.362,1,1,367182,366533,649
17163061,118.96,143.84,597,21900,0.3684,1,1,367300,366703,597
17165981,60.592,116.768,533,21900,0.54568,1,1,367346,366813,533
17168901,41.7184,57.7536,527,21900,0.597136,1,1,367383,366856,527
17171821,30.7437,50.7507,506,21900,0.655427,0.86,1,367411,366905,506
17174741,30.1487,43.7501,494,21900,0.715085,0.59,1,367441,366947,494
17177661,36.4297,48.75,482,21900,0.727017,0.41,1,367479,366997,482
17230221,53,53,517,21900,0.15,1,1,368787,368270,517
17233141,55.4,45,530,21900,0.15,1,1,368843,368313,530
17236061,47.08,48.2,526,23360,0.15,1,1,368888,368362,526
17238981,45.416,44.84,527,23360,0.214,1,1,368933,368406,527
17241901,81.8832,43.368,575,23360,0.0828,1,1,369024,368449,575
17244821,92.3766,91.0736,567,23360,0.13656,0.51,1,369119,368552,567
17247741,59.2753,117.415,494,23360,0.259312,0.27,1,369170,368676,494
17250661,47.8551,69.8829,481,24820,0.363862,0.15,1,369215,368734,481
17253581,54.371,56.3766,484,24820,0.480772,0.15,1,369271,368787,484
17256501,12.4742,56.0753,430,24820,0.504154,0.15,1,369273,368843,430
17259421,36.0948,47.2151,427,24820,0.620831,0.23,1,369315,368888,427
17262341,48.019,45.443,433,24820,0.820166,0.05,2,369366,368933,433
17453601,16,22,459,23360,0.27,0.63,1,372936,372477,459
17456521,75.2,46,497,24820,0.478,0.41,1,373026,372529,497
17459441,52.64,77.2,459,24820,0.7116,0.25,1,373073,372614,459
17535361,107,72,535,20440,0.11,0.39,1,374723,374188,535
17538281,54.2,108,459,21900,0.238,0.17,1,374764,374305,459
17541201,42.84,64.8,445,23360,0.2796,0.01,1,374804,374359,445
17544121,51.768,52.16,450,24820,0.39992,0.07,1,374858,374408,450
17547041,44.7536,49.632,444,24820,0.567984,0.05,1,374901,374457,444
17631721,36,24,448,18980,0.63,0.21,1,376761,376313,448
17690121,48,101,536,26280,0.51,1,1,378109,377573,536
17693041,56,63.4,540,26280,0.494,1,1,378167,377627,540
17695961,50.4,52.68,539,26280,0.4748,1,1,378216,377677,539
17698881,43.68,47.336,535,26280,0.37496,1,1,378258,377723,535
17701801,71.136,47.8672,565,26280,0.386992,1,1,378336,377771,565
17704721,37.4272,83.9734,501,26280,0.389398,1,1,378365,377864,501
17707641,31.4854,54.3947,484,26280,0.42188,0.89,1,378395,377911,484
17710561,30.2971,46.0789,470,26280,0.508376,0.65,1,378425,377955,470
17713481,80.4594,94.0158,457,26280,0.525675,0.51,1,378518,378061,457
17716401,48.0919,57.2032,449,26280,0.625135,0.49,1,378558,378109,449
17719321,52.8184,57.8406,445,26280,0.805027,0.47,2,378612,378167,445
17722241,51.3637,50.7681,447,26280,0.873005,0.35,2,378663,378216,447
17798161,69,70,493,26280,0.35,1,1,380061,379568,493
17801081,72.2,68.4,498,26280,0.286,1,1,380134,379636,498
17804001,53.64,50.48,501,27740,0.1932,1,1,380183,379682,501
17806921,52.328,62.896,487,27740,0.17464,1,1,380235,379748,487
17809841,44.8656,46.1792,488,27740,0.170928,1,1,380278,379790,488
17812761,42.5731,50.8358,478,27740,0.202186,0.96,1,380320,379842,478
17815681,41.3146,48.5672,471,27740,0.224437,0.79,1,380361,379890,471
17818601,41.8629,53.7134,458,27740,0.260887,0.59,1,380403,379945,458
17821521,37.9726,48.3427,448,27740,0.284177,0.35,1,380440,379992,448
17824441,53.9945,64.8685,437,27740,0.544835,0.27,1,380498,380061,437
17827361,68.3989,71.3737,436,29200,0.708967,0.27,1,380570,380134,436
17900361,49,41,538,37960,0.87,1,2,381728,381190,538
17903281,50.6,41.8,547,37960,0.87,1,2,381779,381232,547
17944161,432.52,501.16,459,26280,0.646,0.71,1,382307,381848,459
17947081,150.504,152.232,474,27740,0.7452,0.63,1,382387,381913,474
17950001,70.9008,77.6464,466,29200,0.74904,0.53,1,382438,381972,466
17952921,49.3802,53.1293,463,30660,0.765808,0.43,2,382482,382019,463
18136881,55,36,530,35040,0.47,1,1,385478,384948,530
18139801,46.2,44.8,527,35040,0.358,1,1,385522,384995,527
18177761,420.44,491.36,438,23360,0.6876,0.31,1,386036,385598,438
18263901,45,88,449,23360,0.35,0.01,1,387681,387232,449
18266821,85.8,100.8,441,24820,0.462,0.01,1,387777,387336,441
18269741,65.96,57.76,455,26280,0.3404,0.07,1,387838,387383,455
18272661,45.992,50.752,447,26280,0.55608,0.03,1,387879,387432,447
18275581,50.7984,49.3504,450,26280,0.727216,0.07,1,387931,387481,450
18278501,41.3597,43.4701,447,27740,0.809443,0.11,2,387970,387523,447
18360261,39,45,508,29200,0.67,1,1,389414,388906,508
18363181,38.2,33.8,515,29200,0.686,1,1,389452,388937,515
18366101,53.24,67.56,496,29200,0.6252,1,1,389509,389013,496
18369021,65.048,66.312,498,29200,0.51704,1,1,389577,389079,498
18371941,48.2096,48.4624,498,29200,0.383408,0.88,1,389621,389123,498
18374861,53.6419,65.6925,483,29200,0.308682,1,1,389676,389193,483
18377781,46.7284,53.1385,478,29200,0.245736,1,1,389721,389243,478
18380701,30.1457,37.0277,471,29200,0.249147,0.91,1,389747,389276,471
18383621,39.6291,45.0055,466,29200,0.217829,0.85,1,389789,389323,466
18386541,43.1258,50.6011,458,29200,0.243566,0.67,1,389833,389375,458
18389461,36.6252,41.3202,454,29200,0.264713,0.69,1,389868,389414,454
18392381,38.525,38.664,455,29200,0.284943,0.61,1,389907,389452,455
18395301,48.505,53.3328,449,29200,0.448989,0.49,1,389958,389509,449
18398221,60.101,65.0666,444,29200,0.545798,0.35,1,390021,389577,444
18401141,41.6202,48.2133,437,29200,0.58116,0.29,1,390058,389621,437
18404061,49.924,53.6427,434,29200,0.716232,0.23,1,390110,389676,434
18406981,45.1848,46.7285,433,29200,0.807246,0.25,2,390154,389721,433
18409901,29.037,30.1457,432,29200,0.905449,0.21,2,390179,389747,432
18488741,47,0,552,32120,0.81,1,2,391520,390968,552
18491661,43.8,36,550,32120,0.714,1,1,391563,391013,550
18494581,48.76,52,544,33580,0.6948,1,1,391613,391069,544
18497501,41.752,44.8,541,33580,0.62696,1,1,391653,391112,541
18534001,425.15,502.56,445,23360,0.821392,0.45,2,392174,391729,445
18621601,53,47,470,24820,0.17,0.13,1,393763,393293,470
18624521,81,96.6,449,26280,0.314,0.03,1,393851,393402,449
18627441,56.2,60.12,448,27740,0.5028,0.01,1,393901,393453,448
18630361,45.64,51.224,442,29200,0.62856,0.01,1,393944,393502,442
18633281,42.728,42.2448,444,30660,0.725712,0.01,1,393986,393542,444
18636201,42.1456,47.649,437,30660,0.793142,0.11,2,394028,393591,437
18639121,27.6291,26.3298,440,30660,0.838628,0.07,2,394052,393612,440
18839141,50,26,491,23360,0.89,0.95,2,397751,397260,491
18923821,163,75,550,20440,0.53,0.09,1,399528,398978,550
18926741,99,138.2,479,21900,0.69,0,1,399611,399132,479
18929661,63,90.04,455,23360,0.85,0.21,2,399665,399210,455
19014341,188,168,504,20440,0.61,0.13,1,401468,400964,504
19017261,68,107.2,450,21900,0.722,0.05,1,401506,401056,450
19020181,56,63.84,450,23360,0.8564,0.11,2,401559,401109,450
19104861,201,174,525,20440,0.91,0.55,2,403396,402871,525
19182241,286,299,423,17520,0.51,0.07,1,405236,404813,423
19185161,114,83,465,18980,0.686,0.09,1,405307,404842,465
19258161,95,112,430,17520,0.43,0.03,1,407049,406619,430
19261081,110.2,90.4,459,18980,0.59,0.07,1,407163,406704,459
19264001,111.64,92.48,478,18980,0.782,0.03,2,407275,406797,478
19266921,47.928,75.296,439,18980,0.9004,0.07,2,407307,406868,439
19325321,58,48,499,20440,0.65,1,1,408780,408281,499
19328241,47.6,44,501,20440,0.586,0.97,1,408825,408324,501
19331161,38.32,52,483,20440,0.5412,1,1,408861,408378,483
19334081,53.264,51.2,489,20440,0.51624,1,1,408918,408429,489
19337001,41.0528,50.24,477,20440,0.431248,0.88,1,408956,408479,477
19339921,95.4106,107.648,464,20440,0.43025,0.75,1,409065,408601,464
19342841,111.082,118.33,458,20440,0.49405,0.65,1,409180,408722,458
19345761,63.0164,70.0659,451,20440,0.63481,0.57,1,409231,408780,451
19348681,46.2033,50.0132,448,20440,0.790962,0.53,2,409273,408825,448
19401241,66,48,575,23360,0.09,1,1,410463,409888,575
19404161,110,100.8,582,24820,0.042,1,1,410584,410002,582
19407081,91.6,113.76,552,24820,0.0164,1,1,410671,410119,552
19410001,52.72,79.552,524,26280,0.13928,1,1,410714,410190,524
19412921,40.944,59.1104,508,26280,0.147856,1,1,410752,410244,508
19415841,28.1888,50.2221,485,26280,0.229571,0.66,1,410777,410292,485
19418761,30.4378,49.2444,467,26280,0.341914,0.63,1,410808,410341,467
19421681,39.6876,54.6489,453,27740,0.380383,0.09,1,410850,410397,453
19424601,37.5375,63.7298,424,27740,0.564077,0.09,1,410887,410463,424
19427521,104.308,12.746,545,27740,0.744815,0.03,1,411008,410463,545
19497601,38,41,559,40880,0.93,1,2,412168,411609,559
19504901,410.8,507.4,439,26280,0.386,0.07,1,412672,412233,439
19509281,144.56,176.68,423,27740,0.4212,0.05,1,412750,412327,423
19515121,65.712,70.536,425,27740,0.39624,0.08,1,412796,412371,425
19519501,87.5424,86.1072,428,27740,0.455248,0.15,1,412889,412461,428
19544321,35.9085,38.0214,425,27740,0.54705,0.07,1,412912,412487,425
19547241,37.5817,25.2043,441,29200,0.74141,0.17,1,412950,412509,441
19550161,29.9163,36.2409,430,30660,0.844282,0.23,2,412978,412548,430
19627541,41,46,466,26280,0.59,0.84,1,414610,414144,466
19655281,44.2,45.2,466,26280,0.654,0.85,1,414655,414189,466
19658201,68.04,27.44,517,27740,0.8908,0.69,2,414729,414212,517
19738501,88,105,435,21900,0.49,0.11,1,416470,416035,435
19760401,153.6,162.6,428,21900,0.858,0.03,2,416640,416212,428
19862601,135,101,470,21900,0.89,0.05,2,418644,418174,470
19932681,48,150,522,24820,0.31,1,1,420094,419572,522
19935601,51.2,66.8,528,24820,0.31,1,1,420146,419618,528
19938521,47.84,47.76,532,24820,0.23,1,1,420193,419661,532
19941441,41.568,45.552,527,24820,0.262,1,1,420233,419706,527
19944361,42.7136,48.3104,521,24820,0.1884,1,1,420276,419755,521
19947281,40.5427,44.8621,517,24820,0.09368,1,1,420316,419799,517
19950201,45.7085,46.5724,517,24820,0.170736,0.88,1,420363,419846,517
19953121,113.142,49.3145,597,24820,0.522147,0.51,1,420493,419896,597
19956041,53.8283,129.863,486,24820,0.720429,0.31,1,420532,420046,486
20017361,48,29,554,26280,0.19,1,1,421730,421176,554
20018821,49.6,40.2,561,26280,0.078,1,1,421780,421219,561
20048021,460.32,564.04,429,17520,0.5036,0.11,1,422343,421914,429
20129781,83,26,487,18980,0.75,0.21,2,424331,423844,487
20213001,494,585,452,17520,0.47,0.43,1,426051,425599,452
20215921,196.4,173.8,503,18980,0.742,0.35,1,426173,425670,503
20293301,18,17,435,18980,0.69,0.23,1,427974,427539,435
20296221,73.2,49,465,20440,0.818,0.35,2,428061,427596,465
20436381,148,172,436,16060,0.25,0.35,1,431719,431283,436
20439301,49.6,53.6,437,17520,0.33,0.23,1,431744,431307,437
20502081,241,253,507,20440,0.37,1,1,433494,432987,507
20505001,80.2,89.8,498,20440,0.322,1,1,433534,433036,498
20507921,46.44,51.56,494,20440,0.2484,1,1,433572,433078,494
20510841,46.088,35.912,508,20440,0.13768,1,1,433618,433110,508
20513761,35.6176,51.1824,486,20440,0.163536,0.85,1,433651,433165,486
20516681,32.7235,45.4365,474,20440,0.168707,0.92,1,433683,433209,474
20519601,38.5447,44.2873,470,20440,0.169741,0.37,1,433723,433253,470
20522521,177.309,201.657,441,20440,0.729948,0.31,1,433935,433494,441
20599901,480,563,436,16060,0.23,0.03,1,435568,435132,436
20602821,287.2,315,422,17520,0.662,0.11,1,435807,435385,422
20683121,637,730,453,16060,0.97,0.33,2,437666,437213,453
20814521,107,99,455,18980,0.95,0.03,2,441234,440779,455
20970741,215,144,583,18980,0.69,0.19,1,444994,444411,583
20973661,79,164.8,458,20440,0.85,0.11,2,445039,444581,458
21124041,136,117,444,17520,0.51,0.03,1,448678,448234,444
21194121,42,45,488,23360,0.71,1,1,450284,449796,488
21197041,42,45.8,484,23360,0.63,1,1,450326,449842,484
21199961,51.6,49.96,487,23360,0.646,1,1,450380,449893,487
21202881,39.92,49.992,474,23360,0.6652,1,1,450417,449943,474
21205801,47.184,51.5984,471,23360,0.67704,0.97,1,450466,449995,471
21208721,111.037,108.72,475,23360,0.751408,0.89,2,450593,450118,475
21211641,51.8074,56.9439,468,23360,0.814282,0.79,2,450630,450162,468
21272961,54,49,522,24820,0.41,1,1,451893,451371,522
21275881,50,45.8,526,24820,0.362,1,1,451942,451416,526
21278801,92.4,118.76,492,24820,0.1764,1,1,452045,451553,492
21281721,50.48,59.752,487,24820,0.10728,1,1,452085,451598,487
21284641,77.296,74.3504,493,24820,0.221456,1,1,452169,451676,493
21287561,38.6592,50.0701,478,26280,0.260291,0.72,1,452198,451720,478
21290481,40.5318,58.814,458,26280,0.316058,0.72,1,452239,451781,458
21293401,49.7064,11.7628,510,26280,0.407212,0.69,1,452291,451781,510
21296321,45.1413,48.7526,496,26280,0.505442,0.41,1,452335,451839,496
21299241,44.2283,52.9505,486,26280,0.541088,0.35,1,452379,451893,486
21395601,272,327,423,23360,0.59,0.01,1,454156,453733,423
21398521,92.8,88.6,442,24820,0.558,0.05,1,454204,453762,442
21401441,38.56,33.72,447,26280,0.6316,0.07,1,454229,453782,447
21404361,70.912,43.544,480,27740,0.85432,0.07,2,454308,453828,480
21686141,66,46,505,26280,0.05,1,1,459447,458942,505
21689061,55.6,51.6,505,26280,0.034,1,1,459500,458995,505
21691981,49.52,48.72,505,26280,0.0068,1,1,459548,459043,505
21694901,45.104,46.544,503,26280,0.00936,1,1,459592,459089,503
21697821,42.6208,49.3088,495,26280,0.073872,1,1,459634,459139,495
21700741,38.1242,45.8618,487,26280,0.0707744,1,1,459671,459184,487
21703661,39.6248,49.9724,476,26280,0.134155,0.91,1,459711,459235,476
21706581,55.125,66.7945,464,26280,0.242831,0.43,1,459770,459306,464
21709501,52.625,73.3589,441,26280,0.296566,0.05,1,459822,459381,441
21712421,48.925,67.4718,423,26280,0.563313,0.03,1,459870,459447,423
21715341,53.785,55.8944,425,26280,0.696663,0,1,459925,459500,425
21718261,50.757,49.5789,427,26280,0.803333,0.01,2,459975,459548,427
21721181,44.5514,45.1158,426,26280,0.928667,0.09,2,460018,459592,426
21788341,60,61,491,27740,0.33,1,1,461251,460760,491
21791261,63.2,51.4,506,27740,0.234,1,1,461315,460809,506
21794181,52.64,59.88,494,27740,0.1668,1,1,461365,460871,494
21797101,56.928,59.176,493,27740,0.07336,1,1,461423,460930,493
21800021,44.9856,47.8352,490,29200,0.054672,0.95,1,461465,460975,490
21802941,42.5971,56.767,473,29200,0.0509344,1,1,461507,461034,473
21805861,42.1194,43.3534,475,29200,0.114187,1,1,461549,461074,475
21808781,40.4239,8.67068,515,29200,0.0788374,0.75,1,461589,461074,515
21811701,44.8848,47.3341,504,29200,0.167767,0.51,1,461635,461131,504
21814621,47.377,57.4668,492,29200,0.329553,0.33,1,461683,461191,492
21817541,58.2754,59.4934,493,30660,0.553911,0.21,1,461744,461251,493
21820461,50.0551,63.0987,477,30660,0.774782,0.15,2,461792,461315,477
21823381,53.211,52.6197,481,30660,0.834956,0.05,2,461846,461365,481
21826301,12.2422,56.9239,425,32120,0.862991,0.05,2,461848,461423,425
21908061,98,133,435,27740,0.37,0.17,1,463527,463092,435
21912441,74.8,89,426,27740,0.514,0.01,1,463596,463170,426
21941641,46.16,50.6,424,27740,0.4468,0.09,1,463635,463211,424
21944561,47.632,32.52,444,29200,0.65736,0.03,1,463683,463239,444
21947481,46.3264,41.704,446,30660,0.779472,0.07,2,463729,463283,446
22046761,160,175,452,26280,0.39,0.57,1,465599,465147,452
22070121,100,104.6,450,26280,0.582,0.57,1,465684,465234,450
22073041,41.6,41.72,451,27740,0.7484,0.59,1,465711,465260,451
22170861,89,20,548,23360,0.17,0.53,1,467468,466920,548
22173781,64.2,115.2,467,24820,0.218,0.35,1,467526,467059,467
22176701,47.24,65.44,457,26280,0.4036,0.31,1,467569,467112,457
22179621,38.248,43.488,455,26280,0.53672,0.23,1,467605,467150,455
22182541,40.4496,40.6976,456,27740,0.787344,0.21,2,467646,467190,456
22270141,113,122,450,21900,0.27,0.01,1,469320,468870,450
22273061,62.6,66.8,447,23360,0.43,0,1,469370,468923,447
22275981,50.12,54.16,443,23360,0.366,0.03,1,469417,468974,443
22278901,39.624,43.632,439,24820,0.4972,0.03,1,469454,469015,439
22281821,51.1248,40.7264,453,24820,0.57144,0.11,1,469508,469055,453
22284741,54.225,44.9453,462,24820,0.746288,0.05,1,469563,469101,462
22378181,191,87,571,17520,0.69,0.39,1,471597,471026,571
22513961,110,179,451,18980,0.69,0.01,1,475140,474689,451
22516881,67.6,77.4,456,18980,0.674,0.11,1,475197,474741,456
22519801,48.72,54.68,451,18980,0.6548,0.01,1,475241,474790,451
22569441,53,100,540,18980,0.05,1,1,476593,476053,540
22572361,67.4,67.2,552,18980,0.146,1,1,476664,476112,552
22575281,44.68,67.84,523,18980,0.1492,1,1,476703,476180,523
22578201,44.136,50.368,521,18980,0.08584,1,1,476747,476226,521
22581121,121.627,43.6736,620,18980,0.121168,0.65,1,476888,476268,620
22584041,87.5254,145.535,528,18980,0.416234,0.15,1,476967,476439,528
22586961,59.1051,109.907,479,18980,0.619247,0.05,1,477019,476540,479
22589881,70.221,64.3814,499,18980,0.803849,0.17,2,477092,476593,499
22642441,43,0,533,24820,0.37,1,1,478424,477891,533
22645361,91.8,45.6,580,24820,0.258,1,1,478528,477948,580
22648281,55.16,89.92,525,26280,0.2516,1,1,478574,478049,525
22651201,54.232,53.984,534,26280,0.23432,1,1,478628,478094,534
22654121,16.4464,44.3968,499,27740,0.198864,1,1,478635,478136,499
22657041,24.8893,40.0794,487,27740,0.223773,0.79,1,478662,478175,487
22659961,68.9779,94.4159,459,27740,0.292755,0.51,1,478742,478283,459
22662881,80.1956,97.2832,444,27740,0.354551,0.51,1,478825,478381,444
22665801,46.4391,19.4566,482,29200,0.41491,0.37,1,478863,478381,482
22668721,88.4878,38.2913,538,29200,0.586982,0.23,1,478962,478424,538
22671641,19.2976,90.8583,436,30660,0.637396,0.25,1,478964,478528,436
22674561,39.8595,54.9717,435,30660,0.871479,0.23,2,479009,478574,435
22765081,59,68,470,30660,0.59,0.67,1,480749,480279,470
22770921,107.8,124,452,30660,0.718,0.59,1,480869,480417,452
22775301,75.16,80.8,449,30660,0.8876,0.59,2,480936,480487,449
22883341,78,94,429,26280,0.63,0.15,1,482671,482242,429
22889181,49.2,54,427,26280,0.678,0.07,1,482713,482286,427
22975321,53,92,528,32120,0.19,1,1,483908,483380,528
22978241,55.4,58.4,534,32120,0.046,1,1,483964,483430,534
22981161,51.08,52.48,533,32120,0.0332,1,1,484014,483481,533
22984081,47.016,44.096,537,32120,0.01464,1,1,484060,483523,537
22987001,42.2032,47.2192,530,32120,0.026928,1,1,484101,483571,530
22989921,42.8406,46.2438,527,32120,0.0453856,0.92,1,484144,483617,527
22992841,35.7681,46.0488,515,32120,0.0810771,1,1,484178,483663,515
22995761,23.9536,38.8098,499,32120,0.0722154,0.93,1,484199,483700,499
22998681,12.7907,43.762,464,32120,0.0224431,0.69,1,484209,483745,464
23001601,32.9581,51.1524,449,32120,0.108489,0.41,1,484247,483798,449
23004521,44.9916,55.8305,440,32120,0.141698,0.19,1,484295,483855,440
23007441,43.3983,53.5661,430,32120,0.18034,0.01,1,484338,483908,430
23010361,47.0797,55.5132,422,32120,0.316068,0.03,1,484386,483964,422
23013281,51.0159,51.1026,424,32120,0.327214,0.01,1,484438,484014,424
23016201,45.4032,47.0205,422,32120,0.393443,0.03,1,484482,484060,422
23019121,43.4806,42.2041,424,32120,0.438689,0.05,1,484525,484101,424
23022041,42.2961,42.8408,423,32120,0.543738,0.09,1,484567,484144,423
23024961,37.2592,35.7682,425,32120,0.692748,0.07,1,484603,484178,425
23027881,21.8518,23.9536,422,32120,0.75455,0.01,2,484621,484199,422
23030801,14.7704,12.7907,425,32120,0.76691,0.13,2,484634,484209,425
23033721,34.9541,32.9581,427,32120,0.865382,0.15,2,484674,484247,427
23137381,62,83,482,24820,0.19,0.57,1,486372,485890,482
23140301,84.4,71.8,503,26280,0.478,0.31,1,486462,485959,503
23143221,42.48,82.36,450,27740,0.6316,0.13,1,486494,486044,450
23146141,42.896,51.672,449,29200,0.82232,0.07,2,486537,486088,449
23149061,40.5792,39.9344,452,29200,0.844464,0.03,2,486577,486125,452
23252721,77,75,497,24820,0.85,0.85,2,488338,487841,497
23344701,43,23,467,23360,0.77,0.41,2,490101,489634,467
23347621,28.6,24.6,467,24820,0.866,0.43,2,490126,489659,467
23410401,138,158,457,21900,0.29,0.69,1,491834,491377,457
23432301,42,48.4,454,21900,0.29,0.69,1,491852,491398,454
23435221,38.8,28.08,469,23360,0.402,0.51,1,491890,491421,469
23438141,42.16,44.816,463,24820,0.5524,0.35,1,491933,491470,463
23441061,33.232,48.1632,445,26280,0.61448,0.21,1,491964,491519,445
23443981,45.8464,39.2326,457,26280,0.738896,0.15,1,492013,491556,457
23446901,25.1693,48.6465,426,26280,0.891779,0.11,2,492033,491607,426
23515521,139,154,455,20440,0.19,0.23,1,493679,493224,455
23534501,171,193.2,431,20440,0.638,0.19,1,493858,493427,431
23537421,63,55.44,446,21900,0.7916,0.19,2,493894,493448,446
23617721,86,81,483,18980,0.49,0.01,1,495746,495263,483
23620641,46.8,78.6,442,20440,0.586,0.11,1,495783,495341,442
23623561,38.96,50.12,436,21900,0.8452,0.11,2,495820,495384,436
23698021,143,100,557,18980,0.21,0.29,1,497614,497057,557
23700941,55,134.4,447,20440,0.338,0.15,1,497647,497200,447
23703861,37.4,57.28,442,21900,0.4596,0.17,1,497680,497238,442
23706781,26.68,28.256,445,23360,0.61192,0.19,1,497704,497259,445
23709701,25.336,35.2512,433,23360,0.770384,0.07,2,497729,497296,433
23776861,134,132,462,17520,0.55,0.39,1,499474,499012,462
23779781,70,64.8,468,18980,0.662,0.47,1,499528,499060,468
23782701,50.8,50.56,467,20440,0.7964,0.53,2,499574,499107,467
23785621,36.56,38.912,464,21900,0.87128,0.51,2,499607,499143,464
23849861,48,40,541,24820,0.59,1,1,501055,500514,541
23852781,42.4,32.8,551,24820,0.606,1,1,501096,500545,551
23944761,96,209,505,18980,0.45,0.19,1,503353,502848,505
23947681,59.2,120.2,457,20440,0.61,0.21,1,503403,502946,457
23950601,46.24,56.84,459,21900,0.738,0.15,1,503446,502987,459
24023601,92,68,446,17520,0.57,0.07,1,505213,504767,446
24026521,74.4,68,448,18980,0.842,0.09,2,505283,504835,448
24102441,497,625,448,16060,0.19,0.17,1,506892,506444,448
24105361,231.4,213.8,502,17520,0.606,0.03,1,507057,506555,502
24108281,158.28,125.16,539,18980,0.8732,0.09,2,507197,506658,539
24176901,36,23,471,17520,0.43,0.57,1,508821,508350,471
24179821,100,43,539,18980,0.718,0.51,1,508937,508398,539
24182741,40,104.6,444,20440,0.8236,0.39,2,508962,508518,444
24241141,98,107,495,24820,0.49,1,1,510354,509859,495
24244061,65.2,61.4,502,24820,0.426,1,1,510411,509909,502
24246981,47.44,49.08,499,24820,0.4932,1,1,510454,509955,499
24249901,39.088,41.016,497,24820,0.55464,1,1,510491,509994,497
24252821,59.8176,8.2032,562,24820,0.470928,0.97,1,510556,509994,562
24255741,60.7635,74.4406,532,24820,0.646186,0.95,1,510617,510085,532
24258661,45.7527,66.8881,509,24820,0.697237,0.77,1,510659,510150,509
24261581,45.9505,54.9776,503,24820,0.739447,0.59,1,510705,510202,503
24322901,48,40,536,24820,0.29,1,1,511942,511406,536
24325821,89.6,56.8,575,24820,0.098,1,1,512042,511467,575
24328741,61.12,80.96,542,24820,0.1076,1,1,512096,511554,542
24331661,50.624,60.192,535,24820,0.06152,1,1,512144,511609,535
24334581,65.3248,48.8384,558,24820,0.212304,1,1,512213,511655,558
24337501,59.465,77.7677,531,26280,0.290461,0.99,1,512271,511740,531
24340421,38.293,61.9535,506,26280,0.290092,0.72,1,512304,511798,506
24343341,35.6586,52.3907,491,26280,0.354018,0.61,1,512339,511848,491
24346261,37.5317,47.2781,483,26280,0.398804,0.29,1,512377,511894,483
24349181,77.1063,47.8556,522,26280,0.519761,0.05,1,512464,511942,522
24352101,61.0213,89.5711,479,26280,0.671952,0.11,1,512521,512042,479
24355021,49.0043,61.1142,471,26280,0.78239,0.05,2,512567,512096,471
24357941,71.4009,50.6228,500,27740,0.868478,0.25,2,512644,512144,500
24360861,15.8802,65.3246,433,27740,0.885696,0.31,2,512646,512213,433
24461601,84,107,423,23360,0.67,0.03,1,514432,514009,423
24464521,56.8,39,451,24820,0.846,0.09,2,514482,514031,451
24540441,138,154,439,23360,0.41,0.33,1,516287,515848,439
24562341,45.2,49.2,438,23360,0.474,0.33,1,516309,515871,438
24565261,37.04,22.64,457,24820,0.4868,0.31,1,516344,515887,457
24568181,33.808,34.128,453,26280,0.68136,0.19,1,516377,515924,453
24571101,40.3616,44.4256,448,26280,0.832272,0.21,2,516419,515971,448
24574021,30.4723,33.6851,445,26280,0.926454,0.11,2,516447,516002,445
24657241,203,119,601,21900,0.51,0.55,1,518193,517592,601
24660161,76.6,163,472,23360,0.67,0.59,1,518238,517766,472
24663081,51.32,66.2,475,24820,0.878,0.59,2,518283,517808,475
24746301,38,20,462,20440,0.71,0.33,1,520051,519589,462
24749221,45.2,44.8,458,21900,0.774,0.28,2,520098,519640,458
24832441,44,24,452,20440,0.89,0.17,2,521899,521447,452
24893761,501,606,457,17520,0.49,0.21,1,523531,523074,457
24966761,42,43,519,21900,0.73,1,1,524894,524375,519
24969681,39.6,35.8,524,21900,0.746,1,1,524933,524409,524
24972601,47.12,39.16,533,21900,0.7172,1,1,524982,524449,533
24975521,138.224,43.832,649,21900,0.40744,1,1,525143,524494,649
24978441,92.4448,142.366,563,21900,0.393488,0.97,1,525224,524661,563
24981361,54.489,102.073,516,21900,0.406698,0.85,1,525269,524753,516
24984281,44.4978,62.0147,506,21900,0.36134,0.77,1,525311,524805,506
24987201,42.4996,50.0029,501,21900,0.400268,0.73,1,525353,524852,501
24990121,39.6999,43.6006,498,21900,0.440054,0.75,1,525392,524894,498
24993041,43.94,39.9201,504,21900,0.528011,0.71,1,525437,524933,504
25045601,58,51,536,23360,0.41,1,1,526714,526178,536
25048521,51.6,47.8,539,23360,0.298,1,1,526764,526225,539
25051441,47.92,46.36,540,23360,0.2596,1,1,526811,526271,540
25054361,41.584,47.672,532,23360,0.23592,1,1,526851,526319,532
25057281,126.717,47.1344,633,23360,0.359184,1,1,526999,526366,633
25060201,60.5434,139.027,515,24820,0.431837,0.82,1,527043,526528,515
25063121,61.7087,73.4054,520,24820,0.510367,0.61,1,527105,526585,520
25066041,13.9417,71.4811,451,24820,0.558074,0.41,1,527107,526656,451
25068961,37.9883,60.6962,437,24820,0.615615,0.27,1,527151,526714,437
25071881,44.3977,52.1392,433,24820,0.691123,0.25,1,527197,526764,433
25074801,47.2795,48.0279,434,24820,0.722225,0.23,1,527245,526811,434
25077721,39.8559,41.6056,432,26280,0.792445,0.39,2,527283,526851,432
