#Ack,ack_ewma(ms),send_ewma(ms),rtt_ratio,cwnd (Bytes),Last Router Ocupation Ack Arriaval(Packets),Last Router Ocupation Packet Sent(Packets),Network Situation,AckArrival(ms),TSInsideAck(ms),RTTAck(ms)
78841,72,83,422,32120,0.39,0.01,1,172605,172183,422
110961,55.2,57.4,422,32120,0.446,0.03,1,172656,172234,422
113881,147.04,138.68,433,33580,0.5132,0.15,1,172826,172393,433
116801,71.008,58.136,447,35040,0.71864,0.21,1,172878,172431,447
119721,35.0016,36.4272,442,36500,0.759728,0.31,2,172904,172462,442
122641,33.4003,29.6854,447,37960,0.783946,0.39,2,172937,172490,447
125561,34.6801,40.3371,439,37960,0.804789,0.37,2,172972,172533,439
128481,23.736,18.4674,447,39420,0.856958,0.43,2,172993,172546,447
131401,19.9472,16.4935,450,39420,0.803392,0.43,2,173012,172562,450
134321,20.7894,19.2987,451,39420,0.808678,0.39,2,173033,172582,451
137241,26.5579,22.2597,456,39420,0.809736,0.51,2,173061,172605,456
140161,17.3116,26.0519,444,39420,0.825947,0.46,2,173076,172632,444
143081,23.4623,14.0104,458,39420,0.813189,0.46,2,173101,172643,458
146001,144.692,13.2021,620,40880,0.874638,0.53,2,173276,172656,620
148921,30.5385,138.64,452,40880,0.886928,0.77,2,173278,172826,452
280321,38,10,520,46720,0.57,1,1,174752,174232,520
283241,32.4,41.2,502,46720,0.49,1,1,174783,174281,502
286161,24.88,29.04,499,46720,0.506,1,1,174806,174307,499
289081,23.376,21.808,502,46720,0.4292,1,1,174829,174327,502
292001,20.6752,22.7616,499,46720,0.33384,1,1,174849,174350,499
294921,22.535,26.1523,495,46720,0.234768,1,1,174872,174377,495
297841,23.707,26.0305,493,46720,0.182954,1,1,174896,174403,493
300761,23.9414,23.6061,494,46720,0.0925907,1,1,174920,174426,494
303681,21.5883,21.5212,494,46720,0.0745181,1,1,174941,174447,494
306601,17.1177,17.9042,493,46720,0.0709036,1,1,174957,174464,493
309521,21.8235,24.3808,490,46720,0.0141807,0.99,1,174980,174490,490
312441,27.5647,24.0762,495,46720,0.0748361,1,1,175009,174514,495
315361,19.1129,24.0152,488,46720,0.102967,1,1,175026,174538,488
318281,20.6226,23.203,486,46720,0.0605934,0.71,1,175047,174561,486
321201,88.1245,110.241,459,46720,0.228119,0.73,1,175152,174693,459
324121,30.4249,38.8481,454,46720,0.341624,0.57,1,175168,174714,454
327041,33.285,38.1696,450,46720,0.364325,0.47,1,175202,174752,450
329961,26.657,32.4339,444,46720,0.464865,0.51,1,175227,174783,444
332881,22.9314,24.8868,443,46720,0.580973,0.41,1,175249,174806,443
335801,18.1863,23.3774,437,46720,0.620195,0.31,1,175266,174829,437
338721,18.0373,20.6755,435,46720,0.676039,0.21,1,175284,174849,435
341641,18.0075,22.5351,430,46720,0.703208,0.17,1,175302,174872,430
344561,20.4015,23.707,427,46720,0.756642,0.07,2,175323,174896,427
347481,22.4803,23.9414,426,46720,0.767328,0.07,2,175346,174920,426
350401,19.6961,21.5883,424,46720,0.753466,0.07,2,175365,174941,424
353321,17.5392,17.1177,425,46720,0.782693,0,2,175382,174957,425
356241,21.1078,21.8235,424,46720,0.692539,0.09,1,175404,174980,424
359161,28.2216,27.5647,425,46720,0.706508,0.11,1,175434,175009,425
362081,20.0443,19.1129,426,46720,0.773302,0.05,2,175452,175026,426
365001,24.0089,20.6226,430,46720,0.78666,0.27,2,175477,175047,430
367921,92.0018,88.1245,434,46720,0.869332,0.37,2,175586,175152,434
370841,36.8004,30.4249,441,46720,0.885866,0.37,2,175609,175168,441
373761,34.5601,33.285,441,46720,0.889173,0.49,2,175643,175202,441
511001,26,0,519,49640,0.51,1,1,177053,176534,519
513921,23.6,15.2,523,49640,0.51,1,1,177076,176553,523
516841,39.92,29.44,534,49640,0.462,1,1,177120,176586,534
519761,22.384,45.088,503,51100,0.4684,1,1,177138,176635,503
522681,21.2768,21.0176,509,51100,0.42168,1,1,177159,176650,509
525601,21.0554,25.8035,503,51100,0.356336,1,1,177180,176677,503
528521,17.0111,21.1607,499,51100,0.415267,1,1,177196,176697,499
531441,25.0022,23.4321,502,51100,0.331053,1,1,177223,176721,502
534361,15.4004,22.2864,493,51100,0.314211,1,1,177236,176743,493
537281,19.0801,17.2573,497,51100,0.294842,0.92,1,177256,176759,497
540201,19.016,21.8515,493,51100,0.258968,0.97,1,177275,176782,493
543121,21.4032,23.5703,491,51100,0.235794,1,1,177297,176806,491
546041,23.4806,21.5141,494,51100,0.199159,0.93,1,177321,176827,494
548961,25.4961,24.3028,495,52560,0.127832,0.97,1,177347,176852,495
551881,6.69923,27.2606,469,52560,0.0975663,0.91,1,177349,176880,469
554801,17.3398,22.2521,468,52560,0.0755133,0.59,1,177369,176901,468
557721,89.068,105.25,449,52560,0.103103,0.51,1,177476,177027,449
560641,36.2136,41.8501,446,54020,0.140621,0.51,1,177499,177053,446
563561,25.6427,26.77,446,54020,0.100124,0.45,1,177522,177076,446
566481,37.9285,40.554,443,54020,0.156025,0.45,1,177563,177120,443
569401,19.5857,8.1108,458,54020,0.087205,0.47,1,177578,177120,458
572321,18.3171,16.0222,458,54020,0.073441,0.41,1,177596,177138,458
575241,21.2634,20.0044,459,54020,0.0386882,0.34,1,177618,177159,459
578161,15.4527,20.8009,452,55480,0.239738,0.43,1,177632,177180,452
581081,24.6905,16.9602,463,55480,0.167948,0.31,1,177659,177196,463
584001,14.5381,24.992,448,55480,0.15359,0.31,1,177671,177223,448
586921,18.9076,15.3984,455,55480,0.166718,0.29,1,177691,177236,455
589841,17.3815,19.0797,452,55480,0.169344,0.25,1,177708,177256,452
592761,20.2763,19.0159,454,55480,0.217869,0.23,1,177729,177275,454
595681,20.0553,21.4032,452,55480,0.211574,0.19,1,177749,177297,452
598601,5.61105,23.4806,430,55480,0.178315,0.11,1,177751,177321,430
601521,18.7222,25.4961,426,55480,0.203663,0.09,1,177773,177347,426
604441,5.34444,6.69923,426,56940,0.224733,0.07,1,177775,177349,426
607361,17.0689,17.3398,426,56940,0.228947,0.11,1,177795,177369,426
610281,87.4138,89.068,424,56940,0.389789,0.11,1,177900,177476,424
613201,34.2828,17.8136,445,56940,0.405958,0.15,1,177921,177476,445
616121,27.6566,21.9627,448,56940,0.489192,0.09,1,177947,177499,448
619041,39.1313,22.7925,467,56940,0.505838,0.17,1,177989,177522,467
621961,18.2263,37.3585,439,56940,0.541168,0.07,1,178002,177563,439
624881,16.4453,19.4717,440,56940,0.532234,0.07,1,178018,177578,440
627801,30.4891,18.2943,456,56940,0.546447,0.03,1,178052,177596,456
630721,7.69781,21.2589,436,58400,0.549289,0.29,1,178054,177618,436
633641,11.9396,15.4518,435,58400,0.613858,0.15,1,178067,177632,435
636561,19.1879,24.6904,429,58400,0.658772,0.15,1,178088,177659,429
639481,14.2376,14.5381,430,58400,0.683754,0.17,1,178101,177671,430
642401,18.8475,18.9076,430,58400,0.688751,0.17,1,178121,177691,430
645321,18.9695,17.3815,432,58400,0.67375,0.23,1,178140,177708,432
648241,20.5939,20.2763,432,58400,0.71875,0.21,1,178161,177729,432
651161,20.1188,20.0553,432,58400,0.75975,0.17,2,178181,177749,432
654081,5.62376,5.61105,432,59860,0.76795,0.21,2,178183,177751,432
657001,17.9248,18.7222,431,59860,0.81759,0.21,2,178204,177773,431
659921,5.18495,3.74444,433,59860,0.827518,0.23,2,178206,177773,433
662841,18.637,2.34889,453,59860,0.765504,0.23,2,178228,177775,453
665761,93.3274,16.4698,545,59860,0.833101,0.43,2,178340,177795,545
668681,37.0655,87.294,463,61320,0.89462,0.41,2,178363,177900,463
1142141,4,12,493,52560,0.51,0.59,1,182125,181632,493
1152361,211.2,248,449,52560,0.766,0.47,2,182388,181939,449
1162581,99.84,108,448,52560,0.8172,0.59,2,182460,182012,448
1348001,37,52,470,42340,0.31,0.94,1,184191,183721,470
1355301,44.2,44,474,43800,0.294,0.85,1,184237,183763,474
1388881,47.24,56,463,43800,0.3548,0.29,1,184285,183822,463
1431221,259.848,287.2,431,43800,0.78296,0.21,2,184598,184167,431
1434141,75.1696,67.04,448,45260,0.900592,0.31,2,184627,184179,448
1619561,43,45,486,39420,0.03,0.97,1,186526,186040,486
1622481,35,43.4,476,40880,0.158,0.71,1,186559,186083,476
1625401,29.4,40.68,464,42340,0.1516,0.55,1,186587,186123,464
1628321,30.68,36.136,460,43800,0.13432,0.35,1,186618,186158,460
1631241,29.336,40.0272,448,43800,0.242864,0.17,1,186647,186199,448
1634161,44.2672,49.6054,444,43800,0.376573,0.05,1,186695,186251,444
1637081,46.4534,57.9211,431,43800,0.451315,0.01,1,186742,186311,431
1640001,40.4907,24.3842,454,43800,0.354263,0.05,1,186781,186327,454
1642921,20.0981,28.8768,439,43800,0.398853,0,1,186796,186357,439
1645841,30.4196,31.3754,440,45260,0.375771,0.05,1,186829,186389,440
1648761,22.8839,28.6751,433,45260,0.371154,0.01,1,186850,186417,433
1651681,15.7768,24.935,423,45260,0.386231,0.11,1,186864,186441,423
1654601,38.3554,38.587,425,45260,0.341246,0.11,1,186908,186483,425
1657521,42.0711,7.7174,468,45260,0.284249,0.03,1,186951,186483,468
1660441,10.0142,35.9435,427,45260,0.27285,0.19,1,186953,186526,427
1663361,30.0028,33.5887,429,45260,0.38257,0.19,1,186988,186559,429
1666281,29.2006,6.71774,458,46720,0.388514,0.15,1,187017,186559,458
1669201,7.44011,23.7435,432,46720,0.389703,0.13,1,187019,186587,432
1672121,30.288,29.5487,437,46720,0.453941,0.27,1,187055,186618,437
1675041,24.4576,29.1097,431,46720,0.482788,0.41,1,187078,186647,431
1677961,51.2915,44.2219,441,46720,0.504558,0.47,1,187136,186695,441
1680881,47.8583,46.4444,441,46720,0.604912,0.33,1,187183,186742,441
1683801,42.3717,40.4889,443,46720,0.640982,0.41,1,187224,186781,443
1686721,16.4743,20.0978,438,46720,0.584196,0.41,1,187234,186796,438
1689641,32.8949,4.01955,475,48180,0.572839,0.37,1,187271,186796,475
1692561,20.179,27.2039,459,48180,0.570568,0.37,1,187288,186829,459
1695481,13.6358,22.2408,450,48180,0.570114,0.39,1,187300,186850,450
1698401,37.9272,15.6482,480,48180,0.618023,0.33,1,187344,186864,480
1701321,42.7854,38.3296,480,48180,0.659605,0.27,1,187388,186908,480
1704241,10.1571,42.0659,439,48180,0.699921,0.27,1,187390,186951,439
1707161,32.4314,10.0132,475,48180,0.755984,0.41,2,187428,186953,475
1710081,8.08628,30.0026,442,48180,0.767197,0.39,2,187430,186988,442
1713001,22.4173,29.2005,439,49640,0.817439,0.39,2,187456,187017,439
1715921,6.08345,7.44011,439,49640,0.843488,0.47,2,187458,187019,439
1718841,34.8167,30.288,445,49640,0.864698,0.49,2,187500,187055,445
1721761,26.1633,24.4576,446,49640,0.90094,0.51,2,187524,187078,446
2038581,30,29,521,51100,0.73,1,1,190785,190264,521
2041501,29.2,25.8,525,51100,0.746,1,1,190814,190289,525
2044421,26.64,24.36,527,51100,0.6852,1,1,190840,190313,527
2047341,29.328,25.672,531,51100,0.62504,1,1,190870,190339,531
2050261,29.8656,30.7344,529,51100,0.597008,1,1,190900,190371,529
2053181,29.9731,27.7469,532,51100,0.527402,1,1,190930,190398,532
2056101,30.7946,22.3494,542,51100,0.46548,1,1,190961,190419,542
2110121,390.959,466.07,446,35040,0.389096,0.39,1,191442,190996,446
2113041,138.992,150.014,451,36500,0.613819,0.33,1,191518,191067,451
2115961,61.3984,55.6028,461,37960,0.786764,0.23,2,191560,191099,461
2118881,33.8797,50.3206,439,39420,0.837353,0.21,2,191587,191148,439
2121801,35.5759,33.2641,446,39420,0.799471,0.23,2,191623,191177,446
2124721,27.9152,19.4528,456,40880,0.743894,0.21,1,191649,191193,456
2127641,46.383,43.8906,457,40880,0.764779,0.23,2,191700,191243,457
2130561,46.0766,31.9781,474,40880,0.696956,0.07,1,191746,191272,474
2133481,29.2153,47.1956,448,40880,0.683391,0.09,1,191771,191323,448
2136401,29.0431,30.2391,451,40880,0.704678,0.05,1,191800,191349,451
2139321,40.2086,27.6478,467,40880,0.836936,0.33,2,191843,191376,467
2142241,15.2417,31.1296,444,40880,0.911387,0.29,2,191852,191408,444
2235681,30,30,507,42340,0.67,1,1,192984,192477,507
2238601,28.4,27.6,508,42340,0.622,1,1,193012,192504,508
2241521,26.48,24.72,510,42340,0.5484,1,1,193038,192528,510
2244441,27.696,25.744,512,42340,0.51768,1,1,193066,192554,512
2247361,27.1392,25.1488,514,42340,0.495536,1,1,193093,192579,514
2250281,35.0278,26.6298,524,42340,0.427107,1,1,193130,192606,524
2253201,27.0056,33.326,514,42340,0.445421,1,1,193155,192641,514
2256121,28.6011,41.0652,500,42340,0.417084,1,1,193184,192684,500
2259041,31.3202,29.013,506,42340,0.475417,1,1,193216,192710,506
2261961,49.464,25.8026,535,42340,0.471083,1,1,193270,192735,535
2264881,25.8928,54.7605,493,42340,0.502217,1,1,193290,192797,493
2267801,17.9786,25.3521,491,42340,0.476443,1,1,193306,192815,491
2270721,71.5957,21.8704,555,42340,0.183289,0.89,1,193391,192836,555
2273641,30.3191,77.1741,484,42340,0.140658,0.82,1,193411,192927,484
2276561,26.0638,37.0348,482,42340,0.148132,0.67,1,193436,192954,482
2279481,27.6128,31.407,480,42340,0.181626,0.61,1,193464,192984,480
2282401,23.1226,28.6814,474,42340,0.236325,0.53,1,193486,193012,474
2285321,24.6245,26.5363,473,42340,0.311265,0.51,1,193511,193038,473
2288241,24.9249,27.7073,470,42340,0.310253,0.49,1,193536,193066,470
2291161,33.785,27.1415,479,42340,0.374051,0.41,1,193572,193093,479
2294081,25.957,35.0283,466,42340,0.35481,0.45,1,193596,193130,466
2297001,29.1914,27.0057,471,42340,0.398962,0.41,1,193626,193155,471
2299921,33.8383,28.6011,477,42340,0.471792,0.49,1,193661,193184,477
2428401,36,41,473,32120,0.15,0.61,1,195217,194744,473
2431321,47.2,60.2,458,33580,0.134,0.41,1,195267,194809,458
2434241,39.84,48.04,451,35040,0.1468,0.17,1,195305,194854,451
2437161,63.968,50.408,470,36500,0.13336,0.01,1,195375,194905,470
2440081,39.9936,61.2816,440,37960,0.034672,0.09,1,195409,194969,440
2443001,34.3987,35.4563,444,37960,0.0069344,0.11,1,195442,194998,444
2445921,22.0797,30.2913,434,37960,0.105387,0.16,1,195461,195027,434
2448841,35.6159,27.6583,446,37960,0.0290774,0.17,1,195500,195054,446
2451761,35.1232,31.9316,448,37960,0.109815,0.11,1,195535,195087,448
2454681,61.4246,19.1863,500,37960,0.0219631,0.01,1,195603,195103,500
2457601,13.8849,66.2373,424,39420,0.00439262,0.15,1,195605,195181,424
2460521,36.377,42.0475,430,39420,0.0408785,0.15,1,195647,195217,430
2463441,45.6754,8.40949,478,39420,0.0161757,0.13,1,195695,195217,478
2466361,10.7351,41.6819,430,39420,0.0432351,0.15,1,195697,195267,430
2469281,31.747,38.7364,429,39420,0.048647,0.15,1,195734,195305,429
2472201,58.3494,7.74728,494,39420,0.0817294,0.13,1,195799,195305,494
2475121,13.2699,57.5495,426,40880,0.0563459,0.01,1,195801,195375,426
2478041,29.054,38.7099,425,40880,0.147269,0,1,195834,195409,425
2480961,31.4108,34.142,424,40880,0.133454,0.13,1,195866,195442,424
2483881,21.4822,22.0284,424,40880,0.242691,0.01,1,195885,195461,424
2486801,33.8964,35.6057,422,40880,0.232538,0.13,1,195922,195500,422
2489721,40.3793,35.1211,429,40880,0.214508,0,1,195964,195535,429
2492641,56.8759,61.4242,422,40880,0.0429015,0,1,196025,195603,422
2495561,12.9752,12.2848,424,40880,0.0325803,0,1,196027,195603,424
2498481,35.395,4.05697,463,40880,0.0785161,0.05,1,196068,195605,463
2501401,45.479,34.4114,469,40880,0.0397032,0.01,1,196116,195647,469
2504321,10.6958,45.2823,423,40880,0.0319406,0.05,1,196118,195695,423
2507241,31.7392,10.6565,458,40880,0.0943881,0.05,1,196155,195697,458
2510161,62.3478,31.7313,491,42340,0.0188776,0.09,1,196225,195734,491
2513081,14.0696,58.3463,428,42340,0.0437755,0.05,1,196227,195799,428
2516001,4.41391,13.2693,428,42340,0.0167551,0.17,1,196229,195801,428
2518921,28.0828,29.0538,429,42340,0.059351,0.13,1,196263,195834,429
2521841,34.4166,31.4108,433,42340,0.0998702,0.27,1,196299,195866,433
2524761,23.6833,21.4822,435,42340,0.075974,0.23,1,196320,195885,435
2527681,31.1367,33.8964,431,42340,0.135195,0.21,1,196353,195922,431
2530601,39.8273,40.3793,431,42340,0.163039,0,1,196395,195964,431
2533521,49.5655,56.8759,422,42340,0.216608,0.03,1,196447,196025,422
2536441,11.5131,12.9752,422,42340,0.227322,0.09,1,196449,196027,422
2539361,38.3026,35.395,426,42340,0.165464,0.03,1,196494,196068,426
2542281,42.8605,45.479,422,42340,0.105093,0.03,1,196538,196116,422
2545201,10.1721,10.6958,422,42340,0.0930186,0.11,1,196540,196118,422
2548121,34.0344,31.7392,425,42340,0.0426037,0.11,1,196580,196155,425
2551041,59.6069,6.34783,491,42340,0.0325207,0,1,196646,196155,491
2553961,13.5214,57.2696,423,42340,0.0305042,0.05,1,196648,196225,423
2556881,4.30428,13.0539,423,42340,0.0301008,0.01,1,196650,196227,423
2559801,30.4609,4.21078,458,42340,0.0460202,0.07,1,196687,196229,458
2562721,35.6922,28.0422,461,42340,0.065204,0.11,1,196724,196263,461
2565641,23.1384,34.4084,445,42340,0.0850408,0.07,1,196744,196299,445
2568561,32.6277,23.6817,459,42340,0.137008,0.15,1,196779,196320,459
2571481,44.1255,31.1363,473,42340,0.131402,0.17,1,196826,196353,473
2574401,48.0251,39.8273,480,42340,0.24228,0.23,1,196875,196395,480
2577321,11.205,49.5655,430,42340,0.264456,0.23,1,196877,196447,430
2580241,39.041,11.5131,474,42340,0.284891,0.15,1,196923,196449,474
2583161,39.0082,38.3026,468,42340,0.320978,0.09,1,196962,196494,468
2586081,9.40164,42.8605,426,42340,0.328196,0.09,1,196964,196538,426
2589001,32.2803,10.1721,462,42340,0.281639,0.03,1,197002,196540,462
2591921,60.0561,34.0344,489,42340,0.320328,0.03,1,197069,196580,489
2594841,13.6112,59.6069,425,42340,0.360066,0.03,1,197071,196646,425
2597761,4.32224,13.5214,425,42340,0.336013,0.03,1,197073,196648,425
2600681,30.4644,4.30428,460,42340,0.347203,0.05,1,197110,196650,460
2603601,36.4929,30.4609,461,42340,0.397441,0.07,1,197148,196687,461
2606521,24.0986,35.6922,445,42340,0.407488,0.09,1,197169,196724,445
2609441,35.2197,23.1384,463,42340,0.441498,0.15,1,197207,196744,463
2612361,45.4439,32.6277,476,42340,0.4643,0.13,1,197255,196779,476
2615281,52.2888,44.1255,483,42340,0.67686,0.27,1,197309,196826,483
2618201,12.0578,48.0251,436,42340,0.719372,0.27,1,197311,196875,436
2621121,40.8116,11.205,482,42340,0.775874,0.29,2,197359,196877,482
2624041,40.1623,39.041,476,42340,0.771175,0.33,2,197399,196923,476
2626961,9.63246,39.0082,439,42340,0.770235,0.33,2,197401,196962,439
2629881,31.5265,9.40164,474,42340,0.834047,0.27,2,197438,196964,474
2632801,61.5053,32.2803,505,42340,0.862809,0.33,2,197507,197002,505
2635721,13.9011,60.0561,440,42340,0.916562,0.37,2,197509,197069,440
2638641,4.38021,13.6112,440,42340,0.895312,0.33,2,197511,197071,440
2641561,30.476,4.32224,475,42340,0.891063,0.35,2,197548,197073,475
2837201,30,24,517,48180,0.85,1,2,199815,199298,517
2840121,22,43.2,489,48180,0.898,1,2,199835,199346,489
3016781,488,577,463,45260,0.55,0.39,1,201824,201361,463
3019701,192,226.6,442,46720,0.542,0.43,1,201942,201500,442
3029921,48,55.72,441,46720,0.4844,0.35,1,201954,201513,441
3034301,60.8,66.344,436,46720,0.60088,0.23,1,202018,201582,436
3043061,45.76,50.0688,432,46720,0.576176,0.25,1,202060,201628,432
3085401,49.152,48.4138,434,46720,0.619235,0.27,1,202110,201676,434
3088321,30.6304,20.0828,447,48180,0.627847,0.29,1,202136,201689,447
3091241,31.7261,23.2166,455,49640,0.725569,0.37,1,202168,201713,455
3094161,25.5452,27.8433,450,51100,0.857114,0.43,2,202192,201742,450
3097081,19.509,17.5687,453,52560,0.899423,0.43,2,202210,201757,453
3100001,9.50181,13.1137,448,52560,0.923885,0.51,2,202217,201769,448
3111681,9,17,447,54020,0.83,0.59,2,202271,201824,447
3114601,36.2,18.6,471,54020,0.862,0.59,2,202314,201843,471
3117521,36.84,26.92,479,54020,0.9004,0.6,2,202351,201872,479
3120441,36.168,38.984,473,54020,0.87608,0.47,2,202387,201914,473
3123361,35.2336,39.7968,468,54020,0.791216,0.53,2,202422,201954,468
3126281,42.2467,41.5594,470,55480,0.774243,0.53,2,202466,201996,470
3129201,43.6493,37.1119,478,55480,0.802849,0.59,2,202510,202032,478
3132121,51.1299,36.2224,495,55480,0.90457,0.63,2,202563,202068,495
3371941,37,34,491,17520,0.39,1,1,206825,206334,491
3374861,31.4,6.8,521,20440,0.406,0.23,1,206855,206334,521
3463921,103,128,439,20440,0.09,0.31,1,208788,208349,439
3465381,191,39.2,635,21900,0.234,0.09,1,209001,208366,635
3468301,123.8,232.64,461,23360,0.4708,0.03,1,209108,208647,461
3471221,34.36,76.928,435,24820,0.58216,0.05,1,209120,208685,435
3474141,20.472,34.5856,428,26280,0.652432,0.05,1,209137,208709,428
3477061,18.4944,13.3171,438,26280,0.666486,0.11,1,209155,208717,438
3479981,19.6989,21.8634,434,26280,0.589297,0.05,1,209175,208741,434
3482901,24.7398,23.5727,436,26280,0.637859,0.09,1,209201,208765,436
3485821,13.748,23.1145,424,26280,0.695572,0.27,1,209212,208788,424
3488741,185.15,175.023,439,26280,0.835114,0.53,2,209440,209001,439
3596781,165,44,616,23360,0.61,0.57,1,211345,210729,616
3599701,124.2,197.6,494,24820,0.546,0.43,1,211459,210965,494
3602621,52.84,99.52,454,26280,0.5492,0.47,1,211494,211040,454
3605541,38.568,43.104,460,27740,0.56584,0.41,1,211529,211069,460
3608461,30.9136,35.8208,455,27740,0.569168,0.39,1,211558,211103,455
3611381,28.5827,31.1642,453,27740,0.537834,0.39,1,211586,211133,453
3614301,32.9165,16.6328,474,29200,0.603567,0.37,1,211620,211146,474
3617221,8.18331,30.5266,442,29200,0.616713,0.61,1,211622,211180,442
3620141,140.037,138.105,450,29200,0.579343,0.61,1,211795,211345,450
3623061,116.007,27.6211,560,29200,0.475869,0.53,1,211905,211345,560
3625981,24.8015,96.7242,448,29200,0.455174,0.55,1,211907,211459,448
3628901,30.5603,47.3448,445,29200,0.531035,0.55,1,211939,211494,445
3631821,37.3121,9.46897,484,29200,0.562207,0.57,1,211978,211494,484
3634741,28.2624,29.8938,475,30660,0.616441,0.57,1,212004,211529,475
3637661,29.6525,29.1788,476,30660,0.643288,0.53,1,212034,211558,476
3640581,7.5305,28.2358,450,30660,0.648658,0.62,1,212036,211586,450
3643501,28.7061,32.8472,450,30660,0.617732,0.62,1,212070,211620,450
3646421,8.14122,8.16943,451,30660,0.627546,0.57,1,212073,211622,451
3649341,140.828,140.034,452,30660,0.789509,0.45,2,212247,211795,452
3652261,112.166,116.007,447,30660,0.885902,0.45,2,212352,211905,447
3655181,24.0331,24.8014,447,30660,0.90518,0.55,2,212354,211907,447
3658101,33.6066,30.5603,451,30660,0.941036,0.57,2,212390,211939,451
3745701,27,20,507,30660,0.65,1,1,213812,213305,507
3748621,27.8,19.2,516,30660,0.57,1,1,213840,213324,516
3751541,28.76,35.04,506,30660,0.458,1,1,213869,213363,506
3754461,28.952,31.808,504,30660,0.4036,1,1,213898,213394,504
3757381,32.9904,30.3616,508,30660,0.34472,1,1,213932,213424,508
3760301,31.3981,31.6723,507,30660,0.364944,1,1,213963,213456,507
3763221,34.2796,29.5345,513,30660,0.320989,1,1,213998,213485,513
3766141,103.656,31.5069,602,30660,0.520198,1,1,214119,213517,602
3769061,101.531,106.301,578,30660,0.76804,0.93,2,214220,213642,578
3771981,37.9062,113.26,485,30660,0.913608,0.79,2,214242,213757,485
3880021,180,215,428,23360,0.19,0.17,1,215970,215542,428
3882941,142.4,57.4,543,24820,0.542,0.01,1,216103,215560,543
3885861,55.68,120.28,441,26280,0.5964,0.15,1,216137,215696,441
3888781,25.536,41.656,437,27740,0.65528,0.11,1,216155,215718,437
3891701,6.7072,17.9312,427,29200,0.667056,0.03,1,216157,215730,427
3894621,22.1414,25.9862,425,30660,0.685411,0.07,1,216183,215758,425
3897541,27.6283,21.1972,434,30660,0.689082,0.03,1,216212,215778,434
3900461,43.1257,44.2394,431,30660,0.801816,0.05,2,216259,215828,431
3903381,121.425,40.0479,533,30660,0.920363,0.19,2,216400,215867,533
3938421,159,153,472,33580,0.89,0.99,2,217025,216553,472
3941341,38.2,30.6,480,35040,0.922,0.99,2,217033,216553,480
4154501,74,63,502,33580,0.45,1,1,220410,219908,502
4157421,39.6,12.6,533,33580,0.354,1,1,220441,219908,533
4160341,34.32,36.12,524,33580,0.1908,1,1,220474,219950,524
4163261,30.864,32.024,523,35040,0.34216,1,1,220504,219981,523
4301961,60,54,479,26280,0.33,0.29,1,222755,222276,479
4304881,41.6,58.8,456,27740,0.314,0.03,1,222792,222336,456
4307801,57.92,48.56,472,29200,0.3428,0.03,1,222854,222382,472
4310721,40.384,64.912,439,30660,0.26856,0.03,1,222890,222451,439
4313641,31.2768,36.9824,438,30660,0.381712,0.03,1,222919,222481,438
4316561,22.2554,29.7965,430,30660,0.372342,0.01,1,222939,222509,430
4319481,104.451,17.1593,541,30660,0.434468,0.15,1,223064,222523,541
4322401,73.6902,92.2319,496,30660,0.446894,0.25,1,223130,222634,496
4325321,16.338,67.2464,437,32120,0.449379,0.33,1,223132,222695,437
4328241,50.4676,61.4493,436,32120,0.609876,0.33,1,223191,222755,436
4331161,38.0935,12.2899,471,32120,0.657975,0.31,1,223226,222755,471
4334081,9.2187,32.058,436,32120,0.667595,0.35,1,223228,222792,436
4337001,52.2437,56.0116,437,32120,0.717519,0.35,1,223291,222854,437
4339921,37.6487,11.2023,471,32120,0.727504,0.25,1,223325,222854,471
4342841,36.3298,31.0405,471,32120,0.761501,0.41,2,223361,222890,471
4345761,23.2659,29.4081,462,32120,0.7843,0.37,2,223381,222919,462
4348681,106.253,21.8816,569,32120,0.88486,0.45,2,223508,222939,569
4351601,73.2506,104.376,509,32120,0.856972,0.45,2,223573,223064,509
4354521,16.2501,73.6753,445,33580,0.851394,0.45,2,223575,223130,445
4357441,4.85003,16.3351,445,33580,0.850279,0.65,2,223577,223132,445
4360361,55.37,50.467,454,33580,0.882056,0.67,2,223645,223191,454
4363281,39.874,38.0934,455,33580,0.920411,0.67,2,223681,223226,455
4582281,38,36,499,37960,0.79,1,2,226725,226226,499
4585201,57.2,52,505,37960,0.678,1,1,226787,226282,505
4588121,36.24,10.4,536,37960,0.6076,1,1,226818,226282,536
4591041,54.448,33.28,556,37960,0.51352,1,1,226877,226321,556
4593961,44.4896,76.256,511,39420,0.510704,1,1,226919,226408,511
4596881,33.6979,47.2512,502,39420,0.478141,1,1,226950,226448,502
4599801,29.1396,36.6502,496,39420,0.439628,1,1,226978,226482,496
4602721,37.0279,28.93,508,39420,0.575926,1,1,227017,226509,508
4605641,29.0056,34.586,499,39420,0.587185,0.87,1,227044,226545,499
4608561,34.6011,34.9172,500,39420,0.621437,0.93,1,227080,226580,500
4611481,8.52022,34.9834,467,40880,0.612287,0.91,1,227082,226615,467
4614401,26.504,34.9967,463,40880,0.722458,0.85,1,227113,226650,463
4617321,31.7008,36.5993,459,40880,0.840491,0.79,2,227146,226687,459
4620241,35.9402,37.7199,458,40880,0.848098,0.65,2,227183,226725,458
4718061,14,19,450,33580,0.07,0.37,1,228749,228299,450
4720981,62.8,74.2,437,33580,0.15,0.29,1,228824,228387,437
4754561,38.16,43.64,433,33580,0.166,0.31,1,228856,228423,433
4757481,38.032,35.128,438,35040,0.3452,0.27,1,228894,228456,438
4760401,32.4064,24.6256,447,36500,0.41304,0.17,1,228925,228478,447
4763321,34.4813,34.5251,445,37960,0.570608,0.11,1,228960,228515,445
4766241,28.4963,31.705,441,39420,0.746122,0.03,1,228987,228546,441
4769161,27.2993,23.141,447,39420,0.781224,0.01,2,229014,228567,447
4772081,36.6599,35.0282,448,39420,0.820245,0.05,2,229053,228605,448
4775001,24.932,35.8056,434,39420,0.828049,0.03,2,229075,228641,434
4777921,32.9864,23.1611,449,39420,0.79761,0.01,2,229110,228661,449
4780841,44.9973,35.8322,458,40880,0.791522,0.07,2,229158,228700,458
4783761,41.7995,46.3664,450,40880,0.838304,0.19,2,229199,228749,450
4786681,54.7599,42.8733,466,40880,0.783661,0.17,2,229257,228791,466
4789601,38.952,60.5747,436,40880,0.836732,0.39,2,229292,228856,436
4792521,41.3904,42.5149,440,42340,0.815346,0.39,2,229334,228894,440
4795441,36.2781,8.50299,475,42340,0.795069,0.43,2,229369,228894,475
4798361,8.85562,26.5006,446,42340,0.807014,0.61,2,229371,228925,446
4801281,36.9711,33.3001,455,42340,0.825403,0.61,2,229415,228960,455
4804201,32.1942,6.66002,486,42340,0.893081,0.79,2,229446,228960,486
4807121,32.0388,22.932,491,42340,0.922616,0.79,2,229478,228987,491
5100581,94,113,444,30660,0.35,0.27,1,233261,232817,444
5137081,58,70.6,433,30660,0.446,0.27,1,233310,232877,433
5140001,58.8,29.32,473,32120,0.5692,0.15,1,233369,232896,473
5142921,62.96,77.864,447,33580,0.76184,0.17,2,233433,232986,447
5145841,26.192,41.9728,431,33580,0.848368,0.13,2,233450,233019,431
5265561,63,49,488,27740,0.27,0.75,1,235162,234674,488
5268481,94.2,101,476,29200,0.318,0.61,1,235264,234788,476
5271401,67.64,81,461,30660,0.4236,0.47,1,235325,234864,461
5274321,40.728,41.8,463,32120,0.49272,0.47,1,235359,234896,463
5277241,37.7456,38.76,462,32120,0.682544,0.37,1,235396,234934,462
5280161,28.3491,39.752,448,32120,0.720509,0.31,1,235422,234974,448
5283081,23.2698,25.5504,448,33580,0.840102,0.33,2,235444,234996,448
5376521,36,35,518,37960,0.41,1,1,236819,236301,518
5379441,38.4,28.6,530,37960,0.314,1,1,236858,236328,530
5382361,38.88,35.32,532,37960,0.2308,1,1,236897,236365,532
5385281,34.976,34.264,532,37960,0.08616,1,1,236931,236399,532
5386741,30.9952,30.0528,533,37960,0.121232,1,1,236961,236428,533
5427621,375.799,459.611,428,26280,0.688246,0.15,1,237423,236995,428
5430541,119.96,127.922,439,27740,0.817649,0.11,2,237479,237040,439
5433461,74.392,77.5844,437,29200,0.90753,0.17,2,237542,237105,437
5518141,35,32,506,37960,0.71,1,1,238825,238319,506
5521061,37.4,32.8,511,37960,0.662,1,1,238863,238352,511
5523981,35.48,6.56,546,37960,0.5564,1,1,238898,238352,546
5526901,35.096,54.912,514,37960,0.43928,1,1,238933,238419,514
5529821,34.2192,38.1824,514,37960,0.319856,1,1,238967,238453,514
5532741,32.4438,33.2365,514,37960,0.231971,1,1,238999,238485,514
5535661,64.8888,28.2473,560,37960,0.118394,1,1,239072,238512,560
5538581,41.7778,72.8495,512,37960,0.0796788,1,1,239108,238596,512
5541501,37.1556,41.7699,514,37960,0.0719358,1,1,239144,238630,514
5544421,31.4311,38.754,506,37960,0.0543872,1,1,239174,238668,506
5547341,45.4862,34.1508,522,37960,0.0988774,0.87,1,239223,238701,522
5550261,10.6972,49.2302,471,37960,0.107775,0.87,1,239225,238754,471
5553181,24.5394,38.646,463,37960,0.125555,0.71,1,239253,238790,463
5556101,27.3079,35.7292,456,37960,0.145111,0.65,1,239281,238825,456
5559021,32.6616,37.5458,452,37960,0.245022,0.53,1,239315,238863,452
5561941,29.7323,35.5092,446,37960,0.297004,0.41,1,239344,238898,446
5564861,28.3465,35.1018,439,37960,0.355401,0.29,1,239372,238933,439
5567781,28.8693,34.2204,434,37960,0.35108,0.21,1,239401,238967,434
5570701,27.3739,32.4441,429,37960,0.398216,0.09,1,239428,238999,429
5573621,60.6748,64.8888,425,37960,0.583643,0.07,1,239497,239072,425
5576541,40.135,41.7778,424,37960,0.700729,0.07,1,239532,239108,424
5579461,35.227,37.1556,422,37960,0.788146,0.05,2,239566,239144,422
5713781,505,577,448,26280,0.33,0.35,1,241262,240814,448
5716701,141.8,154.6,450,27740,0.458,0.21,1,241313,240863,450
5719621,75.56,81.32,446,29200,0.6116,0.17,1,241372,240926,446
5722541,60.712,63.464,444,30660,0.65832,0.21,1,241429,240985,444
5725461,77.7424,61.4928,465,32120,0.763664,0.17,2,241511,241046,465
5859781,45,49,475,29200,0.45,0.27,1,243357,242882,475
5862701,92.2,113.8,449,30660,0.674,0.13,1,243461,243012,449
5865621,64.04,66.76,451,32120,0.7188,0.19,1,243518,243067,451
6030601,37,45,463,29200,0.67,0.33,1,245753,245290,463
6033521,58.6,64.2,458,30660,0.782,0.25,2,245817,245359,458
6121121,42,55,525,37960,0.79,1,2,247085,246560,525
6124041,39.6,42.2,525,37960,0.758,1,2,247124,246599,525
6126961,37.52,53.24,506,37960,0.6556,1,1,247161,246655,506
6129881,41.104,41.848,509,37960,0.66712,1,1,247203,246694,509
6132801,33.8208,34.7696,508,37960,0.637424,1,1,247235,246727,508
6135721,33.9642,34.1539,508,37960,0.599485,1,1,247269,246761,508
6138641,36.3928,35.6308,509,37960,0.559897,1,1,247306,246797,509
6141561,32.0786,31.1262,510,37960,0.519979,1,1,247337,246827,510
6144481,40.8157,60.6252,485,37960,0.479996,1,1,247380,246895,485
6147401,40.9631,41.725,489,37960,0.471999,1,1,247421,246932,489
6150321,27.3926,37.945,476,37960,0.4384,0.94,1,247445,246969,476
6153241,27.0785,34.789,469,37960,0.41568,0.88,1,247472,247003,469
6156161,35.0157,38.9578,466,37960,0.427136,0.79,1,247509,247043,466
6159081,36.6031,41.3916,461,37960,0.381427,0.75,1,247546,247085,461
6162001,36.1206,39.4783,458,37960,0.468285,0.63,1,247582,247124,458
6164921,33.6241,37.4957,454,37960,0.533657,0.67,1,247615,247161,454
6167841,41.9248,41.0991,456,37960,0.482731,0.63,1,247659,247203,456
6170761,31.585,33.8198,453,37960,0.600546,0.59,1,247688,247235,453
6173681,28.717,33.964,447,37960,0.688109,0.55,1,247716,247269,447
6176601,35.3434,36.3928,447,37960,0.801622,0.51,2,247753,247306,447
6179521,30.2687,32.0786,445,37960,0.888324,0.47,2,247782,247337,445
6265661,39,24,542,37960,0.73,1,1,248939,248397,542
6281721,397.4,469.6,448,26280,0.234,0.15,1,249426,248978,448
6313841,222.68,250.72,431,26280,0.2148,0.13,1,249605,249174,431
6316761,94.136,91.744,441,27740,0.16296,0.07,1,249667,249226,441
6319681,45.2272,45.5488,440,29200,0.152592,0.07,1,249700,249260,440
6322601,49.8454,62.7098,424,30660,0.166518,0.09,1,249751,249327,424
6325521,39.5691,39.742,427,32120,0.249304,0.09,1,249788,249361,427
6328441,33.5138,32.7484,428,33580,0.329861,0.15,1,249820,249392,428
6331361,29.9028,24.1497,435,33580,0.281972,0.07,1,249849,249414,435
6334281,59.5806,56.8299,437,33580,0.224394,0.13,1,249916,249479,437
6337201,61.5161,56.966,442,33580,0.228879,0.23,1,249978,249536,442
6340121,57.9032,52.9932,447,35040,0.213776,0.21,1,250035,249588,447
6343041,58.7806,24.1986,489,35040,0.194755,0.15,1,250094,249605,489
6345961,13.3561,54.4397,429,35040,0.158951,0.15,1,250096,249667,429
6348881,28.2712,37.2879,428,35040,0.24779,0.15,1,250128,249700,428
6351801,44.8542,7.45759,477,35040,0.249558,0.17,1,250177,249700,477
6354721,10.5708,42.2915,428,36500,0.217912,0.27,1,250179,249751,428
6357641,36.5142,38.0583,434,36500,0.371582,0.27,1,250222,249788,434
6360561,33.7028,7.61166,467,36500,0.402316,0.35,1,250255,249788,467
6363481,26.7406,27.1223,460,36500,0.408463,0.27,1,250280,249820,460
6366401,61.3481,28.6245,501,36500,0.393693,0.21,1,250350,249849,501
6369321,58.6696,59.3249,492,36500,0.390739,0.23,1,250408,249916,492
6372241,13.3339,61.465,432,36500,0.390148,0.21,1,250410,249978,432
6375161,49.8668,57.893,434,36500,0.56603,0.19,1,250469,250035,434
6378081,54.7734,58.7786,431,36500,0.601206,0.15,1,250525,250094,431
6381001,12.5547,13.3557,431,36500,0.608241,0.27,1,250527,250096,431
6383921,31.3109,28.2711,435,36500,0.673648,0.25,1,250563,250128,435
6386841,45.4622,44.8542,435,37960,0.73473,0.25,1,250612,250177,435
6389761,10.6924,8.97085,437,37960,0.746946,0.21,1,250614,250177,437
6392681,42.1385,3.39417,485,37960,0.813389,0.41,2,250664,250179,485
6395601,32.4277,35.0788,472,37960,0.874678,0.41,2,250694,250222,472
6398521,26.4855,33.4158,464,37960,0.902936,0.41,2,250719,250255,464
6401441,62.0971,26.6832,510,37960,0.940587,0.39,2,250790,250280,510
6545981,71,27,511,27740,0.37,1,1,252789,252278,511
6548901,109.4,47,578,29200,0.498,0.97,1,252908,252330,578
6551821,46.68,105.4,489,30660,0.6196,1,1,252939,252450,489
6554741,34.936,49.08,486,32120,0.67592,0.97,1,252971,252485,486
6557661,23.7872,32.216,479,33580,0.767184,0.79,2,252992,252513,479
6560581,31.1574,35.2432,476,33580,0.833437,0.79,2,253025,252549,476
6671541,50,47,447,27740,0.11,0,1,254652,254205,447
6674461,97.2,102.2,440,29200,0.126,0.03,1,254761,254321,440
6677381,49.84,50.04,441,30660,0.2412,0.01,1,254799,254358,441
6680301,41.168,38.808,444,32120,0.28024,0.05,1,254838,254394,444
6683221,35.4336,35.7616,443,33580,0.368048,0.13,1,254872,254429,443
6686141,28.6867,36.7523,433,33580,0.46561,0.09,1,254899,254466,433
6689061,22.5373,22.5505,435,33580,0.549122,0.01,1,254920,254485,435
6691981,52.5075,53.3101,434,33580,0.725824,0.07,1,254980,254546,434
6694901,49.7015,41.862,444,35040,0.873165,0.13,2,255029,254585,444
6797101,48,53,497,29200,0,1,1,256493,255996,497
6800021,60,57,502,30660,0.04,1,1,256556,256054,502
6802941,64.8,57.8,510,32120,0.032,0.73,1,256622,256112,510
6805861,61.76,91.56,471,33580,0.1584,0.57,1,256683,256212,471
6808781,41.952,50.312,468,33580,0.15168,0.51,1,256720,256252,468
6811701,30.7904,40.4624,458,35040,0.214336,0.39,1,256748,256290,458
6814621,29.3581,33.6925,455,35040,0.242867,0.25,1,256777,256322,455
6817541,26.6716,33.1385,448,35040,0.312573,0.27,1,256803,256355,448
6820461,55.7343,20.2277,494,35040,0.454515,0.01,1,256866,256372,494
6823381,12.7469,62.4455,423,35040,0.498903,0,1,256868,256445,423
6826301,43.3494,50.8891,426,35040,0.523781,0,1,256919,256493,426
6829221,55.8699,10.1778,485,35040,0.720756,0.05,1,256978,256493,485
6832141,12.774,52.4356,424,36500,0.760151,0.03,2,256980,256556,424
6835061,54.5548,63.2871,423,36500,0.70403,0.03,1,257045,256622,423
6837981,65.311,12.6574,491,36500,0.884806,0.19,2,257113,256622,491
7086181,38,52,487,27740,0.55,0.99,1,260776,260289,487
7089101,82.8,62.4,516,29200,0.454,1,1,260870,260354,516
7092021,98.96,62.08,557,29200,0.6428,1,1,260973,260416,557
7094941,58.992,102.816,493,29200,0.79256,0.87,2,261022,260529,493
7097861,38.1984,51.7632,487,29200,0.902512,0.89,2,261055,260568,487
7100781,30.8397,39.1526,480,30660,0.940502,0.77,2,261084,260604,480
7205901,126,125,485,23360,0.27,0.31,1,262882,262397,485
7208821,90,94.6,479,24820,0.534,0.09,1,262963,262484,479
7211741,42.8,75.72,439,26280,0.7308,0.05,1,262994,262555,439
7214661,32.56,40.744,437,27740,0.84216,0.01,2,263024,262587,437
7217581,42.512,43.3488,438,27740,0.896432,0.09,2,263069,262631,438
7328541,83,82,443,21900,0.73,0.27,1,265183,264740,443
7581121,75,41,561,30660,0.19,1,1,270231,269670,561
7584041,47,68.2,526,30660,0.158,1,1,270271,269745,526
7586961,37.4,44.04,523,30660,0.0316,1,1,270306,269783,523
7589881,37.08,34.408,528,30660,0.07832,1,1,270343,269815,528
7592801,34.616,41.2816,519,30660,0.087664,1,1,270377,269858,519
7594261,35.7232,35.4563,521,30660,0.137533,1,1,270413,269892,521
7686241,73,73,536,30660,0.55,1,1,272145,271609,536
7689161,49,59.4,523,30660,0.582,1,1,272188,271665,523
7692081,41,43.08,523,30660,0.5244,1,1,272227,271704,523
7695001,22.6,38.216,504,30660,0.48088,1,1,272245,271741,504
7697921,25.32,36.4432,494,30660,0.488176,1,1,272271,271777,494
7700841,46.664,42.4886,502,30660,0.409635,1,1,272323,271821,502
7703761,33.3328,38.0977,495,30660,0.425927,0.99,1,272353,271858,495
7706681,85.8666,109.22,467,30660,0.525185,0.87,1,272452,271985,467
7709601,43.5733,51.4439,463,30660,0.625037,0.87,1,272485,272022,463
7712521,42.3147,10.2888,505,30660,0.613007,0.75,1,272527,272022,505
7715441,61.2629,42.0578,521,30660,0.850601,0.55,2,272593,272072,521
7791361,35,43,539,30660,0.67,1,1,273785,273246,539
7794281,55.8,38.2,563,30660,0.446,1,1,273846,273283,563
7797201,51.96,83.64,519,30660,0.3532,1,1,273897,273378,519
7800121,43.992,51.928,517,30660,0.25464,1,1,273939,273422,517
7803041,49.5984,41.5856,529,30660,0.170928,1,1,273990,273461,529
7805961,65.1197,44.3171,553,30660,0.0581856,1,1,274059,273506,553
7808881,50.6239,73.6634,519,30660,0.0356371,1,1,274106,273587,519
7811801,39.7248,46.7327,516,30660,0.0471274,1,1,274143,273627,516
7814721,28.745,38.9465,505,30660,0.0814255,0.89,1,274169,273664,505
7817641,41.749,39.7893,510,30660,0.0882851,0.87,1,274214,273704,510
7820561,23.5498,44.7579,483,30660,0.153657,0.67,1,274233,273750,483
7823481,46.31,36.9516,500,30660,0.246731,0.39,1,274285,273785,500
7826401,48.462,56.1903,488,30660,0.425346,0.33,1,274334,273846,488
7829321,40.0924,52.0381,475,30660,0.589069,0.23,1,274372,273897,475
7832241,44.8185,44.0076,479,30660,0.765814,0.15,2,274418,273939,479
7960721,49,36,459,27740,0.59,0.21,1,276330,275871,459
7963641,51.4,56,450,29200,0.734,0.09,1,276382,275932,450
8159281,78,79,484,21900,0.25,0.85,1,279757,279273,484
8162201,62,63.8,482,23360,0.282,0.71,1,279815,279333,482
8165121,41.2,48.76,473,23360,0.2564,0.51,1,279851,279378,473
8168041,37.04,48.152,461,24820,0.34728,0.33,1,279887,279426,461
8170961,40.208,49.6304,452,24820,0.333456,0.21,1,279928,279476,452
8173881,64.0416,48.3261,474,24820,0.522691,0.13,1,279998,279524,474
8176801,100.008,63.2652,516,24820,0.864538,0.11,2,280107,279591,516
8238121,46,36,540,24820,0.55,1,1,281308,280768,540
8241041,43.6,44,537,24820,0.438,1,1,281351,280814,537
8243961,47.92,39.2,548,24820,0.2876,1,1,281400,280852,548
8246881,87.184,53.44,588,24820,0.16152,1,1,281497,280909,588
8249801,108.637,111.488,576,24820,0.120304,1,1,281611,281035,576
8252721,52.9274,100.698,517,24820,0.112061,1,1,281650,281133,517
8255641,31.3855,56.9395,497,24820,0.126412,0.78,1,281676,281179,497
8258561,36.6771,42.5879,496,24820,0.0972824,0.65,1,281714,281218,496
8261481,37.7354,43.7176,490,24820,0.0754565,0.55,1,281752,281262,490
8264401,36.3471,45.5435,480,24820,0.151091,0.41,1,281788,281308,480
8267321,43.2694,43.5087,482,24820,0.230218,0.25,1,281833,281351,482
8270241,83.8539,47.9017,527,24820,0.662044,0.13,1,281927,281400,527
8360761,503,606,460,18980,0.39,0.55,1,283673,283213,460
8363681,163.8,172.4,475,20440,0.518,0.23,1,283752,283277,475
8449821,278,303,427,18980,0.93,0.03,2,285806,285379,427
8530121,109,36,507,18980,0.85,0.05,2,287724,287217,507
8588521,126,99,612,21900,0.33,1,1,289148,288536,612
8591441,66.8,133.4,522,21900,0.314,1,1,289200,288678,522
8594361,66.96,65.08,541,21900,0.3268,1,1,289267,288726,541
8597281,47.792,62.616,522,21900,0.36936,1,1,289310,288788,522
8600201,41.5584,44.5232,522,21900,0.401872,0.96,1,289350,288828,522
8603121,32.3117,44.1046,508,21900,0.456374,0.93,1,289380,288872,508
8606041,80.8623,42.4209,559,21900,0.451275,0.65,1,289473,288914,559
8608961,106.572,94.8842,564,21900,0.594255,0.33,1,289586,289022,564
8611881,61.3145,119.777,488,21900,0.814851,0.31,2,289636,289148,488
8676121,54,46,502,24820,0.69,1,1,291070,290568,502
8679041,61.2,63.6,497,24820,0.626,1,1,291133,290636,497
8681961,60.24,59.92,498,26280,0.5972,1,1,291193,290695,498
8684881,43.248,43.184,498,26280,0.52744,1,1,291232,290734,498
8687801,33.4496,43.8368,485,26280,0.513488,1,1,291263,290778,485
8690721,65.0899,68.7674,483,26280,0.510698,1,1,291336,290853,483
8693641,83.418,13.7535,571,27740,0.49414,0.65,1,291424,290853,571
8696561,53.4836,97.9507,498,27740,0.442828,0.71,1,291470,290972,498
8699481,53.8967,54.7901,508,29200,0.432566,0.69,1,291524,291016,508
8702401,55.5793,54.158,510,29200,0.526513,0.61,1,291580,291070,510
8705321,12.7159,61.2316,449,29200,0.513303,0.59,1,291582,291133,449
8708241,48.9432,60.2463,447,29200,0.622661,0.51,1,291640,291193,447
8711161,40.9886,43.2493,447,30660,0.756532,0.51,2,291679,291232,447
8714081,32.9977,33.4499,447,30660,0.863306,0.51,2,291710,291263,447
8807521,88,114,429,26280,0.65,0.19,1,293598,293169,429
8830881,40,41.2,434,26280,0.778,0.19,2,293626,293192,434
8833801,20.8,24.24,430,27740,0.8996,0.19,2,293642,293212,430
8836721,28.96,4.848,461,29200,0.92392,0.27,2,293673,293212,461
8908261,143,165,437,24820,0.45,0.27,1,295392,294955,437
8936001,43.8,53,431,24820,0.514,0.21,1,295411,294980,431
8938921,42.36,25.8,454,26280,0.6068,0.19,1,295453,294999,454
8941841,38.872,34.76,455,27740,0.72136,0.27,1,295491,295036,455
8944761,34.1744,42.952,443,27740,0.840272,0.15,2,295524,295081,443
8947681,32.4349,27.7904,451,27740,0.896054,0.13,2,295556,295105,451
9061561,79,57,515,23360,0.95,1,2,297560,297045,515
9252821,38,46,494,13140,0.61,1,1,304913,304419,494
9254281,185.2,43.6,673,14600,0.658,0.57,1,305135,304462,673
9257201,97.84,219.92,485,14600,0.8756,0.53,2,305211,304726,485
9293701,52,34,535,14600,0.57,1,1,306389,305854,535
9296621,127.2,160.4,489,14600,0.298,1,1,306535,306046,489
9299541,153.44,148.88,503,14600,0.1156,0.85,1,306695,306192,503
9302461,78.688,104.176,470,14600,0.12712,0.75,1,306755,306285,470
9305381,48.5376,62.4352,459,14600,0.097424,0.57,1,306796,306337,459
9308301,40.9075,54.087,446,14600,0.171485,0.23,1,306835,306389,446
9311221,116.182,127.617,435,14600,0.314297,0.07,1,306970,306535,435
9314141,143.236,153.523,425,14600,0.694859,0.13,1,307120,306695,425
9363781,51,86,482,20440,0.35,1,1,308630,308148,482
9366701,55,52.4,494,21900,0.238,1,1,308686,308192,494
9369621,47.8,41.68,501,21900,0.2796,1,1,308732,308231,501
9372541,89.56,8.336,601,23360,0.19192,0.98,1,308832,308231,601
9375461,146.712,106.467,631,23360,0.430384,0.69,1,308993,308362,631
9378381,30.9424,162.893,456,24820,0.494077,0.53,1,308995,308539,456
9381301,29.3885,64.5787,445,26280,0.522815,0.35,1,309024,308579,445
9384221,38.6777,53.7157,435,26280,0.576563,0.35,1,309065,308630,435
9387141,50.9355,10.7431,489,26280,0.667313,0.21,1,309119,308630,489
9390061,49.3871,46.9486,482,26280,0.813462,0.29,2,309168,308686,482
9392981,11.4774,46.1897,438,26280,0.858692,0.17,2,309170,308732,438
9540441,112,134,489,20440,0.43,1,1,312312,311823,489
9543361,100.8,94,503,20440,0.35,1,1,312410,311907,503
9546281,101.76,103.6,499,20440,0.382,1,1,312512,312013,499
9549201,48.352,20.72,534,20440,0.3884,1,1,312547,312013,534
9552121,62.4704,52.144,540,20440,0.43768,0.91,1,312613,312073,540
9555041,14.0941,69.6288,468,20440,0.431536,0.81,1,312615,312147,468
9557961,39.6188,56.3258,461,21900,0.526307,0.43,1,312661,312200,461
9560881,81.5238,100.865,441,21900,0.817262,0.33,2,312753,312312,441
9616361,48,72,524,21900,0.45,1,1,314053,313529,524
9619281,50.4,36.8,547,21900,0.242,1,1,314104,313557,547
9622201,52.48,36.16,564,21900,0.0724,1,1,314157,313593,564
9625121,90.496,80.832,572,21900,0.05448,1,1,314257,313685,572
9628041,109.299,96.1664,586,21900,0.082896,1,1,314371,313785,586
9630961,50.6598,105.633,514,21900,0.0405792,0.89,1,314407,313893,514
9633881,50.132,56.3267,520,21900,0.144116,0.65,1,314457,313937,520
9636801,38.8264,65.6653,488,21900,0.276823,0.45,1,314493,314005,488
9639721,37.3653,51.5331,477,21900,0.287365,0.19,1,314530,314053,477
9642641,45.8731,51.1066,474,21900,0.225473,0.03,1,314578,314104,474
9645561,91.5746,52.6213,524,21900,0.277095,0.05,1,314681,314157,524
9648481,108.715,90.5243,537,23360,0.543419,0.09,1,314794,314257,537
9651401,50.543,109.305,459,23360,0.644684,0.03,1,314830,314371,459
9654321,56.5086,50.661,481,23360,0.776937,0.17,2,314888,314407,481
9657241,43.3017,50.1322,471,23360,0.835387,0.31,2,314928,314457,471
9921501,97,71,509,18980,0.27,0.03,1,320426,319917,509
9924421,58.6,103,447,20440,0.43,0.09,1,320475,320028,447
9927341,47.72,60.6,442,21900,0.494,0.27,1,320520,320078,442
9930261,54.344,45.72,456,23360,0.7628,0.19,2,320576,320120,456
9933181,26.8688,45.144,431,23360,0.83256,0.07,2,320596,320165,431
10004721,154,264,529,18980,0.25,0.81,1,322359,321830,529
10007641,56.4,121.6,475,20440,0.282,0.63,1,322391,321916,475
10010561,36.88,54.72,469,21900,0.3364,0.59,1,322423,321954,469
10013481,40.976,43.744,470,23360,0.41128,0.51,1,322465,321995,470
10016401,23.3952,43.1488,446,23360,0.514256,0.35,1,322484,322038,446
10086481,199,111,649,18980,0.31,0.91,1,324270,323621,649
10089401,75,187.8,486,20440,0.374,0.75,1,324314,323828,486
10092321,48.6,75.16,481,21900,0.3228,0.61,1,324356,323875,481
10095241,41.72,57.432,468,23360,0.47256,0.57,1,324396,323928,468
10098161,23.544,44.2864,446,23360,0.630512,0.33,1,324415,323969,446
10250001,118,65,519,17520,0.37,0.55,1,328256,327737,519
10252921,169.2,89,606,18980,0.738,0.03,1,328438,327832,606
10255841,69.04,181,446,20440,0.8276,0.15,2,328482,328036,446
10381401,47,35,527,24820,0.59,1,1,331425,330898,527
10384321,46.2,38.2,534,24820,0.478,1,1,331471,330937,534
10387241,50.04,36.44,549,24820,0.2316,1,1,331522,330973,549
10390161,145.208,187.288,493,24820,0.10232,1,1,331691,331198,493
10393081,52.2416,37.4576,522,24820,0.124464,0.95,1,331720,331198,522
10396001,41.6483,42.6915,517,24820,0.0808928,1,1,331759,331242,517
10398921,40.3297,47.7383,508,24820,0.0161786,0.86,1,331799,331291,508
10401841,37.6659,47.9477,497,24820,0.0912357,0.79,1,331836,331339,497
10404761,35.5332,40.7895,493,24820,0.186247,0.59,1,331871,331378,493
10407681,37.5066,45.7579,484,24820,0.237249,0.45,1,331909,331425,484
10410601,37.9013,45.9516,476,24820,0.29545,0.17,1,331947,331471,476
10413521,141.18,49.9903,592,24820,0.53109,0.07,1,332114,331522,592
10416441,54.6361,145.198,456,24820,0.834218,0.13,2,332147,331691,456
10506961,572,703,433,16060,0.29,0.09,1,333959,333526,433
10509881,224,208.6,485,17520,0.706,0.11,1,334096,333611,485
10578501,34,21,465,17520,0.37,0.39,1,335780,335315,465
10581421,47.6,26.6,488,18980,0.482,0.03,1,335831,335343,488
10584341,152.72,156.52,478,20440,0.8084,0.17,2,336010,335532,478
10642741,47,32,545,24820,0.43,1,1,337240,336695,545
10645661,44.6,31.2,558,24820,0.334,1,1,337284,336726,558
10648581,47.32,44.64,558,24820,0.1388,1,1,337332,336774,558
10651501,95.864,45.728,620,24820,0.06776,1,1,337440,336820,620
10654421,80.7728,126.746,550,24820,0.069552,1,1,337517,336967,550
10657341,55.3546,89.3491,519,24820,0.0859104,1,1,337566,337047,519
10660261,44.6709,57.8698,511,24820,0.0731821,0.81,1,337608,337097,511
10663181,35.3342,52.374,493,24820,0.182636,0.63,1,337641,337148,493
10666101,37.4668,46.4748,486,24820,0.188527,0.43,1,337679,337193,486
10669021,36.2934,46.895,475,24820,0.269705,0.31,1,337715,337240,475
10671941,41.6587,44.579,474,24820,0.285941,0.09,1,337758,337284,474
10674861,91.5317,47.3158,530,24820,0.545188,0.05,1,337862,337332,530
10677781,83.1063,95.8632,503,24820,0.805038,0.07,2,337943,337440,503
10753701,42,80,528,26280,0.37,1,1,339476,338948,528
10756621,41.2,52.8,523,27740,0.37,1,1,339517,338994,523
10759541,46.64,48.16,524,27740,0.37,1,1,339565,339041,524
10762461,42.128,45.632,520,27740,0.322,1,1,339606,339086,520
10765381,34.0256,47.5264,504,27740,0.3284,0.96,1,339638,339134,504
10768301,16.4051,47.1053,469,27740,0.32168,0.99,1,339650,339181,469
10771221,58.481,63.0211,471,27740,0.312336,0.57,1,339719,339248,471
10774141,71.6962,87.0042,453,29200,0.454467,0.43,1,339794,339341,453
10777061,78.3392,91.8008,440,29200,0.642893,0.37,1,339874,339434,440
10779981,46.8678,51.9602,437,29200,0.776579,0.37,2,339913,339476,437
10890941,131,149,451,24820,0.53,0.45,1,341733,341282,451
10893861,80.6,69,470,26280,0.514,0.35,1,341801,341331,470
10996061,283,333,432,23360,0.57,0.27,1,343615,343183,432
10998981,76.6,86.6,432,24820,0.602,0.21,1,343640,343208,432
11001901,51.32,37.32,452,26280,0.7684,0.11,2,343685,343233,452
11080741,95,69,494,21900,0.29,0.71,1,345348,344854,494
11083661,59,69,475,23360,0.402,0.55,1,345398,344923,475
11086581,42.2,53.8,463,24820,0.4884,0.39,1,345436,344973,463
11089501,42.04,51.56,454,24820,0.63368,0.29,1,345478,345024,454
11092421,38.008,45.512,447,24820,0.742736,0.35,1,345515,345068,447
11095341,55.6016,53.9024,451,24820,0.860547,0.17,2,345575,345124,451
11171261,199,48,643,21900,0.67,0.67,1,347200,346557,643
11174181,69.4,176,472,23360,0.734,0.57,1,347237,346765,472
11177101,54.68,76.8,471,23360,0.8108,0.47,2,347288,346817,471
11180021,46.136,52.96,468,23360,0.87416,0.45,2,347332,346864,468
11308501,49,40,511,23360,0.19,1,1,350294,349783,511
11311421,49.8,40,521,23360,0.062,1,1,350344,349823,521
11314341,42.76,49.6,510,23360,0.0204,1,1,350385,349875,510
11317261,65.352,83.52,489,23360,0.01208,1,1,350456,349967,489
11320181,94.6704,103.104,483,23360,0.042416,1,1,350558,350075,483
11323101,56.5341,62.2208,478,23360,0.0804832,0.73,1,350605,350127,478
11326021,48.9068,71.6442,451,23360,0.168097,0.47,1,350652,350201,451
11328941,36.1814,49.5288,440,23360,0.217619,0.19,1,350685,350245,440
11331861,40.0363,49.1058,432,23360,0.275524,0.03,1,350726,350294,432
11334781,40.8073,49.8212,423,23360,0.255105,0.01,1,350767,350344,423
11337701,40.1615,42.7642,422,23360,0.387021,0.01,1,350807,350385,422
11340621,65.6323,65.3528,423,23360,0.357404,0.05,1,350879,350456,423
11343541,95.5265,94.6706,424,23360,0.735481,0.09,1,350982,350558,424
11346461,59.9053,56.5341,428,23360,0.859096,0.19,2,351033,350605,428
11425301,39,43,501,24820,0.55,1,1,352646,352145,501
11428221,48.6,35,519,26280,0.454,1,1,352697,352178,519
11431141,44.12,47.8,511,26280,0.3548,1,1,352740,352229,511
11434061,55.224,71.16,492,26280,0.27096,1,1,352798,352306,492
11436981,86.2448,14.232,586,26280,0.270192,1,1,352892,352306,586
11439901,64.449,96.4464,528,27740,0.398038,1,1,352951,352423,528
11442821,69.6898,59.2893,549,27740,0.503608,0.85,1,353022,352473,549
11445741,46.738,80.6579,504,27740,0.620722,0.73,1,353063,352559,504
11448661,32.5476,54.5316,485,27740,0.756144,0.55,2,353092,352607,485
11451581,8.10952,42.1063,448,29200,0.815229,0.43,2,353094,352646,448
11454501,38.4219,49.2213,443,29200,0.891046,0.33,2,353140,352697,443
11531881,22,23,472,26280,0.41,0.63,1,354788,354316,472
11556701,109.2,126.2,451,26280,0.714,0.53,1,354919,354468,451
11559621,57.84,46.04,470,27740,0.8868,0.51,2,354964,354494,470
11637001,90,95,424,23360,0.53,0.01,1,356640,356216,424
11657441,54,55,424,23360,0.674,0.05,1,356685,356261,424
11660361,33.2,30.2,428,24820,0.7348,0.05,1,356713,356285,428
11921701,58,29,450,20440,0.45,0.05,1,361980,361530,450
11924621,51.6,47.4,448,21900,0.578,0.09,1,362030,361582,448
11927541,47.12,43.08,452,21900,0.5876,0.15,1,362076,361624,452
11930461,40.624,45.416,445,21900,0.73352,0.13,1,362115,361670,445
11988861,53,50,504,23360,0.39,1,1,363433,362929,504
11991781,60.2,55.6,509,23360,0.358,1,1,363495,362986,509
11994701,47.24,48.72,506,23360,0.2716,1,1,363539,363033,506
11997621,31.848,44.944,490,23360,0.25432,1,1,363567,363077,490
12000541,83.9696,96.9888,477,23360,0.154864,0.97,1,363664,363187,477
12003461,54.3939,63.3978,469,23360,0.134973,0.75,1,363711,363242,469
12006381,49.2788,62.2796,455,23360,0.194995,0.57,1,363759,363304,455
12009301,63.4558,73.2559,446,23360,0.254999,0.39,1,363826,363380,446
12012221,53.4912,57.0512,444,23360,0.459,0.35,1,363877,363433,444
12015141,57.0982,61.0102,440,23360,0.5318,0.25,1,363935,363495,440
12018061,42.6196,47.402,435,23360,0.67436,0.25,1,363974,363539,435
12020981,29.3239,31.8804,433,23360,0.798872,0.13,2,364000,363567,433
12085221,51,0,538,26280,0.67,1,1,365354,364816,538
12088141,44.6,44,526,26280,0.67,1,1,365397,364871,526
12091061,57.72,60,523,27740,0.59,1,1,365458,364935,523
12093981,91.544,45.6,581,27740,0.558,1,1,365558,364977,581
12096901,46.3088,86.72,519,27740,0.5356,1,1,365593,365074,519
12099821,44.4618,51.744,520,27740,0.54712,0.96,1,365637,365117,520
12102741,10.4924,53.5488,468,29200,0.549424,0.93,1,365639,365171,468
12105661,64.4985,77.9098,462,29200,0.501885,0.75,1,365717,365255,462
12108581,46.4997,53.982,456,29200,0.604377,0.67,1,365759,365303,456
12111501,46.8999,51.5964,452,29200,0.768875,0.67,2,365806,365354,452
12114421,46.18,44.7193,455,30660,0.897775,0.67,2,365852,365397,455
12315901,130,135,427,23360,0.65,0.15,1,369321,368894,427
12397661,105,76,525,21900,0.37,0.37,1,371004,370479,525
12400581,58.6,103.2,462,23360,0.466,0.35,1,371051,370589,462
12403501,46.12,65.44,449,24820,0.5492,0.17,1,371094,370645,449
12406421,50.024,49.888,454,24820,0.77384,0.07,2,371145,370691,454
12409341,46.8048,52.3776,447,24820,0.818768,0.01,2,371191,370744,447
12473581,48,0,560,27740,0.67,1,1,372509,371949,560
12475041,44.8,17.6,582,27740,0.606,1,1,372553,371971,582
12505701,385.76,487.52,448,18980,0.5292,0.29,1,373024,372576,448
12508621,143.552,155.904,458,20440,0.73784,0.13,1,373107,372649,458
12580161,179,167,515,21900,0.21,0.15,1,374771,374256,515
12583081,67,119.8,446,23360,0.274,0.01,1,374810,374364,446
12586001,56.6,63.16,451,24820,0.4148,0.07,1,374864,374413,451
12588921,43.32,51.032,443,24820,0.57096,0.05,1,374904,374461,443
12591841,41.464,44.6064,441,24820,0.634192,0.09,1,374945,374504,441
12594761,25.8928,40.9213,423,24820,0.806838,0.01,2,374967,374544,423
12667761,162,59,612,21900,0.29,0.73,1,376590,375978,612
12670681,70.8,151.8,485,23360,0.37,0.51,1,376638,376153,485
12673601,45.36,74.36,469,24820,0.434,0.33,1,376677,376208,469
12676521,44.272,58.072,459,24820,0.5428,0.23,1,376721,376262,459
12679441,37.6544,49.2144,448,24820,0.64456,0.17,1,376757,376309,448
12682361,25.1309,42.6429,429,24820,0.744912,0.11,1,376779,376350,429
12752441,20,27,464,18980,0.51,0.85,1,378455,377991,464
12755361,37.6,32.6,472,20440,0.526,0.73,1,378497,378025,472
12758281,45.12,41.72,475,21900,0.5292,0.59,1,378544,378069,475
12761201,48.224,52.344,469,23360,0.75384,0.47,2,378593,378124,469
12764121,36.0448,39.2688,466,23360,0.814768,0.53,2,378626,378160,466
12840041,225,198,540,20440,0.21,0.73,1,380392,379852,540
12842961,74.6,122,474,21900,0.258,0.57,1,380429,379955,474
12845881,39.72,60.4,460,21900,0.2836,0.47,1,380460,380000,460
12848801,45.544,47.28,463,21900,0.54472,0.37,1,380507,380044,463
12851721,35.5088,44.656,452,21900,0.692944,0.29,1,380540,380088,452
12907201,47,47,523,21900,0.77,1,2,381861,381338,523
12910121,61.4,37.4,553,21900,0.754,1,2,381926,381373,553
12913041,38.68,59.48,521,21900,0.6868,1,1,381959,381438,521
12915961,49.336,47.096,529,21900,0.60936,1,1,382011,381482,529
12918881,61.8672,59.8192,531,21900,0.417872,1,1,382076,381545,531
12921801,129.973,51.9638,628,21900,0.379574,0.87,1,382223,381595,628
12924721,69.9947,142.393,518,21900,0.467915,0.79,1,382278,381760,518
12927641,48.3989,71.6786,507,21900,0.629583,0.77,1,382321,381814,507
12930561,60.8798,51.9357,524,21900,0.709917,0.75,1,382385,381861,524
12933481,31.376,62.3871,483,21900,0.757983,0.67,2,382409,381926,483
12936401,46.2752,38.8774,500,21900,0.863597,0.59,2,382459,381959,500
12994801,59,64,510,26280,0.67,1,1,383818,383308,510
12997721,47.8,45.6,514,27740,0.526,1,1,383863,383349,514
13000641,32.76,9.12,543,27740,0.5292,1,1,383892,383349,543
13003561,36.952,32.224,543,27740,0.52984,1,1,383930,383387,543
13006481,36.9904,54.4448,520,27740,0.433968,1,1,383967,383447,520
13009401,108.198,46.089,602,29200,0.590794,1,1,384093,383491,602
13012321,32.0396,115.618,482,30660,0.670159,0.79,1,384106,383624,482
13015241,55.2079,90.3236,459,30660,0.814032,0.75,2,384167,383708,459
13018161,51.0416,58.8647,458,30660,0.906806,0.67,2,384217,383759,458
13113061,115,144,440,27740,0.51,0.27,1,385968,385528,440
13215261,78,92,423,23360,0.53,0.01,1,387727,387304,423
13238621,158.8,161.6,423,23360,0.578,0.17,1,387906,387483,423
13241541,104.56,85.12,448,24820,0.8276,0.17,2,387997,387549,448
13333521,82,94,452,20440,0.23,0.63,1,389878,389426,452
13336441,53.2,33.2,480,21900,0.31,0.65,1,389924,389444,480
13339361,45.84,49.04,471,23360,0.454,0.55,1,389968,389497,471
13342281,41.968,42.608,471,24820,0.5628,0.45,1,390009,389538,471
13345201,35.5936,43.7216,461,24820,0.56856,0.33,1,390043,389582,461
13348121,25.5187,46.3443,437,26280,0.681712,0.31,1,390066,389629,437
13351041,49.1037,35.6689,459,26280,0.720342,0.19,1,390121,389662,459
13530621,351,388,426,18980,0.83,0.05,2,394067,393641,426
13591941,48,70,491,23360,0.61,1,1,395395,394904,491
13594861,90.4,92.4,494,23360,0.402,1,1,395496,395002,494
13597781,94.08,99.28,488,23360,0.2164,1,1,395591,395103,488
13600701,53.216,60.656,480,23360,0.25928,1,1,395634,395154,480
13603621,41.8432,48.1312,474,23360,0.315856,0.97,1,395673,395199,474
13606541,40.3686,46.4262,468,23360,0.407171,0.83,1,395713,395245,468
13609461,44.0737,50.0852,462,23360,0.409434,0.63,1,395758,395296,462
13612381,44.0147,50.817,455,23360,0.489887,0.61,1,395802,395347,455
13615301,46.403,48.5634,454,23360,0.617977,0.35,1,395849,395395,454
13618221,74.0806,90.5127,434,23360,0.723595,0.17,1,395930,395496,434
13691221,110,115,485,26280,0.63,1,1,397486,397001,485
13694141,58,23,530,26280,0.662,1,1,397531,397001,530
13697061,63.6,55,532,26280,0.6364,1,1,397596,397064,532
13699981,45.52,55,518,27740,0.58328,0.97,1,397637,397119,518
13702901,48.304,48.6,520,27740,0.652656,0.97,1,397686,397166,520
13705821,47.2608,51.32,515,27740,0.826531,0.99,2,397733,397218,515
13708741,44.6522,46.264,514,27740,0.893306,0.91,2,397777,397263,514
13787581,93,118,421,24820,0.51,0.01,1,399440,399019,421
13810941,107.4,108.4,426,24820,0.526,0.09,1,399551,399125,426
13813861,45.48,38.48,435,26280,0.5932,0.03,1,399581,399146,435
13816781,32.296,26.096,441,27740,0.71864,0.01,1,399610,399169,441
13819701,46.4592,36.4192,452,29200,0.807728,0.11,2,399660,399208,452
14005121,40,44,496,29200,0.57,1,1,402940,402444,496
14008041,57.6,47.2,510,29200,0.522,1,1,403002,402492,510
14010961,43.52,46.24,504,29200,0.5124,1,1,403042,402538,504
14013881,35.904,41.248,498,29200,0.51048,1,1,403076,402578,498
14016801,34.3808,42.6496,489,29200,0.478096,1,1,403110,402621,489
14019721,35.6762,38.1299,488,29200,0.551619,1,1,403146,402658,488
14022641,31.9352,46.826,470,29200,0.614324,0.98,1,403177,402707,470
14025561,35.987,36.5652,473,29200,0.626865,0.69,1,403214,402741,473
14028481,43.9974,60.113,453,29200,0.597373,0.47,1,403260,402807,453
14031401,79.1995,86.4226,448,29200,0.831475,0.57,2,403348,402900,448
14034321,48.6399,49.2845,449,29200,0.862295,0.51,2,403389,402940,449
14101481,44,36,507,29200,0.31,1,1,404518,404011,507
14104401,45.6,39.2,513,29200,0.134,1,1,404564,404051,513
14107321,45.92,40.64,518,29200,0.0348,1,1,404610,404092,518
14139441,407.584,484.128,421,20440,0.06296,0.05,1,405108,404687,421
14142361,167.117,165.626,442,21900,0.292592,0.07,1,405215,404773,442
14145281,110.223,85.1251,473,23360,0.610518,0.07,1,405311,404838,473
14205141,49,24,558,29200,0.75,1,2,406456,405898,558
14237261,409,492.8,447,20440,0.27,0.21,1,406955,406508,447
14240181,145.8,156.16,455,21900,0.318,0.05,1,407035,406580,455
14243101,75.56,87.232,443,23360,0.4076,0.09,1,407093,406650,443
14246021,123.912,135.846,431,24820,0.61752,0.09,1,407229,406798,431
14248941,46.3824,54.3693,424,26280,0.755504,0.01,2,407256,406832,424
14251861,37.2765,40.4739,422,26280,0.911101,0.11,2,407291,406869,422
14340921,72,80,504,23360,0.37,0.82,1,408970,408466,504
14343841,115.2,132,485,24820,0.418,0.81,1,409096,408611,485
14346761,60.64,62.4,487,26280,0.4436,0.75,1,409143,408656,487
14349681,53.728,56.48,484,26280,0.52872,0.69,1,409195,408711,484
14352601,45.9456,52.896,476,27740,0.657744,0.61,1,409239,408763,476
14355521,39.5891,49.7792,465,27740,0.843549,0.55,2,409277,408812,465
14438741,66,71,488,23360,0.37,0.13,1,410819,410331,488
14441661,81.2,116.6,445,24820,0.626,0.05,1,410904,410459,445
14444581,64.24,71.32,445,26280,0.7892,0.03,2,410964,410519,445
14447501,57.648,53.464,452,26280,0.80584,0.03,2,411020,410568,452
14450421,46.7296,54.6928,441,27740,0.921168,0.01,2,411064,410623,441
14514661,68,40,511,29200,0.53,1,1,412214,411703,511
14517581,52,36,524,29200,0.322,1,1,412262,411738,524
14520501,55.2,76,494,29200,0.1364,1,1,412318,411824,494
14523421,47.84,46.4,501,29200,0.03528,1,1,412364,411863,501
14526341,43.968,42.88,502,29200,0.031056,1,1,412407,411905,502
14529261,43.9936,46.176,499,29200,0.0062112,1,1,412451,411952,499
14532181,48.7987,46.8352,502,29200,0.0732422,1,1,412501,411999,502
14535101,37.7597,45.367,492,29200,0.0866485,0.84,1,412536,412044,492
14538021,35.5519,50.6734,475,29200,0.0893297,0.91,1,412571,412096,475
14540941,40.7104,50.1347,467,29200,0.185866,0.53,1,412613,412146,467
14543861,41.7421,64.4269,441,29200,0.189173,0.27,1,412655,412214,441
14546781,37.9484,51.2854,430,29200,0.253835,0.09,1,412692,412262,430
14549701,47.5897,55.0571,424,29200,0.410767,0.01,1,412742,412318,424
14552621,47.1179,47.8114,425,29200,0.378153,0.03,1,412789,412364,425
14555541,44.6236,43.9623,426,29200,0.435631,0,1,412833,412407,426
14558461,43.3247,43.9925,425,29200,0.479126,0.09,1,412876,412451,425
14561381,49.4649,48.7985,426,29200,0.599825,0.09,1,412927,412501,426
14564301,39.493,37.7597,428,29200,0.767965,0.09,2,412964,412536,428
14567221,37.4986,35.5519,430,29200,0.881593,0.21,2,413001,412571,430
14643141,45,47,503,30660,0.83,1,2,414275,413772,503
14646061,50.6,51,503,30660,0.83,1,2,414327,413824,503
14648981,56.52,58.2,501,30660,0.686,1,1,414385,413884,501
14651901,49.704,38.04,516,30660,0.6412,1,1,414433,413917,516
14654821,35.5408,47.608,498,32120,0.56824,1,1,414465,413967,498
14657741,31.1082,43.9216,485,32120,0.537648,1,1,414495,414010,485
14660661,56.6216,63.1843,480,32120,0.49953,1,1,414558,414078,480
14663581,44.9243,12.6369,522,32120,0.523906,0.97,1,414600,414078,522
14666501,47.3849,42.5274,520,32120,0.640781,0.85,1,414648,414128,520
14669421,42.277,52.5055,506,32120,0.744156,0.79,1,414689,414183,506
14672341,42.8554,48.1011,502,33580,0.876831,0.83,2,414732,414230,502
14811041,2,0,438,8760,0.33,0.33,1,418508,418070,438
14865061,77,243,522,18980,0.31,0.67,1,420433,419911,522
14867981,39.4,116.6,467,20440,0.486,0.63,1,420463,419996,467
14870901,35.08,43.32,476,21900,0.6172,0.51,1,420497,420021,476
14873821,38.216,51.064,462,21900,0.75544,0.35,2,420536,420074,462
14948281,106,105,445,18980,0.55,0.09,1,422333,421888,445
14951201,56.4,60.2,440,20440,0.742,0.07,1,422377,421937,440
14954121,40.08,52.04,426,21900,0.9084,0.09,2,422413,421987,426
15032961,99,114,447,18980,0.59,0.13,1,424292,423845,447
15035881,50.2,58,441,20440,0.734,0.09,1,424330,423889,441
15111801,140,162,451,18980,0.85,0.37,2,426180,425729,451
15190641,166,176,453,18980,0.91,0.27,2,428070,427617,453
15249041,48,62,519,23360,0.19,1,1,429327,428808,519
15251961,50.4,49.2,524,23360,0.11,1,1,429378,428854,524
15254881,118.88,145.84,490,23360,0.174,1,1,429514,429024,490
15257801,58.976,61.168,494,23360,0.1708,1,1,429558,429064,494
15260721,45.3952,49.8336,489,23360,0.25016,0.97,1,429600,429111,489
15263641,35.479,49.9667,472,23360,0.218032,0.65,1,429633,429161,472
15266561,39.0958,58.7933,451,23360,0.259606,0.35,1,429673,429222,451
15269481,40.6192,57.3587,435,23360,0.251921,0.19,1,429714,429279,435
15272401,40.1238,49.8717,427,23360,0.234384,0.09,1,429754,429327,427
15275321,48.8248,50.7743,427,23360,0.342877,0.19,1,429805,429378,427
15278241,120.965,118.955,430,23360,0.796575,0.17,2,429944,429514,430
15339561,49,44,524,24820,0.53,1,1,431180,430656,524
15367301,420.2,487.2,439,16060,0.274,0.13,1,431693,431254,439
15370221,268.84,251.04,478,17520,0.7028,0.03,1,431924,431446,478
15451981,39,23,466,17520,0.67,0.51,1,433868,433402,466
15454901,33.4,38.2,456,18980,0.782,0.37,2,433900,433444,456
15457821,41.88,37.24,463,20440,0.8684,0.37,2,433944,433481,463
15460741,36.376,41.848,455,21900,0.90168,0.17,2,433979,433524,455
15532281,84,189,484,18980,0.59,0.11,1,435750,435266,484
15535201,68,105.8,463,20440,0.83,0.01,2,435814,435351,463
15697261,102,76,488,17520,0.85,0.33,2,439408,438920,488
15762961,79,81,498,18980,0.49,0.05,1,441115,440617,498
15765881,53.4,97,444,20440,0.538,0.07,1,441162,440718,444
15768801,39.48,51.4,440,21900,0.6756,0.17,1,441198,440758,440
15841801,76,61,451,17520,0.63,0.13,1,442974,442523,451
15844721,45.6,47.4,445,18980,0.774,0.07,2,443012,442567,445
15847641,41.12,42.28,444,20440,0.8668,0.07,2,443052,442608,444
15925021,89,84,512,18980,0.35,0.15,1,444908,444396,512
15927941,48.2,97.6,449,20440,0.43,0.17,1,444946,444497,449
15930861,32.04,49.92,439,21900,0.574,0.15,1,444974,444535,439
15933781,44.808,31.584,460,23360,0.7148,0.11,1,445022,444562,460
15936701,25.7616,49.5168,427,23360,0.87096,0.23,2,445043,444616,427
16003861,62,50,461,17520,0.45,0.31,1,446753,446292,461
16006781,42.8,47.6,452,18980,0.594,0.17,1,446791,446339,452
16009701,48.56,50.32,451,20440,0.6228,0.13,1,446841,446390,451
16012621,49.712,51.664,449,21900,0.80456,0.15,2,446891,446442,449
16068101,54,50,534,24820,0.03,1,1,448187,447653,534
16071021,50.8,47.6,537,24820,0.03,1,1,448237,447700,537
16073941,46.96,45.52,538,24820,0.046,1,1,448283,447745,538
16076861,33.392,45.904,522,24820,0.0812,1,1,448313,447791,522
16079781,41.8784,40.3808,527,24820,0.02424,1,1,448357,447830,527
16082701,39.5757,48.8762,515,24820,0.092848,1,1,448396,447881,515
16085621,101.515,44.9752,588,24820,0.18657,0.33,1,448513,447925,588
16088541,55.503,130.595,480,24820,0.301314,0.07,1,448557,448077,480
16091461,52.7006,70.919,476,24820,0.324263,0.03,1,448609,448133,476
16094381,49.7401,57.3838,471,24820,0.472853,0.03,1,448658,448187,471
16097301,50.748,51.4768,472,24820,0.66257,0.05,1,448709,448237,472
16100221,34.1496,47.0954,456,24820,0.700514,0.09,1,448739,448283,456
16103141,38.0299,33.4191,465,24820,0.820103,0.01,2,448778,448313,465
16173221,50,39,527,26280,0.83,1,2,450204,449677,527
16176141,42.8,48.6,517,26280,0.814,1,2,450245,449728,517
16179061,87.76,40.12,578,26280,0.6828,1,1,450344,449766,578
16181981,67.152,97.624,528,26280,0.67256,1,1,450406,449878,528
16184901,55.8304,62.7248,527,26280,0.654512,1,1,450459,449932,527
16187821,55.9661,56.545,528,27740,0.698902,1,1,450515,449987,528
16190741,60.7932,60.909,528,27740,0.77178,0.95,2,450577,450049,528
16193661,14.5586,59.3818,472,27740,0.754356,0.89,2,450580,450108,472
16196581,34.9117,48.6764,466,27740,0.830871,0.83,2,450620,450154,466
16405361,127,126,422,23360,0.67,0.05,1,454224,453802,422
16408281,87,43.6,476,24820,0.798,0.07,2,454301,453825,476
16681301,107,57,540,21900,0.51,0.21,1,459837,459297,540
16684221,51.8,117,446,23360,0.622,0.03,1,459875,459429,446
16687141,53.56,62.6,451,23360,0.6924,0.11,1,459929,459478,451
16690061,52.312,55.72,449,23360,0.83448,0.05,2,459981,459532,449
16692981,48.8624,50.344,448,23360,0.910896,0.13,2,460029,459581,448
16748461,121,131,485,23360,0.31,1,1,461253,460768,485
16751381,58.6,54.2,493,23360,0.23,1,1,461296,460803,493
16754301,52.52,47.64,498,23360,0.214,1,1,461347,460849,498
16757221,43.304,45.528,494,23360,0.1148,1,1,461388,460894,494
16760141,43.8608,49.9056,487,23360,0.06296,1,1,461432,460945,487
16763061,46.3722,53.1811,480,23360,0.084592,0.95,1,461479,460999,480
16765981,43.6744,47.4362,477,23360,0.0889184,0.73,1,461522,461045,477
16768901,64.7349,79.0872,460,23360,0.0577837,0.31,1,461592,461132,460
16771821,88.947,112.617,434,23360,0.355557,0.21,1,461687,461253,434
16774741,49.7894,56.9235,431,23360,0.527111,0.21,1,461727,461296,431
16777661,49.9579,52.1847,430,23360,0.785422,0.09,2,461777,461347,430
16780581,37.9916,43.2369,424,23360,0.885084,0.05,2,461812,461388,424
16844821,52,118,535,27740,0.25,1,1,463147,462612,535
16847741,71.2,81.2,539,27740,0.09,1,1,463223,462684,539
16850661,50.24,56.24,534,27740,0.026,1,1,463268,462734,534
16853581,44.448,46.448,533,27740,0.0772,1,1,463311,462778,533
16856501,48.8896,51.6896,530,29200,0.11944,0.93,1,463361,462831,530
16859421,11.3779,54.3379,477,29200,0.127888,0.92,1,463363,462886,477
16862341,33.4756,50.0676,467,29200,0.113578,0.75,1,463402,462935,467
16865261,49.0951,59.6135,458,29200,0.142716,0.35,1,463455,462997,458
16868181,70.619,90.3227,436,30660,0.356543,0.35,1,463531,463095,436
16871101,50.1238,18.0645,481,30660,0.415309,0.25,1,463576,463095,481
16874021,66.8248,45.2129,500,30660,0.507062,0.05,1,463647,463147,500
16876941,46.965,69.8426,466,32120,0.637412,0.01,1,463689,463223,466
16879861,45.393,49.9685,466,32120,0.823482,0.09,2,463734,463268,466
16882781,10.6786,44.3937,425,33580,0.860696,0.13,2,463736,463311,425
16973301,50,68,467,29200,0.37,0.71,1,465440,464973,467
16980601,138,153.6,452,29200,0.386,0.55,1,465600,465148,452
16986441,95.6,100.32,450,29200,0.5812,0.57,1,465685,465235,450
17012721,61.52,63.264,449,29200,0.89224,0.51,2,465738,465289,449
17087181,47,51,479,26280,0.17,0.85,1,467377,466898,479
17109081,56.6,71.8,461,26280,0.09,0.07,1,467436,466975,461
17228801,68,80,447,24820,0.27,0.01,1,469352,468905,447
17231721,100,74.4,482,26280,0.51,0.01,1,469460,468978,482
17234641,63.2,82.88,451,27740,0.59,0.11,1,469514,469063,451
17237561,40.64,48.576,446,27740,0.702,0.13,1,469549,469103,446
17240481,40.128,30.5152,460,27740,0.8844,0,2,469589,469129,460
17243401,26.4256,37.303,444,27740,0.92088,0.17,2,469612,469168,444
17325161,41,40,506,32120,0.73,1,1,471013,470507,506
17328081,47.4,33.6,523,32120,0.666,1,1,471062,470539,523
17331001,38.28,30.72,529,32120,0.5892,1,1,471098,470569,529
17366041,414.856,484.544,440,21900,0.76584,0.31,2,471607,471167,440
17446341,107,102,481,21900,0.63,0.65,1,473264,472783,481
17449261,71,76.4,473,23360,0.694,0.55,1,473326,472853,473
17452181,50.2,53.68,470,24820,0.7228,0.43,1,473371,472901,470
17516421,55,101,524,24820,0.01,1,1,474697,474173,524
17519341,51.8,59.4,526,24820,0.01,1,1,474748,474222,526
17522261,47.96,47.08,529,24820,0.106,1,1,474795,474266,529
17525181,51.192,49.416,531,24820,0.0932,1,1,474847,474316,531
17528101,43.0384,48.2832,524,24820,0.13864,1,1,474888,474364,524
17531021,43.8077,45.6566,523,24820,0.227728,1,1,474932,474409,523
17533941,67.1615,51.5313,543,24820,0.373546,0.63,1,475005,474462,543
17536861,60.6323,82.3063,512,24820,0.546709,0.11,1,475064,474552,512
17539781,55.3265,88.4613,476,24820,0.677342,0.01,1,475118,474642,476
17542701,53.4653,61.6922,474,24820,0.623468,0.01,1,475171,474697,474
17545621,47.4931,53.1384,469,24820,0.724694,0.13,1,475217,474748,469
17548541,55.0986,48.2277,479,24820,0.840939,0.09,2,475274,474795,479
17609861,56,55,525,27740,0.25,1,1,476513,475988,525
17612781,55.2,51.8,529,27740,0.138,1,1,476568,476039,529
17615701,51.04,52.76,526,27740,0.0836,1,1,476618,476092,526
17704761,41,41,562,27740,0.47,1,1,478406,477844,562
17735421,419.4,521.8,434,18980,0.518,0.23,1,478920,478486,434
17910621,133,161,429,18980,0.61,0.11,1,482669,482240,429
17913541,58.6,48.2,449,20440,0.626,0.19,1,482709,482260,449
17916461,30.92,27.24,451,21900,0.6932,0.05,1,482733,482282,451
17993841,160,153,428,18980,0.47,0.13,1,484538,484110,428
17996761,48,41,435,20440,0.502,0.07,1,484558,484123,435
17999681,42.4,19.4,462,21900,0.6364,0.13,1,484599,484137,462
18148601,50,135,538,21900,0.61,1,1,488118,487580,538
18151521,55.6,61.4,552,21900,0.674,1,1,488175,487623,552
18154441,51.92,65.88,536,21900,0.7028,1,1,488226,487690,536
18157361,75.984,67.576,550,21900,0.80456,0.97,2,488308,487758,550
18212841,51,40,537,23360,0.65,1,1,489571,489034,537
18215761,71.8,69.6,537,23360,0.474,1,1,489648,489111,537
18218681,58.36,53.12,543,23360,0.4068,1,1,489703,489160,543
18221601,84.472,72.224,557,23360,0.42536,1,1,489794,489237,557
18224521,53.6944,74.4448,528,24820,0.493072,1,1,489840,489312,528
18227441,72.3389,54.889,555,24820,0.554614,0.91,1,489917,489362,555
18230361,16.0678,82.1778,468,24820,0.566923,0.79,1,489919,489451,468
18233281,53.6136,71.6356,462,24820,0.681385,0.65,1,489982,489520,462
18236201,43.5227,55.1271,452,26280,0.720277,0.43,1,490023,489571,452
18239121,61.5045,72.6254,441,26280,0.744055,0.39,1,490089,489648,441
18242041,58.7009,58.5251,444,26280,0.844811,0.43,2,490147,489703,444
18488781,80,39,549,24820,0.47,1,1,495086,494537,549
18491701,58.4,71,523,24820,0.31,1,1,495139,494616,523
18494621,55.68,55.8,526,24820,0.086,1,1,495194,494668,526
18497541,60.736,51.96,537,24820,0.0172,1,1,495256,494719,537
18500461,50.5472,53.592,531,24820,0.05944,1,1,495304,494773,531
18503381,51.7094,55.5184,527,24820,0.083888,1,1,495356,494829,527
18506301,62.3419,53.5037,539,24820,0.104778,0.8,1,495421,494882,539
18509221,48.4684,70.7007,509,24820,0.124956,0.79,1,495466,494957,509
18512141,59.2937,53.3401,522,24820,0.208991,0.47,1,495528,495006,522
18515061,45.4587,74.668,484,24820,0.273798,0.27,1,495570,495086,484
18517981,45.0917,57.3336,476,24820,0.31876,0.03,1,495615,495139,476
18520901,58.6184,55.4667,483,24820,0.343752,0,1,495677,495194,483
18523821,50.1237,60.6933,469,24820,0.50875,0.07,1,495725,495256,469
18526741,54.0247,50.5387,476,24820,0.50975,0.09,1,495780,495304,476
18529661,63.6049,51.7077,490,24820,0.84595,0.11,2,495846,495356,490
18590981,44,59,542,26280,0.53,1,1,497070,496528,542
18593901,51.2,60.6,534,26280,0.386,1,1,497123,496589,534
18596821,47.84,62.52,518,26280,0.3252,1,1,497170,496652,518
18599741,87.968,46.904,573,27740,0.20104,1,1,497268,496695,573
18602661,51.1936,83.7808,522,27740,0.272208,1,1,497310,496788,522
18605581,39.8387,51.1562,516,27740,0.174442,1,1,497347,496831,516
18608501,47.1677,83.0312,474,27740,0.0588883,0.86,1,497396,496922,474
18611421,41.4335,57.4062,463,29200,0.0517777,0.77,1,497436,496973,463
18614341,46.6867,53.8812,458,29200,0.146356,0.53,1,497484,497026,458
18617261,33.3373,45.9763,444,29200,0.181271,0.35,1,497514,497070,444
18620181,43.4675,51.5953,437,29200,0.204254,0.31,1,497560,497123,437
18623101,47.0935,47.9191,438,29200,0.208851,0.31,1,497608,497170,438
18626021,79.0187,9.58381,525,30660,0.57777,0.17,1,497695,497170,525
18628941,52.6037,80.3168,473,30660,0.859554,0.29,2,497741,497268,473
18716541,86,97,441,26280,0.57,0.55,1,499477,499036,441
18719461,137.2,135.4,446,26280,0.842,0.41,2,499627,499181,446
18742821,39.44,43.88,440,26280,0.8484,0.51,2,499642,499202,440
18846481,21,23,462,24820,0.69,0.79,1,501440,500978,462
18849401,48.2,39.8,473,26280,0.706,0.61,1,501495,501022,473
18931161,75,77,499,23360,0.25,0.65,1,503103,502604,499
18934081,95,114.6,475,24820,0.186,0.41,1,503203,502728,475
18937001,58.2,67.72,468,26280,0.3172,0.25,1,503252,502784,468
18939921,48.44,59.944,456,26280,0.40744,0.19,1,503298,502842,456
18942841,46.488,51.1888,453,26280,0.457488,0.21,1,503344,502891,453
18945761,50.0976,50.2378,454,26280,0.675498,0.15,1,503395,502941,454
18948681,60.4195,28.4476,494,26280,0.815099,0.19,2,503458,502964,494
18951601,13.6839,56.8895,432,26280,0.81102,0.25,2,503460,503028,432
19031901,37,24,451,21900,0.45,0.05,1,505095,504644,451
19034821,46.6,46.4,448,23360,0.514,0.03,1,505144,504696,448
19037741,50.92,50.08,449,24820,0.6068,0.03,1,505196,504747,449
19040661,55.784,31.616,479,24820,0.86536,0.09,2,505253,504774,479
19119501,156,131,526,21900,0.33,0.35,1,506906,506380,526
19122421,63.2,111,460,23360,0.458,0.19,1,506946,506486,460
19125341,51.84,65.4,455,23360,0.6436,0.07,1,506995,506540,455
19128261,44.768,56.28,444,23360,0.74472,0.05,1,507038,506594,444
19201261,231,237,480,18980,0.37,0.73,1,508781,508301,480
19204181,77.4,87.4,469,20440,0.434,0.59,1,508820,508351,469
19207101,61.08,54.28,480,21900,0.5268,0.57,1,508877,508397,480
19210021,49.016,57.256,468,21900,0.65736,0.49,1,508923,508455,468
19212941,31.4032,48.2512,449,21900,0.811472,0.43,2,508950,508501,449
19215861,43.0806,48.8502,446,21900,0.874294,0.43,2,508996,508550,446
19283021,82,241,477,18980,0.73,0.65,1,510703,510226,477
19285941,58,93,473,20440,0.842,0.51,2,510755,510282,473
19361861,98,106,447,18980,0.79,0.19,2,512597,512150,447
19440701,119,129,449,18980,0.87,0.09,2,514499,514050,449
19499101,82,138,484,23360,0.45,1,1,515775,515291,484
19502021,71.6,64.4,507,23360,0.386,1,1,515844,515337,507
19504941,100.72,101.68,504,23360,0.2452,1,1,515952,515448,504
19507861,50.544,54.736,499,23360,0.18504,1,1,515990,515491,499
19510781,44.5088,50.9472,492,23360,0.125008,1,1,516033,515541,492
19513701,35.3018,48.5894,477,23360,0.113002,0.79,1,516066,515589,477
19516621,37.4604,51.3179,463,23360,0.1746,0.69,1,516104,515641,463
19519541,42.6921,51.8636,455,23360,0.15492,0.45,1,516148,515693,455
19522461,64.5384,75.9727,443,23360,0.262984,0.37,1,516218,515775,443
19525381,64.9077,70.3945,439,23360,0.380597,0.21,1,516283,515844,439
19528301,92.1815,100.479,430,23360,0.612119,0.17,1,516382,515952,430
19531221,49.6363,50.4958,431,23360,0.834424,0.11,2,516421,515990,431
19534141,40.3273,44.4992,426,23360,0.926885,0.11,2,516459,516033,426
19598381,140,125,507,24820,0.57,1,1,517841,517334,507
19601301,56,57.8,501,26280,0.554,1,1,517876,517375,501
19604221,33.6,40.36,493,26280,0.6148,1,1,517904,517411,493
19607141,42.72,44.872,492,26280,0.51496,1,1,517949,517457,492
19610061,42.144,52.1744,480,26280,0.478992,1,1,517991,517511,480
19612981,42.0288,10.4349,522,26280,0.471798,1,1,518033,517511,522
19615901,62.8058,38.887,544,26280,0.42236,0.77,1,518101,517557,544
19618821,54.1612,74.1774,513,27740,0.412472,0.69,1,518153,517640,513
19700581,127,147,440,26280,0.67,0.35,1,520032,519592,440
19706421,63.8,70.2,437,26280,0.702,0.21,1,520080,519643,437
19807161,84,62,490,23360,0.15,1,1,521524,521034,490
19999881,129,99,508,21900,0.67,0.45,1,525468,524960,508
20061201,54,45,521,23360,0.33,1,1,526736,526215,521
20064121,49.2,50.6,517,23360,0.282,1,1,526784,526267,517
20067041,101.84,126.12,487,23360,0.3204,1,1,526899,526412,487
20069961,47.568,53.224,486,23360,0.44008,1,1,526933,526447,486
20072881,51.1136,46.6448,493,23360,0.416016,0.99,1,526985,526492,493
20075801,42.2227,60.529,469,23360,0.427203,0.77,1,527025,526556,469
20078721,42.0445,54.5058,458,23360,0.461441,0.53,1,527067,526609,458
20081641,56.4089,69.3012,445,23360,0.580288,0.33,1,527127,526682,445
20084561,47.2818,57.0602,436,23360,0.604058,0.27,1,527172,526736,436
20087481,46.2564,49.812,434,23360,0.688811,0.33,1,527218,526784,434
20148801,61,55,513,26280,0.49,1,1,528537,528024,513
20151721,52.2,51.8,512,26280,0.442,1,1,528587,528075,512
20154641,56.84,57.56,511,26280,0.4004,1,1,528645,528134,511
